82
Amauria_brandeegeana_62                    0.0000000 0.0442105 0.0294421 0.2701617 0.1090611 0.0613982 0.2394820 0.1496348 0.3331585 0.1162809 0.1260976 0.0909754 0.0985164 0.0903396 0.1130158 0.0743495 0.1066209 0.1111319 0.0625655 0.1010768 0.1067590 0.0341699 0.0976801 0.0960058 0.0760041 0.1181728 0.1238702 0.1696547 0.1040406 0.0825850 0.1160431 0.1233110 0.1073552 0.1413140 0.0888113 0.1650166 0.0882749 0.1153360 0.1018736 0.1407476 0.0925017 0.1422081 0.1686083 0.1033641 0.0747822 0.1128610 0.1061488 0.0903207 0.0966786 0.1259235 0.1055001 0.1099141 0.0962441 0.1365789 0.0713645 0.0690424 0.0933638 0.0998352 0.1712611 0.1166416 0.1267875 0.0612353 0.1096720 0.1361649 0.1127378 0.1227804 0.0895043 0.0667569 0.0938094 0.0813175 0.1042173 0.1081948 0.1081627 0.1087642 0.0708485 0.1338990 0.1380957 0.0828697 0.1343829 0.1345994 0.1085680 0.0593155 
Amauria_carterae_99_mesa                   0.0442105 0.0000000 0.0438942 0.2299019 0.0982171 0.0486974 0.1436117 0.1279197 0.2931415 0.0603443 0.0533118 0.0678306 0.0600050 0.0603997 0.0713074 0.0548797 0.1048517 0.1044628 0.0528750 0.0540782 0.0622343 0.0290759 0.0455270 0.0581694 0.0584892 0.0649437 0.0764237 0.1327862 0.0889256 0.0765181 0.0672409 0.0777608 0.0599415 0.0975172 0.0591178 0.1077215 0.0681324 0.0553229 0.0569075 0.0963147 0.0553899 0.0949411 0.1075070 0.0622814 0.0697911 0.0605576 0.0593820 0.0812519 0.0501920 0.0677131 0.0600463 0.0590829 0.0573884 0.1061667 0.0577466 0.0524049 0.0531588 0.0568600 0.0847510 0.1088497 0.1249684 0.0540646 0.0719211 0.0940992 0.0639141 0.0900634 0.0801550 0.0583759 0.0536270 0.0574369 0.0976835 0.0601974 0.0642174 0.0631947 0.0600990 0.0895474 0.1091177 0.0623745 0.0683953 0.1162948 0.0595693 0.1440168 
Amauria_rotundifolia_SRR9119150            0.0294421 0.0438942 0.0000000 0.2875685 0.1044175 0.0660333 0.2422701 0.1473729 0.3408693 0.1247710 0.1338694 0.0879213 0.1054153 0.0791071 0.1127301 0.0857429 0.1054847 0.1063342 0.0556649 0.0952347 0.1087229 0.0439874 0.1021731 0.0931582 0.0721079 0.1234800 0.1322946 0.1678907 0.1138006 0.0823636 0.1132944 0.1242226 0.1106109 0.1396897 0.0853541 0.1642874 0.0921303 0.1175842 0.0949198 0.1366596 0.0894153 0.1323163 0.1679856 0.1050280 0.0655258 0.1181154 0.1112344 0.0933180 0.0913716 0.1329376 0.0987854 0.1193276 0.0951534 0.1425749 0.0686966 0.0651015 0.0934861 0.1102393 0.1613105 0.1246359 0.1251196 0.0600789 0.1180562 0.1331795 0.1205799 0.1126896 0.1011587 0.0644265 0.0956524 0.0917215 0.1082495 0.1136520 0.1055881 0.1107699 0.0695961 0.1196710 0.1395149 0.0811521 0.1315278 0.1384476 0.1115047 0.0653269 
Conoclinium_coelestinum_SRR9119114         0.2701617 0.2299019 0.2875685 0.0000000 0.2638897 0.1575513 0.2490832 0.2101429 0.2938834 0.2520854 0.2122144 0.3028415 0.2524346 0.2915876 0.2676682 0.2310351 0.3038771 0.2995509 0.2872100 0.2784670 0.2564348 0.1234869 0.2414953 0.2962152 0.2428338 0.2696992 0.2612347 0.2833873 0.2467462 0.2408488 0.3014246 0.2266414 0.2586826 0.3004617 0.2780614 0.3012723 0.3067600 0.2496354 0.2766190 0.2945285 0.2752960 0.2881664 0.2956672 0.2643713 0.2559764 0.2532142 0.2496573 0.2225807 0.2234042 0.2644610 0.2850288 0.2576287 0.2759979 0.2847965 0.2397679 0.2771899 0.2748026 0.2490231 0.2635964 0.1893517 0.3066529 0.2238985 0.2656653 0.2822390 0.2680883 0.3127752 0.2551404 0.2337039 0.2498461 0.2519421 0.2564967 0.2566302 0.2915370 0.2637618 0.2368111 0.2931678 0.2693120 0.2946840 0.2718454 0.2778731 0.2466374 0.3265944 
Eutetras_palmeri_63                        0.1090611 0.0982171 0.1044175 0.2638897 0.0000000 0.0070819 0.1869333 0.1194475 0.3170637 0.0962734 0.0838853 0.1002656 0.0939505 0.0937965 0.1020470 0.0869678 0.1166339 0.1082219 0.0811108 0.0928821 0.0959349 0.0301628 0.0863916 0.0978510 0.0795084 0.1080614 0.1153205 0.1637903 0.1218103 0.1128570 0.1266254 0.1062872 0.0971552 0.1138929 0.0958011 0.1318983 0.0970081 0.0966649 0.0956475 0.1143255 0.0919374 0.1145586 0.1324722 0.0964262 0.0983732 0.0940426 0.0947492 0.0975650 0.0958460 0.1092185 0.0997740 0.1006807 0.0948904 0.1253452 0.0700409 0.0843439 0.0883132 0.0929418 0.1136262 0.0921616 0.1458330 0.0846568 0.1125155 0.1266524 0.1049100 0.1183706 0.0948525 0.0520732 0.0910569 0.1018245 0.1244846 0.0991492 0.1006504 0.1008379 0.0733122 0.1201786 0.1203793 0.0866216 0.1038069 0.1095303 0.0931327 0.1039522 
Eutetras_pringlei_149_quer                 0.0613982 0.0486974 0.0660333 0.1575513 0.0070819 0.0000000 0.0957181 0.0845082 0.1719237 0.0438207 0.0460401 0.0657628 0.0564367 0.0581571 0.0716668 0.0470159 0.0756268 0.0581573 0.0461888 0.0566152 0.0604464 0.0356032 0.0535361 0.0627182 0.0567254 0.0796208 0.0738791 0.0536598 0.0697385 0.1023041 0.0722940 0.0525093 0.0659248 0.0705779 0.0601502 0.0724501 0.0659824 0.0566008 0.0547336 0.0704360 0.0587867 0.0724845 0.0702618 0.0654392 1.2719813 0.0601215 0.0582568 0.0589705 0.0502478 0.0659937 0.0622028 0.0748065 0.0585447 0.0722255 0.0697628 0.0489804 0.0585839 0.0585557 0.0489097 0.0478660 0.0709941 0.0633214 0.0794309 0.0619693 0.0798805 0.0775581 0.0568640 0.0617569 0.0568379 0.0648581 0.0765418 0.0641534 0.0638554 0.0639995 0.0610528 0.0828021 0.0681862 0.0574953 0.0620738 0.0558278 0.0553817 0.5873338 
Eutrochium_fistulosum_SRR9119106           0.2394820 0.1436117 0.2422701 0.2490832 0.1869333 0.0957181 0.0000000 0.1637972 0.2802995 0.2412102 0.2331954 0.1871945 0.2378424 0.1730308 0.2537860 0.1653265 0.2032043 0.1898828 0.1715201 0.2369087 0.2356615 0.0758641 0.2262357 0.1856940 0.1625176 0.2452904 0.2522670 0.2372741 0.2485522 0.1832885 0.2073177 0.2583848 0.2384342 0.2405721 0.2397417 0.2649368 0.1921789 0.2253832 0.2302325 0.2344760 0.2184785 0.2412801 0.2712766 0.2390628 0.4851641 0.2373175 0.2298710 0.2175400 0.2467001 0.1974004 0.2370351 0.2428385 0.2292303 0.3432283 0.1567202 0.1710188 0.2305116 0.2341974 0.2243728 0.1592475 0.2638343 0.1619386 0.2493489 0.2367838 0.2473989 0.2230762 0.2278992 0.1643832 0.2319819 0.2096951 0.2537355 0.2320333 0.2387249 0.2378066 0.1643687 0.2699796 0.2455685 0.1884621 0.2542030 0.1721454 0.2231819 0.4893615 
Galeana_pratensis_104_mex                  0.1496348 0.1279197 0.1473729 0.2101429 0.1194475 0.0845082 0.1637972 0.0000000 0.2607065 0.1284782 0.1340685 0.1470205 0.1433229 0.1406702 0.1587948 0.1236448 0.1688426 0.1538161 0.1339528 0.1473997 0.1452854 0.0424902 0.1336506 0.1449019 0.1387758 0.1400794 0.1476776 0.1510476 0.1623283 0.1327283 0.1731126 0.1383277 0.1511397 0.1619987 0.1501552 0.1517124 0.1519988 0.1392802 0.1407152 0.1576929 0.1391090 0.1618722 0.1505753 0.1470920 0.1897551 0.1399470 0.1422828 0.1544784 0.1468757 0.1512452 0.1470062 0.1364691 0.1408959 0.1620091 0.1119030 0.1272102 0.1407284 0.1418481 0.1392280 0.1228548 0.1619896 0.0961158 0.1515775 0.1483684 0.1429931 0.1819407 0.1367891 0.1127519 0.1430153 0.1428027 0.1702689 0.1461390 0.1525563 0.1482849 0.0970076 0.1854289 0.1646781 0.1391080 0.1459006 0.1588808 0.1404605 0.2396246 
Helianthus_annuus_SRR9119062               0.3331585 0.2931415 0.3408693 0.2938834 0.3170637 0.1719237 0.2802995 0.2607065 0.0000000 0.2759278 0.3186252 0.3220686 0.3244526 0.3476663 0.3414015 0.2914399 0.3079273 0.3066399 0.2852028 0.3143851 0.3305570 0.0870118 0.3288592 0.2843691 0.2795253 0.3377929 0.3452072 0.3804338 0.3191299 0.2300157 0.3316669 0.3214926 0.3248549 0.3517317 0.3035776 0.3638059 0.3207766 0.3609249 0.3238766 0.3432994 0.3623685 0.3338536 0.3668854 0.3241477 0.3934437 0.3329212 0.3286213 0.2767141 0.3079375 0.3357410 0.3336527 0.3304936 0.3244458 0.3570039 0.1761634 0.2365495 0.3154596 0.3324498 0.2943704 0.2344383 0.3591907 0.1942853 0.3304780 0.3617926 0.3301965 0.3319267 0.3296555 0.1661904 0.3059378 0.3186811 0.3065826 0.3351969 0.3300477 0.3326556 0.1923965 0.3486541 0.3536246 0.2571340 0.3397719 0.3227777 0.3227596 0.3431694 
Pericome_caudata_50_silver                 0.1162809 0.0603443 0.1247710 0.2520854 0.0962734 0.0438207 0.2412102 0.1284782 0.2759278 0.0000000 0.1125613 0.0796362 0.0778587 0.0819214 0.0986385 0.0636863 0.1026299 0.0950474 0.0569718 0.0869554 0.0833810 0.0216611 0.0817436 0.0746657 0.0799093 0.1024771 0.1159978 0.1414813 0.0791000 0.0780703 0.1152782 0.1165731 0.0848377 0.1486826 0.0691601 0.1794002 0.0841215 0.0959940 0.0835749 0.1417587 0.0692657 0.1223358 0.1747728 0.0925508 0.0741911 0.1053524 0.0886991 0.0970836 0.0868547 0.1083283 0.0829939 0.0975260 0.0726023 0.1265037 0.0604183 0.0537389 0.0675944 0.0908723 0.1376773 0.0911127 0.1266365 0.0529700 0.1041439 0.1471940 0.0988523 0.1040680 0.0954864 0.0594222 0.0761742 0.0763232 0.0810186 0.0878776 0.0822010 0.0877720 0.0708695 0.1181114 0.1366360 0.0711721 0.1283752 0.1252590 0.0926156 0.0825622 
Perityle_aglossa_84_dead_horse             0.1260976 0.0533118 0.1338694 0.2122144 0.0838853 0.0460401 0.2331954 0.1340685 0.3186252 0.1125613 0.0000000 0.0464408 0.0349588 0.0183512 0.0611345 0.0610460 0.0958010 0.0901233 0.0292861 0.0487206 0.0249143 0.0108094 0.0052195 0.0232964 0.0224396 0.0347603 0.0902027 0.1761186 0.0766012 0.0744632 0.1040410 0.1418084 0.0497780 0.1406775 0.0512307 0.1868523 0.0704675 0.0169472 0.0337751 0.1392070 0.0082832 0.1052352 0.1931388 0.0350318 0.0350113 0.0634887 0.0387106 0.1062387 0.0308049 0.0684651 0.0366680 0.0545283 0.0284891 0.1338234 0.0357435 0.0308361 0.0175945 0.0565836 0.1253586 0.0868212 0.1415443 0.0310631 0.0381243 0.1481547 0.0535080 0.1456731 0.1039197 0.0407311 0.0456670 0.0425730 0.0856110 0.0414522 0.0432591 0.0196245 0.0361318 0.1246991 0.1617006 0.0581777 0.0816474 0.1191104 0.0206487 0.0899243 
Perityle_ajoensis_204                      0.0909754 0.0678306 0.0879213 0.3028415 0.1002656 0.0657628 0.1871945 0.1470205 0.3220686 0.0796362 0.0464408 0.0000000 0.0275814 0.0271175 0.0458052 0.0305115 0.1058674 0.1030265 0.0186067 0.0313863 0.0228311 0.0167262 0.0081537 0.0344792 0.0175017 0.0483380 0.0566286 0.1674593 0.0969320 0.0849540 0.1180782 0.0951466 0.0377816 0.1180905 0.0373076 0.1203903 0.0435052 0.0275471 0.0291958 0.1151850 0.0086738 0.0967852 0.1228847 0.0220645 0.0530202 0.0208091 0.0199214 0.0863199 0.0201781 0.0528709 0.0087390 0.0413273 0.0177886 0.1185765 0.0503033 0.0338843 0.0041705 0.0192414 0.1083157 0.1038214 0.1088171 0.0497028 0.0407319 0.1235215 0.0440345 0.0964819 0.0973912 0.0415705 0.0342916 0.0101459 0.0974412 0.0087047 0.0108899 0.0080154 0.0315267 0.0950001 0.1260152 0.0217208 0.0365311 0.1170698 0.0203073 0.0577633 
Perityle_ambrosiifolia_67_green            0.0985164 0.0600050 0.1054153 0.2524346 0.0939505 0.0564367 0.2378424 0.1433229 0.3244526 0.0778587 0.0349588 0.0275814 0.0000000 0.0342800 0.0459252 0.0292578 0.1026253 0.1021176 0.0181464 0.0327290 0.0242747 0.0095135 0.0079019 0.0344246 0.0237026 0.0437967 0.0598542 0.1523277 0.0889121 0.0914474 0.1079237 0.0965186 0.0363415 0.1179430 0.0352715 0.1508457 0.0442498 0.0139679 0.0141500 0.1163007 0.0181635 0.1007401 0.1541394 0.0238498 0.0415017 0.0316330 0.0242671 0.0815746 0.0124827 0.0672499 0.0238588 0.0392629 0.0222406 0.1200043 0.0417841 0.0298215 0.0165183 0.0304279 0.1169939 0.1091298 0.1223767 0.0427347 0.0347756 0.1237879 0.0421868 0.1050266 0.0902699 0.0378414 0.0304618 0.0242724 0.0883526 0.0248701 0.0265029 0.0237110 0.0429509 0.0916944 0.1183172 0.0284755 0.0522985 0.1241218 0.0241277 0.0494183 
Perityle_angustifolia_13_Eagle_creek       0.0903396 0.0603997 0.0791071 0.2915876 0.0937965 0.0581571 0.1730308 0.1406702 0.3476663 0.0819214 0.0183512 0.0271175 0.0342800 0.0000000 0.0530840 0.0388191 0.0954481 0.0993177 0.0177994 0.0429708 0.0200346 0.0119028 0.0205944 0.0354966 0.0126099 0.0589658 0.0636153 0.1597954 0.0835108 0.0789614 0.0956627 0.1084716 0.0420572 0.1092774 0.0290856 0.1169528 0.0460317 0.0344131 0.0345624 0.1079517 0.0122532 0.0956644 0.1171037 0.0339122 0.0432689 0.0189377 0.0194554 0.0905819 0.0241790 0.0469480 0.0257226 0.0522692 0.0155484 0.1177128 0.0401962 0.0264462 0.0091076 0.0184063 0.0932819 0.0944291 0.1248646 0.0392285 0.0511394 0.1222646 0.0563083 0.1003374 0.0876392 0.0362065 0.0366314 0.0264956 0.0997802 0.0263252 0.0301558 0.0273395 0.0248433 0.1003859 0.1217127 0.0215261 0.0413232 0.1042100 0.0183314 0.0832471 
Perityle_batopilensis_97                   0.1130158 0.0713074 0.1127301 0.2676682 0.1020470 0.0716668 0.2537860 0.1587948 0.3414015 0.0986385 0.0611345 0.0458052 0.0459252 0.0530840 0.0000000 0.0228667 0.1093246 0.1089663 0.0246278 0.0311676 0.0469250 0.0192308 0.0355599 0.0521067 0.0453165 0.0605252 0.0816637 0.1745681 0.0963382 0.1033546 0.1154431 0.1181111 0.0338699 0.1302253 0.0334218 0.1778257 0.0131688 0.0454541 0.0463560 0.1285333 0.0395597 0.1192176 0.1806454 0.0457443 0.0425679 0.0676770 0.0447666 0.0981275 0.0475706 0.0641960 0.0478536 0.0554713 0.0443196 0.1270482 0.0581802 0.0380054 0.0379109 0.0601320 0.1444178 0.1117902 0.1326161 0.0453987 0.0562553 0.1414833 0.0570717 0.1200082 0.1006053 0.0315228 0.0303428 0.0456282 0.0984529 0.0472766 0.0492320 0.0464888 0.0586199 0.1202754 0.1419689 0.0452212 0.0934731 0.1322986 0.0454527 0.0535316 
Perityle_bisetosa_9                        0.0743495 0.0548797 0.0857429 0.2310351 0.0869678 0.0470159 0.1653265 0.1236448 0.2914399 0.0636863 0.0610460 0.0305115 0.0292578 0.0388191 0.0228667 0.0000000 0.0994908 0.0910209 0.0048484 0.0026435 0.0287884 0.0023723 0.0155025 0.0386250 0.0367264 0.0367599 0.0462525 0.1627527 0.0814643 0.0744809 0.1189873 0.0800311 0.0112499 0.1120275 0.0123249 0.1345823 0.0265704 0.0257205 0.0267060 0.1080050 0.0241969 0.0882701 0.1327082 0.0278185 0.0300509 0.0276750 0.0270127 0.0721178 0.0262880 0.0266797 0.0287717 0.0320651 0.0274938 0.1073327 0.0352080 0.0218716 0.0202877 0.0257894 0.0982414 0.0960098 0.0987277 0.0276473 0.0495654 0.1161919 0.0327643 0.0817404 0.0874642 0.0174295 0.0054295 0.0284261 0.0789254 0.0279640 0.0322960 0.0262282 0.0202761 0.0806649 0.1060144 0.0310303 0.0360133 0.1038393 0.0267462 0.0466162 
Perityle_californica_76_positas            0.1066209 0.1048517 0.1054847 0.3038771 0.1166339 0.0756268 0.2032043 0.1688426 0.3079273 0.1026299 0.0958010 0.1058674 0.1026253 0.0954481 0.1093246 0.0994908 0.0000000 0.1195690 0.0716118 0.0974893 0.1011179 0.0362175 0.0933502 0.0975703 0.0786899 0.1133352 0.1175899 0.1498594 0.0985563 0.0924233 0.0543596 0.1295955 0.1009459 0.1313260 0.0828215 0.1343262 0.1088380 0.1094558 0.0968106 0.1293436 0.0870832 0.1262115 0.1335107 0.0996624 0.0821122 0.1017154 0.1005511 0.1077626 0.0827257 0.0997398 0.1009476 0.1096869 0.0953432 0.1527406 0.0863407 0.0698294 0.0950610 0.1003354 0.1228565 0.1086516 0.1352594 0.0688255 0.1135597 0.1348528 0.1124453 0.1166673 0.1067215 0.0652488 0.0882154 0.1085700 0.1104046 0.1079500 0.1053281 0.1063401 0.0764659 0.1227656 0.1365802 0.0821339 0.0968339 0.1610772 0.1023103 0.0729114 
Perityle_canescens_77                      0.1111319 0.1044628 0.1063342 0.2995509 0.1082219 0.0581573 0.1898828 0.1538161 0.3066399 0.0950474 0.0901233 0.1030265 0.1021176 0.0993177 0.1089663 0.0910209 0.1195690 0.0000000 0.0863253 0.0980796 0.0991383 0.0380556 0.0897652 0.1028564 0.0866626 0.1105902 0.1124364 0.0736544 0.1173830 0.1098639 0.1453362 0.1043344 0.1014838 0.0837765 0.0997323 0.0645179 0.1057602 0.1071669 0.1011346 0.0800662 0.0976124 0.0796812 0.0623442 0.0981659 0.0704674 0.0965885 0.0976780 0.0686527 0.0963873 0.1030182 0.1019849 0.1064719 0.0955110 0.0435516 0.0931960 0.0871555 0.0920179 0.0966459 0.0523771 0.0652906 0.0414305 0.0890154 0.1102523 0.0443613 0.1087070 0.1149081 0.0489471 0.0870171 0.0958346 0.1020975 0.1262493 0.1025436 0.1053382 0.1005359 0.0959714 0.1197057 0.0427952 0.0968013 0.1076432 0.0481401 0.0964239 0.0926759 
Perityle_castillonii_96                    0.0625655 0.0528750 0.0556649 0.2872100 0.0811108 0.0461888 0.1715201 0.1339528 0.2852028 0.0569718 0.0292861 0.0186067 0.0181464 0.0177994 0.0246278 0.0048484 0.0716118 0.0863253 0.0000000 0.0090434 0.0134587 0.0023966 0.0079529 0.0266158 0.0189934 0.0348366 0.0425383 0.1318047 0.0791791 0.0770921 0.0881592 0.0739621 0.0131965 0.0812965 0.0095407 0.0889278 0.0217097 0.0181066 0.0178259 0.0820232 0.0106707 0.0777768 0.0884764 0.0178410 0.0291592 0.0120810 0.0133181 0.0668877 0.0175911 0.0293696 0.0194786 0.0283606 0.0112129 0.0967763 0.0325384 0.0157488 0.0089753 0.0116534 0.0918496 0.0821685 0.0939603 0.0269965 0.0315658 0.0946566 0.0322186 0.0735272 0.0602455 0.0159205 0.0082289 0.0186766 0.0783040 0.0176721 0.0206745 0.0184519 0.0276095 0.0736809 0.0931061 0.0159080 0.0257135 0.0976855 0.0129503 0.0371409 
Perityle_cernua_84                         0.1010768 0.0540782 0.0952347 0.2784670 0.0928821 0.0566152 0.2369087 0.1473997 0.3143851 0.0869554 0.0487206 0.0313863 0.0327290 0.0429708 0.0311676 0.0026435 0.0974893 0.0980796 0.0090434 0.0000000 0.0325283 0.0023891 0.0234815 0.0395419 0.0301876 0.0449589 0.0674430 0.1526714 0.0865381 0.0834852 0.1061653 0.1140545 0.0137801 0.1169483 0.0114117 0.1603692 0.0246298 0.0355755 0.0331316 0.1137605 0.0284053 0.1039642 0.1607426 0.0325882 0.0286607 0.0544469 0.0324932 0.0804424 0.0326881 0.0487722 0.0328663 0.0405127 0.0298536 0.1145906 0.0377315 0.0243431 0.0251551 0.0466979 0.1303041 0.0939737 0.1216910 0.0304910 0.0428936 0.1268535 0.0430057 0.1046627 0.0851290 0.0157025 0.0068215 0.0302376 0.0877899 0.0334973 0.0346689 0.0337526 0.0434061 0.1105322 0.1381914 0.0328981 0.0788138 0.1201717 0.0316304 0.0422582 
Perityle_cfvillosa_25_tin                  0.1067590 0.0622343 0.1087229 0.2564348 0.0959349 0.0604464 0.2356615 0.1452854 0.3305570 0.0833810 0.0249143 0.0228311 0.0242747 0.0200346 0.0469250 0.0287884 0.1011179 0.0991383 0.0134587 0.0325283 0.0000000 0.0166899 0.0115234 0.0339842 0.0110742 0.0463865 0.0730081 0.1566265 0.0869560 0.0811272 0.1064382 0.1063063 0.0362139 0.1148320 0.0319017 0.1603583 0.0466857 0.0253380 0.0247668 0.1147385 0.0027836 0.1030738 0.1637328 0.0228864 0.0467168 0.0254300 0.0059659 0.0853467 0.0203176 0.0698009 0.0184073 0.0408701 0.0082614 0.1139633 0.0459011 0.0297558 0.0031547 0.0179599 0.1223778 0.0965722 0.1224407 0.0427337 0.0348781 0.1279466 0.0436352 0.1153662 0.0814110 0.0415990 0.0304341 0.0193382 0.0881964 0.0174233 0.0193716 0.0173955 0.0267496 0.1032822 0.1239648 0.0207382 0.0686170 0.1171355 0.0054729 0.0536134 
Perityle_cinerea_113_Powell1310            0.0341699 0.0290759 0.0439874 0.1234869 0.0301628 0.0356032 0.0758641 0.0424902 0.0870118 0.0216611 0.0108094 0.0167262 0.0095135 0.0119028 0.0192308 0.0023723 0.0362175 0.0380556 0.0023966 0.0023891 0.0166899 0.0000000 0.0071968 0.0167363 0.0119403 0.0313061 0.0240544 0.0376349 0.0469950 0.0631289 0.0361488 0.0293118 0.0119318 0.0532521 0.0047490 0.0555759 0.0168022 0.0095435 0.0119896 0.0507674 0.0120174 0.0506091 0.0528706 0.0147269 9.0000000 0.0142967 0.0119296 0.0535131 0.0084521 0.0095825 0.0143100 0.0243899 0.0120064 0.0439673 0.0314504 0.0072717 0.0119673 0.0119524 0.0381423 0.0604342 0.0409904 0.0265323 0.0191772 0.0374462 0.0289070 0.0391223 0.0284510 0.0231032 0.0023776 0.0143100 0.0516503 0.0143423 0.0143100 0.0143100 0.0121421 0.0414681 0.0504319 0.0143419 0.0118993 0.0427072 0.0119028 0.6302440 
Perityle_coahuilensis_24                   0.0976801 0.0455270 0.1021731 0.2414953 0.0863916 0.0535361 0.2262357 0.1336506 0.3288592 0.0817436 0.0052195 0.0081537 0.0079019 0.0205944 0.0355599 0.0155025 0.0933502 0.0897652 0.0079529 0.0234815 0.0115234 0.0071968 0.0000000 0.0222343 0.0037651 0.0337678 0.0607898 0.1586784 0.0737393 0.0767662 0.0969791 0.1107630 0.0253021 0.1184723 0.0268075 0.1697703 0.0335317 0.0024800 0.0031780 0.1117805 0.0057101 0.0954098 0.1726779 0.0131251 0.0308908 0.0322765 0.0108582 0.0735786 0.0022515 0.0437913 0.0037625 0.0296858 0.0089933 0.1101376 0.0339884 0.0179406 0.0023058 0.0263516 0.1164678 0.0934490 0.1137865 0.0314660 0.0248794 0.1264517 0.0328679 0.1037025 0.0827883 0.0336074 0.0215261 0.0027075 0.0803367 0.0073813 0.0076105 0.0060501 0.0265762 0.1051390 0.1331041 0.0112623 0.0630819 0.1136503 0.0107482 0.0425166 
Perityle_cochisensis_44_cave_creek         0.0960058 0.0581694 0.0931582 0.2962152 0.0978510 0.0627182 0.1856940 0.1449019 0.2843691 0.0746657 0.0232964 0.0344792 0.0344246 0.0354966 0.0521067 0.0386250 0.0975703 0.1028564 0.0266158 0.0395419 0.0339842 0.0167363 0.0222343 0.0000000 0.0288813 0.0499829 0.0609993 0.1561215 0.0961493 0.0871590 0.1192130 0.0978196 0.0435014 0.1270628 0.0405011 0.1284451 0.0475252 0.0344735 0.0320444 0.1231538 0.0284614 0.1014032 0.1289669 0.0295711 0.0356448 0.0326981 0.0329412 0.0892186 0.0308460 0.0553217 0.0321208 0.0462004 0.0288549 0.1289139 0.0445749 0.0307283 0.0204847 0.0309380 0.1175190 0.1062011 0.1246644 0.0375462 0.0426952 0.1339448 0.0484614 0.1017647 0.1033075 0.0434252 0.0413234 0.0341648 0.0996210 0.0342424 0.0371701 0.0352120 0.0396109 0.1025612 0.1360665 0.0292449 0.0357546 0.1147920 0.0327898 0.0688092 
Perityle_congesta_202                      0.0760041 0.0584892 0.0721079 0.2428338 0.0795084 0.0567254 0.1625176 0.1387758 0.2795253 0.0799093 0.0224396 0.0175017 0.0237026 0.0126099 0.0453165 0.0367264 0.0786899 0.0866626 0.0189934 0.0301876 0.0110742 0.0119403 0.0037651 0.0288813 0.0000000 0.0359346 0.0572109 0.1542902 0.0837636 0.0734541 0.1063952 0.0798864 0.0356903 0.0964709 0.0357414 0.1129753 0.0464805 0.0165768 0.0254207 0.0966527 0.0042582 0.0908790 0.1158822 0.0279986 0.0406380 0.0164154 0.0173335 0.0904731 0.0233478 0.0431565 0.0135162 0.0421670 0.0135359 0.1085577 0.0387420 0.0303059 0.0084695 0.0159296 0.0950735 0.0799765 0.1012106 0.0359033 0.0443391 0.1023104 0.0456344 0.0909325 0.0680987 0.0389337 0.0307825 0.0195123 0.0841852 0.0172777 0.0163248 0.0101191 0.0150114 0.0829437 0.1076779 0.0249263 0.0347274 0.1026886 0.0081561 0.0522366 
Perityle_cordifolia_27                     0.1181728 0.0649437 0.1234800 0.2696992 0.1080614 0.0796208 0.2452904 0.1400794 0.3377929 0.1024771 0.0347603 0.0483380 0.0437967 0.0589658 0.0605252 0.0367599 0.1133352 0.1105902 0.0348366 0.0449589 0.0463865 0.0313061 0.0337678 0.0499829 0.0359346 0.0000000 0.0837705 0.1839711 0.0948284 0.1056439 0.1100651 0.1355848 0.0489781 0.1442171 0.0505857 0.1958933 0.0563870 0.0470622 0.0450852 0.1365488 0.0399595 0.1190205 0.1987638 0.0417686 0.0443767 0.0680011 0.0434020 0.0938071 0.0404835 0.0704382 0.0454813 0.0039458 0.0426334 0.1298811 0.0606463 0.0363689 0.0337206 0.0607351 0.1473033 0.1161112 0.1393266 0.0057269 0.0539084 0.1509358 0.0107394 0.1156062 0.1054673 0.0491347 0.0430910 0.0422804 0.0991983 0.0447034 0.0463558 0.0422288 0.0659782 0.1253265 0.1597525 0.0434346 0.0843626 0.1346722 0.0431486 0.0472153 
Perityle_cordifolia_68_tecolote            0.1238702 0.0764237 0.1322946 0.2612347 0.1153205 0.0738791 0.2522670 0.1476776 0.3452072 0.1159978 0.0902027 0.0566286 0.0598542 0.0636153 0.0816637 0.0462525 0.1175899 0.1124364 0.0425383 0.0674430 0.0730081 0.0240544 0.0607898 0.0609993 0.0572109 0.0837705 0.0000000 0.1879572 0.1051858 0.0914939 0.1215983 0.1304439 0.0694459 0.1558050 0.0663354 0.1865581 0.0642804 0.0723970 0.0696888 0.1544712 0.0615376 0.1443233 0.1840593 0.0711673 0.0535217 0.0782524 0.0693289 0.1010838 0.0750638 0.0825306 0.0730608 0.0796100 0.0640370 0.1398957 0.0095199 0.0418705 0.0597911 0.0709978 0.1576002 0.1005445 0.1443251 0.0454449 0.0880862 0.1606993 0.0816558 0.1263493 0.1113615 0.0498091 0.0656020 0.0525437 0.1059039 0.0697677 0.0721022 0.0728941 0.0680422 0.1363303 0.1485938 0.0532461 0.1005601 0.1336687 0.0704452 0.0682314 
Perityle_coronopifolia_28_patagonia        0.1696547 0.1327862 0.1678907 0.2833873 0.1637903 0.0536598 0.2372741 0.1510476 0.3804338 0.1414813 0.1761186 0.1674593 0.1523277 0.1597954 0.1745681 0.1627527 0.1498594 0.0736544 0.1318047 0.1526714 0.1566265 0.0376349 0.1586784 0.1561215 0.1542902 0.1839711 0.1879572 0.0000000 0.1564147 0.1246608 0.1377552 0.1762258 0.1677665 0.1305184 0.1350219 0.1444357 0.1717890 0.1813110 0.1579992 0.1305062 0.1370153 0.1215949 0.1461369 0.1584559 0.1815193 0.1721164 0.1586279 0.0913000 0.1465268 0.1962568 0.1535782 0.1704016 0.1495545 0.0729361 0.0931964 0.1160756 0.1391958 0.1609069 0.0350570 0.0611736 0.0960337 0.0954745 0.1702014 0.0402646 0.1782700 0.1767237 0.0841875 0.0929176 0.1552551 0.1522600 0.1560828 0.1648402 0.1574113 0.1675430 0.0979014 0.1816029 0.0752678 0.1074556 0.1920548 0.0944732 0.1653255 0.1798829 
Perityle_crassifolia_70_ventanas           0.1040406 0.0889256 0.1138006 0.2467462 0.1218103 0.0697385 0.2485522 0.1623283 0.3191299 0.0791000 0.0766012 0.0969320 0.0889121 0.0835108 0.0963382 0.0814643 0.0985563 0.1173830 0.0791791 0.0865381 0.0869560 0.0469950 0.0737393 0.0961493 0.0837636 0.0948284 0.1051858 0.1564147 0.0000000 0.0262981 0.1177781 0.0761166 0.0882195 0.1351519 0.0871487 0.1644728 0.1012959 0.0842141 0.0900145 0.1344108 0.0819974 0.1291616 0.1655211 0.0900523 0.0698423 0.0858259 0.0865090 0.1137918 0.0881574 0.1150179 0.0919003 0.0917653 0.0874879 0.1263629 0.0839628 0.0842471 0.0796378 0.0847823 0.1224501 0.1386852 0.1353080 0.0820959 0.0991573 0.1322690 0.0957993 0.1134353 0.0917368 0.0748778 0.0807275 0.0878900 0.0156827 0.0855872 0.0925324 0.0899533 0.0828222 0.1044497 0.1218739 0.0853798 0.1183601 0.1397572 0.0882699 0.0715620 
Perityle_crassifolia_74_playa_balandra     0.0825850 0.0765181 0.0823636 0.2408488 0.1128570 0.1023041 0.1832885 0.1327283 0.2300157 0.0780703 0.0744632 0.0849540 0.0914474 0.0789614 0.1033546 0.0744809 0.0924233 0.1098639 0.0770921 0.0834852 0.0811272 0.0631289 0.0767662 0.0871590 0.0734541 0.1056439 0.0914939 0.1246608 0.0262981 0.0000000 0.0906288 0.0752469 0.0899246 0.1199553 0.0849188 0.1271047 0.1009270 0.0900738 0.0888158 0.1165312 0.0756429 0.1234259 0.1257557 0.0884151 9.0000000 0.0795327 0.0796779 0.1042619 0.0850113 0.0863801 0.0832128 0.1014384 0.0803857 0.1296046 0.0902409 0.0785781 0.0741731 0.0754311 0.1182311 0.0864317 0.1553422 0.0994916 0.0993561 0.1260259 0.1073352 0.1019410 0.0828713 0.1339190 0.0812269 0.0857448 0.0347894 0.0823545 0.0846197 0.0886116 0.0820986 0.1029643 0.1261352 0.0793693 0.0906079 0.1110016 0.0848424 0.5128235 
Perityle_cuneata_34_cuneata_San_antonio    0.1160431 0.0672409 0.1132944 0.3014246 0.1266254 0.0722940 0.2073177 0.1731126 0.3316669 0.1152782 0.1040410 0.1180782 0.1079237 0.0956627 0.1154431 0.1189873 0.0543596 0.1453362 0.0881592 0.1061653 0.1064382 0.0361488 0.0969791 0.1192130 0.1063952 0.1100651 0.1215983 0.1377552 0.1177781 0.0906288 0.0000000 0.1485197 0.1071938 0.1377344 0.0907750 0.1394248 0.1191172 0.1067695 0.1086154 0.1413327 0.0817670 0.1360911 0.1440168 0.1064102 0.5334863 0.1048735 0.1028789 0.1295119 0.0949344 0.1126288 0.1099869 0.1066615 0.1045875 0.1556923 0.0906754 0.0966423 0.1011367 0.1021680 0.1068566 0.1089735 0.1794037 0.1039023 0.1203177 0.1394675 0.1082246 0.1371952 0.1173364 0.1093041 0.0914016 0.1135151 0.1326131 0.1121013 0.1116484 0.1098952 0.0921836 0.1295276 0.1436313 0.1132713 0.1085914 0.1359780 0.1097282 0.4634596 
Perityle_cuneata_4                         0.1233110 0.0777608 0.1242226 0.2266414 0.1062872 0.0525093 0.2583848 0.1383277 0.3214926 0.1165731 0.1418084 0.0951466 0.0965186 0.1084716 0.1181111 0.0800311 0.1295955 0.1043344 0.0739621 0.1140545 0.1063063 0.0293118 0.1107630 0.0978196 0.0798864 0.1355848 0.1304439 0.1762258 0.0761166 0.0752469 0.1485197 0.0000000 0.1058120 0.1584132 0.0956064 0.1884113 0.0994824 0.1258620 0.1071794 0.1502163 0.0850201 0.1363469 0.1819156 0.1190532 0.0591120 0.1231836 0.1125314 0.0936974 0.1017190 0.1171098 0.1077261 0.1264546 0.1007565 0.1283721 0.0693465 0.0616622 0.0948659 0.1118765 0.1586718 0.1176511 0.1322969 0.0661721 0.1194706 0.1583475 0.1303084 0.1185785 0.0977616 0.0617907 0.0957144 0.0861377 0.0762485 0.1077622 0.1047058 0.1101333 0.0652943 0.1297146 0.1643989 0.0885406 0.1571343 0.1333853 0.1213848 0.0652682 
Perityle_dissecta_201                      0.1073552 0.0599415 0.1106109 0.2586826 0.0971552 0.0659248 0.2384342 0.1511397 0.3248549 0.0848377 0.0497780 0.0377816 0.0363415 0.0420572 0.0338699 0.0112499 0.1009459 0.1014838 0.0131965 0.0137801 0.0362139 0.0119318 0.0253021 0.0435014 0.0356903 0.0489781 0.0694459 0.1677665 0.0882195 0.0899246 0.1071938 0.1058120 0.0000000 0.1217515 0.0165081 0.1741229 0.0327972 0.0353777 0.0367097 0.1232000 0.0299214 0.1096671 0.1770076 0.0359721 0.0347795 0.0559104 0.0361441 0.0886475 0.0351624 0.0461911 0.0370402 0.0437115 0.0349615 0.1206528 0.0416405 0.0279346 0.0287067 0.0493411 0.1338307 0.1081598 0.1264761 0.0331437 0.0462881 0.1387738 0.0450416 0.1091918 0.0933238 0.0190441 0.0127349 0.0348296 0.0898439 0.0362644 0.0379782 0.0365973 0.0476128 0.1072497 0.1308137 0.0375752 0.0786268 0.1256032 0.0362100 0.0518493 
Perityle_feddemae_99                       0.1413140 0.0975172 0.1396897 0.3004617 0.1138929 0.0705779 0.2405721 0.1619987 0.3517317 0.1486826 0.1406775 0.1180905 0.1179430 0.1092774 0.1302253 0.1120275 0.1313260 0.0837765 0.0812965 0.1169483 0.1148320 0.0532521 0.1184723 0.1270628 0.0964709 0.1442171 0.1558050 0.1305184 0.1351519 0.1199553 0.1377344 0.1584132 0.1217515 0.0000000 0.1036883 0.1199002 0.1184358 0.1341049 0.1078152 0.0201167 0.0988676 0.0145124 0.1206978 0.1216467 0.0875163 0.1393146 0.1212743 0.0082421 0.1052196 0.1497204 0.1098309 0.1341730 0.1139304 0.0990675 0.0996938 0.0866481 0.1102938 0.1293794 0.1008650 0.0670025 0.0993803 0.0969385 0.1378789 0.1116569 0.1400551 0.1536594 0.0677448 0.1063879 0.1088349 0.1155162 0.1340804 0.1266072 0.1186251 0.1199870 0.1013422 0.1574484 0.1136168 0.1042131 0.1543035 0.0929732 0.1278612 0.0926748 
Perityle_fosteri_93                        0.0888113 0.0591178 0.0853541 0.2780614 0.0958011 0.0601502 0.2397417 0.1501552 0.3035776 0.0691601 0.0512307 0.0373076 0.0352715 0.0290856 0.0334218 0.0123249 0.0828215 0.0997323 0.0095407 0.0114117 0.0319017 0.0047490 0.0268075 0.0405011 0.0357414 0.0505857 0.0663354 0.1350219 0.0871487 0.0849188 0.0907750 0.0956064 0.0165081 0.1036883 0.0000000 0.1332211 0.0285645 0.0379954 0.0346844 0.1048608 0.0288784 0.1021952 0.1340533 0.0353260 0.0351183 0.0485677 0.0350757 0.0832424 0.0339791 0.0541285 0.0346678 0.0457222 0.0334474 0.1124323 0.0416291 0.0280338 0.0289218 0.0460713 0.1130093 0.1029150 0.1200137 0.0374312 0.0453829 0.1119603 0.0474225 0.0972771 0.0748683 0.0120720 0.0083460 0.0359667 0.0884880 0.0371902 0.0379556 0.0377567 0.0488728 0.0857916 0.1088420 0.0323692 0.0657171 0.1175214 0.0369457 0.0480181 
Perityle_gamon_221                         0.1650166 0.1077215 0.1642874 0.3012723 0.1318983 0.0724501 0.2649368 0.1517124 0.3638059 0.1794002 0.1868523 0.1203903 0.1508457 0.1169528 0.1778257 0.1345823 0.1343262 0.0645179 0.0889278 0.1603692 0.1603583 0.0555759 0.1697703 0.1284451 0.1129753 0.1958933 0.1865581 0.1444357 0.1644728 0.1271047 0.1394248 0.1884113 0.1741229 0.1199002 0.1332211 0.0000000 0.1310115 0.1888938 0.1520894 0.1034899 0.1291593 0.0954655 0.0142702 0.1601649 0.0825376 0.1728503 0.1677352 0.0554263 0.1512743 0.1704061 0.1532569 0.1836216 0.1415544 0.1056855 0.0992971 0.0934959 0.1334691 0.1593494 0.1393703 0.0616906 0.1051472 0.0922623 0.1871149 0.1270432 0.1902853 0.1630082 0.0997005 0.1016912 0.1599333 0.1284896 0.1601308 0.1723320 0.1518177 0.1584447 0.0945096 0.1780439 0.1439841 0.1012652 0.1876733 0.0859779 0.1798552 0.1137237 
Perityle_gentryi_8_san_francisco           0.0882749 0.0681324 0.0921303 0.3067600 0.0970081 0.0659824 0.1921789 0.1519988 0.3207766 0.0841215 0.0704675 0.0435052 0.0442498 0.0460317 0.0131688 0.0265704 0.1088380 0.1057602 0.0217097 0.0246298 0.0466857 0.0168022 0.0335317 0.0475252 0.0464805 0.0563870 0.0642804 0.1717890 0.1012959 0.1009270 0.1191172 0.0994824 0.0327972 0.1184358 0.0285645 0.1310115 0.0000000 0.0436666 0.0367123 0.1176589 0.0319623 0.1010573 0.1343704 0.0437868 0.0409538 0.0453148 0.0451264 0.0883921 0.0383869 0.0487412 0.0420693 0.0502489 0.0417673 0.1229720 0.0547762 0.0345502 0.0334798 0.0441654 0.1179508 0.1109145 0.1150268 0.0431681 0.0583004 0.1249068 0.0531064 0.0993188 0.1077078 0.0298099 0.0288673 0.0458433 0.1016061 0.0469657 0.0446489 0.0454935 0.0540765 0.0990489 0.1307208 0.0421864 0.0500764 0.1227102 0.0456745 0.0570319 
Perityle_gilensis_22_Superstition          0.1153360 0.0553229 0.1175842 0.2496354 0.0966649 0.0566008 0.2253832 0.1392802 0.3609249 0.0959940 0.0169472 0.0275471 0.0139679 0.0344131 0.0454541 0.0257205 0.1094558 0.1071669 0.0181066 0.0355755 0.0253380 0.0095435 0.0024800 0.0344735 0.0165768 0.0470622 0.0723970 0.1813110 0.0842141 0.0900738 0.1067695 0.1258620 0.0353777 0.1341049 0.0379954 0.1888938 0.0436666 0.0000000 0.0050852 0.1279101 0.0187056 0.1102664 0.1917871 0.0258987 0.0411536 0.0482453 0.0248055 0.0887779 0.0049153 0.0532320 0.0254080 0.0419517 0.0224133 0.1253979 0.0403598 0.0272770 0.0164472 0.0414452 0.1312569 0.1092073 0.1324782 0.0425089 0.0374059 0.1454251 0.0453301 0.1188541 0.0984003 0.0493106 0.0320393 0.0217771 0.0933753 0.0249680 0.0270367 0.0243876 0.0453723 0.1175447 0.1488646 0.0295498 0.0767379 0.1248770 0.0259202 0.0563566 
Perityle_gilensis_salensis_225             0.1018736 0.0569075 0.0949198 0.2766190 0.0956475 0.0547336 0.2302325 0.1407152 0.3238766 0.0835749 0.0337751 0.0291958 0.0141500 0.0345624 0.0463560 0.0267060 0.0968106 0.1011346 0.0178259 0.0331316 0.0247668 0.0119896 0.0031780 0.0320444 0.0254207 0.0450852 0.0696888 0.1579992 0.0900145 0.0888158 0.1086154 0.1071794 0.0367097 0.1078152 0.0346844 0.1520894 0.0367123 0.0050852 0.0000000 0.1103745 0.0198955 0.1061379 0.1534491 0.0245236 0.0472847 0.0460759 0.0244604 0.0839684 0.0074268 0.0706331 0.0257910 0.0398302 0.0211673 0.1102519 0.0405932 0.0283325 0.0175036 0.0401557 0.1339839 0.1098217 0.1219508 0.0440295 0.0355941 0.1217345 0.0413635 0.1082652 0.0737907 0.0475478 0.0314951 0.0229837 0.0906821 0.0263525 0.0259554 0.0256039 0.0466096 0.1018909 0.1234651 0.0284129 0.0680825 0.1171476 0.0242753 0.0458082 
Perityle_glaucescens_94                    0.1407476 0.0963147 0.1366596 0.2945285 0.1143255 0.0704360 0.2344760 0.1576929 0.3432994 0.1417587 0.1392070 0.1151850 0.1163007 0.1079517 0.1285333 0.1080050 0.1293436 0.0800662 0.0820232 0.1137605 0.1147385 0.0507674 0.1117805 0.1231538 0.0966527 0.1365488 0.1544712 0.1305062 0.1344108 0.1165312 0.1413327 0.1502163 0.1232000 0.0201167 0.1048608 0.1034899 0.1176589 0.1279101 0.1103745 0.0000000 0.1004578 0.0165233 0.1049785 0.1187363 0.0880990 0.1386626 0.1169846 0.0056314 0.1044686 0.1487018 0.1117178 0.1276402 0.1148515 0.0998754 0.0935313 0.0850542 0.1115045 0.1284561 0.1016867 0.0718982 0.0977475 0.0925277 0.1347188 0.1061285 0.1324238 0.1452240 0.0659849 0.1005069 0.1090073 0.1138731 0.1342283 0.1222688 0.1192743 0.1205141 0.0988891 0.1499249 0.1061650 0.1020074 0.1505409 0.0891827 0.1215661 0.0965219 
Perityle_gracilis_11                       0.0925017 0.0553899 0.0894153 0.2752960 0.0919374 0.0587867 0.2184785 0.1391090 0.3623685 0.0692657 0.0082832 0.0086738 0.0181635 0.0122532 0.0395597 0.0241969 0.0870832 0.0976124 0.0106707 0.0284053 0.0027836 0.0120174 0.0057101 0.0284614 0.0042582 0.0399595 0.0615376 0.1370153 0.0819974 0.0756429 0.0817670 0.0850201 0.0299214 0.0988676 0.0288784 0.1291593 0.0319623 0.0187056 0.0198955 0.1004578 0.0000000 0.0994548 0.1297824 0.0170878 0.0469057 0.0136512 0.0043994 0.0862968 0.0143949 0.0594392 0.0075931 0.0351416 0.0036249 0.1070347 0.0366786 0.0253792 0.0008209 0.0128740 0.0934445 0.0903481 0.1219768 0.0372359 0.0336243 0.1021541 0.0391602 0.1088407 0.0691714 0.0365111 0.0237115 0.0097446 0.0948427 0.0092266 0.0092012 0.0087980 0.0214535 0.0856734 0.1035494 0.0130191 0.0600949 0.1055308 0.0034911 0.0662278 
Perityle_harkerae_31                       0.1422081 0.0949411 0.1323163 0.2881664 0.1145586 0.0724845 0.2412801 0.1618722 0.3338536 0.1223358 0.1052352 0.0967852 0.1007401 0.0956644 0.1192176 0.0882701 0.1262115 0.0796812 0.0777768 0.1039642 0.1030738 0.0506091 0.0954098 0.1014032 0.0908790 0.1190205 0.1443233 0.1215949 0.1291616 0.1234259 0.1360911 0.1363469 0.1096671 0.0145124 0.1021952 0.0954655 0.1010573 0.1102664 0.1061379 0.0165233 0.0994548 0.0000000 0.0955120 0.1065379 0.0885127 0.1262022 0.1015457 0.0013520 0.1002982 0.1307235 0.1078047 0.1119040 0.0989963 0.0921181 0.0916056 0.0831024 0.0970781 0.1152436 0.1000602 0.0692591 0.1009192 0.0935685 0.1168850 0.0994136 0.1154013 0.1518894 0.0570587 0.1003938 0.0992068 0.0973957 0.1278652 0.1077790 0.1100220 0.1067224 0.0975605 0.1461076 0.0958730 0.0974472 0.1436241 0.0849702 0.1021509 0.0878224 
Perityle_hofmeisteria_4_nombre_de_dios     0.1686083 0.1075070 0.1679856 0.2956672 0.1324722 0.0702618 0.2712766 0.1505753 0.3668854 0.1747728 0.1931388 0.1228847 0.1541394 0.1171037 0.1806454 0.1327082 0.1335107 0.0623442 0.0884764 0.1607426 0.1637328 0.0528706 0.1726779 0.1289669 0.1158822 0.1987638 0.1840593 0.1461369 0.1655211 0.1257557 0.1440168 0.1819156 0.1770076 0.1206978 0.1340533 0.0142702 0.1343704 0.1917871 0.1534491 0.1049785 0.1297824 0.0955120 0.0000000 0.1610010 0.0823125 0.1715319 0.1664240 0.0581718 0.1520451 0.1723388 0.1576010 0.1864733 0.1450268 0.1058230 0.0993068 0.0923839 0.1367344 0.1585180 0.1374833 0.0615743 0.1044827 0.0929585 0.1890299 0.1254681 0.1926442 0.1564045 0.1015773 0.0957021 0.1621001 0.1313233 0.1608493 0.1715081 0.1509381 0.1604273 0.0972071 0.1803803 0.1442478 0.1023124 0.1902057 0.0817205 0.1824551 0.1160005 
Perityle_huecosensis_48                    0.1033641 0.0622814 0.1050280 0.2643713 0.0964262 0.0654392 0.2390628 0.1470920 0.3241477 0.0925508 0.0350318 0.0220645 0.0238498 0.0339122 0.0457443 0.0278185 0.0996624 0.0981659 0.0178410 0.0325882 0.0228864 0.0147269 0.0131251 0.0295711 0.0279986 0.0417686 0.0711673 0.1584559 0.0900523 0.0884151 0.1064102 0.1190532 0.0359721 0.1216467 0.0353260 0.1601649 0.0437868 0.0258987 0.0245236 0.1187363 0.0170878 0.1065379 0.1610010 0.0000000 0.0399237 0.0450374 0.0234254 0.0850941 0.0217521 0.0671050 0.0233785 0.0380477 0.0193212 0.1182897 0.0424748 0.0287864 0.0147461 0.0382706 0.1339459 0.0957562 0.1250695 0.0401996 0.0309707 0.1331726 0.0392635 0.1127954 0.0875023 0.0466151 0.0321249 0.0236160 0.0915896 0.0253555 0.0260412 0.0237972 0.0413067 0.1125263 0.1395067 0.0284480 0.0705955 0.1225117 0.0232995 0.0504365 
Perityle_incana_3_ucla                     0.0747822 0.0697911 0.0655258 0.2559764 0.0983732 1.2719813 0.4851641 0.1897551 0.3934437 0.0741911 0.0350113 0.0530202 0.0415017 0.0432689 0.0425679 0.0300509 0.0821122 0.0704674 0.0291592 0.0286607 0.0467168 9.0000000 0.0308908 0.0356448 0.0406380 0.0443767 0.0535217 0.1815193 0.0698423 9.0000000 0.5334863 0.0591120 0.0347795 0.0875163 0.0351183 0.0825376 0.0409538 0.0411536 0.0472847 0.0880990 0.0469057 0.0885127 0.0823125 0.0399237 0.0000000 0.0454701 0.0479145 0.0685832 0.0483022 0.0387043 0.0506929 0.0413094 0.0439519 0.0760050 9.0000000 0.0293826 0.0408692 0.0456114 0.1069282 0.0777539 0.0746017 0.0234286 0.0514549 0.0857138 0.0413536 0.0911328 0.0606885 0.0280846 0.0289069 0.0485241 0.0788159 0.0470474 0.0584904 0.0490549 0.0456504 0.0905881 0.0806439 0.0358595 0.0500634 0.1089227 0.0468303 0.0201306 
Perityle_intricata_59_Clark_mtns           0.1128610 0.0605576 0.1181154 0.2532142 0.0940426 0.0601215 0.2373175 0.1399470 0.3329212 0.1053524 0.0634887 0.0208091 0.0316330 0.0189377 0.0676770 0.0276750 0.1017154 0.0965885 0.0120810 0.0544469 0.0254300 0.0142967 0.0322765 0.0326981 0.0164154 0.0680011 0.0782524 0.1721164 0.0858259 0.0795327 0.1048735 0.1231836 0.0559104 0.1393146 0.0485677 0.1728503 0.0453148 0.0482453 0.0460759 0.1386626 0.0136512 0.1262022 0.1715319 0.0450374 0.0454701 0.0000000 0.0253013 0.0833933 0.0460048 0.0671316 0.0390733 0.0608352 0.0235356 0.1220440 0.0431821 0.0276572 0.0192383 0.0023576 0.1412460 0.0920081 0.1225672 0.0398075 0.0612550 0.1447349 0.0653580 0.1167303 0.0906807 0.0379093 0.0512285 0.0171449 0.0866947 0.0369401 0.0377255 0.0393962 0.0244968 0.1243222 0.1346254 0.0188179 0.0759049 0.1156049 0.0278883 0.0554805 
