82
Amauria_brandeegeana_62                    0.0000000 0.0742670 0.1409955 0.3259289 0.2348610 0.1764684 0.1445117 0.3863238 0.0144152 0.2469083 0.1724327 0.3019273 0.1232941 0.1464785 0.2570480 0.1670742 0.1925295 0.1667157 0.1054776 0.1816348 0.2447947 0.1276104 0.1936048 0.3526163 0.2878235 0.2338380 0.2489091 0.2730938 0.1491392 0.1288080 0.1969983 0.2362412 0.0214750 0.1294359 0.2419834 0.1934031 0.2825811 0.2172327 0.2089841 0.2015948 0.2314858 0.1752461 0.1958770 0.2954282 0.1844366 0.1319285 0.2287844 0.2145147 0.1942802 0.1935673 0.2618861 0.2788863 0.0743652 0.3202667 0.1341191 0.1427787 0.2069693 0.2025122 0.3199391 0.1280030 0.2186986 0.1548192 0.3019596 0.2741382 0.1749134 0.2591907 0.2596929 0.0751613 0.1583567 0.1876508 0.2000393 0.2010692 0.1506964 0.2595648 0.0986406 0.2433533 0.2698280 0.3084268 0.2301600 0.1281063 0.1597646 0.1725288 
Amauria_carterae_99_mesa                   0.0742670 0.0000000 0.0756578 0.2064661 0.1264305 0.1281468 0.1168354 0.3135962 0.0401503 0.1398896 0.1086850 0.1991789 0.1263605 0.1311010 0.2480411 0.1108170 0.1622529 0.1394085 0.1145348 0.1049054 0.2237940 0.0813010 0.1693724 0.3698209 0.1317988 0.1247484 0.1569558 0.1943208 0.1189808 0.1437228 0.1337476 0.1809081 0.0273735 0.0722713 0.1267765 0.1802503 0.1670253 0.1212583 0.1225164 0.1845949 0.1301066 0.1133260 0.1270338 0.1514096 0.1104089 0.1133119 0.1274967 0.1268770 0.1145344 0.0921155 0.2210930 0.1288151 0.0876480 0.1734739 0.1218526 0.1118695 0.1113422 0.1008409 0.1958253 0.1080803 0.1811984 0.1154124 0.1224480 0.1938335 0.1285488 0.1540185 0.1326889 0.0733971 0.1612729 0.1786208 0.1622134 0.1269366 0.1172091 0.2377787 0.1124264 0.1522370 0.1480664 0.1677772 0.1022776 0.1317989 0.1131041 0.1156295 
Amauria_rotundifolia_SRR9119150            0.1409955 0.0756578 0.0000000 0.3581794 0.2292129 0.2179094 0.1522835 0.4215125 0.1519277 0.2758251 0.1924862 0.2762085 0.1543066 0.1789166 0.2903935 0.2331603 0.2322791 0.1805433 0.1215590 0.2378094 0.3482355 0.1174968 0.1838027 0.3683066 0.3413823 0.2461921 0.2894603 0.2928857 0.1650230 0.1729064 0.2348903 0.3145873 0.0947150 0.1173821 0.2881789 0.3153748 0.2660311 0.2248831 0.2406554 0.2580381 0.2756535 0.2161925 0.2504403 0.2961766 0.1677738 0.1181209 0.2802697 0.2314065 0.2061738 0.1727401 0.3425090 0.3812821 0.0744854 0.3347828 0.1669856 0.1533399 0.2754102 0.2530732 0.3548452 0.1764695 0.2062657 0.1572286 0.4044761 0.3176845 0.2212395 0.2983523 0.2635499 0.0850091 0.2317146 0.1794746 0.2331106 0.2518095 0.1716147 0.3613813 0.1304168 0.2528635 0.2789366 0.2889637 0.2477277 0.1565637 0.2272801 0.2231423 
Conoclinium_coelestinum_SRR9119114         0.3259289 0.2064661 0.3581794 0.0000000 0.3747780 0.2323921 0.2251012 0.4690416 0.2788788 0.3621725 0.4017824 0.4476326 0.3077922 0.3930690 0.3858430 0.3409610 0.4007402 0.3195879 0.2883692 0.3274327 0.3633320 0.2063356 0.3981081 0.4462879 0.3638225 0.3765560 0.4038103 0.4125276 0.2522550 0.2146999 0.3775325 0.3990670 0.2352294 0.3039613 0.3955573 0.3609147 0.4190210 0.3506055 0.3572070 0.4535416 0.3856269 0.3244026 0.3765867 0.4496121 0.3899744 0.3788406 0.3426808 0.3820015 0.2960203 0.3340591 0.3686442 0.3368656 0.2071628 0.4048765 0.2592345 0.2740134 0.3438331 0.3560375 0.4274328 0.2778691 0.4670207 0.2435186 0.3636504 0.4376998 0.3455654 0.3874985 0.3694735 0.2070492 0.2946652 0.4039452 0.3244379 0.3533999 0.3110320 0.4235936 0.2367507 0.3697991 0.4186614 0.4259226 0.4011706 0.2395417 0.3421893 0.3198956 
Eutetras_palmeri_63                        0.2348610 0.1264305 0.2292129 0.3747780 0.0000000 0.2128476 0.1783725 0.4243184 0.2305378 0.2305591 0.2695008 0.3177634 0.1894576 0.2289546 0.3330382 0.1974120 0.2370820 0.1592384 0.1505360 0.2246677 0.2821286 0.1312624 0.2393599 0.3409551 0.3192797 0.2359867 0.3297038 0.3161359 0.1674910 0.1746930 0.2668848 0.3290334 0.1701872 0.2913480 0.2823442 0.2796641 0.2481366 0.2135605 0.2591133 0.2843290 0.2663579 0.2043988 0.2545145 0.2702835 0.2306359 0.1669805 0.2336006 0.2540791 0.2187817 0.2216394 0.2690758 0.3638682 0.1401217 0.3577634 0.1869880 0.1771800 0.2475621 0.2454648 0.3403049 0.1837415 0.2164891 0.1762415 0.3839649 0.3024592 0.2236376 0.2618844 0.2286551 0.1148554 0.2158054 0.2270406 0.2495321 0.2720585 0.1905749 0.3637198 0.1348707 0.2588543 0.2842705 0.2972107 0.2422562 0.1537682 0.2352438 0.2362008 
Eutrochium_fistulosum_SRR9119106           0.1764684 0.1281468 0.2179094 0.2323921 0.2128476 0.0000000 0.1620956 0.4248261 0.1132441 0.2123918 0.2679242 0.3586039 0.1684126 0.2543536 0.3101680 0.1706914 0.2289601 0.2206611 0.1816238 0.1431323 0.2400715 0.1218851 0.2795722 0.3654055 0.2343849 0.2341656 0.2553569 0.2544912 0.1725053 0.2097985 0.2127345 0.2978279 0.1179319 0.1450601 0.2273825 0.1690036 0.2601027 0.2250962 0.2139411 0.3059015 0.2283111 0.1954464 0.1915877 0.2322681 0.2574375 0.2364806 0.2045704 0.2245055 0.2077755 0.2628581 0.2495638 0.1602973 0.1263809 0.2569745 0.1621791 0.1842879 0.1800092 0.1785851 0.2478291 0.1455462 0.2843111 0.1885320 0.2496926 0.2488377 0.1756888 0.1802089 0.1965486 0.1187742 0.1488810 0.2786563 0.2124996 0.2150065 0.1750778 0.2489866 0.1378256 0.1830095 0.2359223 0.3257073 0.2662269 0.1563521 0.1603956 0.1764974 
Galeana_pratensis_104_mex                  0.1445117 0.1168354 0.1522835 0.2251012 0.1783725 0.1620956 0.0000000 0.2211679 0.1515906 0.2073964 0.1714200 0.2785927 0.1703502 0.1268566 0.3206578 0.1347008 0.1893000 0.1446662 0.1604693 0.1381349 0.2824871 0.1079969 0.1865913 0.3650468 0.1848205 0.1721344 0.1866663 0.1838008 0.1422551 0.1508585 0.1329078 0.2909005 0.1551648 0.1936087 0.1695100 0.2516857 0.1803746 0.1455340 0.1618307 0.1745840 0.1608331 0.1566133 0.1504506 0.1808710 0.1552595 0.1729328 0.1939304 0.1542222 0.1446739 0.1344461 0.3121270 0.1528685 0.1178438 0.1682023 0.1838584 0.1432946 0.1589243 0.1627105 0.1526260 0.1417854 0.1847651 0.1486250 0.1798747 0.1716640 0.1759534 0.1701197 0.1542317 0.1137159 0.2532227 0.1926060 0.1664950 0.1852182 0.1770640 0.3354006 0.1342908 0.1725138 0.1781439 0.1650557 0.1565089 0.1500091 0.1661668 0.1682559 
Helianthus_annuus_SRR9119062               0.3863238 0.3135962 0.4215125 0.4690416 0.4243184 0.4248261 0.2211679 0.0000000 0.2794194 0.4176412 0.5600874 0.5661629 0.3326590 0.4368456 0.4456346 0.3505026 0.3500386 0.4112949 0.3760675 0.3254629 0.3919130 0.2499740 0.4882359 0.2943592 0.4159400 0.3871560 0.4474345 0.4135040 0.3508524 0.2166928 0.3530393 0.4004304 0.2615861 0.3417958 0.4352079 0.3418373 0.4269588 0.4023265 0.4123971 0.5533877 0.4235650 0.3889283 0.3837400 0.4315158 0.4900777 0.4469491 0.3837072 0.4127738 0.3984008 0.4666007 0.3940299 0.2877124 0.1781230 0.4262039 0.3380499 0.2940129 0.3049876 0.2906169 0.4032776 0.2436462 0.5424215 0.2614967 0.4505476 0.4309542 0.3332233 0.3803197 0.4067506 0.1855996 0.3185397 0.4900907 0.3911184 0.4137031 0.3747460 0.3820966 0.2968781 0.3817820 0.4589200 0.5408217 0.5022561 0.2688554 0.2925773 0.3426496 
Lycapsus_tenuifolius_17                    0.0144152 0.0401503 0.1519277 0.2788788 0.2305378 0.1132441 0.1515906 0.2794194 0.0000000 0.2583980 0.3839627 1.0509473 0.1876996 9.0000000 0.1006211 0.2390638 0.1876622 0.1421879 0.1438430 0.2710744 0.2441578 9.0000000 0.7352782 1.0124861 0.3340719 0.3069136 0.2755381 0.2402007 0.0481130 0.1055317 0.2698432 0.1795226 0.0014398 0.1445275 0.2782897 0.2001932 0.3453632 0.2072526 0.3160214 0.6430008 0.2389247 0.2315713 0.2053960 0.3893825 9.0000000 0.5216706 0.3253820 0.2039134 0.1923814 9.0000000 0.2419009 0.3051920 9.0000000 0.3094137 0.1362334 0.1512180 0.3066894 0.2655342 0.3491938 0.1828083 0.3024661 0.1287479 0.2918097 0.3442588 0.2686146 0.2751814 0.2783823 9.0000000 0.1314726 0.7156928 0.1899091 0.3094016 0.2181701 0.2411981 0.1032977 0.1987193 0.2974734 0.6794459 9.0000000 0.1353114 0.3002275 0.2671064 
Pericome_caudata_50_silver                 0.2469083 0.1398896 0.2758251 0.3621725 0.2305591 0.2123918 0.2073964 0.4176412 0.2583980 0.0000000 0.2446098 0.3174069 0.1897118 0.2206664 0.2975596 0.2761518 0.2708023 0.2030114 0.1557964 0.2489449 0.3580039 0.0834641 0.2386878 0.3289979 0.3557379 0.3285443 0.3876221 0.3585880 0.1694509 0.1420721 0.3338995 0.3647421 0.1615325 0.2941210 0.3423004 0.2976337 0.3114239 0.2895011 0.3018919 0.3043441 0.3485404 0.2267430 0.3285559 0.3623271 0.2229365 0.1712173 0.2875209 0.2764783 0.2150287 0.2291486 0.3348735 0.4756761 0.1055471 0.3919206 0.1955395 0.1926543 0.2681201 0.2447246 0.3667550 0.2756967 0.2442188 0.1940305 0.4470124 0.3719270 0.2674048 0.2437527 0.2300300 0.0819743 0.1916391 0.2490298 0.2512361 0.3089672 0.1998257 0.3659550 0.1288773 0.2446742 0.3449790 0.3022448 0.2579837 0.1873456 0.2654889 0.2761731 
Perityle_aglossa_84_dead_horse             0.1724327 0.1086850 0.1924862 0.4017824 0.2695008 0.2679242 0.1714200 0.5600874 0.3839627 0.2446098 0.0000000 0.1540855 0.0383653 0.0987266 0.5982951 0.0884184 0.2285778 0.2042044 0.0364451 0.0673559 0.4734893 0.0280132 0.0876199 0.1289231 0.2061954 0.1904060 0.1860875 0.2492837 0.2130920 0.3839627 0.1969031 0.5445907 0.3839627 0.6559115 0.2403318 0.3676520 0.2205740 0.2219663 0.0977050 0.1472719 0.2359357 0.1042950 0.1832791 0.2476217 0.0993002 0.0622350 0.1292174 0.2118940 0.1463486 0.0965545 0.5196868 0.3839627 0.0158601 0.3355297 0.1250575 0.1219470 0.1065149 0.1146172 0.2822328 0.1096018 0.2094934 0.1342505 0.1677464 0.2343949 0.0826710 0.2425142 0.2578391 0.0194431 0.3279556 0.0970643 0.2292201 0.1001811 0.0501693 0.5102741 0.0354345 0.2189907 0.2403755 0.1975518 0.1279397 0.1353100 0.0416637 0.1648418 
Perityle_ajoensis_204                      0.3019273 0.1991789 0.2762085 0.4476326 0.3177634 0.3586039 0.2785927 0.5661629 1.0509473 0.3174069 0.1540855 0.0000000 0.1421053 0.1581031 0.7333003 0.1471045 0.3454582 0.2391383 0.1209402 0.1453562 0.6965847 0.0437812 0.0739155 0.3757928 0.1132596 0.2733984 0.3469237 0.2413739 0.2320037 0.9475285 0.2384734 0.6827290 1.0816317 0.9228273 0.2111689 0.6912842 0.3063343 0.2434626 0.1045692 0.1846567 0.2080520 0.1083541 0.2098731 0.3441772 0.0594396 0.0696223 0.1066364 0.2090888 0.0947647 0.0374477 0.7226728 1.2622482 0.0265299 0.2284175 0.2326931 0.2450871 0.1730964 0.1906573 0.2543488 0.1166878 0.1738441 0.2555466 0.2448940 0.2554251 0.2187922 0.3058826 0.3181987 0.0277407 0.7140313 0.0981425 0.2854181 0.1182162 0.1122316 0.6701915 0.1156032 0.3073256 0.2199669 0.0887123 0.1336326 0.2237985 0.1687882 0.2667570 
Perityle_ambrosiifolia_67_green            0.1232941 0.1263605 0.1543066 0.3077922 0.1894576 0.1684126 0.1703502 0.3326590 0.1876996 0.1897118 0.0383653 0.1421053 0.0000000 0.0490763 0.2973638 0.0555474 0.1914024 0.1890860 0.0384420 0.0763094 0.1753127 0.0239134 0.0594894 0.3002035 0.1352990 0.1140583 0.1811039 0.2080688 0.1219614 0.1736603 0.1667486 0.2272360 0.1867169 0.2035367 0.1778006 0.0735102 0.1868357 0.1182239 0.0740742 0.0782926 0.1797644 0.0565488 0.1750457 0.1834901 0.0241265 0.0398779 0.0978100 0.1666979 0.0625722 0.0000010 0.1788547 0.1753570 0.0109643 0.2284883 0.1618541 0.1112194 0.1172561 0.1101760 0.2833021 0.1122251 0.1593513 0.1560469 0.1696296 0.1933837 0.0987981 0.1922176 0.1614863 0.0142067 0.1124045 0.0731746 0.1728830 0.0653873 0.0774040 0.1486704 0.0302215 0.1701731 0.2027356 0.1765388 0.1196147 0.1292068 0.0720794 0.1396667 
Perityle_angustifolia_13_Eagle_creek       0.1464785 0.1311010 0.1789166 0.3930690 0.2289546 0.2543536 0.1268566 0.4368456 9.0000000 0.2206664 0.0987266 0.1581031 0.0490763 0.0000000 0.7091492 0.1300620 0.2115938 0.2214016 0.0743465 0.0411582 0.5533772 0.0615701 0.0983696 0.1197073 0.1165991 0.1394898 0.1701208 0.1997447 0.1694889 9.0000000 0.1839109 0.6277784 9.0000000 0.8655428 0.1843069 0.4076462 0.1705849 0.1368367 0.1059616 0.1173609 0.1868059 0.1051985 0.1538742 0.2114070 0.1115331 0.0999973 0.1154096 0.1845895 0.1487865 0.0937676 0.5808540 9.0000000 0.0026329 0.1934642 0.1420853 0.1049710 0.0622643 0.0677905 0.1963948 0.1011646 0.2604462 0.1248566 0.1717368 0.2207246 0.0904660 0.1686854 0.1944951 0.0194870 0.3589539 0.1088282 0.1906760 0.1112452 0.0697946 0.5940403 0.0489716 0.1721868 0.2245381 0.1843016 0.1820081 0.1158591 0.0157946 0.1462736 
Perityle_batopilensis_97                   0.2570480 0.2480411 0.2903935 0.3858430 0.3330382 0.3101680 0.3206578 0.4456346 0.1006211 0.2975596 0.5982951 0.7333003 0.2973638 0.7091492 0.0000000 0.2596829 0.2824400 0.3015257 0.3137233 0.2527234 0.2272784 0.7961139 0.6116797 0.8782650 0.2733463 0.2666299 0.2780575 0.3285556 0.3248606 0.1911729 0.2812070 0.1956454 0.0957052 0.1480587 0.3233476 0.1588014 0.3381401 0.2229218 0.2876467 0.6393986 0.3040423 0.2523599 0.3097332 0.3504328 0.6160274 0.5892153 0.2664175 0.3125393 0.2936547 0.6414356 0.2267443 0.1526132 0.6700227 0.3820060 0.2720801 0.2870122 0.2245990 0.2119937 0.3721404 0.4771660 0.6408827 0.2579110 0.2627874 0.3663444 0.2717784 0.3143071 0.2964368 0.6295554 0.1419697 0.6230521 0.3392636 0.2586358 0.2906528 0.1996403 0.2689363 0.3117825 0.3671272 0.6881900 0.6332665 0.2997168 0.2205455 0.2705171 
Perityle_bisetosa_9                        0.1670742 0.1108170 0.2331603 0.3409610 0.1974120 0.1706914 0.1347008 0.3505026 0.2390638 0.2761518 0.0884184 0.1471045 0.0555474 0.1300620 0.2596829 0.0000000 0.2200943 0.1658381 0.0601472 0.0992186 0.2298764 0.0039235 0.1386158 0.3189256 0.1179103 0.2075127 0.2405342 0.2145206 0.1182535 0.1389558 0.1946313 0.2847894 0.1120502 0.2371483 0.2598434 0.1636365 0.2498910 0.1707900 0.1273349 0.1610849 0.2501164 0.0850124 0.1962268 0.2966845 0.0796164 0.0848855 0.0970590 0.2031436 0.0572259 0.0631055 0.2014417 0.2876798 0.0237563 0.2257401 0.1214789 0.0872264 0.1026248 0.0804020 0.2031465 0.1243378 0.1725781 0.1164791 0.1247623 0.2826514 0.1732972 0.2560177 0.2225864 0.0248306 0.0570178 0.1699856 0.1545414 0.0885548 0.0609271 0.2311321 0.0291851 0.1763096 0.2511986 0.1386698 0.0939334 0.1269981 0.0974966 0.1766767 
Perityle_californica_76_positas            0.1925295 0.1622529 0.2322791 0.4007402 0.2370820 0.2289601 0.1893000 0.3500386 0.1876622 0.2708023 0.2285778 0.3454582 0.1914024 0.2115938 0.2824400 0.2200943 0.0000000 0.2231185 0.1850896 0.2001546 0.2829110 0.2124973 0.2451000 0.3350295 0.2573960 0.2275307 0.2654031 0.2754256 0.1662499 0.1680353 0.1399343 0.2604355 0.1383631 0.2092484 0.2685683 0.2171716 0.2878156 0.2331147 0.2288331 0.2898912 0.2438947 0.2140728 0.2412155 0.2534155 0.2153973 0.2173806 0.2495370 0.2445049 0.2183926 0.2124801 0.2930182 0.2271408 0.1321126 0.2980353 0.2005622 0.1683348 0.1960660 0.1922183 0.3121208 0.1602195 0.2543734 0.1884106 0.2732266 0.2900562 0.2222254 0.2529862 0.2286609 0.1358639 0.1774321 0.2578760 0.2134048 0.2180313 0.2002180 0.2736156 0.1607723 0.2247749 0.2934417 0.3242989 0.2990906 0.1618940 0.1706856 0.1531928 
Perityle_canescens_77                      0.1667157 0.1394085 0.1805433 0.3195879 0.1592384 0.2206611 0.1446662 0.4112949 0.1421879 0.2030114 0.2042044 0.2391383 0.1890860 0.2214016 0.3015257 0.1658381 0.2231185 0.0000000 0.1610177 0.1718491 0.2654787 0.1095291 0.1791621 0.3701385 0.2076266 0.1652116 0.2139307 0.1431628 0.1544388 0.1747047 0.2004379 0.2489537 0.1410114 0.1655145 0.1386866 0.1817664 0.1869583 0.1461094 0.1905764 0.2490883 0.1456015 0.1749678 0.1312280 0.1944486 0.1591028 0.1654115 0.1998742 0.1329291 0.1603762 0.1413179 0.2250640 0.2056644 0.0735906 0.1484733 0.1235928 0.1696516 0.2238914 0.2175830 0.2106859 0.0782733 0.1439620 0.1453636 0.2453657 0.1431278 0.1658901 0.2199644 0.1787421 0.0759312 0.1694192 0.1932659 0.1965329 0.2074271 0.1834647 0.2677349 0.1238796 0.2061634 0.1221525 0.2588678 0.2349654 0.0941025 0.1896882 0.1594065 
Perityle_castillonii_96                    0.1054776 0.1145348 0.1215590 0.2883692 0.1505360 0.1816238 0.1604693 0.3760675 0.1438430 0.1557964 0.0364451 0.1209402 0.0384420 0.0743465 0.3137233 0.0601472 0.1850896 0.1610177 0.0000000 0.0274302 0.1470207 0.0240805 0.0270756 0.3355762 0.0542533 0.0931915 0.1535839 0.1710091 0.1266423 0.1740281 0.1294549 0.2437857 0.1424061 0.1724350 0.1370459 0.1063781 0.1337401 0.1178266 0.0311341 0.1148301 0.1349160 0.0207303 0.1293853 0.1648319 0.0192740 0.0218745 0.0492670 0.1338597 0.0472224 0.0024121 0.1736061 0.1026777 0.0135117 0.1589564 0.1450667 0.0967900 0.0648795 0.0597480 0.2268366 0.1122261 0.1509472 0.1352567 0.0973023 0.1692226 0.0867828 0.1715992 0.1340540 0.0142068 0.1050224 0.0438386 0.1704509 0.0293031 0.0299422 0.1723579 0.0230086 0.1573413 0.1598881 0.1520658 0.1250700 0.1203850 0.0209146 0.1119582 
Perityle_cernua_84                         0.1816348 0.1049054 0.2378094 0.3274327 0.2246677 0.1431323 0.1381349 0.3254629 0.2710744 0.2489449 0.0673559 0.1453562 0.0763094 0.0411582 0.2527234 0.0992186 0.2001546 0.1718491 0.0274302 0.0000000 0.1890795 0.0245820 0.1025026 0.3180652 0.0982744 0.1917048 0.2293421 0.2309934 0.0994989 0.1346129 0.2242957 0.2653301 0.1899019 0.3010434 0.2332513 0.1735910 0.2196785 0.1421275 0.0981506 0.0642427 0.2270386 0.0546317 0.2147803 0.2897403 0.0370916 0.0674726 0.0884624 0.2021924 0.0549030 0.0000010 0.2067828 0.3005704 0.0112457 0.2696592 0.1462284 0.1215653 0.0906173 0.0744743 0.2697808 0.1110314 0.1597016 0.1454881 0.1514732 0.2573848 0.1336203 0.2304583 0.2337027 0.0145857 0.1144115 0.1117991 0.1707360 0.1023073 0.0307283 0.2124211 0.0252383 0.2037283 0.2622217 0.1434964 0.0774518 0.1163333 0.0761693 0.1914693 
Perityle_cfvillosa_25_tin                  0.2447947 0.2237940 0.3482355 0.3633320 0.2821286 0.2400715 0.2824871 0.3919130 0.2441578 0.3580039 0.4734893 0.6965847 0.1753127 0.5533772 0.2272784 0.2298764 0.2829110 0.2654787 0.1470207 0.1890795 0.0000000 0.6297506 0.5315729 0.7435648 0.1463748 0.2785762 0.3258159 0.3274781 0.2468770 0.1718949 0.2916536 0.2563744 0.1475619 0.2345682 0.3572236 0.1862984 0.3338001 0.2789341 0.2482370 0.5654097 0.3140362 0.1440932 0.2897567 0.4142832 0.4585513 0.4748539 0.1197834 0.2795213 0.1852120 0.4769142 0.2051349 0.2364939 0.5545206 0.3728089 0.2340498 0.1599702 0.1369074 0.0871731 0.3274355 0.4438979 0.4760124 0.2225448 0.2490867 0.4088625 0.2423186 0.3233265 0.3317951 0.5549734 0.0893597 0.5849752 0.2716494 0.1425933 0.1689554 0.2111871 0.0863374 0.2664638 0.3855564 0.5539058 0.5460822 0.2593203 0.1293729 0.2672489 
Perityle_cinerea_113_Powell1310            0.1276104 0.0813010 0.1174968 0.2063356 0.1312624 0.1218851 0.1079969 0.2499740 9.0000000 0.0834641 0.0280132 0.0437812 0.0239134 0.0615701 0.7961139 0.0039235 0.2124973 0.1095291 0.0240805 0.0245820 0.6297506 0.0000000 0.0199813 0.0162844 0.0281858 0.1482405 0.1800996 0.1689519 0.0969412 9.0000000 0.0669195 0.6983831 9.0000000 1.3623710 0.0781535 9.0000000 0.1425781 0.1038727 0.0238521 0.0275157 0.0902526 0.0247074 0.0626988 0.1044174 0.0355967 0.0243148 0.0280498 0.0864161 0.0365087 0.0236968 0.3350307 9.0000000 0.0313643 0.1129982 0.1467781 0.1882485 0.0120538 0.0062899 0.1057437 0.0567208 0.1834120 0.1656653 0.0239319 0.1506675 0.1190561 0.1093542 0.1081273 0.0416606 9.0000000 0.0275892 0.1169415 0.0356522 0.0240642 0.6749129 0.0442624 0.1222417 0.0854391 0.0525068 0.0402561 0.0820613 0.0120661 0.0853070 
Perityle_coahuilensis_24                   0.1936048 0.1693724 0.1838027 0.3981081 0.2393599 0.2795722 0.1865913 0.4882359 0.7352782 0.2386878 0.0876199 0.0739155 0.0594894 0.0983696 0.6116797 0.1386158 0.2451000 0.1791621 0.0270756 0.1025026 0.5315729 0.0199813 0.0000000 0.2777206 0.1371706 0.1910102 0.2256197 0.1983447 0.1999653 0.6127114 0.1639278 0.5595385 0.7439684 0.6110695 0.1701111 0.5393565 0.2120426 0.2214133 0.0401991 0.1369254 0.1711441 0.0650581 0.1774539 0.2277628 0.0191827 0.0094574 0.1060760 0.1639941 0.0794312 0.0081615 0.5568940 0.8149358 0.0188299 0.2549343 0.1731492 0.1436870 0.1465282 0.1496977 0.3002941 0.1106529 0.1530227 0.1808988 0.2821419 0.2017671 0.1174258 0.2853958 0.2305003 0.0140062 0.5234105 0.0022443 0.2238979 0.0583479 0.0636144 0.5831468 0.0771090 0.2408928 0.1686750 0.1034693 0.1574371 0.1543860 0.0849306 0.1675654 
Perityle_cochisensis_44_cave_creek         0.3526163 0.3698209 0.3683066 0.4462879 0.3409551 0.3654055 0.3650468 0.2943592 1.0124861 0.3289979 0.1289231 0.3757928 0.3002035 0.1197073 0.8782650 0.3189256 0.3350295 0.3701385 0.3355762 0.3180652 0.7435648 0.0162844 0.2777206 0.0000000 0.3088565 0.3493281 0.4011159 0.3803756 0.3940092 0.6486720 0.3258786 0.8061014 1.0124861 1.0809690 0.4093344 0.8356380 0.4037881 0.3629976 0.3155359 0.1197133 0.3602124 0.2910709 0.3923688 0.3640630 0.1073901 0.2516649 0.3066273 0.3926974 0.3263990 0.1197133 0.9685430 0.9052240 0.1197073 0.4141357 0.4011159 0.3505248 0.3053447 0.3047790 0.3645668 0.3104822 0.1399167 0.3717335 0.3318438 0.3803756 0.3575400 0.3385135 0.3230549 0.1209178 0.8506647 0.2953559 0.4232057 0.3127265 0.3105891 0.8641953 0.3124526 0.3385135 0.3998950 0.2367072 0.1462561 0.3995112 0.3088565 0.3590070 
Perityle_congesta_202                      0.2878235 0.1317988 0.3413823 0.3638225 0.3192797 0.2343849 0.1848205 0.4159400 0.3340719 0.3557379 0.2061954 0.1132596 0.1352990 0.1165991 0.2733463 0.1179103 0.2573960 0.2076266 0.0542533 0.0982744 0.1463748 0.0281858 0.1371706 0.3088565 0.0000000 0.3078572 0.3611442 0.3258917 0.1578678 0.1720347 0.3387403 0.2956077 0.2503694 0.3798982 0.3142764 0.1799271 0.3482993 0.2373493 0.1499461 0.1950116 0.3162244 0.0454146 0.3119105 0.4014765 0.1083612 0.1238220 0.0502932 0.2456352 0.0590150 0.0173424 0.2278818 0.3969494 0.0187750 0.3694155 0.1797358 0.1431966 0.0838231 0.0620161 0.3709170 0.1667851 0.1610507 0.1659837 0.2932064 0.3586730 0.2002009 0.3259841 0.3410416 0.0112357 0.1064791 0.1722115 0.2377673 0.1148691 0.0811207 0.2485809 0.0019789 0.2658942 0.3196965 0.1441128 0.1731078 0.1364788 0.0769203 0.3022735 
Perityle_cordifolia_27                     0.2338380 0.1247484 0.2461921 0.3765560 0.2359867 0.2341656 0.1721344 0.3871560 0.3069136 0.3285443 0.1904060 0.2733984 0.1140583 0.1394898 0.2666299 0.2075127 0.2275307 0.1652116 0.0931915 0.1917048 0.2785762 0.1482405 0.1910102 0.3493281 0.3078572 0.0000000 0.2749360 0.3128002 0.1693058 0.1536687 0.2386073 0.3217826 0.1860788 0.3004418 0.3206589 0.2281404 0.2015984 0.1748014 0.2518697 0.2282171 0.3044447 0.1914564 0.2634553 0.2886491 0.1495895 0.1088176 0.2477241 0.2517803 0.1879116 0.1602528 0.3077065 0.0186703 0.0814056 0.3632541 0.1272714 0.0504997 0.2374601 0.2058893 0.3148212 0.1380502 0.2037193 0.0826670 0.3809749 0.3298404 0.0246768 0.3331510 0.2682754 0.0720730 0.1710308 0.1839053 0.2231387 0.2384700 0.1472936 0.2930198 0.0863648 0.2704968 0.3272588 0.2791149 0.2334871 0.1485783 0.1965300 0.2230731 
Perityle_cordifolia_68_tecolote            0.2489091 0.1569558 0.2894603 0.4038103 0.3297038 0.2553569 0.1866663 0.4474345 0.2755381 0.3876221 0.1860875 0.3469237 0.1811039 0.1701208 0.2780575 0.2405342 0.2654031 0.2139307 0.1535839 0.2293421 0.3258159 0.1800996 0.2256197 0.4011159 0.3611442 0.2749360 0.0000000 0.3320427 0.1979115 0.1769915 0.3291194 0.3462292 0.1719517 0.2963357 0.3333347 0.2983970 0.3027476 0.2026191 0.3006991 0.2384786 0.3304134 0.2289706 0.3272477 0.3631708 0.1913576 0.1627035 0.2903057 0.2853863 0.2501744 0.2133277 0.3482755 0.3775619 0.0884382 0.4304131 0.0480738 0.1275956 0.2602990 0.2440366 0.3565366 0.1995288 0.2793427 0.1267363 0.4037565 0.3598659 0.2118297 0.3745291 0.3795704 0.0897589 0.2200429 0.2085195 0.2565947 0.2906902 0.1986736 0.3919239 0.1322540 0.3277974 0.3603298 0.3389199 0.2558417 0.1676279 0.2334453 0.2592893 
Perityle_coronopifolia_28_patagonia        0.2730938 0.1943208 0.2928857 0.4125276 0.3161359 0.2544912 0.1838008 0.4135040 0.2402007 0.3585880 0.2492837 0.2413739 0.2080688 0.1997447 0.3285556 0.2145206 0.2754256 0.1431628 0.1710091 0.2309934 0.3274781 0.1689519 0.1983447 0.3803756 0.3258917 0.3128002 0.3320427 0.0000000 0.1902157 0.2085323 0.2960755 0.3295317 0.1775433 0.3157748 0.1599289 0.2925659 0.3340812 0.2941290 0.2375945 0.2481567 0.1520266 0.2095400 0.1910525 0.4105300 0.1850567 0.1828165 0.2597771 0.1518801 0.1880240 0.1701241 0.3698302 0.4035550 0.0915058 0.2207312 0.1927070 0.1801873 0.2682684 0.2589372 0.2562904 0.1138703 0.1152624 0.1673011 0.4145024 0.0450457 0.2427516 0.3757633 0.3714053 0.0772651 0.2433800 0.2151843 0.2367855 0.2692184 0.2259748 0.3634451 0.1634619 0.3665017 0.1789544 0.2531998 0.2615644 0.1042450 0.2346586 0.2293119 
Perityle_crassifolia_70_ventanas           0.1491392 0.1189808 0.1650230 0.2522550 0.1674910 0.1725053 0.1422551 0.3508524 0.0481130 0.1694509 0.2130920 0.2320037 0.1219614 0.1694889 0.3248606 0.1182535 0.1662499 0.1544388 0.1266423 0.0994989 0.2468770 0.0969412 0.1999653 0.3940092 0.1578678 0.1693058 0.1979115 0.1902157 0.0000000 0.0956142 0.1198547 0.2314481 0.0500700 0.1295531 0.1718717 0.1845452 0.1980769 0.1678578 0.1468106 0.1948717 0.1636502 0.1461670 0.1242644 0.1947617 0.1659870 0.1391276 0.1305717 0.1465979 0.1495562 0.1586032 0.2417011 0.1334683 0.0883147 0.1925976 0.1427246 0.1447293 0.1175618 0.1129911 0.1328806 0.1249439 0.2058616 0.1229265 0.1694327 0.1761178 0.1435851 0.1873103 0.1760033 0.0671789 0.1909076 0.2089233 0.0236778 0.1636215 0.1246771 0.2731898 0.1216447 0.1933046 0.1737313 0.1979927 0.1461512 0.1327915 0.1179923 0.0572411 
Perityle_crassifolia_74_playa_balandra     0.1288080 0.1437228 0.1729064 0.2146999 0.1746930 0.2097985 0.1508585 0.2166928 0.1055317 0.1420721 0.3839627 0.9475285 0.1736603 9.0000000 0.1911729 0.1389558 0.1680353 0.1747047 0.1740281 0.1346129 0.1718949 9.0000000 0.6127114 0.6486720 0.1720347 0.1536687 0.1769915 0.2085323 0.0956142 0.0000000 0.1594542 0.1171503 0.0950236 0.0974363 0.2016213 0.1493174 0.2023843 0.1840118 0.1783612 0.6228885 0.2141598 0.1444876 0.2139599 0.1913292 9.0000000 0.5627190 0.1663890 0.2042999 0.1629563 9.0000000 0.1551544 0.1703601 9.0000000 0.2007935 0.1707663 0.1401697 0.1710203 0.1657519 0.1860309 1.9758177 0.3952951 0.1286368 0.1617460 0.2027280 0.1702266 0.1629248 0.1229962 9.0000000 0.1746179 0.6127114 0.0697280 0.1673448 0.1736705 0.1831452 0.1710203 0.1528725 0.2216617 0.8004933 9.0000000 0.2209762 0.1738139 0.0698268 
Perityle_cuneata_34_cuneata_San_antonio    0.1969983 0.1337476 0.2348903 0.3775325 0.2668848 0.2127345 0.1329078 0.3530393 0.2698432 0.3338995 0.1969031 0.2384734 0.1667486 0.1839109 0.2812070 0.1946313 0.1399343 0.2004379 0.1294549 0.2242957 0.2916536 0.0669195 0.1639278 0.3258786 0.3387403 0.2386073 0.3291194 0.2960755 0.1198547 0.1594542 0.0000000 0.2835812 0.1934811 0.3081125 0.2941103 0.2386928 0.2764726 0.2241761 0.2498117 0.2499890 0.3190358 0.1709928 0.3206758 0.3111751 0.1326747 0.1202949 0.2496001 0.2277543 0.1630875 0.1279127 0.3239890 0.2981241 0.0782132 0.3933379 0.1700352 0.1462653 0.2806425 0.2594404 0.3478169 0.1809470 0.1973661 0.1492429 0.3899584 0.3161057 0.1653158 0.3243613 0.3453539 0.0501890 0.1771402 0.1768354 0.1799554 0.3002749 0.1929964 0.3098564 0.1047740 0.2698228 0.3003397 0.2341436 0.2275177 0.1310512 0.2449812 0.1532510 
Perityle_cuneata_4                         0.2362412 0.1809081 0.3145873 0.3990670 0.3290334 0.2978279 0.2909005 0.4004304 0.1795226 0.3647421 0.5445907 0.6827290 0.2272360 0.6277784 0.1956454 0.2847894 0.2604355 0.2489537 0.2437857 0.2653301 0.2563744 0.6983831 0.5595385 0.8061014 0.2956077 0.3217826 0.3462292 0.3295317 0.2314481 0.1171503 0.2835812 0.0000000 0.0985488 0.2120767 0.3578030 0.2485649 0.3275873 0.2992680 0.2979631 0.6320804 0.3358328 0.2426339 0.3055675 0.4357448 0.5404658 0.5239891 0.2943249 0.2992061 0.2842680 0.5372504 0.2880613 0.2536819 0.5741181 0.3755532 0.2311744 0.2082308 0.2697636 0.2299525 0.3385719 0.4288382 0.6492698 0.2150419 0.2952944 0.4037623 0.2869819 0.3471666 0.3684245 0.5662792 0.1775729 0.5739303 0.2674922 0.2816524 0.2228424 0.3204901 0.2026870 0.3093268 0.3934769 0.6289184 0.6253948 0.2865885 0.2587453 0.2596950 
Perityle_discoidea_81                      0.0214750 0.0273735 0.0947150 0.2352294 0.1701872 0.1179319 0.1551648 0.2615861 0.0014398 0.1615325 0.3839627 1.0816317 0.1867169 9.0000000 0.0957052 0.1120502 0.1383631 0.1410114 0.1424061 0.1899019 0.1475619 9.0000000 0.7439684 1.0124861 0.2503694 0.1860788 0.1719517 0.1775433 0.0500700 0.0950236 0.1934811 0.0985488 0.0000000 0.0597833 0.1839476 0.1148254 0.3012238 0.1436511 0.2331166 0.5309378 0.1482008 0.1826893 0.1581646 0.3072590 1.6525548 0.5216706 0.2259778 0.1492915 0.1599225 1.6525548 0.1530959 0.1898391 9.0000000 0.2818576 0.1355038 0.1533192 0.2345644 0.2199917 0.3465780 0.1237580 0.3024661 0.1307360 0.2263355 0.2352477 0.1681273 0.1732743 0.1660283 9.0000000 0.1172785 0.6659036 0.1858846 0.2200432 0.2203624 0.1578357 0.1018152 0.1786030 0.2536959 0.7268085 9.0000000 0.1153127 0.2212952 0.1845270 
Perityle_emoryi_47_punta_san_jose          0.1294359 0.0722713 0.1173821 0.3039613 0.2913480 0.1450601 0.1936087 0.3417958 0.1445275 0.2941210 0.6559115 0.9228273 0.2035367 0.8655428 0.1480587 0.2371483 0.2092484 0.1655145 0.1724350 0.3010434 0.2345682 1.3623710 0.6110695 1.0809690 0.3798982 0.3004418 0.2963357 0.3157748 0.1295531 0.0974363 0.3081125 0.2120767 0.0597833 0.0000000 0.2917231 0.2118984 0.4041432 0.2420892 0.3571771 0.7529001 0.2594746 0.2723343 0.2423425 0.3853681 0.7547856 0.6120280 0.3402186 0.2369921 0.2306011 0.6903789 0.2328006 0.2862659 0.8655428 0.3528086 0.1572505 0.1608194 0.3279786 0.2790815 0.3805535 0.3715092 0.7474549 0.1685661 0.3592601 0.3486566 0.2353182 0.2740685 0.2610805 0.8101021 0.1587361 0.6334373 0.2607997 0.3337451 0.2553500 0.2469008 0.1432310 0.2646342 0.3405997 0.6739176 0.8379348 0.1753224 0.3236274 0.2932638 
Perityle_feddemae_99                       0.2419834 0.1267765 0.2881789 0.3955573 0.2823442 0.2273825 0.1695100 0.4352079 0.2782897 0.3423004 0.2403318 0.2111689 0.1778006 0.1843069 0.3233476 0.2598434 0.2685683 0.1386866 0.1370459 0.2332513 0.3572236 0.0781535 0.1701111 0.4093344 0.3142764 0.3206589 0.3333347 0.1599289 0.1718717 0.2016213 0.2941103 0.3578030 0.1839476 0.2917231 0.0000000 0.3210895 0.3223622 0.2829527 0.2531478 0.2448082 0.0555460 0.2132566 0.0565398 0.4210235 0.1549280 0.1458551 0.2821807 0.0378943 0.1840735 0.1255898 0.3628748 0.4379422 0.0945813 0.2801961 0.1614885 0.1711628 0.3124415 0.2905711 0.3061823 0.0921489 0.1403524 0.1520071 0.4163952 0.2026117 0.2376344 0.3744788 0.3639258 0.0811573 0.2591250 0.1866845 0.2423840 0.2777746 0.1894358 0.3722891 0.1293009 0.3265153 0.1915124 0.2200897 0.2369663 0.1341796 0.2856505 0.2553292 
Perityle_fosteri_93                        0.1934031 0.1802503 0.3153748 0.3609147 0.2796641 0.1690036 0.2516857 0.3418373 0.2001932 0.2976337 0.3676520 0.6912842 0.0735102 0.4076462 0.1588014 0.1636365 0.2171716 0.1817664 0.1063781 0.1735910 0.1862984 9.0000000 0.5393565 0.8356380 0.1799271 0.2281404 0.2983970 0.2925659 0.1845452 0.1493174 0.2386928 0.2485649 0.1148254 0.2118984 0.3210895 0.0000000 0.2725915 0.2436419 0.1933788 0.4930528 0.2948052 0.1118086 0.2837131 0.3832960 0.3765312 0.4339848 0.1783479 0.2736640 0.1391030 0.3735119 0.2004170 0.1987942 0.4973296 0.3375359 0.1928896 0.1148618 0.1729205 0.1309650 0.2745547 0.3956583 0.4022203 0.1726625 0.1496331 0.3890276 0.1990939 0.2967483 0.2605717 0.4511181 0.0525791 0.5568912 0.2307945 0.1534119 0.1008618 0.1644750 0.0921794 0.2314225 0.3940251 0.5834704 0.4850612 0.2428377 0.1720414 0.2517019 
Perityle_gamon_221                         0.2825811 0.1670253 0.2660311 0.4190210 0.2481366 0.2601027 0.1803746 0.4269588 0.3453632 0.3114239 0.2205740 0.3063343 0.1868357 0.1705849 0.3381401 0.2498910 0.2878156 0.1869583 0.1337401 0.2196785 0.3338001 0.1425781 0.2120426 0.4037881 0.3482993 0.2015984 0.3027476 0.3340812 0.1980769 0.2023843 0.2764726 0.3275873 0.3012238 0.4041432 0.3223622 0.2725915 0.0000000 0.2094232 0.2773707 0.2618643 0.3257405 0.2310032 0.2915733 0.2537125 0.1926302 0.1328812 0.2732991 0.2666361 0.2251687 0.2018169 0.3218692 0.3774050 0.0746775 0.3975805 0.1672302 0.1391863 0.2736561 0.2754593 0.3221925 0.1891389 0.2444160 0.1460678 0.4218811 0.3342219 0.1956629 0.3679973 0.2863447 0.0782893 0.2402909 0.2054845 0.2670333 0.2772159 0.1863821 0.3181277 0.1468766 0.3175203 0.3131795 0.3109692 0.2515471 0.1478940 0.2374354 0.2613171 
Perityle_gentryi_8_san_francisco           0.2172327 0.1212583 0.2248831 0.3506055 0.2135605 0.2250962 0.1455340 0.4023265 0.2072526 0.2895011 0.2219663 0.2434626 0.1182239 0.1368367 0.2229218 0.1707900 0.2331147 0.1461094 0.1178266 0.1421275 0.2789341 0.1038727 0.2214133 0.3629976 0.2373493 0.1748014 0.2026191 0.2941290 0.1678578 0.1840118 0.2241761 0.2992680 0.1436511 0.2420892 0.2829527 0.2436419 0.2094232 0.0000000 0.2365776 0.2329462 0.2763248 0.1660858 0.2205220 0.2732109 0.1727224 0.1146239 0.2015356 0.2231107 0.1805042 0.1626673 0.2872873 0.3024334 0.0284451 0.3112148 0.0871746 0.0932194 0.1573565 0.1379911 0.2475029 0.1312159 0.2127477 0.0978864 0.2943263 0.2875693 0.1476409 0.3092918 0.2634856 0.0335104 0.1673740 0.2081069 0.2329772 0.2164716 0.1213994 0.3037517 0.0793735 0.2654952 0.3009011 0.2537352 0.1817508 0.1515021 0.1542655 0.2363849 
Perityle_gilensis_22_Superstition          0.2089841 0.1225164 0.2406554 0.3572070 0.2591133 0.2139411 0.1618307 0.4123971 0.3160214 0.3018919 0.0977050 0.1045692 0.0740742 0.1059616 0.2876467 0.1273349 0.2288331 0.1905764 0.0311341 0.0981506 0.2482370 0.0238521 0.0401991 0.3155359 0.1499461 0.2518697 0.3006991 0.2375945 0.1468106 0.1783612 0.2498117 0.2979631 0.2331166 0.3571771 0.2531478 0.1933788 0.2773707 0.2365776 0.0000000 0.1789286 0.2565180 0.0490847 0.2684119 0.3348117 0.0305740 0.0320024 0.1299943 0.2149998 0.0661779 0.0113806 0.2109233 0.4009493 0.0164870 0.3133697 0.1857756 0.1380755 0.1158214 0.1013161 0.3212129 0.1822510 0.1666512 0.1459972 0.2499632 0.2918254 0.1640822 0.3163453 0.3004889 0.0142107 0.1478506 0.0672754 0.2170748 0.1060422 0.0348262 0.2552183 0.0438579 0.2634618 0.2651828 0.1343051 0.1420557 0.1277723 0.0858356 0.2097456 
Perityle_gilensis_salensis_225             0.2015948 0.1845949 0.2580381 0.4535416 0.2843290 0.3059015 0.1745840 0.5533877 0.6430008 0.3043441 0.1472719 0.1846567 0.0782926 0.1173609 0.6393986 0.1610849 0.2898912 0.2490883 0.1148301 0.0642427 0.5654097 0.0275157 0.1369254 0.1197133 0.1950116 0.2282171 0.2384786 0.2481567 0.1948717 0.6228885 0.2499890 0.6320804 0.5309378 0.7529001 0.2448082 0.4930528 0.2618643 0.2329462 0.1789286 0.0000000 0.2478684 0.1858359 0.1990547 0.2963229 0.1392275 0.1269995 0.1926691 0.2386399 0.2074702 0.1257088 0.5130687 0.7043367 0.0267474 0.2902803 0.1767507 0.1328055 0.1172708 0.1158477 0.1987999 0.0872751 0.2710993 0.1816568 0.2469883 0.2848078 0.1494758 0.2626592 0.2887469 0.0222187 0.4499013 0.1510786 0.2094874 0.1899542 0.1216945 0.5603243 0.0682386 0.2429732 0.2869838 0.2379533 0.2048158 0.1639706 0.0810842 0.1939651 
Perityle_glaucescens_94                    0.2314858 0.1301066 0.2756535 0.3856269 0.2663579 0.2283111 0.1608331 0.4235650 0.2389247 0.3485404 0.2359357 0.2080520 0.1797644 0.1868059 0.3040423 0.2501164 0.2438947 0.1456015 0.1349160 0.2270386 0.3140362 0.0902526 0.1711441 0.3602124 0.3162244 0.3044447 0.3304134 0.1520266 0.1636502 0.2141598 0.3190358 0.3358328 0.1482008 0.2594746 0.0555460 0.2948052 0.3257405 0.2763248 0.2565180 0.2478684 0.0000000 0.2030410 0.1012582 0.3718127 0.1490615 0.1424774 0.2699733 0.0195110 0.1728843 0.1244970 0.3202834 0.3906560 0.0970755 0.2690268 0.1520456 0.1673821 0.2818786 0.2639926 0.3109182 0.2105333 0.1430414 0.1463117 0.4268172 0.1917252 0.2186534 0.3566976 0.3803669 0.0773392 0.2287883 0.1872764 0.2305803 0.3021911 0.1894755 0.3453158 0.1159489 0.3038952 0.1895701 0.2215864 0.2394683 0.1306465 0.2593327 0.2377514 
Perityle_gracilis_11                       0.1752461 0.1133260 0.2161925 0.3244026 0.2043988 0.1954464 0.1566133 0.3889283 0.2315713 0.2267430 0.1042950 0.1083541 0.0565488 0.1051985 0.2523599 0.0850124 0.2140728 0.1749678 0.0207303 0.0546317 0.1440932 0.0247074 0.0650581 0.2910709 0.0454146 0.1914564 0.2289706 0.2095400 0.1461670 0.1444876 0.1709928 0.2426339 0.1826893 0.2723343 0.2132566 0.1118086 0.2310032 0.1660858 0.0490847 0.1858359 0.2030410 0.0000000 0.1827910 0.2665271 0.0290137 0.0260991 0.0536056 0.1862309 0.0504108 0.0109086 0.1677866 0.2684092 0.0163618 0.2385216 0.1573141 0.1172932 0.0455214 0.0391861 0.2342121 0.1116232 0.1648101 0.1422973 0.1148200 0.2592564 0.1511473 0.2354433 0.2070298 0.0114013 0.0763116 0.0867733 0.1846325 0.0410632 0.0111005 0.1924332 0.0109951 0.2000075 0.2277294 0.1107039 0.1141208 0.1157360 0.0355423 0.1846224 
Perityle_harkerae_31                       0.1958770 0.1270338 0.2504403 0.3765867 0.2545145 0.1915877 0.1504506 0.3837400 0.2053960 0.3285559 0.1832791 0.2098731 0.1750457 0.1538742 0.3097332 0.1962268 0.2412155 0.1312280 0.1293853 0.2147803 0.2897567 0.0626988 0.1774539 0.3923688 0.3119105 0.2634553 0.3272477 0.1910525 0.1242644 0.2139599 0.3206758 0.3055675 0.1581646 0.2423425 0.0565398 0.2837131 0.2915733 0.2205220 0.2684119 0.1990547 0.1012582 0.1827910 0.0000000 0.3283276 0.1443399 0.1531945 0.2440536 0.0206656 0.1600391 0.0950444 0.3213529 0.3288061 0.0828065 0.2813959 0.1519337 0.1656966 0.2706261 0.2734024 0.3069574 0.0704524 0.1224513 0.1458174 0.3639735 0.1864998 0.2085946 0.2935100 0.3411913 0.0527893 0.2509432 0.1916302 0.1991843 0.3112921 0.1910198 0.3451575 0.1155455 0.2617579 0.2180561 0.2185040 0.2009651 0.1145862 0.2418022 0.2142511 
Perityle_hofmeisteria_4_nombre_de_dios     0.2954282 0.1514096 0.2961766 0.4496121 0.2702835 0.2322681 0.1808710 0.4315158 0.3893825 0.3623271 0.2476217 0.3441772 0.1834901 0.2114070 0.3504328 0.2966845 0.2534155 0.1944486 0.1648319 0.2897403 0.4142832 0.1044174 0.2277628 0.3640630 0.4014765 0.2886491 0.3631708 0.4105300 0.1947617 0.1913292 0.3111751 0.4357448 0.3072590 0.3853681 0.4210235 0.3832960 0.2537125 0.2732109 0.3348117 0.2963229 0.3718127 0.2665271 0.3283276 0.0000000 0.2289624 0.1552965 0.3394491 0.3546863 0.2586182 0.2657461 0.3811306 0.5108394 0.1132859 0.4408125 0.1881440 0.1680545 0.3292365 0.3013632 0.3631355 0.1953667 0.2096829 0.1680296 0.4906185 0.3812901 0.2670084 0.4212060 0.3481031 0.0784252 0.2940282 0.2225095 0.2939462 0.3309703 0.2135834 0.3974421 0.1713017 0.3958583 0.3694983 0.3198950 0.2803361 0.1738275 0.3178214 0.3122218 
Perityle_huecosensis_48                    0.1844366 0.1104089 0.1677738 0.3899744 0.2306359 0.2574375 0.1552595 0.4900777 9.0000000 0.2229365 0.0993002 0.0594396 0.0241265 0.1115331 0.6160274 0.0796164 0.2153973 0.1591028 0.0192740 0.0370916 0.4585513 0.0355967 0.0191827 0.1073901 0.1083612 0.1495895 0.1913576 0.1850567 0.1659870 9.0000000 0.1326747 0.5404658 1.6525548 0.7547856 0.1549280 0.3765312 0.1926302 0.1727224 0.0305740 0.1392275 0.1490615 0.0290137 0.1443399 0.2289624 0.0000000 0.0181618 0.0656623 0.1421732 0.0497059 0.0272663 0.5254246 9.0000000 0.0319836 0.2047650 0.1206946 0.1138414 0.0806134 0.0846386 0.2572891 0.1036304 0.1702829 0.1427854 0.2514932 0.1844394 0.0785905 0.2570223 0.2276835 0.0306435 0.3654883 0.0355941 0.1998866 0.0371252 0.0324056 0.5252145 0.0242856 0.2313769 0.1659893 0.1066283 0.1628559 0.1204115 0.0141412 0.1527751 
Perityle_intricata_59_Clark_mtns           0.1319285 0.1133119 0.1181209 0.3788406 0.1669805 0.2364806 0.1729328 0.4469491 0.5216706 0.1712173 0.0622350 0.0696223 0.0398779 0.0999973 0.5892153 0.0848855 0.2173806 0.1654115 0.0218745 0.0674726 0.4748539 0.0243148 0.0094574 0.2516649 0.1238220 0.1088176 0.1627035 0.1828165 0.1391276 0.5627190 0.1202949 0.5239891 0.5216706 0.6120280 0.1458551 0.4339848 0.1328812 0.1146239 0.0320024 0.1269995 0.1424774 0.0260991 0.1531945 0.1552965 0.0181618 0.0000000 0.0654499 0.1322118 0.0470203 0.0045380 0.5079438 0.5567829 0.0162896 0.2236421 0.1257626 0.1228891 0.1048818 0.1108898 0.2829563 0.0942461 0.1431477 0.1518944 0.2222093 0.1779997 0.0822188 0.2212086 0.1697637 0.0112091 0.4004798 0.0228142 0.1640404 0.0343296 0.0448252 0.5163482 0.0294183 0.1953165 0.1477842 0.0976196 0.1514711 0.1230032 0.0433768 0.1082986 
