83
Amauria_brandeegeana_62                    0.0000000 0.0551844 0.1208417 0.2756688 0.1169995 0.0889335 0.1719717 0.1140376 0.2869563 0.1422721 0.1458214 0.1764408 0.1415516 0.1768469 0.1546460 0.0794704 0.1813608 0.1210516 0.1970063 0.1888991 0.1387471 0.0224940 0.1472196 0.2143458 0.1451586 0.2209111 0.2512559 0.1550231 0.1907002 0.0862360 0.2714459 0.2319554 0.1093676 0.1263287 0.2404277 0.1388140 0.0725601 0.2049763 0.1428446 0.1891087 0.1378983 0.1676343 0.1097330 0.1697114 0.1622109 0.1911163 0.1225016 0.1359899 0.1464217 0.1708133 0.2040783 0.2044383 0.1514687 0.3122750 0.1840017 0.1717634 0.1166926 0.0969934 0.1495138 0.1418451 0.2015612 0.0117821 0.1111342 0.0619800 0.1774424 0.1447502 0.2752012 0.1525079 0.3058877 0.1312963 0.2009126 0.1407957 0.2237181 0.1386376 0.1332332 0.1169791 0.0412190 0.1616769 0.1742818 0.1086195 0.0867980 0.1471156 0.1688965 
Amauria_carterae_99_mesa                   0.0551844 0.0000000 0.0936096 0.2180223 0.0809783 0.0218067 0.1629458 0.1216064 0.2261079 0.0795606 0.1049494 0.1450075 0.1206937 0.1034985 0.0854561 0.1036939 0.1224822 0.1403092 0.1349803 0.1368208 0.1022376 0.0221674 0.0983663 0.1139171 0.1034213 0.2000711 0.1471037 0.1265079 0.1325283 0.1086026 0.1819591 0.1459582 0.0597425 0.0883978 0.1076110 0.1053422 0.0817597 0.2158344 0.0959928 0.1089585 0.0960658 0.1149411 0.0751097 0.1106027 0.1154417 0.1501413 0.0685015 0.0850104 0.1078354 0.1113471 0.1394955 0.0929870 0.0921201 0.2163111 0.1449029 0.1169007 0.1158380 0.0942136 0.1075216 0.1053031 0.1406510 0.0162873 0.1058813 0.0410419 0.1397275 0.1238690 0.1728399 0.1104576 0.2275446 0.1442762 0.1405309 0.0984748 0.1364881 0.1088342 0.0865775 0.1118527 0.0613590 0.1168420 0.1259775 0.1392803 0.1047458 0.1069554 0.1331484 
Amauria_rotundifolia_SRR9119150            0.1208417 0.0936096 0.0000000 0.3116085 0.1682640 0.1723957 0.2116609 0.1587499 0.3205966 0.1758013 0.1743614 0.2289447 0.1742904 0.2131649 0.1937899 0.1056420 0.2236401 0.1697039 0.2392626 0.2144890 0.1833596 0.0426059 0.1762780 0.2525385 0.1787362 0.3185673 0.2754409 0.2007975 0.2306932 0.1103380 0.2742450 0.2659453 0.1413085 0.1550595 0.2872759 0.1903403 0.0997557 0.2596029 0.1916680 0.2106449 0.1592171 0.1992407 0.1472054 0.2047589 0.1980617 0.2370964 0.1727829 0.1705555 0.1820525 0.2014930 0.2399911 0.2192075 0.2149658 0.3419567 0.2198853 0.2208122 0.1529202 0.1575729 0.1834163 0.1716349 0.2616426 0.0302305 0.1665071 0.0913851 0.2325770 0.1984599 0.3004761 0.1733662 0.3285103 0.1506883 0.2409411 0.1710950 0.2426859 0.1821406 0.1725265 0.1544365 0.0694778 0.1796552 0.2044863 0.1297771 0.1165736 0.1750081 0.2321582 
Conoclinium_coelestinum_SRR9119114         0.2756688 0.2180223 0.3116085 0.0000000 0.2768917 0.3387401 0.1778489 0.2040734 0.3982837 0.3099603 0.3074326 0.3007250 0.2854750 0.3195859 0.2448584 0.1833160 0.2779870 0.3117210 0.2905834 0.2824381 0.2764550 0.1521305 0.3140048 0.3128960 0.2954356 0.3596514 0.3494610 0.3233373 0.3329899 0.2967135 0.3918843 0.3562732 0.2847080 0.3045415 0.5373723 0.2958946 0.2063048 0.3532858 0.3169307 0.3391750 0.3038581 0.3235164 0.2691760 0.3170967 0.3325644 0.3000384 0.2581117 0.3034908 0.2948438 0.3156972 0.2942906 0.3355134 0.2926122 0.3843233 0.2939045 0.3201641 0.2669153 0.2595699 0.2941028 0.2862306 0.3691004 0.1531800 0.2678939 0.1492008 0.3022686 0.2976705 0.3485318 0.2763259 0.5442500 0.1733510 0.2848535 0.3090690 0.3444654 0.2961144 0.2648487 0.2763799 0.1798284 0.2790191 0.3068399 0.2022959 0.2606046 0.2927733 0.2833987 
Eutetras_palmeri_63                        0.1169995 0.0809783 0.1682640 0.2768917 0.0000000 0.0039134 0.1727040 0.1550002 0.2600145 0.1353976 0.1347130 0.2002622 0.1161376 0.1592427 0.0801419 0.0965851 0.1585480 0.1433456 0.1534312 0.1307892 0.1085086 0.0459999 0.1377365 0.1951577 0.1185975 0.2405761 0.2140166 0.1438929 0.1679050 0.0981285 0.2139852 0.2166972 0.1292852 0.1184233 0.1659608 0.1222399 0.0872078 0.1632957 0.1131443 0.1336273 0.1076345 0.1571343 0.0934572 0.1198545 0.1397430 0.1625574 0.0920987 0.1285583 0.1199648 0.1346252 0.1525115 0.1833777 0.1493225 0.2271497 0.1354608 0.1503720 0.1285077 0.0833313 0.1096051 0.1294009 0.1798290 0.0226614 0.1189347 0.0561880 0.2067035 0.1371379 0.1984831 0.1390651 0.2074235 0.1565858 0.1649509 0.1330987 0.1798333 0.1328449 0.0854879 0.0755745 0.0489940 0.1399293 0.1343409 0.1321849 0.0930238 0.1334284 0.1442274 
Eutetras_pringlei_149_quer                 0.0889335 0.0218067 0.1723957 0.3387401 0.0039134 0.0000000 0.1535458 0.1419178 0.2167989 0.0816980 0.0681949 0.3137877 0.0812135 0.0853876 0.0653300 0.0000010 0.0674618 0.0494122 0.0706489 0.0698942 0.0825176 0.0383688 0.0877542 0.0819935 0.0824801 0.3268769 0.0925045 0.0920424 0.0887781 0.0774890 0.0747684 0.1002352 0.1155636 0.0886141 0.0481352 0.0654086 9.0000000 0.0656343 0.0877603 0.0992865 0.0857008 0.0833099 0.0537336 0.0807873 0.0734452 0.0582736 0.0655289 0.0993946 0.0859253 0.0809867 0.0686850 0.0855092 0.2659469 0.0711585 0.0667791 0.1119568 0.0873071 0.0567975 0.0839608 0.0828276 0.0849039 0.0226614 0.0500545 0.0402255 0.3055449 0.0831903 0.0582050 0.0767351 0.0509843 0.0447530 0.0567791 0.0877542 0.0931419 0.0901432 0.0827899 0.0657339 0.0542772 0.0844050 0.0625058 0.0598265 0.0605579 0.0812120 0.0418875 
Eutrochium_fistulosum_SRR9119106           0.1719717 0.1629458 0.2116609 0.1778489 0.1727040 0.1535458 0.0000000 0.1292323 0.2951084 0.2169577 0.2079578 0.2057394 0.1916149 0.2144339 0.1643357 0.1326522 0.1706896 0.2116243 0.1901755 0.1827178 0.1829342 0.0795671 0.2143857 0.2225361 0.1974466 0.2549881 0.2654234 0.2342290 0.2611926 0.1477836 0.2928806 0.2841254 0.1887903 0.2029871 0.4045552 0.2057539 0.1457667 0.2328148 0.2203358 0.2295015 0.2030204 0.2308632 0.1751428 0.2271736 0.2335428 0.2030790 0.1551435 0.2061855 0.1923267 0.2265348 0.1993357 0.2368006 0.2032348 0.2856093 0.2016723 0.2163807 0.1743762 0.1545283 0.1914612 0.1946587 0.2823034 0.0749830 0.1762238 0.0826790 0.2126664 0.2140495 0.2722329 0.1999857 0.4243664 0.1188756 0.1886382 0.2082403 0.2675105 0.1960037 0.1720940 0.1793827 0.1099580 0.1975212 0.2076106 0.1433795 0.1796979 0.1898490 0.1796295 
Galeana_pratensis_104_mex                  0.1140376 0.1216064 0.1587499 0.2040734 0.1550002 0.1419178 0.1292323 0.0000000 0.1764582 0.1679740 0.1691267 0.2317198 0.1290076 0.1389825 0.1566301 9.0000000 0.1628801 0.1398060 0.1684855 0.1563052 0.1521465 0.1285890 0.1567201 0.1582839 0.1513693 0.2614587 0.1658535 0.1688904 0.1714258 0.1561549 0.1617483 0.1727837 0.1531619 0.1397670 0.1465297 0.1552237 9.0000000 0.1754574 0.1639599 0.1862978 0.1535553 0.1633607 0.1293553 0.1739676 0.1804892 0.1651607 0.1418986 0.1484923 0.1576332 0.1739676 0.1728084 0.1565361 0.1660345 0.1471784 0.1646826 0.1523604 0.1660888 0.1244125 0.1377291 0.1554568 0.1424009 0.0928617 0.1446128 0.1196503 0.2246876 0.1685845 0.1477889 0.1373283 0.1370639 0.1227870 0.1623305 0.1567201 0.1752892 0.1462708 0.1290152 0.1731227 0.1420575 0.1468085 0.1605066 0.1464436 0.1405574 0.1297316 0.1185455 
Helianthus_annuus_SRR9119062               0.2869563 0.2261079 0.3205966 0.3982837 0.2600145 0.2167989 0.2951084 0.1764582 0.0000000 0.2975645 0.2867113 0.3220531 0.2744037 0.2911862 0.2579649 0.2542351 0.3123628 0.3067031 0.3246396 0.3041253 0.2810556 0.1070102 0.2906924 0.2854569 0.2722608 0.3742942 0.3046021 0.2962619 0.3293750 0.2147759 0.3577476 0.3385407 0.2873852 0.2751518 0.3347375 0.2795262 0.2931146 0.3181339 0.2745095 0.3042881 0.2741781 0.2871447 0.2614665 0.2787210 0.2823581 0.3125603 0.2571818 0.2784169 0.2787407 0.2825747 0.3175929 0.2914301 0.3180434 0.3919192 0.3182468 0.2836862 0.2433452 0.2238242 0.2775829 0.2724247 0.3062798 0.1056929 0.2200608 0.1721887 0.3258447 0.2946689 0.3601525 0.2763181 0.3823576 0.1971845 0.3049419 0.2868466 0.3287226 0.2779502 0.2769813 0.2643445 0.1757435 0.2781553 0.3111218 0.2501957 0.2148527 0.2773903 0.2808911 
Lycapsus_tenuifolius_17                    0.1422721 0.0795606 0.1758013 0.3099603 0.1353976 0.0816980 0.2169577 0.1679740 0.2975645 0.0000000 0.1682979 0.2155180 0.1289313 0.1403288 0.1256657 0.1319443 0.1727712 0.1659085 0.1840551 0.1581434 0.1249105 0.0442794 0.1416356 0.2028505 0.1223346 0.3637120 0.2229738 0.1664914 0.0782667 0.0053408 0.2164396 0.2611664 0.0776484 0.1143613 0.2502733 0.1421624 0.0864562 0.2176054 0.1114313 0.1701147 0.1025313 0.1706649 0.0927296 0.1311437 0.1706988 0.1792639 0.1142275 0.1255404 0.1314026 0.1547418 0.1844162 0.1993497 0.2088570 0.2346703 0.1594335 0.1600763 0.1355846 0.1113432 0.1341678 0.1431178 0.1885416 0.0499750 0.1315851 0.0684364 0.2483847 0.1507219 0.2282134 0.1484098 0.2125581 0.1539211 0.2032802 0.1379726 0.0910592 0.1363877 0.1171920 0.1136970 0.0652520 0.1437727 0.1502785 0.1218980 0.1193584 0.1472706 0.1554804 
Pericome_caudata_50_silver                 0.1458214 0.1049494 0.1743614 0.3074326 0.1347130 0.0681949 0.2079578 0.1691267 0.2867113 0.1682979 0.0000000 0.2326517 0.1167695 0.1822718 0.1563990 0.1300613 0.2060343 0.1692414 0.2169936 0.1764271 0.1273827 0.0655549 0.1495480 0.1984795 0.1446868 0.3595724 0.1976467 0.1578563 0.1786975 0.0935999 0.2311720 0.2631763 0.1628399 0.1425861 0.2563815 0.1261508 0.1113992 0.1932565 0.1225254 0.1713067 0.1285990 0.1544153 0.1082515 0.1370161 0.1469712 0.2191912 0.0996248 0.1567400 0.1424497 0.1634651 0.2025731 0.2225884 0.2499531 0.2634069 0.1768950 0.1681205 0.1363480 0.1098958 0.1310777 0.1397589 0.1820020 0.0500516 0.1144488 0.1411664 0.2417461 0.1403515 0.2085178 0.1483493 0.2072306 0.1604177 0.2234291 0.1458801 0.1792654 0.1563912 0.1081732 0.1168497 0.0779782 0.1439527 0.1543316 0.1492889 0.1269627 0.1435615 0.1663499 
Perityle_aglossa_84_dead_horse             0.1764408 0.1450075 0.2289447 0.3007250 0.2002622 0.3137877 0.2057394 0.2317198 0.3220531 0.2155180 0.2326517 0.0000000 0.2070031 0.2398549 0.2070552 0.0808048 0.2222742 0.2284942 0.2657564 0.2270940 0.2183475 0.0692660 0.2119275 0.2873099 0.2262037 0.2773744 0.3299034 0.2634338 0.2784754 0.2541011 0.3717242 0.3099547 0.1673152 0.1862661 0.4831313 0.2256699 0.0686681 0.2863624 0.2281173 0.1889914 0.1923293 0.2416664 0.1758532 0.2398481 0.2561600 0.2245192 0.2073416 0.2069260 0.2259542 0.2365975 0.2378117 0.2635107 0.1945983 0.3605888 0.2138678 0.2553467 0.2038467 0.2086806 0.2191592 0.2145177 0.3063063 0.1247292 0.2091522 0.1080713 0.0188266 0.2444408 0.3303836 0.2451907 0.4607898 0.1951983 0.2184735 0.2054810 0.2949702 0.2263512 0.1984584 0.1938074 0.1485190 0.2567842 0.2247732 0.1052174 0.1834487 0.2190396 0.2248741 
Perityle_ajoensis_204                      0.1415516 0.1206937 0.1742904 0.2854750 0.1161376 0.0812135 0.1916149 0.1290076 0.2744037 0.1289313 0.1167695 0.2070031 0.0000000 0.1246842 0.1074620 0.0837740 0.1251613 0.1477660 0.1504906 0.1261742 0.0321864 0.0274305 0.0983682 0.0641171 0.0419905 0.2627390 0.1360083 0.1663492 0.1891302 0.1119502 0.2282944 0.2052386 0.1473898 0.0682201 0.2320455 0.1455249 0.0594860 0.1705121 0.1102868 0.1357823 0.0908889 0.1544701 0.0598154 0.1517018 0.1374881 0.1424916 0.1086840 0.0841845 0.0351169 0.1487708 0.1492646 0.1283180 0.1725518 0.2453273 0.1422671 0.1439822 0.1007201 0.0700896 0.0306721 0.0344143 0.1906817 0.0288901 0.1294701 0.0598270 0.1926418 0.1623555 0.2003928 0.1610165 0.2415977 0.1890659 0.1376244 0.0933238 0.1995314 0.0414325 0.0361124 0.1089446 0.0361831 0.1701320 0.1147506 0.1236960 0.1190695 0.0329317 0.1350325 
Perityle_ambrosiifolia_67_green            0.1768469 0.1034985 0.2131649 0.3195859 0.1592427 0.0853876 0.2144339 0.1389825 0.2911862 0.1403288 0.1822718 0.2398549 0.1246842 0.0000000 0.1157614 0.1071431 0.1710269 0.1288405 0.1614261 0.1731440 0.1165003 0.0397722 0.0751661 0.1569540 0.1272945 0.3470833 0.1532825 0.1874132 0.1355104 0.1010860 0.1619644 0.1621077 0.1584147 0.0652893 0.2058710 0.1637609 0.1189182 0.2529190 0.0463093 0.1452492 0.0572345 0.1843944 0.0684618 0.1534837 0.1749970 0.1783147 0.1209070 0.0651768 0.1297990 0.1751384 0.1870553 0.0871599 0.2409932 0.2165778 0.1764091 0.1640404 0.1165060 0.0796801 0.1217287 0.1398558 0.1843286 0.0288404 0.1007621 0.0572899 0.2657404 0.1801294 0.1692401 0.1760056 0.1922428 0.1374935 0.1616203 0.0730626 0.1302805 0.1414395 0.1105280 0.1238717 0.0673009 0.1710393 0.1664066 0.1704159 0.1213644 0.1381697 0.1740873 
Perityle_angustifolia_13_Eagle_creek       0.1546460 0.0854561 0.1937899 0.2448584 0.0801419 0.0653300 0.1643357 0.1566301 0.2579649 0.1256657 0.1563990 0.2070552 0.1074620 0.1157614 0.0000000 0.0297413 0.0649220 0.1386536 0.0747711 0.0647468 0.0975655 0.0261582 0.1821136 0.1208944 0.1208063 0.2868314 0.2090423 0.1213364 0.1335517 0.1425996 0.2151944 0.1621051 0.1379220 0.1065075 0.2364234 0.1145941 0.0493681 0.1337220 0.1156891 0.1819026 0.1097222 0.1399055 0.0828345 0.1330208 0.1718246 0.0499341 0.0854648 0.1202553 0.1615648 0.1692607 0.0573224 0.1246900 0.2053258 0.1592161 0.0402446 0.1337754 0.1350042 0.1004103 0.1283534 0.0988838 0.1378379 0.0309292 0.0818157 0.0735805 0.2364849 0.1197181 0.1000649 0.1099800 0.2148637 0.0166705 0.0804425 0.1775805 0.1364024 0.1207862 0.0993310 0.0832347 0.0799457 0.1164857 0.0404103 0.0061463 0.0918865 0.1286158 0.1469105 
Perityle_batopilensis_97                   0.0794704 0.1036939 0.1056420 0.1833160 0.0965851 0.0000010 0.1326522 9.0000000 0.2542351 0.1319443 0.1300613 0.0808048 0.0837740 0.1071431 0.0297413 0.0000000 0.0859417 0.1361937 0.0905368 0.0779756 0.0671989 9.0000000 0.1010482 0.0940564 0.0858265 0.0818381 0.1270983 0.1522892 0.1469714 0.4013683 0.2315562 0.1835831 0.1129621 0.0866801 0.6591546 0.1445101 0.0798036 0.1264636 0.0708828 0.1200420 0.0901653 0.1607156 0.0774591 0.1112265 0.1647783 0.1108624 0.0755500 0.0848853 0.0740608 0.1517424 0.0615303 0.1014588 0.0835097 0.1243232 0.0714824 0.1486107 0.0733317 0.0717796 0.0701269 0.0850625 0.2109944 9.0000000 0.0779928 0.0260392 0.1039598 0.1521063 0.1023100 0.1247658 0.7832979 0.0869185 0.0952981 0.0996241 0.1449019 0.0793078 0.0555969 0.0856541 0.0407695 0.1403845 0.1039943 0.0790014 0.1374072 0.0900254 0.0619280 
Perityle_bisetosa_9                        0.1813608 0.1224822 0.2236401 0.2779870 0.1585480 0.0674618 0.1706896 0.1628801 0.3123628 0.1727712 0.2060343 0.2222742 0.1251613 0.1710269 0.0649220 0.0859417 0.0000000 0.1645515 0.0384566 0.0274145 0.1098358 0.0082334 0.1936087 0.2260004 0.1418432 0.3282620 0.2735653 0.1747330 0.1986538 0.1558124 0.3005761 0.2902997 0.1724821 0.1263194 0.3245913 0.1508261 0.0164861 0.1930799 0.1399386 0.2035788 0.1340762 0.2208016 0.0955848 0.1729151 0.2220346 0.0387169 0.0716629 0.1451855 0.1461940 0.2271252 0.0648336 0.1668622 0.1943068 0.2242822 0.0311723 0.1862284 0.1348748 0.1179428 0.1543254 0.1484161 0.2042111 0.0267575 0.1409424 0.0783584 0.2801046 0.1479427 0.1587890 0.1801103 0.2784884 0.0217190 0.0638945 0.1820567 0.2165583 0.1399132 0.0943824 0.1279079 0.0730867 0.1726296 0.0802578 0.0264199 0.0851006 0.1648216 0.1541813 
Perityle_californica_76_positas            0.1210516 0.1403092 0.1697039 0.3117210 0.1433456 0.0494122 0.2116243 0.1398060 0.3067031 0.1659085 0.1692414 0.2284942 0.1477660 0.1288405 0.1386536 0.1361937 0.1645515 0.0000000 0.1566739 0.1690022 0.1460166 0.0439272 0.1707144 0.1364193 0.1550783 0.2554262 0.1301128 0.1991555 0.1328701 0.0846810 0.1215822 0.1085740 0.1466553 0.1467087 0.1313680 0.1612707 0.1753326 0.1959956 0.1428361 0.1981410 0.1489928 0.1941227 0.1225457 0.1642583 0.1890220 0.1866884 0.1350289 0.1436312 0.1490687 0.1822346 0.1783689 0.1252282 0.1903451 0.1884265 0.1706510 0.1994418 0.1060388 0.0816470 0.1439740 0.1626659 0.1927770 0.0157211 0.1014300 0.0762622 0.2433701 0.1835380 0.1645308 0.1805765 0.2325454 0.1286437 0.1649640 0.1675037 0.1254150 0.1541955 0.1397337 0.1414750 0.0563934 0.1695301 0.1729140 0.1666972 0.1507940 0.1638800 0.1587843 
Perityle_castillonii_96                    0.1970063 0.1349803 0.2392626 0.2905834 0.1534312 0.0706489 0.1901755 0.1684855 0.3246396 0.1840551 0.2169936 0.2657564 0.1504906 0.1614261 0.0747711 0.0905368 0.0384566 0.1566739 0.0000000 0.0448525 0.1276455 0.0122796 0.2226329 0.2040836 0.1932895 0.3168518 0.2616933 0.1890560 0.1883373 0.1554880 0.2902124 0.2137034 0.1913420 0.1554138 0.3352946 0.1751190 0.0230994 0.2275284 0.1589467 0.2543280 0.1501919 0.2415547 0.1130985 0.2173447 0.2371132 0.0647134 0.0845608 0.1636863 0.1913109 0.2521065 0.0652684 0.1590868 0.2408685 0.2293127 0.0529737 0.2123670 0.1223979 0.1230187 0.1860865 0.1436243 0.2185723 0.0303196 0.1289233 0.0867904 0.2934220 0.1732799 0.1370815 0.1707860 0.3188580 0.0517129 0.0768427 0.2140450 0.1893353 0.1779063 0.1066207 0.1600231 0.0786389 0.1787878 0.1019154 0.0446565 0.1057755 0.1825338 0.1881926 
Perityle_cernua_84                         0.1888991 0.1368208 0.2144890 0.2824381 0.1307892 0.0698942 0.1827178 0.1563052 0.3041253 0.1581434 0.1764271 0.2270940 0.1261742 0.1731440 0.0647468 0.0779756 0.0274145 0.1690022 0.0448525 0.0000000 0.1201532 0.0085464 0.1833985 0.2093532 0.1528157 0.3092942 0.2669190 0.1696372 0.1996411 0.1448335 0.2891037 0.2260922 0.1755692 0.1139064 0.3272991 0.1551024 0.0430543 0.1805332 0.1506604 0.2150143 0.1330892 0.1970912 0.1068789 0.1786558 0.1934063 0.0495927 0.0822140 0.1344497 0.1577953 0.2088875 0.0683294 0.1635826 0.2042057 0.2222934 0.0372061 0.1891478 0.1452998 0.1187700 0.1523754 0.1312023 0.2126552 0.0230157 0.1514102 0.0716036 0.2488563 0.1606672 0.1565295 0.1673284 0.2710766 0.0201832 0.0576844 0.1716247 0.2087794 0.1462385 0.1008276 0.1212895 0.0870010 0.1753860 0.0733754 0.0251991 0.0904505 0.1500533 0.1539368 
Perityle_cfvillosa_25_tin                  0.1387471 0.1022376 0.1833596 0.2764550 0.1085086 0.0825176 0.1829342 0.1521465 0.2810556 0.1249105 0.1273827 0.2183475 0.0321864 0.1165003 0.0975655 0.0671989 0.1098358 0.1460166 0.1276455 0.1201532 0.0000000 0.0379166 0.0950656 0.0837016 0.0231867 0.2530828 0.1149772 0.1606889 0.1822526 0.1142539 0.2101118 0.1954399 0.1449046 0.0603469 0.2456213 0.1572159 0.0308673 0.1640335 0.1053098 0.1305382 0.0841008 0.1650896 0.0352397 0.1467841 0.1440800 0.1422921 0.1046111 0.0599416 0.0056904 0.1590704 0.1429912 0.1343124 0.1562742 0.2112548 0.1393472 0.1344123 0.0911762 0.0563208 0.0021392 0.0057207 0.1962343 0.0312784 0.1065550 0.0584675 0.2091631 0.1567069 0.1735789 0.1589426 0.2428579 0.1760099 0.1288287 0.0905590 0.1836863 0.0141804 0.0070884 0.1222940 0.0000010 0.1671277 0.0964734 0.1231085 0.1081372 0.0036703 0.1228662 
Perityle_cinerea_113_Powell1310            0.0224940 0.0221674 0.0426059 0.1521305 0.0459999 0.0383688 0.0795671 0.1285890 0.1070102 0.0442794 0.0655549 0.0692660 0.0274305 0.0397722 0.0261582 9.0000000 0.0082334 0.0439272 0.0122796 0.0085464 0.0379166 0.0000000 0.0415983 0.0419211 0.0419332 0.0477311 0.0516182 0.0418125 0.0452188 0.0406864 0.0636879 0.0999912 0.0461935 0.0379314 0.0189068 0.0478474 9.0000000 0.0550073 0.0470507 0.0658598 0.0374416 0.0570681 0.0260384 0.0565667 0.0729060 0.0247909 0.0349134 0.0415983 0.0374798 0.0597428 0.0254768 0.0546644 0.0261924 0.0254088 0.0340719 0.0388767 0.0516450 0.0174231 0.0311015 0.0378643 0.0347159 0.0218893 0.0263951 0.0143510 0.0493920 0.0384081 0.0254088 0.0425530 0.0275978 0.0266837 0.0207373 0.0415983 0.0498419 0.0385863 0.0323553 0.0341902 0.0384063 0.0477249 0.0205517 0.0292244 0.0254922 0.0307573 0.0178868 
Perityle_coahuilensis_24                   0.1472196 0.0983663 0.1762780 0.3140048 0.1377365 0.0877542 0.2143857 0.1567201 0.2906924 0.1416356 0.1495480 0.2119275 0.0983682 0.0751661 0.1821136 0.1010482 0.1936087 0.1707144 0.2226329 0.1833985 0.0950656 0.0415983 0.0000000 0.1631472 0.0830964 0.3317114 0.1821367 0.1518587 0.1778824 0.1090158 0.2185655 0.2439605 0.1456979 0.0343596 0.2649379 0.1415163 0.0788320 0.2089126 0.0506531 0.1031733 0.0275139 0.1633526 0.0428532 0.1466071 0.1474735 0.1883198 0.1111681 0.0619779 0.1076075 0.1819133 0.1990669 0.1419327 0.1833083 0.2815465 0.1775691 0.1464855 0.1248476 0.0841205 0.0946735 0.0941377 0.1883359 0.0305739 0.1148524 0.1347401 0.2100127 0.1503539 0.2168489 0.1403229 0.1975860 0.1608140 0.2206498 0.0003542 0.1846477 0.0994570 0.0883224 0.0975993 0.0542714 0.1473321 0.1208185 0.1232640 0.1149660 0.0955919 0.1615567 
Perityle_cochisensis_44_cave_creek         0.2143458 0.1139171 0.2525385 0.3128960 0.1951577 0.0819935 0.2225361 0.1582839 0.2854569 0.2028505 0.1984795 0.2873099 0.0641171 0.1569540 0.1208944 0.0940564 0.2260004 0.1364193 0.2040836 0.2093532 0.0837016 0.0419211 0.1631472 0.0000000 0.0931726 0.3586519 0.1259308 0.2498941 0.1634943 0.1154437 0.2059961 0.2168976 0.2036004 0.1546666 0.2321798 0.2237436 0.1583746 0.2625050 0.1134248 0.2078911 0.1634573 0.2420103 0.1241395 0.1884566 0.2064409 0.2459541 0.1232338 0.1662547 0.1030827 0.2358667 0.1963506 0.1560119 0.2600007 0.2297936 0.2239279 0.1869130 0.0708801 0.0657593 0.0702529 0.1044469 0.2060174 0.0347732 0.1051845 0.0624140 0.3208657 0.2283649 0.1644937 0.2185813 0.2551160 0.1795827 0.2107368 0.1621177 0.1776314 0.1072283 0.0667688 0.2097756 0.0152357 0.2215825 0.2017761 0.2405334 0.1141651 0.1018123 0.2010448 
Perityle_congesta_202                      0.1451586 0.1034213 0.1787362 0.2954356 0.1185975 0.0824801 0.1974466 0.1513693 0.2722608 0.1223346 0.1446868 0.2262037 0.0419905 0.1272945 0.1208063 0.0858265 0.1418432 0.1550783 0.1932895 0.1528157 0.0231867 0.0419332 0.0830964 0.0931726 0.0000000 0.3039967 0.1479780 0.1647053 0.1850620 0.1142075 0.2461731 0.2276704 0.1403773 0.0628648 0.2774007 0.1560353 0.0563474 0.1912849 0.1013736 0.1293179 0.0824911 0.1608892 0.0542562 0.1460337 0.1504375 0.1580635 0.1056452 0.0826195 0.0237662 0.1534207 0.1788425 0.1792259 0.1680566 0.2466213 0.1638782 0.1460935 0.0994330 0.0669709 0.0211868 0.0215922 0.2039310 0.0268365 0.1244181 0.0665027 0.2165162 0.1625131 0.2060598 0.1633477 0.2436073 0.1858766 0.1664015 0.0790751 0.2018997 0.0302559 0.0240180 0.1195704 0.0069092 0.1703508 0.1145721 0.1307976 0.1059803 0.0213478 0.1480254 
Perityle_cordifolia_27                     0.2209111 0.2000711 0.3185673 0.3596514 0.2405761 0.3268769 0.2549881 0.2614587 0.3742942 0.3637120 0.3595724 0.2773744 0.2627390 0.3470833 0.2868314 0.0818381 0.3282620 0.2554262 0.3168518 0.3092942 0.2530828 0.0477311 0.3317114 0.3586519 0.3039967 0.0000000 0.4439825 0.3264415 0.3779995 0.3006613 0.4798969 0.4610513 0.2322901 0.2826099 0.6424729 0.2838826 0.0751157 0.3622214 0.2675044 0.3676553 0.2793138 0.3454348 0.2267348 0.3327215 0.3828899 0.3263673 0.2062182 0.2955231 0.2977245 0.3723069 0.3188745 0.4461439 0.2216034 0.3895453 0.3056708 0.3180433 0.2029381 0.2011656 0.3182005 0.2839491 0.3777040 0.1659850 0.2456877 0.0811487 0.3294030 0.2733299 0.3243134 0.3386918 0.6429511 0.1513409 0.3462921 0.3265727 0.3937794 0.2973594 0.2311008 0.2335475 0.1327102 0.3168079 0.2900564 0.1252800 0.1804337 0.3264781 0.3119329 
Perityle_cordifolia_68_tecolote            0.2512559 0.1471037 0.2754409 0.3494610 0.2140166 0.0925045 0.2654234 0.1658535 0.3046021 0.2229738 0.1976467 0.3299034 0.1360083 0.1532825 0.2090423 0.1270983 0.2735653 0.1301128 0.2616933 0.2669190 0.1149772 0.0516182 0.1821367 0.1259308 0.1479780 0.4439825 0.0000000 0.2540143 0.1919307 0.1343541 0.2511052 0.2334005 0.2248164 0.1654450 0.2891078 0.2414854 0.1624681 0.2759900 0.1380008 0.2387712 0.1775105 0.2392434 0.1690423 0.2129854 0.1937501 0.2913799 0.1452522 0.1804855 0.1505025 0.2596566 0.2942415 0.2100923 0.3413704 0.3001022 0.2820375 0.2295709 0.0174978 0.0958781 0.1209072 0.1584888 0.2015431 0.0465328 0.1316368 0.1440925 0.3650853 0.2567442 0.2177155 0.2260986 0.2573662 0.2061990 0.2709649 0.1804622 0.2132437 0.1638006 0.1187201 0.2228449 0.0601782 0.2390809 0.2180779 0.2505731 0.1368500 0.1441928 0.2110634 
Perityle_coronopifolia_28_patagonia        0.1550231 0.1265079 0.2007975 0.3233373 0.1438929 0.0920424 0.2342290 0.1688904 0.2962619 0.1664914 0.1578563 0.2634338 0.1663492 0.1874132 0.1213364 0.1522892 0.1747330 0.1991555 0.1890560 0.1696372 0.1606889 0.0418125 0.1518587 0.2498941 0.1647053 0.3264415 0.2540143 0.0000000 0.2017298 0.1537870 0.2309162 0.2626242 0.1706474 0.1398236 0.2428091 0.1277615 0.1313422 0.2070264 0.1596954 0.1832122 0.1433299 0.1406178 0.1356455 0.1214265 0.1353872 0.1840488 0.1158689 0.1551409 0.1758288 0.1386285 0.1994051 0.2139601 0.2283640 0.2583339 0.1752978 0.1477813 0.1674194 0.1418166 0.1645159 0.1559775 0.0612872 0.0505075 0.1236296 0.0771874 0.2454134 0.0176626 0.2344472 0.1406691 0.2227352 0.1644691 0.1851556 0.1479127 0.2141410 0.1635791 0.1492329 0.1416366 0.1117578 0.1525030 0.1517371 0.1582266 0.0429222 0.1602619 0.1892063 
Perityle_crassifolia_70_ventanas           0.1907002 0.1325283 0.2306932 0.3329899 0.1679050 0.0887781 0.2611926 0.1714258 0.3293750 0.0782667 0.1786975 0.2784754 0.1891302 0.1355104 0.1335517 0.1469714 0.1986538 0.1328701 0.1883373 0.1996411 0.1822526 0.0452188 0.1778824 0.1634943 0.1850620 0.3779995 0.1919307 0.2017298 0.0000000 0.0017643 0.1882153 0.1673977 0.1613001 0.1684084 0.1737222 0.1817564 0.1736374 0.2466199 0.1324340 0.2227297 0.1612405 0.1944738 0.1484095 0.1802088 0.1657585 0.2158543 0.1368115 0.1660197 0.1936661 0.1887719 0.2163581 0.1363262 0.2800176 0.2432678 0.2021591 0.2038844 0.1280197 0.1120911 0.1883994 0.1957441 0.1929866 0.0537783 0.1164750 0.0720745 0.2907035 0.1933068 0.2142040 0.1740822 0.2137642 0.1600742 0.2067875 0.1767380 0.0049600 0.1935200 0.1732306 0.1683837 0.0868553 0.1759536 0.1966403 0.2084530 0.1319442 0.1978489 0.1823005 
Perityle_crassifolia_74_playa_balandra     0.0862360 0.1086026 0.1103380 0.2967135 0.0981285 0.0774890 0.1477836 0.1561549 0.2147759 0.0053408 0.0935999 0.2541011 0.1119502 0.1010860 0.1425996 0.4013683 0.1558124 0.0846810 0.1554880 0.1448335 0.1142539 0.0406864 0.1090158 0.1154437 0.1142075 0.3006613 0.1343541 0.1537870 0.0017643 0.0000000 0.1137305 0.1049995 0.0687302 0.0987092 0.0310026 0.1099985 9.0000000 0.1494665 0.1008003 0.1632533 0.1009235 0.1261337 0.0725389 0.1234167 0.1307264 0.1649060 0.1034628 0.1033128 0.1172131 0.1193985 0.1695500 0.1009152 0.2431716 0.1743680 0.1674383 0.1412856 0.1299928 0.0932334 0.1164475 0.1118342 0.1484912 0.0499254 0.1226458 0.0790355 0.2525066 0.1415182 0.1566258 0.1156315 0.0680858 0.1662822 0.1574104 0.1090158 0.0052889 0.1198020 0.1174345 0.0891062 0.0907626 0.1265803 0.1248551 0.1539101 0.0964222 0.1098235 0.1123827 
Perityle_cuneata_34_cuneata_San_antonio    0.2714459 0.1819591 0.2742450 0.3918843 0.2139852 0.0747684 0.2928806 0.1617483 0.3577476 0.2164396 0.2311720 0.3717242 0.2282944 0.1619644 0.2151944 0.2315562 0.3005761 0.1215822 0.2902124 0.2891037 0.2101118 0.0636879 0.2185655 0.2059961 0.2461731 0.4798969 0.2511052 0.2309162 0.1882153 0.1137305 0.0000000 0.2395249 0.2352812 0.1973278 0.2745258 0.2297346 0.2485135 0.2779268 0.1649780 0.2845035 0.1911734 0.2496054 0.1880460 0.2228731 0.2177620 0.2840821 0.1845292 0.2229880 0.2513269 0.2732699 0.2998396 0.2476531 0.3689202 0.3308993 0.2740850 0.2502416 0.1394093 0.1142719 0.2368699 0.2166170 0.1963391 0.0341508 0.1424260 0.1589447 0.3769528 0.2399253 0.2172083 0.2139154 0.2213172 0.1461884 0.3260790 0.2092091 0.1883211 0.2528380 0.1991797 0.1941171 0.0871728 0.2282255 0.2112021 0.2555567 0.1892499 0.2370729 0.2508345 
Perityle_cuneata_4                         0.2319554 0.1459582 0.2659453 0.3562732 0.2166972 0.1002352 0.2841254 0.1727837 0.3385407 0.2611664 0.2631763 0.3099547 0.2052386 0.1621077 0.1621051 0.1835831 0.2902997 0.1085740 0.2137034 0.2260922 0.1954399 0.0999912 0.2439605 0.2168976 0.2276704 0.4610513 0.2334005 0.2626242 0.1673977 0.1049995 0.2395249 0.0000000 0.2265675 0.2273871 0.2228682 0.2205475 0.1969830 0.2857629 0.1404154 0.2400244 0.1931469 0.2947238 0.1677157 0.1983002 0.2639161 0.2985911 0.1619057 0.2068903 0.2259934 0.2701316 0.2428318 0.2048285 0.3013025 0.2451755 0.2316721 0.2446530 0.1427557 0.1256398 0.1835101 0.2610879 0.2070142 0.0416333 0.1340875 0.0948385 0.3630420 0.2449703 0.2269974 0.2460711 0.2018972 0.1724340 0.2763726 0.2417400 0.1667281 0.2385726 0.1652355 0.1792888 0.0780811 0.2225806 0.2802522 0.2451879 0.1763991 0.2616017 0.2247951 
Perityle_discoidea_81                      0.1093676 0.0597425 0.1413085 0.2847080 0.1292852 0.1155636 0.1887903 0.1531619 0.2873852 0.0776484 0.1628399 0.1673152 0.1473898 0.1584147 0.1379220 0.1129621 0.1724821 0.1466553 0.1913420 0.1755692 0.1449046 0.0461935 0.1456979 0.2036004 0.1403773 0.2322901 0.2248164 0.1706474 0.1613001 0.0687302 0.2352812 0.2265675 0.0000000 0.1272825 0.1922075 0.1695450 0.0823731 0.2302370 0.1415875 0.1856252 0.1301330 0.1726091 0.1245393 0.1562398 0.1703295 0.1851937 0.1342807 0.1361028 0.1492499 0.1712290 0.2003153 0.1751116 0.1551049 0.3140342 0.1867463 0.1866880 0.1306927 0.1054015 0.1496184 0.1514785 0.2201255 0.0156830 0.1241901 0.0673084 0.1789670 0.1764337 0.2718968 0.1697007 0.2975269 0.1414766 0.1800120 0.1408912 0.1791675 0.1503683 0.1401545 0.1335246 0.0470211 0.1725759 0.1616966 0.1205233 0.1098627 0.1518000 0.1836625 
Perityle_dissecta_201                      0.1263287 0.0883978 0.1550595 0.3045415 0.1184233 0.0886141 0.2029871 0.1397670 0.2751518 0.1143613 0.1425861 0.1862661 0.0682201 0.0652893 0.1065075 0.0866801 0.1263194 0.1467087 0.1554138 0.1139064 0.0603469 0.0379314 0.0343596 0.1546666 0.0628648 0.2826099 0.1654450 0.1398236 0.1684084 0.0987092 0.1973278 0.2273871 0.1272825 0.0000000 0.2575701 0.1297030 0.0583861 0.1771212 0.0425497 0.0874531 0.0252517 0.1371635 0.0283243 0.1212484 0.1339157 0.1301479 0.1073163 0.0511766 0.0790203 0.1291822 0.1451656 0.0966517 0.1617137 0.2119542 0.1093968 0.1352753 0.1143515 0.0788804 0.0646151 0.0669472 0.1790081 0.0350766 0.1045235 0.0578126 0.1811723 0.1396377 0.1967185 0.1386447 0.2074287 0.1104886 0.1445465 0.0297672 0.1738526 0.0759770 0.0607129 0.0812587 0.0473918 0.1445411 0.1054261 0.0797091 0.1145794 0.0680217 0.1204856 
Perityle_emoryi_47_punta_san_jose          0.2404277 0.1076110 0.2872759 0.5373723 0.1659608 0.0481352 0.4045552 0.1465297 0.3347375 0.2502733 0.2563815 0.4831313 0.2320455 0.2058710 0.2364234 0.6591546 0.3245913 0.1313680 0.3352946 0.3272991 0.2456213 0.0189068 0.2649379 0.2321798 0.2774007 0.6424729 0.2891078 0.2428091 0.1737222 0.0310026 0.2745258 0.2228682 0.1922075 0.2575701 0.0000000 0.2000795 0.6178173 0.3684197 0.2303093 0.3095481 0.2225768 0.2531738 0.1852952 0.2535220 0.2539068 0.3401621 0.2192445 0.2584871 0.2840688 0.2573328 0.3332814 0.2752572 0.5081405 0.3600940 0.3324654 0.2647624 0.1612341 0.1507986 0.2724819 0.2548333 0.2278126 0.0039118 0.1498036 0.0838557 0.4672690 0.2142574 0.2523471 0.2553488 0.2300570 0.2074894 0.3363688 0.2649379 0.1963279 0.2811731 0.2311664 0.1807670 0.0808381 0.2581264 0.3106947 0.2639523 0.1079562 0.2744882 0.3723629 
Perityle_feddemae_99                       0.1388140 0.1053422 0.1903403 0.2958946 0.1222399 0.0654086 0.2057539 0.1552237 0.2795262 0.1421624 0.1261508 0.2256699 0.1455249 0.1637609 0.1145941 0.1445101 0.1508261 0.1612707 0.1751190 0.1551024 0.1572159 0.0478474 0.1415163 0.2237436 0.1560353 0.2838826 0.2414854 0.1277615 0.1817564 0.1099985 0.2297346 0.2205475 0.1695450 0.1297030 0.2000795 0.0000000 0.1432106 0.1590929 0.1308174 0.1709146 0.1322302 0.0181562 0.1300850 0.0113350 0.1251982 0.1621680 0.0950296 0.1401784 0.1699276 0.0156267 0.1509955 0.1796857 0.2121533 0.2206444 0.1434385 0.1419451 0.1480776 0.1219626 0.1532348 0.1552886 0.1486667 0.0393532 0.1046847 0.0664332 0.2249454 0.1261661 0.2066598 0.1464629 0.2293159 0.1733258 0.1525788 0.1358775 0.2005828 0.1571184 0.1325001 0.1218950 0.1047411 0.1548141 0.1414539 0.1515442 0.0906532 0.1570634 0.1698561 
Perityle_fosteri_93                        0.0725601 0.0817597 0.0997557 0.2063048 0.0872078 9.0000000 0.1457667 9.0000000 0.2931146 0.0864562 0.1113992 0.0686681 0.0594860 0.1189182 0.0493681 0.0798036 0.0164861 0.1753326 0.0230994 0.0430543 0.0308673 9.0000000 0.0788320 0.1583746 0.0563474 0.0751157 0.1624681 0.1313422 0.1736374 9.0000000 0.2485135 0.1969830 0.0823731 0.0583861 0.6178173 0.1432106 0.0000000 0.1275118 0.1100334 0.1095028 0.0634157 0.1436048 0.0247212 0.1074239 0.1293662 0.0711422 0.0601528 0.0295239 0.0318836 0.1360759 0.0627309 0.1260803 0.0611596 0.1878824 0.0598772 0.1348908 0.1191653 0.0845697 0.0271436 0.0285083 0.2160166 9.0000000 0.0946633 0.0496075 0.0618989 0.1356992 0.1665803 0.1081101 0.7560229 0.0511429 0.0459814 0.0715325 0.1709404 0.0308473 0.0333496 0.0835600 0.0258260 0.1222180 0.0487454 0.0455178 0.1533810 0.0295044 0.0500280 
Perityle_gamon_221                         0.2049763 0.2158344 0.2596029 0.3532858 0.1632957 0.0656343 0.2328148 0.1754574 0.3181339 0.2176054 0.1932565 0.2863624 0.1705121 0.2529190 0.1337220 0.1264636 0.1930799 0.1959956 0.2275284 0.1805332 0.1640335 0.0550073 0.2089126 0.2625050 0.1912849 0.3622214 0.2759900 0.2070264 0.2466199 0.1494665 0.2779268 0.2857629 0.2302370 0.1771212 0.3684197 0.1590929 0.1275118 0.0000000 0.1837397 0.2308836 0.1848455 0.2037058 0.1687991 0.1838186 0.1642266 0.2021604 0.1114801 0.1930530 0.1856767 0.1958985 0.2118393 0.2708466 0.2269892 0.2647553 0.1813509 0.2077300 0.1677488 0.1441222 0.1874349 0.1919440 0.2486443 0.0377713 0.1990714 0.0904165 0.3009523 0.1854789 0.2294204 0.2218508 0.3084669 0.2093554 0.1963167 0.2041042 0.2568792 0.1910447 0.1409479 0.1579459 0.0921300 0.2172146 0.1823054 0.1811037 0.1047575 0.1990328 0.1936340 
Perityle_gentryi_8_san_francisco           0.1428446 0.0959928 0.1916680 0.3169307 0.1131443 0.0877603 0.2203358 0.1639599 0.2745095 0.1114313 0.1225254 0.2281173 0.1102868 0.0463093 0.1156891 0.0708828 0.1399386 0.1428361 0.1589467 0.1506604 0.1053098 0.0470507 0.0506531 0.1134248 0.1013736 0.2675044 0.1380008 0.1596954 0.1324340 0.1008003 0.1649780 0.1404154 0.1415875 0.0425497 0.2303093 0.1308174 0.1100334 0.1837397 0.0000000 0.1132189 0.0437311 0.1356513 0.0504863 0.1297297 0.1376951 0.1506865 0.1133750 0.0527809 0.1065808 0.1289508 0.1482264 0.0409866 0.2007432 0.1971968 0.1432401 0.1350423 0.1068562 0.0813711 0.1033238 0.1044936 0.1834472 0.0305791 0.0883778 0.0711044 0.2251584 0.1587745 0.1612416 0.1349393 0.1910712 0.1663715 0.1398543 0.0501101 0.1332401 0.1086218 0.0967083 0.0980057 0.0618309 0.1441537 0.1354969 0.1340905 0.1221083 0.1041126 0.1429321 
Perityle_gilensis_22_Superstition          0.1891087 0.1089585 0.2106449 0.3391750 0.1336273 0.0992865 0.2295015 0.1862978 0.3042881 0.1701147 0.1713067 0.1889914 0.1357823 0.1452492 0.1819026 0.1200420 0.2035788 0.1981410 0.2543280 0.2150143 0.1305382 0.0658598 0.1031733 0.2078911 0.1293179 0.3676553 0.2387712 0.1832122 0.2227297 0.1632533 0.2845035 0.2400244 0.1856252 0.0874531 0.3095481 0.1709146 0.1095028 0.2308836 0.1132189 0.0000000 0.1001499 0.1910134 0.0935347 0.1811139 0.1743472 0.2069032 0.1311523 0.1010862 0.1374759 0.1900896 0.2244431 0.1969758 0.2097978 0.2765591 0.2063357 0.1598746 0.1463902 0.1089925 0.1328518 0.1308515 0.2191555 0.0268108 0.1365446 0.1160913 0.1834029 0.1917378 0.2398045 0.1739896 0.2474772 0.1739732 0.2189750 0.1015085 0.2392370 0.1297148 0.1136800 0.1385950 0.0751324 0.1820380 0.1523045 0.1568768 0.1452612 0.1297372 0.2117864 
Perityle_gilensis_salensis_225             0.1378983 0.0960658 0.1592171 0.3038581 0.1076345 0.0857008 0.2030204 0.1535553 0.2741781 0.1025313 0.1285990 0.1923293 0.0908889 0.0572345 0.1097222 0.0901653 0.1340762 0.1489928 0.1501919 0.1330892 0.0841008 0.0374416 0.0275139 0.1634573 0.0824911 0.2793138 0.1775105 0.1433299 0.1612405 0.1009235 0.1911734 0.1931469 0.1301330 0.0252517 0.2225768 0.1322302 0.0634157 0.1848455 0.0437311 0.1001499 0.0000000 0.1380635 0.0324472 0.1242152 0.1295032 0.1436917 0.1039186 0.0379858 0.0884317 0.1321554 0.1514439 0.0701714 0.1496332 0.2392637 0.1306684 0.1340284 0.1171796 0.0830097 0.0868738 0.0891746 0.1740895 0.0345988 0.1075946 0.0620648 0.1924910 0.1404312 0.2096945 0.1312290 0.1937601 0.1500557 0.1410424 0.0239146 0.1738654 0.0925908 0.0767343 0.0892141 0.0512901 0.1391950 0.1094445 0.1103040 0.1071843 0.0866011 0.1434297 
Perityle_glaucescens_94                    0.1676343 0.1149411 0.1992407 0.3235164 0.1571343 0.0833099 0.2308632 0.1633607 0.2871447 0.1706649 0.1544153 0.2416664 0.1544701 0.1843944 0.1399055 0.1607156 0.2208016 0.1941227 0.2415547 0.1970912 0.1650896 0.0570681 0.1633526 0.2420103 0.1608892 0.3454348 0.2392434 0.1406178 0.1944738 0.1261337 0.2496054 0.2947238 0.1726091 0.1371635 0.2531738 0.0181562 0.1436048 0.2037058 0.1356513 0.1910134 0.1380635 0.0000000 0.1354401 0.0111938 0.1401361 0.2137689 0.1001508 0.1640827 0.1781829 0.0291138 0.2205177 0.2292479 0.2268751 0.2787056 0.1901975 0.1506802 0.1522769 0.1281574 0.1574532 0.1592851 0.1611125 0.0500285 0.1137831 0.0682784 0.2374833 0.1367463 0.2175320 0.1569406 0.2357200 0.1776652 0.2405552 0.1533226 0.2026692 0.1745946 0.1419563 0.1350968 0.1057306 0.1644854 0.1556190 0.1696633 0.0956938 0.1590087 0.2035484 
Perityle_gracilis_11                       0.1097330 0.0751097 0.1472054 0.2691760 0.0934572 0.0537336 0.1751428 0.1293553 0.2614665 0.0927296 0.1082515 0.1758532 0.0598154 0.0684618 0.0828345 0.0774591 0.0955848 0.1225457 0.1130985 0.1068789 0.0352397 0.0260384 0.0428532 0.1241395 0.0542562 0.2267348 0.1690423 0.1356455 0.1484095 0.0725389 0.1880460 0.1677157 0.1245393 0.0283243 0.1852952 0.1300850 0.0247212 0.1687991 0.0504863 0.0935347 0.0324472 0.1354401 0.0000000 0.1185712 0.1188889 0.1160225 0.0857765 0.0015644 0.0348758 0.1289039 0.1235317 0.0775614 0.1327809 0.2181925 0.1133003 0.1244035 0.0947429 0.0646814 0.0376109 0.0376076 0.1701138 0.0157133 0.0970771 0.0503079 0.1647530 0.1331884 0.1955471 0.1199810 0.1824057 0.1341302 0.1086339 0.0375706 0.1680779 0.0443757 0.0284913 0.0800802 0.0100357 0.1306820 0.0964609 0.1008632 0.0972974 0.0374093 0.1151280 
Perityle_harkerae_31                       0.1697114 0.1106027 0.2047589 0.3170967 0.1198545 0.0807873 0.2271736 0.1739676 0.2787210 0.1311437 0.1370161 0.2398481 0.1517018 0.1534837 0.1330208 0.1112265 0.1729151 0.1642583 0.2173447 0.1786558 0.1467841 0.0565667 0.1466071 0.1884566 0.1460337 0.3327215 0.2129854 0.1214265 0.1802088 0.1234167 0.2228731 0.1983002 0.1562398 0.1212484 0.2535220 0.0113350 0.1074239 0.1838186 0.1297297 0.1811139 0.1242152 0.0111938 0.1185712 0.0000000 0.1287229 0.1806185 0.0905246 0.1307843 0.1605330 0.0160137 0.2040392 0.1781830 0.2185494 0.2636372 0.1838419 0.1369972 0.1435516 0.1249382 0.1468219 0.1481840 0.1399389 0.0499226 0.1111046 0.0697892 0.2449355 0.1173445 0.2032362 0.1473180 0.2324363 0.1767604 0.1749866 0.1402653 0.1906939 0.1539293 0.1379263 0.1260810 0.1036048 0.1556357 0.1454786 0.1535849 0.0882136 0.1485463 0.1836756 
Perityle_hofmeisteria_4_nombre_de_dios     0.1622109 0.1154417 0.1980617 0.3325644 0.1397430 0.0734452 0.2335428 0.1804892 0.2823581 0.1706988 0.1469712 0.2561600 0.1374881 0.1749970 0.1718246 0.1647783 0.2220346 0.1890220 0.2371132 0.1934063 0.1440800 0.0729060 0.1474735 0.2064409 0.1504375 0.3828899 0.1937501 0.1353872 0.1657585 0.1307264 0.2177620 0.2639161 0.1703295 0.1339157 0.2539068 0.1251982 0.1293662 0.1642266 0.1376951 0.1743472 0.1295032 0.1401361 0.1188889 0.1287229 0.0000000 0.2265628 0.1074778 0.1564203 0.1519709 0.1527947 0.2238820 0.2292262 0.2415892 0.2716201 0.1974983 0.1578536 0.1554138 0.1211243 0.1434096 0.1494941 0.1764367 0.0301401 0.1279419 0.1475737 0.2564309 0.1352161 0.2116819 0.1505470 0.2144636 0.1922427 0.2420610 0.1444965 0.1569209 0.1667832 0.1319300 0.1307950 0.0940705 0.1571639 0.1607239 0.1612367 0.1097947 0.1533840 0.1808388 
