85
Amauria_brandeegeana_62                    0.0000000 0.1809768 0.2002167 0.4202287 0.5199124 0.5328118 0.4320529 0.8027435 0.5374449 0.1786814 0.2227995 0.3598471 0.3302452 0.2118307 0.2075837 0.2371843 0.3381787 0.3925694 0.3248849 0.2019255 0.2402817 0.3695122 0.2885256 0.5458378 0.1957026 0.3696901 0.3212393 0.2508727 0.3513308 0.2550847 0.2693550 0.2426637 0.2780514 0.1458008 0.2947419 0.1440893 0.2210996 0.3224986 0.3629182 0.3288690 0.2186674 0.2267848 0.2311231 0.3448311 0.2220145 0.2380489 0.3588747 0.3637389 0.3693147 0.3306981 0.2126482 0.2098219 0.3290972 0.2021846 0.2874146 0.1957229 0.3375561 0.3189332 0.2812592 0.3716767 0.3115019 0.3215713 0.5780793 0.3404631 0.2648092 0.2209486 0.2978258 0.2333513 0.4421765 0.4403950 0.4589222 0.3106031 0.5419548 0.1992105 0.3834942 0.3710414 0.3133750 0.3145747 0.4055820 0.3855252 0.2104001 0.3208859 0.1741848 0.3439044 0.1985843 
Amauria_carterae_99_mesa                   0.1809768 0.0000000 0.1128981 0.3217909 0.3196228 0.1831409 0.2416132 0.1967594 0.2523080 0.0719842 0.1104139 0.1670030 0.0983752 0.1284506 0.0883623 0.1155979 0.1350718 0.2173099 0.1181662 0.0693923 0.0939000 0.1882283 0.0905415 0.2370005 0.0848221 0.1864333 0.1296904 0.1514253 0.1291035 0.1248055 0.0997110 0.0800956 0.1528897 0.0605229 0.1038821 0.0924771 0.1035902 0.1121931 0.1291514 0.1232530 0.1004265 0.1359249 0.1134793 0.1134031 0.1024016 0.1430871 0.1596527 0.1920008 0.1937862 0.1560937 0.1113160 0.1039806 0.1173858 0.1280370 0.1053477 0.1096931 0.1220470 0.1347893 0.1182007 0.1981306 0.1648133 0.1434836 0.2361815 0.1177487 0.0675473 0.1419100 0.1572653 0.1243478 0.2390815 0.2546869 0.2102295 0.1048218 0.2351266 0.1327085 0.2033601 0.1647566 0.1015102 0.0688894 0.1993114 0.2145183 0.1313971 0.1273760 0.0603921 0.1359740 0.1234493 
Amauria_rotundifolia_SRR9119150            0.2002167 0.1128981 0.0000000 0.2509433 0.2207228 0.1343468 0.2286807 0.2062361 0.3806850 0.1967295 0.2701927 0.2986879 0.2534842 0.2406780 0.1964533 0.2529567 0.2547431 0.2069739 0.1502293 0.1932003 0.2027321 0.2692068 0.0643736 0.4129004 0.0822540 0.2291262 0.2633763 0.3024875 0.2752391 0.1789232 0.0849052 0.2377877 0.2852144 0.1567606 0.1901936 0.2532454 0.2422351 0.2051951 0.2787567 0.2171368 0.2570889 0.2755823 0.2582511 0.2696367 0.2502867 0.2872290 0.2664851 0.1720885 0.2460132 0.2999261 0.2825878 0.2373506 0.2421219 0.2662767 0.1777935 0.1795857 0.1641791 0.1463932 0.1153251 0.2689729 0.1853346 0.1593789 0.2076142 0.2030946 0.0406555 0.3360410 0.3011539 0.2899518 0.2770306 0.3055586 0.2076854 0.2155222 0.4042476 0.2184533 0.2736655 0.2296664 0.2460664 0.0494448 0.2890379 0.1860249 0.2079644 0.2453225 0.1225756 0.2481955 0.2259517 
Conoclinium_coelestinum_SRR9119114         0.4202287 0.3217909 0.2509433 0.0000000 0.2945115 0.1680587 0.2290209 0.1990045 0.3728148 0.3022835 0.3744027 0.3108532 0.2668240 0.3383608 0.3108921 0.3358738 0.2417605 0.3360675 0.2521505 0.3211498 0.2962859 0.2986062 0.1406116 0.4023404 0.2767547 0.3021262 0.2612248 0.3592030 0.2646729 0.3224050 0.2081571 0.3172450 0.3746473 0.2810241 0.2337314 0.2905723 0.3387755 0.2538813 0.2786045 0.2563383 0.3200360 0.3466001 0.3320707 0.2657879 0.3371973 0.3544852 0.2646729 0.3190878 0.2982862 0.2742643 0.3608605 0.3272759 0.2618376 0.3335997 0.2127340 0.3118543 0.2571274 0.2160598 0.1902642 0.3122118 0.2424650 0.2203975 0.2721603 0.2689925 0.1875786 0.3491813 0.3611069 0.3670305 0.2937989 0.3478972 0.2918846 0.2393958 0.3994260 0.3246695 0.3079731 0.2954555 0.2524459 0.1560531 0.3095179 0.2747189 0.3092517 0.2603908 0.1924388 0.3015821 0.2663688 
Eutetras_palmeri_63                        0.5199124 0.3196228 0.2207228 0.2945115 0.0000000 0.1613051 0.2801845 0.1417492 0.3534202 0.2941047 0.3243054 0.2399419 0.2025867 0.3357353 0.3077227 0.3302420 0.2176730 0.2540102 0.1779212 0.1875685 0.2835018 0.2637875 0.0922161 0.4069896 0.2891536 0.2600211 0.2133672 0.3903176 0.2327091 0.3204215 0.1360534 0.2376417 0.3123855 0.2990202 0.2168428 0.3426226 0.2849362 0.2239508 0.2226926 0.1987614 0.3931062 0.3379036 0.2988825 0.2208062 0.2873121 0.3627467 0.2379875 0.2407032 0.2647290 0.2655209 0.3202384 0.3285138 0.2268223 0.3345940 0.1977988 0.3218392 0.1910154 0.1981738 0.1977798 0.2720239 0.2453853 0.1646247 0.3398550 0.1591868 0.1855767 0.3824821 0.3333217 0.3594347 0.2600197 0.2698388 0.3065454 0.2136510 0.4072892 0.3345543 0.2724423 0.2412451 0.2051510 0.1191031 0.2196275 0.3014508 0.3407955 0.2279392 0.2365950 0.2405095 0.3703927 
Eutetras_pringlei_149_quer                 0.5328118 0.1831409 0.1343468 0.1680587 0.1613051 0.0000000 0.1955427 0.2514625 0.1801000 0.1561039 0.2093491 0.1456800 0.1354379 0.1714354 0.1557246 0.1693145 0.1354595 0.1300091 0.1534875 9.0000000 0.1224713 0.1547390 0.1301184 0.0381877 0.1612347 0.1436497 0.1630821 0.1723985 0.1809268 0.1448863 0.1457787 0.1358339 0.1713511 0.1529157 0.1479184 0.1588165 0.1791672 0.1622435 0.1348488 0.1652146 0.1692223 0.1762117 0.1806602 0.1565991 0.1775777 0.1809271 0.1373597 0.1318029 0.1552931 0.1507814 0.0974011 0.1718182 0.1504669 0.1681570 0.1423812 0.1625057 0.1180244 0.1634375 0.1595435 0.1366979 0.0972057 0.1251619 0.0822742 0.1489835 0.1417652 0.1715405 0.1843292 0.1933936 0.1448246 0.1451291 0.0445828 0.1296833 0.0342123 0.1707678 0.1542058 0.1678997 0.1360001 0.1458994 0.1553027 0.0405275 0.1576197 0.1366341 0.1771441 0.1471348 0.1454453 
Eutrochium_fistulosum_SRR9119106           0.4320529 0.2416132 0.2286807 0.2290209 0.2801845 0.1955427 0.0000000 0.1966062 0.3493942 0.2863422 0.3288953 0.2988563 0.2352435 0.3085191 0.2796486 0.3028331 0.2307449 0.3024228 0.2316394 0.3050180 0.2733234 0.2892989 0.1094248 0.4612837 0.2756789 0.2888174 0.2402225 0.3123037 0.2422188 0.2918469 0.1880346 0.2856134 0.3359064 0.2650018 0.2196384 0.2719855 0.3251988 0.2324441 0.2587106 0.2351341 0.2813809 0.3165726 0.3271588 0.2398538 0.3280473 0.3288016 0.2410151 0.2636878 0.2852123 0.2912572 0.3647929 0.3011313 0.2461804 0.3102612 0.1972394 0.2888595 0.2141835 0.1772519 0.2024166 0.3020935 0.2185826 0.1921290 0.2759250 0.2398502 0.1601486 0.3456600 0.3201198 0.3280077 0.2904435 0.3345149 0.3037432 0.2205164 0.4516864 0.2978112 0.2974165 0.2598078 0.2315436 0.1401500 0.3000145 0.2813927 0.2900465 0.2531616 0.1701026 0.2667363 0.2532751 
Galeana_pratensis_104_mex                  0.8027435 0.1967594 0.2062361 0.1990045 0.1417492 0.2514625 0.1966062 0.0000000 0.2192430 0.1408995 0.2072438 0.2643224 0.1959622 0.2212304 0.2141331 0.2129228 0.2212263 0.1725247 0.2339590 9.0000000 0.1982584 0.2181199 0.1239119 0.2242096 0.1285010 0.2064791 0.2283886 0.2386411 0.2650475 0.1900471 0.1595950 0.1027478 0.1670095 0.1408995 0.2200434 0.1811740 0.1637882 0.2181771 0.2385967 0.2132630 0.2072392 0.2269717 0.1778449 0.2172726 0.1755790 0.2338103 0.2270373 0.1883495 0.2081975 0.2483072 9.0000000 0.2227871 0.2288906 0.2291965 0.2078265 0.1480245 0.2072683 0.2572548 0.2503940 0.2194201 0.1993627 0.2291188 0.2394016 0.2150239 0.1475464 0.2765853 0.2479666 0.2277589 0.2145699 0.1831777 0.2402277 0.2226401 0.2234075 0.2215247 0.2122166 0.2113955 0.2124019 0.1636860 0.1840152 0.2606519 0.2087261 0.2530363 0.1197585 0.2349011 0.1673782 
Helianthus_annuus_SRR9119062               0.5374449 0.2523080 0.3806850 0.3728148 0.3534202 0.1801000 0.3493942 0.2192430 0.0000000 0.3142309 0.4215159 0.3690561 0.3177060 0.3303543 0.3013787 0.3411660 0.3226933 0.3422137 0.2559491 0.3661911 0.3475878 0.3423404 0.1202188 0.4849385 0.2438812 0.3146712 0.3463535 0.4184581 0.3564050 0.2575454 0.1790762 0.3610238 0.4297825 0.2841805 0.2528155 0.2649610 0.3617520 0.3078288 0.3713028 0.3054665 0.4017759 0.3604396 0.3994537 0.3381974 0.3588910 0.4227216 0.3515110 0.2775083 0.3147662 0.3009774 0.4176436 0.3203767 0.3568497 0.3885066 0.2262474 0.2576243 0.2885990 0.2228528 0.2337213 0.3839217 0.2212093 0.1842712 0.2437533 0.2710785 0.1273326 0.4186664 0.3983823 0.4045705 0.3017988 0.3773198 0.2629514 0.2808957 0.4521471 0.3215725 0.3825405 0.3021189 0.3241371 0.1324719 0.3160718 0.2378671 0.2980685 0.2880119 0.1768358 0.3090785 0.2637578 
Lycapsus_tenuifolius_17                    0.1786814 0.0719842 0.1967295 0.3022835 0.2941047 0.1561039 0.2863422 0.1408995 0.3142309 0.0000000 0.2340444 0.2692868 0.1881086 0.2063025 0.1408618 0.2038526 0.2398514 0.2496790 0.1267605 0.1823115 0.0876976 0.2679573 0.0917050 0.3615950 0.0984832 0.2649438 0.2550339 0.2910694 0.2699622 0.1253752 0.1153789 0.1756411 0.2554764 0.0376327 0.1925482 0.1690833 0.1900403 0.1805415 0.2333403 0.1616081 0.2169158 0.2222262 0.2188805 0.1989734 0.2082648 0.2042930 0.2683021 0.1909848 0.2733102 0.2967011 0.1904550 0.1887751 0.1857182 0.2228182 0.2072095 0.2283031 0.1660151 0.1544168 0.1430273 0.2817640 0.2691727 0.1454496 0.2307553 0.1518582 0.0727859 0.2646616 0.2810779 0.2245931 0.2679211 0.2857047 0.2132321 0.2026891 0.3660645 0.1545517 0.2738956 0.2675838 0.2154643 0.0703009 0.2509393 0.2179651 0.2175681 0.2239374 0.1185903 0.2432898 0.1908102 
Pericome_caudata_50_silver                 0.2227995 0.1104139 0.2701927 0.3744027 0.3243054 0.2093491 0.3288953 0.2072438 0.4215159 0.2340444 0.0000000 0.2586627 0.1993579 0.2005057 0.1331969 0.1763611 0.2445244 0.3609609 0.1477524 0.0844304 0.1483105 0.2707636 0.0846487 0.3109792 0.0737641 0.2611365 0.2784347 0.2961999 0.2557915 0.2144503 0.1208803 0.1714289 0.3173814 0.1678172 0.1883045 0.2242461 0.1787801 0.1683854 0.2588978 0.1704481 0.2521014 0.2238439 0.2120166 0.2240284 0.1919077 0.2584820 0.2655822 0.2514320 0.2661312 0.2833878 0.2015975 0.1701989 0.2180482 0.2215454 0.1984989 0.2069133 0.1599592 0.1919248 0.1591770 0.3030677 0.2682420 0.1923060 0.2321635 0.1661345 0.1211734 0.2505869 0.3198723 0.2965141 0.2504831 0.3284028 0.2035501 0.1927344 0.3020199 0.2360556 0.3046996 0.2503236 0.2038982 0.0841323 0.2351684 0.1785697 0.2126930 0.2168518 0.1209041 0.2288889 0.2412798 
Perityle_aglossa_84_dead_horse             0.3598471 0.1670030 0.2986879 0.3108532 0.2399419 0.1456800 0.2988563 0.2643224 0.3690561 0.2692868 0.2586627 0.0000000 0.1211997 0.1748622 0.1443969 0.1753876 0.1440960 0.2393803 0.1622245 0.0383210 0.1139908 0.1417072 0.0189300 0.3582531 0.0483814 0.1364956 0.1760553 0.2641204 0.2188118 0.2709557 0.1181091 0.1899799 0.2468731 0.2343218 0.1408034 0.3099511 0.2237980 0.1343356 0.2144825 0.1420110 0.2502892 0.1650648 0.2533510 0.1323179 0.2574558 0.2353698 0.1606895 0.2012952 0.1422958 0.1875317 0.1514477 0.1600689 0.1303546 0.1648163 0.1580593 0.2146681 0.1886081 0.1954498 0.1567549 0.1365834 0.1652691 0.2003315 0.2189200 0.1945330 0.0453020 0.1547456 0.2366167 0.2182967 0.2150143 0.2333777 0.2054234 0.1467842 0.3473994 0.2694673 0.1399678 0.1535196 0.1407162 0.0255640 0.2427434 0.1826297 0.1845901 0.0093224 0.1142689 0.1609495 0.2736269 
Perityle_ajoensis_204                      0.3302452 0.0983752 0.2534842 0.2668240 0.2025867 0.1354379 0.2352435 0.1959622 0.3177060 0.1881086 0.1993579 0.1211997 0.0000000 0.0247106 0.0394655 0.0409846 0.0162480 0.1940717 0.1264396 0.0191476 0.0645435 0.0017307 0.0064629 0.3672606 0.0111381 0.0009341 0.0480596 0.0976667 0.1412135 0.1750153 0.0885308 0.1414356 0.1818192 0.1631017 0.0095330 0.1979231 0.1650435 0.0217775 0.1005658 0.0422522 0.0931278 0.0219922 0.1800578 0.0052176 0.1723381 0.1030102 0.0313344 0.1461824 0.0018262 0.1805708 0.1003704 0.0128230 0.0286721 0.0293083 0.0176223 0.1347331 0.1350733 0.0592772 0.1184796 0.0034674 0.0011585 0.1651630 0.2046236 0.1752013 0.0107822 0.1660486 0.1437027 0.0803536 0.1629164 0.1665772 0.2103018 0.0182637 0.3485046 0.1783198 0.0060505 0.0038096 0.0160342 0.0078521 0.1739392 0.1772675 0.0333792 0.1222663 0.0502922 0.0168323 0.1869703 
Perityle_ambrosiifolia_67_green            0.2118307 0.1284506 0.2406780 0.3383608 0.3357353 0.1714354 0.3085191 0.2212304 0.3303543 0.2063025 0.2005057 0.1748622 0.0247106 0.0000000 0.0450171 0.0720903 0.0495638 0.3509403 0.1476483 0.0189352 0.0886554 0.0772119 0.0450210 0.1841901 0.0184782 0.0812260 0.0532723 0.1258417 0.1747095 0.2438210 0.0885417 0.1380938 0.2228330 0.1670505 0.0277225 0.1835133 0.1606184 0.0400893 0.1156698 0.0534500 0.0511959 0.0250720 0.1828018 0.0348734 0.1768312 0.1088301 0.0655514 0.2396322 0.0885376 0.2188764 0.1960959 0.0163228 0.0436424 0.0282807 0.0279514 0.0920343 0.1649421 0.0734244 0.1338281 0.0929874 0.0675942 0.2210600 0.2066443 0.1916772 0.0766339 0.1437110 0.2292581 0.1207521 0.2434090 0.2706358 0.1532719 0.0316528 0.1796887 0.1881264 0.0850015 0.0689933 0.0310908 0.0231717 0.2196585 0.1507035 0.0457970 0.1499000 0.0817001 0.0808273 0.2396286 
Perityle_angustifolia_13_Eagle_creek       0.2075837 0.0883623 0.1964533 0.3108921 0.3077227 0.1557246 0.2796486 0.2141331 0.3013787 0.1408618 0.1331969 0.1443969 0.0394655 0.0450171 0.0000000 0.0659785 0.0668373 0.2632170 0.1068810 0.0306170 0.0782006 0.1020630 0.0448301 0.2131776 0.0114168 0.1046744 0.0694611 0.0956511 0.1054984 0.1361087 0.0710029 0.0766633 0.1713217 0.1039852 0.0377397 0.1159746 0.1050438 0.0455159 0.1155499 0.0506170 0.0784903 0.0474449 0.1196521 0.0509761 0.1177943 0.1054799 0.0977932 0.1993461 0.1117629 0.1469142 0.1484206 0.0312512 0.0353259 0.0420983 0.0572034 0.0623410 0.1179969 0.0653875 0.1182372 0.1139438 0.1001850 0.1489031 0.1778581 0.1263384 0.0691145 0.0913106 0.1803396 0.1126567 0.2189720 0.2420198 0.1264009 0.0474925 0.2082102 0.1376118 0.1111738 0.0942130 0.0458900 0.0060841 0.1823762 0.1252801 0.0520946 0.1008457 0.0629611 0.0818686 0.1792910 
Perityle_batopilensis_97                   0.2371843 0.1155979 0.2529567 0.3358738 0.3302420 0.1693145 0.3028331 0.2129228 0.3411660 0.2038526 0.1763611 0.1753876 0.0409846 0.0720903 0.0659785 0.0000000 0.0574699 0.3120764 0.1425346 0.0265710 0.0855662 0.0897261 0.0601412 0.2511419 0.0316451 0.1002901 0.0659869 0.1234123 0.1657987 0.2148206 0.0869498 0.1317290 0.2436053 0.1660791 0.0451384 0.1947603 0.1526190 0.0487834 0.1192770 0.0136606 0.1010883 0.0741047 0.1757931 0.0541073 0.1758252 0.1098898 0.0800116 0.2383790 0.1088107 0.2340385 0.1881941 0.0592975 0.0526148 0.0665018 0.0418323 0.1445155 0.1593060 0.0829953 0.1348568 0.1101180 0.0935297 0.2111738 0.2087183 0.1871929 0.0830312 0.1562757 0.2309531 0.1423694 0.2415073 0.2705153 0.1658899 0.0502951 0.2486407 0.2033540 0.0991654 0.0862559 0.0431802 0.0293525 0.2217206 0.1300348 0.0679299 0.1542779 0.0777258 0.0912534 0.2018449 
Perityle_bisetosa_9                        0.3381787 0.1350718 0.2547431 0.2417605 0.2176730 0.1354595 0.2307449 0.2212263 0.3226933 0.2398514 0.2445244 0.1440960 0.0162480 0.0495638 0.0668373 0.0574699 0.0000000 0.1972862 0.1258739 0.0133568 0.0694763 0.0204439 0.0169156 0.3496168 0.0037966 0.0167904 0.0406225 0.1145168 0.1669236 0.1911091 0.0867136 0.1749422 0.2215329 0.1844369 0.0094129 0.2444552 0.1906310 0.0217413 0.1031040 0.0370920 0.0964325 0.0503649 0.2198798 0.0242646 0.2208725 0.1262923 0.0348707 0.1587369 0.0214858 0.2183630 0.1310757 0.0359216 0.0170327 0.0439215 0.0169030 0.1864448 0.1450096 0.0576034 0.1146968 0.0221176 0.0198662 0.1656847 0.2037907 0.1780172 0.0043176 0.2074299 0.1900427 0.0913828 0.1620906 0.1636540 0.1958310 0.0086557 0.3282900 0.2257431 0.0244962 0.0236974 0.0138885 0.0138175 0.1709534 0.1680316 0.0637190 0.1380281 0.0996478 0.0492721 0.2218400 
Perityle_californica_76_positas            0.3925694 0.2173099 0.2069739 0.3360675 0.2540102 0.1300091 0.3024228 0.1725247 0.3422137 0.2496790 0.3609609 0.2393803 0.1940717 0.3509403 0.2632170 0.3120764 0.1972862 0.0000000 0.1529417 0.1899205 0.2091476 0.2585084 0.0545137 0.5106534 0.2538491 0.2567850 0.2117886 0.4133533 0.2432290 0.2717766 0.1222230 0.2015324 0.3470658 0.2541314 0.1971825 0.2917726 0.3182535 0.2041874 0.2041884 0.1808860 0.2959417 0.3484614 0.3231078 0.2047200 0.3144891 0.3930959 0.2285630 0.0934124 0.2764565 0.2370821 0.3385887 0.3184102 0.2084873 0.3529569 0.1852861 0.3404457 0.1558439 0.1812621 0.1675922 0.2802391 0.2487864 0.1899836 0.3123763 0.1563054 0.1369826 0.4210663 0.3783116 0.3635041 0.2504894 0.3176968 0.3377823 0.1889084 0.5036801 0.3109767 0.2806937 0.2343826 0.1888166 0.0754075 0.2230563 0.4246504 0.3595367 0.2140619 0.1375064 0.2289884 0.3194941 
Perityle_canescens_77                      0.3248849 0.1181662 0.1502293 0.2521505 0.1779212 0.1534875 0.2316394 0.2339590 0.2559491 0.1267605 0.1477524 0.1622245 0.1264396 0.1476483 0.1068810 0.1425346 0.1258739 0.1529417 0.0000000 0.1146380 0.0874973 0.1418344 0.0591985 0.2874210 0.0714685 0.1386670 0.1442088 0.1584998 0.1395720 0.1128854 0.0846376 0.0767068 0.1428574 0.1252393 0.1289336 0.1673718 0.1013179 0.1362812 0.1429710 0.1309697 0.1670479 0.1431841 0.1139415 0.1385270 0.0986034 0.1564783 0.1402829 0.0937617 0.1385747 0.1853193 0.1013075 0.1345779 0.1390678 0.1443314 0.1157411 0.0822499 0.0712360 0.1355473 0.1368980 0.1433061 0.1451603 0.0488904 0.2222413 0.0571030 0.0710529 0.1779582 0.1543559 0.1495704 0.1853363 0.1991305 0.2204547 0.1254793 0.2873255 0.1232261 0.1436699 0.1383401 0.1208696 0.0652393 0.1922467 0.1837896 0.1323029 0.1506909 0.0491328 0.1439032 0.1413523 
Perityle_castillonii_96                    0.2019255 0.0693923 0.1932003 0.3211498 0.1875685 9.0000000 0.3050180 9.0000000 0.3661911 0.1823115 0.0844304 0.0383210 0.0191476 0.0189352 0.0306170 0.0265710 0.0133568 0.1899205 0.1146380 0.0000000 0.0439169 0.0285919 0.0000010 0.5710789 0.0198957 0.0222128 0.0505883 0.1555365 0.0910103 0.2058013 0.1084071 0.0829727 0.1728696 0.1710138 0.0295838 0.0532896 0.1046751 0.0381549 0.1270196 0.0298053 0.1424043 0.0417789 0.1245581 0.0324198 0.1027868 0.1351508 0.0415989 0.1230746 0.0260473 0.0372954 0.1149897 0.0196012 0.0422571 0.0323576 0.0319230 0.0581279 0.1194465 0.1232351 0.0331719 0.0284956 0.0214712 0.0492288 0.3140842 0.1054988 0.0097918 0.0391131 0.0956472 0.0471062 0.1555483 0.1099365 0.4796911 0.0199713 0.5720552 0.1402126 0.0225033 0.0285163 0.0228435 0.0168879 0.1312051 0.2114958 0.0367169 0.0264870 0.0854722 0.0284371 0.0079913 
Perityle_cernua_84                         0.2402817 0.0939000 0.2027321 0.2962859 0.2835018 0.1224713 0.2733234 0.1982584 0.3475878 0.0876976 0.1483105 0.1139908 0.0645435 0.0886554 0.0782006 0.0855662 0.0694763 0.2091476 0.0874973 0.0439169 0.0000000 0.0987238 0.0337468 0.3551612 0.0614975 0.1027880 0.0960475 0.1588164 0.1039752 0.0190356 0.0124272 0.0730642 0.1487719 0.0760561 0.0782544 0.0632232 0.1095016 0.0813547 0.1190802 0.0696209 0.1539253 0.0904318 0.1171531 0.0747249 0.1116996 0.1303887 0.0928299 0.1800886 0.1024180 0.1190523 0.1350155 0.0820582 0.0706532 0.0844077 0.0747233 0.0770756 0.0978182 0.1090921 0.1310569 0.0977624 0.1141951 0.0959855 0.2113585 0.0842676 0.0712077 0.0995809 0.1381720 0.1290275 0.1798840 0.1827459 0.2136455 0.0710503 0.3255098 0.0423419 0.1013629 0.0978915 0.0680475 0.0512892 0.1493878 0.1750971 0.0935031 0.0895709 0.0273526 0.0879234 0.0672825 
Perityle_cfvillosa_25_tin                  0.3695122 0.1882283 0.2692068 0.2986062 0.2637875 0.1547390 0.2892989 0.2181199 0.3423404 0.2679573 0.2707636 0.1417072 0.0017307 0.0772119 0.1020630 0.0897261 0.0204439 0.2585084 0.1418344 0.0285919 0.0987238 0.0000000 0.0250598 0.3819876 0.0648597 0.0032020 0.0526298 0.1518696 0.1733555 0.2224776 0.0971447 0.2014422 0.2500313 0.2121500 0.0187614 0.2687480 0.2226664 0.0275691 0.1078788 0.0486151 0.1327963 0.0683836 0.2540749 0.0059785 0.2504945 0.1536069 0.0410013 0.2169973 0.0046508 0.1940255 0.1923668 0.0631722 0.0340041 0.0713512 0.0273617 0.2228610 0.1660534 0.0719550 0.1286968 0.0067167 0.0038982 0.1822925 0.2140603 0.1869192 0.0249457 0.2267339 0.2187832 0.1243545 0.1928277 0.2038443 0.2496769 0.0255265 0.3700955 0.2507641 0.0089294 0.0082690 0.0207992 0.0097221 0.1810802 0.2141940 0.0873786 0.1320154 0.1376849 0.0435950 0.2517680 
Perityle_cinerea_113_Powell1310            0.2885256 0.0905415 0.0643736 0.1406116 0.0922161 0.1301184 0.1094248 0.1239119 0.1202188 0.0917050 0.0846487 0.0189300 0.0064629 0.0450210 0.0448301 0.0601412 0.0169156 0.0545137 0.0591985 0.0000010 0.0337468 0.0250598 0.0000000 0.1892126 0.0092401 0.0253607 0.0236560 0.0912511 0.0385668 0.0701213 0.0532556 0.0711472 0.1209586 0.0857385 0.0042860 0.0597392 0.0910125 0.0106514 0.0549261 0.0170550 0.0411635 0.0551211 0.1039598 0.0107697 0.0928321 0.0907460 0.0272237 0.0360361 0.0251534 0.0106755 0.1142101 0.0438330 0.0086475 0.0511500 0.0087865 0.0572144 0.0400972 0.0634161 0.0066449 0.0276908 0.0257796 0.0409703 0.1944508 0.0472372 0.0117889 0.0514031 0.0758318 0.0572165 0.0795515 0.0745874 0.1766356 0.0021840 0.1841641 0.0955848 0.0252281 0.0251040 0.0021460 0.0067987 0.0832739 0.1384364 0.0455312 0.0043410 0.0816418 0.0255118 0.0527572 
Perityle_coahuilensis_24                   0.5458378 0.2370005 0.4129004 0.4023404 0.4069896 0.0381877 0.4612837 0.2242096 0.4849385 0.3615950 0.3109792 0.3582531 0.3672606 0.1841901 0.2131776 0.2511419 0.3496168 0.5106534 0.2874210 0.5710789 0.3551612 0.3819876 0.1892126 0.0000000 0.1722227 0.3560551 0.3730730 0.2627644 0.3888282 0.3099360 0.2487894 0.3340988 0.4912812 0.3227419 0.2896890 0.2559640 0.2991182 0.3382230 0.3960776 0.3261632 0.3189130 0.2060504 0.3214337 0.3855584 0.3086919 0.2546579 0.3697708 0.3180088 0.3674371 0.3333120 0.5211566 0.2017831 0.3757466 0.2004996 0.2754305 0.1797238 0.3072314 0.1984031 0.2445419 0.4112481 0.2096824 0.2409364 0.1466154 0.3083274 0.2428732 0.2141138 0.4964389 0.4966156 0.3461986 0.4087982 0.0330499 0.3146316 0.0006325 0.3680673 0.4170670 0.3384683 0.3513191 0.1971838 0.3410556 0.1288065 0.1721528 0.3109555 0.1793066 0.3344432 0.2514087 
Perityle_cochisensis_44_cave_creek         0.1957026 0.0848221 0.0822540 0.2767547 0.2891536 0.1612347 0.2756789 0.1285010 0.2438812 0.0984832 0.0737641 0.0483814 0.0111381 0.0184782 0.0114168 0.0316451 0.0037966 0.2538491 0.0714685 0.0198957 0.0614975 0.0648597 0.0092401 0.1722227 0.0000000 0.0760000 0.0277210 0.0858625 0.0530383 0.1137944 0.0623248 0.0403155 0.1993632 0.0932834 0.0129854 0.0440450 0.0717163 0.0201941 0.0768495 0.0166425 0.0146845 0.0327695 0.0779578 0.0187521 0.0732141 0.0678539 0.0292365 0.1745300 0.0779183 0.0147130 0.1856788 0.0055682 0.0186432 0.0166304 0.0133071 0.0383435 0.0924476 0.0662307 0.0100621 0.0815774 0.0391147 0.0823066 0.1794073 0.0526212 0.0796181 0.0209645 0.1870614 0.1268259 0.1688177 0.1943787 0.1249630 0.0038436 0.1687271 0.1046203 0.0807606 0.0422787 0.0074477 0.0048616 0.0862655 0.1267119 0.0196452 0.0056482 0.0381941 0.0419428 0.0455171 
Perityle_congesta_202                      0.3696901 0.1864333 0.2291262 0.3021262 0.2600211 0.1436497 0.2888174 0.2064791 0.3146712 0.2649438 0.2611365 0.1364956 0.0009341 0.0812260 0.1046744 0.1002901 0.0167904 0.2567850 0.1386670 0.0222128 0.1027880 0.0032020 0.0253607 0.3560551 0.0760000 0.0000000 0.0460220 0.1423846 0.1758522 0.2249018 0.0932692 0.2082800 0.2595704 0.2078084 0.0147242 0.2574214 0.2260091 0.0249415 0.0949961 0.0433503 0.1338003 0.0752574 0.2599824 0.0055959 0.2580324 0.1552112 0.0352139 0.2216526 0.0031497 0.1860463 0.2121210 0.0671672 0.0301921 0.0760381 0.0234271 0.2249645 0.1595792 0.0637529 0.1243891 0.0055306 0.0019790 0.1751669 0.2081609 0.1795592 0.0272665 0.2487624 0.2384623 0.1066984 0.1886243 0.1995398 0.2637704 0.0216777 0.3538499 0.2490707 0.0103643 0.0066601 0.0141296 0.0117447 0.1797257 0.2318532 0.0932089 0.1265470 0.1387684 0.0426867 0.2437378 
Perityle_cordifolia_27                     0.3212393 0.1296904 0.2633763 0.2612248 0.2133672 0.1630821 0.2402225 0.2283886 0.3463535 0.2550339 0.2784347 0.1760553 0.0480596 0.0532723 0.0694611 0.0659869 0.0406225 0.2117886 0.1442088 0.0505883 0.0960475 0.0526298 0.0236560 0.3730730 0.0277210 0.0460220 0.0000000 0.1095068 0.2105581 0.2055169 0.1084132 0.1758110 0.3036651 0.1899723 0.0394419 0.2578404 0.2010226 0.0514332 0.1374797 0.0658810 0.0997036 0.0673779 0.3179303 0.0624240 0.2447763 0.1868199 0.0611746 0.1613477 0.0518347 0.2370563 0.1176256 0.0440418 0.0693403 0.0952581 0.0121404 0.1988339 0.1640548 0.0806245 0.1312387 0.0695053 0.0525345 0.1796892 0.2105203 0.1910497 0.0063507 0.2642928 0.2469284 0.1209446 0.1782922 0.1867828 0.2288928 0.0441104 0.3503172 0.2762961 0.0708929 0.0511353 0.0479238 0.0332014 0.1810190 0.1866983 0.0712362 0.1652377 0.0760694 0.0751042 0.2205264 
Perityle_cordifolia_68_tecolote            0.2508727 0.1514253 0.3024875 0.3592030 0.3903176 0.1723985 0.3123037 0.2386411 0.4184581 0.2910694 0.2961999 0.2641204 0.0976667 0.1258417 0.0956511 0.1234123 0.1145168 0.4133533 0.1584998 0.1555365 0.1588164 0.1518696 0.0912511 0.2627644 0.0858625 0.1423846 0.1095068 0.0000000 0.2365810 0.2638663 0.1073862 0.2016718 0.3597136 0.2061205 0.0830657 0.2252238 0.2327277 0.1079317 0.1349286 0.1182972 0.1440447 0.1428497 0.3071093 0.1243083 0.2600645 0.2038797 0.1407064 0.2427133 0.1575545 0.2952314 0.2165634 0.0957496 0.1807076 0.1659473 0.0764050 0.2207964 0.1924561 0.0141716 0.1722621 0.1964642 0.1248164 0.2059370 0.2300441 0.2100009 0.0862828 0.2816074 0.3073690 0.2421868 0.2232645 0.2744929 0.1881010 0.0857370 0.2588403 0.2934544 0.2060671 0.1366015 0.0961719 0.0784858 0.2226078 0.1598318 0.1348739 0.2284494 0.0979551 0.1439837 0.2806704 
Perityle_coronopifolia_28_patagonia        0.3513308 0.1291035 0.2752391 0.2646729 0.2327091 0.1809268 0.2422188 0.2650475 0.3564050 0.2699622 0.2557915 0.2188118 0.1412135 0.1747095 0.1054984 0.1657987 0.1669236 0.2432290 0.1395720 0.0910103 0.1039752 0.1733555 0.0385668 0.3888282 0.0530383 0.1758522 0.2105581 0.2365810 0.0000000 0.2265207 0.1022866 0.1755125 0.2726357 0.1720659 0.1486566 0.2831465 0.1912739 0.1325865 0.1782075 0.1147272 0.2414677 0.1766516 0.2258020 0.1531362 0.2280163 0.2002030 0.1864319 0.1602419 0.1807493 0.2498437 0.1059367 0.1607544 0.1276271 0.1871995 0.1646642 0.2208056 0.1596560 0.1384691 0.1624634 0.1707993 0.1959193 0.1478267 0.2358364 0.1782344 0.0459967 0.2459994 0.0188190 0.2295464 0.1840911 0.2049069 0.2246561 0.1594951 0.3654285 0.2269954 0.1734036 0.1776629 0.1537737 0.0603974 0.2192632 0.1817246 0.1687667 0.2013839 0.0984694 0.1724514 0.2324609 
Perityle_crassifolia_70_ventanas           0.2550847 0.1248055 0.1789232 0.3224050 0.3204215 0.1448863 0.2918469 0.1900471 0.2575454 0.1253752 0.2144503 0.2709557 0.1750153 0.2438210 0.1361087 0.2148206 0.1911091 0.2717766 0.1128854 0.2058013 0.0190356 0.2224776 0.0701213 0.3099360 0.1137944 0.2249018 0.2055169 0.2638663 0.2265207 0.0000000 0.0142079 0.1010393 0.2309981 0.1029724 0.1859730 0.1460003 0.1875671 0.1725259 0.1852828 0.1476585 0.1792909 0.2574062 0.1997045 0.1904696 0.1812654 0.2408175 0.1999650 0.1966877 0.2420245 0.2846490 0.2705520 0.2235229 0.1751505 0.2478143 0.1725693 0.1840379 0.1329213 0.1450397 0.1351386 0.2455922 0.1990815 0.1535518 0.2419200 0.1285031 0.0975428 0.2986677 0.3059150 0.2507987 0.2144909 0.2766765 0.2304232 0.1825059 0.3016471 0.0585910 0.2305987 0.2122107 0.1932177 0.0818473 0.2023804 0.2812415 0.2419365 0.2257197 0.0551434 0.2189961 0.1390853 
Perityle_crassifolia_74_playa_balandra     0.2693550 0.0997110 0.0849052 0.2081571 0.1360534 0.1457787 0.1880346 0.1595950 0.1790762 0.1153789 0.1208803 0.1181091 0.0885308 0.0885417 0.0710029 0.0869498 0.0867136 0.1222230 0.0846376 0.1084071 0.0124272 0.0971447 0.0532556 0.2487894 0.0623248 0.0932692 0.1084132 0.1073862 0.1022866 0.0142079 0.0000000 0.0449558 0.1318905 0.1138265 0.0919368 0.0450934 0.0669047 0.1011723 0.0973698 0.0866435 0.0851575 0.1017196 0.0800954 0.0973375 0.0769123 0.0966685 0.1019105 0.0630518 0.0918300 0.1349696 0.0377848 0.0878567 0.1011941 0.0969960 0.0820366 0.0585330 0.0681770 0.1034903 0.1248274 0.0947767 0.0880309 0.0667153 0.2091110 0.0893798 0.0599919 0.1254122 0.1021224 0.1099083 0.1259374 0.1073471 0.2063206 0.0827320 0.2463473 0.0161731 0.0945217 0.0946550 0.0899471 0.0806037 0.1310193 0.1638690 0.0842525 0.1064475 0.0522800 0.0956006 0.0472793 
Perityle_cuneata_34_cuneata_San_antonio    0.2426637 0.0800956 0.2377877 0.3172450 0.2376417 0.1358339 0.2856134 0.1027478 0.3610238 0.1756411 0.1714289 0.1899799 0.1414356 0.1380938 0.0766633 0.1317290 0.1749422 0.2015324 0.0767068 0.0829727 0.0730642 0.2014422 0.0711472 0.3340988 0.0403155 0.2082800 0.1758110 0.2016718 0.1755125 0.1010393 0.0449558 0.0000000 0.1595741 0.1061576 0.1320490 0.1451863 0.0979574 0.1160295 0.1624592 0.0991496 0.1850040 0.1353339 0.1233436 0.1501297 0.1109314 0.1417584 0.1950467 0.1417218 0.2087397 0.2408539 0.0961660 0.1298181 0.1138412 0.1376902 0.1482411 0.1230674 0.0944671 0.1003257 0.0942149 0.1990440 0.2086936 0.0973049 0.1747685 0.0908421 0.0555372 0.1681487 0.1943379 0.2108969 0.2005702 0.2301757 0.1665188 0.1549804 0.3054830 0.0988803 0.2052599 0.1972265 0.1526256 0.0549023 0.1834107 0.1382254 0.1373251 0.1566467 0.0489395 0.1771206 0.1225362 
Perityle_cuneata_4                         0.2780514 0.1528897 0.2852144 0.3746473 0.3123855 0.1713511 0.3359064 0.1670095 0.4297825 0.2554764 0.3173814 0.2468731 0.1818192 0.2228330 0.1713217 0.2436053 0.2215329 0.3470658 0.1428574 0.1728696 0.1487719 0.2500313 0.1209586 0.4912812 0.1993632 0.2595704 0.3036651 0.3597136 0.2726357 0.2309981 0.1318905 0.1595741 0.0000000 0.1968591 0.1800384 0.2363996 0.2231157 0.1613484 0.2037207 0.1541404 0.2640534 0.2523018 0.2627471 0.1941914 0.2370447 0.2744882 0.2459423 0.2303764 0.2681386 0.2840954 0.2433115 0.2067485 0.1813378 0.2281371 0.1914023 0.2237315 0.1545563 0.1596895 0.1516812 0.2627894 0.2524804 0.1623112 0.2370216 0.1506268 0.1583085 0.2854839 0.3027454 0.1436020 0.2803656 0.3040628 0.3096079 0.1890281 0.4541025 0.2235527 0.2556084 0.2347019 0.1915298 0.1095696 0.2514882 0.3714963 0.2363305 0.1973121 0.1406583 0.2254598 0.3028878 
Perityle_discoidea_81                      0.1458008 0.0605229 0.1567606 0.2810241 0.2990202 0.1529157 0.2650018 0.1408995 0.2841805 0.0376327 0.1678172 0.2343218 0.1631017 0.1670505 0.1039852 0.1660791 0.1844369 0.2541314 0.1252393 0.1710138 0.0760561 0.2121500 0.0857385 0.3227419 0.0932834 0.2078084 0.1899723 0.2061205 0.1720659 0.1029724 0.1138265 0.1061576 0.1968591 0.0000000 0.1756268 0.1137069 0.1662222 0.1751408 0.1903800 0.1570550 0.1265286 0.1794078 0.1766218 0.1692832 0.1626284 0.1751684 0.2082910 0.1754681 0.2197055 0.2445806 0.1814577 0.1491885 0.1819251 0.1645935 0.1624492 0.1518649 0.1377131 0.1507661 0.1416403 0.2288776 0.1983161 0.1481226 0.2335016 0.1400893 0.0710954 0.2000796 0.2054074 0.1713065 0.2559956 0.2785327 0.2127274 0.1641815 0.3269275 0.1055482 0.2194987 0.2148097 0.1683789 0.0660503 0.2388351 0.2033408 0.1660436 0.2065264 0.0977050 0.1904113 0.1647143 
Perityle_dissecta_201                      0.2947419 0.1038821 0.1901936 0.2337314 0.2168428 0.1479184 0.2196384 0.2200434 0.2528155 0.1925482 0.1883045 0.1408034 0.0095330 0.0277225 0.0377397 0.0451384 0.0094129 0.1971825 0.1289336 0.0295838 0.0782544 0.0187614 0.0042860 0.2896890 0.0129854 0.0147242 0.0394419 0.0830657 0.1486566 0.1859730 0.0919368 0.1320490 0.1800384 0.1756268 0.0000000 0.2177628 0.1522123 0.0186966 0.1063835 0.0379194 0.0392205 0.0294469 0.1713531 0.0210421 0.1666981 0.1044851 0.0232352 0.1407675 0.0210106 0.2046934 0.0758381 0.0165950 0.0252522 0.0255595 0.0216913 0.1325738 0.1394016 0.0644889 0.1216966 0.0210658 0.0190638 0.1652707 0.2133431 0.1824745 0.0086163 0.2009814 0.1516722 0.0448424 0.1624449 0.1769903 0.2108866 0.0169760 0.2896070 0.1910168 0.0240769 0.0184077 0.0091817 0.0097618 0.1850301 0.1776103 0.0408597 0.1362608 0.0481183 0.0378089 0.1990969 
Perityle_emoryi_47_punta_san_jose          0.1440893 0.0924771 0.2532454 0.2905723 0.3426226 0.1588165 0.2719855 0.1811740 0.2649610 0.1690833 0.2242461 0.3099511 0.1979231 0.1835133 0.1159746 0.1947603 0.2444552 0.2917726 0.1673718 0.0532896 0.0632232 0.2687480 0.0597392 0.2559640 0.0440450 0.2574214 0.2578404 0.2252238 0.2831465 0.1460003 0.0450934 0.1451863 0.2363996 0.1137069 0.2177628 0.0000000 0.1950827 0.1891782 0.2402434 0.1728340 0.1501026 0.1910332 0.2242277 0.2193024 0.2168873 0.2006677 0.2662659 0.2408117 0.2757230 0.3343335 0.1424532 0.1560320 0.2229947 0.1774899 0.2203498 0.1913371 0.2126047 0.1816263 0.1906835 0.2806462 0.2585236 0.2181192 0.2141886 0.2205836 0.0582331 0.2441372 0.2527564 0.2100206 0.2401573 0.3209379 0.1917656 0.2337784 0.2574149 0.1317553 0.2744501 0.2581635 0.2197627 0.0404997 0.2700478 0.1752906 0.1841482 0.2664499 0.0552905 0.2454188 0.0979249 
Perityle_feddemae_99                       0.2210996 0.1035902 0.2422351 0.3387755 0.2849362 0.1791672 0.3251988 0.1637882 0.3617520 0.1900403 0.1787801 0.2237980 0.1650435 0.1606184 0.1050438 0.1526190 0.1906310 0.3182535 0.1013179 0.1046751 0.1095016 0.2226664 0.0910125 0.2991182 0.0717163 0.2260091 0.2010226 0.2327277 0.1912739 0.1875671 0.0669047 0.0979574 0.2231157 0.1662222 0.1522123 0.1950827 0.0000000 0.1468157 0.1792042 0.1437365 0.1967614 0.1656621 0.0096628 0.1843375 0.0119280 0.1569983 0.2163671 0.1936384 0.2353291 0.2634457 0.1222531 0.1433014 0.1552468 0.1594370 0.1503991 0.1304742 0.1000834 0.1340583 0.1014579 0.2389729 0.2143863 0.1442873 0.2024703 0.1260829 0.1110588 0.1804158 0.2620829 0.2457262 0.2450143 0.2731077 0.1807419 0.1652779 0.2948696 0.1809408 0.2329611 0.2115437 0.1682132 0.0660491 0.2282088 0.1710537 0.1619979 0.2001305 0.0817329 0.1886666 0.2514930 
Perityle_fosteri_93                        0.3224986 0.1121931 0.2051951 0.2538813 0.2239508 0.1622435 0.2324441 0.2181771 0.3078288 0.1805415 0.1683854 0.1343356 0.0217775 0.0400893 0.0455159 0.0487834 0.0217413 0.2041874 0.1362812 0.0381549 0.0813547 0.0275691 0.0106514 0.3382230 0.0201941 0.0249415 0.0514332 0.1079317 0.1325865 0.1725259 0.1011723 0.1160295 0.1613484 0.1751408 0.0186966 0.1891782 0.1468157 0.0000000 0.1233803 0.0553648 0.1014621 0.0370572 0.1636037 0.0289022 0.1557174 0.1195732 0.0238647 0.1542997 0.0288039 0.1747513 0.1113643 0.0272261 0.0407912 0.0466776 0.0305395 0.1167519 0.1354242 0.0764800 0.1283558 0.0299277 0.0218941 0.1502941 0.2199252 0.1750273 0.0128770 0.1551751 0.1356694 0.0603017 0.1687714 0.1659515 0.2153310 0.0265977 0.3373786 0.1861378 0.0276155 0.0256287 0.0152216 0.0137465 0.1778600 0.1851429 0.0528062 0.1295585 0.0518949 0.0336088 0.1719857 
Perityle_gamon_221                         0.3629182 0.1291514 0.2787567 0.2786045 0.2226926 0.1348488 0.2587106 0.2385967 0.3713028 0.2333403 0.2588978 0.2144825 0.1005658 0.1156698 0.1155499 0.1192770 0.1031040 0.2041884 0.1429710 0.1270196 0.1190802 0.1078788 0.0549261 0.3960776 0.0768495 0.0949961 0.1374797 0.1349286 0.1782075 0.1852828 0.0973698 0.1624592 0.2037207 0.1903800 0.1063835 0.2402434 0.1792042 0.1233803 0.0000000 0.1061928 0.1638217 0.1162812 0.1923912 0.1135730 0.1851580 0.0240938 0.1211082 0.1467920 0.1049947 0.2760122 0.1092120 0.1072780 0.1199968 0.1220967 0.1020135 0.1650346 0.1439025 0.0977866 0.1737082 0.1076780 0.0909005 0.1639518 0.2266927 0.1812926 0.0601744 0.2517478 0.1896046 0.1678079 0.1500829 0.1608752 0.2028923 0.1002852 0.3607784 0.2118868 0.1102106 0.1053582 0.1047957 0.0730698 0.1732836 0.1852209 0.1015591 0.2131893 0.0526648 0.1248476 0.2238608 
Perityle_gentryi_8_san_francisco           0.3288690 0.1232530 0.2171368 0.2563383 0.1987614 0.1652146 0.2351341 0.2132630 0.3054665 0.1616081 0.1704481 0.1420110 0.0422522 0.0534500 0.0506170 0.0136606 0.0370920 0.1808860 0.1309697 0.0298053 0.0696209 0.0486151 0.0170550 0.3261632 0.0166425 0.0433503 0.0658810 0.1182972 0.1147272 0.1476585 0.0866435 0.0991496 0.1541404 0.1570550 0.0379194 0.1728340 0.1437365 0.0553648 0.1061928 0.0000000 0.1156085 0.0506465 0.1568529 0.0535673 0.1490884 0.1088801 0.0551132 0.1391929 0.0511789 0.1879052 0.1068896 0.0411414 0.0547750 0.0546841 0.0386813 0.0997743 0.1127114 0.0801580 0.1330149 0.0533828 0.0537289 0.1318401 0.2113511 0.1533443 0.0172052 0.1585673 0.1173637 0.0852617 0.1491237 0.1537365 0.1998788 0.0434668 0.3245555 0.1625964 0.0510731 0.0449339 0.0413615 0.0255998 0.1700292 0.1684618 0.0358391 0.1364000 0.0494661 0.0537555 0.1484526 
Perityle_gilensis_22_Superstition          0.2186674 0.1004265 0.2570889 0.3200360 0.3931062 0.1692223 0.2813809 0.2072392 0.4017759 0.2169158 0.2521014 0.2502892 0.0931278 0.0511959 0.0784903 0.1010883 0.0964325 0.2959417 0.1670479 0.1424043 0.1539253 0.1327963 0.0411635 0.3189130 0.0146845 0.1338003 0.0997036 0.1440447 0.2414677 0.1792909 0.0851575 0.1850040 0.2640534 0.1265286 0.0392205 0.1501026 0.1967614 0.1014621 0.1638217 0.1156085 0.0000000 0.0634901 0.2600604 0.1021594 0.2211918 0.1623699 0.1185510 0.2235656 0.1379735 0.2643063 0.2069736 0.0416714 0.0980772 0.0697027 0.0350865 0.1043933 0.2000076 0.0585350 0.1202373 0.1443959 0.0478725 0.1863951 0.1938382 0.2352862 0.0598930 0.2054946 0.2515346 0.1577946 0.2841372 0.3008546 0.1484698 0.0775639 0.3138151 0.2020931 0.1461291 0.1131685 0.0877696 0.0078151 0.2768796 0.1599541 0.0468295 0.1962066 0.0798995 0.1395717 0.2059497 
Perityle_gilensis_salensis_225             0.2267848 0.1359249 0.2755823 0.3466001 0.3379036 0.1762117 0.3165726 0.2269717 0.3604396 0.2222262 0.2238439 0.1650648 0.0219922 0.0250720 0.0474449 0.0741047 0.0503649 0.3484614 0.1431841 0.0417789 0.0904318 0.0683836 0.0551211 0.2060504 0.0327695 0.0752574 0.0673779 0.1428497 0.1766516 0.2574062 0.1017196 0.1353339 0.2523018 0.1794078 0.0294469 0.1910332 0.1656621 0.0370572 0.1162812 0.0506465 0.0634901 0.0000000 0.2190610 0.0302779 0.1863491 0.1387734 0.0655559 0.2344387 0.0854118 0.2192752 0.1928810 0.0203596 0.0413619 0.0426944 0.0255810 0.1058698 0.1690706 0.0704903 0.1369900 0.0896396 0.0647792 0.2201609 0.2121181 0.1916407 0.0798026 0.1540743 0.2375101 0.1648721 0.2452588 0.2712310 0.1628000 0.0326895 0.1883983 0.2288268 0.0890322 0.0648304 0.0304867 0.0270461 0.2196095 0.1534999 0.0488693 0.1505340 0.0907895 0.0725315 0.2494397 
Perityle_glaucescens_94                    0.2311231 0.1134793 0.2582511 0.3320707 0.2988825 0.1806602 0.3271588 0.1778449 0.3994537 0.2188805 0.2120166 0.2533510 0.1800578 0.1828018 0.1196521 0.1757931 0.2198798 0.3231078 0.1139415 0.1245581 0.1171531 0.2540749 0.1039598 0.3214337 0.0779578 0.2599824 0.3179303 0.3071093 0.2258020 0.1997045 0.0800954 0.1233436 0.2627471 0.1766218 0.1713531 0.2242277 0.0096628 0.1636037 0.1923912 0.1568529 0.2600604 0.2190610 0.0000000 0.1931221 0.0162136 0.2107141 0.2460672 0.2009918 0.2673571 0.2846661 0.1229825 0.1587111 0.1699679 0.1958255 0.1880183 0.1553379 0.1201636 0.1470140 0.1174905 0.2662568 0.2560297 0.1593100 0.2140253 0.1409345 0.1166014 0.2215124 0.2845128 0.2955535 0.2525863 0.2790805 0.1885012 0.1898470 0.3023687 0.2189415 0.2616349 0.2482860 0.1923599 0.0791822 0.2411357 0.1761148 0.1948300 0.2203748 0.0972649 0.2231699 0.2618366 
Perityle_gracilis_11                       0.3448311 0.1134031 0.2696367 0.2657879 0.2208062 0.1565991 0.2398538 0.2172726 0.3381974 0.1989734 0.2240284 0.1323179 0.0052176 0.0348734 0.0509761 0.0541073 0.0242646 0.2047200 0.1385270 0.0324198 0.0747249 0.0059785 0.0107697 0.3855584 0.0187521 0.0055959 0.0624240 0.1243083 0.1531362 0.1904696 0.0973375 0.1501297 0.1941914 0.1692832 0.0210421 0.2193024 0.1843375 0.0289022 0.1135730 0.0535673 0.1021594 0.0302779 0.1931221 0.0000000 0.1904782 0.1181251 0.0422097 0.1607044 0.0072058 0.1965294 0.1128777 0.0204327 0.0371568 0.0378114 0.0294992 0.1536503 0.1491667 0.0728474 0.1297964 0.0066958 0.0034208 0.1741372 0.2105618 0.1915304 0.0151245 0.1785698 0.1588604 0.0919347 0.1768215 0.1769824 0.2151299 0.0312471 0.3589823 0.1941435 0.0091698 0.0084737 0.0247196 0.0117989 0.1824634 0.1830188 0.0476503 0.1381033 0.0549738 0.0240820 0.2017549 
