79
Amauria_brandeegeana_62                    0.0000000 9.0000000 0.5279520 0.3975667 0.0743165 1.0285654 9.0000000 9.0000000 0.5156069 0.0077634 0.5470279 0.4637216 0.6596727 9.0000000 9.0000000 0.4787156 0.6596727 0.5923306 0.6392757 0.0801290 0.4020176 0.5879703 0.8670381 0.4163743 0.5972823 0.9797378 9.0000000 0.0765107 0.9219931 0.9956695 0.0664416 0.9610296 0.0724931 0.8324011 0.3789349 9.0000000 0.3490094 0.4870838 0.6596727 0.0690148 0.7534462 0.0705440 0.0730928 9.0000000 0.6703777 0.1191578 0.0741497 0.0613367 9.0000000 9.0000000 0.0733467 0.7592909 0.3390400 0.3938890 0.3994973 0.0991956 0.3404083 0.0990409 0.2564809 0.4340539 0.4942041 0.4076898 1.1000235 0.7918905 9.0000000 0.4577786 0.8815680 9.0000000 0.9305162 0.3933329 0.6432271 9.0000000 1.1000235 0.0784127 9.0000000 9.0000000 0.4089468 0.3911270 0.0385023 
Amauria_carterae_99_mesa                   9.0000000 0.0000000 0.2519862 0.2594472 0.2685518 0.0966726 0.2462636 9.0000000 0.2984542 9.0000000 0.2684252 0.2213658 0.2123076 0.2556151 0.2432647 0.2330327 0.2185092 0.9666433 0.2545702 0.2435987 0.2349069 9.0000000 0.2621232 0.2491033 0.1968376 0.2362903 0.6495256 0.2473752 0.0700685 9.0000000 0.3425215 0.2137984 0.2088962 0.2916668 0.2791545 0.2317242 0.2371457 0.2615855 9.0000000 0.3349085 0.2276360 0.2917484 0.2362930 0.2186665 0.2311138 0.2279949 0.2925573 0.2464921 0.2300523 0.2417081 0.2379817 0.2952970 0.1986139 0.2171729 0.2238619 0.2920197 0.2277460 0.2931554 0.1565780 0.1545963 0.2483921 1.1492289 0.2572867 0.2616300 0.2136550 0.2498961 0.2633661 0.6691596 0.2105797 0.2310780 0.2271737 0.2035906 0.2715419 0.2737562 0.3083126 0.2587408 0.2178519 0.2101183 0.2275619 
Amauria_rotundifolia_SRR9119150            0.5279520 0.2519862 0.0000000 0.4013007 0.2443430 0.3225810 0.3297696 0.8514872 0.3059735 0.5510072 0.2607253 0.2527955 0.2136504 0.1897556 0.2104095 0.2369908 0.1865078 0.8945619 0.2270595 0.1920655 0.1787344 0.6418471 0.2563048 0.1453839 0.5232460 0.2512749 0.6681648 0.2166850 0.1178026 1.0222694 0.3794381 0.1089279 0.2140847 0.1994617 0.2295768 0.2006873 0.2803662 0.1977335 1.2538444 0.5415160 0.1561592 0.1771438 0.2364402 0.1228220 0.1650287 0.1704674 0.2184423 0.2139647 0.1702636 0.1951900 0.2060986 0.5165440 0.1671807 0.1960515 0.1965596 0.2639584 0.4146139 0.4327654 0.2665348 0.4348665 0.2391081 0.9309170 0.2714103 0.5049773 0.1967206 0.2304126 0.2005834 0.7213729 0.2047209 0.1785591 0.1525084 0.1348236 0.2165133 0.1926277 0.1532841 0.1305678 0.4865334 0.2075955 0.2126963 
Conoclinium_coelestinum_SRR9119114         0.3975667 0.2594472 0.4013007 0.0000000 0.3949075 0.3072694 0.3054689 0.8973156 0.4100120 0.3676165 0.4956892 0.4138386 0.3330573 0.4009241 0.4355348 0.4594940 0.3783404 0.9362821 0.4419886 0.3956392 0.3542227 0.4000381 0.5004909 0.3780120 0.4996717 0.4554207 0.7583384 0.3865945 0.2187807 0.7683962 0.4250054 0.4924137 0.3732229 0.4551405 0.4106202 0.4489043 0.4160194 0.3872614 0.5204850 0.4355440 0.3779549 0.3659522 0.3886707 0.2952476 0.3868396 0.3808833 0.4005607 0.3867585 0.3522844 0.3937778 0.4100207 0.4336318 0.3390281 0.3365907 0.3714843 0.4004182 0.3815397 0.3982341 0.3942220 0.4676444 0.4258317 0.5508519 0.3920297 0.4296464 0.3133983 0.4130488 0.4694873 0.7835651 0.3839264 0.3740522 0.4231103 0.2947260 0.4075507 0.3952997 0.3400342 0.3762229 0.4811503 0.3239553 0.3551717 
Eutetras_palmeri_63                        0.0743165 0.2685518 0.2443430 0.3949075 0.0000000 0.2897039 0.2507832 0.3660518 0.3796053 0.0751152 0.4092480 0.4186463 0.1796800 0.1383184 0.1360882 0.4256850 0.1951391 0.6045049 0.2279689 0.1264750 0.2849699 0.5227973 0.4536086 0.2712423 0.5790282 0.2223635 0.2188315 0.1519244 0.2817346 0.1063644 0.3000133 0.2670803 0.1658649 0.3389376 0.2130853 0.3851181 0.3694711 0.1794711 0.2147298 0.1984047 0.2178959 0.0889354 0.1643816 0.1414245 0.2290341 0.1700387 0.1576986 0.1305758 0.1759708 0.1295910 0.2608545 0.3126776 0.1791448 0.2876243 0.3083892 0.2145059 0.3328542 0.1816610 0.2538368 0.5081936 0.2947366 0.3580789 0.2002352 0.3326180 0.0932117 0.2438545 0.3455725 0.5751206 0.3326772 0.2847254 0.2888400 0.0842537 0.1762491 0.2284871 0.1260165 0.1635458 0.4075307 0.3366579 0.1270675 
Eutetras_pringlei_149_quer                 1.0285654 0.0966726 0.3225810 0.3072694 0.2897039 0.0000000 0.2596665 0.1211227 0.2955938 0.7600833 0.1776596 0.2197069 0.2355908 0.2395872 0.2147967 0.2730456 0.2141426 0.2390607 0.2512252 0.2768814 0.2698593 0.5191367 0.1669521 0.2952163 0.5310212 0.2242947 0.3664472 0.2472337 0.1514420 0.1900987 0.5274384 0.2486905 0.2359814 0.2758875 0.2778656 0.1595540 0.2470004 0.2431438 0.2424307 0.3560842 0.2941650 0.3249571 0.2823747 0.1452555 0.2877520 0.3255008 0.2703516 0.2762080 0.2666835 0.2148428 0.2550612 0.2762344 0.2440815 0.3069122 0.3355332 0.2535569 0.1602874 0.2953686 0.1172746 0.2027877 0.2761004 0.4130847 0.2710969 0.2728384 0.2507568 0.2470137 0.2667063 0.0691843 0.1841869 0.2826565 0.2491859 0.1944289 0.2757249 0.1723854 0.2638441 0.2932230 0.1365457 0.3274644 0.2286599 
Eutrochium_fistulosum_SRR9119106           9.0000000 0.2462636 0.3297696 0.3054689 0.2507832 0.2596665 0.0000000 0.2972290 0.2874252 9.0000000 0.3194906 0.3296016 0.2147554 0.2124215 0.2310554 0.3467533 0.1878480 0.5300114 0.2170617 0.2097936 0.3275519 9.0000000 0.3704749 0.3064946 0.5660468 0.2278482 0.2083796 0.2412089 0.0972919 0.0918165 0.4604824 0.3063587 0.2084315 0.3317339 0.2220139 0.3304181 0.3312442 0.2112565 0.1013467 0.2926295 0.3227240 0.3268851 0.2134115 0.1901393 0.3226782 0.3302702 0.2961341 0.2070251 0.3474812 0.2178784 0.3368674 0.2476718 0.1876525 0.3089086 0.3439926 0.2636276 0.3357062 0.2498829 0.2021762 0.3914914 0.2454438 0.3306273 0.2533441 0.2633362 0.1615342 0.2274446 0.3696840 0.3049495 0.2659655 0.3148982 0.2887142 0.1452880 0.2313526 0.3575041 0.3097405 0.2986820 0.3834215 0.3111564 0.2017491 
Galeana_pratensis_104_mex                  9.0000000 9.0000000 0.8514872 0.8973156 0.3660518 0.1211227 0.2972290 0.0000000 0.3105770 9.0000000 0.1452492 0.2659665 0.3593145 0.3755963 0.3302083 0.2935995 0.3559967 0.1736582 0.3669693 0.3509678 9.0000000 9.0000000 0.2243340 9.0000000 1.1487750 0.3577675 0.4526021 0.3915450 9.0000000 0.3361412 0.9016728 9.0000000 0.3758278 0.3404137 0.3727954 0.1400599 0.2778612 0.3510294 0.3905870 0.3548812 1.5218381 9.0000000 0.3725942 0.2519112 0.4798791 0.7311607 0.3400954 0.3647136 9.0000000 0.3522734 0.3455472 0.3281633 0.3412510 0.5933618 0.9657664 0.3809037 0.1309662 0.3290998 0.1812084 0.3023580 0.4147126 0.3468202 0.4094481 0.3828817 0.2917399 0.3331833 9.0000000 0.1434730 9.0000000 9.0000000 9.0000000 0.2964287 0.3746433 0.1279194 9.0000000 9.0000000 0.3088372 0.8285288 0.3573683 
Helianthus_annuus_SRR9119062               0.5156069 0.2984542 0.3059735 0.4100120 0.3796053 0.2955938 0.2874252 0.3105770 0.0000000 0.4936075 0.3046475 0.2867283 0.3280914 0.2998543 0.3133883 0.3390631 0.3485955 0.5701479 0.3350598 0.2909817 0.2312224 0.5633264 0.3306610 0.1981232 0.5875945 0.3260091 0.4586458 0.3419280 0.1930309 0.3698606 0.4925439 0.2227108 0.3281562 0.3031838 0.3413986 0.3480563 0.2847410 0.3287407 0.4967469 0.4328251 0.2369754 0.2300580 0.3444269 0.1645394 0.2524105 0.2723863 0.2794904 0.3340129 0.2519909 0.2734461 0.3081814 0.4629681 0.1989620 0.2577492 0.2824573 0.3717580 0.3416390 0.4056562 0.2278269 0.3943070 0.3330701 0.5697247 0.3752222 0.4988732 0.1914706 0.3309458 0.3040024 0.3582663 0.2799442 0.2132871 0.1998290 0.1715526 0.3586952 0.3319413 0.1855716 0.1734159 0.4248283 0.2639897 0.3071309 
Lycapsus_tenuifolius_17                    0.0077634 9.0000000 0.5510072 0.3676165 0.0751152 0.7600833 9.0000000 9.0000000 0.4936075 0.0000000 0.5239285 0.4825681 0.8115424 9.0000000 9.0000000 0.5122794 0.8115424 0.5923306 0.6457160 0.0784647 0.4283741 0.5648045 0.8129522 0.4491913 0.6095582 1.1145216 9.0000000 0.0801012 1.0156224 0.4906551 0.0657538 0.9595172 0.0814041 0.8554581 0.3643408 9.0000000 0.3309426 0.4785329 0.8115424 0.0798124 0.6568429 0.0806539 0.0788134 9.0000000 0.6000569 0.1305386 0.0839438 0.0655475 9.0000000 9.0000000 0.0743689 0.7402789 0.3217891 0.3899332 0.4258845 0.1067645 0.2920916 0.1032814 0.2564809 0.4649363 0.5115679 0.4330067 1.1553218 0.7948488 9.0000000 0.4574953 0.8314802 9.0000000 0.9615533 0.4220759 0.6157323 9.0000000 1.1553218 0.0838404 9.0000000 9.0000000 0.3689160 0.4247164 0.0490048 
Pericome_caudata_50_silver                 0.5470279 0.2684252 0.2607253 0.4956892 0.4092480 0.1776596 0.3194906 0.1452492 0.3046475 0.5239285 0.0000000 0.3314189 0.3210733 0.2701290 0.2441370 0.3430833 0.3224243 0.3503185 0.3804902 0.3461308 0.2211495 0.4860422 0.2632354 0.2134050 0.5925330 0.3639766 0.4866928 0.3829527 0.1398825 0.4450696 0.4432318 0.3040672 0.4143577 0.3304618 0.4122641 0.1692762 0.3007506 0.3027846 0.6293974 0.5035744 0.1560235 0.2908873 0.4055319 0.1561273 0.1654138 0.2493361 0.3335001 0.3541595 0.1404570 0.2264240 0.3378295 0.5057328 0.2236914 0.2501847 0.2506558 0.3771038 0.2632801 0.4843258 0.2489316 0.4233576 0.3664543 0.5252889 0.3210411 0.5467631 0.1731656 0.3444342 0.2894298 0.1067590 0.2704496 0.2260481 0.2886083 0.1758291 0.2995966 0.2657534 0.1125807 0.1141445 0.3699253 0.2782589 0.3450048 
Perityle_aglossa_84_dead_horse             0.4637216 0.2213658 0.2527955 0.4138386 0.4186463 0.2197069 0.3296016 0.2659665 0.2867283 0.4825681 0.3314189 0.0000000 0.2447193 0.2073271 0.2507982 0.1501850 0.2762465 0.5276748 0.2917139 0.2539398 0.0628852 0.3927657 0.2728785 0.0739402 0.5788132 0.3202120 0.4316839 0.3030832 0.2066508 0.3793654 0.4602306 0.2647571 0.3286754 0.2137819 0.2768010 0.3225263 0.1134265 0.2166611 0.5749038 0.4896623 0.1318129 0.2903907 0.3052014 0.0993873 0.1364403 0.2133045 0.3244777 0.2521192 0.0824610 0.1973818 0.2119137 0.4808318 0.1263705 0.0612011 0.0946244 0.3743077 0.2995979 0.3935387 0.1882549 0.1231137 0.2443767 0.3251195 0.3694864 0.4995481 0.0879128 0.2217383 0.1821663 0.3703670 0.1649760 0.0783898 0.1919250 0.1105404 0.3432962 0.2884510 0.1343506 0.1094030 0.3174361 0.0906523 0.2924663 
Perityle_ajoensis_204                      0.6596727 0.2123076 0.2136504 0.3330573 0.1796800 0.2355908 0.2147554 0.3593145 0.3280914 0.8115424 0.3210733 0.2447193 0.0000000 0.0360259 0.0536065 0.2876718 0.0649355 0.5612207 0.0444006 0.0325614 0.0196036 9.0000000 0.2732816 0.0359461 0.5183538 0.0798199 0.1415859 0.1001183 0.2700371 0.0593648 0.4510687 0.1350747 0.0381432 0.3082106 0.0434750 0.3497967 0.2357989 0.0471929 0.0492250 0.2853211 0.0279910 0.1353550 0.0434578 0.1465806 0.0377351 0.0388510 0.2480169 0.0459156 0.0434055 0.0483291 0.2668771 0.2719321 0.0407104 0.0483369 0.0593527 0.2609717 0.3021025 0.2007177 0.1927260 0.4308831 0.1130311 0.1539251 0.1749629 0.2834346 0.0357599 0.0626801 0.1245398 0.4774339 0.1169095 0.0182839 0.0143317 0.0104869 0.1588246 0.2786261 0.0883437 0.0211408 0.3601432 0.0989504 0.0462409 
Perityle_ambrosiifolia_67_green            9.0000000 0.2556151 0.1897556 0.4009241 0.1383184 0.2395872 0.2124215 0.3755963 0.2998543 9.0000000 0.2701290 0.2073271 0.0360259 0.0000000 0.0729252 0.2599243 0.0360821 0.5708323 0.0273146 0.0274692 0.0744768 9.0000000 0.2058389 0.0587442 0.5334259 0.0595828 0.1299409 0.0908694 0.2122343 0.0391300 0.4507543 0.2039035 0.0252738 0.2644498 0.0408763 0.3155751 0.2341975 0.0074625 0.0301765 0.2976186 0.0868607 0.1561932 0.0237195 0.1552725 0.0954428 0.0972217 0.2346849 0.0345506 0.0962186 0.0473702 0.2355004 0.2174036 0.0414187 0.0966333 0.1198421 0.2191665 0.3141462 0.2075506 0.1925271 0.4047717 0.0911319 0.1948059 0.1328882 0.2090932 0.0131201 0.0269754 0.1022274 0.4001078 0.1474564 0.0887830 0.0377281 0.0357613 0.1268930 0.2912880 0.1355446 0.0640987 0.3523769 0.1389018 0.0408004 
Perityle_angustifolia_13_Eagle_creek       9.0000000 0.2432647 0.2104095 0.4355348 0.1360882 0.2147967 0.2310554 0.3302083 0.3133883 9.0000000 0.2441370 0.2507982 0.0536065 0.0729252 0.0000000 0.2494733 0.0436192 0.5713790 0.0821153 0.0820671 0.0529659 9.0000000 0.2589555 0.0352630 0.5798156 0.0611009 0.1343390 0.1235591 0.2261929 0.0252992 0.4836818 0.2169315 0.0494679 0.2707666 0.0779652 0.3142513 0.2313661 0.0755616 0.0523801 0.3027674 0.0648734 0.1674603 0.0843170 0.1788090 0.0789292 0.0830741 0.2107868 0.0850376 0.0698370 0.0591669 0.1904218 0.2431512 0.0409746 0.0889176 0.0995665 0.2181269 0.2979442 0.2385027 0.1916124 0.4037763 0.1080432 0.2151831 0.1100678 0.2253404 0.0482554 0.0774416 0.2050085 0.3363798 0.2521039 0.0531648 0.0328462 0.0137715 0.1183488 0.2811356 0.0916129 0.0306666 0.3342738 0.1462001 0.0500311 
Perityle_batopilensis_97                   0.4787156 0.2330327 0.2369908 0.4594940 0.4256850 0.2730456 0.3467533 0.2935995 0.3390631 0.5122794 0.3430833 0.1501850 0.2876718 0.2599243 0.2494733 0.0000000 0.2423176 0.6114642 0.3318566 0.2929769 0.0883069 0.6119762 0.3225683 0.0755939 0.6006626 0.2831218 0.4230936 0.3213072 0.3570707 0.3614918 0.4454921 0.2643481 0.3338719 0.2254618 0.3210097 0.3786284 0.0715738 0.2683430 0.5962488 0.5059750 0.0810790 0.2514581 0.3364881 0.1411213 0.0943917 0.1544822 0.3019101 0.3076558 0.0657489 0.2066885 0.1837751 0.5532727 0.1784288 0.1076868 0.1095460 0.4266790 0.3504121 0.4402100 0.1897883 0.2519264 0.2891058 0.4038498 0.3728819 0.5500980 0.1308072 0.2899902 0.2591436 0.4298373 0.2485728 0.0877028 0.1458756 0.0903366 0.3323225 0.2956641 0.0937109 0.0373340 0.3451311 0.1347181 0.2624026 
Perityle_bisetosa_9                        0.6596727 0.2185092 0.1865078 0.3783404 0.1951391 0.2141426 0.1878480 0.3559967 0.3485955 0.8115424 0.3224243 0.2762465 0.0649355 0.0360821 0.0436192 0.2423176 0.0000000 0.5781683 0.0704675 0.0539340 0.0452635 9.0000000 0.2978191 0.0244688 0.5395542 0.0766425 0.1270181 0.1229354 0.2277251 0.0446025 0.4327719 0.1719015 0.0646109 0.2798004 0.0483126 0.3349512 0.2755704 0.0640756 0.0852710 0.3080210 0.0331871 0.1369415 0.0746032 0.1225720 0.0439481 0.0488810 0.2744592 0.0638077 0.0447885 0.0483552 0.2318559 0.2684732 0.0352254 0.0702245 0.0759594 0.2225465 0.3070556 0.1980913 0.2070782 0.4338814 0.1182165 0.2089218 0.1592413 0.3050358 0.0244856 0.0775528 0.1515585 0.5457981 0.1655400 0.0411864 0.0214946 0.0205708 0.1524785 0.2801282 0.0686222 0.0283024 0.3502191 0.1436055 0.0505314 
Perityle_canescens_77                      0.5923306 0.9666433 0.8945619 0.9362821 0.6045049 0.2390607 0.5300114 0.1736582 0.5701479 0.5923306 0.3503185 0.5276748 0.5612207 0.5708323 0.5713790 0.6114642 0.5781683 0.0000000 0.5882798 0.5572072 0.8381476 0.7196095 0.4159674 0.8371584 1.0945591 0.5887325 0.4504257 0.6341234 1.2438642 0.4191824 0.7985487 0.8863769 0.5778814 0.5591238 0.5809033 0.3073889 0.5484497 0.5737108 0.4894677 0.6842115 0.8092705 0.7525585 0.5807431 0.3208986 0.7792191 0.8053931 0.5868908 0.5862776 0.8003305 0.5674022 0.6230418 0.6456837 0.5105596 0.7766762 0.8438711 0.6721045 0.2947553 0.6230994 0.4200329 0.6466718 0.6565817 0.5949275 0.6308019 0.6160497 0.4371090 0.6101847 0.9285614 0.1581303 1.0832294 0.8307956 0.7846649 0.3756276 0.6147783 0.3309428 0.7815717 0.8019314 0.5106073 0.7716939 0.5697927 
Perityle_castillonii_96                    0.6392757 0.2545702 0.2270595 0.4419886 0.2279689 0.2512252 0.2170617 0.3669693 0.3350598 0.6457160 0.3804902 0.2917139 0.0444006 0.0273146 0.0821153 0.3318566 0.0704675 0.5882798 0.0000000 0.0369480 0.1004396 1.4284465 0.3091703 0.1152163 0.5528623 0.0985637 0.1376438 0.1120779 0.2497025 0.0549235 0.4518269 0.1901237 0.0416932 0.3251749 0.0698704 0.3780390 0.2981843 0.0319664 0.0376428 0.3017977 0.0867891 0.1589139 0.0384307 0.1484864 0.0956152 0.1166803 0.2599990 0.0459582 0.0868882 0.0611169 0.2929209 0.2903513 0.0789514 0.1207274 0.1391679 0.2340266 0.3525301 0.2354376 0.2295127 0.4813553 0.1451495 0.2086590 0.1913570 0.2864622 0.0186610 0.0616491 0.1366291 0.4969445 0.1371700 0.1107140 0.0720816 0.0326084 0.1728249 0.2901188 0.1372558 0.0774229 0.4035502 0.1778403 0.0613673 
Perityle_cernua_84                         0.0801290 0.2435987 0.1920655 0.3956392 0.1264750 0.2768814 0.2097936 0.3509678 0.2909817 0.0784647 0.3461308 0.2539398 0.0325614 0.0274692 0.0820671 0.2929769 0.0539340 0.5572072 0.0369480 0.0000000 0.1748204 0.5170068 0.2669650 0.1940281 0.5414672 0.0816681 0.1531639 0.0831995 0.2428164 0.0688901 0.3082737 0.2629035 0.0249351 0.2905991 0.1121010 0.3017988 0.2700694 0.0326466 0.0382320 0.1838925 0.0889498 0.1039965 0.0313084 0.1529057 0.1011090 0.0804580 0.1766088 0.0296437 0.0713496 0.0578553 0.1599814 0.2162825 0.1247679 0.1856969 0.1923808 0.1662232 0.3429063 0.1656178 0.2326841 0.3873854 0.1680996 0.2423379 0.1500650 0.2645854 0.0082284 0.1088240 0.1726187 0.4269978 0.1304326 0.1765745 0.1900728 0.0441201 0.1564209 0.1911685 0.1293446 0.0681601 0.3730170 0.2096491 0.0377544 
Perityle_cfvillosa_25_tin                  0.4020176 0.2349069 0.1787344 0.3542227 0.2849699 0.2698593 0.3275519 9.0000000 0.2312224 0.4283741 0.2211495 0.0628852 0.0196036 0.0744768 0.0529659 0.0883069 0.0452635 0.8381476 0.1004396 0.1748204 0.0000000 0.3906547 0.1905402 0.0308496 0.4057889 0.1239474 0.5545418 0.2196567 0.1676904 9.0000000 0.3690381 0.2501826 0.1837162 0.2013783 0.1921254 0.1387003 0.0701527 0.1195874 9.0000000 0.4667462 0.0602727 0.2648434 0.2003216 0.1358284 0.0627179 0.1468051 0.2709372 0.1693551 0.0246298 0.0547701 0.1821265 0.4395616 0.0431482 0.0028294 0.0040827 0.2903621 0.3195471 0.3648324 0.2053857 0.1669929 0.1272084 0.2149074 0.1407116 0.4502219 0.0733868 0.1225047 0.1802768 0.5412785 0.1405937 0.0088859 0.1525358 0.0000010 0.1273539 0.2299720 0.0894654 0.0509459 0.3904914 0.0039546 0.1907664 
Perityle_cinerea_113_Powell1310            0.5879703 9.0000000 0.6418471 0.4000381 0.5227973 0.5191367 9.0000000 9.0000000 0.5633264 0.5648045 0.4860422 0.3927657 9.0000000 9.0000000 9.0000000 0.6119762 9.0000000 0.7196095 1.4284465 0.5170068 0.3906547 0.0000000 0.7245292 0.3910665 0.9999553 1.4266189 9.0000000 0.5270660 0.8802634 9.0000000 9.0000000 0.8010962 0.5298930 0.6804644 0.0096157 9.0000000 0.3939666 0.2155971 9.0000000 0.4774552 0.8253876 0.4402716 0.5313683 9.0000000 0.6993698 0.3713525 0.4813826 0.5013303 9.0000000 9.0000000 0.5252336 0.2427017 0.3899627 0.4078163 0.3858487 0.5490397 0.1800259 0.5694843 9.0000000 0.3857211 0.3505264 0.3622955 9.0000000 0.9724278 9.0000000 0.3790303 0.7245292 9.0000000 0.4124675 0.3987089 0.0162054 9.0000000 9.0000000 0.4759937 9.0000000 9.0000000 0.2060916 0.3939948 0.4946422 
Perityle_coahuilensis_24                   0.8670381 0.2621232 0.2563048 0.5004909 0.4536086 0.1669521 0.3704749 0.2243340 0.3306610 0.8129522 0.2632354 0.2728785 0.2732816 0.2058389 0.2589555 0.3225683 0.2978191 0.4159674 0.3091703 0.2669650 0.1905402 0.7245292 0.0000000 0.1988160 0.5655925 0.3060908 0.5080842 0.3229115 0.1536617 0.4339762 0.5304131 0.2343976 0.3491435 0.3298224 0.2756233 0.2605278 0.2546383 0.2078058 0.6436094 0.5708568 0.1042253 0.2726057 0.3319099 0.1461670 0.1140331 0.1977945 0.3802984 0.2799315 0.1044926 0.2164187 0.2728923 0.5330448 0.2140834 0.1777119 0.2339862 0.3979870 0.2858786 0.4628907 0.2276161 0.4578155 0.3922177 0.6405693 0.4223049 0.5532842 0.1134755 0.3155780 0.0015377 0.2037989 0.1137540 0.2400237 0.0952934 0.1520010 0.3786442 0.2664541 0.1567610 0.0775311 0.4275192 0.2441322 0.3142422 
Perityle_cochisensis_44_cave_creek         0.4163743 0.2491033 0.1453839 0.3780120 0.2712423 0.2952163 0.3064946 9.0000000 0.1981232 0.4491913 0.2134050 0.0739402 0.0359461 0.0587442 0.0352630 0.0755939 0.0244688 0.8371584 0.1152163 0.1940281 0.0308496 0.3910665 0.1988160 0.0000000 0.4006835 0.0814416 0.5654280 0.2209689 0.1543987 9.0000000 0.3661012 0.2275933 0.2025396 0.1870479 0.2052848 0.1113728 0.0605326 0.0986228 9.0000000 0.4386415 0.0706204 0.2515895 0.2183182 0.1301476 0.0844862 0.1647324 0.2604024 0.1906254 0.0395543 0.0318152 0.1623542 0.4008291 0.0364829 0.0291059 0.0297691 0.2599639 0.3355653 0.3831425 0.2072543 0.1676967 0.1187234 0.2081284 0.1072885 0.4126129 0.0710794 0.1150003 0.1821482 0.3914228 0.1863645 0.0322298 0.1456927 0.0179893 0.1034357 0.2187887 0.0804827 0.0290946 0.3976062 0.0252735 0.1758251 
Perityle_congesta_202                      0.5972823 0.1968376 0.5232460 0.4996717 0.5790282 0.5310212 0.5660468 1.1487750 0.5875945 0.6095582 0.5925330 0.5788132 0.5183538 0.5334259 0.5798156 0.6006626 0.5395542 1.0945591 0.5528623 0.5414672 0.4057889 0.9999553 0.5655925 0.4006835 0.0000000 0.5620787 0.8066819 0.5451822 0.2539955 0.8790675 0.5939361 0.4120488 0.5354515 0.5844894 0.5894475 0.6121229 0.6038503 0.5363537 0.8790485 0.7449400 0.4163930 0.4701714 0.5528521 0.3824092 0.4265480 0.4420620 0.5969588 0.5499736 0.3978742 0.4909302 0.5711171 0.6168379 0.4883323 0.4132147 0.4786546 0.5753712 0.5585616 0.5965256 0.4097039 0.4795828 0.5551411 0.9842686 0.5980957 0.6380682 0.4922368 0.5559428 0.4398872 0.9871762 0.3502061 0.4443358 0.4244952 0.4287020 0.5706580 0.5841950 0.4053588 0.4125864 0.6406255 0.4297911 0.5243008 
Perityle_cordifolia_27                     0.9797378 0.2362903 0.2512749 0.4554207 0.2223635 0.2242947 0.2278482 0.3577675 0.3260091 1.1145216 0.3639766 0.3202120 0.0798199 0.0595828 0.0611009 0.2831218 0.0766425 0.5887325 0.0985637 0.0816681 0.1239474 1.4266189 0.3060908 0.0814416 0.5620787 0.0000000 0.1460494 0.1427112 0.2854308 0.0576869 0.4290578 0.2224830 0.1002029 0.3245545 0.1038445 0.3301692 0.2958763 0.0763375 0.0790943 0.3646589 0.0883586 0.2154819 0.1077927 0.1573362 0.0959080 0.1099779 0.2845383 0.1042196 0.0835237 0.0163025 0.2653043 0.2873870 0.0723244 0.1507800 0.1505824 0.2929887 0.3249329 0.2458312 0.2048068 0.4743856 0.1622088 0.1941361 0.1727244 0.3161292 0.0608290 0.1308464 0.1729574 0.5073966 0.1951494 0.1220075 0.1115279 0.0153362 0.1605958 0.3005981 0.1078896 0.0589619 0.3731717 0.2048498 0.0535964 
Perityle_cordifolia_68_tecolote            9.0000000 0.6495256 0.6681648 0.7583384 0.2188315 0.3664472 0.2083796 0.4526021 0.4586458 9.0000000 0.4866928 0.4316839 0.1415859 0.1299409 0.1343390 0.4230936 0.1270181 0.4504257 0.1376438 0.1531639 0.5545418 9.0000000 0.5080842 0.5654280 0.8066819 0.1460494 0.0000000 0.1820991 0.4751718 0.0718251 0.7694451 0.5639716 0.1407638 0.4491593 0.1419867 0.4568479 0.4338039 0.1389351 0.0746768 0.2293027 0.5153443 0.5884271 0.1359370 0.3292295 0.4705095 0.5226126 0.3875143 0.1451121 0.6136678 0.1505871 0.4755631 0.2284750 0.1576352 0.5102367 0.5407803 0.2004376 0.4027672 0.2184127 0.2891096 0.4509944 0.1983843 0.1718423 0.2075742 0.2325756 0.1783903 0.1364832 0.6431113 0.4020416 0.6071284 0.5654280 0.5423938 0.1347381 0.2141570 0.4901271 0.6143257 0.6230162 0.4451704 0.6206085 0.1362310 
Perityle_coronopifolia_28_patagonia        0.0765107 0.2473752 0.2166850 0.3865945 0.1519244 0.2472337 0.2412089 0.3915450 0.3419280 0.0801012 0.3829527 0.3030832 0.1001183 0.0908694 0.1235591 0.3213072 0.1229354 0.6341234 0.1120779 0.0831995 0.2196567 0.5270660 0.3229115 0.2209689 0.5451822 0.1427112 0.1820991 0.0000000 0.2968006 0.0658665 0.3388410 0.2201291 0.0933692 0.3105244 0.1772278 0.3574227 0.2949211 0.1125867 0.1117989 0.2073523 0.1287148 0.1062594 0.1057797 0.1526885 0.1407446 0.1211772 0.1735544 0.0896248 0.1231710 0.1028351 0.2122880 0.2740808 0.1584609 0.2319746 0.2333601 0.1522723 0.3229258 0.1787332 0.2188401 0.4241548 0.1202447 0.2791484 0.1761453 0.3085468 0.0584218 0.1975808 0.2393424 0.5187940 0.2128399 0.2194300 0.2394658 0.0453786 0.1652317 0.1979299 0.1503818 0.0939341 0.3690355 0.2594110 0.0839344 
Perityle_crassifolia_74_playa_balandra     0.9219931 0.0700685 0.1178026 0.2187807 0.2817346 0.1514420 0.0972919 9.0000000 0.1930309 1.0156224 0.1398825 0.2066508 0.2700371 0.2122343 0.2261929 0.3570707 0.2277251 1.2438642 0.2497025 0.2428164 0.1676904 0.8802634 0.1536617 0.1543987 0.2539955 0.2854308 0.4751718 0.2968006 0.0000000 9.0000000 0.2642072 0.0909773 0.3514360 0.2110355 0.2725277 0.3256392 0.2196288 0.2788040 1.1697336 0.2279343 0.1075883 0.1866636 0.2994688 0.0893101 0.1103404 0.1173663 0.2121522 0.2622081 0.1060811 0.2047178 0.2434769 0.2181980 0.1386757 0.1656214 0.1483435 0.3605169 0.1990273 0.2350495 0.1634356 0.3127386 0.2498501 1.0173866 0.2303839 0.2648897 0.1061241 0.2377455 0.1489623 9.0000000 0.1479391 0.1648407 0.1794080 0.1058870 0.2214572 0.3431628 0.1442386 0.1597585 0.2503454 0.1501444 0.2668690 
Perityle_cuneata_34_cuneata_San_antonio    0.9956695 9.0000000 1.0222694 0.7683962 0.1063644 0.1900987 0.0918165 0.3361412 0.3698606 0.4906551 0.4450696 0.3793654 0.0593648 0.0391300 0.0252992 0.3614918 0.0446025 0.4191824 0.0549235 0.0688901 9.0000000 9.0000000 0.4339762 9.0000000 0.8790675 0.0576869 0.0718251 0.0658665 9.0000000 0.0000000 0.7780181 9.0000000 0.0551678 0.3889396 0.0532796 0.3924530 0.3583932 0.0565162 0.0506468 0.0595069 0.2965309 9.0000000 0.0513225 0.2134564 0.1801659 0.4045399 0.3192743 0.0503289 9.0000000 0.0342173 0.4029742 0.0631797 0.0402900 0.3968763 0.5326053 0.1204899 0.2359678 0.0560202 0.2116496 0.3812952 0.0751001 0.0626331 0.0999797 0.1133520 0.0179529 0.0468790 9.0000000 0.3974177 9.0000000 9.0000000 9.0000000 0.0205424 0.1132576 0.3973300 9.0000000 9.0000000 0.2271882 0.7321273 0.0280080 
Perityle_cuneata_4                         0.0664416 0.3425215 0.3794381 0.4250054 0.3000133 0.5274384 0.4604824 0.9016728 0.4925439 0.0657538 0.4432318 0.4602306 0.4510687 0.4507543 0.4836818 0.4454921 0.4327719 0.7985487 0.4518269 0.3082737 0.3690381 9.0000000 0.5304131 0.3661012 0.5939361 0.4290578 0.7694451 0.3388410 0.2642072 0.7780181 0.0000000 0.4002261 0.2842334 0.5148218 0.3215889 0.4858535 0.4070562 0.4452567 0.8061332 0.2969201 0.3097562 0.2279039 0.3093019 0.4266672 0.3232547 0.2018602 0.2983248 0.3066270 0.3130756 0.4339542 0.3014107 0.5201080 0.3883758 0.3448444 0.3743802 0.3566811 0.6007616 0.3343870 0.4942175 0.5045001 0.4672973 0.6604862 0.4846213 0.4946423 0.4876983 0.4343281 0.4257628 0.8246417 0.3691366 0.3583388 0.3059077 0.4714296 0.4840253 0.3463896 0.3377407 0.3467661 0.7226936 0.3669163 0.2744801 
Perityle_discoidea_81                      0.9610296 0.2137984 0.1089279 0.4924137 0.2670803 0.2486905 0.3063587 9.0000000 0.2227108 0.9595172 0.3040672 0.2647571 0.1350747 0.2039035 0.2169315 0.2643481 0.1719015 0.8863769 0.1901237 0.2629035 0.2501826 0.8010962 0.2343976 0.2275933 0.4120488 0.2224830 0.5639716 0.2201291 0.0909773 9.0000000 0.4002261 0.0000000 0.2542605 0.2495045 0.2349098 0.1489827 0.2688764 0.2126645 9.0000000 0.5603032 0.1992316 0.2667127 0.2754958 0.0632697 0.2027893 0.2579422 0.2734439 0.2693514 0.1878342 0.1794313 0.2643096 0.4683006 0.1773881 0.2041958 0.2621929 0.3083909 0.4377680 0.4665629 0.2306004 0.4395078 0.2433469 1.0067092 0.2300509 0.4197222 0.1054665 0.3016154 0.2302396 0.4247557 0.1793547 0.2701399 0.2313212 0.0673535 0.1874595 0.2247009 0.1897088 0.1891438 0.5256761 0.1962211 0.2432227 
Perityle_dissecta_201                      0.0724931 0.2088962 0.2140847 0.3732229 0.1658649 0.2359814 0.2084315 0.3758278 0.3281562 0.0814041 0.4143577 0.3286754 0.0381432 0.0252738 0.0494679 0.3338719 0.0646109 0.5778814 0.0416932 0.0249351 0.1837162 0.5298930 0.3491435 0.2025396 0.5354515 0.1002029 0.1407638 0.0933692 0.3514360 0.0551678 0.2842334 0.2542605 0.0000000 0.3358833 0.1171199 0.3694614 0.2818287 0.0486914 0.0468985 0.2002246 0.0696249 0.0980827 0.0388239 0.1517835 0.0840440 0.0666590 0.1885609 0.0280363 0.0451304 0.0545231 0.1794625 0.2793129 0.1079830 0.1794587 0.2011670 0.1977264 0.3165491 0.1542857 0.2075257 0.4649426 0.2294060 0.2461937 0.1738845 0.3159229 0.0161306 0.1391159 0.2065159 0.4916432 0.1698667 0.1903597 0.2007449 0.0087008 0.1571318 0.2019907 0.0955358 0.0471446 0.3722718 0.2304311 0.0487545 
Perityle_feddemae_99                       0.8324011 0.2916668 0.1994617 0.4551405 0.3389376 0.2758875 0.3317339 0.3404137 0.3031838 0.8554581 0.3304618 0.2137819 0.3082106 0.2644498 0.2707666 0.2254618 0.2798004 0.5591238 0.3251749 0.2905991 0.2013783 0.6804644 0.3298224 0.1870479 0.5844894 0.3245545 0.4491593 0.3105244 0.2110355 0.3889396 0.5148218 0.2495045 0.3358833 0.0000000 0.3104698 0.3264771 0.2213740 0.2735439 0.5512757 0.4735483 0.1815701 0.1129792 0.3395454 0.1163441 0.1947304 0.2284475 0.1519833 0.2977975 0.1810490 0.2440463 0.2227283 0.4974960 0.2468774 0.2436631 0.2575109 0.3292901 0.3466789 0.4363761 0.2075209 0.3061361 0.3673528 0.5998291 0.3554565 0.4921926 0.1714411 0.3122780 0.2622473 0.4223137 0.2640116 0.2067439 0.1563794 0.1597604 0.3092674 0.2918179 0.1339343 0.1324184 0.3453828 0.2824553 0.2914842 
Perityle_fosteri_93                        0.3789349 0.2791545 0.2295768 0.4106202 0.2130853 0.2778656 0.2220139 0.3727954 0.3413986 0.3643408 0.4122641 0.2768010 0.0434750 0.0408763 0.0779652 0.3210097 0.0483126 0.5809033 0.0698704 0.1121010 0.1921254 0.0096157 0.2756233 0.2052848 0.5894475 0.1038445 0.1419867 0.1772278 0.2725277 0.0532796 0.3215889 0.2349098 0.1171199 0.3104698 0.0000000 0.3376423 0.2698590 0.0600935 0.0467045 0.3151514 0.1044174 0.2250702 0.1215693 0.1418842 0.1160817 0.1433089 0.2815645 0.1077692 0.0784932 0.0500060 0.2887728 0.2707729 0.1357680 0.2038790 0.2091646 0.2894952 0.2994665 0.2830284 0.2064175 0.4329212 0.1908555 0.2288638 0.1629005 0.2953564 0.0174126 0.1353557 0.1856665 0.4564353 0.1600408 0.2034437 0.0583137 0.0344588 0.1636160 0.3203752 0.1282171 0.0756438 0.3591423 0.2217054 0.1301855 
Perityle_gamon_221                         9.0000000 0.2317242 0.2006873 0.4489043 0.3851181 0.1595540 0.3304181 0.1400599 0.3480563 9.0000000 0.1692762 0.3225263 0.3497967 0.3155751 0.3142513 0.3786284 0.3349512 0.3073889 0.3780390 0.3017988 0.1387003 9.0000000 0.2605278 0.1113728 0.6121229 0.3301692 0.4568479 0.3574227 0.3256392 0.3924530 0.4858535 0.1489827 0.3694614 0.3264771 0.3376423 0.0000000 0.3133213 0.3172098 0.5881536 0.5271971 0.1608544 0.1378609 0.3691244 0.1146778 0.1631807 0.1690595 0.2688160 0.3424289 0.1550655 0.2884112 0.3273145 0.5555318 0.2235103 0.1655586 0.1881334 0.4521732 0.2272356 0.4278977 0.2327891 0.5039441 0.3711008 0.6091680 0.3919591 0.5592531 0.1566330 0.3685122 0.2640719 0.1367481 0.2792630 0.1422955 0.1084594 0.1535619 0.3506161 0.0931356 0.1208856 0.1145353 0.4001588 0.2276770 0.2971288 
Perityle_gentryi_8_san_francisco           0.3490094 0.2371457 0.2803662 0.4160194 0.3694711 0.2470004 0.3312442 0.2778612 0.2847410 0.3309426 0.3007506 0.1134265 0.2357989 0.2341975 0.2313661 0.0715738 0.2755704 0.5484497 0.2981843 0.2700694 0.0701527 0.3939666 0.2546383 0.0605326 0.6038503 0.2958763 0.4338039 0.2949211 0.2196288 0.3583932 0.4070562 0.2688764 0.2818287 0.2213740 0.2698590 0.3133213 0.0000000 0.2463749 0.5333675 0.4319816 0.1569303 0.2550215 0.3062237 0.1443120 0.1651071 0.1842087 0.2852251 0.2628746 0.0918452 0.1558601 0.1819749 0.4902036 0.1250220 0.0707240 0.1222305 0.3486824 0.3013531 0.3806845 0.1924435 0.2028500 0.2499129 0.2939449 0.3622376 0.4943077 0.1239337 0.2271808 0.1695626 0.4095824 0.1334157 0.1004768 0.2054347 0.0918273 0.3354049 0.2791387 0.1267323 0.1345221 0.3207224 0.1044638 0.2519110 
Perityle_gilensis_22_Superstition          0.4870838 0.2615855 0.1977335 0.3872614 0.1794711 0.2431438 0.2112565 0.3510294 0.3287407 0.4785329 0.3027846 0.2166611 0.0471929 0.0074625 0.0755616 0.2683430 0.0640756 0.5737108 0.0319664 0.0326466 0.1195874 0.2155971 0.2078058 0.0986228 0.5363537 0.0763375 0.1389351 0.1125867 0.2788040 0.0565162 0.4452567 0.2126645 0.0486914 0.2735439 0.0600935 0.3172098 0.2463749 0.0000000 0.0392673 0.3223680 0.0946553 0.1687165 0.0308101 0.1524497 0.1038272 0.1093718 0.2720059 0.0486799 0.0942361 0.0657008 0.2563601 0.2518893 0.0493671 0.1362517 0.1476659 0.2541871 0.3114315 0.2139975 0.2009210 0.4378091 0.1253946 0.2012307 0.1672908 0.2807837 0.0162955 0.0683286 0.0968630 0.4293651 0.1361539 0.1305748 0.0624166 0.0378966 0.1591677 0.2837455 0.1357619 0.0704126 0.3715208 0.1719882 0.0690232 
Perityle_gilensis_salensis_225             0.6596727 9.0000000 1.2538444 0.5204850 0.2147298 0.2424307 0.1013467 0.3905870 0.4967469 0.8115424 0.6293974 0.5749038 0.0492250 0.0301765 0.0523801 0.5962488 0.0852710 0.4894677 0.0376428 0.0382320 9.0000000 9.0000000 0.6436094 9.0000000 0.8790485 0.0790943 0.0746768 0.1117989 1.1697336 0.0506468 0.8061332 9.0000000 0.0468985 0.5512757 0.0467045 0.5881536 0.5333675 0.0392673 0.0000000 0.1605857 0.3634097 9.0000000 0.0343983 0.2142141 0.3504329 0.4035035 0.4668311 0.0230463 0.6990531 0.0300644 0.5980005 0.1866712 0.0276674 0.4555201 0.5166131 0.2856012 0.2779751 0.1076735 0.2391952 0.5595051 0.1450228 0.0435644 0.2072374 0.2034710 0.0158612 0.0360250 0.8241573 0.5079079 0.8739897 9.0000000 9.0000000 0.0116220 0.1962554 0.5501985 9.0000000 9.0000000 0.2947644 0.7590820 0.0387619 
Perityle_glaucescens_94                    0.0690148 0.3349085 0.5415160 0.4355440 0.1984047 0.3560842 0.2926295 0.3548812 0.4328251 0.0798124 0.5035744 0.4896623 0.2853211 0.2976186 0.3027674 0.5059750 0.3080210 0.6842115 0.3017977 0.1838925 0.4667462 0.4774552 0.5708568 0.4386415 0.7449400 0.3646589 0.2293027 0.2073523 0.2279343 0.0595069 0.2969201 0.5603032 0.2002246 0.4735483 0.3151514 0.5271971 0.4319816 0.3223680 0.1605857 0.0000000 0.5184344 0.1712082 0.2058241 0.1889988 0.5297201 0.2935848 0.1789761 0.2000640 0.4882191 0.3123100 0.3080913 0.2900508 0.2559435 0.4097290 0.4910101 0.2192625 0.3923464 0.1749580 0.2596435 0.5651369 0.4023785 0.3956841 0.3092830 0.3421906 0.2006880 0.3561638 0.6277680 0.4168540 0.5352869 0.4793207 0.5359427 0.1397149 0.3084399 0.2953461 0.4387891 0.4996608 0.4898887 0.4491543 0.1775108 
Perityle_gracilis_11                       0.7534462 0.2276360 0.1561592 0.3779549 0.2178959 0.2941650 0.3227240 1.5218381 0.2369754 0.6568429 0.1560235 0.1318129 0.0279910 0.0868607 0.0648734 0.0810790 0.0331871 0.8092705 0.0867891 0.0889498 0.0602727 0.8253876 0.1042253 0.0706204 0.4163930 0.0883586 0.5153443 0.1287148 0.1075883 0.2965309 0.3097562 0.1992316 0.0696249 0.1815701 0.1044174 0.1608544 0.1569303 0.0946553 0.3634097 0.5184344 0.0000000 0.1710979 0.1105758 0.1243242 0.0068544 0.0237854 0.2005246 0.1090290 0.0238916 0.0643893 0.0834530 0.4425691 0.0703733 0.0680543 0.0524801 0.2243792 0.3880850 0.3844939 0.2206502 0.3746080 0.1584289 0.6958750 0.1460491 0.4200189 0.0653771 0.1396022 0.0894147 0.6170406 0.0690155 0.0547542 0.0351172 0.0058842 0.1211792 0.1688077 0.0749007 0.0206408 0.4392349 0.0650096 0.0626259 
Perityle_harkerae_31                       0.0705440 0.2917484 0.1771438 0.3659522 0.0889354 0.3249571 0.3268851 9.0000000 0.2300580 0.0806539 0.2908873 0.2903907 0.1353550 0.1561932 0.1674603 0.2514581 0.1369415 0.7525585 0.1589139 0.1039965 0.2648434 0.4402716 0.2726057 0.2515895 0.4701714 0.2154819 0.5884271 0.1062594 0.1866636 9.0000000 0.2279039 0.2667127 0.0980827 0.1129792 0.2250702 0.1378609 0.2550215 0.1687165 9.0000000 0.1712082 0.1710979 0.0000000 0.1163918 0.1121695 0.1837407 0.1386006 0.0231819 0.1090526 0.1697379 0.1763801 0.1187903 0.4854866 0.1983563 0.2473333 0.2624815 0.1339071 0.3395267 0.2210595 0.2718408 0.4158757 0.3024508 0.5584326 0.1841330 0.4607596 0.1225421 0.2705302 0.2753018 0.5814259 0.2541012 0.2589194 0.2594085 0.1308083 0.1414810 0.1135972 0.1332457 0.1443929 0.4333290 0.2554042 0.0955946 
Perityle_huecosensis_48                    0.0730928 0.2362930 0.2364402 0.3886707 0.1643816 0.2823747 0.2134115 0.3725942 0.3444269 0.0788134 0.4055319 0.3052014 0.0434578 0.0237195 0.0843170 0.3364881 0.0746032 0.5807431 0.0384307 0.0313084 0.2003216 0.5313683 0.3319099 0.2183182 0.5528521 0.1077927 0.1359370 0.1057797 0.2994688 0.0513225 0.3093019 0.2754958 0.0388239 0.3395454 0.1215693 0.3691244 0.3062237 0.0308101 0.0343983 0.2058241 0.1105758 0.1163918 0.0000000 0.1500258 0.1214026 0.0934631 0.1948768 0.0347338 0.0881454 0.0616491 0.2015768 0.2799838 0.1305951 0.2097754 0.2136295 0.1976593 0.3216759 0.1661668 0.2291664 0.4417783 0.2097742 0.2271957 0.1942842 0.2973850 0.0162506 0.1271712 0.2084582 0.4843707 0.1692391 0.2006267 0.2099901 0.0346297 0.1795464 0.2147408 0.1450912 0.0896658 0.3774850 0.2387709 0.0578887 
Perityle_incana_3_ucla                     9.0000000 0.2186665 0.1228220 0.2952476 0.1414245 0.1452555 0.1901393 0.2519112 0.1645394 9.0000000 0.1561273 0.0993873 0.1465806 0.1552725 0.1788090 0.1411213 0.1225720 0.3208986 0.1484864 0.1529057 0.1358284 9.0000000 0.1461670 0.1301476 0.3824092 0.1573362 0.3292295 0.1526885 0.0893101 0.2134564 0.4266672 0.0632697 0.1517835 0.1163441 0.1418842 0.1146778 0.1443120 0.1524497 0.2142141 0.1889988 0.1243242 0.1121695 0.1500258 0.0000000 0.1354018 0.1409239 0.1195844 0.1523999 0.1488402 0.1585308 0.1434504 0.2267171 0.1606518 0.1458387 0.1810156 0.1490098 0.2210154 0.2157279 0.0880182 0.1682879 0.1542882 0.4427390 0.1688259 0.2131062 0.1327295 0.1521765 0.1215922 0.2193978 0.1263738 0.1352914 0.1066371 0.1571844 0.1551655 0.1643100 0.1518207 0.1199312 0.2140049 0.1800007 0.1464985 
Perityle_intricata_59_Clark_mtns           0.6703777 0.2311138 0.1650287 0.3868396 0.2290341 0.2877520 0.3226782 0.4798791 0.2524105 0.6000569 0.1654138 0.1364403 0.0377351 0.0954428 0.0789292 0.0943917 0.0439481 0.7792191 0.0956152 0.1011090 0.0627179 0.6993698 0.1140331 0.0844862 0.4265480 0.0959080 0.4705095 0.1407446 0.1103404 0.1801659 0.3232547 0.2027893 0.0840440 0.1947304 0.1160817 0.1631807 0.1651071 0.1038272 0.3504329 0.5297201 0.0068544 0.1837407 0.1214026 0.1354018 0.0000000 0.0241701 0.2100279 0.1222770 0.0261256 0.0716656 0.0942932 0.4483438 0.0796245 0.0682389 0.0509813 0.2376766 0.3914068 0.3934322 0.2203242 0.3834432 0.1717202 0.6836224 0.1545486 0.4279034 0.0774938 0.1498354 0.0987292 0.5303643 0.0750193 0.0607489 0.0392357 0.0083994 0.1323684 0.1732296 0.0850711 0.0272149 0.4240882 0.0646281 0.0763972 
Perityle_inyoensis_9_pleasant              0.1191578 0.2279949 0.1704674 0.3808833 0.1700387 0.3255008 0.3302702 0.7311607 0.2723863 0.1305386 0.2493361 0.2133045 0.0388510 0.0972217 0.0830741 0.1544822 0.0488810 0.8053931 0.1166803 0.0804580 0.1468051 0.3713525 0.1977945 0.1647324 0.4420620 0.1099779 0.5226126 0.1211772 0.1173663 0.4045399 0.2018602 0.2579422 0.0666590 0.2284475 0.1433089 0.1690595 0.1842087 0.1093718 0.4035035 0.2935848 0.0237854 0.1386006 0.0934631 0.1409239 0.0241701 0.0000000 0.1554963 0.0868116 0.0250222 0.0755279 0.0730373 0.4620520 0.1336076 0.1376654 0.1257291 0.1856316 0.3631171 0.2488786 0.2259873 0.3689118 0.2308112 0.4813581 0.1617817 0.4593755 0.0875618 0.2059042 0.1836193 0.5988830 0.1123850 0.1376614 0.1079385 0.0225556 0.1366360 0.1471517 0.0838766 0.0273073 0.4143124 0.1405960 0.0632044 
Perityle_jaliscana_203                     0.0741497 0.2925573 0.2184423 0.4005607 0.1576986 0.2703516 0.2961341 0.3400954 0.2794904 0.0839438 0.3335001 0.3244777 0.2480169 0.2346849 0.2107868 0.3019101 0.2744592 0.5868908 0.2599990 0.1766088 0.2709372 0.4813826 0.3802984 0.2604024 0.5969588 0.2845383 0.3875143 0.1735544 0.2121522 0.3192743 0.2983248 0.2734439 0.1885609 0.1519833 0.2815645 0.2688160 0.2852251 0.2720059 0.4668311 0.1789761 0.2005246 0.0231819 0.1948768 0.1195844 0.2100279 0.1554963 0.0000000 0.1833623 0.1545217 0.2128918 0.1516309 0.4702208 0.2269371 0.2658789 0.3028688 0.1859522 0.3259194 0.2326802 0.2368253 0.4222712 0.3531517 0.5318344 0.2661199 0.4678329 0.1398888 0.3253634 0.3226753 0.4311431 0.3063772 0.2979862 0.2857298 0.1531290 0.2447512 0.1694293 0.1167698 0.1664046 0.3860601 0.3004162 0.1553111 
