83
Amauria_brandeegeana_62                    0.0000000 0.1177017 0.1574296 0.3009537 0.3192700 0.1525032 0.2210178 0.1614942 0.3715767 0.2593356 0.2416964 0.1986741 0.2118301 0.1584505 0.1177207 0.1388540 0.2363990 0.2618745 0.2716529 0.2837223 0.1924510 0.1775287 0.0810512 0.2182670 0.2487989 0.2030421 0.2763972 0.2074294 0.2068569 0.0953512 0.1257434 0.2439269 0.0884263 0.2293233 0.1025775 0.1797207 0.1779607 0.3369633 0.2041887 0.2281057 0.2030657 0.1884190 0.1008866 0.1971958 0.3064561 0.2149637 0.1992058 0.1139088 0.2555091 0.2305529 0.2868517 0.1864190 0.1998277 0.1762919 0.2706343 0.1525863 0.1914341 0.2056292 0.2046481 0.1062678 0.0672833 0.1142477 0.1601038 0.2072135 0.1856473 0.2888471 0.2535982 0.2574397 0.0671485 0.2633374 0.2930601 0.2038184 0.1243086 0.1781919 0.2147659 0.1389849 0.2606495 0.2025195 0.2270948 0.1131123 0.0974368 0.2345553 0.1791136 
Amauria_carterae_99_mesa                   0.1177017 0.0000000 0.1216316 0.2160205 0.2294527 0.0831993 0.1972223 0.1361903 0.3586645 0.1806884 0.1988372 0.1463186 0.1285153 0.1356235 0.1027584 0.1266764 0.1369475 0.1864835 0.1807984 0.2714013 0.1306134 0.1348534 0.0675560 0.1376154 0.1540990 0.1354675 0.1883139 0.1764856 0.1424073 0.0878220 0.1245811 0.1491069 0.1038147 0.1389470 0.1045268 0.1580020 0.1251475 0.2774690 0.1360066 0.1320922 0.1277897 0.1444635 0.1184450 0.1451280 0.2718667 0.1437342 0.1376089 0.1249883 0.1306539 0.1306430 0.1894392 0.1260761 0.1461956 0.1547393 0.1539002 0.1295257 0.1215942 0.1361463 0.1217554 0.1062335 0.0822457 0.0761594 0.1071400 0.1291986 0.1794097 0.1887483 0.1764003 0.1476274 0.0430740 0.1843274 0.2015052 0.1335168 0.1198705 0.1454642 0.1285128 0.0916223 0.1886494 0.1455733 0.1412231 0.1270334 0.0813170 0.1483139 0.1131934 
Amauria_rotundifolia_SRR9119150            0.1574296 0.1216316 0.0000000 0.2686994 0.2449793 0.0931987 0.2350220 0.1370705 0.4025087 0.2647956 0.1983541 0.1971361 0.2219974 0.1345301 0.1072161 0.1388040 0.2689394 0.2619119 0.2836487 0.3001668 0.1973586 0.1626863 0.0932492 0.2152813 0.2132454 0.2054035 0.2786963 0.1978207 0.2359125 0.1115700 0.1605577 0.2458834 0.1745466 0.2188741 0.1245283 0.2045931 0.1559817 0.3665227 0.1663165 0.2476758 0.2149300 0.2277587 0.1063869 0.2072886 0.2997357 0.2323797 0.1891579 0.1191907 0.2391844 0.2366458 0.2712380 0.1955799 0.2251355 0.2096930 0.2004729 0.1285506 0.1674152 0.2225358 0.2069459 0.1287348 0.0983170 0.1470947 0.1429631 0.2037062 0.2309471 0.2647692 0.2418021 0.2483276 0.0503024 0.2010904 0.2763633 0.2061644 0.1165765 0.1591690 0.2225525 0.0993641 0.2592099 0.2218613 0.2170831 0.1137791 0.1268626 0.2377106 0.1796798 
Conoclinium_coelestinum_SRR9119114         0.3009537 0.2160205 0.2686994 0.0000000 0.2770564 0.1582343 0.2196127 0.2008030 0.4141497 0.3223515 0.2380684 0.2461030 0.2350581 0.2221833 0.1854677 0.2464306 0.2551091 0.2929099 0.2722732 0.3491039 0.2204023 0.2194606 0.1402728 0.2604967 0.2707507 0.2446998 0.2792653 0.2608392 0.2796174 0.1675425 0.1833653 0.2702998 0.2336817 0.2604166 0.1785321 0.2386460 0.2193783 0.4224588 0.2481586 0.2557989 0.2373677 0.2510243 0.2145005 0.2569435 0.3498236 0.2500496 0.2303515 0.1773284 0.2206790 0.2339039 0.2884570 0.2455622 0.2301313 0.2739137 0.3078703 0.1890574 0.1944203 0.2234245 0.2349683 0.2061305 0.1280287 0.2437493 0.2215290 0.2508062 0.2823999 0.2980066 0.2791093 0.2675661 0.0803687 0.2538544 0.2711529 0.2460934 0.2057238 0.2326757 0.2454698 0.1718200 0.3084614 0.2502371 0.2556177 0.1396664 0.1379114 0.2588504 0.2058135 
Eutetras_palmeri_63                        0.3192700 0.2294527 0.2449793 0.2770564 0.0000000 0.0048332 0.2952940 0.1538579 0.4409981 0.2188487 0.3058104 0.2937169 0.2908927 0.2517423 0.1563378 0.3428406 0.3236587 0.3324675 0.3019531 0.5147037 0.2401868 0.2677602 0.1516672 0.2751665 0.2528415 0.2841971 0.3211384 0.3268363 0.3110069 0.2644308 0.1592080 0.3472971 0.1208579 0.2942704 0.3758738 0.2956555 0.2164218 0.5295329 0.2309904 0.2731151 0.2836637 0.2653076 0.3167123 0.2463499 0.3918371 0.3083363 0.2466166 0.3482556 0.1820508 0.2422252 0.3397667 0.2331987 0.2765737 0.3240541 0.3394719 0.2434123 0.1838507 0.2375570 0.2711825 0.3206470 0.1642960 0.2740219 0.2489772 0.2803303 0.3197328 0.2938137 0.3061952 0.2627383 0.2091070 0.2412407 0.3050100 0.2643785 0.3594354 0.2879019 0.2806218 0.1519580 0.2959720 0.3581731 0.3075053 0.3806347 0.1717695 0.3116368 0.2537456 
Eutetras_pringlei_149_quer                 0.1525032 0.0831993 0.0931987 0.1582343 0.0048332 0.0000000 0.5238485 0.1610350 0.3167746 0.0964051 0.1084306 0.0902729 0.0884154 0.1028138 0.1059224 9.0000000 0.0801894 0.1668019 0.1293785 9.0000000 0.0865285 0.0885731 9.0000000 0.0967021 0.1215021 0.0918176 0.0989770 0.1692083 0.1754230 9.0000000 0.1040575 0.1554041 0.0940593 0.0885719 9.0000000 0.1238665 0.1007426 0.5460112 0.0696278 0.0834550 0.0881853 0.1308702 9.0000000 0.1319733 0.1843702 0.1083027 0.0847727 9.0000000 0.1262876 0.1142484 0.0943669 0.0838947 0.0992694 0.1300990 0.1575100 0.1258817 0.0820047 0.1068258 0.0985115 0.8028243 0.1106313 0.0000010 0.0962015 0.0942906 0.1982318 0.0992126 0.1275251 0.0902981 9.0000000 0.1000442 0.0903618 0.1216078 9.0000000 0.0859014 0.0939813 0.0784510 0.1146043 0.1589212 0.1123823 9.0000000 0.1158162 0.1161908 0.0464520 
Eutrochium_fistulosum_SRR9119106           0.2210178 0.1972223 0.2350220 0.2196127 0.2952940 0.5238485 0.0000000 0.5224557 0.3625285 0.6694967 0.2853379 0.2149577 0.2037193 0.2058480 0.1914734 0.1967424 0.1649835 0.2132424 0.3034396 0.3023890 0.1950696 0.2095173 0.1132441 0.2041173 0.2611915 0.2131038 0.2971814 0.2705717 0.2054563 0.1542403 0.1482429 0.2168228 0.5283049 0.1955052 0.1878021 0.2463334 0.1976724 0.3596169 0.2151278 0.2041073 0.2086313 0.2402551 0.1756597 0.2394508 0.3758100 0.2082669 0.2152944 0.1697870 0.1455172 0.1873998 0.3103595 0.1988772 0.2398345 0.2028083 0.2321304 0.2030069 0.1544832 0.1890411 0.1822908 0.1563631 0.1441417 0.1566044 0.2643927 0.2014758 0.2563370 0.2986524 0.2350252 0.2264712 0.0899810 0.3018541 0.2451733 0.2273940 0.1890124 0.2087688 0.1994687 0.1758686 0.2142541 0.2484996 0.2072809 0.1724766 0.1085608 0.2198535 0.2096157 
Galeana_pratensis_104_mex                  0.1614942 0.1361903 0.1370705 0.2008030 0.1538579 0.1610350 0.5224557 0.0000000 0.3672692 0.1116341 0.1407362 0.1233246 0.1237422 0.1374457 0.1159641 9.0000000 0.1241372 0.1425853 0.1706880 9.0000000 0.1053760 0.1113653 9.0000000 0.1286158 0.1155954 0.1109091 0.1291921 0.1405274 0.1857511 9.0000000 0.1767581 0.1031559 0.1017027 0.1327968 9.0000000 0.1413930 0.1192068 0.6131703 0.1363687 0.1247768 0.1177087 0.1331311 9.0000000 0.1271227 0.1659851 0.1154985 0.1259027 9.0000000 0.1210968 0.1313933 0.1169936 0.1256217 0.1260906 0.1574542 0.2100076 0.1529387 0.1352875 0.1244061 0.1126438 9.0000000 0.1834837 0.0000010 0.1360770 0.1214199 0.1970023 0.1295827 0.1170164 0.1074307 9.0000000 0.1220364 0.1184406 0.1517308 9.0000000 0.1405918 0.1132096 0.1252823 0.1387177 0.1638886 0.1269594 9.0000000 0.1804630 0.1262982 0.0919178 
Helianthus_annuus_SRR9119062               0.3715767 0.3586645 0.4025087 0.4141497 0.4409981 0.3167746 0.3625285 0.3672692 0.0000000 0.5980131 0.4003696 0.3831635 0.3639967 0.3642874 0.2733007 0.3796412 0.3640404 0.4409315 0.4323945 0.4548358 0.3580339 0.3736083 0.2162887 0.3962626 0.3938505 0.4026564 0.4689274 0.4397877 0.3893839 0.2881696 0.2734540 0.4396815 0.4528123 0.3902916 0.3245149 0.4240862 0.3389201 0.5565340 0.4120831 0.3800870 0.3620597 0.3839689 0.3659902 0.4129704 0.4971355 0.3895725 0.3864661 0.3378722 0.2820345 0.3395912 0.4656955 0.3624230 0.4169869 0.3883145 0.4140609 0.3051336 0.3138525 0.3663125 0.3734214 0.3305261 0.2133183 0.2784804 0.3601430 0.3796985 0.4553636 0.4974845 0.4069374 0.4426973 0.1858002 0.4282147 0.4442159 0.4002031 0.3910943 0.3645647 0.3707696 0.2559808 0.4229382 0.4312817 0.3892821 0.2977952 0.2282810 0.3989888 0.3685559 
Lycapsus_tenuifolius_17                    0.2593356 0.1806884 0.2647956 0.3223515 0.2188487 0.0964051 0.6694967 0.1116341 0.5980131 0.0000000 0.2199479 0.2611677 0.2332503 0.1928670 0.1749793 0.6887913 0.3619319 0.3302310 0.2726329 0.6250422 0.2144518 0.1909072 0.2483389 0.2687676 0.2105403 0.2748709 0.2728788 0.3118804 0.2927316 0.7176616 0.2605346 0.3064393 0.0030916 0.2863237 0.7129819 0.2555210 0.1824525 0.6752193 0.2413271 0.2617422 0.2252814 0.2654212 0.5937253 0.3098328 0.2524521 0.2778173 0.2289781 0.5581826 0.2885076 0.2350155 0.2811172 0.2343644 0.2288011 0.4051492 0.2926046 0.2006640 0.1810595 0.2423725 0.2762596 0.6700036 0.1972051 0.5024898 0.1901869 0.2455284 0.3424143 0.3258167 0.2690061 0.2376201 0.7451727 0.2046347 0.2672284 0.2657643 0.6676510 0.2247139 0.2283374 0.2003903 0.2648244 0.2880834 0.2598523 0.6742968 0.2414456 0.2912840 0.2352110 
Pericome_caudata_50_silver                 0.2416964 0.1988372 0.1983541 0.2380684 0.3058104 0.1084306 0.2853379 0.1407362 0.4003696 0.2199479 0.0000000 0.1868606 0.1650448 0.1757351 0.1163620 0.2195515 0.2177434 0.2776021 0.2832101 0.4450195 0.1543100 0.1721542 0.1150283 0.2000826 0.2236241 0.1728051 0.2687359 0.2664911 0.2799771 0.2258437 0.1920061 0.2748452 0.1637576 0.1628180 0.1784610 0.3187504 0.1581867 0.4733101 0.1816223 0.1919709 0.1651341 0.2944825 0.2320312 0.2351012 0.3429603 0.1672633 0.1858125 0.1787117 0.2120437 0.1886403 0.2763652 0.1763928 0.2646064 0.2282320 0.2444571 0.1996506 0.1477922 0.1913015 0.1638405 0.2321448 0.1374394 0.2290719 0.2176268 0.1898554 0.2869993 0.2137070 0.2561242 0.2380189 0.1664680 0.1949528 0.1868107 0.2145698 0.1900964 0.1701515 0.1631659 0.1479544 0.2119268 0.2667341 0.1631127 0.1782653 0.1178303 0.1822370 0.1736122 
Perityle_aglossa_84_dead_horse             0.1986741 0.1463186 0.1971361 0.2461030 0.2937169 0.0902729 0.2149577 0.1233246 0.3831635 0.2611677 0.1868606 0.0000000 0.0563834 0.0364265 0.0244837 0.1119062 0.0715466 0.2225020 0.2325877 0.1881540 0.0387964 0.0338448 0.0377133 0.0609343 0.1176697 0.0707348 0.2706128 0.1772221 0.2152800 0.1026366 0.1290591 0.2012212 0.1609716 0.0675884 0.0982202 0.1950132 0.0306146 0.3224022 0.1541997 0.0442138 0.0567059 0.2120940 0.0352628 0.1584329 0.2644337 0.0610639 0.0649596 0.0197714 0.1773439 0.0685457 0.1102758 0.0455068 0.2007294 0.0752523 0.2378221 0.1370442 0.1249988 0.0562587 0.0571357 0.1237072 0.1147029 0.1365246 0.1386440 0.0495684 0.2154452 0.2507671 0.2041455 0.2411736 0.0230361 0.1327798 0.1282394 0.1683924 0.0367513 0.0352384 0.0554816 0.0662912 0.2316874 0.1857642 0.0639414 0.0157015 0.1347251 0.0688290 0.1424474 
Perityle_ajoensis_204                      0.2118301 0.1285153 0.2219974 0.2350581 0.2908927 0.0884154 0.2037193 0.1237422 0.3639967 0.2332503 0.1650448 0.0563834 0.0000000 0.0267859 0.0139576 0.0899575 0.0119333 0.2470904 0.2612902 0.1829132 0.0143078 0.0171142 0.0251570 0.0230785 0.0962088 0.0240576 0.2138091 0.1349783 0.2187355 0.0918185 0.1200697 0.1869415 0.1765029 0.0317042 0.0774630 0.1705395 0.0146357 0.3121854 0.1223082 0.0384081 0.0230815 0.2060085 0.0237269 0.1795143 0.2535678 0.0241155 0.0290943 0.0125846 0.2244802 0.0245795 0.1312305 0.0164704 0.1867196 0.0465410 0.2206490 0.1360725 0.1085206 0.0137114 0.0141237 0.1127940 0.1110383 0.1270002 0.1314754 0.0224497 0.2362909 0.2043866 0.1862549 0.2063853 0.0084903 0.1321484 0.0823680 0.1763578 0.0239964 0.0229400 0.0214637 0.0441486 0.2371074 0.2026200 0.0278055 0.0157371 0.1254846 0.0319520 0.1023186 
Perityle_ambrosiifolia_67_green            0.1584505 0.1356235 0.1345301 0.2221833 0.2517423 0.1028138 0.2058480 0.1374457 0.3642874 0.1928670 0.1757351 0.0364265 0.0267859 0.0000000 0.0247451 0.1004990 0.0159916 0.1840330 0.1878040 0.1500468 0.0167545 0.0283852 0.0250299 0.0279382 0.0884159 0.0412801 0.2176769 0.1591840 0.1701150 0.0977233 0.1251471 0.1448322 0.1190616 0.0361342 0.0993588 0.1715453 0.0216025 0.3206981 0.1229649 0.0174391 0.0236331 0.1668875 0.0369626 0.1462078 0.2586758 0.0333176 0.0400966 0.0177105 0.1054208 0.0254082 0.1025694 0.0216242 0.1546551 0.0394350 0.2007832 0.1282128 0.0938661 0.0218571 0.0224811 0.1044168 0.0961045 0.1275805 0.1180442 0.0239640 0.1920397 0.1746174 0.1709268 0.1438554 0.0141640 0.1282467 0.0983152 0.1295080 0.0341683 0.0290381 0.0230922 0.0525314 0.1880290 0.1568324 0.0283534 0.0190561 0.0990673 0.0392543 0.0920808 
Perityle_angustifolia_13_Eagle_creek       0.1177207 0.1027584 0.1072161 0.1854677 0.1563378 0.1059224 0.1914734 0.1159641 0.2733007 0.1749793 0.1163620 0.0244837 0.0139576 0.0247451 0.0000000 0.0890893 0.0046927 0.1290537 0.1711315 0.1933907 0.0096730 0.0170857 0.0284694 0.0204488 0.0251542 0.0349651 0.1248575 0.1216288 0.1421476 0.0543164 0.1067862 0.1118688 0.1145710 0.0197309 0.0386579 0.1398795 0.0148392 0.3037772 0.0905393 0.0159210 0.0162231 0.1395820 0.0287606 0.1299687 0.2404644 0.0239267 0.0331327 0.0103609 0.0959613 0.0233948 0.0869203 0.0163474 0.1226016 0.0233615 0.1297314 0.1074430 0.0554895 0.0173645 0.0116360 0.0735546 0.0933945 0.0955517 0.0755790 0.0148913 0.1614538 0.0841972 0.1488431 0.1047265 0.0064623 0.0535010 0.0176206 0.0911302 0.0213325 0.0220789 0.0122100 0.0209398 0.1637675 0.1499906 0.0206872 0.0047874 0.0813592 0.0349521 0.0508886 
Perityle_batopilensis_97                   0.1388540 0.1266764 0.1388040 0.2464306 0.3428406 9.0000000 0.1967424 9.0000000 0.3796412 0.6887913 0.2195515 0.1119062 0.0899575 0.1004990 0.0890893 0.0000000 0.0885036 0.2111907 0.2474373 0.2342405 0.0924112 0.0990175 0.0859165 0.0941012 0.2231638 0.0930356 0.2150725 0.1187432 0.1289755 0.0901704 0.1127491 0.1399000 0.3779152 0.1002194 0.0968302 0.1275251 0.1036029 0.3145811 0.0590470 0.0946277 0.0943717 0.1170797 0.0838480 0.1155834 0.3505632 0.1002222 0.0888034 0.0880462 0.0632789 0.1067319 0.2341265 0.0926034 0.1246199 0.1163385 0.2513548 0.1156502 0.1418326 0.0930628 0.0839432 0.1210059 0.0550953 0.1178652 0.1762446 0.0948153 0.1457009 0.2407988 0.1845507 0.1602185 0.0469289 0.2379906 0.2081556 0.1227497 0.0847315 0.1061589 0.0917794 0.1221219 0.2112186 0.1298660 0.1023485 0.1216984 0.0496632 0.1021427 0.0937581 
Perityle_bisetosa_9                        0.2363990 0.1369475 0.2689394 0.2551091 0.3236587 0.0801894 0.1649835 0.1241372 0.3640404 0.3619319 0.2177434 0.0715466 0.0119333 0.0159916 0.0046927 0.0885036 0.0000000 0.2955098 0.2177526 0.0029756 0.0046141 0.0106403 0.0140455 0.0188938 0.0845268 0.0108798 0.2668348 0.1712288 0.2177285 0.0840259 0.0779332 0.2463547 0.2608675 0.0406053 0.1004350 0.1718171 0.0066716 0.1344730 0.1624205 0.0435495 0.0162138 0.2470976 0.0028983 0.1899909 0.1538812 0.0170739 0.0088587 0.0000010 0.2399105 0.0137549 0.0654271 0.0099378 0.2417238 0.0637209 0.2909620 0.1525584 0.1120244 0.0133583 0.0118492 0.0959840 0.0721853 0.0592919 0.0710113 0.0122142 0.2379123 0.2901531 0.1769529 0.2544958 0.0056471 0.2185980 0.1076722 0.2098659 0.0124762 0.0133549 0.0165035 0.0181709 0.2234309 0.2060784 0.0191103 0.0000010 0.1112902 0.0250429 0.1247281 
Perityle_californica_76_positas            0.2618745 0.1864835 0.2619119 0.2929099 0.3324675 0.1668019 0.2132424 0.1425853 0.4409315 0.3302310 0.2776021 0.2225020 0.2470904 0.1840330 0.1290537 0.2111907 0.2955098 0.0000000 0.1969440 0.2455380 0.1854233 0.1861675 0.0997176 0.2610944 0.2027334 0.2447570 0.3121596 0.2339877 0.2707358 0.1027132 0.1392569 0.2538400 0.2071580 0.2807223 0.1747274 0.2842308 0.1562547 0.2946167 0.2123148 0.2493716 0.2381519 0.2318143 0.1681015 0.2562358 0.2154316 0.2670206 0.2030784 0.1607004 0.2734101 0.2210234 0.2679160 0.2010392 0.2287919 0.2499808 0.2772566 0.1463945 0.1882308 0.2057604 0.2533100 0.1141840 0.1222314 0.0597921 0.1123760 0.2492884 0.2388690 0.3334074 0.2861655 0.3348963 0.0833946 0.2977566 0.3352540 0.2321746 0.2026622 0.1934882 0.2493940 0.1208539 0.3100440 0.2420008 0.2649791 0.0963516 0.1286589 0.2736113 0.2138449 
Perityle_canescens_77                      0.2716529 0.1807984 0.2836487 0.2722732 0.3019531 0.1293785 0.3034396 0.1706880 0.4323945 0.2726329 0.2832101 0.2325877 0.2612902 0.1878040 0.1711315 0.2474373 0.2177526 0.1969440 0.0000000 0.2817684 0.2399963 0.2088045 0.0868314 0.2607275 0.2175099 0.2580718 0.3073896 0.2790864 0.1765867 0.1647702 0.1518815 0.2681569 0.2110474 0.2708792 0.1867565 0.2072774 0.2129925 0.2921218 0.1976894 0.2558824 0.2511147 0.2384279 0.2062187 0.2366439 0.2306983 0.2680123 0.2623534 0.1968408 0.1679231 0.2232494 0.2576426 0.2397508 0.2468137 0.2405430 0.1979684 0.1376179 0.1713503 0.2458925 0.2420991 0.2027386 0.0475538 0.1969252 0.1487503 0.2408556 0.2187613 0.3134024 0.2955700 0.2059197 0.0470073 0.2848683 0.3401564 0.2351354 0.2040982 0.2116135 0.2682764 0.0954904 0.2354436 0.1629063 0.2537034 0.1802301 0.0611254 0.2782661 0.2031151 
Perityle_castillonii_96                    0.2837223 0.2714013 0.3001668 0.3491039 0.5147037 9.0000000 0.3023890 9.0000000 0.4548358 0.6250422 0.4450195 0.1881540 0.1829132 0.1500468 0.1933907 0.2342405 0.0029756 0.2455380 0.2817684 0.0000000 0.1629177 0.1758326 0.1442639 0.1330228 0.2500436 0.1772294 0.4917444 0.3048764 0.2627945 0.2163102 0.1241094 0.2335056 9.0000000 0.1924076 0.2484042 0.2663351 0.1534201 0.3310185 0.2436486 0.1425394 0.1810281 0.3082955 0.1436560 0.2534890 0.3310085 0.1884342 0.1601156 0.1629776 0.0390759 0.0990833 0.1544177 0.1284010 0.3470589 0.1432509 0.3371750 0.1547014 0.2561040 0.1040894 0.1620471 0.2503493 0.0672302 0.2683329 0.2008004 0.1611797 0.2785531 0.4304991 0.2512112 0.0930938 0.0056180 0.4464674 0.3397510 0.2114098 0.1693334 0.1995741 0.1661436 0.0568287 0.2427766 0.2893509 0.1849481 0.1364050 0.0595550 0.1867231 0.2042638 
Perityle_cernua_84                         0.1924510 0.1306134 0.1973586 0.2204023 0.2401868 0.0865285 0.1950696 0.1053760 0.3580339 0.2144518 0.1543100 0.0387964 0.0143078 0.0167545 0.0096730 0.0924112 0.0046141 0.1854233 0.2399963 0.1629177 0.0000000 0.0166081 0.0189897 0.0140427 0.0962267 0.0223760 0.1806264 0.1222595 0.1707163 0.0946589 0.1224953 0.1611747 0.1525599 0.0204567 0.0778629 0.1199695 0.0094007 0.3154357 0.1049372 0.0069728 0.0166488 0.1709278 0.0211325 0.1391852 0.2243412 0.0130570 0.0237643 0.0055578 0.1735367 0.0117098 0.1171289 0.0031001 0.1250623 0.0407159 0.1827881 0.1234768 0.0772983 0.0128628 0.0089958 0.1102146 0.0985175 0.1193858 0.1273354 0.0113521 0.2051945 0.2001652 0.1663893 0.1504940 0.0056114 0.1203611 0.0869181 0.1546555 0.0208845 0.0187059 0.0109406 0.0495739 0.1970847 0.1763410 0.0139271 0.0047631 0.1271391 0.0251320 0.0884246 
Perityle_cfvillosa_25_tin                  0.1775287 0.1348534 0.1626863 0.2194606 0.2677602 0.0885731 0.2095173 0.1113653 0.3736083 0.1909072 0.1721542 0.0338448 0.0171142 0.0283852 0.0170857 0.0990175 0.0106403 0.1861675 0.2088045 0.1758326 0.0166081 0.0000000 0.0344775 0.0235008 0.1097330 0.0251416 0.1895285 0.1405750 0.1531109 0.1000772 0.1098078 0.1484709 0.1154343 0.0287927 0.0842979 0.1300593 0.0193021 0.3234993 0.1137156 0.0214284 0.0240507 0.1466542 0.0255952 0.1218945 0.2562492 0.0254625 0.0340336 0.0071590 0.1263231 0.0217654 0.1189115 0.0156034 0.1215526 0.0479165 0.2013370 0.1329899 0.1003440 0.0100169 0.0005991 0.1113176 0.1012055 0.1262526 0.1369883 0.0220482 0.1800748 0.1993966 0.1760433 0.1221673 0.0111971 0.1449547 0.1027709 0.1370138 0.0227592 0.0251712 0.0178314 0.0437562 0.1869559 0.1476655 0.0225602 0.0169462 0.1206877 0.0187968 0.0866655 
Perityle_cinerea_113_Powell1310            0.0810512 0.0675560 0.0932492 0.1402728 0.1516672 9.0000000 0.1132441 9.0000000 0.2162887 0.2483389 0.1150283 0.0377133 0.0251570 0.0250299 0.0284694 0.0859165 0.0140455 0.0997176 0.0868314 0.1442639 0.0189897 0.0344775 0.0000000 0.0157855 0.0220546 0.0515463 0.1001502 0.1073468 0.0687924 0.0458429 0.0491486 0.0963749 9.0000000 0.0250941 0.0383076 0.1138013 0.0189732 0.2019167 0.0893884 0.0189306 0.0282042 0.1179050 0.0296291 0.0933994 0.2195909 0.0344033 0.0517509 0.0221987 0.0586200 0.0281464 0.1120769 0.0189350 0.0944822 0.0284036 0.0861327 0.1307828 0.0799357 0.0191834 0.0195219 0.0570218 0.0816002 0.0505880 0.1025970 0.0187595 0.1009468 0.0912123 0.1215319 0.5527786 0.0236799 0.0348782 0.0157484 0.0454164 0.0295358 0.0316359 0.0312878 0.0136246 0.1568529 0.0600066 0.0186403 0.0234061 0.0479976 0.0376609 0.0261909 
Perityle_coahuilensis_24                   0.2182670 0.1376154 0.2152813 0.2604967 0.2751665 0.0967021 0.2041173 0.1286158 0.3962626 0.2687676 0.2000826 0.0609343 0.0230785 0.0279382 0.0204488 0.0941012 0.0188938 0.2610944 0.2607275 0.1330228 0.0140427 0.0235008 0.0157855 0.0000000 0.0899216 0.0320776 0.2626252 0.2011978 0.2282728 0.0942515 0.1210549 0.2341957 0.1867204 0.0429736 0.0908851 0.2006993 0.0197000 0.2807259 0.1428830 0.0361556 0.0233557 0.2342607 0.0223243 0.1790282 0.2418039 0.0266849 0.0337538 0.0059841 0.2294588 0.0313691 0.1247939 0.0160468 0.2392237 0.0612227 0.2360755 0.1492867 0.1052806 0.0224978 0.0249133 0.1128570 0.0937277 0.1227641 0.1146605 0.0265771 0.2280804 0.2360811 0.1854138 0.2492089 0.0112549 0.1344194 0.0654737 0.1817290 0.0223426 0.0242578 0.0230764 0.0524908 0.2337466 0.2110935 0.0284203 0.0124747 0.1313111 0.0230395 0.1294637 
Perityle_cochisensis_44_cave_creek         0.2487989 0.1540990 0.2132454 0.2707507 0.2528415 0.1215021 0.2611915 0.1155954 0.3938505 0.2105403 0.2236241 0.1176697 0.0962088 0.0884159 0.0251542 0.2231638 0.0845268 0.2027334 0.2175099 0.2500436 0.0962267 0.1097330 0.0220546 0.0899216 0.0000000 0.1265632 0.2586613 0.2265841 0.1832859 0.1426402 0.1469028 0.2092325 0.1478985 0.1032521 0.2530026 0.2021076 0.0617140 0.4025919 0.1558017 0.0965708 0.1041347 0.1995312 0.1204076 0.1964162 0.2987713 0.1055113 0.1248653 0.1339865 0.1723931 0.0653986 0.1640067 0.0579766 0.2218322 0.1284960 0.1935944 0.1311792 0.1045140 0.0694250 0.1026920 0.0990418 0.0990834 0.1457294 0.1485930 0.1026116 0.2459378 0.2030895 0.2297688 0.1329105 0.0113431 0.1347406 0.1560181 0.1968304 0.1676642 0.1111818 0.1018411 0.0410992 0.1977814 0.2728010 0.1052684 0.1405993 0.1167627 0.1070332 0.1779699 
Perityle_congesta_202                      0.2030421 0.1354675 0.2054035 0.2446998 0.2841971 0.0918176 0.2131038 0.1109091 0.4026564 0.2748709 0.1728051 0.0707348 0.0240576 0.0412801 0.0349651 0.0930356 0.0108798 0.2447570 0.2580718 0.1772294 0.0223760 0.0251416 0.0515463 0.0320776 0.1265632 0.0000000 0.2331789 0.1665734 0.2194297 0.0852731 0.1250898 0.2097189 0.1916643 0.0478742 0.0750719 0.1883954 0.0333723 0.3372012 0.1454057 0.0440030 0.0312633 0.2116729 0.0047996 0.1709665 0.2863054 0.0305269 0.0088073 0.0314818 0.2208242 0.0308730 0.1311747 0.0287453 0.1996550 0.0731535 0.2458293 0.1390218 0.1032600 0.0193105 0.0157586 0.1218450 0.0979904 0.1243524 0.1488986 0.0319773 0.2215389 0.2198783 0.2009492 0.2535595 0.0142122 0.1503630 0.0919449 0.1659301 0.0129714 0.0333153 0.0293513 0.0465421 0.2301641 0.1861233 0.0348138 0.0321074 0.1155792 0.0341429 0.1152005 
Perityle_cordifolia_27                     0.2763972 0.1883139 0.2786963 0.2792653 0.3211384 0.0989770 0.2971814 0.1291921 0.4689274 0.2728788 0.2687359 0.2706128 0.2138091 0.2176769 0.1248575 0.2150725 0.2668348 0.3121596 0.3073896 0.4917444 0.1806264 0.1895285 0.1001502 0.2626252 0.2586613 0.2331789 0.0000000 0.2279819 0.2868482 0.2176454 0.1831066 0.3270854 0.1854154 0.2371714 0.2077318 0.2968426 0.2019484 0.5441398 0.2450117 0.2337028 0.2270263 0.2638689 0.2378364 0.2596870 0.3692265 0.2266219 0.2313583 0.2005067 0.2371063 0.2293743 0.3457074 0.2492200 0.0922662 0.2586696 0.2592797 0.1427412 0.1571270 0.2086647 0.2382412 0.2243834 0.1095293 0.2318980 0.1163409 0.2561136 0.2952118 0.0339073 0.3008879 0.3491013 0.1051383 0.2815353 0.2463899 0.2681812 0.2030537 0.1815569 0.2246217 0.1099838 0.2817489 0.2936978 0.2363588 0.1693643 0.1264133 0.2358219 0.1878667 
Perityle_cordifolia_68_tecolote            0.2074294 0.1764856 0.1978207 0.2608392 0.3268363 0.1692083 0.2705717 0.1405274 0.4397877 0.3118804 0.2664911 0.1772221 0.1349783 0.1591840 0.1216288 0.1187432 0.1712288 0.2339877 0.2790864 0.3048764 0.1222595 0.1405750 0.1073468 0.2011978 0.2265841 0.1665734 0.2279819 0.0000000 0.2521739 0.1208573 0.2147325 0.2608295 0.2157170 0.1583540 0.1202351 0.2450730 0.1437544 0.3719445 0.1913408 0.1580724 0.1602695 0.2289127 0.1192311 0.2030803 0.2968601 0.1409883 0.1797117 0.1158444 0.2157965 0.1643340 0.2638214 0.1609386 0.1951979 0.2010648 0.2337745 0.0574290 0.1800768 0.1447951 0.1768259 0.1344166 0.1119516 0.1473750 0.1748174 0.1824582 0.2256591 0.2124841 0.2271881 0.2921790 0.0927395 0.2554500 0.2162871 0.1796718 0.1111837 0.1432321 0.1519231 0.1636444 0.2433942 0.2742697 0.1712020 0.1048281 0.1100083 0.1556967 0.1741956 
Perityle_coronopifolia_28_patagonia        0.2068569 0.1424073 0.2359125 0.2796174 0.3110069 0.1754230 0.2054563 0.1857511 0.3893839 0.2927316 0.2799771 0.2152800 0.2187355 0.1701150 0.1421476 0.1289755 0.2177285 0.2707358 0.1765867 0.2627945 0.1707163 0.1531109 0.0687924 0.2282728 0.1832859 0.2194297 0.2868482 0.2521739 0.0000000 0.0842254 0.1543234 0.2650422 0.2251763 0.2338290 0.1275711 0.2267797 0.1859509 0.3605450 0.2117286 0.2086398 0.2205778 0.2314847 0.1169795 0.2102383 0.3090736 0.2123552 0.2266334 0.1045382 0.2217855 0.2424081 0.2873925 0.2043783 0.2461196 0.1812728 0.1935000 0.1530528 0.1551216 0.2031472 0.2288539 0.0602474 0.0722472 0.1085983 0.1693956 0.2190940 0.1683731 0.2563311 0.2548846 0.2984485 0.0539390 0.2542523 0.2426227 0.2183010 0.1165025 0.1426961 0.2297309 0.1041825 0.2583063 0.1573774 0.2179523 0.1118273 0.0552547 0.2276280 0.2074298 
Perityle_crassifolia_70_ventanas           0.0953512 0.0878220 0.1115700 0.1675425 0.2644308 9.0000000 0.1542403 9.0000000 0.2881696 0.7176616 0.2258437 0.1026366 0.0918185 0.0977233 0.0543164 0.0901704 0.0840259 0.1027132 0.1647702 0.2163102 0.0946589 0.1000772 0.0458429 0.0942515 0.1426402 0.0852731 0.2176454 0.1208573 0.0842254 0.0000000 0.0535947 0.0765134 9.0000000 0.1045706 0.0044305 0.1131472 0.0926842 0.2278453 0.0926892 0.0964732 0.0974564 0.1068954 0.0799955 0.0811356 0.2519115 0.1044173 0.0848397 0.0903093 0.0674311 0.0905756 0.2139783 0.0883214 0.1287614 0.0975682 0.1192006 0.1090136 0.1410520 0.0829295 0.0708004 0.0853395 0.0558490 0.1003012 0.1251913 0.0904450 0.1184402 0.2134453 0.1392098 0.0238188 0.0449718 0.2273559 0.2364294 0.0014463 0.0732707 0.1034813 0.0975699 0.0367857 0.1390785 0.1030874 0.1009330 0.1120710 0.0352497 0.1006386 0.0029735 
Perityle_crassifolia_74_playa_balandra     0.1257434 0.1245811 0.1605577 0.1833653 0.1592080 0.1040575 0.1482429 0.1767581 0.2734540 0.2605346 0.1920061 0.1290591 0.1200697 0.1251471 0.1067862 0.1127491 0.0779332 0.1392569 0.1518815 0.1241094 0.1224953 0.1098078 0.0491486 0.1210549 0.1469028 0.1250898 0.1831066 0.2147325 0.1543234 0.0535947 0.0000000 0.1617047 0.1726058 0.1393492 0.0549795 0.1647901 0.1298850 0.1378837 0.1472805 0.1275618 0.1283207 0.1653255 0.0846046 0.1641624 0.1852861 0.1418639 0.1241950 0.0888135 0.1245581 0.1275173 0.1234753 0.1174172 0.1743102 0.1070562 0.1543773 0.1222877 0.0996751 0.1019793 0.1197330 0.0385870 0.0698332 0.0331247 0.1117901 0.1196303 0.1970327 0.1756525 0.1780351 0.1697203 0.0384363 0.1448415 0.1375350 0.1273906 0.0866692 0.0967672 0.1263260 0.0747923 0.1636994 0.1702852 0.1309822 0.0828924 0.0666018 0.1366112 0.1092433 
Perityle_cuneata_34_cuneata_San_antonio    0.2439269 0.1491069 0.2458834 0.2702998 0.3472971 0.1554041 0.2168228 0.1031559 0.4396815 0.3064393 0.2748452 0.2012212 0.1869415 0.1448322 0.1118688 0.1399000 0.2463547 0.2538400 0.2681569 0.2335056 0.1611747 0.1484709 0.0963749 0.2341957 0.2092325 0.2097189 0.3270854 0.2608295 0.2650422 0.0765134 0.1617047 0.0000000 0.2280804 0.2253097 0.0854466 0.2537730 0.1588412 0.3483651 0.1717143 0.2099057 0.1918545 0.2569610 0.1059323 0.2178574 0.3243789 0.1991528 0.2031499 0.1012365 0.2633170 0.2005529 0.2743443 0.1764876 0.2580689 0.1822860 0.2675148 0.1586490 0.1726179 0.1901532 0.2192588 0.1235392 0.0862318 0.1066343 0.1676564 0.2274125 0.2418195 0.2908002 0.2431781 0.3043000 0.0630099 0.2690432 0.2793390 0.1893196 0.1384014 0.1470836 0.1983174 0.1374868 0.2736799 0.2621757 0.2177827 0.1130819 0.1224017 0.2189757 0.1929985 
Perityle_discoidea_81                      0.0884263 0.1038147 0.1745466 0.2336817 0.1208579 0.0940593 0.5283049 0.1017027 0.4528123 0.0030916 0.1637576 0.1609716 0.1765029 0.1190616 0.1145710 0.3779152 0.2608675 0.2071580 0.2110474 9.0000000 0.1525599 0.1154343 9.0000000 0.1867204 0.1478985 0.1916643 0.1854154 0.2157170 0.2251763 9.0000000 0.1726058 0.2280804 0.0000000 0.2003845 9.0000000 0.1481522 0.1244513 0.6877893 0.1251626 0.1777202 0.1676118 0.2279735 9.0000000 0.2388909 0.1736569 0.1884882 0.1720209 9.0000000 0.2492174 0.1927507 0.1910559 0.1505860 0.1663848 0.2789854 0.1761705 0.1297447 0.1295559 0.1929141 0.1842422 0.8349509 0.1043201 0.0000010 0.1234080 0.1551792 0.2669019 0.2248998 0.1759279 0.1574078 9.0000000 0.1192636 0.1821196 0.1861302 0.4576481 0.1447190 0.1690278 0.1328392 0.1882757 0.2071119 0.1730661 9.0000000 0.1315228 0.2157613 0.1389110 
Perityle_dissecta_201                      0.2293233 0.1389470 0.2188741 0.2604166 0.2942704 0.0885719 0.1955052 0.1327968 0.3902916 0.2863237 0.1628180 0.0675884 0.0317042 0.0361342 0.0197309 0.1002194 0.0406053 0.2807223 0.2708792 0.1924076 0.0204567 0.0287927 0.0250941 0.0429736 0.1032521 0.0478742 0.2371714 0.1583540 0.2338290 0.1045706 0.1393492 0.2253097 0.2003845 0.0000000 0.0937223 0.2069957 0.0196349 0.3086147 0.1538213 0.0536677 0.0314958 0.2406704 0.0394755 0.1905088 0.2670704 0.0367562 0.0409323 0.0160839 0.2356243 0.0357228 0.1477467 0.0282690 0.2123679 0.0709650 0.2554457 0.1356921 0.1154732 0.0336867 0.0346376 0.1164110 0.1080807 0.1311982 0.1293468 0.0313297 0.2449174 0.2400264 0.1884986 0.2510175 0.0140205 0.1352154 0.0997251 0.1908812 0.0458650 0.0326427 0.0328407 0.0643690 0.2460341 0.2013708 0.0415844 0.0136430 0.1313804 0.0495352 0.1192315 
Perityle_emoryi_47_punta_san_jose          0.1025775 0.1045268 0.1245283 0.1785321 0.3758738 9.0000000 0.1878021 9.0000000 0.3245149 0.7129819 0.1784610 0.0982202 0.0774630 0.0993588 0.0386579 0.0968302 0.1004350 0.1747274 0.1867565 0.2484042 0.0778629 0.0842979 0.0383076 0.0908851 0.2530026 0.0750719 0.2077318 0.1202351 0.1275711 0.0044305 0.0549795 0.0854466 9.0000000 0.0937223 0.0000000 0.1216438 0.0775842 0.3088124 0.1300301 0.0923884 0.0935761 0.1058826 0.0910820 0.1005292 0.3317868 0.0892870 0.0884625 0.0746719 0.0620123 0.0928740 0.2258540 0.0991726 0.1113131 0.0920842 0.2211265 0.1057198 0.1604891 0.0880668 0.0728891 0.0875974 0.0815925 0.0879520 0.2198975 0.0848104 0.1304352 0.2268158 0.1672680 0.1363263 0.0380914 0.2295781 0.2131019 0.0145459 0.0842358 0.0834506 0.0845068 0.1181690 0.1576173 0.1172486 0.0924159 0.0855558 0.0284674 0.0936055 0.0009029 
Perityle_feddemae_99                       0.1797207 0.1580020 0.2045931 0.2386460 0.2956555 0.1238665 0.2463334 0.1413930 0.4240862 0.2555210 0.3187504 0.1950132 0.1705395 0.1715453 0.1398795 0.1275251 0.1718171 0.2842308 0.2072774 0.2663351 0.1199695 0.1300593 0.1138013 0.2006993 0.2021076 0.1883954 0.2968426 0.2450730 0.2267797 0.1131472 0.1647901 0.2537730 0.1481522 0.2069957 0.1216438 0.0000000 0.1621788 0.3160514 0.2106061 0.1588028 0.1894363 0.0647760 0.1120127 0.0406293 0.3070116 0.1679176 0.1871976 0.1173356 0.0372361 0.1932717 0.2287296 0.1506931 0.2674315 0.1631698 0.2490218 0.1553201 0.1527240 0.1323655 0.1974469 0.1507856 0.1048455 0.1439428 0.1668982 0.1992044 0.1841083 0.2411407 0.2314957 0.2698009 0.0845618 0.2885712 0.2418493 0.1875590 0.1125794 0.1357672 0.1899789 0.1019207 0.2161258 0.2346188 0.1964146 0.1255090 0.1093804 0.1885671 0.2043999 
Perityle_fosteri_93                        0.1779607 0.1251475 0.1559817 0.2193783 0.2164218 0.1007426 0.1976724 0.1192068 0.3389201 0.1824525 0.1581867 0.0306146 0.0146357 0.0216025 0.0148392 0.1036029 0.0066716 0.1562547 0.2129925 0.1534201 0.0094007 0.0193021 0.0189732 0.0197000 0.0617140 0.0333723 0.2019484 0.1437544 0.1859509 0.0926842 0.1298850 0.1588412 0.1244513 0.0196349 0.0775842 0.1621788 0.0000000 0.2985725 0.1135449 0.0162275 0.0199064 0.1684346 0.0229288 0.1320846 0.2459946 0.0171472 0.0324847 0.0034874 0.1198185 0.0206997 0.1101086 0.0130371 0.1655835 0.0446556 0.1565783 0.1214650 0.0799819 0.0175923 0.0132386 0.0921691 0.0963520 0.1239738 0.1090814 0.0149781 0.2048214 0.1676575 0.1719239 0.1429612 0.0056832 0.1116684 0.0777807 0.1303783 0.0203719 0.0227563 0.0097959 0.0418886 0.1814448 0.1812281 0.0210909 0.0071604 0.1218820 0.0288044 0.0995697 
Perityle_gamon_221                         0.3369633 0.2774690 0.3665227 0.4224588 0.5295329 0.5460112 0.3596169 0.6131703 0.5565340 0.6752193 0.4733101 0.3224022 0.3121854 0.3206981 0.3037772 0.3145811 0.1344730 0.2946167 0.2921218 0.3310185 0.3154357 0.3234993 0.2019167 0.2807259 0.4025919 0.3372012 0.5441398 0.3719445 0.3605450 0.2278453 0.1378837 0.3483651 0.6877893 0.3086147 0.3088124 0.3160514 0.2985725 0.0000000 0.3236922 0.2974013 0.3184786 0.3484506 0.2646185 0.3061193 0.1421286 0.3157023 0.3584064 0.3053412 0.1203763 0.2112408 0.3222788 0.2525781 0.4296856 0.3001731 0.3972370 0.1736285 0.2649957 0.2325510 0.2907043 0.2865369 0.1030279 0.2210861 0.2787539 0.3044667 0.3297220 0.5268240 0.3253694 0.1635331 0.0537108 0.4457368 0.4443122 0.2977255 0.3375368 0.3343801 0.3171951 0.1754064 0.2666205 0.3943817 0.3139147 0.2778401 0.0661225 0.3116904 0.2948582 
Perityle_gentryi_8_san_francisco           0.2041887 0.1360066 0.1663165 0.2481586 0.2309904 0.0696278 0.2151278 0.1363687 0.4120831 0.2413271 0.1816223 0.1541997 0.1223082 0.1229649 0.0905393 0.0590470 0.1624205 0.2123148 0.1976894 0.2436486 0.1049372 0.1137156 0.0893884 0.1428830 0.1558017 0.1454057 0.2450117 0.1913408 0.2117286 0.0926892 0.1472805 0.1717143 0.1251626 0.1538213 0.1300301 0.2106061 0.1135449 0.3236922 0.0000000 0.1457797 0.1240599 0.1789006 0.1189180 0.1953881 0.2821428 0.1608105 0.1105518 0.1005168 0.1135361 0.1188846 0.2142714 0.1308304 0.1563347 0.1556674 0.2308744 0.0851183 0.1220631 0.1099338 0.1378283 0.1223178 0.0820166 0.1222382 0.1107883 0.1426444 0.2332043 0.2062263 0.2115716 0.2014680 0.0469655 0.2018498 0.2293522 0.1564074 0.1486165 0.1269940 0.1208399 0.0776672 0.2174729 0.1976025 0.1524807 0.1289976 0.0961175 0.1612099 0.1204396 
Perityle_gilensis_22_Superstition          0.2281057 0.1320922 0.2476758 0.2557989 0.2731151 0.0834550 0.2041073 0.1247768 0.3800870 0.2617422 0.1919709 0.0442138 0.0384081 0.0174391 0.0159210 0.0946277 0.0435495 0.2493716 0.2558824 0.1425394 0.0069728 0.0214284 0.0189306 0.0361556 0.0965708 0.0440030 0.2337028 0.1580724 0.2086398 0.0964732 0.1275618 0.2099057 0.1777202 0.0536677 0.0923884 0.1588028 0.0162275 0.2974013 0.1457797 0.0000000 0.0304966 0.1909861 0.0193861 0.1676299 0.2369731 0.0436557 0.0274304 0.0068151 0.2463843 0.0395315 0.1316156 0.0087264 0.1846937 0.0576665 0.2404326 0.1453928 0.1180569 0.0185891 0.0357009 0.1095814 0.0905908 0.1258229 0.1099481 0.0354350 0.2133588 0.2628314 0.2015020 0.2385363 0.0086327 0.1386661 0.0945623 0.1778529 0.0219132 0.0218781 0.0402572 0.0568730 0.2605392 0.1908866 0.0430026 0.0093283 0.1227224 0.0512210 0.1316012 
Perityle_gilensis_salensis_225             0.2030657 0.1277897 0.2149300 0.2373677 0.2836637 0.0881853 0.2086313 0.1177087 0.3620597 0.2252814 0.1651341 0.0567059 0.0230815 0.0236331 0.0162231 0.0943717 0.0162138 0.2381519 0.2511147 0.1810281 0.0166488 0.0240507 0.0282042 0.0233557 0.1041347 0.0312633 0.2270263 0.1602695 0.2205778 0.0974564 0.1283207 0.1918545 0.1676118 0.0314958 0.0935761 0.1894363 0.0199064 0.3184786 0.1240599 0.0304966 0.0000000 0.2130582 0.0242757 0.1823622 0.2552087 0.0252473 0.0310830 0.0133742 0.2153884 0.0251943 0.1230153 0.0149370 0.1890025 0.0432527 0.2186445 0.1325889 0.1050936 0.0225114 0.0188559 0.1168414 0.1052967 0.1305796 0.1290102 0.0210787 0.2335171 0.1984517 0.1926521 0.2296175 0.0111972 0.1347982 0.0899605 0.1621267 0.0251729 0.0260202 0.0232642 0.0559504 0.2363958 0.1877100 0.0250371 0.0159452 0.1095586 0.0384413 0.1032230 
Perityle_glaucescens_94                    0.1884190 0.1444635 0.2277587 0.2510243 0.2653076 0.1308702 0.2402551 0.1331311 0.3839689 0.2654212 0.2944825 0.2120940 0.2060085 0.1668875 0.1395820 0.1170797 0.2470976 0.2318143 0.2384279 0.3082955 0.1709278 0.1466542 0.1179050 0.2342607 0.1995312 0.2116729 0.2638689 0.2289127 0.2314847 0.1068954 0.1653255 0.2569610 0.2279735 0.2406704 0.1058826 0.0647760 0.1684346 0.3484506 0.1789006 0.1909861 0.2130582 0.0000000 0.1150233 0.0228767 0.2999943 0.2136129 0.2189567 0.1220271 0.0148174 0.2308249 0.2691971 0.1888563 0.2339558 0.1752884 0.1736797 0.1501580 0.1427736 0.1958195 0.2278814 0.1474943 0.0973803 0.1419273 0.1742404 0.2293255 0.1889313 0.2219762 0.2617781 0.2520706 0.0847333 0.2458999 0.2538751 0.1977621 0.1079675 0.1575445 0.2269932 0.1089980 0.2403155 0.2362350 0.2263524 0.1458479 0.1144359 0.2333986 0.2080008 
Perityle_gracilis_11                       0.1008866 0.1184450 0.1063869 0.2145005 0.3167123 9.0000000 0.1756597 9.0000000 0.3659902 0.5937253 0.2320312 0.0352628 0.0237269 0.0369626 0.0287606 0.0838480 0.0028983 0.1681015 0.2062187 0.1436560 0.0211325 0.0255952 0.0296291 0.0223243 0.1204076 0.0047996 0.2378364 0.1192311 0.1169795 0.0799955 0.0846046 0.1059323 9.0000000 0.0394755 0.0910820 0.1120127 0.0229288 0.2646185 0.1189180 0.0193861 0.0242757 0.1150233 0.0000000 0.0877499 0.2797384 0.0275123 0.0000010 0.0191916 0.0337023 0.0125611 0.1319653 0.0206319 0.1331885 0.0285622 0.1870364 0.1091818 0.1269405 0.0100301 0.0075466 0.1086065 0.0667971 0.1221602 0.1403162 0.0205481 0.1269830 0.2042287 0.1694437 0.1302211 0.0028687 0.2464911 0.1751970 0.0973596 0.0009738 0.0316637 0.0213836 0.0177073 0.1956810 0.1181930 0.0265118 0.0270214 0.0554955 0.0274058 0.0851179 
Perityle_harkerae_31                       0.1971958 0.1451280 0.2072886 0.2569435 0.2463499 0.1319733 0.2394508 0.1271227 0.4129704 0.3098328 0.2351012 0.1584329 0.1795143 0.1462078 0.1299687 0.1155834 0.1899909 0.2562358 0.2366439 0.2534890 0.1391852 0.1218945 0.0933994 0.1790282 0.1964162 0.1709665 0.2596870 0.2030803 0.2102383 0.0811356 0.1641624 0.2178574 0.2388909 0.1905088 0.1005292 0.0406293 0.1320846 0.3061193 0.1953881 0.1676299 0.1823622 0.0228767 0.0877499 0.0000000 0.3051982 0.1809162 0.1727203 0.0902768 0.0090412 0.1898002 0.2340523 0.1619732 0.2206974 0.1610474 0.2524215 0.1489983 0.1527869 0.1630140 0.1785736 0.1330796 0.0803361 0.1318909 0.1688280 0.1708792 0.1787803 0.2563442 0.2234586 0.2043293 0.0476118 0.2195891 0.2356250 0.1942650 0.1004018 0.1232708 0.1884228 0.1006389 0.2275943 0.1988845 0.1805688 0.0806776 0.0837025 0.1964063 0.1682919 
Perityle_hofmeisteria_4_nombre_de_dios     0.3064561 0.2718667 0.2997357 0.3498236 0.3918371 0.1843702 0.3758100 0.1659851 0.4971355 0.2524521 0.3429603 0.2644337 0.2535678 0.2586758 0.2404644 0.3505632 0.1538812 0.2154316 0.2306983 0.3310085 0.2243412 0.2562492 0.2195909 0.2418039 0.2987713 0.2863054 0.3692265 0.2968601 0.3090736 0.2519115 0.1852861 0.3243789 0.1736569 0.2670704 0.3317868 0.3070116 0.2459946 0.1421286 0.2821428 0.2369731 0.2552087 0.2999943 0.2797384 0.3051982 0.0000000 0.2576614 0.2667918 0.2781094 0.1398180 0.2194858 0.2784505 0.2406746 0.2881917 0.2857192 0.2390189 0.1530360 0.2308658 0.2140612 0.2414876 0.2857444 0.0961852 0.2291047 0.1988554 0.2494566 0.2874207 0.3209128 0.2938834 0.2239289 0.0788753 0.3528195 0.3377850 0.2901304 0.3174988 0.2605829 0.2517080 0.1319746 0.2728572 0.3033662 0.2587879 0.1788208 0.1008597 0.2720320 0.2728549 
