83
Amauria_brandeegeana_62                    0.0000000 0.0587948 0.0092680 0.1667668 0.1951364 0.1378504 0.0963980 0.2052486 0.1559942 0.1071793 0.1028020 0.1078226 0.1099206 0.1089661 0.1083192 0.0986275 0.0723715 0.1116505 0.0966747 0.0964720 0.1112677 0.2629940 0.1102536 0.1067699 0.1089895 0.1037896 0.0840180 0.2212413 0.1447836 0.0902696 0.0871426 0.1476530 0.1053987 0.0284086 0.1056783 0.0954772 0.1157080 0.1122139 0.1068460 0.1087059 0.0964000 0.1093959 0.0983806 0.1249637 0.1003903 0.0605785 0.1099726 0.1099181 0.1023743 0.1112634 0.1101885 0.1115883 0.0975280 0.1089122 0.0730968 0.0761847 0.1001129 0.1083748 0.1083559 0.1090910 0.0813222 0.2249405 0.0931839 0.1130175 0.1009917 0.3796249 0.0883299 0.0714994 0.8402750 0.0972909 0.1101493 0.0982513 0.1081256 0.1104921 0.1092151 0.1074342 0.1009498 0.0941859 0.0404082 0.1075732 0.0976686 0.1110867 0.0561444 
Amauria_carterae_99_mesa                   0.0587948 0.0000000 0.0764808 0.1698166 0.1190519 0.1487274 0.0893364 0.1249004 0.1233573 0.0969041 0.0939087 0.1100939 0.1098315 0.0957848 0.1089630 0.1062170 0.0627804 0.1052284 0.1022667 0.0999591 0.1097343 0.2344832 0.1098315 0.1023132 0.1061053 0.1289147 0.0924879 0.1251816 0.1369732 0.1094088 0.0748441 0.1147040 0.1041177 0.0356135 0.0871382 0.1001341 0.0998315 0.1153766 0.1083334 0.1098315 0.0752640 0.0935667 0.0776727 0.0949506 0.1020916 0.0490942 0.1079347 0.1076165 0.0814655 0.1117871 0.1117746 0.1099197 0.1199511 0.1068274 0.0566093 0.0781935 0.1097017 0.1082632 0.1060763 0.1045431 0.0679070 0.0904664 0.0935512 0.1099438 0.0944663 0.2959960 0.0717534 0.0592530 1.3033890 0.1042033 0.1098315 0.1175451 0.1067970 0.1086024 0.1085036 0.0879953 0.0875359 0.0943897 0.0000010 0.1054502 0.0811394 0.1076165 0.0599073 
Amauria_rotundifolia_SRR9119150            0.0092680 0.0764808 0.0000000 0.1799646 0.2423851 0.1493712 0.1083275 0.2147946 0.1647289 0.1193780 0.1324487 0.1169864 0.1186478 0.1115911 0.1078942 0.1070075 0.0832881 0.1130475 0.1060065 0.0999109 0.1184509 0.2831790 0.1189870 0.1115808 0.1187797 0.1107439 0.0927959 0.2288099 0.1632424 0.1014443 0.1003668 0.1539571 0.1143736 0.0354027 0.1288451 0.1041061 0.1312605 0.1154522 0.1157670 0.1174933 0.1154330 0.1185732 0.1191185 0.1336871 0.1060149 0.0647689 0.1182364 0.1196400 0.1198221 0.1162809 0.1178058 0.1202623 0.1071338 0.1154323 0.0866860 0.0897797 0.1069401 0.1170412 0.1145016 0.1159438 0.0881411 0.2283461 0.1006453 0.1201775 0.1124318 0.4112878 0.0953583 0.0792193 0.8259114 0.1052611 0.1189870 0.1076979 0.1179865 0.1169301 0.1180570 0.1118936 0.1102502 0.1030478 0.0520074 0.1162169 0.1074262 0.1207467 0.0630070 
Conoclinium_coelestinum_SRR9119114         0.1667668 0.1698166 0.1799646 0.0000000 0.2666434 0.1154574 0.1837505 0.2686391 0.2243323 0.1921168 0.2110990 0.2136337 0.2150438 0.2391954 0.2158591 0.2070381 0.1362927 0.1930998 0.2083682 0.2071761 0.2170200 0.2996541 0.2153492 0.2118140 0.2135168 0.1958489 0.1907387 0.2537873 0.2145624 0.1936092 0.1775773 0.2190541 0.2133929 0.1065464 0.1758770 0.2052928 0.2086269 0.2198102 0.2110515 0.2150438 0.1657025 0.2071047 0.1690628 0.1853295 0.2083945 0.1445237 0.2167710 0.2148971 0.1694729 0.2186547 0.2165672 0.2177805 0.1867184 0.2176450 0.1347674 0.1788643 0.1726355 0.2134884 0.2105093 0.1707726 0.1548963 0.3024799 0.1529331 0.1956080 0.1826558 0.4302799 0.1745236 0.1732660 1.2469034 0.2083943 0.2153492 0.1843026 0.2123621 0.2135102 0.2154682 0.2227046 0.2062568 0.1672071 0.0418719 0.2165071 0.1880206 0.2150705 0.1605680 
Eutetras_palmeri_63                        0.1951364 0.1190519 0.2423851 0.2666434 0.0000000 0.2283112 0.1190001 0.2580001 0.2396714 0.2754110 0.2661052 0.2660975 0.2925031 0.2055764 0.2431445 0.2851564 0.1404261 0.1360610 0.2769370 0.2007059 0.2821556 0.2755608 0.2893148 0.2127047 0.2857066 0.2640782 0.2752391 0.2949702 0.1691746 0.2265936 0.3051033 0.2356285 0.2788224 0.0600230 0.3168619 0.2648092 0.2984344 0.2393690 0.2870170 0.2714321 0.2975658 0.2455646 0.2907219 0.3328473 0.2878672 0.1927768 0.2445318 0.2716178 0.2974761 0.2165383 0.2901086 0.2849955 0.2524779 0.2479716 0.2016267 0.1283329 0.1257241 0.2612699 0.2092022 0.1778525 0.1155243 0.3312563 0.0884996 0.2953425 0.2866454 0.4161562 0.1973427 0.2224547 1.1403155 0.2796732 0.2886263 0.2350127 0.2950749 0.2344637 0.2864362 0.1410114 0.2376488 0.3066295 0.1009871 0.2659578 0.1259556 0.2877449 0.2417767 
Eutrochium_fistulosum_SRR9119106           0.1378504 0.1487274 0.1493712 0.1154574 0.2283112 0.0000000 0.1351145 0.2428245 0.1825289 0.1521535 0.1625278 0.1665478 0.1660058 0.1788829 0.1652073 0.1539784 0.1244083 0.1628898 0.1558239 0.1526516 0.1681161 0.2496324 0.1676250 0.1664854 0.1646163 0.1563631 0.1684237 0.2325839 0.1846878 0.1434655 0.1509196 0.1785046 0.1626844 0.0919599 0.1600068 0.1531695 0.1809240 0.1708571 0.1631040 0.1660058 0.1452298 0.1671351 0.1476102 0.1710109 0.1585653 0.1285136 0.1658737 0.1676556 0.1533234 0.1677131 0.1675122 0.1685704 0.1474979 0.1646829 0.1146062 0.1585492 0.1399127 0.1666719 0.1664966 0.1385131 0.1268850 0.2691524 0.1324347 0.1571371 0.1441111 0.4295701 0.1308664 0.1439072 0.8863500 0.1550604 0.1676250 0.1523646 0.1650934 0.1625486 0.1662314 0.1844299 0.1688957 0.1481044 0.0401788 0.1671269 0.1523525 0.1677448 0.1186778 
Galeana_pratensis_104_mex                  0.0963980 0.0893364 0.1083275 0.1837505 0.1190001 0.1351145 0.0000000 0.1358133 0.1377887 0.1081708 0.1129493 0.1191576 0.1210925 0.1132694 0.1059531 0.1185470 0.0793476 0.1303097 0.1159097 0.1135620 0.1185512 0.2627480 0.1210925 0.1191919 0.1165247 0.1052235 0.1283533 0.1308275 0.1985627 0.1213722 0.0866485 0.1273835 0.1140742 0.0469193 0.1207428 0.1065279 0.1245054 0.1092523 0.1192986 0.1210925 0.1134469 0.1102239 0.1138316 0.1152423 0.1140299 0.0666680 0.1186796 0.1185512 0.1215851 0.1235020 0.1211353 0.1207759 0.0993677 0.1152349 0.0826193 0.1330021 0.0936836 0.1169259 0.1185512 0.1261375 0.0919248 0.0964153 0.0878650 0.1141193 0.1168934 0.2877491 0.0890790 0.0809016 0.5039182 0.1117645 0.1210925 0.1262691 0.1166651 0.1194223 0.1195481 0.1177097 0.1049057 0.1048248 9.0000000 0.1120776 0.1326395 0.1185512 0.0685451 
Helianthus_annuus_SRR9119062               0.2052486 0.1249004 0.2147946 0.2686391 0.2580001 0.2428245 0.1358133 0.0000000 0.2559779 0.1903321 0.1957011 0.2079555 0.2077477 0.2016998 0.2018993 0.1979671 0.1483624 0.1748817 0.2046030 0.1970606 0.2098604 0.3119831 0.2102783 0.2089250 0.2036437 0.2149803 0.2262636 0.2811329 0.1716410 0.2158781 0.2289169 0.2460485 0.1978145 0.0724233 0.2420474 0.1997252 0.2367182 0.2138383 0.2064337 0.2077477 0.2086092 0.1808070 0.2196035 0.2359019 0.2051054 0.1910058 0.2080472 0.2095035 0.2221239 0.2101071 0.2041014 0.2102600 0.2122700 0.2007444 0.1452402 0.1399868 0.1375236 0.2103324 0.2081091 0.1757552 0.1263831 0.2618395 0.1222455 0.2205658 0.2174525 0.3754521 0.1959070 0.1644599 1.0157355 0.2032099 0.2102783 0.2428596 0.2041680 0.2005037 0.2073844 0.1680873 0.1941692 0.2283708 9.0000000 0.2062265 0.1449672 0.2093280 0.1714594 
Lycapsus_tenuifolius_17                    0.1559942 0.1233573 0.1647289 0.2243323 0.2396714 0.1825289 0.1377887 0.2559779 0.0000000 0.2164296 0.1427524 0.1988006 0.2035355 0.1603598 0.1881043 0.1935196 0.0914721 0.1389680 0.1524795 0.1824790 0.1946362 0.2789630 0.2253178 0.1575807 0.1995789 0.2128066 0.2031957 0.2250555 0.0554128 0.1629096 0.1908426 0.0035039 0.1936406 0.0572604 0.2200749 0.1837208 0.2064707 0.2020670 0.1979591 0.1981811 0.1891008 0.1480601 0.1418996 0.2166166 0.1855860 0.1151340 0.2245270 0.2032830 0.1934591 0.2076690 0.2173323 0.2232646 0.1568002 0.1932795 0.0991803 0.1452770 0.1346302 0.1654993 0.2176945 0.1388312 0.1166987 0.3042936 0.1388881 0.2151887 0.1923071 0.4110088 0.1979591 0.1597931 0.8188231 0.1619513 0.2240551 0.0690746 0.2091473 0.1894500 0.2223673 0.1310425 0.1818020 0.2114053 0.0196836 0.2003035 0.1499563 0.2045792 0.1175284 
Pericome_caudata_50_silver                 0.1071793 0.0969041 0.1193780 0.1921168 0.2754110 0.1521535 0.1081708 0.1903321 0.2164296 0.0000000 0.1666552 0.1039821 0.0996682 0.1165524 0.0964461 0.0901054 0.0919169 0.1005073 0.0907221 0.0933422 0.1034009 0.2222565 0.1103191 0.1047580 0.1052489 0.1331080 0.1416980 0.2636257 0.1547715 0.1193772 0.1140677 0.1785429 0.0961644 0.0496491 0.1770702 0.0890752 0.1245732 0.1055730 0.0995146 0.0995398 0.1396825 0.1020702 0.1428059 0.1788632 0.0839004 0.0920971 0.1201947 0.1099459 0.1408556 0.1053539 0.1112214 0.1700072 0.0969949 0.1063575 0.0868403 0.1277070 0.0772873 0.1035345 0.1165101 0.1217873 0.0935964 0.2706018 0.0743091 0.1127890 0.1178808 0.3625018 0.1819904 0.0611302 0.8564965 0.0881884 0.1140295 0.1243828 0.1147123 0.1067805 0.1635949 0.0915775 0.0855171 0.1432130 0.0641345 0.1003341 0.0947455 0.0980041 0.0835162 
Perityle_aglossa_84_dead_horse             0.1028020 0.0939087 0.1324487 0.2110990 0.2661052 0.1625278 0.1129493 0.1957011 0.1427524 0.1666552 0.0000000 0.0528625 0.0714571 0.0040896 0.0786912 0.0823309 0.0787206 0.0619934 0.0813779 0.0141519 0.0737483 0.1638651 0.0727911 0.0125797 0.0705039 0.1465902 0.1955504 0.2035998 0.1689112 0.1089971 0.1704997 0.1327599 0.0692518 0.0122423 0.2020910 0.0611628 0.1870833 0.0702777 0.0717146 0.0654209 0.1925145 0.0762003 0.1958388 0.2123408 0.0838641 0.0659227 0.0293324 0.0725476 0.1750493 0.0103817 0.0725773 0.0751557 0.1419921 0.0389954 0.1472980 0.1315721 0.1130620 0.0641523 0.0092592 0.1484484 0.0949867 0.1528833 0.0923874 0.1097558 0.1714953 0.3686438 0.0744017 0.1192406 0.5332130 0.0806009 0.0727253 0.1221114 0.0696047 0.0327093 0.0718296 0.0056310 0.1328528 0.1669384 0.0098106 0.0587741 0.1021223 0.0736353 0.0758883 
Perityle_ajoensis_204                      0.1078226 0.1100939 0.1169864 0.2136337 0.2660975 0.1665478 0.1191576 0.2079555 0.1988006 0.1039821 0.0528625 0.0000000 0.0072814 0.0107751 0.0492910 0.0272917 0.0882446 0.0719944 0.0238623 0.0224851 0.0085186 0.1864917 0.0072994 0.0099011 0.0054545 0.1130593 0.1363978 0.2607038 0.1853097 0.1143217 0.1104811 0.1926583 0.0084358 0.0139038 0.1387125 0.0164262 0.1276282 0.0568852 0.0055706 0.0056205 0.1274347 0.0106788 0.1303455 0.1466803 0.0300974 0.0688154 0.0085475 0.0063599 0.1315666 0.0088229 0.0118984 0.0100804 0.1125881 0.0129012 0.0927183 0.1413137 0.1221063 0.0080422 0.0068867 0.1307304 0.1056292 0.2356026 0.1008255 0.0529649 0.1159044 0.3780619 0.1071822 0.0863084 0.7898854 0.0224447 0.0073055 0.1277761 0.0157556 0.0070814 0.0054695 0.0037093 0.1059136 0.1106879 0.0000010 0.0131297 0.1149095 0.0063576 0.0294484 
Perityle_ambrosiifolia_67_green            0.1099206 0.1098315 0.1186478 0.2150438 0.2925031 0.1660058 0.1210925 0.2077477 0.2035355 0.0996682 0.0714571 0.0072814 0.0000000 0.0080435 0.0460713 0.0276077 0.0879414 0.0702413 0.0202686 0.0202950 0.0097094 0.1763303 0.0025045 0.0054693 0.0067995 0.1136149 0.1389668 0.2649255 0.1849895 0.1138810 0.1157459 0.1971880 0.0086853 0.0138697 0.1462865 0.0132777 0.1404179 0.0536579 0.0017134 0.0009069 0.1386371 0.0101438 0.1351457 0.1565543 0.0298729 0.0673760 0.0093882 0.0078042 0.1338726 0.0028900 0.0109110 0.0068746 0.1109336 0.0098815 0.0954560 0.1387633 0.1215194 0.0068891 0.0068061 0.1289079 0.1030739 0.2374725 0.1001658 0.0511753 0.1220602 0.3761606 0.1106132 0.0861680 0.7809046 0.0196799 0.0033440 0.1288218 0.0205047 0.0060616 0.0067098 0.0037003 0.1041604 0.1050636 0.0543430 0.0099712 0.1145710 0.0075219 0.0404510 
Perityle_angustifolia_13_Eagle_creek       0.1089661 0.0957848 0.1115911 0.2391954 0.2055764 0.1788829 0.1132694 0.2016998 0.1603598 0.1165524 0.0040896 0.0107751 0.0080435 0.0000000 0.0445818 0.0234992 0.0810108 0.0734850 0.0219525 0.0177508 0.0080566 0.1739880 0.0094051 0.0080778 0.0067209 0.1200794 0.1443436 0.2413572 0.1748595 0.1165864 0.1021552 0.1495964 0.0040101 0.0149066 0.1404479 0.0110667 0.1276418 0.0497110 0.0080798 0.0080435 0.1245094 0.0084390 0.1280819 0.1455488 0.0220006 0.0706401 0.0107483 0.0080467 0.1312990 0.0107483 0.0093947 0.0107903 0.1129568 0.0026812 0.0841235 0.1298931 0.1170510 0.0080831 0.0080793 0.1261303 0.0973639 0.1642651 0.0986902 0.0540929 0.1141804 0.3699210 0.0849011 0.0825089 0.5627748 0.0192570 0.0094051 0.1386599 0.0067435 0.0094537 0.0081016 0.0037599 0.1052435 0.1204424 0.0000010 0.0040312 0.1047204 0.0093982 0.0194208 
Perityle_batopilensis_97                   0.1083192 0.1089630 0.1078942 0.2158591 0.2431445 0.1652073 0.1059531 0.2018993 0.1881043 0.0964461 0.0786912 0.0492910 0.0460713 0.0445818 0.0000000 0.0354879 0.0847463 0.0664081 0.0365010 0.0282463 0.0482382 0.1782775 0.0461962 0.0443617 0.0451411 0.1015229 0.1324578 0.2516668 0.1801677 0.1169860 0.1078502 0.1791426 0.0420176 0.0209940 0.1340127 0.0334339 0.1232226 0.0089632 0.0442096 0.0450363 0.1206373 0.0483842 0.1240612 0.1413066 0.0320870 0.0707790 0.0475720 0.0461080 0.1250713 0.0447230 0.0461289 0.0483020 0.0968624 0.0450633 0.0878517 0.1279791 0.1051462 0.0467092 0.0439555 0.1193547 0.0889989 0.2152650 0.0898181 0.0609380 0.1165916 0.3754162 0.0848908 0.0807609 0.7238871 0.0348174 0.0461569 0.1206615 0.0452804 0.0440272 0.0452785 0.0305445 0.1014333 0.1032235 0.0000010 0.0411753 0.1037060 0.0460887 0.0237731 
Perityle_bisetosa_9                        0.0986275 0.1062170 0.1070075 0.2070381 0.2851564 0.1539784 0.1185470 0.1979671 0.1935196 0.0901054 0.0823309 0.0272917 0.0276077 0.0234992 0.0354879 0.0000000 0.0813860 0.0652767 0.0067806 0.0042769 0.0245516 0.1610360 0.0269615 0.0237133 0.0236000 0.1048584 0.1241105 0.2543913 0.1744795 0.1092045 0.1129561 0.1845965 0.0219277 0.0123461 0.1351095 0.0057398 0.1323551 0.0400563 0.0234459 0.0215870 0.1262792 0.0240474 0.1294638 0.1478737 0.0123054 0.0614551 0.0299837 0.0258972 0.1241398 0.0288746 0.0252791 0.0274608 0.1025719 0.0234114 0.0892091 0.1303076 0.1157574 0.0244379 0.0270074 0.1268613 0.0963476 0.2281899 0.0967541 0.0596797 0.1177973 0.3849725 0.1059537 0.0775573 0.7448096 0.0065912 0.0278166 0.1193718 0.0389346 0.0229251 0.0249546 0.0229043 0.0958489 0.1016664 0.0543430 0.0195407 0.1093326 0.0251738 0.0329785 
Perityle_californica_76_positas            0.0723715 0.0627804 0.0832881 0.1362927 0.1404261 0.1244083 0.0793476 0.1483624 0.0914721 0.0919169 0.0787206 0.0882446 0.0879414 0.0810108 0.0847463 0.0813860 0.0000000 0.0931072 0.0792603 0.0749299 0.0897324 0.1918674 0.0861141 0.0862840 0.0878381 0.0992796 0.0977556 0.1118381 0.0943050 0.0783141 0.0718185 0.0832933 0.0859212 0.0303278 0.0887739 0.0724479 0.0933795 0.0917949 0.0861141 0.0879414 0.0769356 0.0828868 0.0793369 0.0834393 0.0770129 0.0092270 0.0899650 0.0897324 0.0831971 0.0900121 0.0879572 0.0880835 0.0940258 0.0883181 0.0552937 0.0971916 0.0874774 0.0903154 0.0860761 0.0976484 0.0763571 0.1022207 0.0680548 0.0797140 0.0832791 0.2759688 0.0615224 0.0479615 0.4605266 0.0793219 0.0861141 0.0855302 0.0879919 0.0906231 0.0907554 0.0737760 0.0805006 0.0681908 9.0000000 0.0870342 0.0846648 0.0897324 0.0421400 
Perityle_canescens_77                      0.1116505 0.1052284 0.1130475 0.1930998 0.1360610 0.1628898 0.1303097 0.1748817 0.1389680 0.1005073 0.0619934 0.0719944 0.0702413 0.0734850 0.0664081 0.0652767 0.0931072 0.0000000 0.0667730 0.0606164 0.0673871 0.1903966 0.0703689 0.0705631 0.0673803 0.1314245 0.1320556 0.1507945 0.2025928 0.1202842 0.0972953 0.1360181 0.0658209 0.0489361 0.1065514 0.0601054 0.1110970 0.0701850 0.0703335 0.0702413 0.0982832 0.0650022 0.1004505 0.1040641 0.0622640 0.0638371 0.0717512 0.0672987 0.1003724 0.0717691 0.0717625 0.0719406 0.1209627 0.0661826 0.0757263 0.1494887 0.1311679 0.0676255 0.0675017 0.1161165 0.1089220 0.1154932 0.1182632 0.0703608 0.1036129 0.3551035 0.0801018 0.0703296 0.7151389 0.0638922 0.0703689 0.1342175 0.0676866 0.0677163 0.0675838 0.0524479 0.0953252 0.0991209 0.0303491 0.0629875 0.1198359 0.0672987 0.0426599 
Perityle_castillonii_96                    0.0966747 0.1022667 0.1060065 0.2083682 0.2769370 0.1558239 0.1159097 0.2046030 0.1524795 0.0907221 0.0813779 0.0238623 0.0202686 0.0219525 0.0365010 0.0067806 0.0792603 0.0667730 0.0000000 0.0045169 0.0222388 0.1670305 0.0203362 0.0224151 0.0174180 0.1070221 0.1282156 0.2240775 0.1673210 0.1080630 0.1089431 0.1435318 0.0173913 0.0105286 0.1354072 0.0030612 0.1316264 0.0403791 0.0183695 0.0190428 0.1238725 0.0208137 0.1285020 0.1408872 0.0115821 0.0581178 0.0228251 0.0208161 0.1207115 0.0236293 0.0193186 0.0215617 0.1002620 0.0214113 0.0869689 0.1281366 0.1140383 0.0223623 0.0226445 0.1163152 0.0915013 0.1745184 0.0909300 0.0536595 0.1137818 0.3821102 0.0763379 0.0785120 0.6396541 0.0009580 0.0212767 0.1198126 0.0193619 0.0206456 0.0183857 0.0209807 0.0963350 0.0954801 0.0543430 0.0150288 0.1003831 0.0192745 0.0310366 
Perityle_cernua_84                         0.0964720 0.0999591 0.0999109 0.2071761 0.2007059 0.1526516 0.1135620 0.1970606 0.1824790 0.0933422 0.0141519 0.0224851 0.0202950 0.0177508 0.0282463 0.0042769 0.0749299 0.0606164 0.0045169 0.0000000 0.0214032 0.1753651 0.0203338 0.0195130 0.0192420 0.0944025 0.1205998 0.2503757 0.1718640 0.1034699 0.0934310 0.1748109 0.0160193 0.0069753 0.1139936 0.0042889 0.1084254 0.0334409 0.0182209 0.0192118 0.1032427 0.0240754 0.1075722 0.1263857 0.0063806 0.0565864 0.0213839 0.0202938 0.1081400 0.0213840 0.0203420 0.0214520 0.0907154 0.0193303 0.0720803 0.1258100 0.1096146 0.0191453 0.0203593 0.1139088 0.0887666 0.1990420 0.0874233 0.0482803 0.0976142 0.3789988 0.0752247 0.0678224 0.7129672 0.0033262 0.0203153 0.1155701 0.0182150 0.0195407 0.0193044 0.0151474 0.0888068 0.0956324 0.0000010 0.0149791 0.1014427 0.0202849 0.0105465 
Perityle_cfvillosa_25_tin                  0.1112677 0.1097343 0.1184509 0.2170200 0.2821556 0.1681161 0.1185512 0.2098604 0.1946362 0.1034009 0.0737483 0.0085186 0.0097094 0.0080566 0.0482382 0.0245516 0.0897324 0.0673871 0.0222388 0.0214032 0.0000000 0.1807412 0.0088479 0.0076862 0.0053318 0.1142322 0.1398035 0.2604463 0.1841753 0.1158279 0.1184731 0.1895022 0.0097443 0.0174314 0.1448432 0.0162777 0.1413423 0.0537836 0.0079649 0.0073541 0.1329998 0.0101409 0.1388252 0.1518168 0.0280412 0.0701757 0.0059195 0.0017099 0.1318048 0.0081633 0.0123963 0.0090034 0.1146892 0.0108976 0.0982553 0.1386157 0.1236016 0.0009224 0.0009586 0.1289050 0.1027780 0.2151220 0.1001658 0.0530787 0.1248976 0.3758621 0.0884158 0.0975622 0.7215588 0.0207934 0.0097284 0.1261572 0.0061801 0.0030258 0.0035259 0.0018452 0.1130670 0.1061802 0.0543430 0.0110921 0.1094129 0.0043855 0.0405332 
Perityle_cinerea_113_Powell1310            0.2629940 0.2344832 0.2831790 0.2996541 0.2755608 0.2496324 0.2627480 0.3119831 0.2789630 0.2222565 0.1638651 0.1864917 0.1763303 0.1739880 0.1782775 0.1610360 0.1918674 0.1903966 0.1670305 0.1753651 0.1807412 0.0000000 0.1763303 0.1777198 0.1807412 0.2440464 0.2694925 0.2741690 0.1909953 0.2604615 0.2404909 0.2692682 0.1763303 0.1717593 0.2663581 0.1691190 0.2476273 0.1807497 0.1763303 0.1763303 0.2549016 0.1763636 0.2671817 0.2146328 0.1722894 0.1928793 0.1763303 0.1807412 0.2629481 0.1763303 0.1763303 0.1854185 0.2424939 0.1722924 0.2309678 0.2814097 0.2559270 0.1807412 0.1807412 0.2477643 0.2630774 0.2353572 0.2476821 0.1868749 0.2472462 0.4478988 0.2153721 0.2045082 9.0000000 0.1726476 0.1763303 0.2644667 0.1807412 0.1869449 0.1824455 0.1800164 0.2283251 0.2352271 0.1122511 0.1710120 0.2597533 0.1807412 0.1719541 
Perityle_coahuilensis_24                   0.1102536 0.1098315 0.1189870 0.2153492 0.2893148 0.1676250 0.1210925 0.2102783 0.2253178 0.1103191 0.0727911 0.0072994 0.0025045 0.0094051 0.0461962 0.0269615 0.0861141 0.0703689 0.0203362 0.0203338 0.0088479 0.1763303 0.0000000 0.0065889 0.0068582 0.1531030 0.1375685 0.2912523 0.1849895 0.1185719 0.1137787 0.2003393 0.0070036 0.0138697 0.1880707 0.0133119 0.1405255 0.0538022 0.0007949 0.0009092 0.1324149 0.0101750 0.1344191 0.2104990 0.0290634 0.0674611 0.0111871 0.0092684 0.1287828 0.0027588 0.0107167 0.1071944 0.1113076 0.0099080 0.0957133 0.1387633 0.1218008 0.0079000 0.0074206 0.1290598 0.1030739 0.2955237 0.1001658 0.0634583 0.1254384 0.3743490 0.2064398 0.0900226 0.7966917 0.0187904 0.0012822 0.1289670 0.0218365 0.0060782 0.0807774 0.0037089 0.1044626 0.1650416 0.0543430 0.0099957 0.1265251 0.0064053 0.0387833 
Perityle_cochisensis_44_cave_creek         0.1067699 0.1023132 0.1115808 0.2118140 0.2127047 0.1664854 0.1191919 0.2089250 0.1575807 0.1047580 0.0125797 0.0099011 0.0054693 0.0080778 0.0443617 0.0237133 0.0862840 0.0705631 0.0224151 0.0195130 0.0076862 0.1777198 0.0065889 0.0000000 0.0043849 0.1144667 0.1376058 0.2215101 0.1801393 0.1135575 0.1081730 0.1476827 0.0065872 0.0157080 0.1318311 0.0124009 0.1209558 0.0485078 0.0054893 0.0054693 0.1220293 0.0081315 0.1252151 0.1449730 0.0213059 0.0680023 0.0076720 0.0065752 0.1272847 0.0077683 0.0099005 0.0077120 0.1074629 0.0099388 0.0880374 0.1351728 0.1182192 0.0065995 0.0066991 0.1200072 0.1014157 0.1818089 0.1006151 0.0499430 0.1146108 0.3814278 0.0844739 0.0858284 0.6614827 0.0213780 0.0065828 0.1248484 0.0043970 0.0066355 0.0055014 0.0018536 0.1082747 0.1035207 0.0000010 0.0099419 0.1088160 0.0065722 0.0231436 
Perityle_congesta_202                      0.1089895 0.1061053 0.1187797 0.2135168 0.2857066 0.1646163 0.1165247 0.2036437 0.1995789 0.1052489 0.0705039 0.0054545 0.0067995 0.0067209 0.0451411 0.0236000 0.0878381 0.0673803 0.0174180 0.0192420 0.0053318 0.1807412 0.0068582 0.0043849 0.0000000 0.1008329 0.1350104 0.2621590 0.1841753 0.1161190 0.1117148 0.1929119 0.0061742 0.0138754 0.1552852 0.0123479 0.1388400 0.0527469 0.0043691 0.0036401 0.1338694 0.0060672 0.1353813 0.1604607 0.0265367 0.0674278 0.0065854 0.0053666 0.1292439 0.0064485 0.0113649 0.0680463 0.1100671 0.0089074 0.0941783 0.1345654 0.1198790 0.0039319 0.0033892 0.1274990 0.1010039 0.2414685 0.1001658 0.0477637 0.1216152 0.3712813 0.1699432 0.0872078 0.7694981 0.0161945 0.0083859 0.1250583 0.0198416 0.0020167 0.0583818 0.0000010 0.1032596 0.1141267 0.0543430 0.0090778 0.1289807 0.0024829 0.0366269 
Perityle_cordifolia_27                     0.1037896 0.1289147 0.1107439 0.1958489 0.2640782 0.1563631 0.1052235 0.2149803 0.2128066 0.1331080 0.1465902 0.1130593 0.1136149 0.1200794 0.1015229 0.1048584 0.0992796 0.1314245 0.1070221 0.0944025 0.1142322 0.2440464 0.1531030 0.1144667 0.1008329 0.0000000 0.1370573 0.2427524 0.1442178 0.1306412 0.1174203 0.1910402 0.1073279 0.0716883 0.3194417 0.0977443 0.1359165 0.1092740 0.1097923 0.1108217 0.1357147 0.1225982 0.1363374 0.1853937 0.1005210 0.0974561 0.1257803 0.1028403 0.1401617 0.1082903 0.1179823 0.2043738 0.0102164 0.1138032 0.0962566 0.1474556 0.0149532 0.1200640 0.1149115 0.1333559 0.1173763 0.2201470 0.0025214 0.1668716 0.1213133 0.3221133 0.2359752 0.0838707 0.6864907 0.1060390 0.1341444 0.1281918 0.1267656 0.1154939 0.1836782 0.1106823 0.1080076 0.1607938 0.0297843 0.1105093 0.1356324 0.1138042 0.0657789 
Perityle_cordifolia_68_tecolote            0.0840180 0.0924879 0.0927959 0.1907387 0.2752391 0.1684237 0.1283533 0.2262636 0.2031957 0.1416980 0.1955504 0.1363978 0.1389668 0.1443436 0.1324578 0.1241105 0.0977556 0.1320556 0.1282156 0.1205998 0.1398035 0.2694925 0.1375685 0.1376058 0.1350104 0.1370573 0.0000000 0.2609608 0.1814667 0.1337583 0.1163398 0.2055901 0.1317999 0.0581129 0.1413449 0.1181837 0.1558450 0.1389830 0.1340073 0.1335817 0.1275504 0.1426220 0.1307238 0.1429876 0.1220960 0.0899137 0.1405583 0.1367298 0.1320655 0.1368500 0.1362565 0.1662631 0.1344795 0.1374350 0.1013524 0.0051868 0.1431507 0.1419119 0.1311302 0.1228267 0.1040530 0.3000378 0.1286465 0.1325998 0.1371868 0.3626112 0.1731533 0.1009790 0.8452350 0.1261881 0.1386045 0.1361611 0.1529655 0.1398127 0.1606543 0.1265451 0.1296144 0.1230462 0.0194445 0.1309455 0.1481366 0.1384908 0.0958749 
Perityle_crassifolia_70_ventanas           0.2212413 0.1251816 0.2288099 0.2537873 0.2949702 0.2325839 0.1308275 0.2811329 0.2250555 0.2636257 0.2035998 0.2607038 0.2649255 0.2413572 0.2516668 0.2543913 0.1118381 0.1507945 0.2240775 0.2503757 0.2604463 0.2741690 0.2912523 0.2215101 0.2621590 0.2427524 0.2609608 0.0000000 0.0602530 0.2243198 0.2448545 0.1589683 0.2597204 0.0583442 0.2674389 0.2515723 0.2567812 0.2614318 0.2589052 0.2621137 0.2440640 0.2093565 0.2203859 0.2407746 0.2530090 0.1754378 0.2920270 0.2629493 0.2539577 0.2666006 0.2837671 0.2464864 0.2218806 0.2659923 0.1241821 0.1453136 0.1385626 0.2340512 0.2851282 0.1395878 0.1145809 0.2619073 0.1254725 0.2904683 0.2583020 0.4599771 0.2664127 0.1962801 0.6780616 0.2326506 0.2915468 0.1170344 0.2702117 0.2596977 0.2474644 0.1686095 0.2285985 0.2356246 0.0126256 0.2606380 0.1402701 0.2645797 0.1871438 
Perityle_crassifolia_74_playa_balandra     0.1447836 0.1369732 0.1632424 0.2145624 0.1691746 0.1846878 0.1985627 0.1716410 0.0554128 0.1547715 0.1689112 0.1853097 0.1849895 0.1748595 0.1801677 0.1744795 0.0943050 0.2025928 0.1673210 0.1718640 0.1841753 0.1909953 0.1849895 0.1801393 0.1841753 0.1442178 0.1814667 0.0602530 0.0000000 0.1729044 0.1284121 0.0514315 0.1849895 0.1047382 0.1487072 0.1703047 0.1746459 0.1846820 0.1801757 0.1849895 0.1392057 0.1793802 0.1426487 0.1371025 0.1583639 0.0897748 0.1849895 0.1841753 0.1443898 0.1849895 0.1849895 0.1897785 0.1461525 0.1849895 0.1530786 0.1869830 0.1390573 0.1788804 0.1841753 0.1728385 0.1703588 0.1463191 0.1345259 0.1797987 0.1593085 0.3466540 0.1395085 0.1158954 9.0000000 0.1688706 0.1849895 0.0552699 0.1841753 0.1916512 0.1862569 0.1875422 0.1678931 0.1439112 9.0000000 0.1785491 0.1852777 0.1841753 0.1502756 
Perityle_cuneata_34_cuneata_San_antonio    0.0902696 0.1094088 0.1014443 0.1936092 0.2265936 0.1434655 0.1213722 0.2158781 0.1629096 0.1193772 0.1089971 0.1143217 0.1138810 0.1165864 0.1169860 0.1092045 0.0783141 0.1202842 0.1080630 0.1034699 0.1158279 0.2604615 0.1185719 0.1135575 0.1161190 0.1306412 0.1337583 0.2243198 0.1729044 0.0000000 0.1090243 0.1513934 0.1092218 0.0523463 0.1292726 0.0961672 0.1378850 0.1211174 0.1093698 0.1121974 0.1201291 0.1163965 0.1120455 0.1376326 0.1085509 0.0757698 0.1221555 0.1182033 0.1236958 0.1197002 0.1127972 0.1461466 0.1206042 0.1124511 0.0835074 0.1266984 0.1147154 0.1163032 0.1161367 0.1325898 0.1090432 0.2379434 0.1091575 0.1137127 0.1096539 0.3906993 0.1505150 0.0917276 0.8568563 0.1067173 0.1176321 0.1219154 0.1360413 0.1129400 0.1411191 0.1039000 0.1109374 0.1139830 0.0392305 0.1128888 0.1186619 0.1177223 0.0723072 
Perityle_cuneata_4                         0.0871426 0.0748441 0.1003668 0.1775773 0.3051033 0.1509196 0.0866485 0.2289169 0.1908426 0.1140677 0.1704997 0.1104811 0.1157459 0.1021552 0.1078502 0.1129561 0.0718185 0.0972953 0.1089431 0.0934310 0.1184731 0.2404909 0.1137787 0.1081730 0.1117148 0.1174203 0.1163398 0.2448545 0.1284121 0.1090243 0.0000000 0.1824219 0.1127603 0.0452916 0.1300810 0.1007899 0.1455363 0.1148715 0.1138383 0.1093846 0.1256399 0.1152473 0.1278294 0.1375460 0.1004856 0.0579467 0.1122711 0.1067398 0.1150689 0.1030670 0.1125937 0.1334135 0.1130344 0.1121464 0.0936690 0.1012070 0.1089810 0.1114918 0.1012030 0.1098538 0.0784791 0.2543717 0.0783203 0.1198589 0.1261833 0.3649095 0.1289508 0.0764842 0.7862309 0.1065229 0.1148411 0.1197127 0.1340627 0.1104482 0.1240963 0.0765525 0.1103070 0.1009062 0.1147272 0.1098446 0.0855919 0.1137349 0.0735454 
Perityle_discoidea_81                      0.1476530 0.1147040 0.1539571 0.2190541 0.2356285 0.1785046 0.1273835 0.2460485 0.0035039 0.1785429 0.1327599 0.1926583 0.1971880 0.1495964 0.1791426 0.1845965 0.0832933 0.1360181 0.1435318 0.1748109 0.1895022 0.2692682 0.2003393 0.1476827 0.1929119 0.1910402 0.2055901 0.1589683 0.0514315 0.1513934 0.1824219 0.0000000 0.1883636 0.0557631 0.2010454 0.1774892 0.1930342 0.1931074 0.1932281 0.1934628 0.1901453 0.1353307 0.1409042 0.1988737 0.1796167 0.1048992 0.1988211 0.1968022 0.1923587 0.2001357 0.1962481 0.1976548 0.1554913 0.1881196 0.0943285 0.1361591 0.1274122 0.1590026 0.1943137 0.1369225 0.1042310 0.2643239 0.1230981 0.1876442 0.1931132 0.4052947 0.1638451 0.1388466 0.7145289 0.1539405 0.1991598 0.0697513 0.2032095 0.1839357 0.1983314 0.1210127 0.1667207 0.1886969 0.0138176 0.1939920 0.1365530 0.1983247 0.1219327 
Perityle_dissecta_201                      0.1053987 0.1041177 0.1143736 0.2133929 0.2788224 0.1626844 0.1140742 0.1978145 0.1936406 0.0961644 0.0692518 0.0084358 0.0086853 0.0040101 0.0420176 0.0219277 0.0859212 0.0658209 0.0173913 0.0160193 0.0097443 0.1763303 0.0070036 0.0065872 0.0061742 0.1073279 0.1317999 0.2597204 0.1849895 0.1092218 0.1127603 0.1883636 0.0000000 0.0121398 0.1385393 0.0104381 0.1334199 0.0489934 0.0064417 0.0045544 0.1283829 0.0091267 0.1334675 0.1473152 0.0232730 0.0647852 0.0068358 0.0062958 0.1254023 0.0070513 0.0070566 0.0071216 0.1076611 0.0039370 0.0914864 0.1324244 0.1156239 0.0078992 0.0060830 0.1244723 0.0964628 0.2104468 0.0972592 0.0643924 0.1190068 0.4440197 0.0860314 0.0816725 0.7171204 0.0159502 0.0077787 0.1239581 0.0068589 0.0050500 0.0060759 0.0036987 0.0998335 0.0984959 0.0547632 0.0045548 0.1071545 0.0067699 0.0348396 
Perityle_emoryi_47_punta_san_jose          0.0284086 0.0356135 0.0354027 0.1065464 0.0600230 0.0919599 0.0469193 0.0724233 0.0572604 0.0496491 0.0122423 0.0139038 0.0138697 0.0149066 0.0209940 0.0123461 0.0303278 0.0489361 0.0105286 0.0069753 0.0174314 0.1717593 0.0138697 0.0157080 0.0138754 0.0716883 0.0581129 0.0583442 0.1047382 0.0523463 0.0452916 0.0557631 0.0121398 0.0000000 0.0555831 0.0070824 0.0685553 0.0261567 0.0139000 0.0138697 0.0465750 0.0139878 0.0469436 0.0535574 0.0070298 0.0238448 0.0138754 0.0174036 0.0522573 0.0138697 0.0156146 0.0156946 0.0607411 0.0121660 0.0386047 0.0562913 0.0609093 0.0174294 0.0174673 0.0748526 0.0540008 0.0452551 0.0425367 0.0370245 0.0532314 0.1758643 0.0290421 0.0239412 0.3819063 0.0088152 0.0138697 0.0531925 0.0139278 0.0157476 0.0157193 0.0111582 0.0482455 0.0444384 0.0000010 0.0121118 0.0526802 0.0156297 0.0000010 
Perityle_feddemae_99                       0.1056783 0.0871382 0.1288451 0.1758770 0.3168619 0.1600068 0.1207428 0.2420474 0.2200749 0.1770702 0.2020910 0.1387125 0.1462865 0.1404479 0.1340127 0.1351095 0.0887739 0.1065514 0.1354072 0.1139936 0.1448432 0.2663581 0.1880707 0.1318311 0.1552852 0.3194417 0.1413449 0.2674389 0.1487072 0.1292726 0.1300810 0.2010454 0.1385393 0.0555831 0.0000000 0.1234541 0.1223809 0.1409479 0.1406840 0.1364801 0.0167001 0.1479929 0.0186070 0.2936907 0.1299679 0.0651926 0.1747082 0.1593797 0.0230334 0.1337514 0.1725109 0.2729114 0.1447973 0.1314296 0.0843217 0.1266298 0.1261213 0.1443556 0.1638874 0.1152685 0.1036112 0.2975082 0.1195910 0.1915327 0.1083984 0.3663650 0.2223802 0.1102875 0.8236138 0.1330375 0.1742222 0.1190244 0.1585011 0.1367777 0.2197815 0.1161943 0.1255304 0.1998756 0.0536810 0.1329457 0.1396273 0.1446099 0.1046651 
Perityle_fosteri_93                        0.0954772 0.1001341 0.1041061 0.2052928 0.2648092 0.1531695 0.1065279 0.1997252 0.1837208 0.0890752 0.0611628 0.0164262 0.0132777 0.0110667 0.0334339 0.0057398 0.0724479 0.0601054 0.0030612 0.0042889 0.0162777 0.1691190 0.0133119 0.0124009 0.0123479 0.0977443 0.1181837 0.2515723 0.1703047 0.0961672 0.1007899 0.1774892 0.0104381 0.0070824 0.1234541 0.0000000 0.1147818 0.0386194 0.0114156 0.0123208 0.1093155 0.0172424 0.1151364 0.1313317 0.0095176 0.0546408 0.0151217 0.0142424 0.1150244 0.0145624 0.0142609 0.0152609 0.0966914 0.0152153 0.0807094 0.1199740 0.1097626 0.0142492 0.0136124 0.1167778 0.0886176 0.2019505 0.0836986 0.0448675 0.1037204 0.3745466 0.0744091 0.0709519 0.7115950 0.0020048 0.0133119 0.1145808 0.0123840 0.0135059 0.0123835 0.0038446 0.0890868 0.0965986 0.0000010 0.0095071 0.0986584 0.0132826 0.0198911 
Perityle_gamon_221                         0.1157080 0.0998315 0.1312605 0.2086269 0.2984344 0.1809240 0.1245054 0.2367182 0.2064707 0.1245732 0.1870833 0.1276282 0.1404179 0.1276418 0.1232226 0.1323551 0.0933795 0.1110970 0.1316264 0.1084254 0.1413423 0.2476273 0.1405255 0.1209558 0.1388400 0.1359165 0.1558450 0.2567812 0.1746459 0.1378850 0.1455363 0.1930342 0.1334199 0.0685553 0.1223809 0.1147818 0.0000000 0.1263932 0.1376670 0.1303428 0.1102404 0.1325874 0.1060320 0.1478078 0.1273951 0.0859574 0.1309992 0.1364992 0.1164553 0.1256590 0.1391027 0.1598080 0.1294758 0.1205741 0.0631336 0.1369588 0.1139541 0.1310137 0.1212301 0.0935478 0.0801232 0.2225415 0.1032872 0.1368195 0.0955809 0.3917979 0.0986130 0.0795922 0.8022980 0.1314114 0.1414390 0.1357791 0.1532618 0.1212143 0.1600711 0.0928711 0.0982054 0.1353997 0.0537234 0.1270095 0.0911041 0.1387600 0.1000150 
Perityle_gentryi_8_san_francisco           0.1122139 0.1153766 0.1154522 0.2198102 0.2393690 0.1708571 0.1092523 0.2138383 0.2020670 0.1055730 0.0702777 0.0568852 0.0536579 0.0497110 0.0089632 0.0400563 0.0917949 0.0701850 0.0403791 0.0334409 0.0537836 0.1807497 0.0538022 0.0485078 0.0527469 0.1092740 0.1389830 0.2614318 0.1846820 0.1211174 0.1148715 0.1931074 0.0489934 0.0261567 0.1409479 0.0386194 0.1263932 0.0000000 0.0518352 0.0521711 0.1290314 0.0515484 0.1277084 0.1495031 0.0387818 0.0756078 0.0540819 0.0537003 0.1359005 0.0515124 0.0527558 0.0550748 0.1057829 0.0504493 0.0912622 0.1388866 0.1156956 0.0507289 0.0508147 0.1286111 0.1009616 0.2221335 0.0945027 0.0696413 0.1227389 0.3791436 0.1066642 0.0856709 0.7459559 0.0386003 0.0538513 0.1298170 0.0519854 0.0489802 0.0529062 0.0359488 0.1078443 0.1126190 0.0000010 0.0488340 0.1145480 0.0536779 0.0290329 
Perityle_gilensis_22_Superstition          0.1068460 0.1083334 0.1157670 0.2110515 0.2870170 0.1631040 0.1192986 0.2064337 0.1979591 0.0995146 0.0717146 0.0055706 0.0017134 0.0080798 0.0442096 0.0234459 0.0861141 0.0703335 0.0183695 0.0182209 0.0079649 0.1763303 0.0007949 0.0054893 0.0043691 0.1097923 0.1340073 0.2589052 0.1801757 0.1093698 0.1138383 0.1932281 0.0064417 0.0139000 0.1406840 0.0114156 0.1376670 0.0518352 0.0000000 0.0000010 0.1304339 0.0101784 0.1343728 0.1526012 0.0266762 0.0647691 0.0058085 0.0062506 0.1276744 0.0019923 0.0087819 0.0053080 0.1089464 0.0089275 0.0943549 0.1372123 0.1200159 0.0069119 0.0050235 0.1264484 0.1013108 0.2184683 0.1004147 0.0599647 0.1223939 0.3761495 0.0980594 0.0834194 0.7377309 0.0169047 0.0015903 0.1255753 0.0051195 0.0050702 0.0042977 0.0037152 0.1012022 0.1008872 0.0543430 0.0090967 0.1079906 0.0050293 0.0376763 
Perityle_gilensis_salensis_225             0.1087059 0.1098315 0.1174933 0.2150438 0.2714321 0.1660058 0.1210925 0.2077477 0.1981811 0.0995398 0.0654209 0.0056205 0.0009069 0.0080435 0.0450363 0.0215870 0.0879414 0.0702413 0.0190428 0.0192118 0.0073541 0.1763303 0.0009092 0.0054693 0.0036401 0.1108217 0.1335817 0.2621137 0.1849895 0.1121974 0.1093846 0.1934628 0.0045544 0.0138697 0.1364801 0.0123208 0.1303428 0.0521711 0.0000010 0.0000000 0.1239723 0.0092999 0.1296694 0.1443584 0.0242570 0.0673760 0.0058627 0.0054582 0.1256028 0.0020115 0.0082151 0.0045638 0.1109336 0.0088870 0.0954560 0.1387633 0.1215194 0.0068891 0.0050722 0.1289079 0.1030739 0.2167394 0.1001658 0.0490624 0.1191043 0.3761606 0.0900930 0.0852602 0.7398120 0.0177501 0.0009092 0.1274999 0.0036503 0.0050468 0.0036501 0.0037003 0.1030023 0.1017121 0.0000010 0.0073307 0.1120851 0.0045451 0.0380464 
Perityle_glaucescens_94                    0.0964000 0.0752640 0.1154330 0.1657025 0.2975658 0.1452298 0.1134469 0.2086092 0.1891008 0.1396825 0.1925145 0.1274347 0.1386371 0.1245094 0.1206373 0.1262792 0.0769356 0.0982832 0.1238725 0.1032427 0.1329998 0.2549016 0.1324149 0.1220293 0.1338694 0.1357147 0.1275504 0.2440640 0.1392057 0.1201291 0.1256399 0.1901453 0.1283829 0.0465750 0.0167001 0.1093155 0.1102404 0.1290314 0.1304339 0.1239723 0.0000000 0.1329052 0.0040678 0.0804513 0.1209927 0.0541732 0.1323134 0.1306517 0.0081941 0.1258723 0.1342775 0.1605809 0.1280963 0.1191111 0.0691714 0.1199773 0.1181832 0.1279583 0.1216353 0.1046235 0.0942766 0.2414224 0.1176370 0.1302247 0.0951359 0.3520189 0.1522017 0.0970424 0.8280084 0.1218210 0.1334940 0.1111216 0.1482684 0.1240128 0.1581371 0.1069628 0.1099852 0.0891478 0.0446025 0.1192858 0.1238611 0.1348098 0.0845886 
Perityle_gracilis_11                       0.1093959 0.0935667 0.1185732 0.2071047 0.2455646 0.1671351 0.1102239 0.1808070 0.1480601 0.1020702 0.0762003 0.0106788 0.0101438 0.0084390 0.0483842 0.0240474 0.0828868 0.0650022 0.0208137 0.0240754 0.0101409 0.1763636 0.0101750 0.0081315 0.0060672 0.1225982 0.1426220 0.2093565 0.1793802 0.1163965 0.1152473 0.1353307 0.0091267 0.0139878 0.1479929 0.0172424 0.1325874 0.0515484 0.0101784 0.0092999 0.1329052 0.0000000 0.1359582 0.1488858 0.0270302 0.0709205 0.0078293 0.0091743 0.1344603 0.0116328 0.0132110 0.0122339 0.1159791 0.0132606 0.0948702 0.1315267 0.1151914 0.0084363 0.0081750 0.1205326 0.0951842 0.1629798 0.0955611 0.0523318 0.1243467 0.3521552 0.0799516 0.0897947 0.9224167 0.0198451 0.0101662 0.1331265 0.0081306 0.0078038 0.0071110 0.0000010 0.1081533 0.1069224 0.0278307 0.0114319 0.1043409 0.0070747 0.0452699 
Perityle_harkerae_31                       0.0983806 0.0776727 0.1191185 0.1690628 0.2907219 0.1476102 0.1138316 0.2196035 0.1418996 0.1428059 0.1958388 0.1303455 0.1351457 0.1280819 0.1240612 0.1294638 0.0793369 0.1004505 0.1285020 0.1075722 0.1388252 0.2671817 0.1344191 0.1252151 0.1353813 0.1363374 0.1307238 0.2203859 0.1426487 0.1120455 0.1278294 0.1409042 0.1334675 0.0469436 0.0186070 0.1151364 0.1060320 0.1277084 0.1343728 0.1296694 0.0040678 0.1359582 0.0000000 0.0802047 0.1208354 0.0568985 0.1307926 0.1328240 0.0032202 0.1231781 0.1366029 0.1385248 0.1329774 0.1256461 0.0722518 0.1206886 0.1188617 0.1339753 0.1208629 0.1047889 0.0972380 0.1901781 0.1182934 0.1319190 0.1017373 0.3553731 0.0996272 0.0999712 0.8010412 0.1247261 0.1353976 0.1163788 0.1365523 0.1295068 0.1343945 0.1095384 0.1189706 0.0818395 0.0450596 0.1247496 0.1142155 0.1363267 0.0883064 
Perityle_hofmeisteria_4_nombre_de_dios     0.1249637 0.0949506 0.1336871 0.1853295 0.3328473 0.1710109 0.1152423 0.2359019 0.2166166 0.1788632 0.2123408 0.1466803 0.1565543 0.1455488 0.1413066 0.1478737 0.0834393 0.1040641 0.1408872 0.1263857 0.1518168 0.2146328 0.2104990 0.1449730 0.1604607 0.1853937 0.1429876 0.2407746 0.1371025 0.1376326 0.1375460 0.1988737 0.1473152 0.0535574 0.2936907 0.1313317 0.1478078 0.1495031 0.1526012 0.1443584 0.0804513 0.1488858 0.0802047 0.0000000 0.1407970 0.0782496 0.1872879 0.1604417 0.0825534 0.1475942 0.1774541 0.2389578 0.1412375 0.1412126 0.0723798 0.1236641 0.1190008 0.1422935 0.1749152 0.1061362 0.0888396 0.2395553 0.1101761 0.2218225 0.1109578 0.3626049 0.2421930 0.1096315 0.8823969 0.1407251 0.1960493 0.1228570 0.1688301 0.1455429 0.2136174 0.1140210 0.1267634 0.1080755 0.0353992 0.1420589 0.1301683 0.1545622 0.1126781 
Perityle_huecosensis_48                    0.1003903 0.1020916 0.1060149 0.2083945 0.2878672 0.1585653 0.1140299 0.2051054 0.1855860 0.0839004 0.0838641 0.0300974 0.0298729 0.0220006 0.0320870 0.0123054 0.0770129 0.0622640 0.0115821 0.0063806 0.0280412 0.1722894 0.0290634 0.0213059 0.0265367 0.1005210 0.1220960 0.2530090 0.1583639 0.1085509 0.1004856 0.1796167 0.0232730 0.0070298 0.1299679 0.0095176 0.1273951 0.0387818 0.0266762 0.0242570 0.1209927 0.0270302 0.1208354 0.1407970 0.0000000 0.0581178 0.0294172 0.0270505 0.1189106 0.0272509 0.0272456 0.0286653 0.0977051 0.0263409 0.0803145 0.1262693 0.1117508 0.0262400 0.0253303 0.1169821 0.0872063 0.2112465 0.0882993 0.0483153 0.1081883 0.3790592 0.0982426 0.0704858 0.7184928 0.0103907 0.0299551 0.1172613 0.0302281 0.0248822 0.0263841 0.0190411 0.0927659 0.0952053 0.0543430 0.0221826 0.1019983 0.0271424 0.0261117 
