80
Amauria_brandeegeana_62                    0.0000000 0.0477802 0.1082630 0.3291187 0.3050175 0.1841885 0.4812796 0.1380752 0.5924384 0.3868260 0.2945591 0.3062729 0.2603544 0.2121812 0.3186610 0.1085511 0.4469567 0.2876256 0.1793595 0.3077999 0.0700763 0.2989608 0.2966500 0.3118238 0.2967906 0.2942932 0.2800027 0.3681148 0.3363138 0.3000675 0.2499766 0.3156131 0.2185985 0.3544789 0.2766047 0.6496147 0.2966560 0.3383730 0.3191794 0.3209174 0.2422481 0.2834381 0.4004965 0.2943200 0.2173010 0.2906195 0.2923270 0.6394367 0.2854678 0.2715524 0.3390051 0.2310432 0.2384368 0.1108544 0.1126016 0.2954183 0.6065890 0.1107430 0.5934605 0.2569682 0.0401291 0.3944025 0.3152879 0.3230223 0.3132230 0.3935346 0.3344684 0.2946235 0.2757149 0.2969196 0.3111638 0.2981636 0.0486666 0.3084565 0.3040822 0.6127616 0.2802498 0.0991027 0.3186300 0.3125134 
Amauria_carterae_99_mesa                   0.0477802 0.0000000 0.0405484 0.1286947 0.0385052 0.1552005 0.2478130 0.0955665 0.1951525 0.0528237 0.0355645 0.0193494 0.0358260 0.0266175 0.0440653 0.0359002 0.0893307 0.0354949 0.0196750 0.0333562 0.0314663 0.0382215 0.0327339 0.0445026 0.0327043 0.0356720 0.0467805 0.2497912 0.0199720 0.0362974 0.0279135 0.0359725 0.0173144 0.0477390 0.0277733 0.2737274 0.0360340 0.0304696 0.0409948 0.0594516 0.0302324 0.0561161 0.0531680 0.0354547 0.0146560 0.0330458 0.0333397 0.2553058 0.0226886 0.0252384 0.0467958 0.0255230 0.0336519 0.0335993 0.0355642 0.0328585 0.2430344 0.0283474 0.1706555 0.0442085 0.0176228 0.0468918 0.0355686 0.0383269 0.0315052 0.1010091 0.0440484 0.0364313 0.0555121 0.0302760 0.0355220 0.0278800 0.0323637 0.0344397 0.0385315 0.2642313 0.0386182 0.0441310 0.0330342 0.0175971 
Amauria_rotundifolia_SRR9119150            0.1082630 0.0405484 0.0000000 0.3145554 0.2228697 0.1786381 0.5579148 0.1412199 0.5741605 0.2847875 0.2695321 0.2453716 0.1893910 0.2273148 0.2515667 0.1138207 0.4725929 0.2224533 0.1482411 0.2403659 0.0564148 0.2193443 0.2361604 0.2430171 0.2379778 0.2331474 0.2380661 0.3916772 0.2864798 0.2528575 0.2149756 0.2483254 0.2312286 0.3740755 0.2282382 0.6430495 0.2383945 0.2653361 0.2489588 0.2822418 0.1678802 0.2610981 0.3287981 0.2252466 0.2178690 0.2372291 0.2295873 0.6038442 0.2377201 0.2084385 0.2693639 0.1657807 0.2217012 0.1152451 0.1030691 0.2353618 0.5963223 0.0971286 0.6059933 0.1896636 0.0318349 0.3251853 0.2637169 0.2477557 0.2435564 0.3685455 0.2635906 0.2320109 0.2299594 0.2337333 0.2443466 0.3065819 0.0542218 0.2525968 0.2545038 0.5939964 0.2109756 0.0853192 0.3039965 0.2700208 
Conoclinium_coelestinum_SRR9119114         0.3291187 0.1286947 0.3145554 0.0000000 0.3085139 0.3068995 0.5493721 0.1742215 0.6217862 0.3304723 0.3179111 0.2912478 0.2672682 0.2625091 0.3345380 0.2109333 0.4556485 0.2995383 0.2338744 0.2861587 0.1415720 0.2829463 0.2924508 0.3033955 0.3080383 0.3067184 0.2912966 0.4914281 0.3120488 0.2890027 0.2509045 0.3216644 0.3358075 0.3604394 0.2861459 0.6533465 0.3131644 0.3439052 0.3111763 0.3198823 0.2381097 0.2975212 0.3567946 0.2904962 0.2827032 0.2933071 0.2856368 0.6069297 0.2819715 0.2731629 0.3320661 0.2536793 0.2954981 0.2175812 0.1952793 0.2860561 0.7068945 0.2017928 0.5778323 0.3021658 0.1261283 0.3503643 0.3273744 0.3283198 0.3318463 0.4110784 0.3167818 0.3035879 0.2967908 0.2914341 0.2945313 0.3454302 0.1528769 0.3361023 0.3190857 0.6444274 0.2742842 0.1732253 0.3079737 0.2922221 
Eutetras_palmeri_63                        0.3050175 0.0385052 0.2228697 0.3085139 0.0000000 0.1992441 0.4960421 0.1580154 0.5061116 0.1580925 0.1257848 0.1176222 0.1068814 0.1020696 0.1168463 0.0666946 0.3103530 0.1026476 0.0593168 0.0959419 0.0398256 0.1109650 0.1046760 0.1318105 0.1266775 0.1260878 0.1388197 0.3894170 0.1448370 0.1362817 0.1420146 0.1169880 0.3082258 0.2047546 0.1075414 0.5893926 0.1064735 0.1510094 0.1117856 0.1295964 0.0796617 0.1272305 0.2170053 0.1194454 0.0824623 0.1026520 0.0954563 0.5635608 0.0897783 0.0904500 0.1416837 0.0898963 0.1206410 0.0884562 0.0765643 0.1019415 0.5528339 0.0831260 0.5160247 0.1172702 0.0154407 0.2517980 0.1261746 0.1204342 0.1802593 0.3485992 0.1116072 0.1126127 0.1224662 0.0977041 0.1038698 0.1522360 0.0481419 0.1594342 0.1300996 0.5591005 0.1101338 0.0866005 0.1577377 0.1508555 
Eutetras_pringlei_149_quer                 0.1841885 0.1552005 0.1786381 0.3068995 0.1992441 0.0000000 0.2459419 0.2723242 0.2028712 0.1852794 0.2039648 0.1791398 0.1948271 0.1732027 0.2103449 0.1920975 0.3546845 0.2038346 0.1721978 0.1841876 0.1851852 0.2010355 0.1887828 0.1991669 0.2009208 0.2246284 0.2108491 0.2511325 0.1874500 0.2014692 0.1982344 0.2030595 0.1902263 0.2116630 0.1851179 0.2194113 0.2036610 0.1887660 0.1924396 0.2153531 0.1887230 0.2087511 0.2151782 0.1764129 0.1791116 0.1942365 0.1898377 0.2241523 0.1810521 0.1812328 0.2043790 0.1566337 0.1908877 0.1621437 0.2011132 0.1881222 0.2647944 0.2104170 0.1318868 0.2316934 0.1435526 0.2098096 0.2271436 0.2121183 0.1775116 0.0943907 0.2043000 0.2035739 0.2344851 0.1892771 0.1862144 0.1673335 0.1810270 0.1892206 0.2107363 0.2603676 0.1979119 0.2317299 0.1832235 0.1733398 
Eutrochium_fistulosum_SRR9119106           0.4812796 0.2478130 0.5579148 0.5493721 0.4960421 0.2459419 0.0000000 0.2882983 0.2472190 0.4956435 0.5204301 0.4329693 0.4337354 0.2422783 0.4658881 0.4102782 0.3921492 0.4472216 0.4124327 0.4407868 0.2854140 0.4437777 0.4787547 0.5309532 0.5066470 0.4672360 0.3515062 0.0937856 0.4500722 0.5648966 0.3799295 0.4928849 0.4432639 0.4642600 0.4482016 0.2233919 0.4484441 0.5610493 0.4424575 0.5176683 0.4180722 0.4899343 0.5300543 0.5200791 0.4178563 0.4472002 0.4591012 0.2153307 0.4196819 0.4347529 0.4612140 0.3816563 0.3975146 0.3669404 0.4070026 0.5204929 0.2895700 0.3975281 0.2151146 0.5368882 0.3109991 0.5839019 0.4645446 0.4406252 0.5195976 0.3329786 0.4551390 0.5289171 0.4183522 0.5353534 0.4585607 0.4024311 0.2582542 0.5116118 0.5065797 0.2870490 0.4533640 0.3359165 0.5075978 0.4597172 
Galeana_pratensis_104_mex                  0.1380752 0.0955665 0.1412199 0.1742215 0.1580154 0.2723242 0.2882983 0.0000000 0.2767342 0.1645106 0.1130740 0.1009803 0.1309645 0.1042682 0.1630487 0.1253839 0.1331102 0.1397702 0.1060997 0.1396102 0.1072329 0.1459452 0.1426195 0.1589935 0.1453860 0.1546249 0.1614893 0.3195522 0.1114709 0.1493571 0.1444641 0.1438332 0.1192243 0.1540939 0.1325458 0.3559313 0.1502765 0.1373857 0.1461694 0.1511178 0.1377314 0.1454077 0.1670246 0.1268493 0.0963860 0.1382752 0.1389119 0.3281963 0.1262333 0.1338969 0.1427859 0.1247705 0.1315109 0.1263201 0.1246712 0.1431255 0.3451208 0.1062988 0.2411518 0.1715852 0.0915930 0.1576063 0.1541026 0.1530569 0.1458343 0.2360385 0.1564736 0.1404218 0.1512408 0.1417475 0.1401293 0.1137670 0.1242156 0.1429894 0.1577777 0.3539285 0.1422444 0.1171082 0.1471070 0.1226975 
Lycapsus_tenuifolius_17                    0.5924384 0.1951525 0.5741605 0.6217862 0.5061116 0.2028712 0.2472190 0.2767342 0.0000000 0.5354201 0.4632087 0.5215952 0.4724567 0.3462777 0.5133558 0.4003474 0.5076993 0.5031624 0.4424912 0.5155475 0.2572239 0.5173661 0.5131615 0.5116523 0.5023354 0.5177100 0.5185989 0.0486710 0.5734339 0.5273289 0.5258588 0.5106421 0.5915372 0.6045627 0.5069729 0.2464069 0.5051447 0.5290909 0.5509901 0.4929162 0.4702679 0.4875202 0.5879210 0.4951710 0.4641673 0.5081916 0.5024498 0.2186726 0.4947368 0.4968362 0.5416808 0.4472509 0.4664122 0.3276905 0.3839416 0.4974170 0.1469481 0.4192928 0.3572126 0.4804133 0.2377440 0.6131707 0.5464920 0.5428566 0.5357334 0.3768733 0.5427951 0.4980255 0.5275186 0.4787841 0.5296442 0.5181253 0.2320946 0.5122126 0.5353353 0.1269926 0.5127095 0.3281689 0.5097764 0.5050025 
Pericome_caudata_50_silver                 0.3868260 0.0528237 0.2847875 0.3304723 0.1580925 0.1852794 0.4956435 0.1645106 0.5354201 0.0000000 0.2150333 0.2528812 0.1504643 0.1604237 0.2139808 0.0887072 0.3722164 0.1881007 0.1038353 0.1882550 0.0619272 0.1773189 0.1976451 0.2054600 0.2167975 0.2462056 0.2275233 0.3603118 0.2436656 0.2457948 0.2211848 0.2130331 0.3335748 0.3163735 0.1872840 0.5946826 0.2048923 0.2264103 0.1943517 0.2074736 0.1305089 0.2023952 0.2291740 0.2302857 0.1590767 0.2056447 0.1929749 0.5511645 0.1844878 0.1853981 0.2144553 0.1197749 0.1687596 0.1246773 0.0979608 0.1964263 0.6391283 0.1037785 0.5467381 0.1748676 0.0370425 0.2465386 0.2066546 0.2193835 0.1695900 0.3586331 0.2034071 0.2049970 0.2210267 0.2096251 0.1996362 0.2399639 0.0772868 0.1651071 0.2078921 0.6557742 0.1900083 0.1239488 0.2874947 0.3176479 
Perityle_aglossa_84_dead_horse             0.2945591 0.0355645 0.2695321 0.3179111 0.1257848 0.2039648 0.5204301 0.1130740 0.4632087 0.2150333 0.0000000 0.1524091 0.0974467 0.1138336 0.0791614 0.0284539 0.3434866 0.0621892 0.0315115 0.0515481 0.0344802 0.1112120 0.0521979 0.1002957 0.0883300 0.1974962 0.1404662 0.4010070 0.1791591 0.1974244 0.1242245 0.0686308 0.2703219 0.1703102 0.0725362 0.6313630 0.0693267 0.1169992 0.0986614 0.1533608 0.0450930 0.1394163 0.2229706 0.1012680 0.0474838 0.0635337 0.0525970 0.5787323 0.0408867 0.0632676 0.1326658 0.0673022 0.1365147 0.0821273 0.0581896 0.0527166 0.5879186 0.0736636 0.4826136 0.1243194 0.0284254 0.2303254 0.1343143 0.0818809 0.2202453 0.3469708 0.0652074 0.0632597 0.1434594 0.0678981 0.0520408 0.1408573 0.0350129 0.2158819 0.1410490 0.5713628 0.0896619 0.1029871 0.0980961 0.2068239 
Perityle_ajoensis_204                      0.3062729 0.0193494 0.2453716 0.2912478 0.1176222 0.1791398 0.4329693 0.1009803 0.5215952 0.2528812 0.1524091 0.0000000 0.0568356 0.0051158 0.1356803 0.0361519 0.3264922 0.0815441 0.0393734 0.0952692 0.0050219 0.0615101 0.1316778 0.1901357 0.1767162 0.1799856 0.0838136 0.3787685 0.1265567 0.1358652 0.0933991 0.1086732 0.2945608 0.1356502 0.1225717 0.5956640 0.1439267 0.1220041 0.0677658 0.1417252 0.1082858 0.0890617 0.2038361 0.1726954 0.0841644 0.1378696 0.1293152 0.5434376 0.0818750 0.1256737 0.0918733 0.0200586 0.1033803 0.0885914 0.0526875 0.1290893 0.6391756 0.0546319 0.4982788 0.1253259 0.0077892 0.2714717 0.1349031 0.1607741 0.1982658 0.3275313 0.1280507 0.1325797 0.0851854 0.1342515 0.1247412 0.0813261 0.0368967 0.1910880 0.1150907 0.6617836 0.1645013 0.0730992 0.1765339 0.1600208 
Perityle_ambrosiifolia_67_green            0.2603544 0.0358260 0.1893910 0.2672682 0.1068814 0.1948271 0.4337354 0.1309645 0.4724567 0.1504643 0.0974467 0.0568356 0.0000000 0.0290747 0.0961343 0.0510570 0.2938876 0.0703055 0.0493791 0.0613652 0.0221863 0.0379256 0.0784693 0.1290911 0.1140480 0.1242854 0.1245699 0.3789859 0.1447204 0.1326124 0.1341115 0.0741183 0.2886102 0.1791478 0.0973320 0.5345624 0.0859542 0.0383953 0.0537722 0.1180732 0.0704785 0.1050479 0.1061370 0.1126910 0.0883404 0.0746257 0.0658545 0.4952318 0.0574189 0.0584303 0.0612361 0.0253874 0.1158951 0.0949782 0.0707469 0.0767187 0.5507380 0.0778668 0.3916909 0.0993672 0.0155426 0.1395799 0.1153523 0.0937332 0.1467518 0.2487418 0.0806243 0.0769133 0.1065435 0.0744947 0.0792256 0.1084881 0.0391638 0.1584118 0.0916552 0.5417990 0.1078085 0.0566493 0.1502274 0.1522705 
Perityle_angustifolia_13_Eagle_creek       0.2121812 0.0266175 0.2273148 0.2625091 0.1020696 0.1732027 0.2422783 0.1042682 0.3462777 0.1604237 0.1138336 0.0051158 0.0290747 0.0000000 0.1145104 0.0504541 0.3210818 0.0912394 0.0517623 0.0947646 0.0185888 0.0324036 0.0953769 0.1243513 0.1174824 0.1041120 0.0580010 0.2426912 0.0660566 0.0688394 0.0542995 0.0990196 0.1730316 0.0565757 0.0889624 0.3213475 0.1077447 0.0943186 0.0425715 0.0582398 0.0691080 0.0572132 0.0791530 0.0959167 0.1087323 0.0975903 0.0884400 0.3225664 0.0895558 0.0859923 0.0335910 0.0093286 0.1106695 0.0792646 0.0573455 0.0855815 0.3969025 0.0253475 0.4231734 0.0629299 0.0030305 0.1555211 0.1074512 0.1087073 0.1585364 0.3012809 0.0877984 0.1044596 0.0665149 0.0919945 0.0954921 0.0443569 0.0194816 0.1776696 0.0600929 0.3672026 0.0880298 0.0414499 0.0946959 0.0346853 
Perityle_batopilensis_97                   0.3186610 0.0440653 0.2515667 0.3345380 0.1168463 0.2103449 0.4658881 0.1630487 0.5133558 0.2139808 0.0791614 0.1356803 0.0961343 0.1145104 0.0000000 0.0232442 0.3445097 0.0615069 0.0262514 0.0484009 0.0372264 0.1018433 0.0566365 0.1047008 0.0875375 0.1305479 0.1581170 0.4051245 0.2092262 0.1671019 0.1487355 0.0636903 0.3010654 0.2316675 0.0857097 0.5885546 0.0446527 0.1360169 0.1002460 0.1455926 0.0332820 0.1450329 0.1402440 0.0987342 0.0418580 0.0495277 0.0446362 0.5572934 0.0482415 0.0269433 0.1301897 0.0746212 0.1208398 0.0821241 0.0503088 0.0550008 0.5860256 0.0801289 0.5196720 0.1367378 0.0315720 0.1764355 0.1323323 0.0862628 0.1922855 0.3645356 0.0701068 0.0557135 0.1478194 0.0545791 0.0573293 0.1799804 0.0378209 0.2039811 0.1309858 0.5917040 0.0813445 0.0857441 0.1222658 0.1886561 
Perityle_bisetosa_9                        0.1085511 0.0359002 0.1138207 0.2109333 0.0666946 0.1920975 0.4102782 0.1253839 0.4003474 0.0887072 0.0284539 0.0361519 0.0510570 0.0504541 0.0232442 0.0000000 0.2252484 0.0148353 0.0000010 0.0060446 0.0172623 0.0495706 0.0119009 0.0487032 0.0501400 0.0787725 0.0711763 0.3895382 0.0872596 0.0724586 0.0542513 0.0255478 0.1268133 0.1105230 0.0214161 0.4564251 0.0218734 0.0438047 0.0421459 0.0797364 0.0045399 0.0718686 0.0727050 0.0284408 0.0119044 0.0150657 0.0030332 0.4308180 0.0031062 0.0091721 0.0640168 0.0418738 0.0754099 0.0380443 0.0361307 0.0075089 0.4647610 0.0508354 0.3298980 0.0784801 0.0103641 0.0440492 0.0789672 0.0361712 0.0876948 0.2076147 0.0178299 0.0198399 0.0732642 0.0109908 0.0133250 0.0739721 0.0051032 0.1000242 0.0639108 0.4258041 0.0337175 0.0549536 0.0060253 0.0456472 
Perityle_californica_76_positas            0.4469567 0.0893307 0.4725929 0.4556485 0.3103530 0.3546845 0.3921492 0.1331102 0.5076993 0.3722164 0.3434866 0.3264922 0.2938876 0.3210818 0.3445097 0.2252484 0.0000000 0.3557681 0.2364495 0.3368437 0.1131670 0.3532221 0.3354432 0.3685355 0.3251858 0.3233359 0.3389567 0.2526512 0.3208132 0.3486154 0.2889319 0.3552105 0.3259505 0.3271957 0.3276551 0.5183771 0.3315945 0.3732122 0.3518057 0.3328274 0.2560230 0.3247033 0.3338031 0.3646402 0.3125136 0.3341487 0.3185754 0.5398930 0.3033122 0.3092219 0.3575832 0.2606774 0.3147840 0.1486588 0.1757672 0.3424280 0.6142703 0.0795169 0.6878726 0.2261934 0.0599148 0.3901877 0.3277992 0.3452810 0.3133515 0.7012316 0.3320670 0.3371888 0.3512093 0.3044278 0.3371072 0.3532856 0.1250140 0.3149531 0.3261113 0.5569582 0.3239119 0.0990863 0.3331915 0.3311908 
Perityle_castillonii_96                    0.2876256 0.0354949 0.2224533 0.2995383 0.1026476 0.2038346 0.4472216 0.1397702 0.5031624 0.1881007 0.0621892 0.0815441 0.0703055 0.0912394 0.0615069 0.0148353 0.3557681 0.0000000 0.0172901 0.0332496 0.0370040 0.0829071 0.0387570 0.0895851 0.0734523 0.1320778 0.1550921 0.4035598 0.1513983 0.1433865 0.1496702 0.0427897 0.2779778 0.1920520 0.0648931 0.5467388 0.0421278 0.1067171 0.0918447 0.1201179 0.0306657 0.1148634 0.1262545 0.0642566 0.0501557 0.0363939 0.0292646 0.5343532 0.0289565 0.0297936 0.1016900 0.0580175 0.1283885 0.0825326 0.0487360 0.0390626 0.5674945 0.0882759 0.4943617 0.1104463 0.0154093 0.1485339 0.1247086 0.0579920 0.1825387 0.3455024 0.0302878 0.0447358 0.1381980 0.0403663 0.0407067 0.1472741 0.0402232 0.2040261 0.1038962 0.5685445 0.0632288 0.0809224 0.0988973 0.1410979 
Perityle_cernua_84                         0.1793595 0.0196750 0.1482411 0.2338744 0.0593168 0.1721978 0.4124327 0.1060997 0.4424912 0.1038353 0.0315115 0.0393734 0.0493791 0.0517623 0.0262514 0.0000010 0.2364495 0.0172901 0.0000000 0.0075356 0.0125075 0.0428112 0.0111261 0.0519082 0.0464750 0.0885336 0.0885545 0.3680154 0.0911972 0.0969911 0.0815977 0.0273944 0.2100494 0.1529958 0.0277039 0.4979184 0.0185276 0.0443268 0.0420811 0.0825557 0.0099508 0.0823191 0.0741959 0.0367531 0.0186653 0.0112623 0.0063429 0.4664328 0.0101772 0.0175377 0.0624048 0.0374740 0.0868449 0.0562095 0.0249682 0.0137059 0.5163669 0.0523790 0.3311046 0.0666699 0.0026190 0.0690960 0.0779309 0.0340553 0.1006565 0.2093707 0.0248429 0.0215385 0.0912527 0.0116402 0.0122760 0.1092171 0.0026202 0.1148691 0.0658452 0.4829091 0.0408572 0.0393669 0.0605845 0.0728084 
Perityle_cfvillosa_25_tin                  0.3077999 0.0333562 0.2403659 0.2861587 0.0959419 0.1841876 0.4407868 0.1396102 0.5155475 0.1882550 0.0515481 0.0952692 0.0613652 0.0947646 0.0484009 0.0060446 0.3368437 0.0332496 0.0075356 0.0000000 0.0172536 0.0750847 0.0052129 0.0689374 0.0527336 0.1069483 0.1390937 0.3802121 0.1643566 0.1447862 0.1387373 0.0325470 0.2922588 0.1925534 0.0442989 0.5565235 0.0361272 0.0938461 0.0741351 0.1219828 0.0021172 0.1152565 0.1623257 0.0611480 0.0245210 0.0052175 0.0017471 0.5498772 0.0130130 0.0162130 0.0996107 0.0399498 0.1023555 0.0585606 0.0325576 0.0079108 0.5725487 0.0635789 0.4928310 0.0986835 0.0052221 0.1854644 0.1054654 0.0481662 0.1821154 0.3428783 0.0347979 0.0282206 0.1221981 0.0035846 0.0060571 0.1374235 0.0124702 0.1813831 0.1040680 0.5761793 0.0618167 0.0863991 0.0762959 0.1685702 
Perityle_cinerea_113_Powell1310            0.0700763 0.0314663 0.0564148 0.1415720 0.0398256 0.1851852 0.2854140 0.1072329 0.2572239 0.0619272 0.0344802 0.0050219 0.0221863 0.0185888 0.0372264 0.0172623 0.1131670 0.0370040 0.0125075 0.0172536 0.0000000 0.0219580 0.0170995 0.0348321 0.0319606 0.0425634 0.0508336 0.2878367 0.0233871 0.0406312 0.0307393 0.0297562 0.0455488 0.0508222 0.0122993 0.3369913 0.0426914 0.0149160 0.0096792 0.0484179 0.0170554 0.0433069 0.0486251 0.0052318 0.0184426 0.0219599 0.0172086 0.3291575 0.0177117 0.0176038 0.0294513 0.0151858 0.0363282 0.0237989 0.0447854 0.0171576 0.3213711 0.0265358 0.2460943 0.0482940 0.0028811 0.0446580 0.0423573 0.0470490 0.0346335 0.1672493 0.0395765 0.0276669 0.0578101 0.0172622 0.0170627 0.0178313 0.0157383 0.0504150 0.0430481 0.3338636 0.0275120 0.0443838 0.0171875 0.0243135 
Perityle_cochisensis_44_cave_creek         0.2989608 0.0382215 0.2193443 0.2829463 0.1109650 0.2010355 0.4437777 0.1459452 0.5173661 0.1773189 0.1112120 0.0615101 0.0379256 0.0324036 0.1018433 0.0495706 0.3532221 0.0829071 0.0428112 0.0750847 0.0219580 0.0000000 0.0826389 0.1435420 0.1098765 0.1210360 0.1205498 0.3829673 0.1479937 0.1258280 0.1255412 0.0826473 0.3079016 0.1742611 0.1111654 0.5613258 0.0864948 0.0780760 0.0318907 0.1024700 0.0580081 0.0997374 0.1054732 0.1242424 0.1009314 0.0814529 0.0734999 0.5318412 0.0748301 0.0503111 0.0495898 0.0244491 0.1099472 0.0919155 0.0660561 0.0803028 0.5896421 0.0711373 0.4970425 0.0962684 0.0179673 0.1709950 0.1177042 0.0959535 0.1792674 0.3213289 0.0752452 0.0741111 0.1088333 0.0782947 0.0836022 0.1071720 0.0616662 0.1964466 0.0835532 0.6029805 0.1162874 0.0796470 0.1695787 0.1508160 
Perityle_congesta_202                      0.2966500 0.0327339 0.2361604 0.2924508 0.1046760 0.1887828 0.4787547 0.1426195 0.5131615 0.1976451 0.0521979 0.1316778 0.0784693 0.0953769 0.0566365 0.0119009 0.3354432 0.0387570 0.0111261 0.0052129 0.0170995 0.0826389 0.0000000 0.0831274 0.0604313 0.1383442 0.1490820 0.3944151 0.1798491 0.1801565 0.1489887 0.0412595 0.2993700 0.1995958 0.0508851 0.6105434 0.0438681 0.0973567 0.0782017 0.1395062 0.0097925 0.1352044 0.1997975 0.0719469 0.0255259 0.0101376 0.0071079 0.5771097 0.0198461 0.0260625 0.1109142 0.0452471 0.1126886 0.0611067 0.0397045 0.0061134 0.5864763 0.0693089 0.4836766 0.1027932 0.0102352 0.2148413 0.1147271 0.0542346 0.1875388 0.3392030 0.0373032 0.0369613 0.1312564 0.0038997 0.0007876 0.1480945 0.0122933 0.1875765 0.1178092 0.5885973 0.0716406 0.0913582 0.0890782 0.2112968 
Perityle_cordifolia_27                     0.3118238 0.0445026 0.2430171 0.3033955 0.1318105 0.1991669 0.5309532 0.1589935 0.5116523 0.2054600 0.1002957 0.1901357 0.1290911 0.1243513 0.1047008 0.0487032 0.3685355 0.0895851 0.0519082 0.0689374 0.0348321 0.1435420 0.0831274 0.0000000 0.0985206 0.2043640 0.1731064 0.4069419 0.1970672 0.1984144 0.1736513 0.0893238 0.3079749 0.2275063 0.0402544 0.6583163 0.1067956 0.1449545 0.1416479 0.1587899 0.0810398 0.1462271 0.2411393 0.0666219 0.0445694 0.0853119 0.0813617 0.6198991 0.0589213 0.1081541 0.1730305 0.1090042 0.1341389 0.0630492 0.0747486 0.0848882 0.6001292 0.0900577 0.5134482 0.1350220 0.0025530 0.1752389 0.1411992 0.1155649 0.1951534 0.3547250 0.0975889 0.1003801 0.1569624 0.0921782 0.0831097 0.1809143 0.0328070 0.1923389 0.1679934 0.6120924 0.0495947 0.1064566 0.1265337 0.2322721 
Perityle_cordifolia_68_tecolote            0.2967906 0.0327043 0.2379778 0.3080383 0.1266775 0.2009208 0.5066470 0.1453860 0.5023354 0.2167975 0.0883300 0.1767162 0.1140480 0.1174824 0.0875375 0.0501400 0.3251858 0.0734523 0.0464750 0.0527336 0.0319606 0.1098765 0.0604313 0.0985206 0.0000000 0.1788676 0.1605207 0.3904499 0.1986569 0.1974434 0.1534897 0.0750721 0.3042049 0.2259499 0.0685782 0.6423784 0.0826368 0.1248201 0.1066934 0.1615545 0.0552617 0.1556218 0.2231578 0.0917054 0.0527147 0.0619122 0.0599243 0.5918277 0.0533489 0.0584534 0.1534266 0.0885518 0.1234503 0.0490705 0.0660246 0.0617692 0.5856964 0.0754325 0.5154458 0.1146086 0.0153929 0.2308098 0.1281830 0.0903997 0.1951926 0.3525684 0.0707993 0.0750350 0.1423479 0.0766866 0.0613786 0.1814868 0.0223645 0.1986604 0.1443018 0.5902922 0.0935827 0.0890599 0.1330429 0.2262865 
Perityle_coronopifolia_28_patagonia        0.2942932 0.0356720 0.2331474 0.3067184 0.1260878 0.2246284 0.4672360 0.1546249 0.5177100 0.2462056 0.1974962 0.1799856 0.1242854 0.1041120 0.1305479 0.0787725 0.3233359 0.1320778 0.0885336 0.1069483 0.0425634 0.1210360 0.1383442 0.2043640 0.1788676 0.0000000 0.1482542 0.4145590 0.1967263 0.1756357 0.1526518 0.1233629 0.3163006 0.2129134 0.1233106 0.5927286 0.1815564 0.1551800 0.1268914 0.1859596 0.1267895 0.1377659 0.2081220 0.2121591 0.1082296 0.1571679 0.1597233 0.5517837 0.1036835 0.1490496 0.2009599 0.1000638 0.0382351 0.1012959 0.0915473 0.1792570 0.6563855 0.0232090 0.5413013 0.1031910 0.0286369 0.2560466 0.0111195 0.1951956 0.1828148 0.3548279 0.1279419 0.1805852 0.1320193 0.1641671 0.1306288 0.1784017 0.0456676 0.1948814 0.1394370 0.6559215 0.1847658 0.0576186 0.2095983 0.2265415 
Perityle_crassifolia_70_ventanas           0.2800027 0.0467805 0.2380661 0.2912966 0.1388197 0.2108491 0.3515062 0.1614893 0.5185989 0.2275233 0.1404662 0.0838136 0.1245699 0.0580010 0.1581170 0.0711763 0.3389567 0.1550921 0.0885545 0.1390937 0.0508336 0.1205498 0.1490820 0.1731064 0.1605207 0.1482542 0.0000000 0.3445461 0.1202948 0.1404475 0.0081803 0.1628555 0.2858257 0.1871451 0.1348972 0.5193353 0.1559073 0.1657271 0.1170199 0.1318999 0.1297427 0.1147863 0.1259757 0.1550045 0.1161225 0.1416963 0.1345059 0.4963720 0.1302094 0.1324784 0.1259240 0.1088831 0.1328922 0.1009198 0.0806285 0.1448683 0.5374089 0.0996893 0.4526993 0.1430207 0.0305536 0.2137338 0.1540953 0.1618675 0.2160303 0.3272912 0.1509326 0.1543721 0.0011443 0.1455594 0.1463572 0.1312771 0.0613260 0.2143996 0.1272217 0.5578504 0.1526635 0.0580868 0.1944951 0.0092697 
Perityle_crassifolia_74_playa_balandra     0.3681148 0.2497912 0.3916772 0.4914281 0.3894170 0.2511325 0.0937856 0.3195522 0.0486710 0.3603118 0.4010070 0.3787685 0.3789859 0.2426912 0.4051245 0.3895382 0.2526512 0.4035598 0.3680154 0.3802121 0.2878367 0.3829673 0.3944151 0.4069419 0.3904499 0.4145590 0.3445461 0.0000000 0.3910447 0.3869505 0.3699691 0.4016929 0.4037513 0.4191088 0.3867316 0.0806021 0.3905313 0.3865835 0.4026702 0.4131046 0.3791469 0.4094375 0.4006926 0.3719612 0.3811856 0.3918585 0.3772439 0.0937635 0.3656292 0.3836565 0.3913910 0.3713546 0.3860555 0.3665233 0.3821432 0.3972781 0.0731718 0.3858377 0.0521801 0.4155897 0.2879612 0.4010570 0.4056489 0.4001297 0.4014775 0.2502504 0.4051614 0.3981768 0.3878175 0.3980487 0.3983219 0.3994577 0.2711539 0.3881602 0.4080916 0.0779428 0.4010222 0.3616393 0.3850789 0.3530335 
Perityle_cuneata_34_cuneata_San_antonio    0.3363138 0.0199720 0.2864798 0.3120488 0.1448370 0.1874500 0.4500722 0.1114709 0.5734339 0.2436656 0.1791591 0.1265567 0.1447204 0.0660566 0.2092262 0.0872596 0.3208132 0.1513983 0.0911972 0.1643566 0.0233871 0.1479937 0.1798491 0.1970672 0.1986569 0.1967263 0.1202948 0.3910447 0.0000000 0.1476472 0.1312155 0.1738749 0.3297042 0.1883235 0.1643651 0.5949648 0.1809955 0.2075569 0.1540401 0.1473499 0.1701994 0.1050830 0.1972539 0.1836035 0.1204246 0.1740726 0.1728310 0.5662271 0.1286665 0.1745029 0.1572171 0.1177950 0.1288595 0.1001817 0.0894346 0.1752287 0.6177397 0.0837962 0.4979065 0.1624435 0.0161517 0.2579080 0.1795042 0.1960240 0.2157426 0.3382229 0.1896248 0.1779637 0.1052385 0.1787514 0.1799107 0.1471271 0.0538661 0.2025393 0.1682771 0.6367020 0.1839441 0.0922020 0.2261229 0.1606508 
Perityle_cuneata_4                         0.3000675 0.0362974 0.2528575 0.2890027 0.1362817 0.2014692 0.5648966 0.1493571 0.5273289 0.2457948 0.1974244 0.1358652 0.1326124 0.0688394 0.1671019 0.0724586 0.3486154 0.1433865 0.0969911 0.1447862 0.0406312 0.1258280 0.1801565 0.1984144 0.1974434 0.1756357 0.1404475 0.3869505 0.1476472 0.0000000 0.1472857 0.1775699 0.3293020 0.2074478 0.1416065 0.6988464 0.1767380 0.1855554 0.1314865 0.1582460 0.1512677 0.1283996 0.2534835 0.1828052 0.1154961 0.1761905 0.1641443 0.6353707 0.1342330 0.1574628 0.1571041 0.0913270 0.1209770 0.0961679 0.0879084 0.1742755 0.6009129 0.0807928 0.5499599 0.1496301 0.0183350 0.2930541 0.1582292 0.1862737 0.2299694 0.3656755 0.1758235 0.1782966 0.1259950 0.1712222 0.1844650 0.1456311 0.0595675 0.2142260 0.1764383 0.6243409 0.1765946 0.0781601 0.2086744 0.1869422 
Perityle_discoidea_81                      0.2499766 0.0279135 0.2149756 0.2509045 0.1420146 0.1982344 0.3799295 0.1444641 0.5258588 0.2211848 0.1242245 0.0933991 0.1341115 0.0542995 0.1487355 0.0542513 0.2889319 0.1496702 0.0815977 0.1387373 0.0307393 0.1255412 0.1489887 0.1736513 0.1534897 0.1526518 0.0081803 0.3699691 0.1312155 0.1472857 0.0000000 0.1648151 0.2690178 0.1962484 0.1331070 0.5614838 0.1586932 0.1582983 0.1177705 0.1341611 0.1310631 0.1089472 0.1251697 0.1507510 0.0965642 0.1416706 0.1374042 0.5383901 0.1212144 0.1373008 0.1338633 0.1165278 0.1157483 0.0874272 0.0662436 0.1458631 0.5736390 0.0930007 0.4482751 0.1340872 0.0159601 0.1940615 0.1570855 0.1636867 0.1995427 0.3025062 0.1542126 0.1513004 0.0096358 0.1468975 0.1472054 0.1247358 0.0318890 0.1970568 0.1308352 0.5924199 0.1521346 0.0388949 0.1936082 0.0130886 
Perityle_dissecta_201                      0.3156131 0.0359725 0.2483254 0.3216644 0.1169880 0.2030595 0.4928849 0.1438332 0.5106421 0.2130331 0.0686308 0.1086732 0.0741183 0.0990196 0.0636903 0.0255478 0.3552105 0.0427897 0.0273944 0.0325470 0.0297562 0.0826473 0.0412595 0.0893238 0.0750721 0.1233629 0.1628555 0.4016929 0.1738749 0.1775699 0.1648151 0.0000000 0.3050420 0.2275726 0.0671434 0.6023930 0.0399112 0.0972888 0.0923088 0.1565007 0.0328427 0.1521417 0.2272767 0.0751080 0.0433954 0.0370224 0.0296731 0.5827355 0.0308929 0.0192505 0.1248882 0.0610200 0.1235760 0.0851227 0.0458661 0.0358622 0.5763642 0.0819345 0.5231348 0.1178817 0.0129609 0.2189030 0.1222317 0.0583594 0.2024932 0.3792321 0.0414119 0.0403551 0.1432382 0.0412909 0.0428680 0.1532671 0.0327111 0.2037271 0.1362774 0.5672772 0.0674734 0.0955777 0.0982453 0.1737439 
Perityle_emoryi_47_punta_san_jose          0.2185985 0.0173144 0.2312286 0.3358075 0.3082258 0.1902263 0.4432639 0.1192243 0.5915372 0.3335748 0.2703219 0.2945608 0.2886102 0.1730316 0.3010654 0.1268133 0.3259505 0.2779778 0.2100494 0.2922588 0.0455488 0.3079016 0.2993700 0.3079749 0.3042049 0.3163006 0.2858257 0.4037513 0.3297042 0.3293020 0.2690178 0.3050420 0.0000000 0.3429743 0.2789493 0.6283859 0.3084609 0.3165362 0.2984785 0.3134640 0.2723682 0.2721314 0.3018948 0.3025807 0.1627376 0.2905090 0.2873752 0.5892656 0.2509882 0.2798775 0.3348253 0.2618339 0.2564389 0.0929351 0.1424375 0.2964249 0.6530485 0.1734979 0.5111889 0.2380731 0.0108905 0.3215159 0.3163577 0.3148745 0.2977823 0.3047178 0.3052123 0.2912808 0.2564862 0.2981691 0.2982885 0.2557124 0.0247325 0.2946864 0.2953360 0.6505765 0.2847414 0.0700258 0.3375240 0.3212031 
Perityle_feddemae_99                       0.3544789 0.0477390 0.3740755 0.3604394 0.2047546 0.2116630 0.4642600 0.1540939 0.6045627 0.3163735 0.1703102 0.1356502 0.1791478 0.0565757 0.2316675 0.1105230 0.3271957 0.1920520 0.1529958 0.1925534 0.0508222 0.1742611 0.1995958 0.2275063 0.2259499 0.2129134 0.1871451 0.4191088 0.1883235 0.2074478 0.1962484 0.2275726 0.3429743 0.0000000 0.1970813 0.6475892 0.2053880 0.2346986 0.1713493 0.1129679 0.1900590 0.0914155 0.2311839 0.2220028 0.1220708 0.2000502 0.1944511 0.6407021 0.1631898 0.1853634 0.1793991 0.1660225 0.1836722 0.1176887 0.1544976 0.1977108 0.6637178 0.1803332 0.4689418 0.2195757 0.0316894 0.3158868 0.2206282 0.2179958 0.3033084 0.3379558 0.1985621 0.2085384 0.1635230 0.2019236 0.2022716 0.1432442 0.0599658 0.2774311 0.1540276 0.6913938 0.2133998 0.0859566 0.2427582 0.1776145 
Perityle_fosteri_93                        0.2766047 0.0277733 0.2282382 0.2861459 0.1075414 0.1851179 0.4482016 0.1325458 0.5069729 0.1872840 0.0725362 0.1225717 0.0973320 0.0889624 0.0857097 0.0214161 0.3276551 0.0648931 0.0277039 0.0442989 0.0122993 0.1111654 0.0508851 0.0402544 0.0685782 0.1233106 0.1348972 0.3867316 0.1643651 0.1416065 0.1331070 0.0671434 0.2789493 0.1970813 0.0000000 0.5682210 0.0695794 0.1319655 0.1046555 0.1211462 0.0454708 0.1099901 0.1475516 0.0204715 0.0245130 0.0465579 0.0415892 0.5419542 0.0321337 0.0503989 0.1232817 0.0814336 0.1087233 0.0566637 0.0566676 0.0502866 0.5631509 0.0674835 0.4800102 0.1074155 0.0077606 0.1041330 0.1167325 0.0765922 0.1753928 0.3056118 0.0644493 0.0637981 0.1169834 0.0485762 0.0516257 0.1272728 0.0151410 0.1843079 0.1205468 0.5681668 0.0200099 0.0885858 0.0850456 0.1419976 
Perityle_gamon_221                         0.6496147 0.2737274 0.6430495 0.6533465 0.5893926 0.2194113 0.2233919 0.3559313 0.2464069 0.5946826 0.6313630 0.5956640 0.5345624 0.3213475 0.5885546 0.4564251 0.5183771 0.5467388 0.4979184 0.5565235 0.3369913 0.5613258 0.6105434 0.6583163 0.6423784 0.5927286 0.5193353 0.0806021 0.5949648 0.6988464 0.5614838 0.6023930 0.6283859 0.6475892 0.5682210 0.0000000 0.5785326 0.6595941 0.5900225 0.6649438 0.5366655 0.6376158 0.6720019 0.6601391 0.4738972 0.5934907 0.5944064 0.0833758 0.5163307 0.5550527 0.5908359 0.4680520 0.4727716 0.4338447 0.4529545 0.6372850 0.2262151 0.4986882 0.2640148 0.6228185 0.3154189 0.7079573 0.5678436 0.5927042 0.5929941 0.3819493 0.5802576 0.6419639 0.5617153 0.6517120 0.5962917 0.5558635 0.3059172 0.5766206 0.6469148 0.2441955 0.5982059 0.4339946 0.6557813 0.6743708 
Perityle_gentryi_8_san_francisco           0.2966560 0.0360340 0.2383945 0.3131644 0.1064735 0.2036610 0.4484441 0.1502765 0.5051447 0.2048923 0.0693267 0.1439267 0.0859542 0.1077447 0.0446527 0.0218734 0.3315945 0.0421278 0.0185276 0.0361272 0.0426914 0.0864948 0.0438681 0.1067956 0.0826368 0.1815564 0.1559073 0.3905313 0.1809955 0.1767380 0.1586932 0.0399112 0.3084609 0.2053880 0.0695794 0.5785326 0.0000000 0.1059687 0.0895501 0.1284764 0.0409036 0.1204348 0.1466899 0.0962640 0.0477932 0.0448527 0.0413643 0.5410745 0.0314408 0.0375454 0.1046648 0.0584950 0.1286377 0.0854816 0.0430877 0.0438503 0.6137517 0.0827956 0.5051512 0.1095083 0.0265320 0.1557942 0.1189045 0.0630966 0.1919175 0.3529471 0.0454308 0.0523352 0.1382355 0.0635554 0.0430662 0.1598939 0.0435040 0.1963474 0.1117529 0.6148449 0.0851146 0.0934959 0.1127598 0.2075945 
Perityle_gilensis_22_Superstition          0.3383730 0.0304696 0.2653361 0.3439052 0.1510094 0.1887660 0.5610493 0.1373857 0.5290909 0.2264103 0.1169992 0.1220041 0.0383953 0.0943186 0.1360169 0.0438047 0.3732122 0.1067171 0.0443268 0.0938461 0.0149160 0.0780760 0.0973567 0.1449545 0.1248201 0.1551800 0.1657271 0.3865835 0.2075569 0.1855554 0.1582983 0.0972888 0.3165362 0.2346986 0.1319655 0.6595941 0.1059687 0.0000000 0.0968255 0.1668637 0.0558728 0.1646359 0.2392262 0.1171018 0.1192619 0.0979936 0.0945880 0.6030693 0.1019974 0.0768740 0.1163170 0.0272367 0.1377911 0.0883824 0.0589012 0.0943190 0.5469345 0.0690201 0.5618934 0.1315579 0.0052424 0.2485011 0.1601505 0.1144895 0.2292163 0.3806814 0.1021582 0.0743424 0.1604734 0.0891058 0.1025292 0.1639971 0.0546660 0.2355388 0.1460185 0.5808048 0.1321166 0.0934126 0.1639048 0.1929731 
Perityle_gilensis_salensis_225             0.3191794 0.0409948 0.2489588 0.3111763 0.1117856 0.1924396 0.4424575 0.1461694 0.5509901 0.1943517 0.0986614 0.0677658 0.0537722 0.0425715 0.1002460 0.0421459 0.3518057 0.0918447 0.0420811 0.0741351 0.0096792 0.0318907 0.0782017 0.1416479 0.1066934 0.1268914 0.1170199 0.4026702 0.1540401 0.1314865 0.1177705 0.0923088 0.2984785 0.1713493 0.1046555 0.5900225 0.0895501 0.0968255 0.0000000 0.1123608 0.0557884 0.1102848 0.1213399 0.1226049 0.0863462 0.0809822 0.0714221 0.5505657 0.0807640 0.0567899 0.0515691 0.0329147 0.1120718 0.0942773 0.0588467 0.0727740 0.6210121 0.0686769 0.5139858 0.1025349 0.0153501 0.1907236 0.1139092 0.1076334 0.1787216 0.3287830 0.0938997 0.0782045 0.1038237 0.0778567 0.0768989 0.0884536 0.0484470 0.2000439 0.0864519 0.6422588 0.1192371 0.0842597 0.1745068 0.1685267 
Perityle_glaucescens_94                    0.3209174 0.0594516 0.2822418 0.3198823 0.1295964 0.2153531 0.5176683 0.1511178 0.4929162 0.2074736 0.1533608 0.1417252 0.1180732 0.0582398 0.1455926 0.0797364 0.3328274 0.1201179 0.0825557 0.1219828 0.0484179 0.1024700 0.1395062 0.1587899 0.1615545 0.1859596 0.1318999 0.4131046 0.1473499 0.1582460 0.1341611 0.1565007 0.3134640 0.1129679 0.1211462 0.6649438 0.1284764 0.1668637 0.1123608 0.0000000 0.1105196 0.0175100 0.2081665 0.1649156 0.1178062 0.1447313 0.1320231 0.6012546 0.1157400 0.1390636 0.1299236 0.0892619 0.1307793 0.1067266 0.1009800 0.1377428 0.5809915 0.1078385 0.4609148 0.1579309 0.0343139 0.2535488 0.1497482 0.1445790 0.2334213 0.3442417 0.1324165 0.1586619 0.1195672 0.1456295 0.1375060 0.1457006 0.0704899 0.2142509 0.0982584 0.6153100 0.1314109 0.1033143 0.1977868 0.1914153 
Perityle_gracilis_11                       0.2422481 0.0302324 0.1678802 0.2381097 0.0796617 0.1887230 0.4180722 0.1377314 0.4702679 0.1305089 0.0450930 0.1082858 0.0704785 0.0691080 0.0332820 0.0045399 0.2560230 0.0306657 0.0099508 0.0021172 0.0170554 0.0580081 0.0097925 0.0810398 0.0552617 0.1267895 0.1297427 0.3791469 0.1701994 0.1512677 0.1310631 0.0328427 0.2723682 0.1900590 0.0454708 0.5366655 0.0409036 0.0558728 0.0557884 0.1105196 0.0000000 0.0977219 0.1002666 0.0676084 0.0181605 0.0069004 0.0019718 0.4967269 0.0119172 0.0274489 0.0822730 0.0383176 0.0963436 0.0572341 0.0354657 0.0108165 0.5624230 0.0630744 0.3764562 0.0775985 0.0051771 0.1036461 0.0890470 0.0525463 0.1107648 0.2381287 0.0401878 0.0236695 0.1104979 0.0111921 0.0107481 0.1383192 0.0025183 0.1335650 0.0858616 0.5439422 0.0686495 0.0629049 0.1123100 0.1992671 
Perityle_harkerae_31                       0.2834381 0.0561161 0.2610981 0.2975212 0.1272305 0.2087511 0.4899343 0.1454077 0.4875202 0.2023952 0.1394163 0.0890617 0.1050479 0.0572132 0.1450329 0.0718686 0.3247033 0.1148634 0.0823191 0.1152565 0.0433069 0.0997374 0.1352044 0.1462271 0.1556218 0.1377659 0.1147863 0.4094375 0.1050830 0.1283996 0.1089472 0.1521417 0.2721314 0.0914155 0.1099901 0.6376158 0.1204348 0.1646359 0.1102848 0.0175100 0.0977219 0.0000000 0.2101715 0.1355906 0.1071941 0.1340645 0.1236405 0.5991266 0.1083977 0.1072621 0.1182638 0.0903707 0.1236273 0.1006676 0.0971603 0.1311656 0.5468360 0.0917457 0.4697010 0.1460396 0.0285660 0.2568020 0.1440758 0.1361830 0.2315605 0.3395892 0.1297631 0.1398680 0.1151232 0.1307444 0.1343798 0.1337363 0.0628554 0.2091681 0.0893855 0.5529751 0.1192531 0.0868906 0.1645431 0.1097532 
Perityle_hofmeisteria_4_nombre_de_dios     0.4004965 0.0531680 0.3287981 0.3567946 0.2170053 0.2151782 0.5300543 0.1670246 0.5879210 0.2291740 0.2229706 0.2038361 0.1061370 0.0791530 0.1402440 0.0727050 0.3338031 0.1262545 0.0741959 0.1623257 0.0486251 0.1054732 0.1997975 0.2411393 0.2231578 0.2081220 0.1259757 0.4006926 0.1972539 0.2534835 0.1251697 0.2272767 0.3018948 0.2311839 0.1475516 0.6720019 0.1466899 0.2392262 0.1213399 0.2081665 0.1002666 0.2101715 0.0000000 0.2632845 0.0900750 0.1993976 0.1780599 0.6232433 0.1532453 0.1249972 0.1636702 0.0756151 0.1219862 0.0954451 0.0798885 0.1974328 0.6439130 0.0901388 0.5241811 0.2485794 0.0368545 0.2827485 0.1745922 0.1516110 0.2309845 0.3788307 0.1531097 0.2145258 0.1249760 0.2305467 0.1745759 0.1640465 0.0625018 0.2176464 0.1828858 0.6711568 0.1383847 0.1081684 0.3042802 0.3302681 
Perityle_huecosensis_48                    0.2943200 0.0354547 0.2252466 0.2904962 0.1194454 0.1764129 0.5200791 0.1268493 0.4951710 0.2302857 0.1012680 0.1726954 0.1126910 0.0959167 0.0987342 0.0284408 0.3646402 0.0642566 0.0367531 0.0611480 0.0052318 0.1242424 0.0719469 0.0666219 0.0917054 0.2121591 0.1550045 0.3719612 0.1836035 0.1828052 0.1507510 0.0751080 0.3025807 0.2220028 0.0204715 0.6601391 0.0962640 0.1171018 0.1226049 0.1649156 0.0676084 0.1355906 0.2632845 0.0000000 0.0352734 0.0799140 0.0876734 0.5932574 0.0470753 0.0998159 0.1687302 0.0855839 0.1273327 0.0655678 0.0616769 0.0912391 0.5780577 0.0838480 0.5094227 0.1251615 0.0102144 0.1682367 0.1450263 0.1087391 0.2026299 0.3273995 0.0846788 0.0897140 0.1364496 0.0873361 0.0741685 0.1711772 0.0214758 0.1969312 0.1590132 0.5926718 0.0230927 0.0968717 0.1138638 0.2141221 
Perityle_incana_3_ucla                     0.2173010 0.0146560 0.2178690 0.2827032 0.0824623 0.1791116 0.4178563 0.0963860 0.4641673 0.1590767 0.0474838 0.0841644 0.0883404 0.1087323 0.0418580 0.0119044 0.3125136 0.0501557 0.0186653 0.0245210 0.0184426 0.1009314 0.0255259 0.0445694 0.0527147 0.1082296 0.1161225 0.3811856 0.1204246 0.1154961 0.0965642 0.0433954 0.1627376 0.1220708 0.0245130 0.4738972 0.0477932 0.1192619 0.0863462 0.1178062 0.0181605 0.1071941 0.0900750 0.0352734 0.0000000 0.0285529 0.0150925 0.4708625 0.0179639 0.0249797 0.1032335 0.0656652 0.1096911 0.0607197 0.0236088 0.0272175 0.5098293 0.0411634 0.4725767 0.0747805 0.0054561 0.1192135 0.0998809 0.0518848 0.1600140 0.2946655 0.0390821 0.0357050 0.1143172 0.0239936 0.0267800 0.0913705 0.0160602 0.1717256 0.0976996 0.4895069 0.0372925 0.0353562 0.0218400 0.0830194 
Perityle_intricata_59_Clark_mtns           0.2906195 0.0330458 0.2372291 0.2933071 0.1026520 0.1942365 0.4472002 0.1382752 0.5081916 0.2056447 0.0635337 0.1378696 0.0746257 0.0975903 0.0495277 0.0150657 0.3341487 0.0363939 0.0112623 0.0052175 0.0219599 0.0814529 0.0101376 0.0853119 0.0619122 0.1571679 0.1416963 0.3918585 0.1740726 0.1761905 0.1416706 0.0370224 0.2905090 0.2000502 0.0465579 0.5934907 0.0448527 0.0979936 0.0809822 0.1447313 0.0069004 0.1340645 0.1993976 0.0799140 0.0285529 0.0000000 0.0161995 0.5645290 0.0150148 0.0410282 0.1167090 0.0460259 0.1091446 0.0658546 0.0341415 0.0253112 0.6089729 0.0669621 0.4908792 0.1051717 0.0077809 0.2140079 0.1102993 0.0525114 0.1854181 0.3424851 0.0381754 0.0506110 0.1259805 0.0197836 0.0105050 0.1565563 0.0173395 0.1865881 0.1194409 0.6146588 0.0687850 0.0856689 0.0861029 0.2141513 
Perityle_inyoensis_9_pleasant              0.2923270 0.0333397 0.2295873 0.2856368 0.0954563 0.1898377 0.4591012 0.1389119 0.5024498 0.1929749 0.0525970 0.1293152 0.0658545 0.0884400 0.0446362 0.0030332 0.3185754 0.0292646 0.0063429 0.0017471 0.0172086 0.0734999 0.0071079 0.0813617 0.0599243 0.1597233 0.1345059 0.3772439 0.1728310 0.1641443 0.1374042 0.0296731 0.2873752 0.1944511 0.0415892 0.5944064 0.0413643 0.0945880 0.0714221 0.1320231 0.0019718 0.1236405 0.1780599 0.0876734 0.0150925 0.0161995 0.0000000 0.5642670 0.0100969 0.0394069 0.1016315 0.0377566 0.0996724 0.0567928 0.0296217 0.0183143 0.5994858 0.0603825 0.4919540 0.1006328 0.0026047 0.1913480 0.1010978 0.0507273 0.1821913 0.3405834 0.0328542 0.0389549 0.1176430 0.0286491 0.0081612 0.1461496 0.0124101 0.1804242 0.1077056 0.6034802 0.0689509 0.0861909 0.0875278 0.2156086 
