84
Amauria_brandeegeana_62                    0.0000000 0.1242743 0.1487501 0.2687125 0.1744623 0.1600156 0.2165976 0.1533521 0.3351384 0.2221770 0.2231229 0.1485529 0.1353862 0.1166998 0.2142470 0.1551522 0.3469222 0.1639044 0.3520999 0.1117009 0.2656891 0.1291092 0.2212519 0.1452304 0.1908308 0.1330094 0.1482729 0.1493356 0.2628560 0.1239608 0.2768379 0.2022432 0.1877064 0.2027958 0.1452875 0.1984957 0.2306152 0.2020551 0.1654547 0.1027287 0.1469054 0.2212337 0.2283871 0.2138312 0.2830512 0.2954915 0.3346165 0.1452159 0.3228148 0.2561109 0.1140575 0.1253488 0.1524794 0.1671934 0.2118852 0.2614766 0.1308132 0.1752868 0.1668404 0.1448382 0.1916834 0.2113874 0.3026704 0.1693345 0.1281962 0.2092833 0.1949768 0.2007637 0.2311338 0.1338504 0.1490535 0.1431436 0.2823945 0.1452736 0.1483541 0.1323531 0.1790644 0.1677128 0.2387518 0.1380150 0.1359404 0.1823680 0.1422137 0.2430138 
Amauria_carterae_99_mesa                   0.1242743 0.0000000 0.1339033 0.1589413 0.1009327 0.1437688 0.1239596 0.1131685 0.2351080 0.1491187 0.1332948 0.1386205 0.1351863 0.1119238 0.1216276 0.1373853 0.3216786 0.1168398 0.2146790 0.0995743 0.1554514 0.1099575 0.2179708 0.1390063 0.1506616 0.1249294 0.1358688 0.1329698 0.2581535 0.1075968 0.2128243 0.1500437 0.1347995 0.1345066 0.1511099 0.1650931 0.1192692 0.1526183 0.1417638 0.1110883 0.1438187 0.1584635 0.1652570 0.1547705 0.1945789 0.2088243 0.1607431 0.1313875 0.2166068 0.1771712 0.0970455 0.1023982 0.1032949 0.1197034 0.1452365 0.1826698 0.1220424 0.1398348 0.1352924 0.1311984 0.1366218 0.1899421 0.2674571 0.1109553 0.1009442 0.1394503 0.1383326 0.1578969 0.1683038 0.1380084 0.1365630 0.1380484 0.2325105 0.1310096 0.1352313 0.1140342 0.1235926 0.1196348 0.1275782 0.1050859 0.1266994 0.1262569 0.1292707 0.2272114 
Amauria_rotundifolia_SRR9119150            0.1487501 0.1339033 0.0000000 0.3362889 0.2226686 0.1200474 0.3440478 0.1614636 0.3963298 0.8689970 0.2606254 0.1795214 0.1589516 0.1654722 0.1038457 0.1932428 0.1584557 0.2024677 0.1685913 0.1028392 0.1159901 0.1701935 0.2126636 0.1598085 0.3150306 0.1498582 0.1753308 0.2332199 0.1586401 0.0636056 0.1925777 0.1775159 0.1488116 0.8887403 0.1726300 0.2012223 0.1507857 0.2753654 0.2032136 0.0992675 0.1616659 0.2062674 0.2629397 0.2104450 0.2552031 0.1261347 1.1770451 0.1539712 0.1392140 0.2885935 0.1490285 0.1030198 0.1613417 0.1546239 0.1547322 0.1786250 0.1644145 0.2455615 0.1773425 0.1632153 0.2208987 0.1479215 0.1882657 0.1674247 0.1771963 0.1994345 0.1899371 0.1921136 0.2130411 0.0814087 0.1754255 0.1493813 0.1833711 0.1565848 0.1657236 0.1220589 0.2574321 0.1832198 0.2564328 0.1452803 0.1520593 0.1831939 0.1599636 0.7310623 
Conoclinium_coelestinum_SRR9119114         0.2687125 0.1589413 0.3362889 0.0000000 0.2430598 0.0501096 0.2284155 0.1586465 0.3934627 0.2218933 0.2672378 0.2702687 0.2656677 0.2186668 0.2054162 0.2745415 0.4761735 0.2230133 0.3718393 0.2334466 0.2721775 0.2351775 0.2227064 0.2480229 0.2329481 0.2358932 0.2571146 0.2359599 0.3900850 0.1281761 0.2476676 0.2776886 0.1928509 0.2006183 0.2542870 0.3086090 0.2681745 0.3026459 0.2882887 0.1422685 0.2386354 0.3201670 0.2545634 0.3063762 0.2730927 0.3791436 0.2403371 0.2454630 0.4151848 0.3258453 0.2885585 0.2824328 0.3153559 0.2556922 0.2862174 0.2745096 0.1432376 0.2160598 0.2813419 0.2432937 0.2455546 0.2115149 0.3909050 0.1850872 0.2318033 0.2892201 0.2858460 0.2770539 0.2493557 0.1129659 0.2757670 0.2347649 0.3592717 0.2463797 0.2473705 0.2466620 0.2060887 0.2292909 0.3196589 0.3019408 0.2450585 0.1712855 0.2422052 0.2805211 
Eutetras_palmeri_63                        0.1744623 0.1009327 0.2226686 0.2430598 0.0000000 0.2802334 0.1865307 0.1105639 0.3208277 0.0943719 0.0644449 0.1614272 0.1623560 0.1913003 0.1383674 0.1584073 0.4158653 0.1486746 0.3311947 0.1199131 0.2199458 0.1396214 0.2523229 0.1460140 0.1550232 0.1319371 0.1512580 0.1701065 0.3144203 0.1563648 0.6825473 0.1649831 0.1240072 0.0933809 0.1484222 0.2122761 0.1526279 0.2023505 0.1910267 0.1370315 0.1504956 0.2035302 0.1530770 0.1857975 0.1945814 0.3186611 0.1356185 0.1380047 0.3510051 0.1894560 0.1700434 0.1590978 0.1920941 0.1470536 0.2011006 0.1840951 0.1428893 0.1393283 0.1525350 0.1367682 0.1855811 0.2291662 0.3469769 0.1148761 0.1555740 0.1702537 0.1611570 0.1450052 0.1856765 0.1897976 0.1661621 0.1453984 0.3202172 0.1357965 0.1415997 0.1545053 0.1449415 0.1266207 0.1838992 0.1877484 0.1452107 0.1394167 0.1334112 0.2114319 
Eutetras_pringlei_149_quer                 0.1600156 0.1437688 0.1200474 0.0501096 0.2802334 0.0000000 0.1066595 0.1208153 0.1546510 1.0927083 0.0744168 0.1691614 0.1598550 0.1791733 0.1464165 0.1795079 0.1647141 0.1795162 0.0699556 0.1575521 0.1513486 0.1684204 0.1417975 0.1659657 0.1496650 0.1551543 0.1560868 0.1652269 0.1219534 0.2218245 0.2025054 0.1651328 0.1469060 1.0713499 0.1590659 0.2135384 0.1546505 0.2195164 0.1844615 0.1568663 0.1600472 0.2098385 0.3166570 0.2094635 0.4959473 0.1687973 9.0000000 0.1455126 0.1469020 0.4024882 0.4278426 0.1685745 0.1672402 0.1535093 0.1542910 0.2621573 0.1658704 0.4115447 0.1736908 0.1435206 0.2201173 0.0371702 0.1888823 9.0000000 0.1551020 0.1636667 0.1966214 0.1615560 0.3566115 0.1461673 0.1777304 0.1508346 0.2380414 0.1523901 0.1536362 0.1442447 0.3120112 0.1261940 0.2326499 0.1747595 0.1635908 0.1245215 0.1469020 0.7264543 
Eutrochium_fistulosum_SRR9119106           0.2165976 0.1239596 0.3440478 0.2284155 0.1865307 0.1066595 0.0000000 0.1150290 0.4263344 0.1714521 0.2465590 0.2497584 0.2428086 0.2338472 0.2135070 0.2230864 0.4641707 0.2310142 0.3810829 0.2632281 0.2864183 0.2312700 0.2547352 0.2322918 0.2374160 0.2143218 0.2330517 0.2325281 0.3758633 0.1191747 0.2884425 0.2495847 0.1897599 0.1770091 0.2362024 0.2810159 0.2956266 0.2592908 0.2443250 0.1151342 0.2334080 0.2786693 0.2207719 0.2787563 0.2207110 0.3664669 0.1749543 0.2280490 0.3951040 0.2431021 0.2180300 0.2929760 0.2979176 0.2406627 0.2672230 0.2493504 0.1594963 0.2163618 0.2484891 0.2262367 0.2595442 0.1965109 0.4029165 0.1576090 0.2333819 0.2566295 0.2568000 0.2527729 0.2206868 0.0999956 0.2465372 0.2286499 0.3750929 0.2263976 0.2280695 0.3066968 0.2288679 0.2238482 0.2963524 0.2983780 0.2166267 0.1592874 0.2239818 0.2233770 
Galeana_pratensis_104_mex                  0.1533521 0.1131685 0.1614636 0.1586465 0.1105639 0.1208153 0.1150290 0.0000000 0.2010282 0.2011936 0.1588685 0.1453643 0.1406764 0.1177140 0.1293778 0.1416509 0.3140801 0.1261405 0.1966332 0.1393497 0.1723314 0.1320433 0.1565229 0.1441422 0.1671268 0.1269589 0.1469957 0.1250792 0.2655199 0.1219211 0.1413362 0.1426352 0.1267335 0.1998510 0.1507506 0.1473976 0.1593895 0.1525162 0.1574792 0.1120852 0.1571588 0.1511054 0.1508811 0.1441820 0.1531980 0.1689638 0.1200352 0.1368297 0.1714390 0.1672124 0.0934708 0.1384769 0.1379325 0.1377536 0.1611007 0.1471715 0.1197221 0.1178289 0.1425178 0.1355597 0.1115374 0.1540833 0.2674456 0.1196022 0.1045961 0.1610057 0.1498655 0.1482476 0.1447248 0.1134593 0.1460930 0.1454920 0.1895649 0.1376530 0.1381861 0.1521335 0.1211042 0.1346092 0.1556157 0.1400827 0.1129401 0.1169086 0.1331137 0.2684034 
Helianthus_annuus_SRR9119062               0.3351384 0.2351080 0.3963298 0.3934627 0.3208277 0.1546510 0.4263344 0.2010282 0.0000000 0.3774210 0.3592430 0.3640502 0.3593709 0.3166313 0.2633083 0.3494084 0.5018424 0.3432828 0.3972856 0.3067664 0.3186979 0.3472932 0.3247465 0.3431382 0.3550967 0.3427891 0.3453168 0.3654615 0.4657880 0.1758303 0.3527753 0.3522929 0.2300026 0.3730598 0.3588073 0.3837080 0.3500345 0.3835136 0.3708880 0.2284296 0.3448216 0.3956949 0.3406224 0.3888849 0.3538226 0.3963934 0.2200760 0.3435840 0.4197424 0.3955994 0.2821002 0.3317293 0.3483258 0.3401625 0.3459006 0.3750379 0.2575231 0.2868002 0.3629268 0.3448238 0.3112425 0.2479015 0.4726716 0.2148376 0.2962828 0.3683513 0.3632310 0.3524510 0.3372624 0.1707840 0.3536733 0.3274563 0.4377720 0.3443336 0.3462138 0.3140836 0.2333723 0.3320475 0.4258182 0.3586273 0.3339939 0.2577473 0.3453231 0.4147519 
Lycapsus_tenuifolius_17                    0.2221770 0.1491187 0.8689970 0.2218933 0.0943719 1.0927083 0.1714521 0.2011936 0.3774210 0.0000000 0.2730473 0.2054377 0.1857057 1.0527222 1.0466490 0.2350306 0.8854469 0.2637827 0.4406172 0.8416399 0.8893662 0.1991300 0.3309720 0.2172566 0.2131798 0.1918116 0.1983354 0.2058400 0.6760078 1.0003194 0.9556420 0.2763716 0.3866154 0.0038383 0.2097906 0.2632936 0.8473105 0.2750920 0.2294338 1.0616884 0.2095321 0.2469792 0.1849399 0.2416034 0.1465990 0.8912006 0.1544324 0.2108001 0.8124934 0.1349767 1.4402182 0.8960488 0.8337797 0.1788727 0.2151720 0.2086007 0.2221312 0.2326180 0.2166600 0.2196208 0.3439820 0.2982127 0.8401572 0.0551208 0.3331287 0.1229787 0.2017458 0.1936489 0.2467137 1.0276543 0.2013840 0.1854862 0.6024333 0.2022414 0.2185705 0.8645329 0.2345078 0.1338368 0.2582168 0.8808848 0.1735728 0.1835428 0.2191546 0.1407021 
Pericome_caudata_50_silver                 0.2231229 0.1332948 0.2606254 0.2672378 0.0644449 0.0744168 0.2465590 0.1588685 0.3592430 0.2730473 0.0000000 0.2028417 0.1891460 0.2261531 0.2598311 0.2034014 0.4218981 0.2061655 0.3347099 0.1604316 0.2822048 0.1913455 0.2185533 0.2175287 0.2390511 0.1801657 0.2128124 0.2759882 0.2943846 0.1970291 0.3643870 0.2253121 0.1668303 0.2408495 0.1887630 0.2573912 0.3020813 0.3037003 0.2314787 0.1994324 0.1922926 0.2810536 0.2735958 0.2775521 0.3154904 0.3472791 0.3501113 0.2137913 0.3639946 0.3068334 0.2807036 0.1786521 0.2186444 0.2141959 0.2627647 0.2632085 0.1642572 0.2318533 0.2579255 0.2114076 0.2418046 0.2261404 0.3532890 0.2131233 0.2004892 0.2196560 0.2608856 0.1753418 0.2528123 0.1908153 0.2005597 0.1830047 0.3230447 0.2090154 0.2111810 0.1882655 0.2291197 0.1734371 0.2982303 0.2390998 0.1643890 0.2001487 0.2113428 0.2530046 
Perityle_aglossa_84_dead_horse             0.1485529 0.1386205 0.1795214 0.2702687 0.1614272 0.1691614 0.2497584 0.1453643 0.3640502 0.2054377 0.2028417 0.0000000 0.0357012 0.0683880 0.0859125 0.1112998 0.2024943 0.1552493 0.2871059 0.0266545 0.1052583 0.0292936 0.1192643 0.0361486 0.1031441 0.0235675 0.0458833 0.0760860 0.2568251 0.1153880 0.2279562 0.1698018 0.1199845 0.1922513 0.0395398 0.1754287 0.1206278 0.1965025 0.1267037 0.0314188 0.0382694 0.1933753 0.1591669 0.1925874 0.2837175 0.1630351 0.2752752 0.0339650 0.1896862 0.2374275 0.0390560 0.0235951 0.0523299 0.0501507 0.1053107 0.2240802 0.0425737 0.1507972 0.0599896 0.0325137 0.1755254 0.1965389 0.2660173 0.0775125 0.0107308 0.1850066 0.0757724 0.1677745 0.2089306 0.0582929 0.0376377 0.0295309 0.2367899 0.0319952 0.0423999 0.0206287 0.1307612 0.1353922 0.1928313 0.0455695 0.0101822 0.1367079 0.0305086 0.2002189 
Perityle_ajoensis_204                      0.1353862 0.1351863 0.1589516 0.2656677 0.1623560 0.1598550 0.2428086 0.1406764 0.3593709 0.1857057 0.1891460 0.0357012 0.0000000 0.0428034 0.0333035 0.1037521 0.1824177 0.1487463 0.2585743 0.0284124 0.0688085 0.0253173 0.1158273 0.0370965 0.0869967 0.0075316 0.0453435 0.0700411 0.2348995 0.1060870 0.2278182 0.1582057 0.1165247 0.1786324 0.0218621 0.1706106 0.0357796 0.2063411 0.1345300 0.0262991 0.0366089 0.1754175 0.1122999 0.1614394 0.2542094 0.1390074 0.1590798 0.0299918 0.1452313 0.2039826 0.0271538 0.0103750 0.0387578 0.0244605 0.0828807 0.1952848 0.0412646 0.1494380 0.0338642 0.0274228 0.1550608 0.1820665 0.2513401 0.0485904 0.0208029 0.1726463 0.0528466 0.1772919 0.1872217 0.0431008 0.0236024 0.0317285 0.2255527 0.0255702 0.0306823 0.0194712 0.1390039 0.1208761 0.1828304 0.0281215 0.0208463 0.1161607 0.0243465 0.2126480 
Perityle_ambrosiifolia_67_green            0.1166998 0.1119238 0.1654722 0.2186668 0.1913003 0.1791733 0.2338472 0.1177140 0.3166313 1.0527222 0.2261531 0.0683880 0.0428034 0.0000000 0.0294636 0.0640162 0.0456675 0.1492648 0.1326821 0.0291447 0.0273535 0.0581447 0.1054461 0.0654478 0.1084641 0.0574398 0.0938200 0.1284456 0.2052508 0.1050624 0.1407176 0.1640096 0.0911084 0.9230977 0.0816644 0.1775275 0.0545343 0.2060203 0.0998312 0.0678943 0.0749264 0.1526023 0.1586392 0.1925885 0.3543582 0.0657899 9.0000000 0.0724420 0.0421327 0.1714294 0.0783047 0.0294715 0.0376631 0.0279406 0.0456704 0.2074360 0.0471082 0.2034753 0.0716934 0.0689754 0.1726508 0.0891541 0.1292839 0.0582531 0.0657502 0.1449323 0.0898686 0.1479585 0.2729778 0.0558020 0.0489187 0.0200045 0.1302731 0.0690354 0.0591504 0.0193728 0.1300433 0.1230444 0.1709263 0.0742956 0.0187651 0.1157648 0.0649997 0.6250202 
Perityle_angustifolia_13_Eagle_creek       0.2142470 0.1216276 0.1038457 0.2054162 0.1383674 0.1464165 0.2135070 0.1293778 0.2633083 1.0466490 0.2598311 0.0859125 0.0333035 0.0294636 0.0000000 0.1302877 0.0149397 0.1522832 0.1333909 0.0220555 0.0278850 0.0120891 0.0899550 0.0902697 0.1492445 0.0782923 0.1020472 0.0732767 0.1042565 0.1015888 0.1564566 0.2146683 0.1722512 0.9413239 0.0931219 0.1579556 0.0288064 0.1851812 0.1337688 0.0203976 0.0877179 0.1170205 0.2680464 0.1204498 0.4172221 0.0232935 0.0279115 0.0931849 0.0392883 0.1423412 0.0135217 0.0592054 0.0531341 0.0740565 0.0028040 0.1570770 0.0356817 0.2452531 0.0923248 0.0913278 0.1308747 0.1034004 0.1046075 0.1256129 0.0152661 0.1539391 0.1240565 0.1324260 0.3514789 0.0419597 0.0870905 0.0878894 0.1321246 0.0887249 0.0924702 0.0179872 0.1705547 0.1860194 0.1347781 0.0583228 0.0413763 0.1248282 0.0883877 0.5825080 
Perityle_batopilensis_97                   0.1551522 0.1373853 0.1932428 0.2745415 0.1584073 0.1795079 0.2230864 0.1416509 0.3494084 0.2350306 0.2034014 0.1112998 0.1037521 0.0640162 0.1302877 0.0000000 0.2599900 0.1753919 0.3282025 0.0605251 0.1604765 0.0832268 0.1808472 0.1168640 0.1615227 0.1026596 0.1219614 0.1288690 0.2550139 0.1080995 0.2230077 0.2019989 0.0959061 0.2207076 0.1121468 0.1994518 0.1473606 0.2167157 0.0239056 0.0582238 0.1186905 0.2136596 0.2121246 0.2142490 0.2762472 0.2115451 0.3081686 0.1147795 0.2273955 0.2675096 0.0433039 0.0692771 0.0908070 0.1244131 0.1665556 0.2295529 0.0916596 0.1979803 0.1256475 0.1125867 0.1719031 0.2214913 0.2740037 0.1595072 0.0692307 0.2039322 0.1492540 0.1717562 0.2449026 0.0859623 0.1088488 0.1113267 0.2567402 0.1121333 0.1173826 0.0636201 0.1565733 0.1638415 0.2193050 0.0743259 0.0959397 0.1725978 0.1103934 0.2434523 
Perityle_bisetosa_9                        0.3469222 0.3216786 0.1584557 0.4761735 0.4158653 0.1647141 0.4641707 0.3140801 0.5018424 0.8854469 0.4218981 0.2024943 0.1824177 0.0456675 0.0149397 0.2599900 0.0000000 0.2521281 0.2455217 0.0275643 0.0186266 0.1328216 0.2327112 0.2218521 0.3417732 0.2083520 0.2345952 0.2233806 0.2431480 0.1070935 0.1949551 0.3349048 0.2515067 0.8478187 0.2155954 0.3225635 0.0568324 0.3542189 0.2735258 0.0222206 0.2117575 0.2624032 0.4503711 0.2512521 0.5435232 0.0586859 0.2895349 0.2223882 0.1003816 0.3055337 0.0271369 0.0654997 0.0754797 0.1923818 0.1403157 0.3033888 0.1713837 0.3682194 0.1945279 0.2206304 0.2233883 0.2440331 0.2186263 0.2557677 0.0780505 0.3547150 0.2299073 0.3817322 0.4516571 0.0483791 0.1913710 0.2452103 0.2935633 0.2192467 0.2303727 0.0304438 0.3009443 0.3628743 0.3385062 0.0528584 0.1870961 0.2624836 0.2164866 0.8465400 
Perityle_californica_76_positas            0.1639044 0.1168398 0.2024677 0.2230133 0.1486746 0.1795162 0.2310142 0.1261405 0.3432828 0.2637827 0.2061655 0.1552493 0.1487463 0.1492648 0.1522832 0.1753919 0.2521281 0.0000000 0.2114368 0.1399713 0.1698344 0.1368292 0.1908674 0.1542316 0.1827774 0.1396148 0.1576536 0.1800841 0.2432243 0.1622902 0.2467377 0.1279166 0.1616993 0.2361815 0.1563477 0.1933434 0.1564445 0.2162408 0.1888491 0.1370999 0.1495858 0.1887423 0.2110628 0.1844752 0.3059244 0.2566957 0.1700064 0.1437112 0.1989584 0.2193942 0.1228049 0.1310819 0.1612949 0.1407763 0.1545412 0.2114390 0.1423604 0.2345576 0.1542645 0.1433385 0.1989895 0.1833605 0.2695114 0.1330082 0.1301236 0.1871750 0.1581745 0.1774101 0.2775544 0.1754620 0.1524055 0.1498403 0.2313034 0.1439834 0.1458711 0.1526466 0.1972702 0.1332364 0.1961826 0.1491339 0.1354176 0.1642119 0.1419349 0.1908545 
Perityle_canescens_77                      0.3520999 0.2146790 0.1685913 0.3718393 0.3311947 0.0699556 0.3810829 0.1966332 0.3972856 0.4406172 0.3347099 0.2871059 0.2585743 0.1326821 0.1333909 0.3282025 0.2455217 0.2114368 0.0000000 0.1504370 0.1708330 0.2305757 0.1918846 0.2920381 0.3452264 0.2769598 0.2972408 0.2539142 0.2480608 0.0886041 0.2192053 0.3152127 0.3068877 0.4260312 0.2937467 0.3081158 0.1610222 0.3063949 0.3159076 0.0985020 0.2918976 0.2712903 0.3764701 0.2636230 0.3674962 0.2410106 0.1512643 0.3004409 0.2819851 0.3102610 0.0801066 0.2026357 0.1874243 0.2379585 0.2413413 0.2565106 0.1752449 0.2135736 0.2809211 0.3003184 0.2268777 0.1241283 0.2925521 0.1735591 0.1301201 0.3000087 0.2431411 0.3240008 0.3620167 0.1165374 0.2892523 0.2996496 0.2165104 0.3045899 0.3040703 0.1815960 0.2135181 0.3190312 0.3181857 0.1875880 0.2459990 0.2013036 0.2968324 0.4353376 
Perityle_castillonii_96                    0.1117009 0.0995743 0.1028392 0.2334466 0.1199131 0.1575521 0.2632281 0.1393497 0.3067664 0.8416399 0.1604316 0.0266545 0.0284124 0.0291447 0.0220555 0.0605251 0.0275643 0.1399713 0.1504370 0.0000000 0.0167046 0.0128117 0.1014935 0.0257793 0.1262143 0.0129346 0.0317965 0.0797095 0.1144477 0.0920137 0.1530370 0.1384760 0.0798592 0.7551620 0.0286960 0.1365695 0.0303067 0.1992220 0.0958519 0.0177332 0.0279182 0.1420768 0.2319785 0.1361784 0.2930229 0.0285435 0.3292652 0.0246186 0.0180819 0.1958096 0.0043279 0.0136623 0.0125285 0.0145007 0.0227636 0.1947774 0.0349327 0.2499434 0.0257967 0.0213464 0.1296891 0.0606765 0.1375098 0.0475059 0.0150848 0.1428498 0.0479117 0.1430127 0.2215093 0.0478693 0.0266522 0.0198303 0.1124283 0.0186688 0.0251867 0.0151955 0.1750504 0.0920081 0.1883048 0.0268841 0.0091689 0.1092706 0.0178809 0.6036471 
Perityle_cernua_84                         0.2656891 0.1554514 0.1159901 0.2721775 0.2199458 0.1513486 0.2864183 0.1723314 0.3186979 0.8893662 0.2822048 0.1052583 0.0688085 0.0273535 0.0278850 0.1604765 0.0186266 0.1698344 0.1708330 0.0167046 0.0000000 0.0338845 0.0637078 0.1101384 0.1915361 0.0929391 0.1190481 0.0880536 0.1196375 0.1019824 0.1385559 0.2419250 0.1727657 0.7989623 0.1103400 0.2037703 0.0389680 0.2247433 0.1692656 0.0248550 0.1014289 0.1708566 0.3559777 0.1714451 0.4429679 0.0369147 0.0303314 0.1137669 0.0343715 0.2481021 0.0181817 0.0561195 0.0389949 0.1033435 0.0324853 0.2373487 0.0346516 0.3037206 0.1063131 0.1081327 0.1336929 0.1004853 0.1347932 0.1571576 0.0116693 0.1881397 0.1097777 0.2093993 0.3770604 0.0477902 0.1061780 0.1067221 0.1393939 0.1073399 0.1132023 0.0104100 0.1951966 0.2199235 0.2044808 0.0499718 0.0641017 0.1212842 0.1076704 0.6071549 
Perityle_cfvillosa_25_tin                  0.1291092 0.1099575 0.1701935 0.2351775 0.1396214 0.1684204 0.2312700 0.1320433 0.3472932 0.1991300 0.1913455 0.0292936 0.0253173 0.0581447 0.0120891 0.0832268 0.1328216 0.1368292 0.2305757 0.0128117 0.0338845 0.0000000 0.1109378 0.0238549 0.0692943 0.0082391 0.0350666 0.0671441 0.2694195 0.0917857 0.1848264 0.1413867 0.0960469 0.1769257 0.0270607 0.1521738 0.0581906 0.1757150 0.1106218 0.0189052 0.0247367 0.1491095 0.1170392 0.1566942 0.2623347 0.0994648 0.1368022 0.0150338 0.1348125 0.1742789 0.0252539 0.0072084 0.0405837 0.0113653 0.0572580 0.1809351 0.0286331 0.1351116 0.0136013 0.0095376 0.1571853 0.1745873 0.2384369 0.0274234 0.0152295 0.1554208 0.0446780 0.1587662 0.1898782 0.0416790 0.0254297 0.0166011 0.1994119 0.0112356 0.0306104 0.0081482 0.1085345 0.1015616 0.1747168 0.0291179 0.0082708 0.0952531 0.0081700 0.1949070 
Perityle_cinerea_113_Powell1310            0.2212519 0.2179708 0.2126636 0.2227064 0.2523229 0.1417975 0.2547352 0.1565229 0.3247465 0.3309720 0.2185533 0.1192643 0.1158273 0.1054461 0.0899550 0.1808472 0.2327112 0.1908674 0.1918846 0.1014935 0.0637078 0.1109378 0.0000000 0.1244923 0.1845383 0.1122980 0.1245496 0.1797864 0.3100807 0.1867451 0.2046430 0.1955552 0.1012415 0.3087739 0.1238627 0.2037399 0.0928214 0.2613630 0.1867592 0.1151673 0.1271630 0.2005710 0.2369184 0.2047375 0.2918086 0.1194333 0.1022119 0.1188939 0.1191933 0.2802339 0.2388768 0.0871941 0.0960485 0.1000233 0.1148581 0.2224086 0.1232642 0.2599195 0.1218570 0.1159885 0.1653517 0.1312582 0.2499971 0.1913383 0.0636770 0.1901890 0.1344006 0.2021599 0.1973977 0.0381056 0.1097468 0.1231240 0.1980992 0.1170913 0.1193323 0.0515733 0.1930645 0.1541956 0.1735041 0.1019585 0.1098496 0.1928321 0.1134104 0.3512185 
Perityle_coahuilensis_24                   0.1452304 0.1390063 0.1598085 0.2480229 0.1460140 0.1659657 0.2322918 0.1441422 0.3431382 0.2172566 0.2175287 0.0361486 0.0370965 0.0654478 0.0902697 0.1168640 0.2218521 0.1542316 0.2920381 0.0257793 0.1101384 0.0238549 0.1244923 0.0000000 0.1014938 0.0362006 0.0485950 0.0871880 0.2670113 0.1098753 0.2254319 0.1826246 0.1216211 0.1933761 0.0370191 0.1788694 0.1293545 0.2262873 0.1516524 0.0350913 0.0349928 0.2140457 0.1527983 0.1976812 0.2817158 0.1762479 0.2776178 0.0313405 0.2061846 0.2415490 0.0162080 0.0235460 0.0306378 0.0546468 0.1018841 0.2270771 0.0418880 0.1459980 0.0526546 0.0411530 0.1556545 0.1890663 0.2597876 0.0845650 0.0247252 0.1697375 0.0759662 0.1669323 0.1963969 0.0507640 0.0340315 0.0000010 0.2244634 0.0269330 0.0425048 0.0195959 0.1333847 0.1248241 0.1997961 0.0362722 0.0203268 0.1401514 0.0470809 0.2162163 
Perityle_cochisensis_44_cave_creek         0.1908308 0.1506616 0.3150306 0.2329481 0.1550232 0.1496650 0.2374160 0.1671268 0.3550967 0.2131798 0.2390511 0.1031441 0.0869967 0.1084641 0.1492445 0.1615227 0.3417732 0.1827774 0.3452264 0.1262143 0.1915361 0.0692943 0.1845383 0.1014938 0.0000000 0.0894212 0.1126826 0.0844963 0.3856632 0.1684725 0.2759160 0.2162194 0.1770229 0.1996166 0.1016281 0.2189458 0.1774524 0.1926913 0.1738699 0.0675168 0.0811310 0.2177015 0.1417780 0.2189709 0.3062357 0.2829402 0.2197681 0.1040544 0.2949636 0.2124914 0.0086826 0.1323244 0.1202177 0.1013481 0.1459956 0.2546023 0.0791023 0.1498730 0.1178196 0.0995372 0.1943341 0.2265298 0.3286000 0.0869481 0.0795010 0.1963174 0.1130747 0.2096017 0.2746650 0.1192093 0.1000415 0.0974762 0.3185024 0.0985725 0.1022653 0.1104634 0.1093363 0.1535307 0.1890584 0.1364542 0.0828141 0.1697691 0.0996020 0.1525447 
Perityle_congesta_202                      0.1330094 0.1249294 0.1498582 0.2358932 0.1319371 0.1551543 0.2143218 0.1269589 0.3427891 0.1918116 0.1801657 0.0235675 0.0075316 0.0574398 0.0782923 0.1026596 0.2083520 0.1396148 0.2769598 0.0129346 0.0929391 0.0082391 0.1122980 0.0362006 0.0894212 0.0000000 0.0366537 0.0628794 0.2626229 0.0958639 0.2063020 0.1696274 0.1104053 0.1837000 0.0191546 0.1634909 0.1056451 0.1923683 0.1249077 0.0247926 0.0236408 0.1870897 0.1467598 0.1822896 0.2557656 0.1432226 0.2688982 0.0199073 0.1866964 0.2243873 0.0116126 0.0084617 0.0159132 0.0405248 0.0902101 0.2122723 0.0298368 0.1358581 0.0422656 0.0151064 0.1439665 0.1838380 0.2564760 0.0705513 0.0148472 0.1576882 0.0665857 0.1556587 0.1897762 0.0420453 0.0150566 0.0187044 0.2102828 0.0162458 0.0322523 0.0060917 0.1271456 0.1153253 0.1826230 0.0165488 0.0078130 0.1233868 0.0150754 0.2058743 
Perityle_cordifolia_27                     0.1482729 0.1358688 0.1753308 0.2571146 0.1512580 0.1560868 0.2330517 0.1469957 0.3453168 0.1983354 0.2128124 0.0458833 0.0453435 0.0938200 0.1020472 0.1219614 0.2345952 0.1576536 0.2972408 0.0317965 0.1190481 0.0350666 0.1245496 0.0485950 0.1126826 0.0366537 0.0000000 0.0861733 0.2719547 0.1125461 0.2399590 0.1903454 0.1228009 0.1887990 0.0481039 0.1829881 0.1360756 0.2233562 0.1574636 0.0487541 0.0474279 0.2176607 0.1638141 0.2005601 0.2692141 0.1737876 0.2665914 0.0455096 0.2086322 0.2457290 0.0439144 0.0316490 0.0379702 0.0489168 0.1141089 0.2192406 0.0506757 0.1492300 0.0650766 0.0434107 0.1688887 0.1907623 0.2768360 0.0783235 0.0370492 0.1734402 0.0669022 0.1684820 0.1972388 0.0547648 0.0430347 0.0397590 0.2284585 0.0413243 0.0580661 0.0265217 0.1428509 0.1274081 0.2111039 0.0471079 0.0316302 0.1463940 0.0412237 0.2152306 
Perityle_cordifolia_68_tecolote            0.1493356 0.1329698 0.2332199 0.2359599 0.1701065 0.1652269 0.2325281 0.1250792 0.3654615 0.2058400 0.2759882 0.0760860 0.0700411 0.1284456 0.0732767 0.1288690 0.2233806 0.1800841 0.2539142 0.0797095 0.0880536 0.0671441 0.1797864 0.0871880 0.0844963 0.0628794 0.0861733 0.0000000 0.3252144 0.1251587 0.2679405 0.1886389 0.1355354 0.1779150 0.0756430 0.2022821 0.1256364 0.2314073 0.1809516 0.0526518 0.0740679 0.2099093 0.1136236 0.2045210 0.2991495 0.1515246 0.1611007 0.0654291 0.2011403 0.1801088 0.0534068 0.0762805 0.1085622 0.0568060 0.0832998 0.1987154 0.0387383 0.1543683 0.0785300 0.0704152 0.2114400 0.1659228 0.2656018 0.0617189 0.0760290 0.1693423 0.0849196 0.1879117 0.2297465 0.0697925 0.0711234 0.0657932 0.2708926 0.0660038 0.0826010 0.0807235 0.1356749 0.1451319 0.1919755 0.0918880 0.0541894 0.1512870 0.0790238 0.2257803 
Perityle_coronopifolia_28_patagonia        0.2628560 0.2581535 0.1586401 0.3900850 0.3144203 0.1219534 0.3758633 0.2655199 0.4657880 0.6760078 0.2943846 0.2568251 0.2348995 0.2052508 0.1042565 0.2550139 0.2431480 0.2432243 0.2480608 0.1144477 0.1196375 0.2694195 0.3100807 0.2670113 0.3856632 0.2626229 0.2719547 0.3252144 0.0000000 0.0833020 0.2056188 0.2336816 0.2043563 0.6727617 0.2771752 0.2482184 0.1775418 0.3267832 0.2730041 0.1848103 0.2618697 0.2505282 0.3420347 0.2734022 0.2678855 0.2083710 0.9102844 0.2714730 0.1979773 0.3653665 0.1598338 0.1255947 0.1452142 0.2241069 0.2374451 0.2167784 0.2457590 0.3066088 0.2557716 0.2732138 0.2163720 0.2284050 0.2149038 0.2893121 0.2574196 0.1852166 0.2926085 0.2227188 0.2493887 0.0910952 0.2442090 0.2338372 0.2570147 0.2589096 0.2741258 0.1352828 0.3121251 0.2401445 0.3337031 0.1933428 0.2243211 0.2665816 0.2700276 0.7156633 
Perityle_crassifolia_70_ventanas           0.1239608 0.1075968 0.0636056 0.1281761 0.1563648 0.2218245 0.1191747 0.1219211 0.1758303 1.0003194 0.1970291 0.1153880 0.1060870 0.1050624 0.1015888 0.1080995 0.1070935 0.1622902 0.0886041 0.0920137 0.1019824 0.0917857 0.1867451 0.1098753 0.1684725 0.0958639 0.1125461 0.1251587 0.0833020 0.0000000 0.0172266 0.1607896 0.0896355 0.8927326 0.1173118 0.1429987 0.1025889 0.1465359 0.1505136 0.0969849 0.1121816 0.1351508 0.2060887 0.1420690 0.3440082 0.1072936 9.0000000 0.1037017 0.0914962 0.1613366 0.0675979 0.0963929 0.0918814 0.0888380 0.1082770 0.1860946 0.1138817 0.2374939 0.1057953 0.1022595 0.1206762 0.0665943 0.1046915 0.0640664 0.0950466 0.1016546 0.1129488 0.0920364 0.3195842 0.1111996 0.1164036 0.0995618 0.0065349 0.1002900 0.1056106 0.1019608 0.1703303 0.0897805 0.1382666 0.0992121 0.0991781 0.1238013 0.0964211 0.6811280 
Perityle_crassifolia_74_playa_balandra     0.2768379 0.2128243 0.1925777 0.2476676 0.6825473 0.2025054 0.2884425 0.1413362 0.3527753 0.9556420 0.3643870 0.2279562 0.2278182 0.1407176 0.1564566 0.2230077 0.1949551 0.2467377 0.2192053 0.1530370 0.1385559 0.1848264 0.2046430 0.2254319 0.2759160 0.2063020 0.2399590 0.2679405 0.2056188 0.0172266 0.0000000 0.3151490 0.1228351 0.8804889 0.2310993 0.2857974 0.1557891 0.3028577 0.2247927 0.0998207 0.2274060 0.2659295 0.5117794 0.2778175 0.5054851 0.1710925 0.5209113 0.2153303 0.1475641 0.7729023 0.0841552 0.1483247 0.1517584 0.2259948 0.2212214 0.3881414 0.1791697 0.5147918 0.2253719 0.2206564 0.1739290 0.1027808 0.1639479 0.6069672 0.1693156 0.2994505 0.2306802 0.3143676 0.3714382 0.1167686 0.2247086 0.2127354 0.1158616 0.2223428 0.2189043 0.1443188 0.4423956 0.2442563 0.2367798 0.1558427 0.2118487 0.1891733 0.2189140 0.9191371 
Perityle_cuneata_34_cuneata_San_antonio    0.2022432 0.1500437 0.1775159 0.2776886 0.1649831 0.1651328 0.2495847 0.1426352 0.3522929 0.2763716 0.2253121 0.1698018 0.1582057 0.1640096 0.2146683 0.2019989 0.3349048 0.1279166 0.3152127 0.1384760 0.2419250 0.1413867 0.1955552 0.1826246 0.2162194 0.1696274 0.1903454 0.1886389 0.2336816 0.1607896 0.3151490 0.0000000 0.1635594 0.2351299 0.1737190 0.2127790 0.2364990 0.2029146 0.2169003 0.1363267 0.1738642 0.2417531 0.2635254 0.2176511 0.3079991 0.3528543 0.2390273 0.1785134 0.3206629 0.2658210 0.1316787 0.1627104 0.1848476 0.1835726 0.2183412 0.2311470 0.1387740 0.2369164 0.2127170 0.1799725 0.1839523 0.2176521 0.2897274 0.1933584 0.1280770 0.2076945 0.2140378 0.1890449 0.2806466 0.1683764 0.1809318 0.1785312 0.2855412 0.1792273 0.1822715 0.1563700 0.2046666 0.1772453 0.2457620 0.1583269 0.1502376 0.1942513 0.1772129 0.2580506 
Perityle_cuneata_4                         0.1877064 0.1347995 0.1488116 0.1928509 0.1240072 0.1469060 0.1897599 0.1267335 0.2300026 0.3866154 0.1668303 0.1199845 0.1165247 0.0911084 0.1722512 0.0959061 0.2515067 0.1616993 0.3068877 0.0798592 0.1727657 0.0960469 0.1012415 0.1216211 0.1770229 0.1104053 0.1228009 0.1355354 0.2043563 0.0896355 0.1228351 0.1635594 0.0000000 0.3424306 0.1225454 0.1642441 0.1753522 0.1900537 0.1095498 0.0793475 0.1180488 0.1983232 0.2627678 0.1912066 0.2581050 0.2752914 0.2612509 0.1199459 0.2493171 0.2867376 0.0734521 0.0899554 0.0823752 0.1480164 0.2152415 0.2425948 0.1012515 0.2528842 0.1425594 0.1138536 0.1132021 0.1788634 0.2324447 0.1681924 0.0892506 0.1708695 0.1686626 0.1272176 0.2206595 0.1072952 0.1187704 0.1157518 0.1597695 0.1142677 0.1221049 0.0717383 0.1735383 0.1200217 0.1919958 0.0870735 0.1033616 0.1479774 0.1145695 0.2114855 
Perityle_discoidea_81                      0.2027958 0.1345066 0.8887403 0.2006183 0.0933809 1.0713499 0.1770091 0.1998510 0.3730598 0.0038383 0.2408495 0.1922513 0.1786324 0.9230977 0.9413239 0.2207076 0.8478187 0.2361815 0.4260312 0.7551620 0.7989623 0.1769257 0.3087739 0.1933761 0.1996166 0.1837000 0.1887990 0.1779150 0.6727617 0.8927326 0.8804889 0.2351299 0.3424306 0.0000000 0.1943781 0.2368624 0.7568608 0.2229484 0.2150639 0.9309644 0.1954456 0.2289032 0.1885296 0.2273145 0.1342305 0.8230333 0.1538421 0.1936197 0.7567441 0.1267814 1.6168859 0.7973084 0.7412856 0.1632556 0.2016627 0.2091729 0.1940057 0.2147017 0.1928519 0.1932351 0.2960950 0.2955544 0.7926449 0.0549538 0.2844890 0.1156867 0.1933932 0.1718827 0.2350731 0.9190384 0.1975455 0.1804624 0.5778191 0.1968707 0.1939802 0.7560027 0.1798995 0.1398295 0.2518270 0.7880292 0.1649342 0.1712730 0.1951809 0.1171102 
Perityle_dissecta_201                      0.1452875 0.1511099 0.1726300 0.2542870 0.1484222 0.1590659 0.2362024 0.1507506 0.3588073 0.2097906 0.1887630 0.0395398 0.0218621 0.0816644 0.0931219 0.1121468 0.2155954 0.1563477 0.2937467 0.0286960 0.1103400 0.0270607 0.1238627 0.0370191 0.1016281 0.0191546 0.0481039 0.0756430 0.2771752 0.1173118 0.2310993 0.1737190 0.1225454 0.1943781 0.0000000 0.1779596 0.1158097 0.1918339 0.1266068 0.0335118 0.0343599 0.1966308 0.1689524 0.1989511 0.2715342 0.1591884 0.2875931 0.0348703 0.2024719 0.2474656 0.0231967 0.0158274 0.0350663 0.0510506 0.1047818 0.2291573 0.0477969 0.1574962 0.0616809 0.0334791 0.1666404 0.1963671 0.2714123 0.0889539 0.0299598 0.1780790 0.0792989 0.1697521 0.2019409 0.0562268 0.0203685 0.0303502 0.2270248 0.0329790 0.0479373 0.0217829 0.1515038 0.1343614 0.1974476 0.0312014 0.0208470 0.1470906 0.0315388 0.1965888 
Perityle_feddemae_99                       0.1984957 0.1650931 0.2012223 0.3086090 0.2122761 0.2135384 0.2810159 0.1473976 0.3837080 0.2632936 0.2573912 0.1754287 0.1706106 0.1775275 0.1579556 0.1994518 0.3225635 0.1933434 0.3081158 0.1365695 0.2037703 0.1521738 0.2037399 0.1788694 0.2189458 0.1634909 0.1829881 0.2022821 0.2482184 0.1429987 0.2857974 0.2127790 0.1642441 0.2368624 0.1779596 0.0000000 0.2094997 0.2081162 0.2133185 0.1502036 0.1844984 0.0542843 0.2452951 0.0493266 0.3107498 0.2728692 0.1784890 0.1776184 0.3025602 0.1093698 0.1560267 0.1448519 0.1819516 0.1783521 0.2058708 0.2330723 0.1430008 0.2311335 0.1926510 0.1760214 0.1708406 0.1925488 0.2585581 0.1467221 0.1482674 0.2356366 0.2147123 0.2094499 0.2572056 0.1520778 0.1781747 0.1675506 0.2734443 0.1754050 0.1801938 0.1451291 0.2074496 0.1636723 0.2307953 0.1655104 0.1581996 0.1512185 0.1720348 0.2675980 
Perityle_fosteri_93                        0.2306152 0.1192692 0.1507857 0.2681745 0.1526279 0.1546505 0.2956266 0.1593895 0.3500345 0.8473105 0.3020813 0.1206278 0.0357796 0.0545343 0.0288064 0.1473606 0.0568324 0.1564445 0.1610222 0.0303067 0.0389680 0.0581906 0.0928214 0.1293545 0.1774524 0.1056451 0.1360756 0.1256364 0.1775418 0.1025889 0.1557891 0.2364990 0.1753522 0.7568608 0.1158097 0.2094997 0.0000000 0.2333392 0.1313938 0.0766444 0.1267513 0.1573407 0.3048761 0.1816715 0.4137298 0.0694340 0.0541498 0.1263331 0.0371825 0.2052102 0.0919304 0.0433615 0.0623230 0.0915272 0.0620791 0.2036936 0.0388594 0.2454448 0.1176507 0.1273419 0.1729550 0.0927942 0.1719511 0.1399126 0.0582691 0.1663514 0.1265107 0.1715389 0.3631978 0.0372451 0.1083703 0.0955522 0.1380847 0.1226518 0.1247222 0.0227705 0.1753542 0.2066332 0.2370710 0.0816069 0.0562208 0.1311365 0.1240706 0.6054467 
Perityle_gamon_221                         0.2020551 0.1526183 0.2753654 0.3026459 0.2023505 0.2195164 0.2592908 0.1525162 0.3835136 0.2750920 0.3037003 0.1965025 0.2063411 0.2060203 0.1851812 0.2167157 0.3542189 0.2162408 0.3063949 0.1992220 0.2247433 0.1757150 0.2613630 0.2262873 0.1926913 0.1923683 0.2233562 0.2314073 0.3267832 0.1465359 0.3028577 0.2029146 0.1900537 0.2229484 0.1918339 0.2081162 0.2333392 0.0000000 0.2562616 0.1442601 0.1913714 0.2295216 0.2249091 0.1900911 0.3265897 0.2494607 0.1672962 0.2193828 0.2860404 0.1943042 0.1587061 0.2046590 0.2463518 0.1842192 0.1845531 0.2538095 0.1603931 0.2098938 0.2265195 0.2144715 0.2056323 0.1746276 0.3047687 0.1248314 0.1812632 0.2485650 0.2207080 0.2184841 0.2945306 0.1744222 0.2004917 0.2203007 0.3050889 0.2172319 0.2205558 0.2318617 0.2025885 0.1953007 0.2553667 0.2202284 0.1784544 0.1640238 0.2132287 0.2715312 
Perityle_gentryi_8_san_francisco           0.1654547 0.1417638 0.2032136 0.2882887 0.1910267 0.1844615 0.2443250 0.1574792 0.3708880 0.2294338 0.2314787 0.1267037 0.1345300 0.0998312 0.1337688 0.0239056 0.2735258 0.1888491 0.3159076 0.0958519 0.1692656 0.1106218 0.1867592 0.1516524 0.1738699 0.1249077 0.1574636 0.1809516 0.2730041 0.1505136 0.2247927 0.2169003 0.1095498 0.2150639 0.1266068 0.2133185 0.1313938 0.2562616 0.0000000 0.0998024 0.1362243 0.2209657 0.2315956 0.2240491 0.2898349 0.2197532 0.2624741 0.1497742 0.2311745 0.2679259 0.0913148 0.0958401 0.1187754 0.1304020 0.1740769 0.2346190 0.1272572 0.2241645 0.1543225 0.1480153 0.2006008 0.2203086 0.2920244 0.1564259 0.1016228 0.2118053 0.1651080 0.2001594 0.2508157 0.1439712 0.1266291 0.1424989 0.2857304 0.1458788 0.1510353 0.1111494 0.2025214 0.1683846 0.2538038 0.1052568 0.1144666 0.1667561 0.1447007 0.2620071 
Perityle_gilensis_22_Superstition          0.1027287 0.1110883 0.0992675 0.1422685 0.1370315 0.1568663 0.1151342 0.1120852 0.2284296 1.0616884 0.1994324 0.0314188 0.0262991 0.0678943 0.0203976 0.0582238 0.0222206 0.1370999 0.0985020 0.0177332 0.0248550 0.0189052 0.1151673 0.0350913 0.0675168 0.0247926 0.0487541 0.0526518 0.1848103 0.0969849 0.0998207 0.1363267 0.0793475 0.9309644 0.0335118 0.1502036 0.0766444 0.1442601 0.0998024 0.0000000 0.0215749 0.1335357 0.1431130 0.1599303 0.3524447 0.0412391 9.0000000 0.0221956 0.0757042 0.1538136 0.0163044 0.0172758 0.0304521 0.0173648 0.0205296 0.1860525 0.0354346 0.1835208 0.0305535 0.0310547 0.1447651 0.0760764 0.1101687 0.0448904 0.0241106 0.1112690 0.0432995 0.1028724 0.2685308 0.0479340 0.0287640 0.0000010 0.1032771 0.0171655 0.0515783 0.0105819 0.1120697 0.0894122 0.1285544 0.0259307 0.0149388 0.1025443 0.0316210 0.6239694 
Perityle_gilensis_salensis_225             0.1469054 0.1438187 0.1616659 0.2386354 0.1504956 0.1600472 0.2334080 0.1571588 0.3448216 0.2095321 0.1922926 0.0382694 0.0366089 0.0749264 0.0877179 0.1186905 0.2117575 0.1495858 0.2918976 0.0279182 0.1014289 0.0247367 0.1271630 0.0349928 0.0811310 0.0236408 0.0474279 0.0740679 0.2618697 0.1121816 0.2274060 0.1738642 0.1180488 0.1954456 0.0343599 0.1844984 0.1267513 0.1913714 0.1362243 0.0215749 0.0000000 0.2017217 0.1626525 0.1979922 0.2687602 0.1586637 0.2708368 0.0343587 0.1986706 0.2479220 0.0217652 0.0279322 0.0311200 0.0560387 0.1016400 0.2280489 0.0458434 0.1487652 0.0537491 0.0312571 0.1600348 0.1876048 0.2664765 0.0787768 0.0224004 0.1727953 0.0783655 0.1757717 0.1999827 0.0525971 0.0342804 0.0326326 0.2267757 0.0318131 0.0471914 0.0167244 0.1331182 0.1265923 0.1938479 0.0370320 0.0223834 0.1371846 0.0300983 0.2169638 
Perityle_glaucescens_94                    0.2212337 0.1584635 0.2062674 0.3201670 0.2035302 0.2098385 0.2786693 0.1511054 0.3956949 0.2469792 0.2810536 0.1933753 0.1754175 0.1526023 0.1170205 0.2136596 0.2624032 0.1887423 0.2712903 0.1420768 0.1708566 0.1491095 0.2005710 0.2140457 0.2177015 0.1870897 0.2176607 0.2099093 0.2505282 0.1351508 0.2659295 0.2417531 0.1983232 0.2289032 0.1966308 0.0542843 0.1573407 0.2295216 0.2209657 0.1335357 0.2017217 0.0000000 0.2688917 0.0349413 0.3350124 0.2149168 0.1208946 0.2123132 0.2575867 0.0658194 0.1338687 0.1865951 0.1895232 0.1854387 0.1832616 0.1794590 0.1349002 0.2359510 0.2058289 0.2116792 0.1542523 0.1620699 0.2411342 0.1479486 0.1392634 0.2297512 0.2228978 0.2144907 0.2956759 0.1571531 0.1973514 0.2049266 0.2795149 0.2098944 0.2127988 0.1560821 0.2085607 0.1973329 0.2512176 0.1829489 0.1632376 0.1373534 0.2078049 0.2620647 
Perityle_gracilis_11                       0.2283871 0.1652570 0.2629397 0.2545634 0.1530770 0.3166570 0.2207719 0.1508811 0.3406224 0.1849399 0.2735958 0.1591669 0.1122999 0.1586392 0.2680464 0.2121246 0.4503711 0.2110628 0.3764701 0.2319785 0.3559777 0.1170392 0.2369184 0.1527983 0.1417780 0.1467598 0.1638141 0.1136236 0.3420347 0.2060887 0.5117794 0.2635254 0.2627678 0.1885296 0.1689524 0.2452951 0.3048761 0.2249091 0.2315956 0.1431130 0.1626525 0.2688917 0.0000000 0.2646721 0.3037555 0.3824615 0.2858810 0.1372010 0.4098626 0.2462594 0.0735087 0.2841339 0.2689498 0.1446210 0.2171315 0.2608528 0.1234164 0.0355172 0.1618644 0.1362715 0.2432377 0.2332573 0.3743775 0.0810242 0.1295516 0.2188295 0.1571091 0.2163574 0.2829843 0.1803807 0.1622902 0.1525914 0.3734123 0.1291733 0.1368618 0.2845428 0.0151273 0.1985867 0.2467258 0.2768170 0.1096561 0.2039504 0.1371364 0.2067505 
Perityle_harkerae_31                       0.2138312 0.1547705 0.2104450 0.3063762 0.1857975 0.2094635 0.2787563 0.1441820 0.3888849 0.2416034 0.2775521 0.1925874 0.1614394 0.1925885 0.1204498 0.2142490 0.2512521 0.1844752 0.2636230 0.1361784 0.1714451 0.1566942 0.2047375 0.1976812 0.2189709 0.1822896 0.2005601 0.2045210 0.2734022 0.1420690 0.2778175 0.2176511 0.1912066 0.2273145 0.1989511 0.0493266 0.1816715 0.1900911 0.2240491 0.1599303 0.1979922 0.0349413 0.2646721 0.0000000 0.3174339 0.2090128 0.1183761 0.1964882 0.2610122 0.0575190 0.1629060 0.1807744 0.1993027 0.1580938 0.1789879 0.1770893 0.1393425 0.2348629 0.1895892 0.1974773 0.1538525 0.1597879 0.2370271 0.1421708 0.1582297 0.2264358 0.2066591 0.2012364 0.2917123 0.1578303 0.1929540 0.1847171 0.2827575 0.1946729 0.2096021 0.1482791 0.2050393 0.1910761 0.2171190 0.1923609 0.1574686 0.1307842 0.1949199 0.2457612 
Perityle_hofmeisteria_4_nombre_de_dios     0.2830512 0.1945789 0.2552031 0.2730927 0.1945814 0.4959473 0.2207110 0.1531980 0.3538226 0.1465990 0.3154904 0.2837175 0.2542094 0.3543582 0.4172221 0.2762472 0.5435232 0.3059244 0.3674962 0.2930229 0.4429679 0.2623347 0.2918086 0.2817158 0.3062357 0.2557656 0.2692141 0.2991495 0.2678855 0.3440082 0.5054851 0.3079991 0.2581050 0.1342305 0.2715342 0.3107498 0.4137298 0.3265897 0.2898349 0.3524447 0.2687602 0.3350124 0.3037555 0.3174339 0.0000000 0.4847530 0.3210537 0.2696238 0.4987839 0.3164231 0.3494211 0.2966919 0.3397126 0.2653943 0.3430620 0.2197287 0.2501528 0.2539777 0.3140593 0.2709751 0.2763847 0.2312136 0.4407170 0.2292963 0.2987978 0.1685900 0.3245683 0.1481957 0.3006057 0.3693211 0.2780375 0.2545597 0.4198891 0.2679965 0.2761269 0.3483684 0.2330560 0.1737980 0.3524891 0.3500386 0.2454081 0.2533841 0.2730734 0.2737068 
