84
Amauria_brandeegeana_62                    0.0000000 0.0167816 0.0275099 0.2748752 0.0753356 0.0587260 0.2008811 0.1399224 0.2393770 0.0701787 0.1001322 0.1201592 0.0851443 0.0902067 0.0901131 0.1148604 0.0980885 0.1635834 0.1194108 0.0931471 0.1008530 0.0887307 0.1324286 0.1063063 0.1144785 0.0849225 0.1023196 0.1174411 0.1324757 0.0921229 0.0738314 0.1090073 0.0897189 0.0215643 0.1039501 0.0407618 0.1444537 0.0816754 0.1291322 0.1177786 0.0892561 0.0934683 0.1271610 0.0859645 0.1301615 0.2086939 0.0948149 0.1007195 0.0855973 0.0884176 0.1251115 0.0925667 0.0881979 0.0835113 0.1027547 0.0955058 0.1558416 0.0780976 0.1025107 0.0880608 0.0869065 0.1370554 0.2012833 0.0765993 0.1193259 0.1366355 0.1045252 0.1144875 0.0881638 0.0775355 0.1009476 0.1058172 0.1021041 0.0886889 0.0799511 0.0841445 0.0602613 0.1212250 0.1062287 0.0889337 0.1149785 0.1348603 0.0882094 0.0668018 
Amauria_carterae_99_mesa                   0.0167816 0.0000000 0.0449216 0.2859277 0.0655362 0.0479181 0.2017454 0.1177579 0.2067731 0.0314991 0.0909764 0.0971064 0.0877332 0.0988434 0.0884970 0.1054728 0.0899364 0.1308291 0.1217775 0.0914446 0.0904419 0.0862270 0.1306177 0.1005906 0.0848795 0.0870109 0.0950392 0.0998035 0.1395816 0.0751657 0.0766343 0.0869926 0.0884023 0.0245700 0.0988741 0.0392598 0.1352276 0.0816452 0.1072661 0.1053121 0.0980561 0.1041453 0.1088343 0.0880103 0.1165488 0.1639063 0.0939640 0.0635611 0.0886943 0.0868317 0.1284415 0.1057127 0.0885390 0.0845123 0.0991909 0.0908038 0.1582425 0.0818714 0.0879637 0.0859550 0.0862712 0.1276983 0.2002010 0.0858426 0.0964929 0.1474483 0.0977512 0.1075848 0.0884738 0.0834520 0.0945422 0.0994124 0.0786723 0.0903484 0.0894007 0.0865033 0.0710335 0.1060863 0.1183522 0.0848122 0.0973989 0.1274116 0.0864571 0.0442222 
Amauria_rotundifolia_SRR9119150            0.0275099 0.0449216 0.0000000 0.2736125 0.0802585 0.0716612 0.2008054 0.1501029 0.2320820 0.0748210 0.1117758 0.1627965 0.1114219 0.0991660 0.0958542 0.1253297 0.1067825 0.1794507 0.1326977 0.0927557 0.1098023 0.1071158 0.1332117 0.1427386 0.1108667 0.1115623 0.1304571 0.1342454 0.1386615 0.1032716 0.0868134 0.1519539 0.0996653 0.0346948 0.1123751 0.0632851 0.1805276 0.0921522 0.1606688 0.1342845 0.1101398 0.1003954 0.1378031 0.0899650 0.1423929 0.2762951 0.1257183 0.1057415 0.1231704 0.1188538 0.1313878 0.1103284 0.1096308 0.0836688 0.1027891 0.1014479 0.1773339 0.0984966 0.1184769 0.0899117 0.1152931 0.1546152 0.2148853 0.0970854 0.1843077 0.1471458 0.1229526 0.1276047 0.1197653 0.0925452 0.1072807 0.1431762 0.1057574 0.1058689 0.0843119 0.0850034 0.0815309 0.1380849 0.1185558 0.0872135 0.1293758 0.1610809 0.1238625 0.0897360 
Conoclinium_coelestinum_SRR9119114         0.2748752 0.2859277 0.2736125 0.0000000 0.2890998 0.1657938 0.1028927 0.3112597 0.2935979 0.2796472 0.2861472 0.2987036 0.2903410 0.2956506 0.2887525 0.3176228 0.2950519 0.3178956 0.3375258 0.2973373 0.2981384 0.2827988 0.3132041 0.2986736 0.2836348 0.2918655 0.3063473 0.2880117 0.3484923 0.3022566 0.2085378 0.3095323 0.2960739 0.2173979 0.3010862 0.2552994 0.3312313 0.2448244 0.3069263 0.3214349 0.2963390 0.2985419 0.3089444 0.2938106 0.3214202 0.3487344 0.3061910 0.2335731 0.2950257 0.2926477 0.3331266 0.2944874 0.2959877 0.2596303 0.3087567 0.2990911 0.3574638 0.2396895 0.2403974 0.2904071 0.2900241 0.3064767 0.3098237 0.1993357 0.2955186 0.3459873 0.3082072 0.3349208 0.3013559 0.2068996 0.2993294 0.2987656 0.3085097 0.2934731 0.2887930 0.2919981 0.2194312 0.3463609 0.4089052 0.2692414 0.2967754 0.2853966 0.2912276 0.2601439 
Eutetras_palmeri_63                        0.0753356 0.0655362 0.0802585 0.2890998 0.0000000 0.0000010 0.1911334 0.1786266 0.2096958 0.0687581 0.0745319 0.1099360 0.0904512 0.0887145 0.0879248 0.1112980 0.0971604 0.1489318 0.1200314 0.0916010 0.0884798 0.0882506 0.1308279 0.1043637 0.1204484 0.0904701 0.1082460 0.1114641 0.1330915 0.0896389 0.0760496 0.1107833 0.1001277 0.0761425 0.0975705 0.0716688 0.1448844 0.0856708 0.1154547 0.1231988 0.0969869 0.0989414 0.1343115 0.0875899 0.1268486 0.1873737 0.0973663 0.0971201 0.0909001 0.0910843 0.1241051 0.0969825 0.0924573 0.0827444 0.1034628 0.0995329 0.1532522 0.0828465 0.1112947 0.0899772 0.0894889 0.1267997 0.2396263 0.0894038 0.1093173 0.1358105 0.1097703 0.1045003 0.0853895 0.0730196 0.1055807 0.1038417 0.0917989 0.0931527 0.0851721 0.0888134 0.0773812 0.1094052 0.1061260 0.0847322 0.1048584 0.1459068 0.0895025 0.0635985 
Eutetras_pringlei_149_quer                 0.0587260 0.0479181 0.0716612 0.1657938 0.0000010 0.0000000 0.1339421 0.1844595 0.2255363 0.0295947 0.0510335 0.0771947 0.0744987 0.0713508 0.0744358 0.1148308 0.0780388 0.1098400 0.1217047 0.0737187 0.0797062 0.0747775 0.1345198 0.0769269 0.0569531 0.0717364 0.0735327 0.0627613 0.1327206 0.0457093 0.0504830 0.0809659 0.1136820 0.0728345 0.0882211 0.0595976 0.1892998 0.0800043 0.0830988 0.1148648 0.0741841 0.0769008 0.1691181 0.0744987 0.1656264 0.0892373 0.0810580 0.0658924 0.0719796 0.0747775 0.1862129 0.0713508 0.0721475 0.0776537 0.0771054 0.0768677 0.1927766 0.0676966 0.0756763 0.0744987 0.0746727 0.1159061 0.3563861 0.1029195 0.0745982 0.1392874 0.0770131 0.1180014 0.1071607 0.0750151 0.0893136 0.0771054 0.0489674 0.0744987 0.0719043 0.0744987 0.0868448 0.1244635 9.0000000 0.0744945 0.0771947 0.1869498 0.0749262 0.0267111 
Eutrochium_fistulosum_SRR9119106           0.2008811 0.2017454 0.2008054 0.1028927 0.1911334 0.1339421 0.0000000 0.2498637 0.2753993 0.2267717 0.2101235 0.2175947 0.2083126 0.2085726 0.2137142 0.2377560 0.2130986 0.2426132 0.2728566 0.2127900 0.2243135 0.2094452 0.2676787 0.2130953 0.2070574 0.2089670 0.2267242 0.2201169 0.3173895 0.2428128 0.1745785 0.2681255 0.2216537 0.1873096 0.2200973 0.1966897 0.2787594 0.2090668 0.2289732 0.2417093 0.2095770 0.2126623 0.2674305 0.2094751 0.2833926 0.2425847 0.2181511 0.1976109 0.2077729 0.2092991 0.2943028 0.2069148 0.2159971 0.2043164 0.2270777 0.2184634 0.3715796 0.2029807 0.2178005 0.2092032 0.2095249 0.2958136 0.4153076 0.1972134 0.2161582 0.3180976 0.2296833 0.2670410 0.2507829 0.2047581 0.2251154 0.2132007 0.2455754 0.2134065 0.1997254 0.2122840 0.1890512 0.2870159 0.6919349 0.2081712 0.2171334 0.3293341 0.2077595 0.2019349 
Galeana_pratensis_104_mex                  0.1399224 0.1177579 0.1501029 0.3112597 0.1786266 0.1844595 0.2498637 0.0000000 0.2655131 0.1353042 0.1606016 0.1626568 0.1605835 0.1748184 0.1547290 0.1985297 0.1607820 0.1749160 0.1896966 0.1527479 0.1550297 0.1555779 0.1836137 0.1794756 0.1475197 0.1570547 0.1608551 0.1737054 0.1871613 0.1538262 0.1451707 0.1734451 0.1492937 0.1595242 0.1606702 0.1290541 0.2018234 0.1560659 0.1809368 0.1975306 0.1783364 0.1814706 0.1703673 0.1588778 0.1679231 0.1832852 0.1604069 0.1492398 0.1585292 0.1586456 0.1886153 0.1798967 0.1601464 0.1643645 0.1586541 0.1643204 0.2245166 0.1465387 0.1600326 0.1570547 0.1575590 0.1736713 0.2267166 0.1197140 0.1629699 0.1916171 0.1618647 0.1910374 0.1820668 0.1226922 0.1584281 0.1779896 0.1631094 0.1586456 0.1479613 0.1597559 0.1416772 0.1978212 0.1603612 0.1640482 0.1627947 0.1918077 0.1575590 0.1361501 
Helianthus_annuus_SRR9119062               0.2393770 0.2067731 0.2320820 0.2935979 0.2096958 0.2255363 0.2753993 0.2655131 0.0000000 0.2035244 0.2281806 0.2352039 0.2171208 0.2206880 0.2191722 0.2416678 0.2167997 0.2418147 0.2886341 0.2210847 0.2208736 0.2144982 0.2712956 0.2249364 0.2398273 0.2168492 0.2380640 0.2264855 0.2870378 0.2087174 0.1941620 0.2340317 0.2294509 0.2517964 0.2241837 0.2115046 0.2628549 0.2190831 0.2311391 0.2455406 0.2211176 0.2270590 0.2843883 0.2182955 0.2448959 0.2336975 0.2233156 0.2611360 0.2170510 0.2147590 0.2628521 0.2274991 0.2152100 0.2167769 0.2352879 0.2241478 0.3147118 0.1951560 0.2219646 0.2145240 0.2136931 0.2673412 0.2774334 0.2306808 0.2303664 0.2843751 0.2350241 0.2290184 0.1957443 0.1997764 0.2284972 0.2261559 0.2256931 0.2173892 0.2058859 0.2168705 0.2109035 0.2337525 0.2014870 0.2165919 0.2265872 0.3190498 0.2159248 0.1988673 
Lycapsus_tenuifolius_17                    0.0701787 0.0314991 0.0748210 0.2796472 0.0687581 0.0295947 0.2267717 0.1353042 0.2035244 0.0000000 0.1019097 0.1167788 0.0814419 0.0906834 0.0825850 0.1086730 0.0848946 0.1238432 0.1027908 0.0883474 0.0884827 0.0799573 0.1237053 0.1062435 0.1088628 0.0814582 0.1019524 0.1255941 0.1152978 0.0044295 0.0142286 0.0749338 0.0656736 0.0804309 0.0960820 0.0474155 0.1671590 0.0777061 0.1173811 0.1126818 0.0909080 0.0945892 0.1324729 0.0814622 0.1208461 0.2196270 0.0895943 0.1044281 0.0823679 0.0844099 0.1212630 0.0922084 0.0824003 0.0774148 0.0955023 0.0937620 0.1404700 0.0578314 0.0818979 0.0836418 0.0831862 0.1132482 0.1869280 0.0627512 0.1143341 0.1265351 0.1022421 0.1211877 0.0830919 0.0733758 0.0983418 0.1039552 0.0065227 0.0838994 0.0790564 0.0804233 0.0452319 0.1221675 0.0905755 0.0822642 0.1116379 0.1182564 0.0838351 0.0037392 
Pericome_caudata_50_silver                 0.1001322 0.0909764 0.1117758 0.2861472 0.0745319 0.0510335 0.2101235 0.1606016 0.2281806 0.1019097 0.0000000 0.1539484 0.0997305 0.0947632 0.0780655 0.1221726 0.1036336 0.1703606 0.1267190 0.0862479 0.0937203 0.0969060 0.1141192 0.1288782 0.1445713 0.0976913 0.1209894 0.1660004 0.1257612 0.1123202 0.0856288 0.1551569 0.1048505 0.0797005 0.1092352 0.1033788 0.1820198 0.0940450 0.1656151 0.1370118 0.1092531 0.1030574 0.1407457 0.0917782 0.1271574 0.2777371 0.1088954 0.1121087 0.1024969 0.1038475 0.1343570 0.1045822 0.0988683 0.0811044 0.0958331 0.1063927 0.1433488 0.0715031 0.0953610 0.1001849 0.1044015 0.1187661 0.2139195 0.0861436 0.1685326 0.1242670 0.1569224 0.1372138 0.1399867 0.0657958 0.1168966 0.1268993 0.1148746 0.1047500 0.0847234 0.0802520 0.0659727 0.1483521 0.1253302 0.0850933 0.1080839 0.1547311 0.1042811 0.1094325 
Perityle_aglossa_84_dead_horse             0.1201592 0.0971064 0.1627965 0.2987036 0.1099360 0.0771947 0.2175947 0.1626568 0.2352039 0.1167788 0.1539484 0.0000000 0.0614527 0.0608485 0.0186948 0.0954415 0.0712186 0.1705914 0.0923968 0.0401114 0.0355797 0.0565344 0.0865225 0.1109765 0.1011956 0.0677327 0.1021726 0.1450279 0.1373701 0.1171821 0.0900658 0.1698794 0.1346796 0.0937144 0.0567527 0.1168705 0.1473380 0.0510249 0.1650024 0.1119000 0.0968049 0.0765152 0.1359384 0.0480187 0.0979487 0.2447067 0.0837210 0.0828664 0.0777847 0.0791966 0.1377420 0.0867929 0.0837907 0.0433310 0.0546446 0.0638694 0.1198581 0.0654543 0.0550276 0.0661211 0.0807585 0.1057453 0.1747340 0.0332315 0.0167914 0.1175488 0.1033680 0.1429592 0.1681140 0.0227061 0.0777402 0.1066858 0.1315282 0.0754226 0.0563931 0.0369393 0.0222358 0.1554880 0.1038823 0.0376586 0.0043888 0.1119418 0.0801116 0.1280175 
Perityle_ajoensis_204                      0.0851443 0.0877332 0.1114219 0.2903410 0.0904512 0.0744987 0.2083126 0.1605835 0.2171208 0.0814419 0.0997305 0.0614527 0.0000000 0.0227145 0.0117457 0.0626340 0.0380599 0.1591524 0.0874957 0.0126412 0.0203714 0.0221496 0.0822463 0.0657246 0.0695769 0.0051530 0.0516484 0.0897198 0.0897871 0.0993712 0.0830828 0.1360213 0.1125700 0.0716811 0.0267140 0.0659529 0.1151554 0.0135448 0.1210637 0.0798500 0.0341749 0.0263224 0.1033369 0.0021852 0.0892688 0.1967149 0.0411514 0.0408678 0.0288916 0.0274761 0.0884045 0.0353560 0.0305729 0.0018789 0.0274987 0.0177164 0.1154524 0.0529318 0.0477830 0.0037703 0.0264077 0.0934205 0.1707928 0.0248288 0.0820523 0.0886529 0.0520226 0.1097267 0.1082033 0.0228858 0.0238339 0.0641534 0.1076297 0.0231692 0.0023976 0.0034627 0.0087123 0.1176307 0.0529940 0.0062010 0.0339529 0.1148728 0.0289080 0.0868996 
Perityle_ambrosiifolia_67_green            0.0902067 0.0988434 0.0991660 0.2956506 0.0887145 0.0713508 0.2085726 0.1748184 0.2206880 0.0906834 0.0947632 0.0608485 0.0227145 0.0000000 0.0263795 0.0736542 0.0363549 0.1661831 0.0950099 0.0310435 0.0382328 0.0243266 0.1026389 0.0211764 0.0572908 0.0220539 0.0398483 0.0828028 0.0907915 0.1104935 0.0886248 0.1207594 0.1119540 0.0836082 0.0471085 0.0511899 0.1220669 0.0279559 0.0995901 0.0804003 0.0060698 0.0054796 0.1125085 0.0236350 0.1031814 0.1801118 0.0292637 0.0546991 0.0226239 0.0255265 0.1000574 0.0044007 0.0261772 0.0219216 0.0419740 0.0322510 0.1195947 0.0662589 0.0629754 0.0242963 0.0243536 0.0979029 0.1901602 0.0423388 0.0595871 0.0934666 0.0420766 0.1215422 0.0934625 0.0494583 0.0393036 0.0201779 0.1158230 0.0250019 0.0240450 0.0242524 0.0282814 0.1318590 0.0574742 0.0254653 0.0500173 0.1214052 0.0243444 0.0657061 
Perityle_angustifolia_13_Eagle_creek       0.0901131 0.0884970 0.0958542 0.2887525 0.0879248 0.0744358 0.2137142 0.1547290 0.2191722 0.0825850 0.0780655 0.0186948 0.0117457 0.0263795 0.0000000 0.0629794 0.0155104 0.1626273 0.0900400 0.0061469 0.0105144 0.0127054 0.0809319 0.0303435 0.0537178 0.0116990 0.0329531 0.0658602 0.0911135 0.1045793 0.0843282 0.1174947 0.1115424 0.0748015 0.0180012 0.0432851 0.1002045 0.0118942 0.0843085 0.0657296 0.0259401 0.0309682 0.0980906 0.0127735 0.0875759 0.1515267 0.0118613 0.0441134 0.0123249 0.0129401 0.0958373 0.0302035 0.0104303 0.0118298 0.0342622 0.0048572 0.1106083 0.0498413 0.0467560 0.0123153 0.0123400 0.0877677 0.1680933 0.0240438 0.0174417 0.0883156 0.0341450 0.1013293 0.0748545 0.0248188 0.0224835 0.0303500 0.1098406 0.0136136 0.0120793 0.0134830 0.0104714 0.1073909 0.0496580 0.0126390 0.0181145 0.1091442 0.0123419 0.0579776 
Perityle_batopilensis_97                   0.1148604 0.1054728 0.1253297 0.3176228 0.1112980 0.1148308 0.2377560 0.1985297 0.2416678 0.1086730 0.1221726 0.0954415 0.0626340 0.0736542 0.0629794 0.0000000 0.0651145 0.1847786 0.0933231 0.0659787 0.0702767 0.0616161 0.1190336 0.0863774 0.1000820 0.0624638 0.0823333 0.1011470 0.0927225 0.1254091 0.1036633 0.1416491 0.1415002 0.1237365 0.0784852 0.0734272 0.1297291 0.0712671 0.1142693 0.0088508 0.0744664 0.0784510 0.1250595 0.0635160 0.1095444 0.1961497 0.0684944 0.1014890 0.0635045 0.0638376 0.1191510 0.0742504 0.0647598 0.0644472 0.0765175 0.0717949 0.1176052 0.0811151 0.1001835 0.0615072 0.0616595 0.0935381 0.1848975 0.0684902 0.0939630 0.1002968 0.0797874 0.1376350 0.1119464 0.0595315 0.0771428 0.0854389 0.1323520 0.0651509 0.0589695 0.0632675 0.0700811 0.1445178 0.0724814 0.0649336 0.0884956 0.1235410 0.0616013 0.0854786 
Perityle_bisetosa_9                        0.0980885 0.0899364 0.1067825 0.2950519 0.0971604 0.0780388 0.2130986 0.1607820 0.2167997 0.0848946 0.1036336 0.0712186 0.0380599 0.0363549 0.0155104 0.0651145 0.0000000 0.1631016 0.0906987 0.0153872 0.0250715 0.0406907 0.0660359 0.0626885 0.0780929 0.0383632 0.0576989 0.0894670 0.0921432 0.1010605 0.0829637 0.1314354 0.1035085 0.0799351 0.0257760 0.0732434 0.1431395 0.0284925 0.0999922 0.0787355 0.0539419 0.0461169 0.1078578 0.0205940 0.0921693 0.2429869 0.0404430 0.0595922 0.0373053 0.0379554 0.0897356 0.0566073 0.0345732 0.0131027 0.0304131 0.0313670 0.1189395 0.0603746 0.0511263 0.0296434 0.0392472 0.0995703 0.1729386 0.0302039 0.0868913 0.0986065 0.0933813 0.1095965 0.1127848 0.0095648 0.0201047 0.0607547 0.1092228 0.0417102 0.0176666 0.0162268 0.0171100 0.1181677 0.0656539 0.0188091 0.0397215 0.1196027 0.0388313 0.0875147 
Perityle_californica_76_positas            0.1635834 0.1308291 0.1794507 0.3178956 0.1489318 0.1098400 0.2426132 0.1749160 0.2418147 0.1238432 0.1703606 0.1705914 0.1591524 0.1661831 0.1626273 0.1847786 0.1631016 0.0000000 0.1877051 0.1647787 0.1612686 0.1434402 0.1552646 0.1703917 0.1845492 0.1589245 0.1634287 0.1819473 0.2471891 0.1447043 0.0974475 0.1252397 0.1676402 0.1278250 0.1708366 0.1411347 0.2096163 0.1619007 0.1829483 0.1876795 0.1680787 0.1708142 0.1578449 0.1586349 0.1989521 0.2143928 0.1667338 0.1342557 0.1583072 0.1602080 0.2047769 0.1710118 0.1590600 0.1630861 0.1665881 0.1635969 0.2381111 0.1518282 0.1326306 0.1597597 0.1590758 0.1987371 0.2262754 0.1094884 0.1686919 0.2256278 0.1663783 0.1907264 0.1712405 0.1122638 0.1741325 0.1704354 0.1513834 0.1610474 0.1610841 0.1612371 0.0952682 0.1969367 0.2100156 0.1251811 0.1674770 0.1890063 0.1602324 0.0875066 
Perityle_canescens_77                      0.1194108 0.1217775 0.1326977 0.3375258 0.1200314 0.1217047 0.2728566 0.1896966 0.2886341 0.1027908 0.1267190 0.0923968 0.0874957 0.0950099 0.0900400 0.0933231 0.0906987 0.1877051 0.0000000 0.0912736 0.0854209 0.0869635 0.1296478 0.0976197 0.1132144 0.0872709 0.1033560 0.1001750 0.1146872 0.1315445 0.1194454 0.1382194 0.1193644 0.1286739 0.0965189 0.0870162 0.1257260 0.0844816 0.1073437 0.0940795 0.0968698 0.1001891 0.1340924 0.0893819 0.0995881 0.1693782 0.0890740 0.1324879 0.0877587 0.0888401 0.1148904 0.0964834 0.0889003 0.0884019 0.1006179 0.0943784 0.1472427 0.0825510 0.1204147 0.0875553 0.0871410 0.1147139 0.1952567 0.0988113 0.0901442 0.1318110 0.1023039 0.1576897 0.1282132 0.0979345 0.1017783 0.0976847 0.1336027 0.0892542 0.0874222 0.0887879 0.0850196 0.1642387 0.0368636 0.0930052 0.0925976 0.1523960 0.0878320 0.0902712 
Perityle_castillonii_96                    0.0931471 0.0914446 0.0927557 0.2973373 0.0916010 0.0737187 0.2127900 0.1527479 0.2210847 0.0883474 0.0862479 0.0401114 0.0126412 0.0310435 0.0061469 0.0659787 0.0153872 0.1647787 0.0912736 0.0000000 0.0165859 0.0136261 0.0822372 0.0386304 0.0560614 0.0118511 0.0334789 0.0748813 0.0914487 0.1079777 0.0905650 0.1189037 0.1161571 0.0842390 0.0204795 0.0459770 0.1254017 0.0132181 0.0807864 0.0704752 0.0300332 0.0345243 0.0995467 0.0130104 0.0960550 0.1754840 0.0111459 0.0476964 0.0129723 0.0135747 0.0930223 0.0326958 0.0118184 0.0125510 0.0326323 0.0072548 0.1162024 0.0546838 0.0488623 0.0146589 0.0135501 0.0967092 0.1713745 0.0284520 0.0395723 0.0965432 0.0339535 0.1099008 0.0806713 0.0248317 0.0238561 0.0386378 0.1146460 0.0146653 0.0115718 0.0144101 0.0165453 0.1190455 0.0554271 0.0161884 0.0407748 0.1139758 0.0141160 0.0581336 
Perityle_cernua_84                         0.1008530 0.0904419 0.1098023 0.2981384 0.0884798 0.0797062 0.2243135 0.1550297 0.2208736 0.0884827 0.0937203 0.0355797 0.0203714 0.0382328 0.0105144 0.0702767 0.0250715 0.1612686 0.0854209 0.0165859 0.0000000 0.0220623 0.0809788 0.0414158 0.0685740 0.0197630 0.0412208 0.0825494 0.0957037 0.1055354 0.0864268 0.1249827 0.1088862 0.0855746 0.0276297 0.0626773 0.1091000 0.0295495 0.0951186 0.0741617 0.0372953 0.0431532 0.1102322 0.0208449 0.0815217 0.1722358 0.0265618 0.0729282 0.0203501 0.0209438 0.1006619 0.0400102 0.0181077 0.0138682 0.0319502 0.0298038 0.1172873 0.0563959 0.0463612 0.0209176 0.0209796 0.0987114 0.1792460 0.0287294 0.0344371 0.0996235 0.0423093 0.1190954 0.0906424 0.0225107 0.0335358 0.0385985 0.1079643 0.0215970 0.0196370 0.0077238 0.0131926 0.1302038 0.0497180 0.0223845 0.0259973 0.1178593 0.0209492 0.0623694 
Perityle_cfvillosa_25_tin                  0.0887307 0.0862270 0.1071158 0.2827988 0.0882506 0.0747775 0.2094452 0.1555779 0.2144982 0.0799573 0.0969060 0.0565344 0.0221496 0.0243266 0.0127054 0.0616161 0.0406907 0.1434402 0.0869635 0.0136261 0.0220623 0.0000000 0.0804357 0.0605217 0.0714584 0.0209415 0.0551734 0.0963887 0.0953528 0.0995528 0.0816008 0.1374332 0.1078284 0.0719998 0.0279949 0.0687904 0.1062260 0.0166235 0.1222663 0.0771492 0.0273928 0.0288232 0.1053244 0.0035049 0.0838768 0.1648744 0.0231464 0.0423683 0.0077802 0.0033472 0.0938164 0.0298692 0.0303907 0.0034089 0.0316560 0.0194600 0.1102595 0.0510057 0.0471646 0.0005710 0.0016596 0.0923123 0.1707928 0.0235629 0.0694233 0.0931451 0.0563614 0.1115952 0.1129719 0.0175202 0.0249028 0.0589576 0.1072439 0.0095215 0.0032320 0.0043179 0.0072887 0.1187799 0.0461443 0.0068271 0.0260265 0.1131616 0.0016581 0.0889194 
Perityle_cinerea_113_Powell1310            0.1324286 0.1306177 0.1332117 0.3132041 0.1308279 0.1345198 0.2676787 0.1836137 0.2712956 0.1237053 0.1141192 0.0865225 0.0822463 0.1026389 0.0809319 0.1190336 0.0660359 0.1552646 0.1296478 0.0822372 0.0809788 0.0804357 0.0000000 0.1045803 0.0873521 0.0802161 0.0807981 0.1264246 0.1464645 0.1419995 0.0930793 0.1577402 0.1175548 0.1529505 0.0838574 0.0959806 0.1530705 0.0838075 0.1351091 0.1191326 0.1009490 0.1064202 0.1359451 0.0800877 0.1454140 0.1369687 0.0777703 0.1158847 0.0802315 0.0781986 0.1391146 0.1069176 0.0845618 0.0772601 0.0810314 0.0849867 0.1568526 0.0935159 0.1165298 0.0802315 0.0803593 0.1411309 0.1705366 0.0759703 0.0875034 0.1482643 0.0808142 0.1608570 0.1388549 0.0894800 0.0849199 0.1045803 0.1491893 0.0800877 0.0719123 0.0765268 0.0436325 0.1599225 0.1034849 0.0818871 0.0877761 0.1352903 0.0784369 0.1176107 
Perityle_coahuilensis_24                   0.1063063 0.1005906 0.1427386 0.2986736 0.1043637 0.0769269 0.2130953 0.1794756 0.2249364 0.1062435 0.1288782 0.1109765 0.0657246 0.0211764 0.0303435 0.0863774 0.0626885 0.1703917 0.0976197 0.0386304 0.0414158 0.0605217 0.1045803 0.0000000 0.0877265 0.0615363 0.0963426 0.1150100 0.0885861 0.1273167 0.0957875 0.1890046 0.1133831 0.0867771 0.0496298 0.1246851 0.1641329 0.0515143 0.1366221 0.1044681 0.0273230 0.0316836 0.1345780 0.0411922 0.1069315 0.2745087 0.0741646 0.0815944 0.0628663 0.0631204 0.1101160 0.0402935 0.0680076 0.0349333 0.0464811 0.0541777 0.1264684 0.0723310 0.0669576 0.0484577 0.0651693 0.1031433 0.1904574 0.0493989 0.1466157 0.0992817 0.1141316 0.1317401 0.1569529 0.0595089 0.0647481 0.0180440 0.1264044 0.0586586 0.0385995 0.0287779 0.0342645 0.1484294 0.0643322 0.0425354 0.0628885 0.1289023 0.0672115 0.1186307 
Perityle_cochisensis_44_cave_creek         0.1144785 0.0848795 0.1108667 0.2836348 0.1204484 0.0569531 0.2070574 0.1475197 0.2398273 0.1088628 0.1445713 0.1011956 0.0695769 0.0572908 0.0537178 0.1000820 0.0780929 0.1845492 0.1132144 0.0560614 0.0685740 0.0714584 0.0873521 0.0877265 0.0000000 0.0693796 0.0954286 0.1327836 0.0973796 0.1136772 0.0697822 0.1629897 0.0987032 0.0687117 0.0763790 0.0909163 0.1488677 0.0519516 0.1470477 0.1172202 0.0679981 0.0666974 0.1590164 0.0632611 0.1231878 0.2064327 0.0797998 0.0682262 0.0730707 0.0752395 0.1334849 0.0662224 0.0688762 0.0365519 0.0723800 0.0758673 0.1150582 0.0554936 0.0664771 0.0708686 0.0750927 0.0923735 0.1797749 0.0461227 0.1072234 0.0987296 0.0975986 0.1213521 0.1034956 0.0427591 0.0823525 0.0853426 0.1121042 0.0754381 0.0601657 0.0535407 0.0227193 0.1294187 0.1263261 0.0590830 0.0673757 0.1183267 0.0743305 0.1139952 
Perityle_congesta_202                      0.0849225 0.0870109 0.1115623 0.2918655 0.0904701 0.0717364 0.2089670 0.1570547 0.2168492 0.0814582 0.0976913 0.0677327 0.0051530 0.0220539 0.0116990 0.0624638 0.0383632 0.1589245 0.0872709 0.0118511 0.0197630 0.0209415 0.0802161 0.0615363 0.0693796 0.0000000 0.0511862 0.0880227 0.0833140 0.0987256 0.0812483 0.1363265 0.1064378 0.0687331 0.0256326 0.0661556 0.1356426 0.0129113 0.1200637 0.0802424 0.0319962 0.0255662 0.1017592 0.0021574 0.0901721 0.2103476 0.0383824 0.0409091 0.0254760 0.0246710 0.0879250 0.0334186 0.0290950 0.0012283 0.0279980 0.0168683 0.1122398 0.0519963 0.0459967 0.0041087 0.0231213 0.0923469 0.1707928 0.0234465 0.0892971 0.0873204 0.0514104 0.1103609 0.1082154 0.0215030 0.0237428 0.0600599 0.1054092 0.0201661 0.0028380 0.0032860 0.0072458 0.1179113 0.0545123 0.0061950 0.0394857 0.1129086 0.0265403 0.0840260 
Perityle_cordifolia_27                     0.1023196 0.0950392 0.1304571 0.3063473 0.1082460 0.0735327 0.2267242 0.1608551 0.2380640 0.1019524 0.1209894 0.1021726 0.0516484 0.0398483 0.0329531 0.0823333 0.0576989 0.1634287 0.1033560 0.0334789 0.0412208 0.0551734 0.0807981 0.0963426 0.0954286 0.0511862 0.0000000 0.1161672 0.0967229 0.1150201 0.0842991 0.1614910 0.1115130 0.1027266 0.0483788 0.0579816 0.1486194 0.0337216 0.1455315 0.0998939 0.0644806 0.0471667 0.1160335 0.0296868 0.1007391 0.2367245 0.0653255 0.0249917 0.0605944 0.0624501 0.0989298 0.0639569 0.0571621 0.0278222 0.0055343 0.0402137 0.1170637 0.0627976 0.0334847 0.0337135 0.0628786 0.1011301 0.1735342 0.0256950 0.1200276 0.0982494 0.0084911 0.1298472 0.1364641 0.0494625 0.0441005 0.0934633 0.1229175 0.0547560 0.0308839 0.0314422 0.0218053 0.1379420 0.0634163 0.0321485 0.0610295 0.1186535 0.0621937 0.1055414 
Perityle_cordifolia_68_tecolote            0.1174411 0.0998035 0.1342454 0.2880117 0.1114641 0.0627613 0.2201169 0.1737054 0.2264855 0.1255941 0.1660004 0.1450279 0.0897198 0.0828028 0.0658602 0.1011470 0.0894670 0.1819473 0.1001750 0.0748813 0.0825494 0.0963887 0.1264246 0.1150100 0.1327836 0.0880227 0.1161672 0.0000000 0.1081339 0.1313830 0.0896535 0.1837902 0.1162870 0.0868147 0.0878436 0.1162130 0.1706278 0.0885626 0.1356943 0.1224003 0.0982314 0.0943723 0.1441100 0.0795356 0.1139626 0.2593989 0.1059892 0.1100874 0.0968873 0.0966189 0.1163152 0.0959648 0.0889219 0.0710466 0.0797786 0.0954555 0.1513957 0.0717549 0.0932795 0.0899410 0.0986466 0.1200231 0.1809551 0.0740463 0.1547726 0.1182714 0.1205602 0.1517001 0.1698496 0.0647246 0.0981708 0.1122691 0.1347805 0.0951206 0.0717688 0.0615643 0.0647197 0.1658440 0.0822461 0.0787491 0.0959067 0.1497114 0.0991018 0.1253450 
Perityle_coronopifolia_28_patagonia        0.1324757 0.1395816 0.1386615 0.3484923 0.1330915 0.1327206 0.3173895 0.1871613 0.2870378 0.1152978 0.1257612 0.1373701 0.0897871 0.0907915 0.0911135 0.0927225 0.0921432 0.2471891 0.1146872 0.0914487 0.0957037 0.0953528 0.1464645 0.0885861 0.0973796 0.0833140 0.0967229 0.1081339 0.0000000 0.1471063 0.1265036 0.1507433 0.1417693 0.1706055 0.0976128 0.1036095 0.1965675 0.0923695 0.0978133 0.0987565 0.0845297 0.0911298 0.1359738 0.0892510 0.1407857 0.2874279 0.0832055 0.1512213 0.0822959 0.0822574 0.1220993 0.0899180 0.0859918 0.0853994 0.0953189 0.0926021 0.0804370 0.1144165 0.1262951 0.0851080 0.0831369 0.0498894 0.1616501 0.0986596 0.1514386 0.0276636 0.1234040 0.1538527 0.1260500 0.1139346 0.0978161 0.0904719 0.1431135 0.0830253 0.0820708 0.0849601 0.1016079 0.1640886 0.0659401 0.0972589 0.1244010 0.1034950 0.0832815 0.1012417 
Perityle_crassifolia_70_ventanas           0.0921229 0.0751657 0.1032716 0.3022566 0.0896389 0.0457093 0.2428128 0.1538262 0.2087174 0.0044295 0.1123202 0.1171821 0.0993712 0.1104935 0.1045793 0.1254091 0.1010605 0.1447043 0.1315445 0.1079777 0.1055354 0.0995528 0.1419995 0.1273167 0.1136772 0.0987256 0.1150201 0.1313830 0.1471063 0.0000000 0.0122332 0.0859966 0.0860226 0.0769496 0.1132007 0.0477613 0.1523663 0.0938264 0.1331096 0.1270642 0.1119278 0.1153737 0.1452505 0.0985367 0.1317493 0.2079215 0.1091428 0.1153351 0.0999671 0.1017353 0.1411041 0.1146621 0.1024202 0.0904076 0.1147474 0.1086063 0.1632610 0.0870982 0.1001944 0.0998188 0.0998646 0.1411118 0.2020521 0.0813023 0.1143842 0.1502069 0.1167713 0.1313271 0.0940341 0.0898584 0.1112528 0.1273496 0.0036168 0.1028330 0.0996283 0.0972484 0.0626091 0.1350028 0.1087603 0.1011259 0.1171353 0.1402456 0.0998823 0.0023076 
Perityle_crassifolia_74_playa_balandra     0.0738314 0.0766343 0.0868134 0.2085378 0.0760496 0.0504830 0.1745785 0.1451707 0.1941620 0.0142286 0.0856288 0.0900658 0.0830828 0.0886248 0.0843282 0.1036633 0.0829637 0.0974475 0.1194454 0.0905650 0.0864268 0.0816008 0.0930793 0.0957875 0.0697822 0.0812483 0.0842991 0.0896535 0.1265036 0.0122332 0.0000000 0.0862454 0.0906984 0.0426348 0.0950619 0.0300577 0.1487121 0.0734728 0.0966624 0.1036510 0.0929116 0.0903417 0.1251993 0.0795990 0.1260793 0.0945765 0.0878405 0.0818163 0.0814074 0.0816008 0.1402897 0.0944424 0.0800793 0.0677540 0.0875893 0.0888569 0.1585181 0.0679695 0.0796381 0.0812483 0.0816946 0.1136236 0.1752889 0.0741367 0.0875269 0.1324595 0.0876931 0.1155316 0.0954610 0.0819590 0.0955791 0.0959184 0.0152212 0.0812483 0.0831266 0.0816548 0.0593798 0.1192217 0.1045198 0.0709631 0.0889052 0.1195980 0.0818997 0.0144943 
Perityle_cuneata_34_cuneata_San_antonio    0.1090073 0.0869926 0.1519539 0.3095323 0.1107833 0.0809659 0.2681255 0.1734451 0.2340317 0.0749338 0.1551569 0.1698794 0.1360213 0.1207594 0.1174947 0.1416491 0.1314354 0.1252397 0.1382194 0.1189037 0.1249827 0.1374332 0.1577402 0.1890046 0.1629897 0.1363265 0.1614910 0.1837902 0.1507433 0.0859966 0.0862454 0.0000000 0.0967019 0.1216574 0.1344585 0.1207198 0.1667126 0.1136197 0.1887377 0.1615486 0.1462794 0.1338992 0.1578306 0.1156371 0.1272288 0.2578748 0.1512994 0.1258792 0.1430739 0.1457778 0.1392004 0.1473286 0.1432634 0.1050115 0.1240017 0.1327343 0.1788838 0.0931129 0.1156974 0.1276530 0.1440180 0.1512029 0.2210125 0.0971744 0.1809266 0.1560065 0.1554917 0.1431095 0.1537898 0.0988875 0.1368980 0.1801288 0.0915782 0.1368636 0.1141189 0.1159168 0.0881672 0.1520689 0.1160997 0.1116868 0.1253384 0.1618358 0.1444922 0.0910047 
Perityle_cuneata_4                         0.0897189 0.0884023 0.0996653 0.2960739 0.1001277 0.1136820 0.2216537 0.1492937 0.2294509 0.0656736 0.1048505 0.1346796 0.1125700 0.1119540 0.1115424 0.1415002 0.1035085 0.1676402 0.1193644 0.1161571 0.1088862 0.1078284 0.1175548 0.1133831 0.0987032 0.1064378 0.1115130 0.1162870 0.1417693 0.0860226 0.0906984 0.0967019 0.0000000 0.0992634 0.1109938 0.0874805 0.1951428 0.1114838 0.1203627 0.1424885 0.1092473 0.1107242 0.1225850 0.1114632 0.1316875 0.2718957 0.1104708 0.1367358 0.1106484 0.1088481 0.1259632 0.1130433 0.1045722 0.1154883 0.1074847 0.1180493 0.1604979 0.0999830 0.1030315 0.1106181 0.1099006 0.1325598 0.1933034 0.1058632 0.1322903 0.1485466 0.1073969 0.1254146 0.0995326 0.1131461 0.1130614 0.1135572 0.0877811 0.1079190 0.1107708 0.1074408 0.1198933 0.1290375 0.1117481 0.1065194 0.1313050 0.1444744 0.1098774 0.0534247 
Perityle_discoidea_81                      0.0215643 0.0245700 0.0346948 0.2173979 0.0761425 0.0728345 0.1873096 0.1595242 0.2517964 0.0804309 0.0797005 0.0937144 0.0716811 0.0836082 0.0748015 0.1237365 0.0799351 0.1278250 0.1286739 0.0842390 0.0855746 0.0719998 0.1529505 0.0867771 0.0687117 0.0687331 0.1027266 0.0868147 0.1706055 0.0769496 0.0426348 0.1216574 0.0992634 0.0000000 0.0943330 0.0512297 0.1453089 0.0776522 0.1092849 0.1255119 0.0838514 0.0882026 0.1420902 0.0715933 0.1463258 0.1116137 0.0882420 0.1003972 0.0688542 0.0734075 0.1502349 0.0833869 0.0719484 0.0701339 0.1047534 0.0807698 0.2212508 0.0799230 0.1135692 0.0734922 0.0734786 0.1604940 0.2896168 0.0827783 0.0913538 0.1632160 0.1044192 0.1358201 0.1187216 0.0722584 0.0988563 0.0867135 0.0786719 0.0716811 0.0641891 0.0716394 0.0630222 0.1469730 9.0000000 0.0715400 0.0943196 0.2127343 0.0719865 0.0730856 
Perityle_dissecta_201                      0.1039501 0.0988741 0.1123751 0.3010862 0.0975705 0.0882211 0.2200973 0.1606702 0.2241837 0.0960820 0.1092352 0.0567527 0.0267140 0.0471085 0.0180012 0.0784852 0.0257760 0.1708366 0.0965189 0.0204795 0.0276297 0.0279949 0.0838574 0.0496298 0.0763790 0.0256326 0.0483788 0.0878436 0.0976128 0.1132007 0.0950619 0.1344585 0.1109938 0.0943330 0.0000000 0.0653927 0.1457398 0.0395505 0.1019275 0.0840718 0.0468030 0.0522259 0.1130587 0.0262907 0.1005991 0.2047264 0.0321604 0.0719585 0.0256272 0.0267287 0.1004063 0.0451016 0.0197018 0.0157235 0.0341955 0.0341914 0.1251859 0.0676932 0.0560092 0.0267045 0.0256474 0.1042243 0.1752413 0.0356375 0.0569353 0.1032302 0.0493851 0.1290062 0.1000584 0.0239132 0.0381002 0.0458789 0.1167423 0.0268373 0.0235957 0.0174449 0.0266174 0.1366166 0.0579743 0.0280626 0.0442255 0.1238772 0.0267564 0.0705339 
Perityle_emoryi_47_punta_san_jose          0.0407618 0.0392598 0.0632851 0.2552994 0.0716688 0.0595976 0.1966897 0.1290541 0.2115046 0.0474155 0.1033788 0.1168705 0.0659529 0.0511899 0.0432851 0.0734272 0.0732434 0.1411347 0.0870162 0.0459770 0.0626773 0.0687904 0.0959806 0.1246851 0.0909163 0.0661556 0.0579816 0.1162130 0.1036095 0.0477613 0.0300577 0.1207198 0.0874805 0.0512297 0.0653927 0.0000000 0.1082410 0.0409197 0.1436977 0.0940612 0.0730170 0.0577468 0.1137491 0.0403768 0.0872368 0.2201227 0.0830855 0.0713749 0.0776694 0.0803025 0.0897931 0.0711902 0.0735012 0.0324029 0.0526916 0.0504120 0.1216477 0.0629001 0.0658245 0.0425412 0.0793329 0.1049618 0.1678697 0.0484656 0.1433665 0.1048533 0.0543864 0.1106209 0.1222389 0.0420624 0.0600604 0.1268777 0.0521339 0.0697912 0.0376723 0.0401471 0.0446246 0.1188399 0.0600705 0.0400039 0.0704849 0.1186230 0.0777433 0.0772986 
Perityle_feddemae_99                       0.1444537 0.1352276 0.1805276 0.3312313 0.1448844 0.1892998 0.2787594 0.2018234 0.2628549 0.1671590 0.1820198 0.1473380 0.1151554 0.1220669 0.1002045 0.1297291 0.1431395 0.2096163 0.1257260 0.1254017 0.1091000 0.1062260 0.1530705 0.1641329 0.1488677 0.1356426 0.1486194 0.1706278 0.1965675 0.1523663 0.1487121 0.1667126 0.1951428 0.1453089 0.1457398 0.1082410 0.0000000 0.1105613 0.1515093 0.1473171 0.1506705 0.1519819 0.0307017 0.1227495 0.0416137 0.2071415 0.1469016 0.1412670 0.1414090 0.1455304 0.0651164 0.1453381 0.1400662 0.1226703 0.1404054 0.1358830 0.1640901 0.0977788 0.1300464 0.1430975 0.1433848 0.1302483 0.2076596 0.1250819 0.1495977 0.1597757 0.1564986 0.1813683 0.1860087 0.1109352 0.1521156 0.1629426 0.1828512 0.1438712 0.1381204 0.1352623 0.1223476 0.1862064 0.1526867 0.1023831 0.1230990 0.1708481 0.1412002 0.1634861 
Perityle_fosteri_93                        0.0816754 0.0816452 0.0921522 0.2448244 0.0856708 0.0800043 0.2090668 0.1560659 0.2190831 0.0777061 0.0940450 0.0510249 0.0135448 0.0279559 0.0118942 0.0712671 0.0284925 0.1619007 0.0844816 0.0132181 0.0295495 0.0166235 0.0838075 0.0515143 0.0519516 0.0129113 0.0337216 0.0885626 0.0923695 0.0938264 0.0734728 0.1136197 0.1114838 0.0776522 0.0395505 0.0409197 0.1105613 0.0000000 0.1031986 0.0817640 0.0271038 0.0311302 0.1093324 0.0149175 0.0850654 0.1831002 0.0128773 0.0458464 0.0142576 0.0163542 0.0986130 0.0300040 0.0177925 0.0131456 0.0326878 0.0173182 0.1195017 0.0489168 0.0379884 0.0149775 0.0150108 0.0879516 0.1620451 0.0255055 0.0505197 0.0944205 0.0356906 0.1036419 0.0813536 0.0286789 0.0260503 0.0497935 0.0977226 0.0156294 0.0136211 0.0122728 0.0168814 0.1159571 0.0452505 0.0143140 0.0292041 0.1154917 0.0150133 0.0598645 
Perityle_gamon_221                         0.1291322 0.1072661 0.1606688 0.3069263 0.1154547 0.0830988 0.2289732 0.1809368 0.2311391 0.1173811 0.1656151 0.1650024 0.1210637 0.0995901 0.0843085 0.1142693 0.0999922 0.1829483 0.1073437 0.0807864 0.0951186 0.1222663 0.1351091 0.1366221 0.1470477 0.1200637 0.1455315 0.1356943 0.0978133 0.1331096 0.0966624 0.1887377 0.1203627 0.1092849 0.1019275 0.1436977 0.1515093 0.1031986 0.0000000 0.1346300 0.1173071 0.1088249 0.1262681 0.0921005 0.0958461 0.1513953 0.1294085 0.1209770 0.1192174 0.1170429 0.1040724 0.1130581 0.1032909 0.0807647 0.0888678 0.1092585 0.1519906 0.0636013 0.0994560 0.0948713 0.1171679 0.1209261 0.1869488 0.0732367 0.1930410 0.1136511 0.1739532 0.1409748 0.1660265 0.0765586 0.1169812 0.1382210 0.1395199 0.1199681 0.0759546 0.0784774 0.0645766 0.1562431 0.0752912 0.0933375 0.1032632 0.1396477 0.1193581 0.1358739 
Perityle_gentryi_8_san_francisco           0.1177786 0.1053121 0.1342845 0.3214349 0.1231988 0.1148648 0.2417093 0.1975306 0.2455406 0.1126818 0.1370118 0.1119000 0.0798500 0.0804003 0.0657296 0.0088508 0.0787355 0.1876795 0.0940795 0.0704752 0.0741617 0.0771492 0.1191326 0.1044681 0.1172202 0.0802424 0.0998939 0.1224003 0.0987565 0.1270642 0.1036510 0.1615486 0.1424885 0.1255119 0.0840718 0.0940612 0.1473171 0.0817640 0.1346300 0.0000000 0.0910351 0.0911598 0.1428722 0.0718287 0.1110038 0.2153421 0.0858765 0.1059630 0.0812337 0.0804582 0.1259555 0.0897475 0.0814479 0.0695464 0.0812069 0.0851885 0.1190112 0.0822440 0.1002457 0.0779891 0.0781388 0.0950177 0.1899873 0.0668773 0.1104680 0.1085193 0.0973019 0.1428767 0.1325634 0.0594913 0.0942546 0.1038168 0.1366928 0.0824321 0.0637162 0.0665176 0.0699564 0.1518758 0.0777992 0.0676718 0.0925178 0.1238397 0.0781074 0.1104504 
Perityle_gilensis_22_Superstition          0.0892561 0.0980561 0.1101398 0.2963390 0.0969869 0.0741841 0.2095770 0.1783364 0.2211176 0.0909080 0.1092531 0.0968049 0.0341749 0.0060698 0.0259401 0.0744664 0.0539419 0.1680787 0.0968698 0.0300332 0.0372953 0.0273928 0.1009490 0.0273230 0.0679981 0.0319962 0.0644806 0.0982314 0.0845297 0.1119278 0.0929116 0.1462794 0.1092473 0.0838514 0.0468030 0.0730170 0.1506705 0.0271038 0.1173071 0.0910351 0.0000000 0.0109481 0.1183441 0.0223378 0.1027796 0.2348825 0.0327649 0.0537816 0.0255075 0.0265931 0.1010089 0.0082271 0.0426533 0.0209386 0.0426220 0.0311282 0.1245410 0.0706000 0.0642038 0.0244251 0.0270610 0.1011000 0.1881581 0.0467820 0.1090431 0.0953117 0.0815199 0.1240647 0.1281111 0.0540176 0.0399155 0.0265547 0.1160556 0.0282312 0.0232656 0.0242923 0.0314310 0.1348813 0.0592702 0.0255579 0.0590314 0.1260984 0.0270809 0.0928865 
Perityle_gilensis_salensis_225             0.0934683 0.1041453 0.1003954 0.2985419 0.0989414 0.0769008 0.2126623 0.1814706 0.2270590 0.0945892 0.1030574 0.0765152 0.0263224 0.0054796 0.0309682 0.0784510 0.0461169 0.1708142 0.1001891 0.0345243 0.0431532 0.0288232 0.1064202 0.0316836 0.0666974 0.0255662 0.0471667 0.0943723 0.0911298 0.1153737 0.0903417 0.1338992 0.1107242 0.0882026 0.0522259 0.0577468 0.1519819 0.0311302 0.1088249 0.0911598 0.0109481 0.0000000 0.1240531 0.0272920 0.1082065 0.2090055 0.0329877 0.0560324 0.0266304 0.0293929 0.1044100 0.0084227 0.0356682 0.0246319 0.0447746 0.0365784 0.1264261 0.0680563 0.0659491 0.0293271 0.0288445 0.1031070 0.1958136 0.0450059 0.0767015 0.0962847 0.0467739 0.1270879 0.1095437 0.0564972 0.0442060 0.0302932 0.1184413 0.0289135 0.0281362 0.0293987 0.0297062 0.1378420 0.0636354 0.0299834 0.0619471 0.1250039 0.0293829 0.0785386 
Perityle_glaucescens_94                    0.1271610 0.1088343 0.1378031 0.3089444 0.1343115 0.1691181 0.2674305 0.1703673 0.2843883 0.1324729 0.1407457 0.1359384 0.1033369 0.1125085 0.0980906 0.1250595 0.1078578 0.1578449 0.1340924 0.0995467 0.1102322 0.1053244 0.1359451 0.1345780 0.1590164 0.1017592 0.1160335 0.1441100 0.1359738 0.1452505 0.1251993 0.1578306 0.1225850 0.1420902 0.1130587 0.1137491 0.0307017 0.1093324 0.1262681 0.1428722 0.1183441 0.1240531 0.0000000 0.0982625 0.0023341 0.1233059 0.1125820 0.1354233 0.1010773 0.1072060 0.0077898 0.1178497 0.1025579 0.0970651 0.1037832 0.1125736 0.1751471 0.1011298 0.1373084 0.1044351 0.1045260 0.1444906 0.2250514 0.1011371 0.1317682 0.1437536 0.1161243 0.1585491 0.1589713 0.1080122 0.1211099 0.1329226 0.1534821 0.1058794 0.0946256 0.0960265 0.0986342 0.1651418 0.0728245 0.0970874 0.1076030 0.1572194 0.1027039 0.1355359 
Perityle_gracilis_11                       0.0859645 0.0880103 0.0899650 0.2938106 0.0875899 0.0744987 0.2094751 0.1588778 0.2182955 0.0814622 0.0917782 0.0480187 0.0021852 0.0236350 0.0127735 0.0635160 0.0205940 0.1586349 0.0893819 0.0130104 0.0208449 0.0035049 0.0800877 0.0411922 0.0632611 0.0021574 0.0296868 0.0795356 0.0892510 0.0985367 0.0795990 0.1156371 0.1114632 0.0715933 0.0262907 0.0403768 0.1227495 0.0149175 0.0921005 0.0718287 0.0223378 0.0272920 0.0982625 0.0000000 0.0928404 0.1761220 0.0145347 0.0412950 0.0016166 0.0048698 0.0901102 0.0256064 0.0125960 0.0030784 0.0295884 0.0175091 0.1122739 0.0550480 0.0490091 0.0043162 0.0037815 0.0948942 0.1732994 0.0248899 0.0481001 0.0877620 0.0307647 0.1122250 0.0842973 0.0188354 0.0232454 0.0407814 0.1063581 0.0043351 0.0041248 0.0045199 0.0087132 0.1198217 0.0536882 0.0073997 0.0390371 0.1131694 0.0037820 0.0570380 
Perityle_harkerae_31                       0.1301615 0.1165488 0.1423929 0.3214202 0.1268486 0.1656264 0.2833926 0.1679231 0.2448959 0.1208461 0.1271574 0.0979487 0.0892688 0.1031814 0.0875759 0.1095444 0.0921693 0.1989521 0.0995881 0.0960550 0.0815217 0.0838768 0.1454140 0.1069315 0.1231878 0.0901721 0.1007391 0.1139626 0.1407857 0.1317493 0.1260793 0.1272288 0.1316875 0.1463258 0.1005991 0.0872368 0.0416137 0.0850654 0.0958461 0.1110038 0.1027796 0.1082065 0.0023341 0.0928404 0.0000000 0.1710538 0.0990255 0.1379910 0.0916033 0.0929639 0.0145329 0.1059794 0.0910091 0.0937950 0.0994246 0.1009532 0.1551571 0.0876197 0.1169222 0.0921964 0.0916651 0.1269174 0.1963063 0.0975848 0.0953850 0.1421345 0.1000660 0.1556333 0.1281616 0.0982204 0.1049243 0.1069552 0.1465761 0.0913376 0.0923305 0.0931388 0.1011961 0.1578742 0.0835646 0.0878614 0.0966778 0.1413758 0.0909320 0.1006335 
