79
Amauria_brandeegeana_62                    0.0000000 0.0292509 0.4350059 0.2583118 0.2494887 0.2099378 0.6633179 0.0032196 0.1875130 0.1598898 0.3204169 0.1544003 0.2526187 0.2232318 0.2310028 0.1930167 0.1558801 0.1606284 0.1833991 0.1052565 0.0471947 0.1881943 0.1765705 0.3268042 0.1792032 0.1857276 0.3908985 0.0956641 0.0436424 0.1702153 0.1280898 0.6071366 0.2741057 0.2063166 0.4326823 0.1654568 0.2255382 0.1758282 0.1250356 0.1023103 0.2172306 0.1494542 0.2170563 0.1818671 0.1920457 0.3606394 0.1177233 0.1694915 0.4535836 0.1701013 0.1789004 0.3276804 0.0954063 0.0847197 0.1747027 0.4082949 0.1929344 0.0844192 0.1147458 0.0539859 0.1691980 0.2928423 0.0837490 0.1842299 0.3398088 0.1509142 0.2463979 0.1752025 0.1411226 0.2507661 0.1611083 0.0691167 0.2010596 0.4301573 0.1176947 0.1696537 0.2084281 0.1792184 0.1705954 
Amauria_carterae_99_mesa                   0.0292509 0.0000000 0.1890973 0.1163026 0.0985146 0.0892239 0.5533777 0.0170293 0.0731116 0.0510889 0.1588175 0.0626188 0.0600882 0.0531610 0.1184999 0.0707704 0.0887727 0.0500548 0.1415634 0.0424019 0.0384145 0.0675066 0.0549165 0.1752160 0.0629526 0.0671104 0.1422170 0.0414427 0.0308585 0.0894760 0.0699022 1.3459115 0.1391358 0.0230824 0.2001898 0.1023461 0.0461733 0.0596385 0.0461142 0.0445843 0.1046578 0.0578584 0.0949749 0.0701729 0.0582370 0.1451699 0.0362486 0.0598992 0.2212020 0.0496377 0.0389685 0.0895856 0.0484464 0.0483432 0.0613855 0.1997947 0.0883467 0.0563051 0.0994843 0.0513070 0.0510120 0.1299253 0.0495338 0.0730544 9.0000000 0.1453294 0.1697294 0.0625356 0.0599985 0.0716440 0.0583295 0.0375685 0.0682084 0.1314225 0.0378947 0.0583480 0.1183766 0.0655727 0.0375114 
Amauria_rotundifolia_SRR9119150            0.4350059 0.1890973 0.0000000 0.4153228 0.3394520 0.3830739 0.6467219 0.4267721 0.5607253 0.4210078 0.4727547 0.4410309 0.4809878 0.4616666 0.2307119 0.4339270 0.3945872 0.3508783 0.4407462 0.3474499 0.2131795 0.2310360 0.2948242 0.4658124 0.2547245 0.2124911 0.2435985 0.3126715 0.2181350 0.5026318 0.4365752 0.0278490 0.4293433 0.2367913 0.2214106 0.4154040 0.4130997 0.2086425 0.4681460 0.3503248 0.5460767 0.4331096 0.2702051 0.2137986 0.3999150 0.2338646 0.3564180 0.4366908 0.5591991 0.2458100 0.4283610 0.2103985 0.1880951 0.2976200 0.4312845 0.1889987 0.4525800 0.1382338 0.1911032 0.1987917 0.4250491 0.5267144 0.3985782 0.3673880 0.0490086 0.1266370 0.3724116 0.2030369 0.4835563 0.1936444 0.4079722 0.2239158 0.3638454 0.2617442 0.4832484 0.4395656 0.3366816 0.4292209 0.4877827 
Conoclinium_coelestinum_SRR9119114         0.2583118 0.1163026 0.4153228 0.0000000 0.3379148 0.1463150 0.7576628 0.2625971 0.3613176 0.1860486 0.4714031 0.1966461 0.2986596 0.2917862 0.3068994 0.2575337 0.2860397 0.1852444 0.2730098 0.1874251 0.1347421 0.2583998 0.2183070 0.4610407 0.2904907 0.2428716 0.4517817 0.1985117 0.1200439 0.2246961 0.2310380 0.6262882 0.3846068 0.3074523 0.4455435 0.2494120 0.2934811 0.2406253 0.2082684 0.1915827 0.3512488 0.1939155 0.2823375 0.2498191 0.1954876 0.4169134 0.1877030 0.1885263 0.5103770 0.2775888 0.2079159 0.4088839 0.2278446 0.1702222 0.1962502 0.4498612 0.2517547 0.1056105 0.2458527 0.1094915 0.1951271 0.3915168 0.1704134 0.2187470 0.5934395 0.2234269 0.3521204 0.2412992 0.2647452 0.3373216 0.2003456 0.1093142 0.2104351 0.4626265 0.1977593 0.1942653 0.2257093 0.2075578 0.2678967 
Eutetras_palmeri_63                        0.2494887 0.0985146 0.3394520 0.3379148 0.0000000 0.3217853 0.7471845 0.2763197 0.3820267 0.2679020 0.3006402 0.2750810 0.3479111 0.3084587 0.1383267 0.3252628 0.3486535 0.2590372 0.3634276 0.2611118 0.2014071 0.3113996 0.2611283 0.2965269 0.3759322 0.3135165 0.4321156 0.3072696 0.2590260 0.3640629 0.2605607 0.8617076 0.2641784 0.2687736 0.3275015 0.3328315 0.3053993 0.3043812 0.2891627 0.2773035 0.3504946 0.2615412 0.1377520 0.3077456 0.2783686 0.3132605 0.2655292 0.2684805 0.3917095 0.3187390 0.2731298 0.3736686 0.2726259 0.2673750 0.2697866 0.4344025 0.3523272 0.1059975 0.2309670 0.0985213 0.2748010 0.3681620 0.2795580 0.2979387 1.0243823 0.0677182 0.2673960 0.2993046 0.3337753 0.3381458 0.2811071 0.1254475 0.2951483 0.4328959 0.2989900 0.2788466 0.3196832 0.2782199 0.3505215 
Eutrochium_fistulosum_SRR9119106           0.2099378 0.0892239 0.3830739 0.1463150 0.3217853 0.0000000 0.6928547 0.2251832 0.2936472 0.1367713 0.4141474 0.1382406 0.3164796 0.2307794 0.2740405 0.2605444 0.2175582 0.1319137 0.2678152 0.1185471 0.0882510 0.1487388 0.1450367 0.4186029 0.2473605 0.1768149 0.3458466 0.2242759 0.1040786 0.2101177 0.1923131 0.6899949 0.3958161 0.2276044 0.4320959 0.2230482 0.2326150 0.1456484 0.1398391 0.1234222 0.2513212 0.1373654 0.2618876 0.1460679 0.1334878 0.3744746 0.1221819 0.1290849 0.5095659 0.2349259 0.1489535 0.3463668 0.1340727 0.1315469 0.1379630 0.4430630 0.2401361 0.0766806 0.1860461 0.0651398 0.1375737 0.3368208 0.1450239 0.1496055 0.6363178 0.1812006 0.3126692 0.1435064 0.2691861 0.2433566 0.1384604 0.0664973 0.1417124 0.3845052 0.1320407 0.1373005 0.2293026 0.1379553 0.2564671 
Helianthus_annuus_SRR9119062               0.6633179 0.5533777 0.6467219 0.7576628 0.7471845 0.6928547 0.0000000 0.6708124 0.7538171 0.6117222 0.8142078 0.6208047 0.7658427 0.6934364 0.6764051 0.6964453 0.7195091 0.5871583 0.7213110 0.5614089 0.5630569 0.5555177 0.5694936 0.8449645 0.5503432 0.5403492 0.6175960 0.6795743 0.6086337 0.6694705 0.6686383 0.4092889 0.7910039 0.6514212 0.6358587 0.6774682 0.6562859 0.5308391 0.6610396 0.6060148 0.7624595 0.6176117 0.6913765 0.5424017 0.5994125 0.6537951 0.6127705 0.6277832 0.8230221 0.5382788 0.6899603 0.6035199 0.5267194 0.6174858 0.6155877 0.5857299 0.6833743 0.5213755 0.5804434 0.5455122 0.6011621 0.7781442 0.6182765 0.6295099 0.4083762 0.6026627 0.7580921 0.5396493 0.6991549 0.5620131 0.6145218 0.5419957 0.6245639 0.6395569 0.6606707 0.6082040 0.7225660 0.6341417 0.7210923 
Lycapsus_tenuifolius_17                    0.0032196 0.0170293 0.4267721 0.2625971 0.2763197 0.2251832 0.6708124 0.0000000 0.2123069 0.1652152 0.3463496 0.1580780 0.2610326 0.2329710 0.2413306 0.1995140 0.1828573 0.1654195 0.1907617 0.1113756 0.0494033 0.2064934 0.1827770 0.3545452 0.1996372 0.2102211 0.4166141 0.0864570 0.0456462 0.1777883 0.1297550 0.6616565 0.3136047 0.2185423 0.4532806 0.1727982 0.2314461 0.1970481 0.1348982 0.1058851 0.2503114 0.1506106 0.2131287 0.2016746 0.2030731 0.3682452 0.1217251 0.1722148 0.4666151 0.1908052 0.1584458 0.3520414 0.1002010 0.0882365 0.1802927 0.4241959 0.2041899 0.0845693 0.1068196 0.0386537 0.1805841 0.3098041 0.0790402 0.1884129 0.5195929 0.1507463 0.2641356 0.1942367 0.1525183 0.2669912 0.1607466 0.0567780 0.2051675 0.4620154 0.1376848 0.1757675 0.2136395 0.1879249 0.1871990 
Pericome_caudata_50_silver                 0.1875130 0.0731116 0.5607253 0.3613176 0.3820267 0.2936472 0.7538171 0.2123069 0.0000000 0.1456382 0.4317801 0.2195929 0.2856910 0.1972085 0.2966716 0.2807543 0.2961866 0.1620731 0.2250846 0.1788320 0.0828836 0.2461703 0.2115192 0.4253800 0.2545881 0.2627073 0.3298410 0.2427665 0.1161472 0.3014919 0.1847343 0.8589919 0.4006840 0.2499699 0.4920874 0.1879677 0.1951852 0.2160444 0.1816908 0.1778891 0.3024280 0.1579603 0.2598473 0.2479400 0.2009481 0.5123773 0.1618980 0.1519593 0.4760013 0.2374127 0.3148401 0.3477260 0.2720213 0.1225714 0.1771684 0.6216132 0.2069666 0.0774238 0.2558281 0.0690283 0.1621501 0.2603635 0.1093859 0.1577105 0.8147465 0.2240390 0.3966151 0.2435625 0.2190913 0.2773663 0.1733120 0.0813136 0.1676737 0.4296238 0.1832403 0.1537389 0.2035545 0.1793552 0.2306876 
Perityle_aglossa_84_dead_horse             0.1598898 0.0510889 0.4210078 0.1860486 0.2679020 0.1367713 0.6117222 0.1652152 0.1456382 0.0000000 0.3090519 0.0133955 0.1843699 0.1261361 0.2233448 0.1687175 0.1261697 0.0119653 0.1403631 0.0099606 0.0060416 0.0201750 0.0130393 0.3179950 0.0925905 0.0392460 0.2762903 0.1698681 0.0578436 0.1442447 0.1155531 0.8676026 0.2699538 0.1417677 0.3722744 0.1331542 0.1240722 0.0123471 0.0237021 0.0183994 0.2040711 0.0180904 0.1975555 0.0223674 0.0217425 0.3595233 0.0127733 0.0163322 0.4083102 0.0833632 0.0963862 0.2444909 0.0341702 0.0347108 0.0204115 0.4171470 0.1679189 0.0719770 0.1161063 0.0155867 0.0090660 0.2384807 0.0252014 0.0722569 9.0000000 0.0951406 0.2565707 0.0116347 0.1596089 0.1289679 0.0253155 0.0161101 0.0783518 0.3555306 0.0168457 0.0071061 0.1640541 0.0210405 0.1545397 
Perityle_ajoensis_204                      0.3204169 0.1588175 0.4727547 0.4714031 0.3006402 0.4141474 0.8142078 0.3463496 0.4317801 0.3090519 0.0000000 0.3325737 0.4334818 0.3612268 0.0773603 0.4023014 0.4432545 0.3405052 0.3824274 0.3856718 0.2401602 0.3810046 0.3598203 0.0065785 0.4345569 0.3704665 0.4517209 0.4074606 0.3031333 0.4245913 0.3208671 0.7350865 0.2029808 0.3808618 0.3618866 0.3426556 0.3508767 0.3788111 0.3557932 0.3772798 0.4215915 0.3250245 0.1846368 0.3863496 0.3853904 0.3668285 0.3305892 0.3347560 0.4434993 0.3942568 0.4097202 0.4142894 0.3682690 0.3417968 0.3342106 0.4499899 0.3674195 0.1213422 0.2323799 0.1309151 0.3124717 0.3981076 0.2992306 0.3644294 0.8826108 0.1074484 0.2306499 0.3508748 0.3742055 0.4080937 0.3524254 0.1728657 0.3743391 0.4838887 0.3741469 0.3348174 0.3521585 0.3387176 0.3831650 
Perityle_ambrosiifolia_67_green            0.1544003 0.0626188 0.4410309 0.1966461 0.2750810 0.1382406 0.6208047 0.1580780 0.2195929 0.0133955 0.3325737 0.0000000 0.1740138 0.1044827 0.2474973 0.1641219 0.1292576 0.0084651 0.1402944 0.0064563 0.0028945 0.0272162 0.0052337 0.3408500 0.0917022 0.0836764 0.2780216 0.1701036 0.0657199 0.1759123 0.1229523 1.2244718 0.2984158 0.1259294 0.4022619 0.1394265 0.1109770 0.0099157 0.0188737 0.0118333 0.2246122 0.0121293 0.2090001 0.0619382 0.0136162 0.3903010 0.0049707 0.0070817 0.4095596 0.0772165 0.1198604 0.2204409 0.0369711 0.0314707 0.0316067 0.4263262 0.1754499 0.1211494 0.1185040 0.0146204 0.0273974 0.2381858 0.0216179 0.0697235 9.0000000 0.1569039 0.2926063 0.0557371 0.1615315 0.1114447 0.0165100 0.0102018 0.0747928 0.3443032 0.0137082 0.0118744 0.1633276 0.0132802 0.1544961 
Perityle_angustifolia_13_Eagle_creek       0.2526187 0.0600882 0.4809878 0.2986596 0.3479111 0.3164796 0.7658427 0.2610326 0.2856910 0.1843699 0.4334818 0.1740138 0.0000000 0.2277189 0.2546402 0.2269711 0.2367835 0.1800157 0.2482696 0.1262377 0.0514078 0.1882606 0.1535449 0.4372115 0.2419471 0.2040758 0.3901397 0.2809964 0.1210711 0.2913916 0.2173030 0.7412360 0.3854143 0.2691711 0.5250424 0.2291012 0.2245494 0.1814364 0.1522910 0.1346095 0.3297823 0.1633010 0.2311120 0.1978954 0.1819551 0.4476181 0.1469220 0.1810953 0.4633742 0.1942500 0.1586760 0.3580758 0.1633906 0.1150594 0.1938315 0.5342870 0.2473087 0.0819385 0.1291891 0.0147464 0.1951515 0.3682304 0.1306684 0.2600885 0.0000010 0.1615873 0.3186153 0.1666549 0.2675373 0.2638006 0.1789601 0.0102882 0.2635859 0.4351716 0.1551560 0.1793675 0.1708848 0.1962225 0.2611767 
Perityle_batopilensis_97                   0.2232318 0.0531610 0.4616666 0.2917862 0.3084587 0.2307794 0.6934364 0.2329710 0.1972085 0.1261361 0.3612268 0.1044827 0.2277189 0.0000000 0.2548011 0.1803434 0.1804264 0.1234471 0.1574052 0.0573975 0.0177646 0.1337486 0.1418634 0.3683538 0.1382893 0.1498561 0.3067644 0.2425932 0.0700723 0.1935219 0.1545706 1.0397952 0.3126535 0.1784476 0.4575414 0.1450199 0.0520509 0.1277569 0.0788433 0.0695853 0.2766588 0.1043470 0.2017409 0.1362927 0.1533663 0.3556320 0.0751394 0.1245537 0.4845936 0.1353077 0.1266903 0.2727401 0.0943969 0.0340249 0.1271618 0.5084531 0.1717130 0.1171127 0.1268570 0.0332557 0.1325321 0.2493401 0.0372049 0.2006934 0.6049692 0.1330462 0.2958316 0.1285112 0.2257661 0.1843755 0.1300933 0.0342403 0.2159033 0.4704808 0.0731254 0.1274117 0.1612042 0.1311923 0.1777873 
Perityle_bisetosa_9                        0.2310028 0.1184999 0.2307119 0.3068994 0.1383267 0.2740405 0.6764051 0.2413306 0.2966716 0.2233448 0.0773603 0.2474973 0.2546402 0.2548011 0.0000000 0.2670365 0.2939986 0.2327834 0.2886261 0.2348049 0.1598968 0.2529685 0.2493454 0.0833052 0.2898807 0.2606366 0.3388650 0.2424851 0.1726443 0.2890895 0.2340474 0.6643550 0.0644135 0.2372268 0.2010066 0.2367587 0.2339793 0.2559119 0.2497296 0.2407244 0.2508013 0.2292955 0.1122459 0.2650050 0.2340861 0.2063693 0.2428630 0.2387849 0.2575695 0.2607026 0.2482415 0.3102254 0.2395704 0.2062534 0.2437765 0.2690452 0.2555014 0.1103892 0.1904804 0.1074602 0.2258426 0.3087478 0.2309370 0.2532005 1.7685665 0.0509709 0.0539039 0.2507660 0.2793592 0.2580143 0.2523968 0.1334755 0.2418576 0.3459632 0.2443599 0.2505359 0.2885450 0.2496451 0.2701615 
Perityle_californica_76_positas            0.1930167 0.0707704 0.4339270 0.2575337 0.3252628 0.2605444 0.6964453 0.1995140 0.2807543 0.1687175 0.4023014 0.1641219 0.2269711 0.1803434 0.2670365 0.0000000 0.1957891 0.1613647 0.2814887 0.1683802 0.0939554 0.2078256 0.1757194 0.3973873 0.2208399 0.2034871 0.2744397 0.1933802 0.1007293 0.1505434 0.1587729 0.8873639 0.3774570 0.1917382 0.4192679 0.1752925 0.1910734 0.1908805 0.1953728 0.1704681 0.2436733 0.1601182 0.2448032 0.2007929 0.1675640 0.3971991 0.1630986 0.1718942 0.4602365 0.2046094 0.1610504 0.2871326 0.1934998 0.1334293 0.1605004 0.4838073 0.1661831 0.0602967 0.1784790 0.0740334 0.1715047 0.2607370 0.1215726 0.2020943 0.9436940 0.1703599 0.3966777 0.1790499 0.2127106 0.2205100 0.1739711 0.0696276 0.1988936 0.4141676 0.1890340 0.1674261 0.1449685 0.1654433 0.0622273 
Perityle_canescens_77                      0.1558801 0.0887727 0.3945872 0.2860397 0.3486535 0.2175582 0.7195091 0.1828573 0.2961866 0.1261697 0.4432545 0.1292576 0.2367835 0.1804264 0.2939986 0.1957891 0.0000000 0.1222249 0.2957686 0.1229100 0.0937242 0.2099120 0.1522243 0.4516528 0.2580393 0.2032041 0.2182700 0.1000175 0.0972044 0.1500723 0.0910160 0.7629295 0.4254783 0.1613528 0.3987972 0.1032978 0.1837944 0.1854760 0.1461534 0.1337949 0.1433514 0.1265860 0.2494990 0.1970843 0.1361370 0.3895617 0.1230258 0.1313573 0.4423405 0.2605689 0.1289058 0.2286298 0.1598181 0.1212623 0.1288846 0.4031569 0.1354683 0.0525588 0.1563662 0.1049045 0.1266665 0.1901208 0.1295157 0.1569393 0.6852855 0.2456645 0.3649766 0.1965665 0.1743572 0.2322457 0.1301203 0.0980343 0.1594558 0.3247596 0.1766589 0.1266794 0.1109334 0.1469888 0.1961820 
Perityle_castillonii_96                    0.1606284 0.0500548 0.3508783 0.1852444 0.2590372 0.1319137 0.5871583 0.1654195 0.1620731 0.0119653 0.3405052 0.0084651 0.1800157 0.1234471 0.2327834 0.1613647 0.1222249 0.0000000 0.1477632 0.0016473 0.0029520 0.0155578 0.0098848 0.3453362 0.1024047 0.0641209 0.3175877 0.1182345 0.0595412 0.1414503 0.1101794 1.2244718 0.2987248 0.1288581 0.4058305 0.1336585 0.1209054 0.0067763 0.0211251 0.0121591 0.2034923 0.0012444 0.1887752 0.0201653 0.0180228 0.3124649 0.0066363 0.0057030 0.3887011 0.0939331 0.0308225 0.2543118 0.0317192 0.0266593 0.0180619 0.4020502 0.1671119 0.0823700 0.1169128 0.0121403 0.0202296 0.2465777 0.0225153 0.0717855 9.0000000 0.1382867 0.2662914 0.0117343 0.1613408 0.1224542 0.0189751 0.0106076 0.0739510 0.4260891 0.0091574 0.0148600 0.1605399 0.0202041 0.1564371 
Perityle_cernua_84                         0.1833991 0.1415634 0.4407462 0.2730098 0.3634276 0.2678152 0.7213110 0.1907617 0.2250846 0.1403631 0.3824274 0.1402944 0.2482696 0.1574052 0.2886261 0.2814887 0.2957686 0.1477632 0.0000000 0.1944973 0.2058024 0.1509049 0.1526351 0.3897132 0.1771485 0.1357470 0.2622410 0.3488811 0.2780858 0.2632274 0.2174069 0.7705257 0.3488019 0.1605146 0.3912253 0.2496520 0.1614024 0.1321477 0.1529615 0.1767266 0.2676259 0.1393935 0.3184739 0.1518736 0.1906809 0.3628109 0.1407379 0.1397848 0.4530538 0.1343027 0.1902211 0.2672071 0.2024129 0.1672423 0.1556557 0.3775370 0.2825965 0.0592267 0.1806841 0.0989441 0.1415733 0.2681173 0.1419055 0.2019665 0.1922600 0.1511050 0.3501338 0.1258426 0.2201493 0.1816584 0.1465866 0.0758273 0.2007959 0.3892167 0.1504158 0.1412469 0.2672019 0.1588756 0.2567866 
Perityle_cfvillosa_25_tin                  0.1052565 0.0424019 0.3474499 0.1874251 0.2611118 0.1185471 0.5614089 0.1113756 0.1788320 0.0099606 0.3856718 0.0064563 0.1262377 0.0573975 0.2348049 0.1683802 0.1229100 0.0016473 0.1944973 0.0000000 0.0029172 0.0111944 0.0051117 0.3949534 0.1127474 0.0398015 0.2263598 0.1020966 0.0695305 0.1558481 0.1171615 1.3459115 0.3322296 0.0548292 0.3001982 0.1326899 0.0663148 0.0032501 0.0160123 0.0112920 0.1352305 0.0016172 0.1752444 0.0063820 0.0032068 0.2837291 0.0048918 0.0032358 0.3650565 0.1072407 0.0179516 0.1897591 0.0360694 0.0321902 0.0015895 0.3590703 0.1600600 0.0728983 0.1076947 0.0181701 0.0098702 0.2306895 0.0278626 0.0725024 9.0000000 0.1443521 0.2872109 0.0034329 0.1164805 0.0483940 0.0195680 0.0000010 0.0780928 0.2855329 0.0144144 0.0049503 0.1314883 0.0031940 0.1665921 
Perityle_cinerea_113_Powell1310            0.0471947 0.0384145 0.2131795 0.1347421 0.2014071 0.0882510 0.5630569 0.0494033 0.0828836 0.0060416 0.2401602 0.0028945 0.0514078 0.0177646 0.1598968 0.0939554 0.0937242 0.0029520 0.2058024 0.0029172 0.0000000 0.0086054 0.0029152 0.2600053 0.0229493 0.0320272 0.1272516 0.0569198 0.0669731 0.1009914 0.0627939 1.3459115 0.2200394 0.0192817 0.1952942 0.1099817 0.0152433 0.0058575 0.0143242 0.0146252 0.0947671 0.0029131 0.1140345 0.0172575 0.0058435 0.1610698 0.0029366 0.0028970 0.2379552 0.0099693 0.0029330 0.0770721 0.0274654 0.0397926 0.0029274 0.2086725 0.1040866 0.0725410 0.0870844 0.0144979 0.0090501 0.1447979 0.0174078 0.0549715 9.0000000 0.1456680 0.2071189 0.0028965 0.0647452 0.0120440 0.0117708 0.0000010 0.0659182 0.1668919 0.0086014 0.0029835 0.1122931 0.0115482 0.0785448 
Perityle_coahuilensis_24                   0.1881943 0.0675066 0.2310360 0.2583998 0.3113996 0.1487388 0.5555177 0.2064934 0.2461703 0.0201750 0.3810046 0.0272162 0.1882606 0.1337486 0.2529685 0.2078256 0.2099120 0.0155578 0.1509049 0.0111944 0.0086054 0.0000000 0.0316123 0.3889212 0.0609758 0.0746876 0.2082565 0.1783886 0.0744126 0.1834608 0.1294341 0.0860105 0.3600031 0.1856489 0.2132559 0.1435517 0.1349635 0.0383885 0.0838216 0.0206037 0.2896389 0.0193788 0.2084989 0.0810406 0.0781757 0.2079836 0.0112620 0.0190146 0.4495014 0.0542156 0.1310203 0.1591517 0.0348082 0.0368418 0.0299581 0.1924628 0.1781458 0.1014278 0.1047293 0.0204081 0.0362935 0.2469000 0.0291023 0.0824420 0.0508996 0.1944775 0.3823848 0.0248471 0.2056262 0.0898460 0.0260781 0.0152413 0.0887604 0.2561854 0.1136203 0.0225225 0.1662298 0.0777148 0.1931718 
Perityle_cochisensis_44_cave_creek         0.1765705 0.0549165 0.2948242 0.2183070 0.2611283 0.1450367 0.5694936 0.1827770 0.2115192 0.0130393 0.3598203 0.0052337 0.1535449 0.1418634 0.2493454 0.1757194 0.1522243 0.0098848 0.1526351 0.0051117 0.0029152 0.0316123 0.0000000 0.3630134 0.0778545 0.0649989 0.2826140 0.1481111 0.0627411 0.1469421 0.1078013 0.1420957 0.3632104 0.1520824 0.3558896 0.1266456 0.1412789 0.0121780 0.0256879 0.0109784 0.2489312 0.0040682 0.1879217 0.0267332 0.0149453 0.2629883 0.0029005 0.0097709 0.3922773 0.0689106 0.0147702 0.2130543 0.0357528 0.0291071 0.0164874 0.2944122 0.1471515 0.0735393 0.0974290 0.0089103 0.0175448 0.2550590 0.0231000 0.0736488 0.0905987 0.1798037 0.3412245 0.0240427 0.2076035 0.1302737 0.0154349 0.0104064 0.0777405 0.3559735 0.0227983 0.0098864 0.1539189 0.0173233 0.1807532 
Perityle_congesta_202                      0.3268042 0.1752160 0.4658124 0.4610407 0.2965269 0.4186029 0.8449645 0.3545452 0.4253800 0.3179950 0.0065785 0.3408500 0.4372115 0.3683538 0.0833052 0.3973873 0.4516528 0.3453362 0.3897132 0.3949534 0.2600053 0.3889212 0.3630134 0.0000000 0.4333695 0.3648066 0.4506505 0.4348277 0.3339781 0.4383078 0.3333634 0.7645533 0.2092501 0.3886546 0.3610869 0.3477444 0.3533026 0.3856866 0.3631041 0.3897485 0.4304035 0.3297487 0.1780155 0.4000162 0.3993603 0.3714392 0.3395436 0.3407575 0.4468019 0.3962559 0.4180476 0.4279003 0.3679632 0.3596741 0.3413837 0.4544098 0.3773889 0.1278739 0.2426919 0.1414098 0.3173526 0.3998484 0.3078361 0.3693335 0.9051971 0.0999253 0.2300202 0.3602213 0.3874959 0.4102942 0.3580040 0.1799537 0.3735720 0.4869140 0.3770887 0.3455902 0.3657585 0.3540817 0.3817301 
Perityle_cordifolia_27                     0.1792032 0.0629526 0.2547245 0.2904907 0.3759322 0.2473605 0.5503432 0.1996372 0.2545881 0.0925905 0.4345569 0.0917022 0.2419471 0.1382893 0.2898807 0.2208399 0.2580393 0.1024047 0.1771485 0.1127474 0.0229493 0.0609758 0.0778545 0.4333695 0.0000000 0.0645166 0.1567996 0.1994797 0.0771305 0.2380959 0.1697005 0.0369062 0.4021385 0.1084643 0.2044803 0.1655504 0.1481549 0.0577868 0.1468653 0.1038594 0.2749568 0.0890929 0.2498242 0.0710056 0.1666814 0.2372874 0.0968534 0.0888752 0.4777706 0.0078388 0.2099745 0.1518471 0.0891983 0.0712730 0.0937356 0.2083447 0.1907531 0.1080811 0.1043503 0.0172430 0.0946161 0.2517834 0.0185619 0.1585087 0.0161267 0.2174331 0.4419127 0.0492047 0.1881955 0.0778127 0.1126705 0.0438069 0.1665681 0.2034916 0.1745682 0.0871313 0.1783233 0.1509494 0.2029304 
Perityle_cordifolia_68_tecolote            0.1857276 0.0671104 0.2124911 0.2428716 0.3135165 0.1768149 0.5403492 0.2102211 0.2627073 0.0392460 0.3704665 0.0836764 0.2040758 0.1498561 0.2606366 0.2034871 0.2032041 0.0641209 0.1357470 0.0398015 0.0320272 0.0746876 0.0649989 0.3648066 0.0645166 0.0000000 0.1838921 0.1745605 0.0814989 0.2680784 0.1314615 0.0579175 0.3525562 0.1615381 0.2270687 0.1349245 0.1535865 0.0515132 0.1015005 0.0460807 0.3038514 0.0374829 0.2206445 0.0905365 0.1143973 0.2009108 0.0358538 0.0580089 0.4416999 0.0587940 0.1797295 0.1524605 0.0082488 0.0471136 0.0640543 0.1724787 0.1753514 0.0972060 0.0955113 0.0352050 0.0636320 0.2291969 0.0400785 0.0938540 0.0253621 0.2070303 0.3767364 0.0458226 0.2093365 0.1146193 0.0492140 0.0444407 0.1041241 0.2503118 0.1349028 0.0493279 0.1718130 0.1058293 0.1942095 
Perityle_coronopifolia_28_patagonia        0.3908985 0.1422170 0.2435985 0.4517817 0.4321156 0.3458466 0.6175960 0.4166141 0.3298410 0.2762903 0.4517209 0.2780216 0.3901397 0.3067644 0.3388650 0.2744397 0.2182700 0.3175877 0.2622410 0.2263598 0.1272516 0.2082565 0.2826140 0.4506505 0.1567996 0.1838921 0.0000000 0.3226101 0.1431003 0.2451868 0.1800973 0.0707657 0.4576620 0.2623333 0.2748044 0.1241306 0.3065446 0.1801440 0.2876959 0.2321844 0.3548954 0.2553510 0.2993298 0.1880730 0.3764285 0.2360234 0.2326515 0.2862019 0.5582317 0.1459045 0.3466507 0.1185207 0.1501144 0.1734898 0.3065362 0.2177783 0.1206001 0.1079310 0.0884253 0.1273886 0.3141430 0.0460558 0.1706492 0.3432165 0.0466095 0.2557311 0.4749063 0.1758056 0.3651462 0.1882210 0.3009316 0.1401025 0.3595967 0.2724558 0.3092820 0.2962348 0.0451015 0.3495776 0.2485776 
Perityle_crassifolia_70_ventanas           0.0956641 0.0414427 0.3126715 0.1985117 0.3072696 0.2242759 0.6795743 0.0864570 0.2427665 0.1698681 0.4074606 0.1701036 0.2809964 0.2425932 0.2424851 0.1933802 0.1000175 0.1182345 0.3488811 0.1020966 0.0569198 0.1783886 0.1481111 0.4348277 0.1994797 0.1745605 0.3226101 0.0000000 0.0029237 0.2143383 0.0892944 1.3459115 0.4363102 0.1802774 0.3507125 0.1115518 0.2460325 0.1581474 0.1346299 0.1066996 0.1326613 0.1613904 0.1704798 0.1638190 0.1552525 0.2852105 0.1358421 0.1585370 0.3870140 0.1885608 0.1346567 0.2824046 0.1104434 0.0864334 0.1632620 0.3689632 0.1353482 0.0827047 0.0837364 0.0417725 0.1639624 0.3289341 0.1005650 0.1791087 9.0000000 0.1370929 0.3113814 0.1583284 0.0294633 0.2251753 0.1570517 0.0560841 0.1921044 0.3713714 0.1350353 0.1579905 0.1021477 0.1599270 0.1897056 
Perityle_crassifolia_74_playa_balandra     0.0436424 0.0308585 0.2181350 0.1200439 0.2590260 0.1040786 0.6086337 0.0456462 0.1161472 0.0578436 0.3031333 0.0657199 0.1210711 0.0700723 0.1726443 0.1007293 0.0972044 0.0595412 0.2780858 0.0695305 0.0669731 0.0744126 0.0627411 0.3339781 0.0771305 0.0814989 0.1431003 0.0029237 0.0000000 0.1341514 0.0721823 1.3459115 0.3118286 0.0271177 0.2046078 0.1055376 0.0688329 0.0654547 0.0706474 0.0750850 0.0976253 0.0628052 0.1597494 0.0769879 0.0694298 0.1768708 0.0492496 0.0655282 0.2990917 0.0653324 0.0623777 0.1048511 0.0752692 0.0624000 0.0698080 0.2213486 0.1279226 0.0458243 0.0840620 0.0460170 0.0610714 0.1545090 0.0682626 0.0843295 9.0000000 0.1444057 0.2338201 0.0589957 0.0293811 0.0683492 0.0723888 0.0368429 0.0909872 0.2042629 0.0673957 0.0658858 0.1093269 0.0774812 0.0956511 
Perityle_cuneata_34_cuneata_San_antonio    0.1702153 0.0894760 0.5026318 0.2246961 0.3640629 0.2101177 0.6694705 0.1777883 0.3014919 0.1442447 0.4245913 0.1759123 0.2913916 0.1935219 0.2890895 0.1505434 0.1500723 0.1414503 0.2632274 0.1558481 0.1009914 0.1834608 0.1469421 0.4383078 0.2380959 0.2680784 0.2451868 0.2143383 0.1341514 0.0000000 0.1145997 0.9884339 0.4250036 0.1838384 0.4282399 0.1556875 0.2073933 0.1557406 0.1761452 0.1626453 0.2085453 0.1593748 0.2807065 0.1920905 0.1583023 0.4646357 0.1419287 0.1417978 0.4459302 0.2021263 0.2828811 0.2576130 0.1591302 0.1581200 0.1728742 0.4718958 0.1939510 0.0777259 0.1386994 0.0847123 0.1667635 0.2399093 0.1462110 0.1739019 9.0000000 0.1747000 0.3665516 0.2110180 0.1821943 0.2093232 0.1566253 0.0963773 0.1876184 0.3252021 0.1616172 0.1519867 0.1642309 0.1472451 0.1719690 
Perityle_cuneata_4                         0.1280898 0.0699022 0.4365752 0.2310380 0.2605607 0.1923131 0.6686383 0.1297550 0.1847343 0.1155531 0.3208671 0.1229523 0.2173030 0.1545706 0.2340474 0.1587729 0.0910160 0.1101794 0.2174069 0.1171615 0.0627939 0.1294341 0.1078013 0.3333634 0.1697005 0.1314615 0.1800973 0.0892944 0.0721823 0.1145997 0.0000000 0.9884339 0.3079099 0.0962275 0.3392668 0.1087526 0.1532049 0.1064739 0.1304002 0.1241602 0.1100549 0.1178551 0.2193153 0.1206239 0.1161823 0.3521587 0.1078681 0.1106140 0.3991394 0.1625158 0.1915650 0.1699335 0.1183210 0.1057441 0.1161853 0.3617299 0.1347754 0.0560586 0.1063317 0.0664539 0.1094480 0.1660576 0.1026078 0.1389085 9.0000000 0.1619763 0.2689123 0.1144002 0.1157062 0.1525399 0.1216573 0.0787827 0.1481316 0.2780719 0.1166912 0.1127425 0.1464093 0.1148441 0.1397405 
Perityle_discoidea_81                      0.6071366 1.3459115 0.0278490 0.6262882 0.8617076 0.6899949 0.4092889 0.6616565 0.8589919 0.8676026 0.7350865 1.2244718 0.7412360 1.0397952 0.6643550 0.8873639 0.7629295 1.2244718 0.7705257 1.3459115 1.3459115 0.0860105 0.1420957 0.7645533 0.0369062 0.0579175 0.0707657 1.3459115 1.3459115 0.9884339 0.9884339 0.0000000 0.9225174 0.0573526 0.0670904 1.2958374 0.6967936 0.0600654 0.5691485 1.4571955 0.7849255 1.2244718 0.5412294 0.0765392 0.5615997 0.0677226 1.2244718 1.2244718 0.8367739 0.0406114 1.2244718 0.0427192 0.0570030 1.3459115 0.8464682 0.0799062 2.8410366 1.3459115 0.0612765 1.3459115 0.7468125 1.1374495 1.2244718 0.8974884 0.0464277 0.7391415 1.2381306 0.0639823 0.8348545 0.0362755 1.2244718 1.3459115 1.0223454 0.1011147 0.6617311 1.0744798 1.2727638 0.6119615 0.9134897 
Perityle_dissecta_201                      0.2741057 0.1391358 0.4293433 0.3846068 0.2641784 0.3958161 0.7910039 0.3136047 0.4006840 0.2699538 0.2029808 0.2984158 0.3854143 0.3126535 0.0644135 0.3774570 0.4254783 0.2987248 0.3488019 0.3322296 0.2200394 0.3600031 0.3632104 0.2092501 0.4021385 0.3525562 0.4576620 0.4363102 0.3118286 0.4250036 0.3079099 0.9225174 0.0000000 0.3733840 0.3629620 0.3456213 0.3005046 0.3587948 0.3546036 0.3388343 0.4170493 0.2910441 0.1557368 0.3763770 0.3474921 0.3589259 0.3022666 0.2946574 0.3750902 0.3508720 0.3704782 0.4389370 0.3692339 0.3081088 0.2952196 0.4888010 0.3587791 0.1421449 0.2661319 0.1219178 0.2638185 0.3769715 0.2698526 0.3287954 1.2113684 0.0975431 0.2007785 0.3477440 0.3925221 0.3882333 0.3093025 0.1471433 0.3325808 0.5261096 0.3558651 0.3072431 0.3178985 0.3099875 0.3810500 
Perityle_emoryi_47_punta_san_jose          0.2063166 0.0230824 0.2367913 0.3074523 0.2687736 0.2276044 0.6514212 0.2185423 0.2499699 0.1417677 0.3808618 0.1259294 0.2691711 0.1784476 0.2372268 0.1917382 0.1613528 0.1288581 0.1605146 0.0548292 0.0192817 0.1856489 0.1520824 0.3886546 0.1084643 0.1615381 0.2623333 0.1802774 0.0271177 0.1838384 0.0962275 0.0573526 0.3733840 0.0000000 0.3618844 0.1034987 0.1838716 0.1456524 0.0888162 0.0560640 0.2852998 0.1143121 0.1751244 0.1490935 0.1835974 0.2718899 0.0692726 0.1442144 0.4858445 0.1095002 0.0762634 0.2390825 0.0823854 0.0172148 0.1563061 0.3195134 0.1351393 0.0765414 0.0803636 0.0189191 0.1667704 0.2629892 0.0208077 0.1733855 0.1214599 0.1813054 0.3502182 0.1563332 0.2259197 0.1885293 0.1438060 0.0282988 0.1734551 0.3867902 0.0775819 0.1474050 0.1214401 0.1767392 0.1876748 
Perityle_feddemae_99                       0.4326823 0.2001898 0.2214106 0.4455435 0.3275015 0.4320959 0.6358587 0.4532806 0.4920874 0.3722744 0.3618866 0.4022619 0.5250424 0.4575414 0.2010066 0.4192679 0.3987972 0.4058305 0.3912253 0.3001982 0.1952942 0.2132559 0.3558896 0.3610869 0.2044803 0.2270687 0.2748044 0.3507125 0.2046078 0.4282399 0.3392668 0.0670904 0.3629620 0.3618844 0.0000000 0.3301827 0.4323644 0.1999269 0.3901251 0.3468749 0.5228799 0.3933511 0.2482568 0.2291094 0.4577093 0.0108625 0.3431267 0.4092637 0.5237559 0.1908461 0.4195001 0.2525524 0.1969030 0.2841253 0.4145786 0.1905174 0.3198405 0.1746891 0.1863085 0.1864210 0.3923544 0.5041961 0.3062968 0.4297133 0.0477435 0.1313036 0.3372244 0.1935643 0.4870674 0.2435535 0.4051731 0.2108368 0.4591363 0.2765277 0.4274244 0.4227952 0.3807120 0.4535094 0.4189171 
Perityle_gamon_221                         0.1654568 0.1023461 0.4154040 0.2494120 0.3328315 0.2230482 0.6774682 0.1727982 0.1879677 0.1331542 0.3426556 0.1394265 0.2291012 0.1450199 0.2367587 0.1752925 0.1032978 0.1336585 0.2496520 0.1326899 0.1099817 0.1435517 0.1266456 0.3477444 0.1655504 0.1349245 0.1241306 0.1115518 0.1055376 0.1556875 0.1087526 1.2958374 0.3456213 0.1034987 0.3301827 0.0000000 0.1451522 0.1350372 0.1479548 0.1352820 0.0085027 0.1384541 0.2548761 0.1459148 0.1314137 0.3360207 0.1280071 0.1365670 0.4004523 0.1519644 0.2099794 0.1310117 0.1173093 0.1296712 0.1361719 0.3187957 0.1231399 0.0481163 0.1130417 0.0891477 0.1323467 0.1239244 0.1402352 0.1675066 9.0000000 0.1973217 0.2533482 0.1329817 0.1449790 0.1427046 0.1457921 0.1001912 0.1788371 0.2435633 0.1447462 0.1370444 0.1421982 0.1374910 0.1539676 
Perityle_gentryi_8_san_francisco           0.2255382 0.0461733 0.4130997 0.2934811 0.3053993 0.2326150 0.6562859 0.2314461 0.1951852 0.1240722 0.3508767 0.1109770 0.2245494 0.0520509 0.2339793 0.1910734 0.1837944 0.1209054 0.1614024 0.0663148 0.0152433 0.1349635 0.1412789 0.3533026 0.1481549 0.1535865 0.3065446 0.2460325 0.0688329 0.2073933 0.1532049 0.6967936 0.3005046 0.1838716 0.4323644 0.1451522 0.0000000 0.1177402 0.0871989 0.0764014 0.2828940 0.1067682 0.2010583 0.1363972 0.1542528 0.3600161 0.0780962 0.1287793 0.4871949 0.1417254 0.1098400 0.2645486 0.0997934 0.0443767 0.1301662 0.4903210 0.1679840 0.1098904 0.1248425 0.0283387 0.1296685 0.2495922 0.0382955 0.2000456 0.4707457 0.0923445 0.2847441 0.1278365 0.2303678 0.1828150 0.1301815 0.0297674 0.2109626 0.4775086 0.0731620 0.1294947 0.1613635 0.1327119 0.1795772 
Perityle_gilensis_22_Superstition          0.1758282 0.0596385 0.2086425 0.2406253 0.3043812 0.1456484 0.5308391 0.1970481 0.2160444 0.0123471 0.3788111 0.0099157 0.1814364 0.1277569 0.2559119 0.1908805 0.1854760 0.0067763 0.1321477 0.0032501 0.0058575 0.0383885 0.0121780 0.3856866 0.0577868 0.0515132 0.1801440 0.1581474 0.0654547 0.1557406 0.1064739 0.0600654 0.3587948 0.1456524 0.1999269 0.1350372 0.1177402 0.0000000 0.0789503 0.0120241 0.2772502 0.0114302 0.1941906 0.0488523 0.0600027 0.1844907 0.0063243 0.0137774 0.4318890 0.0539693 0.1124178 0.1484099 0.0243661 0.0240244 0.0130548 0.1766941 0.1681944 0.0903372 0.0956902 0.0205256 0.0147225 0.2271600 0.0283229 0.0745714 0.0313534 0.1755990 0.3670658 0.0095043 0.1904395 0.0791042 0.0198531 0.0128535 0.0763783 0.2431698 0.1102184 0.0114858 0.1562016 0.0648938 0.1693979 
Perityle_gilensis_salensis_225             0.1250356 0.0461142 0.4681460 0.2082684 0.2891627 0.1398391 0.6610396 0.1348982 0.1816908 0.0237021 0.3557932 0.0188737 0.1522910 0.0788433 0.2497296 0.1953728 0.1461534 0.0211251 0.1529615 0.0160123 0.0143242 0.0838216 0.0256879 0.3631041 0.1468653 0.1015005 0.2876959 0.1346299 0.0706474 0.1761452 0.1304002 0.5691485 0.3546036 0.0888162 0.3901251 0.1479548 0.0871989 0.0789503 0.0000000 0.0205545 0.2063296 0.0231693 0.2195629 0.0861269 0.0431071 0.4199280 0.0203707 0.0188706 0.4058623 0.1344769 0.1200725 0.2713462 0.0997773 0.0404557 0.0259444 0.4370621 0.1803300 0.0898246 0.1479238 0.0143549 0.0316335 0.2359391 0.0361128 0.0831062 0.5719645 0.1553550 0.3228935 0.0786272 0.1466789 0.1401818 0.0329601 0.0126059 0.0867004 0.3529168 0.0367287 0.0226532 0.1750404 0.0440512 0.1809801 
Perityle_gracilis_11                       0.1023103 0.0445843 0.3503248 0.1915827 0.2773035 0.1234222 0.6060148 0.1058851 0.1778891 0.0183994 0.3772798 0.0118333 0.1346095 0.0695853 0.2407244 0.1704681 0.1337949 0.0121591 0.1767266 0.0112920 0.0146252 0.0206037 0.0109784 0.3897485 0.1038594 0.0460807 0.2321844 0.1066996 0.0750850 0.1626453 0.1241602 1.4571955 0.3388343 0.0560640 0.3468749 0.1352820 0.0764014 0.0120241 0.0205545 0.0000000 0.1298219 0.0119870 0.1942503 0.0029240 0.0094421 0.3359857 0.0089717 0.0134349 0.3845578 0.0940358 0.0178435 0.2005064 0.0439794 0.0373736 0.0133889 0.3786938 0.1742180 0.0706039 0.1265019 0.0177941 0.0198160 0.2340492 0.0302186 0.0710994 9.0000000 0.1538528 0.2988737 0.0125792 0.1088205 0.0473558 0.0255102 0.0026099 0.0763685 0.3138573 0.0190352 0.0152325 0.1527301 0.0147416 0.1647576 
Perityle_hofmeisteria_4_nombre_de_dios     0.2172306 0.1046578 0.5460767 0.3512488 0.3504946 0.2513212 0.7624595 0.2503114 0.3024280 0.2040711 0.4215915 0.2246122 0.3297823 0.2766588 0.2508013 0.2436733 0.1433514 0.2034923 0.2676259 0.1352305 0.0947671 0.2896389 0.2489312 0.4304035 0.2749568 0.3038514 0.3548954 0.1326613 0.0976253 0.2085453 0.1100549 0.7849255 0.4170493 0.2852998 0.5228799 0.0085027 0.2828940 0.2772502 0.2063296 0.1298219 0.0000000 0.1834600 0.2423485 0.2929544 0.2530999 0.4671403 0.1477506 0.2094786 0.4914124 0.2633758 0.2801980 0.3256929 0.1940594 0.1228230 0.2151687 0.5138597 0.1281793 0.0834317 0.1805483 0.0820477 0.2122630 0.1945077 0.1292411 0.2549715 0.7647866 0.1875063 0.3282376 0.2907481 0.1928426 0.3588780 0.2162145 0.1139286 0.2684863 0.4450614 0.2082288 0.2095588 0.1309867 0.2311214 0.2171661 
Perityle_huecosensis_48                    0.1494542 0.0578584 0.4331096 0.1939155 0.2615412 0.1373654 0.6176117 0.1506106 0.1579603 0.0180904 0.3250245 0.0121293 0.1633010 0.1043470 0.2292955 0.1601182 0.1265860 0.0012444 0.1393935 0.0016172 0.0029131 0.0193788 0.0040682 0.3297487 0.0890929 0.0374829 0.2553510 0.1613904 0.0628052 0.1593748 0.1178551 1.2244718 0.2910441 0.1143121 0.3933511 0.1384541 0.1067682 0.0114302 0.0231693 0.0119870 0.1834600 0.0000000 0.2014131 0.0174146 0.0096040 0.3834780 0.0077082 0.0104802 0.4026287 0.0810313 0.1106728 0.2188653 0.0315381 0.0300295 0.0143587 0.4185036 0.1760656 0.0963854 0.1175558 0.0119514 0.0198356 0.2351236 0.0222855 0.0702788 9.0000000 0.1495437 0.2778909 0.0095740 0.1625001 0.1146101 0.0216847 0.0103292 0.0770359 0.3349466 0.0175920 0.0155221 0.1481373 0.0091469 0.1560507 
Perityle_incana_3_ucla                     0.2170563 0.0949749 0.2702051 0.2823375 0.1377520 0.2618876 0.6913765 0.2131287 0.2598473 0.1975555 0.1846368 0.2090001 0.2311120 0.2017409 0.1122459 0.2448032 0.2494990 0.1887752 0.3184739 0.1752444 0.1140345 0.2084989 0.1879217 0.1780155 0.2498242 0.2206445 0.2993298 0.1704798 0.1597494 0.2807065 0.2193153 0.5412294 0.1557368 0.1751244 0.2482568 0.2548761 0.2010583 0.1941906 0.2195629 0.1942503 0.2423485 0.2014131 0.0000000 0.2180670 0.1863594 0.2395086 0.1945632 0.1973651 0.3238390 0.2294436 0.2385176 0.2692656 0.1704201 0.1970399 0.2053352 0.2810175 0.2544174 0.0811660 0.2015826 0.1000906 0.1885905 0.2787915 0.2241181 0.2199449 9.0000000 0.0616965 0.1588363 0.2042369 0.2457160 0.2214793 0.2043024 0.1339039 0.2218463 0.3298226 0.2131714 0.2068011 0.2727393 0.2094763 0.2500915 
Perityle_intricata_59_Clark_mtns           0.1818671 0.0701729 0.2137986 0.2498191 0.3077456 0.1460679 0.5424017 0.2016746 0.2479400 0.0223674 0.3863496 0.0619382 0.1978954 0.1362927 0.2650050 0.2007929 0.1970843 0.0201653 0.1518736 0.0063820 0.0172575 0.0810406 0.0267332 0.4000162 0.0710056 0.0905365 0.1880730 0.1638190 0.0769879 0.1920905 0.1206239 0.0765392 0.3763770 0.1490935 0.2291094 0.1459148 0.1363972 0.0488523 0.0861269 0.0029240 0.2929544 0.0174146 0.2180670 0.0000000 0.0600864 0.2149133 0.0151690 0.0249020 0.4531666 0.0619861 0.1367844 0.1671653 0.0535212 0.0387759 0.0339701 0.1390253 0.1840906 0.1268071 0.1045450 0.0233048 0.0425132 0.2401337 0.0328723 0.0802283 0.0668100 0.2124167 0.3886570 0.0574569 0.2032694 0.0735583 0.0295811 0.0126538 0.0823731 0.2494490 0.1139953 0.0217131 0.1617004 0.0646388 0.1932963 
Perityle_inyoensis_9_pleasant              0.1920457 0.0582370 0.3999150 0.1954876 0.2783686 0.1334878 0.5994125 0.2030731 0.2009481 0.0217425 0.3853904 0.0136162 0.1819551 0.1533663 0.2340861 0.1675640 0.1361370 0.0180228 0.1906809 0.0032068 0.0058435 0.0781757 0.0149453 0.3993603 0.1666814 0.1143973 0.3764285 0.1552525 0.0694298 0.1583023 0.1161823 0.5615997 0.3474921 0.1835974 0.4577093 0.1314137 0.1542528 0.0600027 0.0431071 0.0094421 0.2530999 0.0096040 0.1863594 0.0600864 0.0000000 0.3654039 0.0121935 0.0215451 0.3928704 0.1703774 0.0264716 0.3027468 0.0482594 0.0340451 0.0023792 0.4233972 0.1574774 0.0829976 0.1127065 0.0150472 0.0193868 0.2738650 0.0307861 0.0810236 0.5238580 0.1435404 0.2946522 0.0772904 0.2021703 0.1873196 0.0268299 0.0103402 0.0880126 0.4382870 0.0511723 0.0153980 0.1344113 0.0041491 0.1656426 
Perityle_jaliscana_203                     0.3606394 0.1451699 0.2338646 0.4169134 0.3132605 0.3744746 0.6537951 0.3682452 0.5123773 0.3595233 0.3668285 0.3903010 0.4476181 0.3556320 0.2063693 0.3971991 0.3895617 0.3124649 0.3628109 0.2837291 0.1610698 0.2079836 0.2629883 0.3714392 0.2372874 0.2009108 0.2360234 0.2852105 0.1768708 0.4646357 0.3521587 0.0677226 0.3589259 0.2718899 0.0108625 0.3360207 0.3600161 0.1844907 0.4199280 0.3359857 0.4671403 0.3834780 0.2395086 0.2149133 0.3654039 0.0000000 0.3177159 0.3786262 0.5101923 0.2232584 0.4529897 0.2021985 0.1824835 0.2627724 0.3665369 0.1827657 0.3610729 0.1217671 0.1631477 0.1587841 0.3605499 0.4794717 0.3509731 0.3469808 0.0433572 0.1246376 0.3429823 0.1860624 0.3911799 0.2001938 0.3367767 0.1828000 0.3700932 0.2627716 0.4491867 0.3852305 0.3679008 0.3655819 0.4580769 
Perityle_lemmonii_12                       0.1177233 0.0362486 0.3564180 0.1877030 0.2655292 0.1221819 0.6127705 0.1217251 0.1618980 0.0127733 0.3305892 0.0049707 0.1469220 0.0751394 0.2428630 0.1630986 0.1230258 0.0066363 0.1407379 0.0048918 0.0029366 0.0112620 0.0029005 0.3395436 0.0968534 0.0358538 0.2326515 0.1358421 0.0492496 0.1419287 0.1078681 1.2244718 0.3022666 0.0692726 0.3431267 0.1280071 0.0780962 0.0063243 0.0203707 0.0089717 0.1477506 0.0077082 0.1945632 0.0151690 0.0121935 0.3177159 0.0000000 0.0050518 0.4102819 0.0880909 0.0402737 0.2010143 0.0317236 0.0263185 0.0140303 0.3733324 0.1558885 0.0729462 0.1207273 0.0119156 0.0127824 0.2389619 0.0231215 0.0617251 9.0000000 0.1432114 0.2779356 0.0039471 0.1294760 0.0742694 0.0176482 0.0102772 0.0669901 0.3373558 0.0100989 0.0063509 0.1539946 0.0126395 0.1516560 
