81
Amauria_brandeegeana_62                    0.0000000 0.0298089 0.2722812 0.3688647 0.1484478 0.3841197 0.1980466 0.2511969 0.1143184 0.2002779 0.1421388 0.1189491 0.1100216 0.3491053 0.1294301 0.1000730 0.0472816 0.1595641 0.1140750 0.0859704 0.0790265 0.0907248 0.1575891 0.2849780 0.1097877 0.1193158 0.1682118 0.1930430 0.1455536 0.2310091 0.1597341 0.1252530 0.0340928 0.4041004 0.1113772 0.2801697 0.0787612 0.2314311 0.0986363 0.1569801 0.1075908 0.2858281 0.1120469 0.2128319 0.3040753 0.1089722 0.1218284 0.0908169 0.1044944 0.2858505 0.1184053 0.1661069 0.1199270 0.0982337 0.0976872 0.1853293 0.1661651 0.0885179 0.1201237 0.1802424 0.1611801 0.1034401 0.1374238 0.1752226 0.0988699 0.2124331 0.1771328 0.3572426 0.1309702 0.1365343 0.1487429 0.1612981 0.2081540 0.1122854 0.1633567 0.2447797 0.1453879 0.1380237 0.1863253 0.1359953 0.1159766 
Amauria_carterae_99_mesa                   0.0298089 0.0000000 0.1977043 0.3359321 0.0847894 0.2270799 0.2168001 0.1544313 0.6662114 0.1604557 0.2085608 0.1246434 0.1125732 0.3458302 0.0956206 0.1064208 0.1017541 0.1184359 0.5277831 0.1046467 0.1173409 0.0981092 0.6131327 0.3504646 0.1158359 0.1158896 0.1521360 0.2161586 0.2901643 0.1833584 0.1532222 0.1432350 0.0578342 0.1541006 0.0875541 0.1788214 0.1076502 0.1328398 0.0987441 9.0000000 0.1073892 0.1898828 0.1159108 0.1770597 0.1310758 0.1033445 0.2008909 0.1159555 0.1104741 0.1834973 0.1276731 0.9649704 0.1051806 0.1047130 0.1074688 0.2425392 0.1437441 0.1137282 9.0000000 0.1974162 0.2175261 0.1213907 0.1780365 0.2031252 0.1049588 0.1367740 0.1058416 0.2917645 0.1251174 0.1063127 0.0778439 0.1184814 0.3382636 0.1258336 0.1555455 0.3908992 0.1223142 0.1821738 0.2173056 0.1227801 0.1411094 
Amauria_rotundifolia_SRR9119150            0.2722812 0.1977043 0.0000000 0.5195301 0.5889208 0.6203690 0.4626076 0.3806951 0.2784221 0.5924663 0.2792883 0.3264093 0.3753753 0.6143629 0.5142979 0.2950317 0.4575229 0.3459195 0.2609829 0.3030985 0.3036334 0.2258643 0.3659865 0.3661310 0.3204471 0.3279623 0.5559881 0.3216769 0.3340486 0.4373467 0.2879217 0.2878179 0.5126672 0.4964497 0.2399800 0.6035957 0.2832903 0.5608554 0.4555450 0.2219508 0.3136170 0.6291318 0.3192590 0.4998454 0.6625298 0.3102069 0.3000138 0.3180009 0.5041676 0.5944090 0.3221111 0.3426699 0.3179912 0.3440743 0.3123672 0.3234375 0.4572710 0.3063033 0.2801159 0.4689800 0.3245825 0.2310900 0.3286628 0.3067727 0.2868599 0.6038063 0.5400769 0.4357187 0.3310616 0.3237870 0.5003479 0.3311002 0.3330844 0.3218271 0.5228268 0.2967464 0.3029829 0.3270279 0.3717509 0.5104616 0.5218258 
Conoclinium_coelestinum_SRR9119114         0.3688647 0.3359321 0.5195301 0.0000000 0.4395128 0.4912429 0.3421997 0.2727155 0.4628498 0.4150192 0.3981269 0.3924906 0.3535850 0.4421743 0.3117021 0.3625787 0.2778127 0.4291108 0.3736305 0.3629873 0.3829104 0.2870614 0.3975607 0.4988761 0.3834917 0.3742329 0.3722731 0.4201479 0.3299662 0.3790362 0.4157048 0.3673544 0.3711337 0.3929776 0.3795604 0.4264659 0.3678482 0.3389913 0.3269794 0.4425505 0.3645504 0.4245007 0.3938352 0.3504845 0.4871139 0.3765152 0.3827058 0.3842696 0.3261156 0.3780573 0.3770187 0.5309232 0.3689714 0.3803064 0.3757039 0.4339483 0.3489612 0.3729019 0.3716843 0.3761491 0.3990615 0.3004214 0.3993069 0.4177668 0.3311788 0.4431127 0.3965242 0.4084772 0.3895805 0.3698354 0.4167492 0.4363726 0.4976562 0.3733039 0.3627424 0.4797989 0.4055736 0.4048515 0.3770710 0.3390850 0.3807233 
Eutetras_palmeri_63                        0.1484478 0.0847894 0.5889208 0.4395128 0.0000000 0.3688197 0.2510637 0.1836541 0.5554100 0.1431465 0.1760455 0.1591795 0.1407581 0.3004983 0.0542510 0.1441300 0.0693972 0.1643198 0.3940009 0.1401780 0.1569110 0.0542053 0.4270274 0.4088228 0.1514468 0.1669773 0.1141001 0.2846325 0.3709553 0.2657165 0.1912453 0.2049541 0.0695465 0.3804518 0.1540014 0.1910944 0.1476515 0.0990907 0.0569275 0.6639353 0.1471547 0.1794142 0.1545251 0.1398789 0.1849652 0.1508928 0.1199694 0.1390850 0.0733847 0.1715080 0.1711975 0.5143634 0.1393105 0.1609185 0.1431005 0.2792299 0.1150104 0.1553910 0.3614016 0.1475715 0.2152143 0.0886528 0.2060722 0.2454598 0.1861347 0.1543808 0.1448693 0.4412996 0.1705753 0.1485853 0.0970567 0.2008655 0.3801736 0.1521054 0.0937201 0.4126303 0.1573344 0.2075045 0.1725225 0.0725718 0.1053035 
Eutrochium_fistulosum_SRR9119106           0.3841197 0.2270799 0.6203690 0.4912429 0.3688197 0.0000000 0.2671823 0.2626191 0.5383194 0.3966026 0.3734418 0.3648266 0.3727169 0.2287539 0.3133903 0.3575437 0.2508334 0.3170248 0.4482448 0.3587543 0.3383248 0.2070164 0.5196765 0.3593269 0.3917455 0.3838888 0.3218083 0.4218367 0.2357524 0.2461366 0.3624058 0.3404792 0.3200371 0.4354323 0.3273076 0.3700523 0.3502043 0.3233216 0.2874017 0.5043298 0.3620877 0.3616776 0.3652247 0.3195315 0.4540580 0.3555266 0.3094620 0.3769464 0.3450722 0.3185702 0.3541704 0.4109490 0.3689144 0.3441516 0.3790648 0.4117628 0.2373156 0.3466625 0.3471463 0.3009852 0.3821700 0.2211588 0.3904620 0.3900293 0.3804860 0.3979094 0.4023318 0.3218371 0.3611765 0.3645818 0.3478076 0.3987548 0.3518923 0.3751453 0.3334209 0.3704641 0.3506064 0.3860558 0.2297021 0.2781230 0.3333290 
Galeana_pratensis_104_mex                  0.1980466 0.2168001 0.4626076 0.3421997 0.2510637 0.2671823 0.0000000 0.1281735 0.4422069 0.2535484 0.2481087 0.2393963 0.2437163 0.3506811 0.2053323 0.2283512 0.1656679 0.2034966 0.3490449 0.2274007 0.2331922 0.1850940 0.4393559 0.3788099 0.2409422 0.2435001 0.2173726 0.2875175 0.2886987 0.2787305 0.2042075 0.2022875 0.2316298 0.2030963 0.1796096 0.1905804 0.2283868 0.1896450 0.2101257 0.3025236 0.2352815 0.1706178 0.2433746 0.1702698 0.1581252 0.2303217 0.1679936 0.2372665 0.2208869 0.1693007 0.2373013 0.5574540 0.2196064 0.2210772 0.2342133 0.2703739 0.2155806 0.2375295 0.1076184 0.2189455 0.2181224 0.1891985 0.2466576 0.2797367 0.2240593 0.2483954 0.2291236 0.3021211 0.2693630 0.2245838 0.2290674 0.2510857 0.3438172 0.2279377 0.2079464 0.3985211 0.2500598 0.2456645 0.2314497 0.2277338 0.2478112 
Helianthus_annuus_SRR9119062               0.2511969 0.1544313 0.3806951 0.2727155 0.1836541 0.2626191 0.1281735 0.0000000 0.7254773 0.2847009 0.1909223 0.2769486 0.2493397 0.2700205 0.1431772 0.2409660 0.1144703 0.1805055 0.7804902 0.2616895 0.2605785 0.1464601 0.7183092 0.3508139 0.2628943 0.2736409 0.2238218 0.2982196 0.4243875 0.2620324 0.2425306 0.2762975 0.1891044 0.2453767 0.2102432 0.2086137 0.2473890 0.2618715 0.1477538 0.6177152 0.2639828 0.2076516 0.2642481 0.1436827 0.3066675 0.2473725 0.1670013 0.2432864 0.1467848 0.2029300 0.2562068 0.9295659 0.2627060 0.2736977 0.2602359 0.2660157 0.1632661 0.2512960 0.6228653 0.1300835 0.2546007 0.1383292 0.2634920 0.3025083 0.2590935 0.2392345 0.1686213 0.2758663 0.2581516 0.2576203 0.1333693 0.2569622 0.3422044 0.2786642 0.1888357 0.3550469 0.2727459 0.2553322 0.1458982 0.1352526 0.1683504 
Lycapsus_tenuifolius_17                    0.1143184 0.6662114 0.2784221 0.4628498 0.5554100 0.5383194 0.4422069 0.7254773 0.0000000 0.5147003 0.1849582 0.1704820 0.2140637 0.5915468 0.4721103 0.1457205 0.4686729 0.2763687 0.1287119 0.1660811 0.1681395 0.7228625 0.1251075 0.2041205 0.1619198 0.1802459 0.4492619 0.1935377 0.1427936 0.3980406 0.1873097 0.1574535 0.5222808 0.4712096 0.1958665 0.5936529 0.1516415 0.6719693 0.4954502 0.1928134 0.1617612 0.6109793 0.1690078 0.4092118 0.6964660 0.1659873 0.1980499 0.1818285 0.4977435 0.5808361 0.1759825 0.1156209 0.2011603 0.2046267 0.1671398 0.1947125 0.4274997 0.1718006 0.1050580 0.4375506 0.2111266 0.5262955 0.1711917 0.1886564 0.1536147 0.5308170 0.5214939 0.7118557 0.1846021 0.2444729 0.6381184 0.1748294 0.1885950 0.1921018 0.4877345 0.1861419 0.1925970 0.1677857 0.4432219 0.4916966 0.4952024 
Pericome_caudata_50_silver                 0.2002779 0.1604557 0.5924663 0.4150192 0.1431465 0.3966026 0.2535484 0.2847009 0.5147003 0.0000000 0.2022341 0.1862686 0.1616131 0.3554420 0.1280729 0.1600721 0.1269913 0.1721722 0.3668935 0.1647987 0.1806407 0.1110163 0.4095293 0.5486608 0.1804586 0.1835246 0.1829724 0.2786702 0.3455355 0.3386728 0.3495337 0.2303671 0.1721974 0.4172671 0.1945706 0.2731008 0.1589197 0.2105666 0.1136471 0.6199277 0.1786078 0.2491651 0.1881935 0.2368495 0.2766440 0.1659102 0.1595453 0.1656829 0.1317089 0.2559043 0.1791708 0.5225115 0.1646255 0.1755326 0.1615516 0.3129760 0.1907042 0.1809772 0.3400758 0.1892596 0.2526972 0.1292117 0.2249362 0.2489150 0.1894249 0.1416827 0.1461299 0.3751221 0.2373669 0.1645565 0.1969173 0.3183114 0.4473368 0.1682891 0.1500033 0.5004322 0.2650318 0.2203270 0.2012686 0.1390744 0.1519204 
Perityle_aglossa_84_dead_horse             0.1421388 0.2085608 0.2792883 0.3981269 0.1760455 0.3734418 0.2481087 0.1909223 0.1849582 0.2022341 0.0000000 0.1238926 0.1174862 0.3380840 0.1392143 0.0964714 0.1335796 0.1853864 0.0827881 0.0884216 0.1095862 0.1672803 0.1644083 0.3309303 0.1154197 0.1196263 0.0982468 0.1865293 0.2243858 0.3116063 0.2184691 0.1581350 0.2192590 0.3804517 0.1210237 0.2666642 0.0876431 0.1547268 0.1359587 0.0310586 0.1062066 0.2757208 0.1304926 0.2260631 0.2706185 0.1072688 0.1582773 0.1119633 0.1373940 0.2660703 0.1159716 0.1808629 0.1015254 0.0963883 0.0992452 0.1972601 0.0997490 0.1095905 0.0895995 0.1457281 0.1860324 0.1988895 0.0161991 0.1484250 0.1107411 0.1939625 0.1588389 0.3385439 0.1461535 0.1051481 0.2196539 0.2121152 0.2154000 0.1441270 0.2030176 0.2917364 0.1693527 0.0204678 0.2690616 0.1599759 0.1703273 
Perityle_ajoensis_204                      0.1189491 0.1246434 0.3264093 0.3924906 0.1591795 0.3648266 0.2393963 0.2769486 0.1704820 0.1862686 0.1238926 0.0000000 0.0494829 0.3606994 0.0462373 0.0354768 0.0807570 0.1517393 0.0842825 0.0477599 0.0216875 0.0279667 0.1288363 0.2561902 0.0246126 0.0730084 0.1320450 0.1860242 0.1922348 0.2814940 0.1816030 0.1344599 0.1480207 0.3689867 0.1395342 0.2782492 0.0383017 0.2506820 0.0380059 0.1327115 0.0356222 0.2991450 0.0323901 0.2026166 0.3214062 0.0478723 0.1347470 0.0312848 0.0381968 0.2724698 0.0524571 0.1376909 0.0620305 0.0830025 0.0448879 0.1939571 0.1299393 0.0329861 0.0383317 0.1606172 0.2080287 0.0646041 0.0991752 0.1790766 0.0764011 0.1954411 0.1571129 0.4034455 0.0845856 0.0813135 0.1659783 0.0868609 0.1548327 0.0815775 0.1557272 0.2651712 0.0954005 0.0994623 0.1800213 0.0247102 0.1194714 
Perityle_ambrosiifolia_67_green            0.1100216 0.1125732 0.3753753 0.3535850 0.1407581 0.3727169 0.2437163 0.2493397 0.2140637 0.1616131 0.1174862 0.0494829 0.0000000 0.3187542 0.0270132 0.0198608 0.0671418 0.1542289 0.0813728 0.0309518 0.0488342 0.0231794 0.1643065 0.2549383 0.0481223 0.0545968 0.0995633 0.1843229 0.1696850 0.2511979 0.1776234 0.1275293 0.1210962 0.3713547 0.1180370 0.2027590 0.0338431 0.2205987 0.0246081 0.0831815 0.0320466 0.1849574 0.0480383 0.1591733 0.2625115 0.0340436 0.1337490 0.0460700 0.0380110 0.2035708 0.0576845 0.1677325 0.0316092 0.0557710 0.0434265 0.1790165 0.1175518 0.0488479 0.0879906 0.1492314 0.1803427 0.0522517 0.0991182 0.1652684 0.0603996 0.1747114 0.1402723 0.3647426 0.0892181 0.0311421 0.1431389 0.1350170 0.2042471 0.0428212 0.1181721 0.3020770 0.0923245 0.0942557 0.1777347 0.0375067 0.1060354 
Perityle_angustifolia_13_Eagle_creek       0.3491053 0.3458302 0.6143629 0.4421743 0.3004983 0.2287539 0.3506811 0.2700205 0.5915468 0.3554420 0.3380840 0.3606994 0.3187542 0.0000000 0.3230623 0.3363006 0.3141405 0.2998626 0.3934619 0.3357980 0.3165013 0.2766310 0.4824837 0.0198640 0.3589517 0.3474279 0.3068202 0.3382239 0.1374112 0.1218354 0.3793925 0.2999685 0.3659899 0.2845950 0.3140943 0.3218059 0.3229830 0.2397379 0.3251313 9.0000000 0.3638758 0.3195101 0.3454424 0.3064271 0.2353906 0.3504336 0.2972558 0.3325749 0.3265923 0.2967210 0.3260999 0.1671040 0.3126945 0.3118168 0.3296732 0.3631339 0.3045969 0.3415447 0.2587930 0.2954607 0.3448358 0.2723413 0.3467284 0.3507864 0.3060652 0.3684587 0.3602136 0.0483940 0.3911832 0.3223512 0.3921863 0.4130044 0.0244273 0.3328141 0.3405180 0.1378859 0.3342685 0.3344205 0.3503378 0.3490035 0.3296651 
Perityle_batopilensis_97                   0.1294301 0.0956206 0.5142979 0.3117021 0.0542510 0.3133903 0.2053323 0.1431772 0.4721103 0.1280729 0.1392143 0.0462373 0.0270132 0.3230623 0.0000000 0.0266452 0.0606238 0.1328097 0.1973256 0.0171619 0.0320671 0.0246733 0.3242334 0.4891111 0.0479932 0.0444291 0.1030769 0.2075622 0.2421283 0.1663277 0.2652578 0.1341608 0.1243735 0.3136527 0.1014021 0.1990061 0.0220366 0.1438885 0.0033837 0.2533248 0.0375891 0.1862341 0.0429216 0.1913271 0.1363339 0.0326271 0.1307094 0.0313963 0.0348967 0.1922336 0.0410457 0.4257816 0.0326510 0.0239541 0.0346897 0.2287798 0.1123554 0.0311135 0.1996990 0.1407442 0.1746047 0.0495424 0.1304678 0.1706799 0.0704798 0.1171523 0.0946774 0.3303989 0.1141534 0.0323141 0.1481844 0.2118448 0.3776314 0.0357004 0.1296822 0.4362227 0.1254143 0.1305081 0.1768360 0.0440953 0.0892574 
Perityle_bisetosa_9                        0.1000730 0.1064208 0.2950317 0.3625787 0.1441300 0.3575437 0.2283512 0.2409660 0.1457205 0.1600721 0.0964714 0.0354768 0.0198608 0.3363006 0.0266452 0.0000000 0.0674178 0.1297577 0.0354274 0.0131641 0.0298488 0.0047483 0.1053265 0.2387619 0.0331091 0.0399582 0.1063045 0.1792071 0.1617912 0.2488020 0.1649212 0.1116676 0.1314139 0.3922800 0.1127848 0.2859375 0.0089585 0.2227804 0.0168811 0.0983285 0.0262999 0.2854060 0.0419226 0.2094569 0.3457109 0.0294905 0.1156689 0.0340414 0.0549213 0.2947867 0.0283794 0.1219170 0.0615523 0.0482030 0.0187308 0.1882921 0.1093239 0.0338826 0.0598583 0.1341857 0.2088825 0.0483870 0.0757033 0.1532251 0.0333007 0.1784739 0.1468358 0.3807106 0.0518274 0.0471195 0.1545464 0.1022628 0.1580330 0.0473617 0.1315433 0.2414082 0.0766940 0.0716102 0.1669607 0.0300385 0.0894102 
Perityle_californica_76_positas            0.0472816 0.1017541 0.4575229 0.2778127 0.0693972 0.2508334 0.1656679 0.1144703 0.4686729 0.1269913 0.1335796 0.0807570 0.0671418 0.3141405 0.0606238 0.0674178 0.0000000 0.1783918 0.1979741 0.0724769 0.0688494 0.1061924 0.2921319 0.3295884 0.0703756 0.0768514 0.0695912 0.1228000 0.2715962 0.1802302 0.0531906 0.0705309 0.0457575 0.1448453 0.0588954 0.1109849 0.0770920 0.1025532 0.0633752 9.0000000 0.0651829 0.1041906 0.0694336 0.1051068 0.0818777 0.0679721 0.1014885 0.0664908 0.0648658 0.1038977 0.0805557 0.5132798 0.0627124 0.0673584 0.0721759 0.1146673 0.0860873 0.0663273 0.0954660 0.1048584 0.1151339 0.1023664 0.1223782 0.1164130 0.1190571 0.1078278 0.0755922 0.2576739 0.0808417 0.0676374 0.0706013 0.0712142 0.3266564 0.0800175 0.1096110 0.3149354 0.0666283 0.1218251 0.1490808 0.0673116 0.0225957 
Perityle_canescens_77                      0.1595641 0.1184359 0.3459195 0.4291108 0.1643198 0.3170248 0.2034966 0.1805055 0.2763687 0.1721722 0.1853864 0.1517393 0.1542289 0.2998626 0.1328097 0.1297577 0.1783918 0.0000000 0.1995455 0.1260173 0.1347713 0.0801846 0.2983982 0.3315970 0.1525181 0.1404572 0.2067857 0.2242048 0.2182278 0.2419296 0.2305048 0.1474302 0.1700099 0.3042361 0.1159792 0.3111759 0.1198541 0.1826063 0.1429062 0.0955755 0.1337200 0.3215577 0.1456011 0.2179897 0.2664334 0.1313263 0.1623168 0.1456698 0.1538718 0.2764003 0.1455835 0.2266822 0.1260368 0.1181872 0.1338523 0.2390292 0.2072219 0.1509783 0.1581319 0.2411980 0.2133497 0.1247140 0.1744855 0.2188843 0.1514032 0.1813834 0.1554229 0.3901778 0.2127766 0.1244632 0.2158858 0.2489261 0.2465309 0.1391481 0.1819623 0.2715759 0.2049554 0.1768496 0.2213067 0.1637373 0.1748938 
Perityle_castillonii_96                    0.1140750 0.5277831 0.2609829 0.3736305 0.3940009 0.4482448 0.3490449 0.7804902 0.1287119 0.3668935 0.0827881 0.0842825 0.0813728 0.3934619 0.1973256 0.0354274 0.1979741 0.1995455 0.0000000 0.0634084 0.0868397 0.7125912 0.0681344 0.1234642 0.0742232 0.0781217 0.2559903 0.1824096 0.1955652 0.4658259 0.1382901 0.1324058 0.2516114 0.3428349 0.1845909 0.4523391 0.0572863 0.4911497 0.1917312 0.1311771 0.0613558 0.4878867 0.0856341 0.2349485 0.6142501 0.0597122 0.1146384 0.0875375 0.1985712 0.4419407 0.0807683 0.0836341 0.1424182 0.1201164 0.0758391 0.1637793 0.1746248 0.0822401 0.0649579 0.2237063 0.2517198 0.4473428 0.0642819 0.1647654 0.0606152 0.4408538 0.3984401 0.7783058 0.0697867 0.1277871 0.2777227 0.0880565 0.1166106 0.0896551 0.2142721 0.1674398 0.0849515 0.0647965 0.4665814 0.1884082 0.2131737 
Perityle_cernua_84                         0.0859704 0.1046467 0.3030985 0.3629873 0.1401780 0.3587543 0.2274007 0.2616895 0.1660811 0.1647987 0.0884216 0.0477599 0.0309518 0.3357980 0.0171619 0.0131641 0.0724769 0.1260173 0.0634084 0.0000000 0.0360364 0.0140387 0.1212774 0.1948316 0.0325574 0.0570047 0.1060665 0.1536870 0.1722731 0.2671906 0.1340773 0.1134152 0.0999424 0.3680114 0.1134018 0.2548366 0.0189112 0.2014364 0.0202136 0.1055196 0.0282317 0.2679901 0.0407309 0.1570733 0.2891524 0.0241527 0.1213671 0.0424454 0.0218784 0.2484081 0.0359482 0.1281301 0.0444938 0.0645810 0.0272934 0.1692077 0.1179979 0.0461799 0.0647646 0.1472750 0.1734190 0.0482836 0.0751723 0.1453624 0.0579763 0.1808263 0.1462150 0.3919205 0.0672317 0.0636230 0.1360823 0.1020130 0.1688827 0.0816784 0.1129906 0.2424322 0.0883451 0.0742994 0.1864075 0.0288160 0.0950845 
Perityle_cfvillosa_25_tin                  0.0790265 0.1173409 0.3036334 0.3829104 0.1569110 0.3383248 0.2331922 0.2605785 0.1681395 0.1806407 0.1095862 0.0216875 0.0488342 0.3165013 0.0320671 0.0298488 0.0688494 0.1347713 0.0868397 0.0360364 0.0000000 0.0328007 0.1223140 0.1607118 0.0043558 0.0573467 0.1139991 0.1635904 0.1633709 0.2475788 0.1136429 0.1019257 0.1020889 0.3317890 0.0897303 0.2589779 0.0313715 0.2299767 0.0321468 0.0615546 0.0348400 0.2775313 0.0058122 0.1384584 0.3430150 0.0358431 0.0992953 0.0067307 0.0020735 0.2373920 0.0512714 0.1306655 0.0146623 0.0626733 0.0357035 0.1436492 0.1218181 0.0075334 0.0198690 0.1608955 0.1616862 0.0665384 0.0906971 0.1547770 0.0562281 0.1898122 0.1548686 0.3655763 0.0605505 0.0385830 0.1265517 0.0412632 0.1204777 0.0458226 0.0946668 0.2254351 0.0473734 0.0918598 0.1907921 0.0184728 0.0986928 
Perityle_cinerea_113_Powell1310            0.0907248 0.0981092 0.2258643 0.2870614 0.0542053 0.2070164 0.1850940 0.1464601 0.7228625 0.1110163 0.1672803 0.0279667 0.0231794 0.2766310 0.0246733 0.0047483 0.1061924 0.0801846 0.7125912 0.0140387 0.0328007 0.0000000 0.6692243 0.2862579 0.0328007 0.0422770 0.1195705 0.1945535 0.2025268 0.0985480 0.1538493 0.1440409 0.1026383 0.1861205 0.0549463 0.1520164 0.0092383 0.1178344 0.0245151 9.0000000 0.0185079 0.1500897 0.0329494 0.1497851 0.1016898 0.0092383 0.1291863 0.0328007 0.0344283 0.1578581 0.0333504 1.0367349 0.0095834 0.0236070 0.0091941 0.1632118 0.1268263 0.0333404 9.0000000 0.1730674 0.1659292 0.0461623 0.1542100 0.1882657 0.0279324 0.1284124 0.0594720 0.2284972 0.0185817 0.0143403 0.0643392 0.0141270 0.2837308 0.0328103 0.1056175 0.3056111 0.0232884 0.1483781 0.1460231 0.0192424 0.1376399 
Perityle_coahuilensis_24                   0.1575891 0.6131327 0.3659865 0.3975607 0.4270274 0.5196765 0.4393559 0.7183092 0.1251075 0.4095293 0.1644083 0.1288363 0.1643065 0.4824837 0.3242334 0.1053265 0.2921319 0.2983982 0.0681344 0.1212774 0.1223140 0.6692243 0.0000000 0.1544184 0.1285194 0.1347227 0.3070839 0.2088964 0.1963744 0.4189129 0.2076888 0.1771300 0.3517878 0.3009242 0.2139160 0.4266685 0.1283201 0.4619091 0.3168309 0.1258274 0.1161416 0.4113778 0.1274459 0.2893380 0.5071534 0.1222289 0.2115681 0.1290214 0.3247520 0.4077166 0.0956454 0.1051756 0.1554856 0.1680758 0.1261848 0.1986045 0.3063467 0.1194903 0.0618829 0.2963049 0.2436273 0.4699860 0.1250480 0.2013053 0.0898551 0.4446441 0.4149477 0.7682494 0.1354772 0.1778101 0.4222525 0.1362006 0.1792221 0.1187618 0.3550237 0.2386687 0.1311178 0.1231716 0.4934997 0.3218927 0.3525830 
Perityle_cochisensis_44_cave_creek         0.2849780 0.3504646 0.3661310 0.4988761 0.4088228 0.3593269 0.3788099 0.3508139 0.2041205 0.5486608 0.3309303 0.2561902 0.2549383 0.0198640 0.4891111 0.2387619 0.3295884 0.3315970 0.1234642 0.1948316 0.1607118 0.2862579 0.1544184 0.0000000 0.2668520 0.2596756 0.4246682 0.3210566 0.1347993 0.1656857 0.2842932 0.2881159 0.5296273 0.4340202 0.2555758 0.5458568 0.2156625 0.5049384 0.3734698 0.0967207 0.2496219 0.5615725 0.2538410 0.4962765 0.5418344 0.2583502 0.2457021 0.2172055 0.4475898 0.5258063 0.2369718 0.0745294 0.2765680 0.1963158 0.2471027 0.3059311 0.3423529 0.1693608 0.1293438 0.3487584 0.3028303 0.2722001 0.2592103 0.3046697 0.1830714 0.5191996 0.5429624 0.1476038 0.2463104 0.2651000 0.5463978 0.2602168 0.0578157 0.2437099 0.5539917 0.1713149 0.2295265 0.2517219 0.3864612 0.4996308 0.4452866 
Perityle_congesta_202                      0.1097877 0.1158359 0.3204471 0.3834917 0.1514468 0.3917455 0.2409422 0.2628943 0.1619198 0.1804586 0.1154197 0.0246126 0.0481223 0.3589517 0.0479932 0.0331091 0.0703756 0.1525181 0.0742232 0.0325574 0.0043558 0.0328007 0.1285194 0.2668520 0.0000000 0.0732277 0.1277631 0.2025932 0.1863639 0.2805912 0.1769556 0.1221144 0.1434980 0.3850740 0.1012120 0.3041514 0.0300325 0.2437011 0.0292563 0.1148800 0.0437142 0.2883233 0.0171896 0.2157661 0.3259759 0.0481725 0.1302547 0.0109137 0.0048144 0.3036151 0.0474207 0.1443203 0.0652156 0.0617512 0.0403483 0.2135581 0.1219769 0.0047254 0.0327025 0.1489929 0.2065674 0.0739915 0.0961613 0.1737794 0.0607565 0.1842123 0.1598107 0.3982407 0.0714994 0.0652966 0.1626157 0.0854638 0.1486673 0.0522791 0.1401049 0.2539856 0.0849501 0.0919034 0.1914021 0.0298672 0.0983925 
Perityle_cordifolia_27                     0.1193158 0.1158896 0.3279623 0.3742329 0.1669773 0.3838888 0.2435001 0.2736409 0.1802459 0.1835246 0.1196263 0.0730084 0.0545968 0.3474279 0.0444291 0.0399582 0.0768514 0.1404572 0.0781217 0.0570047 0.0573467 0.0422770 0.1347227 0.2596756 0.0732277 0.0000000 0.1228176 0.2306458 0.1828260 0.2678493 0.1896301 0.1407418 0.1493779 0.4207757 0.1469010 0.3034226 0.0384866 0.2538773 0.0313134 0.1350058 0.0553663 0.2859996 0.0776545 0.2346250 0.3587386 0.0624321 0.1254549 0.0624751 0.0725423 0.3252890 0.0561561 0.1470019 0.0923257 0.0589647 0.0502815 0.2278251 0.1264331 0.0714916 0.0940950 0.1541250 0.2426152 0.0426634 0.1195902 0.1886410 0.0577989 0.1885682 0.1622843 0.3953439 0.0915605 0.0838256 0.1717836 0.1386839 0.1900910 0.0935079 0.1421399 0.2685111 0.1145445 0.1049966 0.1959474 0.0535923 0.1103342 
Perityle_cordifolia_68_tecolote            0.1682118 0.1521360 0.5559881 0.3722731 0.1141001 0.3218083 0.2173726 0.2238218 0.4492619 0.1829724 0.0982468 0.1320450 0.0995633 0.3068202 0.1030769 0.1063045 0.0695912 0.2067857 0.2559903 0.1060665 0.1139991 0.1195705 0.3070839 0.4246682 0.1277631 0.1228176 0.0000000 0.2318706 0.2700361 0.2053398 0.2623390 0.1818282 0.1674230 0.3811441 0.1602632 0.2274795 0.1027483 0.1342609 0.0923312 0.3867406 0.1213133 0.2235302 0.1397546 0.2215614 0.2136283 0.1273200 0.1621303 0.0994422 0.1052532 0.2281821 0.1142969 0.4864038 0.1159858 0.0903864 0.1115620 0.2628224 0.0180078 0.1082254 0.2095837 0.1228996 0.2241270 0.1121034 0.1055962 0.1609640 0.1411494 0.1685470 0.1417297 0.2847081 0.1599425 0.1082204 0.1909003 0.2187429 0.3544533 0.1270249 0.1739966 0.4191329 0.1318828 0.1011288 0.2142313 0.1227454 0.1290597 
Perityle_coronopifolia_28_patagonia        0.1930430 0.2161586 0.3216769 0.4201479 0.2846325 0.4218367 0.2875175 0.2982196 0.1935377 0.2786702 0.1865293 0.1860242 0.1843229 0.3382239 0.2075622 0.1792071 0.1228000 0.2242048 0.1824096 0.1536870 0.1635904 0.1945535 0.2088964 0.3210566 0.2025932 0.2306458 0.2318706 0.0000000 0.2163380 0.3042626 0.2112865 0.1696366 0.2309377 0.4895613 0.2020913 0.3547363 0.1440789 0.2490495 0.1625404 0.2318644 0.1812185 0.3235627 0.1927108 0.2706336 0.4016748 0.1909310 0.1377653 0.1806876 0.1937588 0.3161785 0.1728297 0.2268528 0.1982938 0.1666222 0.1681002 0.2229304 0.1588508 0.1673018 0.1864084 0.0264411 0.2246427 0.1772954 0.2124778 0.0299647 0.1557969 0.3034138 0.2859457 0.3145001 0.2186825 0.2373258 0.2422695 0.2499981 0.2369039 0.2191150 0.2398372 0.2736449 0.2203445 0.1911278 0.2051021 0.1865542 0.2084298 
Perityle_crassifolia_70_ventanas           0.1455536 0.2901643 0.3340486 0.3299662 0.3709553 0.2357524 0.2886987 0.4243875 0.1427936 0.3455355 0.2243858 0.1922348 0.1696850 0.1374112 0.2421283 0.1617912 0.2715962 0.2182278 0.1955652 0.1722731 0.1633709 0.2025268 0.1963744 0.1347993 0.1863639 0.1828260 0.2700361 0.2163380 0.0000000 0.1230143 0.1515520 0.1765672 0.2924438 0.3514153 0.1859793 0.3290111 0.1617010 0.3922442 0.2341796 0.1330508 0.1810294 0.3118740 0.1783689 0.2586491 0.4512068 0.1848695 0.2592806 0.1682458 0.2548961 0.2905051 0.1889972 0.1351909 0.1661381 0.1992161 0.1700399 0.1969734 0.2495101 0.1721423 0.1430068 0.2385979 0.2252015 0.2630813 0.2063268 0.2082760 0.1598014 0.3909636 0.3686656 0.2279183 0.1941339 0.1817951 0.3071046 0.1868640 0.1275176 0.1708684 0.2632000 0.1417325 0.1712293 0.2030940 0.2879409 0.2802192 0.2698590 
Perityle_crassifolia_74_playa_balandra     0.2310091 0.1833584 0.4373467 0.3790362 0.2657165 0.2461366 0.2787305 0.2620324 0.3980406 0.3386728 0.3116063 0.2814940 0.2511979 0.1218354 0.1663277 0.2488020 0.1802302 0.2419296 0.4658259 0.2671906 0.2475788 0.0985480 0.4189129 0.1656857 0.2805912 0.2678493 0.2053398 0.3042626 0.1230143 0.0000000 0.1912157 0.2476484 0.1971209 0.2182284 0.2489585 0.2176193 0.2622297 0.2692674 0.1515177 0.4708073 0.2658834 0.2221148 0.2746029 0.1996674 0.2927392 0.2789040 0.1880767 0.2551525 0.1700499 0.1979665 0.2578307 0.3677347 0.2524754 0.2435675 0.2571313 0.2837344 0.1882634 0.2462630 0.3448988 0.1895037 0.2780790 0.2046653 0.3106983 0.2991410 0.2574269 0.3149523 0.3186637 0.0266886 0.2774582 0.2569485 0.2026008 0.2613316 0.1933775 0.2483673 0.2012288 0.1628549 0.2458489 0.2965665 0.2242066 0.1868275 0.2106575 
Perityle_cuneata_34_cuneata_San_antonio    0.1597341 0.1532222 0.2879217 0.4157048 0.1912453 0.3624058 0.2042075 0.2425306 0.1873097 0.3495337 0.2184691 0.1816030 0.1776234 0.3793925 0.2652578 0.1649212 0.0531906 0.2305048 0.1382901 0.1340773 0.1136429 0.1538493 0.2076888 0.2842932 0.1769556 0.1896301 0.2623390 0.2112865 0.1515520 0.1912157 0.0000000 0.1530723 0.2163644 0.3355318 0.1262182 0.3460812 0.1314736 0.2857314 0.1996453 0.1393139 0.1785541 0.3697718 0.1816125 0.2695256 0.3646547 0.1750867 0.1484393 0.1425794 0.2049960 0.3444389 0.1853422 0.1789965 0.1834488 0.1342537 0.1543478 0.2244672 0.2293001 0.1349519 0.1257363 0.2152254 0.1725678 0.1329572 0.2131202 0.2056761 0.1612125 0.3055332 0.3065082 0.3541083 0.1480739 0.1916532 0.2290912 0.1656958 0.2309917 0.1962246 0.3011094 0.2382566 0.1563904 0.2142617 0.2561342 0.2560483 0.2000022 
Perityle_cuneata_4                         0.1252530 0.1432350 0.2878179 0.3673544 0.2049541 0.3404792 0.2022875 0.2762975 0.1574535 0.2303671 0.1581350 0.1344599 0.1275293 0.2999685 0.1341608 0.1116676 0.0705309 0.1474302 0.1324058 0.1134152 0.1019257 0.1440409 0.1771300 0.2881159 0.1221144 0.1407418 0.1818282 0.1696366 0.1765672 0.2476484 0.1530723 0.0000000 0.1459909 0.3315866 0.1549892 0.3176916 0.0999484 0.2946627 0.1104974 0.1722986 0.1178962 0.3151813 0.1441410 0.2531063 0.3585657 0.1234997 0.1260742 0.1169337 0.1193493 0.2900283 0.1322572 0.1887110 0.1634554 0.1294222 0.1117132 0.1996086 0.1421973 0.1146920 0.1378737 0.1278796 0.2077822 0.1586581 0.1494255 0.1545917 0.1238210 0.2275559 0.1895302 0.2578578 0.1541591 0.1566992 0.1636191 0.1827358 0.2116262 0.1542771 0.1813953 0.2439006 0.1718267 0.1496630 0.1830324 0.1427897 0.1064256 
Perityle_discoidea_81                      0.0340928 0.0578342 0.5126672 0.3711337 0.0695465 0.3200371 0.2316298 0.1891044 0.5222808 0.1721974 0.2192590 0.1480207 0.1210962 0.3659899 0.1243735 0.1314139 0.0457575 0.1700099 0.2516114 0.0999424 0.1020889 0.1026383 0.3517878 0.5296273 0.1434980 0.1493779 0.1674230 0.2309377 0.2924438 0.1971209 0.2163644 0.1459909 0.0000000 0.2792192 0.1133850 0.2419474 0.1081660 0.1425644 0.0985780 0.6240941 0.1394660 0.2254633 0.1452021 0.2273706 0.1447633 0.1330425 0.1565970 0.1093571 0.1011111 0.2357073 0.1489695 0.4849090 0.1352325 0.0911662 0.1305354 0.2758018 0.1756084 0.1005518 0.2601561 0.1745664 0.1816346 0.1081078 0.2119510 0.2296261 0.1494593 0.1466603 0.1186758 0.3663750 0.1818907 0.1384035 0.1317344 0.2413478 0.4214723 0.1463085 0.1645074 0.4739800 0.2038939 0.2159287 0.2097075 0.1341696 0.1041499 
Perityle_dissecta_201                      0.4041004 0.1541006 0.4964497 0.3929776 0.3804518 0.4354323 0.2030963 0.2453767 0.4712096 0.4172671 0.3804517 0.3689867 0.3713547 0.2845950 0.3136527 0.3922800 0.1448453 0.3042361 0.3428349 0.3680114 0.3317890 0.1861205 0.3009242 0.4340202 0.3850740 0.4207757 0.3811441 0.4895613 0.3514153 0.2182284 0.3355318 0.3315866 0.2792192 0.0000000 0.3786614 0.4585097 0.3250930 0.3333124 0.2109413 0.5816535 0.3933946 0.4468838 0.3597494 0.3971701 0.4473699 0.3422581 0.2829837 0.3952039 0.3146306 0.2450337 0.3435596 0.5422701 0.3830342 0.3824555 0.3887218 0.3802816 0.1446331 0.3348206 0.3475596 0.2307746 0.3636493 0.1318806 0.4116575 0.3387209 0.2431722 0.3804157 0.3989608 0.3032659 0.3772537 0.4260214 0.3329406 0.3509838 0.4450068 0.4065516 0.3203061 0.4575537 0.3498912 0.3883156 0.2441173 0.2328456 0.3400830 
Perityle_emoryi_47_punta_san_jose          0.1113772 0.0875541 0.2399800 0.3795604 0.1540014 0.3273076 0.1796096 0.2102432 0.1958665 0.1945706 0.1210237 0.1395342 0.1180370 0.3140943 0.1014021 0.1127848 0.0588954 0.1159792 0.1845909 0.1134018 0.0897303 0.0549463 0.2139160 0.2555758 0.1012120 0.1469010 0.1602632 0.2020913 0.1859793 0.2489585 0.1262182 0.1549892 0.1133850 0.3786614 0.0000000 0.2579385 0.0654572 0.2654881 0.0509217 0.2007348 0.1241142 0.2533589 0.1318760 0.1776196 0.3351707 0.1269773 0.0952885 0.1111460 0.0612824 0.2338362 0.1414919 0.2048565 0.1406563 0.1368191 0.0929608 0.1919657 0.1049726 0.1283498 0.1627372 0.1250486 0.1901439 0.0678660 0.1637990 0.1887495 0.1072171 0.1835813 0.1764382 0.3397810 0.1428821 0.1425977 0.1025968 0.1426045 0.1959581 0.1537175 0.1350521 0.2103160 0.1656524 0.1729185 0.1699671 0.0846916 0.0933679 
Perityle_feddemae_99                       0.2801697 0.1788214 0.6035957 0.4264659 0.1910944 0.3700523 0.1905804 0.2086137 0.5936529 0.2731008 0.2666642 0.2782492 0.2027590 0.3218059 0.1990061 0.2859375 0.1109849 0.3111759 0.4523391 0.2548366 0.2589779 0.1520164 0.4266685 0.5458568 0.3041514 0.3034226 0.2274795 0.3547363 0.3290111 0.2176193 0.3460812 0.3176916 0.2419474 0.4585097 0.2579385 0.0000000 0.2388255 0.1949030 0.1432671 0.6488367 0.2688445 0.0343550 0.2950819 0.0261343 0.2995051 0.3129432 0.1406350 0.2368477 0.1971051 0.0222794 0.2889890 0.5583772 0.2582322 0.2012558 0.2482212 0.1755025 0.1878604 0.2427180 0.4156112 0.1882986 0.2093463 0.1620490 0.2905386 0.3259358 0.2834788 0.2291167 0.2273240 0.3660927 0.2932133 0.2887126 0.2230915 0.3546583 0.4470875 0.2721986 0.2571235 0.5144911 0.3035514 0.2665957 0.0991987 0.1936787 0.1744050 
Perityle_fosteri_93                        0.0787612 0.1076502 0.2832903 0.3678482 0.1476515 0.3502043 0.2283868 0.2473890 0.1516415 0.1589197 0.0876431 0.0383017 0.0338431 0.3229830 0.0220366 0.0089585 0.0770920 0.1198541 0.0572863 0.0189112 0.0313715 0.0092383 0.1283201 0.2156625 0.0300325 0.0384866 0.1027483 0.1440789 0.1617010 0.2622297 0.1314736 0.0999484 0.1081660 0.3250930 0.0654572 0.2388255 0.0000000 0.1971640 0.0248534 0.0306757 0.0265968 0.2398955 0.0301610 0.1547236 0.2826773 0.0101193 0.1067958 0.0343225 0.0328836 0.2225226 0.0382357 0.1304381 0.0241055 0.0552332 0.0185425 0.1425324 0.1123013 0.0344718 0.0504601 0.1469371 0.1384906 0.0429609 0.0784123 0.1360982 0.0379648 0.1575678 0.1292926 0.3704478 0.0616588 0.0243306 0.1523907 0.1064023 0.1585463 0.0331090 0.1109966 0.2323860 0.0817562 0.0789298 0.1672528 0.0378208 0.0957154 
Perityle_gamon_221                         0.2314311 0.1328398 0.5608554 0.3389913 0.0990907 0.3233216 0.1896450 0.2618715 0.6719693 0.2105666 0.1547268 0.2506820 0.2205987 0.2397379 0.1438885 0.2227804 0.1025532 0.1826063 0.4911497 0.2014364 0.2299767 0.1178344 0.4619091 0.5049384 0.2437011 0.2538773 0.1342609 0.2490495 0.3922442 0.2692674 0.2857314 0.2946627 0.1425644 0.3333124 0.2654881 0.1949030 0.1971640 0.0000000 0.0937830 0.9893206 0.2396201 0.1732746 0.2545801 0.1542666 0.0484311 0.2472867 0.1290455 0.2055334 0.1450733 0.1899805 0.2513034 0.5434981 0.2249966 0.2029926 0.2301745 0.2615156 0.0925981 0.2445096 0.5034860 0.1023104 0.2208353 0.1442107 0.2229578 0.2847746 0.2422318 0.2033740 0.1703818 0.2004242 0.2561514 0.2599823 0.1651487 0.3389318 0.3750218 0.2497061 0.1752140 0.4175429 0.2913710 0.2233491 0.1584817 0.1684985 0.1416266 
Perityle_gentryi_8_san_francisco           0.0986363 0.0987441 0.4555450 0.3269794 0.0569275 0.2874017 0.2101257 0.1477538 0.4954502 0.1136471 0.1359587 0.0380059 0.0246081 0.3251313 0.0033837 0.0168811 0.0633752 0.1429062 0.1917312 0.0202136 0.0321468 0.0245151 0.3168309 0.3734698 0.0292563 0.0313134 0.0923312 0.1625404 0.2341796 0.1515177 0.1996453 0.1104974 0.0985780 0.2109413 0.0509217 0.1432671 0.0248534 0.0937830 0.0000000 9.0000000 0.0295184 0.1341151 0.0259710 0.1382595 0.0776030 0.0197313 0.1290526 0.0275800 0.0244128 0.1276893 0.0349811 0.4726500 0.0185805 0.0208926 0.0269715 0.2068002 0.1183263 0.0290982 0.0927587 0.1374610 0.1253462 0.0540476 0.1244250 0.1532632 0.0686017 0.1101325 0.0782638 0.2964316 0.1025460 0.0200297 0.1424909 0.1458745 0.3853207 0.0280164 0.1049786 0.4155959 0.0731458 0.1244024 0.1757178 0.0390306 0.1029701 
Perityle_gilensis_22_Superstition          0.1569801 9.0000000 0.2219508 0.4425505 0.6639353 0.5043298 0.3025236 0.6177152 0.1928134 0.6199277 0.0310586 0.1327115 0.0831815 9.0000000 0.2533248 0.0983285 9.0000000 0.0955755 0.1311771 0.1055196 0.0615546 9.0000000 0.1258274 0.0967207 0.1148800 0.1350058 0.3867406 0.2318644 0.1330508 0.4708073 0.1393139 0.1722986 0.6240941 0.5816535 0.2007348 0.6488367 0.0306757 0.9893206 9.0000000 0.0000000 0.1058569 0.7266816 0.1309123 9.0000000 0.7602196 0.1277250 0.0527995 0.0984226 9.0000000 0.6658280 0.1163712 0.0436736 0.1751974 0.1705420 0.0570800 0.1791759 9.0000000 0.1160131 0.1457337 9.0000000 0.2185374 9.0000000 0.1177565 0.2281224 0.0806510 0.8897448 0.8012837 0.6144955 0.1503397 0.0043391 0.7939178 0.1454792 0.0743482 0.1347088 0.9876397 0.1589961 0.1612701 0.1252899 9.0000000 9.0000000 0.4577609 
Perityle_gilensis_salensis_225             0.1075908 0.1073892 0.3136170 0.3645504 0.1471547 0.3620877 0.2352815 0.2639828 0.1617612 0.1786078 0.1062066 0.0356222 0.0320466 0.3638758 0.0375891 0.0262999 0.0651829 0.1337200 0.0613558 0.0282317 0.0348400 0.0185079 0.1161416 0.2496219 0.0437142 0.0553663 0.1213133 0.1812185 0.1810294 0.2658834 0.1785541 0.1178962 0.1394660 0.3933946 0.1241142 0.2688445 0.0265968 0.2396201 0.0295184 0.1058569 0.0000000 0.2718354 0.0430019 0.2016338 0.3015863 0.0359111 0.1128931 0.0381594 0.0545347 0.2666929 0.0305371 0.1338698 0.0737064 0.0516573 0.0311406 0.1800172 0.1220119 0.0421482 0.0563972 0.1471850 0.1980955 0.0514317 0.0888210 0.1547504 0.0440295 0.1882323 0.1600722 0.4064815 0.0780473 0.0604930 0.1573962 0.1039558 0.1772536 0.0405463 0.1507998 0.2500339 0.0777453 0.0820463 0.1843872 0.0416088 0.1061909 
Perityle_glaucescens_94                    0.2858281 0.1898828 0.6291318 0.4245007 0.1794142 0.3616776 0.1706178 0.2076516 0.6109793 0.2491651 0.2757208 0.2991450 0.1849574 0.3195101 0.1862341 0.2854060 0.1041906 0.3215577 0.4878867 0.2679901 0.2775313 0.1500897 0.4113778 0.5615725 0.2883233 0.2859996 0.2235302 0.3235627 0.3118740 0.2221148 0.3697718 0.3151813 0.2254633 0.4468838 0.2533589 0.0343550 0.2398955 0.1732746 0.1341151 0.7266816 0.2718354 0.0000000 0.3002786 0.0086418 0.2652342 0.2925073 0.1761390 0.2615793 0.1582598 0.0053441 0.2943872 0.5971890 0.2510060 0.2261674 0.2513647 0.1950855 0.1883178 0.2825054 0.4899589 0.1510360 0.2178414 0.1452758 0.2773807 0.2962900 0.3141720 0.2035871 0.2142995 0.3665330 0.2876631 0.2749598 0.2017770 0.3814662 0.4795762 0.3001202 0.2380061 0.5356968 0.3417035 0.2796000 0.0829470 0.1809329 0.1642725 
Perityle_gracilis_11                       0.1120469 0.1159108 0.3192590 0.3938352 0.1545251 0.3652247 0.2433746 0.2642481 0.1690078 0.1881935 0.1304926 0.0323901 0.0480383 0.3454424 0.0429216 0.0419226 0.0694336 0.1456011 0.0856341 0.0407309 0.0058122 0.0329494 0.1274459 0.2538410 0.0171896 0.0776545 0.1397546 0.1927108 0.1783689 0.2746029 0.1816125 0.1441410 0.1452021 0.3597494 0.1318760 0.2950819 0.0301610 0.2545801 0.0259710 0.1309123 0.0430019 0.3002786 0.0000000 0.2152200 0.3303894 0.0532668 0.1274732 0.0096002 0.0041874 0.2896779 0.0581731 0.1321112 0.0737663 0.0738639 0.0385461 0.1999174 0.1189677 0.0065494 0.0492277 0.1487608 0.2207235 0.0699591 0.1116979 0.1854843 0.0711676 0.1952985 0.1553930 0.3966243 0.0790095 0.0848349 0.1670648 0.0945018 0.1359159 0.0657437 0.1498604 0.2603224 0.0875816 0.1029365 0.1861373 0.0293614 0.1026156 
Perityle_harkerae_31                       0.2128319 0.1770597 0.4998454 0.3504845 0.1398789 0.3195315 0.1702698 0.1436827 0.4092118 0.2368495 0.2260631 0.2026166 0.1591733 0.3064271 0.1913271 0.2094569 0.1051068 0.2179897 0.2349485 0.1570733 0.1384584 0.1497851 0.2893380 0.4962765 0.2157661 0.2346250 0.2215614 0.2706336 0.2586491 0.1996674 0.2695256 0.2531063 0.2273706 0.3971701 0.1776196 0.0261343 0.1547236 0.1542666 0.1382595 9.0000000 0.2016338 0.0086418 0.2152200 0.0000000 0.1570636 0.2192261 0.0568211 0.1458446 0.1597182 0.0014920 0.2208587 0.4748329 0.1917036 0.1277362 0.1680966 0.0910067 0.1846349 0.1301824 0.1252275 0.1651777 0.1104155 0.1502392 0.2152557 0.2248014 0.1830738 0.1895723 0.2033105 0.3133088 0.2017769 0.2222151 0.2094902 0.2667448 0.3542613 0.2000011 0.2394476 0.4381852 0.2173655 0.2046525 0.0789696 0.1794257 0.1655346 
Perityle_hofmeisteria_4_nombre_de_dios     0.3040753 0.1310758 0.6625298 0.4871139 0.1849652 0.4540580 0.1581252 0.3066675 0.6964660 0.2766440 0.2706185 0.3214062 0.2625115 0.2353906 0.1363339 0.3457109 0.0818777 0.2664334 0.6142501 0.2891524 0.3430150 0.1016898 0.5071534 0.5418344 0.3259759 0.3587386 0.2136283 0.4016748 0.4512068 0.2927392 0.3646547 0.3585657 0.1447633 0.4473699 0.3351707 0.2995051 0.2826773 0.0484311 0.0776030 0.7602196 0.3015863 0.2652342 0.3303894 0.1570636 0.0000000 0.3218566 0.2024139 0.2896511 0.1825080 0.2368575 0.3177311 0.5994848 0.2932675 0.3058852 0.3037704 0.3427803 0.0658713 0.3403013 0.5956595 0.0941652 0.3373046 0.1161502 0.3395243 0.3770585 0.3491554 0.2268981 0.2930192 0.2671287 0.3434593 0.3280581 0.1715950 0.4117128 0.4803822 0.3290140 0.1678227 0.4963322 0.3692444 0.2998156 0.1397565 0.1383902 0.1267416 
Perityle_huecosensis_48                    0.1089722 0.1033445 0.3102069 0.3765152 0.1508928 0.3555266 0.2303217 0.2473725 0.1659873 0.1659102 0.1072688 0.0478723 0.0340436 0.3504336 0.0326271 0.0294905 0.0679721 0.1313263 0.0597122 0.0241527 0.0358431 0.0092383 0.1222289 0.2583502 0.0481725 0.0624321 0.1273200 0.1909310 0.1848695 0.2789040 0.1750867 0.1234997 0.1330425 0.3422581 0.1269773 0.3129432 0.0101193 0.2472867 0.0197313 0.1277250 0.0359111 0.2925073 0.0532668 0.2192261 0.3218566 0.0000000 0.1140755 0.0411805 0.0286789 0.3162951 0.0502855 0.1403803 0.0766979 0.0582675 0.0272645 0.2086550 0.1144286 0.0363362 0.0748214 0.1478538 0.2225978 0.0469743 0.0976919 0.1746823 0.0453185 0.1773479 0.1540515 0.3976393 0.0540907 0.0814527 0.1595368 0.1108138 0.1634264 0.0556389 0.1401952 0.2531303 0.0879271 0.0876561 0.1738994 0.0440771 0.0984315 
