84
Amauria_brandeegeana_62                    0.0000000 0.1014499 0.2059138 0.1659778 0.0851199 0.0517225 0.1333565 0.1440299 0.2366925 0.0666194 0.3078582 0.2744277 0.0820859 0.0876311 0.1463930 0.1104571 0.0878822 0.0920258 0.0959410 0.0713941 0.0832600 0.0925511 0.0214767 0.0865970 0.0820710 0.0869281 0.2712348 0.1156112 0.1384094 0.1409008 0.1699183 0.1569457 0.1307976 0.0607182 0.0900677 0.2445184 0.1109269 0.0991733 0.1141559 0.1027599 0.0810926 0.0760562 0.0811982 0.0758776 0.0945098 0.0885995 0.0777640 0.0936364 0.0966527 0.0931401 0.1038596 0.0751488 0.0744917 0.2068233 0.1824810 0.1336776 0.0950293 0.0801444 0.0682977 0.0899124 0.1210880 0.1528323 0.1055922 0.0874931 0.3194940 0.1510315 0.2103671 0.0719616 0.2396013 0.0628239 0.1881893 0.0814579 0.2104589 0.0956326 0.0836085 0.0959247 0.0843461 0.0855927 0.1556389 0.2044889 0.2837104 0.1529559 0.0882971 0.2352949 
Amauria_carterae_99_mesa                   0.1014499 0.0000000 0.1857238 0.1729402 0.0940621 0.0492692 0.1285781 0.1271027 0.2643077 0.1165929 0.2943717 0.1614512 0.0820995 0.0863373 0.1212361 0.1200762 0.0715678 0.1166312 0.0882883 0.0940704 0.0849291 0.1107556 0.0074210 0.1006807 0.1066075 0.1252141 0.2106161 0.1120467 0.1135063 0.1339064 0.0984529 0.1453114 0.1057246 0.0836519 0.1014040 0.1577861 0.1269591 0.0924628 0.1352587 0.1235309 0.1028851 0.1026285 0.0874980 0.0878201 0.1226326 0.1088437 0.0742298 0.1277176 0.1074875 0.1022500 0.0918787 0.0685622 0.0796622 0.1885369 0.1229381 0.1440825 0.0936781 0.0796920 0.0808561 0.1177185 0.1194193 0.1114997 0.0968912 0.0869345 0.1404183 0.1210055 0.1601142 0.1040483 0.1750897 0.0528863 0.1139838 0.1066842 0.1292675 0.1243986 0.1238423 0.1064408 0.0889804 0.1135263 0.1513475 0.1468305 0.1689035 0.1144870 0.1254765 0.1538759 
Amauria_rotundifolia_SRR9119150            0.2059138 0.1857238 0.0000000 0.3109827 0.1865771 0.1168635 0.3232535 0.3125613 0.4287076 0.2962517 0.5066830 0.2093932 0.2967214 0.2640263 0.1504957 0.1948497 0.2148996 0.0175038 0.2960580 0.2700327 0.2918389 0.2549264 0.1265984 0.2805696 0.2660151 0.2568568 0.2740841 0.2664591 0.2215858 0.1897904 0.1820114 0.0384971 0.2095986 0.2632731 0.3233245 0.2600757 0.2697027 0.1736897 0.3046380 0.2181963 0.3117864 0.3069777 0.1969009 0.2654454 0.2269334 0.2568342 0.2384434 0.2432652 0.2236319 0.2166828 0.2592197 0.2582600 0.3027528 0.1044312 0.1819637 0.2572430 0.1233124 0.1272313 0.2379740 0.2424165 0.1915888 0.1654725 0.1323627 0.0928501 0.1722658 0.2134746 0.2135838 0.1338372 0.1919516 0.0737200 0.1818519 0.3097823 0.2081239 0.2470001 0.2437397 0.2742165 0.1118094 0.1515631 0.2548320 0.3242394 0.2618363 0.1448432 0.2439368 0.2231806 
Conoclinium_coelestinum_SRR9119114         0.1659778 0.1729402 0.3109827 0.0000000 0.1706598 0.1087203 0.0965055 0.2101289 0.2654178 0.1939264 0.3528687 0.3889354 0.1865862 0.1729145 0.2135507 0.2002883 0.2063350 0.1711101 0.1816991 0.1520648 0.1923452 0.1914084 0.0613692 0.1820710 0.1878047 0.1704282 0.3713307 0.1947392 0.2323554 0.2239731 0.2664526 0.2512627 0.1881036 0.1645830 0.1774517 0.3479839 0.2171398 0.1779216 0.1940463 0.1696150 0.1793543 0.1697925 0.1982315 0.1752229 0.1848311 0.1744822 0.1649795 0.1935478 0.2040845 0.1828143 0.1922514 0.1878739 0.1748562 0.3171222 0.2744574 0.2494720 0.1655872 0.1332869 0.1726849 0.2015406 0.2096113 0.2088676 0.1677683 0.1647378 0.3984367 0.1933695 0.2748961 0.1637806 0.3341314 0.1445540 0.2827623 0.1726761 0.3086757 0.1981854 0.1868804 0.1803679 0.1707879 0.1916335 0.2246682 0.2878290 0.3779809 0.1784872 0.1891340 0.3265008 
Eutetras_palmeri_63                        0.0851199 0.0940621 0.1865771 0.1706598 0.0000000 0.0805453 0.1868998 0.2788004 0.3524566 0.2068085 0.4665252 0.1875066 0.1832619 0.2118912 0.1449373 0.2013995 0.1089800 0.1468599 0.2204776 0.1734968 0.1851416 0.2090953 0.1160756 0.1551069 0.1755932 0.1914276 0.1501129 0.2986684 0.2993817 0.1424229 0.1229996 0.1495024 0.0963256 0.0925164 0.2111392 0.2151836 0.3083836 0.1575765 0.2609779 0.1832005 0.2079194 0.1907333 0.2565062 0.3269481 0.2555420 0.2586411 0.1808347 0.2580278 0.2579027 0.2656644 0.1621510 0.2050754 0.2012065 0.2262775 0.1634178 0.3025711 0.1114727 0.1031455 0.1967649 0.2518754 0.2381711 0.1294856 0.1331745 0.0919644 0.1400271 0.2216786 0.1647099 0.1529553 0.1864885 0.0674738 0.1520595 0.2108376 0.1424248 0.2628914 0.2489044 0.1954341 0.0891899 0.1802165 0.2732235 0.2267893 0.1934988 0.1105278 0.2564719 0.1277372 
Eutetras_pringlei_149_quer                 0.0517225 0.0492692 0.1168635 0.1087203 0.0805453 0.0000000 0.0865805 0.0982935 0.1571934 0.1249303 0.1165442 0.1631393 0.0874808 0.1634304 0.0818701 0.1392855 0.1262129 0.0971452 0.1457608 0.1003255 0.0871623 0.1020929 0.0000010 0.1544772 0.0947856 0.1020929 0.1499346 0.1713334 0.2023541 0.0410227 0.0617128 0.1158420 0.1005831 0.0717855 0.1479625 0.1636181 0.2251577 0.0934157 0.1329402 0.1409787 0.1503370 0.0891230 0.1754869 0.2144866 0.1594520 0.1654921 0.0825010 0.1722506 0.1748361 0.1252733 0.0960228 0.1492791 0.1459209 0.1937537 0.0942708 0.1508042 0.1021686 0.0861135 0.0546866 0.1670106 0.1031439 0.1020117 0.1007909 0.1087380 0.0943688 0.1122840 0.1030409 0.0488722 0.0909103 0.0526887 0.0929727 0.1550562 0.1015062 0.1770625 0.1760680 0.0862519 0.1020929 0.0520433 0.1803462 0.1564425 0.1584851 0.1027418 0.1748361 0.0890743 
Eutrochium_fistulosum_SRR9119106           0.1333565 0.1285781 0.3232535 0.0965055 0.1868998 0.0865805 0.0000000 0.1901883 0.2825358 0.1830139 0.3795417 0.3296553 0.1684534 0.1781953 0.1821091 0.2186164 0.1439610 0.1846268 0.1917779 0.1361569 0.1733339 0.1973252 0.1462167 0.1573306 0.1676354 0.1790787 0.3102623 0.2103689 0.2261529 0.2330715 0.1985117 0.2804152 0.2009086 0.1407686 0.1611673 0.3363393 0.2204508 0.1897163 0.2235397 0.2053009 0.1705279 0.1586137 0.2287287 0.1723407 0.2036714 0.1897234 0.1674291 0.2036154 0.2190456 0.2028152 0.1693569 0.1745317 0.1615710 0.3336453 0.2492726 0.3052486 0.1281455 0.1092342 0.1850012 0.2072175 0.2239808 0.1417034 0.1707238 0.1241778 0.3147240 0.2084002 0.2943818 0.2265318 0.3699683 0.0843521 0.2404535 0.1606470 0.2705267 0.2086017 0.1997029 0.1663364 0.1307645 0.2683348 0.2223640 0.2631818 0.3205985 0.1228317 0.2011580 0.2775850 
Galeana_pratensis_104_mex                  0.1440299 0.1271027 0.3125613 0.2101289 0.2788004 0.0982935 0.1901883 0.0000000 0.1994773 0.1838333 0.2036562 0.3012924 0.1820903 0.1709276 0.2812323 0.2895366 0.1384787 0.1241434 0.1882001 0.1739206 0.1699372 0.2022862 0.0568929 0.1563910 0.1707872 0.1953962 0.3690798 0.1735750 0.1468296 0.2715154 0.1780046 0.3139582 0.2304872 0.1371693 0.1830880 0.3011374 0.1835576 0.2506978 0.2409133 0.2726510 0.1805605 0.1819838 0.1766733 0.1632268 0.1908331 0.1733073 0.2165809 0.1969065 0.1974419 0.1675398 0.1818760 0.1761206 0.1776568 0.2888086 0.2998828 0.2910554 0.1293019 0.1178981 0.1782024 0.1966214 0.1287479 0.1548959 0.1479290 0.1329575 0.2834088 0.1433956 0.3007240 0.2501165 0.3150047 0.1093410 0.2929761 0.1736605 0.3005006 0.1918778 0.1937791 0.1703221 0.1243429 0.2484513 0.1484815 0.3532378 0.3264740 0.1159186 0.1952829 0.2957607 
Helianthus_annuus_SRR9119062               0.2366925 0.2643077 0.4287076 0.2654178 0.3524566 0.1571934 0.2825358 0.1994773 0.0000000 0.2765982 0.4305602 0.4584782 0.3141661 0.3549724 0.3470920 0.3932125 0.4103060 0.3556786 0.3136326 0.2785964 0.3137080 0.3115899 0.1596831 0.2512111 0.2628256 0.2925289 0.4976612 0.3208431 0.3690301 0.3551360 0.2976063 0.4035394 0.3263528 0.2582590 0.2736417 0.4800107 0.2901695 0.3351333 0.3222579 0.3477646 0.2802678 0.2810124 0.3818527 0.2398446 0.2788242 0.2988326 0.3110216 0.2953904 0.3465033 0.3160441 0.3156896 0.3462390 0.3006485 0.4411719 0.4041743 0.4206740 0.2384596 0.2259519 0.2985022 0.2890663 0.3512310 0.1839291 0.3282728 0.1484361 0.4478923 0.3685757 0.4400360 0.3587343 0.4673758 0.1406042 0.4354035 0.2830651 0.4080147 0.2945053 0.2901924 0.2990169 0.1535238 0.3572551 0.3109185 0.4508178 0.4705134 0.1463161 0.2964027 0.4551480 
Lycapsus_tenuifolius_17                    0.0666194 0.1165929 0.2962517 0.1939264 0.2068085 0.1249303 0.1830139 0.1838333 0.2765982 0.0000000 0.3047708 0.2991766 0.0884244 0.1095409 0.2266644 0.2190573 0.0968725 0.1529699 0.1717095 0.0819730 0.0874548 0.1354065 0.1032266 0.0834275 0.0782189 0.1132671 0.2846664 0.2020109 0.2353489 0.2103631 0.2025317 0.2548054 0.1946805 0.0764003 0.0964480 0.2968023 0.1961821 0.2004876 0.1746136 0.1968622 0.0853692 0.0851214 0.1493613 0.1666454 0.1293013 0.1320916 0.1467005 0.1313428 0.1478290 0.1552293 0.1145253 0.0966968 0.0923540 0.2875596 0.2425751 0.2749789 0.0991470 0.1121514 0.1172968 0.1270590 0.2169823 0.1879562 0.1511564 0.0846994 0.3142061 0.2093453 0.2670976 0.2007272 0.3099230 0.0746713 0.2415019 0.0959759 0.2773298 0.1275424 0.1345512 0.1006903 0.0892603 0.2436932 0.2232768 0.2465946 0.3194751 0.1487462 0.1218514 0.2336617 
Pericome_caudata_50_silver                 0.3078582 0.2943717 0.5066830 0.3528687 0.4665252 0.1165442 0.3795417 0.2036562 0.4305602 0.3047708 0.0000000 0.4637311 0.3412537 0.3840763 0.4067745 0.4560157 0.5136157 0.3683478 0.3591190 0.3087290 0.3353707 0.3494614 0.1411675 0.3074374 0.2896662 0.3305056 0.5497953 0.3163122 0.3681780 0.5366210 0.4087844 0.4979676 0.4369608 0.3249969 0.3516796 0.4995415 0.3339374 0.3859494 0.3742806 0.3962908 0.3288074 0.3291012 0.3940815 0.2971757 0.3325552 0.3339009 0.4400103 0.3467540 0.3770548 0.3318518 0.3394441 0.3543227 0.3237847 0.4854285 0.4354940 0.5269788 0.2585311 0.2450979 0.3316387 0.3421468 0.4034500 0.1956490 0.3669861 0.1460710 0.4357918 0.3612315 0.4660622 0.4123182 0.4754761 0.1725983 0.4878902 0.3215481 0.5444009 0.3521663 0.3517957 0.3025479 0.1931779 0.4437351 0.3206301 0.5569978 0.4912104 0.1926135 0.3506348 0.4729152 
Perityle_aglossa_84_dead_horse             0.2744277 0.1614512 0.2093932 0.3889354 0.1875066 0.1631393 0.3296553 0.3012924 0.4584782 0.2991766 0.4637311 0.0000000 0.2257498 0.1623613 0.0199120 0.2345329 0.0681686 0.1819968 0.2617419 0.2628961 0.2272962 0.3075016 0.1235653 0.2657160 0.3108882 0.3197951 0.2407199 0.3482184 0.3349308 0.1313980 0.1830958 0.1799522 0.1502416 0.2387998 0.2537310 0.2994983 0.3930189 0.0298001 0.3657162 0.2633020 0.2502587 0.2434978 0.2843834 0.3498547 0.3687471 0.3446514 0.1535328 0.3549826 0.3041266 0.3051707 0.2106128 0.1730958 0.2077436 0.2466858 0.0297160 0.3585905 0.1247794 0.1218950 0.2826594 0.3520714 0.2574766 0.1819132 0.1846748 0.1027095 0.0059978 0.2589318 0.2267811 0.1768544 0.2549565 0.0716613 0.0614310 0.2336084 0.1463439 0.3632865 0.3355715 0.3232767 0.1418427 0.2050260 0.3927520 0.2447419 0.1033094 0.1553734 0.3632438 0.1940515 
Perityle_ajoensis_204                      0.0820859 0.0820995 0.2967214 0.1865862 0.1832619 0.0874808 0.1684534 0.1820903 0.3141661 0.0884244 0.3412537 0.2257498 0.0000000 0.0173515 0.2236608 0.2045000 0.0879891 0.1717340 0.1728062 0.0226153 0.0142897 0.1308088 0.1174573 0.0402875 0.0719863 0.1155361 0.2363182 0.1798306 0.2080146 0.1798617 0.1346509 0.2574988 0.1671129 0.0995733 0.0179093 0.2291858 0.1822114 0.2049766 0.1821500 0.1951930 0.0089077 0.0118027 0.1434913 0.1495526 0.1363077 0.0674893 0.1268504 0.1308506 0.1360460 0.1463963 0.0850826 0.0121509 0.0088924 0.2691238 0.2271477 0.2638773 0.0869402 0.1213214 0.1106546 0.1236942 0.2069820 0.1592883 0.1545918 0.0846279 0.2121702 0.2071160 0.2572270 0.2073133 0.2957800 0.0076599 0.2150391 0.0187915 0.2374087 0.1333851 0.1331468 0.0397956 0.0621493 0.2439574 0.1911406 0.1543975 0.2628006 0.1373994 0.1313044 0.1872833 
Perityle_ambrosiifolia_67_green            0.0876311 0.0863373 0.2640263 0.1729145 0.2118912 0.1634304 0.1781953 0.1709276 0.3549724 0.1095409 0.3840763 0.1623613 0.0173515 0.0000000 0.1784804 0.2181827 0.0968499 0.1727535 0.1898783 0.0324920 0.0210959 0.1465907 0.1089172 0.0823623 0.0870538 0.1351512 0.1435495 0.2413913 0.2630865 0.1586513 0.0821958 0.2292491 0.1614319 0.1111971 0.0295543 0.2408551 0.2472736 0.1981267 0.2049542 0.2162048 0.0255790 0.0293486 0.1893512 0.2389724 0.1894635 0.1081420 0.1157072 0.1813065 0.1820597 0.1840722 0.1041042 0.0322452 0.0254603 0.2653947 0.1807714 0.2628806 0.0924630 0.1292874 0.1293732 0.1690686 0.2269798 0.1659848 0.1640855 0.0904622 0.1645415 0.2173579 0.2303186 0.2095605 0.2675263 0.0113909 0.1774799 0.0242573 0.1995743 0.1859738 0.1788812 0.0416713 0.0671344 0.2538901 0.2550302 0.0935747 0.1962487 0.1502687 0.1862704 0.1235857 
Perityle_angustifolia_13_Eagle_creek       0.1463930 0.1212361 0.1504957 0.2135507 0.1449373 0.0818701 0.1821091 0.2812323 0.3470920 0.2266644 0.4067745 0.0199120 0.2236608 0.1784804 0.0000000 0.1962880 0.0138330 0.1298622 0.2377404 0.2299759 0.2191734 0.2325816 0.0507459 0.1709830 0.1962318 0.2305551 0.1875011 0.2467838 0.2390645 0.1081700 0.1597057 0.1226611 0.1212256 0.1470646 0.2431728 0.1366293 0.2483693 0.0150588 0.2575583 0.2148939 0.2174648 0.2191640 0.1935865 0.2333735 0.2268857 0.2253205 0.1382058 0.2309180 0.2283044 0.2394934 0.1891507 0.1916463 0.2148694 0.1570222 0.0265088 0.2901887 0.1098042 0.1055570 0.2087109 0.2272948 0.1909506 0.1612206 0.1502525 0.0885327 0.0139770 0.2131381 0.1529505 0.1538355 0.1468522 0.0687487 0.0476080 0.2190056 0.1232969 0.2286932 0.2309715 0.2213963 0.1196379 0.1456147 0.2627778 0.2408799 0.0536572 0.1314275 0.2296318 0.1281836 
Perityle_batopilensis_97                   0.1104571 0.1200762 0.1948497 0.2002883 0.2013995 0.1392855 0.2186164 0.2895366 0.3932125 0.2190573 0.4560157 0.2345329 0.2045000 0.2181827 0.1962880 0.0000000 0.1617492 0.1396030 0.2351927 0.1765057 0.2077442 0.1321757 0.1519541 0.1751285 0.1475889 0.1308743 0.2050837 0.1866475 0.2205753 0.1951205 0.1367628 0.1561786 0.1822876 0.1519027 0.2158424 0.2282646 0.2066636 0.2102109 0.2442042 0.0101741 0.2051887 0.2060479 0.1262360 0.1970931 0.1875114 0.1567803 0.2095770 0.1255919 0.1302650 0.1840470 0.2105326 0.2002902 0.1979784 0.1512614 0.2111984 0.2412320 0.1055111 0.1215870 0.1222845 0.1311079 0.1838196 0.1726317 0.1609085 0.1131329 0.2093755 0.2297063 0.2391155 0.1952524 0.1921897 0.0759473 0.2046968 0.2045114 0.2414850 0.1295313 0.1303169 0.1659708 0.0680542 0.1975969 0.2001152 0.2634098 0.2296911 0.1543670 0.1285282 0.1810989 
Perityle_bisetosa_9                        0.0878822 0.0715678 0.2148996 0.2063350 0.1089800 0.1262129 0.1439610 0.1384787 0.4103060 0.0968725 0.5136157 0.0681686 0.0879891 0.0968499 0.0138330 0.1617492 0.0000000 0.1510068 0.1206504 0.0734516 0.0921834 0.1588774 0.1379933 0.0647708 0.1115249 0.1283256 0.1214323 0.1972280 0.2145494 0.1113729 0.0722307 0.1708296 0.1202950 0.1251105 0.0970628 0.2125131 0.2228700 0.0617333 0.2131677 0.1432918 0.0870669 0.0931492 0.1872983 0.1808535 0.1847218 0.1684523 0.0791892 0.1774446 0.1819058 0.2065058 0.0757505 0.0738480 0.0862535 0.2031913 0.0495254 0.2260566 0.0898479 0.0575265 0.1425424 0.1637694 0.1998823 0.1484688 0.1232011 0.0902995 0.0457226 0.1741406 0.1600120 0.1214648 0.2256151 0.0819433 0.0305448 0.0925633 0.0969219 0.1859582 0.1796558 0.0903221 0.1049332 0.1892831 0.2056810 0.0879900 0.0154133 0.1457329 0.1809605 0.1087643 
Perityle_californica_76_positas            0.0920258 0.1166312 0.0175038 0.1711101 0.1468599 0.0971452 0.1846268 0.1241434 0.3556786 0.1529699 0.3683478 0.1819968 0.1717340 0.1727535 0.1298622 0.1396030 0.1510068 0.0000000 0.1598015 0.1388343 0.1676198 0.1306238 0.0914430 0.1345427 0.1073273 0.1240768 0.1774160 0.1576212 0.1397980 0.1881246 0.0944556 0.0337523 0.1673402 0.1549581 0.1764028 0.1456851 0.1507279 0.1627830 0.1654901 0.1433040 0.1721213 0.1723778 0.1278044 0.1269396 0.1115396 0.1529115 0.1270633 0.1274343 0.1310780 0.1230846 0.1617451 0.1614150 0.1637314 0.0785135 0.1776714 0.1671216 0.1182198 0.1192988 0.1159443 0.1226716 0.1205989 0.1601353 0.1107639 0.0748796 0.1595822 0.1375000 0.1656115 0.1048904 0.1037296 0.0713515 0.1591331 0.1682426 0.1813200 0.1302403 0.1282926 0.1449508 0.1021987 0.1062663 0.1175969 0.1665655 0.1741249 0.1390539 0.1310011 0.1307947 
Perityle_canescens_77                      0.0959410 0.0882883 0.2960580 0.1816991 0.2204776 0.1457608 0.1917779 0.1882001 0.3136326 0.1717095 0.3591190 0.2617419 0.1728062 0.1898783 0.2377404 0.2351927 0.1206504 0.1598015 0.0000000 0.1647353 0.1518104 0.1767919 0.0576940 0.1643341 0.1496618 0.1634471 0.2696209 0.2079554 0.2243741 0.2360360 0.1106612 0.2529193 0.2095668 0.1012938 0.1749962 0.2470750 0.1013682 0.2162258 0.2188618 0.2347048 0.1718746 0.1755428 0.1804795 0.0862923 0.1829980 0.1705153 0.1776390 0.1770275 0.1828716 0.1841958 0.1695166 0.1750712 0.1673715 0.2498440 0.2382632 0.2708962 0.1486808 0.1196955 0.1470133 0.1712351 0.2172313 0.1585831 0.1614009 0.1499517 0.2231887 0.2135448 0.2516867 0.2399884 0.3094397 0.0971752 0.2416172 0.1658383 0.2666804 0.1778261 0.1803609 0.1595426 0.1460190 0.2720656 0.2056454 0.2839775 0.2690214 0.1892928 0.1813791 0.2223235 
Perityle_castillonii_96                    0.0713941 0.0940704 0.2700327 0.1520648 0.1734968 0.1003255 0.1361569 0.1739206 0.2785964 0.0819730 0.3087290 0.2628961 0.0226153 0.0324920 0.2299759 0.1765057 0.0734516 0.1388343 0.1647353 0.0000000 0.0321750 0.0931594 0.0424389 0.0304694 0.0520597 0.0809803 0.2385806 0.1455992 0.1681159 0.1997963 0.1582458 0.2265663 0.1635829 0.0827613 0.0285154 0.2088050 0.1373270 0.2007950 0.1162688 0.1672787 0.0286481 0.0328473 0.0882677 0.1205093 0.0841844 0.0383749 0.1471194 0.0847248 0.0929294 0.0990699 0.0709970 0.0297166 0.0298846 0.2465482 0.2606994 0.2255728 0.0922336 0.1160188 0.0712502 0.0813955 0.1604568 0.1575333 0.1283722 0.0922409 0.2413037 0.1767873 0.2333708 0.1848464 0.2523678 0.0438170 0.2414553 0.0317173 0.2590127 0.0842852 0.0865268 0.0361728 0.0682521 0.1881470 0.1507638 0.1965682 0.2844734 0.1327301 0.0860821 0.2045211 
Perityle_cernua_84                         0.0832600 0.0849291 0.2918389 0.1923452 0.1851416 0.0871623 0.1733339 0.1699372 0.3137080 0.0874548 0.3353707 0.2272962 0.0142897 0.0210959 0.2191734 0.2077442 0.0921834 0.1676198 0.1518104 0.0321750 0.0000000 0.1357211 0.1093414 0.0347560 0.0618954 0.1208504 0.2382404 0.1838882 0.2078163 0.1847425 0.1357584 0.2507450 0.1746589 0.1068176 0.0247084 0.2300916 0.1847335 0.2005513 0.1754977 0.1999594 0.0143450 0.0172916 0.1351282 0.1435151 0.1329138 0.0629470 0.1236075 0.1292902 0.1322052 0.1468748 0.0900305 0.0159845 0.0132698 0.2618524 0.2223574 0.2519177 0.0826643 0.1220502 0.1112929 0.1219308 0.2025742 0.1568054 0.1562650 0.0813749 0.2070116 0.2083755 0.2674891 0.2028925 0.2822588 0.0076948 0.2160661 0.0152265 0.2388244 0.1293927 0.1315088 0.0378110 0.0595646 0.2422150 0.1921202 0.1566744 0.2651517 0.1380972 0.1309822 0.1844555 
Perityle_cfvillosa_25_tin                  0.0925511 0.1107556 0.2549264 0.1914084 0.2090953 0.1020929 0.1973252 0.2022862 0.3115899 0.1354065 0.3494614 0.3075016 0.1308088 0.1465907 0.2325816 0.1321757 0.1588774 0.1306238 0.1767919 0.0931594 0.1357211 0.0000000 0.1735555 0.1123787 0.0286826 0.0056914 0.2943552 0.1418791 0.1705929 0.2320385 0.1559809 0.1985886 0.1988841 0.1418564 0.1301190 0.2945152 0.1602246 0.2182534 0.1701724 0.1322135 0.1271560 0.1281927 0.0053200 0.1401280 0.1185609 0.0792438 0.1820298 0.0063524 0.0019212 0.1113620 0.1492131 0.1241648 0.1239761 0.2275484 0.2857049 0.2093326 0.0800345 0.1032352 0.0105724 0.0090880 0.1499573 0.1567660 0.1234997 0.0889913 0.2785985 0.1749541 0.2835244 0.1756375 0.2457990 0.0590040 0.2724634 0.1269607 0.2946758 0.0072633 0.0053869 0.0869583 0.0000010 0.1794473 0.1533583 0.2775264 0.3195231 0.1278921 0.0071689 0.2601568 
Perityle_cinerea_113_Powell1310            0.0214767 0.0074210 0.1265984 0.0613692 0.1160756 0.0000010 0.1462167 0.0568929 0.1596831 0.1032266 0.1411675 0.1235653 0.1174573 0.1089172 0.0507459 0.1519541 0.1379933 0.0914430 0.0576940 0.0424389 0.1093414 0.1735555 0.0000000 0.0605477 0.0359398 0.1735555 0.1231294 0.0959392 0.1216313 0.0850657 0.0000010 0.1284347 0.1534483 0.1040940 0.1089332 0.1099324 0.1225853 0.1341870 0.0907036 0.1609589 0.1020156 0.1020156 0.1806001 0.0430108 0.1065907 0.1587947 0.0985087 0.1750697 0.1735555 0.1027125 0.1000317 0.1095341 0.1089493 0.1640348 0.1167612 0.1143963 0.0073376 0.0076481 0.1651901 0.1637319 0.1286026 0.0299467 0.1275878 0.0373309 0.1252549 0.1346396 0.1336355 0.1289470 0.1503225 0.0000010 0.1232762 0.1020006 0.1298142 0.1761753 0.1745184 0.0936643 0.0221911 0.1403473 0.1320946 0.1236412 0.1232762 0.0298976 0.1669238 0.1106698 
Perityle_coahuilensis_24                   0.0865970 0.1006807 0.2805696 0.1820710 0.1551069 0.1544772 0.1573306 0.1563910 0.2512111 0.0834275 0.3074374 0.2657160 0.0402875 0.0823623 0.1709830 0.1751285 0.0647708 0.1345427 0.1643341 0.0304694 0.0347560 0.1123787 0.0605477 0.0000000 0.0688501 0.0862493 0.2776508 0.2380909 0.2071677 0.1769224 0.1760626 0.2379217 0.1310134 0.0856591 0.0766340 0.3107814 0.2023142 0.1553174 0.1424796 0.1544564 0.0689314 0.0428322 0.1552670 0.2086631 0.1780012 0.0800625 0.1254329 0.1504566 0.1911237 0.1516268 0.0022158 0.0781040 0.0608126 0.2940260 0.1953549 0.2632548 0.0914860 0.0837807 0.0984747 0.1636977 0.1577968 0.1405952 0.0914551 0.1000576 0.2316123 0.1457957 0.2299086 0.1572072 0.3026337 0.0568492 0.2182133 0.0562077 0.2313545 0.1677254 0.1268302 0.0340639 0.0783078 0.1857560 0.1987233 0.1985687 0.2576505 0.0862690 0.1347538 0.2163074 
Perityle_cochisensis_44_cave_creek         0.0820710 0.1066075 0.2660151 0.1878047 0.1755932 0.0947856 0.1676354 0.1707872 0.2628256 0.0782189 0.2896662 0.3108882 0.0719863 0.0870538 0.1962318 0.1475889 0.1115249 0.1073273 0.1496618 0.0520597 0.0618954 0.0286826 0.0359398 0.0688501 0.0000000 0.0111117 0.2744719 0.1612649 0.1817382 0.1905817 0.1515133 0.2129537 0.1758517 0.0955980 0.0776461 0.2672449 0.1560367 0.1713183 0.1292927 0.1330305 0.0677456 0.0716786 0.0460658 0.1389869 0.1054109 0.0847269 0.1518739 0.0404778 0.0446229 0.1138100 0.0871164 0.0818266 0.0759379 0.2446424 0.2353523 0.2387547 0.0663160 0.0926377 0.0332013 0.0412142 0.1649328 0.1396832 0.1113547 0.0691149 0.2788763 0.1580809 0.2502101 0.1671335 0.2800779 0.0317929 0.2266091 0.0756945 0.2713192 0.0412430 0.0401083 0.0593298 0.0000010 0.1838416 0.1743676 0.2201578 0.3103211 0.1066365 0.0401544 0.2300749 
Perityle_congesta_202                      0.0869281 0.1252141 0.2568568 0.1704282 0.1914276 0.1020929 0.1790787 0.1953962 0.2925289 0.1132671 0.3305056 0.3197951 0.1155361 0.1351512 0.2305551 0.1308743 0.1283256 0.1240768 0.1634471 0.0809803 0.1208504 0.0056914 0.1735555 0.0862493 0.0111117 0.0000000 0.3001442 0.1340152 0.1753399 0.2291519 0.1600868 0.2015760 0.1812988 0.1181548 0.1068489 0.2815169 0.1488184 0.2171171 0.1567299 0.1231883 0.1048747 0.1099012 0.0034304 0.1275837 0.1022954 0.0705625 0.1713178 0.0018247 0.0000010 0.1025049 0.1296747 0.1110844 0.1089911 0.2285475 0.2836766 0.2068392 0.0742133 0.1004272 0.0010188 0.0018356 0.1516543 0.1553867 0.1222398 0.0863613 0.2920792 0.1700781 0.2686728 0.1733834 0.2521745 0.0514675 0.2554555 0.1071458 0.2839565 0.0018379 0.0009264 0.0733511 0.0000010 0.1761738 0.1682725 0.2744378 0.3202238 0.1238988 0.0009073 0.2560199 
Perityle_cordifolia_27                     0.2712348 0.2106161 0.2740841 0.3713307 0.1501129 0.1499346 0.3102623 0.3690798 0.4976612 0.2846664 0.5497953 0.2407199 0.2363182 0.1435495 0.1875011 0.2050837 0.1214323 0.1774160 0.2696209 0.2385806 0.2382404 0.2943552 0.1231294 0.2776508 0.2744719 0.3001442 0.0000000 0.3683142 0.3218282 0.1913437 0.2416557 0.2115434 0.1773201 0.2562031 0.2420872 0.2490021 0.3953553 0.1519774 0.3532634 0.2405707 0.2404643 0.2566412 0.2375856 0.3737329 0.3452136 0.3320657 0.1854108 0.3278918 0.2875304 0.3172795 0.2421875 0.1677475 0.2161443 0.3314914 0.2118256 0.3126619 0.1142429 0.1376499 0.2734109 0.3274980 0.2486047 0.1726731 0.1732147 0.0939505 0.2284255 0.2503736 0.2006033 0.1763085 0.3293258 0.0692086 0.2223454 0.2372588 0.2289719 0.3313796 0.3179689 0.3024897 0.0965206 0.1974415 0.4025208 0.2575382 0.2835467 0.1599348 0.3279065 0.1719668 
Perityle_cordifolia_68_tecolote            0.1156112 0.1120467 0.2664591 0.1947392 0.2986684 0.1713334 0.2103689 0.1735750 0.3208431 0.2020109 0.3163122 0.3482184 0.1798306 0.2413913 0.2467838 0.1866475 0.1972280 0.1576212 0.2079554 0.1455992 0.1838882 0.1418791 0.0959392 0.2380909 0.1612649 0.1340152 0.3683142 0.0000000 0.1434288 0.2626960 0.2180633 0.2110877 0.2337194 0.1656151 0.2460348 0.3389858 0.1512383 0.2341896 0.2082988 0.1744820 0.2479541 0.1775165 0.1490852 0.1341088 0.1508401 0.1415348 0.2111281 0.1411801 0.1506251 0.1565025 0.2012272 0.2230439 0.2092495 0.2241735 0.2826817 0.2224703 0.0167901 0.1354317 0.1230264 0.1368939 0.1539305 0.1589239 0.1498072 0.0892638 0.2852696 0.1424655 0.3178728 0.2226866 0.3044935 0.0593740 0.2939876 0.2192160 0.3542136 0.1429167 0.1354226 0.1423536 0.0724876 0.2414274 0.1007354 0.3311566 0.3950683 0.1591621 0.1419925 0.2634886 
Perityle_coronopifolia_28_patagonia        0.1384094 0.1135063 0.2215858 0.2323554 0.2993817 0.2023541 0.2261529 0.1468296 0.3690301 0.2353489 0.3681780 0.3349308 0.2080146 0.2630865 0.2390645 0.2205753 0.2145494 0.1397980 0.2243741 0.1681159 0.2078163 0.1705929 0.1216313 0.2071677 0.1817382 0.1753399 0.3218282 0.1434288 0.0000000 0.2613266 0.2619177 0.1947974 0.2405885 0.1979859 0.2663692 0.3264267 0.1817957 0.2587139 0.2319792 0.2277061 0.2521310 0.2066137 0.1826973 0.1893870 0.1476396 0.1701862 0.2372668 0.1774397 0.1767112 0.1579924 0.1905508 0.2405957 0.2421315 0.1918419 0.2715694 0.2285777 0.1487490 0.1211959 0.1536550 0.1717170 0.0387719 0.1869916 0.0270383 0.1599647 0.2652001 0.0192523 0.2588254 0.2218293 0.2592459 0.1382689 0.2910689 0.2538202 0.3014497 0.1810176 0.1695708 0.1693863 0.1289256 0.2380313 0.0613110 0.3253724 0.3505683 0.0186284 0.1789447 0.2410715 
Perityle_crassifolia_70_ventanas           0.1409008 0.1339064 0.1897904 0.2239731 0.1424229 0.0410227 0.2330715 0.2715154 0.3551360 0.2103631 0.5366210 0.1313980 0.1798617 0.1586513 0.1081700 0.1951205 0.1113729 0.1881246 0.2360360 0.1997963 0.1847425 0.2320385 0.0850657 0.1769224 0.1905817 0.2291519 0.1913437 0.2626960 0.2613266 0.0000000 0.0816780 0.1431106 0.1558480 0.1458406 0.1845619 0.1411065 0.2489779 0.1455630 0.2817961 0.1994731 0.1816204 0.1873891 0.2097982 0.2058469 0.2481756 0.2262035 0.1735967 0.2322182 0.2325280 0.2565318 0.2129829 0.1562588 0.1838658 0.1765078 0.1292231 0.2271664 0.1215890 0.1349284 0.2058042 0.2207769 0.2293034 0.1704950 0.1716707 0.0824389 0.1109647 0.2492723 0.1607395 0.1449362 0.1418645 0.0372246 0.1064087 0.1892907 0.0693884 0.2281091 0.2339318 0.2125848 0.0979685 0.1653646 0.2695031 0.2169615 0.1365962 0.1566848 0.2323777 0.1214904 
Perityle_crassifolia_74_playa_balandra     0.1699183 0.0984529 0.1820114 0.2664526 0.1229996 0.0617128 0.1985117 0.1780046 0.2976063 0.2025317 0.4087844 0.1830958 0.1346509 0.0821958 0.1597057 0.1367628 0.0722307 0.0944556 0.1106612 0.1582458 0.1357584 0.1559809 0.0000010 0.1760626 0.1515133 0.1600868 0.2416557 0.2180633 0.2619177 0.0816780 0.0000000 0.1685733 0.1669753 0.1587539 0.1482325 0.1646533 0.2117190 0.1128948 0.2095309 0.2004187 0.1396506 0.1291597 0.0929327 0.1782383 0.1929489 0.1573082 0.1365405 0.1627250 0.1318676 0.2045816 0.1536603 0.0697521 0.1287871 0.2107654 0.1620174 0.1290933 0.1003495 0.1065350 0.1216522 0.1445339 0.1981594 0.1709153 0.1525938 0.0916285 0.1734056 0.2762939 0.2241880 0.1375999 0.2515687 0.0659316 0.1419245 0.1436631 0.1702707 0.1645184 0.1541931 0.1520755 0.0749082 0.1600798 0.3262708 0.1965841 0.1947600 0.1881819 0.1663550 0.1725524 
Perityle_cuneata_34_cuneata_San_antonio    0.1569457 0.1453114 0.0384971 0.2512627 0.1495024 0.1158420 0.2804152 0.3139582 0.4035394 0.2548054 0.4979676 0.1799522 0.2574988 0.2292491 0.1226611 0.1561786 0.1708296 0.0337523 0.2529193 0.2265663 0.2507450 0.1985886 0.1284347 0.2379217 0.2129537 0.2015760 0.2115434 0.2110877 0.1947974 0.1431106 0.1685733 0.0000000 0.1791985 0.2128107 0.2751368 0.2096530 0.2296930 0.1567991 0.2720919 0.1760479 0.2669199 0.2588458 0.1535723 0.2225360 0.1965570 0.2011647 0.2131685 0.1915142 0.1810505 0.2001099 0.2237616 0.2267259 0.2625220 0.0807941 0.1506409 0.2269524 0.0818264 0.1089478 0.1830709 0.1876511 0.1668870 0.1560884 0.1146320 0.0741992 0.1409167 0.1871211 0.1889825 0.1114039 0.1477572 0.0605108 0.1469265 0.2652806 0.1700851 0.1930450 0.1913410 0.2145224 0.0803656 0.1226326 0.2065035 0.2872515 0.2001680 0.1399833 0.1903032 0.1591803 
Perityle_cuneata_4                         0.1307976 0.1057246 0.2095986 0.1881036 0.0963256 0.1005831 0.2009086 0.2304872 0.3263528 0.1946805 0.4369608 0.1502416 0.1671129 0.1614319 0.1212256 0.1822876 0.1202950 0.1673402 0.2095668 0.1635829 0.1746589 0.1988841 0.1534483 0.1310134 0.1758517 0.1812988 0.1773201 0.2337194 0.2405885 0.1558480 0.1669753 0.1791985 0.0000000 0.1156660 0.1857758 0.2019513 0.2698057 0.1374438 0.2513837 0.1782718 0.1791470 0.1770909 0.2121551 0.2649816 0.2221339 0.2232077 0.1878698 0.2184980 0.2172842 0.2515192 0.1525542 0.1633730 0.1732446 0.2112118 0.1334102 0.2577449 0.1079910 0.1131740 0.1921031 0.2109691 0.2278634 0.1421334 0.1506178 0.1003990 0.1240877 0.1959212 0.2035367 0.1630747 0.2244221 0.0740234 0.1443057 0.1822295 0.1548368 0.2203790 0.2176864 0.1768121 0.0845608 0.1937410 0.2421580 0.1753798 0.1594020 0.1316008 0.2169183 0.1355489 
Perityle_discoidea_81                      0.0607182 0.0836519 0.2632731 0.1645830 0.0925164 0.0717855 0.1407686 0.1371693 0.2582590 0.0764003 0.3249969 0.2387998 0.0995733 0.1111971 0.1470646 0.1519027 0.1251105 0.1549581 0.1012938 0.0827613 0.1068176 0.1418564 0.1040940 0.0856591 0.0955980 0.1181548 0.2562031 0.1656151 0.1979859 0.1458406 0.1587539 0.2128107 0.1156660 0.0000000 0.0974173 0.2700790 0.1488988 0.1221051 0.2967354 0.1370194 0.0979604 0.0979302 0.1617569 0.1193867 0.1378233 0.1320398 0.1124334 0.1397201 0.1578301 0.1626556 0.1181727 0.0916440 0.0969608 0.2683530 0.1822125 0.2033809 0.0816308 0.0821908 0.1307849 0.1326311 0.1989216 0.1434171 0.1380077 0.0751012 0.2088355 0.1835436 0.2318533 0.1328313 0.2939326 0.0523338 0.1887101 0.1009484 0.2012640 0.1401974 0.1391217 0.0977783 0.0909236 0.1872777 0.1880317 0.2078282 0.2564658 0.1349031 0.1407981 0.2313317 
Perityle_dissecta_201                      0.0900677 0.1014040 0.3233245 0.1774517 0.2111392 0.1479625 0.1611673 0.1830880 0.2736417 0.0964480 0.3516796 0.2537310 0.0179093 0.0295543 0.2431728 0.2158424 0.0970628 0.1764028 0.1749962 0.0285154 0.0247084 0.1301190 0.1089332 0.0766340 0.0776461 0.1068489 0.2420872 0.2460348 0.2663692 0.1845619 0.1482325 0.2751368 0.1857758 0.0974173 0.0000000 0.3133454 0.1962916 0.2196663 0.1814103 0.2042459 0.0247965 0.0264924 0.1867179 0.2082575 0.1829226 0.0911805 0.1317083 0.1671600 0.1904962 0.1715723 0.0980385 0.0391937 0.0234075 0.3269031 0.2532001 0.2730654 0.0932851 0.1211949 0.1132375 0.1608275 0.2136265 0.1599794 0.1658694 0.0846577 0.2646711 0.2130705 0.2794976 0.2140399 0.3380412 0.0114361 0.2329499 0.0284735 0.2495701 0.1707019 0.1461874 0.0482433 0.0650864 0.2523905 0.2399654 0.1621777 0.2719780 0.1430928 0.1573182 0.2205532 
Perityle_emoryi_47_punta_san_jose          0.2445184 0.1577861 0.2600757 0.3479839 0.2151836 0.1636181 0.3363393 0.3011374 0.4800107 0.2968023 0.4995415 0.2994983 0.2291858 0.2408551 0.1366293 0.2282646 0.2125131 0.1456851 0.2470750 0.2088050 0.2300916 0.2945152 0.1099324 0.3107814 0.2672449 0.2815169 0.2490021 0.3389858 0.3264267 0.1411065 0.1646533 0.2096530 0.2019513 0.2700790 0.3133454 0.0000000 0.3896285 0.1222686 0.3164272 0.2428427 0.3065970 0.2556174 0.2743901 0.3575359 0.3411262 0.3382980 0.2009284 0.3357952 0.3119351 0.3226491 0.2368040 0.2320640 0.2736710 0.2950386 0.1662996 0.3332658 0.0933556 0.0949367 0.2633418 0.3419382 0.2301422 0.1531713 0.1554228 0.0991622 0.2083171 0.2203934 0.1662133 0.1423533 0.3080351 0.0625525 0.2227799 0.2956011 0.2127716 0.3487373 0.3289692 0.2673884 0.0858072 0.1938647 0.3694488 0.3085597 0.3115550 0.1149207 0.3447158 0.0388358 
Perityle_feddemae_99                       0.1109269 0.1269591 0.2697027 0.2171398 0.3083836 0.2251577 0.2204508 0.1835576 0.2901695 0.1961821 0.3339374 0.3930189 0.1822114 0.2472736 0.2483693 0.2066636 0.2228700 0.1507279 0.1013682 0.1373270 0.1847335 0.1602246 0.1225853 0.2023142 0.1560367 0.1488184 0.3953553 0.1512383 0.1817957 0.2489779 0.2117190 0.2296930 0.2698057 0.1488988 0.1962916 0.3896285 0.0000000 0.2309940 0.2082653 0.2031077 0.2000546 0.1755838 0.1729831 0.0221417 0.1354945 0.1398668 0.2279581 0.1498676 0.1652753 0.1268298 0.2069325 0.2203094 0.2029962 0.2395162 0.2981115 0.2219738 0.1094852 0.1048006 0.1316717 0.1469624 0.1906915 0.1862033 0.1520080 0.1235947 0.3381990 0.2044561 0.3429641 0.2060156 0.3296411 0.0777788 0.2975392 0.1932141 0.3594329 0.1544886 0.1509463 0.1365699 0.1299367 0.2449905 0.1843872 0.3646103 0.3913676 0.1769769 0.1536230 0.3231746 
Perityle_fosteri_93                        0.0991733 0.0924628 0.1736897 0.1779216 0.1575765 0.0934157 0.1897163 0.2506978 0.3351333 0.2004876 0.3859494 0.0298001 0.2049766 0.1981267 0.0150588 0.2102109 0.0617333 0.1627830 0.2162258 0.2007950 0.2005513 0.2182534 0.1341870 0.1553174 0.1713183 0.2171171 0.1519774 0.2341896 0.2587139 0.1455630 0.1128948 0.1567991 0.1374438 0.1221051 0.2196663 0.1222686 0.2309940 0.0000000 0.2559215 0.2137655 0.2001168 0.2019110 0.2212610 0.1903769 0.2150372 0.2220365 0.1497362 0.2155996 0.2192627 0.2172258 0.1961355 0.1929331 0.1962308 0.1636296 0.0351296 0.3091286 0.1290951 0.1191293 0.1893011 0.2077536 0.2218820 0.1964812 0.1799724 0.0968376 0.0211121 0.2465775 0.1500829 0.1741861 0.1530704 0.0641864 0.0584289 0.2036955 0.1554494 0.2199697 0.2201463 0.2126272 0.1526464 0.1737438 0.2448918 0.2246139 0.0484427 0.1590600 0.2191512 0.1140371 
Perityle_gamon_221                         0.1141559 0.1352587 0.3046380 0.1940463 0.2609779 0.1329402 0.2235397 0.2409133 0.3222579 0.1746136 0.3742806 0.3657162 0.1821500 0.2049542 0.2575583 0.2442042 0.2131677 0.1654901 0.2188618 0.1162688 0.1754977 0.1701724 0.0907036 0.1424796 0.1292927 0.1567299 0.3532634 0.2082988 0.2319792 0.2817961 0.2095309 0.2720919 0.2513837 0.2967354 0.1814103 0.3164272 0.2082653 0.2559215 0.0000000 0.2287532 0.1717099 0.1724081 0.1887844 0.1812895 0.0558244 0.1584803 0.2495684 0.1718683 0.1883251 0.1554069 0.1758926 0.1847355 0.1761330 0.3038919 0.3140818 0.2755838 0.1137421 0.1446652 0.1660529 0.1659985 0.2300080 0.1759070 0.1592146 0.1330456 0.3226233 0.2108997 0.3210598 0.2169141 0.3270416 0.1010588 0.3314893 0.1723521 0.3422794 0.1705386 0.1700110 0.1260098 0.1039319 0.2476373 0.2181937 0.3399955 0.3802585 0.1620170 0.1706791 0.2922352 
Perityle_gentryi_8_san_francisco           0.1027599 0.1235309 0.2181963 0.1696150 0.1832005 0.1409787 0.2053009 0.2726510 0.3477646 0.1968622 0.3962908 0.2633020 0.1951930 0.2162048 0.2148939 0.0101741 0.1432918 0.1433040 0.2347048 0.1672787 0.1999594 0.1322135 0.1609589 0.1544564 0.1330305 0.1231883 0.2405707 0.1744820 0.2277061 0.1994731 0.2004187 0.1760479 0.1782718 0.1370194 0.2042459 0.2428427 0.2031077 0.2137655 0.2287532 0.0000000 0.1944961 0.1941128 0.1288113 0.1856064 0.1835609 0.1574567 0.2091897 0.1226498 0.1317530 0.1821806 0.1988386 0.1967503 0.1879350 0.1850677 0.2542730 0.2457240 0.1067302 0.1197179 0.1197889 0.1257851 0.1943977 0.1584630 0.1644857 0.1073666 0.2435344 0.2314394 0.2644187 0.1954814 0.2154906 0.0765332 0.2347836 0.1926851 0.2652538 0.1270133 0.1277917 0.1590852 0.0658697 0.1897567 0.1934839 0.3014820 0.2611458 0.1525188 0.1260490 0.2088744 
Perityle_gilensis_22_Superstition          0.0810926 0.1028851 0.3117864 0.1793543 0.2079194 0.1503370 0.1705279 0.1805605 0.2802678 0.0853692 0.3288074 0.2502587 0.0089077 0.0255790 0.2174648 0.2051887 0.0870669 0.1721213 0.1718746 0.0286481 0.0143450 0.1271560 0.1020156 0.0689314 0.0677456 0.1048747 0.2404643 0.2479541 0.2521310 0.1816204 0.1396506 0.2669199 0.1791470 0.0979604 0.0247965 0.3065970 0.2000546 0.2001168 0.1717099 0.1944961 0.0000000 0.0008991 0.1822538 0.2104490 0.1815430 0.0786168 0.1230562 0.1641856 0.2046821 0.1613398 0.0880383 0.0243353 0.0025681 0.3140866 0.2315692 0.2700916 0.0912192 0.1259500 0.1078753 0.1688557 0.2037106 0.1597011 0.1564035 0.0873529 0.3068089 0.1974798 0.2755440 0.2051057 0.3262841 0.0114643 0.2263468 0.0096327 0.2484796 0.1743981 0.1415344 0.0377638 0.0617864 0.2403725 0.2288183 0.1623950 0.2710498 0.1425483 0.1410516 0.2062114 
Perityle_gilensis_salensis_225             0.0760562 0.1026285 0.3069777 0.1697925 0.1907333 0.0891230 0.1586137 0.1819838 0.2810124 0.0851214 0.3291012 0.2434978 0.0118027 0.0293486 0.2191640 0.2060479 0.0931492 0.1723778 0.1755428 0.0328473 0.0172916 0.1281927 0.1020156 0.0428322 0.0716786 0.1099012 0.2566412 0.1775165 0.2066137 0.1873891 0.1291597 0.2588458 0.1770909 0.0979302 0.0264924 0.2556174 0.1755838 0.2019110 0.1724081 0.1941128 0.0008991 0.0000000 0.1451149 0.1502325 0.1309593 0.0646064 0.1258322 0.1252398 0.1398510 0.1514567 0.0883061 0.0129187 0.0056225 0.2837262 0.2335386 0.2595893 0.0906087 0.1275005 0.1104269 0.1164732 0.2050981 0.1592527 0.1554430 0.0874802 0.2284841 0.1993510 0.2738565 0.2087546 0.3196133 0.0153294 0.2307660 0.0125821 0.2518467 0.1275509 0.1262450 0.0410007 0.0616476 0.2414387 0.1928542 0.1760106 0.2918586 0.1422306 0.1256777 0.2015451 
Perityle_gracilis_11                       0.0811982 0.0874980 0.1969009 0.1982315 0.2565062 0.1754869 0.2287287 0.1766733 0.3818527 0.1493613 0.3940815 0.2843834 0.1434913 0.1893512 0.1935865 0.1262360 0.1872983 0.1278044 0.1804795 0.0882677 0.1351282 0.0053200 0.1806001 0.1552670 0.0460658 0.0034304 0.2375856 0.1490852 0.1826973 0.2097982 0.0929327 0.1535723 0.2121551 0.1617569 0.1867179 0.2743901 0.1729831 0.2212610 0.1887844 0.1288113 0.1822538 0.1451149 0.0000000 0.1524632 0.1179914 0.0713683 0.1922640 0.0086502 0.0056838 0.1133220 0.1474179 0.1652843 0.1712927 0.1515571 0.2348381 0.1923698 0.0806354 0.1018116 0.0099709 0.0076867 0.1547099 0.1538592 0.1259710 0.0897099 0.2221716 0.1743189 0.2371347 0.1766867 0.2006567 0.0593723 0.2254627 0.1774736 0.2702448 0.0096117 0.0058527 0.0813925 0.0000010 0.1884642 0.1560867 0.2311491 0.2966884 0.1287445 0.0094955 0.1859758 
Perityle_harkerae_31                       0.0758776 0.0878201 0.2654454 0.1752229 0.3269481 0.2144866 0.1723407 0.1632268 0.2398446 0.1666454 0.2971757 0.3498547 0.1495526 0.2389724 0.2333735 0.1970931 0.1808535 0.1269396 0.0862923 0.1205093 0.1435151 0.1401280 0.0430108 0.2086631 0.1389869 0.1275837 0.3737329 0.1341088 0.1893870 0.2058469 0.1782383 0.2225360 0.2649816 0.1193867 0.2082575 0.3575359 0.0221417 0.1903769 0.1812895 0.1856064 0.2104490 0.1502325 0.1524632 0.0000000 0.1228182 0.1234481 0.1864144 0.1374212 0.1479462 0.1094046 0.1713300 0.2283018 0.1957231 0.2244859 0.2576540 0.2142367 0.1038061 0.0961340 0.1098780 0.1312517 0.1814237 0.1689044 0.1512779 0.1084471 0.2664196 0.1933899 0.3178633 0.1992373 0.3179011 0.0689263 0.2752046 0.1952595 0.3408756 0.1388169 0.1341600 0.1192319 0.1116451 0.2337019 0.1558133 0.3415343 0.4054280 0.1661946 0.1422501 0.2900837 
Perityle_hofmeisteria_4_nombre_de_dios     0.0945098 0.1226326 0.2269334 0.1848311 0.2555420 0.1594520 0.2036714 0.1908331 0.2788242 0.1293013 0.3325552 0.3687471 0.1363077 0.1894635 0.2268857 0.1875114 0.1847218 0.1115396 0.1829980 0.0841844 0.1329138 0.1185609 0.1065907 0.1780012 0.1054109 0.1022954 0.3452136 0.1508401 0.1476396 0.2481756 0.1929489 0.1965570 0.2221339 0.1378233 0.1829226 0.3411262 0.1354945 0.2150372 0.0558244 0.1835609 0.1815430 0.1309593 0.1179914 0.1228182 0.0000000 0.0967210 0.2117931 0.1091511 0.1198102 0.0863952 0.1362776 0.1721662 0.1619723 0.2111964 0.2727587 0.1971328 0.0998097 0.1222625 0.1000344 0.1066556 0.1304525 0.1425629 0.1099892 0.1040356 0.3643259 0.1412794 0.2831341 0.1584803 0.2683744 0.0703961 0.2935675 0.1616892 0.3243575 0.1087177 0.1096980 0.0964720 0.0807070 0.1707214 0.1620062 0.2926507 0.4032347 0.1311282 0.1174227 0.2722016 
