85
Amauria_brandeegeana_62                    0.0000000 0.0558457 0.0318128 0.2526328 0.1221485 0.2080949 0.2638922 0.1718715 0.1855163 0.0350702 0.1342107 0.1582604 0.1309134 0.1439728 0.1740647 0.0661670 0.3122631 0.1400644 0.1661618 0.1473930 0.1479435 0.1581251 0.1351459 0.1237937 0.1219650 0.1433305 0.2759211 0.1385102 0.1373135 0.1957449 0.2110778 0.0750534 0.1405447 0.0313511 0.1177443 0.0377217 0.1477885 0.1437110 0.1811646 0.0730924 0.1169798 0.1205730 0.1379529 0.1361047 0.1550184 0.1574540 0.1369730 0.1148915 0.1199538 0.1268500 0.1436889 0.3086641 0.1538855 0.1137021 0.3569175 0.1485131 0.1440047 0.0951198 0.0873870 0.1882646 0.1222585 0.1675714 0.1258129 0.1194513 0.3568901 0.1218297 0.1395385 0.1991819 0.1589820 0.1392347 0.1717751 0.1374833 0.1236831 0.2422178 0.1171164 0.1693711 0.1418890 0.2909336 0.1580895 0.1553340 0.1350264 0.1288310 0.2020538 0.1186290 0.2214243 
Amauria_carterae_99_mesa                   0.0558457 0.0000000 0.0361860 0.1667233 0.1307373 0.2029031 0.1824142 0.1367935 0.1729396 0.0397553 0.1515658 0.1193670 0.1215154 0.1364439 0.1596592 0.0488245 0.3635081 0.1395925 0.1576819 0.1323437 0.1417821 0.1189092 0.1201979 0.1226944 0.1219460 0.1279518 0.1297418 0.0937968 0.1346546 0.1693640 0.2012717 0.0545868 0.1397492 0.0400590 0.1138328 0.0328391 0.1458836 0.1369208 0.1749282 0.0510522 0.1159291 0.1122678 0.1362739 0.1143304 0.1430667 0.1577905 0.1425127 0.1024132 0.1142765 0.1196013 0.1364055 0.1926092 0.1122220 0.1128779 0.1788666 0.1194977 0.1274455 0.0781161 0.0475069 0.1509219 0.1225219 0.1232262 0.1042206 0.1140983 0.1402859 0.1249005 0.1436589 0.1109294 0.1490599 0.1286252 0.1399273 0.1302099 0.1218379 0.1997219 0.1199374 0.1449886 0.1321637 0.1435697 0.1527144 0.1515456 0.1275618 0.1413041 0.1477730 0.1165415 0.1260139 
Amauria_rotundifolia_SRR9119150            0.0318128 0.0361860 0.0000000 0.2566937 0.1227471 0.2152607 0.2640605 0.1646568 0.1891234 0.0251298 0.1556966 0.1443806 0.1278629 0.1461422 0.1651157 0.0804732 0.3124406 0.1385465 0.1492958 0.1388831 0.1441003 0.1637171 0.1310292 0.1435042 0.1205217 0.1535893 0.3036738 0.1400722 0.1393521 0.1788506 0.2005195 0.0787359 0.1528868 0.0224229 0.1139128 0.0380555 0.1701190 0.1393030 0.1733677 0.0880940 0.1171575 0.1250747 0.1375698 0.1302203 0.1472547 0.1666452 0.1568333 0.1128139 0.1395950 0.1483108 0.1462877 0.3805914 0.1542846 0.1156832 0.3489143 0.1384624 0.1505231 0.0990247 0.0854319 0.1814037 0.1421901 0.1512897 0.1167126 0.1151309 0.3409434 0.1434820 0.1363990 0.1922598 0.1563659 0.1467103 0.1558299 0.1594752 0.1416045 0.2430723 0.1185216 0.1615936 0.1549308 0.2626482 0.1657927 0.1798367 0.1533585 0.1308358 0.1834153 0.1355493 0.2500704 
Conoclinium_coelestinum_SRR9119114         0.2526328 0.1667233 0.2566937 0.0000000 0.2323472 0.3606085 0.0966625 0.2157661 0.2654236 0.2430408 0.2540996 0.2341377 0.2357503 0.2425563 0.3036900 0.2568519 0.4732216 0.2508052 0.2421234 0.2678462 0.2774606 0.2320302 0.2415854 0.2333500 0.2211380 0.2221320 0.3066397 0.1743307 0.2342978 0.3134151 0.3515606 0.2232822 0.2468096 0.2579695 0.2177103 0.2278172 0.2520102 0.2772009 0.2995607 0.2524067 0.2259700 0.2113415 0.2330981 0.2234422 0.2436806 0.2506510 0.2456739 0.2743927 0.2370650 0.2276140 0.2330609 0.2621188 0.2231920 0.2250990 0.4324798 0.2213932 0.2384935 0.1896001 0.2956192 0.3062954 0.2415118 0.2665542 0.1223652 0.2242188 0.3654443 0.2286874 0.2426188 0.2551048 0.2533432 0.2457069 0.2798625 0.2400915 0.2297719 0.3475552 0.2286108 0.3014294 0.2451584 0.3738508 0.2682849 0.2346304 0.2339407 0.2398627 0.2745757 0.2307885 0.2420764 
Eutetras_palmeri_63                        0.1221485 0.1307373 0.1227471 0.2323472 0.0000000 0.1691261 0.2108337 0.0873982 0.1475447 0.1122455 0.0470223 0.0563392 0.0513691 0.0558945 0.0444807 0.1182329 0.2628127 0.0484092 0.0663906 0.0457413 0.0372624 0.0571682 0.0627812 0.0550908 0.0518343 0.0548013 0.1473178 0.1276355 0.0597370 0.0656527 0.0899938 0.1004813 0.0699326 0.1190824 0.0368322 0.1019783 0.0586098 0.0364859 0.0659022 0.1107396 0.0486494 0.0490716 0.0587330 0.0477895 0.0529611 0.0764917 0.0625003 0.0957430 0.0486482 0.0496930 0.0556064 0.2112652 0.0647388 0.0411044 0.2232138 0.0352116 0.0458310 0.1281432 0.1390087 0.0429617 0.0501037 0.0531691 0.0249651 0.0372341 0.1899701 0.0521129 0.0613499 0.0854803 0.0738270 0.0438257 0.0481115 0.0596660 0.0539644 0.1619654 0.0402538 0.0472152 0.0570481 0.1744790 0.0690932 0.0682922 0.0508534 0.0607176 0.0782466 0.0476675 0.0850260 
Eutetras_pringlei_149_quer                 0.2080949 0.2029031 0.2152607 0.3606085 0.1691261 0.0000000 0.3402851 0.2130303 0.2914573 0.1928563 0.2124120 0.1882450 0.2009667 0.1992661 0.1851793 0.2214022 0.2447979 0.1971215 0.2357165 0.1916361 0.1877069 0.1887855 0.1250759 0.1934116 0.1939005 0.2119648 0.2168257 0.2226099 0.1953468 0.2012469 0.2443155 0.2017111 0.2011901 0.1905075 0.1975373 0.1977919 0.2059892 0.1776375 0.2242620 0.2217024 0.1919234 0.1834379 0.2067274 0.1945118 0.1824147 0.2373776 0.2041683 0.1446255 0.1960069 0.1955329 0.2009076 0.0993268 0.1925379 0.1826638 0.1981549 0.1808028 0.1681937 0.2076857 0.1987712 0.1848951 0.1967108 0.1456951 0.1795929 0.1616950 0.1900116 0.2058315 0.1898176 0.1715134 0.2255628 0.2032500 0.1793582 0.1965784 0.1967870 0.2437826 0.1808761 0.1834035 0.2054728 0.2359516 0.2284089 0.2293087 0.2157302 0.2097079 0.1932417 0.1896705 0.1989372 
Eutrochium_fistulosum_SRR9119106           0.2638922 0.1824142 0.2640605 0.0966625 0.2108337 0.3402851 0.0000000 0.1400294 0.2613992 0.2515997 0.2446802 0.2257076 0.2262055 0.2331571 0.2581787 0.2611231 0.4426337 0.2464801 0.1962475 0.2299323 0.2367090 0.2201093 0.2357869 0.2241975 0.2179617 0.1995234 0.2834820 0.1615536 0.2360982 0.2740397 0.2958432 0.2156421 0.2379430 0.2599976 0.2113185 0.2370293 0.2437073 0.2395928 0.2833864 0.2643732 0.2139265 0.2054474 0.2310096 0.2183265 0.2289605 0.2714252 0.2428939 0.2408788 0.2257018 0.2232115 0.2243827 0.2737058 0.2245736 0.2128665 0.3707370 0.2176711 0.2336554 0.1719595 0.2638898 0.2653784 0.2283414 0.2368256 0.0906873 0.2114569 0.2503139 0.2216008 0.2411190 0.2043454 0.2461965 0.2245731 0.2432099 0.2340842 0.2219778 0.2644729 0.2191448 0.2519691 0.2323064 0.2845110 0.2384920 0.2162294 0.2261025 0.2347899 0.2545179 0.2275644 0.2180641 
Galeana_pratensis_104_mex                  0.1718715 0.1367935 0.1646568 0.2157661 0.0873982 0.2130303 0.1400294 0.0000000 0.1747720 0.1585469 0.0928755 0.0767701 0.0812966 0.0712062 0.0685967 0.1561948 0.0958691 0.0899853 0.1014948 0.0683527 0.0663055 0.0636394 0.0683499 0.0761062 0.0720670 0.0823355 0.1819969 0.1350677 0.0880966 0.0855084 0.1129881 0.1355987 0.0811240 0.1635041 0.0704316 0.1398789 0.0921240 0.0687347 0.0863019 0.1445064 0.0695004 0.0609515 0.0806543 0.0740239 0.0880390 0.0952437 0.0835041 0.1079163 0.0726222 0.0749901 0.0868758 0.1818222 0.0793638 0.0606799 0.1489384 0.0628556 0.0860246 0.1173360 0.1361619 0.0762083 0.0733212 0.0823135 0.0431993 0.0678120 0.1624298 0.0898538 0.0955103 0.0675771 0.1132415 0.0734046 0.0675025 0.0805404 0.0714268 0.1022502 0.0678729 0.0772612 0.0817088 0.1300168 0.1020793 0.0968691 0.0745314 0.0974769 0.0892617 0.0705792 0.0921942 
Helianthus_annuus_SRR9119062               0.1855163 0.1729396 0.1891234 0.2654236 0.1475447 0.2914573 0.2613992 0.1747720 0.0000000 0.1791627 0.1776481 0.1607549 0.1624260 0.1637912 0.1868915 0.1809006 0.3263735 0.1737312 0.1685901 0.1631625 0.1701036 0.1533792 0.1772026 0.1656225 0.1551086 0.1624956 0.2641763 0.1662882 0.1610982 0.1936746 0.2233017 0.1693499 0.1770858 0.1831930 0.1520297 0.1695139 0.1735054 0.1733322 0.1776506 0.1767311 0.1552647 0.1536846 0.1675633 0.1626681 0.1675788 0.1860903 0.1741103 0.1842287 0.1589759 0.1640471 0.1684257 0.2776916 0.1618302 0.1492729 0.3046043 0.1540865 0.1521821 0.1926920 0.2227445 0.2033901 0.1614834 0.1960050 0.1406530 0.1531521 0.2858506 0.1577259 0.1734438 0.1510659 0.1714567 0.1602525 0.1805715 0.1649805 0.1638432 0.1962220 0.1567096 0.1888435 0.1686712 0.2829399 0.1791034 0.1734587 0.1594991 0.1619370 0.1965559 0.1585567 0.2100549 
Lycapsus_tenuifolius_17                    0.0350702 0.0397553 0.0251298 0.2430408 0.1122455 0.1928563 0.2515997 0.1585469 0.1791627 0.0000000 0.1615978 0.1128215 0.1140299 0.1314496 0.1523159 0.0753787 0.2684287 0.1251862 0.1351639 0.1198025 0.1266041 0.1213829 0.1297366 0.1615542 0.1139381 0.1440053 0.3184477 0.1074884 0.1506063 0.1706127 0.1784297 0.0617085 0.1448563 0.0000010 0.1017580 0.0308929 0.1587932 0.1230655 0.1514208 0.0781003 0.1143774 0.1145319 0.1221784 0.1240421 0.1342386 0.1751249 0.1511274 0.0955557 0.1409201 0.1529910 0.1313984 0.3583029 0.1064126 0.1064043 0.3334668 0.1281186 0.1546847 0.0868432 0.0741767 0.1707814 0.1585113 0.1438967 0.1193319 0.0937560 0.3341751 0.1380071 0.1231535 0.1370219 0.1312744 0.1241786 0.1555812 0.1810201 0.1607241 0.1861847 0.1035775 0.1463226 0.1530390 0.2779358 0.1545429 0.1731077 0.1728084 0.1245804 0.1731163 0.1269750 0.2562433 
Pericome_caudata_50_silver                 0.1342107 0.1515658 0.1556966 0.2540996 0.0470223 0.2124120 0.2446802 0.0928755 0.1776481 0.1615978 0.0000000 0.1192575 0.0782911 0.0908645 0.0723555 0.1539220 0.2612358 0.0703601 0.0917230 0.0766229 0.0655065 0.1133476 0.0696137 0.1173987 0.0698658 0.1015173 0.2177973 0.2049737 0.1146508 0.0905006 0.1089254 0.1097129 0.1068209 0.1445349 0.0594385 0.1261139 0.1038626 0.0615038 0.0877281 0.1455824 0.0595320 0.0824401 0.0711728 0.0665450 0.0707033 0.1283074 0.1025054 0.1083998 0.0926978 0.1072652 0.0704672 0.4015621 0.0955458 0.0577849 0.3157150 0.0603320 0.1134386 0.1414877 0.1603116 0.0613112 0.1024009 0.0662847 0.0308941 0.0692358 0.2545017 0.0960199 0.0757588 0.1365737 0.0931827 0.0797128 0.0753962 0.1419275 0.1019487 0.1680143 0.0648062 0.0728638 0.1130338 0.1864467 0.0995551 0.1319533 0.1195570 0.0708256 0.0941435 0.0834856 0.1825885 
Perityle_aglossa_84_dead_horse             0.1582604 0.1193670 0.1443806 0.2341377 0.0563392 0.1882450 0.2257076 0.0767701 0.1607549 0.1128215 0.1192575 0.0000000 0.0231445 0.0314754 0.0261379 0.1286043 0.2334939 0.0542742 0.0671690 0.0184115 0.0192469 0.0437159 0.0657866 0.0695356 0.0385371 0.0283799 0.2360247 0.1633136 0.0790094 0.0695140 0.0943847 0.1633319 0.1277319 0.1222088 0.0088146 0.0983097 0.0809933 0.0079608 0.0694041 0.1167271 0.0708762 0.0417064 0.0843779 0.0193190 0.0501196 0.1296220 0.0651973 0.0863824 0.0583862 0.0625724 0.1031681 0.3461607 0.0423352 0.0660038 0.2279671 0.0181975 0.0606184 0.1148750 0.1169310 0.0198878 0.0603032 0.0611758 0.0067907 0.0561934 0.2342664 0.0477229 0.1092499 0.0880127 0.0871468 0.0518628 0.0380391 0.0337160 0.0688749 0.2108742 0.0497066 0.0196200 0.0243616 0.1506266 0.1116191 0.0744064 0.0510850 0.0684611 0.0754110 0.0575547 0.2108409 
Perityle_ajoensis_204                      0.1309134 0.1215154 0.1278629 0.2357503 0.0513691 0.2009667 0.2262055 0.0812966 0.1624260 0.1140299 0.0782911 0.0231445 0.0000000 0.0273005 0.0210937 0.1085619 0.2154231 0.0582242 0.0655218 0.0196115 0.0192265 0.0255867 0.0691210 0.0289597 0.0240110 0.0199476 0.1887412 0.1223806 0.0669201 0.0738673 0.1021485 0.1066456 0.0797252 0.1241865 0.0099583 0.0982521 0.0647560 0.0112120 0.0753866 0.1127130 0.0205985 0.0177197 0.0580614 0.0038092 0.0526874 0.0854444 0.0420576 0.0844244 0.0057058 0.0074356 0.0561425 0.3246761 0.0438890 0.0107774 0.2193446 0.0167382 0.0614964 0.1192260 0.1169858 0.0038980 0.0047546 0.0639462 0.0202588 0.0526701 0.2333855 0.0184794 0.0696151 0.0622966 0.0900194 0.0500685 0.0448225 0.0288235 0.0271438 0.1666121 0.0031315 0.0048131 0.0220750 0.1437630 0.0858216 0.0721942 0.0277472 0.0320605 0.0823801 0.0028548 0.1554426 
Perityle_ambrosiifolia_67_green            0.1439728 0.1364439 0.1461422 0.2425563 0.0558945 0.1992661 0.2331571 0.0712062 0.1637912 0.1314496 0.0908645 0.0314754 0.0273005 0.0000000 0.0144503 0.1236771 0.2036297 0.0664638 0.0711766 0.0158454 0.0094958 0.0444799 0.0491872 0.0296185 0.0221323 0.0284226 0.2070914 0.1389504 0.0806537 0.0779333 0.1033297 0.1133492 0.0900683 0.1388544 0.0132637 0.1116653 0.0749569 0.0159617 0.0780522 0.1309054 0.0182786 0.0188684 0.0606319 0.0283931 0.0587435 0.0939098 0.0400830 0.0946142 0.0287618 0.0333376 0.0592996 0.3668043 0.0398700 0.0174724 0.2241330 0.0165934 0.0745559 0.1362661 0.1307532 0.0278094 0.0307032 0.0641808 0.0207305 0.0597583 0.2323706 0.0310589 0.0761962 0.0607237 0.0939522 0.0610977 0.0207692 0.0276280 0.0269183 0.1676368 0.0170256 0.0276351 0.0323215 0.1622010 0.1003383 0.0850705 0.0284506 0.0282062 0.0808685 0.0298189 0.1806194 
Perityle_angustifolia_13_Eagle_creek       0.1740647 0.1596592 0.1651157 0.3036900 0.0444807 0.1851793 0.2581787 0.0685967 0.1868915 0.1523159 0.0723555 0.0261379 0.0210937 0.0144503 0.0000000 0.1409372 0.0656328 0.0636088 0.0806790 0.0048700 0.0064976 0.0114610 0.0390433 0.0243738 0.0146782 0.0237605 0.1795446 0.1387471 0.0674925 0.0732615 0.1041487 0.1270534 0.0787641 0.1618126 0.0083457 0.1313815 0.0588122 0.0102242 0.0738843 0.1383071 0.0118040 0.0100310 0.0531856 0.0202842 0.0524012 0.0798510 0.0276672 0.0994502 0.0178407 0.0242270 0.0564243 0.2339977 0.0133104 0.0049196 0.1600515 0.0056722 0.0550858 0.1274224 0.1231143 0.0199515 0.0193925 0.0531738 0.0172968 0.0423510 0.1980490 0.0265367 0.0707892 0.0082868 0.0839902 0.0555102 0.0186053 0.0143952 0.0227900 0.0851026 0.0066503 0.0211581 0.0258921 0.1537770 0.0803903 0.0659610 0.0191430 0.0322969 0.0710591 0.0194868 0.0960812 
Perityle_batopilensis_97                   0.0661670 0.0488245 0.0804732 0.2568519 0.1182329 0.2214022 0.2611231 0.1561948 0.1809006 0.0753787 0.1539220 0.1286043 0.1085619 0.1236771 0.1409372 0.0000000 0.2951036 0.1352403 0.1527297 0.1153348 0.1228607 0.1558098 0.1279719 0.1372602 0.1045843 0.1283780 0.2798983 0.1033395 0.1402114 0.1778890 0.2116620 0.0705785 0.1417508 0.0604304 0.1054762 0.0541190 0.1481907 0.1272084 0.1546361 0.0268183 0.1033285 0.1058846 0.1237731 0.1180064 0.1303867 0.1601125 0.1417577 0.1010289 0.1331983 0.1403674 0.1330042 0.3933686 0.1446279 0.0999707 0.3265161 0.1253722 0.1525867 0.0708086 0.0705468 0.1678263 0.1358297 0.1617104 0.1240409 0.1034682 0.3312640 0.1291584 0.1220198 0.1762368 0.1348735 0.1270730 0.1446833 0.1621430 0.1334560 0.2434055 0.1022367 0.1476969 0.1458871 0.2658689 0.1451216 0.1722155 0.1437772 0.1183740 0.1791411 0.1218239 0.2552734 
Perityle_bisetosa_9                        0.3122631 0.3635081 0.3124406 0.4732216 0.2628127 0.2447979 0.4426337 0.0958691 0.3263735 0.2684287 0.2612358 0.2334939 0.2154231 0.2036297 0.0656328 0.2951036 0.0000000 0.2523723 0.2198145 0.1074871 0.1129586 0.2203662 0.0357774 0.2270074 0.2208290 0.2277187 0.4159242 0.3334415 0.2561940 0.1797435 0.1628330 0.3216915 0.2680825 0.2939036 0.1829163 0.2635678 0.2655586 0.0995863 0.1564323 0.2584717 0.2507532 0.2223713 0.2533463 0.2839709 0.2455369 0.2723509 0.2296277 0.1537873 0.2255513 0.2320702 0.2859351 0.2138408 0.2301037 0.2214815 0.2779305 0.2150342 0.2161227 0.1587158 0.1576512 0.0968001 0.2278444 0.0855959 0.0695281 0.2053371 0.2884789 0.2353537 0.2591890 0.2286493 0.2616566 0.2010683 0.0709392 0.2068816 0.2260466 0.3000416 0.2216246 0.1298127 0.2248113 0.2005848 0.2692488 0.2506823 0.2245164 0.2350527 0.1084143 0.2257291 0.3483110 
Perityle_californica_76_positas            0.1400644 0.1395925 0.1385465 0.2508052 0.0484092 0.1971215 0.2464801 0.0899853 0.1737312 0.1251862 0.0703601 0.0542742 0.0582242 0.0664638 0.0636088 0.1352403 0.2523723 0.0000000 0.0797352 0.0593145 0.0496106 0.0472130 0.0765066 0.0623103 0.0575089 0.0636000 0.1550742 0.1270602 0.0647520 0.0593163 0.0885323 0.1063436 0.0822321 0.1366469 0.0494139 0.1192565 0.0678170 0.0481350 0.0808057 0.1342857 0.0532309 0.0506740 0.0650962 0.0546331 0.0648409 0.0820745 0.0693256 0.1092063 0.0555537 0.0565788 0.0641372 0.2525526 0.0488921 0.0461798 0.2225154 0.0514010 0.0537027 0.1448290 0.1565059 0.0593211 0.0573206 0.0729495 0.0213311 0.0437723 0.2122210 0.0617669 0.0674483 0.0803798 0.0883909 0.0582615 0.0602803 0.0658390 0.0612607 0.1264823 0.0482412 0.0587910 0.0622267 0.1832094 0.0841177 0.0693002 0.0628936 0.0669245 0.0882558 0.0532910 0.0849351 
Perityle_canescens_77                      0.1661618 0.1576819 0.1492958 0.2421234 0.0663906 0.2357165 0.1962475 0.1014948 0.1685901 0.1351639 0.0917230 0.0671690 0.0655218 0.0711766 0.0806790 0.1527297 0.2198145 0.0797352 0.0000000 0.0709537 0.0676482 0.0565790 0.0848461 0.0801282 0.0724375 0.0745245 0.2266237 0.1335160 0.0751703 0.0830453 0.1185352 0.1169790 0.0885159 0.1471249 0.0575614 0.1388683 0.0715582 0.0689003 0.0752796 0.1463661 0.0707044 0.0639844 0.0614623 0.0531038 0.0630046 0.0784923 0.0796731 0.1239348 0.0623703 0.0666465 0.0682008 0.2061374 0.0652644 0.0622802 0.2611550 0.0547590 0.0717496 0.1672722 0.1763464 0.0665200 0.0623491 0.0740436 0.0497420 0.0528687 0.2902132 0.0682067 0.0834356 0.0666629 0.0806653 0.0490158 0.0846808 0.0793074 0.0770491 0.0915838 0.0593200 0.0682157 0.0667962 0.1835608 0.0727622 0.0766174 0.0725731 0.0807150 0.0959682 0.0607605 0.1682187 
Perityle_castillonii_96                    0.1473930 0.1323437 0.1388831 0.2678462 0.0457413 0.1916361 0.2299323 0.0683527 0.1631625 0.1198025 0.0766229 0.0184115 0.0196115 0.0158454 0.0048700 0.1153348 0.1074871 0.0593145 0.0709537 0.0000000 0.0082783 0.0111182 0.0357448 0.0232959 0.0152503 0.0215742 0.2276766 0.1141396 0.0718049 0.0735164 0.1002437 0.1107427 0.0791011 0.1332164 0.0092148 0.1065824 0.0611461 0.0129901 0.0692365 0.1183497 0.0120199 0.0100209 0.0518253 0.0229858 0.0463713 0.0864458 0.0360672 0.0875780 0.0159564 0.0231998 0.0498353 0.2834802 0.0164313 0.0070537 0.1793635 0.0082782 0.0624793 0.1181489 0.1170523 0.0263904 0.0184395 0.0598067 0.0207307 0.0531406 0.2306380 0.0224148 0.0753139 0.0163831 0.0783707 0.0525904 0.0237834 0.0132656 0.0221762 0.0823760 0.0068323 0.0233025 0.0245677 0.1603962 0.0799561 0.0689836 0.0218277 0.0268226 0.0793174 0.0184302 0.1705644 
Perityle_cernua_84                         0.1479435 0.1417821 0.1441003 0.2774606 0.0372624 0.1877069 0.2367090 0.0663055 0.1701036 0.1266041 0.0655065 0.0192469 0.0192265 0.0094958 0.0064976 0.1228607 0.1129586 0.0496106 0.0676482 0.0082783 0.0000000 0.0096634 0.0497827 0.0178206 0.0096214 0.0170695 0.1834364 0.1207283 0.0641103 0.0709811 0.1033519 0.1162524 0.0692928 0.1440648 0.0028065 0.1117330 0.0537452 0.0048415 0.0714984 0.1208138 0.0061603 0.0056094 0.0476371 0.0182114 0.0461473 0.0791351 0.0206281 0.0929272 0.0150950 0.0191237 0.0497535 0.2215319 0.0112113 0.0014428 0.1716925 0.0034196 0.0537758 0.1257363 0.1155542 0.0201230 0.0164747 0.0538767 0.0138807 0.0401739 0.2110688 0.0195334 0.0670551 0.0112500 0.0711314 0.0452591 0.0141500 0.0190711 0.0164750 0.0775422 0.0056282 0.0182031 0.0191479 0.1565776 0.0676198 0.0582071 0.0162332 0.0231198 0.0716178 0.0164544 0.1287691 
Perityle_cfvillosa_25_tin                  0.1581251 0.1189092 0.1637171 0.2320302 0.0571682 0.1887855 0.2201093 0.0636394 0.1533792 0.1213829 0.1133476 0.0437159 0.0255867 0.0444799 0.0114610 0.1558098 0.2203662 0.0472130 0.0565790 0.0111182 0.0096634 0.0000000 0.0569235 0.0552406 0.0520455 0.0382432 0.2354208 0.1637082 0.1023134 0.0628721 0.0926009 0.1351596 0.1118935 0.1173455 0.0044473 0.0939724 0.1128867 0.0016009 0.0672725 0.1261052 0.0523559 0.0452749 0.0839673 0.0276118 0.0558003 0.1183667 0.0665298 0.0805832 0.0356395 0.0400399 0.0840136 0.3801126 0.0331075 0.0437796 0.2151216 0.0055945 0.0737864 0.1184948 0.1137533 0.0000010 0.0393870 0.0511721 0.0069612 0.0507816 0.2258128 0.0459753 0.0941413 0.0639696 0.1007745 0.0554569 0.0285889 0.0602699 0.0536279 0.1796746 0.0371119 0.0016258 0.0316303 0.1392199 0.1209309 0.1118282 0.0706446 0.0602845 0.0719382 0.0366820 0.2094842 
Perityle_cinerea_113_Powell1310            0.1351459 0.1201979 0.1310292 0.2415854 0.0627812 0.1250759 0.2357869 0.0683499 0.1772026 0.1297366 0.0696137 0.0657866 0.0691210 0.0491872 0.0390433 0.1279719 0.0357774 0.0765066 0.0848461 0.0357448 0.0497827 0.0569235 0.0000000 0.0567514 0.0550572 0.0594356 0.0619682 0.0873850 0.0725123 0.0767138 0.1205302 0.1198893 0.0967686 0.1311920 0.0532574 0.1215853 0.0889680 0.0505447 0.1065842 0.1160749 0.0432300 0.0427897 0.0737733 0.0705902 0.0723335 0.0904004 0.0634959 0.0589411 0.0654705 0.0710679 0.0762458 0.1814816 0.0529520 0.0431042 0.0572235 0.0433425 0.0628824 0.0803462 0.1420314 0.0655743 0.0659803 0.0528122 0.0346733 0.0639007 0.0625352 0.0756906 0.0827556 0.0444060 0.0991835 0.0798818 0.0580941 0.0347138 0.0544990 0.0959653 0.0477481 0.0668926 0.0760971 0.0585045 0.1018939 0.0912137 0.0540808 0.0646364 0.0647795 0.0652478 0.0539689 
Perityle_coahuilensis_24                   0.1237937 0.1226944 0.1435042 0.2333500 0.0550908 0.1934116 0.2241975 0.0761062 0.1656225 0.1615542 0.1173987 0.0695356 0.0289597 0.0296185 0.0243738 0.1372602 0.2270074 0.0623103 0.0801282 0.0232959 0.0178206 0.0552406 0.0567514 0.0000000 0.0124685 0.0290786 0.1782305 0.1900708 0.1181957 0.0864153 0.1168518 0.0998303 0.1034976 0.1307184 0.0154821 0.0978963 0.0940676 0.0210326 0.0830442 0.1348078 0.0048337 0.0104217 0.0617905 0.0283790 0.0578868 0.1358937 0.0350793 0.0912521 0.0248801 0.0567655 0.0561155 0.3892783 0.0537884 0.0167271 0.2931609 0.0209832 0.1203167 0.1311606 0.1177520 0.0445039 0.0324800 0.0621080 0.0238546 0.0672986 0.2461883 0.0477449 0.0683585 0.0835552 0.0864265 0.0713478 0.0351367 0.0839614 0.0024605 0.1784236 0.0189259 0.0380446 0.0323141 0.1718729 0.0960658 0.1256203 0.0742613 0.0296657 0.0734180 0.0301585 0.1583077 
Perityle_cochisensis_44_cave_creek         0.1219650 0.1219460 0.1205217 0.2211380 0.0518343 0.1939005 0.2179617 0.0720670 0.1551086 0.1139381 0.0698658 0.0385371 0.0240110 0.0221323 0.0146782 0.1045843 0.2208290 0.0575089 0.0724375 0.0152503 0.0096214 0.0520455 0.0550572 0.0124685 0.0000000 0.0228267 0.1645041 0.1351181 0.0628152 0.0769145 0.1103082 0.1065193 0.0769037 0.1277909 0.0088976 0.0985305 0.0638492 0.0113497 0.0746906 0.1125577 0.0066617 0.0078338 0.0585969 0.0220787 0.0519158 0.0816317 0.0264983 0.0872983 0.0205587 0.0243286 0.0563773 0.2716557 0.0474604 0.0116627 0.2237112 0.0126340 0.0593942 0.1211557 0.1129053 0.0284396 0.0225678 0.0542741 0.0174127 0.0426649 0.2414055 0.0217742 0.0655114 0.0791302 0.0821376 0.0472138 0.0213901 0.0256965 0.0115434 0.1742851 0.0124552 0.0249525 0.0259344 0.1577735 0.0799660 0.0685612 0.0251818 0.0282918 0.0691091 0.0195574 0.1272288 
Perityle_congesta_202                      0.1433305 0.1279518 0.1535893 0.2221320 0.0548013 0.2119648 0.1995234 0.0823355 0.1624956 0.1440053 0.1015173 0.0283799 0.0199476 0.0284226 0.0237605 0.1283780 0.2277187 0.0636000 0.0745245 0.0215742 0.0170695 0.0382432 0.0594356 0.0290786 0.0228267 0.0000000 0.1923451 0.1403437 0.0922547 0.0850946 0.1189068 0.1114345 0.0956047 0.1353022 0.0091237 0.1085638 0.0967313 0.0150407 0.0753651 0.1361487 0.0153528 0.0240678 0.0623402 0.0146400 0.0584456 0.0995912 0.0414165 0.0971598 0.0208063 0.0234105 0.0611001 0.3703307 0.0389055 0.0180037 0.1940425 0.0158521 0.0867117 0.1314638 0.1305325 0.0252362 0.0208555 0.0717770 0.0206450 0.0640815 0.2266262 0.0288181 0.0751582 0.0593325 0.0956859 0.0692627 0.0275118 0.0509794 0.0273631 0.1710636 0.0108894 0.0221952 0.0308096 0.1069273 0.1057095 0.1043491 0.0446112 0.0290841 0.0948290 0.0192130 0.1985031 
Perityle_cordifolia_27                     0.2759211 0.1297418 0.3036738 0.3066397 0.1473178 0.2168257 0.2834820 0.1819969 0.2641763 0.3184477 0.2177973 0.2360247 0.1887412 0.2070914 0.1795446 0.2798983 0.4159242 0.1550742 0.2266237 0.2276766 0.1834364 0.2354208 0.0619682 0.1782305 0.1645041 0.1923451 0.0000000 0.3222114 0.2236410 0.1561530 0.2239659 0.2006510 0.2419731 0.2553211 0.1577879 0.2636356 0.2419526 0.1538453 0.2563173 0.3044286 0.1070609 0.1895885 0.1905430 0.0839422 0.1565091 0.2330664 0.2068422 0.2931749 0.1800917 0.1858971 0.1478353 0.5815962 0.1706562 0.1180911 0.1319211 0.0932659 0.2403733 0.2542246 0.3150649 0.1149063 0.1775271 0.1318620 0.0238574 0.2268635 0.2892889 0.1785027 0.1850710 0.2594464 0.2493071 0.2490861 0.1101698 0.2033038 0.1757478 0.2952352 0.1375547 0.1472954 0.2102028 0.2005517 0.2333118 0.2586866 0.2008105 0.1545160 0.1785861 0.1831963 0.2307147 
Perityle_cordifolia_68_tecolote            0.1385102 0.0937968 0.1400722 0.1743307 0.1276355 0.2226099 0.1615536 0.1350677 0.1662882 0.1074884 0.2049737 0.1633136 0.1223806 0.1389504 0.1387471 0.1033395 0.3334415 0.1270602 0.1335160 0.1141396 0.1207283 0.1637082 0.0873850 0.1900708 0.1351181 0.1403437 0.3222114 0.0000000 0.1830896 0.1453981 0.1817206 0.1439115 0.1838529 0.0949335 0.1007873 0.0787495 0.1810125 0.1106990 0.1243349 0.0800392 0.1622528 0.1600280 0.1624789 0.1248493 0.1382429 0.2095317 0.1769266 0.0682389 0.1710671 0.1770523 0.1844724 0.3956060 0.1327914 0.1495608 0.2483803 0.1196121 0.1570029 0.0397835 0.0919042 0.1372727 0.1891150 0.1227724 0.1127736 0.1017547 0.2862943 0.1704799 0.1635577 0.1826560 0.1416424 0.1143070 0.1296977 0.1910099 0.1878524 0.2702188 0.1547765 0.1325476 0.1583539 0.1722312 0.1790919 0.1802251 0.2012200 0.1572020 0.1453766 0.1626083 0.3225778 
Perityle_coronopifolia_28_patagonia        0.1373135 0.1346546 0.1393521 0.2342978 0.0597370 0.1953468 0.2360982 0.0880966 0.1610982 0.1506063 0.1146508 0.0790094 0.0669201 0.0806537 0.0674925 0.1402114 0.2561940 0.0647520 0.0751703 0.0718049 0.0641103 0.1023134 0.0725123 0.1181957 0.0628152 0.0922547 0.2236410 0.1830896 0.0000000 0.0985547 0.1222080 0.1067676 0.1083172 0.1291851 0.0559324 0.1147748 0.0886382 0.0596176 0.0678691 0.1390432 0.0522286 0.0755522 0.0597683 0.0566254 0.0559965 0.0780198 0.1031831 0.1003855 0.0995180 0.1111391 0.0607126 0.3832431 0.0921648 0.0499656 0.2227714 0.0511861 0.0331472 0.1478804 0.1580294 0.0701595 0.1127212 0.0104194 0.0070551 0.0426333 0.2647549 0.0954316 0.0046591 0.1196917 0.0822093 0.0653407 0.0828775 0.1232473 0.1158227 0.1812347 0.0517755 0.0657002 0.1145258 0.1972634 0.0856361 0.1164880 0.1068468 0.0689995 0.0232642 0.0836033 0.1991060 
Perityle_crassifolia_70_ventanas           0.1957449 0.1693640 0.1788506 0.3134151 0.0656527 0.2012469 0.2740397 0.0855084 0.1936746 0.1706127 0.0905006 0.0695140 0.0738673 0.0779333 0.0732615 0.1778890 0.1797435 0.0593163 0.0830453 0.0735164 0.0709811 0.0628721 0.0767138 0.0864153 0.0769145 0.0850946 0.1561530 0.1453981 0.0985547 0.0000000 0.0479213 0.1560775 0.0946137 0.1745457 0.0642159 0.1588087 0.0878382 0.0610435 0.0839640 0.1760810 0.0722085 0.0662544 0.0777416 0.0670871 0.0752245 0.0905129 0.0910962 0.1208062 0.0694075 0.0711664 0.0813551 0.1918981 0.0660001 0.0590292 0.1859780 0.0636147 0.0755423 0.1569231 0.1839448 0.0747294 0.0695599 0.0775984 0.0250642 0.0554117 0.1498091 0.0751494 0.0979645 0.0663182 0.0838903 0.0657655 0.0757606 0.0839086 0.0844603 0.0049521 0.0617954 0.0699369 0.0794189 0.1500703 0.0786340 0.0965521 0.0813278 0.0851856 0.0968238 0.0674068 0.0625029 
Perityle_crassifolia_74_playa_balandra     0.2110778 0.2012717 0.2005195 0.3515606 0.0899938 0.2443155 0.2958432 0.1129881 0.2233017 0.1784297 0.1089254 0.0943847 0.1021485 0.1033297 0.1041487 0.2116620 0.1628330 0.0885323 0.1185352 0.1002437 0.1033519 0.0926009 0.1205302 0.1168518 0.1103082 0.1189068 0.2239659 0.1817206 0.1222080 0.0479213 0.0000000 0.1766343 0.1332213 0.1889858 0.0942975 0.1786992 0.1177057 0.0899852 0.1146998 0.2094521 0.1041438 0.0898615 0.1108795 0.1030197 0.1076356 0.1244987 0.1272129 0.1419911 0.1003009 0.1015451 0.1064998 0.2467904 0.0954057 0.0845098 0.2261011 0.1022026 0.1073844 0.1772833 0.1996919 0.1038758 0.1024390 0.1025944 0.0368020 0.0885201 0.2233213 0.1025984 0.1195236 0.0987473 0.1190776 0.0882121 0.1106775 0.1179932 0.1138154 0.0662451 0.0958630 0.1055949 0.1085657 0.2277786 0.1110472 0.1121896 0.1112695 0.1116720 0.1241204 0.0987329 0.0991490 
Perityle_cuneata_34_cuneata_San_antonio    0.0750534 0.0545868 0.0787359 0.2232822 0.1004813 0.2017111 0.2156421 0.1355987 0.1693499 0.0617085 0.1097129 0.1633319 0.1066456 0.1133492 0.1270534 0.0705785 0.3216915 0.1063436 0.1169790 0.1107427 0.1162524 0.1351596 0.1198893 0.0998303 0.1065193 0.1114345 0.2006510 0.1439115 0.1067676 0.1560775 0.1766343 0.0000000 0.1060952 0.0599718 0.1000672 0.0600108 0.1178395 0.1115801 0.1214685 0.0644328 0.0962187 0.0996002 0.1113751 0.1080296 0.1123327 0.1186844 0.1180245 0.0780235 0.0992036 0.1041936 0.1103600 0.2064824 0.1282021 0.0970662 0.3933132 0.1090116 0.1012020 0.0713727 0.0676339 0.1401694 0.0993801 0.1234019 0.1060129 0.0746829 0.2905746 0.1048155 0.1102315 0.1776303 0.1246607 0.0939796 0.1381930 0.1126892 0.0992676 0.2057951 0.1036108 0.1271324 0.1183699 0.2373182 0.1260373 0.1174265 0.1097229 0.1141895 0.1429125 0.0999394 0.1313226 
Perityle_cuneata_4                         0.1405447 0.1397492 0.1528868 0.2468096 0.0699326 0.2011901 0.2379430 0.0811240 0.1770858 0.1448563 0.1068209 0.1277319 0.0797252 0.0900683 0.0787641 0.1417508 0.2680825 0.0822321 0.0885159 0.0791011 0.0692928 0.1118935 0.0967686 0.1034976 0.0769037 0.0956047 0.2419731 0.1838529 0.1083172 0.0946137 0.1332213 0.1060952 0.0000000 0.1452219 0.0626075 0.1199068 0.1110693 0.0676349 0.0876785 0.1386706 0.0680968 0.0849045 0.0769226 0.0714342 0.0691119 0.1201078 0.1111875 0.1055032 0.1023067 0.1095775 0.0754796 0.3796979 0.0960047 0.0665988 0.2666567 0.0566065 0.1112665 0.1364644 0.1614112 0.0887563 0.1060917 0.0859415 0.0357834 0.0623893 0.2801952 0.1021916 0.0811854 0.1285359 0.0983658 0.0792112 0.0924828 0.1403276 0.1025246 0.1898217 0.0671577 0.0759049 0.1094190 0.2208989 0.1060536 0.1240997 0.1202714 0.0745089 0.1080992 0.0938755 0.1990824 
Perityle_discoidea_81                      0.0313511 0.0400590 0.0224229 0.2579695 0.1190824 0.1905075 0.2599976 0.1635041 0.1831930 0.0000010 0.1445349 0.1222088 0.1241865 0.1388544 0.1618126 0.0604304 0.2939036 0.1366469 0.1471249 0.1332164 0.1440648 0.1173455 0.1311920 0.1307184 0.1277909 0.1353022 0.2553211 0.0949335 0.1291851 0.1745457 0.1889858 0.0599718 0.1452219 0.0000000 0.1189894 0.0340511 0.1385955 0.1302188 0.1716898 0.0683875 0.1205206 0.1184569 0.1354051 0.1274300 0.1351100 0.1525848 0.1414492 0.1123806 0.1185973 0.1229913 0.1354841 0.2325938 0.1150361 0.1182727 0.3231753 0.1313500 0.1266996 0.0913945 0.0826276 0.1748903 0.1226482 0.1490359 0.1249423 0.1040445 0.2832331 0.1254595 0.1396927 0.1207037 0.1509786 0.1337965 0.1608651 0.1344639 0.1308834 0.1725922 0.1186055 0.1479226 0.1349666 0.2810328 0.1622508 0.1432580 0.1375162 0.1454400 0.1786092 0.1186799 0.1663698 
Perityle_dissecta_201                      0.1177443 0.1138328 0.1139128 0.2177103 0.0368322 0.1975373 0.2113185 0.0704316 0.1520297 0.1017580 0.0594385 0.0088146 0.0099583 0.0132637 0.0083457 0.1054762 0.1829163 0.0494139 0.0575614 0.0092148 0.0028065 0.0044473 0.0532574 0.0154821 0.0088976 0.0091237 0.1577879 0.1007873 0.0559324 0.0642159 0.0942975 0.1000672 0.0626075 0.1189894 0.0000000 0.0924954 0.0479326 0.0015967 0.0640544 0.1002827 0.0076081 0.0067618 0.0405731 0.0028729 0.0453922 0.0668357 0.0201165 0.0838597 0.0066409 0.0087773 0.0431339 0.2527467 0.0045426 0.0071636 0.1966653 0.0057131 0.0466227 0.1170845 0.1118021 0.0102913 0.0088773 0.0542244 0.0101408 0.0298600 0.2094753 0.0066306 0.0583025 0.0372172 0.0712972 0.0339160 0.0190979 0.0198616 0.0144064 0.1216808 0.0046452 0.0100981 0.0110313 0.1401162 0.0706006 0.0533584 0.0131379 0.0175629 0.0741182 0.0066337 0.1209670 
Perityle_emoryi_47_punta_san_jose          0.0377217 0.0328391 0.0380555 0.2278172 0.1019783 0.1977919 0.2370293 0.1398789 0.1695139 0.0308929 0.1261139 0.0983097 0.0982521 0.1116653 0.1313815 0.0541190 0.2635678 0.1192565 0.1388683 0.1065824 0.1117330 0.0939724 0.1215853 0.0978963 0.0985305 0.1085638 0.2636356 0.0787495 0.1147748 0.1588087 0.1786992 0.0600108 0.1199068 0.0340511 0.0924954 0.0000000 0.1215267 0.1103337 0.1546403 0.0632518 0.0953102 0.0916646 0.1160373 0.1062541 0.1218159 0.1401641 0.1161556 0.0940512 0.0955458 0.0974742 0.1209092 0.2565916 0.0955622 0.0925583 0.3143125 0.1106184 0.1122156 0.0727772 0.0575450 0.1511502 0.0996475 0.1296789 0.1107508 0.0903872 0.3295985 0.1002834 0.1205161 0.1225950 0.1370926 0.1135535 0.1405926 0.1064822 0.0985940 0.1921261 0.0938430 0.1264973 0.1115759 0.2572098 0.1479240 0.1227555 0.1076635 0.1171352 0.1526907 0.0942843 0.1961515 
Perityle_feddemae_99                       0.1477885 0.1458836 0.1701190 0.2520102 0.0586098 0.2059892 0.2437073 0.0921240 0.1735054 0.1587932 0.1038626 0.0809933 0.0647560 0.0749569 0.0588122 0.1481907 0.2655586 0.0678170 0.0715582 0.0611461 0.0537452 0.1128867 0.0889680 0.0940676 0.0638492 0.0967313 0.2419526 0.1810125 0.0886382 0.0878382 0.1177057 0.1178395 0.1110693 0.1385955 0.0479326 0.1215267 0.0000000 0.0477285 0.0707688 0.1518434 0.0557237 0.0731521 0.0145527 0.0567092 0.0129922 0.1024834 0.1049138 0.0848377 0.0892216 0.0953900 0.0161692 0.4205080 0.0857174 0.0553944 0.2536444 0.0470254 0.0849778 0.1453319 0.1624383 0.0655552 0.0902345 0.0640287 0.0279029 0.0478812 0.2562071 0.0842486 0.0692714 0.1182628 0.0847138 0.0723730 0.0753246 0.1011358 0.0915384 0.1758072 0.0538236 0.0585745 0.0968212 0.1929624 0.0951400 0.0604222 0.0898891 0.0682820 0.0882692 0.0916443 0.2030162 
Perityle_fosteri_93                        0.1437110 0.1369208 0.1393030 0.2772009 0.0364859 0.1776375 0.2395928 0.0687347 0.1733322 0.1230655 0.0615038 0.0079608 0.0112120 0.0159617 0.0102242 0.1272084 0.0995863 0.0481350 0.0689003 0.0129901 0.0048415 0.0016009 0.0505447 0.0210326 0.0113497 0.0150407 0.1538453 0.1106990 0.0596176 0.0610435 0.0899852 0.1115801 0.0676349 0.1302188 0.0015967 0.1103337 0.0477285 0.0000000 0.0660883 0.1197233 0.0116633 0.0065989 0.0403920 0.0039392 0.0407857 0.0687978 0.0258923 0.0814226 0.0063867 0.0111422 0.0434935 0.2166582 0.0031879 0.0032257 0.1438227 0.0037051 0.0475248 0.1084117 0.1117051 0.0083074 0.0079454 0.0517966 0.0069278 0.0329069 0.1754811 0.0064370 0.0634367 0.0065815 0.0720162 0.0405851 0.0215610 0.0223972 0.0194497 0.0720932 0.0049018 0.0085922 0.0095137 0.1382476 0.0674635 0.0579585 0.0174674 0.0255859 0.0696115 0.0079834 0.0841560 
Perityle_gamon_221                         0.1811646 0.1749282 0.1733677 0.2995607 0.0659022 0.2242620 0.2833864 0.0863019 0.1776506 0.1514208 0.0877281 0.0694041 0.0753866 0.0780522 0.0738843 0.1546361 0.1564323 0.0808057 0.0752796 0.0692365 0.0714984 0.0672725 0.1065842 0.0830442 0.0746906 0.0753651 0.2563173 0.1243349 0.0678691 0.0839640 0.1146998 0.1214685 0.0876785 0.1716898 0.0640544 0.1546403 0.0707688 0.0660883 0.0000000 0.1507049 0.0696532 0.0687687 0.0649699 0.0805715 0.0711035 0.0276752 0.0876991 0.0925630 0.0726794 0.0748487 0.0680900 0.2081953 0.0741002 0.0654345 0.2267466 0.0733924 0.0596968 0.1299122 0.1780809 0.0894328 0.0725155 0.0941668 0.0178434 0.0514503 0.2722196 0.0718393 0.0739492 0.0634594 0.0840052 0.0611094 0.0995747 0.0823882 0.0801330 0.0768884 0.0678971 0.0777611 0.0811262 0.1998757 0.0857322 0.0697066 0.0821791 0.0867148 0.1080278 0.0723991 0.1681902 
Perityle_gentryi_8_san_francisco           0.0730924 0.0510522 0.0880940 0.2524067 0.1107396 0.2217024 0.2643732 0.1445064 0.1767311 0.0781003 0.1455824 0.1167271 0.1127130 0.1309054 0.1383071 0.0268183 0.2584717 0.1342857 0.1463661 0.1183497 0.1208138 0.1261052 0.1160749 0.1348078 0.1125577 0.1361487 0.3044286 0.0800392 0.1390432 0.1760810 0.2094521 0.0644328 0.1386706 0.0683875 0.1002827 0.0632518 0.1518434 0.1197233 0.1507049 0.0000000 0.1121346 0.1125690 0.1219632 0.1173999 0.1260788 0.1555260 0.1501703 0.0934332 0.1272049 0.1331671 0.1280377 0.4131629 0.1060524 0.1039965 0.3153859 0.1221807 0.1373594 0.0637794 0.0837141 0.1579331 0.1325595 0.1404533 0.1143007 0.0986929 0.3288432 0.1351168 0.1254690 0.1405060 0.1337881 0.1316084 0.1427594 0.1511788 0.1311972 0.2028455 0.1035948 0.1415923 0.1434990 0.2617952 0.1557418 0.1671134 0.1477262 0.1229843 0.1702830 0.1296775 0.2704241 
Perityle_gilensis_22_Superstition          0.1169798 0.1159291 0.1171575 0.2259700 0.0486494 0.1919234 0.2139265 0.0695004 0.1552647 0.1143774 0.0595320 0.0708762 0.0205985 0.0182786 0.0118040 0.1033285 0.2507532 0.0532309 0.0707044 0.0120199 0.0061603 0.0523559 0.0432300 0.0048337 0.0066617 0.0153528 0.1070609 0.1622528 0.0522286 0.0722085 0.1041438 0.0962187 0.0680968 0.1205206 0.0076081 0.0953102 0.0557237 0.0116633 0.0696532 0.1121346 0.0000000 0.0064963 0.0500572 0.0183298 0.0486404 0.0708023 0.0217423 0.0886540 0.0166305 0.0235958 0.0490814 0.2165579 0.0436280 0.0104383 0.2614971 0.0084917 0.0479636 0.1230597 0.1100895 0.0267524 0.0186846 0.0546440 0.0140642 0.0335066 0.1865055 0.0189379 0.0523121 0.0799896 0.0793716 0.0444912 0.0140280 0.0179517 0.0038673 0.1810050 0.0120477 0.0234434 0.0226525 0.1554558 0.0727288 0.0600527 0.0150263 0.0204876 0.0724882 0.0184241 0.1026163 
Perityle_gilensis_salensis_225             0.1205730 0.1122678 0.1250747 0.2113415 0.0490716 0.1834379 0.2054474 0.0609515 0.1536846 0.1145319 0.0824401 0.0417064 0.0177197 0.0188684 0.0100310 0.1058846 0.2223713 0.0506740 0.0639844 0.0100209 0.0056094 0.0452749 0.0427897 0.0104217 0.0078338 0.0240678 0.1895885 0.1600280 0.0755522 0.0662544 0.0898615 0.0996002 0.0849045 0.1184569 0.0067618 0.0916646 0.0731521 0.0065989 0.0687687 0.1125690 0.0064963 0.0000000 0.0549019 0.0158205 0.0465769 0.0952396 0.0370925 0.0833517 0.0194739 0.0256279 0.0496161 0.3715566 0.0402089 0.0124346 0.2111423 0.0100521 0.0738454 0.1198882 0.1053742 0.0166460 0.0222735 0.0388406 0.0103689 0.0504324 0.2322100 0.0215331 0.0621129 0.0791305 0.0832760 0.0607289 0.0195092 0.0279112 0.0087297 0.1737574 0.0122357 0.0152604 0.0213242 0.1489056 0.0911954 0.0833696 0.0338654 0.0231597 0.0556972 0.0212964 0.1673925 
Perityle_glaucescens_94                    0.1379529 0.1362739 0.1375698 0.2330981 0.0587330 0.2067274 0.2310096 0.0806543 0.1675633 0.1221784 0.0711728 0.0843779 0.0580614 0.0606319 0.0531856 0.1237731 0.2533463 0.0650962 0.0614623 0.0518253 0.0476371 0.0839673 0.0737733 0.0617905 0.0585969 0.0623402 0.1905430 0.1624789 0.0597683 0.0777416 0.1108795 0.1113751 0.0769226 0.1354051 0.0405731 0.1160373 0.0145527 0.0403920 0.0649699 0.1219632 0.0500572 0.0549019 0.0000000 0.0482016 0.0060215 0.0742947 0.0659790 0.0818738 0.0566170 0.0603806 0.0074429 0.2725111 0.0802240 0.0510647 0.2343986 0.0405476 0.0546391 0.1394698 0.1547154 0.0541528 0.0565050 0.0485312 0.0175158 0.0367558 0.2364996 0.0584963 0.0636186 0.1130736 0.0805015 0.0502623 0.0675898 0.0650393 0.0588923 0.1737316 0.0485870 0.0514679 0.0652156 0.1666307 0.0779540 0.0511830 0.0602405 0.0633140 0.0724394 0.0555295 0.1455560 
Perityle_gracilis_11                       0.1361047 0.1143304 0.1302203 0.2234422 0.0477895 0.1945118 0.2183265 0.0740239 0.1626681 0.1240421 0.0665450 0.0193190 0.0038092 0.0283931 0.0202842 0.1180064 0.2839709 0.0546331 0.0531038 0.0229858 0.0182114 0.0276118 0.0705902 0.0283790 0.0220787 0.0146400 0.0839422 0.1248493 0.0566254 0.0670871 0.1030197 0.1080296 0.0714342 0.1274300 0.0028729 0.1062541 0.0567092 0.0039392 0.0805715 0.1173999 0.0183298 0.0158205 0.0482016 0.0000000 0.0472747 0.0763964 0.0321910 0.1048044 0.0012587 0.0037828 0.0520778 0.1790836 0.0356883 0.0090396 0.2032559 0.0117857 0.0452422 0.1292857 0.1358319 0.0000010 0.0025349 0.0556603 0.0140716 0.0368632 0.1112757 0.0143006 0.0596755 0.0630022 0.0843266 0.0426912 0.0390930 0.0281636 0.0258169 0.1926230 0.0000010 0.0000010 0.0178143 0.1018791 0.0741076 0.0665596 0.0254520 0.0307735 0.0723083 0.0000010 0.0476182 
