80
Amauria_brandeegeana_62                    0.0000000 0.7861636 0.7717356 1.0014201 0.7925575 0.8650656 0.8042463 0.8918101 0.8862594 0.7544950 0.7432746 0.7645123 0.7147538 1.1262965 0.7328742 0.0428720 0.9808812 0.7035620 0.9628971 0.9645457 0.7366389 0.7027745 0.8606828 0.7748988 0.6920731 0.7251252 0.9386522 0.7581646 0.9933835 1.0423174 0.8306968 0.7258596 1.0499451 0.4473871 0.9753292 0.7241637 0.9356952 0.3697638 0.7344401 0.7225573 1.1994218 1.1941037 0.9573296 0.6970383 0.8964181 0.7377617 0.7231297 0.6637737 0.7012475 0.6854245 0.9017878 1.0292333 0.9391120 0.6956180 1.0014494 0.7073025 0.7961341 1.0449929 0.7131939 0.6968089 0.7822280 0.9467153 0.7653863 0.7306801 0.7643736 1.0282531 0.9322726 0.7614357 0.7769889 0.7099534 0.7380529 0.7647176 0.7145493 0.7956587 0.7338461 0.7685621 0.9755876 0.8834982 0.6916474 0.7075695 
Amauria_carterae_99_mesa                   0.7861636 0.0000000 0.0641238 0.3213132 0.0965820 0.3328773 0.1482963 0.1842759 0.2959121 0.0529981 0.0932867 0.0846886 0.1300419 0.6612731 0.0727138 0.8635713 0.4860818 0.1111275 0.5914929 0.4916071 0.0862349 0.1303362 0.1267288 0.2734159 0.1270969 0.1331873 0.4682458 0.0635993 0.4906695 0.4945469 0.0718708 0.1462127 0.5543387 0.8564067 0.5091468 0.0330458 0.4755611 0.8440185 0.1547108 0.1328519 0.6439190 0.6480475 0.5712441 0.1197994 0.4796470 0.1799326 0.1340363 0.1002334 0.1360500 0.1297435 0.5022711 0.5041150 0.4837239 0.1270120 0.4518101 0.1221978 0.0701728 0.5509534 0.1402966 0.1285644 0.1298600 0.4638072 0.1215755 0.0777923 0.1185447 0.5622497 0.4786708 0.1716976 0.0929887 0.1299275 0.1209857 0.0783314 0.1141286 0.0640994 0.1772538 0.0879866 0.4722507 0.4047976 0.1311498 0.0314105 
Amauria_rotundifolia_SRR9119150            0.7717356 0.0641238 0.0000000 0.3408619 0.1698881 0.3606111 0.1865307 0.2387383 0.3969241 0.1143358 0.2721590 0.1941784 0.3672709 0.7140046 0.0767444 0.8627689 0.6717070 0.2516680 0.7262343 0.5049532 0.1348005 0.2561329 0.1288556 0.5783835 0.3701696 0.2679772 0.5819911 0.2735233 0.6765109 0.5136705 0.0814432 0.2732452 0.7446848 0.8512965 0.5753513 0.1006895 0.4940128 0.8093239 0.3399540 0.2854150 0.7092652 0.7242413 0.6900007 0.2307697 0.4949857 0.3696890 0.2602517 0.0790406 0.2607724 0.2765155 0.5238557 0.5181864 0.5809214 0.2912001 0.5134933 0.2109134 0.0770283 0.5593264 0.2706746 0.2638922 0.1233644 0.6907708 0.2266848 0.1364155 0.4069699 0.6356466 0.5534915 0.3029808 0.1659283 0.3211916 0.2487795 0.2358408 0.1118234 0.2412013 0.3206160 0.2220885 0.8529932 0.4162986 0.3096265 0.1343322 
Conoclinium_coelestinum_SRR9119114         1.0014201 0.3213132 0.3408619 0.0000000 0.3771967 0.3994669 0.3146047 0.2563957 0.6224305 0.3735814 0.3847805 0.3748846 0.3863669 0.8948199 0.4097457 1.0743602 0.7711198 0.4469534 0.7541672 0.5812612 0.3813633 0.3569786 0.2644749 0.5641639 0.3510139 0.3601155 0.7025491 0.3849246 0.7424924 0.6005218 0.2867325 0.3718347 0.7589808 1.0246417 0.7492016 0.3062924 0.5860997 1.0051983 0.3569447 0.3571561 0.8410381 0.8572561 0.7759379 0.3538725 0.5591493 0.3891077 0.3558826 0.2168422 0.3756005 0.3682101 0.6037017 0.6998167 0.7177469 0.3524797 0.6947051 0.3309674 0.3544482 0.6193088 0.3708260 0.3582147 0.3452713 0.6968449 0.3668505 0.3562355 0.3951179 0.7632049 0.7132674 0.3610841 0.4052110 0.3594117 0.2720148 0.3672957 0.2925840 0.3669259 0.3572722 0.3126952 0.7175189 0.4740306 0.3611273 0.4409094 
Eutetras_palmeri_63                        0.7925575 0.0965820 0.1698881 0.3771967 0.0000000 0.3216680 0.1885633 0.3209969 0.4019756 0.1112403 0.1127454 0.1088533 0.2473282 0.7292762 0.0934637 0.8183932 0.6894530 0.2429268 0.6666905 0.4646228 0.0996234 0.1572881 0.1467655 0.4158994 0.2253524 0.1591268 0.5838715 0.1220235 0.6578621 0.4630012 0.0857616 0.1697722 0.6984007 0.8477873 0.6396707 0.0702772 0.4781757 0.8054466 0.1764193 0.1609948 0.6999507 0.7136873 0.6815419 0.1580012 0.4696568 0.1975542 0.1657998 0.1133456 0.1659874 0.1574972 0.5035489 0.5455696 0.6320244 0.1524509 0.5566837 0.1538331 0.1066987 0.5182527 0.1600004 0.1543166 0.1155472 0.6124320 0.1257912 0.0995035 0.3318100 0.6514257 0.6154147 0.2160203 0.1211342 0.1577134 0.1454646 0.1083429 0.1286741 0.1526662 0.1774064 0.1217109 0.6875299 0.4204512 0.1564729 0.0691233 
Eutetras_pringlei_149_quer                 0.8650656 0.3328773 0.3606111 0.3994669 0.3216680 0.0000000 0.3119225 0.2552370 0.3888209 0.3576248 0.3607559 0.3590817 0.3346938 0.6375081 0.3365764 0.9404918 0.4138149 0.3747421 0.5451948 0.4918147 0.3634755 0.3147459 0.3359821 0.4101659 0.3598475 0.3465970 0.3530673 0.3306274 0.4240952 0.4647037 0.3624789 0.3469356 0.5492894 0.9139872 0.4342189 0.3204178 0.5150895 0.8972573 0.3374733 0.3336369 0.6145196 0.6462393 0.5226853 0.3205684 0.4505022 0.3364549 0.3368704 0.2496696 0.3156106 0.2991757 0.4907610 0.4986458 0.3663639 0.3391665 0.3314279 0.3208933 0.3127626 0.5375666 0.3233168 0.2889134 0.3364616 0.4014486 0.3568613 0.3238760 0.3716541 0.5906943 0.3914103 0.4023183 0.3668066 0.3296156 0.3001788 0.3590729 0.3131480 0.3630609 0.3818897 0.3176736 0.5099446 0.3429208 0.3169639 0.2205232 
Eutrochium_fistulosum_SRR9119106           0.8042463 0.1482963 0.1865307 0.3146047 0.1885633 0.3119225 0.0000000 0.2615838 0.4084784 0.1928214 0.1992123 0.1860222 0.2097334 0.8481088 0.1806375 0.8563865 0.6980437 0.2321969 0.6933136 0.5700591 0.1912824 0.1838516 0.1662495 0.3989366 0.2283995 0.1814403 0.6327236 0.2065247 0.6523214 0.5882962 0.1539478 0.1881178 0.6924898 0.8792665 0.6867560 0.1368777 0.5837527 0.9126632 0.1792642 0.1842201 0.7101699 0.7218621 0.7143935 0.1791940 0.5740064 0.2059838 0.1888671 0.1487509 0.1945654 0.1841976 0.6022651 0.6560165 0.6627084 0.1625030 0.5993592 0.1623941 0.1744025 0.6286471 0.1871153 0.1787835 0.1731758 0.6512130 0.1974701 0.1839797 0.3092240 0.6895620 0.6695613 0.2243572 0.2090402 0.1780242 0.1356088 0.1848314 0.1149426 0.1919923 0.2098638 0.1807198 0.6608194 0.3889063 0.1812806 0.1792854 
Galeana_pratensis_104_mex                  0.8918101 0.1842759 0.2387383 0.2563957 0.3209969 0.2552370 0.2615838 0.0000000 0.2958898 0.2455822 0.2933913 0.3119663 0.2839285 0.6524119 0.2696180 0.9492816 0.2445694 0.2913799 0.5172899 0.4458861 0.3146591 0.2865362 0.1648109 0.2429785 0.2858414 0.2897728 0.2452683 0.2929339 0.2157964 0.4774550 0.1512582 0.3010470 0.4850185 0.8656447 0.2231859 0.2388014 0.4718443 0.8612035 0.2884552 0.2952368 0.5225605 0.5701676 0.4993218 0.2697404 0.4484131 0.2980781 0.2914008 0.1705509 0.2864240 0.2760576 0.4825592 0.4877694 0.2180243 0.2787230 0.2717298 0.2832394 0.1843684 0.5388454 0.2935773 0.2741029 0.2514077 0.2222869 0.3124142 0.3054099 0.2724673 0.4984977 0.2275577 0.3096723 0.2688920 0.2838029 0.1804902 0.3199779 0.1537726 0.3024234 0.3223963 0.3095559 0.5159671 0.0964841 0.2864891 0.2216631 
Helianthus_annuus_SRR9119062               0.8862594 0.2959121 0.3969241 0.6224305 0.4019756 0.3888209 0.4084784 0.2958898 0.0000000 0.3825414 0.3968466 0.3866513 0.3916294 0.8126725 0.3025020 0.9990905 0.7580873 0.3843160 0.7857816 0.5725931 0.3821235 0.3769470 0.2663306 0.5172561 0.3528854 0.3764657 0.6815780 0.3814222 0.7372580 0.5523786 0.2903855 0.3638134 0.7781511 0.9362972 0.7013173 0.3415800 0.5842371 0.9361355 0.3681347 0.3568520 0.7225460 0.7284369 0.7992618 0.3728865 0.5810072 0.4070539 0.3503879 0.1831969 0.3909787 0.3780336 0.6155568 0.6034516 0.6860401 0.3548652 0.6624486 0.3498230 0.3153044 0.6336621 0.3850244 0.3701117 0.3152450 0.6807795 0.4060643 0.3722358 0.5044265 0.7377770 0.6724954 0.4668810 0.3929805 0.3701106 0.3567349 0.3721352 0.2727120 0.4054942 0.4068249 0.3664799 0.7816647 0.5379554 0.3796995 0.2083002 
Lycapsus_tenuifolius_17                    0.7544950 0.0529981 0.1143358 0.3735814 0.1112403 0.3576248 0.1928214 0.2455822 0.3825414 0.0000000 0.1369580 0.0985160 0.1881702 0.7176453 0.0651304 0.8241058 0.6295015 0.1788019 0.6275093 0.4593161 0.0954289 0.1722109 0.1139360 0.4283581 0.2550703 0.1708685 0.5504515 0.1111849 0.5763017 0.4317839 0.0026630 0.1757278 0.6326751 0.8730447 0.5933883 0.0486419 0.4326036 0.8177017 0.1835102 0.1567217 0.6554474 0.6715559 0.6432342 0.1596378 0.4358693 0.2013521 0.1702986 0.1100899 0.1786942 0.1775127 0.4598762 0.4992927 0.5725239 0.1600952 0.4905465 0.1482052 0.0765956 0.5130464 0.1756395 0.1703939 0.1096509 0.5808855 0.1357625 0.0918857 0.2822098 0.6311098 0.5714473 0.2387240 0.0085164 0.1726565 0.1525000 0.0913800 0.1107558 0.1119915 0.1947337 0.0915768 0.5779492 0.3810147 0.1727373 0.0664817 
Pericome_caudata_50_silver                 0.7432746 0.0932867 0.2721590 0.3847805 0.1127454 0.3607559 0.1992123 0.2933913 0.3968466 0.1369580 0.0000000 0.1142746 0.3294312 0.6889681 0.0840204 0.8400938 0.6937252 0.2395019 0.6812051 0.4554592 0.1052770 0.1786242 0.1238778 0.4783303 0.3089631 0.1821200 0.5920612 0.1678005 0.6708884 0.4676698 0.0777699 0.1934626 0.7373638 0.7864136 0.6222045 0.0737934 0.4413918 0.7669095 0.2021945 0.1966045 0.6768217 0.6933455 0.6789750 0.1567620 0.4374226 0.2162978 0.1683339 0.0862539 0.1835113 0.1905908 0.4658469 0.5366991 0.6442663 0.1795784 0.5787566 0.1404934 0.1001789 0.5028454 0.1774028 0.1781736 0.1059472 0.6392265 0.1559828 0.0992537 0.3959197 0.6510079 0.6001887 0.2208605 0.1523928 0.1833984 0.1558499 0.1467422 0.1078242 0.2254181 0.1949425 0.1358566 0.7438844 0.4361193 0.1879166 0.1178995 
Perityle_aglossa_84_dead_horse             0.7645123 0.0846886 0.1941784 0.3748846 0.1088533 0.3590817 0.1860222 0.3119663 0.3866513 0.0985160 0.1142746 0.0000000 0.2331939 0.6936370 0.0047387 0.8094745 0.6642513 0.2351000 0.6537911 0.4829929 0.0082933 0.1510481 0.0742104 0.4188941 0.2460481 0.1539639 0.5771968 0.0847154 0.6649351 0.4730070 0.0772212 0.1800322 0.6719670 0.7819874 0.6246252 0.0234364 0.4674579 0.7892358 0.1596026 0.1584765 0.6853167 0.7022064 0.6510059 0.1485538 0.4645583 0.1851162 0.1518173 0.0819458 0.1536591 0.1550849 0.4913661 0.5371274 0.6112957 0.1425333 0.5350186 0.1470361 0.0676826 0.5276309 0.1602228 0.1467507 0.1182639 0.6145532 0.1334614 0.0338779 0.3383458 0.6215999 0.6093927 0.1991977 0.0998816 0.1543591 0.1391982 0.0264991 0.1124635 0.1449395 0.1592076 0.0453214 0.7265340 0.4236256 0.1527397 0.0180040 
Perityle_ajoensis_204                      0.7147538 0.1300419 0.3672709 0.3863669 0.2473282 0.3346938 0.2097334 0.2839285 0.3916294 0.1881702 0.3294312 0.2331939 0.0000000 0.7215286 0.1304549 0.8295862 0.6250449 0.2651871 0.7973143 0.4632338 0.1993424 0.1313950 0.1540363 0.5257665 0.2604992 0.1766778 0.6162265 0.3232854 0.7597399 0.4866713 0.1259012 0.2426801 0.8152393 0.8395530 0.5804347 0.1623661 0.4825395 0.7719530 0.2294580 0.1602342 0.6738755 0.7253158 0.6832802 0.1443050 0.4708193 0.2929866 0.1691882 0.0942900 0.0818090 0.1628402 0.5104005 0.5153084 0.6083427 0.1403815 0.5263861 0.0931830 0.1366959 0.5138681 0.0872745 0.1795200 0.1184848 0.6573389 0.2339219 0.1977529 0.2083412 0.6770630 0.5691559 0.3301144 0.1997287 0.1623237 0.1873851 0.2705831 0.0000010 0.4095462 0.2048797 0.3070023 0.8432099 0.4108699 0.1618617 0.1509874 
Perityle_ambrosiifolia_67_green            1.1262965 0.6612731 0.7140046 0.8948199 0.7292762 0.6375081 0.8481088 0.6524119 0.8126725 0.7176453 0.6889681 0.6936370 0.7215286 0.0000000 0.7088316 1.2231885 1.0590582 0.7427788 0.2294590 0.0165893 0.7093448 0.7108710 0.5975938 0.7860278 0.7260055 0.7204682 1.0144072 0.7221904 1.0050775 0.1090909 0.6034710 0.7605583 0.3512455 1.2425674 1.0511769 0.6411473 0.1300469 1.2663848 0.7376963 0.7366631 0.6644621 0.6873381 0.1391085 0.7233449 0.1281333 0.7272077 0.7069103 0.5292185 0.7293545 0.7062036 0.1268812 0.0864214 1.0237950 0.6907031 0.9434431 0.6633346 0.6545157 0.0992287 0.7150341 0.6981035 0.6519637 1.0289132 0.7128148 0.7090104 0.8080637 0.2209281 1.0357783 0.6497170 0.7362751 0.7101462 0.4963983 0.6993705 0.5184552 0.7039849 0.7976436 0.6643984 0.0844465 0.6418176 0.6985650 0.7112824 
Perityle_angustifolia_13_Eagle_creek       0.7328742 0.0727138 0.0767444 0.4097457 0.0934637 0.3365764 0.1806375 0.2696180 0.3025020 0.0651304 0.0840204 0.0047387 0.1304549 0.7088316 0.0000000 0.7696660 0.5639062 0.1480267 0.5823949 0.4729718 0.0110212 0.1319454 0.0752272 0.2756031 0.1748747 0.1300426 0.5238757 0.0702973 0.5444449 0.4775473 0.0738078 0.1602084 0.5679189 0.7757660 0.5806248 0.0192600 0.4587693 0.7687362 0.1346776 0.1368426 0.6139873 0.6294799 0.5067865 0.1244127 0.4619752 0.1602700 0.1312248 0.0790405 0.1399691 0.1373931 0.4845680 0.5321112 0.5623690 0.1162073 0.4863769 0.1315555 0.0617145 0.5250929 0.1359549 0.1285928 0.1180224 0.5482122 0.1197109 0.0353832 0.2361374 0.5932021 0.5562030 0.1994592 0.0852787 0.1301628 0.1095381 0.0155874 0.1033600 0.0790021 0.1586808 0.0278058 0.4664394 0.4047719 0.1324250 0.0129770 
Perityle_batopilensis_97                   0.0428720 0.8635713 0.8627689 1.0743602 0.8183932 0.9404918 0.8563865 0.9492816 0.9990905 0.8241058 0.8400938 0.8094745 0.8295862 1.2231885 0.7696660 0.0000000 1.0548417 0.8390413 1.0459267 1.0492987 0.7847130 0.7399639 0.9162271 0.8783195 0.7689276 0.7564136 1.0258578 0.8317999 1.0957923 1.1282957 0.8937920 0.7919315 1.1180716 0.5186066 1.0245787 0.7582372 1.0020310 0.3897551 0.7880570 0.7940208 1.3935620 1.3617611 1.2075886 0.7583175 0.9609319 0.7897793 0.7748783 0.7506195 0.7742309 0.7227138 0.9432246 1.1170082 1.0016848 0.7214895 1.0897771 0.7371325 0.8775541 1.1417127 0.7479424 0.7149568 0.8474378 1.0050792 0.8343858 0.7846613 0.9432026 1.1327179 1.0171997 0.8217609 0.8453819 0.7462918 0.7440309 0.8020983 0.7453187 0.8202079 0.7932051 0.7967264 1.0947449 1.0136063 0.7328154 0.7866680 
Perityle_bisetosa_9                        0.9808812 0.4860818 0.6717070 0.7711198 0.6894530 0.4138149 0.6980437 0.2445694 0.7580873 0.6295015 0.6937252 0.6642513 0.6250449 1.0590582 0.5639062 1.0548417 0.0000000 0.6854730 0.9396859 0.6626240 0.6423716 0.6536892 0.4108361 0.8920276 0.7174051 0.6813908 0.1008893 0.6844561 0.2826488 0.6976658 0.4460232 0.6647867 0.9326670 0.9418787 0.0269331 0.5963872 0.7025490 0.9783274 0.6798172 0.6584078 1.0065864 1.0405746 0.9505947 0.6487133 0.6566237 0.7060925 0.6962688 0.3725079 0.6386594 0.6629967 0.6804958 0.7379842 0.0360842 0.6499851 0.1100920 0.6071940 0.5086134 0.7687163 0.6427986 0.6586803 0.5035119 0.0751613 0.6781515 0.6462046 0.6946076 0.9057320 0.0252806 0.7236191 0.6441258 0.6658323 0.5859144 0.6695527 0.4291833 0.7571670 0.6912960 0.6276687 0.9374572 0.4872312 0.6654345 0.5295008 
Perityle_californica_76_positas            0.7035620 0.1111275 0.2516680 0.4469534 0.2429268 0.3747421 0.2321969 0.2913799 0.3843160 0.1788019 0.2395019 0.2351000 0.2651871 0.7427788 0.1480267 0.8390413 0.6854730 0.0000000 0.7718026 0.5080260 0.2187887 0.2332543 0.1503842 0.4551597 0.2494294 0.2293527 0.5725350 0.2583471 0.7148697 0.5224180 0.1245647 0.2203242 0.7854053 0.7226136 0.6271205 0.1710144 0.5158543 0.7972738 0.2428126 0.2075319 0.7407760 0.7684866 0.8049670 0.2225914 0.5238262 0.2572846 0.2272282 0.1013964 0.2141549 0.2345311 0.5517332 0.5556612 0.6007651 0.2139957 0.5391921 0.2011418 0.1406307 0.5552022 0.2271520 0.2272359 0.1345623 0.5908190 0.2229132 0.2127576 0.3523774 0.7267562 0.5960998 0.2990692 0.1867147 0.2292239 0.2336241 0.2377028 0.1140412 0.2708247 0.2497657 0.2364113 0.8073706 0.4475330 0.2340420 0.1485623 
Perityle_canescens_77                      0.9628971 0.5914929 0.7262343 0.7541672 0.6666905 0.5451948 0.6933136 0.5172899 0.7857816 0.6275093 0.6812051 0.6537911 0.7973143 0.2294590 0.5823949 1.0459267 0.9396859 0.7718026 0.0000000 0.1012444 0.6654571 0.6637798 0.4974331 0.7806777 0.6950975 0.6752569 0.7758683 0.6656731 0.9336928 0.1107592 0.5562046 0.6880008 0.1102942 1.1816839 0.8519929 0.6339846 0.1013309 0.9993732 0.7002463 0.6821481 0.4530076 0.4205103 0.2591397 0.6679679 0.0987286 0.6829887 0.6531423 0.4986818 0.6533123 0.6595815 0.1067130 0.1208755 0.7883324 0.6521340 0.7587754 0.6633269 0.6164332 0.1590698 0.6590717 0.6475640 0.6337174 0.8366309 0.6624994 0.6530390 0.7467741 0.1324702 0.7872936 0.6792214 0.6154121 0.6641318 0.6094576 0.6619003 0.5086797 0.7054202 0.7188605 0.6371053 0.3510312 0.6144836 0.6605487 0.4939296 
Perityle_castillonii_96                    0.9645457 0.4916071 0.5049532 0.5812612 0.4646228 0.4918147 0.5700591 0.4458861 0.5725931 0.4593161 0.4554592 0.4829929 0.4632338 0.0165893 0.4729718 1.0492987 0.6626240 0.5080260 0.1012444 0.0000000 0.4813445 0.4455233 0.4594853 0.4947408 0.4513234 0.4665262 0.5757112 0.4978454 0.6313002 0.0717246 0.5138031 0.5291067 0.0970082 1.1965708 0.6408643 0.4270317 0.0976835 1.0169533 0.4664103 0.4675847 0.3520353 0.3450803 0.1028769 0.4672748 0.0902913 0.5056603 0.4403672 0.4545194 0.4383780 0.4145638 0.0931179 0.0164715 0.5753463 0.4301853 0.5804453 0.4390865 0.4766702 0.0884912 0.4510777 0.4334076 0.4640218 0.5930323 0.4799824 0.4563107 0.4909386 0.0812668 0.6045076 0.4339539 0.4779828 0.4448341 0.4007693 0.4958868 0.4305480 0.4900663 0.5574007 0.4473411 0.0501179 0.4803644 0.4392927 0.3480310 
Perityle_cernua_84                         0.7366389 0.0862349 0.1348005 0.3813633 0.0996234 0.3634755 0.1912824 0.3146591 0.3821235 0.0954289 0.1052770 0.0082933 0.1993424 0.7093448 0.0110212 0.7847130 0.6423716 0.2187887 0.6654571 0.4813445 0.0000000 0.1426199 0.0780716 0.3838931 0.2063008 0.1451088 0.5564288 0.0772086 0.6177333 0.4824474 0.0854415 0.1574105 0.6589330 0.8009598 0.6144663 0.0292235 0.4691937 0.7976423 0.1441774 0.1501491 0.6825881 0.6889260 0.6654113 0.1400731 0.4626369 0.1665653 0.1486988 0.0865274 0.1582005 0.1470578 0.4855170 0.5552327 0.6044130 0.1340137 0.5156383 0.1418153 0.0755372 0.5174359 0.1530548 0.1392308 0.1313217 0.5898034 0.1319365 0.0349984 0.2718764 0.6566471 0.5985297 0.1955199 0.1016454 0.1454654 0.1232121 0.0223167 0.1153756 0.0879022 0.1551315 0.0391730 0.6749595 0.4143444 0.1430249 0.0265500 
Perityle_cfvillosa_25_tin                  0.7027745 0.1303362 0.2561329 0.3569786 0.1572881 0.3147459 0.1838516 0.2865362 0.3769470 0.1722109 0.1786242 0.1510481 0.1313950 0.7108710 0.1319454 0.7399639 0.6536892 0.2332543 0.6637798 0.4455233 0.1426199 0.0000000 0.1445659 0.4661628 0.1812125 0.0058336 0.5608759 0.1847234 0.6182987 0.4809296 0.1261362 0.1496904 0.6965704 0.8154335 0.5725513 0.1078873 0.4651448 0.7185686 0.1024744 0.0580788 0.6536133 0.6774442 0.6350658 0.0115447 0.4594089 0.1125880 0.0331539 0.0913028 0.0309675 0.0088303 0.4972739 0.5044785 0.5777690 0.0251828 0.5105340 0.0146180 0.1383373 0.4965581 0.0052585 0.0068613 0.1205251 0.5790482 0.1407396 0.1371754 0.3935220 0.6338486 0.5605257 0.0957111 0.1740915 0.0087680 0.0171408 0.1553704 0.0024009 0.2539281 0.1094680 0.1713310 0.7013774 0.3962222 0.0067785 0.1370001 
Perityle_cinerea_113_Powell1310            0.8606828 0.1267288 0.1288556 0.2644749 0.1467655 0.3359821 0.1662495 0.1648109 0.2663306 0.1139360 0.1238778 0.0742104 0.1540363 0.5975938 0.0752272 0.9162271 0.4108361 0.1503842 0.4974331 0.4594853 0.0780716 0.1445659 0.0000000 0.2294730 0.1516301 0.1573752 0.3461585 0.1155207 0.4193112 0.5064518 0.1414901 0.1373766 0.4559397 1.0178854 0.4133105 0.0748878 0.5027456 0.9443029 0.1400508 0.1678501 0.5541470 0.5541470 0.5141410 0.1367152 0.4923474 0.1691741 0.1522365 0.0934381 0.1621855 0.1546249 0.5082012 0.5269821 0.3833938 0.1557926 0.3270882 0.1521675 0.1288975 0.5282684 0.1606865 0.1447013 0.1562707 0.3782264 0.1620191 0.1088161 0.1244041 0.5285782 0.3679728 0.1686072 0.1361043 0.1550766 0.1642229 0.0956214 0.1541473 0.1225618 0.1523301 0.1017172 0.5002211 0.3506371 0.1462085 0.1119886 
Perityle_coahuilensis_24                   0.7748988 0.2734159 0.5783835 0.5641639 0.4158994 0.4101659 0.3989366 0.2429785 0.5172561 0.4283581 0.4783303 0.4188941 0.5257665 0.7860278 0.2756031 0.8783195 0.8920276 0.4551597 0.7806777 0.4947408 0.3838931 0.4661628 0.2294730 0.0000000 0.5345462 0.4608372 0.7948991 0.4562996 0.8787919 0.5108145 0.2507766 0.4472525 0.7360202 0.8282423 0.7810051 0.3688497 0.5564098 0.8889803 0.4992040 0.4294039 0.8241989 0.8454691 0.8959966 0.4415652 0.5165346 0.4801566 0.4844400 0.2228200 0.4132957 0.4714529 0.5438664 0.5305838 0.7992100 0.4470677 0.6826196 0.3751057 0.2703048 0.5661612 0.4247104 0.4550326 0.2976606 0.8372399 0.4424319 0.3911172 0.6247621 0.6955020 0.7556249 0.5072625 0.4504612 0.4464632 0.4367476 0.4857225 0.2306713 0.5699542 0.4323508 0.4564884 0.8363024 0.5215742 0.4745241 0.3138809 
Perityle_cochisensis_44_cave_creek         0.6920731 0.1270969 0.3701696 0.3510139 0.2253524 0.3598475 0.2283995 0.2858414 0.3528854 0.2550703 0.3089631 0.2460481 0.2604992 0.7260055 0.1748747 0.7689276 0.7174051 0.2494294 0.6950975 0.4513234 0.2063008 0.1812125 0.1516301 0.5345462 0.0000000 0.1784686 0.6309520 0.3131431 0.6920841 0.4730353 0.1241937 0.2602975 0.7070130 0.8818921 0.6405777 0.1068268 0.4789217 0.7913890 0.2498742 0.2160655 0.6610420 0.7046063 0.6401900 0.1663767 0.4713709 0.2644597 0.1736964 0.0971487 0.1436687 0.1846840 0.5001921 0.4942513 0.6469054 0.1776260 0.5115370 0.0389833 0.1336863 0.4929989 0.1550547 0.1814323 0.1130568 0.6619126 0.2343859 0.2008124 0.4174136 0.6499925 0.6168304 0.1755859 0.2694674 0.1761035 0.1079733 0.2844991 0.0024057 0.3287701 0.2403574 0.1911817 0.6908597 0.3999138 0.1802359 0.2911152 
Perityle_congesta_202                      0.7251252 0.1331873 0.2679772 0.3601155 0.1591268 0.3465970 0.1814403 0.2897728 0.3764657 0.1708685 0.1821200 0.1539639 0.1766778 0.7204682 0.1300426 0.7564136 0.6813908 0.2293527 0.6752569 0.4665262 0.1451088 0.0058336 0.1573752 0.4608372 0.1784686 0.0000000 0.5777472 0.1909800 0.6295724 0.4895462 0.1306792 0.1533028 0.7048086 0.8397879 0.5821195 0.1092055 0.4831110 0.7231835 0.0984518 0.0541131 0.6634410 0.6866784 0.6457518 0.0073192 0.4761813 0.1357492 0.0293533 0.0984026 0.0306416 0.0036528 0.5131654 0.5178129 0.5876752 0.0196756 0.5254975 0.0118762 0.1365249 0.5092857 0.0041435 0.0060295 0.1183430 0.6311230 0.1485934 0.1349225 0.4218550 0.6378159 0.5693615 0.0843548 0.1817300 0.0017580 0.0114033 0.1604175 0.0000010 0.2934332 0.1108059 0.1685873 0.7090421 0.3993804 0.0017835 0.1485321 
Perityle_cordifolia_27                     0.9386522 0.4682458 0.5819911 0.7025491 0.5838715 0.3530673 0.6327236 0.2452683 0.6815780 0.5504515 0.5920612 0.5771968 0.6162265 1.0144072 0.5238757 1.0258578 0.1008893 0.5725350 0.7758683 0.5757112 0.5564288 0.5608759 0.3461585 0.7948991 0.6309520 0.5777472 0.0000000 0.5982339 0.1907236 0.6304299 0.4110903 0.5903572 0.8247723 0.9208946 0.0532761 0.4997680 0.6206852 0.9155765 0.5904087 0.5653915 0.9039255 0.9366462 0.8186941 0.5419690 0.5862712 0.6145356 0.6022482 0.3143287 0.5564973 0.5681142 0.6121339 0.6645602 0.0440329 0.5658042 0.0717707 0.5015951 0.4880825 0.6807952 0.5610220 0.5629112 0.4530984 0.0494826 0.5920135 0.5691623 0.7309198 0.8178678 0.0510965 0.6007322 0.5801747 0.5737643 0.4803158 0.5858131 0.4102514 0.6778493 0.5912228 0.5229200 0.7835404 0.5280362 0.5660846 0.4884331 
Perityle_cordifolia_68_tecolote            0.7581646 0.0635993 0.2735233 0.3849246 0.1220235 0.3306274 0.2065247 0.2929339 0.3814222 0.1111849 0.1678005 0.0847154 0.3232854 0.7221904 0.0702973 0.8317999 0.6844561 0.2583471 0.6656731 0.4978454 0.0772086 0.1847234 0.1155207 0.4562996 0.3131431 0.1909800 0.5982339 0.0000000 0.6824400 0.4970352 0.0792257 0.1910464 0.7059544 0.8030043 0.6053361 0.0446778 0.4926475 0.7922682 0.2094572 0.1770991 0.6575965 0.6731345 0.6952959 0.1693418 0.4703005 0.2295169 0.1766220 0.0892159 0.1874863 0.1970405 0.4927127 0.5603466 0.6132825 0.1873601 0.5435790 0.1578132 0.0175583 0.5557295 0.1842240 0.1902776 0.1223085 0.7233192 0.1511263 0.0782443 0.3888611 0.6596462 0.5936781 0.2316241 0.1239887 0.1968293 0.1534613 0.0861009 0.1183499 0.1982059 0.1868931 0.0858337 0.7448267 0.3829595 0.1984671 0.0737142 
Perityle_coronopifolia_28_patagonia        0.9933835 0.4906695 0.6765109 0.7424924 0.6578621 0.4240952 0.6523214 0.2157964 0.7372580 0.5763017 0.6708884 0.6649351 0.7597399 1.0050775 0.5444449 1.0957923 0.2826488 0.7148697 0.9336928 0.6313002 0.6177333 0.6182987 0.4193112 0.8787919 0.6920841 0.6295724 0.1907236 0.6824400 0.0000000 0.6820344 0.4515515 0.6518202 0.8984897 1.0116012 0.1489623 0.5752131 0.7054160 0.9878674 0.6401314 0.6221843 1.0251845 1.0342795 1.0200510 0.6016416 0.6578840 0.6806220 0.6485568 0.3791005 0.5806450 0.6165116 0.6873437 0.7264091 0.1616198 0.6077301 0.1998292 0.5957384 0.5175343 0.6833405 0.6099681 0.6128783 0.4995854 0.1851857 0.6389406 0.6233860 0.8191251 0.9043724 0.1439621 0.6570203 0.5908493 0.6201106 0.5713039 0.6684904 0.4279402 0.7818946 0.6624655 0.6576785 1.0246445 0.5116955 0.6220170 0.4553900 
Perityle_crassifolia_70_ventanas           1.0423174 0.4945469 0.5136705 0.6005218 0.4630012 0.4647037 0.5882962 0.4774550 0.5523786 0.4317839 0.4676698 0.4730070 0.4866713 0.1090909 0.4775473 1.1282957 0.6976658 0.5224180 0.1107592 0.0717246 0.4824474 0.4809296 0.5064518 0.5108145 0.4730353 0.4895462 0.6304299 0.4970352 0.6820344 0.0000000 0.4898669 0.5403678 0.1424094 1.1404149 0.6820316 0.4370557 0.1029751 1.1399063 0.4808222 0.4953246 0.3456932 0.3393708 0.1074824 0.5020704 0.0939948 0.5141403 0.4594874 0.5158480 0.4801488 0.4627765 0.0969529 0.0857987 0.6287365 0.4582901 0.6330411 0.4540483 0.5013222 0.1344885 0.4869414 0.4549567 0.4702790 0.6405482 0.4822998 0.4708271 0.4755159 0.0681442 0.6320387 0.4832558 0.4678623 0.4696046 0.4454503 0.4906272 0.4623323 0.5007640 0.5767325 0.4469292 0.1040701 0.5290026 0.4709624 0.2949370 
Perityle_crassifolia_74_playa_balandra     0.8306968 0.0718708 0.0814432 0.2867325 0.0857616 0.3624789 0.1539478 0.1512582 0.2903855 0.0026630 0.0777699 0.0772212 0.1259012 0.6034710 0.0738078 0.8937920 0.4460232 0.1245647 0.5562046 0.5138031 0.0854415 0.1261362 0.1414901 0.2507766 0.1241937 0.1306792 0.4110903 0.0792257 0.4515515 0.4898669 0.0000000 0.1317379 0.5143587 0.9597158 0.4683170 0.0195486 0.4989799 0.8256345 0.1536925 0.1460024 0.5767469 0.5813864 0.5056144 0.1181978 0.4954524 0.1665109 0.1278981 0.1075204 0.1331843 0.1349795 0.5198379 0.5199004 0.4258569 0.1325691 0.4055784 0.1176374 0.0914128 0.5604369 0.1347233 0.1295244 0.1333073 0.4306803 0.1389327 0.0783513 0.1003989 0.5365031 0.4249317 0.1508206 0.0000010 0.1286984 0.1348595 0.0782523 0.1262033 0.0709502 0.1720657 0.0768501 0.5033131 0.3703892 0.1300149 0.0204343 
Perityle_cuneata_34_cuneata_San_antonio    0.7258596 0.1462127 0.2732452 0.3718347 0.1697722 0.3469356 0.1881178 0.3010470 0.3638134 0.1757278 0.1934626 0.1800322 0.2426801 0.7605583 0.1602084 0.7919315 0.6647867 0.2203242 0.6880008 0.5291067 0.1574105 0.1496904 0.1373766 0.4472525 0.2602975 0.1533028 0.5903572 0.1910464 0.6518202 0.5403678 0.1317379 0.0000000 0.7009872 0.7926173 0.6134364 0.1067858 0.5367226 0.7477012 0.1569361 0.1577636 0.6495505 0.6689323 0.7448569 0.1331648 0.5359267 0.1721375 0.1440056 0.0985724 0.1501019 0.1564668 0.5439828 0.5781371 0.5971178 0.1401932 0.5511523 0.1305381 0.1578263 0.5712730 0.1579203 0.1512658 0.1241184 0.6152048 0.1775162 0.1428439 0.3889059 0.6646953 0.5985137 0.1953392 0.1971339 0.1534633 0.1311241 0.1845841 0.1152859 0.2394370 0.1594160 0.1580282 0.7623710 0.4200223 0.1541888 0.1984658 
Perityle_cuneata_4                         1.0499451 0.5543387 0.7446848 0.7589808 0.6984007 0.5492894 0.6924898 0.4850185 0.7781511 0.6326751 0.7373638 0.6719670 0.8152393 0.3512455 0.5679189 1.1180716 0.9326670 0.7854053 0.1102942 0.0970082 0.6589330 0.6965704 0.4559397 0.7360202 0.7070130 0.7048086 0.8247723 0.7059544 0.8984897 0.1424094 0.5143587 0.7009872 0.0000000 1.1835813 0.8837568 0.5911469 0.1457912 1.1496935 0.7117149 0.7034713 0.4692284 0.4504117 0.2904876 0.7148962 0.1170086 0.7296123 0.6857129 0.4598325 0.6983950 0.6934929 0.1161940 0.1650759 0.8431441 0.6728525 0.7934620 0.6508203 0.5532996 0.1740742 0.7001334 0.6853942 0.5914632 0.8464982 0.6773558 0.6577771 0.7303431 0.1709357 0.8282364 0.6372652 0.6392056 0.6932895 0.5940427 0.6791173 0.4873102 0.7267217 0.7440987 0.6200288 0.3620606 0.5691915 0.6937085 0.5886310 
Perityle_discoidea_81                      0.4473871 0.8564067 0.8512965 1.0246417 0.8477873 0.9139872 0.8792665 0.8656447 0.9362972 0.8730447 0.7864136 0.7819874 0.8395530 1.2425674 0.7757660 0.5186066 0.9418787 0.7226136 1.1816839 1.1965708 0.8009598 0.8154335 1.0178854 0.8282423 0.8818921 0.8397879 0.9208946 0.8030043 1.0116012 1.1404149 0.9597158 0.7926173 1.1835813 0.0000000 0.9133364 0.7853090 1.1779184 0.2689104 0.7726040 0.8047705 1.0145663 1.0881752 1.1490521 0.8243457 1.0561824 0.8051858 0.8275565 0.8176299 0.8124788 0.8213548 1.1303971 1.1698096 0.9270442 0.8137927 0.9119748 0.8607696 0.9032859 1.1573574 0.7997377 0.7869380 0.8260914 0.9153991 0.8658158 0.7607839 0.8505109 1.2776373 0.9131790 0.9666189 0.9221811 0.8172801 0.8561239 0.8205050 0.8265708 0.8206402 0.8152060 0.8390351 1.1782816 0.9746058 0.7781317 0.7467279 
Perityle_dissecta_201                      0.9753292 0.5091468 0.5753513 0.7492016 0.6396707 0.4342189 0.6867560 0.2231859 0.7013173 0.5933883 0.6222045 0.6246252 0.5804347 1.0511769 0.5806248 1.0245787 0.0269331 0.6271205 0.8519929 0.6408643 0.6144663 0.5725513 0.4133105 0.7810051 0.6405777 0.5821195 0.0532761 0.6053361 0.1489623 0.6820316 0.4683170 0.6134364 0.8837568 0.9133364 0.0000000 0.5715705 0.6868067 0.9574261 0.6085932 0.5841842 0.9930115 1.0201832 0.8987589 0.5656964 0.6449732 0.6234920 0.6085875 0.3779453 0.5805843 0.5542555 0.6687856 0.7229103 0.0093262 0.5750610 0.1034294 0.5528322 0.5295554 0.7490236 0.5803357 0.5570857 0.4998889 0.0158033 0.6363013 0.6084816 0.7120896 0.8609258 0.0195769 0.6159431 0.6180255 0.5683732 0.4717379 0.6322390 0.4414173 0.6470871 0.6384447 0.5853467 0.7806387 0.5068375 0.5660206 0.5352041 
Perityle_emoryi_47_punta_san_jose          0.7241637 0.0330458 0.1006895 0.3062924 0.0702772 0.3204178 0.1368777 0.2388014 0.3415800 0.0486419 0.0737934 0.0234364 0.1623661 0.6411473 0.0192600 0.7582372 0.5963872 0.1710144 0.6339846 0.4270317 0.0292235 0.1078873 0.0748878 0.3688497 0.1068268 0.1092055 0.4997680 0.0446778 0.5752131 0.4370557 0.0195486 0.1067858 0.5911469 0.7853090 0.5715705 0.0000000 0.4432618 0.8145034 0.1081131 0.1053524 0.6534680 0.6610908 0.6568078 0.1020602 0.4284634 0.1320373 0.1110234 0.0719645 0.1188962 0.1107072 0.4620583 0.4683485 0.5437872 0.1001414 0.4787307 0.1046690 0.0428750 0.4618053 0.1145570 0.1082934 0.0798530 0.5284585 0.0883223 0.0057659 0.1827371 0.6080103 0.5391444 0.1449819 0.0435494 0.1077080 0.0915034 0.0259352 0.0812874 0.0510210 0.1209075 0.0242006 0.6237542 0.3608850 0.1097305 0.0105603 
Perityle_feddemae_99                       0.9356952 0.4755611 0.4940128 0.5860997 0.4781757 0.5150895 0.5837527 0.4718443 0.5842371 0.4326036 0.4413918 0.4674579 0.4825395 0.1300469 0.4587693 1.0020310 0.7025490 0.5158543 0.1013309 0.0976835 0.4691937 0.4651448 0.5027456 0.5564098 0.4789217 0.4831110 0.6206852 0.4926475 0.7054160 0.1029751 0.4989799 0.5367226 0.1457912 1.1779184 0.6868067 0.4432618 0.0000000 1.0454481 0.4984400 0.5023108 0.3659614 0.3672009 0.0218066 0.4902356 0.0192794 0.5147122 0.4537648 0.4810206 0.4646049 0.4513556 0.0226812 0.1051187 0.6233672 0.4568955 0.6288386 0.4548679 0.4918347 0.1726908 0.4636512 0.4418128 0.4757680 0.6339136 0.4926099 0.4529640 0.4802091 0.1127708 0.6377001 0.4723324 0.4617359 0.4658676 0.4455669 0.4819836 0.4514115 0.4885279 0.5418651 0.4380706 0.1309883 0.5820036 0.4553720 0.3540034 
Perityle_fosteri_93                        0.3697638 0.8440185 0.8093239 1.0051983 0.8054466 0.8972573 0.9126632 0.8612035 0.9361355 0.8177017 0.7669095 0.7892358 0.7719530 1.2663848 0.7687362 0.3897551 0.9783274 0.7972738 0.9993732 1.0169533 0.7976423 0.7185686 0.9443029 0.8889803 0.7913890 0.7231835 0.9155765 0.7922682 0.9878674 1.1399063 0.8256345 0.7477012 1.1496935 0.2689104 0.9574261 0.8145034 1.0454481 0.0000000 0.7860708 0.7174963 1.0984991 1.0892511 1.1407519 0.6856751 1.0082334 0.7563492 0.7588113 0.7882131 0.7267402 0.7377363 1.0557481 1.1271685 0.9607879 0.7272160 0.9306771 0.7114695 0.8681684 1.0940804 0.7264792 0.6974055 0.7603174 0.9511925 0.7857749 0.8127687 0.8449746 1.0856557 0.9448534 0.7812850 0.8379380 0.7127335 0.7385077 0.7932903 0.7438388 0.7950408 0.7826398 0.8534410 1.0633404 1.1046608 0.7084794 0.6519535 
Perityle_gamon_221                         0.7344401 0.1547108 0.3399540 0.3569447 0.1764193 0.3374733 0.1792642 0.2884552 0.3681347 0.1835102 0.2021945 0.1596026 0.2294580 0.7376963 0.1346776 0.7880570 0.6798172 0.2428126 0.7002463 0.4664103 0.1441774 0.1024744 0.1400508 0.4992040 0.2498742 0.0984518 0.5904087 0.2094572 0.6401314 0.4808222 0.1536925 0.1569361 0.7117149 0.7726040 0.6085932 0.1081131 0.4984400 0.7860708 0.0000000 0.0973221 0.6776356 0.6974457 0.6883249 0.0935975 0.4817113 0.0920995 0.0958526 0.0885161 0.0916108 0.1014161 0.4904543 0.5309979 0.6174004 0.0931673 0.5427468 0.0849167 0.1550217 0.4850275 0.1009996 0.0986214 0.1357723 0.6823307 0.1643691 0.1387126 0.4527003 0.6546198 0.5900485 0.1749966 0.1981485 0.0989598 0.1025662 0.1686684 0.0634007 0.2849416 0.1121096 0.1757080 0.7294085 0.4433819 0.0990171 0.1593923 
Perityle_gentryi_8_san_francisco           0.7225573 0.1328519 0.2854150 0.3571561 0.1609948 0.3336369 0.1842201 0.2952368 0.3568520 0.1567217 0.1966045 0.1584765 0.1602342 0.7366631 0.1368426 0.7940208 0.6584078 0.2075319 0.6821481 0.4675847 0.1501491 0.0580788 0.1678501 0.4294039 0.2160655 0.0541131 0.5653915 0.1770991 0.6221843 0.4953246 0.1460024 0.1577636 0.7034713 0.8047705 0.5841842 0.1053524 0.5023108 0.7174963 0.0973221 0.0000000 0.6234528 0.6373555 0.6427268 0.0510279 0.4958712 0.1177189 0.0522923 0.1103621 0.0449806 0.0571198 0.5286565 0.5245904 0.5876107 0.0478748 0.5096396 0.0375351 0.1453868 0.5057306 0.0582607 0.0547662 0.1234280 0.6085850 0.1537276 0.1361561 0.4269388 0.6628150 0.5675660 0.1350035 0.1836471 0.0562156 0.0669916 0.1607329 0.0293192 0.2841303 0.1125964 0.1654200 0.7738988 0.4009657 0.0563910 0.1501008 
Perityle_gilensis_22_Superstition          1.1994218 0.6439190 0.7092652 0.8410381 0.6999507 0.6145196 0.7101699 0.5225605 0.7225460 0.6554474 0.6768217 0.6853167 0.6738755 0.6644621 0.6139873 1.3935620 1.0065864 0.7407760 0.4530076 0.3520353 0.6825881 0.6536133 0.5541470 0.8241989 0.6610420 0.6634410 0.9039255 0.6575965 1.0251845 0.3456932 0.5767469 0.6495505 0.4692284 1.0145663 0.9930115 0.6534680 0.3659614 1.0984991 0.6776356 0.6234528 0.0000000 0.0024610 0.5758973 0.6499596 0.3580761 0.7280664 0.6726871 0.5648533 0.6469220 0.6312882 0.3853746 0.3907569 0.9288255 0.6523239 0.8300477 0.6449089 0.6405733 0.4549366 0.6607306 0.6341481 0.6543492 0.9512971 0.7069671 0.6706643 0.7420503 0.5178684 0.9517567 0.6656942 0.6372195 0.6527437 0.6299158 0.6869786 0.5927216 0.6756385 0.7375789 0.7054083 0.5023873 0.8106704 0.6498099 0.5198669 
Perityle_gilensis_salensis_225             1.1941037 0.6480475 0.7242413 0.8572561 0.7136873 0.6462393 0.7218621 0.5701676 0.7284369 0.6715559 0.6933455 0.7022064 0.7253158 0.6873381 0.6294799 1.3617611 1.0405746 0.7684866 0.4205103 0.3450803 0.6889260 0.6774442 0.5541470 0.8454691 0.7046063 0.6866784 0.9366462 0.6731345 1.0342795 0.3393708 0.5813864 0.6689323 0.4504117 1.0881752 1.0201832 0.6610908 0.3672009 1.0892511 0.6974457 0.6373555 0.0024610 0.0000000 0.5841128 0.6723502 0.3515821 0.7534912 0.6865001 0.5648533 0.6643032 0.6566871 0.3789834 0.3843961 0.9533353 0.6725304 0.8440888 0.6582788 0.6446354 0.4469164 0.6841121 0.6575776 0.6543492 0.9827481 0.7295020 0.6823224 0.7945714 0.5281461 0.9525621 0.6878325 0.6535103 0.6780066 0.6443966 0.7021409 0.5973261 0.6935222 0.7546595 0.7110911 0.5424831 0.8123468 0.6739240 0.5505159 
Perityle_glaucescens_94                    0.9573296 0.5712441 0.6900007 0.7759379 0.6815419 0.5226853 0.7143935 0.4993218 0.7992618 0.6432342 0.6789750 0.6510059 0.6832802 0.1391085 0.5067865 1.2075886 0.9505947 0.8049670 0.2591397 0.1028769 0.6654113 0.6350658 0.5141410 0.8959966 0.6401900 0.6457518 0.8186941 0.6952959 1.0200510 0.1074824 0.5056144 0.7448569 0.2904876 1.1490521 0.8987589 0.6568078 0.0218066 1.1407519 0.6883249 0.6427268 0.5758973 0.5841128 0.0000000 0.6492943 0.0272492 0.7084927 0.6243059 0.4776093 0.6296116 0.6258953 0.0371934 0.1143656 0.8335502 0.6199096 0.8541344 0.6251033 0.5966073 0.1790342 0.6362021 0.6214702 0.4984363 0.8395018 0.7040827 0.6434063 0.6878262 0.2315643 0.8348570 0.6331581 0.6719264 0.6320401 0.6302153 0.6636952 0.4849719 0.7236217 0.7324909 0.6391773 0.2344293 0.6915928 0.6307778 0.3513297 
Perityle_gracilis_11                       0.6970383 0.1197994 0.2307697 0.3538725 0.1580012 0.3205684 0.1791940 0.2697404 0.3728865 0.1596378 0.1567620 0.1485538 0.1443050 0.7233449 0.1244127 0.7583175 0.6487133 0.2225914 0.6679679 0.4672748 0.1400731 0.0115447 0.1367152 0.4415652 0.1663767 0.0073192 0.5419690 0.1693418 0.6016416 0.5020704 0.1181978 0.1331648 0.7148962 0.8243457 0.5656964 0.1020602 0.4902356 0.6856751 0.0935975 0.0510279 0.6499596 0.6723502 0.6492943 0.0000000 0.4797335 0.1079933 0.0245650 0.0912083 0.0036503 0.0106190 0.5231409 0.5288257 0.5683248 0.0173130 0.4991646 0.0120949 0.1261057 0.4969034 0.0113699 0.0084801 0.1109899 0.5633478 0.1310969 0.1364912 0.3781378 0.6443865 0.5452422 0.0792736 0.1577282 0.0083985 0.0146491 0.1493196 0.0024454 0.2429788 0.1056374 0.1647441 0.7167855 0.3940296 0.0094347 0.1298152 
Perityle_harkerae_31                       0.8964181 0.4796470 0.4949857 0.5591493 0.4696568 0.4505022 0.5740064 0.4484131 0.5810072 0.4358693 0.4374226 0.4645583 0.4708193 0.1281333 0.4619752 0.9609319 0.6566237 0.5238262 0.0987286 0.0902913 0.4626369 0.4594089 0.4923474 0.5165346 0.4713709 0.4761813 0.5862712 0.4703005 0.6578840 0.0939948 0.4954524 0.5359267 0.1170086 1.0561824 0.6449732 0.4284634 0.0192794 1.0082334 0.4817113 0.4958712 0.3580761 0.3515821 0.0272492 0.4797335 0.0000000 0.5190480 0.4573621 0.4838543 0.4665117 0.4447691 0.0115817 0.1003268 0.5743933 0.4539274 0.5907050 0.4540059 0.4605481 0.1631299 0.4535155 0.4349094 0.4734092 0.5925558 0.4827440 0.4602741 0.4657109 0.1065595 0.5934303 0.4524605 0.4565326 0.4535647 0.4388078 0.4821567 0.4428928 0.4729999 0.5206808 0.4404750 0.1298113 0.5345736 0.4491569 0.3352184 
Perityle_hofmeisteria_4_nombre_de_dios     0.7377617 0.1799326 0.3696890 0.3891077 0.1975542 0.3364549 0.2059838 0.2980781 0.4070539 0.2013521 0.2162978 0.1851162 0.2929866 0.7272077 0.1602700 0.7897793 0.7060925 0.2572846 0.6829887 0.5056603 0.1665653 0.1125880 0.1691741 0.4801566 0.2644597 0.1357492 0.6145356 0.2295169 0.6806220 0.5141403 0.1665109 0.1721375 0.7296123 0.8051858 0.6234920 0.1320373 0.5147122 0.7563492 0.0920995 0.1177189 0.7280664 0.7534912 0.7084927 0.1079933 0.5190480 0.0000000 0.1128501 0.1104836 0.1163137 0.1158803 0.5124061 0.5535518 0.6325800 0.1052469 0.5467063 0.1081788 0.1692073 0.5497456 0.1220765 0.1195699 0.1605375 0.7287122 0.1987169 0.1626066 0.4780345 0.6718607 0.6091196 0.1759221 0.2204707 0.1065346 0.1218554 0.1980308 0.0852101 0.3302250 0.1336512 0.1934514 0.7711298 0.4763203 0.1097562 0.1794122 
Perityle_huecosensis_48                    0.7231297 0.1340363 0.2602517 0.3558826 0.1657998 0.3368704 0.1888671 0.2914008 0.3503879 0.1702986 0.1683339 0.1518173 0.1691882 0.7069103 0.1312248 0.7748783 0.6962688 0.2272282 0.6531423 0.4403672 0.1486988 0.0331539 0.1522365 0.4844400 0.1736964 0.0293533 0.6022482 0.1766220 0.6485568 0.4594874 0.1278981 0.1440056 0.6857129 0.8275565 0.6085875 0.1110234 0.4537648 0.7588113 0.0958526 0.0522923 0.6726871 0.6865001 0.6243059 0.0245650 0.4573621 0.1128501 0.0000000 0.0874759 0.0328475 0.0318932 0.4897882 0.4839009 0.6098293 0.0193047 0.5452190 0.0119966 0.1476708 0.4838382 0.0294570 0.0308499 0.1221155 0.6208048 0.1439097 0.1397575 0.4073498 0.6084455 0.5885896 0.0831048 0.1734264 0.0313751 0.0337322 0.1523212 0.0198314 0.2793513 0.1077681 0.1633819 0.6974305 0.3905485 0.0304878 0.1308785 
