82
Amauria_brandeegeana_62                    0.0000000 0.0522249 0.1315495 0.5722907 0.4377652 0.2423557 0.5246041 0.2239120 0.5342989 0.5706027 0.3994872 0.4593022 0.4780563 0.5137344 0.3440835 0.4568373 0.3835143 0.4258527 0.3226083 0.4736357 0.3936031 0.2825738 0.2140688 0.5041703 0.3290628 0.5016820 0.5031936 0.3751571 0.5253105 0.1953790 0.3238710 0.5438894 0.4193846 0.4745085 0.0828666 0.4104499 0.3996415 0.6211157 0.3048998 0.4315169 0.5441135 0.3974735 0.3664485 0.4388203 0.6161434 0.4406158 0.2795356 0.4685505 0.3945122 0.3571672 0.4919694 0.3600632 0.4340170 0.5978615 0.3157127 0.3989197 0.3230287 0.3561523 0.4036072 0.4022711 0.3906180 0.3875246 0.4584947 0.4260546 0.4817639 0.5064199 0.2928579 0.0787719 0.4899003 0.4815215 0.4976071 0.4678259 0.2623805 0.3840346 0.1078306 0.5248209 0.3973383 0.4071010 0.4383219 0.2365056 0.4349432 0.3999559 
Amauria_carterae_99_mesa                   0.0522249 0.0000000 0.0554267 0.3280202 0.2087546 0.1290312 0.2651985 0.1007160 0.2711903 0.2242687 0.2196822 0.1780262 0.1933820 0.2653821 0.1976120 0.2293605 0.1983064 0.1413003 0.2659248 0.1879013 0.1813359 0.0828128 0.0565821 0.2015633 0.1741483 0.1830513 0.2271562 0.2345919 0.2324384 0.0719856 0.2253619 0.2244710 0.2204172 0.2007386 0.0560145 0.2576789 0.1577067 0.2179158 0.1879836 0.1768144 0.2549151 0.2596767 0.1669418 0.2861133 0.2147279 0.1696839 0.0772481 0.1746052 0.1911720 0.2662107 0.1819418 0.1918060 0.1971053 0.2102849 0.1986958 0.2338929 0.1696814 0.1675620 0.1726130 0.1774566 0.1859031 0.2301805 0.1879501 0.2061671 0.2103335 0.2274164 0.0156630 0.1042310 0.2137425 0.1695423 0.2148165 0.1733981 0.1638663 0.2361236 0.0835672 0.2327620 0.2524036 0.1821613 0.1844853 0.2247284 0.1726401 0.1510174 
Amauria_rotundifolia_SRR9119150            0.1315495 0.0554267 0.0000000 0.6337510 0.5100155 0.2365810 0.5303885 0.2219753 0.5424669 0.6098899 0.4628763 0.5247228 0.5363429 0.5305897 0.3797788 0.5224339 0.5375238 0.4616429 0.3385502 0.5212875 0.4665445 0.3186951 0.2165344 0.5626055 0.3473135 0.5399598 0.5535828 0.4237241 0.6578516 0.1927311 0.3423394 0.5847404 0.4171493 0.5189306 0.1194699 0.5668087 0.4100932 0.6976428 0.3359851 0.4712155 0.5900415 0.5402284 0.3844707 0.5358851 0.7688589 0.4817515 0.3079110 0.5539379 0.4514753 0.4125080 0.5431245 0.3897328 0.4858939 0.6177272 0.3538351 0.4014534 0.3314803 0.3673654 0.4728395 0.4225691 0.4392415 0.4656429 0.5639794 0.4285521 0.5252267 0.5458813 0.4328633 0.0829747 0.4872704 0.5620145 0.5181181 0.5580571 0.3327851 0.4438655 0.1285705 0.5669812 0.4734910 0.4744786 0.4963694 0.2614572 0.5017069 0.4471022 
Conoclinium_coelestinum_SRR9119114         0.5722907 0.3280202 0.6337510 0.0000000 0.4084674 0.2938470 0.1967977 0.2931939 0.4171316 0.4558170 0.4397867 0.4498089 0.4839279 0.6632665 0.3420550 0.4853745 0.3300122 0.5843035 0.4425911 0.4474174 0.4047055 0.4427593 0.3415125 0.4860669 0.3595198 0.4725261 0.4754019 0.4392054 0.6626608 0.4259772 0.4605421 0.4757648 0.3759899 0.4714001 0.4204391 0.6888446 0.4142763 0.6807644 0.4806684 0.4694840 0.7107806 0.6915977 0.4442981 0.6648505 0.7051543 0.4563352 0.4099708 0.4695097 0.4184615 0.6617832 0.4705818 0.3771322 0.4561512 0.5084930 0.3616721 0.4018128 0.5203023 0.3055485 0.4729929 0.3775391 0.6973413 0.5102342 0.4650004 0.4606481 0.4713436 0.5010097 0.3027902 0.2035388 0.5044915 0.4486874 0.6261570 0.4732987 0.3570338 0.3892420 0.2582863 0.5163170 0.4524857 0.4242149 0.4584605 0.3921717 0.4645632 0.4381363 
Eutetras_palmeri_63                        0.4377652 0.2087546 0.5100155 0.4084674 0.0000000 0.0319291 0.3011471 0.2435080 0.3408251 0.2819797 0.0994681 0.3043752 0.2657751 0.5259992 0.1646569 0.2018283 0.0598065 0.3820767 0.2519218 0.3120068 0.1531535 0.2694524 0.1237948 0.3246175 0.1860239 0.3101504 0.3047500 0.2462640 0.5322260 0.2382857 0.1791244 0.2361662 0.1713773 0.2380518 0.3270162 0.4159592 0.2420926 0.5830823 0.2414517 0.2306019 0.5596436 0.4240901 0.1971443 0.4408503 0.6320703 0.2570815 0.2202066 0.2937171 0.1978777 0.3878530 0.2510475 0.2130566 0.2059245 0.2632069 0.1669426 0.1909848 0.2871914 0.1745610 0.2028185 0.2851517 0.4863826 0.2380963 0.2823908 0.2140713 0.2849466 0.2001925 0.0908388 0.1101409 0.3355648 0.3115199 0.4373964 0.2942534 0.1165172 0.1630388 0.1372288 0.2049886 0.2253707 0.1753376 0.2177728 0.2755122 0.2407062 0.2072589 
Eutetras_pringlei_149_quer                 0.2423557 0.1290312 0.2365810 0.2938470 0.0319291 0.0000000 0.2414908 0.1601400 0.2418214 0.1810881 0.1189041 0.2242408 0.2152427 0.2298459 0.2162227 0.1942323 0.0243665 0.1545753 0.2665869 0.2029894 0.1953274 0.2220039 0.0558305 0.2212488 0.2113800 0.2322343 0.2383696 0.2230943 0.2022723 0.2445072 0.1690092 0.1647868 0.1752952 0.2357467 0.1440491 0.1925657 0.1713970 0.2498783 0.2654897 0.2034519 0.2255664 0.1840995 0.2160870 0.1648729 0.2589283 0.1979394 0.1892275 0.2313384 0.2253828 0.1816030 0.1446167 0.2124125 0.2334892 0.3022761 0.2029340 0.2104535 0.2336953 0.2110706 0.2276404 0.2230257 0.2353265 0.2409951 0.2066563 0.2205346 0.2205495 0.2093695 0.0000010 0.1183563 0.2149853 0.1374290 0.2314929 0.2180011 0.1356548 0.1424325 0.1412524 0.1897917 0.2252664 0.2202837 0.2171140 0.1058747 0.2209912 0.1683827 
Eutrochium_fistulosum_SRR9119106           0.5246041 0.2651985 0.5303885 0.1967977 0.3011471 0.2414908 0.0000000 0.2320387 0.3699588 0.3998644 0.3256830 0.3542490 0.3700554 0.6035489 0.2450647 0.3336379 0.1560286 0.5103692 0.3805890 0.3650563 0.2291581 0.3264097 0.2423546 0.3772957 0.2583021 0.3701542 0.3935861 0.3950157 0.5344917 0.3610645 0.3603986 0.3971889 0.2634457 0.3564535 0.2764451 0.5995024 0.3286520 0.6103526 0.4562731 0.3720545 0.5949518 0.6108969 0.3108273 0.5185275 0.6399642 0.3442395 0.2810485 0.3630763 0.2615662 0.5906054 0.3678500 0.2744675 0.2891412 0.3715257 0.2565209 0.3256346 0.4245340 0.2102849 0.3520720 0.3455938 0.6158319 0.3949496 0.3546062 0.3616855 0.3873047 0.3542192 0.1365981 0.1115277 0.3796652 0.3429153 0.5256878 0.3458521 0.1809232 0.2843095 0.1535948 0.3702815 0.3704101 0.2675454 0.3398217 0.3227384 0.3517699 0.3675763 
Galeana_pratensis_104_mex                  0.2239120 0.1007160 0.2219753 0.2931939 0.2435080 0.1601400 0.2320387 0.0000000 0.2397703 0.3219566 0.2564055 0.2737463 0.3344025 0.2828794 0.2136536 0.2888373 0.2598421 0.2108766 0.2982786 0.2795261 0.2668450 0.1926341 0.0892486 0.3242150 0.1947139 0.3277325 0.3429684 0.3476924 0.2533827 0.1713576 0.3029386 0.3488785 0.2812103 0.3364696 0.1171888 0.3346894 0.2421931 0.2547100 0.2169089 0.2306352 0.3193783 0.3159181 0.2179186 0.2800246 0.2711128 0.3156507 0.1798114 0.3244763 0.2533282 0.3105666 0.2985451 0.2040941 0.2863308 0.3060738 0.2118214 0.2129843 0.2969036 0.2161073 0.3103886 0.2617381 0.2490891 0.3274716 0.3183176 0.2833554 0.3451321 0.2806721 0.2061165 0.1155370 0.2448760 0.2802644 0.2869108 0.3232765 0.1872753 0.2247759 0.1620637 0.3228173 0.3012735 0.2797753 0.3193915 0.1982681 0.3194460 0.2518188 
Helianthus_annuus_SRR9119062               0.5342989 0.2711903 0.5424669 0.4171316 0.3408251 0.2418214 0.3699588 0.2397703 0.0000000 0.3756820 0.3500711 0.3983431 0.3739547 0.6304959 0.2725297 0.3050135 0.2284159 0.5540529 0.3161760 0.4052600 0.2792917 0.3917778 0.2721564 0.3814106 0.2974259 0.3909450 0.3976601 0.4043630 0.5860194 0.3093786 0.3462599 0.3726536 0.2697290 0.3975496 0.3813336 0.5886582 0.3555929 0.6593975 0.4378285 0.3356646 0.6689490 0.6017994 0.3264262 0.4999995 0.6742546 0.3805977 0.3131852 0.3979943 0.3139129 0.5981976 0.3722309 0.3243036 0.3247305 0.4108217 0.2873572 0.3100813 0.4029054 0.2709881 0.3926844 0.3867806 0.6017420 0.3935784 0.3766320 0.3908840 0.3919617 0.3623550 0.1919701 0.1473408 0.3655507 0.3471719 0.6258354 0.3841858 0.2445141 0.2520737 0.2021266 0.3837722 0.3328374 0.2925213 0.3799387 0.3199569 0.3886947 0.3728333 
Lycapsus_tenuifolius_17                    0.5706027 0.2242687 0.6098899 0.4558170 0.2819797 0.1810881 0.3998644 0.3219566 0.3756820 0.0000000 0.2585329 0.3514285 0.3222020 0.5951431 0.3253543 0.2751157 0.0579966 0.5537348 0.3699588 0.3680691 0.2052218 0.5037051 0.2316279 0.3283275 0.3493319 0.3238502 0.3183240 0.5186935 0.5790712 0.3874546 0.3034931 0.2920103 0.0046298 0.3179287 0.3271256 0.6222467 0.3292556 0.6175982 0.4398323 0.3316314 0.6010011 0.6132869 0.3285902 0.4801594 0.6377182 0.3256188 0.4621404 0.3209651 0.2651093 0.5678612 0.2995967 0.3613848 0.3099908 0.4074397 0.3333157 0.3708820 0.4450011 0.2773642 0.3077808 0.4000550 0.5731364 0.3415778 0.3152162 0.4201931 0.3214952 0.3743534 0.0815696 0.1419196 0.4076814 0.2775934 0.4418208 0.3052196 0.1408536 0.2030347 0.1757041 0.3667419 0.3024131 0.2506861 0.3026781 0.2882570 0.3137383 0.2618058 
Pericome_caudata_50_silver                 0.3994872 0.2196822 0.4628763 0.4397867 0.0994681 0.1189041 0.3256830 0.2564055 0.3500711 0.2585329 0.0000000 0.3152188 0.2906491 0.5207022 0.2205535 0.2370206 0.0441183 0.3555558 0.2943988 0.3324001 0.1701604 0.3036639 0.1313199 0.3449111 0.2437798 0.3328428 0.3300547 0.3277877 0.5805880 0.1996158 0.1770608 0.2660135 0.1495386 0.2505791 0.3172993 0.3834455 0.2518652 0.6102840 0.2545139 0.2436886 0.5516885 0.3978030 0.2095471 0.4168410 0.6659012 0.2684415 0.2702322 0.3109915 0.2266598 0.3994800 0.2644062 0.2382956 0.2352495 0.3070408 0.2373397 0.3638195 0.4505138 0.2174933 0.2207954 0.3079142 0.5368150 0.2779259 0.3166129 0.2842765 0.3189309 0.2324984 0.0811906 0.1334481 0.3615596 0.3172713 0.4470175 0.3193224 0.1213215 0.2315165 0.1791174 0.2464799 0.2386608 0.2003262 0.2360326 0.2853199 0.2527029 0.1899074 
Perityle_aglossa_84_dead_horse             0.4593022 0.1780262 0.5247228 0.4498089 0.3043752 0.2242408 0.3542490 0.2737463 0.3983431 0.3514285 0.3152188 0.0000000 0.0847823 0.2222628 0.0728269 0.2654423 0.0362778 0.4714510 0.2934059 0.0874303 0.0544174 0.0725530 0.2100383 0.1053872 0.0706542 0.1114681 0.1287208 0.4411385 0.5679654 0.3352041 0.2937838 0.2883273 0.2337665 0.0781187 0.2722874 0.6421645 0.0569441 0.6117327 0.4121999 0.0740231 0.2313895 0.6529634 0.0635230 0.5015026 0.7026820 0.1013452 0.0888252 0.0772084 0.1060808 0.5813118 0.0974122 0.0777154 0.0919008 0.2943181 0.0503017 0.2661223 0.3962498 0.0752217 0.0769012 0.0778782 0.4885191 0.3328225 0.0850170 0.3276085 0.1282614 0.2861926 0.1017765 0.0544562 0.1661865 0.1039463 0.4088313 0.0828352 0.0579647 0.1505981 0.0374019 0.3084277 0.3621792 0.0993823 0.0253514 0.2826923 0.0796050 0.2681551 
Perityle_ajoensis_204                      0.4780563 0.1933820 0.5363429 0.4839279 0.2657751 0.2152427 0.3700554 0.3344025 0.3739547 0.3222020 0.2906491 0.0847823 0.0000000 0.1902037 0.0452212 0.2328879 0.0235228 0.5155483 0.2919801 0.0556895 0.0362627 0.0826587 0.2220610 0.0578670 0.0634719 0.0734740 0.0964475 0.4335459 0.5251762 0.3492495 0.3090857 0.2670763 0.2315833 0.0661223 0.2746075 0.6361218 0.0381066 0.5839999 0.4317469 0.0695613 0.2091611 0.6383115 0.0591904 0.5076648 0.5944205 0.0886319 0.0858299 0.0628256 0.0836432 0.6049682 0.1030221 0.0709492 0.0600211 0.2592432 0.0357935 0.2641858 0.4112992 0.0778018 0.0666705 0.0884016 0.4878177 0.2956372 0.0775148 0.3284933 0.0983848 0.2713236 0.0626689 0.0640256 0.1320321 0.0751501 0.4185857 0.0691507 0.0304090 0.1228813 0.0203157 0.2864072 0.3187382 0.0627749 0.0726807 0.2574698 0.0704373 0.2832173 
Perityle_ambrosiifolia_67_green            0.5137344 0.2653821 0.5305897 0.6632665 0.5259992 0.2298459 0.6035489 0.2828794 0.6304959 0.5951431 0.5207022 0.2222628 0.1902037 0.0000000 0.1948469 0.4874906 0.4432178 0.4907534 0.4705100 0.1951864 0.2493973 0.0790621 0.2461331 0.1696837 0.1889356 0.1823581 0.2443827 0.6088490 0.5959135 0.3631089 0.5585755 0.5453250 0.5032807 0.2074509 0.3166430 0.6908205 0.1648026 0.6623799 0.4840659 0.1532697 0.0522513 0.7108724 0.2055505 0.6100208 0.6693325 0.2127006 0.0911424 0.2002672 0.2473197 0.6806156 0.2288804 0.1895564 0.1942140 0.5130612 0.1488607 0.4727078 0.4070308 0.2101320 0.2158722 0.1927172 0.5518029 0.5602371 0.2098668 0.5622502 0.2433709 0.5307835 0.3097676 0.0690327 0.2077445 0.2139626 0.4708190 0.2034298 0.2838944 0.3977949 0.0245755 0.5519142 0.5654482 0.2338750 0.2003742 0.3242559 0.2090448 0.5097139 
Perityle_angustifolia_13_Eagle_creek       0.3440835 0.1976120 0.3797788 0.3420550 0.1646569 0.2162227 0.2450647 0.2136536 0.2725297 0.3253543 0.2205535 0.0728269 0.0452212 0.1948469 0.0000000 0.2679993 0.0599252 0.3266924 0.2567996 0.0667577 0.0454903 0.0532134 0.1822351 0.0271524 0.0456264 0.0504190 0.0904950 0.3279740 0.3621290 0.2655962 0.2699897 0.2992847 0.2635618 0.0575034 0.2212421 0.5095923 0.0163556 0.4602235 0.2608875 0.0175034 0.1901870 0.5118769 0.0400777 0.4445644 0.4785846 0.0724958 0.0763105 0.0503727 0.0657476 0.4917414 0.0682629 0.0393853 0.0322730 0.2458115 0.0097112 0.2799304 0.4053232 0.0585457 0.0618239 0.0617371 0.4138828 0.2574939 0.0794316 0.2659781 0.0818351 0.2610425 0.0460252 0.0451919 0.0713932 0.0416209 0.3552288 0.0520925 0.0404979 0.0853599 0.0000010 0.2641532 0.2465452 0.0570893 0.0670128 0.2764676 0.0625529 0.1827207 
Perityle_batopilensis_97                   0.4568373 0.2293605 0.5224339 0.4853745 0.2018283 0.1942323 0.3336379 0.2888373 0.3050135 0.2751157 0.2370206 0.2654423 0.2328879 0.4874906 0.2679993 0.0000000 0.0869214 0.4913888 0.3162255 0.2772315 0.1906787 0.3883704 0.2718727 0.2119182 0.2602184 0.1985107 0.2096352 0.2914215 0.4690666 0.3223699 0.2633215 0.2632613 0.2480151 0.2258555 0.3233674 0.6064028 0.2389009 0.5596628 0.2543508 0.2224975 0.5039068 0.5866348 0.2435367 0.5354236 0.5712932 0.2140024 0.3598512 0.2254209 0.2203125 0.5298337 0.1780925 0.2678727 0.2080384 0.2598227 0.2608106 0.2795464 0.3706346 0.2532636 0.2228013 0.2623082 0.5357496 0.2190194 0.2137383 0.2779180 0.2191150 0.2857320 0.0991914 0.1213418 0.2995265 0.1523296 0.4240293 0.2259653 0.1382932 0.1407035 0.1683449 0.2936673 0.1889229 0.1768073 0.2186939 0.2835497 0.2255860 0.1900550 
Perityle_bisetosa_9                        0.3835143 0.1983064 0.5375238 0.3300122 0.0598065 0.0243665 0.1560286 0.2598421 0.2284159 0.0579966 0.0441183 0.0362778 0.0235228 0.4432178 0.0599252 0.0869214 0.0000000 0.0656151 0.0786047 0.0164832 0.0389963 0.0000010 0.1152752 0.0913461 0.0296202 0.0814152 0.0731966 0.0779923 0.4356649 0.0226445 0.0800441 0.0773522 0.0588520 0.0255442 0.3956159 0.5591724 0.0433207 0.5024722 0.0341230 0.0777436 0.4761691 0.5287052 0.0421952 0.5378279 0.5314711 0.0937860 0.0000010 0.0282871 0.1116826 0.4440408 0.0954330 0.0544715 0.0840512 0.0768590 0.0057090 0.0400225 0.0120325 0.0453724 0.0341911 0.0336949 0.5153185 0.0831649 0.0268508 0.0930796 0.0502726 0.0749494 0.0964382 0.0000010 0.1374434 0.0963783 0.3038129 0.0355889 0.0368227 0.0897226 0.0000010 0.0764857 0.0950950 0.0828442 0.0302315 0.2604934 0.0331819 0.0663357 
Perityle_californica_76_positas            0.4258527 0.1413003 0.4616429 0.5843035 0.3820767 0.1545753 0.5103692 0.2108766 0.5540529 0.5537348 0.3555558 0.4714510 0.5155483 0.4907534 0.3266924 0.4913888 0.0656151 0.0000000 0.4463802 0.5081653 0.3148980 0.4275147 0.1345524 0.4988611 0.3942399 0.5012001 0.4907715 0.5319028 0.4808553 0.2995758 0.2711631 0.4403274 0.3304233 0.4917315 0.1870979 0.4043064 0.4347512 0.5983598 0.4077615 0.4729577 0.4709556 0.4114956 0.4517595 0.2321416 0.6019144 0.4915706 0.3258276 0.4879068 0.3839953 0.4154303 0.4455189 0.4326851 0.4378390 0.5983449 0.3155716 0.4013465 0.4315480 0.3077920 0.4796805 0.4698003 0.4031962 0.4468338 0.4550425 0.5232779 0.4904165 0.5042495 0.0526626 0.1021017 0.4474505 0.3807355 0.4777423 0.4739126 0.1999154 0.2679415 0.1871171 0.5756070 0.4548807 0.3664305 0.4536798 0.2000866 0.4563419 0.4277940 
Perityle_canescens_77                      0.3226083 0.2659248 0.3385502 0.4425911 0.2519218 0.2665869 0.3805890 0.2982786 0.3161760 0.3699588 0.2943988 0.2934059 0.2919801 0.4705100 0.2567996 0.3162255 0.0786047 0.4463802 0.0000000 0.3139063 0.2438799 0.3118053 0.2492767 0.2849995 0.2568033 0.2919023 0.2778917 0.3341183 0.5315884 0.2771967 0.1934027 0.3653875 0.3058677 0.2910943 0.2910920 0.3914517 0.2555081 0.6222331 0.2361005 0.2634205 0.4714787 0.3886651 0.2522788 0.4121519 0.6301113 0.2912009 0.2904066 0.2767257 0.2655867 0.3806951 0.2725512 0.2656354 0.2802635 0.3942831 0.2884526 0.3863447 0.4468755 0.2474571 0.2648610 0.2748614 0.4943130 0.2647844 0.2659717 0.3289816 0.2907026 0.3432333 0.0430660 0.1512453 0.3265330 0.2466645 0.4673632 0.2730978 0.1428275 0.2333081 0.1681649 0.3855790 0.1018526 0.2589427 0.2598910 0.3684168 0.2669969 0.2261125 
Perityle_castillonii_96                    0.4736357 0.1879013 0.5212875 0.4474174 0.3120068 0.2029894 0.3650563 0.2795261 0.4052600 0.3680691 0.3324001 0.0874303 0.0556895 0.1951864 0.0667577 0.2772315 0.0164832 0.5081653 0.3139063 0.0000000 0.0563572 0.0766690 0.2269150 0.0789914 0.0736355 0.0945804 0.1160173 0.4368021 0.5124619 0.3459255 0.3243409 0.3257301 0.2462956 0.0739389 0.2706331 0.5885787 0.0539367 0.5729874 0.4387531 0.0667343 0.2049476 0.6097949 0.0620520 0.4822813 0.6000168 0.1046651 0.0911729 0.0689285 0.1077136 0.5750383 0.1154339 0.0802713 0.0712810 0.3100672 0.0458532 0.2782361 0.4107901 0.0889562 0.0770692 0.0879409 0.4945545 0.3505190 0.0887768 0.3505985 0.1212676 0.2952049 0.0680889 0.0543747 0.1466640 0.0971103 0.4313574 0.0736305 0.0440272 0.1478043 0.0161799 0.3207015 0.3694337 0.0878314 0.0758103 0.2751235 0.0819234 0.2969204 
Perityle_cernua_84                         0.3936031 0.1813359 0.4665445 0.4047055 0.1531535 0.1953274 0.2291581 0.2668450 0.2792917 0.2052218 0.1701604 0.0544174 0.0362627 0.2493973 0.0454903 0.1906787 0.0389963 0.3148980 0.2438799 0.0563572 0.0000000 0.0427609 0.1868036 0.0627686 0.0418468 0.0763163 0.0832941 0.2394532 0.4351610 0.2556714 0.2185032 0.1867722 0.2307729 0.0221571 0.2743993 0.5727302 0.0106580 0.5207301 0.1977419 0.0536815 0.2695339 0.5590919 0.0413288 0.5136587 0.5441375 0.0657430 0.0407517 0.0338144 0.0879637 0.5127433 0.0803995 0.0488077 0.0611127 0.1614348 0.0311646 0.1920854 0.3213507 0.0541382 0.0481867 0.0496009 0.4777691 0.1998066 0.0529440 0.1940077 0.0797902 0.1766697 0.0759550 0.0268664 0.1237703 0.0652760 0.3642200 0.0474755 0.0435221 0.1123223 0.0168155 0.1848996 0.2200733 0.0793628 0.0483112 0.2771365 0.0448453 0.1597305 
Perityle_cfvillosa_25_tin                  0.2825738 0.0828128 0.3186951 0.4427593 0.2694524 0.2220039 0.3264097 0.1926341 0.3917778 0.5037051 0.3036639 0.0725530 0.0826587 0.0790621 0.0532134 0.3883704 0.0000010 0.4275147 0.3118053 0.0766690 0.0427609 0.0000000 0.1775448 0.0652420 0.0675371 0.0786467 0.0989573 0.4770397 0.2993228 0.2947105 0.3821293 0.3593294 0.3247434 0.0562455 0.0915663 0.3486327 0.0420914 0.3802654 0.3153294 0.0391808 0.0671804 0.3427659 0.0063855 0.2339491 0.3792545 0.0720413 0.0763336 0.0082069 0.0163451 0.3454880 0.0689890 0.0649089 0.0649207 0.3824314 0.0486304 0.3286427 0.3882252 0.0772793 0.0163741 0.0080704 0.2653319 0.3529119 0.0663958 0.3575413 0.1046247 0.3854611 0.0156060 0.0511191 0.0672108 0.0205159 0.3276732 0.0171534 0.0040152 0.1651611 0.0161279 0.3941145 0.3049687 0.0628905 0.0563420 0.0961541 0.0000010 0.2456912 
Perityle_cinerea_113_Powell1310            0.2140688 0.0565821 0.2165344 0.3415125 0.1237948 0.0558305 0.2423546 0.0892486 0.2721564 0.2316279 0.1313199 0.2100383 0.2220610 0.2461331 0.1822351 0.2718727 0.1152752 0.1345524 0.2492767 0.2269150 0.1868036 0.1775448 0.0000000 0.2534997 0.1969506 0.2399143 0.2197615 0.2349990 0.2531145 0.1703703 0.2225071 0.2410767 0.2313635 0.2281391 0.0941796 0.2522194 0.1822438 0.2531862 0.1294188 0.2281885 0.2302350 0.2566013 0.2182056 0.2019482 0.2669863 0.2045926 0.1691581 0.2208521 0.2759521 0.2585723 0.2271415 0.1920216 0.2385097 0.2898114 0.1740748 0.2270040 0.2268159 0.1708850 0.2361897 0.1938933 0.2709368 0.2605218 0.2067383 0.2422489 0.2158133 0.2589561 0.0797368 0.0127887 0.2408244 0.2375784 0.2061316 0.2234824 0.0988059 0.1639633 0.0440864 0.2563951 0.2450954 0.2420195 0.2151174 0.1202130 0.2171773 0.2007770 
Perityle_coahuilensis_24                   0.5041703 0.2015633 0.5626055 0.4860669 0.3246175 0.2212488 0.3772957 0.3242150 0.3814106 0.3283275 0.3449111 0.1053872 0.0578670 0.1696837 0.0271524 0.2119182 0.0913461 0.4988611 0.2849995 0.0789914 0.0627686 0.0652420 0.2534997 0.0000000 0.0530758 0.0539461 0.0960494 0.4242978 0.5654254 0.3368527 0.3153322 0.2994650 0.2423703 0.0797341 0.2931847 0.6434456 0.0461899 0.5955807 0.4352782 0.0238169 0.1872971 0.6379088 0.0729866 0.5076966 0.6848823 0.0684633 0.0735898 0.0775590 0.0718394 0.5808969 0.0655533 0.0489606 0.0388950 0.2346209 0.0254605 0.2755993 0.4031542 0.0619144 0.0788211 0.0788735 0.5082318 0.2662812 0.1358581 0.3156357 0.1032081 0.2946943 0.1620276 0.0546990 0.1034886 0.0582432 0.4105244 0.0865198 0.0692006 0.0798834 0.0079627 0.3191932 0.3797528 0.0530267 0.0862856 0.2757679 0.0834878 0.2777048 
Perityle_cochisensis_44_cave_creek         0.3290628 0.1741483 0.3473135 0.3595198 0.1860239 0.2113800 0.2583021 0.1947139 0.2974259 0.3493319 0.2437798 0.0706542 0.0634719 0.1889356 0.0456264 0.2602184 0.0296202 0.3942399 0.2568033 0.0736355 0.0418468 0.0675371 0.1969506 0.0530758 0.0000000 0.0551548 0.0835513 0.3590697 0.3604388 0.2913585 0.2930963 0.2888568 0.2448228 0.0579361 0.1805732 0.4926875 0.0305751 0.4747238 0.2561759 0.0350814 0.1788439 0.4838337 0.0472166 0.3939402 0.4924916 0.0544956 0.0744366 0.0548987 0.0483114 0.4689993 0.0455679 0.0202988 0.0579336 0.2767588 0.0365216 0.2707675 0.3861321 0.0585559 0.0652777 0.0504142 0.3794399 0.2644520 0.0640564 0.3102099 0.0904701 0.3031452 0.0343432 0.0455841 0.0994854 0.0299776 0.3610164 0.0505376 0.0276750 0.1070501 0.0080466 0.3066315 0.2594858 0.0445922 0.0494762 0.2355129 0.0611093 0.1883711 
Perityle_congesta_202                      0.5016820 0.1830513 0.5399598 0.4725261 0.3101504 0.2322343 0.3701542 0.3277325 0.3909450 0.3238502 0.3328428 0.1114681 0.0734740 0.1823581 0.0504190 0.1985107 0.0814152 0.5012001 0.2919023 0.0945804 0.0763163 0.0786467 0.2399143 0.0539461 0.0551548 0.0000000 0.1039921 0.4294373 0.5228770 0.3452368 0.3191633 0.2688490 0.2412728 0.0849152 0.2801813 0.6305592 0.0532550 0.5743560 0.4344740 0.0467220 0.2105738 0.6244039 0.0796420 0.5059199 0.5884355 0.0674135 0.0891159 0.0832516 0.0510170 0.5687985 0.0682469 0.0754271 0.0399764 0.2457505 0.0460983 0.2720229 0.4203908 0.0667046 0.0870642 0.0684706 0.4988510 0.2639082 0.0896112 0.3287630 0.1058619 0.2899926 0.1031030 0.0637341 0.0949008 0.0482168 0.4362603 0.0783101 0.0657594 0.1078768 0.0079082 0.3166995 0.3025233 0.0222126 0.0803510 0.2609298 0.0881667 0.2662442 
Perityle_cordifolia_27                     0.5031936 0.2271562 0.5535828 0.4754019 0.3047500 0.2383696 0.3935861 0.3429684 0.3976601 0.3183240 0.3300547 0.1287208 0.0964475 0.2443827 0.0904950 0.2096352 0.0731966 0.4907715 0.2778917 0.1160173 0.0832941 0.0989573 0.2197615 0.0960494 0.0835513 0.1039921 0.0000000 0.4376092 0.5717618 0.3319111 0.2935359 0.2651500 0.2416374 0.0943093 0.3164677 0.6155479 0.0994970 0.6304688 0.4505024 0.0746745 0.2446193 0.6169467 0.0881490 0.5178856 0.6400562 0.1029589 0.0924477 0.0921159 0.1054586 0.5634746 0.1062442 0.0898214 0.0753159 0.1786403 0.0784539 0.2633064 0.3881067 0.0915328 0.0885896 0.1106299 0.4996954 0.2773229 0.1200205 0.3199596 0.0310667 0.2765546 0.1432670 0.0901581 0.1682278 0.0929175 0.4654529 0.0939688 0.0631588 0.1357204 0.0383523 0.2985593 0.3171706 0.0902129 0.0985056 0.2995775 0.0944967 0.2760296 
Perityle_cordifolia_68_tecolote            0.3751571 0.2345919 0.4237241 0.4392054 0.2462640 0.2230943 0.3950157 0.3476924 0.4043630 0.5186935 0.3277877 0.4411385 0.4335459 0.6088490 0.3279740 0.2914215 0.0779923 0.5319028 0.3341183 0.4368021 0.2394532 0.4770397 0.2349990 0.4242978 0.3590697 0.4294373 0.4376092 0.0000000 0.5510769 0.3260664 0.2889360 0.4313011 0.3045927 0.4001667 0.2655126 0.5029395 0.3731032 0.6220699 0.2938045 0.3414878 0.6179379 0.4757074 0.3351148 0.4280094 0.6457169 0.3893971 0.4512948 0.4243551 0.2554007 0.4774388 0.3895465 0.3543839 0.3525591 0.4850509 0.3496747 0.3217704 0.0348685 0.2860447 0.3759511 0.4022278 0.5311360 0.2944477 0.4223547 0.3181076 0.4177196 0.3592610 0.0560794 0.1350921 0.4445068 0.3696396 0.4899241 0.4091872 0.1237366 0.2963313 0.1593148 0.3713092 0.3311440 0.2867568 0.3771404 0.3237634 0.4035968 0.2688414 
Perityle_coronopifolia_28_patagonia        0.5253105 0.2324384 0.6578516 0.6626608 0.5322260 0.2022723 0.5344917 0.2533827 0.5860194 0.5790712 0.5805880 0.5679654 0.5251762 0.5959135 0.3621290 0.4690666 0.4356649 0.4808553 0.5315884 0.5124619 0.4351610 0.2993228 0.2531145 0.5654254 0.3604388 0.5228770 0.5717618 0.5510769 0.0000000 0.3772945 0.5260266 0.5085610 0.4784797 0.5076563 0.2976755 0.4129757 0.4677245 0.3829222 0.4794557 0.4738354 0.6189213 0.3982842 0.4331670 0.3083202 0.3954359 0.4884609 0.2142775 0.5405843 0.4134773 0.3669577 0.5278867 0.4167474 0.4878184 0.5132875 0.3433289 0.4042028 0.3715796 0.3150795 0.4642497 0.4412686 0.4858463 0.6030689 0.5515664 0.5624281 0.5398117 0.5478588 0.3754840 0.0881709 0.5484559 0.5253526 0.5845961 0.5491329 0.3561434 0.4343629 0.1022531 0.5611310 0.5975406 0.4217959 0.4773936 0.1052787 0.4926699 0.5208905 
Perityle_crassifolia_70_ventanas           0.1953790 0.0719856 0.1927311 0.4259772 0.2382857 0.2445072 0.3610645 0.1713576 0.3093786 0.3874546 0.1996158 0.3352041 0.3492495 0.3631089 0.2655962 0.3223699 0.0226445 0.2995758 0.2771967 0.3459255 0.2556714 0.2947105 0.1703703 0.3368527 0.2913585 0.3452368 0.3319111 0.3260664 0.3772945 0.0000000 0.2505614 0.3746407 0.2816365 0.3444541 0.0932101 0.3056963 0.3104913 0.4403106 0.2279609 0.3193950 0.3518358 0.2862038 0.3072212 0.2737077 0.4559959 0.3259957 0.2677780 0.3293125 0.2644201 0.2884088 0.3161575 0.2982210 0.3060644 0.4506350 0.2734712 0.3208938 0.3323030 0.2703445 0.3239699 0.3298780 0.3050268 0.2313937 0.3214027 0.2731715 0.3395611 0.3732949 0.0226366 0.0714166 0.3519749 0.2405208 0.2751097 0.3318222 0.1510899 0.2091180 0.1759511 0.4627629 0.1783814 0.2770108 0.3178296 0.1225561 0.3220278 0.0766141 
Perityle_cuneata_34_cuneata_San_antonio    0.3238710 0.2253619 0.3423394 0.4605421 0.1791244 0.1690092 0.3603986 0.3029386 0.3462599 0.3034931 0.1770608 0.2937838 0.3090857 0.5585755 0.2699897 0.2633215 0.0800441 0.2711631 0.1934027 0.3243409 0.2185032 0.3821293 0.2225071 0.3153322 0.2930963 0.3191633 0.2935359 0.2889360 0.5260266 0.2505614 0.0000000 0.2907318 0.2195315 0.3182894 0.3171680 0.3669828 0.2723067 0.6185326 0.2147947 0.2790633 0.5631814 0.3723613 0.2601471 0.3994788 0.6347930 0.2952021 0.3245245 0.2970547 0.2641323 0.3454563 0.2893329 0.2943909 0.2744132 0.3536149 0.2826401 0.2860928 0.4006986 0.2737600 0.2927059 0.3226991 0.5386638 0.2577252 0.2693074 0.2618484 0.2903397 0.3171863 0.1006263 0.1448835 0.3266314 0.2686565 0.5123281 0.2989935 0.1278856 0.1952735 0.1548332 0.3490452 0.1630282 0.2464488 0.2708548 0.3182334 0.2914933 0.1822942 
Perityle_cuneata_4                         0.5438894 0.2244710 0.5847404 0.4757648 0.2361662 0.1647868 0.3971889 0.3488785 0.3726536 0.2920103 0.2660135 0.2883273 0.2670763 0.5453250 0.2992847 0.2632613 0.0773522 0.4403274 0.3653875 0.3257301 0.1867722 0.3593294 0.2410767 0.2994650 0.2888568 0.2688490 0.2651500 0.4313011 0.5085610 0.3746407 0.2907318 0.0000000 0.2138561 0.2569335 0.3230857 0.6154640 0.2820104 0.5982801 0.4290565 0.2730309 0.5500274 0.5858836 0.2683042 0.5071034 0.6477674 0.2781339 0.3547549 0.2474817 0.2492016 0.5482750 0.2650829 0.2903464 0.2364269 0.3485198 0.2870063 0.4161361 0.4647942 0.2328475 0.2382594 0.3255142 0.5472806 0.2934690 0.2434648 0.4146991 0.2330964 0.2890299 0.0930612 0.1520843 0.3386826 0.2663927 0.4498985 0.2459835 0.1521819 0.1989716 0.1348373 0.3346167 0.2888153 0.2004424 0.2331585 0.2884637 0.2427680 0.2753706 
Perityle_discoidea_81                      0.4193846 0.2204172 0.4171493 0.3759899 0.1713773 0.1752952 0.2634457 0.2812103 0.2697290 0.0046298 0.1495386 0.2337665 0.2315833 0.5032807 0.2635618 0.2480151 0.0588520 0.3304233 0.3058677 0.2462956 0.2307729 0.3247434 0.2313635 0.2423703 0.2448228 0.2412728 0.2416374 0.3045927 0.4784797 0.2816365 0.2195315 0.2138561 0.0000000 0.2452211 0.3121726 0.4979846 0.2104110 0.5167918 0.2423201 0.2224263 0.5119498 0.4988427 0.2165852 0.4223450 0.5304177 0.2346861 0.3368340 0.2292179 0.2536859 0.4860621 0.2105670 0.2490893 0.2343970 0.3088387 0.2705637 0.2958920 0.4006707 0.2578887 0.2288318 0.2562810 0.5477622 0.2696126 0.2197787 0.2519641 0.2383207 0.2682259 0.0835418 0.1363384 0.2942657 0.1753448 0.3701546 0.2310659 0.1435008 0.1745755 0.1755240 0.2838946 0.2073365 0.2274952 0.2235323 0.2854805 0.2308343 0.1300505 
Perityle_dissecta_201                      0.4745085 0.2007386 0.5189306 0.4714001 0.2380518 0.2357467 0.3564535 0.3364696 0.3975496 0.3179287 0.2505791 0.0781187 0.0661223 0.2074509 0.0575034 0.2258555 0.0255442 0.4917315 0.2910943 0.0739389 0.0221571 0.0562455 0.2281391 0.0797341 0.0579361 0.0849152 0.0943093 0.4001667 0.5076563 0.3444541 0.3182894 0.2569335 0.2452211 0.0000000 0.2945997 0.6047804 0.0361174 0.5810682 0.3815885 0.0623003 0.2280175 0.5923212 0.0481760 0.5165783 0.5800442 0.0750458 0.0656548 0.0450986 0.0844387 0.5636502 0.0875480 0.0613180 0.0650993 0.2397725 0.0457345 0.2619770 0.4072559 0.0684946 0.0580648 0.0635898 0.4874687 0.2752127 0.0668499 0.3171476 0.0940099 0.2561823 0.0773373 0.0447334 0.1172719 0.0758104 0.4578031 0.0554316 0.0395731 0.1322957 0.0284827 0.2809034 0.2911240 0.0798647 0.0610300 0.2973090 0.0542154 0.2569334 
Perityle_emoryi_47_punta_san_jose          0.0828666 0.0560145 0.1194699 0.4204391 0.3270162 0.1440491 0.2764451 0.1171888 0.3813336 0.3271256 0.3172993 0.2722874 0.2746075 0.3166430 0.2212421 0.3233674 0.3956159 0.1870979 0.2910920 0.2706331 0.2743993 0.0915663 0.0941796 0.2931847 0.1805732 0.2801813 0.3164677 0.2655126 0.2976755 0.0932101 0.3171680 0.3230857 0.3121726 0.2945997 0.0000000 0.3353340 0.2312672 0.3017761 0.1640592 0.2773151 0.3675917 0.3319122 0.2423901 0.3408772 0.3089673 0.2781831 0.0889078 0.2642241 0.2941956 0.3121856 0.2801492 0.2198770 0.2958415 0.3543439 0.1959396 0.2171503 0.1601237 0.1780286 0.2565939 0.2059404 0.2619603 0.3372632 0.2778315 0.3092327 0.3052367 0.3254204 0.2335455 0.0541752 0.3064422 0.2675497 0.2311274 0.2594758 0.2473035 0.3171670 0.0925828 0.3690656 0.3347749 0.2827980 0.2777316 0.2323299 0.2534958 0.2613608 
Perityle_feddemae_99                       0.4104499 0.2576789 0.5668087 0.6888446 0.4159592 0.1925657 0.5995024 0.3346894 0.5886582 0.6222467 0.3834455 0.6421645 0.6361218 0.6908205 0.5095923 0.6064028 0.5591724 0.4043064 0.3914517 0.5885787 0.5727302 0.3486327 0.2522194 0.6434456 0.4926875 0.6305592 0.6155479 0.5029395 0.4129757 0.3056963 0.3669828 0.6154640 0.4979846 0.6047804 0.3353340 0.0000000 0.5271587 0.3971665 0.2702626 0.5364425 0.7001335 0.0228675 0.4954654 0.0717318 0.4496629 0.5734766 0.3664424 0.5991994 0.5191058 0.0250296 0.5911925 0.5213806 0.5725670 0.7175434 0.4593713 0.5039661 0.4420914 0.4721693 0.5811613 0.5043137 0.6079083 0.5627263 0.6683021 0.4905568 0.6264874 0.5911043 0.4938821 0.1492759 0.5972555 0.6366356 0.6130183 0.6170033 0.4479093 0.5055845 0.2035639 0.6031398 0.3210457 0.5624908 0.5846212 0.2113211 0.5900026 0.4831190 
Perityle_fosteri_93                        0.3996415 0.1577067 0.4100932 0.4142763 0.2420926 0.1713970 0.3286520 0.2421931 0.3555929 0.3292556 0.2518652 0.0569441 0.0381066 0.1648026 0.0163556 0.2389009 0.0433207 0.4347512 0.2555081 0.0539367 0.0106580 0.0420914 0.1822438 0.0461899 0.0305751 0.0532550 0.0994970 0.3731032 0.4677245 0.3104913 0.2723067 0.2820104 0.2104110 0.0361174 0.2312672 0.5271587 0.0000000 0.5125724 0.3268772 0.0391206 0.1774082 0.5277270 0.0316347 0.4241745 0.5167787 0.0548790 0.0551163 0.0454208 0.0590292 0.5160767 0.0642553 0.0321840 0.0438864 0.2773464 0.0167277 0.2322476 0.3585651 0.0400838 0.0497019 0.0531664 0.4582910 0.3010429 0.0540776 0.3124736 0.0990485 0.2658922 0.0577975 0.0228319 0.0864291 0.0563585 0.3934412 0.0531827 0.0230610 0.1072346 0.0000010 0.3052732 0.2857733 0.0408215 0.0461846 0.2475140 0.0522616 0.2607314 
Perityle_gamon_221                         0.6211157 0.2179158 0.6976428 0.6807644 0.5830823 0.2498783 0.6103526 0.2547100 0.6593975 0.6175982 0.6102840 0.6117327 0.5839999 0.6623799 0.4602235 0.5596628 0.5024722 0.5983598 0.6222331 0.5729874 0.5207301 0.3802654 0.2531862 0.5955807 0.4747238 0.5743560 0.6304688 0.6220699 0.3829222 0.4403106 0.6185326 0.5982801 0.5167918 0.5810682 0.3017761 0.3971665 0.5125724 0.0000000 0.5735491 0.5212483 0.7023895 0.4095841 0.4881017 0.3087301 0.0585979 0.5576234 0.3351743 0.5906885 0.4855890 0.3985540 0.5594983 0.5008782 0.5443586 0.6883441 0.4548521 0.4767072 0.4312130 0.4561467 0.5616746 0.5214100 0.6769199 0.6374035 0.6053493 0.5983235 0.6181877 0.5906979 0.4295485 0.1084575 0.5835553 0.5550080 0.6745552 0.5841434 0.4032978 0.4700820 0.1618691 0.6040290 0.6121439 0.5112022 0.5739945 0.1873701 0.5640319 0.5614452 
Perityle_gentryi_8_san_francisco           0.3048998 0.1879836 0.3359851 0.4806684 0.2414517 0.2654897 0.4562731 0.2169089 0.4378285 0.4398323 0.2545139 0.4121999 0.4317469 0.4840659 0.2608875 0.2543508 0.0341230 0.4077615 0.2361005 0.4387531 0.1977419 0.3153294 0.1294188 0.4352782 0.2561759 0.4344740 0.4505024 0.2938045 0.4794557 0.2279609 0.2147947 0.4290565 0.2423201 0.3815885 0.1640592 0.2702626 0.3268772 0.5735491 0.0000000 0.3286160 0.5163783 0.2679686 0.2705606 0.2904357 0.5984900 0.3233385 0.2582959 0.4274705 0.2419730 0.2861787 0.3149919 0.2971674 0.3013825 0.4272012 0.2642854 0.2978797 0.3731746 0.2481002 0.3069510 0.3366687 0.3766822 0.3273965 0.3693944 0.2812677 0.4321001 0.3328660 0.0078173 0.0824581 0.4595749 0.3824656 0.4304438 0.4355518 0.1295196 0.1986130 0.1359603 0.3673267 0.2210160 0.2334121 0.3033501 0.2562066 0.3601522 0.2864692 
Perityle_gilensis_22_Superstition          0.4315169 0.1768144 0.4712155 0.4694840 0.2306019 0.2034519 0.3720545 0.2306352 0.3356646 0.3316314 0.2436886 0.0740231 0.0695613 0.1532697 0.0175034 0.2224975 0.0777436 0.4729577 0.2634205 0.0667343 0.0536815 0.0391808 0.2281885 0.0238169 0.0350814 0.0467220 0.0746745 0.3414878 0.4738354 0.3193950 0.2790633 0.2730309 0.2224263 0.0623003 0.2773151 0.5364425 0.0391206 0.5212483 0.3286160 0.0000000 0.1904091 0.5419939 0.0505879 0.4653351 0.5224535 0.0559254 0.0517725 0.0491977 0.0589741 0.5229303 0.0489800 0.0282816 0.0295541 0.2656250 0.0181050 0.2603987 0.3622746 0.0417888 0.0632662 0.0454034 0.4838079 0.2476919 0.0730592 0.2671707 0.0785235 0.2820913 0.1107274 0.0420142 0.0741282 0.0384151 0.3823687 0.0644711 0.0570341 0.0730631 0.0040761 0.2894272 0.2333008 0.0454234 0.0673166 0.2618625 0.0584658 0.2234321 
Perityle_gilensis_salensis_225             0.5441135 0.2549151 0.5900415 0.7107806 0.5596436 0.2255664 0.5949518 0.3193783 0.6689490 0.6010011 0.5516885 0.2313895 0.2091611 0.0522513 0.1901870 0.5039068 0.4761691 0.4709556 0.4714787 0.2049476 0.2695339 0.0671804 0.2302350 0.1872971 0.1788439 0.2105738 0.2446193 0.6179379 0.6189213 0.3518358 0.5631814 0.5500274 0.5119498 0.2280175 0.3675917 0.7001335 0.1774082 0.7023895 0.5163783 0.1904091 0.0000000 0.7366783 0.2281599 0.6038532 0.7329367 0.2309200 0.0877839 0.2127659 0.2710372 0.6723883 0.2613626 0.1818444 0.2296269 0.5243997 0.1572759 0.4764808 0.3996593 0.1959645 0.2349882 0.1797985 0.5780824 0.5831014 0.2281872 0.5826311 0.2518745 0.5358024 0.4128821 0.0635268 0.2490294 0.2226245 0.4809979 0.2254255 0.3114892 0.4249077 0.0161291 0.5486844 0.5858281 0.2632332 0.2212649 0.3436327 0.2264306 0.5269489 
Perityle_glaucescens_94                    0.3974735 0.2596767 0.5402284 0.6915977 0.4240901 0.1840995 0.6108969 0.3159181 0.6017994 0.6132869 0.3978030 0.6529634 0.6383115 0.7108724 0.5118769 0.5866348 0.5287052 0.4114956 0.3886651 0.6097949 0.5590919 0.3427659 0.2566013 0.6379088 0.4838337 0.6244039 0.6169467 0.4757074 0.3982842 0.2862038 0.3723613 0.5858836 0.4988427 0.5923212 0.3319122 0.0228675 0.5277270 0.4095841 0.2679686 0.5419939 0.7366783 0.0000000 0.4866808 0.0382872 0.4533221 0.5723644 0.3597089 0.5960679 0.5270350 0.0026034 0.5778629 0.5203266 0.5589394 0.6913948 0.4495108 0.4886053 0.4108232 0.4685344 0.5552010 0.5058591 0.6087934 0.5278699 0.6317793 0.4866456 0.6176091 0.5643858 0.4545420 0.1389121 0.5919956 0.6187183 0.6130970 0.6120392 0.4405794 0.5023703 0.1937876 0.5944606 0.3372147 0.5452272 0.5711111 0.2026350 0.5665957 0.4821917 
Perityle_gracilis_11                       0.3664485 0.1669418 0.3844707 0.4442981 0.1971443 0.2160870 0.3108273 0.2179186 0.3264262 0.3285902 0.2095471 0.0635230 0.0591904 0.2055505 0.0400777 0.2435367 0.0421952 0.4517595 0.2522788 0.0620520 0.0413288 0.0063855 0.2182056 0.0729866 0.0472166 0.0796420 0.0881490 0.3351148 0.4331670 0.3072212 0.2601471 0.2683042 0.2165852 0.0481760 0.2423901 0.4954654 0.0316347 0.4881017 0.2705606 0.0505879 0.2281599 0.4866808 0.0000000 0.4450868 0.4964238 0.0821370 0.0473393 0.0039276 0.0653083 0.4709243 0.0730075 0.0519597 0.0640595 0.2622020 0.0290844 0.2264649 0.3488029 0.0529855 0.0051688 0.0199335 0.4542234 0.2652012 0.0546665 0.2558839 0.0907684 0.2575373 0.0690139 0.0463753 0.1116558 0.0584371 0.3868769 0.0133229 0.0000010 0.1297232 0.0000010 0.2778366 0.2295185 0.0624850 0.0471301 0.2348135 0.0026071 0.1979889 
Perityle_harkerae_31                       0.4388203 0.2861133 0.5358851 0.6648505 0.4408503 0.1648729 0.5185275 0.2800246 0.4999995 0.4801594 0.4168410 0.5015026 0.5076648 0.6100208 0.4445644 0.5354236 0.5378279 0.2321416 0.4121519 0.4822813 0.5136587 0.2339491 0.2019482 0.5076966 0.3939402 0.5059199 0.5178856 0.4280094 0.3083202 0.2737077 0.3994788 0.5071034 0.4223450 0.5165783 0.3408772 0.0717318 0.4241745 0.3087301 0.2904357 0.4653351 0.6038532 0.0382872 0.4450868 0.0000000 0.2877178 0.4845818 0.2320164 0.4945640 0.4678176 0.0035308 0.4721029 0.4514153 0.5047348 0.5790867 0.3772575 0.4070224 0.2859192 0.3640676 0.5088487 0.3943925 0.5600436 0.5437263 0.5069827 0.4661661 0.5313009 0.5262747 0.4498795 0.1488801 0.5031527 0.4594018 0.4998534 0.5076338 0.4364067 0.4417035 0.2165134 0.5253863 0.4067545 0.4976407 0.5029825 0.2037767 0.4940881 0.4522150 
Perityle_hofmeisteria_4_nombre_de_dios     0.6161434 0.2147279 0.7688589 0.7051543 0.6320703 0.2589283 0.6399642 0.2711128 0.6742546 0.6377182 0.6659012 0.7026820 0.5944205 0.6693325 0.4785846 0.5712932 0.5314711 0.6019144 0.6301113 0.6000168 0.5441375 0.3792545 0.2669863 0.6848823 0.4924916 0.5884355 0.6400562 0.6457169 0.3954359 0.4559959 0.6347930 0.6477674 0.5304177 0.5800442 0.3089673 0.4496629 0.5167787 0.0585979 0.5984900 0.5224535 0.7329367 0.4533221 0.4964238 0.2877178 0.0000000 0.5580490 0.3486372 0.6485633 0.5098309 0.3808378 0.5753483 0.5198009 0.5605943 0.6832716 0.4793584 0.4906089 0.4406003 0.4825475 0.5664420 0.5282718 0.6501327 0.6580362 0.6763499 0.6240801 0.6031059 0.6089897 0.4964898 0.1169882 0.6079794 0.6681184 0.6550279 0.6749454 0.4131092 0.4828108 0.1642931 0.6151126 0.7136617 0.5411336 0.5787527 0.1964576 0.5666074 0.5907631 
Perityle_huecosensis_48                    0.4406158 0.1696839 0.4817515 0.4563352 0.2570815 0.1979394 0.3442395 0.3156507 0.3805977 0.3256188 0.2684415 0.1013452 0.0886319 0.2127006 0.0724958 0.2140024 0.0937860 0.4915706 0.2912009 0.1046651 0.0657430 0.0720413 0.2045926 0.0684633 0.0544956 0.0674135 0.1029589 0.3893971 0.4884609 0.3259957 0.2952021 0.2781339 0.2346861 0.0750458 0.2781831 0.5734766 0.0548790 0.5576234 0.3233385 0.0559254 0.2309200 0.5723644 0.0821370 0.4845818 0.5580490 0.0000000 0.0756522 0.0823017 0.0591418 0.5307291 0.0584841 0.0678252 0.0637175 0.2702504 0.0730387 0.2672513 0.3791751 0.0663354 0.0950567 0.0682063 0.4922678 0.2662593 0.0916274 0.3020668 0.1063628 0.2725614 0.1023766 0.0266556 0.1120625 0.0457088 0.4216903 0.0923123 0.0712910 0.1093054 0.0200742 0.2907986 0.2614522 0.0521189 0.0819647 0.2539008 0.0893220 0.2591638 
