81
Amauria_brandeegeana_62                    0.0000000 0.0487254 0.0493046 0.2362005 0.1046143 0.1137431 0.2140109 0.2448116 0.2340714 0.0744920 0.0832829 0.0877286 0.0989340 0.0800249 0.1000532 0.0769314 0.3763439 0.0984335 0.0790275 0.0965358 0.1080125 0.0870406 0.0874262 0.0851677 0.0852964 0.0869612 0.0672166 0.0885570 0.1193113 0.1245772 0.0820095 0.0791094 0.1584176 0.0627904 0.0836176 0.0912421 0.0901388 0.0897343 0.0850230 0.0670900 0.0870679 0.0673343 0.0913375 0.0852736 0.1157184 0.0855390 0.0877165 0.0608522 0.0851422 0.1017203 0.0849268 0.1734485 0.0853631 0.0962539 0.0930012 0.0951254 0.0844358 0.0868286 0.0784255 0.0692468 0.0818374 0.0918825 0.0840948 0.0657226 0.0876394 0.1289495 0.0609029 0.0763260 0.0878661 0.0847426 0.0884755 0.0862172 0.0835402 0.0854143 0.0806468 0.1048322 0.0815095 0.0884597 0.0789912 0.0789126 0.0918657 
Amauria_carterae_99_mesa                   0.0487254 0.0000000 0.0514703 0.1949959 0.0599365 0.0952242 0.1364249 0.2347303 0.1945784 0.0753265 0.0864096 0.0852182 0.0879113 0.0787754 0.0894155 0.0802349 0.4278358 0.0873374 0.0796211 0.0865987 0.0824516 0.0894723 0.0851733 0.0880462 0.0895344 0.0897194 0.0799014 0.0861932 0.1047340 0.1279136 0.0734178 0.0811589 0.1044324 0.0757360 0.0853042 0.0919051 0.0741846 0.0940745 0.0893424 0.0722128 0.0882745 0.0722127 0.0898116 0.0852938 0.1053982 0.0856531 0.0865987 0.0688535 0.0868343 0.0890148 0.0879109 0.0954951 0.0809969 0.0738254 0.0902578 0.0855093 0.0854529 0.0865987 0.0843855 0.0695426 0.0797475 0.0847927 0.0864520 0.0775113 0.0874963 0.0745867 0.0490763 0.0668503 0.0827823 0.0882839 0.0847336 0.0882865 0.0838939 0.0883296 0.0777244 0.0687784 0.0797185 0.0862720 0.0805023 0.0885386 0.0865987 
Amauria_rotundifolia_SRR9119150            0.0493046 0.0514703 0.0000000 0.2363167 0.1014779 0.1187089 0.2174883 0.2415924 0.2294601 0.0692996 0.0813162 0.0849277 0.0968721 0.0808298 0.0977337 0.0731375 0.3777327 0.0987305 0.0770376 0.0956040 0.1063158 0.0824226 0.0827025 0.0840935 0.0885144 0.0840907 0.0697142 0.0902713 0.1385787 0.1267887 0.0817730 0.0771179 0.1615589 0.0668783 0.0817115 0.0961398 0.0850545 0.0860433 0.0822133 0.0659385 0.0868648 0.0677052 0.0931659 0.0833793 0.1235957 0.0844627 0.0857658 0.0616340 0.0831931 0.1042091 0.0821198 0.1781014 0.0842707 0.1009574 0.0956339 0.0931646 0.0833554 0.0857658 0.0838729 0.0797573 0.0808131 0.1013235 0.0821335 0.0673187 0.0883737 0.1249920 0.0561014 0.0844807 0.0866677 0.0809955 0.0899809 0.0851476 0.0824544 0.0843392 0.0885082 0.1030596 0.0785998 0.0907422 0.0760992 0.1089470 0.0890988 
Conoclinium_coelestinum_SRR9119114         0.2362005 0.1949959 0.2363167 0.0000000 0.2471683 0.2354958 0.1365793 0.1372201 0.2523539 0.1915885 0.2495342 0.2547398 0.2224930 0.2364146 0.2095850 0.2425110 0.6927513 0.2157193 0.2432444 0.2526716 0.1777185 0.2616324 0.2475643 0.2545365 0.2361616 0.2503824 0.2371350 0.2086086 0.1691665 0.3182329 0.2045108 0.2440034 0.2263041 0.2024917 0.2459386 0.2439392 0.2092463 0.2604183 0.2594175 0.2178002 0.2548435 0.2253020 0.2474537 0.2462335 0.1887666 0.2493050 0.2526716 0.2199650 0.2555778 0.2479311 0.2477657 0.2939253 0.2434855 0.2276112 0.2475467 0.2383558 0.2539281 0.2526716 0.2140969 0.1705276 0.2391077 0.2222210 0.2517645 0.2312927 0.2324892 0.2267847 0.2240002 0.1946782 0.2156167 0.2585712 0.2460818 0.2555419 0.2528118 0.2531115 0.2367715 0.2384175 0.2421674 0.2479823 0.2396806 0.1436311 0.2526716 
Eutetras_palmeri_63                        0.1046143 0.0599365 0.1014779 0.2471683 0.0000000 0.0444189 0.2108420 0.2165524 0.2403285 0.1016292 0.1130897 0.1152195 0.0791483 0.0844679 0.0855643 0.1063509 0.3728615 0.0908328 0.1065718 0.1138911 0.0724909 0.1173518 0.1200260 0.1140585 0.1209537 0.1152972 0.1041468 0.0746111 0.1012070 0.1198115 0.0700867 0.1086644 0.2191195 0.0745629 0.1117190 0.1024011 0.0716118 0.1203425 0.1141096 0.0642884 0.1154477 0.0631244 0.1164196 0.1125046 0.1009027 0.1146393 0.1150996 0.0633611 0.1133783 0.1386313 0.1130540 0.1513627 0.1009173 0.0813523 0.0984734 0.0954179 0.1134875 0.1161449 0.1177286 0.0559127 0.1104684 0.0980325 0.1130379 0.1007610 0.1202945 0.1077274 0.0891904 0.0815197 0.0740138 0.1131284 0.0855608 0.1146328 0.1126091 0.1152611 0.0957602 0.1019255 0.1105090 0.0881567 0.1095052 0.0480012 0.1208499 
Eutetras_pringlei_149_quer                 0.1137431 0.0952242 0.1187089 0.2354958 0.0444189 0.0000000 0.1817512 0.2789769 0.2343260 0.1156789 0.1266450 0.1329540 0.1188543 0.1222998 0.1270515 0.1262473 0.4773467 0.1288770 0.1236886 0.1345045 0.1593722 0.1361546 0.1314432 0.1361383 0.1345784 0.1365401 0.1349399 0.1123883 0.1621430 0.2253060 0.1067258 0.1270846 0.1455840 0.1120715 0.1267179 0.1252483 0.1081436 0.1426358 0.1344475 0.0902978 0.1349746 0.0927362 0.1253437 0.1315523 0.1327545 0.1334613 0.1345045 0.0930615 0.1333281 0.1367420 0.1313453 0.1581039 0.1235412 0.1195455 0.1384565 0.1366217 0.1333531 0.1345045 0.1229250 0.1061430 0.1336065 0.1391849 0.1266902 0.1276079 0.1367316 0.1157291 0.0875768 0.0925686 0.1100672 0.1333929 0.1276036 0.1367662 0.1317571 0.1362484 0.1263424 0.1132003 0.1349846 0.1329125 0.1207398 0.1385845 0.1345045 
Eutrochium_fistulosum_SRR9119106           0.2140109 0.1364249 0.2174883 0.1365793 0.2108420 0.1817512 0.0000000 0.2235181 0.3109054 0.2078269 0.2300066 0.2253653 0.1528242 0.1795650 0.1553254 0.2227513 0.6037222 0.1550338 0.2238080 0.1910348 0.1447939 0.2291890 0.2144792 0.2292830 0.2268526 0.2321612 0.2273931 0.1451595 0.1364944 0.2367695 0.1654291 0.2242914 0.2411883 0.1630977 0.2268437 0.2292501 0.1370056 0.2342326 0.2276687 0.1552623 0.2102566 0.1505755 0.2708056 0.2270290 0.1602948 0.2265148 0.2278246 0.1543235 0.2273468 0.2344478 0.2248572 0.2750787 0.2002091 0.1850572 0.1799766 0.1654228 0.2273116 0.2278246 0.2162817 0.1172450 0.2208625 0.1615378 0.2325779 0.2244895 0.2254813 0.2001003 0.1921602 0.1587285 0.1554494 0.2272880 0.1720987 0.2288475 0.2241793 0.2258853 0.1580654 0.1823827 0.2168934 0.1818284 0.2252700 0.1267047 0.2205916 
Galeana_pratensis_104_mex                  0.2448116 0.2347303 0.2415924 0.1372201 0.2165524 0.2789769 0.2235181 0.0000000 0.2955710 0.2367463 0.2565083 0.2537808 0.2542893 0.2499161 0.2439909 0.2462027 0.3797775 0.2490334 0.2483649 0.2494661 0.2544669 0.2539833 0.2449588 0.2537808 0.2360939 0.2404755 0.2050743 0.2426017 0.1616873 0.2025255 0.2441573 0.2449588 0.2681108 0.2415189 0.2584002 0.2055879 0.2366641 0.2483132 0.2489824 0.2256675 0.2620291 0.2256675 0.2211348 0.2530407 0.2721299 0.2499166 0.2494661 0.2225406 0.2467657 0.2098578 0.2577230 0.2365142 0.2531971 0.2128360 0.2404755 0.2296704 0.2549478 0.2494661 0.2334995 0.1717351 0.2313067 0.2181846 0.2607557 0.1998946 0.2313288 0.2195150 0.2103864 0.2322775 0.2487033 0.2505404 0.2348848 0.2507097 0.2494661 0.2536611 0.1416212 0.2187716 0.2462179 0.2449588 0.2531196 0.2137986 0.2494661 
Helianthus_annuus_SRR9119062               0.2340714 0.1945784 0.2294601 0.2523539 0.2403285 0.2343260 0.3109054 0.2955710 0.0000000 0.2411065 0.2603568 0.2591428 0.2396849 0.2468520 0.2425793 0.2520332 0.5155661 0.2543582 0.2613240 0.2438148 0.2126547 0.2616862 0.2270019 0.2551186 0.2752769 0.2725173 0.2590430 0.2454524 0.2410154 0.3311196 0.2043268 0.2519496 0.3272758 0.2470238 0.2311244 0.2564715 0.2241001 0.2365982 0.2641342 0.2464157 0.2349603 0.2448835 0.2654945 0.2555093 0.2425458 0.2583430 0.2629132 0.2448869 0.2561456 0.2727985 0.2654614 0.3393851 0.2394881 0.2869253 0.2435539 0.2486229 0.2570509 0.2629132 0.2235866 0.2066192 0.2295670 0.2667915 0.2637690 0.2327266 0.2534355 0.3000911 0.2138863 0.2281680 0.2380775 0.2620806 0.2715126 0.2560430 0.2455118 0.2615558 0.2354758 0.2724482 0.2405198 0.2454089 0.2600972 0.1535087 0.2458769 
Pericome_caudata_50_silver                 0.0744920 0.0753265 0.0692996 0.1915885 0.1016292 0.1156789 0.2078269 0.2367463 0.2411065 0.0000000 0.0687839 0.0746529 0.0854454 0.0668539 0.0891694 0.0659566 0.3512451 0.0799027 0.0663635 0.0830362 0.0904457 0.0739641 0.0791863 0.0733564 0.0778451 0.0706060 0.0613044 0.0824982 0.1362340 0.1042475 0.0734337 0.0671964 0.1667752 0.0651356 0.0733093 0.0879449 0.0779747 0.0802516 0.0720154 0.0672194 0.0770768 0.0693834 0.0819763 0.0736860 0.1149291 0.0723160 0.0713140 0.0615709 0.0720989 0.1081336 0.0728396 0.1971499 0.0741517 0.1049929 0.0804178 0.0830811 0.0715078 0.0713140 0.0825299 0.0670198 0.0726102 0.0828589 0.0704065 0.0615341 0.0874974 0.1174561 0.0490281 0.0601305 0.0754024 0.0709661 0.0762729 0.0732502 0.0733230 0.0731997 0.0673743 0.0921059 0.0672457 0.0779529 0.0628775 0.0851307 0.0785293 
Perityle_aglossa_84_dead_horse             0.0832829 0.0864096 0.0813162 0.2495342 0.1130897 0.1266450 0.2300066 0.2565083 0.2603568 0.0687839 0.0000000 0.0206027 0.0199082 0.0041592 0.0575937 0.0112642 0.3889551 0.0368749 0.0121612 0.0207036 0.0161145 0.0212553 0.0176730 0.0196533 0.0332909 0.0240900 0.0814618 0.0958659 0.1095356 0.1225809 0.0874066 0.0134331 0.1155234 0.0806023 0.0173129 0.1037465 0.0329132 0.0244745 0.0177594 0.0877993 0.0202259 0.0923300 0.0964943 0.0202534 0.0606179 0.0186151 0.0208566 0.0805335 0.0186432 0.0400751 0.0178486 0.1293365 0.0158942 0.1210949 0.0261402 0.0384303 0.0186525 0.0205457 0.0918308 0.0865824 0.0222676 0.0260044 0.0039320 0.0783557 0.0411883 0.1278220 0.0623953 0.0146592 0.0159938 0.0173197 0.0919364 0.0214318 0.0176300 0.0194864 0.0137506 0.1042631 0.0384269 0.0171103 0.0020299 0.0914597 0.0198139 
Perityle_ajoensis_204                      0.0877286 0.0852182 0.0849277 0.2547398 0.1152195 0.1329540 0.2253653 0.2537808 0.2591428 0.0746529 0.0206027 0.0000000 0.0159110 0.0125478 0.0558362 0.0157538 0.3952542 0.0400712 0.0160184 0.0062348 0.0161368 0.0163731 0.0125612 0.0090576 0.0371543 0.0292708 0.0832870 0.0947622 0.1097755 0.1203938 0.0858452 0.0172618 0.1166420 0.0786947 0.0224620 0.1039437 0.0329609 0.0188930 0.0147957 0.0869295 0.0089189 0.0923500 0.1005525 0.0264423 0.0573734 0.0085312 0.0101899 0.0796727 0.0150764 0.0423893 0.0136929 0.1288765 0.0183399 0.1191487 0.0283958 0.0404633 0.0084712 0.0103964 0.0959766 0.0867857 0.0238885 0.0286949 0.0216109 0.0809767 0.0450371 0.1279481 0.0626662 0.0179644 0.0143621 0.0124752 0.0942461 0.0098348 0.0084071 0.0074748 0.0054696 0.1043974 0.0416256 0.0116827 0.0175073 0.0942947 0.0078549 
Perityle_ambrosiifolia_67_green            0.0989340 0.0879113 0.0968721 0.2224930 0.0791483 0.1188543 0.1528242 0.2542893 0.2396849 0.0854454 0.0199082 0.0159110 0.0000000 0.0120584 0.0579651 0.0129953 0.3769661 0.0410991 0.0138873 0.0182817 0.0143231 0.0089329 0.0134014 0.0179478 0.0373844 0.0311801 0.0934104 0.0973116 0.1139496 0.1426705 0.0946261 0.0139161 0.1431540 0.0875392 0.0200247 0.1099282 0.0343970 0.0119389 0.0079007 0.0946741 0.0189729 0.0954973 0.1109604 0.0199635 0.0573986 0.0170050 0.0179208 0.0887919 0.0059320 0.0217076 0.0138882 0.0374930 0.0158897 0.0911292 0.0334392 0.0417917 0.0159464 0.0179208 0.1007353 0.0902001 0.0258783 0.0328201 0.0188975 0.0879468 0.0356539 0.0885609 0.0644280 0.0182739 0.0150110 0.0069483 0.0955032 0.0179890 0.0149504 0.0169532 0.0194712 0.0814688 0.0354975 0.0138965 0.0150652 0.0915507 0.0183835 
Perityle_angustifolia_13_Eagle_creek       0.0800249 0.0787754 0.0808298 0.2364146 0.0844679 0.1222998 0.1795650 0.2499161 0.2468520 0.0668539 0.0041592 0.0125478 0.0120584 0.0000000 0.0498346 0.0050265 0.3736014 0.0310376 0.0058297 0.0123917 0.0035840 0.0142714 0.0096891 0.0127480 0.0256802 0.0210754 0.0757935 0.0859330 0.1020772 0.1203520 0.0829583 0.0058387 0.1248285 0.0714660 0.0083769 0.0968409 0.0241470 0.0159783 0.0116970 0.0782427 0.0134125 0.0820395 0.0965888 0.0100339 0.0533129 0.0117530 0.0135068 0.0725450 0.0108849 0.0112172 0.0108518 0.0573139 0.0058468 0.0779447 0.0210000 0.0322769 0.0108801 0.0133873 0.0841896 0.0795711 0.0143704 0.0210572 0.0049909 0.0715919 0.0264482 0.0793760 0.0578058 0.0065735 0.0062390 0.0100974 0.0843814 0.0134300 0.0108872 0.0118188 0.0097526 0.0714802 0.0289128 0.0099912 0.0041924 0.0813126 0.0124565 
Perityle_batopilensis_97                   0.1000532 0.0894155 0.0977337 0.2095850 0.0855643 0.1270515 0.1553254 0.2439909 0.2425793 0.0891694 0.0575937 0.0558362 0.0579651 0.0498346 0.0000000 0.0496347 0.3727128 0.0549528 0.0502166 0.0579901 0.0343773 0.0559523 0.0524211 0.0568563 0.0629306 0.0628541 0.0892291 0.1022889 0.1087817 0.1170179 0.0923127 0.0493648 0.1711755 0.0946616 0.0555049 0.1090906 0.0127377 0.0578680 0.0542670 0.0976204 0.0559475 0.1015237 0.1037766 0.0577705 0.0675198 0.0570107 0.0583148 0.0930587 0.0521501 0.0638015 0.0538773 0.0693883 0.0512940 0.0899287 0.0601381 0.0666194 0.0568441 0.0586094 0.0992688 0.0798789 0.0519476 0.0636959 0.0566520 0.0835755 0.0685143 0.0930673 0.0688765 0.0673192 0.0524237 0.0523942 0.1001523 0.0578862 0.0552100 0.0564402 0.0563087 0.0866909 0.0528960 0.0519555 0.0535303 0.0854387 0.0572212 
Perityle_bisetosa_9                        0.0769314 0.0802349 0.0731375 0.2425110 0.1063509 0.1262473 0.2227513 0.2462027 0.2520332 0.0659566 0.0112642 0.0157538 0.0129953 0.0050265 0.0496347 0.0000000 0.3843189 0.0329818 0.0065769 0.0135438 0.0089929 0.0155530 0.0100962 0.0169183 0.0274527 0.0201291 0.0724953 0.0854002 0.1016882 0.1112610 0.0766789 0.0078729 0.1073670 0.0731957 0.0123060 0.0946348 0.0260419 0.0171463 0.0126428 0.0809005 0.0150265 0.0850398 0.0838834 0.0155653 0.0543775 0.0152507 0.0176126 0.0732203 0.0137579 0.0336225 0.0123867 0.1245931 0.0087675 0.1125941 0.0230143 0.0298775 0.0150342 0.0163620 0.0862895 0.0820475 0.0159458 0.0221834 0.0123867 0.0713795 0.0358728 0.1227435 0.0547944 0.0098477 0.0083091 0.0118523 0.0839586 0.0165624 0.0148733 0.0149073 0.0124247 0.0982843 0.0310796 0.0108482 0.0086329 0.0837391 0.0151165 
Perityle_californica_76_positas            0.3763439 0.4278358 0.3777327 0.6927513 0.3728615 0.4773467 0.6037222 0.3797775 0.5155661 0.3512451 0.3889551 0.3952542 0.3769661 0.3736014 0.3727128 0.3843189 0.0000000 0.3567675 0.3837824 0.3928282 0.1621597 0.3928597 0.3915836 0.3915561 0.3888249 0.3869976 0.3561054 0.3974306 0.2202419 0.2350554 0.3625073 0.3829323 0.5849347 0.3427999 0.3886522 0.4037703 0.3531636 0.3951368 0.3927816 0.3593396 0.3912390 0.3687690 0.3939196 0.3842308 0.4978408 0.3971631 0.3933954 0.3587447 0.3885919 0.5717352 0.3904990 0.4180752 0.3787651 0.3766453 0.4588849 0.3631970 0.3923750 0.3933954 0.4094502 0.4700758 0.3866950 0.5098944 0.3886230 0.3567832 0.3910812 0.4198819 0.3748327 0.3474137 0.3669733 0.3901697 0.3736676 0.3945833 0.3931224 0.3930734 0.5531801 0.4078025 0.3766258 0.3696998 0.3829028 0.1465831 0.3981332 
Perityle_canescens_77                      0.0984335 0.0873374 0.0987305 0.2157193 0.0908328 0.1288770 0.1550338 0.2490334 0.2543582 0.0799027 0.0368749 0.0400712 0.0410991 0.0310376 0.0549528 0.0329818 0.3567675 0.0000000 0.0337428 0.0430047 0.0363817 0.0401967 0.0372480 0.0422434 0.0507609 0.0454215 0.0908749 0.0948274 0.1051564 0.1426749 0.0989974 0.0338149 0.1531636 0.0875243 0.0392079 0.1084002 0.0359591 0.0432720 0.0379248 0.0933656 0.0401551 0.0959623 0.1083437 0.0379933 0.0792218 0.0413504 0.0421777 0.0871935 0.0359602 0.0436425 0.0368508 0.0574150 0.0337512 0.0921288 0.0453151 0.0513007 0.0401634 0.0421777 0.0948084 0.0890591 0.0414078 0.0395069 0.0358021 0.0853641 0.0489729 0.0913290 0.0635068 0.0339543 0.0348631 0.0371255 0.0938663 0.0423432 0.0401960 0.0412199 0.0370538 0.0842015 0.0252945 0.0358321 0.0320463 0.0943037 0.0432513 
Perityle_castillonii_96                    0.0790275 0.0796211 0.0770376 0.2432444 0.1065718 0.1236886 0.2238080 0.2483649 0.2613240 0.0663635 0.0121612 0.0160184 0.0138873 0.0058297 0.0502166 0.0065769 0.3837824 0.0337428 0.0000000 0.0161573 0.0107049 0.0158479 0.0117050 0.0168255 0.0282153 0.0192538 0.0730507 0.0858530 0.1052805 0.1185558 0.0829839 0.0078947 0.1094304 0.0730681 0.0129621 0.0985007 0.0278604 0.0185991 0.0129588 0.0803979 0.0167609 0.0853700 0.0883761 0.0164381 0.0539283 0.0155101 0.0181291 0.0736761 0.0136843 0.0356997 0.0113478 0.1274754 0.0103090 0.1157759 0.0217440 0.0345123 0.0152548 0.0177287 0.0867453 0.0815746 0.0182513 0.0233902 0.0132558 0.0734381 0.0475913 0.1239509 0.0542747 0.0097542 0.0086452 0.0120776 0.0854192 0.0167622 0.0147914 0.0153939 0.0123703 0.0995069 0.0325227 0.1026207 0.0095373 0.0856968 0.0150098 
Perityle_cfvillosa_25_tin                  0.0965358 0.0865987 0.0956040 0.2526716 0.1138911 0.1345045 0.1910348 0.2494661 0.2438148 0.0830362 0.0207036 0.0062348 0.0182817 0.0123917 0.0579901 0.0135438 0.3928282 0.0430047 0.0161573 0.0000000 0.0163034 0.0171390 0.0127582 0.0062426 0.0374037 0.0299702 0.0881805 0.0935552 0.1097755 0.1440705 0.0967407 0.0171030 0.1185044 0.0838775 0.0226506 0.1122821 0.0351325 0.0198886 0.0161692 0.0930115 0.0062474 0.0923638 0.1158141 0.0226068 0.0590706 0.0044693 0.0000010 0.0869795 0.0143963 0.0220256 0.0125352 0.0903479 0.0198020 0.0853487 0.0295069 0.0424389 0.0035670 0.0000010 0.0895109 0.0850815 0.0262840 0.0300221 0.0206944 0.0821863 0.0358425 0.1028109 0.0710410 0.0163073 0.0142511 0.0144683 0.0937740 0.0053589 0.0035663 0.0062512 0.0082210 0.0949029 0.0404096 0.0134347 0.0163395 0.0913743 0.0000010 
Perityle_cinerea_113_Powell1310            0.1080125 0.0824516 0.1063158 0.1777185 0.0724909 0.1593722 0.1447939 0.2544669 0.2126547 0.0904457 0.0161145 0.0161368 0.0143231 0.0035840 0.0343773 0.0089929 0.1621597 0.0363817 0.0107049 0.0163034 0.0000000 0.0125869 0.0093061 0.0179826 0.0344965 0.0252311 0.0814525 0.0823067 0.0850179 0.0782715 0.0972975 0.0071218 0.2573019 0.0912960 0.0162613 0.1009830 0.0362793 0.0125832 0.0088989 0.0844264 0.0180322 0.0849263 0.1008385 0.0143335 0.0877173 0.0180039 0.0161278 0.0845557 0.0089279 0.0230079 0.0161111 0.0365508 0.0107099 0.0872242 0.0216420 0.0490782 0.0161784 0.0161278 0.0976380 0.0860809 0.0240922 0.0289539 0.0161043 0.0778533 0.0330745 0.1024209 0.0701724 0.0037790 0.0053192 0.0089908 0.0844561 0.0179821 0.0143501 0.0143314 0.0081657 0.0925773 0.0289700 0.0089092 0.0126738 0.0834929 0.0164659 
Perityle_coahuilensis_24                   0.0870406 0.0894723 0.0824226 0.2616324 0.1173518 0.1361546 0.2291890 0.2539833 0.2616862 0.0739641 0.0212553 0.0163731 0.0089329 0.0142714 0.0559523 0.0155530 0.3928597 0.0401967 0.0158479 0.0171390 0.0125869 0.0000000 0.0125917 0.0175804 0.0348523 0.0293980 0.0784022 0.0934960 0.1143927 0.1176072 0.0824165 0.0170924 0.1210471 0.0737716 0.0224936 0.1050970 0.0330525 0.0054132 0.0045100 0.0833444 0.0180144 0.0880388 0.0904033 0.0264876 0.0608631 0.0168670 0.0180485 0.0748489 0.0068128 0.0468873 0.0135277 0.1297887 0.0199859 0.1216695 0.0340147 0.0415955 0.0163096 0.0178573 0.0961010 0.0903419 0.0247684 0.0327215 0.0213930 0.0794675 0.0558993 0.1281614 0.0615748 0.0196412 0.0132906 0.0005067 0.0912712 0.0178425 0.0155435 0.0154343 0.0193519 0.1036013 0.0420461 0.0135324 0.0178418 0.0914812 0.0158712 
Perityle_cochisensis_44_cave_creek         0.0874262 0.0851733 0.0827025 0.2475643 0.1200260 0.1314432 0.2144792 0.2449588 0.2270019 0.0791863 0.0176730 0.0125612 0.0134014 0.0096891 0.0524211 0.0100962 0.3915836 0.0372480 0.0117050 0.0127582 0.0093061 0.0125917 0.0000000 0.0126066 0.0313642 0.0262210 0.0836873 0.0896204 0.1052136 0.1428547 0.0974375 0.0134141 0.1077419 0.0831925 0.0194737 0.1131424 0.0278228 0.0151897 0.0117066 0.0914023 0.0133203 0.0888623 0.1101955 0.0203094 0.0573036 0.0101181 0.0117154 0.0840321 0.0109313 0.0402977 0.0083372 0.1278549 0.0164081 0.1059467 0.0295288 0.0377596 0.0100592 0.0117154 0.0885822 0.0849457 0.0228752 0.0287299 0.0184523 0.0793777 0.0299722 0.1344325 0.0649194 0.0180076 0.0092991 0.0100965 0.0932788 0.0117529 0.0100898 0.0117605 0.0137647 0.1071650 0.0359048 0.0067910 0.0135414 0.0884128 0.0117532 
Perityle_congesta_202                      0.0851677 0.0880462 0.0840935 0.2545365 0.1140585 0.1361383 0.2292830 0.2537808 0.2551186 0.0733564 0.0196533 0.0090576 0.0179478 0.0127480 0.0568563 0.0169183 0.3915561 0.0422434 0.0168255 0.0062426 0.0179826 0.0175804 0.0126066 0.0000000 0.0379770 0.0297595 0.0822782 0.0961287 0.1186945 0.1241055 0.0887124 0.0182802 0.1197110 0.0783622 0.0222178 0.1042053 0.0340259 0.0191987 0.0154120 0.0866983 0.0062490 0.0924360 0.1020705 0.0255338 0.0608283 0.0041859 0.0062601 0.0797636 0.0154474 0.0446523 0.0139875 0.1353675 0.0193647 0.1202567 0.0317540 0.0434596 0.0034791 0.0055613 0.0908734 0.0903254 0.0255272 0.0327083 0.0203528 0.0776045 0.0444158 0.1300728 0.0648446 0.0212753 0.0144263 0.0141017 0.0966197 0.0062783 0.0035787 0.0083810 0.0095975 0.1074483 0.0381860 0.0144212 0.0169865 0.0971733 0.0054932 
Perityle_cordifolia_27                     0.0852964 0.0895344 0.0885144 0.2361616 0.1209537 0.1345784 0.2268526 0.2360939 0.2752769 0.0778451 0.0332909 0.0371543 0.0373844 0.0256802 0.0629306 0.0274527 0.3888249 0.0507609 0.0282153 0.0374037 0.0344965 0.0348523 0.0313642 0.0379770 0.0000000 0.0355840 0.0797777 0.0947901 0.1004327 0.1384986 0.0941447 0.0295550 0.1258941 0.0836235 0.0353115 0.1104771 0.0422525 0.0415552 0.0322386 0.0931044 0.0361548 0.0949763 0.0979091 0.0366808 0.0694854 0.0361187 0.0368826 0.0854347 0.0353273 0.0547778 0.0313368 0.1083881 0.0318436 0.1244841 0.0384980 0.0247530 0.0347605 0.0361530 0.0918580 0.0835485 0.0331262 0.0012772 0.0313504 0.0816679 0.0258594 0.1351529 0.0660206 0.0313151 0.0253601 0.0315807 0.0954053 0.0373225 0.0361017 0.0357165 0.0306765 0.1104721 0.0409408 0.0337821 0.0263037 0.0853857 0.0377613 
Perityle_cordifolia_68_tecolote            0.0869612 0.0897194 0.0840907 0.2503824 0.1152972 0.1365401 0.2321612 0.2404755 0.2725173 0.0706060 0.0240900 0.0292708 0.0311801 0.0210754 0.0628541 0.0201291 0.3869976 0.0454215 0.0192538 0.0299702 0.0252311 0.0293980 0.0262210 0.0297595 0.0355840 0.0000000 0.0791447 0.0949572 0.1092825 0.1264963 0.0940345 0.0221439 0.1220259 0.0844523 0.0269633 0.1101115 0.0369793 0.0328606 0.0255395 0.0923472 0.0295523 0.0973094 0.0952870 0.0307614 0.0712520 0.0288928 0.0305720 0.0857178 0.0269666 0.0537527 0.0242400 0.1366787 0.0232322 0.1259518 0.0053315 0.0444862 0.0284072 0.0318943 0.0943121 0.0939666 0.0271664 0.0381930 0.0261521 0.0802850 0.0574045 0.1341024 0.0642057 0.0263929 0.0247994 0.0257144 0.0955317 0.0293758 0.0278639 0.0277264 0.0278785 0.1094462 0.0399621 0.0272824 0.0219611 0.0857374 0.0287897 
Perityle_coronopifolia_28_patagonia        0.0672166 0.0799014 0.0697142 0.2371350 0.1041468 0.1349399 0.2273931 0.2050743 0.2590430 0.0613044 0.0814618 0.0832870 0.0934104 0.0757935 0.0892291 0.0724953 0.3561054 0.0908749 0.0730507 0.0881805 0.0814525 0.0784022 0.0836873 0.0822782 0.0797777 0.0791447 0.0000000 0.0879129 0.1080754 0.0969330 0.0762720 0.0754517 0.1683217 0.0558266 0.0841435 0.0723878 0.0787976 0.0882282 0.0762565 0.0576912 0.0812554 0.0581386 0.0725658 0.0848986 0.0907919 0.0811195 0.0789959 0.0519954 0.0801699 0.1177012 0.0766608 0.1965331 0.0804659 0.0657174 0.0919047 0.0884596 0.0796660 0.0782376 0.0380201 0.0312090 0.0801300 0.0943319 0.0781441 0.0052415 0.1068963 0.1174970 0.0561283 0.0839696 0.0793500 0.0757263 0.0856574 0.0813030 0.0830611 0.0792671 0.0894762 0.0970574 0.0760603 0.0832135 0.0743944 0.0451677 0.0885569 
Perityle_crassifolia_70_ventanas           0.0885570 0.0861932 0.0902713 0.2086086 0.0746111 0.1123883 0.1451595 0.2426017 0.2454524 0.0824982 0.0958659 0.0947622 0.0973116 0.0859330 0.1022889 0.0854002 0.3974306 0.0948274 0.0858530 0.0935552 0.0823067 0.0934960 0.0896204 0.0961287 0.0947901 0.0949572 0.0879129 0.0000000 0.0349392 0.1284426 0.0924761 0.0873356 0.1624519 0.0788863 0.0939559 0.0914588 0.0865570 0.0964101 0.0920597 0.0763634 0.0963538 0.0763513 0.0910471 0.0935078 0.1186037 0.0953098 0.0935552 0.0696836 0.0911162 0.0984256 0.0933481 0.0951135 0.0883462 0.0810527 0.0953510 0.0962098 0.0937892 0.0935552 0.0841076 0.0796349 0.0876662 0.0967662 0.0933572 0.0844099 0.0930889 0.0855834 0.0681399 0.0856813 0.0865036 0.0911327 0.0032417 0.0950445 0.0923588 0.0950012 0.0862292 0.0813332 0.0882368 0.0908226 0.0882666 0.0733454 0.0935552 
Perityle_crassifolia_74_playa_balandra     0.1193113 0.1047340 0.1385787 0.1691665 0.1012070 0.1621430 0.1364944 0.1616873 0.2410154 0.1362340 0.1095356 0.1097755 0.1139496 0.1020772 0.1087817 0.1016882 0.2202419 0.1051564 0.1052805 0.1097755 0.0850179 0.1143927 0.1052136 0.1186945 0.1004327 0.1092825 0.1080754 0.0349392 0.0000000 0.1095810 0.1014888 0.1052136 0.0733060 0.1114288 0.1094369 0.1100888 0.1004638 0.1189589 0.1095356 0.0924081 0.1186585 0.0924081 0.1148837 0.1050837 0.0719500 0.1143833 0.1097755 0.0927040 0.1103436 0.1083424 0.1181986 0.1054671 0.1008532 0.1100837 0.1050980 0.1054671 0.1102285 0.1097755 0.1022204 0.0975679 0.0986600 0.0874979 0.1095356 0.1085315 0.0964268 0.1149715 0.1027312 0.1072410 0.1052772 0.1103436 0.0347826 0.1190815 0.1097755 0.1097755 0.0923012 0.1184046 0.0966283 0.1052136 0.1057120 0.0864457 0.1097755 
Perityle_cuneata_34_cuneata_San_antonio    0.1245772 0.1279136 0.1267887 0.3182329 0.1198115 0.2253060 0.2367695 0.2025255 0.3311196 0.1042475 0.1225809 0.1203938 0.1426705 0.1203520 0.1170179 0.1112610 0.2350554 0.1426749 0.1185558 0.1440705 0.0782715 0.1176072 0.1428547 0.1241055 0.1384986 0.1264963 0.0969330 0.1284426 0.1095810 0.0000000 0.1000494 0.1167881 0.3445044 0.1031250 0.1240925 0.1072131 0.1174744 0.1188944 0.1202913 0.1030642 0.1205161 0.1222355 0.1132739 0.1203207 0.2036078 0.1172427 0.1241553 0.1062727 0.1183861 0.1941069 0.1197174 0.1368618 0.1201235 0.1095833 0.1625291 0.1436698 0.1196201 0.1169675 0.1325571 0.1200386 0.1169123 0.1587780 0.1209983 0.0945675 0.1351338 0.1282766 0.0959241 0.1440562 0.1156002 0.1127497 0.1293119 0.1189868 0.1173499 0.1239383 0.1773665 0.1259503 0.1172778 0.1271551 0.1223333 0.0408655 0.1454041 
Perityle_cuneata_4                         0.0820095 0.0734178 0.0817730 0.2045108 0.0700867 0.1067258 0.1654291 0.2441573 0.2043268 0.0734337 0.0874066 0.0858452 0.0946261 0.0829583 0.0923127 0.0766789 0.3625073 0.0989974 0.0829839 0.0967407 0.0972975 0.0824165 0.0974375 0.0887124 0.0941447 0.0940345 0.0762720 0.0924761 0.1014888 0.1000494 0.0000000 0.0817326 0.2052091 0.0727618 0.0884071 0.0917495 0.0894278 0.0852015 0.0858579 0.0759916 0.0866749 0.0816527 0.0850475 0.0885627 0.1238497 0.0799043 0.0900347 0.0735857 0.0849996 0.1025374 0.0821784 0.0975754 0.0852489 0.0812407 0.1025783 0.0927328 0.0862341 0.0842502 0.0886023 0.0761128 0.0863672 0.0955571 0.0812525 0.0727366 0.0945161 0.0779225 0.0580013 0.0697691 0.0815680 0.0780891 0.0916239 0.0875985 0.0847665 0.0889865 0.0839871 0.0695209 0.0879920 0.0906682 0.0847425 0.0818220 0.0973342 
Perityle_dissecta_201                      0.0791094 0.0811589 0.0771179 0.2440034 0.1086644 0.1270846 0.2242914 0.2449588 0.2519496 0.0671964 0.0134331 0.0172618 0.0139161 0.0058387 0.0493648 0.0078729 0.3829323 0.0338149 0.0078947 0.0171030 0.0071218 0.0170924 0.0134141 0.0182802 0.0295550 0.0221439 0.0754517 0.0873356 0.1052136 0.1167881 0.0817326 0.0000000 0.1117937 0.0737874 0.0137036 0.0949060 0.0248577 0.0191780 0.0139705 0.0806159 0.0174027 0.0867487 0.0904534 0.0163267 0.0557618 0.0160917 0.0189735 0.0727951 0.0150867 0.0379697 0.0130770 0.1273256 0.0111212 0.1160389 0.0251003 0.0326332 0.0164944 0.0183889 0.0900359 0.0835053 0.0182813 0.0260910 0.0143992 0.0735210 0.0388230 0.1231466 0.0562912 0.0130691 0.0085698 0.0131856 0.0856019 0.0180073 0.0155282 0.0162677 0.0151855 0.0986838 0.0338022 0.0116922 0.0106270 0.0828137 0.0166437 
Perityle_emoryi_47_punta_san_jose          0.1584176 0.1044324 0.1615589 0.2263041 0.2191195 0.1455840 0.2411883 0.2681108 0.3272758 0.1667752 0.1155234 0.1166420 0.1431540 0.1248285 0.1711755 0.1073670 0.5849347 0.1531636 0.1094304 0.1185044 0.2573019 0.1210471 0.1077419 0.1197110 0.1258941 0.1220259 0.1683217 0.1624519 0.0733060 0.3445044 0.2052091 0.1117937 0.0000000 0.1915109 0.1161151 0.1985804 0.1558756 0.1252286 0.1186072 0.1922021 0.1234641 0.1782996 0.1852591 0.1180866 0.0200399 0.1172103 0.1186188 0.1840848 0.1187075 0.0435617 0.1174751 0.2383983 0.1226850 0.1939522 0.0677035 0.1380336 0.1169571 0.1186188 0.1253222 0.0727631 0.1201472 0.0307366 0.1164420 0.1642753 0.1230056 0.2357918 0.1457161 0.0761242 0.1380845 0.1185096 0.1780907 0.1190430 0.1159399 0.1180920 0.0146384 0.2045487 0.1302941 0.1325710 0.1095129 0.1859478 0.1127442 
Perityle_feddemae_99                       0.0627904 0.0757360 0.0668783 0.2024917 0.0745629 0.1120715 0.1630977 0.2415189 0.2470238 0.0651356 0.0806023 0.0786947 0.0875392 0.0714660 0.0946616 0.0731957 0.3427999 0.0875243 0.0730681 0.0838775 0.0912960 0.0737716 0.0831925 0.0783622 0.0836235 0.0844523 0.0558266 0.0788863 0.1114288 0.1031250 0.0727618 0.0737874 0.1915109 0.0000000 0.0783929 0.0715055 0.0795050 0.0768810 0.0748407 0.0146685 0.0798813 0.0122345 0.0691521 0.0818090 0.0882445 0.0789823 0.0787164 0.0105277 0.0738415 0.0834975 0.0765842 0.0936040 0.0740336 0.0559179 0.0896566 0.0881815 0.0778325 0.0786583 0.0594239 0.0487572 0.0780915 0.0869226 0.0805631 0.0535301 0.0897339 0.0764544 0.0593780 0.0714428 0.0765576 0.0710275 0.0751334 0.0799962 0.0758642 0.0765533 0.0681080 0.0728325 0.0834334 0.0787113 0.0756381 0.0691111 0.0832026 
Perityle_fosteri_93                        0.0836176 0.0853042 0.0817115 0.2459386 0.1117190 0.1267179 0.2268437 0.2584002 0.2311244 0.0733093 0.0173129 0.0224620 0.0200247 0.0083769 0.0555049 0.0123060 0.3886522 0.0392079 0.0129621 0.0226506 0.0162613 0.0224936 0.0194737 0.0222178 0.0353115 0.0269633 0.0841435 0.0939559 0.1094369 0.1240925 0.0884071 0.0137036 0.1161151 0.0783929 0.0000000 0.1036594 0.0320835 0.0247295 0.0195058 0.0855873 0.0216952 0.0917075 0.0994506 0.0166204 0.0608239 0.0210827 0.0228244 0.0769846 0.0204613 0.0435386 0.0187591 0.1344062 0.0071378 0.1196223 0.0295629 0.0406606 0.0210314 0.0224528 0.0909545 0.0885331 0.0239522 0.0300938 0.0180321 0.0796185 0.0415105 0.1294438 0.0600454 0.0064791 0.0140919 0.0189171 0.0925038 0.0225139 0.0202950 0.0206269 0.0193814 0.1048105 0.0368610 0.0181256 0.0138162 0.0943982 0.0229907 
Perityle_gamon_221                         0.0912421 0.0919051 0.0961398 0.2439392 0.1024011 0.1252483 0.2292501 0.2055879 0.2564715 0.0879449 0.1037465 0.1039437 0.1099282 0.0968409 0.1090906 0.0946348 0.4037703 0.1084002 0.0985007 0.1122821 0.1009830 0.1050970 0.1131424 0.1042053 0.1104771 0.1101115 0.0723878 0.0914588 0.1100888 0.1072131 0.0917495 0.0949060 0.1985804 0.0715055 0.1036594 0.0000000 0.0985464 0.1061405 0.1050508 0.0740139 0.1022971 0.0749058 0.0239580 0.1069944 0.1019849 0.1016299 0.1044310 0.0668028 0.1025771 0.1090813 0.1010411 0.1431556 0.1028103 0.0755841 0.1125531 0.1130690 0.1023420 0.1020971 0.0819949 0.0522392 0.1032198 0.1105205 0.1037013 0.0693432 0.1122527 0.0952650 0.0732666 0.1020319 0.0961104 0.1019596 0.0954327 0.1033435 0.1012964 0.1054546 0.1026839 0.0916100 0.1056476 0.1045428 0.1010454 0.0508283 0.1117780 
Perityle_gentryi_8_san_francisco           0.0901388 0.0741846 0.0850545 0.2092463 0.0716118 0.1081436 0.1370056 0.2366641 0.2241001 0.0779747 0.0329132 0.0329609 0.0343970 0.0241470 0.0127377 0.0260419 0.3531636 0.0359591 0.0278604 0.0351325 0.0362793 0.0330525 0.0278228 0.0340259 0.0422525 0.0369793 0.0787976 0.0865570 0.1004638 0.1174744 0.0894278 0.0248577 0.1558756 0.0795050 0.0320835 0.0985464 0.0000000 0.0340871 0.0308829 0.0872531 0.0330390 0.0889164 0.0995584 0.0330053 0.0675483 0.0331318 0.0349998 0.0802185 0.0289260 0.0298679 0.0318883 0.0444590 0.0268381 0.0802090 0.0308153 0.0424733 0.0320097 0.0349998 0.0915055 0.0815523 0.0318821 0.0281658 0.0318900 0.0746011 0.0416155 0.0835405 0.0612345 0.0228349 0.0290648 0.0300644 0.0863175 0.0340694 0.0309726 0.0330304 0.0199022 0.0768924 0.0300141 0.0315573 0.0271524 0.0826446 0.0342129 
Perityle_gilensis_22_Superstition          0.0897343 0.0940745 0.0860433 0.2604183 0.1203425 0.1426358 0.2342326 0.2483132 0.2365982 0.0802516 0.0244745 0.0188930 0.0119389 0.0159783 0.0578680 0.0171463 0.3951368 0.0432720 0.0185991 0.0198886 0.0125832 0.0054132 0.0151897 0.0191987 0.0415552 0.0328606 0.0882282 0.0964101 0.1189589 0.1188944 0.0852015 0.0191780 0.1252286 0.0768810 0.0247295 0.1061405 0.0340871 0.0000000 0.0064267 0.0872348 0.0203086 0.0928021 0.1021842 0.0283716 0.0646789 0.0185120 0.0198211 0.0779272 0.0086792 0.0516095 0.0163472 0.1315043 0.0216208 0.1217033 0.0386741 0.0455989 0.0189597 0.0198137 0.1006210 0.0961060 0.0272178 0.0381327 0.0246300 0.0820833 0.0467488 0.1284020 0.0619114 0.0263396 0.0158191 0.0040771 0.0946441 0.0197421 0.0180224 0.0168900 0.0235825 0.1048161 0.0436429 0.0153655 0.0216831 0.0944210 0.0196481 
Perityle_gilensis_salensis_225             0.0850230 0.0893424 0.0822133 0.2594175 0.1141096 0.1344475 0.2276687 0.2489824 0.2641342 0.0720154 0.0177594 0.0147957 0.0079007 0.0116970 0.0542670 0.0126428 0.3927816 0.0379248 0.0129588 0.0161692 0.0088989 0.0045100 0.0117066 0.0154120 0.0322386 0.0255395 0.0762565 0.0920597 0.1095356 0.1202913 0.0858579 0.0139705 0.1186072 0.0748407 0.0195058 0.1050508 0.0308829 0.0064267 0.0000000 0.0841652 0.0169228 0.0900015 0.0938342 0.0228759 0.0624887 0.0149550 0.0158078 0.0756004 0.0047515 0.0446211 0.0109891 0.1302143 0.0167076 0.1211321 0.0328658 0.0404412 0.0147068 0.0162311 0.0949871 0.0901782 0.0214642 0.0313539 0.0181776 0.0775445 0.0527642 0.1259492 0.0589356 0.0179707 0.0113740 0.0012927 0.0908517 0.0162202 0.0141207 0.0133726 0.0179540 0.1014669 0.0390448 0.0107705 0.0143893 0.0883802 0.0150223 
Perityle_glaucescens_94                    0.0670900 0.0722128 0.0659385 0.2178002 0.0642884 0.0902978 0.1552623 0.2256675 0.2464157 0.0672194 0.0877993 0.0869295 0.0946741 0.0782427 0.0976204 0.0809005 0.3593396 0.0933656 0.0803979 0.0930115 0.0844264 0.0833444 0.0914023 0.0866983 0.0931044 0.0923472 0.0576912 0.0763634 0.0924081 0.1030642 0.0759916 0.0806159 0.1922021 0.0146685 0.0855873 0.0740139 0.0872531 0.0872348 0.0841652 0.0000000 0.0872725 0.0010143 0.0742756 0.0892100 0.1036707 0.0863649 0.0879906 0.0053582 0.0833015 0.0896938 0.0859514 0.0971495 0.0815006 0.0523162 0.0974014 0.0948633 0.0851894 0.0878491 0.0604451 0.0526717 0.0863383 0.0843104 0.0868386 0.0535280 0.0965505 0.0756103 0.0561350 0.0678652 0.0837634 0.0807938 0.0722190 0.0873103 0.0841136 0.0869909 0.0813343 0.0722205 0.0868168 0.0886052 0.0819243 0.0572192 0.0924253 
Perityle_gracilis_11                       0.0870679 0.0882745 0.0868648 0.2548435 0.1154477 0.1349746 0.2102566 0.2620291 0.2349603 0.0770768 0.0202259 0.0089189 0.0189729 0.0134125 0.0559475 0.0150265 0.3912390 0.0401551 0.0167609 0.0062474 0.0180322 0.0180144 0.0133203 0.0062490 0.0361548 0.0295523 0.0812554 0.0963538 0.1186585 0.1205161 0.0866749 0.0174027 0.1234641 0.0798813 0.0216952 0.1022971 0.0330390 0.0203086 0.0169228 0.0872725 0.0000000 0.0926366 0.1033678 0.0256495 0.0591331 0.0044637 0.0069868 0.0798523 0.0155495 0.0235182 0.0141821 0.0978923 0.0191678 0.0883894 0.0318124 0.0435299 0.0044565 0.0059341 0.0900783 0.0904337 0.0250825 0.0314402 0.0202185 0.0773445 0.0386774 0.1116730 0.0638671 0.0180179 0.0170660 0.0143018 0.0956355 0.0066983 0.0038058 0.0077739 0.0096006 0.0972544 0.0423338 0.0144326 0.0176766 0.0976898 0.0061042 
Perityle_harkerae_31                       0.0673343 0.0722127 0.0677052 0.2253020 0.0631244 0.0927362 0.1505755 0.2256675 0.2448835 0.0693834 0.0923300 0.0923500 0.0954973 0.0820395 0.1015237 0.0850398 0.3687690 0.0959623 0.0853700 0.0923638 0.0849263 0.0880388 0.0888623 0.0924360 0.0949763 0.0973094 0.0581386 0.0763513 0.0924081 0.1222355 0.0816527 0.0867487 0.1782996 0.0122345 0.0917075 0.0749058 0.0889164 0.0928021 0.0900015 0.0010143 0.0926366 0.0000000 0.0745249 0.0914415 0.1036470 0.0916633 0.0923638 0.0040883 0.0890818 0.0889948 0.0911584 0.0952952 0.0877031 0.0520538 0.0967368 0.0943646 0.0902654 0.0923638 0.0601092 0.0527276 0.0932267 0.0836269 0.0911472 0.0549625 0.0948578 0.0764946 0.0592365 0.0671951 0.0889432 0.0870226 0.0728977 0.0927502 0.0891676 0.0937483 0.0806498 0.0723570 0.0913847 0.0900014 0.0850492 0.0573376 0.0923638 
Perityle_hofmeisteria_4_nombre_de_dios     0.0913375 0.0898116 0.0931659 0.2474537 0.1164196 0.1253437 0.2708056 0.2211348 0.2654945 0.0819763 0.0964943 0.1005525 0.1109604 0.0965888 0.1037766 0.0838834 0.3939196 0.1083437 0.0883761 0.1158141 0.1008385 0.0904033 0.1101955 0.1020705 0.0979091 0.0952870 0.0725658 0.0910471 0.1148837 0.1132739 0.0850475 0.0904534 0.1852591 0.0691521 0.0994506 0.0239580 0.0995584 0.1021842 0.0938342 0.0742756 0.1033678 0.0745249 0.0000000 0.1023989 0.1111435 0.0933146 0.0965653 0.0663085 0.0962709 0.1368969 0.0864177 0.2071068 0.1031708 0.1134571 0.1150225 0.1185614 0.0979016 0.0921824 0.0884039 0.0637566 0.0986804 0.1120955 0.0872787 0.0737536 0.1261614 0.1359822 0.0725832 0.0979982 0.0940044 0.0869135 0.0927899 0.1007700 0.1002851 0.0986500 0.1089911 0.1145451 0.0989691 0.1053908 0.0904790 0.0641085 0.1091553 
Perityle_huecosensis_48                    0.0852736 0.0852938 0.0833793 0.2462335 0.1125046 0.1315523 0.2270290 0.2530407 0.2555093 0.0736860 0.0202534 0.0264423 0.0199635 0.0100339 0.0577705 0.0155653 0.3842308 0.0379933 0.0164381 0.0226068 0.0143335 0.0264876 0.0203094 0.0255338 0.0366808 0.0307614 0.0848986 0.0935078 0.1050837 0.1203207 0.0885627 0.0163267 0.1180866 0.0818090 0.0166204 0.1069944 0.0330053 0.0283716 0.0228759 0.0892100 0.0256495 0.0914415 0.1023989 0.0000000 0.0608217 0.0251642 0.0253778 0.0797609 0.0238295 0.0447401 0.0229791 0.1312950 0.0135255 0.1194291 0.0284240 0.0375783 0.0251071 0.0257416 0.0931199 0.0851456 0.0247361 0.0287371 0.0209262 0.0803451 0.0436031 0.1260825 0.0589986 0.0113935 0.0170648 0.0224785 0.0898777 0.0272010 0.0241592 0.0239816 0.0193592 0.1006026 0.0396947 0.0180660 0.0179871 0.0884408 0.0239144 
Perityle_incana_3_ucla                     0.1157184 0.1053982 0.1235957 0.1887666 0.1009027 0.1327545 0.1602948 0.2721299 0.2425458 0.1149291 0.0606179 0.0573734 0.0573986 0.0533129 0.0675198 0.0543775 0.4978408 0.0792218 0.0539283 0.0590706 0.0877173 0.0608631 0.0573036 0.0608283 0.0694854 0.0712520 0.0907919 0.1186037 0.0719500 0.2036078 0.1238497 0.0557618 0.0200399 0.0882445 0.0608239 0.1019849 0.0675483 0.0646789 0.0624887 0.1036707 0.0591331 0.1036470 0.1111435 0.0608217 0.0000000 0.0577382 0.0590706 0.0984258 0.0592262 0.0280053 0.0624709 0.0712752 0.0573175 0.0917772 0.0715230 0.0696265 0.0575712 0.0590706 0.1039537 0.0637803 0.0627970 0.0432634 0.0606556 0.0855276 0.0684585 0.1132115 0.0882261 0.0901103 0.0576715 0.0608631 0.1185825 0.0608326 0.0557240 0.0592484 0.0238270 0.1050315 0.0677554 0.0573519 0.0512544 0.1446847 0.0590706 
Perityle_intricata_59_Clark_mtns           0.0855390 0.0856531 0.0844627 0.2493050 0.1146393 0.1334613 0.2265148 0.2499166 0.2583430 0.0723160 0.0186151 0.0085312 0.0170050 0.0117530 0.0570107 0.0152507 0.3971631 0.0413504 0.0155101 0.0044693 0.0180039 0.0168670 0.0101181 0.0041859 0.0361187 0.0288928 0.0811195 0.0953098 0.1143833 0.1172427 0.0799043 0.0160917 0.1172103 0.0789823 0.0210827 0.1016299 0.0331318 0.0185120 0.0149550 0.0863649 0.0044637 0.0916633 0.0933146 0.0251642 0.0577382 0.0000000 0.0054807 0.0790574 0.0144394 0.0392195 0.0124275 0.1294096 0.0175948 0.1187180 0.0285152 0.0406720 0.0026256 0.0044507 0.0913088 0.0873404 0.0240036 0.0288394 0.0187059 0.0779477 0.0444597 0.1286996 0.0634359 0.0179700 0.0149945 0.0125208 0.0948006 0.0052790 0.0021027 0.0068678 0.0054967 0.1058810 0.0406685 0.0126482 0.0163280 0.0913743 0.0039378 
