83
Amauria_brandeegeana_62                    0.0000000 0.0373017 0.0690648 0.3866901 0.1146957 0.0312356 0.3608227 0.0797714 0.1910905 0.0773509 0.1142822 0.2220793 0.1741467 0.1540455 0.1822928 0.1628454 0.3828071 0.1249123 0.1005773 0.1402983 0.2478183 0.1406686 0.2579422 0.1876913 0.1508336 0.4143679 0.4206584 0.4017519 0.0777361 0.0325095 0.1043411 0.1104630 0.0840936 0.3755672 0.1070898 0.1270200 0.2704880 0.1146030 0.1496712 0.2618667 0.3861912 0.1178064 0.1354962 0.1109448 0.1372420 0.2641054 0.0875620 0.1582053 0.3766961 0.1135399 0.2932809 0.1758922 0.1485893 0.2049306 0.2452795 0.1295867 0.2181937 0.1182393 0.1534680 0.1568108 0.1131648 0.1619249 0.1056300 0.2173685 0.4128596 0.2498401 0.1861505 0.2299937 0.1362700 0.2010550 0.1497066 0.1607053 0.1156647 0.3731453 0.1568111 0.3577005 0.1694130 0.2294895 0.4010828 0.1591754 0.1308946 0.1574753 0.1518678 
Amauria_carterae_99_mesa                   0.0373017 0.0000000 0.0550900 0.1697017 0.0993574 0.0606945 0.1587100 0.0666028 0.1558537 0.0808326 0.0722493 0.0468086 0.0880150 0.0876197 0.1490830 0.0981458 0.1252556 0.1014379 0.0923416 0.0914798 0.0944216 0.0945596 0.0919800 0.0959233 0.0906308 0.1472196 0.1812961 0.1602096 0.1003083 0.0708924 0.1348662 0.0877007 0.0854288 0.1538606 0.0822954 0.0991174 0.0910790 0.1161260 0.0941007 0.0961515 0.1761329 0.0958501 0.0757481 0.0802344 0.1156782 0.0863386 0.0889829 0.0946481 0.1736085 0.0810890 0.1604494 0.1027002 0.0914343 0.1014029 0.0954163 0.0869079 0.1459753 0.0834678 0.0908557 0.0913829 0.0765441 0.0822060 0.0707562 0.1130973 0.1881560 0.0994807 0.0881342 0.0437452 0.0924721 0.1047130 0.0830133 0.0924443 0.1115130 0.1157174 0.0763342 0.0553214 0.0859760 0.0415394 0.1852351 0.0784363 0.1232358 0.0941752 0.0796487 
Amauria_rotundifolia_SRR9119150            0.0690648 0.0550900 0.0000000 0.4373905 0.1482618 0.0764454 0.3837704 0.1154521 0.2327614 0.1484086 0.1641297 0.2844033 0.2141476 0.1662585 0.2151377 0.1702705 0.4794257 0.1945251 0.1303365 0.1642141 0.2659525 0.1642336 0.2989972 0.2047622 0.1851487 0.4920645 0.5359349 0.4800066 0.1215349 0.0818024 0.1532763 0.1478933 0.1242996 0.4693788 0.1543039 0.1404199 0.2896492 0.1462046 0.1785215 0.3064332 0.4958159 0.1292704 0.1585490 0.1411138 0.1492450 0.3022475 0.1008468 0.2119237 0.4209104 0.1252851 0.3244559 0.2181459 0.1871603 0.2776767 0.2555129 0.1453361 0.2682005 0.1354285 0.1872130 0.1890680 0.1263856 0.2014685 0.1182168 0.2473385 0.5652408 0.3098742 0.2099669 0.2707897 0.1822280 0.2383575 0.1760843 0.2283866 0.1723505 0.4657318 0.1925703 0.5090922 0.1693147 0.2610695 0.5272567 0.2285836 0.1717715 0.1894429 0.1946180 
Conoclinium_coelestinum_SRR9119114         0.3866901 0.1697017 0.4373905 0.0000000 0.3902095 0.1016541 0.1407919 0.1362785 0.4167866 0.3531359 0.4004859 0.3637770 0.4035649 0.3793179 0.1455146 0.4055207 0.2304158 0.3697970 0.3269111 0.3976595 0.4408796 0.3586632 0.4946177 0.4022184 0.4269906 0.3353657 0.2537829 0.2544231 0.3204656 0.1972835 0.3931035 0.4084323 0.3425086 0.2426991 0.3386059 0.4191632 0.4454126 0.3860179 0.4679922 0.4538890 0.2445088 0.4108999 0.3701078 0.3867841 0.4291442 0.4763198 0.2729432 0.3858754 0.2406758 0.4062233 0.2416858 0.3687656 0.4238248 0.4723701 0.4331775 0.3870667 0.1886175 0.3257497 0.4101533 0.4144337 0.2630842 0.2855507 0.3674303 0.0942894 0.2910923 0.4224449 0.3912063 0.3881038 0.3813094 0.2306176 0.4380293 0.4544530 0.4398179 0.3263544 0.3963964 0.2590350 0.2598953 0.3874625 0.2730281 0.4159358 0.0996228 0.4096851 0.3940514 
Eutetras_palmeri_63                        0.1146957 0.0993574 0.1482618 0.3902095 0.0000000 0.0123952 0.3627175 0.1009329 0.2030434 0.1299587 0.1352400 0.2149221 0.1606559 0.1402143 0.1888151 0.1484101 0.3756020 0.1533870 0.1045089 0.1457294 0.2459415 0.1366011 0.2455821 0.1838217 0.1337299 0.4052100 0.4151412 0.3884526 0.1382253 0.0858388 0.1438396 0.1192986 0.1316710 0.3705722 0.1521140 0.1345464 0.2555265 0.1491778 0.1492906 0.2531313 0.3858416 0.1179888 0.1413973 0.1105168 0.1537931 0.2466959 0.1038811 0.1403887 0.3766349 0.1115589 0.3088373 0.1576239 0.1356610 0.1834521 0.2476275 0.1229023 0.2379229 0.1169305 0.1367017 0.1396754 0.1462238 0.1878573 0.1318834 0.1491462 0.4079456 0.2480003 0.1732234 0.2313248 0.1385727 0.2136291 0.1314404 0.1526124 0.1601819 0.3641164 0.1543139 0.3806780 0.1727630 0.2332341 0.3983528 0.1474401 0.1137967 0.1371808 0.1668764 
Eutetras_pringlei_149_quer                 0.0312356 0.0606945 0.0764454 0.1016541 0.0123952 0.0000000 0.0825665 0.0470349 0.0885866 0.0312445 0.0305046 0.0368643 0.0400146 0.0365787 0.0834111 0.0439744 0.0739003 0.0480236 0.0457385 0.0401650 0.0393583 0.0357631 0.0496565 0.0359059 0.0329958 0.1005982 0.1293856 0.0901251 0.0436891 0.0693287 0.0460449 0.0738431 0.0406050 0.0935000 0.0315921 0.0511807 0.0286433 0.0589066 0.0446344 0.0449542 0.1237881 0.0465902 0.0442962 0.0354116 0.0627959 0.0355001 0.0405103 0.0237745 0.1249381 0.0357367 0.1208017 0.0451655 0.0357731 0.0410818 0.0332873 0.0545479 0.0598581 0.0414611 0.0330092 0.0286388 0.0353836 0.0393854 0.0313228 0.0813059 0.1078920 0.0551632 0.0407722 0.0348573 0.0398487 0.1323781 0.0365270 0.0497207 0.0645559 0.1182793 0.0274613 0.0713375 0.0465753 0.0318413 0.1236809 0.0441478 0.1423082 0.0283112 0.0182702 
Eutrochium_fistulosum_SRR9119106           0.3608227 0.1587100 0.3837704 0.1407919 0.3627175 0.0825665 0.0000000 0.0957108 0.3529816 0.2500766 0.3486777 0.3977079 0.3725827 0.3584511 0.0872370 0.3804118 0.1989372 0.2841837 0.2547488 0.3491025 0.4226685 0.2918000 0.4497467 0.3381548 0.3586310 0.2861123 0.2266535 0.2119409 0.2188618 0.0957106 0.3374014 0.3790129 0.2499191 0.1922107 0.2647117 0.3413373 0.4397937 0.3460306 0.3718123 0.4463206 0.2040801 0.3489156 0.3148468 0.3369392 0.3714904 0.4481523 0.2648427 0.3594454 0.1961984 0.3376500 0.1861085 0.3630061 0.3579076 0.3708772 0.4119206 0.3419903 0.1361693 0.2755589 0.3611240 0.3660587 0.2235306 0.2725310 0.2801453 0.0938032 0.2366887 0.3945560 0.3693015 0.4438623 0.3355190 0.1617934 0.3677628 0.3684525 0.3626389 0.3314218 0.3392484 0.2490396 0.2667073 0.4216873 0.2151733 0.3604825 0.0901885 0.3647763 0.3354715 
Galeana_pratensis_104_mex                  0.0797714 0.0666028 0.1154521 0.1362785 0.1009329 0.0470349 0.0957108 0.0000000 0.0895673 0.0782935 0.0728948 0.0742150 0.0801418 0.0780883 0.0539427 0.0924739 0.0770453 0.0933640 0.0812028 0.0753979 0.0735039 0.0809412 0.0903452 0.0759454 0.0707046 0.0866677 0.1294247 0.0972793 0.0857113 0.0641839 0.0661250 0.0987782 0.0747443 0.1099402 0.0787212 0.0739956 0.0717907 0.0992866 0.0835133 0.0852822 0.1110057 0.0740596 0.0848123 0.0555621 0.1029086 0.0751338 0.0462303 0.0670257 0.1188592 0.0516471 0.0992186 0.0849092 0.0802381 0.0908518 0.0663458 0.0773239 0.0492085 0.0820162 0.0709956 0.0717826 0.0447788 0.0836940 0.0716258 0.0498380 0.1067937 0.0865747 0.0855166 0.0834601 0.0551753 0.1073240 0.0811492 0.0901341 0.1040471 0.0591186 0.0832033 0.0812701 0.0582758 0.0920964 0.1276682 0.0791035 0.0935073 0.0710068 0.0528640 
Helianthus_annuus_SRR9119062               0.1910905 0.1558537 0.2327614 0.4167866 0.2030434 0.0885866 0.3529816 0.0895673 0.0000000 0.1404495 0.2127734 0.2189376 0.2007533 0.1938109 0.2229090 0.2017458 0.3728082 0.1592820 0.1457454 0.1913630 0.2704734 0.1622237 0.2745277 0.1966204 0.1882771 0.4090397 0.4217007 0.4106188 0.1583068 0.1261588 0.2073677 0.2083599 0.1398393 0.3556106 0.1606358 0.2018968 0.2702143 0.1892428 0.1976730 0.2674757 0.3862411 0.1893906 0.1741689 0.1865164 0.2004171 0.2640778 0.1951599 0.1855372 0.3683884 0.1883004 0.3386569 0.2068276 0.1934445 0.2069125 0.2611738 0.1721748 0.2523653 0.1400467 0.1934114 0.1941777 0.1494719 0.1639035 0.1937063 0.2007895 0.3931439 0.2743145 0.1964234 0.2431659 0.1825574 0.2324895 0.1855369 0.1950604 0.2176308 0.3497591 0.1953503 0.3414850 0.1336491 0.2440526 0.3909193 0.1963033 0.1595710 0.1926654 0.1747004 
Lycapsus_tenuifolius_17                    0.0773509 0.0808326 0.1484086 0.3531359 0.1299587 0.0312445 0.2500766 0.0782935 0.1404495 0.0000000 0.1251450 0.1150103 0.1079195 0.0753815 0.1743906 0.0937096 0.3254237 0.0830453 0.0963998 0.0845171 0.1231732 0.0978992 0.1375867 0.1231800 0.1031371 0.3518499 0.3826543 0.3629462 0.0038277 0.0083539 0.1109456 0.1516607 0.0000010 0.3528001 0.0079329 0.1468020 0.1237534 0.1457431 0.1002924 0.1272664 0.3477492 0.1338667 0.0821637 0.1188399 0.1528305 0.1373320 0.0421749 0.0948846 0.3266510 0.1388235 0.2312834 0.0978492 0.1028868 0.1224595 0.1279797 0.1114474 0.2202400 0.0865598 0.1086327 0.1045379 0.1001262 0.1568033 0.0685367 0.1009070 0.4166433 0.2044632 0.0844359 0.2146755 0.1356596 0.1669731 0.0979218 0.0930015 0.0086959 0.2262411 0.1173238 0.3545078 0.0827175 0.1905444 0.3681666 0.1572427 0.0986828 0.1071642 0.0121663 
Pericome_caudata_50_silver                 0.1142822 0.0722493 0.1641297 0.4004859 0.1352400 0.0305046 0.3486777 0.0728948 0.2127734 0.1251450 0.0000000 0.2034045 0.1649869 0.1417141 0.1718167 0.1334296 0.4210138 0.1705960 0.0949434 0.1258680 0.2087962 0.1036232 0.2594892 0.1384297 0.1589273 0.4671463 0.4698646 0.4454361 0.1119602 0.0791870 0.1060424 0.1592475 0.1001587 0.4310772 0.1106448 0.1489241 0.2447781 0.1448423 0.1691419 0.2455823 0.4365546 0.1343529 0.1037347 0.1139366 0.1664501 0.2594078 0.0829027 0.1511683 0.3628253 0.1418645 0.3010196 0.1613880 0.1489972 0.2116215 0.2040575 0.1096483 0.2190462 0.0926961 0.1499773 0.1505963 0.1041663 0.1503467 0.1055442 0.1825757 0.5189825 0.2664094 0.1521801 0.2653637 0.1776907 0.1959764 0.1485877 0.1671801 0.1439165 0.3843570 0.1527898 0.4797358 0.1553872 0.2454382 0.4674524 0.1844393 0.0816281 0.1511916 0.1517213 
Perityle_aglossa_84_dead_horse             0.2220793 0.0468086 0.2844033 0.3637770 0.2149221 0.0368643 0.3977079 0.0742150 0.2189376 0.1150103 0.2034045 0.0000000 0.1821971 0.1370159 0.1571599 0.2157900 0.4322048 0.0798167 0.1225733 0.1339167 0.0699743 0.0715805 0.1163626 0.0302793 0.1614651 0.4564929 0.4837154 0.4054163 0.0926458 0.1166933 0.1525838 0.2864205 0.1206804 0.3820888 0.0807803 0.2685954 0.0798039 0.1677696 0.1475087 0.0882711 0.4545932 0.2830225 0.0842605 0.2459849 0.2866248 0.0967671 0.1649951 0.1738076 0.3578410 0.2765172 0.3031433 0.1694676 0.1701738 0.2200732 0.0641557 0.2430660 0.1782261 0.0172618 0.1574339 0.1673874 0.0756700 0.0902523 0.1695481 0.2501066 0.5244884 0.2942718 0.1907636 0.2454009 0.2357234 0.2194880 0.1522494 0.2445004 0.2317165 0.4596586 0.0980408 0.4548250 0.0504226 0.2432263 0.4983780 0.2166081 0.1032594 0.1645109 0.0760385 
Perityle_ajoensis_204                      0.1741467 0.0880150 0.2141476 0.4035649 0.1606559 0.0400146 0.3725827 0.0801418 0.2007533 0.1079195 0.1649869 0.1821971 0.0000000 0.0516038 0.1736020 0.0897156 0.4977570 0.1861275 0.1280670 0.0465139 0.1135777 0.0538794 0.1368868 0.0644931 0.0558422 0.4854736 0.4989483 0.4571943 0.1186718 0.0760747 0.1305985 0.2178231 0.1067524 0.4574475 0.1051912 0.1950467 0.1329236 0.1539064 0.0477354 0.1608384 0.5075605 0.2017338 0.0067202 0.1587155 0.2067787 0.1472283 0.0611452 0.0119274 0.3912757 0.1871047 0.2882131 0.0991692 0.0496142 0.1278850 0.1122266 0.1900289 0.1813370 0.0404881 0.0494407 0.0578130 0.1545007 0.1728982 0.1259415 0.2415243 0.5471469 0.3400596 0.0998699 0.2588188 0.1918296 0.1989937 0.0507701 0.0838052 0.1505170 0.4159462 0.0082839 0.4960483 0.0957648 0.2277148 0.5169359 0.1488949 0.1197649 0.0574952 0.1313470 
Perityle_ambrosiifolia_67_green            0.1540455 0.0876197 0.1662585 0.3793179 0.1402143 0.0365787 0.3584511 0.0780883 0.1938109 0.0753815 0.1417141 0.1370159 0.0516038 0.0000000 0.1847903 0.0428658 0.3877803 0.1097027 0.0998888 0.0059461 0.0992004 0.0246854 0.1161232 0.0573703 0.0374037 0.4206616 0.4171245 0.4038430 0.0896092 0.0671664 0.1016768 0.1287004 0.0808939 0.3627614 0.0737215 0.1422950 0.1153228 0.1014471 0.0357374 0.1241537 0.4164660 0.1383043 0.0120587 0.1266686 0.1221533 0.1223485 0.0471135 0.0409151 0.3641802 0.1285418 0.3031137 0.0530378 0.0326394 0.0723743 0.0951368 0.1521797 0.2033966 0.0171811 0.0366611 0.0393566 0.1359270 0.1502717 0.1025240 0.1936714 0.4121795 0.2428191 0.0606174 0.1918445 0.1091635 0.2122926 0.0316803 0.0147270 0.1286710 0.3923727 0.0281599 0.3682422 0.0707994 0.1901965 0.4147676 0.0491807 0.1133167 0.0391407 0.1072089 
Perityle_angustifolia_13_Eagle_creek       0.1822928 0.1490830 0.2151377 0.1455146 0.1888151 0.0834111 0.0872370 0.0539427 0.2229090 0.1743906 0.1718167 0.1571599 0.1736020 0.1847903 0.0000000 0.2008761 0.0116154 0.1914031 0.1855495 0.1873249 0.2110522 0.1948765 0.2144613 0.2238154 0.1804238 0.0555653 0.0788973 0.0331699 0.1993607 0.1145494 0.2121660 0.1914972 0.1657243 0.0448844 0.1728258 0.1891085 0.1965340 0.1907730 0.1969794 0.2205916 0.0109922 0.1889381 0.1534840 0.1632507 0.2120803 0.2165418 0.1326263 0.1660330 0.0403314 0.1633258 0.0481174 0.1876784 0.1805554 0.1894930 0.2026551 0.1892537 0.0827036 0.1869904 0.1796966 0.1808911 0.1836625 0.1735927 0.2014387 0.0215586 0.0743463 0.2050991 0.1876231 0.1746480 0.1670229 0.0775525 0.1880260 0.1897186 0.2076324 0.1481920 0.1574958 0.0729003 0.1503666 0.1655366 0.0202031 0.1729959 0.0470249 0.1850303 0.2001939 
Perityle_batopilensis_97                   0.1628454 0.0981458 0.1702705 0.4055207 0.1484101 0.0439744 0.3804118 0.0924739 0.2017458 0.0937096 0.1334296 0.2157900 0.0897156 0.0428658 0.2008761 0.0000000 0.4846176 0.1558193 0.1207192 0.0380707 0.1144555 0.0328609 0.1823728 0.0673425 0.0424992 0.4884214 0.4828519 0.4420555 0.1029451 0.0749616 0.1130584 0.1703262 0.0959924 0.4301875 0.0908643 0.1414599 0.1398608 0.1213695 0.0133451 0.1686123 0.4873727 0.1591192 0.0308919 0.1666723 0.1482177 0.1654354 0.0501706 0.0754323 0.4173923 0.1335406 0.3198214 0.0814861 0.0456512 0.1117309 0.1188591 0.1469795 0.2197329 0.0247244 0.0409839 0.0477052 0.1470982 0.1554374 0.1073479 0.2462375 0.5480401 0.2858169 0.0924046 0.2323494 0.1589486 0.2155648 0.0241658 0.1156118 0.1385872 0.4490272 0.0479980 0.4786196 0.0822141 0.2166459 0.5080021 0.0708350 0.1346477 0.0415191 0.1176481 
Perityle_bisetosa_9                        0.3828071 0.1252556 0.4794257 0.2304158 0.3756020 0.0739003 0.1989372 0.0770453 0.3728082 0.3254237 0.4210138 0.4322048 0.4977570 0.3877803 0.0116154 0.4846176 0.0000000 0.3597748 0.2855646 0.4317495 0.4359660 0.3398409 0.5650932 0.3779442 0.4946112 0.2111844 0.1381433 0.1247231 0.2202069 0.1132014 0.4117374 0.4971037 0.2990387 0.1186577 0.2812809 0.4607072 0.5355180 0.4139186 0.4714813 0.5288801 0.0274237 0.4596939 0.3401218 0.3918422 0.4837514 0.5716104 0.2599118 0.4745500 0.0570200 0.4531707 0.0483391 0.4580245 0.4800109 0.4853053 0.4158172 0.4135990 0.0904417 0.2779234 0.4893725 0.4934233 0.2067809 0.2389058 0.2862704 0.0886772 0.1686863 0.4637063 0.4264816 0.4639648 0.4842665 0.0631980 0.4869091 0.4989373 0.4157959 0.1735318 0.4040613 0.1899569 0.2759138 0.4177179 0.0543713 0.4773787 0.0472870 0.4920362 0.4026125 
Perityle_californica_76_positas            0.1249123 0.1014379 0.1945251 0.3697970 0.1533870 0.0480236 0.2841837 0.0933640 0.1592820 0.0830453 0.1705960 0.0798167 0.1861275 0.1097027 0.1914031 0.1558193 0.3597748 0.0000000 0.1171101 0.1521792 0.1037275 0.1416212 0.1549869 0.1402342 0.1683133 0.3605442 0.3804953 0.3926149 0.0208750 0.0348537 0.1655591 0.1560558 0.0734135 0.3260367 0.0788605 0.1855465 0.1614689 0.1881447 0.1645369 0.1108630 0.3750668 0.1867811 0.1553585 0.1668421 0.1874918 0.1542544 0.0505678 0.1620025 0.3767773 0.1822368 0.2449516 0.1547507 0.1612620 0.1610012 0.1165412 0.1722444 0.2006305 0.1052327 0.1681218 0.1652084 0.1273988 0.1825382 0.0774479 0.1121018 0.3844458 0.2476073 0.1098854 0.2453790 0.1852922 0.1630057 0.1608327 0.1520010 0.0893400 0.2024856 0.1830681 0.3220354 0.1010938 0.2297586 0.3912339 0.1611661 0.1143223 0.1679728 0.1114041 
Perityle_canescens_77                      0.1005773 0.0923416 0.1303365 0.3269111 0.1045089 0.0457385 0.2547488 0.0812028 0.1457454 0.0963998 0.0949434 0.1225733 0.1280670 0.0998888 0.1855495 0.1207192 0.2855646 0.1171101 0.0000000 0.1126075 0.1496093 0.1076828 0.1647537 0.1501807 0.1025299 0.3041220 0.3564850 0.3250478 0.1194333 0.0680671 0.1304001 0.1096591 0.0997448 0.2860402 0.1105017 0.0341368 0.1494758 0.0655906 0.1144067 0.1547052 0.3127781 0.0148927 0.1016656 0.0152777 0.0871516 0.1481151 0.0446273 0.1074404 0.3279584 0.0046841 0.2527547 0.1036348 0.1038134 0.1198670 0.1484512 0.0125268 0.2324664 0.1046682 0.1048538 0.1066599 0.0952597 0.1273473 0.0903327 0.1363136 0.3318057 0.1375213 0.1123236 0.1749376 0.0395229 0.2064871 0.0954445 0.1171560 0.1247851 0.2700327 0.1237193 0.2763807 0.1472196 0.1789101 0.3182898 0.1067396 0.1418097 0.1075682 0.1091155 
Perityle_castillonii_96                    0.1402983 0.0914798 0.1642141 0.3976595 0.1457294 0.0401650 0.3491025 0.0753979 0.1913630 0.0845171 0.1258680 0.1339167 0.0465139 0.0059461 0.1873249 0.0380707 0.4317495 0.1521792 0.1126075 0.0000000 0.0916151 0.0246036 0.0995162 0.0491726 0.0324060 0.4474104 0.4601721 0.4356564 0.0942117 0.0690241 0.1060023 0.1850201 0.0861094 0.4282264 0.0795368 0.1419205 0.0940180 0.1277065 0.0249056 0.0971528 0.4461391 0.1569303 0.0205462 0.1300189 0.1609093 0.0916645 0.0514019 0.0352580 0.4023828 0.1312677 0.3042773 0.0282838 0.0261827 0.0677066 0.0977602 0.1330015 0.2012265 0.0132126 0.0316440 0.0353848 0.1348665 0.1493689 0.1035795 0.1058441 0.4954476 0.2646920 0.0417719 0.2161218 0.1069101 0.2104876 0.0187675 0.0215772 0.1115933 0.3286614 0.0372279 0.4204073 0.0724975 0.1917156 0.4452374 0.0877269 0.1149552 0.0303026 0.1153441 
Perityle_cernua_84                         0.2478183 0.0944216 0.2659525 0.4408796 0.2459415 0.0393583 0.4226685 0.0735039 0.2704734 0.1231732 0.2087962 0.0699743 0.1135777 0.0992004 0.2110522 0.1144555 0.4359660 0.1037275 0.1496093 0.0916151 0.0000000 0.0762898 0.0043538 0.0064943 0.1079761 0.4456967 0.4637849 0.4272944 0.1140005 0.1332143 0.1778471 0.1934149 0.1381683 0.4306148 0.1060365 0.2306336 0.0072287 0.2049829 0.1078129 0.0115697 0.4620304 0.2301504 0.0782462 0.2207012 0.2197305 0.0113882 0.2043659 0.0952013 0.4029781 0.2211851 0.3819619 0.0985951 0.1037579 0.1218166 0.0150013 0.2281834 0.2363169 0.0137209 0.1101178 0.1118380 0.1437906 0.1491817 0.1816326 0.1249707 0.4705707 0.3447850 0.1175807 0.2876760 0.1840072 0.2505583 0.1065859 0.0935178 0.2199736 0.4003093 0.1025416 0.4282528 0.0737285 0.2984806 0.4632897 0.1268105 0.0932257 0.1093043 0.1042415 
Perityle_cfvillosa_25_tin                  0.1406686 0.0945596 0.1642336 0.3586632 0.1366011 0.0357631 0.2918000 0.0809412 0.1622237 0.0978992 0.1036232 0.0715805 0.0538794 0.0246854 0.1948765 0.0328609 0.3398409 0.1416212 0.1076828 0.0246036 0.0762898 0.0000000 0.0813307 0.0723040 0.0197335 0.3930767 0.3641282 0.3614082 0.0957774 0.0735215 0.1104946 0.0953505 0.1009472 0.3267311 0.0850057 0.1354777 0.0893001 0.1255097 0.0327739 0.0810619 0.3653511 0.1299300 0.0385448 0.1207775 0.1260571 0.0852218 0.0495829 0.0297838 0.3783722 0.1205675 0.2392170 0.0331628 0.0248715 0.0381636 0.0831563 0.1230939 0.2104058 0.0282105 0.0149004 0.0164731 0.1256522 0.1488431 0.0836105 0.1054741 0.3635920 0.2212796 0.0236554 0.1747542 0.0997573 0.1981564 0.0277545 0.0198488 0.1138501 0.2241351 0.0559044 0.2826630 0.0771012 0.1829915 0.3645666 0.0588872 0.1058571 0.0179525 0.1222035 
Perityle_coahuilensis_24                   0.2579422 0.0919800 0.2989972 0.4946177 0.2455821 0.0496565 0.4497467 0.0903452 0.2745277 0.1375867 0.2594892 0.1163626 0.1368868 0.1161232 0.2144613 0.1823728 0.5650932 0.1549869 0.1647537 0.0995162 0.0043538 0.0813307 0.0000000 0.0061049 0.1300105 0.5843093 0.6337863 0.5419170 0.1143112 0.1356613 0.1755359 0.3674626 0.1311058 0.5503322 0.1064067 0.3088182 0.0162353 0.2162244 0.1334037 0.0022349 0.5949699 0.3748057 0.0726784 0.2964984 0.3913710 0.0259930 0.1957694 0.1302306 0.4402535 0.3056493 0.4179942 0.1466691 0.1239657 0.2048364 0.0178751 0.2548523 0.2310140 0.0134235 0.1178193 0.1744809 0.1365825 0.1504022 0.1841212 0.2572635 0.7166115 0.3865937 0.1568292 0.3271613 0.2763417 0.2886638 0.1113117 0.0809276 0.2380302 0.5476692 0.0852367 0.6211949 0.0705193 0.3235662 0.6274826 0.2561185 0.1382434 0.1224683 0.1131940 
Perityle_cochisensis_44_cave_creek         0.1876913 0.0959233 0.2047622 0.4022184 0.1838217 0.0359059 0.3381548 0.0759454 0.1966204 0.1231800 0.1384297 0.0302793 0.0644931 0.0573703 0.2238154 0.0673425 0.3779442 0.1402342 0.1501807 0.0491726 0.0064943 0.0723040 0.0061049 0.0000000 0.0515074 0.4281700 0.4184737 0.3839443 0.1184496 0.1237049 0.1509045 0.1340129 0.1358210 0.3809393 0.1075259 0.1711294 0.0154836 0.1736311 0.0619908 0.0093762 0.4101888 0.1692641 0.0451874 0.1595164 0.1772301 0.0180627 0.1227639 0.0388595 0.4081246 0.1595059 0.3138989 0.0555463 0.0530471 0.0680436 0.0210809 0.1627881 0.2357158 0.0190021 0.0522831 0.0539401 0.1422722 0.1493851 0.1499038 0.1109993 0.4171639 0.2918603 0.0637099 0.2456661 0.1447277 0.2623522 0.0578186 0.0432878 0.1528503 0.3037307 0.0670605 0.3497152 0.0739909 0.2622294 0.4100154 0.0984827 0.1219082 0.0534491 0.1104494 
Perityle_congesta_202                      0.1508336 0.0906308 0.1851487 0.4269906 0.1337299 0.0329958 0.3586310 0.0707046 0.1882771 0.1031371 0.1589273 0.1614651 0.0558422 0.0374037 0.1804238 0.0424992 0.4946112 0.1683133 0.1025299 0.0324060 0.1079761 0.0197335 0.1300105 0.0515074 0.0000000 0.4772647 0.5338962 0.4514659 0.0987518 0.0680754 0.1059298 0.2164383 0.0842457 0.4612395 0.0825850 0.2061878 0.1291059 0.1391376 0.0522512 0.1385821 0.5064780 0.1851058 0.0163338 0.1517748 0.2165578 0.1297724 0.0389150 0.0304403 0.3921472 0.1792539 0.3221770 0.0728121 0.0264749 0.1416755 0.1100531 0.1381830 0.2159890 0.0192438 0.0052133 0.0050766 0.1399472 0.1474489 0.0988498 0.2087393 0.5921811 0.2915012 0.0772805 0.2271316 0.1561671 0.1664465 0.0205587 0.0913538 0.1304680 0.4048306 0.0369832 0.5234070 0.0747002 0.2050257 0.5254208 0.1099497 0.0737010 0.0053149 0.1213005 
Perityle_cordifolia_27                     0.4143679 0.1472196 0.4920645 0.3353657 0.4052100 0.1005982 0.2861123 0.0866677 0.4090397 0.3518499 0.4671463 0.4564929 0.4854736 0.4206616 0.0555653 0.4884214 0.2111844 0.3605442 0.3041220 0.4474104 0.4456967 0.3930767 0.5843093 0.4281700 0.4772647 0.0000000 0.2294542 0.1660145 0.2570457 0.1524921 0.4475766 0.5115332 0.3068839 0.2205058 0.3165012 0.4581003 0.5307318 0.4324448 0.4851765 0.5395957 0.2177151 0.4498646 0.3695799 0.4122476 0.4964726 0.5853366 0.2295127 0.4576434 0.2098691 0.4342620 0.1029748 0.4723717 0.4756508 0.5287033 0.4230676 0.4339375 0.1055947 0.3207287 0.4683744 0.4837003 0.2485828 0.3083495 0.3123787 0.0726289 0.3007676 0.4465273 0.4529634 0.4557398 0.4654799 0.1157789 0.4840245 0.5412910 0.4357110 0.1934352 0.4053794 0.2520941 0.2619054 0.4235953 0.2546535 0.4638995 0.0577582 0.4788020 0.4248927 
Perityle_cordifolia_68_tecolote            0.4206584 0.1812961 0.5359349 0.2537829 0.4151412 0.1293856 0.2266535 0.1294247 0.4217007 0.3826543 0.4698646 0.4837154 0.4989483 0.4171245 0.0788973 0.4828519 0.1381433 0.3804953 0.3564850 0.4601721 0.4637849 0.3641282 0.6337863 0.4184737 0.5338962 0.2294542 0.0000000 0.1464932 0.2710526 0.2073523 0.4200897 0.5254480 0.3307325 0.1648436 0.3231825 0.4805068 0.5216417 0.4628134 0.5409226 0.5314810 0.1446730 0.4900587 0.3569659 0.4399922 0.5236260 0.5955139 0.3094403 0.4477273 0.1462479 0.4776577 0.1269694 0.4791535 0.5237524 0.5465258 0.4275172 0.4389891 0.0042540 0.2912917 0.5064610 0.5183771 0.2334567 0.3062450 0.3471275 0.1350887 0.2406909 0.5156934 0.4528042 0.5203931 0.4792402 0.1304506 0.5211384 0.6069782 0.4424561 0.2108398 0.4390420 0.2044489 0.2816797 0.4744611 0.1596372 0.5038606 0.0621777 0.4925692 0.3977649 
Perityle_coronopifolia_28_patagonia        0.4017519 0.1602096 0.4800066 0.2544231 0.3884526 0.0901251 0.2119409 0.0972793 0.4106188 0.3629462 0.4454361 0.4054163 0.4571943 0.4038430 0.0331699 0.4420555 0.1247231 0.3926149 0.3250478 0.4356564 0.4272944 0.3614082 0.5419170 0.3839443 0.4514659 0.1660145 0.1464932 0.0000000 0.2725630 0.1494981 0.4271249 0.5105134 0.3109732 0.1877432 0.3138853 0.4665257 0.4868664 0.4328005 0.5050535 0.4803362 0.1255624 0.4507739 0.3546665 0.4077216 0.4775502 0.5292371 0.2371539 0.4265186 0.1096626 0.4286980 0.1079449 0.4349220 0.4491561 0.4870816 0.4039031 0.4189105 0.0973208 0.3133124 0.4487846 0.4555333 0.2513165 0.2920384 0.3121116 0.0970319 0.2062300 0.4651526 0.4168157 0.4734269 0.4374903 0.1002843 0.4704345 0.4683468 0.4407346 0.1681424 0.4014816 0.1961262 0.2854542 0.4283872 0.1456812 0.4369436 0.0437393 0.4512028 0.4394550 
Perityle_crassifolia_70_ventanas           0.0777361 0.1003083 0.1215349 0.3204656 0.1382253 0.0436891 0.2188618 0.0857113 0.1583068 0.0038277 0.1119602 0.0926458 0.1186718 0.0896092 0.1993607 0.1029451 0.2202069 0.0208750 0.1194333 0.0942117 0.1140005 0.0957774 0.1143112 0.1184496 0.0987518 0.2570457 0.2710526 0.2725630 0.0000000 0.0114960 0.1182730 0.1039410 0.0038568 0.2320277 0.0056717 0.1229953 0.1215876 0.1137227 0.1009088 0.1138301 0.2578194 0.1187920 0.0923031 0.1092015 0.1178461 0.1118483 0.0512438 0.0907621 0.2827916 0.1132043 0.2466071 0.0969319 0.0947381 0.1089086 0.1174200 0.1173969 0.2199038 0.1057428 0.1032325 0.1003161 0.1272961 0.1305133 0.0859185 0.1135386 0.2923568 0.1785883 0.0973536 0.1399021 0.0985593 0.1879563 0.0965016 0.0945288 0.0090786 0.2382179 0.1125011 0.2044326 0.0703445 0.1389800 0.2585878 0.1011814 0.1318969 0.1039777 0.0029732 
Perityle_crassifolia_74_playa_balandra     0.0325095 0.0708924 0.0818024 0.1972835 0.0858388 0.0693287 0.0957106 0.0641839 0.1261588 0.0083539 0.0791870 0.1166933 0.0760747 0.0671664 0.1145494 0.0749616 0.1132014 0.0348537 0.0680671 0.0690241 0.1332143 0.0735215 0.1356613 0.1237049 0.0680754 0.1524921 0.2073523 0.1494981 0.0114960 0.0000000 0.0724848 0.0791512 0.0083572 0.1346518 0.0143031 0.0657026 0.1337558 0.0792126 0.0596811 0.1319321 0.1599158 0.0625510 0.0728434 0.0590831 0.0817635 0.1226820 0.0639480 0.0695251 0.1900693 0.0598477 0.1601424 0.0771697 0.0725987 0.0730890 0.1233609 0.0652457 0.1414313 0.0671371 0.0700916 0.0738570 0.0515664 0.0683921 0.0777991 0.0789419 0.1727215 0.0709188 0.0698228 0.0712075 0.0695636 0.2052715 0.0666479 0.0700574 0.0130384 0.1972909 0.0747186 0.1532036 0.0684504 0.0701494 0.1509392 0.0680805 0.1745964 0.0729832 0.0000010 
Perityle_cuneata_34_cuneata_San_antonio    0.1043411 0.1348662 0.1532763 0.3931035 0.1438396 0.0460449 0.3374014 0.0661250 0.2073677 0.1109456 0.1060424 0.1525838 0.1305985 0.1016768 0.2121660 0.1130584 0.4117374 0.1655591 0.1304001 0.1060023 0.1778471 0.1104946 0.1755359 0.1509045 0.1059298 0.4475766 0.4200897 0.4271249 0.1182730 0.0724848 0.0000000 0.1314265 0.1089793 0.3940864 0.1255801 0.1516238 0.1772331 0.1573359 0.1124627 0.1803339 0.4034597 0.1380295 0.1064046 0.1359612 0.1579021 0.1746258 0.0884196 0.1080611 0.4192818 0.1324702 0.2704034 0.1202217 0.1053421 0.1175827 0.1893637 0.1387418 0.2610973 0.1048856 0.1076454 0.1086203 0.2096420 0.2014844 0.1407214 0.1662086 0.4184904 0.2878996 0.1012653 0.2535828 0.1335665 0.1770902 0.1023126 0.0993943 0.1146409 0.2894009 0.1284252 0.3740980 0.1449789 0.2320520 0.4192990 0.1444465 0.0538032 0.1095518 0.1626186 
Perityle_cuneata_4                         0.1104630 0.0877007 0.1478933 0.4084323 0.1192986 0.0738431 0.3790129 0.0987782 0.2083599 0.1516607 0.1592475 0.2864205 0.2178231 0.1287004 0.1914972 0.1703262 0.4971037 0.1560558 0.1096591 0.1850201 0.1934149 0.0953505 0.3674626 0.1340129 0.2164383 0.5115332 0.5254480 0.5105134 0.1039410 0.0791512 0.1314265 0.0000000 0.1198969 0.4616307 0.1317634 0.1770693 0.2459844 0.1645480 0.2230273 0.2470236 0.5156881 0.1996206 0.1145426 0.1902435 0.2441212 0.3056737 0.0866305 0.1901868 0.4227687 0.1861716 0.3664301 0.1653213 0.2029627 0.2587575 0.1883647 0.1421084 0.2245340 0.0845073 0.1966599 0.2037584 0.1321066 0.1880003 0.1204944 0.2186631 0.6070010 0.2899161 0.1803618 0.2816533 0.2227924 0.2252396 0.1845194 0.3152361 0.1596770 0.4544971 0.1907104 0.5077155 0.1403227 0.2561324 0.5375404 0.2121752 0.1292696 0.1847447 0.2033201 
Perityle_discoidea_81                      0.0840936 0.0854288 0.1242996 0.3425086 0.1316710 0.0406050 0.2499191 0.0747443 0.1398393 0.0000010 0.1001587 0.1206804 0.1067524 0.0808939 0.1657243 0.0959924 0.2990387 0.0734135 0.0997448 0.0861094 0.1381683 0.1009472 0.1311058 0.1358210 0.0842457 0.3068839 0.3307325 0.3109732 0.0038568 0.0083572 0.1089793 0.1198969 0.0000000 0.3071527 0.0079654 0.1222175 0.1381669 0.1310122 0.0862565 0.1405064 0.2985084 0.1204293 0.0847469 0.1129522 0.1323620 0.1315559 0.0433397 0.0893511 0.3187733 0.1124549 0.2310635 0.1049037 0.0833087 0.0946143 0.1399451 0.1116082 0.2219683 0.0876199 0.0896425 0.0859021 0.1015828 0.1590404 0.0696591 0.0863154 0.3646056 0.2032836 0.0849428 0.2056276 0.1166744 0.1624550 0.0842146 0.0782363 0.0088548 0.2175471 0.1052207 0.3199514 0.0874147 0.1895718 0.3125815 0.1326390 0.0885746 0.0888251 0.0045503 
Perityle_dissecta_201                      0.3755672 0.1538606 0.4693788 0.2426991 0.3705722 0.0935000 0.1922107 0.1099402 0.3556106 0.3528001 0.4310772 0.3820888 0.4574475 0.3627614 0.0448844 0.4301875 0.1186577 0.3260367 0.2860402 0.4282264 0.4306148 0.3267311 0.5503322 0.3809393 0.4612395 0.2205058 0.1648436 0.1877432 0.2320277 0.1346518 0.3940864 0.4616307 0.3071527 0.0000000 0.3062870 0.4221458 0.4881329 0.4289497 0.4784580 0.4688178 0.1268070 0.4313736 0.3426480 0.3871623 0.4738627 0.5500672 0.2500796 0.4039814 0.1540408 0.4267383 0.0360171 0.4153289 0.4682554 0.4802752 0.3957018 0.3733042 0.0941515 0.2705388 0.4658754 0.4631738 0.2330037 0.2738149 0.2936416 0.1026758 0.0555115 0.4493767 0.3966294 0.4443427 0.4495955 0.0496441 0.4705908 0.4761435 0.4150932 0.1493937 0.4276073 0.0654477 0.2817236 0.3948471 0.1397435 0.4523323 0.0232993 0.4630981 0.4394623 
Perityle_emoryi_47_punta_san_jose          0.1070898 0.0822954 0.1543039 0.3386059 0.1521140 0.0315921 0.2647117 0.0787212 0.1606358 0.0079329 0.1106448 0.0807803 0.1051912 0.0737215 0.1728258 0.0908643 0.2812809 0.0788605 0.1105017 0.0795368 0.1060365 0.0850057 0.1064067 0.1075259 0.0825850 0.3165012 0.3231825 0.3138853 0.0056717 0.0143031 0.1255801 0.1317634 0.0079654 0.3062870 0.0000000 0.1346147 0.1125422 0.1345055 0.0847187 0.1130037 0.3009276 0.1363194 0.0819402 0.1299859 0.1374679 0.1055590 0.0357847 0.0857597 0.3273143 0.1296449 0.2321049 0.0831658 0.0803268 0.0869105 0.1128368 0.1284075 0.2099512 0.0920662 0.0881747 0.0836275 0.1190253 0.1629258 0.0777463 0.0915118 0.3562935 0.2112990 0.0706686 0.1958097 0.1123050 0.1702215 0.0794160 0.0749719 0.0184340 0.2261031 0.1037964 0.2937092 0.0931979 0.1876026 0.3077885 0.1274062 0.0998011 0.0866789 0.0000010 
Perityle_feddemae_99                       0.1270200 0.0991174 0.1404199 0.4191632 0.1345464 0.0511807 0.3413373 0.0739956 0.2018968 0.1468020 0.1489241 0.2685954 0.1950467 0.1422950 0.1891085 0.1414599 0.4607072 0.1855465 0.0341368 0.1419205 0.2306336 0.1354777 0.3088182 0.1711294 0.2061878 0.4581003 0.4805068 0.4665257 0.1229953 0.0657026 0.1516238 0.1770693 0.1222175 0.4221458 0.1346147 0.0000000 0.2510724 0.0914783 0.2256995 0.2791265 0.4705644 0.0386500 0.1264115 0.0538753 0.1213982 0.2940967 0.0790649 0.1818123 0.3886213 0.0364640 0.3439620 0.1804558 0.1943148 0.2796948 0.2108469 0.0428684 0.2359530 0.1151709 0.1873709 0.1875897 0.1088968 0.1833162 0.1220670 0.2120730 0.5596807 0.2180236 0.1900510 0.2450299 0.1184913 0.2080849 0.1711932 0.2507647 0.1547764 0.4069089 0.1791700 0.4732278 0.1816789 0.2362563 0.4820021 0.2057399 0.1343095 0.1796481 0.1666232 
Perityle_fosteri_93                        0.2704880 0.0910790 0.2896492 0.4454126 0.2555265 0.0286433 0.4397937 0.0717907 0.2702143 0.1237534 0.2447781 0.0798039 0.1329236 0.1153228 0.1965340 0.1398608 0.5355180 0.1614689 0.1494758 0.0940180 0.0072287 0.0893001 0.0162353 0.0154836 0.1291059 0.5307318 0.5216417 0.4868664 0.1215876 0.1337558 0.1772331 0.2459844 0.1381669 0.4881329 0.1125422 0.2510724 0.0000000 0.2150375 0.1118267 0.0200928 0.5350170 0.2577157 0.0760294 0.2446488 0.2587252 0.0158314 0.2024341 0.1298914 0.4112912 0.2475049 0.3636989 0.1579123 0.1265854 0.1627882 0.0191875 0.2611120 0.2275704 0.0193202 0.1273015 0.1324724 0.1304901 0.1677667 0.1822203 0.2144633 0.5669764 0.3892254 0.1501769 0.3368442 0.2337621 0.2111045 0.1127804 0.1394994 0.2431361 0.4751255 0.0962024 0.5369388 0.0776824 0.3315113 0.5541924 0.1737651 0.0647750 0.1306424 0.1161258 
Perityle_gamon_221                         0.1146030 0.1161260 0.1462046 0.3860179 0.1491778 0.0589066 0.3460306 0.0992866 0.1892428 0.1457431 0.1448423 0.1677696 0.1539064 0.1014471 0.1907730 0.1213695 0.4139186 0.1881447 0.0655906 0.1277065 0.2049829 0.1255097 0.2162244 0.1736311 0.1391376 0.4324448 0.4628134 0.4328005 0.1137227 0.0792126 0.1573359 0.1645480 0.1310122 0.4289497 0.1345055 0.0914783 0.2150375 0.0000000 0.1398393 0.2039011 0.4374317 0.0751542 0.1243377 0.0709899 0.0127120 0.2190163 0.0297092 0.1400538 0.3972349 0.0707434 0.2966653 0.1332055 0.1439941 0.1712688 0.2005438 0.0827159 0.2305300 0.1099808 0.1445579 0.1443622 0.1421270 0.1482326 0.1018023 0.1405980 0.4459738 0.2225209 0.1250233 0.1964099 0.0635853 0.2324472 0.1305165 0.1290884 0.1564912 0.3416582 0.1629732 0.4357923 0.1735022 0.1836021 0.4621601 0.1920420 0.1425227 0.1448137 0.1855660 
Perityle_gentryi_8_san_francisco           0.1496712 0.0941007 0.1785215 0.4679922 0.1492906 0.0446344 0.3718123 0.0835133 0.1976730 0.1002924 0.1691419 0.1475087 0.0477354 0.0357374 0.1969794 0.0133451 0.4714813 0.1645369 0.1144067 0.0249056 0.1078129 0.0327739 0.1334037 0.0619908 0.0522512 0.4851765 0.5409226 0.5050535 0.1009088 0.0596811 0.1124627 0.2230273 0.0862565 0.4784580 0.0847187 0.2256995 0.1118267 0.1398393 0.0000000 0.1242389 0.5052647 0.1587882 0.0247336 0.1342115 0.2078842 0.1124206 0.0439642 0.0330307 0.4066625 0.1872121 0.3455453 0.0610504 0.0230801 0.1332567 0.1139564 0.1432855 0.2144037 0.0218309 0.0317226 0.0308040 0.1466031 0.1621848 0.1002660 0.2276212 0.5884863 0.2768668 0.0639732 0.2344024 0.1408726 0.2130450 0.0357790 0.0379183 0.1283667 0.4046320 0.0449814 0.5216875 0.0795891 0.2120509 0.5194934 0.1039095 0.1169169 0.0287373 0.1151188 
Perityle_gilensis_22_Superstition          0.2618667 0.0961515 0.3064332 0.4538890 0.2531313 0.0449542 0.4463206 0.0852822 0.2674757 0.1272664 0.2455823 0.0882711 0.1608384 0.1241537 0.2205916 0.1686123 0.5288801 0.1108630 0.1547052 0.0971528 0.0115697 0.0810619 0.0022349 0.0093762 0.1385821 0.5395957 0.5314810 0.4803362 0.1138301 0.1319321 0.1803339 0.2470236 0.1405064 0.4688178 0.1130037 0.2791265 0.0200928 0.2039011 0.1242389 0.0000000 0.5424471 0.2845598 0.0807630 0.2582818 0.2767549 0.0243918 0.2004918 0.1412788 0.4249218 0.2783547 0.3789789 0.1547814 0.1399868 0.1747172 0.0251061 0.2633744 0.2344001 0.0208959 0.1357377 0.1419229 0.1351742 0.1393789 0.1861064 0.2516537 0.5813240 0.3701409 0.1578527 0.3026467 0.2505967 0.2790612 0.1350307 0.1759481 0.2494326 0.5197687 0.1094942 0.5179620 0.0759975 0.3120562 0.5714003 0.1806960 0.1271021 0.1393784 0.1111891 
Perityle_gilensis_salensis_225             0.3861912 0.1761329 0.4958159 0.2445088 0.3858416 0.1237881 0.2040801 0.1110057 0.3862411 0.3477492 0.4365546 0.4545932 0.5075605 0.4164660 0.0109922 0.4873727 0.0274237 0.3750668 0.3127781 0.4461391 0.4620304 0.3653511 0.5949699 0.4101888 0.5064780 0.2177151 0.1446730 0.1255624 0.2578194 0.1599158 0.4034597 0.5156881 0.2985084 0.1268070 0.3009276 0.4705644 0.5350170 0.4374317 0.5052647 0.5424471 0.0000000 0.4627676 0.3627810 0.3905701 0.5007163 0.5935871 0.2852979 0.4602604 0.0489128 0.4500309 0.0551899 0.4698116 0.5075167 0.5061987 0.4310903 0.4234603 0.1030218 0.3065963 0.5015077 0.5026332 0.2555849 0.2881894 0.3303793 0.0949535 0.1560799 0.4829981 0.4408637 0.4548045 0.4625090 0.0975697 0.5028732 0.5199426 0.4321549 0.1835848 0.4262848 0.1924506 0.2870656 0.4037897 0.0368913 0.5133738 0.0570956 0.5001213 0.4003869 
Perityle_glaucescens_94                    0.1178064 0.0958501 0.1292704 0.4108999 0.1179888 0.0465902 0.3489156 0.0740596 0.1893906 0.1338667 0.1343529 0.2830225 0.2017338 0.1383043 0.1889381 0.1591192 0.4596939 0.1867811 0.0148927 0.1569303 0.2301504 0.1299300 0.3748057 0.1692641 0.1851058 0.4498646 0.4900587 0.4507739 0.1187920 0.0625510 0.1380295 0.1996206 0.1204293 0.4313736 0.1363194 0.0386500 0.2577157 0.0751542 0.1587882 0.2845598 0.4627676 0.0000000 0.1204801 0.0489447 0.1640538 0.2841587 0.0652265 0.1911020 0.3966888 0.0048130 0.2981498 0.1835589 0.1712877 0.2424880 0.2185802 0.0225681 0.2331634 0.1066065 0.1681193 0.2034242 0.1006133 0.1746928 0.1116212 0.2254569 0.5405203 0.2023454 0.1971127 0.2555881 0.1313205 0.2135558 0.1399492 0.3063129 0.1490404 0.4355918 0.1497390 0.4815023 0.1678553 0.2425604 0.4794912 0.1798018 0.1387670 0.1617745 0.1631795 
Perityle_gracilis_11                       0.1354962 0.0757481 0.1585490 0.3701078 0.1413973 0.0442962 0.3148468 0.0848123 0.1741689 0.0821637 0.1037347 0.0842605 0.0067202 0.0120587 0.1534840 0.0308919 0.3401218 0.1553585 0.1016656 0.0205462 0.0782462 0.0385448 0.0726784 0.0451874 0.0163338 0.3695799 0.3569659 0.3546665 0.0923031 0.0728434 0.1064046 0.1145426 0.0847469 0.3426480 0.0819402 0.1264115 0.0760294 0.1243377 0.0247336 0.0807630 0.3627810 0.1204801 0.0000000 0.1158974 0.1310533 0.0810400 0.0386963 0.0059308 0.3760388 0.1084715 0.2465042 0.0338424 0.0177487 0.0420506 0.0787808 0.1255583 0.1557602 0.0195982 0.0165817 0.0180499 0.1352200 0.1577880 0.0862234 0.1102519 0.3752755 0.2535899 0.0317844 0.1928673 0.0999274 0.1898801 0.0192715 0.0132458 0.1036818 0.2813494 0.0067822 0.3455872 0.0751791 0.1780143 0.3682261 0.0615900 0.1252498 0.0179518 0.1021489 
Perityle_harkerae_31                       0.1109448 0.0802344 0.1411138 0.3867841 0.1105168 0.0354116 0.3369392 0.0555621 0.1865164 0.1188399 0.1139366 0.2459849 0.1587155 0.1266686 0.1632507 0.1666723 0.3918422 0.1668421 0.0152777 0.1300189 0.2207012 0.1207775 0.2964984 0.1595164 0.1517748 0.4122476 0.4399922 0.4077216 0.1092015 0.0590831 0.1359612 0.1902435 0.1129522 0.3871623 0.1299859 0.0538753 0.2446488 0.0709899 0.1342115 0.2582818 0.3905701 0.0489447 0.1158974 0.0000000 0.1395813 0.2621977 0.0569745 0.1434414 0.3727642 0.0281483 0.2715222 0.1630950 0.1441337 0.1956328 0.2098291 0.0211215 0.2211576 0.0936742 0.1429220 0.1666920 0.0976803 0.1668910 0.1044891 0.1843864 0.4701493 0.1842694 0.1794978 0.2285152 0.0891229 0.1794479 0.1275726 0.2067668 0.1443768 0.3756415 0.1399432 0.4395101 0.1604010 0.2240903 0.4163878 0.1815455 0.0924004 0.1464246 0.1525848 
Perityle_hofmeisteria_4_nombre_de_dios     0.1372420 0.1156782 0.1492450 0.4291442 0.1537931 0.0627959 0.3714904 0.1029086 0.2004171 0.1528305 0.1664501 0.2866248 0.2067787 0.1221533 0.2120803 0.1482177 0.4837514 0.1874918 0.0871516 0.1609093 0.2197305 0.1260571 0.3913710 0.1772301 0.2165578 0.4964726 0.5236260 0.4775502 0.1178461 0.0817635 0.1579021 0.2441212 0.1323620 0.4738627 0.1374679 0.1213982 0.2587252 0.0127120 0.2078842 0.2767549 0.5007163 0.1640538 0.1310533 0.1395813 0.0000000 0.2996708 0.0304740 0.1982624 0.4164555 0.1032453 0.3737868 0.1701772 0.1986572 0.2646494 0.2121860 0.1024433 0.2484320 0.1163365 0.1928900 0.2108204 0.1411516 0.1559745 0.1126937 0.1824334 0.6051031 0.2725038 0.1823607 0.2440707 0.1213271 0.2448804 0.1580438 0.3344098 0.1685110 0.4522011 0.1820508 0.5299581 0.1740526 0.2324258 0.5355884 0.2093905 0.1516168 0.1790896 0.1859076 
