84
Amauria_brandeegeana_62                    0.0000000 0.0494330 0.0602824 0.2333213 0.0928281 0.0843308 0.1163415 0.1127334 0.2307050 0.0489853 0.1587144 0.0674496 0.0597189 0.0499155 0.0276810 0.0469120 0.0575207 0.0668835 0.1421762 0.0616730 0.0583561 0.0634100 0.0421432 0.0454811 0.0469411 0.0618739 0.0885121 0.0847816 0.1423402 0.7919938 0.0571920 0.1248074 0.0474556 0.0512966 0.0448587 0.1633825 0.0559580 0.1116203 0.0583876 0.0520667 0.0623840 0.1462290 0.0546427 0.8000947 0.1187848 0.0712501 0.3483692 0.0466345 0.0689439 0.1458071 0.0566102 0.0574436 0.0483461 0.0892496 0.0387860 0.1310257 0.0740391 0.0416275 0.0664759 0.0657026 0.1050763 0.0801243 0.0678814 0.0314935 0.0633311 0.1265932 0.0869605 0.1195618 0.1085291 0.0369254 0.0505780 0.0456344 0.0953257 0.0532088 0.0549680 0.0596808 0.0468607 0.1256848 0.1301938 0.0621094 0.0633750 0.5887503 0.0657336 0.0574883 
Amauria_carterae_99_mesa                   0.0494330 0.0000000 0.0865733 0.2015287 0.1169950 0.1184954 0.1487583 0.1790020 0.3113865 0.0854790 0.1787240 0.0854441 0.0744749 0.0763946 0.0664459 0.0793345 0.0809885 0.0835543 0.1626798 0.0826704 0.3023519 0.0785278 0.1471955 0.0710666 0.0705017 0.0821892 0.0840802 0.1027347 0.1960790 0.2930454 0.0862462 0.1846313 0.0636339 0.0890627 0.0597993 0.1684608 0.0753026 0.1763397 0.0804033 0.0747922 0.0843976 0.1678866 0.0726694 0.1833519 0.1758316 0.0738434 0.2552078 0.0748713 0.0823590 0.1678728 0.0773870 0.0821493 0.0714088 0.0861608 0.0703439 0.1788084 0.1235365 0.0762358 0.0775585 0.0784215 0.1517278 0.1156602 0.1431819 0.1046488 0.0867579 0.1639246 0.0935832 0.1184669 0.1013013 0.0671517 0.0706621 0.0714521 0.1330279 0.0748472 0.0806196 0.0806081 0.0911931 0.1170627 0.1633018 0.0836859 0.0911793 0.2234987 0.0782547 0.0548438 
Amauria_rotundifolia_SRR9119150            0.0602824 0.0865733 0.0000000 0.1942790 0.1186811 0.1285407 0.1437166 0.1795869 0.3629355 0.0996007 0.2046824 0.1557886 0.1204340 0.1293643 0.1066742 0.1439233 0.0943218 0.0837661 0.1979560 0.1335189 0.2735626 0.1013704 0.1582519 0.1245009 0.1119094 0.1470331 0.1552169 0.1582343 0.2164228 0.2775206 0.1376655 0.2414963 0.0810520 0.0960004 0.0750967 0.1780895 0.0964098 0.1714787 0.1347986 0.1354926 0.1522041 0.1781474 0.1369790 0.1838139 0.1703811 0.1407635 0.2297475 0.1404662 0.1483012 0.1811282 0.1280452 0.1477340 0.1267052 0.1447934 0.1205086 0.1743825 0.1401266 0.0813809 0.1356847 0.1480353 0.1978914 0.1192097 0.1363924 0.1101046 0.1495186 0.1654296 0.1301727 0.1199085 0.1197831 0.0808628 0.0951375 0.1324372 0.1377413 0.1403293 0.1435312 0.1283516 0.0895676 0.1214587 0.1879636 0.1255369 0.1492680 0.2091919 0.1431634 0.0826756 
Conoclinium_coelestinum_SRR9119114         0.2333213 0.2015287 0.1942790 0.0000000 0.2362466 0.2007077 0.0812982 0.1956105 0.4192546 0.2030728 0.1958880 0.1902655 0.1801316 0.1853627 0.2067333 0.2020386 0.1938011 0.1881190 0.1991172 0.2008122 0.4394463 0.1884689 0.2551834 0.1779955 0.1813430 0.1835007 0.1874707 0.2038547 0.1958672 0.2170536 0.1813147 0.2709684 0.2111671 0.2306778 0.2102707 0.1850189 0.1879141 0.1765676 0.1980265 0.1849912 0.1879799 0.1832367 0.1846741 0.1734079 0.1843607 0.1924471 0.1662919 0.1801231 0.1912326 0.1877922 0.1839896 0.1865756 0.1785771 0.1924501 0.1980492 0.1949034 0.2104482 0.2167593 0.1893453 0.1887982 0.1913815 0.1885361 0.1985524 0.2624443 0.1909388 0.1800410 0.1674366 0.2010996 0.1729166 0.2143412 0.1834578 0.1804446 0.2327350 0.1791856 0.1860113 0.1909107 0.2069159 0.1974515 0.1705537 0.1871082 0.2109513 0.1913062 0.1879836 0.1229093 
Eutetras_palmeri_63                        0.0928281 0.1169950 0.1186811 0.2362466 0.0000000 0.0291108 0.1352044 0.1193005 0.2741043 0.0638593 0.0847185 0.1139872 0.0828743 0.0882588 0.0948757 0.0724190 0.0530677 0.0710415 0.0490391 0.0839123 0.0952068 0.0890699 0.0879430 0.0799052 0.0794048 0.0997498 0.1182334 0.1141266 0.0748839 0.7882770 0.0857458 0.0096975 0.0629256 0.0860419 0.0783827 0.0552789 0.0920620 0.0438914 0.0794842 0.0869245 0.0845899 0.0571179 0.0825554 9.0000000 0.0667114 0.0934133 0.2776376 0.0790486 0.0946955 0.0544065 0.0918993 0.1042221 0.0836622 0.1280922 0.0909416 0.0453955 0.0369668 0.1137293 0.0892352 0.0915762 0.0592206 0.0252400 0.0409516 0.0915390 0.0995838 0.0249514 0.1202915 0.1134198 0.0964163 0.1047841 0.0873469 0.0785529 0.0482549 0.0817295 0.0997878 0.0951688 0.0960356 0.1226155 0.0491236 0.0709082 0.0997498 0.5048288 0.0916124 0.0331402 
Eutetras_pringlei_149_quer                 0.0843308 0.1184954 0.1285407 0.2007077 0.0291108 0.0000000 0.1164746 0.1436072 0.3022662 0.0613995 0.0950687 0.1082192 0.1186658 0.1087834 0.1049535 0.1037040 0.1128466 0.0690034 0.0890010 0.1153681 0.1887299 0.1186903 0.1068628 0.1075094 0.1105043 0.1178296 0.1136533 0.1068245 0.0689147 0.3310261 0.0857862 0.1117593 0.0655307 0.0778274 0.0706867 0.0756966 0.1164002 0.0811406 0.1100901 0.1065993 0.1210801 0.0881259 0.1087135 0.1101071 0.0930488 0.0965220 0.2794356 0.1110316 0.1178954 0.0908538 0.1153783 0.1089873 0.1105523 0.1096222 0.1037735 0.0883860 0.1081207 0.0900437 0.1156046 0.1178954 0.0725109 0.0566161 0.0891935 0.0792997 0.1221685 0.0627941 0.0926803 0.1376473 0.1132695 0.0836837 0.1143739 0.1046672 0.1128434 0.1108165 0.1152156 0.1155567 0.0912862 0.1315124 0.0834957 0.1158477 0.1222093 0.1856856 0.1213210 0.0529183 
Eutrochium_fistulosum_SRR9119106           0.1163415 0.1487583 0.1437166 0.0812982 0.1352044 0.1164746 0.0000000 0.1468983 0.3327730 0.0969474 0.1694997 0.1509884 0.1384537 0.1452645 0.1536039 0.1518677 0.1453454 0.0955208 0.1497118 0.1555124 0.3419472 0.1413743 0.2079468 0.1346806 0.1348620 0.1481562 0.1408621 0.1589255 0.1505117 0.2401837 0.1352601 0.2306219 0.0991757 0.1341408 0.1009462 0.1492877 0.1412581 0.1534881 0.1510878 0.1417169 0.1476030 0.1512983 0.1376914 0.1570048 0.1524061 0.1481495 0.1656414 0.1420769 0.1433900 0.1536909 0.1426711 0.1451388 0.1385694 0.1450191 0.1464158 0.1540391 0.1532436 0.1602424 0.1430374 0.1409669 0.1519405 0.0974060 0.1626981 0.1989435 0.1500593 0.1465253 0.1268542 0.1504236 0.1220542 0.1656432 0.1328324 0.1334329 0.1380868 0.1360012 0.1428536 0.1485448 0.1581060 0.1505254 0.1371188 0.1421015 0.1642882 0.1907814 0.1406787 0.0927106 
Galeana_pratensis_104_mex                  0.1127334 0.1790020 0.1795869 0.1956105 0.1193005 0.1436072 0.1468983 0.0000000 0.3796476 0.0866844 0.1892002 0.1978015 0.1781289 0.1784760 0.1852798 0.1864019 0.1876155 0.1650550 0.1924385 0.1855653 0.3408930 0.1801155 0.2015355 0.1740116 0.1741379 0.1830517 0.1830675 0.1992824 0.1842115 0.3459406 0.1612583 0.2844321 0.0864382 0.1236908 0.0886753 0.1780053 0.1822269 0.1949921 0.1882091 0.1746180 0.1784329 0.1843966 0.1743273 0.2110341 0.1898814 0.1792518 0.2822669 0.1790200 0.1817449 0.1889898 0.1802543 0.1908440 0.1719301 0.1847597 0.1766283 0.1788462 0.2185488 0.1839957 0.1834678 0.1802249 0.1798971 0.1102790 0.1577451 0.2074502 0.1874216 0.1737592 0.1689291 0.1999961 0.1710308 0.1894421 0.1813126 0.1727225 0.1202681 0.1757066 0.1855393 0.1853737 0.1634649 0.2004615 0.1864883 0.1826119 0.1893909 0.2228673 0.1833629 0.1273352 
Helianthus_annuus_SRR9119062               0.2307050 0.3113865 0.3629355 0.4192546 0.2741043 0.3022662 0.3327730 0.3796476 0.0000000 0.1516619 0.4331686 0.3657267 0.3404399 0.3047695 0.3168956 0.3534534 0.3328706 0.2575934 0.3273720 0.3464350 0.4330507 0.3517262 0.2210429 0.3373448 0.3416735 0.3530212 0.3615638 0.2978483 0.3826855 0.7687837 0.3128936 0.3273834 0.2333135 0.2698707 0.2420643 0.3888527 0.3476585 0.3564220 0.3320218 0.3454828 0.3495106 0.3969831 0.3119132 0.5866872 0.3974093 0.3445604 0.5915444 0.3269602 0.3487262 0.4001706 0.3484264 0.2865978 0.3417056 0.3566504 0.2827544 0.4058520 0.2699116 0.3079218 0.3445777 0.3500172 0.3679602 0.2002205 0.2925954 0.3118207 0.3485034 0.3570832 0.3208762 0.3662177 0.3149861 0.2534337 0.3399124 0.3397738 0.2323377 0.3458041 0.3215997 0.3516586 0.2386002 0.3295278 0.3978607 0.3564036 0.3331038 0.7393019 0.3506342 0.3187525 
Lycapsus_tenuifolius_17                    0.0489853 0.0854790 0.0996007 0.2030728 0.0638593 0.0613995 0.0969474 0.0866844 0.1516619 0.0000000 0.1713273 0.1469330 0.1239557 0.1131446 0.1023808 0.0962808 0.0689543 0.0663117 0.1454536 0.1181334 0.1212556 0.1044896 0.0664677 0.1009582 0.0892834 0.1237869 0.1305981 0.1515240 0.1016165 0.7502372 0.1132803 0.1251320 0.0000010 0.0836845 0.0017349 0.1516530 0.1124390 0.0944985 0.1134628 0.1105797 0.1244068 0.1345482 0.1226452 0.6435586 0.1030651 0.1098309 0.3222566 0.1198316 0.1349398 0.1338448 0.1170532 0.1238439 0.1155442 0.1358287 0.0977691 0.1256488 0.1030630 0.0866804 0.1241375 0.1310084 0.1160801 0.0565331 0.0486966 0.0936131 0.1358383 0.1098729 0.1303725 0.1195045 0.0953836 0.0868079 0.1125737 0.1083327 0.0635784 0.1200833 0.1205042 0.1227787 0.0831273 0.1100298 0.1294339 0.0996306 0.1377454 0.6318871 0.1314753 0.0433926 
Pericome_caudata_50_silver                 0.1587144 0.1787240 0.2046824 0.1958880 0.0847185 0.0950687 0.1694997 0.1892002 0.4331686 0.1713273 0.0000000 0.1553848 0.1600102 0.1727650 0.1750884 0.1711850 0.1339774 0.1430798 0.0898755 0.1683495 0.3158353 0.1470631 0.1863750 0.1487964 0.1469604 0.1592488 0.1914747 0.1966088 0.1529154 0.2048815 0.1582601 0.0817789 0.1430221 0.1338883 0.1374748 0.0876213 0.1582039 0.0878181 0.1754453 0.1613933 0.1688722 0.0875682 0.1785897 0.0798472 0.0854933 0.1576074 0.1677758 0.1605855 0.1570776 0.0881782 0.1639713 0.1728197 0.1539282 0.1936837 0.1707184 0.1129861 0.1835761 0.1660281 0.1714666 0.1633140 0.0849635 0.0807705 0.0741803 0.1740631 0.1619307 0.0871045 0.1730018 0.1609880 0.1620124 0.1519287 0.1510688 0.1483081 0.1291074 0.1558399 0.1691784 0.1507576 0.1430698 0.1752582 0.0781036 0.1529228 0.1673951 0.1285669 0.1715995 0.0951497 
Perityle_aglossa_84_dead_horse             0.0674496 0.0854441 0.1557886 0.1902655 0.1139872 0.1082192 0.1509884 0.1978015 0.3657267 0.1469330 0.1553848 0.0000000 0.0312295 0.0178188 0.0057660 0.0467783 0.0120792 0.1002772 0.1853904 0.0307603 0.2053465 0.0303781 0.0833183 0.0150004 0.0183895 0.0216591 0.0551841 0.0635300 0.2271871 0.2622954 0.1123022 0.2321651 0.1157243 0.0091725 0.0765958 0.1554087 0.0201547 0.1488273 0.0495587 0.0177859 0.0681489 0.1512062 0.0527921 0.1877479 0.1402815 0.0506040 0.1996001 0.0196976 0.0500402 0.1608757 0.0176669 0.0254715 0.0183212 0.0524118 0.0119265 0.1549318 0.0760201 0.0356220 0.0448382 0.0637811 0.1783884 0.0403767 0.1294406 0.0772592 0.0080212 0.1522528 0.0519113 0.1288830 0.1143279 0.0244623 0.0186751 0.0147202 0.1551518 0.0217873 0.0228248 0.0209090 0.0232298 0.1384325 0.1545121 0.0192495 0.0069271 0.2156889 0.0500069 0.0559147 
Perityle_ajoensis_204                      0.0597189 0.0744749 0.1204340 0.1801316 0.0828743 0.1186658 0.1384537 0.1781289 0.3404399 0.1239557 0.1600102 0.0312295 0.0000000 0.0164451 0.0060576 0.0320391 0.0064008 0.0769061 0.1750367 0.0248426 0.2092483 0.0072496 0.0793415 0.0032509 0.0016691 0.0208361 0.0343752 0.0555717 0.2161946 0.2638237 0.0751082 0.2212246 0.0996093 0.0192629 0.0697339 0.1487230 0.0162701 0.1378466 0.0354479 0.0149308 0.0139125 0.1456147 0.0082578 0.1791908 0.1343616 0.0405744 0.2142321 0.0062774 0.0087007 0.1487573 0.0154033 0.0226416 0.0112495 0.0380111 0.0124692 0.1454325 0.0646965 0.0185771 0.0049290 0.0061565 0.1689861 0.0656110 0.1240649 0.0670338 0.0282632 0.1384316 0.0427549 0.1148810 0.0977923 0.0180842 0.0111650 0.0059003 0.1383744 0.0064136 0.0186951 0.0176684 0.0145369 0.1240247 0.1445358 0.0147342 0.0302500 0.2027887 0.0062639 0.0336553 
Perityle_ambrosiifolia_67_green            0.0499155 0.0763946 0.1293643 0.1853627 0.0882588 0.1087834 0.1452645 0.1784760 0.3047695 0.1131446 0.1727650 0.0178188 0.0164451 0.0000000 0.0032883 0.0293687 0.0030664 0.0889668 0.1728776 0.0224619 0.2032266 0.0213615 0.0650691 0.0041126 0.0079295 0.0094838 0.0389182 0.0535694 0.2229133 0.2731456 0.0652854 0.2201255 0.0935743 0.0000010 0.0573494 0.1571244 0.0100158 0.1469914 0.0335733 0.0016780 0.0385125 0.1552076 0.0246136 0.1863847 0.1471744 0.0424622 0.2147089 0.0077587 0.0251725 0.1561556 0.0033418 0.0149843 0.0074838 0.0424672 0.0063249 0.1595868 0.0575553 0.0254060 0.0193400 0.0246722 0.1714373 0.0515656 0.1248875 0.0612639 0.0141472 0.1450563 0.0475156 0.1242210 0.1035156 0.0146116 0.0076248 0.0017217 0.1435437 0.0075074 0.0125036 0.0128629 0.0108914 0.1290521 0.1584571 0.0136901 0.0143520 0.2112697 0.0228645 0.0414465 
Perityle_angustifolia_13_Eagle_creek       0.0276810 0.0664459 0.1066742 0.2067333 0.0948757 0.1049535 0.1536039 0.1852798 0.3168956 0.1023808 0.1750884 0.0057660 0.0060576 0.0032883 0.0000000 0.0310646 0.0024173 0.0832828 0.1826710 0.0170993 0.3039406 0.0133442 0.0634285 0.0017046 0.0042474 0.0057581 0.0291593 0.0515443 0.2215057 0.2456965 0.0613714 0.2114701 0.0661849 0.0000010 0.0418044 0.1531319 0.0083231 0.1584098 0.0305585 0.0016503 0.0197171 0.1566657 0.0043487 0.1788905 0.1572767 0.0343707 0.1757397 0.0059500 0.0160811 0.1586490 0.0008228 0.0143457 0.0025683 0.0335172 0.0008396 0.1729598 0.0585686 0.0234037 0.0078228 0.0118536 0.1689230 0.0313966 0.1291044 0.0526694 0.0024864 0.1529499 0.0406367 0.1249654 0.1064303 0.0124047 0.0053283 0.0008486 0.1261066 0.0008544 0.0092669 0.0105769 0.0108172 0.1273307 0.1616750 0.0074304 0.0009888 0.2124866 0.0118187 0.0451912 
Perityle_batopilensis_97                   0.0469120 0.0793345 0.1439233 0.2020386 0.0724190 0.1037040 0.1518677 0.1864019 0.3534534 0.0962808 0.1711850 0.0467783 0.0320391 0.0293687 0.0310646 0.0000000 0.0288441 0.0693629 0.1740236 0.0340366 0.2072607 0.0375310 0.0762178 0.0251479 0.0245444 0.0366277 0.0451661 0.0603566 0.2198925 0.2937855 0.0676019 0.2162047 0.0768734 0.0143107 0.0492916 0.1505093 0.0250519 0.1512011 0.0038841 0.0305780 0.0490385 0.1507067 0.0432058 0.2014556 0.1466751 0.1005806 0.2260240 0.0308645 0.0411858 0.1515041 0.0305313 0.0346506 0.0248780 0.0496178 0.0243329 0.1481239 0.0703313 0.0381763 0.0386605 0.0413665 0.1676718 0.0417190 0.1272794 0.0822021 0.0420850 0.1361573 0.0457047 0.1247221 0.1115273 0.0239080 0.0242803 0.0258418 0.1090655 0.0322869 0.0288264 0.0327956 0.0252022 0.1313890 0.1530404 0.0393944 0.0427008 0.2331637 0.0393608 0.0564592 
Perityle_bisetosa_9                        0.0575207 0.0809885 0.0943218 0.1938011 0.0530677 0.1128466 0.1453454 0.1876155 0.3328706 0.0689543 0.1339774 0.0120792 0.0064008 0.0030664 0.0024173 0.0288441 0.0000000 0.0723120 0.1468549 0.0073707 0.2057612 0.0111724 0.0683632 0.0085289 0.0034329 0.0096563 0.0417795 0.0408782 0.1891632 0.3155185 0.0527269 0.1899425 0.0593636 0.0033915 0.0596322 0.1219783 0.0040794 0.1351393 0.0237338 0.0043409 0.0204369 0.1181321 0.0031045 0.1662167 0.1299023 0.0350806 0.2493297 0.0028937 0.0118148 0.1234421 0.0052591 0.0073390 0.0025921 0.0314385 0.0010734 0.1387032 0.0560741 0.0144314 0.0080039 0.0119504 0.1353706 0.0563351 0.1203305 0.0415289 0.0092419 0.1136775 0.0386719 0.0993850 0.0787820 0.0109871 0.0061791 0.0031053 0.1031459 0.0048555 0.0050570 0.0067638 0.0075039 0.1062197 0.1225050 0.0052415 0.0074367 0.2056913 0.0109899 0.0304765 
Perityle_californica_76_positas            0.0668835 0.0835543 0.0837661 0.1881190 0.0710415 0.0690034 0.0955208 0.1650550 0.2575934 0.0663117 0.1430798 0.1002772 0.0769061 0.0889668 0.0832828 0.0693629 0.0723120 0.0000000 0.1334035 0.0782060 0.1910617 0.0847113 0.0920699 0.0757335 0.0786619 0.0911705 0.1081609 0.1031586 0.2425348 0.7334358 0.0809019 0.1214212 0.0529329 0.0783259 0.0518971 0.1243552 0.0808679 0.1166508 0.0792540 0.0797218 0.0830328 0.1244783 0.0780795 0.2545480 0.1254650 0.0851388 0.3057241 0.0763311 0.0894372 0.1237403 0.0851218 0.1022752 0.0763817 0.1042875 0.0869654 0.1238221 0.0951079 0.0842136 0.0790253 0.0869771 0.1186564 0.0761665 0.0950975 0.0860406 0.0855280 0.1099754 0.1113726 0.0938440 0.0730331 0.0744598 0.0748160 0.0760183 0.0799335 0.0778129 0.0924488 0.0866083 0.0983931 0.0950460 0.1335502 0.0810146 0.0876303 0.6625003 0.0865303 0.0047747 
Perityle_canescens_77                      0.1421762 0.1626798 0.1979560 0.1991172 0.0490391 0.0890010 0.1497118 0.1924385 0.3273720 0.1454536 0.0898755 0.1853904 0.1750367 0.1728776 0.1826710 0.1740236 0.1468549 0.1334035 0.0000000 0.1766803 0.3449406 0.1654987 0.1905920 0.1654388 0.1650676 0.1775936 0.1893352 0.1927931 0.1510139 0.2087103 0.1617243 0.0861136 0.1271398 0.1417616 0.1171328 0.0768444 0.1650498 0.0728189 0.1755649 0.1719963 0.1848587 0.0694609 0.1790806 0.0773968 0.0730076 0.1757130 0.1271188 0.1685536 0.1849254 0.0667631 0.1737111 0.1780829 0.1682267 0.1937731 0.1658087 0.0669634 0.1770757 0.1694782 0.1800151 0.1835615 0.0441412 0.0455339 0.0515997 0.1845848 0.1795754 0.0552374 0.1826420 0.1804821 0.1604331 0.1509461 0.1601117 0.1675666 0.1054125 0.1734501 0.1748620 0.1691596 0.1433406 0.1832022 0.0704568 0.1687564 0.1871914 0.0763131 0.1841772 0.0927462 
Perityle_castillonii_96                    0.0616730 0.0826704 0.1335189 0.2008122 0.0839123 0.1153681 0.1555124 0.1855653 0.3464350 0.1181334 0.1683495 0.0307603 0.0248426 0.0224619 0.0170993 0.0340366 0.0073707 0.0782060 0.1766803 0.0000000 0.2047404 0.0311897 0.0696942 0.0130656 0.0180023 0.0243702 0.0436840 0.0613379 0.2219034 0.2756867 0.0714744 0.2227900 0.0924168 0.0111869 0.0684141 0.1538883 0.0170892 0.1487474 0.0388762 0.0201162 0.0433458 0.1533602 0.0375019 0.1940142 0.1469171 0.0473556 0.2241637 0.0197267 0.0334628 0.1557564 0.0205645 0.0273421 0.0149697 0.0458160 0.0149419 0.1505743 0.0681592 0.0342322 0.0314779 0.0341731 0.1698620 0.0549937 0.1299806 0.0729664 0.0267120 0.1429646 0.0498241 0.1225560 0.1064116 0.0163496 0.0145522 0.0155333 0.1362324 0.0231163 0.0216309 0.0230529 0.0225384 0.1331500 0.1503588 0.0249124 0.0220599 0.2134885 0.0319786 0.0427430 
Perityle_cernua_84                         0.0583561 0.3023519 0.2735626 0.4394463 0.0952068 0.1887299 0.3419472 0.3408930 0.4330507 0.1212556 0.3158353 0.2053465 0.2092483 0.2032266 0.3039406 0.2072607 0.2057612 0.1910617 0.3449406 0.2047404 0.0000000 0.2311672 0.0241562 0.1824767 0.1974898 0.1855865 0.2218229 0.2528452 0.4348694 0.6757302 0.2447459 0.3156248 0.0980936 0.0073975 0.0682351 0.3402010 0.1936262 0.3730909 0.2206936 0.1816150 0.2221956 0.3068228 0.2377640 0.6837583 0.3111152 0.2273602 0.4845865 0.2094737 0.2025618 0.3138544 0.1834367 0.2180553 0.1767457 0.2314659 0.2195039 0.3099423 0.2827495 0.2632228 0.1973628 0.2043888 0.3422930 0.0515656 0.2504242 0.2882985 0.1846266 0.3177055 0.2342433 0.3343777 0.3770211 0.1916221 0.1956274 0.1788480 0.1465939 0.1855520 0.2118082 0.1781172 0.1373571 0.3909022 0.2988462 0.2463071 0.1564572 0.5855021 0.2128852 0.2632763 
Perityle_cfvillosa_25_tin                  0.0634100 0.0785278 0.1013704 0.1884689 0.0890699 0.1186903 0.1413743 0.1801155 0.3517262 0.1044896 0.1470631 0.0303781 0.0072496 0.0213615 0.0133442 0.0375310 0.0111724 0.0847113 0.1654987 0.0311897 0.2311672 0.0000000 0.0891355 0.0084411 0.0071332 0.0240258 0.0541323 0.0624896 0.2150769 0.2659430 0.0643871 0.1786905 0.0826830 0.0251858 0.0777825 0.1478526 0.0228943 0.1419538 0.0356566 0.0195876 0.0178263 0.1484382 0.0063600 0.1751692 0.1378946 0.0455548 0.2252059 0.0104077 0.0044133 0.1509232 0.0217376 0.0276970 0.0130979 0.0605099 0.0155748 0.1469184 0.0765130 0.0208643 0.0025865 0.0027471 0.1425125 0.0647678 0.1258587 0.0729919 0.0253671 0.1436691 0.0484040 0.1231996 0.1057860 0.0212932 0.0144492 0.0050458 0.1436562 0.0078923 0.0169700 0.0250295 0.0189696 0.1289460 0.1354106 0.0190051 0.0256218 0.2060789 0.0022049 0.0480647 
Perityle_cinerea_113_Powell1310            0.0421432 0.1471955 0.1582519 0.2551834 0.0879430 0.1068628 0.2079468 0.2015355 0.2210429 0.0664677 0.1863750 0.0833183 0.0793415 0.0650691 0.0634285 0.0762178 0.0683632 0.0920699 0.1905920 0.0696942 0.0241562 0.0891355 0.0000000 0.0581285 0.0669300 0.0740899 0.0838383 0.1204788 0.1942822 0.7488836 0.1056120 0.0958642 0.0653203 0.0098258 0.0619943 0.1966579 0.0650334 0.2109075 0.0839506 0.0611074 0.0925217 0.1669965 0.0729909 0.8621768 0.2020315 0.0983752 0.2618925 0.0682226 0.0920591 0.1692957 0.0655759 0.0741514 0.0622843 0.0883015 0.0616648 0.1779349 0.1397141 0.0814817 0.0844296 0.0875874 0.1676790 0.0527857 0.1420997 0.0776705 0.0700759 0.1584891 0.0847605 0.1782052 0.1398054 0.0474962 0.0588204 0.0671282 0.1313684 0.0718781 0.0740899 0.0789314 0.0640410 0.1725404 0.1655309 0.0715311 0.0654161 0.7106012 0.0836948 0.1213442 
Perityle_coahuilensis_24                   0.0454811 0.0710666 0.1245009 0.1779955 0.0799052 0.1075094 0.1346806 0.1740116 0.3373448 0.1009582 0.1487964 0.0150004 0.0032509 0.0041126 0.0017046 0.0251479 0.0085289 0.0757335 0.1654388 0.0130656 0.1824767 0.0084411 0.0581285 0.0000000 0.0032008 0.0101760 0.0491815 0.0497101 0.2111640 0.2571761 0.0534338 0.2093505 0.0786071 0.0011888 0.0611481 0.1384774 0.0047980 0.1329950 0.0247002 0.0035256 0.0155342 0.1307904 0.0118377 0.1705343 0.1268276 0.0347977 0.2137865 0.0043673 0.0107014 0.1367159 0.0046447 0.0112124 0.0035798 0.0475244 0.0026144 0.1420980 0.0656915 0.0174803 0.0056508 0.0127299 0.1619116 0.0524353 0.1187665 0.0626795 0.0133751 0.1291991 0.0385972 0.1098059 0.1070750 0.0114817 0.0028226 0.0096044 0.1351925 0.0070657 0.0059775 0.0101602 0.0094800 0.1227822 0.1356427 0.0072087 0.0091018 0.1922684 0.0136413 0.0455021 
Perityle_cochisensis_44_cave_creek         0.0469411 0.0705017 0.1119094 0.1813430 0.0794048 0.1105043 0.1348620 0.1741379 0.3416735 0.0892834 0.1469604 0.0183895 0.0016691 0.0079295 0.0042474 0.0245444 0.0034329 0.0786619 0.1650676 0.0180023 0.1974898 0.0071332 0.0669300 0.0032008 0.0000000 0.0116213 0.0363140 0.0489162 0.2070441 0.2585540 0.0555283 0.1990655 0.0687791 0.0038322 0.0641892 0.1408710 0.0068627 0.1370614 0.0249602 0.0063880 0.0100351 0.1356832 0.0025790 0.1663051 0.1308891 0.0370821 0.2128151 0.0058771 0.0078736 0.1396558 0.0069581 0.0154887 0.0058535 0.0368932 0.0046930 0.1372464 0.0624242 0.0173845 0.0035049 0.0052636 0.1507534 0.0524353 0.1217360 0.0651698 0.0127718 0.1316776 0.0413255 0.1096849 0.0916774 0.0115210 0.0063978 0.0026533 0.1327494 0.0031827 0.0104920 0.0115018 0.0094716 0.1170252 0.1358907 0.0123255 0.0117801 0.1998447 0.0054802 0.0373579 
Perityle_congesta_202                      0.0618739 0.0821892 0.1470331 0.1835007 0.0997498 0.1178296 0.1481562 0.1830517 0.3530212 0.1237869 0.1592488 0.0216591 0.0208361 0.0094838 0.0057581 0.0366277 0.0096563 0.0911705 0.1775936 0.0243702 0.1855865 0.0240258 0.0740899 0.0101760 0.0116213 0.0000000 0.0597090 0.0594081 0.2278665 0.2770713 0.0720303 0.2256545 0.1043554 0.0093411 0.0704976 0.1576358 0.0149954 0.1476517 0.0376561 0.0101419 0.0413751 0.1507961 0.0243333 0.1876316 0.1420785 0.0471283 0.2263932 0.0079060 0.0284750 0.1557995 0.0103573 0.0139821 0.0049587 0.0569574 0.0075887 0.1527166 0.0721644 0.0290676 0.0237391 0.0308210 0.1694850 0.0614922 0.1331038 0.0694908 0.0165629 0.1464958 0.0487874 0.1191129 0.1094600 0.0211472 0.0121303 0.0086250 0.1482129 0.0073129 0.0062468 0.0170002 0.0030912 0.1299604 0.1518511 0.0135378 0.0170120 0.2153881 0.0262236 0.0568101 
Perityle_cordifolia_27                     0.0885121 0.0840802 0.1552169 0.1874707 0.1182334 0.1136533 0.1408621 0.1830675 0.3615638 0.1305981 0.1914747 0.0551841 0.0343752 0.0389182 0.0291593 0.0451661 0.0417795 0.1081609 0.1893352 0.0436840 0.2218229 0.0541323 0.0838383 0.0491815 0.0363140 0.0597090 0.0000000 0.0767062 0.2171417 0.2791342 0.0760847 0.2544821 0.1141823 0.0659645 0.0966773 0.1867592 0.0376435 0.1779562 0.0447969 0.0436799 0.0583502 0.1789351 0.0422477 0.1921785 0.1731992 0.0599760 0.2340222 0.0385152 0.0563216 0.1777461 0.0414620 0.0431658 0.0367287 0.0236487 0.0344147 0.1811502 0.0811512 0.0373177 0.0395684 0.0622388 0.1748006 0.0811837 0.1310175 0.0491386 0.0618179 0.1626105 0.0221984 0.1308441 0.1387569 0.0397611 0.0381847 0.0501101 0.1665113 0.0501674 0.0420840 0.0442589 0.0480498 0.1400105 0.1702936 0.0395018 0.0510683 0.2161496 0.0558968 0.0821736 
Perityle_cordifolia_68_tecolote            0.0847816 0.1027347 0.1582343 0.2038547 0.1141266 0.1068245 0.1589255 0.1992824 0.2978483 0.1515240 0.1966088 0.0635300 0.0555717 0.0535694 0.0515443 0.0603566 0.0408782 0.1031586 0.1927931 0.0613379 0.2528452 0.0624896 0.1204788 0.0497101 0.0489162 0.0594081 0.0767062 0.0000000 0.2348712 0.3023067 0.0931339 0.2512313 0.1321408 0.0528798 0.0849535 0.1837849 0.0520516 0.1708474 0.0589500 0.0529977 0.0762924 0.1846038 0.0665114 0.2156568 0.1699559 0.0705799 0.2288188 0.0529448 0.0666687 0.1854891 0.0531179 0.0560314 0.0489811 0.0715662 0.0470465 0.1881515 0.0290684 0.0491661 0.0606026 0.0693297 0.1767888 0.0652805 0.1402098 0.0942781 0.0619638 0.1709729 0.0679653 0.1472610 0.1358189 0.0553400 0.0455405 0.0509576 0.1740873 0.0574432 0.0536185 0.0539273 0.0453732 0.1491904 0.1791113 0.0514385 0.0561460 0.2413267 0.0657987 0.0752925 
Perityle_crassifolia_70_ventanas           0.1423402 0.1960790 0.2164228 0.1958672 0.0748839 0.0689147 0.1505117 0.1842115 0.3826855 0.1016165 0.1529154 0.2271871 0.2161946 0.2229133 0.2215057 0.2198925 0.1891632 0.2425348 0.1510139 0.2219034 0.4348694 0.2150769 0.1942822 0.2111640 0.2070441 0.2278665 0.2171417 0.2348712 0.0000000 0.1309813 0.2030327 0.3577195 0.1070712 0.1459992 0.0820633 0.1374024 0.2131007 0.1181628 0.2195226 0.2238470 0.2263609 0.1370390 0.2129965 0.1470497 0.1223138 0.2198758 0.2077921 0.2198174 0.2235398 0.1376923 0.2256825 0.2270671 0.2175775 0.2281369 0.2157334 0.1492517 0.2374754 0.1947689 0.2205341 0.2202491 0.1306856 0.0490672 0.0690283 0.2673807 0.2244122 0.1399839 0.2161776 0.2309226 0.2138021 0.2261269 0.2188184 0.2153803 0.0556467 0.2194554 0.2232473 0.2169654 0.1570095 0.2347374 0.1431603 0.2092424 0.2304720 0.1041315 0.2234060 0.1348242 
Perityle_crassifolia_74_playa_balandra     0.7919938 0.2930454 0.2775206 0.2170536 0.7882770 0.3310261 0.2401837 0.3459406 0.7687837 0.7502372 0.2048815 0.2622954 0.2638237 0.2731456 0.2456965 0.2937855 0.3155185 0.7334358 0.2087103 0.2756867 0.6757302 0.2659430 0.7488836 0.2571761 0.2585540 0.2770713 0.2791342 0.3023067 0.1309813 0.0000000 0.2600499 0.6309723 0.7415163 0.7943840 0.7586818 0.1938541 0.2704506 0.1978632 0.2911281 0.2760932 0.2726884 0.1940649 0.2630829 0.0906074 0.2132335 0.2821602 0.2189007 0.2740191 0.2675722 0.1975143 0.2753718 0.2740514 0.2641515 0.2839298 0.2612282 0.2182325 0.3998897 0.2616575 0.2653372 0.2651750 0.2041106 0.8078736 0.1942658 0.3581853 0.2802405 0.1970923 0.2766653 0.3110381 0.2904664 0.3724074 0.2617549 0.2624756 0.8189308 0.2681287 0.2671108 0.2721729 0.3227092 0.3114832 0.1921121 0.2752807 0.3121804 0.0848924 0.2675207 0.2131485 
Perityle_cuneata_34_cuneata_San_antonio    0.0571920 0.0862462 0.1376655 0.1813147 0.0857458 0.0857862 0.1352601 0.1612583 0.3128936 0.1132803 0.1582601 0.1123022 0.0751082 0.0652854 0.0613714 0.0676019 0.0527269 0.0809019 0.1617243 0.0714744 0.2447459 0.0643871 0.1056120 0.0534338 0.0555283 0.0720303 0.0760847 0.0931339 0.2030327 0.2600499 0.0000000 0.2106103 0.0978977 0.0552449 0.0607165 0.1477599 0.0641269 0.1363061 0.0673113 0.0651865 0.1225341 0.1480667 0.0956590 0.1664817 0.1368571 0.0725249 0.2027083 0.0666148 0.1475513 0.1513057 0.0653591 0.0724124 0.0599658 0.0864671 0.0595876 0.1463627 0.1008771 0.0673350 0.1211406 0.1596441 0.1508598 0.0661135 0.1064510 0.0963919 0.1470193 0.1368837 0.0751234 0.1197508 0.0955649 0.0600420 0.0597485 0.0598541 0.1315160 0.0683103 0.0691419 0.0706450 0.0640485 0.1203753 0.1495593 0.0647946 0.1411895 0.1961599 0.1147944 0.0530718 
Perityle_cuneata_4                         0.1248074 0.1846313 0.2414963 0.2709684 0.0096975 0.1117593 0.2306219 0.2844321 0.3273834 0.1251320 0.0817789 0.2321651 0.2212246 0.2201255 0.2114701 0.2162047 0.1899425 0.1214212 0.0861136 0.2227900 0.3156248 0.1786905 0.0958642 0.2093505 0.1990655 0.2256545 0.2544821 0.2512313 0.3577195 0.6309723 0.2106103 0.0000000 0.0983447 0.1437932 0.0985627 0.0995752 0.1847829 0.0910063 0.2190453 0.2203644 0.2407452 0.0908919 0.2346184 0.1832718 0.0987629 0.2342630 0.0798799 0.2155432 0.2321824 0.0895469 0.2197426 0.2305545 0.2182792 0.2610068 0.2083966 0.0845164 0.2203810 0.1774861 0.2229551 0.2303786 0.0853551 0.0000010 0.1075280 0.1763652 0.2311871 0.0720624 0.2369767 0.2215921 0.2029092 0.1682174 0.1924917 0.2165269 0.0291989 0.2120698 0.2283075 0.2150867 0.1839486 0.2213869 0.0723885 0.2446130 0.2317674 0.5318187 0.2306085 0.1225455 
Perityle_discoidea_81                      0.0474556 0.0636339 0.0810520 0.2111671 0.0629256 0.0655307 0.0991757 0.0864382 0.2333135 0.0000010 0.1430221 0.1157243 0.0996093 0.0935743 0.0661849 0.0768734 0.0593636 0.0529329 0.1271398 0.0924168 0.0980936 0.0826830 0.0653203 0.0786071 0.0687791 0.1043554 0.1141823 0.1321408 0.1070712 0.7415163 0.0978977 0.0983447 0.0000000 0.0733366 0.0060943 0.1322039 0.0922644 0.0861549 0.0964121 0.0877292 0.1019688 0.1185543 0.1019939 0.7177217 0.1046983 0.0944378 0.3219942 0.0984470 0.1099993 0.1179043 0.0953395 0.1036085 0.0921007 0.1171853 0.0775844 0.1027951 0.0758703 0.0737941 0.1018477 0.1066686 0.1004512 0.0595781 0.0483430 0.0651400 0.1104543 0.0883508 0.1151072 0.0886655 0.0731772 0.0682351 0.0903875 0.0858261 0.0533628 0.0974947 0.1002835 0.0985289 0.0740867 0.0888117 0.1081356 0.0762278 0.1100931 0.5770536 0.1068784 0.0353947 
Perityle_dissecta_201                      0.0512966 0.0890627 0.0960004 0.2306778 0.0860419 0.0778274 0.1341408 0.1236908 0.2698707 0.0836845 0.1338883 0.0091725 0.0192629 0.0000010 0.0000010 0.0143107 0.0033915 0.0783259 0.1417616 0.0111869 0.0073975 0.0251858 0.0098258 0.0011888 0.0038322 0.0093411 0.0659645 0.0528798 0.1459992 0.7943840 0.0552449 0.1437932 0.0733366 0.0000000 0.0640209 0.1563011 0.0042203 0.1011955 0.0262952 0.0024759 0.0273079 0.1310836 0.0166198 0.6702084 0.0969710 0.0577278 0.3699889 0.0016185 0.0270583 0.1368369 0.0050409 0.0100217 0.0012319 0.0578223 0.0017161 0.1263623 0.0347203 0.0185610 0.0222732 0.0259397 0.1044894 0.0518039 0.0723491 0.0125709 0.0034930 0.1144776 0.0560356 0.1264298 0.1289718 0.0159210 0.0064097 0.0011925 0.1287759 0.0083226 0.0077722 0.0081112 0.0127387 0.1520273 0.1217862 0.0073191 0.0035016 0.5714000 0.0244663 0.0479559 
Perityle_emoryi_47_punta_san_jose          0.0448587 0.0597993 0.0750967 0.2102707 0.0783827 0.0706867 0.1009462 0.0886753 0.2420643 0.0017349 0.1374748 0.0765958 0.0697339 0.0573494 0.0418044 0.0492916 0.0596322 0.0518971 0.1171328 0.0684141 0.0682351 0.0777825 0.0619943 0.0611481 0.0641892 0.0704976 0.0966773 0.0849535 0.0820633 0.7586818 0.0607165 0.0985627 0.0060943 0.0640209 0.0000000 0.1292899 0.0674649 0.0900283 0.0632917 0.0632720 0.0724181 0.1245865 0.0619861 0.3824210 0.1085216 0.0686966 0.3374228 0.0589239 0.0812779 0.1238722 0.0681217 0.0636455 0.0609494 0.1049871 0.0477977 0.1088350 0.0661325 0.0536783 0.0734195 0.0778843 0.0753630 0.0625678 0.0613604 0.0542148 0.0755535 0.0865098 0.0888029 0.0980021 0.0782487 0.0533605 0.0634291 0.0563226 0.0779521 0.0661450 0.0645877 0.0712817 0.0516488 0.0925840 0.1103408 0.0768739 0.0770202 0.5708990 0.0779322 0.0368255 
Perityle_feddemae_99                       0.1633825 0.1684608 0.1780895 0.1850189 0.0552789 0.0756966 0.1492877 0.1780053 0.3888527 0.1516530 0.0876213 0.1554087 0.1487230 0.1571244 0.1531319 0.1505093 0.1219783 0.1243552 0.0768444 0.1538883 0.3402010 0.1478526 0.1966579 0.1384774 0.1408710 0.1576358 0.1867592 0.1837849 0.1374024 0.1938541 0.1477599 0.0995752 0.1322039 0.1563011 0.1292899 0.0000000 0.1588998 0.0355846 0.1537881 0.1495952 0.1548209 0.0537493 0.1613517 0.0130980 0.0457336 0.1491924 0.1506924 0.1442707 0.1543534 0.0545544 0.1536446 0.1586779 0.1453745 0.1871631 0.1525053 0.0919966 0.1648665 0.1595901 0.1584685 0.1563267 0.0681251 0.0459574 0.0614412 0.1812124 0.1574267 0.0678131 0.1673880 0.1669911 0.1596188 0.1575783 0.1437169 0.1446156 0.1014155 0.1533471 0.1565287 0.1548824 0.1449392 0.1663495 0.0690567 0.1343550 0.1700541 0.1044910 0.1555027 0.0904636 
Perityle_fosteri_93                        0.0559580 0.0753026 0.0964098 0.1879141 0.0920620 0.1164002 0.1412581 0.1822269 0.3476585 0.1124390 0.1582039 0.0201547 0.0162701 0.0100158 0.0083231 0.0250519 0.0040794 0.0808679 0.1650498 0.0170892 0.1936262 0.0228943 0.0650334 0.0047980 0.0068627 0.0149954 0.0376435 0.0520516 0.2131007 0.2704506 0.0641269 0.1847829 0.0922644 0.0042203 0.0674649 0.1588998 0.0000000 0.1491307 0.0264314 0.0092160 0.0369801 0.1566157 0.0261365 0.1908370 0.1496973 0.0372903 0.2312300 0.0098729 0.0251836 0.1590373 0.0103091 0.0155855 0.0070792 0.0402582 0.0064614 0.1540052 0.0669958 0.0239330 0.0186023 0.0264467 0.1601368 0.0517032 0.1457118 0.0640001 0.0173747 0.1469839 0.0445872 0.1229929 0.1082384 0.0114241 0.0067423 0.0064768 0.1410274 0.0118226 0.0127486 0.0144117 0.0126644 0.1307646 0.1451567 0.0139601 0.0167927 0.2093648 0.0234786 0.0373955 
Perityle_gamon_221                         0.1116203 0.1763397 0.1714787 0.1765676 0.0438914 0.0811406 0.1534881 0.1949921 0.3564220 0.0944985 0.0878181 0.1488273 0.1378466 0.1469914 0.1584098 0.1512011 0.1351393 0.1166508 0.0728189 0.1487474 0.3730909 0.1419538 0.2109075 0.1329950 0.1370614 0.1476517 0.1779562 0.1708474 0.1181628 0.1978632 0.1363061 0.0910063 0.0861549 0.1011955 0.0900283 0.0355846 0.1491307 0.0000000 0.1489653 0.1417788 0.1473192 0.0505191 0.1451330 0.0342136 0.0204084 0.1390942 0.1540205 0.1421411 0.1423296 0.0513774 0.1447578 0.1475845 0.1371730 0.1751366 0.1415565 0.0897488 0.1769787 0.1573243 0.1474538 0.1455398 0.0752966 0.0407583 0.0798449 0.1861063 0.1494637 0.0668407 0.1499361 0.1611729 0.1550188 0.1188042 0.1372215 0.1369993 0.1155598 0.1466719 0.1427723 0.1474793 0.1223156 0.1677216 0.0630340 0.1547549 0.1509776 0.1218525 0.1443792 0.0963126 
Perityle_gentryi_8_san_francisco           0.0583876 0.0804033 0.1347986 0.1980265 0.0794842 0.1100901 0.1510878 0.1882091 0.3320218 0.1134628 0.1754453 0.0495587 0.0354479 0.0335733 0.0305585 0.0038841 0.0237338 0.0792540 0.1755649 0.0388762 0.2206936 0.0356566 0.0839506 0.0247002 0.0249602 0.0376561 0.0447969 0.0589500 0.2195226 0.2911281 0.0673113 0.2190453 0.0964121 0.0262952 0.0632917 0.1537881 0.0264314 0.1489653 0.0000000 0.0332863 0.0522787 0.1520746 0.0470210 0.1968492 0.1487558 0.0516656 0.2265574 0.0324435 0.0440000 0.1536648 0.0325072 0.0396751 0.0266116 0.0490845 0.0285247 0.1513355 0.0619859 0.0354118 0.0401616 0.0436310 0.1732270 0.0594306 0.1305975 0.0773527 0.0460037 0.1355067 0.0510924 0.1261858 0.1057053 0.0305873 0.0246022 0.0266405 0.1325246 0.0330204 0.0351265 0.0350998 0.0300664 0.1321702 0.1580831 0.0400242 0.0481421 0.2251545 0.0418540 0.0430583 
Perityle_gilensis_22_Superstition          0.0520667 0.0747922 0.1354926 0.1849912 0.0869245 0.1065993 0.1417169 0.1746180 0.3454828 0.1105797 0.1613933 0.0177859 0.0149308 0.0016780 0.0016503 0.0305780 0.0043409 0.0797218 0.1719963 0.0201162 0.1816150 0.0195876 0.0611074 0.0035256 0.0063880 0.0101419 0.0436799 0.0529977 0.2238470 0.2760932 0.0651865 0.2203644 0.0877292 0.0024759 0.0632720 0.1495952 0.0092160 0.1417788 0.0332863 0.0000000 0.0365082 0.1473902 0.0226529 0.1842243 0.1384509 0.0414383 0.2224777 0.0075320 0.0240789 0.1507503 0.0029511 0.0146436 0.0075458 0.0468996 0.0050745 0.1460476 0.0674883 0.0236908 0.0193171 0.0251876 0.1694983 0.0484688 0.1240095 0.0650559 0.0117152 0.1399537 0.0454295 0.1160040 0.1032896 0.0113820 0.0082672 0.0000010 0.1390025 0.0084215 0.0111408 0.0122180 0.0093545 0.1246132 0.1487730 0.0115711 0.0122552 0.2114211 0.0207933 0.0440404 
Perityle_gilensis_salensis_225             0.0623840 0.0843976 0.1522041 0.1879799 0.0845899 0.1210801 0.1476030 0.1784329 0.3495106 0.1244068 0.1688722 0.0681489 0.0139125 0.0385125 0.0197171 0.0490385 0.0204369 0.0830328 0.1848587 0.0433458 0.2221956 0.0178263 0.0925217 0.0155342 0.0100351 0.0413751 0.0583502 0.0762924 0.2263609 0.2726884 0.1225341 0.2407452 0.1019688 0.0273079 0.0724181 0.1548209 0.0369801 0.1473192 0.0522787 0.0365082 0.0000000 0.1488905 0.0266749 0.1907684 0.1415842 0.0566595 0.2234767 0.0294919 0.0321233 0.1541592 0.0389043 0.0422381 0.0320462 0.0632339 0.0235960 0.1516452 0.0775414 0.0303918 0.0297602 0.0317383 0.1797917 0.0682008 0.1313058 0.0759330 0.0604686 0.1442040 0.0621196 0.1232287 0.1174101 0.0229266 0.0279550 0.0268831 0.1389501 0.0286396 0.0378648 0.0421419 0.0225418 0.1399087 0.1563500 0.0284518 0.0673709 0.2108427 0.0247460 0.0468580 
Perityle_glaucescens_94                    0.1462290 0.1678866 0.1781474 0.1832367 0.0571179 0.0881259 0.1512983 0.1843966 0.3969831 0.1345482 0.0875682 0.1512062 0.1456147 0.1552076 0.1566657 0.1507067 0.1181321 0.1244783 0.0694609 0.1533602 0.3068228 0.1484382 0.1669965 0.1307904 0.1356832 0.1507961 0.1789351 0.1846038 0.1370390 0.1940649 0.1480667 0.0908919 0.1185543 0.1310836 0.1245865 0.0537493 0.1566157 0.0505191 0.1520746 0.1473902 0.1488905 0.0000000 0.1576976 0.0601992 0.0561651 0.1433777 0.1360842 0.1454352 0.1475311 0.0081640 0.1516946 0.1590483 0.1407982 0.1831880 0.1494642 0.0776051 0.1765818 0.1614401 0.1525544 0.1499676 0.0675204 0.0391087 0.0525290 0.1843556 0.1498652 0.0480157 0.1660982 0.1631182 0.1525755 0.1471617 0.1417033 0.1361751 0.0910452 0.1448323 0.1555689 0.1448309 0.1345692 0.1733779 0.0686589 0.1370876 0.1583650 0.0962705 0.1557546 0.0852888 
Perityle_gracilis_11                       0.0546427 0.0726694 0.1369790 0.1846741 0.0825554 0.1087135 0.1376914 0.1743273 0.3119132 0.1226452 0.1785897 0.0527921 0.0082578 0.0246136 0.0043487 0.0432058 0.0031045 0.0780795 0.1790806 0.0375019 0.2377640 0.0063600 0.0729909 0.0118377 0.0025790 0.0243333 0.0422477 0.0665114 0.2129965 0.2630829 0.0956590 0.2346184 0.1019939 0.0166198 0.0619861 0.1613517 0.0261365 0.1451330 0.0470210 0.0226529 0.0266749 0.1576976 0.0000000 0.1838510 0.1420705 0.0522920 0.2091034 0.0158802 0.0201571 0.1577521 0.0219220 0.0308223 0.0215250 0.0460050 0.0112692 0.1608915 0.0540069 0.0168875 0.0129636 0.0167083 0.1753905 0.0508920 0.1190235 0.0569099 0.0471988 0.1469263 0.0550697 0.1200829 0.1088278 0.0151092 0.0171032 0.0165696 0.1290672 0.0134736 0.0238422 0.0261886 0.0065473 0.1335577 0.1603114 0.0119846 0.0527400 0.2028191 0.0163406 0.0347683 
Perityle_harkerae_31                       0.8000947 0.1833519 0.1838139 0.1734079 9.0000000 0.1101071 0.1570048 0.2110341 0.5866872 0.6435586 0.0798472 0.1877479 0.1791908 0.1863847 0.1788905 0.2014556 0.1662167 0.2545480 0.0773968 0.1940142 0.6837583 0.1751692 0.8621768 0.1705343 0.1663051 0.1876316 0.1921785 0.2156568 0.1470497 0.0906074 0.1664817 0.1832718 0.7177217 0.6702084 0.3824210 0.0130980 0.1908370 0.0342136 0.1968492 0.1842243 0.1907684 0.0601992 0.1838510 0.0000000 0.0417973 0.1871009 0.0696246 0.1860333 0.1895876 0.0679953 0.1859638 0.1883968 0.1786104 0.1990072 0.1766228 0.0949974 0.2396319 0.1716391 0.1836107 0.1888901 0.0676785 9.0000000 0.0560025 0.2439970 0.1907102 0.0817271 0.1879590 0.1953254 0.1647624 0.1666719 0.1735792 0.1814048 0.3057836 0.1863982 0.1859574 0.1830562 0.1645510 0.1896835 0.0632319 0.1686995 0.2070437 0.0634048 0.1893250 0.1155803 
Perityle_hofmeisteria_4_nombre_de_dios     0.1187848 0.1758316 0.1703811 0.1843607 0.0667114 0.0930488 0.1524061 0.1898814 0.3974093 0.1030651 0.0854933 0.1402815 0.1343616 0.1471744 0.1572767 0.1466751 0.1299023 0.1254650 0.0730076 0.1469171 0.3111152 0.1378946 0.2020315 0.1268276 0.1308891 0.1420785 0.1731992 0.1699559 0.1223138 0.2132335 0.1368571 0.0987629 0.1046983 0.0969710 0.1085216 0.0457336 0.1496973 0.0204084 0.1487558 0.1384509 0.1415842 0.0561651 0.1420705 0.0417973 0.0000000 0.1329419 0.1712968 0.1436915 0.1362089 0.0546555 0.1427980 0.1468520 0.1309348 0.1780894 0.1404619 0.0993362 0.1797723 0.1503951 0.1393062 0.1373308 0.0752610 0.0454593 0.0768775 0.1848657 0.1462764 0.0722504 0.1499682 0.1571063 0.1542212 0.1306525 0.1332717 0.1337235 0.1257601 0.1370284 0.1430903 0.1356665 0.1206116 0.1699881 0.0703020 0.1468455 0.1384675 0.1174050 0.1432873 0.0947511 
