82
Amauria_brandeegeana_62                    0.0000000 0.1900006 0.3939828 0.2505585 0.3221547 0.2204550 0.5678259 0.1762017 0.2582684 0.2612319 0.3501046 0.8650051 0.4308251 0.0770790 0.2655056 0.1704626 0.2389484 0.3177253 0.4083926 0.2416643 0.3896457 0.3734787 0.5842233 0.4391083 0.3875985 0.3062315 0.2838646 0.2741880 0.5156238 0.3166557 0.2785869 0.1712510 0.5180022 0.0362623 0.2469690 0.2556628 0.2908822 0.2672645 0.3596300 0.4528140 0.2606488 0.3751574 0.2161016 0.3126479 0.4350665 0.2481776 0.3562875 0.4371319 0.3108073 0.2881992 0.3640262 0.4198866 0.2387838 0.4404504 0.2925316 0.5124888 0.2780303 0.4072173 0.3736342 0.2494145 0.2348396 0.2979058 0.3696722 0.3589519 0.2727515 0.0638526 0.2840594 0.3056230 0.2651232 0.3525478 0.4218042 0.4669801 0.4519278 0.3606223 0.6938382 0.3103940 0.3544922 0.4138864 0.4333393 0.5002267 0.4556332 0.3030074 
Amauria_carterae_99_mesa                   0.1900006 0.0000000 0.2039908 0.1907651 0.1374503 0.1511397 0.2862993 0.1515504 0.2683349 0.2006471 0.1660034 0.2229618 0.1851563 0.1255303 0.1144314 0.0942199 0.1015884 0.1393128 0.1685799 0.0756822 0.1335873 0.1690363 0.2593701 0.1931786 0.1497440 0.1421706 0.1293453 0.1289627 0.1517391 0.1116960 0.2318418 0.1415682 0.2091858 0.1208560 0.1915814 0.1006126 0.2066066 0.1213084 0.1734355 0.1919032 0.1614540 0.1316484 0.1568040 0.2142235 0.2075539 0.0870040 0.1766316 0.2108138 0.1634737 0.1373959 0.1739244 0.1693987 0.1003967 0.1851850 0.1197615 0.1355584 0.1218944 0.1294378 0.1300529 0.0959290 0.1418569 0.1235552 0.1233445 0.1869705 0.1640932 0.0494721 0.1753437 0.1509982 0.0941729 0.1707851 0.2172910 0.1865154 0.1859973 0.1324033 0.0978461 0.1805388 0.2295755 0.2019397 0.1969520 0.1914475 0.1902352 0.1439162 
Amauria_rotundifolia_SRR9119150            0.3939828 0.2039908 0.0000000 0.2179469 0.3072153 0.1869059 0.3010532 0.3381377 0.4564580 0.1559253 0.1406847 0.3538841 0.1549727 0.1511805 0.2061231 0.1352077 0.1856945 0.3240327 0.1251329 0.1145591 0.1506978 0.1643570 0.1749343 0.1483309 0.1414076 0.1499448 0.1992741 0.0879113 0.0870344 0.1746685 0.1439674 0.2791827 0.1909785 0.1987772 0.2337728 0.1274837 0.1496878 0.2114275 0.1720837 0.1555434 0.2037810 0.1508455 0.2120624 0.1561628 0.1630026 1.0477270 0.1658405 0.1647565 0.2896088 0.2087563 0.1666205 0.1492646 0.1159145 0.1501663 0.2408985 0.1784962 0.1655844 0.1431499 0.1415145 0.2092595 0.2055203 0.2103482 0.1949610 0.1789920 0.1847834 0.0767697 0.1821654 0.1789797 0.1246667 0.1624102 0.1444353 0.1476514 0.1546761 0.1479547 0.1637631 0.1983761 0.2039995 0.1444830 0.1470931 0.2057327 0.1508568 0.1674443 
Conoclinium_coelestinum_SRR9119114         0.2505585 0.1907651 0.2179469 0.0000000 0.1718369 0.1055172 0.2252571 0.2049058 0.2511763 0.1346361 0.1374838 0.4276788 0.1811887 0.2003278 0.1640127 0.1684813 0.1880781 0.1741646 0.1441920 0.1589208 0.1705879 0.1596680 0.2394963 0.1818697 0.1713937 0.1790129 0.2057892 0.1639477 0.1817696 0.1891149 0.1637535 0.2128817 0.2060285 0.1887166 0.1587275 0.1713561 0.1889679 0.1995391 0.1857595 0.1881071 0.1647893 0.1731966 0.1410730 0.2122985 0.1832770 0.2867844 0.1512345 0.1951320 0.1928701 0.2035326 0.1436721 0.1787777 0.1237153 0.1837774 0.2015961 0.1753169 0.1564744 0.1642236 0.1705556 0.2085869 0.1301579 0.1749904 0.1832395 0.1516776 0.1607772 0.1813737 0.2058864 0.2442004 0.1494566 0.1423272 0.1852594 0.1823992 0.1722638 0.1667592 0.1430020 0.2039107 0.1404269 0.1714375 0.1667558 0.2084303 0.1901952 0.1625725 
Eutetras_palmeri_63                        0.3221547 0.1374503 0.3072153 0.1718369 0.0000000 0.1128009 0.2731462 0.1927776 0.4219370 0.1471918 0.2428278 0.4974891 0.3107677 0.0856070 0.2957782 0.1534290 0.2576552 0.2940567 0.2797404 0.1829262 0.2594702 0.2424982 0.3618803 0.2794570 0.2784568 0.2762738 0.2860221 0.2459404 0.3073414 0.2686761 0.1591051 0.3537634 0.2974010 0.2550642 0.2165592 0.2310012 0.1666969 0.3052631 0.2464596 0.2835365 0.2016147 0.2508357 0.1996869 0.1633771 0.2909978 0.2680182 0.2604561 0.3002943 0.3107563 0.3010656 0.2552839 0.2516915 0.1890266 0.2796131 0.3321769 0.2988885 0.2105255 0.2773270 0.2452774 0.2525502 0.1547361 0.3136277 0.1361799 0.2493130 0.1103548 0.0630934 0.3238092 0.3140868 0.2336759 0.2436976 0.3727924 0.2789257 0.2910344 0.2293173 0.0899569 0.3198600 0.2809609 0.2825742 0.2841656 0.1608629 0.2921518 0.3102606 
Eutrochium_fistulosum_SRR9119106           0.2204550 0.1511397 0.1869059 0.1055172 0.1128009 0.0000000 0.2754653 0.1649307 0.2380774 0.0963973 0.0939034 0.3725658 0.1181677 0.1223765 0.1612542 0.1000007 0.1365030 0.1571974 0.1100415 0.1144403 0.1483247 0.0975557 0.2031884 0.1167851 0.1284731 0.1470200 0.1378788 0.1388064 0.1555667 0.1346128 0.1106032 0.1488308 0.1136837 0.1459679 0.1253892 0.1268185 0.0937266 0.1548779 0.0992780 0.1304650 0.1121093 0.1411710 0.1116027 0.1010663 0.1298307 0.1687325 0.1207884 0.1487169 0.1630687 0.1665912 0.1055605 0.1239058 0.1092841 0.1217005 0.1688648 0.1995195 0.1338539 0.1438888 0.1377147 0.1466655 0.1328100 0.1666060 0.1394795 0.0968134 0.0957608 0.0521211 0.1729794 0.1416230 0.1225120 0.0959443 0.1687801 0.1133002 0.1347379 0.1203708 0.1286875 0.1769270 0.1248500 0.1172211 0.1232809 0.1608836 0.1468360 0.1248209 
Galeana_pratensis_104_mex                  0.5678259 0.2862993 0.3010532 0.2252571 0.2731462 0.2754653 0.0000000 0.4151146 0.2796594 0.2950829 0.2652672 0.3007033 0.2832286 0.3132999 0.2916951 0.2627904 0.2947196 0.2752646 0.2797818 0.2505163 0.3033900 0.2814993 0.2840825 0.2818248 0.2672613 0.2941832 0.2854787 0.2770418 0.2711017 0.2834587 0.3105409 0.2717709 0.2801797 0.2411801 0.2818908 0.2836237 0.2845632 0.2849839 0.2821078 0.2892624 0.2809087 0.3009597 0.2807138 0.2905877 0.2957739 0.3471755 0.2961178 0.3109738 0.2849883 0.3258761 0.2700014 0.2829697 0.2646826 0.2972981 0.2894511 0.2930674 0.3019304 0.3115464 0.2977242 0.3115636 0.1303813 0.2744458 0.2910879 0.2860569 0.2893977 0.5136966 0.3147300 0.2490001 0.2777005 0.2738812 0.3062732 0.2895880 0.2969329 0.2950549 0.2622268 0.2935387 0.2935621 0.2699703 0.2874859 0.2876276 0.3007653 0.2900744 
Helianthus_annuus_SRR9119062               0.1762017 0.1515504 0.3381377 0.2049058 0.1927776 0.1649307 0.4151146 0.0000000 0.1849218 0.2259094 0.2060758 0.8354383 0.2775674 0.0795728 0.1766191 0.1778707 0.1567915 0.1865033 0.2649936 0.1949600 0.1957660 0.2172216 0.4794546 0.2871600 0.2646074 0.1510562 0.1980788 0.2046850 1.1314478 0.1888148 0.2301671 0.1850209 0.3211355 0.1730698 0.1686484 0.1783997 0.2672012 0.1988101 0.2372932 0.3161344 0.1951693 0.1645443 0.1209650 0.2711090 0.2952556 0.1518679 0.2020785 0.2764313 0.2043749 0.2175661 0.2191482 0.2907391 0.1488807 0.2923464 0.2037217 0.4025928 0.1890150 0.2283889 0.1553854 0.1706662 0.2075179 0.2034266 0.2988959 0.2060889 0.2507730 0.1016614 0.2319312 0.2086655 0.1730189 0.2158426 0.2716731 0.2922602 0.2709978 0.1904734 0.9636463 0.2274811 0.2745871 0.2524989 0.2998472 0.5527942 0.2881849 0.2392193 
Lycapsus_tenuifolius_17                    0.2582684 0.2683349 0.4564580 0.2511763 0.4219370 0.2380774 0.2796594 0.1849218 0.0000000 0.3110706 0.3795599 0.6364465 0.4510123 0.2490591 0.3213294 0.3279978 0.3298677 0.3688344 0.4457000 0.3187339 0.4283893 0.3931339 0.5239723 0.4577834 0.4435450 0.4019236 0.3442274 0.4094962 0.3810508 0.3846504 0.3316474 0.3034056 0.4985441 0.2841420 0.3536726 0.3825633 0.3508164 0.3274372 0.3830591 0.4641987 0.3418178 0.4207507 0.3175654 0.3713314 0.4650158 0.2737378 0.3867180 0.4618007 0.3566975 0.3560748 0.3923046 0.4416126 0.3589543 0.4567508 0.3295509 0.4400736 0.3695373 0.4438610 0.4195857 0.3398511 0.1731452 0.3667965 0.3871865 0.3916736 0.3032416 0.1104884 0.3365343 0.3434827 0.3772977 0.3782402 0.4745849 0.4951250 0.4486027 0.4152035 0.3700756 0.3708777 0.3778580 0.4367669 0.4693341 0.3272619 0.4608576 0.3610460 
Pericome_caudata_50_silver                 0.2612319 0.2006471 0.1559253 0.1346361 0.1471918 0.0963973 0.2950829 0.2259094 0.3110706 0.0000000 0.1096840 0.3528788 0.1386261 0.1254548 0.1667208 0.1147522 0.1687832 0.1788535 0.1278731 0.0933262 0.1365404 0.1136131 0.2109199 0.1459612 0.1436604 0.1556587 0.1876732 0.1194047 0.1436202 0.1539322 0.1367113 0.2000952 0.1797582 0.1795712 0.1594526 0.1292119 0.1275303 0.1853181 0.1458672 0.1546054 0.1596681 0.1355738 0.1305591 0.1447698 0.1601045 0.2651863 0.1208767 0.1523462 0.1965827 0.1987741 0.1252811 0.1434981 0.1361831 0.1387891 0.1925539 0.1950640 0.1508014 0.1332065 0.1338472 0.1776225 0.2687443 0.1807932 0.1743625 0.1260267 0.1344413 0.0280535 0.1620027 0.1420766 0.1240932 0.1132530 0.1421592 0.1682427 0.1429398 0.1317184 0.1457361 0.1623306 0.1583240 0.1358783 0.1524809 0.2041611 0.1453744 0.1636526 
Perityle_aglossa_84_dead_horse             0.3501046 0.1660034 0.1406847 0.1374838 0.2428278 0.0939034 0.2652672 0.2060758 0.3795599 0.1096840 0.0000000 0.1954774 0.0323134 0.0411034 0.1459715 0.0825424 0.1454109 0.2781963 0.0054514 0.0216368 0.0301782 0.0096909 0.0589390 0.0146544 0.0510102 0.0671107 0.1491028 0.1195464 0.1356122 0.1547466 0.1265242 0.2562722 0.0696776 0.1961998 0.1766356 0.0901184 0.1270590 0.1569003 0.0112651 0.0179588 0.1649202 0.0299130 0.1611432 0.1353387 0.0244743 0.3452599 0.0270662 0.0331710 0.2495836 0.1030746 0.0157009 0.0077671 0.0559296 0.0139813 0.1532263 0.0554028 0.0679440 0.0345916 0.0260931 0.1606853 0.2933442 0.1314495 0.0738237 0.0186019 0.1094726 0.0565270 0.1733245 0.1765770 0.0844399 0.0096303 0.1465345 0.0291462 0.0300715 0.0072266 0.0105634 0.2011940 0.1264377 0.0215779 0.0123559 0.1658849 0.0300492 0.1048109 
Perityle_ajoensis_204                      0.8650051 0.2229618 0.3538841 0.4276788 0.4974891 0.3725658 0.3007033 0.8354383 0.6364465 0.3528788 0.1954774 0.0000000 0.2083030 0.4219009 0.3051602 0.3264297 0.3271981 0.4403117 0.1822418 0.1890705 0.2281258 0.2059156 0.1651736 0.2029165 0.2399712 0.2660161 0.3179977 0.2426069 0.1435558 0.3043416 0.4501948 0.4893171 0.2433655 0.4015205 0.4926567 0.2915530 0.4313962 0.3066951 0.2065356 0.2051992 0.4772618 0.2410298 0.4771661 0.4426029 0.2135201 0.8850908 0.2372433 0.2382281 0.5170825 0.2699107 0.2027046 0.2033465 0.2633313 0.2035628 0.2451696 0.1408225 0.2378401 0.2260762 0.2345142 0.3304140 0.1022280 0.2517047 0.1898262 0.1970910 0.4240161 0.7719727 0.3442067 0.3166450 0.2931321 0.2045057 0.3176538 0.2113533 0.2261362 0.2043327 0.1055220 0.4095468 0.3469644 0.2057159 0.2047132 0.1907529 0.2310049 0.2736650 
Perityle_ambrosiifolia_67_green            0.4308251 0.1851563 0.1549727 0.1811887 0.3107677 0.1181677 0.2832286 0.2775674 0.4510123 0.1386261 0.0323134 0.2083030 0.0000000 0.0726574 0.1714021 0.1193478 0.1589430 0.3185381 0.0183635 0.0309819 0.0600820 0.0244139 0.0216404 0.0479959 0.0925097 0.0930926 0.1985604 0.1378608 0.1531206 0.1734166 0.1888787 0.2965372 0.1068374 0.2378562 0.2480127 0.1222162 0.1831489 0.1690143 0.0408157 0.0373835 0.2240325 0.0603133 0.2272386 0.1912417 0.0488582 0.8822361 0.0628498 0.0682465 0.3114447 0.1278018 0.0447392 0.0280288 0.0846133 0.0417772 0.1595716 0.0649385 0.0812442 0.0488620 0.0582756 0.1986647 0.2424295 0.1391465 0.0839917 0.0473952 0.1495846 0.1151733 0.1859151 0.1911847 0.1197559 0.0231294 0.1440489 0.0663413 0.0477499 0.0355375 0.0180372 0.2386452 0.1739721 0.0492939 0.0379905 0.1749635 0.0633022 0.1481545 
Perityle_angustifolia_13_Eagle_creek       0.0770790 0.1255303 0.1511805 0.2003278 0.0856070 0.1223765 0.3132999 0.0795728 0.2490591 0.1254548 0.0411034 0.4219009 0.0726574 0.0000000 0.1140899 0.0956525 0.1034199 0.1191614 0.0477068 0.0727129 0.0389079 0.0364627 0.0491313 0.0397350 0.1021407 0.0922269 0.1087265 0.1938101 0.2346944 0.0968315 0.1584841 0.1466074 0.0469166 0.0859742 0.1386462 0.1126396 0.1584500 0.1170346 0.0367990 0.0428964 0.1254410 0.0374814 0.1233394 0.1661966 0.0602089 0.0480624 0.0449850 0.0516082 0.1294794 0.0970212 0.0445481 0.0412634 0.1064067 0.0402283 0.1106746 0.0997970 0.1224585 0.0486599 0.0357890 0.1124883 0.1017260 0.1306168 0.1469463 0.0611784 0.1109930 0.0629124 0.1323613 0.1682171 0.0991961 0.0347812 0.2016296 0.0416426 0.0501237 0.0370283 0.0567526 0.1341506 0.1438771 0.0667822 0.0420922 0.1913321 0.0467249 0.0913327 
Perityle_batopilensis_97                   0.2655056 0.1144314 0.2061231 0.1640127 0.2957782 0.1612542 0.2916951 0.1766191 0.3213294 0.1667208 0.1459715 0.3051602 0.1714021 0.1140899 0.0000000 0.0750455 0.1147765 0.2246477 0.1422260 0.0761148 0.1199494 0.1492869 0.2211209 0.1699376 0.1140359 0.0979179 0.1954731 0.1429283 0.1622316 0.1286752 0.1887688 0.2997046 0.1897282 0.1836896 0.1948858 0.0676229 0.1770897 0.0363985 0.1494810 0.1660615 0.1817945 0.1105176 0.1798170 0.1820031 0.1690433 0.1301439 0.1458468 0.1653365 0.2231601 0.1460687 0.1551345 0.1429419 0.0802148 0.1598502 0.1608088 0.1428347 0.1371062 0.1228987 0.1069350 0.1341031 0.0846160 0.1510336 0.1398339 0.1442322 0.1457345 0.0616955 0.1626384 0.1486950 0.0646874 0.1511876 0.1782590 0.1705401 0.1606662 0.1214864 0.1177609 0.1930943 0.2065929 0.1575177 0.1662407 0.1884667 0.1519220 0.1387360 
Perityle_bisetosa_9                        0.1704626 0.0942199 0.1352077 0.1684813 0.1534290 0.1000007 0.2627904 0.1778707 0.3279978 0.1147522 0.0825424 0.3264297 0.1193478 0.0956525 0.0750455 0.0000000 0.0864036 0.1624987 0.0702319 0.0372259 0.0854985 0.0936249 0.0843895 0.0915171 0.0633427 0.1109832 0.0937845 0.1284779 0.1427605 0.0852907 0.1420688 0.1444839 0.0860227 0.0837110 0.1729631 0.0171524 0.1366423 0.0765139 0.0923626 0.0966120 0.1610271 0.0846212 0.1573521 0.1452163 0.1098935 9.0000000 0.0874137 0.0935059 0.1603705 0.1025669 0.0908667 0.0901622 0.0527347 0.0930970 0.1223844 0.1144185 0.1001478 0.0769389 0.0837930 0.0938659 0.0466613 0.1097990 0.1036246 0.0891588 0.0832833 0.0757392 0.1397647 0.1714469 0.0175529 0.0906466 0.1615201 0.0907001 0.0848810 0.0899114 0.0827413 0.1377621 0.1582889 0.0941488 0.0898048 0.1500719 0.0835163 0.0625986 
Perityle_californica_76_positas            0.2389484 0.1015884 0.1856945 0.1880781 0.2576552 0.1365030 0.2947196 0.1567915 0.3298677 0.1687832 0.1454109 0.3271981 0.1589430 0.1034199 0.1147765 0.0864036 0.0000000 0.1963108 0.1495492 0.0527292 0.1337060 0.1593331 0.2436487 0.1640353 0.1500395 0.1065645 0.1290230 0.1170993 0.1127105 0.1157135 0.1782471 0.2035675 0.1861042 0.1572886 0.2054149 0.0942565 0.1941270 0.1228507 0.1627775 0.1727891 0.2025792 0.1165316 0.1724987 0.2043984 0.1791070 0.0446432 0.1615929 0.1818787 0.1807592 0.1237945 0.1612226 0.1520225 0.0845080 0.1640995 0.1294615 0.1253867 0.1072157 0.1365317 0.1108739 0.1010648 0.1468327 0.1213932 0.1331572 0.1569994 0.1606314 0.0350761 0.1470053 0.1296328 0.0907757 0.1577501 0.1778294 0.1666024 0.1720284 0.1216251 0.1096148 0.1731560 0.2088238 0.1679092 0.1655859 0.1597720 0.1678902 0.1235317 
Perityle_canescens_77                      0.3177253 0.1393128 0.3240327 0.1741646 0.2940567 0.1571974 0.2752646 0.1865033 0.3688344 0.1788535 0.2781963 0.4403117 0.3185381 0.1191614 0.2246477 0.1624987 0.1963108 0.0000000 0.3079451 0.1552185 0.2948419 0.2683334 0.3673292 0.3215050 0.2978313 0.2701282 0.2481888 0.2049998 0.2367434 0.1974566 0.2014617 0.3127621 0.3344361 0.2552581 0.1871254 0.2160978 0.1900400 0.2312974 0.2695578 0.3223641 0.1787018 0.2790924 0.1741051 0.1922538 0.3303272 0.1641266 0.2913682 0.3400521 0.1973916 0.2576001 0.2751442 0.2948702 0.2015669 0.3210334 0.2213511 0.2529349 0.2135127 0.3003750 0.2767833 0.1922452 0.1427171 0.2296616 0.1558687 0.2717287 0.1658305 0.0597608 0.2504405 0.2317159 0.2202600 0.2721493 0.3545816 0.3279161 0.3216963 0.2642108 0.1368436 0.2646627 0.2998754 0.3134846 0.3239682 0.1539075 0.3393079 0.2581999 
Perityle_castillonii_96                    0.4083926 0.1685799 0.1251329 0.1441920 0.2797404 0.1100415 0.2797818 0.2649936 0.4457000 0.1278731 0.0054514 0.1822418 0.0183635 0.0477068 0.1422260 0.0702319 0.1495492 0.3079451 0.0000000 0.0233903 0.0321430 0.0119102 0.0080366 0.0139571 0.0587405 0.0506594 0.1615986 0.1176490 0.1301098 0.1652391 0.1467958 0.2600099 0.0858121 0.2054552 0.2109486 0.0723884 0.1441848 0.1523297 0.0150821 0.0224698 0.1921578 0.0320713 0.1890565 0.1550108 0.0246629 0.8340416 0.0297196 0.0358706 0.2855806 0.1037500 0.0217149 0.0133804 0.0494850 0.0139305 0.1507481 0.0504951 0.0695401 0.0362039 0.0299138 0.1632973 0.2568119 0.1331391 0.0720653 0.0173543 0.1151170 0.0210350 0.1670268 0.1483848 0.0774440 0.0161628 0.1308176 0.0328768 0.0294959 0.0117870 0.0077051 0.2116023 0.1423891 0.0107754 0.0174202 0.1685746 0.0305913 0.1121777 
Perityle_cernua_84                         0.2416643 0.0756822 0.1145591 0.1589208 0.1829262 0.1144403 0.2505163 0.1949600 0.3187339 0.0933262 0.0216368 0.1890705 0.0309819 0.0727129 0.0761148 0.0372259 0.0527292 0.1552185 0.0233903 0.0000000 0.0457926 0.0312111 0.0269749 0.0270198 0.0532596 0.0534599 0.0642711 0.1072774 0.1210328 0.0503919 0.1369008 0.0930528 0.0232191 0.0540340 0.2111982 0.0434033 0.1108041 0.0766222 0.0331192 0.0326647 0.1771157 0.0442458 0.1759071 0.1241533 0.0446632 9.0000000 0.0470389 0.0568226 0.1702635 0.0743177 0.0294199 0.0270491 0.0478363 0.0308307 0.0844762 0.0666042 0.0561002 0.0473892 0.0407058 0.0608710 0.0891971 0.0747735 0.0784117 0.0310945 0.1114384 0.0316215 0.1230846 0.0720250 0.0451287 0.0292068 0.1180035 0.0271681 0.0449925 0.0309089 0.0386299 0.1226003 0.1352168 0.0316121 0.0291990 0.1314187 0.0423852 0.0483934 
Perityle_cfvillosa_25_tin                  0.3896457 0.1335873 0.1506978 0.1705879 0.2594702 0.1483247 0.3033900 0.1957660 0.4283893 0.1365404 0.0301782 0.2281258 0.0600820 0.0389079 0.1199494 0.0854985 0.1337060 0.2948419 0.0321430 0.0457926 0.0000000 0.0322778 0.0378244 0.0321389 0.0753680 0.0812198 0.1256039 0.1403101 0.1533539 0.1414432 0.1430530 0.2804495 0.0552352 0.1743014 0.2281651 0.0935044 0.1353112 0.1295837 0.0331496 0.0380447 0.2156068 0.0010080 0.2116366 0.1428577 0.0474959 1.1229678 0.0027771 0.0074570 0.2668814 0.0643389 0.0324610 0.0292451 0.0780241 0.0296733 0.1171874 0.0721255 0.0907543 0.0053336 0.0018962 0.1375793 0.0937246 0.1112465 0.0838784 0.0462334 0.1370660 0.0641899 0.1474959 0.1584706 0.0895794 0.0311228 0.1645633 0.0341078 0.0121861 0.0327064 0.0000010 0.1839277 0.1452491 0.0480784 0.0392671 0.1718393 0.0036654 0.0876440 
Perityle_coahuilensis_24                   0.3734787 0.1690363 0.1643570 0.1596680 0.2424982 0.0975557 0.2814993 0.2172216 0.3931339 0.1136131 0.0096909 0.2059156 0.0244139 0.0364627 0.1492869 0.0936249 0.1593331 0.2683334 0.0119102 0.0312111 0.0322778 0.0000000 0.0793088 0.0189595 0.0641032 0.0767684 0.1650100 0.1331860 0.1441996 0.1678342 0.1501869 0.2760344 0.0707055 0.1988445 0.1886670 0.1026742 0.1526860 0.1719184 0.0429944 0.0148283 0.1916436 0.0303592 0.1659178 0.1665225 0.0267960 0.3456920 0.0258777 0.0335181 0.2510357 0.1157316 0.0232683 0.0047546 0.0671089 0.0156745 0.1752174 0.0628981 0.0817989 0.0398250 0.0299068 0.1716561 0.2696949 0.1406653 0.0838000 0.0291667 0.1309886 0.0647527 0.1951352 0.2100316 0.0984703 0.0029216 0.1600470 0.0370396 0.0326718 0.0090953 0.0179917 0.2119720 0.1374218 0.0300563 0.0205398 0.1761915 0.0324602 0.1134490 
Perityle_cochisensis_44_cave_creek         0.5842233 0.2593701 0.1749343 0.2394963 0.3618803 0.2031884 0.2840825 0.4794546 0.5239723 0.2109199 0.0589390 0.1651736 0.0216404 0.0491313 0.2211209 0.0843895 0.2436487 0.3673292 0.0080366 0.0269749 0.0378244 0.0793088 0.0000000 0.0342137 0.0785156 0.0569806 0.2531229 0.1255271 0.1376078 0.2445418 0.2414714 0.3719000 0.0992734 0.3151780 0.2829418 0.0943339 0.2589775 0.2526320 0.0950605 0.0332149 0.2926789 0.0327753 0.2464476 0.2680134 0.0388273 0.8969453 0.0824634 0.0594801 0.3766639 0.2053014 0.0845560 0.0188441 0.0611466 0.0203415 0.2401223 0.0539270 0.0789351 0.0420062 0.0304533 0.2662409 0.2896967 0.1925028 0.0787635 0.0824764 0.2332213 0.0402748 0.2666644 0.2448413 0.0997870 0.0841109 0.1468299 0.0484728 0.0357159 0.0150469 0.0102091 0.2952164 0.2145298 0.0405700 0.0308706 0.1806617 0.0356965 0.1895634 
Perityle_congesta_202                      0.4391083 0.1931786 0.1483309 0.1818697 0.2794570 0.1167851 0.2818248 0.2871600 0.4577834 0.1459612 0.0146544 0.2029165 0.0479959 0.0397350 0.1699376 0.0915171 0.1640353 0.3215050 0.0139571 0.0270198 0.0321389 0.0189595 0.0342137 0.0000000 0.0712672 0.0706346 0.1722027 0.1230925 0.1344715 0.1769711 0.1608029 0.2962362 0.0829162 0.2138792 0.2120407 0.1033671 0.1605082 0.1826413 0.0197322 0.0296256 0.2004251 0.0335173 0.1950930 0.1686486 0.0371725 0.7339990 0.0338412 0.0388370 0.2943048 0.1175909 0.0238449 0.0190657 0.0695865 0.0164954 0.1716696 0.0498480 0.0790905 0.0395212 0.0293000 0.1841145 0.2810419 0.1564100 0.0764989 0.0373920 0.1325348 0.0642603 0.1873880 0.2055984 0.0978744 0.0215147 0.1589479 0.0212474 0.0333752 0.0141407 0.0102402 0.2273338 0.1570261 0.0314162 0.0296210 0.1711890 0.0355709 0.1279407 
Perityle_cordifolia_27                     0.3875985 0.1497440 0.1414076 0.1713937 0.2784568 0.1284731 0.2672613 0.2646074 0.4435450 0.1436604 0.0510102 0.2399712 0.0925097 0.1021407 0.1140359 0.0633427 0.1500395 0.2978313 0.0587405 0.0532596 0.0753680 0.0641032 0.0785156 0.0712672 0.0000000 0.1062142 0.1424465 0.1146571 0.1299124 0.1581324 0.1369019 0.2796423 0.1119072 0.1798754 0.2284963 0.0713840 0.1415021 0.1205871 0.0647974 0.0695014 0.2193206 0.0770530 0.2152406 0.1441074 0.0724371 0.8811777 0.0740744 0.0814030 0.2940423 0.1232005 0.0735598 0.0634130 0.0158388 0.0698673 0.1541675 0.1234446 0.1095542 0.0827999 0.0718801 0.1599446 0.1380874 0.1276181 0.1253671 0.0686622 0.1181458 0.0669992 0.1664937 0.1759789 0.0660851 0.0595732 0.1506464 0.0693763 0.0860189 0.0661692 0.0875703 0.2006206 0.1366046 0.0772702 0.0762923 0.1758772 0.0703799 0.0675871 
Perityle_cordifolia_68_tecolote            0.3062315 0.1421706 0.1499448 0.1790129 0.2762738 0.1470200 0.2941832 0.1510562 0.4019236 0.1556587 0.0671107 0.2660161 0.0930926 0.0922269 0.0979179 0.1109832 0.1065645 0.2701282 0.0506594 0.0534599 0.0812198 0.0767684 0.0569806 0.0706346 0.1062142 0.0000000 0.1176306 0.1503282 0.1449763 0.1214163 0.1556939 0.2334138 0.0723006 0.1452389 0.2483548 0.0999556 0.1414874 0.1022545 0.0734613 0.0792691 0.2279463 0.0811470 0.2272838 0.1438984 0.0878516 2.5984899 0.0823836 0.0828938 0.2402535 0.1068986 0.0691447 0.0663603 0.0996847 0.0762824 0.1292028 0.0157981 0.0978304 0.0724834 0.0760836 0.1221855 0.1022280 0.1174755 0.0956682 0.0638365 0.1423157 0.0837845 0.1503519 0.1713875 0.0935740 0.0716417 0.1748466 0.0706596 0.0724564 0.0747087 0.0341365 0.1628279 0.1537001 0.0632406 0.0703178 0.1836269 0.0769777 0.1045625 
Perityle_coronopifolia_28_patagonia        0.2838646 0.1293453 0.1992741 0.2057892 0.2860221 0.1378788 0.2854787 0.1980788 0.3442274 0.1876732 0.1491028 0.3179977 0.1985604 0.1087265 0.1954731 0.0937845 0.1290230 0.2481888 0.1615986 0.0642711 0.1256039 0.1650100 0.2531229 0.1722027 0.1424465 0.1176306 0.0000000 0.1246129 0.1335765 0.1521836 0.1828046 0.3003804 0.1651033 0.1780156 0.1891636 0.0968864 0.1874562 0.2025701 0.1667259 0.1817368 0.1954312 0.1195892 0.1612388 0.1934876 0.1803793 0.1627955 0.1565877 0.1720111 0.2411963 0.1846395 0.1750834 0.1463544 0.0862735 0.1699709 0.1892991 0.1222227 0.0919126 0.1301046 0.1116616 0.0934254 0.1675496 0.1855642 0.1157227 0.1562238 0.1606198 0.0594250 0.2181538 0.2388797 0.0974966 0.1565631 0.2143151 0.1620615 0.1698988 0.1226272 0.0984436 0.2294695 0.2024542 0.1704470 0.1822529 0.1641036 0.1565530 0.2008083 
Perityle_crassifolia_70_ventanas           0.2741880 0.1289627 0.0879113 0.1639477 0.2459404 0.1388064 0.2770418 0.2046850 0.4094962 0.1194047 0.1195464 0.2426069 0.1378608 0.1938101 0.1429283 0.1284779 0.1170993 0.2049998 0.1176490 0.1072774 0.1403101 0.1331860 0.1255271 0.1230925 0.1146571 0.1503282 0.1246129 0.0000000 0.0045181 0.1224073 0.1173897 0.1409666 0.1239834 0.1002908 0.2660075 0.1341657 0.1353412 0.1437030 0.1361477 0.1318786 0.2286606 0.1420314 0.2216163 0.1493981 0.1444564 9.0000000 0.1478321 0.1517359 0.2275430 0.1544781 0.1249004 0.1330427 0.1118818 0.1324797 0.1792488 0.1696881 0.1420202 0.1350550 0.1398344 0.1314652 0.1094114 0.1582198 0.1544664 0.1337102 0.1495308 0.0798564 0.1095407 0.0779516 0.1357880 0.1335344 0.0201682 0.1239104 0.1427819 0.1304508 0.1287757 0.1090764 0.1918242 0.1291821 0.1359904 0.1925661 0.1371032 0.1069913 
Perityle_crassifolia_74_playa_balandra     0.5156238 0.1517391 0.0870344 0.1817696 0.3073414 0.1555667 0.2711017 1.1314478 0.3810508 0.1436202 0.1356122 0.1435558 0.1531206 0.2346944 0.1622316 0.1427605 0.1127105 0.2367434 0.1301098 0.1210328 0.1533539 0.1441996 0.1376078 0.1344715 0.1299124 0.1449763 0.1335765 0.0045181 0.0000000 0.1319242 0.1147825 0.1475809 0.1373286 0.0970825 0.2998716 0.1498433 0.1437576 0.1609542 0.1539635 0.1486909 0.2730420 0.1516473 0.2636964 0.1508009 0.1591143 9.0000000 0.1599028 0.1653854 0.2576474 0.1658605 0.1344344 0.1473296 0.1289064 0.1465318 0.1896492 0.1575749 0.1552344 0.1499073 0.1498486 0.1284962 0.1047883 0.1677523 0.1468952 0.1457570 0.1740201 9.0000000 0.1198675 0.0883406 0.1490104 0.1475759 0.0245501 0.1382388 0.1600040 0.1501325 0.1351593 0.1192255 0.1962916 0.1458429 0.1516317 0.1827552 0.1467994 0.1226115 
Perityle_cuneata_34_cuneata_San_antonio    0.3166557 0.1116960 0.1746685 0.1891149 0.2686761 0.1346128 0.2834587 0.1888148 0.3846504 0.1539322 0.1547466 0.3043416 0.1734166 0.0968315 0.1286752 0.0852907 0.1157135 0.1974566 0.1652391 0.0503919 0.1414432 0.1678342 0.2445418 0.1769711 0.1581324 0.1214163 0.1521836 0.1224073 0.1319242 0.0000000 0.2055892 0.2755038 0.2110256 0.2029740 0.2217753 0.1050338 0.1982230 0.1538314 0.1906460 0.1837366 0.2289077 0.1299560 0.1900001 0.2029094 0.1853467 0.1632346 0.1686313 0.1902421 0.1953474 0.1538179 0.1706467 0.1591967 0.0859054 0.1762919 0.1523873 0.1220780 0.1241301 0.1495792 0.1232421 0.1373896 0.1656117 0.1220304 0.1448133 0.1608411 0.1661282 0.0214011 0.1679151 0.1500738 0.1072363 0.1663086 0.1888946 0.1813984 0.1809293 0.1268640 0.0996839 0.1819711 0.2218905 0.1788178 0.1775656 0.1786840 0.1765050 0.1373359 
Perityle_cuneata_4                         0.2785869 0.2318418 0.1439674 0.1637535 0.1591051 0.1106032 0.3105409 0.2301671 0.3316474 0.1367113 0.1265242 0.4501948 0.1888787 0.1584841 0.1887688 0.1420688 0.1782471 0.2014617 0.1467958 0.1369008 0.1430530 0.1501869 0.2414714 0.1608029 0.1369019 0.1556939 0.1828046 0.1173897 0.1147825 0.2055892 0.0000000 0.2359892 0.1982457 0.1762425 0.1384706 0.1484798 0.1499370 0.2127037 0.1736921 0.1630737 0.1421789 0.1418305 0.1114786 0.1707444 0.1802482 0.3265552 0.1400981 0.1675220 0.1909823 0.1997321 0.1519011 0.1529686 0.1388840 0.1663275 0.2248081 0.2261078 0.1623598 0.1406241 0.1380975 0.1975031 0.3172916 0.2047807 0.2042370 0.1519229 0.1390180 0.0841941 0.1915461 0.2213310 0.1421996 0.1378648 0.1492925 0.1706614 0.1665235 0.1457666 0.1983070 0.1916024 0.1655378 0.1671549 0.1771217 0.1828538 0.1572073 0.1711410 
Perityle_discoidea_81                      0.1712510 0.1415682 0.2791827 0.2128817 0.3537634 0.1488308 0.2717709 0.1850209 0.3034056 0.2000952 0.2562722 0.4893171 0.2965372 0.1466074 0.2997046 0.1444839 0.2035675 0.3127621 0.2600099 0.0930528 0.2804495 0.2760344 0.3719000 0.2962362 0.2796423 0.2334138 0.3003804 0.1409666 0.1475809 0.2755038 0.2359892 0.0000000 0.3225648 0.1642682 0.2400010 0.2117317 0.2397693 0.2996517 0.2832877 0.3091273 0.2375154 0.2712493 0.2078057 0.2575690 0.3096679 0.2945235 0.2763523 0.3136929 0.3368004 0.3140424 0.2803069 0.2759231 0.1712030 0.3062640 0.2960393 0.1928210 0.1577488 0.2809848 0.2571338 0.2372266 0.1574177 0.2809563 0.1245347 0.2752962 0.2239586 0.1389944 0.3004830 0.3356306 0.2111633 0.2650507 0.3242202 0.3005398 0.2994816 0.2551632 0.1133012 0.3182694 0.2758462 0.3036690 0.2952197 0.1696897 0.3127950 0.3192627 
Perityle_dissecta_201                      0.5180022 0.2091858 0.1909785 0.2060285 0.2974010 0.1136837 0.2801797 0.3211355 0.4985441 0.1797582 0.0696776 0.2433655 0.1068374 0.0469166 0.1897282 0.0860227 0.1861042 0.3344361 0.0858121 0.0232191 0.0552352 0.0707055 0.0992734 0.0829162 0.1119072 0.0723006 0.1651033 0.1239834 0.1373286 0.2110256 0.1982457 0.3225648 0.0000000 0.2309210 0.2101952 0.0960087 0.1780698 0.2029368 0.0732914 0.0836212 0.2000919 0.0474639 0.1949294 0.1756166 0.0883494 1.6782187 0.0917177 0.0975931 0.2890905 0.1432846 0.0815645 0.0628557 0.0616390 0.0823809 0.2004519 0.0522407 0.0723963 0.0755805 0.0382777 0.1899028 0.2805219 0.1943995 0.0743230 0.0784105 0.1292127 0.0614715 0.2115477 0.2237625 0.0903527 0.0710292 0.2174419 0.0878599 0.1007679 0.0322707 0.0102343 0.2306192 0.2001175 0.0997711 0.0779042 0.1675221 0.0863724 0.1521995 
Perityle_emoryi_47_punta_san_jose          0.0362623 0.1208560 0.1987772 0.1887166 0.2550642 0.1459679 0.2411801 0.1730698 0.2841420 0.1795712 0.1961998 0.4015205 0.2378562 0.0859742 0.1836896 0.0837110 0.1572886 0.2552581 0.2054552 0.0540340 0.1743014 0.1988445 0.3151780 0.2138792 0.1798754 0.1452389 0.1780156 0.1002908 0.0970825 0.2029740 0.1762425 0.1642682 0.2309210 0.0000000 0.2090102 0.1203523 0.1896631 0.1850859 0.2017899 0.2260790 0.1957959 0.1658332 0.1720677 0.1865799 0.2283226 0.2366283 0.1999436 0.2214550 0.2441626 0.1944792 0.2117261 0.1951483 0.1073335 0.2132459 0.2066849 0.1077475 0.0960306 0.1890082 0.1607146 0.1670969 0.1169018 0.1999653 0.1109767 0.2127415 0.1648142 0.0591540 0.2098540 0.2076791 0.1163275 0.1994990 0.2346744 0.2181816 0.2266644 0.1716944 0.0814035 0.2216993 0.2177389 0.2211439 0.2229265 0.1401652 0.2069650 0.1905542 
Perityle_feddemae_99                       0.2469690 0.1915814 0.2337728 0.1587275 0.2165592 0.1253892 0.2818908 0.1686484 0.3536726 0.1594526 0.1766356 0.4926567 0.2480127 0.1386462 0.1948858 0.1729631 0.2054149 0.1871254 0.2109486 0.2111982 0.2281651 0.1886670 0.2829418 0.2120407 0.2284963 0.2483548 0.1891636 0.2660075 0.2998716 0.2217753 0.1384706 0.2400010 0.2101952 0.2090102 0.0000000 0.2241003 0.1557765 0.2231257 0.2078808 0.2225110 0.0237107 0.2282239 0.0179106 0.1828194 0.2350498 0.1235958 0.1972249 0.2402560 0.0286055 0.2175957 0.1885527 0.2092975 0.2190157 0.2220876 0.2222454 0.3122102 0.2269114 0.2432607 0.2268854 0.1997902 0.0943622 0.2168830 0.2327867 0.1809674 0.1194492 0.0678325 0.2445249 0.2727832 0.2185702 0.1859907 0.2925178 0.2067713 0.2315287 0.2129619 0.2271190 0.2375428 0.1713222 0.2156335 0.2248387 0.1262876 0.2283159 0.1951919 
Perityle_fosteri_93                        0.2556628 0.1006126 0.1274837 0.1713561 0.2310012 0.1268185 0.2836237 0.1783997 0.3825633 0.1292119 0.0901184 0.2915530 0.1222162 0.1126396 0.0676229 0.0171524 0.0942565 0.2160978 0.0723884 0.0434033 0.0935044 0.1026742 0.0943339 0.1033671 0.0713840 0.0999556 0.0968864 0.1341657 0.1498433 0.1050338 0.1484798 0.2117317 0.0960087 0.1203523 0.2241003 0.0000000 0.1310728 0.0712713 0.1012321 0.1049715 0.2036622 0.0927625 0.2036737 0.1397426 0.1130157 9.0000000 0.0953611 0.1019474 0.2044685 0.1088693 0.1042926 0.0950675 0.0564187 0.1001908 0.1279721 0.1165152 0.1204613 0.0843174 0.0922968 0.1001497 0.0529141 0.1080514 0.1118360 0.0968512 0.1063309 0.0654423 0.1310168 0.1372316 0.0140475 0.1010465 0.1607063 0.1024510 0.0938676 0.1004285 0.0924203 0.1385395 0.1680262 0.0972001 0.0982633 0.1580829 0.0918005 0.0635911 
Perityle_gamon_221                         0.2908822 0.2066066 0.1496878 0.1889679 0.1666969 0.0937266 0.2845632 0.2672012 0.3508164 0.1275303 0.1270590 0.4313962 0.1831489 0.1584500 0.1770897 0.1366423 0.1941270 0.1900400 0.1441848 0.1108041 0.1353112 0.1526860 0.2589775 0.1605082 0.1415021 0.1414874 0.1874562 0.1353412 0.1437576 0.1982230 0.1499370 0.2397693 0.1780698 0.1896631 0.1557765 0.1310728 0.0000000 0.2233595 0.1753404 0.1656913 0.1504314 0.1345850 0.1333692 0.0323788 0.1721217 0.3150256 0.1357461 0.1594223 0.2004396 0.2268711 0.1550164 0.1503744 0.1261729 0.1603432 0.2272549 0.1971156 0.1578972 0.1317507 0.1288209 0.2161432 0.2648549 0.2018067 0.1944597 0.1442448 0.1223349 0.0817795 0.2040785 0.2264875 0.1245681 0.1448982 0.1801611 0.1671517 0.1570422 0.1352521 0.1533599 0.2006212 0.1675276 0.1632652 0.1681699 0.2111379 0.1505466 0.1661295 
Perityle_gentryi_8_san_francisco           0.2672645 0.1213084 0.2114275 0.1995391 0.3052631 0.1548779 0.2849839 0.1988101 0.3274372 0.1853181 0.1569003 0.3066951 0.1690143 0.1170346 0.0363985 0.0765139 0.1228507 0.2312974 0.1523297 0.0766222 0.1295837 0.1719184 0.2526320 0.1826413 0.1205871 0.1022545 0.2025701 0.1437030 0.1609542 0.1538314 0.2127037 0.2996517 0.2029368 0.1850859 0.2231257 0.0712713 0.2233595 0.0000000 0.1755824 0.1774661 0.2400447 0.1202248 0.1927837 0.2311113 0.1831755 0.1599336 0.1580588 0.1794204 0.2333651 0.1554776 0.1726750 0.1547577 0.0816448 0.1729993 0.1684407 0.1437382 0.1418131 0.1302601 0.1166220 0.1534904 0.0939462 0.1527918 0.1454881 0.1578279 0.1733795 0.0638123 0.1689778 0.1831601 0.0682002 0.1659535 0.1824336 0.1829454 0.1693091 0.1291558 0.1211322 0.2064385 0.2278189 0.1720042 0.1752765 0.1968672 0.1644294 0.1443680 
Perityle_gilensis_22_Superstition          0.3596300 0.1734355 0.1720837 0.1857595 0.2464596 0.0992780 0.2821078 0.2372932 0.3830591 0.1458672 0.0112651 0.2065356 0.0408157 0.0367990 0.1494810 0.0923626 0.1627775 0.2695578 0.0150821 0.0331192 0.0331496 0.0429944 0.0950605 0.0197322 0.0647974 0.0734613 0.1667259 0.1361477 0.1539635 0.1906460 0.1736921 0.2832877 0.0732914 0.2017899 0.2078808 0.1012321 0.1753404 0.1755824 0.0000000 0.0165904 0.2378318 0.0336146 0.1777391 0.2047312 0.0284047 0.3192237 0.0304801 0.0368579 0.2627751 0.1161520 0.0264932 0.0113830 0.0698913 0.0204999 0.1779891 0.0607787 0.0794292 0.0431040 0.0272393 0.1903978 0.2939424 0.1395035 0.0742109 0.0262321 0.1592124 0.0619564 0.2025448 0.2778215 0.0957070 0.0186202 0.1659685 0.0336092 0.0355756 0.0121290 0.0180792 0.2488534 0.1481348 0.0327778 0.0224337 0.1911774 0.0316796 0.1175522 
Perityle_gilensis_salensis_225             0.4528140 0.1919032 0.1555434 0.1881071 0.2835365 0.1304650 0.2892624 0.3161344 0.4641987 0.1546054 0.0179588 0.2051992 0.0373835 0.0428964 0.1660615 0.0966120 0.1727891 0.3223641 0.0224698 0.0326647 0.0380447 0.0148283 0.0332149 0.0296256 0.0695014 0.0792691 0.1817368 0.1318786 0.1486909 0.1837366 0.1630737 0.3091273 0.0836212 0.2260790 0.2225110 0.1049715 0.1656913 0.1774661 0.0165904 0.0000000 0.2112816 0.0375759 0.2041329 0.1726455 0.0351638 0.7812538 0.0416584 0.0457720 0.3012574 0.1189265 0.0260303 0.0154898 0.0744115 0.0261517 0.1760663 0.0599898 0.0857921 0.0460622 0.0332297 0.1880136 0.2817494 0.1555304 0.0805861 0.0394811 0.1391761 0.0747037 0.1952162 0.2142486 0.1008423 0.0128382 0.1666916 0.0452347 0.0416026 0.0163526 0.0203985 0.2402080 0.1602866 0.0417464 0.0283361 0.1877622 0.0421607 0.1310728 
Perityle_glaucescens_94                    0.2606488 0.1614540 0.2037810 0.1647893 0.2016147 0.1121093 0.2809087 0.1951693 0.3418178 0.1596681 0.1649202 0.4772618 0.2240325 0.1254410 0.1817945 0.1610271 0.2025792 0.1787018 0.1921578 0.1771157 0.2156068 0.1916436 0.2926789 0.2004251 0.2193206 0.2279463 0.1954312 0.2286606 0.2730420 0.2289077 0.1421789 0.2375154 0.2000919 0.1957959 0.0237107 0.2036622 0.1504314 0.2400447 0.2378318 0.2112816 0.0000000 0.2173386 0.0072107 0.1930066 0.2221074 0.2093106 0.1867878 0.2280101 0.0208688 0.2338521 0.1719465 0.1974318 0.2043052 0.2050942 0.2281257 0.2704906 0.2006308 0.2211296 0.2141229 0.2154188 0.0850113 0.1942691 0.2034423 0.1684976 0.1294180 0.0504394 0.2639470 0.2672695 0.1986900 0.1803540 0.2572630 0.1949619 0.2148447 0.2014048 0.1902280 0.2584221 0.1645588 0.2014814 0.2069080 0.1136272 0.2156753 0.1789967 
Perityle_gracilis_11                       0.3751574 0.1316484 0.1508455 0.1731966 0.2508357 0.1411710 0.3009597 0.1645443 0.4207507 0.1355738 0.0299130 0.2410298 0.0603133 0.0374814 0.1105176 0.0846212 0.1165316 0.2790924 0.0320713 0.0442458 0.0010080 0.0303592 0.0327753 0.0335173 0.0770530 0.0811470 0.1195892 0.1420314 0.1516473 0.1299560 0.1418305 0.2712493 0.0474639 0.1658332 0.2282239 0.0927625 0.1345850 0.1202248 0.0336146 0.0375759 0.2173386 0.0000000 0.2132932 0.1412037 0.0488676 1.1807838 0.0010228 0.0091059 0.2546014 0.0574713 0.0336816 0.0293130 0.0757323 0.0296273 0.1052957 0.0727990 0.0896188 0.0055314 0.0010239 0.1276674 0.0937246 0.1030426 0.0795650 0.0470212 0.1244653 0.0613246 0.1411957 0.1566218 0.0888128 0.0302072 0.1654913 0.0357998 0.0138209 0.0323623 0.0000010 0.1655675 0.1528955 0.0500108 0.0395448 0.1688101 0.0030493 0.0786323 
Perityle_harkerae_31                       0.2161016 0.1568040 0.2120624 0.1410730 0.1996869 0.1116027 0.2807138 0.1209650 0.3175654 0.1305591 0.1611432 0.4771661 0.2272386 0.1233394 0.1798170 0.1573521 0.1724987 0.1741051 0.1890565 0.1759071 0.2116366 0.1659178 0.2464476 0.1950930 0.2152406 0.2272838 0.1612388 0.2216163 0.2636964 0.1900001 0.1114786 0.2078057 0.1949294 0.1720677 0.0179106 0.2036737 0.1333692 0.1927837 0.1777391 0.2041329 0.0072107 0.2132932 0.0000000 0.1413847 0.2196205 0.0465500 0.1841535 0.2237088 0.0162572 0.1880049 0.1675110 0.1923328 0.2033551 0.2026622 0.1866489 0.2654170 0.1961163 0.2204906 0.2101397 0.1684916 0.0789189 0.1969771 0.2017638 0.1652221 0.0889767 0.0694926 0.2108766 0.2366319 0.1978992 0.1632008 0.2670800 0.1897682 0.2103866 0.1960589 0.1847104 0.2084107 0.1474668 0.1971710 0.2042377 0.1045201 0.2129144 0.1810712 
Perityle_hofmeisteria_4_nombre_de_dios     0.3126479 0.2142235 0.1561628 0.2122985 0.1633771 0.1010663 0.2905877 0.2711090 0.3713314 0.1447698 0.1353387 0.4426029 0.1912417 0.1661966 0.1820031 0.1452163 0.2043984 0.1922538 0.1550108 0.1241533 0.1428577 0.1665225 0.2680134 0.1686486 0.1441074 0.1438984 0.1934876 0.1493981 0.1508009 0.2029094 0.1707444 0.2575690 0.1756166 0.1865799 0.1828194 0.1397426 0.0323788 0.2311113 0.2047312 0.1726455 0.1930066 0.1412037 0.1413847 0.0000000 0.1817415 0.3478559 0.1426234 0.1658915 0.2065419 0.2292324 0.1573510 0.1544720 0.1354681 0.1681072 0.2494554 0.2083436 0.1723530 0.1391056 0.1326950 0.2225493 0.2645618 0.2117848 0.2081003 0.1377523 0.1595445 0.0848855 0.2078007 0.2371205 0.1333966 0.1389932 0.1876240 0.1709011 0.1654423 0.1415302 0.1631474 0.2060253 0.1578765 0.1736430 0.1778980 0.2220019 0.1555856 0.1700094 
Perityle_huecosensis_48                    0.4350665 0.2075539 0.1630026 0.1832770 0.2909978 0.1298307 0.2957739 0.2952556 0.4650158 0.1601045 0.0244743 0.2135201 0.0488582 0.0602089 0.1690433 0.1098935 0.1791070 0.3303272 0.0246629 0.0446632 0.0474959 0.0267960 0.0388273 0.0371725 0.0724371 0.0878516 0.1803793 0.1444564 0.1591143 0.1853467 0.1802482 0.3096679 0.0883494 0.2283226 0.2350498 0.1130157 0.1721217 0.1831755 0.0284047 0.0351638 0.2221074 0.0488676 0.2196205 0.1817415 0.0000000 0.7237241 0.0471996 0.0505123 0.3122745 0.1269842 0.0358786 0.0276001 0.0773089 0.0341981 0.1811212 0.0687466 0.0973643 0.0532119 0.0443159 0.1950118 0.2878421 0.1594232 0.0980316 0.0423205 0.1417492 0.0762320 0.1930042 0.2155478 0.1061871 0.0274702 0.1724224 0.0528838 0.0459501 0.0284013 0.0335544 0.2377679 0.1642818 0.0436543 0.0336006 0.1965493 0.0479641 0.1303334 
Perityle_incana_3_ucla                     0.2481776 0.0870040 1.0477270 0.2867844 0.2680182 0.1687325 0.3471755 0.1518679 0.2737378 0.2651863 0.3452599 0.8850908 0.8822361 0.0480624 0.1301439 9.0000000 0.0446432 0.1641266 0.8340416 9.0000000 1.1229678 0.3456920 0.8969453 0.7339990 0.8811777 2.5984899 0.1627955 9.0000000 9.0000000 0.1632346 0.3265552 0.2945235 1.6782187 0.2366283 0.1235958 9.0000000 0.3150256 0.1599336 0.3192237 0.7812538 0.2093106 1.1807838 0.0465500 0.3478559 0.7237241 0.0000000 0.3276263 0.6530766 0.1639336 0.1733314 0.3517952 0.8467962 9.0000000 0.8927015 0.1463914 9.0000000 9.0000000 1.0619429 1.3186009 0.1225455 0.2641143 0.1534158 9.0000000 0.3369118 0.2530152 9.0000000 0.1862688 0.2253604 9.0000000 0.3158325 1.0319124 1.1345039 0.9004393 0.9566185 9.0000000 0.2325115 0.4075909 0.6108594 0.9879234 0.3311221 0.9082018 0.2181653 
