82
Amauria_brandeegeana_62                    0.0000000 0.0444597 0.0352895 0.1831955 0.1368715 0.7340987 0.1270592 0.0922449 0.2941334 0.6280832 0.1025491 0.0711905 0.0618361 0.0710100 0.0568168 0.0669555 0.0649741 0.1445265 0.0893484 0.0659661 0.0576037 0.0734599 0.2910686 0.0786580 0.0782721 0.0707603 0.0491077 0.0832113 0.0968481 0.0947372 0.1292834 0.1206417 0.1036258 0.6152306 0.5351540 9.0000000 0.0625702 0.0809446 0.0729322 0.0782169 0.0651123 0.0931173 0.0773619 0.1238133 0.0805498 0.2893090 0.0769004 0.0627966 0.0927026 0.0676521 0.0783266 0.0550705 0.0591913 0.0735947 0.1015179 0.0471321 0.0649678 0.0699817 0.0881481 0.0782070 0.0624760 0.0515420 0.0656468 0.0941042 9.0000000 0.0670533 0.0513253 0.0785108 0.0714478 0.0774952 0.1120388 0.0707397 0.0814613 0.0548454 0.1093927 0.0738600 0.0800567 0.0759687 0.0759638 0.0954671 0.0691114 0.0477479 
Amauria_carterae_99_mesa                   0.0444597 0.0000000 0.0795408 0.1080155 0.0885014 0.1108332 0.1101511 0.1003430 0.2095121 0.1823769 0.0821074 0.0760369 0.0802062 0.0808194 0.0586621 0.0727342 0.0719506 0.1030803 0.0912002 0.0593695 0.0617383 0.0787902 0.1146719 0.0764287 0.0838929 0.0745230 0.0748039 0.0901893 0.0925752 0.1066885 0.0896107 0.0885832 0.0808778 0.1599029 0.0988141 0.1066141 0.0699694 0.0914171 0.0750101 0.0777224 0.0807871 0.0827181 0.0548906 0.0838386 0.0927607 0.0829088 0.0740949 0.0783868 0.0797736 0.0706346 0.0819911 0.0675380 0.0728824 0.0869217 0.0970629 0.0865142 0.0744322 0.0783896 0.0861711 0.0806913 0.0793291 0.0877719 0.0779151 0.0885792 0.0808274 0.0785632 0.1057792 0.0590726 0.0820961 0.0780071 0.1125040 0.0793498 0.0845861 0.0493068 0.0742489 0.0720362 0.0893003 0.0824848 0.0863851 0.1184225 0.0807499 0.0709578 
Amauria_rotundifolia_SRR9119150            0.0352895 0.0795408 0.0000000 0.2138091 0.1668437 0.2066033 0.1838830 0.1085892 0.2784196 0.1548658 0.1537706 0.1438619 0.1405255 0.1288133 0.1027660 0.1168859 0.1296340 0.2447912 0.1271379 0.0827417 0.1043290 0.1407260 0.2910308 0.1607235 0.1229905 0.1386843 0.1682185 0.1479913 0.1441576 0.1141201 0.1143426 0.1451694 0.1603633 0.1304260 0.1821800 0.1186808 0.1008663 0.1798912 0.1231778 0.1427691 0.1370613 0.1380130 0.1032825 0.1446272 0.1397911 0.2293355 0.1372808 0.1374314 0.1360223 0.1062550 0.1444889 0.1342844 0.1100105 0.1168009 0.1186935 0.1402540 0.1454940 0.1480625 0.1555785 0.1222393 0.1369946 0.1058147 0.1428579 0.1466355 0.2360198 0.1208829 0.1340576 0.0912382 0.1702898 0.1560340 0.1424306 0.1466748 0.1491624 0.0813703 0.1122572 0.0978584 0.1439271 0.1394053 0.1471305 0.1359877 0.1496516 0.1076864 
Conoclinium_coelestinum_SRR9119114         0.1831955 0.1080155 0.2138091 0.0000000 0.2133442 0.1951751 0.1243650 0.1299328 0.2866849 0.2566111 0.2007638 0.1873559 0.1900242 0.1986033 0.1636164 0.1767121 0.1896453 0.2511756 0.1991605 0.1955743 0.1811737 0.1769614 0.2150358 0.2171804 0.1825630 0.1894256 0.2105159 0.2055305 0.2111364 0.1829505 0.1605383 0.2163729 0.1906526 0.1981680 0.2068267 0.1938726 0.1825674 0.2204455 0.1909802 0.2148575 0.1939035 0.1938027 0.1947893 0.2080877 0.2046727 0.2575119 0.1875064 0.1935759 0.1974448 0.1722559 0.1961402 0.1991020 0.1846438 0.1909751 0.1660207 0.1743169 0.1922817 0.1909477 0.1957293 0.1624667 0.1748272 0.1775081 0.1870206 0.2306984 0.2522538 0.2013300 0.2257041 0.1592483 0.2059872 0.2175908 0.2192681 0.1866073 0.1943183 0.1889900 0.1550469 0.1772686 0.2048213 0.1937223 0.1958910 0.2053478 0.1939207 0.1665183 
Eutetras_palmeri_63                        0.1368715 0.0885014 0.1668437 0.2133442 0.0000000 0.0924253 0.1977735 0.1021190 0.2776066 0.1721372 0.1715918 0.1464729 0.1556663 0.1447947 0.1064022 0.1368565 0.1482869 0.2185727 0.1378000 0.1364329 0.1245660 0.1401594 0.2660759 0.1720773 0.1168969 0.1447311 0.1901523 0.1594679 0.1681213 0.1177016 0.1046373 0.1648984 0.1686428 0.1471389 0.1426369 0.1218400 0.1315663 0.1746802 0.1400189 0.1597842 0.1514479 0.1471373 0.1373935 0.1432276 0.1591432 0.1687053 0.1466490 0.1500604 0.1446517 0.1267433 0.1528651 0.1540696 0.1336115 0.1297095 0.1201070 0.1475210 0.1478821 0.1476258 0.1795988 0.1319122 0.1333824 0.1285424 0.1469037 0.1850400 0.2328635 0.1622799 0.1806839 0.1023484 0.1907176 0.1732136 0.1450983 0.1484821 0.1477393 0.1433738 0.1054223 0.1216291 0.1567089 0.1400112 0.1517192 0.1498390 0.1527837 0.1280726 
Eutetras_pringlei_149_quer                 0.7340987 0.1108332 0.2066033 0.1951751 0.0924253 0.0000000 0.1705207 0.1152325 0.2275293 0.1461417 0.1897041 0.1673034 0.1664455 0.2225115 0.1638207 0.2013292 0.1981282 0.1145379 0.1803088 0.7663812 0.1970004 0.1846969 0.1290560 0.2067117 0.1521404 0.1624490 0.2106280 0.1905836 0.2017039 0.1927157 0.1573235 0.1726995 0.1755864 0.0748757 0.0839917 0.0723389 0.1893854 0.2111848 0.2049701 0.2145245 0.1799580 0.1778372 0.7389014 0.1820103 0.2127882 0.1361965 0.2017263 0.1754821 0.1768921 0.1952974 0.1528109 0.2023733 0.2042468 0.1876092 0.1451981 0.1582818 0.1750126 0.1812289 0.1894673 0.4611050 0.1980171 0.1376558 0.1713402 0.1981506 0.1126206 0.2024741 0.8849316 0.6314406 0.2118184 0.2106531 0.1922195 0.1761759 0.1741896 0.8144929 0.1242853 0.1816778 0.2070263 0.1806510 0.1789297 0.1864169 0.1834818 0.5767742 
Eutrochium_fistulosum_SRR9119106           0.1270592 0.1101511 0.1838830 0.1243650 0.1977735 0.1705207 0.0000000 0.1388430 0.2820430 0.2562969 0.1779172 0.1652215 0.1696662 0.1667569 0.1408548 0.1497581 0.1560538 0.2402006 0.1792464 0.1371903 0.1564220 0.1617759 0.2015836 0.1648037 0.1627158 0.1644252 0.1725644 0.1824189 0.1850710 0.1638647 0.1504453 0.1756293 0.1696730 0.2171789 0.2278444 0.1818682 0.1513148 0.1868144 0.1668726 0.1684047 0.1725534 0.1756721 0.1381132 0.1911531 0.1727852 0.2604940 0.1624050 0.1697181 0.1801153 0.1536598 0.1756765 0.1480550 0.1615192 0.1716316 0.1686517 0.1488467 0.1664284 0.1698778 0.1829199 0.1228740 0.1649873 0.1650226 0.1620432 0.1848785 0.2419562 0.1718218 0.1735165 0.1102877 0.1665032 0.1627907 0.1874331 0.1657103 0.1689177 0.1317526 0.1265749 0.1589050 0.1778580 0.1718963 0.1739656 0.1764951 0.1729323 0.1162983 
Galeana_pratensis_104_mex                  0.0922449 0.1003430 0.1085892 0.1299328 0.1021190 0.1152325 0.1388430 0.0000000 0.2518586 0.2484266 0.1217641 0.1038823 0.1055204 0.1143786 0.0762451 0.0940954 0.1054697 0.1277920 0.1171397 0.1071491 0.0847212 0.1002515 0.1490704 0.1069335 0.1064499 0.0974075 0.0877318 0.1288682 0.1209759 0.1311074 0.1175248 0.1187541 0.1064875 0.1974320 0.1132810 0.1159191 0.1016546 0.1072448 0.0976874 0.0979924 0.1134349 0.1060643 0.1132028 0.1046505 0.1117477 0.0893890 0.1121796 0.1134298 0.1038040 0.1071368 0.1101810 0.0908569 0.1034930 0.1048798 0.1369571 0.0853393 0.1088553 0.1150688 0.1146461 0.1164150 0.1150463 0.0972964 0.0983114 0.1188495 0.0888689 0.1167198 0.0777896 0.1227898 0.1052834 0.1028346 0.1376070 0.1112490 0.1043081 0.0998938 0.1072119 0.1136549 0.1120580 0.1120977 0.0979850 0.1387213 0.1114515 0.1031419 
Helianthus_annuus_SRR9119062               0.2941334 0.2095121 0.2784196 0.2866849 0.2776066 0.2275293 0.2820430 0.2518586 0.0000000 0.2799087 0.2737139 0.2645233 0.2672518 0.2936361 0.2559091 0.2747122 0.2724854 0.3226138 0.2925416 0.3129975 0.2773377 0.2641964 0.2432779 0.2743839 0.2576718 0.2662833 0.3078323 0.2727568 0.2847613 0.2651545 0.2284350 0.2626470 0.2553956 0.2556097 0.2518570 0.2156493 0.2835312 0.2833549 0.2861309 0.2861130 0.2704369 0.2610124 0.3071633 0.2882962 0.2833040 0.3537541 0.2838798 0.2703271 0.2649718 0.2667719 0.2684062 0.2566043 0.2816263 0.2690283 0.2671668 0.3114722 0.2634018 0.2712272 0.3223832 0.1791081 0.2715664 0.3415791 0.2635950 0.2968509 0.3384569 0.2827185 0.3138967 0.3565862 0.2718432 0.2729613 0.2873611 0.2701014 0.2736942 0.2958810 0.2182214 0.2713125 0.2798069 0.2720862 0.2671590 0.3654916 0.2689382 0.2751418 
Lycapsus_tenuifolius_17                    0.6280832 0.1823769 0.1548658 0.2566111 0.1721372 0.1461417 0.2562969 0.2484266 0.2799087 0.0000000 0.2004316 0.1833194 0.1897421 0.1929698 0.1618765 0.1712948 0.2047938 0.2766969 0.1800791 0.6403326 0.1729856 0.1695051 0.2646086 0.2368399 0.1746268 0.1817606 0.2769729 0.2114805 0.2087400 0.0781093 0.1319662 0.1828727 0.2166690 0.0010269 0.1369078 0.0059582 0.1679462 0.2698782 0.1787863 0.2034481 0.1878174 0.1872583 0.6755127 0.1874090 0.1975794 0.1754743 0.1850580 0.1902903 0.1917847 0.1689724 0.1890999 0.2125444 0.1664598 0.1815889 0.1948740 0.3017659 0.1845497 0.1904232 0.2528381 0.6098984 0.1978343 0.2594363 0.1916554 0.2173492 0.2118154 0.1972237 0.7016155 0.7350412 0.2873787 0.2374420 0.0702037 0.1896021 0.1792167 0.6559821 0.1516779 0.1641846 0.2031851 0.1839044 0.1940240 0.2535247 0.1919638 0.5933025 
Pericome_caudata_50_silver                 0.1025491 0.0821074 0.1537706 0.2007638 0.1715918 0.1897041 0.1779172 0.1217641 0.2737139 0.2004316 0.0000000 0.1371451 0.1339719 0.1424213 0.1087257 0.1145466 0.1493212 0.2390154 0.1353752 0.0954615 0.1222799 0.1275154 0.2822989 0.1731928 0.1203678 0.1373016 0.1630384 0.1690268 0.1431083 0.1294015 0.1197563 0.0910923 0.1577050 0.1808983 0.1686624 0.1770547 0.1261499 0.2205344 0.1281880 0.1454800 0.1344141 0.1510953 0.1118735 0.1467167 0.1547890 0.2375384 0.1680902 0.1378054 0.1345706 0.1056562 0.1375322 0.1325124 0.1259354 0.1213598 0.1264866 0.1491699 0.1396800 0.1434207 0.1613621 0.0836644 0.1102293 0.1182604 0.1540712 0.1518755 0.2130074 0.1213643 0.1417009 0.0741738 0.1815926 0.1619932 0.1619520 0.1480588 0.1435914 0.0908220 0.0988342 0.1099088 0.1633960 0.1442232 0.1350090 0.1551588 0.1403686 0.1001179 
Perityle_aglossa_84_dead_horse             0.0711905 0.0760369 0.1438619 0.1873559 0.1464729 0.1673034 0.1652215 0.1038823 0.2645233 0.1833194 0.1371451 0.0000000 0.0290107 0.0776402 0.0468046 0.0751111 0.0700172 0.2507948 0.1017892 0.0134410 0.0666066 0.0188831 0.2587739 0.0993899 0.0289075 0.0168912 0.1055283 0.0925164 0.1099322 0.1052586 0.0864378 0.1282599 0.1376111 0.1703470 0.0272906 0.1511790 0.0632186 0.1466328 0.0814430 0.0893148 0.0210526 0.0990837 0.0191887 0.1234221 0.0976732 0.1996283 0.0990943 0.0178047 0.1008158 0.0379158 0.0316870 0.0670647 0.0593311 0.0862054 0.0851882 0.1024234 0.0200890 0.0191466 0.1175975 0.0916692 0.0927257 0.0823488 0.0164336 0.1260325 0.1762280 0.0976040 0.1108620 0.0145668 0.1072759 0.0996712 0.1405388 0.0154996 0.0232729 0.0122727 0.0286327 0.0851572 0.0885267 0.0255997 0.0224862 0.1233962 0.0196033 0.0531738 
Perityle_ajoensis_204                      0.0618361 0.0802062 0.1405255 0.1900242 0.1556663 0.1664455 0.1696662 0.1055204 0.2672518 0.1897421 0.1339719 0.0290107 0.0000000 0.0834870 0.0499314 0.0842504 0.0740722 0.2617960 0.1102089 0.0093207 0.0744825 0.0340689 0.2776722 0.1008562 0.0183859 0.0292803 0.1185735 0.0974755 0.1236223 0.1109938 0.0870629 0.1321748 0.1388680 0.1849602 0.0533535 0.1633497 0.0718892 0.1657700 0.0917029 0.0979155 0.0347747 0.1000007 0.0094687 0.1225359 0.1051887 0.1917322 0.0803804 0.0334153 0.1054835 0.0421990 0.0273554 0.0771855 0.0680429 0.0927754 0.0942381 0.1032615 0.0241188 0.0334661 0.1213371 0.0878255 0.1057024 0.0882914 0.0377436 0.1357273 0.1929062 0.1041918 0.1086270 0.0073470 0.1229700 0.1005449 0.1499515 0.0294469 0.0354785 0.0102144 0.0377805 0.0876998 0.1030668 0.0140845 0.0445721 0.1285152 0.0346484 0.0399430 
Perityle_ambrosiifolia_67_green            0.0710100 0.0808194 0.1288133 0.1986033 0.1447947 0.2225115 0.1667569 0.1143786 0.2936361 0.1929698 0.1424213 0.0776402 0.0834870 0.0000000 0.0189421 0.0464195 0.0293112 0.2230208 0.0835737 0.0122030 0.0175415 0.0650743 0.2094879 0.0771350 0.0655947 0.0776830 0.1060501 0.0775680 0.1038369 0.1159503 0.0968600 0.1303637 0.1384819 0.1866704 0.1396259 0.1779939 0.0166330 0.1366786 0.0527955 0.0591567 0.0791122 0.0816773 0.0189550 0.0985156 0.0813201 0.1050514 0.0235355 0.0801578 0.0842575 0.0205115 0.0925198 0.0678949 0.0147218 0.0834337 0.0772450 0.0862549 0.0794053 0.0778917 0.1115400 0.0870342 0.0863450 0.0622822 0.0727579 0.1085900 0.1542237 0.0876989 0.1115153 0.0072357 0.0797478 0.0701487 0.1508905 0.0795639 0.0777382 0.0090710 0.0705935 0.0736701 0.0759897 0.0794760 0.0900915 0.1027476 0.0788022 0.0451125 
Perityle_angustifolia_13_Eagle_creek       0.0568168 0.0586621 0.1027660 0.1636164 0.1064022 0.1638207 0.1408548 0.0762451 0.2559091 0.1618765 0.1087257 0.0468046 0.0499314 0.0189421 0.0000000 0.0301999 0.0088457 0.2021047 0.0631152 0.0113614 0.0101738 0.0473065 0.2035087 0.0339703 0.0448503 0.0461393 0.0489274 0.0585817 0.0762101 0.0941836 0.0677033 0.1010003 0.1009614 0.1612575 0.0786761 0.1302795 0.0070073 0.1319007 0.0356601 0.0340122 0.0503666 0.0611352 0.0158281 0.0667181 0.0671477 0.0770655 0.0170659 0.0472515 0.0621183 0.0134786 0.0567942 0.0286367 0.0063401 0.0580786 0.0561611 0.0529476 0.0476956 0.0465588 0.0660723 0.0724855 0.0700946 0.0509550 0.0437772 0.0731468 0.0456536 0.0608682 0.0974409 0.0050231 0.0823630 0.0340059 0.1230735 0.0463658 0.0477312 0.0085487 0.0415977 0.0476132 0.0538421 0.0468008 0.0557164 0.0700945 0.0495936 0.0377972 
Perityle_batopilensis_97                   0.0669555 0.0727342 0.1168859 0.1767121 0.1368565 0.2013292 0.1497581 0.0940954 0.2747122 0.1712948 0.1145466 0.0751111 0.0842504 0.0464195 0.0301999 0.0000000 0.0363394 0.2521763 0.0603537 0.0487687 0.0379869 0.0736112 0.1956677 0.0345837 0.0717092 0.0723234 0.0690473 0.0734299 0.0832463 0.1048278 0.1041901 0.1176791 0.1235386 0.1744723 0.1151626 0.1460208 0.0393973 0.1300571 0.0104685 0.0340460 0.0787956 0.0658833 0.0529423 0.0910963 0.0623600 0.1414752 0.0439885 0.0772699 0.0708364 0.0339042 0.0859169 0.0333029 0.0403194 0.0605388 0.0769205 0.0661868 0.0774111 0.0764611 0.0956434 0.0660650 0.0818847 0.0640011 0.0726565 0.0808809 0.1055929 0.0644856 0.0867747 0.0607957 0.1141941 0.0341680 0.1358871 0.0782767 0.0811847 0.0449916 0.0933205 0.0519525 0.0556445 0.0830544 0.0837514 0.0772401 0.0771049 0.0338903 
Perityle_bisetosa_9                        0.0649741 0.0719506 0.1296340 0.1896453 0.1482869 0.1981282 0.1560538 0.1054697 0.2724854 0.2047938 0.1493212 0.0700172 0.0740722 0.0293112 0.0088457 0.0363394 0.0000000 0.2631689 0.0744577 0.0041134 0.0129725 0.0580701 0.1981049 0.0761048 0.0553205 0.0733503 0.0958645 0.0868244 0.0957163 0.1011719 0.0868048 0.1236772 0.1431875 0.1731736 0.1515789 0.1900374 0.0059193 0.1570767 0.0462685 0.0488066 0.0858337 0.0908205 0.0162821 0.1035523 0.0867272 0.1552240 0.0565197 0.0915455 0.0886710 0.0111770 0.0877635 0.0554073 0.0047068 0.0748025 0.0635047 0.0778764 0.0903926 0.0857593 0.0984852 0.0759250 0.0779979 0.0536831 0.0838310 0.1011845 0.1349162 0.0733200 0.1031595 0.0048511 0.1003682 0.0638200 0.1411233 0.0797508 0.0635074 0.0051044 0.0659699 0.0634530 0.0807052 0.0884716 0.1041612 0.0928510 0.0747895 0.0464133 
Perityle_californica_76_positas            0.1445265 0.1030803 0.2447912 0.2511756 0.2185727 0.1145379 0.2402006 0.1277920 0.3226138 0.2766969 0.2390154 0.2507948 0.2617960 0.2230208 0.2021047 0.2521763 0.2631689 0.0000000 0.2024377 0.1764064 0.2290304 0.2432554 0.3100242 0.2744696 0.1718409 0.2567785 0.3079119 0.2563768 0.2745432 0.1612163 0.1130061 0.1454677 0.2745699 0.2764235 0.3007106 0.2632654 0.1916735 0.2911854 0.2335834 0.2527738 0.2588949 0.2504372 0.1765355 0.1994494 0.2743739 0.3600857 0.2647938 0.2652098 0.2038414 0.2424694 0.2440293 0.2411584 0.2014193 0.2106642 0.1658127 0.1611327 0.2665916 0.2650042 0.2317656 0.0972035 0.2713257 0.1444792 0.2603371 0.2616003 0.3666644 0.2569383 0.2329026 0.0928315 0.2864395 0.2743283 0.2370281 0.2670433 0.2490323 0.1755367 0.1076387 0.1640783 0.2662972 0.2356800 0.2644042 0.1763488 0.2547444 0.1876940 
Perityle_canescens_77                      0.0893484 0.0912002 0.1271379 0.1991605 0.1378000 0.1803088 0.1792464 0.1171397 0.2925416 0.1800791 0.1353752 0.1017892 0.1102089 0.0835737 0.0631152 0.0603537 0.0744577 0.2024377 0.0000000 0.0929789 0.0631914 0.1001628 0.2009324 0.0730406 0.1081340 0.0997832 0.0917852 0.0965226 0.0961356 0.1359423 0.1266840 0.1347807 0.1363306 0.1649110 0.1292675 0.1325192 0.0690308 0.1059813 0.0700531 0.0739073 0.1067488 0.0787092 0.0942831 0.0976908 0.0728778 0.1442275 0.0835676 0.0988980 0.0807637 0.0749002 0.1093377 0.0669067 0.0721132 0.0738595 0.1051966 0.0894474 0.1000658 0.1001963 0.1149584 0.0955100 0.0918376 0.0954131 0.1001183 0.0920112 0.1040110 0.0776117 0.1203144 0.0986829 0.1352717 0.0738440 0.1500740 0.1022327 0.1112167 0.0878694 0.1246528 0.0651486 0.0640823 0.1076693 0.1014248 0.0967085 0.1036721 0.0870658 
Perityle_castillonii_96                    0.0659661 0.0593695 0.0827417 0.1955743 0.1364329 0.7663812 0.1371903 0.1071491 0.3129975 0.6403326 0.0954615 0.0134410 0.0093207 0.0122030 0.0113614 0.0487687 0.0041134 0.1764064 0.0929789 0.0000000 0.0121805 0.0155233 0.2860256 0.0389197 0.0260884 0.0164814 0.0275632 0.0626596 0.0866214 0.0885496 0.0872985 0.1093974 0.0962618 0.6336275 0.5501150 9.0000000 0.0039073 0.0703060 0.0535003 0.0412188 0.0165220 0.0808226 0.0157007 0.1081902 0.0705462 0.2983726 0.0227665 0.0134085 0.0793388 0.0133956 0.0310627 0.0316921 0.0145645 0.0647435 0.0668817 0.0217530 0.0144574 0.0134611 0.0779607 0.0626038 0.0557633 0.0297923 0.0135823 0.0873660 9.0000000 0.0636308 0.0436391 0.0097784 0.0091529 0.0389975 0.1021960 0.0093505 0.0173974 0.0062600 0.0396527 0.0713137 0.0647910 0.0130927 0.0327700 0.1039322 0.0143275 0.0269228 
Perityle_cernua_84                         0.0576037 0.0617383 0.1043290 0.1811737 0.1245660 0.1970004 0.1564220 0.0847212 0.2773377 0.1729856 0.1222799 0.0666066 0.0744825 0.0175415 0.0101738 0.0379869 0.0129725 0.2290304 0.0631914 0.0121805 0.0000000 0.0610120 0.1941367 0.0358587 0.0591712 0.0699775 0.0843297 0.0626823 0.0900300 0.1007189 0.0909601 0.1227756 0.1296115 0.1751493 0.1156924 0.1496529 0.0079203 0.1351044 0.0397984 0.0300604 0.0721476 0.0721466 0.0188396 0.0891387 0.0714826 0.0875928 0.0200351 0.0694563 0.0721802 0.0215915 0.0762301 0.0400429 0.0042949 0.0625969 0.0656162 0.0628958 0.0706262 0.0702634 0.0917677 0.0649383 0.0813326 0.0525644 0.0669214 0.0864243 0.1066263 0.0702499 0.0925912 0.0127679 0.0811199 0.0359250 0.1355832 0.0698558 0.0749966 0.0078947 0.0689793 0.0530677 0.0631474 0.0655454 0.0733478 0.0764557 0.0711617 0.0469219 
Perityle_cfvillosa_25_tin                  0.0734599 0.0787902 0.1407260 0.1769614 0.1401594 0.1846969 0.1617759 0.1002515 0.2641964 0.1695051 0.1275154 0.0188831 0.0340689 0.0650743 0.0473065 0.0736112 0.0580701 0.2432554 0.1001628 0.0155233 0.0610120 0.0000000 0.2721105 0.0702325 0.0286152 0.0173530 0.0944928 0.0851601 0.1075271 0.1035687 0.0823760 0.1163778 0.1285913 0.1728358 0.0335202 0.1354697 0.0571827 0.1627522 0.0790766 0.0690088 0.0170519 0.0931609 0.0201601 0.1177741 0.0944299 0.1890194 0.0671209 0.0051870 0.0947480 0.0403067 0.0358472 0.0605203 0.0625029 0.0891984 0.0833528 0.0952334 0.0146746 0.0040589 0.1202742 0.0771308 0.0984441 0.0802442 0.0170502 0.1085708 0.1318465 0.0909368 0.1037556 0.0073984 0.1276922 0.0702492 0.1335189 0.0128655 0.0269006 0.0134502 0.0211030 0.0891927 0.0872086 0.0268278 0.0323465 0.1178360 0.0061090 0.0507928 
Perityle_cinerea_113_Powell1310            0.2910686 0.1146719 0.2910308 0.2150358 0.2660759 0.1290560 0.2015836 0.1490704 0.2432779 0.2646086 0.2822989 0.2587739 0.2776722 0.2094879 0.2035087 0.1956677 0.1981049 0.3100242 0.2009324 0.2860256 0.1941367 0.2721105 0.0000000 0.2215496 0.2212875 0.2756726 0.2354816 0.2567548 0.2469102 0.2277496 0.0949472 0.2434392 0.2687231 0.2997515 0.2621045 0.2843530 0.1665594 0.2868731 0.1919565 0.2144103 0.2790261 0.2429489 0.2609645 0.1912983 0.2572612 0.1934214 0.1994700 0.2684368 0.2117601 0.1735044 0.2721900 0.2230996 0.1755524 0.2169754 0.1413950 0.0899874 0.2710568 0.2702268 0.1803344 0.0803841 0.2689872 0.0404555 0.2612856 0.2400134 0.1969139 0.2401852 0.4071862 0.0560918 0.2204832 0.2217351 0.2927380 0.2686077 0.2765080 0.2828480 0.0959261 0.1756686 0.2392977 0.2766308 0.2703111 0.1487845 0.2753705 0.2798040 
Perityle_coahuilensis_24                   0.0786580 0.0764287 0.1607235 0.2171804 0.1720773 0.2067117 0.1648037 0.1069335 0.2743839 0.2368399 0.1731928 0.0993899 0.1008562 0.0771350 0.0339703 0.0345837 0.0761048 0.2744696 0.0730406 0.0389197 0.0358587 0.0702325 0.2215496 0.0000000 0.0729463 0.1001260 0.1102582 0.1396813 0.1079788 0.1153644 0.1168553 0.1424165 0.1772255 0.1855905 0.1835070 0.2281768 0.0467830 0.1936640 0.0438036 0.0012680 0.1090611 0.1270975 0.0480195 0.1176453 0.1105264 0.2153562 0.1182374 0.1233230 0.1133553 0.0355901 0.1209210 0.0560215 0.0396725 0.0720780 0.0766957 0.0826261 0.1218905 0.1109013 0.1062714 0.0919175 0.0991765 0.0667796 0.1321992 0.1104005 0.1510168 0.0885267 0.1025633 0.0556644 0.1217884 0.0014795 0.1661812 0.1173859 0.0909528 0.0353578 0.0860544 0.0622179 0.1122016 0.1202570 0.1161048 0.0901598 0.0984100 0.0571948 
Perityle_cochisensis_44_cave_creek         0.0782721 0.0838929 0.1229905 0.1825630 0.1168969 0.1521404 0.1627158 0.1064499 0.2576718 0.1746268 0.1203678 0.0289075 0.0183859 0.0655947 0.0448503 0.0717092 0.0553205 0.1718409 0.1081340 0.0260884 0.0591712 0.0286152 0.2212875 0.0729463 0.0000000 0.0253787 0.0737245 0.0804943 0.1006883 0.1080185 0.0837805 0.1122809 0.1058484 0.1493079 0.0403155 0.1088568 0.0583618 0.1121196 0.0771379 0.0706421 0.0301053 0.0905279 0.0301199 0.1034653 0.0975290 0.1779335 0.0696933 0.0269978 0.0904460 0.0415882 0.0059976 0.0582460 0.0626781 0.0903817 0.0912685 0.0897347 0.0237608 0.0287836 0.1125442 0.0965700 0.0899326 0.0880547 0.0279563 0.1039945 0.1152377 0.0901047 0.1003302 0.0247278 0.1017032 0.0729976 0.1217979 0.0273070 0.0343259 0.0243744 0.0414999 0.0835044 0.0873356 0.0171848 0.0422947 0.1231775 0.0309504 0.0513566 
Perityle_congesta_202                      0.0707603 0.0745230 0.1386843 0.1894256 0.1447311 0.1624490 0.1644252 0.0974075 0.2662833 0.1817606 0.1373016 0.0168912 0.0292803 0.0776830 0.0461393 0.0723234 0.0733503 0.2567785 0.0997832 0.0164814 0.0699775 0.0173530 0.2756726 0.1001260 0.0253787 0.0000000 0.1048156 0.0901956 0.1096664 0.1006573 0.0800079 0.1271234 0.1413381 0.1643761 0.0270845 0.1481663 0.0626061 0.1689237 0.0785985 0.0857631 0.0220290 0.0970073 0.0075090 0.1237939 0.0993346 0.2112663 0.0863856 0.0138897 0.1003495 0.0407764 0.0322512 0.0704763 0.0594370 0.0856531 0.0796345 0.1017253 0.0167430 0.0143910 0.1152480 0.0842607 0.0992887 0.0792242 0.0243546 0.1216748 0.1746111 0.0963423 0.1143130 0.0049025 0.1238333 0.0988684 0.1357826 0.0174345 0.0199324 0.0142917 0.0173212 0.0843558 0.0952921 0.0258231 0.0409011 0.1232255 0.0159618 0.0529245 
Perityle_cordifolia_27                     0.0491077 0.0748039 0.1682185 0.2105159 0.1901523 0.2106280 0.1725644 0.0877318 0.3078323 0.2769729 0.1630384 0.1055283 0.1185735 0.1060501 0.0489274 0.0690473 0.0958645 0.3079119 0.0917852 0.0275632 0.0843297 0.0944928 0.2354816 0.1102582 0.0737245 0.1048156 0.0000000 0.1184670 0.1310945 0.1192366 0.1000225 0.1554052 0.1849255 0.2499766 0.2038182 0.2579000 0.0970981 0.2020675 0.0760034 0.1007135 0.1235640 0.1288366 0.0369026 0.1476821 0.1277912 0.2504026 0.1240488 0.1201645 0.1242049 0.0469622 0.1251142 0.0453579 0.0828488 0.0766509 0.0817278 0.0675075 0.1203960 0.1163020 0.1090479 0.0779160 0.1248594 0.0471578 0.1188250 0.1304085 0.0398818 0.1041775 0.1027818 0.0293943 0.1611942 0.1045661 0.1771354 0.1121564 0.1126568 0.0260854 0.0823821 0.0802918 0.1209706 0.1293251 0.1367612 0.0848294 0.1103188 0.0414066 
Perityle_cordifolia_68_tecolote            0.0832113 0.0901893 0.1479913 0.2055305 0.1594679 0.1905836 0.1824189 0.1288682 0.2727568 0.2114805 0.1690268 0.0925164 0.0974755 0.0775680 0.0585817 0.0734299 0.0868244 0.2563768 0.0965226 0.0626596 0.0626823 0.0851601 0.2567548 0.1396813 0.0804943 0.0901956 0.1184670 0.0000000 0.1315920 0.1221765 0.1100033 0.1359018 0.1519030 0.1942637 0.1454874 0.1977916 0.0678203 0.1500451 0.0844076 0.0916998 0.1107455 0.0934419 0.0672129 0.1226345 0.1038336 0.1919737 0.0968751 0.1202458 0.0959883 0.0606136 0.1002139 0.0910990 0.0669913 0.0958141 0.0134467 0.1014218 0.1179590 0.1215417 0.1138026 0.1208535 0.1010218 0.0810240 0.0924742 0.1260183 0.1418609 0.0992674 0.1364257 0.0552582 0.1182177 0.1045723 0.1605179 0.1240503 0.0946625 0.0556560 0.0961687 0.0840560 0.0953927 0.1227926 0.1027350 0.1228481 0.0964660 0.0735872 
Perityle_coronopifolia_28_patagonia        0.0968481 0.0925752 0.1441576 0.2111364 0.1681213 0.2017039 0.1850710 0.1209759 0.2847613 0.2087400 0.1431083 0.1099322 0.1236223 0.1038369 0.0762101 0.0832463 0.0957163 0.2745432 0.0961356 0.0866214 0.0900300 0.1075271 0.2469102 0.1079788 0.1006883 0.1096664 0.1310945 0.1315920 0.0000000 0.1319683 0.1310897 0.1439749 0.1649436 0.1962605 0.1553282 0.1800037 0.0872013 0.1735234 0.0919463 0.1013730 0.1133771 0.0945485 0.0912489 0.1180104 0.1088786 0.2175335 0.1128424 0.1153167 0.0912183 0.0792090 0.1220225 0.0905429 0.0898303 0.0715434 0.1107617 0.1116306 0.1159400 0.1143534 0.0933664 0.0866898 0.0968808 0.0942582 0.1125735 0.0188465 0.1785034 0.0820814 0.1167985 0.0901058 0.1685475 0.1079815 0.1716128 0.1120660 0.1142107 0.0813802 0.1072646 0.0710327 0.0804893 0.1183762 0.1331232 0.0676729 0.1173572 0.0927744 
Perityle_crassifolia_70_ventanas           0.0947372 0.1066885 0.1141201 0.1829505 0.1177016 0.1927157 0.1638647 0.1311074 0.2651545 0.0781093 0.1294015 0.1052586 0.1109938 0.1159503 0.0941836 0.1048278 0.1011719 0.1612163 0.1359423 0.0885496 0.1007189 0.1035687 0.2277496 0.1153644 0.1080185 0.1006573 0.1192366 0.1221765 0.1319683 0.0000000 0.0409469 0.1160057 0.1118372 0.0449489 0.1328328 0.0089808 0.1033133 0.1284514 0.1067642 0.1163906 0.1118020 0.1236767 0.0822665 0.1273576 0.1158591 0.1778471 0.1126098 0.1042084 0.1242962 0.0996647 0.1160565 0.0943186 0.1101376 0.1206158 0.1254763 0.1246141 0.0992635 0.1054938 0.1371697 0.1034054 0.1174913 0.1242553 0.1024248 0.1322069 0.1586912 0.1233896 0.1085358 0.0922859 0.1442425 0.1156826 0.0032610 0.1059841 0.1108872 0.0840293 0.1087459 0.1082476 0.1195709 0.1085797 0.1112619 0.1562826 0.1063989 0.0470283 
Perityle_crassifolia_74_playa_balandra     0.1292834 0.0896107 0.1143426 0.1605383 0.1046373 0.1573235 0.1504453 0.1175248 0.2284350 0.1319662 0.1197563 0.0864378 0.0870629 0.0968600 0.0677033 0.1041901 0.0868048 0.1130061 0.1266840 0.0872985 0.0909601 0.0823760 0.0949472 0.1168553 0.0837805 0.0800079 0.1000225 0.1100033 0.1310897 0.0409469 0.0000000 0.1175524 0.0905622 0.0773824 0.0912083 0.0134466 0.0786442 0.1166137 0.1085396 0.1158079 0.0958621 0.1170812 0.0781866 0.1199866 0.1196223 0.0863406 0.0926030 0.0864060 0.1164533 0.0853985 0.0845980 0.0896890 0.0867971 0.1160417 0.1068262 0.0931719 0.0819756 0.0865564 0.1195563 0.1054017 0.1110807 0.0905209 0.0917932 0.1246042 0.0951340 0.1166235 0.1677106 0.0681211 0.0936416 0.1144577 0.0465034 0.0874463 0.0896075 0.0879563 0.0703317 0.1078305 0.1157880 0.0913247 0.1162131 0.1446215 0.0879009 0.0644606 
Perityle_cuneata_34_cuneata_San_antonio    0.1206417 0.0885832 0.1451694 0.2163729 0.1648984 0.1726995 0.1756293 0.1187541 0.2626470 0.1828727 0.0910923 0.1282599 0.1321748 0.1303637 0.1010003 0.1176791 0.1236772 0.1454677 0.1347807 0.1093974 0.1227756 0.1163778 0.2434392 0.1424165 0.1122809 0.1271234 0.1554052 0.1359018 0.1439749 0.1160057 0.1175524 0.0000000 0.1347142 0.1503135 0.1666371 0.1416059 0.1223214 0.1675633 0.1236381 0.1432688 0.1328937 0.1263238 0.1062192 0.1415424 0.1437505 0.2471596 0.1339631 0.1293367 0.1275324 0.1114404 0.1340151 0.1340464 0.1209954 0.1170468 0.1162347 0.1434894 0.1266307 0.1304533 0.1516391 0.1045206 0.1152677 0.1304767 0.1231730 0.1527081 0.2218062 0.1267885 0.1350731 0.0882758 0.1666876 0.1421980 0.1429016 0.1267774 0.1314140 0.1009679 0.1006983 0.1071768 0.1394861 0.1323590 0.1384446 0.1425909 0.1321243 0.0936859 
Perityle_cuneata_4                         0.1036258 0.0808778 0.1603633 0.1906526 0.1686428 0.1755864 0.1696730 0.1064875 0.2553956 0.2166690 0.1577050 0.1376111 0.1388680 0.1384819 0.1009614 0.1235386 0.1431875 0.2745699 0.1363306 0.0962618 0.1296115 0.1285913 0.2687231 0.1772255 0.1058484 0.1413381 0.1849255 0.1519030 0.1649436 0.1118372 0.0905622 0.1347142 0.0000000 0.1921721 0.1958376 0.2088329 0.1197882 0.2088033 0.1270764 0.1458021 0.1572092 0.1449666 0.0980455 0.1430521 0.1565288 0.2505517 0.1361826 0.1571773 0.1381029 0.1037458 0.1426358 0.1263032 0.1235619 0.1281779 0.1146022 0.1375371 0.1561099 0.1577944 0.1563367 0.1144350 0.1419627 0.1122009 0.1442788 0.1745351 0.2414661 0.1425896 0.1462978 0.0721251 0.1996137 0.1602756 0.1564485 0.1502776 0.1371574 0.0907080 0.0794383 0.1192578 0.1573131 0.1568398 0.1637336 0.1487719 0.1386296 0.0930899 
Perityle_discoidea_81                      0.6152306 0.1599029 0.1304260 0.1981680 0.1471389 0.0748757 0.2171789 0.1974320 0.2556097 0.0010269 0.1808983 0.1703470 0.1849602 0.1866704 0.1612575 0.1744723 0.1731736 0.2764235 0.1649110 0.6336275 0.1751493 0.1728358 0.2997515 0.1855905 0.1493079 0.1643761 0.2499766 0.1942637 0.1962605 0.0449489 0.0773824 0.1503135 0.1921721 0.0000000 0.1369290 0.0043624 0.1584243 0.2700948 0.1769314 0.1851126 0.1754963 0.1713341 0.6471270 0.1641476 0.1850226 0.1797102 0.1767246 0.1750895 0.1673349 0.1625085 0.1738165 0.1854892 0.1597553 0.1761016 0.1697601 0.2699567 0.1734672 0.1775034 0.2281946 0.5062727 0.1887857 0.2340060 0.1741325 0.1918513 0.2115123 0.1821554 0.6800198 0.6807045 0.2751110 0.1884071 0.0487585 0.1763432 0.1688535 0.6299026 0.1294799 0.1478252 0.1880511 0.1724844 0.1813155 0.2358213 0.1770651 0.5215806 
Perityle_dissecta_201                      0.5351540 0.0988141 0.1821800 0.2068267 0.1426369 0.0839917 0.2278444 0.1132810 0.2518570 0.1369078 0.1686624 0.0272906 0.0533535 0.1396259 0.0786761 0.1151626 0.1515789 0.3007106 0.1292675 0.5501150 0.1156924 0.0335202 0.2621045 0.1835070 0.0403155 0.0270845 0.2038182 0.1454874 0.1553282 0.1328328 0.0912083 0.1666371 0.1958376 0.1369290 0.0000000 0.1483649 0.1241037 0.2744331 0.1245263 0.1466896 0.0327807 0.1298585 0.5725285 0.1390179 0.1502112 0.1508734 0.1459356 0.0332414 0.1378277 0.0875530 0.0432066 0.1305487 0.1177112 0.1164099 0.1173312 0.2228062 0.0352081 0.0316597 0.1861119 0.2939777 0.1366729 0.1849558 0.0572615 0.1760682 0.1702797 0.1443459 0.6766224 0.4799567 0.2748611 0.1733403 0.1850998 0.0336162 0.0334035 0.5130780 0.0171946 0.1033975 0.1568414 0.0459639 0.0337728 0.1631179 0.0332063 0.4749271 
Perityle_emoryi_47_punta_san_jose          9.0000000 0.1066141 0.1186808 0.1938726 0.1218400 0.0723389 0.1818682 0.1159191 0.2156493 0.0059582 0.1770547 0.1511790 0.1633497 0.1779939 0.1302795 0.1460208 0.1900374 0.2632654 0.1325192 9.0000000 0.1496529 0.1354697 0.2843530 0.2281768 0.1088568 0.1481663 0.2579000 0.1977916 0.1800037 0.0089808 0.0134466 0.1416059 0.2088329 0.0043624 0.1483649 0.0000000 0.1373847 0.2619372 0.1524204 0.1741081 0.1584946 0.1676940 9.0000000 0.1415402 0.1796997 0.1893015 0.1772731 0.1602757 0.1612039 0.1245741 0.1599381 0.1869481 0.1273765 0.1425413 0.1316455 0.2297715 0.1582591 0.1623388 0.1860781 0.3498828 0.1711540 0.1693710 0.1733303 0.1870222 0.2324083 0.1684361 0.7546608 9.0000000 0.2541607 0.2151174 0.0214266 0.1620547 0.1449308 9.0000000 0.0561262 0.1109896 0.1881758 0.1598506 0.1581975 0.1782249 0.1582377 0.4137347 
Perityle_fosteri_93                        0.0625702 0.0699694 0.1008663 0.1825674 0.1315663 0.1893854 0.1513148 0.1016546 0.2835312 0.1679462 0.1261499 0.0632186 0.0718892 0.0166330 0.0070073 0.0393973 0.0059193 0.1916735 0.0690308 0.0039073 0.0079203 0.0571827 0.1665594 0.0467830 0.0583618 0.0626061 0.0970981 0.0678203 0.0872013 0.1033133 0.0786442 0.1223214 0.1197882 0.1584243 0.1241037 0.1373847 0.0000000 0.1061930 0.0494141 0.0486683 0.0646260 0.0674260 0.0118733 0.0877412 0.0686972 0.1042585 0.0141826 0.0627517 0.0725858 0.0102186 0.0787446 0.0427694 0.0043788 0.0653527 0.0623899 0.0729952 0.0665870 0.0645249 0.0917777 0.0736129 0.0704198 0.0493040 0.0641951 0.0862569 0.1335091 0.0738984 0.1168734 0.0024597 0.0633532 0.0474579 0.1346960 0.0628402 0.0682334 0.0039423 0.0555523 0.0588070 0.0639170 0.0669821 0.0782211 0.0871306 0.0669190 0.0407222 
Perityle_gamon_221                         0.0809446 0.0914171 0.1798912 0.2204455 0.1746802 0.2111848 0.1868144 0.1072448 0.2833549 0.2698782 0.2205344 0.1466328 0.1657700 0.1366786 0.1319007 0.1300571 0.1570767 0.2911854 0.1059813 0.0703060 0.1351044 0.1627522 0.2868731 0.1936640 0.1121196 0.1689237 0.2020675 0.1500451 0.1735234 0.1284514 0.1166137 0.1675633 0.2088033 0.2700948 0.2744331 0.2619372 0.1061930 0.0000000 0.1259075 0.1530361 0.1856536 0.1447843 0.0787670 0.1305577 0.0843768 0.2851429 0.1514126 0.1968657 0.1161305 0.1180526 0.1663217 0.1593505 0.1044041 0.1378904 0.1066047 0.1098472 0.1972507 0.1893093 0.1249102 0.0800255 0.1810393 0.1040484 0.1595223 0.1757298 0.3181187 0.1425606 0.1105795 0.0910526 0.1591743 0.1667893 0.1966432 0.1969489 0.1529305 0.0675450 0.1164433 0.1033638 0.1256364 0.1983321 0.1739953 0.1055076 0.1537314 0.0792724 
Perityle_gentryi_8_san_francisco           0.0729322 0.0750101 0.1231778 0.1909802 0.1400189 0.2049701 0.1668726 0.0976874 0.2861309 0.1787863 0.1281880 0.0814430 0.0917029 0.0527955 0.0356601 0.0104685 0.0462685 0.2335834 0.0700531 0.0535003 0.0397984 0.0790766 0.1919565 0.0438036 0.0771379 0.0785985 0.0760034 0.0844076 0.0919463 0.1067642 0.1085396 0.1236381 0.1270764 0.1769314 0.1245263 0.1524204 0.0494141 0.1259075 0.0000000 0.0418872 0.0864595 0.0783960 0.0614085 0.1035933 0.0734555 0.1415192 0.0607412 0.0817509 0.0769283 0.0394758 0.0915531 0.0407942 0.0476670 0.0687499 0.0802671 0.0753996 0.0829473 0.0827107 0.1039143 0.0660650 0.0871605 0.0689131 0.0793749 0.0877909 0.1123216 0.0711115 0.0945979 0.0607693 0.1064245 0.0415888 0.1406466 0.0834949 0.0896685 0.0512513 0.0986382 0.0572125 0.0620907 0.0878686 0.0789265 0.0845198 0.0831540 0.0592022 
Perityle_gilensis_22_Superstition          0.0782169 0.0777224 0.1427691 0.2148575 0.1597842 0.2145245 0.1684047 0.0979924 0.2861130 0.2034481 0.1454800 0.0893148 0.0979155 0.0591567 0.0340122 0.0340460 0.0488066 0.2527738 0.0739073 0.0412188 0.0300604 0.0690088 0.2144103 0.0012680 0.0706421 0.0857631 0.1007135 0.0916998 0.1013730 0.1163906 0.1158079 0.1432688 0.1458021 0.1851126 0.1466896 0.1741081 0.0486683 0.1530361 0.0418872 0.0000000 0.0867777 0.0909962 0.0459695 0.1107131 0.0840209 0.1567678 0.0689818 0.0869129 0.0956976 0.0349355 0.1073243 0.0514411 0.0398235 0.0693813 0.0757922 0.0827462 0.0874264 0.0840825 0.1047959 0.0878317 0.0995521 0.0668645 0.0870301 0.1079303 0.1448399 0.0901893 0.0995136 0.0531768 0.1200272 0.0004243 0.1581858 0.0860855 0.0944784 0.0375942 0.0878394 0.0628805 0.0746792 0.0873662 0.0992211 0.0863658 0.0883529 0.0521733 
Perityle_gilensis_salensis_225             0.0651123 0.0807871 0.1370613 0.1939035 0.1514479 0.1799580 0.1725534 0.1134349 0.2704369 0.1878174 0.1344141 0.0210526 0.0347747 0.0791122 0.0503666 0.0787956 0.0858337 0.2588949 0.1067488 0.0165220 0.0721476 0.0170519 0.2790261 0.1090611 0.0301053 0.0220290 0.1235640 0.1107455 0.1133771 0.1118020 0.0958621 0.1328937 0.1572092 0.1754963 0.0327807 0.1584946 0.0646260 0.1856536 0.0864595 0.0867777 0.0000000 0.1127228 0.0221448 0.1216559 0.1154410 0.2224095 0.0930405 0.0188331 0.1054085 0.0448241 0.0362587 0.0762206 0.0651768 0.0873802 0.0905894 0.1083344 0.0254796 0.0171618 0.1173144 0.0962423 0.1020794 0.0875423 0.0396269 0.1254493 0.1797429 0.1026328 0.1117295 0.0171013 0.1463512 0.1016401 0.1459594 0.0262942 0.0276259 0.0141856 0.0323699 0.0860168 0.1125593 0.0311433 0.0500006 0.1260955 0.0187637 0.0446435 
Perityle_glaucescens_94                    0.0931173 0.0827181 0.1380130 0.1938027 0.1471373 0.1778372 0.1756721 0.1060643 0.2610124 0.1872583 0.1510953 0.0990837 0.1000007 0.0816773 0.0611352 0.0658833 0.0908205 0.2504372 0.0787092 0.0808226 0.0721466 0.0931609 0.2429489 0.1270975 0.0905279 0.0970073 0.1288366 0.0934419 0.0945485 0.1236767 0.1170812 0.1263238 0.1449666 0.1713341 0.1298585 0.1676940 0.0674260 0.1447843 0.0783960 0.0909962 0.1127228 0.0000000 0.0941933 0.0247321 0.0864416 0.1970426 0.0795381 0.1161805 0.0043296 0.0647881 0.1073278 0.0827226 0.0699596 0.0735290 0.0854317 0.0985263 0.1185193 0.1167484 0.1065547 0.1007126 0.0918446 0.0866184 0.0916093 0.0981912 0.1509476 0.0786864 0.1117260 0.0755620 0.1599323 0.1009202 0.1574192 0.1223427 0.1020780 0.0777513 0.0936549 0.0625622 0.0802598 0.1215066 0.1165172 0.0950483 0.1035932 0.0726367 
Perityle_gracilis_11                       0.0773619 0.0548906 0.1032825 0.1947893 0.1373935 0.7389014 0.1381132 0.1132028 0.3071633 0.6755127 0.1118735 0.0191887 0.0094687 0.0189550 0.0158281 0.0529423 0.0162821 0.1765355 0.0942831 0.0157007 0.0188396 0.0201601 0.2609645 0.0480195 0.0301199 0.0075090 0.0369026 0.0672129 0.0912489 0.0822665 0.0781866 0.1062192 0.0980455 0.6471270 0.5725285 9.0000000 0.0118733 0.0787670 0.0614085 0.0459695 0.0221448 0.0941933 0.0000000 0.1234489 0.0754586 0.3286653 0.0341342 0.0135834 0.0872821 0.0186236 0.0369634 0.0355489 0.0148616 0.0742193 0.0633188 0.0183701 0.0114054 0.0201335 0.0930694 0.0535216 0.0551775 0.0259365 0.0184379 0.0915604 9.0000000 0.0681501 0.0574078 0.0049500 0.0208540 0.0475378 0.0991443 0.0105332 0.0229416 0.0117563 0.0422647 0.0834086 0.0698861 0.0200077 0.0356393 0.0999177 0.0199032 0.0449798 
Perityle_harkerae_31                       0.1238133 0.0838386 0.1446272 0.2080877 0.1432276 0.1820103 0.1911531 0.1046505 0.2882962 0.1874090 0.1467167 0.1234221 0.1225359 0.0985156 0.0667181 0.0910963 0.1035523 0.1994494 0.0976908 0.1081902 0.0891387 0.1177741 0.1912983 0.1176453 0.1034653 0.1237939 0.1476821 0.1226345 0.1180104 0.1273576 0.1199866 0.1415424 0.1430521 0.1641476 0.1390179 0.1415402 0.0877412 0.1305577 0.1035933 0.1107131 0.1216559 0.0247321 0.1234489 0.0000000 0.1170270 0.1778685 0.1335978 0.1202178 0.0212728 0.0863889 0.1232792 0.0988979 0.0883773 0.0815432 0.0885737 0.0981994 0.1237802 0.1281938 0.1331703 0.0993754 0.0929925 0.0862212 0.1246302 0.1165296 0.1712400 0.1021863 0.1437052 0.0768241 0.1530865 0.1169439 0.1679453 0.1275812 0.1292518 0.1084952 0.0962855 0.0688439 0.1131088 0.1214415 0.1165295 0.0958959 0.1254712 0.1039045 
Perityle_hofmeisteria_4_nombre_de_dios     0.0805498 0.0927607 0.1397911 0.2046727 0.1591432 0.2127882 0.1727852 0.1117477 0.2833040 0.1975794 0.1547890 0.0976732 0.1051887 0.0813201 0.0671477 0.0623600 0.0867272 0.2743739 0.0728778 0.0705462 0.0714826 0.0944299 0.2572612 0.1105264 0.0975290 0.0993346 0.1277912 0.1038336 0.1088786 0.1158591 0.1196223 0.1437505 0.1565288 0.1850226 0.1502112 0.1796997 0.0686972 0.0843768 0.0734555 0.0840209 0.1154410 0.0864416 0.0754586 0.1170270 0.0000000 0.2098953 0.1018207 0.1106520 0.0857239 0.0671807 0.1131907 0.0844491 0.0742128 0.0760855 0.1084945 0.0995424 0.1121478 0.1099630 0.1190799 0.1038488 0.0959773 0.0998304 0.0980628 0.1060350 0.1651744 0.0806792 0.1029467 0.1006269 0.1526749 0.0924093 0.1529869 0.1101684 0.1022865 0.0655764 0.1190900 0.0679972 0.0666831 0.1166053 0.1231505 0.1013150 0.1025223 0.0751167 
Perityle_huecosensis_48                    0.2893090 0.0829088 0.2293355 0.2575119 0.1687053 0.1361965 0.2604940 0.0893890 0.3537541 0.1754743 0.2375384 0.1996283 0.1917322 0.1050514 0.0770655 0.1414752 0.1552240 0.3600857 0.1442275 0.2983726 0.0875928 0.1890194 0.1934214 0.2153562 0.1779335 0.2112663 0.2504026 0.1919737 0.2175335 0.1778471 0.0863406 0.2471596 0.2505517 0.1797102 0.1508734 0.1893015 0.1042585 0.2851429 0.1415192 0.1567678 0.2224095 0.1970426 0.3286653 0.1778685 0.2098953 0.0000000 0.1477410 0.2257993 0.1736775 0.1598119 0.1986693 0.1937189 0.1171811 0.1392266 0.0879191 0.1639759 0.2328636 0.2320701 0.2397165 0.0857089 0.1655388 0.1332987 0.2294943 0.1979779 0.1559874 0.1707280 0.3536320 0.0546708 0.2554505 0.1916066 0.2374966 0.2319384 0.2252546 0.2895144 0.0934096 0.1091805 0.2138495 0.2087674 0.2020533 0.1646496 0.1953260 0.3238411 
