84
Amauria_brandeegeana_62                    0.0000000 0.1357595 0.2474851 0.3513444 0.1862247 0.0892198 0.6396621 0.2107304 0.4466862 0.2251094 0.2979061 0.5255808 0.4615717 0.4990346 0.2634889 0.5245103 0.4818334 0.2443208 0.2783658 0.4893416 0.2556150 0.4554383 0.0764679 0.7340257 0.4960217 0.4943637 0.4453728 0.7171918 0.3512376 0.1826836 0.1949196 0.3284121 0.5938932 0.2659746 0.4889226 0.3735618 0.4965640 0.2871335 0.2591058 0.4775333 0.5910841 0.3458829 0.4710879 0.3392966 0.2919625 0.4910643 0.1761249 0.4879339 0.5435268 0.3627313 0.4799279 0.4620665 0.6461096 0.4538496 0.4803589 0.2894699 0.4015205 0.4979426 0.4667873 0.4733713 0.2161003 0.1737173 0.3192794 0.5657991 0.4996200 0.3435777 0.4522911 0.2876257 0.6575534 0.1082339 0.4693750 0.6908922 0.2277102 0.4727886 0.4703700 0.4664360 0.3399935 0.3018517 0.3506380 0.2903526 0.5138855 0.2485000 0.4667873 0.4860363 
Amauria_carterae_99_mesa                   0.1357595 0.0000000 0.2333505 0.3382261 0.2584168 0.0645841 0.4940458 0.1284193 0.3065731 0.2336246 0.1224446 0.4357137 0.2601276 0.4265870 0.2508573 0.1388290 0.4601370 0.1384275 0.3118366 0.4882691 0.2652290 0.4190405 0.0494970 0.4548879 0.4229902 0.4601783 0.4470263 0.2460725 0.1575022 0.2580757 0.1949571 0.1819340 0.1677539 0.2199444 0.4437380 0.1499986 0.4405058 0.1190953 0.1345428 0.4190175 0.4830431 0.3156155 0.4464133 0.3023407 0.1264148 0.4524534 0.0635597 0.4512375 0.4531596 0.3008763 0.4226367 0.4250638 0.4615689 0.4200188 0.4563849 0.1767864 0.1226498 0.4646257 0.4200597 0.4253460 0.2141355 0.1208766 0.1594219 0.1556402 0.4242299 0.1371367 0.4347175 0.1381954 0.5192922 0.2436178 0.4246417 0.4407800 0.3019758 0.4428366 0.4246417 0.4299013 0.2788517 0.1486987 0.1177846 0.2567297 0.4910017 0.1856935 0.4164489 0.4142715 
Amauria_rotundifolia_SRR9119150            0.2474851 0.2333505 0.0000000 0.2492864 0.1489901 0.1502407 0.2879407 0.2919424 0.4732198 0.0579399 0.3898220 0.2177792 0.2460563 0.1639349 0.0994460 0.6462024 0.2790971 0.1201106 0.1505116 0.1357907 0.1672185 0.2003224 0.0621756 0.3834460 0.1123855 0.2598072 0.2624643 0.7359124 0.5000669 0.1151941 0.1754818 0.2822895 0.5002982 0.2668278 0.2360480 0.4163558 0.2113450 0.3121664 0.4050331 0.1399422 0.3155624 0.2562528 0.1382642 0.1890459 0.4921778 0.2439697 0.0605840 0.2438682 0.2702498 0.2115846 0.1934672 0.2251185 0.2378430 0.1101366 0.1249819 0.4123200 0.4123133 0.0941285 0.2283955 0.2518734 0.2662705 0.2678008 0.3920868 0.3918437 0.2290668 0.5129526 0.1832307 0.2825677 0.2355557 0.0884676 0.1144902 0.2874238 0.1224644 0.1972487 0.2086112 0.1946261 0.1948797 0.3542898 0.4382662 0.2321024 0.1897310 0.1212061 0.2190517 0.2218194 
Conoclinium_coelestinum_SRR9119114         0.3513444 0.3382261 0.2492864 0.0000000 0.2313376 0.2027287 0.3621082 0.3990631 0.4758545 0.2347180 0.4150754 0.3165968 0.2818636 0.2880876 0.2049678 0.6343838 0.3085246 0.2337016 0.2407068 0.2942689 0.2484794 0.2958801 0.0933692 0.4104992 0.2456755 0.3027372 0.3028138 0.7090931 0.4839718 0.2231551 0.2460258 0.4071206 0.5206898 0.3445207 0.2902924 0.4463130 0.3031873 0.4173255 0.3951020 0.2561576 0.3886179 0.3177702 0.2829581 0.3187192 0.4791083 0.2876448 0.1356652 0.3077501 0.3242872 0.3095759 0.2930444 0.2987111 0.3357077 0.2394822 0.2875339 0.4562055 0.4762837 0.2132352 0.2951114 0.2967276 0.2775374 0.2936038 0.4726301 0.4696347 0.2799009 0.4708502 0.3050232 0.3652010 0.3588999 0.1841316 0.2466049 0.3881375 0.2371590 0.2996985 0.2861659 0.2909112 0.2408613 0.4076845 0.4520414 0.2501530 0.2889771 0.1769170 0.2978130 0.2624345 
Eutetras_palmeri_63                        0.1862247 0.2584168 0.1489901 0.2313376 0.0000000 0.1330807 0.3091847 0.3104752 0.4179013 0.1608869 0.3961721 0.1583692 0.2446147 0.1490742 0.0917160 0.6034979 0.1974707 0.1194853 0.1366021 0.1336224 0.1151856 0.1698966 0.0475426 0.2209062 0.0978628 0.1930211 0.1865582 0.7334085 0.4230147 0.1201364 0.1690539 0.3097963 0.4487873 0.2791624 0.1635698 0.3897137 0.1659217 0.3107711 0.3509206 0.1285011 0.2988162 0.2486772 0.1351477 0.1918867 0.4575247 0.1779813 0.0670546 0.1713221 0.1715563 0.2128868 0.1550341 0.1630017 0.1716849 0.1084800 0.1351340 0.4056269 0.3727148 0.0660746 0.1856381 0.1971893 0.2571447 0.2626635 0.3981782 0.3552825 0.1941714 0.4667820 0.1485326 0.2977445 0.1891031 0.0784655 0.1138595 0.1733847 0.1304645 0.1460567 0.2120796 0.1363003 0.1548353 0.3396337 0.4195131 0.2039114 0.1327738 0.0811916 0.1652494 0.1385028 
Eutetras_pringlei_149_quer                 0.0892198 0.0645841 0.1502407 0.2027287 0.1330807 0.0000000 0.3747887 0.0648977 0.1722644 0.1238112 0.0369761 0.3610320 0.1362372 0.2975651 0.1437257 0.0319439 0.3224109 0.0694412 0.2002343 0.3564445 0.1402073 0.2915492 0.0476402 0.4055500 0.2865691 0.3306738 0.3373910 0.1719334 0.0577978 0.1869743 0.0903877 0.0753540 0.0484752 0.1064695 0.3069408 0.0956840 0.3050149 0.1037072 0.0392661 0.3012137 0.3722025 0.2252203 0.3158266 0.2103425 0.0998387 0.3182576 0.0618156 0.3209776 0.3091814 0.2018533 0.2900236 0.2974686 0.3793794 0.2831255 0.3086533 0.0571800 0.0927076 0.3430319 0.2855841 0.2930710 0.0950735 0.0819075 0.0975560 0.0189091 0.2849810 0.0666807 0.3220511 0.0597119 0.3016051 0.2034286 0.2852252 0.3845295 0.1912878 0.3027840 0.2893259 0.2835245 0.2084256 0.0414634 0.0982751 0.1418173 0.3375906 0.1190528 0.2858489 0.3163685 
Eutrochium_fistulosum_SRR9119106           0.6396621 0.4940458 0.2879407 0.3621082 0.3091847 0.3747887 0.0000000 0.5693185 0.5552001 0.2827502 0.5603983 0.2250129 0.1751176 0.1603718 0.2434761 0.4877790 0.1736029 0.7893260 0.2723895 0.1691160 0.2789828 0.1734942 0.6819917 0.2753712 0.1286677 0.1945730 0.1668867 0.5326644 0.5758735 0.2077040 0.3218705 0.6348515 0.4050179 0.6223688 0.1772910 0.5651901 0.1768028 0.5129683 0.5657486 0.1394927 0.2353405 0.3130723 0.1673707 0.3128928 0.5379393 0.1679686 0.5747972 0.1808592 0.2457750 0.3049812 0.1669211 0.1793563 0.2178793 0.1303578 0.1638907 0.5196165 0.3893047 0.1167914 0.1724482 0.1738086 0.5211818 0.4948723 0.6453364 0.4063196 0.1663610 0.5621647 0.1648116 0.5352089 0.2642690 0.2104598 0.1460810 0.2721810 0.2615527 0.1834456 0.1641437 0.1690064 0.2754917 0.5646934 0.5647602 0.2704931 0.1725585 0.2542221 0.1707661 0.1562649 
Galeana_pratensis_104_mex                  0.2107304 0.1284193 0.2919424 0.3990631 0.3104752 0.0648977 0.5693185 0.0000000 0.2531532 0.2712461 0.0876881 0.5091910 0.2779147 0.4851006 0.2841238 0.0842868 0.4963437 0.1162760 0.3091002 0.5354909 0.2968167 0.4855769 0.0737802 0.5106340 0.4867660 0.5203130 0.5151607 0.2549883 0.1192054 0.2367884 0.1731272 0.1327676 0.1488104 0.2550847 0.5038029 0.1413318 0.4967382 0.1411557 0.0928800 0.4781360 0.5079108 0.3465990 0.5038072 0.3394190 0.1456528 0.5030468 0.0813162 0.5040954 0.5277792 0.3244589 0.4770346 0.5007305 0.5229342 0.4867485 0.5070949 0.1329852 0.1479249 0.5205791 0.4817459 0.4872496 0.1832313 0.1544593 0.1375542 0.0872555 0.4930455 0.1076103 0.5094293 0.1371072 0.5896642 0.2610248 0.4912268 0.5023053 0.3222999 0.4823475 0.4881676 0.4860489 0.2890852 0.1120338 0.1351814 0.2828137 0.5214694 0.1737595 0.4780829 0.4937759 
Helianthus_annuus_SRR9119062               0.4466862 0.3065731 0.4732198 0.4758545 0.4179013 0.1722644 0.5552001 0.2531532 0.0000000 0.4702252 0.4658897 0.5392172 0.4071193 0.4370541 0.3532069 0.5223575 0.5373604 0.3369933 0.3721075 0.5044758 0.4359303 0.4717405 0.1622799 0.6203262 0.3801485 0.5449477 0.5198904 0.5677497 0.5125002 0.3102908 0.2590880 0.3974636 0.3069490 0.4018076 0.5276689 0.4423969 0.5042633 0.3636496 0.4436615 0.4039158 0.6408266 0.4941083 0.4993468 0.4609424 0.5184137 0.5056196 0.2053976 0.5194056 0.5589779 0.4912737 0.4852467 0.5175579 0.5500409 0.3700944 0.4900289 0.4282025 0.2776341 0.3289160 0.4986911 0.5195988 0.3140004 0.2199051 0.4419215 0.2236830 0.4927816 0.5107278 0.4941983 0.4024065 0.6293076 0.2724519 0.3991720 0.5819377 0.3515348 0.5403130 0.4539697 0.5447791 0.2837470 0.4709472 0.4787895 0.5217380 0.5474122 0.2020931 0.4981090 0.4984749 
Lycapsus_tenuifolius_17                    0.2251094 0.2336246 0.0579399 0.2347180 0.1608869 0.1238112 0.2827502 0.2712461 0.4702252 0.0000000 0.3648747 0.2210106 0.1604181 0.1436270 0.0880085 0.6122376 0.2092874 0.1139548 0.1269287 0.1277849 0.1659161 0.1520180 0.0533651 0.3309296 0.0875664 0.2199392 0.2031661 0.6441832 0.4379270 0.0715481 0.1335032 0.2761990 0.4844012 0.2141504 0.1991572 0.3617084 0.1762247 0.3059932 0.3711073 0.1193197 0.3195830 0.2218295 0.1266706 0.1760086 0.3972347 0.1986586 0.0714299 0.1961757 0.2570863 0.2209876 0.1560447 0.1839839 0.2413766 0.0857213 0.1180345 0.3788969 0.3687685 0.0652339 0.1666660 0.1988149 0.2356716 0.2337955 0.3906629 0.3630529 0.1670119 0.4862312 0.1631321 0.2869457 0.2420147 0.0842150 0.0951795 0.2927708 0.0890923 0.2041394 0.1372121 0.1987122 0.1682547 0.3520204 0.3919012 0.2005388 0.1979468 0.0903066 0.1783613 0.2081776 
Pericome_caudata_50_silver                 0.2979061 0.1224446 0.3898220 0.4150754 0.3961721 0.0369761 0.5603983 0.0876881 0.4658897 0.3648747 0.0000000 0.6068734 0.5780757 0.5300851 0.2582752 0.0680288 0.6344809 0.1083184 0.3350695 0.5804316 0.3748750 0.5751262 0.0605946 0.7322384 0.4569246 0.6430265 0.6694345 0.2491166 0.2954619 0.2808499 0.1693937 0.1821998 0.1905820 0.2700685 0.6323107 0.2179448 0.6020830 0.1664268 0.1250257 0.5169087 0.6922029 0.4330725 0.5664527 0.4163442 0.2869927 0.6148390 0.0832882 0.6286893 0.6259547 0.3837906 0.5864433 0.6195013 0.6153271 0.4656967 0.5627130 0.1256391 0.0893419 0.4247534 0.6135506 0.6329164 0.1575334 0.1302554 0.2166664 0.0392833 0.6570461 0.2974692 0.6007293 0.1729431 0.6727023 0.2126373 0.4878600 0.6603051 0.3923085 0.6006055 0.6244075 0.6091321 0.2626793 0.0963052 0.1946799 0.4229421 0.6196694 0.1685015 0.6038347 0.6289640 
Perityle_aglossa_84_dead_horse             0.5255808 0.4357137 0.2177792 0.3165968 0.1583692 0.3610320 0.2250129 0.5091910 0.5392172 0.2210106 0.6068734 0.0000000 0.0234606 0.0436436 0.0695934 0.5601577 0.0270148 0.7014024 0.1371293 0.0205795 0.0654625 0.0273183 0.7355187 0.0849853 0.0231129 0.0266371 0.0297894 0.5524002 0.5691351 0.1540716 0.2358554 0.5757894 0.4474657 0.5998808 0.0293695 0.5473544 0.0265605 0.4890419 0.5934303 0.0174457 0.1798512 0.1668056 0.0249374 0.1623827 0.5962022 0.0190311 0.6658492 0.0347351 0.0863248 0.1527632 0.0230599 0.0304918 0.0263369 0.0203978 0.0182875 0.5439980 0.3491264 0.0141566 0.0271893 0.0319927 0.4709280 0.4465061 0.5917239 0.3663246 0.0000010 0.6142712 0.0260681 0.5483541 0.1644037 0.0707169 0.0265380 0.0589278 0.1802216 0.0271736 0.0234498 0.0288540 0.1159042 0.6199868 0.6032289 0.1589788 0.0061807 0.1070377 0.0293097 0.0279579 
Perityle_ajoensis_204                      0.4615717 0.2601276 0.2460563 0.2818636 0.2446147 0.1362372 0.1751176 0.2779147 0.4071193 0.1604181 0.5780757 0.0234606 0.0000000 0.0396925 0.0195406 0.4741345 0.0709271 2.1866848 0.0758698 0.0277058 0.0268536 0.0110159 9.0000000 0.1877167 0.0195440 0.0468278 0.0479001 0.5938905 0.5096967 0.1318063 0.1461113 0.4549578 0.3419625 0.4321257 0.0173358 0.5006139 0.0471454 0.3608502 0.5172642 0.0149058 0.1539311 0.1801203 0.0088578 0.1402337 0.6116998 0.0321884 9.0000000 0.0196858 0.1113331 0.0817247 0.0268079 0.0122179 0.0138997 0.0161957 0.0257727 0.4378931 0.2419004 0.0088762 0.0116043 0.0149805 0.3838657 0.2639067 0.5188825 0.1874022 0.0525471 0.5696788 0.0329845 0.3958010 0.1339285 0.0118538 0.0177104 0.0907899 0.1568646 0.0122570 0.0371488 0.0108177 0.0286916 0.5105825 0.5656655 0.0649643 0.0172382 0.0333348 0.0370319 0.0297903 
Perityle_ambrosiifolia_67_green            0.4990346 0.4265870 0.1639349 0.2880876 0.1490742 0.2975651 0.1603718 0.4851006 0.4370541 0.1436270 0.5300851 0.0436436 0.0396925 0.0000000 0.0302855 0.4905907 0.0375206 2.7107819 0.0997015 0.0409484 0.0375322 0.0430521 9.0000000 0.0935594 0.0293551 0.0379301 0.0530060 0.4882297 0.4894870 0.1417610 0.2185186 0.5669084 0.4424164 0.6287799 0.0458272 0.5187564 0.0414063 0.4598418 0.5031685 0.0128454 0.0974992 0.1329350 0.0457364 0.1354209 0.5192444 0.0296488 9.0000000 0.0441919 0.1168483 0.1074910 0.0184122 0.0485204 0.0352811 0.0404913 0.0317350 0.4724646 0.3660441 0.0277526 0.0428804 0.0413328 0.3811505 0.3967562 0.5755575 0.3796670 0.0423196 0.4896301 0.0477230 0.4984605 0.1367714 0.0405496 0.0373302 0.0787646 0.1604314 0.0404141 0.0413486 0.0404966 0.0416856 0.5525594 0.5566378 0.0557118 0.0351830 0.0093328 0.0428670 0.0445240 
Perityle_angustifolia_13_Eagle_creek       0.2634889 0.2508573 0.0994460 0.2049678 0.0917160 0.1437257 0.2434761 0.2841238 0.3532069 0.0880085 0.2582752 0.0695934 0.0195406 0.0302855 0.0000000 0.4494551 0.0223565 0.1285767 0.1142874 0.0253277 0.0186791 0.0308629 0.0070727 0.1147027 0.0297621 0.0407341 0.0340670 0.4908101 0.3412537 0.1277174 0.1613895 0.3171364 0.3472238 0.2541802 0.0321309 0.3237206 0.0271152 0.2749722 0.2699365 0.0086701 0.1479090 0.1306029 0.0292564 0.1346889 0.3228458 0.0129006 0.0930191 0.0355303 0.0676745 0.1317943 0.0160312 0.0372096 0.0864832 0.0318737 0.0047122 0.3235261 0.3759349 0.0178638 0.0274227 0.0289680 0.2176656 0.2493618 0.3549898 0.3791179 0.0194901 0.3359390 0.0311504 0.2393004 0.1572730 0.0235032 0.0297408 0.0991343 0.1152681 0.0331066 0.0289634 0.0272656 0.1419206 0.2820420 0.3335787 0.0451895 0.0266300 0.0680106 0.0289927 0.0349402 
Perityle_batopilensis_97                   0.5245103 0.1388290 0.6462024 0.6343838 0.6034979 0.0319439 0.4877790 0.0842868 0.5223575 0.6122376 0.0680288 0.5601577 0.4741345 0.4905907 0.4494551 0.0000000 0.5894658 0.9467140 0.4540632 0.5622933 0.5953412 0.5459612 9.0000000 0.6163726 0.4131479 0.5933284 0.5893744 0.1306703 0.2221523 0.3588363 0.1777033 0.2131231 0.1695544 0.4368602 0.5898711 0.1838907 0.5831766 0.1024592 0.0032468 0.4738697 0.6442341 0.6069560 0.5457083 0.5862026 0.2200923 0.5847777 9.0000000 0.5914069 0.5770331 0.5365038 0.5565783 0.5817401 0.5663721 0.4163631 0.5438255 0.0758133 0.0805766 0.4029242 0.5728821 0.5716529 0.1925219 0.1511932 0.2332175 0.0214018 0.5793168 0.2376195 0.5820596 0.1910760 0.5929678 0.3587084 0.4330033 0.5828290 0.5287138 0.5634994 0.5443168 0.5557369 0.2551753 0.0777665 0.1452326 0.6384403 0.5699865 0.1734362 0.5669893 0.5880261 
Perityle_bisetosa_9                        0.4818334 0.4601370 0.2790971 0.3085246 0.1974707 0.3224109 0.1736029 0.4963437 0.5373604 0.2092874 0.6344809 0.0270148 0.0709271 0.0375206 0.0223565 0.5894658 0.0000000 2.7107819 0.0967362 0.0264925 0.0216276 0.0522795 9.0000000 0.1293154 0.0243248 0.0491530 0.0740691 0.5918939 0.6059493 0.1450862 0.2363383 0.5767736 0.4614326 0.6267345 0.0527349 0.5819012 0.0421239 0.4836889 0.6237980 0.0098806 0.1640184 0.1825194 0.0364205 0.1485970 0.6419394 0.0490082 9.0000000 0.0663416 0.1086542 0.1260693 0.0322138 0.0479809 0.0224894 0.0355256 0.0193517 0.5376338 0.3855577 0.0277430 0.0646725 0.0679952 0.4723750 0.4331477 0.6034794 0.3877009 0.0590362 0.6296154 0.0422343 0.5587299 0.1360858 0.0464146 0.0311567 0.0617275 0.1565194 0.0356024 0.0624365 0.0368506 0.0476042 0.6270527 0.6227306 0.1268231 0.0248384 0.0511023 0.0539655 0.0467414 
Perityle_californica_76_positas            0.2443208 0.1384275 0.1201106 0.2337016 0.1194853 0.0694412 0.7893260 0.1162760 0.3369933 0.1139548 0.1083184 0.7014024 2.1866848 2.7107819 0.1285767 0.9467140 2.7107819 0.0000000 0.1207642 2.1866848 0.1186908 2.1866848 0.1140831 1.0006052 2.1866848 0.8429906 2.1866848 0.8804424 0.2961119 0.1387022 0.1562576 0.0864427 9.0000000 0.0967349 2.1866848 0.1883311 2.1866848 0.2038866 0.1507060 2.7107819 0.9324180 0.1541256 2.1866848 0.1646293 0.2172675 2.1866848 0.0810790 2.1866848 0.9069860 0.1836058 2.2041646 2.1866848 0.8051034 2.1866848 2.7107819 0.2100965 1.0259431 9.0000000 2.1866848 2.1866848 0.1402052 0.0975545 0.1855201 9.0000000 2.3415805 0.2353181 2.1866848 0.1040838 0.8736262 0.0993906 1.3831099 0.8945757 0.1294127 0.8729217 2.1866848 2.1766631 0.2410772 0.1386213 0.2035248 0.1165764 1.0614519 0.1065796 2.1866848 2.1866848 
Perityle_canescens_77                      0.2783658 0.3118366 0.1505116 0.2407068 0.1366021 0.2002343 0.2723895 0.3091002 0.3721075 0.1269287 0.3350695 0.1371293 0.0758698 0.0997015 0.1142874 0.4540632 0.0967362 0.1207642 0.0000000 0.0873709 0.1147849 0.0830988 0.1334242 0.1809804 0.0804866 0.1082627 0.0804601 0.5053767 0.3081508 0.1413771 0.1709229 0.3142049 0.3298164 0.2504815 0.0924098 0.3042726 0.0958573 0.2461761 0.3275019 0.0792314 0.2374192 0.0855775 0.0813599 0.0865786 0.3136313 0.0777406 0.0996165 0.0842435 0.1135502 0.0939012 0.0823045 0.0867483 0.1410928 0.0768212 0.0897287 0.3046477 0.3635211 0.0720373 0.0851188 0.0848417 0.1815771 0.2179697 0.3404791 0.3488595 0.0777809 0.3004622 0.0813215 0.2700815 0.2192863 0.1016786 0.0873207 0.1656438 0.1223618 0.0900701 0.0848074 0.0810248 0.1787474 0.3288882 0.3196757 0.1192891 0.0943768 0.0675546 0.0853506 0.0818111 
Perityle_castillonii_96                    0.4893416 0.4882691 0.1357907 0.2942689 0.1336224 0.3564445 0.1691160 0.5354909 0.5044758 0.1277849 0.5804316 0.0205795 0.0277058 0.0409484 0.0253277 0.5622933 0.0264925 2.1866848 0.0873709 0.0000000 0.0124881 0.0341973 9.0000000 0.0534943 0.0224147 0.0279519 0.0341177 0.5546156 0.5480443 0.1504589 0.2540209 0.5923969 0.4081900 0.6020136 0.0353700 0.5399897 0.0212434 0.4563325 0.5712708 0.0156369 0.1630851 0.1055764 0.0312839 0.1094568 0.5899983 0.0112855 9.0000000 0.0365433 0.0699301 0.0959429 0.0235775 0.0368384 0.0203088 0.0334679 0.0180635 0.5465783 0.3841686 0.0250842 0.0291409 0.0303624 0.4498646 0.4574181 0.5921724 0.4144986 0.0207103 0.5526768 0.0319389 0.4961921 0.1166874 0.0480812 0.0274592 0.0374982 0.1471139 0.0304279 0.0288527 0.0278775 0.0494557 0.5863413 0.5702346 0.0876033 0.0164540 0.0476467 0.0304818 0.0364767 
Perityle_cernua_84                         0.2556150 0.2652290 0.1672185 0.2484794 0.1151856 0.1402073 0.2789828 0.2968167 0.4359303 0.1659161 0.3748750 0.0654625 0.0268536 0.0375322 0.0186791 0.5953412 0.0216276 0.1186908 0.1147849 0.0124881 0.0000000 0.0287572 0.0182973 0.1696324 0.0156402 0.0450596 0.0394754 0.6185867 0.4068079 0.1293010 0.1606690 0.3090344 0.4605177 0.2933924 0.0334045 0.3641394 0.0198349 0.3225162 0.3514751 0.0128443 0.1964316 0.1558016 0.0284377 0.1514801 0.4127936 0.0106828 0.0847930 0.0366279 0.1155603 0.1580020 0.0221427 0.0337214 0.0756107 0.0287496 0.0153993 0.4128437 0.3767621 0.0197507 0.0295006 0.0340082 0.2539826 0.2444944 0.4113644 0.3870712 0.0213747 0.4359224 0.0367134 0.3162125 0.1834890 0.0344128 0.0211805 0.1338544 0.1374071 0.0405184 0.0249165 0.0327013 0.1330793 0.3664553 0.4101156 0.0996100 0.0353799 0.0880678 0.0361380 0.0357847 
Perityle_cfvillosa_25_tin                  0.4554383 0.4190405 0.2003224 0.2958801 0.1698966 0.2915492 0.1734942 0.4855769 0.4717405 0.1520180 0.5751262 0.0273183 0.0110159 0.0430521 0.0308629 0.5459612 0.0522795 2.1866848 0.0830988 0.0341973 0.0287572 0.0000000 9.0000000 0.1307717 0.0281508 0.0068734 0.0423272 0.5571155 0.5496380 0.1409531 0.2190840 0.5596997 0.4101521 0.6224128 0.0208782 0.5426243 0.0366329 0.4278703 0.5647157 0.0205882 0.1492652 0.1394029 0.0053108 0.1349549 0.5928789 0.0310392 9.0000000 0.0152589 0.0740988 0.0956774 0.0287653 0.0143350 0.0098192 0.0353537 0.0328546 0.5083807 0.3499193 0.0241552 0.0043244 0.0043095 0.3686850 0.3897420 0.5669466 0.3708832 0.0258270 0.5551425 0.0383960 0.4729570 0.1249021 0.0153474 0.0162512 0.0730097 0.1460197 0.0097641 0.0033902 0.0098246 0.0281656 0.5733916 0.5727281 0.0652280 0.0213344 0.0296314 0.0265562 0.0389669 
Perityle_cinerea_113_Powell1310            0.0764679 0.0494970 0.0621756 0.0933692 0.0475426 0.0476402 0.6819917 0.0737802 0.1622799 0.0533651 0.0605946 0.7355187 9.0000000 9.0000000 0.0070727 9.0000000 9.0000000 0.1140831 0.1334242 9.0000000 0.0182973 9.0000000 0.0000000 0.8988323 9.0000000 0.6403463 9.0000000 0.6674131 0.1027034 0.0967101 0.0702326 0.1132057 9.0000000 0.0470074 9.0000000 0.1397618 9.0000000 0.1354570 0.0394912 9.0000000 0.6890265 0.1656824 9.0000000 0.1596548 0.1262123 9.0000000 0.0942924 9.0000000 0.8198540 0.1518066 9.0000000 9.0000000 0.7482829 9.0000000 9.0000000 0.0998542 9.0000000 9.0000000 9.0000000 9.0000000 0.1316215 0.1004953 0.1319857 9.0000000 9.0000000 0.1222980 9.0000000 0.0812910 0.6564427 0.0108526 9.0000000 0.7910828 0.1066999 0.9557531 9.0000000 9.0000000 0.2294343 0.0582750 0.1413674 0.0382824 1.0652644 0.1224469 9.0000000 9.0000000 
Perityle_coahuilensis_24                   0.7340257 0.4548879 0.3834460 0.4104992 0.2209062 0.4055500 0.2753712 0.5106340 0.6203262 0.3309296 0.7322384 0.0849853 0.1877167 0.0935594 0.1147027 0.6163726 0.1293154 1.0006052 0.1809804 0.0534943 0.1696324 0.1307717 0.8988323 0.0000000 0.0257371 0.1345667 0.1600186 0.6846696 0.7604293 0.1643096 0.2489755 0.6659920 0.5325621 0.7132103 0.1339456 0.6930523 0.1226614 0.6142292 0.6771504 0.0826961 0.2432119 0.3113875 0.0504505 0.2832235 0.7933407 0.1276110 0.8370534 0.1411729 0.1265926 0.2188449 0.1126957 0.1312770 0.0842523 0.0387965 0.0533236 0.6276242 0.3652253 0.0216023 0.1392802 0.1421454 0.5142224 0.4608812 0.6938651 0.3771611 0.1442190 0.8032312 0.1237028 0.6476282 0.2365606 0.0656699 0.0273394 0.0077480 0.2226841 0.0919234 0.1462249 0.0918442 0.1618517 0.7109131 0.7517563 0.3199498 0.0809247 0.1341974 0.1213817 0.1240963 
Perityle_cochisensis_44_cave_creek         0.4960217 0.4229902 0.1123855 0.2456755 0.0978628 0.2865691 0.1286677 0.4867660 0.3801485 0.0875664 0.4569246 0.0231129 0.0195440 0.0293551 0.0297621 0.4131479 0.0243248 2.1866848 0.0804866 0.0224147 0.0156402 0.0281508 9.0000000 0.0257371 0.0000000 0.0246693 0.0391843 0.4138134 0.4006612 0.1460489 0.2253091 0.5440372 0.3518249 0.5291961 0.0297060 0.4387996 0.0206930 0.3887502 0.4233557 0.0141230 0.1034771 0.0939598 0.0282298 0.0970204 0.4322910 0.0105077 9.0000000 0.0296565 0.0461203 0.0831935 0.0210578 0.0333693 0.0123503 0.0361753 0.0262839 0.4036787 0.3646354 0.0280674 0.0262083 0.0261272 0.3648557 0.3980515 0.5214060 0.3842774 0.0265928 0.4034499 0.0339198 0.3817288 0.0922612 0.0408580 0.0242974 0.0139442 0.1092046 0.0245542 0.0261802 0.0209246 0.0392370 0.4627240 0.4443905 0.0262550 0.0210477 0.0126028 0.0261847 0.0359922 
Perityle_congesta_202                      0.4943637 0.4601783 0.2598072 0.3027372 0.1930211 0.3306738 0.1945730 0.5203130 0.5449477 0.2199392 0.6430265 0.0266371 0.0468278 0.0379301 0.0407341 0.5933284 0.0491530 0.8429906 0.1082627 0.0279519 0.0450596 0.0068734 0.6403463 0.1345667 0.0246693 0.0000000 0.0620642 0.6353488 0.6206612 0.1653943 0.2541382 0.5815942 0.4578617 0.6342109 0.0151225 0.5868374 0.0470488 0.4966653 0.6336218 0.0172147 0.1717354 0.1713238 0.0076500 0.1370662 0.6959026 0.0430482 0.6718470 0.0224128 0.0782964 0.1381577 0.0228064 0.0051996 0.0151386 0.0341478 0.0275673 0.5637045 0.3537404 0.0218714 0.0262991 0.0390257 0.4825971 0.4167382 0.6041579 0.3900599 0.0447854 0.6799978 0.0365184 0.5713570 0.1477345 0.0514006 0.0130333 0.0675143 0.1565845 0.0050786 0.0373805 0.0093913 0.0655864 0.6422213 0.6443383 0.1350518 0.0186226 0.0439952 0.0188147 0.0358632 
Perityle_cordifolia_27                     0.4453728 0.4470263 0.2624643 0.3028138 0.1865582 0.3373910 0.1668867 0.5151607 0.5198904 0.2031661 0.6694345 0.0297894 0.0479001 0.0530060 0.0340670 0.5893744 0.0740691 2.1866848 0.0804601 0.0341177 0.0394754 0.0423272 9.0000000 0.1600186 0.0391843 0.0620642 0.0000000 0.6472104 0.6082410 0.1384137 0.2534914 0.5672617 0.4690409 0.6165783 0.0498643 0.5860668 0.0542532 0.4872979 0.6185543 0.0316623 0.1784323 0.1690645 0.0390727 0.1410643 0.6974859 0.0460091 9.0000000 0.0560245 0.1191307 0.1158759 0.0418729 0.0477849 0.0341855 0.0032641 0.0312534 0.5334008 0.3521710 0.0295229 0.0448683 0.0511154 0.3834966 0.4245756 0.6153951 0.3740325 0.0426345 0.6584837 0.0054752 0.5441226 0.1341654 0.0615703 0.0399284 0.0772109 0.1551755 0.0409132 0.0580046 0.0446571 0.0481682 0.6255985 0.6538470 0.1169845 0.0275381 0.0480825 0.0628037 0.0264446 
Perityle_cordifolia_68_tecolote            0.7171918 0.2460725 0.7359124 0.7090931 0.7334085 0.1719334 0.5326644 0.2549883 0.5677497 0.6441832 0.2491166 0.5524002 0.5938905 0.4882297 0.4908101 0.1306703 0.5918939 0.8804424 0.5053767 0.5546156 0.6185867 0.5571155 0.6674131 0.6846696 0.4138134 0.6353488 0.6472104 0.0000000 0.2996418 0.4431390 0.2877334 0.3417933 0.2014349 0.5438833 0.5874413 0.2741874 0.5826236 0.1750344 0.2258030 0.4720080 0.6269323 0.6926449 0.5158319 0.6477481 0.3171514 0.6006274 0.8007711 0.5850243 0.5737562 0.5981094 0.5646582 0.5669140 0.5534938 0.4169171 0.5334509 0.1497579 0.0064168 0.3949120 0.5905860 0.6124598 0.2855328 0.2143413 0.2759378 0.0893856 0.6426033 0.3125847 0.5654767 0.2938018 0.5918609 0.4506532 0.4268013 0.5915155 0.5756704 0.5578372 0.6295266 0.5242707 0.3546419 0.2037004 0.2735331 0.6247167 0.5781360 0.2486738 0.5848949 0.5766156 
Perityle_coronopifolia_28_patagonia        0.3512376 0.1575022 0.5000669 0.4839718 0.4230147 0.0577978 0.5758735 0.1192054 0.5125002 0.4379270 0.2954619 0.5691351 0.5096967 0.4894870 0.3412537 0.2221523 0.6059493 0.2961119 0.3081508 0.5480443 0.4068079 0.5496380 0.1027034 0.7604293 0.4006612 0.6206612 0.6082410 0.2996418 0.0000000 0.2700121 0.1811309 0.2659430 0.1799730 0.3375571 0.6093276 0.2167891 0.5713443 0.1690141 0.2841781 0.4574087 0.6419573 0.4838043 0.5388411 0.4393716 0.3205129 0.5983225 0.1304140 0.6159252 0.6111170 0.4350626 0.5504203 0.5872695 0.5775450 0.3988270 0.5235320 0.1456246 0.0715513 0.3860960 0.5831552 0.5906369 0.0666117 0.0873604 0.1625989 0.0554572 0.5810248 0.0289740 0.5694681 0.2646188 0.6438218 0.2399089 0.4280944 0.6510578 0.3665087 0.5691615 0.5402237 0.5693887 0.2943854 0.2635163 0.3148312 0.5159728 0.5876259 0.1361029 0.5772963 0.5918594 
Perityle_crassifolia_70_ventanas           0.1826836 0.2580757 0.1151941 0.2231551 0.1201364 0.1869743 0.2077040 0.2367884 0.3102908 0.0715481 0.2808499 0.1540716 0.1318063 0.1417610 0.1277174 0.3588363 0.1450862 0.1387022 0.1413771 0.1504589 0.1293010 0.1409531 0.0967101 0.1643096 0.1460489 0.1653943 0.1384137 0.4431390 0.2700121 0.0000000 0.1068060 0.2791997 0.2704328 0.1950369 0.1360124 0.2918752 0.1434917 0.2369146 0.2535954 0.1275491 0.1979727 0.1565676 0.1409212 0.1529954 0.2764399 0.1345418 0.0912993 0.1361452 0.1729151 0.1534464 0.1283374 0.1469526 0.1635759 0.1340320 0.1385027 0.2696278 0.3689117 0.0950171 0.1394114 0.1391274 0.2745157 0.2582621 0.3150712 0.2960379 0.1234365 0.2761904 0.1347243 0.2178209 0.2131540 0.1159877 0.1474618 0.1606068 0.0542834 0.1457890 0.1380779 0.1383289 0.1507309 0.2609272 0.2681416 0.1147663 0.1493182 0.0711560 0.1366399 0.1155511 
Perityle_crassifolia_74_playa_balandra     0.1949196 0.1949571 0.1754818 0.2460258 0.1690539 0.0903877 0.3218705 0.1731272 0.2590880 0.1335032 0.1693937 0.2358554 0.1461113 0.2185186 0.1613895 0.1777033 0.2363383 0.1562576 0.1709229 0.2540209 0.1606690 0.2190840 0.0702326 0.2489755 0.2253091 0.2541382 0.2534914 0.2877334 0.1811309 0.1068060 0.0000000 0.3216020 0.3436038 0.2670738 0.2139801 0.2896801 0.2367694 0.2571315 0.1501282 0.2184586 0.2647345 0.2095625 0.2288652 0.1973488 0.2841891 0.2376268 0.0589753 0.2280108 0.2385644 0.1960788 0.2137736 0.2092408 0.2554372 0.2292112 0.2243207 0.1843192 0.1891394 0.2256652 0.2149435 0.2156455 0.2222077 0.1549415 0.2031450 0.1864968 0.2169263 0.1772646 0.2443847 0.2825551 0.3227063 0.1829340 0.2043244 0.2481972 0.1330438 0.2317141 0.2149435 0.2103194 0.2103642 0.1580887 0.2661002 0.1540661 0.2651444 0.1147078 0.2115140 0.2207289 
Perityle_cuneata_34_cuneata_San_antonio    0.3284121 0.1819340 0.2822895 0.4071206 0.3097963 0.0753540 0.6348515 0.1327676 0.3974636 0.2761990 0.1821998 0.5757894 0.4549578 0.5669084 0.3171364 0.2131231 0.5767736 0.0864427 0.3142049 0.5923969 0.3090344 0.5596997 0.1132057 0.6659920 0.5440372 0.5815942 0.5672617 0.3417933 0.2659430 0.2791997 0.3216020 0.0000000 0.1402941 0.2839710 0.5753777 0.2228028 0.5682351 0.2201215 0.1875257 0.5609641 0.6359866 0.3416858 0.5485627 0.3497076 0.2395479 0.5695011 0.0576173 0.5783191 0.5992623 0.3453335 0.5539062 0.5683767 0.5956469 0.5388821 0.5721234 0.2109051 0.2789804 0.5619011 0.5562282 0.5584254 0.2778359 0.1366450 0.2170909 0.2277751 0.5615376 0.2370480 0.5602446 0.1428076 0.6081479 0.2976963 0.5469361 0.6470599 0.3656313 0.5622538 0.5613994 0.5647015 0.3680213 0.2101816 0.2161833 0.3115026 0.5767517 0.2427157 0.5514994 0.5570098 
Perityle_cuneata_4                         0.5938932 0.1677539 0.5002982 0.5206898 0.4487873 0.0484752 0.4050179 0.1488104 0.3069490 0.4844012 0.1905820 0.4474657 0.3419625 0.4424164 0.3472238 0.1695544 0.4614326 9.0000000 0.3298164 0.4081900 0.4605177 0.4101521 9.0000000 0.5325621 0.3518249 0.4578617 0.4690409 0.2014349 0.1799730 0.2704328 0.3436038 0.1402941 0.0000000 0.5044156 0.4597547 0.1970161 0.4702677 0.1637746 0.1870468 0.4441295 0.4673194 0.5223902 0.3727020 0.5124217 0.2015134 0.4624285 9.0000000 0.4606418 0.4550101 0.3898822 0.4398526 0.4460109 0.4517280 0.3626281 0.3858792 0.1080684 0.1050323 0.3700519 0.4140274 0.4169752 0.1716730 0.1606571 0.2162900 0.1034369 0.4506928 0.1815573 0.4683883 0.1095845 0.4806987 0.3507172 0.3550025 0.4552128 0.4600065 0.4426380 0.4141285 0.4383489 0.2188137 0.1842091 0.2086487 0.4369559 0.4575203 0.1742417 0.4109479 0.4685849 
Perityle_discoidea_81                      0.2659746 0.2199444 0.2668278 0.3445207 0.2791624 0.1064695 0.6223688 0.2550847 0.4018076 0.2141504 0.2700685 0.5998808 0.4321257 0.6287799 0.2541802 0.4368602 0.6267345 0.0967349 0.2504815 0.6020136 0.2933924 0.6224128 0.0470074 0.7132103 0.5291961 0.6342109 0.6165783 0.5438833 0.3375571 0.1950369 0.2670738 0.2839710 0.5044156 0.0000000 0.6063030 0.3314544 0.6269185 0.3013859 0.2586793 0.6026182 0.6474678 0.3666496 0.5809524 0.3748732 0.3350698 0.6327260 0.0655299 0.6303833 0.6030535 0.3574313 0.6146720 0.6220062 0.6376672 0.5398841 0.6055897 0.3127300 0.4136109 0.5111190 0.6140191 0.6167491 0.1810345 0.1955339 0.3298960 0.3754000 0.6057894 0.3390128 0.6176783 0.2673379 0.6282136 0.2331773 0.5410704 0.6779524 0.3665433 0.6073442 0.6189177 0.6022862 0.2658651 0.2663138 0.3400617 0.2924972 0.6145092 0.1538623 0.6135040 0.5891325 
Perityle_dissecta_201                      0.4889226 0.4437380 0.2360480 0.2902924 0.1635698 0.3069408 0.1772910 0.5038029 0.5276689 0.1991572 0.6323107 0.0293695 0.0173358 0.0458272 0.0321309 0.5898711 0.0527349 2.1866848 0.0924098 0.0353700 0.0334045 0.0208782 9.0000000 0.1339456 0.0297060 0.0151225 0.0498643 0.5874413 0.6093276 0.1360124 0.2139801 0.5753777 0.4597547 0.6063030 0.0000000 0.5801075 0.0428832 0.4811588 0.6178154 0.0243373 0.1658963 0.1540119 0.0178293 0.1433024 0.6475922 0.0371578 9.0000000 0.0307498 0.0879535 0.1250368 0.0335790 0.0202825 0.0214829 0.0372478 0.0337111 0.5377596 0.3829422 0.0256448 0.0197470 0.0236443 0.4674951 0.4150253 0.5917649 0.3925463 0.0282263 0.6230156 0.0457022 0.5483849 0.1280025 0.0151650 0.0145382 0.0733744 0.1400214 0.0170693 0.0170032 0.0160858 0.0303376 0.6209926 0.6119296 0.1125129 0.0227493 0.0355951 0.0394608 0.0416072 
Perityle_feddemae_99                       0.3735618 0.1499986 0.4163558 0.4463130 0.3897137 0.0956840 0.5651901 0.1413318 0.4423969 0.3617084 0.2179448 0.5473544 0.5006139 0.5187564 0.3237206 0.1838907 0.5819012 0.1883311 0.3042726 0.5399897 0.3641394 0.5426243 0.1397618 0.6930523 0.4387996 0.5868374 0.5860668 0.2741874 0.2167891 0.2918752 0.2896801 0.2228028 0.1970161 0.3314544 0.5801075 0.0000000 0.5757714 0.1203432 0.2212983 0.4864678 0.6322669 0.2965341 0.5133305 0.3069012 0.1918904 0.5719983 0.0700242 0.5742433 0.5708499 0.2601876 0.5610232 0.5589723 0.5510289 0.4481710 0.5248614 0.1806248 0.0985603 0.4202659 0.5576274 0.5513438 0.1377821 0.0967185 0.1684626 0.1098972 0.5597090 0.1860194 0.5705991 0.2123572 0.6286029 0.2848328 0.4568599 0.6112411 0.3832166 0.5407383 0.5548516 0.5397239 0.2817798 0.1938282 0.1943792 0.3881578 0.5498735 0.1592501 0.5419657 0.5605758 
Perityle_fosteri_93                        0.4965640 0.4405058 0.2113450 0.3031873 0.1659217 0.3050149 0.1768028 0.4967382 0.5042633 0.1762247 0.6020830 0.0265605 0.0471454 0.0414063 0.0271152 0.5831766 0.0421239 2.1866848 0.0958573 0.0212434 0.0198349 0.0366329 9.0000000 0.1226614 0.0206930 0.0470488 0.0542532 0.5826236 0.5713443 0.1434917 0.2367694 0.5682351 0.4702677 0.6269185 0.0428832 0.5757714 0.0000000 0.4638405 0.5886896 0.0154896 0.1642896 0.1436403 0.0389948 0.1379750 0.6112167 0.0138183 9.0000000 0.0500295 0.1129197 0.1001688 0.0263977 0.0396337 0.0263672 0.0285096 0.0205017 0.5292535 0.3717803 0.0195448 0.0476650 0.0520641 0.4365279 0.4156319 0.5956558 0.3899660 0.0395485 0.5909349 0.0408892 0.5504338 0.1313686 0.0496341 0.0291523 0.0726345 0.1537640 0.0368337 0.0433256 0.0383144 0.0469051 0.6059688 0.5892022 0.0931260 0.0254708 0.0476402 0.0492037 0.0394203 
Perityle_gamon_221                         0.2871335 0.1190953 0.3121664 0.4173255 0.3107711 0.1037072 0.5129683 0.1411557 0.3636496 0.3059932 0.1664268 0.4890419 0.3608502 0.4598418 0.2749722 0.1024592 0.4836889 0.2038866 0.2461761 0.4563325 0.3225162 0.4278703 0.1354570 0.6142292 0.3887502 0.4966653 0.4872979 0.1750344 0.1690141 0.2369146 0.2571315 0.2201215 0.1637746 0.3013859 0.4811588 0.1203432 0.4638405 0.0000000 0.1677319 0.4367945 0.5321384 0.3523157 0.4199853 0.3333282 0.0305967 0.4794491 0.1013622 0.4798752 0.4976569 0.3187276 0.4588814 0.4732955 0.5035825 0.3906939 0.4397516 0.1126386 0.0919629 0.4002202 0.4430856 0.4619619 0.1339268 0.0913275 0.1527448 0.1163017 0.4487235 0.1557470 0.4626570 0.2072649 0.5573148 0.2661603 0.3971121 0.5719933 0.3267729 0.4803024 0.4382964 0.4761807 0.2709918 0.1838195 0.1328365 0.3391877 0.5032812 0.1265405 0.4436209 0.4629273 
Perityle_gentryi_8_san_francisco           0.2591058 0.1345428 0.4050331 0.3951020 0.3509206 0.0392661 0.5657486 0.0928800 0.4436615 0.3711073 0.1250257 0.5934303 0.5172642 0.5031685 0.2699365 0.0032468 0.6237980 0.1507060 0.3275019 0.5712708 0.3514751 0.5647157 0.0394912 0.6771504 0.4233557 0.6336218 0.6185543 0.2258030 0.2841781 0.2535954 0.1501282 0.1875257 0.1870468 0.2586793 0.6178154 0.2212983 0.5886896 0.1677319 0.0000000 0.4849012 0.6814881 0.4318346 0.5480844 0.4062568 0.2673068 0.6011290 0.1318281 0.6180034 0.6044401 0.3883194 0.5742778 0.6116019 0.6099776 0.4259742 0.5512192 0.1377179 0.0985682 0.4096001 0.5928391 0.6155385 0.1758258 0.1376047 0.2201880 0.0426143 0.6041979 0.2662478 0.5855800 0.1820167 0.6451089 0.2107619 0.4455071 0.6215542 0.3530012 0.5892305 0.5692839 0.5833259 0.2690639 0.1133068 0.2237171 0.4386396 0.6036204 0.1506179 0.5871935 0.6163092 
Perityle_gilensis_22_Superstition          0.4775333 0.4190175 0.1399422 0.2561576 0.1285011 0.3012137 0.1394927 0.4781360 0.4039158 0.1193197 0.5169087 0.0174457 0.0149058 0.0128454 0.0086701 0.4738697 0.0098806 2.7107819 0.0792314 0.0156369 0.0128443 0.0205882 9.0000000 0.0826961 0.0141230 0.0172147 0.0316623 0.4720080 0.4574087 0.1275491 0.2184586 0.5609641 0.4441295 0.6026182 0.0243373 0.4864678 0.0154896 0.4367945 0.4849012 0.0000000 0.0700652 0.1155977 0.0229165 0.1197910 0.4777644 0.0056864 9.0000000 0.0241240 0.1014432 0.0842408 0.0056887 0.0258244 0.0086121 0.0257402 0.0061983 0.4378901 0.3498610 0.0139761 0.0204748 0.0189574 0.3790418 0.3922951 0.5649500 0.3670596 0.0174613 0.4569295 0.0259458 0.4742177 0.1146519 0.0285585 0.0205364 0.0624119 0.1406359 0.0187070 0.0189895 0.0188970 0.0279705 0.5286149 0.5218828 0.0172594 0.0116053 0.0031774 0.0204788 0.0242134 
Perityle_gilensis_salensis_225             0.5910841 0.4830431 0.3155624 0.3886179 0.2988162 0.3722025 0.2353405 0.5079108 0.6408266 0.3195830 0.6922029 0.1798512 0.1539311 0.0974992 0.1479090 0.6442341 0.1640184 0.9324180 0.2374192 0.1630851 0.1964316 0.1492652 0.6890265 0.2432119 0.1034771 0.1717354 0.1784323 0.6269323 0.6419573 0.1979727 0.2647345 0.6359866 0.4673194 0.6474678 0.1658963 0.6322669 0.1642896 0.5321384 0.6814881 0.0700652 0.0000000 0.2872544 0.1748495 0.2633485 0.6659274 0.1577245 0.7774334 0.1625804 0.2651542 0.2888223 0.1241419 0.1696295 0.1769439 0.1126640 0.1521130 0.5859400 0.4448053 0.0533220 0.1604244 0.1613308 0.6306824 0.4609930 0.6200484 0.4021411 0.1590262 0.6714239 0.1642977 0.5875108 0.2744569 0.0532683 0.1178085 0.2311159 0.2170359 0.1735670 0.1238114 0.1726229 0.0987007 0.6834263 0.6697881 0.2510975 0.1621742 0.1099057 0.1630595 0.1748882 
Perityle_glaucescens_94                    0.3458829 0.3156155 0.2562528 0.3177702 0.2486772 0.2252203 0.3130723 0.3465990 0.4941083 0.2218295 0.4330725 0.1668056 0.1801203 0.1329350 0.1306029 0.6069560 0.1825194 0.1541256 0.0855775 0.1055764 0.1558016 0.1394029 0.1656824 0.3113875 0.0939598 0.1713238 0.1690645 0.6926449 0.4838043 0.1565676 0.2095625 0.3416858 0.5223902 0.3666496 0.1540119 0.2965341 0.1436403 0.3523157 0.4318346 0.1155977 0.2872544 0.0000000 0.1014298 0.0139290 0.4793266 0.1632065 0.0964362 0.1590370 0.1958162 0.0462843 0.1386078 0.1373888 0.1638068 0.0965816 0.1075564 0.4278246 0.4118632 0.0844653 0.1513412 0.1781303 0.2479081 0.2382069 0.4186097 0.4286118 0.1643893 0.5039228 0.1229104 0.3625422 0.2244694 0.1165415 0.0950784 0.2286570 0.1581587 0.1400776 0.1630497 0.1327558 0.1550424 0.4182023 0.4592888 0.2111509 0.1358204 0.0944636 0.1350168 0.1330738 
Perityle_gracilis_11                       0.4710879 0.4464133 0.1382642 0.2829581 0.1351477 0.3158266 0.1673707 0.5038072 0.4993468 0.1266706 0.5664527 0.0249374 0.0088578 0.0457364 0.0292564 0.5457083 0.0364205 2.1866848 0.0813599 0.0312839 0.0284377 0.0053108 9.0000000 0.0504505 0.0282298 0.0076500 0.0390727 0.5158319 0.5388411 0.1409212 0.2288652 0.5485627 0.3727020 0.5809524 0.0178293 0.5133305 0.0389948 0.4199853 0.5480844 0.0229165 0.1748495 0.1014298 0.0000000 0.1032050 0.5637955 0.0301985 9.0000000 0.0075216 0.0277612 0.0913050 0.0270656 0.0165251 0.0089460 0.0358589 0.0297706 0.5210586 0.3613452 0.0219289 0.0012598 0.0025159 0.4560093 0.4056435 0.5746959 0.3932528 0.0210434 0.5476615 0.0342550 0.4731983 0.1160983 0.0153350 0.0162843 0.0382671 0.1227862 0.0101379 0.0013899 0.0063286 0.0276717 0.5697328 0.5379878 0.0934100 0.0195341 0.0330736 0.0025256 0.0385472 
Perityle_harkerae_31                       0.3392966 0.3023407 0.1890459 0.3187192 0.1918867 0.2103425 0.3128928 0.3394190 0.4609424 0.1760086 0.4163442 0.1623827 0.1402337 0.1354209 0.1346889 0.5862026 0.1485970 0.1646293 0.0865786 0.1094568 0.1514801 0.1349549 0.1596548 0.2832235 0.0970204 0.1370662 0.1410643 0.6477481 0.4393716 0.1529954 0.1973488 0.3497076 0.5124217 0.3748732 0.1433024 0.3069012 0.1379750 0.3333282 0.4062568 0.1197910 0.2633485 0.0139290 0.1032050 0.0000000 0.4266565 0.1392279 0.0953337 0.1410307 0.1832939 0.0281006 0.1391223 0.1383462 0.1604052 0.0998578 0.1086356 0.4135617 0.3866369 0.0841813 0.1362059 0.1358096 0.2375860 0.2200338 0.4127293 0.4116549 0.1404470 0.4429244 0.1280947 0.3631528 0.2261449 0.1107814 0.0980638 0.2318758 0.1567629 0.1275805 0.1319595 0.1223038 0.1696309 0.4192151 0.4163803 0.1813046 0.1278560 0.0983307 0.1385058 0.1287417 
Perityle_hofmeisteria_4_nombre_de_dios     0.2919625 0.1264148 0.4921778 0.4791083 0.4575247 0.0998387 0.5379393 0.1456528 0.5184137 0.3972347 0.2869927 0.5962022 0.6116998 0.5192444 0.3228458 0.2200923 0.6419394 0.2172675 0.3136313 0.5899983 0.4127936 0.5928789 0.1262123 0.7933407 0.4322910 0.6959026 0.6974859 0.3171514 0.3205129 0.2764399 0.2841891 0.2395479 0.2015134 0.3350698 0.6475922 0.1918904 0.6112167 0.0305967 0.2673068 0.4777644 0.6659274 0.4793266 0.5637955 0.4266565 0.0000000 0.6238176 0.0975188 0.6449929 0.6226590 0.4063153 0.6149855 0.6408806 0.6007471 0.4499393 0.5685687 0.1673503 0.1015510 0.4086933 0.6340788 0.6635215 0.2032216 0.0963216 0.1918862 0.1272244 0.6921457 0.3246870 0.6147823 0.2429412 0.6551281 0.2648485 0.4578256 0.6711275 0.3618205 0.5967462 0.6467472 0.5927284 0.2676502 0.2135173 0.2518274 0.5355486 0.6115383 0.1374215 0.6169845 0.6371247 
