79
Amauria_brandeegeana_62                    0.0000000 0.1587434 0.1349793 0.4147231 0.2460267 0.2967005 0.2020737 0.3680290 0.2158071 0.3369447 0.2509847 0.2134464 0.2259939 0.1407138 0.1389122 0.2615805 0.3898830 0.2515398 0.3106621 0.1943625 0.1710488 0.1741211 0.2315133 0.2192943 0.2587420 0.2464552 0.2965738 0.2337695 0.2464931 0.1256221 0.0919333 0.3877806 0.1671712 0.2839830 0.3028490 0.2398780 0.2504716 0.2007396 0.2251181 0.1812126 0.2700652 0.2734751 0.0990628 0.1710465 0.2483375 0.1938850 0.2260084 0.2283184 0.1979008 0.2248889 0.2338101 0.2960805 0.2490422 0.2178313 0.1076614 0.2100517 0.3188804 0.1308531 0.3636927 0.1643643 0.3277348 0.2586326 0.2263159 0.2362049 0.1601882 0.1079746 0.1965573 0.2272580 0.2832108 0.2696182 0.1946489 0.2654786 0.1663648 0.2464266 0.2188601 0.1230100 0.2009372 0.2054165 0.1029084 
Amauria_carterae_99_mesa                   0.1587434 0.0000000 0.1655220 0.3011434 0.1798319 0.2477901 0.2063188 0.2770496 0.1293249 0.2546810 0.3542489 0.1469016 0.1388040 0.1115063 0.1262576 0.3101017 0.3873823 0.1966961 0.1995613 0.1204137 0.1403244 0.1472599 0.1463138 0.1531233 0.1401306 0.1852298 0.2026778 0.1606319 0.2157477 0.1866244 0.1174906 0.4717786 0.1250605 0.3270270 0.1870070 0.1536661 0.1470190 0.1523411 0.1538292 0.1381596 0.1561125 0.2057289 0.1764216 0.1426135 0.1507175 0.1551935 0.1541243 0.1524567 0.1492594 0.1762161 0.1650888 0.2581124 0.1168774 0.1852877 0.1519591 0.1513103 0.2429911 0.1624869 0.2771690 0.1727975 0.3990594 0.2190474 0.1821266 0.1753627 0.1473069 0.1922337 0.1503480 0.1455943 0.2367822 0.1454445 0.1067939 0.1774143 0.1149498 0.1588077 0.1729959 0.1897331 0.1305319 0.2195978 0.1440758 
Amauria_rotundifolia_SRR9119150            0.1349793 0.1655220 0.0000000 0.3739563 0.2085993 0.2757262 0.1797307 0.3302759 0.1918451 0.3181603 0.2767188 0.1990026 0.1994902 0.1024142 0.1061655 0.2199181 0.4171759 0.2320813 0.2832572 0.1736702 0.1565967 0.1414030 0.2035182 0.1991139 0.2350028 0.2150127 0.2529718 0.2042154 0.2188967 0.1067216 0.1012636 0.3539900 0.1438971 0.2685494 0.2628942 0.2178069 0.2074802 0.1792550 0.2016100 0.1573213 0.2301642 0.2482858 0.0985842 0.1246125 0.2254628 0.1743131 0.1942795 0.2073748 0.1864142 0.1913477 0.2100221 0.2693473 0.2096661 0.2019152 0.1187085 0.1859024 0.2771149 0.1352135 0.2938681 0.1421697 0.2926572 0.2272086 0.1931633 0.2190151 0.1783521 0.1301817 0.1816284 0.1988130 0.2703552 0.2497013 0.1640126 0.2289938 0.1300398 0.2237640 0.2017330 0.1361890 0.1954694 0.2265428 0.1170658 
Conoclinium_coelestinum_SRR9119114         0.4147231 0.3011434 0.3739563 0.0000000 0.2604077 0.0862224 0.2383381 0.4172087 0.3372059 0.3373959 1.0136670 0.3088406 0.2666970 0.1932799 9.0000000 0.2530994 9.0000000 0.4848689 0.3527006 0.2885869 0.2707486 0.1724287 0.2676451 0.2724609 0.3056537 0.2838944 0.3268961 0.2769362 0.7191642 0.3287640 9.0000000 0.3232004 0.2624954 0.9270599 0.3493795 0.2927562 0.3079907 0.2642748 0.2612451 0.2767977 0.3675310 0.3661363 9.0000000 0.1966662 0.3051469 0.3132613 0.2751620 0.2805927 0.3028242 0.2832196 0.3562537 0.5501524 0.3085000 0.2871026 0.5069073 0.2951321 0.3335518 9.0000000 0.2396826 0.2849987 0.2723393 0.5409753 0.2846082 0.3216247 9.0000000 9.0000000 0.2805940 0.2669305 0.5772839 0.3133397 0.2055210 0.3211934 0.2138183 0.2752420 0.3683139 9.0000000 0.2665195 9.0000000 0.3583661 
Eutetras_palmeri_63                        0.2460267 0.1798319 0.2085993 0.2604077 0.0000000 0.2263988 0.1708283 0.3472323 0.1696421 0.2075132 0.3611586 0.0994226 0.1255262 0.0515683 0.1350704 0.1768467 0.3225957 0.2579051 0.1905202 0.0909780 0.1067094 0.0974660 0.1355772 0.1162910 0.1580730 0.1475097 0.2042249 0.2345716 0.2248458 0.1090139 0.1082915 0.3484649 0.1170749 0.3017596 0.2359066 0.1403610 0.1321804 0.1383273 0.1387236 0.0810698 0.2003966 0.2463246 0.0894205 0.1051910 0.1276569 0.1062276 0.1227675 0.1385018 0.0866724 0.1278179 0.1159826 0.2977211 0.1645167 0.1512242 0.0835082 0.0842833 0.2367370 0.1509521 0.3028964 0.1003834 0.2412152 0.4165716 0.1281601 0.1937208 0.1449656 0.0709248 0.1118205 0.1207678 0.2744821 0.1394502 0.0648263 0.1684084 0.0717063 0.1263249 0.1623222 0.0842257 0.1413932 0.2026965 0.0709021 
Eutrochium_fistulosum_SRR9119106           0.2967005 0.2477901 0.2757262 0.0862224 0.2263988 0.0000000 0.2259272 0.3262163 0.3036810 0.3460710 0.2929489 0.2194503 0.2569932 0.1629578 0.1503657 0.3320188 0.4107287 0.2687634 0.3257231 0.1863901 0.1945637 0.1634185 0.2511203 0.2340971 0.2578297 0.2778692 0.3221564 0.2285846 0.2785192 0.1361979 0.1366580 0.4905992 0.2122792 0.2738375 0.2909974 0.2596392 0.2285820 0.2300001 0.2329828 0.1852315 0.2590845 0.2944955 0.1275407 0.1614394 0.2449275 0.1988848 0.2455321 0.2448784 0.1955689 0.2598055 0.2570708 0.2909643 0.2338995 0.2236324 0.1362227 0.1991025 0.3173335 0.1683656 0.3733253 0.1861322 0.4123344 0.3285738 0.2583883 0.2874794 0.2004296 0.1429424 0.2386903 0.2431093 0.3204015 0.2622692 0.1809808 0.2682140 0.1676819 0.2382433 0.2296827 0.1260976 0.2210612 0.2772945 0.1094698 
Galeana_pratensis_104_mex                  0.2020737 0.2063188 0.1797307 0.2383381 0.1708283 0.2259272 0.0000000 0.2402012 0.1605697 0.2572752 0.3622622 0.1925329 0.1714543 0.1641569 0.1846154 0.3992714 0.3977248 0.1878811 0.2018024 0.1816271 0.1821175 0.1974130 0.1801426 0.1792252 0.1866833 0.1776033 0.2770123 0.1962899 0.2650102 0.1498972 0.1475726 0.4971381 0.1662236 0.3352636 0.2318008 0.1776665 0.1986296 0.1774422 0.1783779 0.1869806 0.1869328 0.2337591 0.1911535 0.1701189 0.1866905 0.1999274 0.1741908 0.1754855 0.1755566 0.1763979 0.1852535 0.2088512 0.1874467 0.1849348 0.1765584 0.2005976 0.2674678 0.1819856 0.3546692 0.1823780 0.5127179 0.1851784 0.1779386 0.2026167 0.2068807 0.1854902 0.1945997 0.1787826 0.2713636 0.1933033 0.1915099 0.1917406 0.1781190 0.2319512 0.1933564 0.2030838 0.1760588 0.2814306 0.1662770 
Helianthus_annuus_SRR9119062               0.3680290 0.2770496 0.3302759 0.4172087 0.3472323 0.3262163 0.2402012 0.0000000 0.3630018 0.3977702 0.3540522 0.3046446 0.3211082 0.2209358 0.2746098 0.3562879 0.5351057 0.3102984 0.3526883 0.2754109 0.2550692 0.2392734 0.3114893 0.3056488 0.3415970 0.3342717 0.3968550 0.3140740 0.3324357 0.2327820 0.1916211 0.4647241 0.2668342 0.3574587 0.3745838 0.3173176 0.3200657 0.2845113 0.2987388 0.2806982 0.3394347 0.3686469 0.2348618 0.2393497 0.3212135 0.2727378 0.3005424 0.3103115 0.2896520 0.3155358 0.3233298 0.3350632 0.3426353 0.2972221 0.2416299 0.2680800 0.3562228 0.2326084 0.3875852 0.2323315 0.4439148 0.4041363 0.3171622 0.3382318 0.2935210 0.2468706 0.3061660 0.3089181 0.3885565 0.3428209 0.2764582 0.3433600 0.2482682 0.3196078 0.2996867 0.2222186 0.2769342 0.3430562 0.2358346 
Lycapsus_tenuifolius_17                    0.2158071 0.1293249 0.1918451 0.3372059 0.1696421 0.3036810 0.1605697 0.3630018 0.0000000 0.2541392 0.3973079 0.1761940 0.1603532 0.0965131 0.0771468 0.2181091 0.2242707 0.2569741 0.2309636 0.1607085 0.1202792 0.1377566 0.1904804 0.1579257 0.2341513 0.1827574 0.2334492 0.2604431 0.2056847 0.0067267 0.0579938 0.3409578 0.0872121 0.3182484 0.2361446 0.1872177 0.2113130 0.1900490 0.1916158 0.1703076 0.1982184 0.2277304 0.0962934 0.1084746 0.1852197 0.2013711 0.1666923 0.1616200 0.1638976 0.1512279 0.1657772 0.2823933 0.2198496 0.1768256 0.0814368 0.1788463 0.2447816 0.1064622 0.2574318 0.1074698 0.2731450 0.3725592 0.1585920 0.2691818 0.1207937 0.0827388 0.1351960 0.1714502 0.2490515 0.2077662 0.1801308 0.1728059 0.1309758 0.2174664 0.1715228 0.1132374 0.1799292 0.1631249 0.0671238 
Pericome_caudata_50_silver                 0.3369447 0.2546810 0.3181603 0.3373959 0.2075132 0.3460710 0.2572752 0.3977702 0.2541392 0.0000000 0.4818775 0.1890031 0.2031048 0.0763510 0.1232184 0.2408325 0.2510801 0.3670606 0.3001220 0.1618777 0.2007837 0.1982051 0.2356105 0.2080599 0.2362955 0.2407207 0.2421971 0.2476968 0.2484988 0.2080648 0.1163738 0.4290147 0.1860267 0.4522869 0.2765578 0.2308378 0.1575190 0.2316047 0.2314654 0.1472258 0.2260620 0.2850952 0.2482669 0.1893265 0.2125929 0.1691944 0.2105533 0.2133975 0.1747521 0.2187060 0.2067530 0.4140501 0.1897216 0.2673632 0.2131949 0.1489637 0.2594188 0.1607978 0.3790292 0.2098940 0.2919287 0.5198895 0.2165715 0.2484238 0.1444772 0.2426157 0.2002531 0.2086293 0.2936740 0.2306566 0.0787077 0.2630990 0.1145714 0.1636860 0.2461610 0.2479248 0.2314744 0.2208314 0.2093696 
Perityle_aglossa_84_dead_horse             0.2509847 0.3542489 0.2767188 1.0136670 0.3611586 0.2929489 0.3622622 0.3540522 0.3973079 0.4818775 0.0000000 0.2640697 0.3011934 0.3380426 0.0973816 0.8648514 0.3336902 0.2168676 0.2555254 0.2707299 0.2702532 0.2886932 0.2651604 0.2915044 0.2309279 0.3205104 0.4674141 0.3263723 0.2235555 0.0948098 0.1096817 0.9935059 0.3283935 0.1626722 0.2861674 0.3035112 0.3796139 0.2120636 0.2691967 0.2602288 0.2225173 0.3162287 0.0489488 0.3459775 0.2805473 0.2339110 0.2921241 0.3137336 0.2822082 0.2910201 0.2854006 0.1856600 0.3552152 0.2662349 0.0316081 0.2906034 0.3268146 0.1108061 0.7019306 0.2900810 0.8243102 0.1848320 0.2930819 0.2416836 0.1219155 0.0541973 0.3081147 0.2839821 0.3025146 0.2985807 0.9241065 0.2603180 0.3008642 0.8518629 0.2182240 0.0357536 0.1524507 0.1975144 0.0274675 
Perityle_ajoensis_204                      0.2134464 0.1469016 0.1990026 0.3088406 0.0994226 0.2194503 0.1925329 0.3046446 0.1761940 0.1890031 0.2640697 0.0000000 0.0495735 0.0354041 0.1048221 0.1421115 0.3445528 0.1992816 0.1060595 0.1226608 0.0413423 0.0339505 0.0551262 0.0536496 0.0180507 0.1015135 0.1997783 0.1832931 0.2490236 0.1030030 0.1183244 0.3534779 0.1569706 0.2155147 0.1977084 0.0427778 0.1923974 0.0464705 0.0468653 0.0352714 0.1698973 0.2326797 0.0355410 0.0955220 0.0335653 0.1385394 0.0467975 0.0440905 0.0406836 0.0977764 0.0996549 0.2379893 0.1892650 0.1167349 0.0450307 0.1343593 0.2242948 0.1337436 0.3256840 0.0930748 0.2166663 0.2774064 0.1017775 0.1674035 0.1485879 0.0367298 0.0460682 0.0531546 0.2874011 0.0378343 0.0497749 0.1020882 0.0175352 0.1770918 0.1639534 0.0359219 0.0407349 0.2249730 0.0261892 
Perityle_ambrosiifolia_67_green            0.2259939 0.1388040 0.1994902 0.2666970 0.1255262 0.2569932 0.1714543 0.3211082 0.1603532 0.2031048 0.3011934 0.0495735 0.0000000 0.0290822 0.0910778 0.1343671 0.3459860 0.2143124 0.1825841 0.0371710 0.0405678 0.0837717 0.0207474 0.0382383 0.0673813 0.0965457 0.1380301 0.1705349 0.2277619 0.1014669 0.1029412 0.3254392 0.1196411 0.2878827 0.1731531 0.0501068 0.0839744 0.0158427 0.0217030 0.0388369 0.1664079 0.2124650 0.0415040 0.0845507 0.0566958 0.0427353 0.0175452 0.0724066 0.0401193 0.0950975 0.0602421 0.2496225 0.1069578 0.1307648 0.0535579 0.0428950 0.2232917 0.1124491 0.3247980 0.0711967 0.1938450 0.3793553 0.0959784 0.1729937 0.1258485 0.0635404 0.0565599 0.0207128 0.2879259 0.0563436 0.0397881 0.1235672 0.0444809 0.0830607 0.1472958 0.0564767 0.0879637 0.1822442 0.0453427 
Perityle_angustifolia_13_Eagle_creek       0.1407138 0.1115063 0.1024142 0.1932799 0.0515683 0.1629578 0.1641569 0.2209358 0.0965131 0.0763510 0.3380426 0.0354041 0.0290822 0.0000000 0.0992062 0.0884519 0.1584185 0.1688004 0.0251902 0.0283700 0.0201159 0.0085980 0.0279324 0.0247075 0.0307998 0.0395342 0.0764384 0.1628558 0.1660260 0.0939869 0.1231480 0.2960955 0.0924270 0.2407793 0.1828574 0.0163933 0.0641589 0.0257614 0.0216863 0.0311358 0.1772225 0.1597255 0.0045773 0.0688863 0.0321105 0.0510708 0.0293588 0.0201762 0.0374037 0.0372181 0.0095816 0.1848130 0.0839899 0.0245149 0.0311373 0.0582429 0.2076582 0.1343790 0.2404930 0.0394151 0.1592679 0.1656842 0.0395342 0.0782948 0.1186435 0.0214620 0.0076325 0.0279324 0.2660925 0.0361491 0.0484260 0.0255899 0.0316352 0.0782020 0.1753337 0.0333492 0.0211080 0.1761883 0.0133624 
Perityle_batopilensis_97                   0.1389122 0.1262576 0.1061655 9.0000000 0.1350704 0.1503657 0.1846154 0.2746098 0.0771468 0.1232184 0.0973816 0.1048221 0.0910778 0.0992062 0.0000000 1.0589594 0.3056016 0.0829622 0.1044333 0.0871357 0.0961977 0.1130929 0.0826620 0.1040950 0.1002256 0.0784348 0.1305639 0.0941798 0.1658328 0.0758439 0.0881531 0.9166730 0.0956777 0.0960235 0.0783958 0.1006367 0.0196672 0.0910830 0.1038946 0.0971370 0.0744595 0.0862593 0.1044297 0.0596540 0.0989103 0.1077440 0.1015919 0.0961977 0.0877098 0.0787462 0.1005077 0.0944566 0.0383331 0.0873889 0.0954266 0.1040685 0.1509328 0.0745999 0.8156198 0.0808618 0.9581291 0.0861270 0.0787462 0.0664636 0.0824796 0.1266590 0.1011592 0.0869253 0.2102993 0.0957470 9.0000000 0.0910544 0.1026770 0.2980449 0.0685356 0.1102351 0.0878953 0.1449075 0.0918799 
Perityle_bisetosa_9                        0.2615805 0.3101017 0.2199181 0.2530994 0.1768467 0.3320188 0.3992714 0.3562879 0.2181091 0.2408325 0.8648514 0.1421115 0.1343671 0.0884519 1.0589594 0.0000000 1.2360697 0.4595783 0.2529567 0.1237405 0.1592923 0.2545295 0.1264853 0.1360267 0.1326659 0.1741667 0.1576963 0.3423766 0.9546777 0.8782665 1.0497670 0.2855287 0.2358421 0.8782345 0.4619045 0.1183697 0.1570709 0.1406947 0.1302056 0.1368875 0.4302750 0.4688991 0.9320265 0.2425446 0.1236385 0.1361443 0.1304574 0.1150537 0.1342855 0.1640061 0.1494530 0.5280560 0.2457897 0.2655924 0.8389936 0.1458639 0.4333152 0.9002495 0.3182033 0.2596512 0.0537572 0.4781117 0.1638523 0.1974220 0.9877673 0.9076307 0.1250694 0.1255780 0.8377780 0.1447540 0.0172047 0.2084616 0.1939099 0.0925629 0.4669969 0.8670380 0.1295601 1.0029976 0.9005571 
Perityle_californica_76_positas            0.3898830 0.3873823 0.4171759 9.0000000 0.3225957 0.4107287 0.3977248 0.5351057 0.2242707 0.2510801 0.3336902 0.3445528 0.3459860 0.1584185 0.3056016 1.2360697 0.0000000 0.3313185 0.3305386 0.3365499 0.3564654 0.2285752 0.3233172 0.3714316 0.3445528 0.3319944 0.0615016 0.3326230 0.2201107 0.2695038 0.1695547 1.2594104 0.3537270 0.3563717 0.3198017 0.3444956 0.2424737 0.3459860 0.3564654 0.3478408 0.3323437 0.3431556 0.3426450 0.0401928 0.3271304 0.3445528 0.3564654 0.3564654 0.3478173 0.3319944 0.3426450 0.3410931 0.3008471 0.3215139 0.3564654 0.2395811 0.1755749 0.1453274 0.7604011 0.1591999 1.2217589 0.3184680 0.3319944 0.3452509 0.2666445 0.0549895 0.3426450 0.3337348 0.2866051 0.3221331 9.0000000 0.3446991 0.2613746 9.0000000 0.3115990 0.1615980 0.3445906 0.1994722 0.3105462 
Perityle_canescens_77                      0.2515398 0.1966961 0.2320813 0.4848689 0.2579051 0.2687634 0.1878811 0.3102984 0.2569741 0.3670606 0.2168676 0.1992816 0.2143124 0.1688004 0.0829622 0.4595783 0.3313185 0.0000000 0.2029121 0.1976946 0.1869855 0.1411674 0.2087175 0.2108241 0.1901292 0.2324081 0.3324192 0.1239238 0.2053400 0.1119242 0.0814206 0.4837252 0.1601268 0.1897383 0.1806229 0.2256045 0.2350706 0.1778742 0.2016879 0.1842484 0.1440829 0.1538753 0.0864135 0.1169879 0.2148494 0.2025974 0.2029631 0.2126577 0.2002386 0.2075184 0.2357480 0.1194591 0.2387765 0.2151431 0.0869459 0.2308301 0.1698610 0.0546533 0.2257735 0.1791063 0.4986675 0.1810936 0.2107096 0.1567906 0.0933398 0.1163167 0.2350563 0.2045899 0.2497543 0.2224512 0.2095419 0.2393359 0.1499540 0.2916388 0.0885277 0.0919777 0.1572338 0.1300453 0.0811512 
Perityle_castillonii_96                    0.3106621 0.1995613 0.2832572 0.3527006 0.1905202 0.3257231 0.2018024 0.3526883 0.2309636 0.3001220 0.2555254 0.1060595 0.1825841 0.0251902 0.1044333 0.2529567 0.3305386 0.2029121 0.0000000 0.0732434 0.0746020 0.0532659 0.1763769 0.1788671 0.1730445 0.2315445 0.2669533 0.1850801 0.2473512 0.1067956 0.1276366 0.4502122 0.1357729 0.2059403 0.2198179 0.1826814 0.1191786 0.1764226 0.1885475 0.0515199 0.1797662 0.2406626 0.0381054 0.1098412 0.1435383 0.0725947 0.1802278 0.1702775 0.1161997 0.2247755 0.1338273 0.2469073 0.1296546 0.1223213 0.0466779 0.0709061 0.2403906 0.1332842 0.3579370 0.1036196 0.3508367 0.3610593 0.2277494 0.2404876 0.1428526 0.0241647 0.1239438 0.1847692 0.2909257 0.1592988 0.0515731 0.2100696 0.0309405 0.1562586 0.1707695 0.0463708 0.2020561 0.2010565 0.0294984 
Perityle_cernua_84                         0.1943625 0.1204137 0.1736702 0.2885869 0.0909780 0.1863901 0.1816271 0.2754109 0.1607085 0.1618777 0.2707299 0.1226608 0.0371710 0.0283700 0.0871357 0.1237405 0.3365499 0.1976946 0.0732434 0.0000000 0.0370415 0.0181404 0.0370432 0.0305957 0.1218694 0.0700472 0.1858333 0.1906305 0.2145719 0.0795140 0.0996816 0.3372506 0.1266604 0.2103197 0.2011697 0.0280575 0.1680029 0.0342859 0.0296960 0.1315077 0.1684322 0.2266028 0.0129364 0.0946154 0.1218038 0.1555878 0.0327743 0.0312495 0.1172692 0.0643260 0.0942907 0.2571292 0.1900196 0.1120283 0.0195387 0.1637341 0.2668254 0.1083285 0.3147322 0.0839049 0.1945948 0.2682815 0.0689288 0.1626871 0.1140965 0.0166993 0.0388493 0.0349708 0.2635056 0.1243111 0.1866025 0.0782266 0.0624484 0.2053949 0.1848040 0.0184564 0.0319015 0.1693647 0.0132975 
Perityle_cfvillosa_25_tin                  0.1710488 0.1403244 0.1565967 0.2707486 0.1067094 0.1945637 0.1821175 0.2550692 0.1202792 0.2007837 0.2702532 0.0413423 0.0405678 0.0201159 0.0961977 0.1592923 0.3564654 0.1869855 0.0746020 0.0370415 0.0000000 0.0404279 0.0406881 0.0382430 0.0388668 0.0783633 0.1844916 0.1665010 0.2340698 0.0910987 0.1084120 0.3742864 0.1027562 0.2233753 0.1807277 0.0340899 0.0923176 0.0400172 0.0336156 0.0407702 0.1447449 0.2226730 0.0324316 0.0984237 0.0452395 0.0467542 0.0358816 0.0220418 0.0438297 0.0760186 0.0601345 0.2291432 0.1207340 0.1009943 0.0186634 0.0359964 0.2257954 0.1181062 0.3079208 0.0904940 0.2292476 0.2662377 0.0784632 0.0892065 0.1182829 0.0498467 0.0348976 0.0418217 0.2736200 0.0430057 0.0335573 0.0863466 0.0244045 0.0997836 0.1427143 0.0333448 0.0387238 0.1905778 0.0161847 
Perityle_cinerea_113_Powell1310            0.1741211 0.1472599 0.1414030 0.1724287 0.0974660 0.1634185 0.1974130 0.2392734 0.1377566 0.1982051 0.2886932 0.0339505 0.0837717 0.0085980 0.1130929 0.2545295 0.2285752 0.1411674 0.0532659 0.0181404 0.0404279 0.0000000 0.0836614 0.0699454 0.0604958 0.0928666 0.1404210 0.1667592 0.2201168 0.1097247 0.1268433 0.4484665 0.1056540 0.2131042 0.1895037 0.0534854 0.0717779 0.0807950 0.0725420 0.0213076 0.1439161 0.2119802 0.0424317 0.0900664 0.0281572 0.0225758 0.0758520 0.0774342 0.0361366 0.0867164 0.0446767 0.1676004 0.0881595 0.0602178 0.0484565 0.0143325 0.2154091 0.1299596 0.2792015 0.0434149 0.3504084 0.1901415 0.0887352 0.1246493 0.1235092 0.0202394 0.0453366 0.0776518 0.2725689 0.0501429 0.0193231 0.0546250 0.0159240 0.1074791 0.1411846 0.0392675 0.0746904 0.2028582 0.0178907 
Perityle_coahuilensis_24                   0.2315133 0.1463138 0.2035182 0.2676451 0.1355772 0.2511203 0.1801426 0.3114893 0.1904804 0.2356105 0.2651604 0.0551262 0.0207474 0.0279324 0.0826620 0.1264853 0.3233172 0.2087175 0.1763769 0.0370432 0.0406881 0.0836614 0.0000000 0.0399036 0.0805008 0.1025575 0.1280954 0.2049469 0.2232504 0.0926643 0.0989184 0.3531210 0.1246502 0.2362381 0.2100033 0.0607894 0.0784446 0.0564115 0.0457793 0.0446651 0.1728402 0.2308714 0.0488158 0.0947368 0.0604427 0.0538692 0.0264694 0.0769764 0.0375206 0.0971977 0.0613571 0.2471665 0.1027306 0.1269305 0.0488191 0.0496094 0.2237504 0.1033711 0.3262198 0.0711605 0.1858088 0.3467897 0.1034629 0.1691983 0.1238937 0.0579131 0.0706222 0.0032528 0.2840506 0.0671777 0.0452416 0.1254803 0.0405189 0.0873955 0.1441062 0.0653842 0.0925041 0.1874942 0.0395884 
Perityle_cochisensis_44_cave_creek         0.2192943 0.1531233 0.1991139 0.2724609 0.1162910 0.2340971 0.1792252 0.3056488 0.1579257 0.2080599 0.2915044 0.0536496 0.0382383 0.0247075 0.1040950 0.1360267 0.3714316 0.2108241 0.1788671 0.0305957 0.0382430 0.0699454 0.0399036 0.0000000 0.0684665 0.1043199 0.1524286 0.1868921 0.2283470 0.0930170 0.1081251 0.3455490 0.1098905 0.2459230 0.1946415 0.0447331 0.0835748 0.0391212 0.0338511 0.0389520 0.1575976 0.2314147 0.0563747 0.0936546 0.0560335 0.0415809 0.0348899 0.0604603 0.0304108 0.0988754 0.0733474 0.2565000 0.1129440 0.1314416 0.0435972 0.0443198 0.2331980 0.1182092 0.3276549 0.0712074 0.2027092 0.3497482 0.1035964 0.1610504 0.1380074 0.0454521 0.0679048 0.0410642 0.2902476 0.0604259 0.0413008 0.1227387 0.0351683 0.0926934 0.1442958 0.0545450 0.0852799 0.2056921 0.0296513 
Perityle_congesta_202                      0.2587420 0.1401306 0.2350028 0.3056537 0.1580730 0.2578297 0.1866833 0.3415970 0.2341513 0.2362955 0.2309279 0.0180507 0.0673813 0.0307998 0.1002256 0.1326659 0.3445528 0.1901292 0.1730445 0.1218694 0.0388668 0.0604958 0.0805008 0.0684665 0.0000000 0.1379579 0.1978020 0.1880660 0.2368616 0.0989595 0.1135626 0.3515011 0.1699255 0.2218237 0.2162497 0.0667252 0.1885522 0.0651539 0.0687954 0.0283135 0.1873953 0.2272668 0.0301889 0.0913989 0.0313124 0.1227216 0.0677175 0.0842653 0.0358055 0.1235992 0.0956408 0.2318601 0.1909381 0.1381138 0.0332350 0.1340255 0.2255200 0.1236017 0.3256840 0.0893789 0.2110897 0.3328591 0.1249282 0.2092058 0.1387795 0.0324291 0.0654735 0.0737356 0.2815403 0.0347880 0.0442811 0.1472012 0.0158951 0.1685377 0.1660234 0.0281087 0.0880575 0.2125598 0.0195031 
Perityle_cordifolia_27                     0.2464552 0.1852298 0.2150127 0.2838944 0.1475097 0.2778692 0.1776033 0.3342717 0.1827574 0.2407207 0.3205104 0.1015135 0.0965457 0.0395342 0.0784348 0.1741667 0.3319944 0.2324081 0.2315445 0.0700472 0.0783633 0.0928666 0.1025575 0.1043199 0.1379579 0.0000000 0.1633300 0.2057270 0.2243721 0.0964961 0.1077793 0.3604500 0.1232453 0.2945676 0.2279992 0.1193674 0.0953537 0.1335917 0.1170390 0.0639050 0.1857446 0.2257279 0.0731149 0.0895160 0.1100388 0.0946875 0.0985393 0.1330432 0.0887682 0.0007720 0.1174347 0.2949435 0.1258992 0.1139494 0.0607857 0.0692810 0.2326754 0.1037005 0.3055647 0.0015167 0.2253146 0.3968040 0.0162329 0.2000663 0.1083465 0.0581120 0.1210083 0.1001573 0.2759084 0.1252700 0.0527543 0.1723852 0.0549472 0.1176629 0.1439508 0.0760993 0.1581122 0.1721909 0.0462242 
Perityle_cordifolia_68_tecolote            0.2965738 0.2026778 0.2529718 0.3268961 0.2042249 0.3221564 0.2770123 0.3968550 0.2334492 0.2421971 0.4674141 0.1997783 0.1380301 0.0764384 0.1305639 0.1576963 0.0615016 0.3324192 0.2669533 0.1858333 0.1844916 0.1404210 0.1280954 0.1524286 0.1978020 0.1633300 0.0000000 0.2475365 0.2256543 0.2468025 0.1855622 0.3743448 0.2290483 0.4690217 0.2914206 0.1409600 0.1789687 0.1347184 0.1381551 0.1832261 0.2744703 0.2849714 0.2865715 0.1196840 0.1835684 0.1977855 0.1366874 0.1396315 0.1792352 0.1545555 0.1805365 0.3734022 0.0818263 0.2383010 0.2749958 0.1994055 0.2396491 0.1394226 0.2988475 0.1729151 0.2146357 0.4200381 0.1560173 0.2365838 0.1743733 0.1830670 0.1616057 0.1288738 0.3805443 0.1917660 0.1425356 0.2117197 0.1406635 0.1819871 0.2496933 0.2053240 0.1386319 0.1677659 0.2488244 
Perityle_coronopifolia_28_patagonia        0.2337695 0.1606319 0.2042154 0.2769362 0.2345716 0.2285846 0.1962899 0.3140740 0.2604431 0.2476968 0.3263723 0.1832931 0.1705349 0.1628558 0.0941798 0.3423766 0.3326230 0.1239238 0.1850801 0.1906305 0.1665010 0.1667592 0.2049469 0.1868921 0.1880660 0.2057270 0.2475365 0.0000000 0.2226365 0.1341564 0.1059900 0.4415304 0.1665650 0.3176356 0.1471658 0.1915076 0.1866238 0.1764843 0.1840830 0.1794981 0.1258601 0.1085987 0.1636471 0.0931368 0.1803243 0.2083196 0.1797054 0.1976262 0.1797734 0.1638388 0.2081311 0.0838162 0.1833512 0.1787680 0.1379199 0.2064424 0.1021839 0.0432784 0.1991854 0.1646009 0.4065528 0.0191915 0.1686712 0.1561166 0.1000170 0.1803896 0.1699602 0.1708392 0.2603529 0.1908543 0.1811054 0.1939321 0.1612643 0.2139859 0.1035757 0.1452605 0.1695673 0.1300104 0.1234005 
Perityle_crassifolia_70_ventanas           0.2464931 0.2157477 0.2188967 0.7191642 0.2248458 0.2785192 0.2650102 0.3324357 0.2056847 0.2484988 0.2235555 0.2490236 0.2277619 0.1660260 0.1658328 0.9546777 0.2201107 0.2053400 0.2473512 0.2145719 0.2340698 0.2201168 0.2232504 0.2283470 0.2368616 0.2243721 0.2256543 0.2226365 0.0000000 0.1755860 0.1194533 1.1144022 0.2251836 0.2244325 0.2203931 0.2289086 0.2092369 0.2342844 0.2340400 0.2232697 0.2090743 0.2246166 0.2307079 0.1588861 0.2234918 0.2240738 0.2327262 0.2352119 0.2200526 0.2243721 0.2421415 0.1989138 0.2007025 0.2218677 0.2187253 0.2232945 0.2364399 0.1531504 0.7886578 0.1839919 1.0486172 0.2121228 0.2243721 0.2025167 0.1672190 0.1778809 0.2439150 0.2278771 0.1618457 0.2272707 0.5752835 0.2282323 0.2394383 0.4804059 0.2018669 0.1526235 0.2272507 0.1641779 0.2073333 
Perityle_crassifolia_74_playa_balandra     0.1256221 0.1866244 0.1067216 0.3287640 0.1090139 0.1361979 0.1498972 0.2327820 0.0067267 0.2080648 0.0948098 0.1030030 0.1014669 0.0939869 0.0758439 0.8782665 0.2695038 0.1119242 0.1067956 0.0795140 0.0910987 0.1097247 0.0926643 0.0930170 0.0989595 0.0964961 0.2468025 0.1341564 0.1755860 0.0000000 0.0558548 0.9108121 0.0065121 0.0992200 0.1693346 0.0995577 0.1132176 0.0964181 0.0928629 0.0930470 0.1171839 0.1989013 0.0902204 0.1194597 0.0965105 0.0943223 0.0830679 0.0910987 0.0822595 0.0964961 0.0955003 0.1420626 0.0990359 0.0978529 0.0859038 0.0949812 0.2706284 0.1169250 0.6899338 0.1026580 0.8913258 0.1215201 0.0964961 0.1259172 0.1255926 0.1079888 0.1111819 0.0960518 0.1825464 0.0958122 0.3535934 0.0949330 0.0984565 0.5151067 0.1142463 0.1061118 0.0924775 0.1877473 0.0798962 
Perityle_cuneata_34_cuneata_San_antonio    0.0919333 0.1174906 0.1012636 9.0000000 0.1082915 0.1366580 0.1475726 0.1916211 0.0579938 0.1163738 0.1096817 0.1183244 0.1029412 0.1231480 0.0881531 1.0497670 0.1695547 0.0814206 0.1276366 0.0996816 0.1084120 0.1268433 0.0989184 0.1081251 0.1135626 0.1077793 0.1855622 0.1059900 0.1194533 0.0558548 0.0000000 0.9354951 0.0783817 0.1136924 0.0889668 0.1233069 0.1146183 0.1073143 0.1034082 0.1104536 0.0896523 0.1266765 0.1226182 0.0898526 0.1100283 0.1258671 0.1005681 0.1084120 0.0950177 0.1077793 0.1185042 0.0726852 0.0833072 0.1097452 0.1128542 0.1124828 0.1396961 0.0832102 0.6342652 0.1102160 0.9102971 0.0973193 0.1077793 0.0856743 0.0982218 0.1227840 0.1187550 0.1029833 0.1677219 0.1095952 9.0000000 0.1082758 0.1169386 0.5062143 0.0665590 0.1190470 0.1055676 0.1447019 0.1016372 
Perityle_cuneata_4                         0.3877806 0.4717786 0.3539900 0.3232004 0.3484649 0.4905992 0.4971381 0.4647241 0.3409578 0.4290147 0.9935059 0.3534779 0.3254392 0.2960955 0.9166730 0.2855287 1.2594104 0.4837252 0.4502122 0.3372506 0.3742864 0.4484665 0.3531210 0.3455490 0.3515011 0.3604500 0.3743448 0.4415304 1.1144022 0.9108121 0.9354951 0.0000000 0.3407698 0.9333302 0.5594942 0.3515693 0.3691148 0.3410431 0.3354062 0.3473622 0.5027416 0.5157768 0.9860810 0.3948278 0.3548200 0.3362437 0.3412996 0.3443433 0.3444995 0.3404959 0.3585174 0.5576863 0.4114553 0.4264430 0.8991850 0.3451747 0.5575970 0.9888811 0.1711716 0.4236289 0.3629855 0.5672396 0.3450050 0.3573016 0.9037246 0.9023398 0.3415651 0.3412045 1.0781511 0.3627771 0.1828491 0.3780583 0.4042911 0.2183484 0.5097878 1.0165286 0.3432909 1.0989316 0.8888608 
Perityle_discoidea_81                      0.1671712 0.1250605 0.1438971 0.2624954 0.1170749 0.2122792 0.1662236 0.2668342 0.0872121 0.1860267 0.3283935 0.1569706 0.1196411 0.0924270 0.0956777 0.2358421 0.3537270 0.1601268 0.1357729 0.1266604 0.1027562 0.1056540 0.1246502 0.1098905 0.1699255 0.1232453 0.2290483 0.1665650 0.2251836 0.0065121 0.0783817 0.3407698 0.0000000 0.2702364 0.1886179 0.1270816 0.1649240 0.1193469 0.1215474 0.1427126 0.1595394 0.1834391 0.0778692 0.1144533 0.1566584 0.1542363 0.1186178 0.1111339 0.1440430 0.1224502 0.1355984 0.1977910 0.1742259 0.1139234 0.0889678 0.1441616 0.2377479 0.1336840 0.2604966 0.0968653 0.3072550 0.2309978 0.1235994 0.1930599 0.1533665 0.0876671 0.1054680 0.1250547 0.2536621 0.1668153 0.1797085 0.1295532 0.1103204 0.1764236 0.1479331 0.0957593 0.1172159 0.2239371 0.0789134 
Perityle_dissecta_201                      0.2839830 0.3270270 0.2685494 0.9270599 0.3017596 0.2738375 0.3352636 0.3574587 0.3182484 0.4522869 0.1626722 0.2155147 0.2878827 0.2407793 0.0960235 0.8782345 0.3563717 0.1897383 0.2059403 0.2103197 0.2233753 0.2131042 0.2362381 0.2459230 0.2218237 0.2945676 0.4690217 0.3176356 0.2244325 0.0992200 0.1136924 0.9333302 0.2702364 0.0000000 0.2415325 0.2652670 0.3057610 0.2036880 0.2593647 0.1738063 0.1662907 0.2585898 0.0302612 0.2868997 0.2293975 0.1753232 0.2577969 0.2784283 0.2276160 0.2949002 0.2213633 0.1701679 0.3112382 0.2039031 0.0259415 0.2085031 0.2812209 0.1237495 0.6834056 0.2296499 0.8236993 0.1917951 0.2922222 0.2325528 0.1433274 0.0283537 0.2465492 0.2681076 0.2969234 0.2595057 0.7556109 0.2529840 0.2082080 0.7484723 0.1609661 0.0317166 0.1828169 0.2128368 0.0066748 
Perityle_feddemae_99                       0.3028490 0.1870070 0.2628942 0.3493795 0.2359066 0.2909974 0.2318008 0.3745838 0.2361446 0.2765578 0.2861674 0.1977084 0.1731531 0.1828574 0.0783958 0.4619045 0.3198017 0.1806229 0.2198179 0.2011697 0.1807277 0.1895037 0.2100033 0.1946415 0.2162497 0.2279992 0.2914206 0.1471658 0.2203931 0.1693346 0.0889668 0.5594942 0.1886179 0.2415325 0.0000000 0.1966941 0.1822350 0.2009787 0.2029776 0.1954700 0.0310445 0.1194566 0.1606763 0.1555595 0.2137623 0.2281417 0.1947762 0.1886738 0.1942032 0.2085245 0.2180466 0.1591125 0.1770015 0.2143620 0.1489202 0.2242633 0.1927613 0.0762416 0.2337961 0.1913584 0.5292525 0.1749618 0.2151104 0.1753691 0.0846865 0.2298686 0.2024344 0.2002866 0.2427968 0.2148503 0.2230684 0.2191111 0.1554208 0.2307286 0.1216192 0.1865944 0.2026232 0.1424995 0.1503835 
Perityle_fosteri_93                        0.2398780 0.1536661 0.2178069 0.2927562 0.1403610 0.2596392 0.1776665 0.3173176 0.1872177 0.2308378 0.3035112 0.0427778 0.0501068 0.0163933 0.1006367 0.1183697 0.3444956 0.2256045 0.1826814 0.0280575 0.0340899 0.0534854 0.0607894 0.0447331 0.0667252 0.1193674 0.1409600 0.1915076 0.2289086 0.0995577 0.1233069 0.3515693 0.1270816 0.2652670 0.1966941 0.0000000 0.0764780 0.0566558 0.0534068 0.0285231 0.1559823 0.2195091 0.0406352 0.1028814 0.0475317 0.0438847 0.0476139 0.0647264 0.0342019 0.1049048 0.0722798 0.2799785 0.1206414 0.1328985 0.0444696 0.0366627 0.2367299 0.1284686 0.3170363 0.0877376 0.1873580 0.3818284 0.1083168 0.1652114 0.1273197 0.0202799 0.0553312 0.0512160 0.2694254 0.0609336 0.0279917 0.1516247 0.0297260 0.0970609 0.1446374 0.0354384 0.0868641 0.1896203 0.0295869 
Perityle_gentryi_8_san_francisco           0.2504716 0.1470190 0.2074802 0.3079907 0.1321804 0.2285820 0.1986296 0.3200657 0.2113130 0.1575190 0.3796139 0.1923974 0.0839744 0.0641589 0.0196672 0.1570709 0.2424737 0.2350706 0.1191786 0.1680029 0.0923176 0.0717779 0.0784446 0.0835748 0.1885522 0.0953537 0.1789687 0.1866238 0.2092369 0.1132176 0.1146183 0.3691148 0.1649240 0.3057610 0.1822350 0.0764780 0.0000000 0.0822653 0.0789198 0.1982248 0.1775818 0.1863866 0.1320685 0.0934588 0.1753816 0.2002836 0.0878329 0.0802338 0.1636277 0.0945920 0.1490567 0.2846749 0.1863704 0.1363139 0.1346046 0.1927682 0.2511023 0.1100766 0.3097789 0.1189688 0.2296749 0.2467399 0.0954793 0.1660874 0.0842427 0.1472012 0.0823805 0.0795739 0.2693079 0.1699477 0.1897219 0.1215369 0.1123186 0.1950716 0.1917540 0.1392557 0.0810621 0.1383775 0.1235211 
Perityle_gilensis_22_Superstition          0.2007396 0.1523411 0.1792550 0.2642748 0.1383273 0.2300001 0.1774422 0.2845113 0.1900490 0.2316047 0.2120636 0.0464705 0.0158427 0.0257614 0.0910830 0.1406947 0.3459860 0.1778742 0.1764226 0.0342859 0.0400172 0.0807950 0.0564115 0.0391212 0.0651539 0.1335917 0.1347184 0.1764843 0.2342844 0.0964181 0.1073143 0.3410431 0.1193469 0.2036880 0.2009787 0.0566558 0.0822653 0.0000000 0.0368083 0.0355656 0.1649467 0.2305397 0.0461377 0.0893293 0.0547205 0.0405954 0.0214355 0.0809287 0.0360297 0.0942993 0.0649246 0.2102886 0.1061658 0.1279398 0.0487529 0.0481335 0.2261518 0.1084193 0.3259538 0.0637830 0.2066128 0.2988756 0.1173652 0.1505611 0.1329600 0.0536486 0.0738823 0.0451170 0.2952494 0.0591420 0.0364231 0.1280381 0.0376006 0.0814307 0.1440444 0.0499209 0.0755079 0.1937984 0.0396385 
Perityle_gilensis_salensis_225             0.2251181 0.1538292 0.2016100 0.2612451 0.1387236 0.2329828 0.1783779 0.2987388 0.1916158 0.2314654 0.2691967 0.0468653 0.0217030 0.0216863 0.1038946 0.1302056 0.3564654 0.2016879 0.1885475 0.0296960 0.0336156 0.0725420 0.0457793 0.0338511 0.0687954 0.1170390 0.1381551 0.1840830 0.2340400 0.0928629 0.1034082 0.3354062 0.1215474 0.2593647 0.2029776 0.0534068 0.0789198 0.0368083 0.0000000 0.0334876 0.1649024 0.2333315 0.0436467 0.0955051 0.0517711 0.0361463 0.0157064 0.0784378 0.0288550 0.0916564 0.0625493 0.2408839 0.1094067 0.1386886 0.0409814 0.0388790 0.2328199 0.1229000 0.3211461 0.0711736 0.1938507 0.3609510 0.1110644 0.1578452 0.1257965 0.0454507 0.0722694 0.0326345 0.2844929 0.0618018 0.0321230 0.1330587 0.0351389 0.0825925 0.1441442 0.0391190 0.0895865 0.1934389 0.0296051 
Perityle_gracilis_11                       0.1812126 0.1381596 0.1573213 0.2767977 0.0810698 0.1852315 0.1869806 0.2806982 0.1703076 0.1472258 0.2602288 0.0352714 0.0388369 0.0311358 0.0971370 0.1368875 0.3478408 0.1842484 0.0515199 0.1315077 0.0407702 0.0213076 0.0446651 0.0389520 0.0283135 0.0639050 0.1832261 0.1794981 0.2232697 0.0930470 0.1104536 0.3473622 0.1427126 0.1738063 0.1954700 0.0285231 0.1982248 0.0355656 0.0334876 0.0000000 0.1614599 0.2257356 0.0291050 0.0945130 0.0008154 0.1351685 0.0364592 0.0321616 0.0404398 0.0576395 0.0782450 0.2167322 0.1907643 0.0978196 0.0417785 0.1416755 0.2203979 0.1204426 0.3389708 0.0763706 0.2040845 0.2137075 0.0610144 0.1425984 0.1450872 0.0245631 0.0353200 0.0416808 0.2711626 0.0280672 0.0268027 0.0763030 0.0095897 0.1728827 0.1634424 0.0283054 0.0314263 0.2100637 0.0130603 
Perityle_harkerae_31                       0.2700652 0.1561125 0.2301642 0.3675310 0.2003966 0.2590845 0.1869328 0.3394347 0.1982184 0.2260620 0.2225173 0.1698973 0.1664079 0.1772225 0.0744595 0.4302750 0.3323437 0.1440829 0.1797662 0.1684322 0.1447449 0.1439161 0.1728402 0.1575976 0.1873953 0.1857446 0.2744703 0.1258601 0.2090743 0.1171839 0.0896523 0.5027416 0.1595394 0.1662907 0.0310445 0.1559823 0.1775818 0.1649467 0.1649024 0.1614599 0.0000000 0.0672099 0.1100371 0.0951654 0.1806830 0.1967001 0.1587932 0.1473040 0.1565104 0.1709526 0.1774292 0.1233780 0.1729585 0.1808229 0.0969865 0.1845592 0.1385082 0.0719584 0.1799603 0.1463259 0.5218639 0.1638812 0.1706294 0.1355335 0.0726870 0.1443858 0.1661101 0.1619600 0.2312189 0.1769489 0.2380382 0.1862632 0.1591715 0.2267427 0.0713997 0.1160444 0.1601541 0.1287176 0.0935697 
Perityle_hofmeisteria_4_nombre_de_dios     0.2734751 0.2057289 0.2482858 0.3661363 0.2463246 0.2944955 0.2337591 0.3686469 0.2277304 0.2850952 0.3162287 0.2326797 0.2124650 0.1597255 0.0862593 0.4688991 0.3431556 0.1538753 0.2406626 0.2266028 0.2226730 0.2119802 0.2308714 0.2314147 0.2272668 0.2257279 0.2849714 0.1085987 0.2246166 0.1989013 0.1266765 0.5157768 0.1834391 0.2585898 0.1194566 0.2195091 0.1863866 0.2305397 0.2333315 0.2257356 0.0672099 0.0000000 0.1997349 0.1773766 0.2240346 0.2448543 0.2336218 0.2116506 0.2202800 0.2225464 0.2397516 0.1548878 0.2054997 0.2229267 0.1722610 0.2503934 0.1878209 0.0936307 0.2546827 0.2402763 0.5272680 0.1269348 0.2243113 0.1905721 0.0852294 0.2310855 0.2255223 0.2310767 0.2466055 0.2182696 0.2217092 0.2600817 0.1705970 0.3113343 0.1211485 0.2203559 0.2164116 0.1387079 0.1691417 
Perityle_huecosensis_48                    0.0990628 0.1764216 0.0985842 9.0000000 0.0894205 0.1275407 0.1911535 0.2348618 0.0962934 0.2482669 0.0489488 0.0355410 0.0415040 0.0045773 0.1044297 0.9320265 0.3426450 0.0864135 0.0381054 0.0129364 0.0324316 0.0424317 0.0488158 0.0563747 0.0301889 0.0731149 0.2865715 0.1636471 0.2307079 0.0902204 0.1226182 0.9860810 0.0778692 0.0302612 0.1606763 0.0406352 0.1320685 0.0461377 0.0436467 0.0291050 0.1100371 0.1997349 0.0000000 0.1332428 0.0252207 0.0363120 0.0318115 0.0472703 0.0348433 0.0493438 0.0060362 0.1152544 0.1100925 0.0668554 0.0366179 0.0390608 0.2628943 0.1331651 0.7517200 0.0543486 0.9222281 0.1174267 0.0608050 0.0955170 0.1523952 0.0408418 0.0629671 0.0416012 0.2310346 0.0450240 9.0000000 0.0429165 0.0192062 0.3671868 0.1048735 0.0499715 0.0356571 0.2238613 0.0100280 
Perityle_incana_3_ucla                     0.1710465 0.1426135 0.1246125 0.1966662 0.1051910 0.1614394 0.1701189 0.2393497 0.1084746 0.1893265 0.3459775 0.0955220 0.0845507 0.0688863 0.0596540 0.2425446 0.0401928 0.1169879 0.1098412 0.0946154 0.0984237 0.0900664 0.0947368 0.0936546 0.0913989 0.0895160 0.1196840 0.0931368 0.1588861 0.1194597 0.0898526 0.3948278 0.1144533 0.2868997 0.1555595 0.1028814 0.0934588 0.0893293 0.0955051 0.0945130 0.0951654 0.1773766 0.1332428 0.0000000 0.0937978 0.1088360 0.1001677 0.0934347 0.0883290 0.0846405 0.1115922 0.1321731 0.0964769 0.1088652 0.1183802 0.1038954 0.1335934 0.0420576 0.2657350 0.0898858 0.3180806 0.1123613 0.0895160 0.0751862 0.0653178 0.1443151 0.1080723 0.0933487 0.2681716 0.0936993 0.0542647 0.1069408 0.0753271 0.1100963 0.1100791 0.1202815 0.0972116 0.0755969 0.1022712 
Perityle_intricata_59_Clark_mtns           0.2483375 0.1507175 0.2254628 0.3051469 0.1276569 0.2449275 0.1866905 0.3212135 0.1852197 0.2125929 0.2805473 0.0335653 0.0566958 0.0321105 0.0989103 0.1236385 0.3271304 0.2148494 0.1435383 0.1218038 0.0452395 0.0281572 0.0604427 0.0560335 0.0313124 0.1100388 0.1835684 0.1803243 0.2234918 0.0965105 0.1100283 0.3548200 0.1566584 0.2293975 0.2137623 0.0475317 0.1753816 0.0547205 0.0517711 0.0008154 0.1806830 0.2240346 0.0252207 0.0937978 0.0000000 0.1235541 0.0503264 0.0479558 0.0354822 0.1029328 0.0972415 0.2603280 0.1897151 0.1392850 0.0419744 0.1196613 0.2187577 0.1205499 0.3324993 0.0863791 0.1824562 0.3479812 0.1009614 0.1932138 0.1359654 0.0244716 0.0625513 0.0611445 0.2703812 0.0258527 0.0215347 0.1492425 0.0095297 0.1742794 0.1615242 0.0285285 0.0516433 0.1853017 0.0130683 
Perityle_inyoensis_9_pleasant              0.1938850 0.1551935 0.1743131 0.3132613 0.1062276 0.1988848 0.1999274 0.2727378 0.2013711 0.1691944 0.2339110 0.1385394 0.0427353 0.0510708 0.1077440 0.1361443 0.3445528 0.2025974 0.0725947 0.1555878 0.0467542 0.0225758 0.0538692 0.0415809 0.1227216 0.0946875 0.1977855 0.2083196 0.2240738 0.0943223 0.1258671 0.3362437 0.1542363 0.1753232 0.2281417 0.0438847 0.2002836 0.0405954 0.0361463 0.1351685 0.1967001 0.2448543 0.0363120 0.1088360 0.1235541 0.0000000 0.0406630 0.0519381 0.1298882 0.0751789 0.0981072 0.2350282 0.2065203 0.0970010 0.0399563 0.0261441 0.2821850 0.1331184 0.3294850 0.0790027 0.2181976 0.2295371 0.0785578 0.1588792 0.1553095 0.0241155 0.0412773 0.0418433 0.2712463 0.1434127 0.1996652 0.0826206 0.0727879 0.2037126 0.2003125 0.0372966 0.0339738 0.2086722 0.0188032 
Perityle_lemmonii_12                       0.2260084 0.1541243 0.1942795 0.2751620 0.1227675 0.2455321 0.1741908 0.3005424 0.1666923 0.2105533 0.2921241 0.0467975 0.0175452 0.0293588 0.1015919 0.1304574 0.3564654 0.2029631 0.1802278 0.0327743 0.0358816 0.0758520 0.0264694 0.0348899 0.0677175 0.0985393 0.1366874 0.1797054 0.2327262 0.0830679 0.1005681 0.3412996 0.1186178 0.2577969 0.1947762 0.0476139 0.0878329 0.0214355 0.0157064 0.0364592 0.1587932 0.2336218 0.0318115 0.1001677 0.0503264 0.0406630 0.0000000 0.0692275 0.0346446 0.0945442 0.0613127 0.2440693 0.1118064 0.1363746 0.0383471 0.0411833 0.2317936 0.1201764 0.3333837 0.0751799 0.1850808 0.3620281 0.0974099 0.1604619 0.1289149 0.0457958 0.0688995 0.0235322 0.2887569 0.0571589 0.0432108 0.1263265 0.0371105 0.0855894 0.1456903 0.0401582 0.0907747 0.1934271 0.0265137 
