85
Amauria_brandeegeana_62                    0.0000000 0.2019314 0.0087764 0.2421537 0.0461926 0.0126411 0.1317186 0.0941822 0.3117621 0.0251699 0.0739525 0.0567637 0.0705968 0.0682055 0.0603045 0.1268850 0.0536269 0.2009765 0.0771351 0.0565064 0.0657346 0.0645968 0.0392719 0.0720646 0.0672909 0.0691902 0.0694565 0.1556842 0.1171499 0.0557738 0.0383406 0.1497160 0.0613463 0.0011933 0.0876496 0.0102648 0.0688403 0.0641500 0.0732353 0.1593737 0.0703593 0.0676716 0.0680973 0.0617697 0.0661605 0.0790846 0.0722224 0.0419448 0.0676751 0.0815146 0.0698035 0.0631702 0.0678354 0.0666878 0.0595409 0.0546083 0.0676666 0.1490985 0.0557137 0.0691752 0.0676136 0.0700271 0.0733557 0.0894228 0.0477776 0.0577884 0.0797912 0.0712481 0.0788350 0.0494283 0.1237574 0.0663350 0.0713157 0.0501551 0.0710435 0.0647115 0.0658279 0.0408152 0.0718733 0.1517927 0.0740545 0.0602088 0.0618219 0.0702543 0.1371571 
Amauria_carterae_99_mesa                   0.2019314 0.0000000 0.2078863 0.1904509 0.1986438 0.0125777 0.2475618 0.2269338 0.3289036 0.2316670 0.2618514 0.2165929 0.2238450 0.2228521 0.2230190 0.2259870 0.2177028 0.2393847 0.2300024 0.0929528 0.2037169 0.2212029 0.0639379 0.2287204 0.2241376 0.2228836 0.2189582 0.2455175 0.2315827 0.2224273 0.0730972 0.2672805 0.2238053 0.1971988 0.2200669 0.1767212 0.2135876 0.2205064 0.2276554 0.2263312 0.2190983 0.2228521 0.2175473 0.2248723 0.2216800 0.2093537 0.2325645 0.1951263 0.2215635 0.2168771 0.2207825 0.2228521 0.2232587 0.2228521 0.2189582 0.2182886 0.1544053 0.2205433 0.1811550 0.2200272 0.2212029 0.2303806 0.0756152 0.2400806 0.0681034 0.2249554 0.2517151 0.2393402 0.2249834 0.1999647 0.0478950 0.2228521 0.2264519 0.2358490 0.2225399 0.2226176 0.2230628 0.0696051 0.2255498 0.1588747 0.2172509 0.2212520 0.1213478 0.2200272 0.1920808 
Amauria_rotundifolia_SRR9119150            0.0087764 0.2078863 0.0000000 0.2301153 0.0519928 0.0167844 0.1422574 0.1041615 0.3234385 0.0271317 0.0658325 0.0698181 0.0763122 0.0772651 0.0678127 0.1340108 0.0618153 0.2212938 0.0829247 0.0645080 0.0775907 0.0697008 0.0488079 0.0741393 0.0725460 0.0702905 0.0665170 0.0933935 0.0915130 0.0641880 0.0461115 0.1606757 0.0565304 0.0106835 0.0840279 0.0169190 0.0666853 0.0770957 0.0745039 0.1338387 0.0714575 0.0739003 0.0673531 0.0702866 0.0703438 0.0741471 0.0703958 0.0483194 0.0691052 0.0662432 0.0703630 0.0728284 0.0732042 0.0744953 0.0640237 0.0671716 0.0721819 0.1646394 0.0657734 0.0702668 0.0687062 0.0816231 0.0787318 0.0879832 0.0581115 0.0699084 0.0915240 0.0706312 0.0869336 0.0499975 0.1648109 0.0702412 0.0733933 0.0562433 0.0721396 0.0734927 0.0720540 0.0518717 0.0782594 0.0910767 0.0862416 0.0713202 0.0721592 0.0713507 0.1405664 
Conoclinium_coelestinum_SRR9119114         0.2421537 0.1904509 0.2301153 0.0000000 0.2276992 0.0917915 0.1625256 0.1613876 0.3778748 0.2516617 0.2318479 0.2436426 0.2225054 0.2299446 0.2215068 0.2571689 0.2184904 0.3845514 0.2542474 0.2542914 0.2545072 0.2183199 0.1442368 0.2322228 0.2239066 0.2212478 0.2245308 0.2256306 0.2141509 0.2762014 0.2241270 0.3121954 0.2194391 0.2521895 0.2308516 0.1846750 0.2290081 0.2523725 0.2199903 0.2408391 0.2283535 0.2226898 0.2179422 0.2298723 0.2332337 0.2302408 0.2243046 0.2271177 0.2302833 0.2281928 0.2306561 0.2319318 0.2342591 0.2368411 0.2210569 0.1819916 0.1998832 0.2057140 0.1923386 0.2289274 0.2294115 0.2267117 0.1648946 0.2039292 0.1706091 0.2205952 0.2387639 0.2418867 0.2146722 0.2114753 0.2375988 0.2258690 0.2298309 0.2643380 0.2318647 0.2292704 0.2231152 0.1716288 0.2375911 0.2351074 0.2558234 0.2168087 0.1549202 0.2194529 0.2382775 
Eutetras_palmeri_63                        0.0461926 0.1986438 0.0519928 0.2276992 0.0000000 0.0000010 0.1393397 0.1030843 0.3242042 0.0428329 0.0558679 0.0525704 0.0624178 0.0608532 0.0545138 0.1176161 0.0457541 0.2234013 0.0684606 0.0542580 0.0614427 0.0567012 0.0322472 0.0603435 0.0575797 0.0563961 0.0505435 0.0855831 0.0836219 0.0725796 0.0523927 0.1577311 0.0633028 0.0377788 0.0711547 0.0191394 0.0488875 0.0611784 0.0564583 0.1184960 0.0575529 0.0573060 0.0516110 0.0547120 0.0515803 0.0583040 0.0554368 0.0374035 0.0550652 0.0540992 0.0537805 0.0582411 0.0593793 0.0584837 0.0488754 0.0444810 0.0589541 0.1388234 0.0465025 0.0563760 0.0556855 0.0620673 0.0669837 0.0800777 0.0365254 0.0523792 0.0804751 0.0547627 0.0664702 0.0370859 0.1495339 0.0563550 0.0595373 0.0622731 0.0583066 0.0575488 0.0573755 0.0379940 0.0631536 0.0837321 0.0669223 0.0552063 0.0502291 0.0574640 0.1363673 
Eutetras_pringlei_149_quer                 0.0126411 0.0125777 0.0167844 0.0917915 0.0000010 0.0000000 0.0555727 0.0388766 0.0708462 0.0171364 0.0253463 0.0087096 0.0125531 0.0125531 0.0085771 0.0255972 0.0084485 0.0297138 0.0254257 0.0085102 0.0083380 0.0084155 0.0084966 0.0210773 0.0126778 0.0083380 0.0211252 0.0254016 0.0168551 0.0211154 0.0211154 0.0300656 0.0210925 0.0086273 0.0122338 0.0043215 0.0168084 0.0083380 0.0125851 0.0210851 0.0084405 0.0125531 0.0290159 0.0084485 0.0169096 0.0393034 0.0163946 0.0043069 0.0083654 0.0084310 0.0253237 0.0125531 0.0125945 0.0125531 0.0211252 0.0083981 0.0085348 0.0297467 0.0125851 0.0083380 0.0084155 0.0167816 0.0490871 0.0296754 0.0211252 0.0086957 0.0168551 0.0216059 0.0210820 0.0042426 0.0126701 0.0125531 0.0168853 0.0211154 0.0163250 0.0125516 0.0125279 0.0083877 0.0210820 0.0125420 0.0083877 0.0086507 0.0167816 0.0083380 0.0175050 
Eutrochium_fistulosum_SRR9119106           0.1317186 0.2475618 0.1422574 0.1625256 0.1393397 0.0555727 0.0000000 0.1339424 0.2224851 0.1361224 0.1451007 0.1377498 0.1554363 0.1460439 0.1414861 0.1611978 0.1403071 0.2014178 0.1584645 0.1328819 0.1518405 0.1452749 0.0977353 0.1495332 0.1465116 0.1479192 0.1476259 0.1718480 0.1641357 0.1523266 0.1278408 0.2452798 0.1558179 0.1199428 0.1688218 0.1151759 0.1409111 0.1480157 0.1493054 0.1621763 0.1432072 0.1475116 0.1494123 0.1477552 0.1520785 0.1532553 0.1443417 0.1189476 0.1438961 0.1453753 0.1483695 0.1457478 0.1459728 0.1461202 0.1429887 0.1360466 0.1407413 0.2278806 0.1380995 0.1458589 0.1452749 0.1582062 0.1194017 0.1735226 0.1109472 0.1408126 0.1629046 0.1588553 0.1555599 0.1169001 0.0621253 0.1459728 0.1481679 0.1452386 0.1475722 0.1476102 0.1476240 0.1169346 0.1592694 0.1567160 0.1504057 0.1427741 0.1207395 0.1478848 0.1857394 
Galeana_pratensis_104_mex                  0.0941822 0.2269338 0.1041615 0.1613876 0.1030843 0.0388766 0.1339424 0.0000000 0.1437677 0.1033912 0.1160482 0.1062812 0.1260671 0.1163941 0.1094729 0.1172872 0.1114108 0.0995481 0.1166443 0.0958096 0.1114634 0.1127856 0.0648198 0.1188545 0.1169812 0.1166669 0.1223155 0.1301639 0.1127961 0.1108466 0.1017840 0.2160404 0.1163589 0.0841009 0.1498075 0.0924476 0.1153566 0.1194463 0.1158239 0.1254573 0.1152506 0.1186193 0.1165803 0.1111647 0.1197017 0.1183404 0.1172110 0.0890763 0.1090475 0.1130159 0.1166345 0.1163941 0.1165847 0.1163941 0.1204889 0.1125249 0.0911714 0.2094332 0.1142938 0.1141478 0.1129714 0.1285200 0.1236264 0.1240256 0.0951833 0.1145475 0.1274955 0.1164382 0.1204952 0.0865194 0.0557112 0.1163941 0.1169383 0.1083546 0.1163168 0.1165410 0.1165587 0.0939289 0.1238491 0.1057238 0.1220920 0.1130256 0.1080717 0.1143345 0.0769073 
Helianthus_annuus_SRR9119062               0.3117621 0.3289036 0.3234385 0.3778748 0.3242042 0.0708462 0.2224851 0.1437677 0.0000000 0.2883606 0.3215960 0.2949251 0.3420201 0.3394206 0.3306227 0.3165434 0.3288418 0.4271942 0.2717649 0.2471016 0.2781104 0.3239325 0.0938033 0.3360442 0.3327050 0.3303769 0.3386010 0.3508869 0.3340051 0.2824730 0.1762282 0.3930180 0.3242569 0.2590163 0.3531553 0.2803264 0.3371249 0.2980728 0.3232264 0.3305898 0.3378571 0.3345938 0.3415953 0.3298121 0.3412155 0.3342627 0.3378525 0.2869943 0.3286831 0.3306298 0.3465767 0.3285136 0.3388007 0.3171217 0.3365065 0.2146896 0.3326179 0.2655442 0.2132623 0.3301672 0.3291728 0.2679412 0.1479206 0.3256236 0.1216962 0.3002380 0.3065300 0.3267235 0.2576644 0.2976990 0.2169440 0.3344353 0.3333375 0.3048490 0.3339530 0.3360970 0.3289217 0.1220974 0.3123580 0.3401581 0.2755186 0.3204928 0.1406316 0.3282335 0.3880406 
Lycapsus_tenuifolius_17                    0.0251699 0.2316670 0.0271317 0.2516617 0.0428329 0.0171364 0.1361224 0.1033912 0.2883606 0.0000000 0.0596583 0.0533638 0.0673365 0.0642663 0.0594974 0.1343078 0.0519863 0.1587366 0.0740088 0.0480733 0.0640047 0.0627641 0.0429828 0.0657806 0.0638618 0.0624465 0.0626128 0.1235849 0.1092861 0.0160467 0.0080431 0.1329231 0.0583567 0.0072026 0.0804213 0.0155368 0.0600254 0.0583273 0.0716779 0.1623224 0.0637747 0.0641866 0.0643361 0.0610358 0.0658572 0.0773540 0.0658417 0.0363167 0.0597479 0.0586610 0.0656699 0.0626787 0.0644273 0.0622600 0.0597850 0.0603253 0.0682393 0.1493922 0.0625087 0.0624216 0.0616135 0.0666792 0.0605303 0.0889161 0.0459299 0.0549617 0.0814588 0.0688744 0.0798267 0.0395320 0.0288867 0.0635310 0.0648228 0.0100408 0.0645993 0.0643630 0.0622303 0.0392944 0.0713987 0.1232335 0.0739185 0.0567221 0.0572687 0.0636636 0.1305007 
Pericome_caudata_50_silver                 0.0739525 0.2618514 0.0658325 0.2318479 0.0558679 0.0253463 0.1451007 0.1160482 0.3215960 0.0596583 0.0000000 0.0622745 0.0700456 0.0695554 0.0673836 0.1270854 0.0774347 0.2478598 0.0789588 0.0573368 0.0713287 0.0717320 0.0422340 0.0919595 0.0661087 0.0697916 0.0877493 0.1296963 0.1096691 0.0858574 0.0695994 0.1953328 0.0853288 0.0540170 0.0865189 0.0397378 0.0712269 0.0722414 0.0710588 0.1464534 0.0887294 0.0670797 0.0679345 0.0629446 0.0879798 0.0964754 0.0728674 0.0449610 0.0738412 0.0864097 0.0849343 0.0674518 0.0808248 0.0693188 0.0653625 0.0691460 0.0629103 0.1559360 0.0641587 0.0749302 0.0880259 0.0756656 0.0821348 0.0830795 0.0498980 0.0573636 0.0879141 0.0891288 0.0685457 0.0341752 0.1757872 0.0722304 0.0904823 0.0758231 0.0909901 0.0729276 0.0654177 0.0545018 0.0577990 0.1362685 0.0771149 0.0593923 0.0555244 0.0712962 0.1487863 
Perityle_aglossa_84_dead_horse             0.0567637 0.2165929 0.0698181 0.2436426 0.0525704 0.0087096 0.1377498 0.1062812 0.2949251 0.0533638 0.0622745 0.0000000 0.0057218 0.0011753 0.0011405 0.1011668 0.0000010 0.1874055 0.0586565 0.0000010 0.0061872 0.0046017 0.0032930 0.0022784 0.0000010 0.0045721 0.0514858 0.0517163 0.0467530 0.0830257 0.0641138 0.1682477 0.0798249 0.0473721 0.0257660 0.0278082 0.0478437 0.0035473 0.0588682 0.1011083 0.0011423 0.0011377 0.0448659 0.0034623 0.0525733 0.0662646 0.0068655 0.0312969 0.0034672 0.0046110 0.0475213 0.0000010 0.0022811 0.0011421 0.0493940 0.0015762 0.0290971 0.1147853 0.0426174 0.0034218 0.0034465 0.0341494 0.0472608 0.0604811 0.0327040 0.0000010 0.0497912 0.0553085 0.0804126 0.0394586 0.0000010 0.0000010 0.0022845 0.0780242 0.0068577 0.0068926 0.0057178 0.0044800 0.0731336 0.0437594 0.0100122 0.0000010 0.0329035 0.0045711 0.1497382 
Perityle_ajoensis_204                      0.0705968 0.2238450 0.0763122 0.2225054 0.0624178 0.0125531 0.1554363 0.1260671 0.3420201 0.0673365 0.0700456 0.0057218 0.0000000 0.0091551 0.0054258 0.1250923 0.0066627 0.2543182 0.0749511 0.0039960 0.0208158 0.0125056 0.0063590 0.0070733 0.0053963 0.0124430 0.0567587 0.0735552 0.0718727 0.0950459 0.0676431 0.1868205 0.0836126 0.0621986 0.0327716 0.0361264 0.0573310 0.0183952 0.0664456 0.1296167 0.0062070 0.0063325 0.0569433 0.0116639 0.0617667 0.0686278 0.0242938 0.0450931 0.0125762 0.0125814 0.0590512 0.0047734 0.0061889 0.0058423 0.0552973 0.0091152 0.0481832 0.1255055 0.0532389 0.0124473 0.0116018 0.0459025 0.0511648 0.0667106 0.0367247 0.0058289 0.0643423 0.0590380 0.0898310 0.0509375 0.1343655 0.0053011 0.0062037 0.0896693 0.0142198 0.0154800 0.0136710 0.0086189 0.0820238 0.0708049 0.0273652 0.0079848 0.0449777 0.0133556 0.1539617 
Perityle_ambrosiifolia_67_green            0.0682055 0.2228521 0.0772651 0.2299446 0.0608532 0.0125531 0.1460439 0.1163941 0.3394206 0.0642663 0.0695554 0.0011753 0.0091551 0.0000000 0.0031111 0.0891586 0.0041232 0.2403011 0.0681186 0.0029305 0.0173261 0.0133435 0.0031705 0.0071014 0.0030467 0.0132667 0.0584859 0.0571215 0.0563196 0.0937897 0.0656333 0.2014678 0.0840249 0.0575529 0.0323870 0.0347561 0.0557194 0.0150728 0.0639126 0.0875549 0.0040668 0.0050610 0.0553122 0.0125227 0.0600742 0.0712092 0.0226863 0.0407917 0.0123860 0.0134168 0.0588933 0.0031187 0.0060865 0.0042598 0.0566681 0.0015111 0.0358103 0.1174737 0.0460582 0.0122255 0.0123042 0.0414886 0.0483073 0.0635298 0.0340212 0.0011620 0.0613207 0.0611856 0.0819622 0.0461205 0.1074753 0.0050682 0.0061034 0.0887020 0.0142764 0.0163450 0.0142932 0.0064684 0.0766124 0.0498113 0.0237790 0.0063578 0.0394597 0.0132643 0.1376541 
Perityle_angustifolia_13_Eagle_creek       0.0603045 0.2230190 0.0678127 0.2215068 0.0545138 0.0085771 0.1414861 0.1094729 0.3306227 0.0594974 0.0673836 0.0011405 0.0054258 0.0031111 0.0000000 0.1167143 0.0027141 0.2469763 0.0604952 0.0027095 0.0117893 0.0069474 0.0032272 0.0034039 0.0009178 0.0069488 0.0508257 0.0682999 0.0654815 0.0891711 0.0634662 0.1949315 0.0800600 0.0533252 0.0258670 0.0297620 0.0494391 0.0105586 0.0558532 0.1202979 0.0008514 0.0027704 0.0496591 0.0059295 0.0558764 0.0637682 0.0137688 0.0359264 0.0060255 0.0060341 0.0499256 0.0009731 0.0042609 0.0019906 0.0492674 0.0015472 0.0437975 0.1130240 0.0404784 0.0059764 0.0051377 0.0337655 0.0470665 0.0552028 0.0322842 0.0000010 0.0558546 0.0688475 0.0764864 0.0446225 0.1411215 0.0017127 0.0025587 0.0821619 0.0085361 0.0095880 0.0074214 0.0044326 0.0713310 0.0666464 0.0169486 0.0039943 0.0296079 0.0069148 0.1470461 
Perityle_batopilensis_97                   0.1268850 0.2259870 0.1340108 0.2571689 0.1176161 0.0255972 0.1611978 0.1172872 0.3165434 0.1343078 0.1270854 0.1011668 0.1250923 0.0891586 0.1167143 0.0000000 0.0943636 0.2231664 0.0606682 0.1326285 0.1318536 0.1231158 0.0393406 0.1211553 0.1191456 0.1237008 0.0929760 0.1252401 0.1248009 0.1592731 0.0711913 0.2576111 0.1328103 0.1038404 0.1389364 0.0213090 0.0959822 0.1037572 0.0940892 0.0099951 0.1203778 0.1173755 0.0953947 0.1214250 0.0696801 0.1009382 0.1226887 0.0861816 0.1239556 0.1225125 0.0994031 0.1186132 0.1212571 0.1202725 0.0912592 0.0547108 0.1084755 0.1469568 0.0410328 0.1223248 0.1219436 0.0671399 0.0671302 0.0887099 0.0371932 0.0621004 0.1311187 0.0938112 0.0743527 0.1062925 0.0595131 0.1187392 0.1201785 0.1504557 0.1235411 0.1241654 0.1249125 0.0406263 0.0907647 0.1257657 0.1252269 0.1025094 0.0617450 0.1236799 0.1803723 
Perityle_bisetosa_9                        0.0536269 0.2177028 0.0618153 0.2184904 0.0457541 0.0084485 0.1403071 0.1114108 0.3288418 0.0519863 0.0774347 0.0000010 0.0066627 0.0041232 0.0027141 0.0943636 0.0000000 0.2387038 0.0557904 0.0014190 0.0072674 0.0081599 0.0031784 0.0066936 0.0029009 0.0063716 0.0453061 0.0493662 0.0450250 0.0793608 0.0598180 0.1934469 0.0704865 0.0450711 0.0242586 0.0247979 0.0425186 0.0058015 0.0504714 0.0849470 0.0058662 0.0029180 0.0399391 0.0030701 0.0478793 0.0594501 0.0080563 0.0275102 0.0044589 0.0067554 0.0436513 0.0000010 0.0156860 0.0010508 0.0423341 0.0015184 0.0275365 0.1143321 0.0396105 0.0044218 0.0058756 0.0361525 0.0461750 0.0520394 0.0289808 0.0000010 0.0499255 0.0677165 0.0754110 0.0356016 0.1430661 0.0017962 0.0058700 0.0738493 0.0100556 0.0089870 0.0068326 0.0043427 0.0639950 0.0433724 0.0146932 0.0050629 0.0370471 0.0054226 0.1336860 
Perityle_californica_76_positas            0.2009765 0.2393847 0.2212938 0.3845514 0.2234013 0.0297138 0.2014178 0.0995481 0.4271942 0.1587366 0.2478598 0.1874055 0.2543182 0.2403011 0.2469763 0.2231664 0.2387038 0.0000000 0.1661037 0.1828501 0.1726495 0.2436569 0.0466804 0.2471641 0.2473967 0.2437657 0.2377926 0.2521302 0.2452662 0.1700700 0.0771410 0.2749544 0.2247862 0.1380762 0.2700217 0.1803181 0.2449352 0.1914977 0.2442426 0.2600596 0.2467753 0.2480419 0.2520108 0.2332321 0.2539055 0.2605953 0.2518865 0.1951067 0.2399572 0.2378219 0.2555240 0.2383502 0.2485502 0.2311512 0.2379836 0.0742332 0.2529729 0.1681487 0.0759747 0.2412936 0.2418536 0.1267770 0.0704360 0.2350947 0.0488078 0.2019305 0.1911986 0.2547610 0.1431517 0.2269118 0.0496189 0.2457454 0.2444961 0.1917938 0.2426297 0.2428459 0.2432700 0.0508851 0.2301299 0.2619551 0.1889692 0.2390514 0.0631364 0.2422669 0.1037734 
Perityle_canescens_77                      0.0771351 0.2300024 0.0829247 0.2542474 0.0684606 0.0254257 0.1584645 0.1166443 0.2717649 0.0740088 0.0789588 0.0586565 0.0749511 0.0681186 0.0604952 0.0606682 0.0557904 0.1661037 0.0000000 0.0589555 0.0693225 0.0670600 0.0391044 0.0721176 0.0682883 0.0681411 0.0401607 0.0763097 0.0710447 0.1064218 0.0826174 0.1947281 0.0856928 0.0648696 0.0840999 0.0206327 0.0386203 0.0655319 0.0401535 0.0578473 0.0670726 0.0692658 0.0382552 0.0663541 0.0384824 0.0537431 0.0696353 0.0267107 0.0662652 0.0660579 0.0397845 0.0680129 0.0692397 0.0682307 0.0377889 0.0522959 0.0591345 0.1589370 0.0404774 0.0667131 0.0671178 0.0569910 0.0723645 0.0833369 0.0259982 0.0597455 0.0743971 0.0329975 0.0796866 0.0574635 0.0284910 0.0667112 0.0708697 0.0961127 0.0693634 0.0707869 0.0694664 0.0424034 0.0764180 0.0747844 0.0699618 0.0574666 0.0504634 0.0681266 0.1496009 
Perityle_castillonii_96                    0.0565064 0.0929528 0.0645080 0.2542914 0.0542580 0.0085102 0.1328819 0.0958096 0.2471016 0.0480733 0.0573368 0.0000010 0.0039960 0.0029305 0.0027095 0.1326285 0.0014190 0.1828501 0.0589555 0.0000000 0.0040425 0.0067142 0.0064394 0.0053316 0.0013366 0.0066790 0.0462729 0.0648002 0.0620170 0.0758878 0.0645392 0.1021382 0.0742731 0.0401921 0.0288635 0.0208030 0.0491234 0.0028945 0.0532712 0.1332639 0.0026690 0.0026579 0.0503827 0.0053725 0.0537797 0.0618607 0.0107418 0.0319760 0.0067145 0.0053751 0.0536104 0.0013282 0.0026624 0.0013327 0.0436949 0.0039404 0.0436928 0.0756727 0.0296987 0.0053314 0.0053708 0.0302404 0.0465622 0.0617383 0.0320366 0.0000010 0.0488824 0.0503310 0.0780405 0.0358140 0.0000010 0.0013299 0.0040053 0.0716897 0.0080080 0.0094288 0.0080120 0.0065704 0.0718953 0.0615005 0.0068973 0.0000010 0.0354354 0.0066774 0.1926102 
Perityle_cernua_84                         0.0657346 0.2037169 0.0775907 0.2545072 0.0614427 0.0083380 0.1518405 0.1114634 0.2781104 0.0640047 0.0713287 0.0061872 0.0208158 0.0173261 0.0117893 0.1318536 0.0072674 0.1726495 0.0693225 0.0040425 0.0000000 0.0150455 0.0031705 0.0184625 0.0150359 0.0149775 0.0579597 0.0614568 0.0551484 0.0855041 0.0632643 0.1605078 0.0878154 0.0523975 0.0341911 0.0311348 0.0585452 0.0121893 0.0654123 0.1303595 0.0150274 0.0161127 0.0593896 0.0127734 0.0650433 0.0726101 0.0185194 0.0376475 0.0139197 0.0139344 0.0622748 0.0149544 0.0161362 0.0149976 0.0558900 0.0095760 0.0390005 0.0996524 0.0441204 0.0137989 0.0138867 0.0415169 0.0455140 0.0690841 0.0313304 0.0080951 0.0582630 0.0610382 0.0878777 0.0507758 0.0039874 0.0149592 0.0173333 0.0846266 0.0172810 0.0185467 0.0161374 0.0064451 0.0848344 0.0529169 0.0170440 0.0073797 0.0367419 0.0149744 0.1742708 
Perityle_cfvillosa_25_tin                  0.0645968 0.2212029 0.0697008 0.2183199 0.0567012 0.0084155 0.1452749 0.1127856 0.3239325 0.0627641 0.0717320 0.0046017 0.0125056 0.0133435 0.0069474 0.1231158 0.0081599 0.2436569 0.0670600 0.0067142 0.0150455 0.0000000 0.0031929 0.0122402 0.0087880 0.0024547 0.0571469 0.0981411 0.0780297 0.0899220 0.0661170 0.1928510 0.0793329 0.0559683 0.0270329 0.0342362 0.0535006 0.0126629 0.0609635 0.1387035 0.0098046 0.0099475 0.0532828 0.0009690 0.0606212 0.0661895 0.0198776 0.0397991 0.0024652 0.0057779 0.0551307 0.0086656 0.0141992 0.0096018 0.0528708 0.0030395 0.0465654 0.1159524 0.0498161 0.0024453 0.0032437 0.0417277 0.0488207 0.0636337 0.0315770 0.0046883 0.0610333 0.0720273 0.0793680 0.0457346 0.1391083 0.0081912 0.0114417 0.0841691 0.0064929 0.0060699 0.0026700 0.0021612 0.0724753 0.0960552 0.0201939 0.0070135 0.0369562 0.0032625 0.1454497 
Perityle_cinerea_113_Powell1310            0.0392719 0.0639379 0.0488079 0.1442368 0.0322472 0.0084966 0.0977353 0.0648198 0.0938033 0.0429828 0.0422340 0.0032930 0.0063590 0.0031705 0.0032272 0.0393406 0.0031784 0.0466804 0.0391044 0.0064394 0.0031705 0.0031929 0.0000000 0.0095656 0.0031944 0.0031705 0.0357550 0.0290668 0.0257976 0.0459192 0.0491940 0.0790297 0.0355826 0.0302483 0.0259022 0.0102414 0.0255946 0.0031799 0.0225054 0.0357400 0.0032124 0.0031705 0.0293422 0.0032024 0.0294964 0.0273159 0.0031705 0.0100219 0.0031784 0.0031973 0.0330352 0.0031705 0.0031784 0.0031705 0.0357550 0.0031864 0.0131512 0.0356782 0.0257838 0.0031705 0.0031929 0.0160102 0.0444912 0.0355621 0.0357550 0.0032919 0.0260988 0.0300316 0.0426288 0.0165450 0.0041958 0.0031705 0.0063836 0.0457798 0.0063452 0.0063585 0.0063492 0.0031849 0.0423532 0.0257527 0.0031849 0.0032790 0.0224505 0.0031705 0.0208684 
Perityle_coahuilensis_24                   0.0720646 0.2287204 0.0741393 0.2322228 0.0603435 0.0210773 0.1495332 0.1188545 0.3360442 0.0657806 0.0919595 0.0022784 0.0070733 0.0071014 0.0034039 0.1211553 0.0066936 0.2471641 0.0721176 0.0053316 0.0184625 0.0122402 0.0095656 0.0000000 0.0034805 0.0107168 0.0560611 0.1258318 0.0895074 0.0949262 0.0698260 0.1948226 0.0891912 0.0581954 0.0297057 0.0353156 0.0555130 0.0172072 0.0628596 0.1452270 0.0041339 0.0044783 0.0626489 0.0106721 0.0605790 0.0706206 0.0220518 0.0417210 0.0092574 0.0263593 0.0561352 0.0028568 0.0135594 0.0037984 0.0546858 0.0045332 0.0485059 0.1191569 0.0495228 0.0093855 0.0083920 0.0443401 0.0510857 0.0619612 0.0394419 0.0034855 0.0617127 0.0765728 0.0849700 0.0488313 0.1450979 0.0040409 0.0000010 0.0883208 0.0176900 0.0136957 0.0115901 0.0107943 0.0794329 0.1313331 0.0249064 0.0059727 0.0449354 0.0103195 0.1499289 
Perityle_cochisensis_44_cave_creek         0.0672909 0.2241376 0.0725460 0.2239066 0.0575797 0.0126778 0.1465116 0.1169812 0.3327050 0.0638618 0.0661087 0.0000010 0.0053963 0.0030467 0.0009178 0.1191456 0.0029009 0.2473967 0.0682883 0.0013366 0.0150359 0.0087880 0.0031944 0.0034805 0.0000000 0.0087446 0.0559007 0.0928442 0.0791690 0.0912543 0.0658945 0.1820272 0.0834430 0.0572278 0.0295712 0.0332104 0.0525130 0.0137855 0.0607450 0.1344381 0.0017448 0.0017947 0.0521638 0.0077769 0.0563198 0.0635619 0.0221512 0.0396960 0.0088377 0.0088404 0.0542609 0.0000010 0.0026367 0.0009515 0.0523215 0.0015137 0.0457458 0.1175587 0.0462108 0.0087475 0.0079022 0.0415573 0.0486149 0.0619562 0.0342325 0.0000010 0.0595923 0.0571192 0.0821945 0.0452967 0.1354441 0.0026105 0.0026164 0.0851513 0.0104941 0.0120176 0.0089317 0.0064845 0.0760330 0.0897963 0.0213995 0.0029920 0.0397058 0.0096370 0.1479929 
Perityle_congesta_202                      0.0691902 0.2228836 0.0702905 0.2212478 0.0563961 0.0083380 0.1479192 0.1166669 0.3303769 0.0624465 0.0697916 0.0045721 0.0124430 0.0132667 0.0069488 0.1237008 0.0063716 0.2437657 0.0681411 0.0066790 0.0149775 0.0024547 0.0031705 0.0107168 0.0087446 0.0000000 0.0570047 0.1284110 0.0916948 0.0894651 0.0655859 0.1880115 0.0839465 0.0556967 0.0275078 0.0353844 0.0541398 0.0125926 0.0610943 0.1441896 0.0084383 0.0099041 0.0537173 0.0009637 0.0578536 0.0653940 0.0209085 0.0395594 0.0023648 0.0203685 0.0548093 0.0086188 0.0108662 0.0095501 0.0529198 0.0045331 0.0474237 0.1153208 0.0496246 0.0030473 0.0022915 0.0444001 0.0483073 0.0643651 0.0313304 0.0046576 0.0618779 0.0663055 0.0803682 0.0452441 0.1380724 0.0081875 0.0101470 0.0836410 0.0053320 0.0060711 0.0026585 0.0021430 0.0745466 0.1345256 0.0201189 0.0069795 0.0394561 0.0038115 0.1445998 
Perityle_cordifolia_27                     0.0694565 0.2189582 0.0665170 0.2245308 0.0505435 0.0211252 0.1476259 0.1223155 0.3386010 0.0626128 0.0877493 0.0514858 0.0567587 0.0584859 0.0508257 0.0929760 0.0453061 0.2377926 0.0401607 0.0462729 0.0579597 0.0571469 0.0357550 0.0560611 0.0559007 0.0570047 0.0000000 0.1338106 0.1029785 0.0981486 0.0702346 0.1879982 0.0807548 0.0572788 0.0667919 0.0136402 0.0304880 0.0588904 0.0355741 0.1204473 0.0553140 0.0546297 0.0460326 0.0527954 0.0320010 0.0352369 0.0553577 0.0188704 0.0557574 0.0685028 0.0331452 0.0541855 0.0645491 0.0560849 0.0024769 0.0491127 0.0550390 0.1372798 0.0215464 0.0548699 0.0540432 0.0616043 0.0692525 0.0707718 0.0025486 0.0509459 0.0767163 0.0255670 0.0719069 0.0435198 0.1676786 0.0543066 0.0566327 0.0849791 0.0565077 0.0561644 0.0540956 0.0401098 0.0676269 0.1512513 0.0645791 0.0499166 0.0504434 0.0538475 0.1361419 
Perityle_cordifolia_68_tecolote            0.1556842 0.2455175 0.0933935 0.2256306 0.0855831 0.0254016 0.1718480 0.1301639 0.3508869 0.1235849 0.1296963 0.0517163 0.0735552 0.0571215 0.0682999 0.1252401 0.0493662 0.2521302 0.0763097 0.0648002 0.0614568 0.0981411 0.0290668 0.1258318 0.0928442 0.1284110 0.1338106 0.0000000 0.0526978 0.1077964 0.0785406 0.2652737 0.1659380 0.0717208 0.1477767 0.0412485 0.1210191 0.0595760 0.1490471 0.1666133 0.1207873 0.0778294 0.1403946 0.0608811 0.0644803 0.1515691 0.1307116 0.0576342 0.1190364 0.1058642 0.1182289 0.0722689 0.0976042 0.0909567 0.0814551 0.0450707 0.0350019 0.0870184 0.0586134 0.1277112 0.1234467 0.0324145 0.0651769 0.0512093 0.0504802 0.0490037 0.0384841 0.1389421 0.0863338 0.1071688 0.1569883 0.0948073 0.1179819 0.0986741 0.1264990 0.0662437 0.0863040 0.0418040 0.0889186 0.1263309 0.0728734 0.0524002 0.0313550 0.1259617 0.1337002 
Perityle_coronopifolia_28_patagonia        0.1171499 0.2315827 0.0915130 0.2141509 0.0836219 0.0168551 0.1641357 0.1127961 0.3340051 0.1092861 0.1096691 0.0467530 0.0718727 0.0563196 0.0654815 0.1248009 0.0450250 0.2452662 0.0710447 0.0620170 0.0551484 0.0780297 0.0257976 0.0895074 0.0791690 0.0916948 0.1029785 0.0526978 0.0000000 0.0993267 0.0663656 0.2483683 0.1192705 0.0651875 0.1131532 0.0391893 0.0947037 0.0560506 0.1103707 0.1410399 0.0898420 0.0731794 0.1034373 0.0611515 0.0654287 0.1105649 0.0926528 0.0602093 0.0884389 0.0860401 0.0989088 0.0702417 0.0827362 0.0852332 0.0796435 0.0391001 0.0374174 0.1145116 0.0501662 0.0918934 0.0891681 0.0298226 0.0517705 0.0492164 0.0395653 0.0480579 0.0088792 0.1186714 0.0885454 0.0858313 0.1569704 0.0771109 0.0888596 0.0964649 0.0914239 0.0635362 0.0808514 0.0332171 0.0866764 0.0845142 0.0677134 0.0514959 0.0260948 0.0912836 0.1315374 
Perityle_crassifolia_70_ventanas           0.0557738 0.2224273 0.0641880 0.2762014 0.0725796 0.0211154 0.1523266 0.1108466 0.2824730 0.0160467 0.0858574 0.0830257 0.0950459 0.0937897 0.0891711 0.1592731 0.0793608 0.1700700 0.1064218 0.0758878 0.0855041 0.0899220 0.0459192 0.0949262 0.0912543 0.0894651 0.0981486 0.1077964 0.0993267 0.0000000 0.0140889 0.1539998 0.0701511 0.0158697 0.1090834 0.0295328 0.0923023 0.0870569 0.1007471 0.1546921 0.0911973 0.0920468 0.0930576 0.0890353 0.1004281 0.1103707 0.0912476 0.0655462 0.0875917 0.0871597 0.0963967 0.0906991 0.0921976 0.0908819 0.0961753 0.0752407 0.0771490 0.1705857 0.0847587 0.0879800 0.0886073 0.0852726 0.0737077 0.1095796 0.0508666 0.0831379 0.1001480 0.1036159 0.0986476 0.0634943 0.0325605 0.0892703 0.0923606 0.0121278 0.0906787 0.0912099 0.0908145 0.0555600 0.0962997 0.0911257 0.0912681 0.0850880 0.0594503 0.0894467 0.1664193 
Perityle_crassifolia_74_playa_balandra     0.0383406 0.0730972 0.0461115 0.2241270 0.0523927 0.0211154 0.1278408 0.1017840 0.1762282 0.0080431 0.0695994 0.0641138 0.0676431 0.0656333 0.0634662 0.0711913 0.0598180 0.0771410 0.0826174 0.0645392 0.0632643 0.0661170 0.0491940 0.0698260 0.0658945 0.0655859 0.0702346 0.0785406 0.0663656 0.0140889 0.0000000 0.0623257 0.0506126 0.0081249 0.0861536 0.0170484 0.0596842 0.0614822 0.0677221 0.0731209 0.0638448 0.0654711 0.0665594 0.0660999 0.0692395 0.0746198 0.0678994 0.0300339 0.0637841 0.0618262 0.0713985 0.0654711 0.0677511 0.0635289 0.0685918 0.0613191 0.0613764 0.0861082 0.0614996 0.0654815 0.0661170 0.0742884 0.0618426 0.1041152 0.0544320 0.0618119 0.0624159 0.0784714 0.0865649 0.0417561 0.0325605 0.0655959 0.0657612 0.0039101 0.0675585 0.0676482 0.0675867 0.0550344 0.0794922 0.0741725 0.0677802 0.0639559 0.0554858 0.0677333 0.0506468 
Perityle_cuneata_34_cuneata_San_antonio    0.1497160 0.2672805 0.1606757 0.3121954 0.1577311 0.0300656 0.2452798 0.2160404 0.3930180 0.1329231 0.1953328 0.1682477 0.1868205 0.2014678 0.1949315 0.2576111 0.1934469 0.2749544 0.1947281 0.1021382 0.1605078 0.1928510 0.0790297 0.1948226 0.1820272 0.1880115 0.1879982 0.2652737 0.2483683 0.1539998 0.0623257 0.0000000 0.1658357 0.1252477 0.1909086 0.1772921 0.1735255 0.1783695 0.1825035 0.2929490 0.1901986 0.1856194 0.1829786 0.1865147 0.1979030 0.1948302 0.1914031 0.1625569 0.1855273 0.1919610 0.1837569 0.1875397 0.1945487 0.1779994 0.1930329 0.1930455 0.1770146 0.1997547 0.1658070 0.1894917 0.1903768 0.2071044 0.0724623 0.2398302 0.0802266 0.1864110 0.2024038 0.2034162 0.2241216 0.1685063 0.1200554 0.1906472 0.1924032 0.1547890 0.1905037 0.2040805 0.1824142 0.0735609 0.1982652 0.2302520 0.1690601 0.1815314 0.1335264 0.1923884 0.2879731 
Perityle_cuneata_4                         0.0613463 0.2238053 0.0565304 0.2194391 0.0633028 0.0210925 0.1558179 0.1163589 0.3242569 0.0583567 0.0853288 0.0798249 0.0836126 0.0840249 0.0800600 0.1328103 0.0704865 0.2247862 0.0856928 0.0742731 0.0878154 0.0793329 0.0355826 0.0891912 0.0834430 0.0839465 0.0807548 0.1659380 0.1192705 0.0701511 0.0506126 0.1658357 0.0000000 0.0424418 0.0994857 0.0385092 0.0839957 0.0859780 0.0836004 0.1542403 0.0860274 0.0787287 0.0821649 0.0775175 0.0856953 0.0919538 0.0877782 0.0530102 0.0817925 0.0985029 0.0875053 0.0820741 0.0857026 0.0850979 0.0737902 0.0778563 0.0766170 0.1629605 0.0739301 0.0857061 0.0851753 0.0857480 0.0827089 0.0875368 0.0533010 0.0766225 0.0960636 0.0939660 0.0832425 0.0582946 0.1675161 0.0840766 0.0849577 0.0657756 0.0882210 0.0838549 0.0809729 0.0453378 0.0748977 0.1745884 0.0930718 0.0786464 0.0643845 0.0853986 0.1383752 
Perityle_discoidea_81                      0.0011933 0.1971988 0.0106835 0.2521895 0.0377788 0.0086273 0.1199428 0.0841009 0.2590163 0.0072026 0.0540170 0.0473721 0.0621986 0.0575529 0.0533252 0.1038404 0.0450711 0.1380762 0.0648696 0.0401921 0.0523975 0.0559683 0.0302483 0.0581954 0.0572278 0.0556967 0.0572788 0.0717208 0.0651875 0.0158697 0.0081249 0.1252477 0.0424418 0.0000000 0.0747881 0.0116469 0.0566060 0.0516784 0.0650902 0.0996474 0.0571934 0.0581631 0.0560873 0.0538336 0.0615748 0.0723017 0.0571529 0.0298242 0.0525408 0.0510786 0.0603180 0.0568951 0.0582541 0.0557669 0.0549775 0.0477620 0.0477497 0.1379541 0.0482026 0.0543475 0.0546548 0.0611005 0.0573426 0.0849953 0.0352990 0.0473569 0.0672501 0.0618156 0.0703701 0.0329224 0.0207697 0.0556440 0.0582987 0.0155900 0.0581712 0.0572016 0.0569650 0.0301227 0.0653536 0.0612618 0.0583392 0.0479207 0.0466660 0.0556850 0.1249518 
Perityle_dissecta_201                      0.0876496 0.2200669 0.0840279 0.2308516 0.0711547 0.0122338 0.1688218 0.1498075 0.3531553 0.0804213 0.0865189 0.0257660 0.0327716 0.0323870 0.0258670 0.1389364 0.0242586 0.2700217 0.0840999 0.0288635 0.0341911 0.0270329 0.0259022 0.0297057 0.0295712 0.0275078 0.0667919 0.1477767 0.1131532 0.1090834 0.0861536 0.1909086 0.0994857 0.0747881 0.0000000 0.0484936 0.0660034 0.0280361 0.0761918 0.1610430 0.0273230 0.0304197 0.0944140 0.0278176 0.0663354 0.0723404 0.0343398 0.0544556 0.0268405 0.0451088 0.0659007 0.0304644 0.0301729 0.0323680 0.0633730 0.0297366 0.0614154 0.1365206 0.0724211 0.0267738 0.0258240 0.0646290 0.0628596 0.0805992 0.0571564 0.0238986 0.0828600 0.0702478 0.1052034 0.0607712 0.1380724 0.0278053 0.0297689 0.1015447 0.0285448 0.0305749 0.0291992 0.0308466 0.0927761 0.1657912 0.0400520 0.0265450 0.0626134 0.0275158 0.1624561 
Perityle_emoryi_47_punta_san_jose          0.0102648 0.1767212 0.0169190 0.1846750 0.0191394 0.0043215 0.1151759 0.0924476 0.2803264 0.0155368 0.0397378 0.0278082 0.0361264 0.0347561 0.0297620 0.0213090 0.0247979 0.1803181 0.0206327 0.0208030 0.0311348 0.0342362 0.0102414 0.0353156 0.0332104 0.0353844 0.0136402 0.0412485 0.0391893 0.0295328 0.0170484 0.1772921 0.0385092 0.0116469 0.0484936 0.0000000 0.0211274 0.0346035 0.0198404 0.0177163 0.0332677 0.0334803 0.0207901 0.0305490 0.0254141 0.0278686 0.0312023 0.0067552 0.0324658 0.0323959 0.0231779 0.0319755 0.0375572 0.0342618 0.0126309 0.0284468 0.0234827 0.1254300 0.0125119 0.0331445 0.0333401 0.0370603 0.0402812 0.0525640 0.0082825 0.0273686 0.0476059 0.0359596 0.0421647 0.0149662 0.1507273 0.0326703 0.0343090 0.0277330 0.0363966 0.0356340 0.0335873 0.0140716 0.0359802 0.0368294 0.0361970 0.0301201 0.0307392 0.0340127 0.0613365 
Perityle_feddemae_99                       0.0688403 0.2135876 0.0666853 0.2290081 0.0488875 0.0168084 0.1409111 0.1153566 0.3371249 0.0600254 0.0712269 0.0478437 0.0573310 0.0557194 0.0494391 0.0959822 0.0425186 0.2449352 0.0386203 0.0491234 0.0585452 0.0535006 0.0255946 0.0555130 0.0525130 0.0541398 0.0304880 0.1210191 0.0947037 0.0923023 0.0596842 0.1735255 0.0839957 0.0566060 0.0660034 0.0211274 0.0000000 0.0529944 0.0374732 0.1237087 0.0539185 0.0531021 0.0134886 0.0510557 0.0132028 0.0416071 0.0577814 0.0198364 0.0517525 0.0629917 0.0157333 0.0525323 0.0560864 0.0545240 0.0276726 0.0404320 0.0576514 0.1302858 0.0289614 0.0530065 0.0522627 0.0543784 0.0607627 0.0669626 0.0172783 0.0459361 0.0718120 0.0484084 0.0693392 0.0480305 0.1524382 0.0521244 0.0547944 0.0809560 0.0554647 0.0550731 0.0525604 0.0339553 0.0655853 0.1283320 0.0615347 0.0479202 0.0533921 0.0539142 0.1472611 
Perityle_fosteri_93                        0.0641500 0.2205064 0.0770957 0.2523725 0.0611784 0.0083380 0.1480157 0.1194463 0.2980728 0.0583273 0.0722414 0.0035473 0.0183952 0.0150728 0.0105586 0.1037572 0.0058015 0.1914977 0.0655319 0.0028945 0.0121893 0.0126629 0.0031799 0.0172072 0.0137855 0.0125926 0.0588904 0.0595760 0.0560506 0.0870569 0.0614822 0.1783695 0.0859780 0.0516784 0.0280361 0.0346035 0.0529944 0.0000000 0.0650658 0.1048377 0.0137901 0.0148745 0.0513229 0.0104122 0.0566908 0.0735869 0.0161005 0.0364704 0.0104267 0.0115480 0.0553578 0.0137236 0.0160586 0.0137630 0.0568365 0.0091507 0.0293640 0.1158051 0.0480075 0.0114261 0.0114983 0.0430355 0.0429302 0.0711402 0.0315368 0.0063044 0.0592114 0.0632134 0.0888560 0.0456985 0.0040125 0.0125773 0.0161092 0.0841034 0.0148813 0.0161242 0.0137438 0.0043161 0.0801126 0.0440893 0.0185250 0.0059801 0.0397200 0.0125899 0.1545365 
Perityle_gamon_221                         0.0732353 0.2276554 0.0745039 0.2199903 0.0564583 0.0125851 0.1493054 0.1158239 0.3232264 0.0716779 0.0710588 0.0588682 0.0664456 0.0639126 0.0558532 0.0940892 0.0504714 0.2442426 0.0401535 0.0532712 0.0654123 0.0609635 0.0225054 0.0628596 0.0607450 0.0610943 0.0355741 0.1490471 0.1103707 0.1007471 0.0677221 0.1825035 0.0836004 0.0650902 0.0761918 0.0198404 0.0374732 0.0650658 0.0000000 0.1214910 0.0586925 0.0623473 0.0352225 0.0589824 0.0407655 0.0120131 0.0620784 0.0295579 0.0612331 0.0787869 0.0398278 0.0592706 0.0639275 0.0622226 0.0333072 0.0506773 0.0629323 0.1409311 0.0350648 0.0602154 0.0596190 0.0601371 0.0633995 0.0809602 0.0154432 0.0558945 0.0791522 0.0329430 0.0675737 0.0510476 0.1578687 0.0608029 0.0629000 0.0897285 0.0619301 0.0637162 0.0617658 0.0309579 0.0653490 0.1522799 0.0668406 0.0573236 0.0394459 0.0611887 0.1359433 
Perityle_gentryi_8_san_francisco           0.1593737 0.2263312 0.1338387 0.2408391 0.1184960 0.0210851 0.1621763 0.1254573 0.3305898 0.1623224 0.1464534 0.1011083 0.1296167 0.0875549 0.1202979 0.0099951 0.0849470 0.2600596 0.0578473 0.1332639 0.1303595 0.1387035 0.0357400 0.1452270 0.1344381 0.1441896 0.1204473 0.1666133 0.1410399 0.1546921 0.0731209 0.2929490 0.1542403 0.0996474 0.1610430 0.0177163 0.1237087 0.1048377 0.1214910 0.0000000 0.1437069 0.1237920 0.1227568 0.1146943 0.0613183 0.1307760 0.1452375 0.1019057 0.1437924 0.1424432 0.1189799 0.1271622 0.1311265 0.1388667 0.0942287 0.0542171 0.1028480 0.1502711 0.0374297 0.1430542 0.1427622 0.0683010 0.0636411 0.0846698 0.0313978 0.0600626 0.1329106 0.1173348 0.0766472 0.1303032 0.1546894 0.1381822 0.1446222 0.1488225 0.1440311 0.1136067 0.1303523 0.0402160 0.0907060 0.1826455 0.1237123 0.0977901 0.0559398 0.1433341 0.1682642 
Perityle_gilensis_22_Superstition          0.0703593 0.2190983 0.0714575 0.2283535 0.0575529 0.0084405 0.1432072 0.1152506 0.3378571 0.0637747 0.0887294 0.0011423 0.0062070 0.0040668 0.0008514 0.1203778 0.0058662 0.2467753 0.0670726 0.0026690 0.0150274 0.0098046 0.0032124 0.0041339 0.0017448 0.0084383 0.0553140 0.1207873 0.0898420 0.0911973 0.0638448 0.1901986 0.0860274 0.0571934 0.0273230 0.0332677 0.0539185 0.0137901 0.0586925 0.1437069 0.0000000 0.0035931 0.0532725 0.0077732 0.0588091 0.0664638 0.0211432 0.0396753 0.0077334 0.0249124 0.0545169 0.0019104 0.0135988 0.0028576 0.0530385 0.0015160 0.0463835 0.1140667 0.0428337 0.0074105 0.0070420 0.0401732 0.0458718 0.0610980 0.0316707 0.0000010 0.0608044 0.0740931 0.0808272 0.0462451 0.1426453 0.0040529 0.0035978 0.0851055 0.0103803 0.0120040 0.0089278 0.0043311 0.0736799 0.1275883 0.0213871 0.0039863 0.0372203 0.0083273 0.1465345 
Perityle_gilensis_salensis_225             0.0676716 0.2228521 0.0739003 0.2226898 0.0573060 0.0125531 0.1475116 0.1186193 0.3345938 0.0641866 0.0670797 0.0011377 0.0063325 0.0050610 0.0027704 0.1173755 0.0029180 0.2480419 0.0692658 0.0026579 0.0161127 0.0099475 0.0031705 0.0044783 0.0017947 0.0099041 0.0546297 0.0778294 0.0731794 0.0920468 0.0654711 0.1856194 0.0787287 0.0581631 0.0304197 0.0334803 0.0531021 0.0148745 0.0623473 0.1237920 0.0035931 0.0000000 0.0526984 0.0087194 0.0566821 0.0654769 0.0227794 0.0405828 0.0100044 0.0100157 0.0549006 0.0019027 0.0035799 0.0028866 0.0535214 0.0030187 0.0460213 0.1151554 0.0494026 0.0099005 0.0090404 0.0428717 0.0510479 0.0624522 0.0366790 0.0011599 0.0617753 0.0568515 0.0833307 0.0446535 0.1319130 0.0035828 0.0035886 0.0858618 0.0117042 0.0120848 0.0108175 0.0064517 0.0768891 0.0789282 0.0224532 0.0039692 0.0421368 0.0108240 0.1495513 
Perityle_glaucescens_94                    0.0680973 0.2175473 0.0673531 0.2179422 0.0516110 0.0290159 0.1494123 0.1165803 0.3415953 0.0643361 0.0679345 0.0448659 0.0569433 0.0553122 0.0496591 0.0953947 0.0399391 0.2520108 0.0382552 0.0503827 0.0593896 0.0532828 0.0293422 0.0626489 0.0521638 0.0537173 0.0460326 0.1403946 0.1034373 0.0930576 0.0665594 0.1829786 0.0821649 0.0560873 0.0944140 0.0207901 0.0134886 0.0513229 0.0352225 0.1227568 0.0532725 0.0526984 0.0000000 0.0495742 0.0077929 0.0675133 0.0845693 0.0207710 0.0529084 0.0700442 0.0050832 0.0521482 0.0551134 0.0541261 0.0267211 0.0453117 0.0561743 0.1430441 0.0342503 0.0697120 0.0527483 0.0620470 0.0693461 0.0715557 0.0172058 0.0455566 0.0739242 0.0321006 0.0752970 0.0488155 0.1613886 0.0530938 0.0556052 0.0816467 0.0811151 0.0534574 0.0522041 0.0413857 0.0688702 0.1641935 0.0622897 0.0463913 0.0532397 0.0749422 0.1471781 
Perityle_gracilis_11                       0.0617697 0.2248723 0.0702866 0.2298723 0.0547120 0.0084485 0.1477552 0.1111647 0.3298121 0.0610358 0.0629446 0.0034623 0.0116639 0.0125227 0.0059295 0.1214250 0.0030701 0.2332321 0.0663541 0.0053725 0.0127734 0.0009690 0.0032024 0.0106721 0.0077769 0.0009637 0.0527954 0.0608811 0.0611515 0.0890353 0.0660999 0.1865147 0.0775175 0.0538336 0.0278176 0.0305490 0.0510557 0.0104122 0.0589824 0.1146943 0.0077732 0.0087194 0.0495742 0.0000000 0.0542106 0.0656263 0.0146731 0.0372476 0.0009706 0.0009727 0.0529636 0.0078597 0.0097012 0.0090463 0.0510303 0.0030658 0.0437472 0.1167491 0.0486366 0.0000010 0.0000010 0.0420415 0.0489630 0.0627140 0.0318098 0.0035287 0.0601563 0.0561732 0.0785024 0.0408501 0.1085377 0.0067726 0.0097270 0.0821434 0.0028911 0.0038840 0.0019282 0.0021698 0.0729999 0.0600576 0.0191315 0.0052095 0.0371653 0.0009636 0.1434454 
