83
Amauria_brandeegeana_62                    0.0000000 0.0405672 0.1055460 0.1563391 0.0780175 0.0196784 0.1261948 0.1400382 0.1732224 0.0719751 0.1051383 0.0980627 0.1020756 0.0936373 0.0771977 0.1155449 0.0909946 0.0545389 0.0786914 0.0812896 0.0896304 0.0894731 0.0554267 0.0970836 0.0893804 0.0869218 0.0988978 0.1083912 0.1074859 0.0384187 0.0634228 0.1265178 0.0993567 0.0679294 0.0966198 0.1154790 0.0938107 0.1341336 0.0958100 0.2185747 0.0951446 0.1351028 0.0792876 0.1126469 0.1335185 0.0974566 0.0168369 0.0841377 0.0962994 0.0907385 0.1031275 0.0985253 0.0986771 0.0999254 0.0834404 0.0905501 0.0487673 0.0610095 0.0943532 0.0958044 0.1292635 0.1213376 0.1523176 0.0552935 0.0920826 0.0878204 0.0997617 0.0949333 0.1086964 0.0946480 0.0796450 0.0965327 0.0569674 0.1017847 0.0953674 0.0989547 0.0303780 0.0960332 0.1180597 0.0993843 0.0973720 0.1017977 0.0962882 
Amauria_carterae_99_mesa                   0.0405672 0.0000000 0.0283965 0.1513561 0.0479461 0.0422620 0.0987855 0.1320340 0.1509450 0.0253514 0.0543139 0.0542855 0.0568702 0.0500553 0.0466746 0.0615548 0.0471416 0.0444996 0.0544150 0.0477332 0.0465832 0.0480703 0.0629724 0.0488231 0.0532467 0.0533510 0.0552492 0.0614435 0.0564274 0.0482931 0.0599412 0.0654288 0.0481514 0.0230924 0.0476804 0.0623051 0.0533582 0.0529576 0.0613854 0.1787240 0.0500145 0.0566047 0.0512627 0.0596068 0.0596916 0.0511504 0.0199830 0.0499517 0.0522015 0.0564986 0.0523082 0.0535719 0.0489559 0.0576632 0.0467511 0.0685983 0.0605285 0.0537808 0.0502644 0.0510585 0.0611874 0.1274570 0.0979803 0.0578855 0.0492394 0.0555312 0.0564180 0.0630893 0.0465890 0.1057693 0.0524344 0.0490104 0.0532388 0.0577894 0.0511030 0.0567138 0.0432317 0.0644067 0.0547272 0.0522958 0.0477238 0.0672467 0.0510531 
Amauria_rotundifolia_SRR9119150            0.1055460 0.0283965 0.0000000 0.1686603 0.0442307 0.0224985 0.1537163 0.1309114 0.1887352 0.0435471 0.0735904 0.1086357 0.1224959 0.1133732 0.0844739 0.1250079 0.1080661 0.0399772 0.0542613 0.0902668 0.1064218 0.1120017 0.0562197 0.1137911 0.1093431 0.1000587 0.1156223 0.1202172 0.0802162 0.0409214 0.0729726 0.1342261 0.0866856 0.0367312 0.1133029 0.0942033 0.1149774 0.1015552 0.0982484 0.2342796 0.1467999 0.1054976 0.0855969 0.0905966 0.1170234 0.1098285 0.0202676 0.0936500 0.1139462 0.0592867 0.1216215 0.1149998 0.1136954 0.1165584 0.0951787 0.0962395 0.0554612 0.0615026 0.1113065 0.1133314 0.1065951 0.1292794 0.1963067 0.0603834 0.1031998 0.0572003 0.1165471 0.0664723 0.0888863 0.1004692 0.0910189 0.1133650 0.0517213 0.1201860 0.1098424 0.1205886 0.0317625 0.0652707 0.1011266 0.1153009 0.1076828 0.0926149 0.1130872 
Conoclinium_coelestinum_SRR9119114         0.1563391 0.1513561 0.1686603 0.0000000 0.1542485 0.1483361 0.1398079 0.1633947 0.2154549 0.1452943 0.1680257 0.1477772 0.1591217 0.1483683 0.1472680 0.1502786 0.1430180 0.1504113 0.1472112 0.1495508 0.1475604 0.1479405 0.1486112 0.1467290 0.1500236 0.1518646 0.1465819 0.1528005 0.1731548 0.1462464 0.1838703 0.1730733 0.1782754 0.1467717 0.1493946 0.1769371 0.1530961 0.1790460 0.1488872 0.2879762 0.1506286 0.1751710 0.1487222 0.1678163 0.1801984 0.1502899 0.1177138 0.1455062 0.1524440 0.1676265 0.1520418 0.1488523 0.1530691 0.1525640 0.1513943 0.1634088 0.1357982 0.1417307 0.1489546 0.1494194 0.1674349 0.2180795 0.2068918 0.1434629 0.1434409 0.1616348 0.1488784 0.1655907 0.1522721 0.1976246 0.1509321 0.1472599 0.1551683 0.1549304 0.1503042 0.1537563 0.1418028 0.1648393 0.1673123 0.1519334 0.1528729 0.1696536 0.1491434 
Eutetras_palmeri_63                        0.0780175 0.0479461 0.0442307 0.1542485 0.0000000 0.0030058 0.1040814 0.1246582 0.1806401 0.0284821 0.0443059 0.0554231 0.0620025 0.0520190 0.0553777 0.0670885 0.0496151 0.0465574 0.0406722 0.0533088 0.0602380 0.0511125 0.0436783 0.0570998 0.0538600 0.0524567 0.0568922 0.0640867 0.0494866 0.0421708 0.0606961 0.0988891 0.0411987 0.0318606 0.0544867 0.0465002 0.0582617 0.0515395 0.0677250 0.1699699 0.0738925 0.0476900 0.0518061 0.0890844 0.0566714 0.0586088 0.0138647 0.0508787 0.0536553 0.0468760 0.0587367 0.0541738 0.0533619 0.0593776 0.0564479 0.0604568 0.0456803 0.0568775 0.0526361 0.0524777 0.0452547 0.1136446 0.1096278 0.0504454 0.0519059 0.0423442 0.0585466 0.0549313 0.0331210 0.0922863 0.0560196 0.0565655 0.0465237 0.0568200 0.0523485 0.0567223 0.0290781 0.0560560 0.0523301 0.0545300 0.0566689 0.0605580 0.0523589 
Eutetras_pringlei_149_quer                 0.0196784 0.0422620 0.0224985 0.1483361 0.0030058 0.0000000 0.0815415 0.1490532 0.1205404 0.0196392 0.0275032 0.0335953 0.0339869 0.0276287 0.0275613 0.0245691 0.0215098 0.0306306 0.0213754 0.0244792 0.0275514 0.0244388 0.0215217 0.0307091 0.0275308 0.0274855 0.0244445 0.0370586 0.0274021 0.0246288 0.0274901 0.0275159 0.0275112 0.0164694 0.0244154 0.0273852 0.0213507 0.0306300 0.0245017 0.0700968 0.0307809 0.0243312 0.0244749 0.0273954 0.0369661 0.0306798 0.0064382 0.0243753 0.0244388 0.0243945 0.0338309 0.0307760 0.0245084 0.0244411 0.0275206 0.0306090 0.0375719 0.0277761 0.0245389 0.0243753 0.0277399 0.0594494 0.0389099 0.0243776 0.0277604 0.0213093 0.0243776 0.0257482 0.0162994 0.0257326 0.0245622 0.0307897 0.0250179 0.0337370 0.0244388 0.0275346 0.0184706 0.0257482 0.0151889 0.0275405 0.0306867 0.0306349 0.0245027 
Eutrochium_fistulosum_SRR9119106           0.1261948 0.0987855 0.1537163 0.1398079 0.1040814 0.0815415 0.0000000 0.1290653 0.1983757 0.1207237 0.1406964 0.1310421 0.1384845 0.1255321 0.1267019 0.1459103 0.1247463 0.0903879 0.1034598 0.1266008 0.1287038 0.1298673 0.0990424 0.1281752 0.1324973 0.1315650 0.1350437 0.1352802 0.1401141 0.0917621 0.1241540 0.1747872 0.1361592 0.1226759 0.1284484 0.1302583 0.1313496 0.1415338 0.1436332 0.2709916 0.1261860 0.1325897 0.1287729 0.1245028 0.1484055 0.1323275 0.0724329 0.1273350 0.1322119 0.1258345 0.1299254 0.1340819 0.1308089 0.1386324 0.1280432 0.1193315 0.0906181 0.1158682 0.1300917 0.1316891 0.1431641 0.1748669 0.1883389 0.1093478 0.1273877 0.1276535 0.1362904 0.1364956 0.1303091 0.1542038 0.1317400 0.1276467 0.1012705 0.1354442 0.1300598 0.1346940 0.0978823 0.1246839 0.1356079 0.1296749 0.1325859 0.1262137 0.1322716 
Galeana_pratensis_104_mex                  0.1400382 0.1320340 0.1309114 0.1633947 0.1246582 0.1490532 0.1290653 0.0000000 0.1747914 0.1191566 0.1371849 0.1225955 0.1275056 0.1195713 0.1237657 0.1336953 0.1181967 0.1144324 0.1285166 0.1249904 0.1214645 0.1200216 0.1163912 0.1216886 0.1201739 0.1268652 0.1313483 0.1298897 0.1383277 0.1195842 0.1534241 0.1452019 0.1325053 0.1236297 0.1235956 0.1321022 0.1212183 0.1318404 0.1345883 0.3040316 0.1234927 0.1313271 0.1232696 0.1373523 0.1362386 0.1230204 0.0971386 0.1253110 0.1242565 0.1326344 0.1289523 0.1209830 0.1200097 0.1315984 0.1212501 0.1353023 0.1174765 0.1176055 0.1211619 0.1239989 0.1385303 0.1759453 0.1793637 0.1287582 0.1173889 0.1352582 0.1327440 0.1334841 0.1140478 0.1755015 0.1251188 0.1222088 0.1286046 0.1280636 0.1217574 0.1216249 0.1267629 0.1327680 0.1336436 0.1180016 0.1275282 0.1409526 0.1204096 
Helianthus_annuus_SRR9119062               0.1732224 0.1509450 0.1887352 0.2154549 0.1806401 0.1205404 0.1983757 0.1747914 0.0000000 0.1573807 0.1950020 0.1519759 0.1615591 0.1464087 0.1557980 0.1723498 0.1486673 0.1450882 0.1632517 0.1533393 0.1530314 0.1522714 0.1196556 0.1468101 0.1511197 0.1556538 0.1550473 0.1558952 0.1907846 0.1285182 0.1435914 0.1877436 0.1838779 0.1670675 0.1532553 0.1934148 0.1600662 0.1899787 0.1741407 0.2704193 0.1642048 0.1903500 0.1540199 0.1878236 0.1926145 0.1520799 0.0951077 0.1537498 0.1531898 0.1850953 0.1560257 0.1491328 0.1528558 0.1554785 0.1560514 0.1910048 0.1218553 0.1514633 0.1532841 0.1517732 0.1864846 0.1843755 0.2223780 0.1402231 0.1482257 0.1817045 0.1553417 0.1937001 0.1689966 0.1769521 0.1559423 0.1453617 0.1403232 0.1555485 0.1533043 0.1522182 0.1020223 0.1984684 0.1814456 0.1540752 0.1602925 0.1912852 0.1533769 
Lycapsus_tenuifolius_17                    0.0719751 0.0253514 0.0435471 0.1452943 0.0284821 0.0196392 0.1207237 0.1191566 0.1573807 0.0000000 0.0492487 0.0692348 0.0756704 0.0681216 0.0532286 0.0874787 0.0664873 0.0296076 0.0352384 0.0581896 0.0722995 0.0680725 0.0508721 0.0709495 0.0678608 0.0624331 0.0711626 0.0771853 0.0588938 0.0010522 0.0252670 0.0970936 0.0553881 0.0023666 0.0690386 0.0711446 0.0771192 0.0789598 0.0719387 0.1865417 0.1083172 0.0781172 0.0552367 0.0899842 0.0833379 0.0717606 0.0084927 0.0635132 0.0699286 0.0435379 0.0746756 0.0679652 0.0682887 0.0728916 0.0580934 0.0802249 0.0394900 0.0478750 0.0696696 0.0702562 0.0767941 0.1090571 0.1488346 0.0436756 0.0624798 0.0424489 0.0728847 0.0515546 0.0574973 0.0923429 0.0601148 0.0703885 0.0069683 0.0743841 0.0679623 0.0730216 0.0249369 0.0502363 0.0736539 0.0718821 0.0705285 0.0738474 0.0692736 
Pericome_caudata_50_silver                 0.1051383 0.0543139 0.0735904 0.1680257 0.0443059 0.0275032 0.1406964 0.1371849 0.1950020 0.0492487 0.0000000 0.0786171 0.0957899 0.0854771 0.0796038 0.1041132 0.0751825 0.0495276 0.0531153 0.0830187 0.0895847 0.0810132 0.0596434 0.0823576 0.0830176 0.0832692 0.0831531 0.0959881 0.0607882 0.0516304 0.0829671 0.1335435 0.0795484 0.0576470 0.0807270 0.0741425 0.0951434 0.0752105 0.0981098 0.2113984 0.1313222 0.0726321 0.0796186 0.1017327 0.0739816 0.0877968 0.0267630 0.0777661 0.0786569 0.0631983 0.0946965 0.0939155 0.0861124 0.0903904 0.0892576 0.0915022 0.0623176 0.0692697 0.0815715 0.0774216 0.0683393 0.1344572 0.1764471 0.0655191 0.0744177 0.0563995 0.0895549 0.0487718 0.0278996 0.1011838 0.0830310 0.0819836 0.0657497 0.0914226 0.0878996 0.0918961 0.0420360 0.0512556 0.0588759 0.0870064 0.0895427 0.0915922 0.0905631 
Perityle_aglossa_84_dead_horse             0.0980627 0.0542855 0.1086357 0.1477772 0.0554231 0.0335953 0.1310421 0.1225955 0.1519759 0.0692348 0.0786171 0.0000000 0.0183081 0.0113018 0.0144083 0.0436485 0.0128652 0.0521959 0.0494765 0.0087808 0.0258590 0.0247696 0.0370663 0.0175963 0.0143336 0.0287650 0.0284425 0.0702240 0.0908410 0.0462953 0.0808003 0.1211235 0.0925470 0.0735211 0.0138514 0.1009495 0.0230510 0.1154372 0.0400795 0.1787320 0.1239994 0.1294616 0.0150165 0.1162570 0.1181166 0.0183122 0.0080372 0.0323367 0.0396034 0.0617121 0.0180943 0.0243750 0.0104386 0.0350340 0.0106444 0.0795428 0.0247097 0.0220373 0.0381767 0.0387937 0.1353975 0.1227827 0.1600416 0.0264297 0.0016992 0.0757601 0.0288156 0.0790711 0.1199069 0.0754010 0.0154997 0.0165093 0.0577894 0.0482165 0.0401332 0.0174153 0.0071267 0.0732369 0.1103425 0.0154190 0.0235589 0.0930662 0.0458663 
Perityle_ajoensis_204                      0.1020756 0.0568702 0.1224959 0.1591217 0.0620025 0.0339869 0.1384845 0.1275056 0.1615591 0.0756704 0.0957899 0.0183081 0.0000000 0.0119211 0.0133070 0.0449587 0.0154868 0.0513939 0.0560905 0.0132020 0.0216186 0.0164772 0.0371810 0.0139298 0.0135862 0.0195386 0.0307514 0.0376485 0.0996138 0.0507700 0.0781626 0.1337758 0.0965868 0.0792380 0.0117826 0.1112542 0.0254025 0.1168806 0.0429528 0.1913393 0.1102461 0.1196584 0.0148552 0.1032167 0.1206059 0.0183381 0.0127228 0.0181334 0.0197967 0.0711718 0.0104159 0.0132932 0.0147392 0.0315061 0.0144916 0.0819089 0.0362997 0.0284640 0.0177689 0.0184568 0.1241203 0.1157887 0.1661363 0.0287491 0.0113344 0.0841557 0.0322524 0.0878056 0.1124283 0.0729690 0.0191862 0.0132755 0.0647471 0.0248896 0.0184942 0.0162456 0.0053814 0.0811562 0.1099015 0.0175540 0.0161322 0.0937529 0.0183802 
Perityle_ambrosiifolia_67_green            0.0936373 0.0500553 0.1133732 0.1483683 0.0520190 0.0276287 0.1255321 0.1195713 0.1464087 0.0681216 0.0854771 0.0113018 0.0119211 0.0000000 0.0066559 0.0387144 0.0091660 0.0461543 0.0450923 0.0058491 0.0144107 0.0107312 0.0339374 0.0048826 0.0078548 0.0130261 0.0236747 0.0299097 0.0901518 0.0443412 0.0746822 0.1228672 0.0887850 0.0704107 0.0055752 0.1017998 0.0186022 0.1066310 0.0354224 0.1753989 0.1003811 0.1067190 0.0088966 0.0931644 0.1093607 0.0113428 0.0045865 0.0123444 0.0127227 0.0620338 0.0112131 0.0084318 0.0070137 0.0258616 0.0060869 0.0726092 0.0270255 0.0210767 0.0120887 0.0134984 0.1101977 0.1172523 0.1599059 0.0231827 0.0042638 0.0735029 0.0251648 0.0795845 0.0983639 0.0697459 0.0117811 0.0041984 0.0577025 0.0192096 0.0128098 0.0127591 0.0035727 0.0725997 0.0952703 0.0112679 0.0091647 0.0873583 0.0127308 
Perityle_angustifolia_13_Eagle_creek       0.0771977 0.0466746 0.0844739 0.1472680 0.0553777 0.0275613 0.1267019 0.1237657 0.1557980 0.0532286 0.0796038 0.0144083 0.0133070 0.0066559 0.0000000 0.0375195 0.0103908 0.0450224 0.0494053 0.0044124 0.0230604 0.0111897 0.0324086 0.0109690 0.0109592 0.0123703 0.0238391 0.0304749 0.0861780 0.0401034 0.0715931 0.1163107 0.0825372 0.0590986 0.0074862 0.0911738 0.0192278 0.0841186 0.0386076 0.1625566 0.0769305 0.0874425 0.0107657 0.1195445 0.0851152 0.0147828 0.0045945 0.0105096 0.0138540 0.0675356 0.0131553 0.0172934 0.0094349 0.0255957 0.0038142 0.0777538 0.0259172 0.0188593 0.0117338 0.0109957 0.0927436 0.1157611 0.1298905 0.0219904 0.0075884 0.0793969 0.0253819 0.0840612 0.0708312 0.0683136 0.0142349 0.0103218 0.0578022 0.0161664 0.0102885 0.0112220 0.0017818 0.0767491 0.0793661 0.0129869 0.0116089 0.0907983 0.0130548 
Perityle_batopilensis_97                   0.1155449 0.0615548 0.1250079 0.1502786 0.0670885 0.0245691 0.1459103 0.1336953 0.1723498 0.0874787 0.1041132 0.0436485 0.0449587 0.0387144 0.0375195 0.0000000 0.0336544 0.0514221 0.0653376 0.0349595 0.0401140 0.0414792 0.0470338 0.0411812 0.0392818 0.0418019 0.0461269 0.0507847 0.1103771 0.0584679 0.0980655 0.1420920 0.1073028 0.0921786 0.0395501 0.1175472 0.0432268 0.1261219 0.0028758 0.2029339 0.1253133 0.1266234 0.0362054 0.1238680 0.1244651 0.0415654 0.0221288 0.0412329 0.0444670 0.0786506 0.0452126 0.0391913 0.0387483 0.0483892 0.0380130 0.0919500 0.0481868 0.0426600 0.0425721 0.0439511 0.1374036 0.1180490 0.1754873 0.0483039 0.0354641 0.0913916 0.0476809 0.0985547 0.1220932 0.0943735 0.0358684 0.0406373 0.0732697 0.0482049 0.0425764 0.0440562 0.0329764 0.0890716 0.1237546 0.0392451 0.0384141 0.0987377 0.0430492 
Perityle_bisetosa_9                        0.0909946 0.0471416 0.1080661 0.1430180 0.0496151 0.0215098 0.1247463 0.1181967 0.1486673 0.0664873 0.0751825 0.0128652 0.0154868 0.0091660 0.0103908 0.0336544 0.0000000 0.0444401 0.0454409 0.0081278 0.0170919 0.0115608 0.0247727 0.0142790 0.0085421 0.0220495 0.0215469 0.0543901 0.0864504 0.0393952 0.0689268 0.1172016 0.0922490 0.0707777 0.0096277 0.1004832 0.0096917 0.1172488 0.0321413 0.1680708 0.1278705 0.1256510 0.0115568 0.1142116 0.1198010 0.0118561 0.0023098 0.0217257 0.0237011 0.0590183 0.0153060 0.0193764 0.0069587 0.0268484 0.0092343 0.0702642 0.0215083 0.0158479 0.0226589 0.0217124 0.1310233 0.1123566 0.1595851 0.0177422 0.0075157 0.0722516 0.0220089 0.0749832 0.1249113 0.0615250 0.0049458 0.0143231 0.0531834 0.0293870 0.0244964 0.0139539 0.0018015 0.0679651 0.1046501 0.0135965 0.0362716 0.0862757 0.0302361 
Perityle_californica_76_positas            0.0545389 0.0444996 0.0399772 0.1504113 0.0465574 0.0306306 0.0903879 0.1144324 0.1450882 0.0296076 0.0495276 0.0521959 0.0513939 0.0461543 0.0450224 0.0514221 0.0444401 0.0000000 0.0542315 0.0460212 0.0460085 0.0419594 0.0381551 0.0481670 0.0490720 0.0481351 0.0541967 0.0557018 0.0535897 0.0461108 0.0524840 0.0417562 0.0489400 0.0308440 0.0459731 0.0553508 0.0493310 0.0525518 0.0513169 0.1757271 0.0481882 0.0514842 0.0460593 0.0544316 0.0557532 0.0482415 0.0131601 0.0459052 0.0480591 0.0516442 0.0481623 0.0503965 0.0471689 0.0553654 0.0450919 0.0585591 0.0550318 0.0541602 0.0461671 0.0449624 0.0560497 0.0981111 0.0955140 0.0595570 0.0474263 0.0517117 0.0552978 0.0605242 0.0402381 0.0959150 0.0504396 0.0483417 0.0492774 0.0501683 0.0459873 0.0522247 0.0311243 0.0616011 0.0563619 0.0494745 0.0491935 0.0545695 0.0459850 
Perityle_canescens_77                      0.0786914 0.0544150 0.0542613 0.1472112 0.0406722 0.0213754 0.1034598 0.1285166 0.1632517 0.0352384 0.0531153 0.0494765 0.0560905 0.0450923 0.0494053 0.0653376 0.0454409 0.0542315 0.0000000 0.0510703 0.0503675 0.0489471 0.0517998 0.0486444 0.0513744 0.0515395 0.0568109 0.0592491 0.0327421 0.0422851 0.0591975 0.0867536 0.0510503 0.0425452 0.0483778 0.0385831 0.0562367 0.0390014 0.0651891 0.1764562 0.0619418 0.0412759 0.0488454 0.0429727 0.0434360 0.0504436 0.0185350 0.0487728 0.0523857 0.0422592 0.0513289 0.0526055 0.0485542 0.0578289 0.0538539 0.0464829 0.0516125 0.0631873 0.0489719 0.0497406 0.0324863 0.1179250 0.0834202 0.0575943 0.0462225 0.0293652 0.0568877 0.0657030 0.0456367 0.0987007 0.0525525 0.0478928 0.0483671 0.0570386 0.0495955 0.0542429 0.0346568 0.0676826 0.0192123 0.0516665 0.0546409 0.0426972 0.0505507 
Perityle_castillonii_96                    0.0812896 0.0477332 0.0902668 0.1495508 0.0533088 0.0244792 0.1266008 0.1249904 0.1533393 0.0581896 0.0830187 0.0087808 0.0132020 0.0058491 0.0044124 0.0349595 0.0081278 0.0460212 0.0510703 0.0000000 0.0124558 0.0095751 0.0323321 0.0080481 0.0080504 0.0110323 0.0217535 0.0282439 0.0885581 0.0421571 0.0714454 0.1229157 0.0860321 0.0647337 0.0050865 0.0953002 0.0182611 0.0851965 0.0359370 0.1795665 0.0827361 0.0890402 0.0088918 0.1001272 0.0870574 0.0117463 0.0045865 0.0090116 0.0109996 0.0666225 0.0116956 0.0080951 0.0080407 0.0232921 0.0052951 0.0772268 0.0258341 0.0188412 0.0088479 0.0095552 0.0949829 0.1153397 0.1377726 0.0219587 0.0036804 0.0790696 0.0225445 0.0832183 0.0735367 0.0681989 0.0117748 0.0073410 0.0556105 0.0154650 0.0095270 0.0111153 0.0000010 0.0764220 0.0825972 0.0110630 0.0079788 0.0941550 0.0095287 
Perityle_cernua_84                         0.0896304 0.0465832 0.1064218 0.1475604 0.0602380 0.0275514 0.1287038 0.1214645 0.1530314 0.0722995 0.0895847 0.0258590 0.0216186 0.0144107 0.0230604 0.0401140 0.0170919 0.0460085 0.0503675 0.0124558 0.0000000 0.0226065 0.0308031 0.0245007 0.0210284 0.0241290 0.0269845 0.0309739 0.0955888 0.0432121 0.0730309 0.1292781 0.0903199 0.0744860 0.0216772 0.1065842 0.0223656 0.0948701 0.0384968 0.1797608 0.1024151 0.1050970 0.0216250 0.1187708 0.1005282 0.0241223 0.0011454 0.0215395 0.0219071 0.0666670 0.0221542 0.0211489 0.0155831 0.0284115 0.0160082 0.0778156 0.0247117 0.0188184 0.0225620 0.0224879 0.1045528 0.1133491 0.1493850 0.0230920 0.0177961 0.0775379 0.0291395 0.0824700 0.0869016 0.0681393 0.0212454 0.0239084 0.0596554 0.0289754 0.0186202 0.0189450 0.0071618 0.0741433 0.0953134 0.0197287 0.0209927 0.0906738 0.0224301 
Perityle_cfvillosa_25_tin                  0.0894731 0.0480703 0.1120017 0.1479405 0.0511125 0.0244388 0.1298673 0.1200216 0.1522714 0.0680725 0.0810132 0.0247696 0.0164772 0.0107312 0.0111897 0.0414792 0.0115608 0.0419594 0.0489471 0.0095751 0.0226065 0.0000000 0.0355938 0.0207424 0.0053831 0.0027341 0.0283473 0.0370082 0.0886386 0.0424765 0.0657454 0.1175742 0.0888752 0.0723671 0.0114351 0.1040919 0.0216815 0.1020228 0.0372811 0.1705407 0.0978759 0.1047458 0.0021421 0.1170435 0.1020600 0.0150240 0.0080466 0.0013673 0.0100065 0.0638356 0.0163276 0.0060585 0.0098465 0.0363781 0.0107148 0.0708040 0.0283924 0.0243856 0.0093206 0.0079573 0.1077988 0.1086111 0.1583958 0.0278128 0.0161731 0.0754366 0.0305044 0.0796539 0.0925023 0.0732063 0.0141615 0.0201463 0.0529912 0.0147094 0.0084108 0.0093588 0.0000010 0.0729174 0.0932181 0.0146675 0.0161360 0.0883954 0.0079339 
Perityle_cinerea_113_Powell1310            0.0554267 0.0629724 0.0562197 0.1486112 0.0436783 0.0215217 0.0990424 0.1163912 0.1196556 0.0508721 0.0596434 0.0370663 0.0371810 0.0339374 0.0324086 0.0470338 0.0247727 0.0381551 0.0517998 0.0323321 0.0308031 0.0355938 0.0000000 0.0355507 0.0339914 0.0388154 0.0402206 0.0451101 0.0629554 0.0633803 0.0640328 0.0500700 0.0552605 0.0478054 0.0323235 0.0611943 0.0230028 0.0531045 0.0452631 0.1143626 0.0371228 0.0565009 0.0356182 0.0563550 0.0613486 0.0340533 0.0259336 0.0354978 0.0386715 0.0580809 0.0386237 0.0342420 0.0308947 0.0417584 0.0324086 0.0648650 0.0459163 0.0299557 0.0357527 0.0355470 0.0618380 0.0478092 0.0823934 0.0313470 0.0310292 0.0567550 0.0418332 0.0580240 0.0487387 0.0346132 0.0339863 0.0356244 0.0619405 0.0419029 0.0355470 0.0356304 0.0229743 0.0616116 0.0488152 0.0339691 0.0338856 0.0387248 0.0355445 
Perityle_coahuilensis_24                   0.0970836 0.0488231 0.1137911 0.1467290 0.0570998 0.0307091 0.1281752 0.1216886 0.1468101 0.0709495 0.0823576 0.0175963 0.0139298 0.0048826 0.0109690 0.0411812 0.0142790 0.0481670 0.0486444 0.0080481 0.0245007 0.0207424 0.0355507 0.0000000 0.0110884 0.0269043 0.0294831 0.0856024 0.0933331 0.0453616 0.0762600 0.1205701 0.0949071 0.0738539 0.0101375 0.1052408 0.0208460 0.1210167 0.0386412 0.1657503 0.1202766 0.1317391 0.0121800 0.1164945 0.1251571 0.0150452 0.0057428 0.0298087 0.0513459 0.0668513 0.0130747 0.0223532 0.0103564 0.0418189 0.0083632 0.0787880 0.0293159 0.0231497 0.0357066 0.0420248 0.1349206 0.1172564 0.1613890 0.0253618 0.0118597 0.0777988 0.0306111 0.0835583 0.1280792 0.0712156 0.0155312 0.0005348 0.0579111 0.0678051 0.0630443 0.0138199 0.0053632 0.0752140 0.1102437 0.0159619 0.0416743 0.0933546 0.0433504 
Perityle_cochisensis_44_cave_creek         0.0893804 0.0532467 0.1093431 0.1500236 0.0538600 0.0275308 0.1324973 0.1201739 0.1511197 0.0678608 0.0830176 0.0143336 0.0135862 0.0078548 0.0109592 0.0392818 0.0085421 0.0490720 0.0513744 0.0080504 0.0210284 0.0053831 0.0339914 0.0110884 0.0000000 0.0059395 0.0240236 0.0287254 0.0916656 0.0463474 0.0729571 0.1165047 0.0862562 0.0744549 0.0084523 0.1051184 0.0200556 0.1011655 0.0370703 0.1647561 0.0931036 0.1047632 0.0056946 0.1180453 0.0961554 0.0129395 0.0068948 0.0046637 0.0065473 0.0634667 0.0134630 0.0125248 0.0070203 0.0261633 0.0083582 0.0728646 0.0293198 0.0220586 0.0052230 0.0052025 0.1092998 0.1174246 0.1563707 0.0275868 0.0058965 0.0794250 0.0266462 0.0808246 0.0925330 0.0725812 0.0126673 0.0104732 0.0570099 0.0115183 0.0042508 0.0064648 0.0035661 0.0768283 0.0912710 0.0118520 0.0097585 0.0910247 0.0078814 
Perityle_congesta_202                      0.0869218 0.0533510 0.1000587 0.1518646 0.0524567 0.0274855 0.1315650 0.1268652 0.1556538 0.0624331 0.0832692 0.0287650 0.0195386 0.0130261 0.0123703 0.0418019 0.0220495 0.0481351 0.0515395 0.0110323 0.0241290 0.0027341 0.0388154 0.0269043 0.0059395 0.0000000 0.0300069 0.0492972 0.0897309 0.0475444 0.0748674 0.1180651 0.0854134 0.0709358 0.0162319 0.0990006 0.0219458 0.0980571 0.0387165 0.1677588 0.1035913 0.1094230 0.0021346 0.1176178 0.1019070 0.0198899 0.0092065 0.0026002 0.0044394 0.0645262 0.0186295 0.0218179 0.0121183 0.0429285 0.0122272 0.0738999 0.0316860 0.0253164 0.0031617 0.0025181 0.1120651 0.1196519 0.1502926 0.0299177 0.0212440 0.0770278 0.0310830 0.0826991 0.1010880 0.0757415 0.0148421 0.0263554 0.0580746 0.0072567 0.0041295 0.0123289 0.0017787 0.0762497 0.0940560 0.0289314 0.0262241 0.0948437 0.0064104 
Perityle_cordifolia_27                     0.0988978 0.0552492 0.1156223 0.1465819 0.0568922 0.0244445 0.1350437 0.1313483 0.1550473 0.0711626 0.0831531 0.0284425 0.0307514 0.0236747 0.0238391 0.0461269 0.0215469 0.0541967 0.0568109 0.0217535 0.0269845 0.0283473 0.0402206 0.0294831 0.0240236 0.0300069 0.0000000 0.0450683 0.0972153 0.0488019 0.0752005 0.1160013 0.0948754 0.0760334 0.0246170 0.1095387 0.0296764 0.1206018 0.0446687 0.1731291 0.1217826 0.1249087 0.0264631 0.1237565 0.1228681 0.0301506 0.0057352 0.0304819 0.0306490 0.0676922 0.0296840 0.0368954 0.0233305 0.0051524 0.0234125 0.0793006 0.0327266 0.0177874 0.0317676 0.0305151 0.1315946 0.1270053 0.1642540 0.0000010 0.0205296 0.0842035 0.0026095 0.0886114 0.1160330 0.0783818 0.0223160 0.0283331 0.0622236 0.0399207 0.0295451 0.0298195 0.0143738 0.0804688 0.1069661 0.0264697 0.0284195 0.0905098 0.0378205 
Perityle_cordifolia_68_tecolote            0.1083912 0.0614435 0.1202172 0.1528005 0.0640867 0.0370586 0.1352802 0.1298897 0.1558952 0.0771853 0.0959881 0.0702240 0.0376485 0.0299097 0.0304749 0.0507847 0.0543901 0.0557018 0.0592491 0.0282439 0.0309739 0.0370082 0.0451101 0.0856024 0.0287254 0.0492972 0.0450683 0.0000000 0.1039362 0.0529467 0.0829268 0.1292127 0.1073399 0.0796296 0.0488195 0.1099940 0.0354444 0.1301015 0.0464533 0.1994042 0.1516412 0.1436740 0.0283754 0.1211103 0.1524381 0.0421032 0.0150450 0.0514353 0.0670496 0.0706625 0.0379153 0.0514470 0.0287858 0.0901674 0.0301969 0.0869801 0.0044375 0.0318548 0.0583149 0.0648472 0.1451994 0.1213628 0.1786060 0.0322107 0.0776035 0.0864492 0.0375171 0.0907629 0.1521957 0.0787949 0.0287728 0.0845657 0.0651393 0.0708868 0.0652708 0.0410758 0.0144310 0.0836562 0.1336056 0.0631446 0.0638301 0.0934188 0.0572946 
Perityle_coronopifolia_28_patagonia        0.1074859 0.0564274 0.0802162 0.1731548 0.0494866 0.0274021 0.1401141 0.1383277 0.1907846 0.0588938 0.0607882 0.0908410 0.0996138 0.0901518 0.0861780 0.1103771 0.0864504 0.0535897 0.0327421 0.0885581 0.0955888 0.0886386 0.0629554 0.0933331 0.0916656 0.0897309 0.0972153 0.1039362 0.0000000 0.0517342 0.0796569 0.1381853 0.0861839 0.0621109 0.0899593 0.0564363 0.0983700 0.0599290 0.1022089 0.2163911 0.1378832 0.0567911 0.0851713 0.0800556 0.0608652 0.0953616 0.0231774 0.0838101 0.0910808 0.0447296 0.0961214 0.0960389 0.0883414 0.0972605 0.0938125 0.0695936 0.0634191 0.0714569 0.0898848 0.0889346 0.0220659 0.1136036 0.1446066 0.0691854 0.0864040 0.0061792 0.0980849 0.0710531 0.0516871 0.1077138 0.0900984 0.0929756 0.0686161 0.0958963 0.0917557 0.0975347 0.0458339 0.0691213 0.0393169 0.0949150 0.0949321 0.0614506 0.0895297 
Perityle_crassifolia_70_ventanas           0.0384187 0.0482931 0.0409214 0.1462464 0.0421708 0.0246288 0.0917621 0.1195842 0.1285182 0.0010522 0.0516304 0.0462953 0.0507700 0.0443412 0.0401034 0.0584679 0.0393952 0.0461108 0.0422851 0.0421571 0.0432121 0.0424765 0.0633803 0.0453616 0.0463474 0.0475444 0.0488019 0.0529467 0.0517342 0.0000000 0.0091348 0.0487308 0.0445560 0.0085394 0.0400158 0.0544173 0.0453689 0.0493684 0.0583151 0.1797400 0.0432734 0.0528207 0.0455126 0.0548932 0.0525974 0.0443531 0.0268937 0.0443320 0.0453163 0.0550114 0.0464681 0.0466157 0.0422536 0.0521382 0.0391100 0.0637803 0.0589503 0.0513416 0.0456377 0.0454203 0.0521875 0.1293918 0.0766227 0.0518032 0.0413996 0.0487439 0.0498931 0.0656111 0.0471541 0.1058360 0.0465741 0.0455281 0.0040021 0.0527679 0.0453782 0.0485610 0.0425361 0.0657490 0.0435766 0.0464983 0.0453384 0.0552768 0.0453760 
Perityle_crassifolia_74_playa_balandra     0.0634228 0.0599412 0.0729726 0.1838703 0.0606961 0.0274901 0.1241540 0.1534241 0.1435914 0.0252670 0.0829671 0.0808003 0.0781626 0.0746822 0.0715931 0.0980655 0.0689268 0.0524840 0.0591975 0.0714454 0.0730309 0.0657454 0.0640328 0.0762600 0.0729571 0.0748674 0.0752005 0.0829268 0.0796569 0.0091348 0.0000000 0.0653192 0.0754095 0.0350190 0.0697537 0.0914847 0.0730477 0.0808010 0.0976823 0.1283727 0.0829374 0.0780740 0.0733986 0.0701647 0.0843908 0.0733111 0.0314797 0.0618515 0.0714331 0.0687213 0.0763010 0.0718968 0.0716688 0.0768200 0.0699295 0.0920793 0.0654460 0.0665918 0.0719862 0.0714856 0.0772611 0.1044013 0.0954044 0.0644265 0.0719784 0.0626906 0.0768565 0.0776161 0.0799362 0.0566789 0.0748625 0.0765153 0.0266991 0.0810745 0.0715778 0.0746922 0.0421611 0.0778128 0.0756075 0.0765130 0.0745581 0.0813899 0.0715721 
Perityle_cuneata_34_cuneata_San_antonio    0.1265178 0.0654288 0.1342261 0.1730733 0.0988891 0.0275159 0.1747872 0.1452019 0.1877436 0.0970936 0.1335435 0.1211235 0.1337758 0.1228672 0.1163107 0.1420920 0.1172016 0.0417562 0.0867536 0.1229157 0.1292781 0.1175742 0.0500700 0.1205701 0.1165047 0.1180651 0.1160013 0.1292127 0.1381853 0.0487308 0.0653192 0.0000000 0.1445170 0.0982256 0.1192205 0.1472629 0.1299620 0.1539685 0.1380196 0.2424483 0.1523596 0.1432055 0.1204460 0.1641973 0.1477729 0.1283405 0.0104139 0.1092594 0.1200099 0.1125979 0.1268756 0.1318761 0.1244083 0.1201378 0.1243063 0.1250035 0.0493282 0.0769426 0.1187692 0.1167835 0.1479944 0.1100255 0.1815360 0.0636481 0.1143122 0.1232277 0.1189779 0.1256592 0.1295693 0.0958288 0.1260246 0.1203149 0.0731762 0.1277686 0.1238472 0.1255810 0.0310959 0.1228456 0.1378163 0.1276796 0.1201137 0.1269226 0.1236939 
Perityle_cuneata_4                         0.0993567 0.0481514 0.0866856 0.1782754 0.0411987 0.0275112 0.1361592 0.1325053 0.1838779 0.0553881 0.0795484 0.0925470 0.0965868 0.0887850 0.0825372 0.1073028 0.0922490 0.0489400 0.0510503 0.0860321 0.0903199 0.0888752 0.0552605 0.0949071 0.0862562 0.0854134 0.0948754 0.1073399 0.0861839 0.0445560 0.0754095 0.1445170 0.0000000 0.0504193 0.0923200 0.0894098 0.0999862 0.0909618 0.0971733 0.2240122 0.1270766 0.0958796 0.0865361 0.1119868 0.0899343 0.0980080 0.0174761 0.0779333 0.0878004 0.0559869 0.0947040 0.1059996 0.0901036 0.1006398 0.0889371 0.0905903 0.0530084 0.0606582 0.0904271 0.0887165 0.1048726 0.1221427 0.1664090 0.0554677 0.0868653 0.0688274 0.0949907 0.0746302 0.0882580 0.1004502 0.0899798 0.0945707 0.0572352 0.0986221 0.0896531 0.0988467 0.0366881 0.0652057 0.0961524 0.0982389 0.0935099 0.0969626 0.0949005 
Perityle_discoidea_81                      0.0679294 0.0230924 0.0367312 0.1467717 0.0318606 0.0164694 0.1226759 0.1236297 0.1670675 0.0023666 0.0576470 0.0735211 0.0792380 0.0704107 0.0590986 0.0921786 0.0707777 0.0308440 0.0425452 0.0647337 0.0744860 0.0723671 0.0478054 0.0738539 0.0744549 0.0709358 0.0760334 0.0796296 0.0621109 0.0085394 0.0350190 0.0982256 0.0504193 0.0000000 0.0734347 0.0784494 0.0813844 0.0712592 0.0794377 0.2012114 0.1086186 0.0774951 0.0612776 0.0572086 0.0738079 0.0754034 0.0073772 0.0681809 0.0755491 0.0491351 0.0791185 0.0749429 0.0737215 0.0770089 0.0645447 0.0831044 0.0400362 0.0551692 0.0742178 0.0747750 0.0763791 0.1029238 0.1460739 0.0487917 0.0678030 0.0494600 0.0770008 0.0544208 0.0564554 0.0896284 0.0672376 0.0732458 0.0168649 0.0793171 0.0746768 0.0784132 0.0231904 0.0533793 0.0684439 0.0741164 0.0740816 0.0798403 0.0746385 
Perityle_dissecta_201                      0.0966198 0.0476804 0.1133029 0.1493946 0.0544867 0.0244154 0.1284484 0.1235956 0.1532553 0.0690386 0.0807270 0.0138514 0.0117826 0.0055752 0.0074862 0.0395501 0.0096277 0.0459731 0.0483778 0.0050865 0.0216772 0.0114351 0.0323235 0.0101375 0.0084523 0.0162319 0.0246170 0.0488195 0.0899593 0.0400158 0.0697537 0.1192205 0.0923200 0.0734347 0.0000000 0.1039793 0.0185421 0.1149973 0.0376778 0.1715721 0.1123453 0.1212140 0.0107163 0.1142277 0.1213277 0.0123706 0.0045857 0.0151570 0.0175471 0.0656858 0.0109398 0.0181066 0.0096146 0.0285439 0.0075560 0.0759437 0.0258292 0.0187997 0.0164095 0.0155922 0.1248239 0.1133028 0.1596946 0.0208348 0.0060592 0.0747191 0.0265089 0.0830584 0.1113013 0.0680999 0.0133704 0.0095721 0.0559359 0.0234257 0.0154055 0.0117127 0.0000010 0.0774947 0.1046868 0.0117880 0.0113909 0.0892164 0.0194632 
Perityle_feddemae_99                       0.1154790 0.0623051 0.0942033 0.1769371 0.0465002 0.0273852 0.1302583 0.1321022 0.1934148 0.0711446 0.0741425 0.1009495 0.1112542 0.1017998 0.0911738 0.1175472 0.1004832 0.0553508 0.0385831 0.0953002 0.1065842 0.1040919 0.0611943 0.1052408 0.1051184 0.0990006 0.1095387 0.1099940 0.0564363 0.0544173 0.0914847 0.1472629 0.0894098 0.0784494 0.1039793 0.0000000 0.1147558 0.0635245 0.0984007 0.2379113 0.1443311 0.0309687 0.0867063 0.0438726 0.0702726 0.1085009 0.0254900 0.1001599 0.1052700 0.0245001 0.1092236 0.1048558 0.1010986 0.1087291 0.1025276 0.0763392 0.0596833 0.0735130 0.1025483 0.1038616 0.0700780 0.1227341 0.1683271 0.0666242 0.0987453 0.0403632 0.1096207 0.0756337 0.0763129 0.1059737 0.0958133 0.1049112 0.0714068 0.1078824 0.1042178 0.1093048 0.0475736 0.0739524 0.0617686 0.1027268 0.1084118 0.0792014 0.1036814 
Perityle_fosteri_93                        0.0938107 0.0533582 0.1149774 0.1530961 0.0582617 0.0213507 0.1313496 0.1212183 0.1600662 0.0771192 0.0951434 0.0230510 0.0254025 0.0186022 0.0192278 0.0432268 0.0096917 0.0493310 0.0562367 0.0182611 0.0223656 0.0216815 0.0230028 0.0208460 0.0200556 0.0219458 0.0296764 0.0354444 0.0983700 0.0453689 0.0730477 0.1299620 0.0999862 0.0813844 0.0185421 0.1147558 0.0000000 0.1015975 0.0413314 0.1875045 0.1043016 0.1140274 0.0208060 0.0909164 0.1034276 0.0223845 0.0080432 0.0213555 0.0230733 0.0722802 0.0238744 0.0201686 0.0171006 0.0312507 0.0191908 0.0779130 0.0292808 0.0210483 0.0209563 0.0216358 0.1128099 0.1135637 0.1575286 0.0243207 0.0157135 0.0799060 0.0312712 0.0860411 0.0955741 0.0653478 0.0152045 0.0201830 0.0653570 0.0269320 0.0216135 0.0238796 0.0071631 0.0770860 0.1028430 0.0209028 0.0200404 0.0836341 0.0215749 
Perityle_gamon_221                         0.1341336 0.0529576 0.1015552 0.1790460 0.0515395 0.0306300 0.1415338 0.1318404 0.1899787 0.0789598 0.0752105 0.1154372 0.1168806 0.1066310 0.0841186 0.1261219 0.1172488 0.0525518 0.0390014 0.0851965 0.0948701 0.1020228 0.0531045 0.1210167 0.1011655 0.0980571 0.1206018 0.1301015 0.0599290 0.0493684 0.0808010 0.1539685 0.0909618 0.0712592 0.1149973 0.0635245 0.1015975 0.0000000 0.0966810 0.2350129 0.1570135 0.0912241 0.0837106 0.0721177 0.0568773 0.1099885 0.0184749 0.1017724 0.1096167 0.0500366 0.1148686 0.1210004 0.1120283 0.1272276 0.0865093 0.0773236 0.0561152 0.0691161 0.1078366 0.1092571 0.0891831 0.1207210 0.1832507 0.0654497 0.1109504 0.0414275 0.1223197 0.0760087 0.0959758 0.0982728 0.0903762 0.1207576 0.0722480 0.1173338 0.1023645 0.1149412 0.0401149 0.0725610 0.0792557 0.1210802 0.1188518 0.0852746 0.1088827 
Perityle_gentryi_8_san_francisco           0.0958100 0.0613854 0.0982484 0.1488872 0.0677250 0.0245017 0.1436332 0.1345883 0.1741407 0.0719387 0.0981098 0.0400795 0.0429528 0.0354224 0.0386076 0.0028758 0.0321413 0.0513169 0.0651891 0.0359370 0.0384968 0.0372811 0.0452631 0.0386412 0.0370703 0.0387165 0.0446687 0.0464533 0.1022089 0.0583151 0.0976823 0.1380196 0.0971733 0.0794377 0.0376778 0.0984007 0.0413314 0.0966810 0.0000000 0.1992304 0.1056755 0.0975982 0.0373098 0.1170332 0.0958315 0.0393903 0.0208924 0.0356980 0.0385999 0.0776995 0.0424658 0.0372785 0.0355293 0.0462602 0.0390275 0.0928985 0.0480486 0.0425872 0.0365744 0.0372027 0.1085243 0.1194362 0.1431460 0.0481685 0.0336400 0.0912632 0.0462905 0.0999732 0.0886876 0.0941524 0.0371789 0.0380518 0.0737055 0.0409239 0.0366062 0.0396178 0.0328915 0.0899153 0.0962578 0.0380791 0.0360873 0.0984915 0.0370982 
Perityle_gilensis_22_Superstition          0.2185747 0.1787240 0.2342796 0.2879762 0.1699699 0.0700968 0.2709916 0.3040316 0.2704193 0.1865417 0.2113984 0.1787320 0.1913393 0.1753989 0.1625566 0.2029339 0.1680708 0.1757271 0.1764562 0.1795665 0.1797608 0.1705407 0.1143626 0.1657503 0.1647561 0.1677588 0.1731291 0.1994042 0.2163911 0.1797400 0.1283727 0.2424483 0.2240122 0.2012114 0.1715721 0.2379113 0.1875045 0.2350129 0.1992304 0.0000000 0.1972954 0.2443355 0.1689069 0.2514740 0.2388406 0.1757935 0.0770307 0.1571060 0.1739725 0.1834806 0.1827339 0.1776769 0.1806325 0.1818755 0.1845523 0.2149833 0.1383238 0.1638458 0.1672979 0.1683891 0.2607681 0.1952562 0.2910215 0.1585053 0.1710238 0.2194106 0.1750646 0.2042157 0.2174849 0.1232801 0.1721347 0.1655351 0.1657402 0.1788459 0.1769479 0.1840778 0.0541689 0.1904814 0.2284401 0.1835140 0.1773822 0.2753478 0.1688626 
Perityle_gilensis_salensis_225             0.0951446 0.0500145 0.1467999 0.1506286 0.0738925 0.0307809 0.1261860 0.1234927 0.1642048 0.1083172 0.1313222 0.1239994 0.1102461 0.1003811 0.0769305 0.1253133 0.1278705 0.0481882 0.0619418 0.0827361 0.1024151 0.0978759 0.0371228 0.1202766 0.0931036 0.1035913 0.1217826 0.1516412 0.1378832 0.0432734 0.0829374 0.1523596 0.1270766 0.1086186 0.1123453 0.1443311 0.1043016 0.1570135 0.1056755 0.1972954 0.0000000 0.1701138 0.0820635 0.1445647 0.1826914 0.1130517 0.0057409 0.0964871 0.1140845 0.0845449 0.1090006 0.1209501 0.0988472 0.1352062 0.0836332 0.0985479 0.0270169 0.0461453 0.1091723 0.1096836 0.1764865 0.1193163 0.1902838 0.0243138 0.1193794 0.1112922 0.1125193 0.1233161 0.1758966 0.0727772 0.0861616 0.1191357 0.0611744 0.1157252 0.1081852 0.1132681 0.0071628 0.0982730 0.1633922 0.1278437 0.1247406 0.1024606 0.1092036 
Perityle_glaucescens_94                    0.1351028 0.0566047 0.1054976 0.1751710 0.0476900 0.0243312 0.1325897 0.1313271 0.1903500 0.0781172 0.0726321 0.1294616 0.1196584 0.1067190 0.0874425 0.1266234 0.1256510 0.0514842 0.0412759 0.0890402 0.1050970 0.1047458 0.0565009 0.1317391 0.1047632 0.1094230 0.1249087 0.1436740 0.0567911 0.0528207 0.0780740 0.1432055 0.0958796 0.0774951 0.1212140 0.0309687 0.1140274 0.0912241 0.0975982 0.2443355 0.1701138 0.0000000 0.0816298 0.0414581 0.0965828 0.1224488 0.0196976 0.1130331 0.1208414 0.0073534 0.1164291 0.1272013 0.1039444 0.1331334 0.0968408 0.0770674 0.0575240 0.0669551 0.1195346 0.1193181 0.0976833 0.1233131 0.1873547 0.0621301 0.1247324 0.0381001 0.1209033 0.0728474 0.1046003 0.0969079 0.0912079 0.1315336 0.0675739 0.1237855 0.1178018 0.1255610 0.0383623 0.0733227 0.0984328 0.1295061 0.1342499 0.0745413 0.1190181 
Perityle_gracilis_11                       0.0792876 0.0512627 0.0855969 0.1487222 0.0518061 0.0244749 0.1287729 0.1232696 0.1540199 0.0552367 0.0796186 0.0150165 0.0148552 0.0088966 0.0107657 0.0362054 0.0115568 0.0460593 0.0488454 0.0088918 0.0216250 0.0021421 0.0356182 0.0121800 0.0056946 0.0021346 0.0264631 0.0283754 0.0851713 0.0455126 0.0733986 0.1204460 0.0865361 0.0612776 0.0107163 0.0867063 0.0208060 0.0837106 0.0373098 0.1689069 0.0820635 0.0816298 0.0000000 0.1100496 0.0845706 0.0143662 0.0080733 0.0014549 0.0050263 0.0630335 0.0147118 0.0057253 0.0094866 0.0279785 0.0100052 0.0749515 0.0294478 0.0232581 0.0028615 0.0021378 0.0895919 0.1157231 0.1314884 0.0276914 0.0086406 0.0745285 0.0279963 0.0813825 0.0744591 0.0729348 0.0143696 0.0115083 0.0572414 0.0064177 0.0021946 0.0067149 0.0000010 0.0747285 0.0794003 0.0144646 0.0121572 0.0886651 0.0021334 
Perityle_harkerae_31                       0.1126469 0.0596068 0.0905966 0.1678163 0.0890844 0.0273954 0.1245028 0.1373523 0.1878236 0.0899842 0.1017327 0.1162570 0.1032167 0.0931644 0.1195445 0.1238680 0.1142116 0.0544316 0.0429727 0.1001272 0.1187708 0.1170435 0.0563550 0.1164945 0.1180453 0.1176178 0.1237565 0.1211103 0.0800556 0.0548932 0.0701647 0.1641973 0.1119868 0.0572086 0.1142277 0.0438726 0.0909164 0.0721177 0.1170332 0.2514740 0.1445647 0.0414581 0.1100496 0.0000000 0.0892674 0.1222881 0.0220281 0.1160733 0.1141817 0.0376696 0.1026193 0.1178366 0.0995317 0.1246790 0.0860367 0.1085684 0.0598273 0.0691172 0.1163168 0.1167743 0.0479931 0.1249748 0.1236065 0.0643921 0.1140628 0.0412750 0.1264370 0.0995101 0.0718660 0.0996827 0.1202127 0.1162013 0.0931945 0.1216508 0.0980219 0.0991858 0.0419531 0.0969968 0.0904517 0.1088633 0.1223312 0.0699094 0.1165635 
Perityle_hofmeisteria_4_nombre_de_dios     0.1335185 0.0596916 0.1170234 0.1801984 0.0566714 0.0369661 0.1484055 0.1362386 0.1926145 0.0833379 0.0739816 0.1181166 0.1206059 0.1093607 0.0851152 0.1244651 0.1198010 0.0557532 0.0434360 0.0870574 0.1005282 0.1020600 0.0613486 0.1251571 0.0961554 0.1019070 0.1228681 0.1524381 0.0608652 0.0525974 0.0843908 0.1477729 0.0899343 0.0738079 0.1213277 0.0702726 0.1034276 0.0568773 0.0958315 0.2388406 0.1826914 0.0965828 0.0845706 0.0892674 0.0000000 0.1212599 0.0231985 0.1052774 0.1076799 0.0501102 0.1202357 0.1411479 0.1097680 0.1390173 0.0901982 0.0813240 0.0621667 0.0726632 0.1113995 0.1057278 0.0976911 0.1249349 0.1947788 0.0703714 0.1115179 0.0439394 0.1249389 0.0773428 0.1197111 0.1045870 0.0927597 0.1249487 0.0729623 0.1230777 0.1143251 0.1257945 0.0496436 0.0742641 0.0796785 0.1369726 0.1317859 0.0926845 0.1218126 
