82
Amauria_brandeegeana_62                    0.0000000 0.1562188 0.0838782 0.4134423 0.4427095 0.1433901 0.3283415 0.1552381 0.3400478 0.1377827 0.2803801 0.2402342 0.2166439 0.2773207 0.2242043 0.2270641 0.2301772 0.2214891 0.3207831 0.3753927 0.2801801 0.2530415 0.2826763 0.2452782 0.3165996 0.2251484 0.2087675 0.3075156 0.4657369 0.3503240 0.1722411 0.3934385 0.5858462 0.1044047 0.3810043 0.1239981 0.2482241 0.2112523 0.2641879 0.2829419 0.2161052 0.2653926 0.2135636 0.2644549 0.2818885 0.2222014 0.0923036 0.2353511 0.2293502 0.1295609 0.1474277 0.2205718 0.2156979 0.2584521 0.2631084 0.3568100 0.2115601 0.1512091 0.2149658 0.2392738 0.2174963 0.1434815 0.4752242 0.1207778 0.5405328 0.3539337 0.3846589 0.5564648 0.1982110 0.2299309 0.2316772 0.4033256 0.2466222 0.2000204 0.2065830 0.0873331 0.3746341 0.2597127 0.2157574 0.2009484 0.2135638 0.2124443 
Amauria_carterae_99_mesa                   0.1562188 0.0000000 0.1489907 0.2351327 0.3922548 0.1247719 0.2244201 0.1670297 0.2214685 0.1306020 0.2049608 0.1396979 0.1431878 0.2591839 0.2359002 0.1411715 0.1282457 0.2161315 0.2511788 0.3275635 0.2299828 0.1419307 0.1662529 0.1391837 0.2784276 0.1454971 0.1355991 0.1739438 0.4024596 0.2928835 0.1984813 0.2428800 0.3893774 0.1449834 0.3302377 0.1050248 0.1463369 0.1173448 0.2757668 0.2707605 0.1405826 0.1404756 0.1399867 0.1374979 0.2049685 0.1376932 0.2240100 0.1458974 0.1424586 0.1226150 0.1408278 0.1369426 0.1359011 0.2481319 0.2647306 0.1296660 0.1682397 0.1092829 0.1468214 0.1417547 0.1214429 0.1193233 0.4337813 0.1374681 0.4421503 0.3047530 0.3159948 0.4421740 0.2146379 0.1323145 0.1391837 0.3054637 0.1404620 0.1617649 0.1314131 0.1318178 0.3025426 0.1601779 0.1287359 0.2416816 0.1459810 0.1056552 
Amauria_rotundifolia_SRR9119150            0.0838782 0.1489907 0.0000000 0.3586391 0.2541465 0.1116334 0.2616553 0.1516309 0.3109772 0.0948771 0.2298564 0.1812105 0.1808336 0.1904942 0.1526157 0.1824794 0.1709851 0.2287577 0.1952683 0.2964514 0.2652824 0.1966186 0.2250676 0.1855679 0.2202313 0.1868729 0.1735450 0.2446030 0.3644986 0.2549804 0.1243914 0.3023115 0.4694847 0.1397430 0.3220381 0.1038739 0.2472779 0.1635947 0.2218406 0.1882669 0.1697824 0.2116614 0.1666154 0.2206966 0.2205423 0.1753175 0.1258556 0.1857592 0.1855978 0.1167104 0.1277183 0.1825299 0.1677368 0.2268767 0.1869017 0.3010428 0.1786605 0.1580823 0.1661266 0.1885543 0.1972542 0.1111183 0.4241667 0.1246546 0.4467567 0.3058948 0.2590130 0.4885663 0.0960173 0.1781663 0.1884540 0.3272738 0.1865147 0.1317460 0.1703492 0.0832063 0.2605006 0.1853571 0.1640706 0.1112564 0.1610587 0.1562765 
Conoclinium_coelestinum_SRR9119114         0.4134423 0.2351327 0.3586391 0.0000000 0.4246582 0.2585593 0.3914307 0.2352812 0.2814076 0.3234680 0.3936862 0.4011994 0.3831076 0.4054884 0.3883562 0.4082521 0.3892289 0.5124765 0.3981909 0.4373204 0.4013489 0.3878687 0.3907888 0.3871739 0.4093353 0.3939300 0.3837461 0.4294470 0.3936430 0.4200498 0.3561457 0.3966004 0.5941764 0.3271785 0.4303188 0.3057807 0.4037882 0.3889002 0.4606594 0.4140068 0.3928145 0.3939614 0.3662484 0.3911764 0.3634500 0.3940212 0.2250411 0.3971913 0.3933797 0.3590014 0.3636334 0.3803513 0.3858074 0.4574379 0.3994887 0.4016656 0.3563107 0.3696360 0.3949751 0.3883079 0.2835303 0.1600438 0.5324740 0.2392091 0.6466190 0.4687573 0.4579324 0.5621051 0.2784398 0.3990511 0.3862395 0.4456812 0.3891014 0.3558093 0.3821551 0.1849790 0.4450245 0.3993809 0.3790897 0.3027243 0.3968278 0.3600081 
Eutetras_palmeri_63                        0.4427095 0.3922548 0.2541465 0.4246582 0.0000000 0.3216268 0.1820576 0.2937645 0.4606988 0.5289939 0.4145211 0.5362896 0.5477512 0.1908814 0.2329802 0.5591512 0.5458408 0.2673806 0.1871259 0.1699819 0.2780848 0.5276302 0.3498055 0.5482947 0.2411825 0.5614669 0.5469235 0.5771597 0.1359988 0.1709260 0.3105782 0.1682571 0.1213102 0.4277897 0.1554817 0.4294406 0.5875370 0.5440344 0.5110579 0.2316009 0.5507165 0.5599012 0.5565837 0.5801226 0.4339803 0.5702146 0.2232190 0.5561671 0.5433032 0.2256707 0.2921730 0.5381986 0.5609207 0.3748808 0.2278122 0.2747921 0.4621302 0.4384689 0.5614595 0.5305105 0.2017353 0.2788564 0.1117627 0.3809129 0.1435984 0.4333286 0.1741187 0.1465682 0.2940250 0.5596894 0.5489568 0.2336259 0.5577053 0.4964236 0.5454616 0.2923809 0.1922381 0.5465205 0.5403678 0.2675649 0.5522054 0.5370859 
Eutetras_pringlei_149_quer                 0.1433901 0.1247719 0.1116334 0.2585593 0.3216268 0.0000000 0.2178800 0.1013411 0.1719633 0.0994446 0.1173578 0.1400425 0.1356718 0.2395155 0.1866494 0.1390689 0.1244663 0.3040465 0.1948783 0.2414847 0.1670855 0.1309769 0.2371479 0.1411063 0.2343350 0.1423490 0.1306875 0.1509977 0.3433490 0.2490561 0.0767732 0.2293435 0.3158356 0.1068271 0.2417285 0.0789792 0.1782817 0.1218850 0.2024006 0.2405923 0.1432759 0.1581175 0.1305536 0.1574184 0.2040395 0.1398004 0.1401254 0.1395709 0.1329896 0.1503224 0.1375147 0.1329939 0.1427662 0.2244910 0.2133686 0.1598241 0.1391470 0.1484367 0.1412799 0.1314733 0.1124816 0.1100468 0.5206222 0.0985607 0.4565087 0.2753132 0.2506431 0.3788242 0.1165553 0.1340994 0.1396755 0.2471999 0.1372261 0.1147007 0.1328829 0.0687927 0.2470495 0.1665958 0.1402065 0.1097288 0.1349004 0.0976179 
Eutrochium_fistulosum_SRR9119106           0.3283415 0.2244201 0.2616553 0.3914307 0.1820576 0.2178800 0.0000000 0.2330402 0.3507155 0.3043997 0.2707422 0.3620869 0.3674331 0.2175891 0.2340956 0.3641557 0.3591037 0.2664575 0.2263851 0.2257077 0.2896074 0.3602824 0.3878005 0.3576198 0.2423741 0.3593703 0.3519781 0.3974155 0.2012564 0.2278687 0.2344763 0.2354303 0.3023841 0.2980389 0.2064225 0.2883542 0.3586929 0.3574460 0.3042657 0.2533490 0.3602803 0.3235563 0.3552793 0.3531562 0.4344020 0.3766580 0.1763348 0.3595266 0.3575131 0.1813192 0.2044839 0.3520480 0.3641735 0.2538256 0.2289355 0.2449824 0.2947838 0.2520132 0.3613383 0.3576995 0.1567977 0.1915746 0.2013269 0.2375136 0.3346256 0.2970001 0.2029946 0.3270939 0.2499816 0.3530146 0.3551167 0.2512220 0.3608262 0.3245437 0.3535853 0.1827909 0.2626415 0.3375049 0.3505844 0.2467741 0.3616056 0.3180825 
Galeana_pratensis_104_mex                  0.1552381 0.1670297 0.1516309 0.2352812 0.2937645 0.1013411 0.2330402 0.0000000 0.2452407 0.1249125 0.1805767 0.1566231 0.1642163 0.2416982 0.1895302 0.1622383 0.1454695 0.1537837 0.1710941 0.3360695 0.2963954 0.1628456 0.1415578 0.1671817 0.2491479 0.1614780 0.1626298 0.1719588 0.4192576 0.3106624 0.1405441 0.2557305 0.4445410 0.1361013 0.3482899 0.1163014 0.1835406 0.1471996 0.2921782 0.2193345 0.1656183 0.1677905 0.1446252 0.1748512 0.2139439 0.1646071 0.1654952 0.1597910 0.1670680 0.1744741 0.1801074 0.1609919 0.1551175 0.2619023 0.2252647 0.1866524 0.1487646 0.1605914 0.1597008 0.1626655 0.1285382 0.0748320 0.6206417 0.1227773 0.4117738 0.3759757 0.2983325 0.4969850 0.1265744 0.1538339 0.1658022 0.3107679 0.1505407 0.1612605 0.1562025 0.1019758 0.2751032 0.1670785 0.1463862 0.1558649 0.1700044 0.1239390 
Helianthus_annuus_SRR9119062               0.3400478 0.2214685 0.3109772 0.2814076 0.4606988 0.1719633 0.3507155 0.2452407 0.0000000 0.2913904 0.3016142 0.3190515 0.3138758 0.3459059 0.2806506 0.3057748 0.3065401 0.2419369 0.3508956 0.4829280 0.3667714 0.3075937 0.2502799 0.3181295 0.3836369 0.3203768 0.3105009 0.3660273 0.5307415 0.3849800 0.2467669 0.4918572 0.6122927 0.3172190 0.5323525 0.2817341 0.3502417 0.2910027 0.4124729 0.3718142 0.3120274 0.3300081 0.2792009 0.3157882 0.3386074 0.3143429 0.1090227 0.3220497 0.3135764 0.2282899 0.2632565 0.3120116 0.3016815 0.3769054 0.3275766 0.3532870 0.2211639 0.2375636 0.3005358 0.3108233 0.1827997 0.1627897 0.6371079 0.1866859 0.5989265 0.4716826 0.4402092 0.6299147 0.2376001 0.3210587 0.3129678 0.4660848 0.3190760 0.2619656 0.3035541 0.1511661 0.4357678 0.3215389 0.2978926 0.2672014 0.3109373 0.2863522 
Lycapsus_tenuifolius_17                    0.1377827 0.1306020 0.0948771 0.3234680 0.5289939 0.0994446 0.3043997 0.1249125 0.2913904 0.0000000 0.1257209 0.1718097 0.1751692 0.2358778 0.1836677 0.1852015 0.1618422 0.2645959 0.2662203 0.3895025 0.2499042 0.1698307 0.2197584 0.1740036 0.2587600 0.1726498 0.1666786 0.2433164 0.5698665 0.2646458 0.0542802 0.4112178 0.5685749 0.0020527 0.3893232 0.0829284 0.1858976 0.1649250 0.2332151 0.2642116 0.1702243 0.1777215 0.1669347 0.1751863 0.2355250 0.1769847 0.1152971 0.1753916 0.1702681 0.0945086 0.1041484 0.1664284 0.1752010 0.1916320 0.2495940 0.2239816 0.1752630 0.1837812 0.1734802 0.1709041 0.1386777 0.0886012 0.5723592 0.1276801 0.7385227 0.2550198 0.3451018 0.5840465 0.1257146 0.1706433 0.1712812 0.2916530 0.1724225 0.1122137 0.1621627 0.0586671 0.3563758 0.2045915 0.1704325 0.1628303 0.1727377 0.1331789 
Pericome_caudata_50_silver                 0.2803801 0.2049608 0.2298564 0.3936862 0.4145211 0.1173578 0.2707422 0.1805767 0.3016142 0.1257209 0.0000000 0.2418701 0.2482060 0.2639657 0.2151959 0.2346218 0.2200340 0.3013151 0.2105797 0.3322452 0.2550476 0.2434594 0.2906858 0.2388983 0.2954612 0.2379607 0.2290077 0.2664615 0.4772648 0.3247945 0.1689067 0.3853865 0.6231569 0.1751983 0.3986978 0.1765982 0.2948826 0.2117918 0.2737907 0.2708960 0.2298868 0.2863690 0.1950835 0.2664739 0.3008901 0.2274900 0.1652228 0.2369393 0.2474729 0.1654470 0.1837495 0.2454804 0.2309175 0.2787183 0.2289197 0.2889322 0.1737895 0.1549786 0.2043017 0.2515776 0.1475909 0.1155452 0.6995821 0.1383631 0.6715203 0.3609495 0.2569646 0.6257212 0.1418513 0.2358531 0.2455462 0.4367305 0.2349761 0.1704804 0.2346959 0.0918573 0.2331794 0.2303573 0.2180588 0.1611293 0.2223598 0.2200421 
Perityle_aglossa_84_dead_horse             0.2402342 0.1396979 0.1812105 0.4011994 0.5362896 0.1400425 0.3620869 0.1566231 0.3190515 0.1718097 0.2418701 0.0000000 0.0508859 0.2193911 0.1520252 0.0597923 0.0238169 0.2741889 0.3282532 0.3674775 0.1973526 0.0607510 0.1856727 0.0561185 0.2482454 0.0354816 0.0499244 0.2251698 0.5459685 0.3725543 0.1662737 0.4162615 0.6015954 0.2171304 0.3686361 0.0911042 0.1995819 0.0271126 0.2473438 0.2249975 0.0390630 0.1670782 0.0282227 0.1593760 0.2023757 0.0357402 0.1968873 0.0333234 0.0500618 0.0864538 0.0653821 0.0535501 0.0310741 0.1332496 0.2064441 0.3134389 0.1611908 0.0313030 0.0329476 0.0695375 0.1949159 0.1101132 0.5654764 0.0365148 0.6381448 0.1999454 0.4276633 0.5765121 0.1226477 0.0381853 0.0513008 0.4283212 0.0429159 0.0326427 0.0407619 0.0188771 0.4116118 0.1400490 0.0164762 0.1958162 0.0363757 0.0563352 
Perityle_ajoensis_204                      0.2166439 0.1431878 0.1808336 0.3831076 0.5477512 0.1356718 0.3674331 0.1642163 0.3138758 0.1751692 0.2482060 0.0508859 0.0000000 0.2181767 0.1637485 0.0690533 0.0303873 0.2811176 0.3356341 0.3845153 0.2035991 0.0387844 0.1728116 0.0424005 0.2470537 0.0523502 0.0531708 0.2159353 0.5616055 0.3768840 0.1708232 0.4263328 0.5891372 0.1788617 0.3825402 0.0973978 0.1718980 0.0408775 0.2515423 0.2339862 0.0418267 0.1653287 0.0350722 0.1688250 0.1877313 0.0509397 0.1808143 0.0520410 0.0106911 0.0949118 0.0707244 0.0174585 0.0437464 0.1442030 0.2203863 0.2842417 0.1679258 0.0373645 0.0355964 0.0100731 0.1980398 0.1079511 0.5692976 0.0390300 0.6487254 0.2241584 0.4361880 0.5792858 0.1344931 0.0523170 0.0259172 0.4335728 0.0525561 0.0114940 0.0136494 0.0141103 0.4174992 0.1416686 0.0251912 0.1975056 0.0121480 0.0558637 
Perityle_ambrosiifolia_67_green            0.2773207 0.2591839 0.1904942 0.4054884 0.1908814 0.2395155 0.2175891 0.2416982 0.3459059 0.2358778 0.2639657 0.2193911 0.2181767 0.0000000 0.0504792 0.2374362 0.2124526 0.2811176 0.1317136 0.1593953 0.1991608 0.2099790 0.2902956 0.2016930 0.0286088 0.2222394 0.2260421 0.3147077 0.1976906 0.2144976 0.2151198 0.2436628 0.3182451 0.2018624 0.1502880 0.1257801 0.2755879 0.2147802 0.2681402 0.0722037 0.2033890 0.2553745 0.2422436 0.2672657 0.3695606 0.2276989 0.2226873 0.2235276 0.2147272 0.0921264 0.0618822 0.2084114 0.2207338 0.1195317 0.0343309 0.2614031 0.3046125 0.1666535 0.2247395 0.2109155 0.1802104 0.1465973 0.2545351 0.2049975 0.2681912 0.1682042 0.2286626 0.3847803 0.1217351 0.2271901 0.1990134 0.2567222 0.2232562 0.1258844 0.2033291 0.1763999 0.2280551 0.2934706 0.2279906 0.1896917 0.2180800 0.2210240 
Perityle_angustifolia_13_Eagle_creek       0.2242043 0.2359002 0.1526157 0.3883562 0.2329802 0.1866494 0.2340956 0.1895302 0.2806506 0.1836677 0.2151959 0.1520252 0.1637485 0.0504792 0.0000000 0.1796261 0.1485426 0.2461886 0.1312523 0.1823637 0.1940861 0.1570148 0.2897077 0.1591416 0.0594396 0.1641867 0.1651019 0.2828983 0.2131314 0.1802142 0.1728014 0.2785691 0.3123144 0.1721664 0.1803126 0.0955583 0.2240387 0.1491795 0.2656706 0.0861592 0.1612449 0.2117781 0.1694837 0.2144350 0.3329731 0.1591625 0.2064890 0.1647638 0.1570330 0.0895602 0.0506804 0.1538061 0.1596531 0.1046800 0.0263936 0.2278512 0.2712440 0.1356759 0.1660140 0.1524561 0.1184791 0.1305375 0.1883397 0.1740662 0.3253933 0.1206918 0.2174018 0.3561817 0.0847707 0.1612183 0.1565062 0.2165430 0.1645737 0.0893903 0.1523271 0.1118242 0.2410949 0.2364578 0.1562152 0.1545918 0.1571598 0.1679367 
Perityle_batopilensis_97                   0.2270641 0.1411715 0.1824794 0.4082521 0.5591512 0.1390689 0.3641557 0.1622383 0.3057748 0.1852015 0.2346218 0.0597923 0.0690533 0.2374362 0.1796261 0.0000000 0.0407736 0.2758527 0.3466213 0.3871035 0.2046171 0.0805469 0.2030230 0.0546764 0.2499800 0.0564842 0.0467102 0.2161944 0.5702171 0.3795697 0.1791243 0.4591099 0.5926430 0.1731323 0.3908652 0.1018118 0.1772378 0.0419312 0.2658497 0.2353104 0.0524923 0.1700657 0.0437184 0.1661300 0.1913464 0.0514570 0.1564876 0.0499399 0.0691532 0.0970524 0.0730545 0.0719369 0.0477621 0.1475231 0.2354251 0.2768938 0.1538472 0.0415453 0.0502438 0.0807810 0.1817125 0.0852813 0.5740574 0.0404320 0.6695774 0.2254125 0.4325844 0.5823923 0.1463808 0.0544381 0.0720442 0.4354798 0.0584079 0.0563402 0.0581050 0.0418606 0.4202361 0.1457291 0.0424127 0.2123672 0.0543785 0.0508759 
Perityle_bisetosa_9                        0.2301772 0.1282457 0.1709851 0.3892289 0.5458408 0.1244663 0.3591037 0.1454695 0.3065401 0.1618422 0.2200340 0.0238169 0.0303873 0.2124526 0.1485426 0.0407736 0.0000000 0.2759451 0.3367182 0.3702946 0.1906964 0.0502185 0.1518628 0.0255211 0.2517954 0.0257673 0.0278155 0.1851374 0.5520074 0.3599000 0.1601605 0.4184731 0.5953067 0.2074989 0.3631914 0.0829713 0.1719404 0.0072717 0.2373233 0.2202314 0.0237884 0.1406227 0.0193425 0.1450358 0.1586896 0.0176168 0.1596012 0.0249701 0.0278775 0.0806416 0.0530394 0.0276708 0.0214264 0.1186199 0.2013452 0.3118823 0.1478577 0.0234244 0.0228454 0.0277013 0.1904177 0.0890703 0.5624353 0.0192893 0.6460713 0.1795284 0.4202907 0.5791402 0.1239518 0.0201032 0.0264732 0.4143603 0.0371342 0.0228126 0.0221810 0.0080372 0.4069767 0.1252748 0.0132118 0.1896072 0.0249406 0.0317520 
Perityle_californica_76_positas            0.2214891 0.2161315 0.2287577 0.5124765 0.2673806 0.3040465 0.2664575 0.1537837 0.2419369 0.2645959 0.3013151 0.2741889 0.2811176 0.2811176 0.2461886 0.2758527 0.2759451 0.0000000 0.2670629 0.2513616 0.2838673 0.2616746 0.1086682 0.2961761 0.2700126 0.3098949 0.2719095 0.3138044 0.2434698 0.4033780 0.3081064 0.2665678 0.5380424 0.2876826 0.2507310 0.2617062 0.3015331 0.2756339 0.2567132 0.2703762 0.2811176 0.2735507 0.2679987 0.2764969 0.4365737 0.3103427 9.0000000 0.3042907 0.2811176 0.2860245 0.2547234 0.2918755 0.2818609 0.2811111 0.2747609 0.3212410 0.2694435 0.2932535 0.3019986 0.2811176 0.2709490 0.1571299 0.6958851 0.0760855 0.9721783 0.2901061 0.3112798 0.6766933 0.2539758 0.2906662 0.2961761 0.4033780 0.2911715 0.2811176 0.2811176 0.0418128 0.3396323 0.3006319 0.2743141 0.3102440 0.2721824 0.2596285 
Perityle_canescens_77                      0.3207831 0.2511788 0.1952683 0.3981909 0.1871259 0.1948783 0.2263851 0.1710941 0.3508956 0.2662203 0.2105797 0.3282532 0.3356341 0.1317136 0.1312523 0.3466213 0.3367182 0.2670629 0.0000000 0.2365055 0.3128905 0.3273245 0.3516562 0.3386943 0.1450391 0.3453481 0.3423717 0.3524435 0.1720037 0.1724204 0.1948199 0.2541449 0.2893200 0.2564047 0.2235846 0.1987247 0.3613393 0.3271668 0.2945366 0.1624190 0.3317964 0.3327484 0.3190809 0.3367238 0.3943139 0.3399046 0.2379892 0.3375645 0.3396272 0.1455761 0.1425666 0.3319884 0.3349771 0.2767774 0.1251963 0.0982668 0.2654607 0.2734552 0.3354755 0.3305195 0.0530598 0.1345855 0.1683938 0.2280004 0.2579514 0.2859017 0.1876799 0.3306383 0.1592524 0.3384757 0.3385566 0.1899352 0.3457253 0.2182774 0.3235993 0.1072782 0.1914210 0.2641974 0.3402369 0.1917106 0.3299856 0.3173822 
Perityle_castillonii_96                    0.3753927 0.3275635 0.2964514 0.4373204 0.1699819 0.2414847 0.2257077 0.3360695 0.4829280 0.3895025 0.3322452 0.3674775 0.3845153 0.1593953 0.1823637 0.3871035 0.3702946 0.2513616 0.2365055 0.0000000 0.0342116 0.3665573 0.3617540 0.3824154 0.1677691 0.3921071 0.3811105 0.4496002 0.1564968 0.2442329 0.2804209 0.2604361 0.2428477 0.3383804 0.0112481 0.3108289 0.4258238 0.3732732 0.2995627 0.2079840 0.3839935 0.3928443 0.4153941 0.4139960 0.5360902 0.3947258 0.2226873 0.3891158 0.3731853 0.2058501 0.1423374 0.3752300 0.3856159 0.2314493 0.1547917 0.3282668 0.3958211 0.2713429 0.3944185 0.3660013 0.2328751 0.1723260 0.1556384 0.3369086 0.2542809 0.2904107 0.2056827 0.3125334 0.2030280 0.3734152 0.3824837 0.2937639 0.3939603 0.3126656 0.3734993 0.1986145 0.2572993 0.4274448 0.3501785 0.2232297 0.3764025 0.3680953 
Perityle_cernua_84                         0.2801801 0.2299828 0.2652824 0.4013489 0.2780848 0.1670855 0.2896074 0.2963954 0.3667714 0.2499042 0.2550476 0.1973526 0.2035991 0.1991608 0.1940861 0.2046171 0.1906964 0.2838673 0.3128905 0.0342116 0.0000000 0.2022501 0.5175248 0.2063549 0.2022730 0.2177495 0.2059469 0.2949308 0.2797538 0.3854508 0.2255623 0.4154126 0.4913162 0.2460530 0.0347395 0.1962069 0.2599856 0.1902299 0.2155659 0.2053549 0.2097357 0.2287179 0.2432697 0.2476252 0.4946643 0.2064448 0.6509314 0.2177678 0.1999325 0.2091884 0.1274796 0.2073957 0.2061145 0.1482683 0.1987125 0.3584284 0.2711874 0.1687872 0.2194829 0.2009481 0.2419447 0.1169016 0.6156047 0.2311194 0.7253040 0.1464863 0.3087540 0.6128075 0.1738494 0.2010033 0.2067049 0.4083941 0.2179433 0.1928960 0.1985280 0.0511827 0.3350423 0.2741488 0.1440568 0.1373017 0.2032796 0.1891553 
Perityle_cfvillosa_25_tin                  0.2530415 0.1419307 0.1966186 0.3878687 0.5276302 0.1309769 0.3602824 0.1628456 0.3075937 0.1698307 0.2434594 0.0607510 0.0387844 0.2099790 0.1570148 0.0805469 0.0502185 0.2616746 0.3273245 0.3665573 0.2022501 0.0000000 0.1612164 0.0528657 0.2460089 0.0585486 0.0670264 0.2090913 0.5576512 0.3686770 0.1628792 0.4133336 0.5915257 0.2329260 0.3680388 0.1029223 0.1832416 0.0555511 0.2478480 0.2296310 0.0539216 0.1504484 0.0584933 0.1534541 0.2034685 0.0600333 0.1648979 0.0618570 0.0283508 0.0955430 0.0685681 0.0426853 0.0592694 0.1379986 0.2080700 0.3165720 0.1657188 0.0373756 0.0338415 0.0285258 0.2017573 0.1045745 0.5689843 0.0375812 0.6272542 0.2109994 0.4263969 0.5800488 0.1268751 0.0605449 0.0499327 0.4172445 0.0706142 0.0066678 0.0408905 0.0094093 0.4078690 0.1614592 0.0511404 0.1801057 0.0296437 0.0612231 
Perityle_cinerea_113_Powell1310            0.2826763 0.1662529 0.2250676 0.3907888 0.3498055 0.2371479 0.3878005 0.1415578 0.2502799 0.2197584 0.2906858 0.1856727 0.1728116 0.2902956 0.2897077 0.2030230 0.1518628 0.1086682 0.3516562 0.3617540 0.5175248 0.1612164 0.0000000 0.1714083 0.3231451 0.1753841 0.1795319 0.2368597 0.3195962 0.3618948 0.2720650 0.3719844 0.3652887 0.2285040 0.3548001 0.2158748 0.1438359 0.1504180 0.7391521 0.3368377 0.1644025 0.1412698 0.1615764 0.1374706 0.1997754 0.1695692 0.1080553 0.1765300 0.1774344 0.5413711 0.4883461 0.1678403 0.1721022 0.6243921 0.2943826 0.7120208 0.2119086 0.1455746 0.1766936 0.1720761 0.6799344 0.1978701 0.3759353 0.1068698 0.3803520 0.6257359 0.4046368 0.4193459 0.1911018 0.1704952 0.1719329 0.3929850 0.1726213 0.2372478 0.1649899 0.0646083 0.4147857 0.1869320 0.1675590 0.2049148 0.1777749 0.1747139 
Perityle_coahuilensis_24                   0.2452782 0.1391837 0.1855679 0.3871739 0.5482947 0.1411063 0.3576198 0.1671817 0.3181295 0.1740036 0.2388983 0.0561185 0.0424005 0.2016930 0.1591416 0.0546764 0.0255211 0.2961761 0.3386943 0.3824154 0.2063549 0.0528657 0.1714083 0.0000000 0.2553882 0.0425633 0.0405938 0.2292526 0.5683882 0.3737406 0.1759672 0.4145063 0.6136709 0.2266244 0.3842402 0.0953447 0.1994473 0.0293547 0.2482942 0.2305834 0.0090451 0.1646236 0.0285207 0.1595558 0.1852373 0.0356518 0.1712356 0.0360780 0.0401275 0.0908527 0.0698216 0.0447388 0.0298448 0.1337337 0.2164865 0.3143663 0.1586953 0.0303739 0.0332358 0.0637081 0.1992340 0.1064460 0.5757613 0.0300147 0.6455168 0.1972461 0.4280536 0.5926231 0.1321553 0.0396304 0.0231800 0.4294512 0.0731285 0.0292506 0.0326939 0.0237386 0.4091347 0.1408831 0.0249608 0.2031912 0.0282360 0.0447596 
Perityle_cochisensis_44_cave_creek         0.3165996 0.2784276 0.2202313 0.4093353 0.2411825 0.2343350 0.2423741 0.2491479 0.3836369 0.2587600 0.2954612 0.2482454 0.2470537 0.0286088 0.0594396 0.2499800 0.2517954 0.2700126 0.1450391 0.1677691 0.2022730 0.2460089 0.3231451 0.2553882 0.0000000 0.2641130 0.2675971 0.3797800 0.2595382 0.2220146 0.2202600 0.3049745 0.3831901 0.2732509 0.1799171 0.1676940 0.3355736 0.2287599 0.2869447 0.1044637 0.2428215 0.3040688 0.2573369 0.2943052 0.3916754 0.2450345 0.2107135 0.2629974 0.2495256 0.0874422 0.0613416 0.2456511 0.2365734 0.1629618 0.0309632 0.3132523 0.3118591 0.1716169 0.2551573 0.2464293 0.1899117 0.1396433 0.2650642 0.2125601 0.3105510 0.2235678 0.2628326 0.4032939 0.1092731 0.2587484 0.2531930 0.2779330 0.2666811 0.1482927 0.2309395 0.1662314 0.2631704 0.3134707 0.2398636 0.1792272 0.2356089 0.2673260 
Perityle_congesta_202                      0.2251484 0.1454971 0.1868729 0.3939300 0.5614669 0.1423490 0.3593703 0.1614780 0.3203768 0.1726498 0.2379607 0.0354816 0.0523502 0.2222394 0.1641867 0.0564842 0.0257673 0.3098949 0.3453481 0.3921071 0.2177495 0.0585486 0.1753841 0.0425633 0.2641130 0.0000000 0.0393358 0.2044164 0.5791497 0.3750817 0.1727121 0.4304660 0.6024708 0.1938023 0.3799908 0.0922649 0.1768203 0.0299988 0.2570740 0.2341414 0.0411114 0.1581515 0.0069106 0.1523215 0.1822925 0.0366004 0.1720285 0.0125124 0.0524445 0.0949341 0.0723674 0.0558281 0.0316765 0.1394103 0.2195873 0.3128386 0.1641212 0.0383330 0.0096565 0.0610925 0.2064030 0.1101660 0.5576692 0.0381372 0.6566519 0.2118648 0.4330325 0.5898841 0.1379789 0.0417847 0.0530411 0.4282203 0.0109051 0.0370622 0.0425483 0.0157743 0.4196818 0.1412584 0.0250693 0.2055299 0.0373560 0.0454850 
Perityle_cordifolia_27                     0.2087675 0.1355991 0.1735450 0.3837461 0.5469235 0.1306875 0.3519781 0.1626298 0.3105009 0.1666786 0.2290077 0.0499244 0.0531708 0.2260421 0.1651019 0.0467102 0.0278155 0.2719095 0.3423717 0.3811105 0.2059469 0.0670264 0.1795319 0.0405938 0.2675971 0.0393358 0.0000000 0.2106609 0.5665653 0.3671867 0.1585517 0.4140631 0.6131693 0.2038202 0.3752251 0.0815839 0.1781967 0.0274852 0.2515047 0.2321632 0.0355989 0.1542619 0.0282850 0.1497633 0.1747870 0.0350887 0.1675677 0.0379174 0.0542596 0.0915718 0.0603004 0.0583420 0.0321536 0.1189742 0.2247815 0.3307168 0.1530739 0.0313742 0.0358694 0.0657583 0.1985780 0.1094382 0.5837900 0.0172304 0.6520598 0.1814914 0.4216823 0.5860733 0.1368369 0.0401111 0.0517907 0.4222871 0.0539121 0.0399409 0.0428197 0.0241947 0.4087492 0.1293109 0.0274192 0.1974078 0.0374667 0.0292002 
Perityle_cordifolia_68_tecolote            0.3075156 0.1739438 0.2446030 0.4294470 0.5771597 0.1509977 0.3974155 0.1719588 0.3660273 0.2433164 0.2664615 0.2251698 0.2159353 0.3147077 0.2828983 0.2161944 0.1851374 0.3138044 0.3524435 0.4496002 0.2949308 0.2090913 0.2368597 0.2292526 0.3797800 0.2044164 0.2106609 0.0000000 0.5865390 0.3954706 0.2075902 0.4575501 0.6569703 0.2580674 0.4554203 0.1948349 0.2654221 0.1981548 0.2363939 0.3285950 0.2130994 0.2266254 0.1951660 0.2321429 0.3104394 0.2098427 0.2704022 0.2017088 0.2095462 0.1414756 0.1536950 0.2141525 0.2024274 0.2242977 0.3388332 0.2796458 0.0169124 0.1410710 0.1788360 0.2419508 0.1653838 0.1209568 0.5947578 0.1313028 0.7026105 0.2958714 0.4190048 0.6042272 0.2255523 0.1979574 0.2116589 0.4807913 0.2265187 0.1893581 0.2063181 0.1140380 0.4309106 0.1936906 0.1907279 0.2556069 0.1989710 0.1980403 
Perityle_coronopifolia_28_patagonia        0.4657369 0.4024596 0.3644986 0.3936430 0.1359988 0.3433490 0.2012564 0.4192576 0.5307415 0.5698665 0.4772648 0.5459685 0.5616055 0.1976906 0.2131314 0.5702171 0.5520074 0.2434698 0.1720037 0.1564968 0.2797538 0.5576512 0.3195962 0.5683882 0.2595382 0.5791497 0.5665653 0.5865390 0.0000000 0.1843948 0.3644752 0.1841309 0.1198465 0.4908386 0.1780487 0.4935500 0.5781739 0.5552557 0.5045865 0.2240456 0.5697962 0.5632634 0.5727985 0.5791149 0.4538517 0.5839584 0.2423127 0.5668282 0.5665126 0.2407678 0.3513155 0.5637818 0.5674016 0.4130267 0.2415136 0.2482665 0.4751764 0.4016561 0.5784226 0.5557551 0.2110234 0.3026925 0.1413789 0.3881881 0.0219020 0.5741064 0.1825614 0.1366307 0.2906847 0.5701264 0.5667089 0.2437454 0.5732614 0.5428011 0.5550953 0.3670282 0.1894325 0.5537989 0.5503374 0.2919973 0.5702662 0.5531012 
Perityle_crassifolia_70_ventanas           0.3503240 0.2928835 0.2549804 0.4200498 0.1709260 0.2490561 0.2278687 0.3106624 0.3849800 0.2646458 0.3247945 0.3725543 0.3768840 0.2144976 0.1802142 0.3795697 0.3599000 0.4033780 0.1724204 0.2442329 0.3854508 0.3686770 0.3618948 0.3737406 0.2220146 0.3750817 0.3671867 0.3954706 0.1843948 0.0000000 0.2053667 0.2219891 0.2390183 0.2345925 0.2514321 0.2632845 0.3817609 0.3653514 0.4105539 0.2035222 0.3732198 0.3712866 0.3679064 0.3717374 0.4236151 0.3867810 0.1768251 0.3754374 0.3754730 0.1955433 0.2402817 0.3710275 0.3712415 0.3186051 0.2035394 0.2616288 0.3340626 0.3043681 0.3788117 0.3652373 0.1482777 0.1777042 0.1494930 0.2544144 0.2852709 0.4021677 0.1988609 0.3229703 0.2568789 0.3826776 0.3704359 0.0097655 0.3778520 0.3033351 0.3692349 0.2229773 0.2198499 0.3896708 0.3766204 0.2643820 0.3790890 0.3318849 
Perityle_crassifolia_74_playa_balandra     0.1722411 0.1984813 0.1243914 0.3561457 0.3105782 0.0767732 0.2344763 0.1405441 0.2467669 0.0542802 0.1689067 0.1662737 0.1708232 0.2151198 0.1728014 0.1791243 0.1601605 0.3081064 0.1948199 0.2804209 0.2255623 0.1628792 0.2720650 0.1759672 0.2202600 0.1727121 0.1585517 0.2075902 0.3644752 0.2053667 0.0000000 0.2738416 0.3943737 0.0610575 0.2874428 0.0944563 0.2014664 0.1580552 0.2743938 0.1959910 0.1734450 0.1861648 0.1677982 0.1860540 0.2399120 0.1725183 0.1313105 0.1750964 0.1653866 0.1121103 0.1231225 0.1613339 0.1774236 0.2361605 0.1994937 0.1661530 0.1833215 0.1606184 0.1741734 0.1613361 0.0917818 0.1176663 0.4584026 0.1464928 0.4518702 0.3172679 0.2495759 0.4528708 0.1227566 0.1704381 0.1744225 0.2041809 0.1715975 0.1383220 0.1639830 0.0853957 0.2573076 0.2029145 0.1683826 0.1219567 0.1702428 0.1172801 
Perityle_cuneata_34_cuneata_San_antonio    0.3934385 0.2428800 0.3023115 0.3966004 0.1682571 0.2293435 0.2354303 0.2557305 0.4918572 0.4112178 0.3853865 0.4162615 0.4263328 0.2436628 0.2785691 0.4591099 0.4184731 0.2665678 0.2541449 0.2604361 0.4154126 0.4133336 0.3719844 0.4145063 0.3049745 0.4304660 0.4140631 0.4575501 0.1841309 0.2219891 0.2738416 0.0000000 0.2646827 0.3754790 0.2587001 0.3456474 0.4442316 0.4369947 0.3841998 0.2872099 0.4239542 0.4054077 0.4375086 0.4435795 0.4814922 0.4410491 0.1480121 0.4323678 0.4179180 0.2946527 0.2962273 0.4186105 0.4358238 0.3078431 0.2783986 0.4364824 0.3168315 0.3273532 0.4325643 0.4157743 0.2346609 0.1727078 0.1680228 0.2419311 0.2892757 0.3334319 0.2510816 0.3919002 0.2327445 0.4182955 0.4136248 0.3005235 0.4330829 0.3999842 0.4195857 0.1509764 0.3030769 0.4581481 0.4080225 0.2337738 0.4249231 0.3734787 
Perityle_cuneata_4                         0.5858462 0.3893774 0.4694847 0.5941764 0.1213102 0.3158356 0.3023841 0.4445410 0.6122927 0.5685749 0.6231569 0.6015954 0.5891372 0.3182451 0.3123144 0.5926430 0.5953067 0.5380424 0.2893200 0.2428477 0.4913162 0.5915257 0.3652887 0.6136709 0.3831901 0.6024708 0.6131693 0.6569703 0.1198465 0.2390183 0.3943737 0.2646827 0.0000000 0.6158870 0.2757360 0.5464703 0.6680547 0.5666241 0.6642252 0.3507830 0.5913580 0.5998371 0.5359788 0.5934458 0.4697035 0.5868806 0.1897474 0.6024065 0.5996321 0.5127060 0.5209970 0.5914227 0.5808225 0.6263015 0.3107582 0.6231556 0.4806666 0.4857188 0.6031625 0.5912489 0.5097443 0.2619529 0.1494464 0.3570553 0.1271632 0.7015819 0.2863383 0.3356365 0.3096369 0.6033062 0.6135972 0.3194218 0.6037913 0.5631258 0.5729233 0.3184975 0.2848858 0.6145326 0.5751013 0.2918492 0.5857748 0.5937133 
Perityle_discoidea_81                      0.1044047 0.1449834 0.1397430 0.3271785 0.4277897 0.1068271 0.2980389 0.1361013 0.3172190 0.0020527 0.1751983 0.2171304 0.1788617 0.2018624 0.1721664 0.1731323 0.2074989 0.2876826 0.2564047 0.3383804 0.2460530 0.2329260 0.2285040 0.2266244 0.2732509 0.1938023 0.2038202 0.2580674 0.4908386 0.2345925 0.0610575 0.3754790 0.6158870 0.0000000 0.3601141 0.0765871 0.1891249 0.1476184 0.2490484 0.2303371 0.1671412 0.2083176 0.1531916 0.1806662 0.2256801 0.1636287 0.1193951 0.2040106 0.2061349 0.0965151 0.1164862 0.1898324 0.1604513 0.2564268 0.1974333 0.3152745 0.1748185 0.1464524 0.1759131 0.2249747 0.1916272 0.0984046 0.6246585 0.1369414 0.6646361 0.3532497 0.3054536 0.5918020 0.1238472 0.1817291 0.2061014 0.2933870 0.2303127 0.1198722 0.1608361 0.0658598 0.3008695 0.1889100 0.1586609 0.1412836 0.1715295 0.1696539 
Perityle_dissecta_201                      0.3810043 0.3302377 0.3220381 0.4303188 0.1554817 0.2417285 0.2064225 0.3482899 0.5323525 0.3893232 0.3986978 0.3686361 0.3825402 0.1502880 0.1803126 0.3908652 0.3631914 0.2507310 0.2235846 0.0112481 0.0347395 0.3680388 0.3548001 0.3842402 0.1799171 0.3799908 0.3752251 0.4554203 0.1780487 0.2514321 0.2874428 0.2587001 0.2757360 0.3601141 0.0000000 0.3129923 0.4295620 0.3745608 0.2881607 0.1946439 0.3860361 0.3953876 0.4345876 0.4218350 0.5553383 0.3909084 0.2226873 0.3773925 0.3714556 0.2137816 0.1581023 0.3754856 0.3886504 0.2092727 0.1643176 0.4047247 0.3937946 0.2768704 0.3722529 0.3631371 0.2982461 0.1726963 0.2392075 0.3374597 0.2393819 0.2791755 0.2125623 0.3484778 0.2024886 0.3668347 0.3835139 0.3506641 0.3839367 0.3185702 0.3739296 0.1987362 0.2645030 0.4239776 0.3523581 0.2094680 0.3758102 0.3711607 
Perityle_emoryi_47_punta_san_jose          0.1239981 0.1050248 0.1038739 0.3057807 0.4294406 0.0789792 0.2883542 0.1163014 0.2817341 0.0829284 0.1765982 0.0911042 0.0973978 0.1257801 0.0955583 0.1018118 0.0829713 0.2617062 0.1987247 0.3108289 0.1962069 0.1029223 0.2158748 0.0953447 0.1676940 0.0922649 0.0815839 0.1948349 0.4935500 0.2632845 0.0944563 0.3456474 0.5464703 0.0765871 0.3129923 0.0000000 0.1607052 0.0852208 0.1866150 0.1368604 0.0916299 0.1434921 0.0995735 0.1474225 0.2064177 0.0976317 0.0908642 0.0938126 0.0951342 0.0710335 0.0418400 0.0930290 0.0946443 0.0967007 0.1338539 0.2593767 0.1518957 0.0537403 0.0865971 0.0950512 0.1736944 0.0675715 0.6403807 0.0575444 0.6537556 0.1783823 0.3211571 0.5550288 0.0454256 0.1001501 0.0904039 0.3281608 0.0943342 0.0664895 0.0881299 0.0287263 0.3202345 0.1462931 0.0860123 0.0912077 0.0958075 0.0662130 
Perityle_feddemae_99                       0.2482241 0.1463369 0.2472779 0.4037882 0.5875370 0.1782817 0.3586929 0.1835406 0.3502417 0.1858976 0.2948826 0.1995819 0.1718980 0.2755879 0.2240387 0.1772378 0.1719404 0.3015331 0.3613393 0.4258238 0.2599856 0.1832416 0.1438359 0.1994473 0.3355736 0.1768203 0.1781967 0.2654221 0.5781739 0.3817609 0.2014664 0.4442316 0.6680547 0.1891249 0.4295620 0.1607052 0.0000000 0.1481653 0.2571662 0.2938857 0.1684627 0.0217609 0.1509837 0.0221205 0.2688523 0.1634193 0.2740067 0.1810808 0.1825050 0.0255291 0.1318566 0.1807488 0.1607591 0.2334021 0.2780605 0.3404817 0.1603516 0.0850671 0.1287626 0.2024931 0.2182248 0.1339540 0.6034477 0.0854085 0.6849391 0.3399015 0.4435038 0.6202270 0.1921207 0.1608478 0.1844405 0.4535770 0.2023967 0.1381670 0.1590632 0.1014972 0.4216195 0.1465164 0.1482494 0.2104244 0.1569641 0.1644253 
Perityle_fosteri_93                        0.2112523 0.1173448 0.1635947 0.3889002 0.5440344 0.1218850 0.3574460 0.1471996 0.2910027 0.1649250 0.2117918 0.0271126 0.0408775 0.2147802 0.1491795 0.0419312 0.0072717 0.2756339 0.3271668 0.3732732 0.1902299 0.0555511 0.1504180 0.0293547 0.2287599 0.0299988 0.0274852 0.1981548 0.5552557 0.3653514 0.1580552 0.4369947 0.5666241 0.1476184 0.3745608 0.0852208 0.1481653 0.0000000 0.2457190 0.2281083 0.0277088 0.1422343 0.0231193 0.1457967 0.1568683 0.0212896 0.1524955 0.0294149 0.0393563 0.0815784 0.0564672 0.0374218 0.0239001 0.1286303 0.2034650 0.2602375 0.1459155 0.0244659 0.0276737 0.0381815 0.1764872 0.0869037 0.5583991 0.0175683 0.6499154 0.2087991 0.4213628 0.5663101 0.1230566 0.0154133 0.0336635 0.4114887 0.0291068 0.0281347 0.0319808 0.0080321 0.4128394 0.1293852 0.0173860 0.1839079 0.0280819 0.0314223 
Perityle_gamon_221                         0.2641879 0.2757668 0.2218406 0.4606594 0.5110579 0.2024006 0.3042657 0.2921782 0.4124729 0.2332151 0.2737907 0.2473438 0.2515423 0.2681402 0.2656706 0.2658497 0.2373233 0.2567132 0.2945366 0.2995627 0.2155659 0.2478480 0.7391521 0.2482942 0.2869447 0.2570740 0.2515047 0.2363939 0.5045865 0.4105539 0.2743938 0.3841998 0.6642252 0.2490484 0.2881607 0.1866150 0.2571662 0.2457190 0.0000000 0.2641690 0.2508604 0.2401624 0.2822139 0.2512648 0.4749434 0.2605296 0.6450188 0.2570764 0.2513850 0.1898636 0.2058984 0.2471417 0.2606461 0.2207262 0.2771192 0.3364113 0.2658160 0.2470808 0.2590311 0.2557741 0.2515684 0.1535586 0.9527568 0.2701073 0.8406136 0.2207516 0.3446733 0.6304620 0.2832801 0.2512299 0.2482942 0.4654736 0.2539042 0.2220282 0.2453188 0.1302241 0.3243700 0.2041521 0.2179071 0.3157804 0.2546768 0.2173988 
Perityle_gentryi_8_san_francisco           0.2829419 0.2707605 0.1882669 0.4140068 0.2316009 0.2405923 0.2533490 0.2193345 0.3718142 0.2642116 0.2708960 0.2249975 0.2339862 0.0722037 0.0861592 0.2353104 0.2202314 0.2703762 0.1624190 0.2079840 0.2053549 0.2296310 0.3368377 0.2305834 0.1044637 0.2341414 0.2321632 0.3285950 0.2240456 0.2035222 0.1959910 0.2872099 0.3507830 0.2303371 0.1946439 0.1368604 0.2938857 0.2281083 0.2641690 0.0000000 0.2354245 0.2600582 0.2686762 0.2894690 0.3866853 0.2389554 0.3251886 0.2356819 0.2340758 0.0954100 0.0684633 0.2292830 0.2333807 0.1230701 0.0863604 0.2892429 0.3025119 0.1764657 0.2350924 0.2298700 0.1877330 0.1745976 0.1952818 0.1889707 0.3196045 0.1461064 0.2538809 0.3932500 0.1232886 0.2220668 0.2293779 0.2664712 0.2362221 0.1525471 0.2251078 0.1514552 0.2522048 0.3172691 0.2381488 0.1804069 0.2365790 0.2251652 
Perityle_gilensis_salensis_225             0.2161052 0.1405826 0.1697824 0.3928145 0.5507165 0.1432759 0.3602803 0.1656183 0.3120274 0.1702243 0.2298868 0.0390630 0.0418267 0.2033890 0.1612449 0.0524923 0.0237884 0.2811176 0.3317964 0.3839935 0.2097357 0.0539216 0.1644025 0.0090451 0.2428215 0.0411114 0.0355989 0.2130994 0.5697962 0.3732198 0.1734450 0.4239542 0.5913580 0.1671412 0.3860361 0.0916299 0.1684627 0.0277088 0.2508604 0.2354245 0.0000000 0.1623531 0.0258952 0.1583908 0.1758802 0.0351647 0.1712356 0.0343961 0.0417491 0.0906027 0.0710998 0.0451536 0.0293676 0.1408425 0.2196174 0.2738845 0.1596199 0.0319865 0.0327111 0.0535752 0.1915495 0.1035349 0.5815596 0.0327637 0.6430828 0.2183075 0.4234591 0.5843446 0.1325833 0.0391024 0.0289724 0.4291861 0.0402233 0.0286198 0.0322545 0.0204824 0.4053335 0.1377735 0.0240693 0.2044962 0.0273844 0.0386498 
Perityle_glaucescens_94                    0.2653926 0.1404756 0.2116614 0.3939614 0.5599012 0.1581175 0.3235563 0.1677905 0.3300081 0.1777215 0.2863690 0.1670782 0.1653287 0.2553745 0.2117781 0.1700657 0.1406227 0.2735507 0.3327484 0.3928443 0.2287179 0.1504484 0.1412698 0.1646236 0.3040688 0.1581515 0.1542619 0.2266254 0.5632634 0.3712866 0.1861648 0.4054077 0.5998371 0.2083176 0.3953876 0.1434921 0.0217609 0.1422343 0.2401624 0.2600582 0.1623531 0.0000000 0.1449097 0.0146366 0.2614066 0.1579059 0.2643474 0.1574264 0.1587990 0.0115436 0.1110615 0.1635337 0.1535969 0.1872600 0.2722941 0.2773491 0.1494273 0.0757737 0.1172328 0.1654864 0.1870150 0.1149179 0.5777041 0.0800093 0.6603469 0.2702517 0.4253753 0.5831415 0.1795666 0.1501027 0.1586296 0.4654496 0.1604447 0.1255371 0.1524331 0.0947764 0.3953008 0.1396661 0.1408103 0.1925205 0.1506526 0.1413895 
Perityle_gracilis_11                       0.2135636 0.1399867 0.1666154 0.3662484 0.5565837 0.1305536 0.3552793 0.1446252 0.2792009 0.1669347 0.1950835 0.0282227 0.0350722 0.2422436 0.1694837 0.0437184 0.0193425 0.2679987 0.3190809 0.4153941 0.2432697 0.0584933 0.1615764 0.0285207 0.2573369 0.0069106 0.0282850 0.1951660 0.5727985 0.3679064 0.1677982 0.4375086 0.5359788 0.1531916 0.4345876 0.0995735 0.1509837 0.0231193 0.2822139 0.2686762 0.0258952 0.1449097 0.0000000 0.1473406 0.1586137 0.0300142 0.1712356 0.0068628 0.0329322 0.0588048 0.0717656 0.0317675 0.0255178 0.1674108 0.2284881 0.1303868 0.1585330 0.0310692 0.0052189 0.0319885 0.1040607 0.1069508 0.5568245 0.0327718 0.6247861 0.2685042 0.4155478 0.5462170 0.1309588 0.0349916 0.0279007 0.3952929 0.0064757 0.0262716 0.0254771 0.0062828 0.4175694 0.1326282 0.0182342 0.1980716 0.0297475 0.0371242 
Perityle_harkerae_31                       0.2644549 0.1374979 0.2206966 0.3911764 0.5801226 0.1574184 0.3531562 0.1748512 0.3157882 0.1751863 0.2664739 0.1593760 0.1688250 0.2672657 0.2144350 0.1661300 0.1450358 0.2764969 0.3367238 0.4139960 0.2476252 0.1534541 0.1374706 0.1595558 0.2943052 0.1523215 0.1497633 0.2321429 0.5791149 0.3717374 0.1860540 0.4435795 0.5934458 0.1806662 0.4218350 0.1474225 0.0221205 0.1457967 0.2512648 0.2894690 0.1583908 0.0146366 0.1473406 0.0000000 0.2465395 0.1573962 0.2628238 0.1562556 0.1588480 0.0167441 0.1162257 0.1636898 0.1564958 0.1926113 0.2732683 0.2659192 0.1512072 0.0774947 0.1210201 0.1599666 0.1868055 0.1265051 0.5949208 0.0790275 0.6705814 0.2826594 0.4322312 0.5980050 0.1799468 0.1546356 0.1576820 0.4409068 0.1514937 0.1319493 0.1567857 0.0938279 0.4146343 0.1448016 0.1437504 0.1999045 0.1538660 0.1375102 
Perityle_hofmeisteria_4_nombre_de_dios     0.2818885 0.2049685 0.2205423 0.3634500 0.4339803 0.2040395 0.4344020 0.2139439 0.3386074 0.2355250 0.3008901 0.2023757 0.1877313 0.3695606 0.3329731 0.1913464 0.1586896 0.4365737 0.3943139 0.5360902 0.4946643 0.2034685 0.1997754 0.1852373 0.3916754 0.1822925 0.1747870 0.3104394 0.4538517 0.4236151 0.2399120 0.4814922 0.4697035 0.2256801 0.5553383 0.2064177 0.2688523 0.1568683 0.4749434 0.3866853 0.1758802 0.2614066 0.1586137 0.2465395 0.0000000 0.1731196 0.1971160 0.1713293 0.1920981 0.2529139 0.2602759 0.1892109 0.1618283 0.3761832 0.3711034 0.3048456 0.2233702 0.1991155 0.1676869 0.2192215 0.2839025 0.2535822 0.5545559 0.1433943 0.5396603 0.4685616 0.4633276 0.4823443 0.2865780 0.1778163 0.1960976 0.4817595 0.2014031 0.1858829 0.1721443 0.1301674 0.4700604 0.2088531 0.1658011 0.2738180 0.1674723 0.1750290 
Perityle_huecosensis_48                    0.2222014 0.1376932 0.1753175 0.3940212 0.5702146 0.1398004 0.3766580 0.1646071 0.3143429 0.1769847 0.2274900 0.0357402 0.0509397 0.2276989 0.1591625 0.0514570 0.0176168 0.3103427 0.3399046 0.3947258 0.2064448 0.0600333 0.1695692 0.0356518 0.2450345 0.0366004 0.0350887 0.2098427 0.5839584 0.3867810 0.1725183 0.4410491 0.5868806 0.1636287 0.3909084 0.0976317 0.1634193 0.0212896 0.2605296 0.2389554 0.0351647 0.1579059 0.0300142 0.1573962 0.1731196 0.0000000 0.1639145 0.0351705 0.0513903 0.0933545 0.0667870 0.0539452 0.0327672 0.1379762 0.2142598 0.2761525 0.1664866 0.0391514 0.0356228 0.0554403 0.1877549 0.1146411 0.5828218 0.0345482 0.6692337 0.2216935 0.4377995 0.5867859 0.1379048 0.0332001 0.0458313 0.4353954 0.0354185 0.0348586 0.0399288 0.0255743 0.4242500 0.1415968 0.0267819 0.2043331 0.0370998 0.0421450 
