84
Amauria_brandeegeana_62                    0.0000000 0.0798332 0.1470538 0.3039345 0.1650080 0.1559932 0.1835625 0.4281858 0.1132279 0.2882159 0.1278182 0.1776415 0.1396763 0.1027654 0.1970700 0.1302647 0.1060388 0.1021486 0.1386301 0.1400893 0.1454923 0.0790702 0.1473737 0.1195791 0.1473425 0.1483068 0.1285708 0.1922202 0.1268991 0.1023265 0.1390962 0.1393734 0.0754615 0.1305962 0.1587516 0.1737608 0.1440009 0.1669476 0.1392341 0.1351779 0.1502532 0.1819617 0.1377722 0.1257404 0.1671190 0.1493340 0.0753781 0.1440459 0.2339704 0.1711673 0.1422645 0.1351728 0.1254970 0.1468079 0.1031443 0.1944908 0.0952408 0.1471952 0.1829237 0.1461613 0.1850681 0.2377393 0.1419942 0.0839505 0.1293774 0.2037380 0.1304325 0.1238284 0.1465910 0.0559828 0.1337296 0.1470003 0.1487941 0.1257325 0.1350339 0.1283043 0.0446143 0.1312853 0.1289642 0.1283475 0.1296853 0.2757005 0.1400473 0.1346072 
Amauria_carterae_99_mesa                   0.0798332 0.0000000 0.1248751 0.1845016 0.0824402 0.1308924 0.1427451 0.1764868 0.0487258 0.1352323 0.0963168 0.0992300 0.0945993 0.0973921 0.1067421 0.0915471 0.0926758 0.0914565 0.1005307 0.0975597 0.0984144 0.0940445 0.0984835 0.1041131 0.1030801 0.1113324 0.1180427 0.1239627 0.0766432 0.0812894 0.1093922 0.0951495 0.0885685 0.0968101 0.0577543 0.1302194 0.0921281 0.1472344 0.1152507 0.0942800 0.1003429 0.1385834 0.0967106 0.1231372 0.1545404 0.0922416 0.0694291 0.0960720 0.0946757 0.1274703 0.0982363 0.0933037 0.0937013 0.1058389 0.0919160 0.1276136 0.1169888 0.0976110 0.1008985 0.0964074 0.1164448 0.2272033 0.1292100 0.1144712 0.0943720 0.1324831 0.0996032 0.0881959 0.0952938 0.0820830 0.0950821 0.0982577 0.0837935 0.0948202 0.1014977 0.0948700 0.0741416 0.1274326 0.0899654 0.1059506 0.0987132 0.2130002 0.0921272 0.0553642 
Amauria_rotundifolia_SRR9119150            0.1470538 0.1248751 0.0000000 0.3263503 0.1812030 0.1817538 0.2203024 0.4626561 0.1417978 0.3187249 0.1542273 0.2003657 0.1568602 0.1525611 0.2072829 0.1629431 0.1137353 0.1365094 0.1631317 0.1581012 0.1666907 0.1144920 0.1675325 0.1578154 0.1715846 0.1682595 0.1579366 0.2230100 0.1582151 0.1413358 0.1423437 0.1586045 0.1366528 0.1617727 0.1866658 0.1955918 0.1659440 0.1783552 0.1696265 0.1570709 0.1704002 0.2086284 0.1723219 0.1601916 0.1808834 0.1720065 0.1157366 0.1657251 0.2713439 0.1998818 0.1645375 0.1611336 0.1502104 0.1659732 0.1336931 0.2193203 0.1245137 0.1795983 0.2126577 0.1609179 0.2232772 0.2224659 0.1758622 0.1090376 0.1543138 0.2395773 0.1501425 0.1555886 0.1482730 0.0965751 0.1666899 0.1669095 0.1770089 0.1583080 0.1581019 0.1559692 0.0773268 0.1666441 0.1413009 0.1559078 0.1555754 0.3221363 0.1640225 0.1672494 
Conoclinium_coelestinum_SRR9119114         0.3039345 0.1845016 0.3263503 0.0000000 0.2401050 0.1737127 0.2729514 0.4067380 0.2083174 0.3735424 0.2789675 0.3474634 0.2881801 0.2480120 0.3491607 0.2989648 0.2201220 0.2238729 0.3116345 0.3061710 0.2896888 0.2091187 0.2850772 0.2112743 0.2932476 0.3031197 0.2200022 0.3011744 0.2088152 0.2160858 0.2994229 0.2706329 0.2263336 0.2862803 0.2326638 0.2825294 0.3336098 0.3149656 0.2455876 0.2794841 0.2879097 0.3339391 0.2490137 0.2403197 0.3093729 0.3030827 0.1724754 0.2911205 0.4207836 0.3309150 0.3024983 0.3151729 0.2488120 0.3044770 0.1757453 0.2806766 0.2125046 0.1909099 0.3671418 0.2912591 0.2860729 0.3183734 0.2237597 0.1552243 0.2863713 0.3247699 0.3226894 0.2191010 0.2763140 0.1805819 0.2980878 0.2860516 0.2527129 0.2400764 0.3115299 0.2631678 0.1361277 0.2281358 0.2802887 0.2303452 0.3010911 0.3270216 0.2865738 0.2575090 
Eutetras_palmeri_63                        0.1650080 0.0824402 0.1812030 0.2401050 0.0000000 0.1284773 0.1781869 0.4033413 0.1168852 0.3126936 0.1514403 0.1808863 0.1555726 0.1177582 0.1834528 0.1507801 0.0839374 0.1285349 0.1502676 0.1349720 0.1504575 0.0877100 0.1494569 0.1448210 0.1512583 0.1783243 0.1456869 0.1598894 0.1095385 0.0956367 0.1364601 0.1516723 0.1333345 0.1547816 0.1462437 0.1767270 0.1701189 0.1736824 0.1667743 0.1452824 0.1530919 0.1780915 0.1503194 0.1306512 0.1782881 0.1648803 0.0813575 0.1468295 0.2744301 0.1719305 0.1516876 0.1641821 0.1514041 0.1723850 0.1061144 0.1586911 0.0967655 0.1458886 0.1943018 0.1591027 0.1494014 0.2210904 0.1328633 0.0908074 0.1477925 0.1468662 0.1280943 0.1455975 0.1497429 0.0620451 0.1651864 0.1492700 0.1422213 0.1337386 0.1414992 0.1551269 0.0544837 0.1516694 0.1338395 0.1469835 0.1609939 0.2943445 0.1476444 0.1421586 
Eutrochium_fistulosum_SRR9119106           0.1559932 0.1308924 0.1817538 0.1737127 0.1284773 0.0000000 0.1756598 0.2954838 0.1517067 0.2378879 0.1423512 0.1627813 0.1564887 0.1307739 0.1751792 0.1507077 0.1242950 0.1458651 0.1626974 0.1575925 0.1627199 0.1290241 0.1625898 0.1660010 0.1692396 0.1856842 0.1688966 0.1762087 0.1546535 0.1508673 0.1599701 0.1585624 0.1431440 0.1604408 0.1734878 0.1775041 0.1568835 0.1813588 0.1623577 0.1562768 0.1717867 0.1808497 0.1516848 0.1522402 0.1857884 0.1651109 0.1047636 0.1578763 0.1608299 0.1648802 0.1618773 0.1569129 0.1507271 0.1818691 0.1356354 0.1696909 0.1555517 0.1996526 0.1577445 0.1644964 0.1726806 0.2791928 0.1424145 0.1004143 0.1500660 0.1823788 0.1733085 0.1340332 0.1587593 0.0974979 0.1603294 0.1623290 0.1856191 0.1445986 0.1635048 0.1514880 0.0723788 0.1527385 0.1435163 0.1511849 0.1551941 0.3254998 0.1607240 0.1741525 
Galeana_pratensis_104_mex                  0.1835625 0.1427451 0.2203024 0.2729514 0.1781869 0.1756598 0.0000000 0.4753602 0.1624570 0.4144222 0.1651257 0.2186394 0.1883324 0.1208766 0.1563634 0.1617403 0.1309746 0.1675774 0.1706465 0.1595485 0.1734571 0.1259386 0.1734571 0.1839427 0.1767705 0.2212581 0.2099098 0.1958113 0.1437807 0.1321105 0.1565845 0.1815106 0.1560218 0.1718382 0.1633850 0.2008323 0.1799812 0.2165458 0.1988948 0.1799481 0.1738601 0.1980748 0.1746120 0.1583367 0.2180654 0.2018729 0.1151023 0.1682462 0.3423795 0.1736398 0.1903317 0.1857167 0.1749095 0.2098599 0.1538225 0.2029038 0.1467978 0.1864585 0.2312252 0.1835970 0.2070718 0.2704686 0.1907193 0.1366970 0.1755839 0.1983547 0.1458463 0.1658867 0.1484577 0.1144648 0.1909239 0.1734571 0.1791295 0.1735890 0.1451481 0.1874671 0.0916577 0.1892479 0.1800173 0.1841697 0.1789420 0.1988391 0.1693137 0.1693286 
Helianthus_annuus_SRR9119062               0.4281858 0.1764868 0.4626561 0.4067380 0.4033413 0.2954838 0.4753602 0.0000000 0.3804259 0.5163069 0.3872216 0.3841622 0.4167063 0.2319751 0.4091730 0.3656418 0.2762615 0.3513458 0.3566494 0.3306335 0.3661768 0.2000777 0.3720448 0.3228431 0.3763866 0.4376959 0.4064219 0.4478575 0.2633003 0.2047652 0.4388562 0.4512035 0.3645155 0.4164361 0.4131914 0.4523990 0.4138395 0.4475513 0.4195087 0.4158452 0.3845257 0.4661152 0.3498098 0.3428941 0.4473390 0.4310350 0.2447435 0.3658241 0.4629894 0.4183873 0.4253749 0.4155218 0.3999023 0.4311082 0.2888031 0.4449040 0.2162112 0.2859922 0.3823116 0.4249090 0.4312791 0.3291702 0.3968436 0.1558058 0.4193337 0.4669294 0.2904391 0.4350047 0.4132300 0.1816707 0.4201341 0.3736025 0.3489399 0.3273147 0.3245136 0.4182518 0.1161331 0.4279382 0.4183971 0.3989027 0.4236355 0.4321638 0.3626752 0.4310314 
Lycapsus_tenuifolius_17                    0.1132279 0.0487258 0.1417978 0.2083174 0.1168852 0.1517067 0.1624570 0.3804259 0.0000000 0.2918846 0.1059893 0.1703113 0.1123801 0.0881166 0.1204341 0.1002558 0.1117118 0.0894478 0.1127920 0.1084405 0.1290204 0.0380084 0.1298380 0.1145688 0.1325825 0.1369603 0.1337275 0.1585114 0.0000010 0.0061223 0.1190697 0.0973590 0.0915368 0.1064306 0.0359065 0.1374494 0.1377332 0.1640222 0.1330121 0.1192570 0.1314874 0.1628479 0.1260568 0.1158139 0.1714091 0.1241596 0.0773858 0.1347864 0.3057376 0.1409205 0.1117202 0.1099868 0.1190783 0.1232503 0.0956054 0.1563841 0.0660284 0.1188512 0.2078248 0.1208308 0.1574510 0.1675191 0.1399737 0.0736970 0.1208681 0.1531526 0.0940259 0.1127567 0.1218803 0.0265640 0.1082696 0.1296928 0.0057624 0.1246833 0.1179435 0.1042994 0.0241214 0.1381411 0.1129220 0.1147521 0.1032172 0.2500380 0.1200691 0.0108419 
Pericome_caudata_50_silver                 0.2882159 0.1352323 0.3187249 0.3735424 0.3126936 0.2378879 0.4144222 0.5163069 0.2918846 0.0000000 0.2638055 0.2564733 0.2876934 0.1141630 0.2956436 0.2472855 0.1743417 0.2402175 0.2330603 0.2156042 0.2518457 0.1168556 0.2494236 0.2624812 0.2569217 0.3047229 0.3244045 0.3826859 0.1981934 0.1556578 0.2622187 0.3248667 0.2752570 0.2992998 0.3453210 0.3445547 0.2780241 0.3149736 0.3420660 0.2786229 0.2641051 0.3430220 0.2619849 0.2586753 0.3109210 0.3022599 0.1760159 0.2508310 0.2844775 0.3065321 0.2890548 0.2851076 0.2829499 0.3035805 0.2309484 0.3722152 0.1324060 0.2100269 0.2845069 0.3076088 0.3557125 0.2286884 0.3550787 0.1614773 0.2849755 0.3663592 0.1297255 0.2896195 0.2591722 0.1008858 0.2861512 0.2487225 0.2522984 0.2557742 0.1969959 0.2975780 0.1034333 0.3070316 0.2469379 0.3173369 0.2919746 0.3398631 0.2521599 0.2868365 
Perityle_aglossa_84_dead_horse             0.1278182 0.0963168 0.1542273 0.2789675 0.1514403 0.1423512 0.1651257 0.3872216 0.1059893 0.2638055 0.0000000 0.0367625 0.0101721 0.0093972 0.0784176 0.0060515 0.1057829 0.1009599 0.0097044 0.0050065 0.0147114 0.0032260 0.0147041 0.0221812 0.0232883 0.0337362 0.0284370 0.1897062 0.1099070 0.0907566 0.1290819 0.1285060 0.0960029 0.0068052 0.1382358 0.1624585 0.0044739 0.1294287 0.0361339 0.0045806 0.0258261 0.1721087 0.0195150 0.1186667 0.1284609 0.0155207 0.0070096 0.0123335 0.0875446 0.1560991 0.0111172 0.0078065 0.0087766 0.0291765 0.0049231 0.1829152 0.0298581 0.0912278 0.0374122 0.0105132 0.1790669 0.1985746 0.1403148 0.0424236 0.0044933 0.1934389 0.0260930 0.1318906 0.1583608 0.0000010 0.0122638 0.0146881 0.1347614 0.0107499 0.0118232 0.0057311 0.0031931 0.1350261 0.1141064 0.0212949 0.0067362 0.2946074 0.0111184 0.1049820 
Perityle_ajoensis_204                      0.1776415 0.0992300 0.2003657 0.3474634 0.1808863 0.1627813 0.2186394 0.3841622 0.1703113 0.2564733 0.0367625 0.0000000 0.0577081 0.0183412 0.1212215 0.0392357 0.1345473 0.1390157 0.0359421 0.0356509 0.0602173 0.0063984 0.0603631 0.0542780 0.0699757 0.0802567 0.0932832 0.2433415 0.1167833 0.0916540 0.1948516 0.1954517 0.1372911 0.0549222 0.2148134 0.2127198 0.0347916 0.1712361 0.0799793 0.0515206 0.0738696 0.2163585 0.0698558 0.1447623 0.1724700 0.0659898 0.0168022 0.0619883 0.0965019 0.1818573 0.0626443 0.0442576 0.0504900 0.0797053 0.0378100 0.2219534 0.0415355 0.1100418 0.0675588 0.0598395 0.2269574 0.2108330 0.1758889 0.0737759 0.0547198 0.2436832 0.0389094 0.1954038 0.2247913 0.0059675 0.0524319 0.0601559 0.1720417 0.0604211 0.0235472 0.0454690 0.0065435 0.1968875 0.1667631 0.0622148 0.0465365 0.2783099 0.0558674 0.1762411 
Perityle_ambrosiifolia_67_green            0.1396763 0.0945993 0.1568602 0.2881801 0.1555726 0.1564887 0.1883324 0.4167063 0.1123801 0.2876934 0.0101721 0.0577081 0.0000000 0.0078139 0.0890175 0.0058167 0.1060563 0.1076792 0.0105250 0.0072441 0.0115068 0.0065226 0.0126084 0.0220174 0.0198952 0.0361419 0.0283220 0.1913224 0.1077704 0.0870965 0.1360054 0.1413436 0.1077134 0.0090157 0.1419190 0.1692881 0.0182183 0.1401340 0.0396195 0.0078775 0.0072665 0.1797760 0.0171350 0.1229695 0.1360477 0.0241246 0.0035011 0.0126531 0.1331881 0.1649207 0.0144260 0.0115477 0.0187898 0.0290611 0.0032883 0.1903990 0.0269417 0.0983270 0.0589790 0.0160979 0.1771736 0.1985278 0.1496830 0.0493014 0.0098000 0.2086404 0.0281571 0.1370250 0.1576194 0.0030254 0.0149631 0.0125824 0.1296802 0.0104811 0.0113234 0.0123735 0.0032456 0.1373948 0.1081053 0.0259617 0.0115527 0.2916042 0.0116142 0.1127489 
Perityle_angustifolia_13_Eagle_creek       0.1027654 0.0973921 0.1525611 0.2480120 0.1177582 0.1307739 0.1208766 0.2319751 0.0881166 0.1141630 0.0093972 0.0183412 0.0078139 0.0000000 0.0805439 0.0114994 0.0788625 0.0761353 0.0141626 0.0078435 0.0108185 0.0066105 0.0108354 0.0186502 0.0216897 0.0295484 0.0229903 0.1788291 0.0956677 0.0842241 0.1225934 0.1224430 0.0792317 0.0110833 0.1259398 0.1523879 0.0093593 0.1014347 0.0385483 0.0077991 0.0154811 0.1573182 0.0160692 0.0941973 0.1025006 0.0169941 0.0064518 0.0093390 0.0093703 0.1457844 0.0154969 0.0124094 0.0162029 0.0264857 0.0000010 0.1943905 0.0304627 0.0391482 0.0108955 0.0133220 0.1784557 0.1940458 0.1331020 0.0257586 0.0094180 0.1875550 0.0230905 0.1095767 0.1544735 0.0061624 0.0139862 0.0108206 0.1134886 0.0067575 0.0155812 0.0110578 0.0067194 0.1043695 0.0944961 0.0308829 0.0126305 0.2182652 0.0078054 0.0813054 
Perityle_batopilensis_97                   0.1970700 0.1067421 0.2072829 0.3491607 0.1834528 0.1751792 0.1563634 0.4091730 0.1204341 0.2956436 0.0784176 0.1212215 0.0890175 0.0805439 0.0000000 0.1028970 0.1153581 0.1159709 0.1034134 0.1032886 0.1051449 0.0327993 0.1027051 0.0472556 0.1152563 0.1230138 0.0454107 0.2273552 0.1198176 0.1069147 0.2043744 0.2010694 0.1074263 0.0883894 0.1713650 0.1980013 0.0877764 0.2114075 0.0220650 0.0991672 0.1182588 0.2405533 0.0689853 0.1288214 0.2094121 0.1083461 0.0281937 0.1007684 0.1508949 0.2047209 0.0937350 0.0946938 0.0605562 0.1154818 0.0283343 0.2151058 0.0479421 0.1065616 0.1359463 0.1067033 0.2119570 0.2123199 0.1477042 0.0523893 0.1004018 0.2581990 0.1559293 0.1400179 0.2105233 0.0243314 0.1050982 0.1036719 0.1508863 0.0551993 0.1139437 0.0718628 0.0198957 0.1342163 0.1659551 0.0468787 0.0906277 0.3168984 0.1022743 0.1815161 
Perityle_bisetosa_9                        0.1302647 0.0915471 0.1629431 0.2989648 0.1507801 0.1507077 0.1617403 0.3656418 0.1002558 0.2472855 0.0060515 0.0392357 0.0058167 0.0114994 0.1028970 0.0000000 0.1018796 0.1020272 0.0130332 0.0098460 0.0184270 0.0035738 0.0219783 0.0173537 0.0276716 0.0590360 0.0233872 0.1895821 0.1060634 0.0818286 0.1289435 0.1492040 0.0816218 0.0083073 0.1390570 0.1619823 0.0081742 0.1242354 0.0360574 0.0111357 0.0226397 0.1820096 0.0176859 0.1205395 0.1234584 0.0239104 0.0072958 0.0185930 0.0682636 0.1621206 0.0138415 0.0109351 0.0094323 0.0362149 0.0068921 0.1803903 0.0260781 0.1032207 0.0390839 0.0170820 0.1809840 0.1910113 0.1371881 0.0410388 0.0121244 0.2317197 0.0390610 0.1298368 0.1797132 0.0030908 0.0151811 0.0230720 0.1260568 0.0125139 0.0208278 0.0049115 0.0032462 0.1231766 0.1157258 0.0217069 0.0058906 0.3059277 0.0162641 0.1147786 
Perityle_californica_76_positas            0.1060388 0.0926758 0.1137353 0.2201220 0.0839374 0.1242950 0.1309746 0.2762615 0.1117118 0.1743417 0.1057829 0.1345473 0.1060563 0.0788625 0.1153581 0.1018796 0.0000000 0.0888970 0.1139543 0.1121270 0.1120578 0.0941450 0.1098100 0.1227488 0.1186946 0.1213846 0.1297766 0.1246936 0.1153112 0.1127501 0.0854713 0.1109052 0.0984001 0.1123266 0.1369959 0.1439086 0.1079368 0.1443384 0.1331065 0.1091642 0.1212059 0.1355975 0.1115811 0.1192765 0.1457341 0.1176178 0.0896489 0.1052999 0.1395568 0.1233735 0.1028236 0.1078234 0.1010864 0.1196232 0.1035302 0.1257288 0.1131565 0.1639823 0.1353108 0.1154865 0.1281337 0.1917386 0.1153519 0.0974815 0.1050299 0.1287426 0.0881422 0.0806536 0.0855499 0.0773381 0.1188831 0.1096349 0.1412810 0.1042439 0.1080025 0.1080023 0.0733341 0.1056449 0.0885571 0.1253552 0.1045231 0.2476997 0.1060584 0.1011199 
Perityle_canescens_77                      0.1021486 0.0914565 0.1365094 0.2238729 0.1285349 0.1458651 0.1675774 0.3513458 0.0894478 0.2402175 0.1009599 0.1390157 0.1076792 0.0761353 0.1159709 0.1020272 0.0888970 0.0000000 0.1058948 0.1056408 0.1160882 0.0795386 0.1142792 0.1124535 0.1188152 0.1180041 0.1294186 0.1433476 0.1021275 0.0891943 0.1126167 0.1231092 0.0889978 0.1074582 0.1125572 0.1329533 0.1057034 0.1423488 0.1420575 0.1046603 0.1191346 0.1347870 0.1155061 0.1162617 0.1460003 0.1210757 0.0677636 0.1096606 0.1986897 0.1236627 0.1118083 0.1092380 0.1062346 0.1146196 0.0973277 0.1524260 0.0956647 0.1618181 0.1485770 0.1105380 0.1391290 0.1922311 0.1376149 0.1068138 0.0954448 0.1510202 0.0811696 0.1046928 0.1052694 0.0676917 0.1135898 0.1141065 0.1269256 0.1105926 0.1042517 0.1073929 0.0603115 0.1316376 0.1103743 0.1183888 0.1021313 0.3103590 0.1101355 0.0934706 
Perityle_castillonii_96                    0.1386301 0.1005307 0.1631317 0.3116345 0.1502676 0.1626974 0.1706465 0.3566494 0.1127920 0.2330603 0.0097044 0.0359421 0.0105250 0.0141626 0.1034134 0.0130332 0.1139543 0.1058948 0.0000000 0.0106148 0.0147529 0.0032348 0.0159367 0.0197535 0.0262065 0.0363921 0.0307332 0.1913362 0.1153513 0.0911855 0.1405107 0.1457985 0.0963836 0.0058913 0.1516522 0.1687994 0.0081875 0.1291477 0.0392979 0.0069002 0.0285806 0.1805461 0.0219648 0.1273897 0.1299751 0.0235776 0.0104998 0.0148733 0.0575507 0.1676510 0.0137791 0.0089781 0.0107981 0.0292885 0.0082211 0.1912005 0.0329691 0.1065740 0.0385902 0.0152795 0.1863458 0.2036276 0.1444036 0.0460109 0.0101843 0.2249145 0.0269844 0.1319207 0.1714933 0.0030272 0.0145676 0.0170285 0.1395458 0.0158988 0.0157862 0.0049066 0.0032591 0.1307957 0.1170843 0.0262632 0.0118101 0.3005834 0.0125905 0.1151579 
Perityle_cernua_84                         0.1400893 0.0975597 0.1581012 0.3061710 0.1349720 0.1575925 0.1595485 0.3306335 0.1084405 0.2156042 0.0050065 0.0356509 0.0072441 0.0078435 0.1032886 0.0098460 0.1121270 0.1056408 0.0106148 0.0000000 0.0128676 0.0065785 0.0140820 0.0252055 0.0222435 0.0292869 0.0274193 0.1921999 0.1080220 0.0937310 0.1367922 0.1423865 0.0935146 0.0085909 0.1502534 0.1644880 0.0048189 0.1214669 0.0378863 0.0071290 0.0234662 0.1821125 0.0171458 0.1205491 0.1193693 0.0234569 0.0088717 0.0117866 0.0392004 0.1641624 0.0130653 0.0070204 0.0083265 0.0270203 0.0067075 0.1920875 0.0333298 0.0970586 0.0360953 0.0135621 0.1834368 0.2075571 0.1416428 0.0403772 0.0094893 0.2151470 0.0256751 0.1365650 0.1701164 0.0030438 0.0105033 0.0152126 0.1341582 0.0108424 0.0148641 0.0051141 0.0000010 0.1315443 0.1114100 0.0242339 0.0097803 0.2979962 0.0094462 0.1145759 
Perityle_cfvillosa_25_tin                  0.1454923 0.0984144 0.1666907 0.2896888 0.1504575 0.1627199 0.1734571 0.3661768 0.1290204 0.2518457 0.0147114 0.0602173 0.0115068 0.0108185 0.1051449 0.0184270 0.1120578 0.1160882 0.0147529 0.0128676 0.0000000 0.0063699 0.0098499 0.0315144 0.0112857 0.0754109 0.0402005 0.1910305 0.1173711 0.0990653 0.1422929 0.1604678 0.1132108 0.0128067 0.1651995 0.1707190 0.0374640 0.1368254 0.0479896 0.0126647 0.0211334 0.1803535 0.0113191 0.1318919 0.1296586 0.0334388 0.0138382 0.0082736 0.1341569 0.1711168 0.0193622 0.0195572 0.0238581 0.0504571 0.0147116 0.1974939 0.0293577 0.1041005 0.0728199 0.0240254 0.1834047 0.1984975 0.1579459 0.0451957 0.0201000 0.2391198 0.0312433 0.1436876 0.1811392 0.0029950 0.0252683 0.0108604 0.1445150 0.0068364 0.0087339 0.0155465 0.0000010 0.1474810 0.1254136 0.0374304 0.0168702 0.2986066 0.0058915 0.1406285 
Perityle_cinerea_113_Powell1310            0.0790702 0.0940445 0.1144920 0.2091187 0.0877100 0.1290241 0.1259386 0.2000777 0.0380084 0.1168556 0.0032260 0.0063984 0.0065226 0.0066105 0.0327993 0.0035738 0.0941450 0.0795386 0.0032348 0.0065785 0.0063699 0.0000000 0.0063520 0.0226239 0.0095596 0.0490442 0.0292763 0.1125991 0.0581200 0.0612350 0.1177911 0.1003392 0.0737183 0.0064692 0.0077465 0.1171319 0.0032418 0.1205634 0.0384257 0.0032546 0.0160349 0.1141991 0.0064467 0.0994527 0.1154995 0.0063600 0.0068360 0.0063687 0.0064572 0.1021977 0.0128751 0.0096704 0.0064970 0.0423336 0.0098849 0.1354632 0.0359430 0.0358186 0.0063738 0.0095414 0.1169016 0.2148877 0.1246872 0.0171211 0.0032260 0.1376145 0.0493507 0.0918804 0.0909905 0.0000010 0.0063854 0.0063520 0.0649285 0.0065198 0.0063984 0.0000010 0.0000010 0.1170075 0.1051263 0.0160626 0.0096708 0.1600757 0.0064336 0.0152654 
Perityle_coahuilensis_24                   0.1473737 0.0984835 0.1675325 0.2850772 0.1494569 0.1625898 0.1734571 0.3720448 0.1298380 0.2494236 0.0147041 0.0603631 0.0126084 0.0108354 0.1027051 0.0219783 0.1098100 0.1142792 0.0159367 0.0140820 0.0098499 0.0063520 0.0000000 0.0300238 0.0150950 0.0757670 0.0415772 0.1888507 0.1158119 0.0964500 0.1406904 0.1599555 0.1114041 0.0128557 0.1626849 0.1683353 0.0374934 0.1350920 0.0464893 0.0170202 0.0201756 0.1716651 0.0113459 0.1299820 0.1290606 0.0317059 0.0120801 0.0095946 0.1381050 0.1710383 0.0204693 0.0199529 0.0216159 0.0548352 0.0146841 0.1961727 0.0292816 0.1044118 0.0759507 0.0204884 0.1807427 0.1976474 0.1559622 0.0450842 0.0200701 0.2389339 0.0346036 0.1428905 0.1784201 0.0029797 0.0243733 0.0000010 0.1444420 0.0095403 0.0120371 0.0144549 0.0000010 0.1466305 0.1275721 0.0359209 0.0169116 0.2950115 0.0105206 0.1392130 
Perityle_cochisensis_44_cave_creek         0.1195791 0.1041131 0.1578154 0.2112743 0.1448210 0.1660010 0.1839427 0.3228431 0.1145688 0.2624812 0.0221812 0.0542780 0.0220174 0.0186502 0.0472556 0.0173537 0.1227488 0.1124535 0.0197535 0.0252055 0.0315144 0.0226239 0.0300238 0.0000000 0.0416108 0.0451727 0.0455853 0.1475321 0.1234609 0.1105493 0.1324289 0.1356085 0.0964006 0.0150837 0.1305773 0.1653750 0.0206191 0.1349928 0.0553182 0.0166996 0.0432124 0.1626616 0.0334666 0.1394124 0.1367441 0.0310566 0.0243166 0.0288332 0.0789812 0.1500338 0.0297867 0.0231178 0.0191916 0.0408632 0.0262854 0.1589069 0.0476761 0.1238674 0.0607706 0.0331635 0.1577600 0.2048938 0.1363034 0.0610658 0.0191545 0.1588321 0.0382404 0.1097331 0.1228467 0.0181647 0.0271413 0.0299858 0.1443649 0.0306513 0.0247808 0.0164480 0.0193370 0.1313589 0.1149749 0.0385778 0.0219716 0.2938187 0.0274965 0.1000777 
Perityle_congesta_202                      0.1473425 0.1030801 0.1715846 0.2932476 0.1512583 0.1692396 0.1767705 0.3763866 0.1325825 0.2569217 0.0232883 0.0699757 0.0198952 0.0216897 0.1152563 0.0276716 0.1186946 0.1188152 0.0262065 0.0222435 0.0112857 0.0095596 0.0150950 0.0416108 0.0000000 0.0776086 0.0423886 0.1929941 0.1205782 0.0956279 0.1467619 0.1670625 0.1173936 0.0235547 0.1623688 0.1697503 0.0465503 0.1440588 0.0549077 0.0182285 0.0273275 0.1735682 0.0185434 0.1361347 0.1366691 0.0390507 0.0189151 0.0109054 0.1406327 0.1716067 0.0254504 0.0251475 0.0318545 0.0461326 0.0211528 0.1997261 0.0323078 0.1110794 0.0798867 0.0294799 0.1856019 0.2034734 0.1587612 0.0481189 0.0262660 0.2407998 0.0407033 0.1502240 0.1839878 0.0089727 0.0275296 0.0159084 0.1417258 0.0125656 0.0134446 0.0244868 0.0032645 0.1539545 0.1319712 0.0445041 0.0247343 0.3008089 0.0089547 0.1410072 
Perityle_cordifolia_27                     0.1483068 0.1113324 0.1682595 0.3031197 0.1783243 0.1856842 0.2212581 0.4376959 0.1369603 0.3047229 0.0337362 0.0802567 0.0361419 0.0295484 0.1230138 0.0590360 0.1213846 0.1180041 0.0363921 0.0292869 0.0754109 0.0490442 0.0757670 0.0451727 0.0776086 0.0000000 0.0552297 0.2102522 0.1228983 0.1115241 0.1801671 0.1835529 0.1175958 0.0339933 0.1571635 0.1688710 0.0541817 0.1968738 0.0621320 0.0583070 0.0525164 0.1970710 0.0443488 0.1399949 0.1851365 0.0927381 0.0330310 0.0784662 0.2122992 0.1649332 0.0413566 0.0756510 0.0432238 0.0483066 0.0310936 0.2050260 0.0598390 0.1192108 0.1399190 0.0773496 0.1934687 0.1927957 0.1766840 0.0389889 0.0733941 0.2646223 0.0604435 0.1548187 0.2229515 0.0397334 0.0865836 0.0764946 0.1515920 0.0458315 0.0897163 0.0394729 0.0224448 0.1588225 0.1360236 0.0556738 0.0389082 0.3206640 0.0791900 0.1862314 
Perityle_cordifolia_68_tecolote            0.1285708 0.1180427 0.1579366 0.2200022 0.1456869 0.1688966 0.2099098 0.4064219 0.1337275 0.3244045 0.0284370 0.0932832 0.0283220 0.0229903 0.0454107 0.0233872 0.1297766 0.1294186 0.0307332 0.0274193 0.0402005 0.0292763 0.0415772 0.0455853 0.0423886 0.0552297 0.0000000 0.1674690 0.1212028 0.1101517 0.1343775 0.1366205 0.1175837 0.0299629 0.1395043 0.1562431 0.0582486 0.1546526 0.0609844 0.0288144 0.0482990 0.1505115 0.0438085 0.1377646 0.1503578 0.0402495 0.0315953 0.0428764 0.2276677 0.1411242 0.0379813 0.0322785 0.0271991 0.0465366 0.0332796 0.1689887 0.0057536 0.1213005 0.1189182 0.0419897 0.1704659 0.1998576 0.1537862 0.0672755 0.0324644 0.1724002 0.0367784 0.1260295 0.1429206 0.0272364 0.0325521 0.0415399 0.1430484 0.0402452 0.0288468 0.0274195 0.0290531 0.1492642 0.1343107 0.0454761 0.0315322 0.3320662 0.0370338 0.1241400 
Perityle_coronopifolia_28_patagonia        0.1922202 0.1239627 0.2230100 0.3011744 0.1598894 0.1762087 0.1958113 0.4478575 0.1585114 0.3826859 0.1897062 0.2433415 0.1913224 0.1788291 0.2273552 0.1895821 0.1246936 0.1433476 0.1913362 0.1921999 0.1910305 0.1125991 0.1888507 0.1475321 0.1929941 0.2102522 0.1674690 0.0000000 0.1689609 0.1445784 0.1749415 0.2092089 0.1569486 0.1801722 0.1924985 0.1913109 0.2115326 0.2097061 0.1847020 0.1776931 0.1945155 0.2016566 0.1811198 0.1438366 0.2078341 0.1986371 0.0996086 0.1882670 0.3662093 0.1894799 0.1912873 0.1955938 0.1797719 0.2083054 0.1218296 0.0569629 0.1360135 0.1605070 0.2589013 0.1887609 0.0397602 0.2259059 0.0256105 0.1222567 0.1863732 0.0212405 0.2141044 0.1713922 0.1967320 0.1086481 0.1883042 0.1886380 0.1928462 0.1660657 0.1939524 0.1838759 0.0816470 0.1774994 0.1731549 0.1645940 0.1934260 0.2101676 0.1876009 0.1791970 
Perityle_crassifolia_70_ventanas           0.1268991 0.0766432 0.1582151 0.2088152 0.1095385 0.1546535 0.1437807 0.2633003 0.0000010 0.1981934 0.1099070 0.1167833 0.1077704 0.0956677 0.1198176 0.1060634 0.1153112 0.1021275 0.1153513 0.1080220 0.1173711 0.0581200 0.1158119 0.1234609 0.1205782 0.1228983 0.1212028 0.1689609 0.0000000 0.0083363 0.1330695 0.1072091 0.0852316 0.1142579 0.0404757 0.1590152 0.1097893 0.1534811 0.1301560 0.1065904 0.1166792 0.1683189 0.1158313 0.1292910 0.1633549 0.1203688 0.0672259 0.1127864 0.1249313 0.1530807 0.1151196 0.1119633 0.1102754 0.1243922 0.1014434 0.1776895 0.0900402 0.0917614 0.1269166 0.1106149 0.1720674 0.1917132 0.1469263 0.0766468 0.1098495 0.1654847 0.1066921 0.1094816 0.1215109 0.0474192 0.1100825 0.1156318 0.0046981 0.1142616 0.1140245 0.1104899 0.0372318 0.1338590 0.0987358 0.1190441 0.1082376 0.2891130 0.1099476 0.0068174 
Perityle_crassifolia_74_playa_balandra     0.1023265 0.0812894 0.1413358 0.2160858 0.0956367 0.1508673 0.1321105 0.2047652 0.0061223 0.1556578 0.0907566 0.0916540 0.0870965 0.0842241 0.1069147 0.0818286 0.1127501 0.0891943 0.0911855 0.0937310 0.0990653 0.0612350 0.0964500 0.1105493 0.0956279 0.1115241 0.1101517 0.1445784 0.0083363 0.0000000 0.1187978 0.1102492 0.0634050 0.0990212 0.0103817 0.1250297 0.0919561 0.1502787 0.1175075 0.0910282 0.1002529 0.1319335 0.0978088 0.1196129 0.1570560 0.0979520 0.0733115 0.0933436 0.0935981 0.1204753 0.0894523 0.0923501 0.0889386 0.1069702 0.0930354 0.1381630 0.0926528 0.1172641 0.0969093 0.0917605 0.1373321 0.1958229 0.1311897 0.0726821 0.0935985 0.1414472 0.0931674 0.1127541 0.1321778 0.0471370 0.0942139 0.0962670 0.0115811 0.0938811 0.0974137 0.0938491 0.0369953 0.1307801 0.0793896 0.1029667 0.0927324 0.2384022 0.0890235 0.0126413 
Perityle_cuneata_34_cuneata_San_antonio    0.1390962 0.1093922 0.1423437 0.2994229 0.1364601 0.1599701 0.1565845 0.4388562 0.1190697 0.2622187 0.1290819 0.1948516 0.1360054 0.1225934 0.2043744 0.1289435 0.0854713 0.1126167 0.1405107 0.1367922 0.1422929 0.1177911 0.1406904 0.1324289 0.1467619 0.1801671 0.1343775 0.1749415 0.1330695 0.1187978 0.0000000 0.1433680 0.1040979 0.1293060 0.1656585 0.1613480 0.1589949 0.1687977 0.1458028 0.1303664 0.1469941 0.1794835 0.1381197 0.1210428 0.1630142 0.1439800 0.0834583 0.1410463 0.2952465 0.1590585 0.1368371 0.1388190 0.1317284 0.1527874 0.1095626 0.1684130 0.1306458 0.1600793 0.2074523 0.1349799 0.1549491 0.2321666 0.1374561 0.1195080 0.1359092 0.2120505 0.1345479 0.1262406 0.1599495 0.0951838 0.1387077 0.1417663 0.1490097 0.1279433 0.1460258 0.1282677 0.0821263 0.1217386 0.1160430 0.1356034 0.1237212 0.3002166 0.1411063 0.1436812 
Perityle_cuneata_4                         0.1393734 0.0951495 0.1586045 0.2706329 0.1516723 0.1585624 0.1815106 0.4512035 0.0973590 0.3248667 0.1285060 0.1954517 0.1413436 0.1224430 0.2010694 0.1492040 0.1109052 0.1231092 0.1457985 0.1423865 0.1604678 0.1003392 0.1599555 0.1356085 0.1670625 0.1835529 0.1366205 0.2092089 0.1072091 0.1102492 0.1433680 0.0000000 0.1265097 0.1345288 0.1473091 0.1701974 0.1567008 0.1957707 0.1463787 0.1529396 0.1565816 0.1897856 0.1481262 0.1358800 0.1897822 0.1670328 0.0888957 0.1640923 0.2984246 0.1765433 0.1381857 0.1531622 0.1367851 0.1581848 0.1102418 0.1943139 0.1112188 0.1877537 0.2166620 0.1536841 0.1916068 0.2146362 0.1697909 0.1159819 0.1520067 0.2413610 0.1587497 0.1379299 0.1712968 0.0723586 0.1511968 0.1608322 0.1459836 0.1339290 0.1577755 0.1306307 0.0803177 0.1521205 0.1341030 0.1362239 0.1317464 0.3517255 0.1605787 0.1369629 
Perityle_discoidea_81                      0.0754615 0.0885685 0.1366528 0.2263336 0.1333345 0.1431440 0.1560218 0.3645155 0.0915368 0.2752570 0.0960029 0.1372911 0.1077134 0.0792317 0.1074263 0.0816218 0.0984001 0.0889978 0.0963836 0.0935146 0.1132108 0.0737183 0.1114041 0.0964006 0.1173936 0.1175958 0.1175837 0.1569486 0.0852316 0.0634050 0.1040979 0.1265097 0.0000000 0.1052800 0.1283542 0.1585827 0.1044708 0.1466985 0.1308214 0.1050069 0.1157519 0.1527435 0.1127201 0.1028749 0.1509720 0.1122656 0.0643370 0.1091224 0.2022030 0.1278326 0.1130877 0.1066581 0.1133137 0.1170016 0.0824722 0.1621356 0.0905578 0.1301400 0.1428961 0.1107905 0.1541619 0.1961118 0.1324430 0.0651212 0.1011423 0.1542527 0.0798540 0.1002055 0.1088140 0.0428729 0.1101666 0.1112492 0.0971516 0.1102003 0.1016248 0.1048934 0.0238455 0.1169479 0.0988324 0.1099557 0.1027821 0.2738595 0.1081068 0.0957271 
Perityle_dissecta_201                      0.1305962 0.0968101 0.1617727 0.2862803 0.1547816 0.1604408 0.1718382 0.4164361 0.1064306 0.2992998 0.0068052 0.0549222 0.0090157 0.0110833 0.0883894 0.0083073 0.1123266 0.1074582 0.0058913 0.0085909 0.0128067 0.0064692 0.0128557 0.0150837 0.0235547 0.0339933 0.0299629 0.1801722 0.1142579 0.0990212 0.1293060 0.1345288 0.1052800 0.0000000 0.1354239 0.1617062 0.0141242 0.1300824 0.0372448 0.0060594 0.0235873 0.1715351 0.0196795 0.1246851 0.1283138 0.0236871 0.0088019 0.0128960 0.1225148 0.1607010 0.0147447 0.0085205 0.0111933 0.0268508 0.0066191 0.1794478 0.0297619 0.1029057 0.0624718 0.0133260 0.1737419 0.2015911 0.1481755 0.0455498 0.0060052 0.2006665 0.0250580 0.1313298 0.1522846 0.0030161 0.0120624 0.0128287 0.1413290 0.0106172 0.0115017 0.0072212 0.0032048 0.1318169 0.1106211 0.0234661 0.0104962 0.2918902 0.0129411 0.1049955 
Perityle_emoryi_47_punta_san_jose          0.1587516 0.0577543 0.1866658 0.2326638 0.1462437 0.1734878 0.1633850 0.4131914 0.0359065 0.3453210 0.1382358 0.2148134 0.1419190 0.1259398 0.1713650 0.1390570 0.1369959 0.1125572 0.1516522 0.1502534 0.1651995 0.0077465 0.1626849 0.1305773 0.1623688 0.1571635 0.1395043 0.1924985 0.0404757 0.0103817 0.1656585 0.1473091 0.1283542 0.1354239 0.0000000 0.1664494 0.1722838 0.1961039 0.1531064 0.1420248 0.1627866 0.1931315 0.1639515 0.1372070 0.2023511 0.1537284 0.0839608 0.1681821 0.3452970 0.1815396 0.1394597 0.1442058 0.1400739 0.1547379 0.0903041 0.2025507 0.0460354 0.1097799 0.2460842 0.1494507 0.1965787 0.1617832 0.1587024 0.0579443 0.1488175 0.1926167 0.1427926 0.1322946 0.1628814 0.0067518 0.1355478 0.1624939 0.0542596 0.1590788 0.1605928 0.1303236 0.0035157 0.1505324 0.1630089 0.1253965 0.1306699 0.2533928 0.1569817 0.0327294 
Perityle_feddemae_99                       0.1737608 0.1302194 0.1955918 0.2825294 0.1767270 0.1775041 0.2008323 0.4523990 0.1374494 0.3445547 0.1624585 0.2127198 0.1692881 0.1523879 0.1980013 0.1619823 0.1439086 0.1329533 0.1687994 0.1644880 0.1707190 0.1171319 0.1683353 0.1653750 0.1697503 0.1688710 0.1562431 0.1913109 0.1590152 0.1250297 0.1613480 0.1701974 0.1585827 0.1617062 0.1664494 0.0000000 0.1780237 0.1923356 0.1848534 0.1556183 0.1743421 0.0199744 0.1682769 0.0234083 0.1935162 0.1762030 0.1061735 0.1711031 0.3096135 0.0216573 0.1668266 0.1697067 0.1628661 0.1737702 0.1415589 0.1856967 0.1375879 0.1689346 0.2270137 0.1643627 0.1881705 0.2451243 0.1569114 0.1160225 0.1630538 0.1943127 0.1595118 0.1601258 0.1766027 0.0910320 0.1675521 0.1681447 0.1833737 0.1608467 0.1637810 0.1585308 0.0884472 0.1700909 0.1608558 0.1667633 0.1674968 0.3026330 0.1665797 0.1505022 
Perityle_fosteri_93                        0.1440009 0.0921281 0.1659440 0.3336098 0.1701189 0.1568835 0.1799812 0.4138395 0.1377332 0.2780241 0.0044739 0.0347916 0.0182183 0.0093593 0.0877764 0.0081742 0.1079368 0.1057034 0.0081875 0.0048189 0.0374640 0.0032418 0.0374934 0.0206191 0.0465503 0.0541817 0.0582486 0.2115326 0.1097893 0.0919561 0.1589949 0.1567008 0.1044708 0.0141242 0.1722838 0.1780237 0.0000000 0.1438798 0.0456150 0.0276397 0.0477970 0.2020848 0.0474335 0.1210578 0.1493156 0.0355237 0.0052602 0.0354343 0.1216898 0.1624465 0.0211616 0.0127622 0.0314238 0.0362716 0.0032719 0.1989680 0.0303051 0.0970296 0.0522414 0.0346582 0.1969971 0.1957418 0.1545016 0.0429846 0.0262697 0.2121756 0.0265541 0.1444527 0.1849643 0.0000010 0.0169560 0.0374099 0.1358139 0.0395821 0.0113673 0.0134558 0.0032224 0.1533040 0.1431992 0.0250400 0.0140436 0.2961500 0.0332531 0.1359270 
Perityle_gamon_221                         0.1669476 0.1472344 0.1783552 0.3149656 0.1736824 0.1813588 0.2165458 0.4475513 0.1640222 0.3149736 0.1294287 0.1712361 0.1401340 0.1014347 0.2114075 0.1242354 0.1443384 0.1423488 0.1291477 0.1214669 0.1368254 0.1205634 0.1350920 0.1349928 0.1440588 0.1968738 0.1546526 0.2097061 0.1534811 0.1502787 0.1687977 0.1957707 0.1466985 0.1300824 0.1961039 0.1923356 0.1438798 0.0000000 0.1591247 0.1381431 0.1429766 0.2168447 0.1387638 0.1539960 0.0127750 0.1525130 0.0989691 0.1390164 0.2682636 0.1941683 0.1427430 0.1353487 0.1369257 0.1552601 0.1196306 0.2167203 0.1291333 0.1860183 0.1843856 0.1474127 0.2056215 0.2415055 0.1763950 0.0730810 0.1372712 0.2460811 0.1217990 0.1785055 0.1994751 0.0873582 0.1377576 0.1357814 0.1817202 0.1284779 0.1282547 0.1346570 0.0493723 0.1842633 0.1529919 0.1525404 0.1391993 0.3352880 0.1358779 0.1800821 
Perityle_gentryi_8_san_francisco           0.1392341 0.1152507 0.1696265 0.2455876 0.1667743 0.1623577 0.1988948 0.4195087 0.1330121 0.3420660 0.0361339 0.0799793 0.0396195 0.0385483 0.0220650 0.0360574 0.1331065 0.1420575 0.0392979 0.0378863 0.0479896 0.0384257 0.0464893 0.0553182 0.0549077 0.0621320 0.0609844 0.1847020 0.1301560 0.1175075 0.1458028 0.1463787 0.1308214 0.0372448 0.1531064 0.1848534 0.0456150 0.1591247 0.0000000 0.0375170 0.0549856 0.1830410 0.0531817 0.1447490 0.1621044 0.0503106 0.0377956 0.0410577 0.1585032 0.1673317 0.0453126 0.0355966 0.0424648 0.0543516 0.0357001 0.1885474 0.0601628 0.1260737 0.0944541 0.0452607 0.1926524 0.2336143 0.1620691 0.0706280 0.0358237 0.1935128 0.0496455 0.1290544 0.1385781 0.0308425 0.0420818 0.0464313 0.1527193 0.0443063 0.0415034 0.0384559 0.0391862 0.1490900 0.1291973 0.0486591 0.0396337 0.3190243 0.0457035 0.1214075 
Perityle_gilensis_22_Superstition          0.1351779 0.0942800 0.1570709 0.2794841 0.1452824 0.1562768 0.1799481 0.4158452 0.1192570 0.2786229 0.0045806 0.0515206 0.0078775 0.0077991 0.0991672 0.0111357 0.1091642 0.1046603 0.0069002 0.0071290 0.0126647 0.0032546 0.0170202 0.0166996 0.0182285 0.0583070 0.0288144 0.1776931 0.1065904 0.0910282 0.1303664 0.1529396 0.1050069 0.0060594 0.1420248 0.1556183 0.0276397 0.1381431 0.0375170 0.0000000 0.0197892 0.1645182 0.0170971 0.1181313 0.1307565 0.0212471 0.0071388 0.0157287 0.1564270 0.1565176 0.0125405 0.0079538 0.0137002 0.0320892 0.0016806 0.1814113 0.0269417 0.0903398 0.0748344 0.0145450 0.1740426 0.2039663 0.1426521 0.0457707 0.0100926 0.2236894 0.0316318 0.1353460 0.1701333 0.0000010 0.0140415 0.0128315 0.1289119 0.0108629 0.0127442 0.0083149 0.0032237 0.1354858 0.1189638 0.0184799 0.0074012 0.2838441 0.0121297 0.1209509 
Perityle_gilensis_salensis_225             0.1502532 0.1003429 0.1704002 0.2879097 0.1530919 0.1717867 0.1738601 0.3845257 0.1314874 0.2641051 0.0258261 0.0738696 0.0072665 0.0154811 0.1182588 0.0226397 0.1212059 0.1191346 0.0285806 0.0234662 0.0211334 0.0160349 0.0201756 0.0432124 0.0273275 0.0525164 0.0482990 0.1945155 0.1166792 0.1002529 0.1469941 0.1565816 0.1157519 0.0235873 0.1627866 0.1743421 0.0477970 0.1429766 0.0549856 0.0197892 0.0000000 0.1783591 0.0259613 0.1363786 0.1372501 0.0411958 0.0172078 0.0231058 0.1574736 0.1780744 0.0296631 0.0265492 0.0307604 0.0456129 0.0195298 0.1998993 0.0384084 0.1167064 0.0965804 0.0329481 0.1857589 0.1976737 0.1610593 0.0576901 0.0276559 0.2413462 0.0349591 0.1490577 0.1782507 0.0120060 0.0269852 0.0209739 0.1500699 0.0211362 0.0290461 0.0233759 0.0131928 0.1528914 0.1285991 0.0446256 0.0259152 0.2985255 0.0190093 0.1338843 
Perityle_glaucescens_94                    0.1819617 0.1385834 0.2086284 0.3339391 0.1780915 0.1808497 0.1980748 0.4661152 0.1628479 0.3430220 0.1721087 0.2163585 0.1797760 0.1573182 0.2405533 0.1820096 0.1355975 0.1347870 0.1805461 0.1821125 0.1803535 0.1141991 0.1716651 0.1626616 0.1735682 0.1970710 0.1505115 0.2016566 0.1683189 0.1319335 0.1794835 0.1897856 0.1527435 0.1715351 0.1931315 0.0199744 0.2020848 0.2168447 0.1830410 0.1645182 0.1783591 0.0000000 0.1674726 0.0162446 0.1990331 0.1932517 0.1045547 0.1723593 0.3475137 0.0130266 0.1736005 0.1860758 0.1713605 0.1914671 0.1335846 0.1839735 0.1305908 0.1689652 0.2499407 0.1669746 0.1813220 0.2322329 0.1504409 0.1194647 0.1722639 0.2315345 0.1900230 0.1656227 0.2095468 0.0878695 0.1827636 0.1711741 0.1961194 0.1647301 0.1827507 0.1638976 0.0851366 0.1716724 0.1736357 0.1690075 0.1747092 0.3015497 0.1827517 0.1904186 
Perityle_gracilis_11                       0.1377722 0.0967106 0.1723219 0.2490137 0.1503194 0.1516848 0.1746120 0.3498098 0.1260568 0.2619849 0.0195150 0.0698558 0.0171350 0.0160692 0.0689853 0.0176859 0.1115811 0.1155061 0.0219648 0.0171458 0.0113191 0.0064467 0.0113459 0.0334666 0.0185434 0.0443488 0.0438085 0.1811198 0.1158313 0.0978088 0.1381197 0.1481262 0.1127201 0.0196795 0.1639515 0.1682769 0.0474335 0.1387638 0.0531817 0.0170971 0.0259613 0.1674726 0.0000000 0.1265361 0.1373679 0.0337198 0.0087544 0.0093332 0.1454200 0.1594128 0.0267168 0.0237133 0.0275608 0.0396117 0.0166137 0.1980020 0.0266489 0.1029441 0.0876955 0.0217070 0.1789144 0.1952084 0.1576999 0.0456068 0.0221716 0.1914663 0.0297140 0.1454029 0.1655017 0.0030212 0.0268990 0.0113356 0.1485716 0.0085954 0.0068203 0.0232999 0.0000010 0.1525141 0.1280094 0.0409837 0.0257405 0.2923236 0.0115453 0.1310011 
Perityle_harkerae_31                       0.1257404 0.1231372 0.1601916 0.2403197 0.1306512 0.1522402 0.1583367 0.3428941 0.1158139 0.2586753 0.1186667 0.1447623 0.1229695 0.0941973 0.1288214 0.1205395 0.1192765 0.1162617 0.1273897 0.1205491 0.1318919 0.0994527 0.1299820 0.1394124 0.1361347 0.1399949 0.1377646 0.1438366 0.1292910 0.1196129 0.1210428 0.1358800 0.1028749 0.1246851 0.1372070 0.0234083 0.1210578 0.1539960 0.1447490 0.1181313 0.1363786 0.0162446 0.1265361 0.0000000 0.1555204 0.1359952 0.0857689 0.1277702 0.1796161 0.0026856 0.1250707 0.1210752 0.1153911 0.1363154 0.1210840 0.1351746 0.1179290 0.1587695 0.1485631 0.1209759 0.1424247 0.2187773 0.1268989 0.1099848 0.1175329 0.1458730 0.1022791 0.1169024 0.1303814 0.0744397 0.1255524 0.1297948 0.1513389 0.1255417 0.1156777 0.1239401 0.0746274 0.1428989 0.1114614 0.1353288 0.1189594 0.2899894 0.1266991 0.1207631 
Perityle_hofmeisteria_4_nombre_de_dios     0.1671190 0.1545404 0.1808834 0.3093729 0.1782881 0.1857884 0.2180654 0.4473390 0.1714091 0.3109210 0.1284609 0.1724700 0.1360477 0.1025006 0.2094121 0.1234584 0.1457341 0.1460003 0.1299751 0.1193693 0.1296586 0.1154995 0.1290606 0.1367441 0.1366691 0.1851365 0.1503578 0.2078341 0.1633549 0.1570560 0.1630142 0.1897822 0.1509720 0.1283138 0.2023511 0.1935162 0.1493156 0.0127750 0.1621044 0.1307565 0.1372501 0.1990331 0.1373679 0.1555204 0.0000000 0.1470342 0.1043376 0.1353067 0.2910457 0.1958429 0.1375750 0.1321936 0.1370698 0.1539186 0.1211386 0.2213150 0.1282805 0.1912540 0.1937829 0.1365523 0.2099802 0.2320506 0.1780502 0.0709548 0.1308514 0.2491291 0.1183588 0.1777442 0.1926069 0.0888296 0.1343382 0.1302842 0.1905996 0.1291617 0.1264556 0.1336942 0.0536458 0.1817807 0.1429729 0.1544171 0.1386428 0.3536206 0.1300249 0.1841575 
