78
Amauria_brandeegeana_62                    0.0000000 0.0979257 0.1152927 0.2657959 0.1060621 0.1294601 0.4123333 0.0674018 0.1361851 0.1350011 0.1336796 0.1162594 0.0858693 0.1020238 0.0786263 0.1245946 0.0736773 0.1198270 0.1136906 0.1156512 0.2725142 0.1313224 0.1132536 0.1285166 0.1384455 0.1483958 0.1597978 0.0886223 0.0646900 0.1263629 0.1273103 0.0599283 0.1164613 0.1378080 0.1199783 0.1161440 0.1235223 0.1095722 0.1150629 0.1055448 0.1193273 0.0978618 0.1336932 0.1237459 0.3161645 0.0654047 0.1012170 0.0661719 0.1520680 0.1218570 0.1347125 0.1203664 0.1889440 0.1138983 0.0779962 0.1256837 0.0417178 0.0770296 0.0161113 0.0691171 0.1197305 0.1561801 0.1223456 0.1545078 0.1183453 0.1590848 0.0925691 0.1265365 0.1185637 0.1123858 0.0572100 0.1554413 0.1402070 0.4031333 0.1156752 0.0909995 0.1300596 0.1723623 
Amauria_carterae_99_mesa                   0.0979257 0.0000000 0.1860516 0.2460830 0.1368728 0.2071771 0.3744060 0.1021522 0.1831878 0.1746066 0.1698320 0.1478479 0.1102282 0.1197816 0.1348873 0.1718651 0.1099238 0.0962331 0.0738572 0.1071838 0.2936019 0.1477580 0.1263535 0.1386872 0.1422629 0.1448495 0.1558090 0.0912224 0.1001871 0.1483991 0.1881975 0.1104279 0.1266766 0.0572081 0.1347369 0.1040288 0.1711507 0.1292393 0.1419989 0.1246537 0.1363162 0.0856844 0.1458405 0.1707539 0.3470005 0.1148791 0.1345206 0.1036904 0.1382888 0.1390513 0.1448046 0.1376123 0.1446591 0.1524378 0.1062573 0.1284808 0.0691215 0.1160836 0.0106216 0.0905554 0.1738931 0.1615410 0.1219738 0.1901223 0.1580008 0.1527575 0.1544629 0.1202069 0.1248652 0.1260434 0.1004096 0.1907296 0.1847019 0.3204638 0.1651376 0.0731429 0.1065071 0.0696183 
Amauria_rotundifolia_SRR9119150            0.1152927 0.1860516 0.0000000 0.3268804 0.1644082 0.1659352 0.4481867 0.1328283 0.1765947 0.1781813 0.1725827 0.1871136 0.1400086 0.1611833 0.1242443 0.1849643 0.1242283 0.1624985 0.1635799 0.1651053 0.2876490 0.1815248 0.1676953 0.1835451 0.2057074 0.1962050 0.1874693 0.1786352 0.1217395 0.2168762 0.1715092 0.1249128 0.1703895 0.1954543 0.1855360 0.1620892 0.1763381 0.1650886 0.1560578 0.1479004 0.1829575 0.1586032 0.2046091 0.1792759 0.3619025 0.1117234 0.1665892 0.1021494 0.2047307 0.1782992 0.2043175 0.1817749 0.2394554 0.1663419 0.1208566 0.1713135 0.0876889 0.1153992 0.0212073 0.0941071 0.1613597 0.1897411 0.1943395 0.1935476 0.1717838 0.2025584 0.1707071 0.1679107 0.1756484 0.1642907 0.0890790 0.1967305 0.2213361 0.4459021 0.1601531 0.1248872 0.1688161 0.2320944 
Conoclinium_coelestinum_SRR9119114         0.2657959 0.2460830 0.3268804 0.0000000 0.3130684 0.2261134 0.4387943 0.3039335 0.3095055 0.3115228 0.3177898 0.3221655 0.2517464 0.3334829 0.2856624 0.2501357 0.2418437 0.2541462 0.2725045 0.3378954 0.2911725 0.3801260 0.3399562 0.3728804 0.3457013 0.4026723 0.3819005 0.3027084 0.1667232 0.2973022 0.3290751 0.2680364 0.3585487 0.3073421 0.3553979 0.3146396 0.3072073 0.3390073 0.3130975 0.3318336 0.3558222 0.2657890 0.3223492 0.3153772 0.3605890 0.2177319 0.2995963 0.1490218 0.3636972 0.3677551 0.3471801 0.3228757 0.3245457 0.3163114 0.1815748 0.3248272 0.1424100 0.1746155 0.0605062 0.1489050 0.3248094 0.3746335 0.3378742 0.3296437 0.3106997 0.3208853 0.3030035 0.3520146 0.3269359 0.3560172 0.1394270 0.3139230 0.4000539 0.4700908 0.3234450 0.2370577 0.3226851 0.3480221 
Eutetras_palmeri_63                        0.1060621 0.1368728 0.1644082 0.3130684 0.0000000 0.1465463 0.4147285 0.1422550 0.1813415 0.1379649 0.1342379 0.1383550 0.0965778 0.1300350 0.0958511 0.1423267 0.0925862 0.1176730 0.1367922 0.1358028 0.2898379 0.1576450 0.1308932 0.1548983 0.1570349 0.1689698 0.1721402 0.1291791 0.0859022 0.1714204 0.1406495 0.1342251 0.1393837 0.1456984 0.1316193 0.1240434 0.1495219 0.1354251 0.1422709 0.1347489 0.1311777 0.1083277 0.1335214 0.1370612 0.3642927 0.0864631 0.1131979 0.0764484 0.1779616 0.1534795 0.1588260 0.1397324 0.2086616 0.1392788 0.0867405 0.1379711 0.0527723 0.0882926 0.0211865 0.0664262 0.1308276 0.1633930 0.1439171 0.1676707 0.1447755 0.2059441 0.1370757 0.1479155 0.1400578 0.1413318 0.0732109 0.1579900 0.1691163 0.3950448 0.1237072 0.1048833 0.1427996 0.2008672 
Eutrochium_fistulosum_SRR9119106           0.1294601 0.2071771 0.1659352 0.2261134 0.1465463 0.0000000 0.3354887 0.1589007 0.2198641 0.2045284 0.1985484 0.1787662 0.1189473 0.1808275 0.1548535 0.2185774 0.1435566 0.1241037 0.1364968 0.1606790 0.2713060 0.1850391 0.1585632 0.1819487 0.1917834 0.2474948 0.2212453 0.1280911 0.1262521 0.2165523 0.1920937 0.1466729 0.1730660 0.1115565 0.1768355 0.2170533 0.1752399 0.1761829 0.2176079 0.2144151 0.1827867 0.1320824 0.1705327 0.1857465 0.3590991 0.1229430 0.1625056 0.1238584 0.2086649 0.1817727 0.1904559 0.1492727 0.2095345 0.1745571 0.1265762 0.1589663 0.0982738 0.1335487 0.0547773 0.0974029 0.1904520 0.2097101 0.1746509 0.2013673 0.2178483 0.2294685 0.1600493 0.1742389 0.1671232 0.1699407 0.1085441 0.1918151 0.2981994 0.3444885 0.1821773 0.1129642 0.1618045 0.2116921 
Helianthus_annuus_SRR9119062               0.4123333 0.3744060 0.4481867 0.4387943 0.4147285 0.3354887 0.0000000 0.4229372 0.4137671 0.4342862 0.4352412 0.3994874 0.3753159 0.4041121 0.3868927 0.3370175 0.3730760 0.4153120 0.3641735 0.3667722 0.3425169 0.4324694 0.4216977 0.4376211 0.4273451 0.4412984 0.4675316 0.3572071 0.2692344 0.4225599 0.4484977 0.4367590 0.4191179 0.4220061 0.4332287 0.4190356 0.4673783 0.4176000 0.3849246 0.4083269 0.4476699 0.4021123 0.4513335 0.4252945 0.3972639 0.3497513 0.4307020 0.3253327 0.4330789 0.4299204 0.4363780 0.3980050 0.4652158 0.4175062 0.3217508 0.4191808 0.2143071 0.3184755 0.1028020 0.1858660 0.4521533 0.4622487 0.4152164 0.4046786 0.4432527 0.4763622 0.4053576 0.4135116 0.4040302 0.4159298 0.2469565 0.4026968 0.4251313 0.6085410 0.4429561 0.2888025 0.3708029 0.4278499 
Lycapsus_tenuifolius_17                    0.0674018 0.1021522 0.1328283 0.3039335 0.1422550 0.1589007 0.4229372 0.0000000 0.1670758 0.1829512 0.1427144 0.1634812 0.1019142 0.1302818 0.1036637 0.1581012 0.0888956 0.1360855 0.1426991 0.1128914 0.2582628 0.1505448 0.1283157 0.1458273 0.1672285 0.1805378 0.1725320 0.0788972 0.0234990 0.2272792 0.1377251 0.0037234 0.1249359 0.1581175 0.1757173 0.1535290 0.1450966 0.1336106 0.1452697 0.1564827 0.1757232 0.1222686 0.1702573 0.1467049 0.3098504 0.0909517 0.1195213 0.0841867 0.1750387 0.1399862 0.1643584 0.1322299 0.2011195 0.1265033 0.0853103 0.1284859 0.0397134 0.0829226 0.0110842 0.0577898 0.1498823 0.1633127 0.1571912 0.1668437 0.1618686 0.2362596 0.1050390 0.1304284 0.1293286 0.1282039 0.0508931 0.1646406 0.2514203 0.3958762 0.1500177 0.0757820 0.1181953 0.2256873 
Pericome_caudata_50_silver                 0.1361851 0.1831878 0.1765947 0.3095055 0.1813415 0.2198641 0.4137671 0.1670758 0.0000000 0.1931786 0.1822720 0.1757788 0.1004120 0.1593251 0.1314795 0.1538533 0.1043616 0.1470744 0.1488288 0.1108624 0.3131180 0.1671502 0.1220266 0.1641754 0.1742839 0.1717654 0.1854167 0.1138034 0.0839480 0.1998088 0.1799712 0.1351145 0.1503953 0.1618066 0.1477370 0.1626922 0.1343301 0.1650770 0.1822854 0.1725497 0.1493490 0.1075942 0.1333806 0.1571023 0.3658844 0.0838792 0.1031561 0.0887123 0.1662352 0.1545079 0.1796058 0.1640283 0.2052789 0.1214268 0.0972555 0.1249788 0.0616653 0.1098130 0.0321242 0.0972976 0.1730824 0.1759401 0.1672998 0.1802956 0.1512208 0.2366860 0.1323506 0.1579381 0.1528148 0.1492760 0.0607147 0.1736520 0.2003616 0.3802424 0.1717175 0.0835408 0.1186779 0.2273623 
Perityle_aglossa_84_dead_horse             0.1350011 0.1746066 0.1781813 0.3115228 0.1379649 0.2045284 0.4342862 0.1829512 0.1931786 0.0000000 0.0479773 0.1841315 0.1171504 0.1656138 0.0522939 0.1923202 0.1016065 0.0237157 0.0950282 0.1921311 0.2223385 0.1891555 0.1796838 0.1917119 0.1860865 0.2712178 0.2354561 0.1710156 0.1124340 0.2287116 0.1746616 0.1689477 0.1754002 0.1937475 0.1911490 0.0842725 0.1991623 0.1698471 0.2544971 0.2360108 0.1844927 0.0892699 0.1782950 0.2024497 0.3067563 0.1104266 0.1290903 0.0905514 0.2283736 0.1895657 0.1953483 0.1681043 0.2548585 0.1619696 0.1174760 0.1818614 0.0834094 0.1215656 0.0236038 0.0925018 0.0706568 0.2224401 0.1780712 0.2024477 0.2281151 0.1536927 0.1710446 0.1784396 0.1635519 0.1815733 0.0821061 0.2053041 0.3118297 0.3714779 0.0585023 0.1226951 0.1918683 0.2614926 
Perityle_ajoensis_204                      0.1336796 0.1698320 0.1725827 0.3177898 0.1342379 0.1985484 0.4352412 0.1427144 0.1822720 0.0479773 0.0000000 0.1497050 0.0957809 0.1419749 0.0331631 0.1590310 0.0830983 0.0402280 0.0879095 0.1439532 0.3067710 0.1612869 0.1381075 0.1636271 0.1599865 0.2243761 0.1974506 0.1594370 0.1012306 0.2035033 0.1566138 0.1301140 0.1475276 0.1702245 0.1653660 0.0858155 0.1642964 0.1416964 0.2049536 0.1935372 0.1565090 0.0408345 0.1608284 0.1626498 0.3719394 0.0997263 0.1271013 0.0826933 0.1868990 0.1547670 0.1657552 0.1549106 0.2349963 0.1532201 0.1222105 0.1471365 0.0751777 0.1124219 0.0376777 0.0906194 0.0375925 0.1899722 0.1556480 0.1947420 0.2061518 0.1481082 0.1639881 0.1542349 0.1481601 0.1500905 0.0732899 0.1830890 0.2650641 0.3804455 0.0345061 0.1073392 0.1503708 0.2456670 
Perityle_ambrosiifolia_67_green            0.1162594 0.1478479 0.1871136 0.3221655 0.1383550 0.1787662 0.3994874 0.1634812 0.1757788 0.1841315 0.1497050 0.0000000 0.1353970 0.1781041 0.1071721 0.1405150 0.1246658 0.1145628 0.1470146 0.1856083 0.3048783 0.1800336 0.1728006 0.1799183 0.1852205 0.2380794 0.2243060 0.1303276 0.1180519 0.1828867 0.1579497 0.1631007 0.1775730 0.1537415 0.1728161 0.1351424 0.1718168 0.1750222 0.0425654 0.0677121 0.1744845 0.1444991 0.1832272 0.1584669 0.3959104 0.1246277 0.1624462 0.0113564 0.2290918 0.1795371 0.1787554 0.1596146 0.2251145 0.1796359 0.1343866 0.1726585 0.0919356 0.1130013 0.0490002 0.1139529 0.1715889 0.2188336 0.1643112 0.1408617 0.1962744 0.2414411 0.1541252 0.1823323 0.1621357 0.1674441 0.1059311 0.1469302 0.2733513 0.3568447 0.1688824 0.1152626 0.1805659 0.2249785 
Perityle_angustifolia_13_Eagle_creek       0.0858693 0.1102282 0.1400086 0.2517464 0.0965778 0.1189473 0.3753159 0.1019142 0.1004120 0.1171504 0.0957809 0.1353970 0.0000000 0.0184471 0.0152907 0.0966639 0.1021681 0.0905937 0.0707439 0.0064524 0.2261149 0.0391913 0.0142070 0.0246646 0.0300171 0.0364551 0.1147735 0.1156287 0.0879122 0.0926740 0.1254105 0.1069691 0.0053271 0.0372770 0.0663730 0.0876309 0.0645450 0.0200436 0.1310068 0.1172896 0.0627529 0.0357243 0.0829407 0.0556499 0.2717744 0.0361056 0.0660737 0.0939188 0.0245843 0.0253043 0.0282327 0.0018570 0.0829717 0.0329903 0.0210462 0.0201218 0.0363329 0.0713471 0.0169994 0.0103147 0.0906890 0.1070803 0.0180123 0.1259812 0.1238523 0.0905570 0.1275791 0.0128130 0.0266009 0.0088738 0.0145572 0.1215661 0.0774677 0.3262000 0.0830231 0.0527547 0.0107314 0.0390959 
Perityle_batopilensis_97                   0.1020238 0.1197816 0.1611833 0.3334829 0.1300350 0.1808275 0.4041121 0.1302818 0.1593251 0.1656138 0.1419749 0.1781041 0.0184471 0.0000000 0.0643471 0.1364030 0.1143702 0.1130347 0.1176068 0.0306578 0.2699825 0.0565604 0.0321479 0.0501072 0.1382812 0.0938511 0.1241006 0.1447124 0.0954368 0.2105152 0.1430663 0.1262097 0.0303775 0.0577628 0.1868767 0.1729524 0.0789232 0.0076694 0.1971105 0.1786410 0.1796825 0.0535488 0.1338083 0.0782706 0.3184848 0.0398806 0.0893461 0.0884827 0.1258466 0.0453658 0.1220523 0.0440994 0.1144104 0.0360688 0.0232345 0.0307037 0.0355392 0.0646378 0.0220128 0.0237146 0.1367195 0.1224657 0.1266675 0.1605309 0.2062489 0.2325954 0.1436535 0.0405814 0.0407161 0.0302826 0.0260530 0.1571600 0.2428853 0.3765821 0.1384132 0.0616870 0.0346077 0.1157866 
Perityle_bisetosa_9                        0.0786263 0.1348873 0.1242443 0.2856624 0.0958511 0.1548535 0.3868927 0.1036637 0.1314795 0.0522939 0.0331631 0.1071721 0.0152907 0.0643471 0.0000000 0.1520329 0.0410718 0.0138788 0.0684230 0.0482494 0.2903228 0.0779371 0.0445319 0.0707475 0.0925448 0.1511015 0.1337603 0.1010808 0.0453491 0.1589717 0.1146590 0.0942692 0.0677439 0.1068240 0.0992685 0.0645468 0.1026612 0.0459059 0.1634804 0.1401597 0.0920433 0.0340562 0.0933595 0.1206836 0.3267657 0.0197748 0.0526716 0.0459541 0.0944112 0.0506239 0.0850621 0.0613226 0.1461386 0.0416458 0.0268446 0.0515516 0.0131656 0.0416184 0.0108534 0.0138249 0.0207534 0.1272164 0.0748955 0.1443110 0.1578809 0.1241427 0.1055357 0.0699165 0.0701737 0.0573001 0.0073949 0.1387416 0.2129995 0.3308627 0.0125816 0.0300178 0.0556908 0.1821795 
Perityle_californica_76_positas            0.1245946 0.1718651 0.1849643 0.2501357 0.1423267 0.2185774 0.3370175 0.1581012 0.1538533 0.1923202 0.1590310 0.1405150 0.0966639 0.1364030 0.1520329 0.0000000 0.0985169 0.0848991 0.0787462 0.1227449 0.2227531 0.1638218 0.1530047 0.1532200 0.1622749 0.1875558 0.2351599 0.0602851 0.0602851 0.1647407 0.2169183 0.1790972 0.1498314 0.0956301 0.1421273 0.0915484 0.1668073 0.1389330 0.1060096 0.1353993 0.1681521 0.1250433 0.1605467 0.1568710 0.2081422 0.0673557 0.1048112 0.0664808 0.1699210 0.1574542 0.1668915 0.1105173 0.1744854 0.1379761 0.0812813 0.1254745 0.0691546 0.0801688 0.0248685 0.0609582 0.2046216 0.2285461 0.1446692 0.1824968 0.1869939 0.1171462 0.1316924 0.1284308 0.1055624 0.1500810 0.0801342 0.1843617 0.2054669 0.1211171 0.1906003 0.0407151 0.1198538 0.0956154 
Perityle_canescens_77                      0.0736773 0.1099238 0.1242283 0.2418437 0.0925862 0.1435566 0.3730760 0.0888956 0.1043616 0.1016065 0.0830983 0.1246658 0.1021681 0.1143702 0.0410718 0.0985169 0.0000000 0.0761915 0.0638928 0.1019578 0.3071510 0.1331913 0.1115308 0.1228871 0.1171102 0.1311708 0.1303488 0.1026366 0.1004025 0.0889977 0.1326315 0.0970564 0.1068390 0.0605766 0.1173253 0.0759673 0.1104184 0.1212297 0.1250815 0.1089111 0.1150917 0.0612585 0.1276249 0.1062853 0.3470929 0.1069827 0.1169058 0.1008914 0.1250315 0.1235442 0.1219104 0.1268049 0.1240200 0.1331585 0.0995770 0.1155398 0.0660035 0.1103799 0.0268897 0.0983159 0.0825042 0.1285040 0.0965244 0.1169997 0.0906162 0.0830212 0.1102027 0.1098489 0.1248993 0.1090210 0.0806780 0.1147960 0.1251366 0.3573388 0.0733686 0.1018107 0.0989697 0.0669769 
Perityle_castillonii_96                    0.1198270 0.0962331 0.1624985 0.2541462 0.1176730 0.1241037 0.4153120 0.1360855 0.1470744 0.0237157 0.0402280 0.1145628 0.0905937 0.1130347 0.0138788 0.0848991 0.0761915 0.0000000 0.0592143 0.1320972 0.2566423 0.1611129 0.1269281 0.1545567 0.1376349 0.1559601 0.1693090 0.1591252 0.0911391 0.1358095 0.1403446 0.1301639 0.1382857 0.1488054 0.1312801 0.0171193 0.1421451 0.1224798 0.1146948 0.1070793 0.1303423 0.0515347 0.1466979 0.1262361 0.3335466 0.0835458 0.1100541 0.0661541 0.1623243 0.1486969 0.1395188 0.1469838 0.2037805 0.1256071 0.1083483 0.1378661 0.0648035 0.1026905 0.0223398 0.0809526 0.0250467 0.1642164 0.1240716 0.1567529 0.1417929 0.0694550 0.1518998 0.1448930 0.1479217 0.1342834 0.0670207 0.1567369 0.1586330 0.3525416 0.0057699 0.1005834 0.1404844 0.1734235 
Perityle_cernua_84                         0.1136906 0.0738572 0.1635799 0.2725045 0.1367922 0.1364968 0.3641735 0.1426991 0.1488288 0.0950282 0.0879095 0.1470146 0.0707439 0.1176068 0.0684230 0.0787462 0.0638928 0.0592143 0.0000000 0.1019786 0.2872833 0.1484528 0.0816225 0.1394982 0.1136938 0.1386983 0.1826249 0.1375336 0.0584683 0.1555601 0.1450362 0.1037711 0.1246090 0.1346403 0.1266448 0.0776211 0.1211141 0.1182892 0.1457745 0.1345139 0.1234080 0.0634308 0.1121415 0.1378803 0.3243298 0.0552803 0.0835177 0.0521121 0.1058536 0.1098226 0.1156199 0.1424159 0.1979335 0.0855861 0.0464461 0.0812573 0.0331746 0.0623242 0.0055425 0.0351684 0.0694958 0.1774019 0.1032840 0.1678088 0.1574375 0.1114092 0.1105212 0.1271348 0.1345229 0.1220496 0.0153046 0.1626602 0.1637591 0.3570073 0.0751696 0.0864527 0.0836438 0.1934423 
Perityle_cfvillosa_25_tin                  0.1156512 0.1071838 0.1651053 0.3378954 0.1358028 0.1606790 0.3667722 0.1128914 0.1108624 0.1921311 0.1439532 0.1856083 0.0064524 0.0306578 0.0482494 0.1227449 0.1019578 0.1320972 0.1019786 0.0000000 0.2710975 0.0329601 0.0152977 0.0276995 0.1389559 0.0377120 0.1021725 0.1250461 0.0938360 0.1422110 0.1374587 0.1251127 0.0113852 0.0943488 0.1921680 0.1226157 0.0754379 0.0290287 0.1613179 0.1310596 0.1787554 0.0531564 0.1343157 0.0661679 0.3107026 0.0301090 0.0946385 0.0847543 0.0819263 0.0249910 0.1176916 0.0144018 0.1157415 0.0199039 0.0132360 0.0038265 0.0405953 0.0534833 0.0269186 0.0196019 0.1488821 0.1040020 0.1251659 0.1255593 0.1200873 0.1760493 0.1345045 0.0075503 0.0102482 0.0111240 0.0072547 0.1265371 0.1560770 0.4314731 0.1503352 0.0615802 0.0076869 0.1029075 
Perityle_cinerea_113_Powell1310            0.2725142 0.2936019 0.2876490 0.2911725 0.2898379 0.2713060 0.3425169 0.2582628 0.3131180 0.2223385 0.3067710 0.3048783 0.2261149 0.2699825 0.2903228 0.2227531 0.3071510 0.2566423 0.2872833 0.2710975 0.0000000 0.2784033 0.2787416 0.2979988 0.3036836 0.2838197 0.3029937 0.3008131 0.3079875 0.2697989 0.3042759 0.2702223 0.2633616 0.2530574 0.3068701 0.3059532 0.3184986 0.2755393 0.3003334 0.2840258 0.3126817 0.2658536 0.3159254 0.2885983 0.1010531 0.2785575 0.3134801 0.2819384 0.3007503 0.2913071 0.3038520 0.2761957 0.3228418 0.2980389 0.2544363 0.2878780 0.2837922 0.3105791 0.2224180 0.2001960 0.2539493 0.3119327 0.2496967 0.3121736 0.2713617 0.2090312 0.3115045 0.2580466 0.2827700 0.2891665 0.2429062 0.3196919 0.3482336 0.3422619 0.2810763 0.2958167 0.2693279 0.2725312 
Perityle_coahuilensis_24                   0.1313224 0.1477580 0.1815248 0.3801260 0.1576450 0.1850391 0.4324694 0.1505448 0.1671502 0.1891555 0.1612869 0.1800336 0.0391913 0.0565604 0.0779371 0.1638218 0.1331913 0.1611129 0.1484528 0.0329601 0.2784033 0.0000000 0.0305786 0.0486530 0.1914485 0.1038231 0.1255048 0.1627698 0.1223522 0.2247593 0.1745567 0.1541793 0.0334262 0.1702606 0.1966905 0.1886021 0.0974365 0.0523026 0.2629994 0.1852210 0.1746003 0.0742270 0.1511935 0.0968325 0.3290399 0.0574498 0.1131423 0.1100418 0.1331672 0.0308094 0.1227457 0.0467405 0.1621033 0.0503689 0.0451424 0.0439451 0.0659466 0.0847940 0.0325551 0.0425662 0.1641963 0.1237881 0.1293712 0.1722625 0.2158480 0.2459380 0.1591205 0.0420487 0.0430477 0.0336650 0.0284051 0.1690030 0.2445817 0.4179623 0.1647342 0.0878424 0.0371712 0.1781945 
Perityle_cochisensis_44_cave_creek         0.1132536 0.1263535 0.1676953 0.3399562 0.1308932 0.1585632 0.4216977 0.1283157 0.1220266 0.1796838 0.1381075 0.1728006 0.0142070 0.0321479 0.0445319 0.1530047 0.1115308 0.1269281 0.0816225 0.0152977 0.2787416 0.0305786 0.0000000 0.0392309 0.1040142 0.0480844 0.1158427 0.1422351 0.1044074 0.1637706 0.1456169 0.1346348 0.0196761 0.0874762 0.1539256 0.1201383 0.0793915 0.0343856 0.1515919 0.1380883 0.1603329 0.0365685 0.1206664 0.0707656 0.3156847 0.0305898 0.0909105 0.0933457 0.0350059 0.0225423 0.1055083 0.0256583 0.1176076 0.0250496 0.0223407 0.0126236 0.0405088 0.0653915 0.0268736 0.0195054 0.1467797 0.1112651 0.0948970 0.1467906 0.1622082 0.1564635 0.1477595 0.0214090 0.0163460 0.0123724 0.0104959 0.1474765 0.1677660 0.3878535 0.1526807 0.0563763 0.0170043 0.0907800 
Perityle_congesta_202                      0.1285166 0.1386872 0.1835451 0.3728804 0.1548983 0.1819487 0.4376211 0.1458273 0.1641754 0.1917119 0.1636271 0.1799183 0.0246646 0.0501072 0.0707475 0.1532200 0.1228871 0.1545567 0.1394982 0.0276995 0.2979988 0.0486530 0.0392309 0.0000000 0.1686283 0.0734124 0.1291377 0.1563552 0.1151366 0.2165431 0.1657893 0.1437649 0.0182376 0.1239171 0.1901181 0.1629048 0.0860091 0.0496387 0.1702834 0.1597348 0.1753901 0.0829128 0.1453089 0.0808962 0.3158936 0.0423664 0.1050379 0.1001445 0.1300777 0.0365913 0.1203305 0.0364116 0.1495408 0.0397037 0.0308926 0.0343023 0.0525362 0.0741705 0.0322067 0.0389346 0.1618141 0.1267845 0.1223314 0.1679750 0.1823291 0.2538817 0.1562480 0.0253496 0.0381519 0.0288832 0.0246900 0.1616512 0.2223557 0.4005098 0.1614967 0.0722975 0.0317864 0.1771650 
Perityle_cordifolia_27                     0.1384455 0.1422629 0.2057074 0.3457013 0.1570349 0.1917834 0.4273451 0.1672285 0.1742839 0.1860865 0.1599865 0.1852205 0.0300171 0.1382812 0.0925448 0.1622749 0.1171102 0.1376349 0.1136938 0.1389559 0.3036836 0.1914485 0.1040142 0.1686283 0.0000000 0.2627551 0.1829096 0.1503643 0.1148716 0.1824901 0.1880794 0.1540166 0.1803808 0.3174279 0.2003285 0.1955833 0.0970607 0.1444602 0.2643374 0.2623281 0.1845199 0.1117384 0.1408917 0.0992449 0.3318717 0.0464905 0.1153344 0.0998655 0.1617613 0.1317702 0.0045409 0.0490220 0.1817052 0.0638984 0.0309133 0.1757138 0.0587168 0.0840107 0.0378174 0.0222789 0.1983178 0.1520163 0.0079085 0.1837649 0.2791217 0.2335941 0.1692273 0.1845915 0.0549561 0.1060550 0.0352298 0.1690023 0.2536275 0.3990677 0.1900057 0.0744575 0.2388882 0.2101486 
Perityle_cordifolia_68_tecolote            0.1483958 0.1448495 0.1962050 0.4026723 0.1689698 0.2474948 0.4412984 0.1805378 0.1717654 0.2712178 0.2243761 0.2380794 0.0364551 0.0938511 0.1511015 0.1875558 0.1311708 0.1559601 0.1386983 0.0377120 0.2838197 0.1038231 0.0480844 0.0734124 0.2627551 0.0000000 0.1677412 0.1568105 0.1185730 0.2223206 0.1908669 0.1574403 0.0886789 0.1606889 0.2095117 0.2071490 0.0967231 0.0598472 0.3059373 0.2321574 0.2031162 0.0823702 0.1512684 0.1578339 0.3271878 0.0573887 0.1142354 0.1294862 0.1417349 0.0573546 0.1343957 0.0516503 0.1609656 0.0129911 0.0426432 0.0484403 0.0591618 0.1028333 0.0268079 0.0290315 0.2240095 0.1846683 0.1365435 0.1861770 0.2512980 0.2617662 0.1668460 0.0921125 0.1028486 0.0466614 0.0352988 0.1727230 0.2839237 0.4147872 0.2098600 0.0641329 0.0471904 0.1770740 
Perityle_coronopifolia_28_patagonia        0.1597978 0.1558090 0.1874693 0.3819005 0.1721402 0.2212453 0.4675316 0.1725320 0.1854167 0.2354561 0.1974506 0.2243060 0.1147735 0.1241006 0.1337603 0.2351599 0.1303488 0.1693090 0.1826249 0.1021725 0.3029937 0.1255048 0.1158427 0.1291377 0.1829096 0.1677412 0.0000000 0.1775144 0.1095111 0.2970285 0.1987046 0.1745514 0.1119091 0.1485689 0.1740618 0.2279233 0.1350107 0.1256989 0.2316993 0.2068285 0.1702619 0.1447277 0.1628663 0.1355523 0.3573795 0.0660707 0.1279933 0.1095809 0.1570265 0.1257889 0.1970956 0.1207710 0.1976890 0.1225357 0.0713111 0.1147724 0.0428206 0.0843294 0.0105670 0.0736133 0.1842998 0.0179902 0.1788967 0.2088133 0.2265433 0.2822346 0.1851662 0.1102870 0.1149811 0.1106870 0.0762513 0.2107702 0.2634735 0.4078168 0.1824581 0.0652859 0.1094159 0.2129367 
Perityle_crassifolia_70_ventanas           0.0886223 0.0912224 0.1786352 0.3027084 0.1291791 0.1280911 0.3572071 0.0788972 0.1138034 0.1710156 0.1594370 0.1303276 0.1156287 0.1447124 0.1010808 0.0602851 0.1026366 0.1591252 0.1375336 0.1250461 0.3008131 0.1627698 0.1422351 0.1563552 0.1503643 0.1568105 0.1775144 0.0000000 0.0026473 0.1436754 0.1372218 0.0849429 0.1437669 0.1670178 0.1489690 0.1464371 0.1553337 0.1524214 0.1324412 0.1267709 0.1446037 0.1263304 0.1653087 0.1453757 0.3445649 0.1196297 0.1361074 0.1067889 0.1553003 0.1587043 0.1524960 0.1514398 0.2213088 0.1430960 0.1040087 0.1396840 0.0851201 0.1137383 0.0266923 0.1126417 0.1463017 0.1739562 0.1403226 0.1480508 0.0947479 0.1970124 0.0069233 0.1466566 0.1454346 0.1418291 0.0916758 0.1421175 0.1329748 0.4179793 0.1470634 0.1157011 0.1419463 0.1923032 
Perityle_crassifolia_74_playa_balandra     0.0646900 0.1001871 0.1217395 0.1667232 0.0859022 0.1262521 0.2692344 0.0234990 0.0839480 0.1124340 0.1012306 0.1180519 0.0879122 0.0954368 0.0453491 0.0602851 0.1004025 0.0911391 0.0584683 0.0938360 0.3079875 0.1223522 0.1044074 0.1151366 0.1148716 0.1185730 0.1095111 0.0026473 0.0000000 0.0860213 0.1203801 0.0439035 0.1076717 0.0273957 0.0905877 0.0906813 0.0907159 0.1028218 0.1175552 0.0970186 0.0958867 0.0608069 0.1002712 0.0867057 0.3444989 0.0958588 0.0943705 0.1072927 0.1084096 0.1151282 0.1179095 0.1218603 0.1125506 0.1183843 0.0894653 0.1067672 0.0826234 0.0951939 0.0266923 0.1134115 0.0898342 0.1069015 0.0978501 0.1245042 0.0611750 0.1021356 0.0026473 0.1029109 0.1081994 0.1073486 0.0916758 0.1153064 0.0890478 0.2874866 0.0833723 0.0710416 0.0934422 0.0303291 
Perityle_cuneata_34_cuneata_San_antonio    0.1263629 0.1483991 0.2168762 0.2973022 0.1714204 0.2165523 0.4225599 0.2272792 0.1998088 0.2287116 0.2035033 0.1828867 0.0926740 0.2105152 0.1589717 0.1647407 0.0889977 0.1358095 0.1555601 0.1422110 0.2697989 0.2247593 0.1637706 0.2165431 0.1824901 0.2223206 0.2970285 0.1436754 0.0860213 0.0000000 0.2190315 0.1672806 0.2022866 0.1864248 0.2382514 0.1814545 0.1776934 0.2096390 0.1579532 0.2143803 0.2484388 0.1430441 0.1670761 0.1891449 0.3393567 0.0745926 0.1178448 0.0609968 0.1854128 0.2010905 0.1838297 0.1719757 0.2775486 0.1348431 0.0899601 0.1520578 0.0485192 0.0648241 0.0163039 0.0625827 0.2460123 0.2754656 0.1694443 0.1675505 0.2205626 0.2218116 0.1346847 0.2108324 0.1745408 0.2010653 0.0579162 0.1696524 0.2910021 0.3541435 0.2420275 0.0755817 0.1507302 0.2502377 
Perityle_cuneata_4                         0.1273103 0.1881975 0.1715092 0.3290751 0.1406495 0.1920937 0.4484977 0.1377251 0.1799712 0.1746616 0.1566138 0.1579497 0.1254105 0.1430663 0.1146590 0.2169183 0.1326315 0.1403446 0.1450362 0.1374587 0.3042759 0.1745567 0.1456169 0.1657893 0.1880794 0.1908669 0.1987046 0.1372218 0.1203801 0.2190315 0.0000000 0.1396546 0.1514796 0.1744833 0.1667550 0.1477159 0.1644371 0.1514003 0.1499870 0.1497965 0.1710170 0.1176799 0.1737064 0.1651498 0.3698927 0.1278425 0.1471190 0.1046933 0.2032830 0.1605093 0.1870168 0.1568517 0.2182815 0.1497220 0.1171878 0.1509492 0.0879704 0.1285181 0.0444642 0.1030527 0.1466796 0.1865951 0.1775316 0.1777562 0.1565435 0.2264644 0.1554596 0.1568118 0.1597096 0.1453563 0.1116153 0.1726451 0.2503587 0.4038202 0.1441114 0.1080886 0.1482002 0.2518328 
Perityle_discoidea_81                      0.0599283 0.1104279 0.1249128 0.2680364 0.1342251 0.1466729 0.4367590 0.0037234 0.1351145 0.1689477 0.1301140 0.1631007 0.1069691 0.1262097 0.0942692 0.1790972 0.0970564 0.1301639 0.1037711 0.1251127 0.2702223 0.1541793 0.1346348 0.1437649 0.1540166 0.1574403 0.1745514 0.0849429 0.0439035 0.1672806 0.1396546 0.0000000 0.1265332 0.1376727 0.1526583 0.1231963 0.1431662 0.1323292 0.1330035 0.1367349 0.1511146 0.1167034 0.1651577 0.1399216 0.3124861 0.0964961 0.1236778 0.0940643 0.1515480 0.1402254 0.1522483 0.1314954 0.1813770 0.1310736 0.0938050 0.1329318 0.0488802 0.0930117 0.0221029 0.0681052 0.1370646 0.1637007 0.1451073 0.1667092 0.1486093 0.1377113 0.1200880 0.1321823 0.1330080 0.1281458 0.0649399 0.1692398 0.1926975 0.3843573 0.1386739 0.0878238 0.1284905 0.1436066 
Perityle_dissecta_201                      0.1164613 0.1266766 0.1703895 0.3585487 0.1393837 0.1730660 0.4191179 0.1249359 0.1503953 0.1754002 0.1475276 0.1775730 0.0053271 0.0303775 0.0677439 0.1498314 0.1068390 0.1382857 0.1246090 0.0113852 0.2633616 0.0334262 0.0196761 0.0182376 0.1803808 0.0886789 0.1119091 0.1437669 0.1076717 0.2022866 0.1514796 0.1265332 0.0000000 0.1457849 0.1807033 0.1853713 0.0780163 0.0274440 0.2292929 0.1795288 0.1614133 0.0537914 0.1317360 0.0767331 0.3099181 0.0327933 0.0911636 0.0913789 0.1107367 0.0243044 0.1027089 0.0170556 0.1375351 0.0250412 0.0201329 0.0253532 0.0468134 0.0657980 0.0268537 0.0260486 0.1469685 0.1095505 0.1035663 0.1594679 0.2018915 0.2406106 0.1469675 0.0189815 0.0234478 0.0089324 0.0140631 0.1509035 0.2400625 0.3927539 0.1455168 0.0586772 0.0185598 0.1512447 
Perityle_emoryi_47_punta_san_jose          0.1378080 0.0572081 0.1954543 0.3073421 0.1456984 0.1115565 0.4220061 0.1581175 0.1618066 0.1937475 0.1702245 0.1537415 0.0372770 0.0577628 0.1068240 0.0956301 0.0605766 0.1488054 0.1346403 0.0943488 0.2530574 0.1702606 0.0874762 0.1239171 0.3174279 0.1606889 0.1485689 0.1670178 0.0273957 0.1864248 0.1744833 0.1376727 0.1457849 0.0000000 0.2396610 0.1487236 0.1289631 0.0547913 0.1292807 0.1201527 0.2286382 0.1059417 0.1851928 0.1340129 0.2814268 0.0133590 0.1038317 0.0435691 0.1721606 0.1053153 0.1867440 0.1283424 0.1170065 0.0258617 0.0225624 0.1156865 0.0166961 0.0397516 0.0109693 0.0106049 0.1604966 0.1545306 0.2088537 0.2025478 0.2080672 0.1739943 0.1280259 0.1535055 0.1193277 0.0857034 0.0190587 0.1999945 0.2245743 0.4036327 0.1609618 0.0524205 0.1595859 0.0052498 
Perityle_feddemae_99                       0.1199783 0.1347369 0.1855360 0.3553979 0.1316193 0.1768355 0.4332287 0.1757173 0.1477370 0.1911490 0.1653660 0.1728161 0.0663730 0.1868767 0.0992685 0.1421273 0.1173253 0.1312801 0.1266448 0.1921680 0.3068701 0.1966905 0.1539256 0.1901181 0.2003285 0.2095117 0.1740618 0.1489690 0.0905877 0.2382514 0.1667550 0.1526583 0.1807033 0.2396610 0.0000000 0.1521331 0.0468985 0.1834765 0.1739505 0.2267858 0.0197132 0.1437140 0.0080646 0.0653827 0.3638958 0.0546249 0.0000010 0.0685460 0.2095647 0.1747834 0.1553947 0.0856715 0.2243854 0.0920568 0.0723662 0.1825085 0.0340641 0.0730560 0.0215706 0.0571424 0.2018405 0.1519825 0.1720241 0.1784718 0.2153405 0.2236581 0.1321010 0.1908647 0.0934234 0.1396386 0.0664533 0.1668981 0.2042085 0.3654139 0.1924578 0.0544557 0.1999684 0.2540140 
Perityle_fosteri_93                        0.1161440 0.1040288 0.1620892 0.3146396 0.1240434 0.2170533 0.4190356 0.1535290 0.1626922 0.0842725 0.0858155 0.1351424 0.0876309 0.1729524 0.0645468 0.0915484 0.0759673 0.0171193 0.0776211 0.1226157 0.3059532 0.1886021 0.1201383 0.1629048 0.1955833 0.2071490 0.2279233 0.1464371 0.0906813 0.1814545 0.1477159 0.1231963 0.1853713 0.1487236 0.1521331 0.0000000 0.1367812 0.1197636 0.1748446 0.1660287 0.1532958 0.0424870 0.1436397 0.1863529 0.3556349 0.0899221 0.1090414 0.0769353 0.1783598 0.1328034 0.1516506 0.1495487 0.2087067 0.1202502 0.1105756 0.1288627 0.0655515 0.1083491 0.0269264 0.0838992 0.0769328 0.2215880 0.1382883 0.1717130 0.1982011 0.1278327 0.1446724 0.1897531 0.1917114 0.1311006 0.0647395 0.1511822 0.2210211 0.3653129 0.0653174 0.0953624 0.1304641 0.2291464 
Perityle_gamon_221                         0.1235223 0.1711507 0.1763381 0.3072073 0.1495219 0.1752399 0.4673783 0.1450966 0.1343301 0.1991623 0.1642964 0.1718168 0.0645450 0.0789232 0.1026612 0.1668073 0.1104184 0.1421451 0.1211141 0.0754379 0.3184986 0.0974365 0.0793915 0.0860091 0.0970607 0.0967231 0.1350107 0.1553337 0.0907159 0.1776934 0.1644371 0.1431662 0.0780163 0.1289631 0.0468985 0.1367812 0.0000000 0.0842550 0.1375176 0.1285849 0.0544535 0.1015445 0.0587644 0.0243058 0.3518555 0.0544546 0.0370920 0.0738082 0.0892139 0.0864170 0.0987886 0.0868951 0.1603583 0.0838432 0.0737525 0.0804142 0.0309471 0.0627525 0.0268183 0.0640283 0.1543095 0.1213755 0.0878186 0.1780165 0.1558091 0.1815884 0.1461842 0.0853150 0.0807194 0.0794178 0.0667736 0.1764885 0.1501038 0.3865600 0.1519541 0.0536752 0.0769799 0.1481535 
Perityle_gentryi_8_san_francisco           0.1095722 0.1292393 0.1650886 0.3390073 0.1354251 0.1761829 0.4176000 0.1336106 0.1650770 0.1698471 0.1416964 0.1750222 0.0200436 0.0076694 0.0459059 0.1389330 0.1212297 0.1224798 0.1182892 0.0290287 0.2755393 0.0523026 0.0343856 0.0496387 0.1444602 0.0598472 0.1256989 0.1524214 0.1028218 0.2096390 0.1514003 0.1323292 0.0274440 0.0547913 0.1834765 0.1197636 0.0842550 0.0000000 0.1625579 0.1435119 0.1744130 0.0545131 0.1387165 0.0839463 0.3097256 0.0453990 0.0956712 0.0961342 0.1207796 0.0472197 0.1251880 0.0474378 0.1156379 0.0406443 0.0250331 0.0292081 0.0412567 0.0732393 0.0218584 0.0266900 0.1342719 0.1257446 0.1292309 0.1599601 0.1714172 0.2145182 0.1514044 0.0359688 0.0441484 0.0316459 0.0291598 0.1676077 0.1957528 0.3728405 0.1379150 0.0684006 0.0328958 0.0971708 
Perityle_gilensis_22_Superstition          0.1150629 0.1419989 0.1560578 0.3130975 0.1422709 0.2176079 0.3849246 0.1452697 0.1822854 0.2544971 0.2049536 0.0425654 0.1310068 0.1971105 0.1634804 0.1060096 0.1250815 0.1146948 0.1457745 0.1613179 0.3003334 0.2629994 0.1515919 0.1702834 0.2643374 0.3059373 0.2316993 0.1324412 0.1175552 0.1579532 0.1499870 0.1330035 0.2292929 0.1292807 0.1739505 0.1748446 0.1375176 0.1625579 0.0000000 0.0090290 0.1684331 0.1222675 0.1528444 0.2287406 0.3805228 0.1252345 0.1378028 0.0045178 0.2075518 0.1868224 0.1759477 0.1581613 0.2147652 0.1708761 0.1426096 0.1541093 0.0959808 0.1166743 0.0491217 0.1213133 0.1862260 0.2455870 0.1611382 0.1506711 0.2043043 0.2393698 0.1506031 0.2590862 0.2165176 0.1514402 0.1025369 0.1518142 0.2898869 0.3658185 0.1685806 0.1169125 0.1610081 0.2287881 
Perityle_gilensis_salensis_225             0.1055448 0.1246537 0.1479004 0.3318336 0.1347489 0.2144151 0.4083269 0.1564827 0.1725497 0.2360108 0.1935372 0.0677121 0.1172896 0.1786410 0.1401597 0.1353993 0.1089111 0.1070793 0.1345139 0.1310596 0.2840258 0.1852210 0.1380883 0.1597348 0.2623281 0.2321574 0.2068285 0.1267709 0.0970186 0.2143803 0.1497965 0.1367349 0.1795288 0.1201527 0.2267858 0.1660287 0.1285849 0.1435119 0.0090290 0.0000000 0.2278186 0.1227499 0.1695212 0.1820189 0.3543294 0.1065396 0.1400048 0.0046679 0.1925945 0.1473426 0.2183732 0.1404818 0.1932027 0.1436366 0.1192221 0.1289333 0.0653542 0.0909408 0.0166824 0.0809170 0.1624595 0.2033824 0.2082082 0.1364433 0.1928390 0.2285364 0.1413179 0.1799588 0.1932752 0.1309777 0.0725836 0.1473892 0.3087765 0.3551515 0.1612033 0.0950290 0.1292417 0.1951506 
Perityle_glaucescens_94                    0.1193273 0.1363162 0.1829575 0.3558222 0.1311777 0.1827867 0.4476699 0.1757232 0.1493490 0.1844927 0.1565090 0.1744845 0.0627529 0.1796825 0.0920433 0.1681521 0.1150917 0.1303423 0.1234080 0.1787554 0.3126817 0.1746003 0.1603329 0.1753901 0.1845199 0.2031162 0.1702619 0.1446037 0.0958867 0.2484388 0.1710170 0.1511146 0.1614133 0.2286382 0.0197132 0.1532958 0.0544535 0.1744130 0.1684331 0.2278186 0.0000000 0.1493021 0.0314397 0.0628414 0.3679266 0.0563777 0.0030463 0.0738592 0.1919532 0.1782160 0.1554969 0.0829944 0.2129926 0.0959238 0.0697947 0.1690022 0.0339374 0.0750060 0.0214223 0.0533277 0.1992080 0.1495964 0.1719491 0.1745927 0.2132605 0.2285456 0.1276153 0.1711503 0.0911756 0.1416522 0.0654138 0.1613740 0.1976688 0.3741689 0.1947154 0.0489730 0.1814072 0.2558887 
Perityle_gracilis_11                       0.0978618 0.0856844 0.1586032 0.2657890 0.1083277 0.1320824 0.4021123 0.1222686 0.1075942 0.0892699 0.0408345 0.1444991 0.0357243 0.0535488 0.0340562 0.1250433 0.0612585 0.0515347 0.0634308 0.0531564 0.2658536 0.0742270 0.0365685 0.0829128 0.1117384 0.0823702 0.1447277 0.1263304 0.0608069 0.1430441 0.1176799 0.1167034 0.0537914 0.1059417 0.1437140 0.0424870 0.1015445 0.0545131 0.1222675 0.1227499 0.1493021 0.0000000 0.1466375 0.0850232 0.3096742 0.0304441 0.0980849 0.0636052 0.0494475 0.0626546 0.1134675 0.0734236 0.1281608 0.0430074 0.0264997 0.0382405 0.0166441 0.0491779 0.0111643 0.0140107 0.0840651 0.1420021 0.1056288 0.1386372 0.1544654 0.1118463 0.1305626 0.0627960 0.0462345 0.0508659 0.0111586 0.1347585 0.1572169 0.3433364 0.0831680 0.0527156 0.0514126 0.1132623 
Perityle_harkerae_31                       0.1336932 0.1458405 0.2046091 0.3223492 0.1335214 0.1705327 0.4513335 0.1702573 0.1333806 0.1782950 0.1608284 0.1832272 0.0829407 0.1338083 0.0933595 0.1605467 0.1276249 0.1466979 0.1121415 0.1343157 0.3159254 0.1511935 0.1206664 0.1453089 0.1408917 0.1512684 0.1628663 0.1653087 0.1002712 0.1670761 0.1737064 0.1651577 0.1317360 0.1851928 0.0080646 0.1436397 0.0587644 0.1387165 0.1528444 0.1695212 0.0314397 0.1466375 0.0000000 0.0552772 0.3646897 0.0678622 0.0223643 0.0779050 0.1362857 0.1447380 0.1425968 0.1025802 0.2036675 0.1074882 0.0805057 0.1238985 0.0395196 0.0787066 0.0213269 0.0660206 0.1784082 0.1482552 0.1335522 0.1787524 0.1820106 0.1700132 0.1527456 0.1358611 0.1016036 0.1287180 0.0722411 0.1679002 0.1114545 0.3946700 0.1716923 0.0692369 0.1302326 0.1786518 
Perityle_hofmeisteria_4_nombre_de_dios     0.1237459 0.1707539 0.1792759 0.3153772 0.1370612 0.1857465 0.4252945 0.1467049 0.1571023 0.2024497 0.1626498 0.1584669 0.0556499 0.0782706 0.1206836 0.1568710 0.1062853 0.1262361 0.1378803 0.0661679 0.2885983 0.0968325 0.0707656 0.0808962 0.0992449 0.1578339 0.1355523 0.1453757 0.0867057 0.1891449 0.1651498 0.1399216 0.0767331 0.1340129 0.0653827 0.1863529 0.0243058 0.0839463 0.2287406 0.1820189 0.0628414 0.0850232 0.0552772 0.0000000 0.3280604 0.0410820 0.0320903 0.0701403 0.1053135 0.0792778 0.0929583 0.0790870 0.1756089 0.0804890 0.0658543 0.0718316 0.0254984 0.0543526 0.0111282 0.0518664 0.1597337 0.1217466 0.0790180 0.1833624 0.1972788 0.2331587 0.1372245 0.0827381 0.0772911 0.0762021 0.0561330 0.1756708 0.2234579 0.3742840 0.1552414 0.0462799 0.0698186 0.2134258 
Perityle_huecosensis_48                    0.3161645 0.3470005 0.3619025 0.3605890 0.3642927 0.3590991 0.3972639 0.3098504 0.3658844 0.3067563 0.3719394 0.3959104 0.2717744 0.3184848 0.3267657 0.2081422 0.3470929 0.3335466 0.3243298 0.3107026 0.1010531 0.3290399 0.3156847 0.3158936 0.3318717 0.3271878 0.3573795 0.3445649 0.3444989 0.3393567 0.3698927 0.3124861 0.3099181 0.2814268 0.3638958 0.3556349 0.3518555 0.3097256 0.3805228 0.3543294 0.3679266 0.3096742 0.3646897 0.3280604 0.0000000 0.3098090 0.3577292 0.3298028 0.3403532 0.3266773 0.3320258 0.3231670 0.3494073 0.3389672 0.2848629 0.3285120 0.3182656 0.3394248 0.1834075 0.2620314 0.3211678 0.3591057 0.2937689 0.3704927 0.3284142 0.2968501 0.3704727 0.2948990 0.3223387 0.3157376 0.2209382 0.3830068 0.4061155 0.4532286 0.3409775 0.3381792 0.3088882 0.3047464 
Perityle_incana_3_ucla                     0.0654047 0.1148791 0.1117234 0.2177319 0.0864631 0.1229430 0.3497513 0.0909517 0.0838792 0.1104266 0.0997263 0.1246277 0.0361056 0.0398806 0.0197748 0.0673557 0.1069827 0.0835458 0.0552803 0.0301090 0.2785575 0.0574498 0.0305898 0.0423664 0.0464905 0.0573887 0.0660707 0.1196297 0.0958588 0.0745926 0.1278425 0.0964961 0.0327933 0.0133590 0.0546249 0.0899221 0.0544546 0.0453990 0.1252345 0.1065396 0.0563777 0.0304441 0.0678622 0.0410820 0.3098090 0.0000000 0.0567821 0.0806673 0.0464307 0.0439106 0.0506596 0.0425740 0.0616299 0.0593084 0.0377770 0.0415331 0.0309703 0.0617650 0.0163612 0.0500280 0.0876505 0.0620675 0.0246489 0.1028182 0.0581548 0.0924428 0.1222273 0.0356270 0.0464735 0.0284453 0.0326039 0.0981387 0.0548128 0.3342199 0.0808932 0.0444447 0.0300050 0.0198244 
Perityle_jaliscana_203                     0.1012170 0.1345206 0.1665892 0.2995963 0.1131979 0.1625056 0.4307020 0.1195213 0.1031561 0.1290903 0.1271013 0.1624462 0.0660737 0.0893461 0.0526716 0.1048112 0.1169058 0.1100541 0.0835177 0.0946385 0.3134801 0.1131423 0.0909105 0.1050379 0.1153344 0.1142354 0.1279933 0.1361074 0.0943705 0.1178448 0.1471190 0.1236778 0.0911636 0.1038317 0.0000010 0.1090414 0.0370920 0.0956712 0.1378028 0.1400048 0.0030463 0.0980849 0.0223643 0.0320903 0.3577292 0.0567821 0.0000000 0.0752144 0.1028575 0.1026901 0.1171769 0.0845342 0.1564037 0.0936457 0.0635062 0.0936131 0.0343965 0.0734373 0.0217846 0.0503807 0.1260826 0.1197513 0.1082099 0.1529782 0.1404940 0.1235537 0.1285419 0.0982669 0.0796547 0.0914910 0.0667408 0.1434297 0.0981151 0.3497054 0.1215594 0.0540119 0.0945242 0.1014209 
Perityle_lemmonii_12                       0.0661719 0.1036904 0.1021494 0.1490218 0.0764484 0.1238584 0.3253327 0.0841867 0.0887123 0.0905514 0.0826933 0.0113564 0.0939188 0.0884827 0.0459541 0.0664808 0.1008914 0.0661541 0.0521121 0.0847543 0.2819384 0.1100418 0.0933457 0.1001445 0.0998655 0.1294862 0.1095809 0.1067889 0.1072927 0.0609968 0.1046933 0.0940643 0.0913789 0.0435691 0.0685460 0.0769353 0.0738082 0.0961342 0.0045178 0.0046679 0.0738592 0.0636052 0.0779050 0.0701403 0.3298028 0.0806673 0.0752144 0.0000000 0.1182240 0.1002579 0.1026239 0.1198409 0.1111392 0.1235094 0.0993983 0.0880488 0.0708076 0.0746376 0.0451736 0.0925493 0.0724422 0.0985142 0.0789207 0.0987633 0.1017998 0.0795659 0.1145344 0.0891769 0.1010137 0.0906310 0.0964942 0.0936665 0.1003014 0.2020466 0.0680914 0.0545253 0.0876662 0.0486497 
