80
Amauria_brandeegeana_62                    0.0000000 0.3318819 0.0490888 0.2006733 0.2666792 0.1456367 0.2130939 0.1971878 0.1782883 0.1923381 0.1537931 0.2329489 0.1698606 0.1519053 0.3029681 0.1716091 0.2336406 0.1898771 0.3472124 0.1846200 0.2038078 0.2071464 0.2087989 0.2208981 0.0711679 0.2270139 0.1645139 0.2664233 0.1780848 0.1164793 0.2165526 0.1588746 0.2148788 0.1834936 0.1432753 0.2133297 0.1440531 0.5285009 0.2003690 0.1938065 0.2171492 0.1428599 0.1860792 0.2435633 0.1955934 0.2079137 0.2090406 0.1963954 0.1275442 0.1861102 0.1819405 0.1558094 0.0619121 0.1112101 0.1717870 0.1912710 0.3588756 0.1462394 0.1932644 0.0498300 0.2020746 0.0823572 0.1262516 0.1014533 0.1735017 0.1246208 0.2162174 0.1830454 0.3502088 0.1790837 0.1356500 0.1945975 0.0939334 0.0896413 0.2101857 0.2268834 0.2062429 0.1084917 0.1965044 0.2790586 
Amauria_carterae_99_mesa                   0.3318819 0.0000000 0.3362626 0.3317722 0.2054890 0.0829899 0.2771482 0.3216127 0.3306994 0.3298203 0.3148407 0.3325659 0.3258079 0.3694509 0.1472865 0.3159895 0.3246240 0.3137321 0.2571721 0.3203947 0.3289936 0.3341679 0.3018256 0.3198363 0.8038340 0.1419511 0.1103043 0.3038679 0.3023391 0.0979858 0.3166655 0.2729641 0.1411666 0.3231841 0.3842492 0.3383629 0.3324670 0.0607196 0.1462316 0.3256060 0.1412788 0.3537109 0.3144052 0.1745081 0.3223690 0.3314955 0.1479612 0.3345104 0.3189174 0.3226537 0.2995399 0.3215310 0.8963307 0.3185906 0.0953125 0.3291645 0.3325201 0.1001668 0.1228061 0.2898896 0.3213676 0.9261988 0.3327765 0.3607778 0.1148526 0.0699043 0.3050268 0.3166603 0.0814340 0.3205628 0.3378247 0.3322748 0.3160096 0.3534931 0.1555134 0.3185635 0.3226049 0.6181337 0.3276114 0.3595012 
Amauria_rotundifolia_SRR9119150            0.0490888 0.3362626 0.0000000 0.2523323 0.2584956 0.1504258 0.2587984 0.2401041 0.2044153 0.2186054 0.1620615 0.2883601 0.2135034 0.1615423 0.3209072 0.1867243 0.2577026 0.2317686 0.3529174 0.2261632 0.2417942 0.2447922 0.2082623 0.2177114 0.0879915 0.2276146 0.1702378 0.2848577 0.1917264 0.1228976 0.2415140 0.1650409 0.2162379 0.1871953 0.1542190 0.2524300 0.1916714 0.5134803 0.2147927 0.2086807 0.2163065 0.1514717 0.2282792 0.2596166 0.2305680 0.2473819 0.2069738 0.2186079 0.1860000 0.2096688 0.1907351 0.1993036 0.0693874 0.1121181 0.1827150 0.2428923 0.3841640 0.1563983 0.1886361 0.0599243 0.2431180 0.1221547 0.1393516 0.1199076 0.1780419 0.1274063 0.2125960 0.2230463 0.3620938 0.2197179 0.1720681 0.2426899 0.1033911 0.1066905 0.2227021 0.2666440 0.2471002 0.1230901 0.2033946 0.2771336 
Eutetras_palmeri_63                        0.2006733 0.3317722 0.2523323 0.0000000 0.2631564 0.2735004 0.1664962 0.1406645 0.1049065 0.0936403 0.0526054 0.1552530 0.1049704 0.2506801 0.2268611 0.0620589 0.1247069 0.1157304 0.4275685 0.1142649 0.1132393 0.1182643 0.0903857 0.1572984 0.3270946 0.1993895 0.1268765 0.1654506 0.1141069 0.2654395 0.0960701 0.0764441 0.3517156 0.0631077 0.2354775 0.1032360 0.1084203 0.4651989 0.3566580 0.0814846 0.3500152 0.2670046 0.0906008 0.3184444 0.1054604 0.1211066 0.3590376 0.0943751 0.2568713 0.0869148 0.0611755 0.0841504 0.2225019 0.1416005 0.3113153 0.1305389 0.3688991 0.2064355 0.3343515 0.1023289 0.1256197 0.3477070 0.1578229 0.2470132 0.3563638 0.2023642 0.0764359 0.0981766 0.3185119 0.1327175 0.1816974 0.1038808 0.0495399 0.2185863 0.4083762 0.1369120 0.1070382 0.3002352 0.0916419 0.4470732 
Galeana_pratensis_104_mex                  0.2666792 0.2054890 0.2584956 0.2631564 0.0000000 0.1984744 0.2420904 0.2539518 0.2507085 0.2439861 0.2500231 0.2535696 0.2317461 0.2913437 0.2179526 0.2588351 0.2617927 0.2568938 0.2998626 0.2372523 0.2673565 0.2563668 0.3323236 0.3706728 0.2240341 0.2453828 0.1893643 0.3737327 0.3623835 0.2167475 0.2487419 0.3281458 0.2351624 0.2431489 0.2667043 0.2580721 0.2455239 0.3480278 0.2213604 0.2504087 0.2296312 0.2577417 0.2409749 0.2244260 0.2478092 0.2561861 0.2290835 0.2524589 0.2618069 0.2380171 0.3636138 0.2303272 0.2061147 0.3306583 0.1780598 0.2590012 0.3806667 0.1293610 0.1977206 0.1814921 0.2440494 0.2299040 0.2639710 0.2805692 0.2093752 0.1240201 0.3529685 0.2336773 0.2394020 0.2485155 0.2632433 0.2480951 0.2098509 0.2654099 0.2325276 0.2559864 0.2417031 0.2233325 0.2558247 0.2863940 
Lycapsus_tenuifolius_17                    0.1456367 0.0829899 0.1504258 0.2735004 0.1984744 0.0000000 0.2566671 0.2489732 0.2581562 0.2557343 0.2216614 0.3031131 0.2472765 0.1663272 0.1791163 0.2608387 0.2740410 0.2453754 0.3267688 0.2543785 0.2680925 0.2556516 0.3037722 0.3240667 0.0767691 0.1660325 0.1019381 0.3578013 0.3211655 0.0905774 0.2645963 0.2755642 0.1563118 0.2566700 0.1814328 0.2734343 0.2436988 0.2627734 0.1240808 0.2502715 0.1646453 0.2052147 0.2520523 0.1003452 0.2523429 0.2599787 0.1494088 0.2607106 0.1538027 0.2532027 0.3086645 0.2420044 0.0660656 0.2827326 0.1341497 0.2497497 0.3199363 0.1001250 0.0997263 0.1022427 0.2516410 0.0886304 0.1636895 0.1729620 0.0595611 0.0453758 0.3148433 0.2486939 0.0061859 0.2411074 0.1764630 0.2515031 0.1614132 0.1401112 0.1608748 0.2561417 0.2585504 0.1073064 0.2488756 0.2365230 
Pericome_caudata_50_silver                 0.2130939 0.2771482 0.2587984 0.1664962 0.2420904 0.2566671 0.0000000 0.1891230 0.1517662 0.1501084 0.0874931 0.2417104 0.1380529 0.2923611 0.2306200 0.1089371 0.1628279 0.1720540 0.4301418 0.1680210 0.1455920 0.1853370 0.1829842 0.2041276 0.3361855 0.1755296 0.1026728 0.2370765 0.1426589 0.2564452 0.1499722 0.1666031 0.3590020 0.1168144 0.2788820 0.1764665 0.1479722 0.4529954 0.3646926 0.1488431 0.3290646 0.3555061 0.1626343 0.3443135 0.1667402 0.1893771 0.3367407 0.1462475 0.3042607 0.1326650 0.1596975 0.1646699 0.2138090 0.0786126 0.2842257 0.2122397 0.3495409 0.1451368 0.2942864 0.1109065 0.2008306 0.3798842 0.2305902 0.2577384 0.3549697 0.1661973 0.1548887 0.1756194 0.3117916 0.1941832 0.2458330 0.1597444 0.0462909 0.2261727 0.3630757 0.2000447 0.1698007 0.2815231 0.1393710 0.4482153 
Perityle_aglossa_84_dead_horse             0.1971878 0.3216127 0.2401041 0.1406645 0.2539518 0.2489732 0.1891230 0.0000000 0.0822261 0.0249737 0.0192918 0.1705681 0.0804812 0.2449174 0.2109796 0.0352414 0.1335895 0.0362500 0.4340698 0.0292673 0.0709281 0.0396008 0.0353312 0.0863932 0.2893799 0.1806882 0.1045752 0.1641159 0.0723937 0.2404677 0.0203016 0.0557455 0.3580559 0.0346132 0.2131414 0.1014102 0.0604411 0.4564410 0.3703322 0.0418971 0.3409679 0.2610796 0.0919885 0.3066519 0.0300354 0.0543625 0.3472513 0.0471914 0.2191638 0.0323187 0.0262841 0.0484875 0.1736048 0.0867634 0.2683424 0.0759366 0.3348021 0.1691458 0.3175637 0.0642974 0.0240807 0.3239747 0.1232743 0.2309960 0.3716478 0.1597834 0.0642848 0.0381663 0.3354356 0.0847106 0.1343986 0.0546879 0.0132847 0.2016878 0.3801647 0.0471520 0.0140871 0.2688266 0.0363235 0.4746618 
Perityle_ajoensis_204                      0.1782883 0.3306994 0.2044153 0.1049065 0.2507085 0.2581562 0.1517662 0.0822261 0.0000000 0.0403487 0.0245556 0.1371511 0.0727535 0.2570009 0.2111098 0.0389128 0.1245904 0.0447850 0.4221671 0.0928042 0.0749710 0.0503464 0.1016155 0.2531314 0.2353186 0.1828802 0.1053828 0.2454223 0.1159374 0.2413193 0.0412311 0.1427001 0.3133010 0.0378948 0.1896851 0.0626078 0.0423120 0.4458871 0.2912893 0.0518776 0.3160017 0.2417070 0.0430549 0.2888905 0.0446152 0.0515800 0.3211355 0.0463077 0.2020077 0.0305716 0.0272183 0.0359075 0.1824062 0.1752803 0.2637859 0.0707229 0.3480784 0.1865261 0.3046720 0.0765925 0.0685471 0.2742408 0.1277309 0.1938542 0.3119016 0.1852565 0.0302173 0.0470424 0.3512509 0.0813749 0.1399389 0.0516471 0.0213804 0.1778127 0.3626628 0.0796462 0.0293531 0.2563248 0.0592063 0.4056117 
Perityle_ambrosiifolia_67_green            0.1923381 0.3298203 0.2186054 0.0936403 0.2439861 0.2557343 0.1501084 0.0249737 0.0403487 0.0000000 0.0240354 0.1126490 0.0726020 0.2303633 0.2106744 0.0364272 0.1181007 0.0272952 0.4231408 0.0107726 0.0672650 0.0290344 0.0488289 0.0474325 0.2536003 0.1760715 0.0963774 0.1378408 0.0779611 0.2394700 0.0205682 0.0248311 0.3148902 0.0338189 0.2025244 0.0560581 0.0302138 0.4639879 0.3115865 0.0364023 0.3316469 0.1881898 0.0384168 0.3164448 0.0212226 0.0357490 0.3157403 0.0433413 0.1696665 0.0355928 0.0357201 0.0394946 0.1752498 0.0438604 0.2695836 0.0506740 0.3423761 0.1689981 0.3093705 0.0634087 0.0213512 0.2821378 0.1308596 0.2145432 0.3203525 0.1650482 0.0732593 0.0150559 0.3531586 0.0237398 0.1142005 0.0440229 0.0264806 0.1862075 0.3209721 0.0365447 0.0235876 0.2630288 0.0281733 0.4212640 
Perityle_angustifolia_13_Eagle_creek       0.1537931 0.3148407 0.1620615 0.0526054 0.2500231 0.2216614 0.0874931 0.0192918 0.0245556 0.0240354 0.0000000 0.0302392 0.0145030 0.1565072 0.2011529 0.0063760 0.0801329 0.0217422 0.4039336 0.0140854 0.0318010 0.0253714 0.0141307 0.0185659 0.1723417 0.1841533 0.0980417 0.0795746 0.0518335 0.2221503 0.0173787 0.0047935 0.2495639 0.0079534 0.1403239 0.0325554 0.0051438 0.4262920 0.2456451 0.0152834 0.2552160 0.1295544 0.0064719 0.2642056 0.0192092 0.0304283 0.2510727 0.0127169 0.0825028 0.0202052 0.0149170 0.0058628 0.1770147 0.0312224 0.2228426 0.0216207 0.2975688 0.1757362 0.2501052 0.0661680 0.0208114 0.1854747 0.0766043 0.1457912 0.2435716 0.1791548 0.0196743 0.0048353 0.3377611 0.0213551 0.0579277 0.0118261 0.0214173 0.1319489 0.2485019 0.0189699 0.0231350 0.2173983 0.0263358 0.3516657 
Perityle_batopilensis_97                   0.2329489 0.3325659 0.2883601 0.1552530 0.2535696 0.3031131 0.2417104 0.1705681 0.1371511 0.1126490 0.0302392 0.0000000 0.1662207 0.2755386 0.2682376 0.0888518 0.1720856 0.1430244 0.4529556 0.1485414 0.1375713 0.1520252 0.0498928 0.0583782 0.4099071 0.2140073 0.1272505 0.1690532 0.0932788 0.2872316 0.1087392 0.0425841 0.4092554 0.0794659 0.2766272 0.0954554 0.1741333 0.4802319 0.4236971 0.1003331 0.3868004 0.2750887 0.1433567 0.3580790 0.1313663 0.1459315 0.3872466 0.1269086 0.2725117 0.1153505 0.0342608 0.1253161 0.2443181 0.0524507 0.3021714 0.1580773 0.3811265 0.1944512 0.3611344 0.1064970 0.1465864 0.4060806 0.1638643 0.2722763 0.4142116 0.2040316 0.0713743 0.1275202 0.3364124 0.1614012 0.1779151 0.1307590 0.0430057 0.2460420 0.4228971 0.1706748 0.1442142 0.3381459 0.0809301 0.5123450 
Perityle_bisetosa_9                        0.1698606 0.3258079 0.2135034 0.1049704 0.2317461 0.2472765 0.1380529 0.0804812 0.0727535 0.0726020 0.0145030 0.1662207 0.0000000 0.2160332 0.1955692 0.0248783 0.0621376 0.0829920 0.4029555 0.0617235 0.0835024 0.0788181 0.0972737 0.1022333 0.2904927 0.1685460 0.0943788 0.1735667 0.0784255 0.2351088 0.0701377 0.0934272 0.3151993 0.0286024 0.2372549 0.0828372 0.0279216 0.4756326 0.3160733 0.0696241 0.3117710 0.2356796 0.0289676 0.2847703 0.0703133 0.0930016 0.3116497 0.0472396 0.2152425 0.0572538 0.0651948 0.0573103 0.1836117 0.0356111 0.2684058 0.1114298 0.3332994 0.1900337 0.2788621 0.0717025 0.0738546 0.3205547 0.1560865 0.2163565 0.3118130 0.1879718 0.0502972 0.0533987 0.3277927 0.0922399 0.1652763 0.0754542 0.0212409 0.1889588 0.3240028 0.0873989 0.0642174 0.2414960 0.0643923 0.3964409 
Perityle_californica_76_positas            0.1519053 0.3694509 0.1615423 0.2506801 0.2913437 0.1663272 0.2923611 0.2449174 0.2570009 0.2303633 0.1565072 0.2755386 0.2160332 0.0000000 0.3362503 0.2151106 0.2665080 0.2157351 0.3729947 0.2557433 0.2310483 0.2274381 0.1725415 0.2521846 0.1280352 0.2445110 0.1932361 0.2609673 0.1875612 0.1839528 0.2396870 0.1806848 0.2399629 0.2080584 0.1546085 0.2474415 0.1949742 0.4985521 0.2328418 0.2073630 0.2369239 0.1522182 0.2051012 0.2677637 0.2141112 0.2262509 0.2345836 0.2237236 0.2077604 0.2279230 0.1487609 0.1950378 0.1047972 0.1473944 0.2051672 0.2202309 0.3798295 0.1860636 0.2026886 0.0566303 0.2313740 0.1381481 0.1425970 0.1657287 0.2186440 0.1494520 0.1685819 0.2120751 0.3511727 0.2712761 0.1569334 0.2267868 0.1147683 0.1405107 0.2622778 0.2542897 0.2430510 0.1438926 0.2174805 0.2903038 
Perityle_canescens_77                      0.3029681 0.1472865 0.3209072 0.2268611 0.2179526 0.1791163 0.2306200 0.2109796 0.2111098 0.2106744 0.2011529 0.2682376 0.1955692 0.3362503 0.0000000 0.1957080 0.2164495 0.2114009 0.3738712 0.2010962 0.2200632 0.2196044 0.3513240 0.3783444 0.2917280 0.1222334 0.0702452 0.3795021 0.3383621 0.1786653 0.2074243 0.3173913 0.1963488 0.1995480 0.3420694 0.2246265 0.1899822 0.2917924 0.1862161 0.2111391 0.1973885 0.3265975 0.1985083 0.2113047 0.2114450 0.2204101 0.1876990 0.2072910 0.3173620 0.2083356 0.3595431 0.1786091 0.2385296 0.3008217 0.1794665 0.2248304 0.3413154 0.1270914 0.1986318 0.2091942 0.2069085 0.3252602 0.3040234 0.3278663 0.1725422 0.1138581 0.3680610 0.1958704 0.1153190 0.2012051 0.3176357 0.2096272 0.1582900 0.2815377 0.2051285 0.2054686 0.2100118 0.2813731 0.2067066 0.3585030 
Perityle_castillonii_96                    0.1716091 0.3159895 0.1867243 0.0620589 0.2588351 0.2608387 0.1089371 0.0352414 0.0389128 0.0364272 0.0063760 0.0888518 0.0248783 0.2151106 0.1957080 0.0000000 0.0788387 0.0371019 0.4278984 0.0264482 0.0483817 0.0430759 0.0286430 0.0303238 0.2424052 0.1818239 0.1053507 0.1027666 0.0614565 0.2459509 0.0338293 0.0138466 0.2860445 0.0127079 0.1817260 0.0497060 0.0277457 0.4304064 0.2833523 0.0332725 0.3049289 0.1758388 0.0169662 0.2974838 0.0290408 0.0439070 0.2880867 0.0203962 0.1466833 0.0358659 0.0236677 0.0124147 0.2044244 0.0441440 0.2606133 0.0426580 0.3332583 0.2003591 0.2821418 0.0826897 0.0354585 0.2704951 0.1327820 0.1828756 0.2723890 0.1975875 0.0327759 0.0161389 0.3286595 0.0421333 0.1249498 0.0304205 0.0266479 0.1667661 0.2907806 0.0429088 0.0389720 0.2646848 0.0350835 0.3988731 
Perityle_cernua_84                         0.2336406 0.3246240 0.2577026 0.1247069 0.2617927 0.2740410 0.1628279 0.1335895 0.1245904 0.1181007 0.0801329 0.1720856 0.0621376 0.2665080 0.2164495 0.0788387 0.0000000 0.1228658 0.4191751 0.1041218 0.1198488 0.1310159 0.2024532 0.2270586 0.2258412 0.2022774 0.0979563 0.2711714 0.2041707 0.2567089 0.1105282 0.2082744 0.3164852 0.0683412 0.2633078 0.1292926 0.0544734 0.5074781 0.3138751 0.1263523 0.3376053 0.2972666 0.0818678 0.3408783 0.1249715 0.1316763 0.3172948 0.0997329 0.2358331 0.0939935 0.1676711 0.1084303 0.1903566 0.0797589 0.2585503 0.1267134 0.3413561 0.1807197 0.3171198 0.0776846 0.1284650 0.2540390 0.2215672 0.2329233 0.3298607 0.1875985 0.1832114 0.1044633 0.3928136 0.1441381 0.2124832 0.1028639 0.0253488 0.1913367 0.3229395 0.1469360 0.1036945 0.2651690 0.1337131 0.4233342 
Perityle_cfvillosa_25_tin                  0.1898771 0.3137321 0.2317686 0.1157304 0.2568938 0.2453754 0.1720540 0.0362500 0.0447850 0.0272952 0.0217422 0.1430244 0.0829920 0.2157351 0.2114009 0.0371019 0.1228658 0.0000000 0.4289984 0.0286771 0.0665135 0.0308034 0.0508526 0.0532571 0.2667100 0.1769462 0.0985443 0.1509169 0.0848650 0.2353930 0.0248864 0.0348110 0.3384641 0.0362750 0.2139913 0.0803730 0.0475744 0.4562705 0.3314420 0.0238639 0.3268100 0.2357391 0.0655301 0.2979416 0.0234030 0.0359174 0.3250644 0.0505463 0.1801250 0.0254778 0.0329184 0.0666048 0.1571078 0.0441837 0.2502228 0.0631163 0.3346269 0.1732586 0.3073961 0.0591809 0.0313112 0.2882765 0.1314803 0.2236394 0.3512708 0.1748548 0.0618280 0.0352874 0.3484550 0.0534283 0.1048181 0.0541739 0.0064087 0.1974551 0.3426833 0.0441218 0.0338006 0.2460966 0.0113461 0.4328485 
Perityle_cinerea_113_Powell1310            0.3472124 0.2571721 0.3529174 0.4275685 0.2998626 0.3267688 0.4301418 0.4340698 0.4221671 0.4231408 0.4039336 0.4529556 0.4029555 0.3729947 0.3738712 0.4278984 0.4191751 0.4289984 0.0000000 0.4049364 0.4516347 0.4405545 0.5536011 0.6022938 0.2468562 0.3201674 0.2500091 0.5646592 0.5248737 0.2797694 0.4456140 0.4950793 0.3268502 0.4223538 0.3842319 0.4463780 0.3481519 0.6119110 0.3127101 0.4463646 0.3228518 0.4077914 0.4034451 0.3487439 0.4407720 0.4351557 0.3305415 0.4337705 0.3491899 0.4115713 0.5444692 0.3733706 0.2418023 0.3862340 0.1546144 0.4360867 0.4293392 0.0620345 0.3103563 0.1674177 0.4398226 0.2526293 0.3727079 0.3730600 0.2959745 0.0869973 0.5746313 0.4210018 0.3515474 0.4082501 0.3561304 0.4391279 0.2806967 0.3082444 0.3217683 0.4433426 0.4538941 0.2182195 0.4318766 0.2894443 
Perityle_coahuilensis_24                   0.1846200 0.3203947 0.2261632 0.1142649 0.2372523 0.2543785 0.1680210 0.0292673 0.0928042 0.0107726 0.0140854 0.1485414 0.0617235 0.2557433 0.2010962 0.0264482 0.1041218 0.0286771 0.4049364 0.0000000 0.0456652 0.0322467 0.0349851 0.1329248 0.2725567 0.1736692 0.0935191 0.1785325 0.0697465 0.2376617 0.0203877 0.0664663 0.3488154 0.0271259 0.2166406 0.0713520 0.0274188 0.4497281 0.3400401 0.0354129 0.3251235 0.2642616 0.0655555 0.2992044 0.0219855 0.0478188 0.3331863 0.0396684 0.2066012 0.0302036 0.0248750 0.0369401 0.1649126 0.0972340 0.2686130 0.0699953 0.3334681 0.1860041 0.3117950 0.0658322 0.0274353 0.3088964 0.1261090 0.2228460 0.3620865 0.1835755 0.0649525 0.0127626 0.3454303 0.0785409 0.1107041 0.0407230 0.0153642 0.1915632 0.3558779 0.0445003 0.0237329 0.2438696 0.0348675 0.4418367 
Perityle_cochisensis_44_cave_creek         0.2038078 0.3289936 0.2417942 0.1132393 0.2673565 0.2680925 0.1455920 0.0709281 0.0749710 0.0672650 0.0318010 0.1375713 0.0835024 0.2310483 0.2200632 0.0483817 0.1198488 0.0665135 0.4516347 0.0456652 0.0000000 0.0732314 0.0690104 0.0782258 0.2923965 0.1912561 0.1164151 0.1542069 0.0856051 0.2538226 0.0640597 0.0502963 0.3497448 0.0484304 0.2348963 0.0755408 0.0367683 0.4629056 0.3450946 0.0518956 0.3541481 0.2224507 0.0552127 0.3122802 0.0543883 0.0803944 0.3458747 0.0713051 0.1721109 0.0629669 0.0620289 0.0531870 0.1987626 0.0526004 0.2741373 0.0918464 0.3421704 0.1978395 0.3129054 0.0827743 0.0676317 0.3217300 0.1538480 0.2275422 0.3519213 0.1973552 0.0883191 0.0423575 0.3573306 0.0605004 0.1452545 0.0671370 0.0217831 0.2072296 0.3541201 0.0694591 0.0704745 0.2753650 0.0554286 0.4221303 
Perityle_congesta_202                      0.2071464 0.3341679 0.2447922 0.1182643 0.2563668 0.2556516 0.1853370 0.0396008 0.0503464 0.0290344 0.0253714 0.1520252 0.0788181 0.2274381 0.2196044 0.0430759 0.1310159 0.0308034 0.4405545 0.0322467 0.0732314 0.0000000 0.0535101 0.0578691 0.2787886 0.1843926 0.1088934 0.1520858 0.0873068 0.2442018 0.0329335 0.0440586 0.3500293 0.0411307 0.2274717 0.0843094 0.0461234 0.4730818 0.3488997 0.0337285 0.3378777 0.2452042 0.0621084 0.3129115 0.0190409 0.0394446 0.3400876 0.0467839 0.1940132 0.0253022 0.0366379 0.0419804 0.1753757 0.0414975 0.2680665 0.0570932 0.3467143 0.1893488 0.3219413 0.0747844 0.0349770 0.3165117 0.1328445 0.2324235 0.3642885 0.1899248 0.0649849 0.0345311 0.3580678 0.0326621 0.1147710 0.0552483 0.0105648 0.2056385 0.3587083 0.0544352 0.0376268 0.2589935 0.0105417 0.4547068 
Perityle_cordifolia_27                     0.2087989 0.3018256 0.2082623 0.0903857 0.3323236 0.3037722 0.1829842 0.0353312 0.1016155 0.0488289 0.0141307 0.0498928 0.0972737 0.1725415 0.3513240 0.0286430 0.2024532 0.0508526 0.5536011 0.0349851 0.0690104 0.0535101 0.0000000 0.0488291 0.3534850 0.3073930 0.2370084 0.0975024 0.0616635 0.2701379 0.0317628 0.0389976 0.3801163 0.0265440 0.1379053 0.0539331 0.0255908 0.3833943 0.3532088 0.0446895 0.3687836 0.1991374 0.0278490 0.4136211 0.0384189 0.0553706 0.3935957 0.0272518 0.0819720 0.0420673 0.0112851 0.0239725 0.4326465 0.0357460 0.3248109 0.0473411 0.2996292 0.2156899 0.4443378 0.0054647 0.0343934 0.4433939 0.0211087 0.1482357 0.4445421 0.2109157 0.0712053 0.0358830 0.3086110 0.0453269 0.0338030 0.0340615 0.0309200 0.0967252 0.3618486 0.0562896 0.0393997 0.4705574 0.0488731 0.6284439 
Perityle_cordifolia_68_tecolote            0.2208981 0.3198363 0.2177114 0.1572984 0.3706728 0.3240667 0.2041276 0.0863932 0.2531314 0.0474325 0.0185659 0.0583782 0.1022333 0.2521846 0.3783444 0.0303238 0.2270586 0.0532571 0.6022938 0.1329248 0.0782258 0.0578691 0.0488291 0.0000000 0.4144069 0.3366291 0.2591681 0.2314171 0.1211493 0.2990669 0.0337214 0.1389229 0.4085474 0.0328547 0.1526324 0.0627791 0.0321119 0.3982187 0.3825621 0.0499719 0.3911166 0.2839592 0.0326208 0.4433951 0.0441461 0.0565158 0.4376103 0.0363281 0.3081758 0.0595254 0.0284171 0.0278890 0.5773069 0.0210945 0.3368600 0.0511578 0.3279547 0.2124995 0.4540242 0.0188344 0.0480911 0.5914998 0.0524691 0.1603700 0.4768587 0.2361526 0.0629375 0.0420331 0.3440526 0.3068019 0.0360346 0.0372377 0.0292435 0.1128408 0.4616609 0.0701733 0.0462471 0.5319245 0.0702002 0.6825794 
Perityle_coronopifolia_28_patagonia        0.0711679 0.8038340 0.0879915 0.3270946 0.2240341 0.0767691 0.3361855 0.2893799 0.2353186 0.2536003 0.1723417 0.4099071 0.2904927 0.1280352 0.2917280 0.2424052 0.2258412 0.2667100 0.2468562 0.2725567 0.2923965 0.2787886 0.3534850 0.4144069 0.0000000 0.2093606 0.1800567 0.6651258 0.5464788 0.0743537 0.2891748 0.3672544 0.1072737 0.2173509 0.0660265 0.3084711 0.2881611 0.6863792 0.1116998 0.2105288 0.1120141 0.0718536 0.2865466 0.0995451 0.2669325 0.2905922 0.0910677 0.2547687 0.1886758 0.2411693 0.4191981 0.2739449 0.0343815 0.4403094 0.0920195 0.3206570 0.3969943 0.1503187 0.0769045 0.0605025 0.2861468 0.0569843 0.0847669 0.1084573 0.0832679 0.0839596 0.3260938 0.2704067 0.6633678 0.2656391 0.1312813 0.2814496 0.1285933 0.1084378 0.1148978 0.2949838 0.3131402 0.0835074 0.1975194 0.0766213 
Perityle_crassifolia_70_ventanas           0.2270139 0.1419511 0.2276146 0.1993895 0.2453828 0.1660325 0.1755296 0.1806882 0.1828802 0.1760715 0.1841533 0.2140073 0.1685460 0.2445110 0.1222334 0.1818239 0.2022774 0.1769462 0.3201674 0.1736692 0.1912561 0.1843926 0.3073930 0.3366291 0.2093606 0.0000000 0.0063936 0.3343564 0.3104804 0.0870638 0.1952175 0.2596503 0.1289580 0.1787841 0.2535251 0.1937710 0.1741692 0.3148778 0.1243953 0.1792407 0.1325934 0.2836115 0.1837575 0.1674406 0.1800498 0.1912714 0.1275327 0.1801591 0.2340350 0.1795043 0.3256649 0.1805105 0.1961616 0.3043522 0.2182994 0.1805648 0.3115392 0.1243742 0.1667894 0.2005770 0.1838281 0.2225908 0.2417776 0.2496764 0.1551074 0.1213179 0.3252959 0.1741669 0.0278440 0.1736840 0.2387643 0.1848781 0.1545345 0.2235630 0.1403660 0.1833991 0.1913729 0.2200719 0.1905491 0.2714706 
Perityle_crassifolia_74_playa_balandra     0.1645139 0.1103043 0.1702378 0.1268765 0.1893643 0.1019381 0.1026728 0.1045752 0.1053828 0.0963774 0.0980417 0.1272505 0.0943788 0.1932361 0.0702452 0.1053507 0.0979563 0.0985443 0.2500091 0.0935191 0.1164151 0.1088934 0.2370084 0.2591681 0.1800567 0.0063936 0.0000000 0.2678009 0.2248402 0.1066189 0.1086695 0.2214350 0.1472100 0.0977289 0.1990725 0.1179566 0.1010708 0.2769993 0.1432364 0.0971788 0.1540688 0.1892116 0.0999850 0.1151473 0.0989863 0.1141310 0.1426829 0.1011632 0.1797319 0.0953260 0.2586761 0.0962882 0.1703554 0.2483093 0.1324787 0.1011979 0.2697429 0.1151786 0.1443098 0.1500142 0.1066915 0.1862178 0.1736300 0.1803701 0.1268630 0.1015395 0.2261436 0.0883465 0.0000010 0.0975125 0.1742061 0.1053387 0.0943206 0.1845677 0.1582029 0.1022799 0.1056989 0.1992913 0.1088895 0.1836503 
Perityle_cuneata_34_cuneata_San_antonio    0.2664233 0.3038679 0.2848577 0.1654506 0.3737327 0.3578013 0.2370765 0.1641159 0.2454223 0.1378408 0.0795746 0.1690532 0.1735667 0.2609673 0.3795021 0.1027666 0.2711714 0.1509169 0.5646592 0.1785325 0.1542069 0.1520858 0.0975024 0.2314171 0.6651258 0.3343564 0.2678009 0.0000000 0.0887378 0.3239052 0.1248808 0.1357946 0.4156655 0.1161884 0.1971059 0.1529410 0.1187194 0.4232742 0.4186790 0.1509662 0.4019174 0.2060785 0.1253941 0.4779960 0.1421385 0.1545990 0.4161835 0.1335408 0.2824827 0.1345518 0.0733746 0.1202636 0.7929700 0.1117688 0.3644762 0.1479538 0.3794816 0.2339454 0.4734800 0.0908113 0.1398145 0.8013237 0.1350986 0.2528503 0.4768986 0.2162125 0.1213287 0.1307674 0.3154484 0.2684157 0.1469336 0.1277259 0.0966553 0.2107456 0.4217505 0.1803413 0.1403663 0.7659140 0.1595152 0.6541230 
Perityle_cuneata_4                         0.1780848 0.3023391 0.1917264 0.1141069 0.3623835 0.3211655 0.1426589 0.0723937 0.1159374 0.0779611 0.0518335 0.0932788 0.0784255 0.1875612 0.3383621 0.0614565 0.2041707 0.0848650 0.5248737 0.0697465 0.0856051 0.0873068 0.0616635 0.1211493 0.5464788 0.3104804 0.2248402 0.0887378 0.0000000 0.2925118 0.0671785 0.0806183 0.3346391 0.0594425 0.1319097 0.0949283 0.0505720 0.3896341 0.3299276 0.0826728 0.3223041 0.1145122 0.0603847 0.4037107 0.0762319 0.0848348 0.3329975 0.0680481 0.1431879 0.0741854 0.0615706 0.0576012 0.0000010 0.1229885 0.3300545 0.0855327 0.3441174 0.2292273 0.3857347 0.0313438 0.0733649 0.6667658 0.0768588 0.1528847 0.3776866 0.2170832 0.0873986 0.0653504 0.3259788 0.1224325 0.0799889 0.0654918 0.0505221 0.1164910 0.3449481 0.0956562 0.0761716 0.5027689 0.0851780 0.5488190 
Perityle_discoidea_81                      0.1164793 0.0979858 0.1228976 0.2654395 0.2167475 0.0905774 0.2564452 0.2404677 0.2413193 0.2394700 0.2221503 0.2872316 0.2351088 0.1839528 0.1786653 0.2459509 0.2567089 0.2353930 0.2797694 0.2376617 0.2538226 0.2442018 0.2701379 0.2990669 0.0743537 0.0870638 0.1066189 0.3239052 0.2925118 0.0000000 0.2594814 0.2424923 0.1006142 0.2432346 0.1896412 0.2569526 0.2328214 0.2900570 0.0812506 0.2350801 0.1082249 0.2412062 0.2423677 0.1196347 0.2361445 0.2466028 0.0951803 0.2411723 0.1543089 0.2394161 0.2835274 0.2388135 0.0654605 0.2566521 0.1551889 0.2363979 0.3393398 0.1030769 0.0992704 0.1100939 0.2413957 0.0910135 0.1559575 0.1657082 0.0723165 0.0532465 0.2876575 0.2316979 0.0061682 0.2269297 0.1695609 0.2390831 0.1788111 0.1307946 0.1076358 0.2548476 0.2567827 0.1066104 0.2369989 0.2634293 
Perityle_dissecta_201                      0.2165526 0.3166655 0.2415140 0.0960701 0.2487419 0.2645963 0.1499722 0.0203016 0.0412311 0.0205682 0.0173787 0.1087392 0.0701377 0.2396870 0.2074243 0.0338293 0.1105282 0.0248864 0.4456140 0.0203877 0.0640597 0.0329335 0.0317628 0.0337214 0.2891748 0.1952175 0.1086695 0.1248808 0.0671785 0.2594814 0.0000000 0.0168440 0.3291758 0.0323362 0.2138584 0.0584016 0.0354475 0.4660609 0.3322384 0.0354463 0.3440297 0.2017102 0.0438514 0.3178767 0.0254876 0.0392321 0.3308186 0.0463391 0.1893470 0.0282592 0.0165828 0.0427427 0.2166665 0.0333975 0.2836781 0.0534936 0.3537593 0.1922994 0.3245924 0.0872857 0.0172570 0.3273616 0.1372568 0.2342952 0.3406901 0.1909697 0.0524965 0.0225373 0.3335421 0.0310285 0.1304263 0.0486539 0.0163107 0.2043013 0.3372110 0.0426229 0.0215034 0.2878851 0.0212991 0.4345849 
Perityle_emoryi_47_punta_san_jose          0.1588746 0.2729641 0.1650409 0.0764441 0.3281458 0.2755642 0.1666031 0.0557455 0.1427001 0.0248311 0.0047935 0.0425841 0.0934272 0.1806848 0.3173913 0.0138466 0.2082744 0.0348110 0.4950793 0.0664663 0.0502963 0.0440586 0.0389976 0.1389229 0.3672544 0.2596503 0.2214350 0.1357946 0.0806183 0.2424923 0.0168440 0.0000000 0.3808410 0.0138135 0.1070550 0.0418947 0.0108923 0.3619087 0.3383306 0.0358974 0.3491799 0.2389764 0.0159143 0.4043381 0.0310440 0.0430325 0.3974318 0.0168425 0.1541265 0.0412468 0.0173048 0.0122728 0.4251002 0.1410510 0.2916850 0.0399506 0.2872573 0.1833562 0.4031844 0.0000010 0.0430692 0.4637540 0.0272891 0.1379595 0.4349128 0.1995861 0.0643073 0.0269367 0.2775964 0.1224172 0.0263906 0.0201104 0.0188133 0.0862971 0.4165063 0.0604392 0.0259647 0.4183926 0.0569081 0.6420487 
Perityle_feddemae_99                       0.2148788 0.1411666 0.2162379 0.3517156 0.2351624 0.1563118 0.3590020 0.3580559 0.3133010 0.3148902 0.2495639 0.4092554 0.3151993 0.2399629 0.1963488 0.2860445 0.3164852 0.3384641 0.3268502 0.3488154 0.3497448 0.3500293 0.3801163 0.4085474 0.1072737 0.1289580 0.1472100 0.4156655 0.3346391 0.1006142 0.3291758 0.3808410 0.0000000 0.2799157 0.2254294 0.3603471 0.3068869 0.3034368 0.0370931 0.3059928 0.0502743 0.2941204 0.3188000 0.1694468 0.3369898 0.3439134 0.0415777 0.3070870 0.3027796 0.2870465 0.3432948 0.2799639 0.0715465 0.2700741 0.1956069 0.3714322 0.3689444 0.1019159 0.1175352 0.1299410 0.3482885 0.1428120 0.2113204 0.2080819 0.1322294 0.0555049 0.3552839 0.3304295 0.1107297 0.3580531 0.2543827 0.3276568 0.2014534 0.1666897 0.0966069 0.3803041 0.3404188 0.1040004 0.3206590 0.3118080 
Perityle_fosteri_93                        0.1834936 0.3231841 0.1871953 0.0631077 0.2431489 0.2566700 0.1168144 0.0346132 0.0378948 0.0338189 0.0079534 0.0794659 0.0286024 0.2080584 0.1995480 0.0127079 0.0683412 0.0362750 0.4223538 0.0271259 0.0484304 0.0411307 0.0265440 0.0328547 0.2173509 0.1787841 0.0977289 0.1161884 0.0594425 0.2432346 0.0323362 0.0138135 0.2799157 0.0000000 0.1686215 0.0517081 0.0239757 0.4387213 0.2768728 0.0281476 0.2936475 0.1640942 0.0123597 0.3002153 0.0266112 0.0406137 0.2811603 0.0216370 0.1365761 0.0347475 0.0206152 0.0129453 0.1970839 0.0403092 0.2503492 0.0354045 0.3257495 0.1940837 0.2784540 0.0781122 0.0356092 0.2417189 0.1192894 0.1852985 0.2746599 0.2004510 0.0207570 0.0171993 0.3427318 0.0415703 0.1088222 0.0283614 0.0252891 0.1586832 0.2800672 0.0461857 0.0390160 0.2508789 0.0360911 0.3942723 
Perityle_gamon_221                         0.1432753 0.3842492 0.1542190 0.2354775 0.2667043 0.1814328 0.2788820 0.2131414 0.1896851 0.2025244 0.1403239 0.2766272 0.2372549 0.1546085 0.3420694 0.1817260 0.2633078 0.2139913 0.3842319 0.2166406 0.2348963 0.2274717 0.1379053 0.1526324 0.0660265 0.2535251 0.1990725 0.1971059 0.1319097 0.1896412 0.2138584 0.1070550 0.2254294 0.1686215 0.0000000 0.2287199 0.2176389 0.5516873 0.2233780 0.1856861 0.2297852 0.0288884 0.2186747 0.2558104 0.2148704 0.2293540 0.2234382 0.2023624 0.1867400 0.1999912 0.1361098 0.2142732 0.0447056 0.1119503 0.1766492 0.2405999 0.3851923 0.1671216 0.2133393 0.0551538 0.2213332 0.0938585 0.1151043 0.1454887 0.2200864 0.1473665 0.1856343 0.2090757 0.3962333 0.2161895 0.1401828 0.2183892 0.1086497 0.1166859 0.2371690 0.2350438 0.2307084 0.0949532 0.1749232 0.2828618 
Perityle_gentryi_8_san_francisco           0.2133297 0.3383629 0.2524300 0.1032360 0.2580721 0.2734343 0.1764665 0.1014102 0.0626078 0.0560581 0.0325554 0.0954554 0.0828372 0.2474415 0.2246265 0.0497060 0.1292926 0.0803730 0.4463780 0.0713520 0.0755408 0.0843094 0.0539331 0.0627791 0.3084711 0.1937710 0.1179566 0.1529410 0.0949283 0.2569526 0.0584016 0.0418947 0.3603471 0.0517081 0.2287199 0.0000000 0.0931188 0.4755964 0.3804195 0.0581448 0.3492754 0.2276945 0.0711727 0.3226205 0.0661399 0.0820165 0.3460782 0.0670499 0.2450910 0.0588787 0.0397527 0.0566834 0.2033303 0.0577151 0.2989448 0.1071696 0.3609766 0.2002005 0.3231840 0.1081058 0.0781786 0.3437861 0.1557097 0.2366077 0.3619084 0.2136098 0.0770629 0.0607835 0.3439854 0.0922612 0.1459830 0.0627157 0.0440579 0.2223361 0.3915450 0.0989403 0.0735621 0.2816007 0.0573677 0.4722337 
Perityle_gilensis_22_Superstition          0.1440531 0.3324670 0.1916714 0.1084203 0.2455239 0.2436988 0.1479722 0.0604411 0.0423120 0.0302138 0.0051438 0.1741333 0.0279216 0.1949742 0.1899822 0.0277457 0.0544734 0.0475744 0.3481519 0.0274188 0.0367683 0.0461234 0.0255908 0.0321119 0.2881611 0.1741692 0.1010708 0.1187194 0.0505720 0.2328214 0.0354475 0.0108923 0.3068869 0.0239757 0.2176389 0.0931188 0.0000000 0.4157796 0.3417610 0.0333951 0.2930010 0.2663753 0.0788118 0.2597210 0.0359897 0.0581537 0.2871685 0.0467421 0.2254829 0.0396809 0.0192374 0.0983015 0.1854414 0.0383374 0.2816197 0.0914489 0.3375505 0.1729508 0.2679154 0.0740820 0.0765587 0.3239738 0.1521182 0.1933056 0.2999500 0.1792021 0.0134883 0.0343876 0.3153793 0.1152506 0.1591532 0.0323964 0.0238950 0.1826834 0.3294237 0.0747912 0.0522410 0.2688141 0.0274862 0.4155939 
Perityle_gilensis_salensis_225             0.5285009 0.0607196 0.5134803 0.4651989 0.3480278 0.2627734 0.4529954 0.4564410 0.4458871 0.4639879 0.4262920 0.4802319 0.4756326 0.4985521 0.2917924 0.4304064 0.5074781 0.4562705 0.6119110 0.4497281 0.4629056 0.4730818 0.3833943 0.3982187 0.6863792 0.3148778 0.2769993 0.4232742 0.3896341 0.2900570 0.4660609 0.3619087 0.3034368 0.4387213 0.5516873 0.4755964 0.4157796 0.0000000 0.2915295 0.4705787 0.2873978 0.5300791 0.4297952 0.3663763 0.4602237 0.4706758 0.3085822 0.4589216 0.4648310 0.4328042 0.3684555 0.4318201 0.7103339 0.3133187 0.1915734 0.4574005 0.5257951 0.1805050 0.3154825 0.3483931 0.4593233 0.7244737 0.4726371 0.4922480 0.3253278 0.1712838 0.3994316 0.4588145 0.1519312 0.4413082 0.4492413 0.4560267 0.3837722 0.4471863 0.2973575 0.4673796 0.4530563 0.6633522 0.4666683 0.6203373 
Perityle_glaucescens_94                    0.2003690 0.1462316 0.2147927 0.3566580 0.2213604 0.1240808 0.3646926 0.3703322 0.2912893 0.3115865 0.2456451 0.4236971 0.3160733 0.2328418 0.1862161 0.2833523 0.3138751 0.3314420 0.3127101 0.3400401 0.3450946 0.3488997 0.3532088 0.3825621 0.1116998 0.1243953 0.1432364 0.4186790 0.3299276 0.0812506 0.3322384 0.3383306 0.0370931 0.2768728 0.2233780 0.3804195 0.3417610 0.2915295 0.0000000 0.3024554 0.0479562 0.2665485 0.3376873 0.1558546 0.3387607 0.3405965 0.0275058 0.3088093 0.3016742 0.2852563 0.3382915 0.3377627 0.0635196 0.2535394 0.1740701 0.3619464 0.3551885 0.0971422 0.1053436 0.1282831 0.3518661 0.1312203 0.2018789 0.2002473 0.1086979 0.0520538 0.3548413 0.3443606 0.1088255 0.3754241 0.2640693 0.3279302 0.1999384 0.1633098 0.0893222 0.3775209 0.3452013 0.0955437 0.2998109 0.2954476 
Perityle_gracilis_11                       0.1938065 0.3256060 0.2086807 0.0814846 0.2504087 0.2502715 0.1488431 0.0418971 0.0518776 0.0364023 0.0152834 0.1003331 0.0696241 0.2073630 0.2111391 0.0332725 0.1263523 0.0238639 0.4463646 0.0354129 0.0518956 0.0337285 0.0446895 0.0499719 0.2105288 0.1792407 0.0971788 0.1509662 0.0826728 0.2350801 0.0354463 0.0358974 0.3059928 0.0281476 0.1856861 0.0581448 0.0333951 0.4705787 0.3024554 0.0000000 0.3126935 0.1866750 0.0369897 0.3039875 0.0139290 0.0308652 0.3002402 0.0394600 0.1452485 0.0256076 0.0330539 0.0294962 0.1525932 0.0367529 0.2492320 0.0337874 0.3293651 0.1690166 0.3010428 0.0566276 0.0349512 0.2328144 0.1265786 0.1902898 0.3121672 0.1733192 0.0546271 0.0319661 0.3479140 0.0382411 0.1000287 0.0383073 0.0064514 0.1645209 0.2969760 0.0503100 0.0402149 0.2509951 0.0188165 0.4301929 
Perityle_harkerae_31                       0.2171492 0.1412788 0.2163065 0.3500152 0.2296312 0.1646453 0.3290646 0.3409679 0.3160017 0.3316469 0.2552160 0.3868004 0.3117710 0.2369239 0.1973885 0.3049289 0.3376053 0.3268100 0.3228518 0.3251235 0.3541481 0.3378777 0.3687836 0.3911166 0.1120141 0.1325934 0.1540688 0.4019174 0.3223041 0.1082249 0.3440297 0.3491799 0.0502743 0.2936475 0.2297852 0.3492754 0.2930010 0.2873978 0.0479562 0.3126935 0.0000000 0.2897021 0.2968907 0.1607959 0.3269796 0.3347949 0.0383242 0.3213819 0.2553370 0.3028547 0.3434877 0.2891433 0.0870352 0.2470575 0.1867359 0.3457618 0.3630915 0.0999628 0.1501151 0.1315338 0.3407494 0.1380845 0.2260533 0.2101572 0.1288774 0.0498784 0.3642169 0.3244003 0.1099006 0.3263158 0.2478675 0.3206296 0.2092218 0.1696560 0.1000086 0.3628451 0.3357188 0.1024597 0.3241806 0.3063942 
Perityle_hofmeisteria_4_nombre_de_dios     0.1428599 0.3537109 0.1514717 0.2670046 0.2577417 0.2052147 0.3555061 0.2610796 0.2417070 0.1881898 0.1295544 0.2750887 0.2356796 0.1522182 0.3265975 0.1758388 0.2972666 0.2357391 0.4077914 0.2642616 0.2224507 0.2452042 0.1991374 0.2839592 0.0718536 0.2836115 0.1892116 0.2060785 0.1145122 0.2412062 0.2017102 0.2389764 0.2941204 0.1640942 0.0288884 0.2276945 0.2663753 0.5300791 0.2665485 0.1866750 0.2897021 0.0000000 0.2259898 0.2501546 0.2310879 0.2250189 0.2923263 0.1996943 0.2591031 0.1905471 0.1017094 0.2971511 0.0403574 0.1925665 0.2284346 0.2523507 0.3762725 0.1954075 0.2597492 0.0477220 0.3136896 0.1071904 0.1152223 0.1341029 0.2695108 0.1393102 0.1408212 0.2628006 0.3928088 0.3252240 0.1446656 0.2024144 0.0966896 0.1037313 0.3129827 0.2799215 0.2488833 0.0978173 0.2129049 0.3647910 
Perityle_huecosensis_48                    0.1860792 0.3144052 0.2282792 0.0906008 0.2409749 0.2520523 0.1626343 0.0919885 0.0430549 0.0384168 0.0064719 0.1433567 0.0289676 0.2051012 0.1985083 0.0169662 0.0818678 0.0655301 0.4034451 0.0655555 0.0552127 0.0621084 0.0278490 0.0326208 0.2865466 0.1837575 0.0999850 0.1253941 0.0603847 0.2423677 0.0438514 0.0159143 0.3188000 0.0123597 0.2186747 0.0711727 0.0788118 0.4297952 0.3376873 0.0369897 0.2968907 0.2259898 0.0000000 0.2748260 0.0459241 0.0603942 0.3014313 0.0262812 0.2118196 0.0409443 0.0257512 0.0269144 0.1874419 0.0369927 0.2602685 0.0931038 0.3385734 0.1890494 0.2821271 0.0776219 0.0670296 0.3273121 0.1273508 0.2189141 0.3128912 0.1870846 0.0177736 0.0493188 0.3453352 0.0867917 0.1257868 0.0496609 0.0232176 0.1977620 0.3429020 0.0836589 0.0657199 0.2434512 0.0243637 0.4398457 
Perityle_incana_3_ucla                     0.2435633 0.1745081 0.2596166 0.3184444 0.2244260 0.1003452 0.3443135 0.3066519 0.2888905 0.3164448 0.2642056 0.3580790 0.2847703 0.2677637 0.2113047 0.2974838 0.3408783 0.2979416 0.3487439 0.2992044 0.3122802 0.3129115 0.4136211 0.4433951 0.0995451 0.1674406 0.1151473 0.4779960 0.4037107 0.1196347 0.3178767 0.4043381 0.1694468 0.3002153 0.2558104 0.3226205 0.2597210 0.3663763 0.1558546 0.3039875 0.1607959 0.2501546 0.2748260 0.0000000 0.3068569 0.3179456 0.1611643 0.3111352 0.2389557 0.2888815 0.4247684 0.2657015 0.0489615 0.3205778 0.0933815 0.3043231 0.3596848 0.0626433 0.1276847 0.0980570 0.3062068 0.1079474 0.2448171 0.2505131 0.1413118 0.0073745 0.4176561 0.3093565 0.1769071 0.2782530 0.2377677 0.3091792 0.1783428 0.1914949 0.1680058 0.3157668 0.3256374 0.1114509 0.3093574 0.3160705 
Perityle_intricata_59_Clark_mtns           0.1955934 0.3223690 0.2305680 0.1054604 0.2478092 0.2523429 0.1667402 0.0300354 0.0446152 0.0212226 0.0192092 0.1313663 0.0703133 0.2141112 0.2114450 0.0290408 0.1249715 0.0234030 0.4407720 0.0219855 0.0543883 0.0190409 0.0384189 0.0441461 0.2669325 0.1800498 0.0989863 0.1421385 0.0762319 0.2361445 0.0254876 0.0310440 0.3369898 0.0266112 0.2148704 0.0661399 0.0359897 0.4602237 0.3387607 0.0139290 0.3269796 0.2310879 0.0459241 0.3068569 0.0000000 0.0224723 0.3295956 0.0327637 0.1785745 0.0213081 0.0287944 0.0323879 0.1685768 0.0330059 0.2601883 0.0533486 0.3440000 0.1829112 0.3143458 0.0705854 0.0282275 0.3046005 0.1197574 0.2208582 0.3553622 0.1875995 0.0490916 0.0280027 0.3514120 0.0305382 0.1011977 0.0439624 0.0032106 0.1960809 0.3364663 0.0367549 0.0297543 0.2385552 0.0018717 0.4544244 
Perityle_inyoensis_9_pleasant              0.2079137 0.3314955 0.2473819 0.1211066 0.2561861 0.2599787 0.1893771 0.0543625 0.0515800 0.0357490 0.0304283 0.1459315 0.0930016 0.2262509 0.2204101 0.0439070 0.1316763 0.0359174 0.4351557 0.0478188 0.0803944 0.0394446 0.0553706 0.0565158 0.2905922 0.1912714 0.1141310 0.1545990 0.0848348 0.2466028 0.0392321 0.0430325 0.3439134 0.0406137 0.2293540 0.0820165 0.0581537 0.4706758 0.3405965 0.0308652 0.3347949 0.2250189 0.0603942 0.3179456 0.0224723 0.0000000 0.3441998 0.0483992 0.1935448 0.0307785 0.0367063 0.0456228 0.1791692 0.0397838 0.2666397 0.0356253 0.3448406 0.1763236 0.3122711 0.0634990 0.0488711 0.3257751 0.1356398 0.2401667 0.3568806 0.1688299 0.0639217 0.0459783 0.3609928 0.0515255 0.1124737 0.0660153 0.0117282 0.2090688 0.3461941 0.0629540 0.0514078 0.2655762 0.0068394 0.4482162 
Perityle_jaliscana_203                     0.2090406 0.1479612 0.2069738 0.3590376 0.2290835 0.1494088 0.3367407 0.3472513 0.3211355 0.3157403 0.2510727 0.3872466 0.3116497 0.2345836 0.1876990 0.2880867 0.3172948 0.3250644 0.3305415 0.3331863 0.3458747 0.3400876 0.3935957 0.4376103 0.0910677 0.1275327 0.1426829 0.4161835 0.3329975 0.0951803 0.3308186 0.3974318 0.0415777 0.2811603 0.2234382 0.3460782 0.2871685 0.3085822 0.0275058 0.3002402 0.0383242 0.2923263 0.3014313 0.1611643 0.3295956 0.3441998 0.0000000 0.3136857 0.2971722 0.2926338 0.3587725 0.3245105 0.0594956 0.2971882 0.1893917 0.3520991 0.3686809 0.1020492 0.1149106 0.1296038 0.3431342 0.1254049 0.2065233 0.2034031 0.1224213 0.0555663 0.3610264 0.3113120 0.1122351 0.3625402 0.2515371 0.3233737 0.1977248 0.1618643 0.0920798 0.3675205 0.3309351 0.0950995 0.3235645 0.3081472 
