79
Amauria_carterae_99_mesa                   0.0000000 0.0862826 0.1734356 0.4001839 0.1829451 0.2085068 0.3201839 0.3938674 0.3221366 0.3363929 0.3208557 0.2989393 0.3471563 0.3124969 0.1681200 0.3341957 0.3371390 0.3347308 0.3395725 0.3714826 0.3743348 0.3457104 0.0956725 0.0908496 0.0470756 0.2664082 0.1446443 0.3524955 0.3308962 0.3331919 0.0441255 0.3702323 0.3406660 0.0799059 0.3537383 0.3202485 0.3416769 0.3634517 0.3131444 0.3500167 0.3498656 0.3332712 0.3301593 0.3177798 0.3432666 0.3702005 0.3209644 0.3441627 0.3244369 0.3488535 0.3428167 0.0836788 0.2649914 0.0976745 0.3538435 0.3389832 0.0629108 0.0881153 0.1194618 0.2692534 0.3323604 0.3283467 0.3589716 0.3507025 0.0879284 0.2781282 0.3074521 0.3410051 0.0762594 0.3379143 0.3350436 0.3356396 0.2130267 0.0797778 0.0986947 0.3301686 0.3329743 0.3361400 0.3233204 
Amauria_rotundifolia_SRR9119150            0.0862826 0.0000000 0.4231817 0.7664648 0.3546755 0.4663860 0.7090543 0.7707833 0.6008317 0.5774929 0.5346172 0.4194318 0.6032355 0.5850773 0.4133373 0.5824521 0.5862004 0.5845706 0.6231673 0.7321843 0.6496319 0.6139860 0.2392875 0.2366646 0.1593874 0.4364687 0.3954640 0.6337132 0.6931862 0.6125424 0.2137382 0.7209563 0.5887147 0.2519571 0.4724183 0.6053974 0.6579598 0.7053413 0.5441601 0.6591950 0.7323987 0.6032417 0.6497837 0.5960376 0.6481142 0.6888383 0.5626862 0.6230189 0.6180666 0.6075829 0.6164771 0.2215339 0.5184670 0.1931836 0.7114042 0.6146836 0.1957660 0.1813151 0.2039646 0.2811058 0.6059866 0.6509376 0.6010375 0.6773067 0.2807732 0.3167810 0.5788823 0.6248008 0.2403624 0.5962698 0.6180291 0.6068421 0.2630337 0.2307747 0.3210161 0.5982007 0.5904867 0.6169062 0.6546066 
Conoclinium_coelestinum_SRR9119114         0.1734356 0.4231817 0.0000000 0.7267210 0.3265758 0.3163816 0.6103628 0.7274017 0.5877266 0.5651781 0.5217966 0.3606604 0.5940600 0.5913520 0.3857244 0.6007261 0.5754559 0.5545515 0.5945953 0.6386461 0.6142425 0.6106901 0.4221571 0.4266947 0.2335414 0.4163638 0.5144223 0.6701680 0.5832656 0.6014127 0.3814375 0.6328496 0.5801529 0.4498846 0.4387548 0.5771975 0.5993190 0.6889700 0.4875530 0.5975124 0.7280626 0.6008032 0.5486721 0.6054855 0.6354746 0.6561269 0.5272589 0.6063798 0.6321585 0.5953386 0.5903801 0.3615611 0.5164880 0.2568089 0.6751714 0.5927548 0.3401524 0.1978636 0.3175050 0.2351831 0.6247368 0.5999215 0.5734271 0.6496469 0.4403235 0.2693266 0.5148460 0.5918494 0.4071287 0.5708738 0.5926723 0.5915113 0.2742184 0.3833131 0.5229342 0.6005985 0.6151299 0.5841457 0.5804160 
Eutetras_palmeri_63                        0.4001839 0.7664648 0.7267210 0.0000000 0.7508835 0.7162977 0.4240438 0.2660369 0.2969606 0.3426960 0.2691610 0.1636536 0.3638705 0.3221170 0.3806292 0.2952857 0.3750984 0.3297680 0.3494001 0.3687250 0.3518802 0.3941311 0.7710735 0.7561005 0.5241447 0.2241454 0.7890022 0.4927847 0.3935605 0.3370597 0.6131470 0.4149760 0.3080202 0.7589427 0.2720125 0.3173362 0.4027355 0.4623576 0.3080683 0.4439842 0.5359480 0.3366065 0.4401135 0.2966646 0.3826607 0.4600671 0.3095727 0.3444698 0.3394387 0.4017802 0.3324093 0.6524089 0.2177807 0.4569052 0.4832876 0.3502831 0.5635187 0.4060812 0.6611662 0.0856364 0.3401691 0.3698084 0.4029044 0.4085235 0.7557890 0.0979884 0.3092192 0.3464018 0.6384716 0.3548275 0.3560990 0.3567449 0.1243772 0.6906364 0.7778674 0.3804950 0.3362865 0.3449019 0.3835591 
Eutrochium_fistulosum_SRR9119106           0.1829451 0.3546755 0.3265758 0.7508835 0.0000000 0.3737258 0.6042696 0.6001298 0.5473867 0.5454723 0.5585903 0.4471246 0.5398697 0.5545883 0.3452761 0.5214523 0.5386256 0.5361256 0.5735114 0.6884310 0.5713759 0.5484979 0.3496550 0.4177512 0.2952622 0.4405290 0.3964265 0.6068062 0.6079220 0.5442400 0.3636783 0.6033104 0.5601216 0.3832252 0.4052374 0.5489484 0.5558147 0.6130970 0.5247231 0.5794790 0.6234879 0.5546087 0.5940852 0.5462208 0.6022698 0.6129851 0.5377466 0.5670139 0.5773105 0.5162029 0.5657450 0.3808864 0.4541771 0.2467880 0.6360731 0.5640780 0.3040179 0.1983502 0.3712271 0.2408046 0.5542853 0.5250766 0.5184482 0.5493510 0.3551020 0.2650153 0.5569678 0.5761660 0.3610216 0.5584553 0.5678228 0.5694026 0.2077462 0.2897326 0.4469932 0.5738240 0.5452990 0.5664919 0.5339252 
Helianthus_annuus_SRR9119062               0.2085068 0.4663860 0.3163816 0.7162977 0.3737258 0.0000000 0.6012714 0.6613606 0.5312515 0.5707413 0.5362269 0.3816496 0.5452397 0.5713682 0.4291960 0.5678035 0.5491178 0.5620320 0.5764971 0.5791732 0.5952518 0.5651219 0.4508404 0.4320791 0.2307367 0.4731912 0.4889027 0.6344128 0.5647747 0.5601675 0.3604269 0.5502235 0.5515492 0.4688211 0.4435765 0.5506296 0.5763901 0.5928989 0.5004856 0.5482801 0.6854956 0.5840998 0.5403560 0.4898571 0.5907593 0.5743854 0.5253266 0.5865839 0.5721319 0.5566922 0.5737620 0.3804905 0.5361949 0.2766766 0.6348744 0.5619960 0.3510340 0.1754526 0.3585921 0.2922063 0.5764128 0.5585955 0.5695244 0.6059448 0.4184669 0.3076582 0.5266136 0.5766439 0.3940208 0.5660173 0.5673531 0.5693397 0.2782076 0.4137445 0.4935797 0.5868526 0.5685564 0.5670354 0.5623288 
Lycapsus_tenuifolius_17                    0.3201839 0.7090543 0.6103628 0.4240438 0.6042696 0.6012714 0.0000000 0.4931863 0.4349680 0.3645746 0.3189513 0.2497419 0.4258502 0.3913641 0.3566870 0.3823024 0.3230329 0.3507134 0.4743006 0.4299917 0.4445829 0.4217149 0.7524319 0.6465052 0.4213258 0.2453800 0.7295375 0.3321859 0.0083307 0.4206446 0.6058406 0.3928224 0.3626608 0.6522175 0.2122433 0.3883135 0.4055753 0.3757929 0.3166203 0.3124548 0.5096679 0.4334885 0.3883802 0.4700798 0.4480626 0.3300504 0.3235259 0.4272455 0.4106800 0.4462117 0.4082360 0.6016277 0.2611620 0.3925091 0.5051120 0.4437616 0.4263223 0.3033756 0.6424978 0.0859425 0.4088238 0.4816254 0.3450580 0.4336367 0.6832566 0.1204375 0.3438553 0.4375589 0.5810952 0.3730970 0.4043373 0.3825224 0.1214303 0.6152281 0.7087134 0.4119187 0.3843728 0.4341401 0.3639696 
Pericome_caudata_50_silver                 0.3938674 0.7707833 0.7274017 0.2660369 0.6001298 0.6613606 0.4931863 0.0000000 0.3656057 0.2852504 0.2611076 0.1770088 0.3281686 0.2989971 0.3401818 0.2911756 0.2920574 0.2604235 0.3140816 0.3908132 0.3224684 0.3472252 0.8068633 0.7144328 0.5186702 0.2758029 0.8062380 0.4631087 0.4426950 0.3010722 0.6845130 0.4218616 0.2672734 0.7834151 0.2010665 0.2988296 0.4027485 0.4495351 0.2593211 0.3722003 0.5467325 0.3088931 0.3999592 0.3330377 0.3560997 0.3914274 0.2754565 0.3139489 0.3191779 0.3538758 0.3079972 0.6481334 0.2466474 0.4476236 0.4564502 0.3232558 0.5274888 0.3749712 0.6503914 0.1121635 0.3059930 0.3324926 0.3462661 0.4116953 0.7356512 0.1155526 0.2581115 0.3143711 0.6679177 0.2974081 0.3092548 0.3050425 0.1419820 0.6907179 0.7770459 0.3308412 0.2812858 0.3187673 0.3549835 
Perityle_aglossa_84_dead_horse             0.3221366 0.6008317 0.5877266 0.2969606 0.5473867 0.5312515 0.4349680 0.3656057 0.0000000 0.0358972 0.0354480 0.0174793 0.3205435 0.0540918 0.2763764 0.0413741 0.1822351 0.0358985 0.1584292 0.1272355 0.1092395 0.3097278 0.7158538 0.5812362 0.4224872 0.2601843 0.6259436 0.4107694 0.3732779 0.0934331 0.5858826 0.3873644 0.0376870 0.6309689 0.0935737 0.0482379 0.1830566 0.3856934 0.0333517 0.2778847 0.5522358 0.0855732 0.3086076 0.1353750 0.0969210 0.2948323 0.0494362 0.0922447 0.0898385 0.3322626 0.0699350 0.5207568 0.1653767 0.3779257 0.2928698 0.1191821 0.3956103 0.3325076 0.5080324 0.0377811 0.0496939 0.2182899 0.2489176 0.3532474 0.6480801 0.0076484 0.0258080 0.1384226 0.5512394 0.0306215 0.0518985 0.0484713 0.0159925 0.5456438 0.6362236 0.1123063 0.0097118 0.0954878 0.2551300 
Perityle_ajoensis_204                      0.3363929 0.5774929 0.5651781 0.3426960 0.5454723 0.5707413 0.3645746 0.2852504 0.0358972 0.0000000 0.0745158 0.0151340 0.2040805 0.0228361 0.3519543 0.0245963 0.1947781 0.0401102 0.0414136 0.1418909 0.0478226 0.2219285 0.6006321 0.5876331 0.4138244 0.2927199 0.6036856 0.4105386 0.3342627 0.0252955 0.5269572 0.3087903 0.0323832 0.5992644 0.1213131 0.0219285 0.2245266 0.3549063 0.0329708 0.3089506 0.4015011 0.0327159 0.3414072 0.0376022 0.0869511 0.3227996 0.0621451 0.0331993 0.0604089 0.2208325 0.0348052 0.5407561 0.1656948 0.4035667 0.1944669 0.0391750 0.4242980 0.3465186 0.5194269 0.0457857 0.0396624 0.1360655 0.2622029 0.3210019 0.5892295 0.0050671 0.0224682 0.0403662 0.5332670 0.0337212 0.0395336 0.0887172 0.0184714 0.5409462 0.6037536 0.0713513 0.0281595 0.0377266 0.2523677 
Perityle_ambrosiifolia_67_green            0.3208557 0.5346172 0.5217966 0.2691610 0.5585903 0.5362269 0.3189513 0.2611076 0.0354480 0.0745158 0.0000000 0.0177917 0.1893540 0.0641018 0.3681156 0.0547197 0.1607310 0.0624635 0.0810127 0.1474026 0.0805757 0.1974973 0.5114974 0.5271389 0.4272381 0.2267711 0.5726085 0.3136129 0.3255507 0.0642541 0.4734016 0.2958473 0.0726964 0.4912561 0.1566232 0.0601077 0.1300670 0.3029803 0.0808157 0.3086139 0.3385375 0.0668198 0.3302223 0.0397372 0.1041690 0.3211077 0.0491448 0.0699148 0.0733949 0.1858500 0.0671152 0.5040402 0.1310602 0.3839545 0.1164390 0.0686206 0.3895463 0.3490612 0.4863688 0.0395467 0.0726743 0.1437342 0.2255923 0.2328325 0.4616449 0.0000010 0.0666665 0.0806531 0.4925599 0.0711328 0.0695569 0.0970854 0.0281069 0.4173430 0.5001106 0.0804526 0.0656434 0.0694398 0.1982979 
Perityle_angustifolia_13_Eagle_creek       0.2989393 0.4194318 0.3606604 0.1636536 0.4471246 0.3816496 0.2497419 0.1770088 0.0174793 0.0151340 0.0177917 0.0000000 0.1427942 0.0079032 0.3624042 0.0117479 0.1071431 0.0268991 0.0327201 0.0416607 0.0383604 0.1437617 0.4058620 0.4135948 0.4100328 0.1646726 0.4366106 0.2780784 0.2627044 0.0173868 0.4068657 0.2678860 0.0151562 0.3808409 0.0895657 0.0116121 0.0525416 0.2756149 0.0336830 0.2670065 0.2713020 0.0210702 0.2458340 0.0176271 0.0346832 0.2724045 0.0155167 0.0170395 0.0137328 0.1326940 0.0057006 0.4077502 0.1310388 0.3567103 0.0549521 0.0253250 0.2777765 0.3488396 0.4111625 0.0389393 0.0156689 0.0841927 0.1726407 0.1821942 0.3425612 0.0131169 0.0076893 0.0306757 0.4129478 0.0270058 0.0270221 0.0228729 0.0226883 0.3268334 0.3735631 0.0215980 0.0115878 0.0288428 0.1198472 
Perityle_batopilensis_97                   0.3471563 0.6032355 0.5940600 0.3638705 0.5398697 0.5452397 0.4258502 0.3281686 0.3205435 0.2040805 0.1893540 0.1427942 0.0000000 0.2174727 0.3028451 0.1995404 0.0455838 0.2175330 0.3277568 0.3137658 0.2753335 0.1421894 0.6695625 0.5650814 0.4325029 0.2577186 0.5883368 0.4429309 0.3608244 0.2633731 0.5761664 0.4224356 0.1768933 0.6099502 0.0124377 0.2160502 0.2958946 0.4188506 0.1533808 0.3044507 0.5177472 0.2509051 0.3504016 0.2771211 0.3066003 0.3147834 0.2177397 0.2632064 0.2723193 0.1559010 0.2253351 0.5091631 0.1350560 0.4073730 0.3332757 0.2940777 0.4264327 0.3288512 0.4906057 0.0291546 0.2365627 0.2992652 0.1630456 0.3216479 0.6067297 0.0665436 0.1836902 0.2953259 0.5635062 0.2015533 0.2151961 0.2645962 0.0715684 0.5267852 0.6104221 0.2447698 0.1983739 0.2505198 0.1449484 
Perityle_bisetosa_9                        0.3124969 0.5850773 0.5913520 0.3221170 0.5545883 0.5713682 0.3913641 0.2989971 0.0540918 0.0228361 0.0641018 0.0079032 0.2174727 0.0000000 0.3291155 0.0076720 0.2162588 0.0297472 0.0382604 0.1346405 0.0434156 0.2369624 0.6512233 0.5688810 0.4152131 0.2756168 0.6103559 0.4159743 0.3499038 0.0181584 0.5433734 0.2785226 0.0130489 0.6261748 0.1231789 0.0135096 0.2061889 0.3235136 0.0198100 0.2912590 0.4051690 0.0234179 0.3154489 0.0430131 0.0948360 0.3066177 0.0471330 0.0250229 0.0714898 0.2455840 0.0276059 0.5101287 0.1597213 0.3864219 0.2043054 0.0337684 0.4151814 0.3423648 0.4979439 0.0358320 0.0448650 0.1468316 0.2789717 0.3255744 0.6244880 0.0026744 0.0062437 0.0371567 0.5517094 0.0241262 0.0288433 0.0766576 0.0155973 0.5451229 0.6267348 0.0680785 0.0237372 0.0390261 0.2588290 
Perityle_californica_76_positas            0.1681200 0.4133373 0.3857244 0.3806292 0.3452761 0.4291960 0.3566870 0.3401818 0.2763764 0.3519543 0.3681156 0.3624042 0.3028451 0.3291155 0.0000000 0.2963338 0.3086142 0.3416465 0.3268227 0.3590092 0.3756853 0.3144338 0.4943674 0.4028914 0.4054356 0.1526629 0.4208675 0.4248779 0.3643528 0.3204422 0.3966533 0.3918650 0.3455305 0.4222756 0.1686598 0.3149978 0.3485173 0.4540834 0.3471585 0.4549817 0.4326025 0.3373881 0.3709750 0.3545913 0.3621847 0.4560226 0.3167093 0.3476151 0.3332009 0.3083931 0.3512170 0.4230643 0.2950083 0.3392864 0.4181227 0.3378029 0.1911056 0.2840502 0.4233913 0.1287516 0.2798306 0.3447608 0.3050930 0.2072669 0.3190520 0.1536965 0.3419730 0.3268227 0.4008925 0.3650637 0.3682819 0.3525572 0.1763090 0.3245757 0.4042418 0.3009621 0.3303462 0.3571498 0.2427701 
Perityle_castillonii_96                    0.3341957 0.5824521 0.6007261 0.2952857 0.5214523 0.5678035 0.3823024 0.2911756 0.0413741 0.0245963 0.0547197 0.0117479 0.1995404 0.0076720 0.2963338 0.0000000 0.1902064 0.0299337 0.0398345 0.1212894 0.0400670 0.2103319 0.5892587 0.5739857 0.3918779 0.2677623 0.5997040 0.3921448 0.3556145 0.0225885 0.5108408 0.2842836 0.0228708 0.5946437 0.0968952 0.0155505 0.2111143 0.3253326 0.0295693 0.2929613 0.3651345 0.0238427 0.3210027 0.0380864 0.0820241 0.3095077 0.0485664 0.0311149 0.0642800 0.2078051 0.0315160 0.5075307 0.1611904 0.3850610 0.1892495 0.0307905 0.3951538 0.3490955 0.4876594 0.0378738 0.0389143 0.1312300 0.2469927 0.3207762 0.6038742 0.0025611 0.0120665 0.0386723 0.5337061 0.0294097 0.0358682 0.0522040 0.0183308 0.5448388 0.5953640 0.0621021 0.0303130 0.0315397 0.2561737 
Perityle_cernua_84                         0.3371390 0.5862004 0.5754559 0.3750984 0.5386256 0.5491178 0.3230329 0.2920574 0.1822351 0.1947781 0.1607310 0.1071431 0.0455838 0.2162588 0.3086142 0.1902064 0.0000000 0.1905108 0.2532704 0.2818060 0.1933536 0.0292409 0.6330282 0.5569927 0.4194617 0.2648226 0.5805967 0.4096198 0.3080410 0.2029644 0.5115281 0.2892645 0.1410063 0.6311436 0.0373376 0.2171330 0.2754766 0.3689267 0.1272987 0.2857945 0.3741170 0.2175711 0.3305963 0.2255168 0.3049561 0.3016918 0.1875811 0.2244387 0.2514167 0.0524991 0.1947220 0.5021298 0.1070264 0.3930143 0.2872887 0.2471590 0.4196213 0.3223617 0.4951186 0.0000010 0.2314758 0.2741587 0.2222861 0.2894766 0.5661395 0.0053154 0.1442853 0.2369510 0.5253420 0.2447261 0.1931749 0.2384785 0.0260165 0.5126020 0.5630255 0.2468938 0.1899568 0.1752231 0.1379778 
Perityle_cfvillosa_25_tin                  0.3347308 0.5845706 0.5545515 0.3297680 0.5361256 0.5620320 0.3507134 0.2604235 0.0358985 0.0401102 0.0624635 0.0268991 0.2175330 0.0297472 0.3416465 0.0299337 0.1905108 0.0000000 0.0547910 0.1075989 0.0157463 0.2264467 0.5966533 0.5491362 0.4080780 0.2863753 0.5821748 0.4026961 0.3255694 0.0313158 0.4891297 0.3120836 0.0415918 0.5694255 0.1367240 0.0214904 0.2290268 0.3566017 0.0116035 0.3135566 0.4064443 0.0417147 0.3215350 0.0275472 0.0451810 0.3132429 0.0321022 0.0414596 0.0337769 0.2220028 0.0418836 0.4987965 0.1816696 0.3946285 0.1514500 0.0068370 0.3689490 0.3422429 0.5210910 0.0574590 0.0366015 0.1401475 0.2593514 0.2769781 0.5248380 0.0154026 0.0295781 0.0533902 0.5118694 0.0078839 0.0079322 0.0822848 0.0062644 0.5357730 0.5580005 0.0433024 0.0293242 0.0069467 0.2610001 
Perityle_coahuilensis_24                   0.3395725 0.6231673 0.5945953 0.3494001 0.5735114 0.5764971 0.4743006 0.3140816 0.1584292 0.0414136 0.0810127 0.0327201 0.3277568 0.0382604 0.3268227 0.0398345 0.2532704 0.0547910 0.0000000 0.1557779 0.0965621 0.3075127 0.7084806 0.6032229 0.4352436 0.3060609 0.6429096 0.4306094 0.3887857 0.0387976 0.5535294 0.3642066 0.0466926 0.6781663 0.1399734 0.0291628 0.2173730 0.3576279 0.0431669 0.3183303 0.5430447 0.0526867 0.3392459 0.1381906 0.1179548 0.3312783 0.0653040 0.0510649 0.0885710 0.3529582 0.0538908 0.5580742 0.1695476 0.4048942 0.3041740 0.0869504 0.4285104 0.3619618 0.5324692 0.0574345 0.0747109 0.2051022 0.3191353 0.3620561 0.6533729 0.0179425 0.0367160 0.0000010 0.5714750 0.0458836 0.0497720 0.0983163 0.0275354 0.5694347 0.6520366 0.0953612 0.0472976 0.0853978 0.2654343 
Perityle_cochisensis_44_cave_creek         0.3714826 0.7321843 0.6386461 0.3687250 0.6884310 0.5791732 0.4299917 0.3908132 0.1272355 0.1418909 0.1474026 0.0416607 0.3137658 0.1346405 0.3590092 0.1212894 0.2818060 0.1075989 0.1557779 0.0000000 0.1493329 0.3365968 0.6108652 0.6798802 0.4357088 0.3297934 0.7023052 0.4414236 0.4184473 0.1393914 0.5949381 0.4321667 0.1453871 0.6212979 0.2562435 0.1292594 0.2075079 0.4619364 0.1439382 0.4316939 0.4842921 0.1483904 0.4180756 0.1216254 0.1590640 0.4500421 0.1059062 0.1382046 0.1760886 0.3170307 0.1372666 0.6282620 0.1905622 0.4301080 0.2299883 0.1474367 0.5209056 0.3749068 0.5699529 0.1053500 0.1543688 0.2335246 0.3349606 0.4334657 0.6012550 0.0564592 0.1402306 0.1553235 0.6026057 0.1421915 0.1412182 0.1782106 0.0311702 0.5223412 0.6476725 0.1508008 0.1444085 0.1374685 0.2911994 
Perityle_congesta_202                      0.3743348 0.6496319 0.6142425 0.3518802 0.5713759 0.5952518 0.4445829 0.3224684 0.1092395 0.0478226 0.0805757 0.0383604 0.2753335 0.0434156 0.3756853 0.0400670 0.1933536 0.0157463 0.0965621 0.1493329 0.0000000 0.2618473 0.7024964 0.5980120 0.4550337 0.2958014 0.6541314 0.4231074 0.3830775 0.0758137 0.5831944 0.3631078 0.0438986 0.6467057 0.1463914 0.0323227 0.2360223 0.4071384 0.0121154 0.3252014 0.4571898 0.0739424 0.3355353 0.0908198 0.1014460 0.3239999 0.0583592 0.0835124 0.0946557 0.2524000 0.0525722 0.5413006 0.1930326 0.4092977 0.1441980 0.0151446 0.4340900 0.3951846 0.5426704 0.0737472 0.0842722 0.2042774 0.2567643 0.3484742 0.6326169 0.0302050 0.0339310 0.0952063 0.5935508 0.0104748 0.0152432 0.0988551 0.0181502 0.5899913 0.6652130 0.0658270 0.0454080 0.0164675 0.2646617 
Perityle_cordifolia_27                     0.3457104 0.6139860 0.6106901 0.3941311 0.5484979 0.5651219 0.4217149 0.3472252 0.3097278 0.2219285 0.1974973 0.1437617 0.1421894 0.2369624 0.3144338 0.2103319 0.0292409 0.2264467 0.3075127 0.3365968 0.2618473 0.0000000 0.7034008 0.5650648 0.4283208 0.2767249 0.6310767 0.4357542 0.3750695 0.2526173 0.5774720 0.3324626 0.1673453 0.6658736 0.0474173 0.2328665 0.3096954 0.3850684 0.1591615 0.3086770 0.4869690 0.2447137 0.3400045 0.3138127 0.3381773 0.3251619 0.2248391 0.2629454 0.3055080 0.0403652 0.2202097 0.5213101 0.1309415 0.3980387 0.3715297 0.3037215 0.4273499 0.3369124 0.5064385 0.0076892 0.2583711 0.3125600 0.1878783 0.3503560 0.6117632 0.0470705 0.1709223 0.2905779 0.5583198 0.2412827 0.2203951 0.2754409 0.0668209 0.5408673 0.6217443 0.2605701 0.2246447 0.2364290 0.1348527 
Perityle_cordifolia_68_tecolote            0.0956725 0.2392875 0.4221571 0.7710735 0.3496550 0.4508404 0.7524319 0.8068633 0.7158538 0.6006321 0.5114974 0.4058620 0.6695625 0.6512233 0.4943674 0.5892587 0.6330282 0.5966533 0.7084806 0.6108652 0.7024964 0.7034008 0.0000000 0.1542390 0.1394864 0.5255447 0.3644278 0.6964598 0.6897104 0.6805112 0.1476083 0.7561488 0.5962256 0.1780033 0.4574306 0.6394486 0.6552280 0.7520149 0.5181441 0.6592705 0.8173952 0.6672538 0.6112344 0.7005712 0.7164350 0.6778476 0.5514491 0.6812778 0.6115035 0.7057000 0.6502037 0.1247231 0.5319316 0.1786452 0.8376400 0.7114907 0.1110962 0.2074527 0.1573169 0.2632774 0.6825044 0.7503020 0.6759717 0.6724818 0.2245521 0.2982168 0.5435015 0.6752349 0.1572268 0.6412246 0.6299666 0.6032648 0.2668707 0.1910564 0.2871200 0.6796782 0.6118425 0.6678773 0.6852028 
Perityle_coronopifolia_28_patagonia        0.0908496 0.2366646 0.4266947 0.7561005 0.4177512 0.4320791 0.6465052 0.7144328 0.5812362 0.5876331 0.5271389 0.4135948 0.5650814 0.5688810 0.4028914 0.5739857 0.5569927 0.5491362 0.6032229 0.6798802 0.5980120 0.5650648 0.1542390 0.0000000 0.1022752 0.4650772 0.3834124 0.6567527 0.6176430 0.5881380 0.1255797 0.7070627 0.5816722 0.1427190 0.4483356 0.5763492 0.6354451 0.6935301 0.5288331 0.6707999 0.7053942 0.5852611 0.6021517 0.5913800 0.6472794 0.7002442 0.5726309 0.5988396 0.6188635 0.5706344 0.5896746 0.0644894 0.4725077 0.1790534 0.6682378 0.5774816 0.0626295 0.1607558 0.1543956 0.2693212 0.5736906 0.5786755 0.5858376 0.6218853 0.2222915 0.2813527 0.5718849 0.6041825 0.1479091 0.5722331 0.5734663 0.5978587 0.2424380 0.1474905 0.3120599 0.5788301 0.5770848 0.5695468 0.6012505 
Perityle_crassifolia_70_ventanas           0.0470756 0.1593874 0.2335414 0.5241447 0.2952622 0.2307367 0.4213258 0.5186702 0.4224872 0.4138244 0.4272381 0.4100328 0.4325029 0.4152131 0.4054356 0.3918779 0.4194617 0.4080780 0.4352436 0.4357088 0.4550337 0.4283208 0.1394864 0.1022752 0.0000000 0.3171663 0.2840522 0.4702719 0.4379301 0.4179354 0.0020299 0.5143176 0.4167647 0.1031043 0.3235353 0.4148015 0.4491704 0.4916349 0.3684277 0.5006367 0.4916370 0.4274607 0.4310480 0.4028498 0.4134171 0.5048703 0.3988109 0.4173199 0.4231482 0.4213045 0.4214378 0.0865872 0.3919744 0.1415499 0.4863579 0.4107477 0.0513122 0.1530857 0.1166721 0.1989221 0.4211860 0.4324643 0.4584921 0.4277687 0.0750652 0.2363554 0.4062382 0.4330206 0.0057738 0.4111389 0.4140532 0.4197762 0.2221917 0.0953672 0.1295752 0.3972666 0.4189956 0.4149963 0.4186653 
Perityle_crassifolia_74_playa_balandra     0.2664082 0.4364687 0.4163638 0.2241454 0.4405290 0.4731912 0.2453800 0.2758029 0.2601843 0.2927199 0.2267711 0.1646726 0.2577186 0.2756168 0.1526629 0.2677623 0.2648226 0.2863753 0.3060609 0.3297934 0.2958014 0.2767249 0.5255447 0.4650772 0.3171663 0.0000000 0.4445550 0.3129023 0.2150566 0.2818776 0.3718109 0.2622873 0.2458183 0.5040975 0.1619126 0.2811310 0.2987557 0.3165541 0.2382289 0.2573188 0.2975671 0.2828761 0.2875844 0.2884994 0.3115315 0.2615491 0.2565043 0.2986265 0.2972462 0.2789587 0.2841286 0.4493107 0.2096556 0.3069454 0.3324688 0.3067431 0.3530837 0.2469821 0.4405643 0.0679995 0.2880963 0.2934069 0.3007759 0.2663563 0.4614323 0.0864344 0.2412966 0.3071488 0.3836840 0.3107220 0.2847061 0.2924843 0.0921266 0.4522727 0.4803048 0.2949757 0.2859707 0.2864980 0.2544958 
Perityle_cuneata_34_cuneata_San_antonio    0.1446443 0.3954640 0.5144223 0.7890022 0.3964265 0.4889027 0.7295375 0.8062380 0.6259436 0.6036856 0.5726085 0.4366106 0.5883368 0.6103559 0.4208675 0.5997040 0.5805967 0.5821748 0.6429096 0.7023052 0.6541314 0.6310767 0.3644278 0.3834124 0.2840522 0.4445550 0.0000000 0.7015237 0.7017122 0.6183875 0.3688022 0.7044373 0.6015460 0.3807798 0.4317944 0.6105642 0.6470149 0.7330516 0.5139303 0.6598734 0.7245857 0.6015261 0.5898048 0.6112883 0.6598481 0.6864479 0.6014235 0.6335648 0.6263384 0.6170344 0.6267486 0.3210949 0.5210966 0.2251922 0.6724826 0.6210255 0.2318129 0.2151630 0.3122460 0.2549918 0.6147415 0.6337101 0.6198669 0.6901498 0.3880428 0.2836913 0.5417914 0.6427386 0.3737867 0.6044878 0.6293398 0.6253786 0.2536261 0.3476926 0.4785652 0.6230183 0.6218166 0.6209682 0.6721429 
Perityle_cuneata_4                         0.3524955 0.6337132 0.6701680 0.4927847 0.6068062 0.6344128 0.3321859 0.4631087 0.4107694 0.4105386 0.3136129 0.2780784 0.4429309 0.4159743 0.4248779 0.3921448 0.4096198 0.4026961 0.4306094 0.4414236 0.4231074 0.4357542 0.6964598 0.6567527 0.4702719 0.3129023 0.7015237 0.0000000 0.2950227 0.4260260 0.5617093 0.3912965 0.3742801 0.7009915 0.3037645 0.4157782 0.4276023 0.4353554 0.3320789 0.3635145 0.4455102 0.4335406 0.2862846 0.4223185 0.4376998 0.3797004 0.3727401 0.4489595 0.4330867 0.4512637 0.4341364 0.5713950 0.2785206 0.4154170 0.5446902 0.4399265 0.4784110 0.3854180 0.5679661 0.0871546 0.4121835 0.4500428 0.4635464 0.3922979 0.6875636 0.1267301 0.3602428 0.4290901 0.5808602 0.4330888 0.4299116 0.4249612 0.1208296 0.6317983 0.7145694 0.4495551 0.4212130 0.4297409 0.4748108 
Perityle_discoidea_81                      0.3308962 0.6931862 0.5832656 0.3935605 0.6079220 0.5647747 0.0083307 0.4426950 0.3732779 0.3342627 0.3255507 0.2627044 0.3608244 0.3499038 0.3643528 0.3556145 0.3080410 0.3255694 0.3887857 0.4184473 0.3830775 0.3750695 0.6897104 0.6176430 0.4379301 0.2150566 0.7017122 0.2950227 0.0000000 0.3653773 0.5935642 0.3445051 0.3455233 0.6159474 0.2298486 0.3649924 0.3806845 0.3390284 0.3202384 0.2880400 0.4230402 0.3805096 0.3808361 0.3791036 0.4076774 0.3061073 0.3066141 0.3767723 0.3853352 0.3725291 0.3703914 0.5889954 0.2530724 0.4050717 0.4122547 0.3789386 0.4277458 0.3379095 0.6215957 0.1037322 0.3697771 0.3977929 0.3418075 0.4051875 0.6369722 0.1318812 0.3397991 0.3863480 0.5769550 0.3492455 0.3788737 0.3628390 0.1333467 0.5680635 0.6549746 0.3602913 0.3605153 0.3754253 0.3567914 
Perityle_dissecta_201                      0.3331919 0.6125424 0.6014127 0.3370597 0.5442400 0.5601675 0.4206446 0.3010722 0.0934331 0.0252955 0.0642541 0.0173868 0.2633731 0.0181584 0.3204422 0.0225885 0.2029644 0.0313158 0.0387976 0.1393914 0.0758137 0.2526173 0.6805112 0.5881380 0.4179354 0.2818776 0.6183875 0.4260260 0.3653773 0.0000000 0.5482367 0.3034739 0.0245071 0.6427099 0.1240714 0.0115898 0.2159409 0.3430735 0.0250741 0.3076186 0.4452622 0.0254398 0.3387338 0.0843317 0.1042421 0.3159508 0.0495402 0.0272709 0.0769762 0.2585004 0.0325842 0.5360910 0.1691222 0.3909239 0.2182378 0.0691882 0.4184659 0.3490245 0.5240537 0.0434012 0.0528011 0.1933112 0.2725047 0.3255083 0.6459506 0.0050664 0.0158596 0.0377522 0.5636854 0.0252038 0.0322125 0.0844046 0.0186387 0.5726297 0.6434004 0.0712538 0.0292926 0.0646144 0.2567204 
Perityle_emoryi_47_punta_san_jose          0.0441255 0.2137382 0.3814375 0.6131470 0.3636783 0.3604269 0.6058406 0.6845130 0.5858826 0.5269572 0.4734016 0.4068657 0.5761664 0.5433734 0.3966533 0.5108408 0.5115281 0.4891297 0.5535294 0.5949381 0.5831944 0.5774720 0.1476083 0.1255797 0.0020299 0.3718109 0.3688022 0.5617093 0.5935642 0.5482367 0.0000000 0.6400529 0.5259588 0.1385277 0.4209156 0.5353853 0.5090790 0.6240817 0.4943215 0.5677837 0.6322227 0.5622937 0.5370409 0.6007967 0.5970259 0.5858735 0.4778113 0.5639949 0.5467473 0.5772977 0.5577046 0.0942717 0.3639916 0.1417113 0.5995136 0.5661909 0.0925767 0.1518664 0.1314100 0.2395634 0.5690339 0.5921614 0.5542462 0.5830123 0.2410526 0.2467649 0.5145873 0.5526514 0.0232930 0.5267303 0.5400995 0.5045055 0.2053884 0.1627620 0.3110828 0.5373097 0.5294932 0.5548044 0.5022643 
Perityle_feddemae_99                       0.3702323 0.7209563 0.6328496 0.4149760 0.6033104 0.5502235 0.3928224 0.4218616 0.3873644 0.3087903 0.2958473 0.2678860 0.4224356 0.2785226 0.3918650 0.2842836 0.2892645 0.3120836 0.3642066 0.4321667 0.3631078 0.3324626 0.7561488 0.7070627 0.5143176 0.2622873 0.7044373 0.3912965 0.3445051 0.3034739 0.6400529 0.0000000 0.2874429 0.7124956 0.2081694 0.2906596 0.3580843 0.0324567 0.2719521 0.0218076 0.3606677 0.3070615 0.2671233 0.3834170 0.3963063 0.0228166 0.3124543 0.3081721 0.3675459 0.3746781 0.2975143 0.6111413 0.2694295 0.4619342 0.4796180 0.3741415 0.4853901 0.3835563 0.6245262 0.0940138 0.3242480 0.3845391 0.3327182 0.3505677 0.6717022 0.1228069 0.2871558 0.3097234 0.6195740 0.3121222 0.3145409 0.3416816 0.1116725 0.6032939 0.7141460 0.2984660 0.3008913 0.3404072 0.3792831 
Perityle_fosteri_93                        0.3406660 0.5887147 0.5801529 0.3080202 0.5601216 0.5515492 0.3626608 0.2672734 0.0376870 0.0323832 0.0726964 0.0151562 0.1768933 0.0130489 0.3455305 0.0228708 0.1410063 0.0415918 0.0466926 0.1453871 0.0438986 0.1673453 0.5962256 0.5816722 0.4167647 0.2458183 0.6015460 0.3742801 0.3455233 0.0245071 0.5259588 0.2874429 0.0000000 0.5839885 0.1284837 0.0228530 0.1817815 0.3042334 0.0330176 0.2942706 0.3355118 0.0253286 0.3097420 0.0346237 0.1070584 0.3055711 0.0595936 0.0312641 0.0896366 0.1692412 0.0278091 0.5440603 0.1533956 0.3985460 0.1214628 0.0369240 0.4326203 0.3490078 0.5245372 0.0403617 0.0354792 0.1395576 0.2095670 0.3255488 0.5651095 0.0102196 0.0110688 0.0452667 0.5635712 0.0338939 0.0413139 0.0949679 0.0182660 0.5128397 0.6047854 0.0355579 0.0281765 0.0353410 0.2195270 
Perityle_gamon_221                         0.0799059 0.2519571 0.4498846 0.7589427 0.3832252 0.4688211 0.6522175 0.7834151 0.6309689 0.5992644 0.4912561 0.3808409 0.6099502 0.6261748 0.4222756 0.5946437 0.6311436 0.5694255 0.6781663 0.6212979 0.6467057 0.6658736 0.1780033 0.1427190 0.1031043 0.5040975 0.3807798 0.7009915 0.6159474 0.6427099 0.1385277 0.7124956 0.5839885 0.0000000 0.4395366 0.6310532 0.5984371 0.7166716 0.5169508 0.6319710 0.7934336 0.6484732 0.6368037 0.6577429 0.6961207 0.6780031 0.5537052 0.6409489 0.6281743 0.6811128 0.6288788 0.0935573 0.4752181 0.1497770 0.7495558 0.6742766 0.1076694 0.1599505 0.1271683 0.2612513 0.6682796 0.7165514 0.6978217 0.6974107 0.2251707 0.2381024 0.5627083 0.6602478 0.1449557 0.6522253 0.6275478 0.5953376 0.2241859 0.1749963 0.2871214 0.6489860 0.6178304 0.6195778 0.6747952 
Perityle_gentryi_8_san_francisco           0.3537383 0.4724183 0.4387548 0.2720125 0.4052374 0.4435765 0.2122433 0.2010665 0.0935737 0.1213131 0.1566232 0.0895657 0.0124377 0.1231789 0.1686598 0.0968952 0.0373376 0.1367240 0.1399734 0.2562435 0.1463914 0.0474173 0.4574306 0.4483356 0.3235353 0.1619126 0.4317944 0.3037645 0.2298486 0.1240714 0.4209156 0.2081694 0.1284837 0.4395366 0.0000000 0.1245760 0.1941683 0.2378953 0.1276116 0.2152518 0.2236187 0.1327316 0.2280702 0.1180511 0.1913530 0.2288411 0.1137323 0.1376225 0.1418598 0.0440085 0.1279038 0.4241120 0.0486941 0.3608497 0.1336042 0.1343054 0.4110089 0.2957348 0.4094520 0.0209683 0.1213546 0.1157209 0.0540855 0.1847925 0.4315306 0.0607845 0.1265818 0.1394390 0.4376131 0.1294368 0.1297567 0.1882165 0.0767757 0.4180385 0.4527524 0.1291527 0.1159167 0.1341164 0.0604863 
Perityle_gilensis_22_Superstition          0.3202485 0.6053974 0.5771975 0.3173362 0.5489484 0.5506296 0.3883135 0.2988296 0.0482379 0.0219285 0.0601077 0.0116121 0.2160502 0.0135096 0.3149978 0.0155505 0.2171330 0.0214904 0.0291628 0.1292594 0.0323227 0.2328665 0.6394486 0.5763492 0.4148015 0.2811310 0.6105642 0.4157782 0.3649924 0.0115898 0.5353853 0.2906596 0.0228530 0.6310532 0.1245760 0.0000000 0.1997972 0.3348245 0.0184896 0.3018013 0.4063791 0.0247768 0.3312830 0.0361785 0.0844165 0.3121499 0.0416923 0.0253848 0.0703196 0.2406500 0.0280389 0.5265620 0.1611525 0.3888234 0.1922231 0.0222584 0.4156973 0.3435043 0.5077046 0.0332422 0.0461548 0.1419352 0.2851430 0.3284021 0.6302021 0.0000010 0.0137595 0.0281146 0.5455086 0.0140414 0.0223552 0.0688686 0.0125260 0.5429845 0.6215055 0.0703494 0.0270230 0.0239399 0.2403186 
Perityle_gilensis_salensis_225             0.3416769 0.6579598 0.5993190 0.4027355 0.5558147 0.5763901 0.4055753 0.4027485 0.1830566 0.2245266 0.1300670 0.0525416 0.2958946 0.2061889 0.3485173 0.2111143 0.2754766 0.2290268 0.2173730 0.2075079 0.2360223 0.3096954 0.6552280 0.6354451 0.4491704 0.2987557 0.6470149 0.4276023 0.3806845 0.2159409 0.5090790 0.3580843 0.1817815 0.5984371 0.1941683 0.1997972 0.0000000 0.4469537 0.1817528 0.3842183 0.4914586 0.2223767 0.4227863 0.1756125 0.2362278 0.3949852 0.1711954 0.2356535 0.2165557 0.3224339 0.2230521 0.5198419 0.1949101 0.4025168 0.3085353 0.2337187 0.4431330 0.3717613 0.5648760 0.0514170 0.2141809 0.3145434 0.3387774 0.3515131 0.5819261 0.0100481 0.1699192 0.2178926 0.5518065 0.2309194 0.2371160 0.2443825 0.0369035 0.5690440 0.6257411 0.2302913 0.2082631 0.2273168 0.3733514 
Perityle_glaucescens_94                    0.3634517 0.7053413 0.6889700 0.4623576 0.6130970 0.5928989 0.3757929 0.4495351 0.3856934 0.3549063 0.3029803 0.2756149 0.4188506 0.3235136 0.4540834 0.3253326 0.3689267 0.3566017 0.3576279 0.4619364 0.4071384 0.3850684 0.7520149 0.6935301 0.4916349 0.3165541 0.7330516 0.4353554 0.3390284 0.3430735 0.6240817 0.0324567 0.3042334 0.7166716 0.2378953 0.3348245 0.4469537 0.0000000 0.2889234 0.0222952 0.3664064 0.3466404 0.3186617 0.3776242 0.4155782 0.0277692 0.3424623 0.3461581 0.3957985 0.4007088 0.3406016 0.5891155 0.2984172 0.4435858 0.5320575 0.3892089 0.4811394 0.3846001 0.5868189 0.1040932 0.3583090 0.4211463 0.4391873 0.3772431 0.7042635 0.1278973 0.3003494 0.3532372 0.6090202 0.3572568 0.3666959 0.3989349 0.1276676 0.6359888 0.7190883 0.3821904 0.3493904 0.3817717 0.4308152 
Perityle_gracilis_11                       0.3131444 0.5441601 0.4875530 0.3080683 0.5247231 0.5004856 0.3166203 0.2593211 0.0333517 0.0329708 0.0808157 0.0336830 0.1533808 0.0198100 0.3471585 0.0295693 0.1272987 0.0116035 0.0431669 0.1439382 0.0121154 0.1591615 0.5181441 0.5288331 0.3684277 0.2382289 0.5139303 0.3320789 0.3202384 0.0250741 0.4943215 0.2719521 0.0330176 0.5169508 0.1276116 0.0184896 0.1817528 0.2889234 0.0000000 0.2801410 0.3069734 0.0318351 0.2501301 0.0177347 0.0678474 0.2824049 0.0592078 0.0331117 0.0704887 0.1523903 0.0318781 0.4983033 0.1508817 0.3578482 0.0636812 0.0041391 0.3874518 0.3052351 0.4795645 0.0579164 0.0326290 0.1427030 0.1890124 0.2439105 0.4806005 0.0214827 0.0280081 0.0415562 0.5088244 0.0027294 0.0054819 0.1070371 0.0062199 0.4506311 0.5247677 0.0352780 0.0238502 0.0054793 0.1913944 
Perityle_harkerae_31                       0.3500167 0.6591950 0.5975124 0.4439842 0.5794790 0.5482801 0.3124548 0.3722003 0.2778847 0.3089506 0.3086139 0.2670065 0.3044507 0.2912590 0.4549817 0.2929613 0.2857945 0.3135566 0.3183303 0.4316939 0.3252014 0.3086770 0.6592705 0.6707999 0.5006367 0.2573188 0.6598734 0.3635145 0.2880400 0.3076186 0.5677837 0.0218076 0.2942706 0.6319710 0.2152518 0.3018013 0.3842183 0.0222952 0.2801410 0.0000000 0.2431096 0.3177722 0.2547439 0.2831785 0.3585654 0.0208342 0.3121357 0.3212730 0.3296584 0.3092381 0.3079868 0.5724925 0.2605128 0.4249289 0.4225669 0.3178571 0.4652805 0.3719782 0.5665528 0.0937715 0.2941699 0.3203549 0.3315193 0.2978478 0.6038000 0.1214599 0.2990353 0.3148834 0.5705517 0.3121302 0.3168875 0.3603033 0.1240495 0.5666714 0.6509247 0.3083334 0.2978720 0.3167879 0.3723724 
Perityle_hofmeisteria_4_nombre_de_dios     0.3498656 0.7323987 0.7280626 0.5359480 0.6234879 0.6854956 0.5096679 0.5467325 0.5522358 0.4015011 0.3385375 0.2713020 0.5177472 0.4051690 0.4326025 0.3651345 0.3741170 0.4064443 0.5430447 0.4842921 0.4571898 0.4869690 0.8173952 0.7053942 0.4916370 0.2975671 0.7245857 0.4455102 0.4230402 0.4452622 0.6322227 0.3606677 0.3355118 0.7934336 0.2236187 0.4063791 0.4914586 0.3664064 0.3069734 0.2431096 0.0000000 0.4392176 0.3911739 0.5233429 0.5246330 0.2481440 0.4146891 0.4558345 0.4580139 0.5212953 0.4127591 0.6443148 0.2727251 0.4487035 0.5529565 0.5134379 0.4746788 0.3902254 0.6297695 0.1026257 0.4321652 0.5364889 0.4324877 0.4246429 0.7819450 0.1342452 0.3178311 0.4774079 0.6054549 0.4162560 0.3992523 0.4444223 0.1301920 0.6836543 0.8093991 0.4447790 0.3899037 0.4451256 0.5090322 
Perityle_huecosensis_48                    0.3332712 0.6032417 0.6008032 0.3366065 0.5546087 0.5840998 0.4334885 0.3088931 0.0855732 0.0327159 0.0668198 0.0210702 0.2509051 0.0234179 0.3373881 0.0238427 0.2175711 0.0417147 0.0526867 0.1483904 0.0739424 0.2447137 0.6672538 0.5852611 0.4274607 0.2828761 0.6015261 0.4335406 0.3805096 0.0254398 0.5622937 0.3070615 0.0253286 0.6484732 0.1327316 0.0247768 0.2223767 0.3466404 0.0318351 0.3177722 0.4392176 0.0000000 0.3373461 0.0847013 0.1154350 0.3253790 0.0614792 0.0426637 0.0867116 0.2576917 0.0416470 0.5434739 0.1686815 0.3955745 0.2182979 0.0618128 0.4245278 0.3593220 0.5238179 0.0429830 0.0665223 0.1766835 0.2735509 0.3474095 0.6520848 0.0050742 0.0157326 0.0516071 0.5648853 0.0387246 0.0429250 0.0902916 0.0183902 0.5666541 0.6394824 0.0788350 0.0374212 0.0669484 0.2676172 
Perityle_incana_3_ucla                     0.3301593 0.6497837 0.5486721 0.4401135 0.5940852 0.5403560 0.3883802 0.3999592 0.3086076 0.3414072 0.3302223 0.2458340 0.3504016 0.3154489 0.3709750 0.3210027 0.3305963 0.3215350 0.3392459 0.4180756 0.3355353 0.3400045 0.6112344 0.6021517 0.4310480 0.2875844 0.5898048 0.2862846 0.3808361 0.3387338 0.5370409 0.2671233 0.3097420 0.6368037 0.2280702 0.3312830 0.4227863 0.3186617 0.2501301 0.2547439 0.3911739 0.3373461 0.0000000 0.3393516 0.3693431 0.2836542 0.3052010 0.3445267 0.3514420 0.3583647 0.3267566 0.5563158 0.2620691 0.4067080 0.3816142 0.3324493 0.4284253 0.3836711 0.5391487 0.0833724 0.3120629 0.3716048 0.3211446 0.3356141 0.6363836 0.1150577 0.2877775 0.3373561 0.5530584 0.3410124 0.3290609 0.3461588 0.0920446 0.5874248 0.6179643 0.3276454 0.3234634 0.3285635 0.4048541 
Perityle_intricata_59_Clark_mtns           0.3177798 0.5960376 0.6054855 0.2966646 0.5462208 0.4898571 0.4700798 0.3330377 0.1353750 0.0376022 0.0397372 0.0176271 0.2771211 0.0430131 0.3545913 0.0380864 0.2255168 0.0275472 0.1381906 0.1216254 0.0908198 0.3138127 0.7005712 0.5913800 0.4028498 0.2884994 0.6112883 0.4223185 0.3791036 0.0843317 0.6007967 0.3834170 0.0346237 0.6577429 0.1180511 0.0361785 0.1756125 0.3776242 0.0177347 0.2831785 0.5233429 0.0847013 0.3393516 0.0000000 0.0892223 0.2985362 0.0564629 0.0796260 0.0905959 0.3288915 0.0596131 0.5275947 0.1651677 0.3933940 0.2927866 0.1057519 0.3750100 0.3378471 0.4993809 0.0443848 0.0795937 0.1938504 0.2938207 0.3485154 0.6351086 0.0026010 0.0251352 0.1097042 0.5680804 0.0281367 0.0382781 0.0482996 0.0032247 0.5560150 0.6621930 0.1138060 0.0503148 0.0755251 0.2692719 
Perityle_inyoensis_9_pleasant              0.3432666 0.6481142 0.6354746 0.3826607 0.6022698 0.5907593 0.4480626 0.3560997 0.0969210 0.0869511 0.1041690 0.0346832 0.3066003 0.0948360 0.3621847 0.0820241 0.3049561 0.0451810 0.1179548 0.1590640 0.1014460 0.3381773 0.7164350 0.6472794 0.4134171 0.3115315 0.6598481 0.4376998 0.4076774 0.1042421 0.5970259 0.3963063 0.1070584 0.6961207 0.1913530 0.0844165 0.2362278 0.4155782 0.0678474 0.3585654 0.5246330 0.1154350 0.3693431 0.0892223 0.0000000 0.3834605 0.0679887 0.1092391 0.1083967 0.3618279 0.1106843 0.5722782 0.1880551 0.4072872 0.2828213 0.0754257 0.4746047 0.3501032 0.5397751 0.0602903 0.1145556 0.2080293 0.3793813 0.3438822 0.6647920 0.0206114 0.0914890 0.1190371 0.5830436 0.0514310 0.0711766 0.1138325 0.0218920 0.5930926 0.6902737 0.1698195 0.0872939 0.0942219 0.2962925 
Perityle_jaliscana_203                     0.3702005 0.6888383 0.6561269 0.4600671 0.6129851 0.5743854 0.3300504 0.3914274 0.2948323 0.3227996 0.3211077 0.2724045 0.3147834 0.3066177 0.4560226 0.3095077 0.3016918 0.3132429 0.3312783 0.4500421 0.3239999 0.3251619 0.6778476 0.7002442 0.5048703 0.2615491 0.6864479 0.3797004 0.3061073 0.3159508 0.5858735 0.0228166 0.3055711 0.6780031 0.2288411 0.3121499 0.3949852 0.0277692 0.2824049 0.0208342 0.2481440 0.3253790 0.2836542 0.2985362 0.3834605 0.0000000 0.3186184 0.3307096 0.3557877 0.3335742 0.3201551 0.6054505 0.2715148 0.4423991 0.4249760 0.3227550 0.4850552 0.3833273 0.5893413 0.1068346 0.3052482 0.3370165 0.3532051 0.3236338 0.6383686 0.1305921 0.3008294 0.3279020 0.5871676 0.3197986 0.3149973 0.3708567 0.1272568 0.5958368 0.6787072 0.3308306 0.3125465 0.3158368 0.3785089 
Perityle_lemmonii_12                       0.3209644 0.5626862 0.5272589 0.3095727 0.5377466 0.5253266 0.3235259 0.2754565 0.0494362 0.0621451 0.0491448 0.0155167 0.2177397 0.0471330 0.3167093 0.0485664 0.1875811 0.0321022 0.0653040 0.1059062 0.0583592 0.2248391 0.5514491 0.5726309 0.3988109 0.2565043 0.6014235 0.3727401 0.3066141 0.0495402 0.4778113 0.3124543 0.0595936 0.5537052 0.1137323 0.0416923 0.1711954 0.3424623 0.0592078 0.3121357 0.4146891 0.0614792 0.3052010 0.0564629 0.0679887 0.3186184 0.0000000 0.0638311 0.0586935 0.2283736 0.0574686 0.5186155 0.1711775 0.3866982 0.1952573 0.0526503 0.3952615 0.3382461 0.4901086 0.0440785 0.0568092 0.1334456 0.2413993 0.3147704 0.5449746 0.0051966 0.0504788 0.0636137 0.5065498 0.0498499 0.0537911 0.0650482 0.0097103 0.4998382 0.5546170 0.0623383 0.0488681 0.0524641 0.2433083 
