77
Amauria_brandeegeana_62                    0.0000000 0.3985368 0.5740205 0.5335839 0.5751649 0.3188820 0.5089266 0.4159032 0.3812127 0.5350685 0.6342309 0.2793365 0.7685260 0.3025912 0.5312526 0.2941329 0.4939159 0.4722558 0.4522126 0.6440712 0.4467451 0.3191706 0.4473633 0.6311928 0.6719995 0.5863285 0.5550063 0.4803163 0.5486638 0.6163287 0.4906104 0.3140746 0.3598207 0.5906819 0.6218165 0.6422575 0.5611746 0.5316622 9.0000000 0.5766447 0.3281498 0.6458283 0.5614972 0.4409113 0.4299668 0.3921263 9.0000000 0.2392710 2.1213223 0.3461356 0.5541453 0.5182990 0.4969914 0.4960052 0.4523122 0.4785888 0.5744423 0.4714567 0.4948161 0.3012506 0.5517171 0.4562334 0.5641599 0.5501498 0.3708103 0.5457266 0.6214653 0.4726983 9.0000000 0.6232504 0.1372805 0.5310861 0.5948484 0.5743643 0.2805069 0.6223472 0.3444335 
Amauria_carterae_99_mesa                   0.3985368 0.0000000 0.0315590 0.1383422 0.0912576 0.0966883 0.1171214 0.1230881 0.3039085 0.0711451 0.0797304 0.3724121 0.2906416 0.1593528 0.1632696 0.3223738 0.1395804 0.1129875 0.4099614 0.1107429 0.3918286 0.0726852 0.0600187 0.0850273 0.1649086 0.1494880 0.1147006 0.1151170 0.0666412 0.0974139 0.0781055 0.4163124 0.3301015 0.1163151 0.1302535 0.1151033 0.1823574 0.2062531 9.0000000 0.1243126 0.4163334 0.1386844 0.1560935 0.1320731 0.3920976 0.3914784 9.0000000 0.3385309 9.0000000 0.3773052 0.0876557 0.1760111 0.1614770 0.0647446 0.4030695 0.3876442 0.0802961 0.0742521 0.1904294 0.3777061 0.1589975 0.3867830 0.0910934 0.0631520 0.0867087 0.1338711 0.1164484 0.0992813 9.0000000 0.1121628 0.3070905 0.0824753 0.1717718 0.0511670 0.3342350 0.5010776 0.3261088 
Amauria_rotundifolia_SRR9119150            0.5740205 0.0315590 0.0000000 0.3196289 0.3681276 0.0926885 0.2704297 0.0849260 0.4653653 0.3504522 0.3348254 0.6041171 0.4793882 0.5719641 0.4617043 0.5891683 0.2976903 0.2120656 0.6649183 0.4895082 0.6049502 0.1248697 0.3061915 0.3071245 0.5888509 0.3401292 0.2805743 0.1745139 0.2523884 0.3238696 0.2798369 0.6594568 0.5972887 0.4565651 0.4287056 0.3292799 0.4855093 0.2631338 0.9621384 0.3550070 0.5667643 0.4697453 0.3808408 0.1784137 0.7024127 0.5362788 0.8964517 0.4522790 0.9569727 0.5542104 0.3652506 0.3735364 0.2573409 0.1712183 0.6341942 0.7011791 0.3019646 0.2145222 0.2772517 0.6405062 0.4426681 0.6704895 0.2868660 0.3301112 0.1057757 0.4069318 0.4394929 0.3189954 0.8798861 0.4793787 0.2628343 0.2449470 0.4298187 0.3086939 0.5282390 0.6383814 0.5552169 
Conoclinium_coelestinum_SRR9119114         0.5335839 0.1383422 0.3196289 0.0000000 0.2773115 0.1262006 0.3988399 0.1935273 0.5184802 0.3980586 0.3971809 0.5509207 0.4791421 0.3447144 0.4239447 0.4601816 0.2797581 0.3065785 0.5034870 0.2568016 0.5128589 0.1962553 0.1477364 0.3668056 0.3258279 0.3896826 0.3265754 0.1999701 0.3960662 0.4013814 0.3290788 0.6226056 0.6413150 0.3424403 0.2867261 0.2887128 0.4488155 0.2476060 0.4270778 0.3067944 0.5908837 0.3026294 0.4068177 0.1810698 0.5333292 0.3824119 0.4515800 0.5258600 0.4207022 0.5329178 0.2315128 0.4265757 0.2447677 0.2691966 0.4987336 0.5334183 0.3383545 0.2520801 0.2785631 0.5667715 0.3563847 0.6146991 0.3258646 0.3258011 0.1206194 0.2545790 0.2851583 0.2542621 0.4315977 0.2531745 0.3481743 0.2955353 0.4172323 0.3270588 0.3735342 0.4720344 0.5882819 
Eutetras_palmeri_63                        0.5751649 0.0912576 0.3681276 0.2773115 0.0000000 0.0600324 0.3826417 0.1577944 0.4730354 0.3879049 0.4272433 0.5987904 0.3824212 0.2804254 0.4995855 0.4647735 0.2709122 0.2430792 0.5022100 0.2766222 0.4566733 0.1593134 0.0401526 0.3724239 0.2908889 0.3705649 0.3147937 0.1895739 0.3634171 0.4065665 0.3097641 0.6362127 0.6789638 0.3367121 0.2840764 0.3837745 0.4812447 0.1696664 0.3557580 0.3784775 0.6349987 0.2627371 0.3750881 0.1161307 0.5430171 0.3574023 0.3704192 0.5808771 0.3377258 0.5668564 0.1975549 0.3472268 0.1668843 0.2417765 0.4686009 0.4948734 0.3248830 0.2715808 0.2150384 0.6155052 0.3730824 0.6447626 0.3408523 0.3103982 0.0536932 0.2938314 0.2525968 0.2260596 0.3652889 0.2834089 0.3116138 0.3125363 0.4009377 0.3835437 0.3354084 0.4181287 0.6247904 
Eutetras_pringlei_149_quer                 0.3188820 0.0966883 0.0926885 0.1262006 0.0600324 0.0000000 0.1171816 0.1307227 0.1814048 0.0827505 0.1094686 0.2749220 0.2216889 0.0309708 0.0840559 0.2763502 0.0540307 0.0965919 0.3263167 0.0570705 0.3131075 0.0284574 0.0638269 0.1418485 0.0883521 0.0486076 0.1112078 0.0673058 0.0905183 0.0885022 0.1129458 0.2931372 0.2199101 0.0984281 0.0654323 0.1403912 0.0916502 0.0978979 9.0000000 0.1321882 0.2823254 0.0816336 0.0770376 0.0556282 0.2978968 0.3107638 9.0000000 0.2424559 9.0000000 0.2616966 0.0545622 0.0635260 0.0779815 0.1006576 0.3166464 0.3004742 0.0810576 0.0966944 0.0291938 0.2730743 0.0767300 0.2669410 0.1381508 0.0934855 0.0561673 0.0694423 0.0560872 0.0682945 9.0000000 0.0484814 0.2815223 0.1121127 0.0849308 0.0656459 0.2873950 0.4042176 0.2165517 
Eutrochium_fistulosum_SRR9119106           0.5089266 0.1171214 0.2704297 0.3988399 0.3826417 0.1171816 0.0000000 0.1591811 0.5358140 0.3338976 0.3229199 0.5207310 0.5352484 0.3721284 0.4147018 0.4930688 0.2949096 0.2479247 0.5172779 0.3609563 0.4875654 0.1975493 0.2109241 0.3238465 0.4960506 0.4174630 0.3399523 0.2429600 0.2818157 0.3157175 0.2585788 0.6065248 0.5457875 0.4570087 0.3356656 0.3315607 0.4643023 0.3288520 0.7578474 0.2982213 0.6283803 0.4402735 0.3994517 0.2641282 0.5403954 0.4083833 0.7806596 0.5418412 0.7193825 0.5527786 0.2865958 0.4297392 0.3152730 0.2151305 0.5098897 0.5265704 0.3212703 0.2409875 0.3569402 0.5900960 0.4139211 0.6255025 0.3037219 0.2528877 0.1581704 0.3536692 0.3837568 0.3385803 0.6849025 0.3745945 0.3437629 0.2776855 0.4507967 0.2934514 0.3898613 0.5406264 0.5277350 
Galeana_pratensis_104_mex                  0.4159032 0.1230881 0.0849260 0.1935273 0.1577944 0.1307227 0.1591811 0.0000000 0.2318088 0.0933114 0.1359487 0.3894957 0.3298815 0.0000010 0.1736761 0.3248558 0.1300024 0.1397983 0.4146739 0.1386510 0.4138331 0.0590900 0.1076265 0.1073609 0.1613831 0.1423804 0.1726593 0.1439903 0.0967108 0.1206356 0.1223301 0.4590824 0.3373872 0.1451312 0.1581650 0.1598486 0.1614305 0.1322463 9.0000000 0.1431530 0.4507993 0.1562921 0.1879529 0.1298518 0.4272411 0.3800778 9.0000000 0.3378899 9.0000000 0.4096365 0.1087481 0.1477017 0.1596388 0.0886623 0.4224547 0.3981784 0.1353324 0.1264017 0.0146272 0.4373505 0.1352736 0.4136611 0.1272215 0.1360066 0.1086510 0.1463190 0.1396726 0.1468774 9.0000000 0.1424481 0.3453428 0.1476831 0.2120012 0.0961204 0.3375503 0.3790947 0.3323926 
Helianthus_annuus_SRR9119062               0.3812127 0.3039085 0.4653653 0.5184802 0.4730354 0.1814048 0.5358140 0.2318088 0.0000000 0.4689936 0.5046861 0.3920927 0.7801724 0.3391789 0.4648740 0.4352939 0.4233817 0.3819864 0.5227175 0.4491129 0.5854080 0.2948508 0.3560194 0.5185506 0.5373931 0.5072681 0.4727389 0.3636585 0.5146399 0.5036392 0.4014026 0.5183940 0.5191299 0.5897104 0.4427241 0.4281577 0.4762942 0.4744873 0.7752619 0.4137152 0.5066165 0.5321339 0.4791971 0.3715658 0.5529746 0.4391257 0.9264022 0.4169697 0.8861226 0.5313323 0.4382363 0.5811240 0.4558739 0.4382110 0.5485675 0.6029817 0.4495610 0.3559225 0.3900756 0.4962523 0.4785842 0.5705455 0.4199364 0.4133200 0.2977061 0.4565299 0.4796922 0.4474725 0.9225613 0.4641710 0.2322221 0.4201387 0.5437278 0.4753291 0.3518232 0.6001021 0.4983352 
Lycapsus_tenuifolius_17                    0.5350685 0.0711451 0.3504522 0.3980586 0.3879049 0.0827505 0.3338976 0.0933114 0.4689936 0.0000000 0.4022126 0.5495890 0.4576250 0.3503091 0.4520454 0.5493956 0.3200295 0.2324606 0.5740100 0.3632984 0.5350259 0.1574641 0.2208239 0.3667497 0.4935470 0.4511975 0.3116946 0.2317966 0.3178088 0.3768259 0.0634785 0.7266518 0.5821108 0.4919213 0.3543719 0.3072009 0.4681598 0.2239259 0.6830069 0.3241745 0.6161697 0.3986057 0.2887562 0.2222436 0.6000617 0.4033520 0.6756305 0.5278295 0.6606764 0.5478663 0.2401267 0.3790520 0.2618169 0.1764868 0.5606158 0.5975555 0.2894368 0.2247860 0.2946306 0.6234000 0.4213672 0.6917526 0.3169677 0.3349649 0.1041285 0.3558346 0.4032177 0.3236221 0.6659187 0.3636526 0.2964167 0.2899992 0.4812782 0.3481246 0.4011932 0.5339032 0.5805784 
Pericome_caudata_50_silver                 0.6342309 0.0797304 0.3348254 0.3971809 0.4272433 0.1094686 0.3229199 0.1359487 0.5046861 0.4022126 0.0000000 0.7741882 0.4460499 0.5145985 0.4618874 0.6515572 0.2941263 0.2170974 0.6405108 0.4784075 0.5845730 0.1781018 0.3057771 0.4078757 0.6482524 0.4151332 0.3531679 0.2288217 0.3137561 0.4078101 0.3545734 0.7773651 0.7126177 0.5261391 0.4179987 0.4183899 0.5111363 0.2827477 0.6810175 0.4390818 0.6092824 0.4961893 0.4005854 0.1848125 0.6711109 0.5154362 0.6720280 0.5650713 0.6883667 0.6272421 0.3710015 0.4140435 0.2768778 0.2109023 0.6003870 0.6962484 0.3688731 0.2871406 0.2821281 0.7106200 0.4711689 0.7449756 0.3550544 0.4050533 0.1396061 0.4145059 0.4829175 0.3745053 0.6859393 0.4831664 0.3662827 0.3788387 0.5008273 0.4020100 0.4931357 0.6182042 0.6628545 
Perityle_aglossa_84_dead_horse             0.2793365 0.3724121 0.6041171 0.5509207 0.5987904 0.2749220 0.5207310 0.3894957 0.3920927 0.5495890 0.7741882 0.0000000 0.6573301 0.4831028 0.6090185 0.1886159 0.4618367 0.4133676 0.4328354 0.6813506 0.3985954 0.2667103 0.4594202 0.6586127 0.8415873 0.6171080 0.5263940 0.4154160 0.6618996 0.6849441 0.5255878 0.2678190 0.2928436 0.6082430 0.6249593 0.6486409 0.6283433 0.4813270 0.8163902 0.5820334 0.2919428 0.6575668 0.5391366 0.3599583 0.4322093 0.3667789 1.1833378 0.1345552 1.1136582 0.3875454 0.5668114 0.6467472 0.4537232 0.4586337 0.4369637 0.5091200 0.6373540 0.4019597 0.5298360 0.0169056 0.5685003 0.4765995 0.5941057 0.6329552 0.3756040 0.5481281 0.6029105 0.4330857 1.0755660 0.6378958 0.0947529 0.6057908 0.6399247 0.6989945 0.3585363 0.5926448 0.2733848 
Perityle_ajoensis_204                      0.7685260 0.2906416 0.4793882 0.4791421 0.3824212 0.2216889 0.5352484 0.3298815 0.7801724 0.4576250 0.4460499 0.6573301 0.0000000 0.0729044 0.5570611 0.4016603 0.4032454 0.4049458 0.5079723 0.3352297 0.5354893 0.3668841 0.2912216 0.4577891 0.4974228 0.5400121 0.4644515 0.3682889 0.4721317 0.4573383 0.3728158 0.7841846 0.6730832 0.5210130 0.3338772 0.4620459 0.5584354 0.2803777 0.1004599 0.3950828 0.7377074 0.5083035 0.5560679 0.3546538 0.4874529 0.3703594 0.0929547 0.6097605 0.0702877 0.7553927 0.2808027 0.5276227 0.4157099 0.4272119 0.5380670 0.5514692 0.4596093 0.3843212 0.2450218 0.7573806 0.4361810 0.7776692 0.4444284 0.4326801 0.2801770 0.4085873 0.4396332 0.3742309 0.0638836 0.3488921 0.4185182 0.4207183 0.5297336 0.4330683 0.3269061 0.5037298 0.6632182 
Perityle_angustifolia_13_Eagle_creek       0.3025912 0.1593528 0.5719641 0.3447144 0.2804254 0.0309708 0.3721284 0.0000010 0.3391789 0.3503091 0.5145985 0.4831028 0.0729044 0.0000000 0.6475229 0.2015606 0.2496583 0.4221228 0.0396907 0.0355810 0.0591417 0.0000010 0.3409282 0.4648304 0.3766972 0.1363651 0.1793304 0.1769232 0.5590826 0.5084140 0.3909639 0.6549593 0.5203980 0.2086158 0.0300608 0.2316224 0.5668472 0.1463246 0.0296684 0.1662929 0.4156208 0.3448092 0.7492596 0.2163705 0.0589097 0.0527704 0.0185339 0.1415208 0.0333622 0.6051922 0.0232434 0.3946415 0.1625563 0.1574796 0.0597571 0.0561826 0.3549967 0.1555902 0.2341556 0.4616695 0.3857015 0.2869086 0.3427759 0.4213818 0.1448609 0.2514971 0.2483460 0.2952792 0.0196649 0.0294509 0.1255259 0.3592485 0.3178572 0.5471342 0.0548671 0.0623220 0.2260504 
Perityle_batopilensis_97                   0.5312526 0.1632696 0.4617043 0.4239447 0.4995855 0.0840559 0.4147018 0.1736761 0.4648740 0.4520454 0.4618874 0.6090185 0.5570611 0.6475229 0.0000000 0.6286779 0.2298660 0.3031424 0.6883782 0.4585108 0.6289248 0.1801476 0.3207640 0.4672937 0.4907235 0.2737928 0.3479902 0.1809522 0.4432135 0.4423957 0.3294973 0.6653636 0.5904138 0.4397841 0.4011893 0.3915284 0.0687620 0.2428857 0.8084298 0.4150087 0.6068201 0.4209476 0.4774568 0.1312831 0.7176076 0.5715236 0.8175781 0.5070045 0.8235236 0.5219782 0.4072086 0.3257221 0.2138765 0.2922016 0.6420396 0.6927980 0.4275209 0.2974270 0.2672520 0.6851676 0.1949170 0.6777545 0.4218079 0.4488188 0.1220069 0.3864483 0.3531492 0.3371453 0.8099060 0.4639313 0.2796490 0.3839911 0.3876359 0.4812956 0.5112247 0.6092104 0.5783138 
Perityle_bisetosa_9                        0.2941329 0.3223738 0.5891683 0.4601816 0.4647735 0.2763502 0.4930688 0.3248558 0.4352939 0.5493956 0.6515572 0.1886159 0.4016603 0.2015606 0.6286779 0.0000000 0.4325011 0.4347003 0.2773628 0.4119601 0.2395575 0.2393702 0.3777182 0.5609984 0.5926689 0.5226324 0.4476014 0.3483709 0.6335361 0.5884255 0.4982866 0.3207545 0.3332679 0.4669508 0.4055844 0.5565184 0.6323010 0.4479001 0.2548090 0.4909675 0.2897562 0.5025451 0.5852965 0.2302979 0.2543818 0.2108648 0.1724544 0.1057619 0.2596965 0.3794522 0.3619228 0.5311995 0.3582795 0.3844596 0.2715390 0.2951405 0.4900100 0.3698878 0.4721047 0.1479244 0.5049130 0.4215112 0.4978597 0.5311187 0.3195970 0.3849139 0.4781623 0.3069946 0.1376290 0.3946733 0.0997743 0.5256423 0.5419211 0.6003696 0.2813011 0.3235110 0.2751732 
Perityle_californica_76_positas            0.4939159 0.1395804 0.2976903 0.2797581 0.2709122 0.0540307 0.2949096 0.1300024 0.4233817 0.3200295 0.2941263 0.4618367 0.4032454 0.2496583 0.2298660 0.4325011 0.0000000 0.2119289 0.5061141 0.2016188 0.4916827 0.1724267 0.0702625 0.3383738 0.2949397 0.2569494 0.2089177 0.1211180 0.3242341 0.2900351 0.2256757 0.5996477 0.5248999 0.3162346 0.1986279 0.2848591 0.2445654 0.1808950 0.7424920 0.2711341 0.5621895 0.2540969 0.2328205 0.1058121 0.5277070 0.3725712 0.7762571 0.4668866 0.8014071 0.4941914 0.1895493 0.2947356 0.1718354 0.2298519 0.5226366 0.5427615 0.3176337 0.2194269 0.1650998 0.5452922 0.1844905 0.5393983 0.3084851 0.3043686 0.0725037 0.2478518 0.2229093 0.1751214 0.7424920 0.2058556 0.3049155 0.2632476 0.2975323 0.2735850 0.3140134 0.4768935 0.4987907 
Perityle_canescens_77                      0.4722558 0.1129875 0.2120656 0.3065785 0.2430792 0.0965919 0.2479247 0.1397983 0.3819864 0.2324606 0.2170974 0.4133676 0.4049458 0.4221228 0.3031424 0.4347003 0.2119289 0.0000000 0.4973157 0.3130782 0.5120894 0.1387807 0.2815651 0.2368563 0.3683072 0.2033590 0.1678099 0.1698072 0.1925647 0.2185477 0.2107099 0.5537574 0.4258487 0.2756597 0.3123229 0.1354358 0.3073185 0.2798905 0.7336311 0.1123278 0.4607876 0.3428624 0.3424117 0.2138212 0.5023751 0.4460223 0.7716475 0.4028289 0.7475915 0.5255719 0.2830262 0.2917653 0.2667265 0.1486502 0.5360364 0.5487062 0.1834558 0.1217027 0.2793807 0.4962686 0.2844924 0.4847148 0.1691670 0.1749826 0.1320835 0.2649843 0.2923482 0.2497377 0.7269349 0.2790992 0.2955847 0.1251968 0.2585219 0.2149399 0.4343928 0.6026198 0.4247503 
Perityle_castillonii_96                    0.4522126 0.4099614 0.6649183 0.5034870 0.5022100 0.3263167 0.5172779 0.4146739 0.5227175 0.5740100 0.6405108 0.4328354 0.5079723 0.0396907 0.6883782 0.2773628 0.5061141 0.4973157 0.0000000 0.2550926 0.0774346 0.4003719 0.4121196 0.6133674 0.5823439 0.5353150 0.5941385 0.4807083 0.6013738 0.5770956 0.4982217 0.5497372 0.5986764 0.5191819 0.2110763 0.5367125 0.6548378 0.4626320 0.0225504 0.4971215 0.4549652 0.5417362 0.6776396 0.4096183 0.1067121 0.0352940 0.0132506 0.3390685 0.0206537 0.5450576 0.1584871 0.6580054 0.4728993 0.4474820 0.0801653 0.1215268 0.5122443 0.4827796 0.4799954 0.4982049 0.6091957 0.5164464 0.5038965 0.5186126 0.4062362 0.4894247 0.5316859 0.5100416 0.0150919 0.2992303 0.0898611 0.5321047 0.5784182 0.5943872 0.0266788 0.1526024 0.5308279 
Perityle_cernua_84                         0.6440712 0.1107429 0.4895082 0.2568016 0.2766222 0.0570705 0.3609563 0.1386510 0.4491129 0.3632984 0.4784075 0.6813506 0.3352297 0.0355810 0.4585108 0.4119601 0.2016188 0.3130782 0.2550926 0.0000000 0.2114301 0.1182733 0.1507545 0.4753583 0.2871400 0.2819908 0.2869622 0.1450222 0.4104686 0.4264512 0.2950915 0.7366203 0.7364301 0.2868407 0.0930242 0.3826938 0.4315371 0.1697347 0.0191518 0.3564636 0.5911196 0.2934232 0.4294343 0.0762742 0.2479035 0.1647045 0.0147636 0.5230952 0.0568652 0.6260052 0.0527772 0.2955295 0.0756734 0.2302288 0.2343076 0.2606538 0.3797876 0.2540474 0.2620824 0.6225456 0.3142652 0.6449609 0.3769806 0.4248655 0.0718881 0.2210397 0.2067209 0.2352962 0.0068385 0.0239349 0.3199820 0.3461586 0.3386139 0.4397321 0.1712677 0.2188989 0.6775131 
Perityle_cfvillosa_25_tin                  0.4467451 0.3918286 0.6049502 0.5128589 0.4566733 0.3131075 0.4875654 0.4138331 0.5854080 0.5350259 0.5845730 0.3985954 0.5354893 0.0591417 0.6289248 0.2395575 0.4916827 0.5120894 0.0774346 0.2114301 0.0000000 0.3929478 0.3876819 0.5412619 0.5066958 0.5544403 0.5285391 0.5031895 0.5538531 0.5846026 0.4781356 0.5065665 0.5591498 0.4348672 0.1991195 0.5065674 0.6191981 0.4393765 0.0103980 0.4599127 0.4745618 0.5069059 0.6677310 0.3988169 0.0569206 0.0082508 0.0018721 0.3368218 0.0066281 0.5165179 0.1602373 0.6112972 0.4590168 0.4291401 0.0094293 0.0089236 0.4862589 0.4420223 0.4409552 0.4780851 0.5393337 0.4485020 0.4893387 0.4907339 0.3916562 0.4308099 0.4840658 0.4540143 0.0035997 0.2566291 0.0985009 0.5039246 0.5410169 0.5417499 0.0316739 0.1077880 0.5068308 
Perityle_cinerea_113_Powell1310            0.3191706 0.0726852 0.1248697 0.1962553 0.1593134 0.0284574 0.1975493 0.0590900 0.2948508 0.1574641 0.1781018 0.2667103 0.3668841 0.0000010 0.1801476 0.2393702 0.1724267 0.1387807 0.4003719 0.1182733 0.3929478 0.0000000 0.0000010 0.1332725 0.1471067 0.1988428 0.1649260 0.1088620 0.1421546 0.1524616 0.1102100 0.3789501 0.3620967 0.1640362 0.1383184 0.1564906 0.1652521 0.0000010 9.0000000 0.1325669 0.3549220 0.1415739 0.1632748 0.0713283 0.4083400 0.2663521 9.0000000 0.2943797 9.0000000 0.3383102 0.0964858 0.2172452 0.1442281 0.0988511 0.3936609 0.3818043 0.1273626 0.1167898 0.0000010 0.3821811 0.2121855 0.3505223 0.1183599 0.1084078 0.0127661 0.1084387 0.1140296 0.1254623 9.0000000 0.0990691 0.1808667 0.1186941 0.1799236 0.1062257 0.2064600 0.2823424 0.3684573 
Perityle_coahuilensis_24                   0.4473633 0.0600187 0.3061915 0.1477364 0.0401526 0.0638269 0.2109241 0.1076265 0.3560194 0.2208239 0.3057771 0.4594202 0.2912216 0.3409282 0.3207640 0.3777182 0.0702625 0.2815651 0.4121196 0.1507545 0.3876819 0.0000010 0.0000000 0.2679396 0.0384760 0.0533838 0.1238165 0.0372182 0.2558121 0.2474960 0.2489685 0.4416040 0.4686745 0.0778346 0.1652687 0.1805601 0.3238212 0.1685883 0.4157101 0.1272735 0.3799813 0.0794046 0.2747587 0.0474190 0.3652342 0.3789086 0.4255361 0.2881338 0.4171105 0.4582327 0.1825311 0.1112880 0.0111464 0.1099666 0.4035006 0.4110558 0.2290396 0.0744616 0.2753361 0.4209775 0.1274229 0.4394955 0.2398139 0.2457651 0.0275361 0.0495768 0.0227869 0.0512065 0.4184709 0.1445841 0.2321994 0.1951307 0.1515055 0.2918903 0.4249304 0.5129797 0.4357520 
Perityle_cordifolia_27                     0.6311928 0.0850273 0.3071245 0.3668056 0.3724239 0.1418485 0.3238465 0.1073609 0.5185506 0.3667497 0.4078757 0.6586127 0.4577891 0.4648304 0.4672937 0.5609984 0.3383738 0.2368563 0.6133674 0.4753583 0.5412619 0.1332725 0.2679396 0.0000000 0.5798069 0.4279283 0.3289056 0.2152091 0.3096527 0.3909284 0.3269981 0.7219922 0.6144610 0.4775120 0.4197365 0.4072261 0.5112716 0.2837311 0.7566345 0.4263724 0.6607813 0.4988427 0.3751738 0.1789557 0.6345686 0.4584727 0.6076097 0.4872546 0.7225402 0.5546225 0.3211805 0.3991735 0.2405139 0.1043986 0.5739805 0.6127067 0.3677412 0.3077151 0.2808831 0.6401663 0.4689044 0.6763919 0.3516248 0.4005623 0.1370740 0.4353151 0.4940537 0.3254129 0.6273709 0.4658156 0.3419329 0.3714236 0.4937388 0.3204600 0.4612201 0.5883516 0.5743645 
Perityle_cordifolia_68_tecolote            0.6719995 0.1649086 0.5888509 0.3258279 0.2908889 0.0883521 0.4960506 0.1613831 0.5373931 0.4935470 0.6482524 0.8415873 0.4974228 0.3766972 0.4907235 0.5926689 0.2949397 0.3683072 0.5823439 0.2871400 0.5066958 0.1471067 0.0384760 0.5798069 0.0000000 0.4773108 0.3919976 0.1963617 0.5612878 0.5326751 0.4159817 0.6904216 0.7259333 0.4589296 0.2780310 0.5956709 0.5184990 0.2014856 0.4512660 0.6278341 0.6266303 0.2985786 0.4220439 0.0880714 0.5796367 0.4408040 0.4650375 0.5617295 0.4598740 0.5543833 0.2138401 0.3938536 0.0126675 0.3300048 0.5258972 0.5914193 0.5053925 0.4392599 0.2875863 0.6829541 0.4162374 0.7636554 0.4875152 0.5883225 0.0708605 0.2902088 0.2063879 0.2707743 0.4629624 0.3078586 0.3568923 0.5396309 0.4803035 0.6123312 0.4563548 0.5539019 0.6812904 
Perityle_coronopifolia_28_patagonia        0.5863285 0.1494880 0.3401292 0.3896826 0.3705649 0.0486076 0.4174630 0.1423804 0.5072681 0.4511975 0.4151332 0.6171080 0.5400121 0.1363651 0.2737928 0.5226324 0.2569494 0.2033590 0.5353150 0.2819908 0.5544403 0.1988428 0.0533838 0.4279283 0.4773108 0.0000000 0.3003980 0.1782478 0.4927057 0.4597944 0.3655181 0.6981409 0.6953671 0.4006954 0.2589793 0.3873499 0.2817915 0.2422281 0.1409051 0.3970122 0.7156688 0.3406493 0.3436111 0.1049323 0.6580163 0.3511573 0.2294281 0.5561725 0.1466800 0.5461991 0.1802627 0.3768014 0.2311210 0.2871376 0.5617139 0.6253849 0.4116340 0.2485933 0.2782139 0.6153050 0.2209058 0.6942559 0.3302935 0.3591253 0.1088183 0.2994957 0.3497238 0.2345090 0.1409051 0.2887395 0.2968175 0.3591296 0.4127387 0.3782113 0.2850750 0.4399027 0.6529310 
Perityle_crassifolia_70_ventanas           0.5550063 0.1147006 0.2805743 0.3265754 0.3147937 0.1112078 0.3399523 0.1726593 0.4727389 0.3116946 0.3531679 0.5263940 0.4644515 0.1793304 0.3479902 0.4476014 0.2089177 0.1678099 0.5941385 0.2869622 0.5285391 0.1649260 0.1238165 0.3289056 0.3919976 0.3003980 0.0000000 0.1058731 0.2936692 0.3144480 0.2189930 0.5827462 0.5145619 0.3680864 0.2536277 0.2907996 0.3773020 0.2293262 0.2485660 0.3198935 0.5761688 0.3282272 0.2692877 0.1455624 0.6445906 0.3871143 0.5046108 0.5108812 0.5046108 0.5264313 0.1663664 0.3091196 0.2262809 0.1874364 0.5552466 0.6326972 0.2454489 0.2298175 0.2015277 0.5712296 0.3556198 0.6214258 0.2934939 0.2751832 0.1281460 0.2945976 0.3056067 0.2184746 0.5046108 0.3040670 0.3428311 0.2280038 0.3457805 0.2762028 0.3324190 0.5196514 0.5171456 
Perityle_crassifolia_74_playa_balandra     0.4803163 0.1151170 0.1745139 0.1999701 0.1895739 0.0673058 0.2429600 0.1439903 0.3636585 0.2317966 0.2288217 0.4154160 0.3682889 0.1769232 0.1809522 0.3483709 0.1211180 0.1698072 0.4807083 0.1450222 0.5031895 0.1088620 0.0372182 0.2152091 0.1963617 0.1782478 0.1058731 0.0000000 0.2073592 0.2248340 0.1707688 0.5245033 0.4512485 0.2017200 0.1206455 0.2160064 0.1910073 0.1513683 9.0000000 0.2384492 0.4950567 0.1967573 0.1447549 0.0849251 0.4978032 0.3738558 9.0000000 0.4465873 9.0000000 0.4630632 0.1070325 0.1872826 0.1381993 0.1307459 0.5155431 0.5116738 0.1583404 0.1425902 0.1697153 0.4967396 0.1791559 0.5125531 0.2180179 0.1814350 0.0717864 0.1549624 0.1488771 0.0966280 9.0000000 0.1504572 0.3201382 0.1632278 0.2170310 0.1748685 0.3125631 0.4974919 0.4577862 
Perityle_cuneata_34_cuneata_San_antonio    0.5486638 0.0666412 0.2523884 0.3960662 0.3634171 0.0905183 0.2818157 0.0967108 0.5146399 0.3178088 0.3137561 0.6618996 0.4721317 0.5590826 0.4432135 0.6335361 0.3242341 0.1925647 0.6013738 0.4104686 0.5538531 0.1421546 0.2558121 0.3096527 0.5612878 0.4927057 0.2936692 0.2073592 0.0000000 0.3142641 0.3002630 0.7162296 0.6346860 0.3890100 0.3980273 0.3132766 0.4590083 0.2586032 0.7942463 0.2919003 0.6002452 0.4499571 0.4282733 0.1636165 0.6238805 0.4973776 0.7857103 0.5188388 0.8373901 0.6338232 0.3640740 0.4090116 0.2571344 0.1610867 0.5824321 0.6300139 0.3222764 0.2437163 0.2837723 0.6681587 0.4141941 0.6948176 0.2902190 0.3057732 0.1089456 0.3578021 0.4411060 0.3169517 0.7831230 0.3808389 0.3363874 0.2877107 0.4671925 0.3021418 0.5014299 0.5939698 0.5822976 
Perityle_cuneata_4                         0.6163287 0.0974139 0.3238696 0.4013814 0.4065665 0.0885022 0.3157175 0.1206356 0.5036392 0.3768259 0.4078101 0.6849441 0.4573383 0.5084140 0.4423957 0.5884255 0.2900351 0.2185477 0.5770956 0.4264512 0.5846026 0.1524616 0.2474960 0.3909284 0.5326751 0.4597944 0.3144480 0.2248340 0.3142641 0.0000000 0.3524500 0.6751620 0.5915272 0.4661628 0.3836931 0.3597697 0.4783763 0.2523086 0.9980463 0.3408125 0.5739015 0.4606477 0.4271431 0.2260334 0.6301254 0.4779910 1.1010343 0.4751180 0.9687081 0.5907954 0.3316632 0.4013615 0.2712898 0.2110753 0.5806531 0.6535574 0.3374167 0.2552907 0.2515968 0.6600141 0.4091080 0.7425479 0.3273591 0.3580171 0.1393682 0.4166896 0.4646850 0.3585435 1.0826588 0.4375939 0.3623963 0.2866154 0.4999766 0.3332904 0.4807452 0.6192847 0.5574370 
Perityle_discoidea_81                      0.4906104 0.0781055 0.2798369 0.3290788 0.3097641 0.1129458 0.2585788 0.1223301 0.4014026 0.0634785 0.3545734 0.5255878 0.3728158 0.3909639 0.3294973 0.4982866 0.2256757 0.2107099 0.4982217 0.2950915 0.4781356 0.1102100 0.2489685 0.3269981 0.4159817 0.3655181 0.2189930 0.1707688 0.3002630 0.3524500 0.0000000 0.5173515 0.4880744 0.3896594 0.2672341 0.2849310 0.3578028 0.2362900 0.7828490 0.3152807 0.4962883 0.3921046 0.3208176 0.2137181 0.5193515 0.4407540 0.7754966 0.3896542 0.7663986 0.4672415 0.2311171 0.3588280 0.1791937 0.1564065 0.5082919 0.5633058 0.3006671 0.2151771 0.2702689 0.5235244 0.3377523 0.5783203 0.2490878 0.3295669 0.1173613 0.3222258 0.3594524 0.2766087 0.7682485 0.2993547 0.2676540 0.2461784 0.3992111 0.2853966 0.4422662 0.5505452 0.4531675 
Perityle_dissecta_201                      0.3140746 0.4163124 0.6594568 0.6226056 0.6362127 0.2931372 0.6065248 0.4590824 0.5183940 0.7266518 0.7773651 0.2678190 0.7841846 0.6549593 0.6653636 0.3207545 0.5996477 0.5537574 0.5497372 0.7366203 0.5065665 0.3789501 0.4416040 0.7219922 0.6904216 0.6981409 0.5827462 0.5245033 0.7162296 0.6751620 0.5173515 0.0000000 0.4219476 0.6560588 0.7155116 0.6824898 0.6880907 0.4511322 1.1183355 0.5585887 0.3409508 0.6771197 0.6978356 0.4540722 0.5432528 0.4375455 1.0150598 0.2408701 1.2457626 0.4204327 0.6706999 0.6395339 0.5229684 0.5017529 0.5191729 0.5623084 0.6300803 0.4805689 0.4774792 0.3368992 0.6749926 0.4505662 0.6857254 0.7043943 0.3506336 0.5947681 0.6409929 0.5034082 1.0176936 0.6651087 0.1013787 0.6123691 0.6576515 0.6976191 0.3781204 0.6596759 0.4002712 
Perityle_emoryi_47_punta_san_jose          0.3598207 0.3301015 0.5972887 0.6413150 0.6789638 0.2199101 0.5457875 0.3373872 0.5191299 0.5821108 0.7126177 0.2928436 0.6730832 0.5203980 0.5904138 0.3332679 0.5248999 0.4258487 0.5986764 0.7364301 0.5591498 0.3620967 0.4686745 0.6144610 0.7259333 0.6953671 0.5145619 0.4512485 0.6346860 0.5915272 0.4880744 0.4219476 0.0000000 0.6654438 0.7159749 0.5883280 0.6499782 0.4748616 1.0127365 0.5999326 0.3913854 0.6817204 0.5758175 0.3612759 0.6032908 0.4411435 1.6495025 0.2746927 1.1457040 0.4287777 0.6628690 0.5799577 0.5074609 0.5000350 0.5763804 0.6399744 0.6388821 0.4411210 0.4404207 0.3335924 0.6227212 0.5154500 0.6379290 0.6357677 0.3108593 0.6367213 0.6700635 0.4877536 1.4717521 0.6689925 0.1421195 0.5812036 0.7128407 0.6405671 0.4253218 0.6674689 0.0149834 
Perityle_feddemae_99                       0.5906819 0.1163151 0.4565651 0.3424403 0.3367121 0.0984281 0.4570087 0.1451312 0.5897104 0.4919213 0.5261391 0.6082430 0.5210130 0.2086158 0.4397841 0.4669508 0.3162346 0.2756597 0.5191819 0.2868407 0.4348672 0.1640362 0.0778346 0.4775120 0.4589296 0.4006954 0.3680864 0.2017200 0.3890100 0.4661628 0.3896594 0.6560588 0.6654438 0.0000000 0.2409203 0.4409433 0.4688709 0.2012501 0.2835126 0.4687233 0.6480119 0.1659449 0.3148555 0.1309231 0.5770322 0.3344335 0.3044664 0.5179954 0.2619291 0.5168582 0.1700067 0.3750364 0.1857680 0.2747236 0.4532656 0.5305741 0.3845500 0.3152177 0.2213388 0.5282509 0.4353748 0.7323149 0.3979397 0.4020912 0.0993415 0.2230236 0.3373508 0.2670236 0.2931360 0.3082198 0.3043478 0.3961092 0.4664693 0.4489437 0.3167954 0.3998122 0.6165205 
Perityle_fosteri_93                        0.6218165 0.1302535 0.4287056 0.2867261 0.2840764 0.0654323 0.3356656 0.1581650 0.4427241 0.3543719 0.4179987 0.6249593 0.3338772 0.0300608 0.4011893 0.4055844 0.1986279 0.3123229 0.2110763 0.0930242 0.1991195 0.1383184 0.1652687 0.4197365 0.2780310 0.2589793 0.2536277 0.1206455 0.3980273 0.3836931 0.2672341 0.7155116 0.7159749 0.2409203 0.0000000 0.3546584 0.3910670 0.1913496 0.0258779 0.3363433 0.6172262 0.2629969 0.4473099 0.0844531 0.2206955 0.1565195 0.0149792 0.4869243 0.0262972 0.6652128 0.0311541 0.3023112 0.0964370 0.2216769 0.2228319 0.2419196 0.3695864 0.2082694 0.3128580 0.5926910 0.3106049 0.6661008 0.3420024 0.3760014 0.0706197 0.1443224 0.1992560 0.2323743 0.0071530 0.0927812 0.3092213 0.3195260 0.2872360 0.4097035 0.1385347 0.2052295 0.6694224 
Perityle_gamon_221                         0.6422575 0.1151033 0.3292799 0.2887128 0.3837745 0.1403912 0.3315607 0.1598486 0.4281577 0.3072009 0.4183899 0.6486409 0.4620459 0.2316224 0.3915284 0.5565184 0.2848591 0.1354358 0.5367125 0.3826938 0.5065674 0.1564906 0.1805601 0.4072261 0.5956709 0.3873499 0.2907996 0.2160064 0.3132766 0.3597697 0.2849310 0.6824898 0.5883280 0.4409433 0.3546584 0.0000000 0.4330154 0.2731087 0.5450673 0.2441144 0.6077045 0.3883333 0.3315222 0.1739541 0.5284811 0.4138935 9.0000000 0.4874298 0.6518401 0.5685942 0.2791787 0.3257670 0.2664457 0.1812166 0.5397640 0.5982995 0.2956697 0.2312015 0.3109833 0.6549140 0.4285986 0.6883110 0.2976551 0.3409658 0.1615115 0.4203527 0.4296806 0.2644507 9.0000000 0.3916907 0.3417578 0.3238154 0.4236031 0.3756233 0.4172058 0.5532764 0.5623021 
Perityle_gentryi_8_san_francisco           0.5611746 0.1823574 0.4855093 0.4488155 0.4812447 0.0916502 0.4643023 0.1614305 0.4762942 0.4681598 0.5111363 0.6283433 0.5584354 0.5668472 0.0687620 0.6323010 0.2445654 0.3073185 0.6548378 0.4315371 0.6191981 0.1652521 0.3238212 0.5112716 0.5184990 0.2817915 0.3773020 0.1910073 0.4590083 0.4783763 0.3578028 0.6880907 0.6499782 0.4688709 0.3910670 0.4330154 0.0000000 0.2731443 0.7987083 0.4369804 0.6173905 0.4277381 0.4374774 0.1391485 0.6849070 0.5374573 0.8294004 0.5261451 0.8174956 0.5065192 0.3801596 0.3532669 0.2203407 0.2946752 0.6371911 0.6904692 0.4355085 0.3322315 0.2884004 0.7180728 0.2058327 0.6803427 0.4299982 0.4599329 0.1463581 0.3979366 0.3658859 0.3417627 0.7957942 0.4429522 0.3258103 0.3975747 0.4091098 0.4979797 0.5087366 0.5828055 0.6051517 
Perityle_gilensis_22_Superstition          0.5316622 0.2062531 0.2631338 0.2476060 0.1696664 0.0978979 0.3288520 0.1322463 0.4744873 0.2239259 0.2827477 0.4813270 0.2803777 0.1463246 0.2428857 0.4479001 0.1808950 0.2798905 0.4626320 0.1697347 0.4393765 0.0000010 0.1685883 0.2837311 0.2014856 0.2422281 0.2293262 0.1513683 0.2586032 0.2523086 0.2362900 0.4511322 0.4748616 0.2012501 0.1913496 0.2731087 0.2731443 0.0000000 9.0000000 0.2822291 0.4905466 0.2113620 0.2250838 0.1958681 0.4159146 0.4204192 9.0000000 0.4151117 9.0000000 0.4534388 0.1870992 0.1999031 0.1755351 0.2370997 0.4489664 0.4728304 0.2329106 0.1738350 0.0445357 0.4842287 0.2336861 0.4545154 0.2873030 0.2388569 0.1804662 0.1770472 0.1706817 0.1483844 9.0000000 0.1795236 0.4026678 0.2531926 0.2302614 0.2376162 0.4591408 0.5945042 0.4646570 
Perityle_gilensis_salensis_225             9.0000000 9.0000000 0.9621384 0.4270778 0.3557580 9.0000000 0.7578474 9.0000000 0.7752619 0.6830069 0.6810175 0.8163902 0.1004599 0.0296684 0.8084298 0.2548090 0.7424920 0.7336311 0.0225504 0.0191518 0.0103980 9.0000000 0.4157101 0.7566345 0.4512660 0.1409051 0.2485660 9.0000000 0.7942463 0.9980463 0.7828490 1.1183355 1.0127365 0.2835126 0.0258779 0.5450673 0.7987083 9.0000000 0.0000000 9.0000000 9.0000000 0.4272886 0.9461169 0.3113144 0.0088347 0.0074111 0.0129165 9.0000000 0.0072896 1.2571246 0.0265221 0.7150151 9.0000000 9.0000000 0.0074006 0.0073919 0.4924819 9.0000000 9.0000000 0.5102652 0.5840312 1.9675453 0.4306767 0.5270853 9.0000000 0.3547291 0.3240349 0.3851556 0.0115110 0.0140635 9.0000000 0.6171754 0.7448965 0.8943506 0.0432016 0.0104206 0.6295225 
Perityle_glaucescens_94                    0.5766447 0.1243126 0.3550070 0.3067944 0.3784775 0.1321882 0.2982213 0.1431530 0.4137152 0.3241745 0.4390818 0.5820334 0.3950828 0.1662929 0.4150087 0.4909675 0.2711341 0.1123278 0.4971215 0.3564636 0.4599127 0.1325669 0.1272735 0.4263724 0.6278341 0.3970122 0.3198935 0.2384492 0.2919003 0.3408125 0.3152807 0.5585887 0.5999326 0.4687233 0.3363433 0.2441144 0.4369804 0.2822291 9.0000000 0.0000000 0.5730113 0.3992155 0.3075630 0.1729271 0.5230110 0.3722728 9.0000000 0.4830269 9.0000000 0.4975289 0.2028220 0.3321342 0.2428796 0.1993055 0.4735897 0.5843790 0.2863964 0.2224668 0.3194835 0.5179922 0.4339367 0.6578869 0.3149842 0.3314392 0.1557567 0.4173702 0.4110396 0.3148292 9.0000000 0.3864236 0.3563069 0.3340874 0.3882780 0.3880339 0.3336753 0.4960023 0.5586259 
Perityle_gracilis_11                       0.3281498 0.4163334 0.5667643 0.5908837 0.6349987 0.2823254 0.6283803 0.4507993 0.5066165 0.6161697 0.6092824 0.2919428 0.7377074 0.4156208 0.6068201 0.2897562 0.5621895 0.4607876 0.4549652 0.5911196 0.4745618 0.3549220 0.3799813 0.6607813 0.6266303 0.7156688 0.5761688 0.4950567 0.6002452 0.5739015 0.4962883 0.3409508 0.3913854 0.6480119 0.6172262 0.6077045 0.6173905 0.4905466 9.0000000 0.5730113 0.0000000 0.6450563 0.6274178 0.4945757 0.4363706 0.3164557 9.0000000 0.2885792 1.6662133 0.3496145 0.5379986 0.6441783 0.5506058 0.5268965 0.4696899 0.4949938 0.5337832 0.4963152 0.5422385 0.3770924 0.6002812 0.4024450 0.5505394 0.5661516 0.4064399 0.5738237 0.5882288 0.5037634 9.0000000 0.5964209 0.1368698 0.5598749 0.6467133 0.5693668 0.2045546 0.4679231 0.3744505 
Perityle_harkerae_31                       0.6458283 0.1386844 0.4697453 0.3026294 0.2627371 0.0816336 0.4402735 0.1562921 0.5321339 0.3986057 0.4961893 0.6575668 0.5083035 0.3448092 0.4209476 0.5025451 0.2540969 0.3428624 0.5417362 0.2934232 0.5069059 0.1415739 0.0794046 0.4988427 0.2985786 0.3406493 0.3282272 0.1967573 0.4499571 0.4606477 0.3921046 0.6771197 0.6817204 0.1659449 0.2629969 0.3883333 0.4277381 0.2113620 0.4272886 0.3992155 0.6450563 0.0000000 0.3714000 0.1253478 0.5051415 0.4109280 0.4639964 0.5588064 0.4267675 0.5814841 0.2222136 0.2975654 0.1719906 0.3195608 0.5340380 0.5611374 0.3453006 0.3152951 0.2646461 0.6186299 0.3526854 0.7040138 0.4029901 0.4110157 0.0793519 0.2280561 0.2713919 0.1883979 0.4454446 0.2907623 0.3045044 0.3851766 0.3630949 0.4763618 0.4111200 0.5008226 0.6321735 
Perityle_hofmeisteria_4_nombre_de_dios     0.5614972 0.1560935 0.3808408 0.4068177 0.3750881 0.0770376 0.3994517 0.1879529 0.4791971 0.2887562 0.4005854 0.5391366 0.5560679 0.7492596 0.4774568 0.5852965 0.2328205 0.3424117 0.6776396 0.4294343 0.6677310 0.1632748 0.2747587 0.3751738 0.4220439 0.3436111 0.2692877 0.1447549 0.4282733 0.4271431 0.3208176 0.6978356 0.5758175 0.3148555 0.4473099 0.3315222 0.4374774 0.2250838 0.9461169 0.3075630 0.6274178 0.3714000 0.0000000 0.2202719 0.6982680 0.6136569 0.8847961 0.4814230 0.9426993 0.5890523 0.4527260 0.3280976 0.2270879 0.2703681 0.6785765 0.6946722 0.4092503 0.2566506 0.3472740 0.6125977 0.3614042 0.6057430 0.3643811 0.3714521 0.1240923 0.3252990 0.3117373 0.2734966 0.8728600 0.3991977 0.3042834 0.3485390 0.3109395 0.3840487 0.6022053 0.6996601 0.5200660 
Perityle_incana_3_ucla                     0.4409113 0.1320731 0.1784137 0.1810698 0.1161307 0.0556282 0.2641282 0.1298518 0.3715658 0.2222436 0.1848125 0.3599583 0.3546538 0.2163705 0.1312831 0.2302979 0.1058121 0.2138212 0.4096183 0.0762742 0.3988169 0.0713283 0.0474190 0.1789557 0.0880714 0.1049323 0.1455624 0.0849251 0.1636165 0.2260334 0.2137181 0.4540722 0.3612759 0.1309231 0.0844531 0.1739541 0.1391485 0.1958681 0.3113144 0.1729271 0.4945757 0.1253478 0.2202719 0.0000000 0.4099035 0.3405245 0.3028585 0.4129396 0.2183677 0.4246925 0.0721685 0.1330257 0.0704479 0.1522706 0.4132402 0.3868050 0.2153174 0.1458142 0.2123946 0.4007487 0.1042241 0.4135729 0.2147716 0.1792116 0.0474637 0.0684939 0.0591985 0.1248195 0.3214170 0.0717046 0.2569803 0.1506943 0.1521228 0.1445661 0.3161652 0.4094732 0.3671248 
Perityle_intricata_59_Clark_mtns           0.4299668 0.3920976 0.7024127 0.5333292 0.5430171 0.2978968 0.5403954 0.4272411 0.5529746 0.6000617 0.6711109 0.4322093 0.4874529 0.0589097 0.7176076 0.2543818 0.5277070 0.5023751 0.1067121 0.2479035 0.0569206 0.4083400 0.3652342 0.6345686 0.5796367 0.6580163 0.6445906 0.4978032 0.6238805 0.6301254 0.5193515 0.5432528 0.6032908 0.5770322 0.2206955 0.5284811 0.6849070 0.4159146 0.0088347 0.5230110 0.4363706 0.5051415 0.6982680 0.4099035 0.0000000 0.0286261 0.0037063 0.3286410 0.0021542 0.5371539 0.1634726 0.6157347 0.4912821 0.4771534 0.0580535 0.1144475 0.5111887 0.4885228 0.4074594 0.5180556 0.6465187 0.5046813 0.4965435 0.5394474 0.3321564 0.4881323 0.5157410 0.5241834 0.0017479 0.3050768 0.0803590 0.5753090 0.5970849 0.6101884 0.0268800 0.1048720 0.5383640 
Perityle_inyoensis_9_pleasant              0.3921263 0.3914784 0.5362788 0.3824119 0.3574023 0.3107638 0.4083833 0.3800778 0.4391257 0.4033520 0.5154362 0.3667789 0.3703594 0.0527704 0.5715236 0.2108648 0.3725712 0.4460223 0.0352940 0.1647045 0.0082508 0.2663521 0.3789086 0.4584727 0.4408040 0.3511573 0.3871143 0.3738558 0.4973776 0.4779910 0.4407540 0.4375455 0.4411435 0.3344335 0.1565195 0.4138935 0.5374573 0.4204192 0.0074111 0.3722728 0.3164557 0.4109280 0.6136569 0.3405245 0.0286261 0.0000000 0.0018684 0.2001834 0.0010999 0.4539488 0.1190937 0.4527920 0.3693636 0.3575633 0.0239370 0.0064476 0.4186764 0.3333066 0.4108873 0.4048148 0.4364449 0.3571657 0.4064755 0.4344113 0.3840956 0.3582616 0.3870323 0.3749356 0.0000010 0.1924564 0.0586446 0.4238455 0.4272077 0.4839348 0.0322890 0.0961648 0.3620114 
Perityle_lemmonii_12                       9.0000000 9.0000000 0.8964517 0.4515800 0.3704192 9.0000000 0.7806596 9.0000000 0.9264022 0.6756305 0.6720280 1.1833378 0.0929547 0.0185339 0.8175781 0.1724544 0.7762571 0.7716475 0.0132506 0.0147636 0.0018721 9.0000000 0.4255361 0.6076097 0.4650375 0.2294281 0.5046108 9.0000000 0.7857103 1.1010343 0.7754966 1.0150598 1.6495025 0.3044664 0.0149792 9.0000000 0.8294004 9.0000000 0.0129165 9.0000000 9.0000000 0.4639964 0.8847961 0.3028585 0.0037063 0.0018684 0.0000000 9.0000000 0.0018332 1.0707174 0.0166270 0.7076709 9.0000000 9.0000000 0.0018644 0.0018612 0.4730547 9.0000000 9.0000000 0.4658952 0.6131559 9.0000000 0.4300208 0.5376118 9.0000000 0.3436232 0.3343445 0.3755151 0.0000010 0.0083615 9.0000000 0.7599861 0.7130475 0.7456454 0.0393015 0.0018845 9.0000000 
Perityle_lemmonii_85_hachita               0.2392710 0.3385309 0.4522790 0.5258600 0.5808771 0.2424559 0.5418412 0.3378899 0.4169697 0.5278295 0.5650713 0.1345552 0.6097605 0.1415208 0.5070045 0.1057619 0.4668866 0.4028289 0.3390685 0.5230952 0.3368218 0.2943797 0.2881338 0.4872546 0.5617295 0.5561725 0.5108812 0.4465873 0.5188388 0.4751180 0.3896542 0.2408701 0.2746927 0.5179954 0.4869243 0.4874298 0.5261451 0.4151117 9.0000000 0.4830269 0.2885792 0.5588064 0.4814230 0.4129396 0.3286410 0.2001834 9.0000000 0.0000000 9.0000000 0.2307477 0.4517712 0.5556715 0.4651213 0.4233280 0.3356618 0.3660557 0.4265662 0.3970837 0.3354467 0.2055885 0.5194663 0.2602408 0.4771193 0.4933546 0.3000288 0.5000603 0.5258551 0.4428676 9.0000000 0.5463830 0.0987349 0.4704456 0.5530171 0.4529181 0.0816495 0.4409047 0.2614851 
Perityle_lemmonii_colossal_cave_206        2.1213223 9.0000000 0.9569727 0.4207022 0.3377258 9.0000000 0.7193825 9.0000000 0.8861226 0.6606764 0.6883667 1.1136582 0.0702877 0.0333622 0.8235236 0.2596965 0.8014071 0.7475915 0.0206537 0.0568652 0.0066281 9.0000000 0.4171105 0.7225402 0.4598740 0.1466800 0.5046108 9.0000000 0.8373901 0.9687081 0.7663986 1.2457626 1.1457040 0.2619291 0.0262972 0.6518401 0.8174956 9.0000000 0.0072896 9.0000000 1.6662133 0.4267675 0.9426993 0.2183677 0.0021542 0.0010999 0.0018332 9.0000000 0.0000000 1.2343616 0.0222002 0.7213552 9.0000000 9.0000000 0.0023445 0.0021944 0.5127332 9.0000000 9.0000000 0.6042072 0.6094939 1.3212689 0.4282610 0.5258819 9.0000000 0.3145869 0.3242575 0.3494713 0.0000010 0.0216540 9.0000000 0.6506397 0.7094977 0.8414118 0.0340318 0.0077355 1.1462990 
