82
Amauria_brandeegeana_62                    0.0000000 0.1509754 0.2564705 0.1258664 0.1312065 0.1707022 0.0977670 0.2217930 0.1696970 0.1913304 0.1979077 0.1104857 0.1706003 0.1365137 0.1336102 0.2168315 0.1579753 0.1140040 0.1167984 0.4203986 0.1409533 0.2843056 0.1325528 0.1842908 0.1833470 0.2330225 0.1341820 0.2159312 0.1523078 0.2208947 0.2931318 0.1576246 0.1516233 0.2948070 0.1332617 0.0776464 0.1566786 0.2099041 0.4343871 0.1603103 0.1372687 0.1311763 0.0897091 0.2583982 0.1800732 0.3494052 0.2542699 0.2322541 0.1185122 0.1201089 0.2823148 0.1237021 0.1845559 0.1745712 0.1647467 0.1896306 0.2166785 0.1318646 0.2831585 0.1726499 0.1945014 0.1704284 0.0891228 0.1391623 0.2607723 0.1497460 0.1433197 0.0913916 0.0967007 0.2931135 0.1548356 0.1790328 0.1747185 0.2724746 0.2642755 0.1799122 0.1626153 0.0897069 0.1715159 0.1631637 0.1626249 0.3178099 
Amauria_carterae_99_mesa                   0.1509754 0.0000000 0.0961598 0.1881108 0.1694772 0.1073582 0.1333218 0.1994287 0.1000434 1.1666285 0.1092730 0.9210140 0.1017441 0.2017706 0.1856390 0.1355718 0.2208531 0.7854722 0.1991390 0.0714820 0.1546063 0.1638103 0.2096584 0.2760838 0.2536145 0.1617631 0.1984644 0.1271103 0.2116657 0.1238939 0.1713542 0.0965915 0.1938171 0.1524104 0.2159935 0.9368186 0.3207077 0.1414035 0.5791289 0.2439041 0.3448663 0.2090799 0.8452238 0.2598504 0.2422919 0.1941458 0.1462609 0.1350716 0.2097459 0.1893817 0.1583665 0.7444544 0.1230680 0.1153277 0.2033883 0.1494679 0.0993636 0.2005151 0.1614834 0.1131198 0.1994344 0.1346591 0.1127089 0.1963820 0.1586830 0.2173375 0.1942674 0.1077574 0.0944271 0.1759020 0.1283206 0.8937098 0.1100998 0.2120496 0.1930390 0.2116166 0.1160774 0.8881242 0.1400980 0.1428686 0.8980921 0.1815036 
Amauria_rotundifolia_SRR9119150            0.2564705 0.0961598 0.0000000 0.1703483 0.2087323 0.1805062 0.1690286 0.2057347 0.1334755 0.6014636 0.2085385 0.6047701 0.1124383 0.2146585 0.2874371 0.2398476 0.2503783 0.4717731 0.1928422 0.0927516 0.1623526 0.2191199 0.1894080 0.2817761 0.2989517 0.2581239 0.2637134 0.2019839 0.1924391 0.2070540 0.2017427 0.1360057 0.2439710 0.0735805 0.2624596 0.6651704 0.3748807 0.2334408 0.5504862 0.2753643 0.3585586 0.2202388 0.4042320 0.2793029 0.3072349 0.3683255 0.2174735 0.2168644 0.2254961 0.1963942 0.2506382 0.4402101 0.2151301 0.1956745 0.2798384 0.1402665 0.1133856 0.2501882 0.2565333 0.2017366 0.2423071 0.1691456 0.1317130 0.2879623 0.2700123 0.2016102 0.2905077 0.1272939 0.1949088 0.2274683 0.1919350 0.7167349 0.2073338 0.2553526 0.1900090 0.2060673 0.1681447 0.4519910 0.2072343 0.1599460 0.5890036 0.2221211 
Eutetras_palmeri_63                        0.1258664 0.1881108 0.1703483 0.0000000 0.0342963 0.1493099 0.0451184 0.2137576 0.2404425 0.1828335 0.1653935 0.1422887 0.0945023 0.1336811 0.1396311 0.1593665 0.1262123 0.1548074 0.1243976 0.2887781 0.1420036 0.3182211 0.1325873 0.1843364 0.2383504 0.2062490 0.1377449 0.1320920 0.1227416 0.2159208 0.2974862 0.2342916 0.1466460 0.2714427 0.1732667 0.1581760 0.1370138 0.1924758 0.4049982 0.1562859 0.1804358 0.1360705 0.1044784 0.2443057 0.1809829 0.2266201 0.2844123 0.2476178 0.1532686 0.1277161 0.3110970 0.1558880 0.1658891 0.1730848 0.1224059 0.1960256 0.1409233 0.1099323 0.3107403 0.1481742 0.1225509 0.1597865 0.0497214 0.1419597 0.2607331 0.1517656 0.1526258 0.0566540 0.0364957 0.3211574 0.0662474 0.2067419 0.1765553 0.2859977 0.2628650 0.1925100 0.1740284 0.1142718 0.1402646 0.1449484 0.1918738 0.3833550 
Eutetras_pringlei_149_quer                 0.1312065 0.1694772 0.2087323 0.0342963 0.0000000 0.1042223 0.1184802 0.1770777 0.2187336 0.7700585 0.0954299 9.0000000 0.0876314 0.1233371 0.0818761 0.0769006 0.0822310 0.8751262 0.0862593 9.0000000 0.1653782 0.1276425 0.1919581 0.1685005 0.1779460 0.1160007 0.0810317 0.0924289 0.2705237 0.0763933 0.0464107 0.1958710 0.0948481 0.8172593 0.1374661 9.0000000 0.1036346 0.1117512 0.9216085 0.1667560 0.1353681 0.0977740 9.0000000 0.1089244 0.1547657 0.1493024 0.1244740 0.1251841 0.1126274 0.0836634 0.1319022 0.8172498 0.0975946 0.0992295 0.0830323 0.1723959 0.0176081 0.0963145 0.1184605 0.0822842 0.1464972 0.0819568 0.0840840 0.0957219 0.1646418 0.0720304 0.0569757 0.0999740 0.0840923 0.1320820 0.1248665 0.9799776 0.1053050 0.0958593 0.1474139 0.0648368 0.0775163 9.0000000 0.1000381 0.0904565 0.9799776 0.1820329 
Eutrochium_fistulosum_SRR9119106           0.1707022 0.1073582 0.1805062 0.1493099 0.1042223 0.0000000 0.0787260 0.1765337 0.1379130 0.9650062 0.1177683 0.7519933 0.0980144 0.1584890 0.1228234 0.1512168 0.1460425 0.7065028 0.1360756 0.2023854 0.1240221 0.2610536 0.1436242 0.2725914 0.3047248 0.1405904 0.1165472 0.1384639 0.1353484 0.0886187 0.0953168 0.1407366 0.1349169 0.1555685 0.1459300 0.7319384 0.1381615 0.1292678 0.5917600 0.2460190 0.1861342 0.1528226 0.5266673 0.1410926 0.2714549 0.2739253 0.2602321 0.2619028 0.1715446 0.1721548 0.2625999 0.6498470 0.1201856 0.1259927 0.1376300 0.1821190 0.1272836 0.1222186 0.2598557 0.1253132 0.1102003 0.1470585 0.0710528 0.1290366 0.2362287 0.1237625 0.1112915 0.0751403 0.0673624 0.2621416 0.1006667 0.7535308 0.1254692 0.1630903 0.2578090 0.1344033 0.1151759 0.9822118 0.1240166 0.1340340 0.7805034 0.2605546 
Galeana_pratensis_104_mex                  0.0977670 0.1333218 0.1690286 0.0451184 0.1184802 0.0787260 0.0000000 0.1369788 0.1605748 0.5415097 0.0877284 9.0000000 0.0777932 0.0862038 0.0825101 0.0877249 0.0847146 0.8331861 0.0848379 9.0000000 0.1582400 0.1139602 0.1249376 0.1415739 0.1534438 0.0953461 0.0722990 0.0780097 0.2005823 0.0654490 0.0483567 0.1480179 0.0871443 0.6812916 0.1029298 9.0000000 0.0914338 0.0873735 1.0053917 0.1238135 0.1074331 0.0905707 9.0000000 0.0903285 0.1149153 0.2898779 0.1018937 0.1061608 0.0815384 0.0797533 0.1006656 0.6635104 0.0789026 0.0865531 0.0832761 0.1276740 0.0533613 0.0880349 0.1046515 0.0796152 0.1558711 0.0883564 0.0929874 0.0853350 0.1312356 0.0620360 0.0489979 0.1056496 0.0796101 0.1259503 0.0974584 1.0769355 0.0900519 0.0843517 0.1045221 0.0446928 0.0816194 9.0000000 0.0796757 0.0806812 1.0802190 0.1293643 
Helianthus_annuus_SRR9119062               0.2217930 0.1994287 0.2057347 0.2137576 0.1770777 0.1765337 0.1369788 0.0000000 0.1811103 0.4643437 0.2019053 0.7124008 0.1818922 0.2334298 0.2060021 0.2362258 0.2462170 0.5429640 0.2169675 0.3739936 0.1176752 0.2413958 0.2026583 0.2484038 0.2547602 0.2008010 0.2023791 0.2250847 0.2020470 0.2225865 0.2172362 0.1853645 0.2081655 0.2488343 0.2337817 0.9242315 0.2150407 0.1964092 0.5282105 0.2243287 0.2148546 0.2248200 0.2734479 0.1971676 0.2293352 0.3203757 0.2152877 0.1871467 0.2123565 0.2392081 0.2182481 0.4816398 0.1811334 0.1949400 0.2387759 0.1866642 0.2231934 0.2066399 0.2212879 0.1803326 0.1473625 0.2131162 0.1389377 0.2089988 0.2161786 0.2331960 0.2159301 0.1608096 0.1548486 0.2425682 0.1891031 0.8875130 0.1882470 0.2260383 0.2207513 0.2470822 0.2005958 0.3679718 0.1962865 0.1965519 0.5783197 0.2800553 
Lycapsus_tenuifolius_17                    0.1696970 0.1000434 0.1334755 0.2404425 0.2187336 0.1379130 0.1605748 0.1811103 0.0000000 0.5840447 0.1335101 0.7579836 0.1095377 0.2382469 0.2787578 0.1925845 0.2754318 0.5293551 0.2515739 0.0815296 0.1929626 0.2387576 0.2617416 0.3297553 0.3315549 0.2163461 0.2823859 0.1527257 0.2032895 0.2278824 0.2392707 0.0000010 0.2364810 0.0907256 0.2701235 1.0315629 0.3024126 0.1829608 0.4062147 0.3113052 0.3389561 0.2460579 0.4550010 0.2205316 0.3379945 0.1264548 0.1855424 0.1747743 0.2755178 0.2390518 0.2218774 0.4862890 0.1453119 0.1285175 0.2639166 0.1518360 0.0726093 0.2406809 0.2216056 0.1413132 0.2336160 0.2307732 0.1085428 0.2824020 0.2010794 0.2788978 0.3108933 0.1067832 0.1027529 0.2629844 0.1349007 0.8477214 0.1229972 0.3078763 0.2071645 0.2702125 0.1346572 0.5091861 0.2354919 0.1884063 0.5177959 0.3183489 
Pericome_caudata_50_silver                 0.1913304 1.1666285 0.6014636 0.1828335 0.7700585 0.9650062 0.5415097 0.4643437 0.5840447 0.0000000 0.8746388 0.0922846 1.2674487 0.1736717 0.1853822 0.7566344 0.1606815 0.1019830 0.1626319 1.3218204 1.4247898 1.0234822 0.1650225 0.1730790 0.1791241 0.7632145 0.1722791 0.9682574 1.5330899 0.7417340 0.5483341 0.5542363 0.2420669 0.5179771 0.1589304 0.0798933 0.2103118 0.8717212 0.3073085 0.1453286 0.1581313 0.1691646 0.0863018 0.6917308 0.1653550 1.0064189 0.9224229 1.0483316 0.1475245 0.1469703 1.0361447 0.0994934 0.7035980 0.9844942 0.1845665 1.6224744 1.2843779 0.1524723 1.0529588 1.0192318 1.7134010 0.8086274 0.9596780 0.1957229 0.5835616 0.1649772 0.1819928 1.3951060 0.8355772 1.0169111 0.8486242 0.1021121 0.9822472 0.7660432 1.6604843 0.2884122 0.8888015 0.0981738 0.3294736 0.3680144 0.0949031 0.9141311 
Perityle_aglossa_84_dead_horse             0.1979077 0.1092730 0.2085385 0.1653935 0.0954299 0.1177683 0.0877284 0.2019053 0.1335101 0.8746388 0.0000000 0.7205239 0.0026938 0.0648090 0.0339832 0.1466966 0.1052677 0.7686554 0.0740839 0.0110560 0.1523973 0.3171574 0.0605009 0.3022292 0.3295932 0.0651074 0.1023294 0.1545511 0.1341309 0.1078228 0.1279465 0.1366071 0.0311624 0.1426601 0.1862380 0.7692668 0.0954302 0.0425079 0.5212946 0.2835691 0.1933710 0.0542217 0.4900717 0.0749848 0.3069153 0.1970935 0.3306668 0.3033960 0.1679419 0.0609411 0.3252605 0.7618740 0.0481620 0.0200066 0.0873117 0.1908130 0.0131924 0.0414187 0.3557217 0.0957094 0.1135700 0.1213648 0.0282979 0.0256425 0.3030462 0.1290662 0.1138122 0.0099345 0.0835525 0.3257922 0.1025185 0.8510344 0.0223421 0.0482103 0.2682201 0.1299459 0.0874116 0.8346278 0.0083457 0.1092515 0.9233435 0.2799517 
Perityle_ajoensis_204                      0.1104857 0.9210140 0.6047701 0.1422887 9.0000000 0.7519933 9.0000000 0.7124008 0.7579836 0.0922846 0.7205239 0.0000000 0.6403391 0.1211879 0.1161600 0.8835168 0.1523619 0.0178460 0.0592995 0.5639043 8.9999980 1.0886438 0.0674932 0.0075682 0.1812079 0.6628344 0.1386866 1.0482093 1.0553754 0.7278637 0.5907258 0.7234987 0.1817195 0.6099776 0.1574753 0.0151406 0.1833234 0.8077560 0.1647396 0.0181713 0.1478275 0.0995892 0.0931141 0.7353863 0.0225227 0.8011040 1.0509632 1.2331829 0.1222861 0.0411587 1.0936882 0.0260307 0.5813891 0.8182586 0.1586655 8.9999980 1.0892543 0.0584219 1.0957934 0.9704845 0.7324585 0.7817593 1.0892543 0.1247358 0.3812950 0.1770250 0.1814356 0.8467435 0.5258906 1.0886438 1.2180144 0.0112236 0.8624335 0.6471763 1.6121268 0.3127060 0.8420197 0.0493487 0.3381691 0.3325918 0.0189641 0.8604425 
Perityle_angustifolia_13_Eagle_creek       0.1706003 0.1017441 0.1124383 0.0945023 0.0876314 0.0980144 0.0777932 0.1818922 0.1095377 1.2674487 0.0026938 0.6403391 0.0000000 0.0194771 0.0067134 0.0887290 0.0494421 0.8746173 0.0014182 0.0037134 0.1372295 0.2109484 0.0509978 0.2126034 0.2285412 0.0232590 0.0502353 0.1055541 0.1399381 0.0766253 0.0735889 0.1135463 0.0052951 0.1358594 0.1318751 0.8269500 0.0356325 0.0244437 0.5388869 0.1913803 0.1537143 0.0054246 9.0000000 0.0342048 0.2022721 0.1099119 0.2044862 0.2047577 0.1395727 0.0028378 0.2059866 0.6968893 0.0191252 0.0013185 0.0343592 0.1931558 0.0087196 0.0040468 0.2004615 0.0539198 0.1201188 0.1083529 0.0243911 0.0026871 0.2166307 0.0874022 0.0641904 0.0059282 0.0599817 0.2063332 0.0930204 0.9751260 0.0052886 0.0079611 0.2165220 0.0846043 0.0461223 0.2892001 0.0000010 0.0691043 1.0332976 0.2245004 
Perityle_batopilensis_97                   0.1365137 0.2017706 0.2146585 0.1336811 0.1233371 0.1584890 0.0862038 0.2334298 0.2382469 0.1736717 0.0648090 0.1211879 0.0194771 0.0000000 0.0858314 0.1603946 0.1000688 0.1420799 0.0802110 0.0218202 0.1555256 0.3469693 0.0791149 0.1753035 0.2037806 0.1164374 0.0972781 0.1434718 0.1321012 0.1840749 0.2800476 0.2252755 0.0877329 0.2844443 0.1464888 0.1173949 0.0881046 0.1061628 0.4100432 0.1574995 0.1663580 0.0884009 0.1168666 0.1678285 0.1728764 0.1529660 0.3189814 0.2855103 0.1520344 0.0616548 0.3434633 0.1483400 0.0522637 0.0837076 0.0862235 0.1985636 0.0213944 0.0624790 0.3348548 0.0900576 0.1403884 0.1664737 0.0359203 0.0875712 0.2501627 0.1274265 0.1237193 0.0263842 0.0656060 0.3522354 0.0938190 0.1857072 0.0870034 0.2077404 0.3039240 0.1714849 0.0973625 0.1240139 0.0670733 0.1549182 0.1836340 0.3535686 
Perityle_bisetosa_9                        0.1336102 0.1856390 0.2874371 0.1396311 0.0818761 0.1228234 0.0825101 0.2060021 0.2787578 0.1853822 0.0339832 0.1161600 0.0067134 0.0858314 0.0000000 0.1553481 0.1029614 0.1338054 0.0442670 0.0109112 0.1564064 0.3494820 0.0295992 0.1733162 0.2435935 0.0871457 0.0928579 0.1529321 0.1256136 0.1521047 0.2404696 0.2417969 0.0285326 0.3275172 0.1331721 0.1688018 0.0777604 0.0666806 0.3449813 0.1531869 0.1398455 0.0454673 0.0745873 0.1355269 0.1637816 0.2040196 0.3319509 0.3034743 0.1214965 0.0482579 0.3644628 0.1392168 0.0461481 0.0155377 0.0884327 0.1909667 0.0215810 0.0202117 0.3567294 0.0736945 0.1219185 0.1613053 0.0223576 0.0294441 0.2901608 0.1209784 0.1122753 0.0058892 0.0711528 0.3489053 0.0967461 0.1535110 0.0242123 0.1552200 0.2714193 0.1560338 0.0743923 0.0779911 0.0271369 0.1439412 0.1551835 0.3599308 
Perityle_californica_76_positas            0.2168315 0.1355718 0.2398476 0.1593665 0.0769006 0.1512168 0.0877249 0.2362258 0.1925845 0.7566344 0.1466966 0.8835168 0.0887290 0.1603946 0.1553481 0.0000000 0.1588883 0.8295727 0.1399693 0.1947357 0.1781738 0.3602554 0.1779028 0.3635354 0.3705575 0.1806005 0.1761381 0.1613968 0.1508903 0.1258189 0.1928738 0.2009161 0.1657910 0.2189733 0.2116357 0.9723990 0.1993595 0.1361012 0.5806571 0.3441091 0.2146354 0.1598980 0.6237177 0.1884747 0.3597136 0.2966349 0.3671787 0.3353702 0.2061264 0.1794757 0.3413230 0.7766214 0.1485939 0.1315558 0.1648322 0.2338740 0.1025279 0.1713619 0.3757393 0.1375259 0.1563799 0.1269528 0.0626788 0.1730154 0.3580426 0.1618726 0.1477857 0.0791371 0.1053391 0.3794164 0.1001760 0.9187922 0.1514584 0.1625493 0.3082746 0.1505721 0.1503365 0.6276582 0.1156562 0.1352387 0.9384530 0.2974883 
Perityle_canescens_77                      0.1579753 0.2208531 0.2503783 0.1262123 0.0822310 0.1460425 0.0847146 0.2462170 0.2754318 0.1606815 0.1052677 0.1523619 0.0494421 0.1000688 0.1029614 0.1588883 0.0000000 0.1606557 0.0985857 0.0923279 0.1772476 0.3536414 0.0983351 0.1877303 0.2262557 0.1559088 0.0902273 0.1311884 0.1717734 0.2103511 0.2859922 0.2608294 0.1054125 0.3651971 0.1317813 0.1820109 0.0971434 0.1427363 0.3869605 0.1653261 0.1469340 0.1049471 0.0793520 0.1965927 0.1779280 0.1527188 0.3235074 0.2894771 0.1320175 0.0889865 0.3528733 0.1666741 0.0948902 0.1133622 0.0697370 0.2004778 0.0561544 0.0769652 0.3436804 0.0900698 0.1660938 0.1898800 0.0500739 0.1051667 0.2604132 0.1277830 0.1201162 0.0503221 0.0692681 0.3603268 0.0936793 0.2218436 0.1162304 0.2414898 0.3036745 0.1713479 0.1160316 0.1260155 0.0992991 0.1765445 0.1994287 0.3651783 
Perityle_castillonii_96                    0.1140040 0.7854722 0.4717731 0.1548074 0.8751262 0.7065028 0.8331861 0.5429640 0.5293551 0.1019830 0.7686554 0.0178460 0.8746173 0.1420799 0.1338054 0.8295727 0.1606557 0.0000000 0.0864231 0.5666493 0.6164080 0.9180371 0.0874393 0.0411924 0.1862182 0.6815964 0.1467707 0.9347398 0.9105642 0.6939064 0.5455755 0.4968023 0.1951420 0.4556506 0.1660875 0.0231046 0.1974445 0.7790683 0.2256525 0.0344578 0.1559895 0.1200462 0.0863672 0.6469324 0.0374610 0.8399574 0.8721722 0.9895970 0.1410126 0.0588218 0.9408494 0.0204492 0.6601452 0.8240686 0.1720939 0.7984888 0.7134891 0.0890430 0.9480731 0.8660242 0.6013920 0.7636757 0.8079433 0.1396755 0.5002548 0.1789766 0.1746718 0.9306794 0.6512194 0.9163238 0.7982499 0.0278440 0.8666848 0.7037052 0.9251086 0.3000693 0.8377607 0.0461583 0.2846931 0.3729756 0.0272821 0.8501315 
Perityle_cernua_84                         0.1167984 0.1991390 0.1928422 0.1243976 0.0862593 0.1360756 0.0848379 0.2169675 0.2515739 0.1626319 0.0740839 0.0592995 0.0014182 0.0802110 0.0442670 0.1399693 0.0985857 0.0864231 0.0000000 0.0566269 0.1430457 0.3234393 0.0621865 0.1211200 0.2053869 0.1250034 0.0953022 0.1233147 0.1248049 0.1767617 0.2633833 0.2429800 0.0495582 0.2862270 0.1272783 0.0837700 0.0871071 0.1072423 0.3738421 0.1066554 0.1282097 0.0355383 0.0952908 0.1768367 0.1218647 0.1688207 0.2903210 0.2597443 0.1174831 0.0411220 0.3181941 0.0961343 0.0790013 0.0603960 0.0916307 0.1648932 0.0188428 0.0135516 0.3082689 0.1007088 0.1259885 0.1655773 0.0243804 0.0449084 0.2167273 0.1134403 0.1096699 0.0059229 0.0422462 0.3246788 0.0771975 0.1263494 0.0624597 0.1741336 0.2604625 0.1481840 0.1084871 0.0407935 0.0661197 0.1400746 0.1254892 0.3362029 
Perityle_cfvillosa_25_tin                  0.4203986 0.0714820 0.0927516 0.2887781 9.0000000 0.2023854 9.0000000 0.3739936 0.0815296 1.3218204 0.0110560 0.5639043 0.0037134 0.0218202 0.0109112 0.1947357 0.0923279 0.5666493 0.0566269 0.0000000 0.1659852 0.6006219 0.0133729 0.4490688 0.5925305 0.0442686 0.0933752 0.2184204 0.1259623 0.1710672 0.1738718 0.0901540 0.0160377 0.0763386 0.2807168 0.6149176 0.0766144 0.0299702 0.2312836 0.4438907 0.4739993 0.0052785 9.0000000 0.0619224 0.4483763 0.0413260 0.5819981 0.5669294 0.4503289 0.0027235 0.5914825 0.4781436 0.0479130 0.0107186 0.0471309 0.4802269 0.0165130 0.0179550 0.5727921 0.1021841 0.1230359 0.2715725 0.0096619 0.0053365 0.4858698 0.1440422 0.0960682 0.0095536 0.0828080 0.6052383 0.1426317 0.5198975 0.0052798 0.0132785 0.6596003 0.1492102 0.0610186 0.5279621 0.0112334 0.1886466 0.6811095 0.5538500 
Perityle_cinerea_113_Powell1310            0.1409533 0.1546063 0.1623526 0.1420036 0.1653782 0.1240221 0.1582400 0.1176752 0.1929626 1.4247898 0.1523973 8.9999980 0.1372295 0.1555256 0.1564064 0.1781738 0.1772476 0.6164080 0.1430457 0.1659852 0.0000000 0.0485692 0.1372944 0.0755028 0.0762042 0.1736594 0.1751252 0.1579425 0.1795761 0.1379489 0.1252658 0.2286030 0.1662000 0.1290895 0.1944241 0.7886764 0.1686862 0.1781538 0.5292276 0.0838416 0.1815660 0.1691859 9.0000000 0.1799108 0.0745416 0.2699700 0.0354563 0.0363509 0.1577459 0.1408366 0.0313098 0.5074630 0.1642472 0.1644762 0.1713450 0.0681079 0.1707803 0.1603717 0.0353779 0.1396768 0.1091158 0.1494093 0.1387013 0.1664532 0.0671645 0.1623958 0.1619799 0.1455320 0.1432356 0.0485692 0.1840138 0.7917954 0.1628705 0.1551497 0.0975342 0.1768213 0.1459519 9.0000000 0.1645616 0.1528861 0.8841860 0.0574552 
Perityle_coahuilensis_24                   0.2843056 0.1638103 0.2191199 0.3182211 0.1276425 0.2610536 0.1139602 0.2413958 0.2387576 1.0234822 0.3171574 1.0886438 0.2109484 0.3469693 0.3494820 0.3602554 0.3536414 0.9180371 0.3234393 0.6006219 0.0485692 0.0000000 0.3216357 0.2763233 0.1760317 0.3523523 0.3538296 0.2916179 0.1651510 0.3441698 0.3711918 0.2495619 0.3586270 0.2839319 0.4114263 0.9686133 0.3869655 0.3305516 0.6301951 0.2758986 0.3235788 0.3447679 1.0498753 0.3914942 0.3107988 0.4273107 0.0206688 0.0166790 0.3104636 0.3851990 0.0334843 0.8244941 0.3260710 0.2985293 0.3443793 0.0964673 0.3018821 0.3104371 0.0479691 0.3348964 0.1038486 0.2334781 0.1284067 0.3577218 0.1847325 0.3490389 0.3501142 0.1382468 0.1879367 0.0006219 0.2220367 0.9165999 0.3137039 0.3456385 0.2355758 0.3770996 0.3338617 1.0058162 0.3063427 0.2482626 0.9610808 0.1175431 
Perityle_cochisensis_44_cave_creek         0.1325528 0.2096584 0.1894080 0.1325873 0.1919581 0.1436242 0.1249376 0.2026583 0.2617416 0.1650225 0.0605009 0.0674932 0.0509978 0.0791149 0.0295992 0.1779028 0.0983351 0.0874393 0.0621865 0.0133729 0.1372944 0.3216357 0.0000000 0.1215165 0.2077745 0.1021644 0.0877493 0.1491555 0.1414620 0.1813538 0.2457650 0.2536545 0.0348981 0.2725147 0.1186589 0.1063926 0.0784451 0.0930249 0.3748504 0.1041319 0.1385957 0.0433173 0.0735390 0.1566601 0.1235812 0.1813018 0.2850886 0.2525687 0.1335609 0.0426737 0.3163949 0.0922980 0.0638889 0.0474053 0.0872940 0.1984463 0.0279618 0.0400262 0.3108804 0.0988269 0.1322265 0.1988878 0.0646065 0.0315226 0.2318544 0.1076537 0.0987943 0.0822249 0.0911575 0.3201267 0.1227962 0.1339561 0.0455475 0.1818852 0.3041698 0.1337208 0.0855508 0.0361972 0.0499617 0.1814609 0.1203311 0.3544054 
Perityle_congesta_202                      0.1842908 0.2760838 0.2817761 0.1843364 0.1685005 0.2725914 0.1415739 0.2484038 0.3297553 0.1730790 0.3022292 0.0075682 0.2126034 0.1753035 0.1733162 0.3635354 0.1877303 0.0411924 0.1211200 0.4490688 0.0755028 0.2763233 0.1215165 0.0000000 0.2218761 0.3599779 0.2117186 0.3251463 0.2024054 0.3402175 0.3938669 0.3335546 0.2150982 0.3495654 0.2189347 0.0301392 0.2257481 0.3288401 0.3841581 0.0453164 0.1996870 0.1594554 0.0881090 0.3837754 0.0275262 0.4356228 0.2632887 0.2395037 0.1849852 0.1215986 0.2966894 0.0698036 0.3090145 0.2798225 0.1993411 0.2035485 0.3209146 0.1656736 0.3213046 0.3078675 0.1416476 0.2804682 0.1569892 0.1939984 0.3057323 0.2075208 0.2060033 0.1656702 0.2407212 0.2934248 0.2427846 0.0735858 0.3234392 0.3536301 0.2871387 0.2722742 0.2927596 0.0478808 0.2213210 0.2450345 0.0939559 0.3446051 
Perityle_cordifolia_27                     0.1833470 0.2536145 0.2989517 0.2383504 0.1779460 0.3047248 0.1534438 0.2547602 0.3315549 0.1791241 0.3295932 0.1812079 0.2285412 0.2037806 0.2435935 0.3705575 0.2262557 0.1862182 0.2053869 0.5925305 0.0762042 0.1760317 0.2077745 0.2218761 0.0000000 0.3930947 0.2618247 0.3036861 0.1851614 0.3953020 0.4280574 0.3302089 0.2767372 0.3819081 0.2731455 0.1790536 0.2726485 0.3782293 0.4194360 0.1829818 0.2533421 0.2394108 0.1325076 0.4139871 0.2182052 0.4744564 0.1587542 0.1401522 0.2208151 0.2256762 0.1783169 0.1887149 0.3400207 0.3558067 0.2314043 0.0456178 0.2928533 0.2082565 0.1758390 0.3555663 0.1109228 0.2715096 0.1674409 0.2472101 0.0615206 0.2634151 0.2717282 0.1680900 0.2274079 0.1805390 0.2592342 0.2388107 0.3548864 0.4401794 0.2927416 0.3293102 0.3497658 0.1442028 0.2868767 0.2531966 0.2118864 0.1043992 
Perityle_cordifolia_68_tecolote            0.2330225 0.1617631 0.2581239 0.2062490 0.1160007 0.1405904 0.0953461 0.2008010 0.2163461 0.7632145 0.0651074 0.6628344 0.0232590 0.1164374 0.0871457 0.1806005 0.1559088 0.6815964 0.1250034 0.0442686 0.1736594 0.3523523 0.1021644 0.3599779 0.3930947 0.0000000 0.1199376 0.1679100 0.1519259 0.1169689 0.1866420 0.2120158 0.0813645 0.2418625 0.2090035 0.7360871 0.1139327 0.0557692 0.5780006 0.3410726 0.2314801 0.1100147 0.6128215 0.1314037 0.3565956 0.2051204 0.3931843 0.3345841 0.2158993 0.1303403 0.3632190 0.7375085 0.0573926 0.0559604 0.1207323 0.1970647 0.0303753 0.1069762 0.4297547 0.1076627 0.1306542 0.1541206 0.0389040 0.0892332 0.3499919 0.1671766 0.1592788 0.0261747 0.0764002 0.4136114 0.1036145 0.7386932 0.0601419 0.1400526 0.2984269 0.1790201 0.1128043 0.6576285 0.0372719 0.1341970 0.7971433 0.3217346 
Perityle_coronopifolia_28_patagonia        0.1341820 0.1984644 0.2637134 0.1377449 0.0810317 0.1165472 0.0722990 0.2023791 0.2823859 0.1722791 0.1023294 0.1386866 0.0502353 0.0972781 0.0928579 0.1761381 0.0902273 0.1467707 0.0953022 0.0933752 0.1751252 0.3538296 0.0877493 0.2117186 0.2618247 0.1199376 0.0000000 0.1376832 0.1404852 0.1589569 0.2489090 0.2704936 0.0952273 0.3030117 0.1336460 0.1618291 0.0951311 0.1200736 0.3741385 0.1925843 0.1607586 0.0989955 0.0859045 0.1934278 0.2135602 0.2263435 0.3753208 0.3060759 0.1376796 0.0881566 0.3680187 0.1731031 0.0852087 0.1093391 0.1014247 0.1756058 0.0651594 0.0776611 0.4128807 0.0588204 0.1273312 0.1714172 0.0497104 0.0954482 0.3421598 0.1421871 0.1318940 0.0423295 0.0603920 0.4014347 0.0966495 0.1985304 0.1122880 0.2394399 0.2722199 0.1736822 0.1146092 0.1080134 0.0870852 0.1420406 0.2006517 0.3594204 
Perityle_crassifolia_70_ventanas           0.2159312 0.1271103 0.2019839 0.1320920 0.0924289 0.1384639 0.0780097 0.2250847 0.1527257 0.9682574 0.1545511 1.0482093 0.1055541 0.1434718 0.1529321 0.1613968 0.1311884 0.9347398 0.1233147 0.2184204 0.1579425 0.2916179 0.1491555 0.3251463 0.3036861 0.1679100 0.1376832 0.0000000 0.1142215 0.1120380 0.0845668 0.1598576 0.1624166 0.1568392 0.1755807 0.9224514 0.1612087 0.1507135 0.6023123 0.2774160 0.2295418 0.1526331 9.0000000 0.1642558 0.3133289 0.2699134 0.2870815 0.2866963 0.2045678 0.1234200 0.2991887 0.7468627 0.1552121 0.1659162 0.1552521 0.2156986 0.1351571 0.1585923 0.3034995 0.1395879 0.1538809 0.1685825 0.0778529 0.1609807 0.2762266 0.1177245 0.1379481 0.0772197 0.1207212 0.2964422 0.0604247 1.0039888 0.1619247 0.1447696 0.2941399 0.1286301 0.1465934 1.3648506 0.1042803 0.0992472 1.0085951 0.2489478 
Perityle_crassifolia_74_playa_balandra     0.1523078 0.2116657 0.1924391 0.1227416 0.2705237 0.1353484 0.2005823 0.2020470 0.2032895 1.5330899 0.1341309 1.0553754 0.1399381 0.1321012 0.1256136 0.1508903 0.1717734 0.9105642 0.1248049 0.1259623 0.1795761 0.1651510 0.1414620 0.2024054 0.1851614 0.1519259 0.1404852 0.1142215 0.0000000 0.1018420 0.1188638 0.2107231 0.1390804 0.1669875 0.1463981 0.9040885 0.1764003 0.1388246 0.6490738 0.1934673 0.1950960 0.1417441 9.0000000 0.1646522 0.1780702 0.3137450 0.1587452 0.1476781 0.1432713 0.1380660 0.1583472 0.7256911 0.1404583 0.1419683 0.1606945 0.1878752 0.1137514 0.1344772 0.1604947 0.1396454 0.1775565 0.1293409 0.1505574 0.1370592 0.1771293 0.1414105 0.1219555 0.1519389 0.1059422 0.1705191 0.1185539 0.9798938 0.1364919 0.1367710 0.2325374 0.1326614 0.1295809 0.6308427 0.1322363 0.1527725 1.0358543 0.1665483 
Perityle_cuneata_34_cuneata_San_antonio    0.2208947 0.1238939 0.2070540 0.2159208 0.0763933 0.0886187 0.0654490 0.2225865 0.2278824 0.7417340 0.1078228 0.7278637 0.0766253 0.1840749 0.1521047 0.1258189 0.2103511 0.6939064 0.1767617 0.1710672 0.1379489 0.3441698 0.1813538 0.3402175 0.3953020 0.1169689 0.1589569 0.1120380 0.1018420 0.0000000 0.1622061 0.2172548 0.1471860 0.2525974 0.1651365 0.7285333 0.1709157 0.1219613 0.5961774 0.3082731 0.2325281 0.1803665 0.6658605 0.1498504 0.3225839 0.2449590 0.3224384 0.3108366 0.2129328 0.2097508 0.3336128 0.6629671 0.1047220 0.0981837 0.1775932 0.1747813 0.0897435 0.1547087 0.3346534 0.1025734 0.1259763 0.1533923 0.0465777 0.1464933 0.2579581 0.1663230 0.1575989 0.0554025 0.0373171 0.3453819 0.0693041 0.7501206 0.1017568 0.2077120 0.2739885 0.1760791 0.1051973 0.6865121 0.1349910 0.1538157 0.7715143 0.3545147 
Perityle_cuneata_4                         0.2931318 0.1713542 0.2017427 0.2974862 0.0464107 0.0953168 0.0483567 0.2172362 0.2392707 0.5483341 0.1279465 0.5907258 0.0735889 0.2800476 0.2404696 0.1928738 0.2859922 0.5455755 0.2633833 0.1738718 0.1252658 0.3711918 0.2457650 0.3938669 0.4280574 0.1866420 0.2489090 0.0845668 0.1188638 0.1622061 0.0000000 0.2282735 0.2037070 0.2837553 0.2548521 0.5374721 0.2226511 0.1438545 0.4567572 0.3674050 0.3252880 0.2666466 0.4564241 0.2359995 0.3924623 0.1600117 0.3319169 0.2880192 0.3102592 0.2663453 0.3642976 0.5122692 0.1234809 0.1096027 0.2715722 0.1798960 0.1082806 0.2406825 0.3568634 0.1079973 0.1254674 0.2118535 0.0470886 0.2485043 0.2669963 0.2758804 0.2702085 0.0449213 0.0279011 0.3803683 0.0622279 0.6245843 0.1196201 0.2749193 0.2814126 0.2540197 0.1269400 0.4965050 0.1740490 0.1585869 0.5607534 0.4377977 
Perityle_discoidea_81                      0.1576246 0.0965915 0.1360057 0.2342916 0.1958710 0.1407366 0.1480179 0.1853645 0.0000010 0.5542363 0.1366071 0.7234987 0.1135463 0.2252755 0.2417969 0.2009161 0.2608294 0.4968023 0.2429800 0.0901540 0.2286030 0.2495619 0.2536545 0.3335546 0.3302089 0.2120158 0.2704936 0.1598576 0.2107231 0.2172548 0.2282735 0.0000000 0.2244115 0.0895075 0.2646738 0.9743291 0.2682778 0.1797057 0.3927849 0.3189565 0.3037575 0.2360723 0.4315040 0.2144739 0.3218427 0.1202394 0.2049355 0.1832367 0.2703237 0.2297443 0.2333622 0.4594872 0.1444929 0.1303612 0.2502158 0.1687168 0.0842171 0.2300026 0.2360951 0.1462174 0.2484196 0.2341967 0.1115450 0.2445871 0.2215843 0.2677041 0.2668798 0.1070374 0.1100677 0.2733604 0.1436190 0.8129674 0.1262302 0.3011344 0.2270957 0.2605640 0.1405186 0.4739101 0.1984302 0.1871774 0.5002644 0.3321193 
Perityle_dissecta_201                      0.1516233 0.1938171 0.2439710 0.1466460 0.0948481 0.1349169 0.0871443 0.2081655 0.2364810 0.2420669 0.0311624 0.1817195 0.0052951 0.0877329 0.0285326 0.1657910 0.1054125 0.1951420 0.0495582 0.0160377 0.1662000 0.3586270 0.0348981 0.2150982 0.2767372 0.0813645 0.0952273 0.1624166 0.1390804 0.1471860 0.2037070 0.2244115 0.0000000 0.2607223 0.1574434 0.3168092 0.0719438 0.0593861 0.3535594 0.2033706 0.1625803 0.0504961 0.0681160 0.1291246 0.2208644 0.2028969 0.3421923 0.3043847 0.1348249 0.0568363 0.3643908 0.2037752 0.0429151 0.0144580 0.0842408 0.1963493 0.0212195 0.0229351 0.3712663 0.0891523 0.1323391 0.1605880 0.0293525 0.0114318 0.2914403 0.1241354 0.1189844 0.0077258 0.0830903 0.3628128 0.1060667 0.2344196 0.0122592 0.1569284 0.2741367 0.1454745 0.0864417 0.1124205 0.0188126 0.1473248 0.2305451 0.3549450 
Perityle_emoryi_47_punta_san_jose          0.2948070 0.1524104 0.0735805 0.2714427 0.8172593 0.1555685 0.6812916 0.2488343 0.0907256 0.5179771 0.1426601 0.6099776 0.1358594 0.2844443 0.3275172 0.2189733 0.3651971 0.4556506 0.2862270 0.0763386 0.1290895 0.2839319 0.2725147 0.3495654 0.3819081 0.2418625 0.3030117 0.1568392 0.1669875 0.2525974 0.2837553 0.0895075 0.2607223 0.0000000 0.2810337 0.6859106 0.3876490 0.2157007 0.3732202 0.3425324 0.3875824 0.2772723 0.4042320 0.2887393 0.4046446 0.1690837 0.2047317 0.2044820 0.2966149 0.2644185 0.2652609 0.4370763 0.1747104 0.1457850 0.3488254 0.1870367 0.0839442 0.2682382 0.2586537 0.1715250 0.2910041 0.2708487 0.1361744 0.3286094 0.2890222 0.3075071 0.3522823 0.1096414 0.1016455 0.2930663 0.1113333 0.7100913 0.1397193 0.3867040 0.2148663 0.3003131 0.1499126 0.4519910 0.2817556 0.2469072 0.4904039 0.4185177 
Perityle_feddemae_99                       0.1332617 0.2159935 0.2624596 0.1732667 0.1374661 0.1459300 0.1029298 0.2337817 0.2701235 0.1589304 0.1862380 0.1574753 0.1318751 0.1464888 0.1331721 0.2116357 0.1317813 0.1660875 0.1272783 0.2807168 0.1944241 0.4114263 0.1186589 0.2189347 0.2731455 0.2090035 0.1336460 0.1755807 0.1463981 0.1651365 0.2548521 0.2646738 0.1574434 0.2810337 0.0000000 0.1961490 0.1441119 0.2009986 0.4018814 0.1916585 0.0984262 0.1471487 0.0162893 0.2396395 0.2105941 0.3194731 0.3887203 0.3536920 0.0815494 0.1325352 0.4044991 0.1685870 0.1689528 0.1811738 0.1223783 0.2088299 0.1643030 0.1237283 0.4254670 0.1566787 0.1682140 0.2081485 0.0975082 0.1410359 0.3357736 0.1672739 0.1512811 0.0900717 0.1241085 0.4236145 0.1205524 0.2241800 0.1877228 0.3009023 0.3167316 0.2006147 0.1513455 0.1160807 0.1380126 0.1901947 0.2116887 0.3889449 
Perityle_fosteri_93                        0.0776464 0.9368186 0.6651704 0.1581760 9.0000000 0.7319384 9.0000000 0.9242315 1.0315629 0.0798933 0.7692668 0.0151406 0.8269500 0.1173949 0.1688018 0.9723990 0.1820109 0.0231046 0.0837700 0.6149176 0.7886764 0.9686133 0.1063926 0.0301392 0.1790536 0.7360871 0.1618291 0.9224514 0.9040885 0.7285333 0.5374721 0.9743291 0.3168092 0.6859106 0.1961490 0.0000000 0.1994296 0.8676709 0.0404735 0.0302384 0.1808479 0.1417334 0.1002767 0.7651046 0.0332641 0.8068051 0.9776311 1.1604182 0.1604626 0.0626334 0.9732822 0.0299015 0.6222274 0.8162570 0.1642326 0.9683738 0.8309530 0.0818431 0.9808944 0.9474657 0.7053896 0.7576662 0.8309530 0.1759564 0.2130936 0.2055685 0.1990854 0.6812740 0.5355197 0.9686133 0.6966592 0.0212471 0.8452802 0.5423883 1.0734167 0.3891852 0.8294253 0.0664384 0.7047138 0.1946355 0.0230492 0.8421070 
Perityle_gamon_221                         0.1566786 0.3207077 0.3748807 0.1370138 0.1036346 0.1381615 0.0914338 0.2150407 0.3024126 0.2103118 0.0954302 0.1833234 0.0356325 0.0881046 0.0777604 0.1993595 0.0971434 0.1974445 0.0871071 0.0766144 0.1686862 0.3869655 0.0784451 0.2257481 0.2726485 0.1139327 0.0951311 0.1612087 0.1764003 0.1709157 0.2226511 0.2682778 0.0719438 0.3876490 0.1441119 0.1994296 0.0000000 0.0882937 0.4515297 0.2056072 0.1710333 0.0802935 0.0796770 0.0675704 0.2135845 0.2285082 0.3852908 0.3355051 0.1379994 0.0897750 0.3771383 0.2043467 0.0814741 0.0762418 0.0759302 0.1972143 0.0371214 0.0708503 0.4103046 0.1153428 0.1409213 0.1481584 0.0464046 0.0763781 0.3046270 0.1158135 0.1227178 0.0421803 0.0869163 0.3936503 0.1211946 0.2652028 0.0794614 0.1321175 0.2933772 0.1417148 0.0883201 0.1106951 0.0652318 0.1274090 0.2598860 0.3587497 
Perityle_gentryi_8_san_francisco           0.2099041 0.1414035 0.2334408 0.1924758 0.1117512 0.1292678 0.0873735 0.1964092 0.1829608 0.8717212 0.0425079 0.8077560 0.0244437 0.1061628 0.0666806 0.1361012 0.1427363 0.7790683 0.1072423 0.0299702 0.1781538 0.3305516 0.0930249 0.3288401 0.3782293 0.0557692 0.1200736 0.1507135 0.1388246 0.1219613 0.1438545 0.1797057 0.0593861 0.2157007 0.2009986 0.8676709 0.0882937 0.0000000 0.5847691 0.3044524 0.2225681 0.1163605 0.6092575 0.0957420 0.3108312 0.1995919 0.3261438 0.3195521 0.1960708 0.1184631 0.3520743 0.7315396 0.0471798 0.0494845 0.1027951 0.1954230 0.0275309 0.0726586 0.3470350 0.0820435 0.1307737 0.1393267 0.0440255 0.0603426 0.2699417 0.1610248 0.1478384 0.0320755 0.0681153 0.3326545 0.0948519 0.7223641 0.0455380 0.1007446 0.3014456 0.1719115 0.0722422 0.9009055 0.0285609 0.1283050 0.8042058 0.3056210 
Perityle_gilensis_22_Superstition          0.4343871 0.5791289 0.5504862 0.4049982 0.9216085 0.5917600 1.0053917 0.5282105 0.4062147 0.3073085 0.5212946 0.1647396 0.5388869 0.4100432 0.3449813 0.5806571 0.3869605 0.2256525 0.3738421 0.2312836 0.5292276 0.6301951 0.3748504 0.3841581 0.4194360 0.5780006 0.3741385 0.6023123 0.6490738 0.5961774 0.4567572 0.3927849 0.3535594 0.3732202 0.4018814 0.0404735 0.4515297 0.5847691 0.0000000 0.3601766 0.3887034 0.3527154 0.2274265 0.5778792 0.3692234 0.6382121 0.5846458 0.5874096 0.3899126 0.3378129 0.6228424 0.2508843 0.5555432 0.5407869 0.4193546 0.5774888 0.3030052 0.3567403 0.6267184 0.5699918 0.5633590 0.6205502 0.5752718 0.3454629 0.6471923 0.4200245 0.4056673 0.4806817 0.5345198 0.6220556 0.6081031 0.3356130 0.5371585 0.6979474 0.5889351 0.4667429 0.5515260 0.1596566 0.4798203 0.6402752 0.3240625 0.6532949 
Perityle_gilensis_salensis_225             0.1603103 0.2439041 0.2753643 0.1562859 0.1667560 0.2460190 0.1238135 0.2243287 0.3113052 0.1453286 0.2835691 0.0181713 0.1913803 0.1574995 0.1531869 0.3441091 0.1653261 0.0344578 0.1066554 0.4438907 0.0838416 0.2758986 0.1041319 0.0453164 0.1829818 0.3410726 0.1925843 0.2774160 0.1934673 0.3082731 0.3674050 0.3189565 0.2033706 0.3425324 0.1916585 0.0302384 0.2056072 0.3044524 0.3601766 0.0000000 0.1685336 0.1471825 0.0685095 0.3574133 0.0492855 0.4243440 0.2560099 0.2250161 0.1523817 0.1003607 0.2681026 0.0603621 0.2822378 0.2704269 0.1737587 0.1970406 0.2744299 0.1533134 0.2970514 0.3012675 0.1409712 0.2544910 0.1433839 0.1733457 0.2781591 0.1780186 0.1790110 0.1637120 0.2251043 0.2868201 0.2345728 0.0839987 0.3084461 0.3463146 0.2081635 0.2465089 0.2915374 0.0440018 0.1831796 0.2244794 0.0843230 0.3014375 
Perityle_glaucescens_94                    0.1372687 0.3448663 0.3585586 0.1804358 0.1353681 0.1861342 0.1074331 0.2148546 0.3389561 0.1581313 0.1933710 0.1478275 0.1537143 0.1663580 0.1398455 0.2146354 0.1469340 0.1559895 0.1282097 0.4739993 0.1815660 0.3235788 0.1385957 0.1996870 0.2533421 0.2314801 0.1607586 0.2295418 0.1950960 0.2325281 0.3252880 0.3037575 0.1625803 0.3875824 0.0984262 0.1808479 0.1710333 0.2225681 0.3887034 0.1685336 0.0000000 0.1411637 0.0154761 0.2862542 0.1816939 0.3566109 0.3004070 0.2659758 0.0121186 0.1446065 0.3462120 0.1553001 0.1863687 0.2007196 0.1304475 0.2014207 0.2045121 0.1283980 0.3422027 0.1995649 0.1782210 0.1716730 0.0919045 0.1443670 0.2935349 0.1827875 0.1838719 0.0863351 0.1020816 0.3328622 0.1435710 0.2137180 0.1944368 0.3081474 0.2602992 0.2346830 0.2090000 0.1014443 0.1584896 0.1877647 0.1763987 0.3485109 
Perityle_gracilis_11                       0.1311763 0.2090799 0.2202388 0.1360705 0.0977740 0.1528226 0.0905707 0.2248200 0.2460579 0.1691646 0.0542217 0.0995892 0.0054246 0.0884009 0.0454673 0.1598980 0.1049471 0.1200462 0.0355383 0.0052785 0.1691859 0.3447679 0.0433173 0.1594554 0.2394108 0.1100147 0.0989955 0.1526331 0.1417441 0.1803665 0.2666466 0.2360723 0.0504961 0.2772723 0.1471487 0.1417334 0.0802935 0.1163605 0.3527154 0.1471825 0.1411637 0.0000000 0.0771719 0.1657093 0.1638870 0.1715461 0.3163649 0.2866642 0.1268028 0.0439353 0.3415605 0.1263784 0.0670292 0.0643074 0.0857365 0.2018755 0.0213835 0.0072850 0.3345998 0.0930052 0.1406427 0.1703424 0.0321354 0.0437540 0.2684967 0.1266158 0.1236566 0.0098896 0.0710700 0.3452302 0.1005841 0.1351410 0.0660086 0.1642134 0.2834019 0.1663205 0.0978119 0.0655020 0.0481368 0.1477907 0.1208809 0.3630419 
Perityle_harkerae_31                       0.0897091 0.8452238 0.4042320 0.1044784 9.0000000 0.5266673 9.0000000 0.2734479 0.4550010 0.0863018 0.4900717 0.0931141 9.0000000 0.1168666 0.0745873 0.6237177 0.0793520 0.0863672 0.0952908 9.0000000 9.0000000 1.0498753 0.0735390 0.0881090 0.1325076 0.6128215 0.0859045 9.0000000 9.0000000 0.6658605 0.4564241 0.4315040 0.0681160 0.4042320 0.0162893 0.1002767 0.0796770 0.6092575 0.2274265 0.0685095 0.0154761 0.0771719 0.0000000 0.5687807 0.0811728 9.0000000 0.9165076 9.0000000 0.0098621 0.0738544 1.1228790 0.0785792 0.1917513 9.0000000 0.0866801 9.0000000 9.0000000 0.0889834 1.1222169 9.0000000 9.0000000 0.6246252 9.0000000 0.0903718 0.3652982 0.0882628 0.1064428 9.0000000 9.0000000 1.0366823 9.0000000 0.0936107 9.0000000 0.6001816 9.0000000 0.1629483 9.0000000 0.0837477 0.1252728 0.3083724 0.0774832 0.8732498 
Perityle_hofmeisteria_4_nombre_de_dios     0.2583982 0.2598504 0.2793029 0.2443057 0.1089244 0.1410926 0.0903285 0.1971676 0.2205316 0.6917308 0.0749848 0.7353863 0.0342048 0.1678285 0.1355269 0.1884747 0.1965927 0.6469324 0.1768367 0.0619224 0.1799108 0.3914942 0.1566601 0.3837754 0.4139871 0.1314037 0.1934278 0.1642558 0.1646522 0.1498504 0.2359995 0.2144739 0.1291246 0.2887393 0.2396395 0.7651046 0.0675704 0.0957420 0.5778792 0.3574133 0.2862542 0.1657093 0.5687807 0.0000000 0.3725071 0.2119079 0.4250519 0.3365618 0.2625058 0.1859339 0.3780834 0.6565932 0.1181710 0.0689642 0.1494412 0.2090966 0.0405683 0.1926046 0.4966735 0.1199013 0.1424207 0.1768125 0.0531060 0.1664701 0.3899599 0.2189541 0.2038925 0.0438558 0.1115923 0.4546875 0.1128997 0.8210152 0.0713436 0.2055764 0.2977248 0.2266194 0.0787454 0.5924120 0.1057655 0.1704736 0.7226106 0.3714039 
Perityle_huecosensis_48                    0.1800732 0.2422919 0.3072349 0.1809829 0.1547657 0.2714549 0.1149153 0.2293352 0.3379945 0.1653550 0.3069153 0.0225227 0.2022721 0.1728764 0.1637816 0.3597136 0.1779280 0.0374610 0.1218647 0.4483763 0.0745416 0.3107988 0.1235812 0.0275262 0.2182052 0.3565956 0.2135602 0.3133289 0.1780702 0.3225839 0.3924623 0.3218427 0.2208644 0.4046446 0.2105941 0.0332641 0.2135845 0.3108312 0.3692234 0.0492855 0.1816939 0.1638870 0.0811728 0.3725071 0.0000000 0.4370721 0.2952700 0.2626253 0.1736745 0.1180857 0.2945438 0.0706611 0.3086011 0.2726807 0.1887352 0.1912495 0.2972639 0.1761409 0.3429020 0.3073653 0.1217109 0.2708809 0.1372937 0.1901619 0.3277473 0.1945541 0.1865052 0.1454229 0.2332308 0.3274143 0.2349808 0.0848962 0.3264729 0.3607132 0.2847045 0.2626064 0.2948273 0.0583422 0.1946014 0.2355138 0.0906185 0.3414288 
Perityle_incana_3_ucla                     0.3494052 0.1941458 0.3683255 0.2266201 0.1493024 0.2739253 0.2898779 0.3203757 0.1264548 1.0064189 0.1970935 0.8011040 0.1099119 0.1529660 0.2040196 0.2966349 0.1527188 0.8399574 0.1688207 0.0413260 0.2699700 0.4273107 0.1813018 0.4356228 0.4744564 0.2051204 0.2263435 0.2699134 0.3137450 0.2449590 0.1600117 0.1202394 0.2028969 0.1690837 0.3194731 0.8068051 0.2285082 0.1995919 0.6382121 0.4243440 0.3566109 0.1715461 9.0000000 0.2119079 0.4370721 0.0000000 0.4282211 0.4196610 0.3231410 0.0900011 0.4502241 1.1377774 0.1967839 0.2003685 0.1880727 0.3336451 0.0274750 0.1988364 0.4512462 0.2112719 0.2481257 0.2790067 0.1086523 0.1906955 0.4679593 0.2237801 0.2372590 0.0603048 0.2819022 0.4320741 0.2797076 1.3096360 0.2045044 0.1722632 0.3924691 0.2277316 0.2105036 0.5447030 0.1286241 0.1895092 1.3953126 0.4076538 
