83
Amauria_brandeegeana_62                    0.0000000 0.0653401 0.1146820 0.2089165 0.1444969 0.0757386 0.1622933 0.1478113 0.2631091 0.0083550 0.1792584 0.1215818 0.1603214 0.1632676 0.1236931 0.2141523 0.1196801 0.2141079 0.1527554 0.1808437 0.1605884 0.1191460 0.0784310 0.1884784 0.1153068 0.1844225 0.2797019 0.1862397 0.2793063 0.1676065 0.1753314 0.2057621 0.1936650 0.1751285 0.1474569 0.1402790 0.2312751 0.1213360 0.2035293 0.1995184 0.1435212 0.1656273 0.2523776 0.1298531 0.1760950 0.1937444 0.1793778 0.1510936 0.1823962 0.2258677 0.2279940 0.1947656 0.1319846 0.2675077 0.1968097 0.2345608 0.1903640 0.1316527 0.1601984 0.1645587 0.1246048 0.0726434 0.1851686 0.1659275 0.1589366 0.2796849 0.2390547 0.1964489 0.1481849 0.0968535 0.1871885 0.1706849 0.1964211 0.1388682 0.1447032 0.1336239 0.1733886 0.2037325 0.2246810 0.1605562 0.1459515 0.1545673 0.1917736 
Amauria_carterae_99_mesa                   0.0653401 0.0000000 0.0892667 0.1754549 0.1097060 0.1148565 0.1456487 0.0936225 0.2838524 0.0563881 0.1242574 0.1245877 0.1333411 0.1317907 0.1133441 0.1521178 0.1069651 0.1862359 0.1371138 0.1318864 0.1309968 0.1261195 0.1310566 0.1404405 0.1180331 0.1303327 0.2606266 0.1218703 0.1469062 0.1604869 0.1397292 0.1740467 0.1302762 0.2037403 0.1282110 0.0885842 0.1562969 0.0985681 0.1388832 0.1502866 0.1154665 0.1392140 0.1550126 0.1212366 0.1693485 0.1542955 0.1445581 0.1351005 0.1225976 0.1627306 0.2320101 0.1457589 0.1126452 0.2514492 0.1493657 0.2791296 0.1516287 0.1397415 0.1271221 0.1379512 0.1191580 0.1210007 0.1428219 0.1825638 0.1258704 0.1550588 0.2285437 0.1639458 0.1073554 0.1169021 0.1525787 0.1405982 0.1982182 0.1299465 0.1326140 0.1219449 0.1449603 0.1836427 0.1507752 0.1359850 0.1358641 0.1319989 0.1748748 
Amauria_rotundifolia_SRR9119150            0.1146820 0.0892667 0.0000000 0.2432802 0.1572256 0.0898435 0.1873792 0.1457555 0.2905862 0.0809095 0.1783008 0.1365066 0.1798765 0.1817963 0.1443816 0.2129919 0.1341945 0.2005205 0.1690923 0.1836195 0.1751522 0.1329827 0.1247627 0.1834801 0.1407250 0.1791824 0.3068353 0.2068491 0.3082906 0.1583797 0.1900568 0.1863455 0.2011233 0.2347961 0.1497724 0.1371677 0.2302083 0.1455435 0.2095422 0.1958515 0.1559152 0.1869454 0.2472988 0.1530830 0.1943052 0.2060347 0.1825117 0.1584618 0.2023970 0.2264767 0.2415700 0.2114129 0.1498006 0.2744573 0.1631077 0.2461653 0.1972962 0.1446030 0.1684902 0.1786181 0.1362217 0.1046603 0.2099628 0.2188926 0.1827882 0.2918035 0.2473589 0.2020668 0.1482086 0.1199132 0.1999532 0.1849994 0.2084593 0.1625733 0.1584968 0.1470427 0.2116948 0.2240234 0.2115196 0.1730791 0.1569883 0.1668370 0.2131350 
Conoclinium_coelestinum_SRR9119114         0.2089165 0.1754549 0.2432802 0.0000000 0.2205356 0.1605921 0.1342757 0.1908185 0.3349414 0.2002368 0.2117457 0.2098449 0.2075773 0.1930968 0.1560934 0.2354861 0.1919257 0.5859613 0.2235921 0.2092928 0.2346618 0.2042220 0.1423636 0.2051759 0.1777826 0.2078113 0.4400324 0.2348746 0.3214675 0.5515351 0.1841090 0.8511508 0.2260783 0.3197003 0.2116799 0.1795389 0.2602229 0.1930138 0.2441606 0.2284236 0.1890280 0.2081028 0.2973802 0.2021459 0.2347150 0.2514732 0.2139451 0.1991519 0.2645150 0.2833790 0.3790936 0.2312772 0.1937129 0.4061449 0.6121000 0.3510977 0.2225250 0.2068356 0.2224523 0.2329181 0.2097480 0.1796262 0.2387106 0.2550668 0.2153400 0.2920611 0.4079703 0.2397655 0.2140244 0.1725789 0.2239587 0.2063865 0.2175741 0.2155601 0.2091013 0.1914550 0.2545086 0.2381546 0.2779068 0.2226004 0.1932866 0.2227839 0.2364233 
Eutetras_palmeri_63                        0.1444969 0.1097060 0.1572256 0.2205356 0.0000000 0.0678782 0.1600994 0.1578411 0.2585468 0.0991857 0.1476489 0.1204378 0.1522073 0.1648263 0.0909696 0.1711488 0.1205642 0.1712790 0.1722225 0.1400186 0.1567991 0.1145051 0.1019453 0.1461776 0.1159233 0.1349323 0.2349458 0.1839705 0.2668185 0.1459495 0.1667819 0.1602699 0.1734963 0.1904936 0.1334464 0.1317787 0.2005894 0.1271209 0.1838454 0.1784016 0.1222717 0.1449154 0.1903308 0.1317288 0.1678959 0.1663078 0.1443567 0.1241127 0.1812583 0.1965338 0.1877758 0.1940749 0.1304592 0.2386490 0.1187310 0.2391046 0.1657385 0.1094873 0.1397798 0.1587464 0.1122466 0.0614073 0.1459687 0.1828313 0.1410359 0.2439003 0.2382427 0.1748999 0.1370549 0.1202151 0.1697431 0.1463843 0.1894142 0.1354794 0.1255302 0.1171561 0.1942530 0.2136231 0.2048272 0.1525241 0.1379578 0.1423840 0.1879764 
Eutetras_pringlei_149_quer                 0.0757386 0.1148565 0.0898435 0.1605921 0.0678782 0.0000000 0.1400245 0.5807466 0.6030859 0.0858896 0.0993681 0.0721952 0.1073037 0.0803569 0.0622659 0.0935011 0.0701419 9.0000000 0.1731706 0.1017733 0.7152580 0.0837956 0.0440010 0.0941030 0.0785631 0.0832037 0.9186681 0.0793360 0.1180146 9.0000000 0.1470030 9.0000000 0.1582343 0.8932325 0.0983316 0.3308744 0.1255245 0.0829987 0.0717898 0.5625380 0.0743806 0.0941030 0.1358485 0.0929312 0.1417803 0.0717898 0.1053317 0.0895510 0.0838492 0.1611952 0.8114402 0.0966706 0.0739466 0.8377354 9.0000000 0.6605358 0.0793360 0.0871979 0.0837956 0.0840067 0.4994095 0.0047720 0.1123630 0.6082634 0.0717612 0.1307530 0.9078160 0.1132895 0.0566618 0.5303327 0.0961615 0.0941030 0.1565172 0.1006269 0.1043081 0.0857530 0.0852085 0.1221725 0.0973015 0.1056495 0.0464600 0.0838492 0.1150921 
Eutrochium_fistulosum_SRR9119106           0.1622933 0.1456487 0.1873792 0.1342757 0.1600994 0.1400245 0.0000000 0.1358112 0.2655958 0.1297884 0.1763583 0.1518138 0.1655532 0.1706330 0.1386679 0.1752229 0.1322648 0.1925601 0.1490440 0.1547429 0.1637391 0.1560829 0.1161178 0.1665789 0.1367112 0.1626415 0.2718584 0.1884279 0.2332808 0.1620062 0.1812438 0.2123639 0.1921221 0.2123832 0.1582694 0.1446619 0.1871765 0.1378417 0.1840202 0.1696725 0.1369562 0.1693409 0.2151081 0.1467791 0.1724197 0.1968242 0.1630555 0.1550380 0.2122362 0.2048417 0.2398880 0.2130885 0.1448638 0.2557618 0.1443392 0.2405899 0.2052377 0.1660694 0.1662932 0.1951367 0.1484475 0.1397422 0.1787100 0.2178931 0.1585018 0.2211145 0.2623027 0.1857633 0.1430606 0.1578073 0.2069832 0.1658697 0.2105948 0.1479455 0.1553037 0.1343489 0.2257424 0.2046137 0.2284332 0.1748434 0.1808180 0.1671851 0.1968604 
Galeana_pratensis_104_mex                  0.1478113 0.0936225 0.1457555 0.1908185 0.1578411 0.5807466 0.1358112 0.0000000 0.1772272 0.0760112 0.1450774 0.1188826 0.1623876 0.1473128 0.1499147 0.1775636 0.1207798 0.2028074 0.1178658 0.1587396 0.1540855 0.1314619 9.0000000 0.1575590 0.0886546 0.1390014 0.1639132 0.1154065 0.1820149 0.1825948 0.0971440 0.1685801 0.1643342 0.1279698 0.1499982 0.0904167 0.1571418 0.0969683 0.1781701 0.1568334 0.1015650 0.1549506 0.1508554 0.1032446 0.1523531 0.1861562 0.1663404 0.1365354 0.1396545 0.1492964 0.1326736 0.1631552 0.1405268 0.1365842 0.2050161 0.1109101 0.1437827 0.1853329 0.1251426 0.1407136 0.1286567 9.0000000 0.1519655 0.2046132 0.1595031 0.1796738 0.1413788 0.1793907 0.1447198 0.1224593 0.1543272 0.1575590 0.2034573 0.1026594 0.1382996 0.1193334 0.1165982 0.1558242 0.1598867 0.1567136 0.1357268 0.1362407 0.2976171 
Helianthus_annuus_SRR9119062               0.2631091 0.2838524 0.2905862 0.3349414 0.2585468 0.6030859 0.2655958 0.1772272 0.0000000 0.2390458 0.2662567 0.2475589 0.2662048 0.3090132 0.2282526 0.2885795 0.2312318 0.4572035 0.2668447 0.2463791 0.1870497 0.2816005 0.6244160 0.2558882 0.2711634 0.2644258 0.2577506 0.2707925 0.2748465 0.6002709 0.3501995 0.4593783 0.2561640 0.1974770 0.2717773 0.1872035 0.2705873 0.2338958 0.2580119 0.2270827 0.2452867 0.2559312 0.2781899 0.2716220 0.2851548 0.2605458 0.2673764 0.2698247 0.3430792 0.2764301 0.2495633 0.3971694 0.2464943 0.2345552 0.4833165 0.2116693 0.3270771 0.3107527 0.2829692 0.3502312 0.2067598 0.6765515 0.2752703 0.2789599 0.2459629 0.2844627 0.2129452 0.3016008 0.2561884 0.1855428 0.4040724 0.2551870 0.3004114 0.2527453 0.2924496 0.2394190 0.3893789 0.3058434 0.2539520 0.3112821 0.2914101 0.2664088 0.4050849 
Lycapsus_tenuifolius_17                    0.0083550 0.0563881 0.0809095 0.2002368 0.0991857 0.0858896 0.1297884 0.0760112 0.2390458 0.0000000 0.1045708 0.1061403 0.1242718 0.1396117 0.0609912 0.1639329 0.1026927 9.0000000 0.1457750 0.1123935 0.1250918 0.0927160 0.0719855 0.1199760 0.1088592 0.1168330 0.2734237 0.1702287 0.3077364 9.0000000 0.1361218 0.4174440 0.1297968 0.1476932 0.1197069 0.0852165 0.1591177 0.1194978 0.1547590 0.1550317 0.1118772 0.1224744 0.1977839 0.1258332 0.1457670 0.1530527 0.1233535 0.1099647 0.1858185 0.1805397 0.2310786 0.1727925 0.0978582 0.2545461 9.0000000 0.2253895 0.1531084 0.1020153 0.1427986 0.1582001 0.1055477 0.0660445 0.1335927 0.1505355 0.1120517 0.2506322 0.2448624 0.1497236 0.1065017 0.0765878 0.1929479 0.1214222 0.1083548 0.1383764 0.1231251 0.1046145 0.1728645 0.1441136 0.1727545 0.1403170 0.1124357 0.1291755 0.1611102 
Pericome_caudata_50_silver                 0.1792584 0.1242574 0.1783008 0.2117457 0.1476489 0.0993681 0.1763583 0.1450774 0.2662567 0.1045708 0.0000000 0.1350214 0.1531899 0.1764676 0.1351511 0.1706231 0.1189055 0.1119076 0.1022547 0.1474589 0.1557252 0.1262190 0.1270384 0.1576833 0.1153918 0.1511011 0.2527439 0.2082572 0.2616845 0.1623344 0.2083071 0.0998662 0.1365168 0.2223683 0.1458556 0.1180088 0.1347891 0.1205203 0.1930892 0.1788372 0.1153136 0.1577279 0.1354006 0.1322085 0.1283480 0.1863721 0.1510833 0.1402789 0.2025899 0.1318377 0.2252825 0.2044522 0.1390070 0.2613157 0.1964266 0.2162658 0.1780146 0.1452955 0.1623459 0.1778612 0.1434609 0.0847732 0.1789281 0.1885273 0.1475989 0.2449340 0.2573515 0.1937457 0.1442577 0.1173682 0.1870524 0.1560104 0.1934171 0.1387519 0.1472738 0.1300447 0.2209730 0.2122381 0.2146767 0.1632704 0.1676224 0.1616945 0.1868515 
Perityle_aglossa_84_dead_horse             0.1215818 0.1245877 0.1365066 0.2098449 0.1204378 0.0721952 0.1518138 0.1188826 0.2475589 0.1061403 0.1350214 0.0000000 0.0576860 0.0566342 0.0805497 0.0969457 0.0295300 0.1746940 0.1447184 0.0520356 0.0397607 0.0664761 0.1421494 0.0541096 0.0344645 0.0747737 0.1913446 0.0887887 0.1586429 0.1745626 0.1961115 0.1606410 0.1390619 0.2194282 0.0785734 0.0524708 0.1541739 0.0394295 0.0908894 0.1039208 0.0315110 0.0564911 0.1770227 0.0528165 0.1412725 0.1132516 0.0550307 0.0810815 0.0894220 0.1745881 0.2007494 0.1151963 0.0285910 0.1549950 0.1469170 0.1656339 0.1171115 0.1052544 0.0705712 0.0961793 0.1224856 0.0736276 0.1143930 0.1230828 0.0021523 0.1648453 0.1409844 0.1509422 0.1046537 0.0617892 0.1269783 0.0515443 0.2125740 0.0627639 0.0752814 0.0453907 0.1305759 0.1608213 0.1220510 0.0921838 0.1174725 0.0714984 0.1284568 
Perityle_ajoensis_204                      0.1603214 0.1333411 0.1798765 0.2075773 0.1522073 0.1073037 0.1655532 0.1623876 0.2662048 0.1242718 0.1531899 0.0576860 0.0000000 0.0517547 0.1052442 0.1142163 0.0353997 0.1957969 0.1711390 0.0469449 0.0414004 0.1015382 0.1135662 0.0249376 0.0333028 0.0779203 0.1698871 0.1330383 0.2400156 0.1863767 0.2087104 0.1755329 0.1896464 0.2366766 0.0861645 0.0586270 0.1700358 0.0710772 0.1093918 0.1047216 0.0251116 0.0255493 0.1646231 0.0470410 0.1634410 0.1065700 0.0337378 0.0886342 0.1543596 0.1729829 0.2084170 0.1193121 0.0318563 0.1680301 0.1770438 0.1817447 0.1608000 0.1233174 0.1269800 0.1250525 0.1383358 0.0980894 0.1462954 0.1496136 0.0546802 0.2360946 0.1495021 0.1695971 0.1168629 0.0697014 0.1301358 0.0248594 0.2204356 0.0426367 0.0805460 0.0510163 0.1836114 0.2192257 0.1082947 0.1090014 0.1394977 0.1058966 0.1180142 
Perityle_ambrosiifolia_67_green            0.1632676 0.1317907 0.1817963 0.1930968 0.1648263 0.0803569 0.1706330 0.1473128 0.3090132 0.1396117 0.1764676 0.0566342 0.0517547 0.0000000 0.1068781 0.1312277 0.0479375 0.2351619 0.1894984 0.0786005 0.0746092 0.0854526 0.0872906 0.0473420 0.0151080 0.0919229 0.2353061 0.1226786 0.2475065 0.2296733 0.1719511 0.2311199 0.1846621 0.2710064 0.1033174 0.1056263 0.2155871 0.0826858 0.1297865 0.1208871 0.0352740 0.0505855 0.1947737 0.0538099 0.1908254 0.1253931 0.0611361 0.0984869 0.1368183 0.2058877 0.2626003 0.1187519 0.0405304 0.2298537 0.2399637 0.2337064 0.1296182 0.1268533 0.1109837 0.1177302 0.1278739 0.0798356 0.1622408 0.0975595 0.0629095 0.2303757 0.2152561 0.1916237 0.1448794 0.0591606 0.1211391 0.0473363 0.2298006 0.0624644 0.0785525 0.0655847 0.1642732 0.2272792 0.1219560 0.0986571 0.1306659 0.1019710 0.1114679 
Perityle_angustifolia_13_Eagle_creek       0.1236931 0.1133441 0.1443816 0.1560934 0.0909696 0.0622659 0.1386679 0.1499147 0.2282526 0.0609912 0.1351511 0.0805497 0.1052442 0.1068781 0.0000000 0.1158308 0.0330959 0.1650031 0.1163575 0.1048905 0.1125790 0.0407111 0.0054271 0.1016453 0.0257221 0.0463389 0.1969133 0.0728392 0.1430402 0.1127475 0.1644364 0.1445682 0.1617354 0.1658392 0.0648238 0.0627123 0.1289479 0.0343334 0.1243212 0.1255854 0.0352816 0.1020790 0.1299564 0.0356572 0.1334256 0.1286601 0.1066973 0.0450645 0.0453534 0.1394444 0.1364610 0.0743309 0.0853103 0.1739774 0.0466085 0.1829459 0.0835129 0.0579692 0.0466362 0.0637266 0.1239478 0.0293925 0.1145750 0.1412450 0.0978087 0.1547815 0.1716139 0.1586878 0.1043315 0.0617902 0.0484888 0.1049336 0.2408690 0.0578416 0.0495768 0.0333046 0.0876663 0.2050734 0.1171656 0.0612624 0.1329494 0.0681154 0.1982386 
Perityle_batopilensis_97                   0.2141523 0.1521178 0.2129919 0.2354861 0.1711488 0.0935011 0.1752229 0.1775636 0.2885795 0.1639329 0.1706231 0.0969457 0.1142163 0.1312277 0.1158308 0.0000000 0.1085716 0.2058009 0.2122625 0.1246845 0.1062223 0.1144186 0.1387615 0.1096039 0.1155876 0.1467980 0.1615391 0.2125988 0.2418102 0.1911993 0.2277019 0.2074516 0.2108758 0.2838099 0.1462220 0.0939634 0.2173911 0.0975355 0.1654066 0.0633015 0.1138039 0.1075330 0.1947561 0.1351974 0.1708501 0.1375607 0.1076058 0.1196124 0.2048520 0.2061725 0.2224867 0.1981998 0.0986431 0.1685278 0.1828229 0.2277102 0.1756837 0.1236396 0.1544441 0.1799473 0.1610244 0.0874636 0.1578822 0.1931458 0.1071837 0.2224682 0.1795112 0.1848250 0.1404160 0.1180694 0.1856729 0.1148937 0.2268189 0.1408692 0.1425333 0.1179005 0.1871292 0.2265550 0.1571185 0.1566422 0.1250366 0.1585829 0.1902439 
Perityle_bisetosa_9                        0.1196801 0.1069651 0.1341945 0.1919257 0.1205642 0.0701419 0.1322648 0.1207798 0.2312318 0.1026927 0.1189055 0.0295300 0.0353997 0.0479375 0.0330959 0.1085716 0.0000000 0.5933937 0.1499562 0.0354738 0.0187031 0.0340030 0.1072942 0.0364017 0.0185755 0.0296666 0.2606943 0.1145127 0.2699481 0.6550337 0.1901071 0.5364885 0.1377999 0.2469021 0.0296617 0.0260670 0.1508237 0.0422767 0.1026204 0.1127272 0.0191729 0.0381109 0.1621317 0.0219348 0.1481649 0.0880402 0.0341935 0.0359410 0.1034037 0.1700129 0.1967565 0.0772002 0.0273171 0.2133941 0.3046143 0.1596626 0.1193950 0.0910629 0.0585640 0.0621569 0.1054964 0.0656914 0.1343828 0.1230029 0.0293526 0.2373924 0.2074311 0.1612663 0.1018912 0.0084838 0.0716856 0.0363641 0.1458817 0.0306431 0.0258320 0.0214480 0.1599558 0.1525450 0.0996944 0.0441448 0.1191902 0.0375320 0.0645203 
Perityle_californica_76_positas            0.2141079 0.1862359 0.2005205 0.5859613 0.1712790 9.0000000 0.1925601 0.2028074 0.4572035 9.0000000 0.1119076 0.1746940 0.1957969 0.2351619 0.1650031 0.2058009 0.5933937 0.0000000 0.2164192 0.1802428 0.1751728 0.1495344 9.0000000 0.2108082 9.0000000 0.1734136 0.1954362 0.1559070 0.2152125 0.1553675 0.2452151 0.0155311 0.1444380 0.2019023 0.1839534 0.9321954 0.1525931 9.0000000 0.2222931 0.1851016 9.0000000 0.2152384 0.1062626 0.0914571 0.1142175 0.2206746 0.1972011 0.1683304 0.1660974 0.1180452 0.1712523 0.2310784 0.1778304 0.1521229 0.1721268 9.0000000 0.1754850 0.1195441 0.1845250 0.1886313 9.0000000 9.0000000 0.1877626 0.0000010 0.2015311 0.2292850 0.1637282 0.1954019 0.1851073 9.0000000 0.1826192 0.2083211 0.7501605 9.0000000 0.1600607 0.1509350 0.1448617 0.4272832 0.1915859 0.1970102 0.1754519 0.1989941 0.4592695 
Perityle_canescens_77                      0.1527554 0.1371138 0.1690923 0.2235921 0.1722225 0.1731706 0.1490440 0.1178658 0.2668447 0.1457750 0.1022547 0.1447184 0.1711390 0.1894984 0.1163575 0.2122625 0.1499562 0.2164192 0.0000000 0.1675987 0.1617415 0.1435723 0.1929283 0.1694122 0.1606450 0.1633392 0.3544692 0.1939211 0.2965883 0.2164192 0.1947514 0.4301192 0.1184289 0.2586518 0.1675980 0.1193576 0.1069304 0.1746439 0.2018047 0.1628143 0.1568312 0.1702560 0.1011441 0.1669177 0.1106547 0.2032555 0.1781298 0.1416151 0.2330723 0.1088948 0.2682183 0.2066776 0.1499043 0.3152068 0.1626954 0.2459542 0.1789977 0.1707396 0.1718587 0.1979345 0.1435639 0.1413856 0.1669872 0.1945219 0.1634757 0.2893256 0.3011274 0.1726201 0.1511690 0.1306603 0.2261077 0.1692973 0.1412388 0.1760725 0.1692542 0.1524942 0.2399031 0.1639337 0.1662386 0.1822086 0.1791866 0.1727967 0.2109269 
Perityle_castillonii_96                    0.1808437 0.1318864 0.1836195 0.2092928 0.1400186 0.1017733 0.1547429 0.1587396 0.2463791 0.1123935 0.1474589 0.0520356 0.0469449 0.0786005 0.1048905 0.1246845 0.0354738 0.1802428 0.1675987 0.0000000 0.0239438 0.0913646 0.1195924 0.0605434 0.0531666 0.1042445 0.1714760 0.1309091 0.2272183 0.1603578 0.2075813 0.1836660 0.1849439 0.2520177 0.0848541 0.0532474 0.1975988 0.0706575 0.1067319 0.1169513 0.0499914 0.0448369 0.1800295 0.0642689 0.1624247 0.1090640 0.0630876 0.1029868 0.1401073 0.1747605 0.2050054 0.1192227 0.0453027 0.1811851 0.1762373 0.1767724 0.1624853 0.1107289 0.1160742 0.1215347 0.1256715 0.0746849 0.1493099 0.1310501 0.0668208 0.2215083 0.1628837 0.1651779 0.1148540 0.0664698 0.1319058 0.0586178 0.2155478 0.0481724 0.0896539 0.0608841 0.1909470 0.2063378 0.1140114 0.1061100 0.1408534 0.0985719 0.1222309 
Perityle_cernua_84                         0.1605884 0.1309968 0.1751522 0.2346618 0.1567991 0.7152580 0.1637391 0.1540855 0.1870497 0.1250918 0.1557252 0.0397607 0.0414004 0.0746092 0.1125790 0.1062223 0.0187031 0.1751728 0.1617415 0.0239438 0.0000000 0.0952968 9.0000000 0.0427174 0.0282858 0.1112565 0.0764792 0.1075990 0.1700970 0.1669614 0.2295508 0.1710644 0.1910394 0.1320228 0.1181899 0.0520353 0.1802664 0.0428374 0.0825907 0.1026802 0.0285587 0.0403526 0.1535532 0.0628014 0.1530488 0.0915896 0.0465217 0.1053814 0.1238071 0.1592731 0.1273568 0.1671831 0.0359614 0.0753248 0.1766297 0.0630161 0.1640282 0.1460838 0.1095912 0.1566561 0.1366204 9.0000000 0.1297510 0.1414309 0.0384296 0.1716670 0.0735857 0.1577279 0.1190963 0.0612849 0.1639727 0.0418860 0.2414983 0.0505969 0.0988376 0.0606410 0.2003236 0.2455342 0.0864772 0.1270589 0.1556801 0.1216202 0.2003992 
Perityle_cfvillosa_25_tin                  0.1191460 0.1261195 0.1329827 0.2042220 0.1145051 0.0837956 0.1560829 0.1314619 0.2816005 0.0927160 0.1262190 0.0664761 0.1015382 0.0854526 0.0407111 0.1144186 0.0340030 0.1495344 0.1435723 0.0913646 0.0952968 0.0000000 0.1347076 0.0998487 0.0323534 0.0333942 0.2691844 0.0836621 0.1539844 0.1306126 0.1792137 0.1405586 0.1443724 0.2222515 0.0308030 0.0615805 0.1541388 0.0350775 0.1179524 0.1386678 0.0459442 0.0997203 0.1580798 0.0325437 0.1518963 0.1302300 0.1026678 0.0411827 0.0037431 0.1700066 0.1456877 0.0499653 0.0607084 0.2281489 0.0171317 0.2070842 0.0978893 0.0909653 0.0065524 0.0031060 0.1372859 0.0715831 0.1406400 0.1494781 0.0802616 0.1617896 0.2197221 0.1672958 0.1080370 0.0238800 0.0343033 0.0945544 0.2155354 0.0720581 0.0397866 0.0282519 0.0883458 0.1927768 0.1402098 0.0326249 0.1347641 0.0068891 0.1251959 
Perityle_cinerea_113_Powell1310            0.0784310 0.1310566 0.1247627 0.1423636 0.1019453 0.0440010 0.1161178 9.0000000 0.6244160 0.0719855 0.1270384 0.1421494 0.1135662 0.0872906 0.0054271 0.1387615 0.1072942 9.0000000 0.1929283 0.1195924 9.0000000 0.1347076 0.0000000 0.1235112 0.0926138 0.1124827 0.7759679 0.2048400 0.2959142 9.0000000 0.1339178 9.0000000 0.1862523 0.9720242 0.0899708 9.0000000 0.2061354 0.1230483 0.1381851 9.0000000 0.1113128 0.1261217 0.1918870 0.1270095 0.1973381 0.1431882 0.1048283 0.1275564 0.2032045 0.2178336 0.8205343 0.1269307 0.0963891 0.7827436 9.0000000 0.8332435 0.1957754 0.1298136 0.1816306 0.1461403 9.0000000 0.0673065 0.1879138 9.0000000 0.1311309 0.2723900 0.8401104 0.1125916 0.0778906 9.0000000 0.1113072 0.1244850 0.2008971 0.1001186 0.1316984 0.1094679 0.0471624 0.1120514 0.1487613 0.1205006 0.0463886 0.1362260 0.1141265 
Perityle_coahuilensis_24                   0.1884784 0.1404405 0.1834801 0.2051759 0.1461776 0.0941030 0.1665789 0.1575590 0.2558882 0.1199760 0.1576833 0.0541096 0.0249376 0.0473420 0.1016453 0.1096039 0.0364017 0.2108082 0.1694122 0.0605434 0.0427174 0.0998487 0.1235112 0.0000000 0.0303542 0.0987047 0.1406995 0.1475674 0.2380616 0.1883515 0.2075291 0.2020073 0.1852601 0.2954708 0.0915329 0.0554433 0.2066301 0.0681568 0.1275832 0.1350548 0.0174164 0.0106874 0.2014407 0.0518493 0.1683489 0.1125463 0.0318277 0.0883732 0.1450979 0.1931262 0.2067446 0.1206325 0.0307594 0.1560806 0.1964640 0.1736677 0.1576423 0.1181629 0.1228375 0.1220675 0.1256551 0.1028270 0.1488508 0.1362358 0.0532548 0.2221142 0.1675910 0.1709148 0.1303469 0.0609164 0.1334039 0.0067890 0.2175618 0.0403124 0.0826625 0.0509648 0.1808287 0.2052457 0.1437043 0.1071208 0.1381967 0.1031648 0.1197398 
Perityle_cochisensis_44_cave_creek         0.1153068 0.1180331 0.1407250 0.1777826 0.1159233 0.0785631 0.1367112 0.0886546 0.2711634 0.1088592 0.1153918 0.0344645 0.0333028 0.0151080 0.0257221 0.1155876 0.0185755 9.0000000 0.1606450 0.0531666 0.0282858 0.0323534 0.0926138 0.0303542 0.0000000 0.0248701 0.3042058 0.0966699 0.2706971 9.0000000 0.1538333 0.4163423 0.1399553 0.2628210 0.0345968 0.0318778 0.1396589 0.0585590 0.1069748 0.0952543 0.0123043 0.0318471 0.1361292 0.0274816 0.1468602 0.0968506 0.0362429 0.0306602 0.0852391 0.1476806 0.2283336 0.0428393 0.0148642 0.2666432 9.0000000 0.2004894 0.0877874 0.0943025 0.0527264 0.0438388 0.0983168 0.0816203 0.1380006 0.1321442 0.0370605 0.2550312 0.2553134 0.1682836 0.1170322 0.0200869 0.0476751 0.0303769 0.1475667 0.0405929 0.0278184 0.0162937 0.1588267 0.1635828 0.0785739 0.0349381 0.1123803 0.0383196 0.0663378 
Perityle_congesta_202                      0.1844225 0.1303327 0.1791824 0.2078113 0.1349323 0.0832037 0.1626415 0.1390014 0.2644258 0.1168330 0.1511011 0.0747737 0.0779203 0.0919229 0.0463389 0.1467980 0.0296666 0.1734136 0.1633392 0.1042445 0.1112565 0.0333942 0.1124827 0.0987047 0.0248701 0.0000000 0.2255081 0.1162510 0.2447305 0.1239804 0.2120566 0.1610317 0.1707877 0.2532746 0.0355125 0.0707505 0.1914892 0.0580828 0.1599837 0.1762922 0.0392624 0.0891719 0.1807795 0.0023160 0.1565407 0.1354966 0.0940624 0.0038205 0.0880926 0.1796766 0.1073973 0.0960172 0.0741964 0.2044379 0.0560115 0.1983595 0.1291776 0.0976080 0.0478922 0.0623071 0.1317425 0.0822341 0.1647674 0.1373241 0.0910931 0.2314111 0.2161689 0.1851718 0.1262915 0.0322414 0.0730408 0.0960041 0.2119628 0.0498354 0.0058905 0.0226588 0.1402289 0.2101734 0.1524209 0.0516325 0.1396102 0.0456908 0.1015095 
Perityle_cordifolia_27                     0.2797019 0.2606266 0.3068353 0.4400324 0.2349458 0.9186681 0.2718584 0.1639132 0.2577506 0.2734237 0.2527439 0.1913446 0.1698871 0.2353061 0.1969133 0.1615391 0.2606943 0.1954362 0.3544692 0.1714760 0.0764792 0.2691844 0.7759679 0.1406995 0.3042058 0.2255081 0.0000000 0.3278088 0.2779939 0.1831629 0.3432061 0.1907758 0.2910757 0.2819689 0.2497724 0.1154074 0.2927205 0.2595509 0.2104720 0.1320465 0.2368133 0.1531264 0.2427123 0.3006962 0.2734623 0.1819443 0.1490659 0.2341255 0.2950561 0.2684108 0.2104629 0.3502229 0.1509879 0.0117080 0.1866629 0.2483599 0.3513683 0.2717451 0.2688511 0.3011026 0.1664311 0.8137482 0.2280653 0.1374763 0.1629442 0.2608567 0.0776980 0.2475745 0.2170211 0.0960829 0.3077920 0.1529965 0.4190375 0.2910565 0.2662538 0.1918670 0.3135218 0.3744060 0.2265171 0.3077089 0.2879580 0.2816357 0.4768060 
Perityle_cordifolia_68_tecolote            0.1862397 0.1218703 0.2068491 0.2348746 0.1839705 0.0793360 0.1884279 0.1154065 0.2707925 0.1702287 0.2082572 0.0887887 0.1330383 0.1226786 0.0728392 0.2125988 0.1145127 0.1559070 0.1939211 0.1309091 0.1075990 0.0836621 0.2048400 0.1475674 0.0966699 0.1162510 0.3278088 0.0000000 0.2493611 0.2026423 0.1767128 0.1642967 0.1826193 0.2533452 0.1336596 0.0921156 0.2050974 0.1384197 0.1666825 0.1662046 0.0925439 0.1310394 0.2287771 0.1050355 0.2098349 0.2029621 0.1543185 0.1038099 0.1285580 0.2222693 0.2164688 0.1490071 0.0927425 0.2935213 0.1491936 0.2163689 0.0405802 0.1386856 0.1043273 0.1227544 0.1342991 0.0633420 0.2010906 0.1495599 0.1172315 0.2395583 0.2795417 0.2283351 0.1686235 0.0778187 0.1664391 0.1485388 0.2199578 0.1473644 0.1204004 0.1039564 0.1651452 0.1976335 0.2307444 0.1346082 0.1374131 0.1171572 0.1829531 
Perityle_coronopifolia_28_patagonia        0.2793063 0.1469062 0.3082906 0.3214675 0.2668185 0.1180146 0.2332808 0.1820149 0.2748465 0.3077364 0.2616845 0.1586429 0.2400156 0.2475065 0.1430402 0.2418102 0.2699481 0.2152125 0.2965883 0.2272183 0.1700970 0.1539844 0.2959142 0.2380616 0.2706971 0.2447305 0.2779939 0.2493611 0.0000000 0.2034489 0.2221918 0.2037729 0.2811650 0.2322079 0.2564835 0.1428986 0.2634418 0.2291712 0.2333069 0.1496070 0.2546349 0.2356477 0.2508370 0.2725929 0.2633258 0.2640495 0.2541855 0.2140068 0.2872260 0.2694540 0.2336399 0.3216042 0.1898907 0.2798621 0.1824210 0.2820262 0.1967204 0.1998963 0.2097146 0.2933949 0.1579059 0.1274771 0.2302086 0.2115423 0.2338280 0.1013413 0.2603140 0.2376991 0.2128398 0.1597109 0.3131559 0.2349083 0.3047435 0.2916896 0.2605767 0.2141273 0.2132015 0.3122639 0.2611287 0.2877958 0.0697316 0.2704938 0.3668893 
Perityle_crassifolia_70_ventanas           0.1676065 0.1604869 0.1583797 0.5515351 0.1459495 9.0000000 0.1620062 0.1825948 0.6002709 9.0000000 0.1623344 0.1745626 0.1863767 0.2296733 0.1127475 0.1911993 0.6550337 0.1553675 0.2164192 0.1603578 0.1669614 0.1306126 9.0000000 0.1883515 9.0000000 0.1239804 0.1831629 0.2026423 0.2034489 0.0000000 0.1248855 0.1185556 0.2037521 0.0314024 0.1434588 1.3397544 0.1711781 9.0000000 0.1995591 0.1899300 9.0000000 0.1903790 0.1710342 0.0914571 0.1834267 0.1943676 0.1854921 0.1204895 0.1414004 0.1817906 0.1219630 0.1579845 0.1858068 0.1603056 0.0994510 9.0000000 0.2350078 0.1062416 0.1340974 0.1434725 9.0000000 9.0000000 0.1682540 0.0000010 0.2094179 0.2294878 0.1726681 0.1797149 0.1484402 9.0000000 0.1323654 0.1848783 0.7834086 9.0000000 0.1263523 0.1097100 0.1152307 0.3405008 0.1857544 0.1670225 0.1955345 0.1706161 0.5076534 
Perityle_crassifolia_74_playa_balandra     0.1753314 0.1397292 0.1900568 0.1841090 0.1667819 0.1470030 0.1812438 0.0971440 0.3501995 0.1361218 0.2083071 0.1961115 0.2087104 0.1719511 0.1644364 0.2277019 0.1901071 0.2452151 0.1947514 0.2075813 0.2295508 0.1792137 0.1339178 0.2075291 0.1538333 0.2120566 0.3432061 0.1767128 0.2221918 0.1248855 0.0000000 0.2342489 0.1771670 0.2985050 0.2127317 0.2248176 0.2163568 0.1925738 0.2339993 0.2467396 0.1813992 0.2093778 0.2023539 0.2055839 0.2135335 0.2389807 0.2133816 0.2169591 0.1881954 0.2042537 0.3588619 0.1970017 0.1804658 0.3130102 0.2480813 0.3365426 0.2075566 0.1589314 0.1755359 0.2034955 0.1531938 0.1260163 0.2139369 0.2282308 0.1986947 0.2317098 0.3098230 0.2357351 0.1986206 0.1475272 0.2317451 0.2073267 0.1283017 0.1863645 0.1866656 0.1926620 0.1747881 0.2086721 0.2268869 0.2182830 0.1404227 0.2055319 0.2244090 
Perityle_cuneata_34_cuneata_San_antonio    0.2057621 0.1740467 0.1863455 0.8511508 0.1602699 9.0000000 0.2123639 0.1685801 0.4593783 0.4174440 0.0998662 0.1606410 0.1755329 0.2311199 0.1445682 0.2074516 0.5364885 0.0155311 0.4301192 0.1836660 0.1710644 0.1405586 9.0000000 0.2020073 0.4163423 0.1610317 0.1907758 0.1642967 0.2037729 0.1185556 0.2342489 0.0000000 0.1444172 0.1843031 0.1742218 0.5353095 0.0969335 0.4886846 0.2165472 0.1793733 0.4760972 0.2132598 0.0904367 0.4035609 0.1013967 0.2201933 0.1929464 0.1589966 0.1548769 0.0975788 0.1608585 0.2216086 0.1720633 0.1439647 0.1341860 0.6934867 0.1714458 0.0931290 0.1660058 0.1828402 0.4645275 9.0000000 0.1793527 0.5247211 0.1810173 0.2260490 0.1567826 0.1759531 0.1708474 0.6120637 0.1725368 0.2012564 0.7017840 0.4886846 0.1510275 0.1410793 0.1779911 0.4080008 0.1816092 0.1912222 0.1927696 0.1919338 0.4593605 
Perityle_cuneata_4                         0.1936650 0.1302762 0.2011233 0.2260783 0.1734963 0.1582343 0.1921221 0.1643342 0.2561640 0.1297968 0.1365168 0.1390619 0.1896464 0.1846621 0.1617354 0.2108758 0.1377999 0.1444380 0.1184289 0.1849439 0.1910394 0.1443724 0.1862523 0.1852601 0.1399553 0.1707877 0.2910757 0.1826193 0.2811650 0.2037521 0.1771670 0.1444172 0.0000000 0.2950804 0.1581851 0.1234053 0.1720252 0.1448902 0.2133065 0.1897789 0.1357259 0.1833023 0.1585861 0.1508305 0.1550129 0.1921234 0.1767795 0.1535575 0.2099181 0.1576105 0.2546545 0.2236880 0.1736376 0.2362580 0.2302168 0.2365462 0.1872175 0.1571956 0.1610557 0.1989975 0.1242241 0.1275573 0.2026878 0.1971769 0.1830958 0.2600513 0.2817300 0.2096010 0.1522322 0.1288392 0.2170608 0.1851586 0.1781707 0.1490565 0.1710248 0.1539395 0.2258996 0.2057936 0.2054113 0.1780359 0.1691256 0.1725143 0.2068966 
Perityle_discoidea_81                      0.1751285 0.2037403 0.2347961 0.3197003 0.1904936 0.8932325 0.2123832 0.1279698 0.1974770 0.1476932 0.2223683 0.2194282 0.2366766 0.2710064 0.1658392 0.2838099 0.2469021 0.2019023 0.2586518 0.2520177 0.1320228 0.2222515 0.9720242 0.2954708 0.2628210 0.2532746 0.2819689 0.2533452 0.2322079 0.0314024 0.2985050 0.1843031 0.2950804 0.0000000 0.2307636 0.0870663 0.2848370 0.2279463 0.2559916 0.2014344 0.2917182 0.2610313 0.2720431 0.2515577 0.2310548 0.2934233 0.2930659 0.2125009 0.2352053 0.2569107 0.1859639 0.3212474 0.2096239 0.2276340 0.1459744 0.1755846 0.2841709 0.2584394 0.2228077 0.2589857 0.0846923 0.8490120 0.2466686 0.1446596 0.2687318 0.2682876 0.1861178 0.2382430 0.2256755 0.0659287 0.2631700 0.2891320 0.3529032 0.2548100 0.2061722 0.1802910 0.2782663 0.3176044 0.2747884 0.2423995 0.3089548 0.2334430 0.4591061 
Perityle_dissecta_201                      0.1474569 0.1282110 0.1497724 0.2116799 0.1334464 0.0983316 0.1582694 0.1499982 0.2717773 0.1197069 0.1458556 0.0785734 0.0861645 0.1033174 0.0648238 0.1462220 0.0296617 0.1839534 0.1675980 0.0848541 0.1181899 0.0308030 0.0899708 0.0915329 0.0345968 0.0355125 0.2497724 0.1336596 0.2564835 0.1434588 0.2127317 0.1742218 0.1581851 0.2307636 0.0000000 0.0638315 0.1914529 0.0617220 0.1506827 0.1529756 0.0480139 0.0923227 0.1841059 0.0351825 0.1687649 0.1349006 0.0819300 0.0427163 0.0963582 0.1944916 0.1193736 0.0972770 0.0823485 0.2131422 0.0784623 0.1938297 0.1358673 0.0815614 0.0483567 0.0693453 0.1283864 0.0776991 0.1620626 0.1457497 0.0882089 0.2370739 0.2185266 0.1801686 0.1255263 0.0241750 0.0775191 0.0898554 0.2169978 0.0393850 0.0472666 0.0392192 0.1311850 0.1956179 0.1546515 0.0447775 0.1414439 0.0491105 0.1070147 
Perityle_emoryi_47_punta_san_jose          0.1402790 0.0885842 0.1371677 0.1795389 0.1317787 0.3308744 0.1446619 0.0904167 0.1872035 0.0852165 0.1180088 0.0524708 0.0586270 0.1056263 0.0627123 0.0939634 0.0260670 0.9321954 0.1193576 0.0532474 0.0520353 0.0615805 9.0000000 0.0554433 0.0318778 0.0707505 0.1154074 0.0921156 0.1428986 1.3397544 0.2248176 0.5353095 0.1234053 0.0870663 0.0638315 0.0000000 0.1304799 0.0278644 0.0708845 0.1062727 0.0453455 0.0614015 0.1253955 0.0610772 0.1302750 0.0788180 0.0709340 0.0789612 0.1172483 0.1294262 0.0816437 0.1619634 0.0450853 0.1068714 0.9321954 0.0547864 0.1418936 0.1409198 0.0664185 0.1394013 0.1057450 9.0000000 0.1275779 0.1219903 0.0521847 0.1433305 0.1181025 0.1668072 0.0912620 0.0413684 0.1753000 0.0552943 0.1381956 0.0617879 0.0594136 0.0433089 0.2291601 0.1406909 0.0788188 0.0953481 0.1285800 0.0737042 0.1415398 
Perityle_feddemae_99                       0.2312751 0.1562969 0.2302083 0.2602229 0.2005894 0.1255245 0.1871765 0.1571418 0.2705873 0.1591177 0.1347891 0.1541739 0.1700358 0.2155871 0.1289479 0.2173911 0.1508237 0.1525931 0.1069304 0.1975988 0.1802664 0.1541388 0.2061354 0.2066301 0.1396589 0.1914892 0.2927205 0.2050974 0.2634418 0.1711781 0.2163568 0.0969335 0.1720252 0.2848370 0.1914529 0.1304799 0.0000000 0.1688429 0.2222105 0.2033477 0.1651872 0.1947486 0.0509366 0.1688396 0.0463997 0.2198472 0.2060543 0.1801120 0.2185609 0.0441295 0.2523466 0.2277431 0.1759341 0.2557958 0.1750346 0.2516608 0.1886383 0.1609276 0.1707220 0.2265435 0.1423414 0.1285859 0.1965902 0.1780752 0.1751908 0.2838987 0.2636119 0.2254230 0.1785804 0.1353599 0.2212392 0.2011116 0.2155688 0.1552514 0.1718491 0.1634402 0.2154044 0.2401979 0.1989079 0.1856555 0.1632923 0.1847684 0.2235058 
Perityle_fosteri_93                        0.1213360 0.0985681 0.1455435 0.1930138 0.1271209 0.0829987 0.1378417 0.0969683 0.2338958 0.1194978 0.1205203 0.0394295 0.0710772 0.0826858 0.0343334 0.0975355 0.0422767 9.0000000 0.1746439 0.0706575 0.0428374 0.0350775 0.1230483 0.0681568 0.0585590 0.0580828 0.2595509 0.1384197 0.2291712 9.0000000 0.1925738 0.4886846 0.1448902 0.2279463 0.0617220 0.0278644 0.1688429 0.0000000 0.1092096 0.0813985 0.0512649 0.0696042 0.1757874 0.0570684 0.1432804 0.1138249 0.0655694 0.0407430 0.1308236 0.1876506 0.2047288 0.1299883 0.0618924 0.2120836 9.0000000 0.1693373 0.1110789 0.0730356 0.0734654 0.1072577 0.1114069 0.0824316 0.1398164 0.1274517 0.0625741 0.2089693 0.1982781 0.1585108 0.1205815 0.0287502 0.1272495 0.0682077 0.1536026 0.0731383 0.0552507 0.0470666 0.1525079 0.1446290 0.1092071 0.0755370 0.1054719 0.0770350 0.1123581 
Perityle_gamon_221                         0.2035293 0.1388832 0.2095422 0.2441606 0.1838454 0.0717898 0.1840202 0.1781701 0.2580119 0.1547590 0.1930892 0.0908894 0.1093918 0.1297865 0.1243212 0.1654066 0.1026204 0.2222931 0.2018047 0.1067319 0.0825907 0.1179524 0.1381851 0.1275832 0.1069748 0.1599837 0.2104720 0.1666825 0.2333069 0.1995591 0.2339993 0.2165472 0.2133065 0.2559916 0.1506827 0.0708845 0.2222105 0.1092096 0.0000000 0.1391627 0.1116064 0.1213918 0.2110107 0.1186483 0.1946149 0.0749701 0.1267814 0.1522504 0.1745081 0.2124400 0.2308503 0.1877220 0.0992430 0.1886820 0.2250358 0.1467335 0.1578572 0.1291432 0.1275860 0.1857656 0.1542050 0.0267531 0.1848430 0.1586009 0.1144948 0.2415808 0.1708800 0.2073130 0.1608581 0.0898717 0.1890752 0.1284497 0.2564610 0.1200745 0.1482343 0.1188196 0.1955051 0.2371059 0.1126106 0.1621876 0.1326722 0.1588631 0.1813972 
Perityle_gentryi_8_san_francisco           0.1995184 0.1502866 0.1958515 0.2284236 0.1784016 0.5625380 0.1696725 0.1568334 0.2270827 0.1550317 0.1788372 0.1039208 0.1047216 0.1208871 0.1255854 0.0633015 0.1127272 0.1851016 0.1628143 0.1169513 0.1026802 0.1386678 9.0000000 0.1350548 0.0952543 0.1762922 0.1320465 0.1662046 0.1496070 0.1899300 0.2467396 0.1793733 0.1897789 0.2014344 0.1529756 0.1062727 0.2033477 0.0813985 0.1391627 0.0000000 0.1339057 0.1295376 0.1872974 0.1448614 0.1686547 0.1643230 0.1348513 0.1429116 0.1801816 0.1887338 0.1670536 0.2272145 0.0852951 0.1058515 0.1903270 0.1156865 0.1993197 0.1592548 0.1572828 0.1956959 0.1440773 9.0000000 0.1801449 0.1728221 0.1263427 0.1620892 0.1052207 0.1650993 0.1253176 0.0996580 0.2185835 0.1321760 0.2575175 0.1516358 0.1534963 0.1228770 0.1954026 0.2236908 0.1251817 0.1735681 0.1281744 0.1584714 0.3141213 
Perityle_gilensis_22_Superstition          0.1435212 0.1154665 0.1559152 0.1890280 0.1222717 0.0743806 0.1369562 0.1015650 0.2452867 0.1118772 0.1153136 0.0315110 0.0251116 0.0352740 0.0352816 0.1138039 0.0191729 9.0000000 0.1568312 0.0499914 0.0285587 0.0459442 0.1113128 0.0174164 0.0123043 0.0392624 0.2368133 0.0925439 0.2546349 9.0000000 0.1813992 0.4760972 0.1357259 0.2917182 0.0480139 0.0453455 0.1651872 0.0512649 0.1116064 0.1339057 0.0000000 0.0173466 0.1843164 0.0331484 0.1559987 0.0972931 0.0319564 0.0407404 0.1146543 0.1789325 0.2095448 0.0921619 0.0177387 0.1981115 9.0000000 0.1678211 0.1038115 0.0942012 0.0700493 0.0712724 0.1212646 0.0708512 0.1440984 0.1311088 0.0326735 0.2169709 0.2296623 0.1644503 0.1062816 0.0619702 0.0942790 0.0174093 0.1513042 0.0416830 0.0336083 0.0073934 0.1667547 0.1533882 0.1128761 0.0567989 0.1185761 0.0482052 0.0726343 
Perityle_gilensis_salensis_225             0.1656273 0.1392140 0.1869454 0.2081028 0.1449154 0.0941030 0.1693409 0.1549506 0.2559312 0.1224744 0.1577279 0.0564911 0.0255493 0.0505855 0.1020790 0.1075330 0.0381109 0.2152384 0.1702560 0.0448369 0.0403526 0.0997203 0.1261217 0.0106874 0.0318471 0.0891719 0.1531264 0.1310394 0.2356477 0.1903790 0.2093778 0.2132598 0.1833023 0.2610313 0.0923227 0.0614015 0.1947486 0.0696042 0.1213918 0.1295376 0.0173466 0.0000000 0.1903869 0.0516118 0.1738163 0.1064588 0.0318042 0.0915284 0.1458232 0.1961096 0.2073076 0.1227705 0.0293122 0.1621569 0.1927699 0.1781494 0.1602616 0.1190564 0.1232042 0.1245577 0.1305546 0.1024480 0.1493557 0.1410970 0.0525112 0.2186873 0.1587045 0.1696356 0.1219615 0.0667427 0.1352670 0.0181683 0.2236508 0.0414723 0.0817461 0.0521136 0.1873228 0.2100785 0.1279775 0.1075108 0.1380504 0.1038995 0.1175478 
Perityle_glaucescens_94                    0.2523776 0.1550126 0.2472988 0.2973802 0.1903308 0.1358485 0.2151081 0.1508554 0.2781899 0.1977839 0.1354006 0.1770227 0.1646231 0.1947737 0.1299564 0.1947561 0.1621317 0.1062626 0.1011441 0.1800295 0.1535532 0.1580798 0.1918870 0.2014407 0.1361292 0.1807795 0.2427123 0.2287771 0.2508370 0.1710342 0.2023539 0.0904367 0.1585861 0.2720431 0.1841059 0.1253955 0.0509366 0.1757874 0.2110107 0.1872974 0.1843164 0.1903869 0.0000000 0.1723551 0.0326942 0.2117380 0.1848474 0.1781246 0.2402790 0.0169132 0.2303045 0.2253587 0.1586127 0.2355115 0.1792399 0.2437425 0.1796601 0.1544010 0.1596254 0.2257324 0.1332724 0.1129093 0.1773298 0.1743359 0.1770683 0.2692460 0.2475647 0.2302154 0.1848902 0.1318606 0.1997502 0.1925644 0.2074154 0.1522976 0.1772877 0.1462099 0.2111488 0.2628242 0.1969436 0.1975245 0.1626024 0.2017473 0.2238969 
Perityle_gracilis_11                       0.1298531 0.1212366 0.1530830 0.2021459 0.1317288 0.0929312 0.1467791 0.1032446 0.2716220 0.1258332 0.1322085 0.0528165 0.0470410 0.0538099 0.0356572 0.1351974 0.0219348 0.0914571 0.1669177 0.0642689 0.0628014 0.0325437 0.1270095 0.0518493 0.0274816 0.0023160 0.3006962 0.1050355 0.2725929 0.0914571 0.2055839 0.4035609 0.1508305 0.2515577 0.0351825 0.0610772 0.1688396 0.0570684 0.1186483 0.1448614 0.0331484 0.0516118 0.1723551 0.0000000 0.1657869 0.1073162 0.0590245 0.0031641 0.1002636 0.1834090 0.2050221 0.0848106 0.0307745 0.2569628 0.0000010 0.2098066 0.1195217 0.1073165 0.0558734 0.0578925 0.1325617 0.0910204 0.1514926 0.1425254 0.0485524 0.2463641 0.2416747 0.1798894 0.1187053 0.0349877 0.0887534 0.0517937 0.1649860 0.0592682 0.0030418 0.0225293 0.1648978 0.1755230 0.1128436 0.0450543 0.1276905 0.0343413 0.0768200 
Perityle_harkerae_31                       0.1760950 0.1693485 0.1943052 0.2347150 0.1678959 0.1417803 0.1724197 0.1523531 0.2851548 0.1457670 0.1283480 0.1412725 0.1634410 0.1908254 0.1334256 0.1708501 0.1481649 0.1142175 0.1106547 0.1624247 0.1530488 0.1518963 0.1973381 0.1683489 0.1468602 0.1565407 0.2734623 0.2098349 0.2633258 0.1834267 0.2135335 0.1013967 0.1550129 0.2310548 0.1687649 0.1302750 0.0463997 0.1432804 0.1946149 0.1686547 0.1559987 0.1738163 0.0326942 0.1657869 0.0000000 0.1940776 0.1749250 0.1587793 0.2233885 0.0447074 0.2395857 0.2212121 0.1547211 0.2510855 0.1575104 0.2744279 0.1949567 0.1562247 0.1617533 0.2068485 0.1491845 0.1217486 0.1757709 0.1850541 0.1614256 0.2540680 0.2368014 0.1898696 0.1570215 0.1443967 0.2109477 0.1678904 0.2171410 0.1596649 0.1706519 0.1495095 0.2178549 0.2204371 0.1688480 0.1898521 0.1782607 0.1845809 0.2241440 
