84
Amauria_brandeegeana_62                    0.0000000 0.1007786 0.3455306 0.5957930 0.6065302 0.2512565 0.6991780 0.3149798 0.2072969 0.0168395 0.7642100 0.5033954 0.5032473 0.4998058 0.4477116 0.5533150 0.5442525 0.5328198 0.4219620 0.6912184 0.5035512 0.4585075 0.0742015 0.5383660 0.4442091 0.5151605 0.5494624 0.5108247 0.3482493 0.0981941 0.5187781 0.3102855 0.0513241 0.5287624 0.5329876 0.4805327 0.5457982 0.3089348 0.5392802 0.6928040 0.5051493 0.4834787 0.4170987 0.4357057 0.4663477 0.5019804 0.5024729 0.4704849 0.4227240 0.4076182 0.4331937 0.4943389 0.5255048 0.4574257 0.4535283 0.5227632 0.3528062 0.3849565 0.4477621 0.4732555 0.5606370 0.5486115 0.3346581 0.1712761 0.5343980 0.5256676 0.8258705 0.5203476 0.5218840 0.5788321 0.5845417 0.4715595 0.4113150 0.4690932 0.4726387 0.5007241 0.6053595 0.5258947 0.5963053 0.5168174 0.4960110 0.1778594 0.4749118 0.4816444 
Amauria_carterae_99_mesa                   0.1007786 0.0000000 0.1697973 0.2617537 0.1702647 0.1794054 0.2538166 0.1622099 0.2139678 0.0861314 0.2861319 0.1835637 0.1704005 0.1557267 0.1541130 0.1948299 9.0000000 0.3761620 0.2098007 0.4961372 0.1657799 0.1336040 0.0736606 0.1562347 0.1698964 0.1566582 0.1757581 0.2172512 0.1673057 0.1217453 0.1643611 0.1831075 0.0989881 0.1422914 0.1472162 0.2433746 0.1707150 0.2314275 0.2038624 0.5799751 0.1576103 0.2437942 0.1328548 0.2205838 0.2252533 0.1819220 0.3229263 0.1375708 0.1468162 0.2403058 0.1200017 0.1701947 0.1643243 0.1884213 0.1627098 0.2071918 0.1732493 0.1641951 0.1300719 0.1374953 0.1825081 0.3594597 0.1692883 0.0869052 0.1416900 0.2112784 1.1035287 0.2058836 0.1622038 9.0000000 0.6510714 0.1408519 0.2105672 0.1505584 0.1483389 0.1571025 9.0000000 0.2050935 0.1602687 0.1711219 0.1528441 0.1517315 0.1293555 0.1464224 
Amauria_rotundifolia_SRR9119150            0.3455306 0.1697973 0.0000000 0.4003603 0.3676374 0.2602013 0.5981842 0.2569657 0.2726561 0.2902752 0.5437486 0.3834526 0.3242999 0.3411249 0.3460080 0.3943180 0.2883555 0.2590092 0.4244803 0.2453808 0.3565540 0.3537242 0.0412072 0.4530890 0.2780112 0.3665100 0.5112046 0.6769093 0.2480311 0.1187902 0.4910267 0.4202021 0.2961196 0.4046138 0.3771013 0.5860588 0.3954669 0.4447884 0.4268104 0.3498392 0.3157170 0.5724263 0.3435482 0.4896636 0.5989345 0.3946343 0.1659410 0.3556937 0.3491132 0.4809886 0.3372913 0.3491468 0.3386580 0.3488663 0.3033857 0.5712617 0.2133462 0.2443747 0.3343427 0.3524072 0.4821599 0.1802243 0.3233342 0.1240702 0.4545689 0.4868934 0.2388752 0.4910603 0.3563827 0.2157970 0.2787628 0.4323455 0.3843313 0.3562658 0.3549996 0.3600271 0.1132669 0.4670015 0.7020627 0.3053702 0.3732249 0.1994047 0.3486369 0.3056377 
Conoclinium_coelestinum_SRR9119114         0.5957930 0.2617537 0.4003603 0.0000000 0.2978492 0.3161571 0.1670632 0.3128052 0.3361507 0.5354686 0.3094443 0.3276631 0.3504796 0.3501518 0.2715197 0.4220905 0.1794668 0.3042695 0.3492477 0.2231829 0.4215319 0.2820242 0.1697667 0.3877837 0.2699773 0.3679866 0.5403335 0.5165660 0.2884525 0.2330795 0.3413861 0.7161085 0.2979551 0.3651533 0.3694999 0.6276266 0.3618421 0.6406283 0.3835598 0.3719512 0.3588936 0.6346076 0.2622977 0.5984248 0.6486494 0.4805579 0.1596695 0.3284908 0.2837588 0.5260112 0.2701032 0.3397915 0.3465140 0.4837086 0.2736552 0.4695873 0.2801816 0.3326852 0.3544062 0.3523955 0.3309491 0.2681194 0.3175467 0.1880406 0.5217600 0.3999166 0.2149086 0.3361845 0.3470342 0.2232044 0.3173469 0.3904239 0.4047402 0.3547721 0.3227005 0.3455593 0.1995400 0.4113347 0.6096581 0.3156245 0.3935118 0.3447346 0.3487072 0.3216668 
Eutetras_palmeri_63                        0.6065302 0.1702647 0.3676374 0.2978492 0.0000000 0.0698488 0.5615984 0.2594415 0.2313733 0.5793442 0.4200983 0.3311274 0.3351777 0.3296829 0.3134788 0.4074017 0.2097742 0.3129955 0.3545332 0.2500039 0.4099868 0.3155906 0.0819096 0.3790721 0.2411849 0.3594673 0.4884773 0.6426599 0.2040578 0.1873369 0.3487409 0.5565983 0.3812521 0.3887527 0.3787516 0.5624532 0.3657577 0.6138538 0.3952562 0.3848785 0.3259027 0.5653637 0.2942071 0.5129984 0.5705609 0.4010742 0.1212929 0.3217353 0.3138669 0.4531533 0.3067202 0.3236385 0.3252770 0.3812130 0.2990370 0.5458777 0.2439123 0.2540452 0.3452576 0.3490089 0.4516631 0.1837028 0.2328404 0.1585708 0.4616710 0.4433976 0.1731596 0.3930095 0.3158714 0.2020457 0.3090576 0.3772723 0.3380294 0.3324642 0.3469359 0.3352191 0.1193058 0.3878936 0.6147031 0.3457994 0.3709391 0.1876635 0.3231346 0.2682733 
Eutetras_pringlei_149_quer                 0.2512565 0.1794054 0.2602013 0.3161571 0.0698488 0.0000000 0.2932545 0.2648317 0.2377053 0.2323599 0.2140778 0.2388306 0.2519354 0.2506846 0.2432292 0.2700558 0.5033923 0.3966345 0.2513975 0.5721584 0.2148839 0.2411929 0.1006182 0.2667357 0.2556688 0.2637728 0.2856716 0.2529016 0.2430217 0.1809485 0.2552322 0.2949920 0.2621157 0.2561540 0.2283126 0.2535886 0.2555941 0.3179310 0.2779204 0.4374677 0.2433223 0.2502871 0.2275031 0.2058497 0.2622789 0.2373267 0.3569411 0.2274003 0.2553789 0.2467754 0.2308200 0.2486383 0.2566277 0.2597241 0.2640404 0.2599280 0.2162138 0.2326597 0.2539580 0.2489162 0.2520111 0.4764471 0.2430016 0.1838626 0.2200777 0.2806209 0.5208460 0.2453359 0.2269030 0.5514002 0.6544378 0.2588308 0.2086665 0.2407332 0.2605833 0.2562279 0.4249573 0.2503914 0.3092409 0.2523466 0.1915667 0.1888361 0.2383366 0.1979355 
Eutrochium_fistulosum_SRR9119106           0.6991780 0.2538166 0.5981842 0.1670632 0.5615984 0.2932545 0.0000000 0.3692291 0.3629488 0.6873342 0.5495826 0.5368633 0.5608410 0.5444440 0.4752611 0.5713689 0.2586680 0.4264077 0.5416103 0.3792343 0.6509233 0.4559018 0.1393297 0.5922829 0.4742428 0.5098767 0.6868948 0.6992813 0.3230089 0.2591095 0.5933516 0.7710822 0.4922027 0.5713778 0.5853682 0.7512738 0.5518774 0.7295556 0.5716553 0.5395997 0.5159160 0.7644762 0.4447137 0.7513988 0.7678227 0.6868124 0.2004482 0.4609687 0.4714032 0.7078889 0.4520506 0.5372064 0.5269528 0.5758716 0.4796168 0.6732488 0.4711561 0.4810660 0.4297158 0.4839588 0.5187915 0.2713138 0.4633543 0.2945007 0.6733586 0.5849450 0.3243325 0.5613251 0.5388073 0.3283251 0.4531383 0.5292580 0.5913051 0.4851628 0.4796632 0.5678893 0.2100247 0.6095247 0.7550768 0.5447234 0.6609911 0.3072279 0.4777121 0.4881293 
Galeana_pratensis_104_mex                  0.3149798 0.1622099 0.2569657 0.3128052 0.2594415 0.2648317 0.3692291 0.0000000 0.2008982 0.2400216 0.3366592 0.2036403 0.2037969 0.1981124 0.1926889 0.2073641 0.1562581 0.3002356 0.2170467 0.2459582 0.2067957 0.1912876 0.0833590 0.2189194 0.2023345 0.1990791 0.3384555 0.2625247 0.2042242 0.1703173 0.2462294 0.4238050 0.2289476 0.2104793 0.1911310 0.3392159 0.1928329 0.4446941 0.2147155 0.3938890 0.1966522 0.3477006 0.1782764 0.2874649 0.4207967 0.2122440 0.2105834 0.1892868 0.2059471 0.3454763 0.1866744 0.1952557 0.1972579 0.2649691 0.1878165 0.2469723 0.2080508 0.2022397 0.1772573 0.1895440 0.2163940 0.2762253 0.2088531 0.1875135 0.3198532 0.2406308 0.1627696 0.2051736 0.2112198 0.1743298 0.2992168 0.1850704 0.2986075 0.2030991 0.1938310 0.2009035 0.1748409 0.2329161 0.3959257 0.1865251 0.2046132 0.1784680 0.1964814 0.1755993 
Helianthus_annuus_SRR9119062               0.2072969 0.2139678 0.2726561 0.3361507 0.2313733 0.2377053 0.3629488 0.2008982 0.0000000 0.1760025 0.3356386 0.2072861 0.1855224 0.1843553 0.1832727 0.1904949 9.0000000 0.3591315 0.2495827 0.6533176 0.1769314 0.1675049 0.1206236 0.1820295 0.1955680 0.1968327 0.2007470 0.2674854 0.1523286 0.1675578 0.1975998 0.2477964 0.1965914 0.1706241 0.1644702 0.2748971 0.1769314 0.3455197 0.1974530 0.5750421 0.1769768 0.2655685 0.1605961 0.2561463 0.2665386 0.1952318 0.2913992 0.1585967 0.1910177 0.2827915 0.1785757 0.1838252 0.1759832 0.2089982 0.1878467 0.2424463 0.2035121 0.1866068 0.1724631 0.1665376 0.2209522 0.6312504 0.2306039 0.1682238 0.1709352 0.2603285 0.5097629 0.2065275 0.1829252 9.0000000 0.8239166 0.1843948 0.1839207 0.1912511 0.1864287 0.1902294 9.0000000 0.2049312 0.2471801 0.1838459 0.1763778 0.2196134 0.1652730 0.1638773 
Lycapsus_tenuifolius_17                    0.0168395 0.0861314 0.2902752 0.5354686 0.5793442 0.2323599 0.6873342 0.2400216 0.1760025 0.0000000 0.7475482 0.4626719 0.4621850 0.4579868 0.4113289 0.5207850 9.0000000 0.5138197 0.3816082 0.7736641 0.4874524 0.4121678 0.0342548 0.5024842 0.3781962 0.4941823 0.4835617 0.4732023 0.2582272 0.0350469 0.4630223 0.2128661 0.0015990 0.4785360 0.4900566 0.4059990 0.4956239 0.2244362 0.5034636 0.6987350 0.4698428 0.4118618 0.3639127 0.3896616 0.3803050 0.4663354 0.3058869 0.4265173 0.3730345 0.3364195 0.3921039 0.4611417 0.4880890 0.3931132 0.4240601 0.4831128 0.3295867 0.3666457 0.4038770 0.4316165 0.5224996 0.4492752 0.2826871 0.1339355 0.4693981 0.4588662 1.8596497 0.4560688 0.4737053 9.0000000 0.6434888 0.4222762 0.3472140 0.4327813 0.4329351 0.4548262 9.0000000 0.4574904 0.5067092 0.4916461 0.4562069 0.1479746 0.4290981 0.4179991 
Pericome_caudata_50_silver                 0.7642100 0.2861319 0.5437486 0.3094443 0.4200983 0.2140778 0.5495826 0.3366592 0.3356386 0.7475482 0.0000000 0.4841744 0.4512307 0.4544874 0.4850297 0.4886425 0.1897892 0.3618079 0.4771531 0.2501510 0.7268381 0.4177629 0.0822077 0.6105321 0.4181419 0.4295860 0.6915381 0.8007478 0.2240406 0.2984630 0.5718076 0.6970157 0.4495680 0.5160071 0.4732227 0.7426245 0.5398109 0.7623164 0.4892834 0.3757599 0.4556548 0.7512643 0.3889488 0.7122123 0.7115855 0.7233805 0.1277292 0.4029878 0.3989698 0.6274896 0.3981770 0.4661184 0.4506211 0.6724857 0.4400681 0.7286980 0.5069678 0.5150839 0.3640921 0.4438920 0.5219381 0.2421051 0.3684057 0.3292805 0.7255358 0.5325890 0.2206498 0.4912784 0.4060237 0.1862401 0.3040484 0.5378016 0.5924874 0.4310110 0.4054177 0.4901385 0.1485733 0.4662361 0.7491888 0.4631953 0.6618777 0.2536385 0.4280161 0.4338339 
Perityle_aglossa_84_dead_horse             0.5033954 0.1835637 0.3834526 0.3276631 0.3311274 0.2388306 0.5368633 0.2036403 0.2072861 0.4626719 0.4841744 0.0000000 0.0876924 0.1297647 0.1051529 0.2095780 0.1388403 0.2453961 0.3505521 0.0812200 0.1274919 0.1111739 0.0567903 0.1948617 0.0937080 0.1565056 0.2616482 0.5161759 0.1414397 0.1344361 0.4287882 0.4765826 0.3829575 0.1549584 0.2749006 0.3875206 0.1726338 0.4982421 0.2515600 0.2580020 0.0843641 0.4009578 0.1056456 0.2903115 0.3995166 0.1074895 0.1209513 0.1147526 0.1368627 0.3067942 0.1105933 0.1648930 0.1058026 0.1711057 0.0551977 0.3531862 0.0574772 0.0598274 0.1107987 0.1643133 0.3183874 0.1782008 0.2193870 0.0493454 0.1767117 0.3892396 0.1313336 0.3068779 0.2905834 0.0970188 0.1646053 0.1682018 0.2389088 0.1572837 0.1183772 0.1252609 0.0571957 0.3251122 0.5041688 0.1440962 0.0255815 0.1457392 0.1716263 0.2152528 
Perityle_ajoensis_204                      0.5032473 0.1704005 0.3242999 0.3504796 0.3351777 0.2519354 0.5608410 0.2037969 0.1855224 0.4621850 0.4512307 0.0876924 0.0000000 0.0842078 0.0747611 0.1728223 0.0625557 0.2657391 0.3488988 0.0892372 0.1200350 0.0811180 0.0319728 0.1304090 0.0772917 0.1066359 0.2475088 0.4776583 0.1561940 0.1241457 0.3822503 0.4472588 0.3696403 0.1627257 0.2611252 0.3952996 0.1531144 0.5126861 0.1727223 0.2641022 0.0659270 0.3852192 0.0725157 0.2852068 0.3991524 0.0907081 0.1376128 0.0751739 0.0846232 0.3141150 0.0929341 0.0650032 0.0543600 0.1475198 0.0542998 0.3724149 0.0648395 0.0625870 0.0839124 0.0968162 0.3268259 0.1673061 0.2272238 0.0456886 0.1769267 0.3752130 0.1400062 0.3026331 0.2556232 0.1283686 0.1858079 0.1110025 0.2370653 0.0975764 0.0886432 0.0873916 0.0740310 0.3243132 0.4837434 0.1181659 0.0527630 0.1456064 0.0906342 0.2047990 
Perityle_ambrosiifolia_67_green            0.4998058 0.1557267 0.3411249 0.3501518 0.3296829 0.2506846 0.5444440 0.1981124 0.1843553 0.4579868 0.4544874 0.1297647 0.0842078 0.0000000 0.0930160 0.1532062 0.1357374 0.2485138 0.3287210 0.1396696 0.1071998 0.1033022 0.0379432 0.0567656 0.0865064 0.1461031 0.2118126 0.4034679 0.1376849 0.1041516 0.3771386 0.4616588 0.3567938 0.1887359 0.2643133 0.3349461 0.1139794 0.5284830 0.1645417 0.1965657 0.0586308 0.3209225 0.0987342 0.2580071 0.3516611 0.0411192 0.1025751 0.0906279 0.1079459 0.2914975 0.0972425 0.1094635 0.0701624 0.0982378 0.0604325 0.3311708 0.0433377 0.0420931 0.0841037 0.0931197 0.2960720 0.1578211 0.2211761 0.0348777 0.1270034 0.3307600 0.1437781 0.2705174 0.2340901 0.0417567 0.1027373 0.1128245 0.2281436 0.1153281 0.1031534 0.0889283 0.0423696 0.2891647 0.4263237 0.1457323 0.0383683 0.1385926 0.0950474 0.1740289 
Perityle_angustifolia_13_Eagle_creek       0.4477116 0.1541130 0.3460080 0.2715197 0.3134788 0.2432292 0.4752611 0.1926889 0.1832727 0.4113289 0.4850297 0.1051529 0.0747611 0.0930160 0.0000000 0.1791978 0.0639491 0.3112219 0.3237071 0.1118922 0.1112816 0.0579257 0.0319473 0.1295305 0.0541152 0.0793110 0.2150995 0.4054483 0.1440596 0.1046521 0.3226052 0.4072369 0.3783334 0.1634144 0.2234793 0.3162152 0.1554830 0.4870386 0.1967403 0.3426142 0.0751792 0.3248147 0.0521473 0.2770553 0.3865523 0.0775874 0.1391306 0.0532049 0.0655345 0.3271308 0.0571569 0.0687482 0.0620801 0.1221496 0.0235570 0.3137542 0.0467624 0.0470112 0.0586818 0.0554720 0.2778096 0.1555002 0.2385026 0.0292488 0.1454025 0.3672044 0.1713161 0.3038711 0.2660681 0.0749133 0.2135618 0.0608342 0.2095835 0.0527735 0.0620889 0.1271104 0.0678698 0.3344464 0.4462297 0.0981866 0.0750730 0.1241654 0.0541942 0.1658923 
Perityle_batopilensis_97                   0.5533150 0.1948299 0.3943180 0.4220905 0.4074017 0.2700558 0.5713689 0.2073641 0.1904949 0.5207850 0.4886425 0.2095780 0.1728223 0.1532062 0.1791978 0.0000000 0.1948912 0.2553113 0.3618301 0.1729022 0.0695725 0.2013683 0.0657808 0.2232182 0.1285217 0.2197748 0.3638905 0.6073416 0.1554260 0.1285161 0.4292126 0.5200477 0.3855671 0.2295032 0.3433030 0.5211245 0.1211739 0.5694736 0.0136069 0.2086711 0.1785713 0.5073553 0.1759053 0.3976499 0.5105921 0.2012912 0.1301704 0.2160714 0.1779273 0.3378581 0.1585160 0.1780008 0.1971245 0.2235968 0.1338488 0.4779099 0.0662634 0.0736421 0.2306642 0.2332258 0.3725346 0.1476721 0.2336068 0.0537447 0.2871108 0.4616981 0.1468063 0.3850680 0.3376624 0.0341027 0.1069239 0.2848352 0.2392910 0.2318160 0.2190666 0.1992007 0.0561802 0.4224508 0.5518177 0.1801425 0.1591816 0.1466418 0.2258107 0.2856327 
Perityle_bisetosa_9                        0.5442525 9.0000000 0.2883555 0.1794668 0.2097742 0.5033923 0.2586680 0.1562581 9.0000000 9.0000000 0.1897892 0.1388403 0.0625557 0.1357374 0.0639491 0.1948912 0.0000000 0.1438207 0.2200695 0.0506460 9.0000000 0.0710788 9.0000000 0.2277602 0.0670033 0.0749297 0.7450830 1.8146910 0.1584052 9.0000000 0.3820961 0.7066500 0.2588734 0.1468966 0.2486301 0.7033638 0.1606248 0.7298491 0.2135249 0.0917302 0.0819244 0.7193990 0.0578999 0.9625327 0.8579031 9.0000000 0.0948677 0.0583711 0.0725716 0.7743352 0.0677954 0.0541296 0.0410654 0.7372817 0.0437042 9.0000000 9.0000000 9.0000000 0.0676132 0.0598195 0.2914244 0.1151255 0.2060121 9.0000000 0.7511520 0.3329648 0.0709600 0.2167626 0.2577905 0.0236314 0.0955316 0.0686269 0.9801711 0.0658010 0.0746612 0.2176134 0.0408686 0.2855460 0.9672068 0.0560199 9.0000000 0.4028036 0.0659653 0.1835824 
Perityle_californica_76_positas            0.5328198 0.3761620 0.2590092 0.3042695 0.3129955 0.3966345 0.4264077 0.3002356 0.3591315 0.5138197 0.3618079 0.2453961 0.2657391 0.2485138 0.3112219 0.2553113 0.1438207 0.0000000 0.2621893 0.1814283 0.4679958 0.2189892 0.2945739 0.3075630 0.2641302 0.2420843 0.6392850 0.6240252 0.1547268 0.3600786 0.3031558 0.6633906 0.2560394 0.2438629 0.2315486 0.6522709 0.2633477 0.6347078 0.2718024 0.2768354 0.2608615 0.6477311 0.2307000 0.4964537 0.7124486 0.4596050 0.2266729 0.2344341 0.2460332 0.5305189 0.2202158 0.2607207 0.2464981 0.5276013 0.2820039 0.5778043 0.4747970 0.4649937 0.2025479 0.2146599 0.3489559 0.1761936 0.2232732 0.3817747 0.6521861 0.2991230 0.1667613 0.2901831 0.2594056 0.1789102 0.1883590 0.3074901 0.4912287 0.2420888 0.2449308 0.2704538 0.1743789 0.2861775 0.7940264 0.2746386 0.4543649 0.3484710 0.2175120 0.2140802 
Perityle_canescens_77                      0.4219620 0.2098007 0.4244803 0.3492477 0.3545332 0.2513975 0.5416103 0.2170467 0.2495827 0.3816082 0.4771531 0.3505521 0.3488988 0.3287210 0.3237071 0.3618301 0.2200695 0.2621893 0.0000000 0.2101042 0.3658272 0.2828893 0.0566120 0.4317964 0.3029977 0.3016615 0.5120799 0.2458065 0.1193410 0.0985206 0.4501179 0.5087931 0.2896098 0.3882015 0.2787827 0.3546040 0.3746703 0.5200385 0.3986621 0.3486797 0.3193185 0.3476380 0.2664079 0.2387584 0.3987232 0.3926302 0.0980521 0.2808443 0.2860144 0.2480144 0.2794819 0.3499372 0.3452297 0.4067550 0.2655440 0.1952184 0.2784125 0.2705969 0.2577863 0.2924816 0.3620516 0.1640362 0.1362871 0.1498171 0.4646707 0.2084418 0.1872482 0.3671818 0.2945203 0.2146413 0.2597633 0.3541786 0.3172270 0.2876877 0.2974297 0.3618593 0.1269999 0.3517532 0.5154149 0.3628006 0.4017919 0.1392098 0.2713573 0.2296009 
Perityle_castillonii_96                    0.6912184 0.4961372 0.2453808 0.2231829 0.2500039 0.5721584 0.3792343 0.2459582 0.6533176 0.7736641 0.2501510 0.0812200 0.0892372 0.1396696 0.1118922 0.1729022 0.0506460 0.1814283 0.2101042 0.0000000 0.5085791 0.0978035 0.1936894 0.2577304 0.0966567 0.1027620 0.6326317 0.7137971 0.1750341 0.8430258 0.4029528 0.6700718 0.2934103 0.0725825 0.2426150 0.7551453 0.1647249 0.7278199 0.1746854 0.1578325 0.0930454 0.7462883 0.0905827 0.6685208 0.8103228 0.4429894 0.1291835 0.0857335 0.0991148 0.6842352 0.1089565 0.0889429 0.0757053 0.5428320 0.1035925 0.7454499 0.4435537 0.4220793 0.0832076 0.0898555 0.3687738 0.1218168 0.2478891 0.5191908 0.6716561 0.2971780 0.0714697 0.2097443 0.2174839 0.0909798 0.1326912 0.1271706 0.7540004 0.0935371 0.0952111 0.1540530 0.0615219 0.2581036 0.8977068 0.0956818 0.4220074 0.4593317 0.0939611 0.2262833 
Perityle_cernua_84                         0.5035512 0.1657799 0.3565540 0.4215319 0.4099868 0.2148839 0.6509233 0.2067957 0.1769314 0.4874524 0.7268381 0.1274919 0.1200350 0.1071998 0.1112816 0.0695725 9.0000000 0.4679958 0.3658272 0.5085791 0.0000000 0.1671455 0.0157408 0.1380173 0.0567434 0.1902196 0.1581631 0.4422755 0.1069277 0.1112677 0.3129434 0.3689696 0.4145760 0.1592444 0.2813705 0.3343345 0.0072818 0.4125967 0.0704556 0.6362884 0.1172663 0.3410864 0.1157648 0.3294840 0.3334890 0.1407365 0.2872280 0.1598166 0.1312043 0.2537068 0.1307150 0.1239168 0.1332530 0.1267060 0.0987055 0.4268220 0.0630077 0.0613359 0.1613725 0.1804149 0.3326010 0.3554657 0.2201439 0.0355686 0.1189748 0.4295469 0.7396053 0.4052348 0.2745583 9.0000000 0.5637448 0.1583986 0.1766263 0.1731470 0.1778578 0.1224183 9.0000000 0.4075585 0.3282716 0.1827341 0.1176272 0.1202207 0.1669364 0.2215823 
Perityle_cfvillosa_25_tin                  0.4585075 0.1336040 0.3537242 0.2820242 0.3155906 0.2411929 0.4559018 0.1912876 0.1675049 0.4121678 0.4177629 0.1111739 0.0811180 0.1033022 0.0579257 0.2013683 0.0710788 0.2189892 0.2828893 0.0978035 0.1671455 0.0000000 0.0265691 0.1471258 0.0723727 0.0500961 0.2528043 0.3933707 0.1314990 0.1104946 0.3993481 0.4515010 0.3174815 0.1991765 0.2349207 0.3928650 0.1883724 0.5435842 0.2215214 0.2712843 0.0839716 0.3987843 0.0142571 0.2959637 0.4394498 0.1050544 0.1165955 0.0073499 0.0140000 0.3262340 0.0493608 0.0875609 0.0674031 0.1510900 0.0601827 0.3022641 0.0340452 0.0474219 0.0079769 0.0087915 0.2449258 0.1683022 0.2464618 0.0347895 0.2201341 0.3319417 0.1759345 0.2205801 0.2229835 0.0945992 0.1746935 0.0412008 0.1667188 0.0176071 0.0133875 0.1605428 0.0190174 0.2511528 0.4263983 0.1110819 0.0979308 0.1316815 0.0073133 0.1476481 
Perityle_cinerea_113_Powell1310            0.0742015 0.0736606 0.0412072 0.1697667 0.0819096 0.1006182 0.1393297 0.0833590 0.1206236 0.0342548 0.0822077 0.0567903 0.0319728 0.0379432 0.0319473 0.0657808 9.0000000 0.2945739 0.0566120 0.1936894 0.0157408 0.0265691 0.0000000 0.0469703 0.0571810 0.0489268 0.0572050 0.0838847 0.0747552 0.0501072 0.0489363 0.0673560 0.0414481 0.0164238 0.0168466 0.0739360 0.0157408 0.0693740 0.0744245 0.1727620 0.0319473 0.0669550 0.0167423 0.0572094 0.0830026 0.0648210 0.3002775 0.0166753 0.0401101 0.0746223 0.0244076 0.0407689 0.0469703 0.0921876 0.0164343 0.0837832 0.0404174 0.0319698 0.0319851 0.0265691 0.0853897 0.2227255 0.0504165 0.0252517 0.0166510 0.0748878 9.0000000 0.1144344 0.0685579 9.0000000 0.5816216 0.0417563 0.0734771 0.0319851 0.0319851 0.0485521 9.0000000 0.1144344 0.0915144 0.0323171 0.0327340 0.0658698 0.0267868 0.0259139 
Perityle_coahuilensis_24                   0.5383660 0.1562347 0.4530890 0.3877837 0.3790721 0.2667357 0.5922829 0.2189194 0.1820295 0.5024842 0.6105321 0.1948617 0.1304090 0.0567656 0.1295305 0.2232182 0.2277602 0.3075630 0.4317964 0.2577304 0.1380173 0.1471258 0.0469703 0.0000000 0.1176247 0.2194730 0.2146555 0.4479461 0.1651379 0.1070010 0.4438094 0.4695422 0.4591113 0.2632980 0.3372161 0.2798812 0.1739527 0.5089111 0.2251452 0.3079942 0.0840209 0.2737250 0.1414809 0.2957465 0.3166304 0.0683441 0.1597833 0.1330176 0.1538337 0.3090921 0.1310834 0.1218478 0.0913070 0.0984970 0.0927632 0.3662404 0.0482561 0.0545661 0.1264966 0.1214501 0.3082137 0.1690695 0.2557054 0.0342982 0.0906186 0.4524130 0.2539940 0.3432879 0.3011699 0.0674285 0.1735362 0.1161020 0.2487147 0.1375120 0.1503265 0.1737777 0.0430404 0.3743669 0.3633561 0.2100059 0.0652173 0.1394705 0.1076683 0.2074435 
Perityle_cochisensis_44_cave_creek         0.4442091 0.1698964 0.2780112 0.2699773 0.2411849 0.2556688 0.4742428 0.2023345 0.1955680 0.3781962 0.4181419 0.0937080 0.0772917 0.0865064 0.0541152 0.1285217 0.0670033 0.2641302 0.3029977 0.0966567 0.0567434 0.0723727 0.0571810 0.1176247 0.0000000 0.0766030 0.2426659 0.4687782 0.1385346 0.1247764 0.3336395 0.3823186 0.3323083 0.1024605 0.2124930 0.4101548 0.1186509 0.4758953 0.1478311 0.2838804 0.0624599 0.4054177 0.0670464 0.2824691 0.4463575 0.0838855 0.1373236 0.0675696 0.0806553 0.3340261 0.0665331 0.0652192 0.0478800 0.1241775 0.0501749 0.3759397 0.0488978 0.0576058 0.0685735 0.0711061 0.3316938 0.1890806 0.2141509 0.0424710 0.1878608 0.3607715 0.1335109 0.3116370 0.2399751 0.0649749 0.1855238 0.0866834 0.2527425 0.0749326 0.0803640 0.1242738 0.0901911 0.3411980 0.4939356 0.0722928 0.0570618 0.1343033 0.0741791 0.1897128 
Perityle_congesta_202                      0.5151605 0.1566582 0.3665100 0.3679866 0.3594673 0.2637728 0.5098767 0.1990791 0.1968327 0.4941823 0.4295860 0.1565056 0.1066359 0.1461031 0.0793110 0.2197748 0.0749297 0.2420843 0.3016615 0.1027620 0.1902196 0.0500961 0.0489268 0.2194730 0.0766030 0.0000000 0.3485390 0.4794976 0.1502858 0.1253892 0.4154796 0.4915182 0.3260094 0.2066653 0.2635304 0.4804302 0.2052200 0.5929180 0.2301116 0.2539360 0.1321052 0.4739575 0.0178138 0.3654666 0.5127044 0.2132479 0.1218402 0.0563786 0.0307425 0.3385530 0.0636091 0.1221329 0.1222295 0.2213021 0.0769014 0.3921739 0.0477434 0.0539101 0.0676639 0.0716096 0.2868895 0.1678618 0.2535974 0.0460658 0.3052722 0.3672303 0.1670534 0.2742348 0.2844744 0.1056217 0.1690224 0.1060079 0.1801663 0.0923399 0.0664607 0.1963089 0.0149991 0.2984395 0.5065058 0.1132623 0.1506774 0.1389666 0.0685045 0.2124639 
Perityle_cordifolia_68_tecolote            0.5494624 0.1757581 0.5112046 0.5403335 0.4884773 0.2856716 0.6868948 0.3384555 0.2007470 0.4835617 0.6915381 0.2616482 0.2475088 0.2118126 0.2150995 0.3638905 0.7450830 0.6392850 0.5120799 0.6326317 0.1581631 0.2528043 0.0572050 0.2146555 0.2426659 0.3485390 0.0000000 0.4109149 0.3138526 0.1161830 0.4784587 0.5242555 0.6031332 0.3730677 0.3810253 0.3044127 0.3065146 0.5610943 0.3535750 0.7247056 0.1922499 0.3430543 0.2561348 0.2982577 0.3645962 0.1101686 0.7192899 0.2294683 0.2622054 0.3146791 0.2542629 0.2107081 0.1941003 0.1459063 0.1870294 0.3430695 0.0170395 0.0653802 0.2332021 0.2456309 0.4021459 0.7686589 0.3809919 0.0457021 0.1610335 0.4913726 0.8291107 0.3971426 0.3428044 0.7578164 0.7099908 0.1974797 0.2170138 0.2148745 0.2481140 0.2559678 0.7704937 0.4304025 0.4125892 0.3204236 0.1162242 0.1253619 0.2265189 0.2605003 
Perityle_coronopifolia_28_patagonia        0.5108247 0.2172512 0.6769093 0.5165660 0.6426599 0.2529016 0.6992813 0.2625247 0.2674854 0.4732023 0.8007478 0.5161759 0.4776583 0.4034679 0.4054483 0.6073416 1.8146910 0.6240252 0.2458065 0.7137971 0.4422755 0.3933707 0.0838847 0.4479461 0.4687782 0.4794976 0.4109149 0.0000000 0.1685834 0.1152144 0.6257661 0.4940825 0.4686257 0.6746807 0.4664647 0.1772397 0.5646640 0.5139682 0.6142144 0.7755445 0.3932681 0.1734986 0.3475273 0.2301126 0.1895606 0.3642641 0.3068851 0.3501045 0.3695860 0.1721678 0.3863335 0.4522043 0.4353602 0.3578697 0.3285275 0.0776994 0.3283299 0.3123353 0.3047937 0.3539285 0.4148610 0.5579104 0.1567760 0.1640423 0.3473853 0.0199745 1.3448228 0.4859158 0.4403354 9.0000000 0.8467047 0.3415596 0.3290540 0.3574599 0.3761626 0.4769359 9.0000000 0.4610781 0.3559433 0.6006351 0.4171030 0.1496483 0.3166917 0.3321255 
Perityle_crassifolia_70_ventanas           0.3482493 0.1673057 0.2480311 0.2884525 0.2040578 0.2430217 0.3230089 0.2042242 0.1523286 0.2582272 0.2240406 0.1414397 0.1561940 0.1376849 0.1440596 0.1554260 0.1584052 0.1547268 0.1193410 0.1750341 0.1069277 0.1314990 0.0747552 0.1651379 0.1385346 0.1502858 0.3138526 0.1685834 0.0000000 0.0249788 0.2420747 0.4601744 0.1824557 0.1475962 0.0612736 0.3696687 0.1469768 0.5519544 0.1704090 0.2963128 0.1437912 0.3905303 0.1367003 0.2504401 0.4265664 0.1156576 0.1461220 0.1343795 0.1500008 0.2970682 0.1409482 0.1332057 0.1145760 0.1952622 0.1443645 0.1798756 0.0937043 0.0988376 0.1455207 0.1406839 0.2008573 0.1026955 0.1303892 0.0998257 0.3262016 0.1498624 0.1519714 0.1312873 0.0940278 0.2313623 0.2563170 0.1527577 0.0757763 0.1397143 0.1641510 0.1606158 0.1684240 0.1256715 0.4531988 0.1569727 0.1048838 0.1096213 0.1353408 0.0270723 
Perityle_crassifolia_74_playa_balandra     0.0981941 0.1217453 0.1187902 0.2330795 0.1873369 0.1809485 0.2591095 0.1703173 0.1675578 0.0350469 0.2984630 0.1344361 0.1241457 0.1041516 0.1046521 0.1285161 9.0000000 0.3600786 0.0985206 0.8430258 0.1112677 0.1104946 0.0501072 0.1070010 0.1247764 0.1253892 0.1161830 0.1152144 0.0249788 0.0000000 0.0967384 0.1147726 0.0761715 0.1019699 0.0194699 0.1355986 0.1112677 0.1664542 0.1395544 0.6615299 0.1031266 0.1200556 0.1014541 0.1099324 0.1312889 0.1159753 0.2785675 0.1002607 0.1206193 0.1256100 0.1047440 0.1148147 0.1073653 0.1311233 0.1150296 0.1015297 0.1087157 0.1183259 0.1089893 0.1099215 0.1106060 0.3657941 0.0963472 0.1175856 0.1040064 0.1146127 9.0000000 0.1727813 0.1011215 9.0000000 0.7342083 0.1153540 0.0396809 0.1203834 0.1205778 0.1118903 9.0000000 0.1727085 0.1378594 0.1148360 0.1026882 0.1121654 0.1070222 0.0160000 
Perityle_cuneata_34_cuneata_San_antonio    0.5187781 0.1643611 0.4910267 0.3413861 0.3487409 0.2552322 0.5933516 0.2462294 0.1975998 0.4630223 0.5718076 0.4287882 0.3822503 0.3771386 0.3226052 0.4292126 0.3820961 0.3031558 0.4501179 0.4029528 0.3129434 0.3993481 0.0489363 0.4438094 0.3336395 0.4154796 0.4784587 0.6257661 0.2420747 0.0967384 0.0000000 0.4962150 0.4080611 0.4403901 0.3997739 0.5296322 0.3947316 0.6212855 0.4384385 0.4868347 0.3775980 0.5352538 0.3871542 0.4513032 0.5848093 0.3586455 0.1981092 0.3900984 0.3855691 0.4415818 0.3736871 0.3688822 0.3770541 0.3068715 0.2923667 0.5092654 0.1754817 0.2055149 0.3837277 0.4038007 0.3893501 0.1383037 0.3261035 0.1189989 0.4564936 0.5393084 0.3775877 0.5037687 0.4097282 0.2191852 0.4148565 0.3788918 0.3291942 0.3908620 0.4086624 0.4188279 0.1573535 0.5078570 0.6154428 0.3966494 0.3504622 0.1619211 0.3855554 0.3091705 
Perityle_cuneata_4                         0.3102855 0.1831075 0.4202021 0.7161085 0.5565983 0.2949920 0.7710822 0.4238050 0.2477964 0.2128661 0.6970157 0.4765826 0.4472588 0.4616588 0.4072369 0.5200477 0.7066500 0.6633906 0.5087931 0.6700718 0.3689696 0.4515010 0.0673560 0.4695422 0.3823186 0.4915182 0.5242555 0.4940825 0.4601744 0.1147726 0.4962150 0.0000000 0.3037855 0.4904165 0.4833709 0.4912357 0.4718196 0.3458019 0.5126519 0.7247117 0.4291711 0.5360631 0.4326748 0.4368574 0.5896458 0.3588954 0.7067649 0.4585467 0.4393586 0.4388275 0.4351622 0.4571234 0.4469443 0.3748330 0.4104113 0.4525441 0.1920548 0.2390145 0.4858504 0.4955885 0.4749532 0.7274623 0.4431822 0.1304899 0.5200766 0.5481127 0.8283744 0.5008228 0.4535916 0.6865890 0.7655674 0.4498267 0.3017255 0.4712562 0.4597904 0.4580044 0.7376081 0.5396470 0.6404989 0.4605208 0.3301612 0.1491431 0.4818907 0.4197945 
Perityle_discoidea_81                      0.0513241 0.0989881 0.2961196 0.2979551 0.3812521 0.2621157 0.4922027 0.2289476 0.1965914 0.0015990 0.4495680 0.3829575 0.3696403 0.3567938 0.3783334 0.3855671 0.2588734 0.2560394 0.2896098 0.2934103 0.4145760 0.3174815 0.0414481 0.4591113 0.3323083 0.3260094 0.6031332 0.4686257 0.1824557 0.0761715 0.4080611 0.3037855 0.0000000 0.3558535 0.2046054 0.4904085 0.3841956 0.3186353 0.3980816 0.4019361 0.3476044 0.4943227 0.3156179 0.3739370 0.5158867 0.4705174 0.1595623 0.3159714 0.3226546 0.4103759 0.3314071 0.3591100 0.3630939 0.4251153 0.3484281 0.4227117 0.3419640 0.3779422 0.2939850 0.3151385 0.4363706 0.1285790 0.2412442 0.1593500 0.5449633 0.3583563 0.1933446 0.3408514 0.3466405 0.1970691 0.3139372 0.3887210 0.4123338 0.3157834 0.3311178 0.3574301 0.1253529 0.3220036 0.6341334 0.3404915 0.4850145 0.1586872 0.3115560 0.2873241 
Perityle_dissecta_201                      0.5287624 0.1422914 0.4046138 0.3651533 0.3887527 0.2561540 0.5713778 0.2104793 0.1706241 0.4785360 0.5160071 0.1549584 0.1627257 0.1887359 0.1634144 0.2295032 0.1468966 0.2438629 0.3882015 0.0725825 0.1592444 0.1991765 0.0164238 0.2632980 0.1024605 0.2066653 0.3730677 0.6746807 0.1475962 0.1019699 0.4403901 0.4904165 0.3558535 0.0000000 0.3343048 0.5337693 0.2078694 0.5461393 0.2541394 0.2398317 0.1563386 0.5300415 0.1735104 0.4317687 0.5389181 0.2188269 0.1230915 0.1986948 0.1862377 0.3552953 0.1666808 0.1835343 0.1841475 0.1938351 0.1017357 0.5101416 0.0338857 0.0615956 0.2091921 0.2304622 0.3991512 0.1630280 0.2472428 0.0231948 0.3013293 0.4952865 0.1235254 0.3984011 0.3528688 0.0736125 0.1571877 0.2749940 0.2497061 0.2339934 0.1972040 0.1983826 0.0769520 0.4314018 0.5885350 0.1514066 0.1810082 0.1169573 0.2250349 0.3036985 
Perityle_emoryi_47_punta_san_jose          0.5329876 0.1472162 0.3771013 0.3694999 0.3787516 0.2283126 0.5853682 0.1911310 0.1644702 0.4900566 0.4732227 0.2749006 0.2611252 0.2643133 0.2234793 0.3433030 0.2486301 0.2315486 0.2787827 0.2426150 0.2813705 0.2349207 0.0168466 0.3372161 0.2124930 0.2635304 0.3810253 0.4664647 0.0612736 0.0194699 0.3997739 0.4833709 0.2046054 0.3343048 0.0000000 0.4610688 0.3182896 0.5840307 0.3423841 0.3507035 0.2501675 0.4516152 0.2103968 0.3735286 0.5035137 0.2954096 0.1315718 0.2337469 0.2172608 0.3147123 0.2291592 0.2680431 0.2693921 0.3097584 0.1965140 0.3918595 0.1088000 0.0807394 0.2375794 0.2497760 0.3737389 0.1062888 0.2091493 0.0658854 0.3562104 0.3647180 0.1603382 0.3293238 0.2797949 0.1613895 0.2789705 0.2784414 0.0590003 0.2465800 0.2455569 0.2539603 0.1160780 0.3188678 0.5086000 0.2773090 0.2680454 0.0957643 0.2344568 0.1417109 
Perityle_feddemae_99                       0.4805327 0.2433746 0.5860588 0.6276266 0.5624532 0.2535886 0.7512738 0.3392159 0.2748971 0.4059990 0.7426245 0.3875206 0.3952996 0.3349461 0.3162152 0.5211245 0.7033638 0.6522709 0.3546040 0.7551453 0.3343345 0.3928650 0.0739360 0.2798812 0.4101548 0.4804302 0.3044127 0.1772397 0.3696687 0.1355986 0.5296322 0.4912357 0.4904085 0.5337693 0.4610688 0.0000000 0.4616185 0.3408694 0.5033532 0.7532054 0.3391121 0.0116644 0.3881792 0.0392433 0.2400122 0.2244462 0.6403838 0.3727158 0.4008049 0.0135972 0.3883319 0.3630761 0.3356530 0.2754039 0.3321579 0.1930455 0.2245416 0.2381275 0.3641500 0.3793137 0.3557941 0.6989610 0.2588175 0.1747381 0.3357026 0.3208856 0.8799890 0.4257278 0.3420326 0.7696906 0.8197802 0.2917008 0.2539244 0.3637312 0.3917169 0.3948725 0.7333075 0.4198867 0.3733541 0.5342489 0.2449432 0.1648679 0.3598540 0.3282220 
Perityle_fosteri_93                        0.5457982 0.1707150 0.3954669 0.3618421 0.3657577 0.2555941 0.5518774 0.1928329 0.1769314 0.4956239 0.5398109 0.1726338 0.1531144 0.1139794 0.1554830 0.1211739 0.1606248 0.2633477 0.3746703 0.1647249 0.0072818 0.1883724 0.0157408 0.1739527 0.1186509 0.2052200 0.3065146 0.5646640 0.1469768 0.1112677 0.3947316 0.4718196 0.3841956 0.2078694 0.3182896 0.4616185 0.0000000 0.5210393 0.1372214 0.2510605 0.1440531 0.4731307 0.1623709 0.3832003 0.4845444 0.1511449 0.1232187 0.1886746 0.1727503 0.3376220 0.1597985 0.1637558 0.1716246 0.1691508 0.1053346 0.4373613 0.0535678 0.0559679 0.1965309 0.2012685 0.3695432 0.1819818 0.2359844 0.0355686 0.2360573 0.4409945 0.1483135 0.3511646 0.3261010 0.0087585 0.1296983 0.2174155 0.2156659 0.2023837 0.2035963 0.1750300 0.0645917 0.3790355 0.5369951 0.1790257 0.1223343 0.1303696 0.1927205 0.2444581 
Perityle_gamon_221                         0.3089348 0.2314275 0.4447884 0.6406283 0.6138538 0.3179310 0.7295556 0.4446941 0.3455197 0.2244362 0.7623164 0.4982421 0.5126861 0.5284830 0.4870386 0.5694736 0.7298491 0.6347078 0.5200385 0.7278199 0.4125967 0.5435842 0.0693740 0.5089111 0.4758953 0.5929180 0.5610943 0.5139682 0.5519544 0.1664542 0.6212855 0.3458019 0.3186353 0.5461393 0.5840307 0.3408694 0.5210393 0.0000000 0.5547786 0.7493918 0.5159637 0.3524090 0.5369761 0.3467178 0.5253300 0.4474191 0.6662003 0.5518720 0.5499135 0.2855042 0.5248920 0.5196053 0.5226733 0.4478755 0.5132932 0.5189640 0.3119978 0.3878784 0.5797319 0.5702922 0.5533997 0.7250956 0.4497138 0.2508755 0.5627951 0.6153437 0.8362634 0.6110619 0.5089087 0.7169674 0.7449568 0.5411994 0.4293659 0.5660586 0.5531646 0.4919045 0.7553402 0.6183254 0.6399983 0.5842606 0.3835079 0.2668093 0.5677936 0.5283658 
Perityle_gentryi_8_san_francisco           0.5392802 0.2038624 0.4268104 0.3835598 0.3952562 0.2779204 0.5716553 0.2147155 0.1974530 0.5034636 0.4892834 0.2515600 0.1727223 0.1645417 0.1967403 0.0136069 0.2135249 0.2718024 0.3986621 0.1746854 0.0704556 0.2215214 0.0744245 0.2251452 0.1478311 0.2301116 0.3535750 0.6142144 0.1704090 0.1395544 0.4384385 0.5126519 0.3980816 0.2541394 0.3423841 0.5033532 0.1372214 0.5547786 0.0000000 0.2091059 0.1744707 0.4919832 0.1972099 0.3969106 0.4938089 0.1800722 0.1538181 0.2216494 0.2061965 0.3478502 0.1752974 0.2172545 0.2092420 0.1982499 0.1437665 0.4692648 0.0782116 0.0827319 0.2218084 0.2369164 0.3881569 0.1722896 0.2403944 0.0634646 0.2690708 0.4724240 0.1643433 0.3951318 0.3585474 0.0460402 0.1110843 0.2798485 0.2475971 0.2434050 0.2228391 0.2011785 0.0867417 0.4126980 0.5613338 0.1940835 0.1520692 0.1544733 0.2443492 0.2940871 
Perityle_gilensis_22_Superstition          0.6928040 0.5799751 0.3498392 0.3719512 0.3848785 0.4374677 0.5395997 0.3938890 0.5750421 0.6987350 0.3757599 0.2580020 0.2641022 0.1965657 0.3426142 0.2086711 0.0917302 0.2768354 0.3486797 0.1578325 0.6362884 0.2712843 0.1727620 0.3079942 0.2838804 0.2539360 0.7247056 0.7755445 0.2963128 0.6615299 0.4868347 0.7247117 0.4019361 0.2398317 0.3507035 0.7532054 0.2510605 0.7493918 0.2091059 0.0000000 0.2708575 0.7384409 0.2519755 0.6709837 0.7835541 0.6370334 0.1606347 0.2356500 0.2472685 0.7102152 0.2432437 0.2539232 0.2388245 0.6736356 0.3178226 0.7515167 0.6116611 0.6310200 0.2189302 0.2341906 0.5298086 0.2404807 0.3417527 0.5991210 0.6907453 0.4007475 0.1014965 0.3549453 0.3560369 0.0417669 0.0952792 0.3812411 0.7885318 0.2505010 0.2506461 0.2714366 0.0787871 0.3781115 0.9119605 0.2359956 0.6122126 0.5665560 0.2442353 0.3567030 
Perityle_gilensis_salensis_225             0.5051493 0.1576103 0.3157170 0.3588936 0.3259027 0.2433223 0.5159160 0.1966522 0.1769768 0.4698428 0.4556548 0.0843641 0.0659270 0.0586308 0.0751792 0.1785713 0.0819244 0.2608615 0.3193185 0.0930454 0.1172663 0.0839716 0.0319473 0.0840209 0.0624599 0.1321052 0.1922499 0.3932681 0.1437912 0.1031266 0.3775980 0.4291711 0.3476044 0.1563386 0.2501675 0.3391121 0.1440531 0.5159637 0.1744707 0.2708575 0.0000000 0.3242910 0.0739791 0.2714909 0.3521973 0.0633059 0.1222902 0.0704813 0.0844414 0.2938709 0.0798558 0.0587402 0.0364756 0.0972728 0.0571019 0.3402048 0.0465255 0.0527686 0.0653276 0.0765677 0.3084642 0.1830892 0.2191923 0.0290487 0.1384258 0.3271312 0.1497449 0.2675079 0.2328860 0.1286915 0.1824288 0.0756847 0.2416903 0.0736345 0.0830875 0.1102395 0.0699267 0.2856528 0.4120180 0.1193838 0.0607226 0.1268390 0.0657619 0.1742421 
Perityle_glaucescens_94                    0.4834787 0.2437942 0.5724263 0.6346076 0.5653637 0.2502871 0.7644762 0.3477006 0.2655685 0.4118618 0.7512643 0.4009578 0.3852192 0.3209225 0.3248147 0.5073553 0.7193990 0.6477311 0.3476380 0.7462883 0.3410864 0.3987843 0.0669550 0.2737250 0.4054177 0.4739575 0.3430543 0.1734986 0.3905303 0.1200556 0.5352538 0.5360631 0.4943227 0.5300415 0.4516152 0.0116644 0.4731307 0.3524090 0.4919832 0.7384409 0.3242910 0.0000000 0.3733672 0.0520414 0.2155658 0.2328544 0.6692929 0.3575942 0.3838639 0.0135717 0.3825438 0.3462575 0.3196261 0.2680412 0.3426423 0.1908217 0.2301840 0.2457912 0.3461174 0.3382221 0.3677886 0.7344040 0.2636531 0.1848273 0.3250436 0.3109289 0.8704269 0.4253978 0.3267051 0.8160212 0.8358424 0.2880888 0.2609542 0.3470826 0.3788419 0.3933188 0.7728152 0.4077547 0.3596991 0.5252089 0.2542893 0.1651244 0.3177095 0.3423529 
Perityle_gracilis_11                       0.4170987 0.1328548 0.3435482 0.2622977 0.2942071 0.2275031 0.4447137 0.1782764 0.1605961 0.3639127 0.3889488 0.1056456 0.0725157 0.0987342 0.0521473 0.1759053 0.0578999 0.2307000 0.2664079 0.0905827 0.1157648 0.0142571 0.0167423 0.1414809 0.0670464 0.0178138 0.2561348 0.3475273 0.1367003 0.1014541 0.3871542 0.4326748 0.3156179 0.1735104 0.2103968 0.3881792 0.1623709 0.5369761 0.1972099 0.2519755 0.0739791 0.3733672 0.0000000 0.2610596 0.4330597 0.1066040 0.1095624 0.0049047 0.0096197 0.3231353 0.0373016 0.0796032 0.0639989 0.1345809 0.0540255 0.2478370 0.0255125 0.0348968 0.0071570 0.0081743 0.2255065 0.1602093 0.2454929 0.0272276 0.2198030 0.2964539 0.1503873 0.2113917 0.2131326 0.0976373 0.1675601 0.0344037 0.1717302 0.0186595 0.0079204 0.1551298 0.0113283 0.2395967 0.4110268 0.0901787 0.0901053 0.1119699 0.0033088 0.1456919 
Perityle_harkerae_31                       0.4357057 0.2205838 0.4896636 0.5984248 0.5129984 0.2058497 0.7513988 0.2874649 0.2561463 0.3896616 0.7122123 0.2903115 0.2852068 0.2580071 0.2770553 0.3976499 0.9625327 0.4964537 0.2387584 0.6685208 0.3294840 0.2959637 0.0572094 0.2957465 0.2824691 0.3654666 0.2982577 0.2301126 0.2504401 0.1099324 0.4513032 0.4368574 0.3739370 0.4317687 0.3735286 0.0392433 0.3832003 0.3467178 0.3969106 0.6709837 0.2714909 0.0520414 0.2610596 0.0000000 0.1946128 0.2630060 0.5915942 0.2906668 0.2782446 0.0076373 0.2807756 0.2956982 0.2749076 0.3150715 0.2719258 0.2031667 0.2138382 0.2308520 0.2957061 0.3251431 0.3177102 0.7814934 0.1494792 0.1669448 0.2654820 0.2565711 1.0040882 0.3674945 0.2732844 0.8511197 0.8740902 0.3006996 0.2398112 0.3075106 0.3053010 0.2836825 0.7878321 0.3694205 0.3299624 0.4390306 0.2296258 0.1537523 0.3080149 0.2750479 
Perityle_hofmeisteria_4_nombre_de_dios     0.4663477 0.2252533 0.5989345 0.6486494 0.5705609 0.2622789 0.7678227 0.4207967 0.2665386 0.3803050 0.7115855 0.3995166 0.3991524 0.3516611 0.3865523 0.5105921 0.8579031 0.7124486 0.3987232 0.8103228 0.3334890 0.4394498 0.0830026 0.3166304 0.4463575 0.5127044 0.3645962 0.1895606 0.4265664 0.1312889 0.5848093 0.5896458 0.5158867 0.5389181 0.5035137 0.2400122 0.4845444 0.5253300 0.4938089 0.7835541 0.3521973 0.2155658 0.4330597 0.1946128 0.0000000 0.2348692 0.7984043 0.4057986 0.4448246 0.2098145 0.4370962 0.3656323 0.3485414 0.2713141 0.3974804 0.1899522 0.2194615 0.2305066 0.3799576 0.3873872 0.4237369 0.7981392 0.2899651 0.2049640 0.3249993 0.3466337 0.9083730 0.4409158 0.3772313 0.9789117 0.8909143 0.3327095 0.3094718 0.3884557 0.4258471 0.4023711 0.8934994 0.4554252 0.3994465 0.5513911 0.2487474 0.1807745 0.3680643 0.3958682 
