83
Amauria_brandeegeana_62                    0.0000000 0.1174513 0.1894507 0.1667657 0.1009787 0.1923146 0.1570544 0.1562007 0.2511039 0.1472738 0.1875407 0.1777379 0.1987189 0.2959642 0.0847454 0.0976906 0.1828698 0.1852279 0.2141022 0.1948181 0.4868172 0.2173423 0.2931191 0.0883533 0.0948539 0.1989876 0.1069516 0.1987553 0.1932992 0.1817206 0.0956356 0.1613048 0.1616486 0.0812563 0.1443135 0.1992581 0.2040255 0.2140407 0.2003494 0.1109436 0.1890860 0.2068352 0.2053000 0.2160987 0.1861258 0.2055891 0.1976438 0.1781268 0.1844841 0.2891513 0.1098941 0.1991097 0.1994711 0.2104573 0.0998820 0.2075985 0.1045691 0.2153545 0.0880918 0.1830328 0.1210348 0.2118830 0.0779167 0.0825284 0.2129304 0.1316623 0.2367703 0.1892968 0.2791751 0.0994568 0.0960148 0.1955964 0.1858045 0.0954841 0.0833381 0.1572040 0.2362015 0.2075901 0.3668288 0.2039599 0.1104194 0.1925320 0.0733461 
Amauria_carterae_99_mesa                   0.1174513 0.0000000 0.2183415 0.2358230 0.1834958 0.1680559 0.2322628 0.1511840 0.2082438 0.2323041 0.2563981 0.2597227 0.2549025 0.2655404 0.1656518 0.1800711 0.2507605 0.2644350 0.2562567 0.2480976 0.4262262 0.2439501 0.2782378 0.1805399 0.1186298 0.2543466 0.1691022 0.2868189 0.2188283 0.1987463 0.1251462 0.1106544 0.2514586 0.1314022 0.9543349 0.1956588 0.2718626 0.2552681 0.2520438 0.1766556 0.2645871 0.2624629 0.2850094 0.2807528 0.2404684 0.2597436 0.2361879 0.2662774 0.2513005 0.2815704 0.1923203 0.2525844 0.2549977 0.2834974 0.1759444 0.2271514 0.0751093 0.2080590 0.1724493 0.2443369 0.1234594 0.2789966 0.0798809 0.1695900 0.2275676 0.1195408 0.2671117 0.2335016 0.2086011 0.1637962 0.1880147 0.2503835 0.2514518 0.1332001 0.1778768 0.1598990 0.2568328 0.2677539 0.3674433 0.2592746 0.1048311 0.2525121 0.0611625 
Amauria_rotundifolia_SRR9119150            0.1894507 0.2183415 0.0000000 0.3118171 0.2342192 0.0749854 0.2563894 0.1614765 0.1460333 0.0848726 0.0672235 0.1534010 0.0540316 0.0973181 0.2114479 0.2229573 0.0555374 0.1408552 0.0726057 0.0543103 0.4888333 0.0615362 0.1643426 0.2527176 0.2275470 0.0614613 0.2487316 0.0889758 0.0602324 0.2414235 0.1557138 0.2875412 0.0684672 0.1840509 0.0660122 0.0511517 0.0771556 0.0618696 0.0683141 0.2246043 0.0594612 0.0624289 0.0792301 0.0850048 0.1224880 0.0643279 0.1227194 0.0904663 0.0562404 0.0791214 0.2065619 0.0573201 0.0637585 0.1065501 0.2465736 0.0643528 0.2076028 0.0977355 0.2466596 0.0579744 0.0457749 0.0751794 0.1778921 0.2371269 0.0623003 0.2110734 0.0823502 0.0651811 0.1722554 0.2268402 0.2340133 0.1026749 0.0626623 0.2225962 0.2240122 0.0623259 0.0756790 0.1326953 0.2205910 0.0666907 0.2129138 0.0556270 0.2152059 
Conoclinium_coelestinum_SRR9119114         0.1667657 0.2358230 0.3118171 0.0000000 0.2321627 0.2505747 0.1124703 0.1978951 0.2196476 0.2506012 0.2681794 0.2798128 0.3196208 0.3991158 0.2023228 0.2181899 0.3012687 0.3182818 0.3251718 0.3250097 0.5559343 0.3283529 0.3336253 0.2367919 0.2026601 0.3080193 0.2540347 0.3146099 0.2777426 0.2804487 0.1796335 0.2259269 0.2740846 0.1738965 0.3381483 0.2648525 0.2870989 0.3331931 0.2824955 0.1994801 0.3085344 0.3054897 0.3081892 0.3463876 0.2800526 0.3329572 0.3198506 0.2925407 0.2817297 0.3762421 0.2547353 0.3022058 0.3069148 0.3296050 0.2167684 0.2842441 0.1952547 0.2750114 0.2391521 0.2964911 0.1975475 0.3285551 0.1404780 0.2307246 0.2993698 0.1796877 0.3500724 0.2886282 0.3274771 0.2159356 0.2329339 0.2671723 0.2814473 0.1829707 0.2101263 0.2017277 0.3194346 0.2973039 0.4712421 0.3157215 0.1999875 0.3233719 0.2102149 
Eutetras_palmeri_63                        0.1009787 0.1834958 0.2342192 0.2321627 0.0000000 0.1628222 0.1632723 0.1468140 0.2030048 0.1860883 0.2067468 0.2137063 0.2292294 0.2059583 0.0971114 0.1012165 0.2270390 0.2781405 0.2245421 0.2169417 0.4531956 0.2193121 0.3061522 0.1365417 0.1332239 0.2416284 0.1306934 0.2201913 0.2180475 0.2007167 0.1167126 0.1721396 0.1808076 0.0832565 0.3382611 0.1844144 0.2311551 0.2196860 0.2340637 0.1072225 0.2397573 0.2207134 0.2452135 0.2456803 0.2253761 0.2347887 0.2140818 0.1994535 0.1994483 0.2479915 0.1169799 0.2083934 0.2203049 0.2459780 0.1166428 0.2009416 0.1073948 0.1984610 0.1305552 0.2254144 0.1122516 0.2235620 0.1089609 0.1263601 0.2339155 0.1458900 0.2505761 0.2341271 0.2580014 0.1165055 0.1205695 0.1979712 0.2063044 0.1104171 0.1072823 0.1508450 0.2252827 0.2348856 0.3520186 0.2152168 0.1358273 0.2280969 0.1002443 
Eutetras_pringlei_149_quer                 0.1923146 0.1680559 0.0749854 0.2505747 0.1628222 0.0000000 0.2516630 0.1631059 0.1748414 0.0912941 0.0858193 0.0792885 0.0637420 0.0826071 0.1736734 0.1981821 0.0682300 0.0838044 0.0711029 0.0602541 0.3930684 0.0702561 0.1501371 0.1971542 0.1909195 0.0719827 0.1846243 0.1394062 0.0748929 0.1922412 0.1695927 0.2039791 0.0311315 0.1690654 0.2997217 0.0548860 0.0943828 0.0690552 0.0753489 0.1984991 0.0798500 0.0759721 0.0947670 0.0823095 0.0825826 0.0707854 0.0521254 0.0799868 0.0691607 0.0911797 0.2164266 0.0740155 0.0715659 0.1402698 0.2052069 0.0774228 0.1970983 0.0737454 0.1884725 0.0656063 0.0364212 0.0955173 0.1526886 0.1895102 0.0755439 0.2127924 0.1049735 0.0852192 0.1292554 0.1984784 0.2123028 0.0985390 0.0732596 0.1920855 0.1965128 0.0678319 0.1061559 0.1021491 0.1773411 0.0733417 0.1902743 0.0648972 0.1738288 
Eutrochium_fistulosum_SRR9119106           0.1570544 0.2322628 0.2563894 0.1124703 0.1632723 0.2516630 0.0000000 0.1823345 0.2675453 0.2298258 0.2817011 0.2637063 0.2810942 0.2860366 0.1612445 0.1801606 0.2766264 0.3392105 0.2874923 0.2704698 0.5140577 0.2949407 0.3516017 0.1817290 0.1701973 0.2829552 0.1847470 0.2921930 0.2607846 0.2779482 0.1579676 0.1905348 0.2514338 0.1541319 1.0249471 0.2647289 0.2859190 0.2863834 0.2882520 0.1820495 0.2877719 0.2884388 0.2860798 0.2879796 0.2515884 0.2811538 0.2887271 0.2617949 0.2781796 0.2816492 0.1922013 0.2838432 0.2821471 0.3155361 0.1884484 0.2746359 0.1698188 0.2829197 0.1734838 0.2761254 0.1707990 0.2986374 0.1231781 0.1736378 0.2702832 0.1754055 0.3146330 0.2836899 0.3260985 0.1817448 0.1932954 0.2556065 0.2766250 0.1723063 0.1741529 0.1818649 0.3041774 0.2926521 0.3543408 0.2835055 0.1895485 0.2775071 0.1479400 
Galeana_pratensis_104_mex                  0.1562007 0.1511840 0.1614765 0.1978951 0.1468140 0.1631059 0.1823345 0.0000000 0.1781771 0.1430943 0.1691505 0.1652849 0.1649967 0.1651739 0.1198041 0.1387049 0.1653357 0.1592970 0.1497964 0.1577468 0.3646243 0.1645102 0.3348682 0.1438390 0.1522490 0.1706428 0.1297925 0.1868503 0.1476836 0.1711927 0.1877631 0.1326252 0.1298657 0.1293936 9.0000000 0.1149780 0.1764311 0.1641183 0.1624544 0.1511925 0.1720670 0.1699061 0.1789485 0.1724922 0.1669390 0.1675256 0.1765294 0.1779270 0.1619593 0.1695424 0.1655214 0.1669788 0.1712867 0.2007068 0.1548909 0.1516508 0.1472905 0.1799538 0.1292955 0.1637785 0.1313309 0.1813294 0.1257815 0.1374399 0.1607998 0.1604123 0.1806992 0.1579379 0.2738716 0.1348263 0.1645407 0.1513403 0.1648114 0.1302095 0.1406895 0.1606813 0.1792927 0.1869732 0.1775450 0.1612386 0.1633215 0.1619593 0.1016540 
Helianthus_annuus_SRR9119062               0.2511039 0.2082438 0.1460333 0.2196476 0.2030048 0.1748414 0.2675453 0.1781771 0.0000000 0.1340965 0.1482968 0.1777588 0.1398443 0.2747946 0.2175384 0.2239429 0.1498792 0.1884482 0.1921922 0.1456654 0.5330135 0.1566046 0.2154297 0.2306327 0.2320376 0.1487025 0.2329852 0.1477437 0.1701637 0.2224159 0.1818494 0.2281366 0.1219773 0.1874521 0.1783762 0.1318427 0.1647851 0.1500414 0.1511258 0.2433985 0.1840014 0.1508039 0.1502383 0.1674105 0.1522186 0.1545691 0.1578320 0.1730456 0.1360708 0.2517996 0.2517779 0.1506851 0.1493731 0.1720678 0.2455213 0.1730626 0.2132463 0.1645378 0.2194527 0.1404117 0.0960921 0.1538710 0.1800791 0.2289618 0.1641373 0.2411693 0.1749709 0.1369727 0.2325147 0.2211233 0.2366716 0.1592665 0.1572776 0.2359471 0.2152474 0.1179273 0.1793093 0.1493702 0.3039256 0.1515712 0.2373700 0.1444905 0.2108748 
Lycapsus_tenuifolius_17                    0.1472738 0.2323041 0.0848726 0.2506012 0.1860883 0.0912941 0.2298258 0.1430943 0.1340965 0.0000000 0.0769773 0.0973193 0.0897534 0.1750625 0.1803567 0.2012311 0.0840569 0.1645010 0.0985079 0.0907425 0.5152105 0.0986647 0.1231692 0.1892028 0.1782157 0.0911524 0.2014755 0.0692847 0.0945731 0.2348554 0.1357153 0.2196842 0.0836134 0.1690506 0.0650215 0.0833464 0.0907670 0.0953922 0.1001482 0.1886854 0.0900305 0.0951622 0.0947652 0.1013929 0.1061347 0.1002263 0.1440560 0.0876341 0.0756469 0.1466878 0.1809739 0.0932994 0.0940189 0.0874882 0.2100927 0.0918069 0.1684194 0.1130927 0.2065639 0.0870475 0.0623474 0.0986584 0.1459366 0.1861857 0.0992374 0.1460128 0.1237297 0.0886625 0.1462987 0.1933111 0.1934273 0.0107879 0.0902491 0.1887552 0.1984358 0.0690955 0.1146278 0.1419108 0.3251027 0.1013037 0.1717476 0.0885683 0.1790396 
Pericome_caudata_50_silver                 0.1875407 0.2563981 0.0672235 0.2681794 0.2067468 0.0858193 0.2817011 0.1691505 0.1482968 0.0769773 0.0000000 0.0938772 0.0516029 0.1165559 0.2306818 0.2294492 0.0554307 0.1510401 0.0825502 0.0560352 0.5349122 0.0604790 0.1531547 0.2119777 0.2149795 0.0580548 0.2276959 0.0871861 0.0528872 0.2826925 0.1920631 0.2542156 0.0714207 0.2013272 0.0600251 0.0634426 0.0674888 0.0601734 0.0929587 0.2325004 0.0602705 0.0619086 0.0648817 0.0628746 0.1131535 0.0608521 0.1321304 0.0821677 0.0509978 0.0926391 0.2233309 0.0627422 0.0611577 0.1039985 0.2448977 0.0590999 0.2074049 0.0853248 0.2204281 0.0544966 0.0613596 0.0545419 0.1638359 0.2056918 0.0529282 0.2159277 0.0543947 0.0266840 0.1615042 0.2184381 0.2146226 0.1111944 0.0604614 0.2242415 0.2132542 0.0635315 0.0541680 0.1244556 0.2703185 0.0661123 0.2329797 0.0566940 0.2004143 
Perityle_aglossa_84_dead_horse             0.1777379 0.2597227 0.1534010 0.2798128 0.2137063 0.0792885 0.2637063 0.1652849 0.1777588 0.0973193 0.0938772 0.0000000 0.0948826 0.1527116 0.1921678 0.2163654 0.0758865 0.1670470 0.1188241 0.0774678 0.5095733 0.0560665 0.1066700 0.1873034 0.1791940 0.0939311 0.2086255 0.1173709 0.1428340 0.2577395 0.1765283 0.2792714 0.0916753 0.1741337 0.0230997 0.1057422 0.1312772 0.0548703 0.1228846 0.2003934 0.0943226 0.0645674 0.1624132 0.1762339 0.1407672 0.0869366 0.1291884 0.0384454 0.0396750 0.2171582 0.1929656 0.0595669 0.0669745 0.1620756 0.2057666 0.1073442 0.1885148 0.0834109 0.1992248 0.0925079 0.0458014 0.1133314 0.1517651 0.1760503 0.1490662 0.1715539 0.1700627 0.1298182 0.1323292 0.2007905 0.1831275 0.1279561 0.0541254 0.1681890 0.1914286 0.0249629 0.1203791 0.1562338 0.3477180 0.0579436 0.2102649 0.0972177 0.1979122 
Perityle_ajoensis_204                      0.1987189 0.2549025 0.0540316 0.3196208 0.2292294 0.0637420 0.2810942 0.1649967 0.1398443 0.0897534 0.0516029 0.0948826 0.0000000 0.0545968 0.2199090 0.2247030 0.0025565 0.1591790 0.0796745 0.0038308 0.5011755 0.0053380 0.0999293 0.2357410 0.2299968 0.0051752 0.2445078 0.0961517 0.0488655 0.2769008 0.1612437 0.3131395 0.0665713 0.1905800 0.0042371 0.0546654 0.0763162 0.0056055 0.0825136 0.2258484 0.0089842 0.0086711 0.0750269 0.0783898 0.1308930 0.0101209 0.1276417 0.0369984 0.0020174 0.0872792 0.2017500 0.0137788 0.0075297 0.0992221 0.2423080 0.0591665 0.1915462 0.0805791 0.2418507 0.0050023 0.0392101 0.0557276 0.1398987 0.2249645 0.0527082 0.2065342 0.0760892 0.0472477 0.1243526 0.2357208 0.2242208 0.1076271 0.0077727 0.2242324 0.2259269 0.0127802 0.0769142 0.1229628 0.2022245 0.0119543 0.2200883 0.0042476 0.2181208 
Perityle_ambrosiifolia_67_green            0.2959642 0.2655404 0.0973181 0.3991158 0.2059583 0.0826071 0.2860366 0.1651739 0.2747946 0.1750625 0.1165559 0.1527116 0.0545968 0.0000000 0.2309200 0.2348451 0.0992863 0.2535587 0.0898470 0.0436263 0.5531356 0.0174906 0.1008809 0.3078163 0.2134768 0.0775031 0.3278474 0.1718029 0.1433035 0.2783466 0.1491981 0.2588594 0.1231579 0.1876804 0.4000913 0.0581300 0.1608356 0.0287312 0.1766984 0.2351656 0.1149114 0.0602454 0.1548419 0.0850776 0.2038029 0.0529059 0.1313905 0.1305611 0.0843153 0.1709676 0.2526065 0.0651405 0.0632750 0.1721141 0.2370913 0.0747026 0.2005694 0.0834014 0.2648521 0.0863127 0.0448510 0.0651585 0.1402709 0.2999547 0.1018112 0.2100998 0.0826384 0.1259276 0.1198576 0.3205362 0.3024158 0.1112654 0.0886292 0.2245598 0.2719793 0.0230205 0.0856350 0.2142372 0.2983773 0.0564883 0.2179100 0.0482862 0.3077703 
Perityle_angustifolia_13_Eagle_creek       0.0847454 0.1656518 0.2114479 0.2023228 0.0971114 0.1736734 0.1612445 0.1198041 0.2175384 0.1803567 0.2306818 0.1921678 0.2199090 0.2309200 0.0000000 0.0249601 0.2124257 0.2860416 0.2320759 0.2152926 0.4791425 0.2355887 0.2748144 0.0050014 0.0944199 0.2216508 0.0437011 0.2379371 0.2173004 0.2222034 0.1276632 0.1763283 0.1994156 0.0966870 0.3251619 0.2128035 0.2395407 0.2294029 0.2282708 0.0298682 0.2285647 0.2291069 0.2427754 0.2405239 0.1872238 0.2223780 0.2491563 0.1934346 0.2155370 0.2367910 0.0165608 0.2262853 0.2211479 0.2508845 0.0139224 0.2215689 0.0857446 0.2182321 0.0049880 0.2226298 0.1069062 0.2440622 0.0178476 0.0063144 0.2202013 0.0759788 0.2528822 0.2312895 0.2609810 0.0605303 0.0075665 0.2171094 0.2172319 0.0069136 0.0025042 0.1353602 0.2486754 0.2530780 0.3344006 0.2191963 0.1008921 0.2133532 0.0976356 
Perityle_batopilensis_97                   0.0976906 0.1800711 0.2229573 0.2181899 0.1012165 0.1981821 0.1801606 0.1387049 0.2239429 0.2012311 0.2294492 0.2163654 0.2247030 0.2348451 0.0249601 0.0000000 0.2260274 0.2773909 0.2477215 0.2243976 0.4986875 0.2304395 0.3001180 0.0303696 0.1057742 0.2334381 0.0622322 0.2407630 0.2219930 0.2346894 0.1491398 0.1894912 0.2128893 0.0984072 0.2984255 0.2120141 0.2577020 0.2329566 0.2453355 0.0172758 0.2403278 0.2334867 0.2508432 0.2456524 0.2127532 0.2365818 0.2651844 0.2199717 0.2254981 0.2467373 0.0542085 0.2313618 0.2322375 0.2485096 0.0303664 0.2336632 0.0952860 0.2203369 0.0242459 0.2218390 0.1332408 0.2505937 0.0362193 0.0319198 0.2315808 0.0961441 0.2636280 0.2382677 0.2774854 0.0579620 0.0327561 0.2331704 0.2258845 0.0307149 0.0254484 0.1601524 0.2577714 0.2587813 0.3733982 0.2310682 0.1148391 0.2216102 0.1000866 
Perityle_bisetosa_9                        0.1828698 0.2507605 0.0555374 0.3012687 0.2270390 0.0682300 0.2766264 0.1653357 0.1498792 0.0840569 0.0554307 0.0758865 0.0025565 0.0992863 0.2124257 0.2260274 0.0000000 0.1497951 0.0802822 0.0048143 0.4821104 0.0067301 0.1002597 0.2173029 0.2181535 0.0084422 0.2338836 0.0969462 0.0543228 0.2730203 0.1620715 0.3004099 0.0691871 0.1873187 0.0179778 0.0537225 0.0762771 0.0045167 0.0789110 0.2213662 0.0248714 0.0116700 0.0762425 0.0783735 0.1107272 0.0101881 0.1250829 0.0329187 0.0038245 0.1276604 0.2009981 0.0149005 0.0084946 0.0983128 0.2326375 0.0621636 0.1975101 0.0788490 0.2382482 0.0057275 0.0443484 0.0574873 0.1361601 0.2129553 0.0538774 0.1918671 0.0758679 0.0467361 0.1263553 0.2142052 0.2102571 0.1041381 0.0100907 0.2126531 0.2153856 0.0178537 0.0777710 0.1185125 0.2464705 0.0130623 0.2188768 0.0052670 0.1995585 
Perityle_californica_76_positas            0.1852279 0.2644350 0.1408552 0.3182818 0.2781405 0.0838044 0.3392105 0.1592970 0.1884482 0.1645010 0.1510401 0.1670470 0.1591790 0.2535587 0.2860416 0.2773909 0.1497951 0.0000000 0.1617717 0.1599202 0.5248485 0.1609657 0.1335929 0.1994418 0.2686431 0.1632024 0.2472572 0.2022085 0.1446504 0.3576591 0.1684323 0.2849837 0.1374168 0.2481117 0.2176662 0.1147854 0.1630091 0.1622060 0.1530366 0.3078407 0.1665544 0.1634770 0.1660035 0.1630606 0.1486831 0.1687644 0.1547542 0.1796036 0.1519106 0.2345698 0.3131084 0.1673654 0.1620889 0.2036267 0.3154962 0.1365092 0.2337544 0.1210527 0.2445506 0.1487359 0.0400711 0.1700975 0.1330483 0.2076620 0.1510368 0.2130828 0.1799990 0.1437733 0.1636218 0.2504614 0.2280138 0.1965632 0.1569267 0.2683007 0.2322886 0.0719507 0.1757911 0.1882176 0.3752619 0.1688199 0.2072793 0.1617235 0.1604196 
Perityle_canescens_77                      0.2141022 0.2562567 0.0726057 0.3251718 0.2245421 0.0711029 0.2874923 0.1497964 0.1921922 0.0985079 0.0825502 0.1188241 0.0796745 0.0898470 0.2320759 0.2477215 0.0802822 0.1617717 0.0000000 0.0783403 0.5095161 0.0934017 0.1369971 0.2440964 0.2318879 0.0887561 0.2592686 0.1267994 0.0633171 0.2937523 0.1654028 0.2592094 0.0660436 0.2098472 0.0659235 0.0695664 0.1029901 0.0852942 0.0948899 0.2593081 0.0888075 0.0901878 0.1025345 0.0994199 0.1072400 0.0852551 0.1213482 0.1143605 0.0830910 0.1009035 0.2546876 0.0901726 0.0876855 0.1382671 0.2687581 0.0797225 0.2155634 0.0773268 0.2399942 0.0825800 0.0233186 0.0910381 0.1384071 0.2392414 0.0685913 0.2263994 0.1112662 0.0833508 0.1726634 0.2541171 0.2524531 0.1305844 0.0883212 0.2372095 0.2422431 0.0652621 0.1091234 0.1399353 0.2407931 0.0913720 0.2138492 0.0819424 0.2198569 
Perityle_castillonii_96                    0.1948181 0.2480976 0.0543103 0.3250097 0.2169417 0.0602541 0.2704698 0.1577468 0.1456654 0.0907425 0.0560352 0.0774678 0.0038308 0.0436263 0.2152926 0.2243976 0.0048143 0.1599202 0.0783403 0.0000000 0.4937007 0.0081025 0.0973223 0.2387569 0.2206228 0.0096373 0.2432042 0.0986057 0.0520644 0.2736718 0.1580568 0.2699940 0.0689471 0.1872794 0.0203613 0.0520538 0.0735481 0.0079735 0.0830489 0.2214838 0.0105686 0.0119549 0.0741099 0.0751738 0.1160614 0.0095058 0.1221553 0.0390980 0.0052708 0.0723658 0.1974507 0.0173874 0.0108581 0.1021539 0.2352593 0.0610196 0.1939986 0.0763029 0.2469403 0.0077574 0.0368267 0.0554398 0.1377773 0.2349194 0.0586423 0.1986628 0.0780440 0.0517683 0.1248514 0.2287403 0.2283841 0.1043757 0.0111455 0.2213369 0.2239914 0.0179351 0.0792569 0.1281269 0.2012856 0.0122194 0.2191383 0.0057699 0.2181326 
Perityle_cernua_84                         0.4868172 0.4262262 0.4888333 0.5559343 0.4531956 0.3930684 0.5140577 0.3646243 0.5330135 0.5152105 0.5349122 0.5095733 0.5011755 0.5531356 0.4791425 0.4986875 0.4821104 0.5248485 0.5095161 0.4937007 0.0000000 0.4733091 0.4144195 0.5205048 0.4731559 0.5035139 0.5276973 0.5379787 0.5131277 0.5396445 0.3788704 0.4755546 0.4834048 0.4570581 0.5962007 0.4535049 0.5387751 0.4777372 0.5029645 0.5034651 0.5036335 0.5077449 0.5293564 0.5185005 0.5117269 0.5009595 0.4281510 0.5057303 0.4926339 0.5505092 0.5346576 0.4957201 0.4968699 0.5688803 0.5005493 0.5100901 0.4954497 0.4379029 0.5190588 0.4999541 0.3374003 0.5342367 0.3686572 0.5195537 0.5097514 0.4925915 0.5168995 0.5255318 0.4348712 0.5225536 0.5276815 0.5181778 0.4961734 0.4971776 0.5237509 0.3627660 0.5213786 0.5396706 0.6291013 0.4941512 0.4936703 0.4896423 0.5233790 
Perityle_cfvillosa_25_tin                  0.2173423 0.2439501 0.0615362 0.3283529 0.2193121 0.0702561 0.2949407 0.1645102 0.1566046 0.0986647 0.0604790 0.0560665 0.0053380 0.0174906 0.2355887 0.2304395 0.0067301 0.1609657 0.0934017 0.0081025 0.4733091 0.0000000 0.1106776 0.2420896 0.2222056 0.0160743 0.2451529 0.1108935 0.0594633 0.2970120 0.1528886 0.2862797 0.0805823 0.1992605 0.0000010 0.0653247 0.0893502 0.0132986 0.1079376 0.2477644 0.0147360 0.0173171 0.0927765 0.0907347 0.1153225 0.0132732 0.1119391 0.0481040 0.0026606 0.0879799 0.2571371 0.0227149 0.0066565 0.1200489 0.2385607 0.0776310 0.1970067 0.0842808 0.2398730 0.0000010 0.0349335 0.0597509 0.1362618 0.2364481 0.0682134 0.2231316 0.0931646 0.0611566 0.1098837 0.2543733 0.2405137 0.1186461 0.0120358 0.2356090 0.2346611 0.0230238 0.0941756 0.1440782 0.1854063 0.0160269 0.2200397 0.0040064 0.2222335 
Perityle_cinerea_113_Powell1310            0.2931191 0.2782378 0.1643426 0.3336253 0.3061522 0.1501371 0.3516017 0.3348682 0.2154297 0.1231692 0.1531547 0.1066700 0.0999293 0.1008809 0.2748144 0.3001180 0.1002597 0.1335929 0.1369971 0.0973223 0.4144195 0.1106776 0.0000000 0.3170214 0.3057492 0.1022329 0.2932727 0.2039173 0.1443875 0.2784732 0.2344435 0.2485131 0.1198948 0.1915849 9.0000000 0.1199829 0.1636789 0.0940763 0.1494151 0.3045546 0.1045318 0.1088139 0.1567811 0.1650776 0.1539034 0.0990098 0.1591282 0.1069934 0.1051358 0.1676320 0.3510822 0.1153628 0.1081089 0.2407630 0.3334084 0.1407866 0.2893390 0.1599376 0.2885366 0.1065994 0.1280415 0.1657887 0.2617644 0.2748100 0.1513848 0.3640543 0.1686343 0.1433787 0.0452778 0.2547058 0.3226273 0.1690468 0.1055792 0.2859545 0.3093692 0.0865918 0.1553094 0.1799417 0.1200732 0.1124633 0.3416330 0.1051358 0.2606024 
Perityle_coahuilensis_24                   0.0883533 0.1805399 0.2527176 0.2367919 0.1365417 0.1971542 0.1817290 0.1438390 0.2306327 0.1892028 0.2119777 0.1873034 0.2357410 0.3078163 0.0050014 0.0303696 0.2173029 0.1994418 0.2440964 0.2387569 0.5205048 0.2420896 0.3170214 0.0000000 0.1051180 0.2386052 0.0697644 0.2243917 0.2345790 0.2290226 0.1498143 0.2475446 0.2052453 0.1078469 0.1846850 0.2216084 0.2411248 0.2380878 0.2187873 0.0377314 0.2119323 0.2213488 0.2568569 0.2847601 0.2062016 0.2450238 0.2676988 0.1891917 0.1960820 0.3204440 0.0487174 0.2154225 0.2238111 0.2562910 0.0171872 0.2252643 0.0886226 0.2381044 0.0069797 0.2234117 0.1454643 0.2462727 0.0292673 0.0135858 0.2512502 0.0842661 0.2877349 0.2393561 0.2890126 0.0700337 0.0024718 0.2294813 0.2013257 0.0048314 0.0036480 0.1696034 0.2517438 0.2367918 0.4318373 0.2271778 0.1163189 0.2422966 0.1077316 
Perityle_cochisensis_44_cave_creek         0.0948539 0.1186298 0.2275470 0.2026601 0.1332239 0.1909195 0.1701973 0.1522490 0.2320376 0.1782157 0.2149795 0.1791940 0.2299968 0.2134768 0.0944199 0.1057742 0.2181535 0.2686431 0.2318879 0.2206228 0.4731559 0.2222056 0.3057492 0.1051180 0.0000000 0.2279912 0.1069235 0.2266237 0.2273735 0.2089379 0.1357797 0.2093491 0.1803343 0.1114527 1.0149319 0.2065451 0.2415666 0.2228225 0.2336952 0.1076583 0.2265484 0.2164380 0.2457352 0.2468696 0.2231273 0.2296584 0.2346105 0.1869392 0.2021273 0.2472389 0.1034826 0.2066053 0.2193518 0.2542945 0.1126324 0.2214377 0.0856621 0.2301668 0.0974004 0.2240091 0.1282568 0.2271459 0.0848836 0.0986382 0.2326368 0.1054466 0.2694313 0.2440234 0.2783138 0.0948372 0.1069218 0.1923149 0.2092605 0.0998238 0.0969803 0.1539905 0.2427722 0.2317103 0.3176841 0.2141465 0.1154619 0.2186045 0.1439701 
Perityle_congesta_202                      0.1989876 0.2543466 0.0614613 0.3080193 0.2416284 0.0719827 0.2829552 0.1706428 0.1487025 0.0911524 0.0580548 0.0939311 0.0051752 0.0775031 0.2216508 0.2334381 0.0084422 0.1632024 0.0887561 0.0096373 0.5035139 0.0160743 0.1022329 0.2386052 0.2279912 0.0000000 0.2483662 0.1002164 0.0591171 0.2791200 0.1666690 0.3087767 0.0743933 0.1916047 0.0148822 0.0607942 0.0845546 0.0123371 0.0921455 0.2285800 0.0148843 0.0164698 0.0837831 0.0865596 0.1264454 0.0147895 0.1322504 0.0407551 0.0097553 0.1080405 0.2108276 0.0227147 0.0160363 0.1033755 0.2495954 0.0695947 0.1990435 0.0858349 0.2498988 0.0084990 0.0438358 0.0651661 0.1449299 0.2252564 0.0634719 0.2082220 0.0849453 0.0560610 0.1301500 0.2298134 0.2275811 0.1131122 0.0160089 0.2240871 0.2303677 0.0151572 0.0872528 0.1291857 0.2206068 0.0189163 0.2320837 0.0097811 0.2155005 
Perityle_cordifolia_27                     0.1069516 0.1691022 0.2487316 0.2540347 0.1306934 0.1846243 0.1847470 0.1297925 0.2329852 0.2014755 0.2276959 0.2086255 0.2445078 0.3278474 0.0437011 0.0622322 0.2338836 0.2472572 0.2592686 0.2432042 0.5276973 0.2451529 0.2932727 0.0697644 0.1069235 0.2483662 0.0000000 0.2303073 0.2501702 0.2249204 0.1518523 0.2147650 0.2222370 0.1125333 0.2551457 0.2195719 0.2556740 0.2425086 0.2522769 0.0611522 0.2381644 0.2420646 0.2612067 0.2753101 0.2357031 0.2551096 0.2705801 0.2111981 0.2220752 0.3275202 0.0824421 0.2398232 0.2441437 0.2585710 0.0551011 0.2337063 0.1001126 0.2364568 0.0660178 0.2366464 0.1274489 0.2466314 0.0232680 0.0724007 0.2540158 0.0856020 0.2879834 0.2387768 0.2760160 0.0814714 0.0690512 0.2284903 0.2308205 0.0498874 0.0622911 0.1571923 0.2579459 0.2576363 0.4603138 0.2428990 0.1164336 0.2436315 0.1298101 
Perityle_cordifolia_68_tecolote            0.1987553 0.2868189 0.0889758 0.3146099 0.2201913 0.1394062 0.2921930 0.1868503 0.1477437 0.0692847 0.0871861 0.1173709 0.0961517 0.1718029 0.2379371 0.2407630 0.0969462 0.2022085 0.1267994 0.0986057 0.5379787 0.1108935 0.2039173 0.2243917 0.2266237 0.1002164 0.2303073 0.0000000 0.0965766 0.3067436 0.1998129 0.2689703 0.1081217 0.2049647 0.0798334 0.1022868 0.1165243 0.1099965 0.1160890 0.2536100 0.1031549 0.1067752 0.1118350 0.1192469 0.1299586 0.1080034 0.1784734 0.1204468 0.0953896 0.1421569 0.2298028 0.1054915 0.1053556 0.0525754 0.2600780 0.1163789 0.2124902 0.1570058 0.2368302 0.0962034 0.0910534 0.1090881 0.1704913 0.2206021 0.1046605 0.2327995 0.1160762 0.0864997 0.1964870 0.2363458 0.2298596 0.0952007 0.1022730 0.2393291 0.2244452 0.1078585 0.1218115 0.1654820 0.3593966 0.1107897 0.2244080 0.0985156 0.2106008 
Perityle_coronopifolia_28_patagonia        0.1932992 0.2188283 0.0602324 0.2777426 0.2180475 0.0748929 0.2607846 0.1476836 0.1701637 0.0945731 0.0528872 0.1428340 0.0488655 0.1433035 0.2173004 0.2219930 0.0543228 0.1446504 0.0633171 0.0520644 0.5131277 0.0594633 0.1443875 0.2345790 0.2273735 0.0591171 0.2501702 0.0965766 0.0000000 0.2687445 0.1565976 0.3097073 0.0654564 0.1950525 0.0829363 0.0496304 0.0847590 0.0556980 0.0760542 0.2243178 0.0724855 0.0591485 0.0833338 0.0844589 0.1247406 0.0603987 0.1091256 0.0885586 0.0529828 0.1384040 0.2094464 0.0581150 0.0563717 0.1109020 0.2417477 0.0312289 0.2026942 0.0851403 0.2452281 0.0559499 0.0338684 0.0623983 0.1342722 0.2209410 0.0074051 0.2059990 0.0806216 0.0542472 0.1657501 0.2233398 0.2228877 0.1103871 0.0586148 0.2289631 0.2211320 0.0556247 0.0761758 0.1178122 0.2522429 0.0624503 0.2079449 0.0526082 0.2268298 
Perityle_crassifolia_70_ventanas           0.1817206 0.1987463 0.2414235 0.2804487 0.2007167 0.1922412 0.2779482 0.1711927 0.2224159 0.2348554 0.2826925 0.2577395 0.2769008 0.2783466 0.2222034 0.2346894 0.2730203 0.3576591 0.2937523 0.2736718 0.5396445 0.2970120 0.2784732 0.2290226 0.2089379 0.2791200 0.2249204 0.3067436 0.2687445 0.0000000 0.0057741 0.2242497 0.2394809 0.1519786 1.3826115 0.2564611 0.2921406 0.2817231 0.2787730 0.2370353 0.2774541 0.2802830 0.2935901 0.2993231 0.2415399 0.2765927 0.2695222 0.2578069 0.2668500 0.2986263 0.2433241 0.2766758 0.2789261 0.3097298 0.2394811 0.2700182 0.1886518 0.2428387 0.2279692 0.2667165 0.1265903 0.2924102 0.1384094 0.2270587 0.2731003 0.1625525 0.3086096 0.2751639 0.2453991 0.2391260 0.2373303 0.2531898 0.2666944 0.2149640 0.2288891 0.1653569 0.3095245 0.2991476 0.3350998 0.2798598 0.1566500 0.2664166 0.1656448 
Perityle_crassifolia_74_playa_balandra     0.0956356 0.1251462 0.1557138 0.1796335 0.1167126 0.1695927 0.1579676 0.1877631 0.1818494 0.1357153 0.1920631 0.1765283 0.1612437 0.1491981 0.1276632 0.1491398 0.1620715 0.1684323 0.1654028 0.1580568 0.3788704 0.1528886 0.2344435 0.1498143 0.1357797 0.1666690 0.1518523 0.1998129 0.1565976 0.0057741 0.0000000 0.1032832 0.1372788 0.0444065 9.0000000 0.1096788 0.1999794 0.1603146 0.1706130 0.1585926 0.1760753 0.1740063 0.2067778 0.2066938 0.1819911 0.1674205 0.1684852 0.1601834 0.1490696 0.2037307 0.1664165 0.1589677 0.1669667 0.2154600 0.1655534 0.1705312 0.1282050 0.1801561 0.1404649 0.1472032 0.1338789 0.1990979 0.1447321 0.1427906 0.1642448 0.1694996 0.1980760 0.1761420 0.2137245 0.1484925 0.1616694 0.1372468 0.1455263 0.1455298 0.1529929 0.1761055 0.1959714 0.1939793 0.1814330 0.1675429 0.1376480 0.1490696 0.0714683 
Perityle_cuneata_34_cuneata_San_antonio    0.1613048 0.1106544 0.2875412 0.2259269 0.1721396 0.2039791 0.1905348 0.1326252 0.2281366 0.2196842 0.2542156 0.2792714 0.3131395 0.2588594 0.1763283 0.1894912 0.3004099 0.2849837 0.2592094 0.2699940 0.4755546 0.2862797 0.2485131 0.2475446 0.2093491 0.3087767 0.2147650 0.2689703 0.3097073 0.2242497 0.1032832 0.0000000 0.2059740 0.1579834 9.0000000 0.2520723 0.2733986 0.2673626 0.2578761 0.1976487 0.2880202 0.2598618 0.3164689 0.2963568 0.2615783 0.2795314 0.2236771 0.2318543 0.2464113 0.3241244 0.2117935 0.2481588 0.2603843 0.2966924 0.2088968 0.2589516 0.1689855 0.2421473 0.2305857 0.3090475 0.0975665 0.2618320 0.0830737 0.2162616 0.3117263 0.1107792 0.3013428 0.2968433 0.2545865 0.1925753 0.2229787 0.2320839 0.2487196 0.2048585 0.2016500 0.1311854 0.2733168 0.2361740 0.2953145 0.2539394 0.1385708 0.3059898 0.0933280 
Perityle_cuneata_4                         0.1616486 0.2514586 0.0684672 0.2740846 0.1808076 0.0311315 0.2514338 0.1298657 0.1219773 0.0836134 0.0714207 0.0916753 0.0665713 0.1231579 0.1994156 0.2128893 0.0691871 0.1374168 0.0660436 0.0689471 0.4834048 0.0805823 0.1198948 0.2052453 0.1803343 0.0743933 0.2222370 0.1081217 0.0654564 0.2394809 0.1372788 0.2059740 0.0000000 0.1625453 0.0966443 0.0463730 0.0755354 0.0765588 0.0717641 0.2051340 0.0733690 0.0767976 0.0791361 0.0768916 0.0788514 0.0767894 0.0838709 0.0842927 0.0678950 0.0923897 0.1999025 0.0785406 0.0731662 0.1168329 0.2231750 0.0701506 0.1738435 0.0548994 0.2104823 0.0674683 0.0190071 0.0845013 0.1167122 0.1991493 0.0696888 0.1683968 0.0913162 0.0624497 0.1454422 0.2186472 0.2123387 0.1045708 0.0714787 0.1852891 0.2130722 0.0419190 0.0895949 0.1357995 0.2809203 0.0802415 0.1738340 0.0714887 0.1825504 
Perityle_discoidea_81                      0.0812563 0.1314022 0.1840509 0.1738965 0.0832565 0.1690654 0.1541319 0.1293936 0.1874521 0.1690506 0.2013272 0.1741337 0.1905800 0.1876804 0.0966870 0.0984072 0.1873187 0.2481117 0.2098472 0.1872794 0.4570581 0.1992605 0.1915849 0.1078469 0.1114527 0.1916047 0.1125333 0.2049647 0.1950525 0.1519786 0.0444065 0.1579834 0.1625453 0.0000000 9.0000000 0.1808792 0.2228995 0.1941391 0.2081101 0.1020432 0.1893703 0.1908545 0.2132182 0.2172142 0.1871132 0.1941875 0.1826225 0.1693196 0.1733160 0.2162517 0.1132627 0.1839756 0.1909172 0.2286969 0.1144102 0.1915600 0.1003840 0.1903416 0.1077928 0.1864143 0.0825721 0.2029490 0.0774929 0.1060828 0.1966362 0.1272210 0.2377247 0.2071513 0.2159807 0.1088010 0.1124358 0.1776582 0.1855696 0.1077777 0.1094559 0.1063380 0.2217218 0.2209130 0.2808740 0.1906883 0.1210575 0.1858168 0.0924706 
Perityle_dissecta_201                      0.1443135 0.9543349 0.0660122 0.3381483 0.3382611 0.2997217 1.0249471 9.0000000 0.1783762 0.0650215 0.0600251 0.0230997 0.0042371 0.4000913 0.3251619 0.2984255 0.0179778 0.2176662 0.0659235 0.0203613 0.5962007 0.0000010 9.0000000 0.1846850 1.0149319 0.0148822 0.2551457 0.0798334 0.0829363 1.3826115 9.0000000 9.0000000 0.0966443 9.0000000 0.0000000 0.1301778 0.0737609 0.0194445 0.0617566 0.4139483 0.0672580 0.0223855 0.0740674 0.1042114 0.0673389 0.0230117 0.8614669 0.0236657 0.0099941 0.2900442 0.0986904 0.0129160 0.0209857 0.0897774 0.4573278 0.0237452 9.0000000 9.0000000 0.2581058 0.0133212 0.4169972 0.0708321 9.0000000 0.1942191 0.0600729 9.0000000 0.0590456 0.0405920 9.0000000 0.2265105 0.1721238 0.1424792 0.0163371 9.0000000 0.2185745 9.0000000 0.0653760 0.1543759 0.7903827 0.0188728 9.0000000 0.0142433 0.1942068 
Perityle_emoryi_47_punta_san_jose          0.1992581 0.1956588 0.0511517 0.2648525 0.1844144 0.0548860 0.2647289 0.1149780 0.1318427 0.0833464 0.0634426 0.1057422 0.0546654 0.0581300 0.2128035 0.2120141 0.0537225 0.1147854 0.0695664 0.0520538 0.4535049 0.0653247 0.1199829 0.2216084 0.2065451 0.0607942 0.2195719 0.1022868 0.0496304 0.2564611 0.1096788 0.2520723 0.0463730 0.1808792 0.1301778 0.0000000 0.0797090 0.0540248 0.0764527 0.2280590 0.0640366 0.0638943 0.0751968 0.0747386 0.0884687 0.0571947 0.0591058 0.0978979 0.0551880 0.0725665 0.2425258 0.0655157 0.0595608 0.1188758 0.2261664 0.0684492 0.1816622 0.0590640 0.2163355 0.0558556 0.0084324 0.0750923 0.1130979 0.2117483 0.0575969 0.2084860 0.1056217 0.0665418 0.1355524 0.2294847 0.2248536 0.1023801 0.0612112 0.2173129 0.2129687 0.0339522 0.1067966 0.1122716 0.1623238 0.0654958 0.2015761 0.0553571 0.1975580 
Perityle_feddemae_99                       0.2040255 0.2718626 0.0771556 0.2870989 0.2311551 0.0943828 0.2859190 0.1764311 0.1647851 0.0907670 0.0674888 0.1312772 0.0763162 0.1608356 0.2395407 0.2577020 0.0762771 0.1630091 0.1029901 0.0735481 0.5387751 0.0893502 0.1636789 0.2411248 0.2415666 0.0845546 0.2556740 0.1165243 0.0847590 0.2921406 0.1999794 0.2733986 0.0755354 0.2228995 0.0737609 0.0797090 0.0000000 0.0877580 0.0850623 0.2446038 0.0848979 0.0854365 0.0178735 0.0167406 0.1276811 0.0814416 0.0941156 0.1097911 0.0743543 0.0594168 0.2469083 0.0849925 0.0780032 0.1235774 0.2686228 0.0923598 0.2193466 0.0991615 0.2568688 0.0754847 0.0701304 0.0904225 0.1817533 0.2289342 0.0929998 0.2283422 0.0941043 0.0656076 0.1787714 0.2442013 0.2475008 0.1102663 0.0792388 0.2501055 0.2490504 0.0751382 0.0924531 0.1308756 0.2588189 0.0906262 0.2483048 0.0782602 0.2247464 
Perityle_fosteri_93                        0.2140407 0.2552681 0.0618696 0.3331931 0.2196860 0.0690552 0.2863834 0.1641183 0.1500414 0.0953922 0.0601734 0.0548703 0.0056055 0.0287312 0.2294029 0.2329566 0.0045167 0.1622060 0.0852942 0.0079735 0.4777372 0.0132986 0.0940763 0.2380878 0.2228225 0.0123371 0.2425086 0.1099965 0.0556980 0.2817231 0.1603146 0.2673626 0.0765588 0.1941391 0.0194445 0.0540248 0.0877580 0.0000000 0.0937694 0.2450370 0.0146731 0.0168964 0.0897829 0.0860735 0.1024164 0.0077904 0.1279889 0.0492808 0.0090662 0.0889548 0.2398358 0.0226513 0.0146685 0.1247456 0.2590117 0.0698664 0.2031468 0.0811853 0.2328854 0.0091376 0.0338922 0.0610266 0.1462387 0.2305280 0.0646894 0.2243256 0.0846255 0.0573367 0.1265607 0.2449850 0.2445458 0.1158976 0.0136342 0.2304701 0.2331618 0.0176629 0.0843826 0.1354209 0.2195664 0.0168509 0.2327979 0.0079444 0.2108546 
Perityle_gamon_221                         0.2003494 0.2520438 0.0683141 0.2824955 0.2340637 0.0753489 0.2882520 0.1624544 0.1511258 0.1001482 0.0929587 0.1228846 0.0825136 0.1766984 0.2282708 0.2453355 0.0789110 0.1530366 0.0948899 0.0830489 0.5029645 0.1079376 0.1494151 0.2187873 0.2336952 0.0921455 0.2522769 0.1160890 0.0760542 0.2787730 0.1706130 0.2578761 0.0717641 0.2081101 0.0617566 0.0764527 0.0850623 0.0937694 0.0000000 0.2475230 0.0991289 0.0918600 0.0814900 0.0861281 0.0627278 0.0895399 0.1251234 0.1143705 0.0833677 0.1344040 0.2264655 0.0902110 0.0894976 0.1306367 0.2587756 0.0825656 0.2120815 0.0883698 0.2375832 0.0827370 0.0433847 0.0997585 0.1445429 0.2127586 0.0807520 0.2113761 0.1100980 0.0817279 0.1721352 0.2294247 0.2225797 0.1250556 0.0874088 0.2345427 0.2297461 0.0651944 0.1094488 0.1344017 0.2885985 0.0946293 0.2325196 0.0888432 0.2070219 
Perityle_gentryi_8_san_francisco           0.1109436 0.1766556 0.2246043 0.1994801 0.1072225 0.1984991 0.1820495 0.1511925 0.2433985 0.1886854 0.2325004 0.2003934 0.2258484 0.2351656 0.0298682 0.0172758 0.2213662 0.3078407 0.2593081 0.2214838 0.5034651 0.2477644 0.3045546 0.0377314 0.1076583 0.2285800 0.0611522 0.2536100 0.2243178 0.2370353 0.1585926 0.1976487 0.2051340 0.1020432 0.4139483 0.2280590 0.2446038 0.2450370 0.2475230 0.0000000 0.2334078 0.2323682 0.2442869 0.2469417 0.2052360 0.2289067 0.2306990 0.2083692 0.2197719 0.2432263 0.0447976 0.2285982 0.2240874 0.2551176 0.0384596 0.2326142 0.1088142 0.2334454 0.0338205 0.2247801 0.1277745 0.2452242 0.0501807 0.0380078 0.2306862 0.0927941 0.2626565 0.2376475 0.2900785 0.0689971 0.0417243 0.2219441 0.2232881 0.0415562 0.0315623 0.1653154 0.2588974 0.2549796 0.3155932 0.2259962 0.1309788 0.2176448 0.1079529 
Perityle_gilensis_22_Superstition          0.1890860 0.2645871 0.0594612 0.3085344 0.2397573 0.0798500 0.2877719 0.1720670 0.1840014 0.0900305 0.0602705 0.0943226 0.0089842 0.1149114 0.2285647 0.2403278 0.0248714 0.1665544 0.0888075 0.0105686 0.5036335 0.0147360 0.1045318 0.2119323 0.2265484 0.0148843 0.2381644 0.1031549 0.0724855 0.2774541 0.1760753 0.2880202 0.0733690 0.1893703 0.0672580 0.0640366 0.0848979 0.0146731 0.0991289 0.2334078 0.0000000 0.0019124 0.0828565 0.0868517 0.1327454 0.0184449 0.1394742 0.0407318 0.0124297 0.1335646 0.2178680 0.0207606 0.0150666 0.1051522 0.2474826 0.0722894 0.2038776 0.0907798 0.2484066 0.0155497 0.0490881 0.0616755 0.1512689 0.2055844 0.0661653 0.2122344 0.0870559 0.0533446 0.1289051 0.2203374 0.2151110 0.1121533 0.0192374 0.2242095 0.2242422 0.0254957 0.0877118 0.1300548 0.2549388 0.0200432 0.2259393 0.0101864 0.1900244 
Perityle_gilensis_salensis_225             0.2068352 0.2624629 0.0624289 0.3054897 0.2207134 0.0759721 0.2884388 0.1699061 0.1508039 0.0951622 0.0619086 0.0645674 0.0086711 0.0602454 0.2291069 0.2334867 0.0116700 0.1634770 0.0901878 0.0119549 0.5077449 0.0173171 0.1088139 0.2213488 0.2164380 0.0164698 0.2420646 0.1067752 0.0591485 0.2802830 0.1740063 0.2598618 0.0767976 0.1908545 0.0223855 0.0638943 0.0854365 0.0168964 0.0918600 0.2323682 0.0019124 0.0000000 0.0808826 0.0832819 0.1186935 0.0183355 0.1413454 0.0462413 0.0132554 0.0901795 0.2120359 0.0227115 0.0173950 0.1130307 0.2441917 0.0724004 0.2062405 0.0922788 0.2315211 0.0136913 0.0496384 0.0625844 0.1508493 0.2196593 0.0646390 0.2139274 0.0859160 0.0542971 0.1365919 0.2385803 0.2238162 0.1131986 0.0186249 0.2263412 0.2256593 0.0279642 0.0898965 0.1333761 0.2231190 0.0218918 0.2273618 0.0127618 0.2091951 
Perityle_glaucescens_94                    0.2053000 0.2850094 0.0792301 0.3081892 0.2452135 0.0947670 0.2860798 0.1789485 0.1502383 0.0947652 0.0648817 0.1624132 0.0750269 0.1548419 0.2427754 0.2508432 0.0762425 0.1660035 0.1025345 0.0741099 0.5293564 0.0927765 0.1567811 0.2568569 0.2457352 0.0837831 0.2612067 0.1118350 0.0833338 0.2935901 0.2067778 0.3164689 0.0791361 0.2132182 0.0740674 0.0751968 0.0178735 0.0897829 0.0814900 0.2442869 0.0828565 0.0808826 0.0000000 0.0039017 0.1295610 0.0830027 0.1324856 0.1117275 0.0766172 0.0416626 0.2358691 0.0834501 0.0761728 0.1228675 0.2693817 0.0862037 0.2201254 0.1017958 0.2685558 0.0772817 0.0683383 0.0876589 0.1800265 0.2400837 0.0931670 0.2214231 0.0906535 0.0631440 0.1658743 0.2405674 0.2431472 0.1165011 0.0794564 0.2467545 0.2426364 0.0737045 0.0878685 0.1367875 0.2725174 0.0890263 0.2405057 0.0803824 0.2295098 
Perityle_harkerae_31                       0.2160987 0.2807528 0.0850048 0.3463876 0.2456803 0.0823095 0.2879796 0.1724922 0.1674105 0.1013929 0.0628746 0.1762339 0.0783898 0.0850776 0.2405239 0.2456524 0.0783735 0.1630606 0.0994199 0.0751738 0.5185005 0.0907347 0.1650776 0.2847601 0.2468696 0.0865596 0.2753101 0.1192469 0.0844589 0.2993231 0.2066938 0.2963568 0.0768916 0.2172142 0.1042114 0.0747386 0.0167406 0.0860735 0.0861281 0.2469417 0.0868517 0.0832819 0.0039017 0.0000000 0.1410487 0.0842400 0.1284038 0.1207666 0.0806159 0.0078467 0.2511912 0.0881221 0.0821400 0.1278273 0.2690386 0.0825376 0.2162504 0.0967047 0.2746109 0.0806366 0.0564023 0.0842915 0.1785740 0.2603258 0.0916607 0.2254304 0.0890443 0.0678153 0.1764281 0.2530049 0.2632601 0.1149979 0.0826440 0.2471839 0.2525488 0.0731943 0.0859971 0.1384272 0.2255431 0.0895969 0.2423104 0.0802091 0.2433927 
Perityle_hofmeisteria_4_nombre_de_dios     0.1861258 0.2404684 0.1224880 0.2800526 0.2253761 0.0825826 0.2515884 0.1669390 0.1522186 0.1061347 0.1131535 0.1407672 0.1308930 0.2038029 0.1872238 0.2127532 0.1107272 0.1486831 0.1072400 0.1160614 0.5117269 0.1153225 0.1539034 0.2062016 0.2231273 0.1264454 0.2357031 0.1299586 0.1247406 0.2415399 0.1819911 0.2615783 0.0788514 0.1871132 0.0673389 0.0884687 0.1276811 0.1024164 0.0627278 0.2052360 0.1327454 0.1186935 0.1295610 0.1410487 0.0000000 0.1205663 0.1371051 0.1005828 0.0857765 0.1860808 0.1986501 0.1079283 0.1174190 0.1758546 0.2311735 0.1008155 0.2012997 0.0860069 0.2340204 0.1297639 0.0453864 0.1257958 0.1610736 0.2084121 0.1320426 0.1783051 0.1617783 0.1286639 0.1703605 0.2107277 0.2151209 0.1258318 0.1053483 0.2088996 0.2152000 0.0720316 0.1270074 0.1496780 0.3015708 0.1153228 0.2164969 0.1353828 0.1987914 
