79
Amauria_brandeegeana_62                    0.0000000 0.0603747 0.0502079 0.2910819 0.1246506 0.2100582 0.2310524 0.0678124 0.2148757 0.0009881 0.1595623 0.1411260 0.1750088 0.0513117 0.1532662 0.1065314 0.2724957 0.0761528 0.0770361 0.2213271 0.0913275 0.0382416 0.1841706 0.1406726 0.0868052 0.1769067 0.1852060 0.4145962 0.1036132 0.0490372 0.0956172 0.3151854 0.0014076 0.1150867 0.2942984 0.1691988 0.0975895 0.1821610 0.0976179 0.0771250 0.1245906 0.0797271 0.1784605 0.1271963 0.1985686 0.1395421 0.1107536 0.1097606 0.1473689 0.1452446 0.1746906 0.1014723 0.0773739 0.0580901 0.1030724 0.1106448 0.0892445 0.0926767 0.0599041 0.1399904 0.0799190 0.1161709 0.1265102 0.1261250 0.1947877 0.1411681 0.0323594 0.1132009 0.1619089 0.0883773 0.1114795 0.0360910 0.1699715 0.1482551 0.1092672 0.1106523 0.0860637 0.1021620 0.2955182 
Amauria_carterae_99_mesa                   0.0603747 0.0000000 0.0481069 0.2651935 0.0790263 0.2305379 0.2189775 0.0695707 0.1510931 0.0533831 0.0964682 0.0640068 0.0495882 0.0387527 0.0699674 0.0483374 0.1570876 0.0622259 0.0561036 0.1506762 0.0518238 0.0424198 0.0564972 0.0526189 0.0558429 0.1024870 0.0660171 0.2649306 0.0428463 0.0456454 0.0640057 0.2237256 0.0518155 0.0560712 0.0991578 0.0979106 0.0479603 0.1023111 0.0558731 0.0443340 0.0540441 0.0491930 0.1043395 0.0512628 0.0432624 0.0520921 0.0540043 0.0546586 0.0469383 0.0571869 0.0968535 0.0502438 0.0415294 0.0646244 0.0929641 0.0633576 0.0528869 0.0725607 0.0768071 0.1136641 0.0772862 0.0533692 0.0733745 0.0596515 0.1054765 0.0905261 0.0367512 0.0774014 0.0595635 0.0594933 0.0575181 0.0385627 0.1255741 0.0622834 0.0550173 0.0472161 0.0733109 0.0573603 0.1372554 
Amauria_rotundifolia_SRR9119150            0.0502079 0.0481069 0.0000000 0.2895417 0.1557256 0.2198867 0.2306130 0.0686307 0.2209441 0.0623174 0.1946362 0.1391227 0.1779315 0.0522594 0.1608424 0.1323913 0.3036164 0.0777327 0.0740367 0.2191209 0.0971734 0.0334900 0.1893480 0.1488549 0.0891253 0.2144202 0.2074011 0.4202553 0.1104719 0.0499777 0.0952716 0.3325149 0.0169117 0.1323556 0.2873990 0.2048780 0.1029835 0.2023326 0.0960776 0.0816275 0.1257994 0.0781947 0.2053143 0.1532203 0.1995568 0.1498167 0.1375933 0.1061798 0.1557092 0.1547173 0.2094492 0.0971070 0.0905756 0.0513536 0.0986975 0.1362530 0.0900734 0.0739809 0.0712829 0.1425266 0.0757595 0.1481986 0.1309011 0.1544594 0.2274645 0.1752824 0.0340507 0.1092812 0.1669151 0.1006805 0.1159588 0.0377717 0.1796790 0.1509756 0.1202876 0.1264130 0.0738734 0.1275343 0.2902876 
Conoclinium_coelestinum_SRR9119114         0.2910819 0.2651935 0.2895417 0.0000000 0.3051004 0.2877564 0.0735417 0.1647262 0.3301584 0.2890113 0.3056607 0.3152291 0.2931740 0.2037228 0.2894413 0.2794365 0.3658810 0.2962050 0.2730473 0.2409565 0.2753033 0.2004945 0.3066379 0.2747138 0.3037619 0.3046051 0.3504977 0.3380302 0.1760019 0.1596692 0.2724274 0.2594102 0.2595224 0.2844318 0.2827413 0.3279127 0.2836206 0.3322320 0.2817541 0.2711785 0.3074374 0.2926646 0.3373180 0.2852256 0.2944127 0.2890780 0.2926837 0.3070061 0.3080338 0.3086005 0.3050676 0.2812137 0.2275754 0.2848092 0.2756986 0.2981008 0.2729984 0.2849938 0.1224430 0.3024986 0.2076016 0.2615173 0.3167812 0.3076350 0.3031338 0.2981092 0.1457782 0.2712137 0.3058286 0.3228988 0.3163203 0.1639632 0.3329062 0.3094565 0.2867232 0.2864576 0.2854609 0.2953767 0.3907694 
Eutetras_palmeri_63                        0.1246506 0.0790263 0.1557256 0.3051004 0.0000000 0.2225716 0.2413965 0.0677164 0.2049676 0.1463444 0.1525284 0.1536065 0.2082982 0.0798540 0.1865600 0.1777169 0.2984585 0.0845317 0.1013009 0.1843443 0.1324023 0.0434941 0.2264550 0.1876669 0.1191033 0.1541033 0.2520833 0.4056000 0.0876579 0.0818027 0.1157783 0.3105724 0.0793657 0.1508194 0.2867806 0.1448836 0.1299052 0.1443711 0.1169170 0.0997251 0.1514858 0.1031190 0.1497209 0.1848947 0.1976698 0.2127389 0.1640763 0.1349541 0.1676408 0.1743349 0.1470209 0.1264969 0.0972260 0.1003337 0.0836154 0.1634686 0.1176147 0.1146713 0.0719230 0.1388967 0.0738756 0.2014926 0.1472585 0.1305181 0.1520970 0.1136861 0.0415032 0.1203055 0.1895790 0.1246606 0.1305062 0.0436239 0.1397862 0.1804943 0.1516192 0.1480836 0.1111942 0.1487176 0.3170154 
Eutetras_pringlei_149_quer                 0.2100582 0.2305379 0.2198867 0.2877564 0.2225716 0.0000000 0.2225245 0.2477087 0.2905621 0.2244160 0.2685367 0.2061970 0.2296387 0.2106083 0.2757036 0.1925175 0.0000010 0.2818529 0.2019840 0.2093327 0.1983241 0.1435322 0.2596470 0.2118177 0.2464740 0.2461320 0.2216096 0.3583204 0.1752771 0.1356696 0.2253407 0.2064909 0.2178427 0.2107480 0.2202045 0.2687688 0.2193021 0.2830143 0.2543846 0.2081291 0.2522986 0.2255169 0.2870196 0.2033441 0.2219214 0.2335758 0.2090101 0.2346459 0.2007253 0.2573453 0.2461320 0.2181776 0.2233372 0.2121942 0.2623386 0.2338241 0.2336144 0.2457869 0.1792738 0.2837013 0.2389710 0.2108458 0.2571449 0.2679190 0.2720243 0.2612273 0.2162189 0.1726579 0.2412900 0.2481066 0.2652971 0.1977297 0.3065292 0.2794085 0.1975830 0.2201061 0.2284137 0.2073656 0.1959795 
Eutrochium_fistulosum_SRR9119106           0.2310524 0.2189775 0.2306130 0.0735417 0.2413965 0.2225245 0.0000000 0.0896318 0.2848585 0.2291876 0.2479390 0.2617305 0.2526379 0.1564548 0.2387873 0.2273173 0.3169964 0.2366684 0.2252003 0.1901769 0.2340338 0.1354540 0.2633870 0.2407338 0.2415408 0.2657346 0.2817715 0.3039809 0.1457832 0.1039807 0.2138761 0.2143533 0.2126764 0.2374143 0.2043451 0.2568802 0.2406365 0.2729138 0.2273319 0.2202001 0.2575421 0.2476432 0.2733098 0.2425805 0.2334531 0.2525730 0.2392581 0.2609394 0.2556095 0.2605131 0.2602998 0.2373324 0.1670982 0.2286662 0.2347298 0.2480986 0.2352789 0.2104650 0.0969333 0.2451893 0.1807852 0.2301716 0.2405297 0.2523413 0.2606986 0.2453534 0.1022435 0.2244282 0.2592056 0.2463717 0.2641633 0.1158987 0.2754392 0.2473970 0.2338998 0.2225577 0.2055227 0.2473128 0.2992831 
Galeana_pratensis_104_mex                  0.0678124 0.0695707 0.0686307 0.1647262 0.0677164 0.2477087 0.0896318 0.0000000 0.1252030 0.0652851 0.0807433 0.0911397 0.0766571 0.0808378 0.0955134 0.0796208 0.1086316 0.0884244 0.0784031 0.1047589 0.0834796 0.0991995 0.0989814 0.0814383 0.0934466 0.0866465 0.0930875 0.1712522 0.0542324 0.0656475 0.0824303 0.1223024 0.0657024 0.0753098 0.0997854 0.1005388 0.0811440 0.1090221 0.0786884 0.0717586 0.0944453 0.0759724 0.1064459 0.0767468 0.0626167 0.0800149 0.0866849 0.0872884 0.0863874 0.0979660 0.0862239 0.0775086 0.0894862 0.0806357 0.0873144 0.0908708 0.0835351 0.0947259 0.1150612 0.1085248 0.0751111 0.0641578 0.0956536 0.1003534 0.0950828 0.0839573 0.0617008 0.0596675 0.0816161 0.0944379 0.0987276 0.0765828 0.1136448 0.1118657 0.0765478 0.0755514 0.1050969 0.0858548 0.0955766 
Helianthus_annuus_SRR9119062               0.2148757 0.1510931 0.2209441 0.3301584 0.2049676 0.2905621 0.2848585 0.1252030 0.0000000 0.2062446 0.2236625 0.2058715 0.2388318 0.1345201 0.2036976 0.1927458 0.3320597 0.1783103 0.1674915 0.2320353 0.1894772 0.1074951 0.2494451 0.2091853 0.1836004 0.2406957 0.2547098 0.3659396 0.1372751 0.1380214 0.1839735 0.3100793 0.1527907 0.2014774 0.2472142 0.2397527 0.2005586 0.2490146 0.1802156 0.1709704 0.2303476 0.1821224 0.2459359 0.2156469 0.1995298 0.2131309 0.2006312 0.2245868 0.2255211 0.2260178 0.2376106 0.1888612 0.1397799 0.1649750 0.1695184 0.2027715 0.1854658 0.1972091 0.1179744 0.2065382 0.1391732 0.2009401 0.2288454 0.2215395 0.2435111 0.2140000 0.0956380 0.2070424 0.2234940 0.1986629 0.2067196 0.0937545 0.2581090 0.2198951 0.2004494 0.2013609 0.1873295 0.1944699 0.2895027 
Lycapsus_tenuifolius_17                    0.0009881 0.0533831 0.0623174 0.2890113 0.1463444 0.2244160 0.2291876 0.0652851 0.2062446 0.0000000 0.1995236 0.1341233 0.1690198 0.0458584 0.1461840 0.1281196 0.2752872 0.0770871 0.0698110 0.2198997 0.0849512 0.0378722 0.1876721 0.1644215 0.0779374 0.2098615 0.2137109 0.4140990 0.0832226 0.0403089 0.0843957 0.3082692 0.0000010 0.1068908 0.2908794 0.1951645 0.0897379 0.1911389 0.0847990 0.0692256 0.1172568 0.0741173 0.2052451 0.1528381 0.1708804 0.1625642 0.1376115 0.1043074 0.1376856 0.1335913 0.1991602 0.0876769 0.0696854 0.0470082 0.1029207 0.1409250 0.0825444 0.0842417 0.0685244 0.1341122 0.0807068 0.1431665 0.1132198 0.1525714 0.2297660 0.1760902 0.0190076 0.0883927 0.1616585 0.0719946 0.1018023 0.0336605 0.1631059 0.1458041 0.0995416 0.1105446 0.0810000 0.1269495 0.2941729 
Pericome_caudata_50_silver                 0.1595623 0.0964682 0.1946362 0.3056607 0.1525284 0.2685367 0.2479390 0.0807433 0.2236625 0.1995236 0.0000000 0.1706360 0.2321607 0.1062768 0.2843737 0.2154181 0.2717343 0.1382523 0.1125534 0.2165876 0.1528780 0.0916007 0.3088237 0.2119754 0.1849722 0.2134937 0.3267866 0.4081244 0.1410181 0.1126175 0.1972076 0.3177127 0.1036851 0.2155096 0.2878237 0.2137898 0.1487875 0.1753329 0.1891981 0.1798458 0.1752493 0.1173076 0.2060101 0.2663609 0.2424672 0.2323515 0.1932438 0.1565431 0.2282850 0.1974533 0.1780415 0.1437861 0.1799740 0.1145984 0.0729328 0.1976585 0.1388807 0.1246064 0.0880158 0.1263419 0.0702278 0.2668019 0.2258837 0.1880667 0.1931186 0.1886330 0.0583465 0.1591222 0.2684578 0.2144706 0.1772946 0.0754662 0.1383480 0.2509095 0.1799661 0.1659110 0.1334975 0.1861780 0.3475873 
Perityle_aglossa_84_dead_horse             0.1411260 0.0640068 0.1391227 0.3152291 0.1536065 0.2061970 0.2617305 0.0911397 0.2058715 0.1341233 0.1706360 0.0000000 0.1543633 0.0254479 0.1541848 0.0657576 0.2569324 0.0880995 0.0269106 0.2295537 0.0583130 0.0203602 0.1553896 0.1114949 0.0216192 0.1893864 0.1421194 0.3808895 0.1113695 0.0313108 0.0858119 0.3270774 0.0765784 0.0644840 0.2585941 0.1857602 0.0565537 0.1886857 0.0949345 0.0240168 0.0973545 0.0492865 0.1887323 0.0806504 0.1376283 0.1077077 0.0598724 0.0908011 0.1066993 0.1054203 0.1888037 0.0399080 0.0557754 0.0337933 0.1140463 0.0621002 0.0475140 0.0579697 0.0769899 0.1436578 0.0865826 0.0616633 0.0998434 0.1249471 0.1962554 0.1538991 0.0177178 0.1004425 0.1135488 0.0252766 0.0724074 0.0170929 0.1926498 0.1537261 0.0654299 0.0564047 0.0687024 0.0600599 0.2673333 
Perityle_ambrosiifolia_67_green            0.1750088 0.0495882 0.1779315 0.2931740 0.2082982 0.2296387 0.2526379 0.0766571 0.2388318 0.1690198 0.2321607 0.1543633 0.0000000 0.0197798 0.2150597 0.1022642 0.2383337 0.1058105 0.0313719 0.2675786 0.1341315 0.0169702 0.0218211 0.1443145 0.0372468 0.2587244 0.2379441 0.4302992 0.1891861 0.0395748 0.0977992 0.3616278 0.0708222 0.1345083 0.2935814 0.2511379 0.0925246 0.2607131 0.1219600 0.0024818 0.0168430 0.0603570 0.2521477 0.1314715 0.1750887 0.1372565 0.1330575 0.0156880 0.1296447 0.1277582 0.2590647 0.0656121 0.0642960 0.0321617 0.1064037 0.1358784 0.1154565 0.0649255 0.0757228 0.1760390 0.0775576 0.1313063 0.1569137 0.1713130 0.2550712 0.1884177 0.0177015 0.1403770 0.1484814 0.0258538 0.0776015 0.0122288 0.2477680 0.1915163 0.1364857 0.1312938 0.0711481 0.1313308 0.3023504 
Perityle_angustifolia_13_Eagle_creek       0.0513117 0.0387527 0.0522594 0.2037228 0.0798540 0.2106083 0.1564548 0.0808378 0.1345201 0.0458584 0.1062768 0.0254479 0.0197798 0.0000000 0.0603074 0.0138309 0.1066426 0.0607124 0.0172819 0.1375638 0.0137270 0.0244367 0.0214735 0.0155384 0.0154594 0.0908496 0.0244578 0.2126955 0.0360064 0.0347127 0.0633870 0.1829288 0.0479384 0.0173125 0.0967373 0.0818919 0.0075540 0.0996280 0.0447717 0.0139293 0.0212455 0.0137134 0.1042082 0.0038705 0.0367944 0.0154436 0.0196462 0.0234032 0.0135529 0.0172355 0.0864928 0.0000010 0.0384031 0.0185103 0.0850425 0.0230853 0.0154924 0.0391266 0.0731216 0.0978050 0.0833708 0.0163794 0.0427783 0.0483347 0.0969178 0.0828091 0.0100824 0.0361391 0.0228825 0.0189740 0.0192266 0.0166506 0.1305697 0.0579619 0.0194019 0.0078270 0.0620569 0.0195538 0.0893618 
Perityle_batopilensis_97                   0.1532662 0.0699674 0.1608424 0.2894413 0.1865600 0.2757036 0.2387873 0.0955134 0.2036976 0.1461840 0.2843737 0.1541848 0.2150597 0.0603074 0.0000000 0.1251915 0.3427675 0.0638656 0.0809758 0.2527704 0.1189733 0.0326251 0.2112585 0.1637104 0.0885784 0.2091152 0.2079168 0.4029548 0.1336022 0.0556452 0.1126438 0.3234288 0.0788849 0.1347823 0.1759746 0.2171110 0.1127933 0.2282158 0.0095485 0.0732065 0.1388205 0.0853587 0.2265222 0.1581551 0.1274276 0.1689151 0.1299048 0.1247599 0.1590536 0.1625494 0.2049549 0.0897889 0.1181591 0.0606201 0.1008742 0.1322526 0.1090990 0.0945779 0.0707146 0.1512042 0.0672005 0.1286656 0.1714496 0.1422196 0.2185285 0.2040562 0.0691900 0.1218057 0.1744927 0.1352090 0.1083787 0.0526869 0.2037705 0.1641629 0.1304223 0.1233470 0.0888448 0.1289913 0.1935167 
Perityle_bisetosa_9                        0.1065314 0.0483374 0.1323913 0.2794365 0.1777169 0.1925175 0.2273173 0.0796208 0.1927458 0.1281196 0.2154181 0.0657576 0.1022642 0.0138309 0.1251915 0.0000000 0.2250264 0.0649085 0.0168859 0.1830124 0.0193601 0.0081805 0.1292148 0.1091588 0.0117728 0.2142757 0.1493765 0.3653015 0.0835731 0.0269928 0.0754567 0.2815920 0.0634802 0.0286183 0.2923503 0.2022679 0.0123433 0.1953577 0.0681175 0.0146475 0.0572751 0.0227985 0.2092854 0.0955285 0.1472207 0.1147504 0.0616197 0.0548344 0.0682308 0.0639334 0.1888592 0.0232873 0.0417220 0.0265856 0.0985667 0.0647074 0.0149791 0.0491434 0.0639966 0.1404381 0.0684965 0.0796357 0.0674263 0.1230460 0.2249387 0.1866538 0.0051710 0.0762671 0.0845267 0.0161048 0.0343281 0.0073575 0.1777977 0.1243580 0.0266101 0.0253031 0.0567503 0.0551343 0.2867004 
Perityle_californica_76_positas            0.2724957 0.1570876 0.3036164 0.3658810 0.2984585 0.0000010 0.3169964 0.1086316 0.3320597 0.2752872 0.2717343 0.2569324 0.2383337 0.1066426 0.3427675 0.2250264 0.0000000 0.2876546 0.2418384 0.2681369 0.2267397 0.0000010 0.2391614 0.2547971 0.2608722 0.2643939 0.2605242 0.2669193 0.2905361 0.1096573 0.2291929 0.2729001 0.2752872 0.2336404 0.0541065 0.2908506 0.2745088 0.3150884 0.3317688 0.1192028 0.2300864 0.2607425 0.3007585 0.2249477 0.2401138 0.2686688 0.2309695 0.2454495 0.2905533 0.2761615 0.2852666 0.2365051 0.2143270 0.1143531 0.3240981 0.2379993 0.2267397 0.1442407 0.0582768 0.3060169 0.1349971 0.2589893 0.2632885 0.2820811 0.3182926 0.2490498 0.1449529 0.2981637 0.2462952 0.1545440 0.2759965 0.1062781 0.3210351 0.3189638 0.2234369 0.2418502 0.0976355 0.2315234 0.0529722 
Perityle_canescens_77                      0.0761528 0.0622259 0.0777327 0.2962050 0.0845317 0.2818529 0.2366684 0.0884244 0.1783103 0.0770871 0.1382523 0.0880995 0.1058105 0.0607124 0.0638656 0.0649085 0.2876546 0.0000000 0.0633120 0.1846790 0.0704655 0.0410058 0.1130309 0.0866506 0.0824139 0.0934670 0.1135278 0.2808860 0.0938094 0.0645644 0.0708400 0.2204159 0.0705730 0.0781980 0.1280744 0.0934447 0.0791328 0.1179784 0.0571645 0.0566460 0.1067523 0.0833032 0.1131037 0.0784538 0.0166965 0.0916406 0.0791015 0.1080148 0.0958461 0.0931471 0.0888366 0.0754339 0.1252119 0.0667193 0.0801042 0.0863165 0.0696511 0.0741802 0.0494615 0.0872021 0.0788984 0.0860676 0.1285631 0.0671384 0.1205004 0.0853903 0.0694530 0.0936737 0.1093644 0.1069727 0.0994080 0.0527149 0.1071921 0.0492295 0.0784578 0.0662453 0.0849292 0.0754759 0.1362007 
Perityle_castillonii_96                    0.0770361 0.0561036 0.0740367 0.2730473 0.1013009 0.2019840 0.2252003 0.0784031 0.1674915 0.0698110 0.1125534 0.0269106 0.0313719 0.0172819 0.0809758 0.0168859 0.2418384 0.0633120 0.0000000 0.1314665 0.0196268 0.0164155 0.0297060 0.0241480 0.0202504 0.1400719 0.0408062 0.3293346 0.0471568 0.0291863 0.0829446 0.2569354 0.0655871 0.0012356 0.2673705 0.1465238 0.0188331 0.1466344 0.0724150 0.0220623 0.0281814 0.0241297 0.1514010 0.0203094 0.1309717 0.0264716 0.0231402 0.0283154 0.0225801 0.0251127 0.1400264 0.0240233 0.0497580 0.0295986 0.1110108 0.0289180 0.0194072 0.0480745 0.0728568 0.1432887 0.0786026 0.0223845 0.0523525 0.0580669 0.1484062 0.1028309 0.0050813 0.0795959 0.0303148 0.0236812 0.0277369 0.0143539 0.1512244 0.0755223 0.0267954 0.0244406 0.0602740 0.0230665 0.2608313 
Perityle_cernua_84                         0.2213271 0.1506762 0.2191209 0.2409565 0.1843443 0.2093327 0.1901769 0.1047589 0.2320353 0.2198997 0.2165876 0.2295537 0.2675786 0.1375638 0.2527704 0.1830124 0.2681369 0.1846790 0.1314665 0.0000000 0.1803567 0.1090455 0.2965339 0.2300665 0.1370756 0.2044821 0.2905196 0.2860259 0.1656413 0.0992625 0.1456515 0.1838185 0.1530860 0.1944292 0.1470085 0.2114702 0.1684269 0.2288016 0.1761137 0.1214899 0.2096725 0.1577052 0.2264959 0.2130785 0.1246377 0.2301270 0.1824150 0.1956627 0.2183181 0.2290696 0.2063368 0.1452022 0.1112690 0.1436948 0.1245151 0.1925467 0.1680217 0.1478380 0.0727427 0.1233881 0.1176276 0.1770108 0.1755388 0.2299406 0.2077368 0.1961059 0.0709456 0.1530501 0.2470609 0.1387474 0.1812746 0.0986106 0.2262603 0.2610959 0.1809212 0.1883003 0.1713450 0.1872222 0.2044108 
Perityle_cfvillosa_25_tin                  0.0913275 0.0518238 0.0971734 0.2753033 0.1324023 0.1983241 0.2340338 0.0834796 0.1894772 0.0849512 0.1528780 0.0583130 0.1341315 0.0137270 0.1189733 0.0193601 0.2267397 0.0704655 0.0196268 0.1803567 0.0000000 0.0041069 0.1370074 0.0939121 0.0012260 0.1698562 0.1172758 0.3393363 0.0924107 0.0269991 0.0672472 0.2847349 0.0626790 0.0269967 0.2596451 0.1627181 0.0193219 0.1873482 0.0762095 0.0143255 0.0913677 0.0414129 0.1873960 0.0461278 0.1218084 0.0951764 0.0072926 0.0833074 0.0898543 0.0892126 0.1718130 0.0220315 0.0400172 0.0225863 0.1080797 0.0051610 0.0000010 0.0507195 0.0697875 0.1476676 0.0804514 0.0222576 0.0681655 0.0987872 0.1720580 0.1385132 0.0052543 0.0864574 0.0890911 0.0114648 0.0613196 0.0024401 0.1797400 0.1166673 0.0212471 0.0229477 0.0610200 0.0020801 0.2558397 
Perityle_cinerea_113_Powell1310            0.0382416 0.0424198 0.0334900 0.2004945 0.0434941 0.1435322 0.1354540 0.0991995 0.1074951 0.0378722 0.0916007 0.0203602 0.0169702 0.0244367 0.0326251 0.0081805 0.0000010 0.0410058 0.0164155 0.1090455 0.0041069 0.0000000 0.0327604 0.0203615 0.0081535 0.0541545 0.0250653 0.2164110 0.0275845 0.0153039 0.0503672 0.1706140 0.0382894 0.0162608 0.1116406 0.0684075 0.0164324 0.0820066 0.0205557 0.0127836 0.0283994 0.0122688 0.0916120 0.0165290 0.0305051 0.0161325 0.0041096 0.0204748 0.0162619 0.0283795 0.0541545 0.0205798 0.0631628 0.0249196 0.0440410 0.0080989 0.0081238 0.0327539 0.0633116 0.0834435 0.0543937 0.0185080 0.0328183 0.0411046 0.0851460 0.0808186 0.0101681 0.0154869 0.0161851 0.0201949 0.0326614 0.0123086 0.1057464 0.0453533 0.0123935 0.0082643 0.0365767 0.0040789 0.0416326 
Perityle_coahuilensis_24                   0.1841706 0.0564972 0.1893480 0.3066379 0.2264550 0.2596470 0.2633870 0.0989814 0.2494451 0.1876721 0.3088237 0.1553896 0.0218211 0.0214735 0.2112585 0.1292148 0.2391614 0.1130309 0.0297060 0.2965339 0.1370074 0.0327604 0.0000000 0.1453848 0.0337392 0.2584783 0.2327757 0.4652564 0.1892145 0.0346132 0.1085469 0.3661748 0.0763340 0.1415765 0.3089490 0.2579816 0.0890644 0.2710209 0.1238922 0.0108843 0.0037942 0.0561034 0.2569560 0.1384380 0.2002820 0.1456150 0.1517668 0.0134275 0.1211436 0.1175116 0.2737403 0.0627699 0.0935016 0.0372551 0.1100802 0.1516441 0.1143588 0.0586289 0.0866651 0.1808453 0.0810309 0.1418568 0.2110119 0.1619035 0.2827906 0.1999276 0.0230836 0.1386770 0.1639601 0.1137550 0.0660498 0.0194188 0.2478473 0.1828027 0.1328473 0.1349999 0.0723451 0.1500511 0.3140545 
Perityle_cochisensis_44_cave_creek         0.1406726 0.0526189 0.1488549 0.2747138 0.1876669 0.2118177 0.2407338 0.0814383 0.2091853 0.1644215 0.2119754 0.1114949 0.1443145 0.0155384 0.1637104 0.1091588 0.2547971 0.0866506 0.0241480 0.2300665 0.0939121 0.0203615 0.1453848 0.0000000 0.0229310 0.2231456 0.1824879 0.3810769 0.1309588 0.0320360 0.0720763 0.2998409 0.0678029 0.0940982 0.2309596 0.2101813 0.0621197 0.2035341 0.0951306 0.0072349 0.0890866 0.0118032 0.2288625 0.1148151 0.1053421 0.0222722 0.1264144 0.0876157 0.0196317 0.0113037 0.2082679 0.0286337 0.0449497 0.0316998 0.1043314 0.1319123 0.0809140 0.0551531 0.0723503 0.1429277 0.0740261 0.1336386 0.1081455 0.1544725 0.2363153 0.1969671 0.0101997 0.1092137 0.0338669 0.0162619 0.0216474 0.0120443 0.1985941 0.1427703 0.1073830 0.1000637 0.0677742 0.1129376 0.2215871 
Perityle_congesta_202                      0.0868052 0.0558429 0.0891253 0.3037619 0.1191033 0.2464740 0.2415408 0.0934466 0.1836004 0.0779374 0.1849722 0.0216192 0.0372468 0.0154594 0.0885784 0.0117728 0.2608722 0.0824139 0.0202504 0.1370756 0.0012260 0.0081535 0.0337392 0.0229310 0.0000000 0.1587283 0.0554217 0.3535870 0.0624000 0.0307098 0.0946944 0.2694001 0.0659088 0.0404074 0.2892551 0.1649506 0.0140807 0.1702549 0.0850391 0.0168274 0.0332754 0.0189506 0.1666748 0.0249704 0.1815814 0.0211948 0.0089882 0.0353500 0.0256452 0.0203562 0.1610409 0.0315299 0.0758957 0.0241923 0.1145763 0.0044735 0.0000010 0.0502260 0.0859506 0.1603637 0.0830090 0.0192946 0.0884550 0.0749798 0.1892346 0.1289404 0.0097249 0.0846288 0.0299758 0.0632315 0.0228660 0.0000010 0.1591892 0.0900910 0.0129988 0.0159855 0.0623221 0.0046829 0.2976271 
Perityle_cordifolia_27                     0.1769067 0.1024870 0.2144202 0.3046051 0.1541033 0.2461320 0.2657346 0.0866465 0.2406957 0.2098615 0.2134937 0.1893864 0.2587244 0.0908496 0.2091152 0.2142757 0.2643939 0.0934670 0.1400719 0.2044821 0.1698562 0.0541545 0.2584783 0.2231456 0.1587283 0.0000000 0.2919989 0.3998659 0.1292792 0.0740813 0.1799049 0.3257239 0.1019986 0.1970149 0.2771849 0.1333427 0.1676975 0.1100468 0.1320676 0.1644908 0.2003581 0.1459250 0.1065669 0.2458755 0.2093216 0.2592095 0.2074415 0.1796012 0.2188172 0.2182807 0.0079585 0.1602804 0.1810256 0.1095188 0.0255946 0.2072025 0.1557763 0.1329108 0.0524832 0.1027355 0.0082176 0.2371621 0.2831708 0.1310363 0.1502113 0.0855874 0.0656218 0.1763154 0.2728035 0.2744188 0.1807367 0.0716522 0.0999573 0.2154465 0.1928703 0.1821844 0.1090819 0.1991848 0.3563385 
Perityle_cordifolia_68_tecolote            0.1852060 0.0660171 0.2074011 0.3504977 0.2520833 0.2216096 0.2817715 0.0930875 0.2547098 0.2137109 0.3267866 0.1421194 0.2379441 0.0244578 0.2079168 0.1493765 0.2605242 0.1135278 0.0408062 0.2905196 0.1172758 0.0250653 0.2327757 0.1824879 0.0554217 0.2919989 0.0000000 0.4774645 0.1664461 0.0360925 0.1258541 0.3929790 0.0698008 0.1174511 0.3114674 0.2685855 0.0841893 0.2721105 0.1193929 0.0617155 0.1716512 0.0724936 0.2721208 0.1759178 0.2241653 0.1706873 0.1670582 0.1569017 0.1528611 0.1505534 0.2963287 0.0835694 0.1028408 0.0018054 0.1253321 0.1658624 0.1020892 0.0624186 0.0844657 0.1856634 0.0918371 0.1802291 0.1590409 0.1826806 0.2950423 0.2358105 0.0228888 0.1356891 0.1694909 0.1087181 0.1081031 0.0223170 0.2395122 0.1980942 0.1373025 0.1280045 0.0756047 0.1557952 0.3151805 
Perityle_coronopifolia_28_patagonia        0.4145962 0.2649306 0.4202553 0.3380302 0.4056000 0.3583204 0.3039809 0.1712522 0.3659396 0.4140990 0.4081244 0.3808895 0.4302992 0.2126955 0.4029548 0.3653015 0.2669193 0.2808860 0.3293346 0.2860259 0.3393363 0.2164110 0.4652564 0.3810769 0.3535870 0.3998659 0.4774645 0.0000000 0.1907368 0.1530080 0.3771512 0.4124249 0.2920107 0.4027980 0.3886337 0.4190839 0.3561228 0.4189311 0.3475517 0.3641276 0.4054672 0.3492994 0.4267658 0.4087433 0.3601574 0.4129098 0.3596345 0.3885326 0.4211624 0.4175845 0.3929389 0.3513737 0.2548127 0.2844289 0.2691378 0.3749024 0.3347187 0.3185569 0.0828783 0.3091455 0.2103204 0.3611913 0.3727591 0.4055033 0.3922074 0.3864884 0.1237426 0.3577858 0.4262394 0.4046121 0.3869191 0.1682609 0.4061062 0.4130286 0.3743714 0.3558814 0.2430487 0.3688939 0.4515407 
Perityle_crassifolia_70_ventanas           0.1036132 0.0428463 0.1104719 0.1760019 0.0876579 0.1752771 0.1457832 0.0542324 0.1372751 0.0832226 0.1410181 0.1113695 0.1891861 0.0360064 0.1336022 0.0835731 0.2905361 0.0938094 0.0471568 0.1656413 0.0924107 0.0275845 0.1892145 0.1309588 0.0624000 0.1292792 0.1664461 0.1907368 0.0000000 0.0091512 0.0366395 0.1661726 0.0422284 0.0977564 0.0414496 0.1191173 0.0779366 0.1422043 0.0905187 0.0361025 0.1601237 0.0794944 0.1439731 0.1160472 0.0377829 0.1367343 0.0967510 0.1490636 0.1320563 0.1314790 0.1275608 0.0546666 0.0611871 0.0329290 0.0766953 0.1056762 0.0898962 0.0381351 0.0712325 0.0831441 0.0690151 0.0955207 0.1019878 0.1266743 0.1258209 0.1102880 0.0305325 0.0067701 0.1464142 0.0447593 0.1235106 0.0296311 0.1241502 0.1329323 0.0888336 0.0889685 0.0532959 0.0936895 0.0219270 
Perityle_crassifolia_74_playa_balandra     0.0490372 0.0456454 0.0499777 0.1596692 0.0818027 0.1356696 0.1039807 0.0656475 0.1380214 0.0403089 0.1126175 0.0313108 0.0395748 0.0347127 0.0556452 0.0269928 0.1096573 0.0645644 0.0291863 0.0992625 0.0269991 0.0153039 0.0346132 0.0320360 0.0307098 0.0740813 0.0360925 0.1530080 0.0091512 0.0000000 0.0375051 0.1290662 0.0435735 0.0264372 0.0577583 0.0966021 0.0307364 0.1114228 0.0413946 0.0320699 0.0367522 0.0294276 0.1081354 0.0298108 0.0317267 0.0314933 0.0271705 0.0319469 0.0289339 0.0440664 0.0799627 0.0289100 0.0326278 0.0350214 0.0904294 0.0391832 0.0264947 0.0453496 0.0825671 0.1106192 0.0716425 0.0395649 0.0559153 0.0572814 0.1050251 0.0860131 0.0305718 0.0000010 0.0390234 0.0451207 0.0471700 0.0248956 0.1064889 0.0585243 0.0294748 0.0257642 0.0647717 0.0325207 0.0881635 
Perityle_cuneata_34_cuneata_San_antonio    0.0956172 0.0640057 0.0952716 0.2724274 0.1157783 0.2253407 0.2138761 0.0824303 0.1839735 0.0843957 0.1972076 0.0858119 0.0977992 0.0633870 0.1126438 0.0754567 0.2291929 0.0708400 0.0829446 0.1456515 0.0672472 0.0503672 0.1085469 0.0720763 0.0946944 0.1799049 0.1258541 0.3771512 0.0366395 0.0375051 0.0000000 0.2874025 0.0611174 0.1144899 0.3159032 0.1724889 0.0793260 0.1622656 0.1062291 0.0956927 0.0934631 0.0852994 0.1700373 0.0990177 0.1978249 0.0888738 0.0841314 0.0889285 0.0945604 0.1000506 0.1684768 0.1027140 0.1185756 0.0703914 0.1018136 0.0810523 0.0691802 0.0889735 0.0684373 0.1631223 0.0785106 0.0979453 0.1679541 0.0967569 0.1881807 0.1426035 0.0526413 0.1004548 0.1278871 0.1602155 0.0974697 0.0518301 0.1653767 0.1122805 0.0904662 0.0851004 0.0935208 0.0786743 0.2749291 
Perityle_cuneata_4                         0.3151854 0.2237256 0.3325149 0.2594102 0.3105724 0.2064909 0.2143533 0.1223024 0.3100793 0.3082692 0.3177127 0.3270774 0.3616278 0.1829288 0.3234288 0.2815920 0.2729001 0.2204159 0.2569354 0.1838185 0.2847349 0.1706140 0.3661748 0.2998409 0.2694001 0.3257239 0.3929790 0.4124249 0.1661726 0.1290662 0.2874025 0.0000000 0.2373530 0.2946247 0.3472154 0.3137911 0.2754112 0.3351587 0.2700688 0.2599727 0.3176101 0.2736134 0.3404066 0.3125401 0.3227008 0.3241773 0.2842311 0.3016776 0.3255190 0.3287294 0.3247625 0.2700984 0.1844565 0.2194452 0.2157787 0.2963849 0.2723900 0.2698129 0.0909285 0.2820338 0.1722938 0.2888694 0.3175781 0.3192976 0.3113150 0.3009152 0.1066982 0.2803278 0.3347392 0.2901335 0.2880434 0.1457501 0.3326401 0.3398708 0.2952574 0.2867416 0.1973272 0.2916122 0.3710158 
Perityle_discoidea_81                      0.0014076 0.0518155 0.0169117 0.2595224 0.0793657 0.2178427 0.2126764 0.0657024 0.1527907 0.0000010 0.1036851 0.0765784 0.0708222 0.0479384 0.0788849 0.0634802 0.2752872 0.0705730 0.0655871 0.1530860 0.0626790 0.0382894 0.0763340 0.0678029 0.0659088 0.1019986 0.0698008 0.2920107 0.0422284 0.0435735 0.0611174 0.2373530 0.0000000 0.0620420 0.1842046 0.1176430 0.0686317 0.1161812 0.0717350 0.0489155 0.0756322 0.0618420 0.1247290 0.0619633 0.0698935 0.0687468 0.0675415 0.0726465 0.0687097 0.0714640 0.0986647 0.0642074 0.0540065 0.0492569 0.1031121 0.0763262 0.0606301 0.0840963 0.0703330 0.1124145 0.0809859 0.0689423 0.0878428 0.0624194 0.1102786 0.0884232 0.0218280 0.0711827 0.0732993 0.0593118 0.0764556 0.0339679 0.1231534 0.0812983 0.0602857 0.0606100 0.0818270 0.0626404 0.1835263 
Perityle_dissecta_201                      0.1150867 0.0560712 0.1323556 0.2844318 0.1508194 0.2107480 0.2374143 0.0753098 0.2014774 0.1068908 0.2155096 0.0644840 0.1345083 0.0173125 0.1347823 0.0286183 0.2336404 0.0781980 0.0012356 0.1944292 0.0269967 0.0162608 0.1415765 0.0940982 0.0404074 0.1970149 0.1174511 0.4027980 0.0977564 0.0264372 0.1144899 0.2946247 0.0620420 0.0000000 0.2971327 0.1914080 0.0220001 0.2143499 0.0963182 0.0473330 0.0918970 0.0397091 0.2106049 0.0725972 0.1901608 0.0949619 0.0388530 0.0849175 0.1009031 0.0998022 0.1989492 0.0465651 0.0937449 0.0295222 0.1062845 0.0351349 0.0218156 0.0480605 0.0728976 0.1608868 0.0765175 0.0436226 0.1020007 0.0967872 0.2097879 0.1621587 0.0050792 0.1011053 0.1210788 0.0935300 0.0681399 0.0143907 0.1959191 0.1281114 0.0488986 0.0370478 0.0601960 0.0308689 0.2994905 
Perityle_emoryi_47_punta_san_jose          0.2942984 0.0991578 0.2873990 0.2827413 0.2867806 0.2202045 0.2043451 0.0997854 0.2472142 0.2908794 0.2878237 0.2585941 0.2935814 0.0967373 0.1759746 0.2923503 0.0541065 0.1280744 0.2673705 0.1470085 0.2596451 0.1116406 0.3089490 0.2309596 0.2892551 0.2771849 0.3114674 0.3886337 0.0414496 0.0577583 0.3159032 0.3472154 0.1842046 0.2971327 0.0000000 0.3378356 0.2741993 0.3431326 0.1717780 0.2918682 0.3031209 0.2879975 0.3355875 0.2971733 0.2902028 0.2925507 0.3052175 0.2984426 0.2863903 0.3020910 0.2764448 0.2889254 0.2263247 0.1311442 0.1353266 0.2959860 0.2621611 0.2030679 0.0420036 0.2844117 0.0332314 0.2605157 0.3067381 0.3114082 0.2511307 0.2932032 0.0223089 0.2666250 0.3015265 0.2935403 0.2977125 0.0859837 0.3204403 0.2655156 0.2894583 0.2988604 0.1251551 0.3057661 0.2808968 
Perityle_feddemae_99                       0.1691988 0.0979106 0.2048780 0.3279127 0.1448836 0.2687688 0.2568802 0.1005388 0.2397527 0.1951645 0.2137898 0.1857602 0.2511379 0.0818919 0.2171110 0.2022679 0.2908506 0.0934447 0.1465238 0.2114702 0.1627181 0.0684075 0.2579816 0.2101813 0.1649506 0.1333427 0.2685855 0.4190839 0.1191173 0.0966021 0.1724889 0.3137911 0.1176430 0.1914080 0.3378356 0.0000000 0.1650928 0.0843889 0.1409673 0.1637232 0.1963059 0.1489756 0.0952297 0.2349611 0.2087528 0.2377737 0.1957265 0.1808704 0.2104100 0.2067351 0.1050237 0.1515098 0.1571381 0.1100164 0.0607537 0.1941086 0.1526468 0.1585783 0.0703380 0.0936739 0.0483852 0.2145179 0.2918436 0.1537844 0.1474245 0.0738435 0.0631994 0.1659629 0.2648114 0.2648936 0.1762006 0.0687752 0.0937419 0.2046432 0.1822926 0.1746282 0.1328450 0.1845173 0.3548013 
Perityle_fosteri_93                        0.0975895 0.0479603 0.1029835 0.2836206 0.1299052 0.2193021 0.2406365 0.0811440 0.2005586 0.0897379 0.1487875 0.0565537 0.0925246 0.0075540 0.1127933 0.0123433 0.2745088 0.0791328 0.0188331 0.1684269 0.0193219 0.0164324 0.0890644 0.0621197 0.0140807 0.1676975 0.0841893 0.3561228 0.0779366 0.0307364 0.0793260 0.2754112 0.0686317 0.0220001 0.2741993 0.1650928 0.0000000 0.1727095 0.0785271 0.0177193 0.0610616 0.0270972 0.1742546 0.0186172 0.1311887 0.0591708 0.0244133 0.0583846 0.0567102 0.0585958 0.1671752 0.0174525 0.0474449 0.0218929 0.1110222 0.0248032 0.0179276 0.0469653 0.0753481 0.1467784 0.0776295 0.0248510 0.0660799 0.0891674 0.1780367 0.1335372 0.0024533 0.0812087 0.0676909 0.0148439 0.0392338 0.0142586 0.1734330 0.1137846 0.0220186 0.0253743 0.0606493 0.0210919 0.2577748 
Perityle_gamon_221                         0.1821610 0.1023111 0.2023326 0.3322320 0.1443711 0.2830143 0.2729138 0.1090221 0.2490146 0.1911389 0.1753329 0.1886857 0.2607131 0.0996280 0.2282158 0.1953577 0.3150884 0.1179784 0.1466344 0.2288016 0.1873482 0.0820066 0.2710209 0.2035341 0.1702549 0.1100468 0.2721105 0.4189311 0.1422043 0.1114228 0.1622656 0.3351587 0.1161812 0.2143499 0.3431326 0.0843889 0.1727095 0.0000000 0.1601482 0.1576854 0.2020338 0.1533853 0.0250026 0.2373682 0.1940183 0.2069901 0.2063796 0.1810611 0.2195214 0.2155683 0.1061277 0.1693682 0.1483680 0.1187892 0.0658940 0.2005125 0.1679624 0.1567645 0.0746538 0.1006368 0.0530156 0.2081418 0.2012308 0.1626473 0.1417709 0.0728079 0.0844595 0.1781580 0.2450491 0.1937747 0.1813606 0.0874766 0.1071678 0.2204892 0.2023795 0.1959526 0.1460287 0.1947569 0.3537857 
Perityle_gentryi_8_san_francisco           0.0976179 0.0558731 0.0960776 0.2817541 0.1169170 0.2543846 0.2273319 0.0786884 0.1802156 0.0847990 0.1891981 0.0949345 0.1219600 0.0447717 0.0095485 0.0681175 0.3317688 0.0571645 0.0724150 0.1761137 0.0762095 0.0205557 0.1238922 0.0951306 0.0850391 0.1320676 0.1193929 0.3475517 0.0905187 0.0413946 0.1062291 0.2700688 0.0717350 0.0963182 0.1717780 0.1409673 0.0785271 0.1601482 0.0000000 0.0677196 0.1219051 0.0785213 0.1593438 0.0850718 0.1120731 0.0996100 0.0819512 0.1181031 0.1053794 0.1052257 0.1231105 0.0809743 0.0895075 0.0498362 0.0993646 0.0865393 0.0753015 0.0871061 0.0612035 0.1485934 0.0634079 0.0890554 0.1278598 0.0641064 0.1475100 0.1324007 0.0552603 0.1154884 0.1086607 0.1147545 0.1004154 0.0377075 0.1565741 0.0857542 0.0909246 0.0788618 0.0771243 0.0804304 0.1879332 
Perityle_gilensis_22_Superstition          0.0771250 0.0443340 0.0816275 0.2711785 0.0997251 0.2081291 0.2202001 0.0717586 0.1709704 0.0692256 0.1798458 0.0240168 0.0024818 0.0139293 0.0732065 0.0146475 0.1192028 0.0566460 0.0220623 0.1214899 0.0143255 0.0127836 0.0108843 0.0072349 0.0168274 0.1644908 0.0617155 0.3641276 0.0361025 0.0320699 0.0956927 0.2599727 0.0489155 0.0473330 0.2918682 0.1637232 0.0177193 0.1576854 0.0677196 0.0000000 0.0085132 0.0080525 0.1520716 0.0245914 0.1937461 0.0093493 0.0235694 0.0090753 0.0079559 0.0096935 0.1649508 0.0356116 0.0743318 0.0266839 0.0900324 0.0222718 0.0155255 0.0547662 0.0594802 0.1600565 0.0738521 0.0263618 0.0876852 0.0629155 0.1790771 0.1207290 0.0127653 0.0799654 0.0346703 0.0679358 0.0115769 0.0098435 0.1559939 0.0767209 0.0198435 0.0248250 0.0622793 0.0189349 0.3102489 
Perityle_gilensis_salensis_225             0.1245906 0.0540441 0.1257994 0.3074374 0.1514858 0.2522986 0.2575421 0.0944453 0.2303476 0.1172568 0.1752493 0.0973545 0.0168430 0.0212455 0.1388205 0.0572751 0.2300864 0.1067523 0.0281814 0.2096725 0.0913677 0.0283994 0.0037942 0.0890866 0.0332754 0.2003581 0.1716512 0.4054672 0.1601237 0.0367522 0.0934631 0.3176101 0.0756322 0.0918970 0.3031209 0.1963059 0.0610616 0.2020338 0.1219051 0.0085132 0.0000000 0.0544604 0.1959519 0.0823936 0.1836714 0.0870869 0.0915570 0.0112734 0.0795695 0.0756354 0.2018407 0.0594599 0.0640783 0.0350542 0.1090261 0.0928076 0.0864831 0.0562834 0.0797806 0.1780149 0.0776613 0.0813073 0.1234021 0.1009524 0.2110577 0.1373972 0.0201880 0.1391639 0.0935127 0.0197449 0.0655977 0.0167319 0.1925382 0.1236566 0.0900221 0.0852465 0.0689814 0.0905250 0.3002399 
Perityle_gracilis_11                       0.0797271 0.0491930 0.0781947 0.2926646 0.1031190 0.2255169 0.2476432 0.0759724 0.1821224 0.0741173 0.1173076 0.0492865 0.0603570 0.0137134 0.0853587 0.0227985 0.2607425 0.0833032 0.0241297 0.1577052 0.0414129 0.0122688 0.0561034 0.0118032 0.0189506 0.1459250 0.0724936 0.3492994 0.0794944 0.0294276 0.0852994 0.2736134 0.0618420 0.0397091 0.2879975 0.1489756 0.0270972 0.1533853 0.0785213 0.0080525 0.0544604 0.0000000 0.1564187 0.0349721 0.1365160 0.0021744 0.0443915 0.0584873 0.0131946 0.0065354 0.1457309 0.0292545 0.0442942 0.0281471 0.1096616 0.0459785 0.0385323 0.0535732 0.0725055 0.1428414 0.0720747 0.0374162 0.0702555 0.0686120 0.1641507 0.1041108 0.0051118 0.1020780 0.0210909 0.0122526 0.0165520 0.0071821 0.1518225 0.0805667 0.0454188 0.0402553 0.0607211 0.0387490 0.2720523 
Perityle_hofmeisteria_4_nombre_de_dios     0.1784605 0.1043395 0.2053143 0.3373180 0.1497209 0.2870196 0.2733098 0.1064459 0.2459359 0.2052451 0.2060101 0.1887323 0.2521477 0.1042082 0.2265222 0.2092854 0.3007585 0.1131037 0.1514010 0.2264959 0.1873960 0.0916120 0.2569560 0.2288625 0.1666748 0.1065669 0.2721208 0.4267658 0.1439731 0.1081354 0.1700373 0.3404066 0.1247290 0.2106049 0.3355875 0.0952297 0.1742546 0.0250026 0.1593438 0.1520716 0.1959519 0.1564187 0.0000000 0.2483747 0.1993399 0.2364032 0.2137232 0.1793248 0.2176427 0.2141399 0.1018109 0.1697603 0.1715833 0.1188732 0.0704097 0.2143632 0.1681224 0.1586613 0.0702862 0.0990056 0.0505974 0.2136165 0.2649257 0.1636108 0.1535365 0.0804466 0.0786702 0.1746827 0.2773678 0.2621339 0.1826087 0.0874765 0.1039107 0.2156857 0.1996288 0.1918685 0.1517224 0.2014802 0.3574192 
Perityle_huecosensis_48                    0.1271963 0.0512628 0.1532203 0.2852256 0.1848947 0.2033441 0.2425805 0.0767468 0.2156469 0.1528381 0.2663609 0.0806504 0.1314715 0.0038705 0.1581551 0.0955285 0.2249477 0.0784538 0.0203094 0.2130785 0.0461278 0.0165290 0.1384380 0.1148151 0.0249704 0.2458755 0.1759178 0.4087433 0.1160472 0.0298108 0.0990177 0.3125401 0.0619633 0.0725972 0.2971733 0.2349611 0.0186172 0.2373682 0.0850718 0.0245914 0.0823936 0.0349721 0.2483747 0.0000000 0.1866545 0.1158809 0.0936406 0.0760666 0.0854540 0.0893576 0.2489810 0.0284705 0.0775879 0.0260702 0.1056225 0.1002883 0.0297820 0.0503872 0.0603300 0.1628524 0.0846092 0.1051480 0.1133967 0.1510013 0.2612135 0.2091878 0.0077766 0.1038240 0.1138415 0.0822735 0.0566408 0.0121875 0.2000072 0.1475890 0.0548197 0.0645512 0.0637084 0.0837331 0.3138310 
Perityle_incana_3_ucla                     0.1985686 0.0432624 0.1995568 0.2944127 0.1976698 0.2219214 0.2334531 0.0626167 0.1995298 0.1708804 0.2424672 0.1376283 0.1750887 0.0367944 0.1274276 0.1472207 0.2401138 0.0166965 0.1309717 0.1246377 0.1218084 0.0305051 0.2002820 0.1053421 0.1815814 0.2093216 0.2241653 0.3601574 0.0377829 0.0317267 0.1978249 0.3227008 0.0698935 0.1901608 0.2902028 0.2087528 0.1311887 0.1940183 0.1120731 0.1937461 0.1836714 0.1365160 0.1993399 0.1866545 0.0000000 0.1405368 0.1529541 0.1578665 0.1873854 0.1900198 0.2028093 0.1641262 0.1962251 0.0569831 0.0714904 0.1599160 0.1253243 0.1109445 0.0564002 0.2041093 0.0566335 0.1944143 0.2226788 0.1801111 0.1515818 0.1726305 0.0342315 0.1946284 0.1959139 0.2163701 0.1947472 0.0377101 0.2009769 0.1733136 0.1782211 0.1510807 0.0651235 0.1442560 0.3505821 
Perityle_intricata_59_Clark_mtns           0.1395421 0.0520921 0.1498167 0.2890780 0.2127389 0.2335758 0.2525730 0.0800149 0.2131309 0.1625642 0.2323515 0.1077077 0.1372565 0.0154436 0.1689151 0.1147504 0.2686688 0.0916406 0.0264716 0.2301270 0.0951764 0.0161325 0.1456150 0.0222722 0.0211948 0.2592095 0.1706873 0.4129098 0.1367343 0.0314933 0.0888738 0.3241773 0.0687468 0.0949619 0.2925507 0.2377737 0.0591708 0.2069901 0.0996100 0.0093493 0.0870869 0.0021744 0.2364032 0.1158809 0.1405368 0.0000000 0.1251943 0.0848575 0.0262931 0.0115326 0.2244702 0.0314789 0.0472345 0.0295042 0.1132905 0.1288025 0.0796640 0.0546191 0.0752454 0.1480634 0.0753419 0.1369105 0.1063220 0.1495887 0.2578235 0.2206067 0.0050060 0.1168628 0.0268270 0.0121432 0.0298642 0.0094111 0.2070309 0.1443738 0.1017771 0.0969279 0.0643460 0.1126727 0.2721932 
Perityle_inyoensis_9_pleasant              0.1107536 0.0540043 0.1375933 0.2926837 0.1640763 0.2090101 0.2392581 0.0866849 0.2006312 0.1376115 0.1932438 0.0598724 0.1330575 0.0196462 0.1299048 0.0616197 0.2309695 0.0791015 0.0231402 0.1824150 0.0072926 0.0041096 0.1517668 0.1264144 0.0089882 0.2074415 0.1670582 0.3596345 0.0967510 0.0271705 0.0841314 0.2842311 0.0675415 0.0388530 0.3052175 0.1957265 0.0244133 0.2063796 0.0819512 0.0235694 0.0915570 0.0443915 0.2137232 0.0936406 0.1529541 0.1251943 0.0000000 0.0835559 0.0938701 0.0919515 0.1956453 0.0352368 0.0533407 0.0283401 0.1120274 0.0135987 0.0042714 0.0542488 0.0702645 0.1579508 0.0834253 0.0680662 0.0758348 0.1268797 0.2195735 0.1778458 0.0078807 0.0934818 0.1020659 0.0221040 0.0633044 0.0024245 0.1885356 0.1310396 0.0246044 0.0249347 0.0662017 0.0131104 0.2965522 
