82
Amauria_brandeegeana_62                    0.0000000 0.1943057 0.2488393 0.2995291 0.2241522 0.1955070 0.2387193 0.2071863 0.2966390 0.2208017 0.2623550 0.1735237 0.2212994 0.1846881 0.1480250 0.2165219 0.1577703 0.1349674 0.1756040 0.1742200 0.1568471 0.1909145 0.4269033 0.1914081 0.1628359 0.1924662 0.2102984 0.2341215 0.1700901 0.1991672 0.1288542 0.1470478 0.1838263 0.1894800 0.2589625 0.1823126 0.2349485 0.1957414 0.1881278 0.1953249 0.2256828 0.1828287 0.2004612 0.2461485 0.1823034 0.0956409 0.1988594 0.1994513 0.2437065 0.1925767 0.1377681 0.1736770 0.2160668 0.1808491 0.2474929 0.1322474 0.1449154 0.1960737 0.1953120 0.1579848 0.0937909 0.2401091 0.0908012 0.1875354 0.1421326 0.1686256 0.2517679 0.0621009 0.1905904 0.1892051 0.1894881 0.1958959 0.1979348 0.1955956 0.0921724 0.2348299 0.2419615 0.1858833 0.1573040 0.1223685 0.2010670 0.1887468 
Amauria_carterae_99_mesa                   0.1943057 0.0000000 0.1299113 0.2936993 0.2302039 0.4371128 0.3211236 0.2873231 0.3050218 0.1367172 0.2210528 0.1768313 0.2175645 0.1997106 0.1831155 0.2203226 0.1551312 0.0755237 0.1947684 0.2074566 0.1770154 0.2177414 0.3604200 0.2043863 0.1716378 0.2131705 0.2315461 0.2391457 0.2226809 0.1954504 0.1571723 0.1464287 0.1941258 0.1747223 0.2285671 0.2080708 0.2167746 0.2188971 0.1965681 0.2021221 0.2119602 0.2028726 0.2098382 0.2321706 0.2134734 0.1641207 0.2032033 0.2074540 0.2309242 0.1966227 0.1918551 0.2164081 0.2221831 0.1939665 0.1198693 0.1942648 0.1430997 0.2100352 0.2183382 0.1177803 0.1249914 0.2162202 0.1056707 0.1858693 0.2176606 0.2249736 0.2482650 0.0809040 0.1934411 0.2042215 0.2008124 0.2116865 0.2142491 0.2040008 0.0980141 0.2524045 0.2114582 0.2098197 0.2101917 0.1555734 0.2154643 0.1757810 
Amauria_rotundifolia_SRR9119150            0.2488393 0.1299113 0.0000000 0.2719754 0.2626129 0.4210903 0.2933584 0.3082806 0.3246821 0.2421337 0.2919608 0.2497517 0.2835513 0.2696791 0.2269495 0.3022023 0.2230078 0.1361440 0.2790060 0.2570707 0.2141404 0.2701844 0.4327775 0.2682737 0.2046420 0.2738668 0.2876811 0.2805767 0.2373246 0.2450177 0.1503909 0.1533985 0.2683173 0.2394788 0.2889257 0.2725965 0.2862262 0.2972479 0.2536080 0.2644030 0.2569426 0.2594897 0.2394562 0.3102226 0.2448387 0.1604714 0.2820679 0.2738819 0.3124710 0.2668983 0.2047114 0.2329388 0.3079170 0.2570254 0.1810208 0.1604130 0.1408621 0.2751718 0.2717306 0.1155813 0.1687251 0.2990328 0.1325220 0.2428945 0.1989255 0.2533628 0.2999321 0.0844083 0.2631665 0.2671053 0.2305513 0.2774082 0.2832315 0.2834671 0.1224062 0.2841941 0.2843264 0.2868176 0.2269142 0.1411745 0.2794217 0.2327547 
Conoclinium_coelestinum_SRR9119114         0.2995291 0.2936993 0.2719754 0.0000000 0.2626543 0.2865231 0.1119318 0.2529592 0.3139751 0.2899419 0.2902100 0.2636335 0.2802370 0.2866157 0.2611852 0.2835080 0.2546333 0.2141466 0.2578131 0.2483678 0.2449970 0.2788190 0.5630108 0.2973448 0.2856343 0.2823222 0.2959592 0.2836410 0.2619615 0.3084827 0.2548525 0.2481405 0.2714013 0.2721965 0.2987036 0.2795351 0.2837430 0.2797996 0.2868897 0.2940681 0.2863235 0.2543043 0.2361158 0.3104596 0.2719328 0.1900596 0.2833105 0.2800233 0.3031756 0.2814432 0.2273526 0.2566551 0.3003859 0.2728782 0.2663892 0.2364276 0.2580600 0.2757042 0.2764629 0.2450653 0.1864370 0.3220598 0.2177129 0.2727772 0.2304458 0.2861747 0.3461816 0.1965848 0.2764211 0.2973448 0.3156099 0.2718079 0.2859139 0.2765303 0.2173771 0.3435114 0.2959284 0.2808803 0.2835526 0.2275861 0.2737091 0.2550348 
Eutetras_palmeri_63                        0.2241522 0.2302039 0.2626129 0.2626543 0.0000000 0.1028760 0.2528956 0.2602258 0.2867094 0.2362512 0.2594592 0.2327769 0.1904085 0.1911893 0.1485234 0.3126978 0.1611077 0.1657406 0.2146810 0.1829982 0.1906705 0.2018769 0.4214532 0.2356023 0.1572729 0.2010173 0.2204634 0.2729572 0.2150395 0.1897136 0.1323738 0.1228126 0.2156066 0.1997909 0.2501538 0.1903913 0.2222328 0.2465245 0.2385501 0.2090030 0.2463154 0.1837607 0.2831564 0.2594268 0.1849292 0.1375494 0.2241281 0.2246467 0.2472547 0.2105216 0.1706645 0.1936732 0.2644662 0.1935115 0.2359592 0.1129330 0.1362429 0.2000269 0.2115951 0.1620093 0.0883394 0.2353722 0.0852283 0.2256156 0.1728598 0.1801952 0.2145266 0.0878183 0.2072566 0.2356591 0.1742557 0.2405519 0.2264821 0.1934295 0.0822052 0.2087501 0.3453778 0.1924861 0.1726259 0.1084190 0.2254872 0.1802224 
Eutetras_pringlei_149_quer                 0.1955070 0.4371128 0.4210903 0.2865231 0.1028760 0.0000000 0.2917226 0.2787691 0.3250215 0.1854658 0.2693297 0.1675056 0.1699700 0.1608226 0.2276143 0.2382929 0.1152386 0.0215633 0.1901961 0.1588462 0.1516903 0.1617053 0.4845026 0.1634440 0.1156050 0.1625085 0.1665197 0.2409204 0.2446001 0.1910056 0.1506879 0.1930783 0.1553629 0.1855592 0.2208723 0.1609640 0.2037195 0.2303632 0.1678671 0.1791672 0.1983814 0.1598647 0.3075075 0.2148675 0.1553701 0.1649422 0.1712426 0.1394997 0.1890090 0.1614008 0.1504324 0.1707925 0.1645873 0.1559446 0.2403721 0.1151029 0.1113457 0.1647040 0.1646096 0.1398741 0.0650263 0.2465466 0.0731014 0.1539594 0.2391620 0.1774274 0.2385922 9.0000000 0.1639657 0.1632483 0.1983123 0.1648192 0.1598806 0.1734850 0.0854092 0.2565681 0.1883439 0.1656873 0.1668658 0.0939805 0.1646096 0.1917161 
Eutrochium_fistulosum_SRR9119106           0.2387193 0.3211236 0.2933584 0.1119318 0.2528956 0.2917226 0.0000000 0.2447048 0.2942297 0.2315219 0.2439339 0.1997254 0.2224761 0.2159261 0.2101733 0.2335625 0.1778383 0.1728316 0.1960849 0.2128812 0.1950709 0.2226186 0.5322926 0.2062009 0.2104991 0.2190606 0.2262522 0.2666507 0.2192156 0.2347507 0.2094628 0.2105834 0.2052497 0.2129732 0.2391817 0.2138281 0.2481088 0.2203862 0.2037866 0.2114288 0.2321114 0.2036880 0.2323303 0.2558597 0.2151294 0.1755036 0.2223809 0.2193567 0.2253603 0.2065188 0.2077093 0.2188388 0.2332323 0.2162962 0.2970920 0.1774851 0.2009612 0.2204279 0.2213617 0.2069501 0.1402748 0.2755192 0.1632566 0.2072913 0.2068720 0.2363416 0.2740288 0.1830369 0.2089903 0.2061762 0.2431499 0.2188902 0.2230689 0.2261535 0.1626050 0.2892514 0.2279567 0.2109206 0.2337796 0.1833794 0.2209385 0.2102314 
Galeana_pratensis_104_mex                  0.2071863 0.2873231 0.3082806 0.2529592 0.2602258 0.2787691 0.2447048 0.0000000 0.2862191 0.1818225 0.2578943 0.1965594 0.1962619 0.1912562 0.2449440 0.2235689 0.1758319 0.1657109 0.2072450 0.1969185 0.1840651 0.1936248 0.1965885 0.1912685 0.1806121 0.1966490 0.2224681 0.2763376 0.2231432 0.1979601 0.1705092 0.1865676 0.1846796 0.1559952 0.2037855 0.2125753 0.2084691 0.2152234 0.1850205 0.1957832 0.1951882 0.1810540 0.2397959 0.2137716 0.2110959 0.1820538 0.1996215 0.1961308 0.2029728 0.1921289 0.1878566 0.1967648 0.2105018 0.1881995 0.2355840 0.1986067 0.2017503 0.1911514 0.1908053 0.2011037 0.1364349 0.2204413 0.1582933 0.1857029 0.2266791 0.2069837 0.2683840 0.1463983 0.1888940 0.1889080 0.2072306 0.1871936 0.1931289 0.1987260 0.1528482 0.2894624 0.2062604 0.2126220 0.1994068 0.1789876 0.1936774 0.1598233 
Helianthus_annuus_SRR9119062               0.2966390 0.3050218 0.3246821 0.3139751 0.2867094 0.3250215 0.2942297 0.2862191 0.0000000 0.2819731 0.3082856 0.2545071 0.2653479 0.2630217 0.2223003 0.2906513 0.2273259 0.2202695 0.2550278 0.2593239 0.2411169 0.2653767 0.5198724 0.2593876 0.2447744 0.2971334 0.2766294 0.3738256 0.2699123 0.2695963 0.2259911 0.2431434 0.2530167 0.2653075 0.3224108 0.2697906 0.3366314 0.2797720 0.2497226 0.2548523 0.2950217 0.2591902 0.2709543 0.3411853 0.2673431 0.2173046 0.2651150 0.2615211 0.3287161 0.2630430 0.2327125 0.2522711 0.2911012 0.2565315 0.3072306 0.2908471 0.2289371 0.2645002 0.2644642 0.2227554 0.1669102 0.3056166 0.1638978 0.2610789 0.2588914 0.2903246 0.3610175 0.1698622 0.2587163 0.2578070 0.2666551 0.2646899 0.2700849 0.2682731 0.1695751 0.3426142 0.2803898 0.2621679 0.2812733 0.1885142 0.2596594 0.2550046 
Lycapsus_tenuifolius_17                    0.2208017 0.1367172 0.2421337 0.2899419 0.2362512 0.1854658 0.2315219 0.1818225 0.2819731 0.0000000 0.2445063 0.2088584 0.2791420 0.2119252 0.1277161 0.2561789 0.1992611 0.1467354 0.1988222 0.1811460 0.1678281 0.2140532 0.4103224 0.2294838 0.1847468 0.2176321 0.2474126 0.2758444 0.1953768 0.0244700 0.0479021 0.0006086 0.2099723 0.0534536 0.2620977 0.2041713 0.2641293 0.2501251 0.2194333 0.2309551 0.2226197 0.2145930 0.2057308 0.2961539 0.2257355 0.0918411 0.2272994 0.2344821 0.2642891 0.2200214 0.1442161 0.1849140 0.2756631 0.1941680 0.2485587 0.1118216 0.1321643 0.2281915 0.2292283 0.1487456 0.0859886 0.2665999 0.0934333 0.2188762 0.1440878 0.1931437 0.2391649 0.0476149 0.2007272 0.2278535 0.0270543 0.2254460 0.2246594 0.2202654 0.0888913 0.2323812 0.2713265 0.1879321 0.1683693 0.1080237 0.2352419 0.0796239 
Pericome_caudata_50_silver                 0.2623550 0.2210528 0.2919608 0.2902100 0.2594592 0.2693297 0.2439339 0.2578943 0.3082856 0.2445063 0.0000000 0.2636660 0.2406960 0.2331195 0.1491175 0.3028170 0.1902584 0.1558282 0.2320589 0.2224759 0.2220809 0.2317601 0.4169956 0.2611095 0.1779903 0.2530119 0.2561303 0.2980728 0.2307026 0.2131931 0.1370857 0.1644649 0.2500441 0.2183542 0.2960066 0.2326150 0.2723367 0.2636543 0.2551876 0.2370152 0.2727089 0.2220554 0.2537814 0.3083853 0.2322234 0.1724524 0.2685050 0.2474654 0.2791278 0.2407304 0.1991870 0.2386138 0.3045705 0.2463557 0.2612027 0.1340926 0.1987118 0.2246410 0.2326673 0.1692127 0.1141645 0.2868747 0.0939696 0.2527754 0.1812768 0.2258868 0.2324437 0.0651807 0.2466221 0.2614258 0.2030174 0.2649612 0.2600689 0.2330903 0.0979030 0.2243573 0.3308650 0.2421246 0.2160836 0.1124943 0.2476727 0.2066321 
Perityle_aglossa_84_dead_horse             0.1735237 0.1768313 0.2497517 0.2636335 0.2327769 0.1675056 0.1997254 0.1965594 0.2545071 0.2088584 0.2636660 0.0000000 0.0596574 0.0549132 0.0703172 0.1692029 0.0257430 0.1346167 0.1136921 0.0885127 0.0974879 0.0823479 0.3811583 0.1573251 0.0493673 0.0772835 0.1658706 0.2086276 0.1409909 0.1569174 0.1149082 0.1087423 0.0758736 0.1665376 0.1868098 0.0767757 0.1857858 0.1424059 0.1102327 0.0596970 0.1819949 0.0694142 0.1735136 0.2627884 0.0991103 0.0476505 0.1195414 0.1552536 0.1780449 0.0717988 0.0774328 0.0849897 0.1922931 0.0822208 0.1964876 0.0736337 0.0431426 0.1163161 0.1268860 0.1127020 0.0612839 0.1431011 0.0461284 0.0134998 0.1065468 0.0963991 0.2035738 0.0563405 0.0829737 0.1578208 0.1457438 0.1464750 0.1013880 0.0724318 0.0316237 0.1900575 0.2601748 0.0777306 0.0067278 0.0799091 0.1463650 0.1458096 
Perityle_ajoensis_204                      0.2212994 0.2175645 0.2835513 0.2802370 0.1904085 0.1699700 0.2224761 0.1962619 0.2653479 0.2791420 0.2406960 0.0596574 0.0000000 0.0572952 0.0769417 0.1464954 0.0304971 0.1655766 0.1281024 0.0578224 0.0424629 0.0454801 0.4008538 0.0594033 0.0517588 0.0143992 0.1159566 0.1498561 0.1466739 0.2275645 0.1382771 0.1920583 0.0202537 0.2317933 0.1851186 0.0655670 0.1920530 0.1452460 0.0546257 0.0584263 0.1481535 0.0376884 0.1635631 0.2133025 0.0739393 0.0555270 0.0208756 0.0506716 0.1878273 0.0566974 0.0311786 0.0382943 0.1405673 0.0685468 0.1976164 0.0913191 0.0661925 0.0508887 0.0516528 0.1160482 0.0651633 0.1891302 0.0484767 0.0664674 0.1144419 0.0785309 0.2326088 0.0589009 0.0659892 0.0588210 0.2651751 0.0200210 0.0226900 0.0176213 0.0071628 0.2211170 0.2142557 0.0614954 0.0538645 0.0907852 0.0501654 0.2245091 
Perityle_ambrosiifolia_67_green            0.1846881 0.1997106 0.2696791 0.2866157 0.1911893 0.1608226 0.2159261 0.1912562 0.2630217 0.2119252 0.2331195 0.0549132 0.0572952 0.0000000 0.0746689 0.1707723 0.0371837 0.1602143 0.1197648 0.0655594 0.0421534 0.0582966 0.3942784 0.0343057 0.0496251 0.0614803 0.1128578 0.1536435 0.1454722 0.1846560 0.1306964 0.1234759 0.0461703 0.1625186 0.1890584 0.0598098 0.1962431 0.1450464 0.0269477 0.0339161 0.1620267 0.0496844 0.1797301 0.2185933 0.0680217 0.0511837 0.0605201 0.0607123 0.1818692 0.0347482 0.0360517 0.0471284 0.1395900 0.0759485 0.1808068 0.0837987 0.0635979 0.0569875 0.0590890 0.1196247 0.0697563 0.1585750 0.0454244 0.0587240 0.1086172 0.0811813 0.2192512 0.0545668 0.0811724 0.0337310 0.1694931 0.0672347 0.0648445 0.0677846 0.0299495 0.2077772 0.2238330 0.0644725 0.0538166 0.0886601 0.0587309 0.1595693 
Perityle_angustifolia_13_Eagle_creek       0.1480250 0.1831155 0.2269495 0.2611852 0.1485234 0.2276143 0.2101733 0.2449440 0.2223003 0.1277161 0.1491175 0.0703172 0.0769417 0.0746689 0.0000000 0.1202246 0.0204346 0.0973885 0.1192253 0.0884449 0.0629335 0.0813368 0.4149018 0.0574572 0.0421157 0.0748068 0.0995050 0.1072144 0.1374285 0.1556096 0.1020117 0.1113486 0.0663248 0.1199769 0.1464644 0.0868486 0.1445332 0.1160802 0.0515077 0.0545486 0.1310788 0.0722721 0.1557331 0.1494395 0.0733562 0.0899115 0.0828567 0.0729000 0.1347303 0.0778852 0.0695659 0.0732569 0.1068706 0.0623010 0.1862494 0.0883409 0.0469002 0.0806366 0.0798214 0.0900821 0.0821892 0.1181991 0.0451568 0.0798542 0.1241848 0.0913955 0.1853717 0.0457827 0.0608251 0.0557204 0.1490880 0.0775913 0.0786798 0.0773369 0.0172119 0.1772972 0.1428627 0.0822787 0.0841547 0.0876478 0.0824356 0.1134822 
Perityle_batopilensis_97                   0.2165219 0.2203226 0.3022023 0.2835080 0.3126978 0.2382929 0.2335625 0.2235689 0.2906513 0.2561789 0.3028170 0.1692029 0.1464954 0.1707723 0.1202246 0.0000000 0.1349143 0.1779985 0.1509412 0.1731548 0.1454182 0.1781553 0.4163042 0.1770561 0.1434856 0.1644229 0.1911395 0.2191992 0.1112480 0.2218171 0.1469670 0.1460740 0.1558631 0.1942208 0.2102003 0.1382853 0.2596157 0.0150374 0.1662297 0.1718211 0.1945582 0.1489990 0.2133150 0.2875519 0.1570015 0.0845002 0.1734801 0.1766908 0.1908592 0.1786439 0.1418236 0.1455960 0.2134088 0.1579228 0.1795509 0.1273561 0.1155632 0.1561736 0.1687165 0.0980347 0.1020026 0.1772010 0.0690262 0.1725658 0.0764121 0.1851586 0.2630093 0.1132109 0.1471732 0.1766494 0.2004503 0.1691827 0.1743864 0.1742621 0.0716276 0.2238063 0.3255992 0.1441033 0.1739407 0.0748518 0.1784120 0.2113584 
Perityle_bisetosa_9                        0.1577703 0.1551312 0.2230078 0.2546333 0.1611077 0.1152386 0.1778383 0.1758319 0.2273259 0.1992611 0.1902584 0.0257430 0.0304971 0.0371837 0.0204346 0.1349143 0.0000000 0.1120216 0.0985516 0.0409740 0.0265990 0.0417281 0.3614959 0.0419824 0.0327023 0.0360110 0.1051667 0.1330662 0.1239970 0.1505657 0.1006301 0.0969064 0.0231402 0.1535715 0.1551662 0.0275384 0.1514592 0.1269394 0.0339473 0.0410980 0.1308347 0.0398569 0.1076709 0.1958055 0.0624571 0.0295371 0.0347287 0.0472407 0.1555647 0.0405769 0.0149181 0.0294227 0.1468142 0.0589132 0.1692650 0.0606812 0.0415736 0.0457788 0.0463810 0.0957867 0.0488854 0.1304292 0.0350481 0.0264443 0.0855714 0.0690617 0.1862892 0.0233417 0.0409462 0.0419824 0.1382496 0.0414396 0.0371575 0.0397791 0.0158879 0.1730033 0.2020619 0.0473558 0.0244946 0.0666216 0.0469849 0.1318988 
Perityle_californica_76_positas            0.1349674 0.0755237 0.1361440 0.2141466 0.1657406 0.0215633 0.1728316 0.1657109 0.2202695 0.1467354 0.1558282 0.1346167 0.1655766 0.1602143 0.0973885 0.1779985 0.1120216 0.0000000 0.1490259 0.1558320 0.1110457 0.1565031 0.4342701 0.1667485 0.1328882 0.1619769 0.1761807 0.1304882 0.1330236 0.1628783 0.1050166 0.0803602 0.1437934 0.1184827 0.1790600 0.1395406 0.1558057 0.1661409 0.1702909 0.1596901 0.1274804 0.1477586 0.1293173 0.1682081 0.1473742 0.0349249 0.1689461 0.1671099 0.1849067 0.1637833 0.0920512 0.1286505 0.1829532 0.1495812 0.1242116 0.0836688 0.1200126 0.1659393 0.1658571 0.1223583 0.0484670 0.1504592 0.0824650 0.1419206 0.0890676 0.0871861 0.1297517 0.0738992 0.1130578 0.1651795 0.1234055 0.1656053 0.1653006 0.1654189 0.0815019 0.1342380 0.1785038 0.1655709 0.0680770 0.0983660 0.1616503 0.0956313 
Perityle_canescens_77                      0.1756040 0.1947684 0.2790060 0.2578131 0.2146810 0.1901961 0.1960849 0.2072450 0.2550278 0.1988222 0.2320589 0.1136921 0.1281024 0.1197648 0.1192253 0.1509412 0.0985516 0.1490259 0.0000000 0.1277174 0.1060244 0.1232496 0.4435495 0.1282403 0.0977576 0.1320499 0.1416322 0.1768716 0.1324264 0.1973279 0.1205695 0.1276388 0.1167452 0.1689206 0.1469816 0.1180334 0.2196579 0.1482739 0.1207860 0.1300944 0.0971816 0.1286849 0.1283619 0.2511468 0.1348729 0.0753359 0.1337570 0.1333968 0.1311958 0.1207926 0.0898451 0.1029637 0.1516388 0.1121667 0.1797123 0.1324025 0.1232938 0.1326888 0.1305175 0.1368972 0.0539343 0.1401963 0.0772756 0.1171625 0.1062686 0.0863144 0.2607216 0.0737455 0.1200992 0.1276841 0.1859636 0.1280720 0.1292367 0.1352906 0.0849994 0.2022281 0.1542102 0.1323294 0.0920395 0.0770607 0.1305347 0.1494801 
Perityle_castillonii_96                    0.1742200 0.2074566 0.2570707 0.2483678 0.1829982 0.1588462 0.2128812 0.1969185 0.2593239 0.1811460 0.2224759 0.0885127 0.0578224 0.0655594 0.0884449 0.1731548 0.0409740 0.1558320 0.1277174 0.0000000 0.0481637 0.0575948 0.4087762 0.0677676 0.0584562 0.0576294 0.1212808 0.1637915 0.1403460 0.1712909 0.1264586 0.1231069 0.0294867 0.1299266 0.1838990 0.0609502 0.1829318 0.1376059 0.0635353 0.0709406 0.1702199 0.0483889 0.1794672 0.2018419 0.0663879 0.0572394 0.0628229 0.0621063 0.1698679 0.0784565 0.0215042 0.0583159 0.1602002 0.0830983 0.1969536 0.0875474 0.0809373 0.0589837 0.0619619 0.1097378 0.0621782 0.1755740 0.0508479 0.0814375 0.1076132 0.0879788 0.2121665 0.0595616 0.0971149 0.0657831 0.1510278 0.0764304 0.0645815 0.0650138 0.0257925 0.2096110 0.2148740 0.0770445 0.0670111 0.0888298 0.0565983 0.1409377 
Perityle_cernua_84                         0.1568471 0.1770154 0.2141404 0.2449970 0.1906705 0.1516903 0.1950709 0.1840651 0.2411169 0.1678281 0.2220809 0.0974879 0.0424629 0.0421534 0.0629335 0.1454182 0.0265990 0.1110457 0.1060244 0.0481637 0.0000000 0.0439750 0.3688276 0.0500194 0.0354097 0.0443363 0.1060054 0.1550174 0.1348122 0.1547184 0.1167076 0.0997310 0.0328197 0.1218316 0.1692910 0.0518383 0.1658766 0.1170244 0.0462058 0.0475866 0.1564076 0.0406233 0.1546884 0.1926785 0.0569119 0.0378111 0.0528466 0.0506491 0.1583700 0.0580782 0.0238338 0.0597921 0.1289186 0.0630056 0.1811908 0.0757491 0.0505543 0.0492924 0.0552553 0.1109262 0.0543777 0.1464833 0.0376126 0.0845305 0.0992976 0.0722588 0.2000218 0.0562348 0.0666526 0.0494497 0.1453633 0.0823465 0.0473923 0.0460372 0.0185482 0.1876788 0.2266859 0.0577175 0.0528612 0.0860094 0.0485410 0.1271016 
Perityle_cfvillosa_25_tin                  0.1909145 0.2177414 0.2701844 0.2788190 0.2018769 0.1617053 0.2226186 0.1936248 0.2653767 0.2140532 0.2317601 0.0823479 0.0454801 0.0582966 0.0813368 0.1781553 0.0417281 0.1565031 0.1232496 0.0575948 0.0439750 0.0000000 0.4042955 0.0623879 0.0540993 0.0356327 0.1166357 0.1592633 0.1491658 0.1877284 0.1376726 0.1323369 0.0438510 0.1596013 0.1927262 0.0685704 0.1892981 0.1497598 0.0579284 0.0662826 0.1753272 0.0047488 0.1812493 0.2121045 0.0651096 0.0569835 0.0507584 0.0005535 0.1877086 0.0655110 0.0376918 0.0273073 0.1518569 0.0768453 0.1913773 0.0912040 0.0728174 0.0011601 0.0067627 0.1211614 0.0665360 0.1649033 0.0517106 0.0865370 0.1091898 0.0880328 0.2290357 0.0694755 0.0907681 0.0618211 0.1763898 0.0489816 0.0347110 0.0540553 0.0218141 0.2177149 0.2421147 0.0730895 0.0708094 0.0896287 0.0005578 0.1617854 
Perityle_cinerea_113_Powell1310            0.4269033 0.3604200 0.4327775 0.5630108 0.4214532 0.4845026 0.5322926 0.1965885 0.5198724 0.4103224 0.4169956 0.3811583 0.4008538 0.3942784 0.4149018 0.4163042 0.3614959 0.4342701 0.4435495 0.4087762 0.3688276 0.4042955 0.0000000 0.3973049 0.4258989 0.3920754 0.4089320 0.4045589 0.4165574 0.4459995 0.4464842 0.4047565 0.3917942 0.3925869 0.4452462 0.3683316 0.4105918 0.4113737 0.3944343 0.3979076 0.4221039 0.3849626 0.4227061 0.4110025 0.4186896 0.2885089 0.4110533 0.4087241 0.4510989 0.3986425 0.3972547 0.3932849 0.4189844 0.3991017 0.4246530 0.3804395 0.4008218 0.3957117 0.3973100 0.4197085 0.2601620 0.4054342 0.3160196 0.3741755 0.3993736 0.1757575 0.4104791 0.2608407 0.3815135 0.3973049 0.4496897 0.3951327 0.3979306 0.3981853 0.3724304 0.3964823 0.4523413 0.4153856 0.2601266 0.3629088 0.4247828 0.3730247 
Perityle_coahuilensis_24                   0.1914081 0.2043863 0.2682737 0.2973448 0.2356023 0.1634440 0.2062009 0.1912685 0.2593876 0.2294838 0.2611095 0.1573251 0.0594033 0.0343057 0.0574572 0.1770561 0.0419824 0.1667485 0.1282403 0.0677676 0.0500194 0.0623879 0.3973049 0.0000000 0.0398550 0.0613739 0.1643809 0.1519138 0.1473615 0.1906749 0.1288290 0.1279556 0.0490161 0.1861655 0.1968042 0.0665464 0.2030903 0.1572004 0.0187330 0.0242743 0.1716425 0.0565960 0.1534669 0.2761235 0.1009659 0.0546954 0.0666278 0.0695841 0.1902764 0.0478063 0.0349580 0.0692059 0.1884606 0.0859530 0.1879977 0.0818853 0.0741117 0.0688187 0.0732811 0.1209415 0.0706602 0.1607591 0.0439067 0.1320702 0.1068320 0.0968005 0.2336779 0.0616294 0.1039973 0.0004564 0.1744784 0.1186628 0.0695908 0.0708424 0.0262675 0.2214816 0.2623326 0.0701406 0.0699019 0.0838831 0.0681410 0.1620025 
Perityle_cochisensis_44_cave_creek         0.1628359 0.1716378 0.2046420 0.2856343 0.1572729 0.1156050 0.2104991 0.1806121 0.2447744 0.1847468 0.1779903 0.0493673 0.0517588 0.0496251 0.0421157 0.1434856 0.0327023 0.1328882 0.0977576 0.0584562 0.0354097 0.0540993 0.4258989 0.0398550 0.0000000 0.0473088 0.1002589 0.1501745 0.1424518 0.1710856 0.1312008 0.1260022 0.0373876 0.1273310 0.1846152 0.0650429 0.1821008 0.1178389 0.0319073 0.0424631 0.1663129 0.0490462 0.1484228 0.1955216 0.0638330 0.0560513 0.0493896 0.0573645 0.1636190 0.0544102 0.0344177 0.0483603 0.1373188 0.0754008 0.1914523 0.0739087 0.0709317 0.0556348 0.0556602 0.1216683 0.0644790 0.1467619 0.0505782 0.0502328 0.1092199 0.0980780 0.2090029 0.0611859 0.0786984 0.0398797 0.1696658 0.0519412 0.0521847 0.0599218 0.0305971 0.2071003 0.1973140 0.0722080 0.0494239 0.0824051 0.0541342 0.1420754 
Perityle_congesta_202                      0.1924662 0.2131705 0.2738668 0.2823222 0.2010173 0.1625085 0.2190606 0.1966490 0.2971334 0.2176321 0.2530119 0.0772835 0.0143992 0.0614803 0.0748068 0.1644229 0.0360110 0.1619769 0.1320499 0.0576294 0.0443363 0.0356327 0.3920754 0.0613739 0.0473088 0.0000000 0.1444982 0.2479593 0.1466179 0.1847932 0.1311940 0.1252513 0.0216101 0.1795035 0.1876253 0.0639308 0.1918739 0.1491294 0.0543913 0.0620901 0.1694461 0.0335412 0.1815318 0.2335620 0.0930593 0.0533372 0.0218854 0.0422928 0.2133425 0.0683818 0.0338646 0.0356656 0.1682924 0.0698603 0.1902318 0.1704629 0.0643090 0.0435243 0.0433680 0.1111843 0.0636838 0.1623537 0.0475745 0.0816132 0.1124920 0.0918013 0.2249163 0.0590830 0.0835392 0.0607790 0.1698700 0.0191739 0.0138011 0.0244892 0.0071966 0.2147389 0.2550627 0.0625812 0.0695727 0.0898468 0.0397692 0.1588811 
Perityle_cordifolia_27                     0.2102984 0.2315461 0.2876811 0.2959592 0.2204634 0.1665197 0.2262522 0.2224681 0.2766294 0.2474126 0.2561303 0.1658706 0.1159566 0.1128578 0.0995050 0.1911395 0.1051667 0.1761807 0.1416322 0.1212808 0.1060054 0.1166357 0.4089320 0.1643809 0.1002589 0.1444982 0.0000000 0.2326131 0.1583819 0.2056590 0.1447689 0.1403023 0.1204650 0.1981491 0.2119816 0.1431053 0.2204510 0.1760158 0.1501939 0.1248843 0.1833968 0.1310051 0.1877238 0.2869130 0.1329752 0.0676391 0.1546667 0.1619162 0.2024483 0.1378593 0.0922753 0.0975660 0.1202867 0.1134106 0.2020117 0.1076436 0.0738923 0.1500697 0.1554967 0.1196288 0.0809216 0.1820227 0.0304581 0.1734431 0.1304266 0.0665831 0.2335930 0.0977527 0.1620511 0.1638936 0.1854545 0.1521599 0.1328874 0.1196233 0.0610630 0.2220103 0.2848184 0.1250338 0.1224918 0.1063711 0.1596489 0.1754957 
Perityle_cordifolia_68_tecolote            0.2341215 0.2391457 0.2805767 0.2836410 0.2729572 0.2409204 0.2666507 0.2763376 0.3738256 0.2758444 0.2980728 0.2086276 0.1498561 0.1536435 0.1072144 0.2191992 0.1330662 0.1304882 0.1768716 0.1637915 0.1550174 0.1592633 0.4045589 0.1519138 0.1501745 0.2479593 0.2326131 0.0000000 0.2018262 0.2131258 0.1358948 0.1712548 0.1449145 0.2356500 0.2686404 0.1508738 0.2826759 0.1949034 0.1475625 0.1539402 0.2495507 0.1390199 0.2559160 0.3498613 0.1898951 0.1460349 0.1617369 0.1495680 0.2780322 0.1518228 0.1400123 0.1578406 0.2438763 0.1446898 0.2166589 0.0736341 0.0895257 0.1440985 0.1506243 0.1141926 0.0838835 0.2185843 0.0650564 0.1879583 0.1762965 0.2011884 0.2780376 0.0745013 0.1594923 0.1520322 0.2073860 0.1634160 0.1644671 0.1659823 0.0649404 0.2548020 0.2975483 0.1420925 0.1717569 0.0842015 0.1591655 0.2223561 
Perityle_coronopifolia_28_patagonia        0.1700901 0.2226809 0.2373246 0.2619615 0.2150395 0.2446001 0.2192156 0.2231432 0.2699123 0.1953768 0.2307026 0.1409909 0.1466739 0.1454722 0.1374285 0.1112480 0.1239970 0.1330236 0.1324264 0.1403460 0.1348122 0.1491658 0.4165574 0.1473615 0.1424518 0.1466179 0.1583819 0.2018262 0.0000000 0.1736393 0.1475043 0.1473103 0.1344480 0.1464654 0.1801294 0.1413251 0.2083286 0.1049044 0.1412274 0.1473021 0.1561318 0.1380576 0.1806126 0.2270443 0.1433317 0.0852496 0.1538543 0.1500944 0.1563886 0.1420251 0.1304355 0.1478306 0.1724114 0.1258523 0.1903050 0.1456893 0.1250248 0.1452589 0.1479657 0.0505635 0.0876910 0.1583241 0.0872446 0.1457758 0.0134789 0.1631780 0.2461329 0.0947076 0.1247564 0.1459189 0.1823599 0.1472059 0.1516746 0.1564764 0.0882477 0.2077905 0.1911736 0.1320287 0.1572832 0.0696240 0.1459444 0.1610811 
Perityle_crassifolia_70_ventanas           0.1991672 0.1954504 0.2450177 0.3084827 0.1897136 0.1910056 0.2347507 0.1979601 0.2695963 0.0244700 0.2131931 0.1569174 0.2275645 0.1846560 0.1556096 0.2218171 0.1505657 0.1628783 0.1973279 0.1712909 0.1547184 0.1877284 0.4459995 0.1906749 0.1710856 0.1847932 0.2056590 0.2131258 0.1736393 0.0000000 0.0480388 0.0202832 0.1746596 0.0272527 0.2354728 0.1859050 0.2369388 0.2131936 0.1861171 0.1908675 0.1973694 0.1751177 0.1737274 0.2394312 0.1854385 0.1136552 0.1907589 0.1924149 0.2336592 0.1795775 0.1234311 0.1670132 0.2118883 0.1702288 0.2486851 0.1458105 0.1631678 0.1920029 0.1862772 0.1810537 0.1137295 0.2445760 0.1194573 0.1717515 0.1472527 0.1488085 0.2480033 0.1151077 0.1798506 0.1904427 0.0113679 0.1900034 0.1920468 0.1933099 0.1198312 0.2572743 0.2058386 0.1833051 0.1296659 0.1428315 0.1873126 0.0250153 
Perityle_crassifolia_74_playa_balandra     0.1288542 0.1571723 0.1503909 0.2548525 0.1323738 0.1506879 0.2094628 0.1705092 0.2259911 0.0479021 0.1370857 0.1149082 0.1382771 0.1306964 0.1020117 0.1469670 0.1006301 0.1050166 0.1205695 0.1264586 0.1167076 0.1376726 0.4464842 0.1288290 0.1312008 0.1311940 0.1447689 0.1358948 0.1475043 0.0480388 0.0000000 0.0485317 0.1148511 0.0338923 0.1535001 0.1293880 0.1378615 0.1367371 0.1233175 0.1316004 0.1472914 0.1276649 0.1309513 0.1506940 0.1350741 0.1085575 0.1373836 0.1410090 0.1524807 0.1260919 0.1152217 0.1365915 0.1448154 0.1187109 0.2219976 0.1242292 0.1183628 0.1398357 0.1371591 0.1527023 0.0987667 0.1421022 0.1100326 0.1243651 0.1356082 0.1404279 0.1686430 0.1136268 0.1187411 0.1277783 0.0510241 0.1374439 0.1341217 0.1398168 0.1128449 0.1654545 0.1361651 0.1265919 0.1339818 0.1309838 0.1346604 0.0350570 
Perityle_discoidea_81                      0.1470478 0.1464287 0.1533985 0.2481405 0.1228126 0.1930783 0.2105834 0.1865676 0.2431434 0.0006086 0.1644649 0.1087423 0.1920583 0.1234759 0.1113486 0.1460740 0.0969064 0.0803602 0.1276388 0.1231069 0.0997310 0.1323369 0.4047565 0.1279556 0.1260022 0.1252513 0.1403023 0.1712548 0.1473103 0.0202832 0.0485317 0.0000000 0.1090961 0.0454604 0.1764744 0.1171778 0.1716704 0.1369941 0.1225449 0.1291766 0.1668952 0.1265675 0.1540854 0.1821144 0.1317362 0.0930653 0.1310892 0.1386092 0.1725967 0.1227930 0.1027607 0.1288909 0.1559463 0.1254028 0.2034018 0.1171813 0.1095026 0.1378838 0.1344470 0.1366721 0.0873572 0.2084286 0.0964587 0.1174474 0.1250490 0.1395883 0.2100585 0.0472673 0.1171737 0.1261684 0.0244284 0.1330780 0.1356491 0.1326946 0.0916216 0.2146208 0.1489610 0.1213208 0.1248979 0.1114862 0.1374073 0.0464627 
Perityle_dissecta_201                      0.1838263 0.1941258 0.2683173 0.2714013 0.2156066 0.1553629 0.2052497 0.1846796 0.2530167 0.2099723 0.2500441 0.0758736 0.0202537 0.0461703 0.0663248 0.1558631 0.0231402 0.1437934 0.1167452 0.0294867 0.0328197 0.0438510 0.3917942 0.0490161 0.0373876 0.0216101 0.1204650 0.1449145 0.1344480 0.1746596 0.1148511 0.1090961 0.0000000 0.1618899 0.1802211 0.0445810 0.1872698 0.1375559 0.0407447 0.0517184 0.1598127 0.0358125 0.1665822 0.2195958 0.0696124 0.0465696 0.0334929 0.0561381 0.1740906 0.0565871 0.0155311 0.0472360 0.1586416 0.0614288 0.1797228 0.0805005 0.0530904 0.0470721 0.0532754 0.1011849 0.0547526 0.1501007 0.0386392 0.0765567 0.1024508 0.0783653 0.2108859 0.0405240 0.0710073 0.0505797 0.1561890 0.0554195 0.0290968 0.0290726 0.0121679 0.2011472 0.2417389 0.0512701 0.0558935 0.0802937 0.0456078 0.1518915 
Perityle_emoryi_47_punta_san_jose          0.1894800 0.1747223 0.2394788 0.2721965 0.1997909 0.1855592 0.2129732 0.1559952 0.2653075 0.0534536 0.2183542 0.1665376 0.2317933 0.1625186 0.1199769 0.1942208 0.1535715 0.1184827 0.1689206 0.1299266 0.1218316 0.1596013 0.3925869 0.1861655 0.1273310 0.1795035 0.1981491 0.2356500 0.1464654 0.0272527 0.0338923 0.0454604 0.1618899 0.0000000 0.2153799 0.1766401 0.2059117 0.1973494 0.1729288 0.1752958 0.1785072 0.1795274 0.1641843 0.2457419 0.1840717 0.0819472 0.1832144 0.1894689 0.2211600 0.1774622 0.0909436 0.1293168 0.2191079 0.1600180 0.2048730 0.0828778 0.1113407 0.1931141 0.1883290 0.1269617 0.0668669 0.2325902 0.0509044 0.1726680 0.1201436 0.1185281 0.2277363 0.0403971 0.1777548 0.1852859 0.0419188 0.1842921 0.1720989 0.1714042 0.0593615 0.2212818 0.2322284 0.1776452 0.1120653 0.0774271 0.1932474 0.0015944 
Perityle_feddemae_99                       0.2589625 0.2285671 0.2889257 0.2987036 0.2501538 0.2208723 0.2391817 0.2037855 0.3224108 0.2620977 0.2960066 0.1868098 0.1851186 0.1890584 0.1464644 0.2102003 0.1551662 0.1790600 0.1469816 0.1838990 0.1692910 0.1927262 0.4452462 0.1968042 0.1846152 0.1876253 0.2119816 0.2686404 0.1801294 0.2354728 0.1535001 0.1764744 0.1802211 0.2153799 0.0000000 0.1720022 0.3011885 0.1879617 0.1898140 0.2000022 0.0903613 0.1801267 0.1382566 0.3252158 0.1905215 0.0792321 0.1975459 0.1992238 0.1184007 0.1844631 0.1440653 0.1794047 0.2431518 0.1837975 0.2268009 0.1745959 0.1895663 0.1909874 0.1941662 0.1642971 0.0758635 0.2391973 0.0897175 0.1902039 0.1369649 0.1755000 0.3265936 0.0877078 0.1726298 0.1948143 0.2203974 0.1882828 0.1914338 0.1969333 0.1100140 0.2864025 0.2168891 0.1927609 0.1711210 0.0921663 0.1922581 0.2328109 
Perityle_fosteri_93                        0.1823126 0.2080708 0.2725965 0.2795351 0.1903913 0.1609640 0.2138281 0.2125753 0.2697906 0.2041713 0.2326150 0.0767757 0.0655670 0.0598098 0.0868486 0.1382853 0.0275384 0.1395406 0.1180334 0.0609502 0.0518383 0.0685704 0.3683316 0.0665464 0.0650429 0.0639308 0.1431053 0.1508738 0.1413251 0.1859050 0.1293880 0.1171778 0.0445810 0.1766401 0.1720022 0.0000000 0.1685598 0.1440140 0.0563667 0.0681472 0.1374811 0.0640242 0.1525762 0.2255553 0.0942993 0.0583530 0.0599211 0.0745269 0.1708268 0.0610305 0.0310340 0.0591007 0.1619145 0.0685334 0.2036696 0.1051388 0.0802192 0.0744911 0.0722335 0.1299341 0.0587976 0.1581114 0.0575982 0.0793127 0.1175330 0.0940360 0.2049130 0.0058537 0.0690783 0.0659136 0.1692343 0.1555228 0.0719285 0.0712640 0.0485503 0.1968845 0.2083728 0.1426077 0.0651476 0.0992724 0.0690445 0.1517109 
Perityle_gamon_221                         0.2349485 0.2167746 0.2862262 0.2837430 0.2222328 0.2037195 0.2481088 0.2084691 0.3366314 0.2641293 0.2723367 0.1857858 0.1920530 0.1962431 0.1445332 0.2596157 0.1514592 0.1558057 0.2196579 0.1829318 0.1658766 0.1892981 0.4105918 0.2030903 0.1821008 0.1918739 0.2204510 0.2826759 0.2083286 0.2369388 0.1378615 0.1716704 0.1872698 0.2059117 0.3011885 0.1685598 0.0000000 0.2322279 0.1991722 0.2061285 0.2851856 0.1751786 0.2715632 0.0850392 0.1873547 0.1618167 0.2051615 0.1911981 0.2956204 0.1976170 0.1581160 0.1801500 0.2600989 0.2074065 0.2563660 0.1588713 0.1813540 0.1820876 0.1831643 0.1365064 0.1114034 0.2240430 0.0713676 0.1925080 0.1639647 0.1849078 0.2867411 0.0801145 0.1855512 0.2015236 0.2147190 0.1988019 0.1930886 0.2008457 0.0912994 0.2449337 0.2917746 0.1798923 0.1906656 0.0847568 0.1976025 0.2200739 
Perityle_gentryi_8_san_francisco           0.1957414 0.2188971 0.2972479 0.2797996 0.2465245 0.2303632 0.2203862 0.2152234 0.2797720 0.2501251 0.2636543 0.1424059 0.1452460 0.1450464 0.1160802 0.0150374 0.1269394 0.1661409 0.1482739 0.1376059 0.1170244 0.1497598 0.4113737 0.1572004 0.1178389 0.1491294 0.1760158 0.1949034 0.1049044 0.2131936 0.1367371 0.1369941 0.1375559 0.1973494 0.1879617 0.1440140 0.2322279 0.0000000 0.1453038 0.1547469 0.1476758 0.1552960 0.1682365 0.2687977 0.1567827 0.0813097 0.1550255 0.1652124 0.1789209 0.1540308 0.1123428 0.1158382 0.1955366 0.1362296 0.1749314 0.1263773 0.1115360 0.1625736 0.1638251 0.0937113 0.0891246 0.1726684 0.0636475 0.1472150 0.0710142 0.1372518 0.2618149 0.1051343 0.1277355 0.1566294 0.1920792 0.1483995 0.1517481 0.1546341 0.0658992 0.2188145 0.2167101 0.1457551 0.1315725 0.0709595 0.1619461 0.1884360 
Perityle_gilensis_22_Superstition          0.1881278 0.1965681 0.2536080 0.2868897 0.2385501 0.1678671 0.2037866 0.1850205 0.2497226 0.2194333 0.2551876 0.1102327 0.0546257 0.0269477 0.0515077 0.1662297 0.0339473 0.1702909 0.1207860 0.0635353 0.0462058 0.0579284 0.3944343 0.0187330 0.0319073 0.0543913 0.1501939 0.1475625 0.1412274 0.1861171 0.1233175 0.1225449 0.0407447 0.1729288 0.1898140 0.0563667 0.1991722 0.1453038 0.0000000 0.0180984 0.1717785 0.0518371 0.1497762 0.2602511 0.0942880 0.0508325 0.0712289 0.0701634 0.1833435 0.0414706 0.0508940 0.0657759 0.1712255 0.0775279 0.1852470 0.0771430 0.0652686 0.0612185 0.0647537 0.1168021 0.0691898 0.1530856 0.0395823 0.1041722 0.1039078 0.0955450 0.2259866 0.0581359 0.0959459 0.0279527 0.1674779 0.0936215 0.0616561 0.0644934 0.0255964 0.2144807 0.2586996 0.0634051 0.0653493 0.0818194 0.0581115 0.1578522 
Perityle_gilensis_salensis_225             0.1953249 0.2021221 0.2644030 0.2940681 0.2090030 0.1791672 0.2114288 0.1957832 0.2548523 0.2309551 0.2370152 0.0596970 0.0584263 0.0339161 0.0545486 0.1718211 0.0410980 0.1596901 0.1300944 0.0709406 0.0475866 0.0662826 0.3979076 0.0242743 0.0424631 0.0620901 0.1248843 0.1539402 0.1473021 0.1908675 0.1316004 0.1291766 0.0517184 0.1752958 0.2000022 0.0681472 0.2061285 0.1547469 0.0180984 0.0000000 0.1720832 0.0578455 0.1605856 0.2343665 0.0805860 0.0547792 0.0643897 0.0687306 0.1943991 0.0531938 0.0366841 0.0505803 0.1580768 0.0851211 0.1858722 0.0851720 0.0686171 0.0664371 0.0677809 0.1192462 0.0672264 0.1591950 0.0493545 0.0618345 0.1088169 0.0952046 0.2336761 0.0474055 0.0801011 0.0237011 0.1765081 0.0687170 0.0669524 0.0720106 0.0281307 0.2205546 0.2264516 0.0714291 0.0593564 0.0826930 0.0666267 0.1629215 
Perityle_glaucescens_94                    0.2256828 0.2119602 0.2569426 0.2863235 0.2463154 0.1983814 0.2321114 0.1951882 0.2950217 0.2226197 0.2727089 0.1819949 0.1481535 0.1620267 0.1310788 0.1945582 0.1308347 0.1274804 0.0971816 0.1702199 0.1564076 0.1753272 0.4221039 0.1716425 0.1663129 0.1694461 0.1833968 0.2495507 0.1561318 0.1973694 0.1472914 0.1668952 0.1598127 0.1785072 0.0903613 0.1374811 0.2851856 0.1476758 0.1717785 0.1720832 0.0000000 0.1424153 0.0806622 0.3185800 0.1633713 0.0640217 0.1785995 0.1779829 0.0237727 0.1596639 0.1525917 0.1725351 0.2076672 0.1468921 0.2126524 0.1618553 0.1497845 0.1544213 0.1689039 0.1272993 0.0637021 0.1998478 0.0809680 0.1842625 0.1233745 0.1816390 0.3121225 0.0824491 0.1618340 0.1710754 0.2046234 0.1744774 0.1740217 0.1690524 0.0976457 0.2716228 0.2114441 0.1513984 0.1840135 0.0826560 0.1726187 0.1919166 
Perityle_gracilis_11                       0.1828287 0.2028726 0.2594897 0.2543043 0.1837607 0.1598647 0.2036880 0.1810540 0.2591902 0.2145930 0.2220554 0.0694142 0.0376884 0.0496844 0.0722721 0.1489990 0.0398569 0.1477586 0.1286849 0.0483889 0.0406233 0.0047488 0.3849626 0.0565960 0.0490462 0.0335412 0.1310051 0.1390199 0.1380576 0.1751177 0.1276649 0.1265675 0.0358125 0.1795274 0.1801267 0.0640242 0.1751786 0.1552960 0.0518371 0.0578455 0.1424153 0.0000000 0.1575449 0.2215343 0.0903144 0.0479660 0.0400130 0.0061942 0.1825600 0.0492170 0.0268631 0.0201503 0.1505015 0.0649997 0.1857711 0.0835810 0.0624872 0.0072712 0.0067260 0.1081307 0.0569783 0.1635352 0.0442905 0.0727262 0.1016799 0.0762308 0.2245347 0.0501607 0.0822103 0.0560206 0.1633920 0.0371807 0.0374824 0.0457590 0.0101423 0.2115383 0.2295316 0.0673771 0.0478310 0.0797540 0.0045572 0.1510970 
Perityle_harkerae_31                       0.2004612 0.2098382 0.2394562 0.2361158 0.2831564 0.3075075 0.2323303 0.2397959 0.2709543 0.2057308 0.2537814 0.1735136 0.1635631 0.1797301 0.1557331 0.2133150 0.1076709 0.1293173 0.1283619 0.1794672 0.1546884 0.1812493 0.4227061 0.1534669 0.1484228 0.1815318 0.1877238 0.2559160 0.1806126 0.1737274 0.1309513 0.1540854 0.1665822 0.1641843 0.1382566 0.1525762 0.2715632 0.1682365 0.1497762 0.1605856 0.0806622 0.1575449 0.0000000 0.2969154 0.1718802 0.1065857 0.1841081 0.1837305 0.0845242 0.1803647 0.1609346 0.1810008 0.2154985 0.1654185 0.2038244 0.1440971 0.1295621 0.1679478 0.1758311 0.1273400 0.1072131 0.1828120 0.0912511 0.1863666 0.1496913 0.1951008 0.2786426 0.0820419 0.1608395 0.1521818 0.1826390 0.1761050 0.1811879 0.1840750 0.0889926 0.2295296 0.2239656 0.1559075 0.1963059 0.1055826 0.1788859 0.1843165 
Perityle_hofmeisteria_4_nombre_de_dios     0.2461485 0.2321706 0.3102226 0.3104596 0.2594268 0.2148675 0.2558597 0.2137716 0.3411853 0.2961539 0.3083853 0.2627884 0.2133025 0.2185933 0.1494395 0.2875519 0.1958055 0.1682081 0.2511468 0.2018419 0.1926785 0.2121045 0.4110025 0.2761235 0.1955216 0.2335620 0.2869130 0.3498613 0.2270443 0.2394312 0.1506940 0.1821144 0.2195958 0.2457419 0.3252158 0.2255553 0.0850392 0.2687977 0.2602511 0.2343665 0.3185800 0.2215343 0.2969154 0.0000000 0.2361798 0.1837300 0.2536364 0.2660857 0.3226811 0.2417554 0.1718440 0.1962456 0.3110403 0.2185699 0.2574670 0.1760430 0.1838149 0.2484437 0.2538323 0.1536070 0.1299888 0.2398487 0.0783882 0.2602568 0.1838458 0.2053520 0.3297099 0.0811837 0.2324377 0.2740730 0.2217375 0.2462135 0.2256288 0.2228590 0.0971390 0.2634129 0.3502274 0.2282835 0.2169765 0.0945796 0.2715462 0.2260362 
Perityle_huecosensis_48                    0.1823034 0.2134734 0.2448387 0.2719328 0.1849292 0.1553701 0.2151294 0.2110959 0.2673431 0.2257355 0.2322234 0.0991103 0.0739393 0.0680217 0.0733562 0.1570015 0.0624571 0.1473742 0.1348729 0.0663879 0.0569119 0.0651096 0.4186896 0.1009659 0.0638330 0.0930593 0.1329752 0.1898951 0.1433317 0.1854385 0.1350741 0.1317362 0.0696124 0.1840717 0.1905215 0.0942993 0.1873547 0.1567827 0.0942880 0.0805860 0.1633713 0.0903144 0.1718802 0.2361798 0.0000000 0.0697833 0.0962399 0.0989464 0.1823324 0.0892536 0.0437879 0.0558288 0.1530130 0.0879415 0.1926372 0.0998423 0.0743504 0.0982711 0.0965153 0.1114702 0.0764713 0.1714193 0.0520785 0.1036834 0.1188100 0.0788498 0.2293689 0.0708630 0.1108741 0.1004048 0.1746453 0.0891655 0.0770498 0.0716581 0.0375070 0.2150560 0.2300968 0.0953230 0.0658740 0.0994288 0.0958887 0.1599971 
Perityle_incana_3_ucla                     0.0956409 0.1641207 0.1604714 0.1900596 0.1375494 0.1649422 0.1755036 0.1820538 0.2173046 0.0918411 0.1724524 0.0476505 0.0555270 0.0511837 0.0899115 0.0845002 0.0295371 0.0349249 0.0753359 0.0572394 0.0378111 0.0569835 0.2885089 0.0546954 0.0560513 0.0533372 0.0676391 0.1460349 0.0852496 0.1136552 0.1085575 0.0930653 0.0465696 0.0819472 0.0792321 0.0583530 0.1618167 0.0813097 0.0508325 0.0547792 0.0640217 0.0479660 0.1065857 0.1837300 0.0697833 0.0000000 0.0623237 0.0556812 0.0732615 0.0527241 0.0417399 0.0539585 0.0671648 0.0433320 0.0563332 0.1118188 0.0577544 0.0577517 0.0559986 0.0461583 0.0490126 0.1171669 0.0267660 0.0487906 0.0748593 0.0526567 0.2252552 0.0508227 0.0571259 0.0533245 0.1206526 0.0524554 0.0556310 0.0569384 0.0325608 0.1496576 0.0845914 0.0576601 0.0831114 0.0474569 0.0555662 0.0761491 
