84
Amauria_brandeegeana_62                    0.0000000 0.1103227 0.1325645 0.3343509 0.1833076 0.0183418 0.2871623 0.0860892 0.3020480 0.1426877 0.2311729 0.2349109 0.1551347 0.2101409 0.1618466 0.2047981 0.2543015 0.1382797 0.1696555 0.2031120 0.1857312 0.1906477 0.2487518 0.2044588 0.1937158 0.2318414 0.2032483 0.3339317 0.1963576 0.1532213 0.1094673 0.3996577 0.3336214 0.2860719 0.1581821 0.1397483 0.2049199 0.1856188 0.2224264 0.2246831 0.1577390 0.1986963 0.2330672 0.1482899 0.2307493 0.2878969 0.2311472 0.0602073 0.1900285 0.1977128 0.1653503 0.1993736 0.2060570 0.1724545 0.1944042 0.0883941 0.1180635 0.0817585 0.0754311 0.1946598 0.1946173 0.1925846 0.0486032 0.2636027 0.0450097 0.2241334 0.1966399 0.1988563 0.2260412 0.1277436 0.2273631 0.2058930 0.2266627 0.1920324 0.1890780 0.1985353 0.0401756 0.2261157 0.2693055 0.2253975 0.2271093 0.1893366 0.1977154 0.2817616 
Amauria_carterae_99_mesa                   0.1103227 0.0000000 0.0926681 0.2856959 0.1215696 0.0239471 0.1969164 0.0997404 0.1630471 0.1255901 0.1838289 0.1256504 0.1070043 0.1101037 0.0835468 0.1004088 0.1224731 0.0979405 0.1638030 0.1127403 0.0979998 0.1049711 0.1821020 0.1111575 0.1088119 0.1022974 0.1253728 0.2249538 0.0999048 0.1450995 0.0979446 0.2928584 0.1900344 0.1632488 0.1144432 0.1065046 0.1302474 0.1126053 0.1535049 0.1040350 0.0985437 0.1138505 0.1319391 0.1021066 0.1157542 0.1827111 0.1130031 0.0806316 0.1045615 0.1034100 0.0992542 0.1040063 0.1108997 0.0977949 0.1310601 0.1014328 0.0846133 0.0778354 0.0842420 0.1053826 0.1029155 0.1004798 0.0646861 0.1108956 0.0756297 0.1001959 0.1043983 0.1330068 0.1172252 0.1003719 0.1127271 0.1124115 0.1713274 0.1030627 0.1058121 0.1040571 0.0683777 0.1186560 0.1229189 0.1235058 0.1039893 0.1272053 0.0980203 0.1612697 
Amauria_rotundifolia_SRR9119150            0.1325645 0.0926681 0.0000000 0.3467677 0.1383693 0.0380672 0.2900043 0.1151761 0.2644044 0.1430985 0.2031151 0.1453523 0.1185680 0.1602403 0.0769622 0.1205204 0.1490631 0.0875338 0.1804003 0.1193957 0.1010741 0.1194120 0.2504897 0.1222250 0.1267337 0.1636252 0.1458198 0.2559122 0.1385454 0.1519588 0.1211987 0.3680957 0.2584699 0.2717956 0.1188563 0.0053176 0.1611490 0.1110829 0.1751526 0.1429083 0.0890534 0.1242203 0.1792674 0.1161709 0.1609295 0.2143424 0.1243251 0.0698089 0.1181912 0.1243570 0.1066493 0.1161789 0.1307375 0.1292650 0.1474711 0.0715383 0.1227806 0.0789128 0.0657076 0.1233945 0.1249141 0.1297897 0.0622464 0.1716364 0.0564294 0.1338839 0.1427955 0.1583211 0.1860636 0.1433451 0.1413426 0.1223869 0.1861855 0.1279113 0.1173724 0.1165911 0.0607811 0.1807608 0.1809163 0.1394540 0.1332455 0.1447904 0.1563866 0.1746387 
Conoclinium_coelestinum_SRR9119114         0.3343509 0.2856959 0.3467677 0.0000000 0.3578687 0.0810873 0.2915198 0.1724643 0.3134869 0.3725662 0.3367507 0.3684460 0.3442986 0.3300762 0.2804639 0.3350768 0.3468548 0.2907463 0.3293840 0.3279945 0.3386049 0.3409479 0.2669417 0.3343433 0.3402079 0.3538829 0.3356739 0.4219857 0.3279932 0.3548873 0.2875391 0.4694903 0.4318976 0.4629327 0.3317919 0.3040213 0.3334669 0.3387932 0.3468103 0.3129508 0.3184083 0.3343441 0.3368111 0.3374713 0.3222291 0.3556155 0.3410221 0.1903450 0.3369819 0.3406109 0.3136098 0.3323164 0.3380010 0.3305513 0.3312938 0.3056838 0.2841434 0.2333640 0.2781139 0.3411651 0.3393063 0.3081051 0.2177413 0.3652577 0.1675179 0.3414386 0.3288781 0.3329223 0.3442248 0.2307663 0.3569677 0.3342987 0.4106997 0.3354224 0.3394263 0.3412287 0.2032251 0.3541556 0.3262011 0.3548923 0.3406041 0.3366097 0.3311106 0.3972655 
Eutetras_palmeri_63                        0.1833076 0.1215696 0.1383693 0.3578687 0.0000000 0.0138248 0.2646717 0.1166120 0.2561014 0.1661137 0.2308286 0.1900407 0.1324964 0.1764538 0.1008221 0.1621798 0.2315242 0.0826748 0.1591412 0.1712510 0.1444121 0.1590080 0.2015138 0.1741765 0.1452641 0.2196186 0.1839452 0.2900641 0.1753021 0.1366573 0.1306576 0.3608894 0.2793083 0.2752549 0.1443268 0.1917320 0.1596986 0.1653522 0.2056182 0.1658500 0.1220268 0.1447227 0.1685287 0.1270793 0.1575291 0.2441450 0.1928517 0.0671078 0.1664262 0.1698194 0.1295930 0.1748699 0.1781573 0.1589396 0.1683492 0.0894104 0.1366194 0.1027907 0.0888757 0.1660589 0.1681552 0.1712272 0.0733780 0.2063996 0.0682357 0.1887077 0.1828824 0.1699395 0.1700227 0.1220389 0.1840823 0.1759729 0.1699477 0.1716329 0.1633334 0.1553128 0.0694308 0.1708556 0.1883352 0.1762949 0.1944802 0.1628405 0.1845774 0.2525643 
Eutetras_pringlei_149_quer                 0.0183418 0.0239471 0.0380672 0.0810873 0.0138248 0.0000000 0.0590226 0.0606685 0.0781964 0.0516192 0.0239440 0.0259503 0.0322814 0.0260978 0.0224298 0.0344778 0.0224539 0.0240942 0.0303393 0.0260972 0.0279338 0.0262105 0.0235959 0.0261222 0.0302004 0.0259001 0.0300832 0.1112334 0.0278399 0.0261148 0.0300448 0.0984636 0.0930393 0.0485678 0.0280361 0.0111471 0.0259786 0.0300032 0.0282832 0.0322623 0.0259908 0.0279141 0.0220816 0.0281032 0.0220490 0.0244075 0.0242085 0.0187505 0.0261027 0.0259454 0.0223488 0.0241133 0.0261633 0.0260627 0.0320731 0.0137893 0.0199538 0.0370510 0.0262465 0.0279930 0.0261017 0.0240046 0.0146152 0.0388591 0.0320731 0.0239783 0.0258365 0.0342311 0.0281592 0.0240440 0.0281007 0.0267349 0.0280017 0.0280996 0.0281247 0.0273808 0.0260762 0.0259747 0.0329113 0.0321161 0.0241102 0.0327611 0.0260053 0.0637672 
Eutrochium_fistulosum_SRR9119106           0.2871623 0.1969164 0.2900043 0.2915198 0.2646717 0.0590226 0.0000000 0.1319506 0.2772936 0.2465044 0.3025686 0.2851310 0.2660289 0.2861488 0.1938550 0.2845961 0.2921079 0.2267805 0.2890236 0.2422739 0.2599099 0.2659552 0.2643063 0.2775167 0.2826227 0.2765029 0.2717660 0.3735708 0.2582583 0.2588566 0.2014149 0.4166309 0.3772612 0.3490978 0.2673493 0.2796245 0.2788512 0.2388010 0.2816210 0.2718158 0.2464606 0.2758794 0.2950375 0.2736630 0.2895826 0.3259078 0.2829568 0.1196601 0.2735579 0.2773066 0.2516791 0.2760942 0.2850349 0.2587850 0.2688119 0.2248252 0.2079176 0.1733228 0.1898004 0.2731919 0.2733974 0.2317920 0.1382560 0.2867940 0.1120473 0.2682576 0.2536867 0.2699898 0.2987527 0.1828616 0.2768747 0.2784386 0.3370562 0.2739367 0.2672828 0.2756441 0.1402447 0.3030725 0.2941581 0.2872286 0.2627037 0.2156954 0.2620832 0.2939220 
Galeana_pratensis_104_mex                  0.0860892 0.0997404 0.1151761 0.1724643 0.1166120 0.0606685 0.1319506 0.0000000 0.1333727 0.1163357 0.1092700 0.1107570 0.1129878 0.1082345 0.1060009 0.1137921 0.1152530 0.0961815 0.1369046 0.1034591 0.1082380 0.1102831 0.1591592 0.1083228 0.1128056 0.1141327 0.1090194 0.1925108 0.1239751 0.1457870 0.1437866 0.1977882 0.1597183 0.1651782 0.1173833 0.0812539 0.1275402 0.1141848 0.1306330 0.1119768 0.1109284 0.1089965 0.1227417 0.1085582 0.1213838 0.1349598 0.1144217 0.0692199 0.1077098 0.1094655 0.1212799 0.1054249 0.1235069 0.1031351 0.1128665 0.1293489 0.1307334 0.1095682 0.1148142 0.1111140 0.1084924 0.1230928 0.1150814 0.1143233 0.0886972 0.1110741 0.1284596 0.1129649 0.1077137 0.0997622 0.1128248 0.1085516 0.1532397 0.1057519 0.1099025 0.1045608 0.1018999 0.1072528 0.1109590 0.1222851 0.1089510 0.1287282 0.1061621 0.1114235 
Helianthus_annuus_SRR9119062               0.3020480 0.1630471 0.2644044 0.3134869 0.2561014 0.0781964 0.2772936 0.1333727 0.0000000 0.2890558 0.2876029 0.2937896 0.2478040 0.2823693 0.1669799 0.2585444 0.2702428 0.2158826 0.2490885 0.2584476 0.2564610 0.2547694 0.2357041 0.2679006 0.2619579 0.2782946 0.2825741 0.3897754 0.2588918 0.2275979 0.1894307 0.4266825 0.3410454 0.3854327 0.2435803 0.2330570 0.3165737 0.2524078 0.2542955 0.2404776 0.2470679 0.2573204 0.2841514 0.2449080 0.2651226 0.2729643 0.2691540 0.1077983 0.2585322 0.2685584 0.2399590 0.2595064 0.2750721 0.2653483 0.2717789 0.1863697 0.1859141 0.1620794 0.1850939 0.2591646 0.2684375 0.2151597 0.1482987 0.3024750 0.1231386 0.2811790 0.2542124 0.2791767 0.3160047 0.2313498 0.2811523 0.2685453 0.2922856 0.2686085 0.2528353 0.2706281 0.1389011 0.3260031 0.2897572 0.2855218 0.2814536 0.2050197 0.2718056 0.2619291 
Lycapsus_tenuifolius_17                    0.1426877 0.1255901 0.1430985 0.3725662 0.1661137 0.0516192 0.2465044 0.1163357 0.2890558 0.0000000 0.1911026 0.2111956 0.1648747 0.1721280 0.4633981 0.1389877 0.2433870 0.0949591 0.1808902 0.1596731 0.1603600 0.1694328 0.2562791 0.1722318 0.1735503 0.1757174 0.1755982 0.3908570 0.1872692 0.1764746 0.1348780 0.1991234 0.1673849 0.1420323 0.1511059 0.1037811 0.1917610 0.1623834 0.1805555 0.1434266 0.1216564 0.1708548 0.2046525 0.1435119 0.1850091 0.2462753 0.1783984 0.0855322 0.1637986 0.1639338 0.1162889 0.1702997 0.1766723 0.1679949 0.1797942 0.3962376 0.1248226 0.1102316 0.1031617 0.1612770 0.1635851 0.1818331 0.0758148 0.2441814 0.0889577 0.1870576 0.1867628 0.1851987 0.2048370 0.1469020 0.1999068 0.1750035 0.2395265 0.1612745 0.1674568 0.1716205 0.0960846 0.2040203 0.2094238 0.2011327 0.1852205 0.6162469 0.1564535 0.1344885 
Pericome_caudata_50_silver                 0.2311729 0.1838289 0.2031151 0.3367507 0.2308286 0.0239440 0.3025686 0.1092700 0.2876029 0.1911026 0.0000000 0.2484198 0.1833021 0.1958747 0.2411235 0.2026430 0.2702129 0.1344831 0.1590086 0.2050803 0.1749281 0.1993606 0.1964662 0.1980500 0.1838522 0.2396584 0.2077582 0.3079763 0.2099807 0.1892037 0.1464326 0.3178334 0.2730282 0.3191803 0.1856487 0.2684676 0.1904563 0.1953914 0.2029971 0.2187086 0.1397249 0.1834519 0.1679693 0.1628351 0.1427353 0.2868825 0.2299748 0.1121621 0.1957139 0.1970578 0.1359220 0.1931528 0.2000638 0.1848906 0.2127825 0.1636724 0.1541888 0.0971146 0.1030342 0.1973922 0.1943692 0.2105591 0.0757777 0.2769034 0.0955167 0.2346082 0.2123550 0.2161947 0.1349164 0.1161064 0.2355948 0.1990208 0.2481102 0.1934471 0.1950309 0.1873828 0.0753424 0.1301486 0.1990929 0.2348899 0.2272388 0.3117584 0.1918145 0.2770760 
Perityle_aglossa_84_dead_horse             0.2349109 0.1256504 0.1453523 0.3684460 0.1900407 0.0259503 0.2851310 0.1107570 0.2937896 0.2111956 0.2484198 0.0000000 0.0902441 0.1366919 0.0014718 0.1323328 0.1269117 0.1068168 0.1889600 0.0975207 0.0895240 0.0978840 0.2281187 0.1246110 0.1097389 0.1610418 0.1244505 0.2452869 0.1568616 0.1638759 0.1517788 0.4064439 0.3088331 0.2985492 0.0925754 0.2226720 0.1770761 0.0958279 0.1942400 0.1711387 0.0711730 0.1068012 0.1721401 0.0854812 0.1555748 0.2375453 0.1185317 0.0648054 0.1072935 0.1180278 0.1064774 0.1047775 0.1279099 0.1231280 0.1272105 0.0277281 0.1219270 0.0600572 0.0476391 0.1120247 0.1274798 0.1625456 0.0785873 0.1779609 0.0381769 0.0051626 0.1664854 0.1336739 0.1840957 0.1173787 0.1168531 0.1227864 0.2051438 0.1240212 0.1018489 0.0902032 0.0215079 0.1767129 0.2230720 0.1348236 0.0703165 0.1481453 0.1333490 0.1992909 
Perityle_ajoensis_204                      0.1551347 0.1070043 0.1185680 0.3442986 0.1324964 0.0322814 0.2660289 0.1129878 0.2478040 0.1648747 0.1833021 0.0902441 0.0000000 0.0254775 0.0264405 0.0743545 0.1000833 0.0778944 0.1507998 0.0725847 0.0311490 0.0162556 0.1978934 0.0244417 0.0213899 0.0567759 0.1015159 0.2494600 0.1272142 0.1682476 0.1512542 0.3200857 0.2561714 0.2877237 0.0632910 0.1245663 0.1460645 0.0730589 0.1481772 0.0707093 0.0219142 0.0268322 0.1242375 0.0161932 0.1128556 0.1911793 0.0686823 0.0753964 0.0126234 0.0135826 0.0776440 0.0279290 0.0268209 0.0287113 0.1022000 0.0349974 0.1002302 0.0591681 0.0391618 0.0157295 0.0125806 0.1280858 0.0734176 0.1383013 0.0373436 0.0790723 0.1333232 0.1064043 0.1544522 0.1019077 0.0961351 0.0246026 0.1875214 0.0153040 0.0136124 0.0171974 0.0077854 0.1495898 0.1328270 0.0940240 0.0767906 0.1332679 0.0102788 0.1446052 
Perityle_ambrosiifolia_67_green            0.2101409 0.1101037 0.1602403 0.3300762 0.1764538 0.0260978 0.2861488 0.1082345 0.2823693 0.1721280 0.1958747 0.1366919 0.0254775 0.0000000 0.1221148 0.1224871 0.1502490 0.1170832 0.1706673 0.1203769 0.0662939 0.0355909 0.2368634 0.0460969 0.0627602 0.0979512 0.1685353 0.3067444 0.1866799 0.1675046 0.1581862 0.3787215 0.2813140 0.2920049 0.1019055 0.1331334 0.2033116 0.0852716 0.2212109 0.1298106 0.0502884 0.0481398 0.1888351 0.0251976 0.1688993 0.2691817 0.1193803 0.0760268 0.0632768 0.0627291 0.1291055 0.0510048 0.0673909 0.0623764 0.1532500 0.0316379 0.1197990 0.0565700 0.0358840 0.0418061 0.0609218 0.1624319 0.0753048 0.1680593 0.0418506 0.1280544 0.1900276 0.1556702 0.2022951 0.1064464 0.1382797 0.0468359 0.2093902 0.0638138 0.0370655 0.0632155 0.0109297 0.2085005 0.2064177 0.1376913 0.1230159 0.1510314 0.0743132 0.1582624 
Perityle_angustifolia_13_Eagle_creek       0.1618466 0.0835468 0.0769622 0.2804639 0.1008221 0.0224298 0.1938550 0.1060009 0.1669799 0.4633981 0.2411235 0.0014718 0.0264405 0.1221148 0.0000000 0.0482515 0.0153444 0.1023293 0.1855388 0.0516453 0.0231745 0.0196424 0.1780065 0.0310138 0.0254374 0.0242178 0.0585407 0.0774007 0.0895887 0.1000829 0.0741137 0.5646411 0.8543228 0.4875885 0.0210523 9.0000000 0.0862952 0.0359972 0.2153685 0.1178474 0.0341167 0.0357186 0.0826411 0.0281939 0.0785710 0.1565006 0.0263035 0.0594464 0.0241955 0.0254043 0.0844494 0.0220793 0.0489049 0.0173268 0.0540008 0.0191657 0.1184343 0.0518963 0.0310566 0.0231957 0.0240011 0.0931651 0.0694673 0.0527177 0.0185888 0.0014699 0.0952391 0.0538042 0.0868946 0.0197675 0.0460421 0.0309583 0.1188184 0.0225108 0.0182501 0.0254464 0.0074866 0.0938040 0.0740972 0.0429502 0.0183913 0.0890933 0.0210244 0.4226422 
Perityle_batopilensis_97                   0.2047981 0.1004088 0.1205204 0.3350768 0.1621798 0.0344778 0.2845961 0.1137921 0.2585444 0.1389877 0.2026430 0.1323328 0.0743545 0.1224871 0.0482515 0.0000000 0.1379582 0.0978090 0.1832261 0.1113239 0.0813019 0.0962393 0.2332173 0.1210041 0.0941208 0.1707617 0.1539280 0.2509944 0.1560131 0.1566699 0.1497061 0.3878823 0.2820768 0.2627379 0.0804627 0.1452844 0.1551597 0.1099654 0.1766185 0.0773342 0.0699294 0.0942644 0.1443988 0.0894822 0.1271180 0.1993772 0.1142106 0.0719524 0.1137355 0.1118215 0.0961640 0.0989352 0.1247158 0.0935437 0.1358917 0.0487251 0.1122646 0.0646829 0.0387830 0.1146118 0.1210888 0.1439970 0.0759410 0.1591104 0.0706322 0.1294688 0.1593815 0.1377887 0.1570994 0.1067890 0.1258466 0.1217364 0.1979669 0.1247884 0.1105165 0.0858948 0.0294844 0.1556586 0.1747628 0.1180562 0.1249044 0.1229117 0.1046692 0.1799286 
Perityle_bisetosa_9                        0.2543015 0.1224731 0.1490631 0.3468548 0.2315242 0.0224539 0.2921079 0.1152530 0.2702428 0.2433870 0.2702129 0.1269117 0.1000833 0.1502490 0.0153444 0.1379582 0.0000000 0.1219522 0.2084027 0.1144744 0.0894979 0.1122155 0.2090232 0.1356643 0.1002681 0.1823400 0.1799423 0.2693685 0.1773439 0.1617153 0.1493312 0.4240799 0.3194888 0.3068642 0.0886166 0.2506867 0.2003176 0.1098852 0.2070497 0.1705003 0.0717478 0.0950771 0.1916199 0.0815043 0.1634434 0.2418697 0.1125671 0.0716964 0.1170116 0.1281456 0.1210256 0.1288051 0.1273630 0.1222572 0.1626917 0.0113657 0.1344942 0.0748430 0.0753161 0.1165300 0.1325163 0.1662066 0.0779360 0.1728894 0.0326387 0.1383428 0.1876538 0.1819278 0.2041652 0.1473652 0.1245688 0.1363096 0.1880862 0.1443528 0.1192115 0.0945305 0.0430851 0.1916878 0.2427358 0.1416464 0.1242799 0.1364818 0.1691577 0.2212788 
Perityle_californica_76_positas            0.1382797 0.0979405 0.0875338 0.2907463 0.0826748 0.0240942 0.2267805 0.0961815 0.2158826 0.0949591 0.1344831 0.1068168 0.0778944 0.1170832 0.1023293 0.0978090 0.1219522 0.0000000 0.1618898 0.1042378 0.0835349 0.0814495 0.2377984 0.0927254 0.0914489 0.0972980 0.1280729 0.2572061 0.1197163 0.1217826 0.1226863 0.2733869 0.1836020 0.2076820 0.0803087 0.0450086 0.1470870 0.0960547 0.1772291 0.1214423 0.0923498 0.0908116 0.1173425 0.0784455 0.1137461 0.1680343 0.0892939 0.0374534 0.0852172 0.0850549 0.1027219 0.0886999 0.0966509 0.0914207 0.1281439 0.0813439 0.1036745 0.0720621 0.0694283 0.0809542 0.0840365 0.1112742 0.0565107 0.1182183 0.0621739 0.0900772 0.1239257 0.1330597 0.1306908 0.1072693 0.1026307 0.0933608 0.1483969 0.0856450 0.0783426 0.0859816 0.0547516 0.1320108 0.1037731 0.0953543 0.0981585 0.1435020 0.0817684 0.1079034 
Perityle_canescens_77                      0.1696555 0.1638030 0.1804003 0.3293840 0.1591412 0.0303393 0.2890236 0.1369046 0.2490885 0.1808902 0.1590086 0.1889600 0.1507998 0.1706673 0.1855388 0.1832261 0.2084027 0.1618898 0.0000000 0.1839963 0.1535933 0.1658908 0.2253895 0.1697964 0.1728941 0.1984362 0.1783914 0.3000129 0.1781999 0.1820731 0.1902467 0.3606006 0.2990403 0.3123788 0.1593335 0.1809939 0.1489874 0.1718487 0.2195822 0.1814514 0.1607005 0.1719595 0.1249456 0.1502438 0.1317587 0.2359599 0.1798459 0.0694219 0.1642463 0.1680234 0.1320583 0.1645077 0.1734067 0.1532640 0.1743965 0.1253003 0.1458040 0.1160345 0.1090898 0.1650395 0.1664801 0.1795200 0.1167940 0.2115079 0.0760146 0.1739596 0.1806809 0.1792073 0.1841524 0.1252744 0.1963964 0.1702986 0.2287744 0.1638594 0.1603737 0.1645009 0.1027225 0.1837373 0.1705896 0.1845786 0.1696396 0.2220495 0.1647140 0.2320557 
Perityle_castillonii_96                    0.2031120 0.1127403 0.1193957 0.3279945 0.1712510 0.0260972 0.2422739 0.1034591 0.2584476 0.1596731 0.2050803 0.0975207 0.0725847 0.1203769 0.0516453 0.1113239 0.1144744 0.1042378 0.1839963 0.0000000 0.0653567 0.0833835 0.2306997 0.1075059 0.0897694 0.1330221 0.1383414 0.2591876 0.1523591 0.1546846 0.1541062 0.3770215 0.2611814 0.2747974 0.0823946 0.1346828 0.1639149 0.0185646 0.1850785 0.1330371 0.0741243 0.0911809 0.1523227 0.0772535 0.1385318 0.2017857 0.1036162 0.0696106 0.0973921 0.1058791 0.1046282 0.0897806 0.1076860 0.1128192 0.1200344 0.0386563 0.1300005 0.0568355 0.0417596 0.0957690 0.1028636 0.1476210 0.0702650 0.1423398 0.0412860 0.0942080 0.1576123 0.1281000 0.1768929 0.0453374 0.0474275 0.1080713 0.1797881 0.1128117 0.0834014 0.0769523 0.0259378 0.1682494 0.1929463 0.0903834 0.0965593 0.1189476 0.1230294 0.1708119 
Perityle_cernua_84                         0.1857312 0.0979998 0.1010741 0.3386049 0.1444121 0.0279338 0.2599099 0.1082380 0.2564610 0.1603600 0.1749281 0.0895240 0.0311490 0.0662939 0.0231745 0.0813019 0.0894979 0.0835349 0.1535933 0.0653567 0.0000000 0.0304633 0.2109967 0.0318830 0.0315250 0.0706394 0.1144202 0.2431080 0.1312803 0.1465589 0.1411501 0.3354988 0.2523833 0.2748300 0.0473968 0.1110637 0.1489435 0.0604691 0.1818582 0.1110787 0.0215999 0.0323086 0.1383112 0.0291959 0.1200152 0.2000722 0.0663554 0.0668414 0.0287571 0.0304609 0.0867925 0.0314228 0.0355197 0.0410389 0.1119562 0.0251692 0.1236594 0.0528084 0.0286301 0.0306216 0.0281062 0.1332715 0.0716964 0.1263321 0.0380214 0.0772030 0.1368437 0.1147765 0.1511785 0.0860245 0.0797138 0.0315544 0.1713419 0.0302061 0.0291393 0.0289075 0.0097180 0.1470324 0.1466988 0.0848953 0.0819533 0.1272029 0.0421690 0.1494367 
Perityle_cfvillosa_25_tin                  0.1906477 0.1049711 0.1194120 0.3409479 0.1590080 0.0262105 0.2659552 0.1102831 0.2547694 0.1694328 0.1993606 0.0978840 0.0162556 0.0355909 0.0196424 0.0962393 0.1122155 0.0814495 0.1658908 0.0833835 0.0304633 0.0000000 0.2034634 0.0221066 0.0220514 0.0558983 0.1304445 0.2465103 0.1411931 0.1628651 0.1472654 0.3488293 0.2687350 0.2901352 0.0621626 0.1401827 0.1509869 0.0804398 0.1793960 0.1125741 0.0156532 0.0238137 0.1404156 0.0145770 0.1287194 0.2072989 0.0860151 0.0705336 0.0119387 0.0032859 0.0828652 0.0236716 0.0221286 0.0303902 0.1185529 0.0290074 0.1112162 0.0545591 0.0338877 0.0066210 0.0028280 0.1447852 0.0691378 0.1504359 0.0395688 0.0873990 0.1470633 0.1223320 0.1567206 0.1017463 0.1021871 0.0222122 0.1814364 0.0129005 0.0104754 0.0136498 0.0029134 0.1525231 0.1537451 0.1069015 0.0833065 0.1288911 0.0092850 0.1624185 
Perityle_cinerea_113_Powell1310            0.2487518 0.1821020 0.2504897 0.2669417 0.2015138 0.0235959 0.2643063 0.1591592 0.2357041 0.2562791 0.1964662 0.2281187 0.1978934 0.2368634 0.1780065 0.2332173 0.2090232 0.2377984 0.2253895 0.2306997 0.2109967 0.2034634 0.0000000 0.2205600 0.2151093 0.2177351 0.2371088 0.3850417 0.2350572 0.1954275 0.2026798 0.3726994 0.3363915 0.2986753 0.1849136 0.2282137 0.2783777 0.2040312 0.2494273 0.2393084 0.2201328 0.2156435 0.2190929 0.1967756 0.2433407 0.2446408 0.2105716 0.1135639 0.2183033 0.2188773 0.2496137 0.2210806 0.2281558 0.2104300 0.2311556 0.0830516 0.2021545 0.1614174 0.1776436 0.2031170 0.2249832 0.2112147 0.1786029 0.2190265 0.0548294 0.2286797 0.2386457 0.2324380 0.2594298 0.0958098 0.2264156 0.2217104 0.2414825 0.2252942 0.2013466 0.2257389 0.1167027 0.2620300 0.2726361 0.2488422 0.2325545 0.1841924 0.2260566 0.2969588 
Perityle_coahuilensis_24                   0.2044588 0.1111575 0.1222250 0.3343433 0.1741765 0.0261222 0.2775167 0.1083228 0.2679006 0.1722318 0.1980500 0.1246110 0.0244417 0.0460969 0.0310138 0.1210041 0.1356643 0.0927254 0.1697964 0.1075059 0.0318830 0.0221066 0.2205600 0.0000000 0.0295628 0.0704890 0.1908285 0.2955950 0.1704466 0.1673203 0.1581172 0.3799625 0.2676673 0.2920266 0.0899764 0.1342878 0.1709707 0.0826675 0.2403874 0.1266018 0.0032457 0.0095511 0.1645226 0.0234716 0.1395811 0.2597571 0.1015245 0.0748654 0.0227383 0.0255433 0.1127780 0.0157393 0.0290774 0.0349952 0.1445772 0.0271508 0.1329856 0.0565486 0.0366640 0.0219391 0.0297616 0.1467018 0.0753562 0.1466524 0.0571707 0.1322102 0.1681933 0.1707616 0.1701092 0.1076485 0.1084486 0.0007030 0.1823977 0.0337371 0.0204947 0.0224236 0.0119373 0.1620541 0.1925502 0.1298734 0.0995314 0.1382172 0.1170179 0.1599722 
Perityle_cochisensis_44_cave_creek         0.1937158 0.1088119 0.1267337 0.3402079 0.1452641 0.0302004 0.2826227 0.1128056 0.2619579 0.1735503 0.1838522 0.1097389 0.0213899 0.0627602 0.0254374 0.0941208 0.1002681 0.0914489 0.1728941 0.0897694 0.0315250 0.0220514 0.2151093 0.0295628 0.0000000 0.0760189 0.1370452 0.2743548 0.1455813 0.1617545 0.1498795 0.3636445 0.2759169 0.2931141 0.0804613 0.1305479 0.1625931 0.0703421 0.2116294 0.1134694 0.0259613 0.0305707 0.1488322 0.0230232 0.1284592 0.2295408 0.0796957 0.0743590 0.0190389 0.0218265 0.1010376 0.0281047 0.0281865 0.0357261 0.1180769 0.0316048 0.1158272 0.0537011 0.0353163 0.0227255 0.0198906 0.1384126 0.0733941 0.1351400 0.0371659 0.1066148 0.1375155 0.1380572 0.1653647 0.0996023 0.1025915 0.0287437 0.1846611 0.0240446 0.0212719 0.0209887 0.0067989 0.1553190 0.1480877 0.1005118 0.0829037 0.1426402 0.0171061 0.1601169 
Perityle_congesta_202                      0.2318414 0.1022974 0.1636252 0.3538829 0.2196186 0.0259001 0.2765029 0.1141327 0.2782946 0.1757174 0.2396584 0.1610418 0.0567759 0.0979512 0.0242178 0.1707617 0.1823400 0.0972980 0.1984362 0.1330221 0.0706394 0.0558983 0.2177351 0.0704890 0.0760189 0.0000000 0.2142530 0.3108189 0.2226643 0.2128783 0.1448210 0.3759883 0.2760873 0.3043435 0.1330730 0.1320988 0.2124471 0.1206585 0.2506191 0.1504243 0.0715543 0.0775694 0.2184239 0.0680902 0.1730496 0.2679150 0.1349980 0.0702981 0.0590757 0.0627423 0.1625779 0.0649962 0.0725473 0.0927354 0.1966982 0.1105681 0.1719769 0.0638811 0.0620860 0.0640244 0.0574842 0.1773075 0.0816501 0.1625660 0.0489074 0.1548245 0.2127073 0.2098648 0.2037976 0.0968927 0.1567356 0.0703650 0.2309033 0.0578169 0.0552100 0.0606112 0.0009638 0.2107454 0.2063140 0.1793870 0.1450029 0.1367156 0.0819366 0.1804823 
Perityle_cordifolia_27                     0.2032483 0.1253728 0.1458198 0.3356739 0.1839452 0.0300832 0.2717660 0.1090194 0.2825741 0.1755982 0.2077582 0.1244505 0.1015159 0.1685353 0.0585407 0.1539280 0.1799423 0.1280729 0.1783914 0.1383414 0.1144202 0.1304445 0.2371088 0.1908285 0.1370452 0.2142530 0.0000000 0.2417943 0.1847092 0.1530333 0.1528618 0.4263476 0.3008939 0.2698127 0.0976101 0.1752403 0.1791267 0.1408986 0.2119888 0.1663544 0.1333118 0.1322010 0.1548366 0.1200867 0.1617794 0.2243295 0.1683046 0.0676863 0.1503217 0.1738213 0.1349896 0.1380024 0.1798136 0.1442302 0.0351334 0.0492939 0.1520245 0.0803978 0.0697569 0.1472473 0.1896802 0.1695255 0.0869071 0.1914841 0.0231983 0.1435619 0.2068199 0.0499057 0.1712533 0.0963438 0.1408748 0.2016317 0.1949005 0.1884579 0.1499695 0.1154860 0.0434767 0.1668627 0.2241041 0.1550629 0.1485132 0.1541126 0.2057343 0.2176194 
Perityle_cordifolia_68_tecolote            0.3339317 0.2249538 0.2559122 0.4219857 0.2900641 0.1112334 0.3735708 0.1925108 0.3897754 0.3908570 0.3079763 0.2452869 0.2494600 0.3067444 0.0774007 0.2509944 0.2693685 0.2572061 0.3000129 0.2591876 0.2431080 0.2465103 0.3850417 0.2955950 0.2743548 0.3108189 0.2417943 0.0000000 0.2400301 0.2565060 0.2773899 0.5762750 0.5197022 0.4699463 0.2087797 0.4304208 0.2904410 0.2707194 0.3243957 0.3042387 0.2701195 0.2743395 0.2624595 0.2746267 0.2887499 0.3386089 0.2723005 0.1482930 0.2619220 0.2790210 0.2488596 0.2552241 0.2929434 0.2585529 0.2569949 0.0725735 0.2431340 0.1647688 0.2226872 0.2761609 0.2755517 0.2676162 0.2200712 0.2704509 0.1420927 0.2147445 0.2535368 0.2577522 0.2948306 0.2719974 0.2677360 0.2886229 0.3235185 0.2817056 0.2588717 0.2436267 0.1990631 0.2864588 0.3482992 0.2516321 0.2503346 0.1538568 0.2657132 0.4598230 
Perityle_coronopifolia_28_patagonia        0.1963576 0.0999048 0.1385454 0.3279932 0.1753021 0.0278399 0.2582583 0.1239751 0.2588918 0.1872692 0.2099807 0.1568616 0.1272142 0.1866799 0.0895887 0.1560131 0.1773439 0.1197163 0.1781999 0.1523591 0.1312803 0.1411931 0.2350572 0.1704466 0.1455813 0.2226643 0.1847092 0.2400301 0.0000000 0.1411717 0.1446438 0.3913178 0.2601824 0.2698570 0.1425052 0.1714219 0.1519843 0.1437655 0.1730965 0.1559112 0.1236465 0.1449605 0.1518283 0.1387134 0.1396536 0.1967481 0.1675589 0.0765510 0.1581999 0.1560293 0.1221606 0.1457966 0.1738847 0.1547355 0.1634937 0.0750019 0.0776608 0.0918047 0.0909856 0.1597652 0.1634260 0.0411714 0.0291710 0.1744545 0.0737356 0.1612512 0.0192705 0.1715839 0.1533487 0.1292154 0.1554320 0.1714773 0.1816169 0.1724619 0.1549964 0.1346935 0.0757782 0.1557608 0.1909539 0.1644706 0.1614164 0.0810755 0.2185786 0.2058252 
Perityle_crassifolia_70_ventanas           0.1532213 0.1450995 0.1519588 0.3548873 0.1366573 0.0261148 0.2588566 0.1457870 0.2275979 0.1764746 0.1892037 0.1638759 0.1682476 0.1675046 0.1000829 0.1566699 0.1617153 0.1217826 0.1820731 0.1546846 0.1465589 0.1628651 0.1954275 0.1673203 0.1617545 0.2128783 0.1530333 0.2565060 0.1411717 0.0000000 0.0022792 0.3585639 0.3129792 0.1757224 0.1617671 0.2161191 0.1665143 0.1515239 0.1516755 0.1514788 0.1428451 0.1671163 0.1662939 0.1547872 0.1519115 0.1936486 0.1648498 0.0617852 0.1609898 0.1612349 0.1360641 0.1658360 0.1747413 0.1611857 0.1553765 0.1020137 0.1203815 0.1189366 0.1269402 0.1642444 0.1609814 0.1466805 0.1084625 0.1769946 0.0727465 0.1537090 0.1404446 0.1614415 0.1515094 0.1451578 0.1588975 0.1690976 0.0618213 0.1559944 0.1599319 0.1657770 0.1151514 0.1491460 0.1752251 0.1709032 0.1473875 0.1800870 0.1570843 0.2246881 
Perityle_crassifolia_74_playa_balandra     0.1094673 0.0979446 0.1211987 0.2875391 0.1306576 0.0300448 0.2014149 0.1437866 0.1894307 0.1348780 0.1464326 0.1517788 0.1512542 0.1581862 0.0741137 0.1497061 0.1493312 0.1226863 0.1902467 0.1541062 0.1411501 0.1472654 0.2026798 0.1581172 0.1498795 0.1448210 0.1528618 0.2773899 0.1446438 0.0022792 0.0000000 0.2093442 0.1876291 0.1252977 0.1492885 0.1293180 0.1558300 0.1542890 0.1597631 0.1377750 0.1606463 0.1587127 0.1462963 0.1469121 0.1426116 0.1622627 0.1491823 0.0516065 0.1462753 0.1449129 0.1516377 0.1541919 0.1655324 0.1444141 0.1546782 0.0772459 0.1027198 0.1319464 0.1439967 0.1465303 0.1454683 0.1440300 0.1027094 0.1478202 0.0672203 0.1408040 0.1449679 0.1564351 0.1247331 0.1364424 0.1505202 0.1605439 0.0581423 0.1415025 0.1468051 0.1485462 0.1236473 0.1162390 0.1463830 0.1532899 0.1400233 0.0921396 0.1423377 0.1616429 
Perityle_cuneata_34_cuneata_San_antonio    0.3996577 0.2928584 0.3680957 0.4694903 0.3608894 0.0984636 0.4166309 0.1977882 0.4266825 0.1991234 0.3178334 0.4064439 0.3200857 0.3787215 0.5646411 0.3878823 0.4240799 0.2733869 0.3606006 0.3770215 0.3354988 0.3488293 0.3726994 0.3799625 0.3636445 0.3759883 0.4263476 0.5762750 0.3913178 0.3585639 0.2093442 0.0000000 0.2523769 0.3297950 0.3419134 0.1967350 0.3836967 0.3511678 0.4373010 0.4054013 0.3543767 0.3713780 0.3748924 0.3298967 0.3585284 0.4815746 0.3785140 0.2706277 0.3722141 0.3817953 0.3386148 0.3654924 0.3805858 0.3725255 0.4046356 0.5409974 0.3350215 0.2332852 0.2374991 0.3596638 0.3804977 0.3743099 0.1763302 0.3768475 0.2409179 0.4026672 0.3923217 0.4138906 0.3916488 0.2398736 0.4038649 0.3829177 0.4365086 0.3764319 0.3539465 0.3829085 0.2215409 0.4015561 0.4242759 0.3952502 0.3808739 0.5684821 0.3974297 0.2478085 
Perityle_cuneata_4                         0.3336214 0.1900344 0.2584699 0.4318976 0.2793083 0.0930393 0.3772612 0.1597183 0.3410454 0.1673849 0.2730282 0.3088331 0.2561714 0.2813140 0.8543228 0.2820768 0.3194888 0.1836020 0.2990403 0.2611814 0.2523833 0.2687350 0.3363915 0.2676673 0.2759169 0.2760873 0.3008939 0.5197022 0.2601824 0.3129792 0.1876291 0.2523769 0.0000000 0.2883539 0.2651370 0.1814086 0.3206655 0.2593786 0.2859627 0.3016757 0.2140375 0.2680055 0.3360447 0.2613171 0.2953700 0.3829310 0.2804970 0.1870258 0.2689391 0.2708655 0.2120393 0.2712991 0.2758388 0.2533437 0.3035736 0.8325773 0.1971176 0.1624584 0.1915281 0.2642129 0.2668629 0.2530937 0.0996705 0.3051132 0.1745069 0.2761497 0.2601857 0.3063041 0.3541007 0.2708414 0.3041892 0.2702706 0.4054810 0.2658168 0.2623537 0.2719593 0.1541519 0.3529537 0.3035213 0.2956501 0.2696895 0.7423950 0.2721225 0.2012126 
Perityle_discoidea_81                      0.2860719 0.1632488 0.2717956 0.4629327 0.2752549 0.0485678 0.3490978 0.1651782 0.3854327 0.1420323 0.3191803 0.2985492 0.2877237 0.2920049 0.4875885 0.2627379 0.3068642 0.2076820 0.3123788 0.2747974 0.2748300 0.2901352 0.2986753 0.2920266 0.2931141 0.3043435 0.2698127 0.4699463 0.2698570 0.1757224 0.1252977 0.3297950 0.2883539 0.0000000 0.2822915 0.2394536 0.2991891 0.2705278 0.2493932 0.2507491 0.2303428 0.2913979 0.3169290 0.2756549 0.2958903 0.3209170 0.3054476 0.0915294 0.2827683 0.2850832 0.2132586 0.2895055 0.2988076 0.2910658 0.2679606 0.4317171 0.1708935 0.1840661 0.2099757 0.2853647 0.2860909 0.2585647 0.1133879 0.3441439 0.0897221 0.2653179 0.2748973 0.2737306 0.3156881 0.2742229 0.3006605 0.2965788 0.2559560 0.2747417 0.2819366 0.2954562 0.1798004 0.3148328 0.3269235 0.3223731 0.2670049 0.7856595 0.2780368 0.2433356 
Perityle_dissecta_201                      0.1581821 0.1144432 0.1188563 0.3317919 0.1443268 0.0280361 0.2673493 0.1173833 0.2435803 0.1511059 0.1856487 0.0925754 0.0632910 0.1019055 0.0210523 0.0804627 0.0886166 0.0803087 0.1593335 0.0823946 0.0473968 0.0621626 0.1849136 0.0899764 0.0804613 0.1330730 0.0976101 0.2087797 0.1425052 0.1617671 0.1492885 0.3419134 0.2651370 0.2822915 0.0000000 0.1499771 0.1111554 0.0744035 0.1657504 0.1041678 0.0555814 0.0850240 0.1357875 0.0706192 0.1140076 0.1873526 0.0665708 0.0700231 0.0794418 0.0863065 0.0873226 0.0655728 0.0952285 0.0672144 0.0884141 0.0214415 0.1132766 0.0619540 0.0311314 0.0843272 0.0849372 0.1316168 0.0783119 0.1382115 0.0456316 0.0823045 0.1465982 0.0983941 0.1326171 0.0761541 0.1013258 0.0904882 0.1964016 0.0920310 0.0731774 0.0653843 0.0216368 0.1339306 0.1438730 0.0837829 0.0866820 0.1340061 0.0596495 0.1713215 
Perityle_emoryi_47_punta_san_jose          0.1397483 0.1065046 0.0053176 0.3040213 0.1917320 0.0111471 0.2796245 0.0812539 0.2330570 0.1037811 0.2684676 0.2226720 0.1245663 0.1331334 9.0000000 0.1452844 0.2506867 0.0450086 0.1809939 0.1346828 0.1110637 0.1401827 0.2282137 0.1342878 0.1305479 0.1320988 0.1752403 0.4304208 0.1714219 0.2161191 0.1293180 0.1967350 0.1814086 0.2394536 0.1499771 0.0000000 0.2213714 0.1346261 0.1261022 0.1574418 0.0326652 0.1277809 0.2730581 0.0971217 0.1947157 0.2677369 0.1725690 0.0551126 0.1282984 0.1380750 0.0545405 0.1331362 0.1334614 0.1346643 0.1713322 9.0000000 0.0676481 0.0481196 0.0303242 0.1356456 0.1342486 0.1698617 0.0251371 0.2747364 0.0325063 0.1993904 0.1764226 0.1776214 0.2486817 0.1710940 0.1896925 0.1350428 0.2916678 0.1285589 0.1330795 0.1327532 0.0272038 0.2383058 0.2590859 0.1749207 0.1994264 0.6489787 0.1331195 0.1634068 
Perityle_feddemae_99                       0.2049199 0.1302474 0.1611490 0.3334669 0.1596986 0.0259786 0.2788512 0.1275402 0.3165737 0.1917610 0.1904563 0.1770761 0.1460645 0.2033116 0.0862952 0.1551597 0.2003176 0.1470870 0.1489874 0.1639149 0.1489435 0.1509869 0.2783777 0.1709707 0.1625931 0.2124471 0.1791267 0.2904410 0.1519843 0.1665143 0.1558300 0.3836967 0.3206655 0.2991891 0.1111554 0.2213714 0.0000000 0.1624785 0.2111104 0.1937048 0.1526881 0.1694245 0.0749854 0.1569852 0.0992553 0.2253098 0.1823991 0.0766674 0.1636029 0.1645477 0.0750300 0.1517332 0.1744136 0.1463446 0.1699093 0.0757737 0.1323521 0.1066523 0.0913703 0.1683640 0.1667757 0.1553584 0.0739195 0.1967980 0.0648153 0.1686163 0.1597826 0.1821970 0.1675764 0.1177339 0.1756470 0.1725106 0.2203527 0.1703272 0.1555281 0.1554788 0.0668331 0.1654152 0.2070591 0.1744358 0.1734338 0.1597313 0.1596637 0.2445387 
Perityle_fosteri_93                        0.1856188 0.1126053 0.1110829 0.3387932 0.1653522 0.0300032 0.2388010 0.1141848 0.2524078 0.1623834 0.1953914 0.0958279 0.0730589 0.0852716 0.0359972 0.1099654 0.1098852 0.0960547 0.1718487 0.0185646 0.0604691 0.0804398 0.2040312 0.0826675 0.0703421 0.1206585 0.1408986 0.2707194 0.1437655 0.1515239 0.1542890 0.3511678 0.2593786 0.2705278 0.0744035 0.1346261 0.1624785 0.0000000 0.1899664 0.1171381 0.0443225 0.0682765 0.1464459 0.0663355 0.1275159 0.2066568 0.0951959 0.0717905 0.0802328 0.0805095 0.0930972 0.0816235 0.0882798 0.0937581 0.1237820 0.0453750 0.1172868 0.0615095 0.0411257 0.0808612 0.0799744 0.1462158 0.0787339 0.1365567 0.0490156 0.0884507 0.1432616 0.1293222 0.1596088 0.0390180 0.0368528 0.0831413 0.1718993 0.0813584 0.0790668 0.0727519 0.0319105 0.1568875 0.1646525 0.0964782 0.0859169 0.1370024 0.0888050 0.1680108 
Perityle_gamon_221                         0.2224264 0.1535049 0.1751526 0.3468103 0.2056182 0.0282832 0.2816210 0.1306330 0.2542955 0.1805555 0.2029971 0.1942400 0.1481772 0.2212109 0.2153685 0.1766185 0.2070497 0.1772291 0.2195822 0.1850785 0.1818582 0.1793960 0.2494273 0.2403874 0.2116294 0.2506191 0.2119888 0.3243957 0.1730965 0.1516755 0.1597631 0.4373010 0.2859627 0.2493932 0.1657504 0.1261022 0.2111104 0.1899664 0.0000000 0.1920546 0.2326384 0.2190825 0.1720265 0.1775399 0.1657322 0.0323762 0.2067971 0.0726830 0.2007964 0.2183950 0.1555048 0.1976184 0.2336041 0.2141063 0.2088275 0.1563800 0.1404525 0.1056234 0.1091528 0.2064240 0.2152916 0.1822348 0.0779298 0.2021603 0.0538997 0.1675208 0.1766983 0.2130144 0.2329335 0.1300125 0.1892269 0.2432276 0.2327762 0.2142466 0.1963169 0.1936370 0.0950373 0.2258948 0.2484396 0.1796628 0.1934788 0.2698366 0.2047659 0.2015166 
Perityle_gentryi_8_san_francisco           0.2246831 0.1040350 0.1429083 0.3129508 0.1658500 0.0322623 0.2718158 0.1119768 0.2404776 0.1434266 0.2187086 0.1711387 0.0707093 0.1298106 0.1178474 0.0773342 0.1705003 0.1214423 0.1814514 0.1330371 0.1110787 0.1125741 0.2393084 0.1266018 0.1134694 0.1504243 0.1663544 0.3042387 0.1559112 0.1514788 0.1377750 0.4054013 0.3016757 0.2507491 0.1041678 0.1574418 0.1937048 0.1171381 0.1920546 0.0000000 0.0908721 0.1126135 0.1835079 0.0762249 0.1555263 0.2489812 0.1344006 0.0705237 0.1198372 0.1198795 0.1165479 0.1198042 0.1288439 0.1109088 0.1589441 0.0485808 0.0985391 0.0600107 0.0357415 0.1128139 0.1221758 0.1409047 0.0715811 0.1831061 0.0497740 0.1587246 0.1576660 0.1604144 0.1823795 0.0995160 0.1458043 0.1274907 0.2183874 0.1228891 0.1083529 0.1181328 0.0244510 0.1832591 0.2082069 0.1408973 0.1506539 0.1356043 0.1226276 0.1919843 
Perityle_gilensis_22_Superstition          0.1577390 0.0985437 0.0890534 0.3184083 0.1220268 0.0259908 0.2464606 0.1109284 0.2470679 0.1216564 0.1397249 0.0711730 0.0219142 0.0502884 0.0341167 0.0699294 0.0717478 0.0923498 0.1607005 0.0741243 0.0215999 0.0156532 0.2201328 0.0032457 0.0259613 0.0715543 0.1333118 0.2701195 0.1236465 0.1428451 0.1606463 0.3543767 0.2140375 0.2303428 0.0555814 0.0326652 0.1526881 0.0443225 0.2326384 0.0908721 0.0000000 0.0083215 0.1274729 0.0191810 0.1085114 0.2187406 0.0455367 0.0759952 0.0166997 0.0172664 0.1150205 0.0131676 0.0261265 0.0362205 0.1017006 0.0285072 0.1321153 0.0575322 0.0373756 0.0156616 0.0239189 0.1085621 0.0780513 0.0910544 0.0279662 0.0749066 0.1166547 0.1225994 0.1358670 0.0686247 0.0596325 0.0028869 0.1549276 0.0287726 0.0144733 0.0186409 0.0128990 0.1332643 0.1400583 0.0668308 0.0396704 0.1331425 0.0963598 0.0934707 
Perityle_gilensis_salensis_225             0.1986963 0.1138505 0.1242203 0.3343441 0.1447227 0.0279141 0.2758794 0.1089965 0.2573204 0.1708548 0.1834519 0.1068012 0.0268322 0.0481398 0.0357186 0.0942644 0.0950771 0.0908116 0.1719595 0.0911809 0.0323086 0.0238137 0.2156435 0.0095511 0.0305707 0.0775694 0.1322010 0.2743395 0.1449605 0.1671163 0.1587127 0.3713780 0.2680055 0.2913979 0.0850240 0.1277809 0.1694245 0.0682765 0.2190825 0.1126135 0.0083215 0.0000000 0.1640023 0.0257237 0.1416335 0.2341906 0.0691553 0.0745728 0.0216717 0.0224126 0.1154391 0.0179234 0.0286388 0.0343780 0.1265689 0.0337628 0.1194596 0.0583553 0.0357703 0.0233135 0.0206670 0.1317188 0.0733685 0.1370141 0.0367617 0.0951556 0.1383756 0.1411178 0.1710796 0.1060641 0.1010608 0.0091356 0.1860424 0.0251482 0.0209040 0.0231453 0.0108785 0.1632807 0.1537725 0.1048234 0.0809272 0.1442571 0.0391939 0.1512280 
Perityle_glaucescens_94                    0.2330672 0.1319391 0.1792674 0.3368111 0.1685287 0.0220816 0.2950375 0.1227417 0.2841514 0.2046525 0.1679693 0.1721401 0.1242375 0.1888351 0.0826411 0.1443988 0.1916199 0.1173425 0.1249456 0.1523227 0.1383112 0.1404156 0.2190929 0.1645226 0.1488322 0.2184239 0.1548366 0.2624595 0.1518283 0.1662939 0.1462963 0.3748924 0.3360447 0.3169290 0.1357875 0.2730581 0.0749854 0.1464459 0.1720265 0.1835079 0.1274729 0.1640023 0.0000000 0.1436626 0.0172023 0.2051517 0.1748586 0.0587689 0.1581068 0.1609531 0.0187302 0.1495765 0.1643336 0.1436618 0.1388011 0.0725967 0.1253648 0.0851868 0.0681579 0.1625194 0.1628840 0.1575693 0.0744965 0.2023557 0.0648663 0.1596727 0.1595545 0.1458857 0.1452714 0.1187010 0.1795122 0.1655957 0.2188025 0.1655639 0.1483614 0.1480782 0.0600178 0.1398703 0.1904687 0.1670414 0.1604524 0.1506771 0.1613989 0.2416096 
Perityle_gracilis_11                       0.1482899 0.1021066 0.1161709 0.3374713 0.1270793 0.0281032 0.2736630 0.1085582 0.2449080 0.1435119 0.1628351 0.0854812 0.0161932 0.0251976 0.0281939 0.0894822 0.0815043 0.0784455 0.1502438 0.0772535 0.0291959 0.0145770 0.1967756 0.0234716 0.0230232 0.0680902 0.1200867 0.2746267 0.1387134 0.1547872 0.1469121 0.3298967 0.2613171 0.2756549 0.0706192 0.0971217 0.1569852 0.0663355 0.1775399 0.0762249 0.0191810 0.0257237 0.1436626 0.0000000 0.1266642 0.2029538 0.0603006 0.0706247 0.0131565 0.0120342 0.1015290 0.0250300 0.0246085 0.0311760 0.1154657 0.0334915 0.1015166 0.0565423 0.0339343 0.0135727 0.0110724 0.1285804 0.0704415 0.1266840 0.0334715 0.0745752 0.1298909 0.1190355 0.1537434 0.0974843 0.0911581 0.0230832 0.1731188 0.0136539 0.0117226 0.0145328 0.0058380 0.1488990 0.1370632 0.0914404 0.0602620 0.1373288 0.0171583 0.1395045 
Perityle_harkerae_31                       0.2307493 0.1157542 0.1609295 0.3222291 0.1575291 0.0220490 0.2895826 0.1213838 0.2651226 0.1850091 0.1427353 0.1555748 0.1128556 0.1688993 0.0785710 0.1271180 0.1634434 0.1137461 0.1317587 0.1385318 0.1200152 0.1287194 0.2433407 0.1395811 0.1284592 0.1730496 0.1617794 0.2887499 0.1396536 0.1519115 0.1426116 0.3585284 0.2953700 0.2958903 0.1140076 0.1947157 0.0992553 0.1275159 0.1657322 0.1555263 0.1085114 0.1416335 0.0172023 0.1266642 0.0000000 0.1860987 0.1504318 0.0637033 0.1334290 0.1363245 0.0058975 0.1351328 0.1392239 0.1310429 0.1490934 0.0666083 0.1152648 0.0792497 0.0637775 0.1377437 0.1393126 0.1441962 0.0662053 0.1776819 0.0600392 0.1425996 0.1441385 0.1587678 0.1568657 0.1344862 0.1617752 0.1398630 0.2134692 0.1399081 0.1318165 0.1330022 0.0569790 0.1523346 0.1803643 0.1519707 0.1445463 0.1438549 0.1477974 0.1736812 
