82
Amauria_brandeegeana_62                    0.0000000 0.0292831 0.1388797 0.1139630 0.0895551 0.0807904 0.0772250 0.3299859 0.5820961 0.0043575 0.0777888 0.0477283 0.0878248 0.0749781 0.0675062 0.0799349 0.0736464 0.0751337 0.0965083 0.0534139 0.0595716 0.0834040 0.0361903 0.0891865 0.0474872 0.0879396 0.0919650 0.0930446 0.0499378 0.1000641 0.0957778 0.0554552 0.0047246 0.0621333 0.0329681 0.0914939 0.0758576 0.1442783 0.0749234 0.0642908 0.0943039 0.0837169 0.0688694 0.0813669 0.0783272 0.0823281 0.1284629 0.0818698 0.0873929 0.0786508 0.0760909 0.0700364 0.0576291 0.0746323 0.0607435 0.0606541 0.0624351 0.0730504 0.0843162 0.0359243 0.0673540 0.0533878 0.0622965 0.0622994 0.3033960 0.0694575 0.4751169 0.0407455 0.0714921 0.0618537 0.0503990 0.0724593 0.0810362 0.0694421 0.3511753 0.0917238 0.0888889 0.0798743 0.0687618 0.0249427 0.0796332 0.0431113 
Amauria_carterae_99_mesa                   0.0292831 0.0000000 0.1267037 0.0954150 0.0845132 0.0883575 0.0591926 0.2907690 0.4064498 0.0243736 0.0865316 0.0453061 0.0874342 0.0728183 0.0549424 0.0531751 0.0467155 0.0568396 0.0827618 0.0455676 0.0439542 0.0789520 0.0541687 0.0788787 0.0586246 0.0759715 0.0680395 0.0621429 0.0308388 0.0952738 0.0605239 0.0425009 0.0215082 0.0425381 0.0281448 0.0823092 0.0615049 0.0922054 0.0584714 0.0617631 0.0740706 0.0695630 0.0527050 0.0731051 0.0789571 0.0561808 0.0926708 0.0787760 0.0845252 0.0646285 0.0737864 0.0615541 0.0527994 0.0575336 0.0830852 0.0996723 0.0642515 0.0614688 0.0822437 0.0418993 0.0777259 0.0446436 0.0468452 0.0503728 0.0538169 0.0568121 0.3995442 0.0590279 0.0503005 0.0637130 0.0545374 0.0592818 0.0739064 0.0490182 0.2483186 0.0860404 0.0845680 0.0672417 0.0328701 0.0385574 0.0791973 0.0308431 
Amauria_rotundifolia_SRR9119150            0.1388797 0.1267037 0.0000000 0.2607255 0.1995601 0.1674812 0.1865388 0.4623282 0.6497802 0.1520338 0.2012418 0.1702725 0.1721928 0.1697944 0.1464120 0.1879881 0.2225348 0.2030885 0.2159934 0.1639822 0.1554467 0.1954775 0.1303263 0.1948739 0.1415889 0.1992693 0.1997281 0.1914440 0.1851718 0.2671717 0.2060247 0.1839939 0.1394623 0.1591257 0.1632437 0.2292393 0.1641362 0.2268061 0.1895045 0.1718170 0.1968982 0.2176936 0.2008551 0.2145277 0.2121713 0.1821218 0.3227981 0.1920307 0.1949591 0.2103589 0.1936190 0.1837082 0.1589406 0.1748902 0.1602331 0.1264964 0.2351532 0.1742267 0.1890182 0.1346821 0.1922675 0.2807158 0.1197242 0.1740309 0.4739023 0.2359635 0.6470687 0.0925053 0.1835761 0.1691276 0.1893117 0.1837136 0.1919861 0.1813923 0.4836467 0.2031620 0.2032740 0.1960036 0.1917653 0.1589123 0.1888313 0.1616374 
Conoclinium_coelestinum_SRR9119114         0.1139630 0.0954150 0.2607255 0.0000000 0.1840725 0.1539012 0.1446607 0.3535426 0.5851647 0.1705626 0.1816514 0.1475723 0.1629440 0.1501816 0.1267519 0.1942547 0.1698125 0.1624372 0.1866023 0.1726448 0.1215680 0.1581078 0.0672130 0.1942961 0.1249831 0.1894725 0.1559979 0.2035814 0.1154423 0.1452016 0.1769641 0.1643777 0.1202978 0.1716659 0.1704698 0.2113954 0.1472334 0.2779916 0.1949590 0.1772749 0.1904610 0.1989607 0.1816723 0.1971562 0.2245525 0.1861186 0.1773668 0.1845501 0.1929739 0.1931160 0.1712495 0.1822043 0.1102833 0.1477591 0.1594231 0.1188257 0.1336072 0.1803022 0.1874284 0.1805489 0.1204409 0.1082984 0.0776589 0.1387630 0.2922825 0.1147183 0.4686159 0.1107633 0.1506660 0.1782916 0.1568124 0.1795232 0.1848037 0.1407396 0.3526683 0.1741792 0.2351046 0.1922270 0.1192732 0.1012064 0.1864898 0.1630865 
Eutetras_palmeri_63                        0.0895551 0.0845132 0.1995601 0.1840725 0.0000000 0.0072605 0.1140015 0.3628190 0.5866671 0.1228396 0.1367271 0.0818293 0.0967639 0.0847170 0.0777594 0.1051231 0.1062451 0.1000606 0.1229830 0.0878172 0.0696805 0.0936336 0.0759119 0.1433293 0.0661991 0.1246492 0.1037885 0.1352421 0.0825544 0.1365615 0.1303927 0.1097594 0.0819677 0.1217472 0.1000404 0.1566223 0.0844731 0.2200777 0.1332590 0.0862319 0.1125387 0.1291471 0.1078597 0.1333481 0.1431076 0.1309770 0.1476564 0.1283039 0.1358281 0.1194405 0.0840794 0.1206900 0.0692558 0.0894927 0.0843399 0.0975386 0.0989529 0.0967234 0.1204258 0.1096779 0.0988120 0.0803299 0.0972605 0.0891783 0.3253169 0.0790069 0.5147721 0.0708990 0.0803514 0.1145266 0.0983359 0.1240362 0.1009023 0.0745463 0.3441075 0.1195438 0.1564840 0.1463092 0.0763161 0.0527083 0.1210289 0.0783696 
Eutetras_pringlei_149_quer                 0.0807904 0.0883575 0.1674812 0.1539012 0.0072605 0.0000000 0.0818470 0.3602991 0.4369266 0.0739756 0.1032698 0.0627130 0.1041311 0.0845023 0.0770393 0.0756476 0.0674199 0.0799722 0.1105454 0.0796122 0.0701924 0.0927408 0.0785871 0.1006717 0.0783310 0.0897010 0.0872322 0.0876563 0.0636853 0.1559006 0.0853564 0.0630930 0.0732692 0.0700024 0.0601117 0.1075776 0.0839427 0.0917839 0.0778210 0.0792006 0.0908001 0.0949884 0.0681554 0.0931703 0.0902645 0.0761571 0.1085302 0.0925385 0.0982455 0.0903008 0.0876809 0.0767177 0.0672569 0.0823244 0.0945553 0.1045873 0.0751471 0.0813871 0.0960719 0.0604359 0.1003657 0.0634940 0.0636455 0.0649837 0.1189048 0.0583713 0.4891256 0.0766571 0.0729792 0.0812784 0.0933664 0.0741074 0.0912163 0.0671273 0.3128545 0.0872165 0.0923534 0.0930345 0.0622196 0.0485283 0.0930231 0.0480110 
Eutrochium_fistulosum_SRR9119106           0.0772250 0.0591926 0.1865388 0.1446607 0.1140015 0.0818470 0.0000000 0.3547612 0.5833373 0.1310856 0.1350568 0.1048808 0.1105758 0.1055824 0.0847911 0.1489551 0.1264064 0.1185554 0.1405748 0.1140106 0.0795708 0.1120456 0.0359387 0.1564658 0.0754462 0.1516816 0.1302927 0.1615244 0.0668803 0.1080926 0.1369953 0.1139298 0.0715902 0.1340524 0.1270840 0.1635326 0.1010048 0.2246942 0.1551561 0.1243923 0.1503460 0.1426514 0.1390778 0.1469109 0.1593776 0.1448879 0.1195343 0.1387835 0.1482698 0.1470614 0.1172094 0.1360493 0.0821416 0.1038566 0.1107897 0.0814294 0.0735262 0.1340346 0.1426689 0.1123050 0.0860329 0.0786581 0.0738447 0.1136448 0.3590136 0.0661243 0.4985826 0.0472114 0.1075115 0.1357430 0.0994471 0.1391972 0.1426900 0.0996820 0.3550239 0.1678852 0.1742713 0.1525075 0.0720394 0.0409350 0.1420195 0.1240417 
Galeana_pratensis_104_mex                  0.3299859 0.2907690 0.4623282 0.3535426 0.3628190 0.3602991 0.3547612 0.0000000 0.6927109 0.3261303 0.3449098 0.3248000 0.3483195 0.3321158 0.3154588 0.3378114 0.2740175 0.3254164 0.3527180 0.3239950 0.3280865 0.3293980 0.1803626 0.3259933 0.3202682 0.3397396 0.3561417 0.3506094 0.2501951 0.1907741 0.3665375 0.3168603 0.3198609 0.3184842 0.3041828 0.3598445 0.3303974 0.3605807 0.3196486 0.3153005 0.3363382 0.3513467 0.2856091 0.3308052 0.3627873 0.3388763 0.2190140 0.3307737 0.3349264 0.3355101 0.3288495 0.3312240 0.3363070 0.3183397 0.3518868 0.2976313 0.2464364 0.3182601 0.3274509 0.3178298 0.1947434 0.1112974 0.2634577 0.3385006 0.4096295 0.2324009 0.5637804 0.3198921 0.3210780 0.3188478 0.3283601 0.3238989 0.3381756 0.3261056 0.2690921 0.3271201 0.3906999 0.3244875 0.2109280 0.2211111 0.3314657 0.3072631 
Helianthus_annuus_SRR9119062               0.5820961 0.4064498 0.6497802 0.5851647 0.5866671 0.4369266 0.5833373 0.6927109 0.0000000 0.5917523 0.5829758 0.5575913 0.5727986 0.5645262 0.5146756 0.5703910 0.5068073 0.5926413 0.6238248 0.5596665 0.5418557 0.5697395 0.2854330 0.5769114 0.5284780 0.5464147 0.5877080 0.5837963 0.5087123 0.4079855 0.6032451 0.5804483 0.5538789 0.5355466 0.5516330 0.6093177 0.5317935 0.6121251 0.5700353 0.5505101 0.5764456 0.5977465 0.4787928 0.5963010 0.5638999 0.5555542 0.5001291 0.5679232 0.5793324 0.5937372 0.5764866 0.5553074 0.5559840 0.5401278 0.5436982 0.3936390 0.5023892 0.5253292 0.5686575 0.5435305 0.3889965 0.4259854 0.3900029 0.5698364 0.6998266 0.5162658 0.8383252 0.3533046 0.5240677 0.5490994 0.5750236 0.5349186 0.5654321 0.5452469 0.7312055 0.6157879 0.5909494 0.5817558 0.4618909 0.4454620 0.5539409 0.5408287 
Lycapsus_tenuifolius_17                    0.0043575 0.0243736 0.1520338 0.1705626 0.1228396 0.0739756 0.1310856 0.3261303 0.5917523 0.0000000 0.1759715 0.0598895 0.0785151 0.0597388 0.0510143 0.1017797 0.1192521 0.0963411 0.0913135 0.0792008 0.0424419 0.0795208 0.0243082 0.1645302 0.0317125 0.1396332 0.0905393 0.1411766 0.0370644 0.0850409 0.1385457 0.1450300 0.0000010 0.1453755 0.0873898 0.1751161 0.0607107 0.2917562 0.1444451 0.0880584 0.1120275 0.1533638 0.1184936 0.1541572 0.1832065 0.1508294 0.1119772 0.1540538 0.1576264 0.1242965 0.0756072 0.1544591 0.0374223 0.0643092 0.0539871 0.0580883 0.0562513 0.0997437 0.1405364 0.1399009 0.0661497 0.0417238 0.0259947 0.0535766 0.2810215 0.0540553 0.4628297 0.0305414 0.0670900 0.1440555 0.0419407 0.1574891 0.0998381 0.0515881 0.2928069 0.1185503 0.1820112 0.1503773 0.0589954 0.0184494 0.1369272 0.0801480 
Pericome_caudata_50_silver                 0.0777888 0.0865316 0.2012418 0.1816514 0.1367271 0.1032698 0.1350568 0.3449098 0.5829758 0.1759715 0.0000000 0.0919730 0.0929913 0.0765661 0.0835469 0.1099716 0.0997852 0.1114504 0.1157161 0.0951645 0.0740737 0.1093013 0.0764542 0.1300166 0.0667451 0.1279113 0.1199029 0.1491270 0.0667778 0.1242144 0.1530047 0.1309549 0.0683537 0.1232668 0.0960036 0.1630598 0.1094511 0.2806643 0.1391089 0.0952182 0.1126246 0.2078496 0.1032319 0.1373420 0.1852288 0.1276589 0.1391953 0.1296665 0.1327225 0.1218581 0.0889004 0.1167684 0.0956553 0.0915731 0.1027725 0.0770320 0.0880448 0.1095717 0.1228217 0.1228062 0.1107665 0.0877303 0.0825160 0.1009920 0.2901000 0.0794336 0.5106421 0.0662912 0.1385122 0.1175704 0.0934705 0.1249205 0.1121846 0.0923309 0.3621981 0.1232062 0.1595102 0.1376409 0.0828596 0.0571276 0.1169995 0.0914828 
Perityle_aglossa_84_dead_horse             0.0477283 0.0453061 0.1702725 0.1475723 0.0818293 0.0627130 0.1048808 0.3248000 0.5575913 0.0598895 0.0919730 0.0000000 0.0446244 0.0377135 0.0182253 0.0625707 0.0434860 0.1012124 0.0972942 0.0440922 0.0179811 0.0490982 0.0077232 0.0630163 0.0079966 0.0579517 0.0658943 0.0786743 0.0474422 0.0908461 0.1155976 0.0676686 0.0329291 0.0413381 0.0367147 0.1071246 0.0345741 0.2047223 0.0635968 0.0384518 0.0622356 0.1214575 0.0435019 0.0903439 0.1199096 0.0455279 0.1284815 0.0502892 0.0553968 0.0890905 0.0527392 0.0488171 0.0509774 0.0331360 0.0633203 0.0467624 0.0350293 0.0431790 0.0506987 0.0352962 0.0705311 0.0414148 0.0481039 0.0129852 0.2490635 0.0507367 0.4725017 0.0161340 0.0530843 0.0419360 0.0642657 0.0472791 0.0476749 0.0366406 0.3189684 0.0816938 0.1255355 0.0484493 0.0369358 0.0183563 0.0540316 0.0348199 
Perityle_ajoensis_204                      0.0878248 0.0874342 0.1721928 0.1629440 0.0967639 0.1041311 0.1105758 0.3483195 0.5727986 0.0785151 0.0929913 0.0446244 0.0000000 0.0373641 0.0265535 0.0677822 0.0230845 0.0766106 0.1163719 0.0395180 0.0225443 0.0246871 0.0263771 0.0481263 0.0262645 0.0426320 0.0646594 0.0932593 0.0637731 0.1270420 0.1108700 0.0729190 0.0740319 0.0288233 0.0642862 0.1167160 0.0281680 0.1851390 0.0685383 0.0215158 0.0428904 0.1100984 0.0189002 0.1010245 0.1112520 0.0379615 0.1596503 0.0247861 0.0292536 0.1012292 0.0352614 0.0281550 0.0563512 0.0305751 0.0844363 0.0782592 0.0749063 0.0153911 0.0249842 0.0516344 0.1003787 0.0805313 0.0774069 0.0615247 0.2606515 0.0835517 0.4944282 0.0416038 0.0347127 0.0268574 0.0889389 0.0298243 0.0239851 0.0231048 0.3284050 0.1044611 0.1498475 0.0712986 0.0307636 0.0543041 0.0225330 0.0576876 
Perityle_ambrosiifolia_67_green            0.0749781 0.0728183 0.1697944 0.1501816 0.0847170 0.0845023 0.1055824 0.3321158 0.5645262 0.0597388 0.0765661 0.0377135 0.0373641 0.0000000 0.0288647 0.0628577 0.0048115 0.0666445 0.1032799 0.0443797 0.0178874 0.0248948 0.0386349 0.0326502 0.0061623 0.0366749 0.0552156 0.0843989 0.0543209 0.1051601 0.1286414 0.0643907 0.0565989 0.0203023 0.0566918 0.1126437 0.0321192 0.1771258 0.0662617 0.0067225 0.0241701 0.1341651 0.0092311 0.0912204 0.1276620 0.0322602 0.1374714 0.0252681 0.0316102 0.0901044 0.0159567 0.0128130 0.0472637 0.0289622 0.0635893 0.0405518 0.0640036 0.0223957 0.0264810 0.0371080 0.0770316 0.0644599 0.0606288 0.0523120 0.2473644 0.0701683 0.4770275 0.0466713 0.0492320 0.0107091 0.0793963 0.0256524 0.0206262 0.0136017 0.3149026 0.0892990 0.1358885 0.0566120 0.0142023 0.0363941 0.0222670 0.0481680 
Perityle_angustifolia_13_Eagle_creek       0.0675062 0.0549424 0.1464120 0.1267519 0.0777594 0.0770393 0.0847911 0.3154588 0.5146756 0.0510143 0.0835469 0.0182253 0.0265535 0.0288647 0.0000000 0.0476184 0.0000010 0.0643657 0.0852421 0.0125304 0.0167214 0.0251239 0.0000010 0.0360767 0.0140011 0.0304444 0.0483556 0.0814044 0.0381799 0.1023474 0.0806410 0.0575942 0.0467240 0.0040233 0.0406773 0.0982204 0.0120162 0.1321126 0.0480409 0.0162895 0.0347572 0.0814520 0.0017062 0.0827020 0.0835676 0.0159428 0.1299424 0.0250852 0.0291374 0.0863016 0.0239095 0.0203674 0.0439032 0.0000010 0.0757874 0.0515221 0.0514227 0.0147429 0.0253776 0.0299969 0.0798721 0.0640598 0.0622899 0.0386798 0.2560718 0.0598184 0.4863153 0.0125260 0.0146345 0.0163085 0.0705425 0.0148534 0.0242645 0.0094507 0.3113045 0.0874371 0.0973123 0.0455993 0.0067739 0.0336473 0.0238553 0.0315457 
Perityle_batopilensis_97                   0.0799349 0.0531751 0.1879881 0.1942547 0.1051231 0.0756476 0.1489551 0.3378114 0.5703910 0.1017797 0.1099716 0.0625707 0.0677822 0.0628577 0.0476184 0.0000000 0.0754542 0.1109664 0.1141487 0.0763877 0.0469328 0.0799975 0.0228821 0.0938799 0.0473798 0.0957526 0.0793614 0.0833710 0.0609015 0.1086985 0.1101209 0.1028062 0.0600077 0.0711879 0.0645894 0.1288687 0.0706633 0.2347643 0.0068377 0.0666621 0.0916275 0.1396299 0.0820451 0.1111338 0.1165273 0.0802674 0.1231425 0.0852875 0.0914323 0.1113817 0.0742824 0.0760614 0.0537077 0.0611376 0.0842335 0.0517705 0.0554713 0.0814446 0.0868891 0.0631311 0.0581314 0.0585697 0.0412466 0.0646099 0.2663314 0.0628304 0.4757671 0.0322276 0.0935727 0.0759885 0.0831058 0.0832327 0.0828203 0.0562563 0.3260781 0.1095961 0.1411843 0.0952603 0.0435225 0.0476943 0.0847944 0.0593215 
Perityle_bisetosa_9                        0.0736464 0.0467155 0.2225348 0.1698125 0.1062451 0.0674199 0.1264064 0.2740175 0.5068073 0.1192521 0.0997852 0.0434860 0.0230845 0.0048115 0.0000010 0.0754542 0.0000000 0.0976915 0.1043923 0.0301400 0.0055748 0.0116374 0.0000010 0.0199261 0.0000010 0.0182894 0.0479289 0.0816027 0.0394205 0.0872906 0.0987829 0.0932673 0.0467619 0.0117937 0.0868922 0.1328372 0.0034106 0.3145585 0.0879693 0.0028298 0.0136280 0.1153236 0.0027727 0.1105858 0.1353214 0.0173592 0.1108807 0.0100412 0.0149728 0.1004900 0.0114865 0.0075273 0.0189985 0.0113387 0.0549037 0.0270484 0.0480755 0.0085657 0.0100696 0.0745300 0.0624984 0.0480688 0.0097376 0.0455579 0.0764772 0.0561961 0.4382788 0.0098633 0.0015448 0.0063740 0.0759617 0.0106247 0.0095803 0.0015330 0.2212937 0.1200554 0.1502113 0.0767691 0.0000010 0.0186592 0.0150484 0.0716359 
Perityle_californica_76_positas            0.0751337 0.0568396 0.2030885 0.1624372 0.1000606 0.0799722 0.1185554 0.3254164 0.5926413 0.0963411 0.1114504 0.1012124 0.0766106 0.0666445 0.0643657 0.1109664 0.0976915 0.0000000 0.1174803 0.1108194 0.0521026 0.1097362 0.0419902 0.1187560 0.0426907 0.1120668 0.1112984 0.1233625 0.0386274 0.0960060 0.0757468 0.1064622 0.0586708 0.0927314 0.1038636 0.1406844 0.0707421 0.2044120 0.1104959 0.0883084 0.1125167 0.1237455 0.0974980 0.1264412 0.1249696 0.1116327 0.1239020 0.1075453 0.1146925 0.1292870 0.0954202 0.0997464 0.0632059 0.0711109 0.0779232 0.0790464 0.0774166 0.0976376 0.1083210 0.0767844 0.0834918 0.0647322 0.0745459 0.0758655 0.2875022 0.0741449 0.4785730 0.0417124 0.0948900 0.0917322 0.0882567 0.0991981 0.1065221 0.0699703 0.3151614 0.0855425 0.1412112 0.1218936 0.0549356 0.0242521 0.1062108 0.0915225 
Perityle_canescens_77                      0.0965083 0.0827618 0.2159934 0.1866023 0.1229830 0.1105454 0.1405748 0.3527180 0.6238248 0.0913135 0.1157161 0.0972942 0.1163719 0.1032799 0.0852421 0.1141487 0.1043923 0.1174803 0.0000000 0.1075856 0.0795673 0.1134804 0.0794571 0.1160825 0.0738866 0.1113352 0.1238068 0.1109328 0.0968394 0.1313447 0.1320763 0.1054934 0.0830524 0.0935528 0.0919966 0.1356648 0.0979168 0.1981761 0.1152831 0.0948612 0.1194652 0.1120406 0.1059415 0.1165428 0.1193829 0.1118717 0.1454307 0.1066200 0.1163205 0.1074709 0.1089827 0.1018164 0.0800490 0.1065838 0.0986617 0.0953896 0.1082145 0.0967910 0.1091941 0.0728292 0.0903570 0.0841416 0.0674034 0.1091403 0.2852611 0.0839519 0.5174325 0.0701074 0.0979025 0.0944991 0.1095144 0.1001229 0.1084668 0.0980543 0.3375490 0.1201471 0.1346700 0.1087625 0.0941476 0.0519347 0.1079903 0.0904198 
Perityle_castillonii_96                    0.0534139 0.0455676 0.1639822 0.1726448 0.0878172 0.0796122 0.1140106 0.3239950 0.5596665 0.0792008 0.0951645 0.0440922 0.0395180 0.0443797 0.0125304 0.0763877 0.0301400 0.1108194 0.1075856 0.0000000 0.0186066 0.0429353 0.0000010 0.0563328 0.0158026 0.0472965 0.0671962 0.0987396 0.0535226 0.0999005 0.0929940 0.0823582 0.0427090 0.0211228 0.0754618 0.1235954 0.0260060 0.1836178 0.0810992 0.0318557 0.0538026 0.1074856 0.0294288 0.1089754 0.1025212 0.0341629 0.1399428 0.0420428 0.0484314 0.1080425 0.0491531 0.0391604 0.0417810 0.0265448 0.0865312 0.0504877 0.0532079 0.0302665 0.0425196 0.0578707 0.0792828 0.0663790 0.0548644 0.0505761 0.2658720 0.0658332 0.4997250 0.0190350 0.0306079 0.0380612 0.0903101 0.0355063 0.0410962 0.0238870 0.3000050 0.0966855 0.1207580 0.0715036 0.0352014 0.0300643 0.0446181 0.0667755 
Perityle_cernua_84                         0.0595716 0.0439542 0.1554467 0.1215680 0.0696805 0.0701924 0.0795708 0.3280865 0.5418557 0.0424419 0.0740737 0.0179811 0.0225443 0.0178874 0.0167214 0.0469328 0.0055748 0.0521026 0.0795673 0.0186066 0.0000000 0.0223679 0.0119085 0.0352625 0.0111313 0.0312223 0.0428157 0.0691536 0.0215759 0.0924988 0.0840926 0.0490187 0.0407932 0.0117717 0.0373919 0.0959615 0.0189170 0.1381703 0.0416493 0.0118784 0.0334121 0.0882815 0.0071807 0.0799503 0.0843081 0.0220537 0.1220477 0.0222985 0.0261354 0.0811683 0.0181806 0.0129875 0.0364609 0.0173124 0.0672083 0.0483721 0.0498334 0.0157851 0.0226042 0.0310732 0.0633612 0.0580511 0.0523582 0.0306970 0.2642214 0.0533887 0.4711318 0.0164215 0.0208794 0.0153523 0.0604361 0.0193514 0.0187766 0.0100805 0.3252932 0.0758999 0.0987960 0.0484557 0.0096342 0.0303684 0.0199499 0.0262228 
Perityle_cfvillosa_25_tin                  0.0834040 0.0789520 0.1954775 0.1581078 0.0936336 0.0927408 0.1120456 0.3293980 0.5697395 0.0795208 0.1093013 0.0490982 0.0246871 0.0248948 0.0251239 0.0799975 0.0116374 0.1097362 0.1134804 0.0429353 0.0223679 0.0000000 0.0225075 0.0348338 0.0121719 0.0459258 0.0697861 0.0989988 0.0630530 0.1231530 0.1259826 0.0894942 0.0639118 0.0327034 0.0720143 0.1372709 0.0400026 0.2113066 0.0818099 0.0110553 0.0326514 0.1596396 0.0055491 0.1084794 0.1388606 0.0401508 0.1455323 0.0036831 0.0045786 0.1074300 0.0261018 0.0158518 0.0686644 0.0332250 0.0774123 0.0481277 0.0746276 0.0080340 0.0018498 0.0559953 0.0836710 0.0699348 0.0710454 0.0593619 0.2388414 0.0737251 0.4906072 0.0384007 0.0688289 0.0182484 0.0946822 0.0350539 0.0046580 0.0237187 0.3215176 0.0993111 0.1534535 0.0679215 0.0140436 0.0468870 0.0079160 0.0663582 
Perityle_cinerea_113_Powell1310            0.0361903 0.0541687 0.1303263 0.0672130 0.0759119 0.0785871 0.0359387 0.1803626 0.2854330 0.0243082 0.0764542 0.0077232 0.0263771 0.0386349 0.0000010 0.0228821 0.0000010 0.0419902 0.0794571 0.0000010 0.0119085 0.0225075 0.0000000 0.0380436 0.0311044 0.0148856 0.0577532 0.0402054 0.0334131 0.0633535 0.0384816 0.0398554 0.0200379 0.0000010 0.0288704 0.0714334 0.0000010 0.0854014 0.0225338 0.0270181 0.0305617 0.0600679 0.0000010 0.0604400 0.0642328 0.0116230 0.0861156 0.0225075 0.0262952 0.0564467 0.0342881 0.0269094 0.0272070 0.0000010 0.0794666 0.0546058 0.0302359 0.0000010 0.0226517 0.0296106 0.0468419 0.0572271 0.0243491 0.0114681 0.0234503 0.0651858 0.2819650 0.0087950 0.0000010 0.0268014 0.0462471 0.0037826 0.0239075 0.0000010 0.0866578 0.0834240 0.0785419 0.0312432 0.0077137 0.0285493 0.0225792 0.0205428 
Perityle_coahuilensis_24                   0.0891865 0.0788787 0.1948739 0.1942961 0.1433293 0.1006717 0.1564658 0.3259933 0.5769114 0.1645302 0.1300166 0.0630163 0.0481263 0.0326502 0.0360767 0.0938799 0.0199261 0.1187560 0.1160825 0.0563328 0.0352625 0.0348338 0.0380436 0.0000000 0.0151795 0.0534881 0.0699550 0.1132543 0.0669903 0.1198880 0.1722287 0.1149795 0.0687965 0.0288782 0.0912227 0.1498808 0.0561798 0.2665599 0.1263797 0.0093659 0.0379657 0.1971666 0.0172744 0.1298030 0.1791642 0.0455855 0.1460692 0.0339273 0.0370233 0.1257846 0.0416160 0.0329196 0.0750941 0.0440105 0.0788624 0.0452031 0.0786387 0.0280027 0.0324718 0.0958540 0.0839009 0.0698935 0.0624504 0.0621919 0.2273408 0.0736924 0.5067181 0.0416680 0.0823827 0.0085941 0.0970673 0.0419342 0.0303988 0.0332647 0.3194773 0.1212672 0.1611956 0.0883338 0.0180799 0.0444457 0.0332369 0.0802501 
Perityle_cochisensis_44_cave_creek         0.0474872 0.0586246 0.1415889 0.1249831 0.0661991 0.0783310 0.0754462 0.3202682 0.5284780 0.0317125 0.0667451 0.0079966 0.0262645 0.0061623 0.0140011 0.0473798 0.0000010 0.0426907 0.0738866 0.0158026 0.0111313 0.0121719 0.0311044 0.0151795 0.0000000 0.0278037 0.0403234 0.0427708 0.0279161 0.1097910 0.0653501 0.0419656 0.0308238 0.0126278 0.0310506 0.0907547 0.0173977 0.1045695 0.0488134 0.0000010 0.0137549 0.0714118 0.0018176 0.0713209 0.0782042 0.0235816 0.1026894 0.0105989 0.0167670 0.0698373 0.0045439 0.0015541 0.0268616 0.0161056 0.0572214 0.0316506 0.0375880 0.0093629 0.0122884 0.0308005 0.0769111 0.0632545 0.0219764 0.0282603 0.2200715 0.0622352 0.4627084 0.0360563 0.0188512 0.0046025 0.0574244 0.0125872 0.0093239 0.0015583 0.2582538 0.0749951 0.0782333 0.0201796 0.0072762 0.0293860 0.0106505 0.0187643 
Perityle_congesta_202                      0.0879396 0.0759715 0.1992693 0.1894725 0.1246492 0.0897010 0.1516816 0.3397396 0.5464147 0.1396332 0.1279113 0.0579517 0.0426320 0.0366749 0.0304444 0.0957526 0.0182894 0.1120668 0.1113352 0.0472965 0.0312223 0.0459258 0.0148856 0.0534881 0.0278037 0.0000000 0.0683037 0.1255697 0.0611439 0.1102973 0.1268521 0.1207899 0.0638872 0.0345226 0.0993871 0.1524884 0.0444372 0.2721514 0.1215611 0.0362548 0.0466497 0.1651573 0.0149975 0.1294789 0.1517157 0.0435369 0.1440431 0.0470500 0.0505649 0.1256336 0.0409105 0.0373421 0.0654888 0.0253391 0.0904295 0.0599877 0.0630394 0.0237696 0.0453725 0.0894368 0.0944391 0.0825299 0.0617716 0.0616857 0.2261295 0.0686080 0.4816313 0.0349348 0.0630636 0.0356109 0.0960335 0.0072260 0.0453391 0.0325773 0.3236665 0.1292863 0.1643131 0.0878139 0.0201767 0.0492381 0.0495455 0.0871703 
Perityle_cordifolia_27                     0.0919650 0.0680395 0.1997281 0.1559979 0.1037885 0.0872322 0.1302927 0.3561417 0.5877080 0.0905393 0.1199029 0.0658943 0.0646594 0.0552156 0.0483556 0.0793614 0.0479289 0.1112984 0.1238068 0.0671962 0.0428157 0.0697861 0.0577532 0.0699550 0.0403234 0.0683037 0.0000000 0.1140126 0.0695010 0.1167045 0.1643839 0.1068008 0.0795986 0.0484348 0.0702718 0.1399086 0.0635347 0.2087707 0.0827244 0.0461762 0.0638822 0.1839535 0.0472044 0.1139209 0.1650096 0.0600017 0.1566172 0.0682801 0.0718922 0.1167880 0.0572129 0.0522815 0.0700527 0.0568304 0.0919705 0.0723314 0.0835909 0.0551454 0.0668158 0.0672804 0.0875470 0.0800644 0.0498263 0.0725064 0.2139950 0.0807128 0.5092227 0.0584436 0.1009000 0.0520633 0.1053125 0.0565186 0.0649293 0.0504768 0.3637781 0.1076574 0.1589294 0.0901986 0.0390995 0.0563086 0.0619353 0.0667394 
Perityle_cordifolia_68_tecolote            0.0930446 0.0621429 0.1914440 0.2035814 0.1352421 0.0876563 0.1615244 0.3506094 0.5837963 0.1411766 0.1491270 0.0786743 0.0932593 0.0843989 0.0814044 0.0833710 0.0816027 0.1233625 0.1109328 0.0987396 0.0691536 0.0989988 0.0402054 0.1132543 0.0427708 0.1255697 0.1140126 0.0000000 0.0594283 0.1156011 0.1852850 0.1054481 0.0661450 0.1173089 0.0961312 0.1282641 0.1028093 0.2565243 0.0960842 0.0824894 0.0974792 0.1708309 0.0975734 0.1044035 0.1578598 0.1253919 0.1556118 0.1173699 0.1180895 0.1016428 0.0813692 0.0963535 0.0838588 0.0867202 0.0798101 0.0173459 0.0639726 0.1052445 0.1045049 0.0718874 0.0834782 0.0570260 0.0669410 0.0919407 0.2998369 0.0659757 0.5232917 0.0396599 0.1371512 0.1105397 0.0854102 0.1149959 0.0997210 0.0793623 0.3691719 0.1252607 0.1440576 0.1047062 0.0588057 0.0457045 0.1086789 0.0900046 
Perityle_crassifolia_70_ventanas           0.0499378 0.0308388 0.1851718 0.1154423 0.0825544 0.0636853 0.0668803 0.2501951 0.5087123 0.0370644 0.0667778 0.0474422 0.0637731 0.0543209 0.0381799 0.0609015 0.0394205 0.0386274 0.0968394 0.0535226 0.0215759 0.0630530 0.0334131 0.0669903 0.0279161 0.0611439 0.0695010 0.0594283 0.0000000 0.0666924 0.0671603 0.0499359 0.0310688 0.0433351 0.0406181 0.0827889 0.0506816 0.1889603 0.0647491 0.0430502 0.0653471 0.0617669 0.0466089 0.0698640 0.0871272 0.0569215 0.0958881 0.0575672 0.0671038 0.0620783 0.0572098 0.0522556 0.0259849 0.0566873 0.0552358 0.0592037 0.0513146 0.0497506 0.0621271 0.0212446 0.0518329 0.0393336 0.0198583 0.0653318 0.0437357 0.0627159 0.4007549 0.0273464 0.0432407 0.0447133 0.0296741 0.0478095 0.0561715 0.0404850 0.1987750 0.0814211 0.1143374 0.0730560 0.0434653 0.0119605 0.0574896 0.0345010 
Perityle_crassifolia_74_playa_balandra     0.1000641 0.0952738 0.2671717 0.1452016 0.1365615 0.1559006 0.1080926 0.1907741 0.4079855 0.0850409 0.1242144 0.0908461 0.1270420 0.1051601 0.1023474 0.1086985 0.0872906 0.0960060 0.1313447 0.0999005 0.0924988 0.1231530 0.0633535 0.1198880 0.1097910 0.1102973 0.1167045 0.1156011 0.0666924 0.0000000 0.1118532 0.0920317 0.0845883 0.0867827 0.0833888 0.1254730 0.1082106 0.1451924 0.1107601 0.1002111 0.1109246 0.1111001 0.0983795 0.1170228 0.1263638 0.1109957 0.0917786 0.1231530 0.1231530 0.1039633 0.1105583 0.1119603 0.1018400 0.1048839 0.1363638 0.1497460 0.0900486 0.1068487 0.1239649 0.0893040 0.0810985 0.0460176 0.0605338 0.1146106 0.0898717 0.0869095 0.3729348 0.0985111 0.0944354 0.1059925 0.0666725 0.0999817 0.1227156 0.0998804 0.1249132 0.1527114 0.1452133 0.1244598 0.0455138 0.0767126 0.1234636 0.0801292 
Perityle_cuneata_34_cuneata_San_antonio    0.0957778 0.0605239 0.2060247 0.1769641 0.1303927 0.0853564 0.1369953 0.3665375 0.6032451 0.1385457 0.1530047 0.1155976 0.1108700 0.1286414 0.0806410 0.1101209 0.0987829 0.0757468 0.1320763 0.0929940 0.0840926 0.1259826 0.0384816 0.1722287 0.0653501 0.1268521 0.1643839 0.1852850 0.0671603 0.1118532 0.0000000 0.1271022 0.0741536 0.1340497 0.1086426 0.1974996 0.1078113 0.2914898 0.1132401 0.1302442 0.1196932 0.2252984 0.0860053 0.1455018 0.1876146 0.1407988 0.1340527 0.1633807 0.1725316 0.1295282 0.0864267 0.1180675 0.1108575 0.0861404 0.0832567 0.0725667 0.0912613 0.1047497 0.1659175 0.0903332 0.0995332 0.0949022 0.0663980 0.1528682 0.2836882 0.0765372 0.4876064 0.0452633 0.1465385 0.1520028 0.1010438 0.1526093 0.1334136 0.1035958 0.3520272 0.1347991 0.2205560 0.1885820 0.0738424 0.0428150 0.1252407 0.1276352 
Perityle_cuneata_4                         0.0554552 0.0425009 0.1839939 0.1643777 0.1097594 0.0630930 0.1139298 0.3168603 0.5804483 0.1450300 0.1309549 0.0676686 0.0729190 0.0643907 0.0575942 0.1028062 0.0932673 0.1064622 0.1054934 0.0823582 0.0490187 0.0894942 0.0398554 0.1149795 0.0419656 0.1207899 0.1068008 0.1054481 0.0499359 0.0920317 0.1271022 0.0000000 0.0416564 0.1008298 0.0791095 0.1257641 0.0793010 0.2464311 0.1193047 0.0835710 0.1059923 0.1232322 0.0973976 0.1109617 0.1109546 0.1130665 0.1249874 0.1056259 0.1093927 0.1013958 0.0874113 0.1001963 0.0485631 0.0890479 0.0701394 0.0657879 0.0663767 0.0960492 0.1034159 0.0623665 0.0639230 0.0497014 0.0708328 0.0739985 0.2917904 0.0526726 0.5019977 0.0470086 0.0872217 0.0902463 0.0717302 0.1111119 0.0922274 0.0767969 0.3334513 0.0930318 0.1283981 0.1016824 0.0536965 0.0177923 0.1071020 0.0753850 
Perityle_discoidea_81                      0.0047246 0.0215082 0.1394623 0.1202978 0.0819677 0.0732692 0.0715902 0.3198609 0.5538789 0.0000010 0.0683537 0.0329291 0.0740319 0.0565989 0.0467240 0.0600077 0.0467619 0.0586708 0.0830524 0.0427090 0.0407932 0.0639118 0.0200379 0.0687965 0.0308238 0.0638872 0.0795986 0.0661450 0.0310688 0.0845883 0.0741536 0.0416564 0.0000000 0.0489930 0.0259971 0.0882553 0.0589082 0.1563335 0.0614971 0.0456014 0.0693040 0.0709829 0.0504036 0.0723856 0.0797872 0.0643067 0.1106375 0.0621281 0.0672570 0.0658223 0.0575268 0.0508604 0.0387344 0.0585671 0.0536539 0.0578166 0.0526736 0.0560913 0.0646955 0.0249992 0.0621680 0.0417889 0.0224824 0.0441274 0.1913685 0.0540099 0.4419776 0.0268243 0.0526814 0.0441130 0.0326902 0.0531111 0.0604953 0.0474295 0.2879019 0.0843503 0.0817713 0.0603217 0.0542408 0.0184339 0.0609443 0.0297152 
Perityle_dissecta_201                      0.0621333 0.0425381 0.1591257 0.1716659 0.1217472 0.0700024 0.1340524 0.3184842 0.5355466 0.1453755 0.1232668 0.0413381 0.0288233 0.0203023 0.0040233 0.0711879 0.0117937 0.0927314 0.0935528 0.0211228 0.0117717 0.0327034 0.0000010 0.0288782 0.0126278 0.0345226 0.0484348 0.1173089 0.0433351 0.0867827 0.1340497 0.1008298 0.0489930 0.0000000 0.0718557 0.1320475 0.0227610 0.2525997 0.1040447 0.0170106 0.0328977 0.1706049 0.0114628 0.1081448 0.1470778 0.0211970 0.1276483 0.0324009 0.0347595 0.1023503 0.0309107 0.0270130 0.0548837 0.0066648 0.0608421 0.0437237 0.0497982 0.0215792 0.0299541 0.0752665 0.0694193 0.0457286 0.0388625 0.0361309 0.2187793 0.0459024 0.4734797 0.0191136 0.0572313 0.0209743 0.0764783 0.0270299 0.0301826 0.0183766 0.3210216 0.1008919 0.1503520 0.0748743 0.0041222 0.0250509 0.0292021 0.0670832 
Perityle_emoryi_47_punta_san_jose          0.0329681 0.0281448 0.1632437 0.1704698 0.1000404 0.0601117 0.1270840 0.3041828 0.5516330 0.0873898 0.0960036 0.0367147 0.0642862 0.0566918 0.0406773 0.0645894 0.0868922 0.1038636 0.0919966 0.0754618 0.0373919 0.0720143 0.0288704 0.0912227 0.0310506 0.0993871 0.0702718 0.0961312 0.0406181 0.0833888 0.1086426 0.0791095 0.0259971 0.0718557 0.0000000 0.1121233 0.0687233 0.2216443 0.0741477 0.0707223 0.0903345 0.1116980 0.0871683 0.0953086 0.0983375 0.0816009 0.0982523 0.0847028 0.0910417 0.0955807 0.0737924 0.0831128 0.0320754 0.0590932 0.0557709 0.0464545 0.0429865 0.0819842 0.0864787 0.0485640 0.0390244 0.0393928 0.0407537 0.0428151 0.2654325 0.0433861 0.4410432 0.0208808 0.0734575 0.0705276 0.0491189 0.0882871 0.0810051 0.0526600 0.3301720 0.1035739 0.1281663 0.0722067 0.0526261 0.0141113 0.0880937 0.0000010 
Perityle_feddemae_99                       0.0914939 0.0823092 0.2292393 0.2113954 0.1566223 0.1075776 0.1635326 0.3598445 0.6093177 0.1751161 0.1630598 0.1071246 0.1167160 0.1126437 0.0982204 0.1288687 0.1328372 0.1406844 0.1356648 0.1235954 0.0959615 0.1372709 0.0714334 0.1498808 0.0907547 0.1524884 0.1399086 0.1282641 0.0827889 0.1254730 0.1974996 0.1257641 0.0882553 0.1320475 0.1121233 0.0000000 0.1194116 0.2835912 0.1412477 0.1202654 0.1341620 0.0841894 0.1341890 0.0224683 0.1665702 0.1418597 0.1734423 0.1477305 0.1531036 0.0282436 0.1288535 0.1295394 0.1125093 0.1114018 0.0896491 0.1077670 0.1016703 0.1329013 0.1455879 0.0918690 0.1028167 0.0776894 0.0945932 0.1137235 0.3243853 0.0812419 0.5457813 0.0768336 0.1593736 0.1269651 0.1044720 0.1402949 0.1354840 0.1165349 0.3624335 0.1348574 0.1594114 0.1390393 0.0939053 0.0586722 0.1408841 0.1168782 
Perityle_fosteri_93                        0.0758576 0.0615049 0.1641362 0.1472334 0.0844731 0.0839427 0.1010048 0.3303974 0.5317935 0.0607107 0.1094511 0.0345741 0.0281680 0.0321192 0.0120162 0.0706633 0.0034106 0.0707421 0.0979168 0.0260060 0.0189170 0.0400026 0.0000010 0.0561798 0.0173977 0.0444372 0.0635347 0.1028093 0.0506816 0.1082106 0.1078113 0.0793010 0.0589082 0.0227610 0.0687233 0.1194116 0.0000000 0.1805403 0.0572512 0.0310310 0.0374287 0.1058185 0.0078254 0.0867006 0.1020191 0.0293917 0.1354172 0.0401075 0.0448347 0.0872818 0.0316061 0.0231572 0.0626269 0.0055181 0.0706951 0.0524630 0.0526502 0.0298671 0.0404260 0.0374403 0.0944961 0.0727145 0.0571806 0.0626573 0.2578044 0.0634886 0.4647876 0.0125721 0.0293149 0.0352300 0.0774293 0.0330833 0.0393870 0.0251035 0.3199469 0.1081768 0.1435114 0.0623444 0.0062752 0.0367222 0.0388884 0.0625995 
Perityle_gamon_221                         0.1442783 0.0922054 0.2268061 0.2779916 0.2200777 0.0917839 0.2246942 0.3605807 0.6121251 0.2917562 0.2806643 0.2047223 0.1851390 0.1771258 0.1321126 0.2347643 0.3145585 0.2044120 0.1981761 0.1836178 0.1381703 0.2113066 0.0854014 0.2665599 0.1045695 0.2721514 0.2087707 0.2565243 0.1889603 0.1451924 0.2914898 0.2464311 0.1563335 0.2525997 0.2216443 0.2835912 0.1805403 0.0000000 0.2735638 0.2171757 0.2501706 0.3019058 0.2845191 0.2684177 0.2326301 0.2643816 0.2041424 0.2601207 0.2682265 0.2457652 0.2335748 0.2665550 0.1311304 0.2020140 0.1204188 0.0998502 0.2251606 0.2244494 0.2653654 0.2162554 0.0572643 0.1150939 0.1028854 0.1746958 0.4876794 0.1565030 0.5990558 0.0816209 0.2311000 0.2486145 0.1937191 0.2585043 0.2374196 0.1896422 0.3988756 0.2212192 0.2482399 0.2513301 0.1968088 0.0828223 0.2652020 0.2111377 
Perityle_gentryi_8_san_francisco           0.0749234 0.0584714 0.1895045 0.1949590 0.1332590 0.0778210 0.1551561 0.3196486 0.5700353 0.1444451 0.1391089 0.0635968 0.0685383 0.0662617 0.0480409 0.0068377 0.0879693 0.1104959 0.1152831 0.0810992 0.0416493 0.0818099 0.0225338 0.1263797 0.0488134 0.1215611 0.0827244 0.0960842 0.0647491 0.1107601 0.1132401 0.1193047 0.0614971 0.1040447 0.0741477 0.1412477 0.0572512 0.2735638 0.0000000 0.0727934 0.0926551 0.1294110 0.0925557 0.1295561 0.1469476 0.1180763 0.1194880 0.1147375 0.1199532 0.1089329 0.0790151 0.1044603 0.0335501 0.0653058 0.0776110 0.0542550 0.0591227 0.0839888 0.1152013 0.0919421 0.0585668 0.0613333 0.0331465 0.0656241 0.2580007 0.0649518 0.4732902 0.0352994 0.0580736 0.1098930 0.0885382 0.1152845 0.0835192 0.0517555 0.2876354 0.1139392 0.1627631 0.1199061 0.0497629 0.0498325 0.1097093 0.0621086 
Perityle_gilensis_22_Superstition          0.0642908 0.0617631 0.1718170 0.1772749 0.0862319 0.0792006 0.1243923 0.3153005 0.5505101 0.0880584 0.0952182 0.0384518 0.0215158 0.0067225 0.0162895 0.0666621 0.0028298 0.0883084 0.0948612 0.0318557 0.0118784 0.0110553 0.0270181 0.0093659 0.0000010 0.0362548 0.0461762 0.0824894 0.0430502 0.1002111 0.1302442 0.0835710 0.0456014 0.0170106 0.0707223 0.1202654 0.0310310 0.2171757 0.0727934 0.0000000 0.0146755 0.1571969 0.0107924 0.0976313 0.1470724 0.0247958 0.1265973 0.0122688 0.0179040 0.0983847 0.0138393 0.0042528 0.0503761 0.0232069 0.0588222 0.0289666 0.0528977 0.0114835 0.0123418 0.0524983 0.0656758 0.0581922 0.0422952 0.0397616 0.2030364 0.0588086 0.4866653 0.0329014 0.0516131 0.0009470 0.0725716 0.0246666 0.0087009 0.0066356 0.2973053 0.0985828 0.1336598 0.0612519 0.0041062 0.0271554 0.0092197 0.0622354 
Perityle_gilensis_salensis_225             0.0943039 0.0740706 0.1968982 0.1904610 0.1125387 0.0908001 0.1503460 0.3363382 0.5764456 0.1120275 0.1126246 0.0622356 0.0428904 0.0241701 0.0347572 0.0916275 0.0136280 0.1125167 0.1194652 0.0538026 0.0334121 0.0326514 0.0305617 0.0379657 0.0137549 0.0466497 0.0638822 0.0974792 0.0653471 0.1109246 0.1196932 0.1059923 0.0693040 0.0328977 0.0903345 0.1341620 0.0374287 0.2501706 0.0926551 0.0146755 0.0000000 0.1237404 0.0116346 0.1186255 0.1380051 0.0441393 0.1412490 0.0310059 0.0358819 0.1205725 0.0279960 0.0232859 0.0562230 0.0346790 0.0761251 0.0398047 0.0713107 0.0283916 0.0311829 0.0666356 0.0796821 0.0707905 0.0502154 0.0639660 0.2229751 0.0669241 0.4991222 0.0454676 0.0381008 0.0204478 0.0988292 0.0355132 0.0302599 0.0212241 0.3183604 0.1166034 0.1663463 0.0902690 0.0120507 0.0379707 0.0332200 0.0781155 
Perityle_glaucescens_94                    0.0837169 0.0695630 0.2176936 0.1989607 0.1291471 0.0949884 0.1426514 0.3513467 0.5977465 0.1533638 0.2078496 0.1214575 0.1100984 0.1341651 0.0814520 0.1396299 0.1153236 0.1237455 0.1120406 0.1074856 0.0882815 0.1596396 0.0600679 0.1971666 0.0714118 0.1651573 0.1839535 0.1708309 0.0617669 0.1111001 0.2252984 0.1232322 0.0709829 0.1706049 0.1116980 0.0841894 0.1058185 0.3019058 0.1294110 0.1571969 0.1237404 0.0000000 0.1157984 0.0226629 0.1744651 0.1861017 0.1438289 0.1892200 0.1937483 0.0203110 0.1087198 0.1244789 0.1405012 0.0892871 0.0772681 0.0901772 0.0833694 0.1469165 0.1886314 0.0813584 0.1011319 0.0634843 0.0798342 0.1663930 0.3178036 0.0688566 0.5281303 0.0565444 0.1452610 0.1723558 0.0818203 0.1825835 0.1674385 0.1263237 0.3582606 0.1446862 0.2089288 0.1896960 0.0774821 0.0410686 0.1419991 0.1669323 
Perityle_gracilis_11                       0.0688694 0.0527050 0.2008551 0.1816723 0.1078597 0.0681554 0.1390778 0.2856091 0.4787928 0.1184936 0.1032319 0.0435019 0.0189002 0.0092311 0.0017062 0.0820451 0.0027727 0.0974980 0.1059415 0.0294288 0.0071807 0.0055491 0.0000010 0.0172744 0.0018176 0.0149975 0.0472044 0.0975734 0.0466089 0.0983795 0.0860053 0.0973976 0.0504036 0.0114628 0.0871683 0.1341890 0.0078254 0.2845191 0.0925557 0.0107924 0.0116346 0.1157984 0.0000000 0.1112671 0.1224073 0.0151304 0.1184273 0.0024764 0.0086250 0.1071819 0.0179259 0.0087917 0.0272976 0.0119627 0.0583612 0.0303344 0.0494209 0.0077958 0.0037261 0.0617351 0.0625892 0.0592639 0.0130940 0.0466638 0.1205754 0.0497242 0.4336450 0.0100474 0.0156886 0.0075449 0.0871984 0.0101372 0.0039068 0.0044448 0.2559226 0.1176517 0.1451137 0.0698296 0.0020832 0.0259410 0.0112350 0.0746618 
Perityle_harkerae_31                       0.0813669 0.0731051 0.2145277 0.1971562 0.1333481 0.0931703 0.1469109 0.3308052 0.5963010 0.1541572 0.1373420 0.0903439 0.1010245 0.0912204 0.0827020 0.1111338 0.1105858 0.1264412 0.1165428 0.1089754 0.0799503 0.1084794 0.0604400 0.1298030 0.0713209 0.1294789 0.1139209 0.1044035 0.0698640 0.1170228 0.1455018 0.1109617 0.0723856 0.1081448 0.0953086 0.0224683 0.0867006 0.2684177 0.1295561 0.0976313 0.1186255 0.0226629 0.1112671 0.0000000 0.1185382 0.1217752 0.1516007 0.1192811 0.1228592 0.0090030 0.1076264 0.1164805 0.0724977 0.0910682 0.0759792 0.0909636 0.0910320 0.1068772 0.1183092 0.0724282 0.0926556 0.0717686 0.0838358 0.0932461 0.3123476 0.0709556 0.5274225 0.0609002 0.0979917 0.1047432 0.0876511 0.1186276 0.1103948 0.0889176 0.3450417 0.1175114 0.1390938 0.1118603 0.0818756 0.0456044 0.1210336 0.0919668 
Perityle_hofmeisteria_4_nombre_de_dios     0.0783272 0.0789571 0.2121713 0.2245525 0.1431076 0.0902645 0.1593776 0.3627873 0.5638999 0.1832065 0.1852288 0.1199096 0.1112520 0.1276620 0.0835676 0.1165273 0.1353214 0.1249696 0.1193829 0.1025212 0.0843081 0.1388606 0.0642328 0.1791642 0.0782042 0.1517157 0.1650096 0.1578598 0.0871272 0.1263638 0.1876146 0.1109546 0.0797872 0.1470778 0.0983375 0.1665702 0.1020191 0.2326301 0.1469476 0.1470724 0.1380051 0.1744651 0.1224073 0.1185382 0.0000000 0.1555743 0.1720716 0.1653590 0.1704458 0.1194407 0.1223742 0.1340214 0.1138615 0.1021954 0.0828227 0.0945603 0.1054623 0.1190518 0.1639548 0.0962149 0.0942604 0.0827249 0.0939105 0.1405919 0.3191119 0.0841047 0.4920182 0.0675650 0.1529789 0.1575545 0.1085366 0.1695973 0.1446615 0.0982527 0.3610905 0.1322643 0.1081261 0.1634805 0.0899881 0.0531701 0.1365350 0.1275426 
Perityle_huecosensis_48                    0.0823281 0.0561808 0.1821218 0.1861186 0.1309770 0.0761571 0.1448879 0.3388763 0.5555542 0.1508294 0.1276589 0.0455279 0.0379615 0.0322602 0.0159428 0.0802674 0.0173592 0.1116327 0.1118717 0.0341629 0.0220537 0.0401508 0.0116230 0.0455855 0.0235816 0.0435369 0.0600017 0.1253919 0.0569215 0.1109957 0.1407988 0.1130665 0.0643067 0.0211970 0.0816009 0.1418597 0.0293917 0.2643816 0.1180763 0.0247958 0.0441393 0.1861017 0.0151304 0.1217752 0.1555743 0.0000000 0.1437944 0.0414293 0.0446657 0.1188419 0.0437892 0.0373387 0.0692310 0.0118542 0.0785020 0.0561644 0.0659193 0.0273211 0.0413234 0.0802021 0.0910100 0.0787654 0.0610739 0.0527644 0.2369576 0.0728907 0.4909386 0.0253599 0.0648323 0.0308708 0.0908875 0.0329053 0.0361437 0.0255167 0.3269805 0.1186759 0.1560869 0.0814055 0.0144201 0.0365270 0.0454470 0.0704484 
