83
Amauria_brandeegeana_62                    0.0000000 0.1174158 0.0038372 0.3024401 0.3156110 0.3601991 0.5200687 0.2679872 0.2998793 0.1047079 0.3082184 0.1218234 0.1515880 0.1192090 0.0659062 0.1241126 0.1126046 0.1177846 0.4914301 0.2541145 0.1497117 0.1214453 9.0000000 0.1140555 0.1456487 0.1235662 0.2770719 0.1302442 0.3842811 0.4910108 0.4406193 0.1230801 0.2020299 0.1078414 0.1522594 0.5130057 0.1790141 0.4195442 0.3008936 0.1608393 0.1276779 0.3153538 0.1681038 9.0000000 0.1635308 0.3115595 0.1185930 0.2607999 0.1255370 0.1240814 0.1623775 0.1483313 0.1215805 0.1211159 0.7006725 0.1525206 0.3483796 0.0890466 0.1042992 0.2771952 0.1198068 0.1307896 0.2653919 0.0632951 0.1285065 0.3696537 0.2030941 0.1573618 0.0694502 0.1050206 0.1155764 0.5163802 0.1209825 0.1250073 0.1231877 0.0881239 0.1547985 0.1815325 0.1249867 0.1171306 0.2526979 0.1194410 0.1353786 
Amauria_carterae_99_mesa                   0.1174158 0.0000000 0.0926200 0.1817683 0.1146485 0.0662425 0.3129150 0.1636624 0.2485963 0.0900330 0.1173141 0.1279269 0.1951515 0.1036963 0.1028284 0.1020589 0.1012557 0.1101632 0.3102486 0.2396413 0.1029280 0.1259262 0.0646861 0.1076971 0.2134390 0.1072686 0.1089317 0.1173835 0.1091870 0.2193260 0.2667044 0.1110561 0.1181158 0.0901143 0.2241442 0.3097963 0.1170505 0.3013046 0.1213115 0.1011930 0.1052456 0.2524418 0.1105148 0.2881146 0.1074235 0.1267010 0.1054615 0.0752308 0.1071582 0.1058366 0.1093677 0.2218678 0.1153200 0.0952000 0.1792077 0.1623533 0.0875850 0.1269439 0.1064109 0.2529835 0.1595466 0.1434163 0.0856770 0.0871257 0.1074836 0.1016043 0.0954401 0.1535284 0.1296079 0.1031931 0.1088486 0.2061919 0.1682716 0.1202882 0.1004873 0.0964644 0.1541707 0.1185748 0.1021107 0.1052846 0.1076293 0.1586719 0.0846328 
Amauria_rotundifolia_SRR9119150            0.0038372 0.0926200 0.0000000 0.3915354 0.3662940 0.0765307 0.3874116 0.2056781 0.3584623 0.1018055 0.3792013 0.1385480 0.2184134 0.1072804 0.0668053 0.1228171 0.1021532 0.1219884 0.4049741 0.2671052 0.1366220 0.1154984 0.0810809 0.1117566 0.2942391 0.1110488 0.1849796 0.1680716 0.2999439 0.4642756 0.5466357 0.1012515 0.1587090 0.1127402 0.2994652 0.4739938 0.2143028 0.4009410 0.3678953 0.1497077 0.1160782 0.3944867 0.2147788 0.4581906 0.1303490 0.3730814 0.1117799 0.2772254 0.1106287 0.1294612 0.2255524 0.3021207 0.1242135 0.1013802 0.2446827 0.2728058 0.2665173 0.0928920 0.0919487 0.2875191 0.1313590 0.1285839 0.2582715 0.0815316 0.1172635 0.3326127 0.1724048 0.2029048 0.0722404 0.1055053 0.1117842 0.2559354 0.1458927 0.1240536 0.1117712 0.0893935 0.2057595 0.2251473 0.1383826 0.1127336 0.2137202 0.1471841 0.1106255 
Conoclinium_coelestinum_SRR9119114         0.3024401 0.1817683 0.3915354 0.0000000 0.4613490 0.2071384 0.4129508 0.2407892 0.4430495 0.2946948 0.4547133 0.4241672 0.3518220 0.3972478 0.2430271 0.3777803 0.3516972 0.2653363 0.3965662 0.3978410 0.3179612 0.3359480 0.1932379 0.4306070 0.3927008 0.3978479 0.4592169 0.5385006 0.4008112 0.4486662 0.4515629 0.3737230 0.4125207 0.2887535 0.4294920 0.4729760 0.4047941 0.4590273 0.4840341 0.3282601 0.4107509 0.4624822 0.4492034 0.4761799 0.2397585 0.5055800 0.4226017 0.2914741 0.4055815 0.4071076 0.3848447 0.4463724 0.2956007 0.4245474 0.4854188 0.4123251 0.3587591 0.1908150 0.3189583 0.5293546 0.3372489 0.3685190 0.4334149 0.1578115 0.4451702 0.3963394 0.3965953 0.4103327 0.1057151 0.3897441 0.4287613 0.4400217 0.3514594 0.3277528 0.3802111 0.1930073 0.3754477 0.4641658 0.4064671 0.4277946 0.3159870 0.3827086 0.4493134 
Eutetras_palmeri_63                        0.3156110 0.1146485 0.3662940 0.4613490 0.0000000 0.0254221 0.4437454 0.1813186 0.3714985 0.3596924 0.1089824 0.3194960 0.3517955 0.3282838 0.1300763 0.3286622 0.3133400 0.1615203 0.3663902 0.4005281 0.3017580 0.3458824 0.0473780 0.3218087 0.3532608 0.3156343 0.3527605 0.4110003 0.2266460 0.4132393 0.5585532 0.3517654 0.3089493 0.3516872 0.3654289 0.4687958 0.3033184 0.3968075 0.2543859 0.2370715 0.3228708 0.4188792 0.3035009 0.3800224 0.1995600 0.2595472 0.3217159 0.0739670 0.3268437 0.3343294 0.2457218 0.3711273 0.2989261 0.3141563 0.4587475 0.2891861 0.1752494 0.1776105 0.2010817 0.4499518 0.3553442 0.3993003 0.2470198 0.0912043 0.3324387 0.2540987 0.3506950 0.3538607 0.1713076 0.2582540 0.3222616 0.3881507 0.3604683 0.3163341 0.3170063 0.0847829 0.3385446 0.2693411 0.3533013 0.3312959 0.1336420 0.3656744 0.3446510 
Eutetras_pringlei_149_quer                 0.3601991 0.0662425 0.0765307 0.2071384 0.0254221 0.0000000 0.1455391 0.1254207 0.1371041 0.3601991 0.0471109 0.0788108 1.1086916 0.0659634 0.3601991 0.0640110 0.0663327 0.0718458 0.1121902 0.3601991 0.0675956 0.3601991 0.0548275 0.0648948 0.0886127 0.0607375 0.0843571 0.0604610 0.0551356 0.2150145 9.0000000 0.0477133 0.0839456 0.4917890 0.1084680 0.1132245 0.0284307 0.1198753 0.0605618 0.0574833 0.0653028 0.1102544 0.0245841 0.0860462 0.0247156 0.0677608 0.0716014 0.0523228 0.0615966 0.0621053 0.0283528 0.1089413 0.3601991 0.0582325 0.0823926 0.1052972 0.0339015 0.3601991 0.0675081 0.5514839 0.3601991 0.6661972 0.0490049 0.0660210 0.0672957 0.0437183 0.0746833 0.1286627 9.0000000 0.0626401 0.0648574 0.1154432 0.3601991 0.5033429 0.0596150 0.0482333 0.1286627 0.0661112 0.0598135 0.0709520 0.0511195 0.3601991 0.0423118 
Eutrochium_fistulosum_SRR9119106           0.5200687 0.3129150 0.3874116 0.4129508 0.4437454 0.1455391 0.0000000 0.3073805 0.4382114 0.3953028 0.4675956 0.3994594 0.5060008 0.3809626 0.4553919 0.3903052 0.3843942 0.3980010 0.3362553 0.5236008 0.3578389 0.4070936 0.1211536 0.4098204 0.3572518 0.3880130 0.4639802 0.4087220 0.3734347 0.5137562 0.5658622 0.4077655 0.4400597 0.4393091 0.3578277 0.3701181 0.3633797 0.3183175 0.4838642 0.4119085 0.4016908 0.3749780 0.3179463 0.2630621 0.2935663 0.4877729 0.3898311 0.3753806 0.3803439 0.3893982 0.3649915 0.3638080 0.5085170 0.3825478 0.4649493 0.3889528 0.3270760 0.4438614 0.3863054 0.6013049 0.4430952 0.4034067 0.3273532 0.2553492 0.4159564 0.4563916 0.3937934 0.3932335 0.4650594 0.4187202 0.4137202 0.4762224 0.4567898 0.4346253 0.4206893 0.2586502 0.4235210 0.3736996 0.4144820 0.3589500 0.3508383 0.4045867 0.3559071 
Galeana_pratensis_104_mex                  0.2679872 0.1636624 0.2056781 0.2407892 0.1813186 0.1254207 0.3073805 0.0000000 0.2757546 0.2756033 0.1781618 0.2069676 0.3940377 0.2056157 0.2769439 0.2059473 0.2042554 0.1994425 0.3112672 0.3364657 0.2057086 0.2921341 0.0886168 0.1979199 0.2677619 0.2075442 0.2330898 0.1985593 0.1695243 0.3047452 0.2027351 0.2335506 0.2224774 0.2795716 0.2777522 0.3192163 0.1767256 0.3171501 0.1890082 0.2082303 0.1992467 0.2992446 0.1700952 0.2280613 0.1703826 0.1937073 0.2059509 0.1637267 0.2048996 0.2026325 0.1660484 0.2776753 0.2749596 0.1909885 0.2590496 0.2491879 0.1484678 0.2712542 0.1988041 0.3574701 0.3179833 0.2468744 0.1657670 0.1253252 0.2224295 0.1668675 0.1889590 0.1972577 0.3320894 0.1974146 0.2057797 0.2829466 0.3390928 0.2752425 0.1993956 0.1573677 0.1948845 0.1709767 0.1984207 0.2149217 0.1742360 0.3336789 0.1734817 
Helianthus_annuus_SRR9119062               0.2998793 0.2485963 0.3584623 0.4430495 0.3714985 0.1371041 0.4382114 0.2757546 0.0000000 0.2910826 0.3836544 0.3559820 0.4075747 0.3512124 0.2768367 0.3574713 0.3501254 0.2957229 0.4670246 0.4422570 0.3426022 0.3195829 0.0658614 0.3531177 0.4479997 0.3489780 0.3726914 0.3782439 0.3116348 0.4610587 0.4235951 0.3859251 0.3806110 0.2974008 0.4440168 0.5535222 0.3003673 0.4730635 0.3756063 0.3650900 0.3451664 0.5080175 0.2899792 0.5833484 0.2249826 0.3828086 0.3593565 0.2769494 0.3457245 0.3511291 0.2922567 0.4545805 0.3318851 0.3605369 0.4964168 0.3943220 0.2974936 0.2917168 0.3067389 0.4469918 0.3502787 0.3017647 0.3195219 0.1841218 0.3456202 0.3087810 0.3488281 0.3892491 0.2300976 0.3508083 0.3533466 0.4502390 0.3726684 0.3137129 0.3670926 0.2321609 0.3935578 0.3016647 0.3872946 0.3360016 0.2739905 0.3736122 0.3526628 
Lycapsus_tenuifolius_17                    0.1047079 0.0900330 0.1018055 0.2946948 0.3596924 0.3601991 0.3953028 0.2756033 0.2910826 0.0000000 0.3475250 0.0950048 0.1232268 0.0838918 0.0482743 0.1035855 0.0833663 0.1228558 0.4784577 0.2220084 0.0784584 0.0974933 9.0000000 0.0795821 0.0811368 0.0958289 0.2016794 0.1016674 0.3464003 0.4150778 0.3893128 0.1096281 0.1688498 0.0013511 0.0856610 0.5183450 0.1636628 0.4181781 0.3061150 0.1048473 0.0955070 0.2469407 0.1555487 9.0000000 0.1536248 0.3111820 0.0860199 0.3234276 0.0920077 0.0918275 0.1696921 0.0812048 0.1033361 0.0848569 0.6942704 0.0847466 0.3286445 0.0637951 0.0950065 0.2400168 0.0935417 0.1384543 0.2584208 0.0235285 0.0924390 0.3558076 0.1450271 0.1548160 0.0193583 0.0703466 0.0810342 0.4990321 0.0977217 0.1044640 0.1013167 0.0610764 0.2080769 0.1687367 0.0934129 0.0972548 0.2224496 0.0917398 0.1103731 
Pericome_caudata_50_silver                 0.3082184 0.1173141 0.3792013 0.4547133 0.1089824 0.0471109 0.4675956 0.1781618 0.3836544 0.3475250 0.0000000 0.3187484 0.3234204 0.3296365 0.1261866 0.2963213 0.2965118 0.1680212 0.3269075 0.3622913 0.2833072 0.3127703 0.0334873 0.3294942 0.2995762 0.2873624 0.3526597 0.3925281 0.2202903 0.4136469 0.5974620 0.3352241 0.3109082 0.3349465 0.3189945 0.4426264 0.2976426 0.3747637 0.2639568 0.2043557 0.3367790 0.4121737 0.2927812 0.3021164 0.2122061 0.2713992 0.3021759 0.1040765 0.2956384 0.3199828 0.2196204 0.3571174 0.2819323 0.2992582 0.4668011 0.2440823 0.1819968 0.1554531 0.1613455 0.4266912 0.3582029 0.4337369 0.2371255 0.0866795 0.3309096 0.2593733 0.3572681 0.3353780 0.1454524 0.2269763 0.3291592 0.3800215 0.3623479 0.2908369 0.2823315 0.0853296 0.3158218 0.2655412 0.3372642 0.3144907 0.1340596 0.3725265 0.3512423 
Perityle_aglossa_84_dead_horse             0.1218234 0.1279269 0.1385480 0.4241672 0.3194960 0.0788108 0.3994594 0.2069676 0.3559820 0.0950048 0.3187484 0.0000000 0.1402225 0.0682879 0.0176324 0.0928324 0.0569904 0.1394500 0.3956737 0.2054328 0.0397637 0.0404698 0.0251878 0.1135025 0.2251683 0.0774434 0.2005337 0.1231564 0.3155541 0.4420127 0.5659036 0.1524786 0.2026882 0.1080497 0.2315655 0.4865413 0.1974426 0.3721801 0.3508475 0.0854376 0.0914954 0.3361333 0.2262695 0.4462811 0.1252219 0.4107530 0.0919196 0.2235710 0.0992604 0.0986132 0.2044516 0.2231772 0.0587052 0.1114062 0.3157681 0.1954207 0.2281439 0.0447678 0.0520606 0.2405118 0.0553998 0.1544667 0.2257649 0.0480749 0.1119654 0.3141533 0.1973467 0.2368846 0.0135153 0.0660399 0.1133815 0.2953870 0.0732929 0.0424900 0.0850274 0.0433333 0.2387194 0.2357532 0.0972740 0.0880523 0.1701531 0.0828535 0.1524735 
Perityle_ajoensis_204                      0.1515880 0.1951515 0.2184134 0.3518220 0.3517955 1.1086916 0.5060008 0.3940377 0.4075747 0.1232268 0.3234204 0.1402225 0.0000000 0.1099838 0.0583051 0.1368469 0.1186227 0.2149027 0.5172232 0.2573241 0.1192328 0.0778245 0.7671260 0.1142359 0.1254518 0.1321608 0.1778131 0.1372029 0.3834752 0.4099011 0.4527049 0.2187086 0.2950280 0.1242951 0.1368544 0.5791552 0.2068599 0.4538586 0.3279836 0.1663624 0.1332021 0.2143989 0.2019591 0.9416973 0.1962079 0.3269387 0.1212763 0.2999365 0.1326628 0.1365927 0.2115003 0.1307226 0.0342111 0.1110846 0.6954308 0.1187307 0.3384125 0.0608177 0.1351114 0.3092771 0.0957673 0.1863578 0.2892167 0.1444820 0.1366570 0.3781705 0.1569762 0.2555966 0.0181375 0.1366586 0.1144574 0.5846332 0.0965079 0.0785740 0.0962749 0.1418433 0.2990169 0.1974111 0.1041846 0.1222394 0.2682614 0.0991763 0.1745743 
Perityle_ambrosiifolia_67_green            0.1192090 0.1036963 0.1072804 0.3972478 0.3282838 0.0659634 0.3809626 0.2056157 0.3512124 0.0838918 0.3296365 0.0682879 0.1099838 0.0000000 0.0161801 0.0492381 0.0167996 0.1301418 0.3983007 0.1919447 0.0429838 0.0434208 0.0124645 0.0235097 0.1973114 0.0482427 0.1222537 0.1132646 0.2732232 0.4087429 0.5108556 0.1197831 0.1636408 0.0977136 0.2135723 0.4705464 0.1936468 0.3704911 0.3437411 0.0636703 0.0198354 0.3002587 0.2005671 0.4058356 0.1145001 0.3479139 0.0246646 0.2364530 0.0487735 0.0543341 0.2096620 0.1996334 0.0404649 0.0347296 0.2148579 0.1813732 0.2334142 0.0320360 0.0441166 0.2334000 0.0590272 0.1479912 0.2327555 0.0289798 0.0451580 0.3142821 0.1238768 0.2011250 0.0182571 0.0221594 0.0228579 0.2806003 0.0704456 0.0461997 0.0450487 0.0373814 0.2068594 0.2077317 0.0720980 0.0434547 0.1890863 0.0744845 0.0823711 
Perityle_angustifolia_13_Eagle_creek       0.0659062 0.1028284 0.0668053 0.2430271 0.1300763 0.3601991 0.4553919 0.2769439 0.2768367 0.0482743 0.1261866 0.0176324 0.0583051 0.0161801 0.0000000 0.0298891 0.0052972 0.0750262 0.4300061 0.0811283 0.0095245 0.0193198 9.0000000 0.0141276 0.0177773 0.0193553 0.2047638 0.0369867 0.1311031 0.2961543 0.2759962 0.0913299 0.1353330 0.0570096 0.0260813 0.4095375 0.1314206 0.3234740 0.1420113 0.0357664 0.0195709 0.2627671 0.1296692 9.0000000 0.1247114 0.1473489 0.0126307 0.1083388 0.0212229 0.0247289 0.1328606 0.0194904 0.0321997 0.0230821 0.7092474 0.0260579 0.1160463 0.0336190 0.0406999 0.1052348 0.0193308 0.1126057 0.1440319 0.0153962 0.0141409 0.1269518 0.1489459 0.1257588 0.0000010 0.0106713 0.0158798 0.4284650 0.0229195 0.0265034 0.0301583 0.0066586 0.1268647 0.1359757 0.0284368 0.0093595 0.1232493 0.0193308 0.0135800 
Perityle_batopilensis_97                   0.1241126 0.1020589 0.1228171 0.3777803 0.3286622 0.0640110 0.3903052 0.2059473 0.3574713 0.1035855 0.2963213 0.0928324 0.1368469 0.0492381 0.0298891 0.0000000 0.0475574 0.1277293 0.3757517 0.2163291 0.0828078 0.0473957 0.0122200 0.0557973 0.2435173 0.0624569 0.1492198 0.1071579 0.2522366 0.3814198 0.4408123 0.1363433 0.1779344 0.1187117 0.2668568 0.4335104 0.2017670 0.3635349 0.3002837 0.0413283 0.0646418 0.3344034 0.2092124 0.4375390 0.1165093 0.3019034 0.0599734 0.2075444 0.0630188 0.0869739 0.2031339 0.2546491 0.0495232 0.0507507 0.2070415 0.2317389 0.2073579 0.0367802 0.0426247 0.2545651 0.0676770 0.1501105 0.2225381 0.0247606 0.0645126 0.2492296 0.1313667 0.2039154 0.0122690 0.0565051 0.0543389 0.2647161 0.0783691 0.0525193 0.0567516 0.0398989 0.2050033 0.2062530 0.0738106 0.0632527 0.1728659 0.0860064 0.0921550 
Perityle_bisetosa_9                        0.1126046 0.1012557 0.1021532 0.3516972 0.3133400 0.0663327 0.3843942 0.2042554 0.3501254 0.0833663 0.2965118 0.0569904 0.1186227 0.0167996 0.0052972 0.0475574 0.0000000 0.1232069 0.3945177 0.1909326 0.0474173 0.0406416 0.0040374 0.0188699 0.2125795 0.0412258 0.1169785 0.0891454 0.2521310 0.4006598 0.4911675 0.1182971 0.1521280 0.0993242 0.2175287 0.4642701 0.1831766 0.3612814 0.3216926 0.0781940 0.0284415 0.3079080 0.1766334 0.4184796 0.1117526 0.3253373 0.0131556 0.2259670 0.0406754 0.0622207 0.1942830 0.2075036 0.0390202 0.0274844 0.1681259 0.1885092 0.2035368 0.0345931 0.0357842 0.2292082 0.0546671 0.1406727 0.2158097 0.0259271 0.0314984 0.3008244 0.0938929 0.1878402 0.0000010 0.0072874 0.0187963 0.2598416 0.0663300 0.0443914 0.0392622 0.0348174 0.1969133 0.1790517 0.0640229 0.0291990 0.1712459 0.0703130 0.0758346 
Perityle_californica_76_positas            0.1177846 0.1101632 0.1219884 0.2653363 0.1615203 0.0718458 0.3980010 0.1994425 0.2957229 0.1228558 0.1680212 0.1394500 0.2149027 0.1301418 0.0750262 0.1277293 0.1232069 0.0000000 0.3489525 0.2223065 0.1171654 0.1326276 0.0642823 0.1343499 0.2356682 0.1150561 0.1704081 0.1381138 0.1617834 0.3498035 0.3487206 0.1265074 0.1531349 0.1190714 0.2514895 0.3436475 0.1648189 0.3147125 0.2013284 0.1245670 0.1326826 0.3321731 0.1504624 0.3604614 0.1556644 0.2127946 0.1232318 0.1394122 0.1184200 0.1301430 0.1432692 0.2544321 0.1353142 0.1059981 0.2193708 0.1806654 0.1480747 0.1107561 0.0970355 0.2459430 0.1710047 0.1716459 0.1565304 0.0655823 0.1340324 0.1823218 0.1345753 0.1901414 0.0552539 0.1065623 0.1341659 0.2933672 0.1777444 0.1369119 0.1166240 0.0990435 0.1936204 0.1669010 0.1337605 0.1182790 0.1519240 0.1750112 0.0547746 
Perityle_canescens_77                      0.4914301 0.3102486 0.4049741 0.3965662 0.3663902 0.1121902 0.3362553 0.3112672 0.4670246 0.4784577 0.3269075 0.3956737 0.5172232 0.3983007 0.4300061 0.3757517 0.3945177 0.3489525 0.0000000 0.5145316 0.3930496 0.4745829 0.0590631 0.3865838 0.3357055 0.3832391 0.4511469 0.4087626 0.3177805 0.4686937 0.3064700 0.4297467 0.4140001 0.4964899 0.3318460 0.0823231 0.3604331 0.1523139 0.3319501 0.3853996 0.3826943 0.3591262 0.3397068 0.1564943 0.3047376 0.3377943 0.3860578 0.2905630 0.3785447 0.3831234 0.3472683 0.3417843 0.4906816 0.3920048 0.4071663 0.3361098 0.2957263 0.4106620 0.3438726 0.5569930 0.4713512 0.4361300 0.3157175 0.2185976 0.4109324 0.3165075 0.4052250 0.3778434 0.4709918 0.3859108 0.3965481 0.2887517 0.4913938 0.4507355 0.3946225 0.2354995 0.3885109 0.3128683 0.3977696 0.3714272 0.3086654 0.4812880 0.3658137 
Perityle_castillonii_96                    0.2541145 0.2396413 0.2671052 0.3978410 0.4005281 0.3601991 0.5236008 0.3364657 0.4422570 0.2220084 0.3622913 0.2054328 0.2573241 0.1919447 0.0811283 0.2163291 0.1909326 0.2223065 0.5145316 0.0000000 0.1938745 0.1948490 9.0000000 0.1931084 0.2117800 0.1886728 0.3899222 0.2195663 0.3009215 0.4526618 0.3859087 0.2599813 0.2302014 0.2196228 0.2220364 0.5749618 0.3894540 0.4917998 0.3621813 0.1935379 0.2112033 0.4678498 0.3772800 9.0000000 0.3802106 0.3712622 0.1975453 0.3615609 0.1908046 0.1948959 0.3393458 0.2097933 0.1999414 0.2025778 0.7608564 0.1680929 0.3243882 0.0559965 0.1359005 0.1841323 0.1963814 0.3058864 0.2369352 0.0553013 0.2095836 0.3258322 0.3429011 0.3378358 0.0088948 0.1166331 0.1924509 0.5255553 0.1934062 0.1943523 0.2004146 0.1064114 0.3637988 0.3706363 0.2066394 0.2468919 0.2294960 0.1959132 0.1917905 
Perityle_cernua_84                         0.1497117 0.1029280 0.1366220 0.3179612 0.3017580 0.0675956 0.3578389 0.2057086 0.3426022 0.0784584 0.2833072 0.0397637 0.1192328 0.0429838 0.0095245 0.0828078 0.0474173 0.1171654 0.3930496 0.1938745 0.0000000 0.0399471 0.0162854 0.0553407 0.2377018 0.0760748 0.1416614 0.1104856 0.2499031 0.3945915 0.4832371 0.1327728 0.1765439 0.0933796 0.2384113 0.4708508 0.1667809 0.3761183 0.2804685 0.1025012 0.0648998 0.3287154 0.1669271 0.4381488 0.1124932 0.2824156 0.0555571 0.2025315 0.0763094 0.0803856 0.1859473 0.2334921 0.0453819 0.0631542 0.1809053 0.1992497 0.2023386 0.0372957 0.0409067 0.2364406 0.0585953 0.1350533 0.1875401 0.0392432 0.0581876 0.2748767 0.1135311 0.2198544 0.0187168 0.0579828 0.0556132 0.2774112 0.0781282 0.0439848 0.0576459 0.0386677 0.2313298 0.1757410 0.0797825 0.0518860 0.1717316 0.0789529 0.1063225 
Perityle_cfvillosa_25_tin                  0.1214453 0.1259262 0.1154984 0.3359480 0.3458824 0.3601991 0.4070936 0.2921341 0.3195829 0.0974933 0.3127703 0.0404698 0.0778245 0.0434208 0.0193198 0.0473957 0.0406416 0.1326276 0.4745829 0.1948490 0.0399471 0.0000000 9.0000000 0.0430879 0.0538584 0.0049048 0.1676067 0.0609003 0.3402890 0.4329753 0.4467445 0.1386156 0.1964831 0.0998042 0.0612267 0.5194698 0.1658075 0.3778030 0.2893656 0.0617291 0.0616695 0.2065397 0.1619395 1.3855230 0.1563189 0.2938478 0.0448196 0.3043465 0.0060211 0.0059478 0.1753778 0.0565002 0.0636353 0.0480842 0.6556718 0.0718614 0.2957211 0.0415680 0.0520550 0.1929463 0.0011950 0.1471295 0.2306479 0.0257185 0.0364194 0.3459477 0.1229949 0.1742327 0.0088335 0.0392255 0.0438112 0.5033078 0.0082862 0.0141144 0.0550301 0.0059809 0.2156311 0.1686161 0.0527030 0.0321122 0.2272461 0.0023858 0.0859785 
Perityle_cinerea_113_Powell1310            9.0000000 0.0646861 0.0810809 0.1932379 0.0473780 0.0548275 0.1211536 0.0886168 0.0658614 9.0000000 0.0334873 0.0251878 0.7671260 0.0124645 9.0000000 0.0122200 0.0040374 0.0642823 0.0590631 9.0000000 0.0162854 9.0000000 0.0000000 0.0080300 0.1001443 0.0162754 0.0333116 0.0170183 0.0475791 0.1415819 9.0000000 0.0729180 0.0699932 9.0000000 0.1084783 0.0487892 0.0418036 0.0536278 0.0416263 0.0123575 0.0081209 0.1234244 0.0367387 0.1023246 0.0366834 0.0460861 0.0040176 0.0191688 0.0164807 0.0164232 0.0367387 0.1234244 9.0000000 0.0163001 0.0213642 0.0669438 0.0144838 9.0000000 0.0122558 0.7221571 9.0000000 9.0000000 0.0632195 0.0345953 0.0162344 0.0377306 0.0288478 0.0951996 9.0000000 0.0041032 0.0080300 0.0898146 9.0000000 9.0000000 0.0161550 0.0205287 0.0951996 0.0323136 0.0161550 0.0163310 0.0375103 9.0000000 0.0131408 
Perityle_coahuilensis_24                   0.1140555 0.1076971 0.1117566 0.4306070 0.3218087 0.0648948 0.4098204 0.1979199 0.3531177 0.0795821 0.3294942 0.1135025 0.1142359 0.0235097 0.0141276 0.0557973 0.0188699 0.1343499 0.3865838 0.1931084 0.0553407 0.0430879 0.0080300 0.0000000 0.2182599 0.0529712 0.1552416 0.1147233 0.3484873 0.4332076 0.5398757 0.1283235 0.1645125 0.0930726 0.2276463 0.4700259 0.1964197 0.3653209 0.3574820 0.0882743 0.0319932 0.3304140 0.2290768 0.4233932 0.1150163 0.4332543 0.0305913 0.2262963 0.0799341 0.0941663 0.2060885 0.2248918 0.0373092 0.0497807 0.3096568 0.1946377 0.2371083 0.0371802 0.0421609 0.2259825 0.0606697 0.1492179 0.2425819 0.0256081 0.0873565 0.3352987 0.1824392 0.2102588 0.0045365 0.0223752 0.0004334 0.2766883 0.0708351 0.0466424 0.0454645 0.0403242 0.2110276 0.2244126 0.0745767 0.0517568 0.1769969 0.0794327 0.1072836 
Perityle_cochisensis_44_cave_creek         0.1456487 0.2134390 0.2942391 0.3927008 0.3532608 0.0886127 0.3572518 0.2677619 0.4479997 0.0811368 0.2995762 0.2251683 0.1254518 0.1973114 0.0177773 0.2435173 0.2125795 0.2356682 0.3357055 0.2117800 0.2377018 0.0538584 0.1001443 0.2182599 0.0000000 0.2393696 0.3276164 0.2334708 0.2861526 0.3907810 0.4199163 0.2822873 0.3530886 0.1150411 0.0307052 0.3340797 0.2231841 0.2807384 0.2964608 0.2719591 0.2266706 0.0877832 0.2229552 0.0213241 0.1425279 0.2954786 0.2210582 0.2421742 0.2353140 0.2486050 0.2372132 0.0190367 0.0590085 0.2241272 0.4962805 0.1757257 0.2366838 0.0342397 0.1661663 0.2617956 0.0785843 0.1562988 0.2299957 0.1419919 0.2329015 0.2846850 0.3003027 0.3429000 0.0132669 0.2446617 0.2166954 0.5280100 0.0915807 0.0603369 0.2242755 0.1808490 0.3593562 0.2105866 0.2410886 0.2402199 0.2049598 0.0963234 0.2336421 
Perityle_congesta_202                      0.1235662 0.1072686 0.1110488 0.3978479 0.3156343 0.0607375 0.3880130 0.2075442 0.3489780 0.0958289 0.2873624 0.0774434 0.1321608 0.0482427 0.0193553 0.0624569 0.0412258 0.1150561 0.3832391 0.1886728 0.0760748 0.0049048 0.0162754 0.0529712 0.2393696 0.0000000 0.1280096 0.1040513 0.2520522 0.3898325 0.4433160 0.1367427 0.1698507 0.1065943 0.2517966 0.4329921 0.2087253 0.3616533 0.2936713 0.0933217 0.0583106 0.3394033 0.2169698 0.4287495 0.1195902 0.3040619 0.0533549 0.2055214 0.0031385 0.0245101 0.2153933 0.2460064 0.0560853 0.0492351 0.2020092 0.2185748 0.2061348 0.0391893 0.0407572 0.2036599 0.0238790 0.1477536 0.2176615 0.0256301 0.0389389 0.2504926 0.1174245 0.2073488 0.0088392 0.0468823 0.0521330 0.2706591 0.0352657 0.0087935 0.0352311 0.0037158 0.2136337 0.2005335 0.0612744 0.0313953 0.1807424 0.0425074 0.0898855 
Perityle_cordifolia_27                     0.2770719 0.1089317 0.1849796 0.4592169 0.3527605 0.0843571 0.4639802 0.2330898 0.3726914 0.2016794 0.3526597 0.2005337 0.1778131 0.1222537 0.2047638 0.1492198 0.1169785 0.1704081 0.4511469 0.3899222 0.1416614 0.1676067 0.0333116 0.1552416 0.3276164 0.1280096 0.0000000 0.1858052 0.3672293 0.4557635 0.5186723 0.2013214 0.2467246 0.2381606 0.3250554 0.5115100 0.2174824 0.4105987 0.3894633 0.1733858 0.1403787 0.3702473 0.2555873 0.4594642 0.1338646 0.4433271 0.1416533 0.2679124 0.1477190 0.1573781 0.2291059 0.3290808 0.2022758 0.1430654 0.2345731 0.3011790 0.2713926 0.1548614 0.0722637 0.4330379 0.1698697 0.2344365 0.2749573 0.0186600 0.1458921 0.3703798 0.1145095 0.2507153 0.0839350 0.1365797 0.1551140 0.3165348 0.1745465 0.1793700 0.1229521 0.0481803 0.2556696 0.2524308 0.1574217 0.1067838 0.2245876 0.1929601 0.1777664 
Perityle_cordifolia_68_tecolote            0.1302442 0.1173835 0.1680716 0.5385006 0.4110003 0.0604610 0.4087220 0.1985593 0.3782439 0.1016674 0.3925281 0.1231564 0.1372029 0.1132646 0.0369867 0.1071579 0.0891454 0.1381138 0.4087626 0.2195663 0.1104856 0.0609003 0.0170183 0.1147233 0.2334708 0.1040513 0.1858052 0.0000000 0.2942216 0.4193292 0.5203757 0.1836830 0.2388567 0.1161194 0.2523175 0.4840364 0.2293047 0.3767198 0.4086173 0.1150184 0.1218046 0.3301968 0.2502171 0.4179879 0.1339539 0.4149142 0.1161731 0.2540389 0.1020589 0.1236294 0.2393894 0.2406770 0.0568590 0.1077746 0.2892233 0.2518338 0.2486905 0.0023875 0.0670936 0.2469823 0.0712617 0.1516514 0.2930704 0.0368335 0.1164728 0.3377788 0.1770984 0.2482007 0.0422357 0.1193816 0.1135305 0.3160183 0.0866871 0.0650258 0.1022950 0.0440122 0.2543741 0.2708178 0.1091398 0.1210720 0.1986473 0.0890557 0.1523124 
Perityle_coronopifolia_28_patagonia        0.3842811 0.1091870 0.2999439 0.4008112 0.2266460 0.0551356 0.3734347 0.1695243 0.3116348 0.3464003 0.2202903 0.3155541 0.3834752 0.2732232 0.1311031 0.2522366 0.2521310 0.1617834 0.3177805 0.3009215 0.2499031 0.3402890 0.0475791 0.3484873 0.2861526 0.2520522 0.3672293 0.2942216 0.0000000 0.3590814 0.3165127 0.2874698 0.2595966 0.3565222 0.2934005 0.3912326 0.2335460 0.3644192 0.1215632 0.2126678 0.2665952 0.4173646 0.2516495 0.1986106 0.2135570 0.1872226 0.2786944 0.2014903 0.3050865 0.2873992 0.1817751 0.3181701 0.3311645 0.3080817 0.4612662 0.2223523 0.1020186 0.1446032 0.1783402 0.3381045 0.3347278 0.4022246 0.1398215 0.0972657 0.3431237 0.0118898 0.4127683 0.3147858 0.1660267 0.1830531 0.3502991 0.3481879 0.3496330 0.3366496 0.2497420 0.0618359 0.3077406 0.2148873 0.2510121 0.2656019 0.0773699 0.3480801 0.2982901 
Perityle_crassifolia_70_ventanas           0.4910108 0.2193260 0.4642756 0.4486662 0.4132393 0.2150145 0.5137562 0.3047452 0.4610587 0.4150778 0.4136469 0.4420127 0.4099011 0.4087429 0.2961543 0.3814198 0.4006598 0.3498035 0.4686937 0.4526618 0.3945915 0.4329753 0.1415819 0.4332076 0.3907810 0.3898325 0.4557635 0.4193292 0.3590814 0.0000000 0.1801351 0.4131870 0.3924550 0.4119286 0.4010158 0.5457567 0.4468639 0.5116123 0.4279162 0.3561539 0.4299129 0.4473400 0.4092653 0.2065602 0.4180612 0.4317208 0.3872785 0.3637890 0.3871523 0.4245356 0.3669328 0.4161629 0.4274880 0.3982981 0.5019863 0.3334074 0.3482626 0.2201877 0.2883625 0.5767384 0.4909282 0.5269085 0.3073793 0.1427561 0.4321927 0.4469141 0.3778023 0.4209940 0.0906201 0.3252342 0.4297629 0.5464830 0.4864905 0.4234921 0.3732044 0.1809549 0.4516496 0.4094127 0.4368698 0.3795146 0.2839970 0.4674155 0.4376527 
Perityle_crassifolia_74_playa_balandra     0.4406193 0.2667044 0.5466357 0.4515629 0.5585532 9.0000000 0.5658622 0.2027351 0.4235951 0.3893128 0.5974620 0.5659036 0.4527049 0.5108556 0.2759962 0.4408123 0.4911675 0.3487206 0.3064700 0.3859087 0.4832371 0.4467445 9.0000000 0.5398757 0.4199163 0.4433160 0.5186723 0.5203757 0.3165127 0.1801351 0.0000000 0.5051735 0.4001395 0.3627402 0.4746021 0.5860118 0.5924208 0.4653153 0.5831700 0.3864230 0.5443543 0.4956651 0.5679918 9.0000000 0.5797301 0.5849845 0.4498178 0.5089673 0.4379719 0.5345986 0.4446795 0.5012207 0.4277645 0.4966024 0.8286600 0.3460483 0.2647505 0.1674168 0.3532820 0.4535076 0.5494571 0.5711596 0.2251685 0.1388131 0.5366818 0.5235735 0.4461176 0.4426713 0.0360348 0.3090315 0.5359453 0.5517997 0.5410541 0.4373050 0.4251281 0.2377103 0.4834494 0.6106879 0.5567671 0.4825634 0.1272577 0.5136751 0.5232348 
Perityle_cuneata_34_cuneata_San_antonio    0.1230801 0.1110561 0.1012515 0.3737230 0.3517654 0.0477133 0.4077655 0.2335506 0.3859251 0.1096281 0.3352241 0.1524786 0.2187086 0.1197831 0.0913299 0.1363433 0.1182971 0.1265074 0.4297467 0.2599813 0.1327728 0.1386156 0.0729180 0.1283235 0.2822873 0.1367427 0.2013214 0.1836830 0.2874698 0.4131870 0.5051735 0.0000000 0.1698265 0.1172627 0.2811856 0.4785061 0.2205791 0.4267368 0.2993131 0.1446596 0.1298738 0.3770143 0.2128444 0.4609260 0.1470083 0.3078995 0.1290284 0.2586232 0.1342716 0.1357042 0.2373189 0.2783892 0.1402837 0.1225526 0.2486990 0.2723624 0.2453015 0.1079098 0.1139873 0.2946001 0.1517420 0.1287520 0.2401539 0.0946252 0.1284977 0.2916756 0.1773771 0.1955268 0.0790488 0.1256661 0.1275999 0.2832734 0.1697562 0.1463822 0.1356386 0.1075278 0.2130034 0.2042572 0.1522978 0.1296954 0.2039232 0.1699386 0.1005080 
Perityle_cuneata_4                         0.2020299 0.1181158 0.1587090 0.4125207 0.3089493 0.0839456 0.4400597 0.2224774 0.3806110 0.1688498 0.3109082 0.2026882 0.2950280 0.1636408 0.1353330 0.1779344 0.1521280 0.1531349 0.4140001 0.2302014 0.1765439 0.1964831 0.0699932 0.1645125 0.3530886 0.1698507 0.2467246 0.2388567 0.2595966 0.3924550 0.4001395 0.1698265 0.0000000 0.1737281 0.3701454 0.4643251 0.2762275 0.4383082 0.3221002 0.2120269 0.1634256 0.4812357 0.2923792 0.4605337 0.1938489 0.3403629 0.1657958 0.1929487 0.1734770 0.1977304 0.2760205 0.3681169 0.1908526 0.1586376 0.2809936 0.2965919 0.2346275 0.1191698 0.1380575 0.2756676 0.2141828 0.2527632 0.2528425 0.0993533 0.1748554 0.2542507 0.2406110 0.2555194 0.1053910 0.1589534 0.1641702 0.2603244 0.2344243 0.1999881 0.1639941 0.1136405 0.2387760 0.3019569 0.1864702 0.1670707 0.2322654 0.2388739 0.1493408 
Perityle_discoidea_81                      0.1078414 0.0901143 0.1127402 0.2887535 0.3516872 0.4917890 0.4393091 0.2795716 0.2974008 0.0013511 0.3349465 0.1080497 0.1242951 0.0977136 0.0570096 0.1187117 0.0993242 0.1190714 0.4964899 0.2196228 0.0933796 0.0998042 9.0000000 0.0930726 0.1150411 0.1065943 0.2381606 0.1161194 0.3565222 0.4119286 0.3627402 0.1172627 0.1737281 0.0000000 0.1166657 0.5110628 0.1731294 0.4365247 0.3011960 0.1310821 0.1099605 0.2890041 0.1647148 0.6758453 0.1624493 0.3060764 0.0987466 0.3068882 0.1054078 0.1056631 0.1752453 0.1150058 0.1086534 0.0936436 0.6566626 0.1148492 0.3302411 0.0638257 0.0940919 0.2353956 0.0981229 0.1520516 0.2610045 0.0234165 0.1063214 0.3498212 0.1620016 0.1890612 0.0240138 0.0861490 0.0949888 0.4835783 0.1015588 0.1085944 0.1111077 0.0628054 0.2284669 0.1804787 0.1069245 0.1074660 0.2338075 0.0963002 0.1121687 
Perityle_dissecta_201                      0.1522594 0.2241442 0.2994652 0.4294920 0.3654289 0.1084680 0.3578277 0.2777522 0.4440168 0.0856610 0.3189945 0.2315655 0.1368544 0.2135723 0.0260813 0.2668568 0.2175287 0.2514895 0.3318460 0.2220364 0.2384113 0.0612267 0.1084783 0.2276463 0.0307052 0.2517966 0.3250554 0.2523175 0.2934005 0.4010158 0.4746021 0.2811856 0.3701454 0.1166657 0.0000000 0.3502822 0.2253053 0.2801379 0.3159486 0.2882144 0.2384114 0.0834162 0.2317982 0.0099970 0.1403844 0.3144427 0.2372722 0.2481348 0.2485779 0.2486288 0.2437142 0.0319819 0.0702323 0.2370255 0.5211032 0.1833268 0.2406124 0.0464703 0.1722165 0.2760220 0.0825883 0.1534330 0.2566381 0.1436800 0.2436867 0.2968959 0.3108269 0.3619509 0.0266997 0.2641741 0.2260038 0.5143259 0.0969692 0.0671665 0.2334950 0.1865754 0.3627936 0.2264872 0.2466176 0.2432336 0.2136638 0.1005919 0.2447986 
Perityle_emoryi_47_punta_san_jose          0.5130057 0.3097963 0.4739938 0.4729760 0.4687958 0.1132245 0.3701181 0.3192163 0.5535222 0.5183450 0.4426264 0.4865413 0.5791552 0.4705464 0.4095375 0.4335104 0.4642701 0.3436475 0.0823231 0.5749618 0.4708508 0.5194698 0.0487892 0.4700259 0.3340797 0.4329921 0.5115100 0.4840364 0.3912326 0.5457567 0.5860118 0.4785061 0.4643251 0.5110628 0.3502822 0.0000000 0.4676692 0.1457724 0.4151700 0.4254082 0.4651944 0.3779435 0.4620724 0.1504826 0.3945403 0.4101735 0.4565629 0.3984649 0.4339083 0.4477948 0.4247419 0.3589350 0.5500093 0.4620772 0.4247937 0.3094995 0.3550101 0.4008141 0.3637385 0.6115576 0.5626969 0.5225306 0.3363608 0.2535846 0.4761969 0.4101509 0.4629813 0.3943750 0.4030548 0.4203111 0.4708662 0.3174173 0.5654634 0.4998640 0.4499551 0.2589787 0.4292665 0.4177896 0.4907258 0.4346028 0.3053959 0.5764992 0.4477394 
Perityle_feddemae_99                       0.1790141 0.1170505 0.2143028 0.4047941 0.3033184 0.0284307 0.3633797 0.1767256 0.3003673 0.1636628 0.2976426 0.1974426 0.2068599 0.1936468 0.1314206 0.2017670 0.1831766 0.1648189 0.3604331 0.3894540 0.1667809 0.1658075 0.0418036 0.1964197 0.2231841 0.2087253 0.2174824 0.2293047 0.2335460 0.4468639 0.5924208 0.2205791 0.2762275 0.1731294 0.2253053 0.4676692 0.0000000 0.3568934 0.3315473 0.1587394 0.2008073 0.2694944 0.0167925 0.3362645 0.0105117 0.3345780 0.1947657 0.2014543 0.2011741 0.2006162 0.0123022 0.2268915 0.1795834 0.1960384 0.3902579 0.2474849 0.1862961 0.1713003 0.1571293 0.4397157 0.1588349 0.1510794 0.2007209 0.0846816 0.2028913 0.2834725 0.2094696 0.2385861 0.1747829 0.2179444 0.1967289 0.3705516 0.1785213 0.1669009 0.2186623 0.0868348 0.2556559 0.1630411 0.2117604 0.2046094 0.1498170 0.1770634 0.2117053 
Perityle_fosteri_93                        0.4195442 0.3013046 0.4009410 0.4590273 0.3968075 0.1198753 0.3183175 0.3171501 0.4730635 0.4181781 0.3747637 0.3721801 0.4538586 0.3704911 0.3234740 0.3635349 0.3612814 0.3147125 0.1523139 0.4917998 0.3761183 0.3778030 0.0536278 0.3653209 0.2807384 0.3616533 0.4105987 0.3767198 0.3644192 0.5116123 0.4653153 0.4267368 0.4383082 0.4365247 0.2801379 0.1457724 0.3568934 0.0000000 0.3907633 0.3652228 0.3600888 0.2982097 0.3605235 0.1647444 0.2838439 0.3908093 0.3653526 0.3072121 0.3605699 0.3569439 0.3550694 0.2866028 0.3897373 0.3607127 0.4312699 0.2749212 0.3181723 0.4010147 0.3377777 0.5351423 0.3778242 0.4082292 0.3457983 0.2365863 0.3828587 0.3557169 0.3624927 0.3497644 0.3888016 0.3585500 0.3733476 0.3320742 0.4239222 0.3459380 0.3731191 0.2644499 0.3608820 0.3375050 0.3928332 0.3453584 0.3092391 0.4028452 0.3575931 
Perityle_gamon_221                         0.3008936 0.1213115 0.3678953 0.4840341 0.2543859 0.0605618 0.4838642 0.1890082 0.3756063 0.3061150 0.2639568 0.3508475 0.3279836 0.3437411 0.1420113 0.3002837 0.3216926 0.2013284 0.3319501 0.3621813 0.2804685 0.2893656 0.0416263 0.3574820 0.2964608 0.2936713 0.3894633 0.4086173 0.1215632 0.4279162 0.5831700 0.2993131 0.3221002 0.3011960 0.3159486 0.4151700 0.3315473 0.3907633 0.0000000 0.2332772 0.3530119 0.3975193 0.3057307 0.3153478 0.2095740 0.0243057 0.3054325 0.1786821 0.2923727 0.3493469 0.2575843 0.3776650 0.2767755 0.3166283 0.4382764 0.2865903 0.0932921 0.1588695 0.1886676 0.4208230 0.3881721 0.3807835 0.1730645 0.0864457 0.3533180 0.1209791 0.3649099 0.3298580 0.1904966 0.2756564 0.3559675 0.3684584 0.3952282 0.2774889 0.2979291 0.0924507 0.3239872 0.1937292 0.3434518 0.3132031 0.0917194 0.3653471 0.3340935 
Perityle_gentryi_8_san_francisco           0.1608393 0.1011930 0.1497077 0.3282601 0.2370715 0.0574833 0.4119085 0.2082303 0.3650900 0.1048473 0.2043557 0.0854376 0.1663624 0.0636703 0.0357664 0.0413283 0.0781940 0.1245670 0.3853996 0.1935379 0.1025012 0.0617291 0.0123575 0.0882743 0.2719591 0.0933217 0.1733858 0.1150184 0.2126678 0.3561539 0.3864230 0.1446596 0.2120269 0.1310821 0.2882144 0.4254082 0.1587394 0.3652228 0.2332772 0.0000000 0.0905028 0.3730942 0.1577755 0.4347035 0.1218790 0.2402068 0.0896826 0.1447967 0.0938323 0.0892475 0.1574987 0.2760621 0.0823909 0.0803533 0.1416057 0.2197204 0.1659827 0.0424231 0.0449673 0.2673517 0.0858574 0.1701960 0.1938898 0.0218949 0.0892689 0.2077449 0.1302283 0.2152659 0.0122021 0.0829747 0.0863107 0.3044017 0.0908253 0.0680961 0.0612925 0.0427047 0.2119876 0.1675701 0.0901013 0.0749628 0.1662574 0.0954825 0.1143021 
Perityle_gilensis_22_Superstition          0.1276779 0.1052456 0.1160782 0.4107509 0.3228708 0.0653028 0.4016908 0.1992467 0.3451664 0.0955070 0.3367790 0.0914954 0.1332021 0.0198354 0.0195709 0.0646418 0.0284415 0.1326826 0.3826943 0.2112033 0.0648998 0.0616695 0.0081209 0.0319932 0.2266706 0.0583106 0.1403787 0.1218046 0.2665952 0.4299129 0.5443543 0.1298738 0.1634256 0.1099605 0.2384114 0.4651944 0.2008073 0.3600888 0.3530119 0.0905028 0.0000000 0.3297715 0.2253464 0.4209719 0.1243943 0.3735541 0.0394813 0.2275361 0.0618948 0.0828632 0.2010970 0.2292062 0.0576572 0.0472770 0.2416420 0.1995847 0.2300315 0.0367958 0.0426832 0.2310625 0.0731804 0.1610271 0.2432795 0.0270974 0.0578014 0.3228408 0.1485210 0.2045649 0.0231801 0.0289031 0.0313688 0.2640693 0.0796687 0.0649144 0.0561797 0.0411127 0.2092417 0.2234842 0.0846501 0.0606331 0.1783051 0.0870962 0.0972887 
Perityle_gilensis_salensis_225             0.3153538 0.2524418 0.3944867 0.4624822 0.4188792 0.1102544 0.3749780 0.2992446 0.5080175 0.2469407 0.4121737 0.3361333 0.2143989 0.3002587 0.2627671 0.3344034 0.3079080 0.3321731 0.3591262 0.4678498 0.3287154 0.2065397 0.1234244 0.3304140 0.0877832 0.3394033 0.3702473 0.3301968 0.4173646 0.4473400 0.4956651 0.3770143 0.4812357 0.2890041 0.0834162 0.3779435 0.2694944 0.2982097 0.3975193 0.3730942 0.3297715 0.0000000 0.2938701 0.0258123 0.1857835 0.4113461 0.3376013 0.3089270 0.3364703 0.3376098 0.2961921 0.0828559 0.2186925 0.3324889 0.5774641 0.2792026 0.3273754 0.2404994 0.2501114 0.5051294 0.2230157 0.2487907 0.3191000 0.1883455 0.3410868 0.4184208 0.3638569 0.4115855 0.2796473 0.3685288 0.3265887 0.5722868 0.2303281 0.2169625 0.3261008 0.2252757 0.4204779 0.2958002 0.3321204 0.3079088 0.2931846 0.2389925 0.3467976 
Perityle_glaucescens_94                    0.1681038 0.1105148 0.2147788 0.4492034 0.3035009 0.0245841 0.3179463 0.1700952 0.2899792 0.1555487 0.2927812 0.2262695 0.2019591 0.2005671 0.1296692 0.2092124 0.1766334 0.1504624 0.3397068 0.3772800 0.1669271 0.1619395 0.0367387 0.2290768 0.2229552 0.2169698 0.2555873 0.2502171 0.2516495 0.4092653 0.5679918 0.2128444 0.2923792 0.1647148 0.2317982 0.4620724 0.0167925 0.3605235 0.3057307 0.1577755 0.2253464 0.2938701 0.0000000 0.3383035 0.0044861 0.3333791 0.2327742 0.1948256 0.2223053 0.2244144 0.0106881 0.2316521 0.1755002 0.2361853 0.4833864 0.2458066 0.1975001 0.1703204 0.1566031 0.4249219 0.1460927 0.1453280 0.2136822 0.0803410 0.2376660 0.2716892 0.2647411 0.2487771 0.1760244 0.2284264 0.2294038 0.3566651 0.1681659 0.1606225 0.2173685 0.0820238 0.2502018 0.1831063 0.1886007 0.2321699 0.1498847 0.1810985 0.2545440 
Perityle_gracilis_11                       9.0000000 0.2881146 0.4581906 0.4761799 0.3800224 0.0860462 0.2630621 0.2280613 0.5833484 9.0000000 0.3021164 0.4462811 0.9416973 0.4058356 9.0000000 0.4375390 0.4184796 0.3604614 0.1564943 9.0000000 0.4381488 1.3855230 0.1023246 0.4233932 0.0213241 0.4287495 0.4594642 0.4179879 0.1986106 0.2065602 9.0000000 0.4609260 0.4605337 0.6758453 0.0099970 0.1504826 0.3362645 0.1647444 0.3153478 0.4347035 0.4209719 0.0258123 0.3383035 0.0000000 0.1375269 0.3145655 0.4255655 0.1703214 0.4294313 0.4415239 0.3421292 0.0249237 9.0000000 0.4274209 0.4488598 0.2670709 0.1511586 9.0000000 0.2789743 0.6508478 1.5307594 0.4632173 0.2485690 0.2255030 0.4338334 0.1834535 0.4535286 0.4845376 9.0000000 0.4240318 0.4206838 0.4925116 1.0315084 1.8754088 0.4153693 0.2979857 0.4856466 0.3143459 0.4790990 0.4276169 0.1860716 1.0773427 0.3840994 
Perityle_harkerae_31                       0.1635308 0.1074235 0.1303490 0.2397585 0.1995600 0.0247156 0.2935663 0.1703826 0.2249826 0.1536248 0.2122061 0.1252219 0.1962079 0.1145001 0.1247114 0.1165093 0.1117526 0.1556644 0.3047376 0.3802106 0.1124932 0.1563189 0.0366834 0.1150163 0.1425279 0.1195902 0.1338646 0.1339539 0.2135570 0.4180612 0.5797301 0.1470083 0.1938489 0.1624493 0.1403844 0.3945403 0.0105117 0.2838439 0.2095740 0.1218790 0.1243943 0.1857835 0.0044861 0.1375269 0.0000000 0.2184620 0.1133144 0.1844137 0.1170963 0.1187268 0.0020960 0.1440711 0.1687819 0.1148464 0.2177955 0.1614945 0.1673565 0.1682738 0.1333857 0.4277196 0.1467200 0.1402448 0.1376623 0.0787443 0.1176439 0.2455490 0.1098158 0.1486313 0.1815958 0.1158961 0.1180052 0.3215450 0.1508070 0.1565891 0.1283464 0.0804870 0.1758755 0.0709199 0.1312903 0.1200729 0.1362887 0.1482202 0.1287169 
