82
Amauria_brandeegeana_62                    0.0000000 9.0000000 0.1353504 0.4265295 0.1840450 0.0676269 0.3641288 0.7673785 0.3984723 0.0191136 0.2648754 0.1656020 0.1719650 0.2990051 9.0000000 0.0905131 0.1440521 0.2491976 0.2306465 0.9784601 9.0000000 0.1463425 0.1668111 0.1457113 0.7220069 9.0000000 0.1741909 0.2064438 0.0650337 0.1360425 0.1645231 0.8339267 9.0000000 0.1514639 0.2131084 0.7326280 0.1648795 0.2809956 0.1599054 0.0930018 9.0000000 0.9687071 0.1650730 9.0000000 0.8420306 0.1686630 9.0000000 0.1586856 0.1693494 0.7338049 0.0534290 9.0000000 9.0000000 0.7115184 0.1081238 0.1764925 0.1737273 0.0369443 0.1438240 0.6711860 9.0000000 0.1048601 9.0000000 0.0354296 0.9121020 0.1950827 0.9229731 9.0000000 0.1546666 9.0000000 0.1805098 0.6012694 9.0000000 0.1571080 9.0000000 9.0000000 0.6778249 0.1139437 0.6269366 0.1340043 0.1670588 9.0000000 
Amauria_carterae_99_mesa                   9.0000000 0.0000000 9.0000000 0.6575329 0.0818179 9.0000000 0.8257514 0.1041894 0.5135412 9.0000000 0.6103758 0.0740188 0.3724188 0.0840586 0.0853743 0.6911110 0.0967829 0.7469951 0.0871546 0.1026618 0.0867603 0.0876694 0.0910774 0.0744907 0.0914929 0.0917658 0.4696487 0.4219142 9.0000000 9.0000000 9.0000000 0.0832930 0.1198377 0.0965283 9.0000000 0.1199584 9.0000000 9.0000000 0.3768000 0.0976631 0.0836917 0.0855731 0.0935111 0.0909422 0.0671430 0.1035409 0.0597182 0.0914929 0.0914929 0.0976172 0.0929515 0.0916983 0.0929234 0.1083323 0.0741866 0.1048443 9.0000000 0.0865135 0.0864039 0.0876694 0.1631863 9.0000000 0.0914641 0.2019598 0.0612357 0.5309153 0.0869591 0.1040967 0.3303964 0.0910774 9.0000000 0.0980129 0.0918278 0.0872771 0.0824923 0.1077173 0.1112786 0.7666900 0.0614893 9.0000000 0.0914929 0.0919638 
Amauria_rotundifolia_SRR9119150            0.1353504 9.0000000 0.0000000 0.3801002 0.1906314 0.0605576 0.3350520 0.6860506 0.3811102 0.1218796 0.2025729 0.1428537 0.1479532 0.2747863 9.0000000 0.0495978 0.1128109 0.2215817 0.2280534 0.7307502 9.0000000 0.1277807 0.1368630 0.1209476 9.0000000 9.0000000 0.1584417 0.1026782 0.0237468 0.1403080 0.1439400 0.6504490 9.0000000 0.1437167 0.2790881 0.6860836 0.1975648 0.3107404 0.1546543 0.0431323 9.0000000 9.0000000 0.1367945 9.0000000 0.8031841 0.1406881 9.0000000 0.1324869 0.1370454 0.9027878 0.0325282 9.0000000 9.0000000 0.5473256 0.0701395 0.0931496 0.1324252 0.0287069 0.1466941 0.6834597 9.0000000 0.0541025 9.0000000 0.0249165 0.7846295 0.0984135 9.0000000 9.0000000 0.1326051 9.0000000 0.1187971 9.0000000 9.0000000 0.1275879 9.0000000 9.0000000 0.5945381 0.1136699 0.4923598 0.0906480 0.1394932 9.0000000 
Conoclinium_coelestinum_SRR9119114         0.4265295 0.6575329 0.3801002 0.0000000 0.4379856 0.2755997 0.2940501 0.8316522 0.5082147 0.3735930 0.4382820 0.3968458 0.4650605 0.4651865 0.4808850 0.3324028 0.4224772 0.5551827 0.4285375 0.6237289 0.5026167 0.3978076 0.4057206 0.3757091 0.4994762 0.4874948 0.5347425 0.5509394 0.1963358 0.2593291 0.3809530 0.4982758 0.8056574 0.4033135 0.4394676 0.7029388 0.3639144 0.4794379 0.3519955 0.3529838 0.4770429 0.5402003 0.4109352 0.5313055 0.6782130 0.4040044 0.4040029 0.4084932 0.4133436 0.5650407 0.3313064 0.4749563 0.4882847 0.6249765 0.3499329 0.4072075 0.3887571 0.3033736 0.3976138 0.5209258 0.4783029 0.2745609 0.4961314 0.2101933 0.5399298 0.4409863 0.5019774 0.4884769 0.4179820 0.4873109 0.4068142 0.4982415 0.5064949 0.4025861 0.4361090 0.4541125 0.6670611 0.5072613 0.4669732 0.3102741 0.4117056 0.4814817 
Eutetras_palmeri_63                        0.1840450 0.0818179 0.1906314 0.4379856 0.0000000 0.0000010 0.4319834 0.2621173 0.4881365 0.2244212 0.3047300 0.1399165 0.2599613 0.2373979 0.0959035 0.2272295 0.1545751 0.3470082 0.1927167 0.2294402 0.1179691 0.1400121 0.1593384 0.0921493 0.1617987 0.1341989 0.3041541 0.3815836 0.0647191 0.1653326 0.1795925 0.1328458 0.2087032 0.1522447 0.2273386 0.2278574 0.2496093 0.3116913 0.2079122 0.1311496 0.1052673 0.1454357 0.1424456 0.1146651 0.2502630 0.1637334 0.0771441 0.1517815 0.1560949 0.1643697 0.1389373 0.1123470 0.1181827 0.2253451 0.0963580 0.1887095 0.1158302 0.0753150 0.1621706 0.1916939 0.1617226 0.1707848 0.1219938 0.0409613 0.2159143 0.3182273 0.1698983 0.1180495 0.2015684 0.1272249 0.2543041 0.1540995 0.1115204 0.1455304 0.0994089 0.1329146 0.4545676 0.4365031 0.1681522 0.1601615 0.1496916 0.1286504 
Eutetras_pringlei_149_quer                 0.0676269 9.0000000 0.0605576 0.2755997 0.0000010 0.0000000 0.2368272 0.7647193 0.2278057 0.0586109 0.1106544 0.0579126 0.0731405 0.4722165 9.0000000 0.0911743 0.0498796 0.1956742 0.1177499 0.7196581 9.0000000 0.0604422 0.0745634 0.0777845 1.0539395 9.0000000 0.0926363 0.1621783 0.0649433 0.0951552 0.0803134 0.8771469 9.0000000 0.0628315 0.0716842 0.8571847 0.0495548 0.1111849 0.0606565 0.0533802 9.0000000 1.2204122 0.0500370 9.0000000 0.8201158 0.0719343 9.0000000 0.0521670 0.0634924 0.9442004 0.0624306 9.0000000 9.0000000 0.7379119 0.0502888 0.1391403 0.0936935 0.0524137 0.0654996 0.8444566 9.0000000 0.1221170 9.0000000 0.0298301 0.8267185 0.1483959 1.1639348 9.0000000 0.0537364 9.0000000 0.1075654 0.8256327 9.0000000 0.0579229 9.0000000 9.0000000 0.4126074 0.0770799 0.7947154 0.1606852 0.0617266 9.0000000 
Eutrochium_fistulosum_SRR9119106           0.3641288 0.8257514 0.3350520 0.2940501 0.4319834 0.2368272 0.0000000 0.8684645 0.4731834 0.3084423 0.3740649 0.4020413 0.3794522 0.6279147 0.6353516 0.3511006 0.3892207 0.4619621 0.4050725 0.7446302 0.6647308 0.3786735 0.4116135 0.3816084 0.6556408 0.6327087 0.4197389 0.4852713 0.1456457 0.2664457 0.3221080 0.6652857 0.7912738 0.4001125 0.3480162 0.8312865 0.3398635 0.4748389 0.2965059 0.3583368 0.6428120 0.6047344 0.3911422 0.5935911 0.8029042 0.3942827 0.6493409 0.4002499 0.4031064 0.6406754 0.3330486 0.6183086 0.6345943 0.7348290 0.3415631 0.3785736 0.3364320 0.3229605 0.4120341 0.6520851 0.6304915 0.2195551 0.5776622 0.1575433 0.7141787 0.4005750 0.6631663 0.6269646 0.3856697 0.6683304 0.4033092 0.6468567 0.6511715 0.4100782 0.6529494 0.5967801 0.6839175 0.4910711 0.6146494 0.2558120 0.4058108 0.6051459 
Galeana_pratensis_104_mex                  0.7673785 0.1041894 0.6860506 0.8316522 0.2621173 0.7647193 0.8684645 0.0000000 0.8052213 0.7508604 0.6141416 0.2537129 0.6766775 0.1215189 0.1302802 0.7321991 0.2723696 0.7732181 0.2451773 0.1374160 0.1279643 0.2580377 0.2514203 0.2614403 0.1209348 0.1289825 0.5863922 0.6680862 0.6897813 0.7539706 0.7797107 0.1367834 0.1571701 0.2759707 0.7142961 0.2328649 0.6993978 0.6919461 0.6587821 0.2771495 0.1107556 0.1147838 0.2233297 0.1142043 0.2257675 0.2856680 0.0732091 0.2573299 0.2580377 0.1421262 0.2719616 0.1287792 0.1246007 0.2466685 0.2591409 0.2612607 0.6073631 0.2534300 0.2506129 0.2275049 0.2411408 0.8300156 0.1116007 0.7284221 0.2071348 0.6839100 0.1289825 0.1725050 0.5715981 0.1139803 0.7539706 0.1287167 0.1209348 0.2584291 0.1010852 0.1354839 0.2909560 0.6252846 0.1320032 0.7878604 0.2538401 0.1216889 
Helianthus_annuus_SRR9119062               0.3984723 0.5135412 0.3811102 0.5082147 0.4881365 0.2278057 0.4731834 0.8052213 0.0000000 0.3896045 0.5802382 0.3881860 0.3623632 0.6630083 0.8061710 0.3566814 0.3926447 0.4166449 0.4261526 0.9548885 0.7123658 0.3851051 0.4040189 0.4317256 0.6944474 0.6749138 0.4232523 0.4307118 0.1024723 0.2995957 0.3290263 0.6091233 0.5385648 0.4047561 0.4443378 0.7969879 0.3856887 0.4784395 0.2629244 0.3225402 0.7305649 0.6027318 0.3919438 0.6261795 0.8875386 0.4180567 0.7003231 0.3845853 0.3987094 0.5720249 0.2982573 0.7062558 0.7872888 0.7976596 0.3956125 0.4191276 0.4727868 0.3086919 0.4078642 0.6506847 0.7578483 0.2834376 0.6926303 0.1461552 0.8253173 0.4150268 0.6749138 0.6148674 0.3705124 0.7123658 0.3837707 0.7286888 0.6944474 0.4088204 0.6639580 0.7406248 0.7629420 0.4191598 0.6173127 0.2677817 0.4018833 0.7217626 
Lycapsus_tenuifolius_17                    0.0191136 9.0000000 0.1218796 0.3735930 0.2244212 0.0586109 0.3084423 0.7508604 0.3896045 0.0000000 0.2518238 0.1711809 0.1792682 0.1677341 9.0000000 0.1247426 0.1559056 0.2939308 0.2495583 1.0148511 9.0000000 0.1732393 0.1704146 0.1469026 0.8350899 9.0000000 0.2076622 0.1956521 0.0417898 0.0897009 0.1973298 0.7863602 9.0000000 0.1628151 0.2322122 0.7200529 0.1905458 0.2808730 0.1521244 0.1129429 9.0000000 0.9357342 0.1739171 9.0000000 0.8219581 0.1670112 9.0000000 0.1661902 0.1767894 0.6802974 0.0751350 9.0000000 9.0000000 0.7094367 0.1237333 0.1918491 0.1784975 0.0261524 0.1686532 0.6648215 9.0000000 0.1084109 9.0000000 0.0136930 0.8989061 0.1890776 1.0366763 9.0000000 0.1678974 9.0000000 0.1772800 0.7460309 9.0000000 0.1621955 9.0000000 9.0000000 0.6668860 0.1475908 0.6063532 0.0987932 0.1742043 9.0000000 
Pericome_caudata_50_silver                 0.2648754 0.6103758 0.2025729 0.4382820 0.3047300 0.1106544 0.3740649 0.6141416 0.5802382 0.2518238 0.0000000 0.2880432 0.2523473 0.5755370 0.5454694 0.1914830 0.2921844 0.3378293 0.3571754 0.6139236 0.5912280 0.2517420 0.2821989 0.2184469 0.5793044 0.6301612 0.3080367 0.3979506 0.0480823 0.1839164 0.1173564 0.5841608 0.7619949 0.2778244 0.3278139 0.6088270 0.3137858 0.3184758 0.1599309 0.2764944 0.6050827 0.5751381 0.2482408 0.5686720 0.6051823 0.2526688 0.5040689 0.2496004 0.2726210 0.5438441 0.3440575 0.6046440 0.6195651 0.6100759 0.2459258 0.3499895 0.1106867 0.2322966 0.2639987 0.5840841 0.4704665 0.1067329 0.5874354 0.0827862 0.6041431 0.2526436 0.6139828 0.6621969 0.1278189 0.6047114 0.2025099 0.5859683 0.5893891 0.2732676 0.4479620 0.5970084 0.6128145 0.5309645 0.5701872 0.1385698 0.2424873 0.5965964 
Perityle_aglossa_84_dead_horse             0.1656020 0.0740188 0.1428537 0.3968458 0.1399165 0.0579126 0.4020413 0.2537129 0.3881860 0.1711809 0.2880432 0.0000000 0.1355724 0.0997480 0.0258182 0.1276958 0.0598307 0.2779242 0.1291191 0.1434289 0.0348556 0.0339407 0.0418770 0.0291494 0.0604386 0.0415363 0.1815732 0.3126389 0.0870738 0.1649790 0.0821002 0.1428234 0.2349855 0.0323840 0.1890632 0.1873740 0.1377780 0.2425709 0.0781071 0.0233850 0.0269361 0.1132603 0.0344397 0.0877741 0.1678268 0.0490973 0.0537060 0.0403599 0.0415017 0.1483943 0.0332342 0.0292318 0.0379759 0.1300391 0.0198588 0.1166241 0.0528184 0.0254966 0.0610723 0.0842901 0.1036893 0.1402400 0.0723339 0.0205474 0.0986854 0.2400725 0.0709753 0.1489990 0.0802686 0.0394882 0.1769456 0.0490888 0.0287297 0.0316061 0.0160547 0.0594002 0.3718153 0.3256796 0.0510203 0.1504039 0.0386232 0.0392618 
Perityle_ajoensis_204                      0.1719650 0.3724188 0.1479532 0.4650605 0.2599613 0.0731405 0.3794522 0.6766775 0.3623632 0.1792682 0.2523473 0.1355724 0.0000000 0.7054666 0.6677598 0.0827178 0.1163986 0.1672814 0.2516675 0.7178469 0.7541957 0.0910840 0.1215131 0.1046926 0.7701909 0.7707981 0.0750592 0.2370353 0.0864597 0.1698092 0.0875100 0.7318060 0.8713433 0.1245282 0.1872458 0.6937674 0.1422431 0.2147152 0.0523211 0.1106714 0.7396191 0.7823725 0.0902586 0.7473907 0.7317152 0.1187540 0.6704582 0.0921049 0.0921103 0.7370550 0.1467163 0.7872979 0.7345542 0.6849850 0.1089403 0.2475377 0.0450871 0.0955027 0.1106970 0.7615503 0.7989861 0.1420341 0.7585331 0.0215198 0.7287437 0.2015322 0.7990700 0.8420777 0.0307484 0.7338747 0.1823695 0.7626231 0.7849997 0.1125067 0.4599648 0.8019714 0.6928278 0.1989026 0.7522219 0.1425263 0.0826745 0.7963778 
Perityle_ambrosiifolia_67_green            0.2990051 0.0840586 0.2747863 0.4651865 0.2373979 0.4722165 0.6279147 0.1215189 0.6630083 0.1677341 0.5755370 0.0997480 0.7054666 0.0000000 0.0567247 0.5769808 0.1527907 0.7885196 0.0816931 0.1042673 0.1568484 0.0431662 0.1434601 0.0259888 0.1314942 0.1366005 0.8189536 0.7698344 0.4736899 0.4736899 0.2747863 0.2173398 0.2557238 0.1312712 0.2747863 0.1974280 0.2747863 0.8121200 0.6285936 0.1425747 0.0779531 0.2028447 0.0330476 0.1420742 0.1800030 0.1573028 0.0731349 0.1359364 0.1348636 0.2238752 0.0405361 0.0847985 0.0974354 0.1477829 0.0406426 0.1376621 0.4722165 0.0403618 0.1481033 0.1379861 0.1203710 0.4320464 0.1059873 0.3100974 0.1307704 0.8036678 0.1336021 0.2570082 0.6862562 0.1439087 0.4736899 0.1335574 0.0282952 0.0738566 0.0278687 0.0734950 0.1922648 0.9444571 0.1254987 0.4320464 0.1369334 0.1450267 
Perityle_angustifolia_13_Eagle_creek       9.0000000 0.0853743 9.0000000 0.4808850 0.0959035 9.0000000 0.6353516 0.1302802 0.8061710 9.0000000 0.5454694 0.0258182 0.6677598 0.0567247 0.0000000 0.6209609 0.0334233 0.6737175 0.0638650 0.0321337 0.0301739 0.0349204 0.0312551 0.0117107 0.0363931 0.0385355 0.7046168 0.7758724 9.0000000 9.0000000 9.0000000 0.1066283 0.2706657 0.0440888 9.0000000 0.1052738 9.0000000 0.7679543 0.6995136 0.0468760 0.0174766 0.0944412 0.0416247 0.0916449 0.0705328 0.0551986 0.0568716 0.0424223 0.0341644 0.0923879 0.0165222 0.0305398 0.0170252 0.0450140 0.0111734 0.0838292 9.0000000 0.0442375 0.0402879 0.0385943 0.1231145 9.0000000 0.0809486 0.2168194 0.0176332 0.8961708 0.0363977 0.1703535 0.6862562 0.0276041 9.0000000 0.0386038 0.0361427 0.0214767 0.0316359 0.0582124 0.0779623 0.9539814 0.0221911 9.0000000 0.0342291 0.0383512 
Perityle_batopilensis_97                   0.0905131 0.6911110 0.0495978 0.3324028 0.2272295 0.0911743 0.3511006 0.7321991 0.3566814 0.1247426 0.1914830 0.1276958 0.0827178 0.5769808 0.6209609 0.0000000 0.1232829 0.1883611 0.2195463 0.6483815 0.6582912 0.1256466 0.1326902 0.1042713 0.6658954 0.6798959 0.1059346 0.2118404 0.1040033 0.1034708 0.0800543 0.6670760 0.7419700 0.1260307 0.0879598 0.7369137 0.0825171 0.1647487 0.0840188 0.1154237 0.6014221 0.8414509 0.1126380 0.7040169 0.7141347 0.1161548 0.6057208 0.1199481 0.1284968 0.7692235 0.2167611 0.6073831 0.6007065 0.7164474 0.1052944 0.2274205 0.0802014 0.1227601 0.1283070 0.6635967 0.7253885 0.1406241 0.6019142 0.0322820 0.6978500 0.1834095 0.7614452 0.6130491 0.0733581 0.6360934 0.1698064 0.6132741 0.5931438 0.1220058 0.5283602 0.6706526 0.5841249 0.1835809 0.6507654 0.1378750 0.1267425 0.5664128 
Perityle_bisetosa_9                        0.1440521 0.0967829 0.1128109 0.4224772 0.1545751 0.0498796 0.3892207 0.2723696 0.3926447 0.1559056 0.2921844 0.0598307 0.1163986 0.1527907 0.0334233 0.1232829 0.0000000 0.2326212 0.1536032 0.1895326 0.0957235 0.0348184 0.0631407 0.0200149 0.1170923 0.0869433 0.1523999 0.2802772 0.0799108 0.1316007 0.0668447 0.2306419 0.2746222 0.0646495 0.1637601 0.2582140 0.1140247 0.2246443 0.0679910 0.0391736 0.0841173 0.2094892 0.0361630 0.1608993 0.2294533 0.0680127 0.0596090 0.0499562 0.0648557 0.1889666 0.0293057 0.0825699 0.0383674 0.1693045 0.0157447 0.1431736 0.0357681 0.0274869 0.0858825 0.1448969 0.1272091 0.1249306 0.1438151 0.0122117 0.1632971 0.2084953 0.1206357 0.2178189 0.0555465 0.0972564 0.1626269 0.1091283 0.0903350 0.0495664 0.0387109 0.1372739 0.4397982 0.3184736 0.1227704 0.1237086 0.0393816 0.0971764 
Perityle_californica_76_positas            0.2491976 0.7469951 0.2215817 0.5551827 0.3470082 0.1956742 0.4619621 0.7732181 0.4166449 0.2939308 0.3378293 0.2779242 0.1672814 0.7885196 0.6737175 0.1883611 0.2326212 0.0000000 0.3069102 0.7886028 0.7741980 0.2503470 0.2513479 0.2156955 0.8248539 0.8082842 0.1855808 0.2930051 0.0587651 0.2589093 0.0619934 0.8057750 0.8491615 0.2482700 0.2784565 0.7995395 0.2296856 0.2401938 0.1188963 0.2125368 0.8052625 0.8471715 0.2541705 0.8287404 0.8636771 0.2563738 0.6674100 0.2562422 0.2793953 0.8208648 0.2766465 0.7781337 0.7676523 0.7791053 0.2194664 0.3557254 0.1839815 0.2871505 0.2178692 0.7918994 0.8627838 0.2655194 0.8403227 0.1434787 0.7990440 0.2464539 0.8385970 0.8567564 0.1259699 0.8104066 0.1991085 0.8313963 0.8356500 0.2445335 0.5480284 0.9114076 0.6498488 0.3208515 0.7678346 0.2766086 0.2572805 0.8218507 
Perityle_canescens_77                      0.2306465 0.0871546 0.2280534 0.4285375 0.1927167 0.1177499 0.4050725 0.2451773 0.4261526 0.2495583 0.3571754 0.1291191 0.2516675 0.0816931 0.0638650 0.2195463 0.1536032 0.3069102 0.0000000 0.1510729 0.0811563 0.1188345 0.1332001 0.1108231 0.1037390 0.1003931 0.2628197 0.3452097 0.0881852 0.1714866 0.1581400 0.1714218 0.2652417 0.1218036 0.2677269 0.1994305 0.1931008 0.2377341 0.2037343 0.0945260 0.0788216 0.0791292 0.1311201 0.0513299 0.1827968 0.1416945 0.0574033 0.1259885 0.1334410 0.1167982 0.1001989 0.0816095 0.0764383 0.1882950 0.0896302 0.1469525 0.1660191 0.0857284 0.1253670 0.1300968 0.1273366 0.2093158 0.0885447 0.0890082 0.1648952 0.2720151 0.1311597 0.1455203 0.1836754 0.0873488 0.2137387 0.0970369 0.0793698 0.1185880 0.0549771 0.0814979 0.3544632 0.3943912 0.1096638 0.1709588 0.1331732 0.0852170 
Perityle_castillonii_96                    0.9784601 0.1026618 0.7307502 0.6237289 0.2294402 0.7196581 0.7446302 0.1374160 0.9548885 1.0148511 0.6139236 0.1434289 0.7178469 0.1042673 0.0321337 0.6483815 0.1895326 0.7886028 0.1510729 0.0000000 0.0852727 0.1227072 0.1409471 0.1278679 0.0663516 0.0728748 0.8029102 0.7760772 0.6345219 0.8409628 0.7306631 0.1889609 0.2728759 0.1339784 1.2088286 0.1639249 0.7625210 0.8582699 0.7471489 0.1327547 0.0521451 0.1406906 0.1286993 0.1088016 0.1563880 0.1607065 0.0731659 0.1501393 0.1279219 0.1904048 0.0681376 0.0524689 0.0479725 0.1131989 0.1014050 0.1657099 0.6910076 0.1082580 0.1595423 0.0832189 0.1335176 0.6199527 0.0928202 0.4915679 0.0804658 0.8085764 0.0960179 0.2115486 0.6926716 0.0724120 0.7989348 0.0679914 0.0322114 0.1183099 0.0388244 0.0720520 0.2158463 0.8913766 0.0798765 0.7580474 0.1446603 0.0760103 
Perityle_cernua_84                         9.0000000 0.0867603 9.0000000 0.5026167 0.1179691 9.0000000 0.6647308 0.1279643 0.7123658 9.0000000 0.5912280 0.0348556 0.7541957 0.1568484 0.0301739 0.6582912 0.0957235 0.7741980 0.0811563 0.0852727 0.0000000 0.0328450 0.0176574 0.0177109 0.0467806 0.0465707 0.7558693 0.7500955 9.0000000 9.0000000 9.0000000 0.1035685 0.2430913 0.0428265 9.0000000 0.1054464 9.0000000 0.8199779 0.6995136 0.0414573 0.0129953 0.1003933 0.0265257 0.0905825 0.0722534 0.0677012 0.0579344 0.0513563 0.0474450 0.1032061 0.0502280 0.0351030 0.0478013 0.0523796 0.0272189 0.0940402 9.0000000 0.0377955 0.0403565 0.0454637 0.1143317 9.0000000 0.0668013 0.2168194 0.0277596 0.8961708 0.0427899 0.1460401 0.6862562 0.0206644 9.0000000 0.0470326 0.0353100 0.0336485 0.0220888 0.0660274 0.1233158 0.9162703 0.0262436 9.0000000 0.0406888 0.0434510 
Perityle_cfvillosa_25_tin                  0.1463425 0.0876694 0.1277807 0.3978076 0.1400121 0.0604422 0.3786735 0.2580377 0.3851051 0.1732393 0.2517420 0.0339407 0.0910840 0.0431662 0.0349204 0.1256466 0.0348184 0.2503470 0.1188345 0.1227072 0.0328450 0.0000000 0.0389973 0.0326647 0.0330234 0.0439173 0.1474939 0.2633410 0.0830981 0.1245497 0.0901219 0.1551329 0.2493408 0.0342892 0.1783339 0.2185604 0.1240027 0.2157468 0.0930866 0.0283712 0.0199728 0.1214117 0.0023667 0.0887002 0.2096453 0.0399906 0.0590727 0.0045380 0.0044844 0.1511958 0.0332517 0.0292261 0.0270895 0.1536927 0.0194647 0.1218458 0.0475484 0.0248522 0.0039477 0.0741349 0.1010700 0.1249392 0.0883967 0.0160062 0.1272474 0.2086806 0.0896077 0.1572373 0.0774578 0.0312005 0.1602810 0.0242199 0.0000010 0.0262402 0.0062666 0.0588325 0.3311557 0.3048626 0.0690263 0.1339382 0.0022502 0.0450922 
Perityle_coahuilensis_24                   0.1668111 0.0910774 0.1368630 0.4057206 0.1593384 0.0745634 0.4116135 0.2514203 0.4040189 0.1704146 0.2821989 0.0418770 0.1215131 0.1434601 0.0312551 0.1326902 0.0631407 0.2513479 0.1332001 0.1409471 0.0176574 0.0389973 0.0000000 0.0323196 0.0678542 0.0489757 0.1635222 0.2936497 0.0793898 0.1522264 0.0805536 0.1593471 0.2531721 0.0483976 0.1810522 0.2003379 0.1297900 0.2324780 0.0658129 0.0432058 0.0000010 0.1377194 0.0377003 0.0974509 0.1779505 0.0653413 0.0604105 0.0497142 0.0502891 0.1701712 0.0405770 0.0348026 0.0414565 0.1369284 0.0220863 0.1231930 0.0546185 0.0340038 0.0857075 0.0935543 0.1182525 0.1385920 0.0779329 0.0406722 0.1122477 0.2228265 0.0792900 0.1489561 0.0581213 0.0000010 0.1709471 0.0605894 0.0332822 0.0273212 0.0156285 0.0679550 0.4190786 0.3202964 0.0649303 0.1427944 0.0447014 0.0440743 
Perityle_cochisensis_44_cave_creek         0.1457113 0.0744907 0.1209476 0.3757091 0.0921493 0.0777845 0.3816084 0.2614403 0.4317256 0.1469026 0.2184469 0.0291494 0.1046926 0.0259888 0.0117107 0.1042713 0.0200149 0.2156955 0.1108231 0.1278679 0.0177109 0.0326647 0.0323196 0.0000000 0.0606931 0.0176659 0.1168512 0.2354379 0.0915554 0.1367944 0.0985605 0.1560036 0.2307538 0.0279722 0.1763276 0.2272838 0.1339319 0.2030311 0.0624946 0.0250421 0.0061086 0.1048846 0.0327942 0.0501667 0.2418361 0.0366941 0.0335554 0.0297939 0.0347878 0.1409926 0.0291776 0.0117318 0.0029531 0.1651268 0.0153270 0.1096935 0.0573939 0.0260339 0.0319200 0.1129114 0.1018002 0.1165976 0.0493035 0.0368707 0.1627263 0.1877283 0.0842238 0.1230321 0.0479201 0.0236847 0.1556123 0.0449742 0.0147116 0.0199507 0.0179054 0.0515124 0.3269164 0.2405267 0.0807103 0.1478697 0.0328542 0.0176153 
Perityle_congesta_202                      0.7220069 0.0914929 9.0000000 0.4994762 0.1617987 1.0539395 0.6556408 0.1209348 0.6944474 0.8350899 0.5793044 0.0604386 0.7701909 0.1314942 0.0363931 0.6658954 0.1170923 0.8248539 0.1037390 0.0663516 0.0467806 0.0330234 0.0678542 0.0606931 0.0000000 0.0430944 0.8484360 0.7956958 1.2706343 9.0000000 1.1459070 0.1259052 0.2447976 0.0517778 0.7828290 0.1134328 0.8334424 0.7598549 0.7570132 0.0685832 0.0306063 0.1140131 0.0352793 0.0912703 0.0870597 0.0774389 0.0631114 0.0293921 0.0289820 0.1377553 0.0628241 0.0262023 0.0303545 0.0549208 0.0539087 0.1122265 1.3484404 0.0427584 0.0296814 0.0095572 0.1014315 9.0000000 0.0765984 0.2168194 0.0301592 0.8401702 0.0413580 0.1642827 0.7502406 0.0447390 0.8998818 0.0063769 0.0015648 0.0495003 0.0062155 0.0590062 0.1749078 0.8964706 0.0317295 9.0000000 0.0268390 0.0434819 
Perityle_cordifolia_27                     9.0000000 0.0917658 9.0000000 0.4874948 0.1341989 9.0000000 0.6327087 0.1289825 0.6749138 9.0000000 0.6301612 0.0415363 0.7707981 0.1366005 0.0385355 0.6798959 0.0869433 0.8082842 0.1003931 0.0728748 0.0465707 0.0439173 0.0489757 0.0176659 0.0430944 0.0000000 0.8239693 0.8081520 9.0000000 9.0000000 9.0000000 0.1304060 0.2678153 0.0366292 9.0000000 0.1135622 9.0000000 0.6998298 0.6995136 0.0387411 0.0385227 0.1123063 0.0404543 0.1059727 0.0873526 0.0565434 0.0649687 0.0525545 0.0463943 0.1282322 0.0470540 0.0319916 0.0358609 0.0099000 0.0272489 0.0926148 9.0000000 0.0415173 0.0396355 0.0402570 0.1274362 9.0000000 0.0848090 0.2168194 0.0310244 0.8788627 0.0029275 0.1674573 0.6862562 0.0526952 9.0000000 0.0428823 0.0374426 0.0409069 0.0316207 0.0756167 0.1277077 0.9195702 0.0352781 9.0000000 0.0412749 0.0419792 
Perityle_cordifolia_68_tecolote            0.1741909 0.4696487 0.1584417 0.5347425 0.3041541 0.0926363 0.4197389 0.5863922 0.4232523 0.2076622 0.3080367 0.1815732 0.0750592 0.8189536 0.7046168 0.1059346 0.1523999 0.1855808 0.2628197 0.8029102 0.7558693 0.1474939 0.1635222 0.1168512 0.8484360 0.8239693 0.0000000 0.2304289 0.1048536 0.2063584 0.0992061 0.7377569 1.0580503 0.1610121 0.2183327 0.7163496 0.1598887 0.2299675 0.0818003 0.1390854 0.8302675 0.8471733 0.1546620 0.8091321 0.7487177 0.1616052 0.7206943 0.1654721 0.1743036 0.7609672 0.1850734 0.8996649 0.8231552 0.7137413 0.1328826 0.2611407 0.0075367 0.1360157 0.1434989 0.7873699 0.7790812 0.1596679 0.8096046 0.0501818 0.7994904 0.1978179 0.8708207 0.9172309 0.0452534 0.8234219 0.2057389 0.8450701 0.8694921 0.1535203 0.5339941 0.8856463 0.6908080 0.2170827 0.7964207 0.1184780 0.1623778 0.8600042 
Perityle_coronopifolia_28_patagonia        0.2064438 0.4219142 0.1026782 0.5509394 0.3815836 0.1621783 0.4852713 0.6680862 0.4307118 0.1956521 0.3979506 0.3126389 0.2370353 0.7698344 0.7758724 0.2118404 0.2802772 0.2930051 0.3452097 0.7760772 0.7500955 0.2633410 0.2936497 0.2354379 0.7956958 0.8081520 0.2304289 0.0000000 0.1452800 0.2654766 0.1861737 0.8408800 0.9416385 0.2899226 0.2942989 0.7286078 0.2193029 0.3268549 0.2195997 0.2283559 0.7756697 0.7609562 0.2775584 0.7799249 0.7874988 0.3029586 0.7451933 0.2867359 0.3076347 0.7447817 0.2678486 0.7906743 0.7918707 0.7691686 0.2326973 0.1839222 0.1637124 0.2256128 0.2623491 0.7625225 0.8097711 0.1883352 0.7732394 0.1365112 0.7885198 0.0151089 0.8252577 0.9879729 0.1755359 0.7977006 0.1940849 0.7926353 0.7889710 0.2863710 0.5343374 0.8183161 0.7613815 0.3437809 0.7525887 0.0495156 0.2933340 0.8134102 
Perityle_crassifolia_70_ventanas           0.0650337 9.0000000 0.0237468 0.1963358 0.0647191 0.0649433 0.1456457 0.6897813 0.1024723 0.0417898 0.0480823 0.0870738 0.0864597 0.4736899 9.0000000 0.1040033 0.0799108 0.0587651 0.0881852 0.6345219 9.0000000 0.0830981 0.0793898 0.0915554 1.2706343 9.0000000 0.1048536 0.1452800 0.0000000 0.0000010 0.1023476 0.5988931 9.0000000 0.0870318 0.0999742 0.7638498 0.0560018 0.0827970 0.0876798 0.0765290 9.0000000 1.4181994 0.0724195 9.0000000 0.5861186 0.0947846 9.0000000 0.0757721 0.0874492 0.8110991 0.0790166 9.0000000 9.0000000 0.7582730 0.0801667 0.1081498 0.1099380 0.0923284 0.0839655 0.6263157 9.0000000 0.0946267 9.0000000 0.0528135 0.5601011 0.1291830 1.0716915 9.0000000 0.0650136 9.0000000 0.0252999 1.8064657 9.0000000 0.0804723 9.0000000 9.0000000 0.3977585 0.0917329 0.6013960 0.1033311 0.0830981 9.0000000 
Perityle_crassifolia_74_playa_balandra     0.1360425 9.0000000 0.1403080 0.2593291 0.1653326 0.0951552 0.2664457 0.7539706 0.2995957 0.0897009 0.1839164 0.1649790 0.1698092 0.4736899 9.0000000 0.1034708 0.1316007 0.2589093 0.1714866 0.8409628 9.0000000 0.1245497 0.1522264 0.1367944 9.0000000 9.0000000 0.2063584 0.2654766 0.0000010 0.0000000 0.1480474 0.4324420 9.0000000 0.1512707 0.1260180 0.6704674 0.1615030 0.1790093 0.1334202 0.0855946 9.0000000 9.0000000 0.1553725 9.0000000 0.6772692 0.1614984 9.0000000 0.1448898 0.1528720 0.6386111 0.0775837 9.0000000 9.0000000 0.5590473 0.1188967 0.2078792 0.1838207 0.0705983 0.1467018 0.5558667 9.0000000 0.0823052 9.0000000 0.0612434 0.5896037 0.2456049 9.0000000 9.0000000 0.1317641 9.0000000 0.0981859 9.0000000 9.0000000 0.1445606 9.0000000 9.0000000 0.4216261 0.1350017 0.2777355 0.1679231 0.1534826 9.0000000 
Perityle_cuneata_34_cuneata_San_antonio    0.1645231 9.0000000 0.1439400 0.3809530 0.1795925 0.0803134 0.3221080 0.7797107 0.3290263 0.1973298 0.1173564 0.0821002 0.0875100 0.2747863 9.0000000 0.0800543 0.0668447 0.0619934 0.1581400 0.7306631 9.0000000 0.0901219 0.0805536 0.0985605 1.1459070 9.0000000 0.0992061 0.1861737 0.1023476 0.1480474 0.0000000 0.7238050 9.0000000 0.0741270 0.2029730 0.5694194 0.1484783 0.2075372 0.0724273 0.0475707 9.0000000 8.9999987 0.0859540 9.0000000 0.6283044 0.0847919 9.0000000 0.0838107 0.0935714 0.8548997 0.0464443 9.0000000 9.0000000 0.5690067 0.0644366 0.1578901 0.1059005 0.0441480 0.0817167 0.7580691 9.0000000 0.1733522 9.0000000 0.0230608 0.6804132 0.1817970 1.0614199 9.0000000 0.0735656 9.0000000 0.1754298 1.0243635 9.0000000 0.0783959 9.0000000 9.0000000 0.6412027 0.1004829 0.6138415 0.1388028 0.0880353 9.0000000 
Perityle_cuneata_4                         0.8339267 0.0832930 0.6504490 0.4982758 0.1328458 0.8771469 0.6652857 0.1367834 0.6091233 0.7863602 0.5841608 0.1428234 0.7318060 0.2173398 0.1066283 0.6670760 0.2306419 0.8057750 0.1714218 0.1889609 0.1035685 0.1551329 0.1593471 0.1560036 0.1259052 0.1304060 0.7377569 0.8408800 0.5988931 0.4324420 0.7238050 0.0000000 0.2305348 0.1710681 0.7203098 0.1488987 0.6955749 0.6921175 0.6402807 0.1685116 0.0984235 0.1501201 0.1482283 0.1222726 0.1459840 0.1961175 0.0826948 0.1761062 0.1643874 0.1669099 0.1676525 0.1065983 0.1235204 0.1530731 0.1553369 0.1784101 0.5704665 0.1250789 0.1664450 0.1304408 0.1544383 0.7767145 0.1083025 0.5826045 0.1167080 0.7565398 0.1361782 0.1168219 0.5941314 0.1332043 0.6888209 0.1271747 0.1057260 0.1453396 0.0887352 0.1250077 0.2681835 0.9427712 0.1230471 0.6308587 0.1653173 0.1250282 
Perityle_discoidea_81                      9.0000000 0.1198377 9.0000000 0.8056574 0.2087032 9.0000000 0.7912738 0.1571701 0.5385648 9.0000000 0.7619949 0.2349855 0.8713433 0.2557238 0.2706657 0.7419700 0.2746222 0.8491615 0.2652417 0.2728759 0.2430913 0.2493408 0.2531721 0.2307538 0.2447976 0.2678153 1.0580503 0.9416385 9.0000000 9.0000000 9.0000000 0.2305348 0.0000000 0.2712029 9.0000000 0.2789691 9.0000000 0.5168975 0.3768000 0.2841205 0.2416485 0.2565745 0.2556501 0.2566609 0.2464810 0.3055614 0.2219848 0.2427317 0.2454177 0.2634941 0.2675008 0.2609328 0.2613767 0.2811984 0.2511724 0.2663485 9.0000000 0.1743223 0.2311871 0.2427644 0.4202926 9.0000000 0.2433716 0.0000010 0.2365097 0.5309153 0.2631175 0.2337124 0.3478068 0.2531721 9.0000000 0.2476912 0.2452389 0.2522730 0.1818088 0.2730080 0.2766301 0.8710542 0.2431569 9.0000000 0.2513018 0.2465116 
Perityle_dissecta_201                      0.1514639 0.0965283 0.1437167 0.4033135 0.1522447 0.0628315 0.4001125 0.2759707 0.4047561 0.1628151 0.2778244 0.0323840 0.1245282 0.1312712 0.0440888 0.1260307 0.0646495 0.2482700 0.1218036 0.1339784 0.0428265 0.0342892 0.0483976 0.0279722 0.0517778 0.0366292 0.1610121 0.2899226 0.0870318 0.1512707 0.0741270 0.1710681 0.2712029 0.0000000 0.1822148 0.1915379 0.1269377 0.2255232 0.0713841 0.0412703 0.0231336 0.1343042 0.0380527 0.0925849 0.1771227 0.0577475 0.0567086 0.0431825 0.0475434 0.1765912 0.0296433 0.0255007 0.0264976 0.1216651 0.0182979 0.1143531 0.0443801 0.0285327 0.0700486 0.0802917 0.1140775 0.1376881 0.0837352 0.0282072 0.1083800 0.2189571 0.0672901 0.1576626 0.0644877 0.0421304 0.1644728 0.0453124 0.0210957 0.0286025 0.0280142 0.0622576 0.4418563 0.3058221 0.0681584 0.1373226 0.0401884 0.0388595 
Perityle_emoryi_47_punta_san_jose          0.2131084 9.0000000 0.2790881 0.4394676 0.2273386 0.0716842 0.3480162 0.7142961 0.4443378 0.2322122 0.3278139 0.1890632 0.1872458 0.2747863 9.0000000 0.0879598 0.1637601 0.2784565 0.2677269 1.2088286 9.0000000 0.1783339 0.1810522 0.1763276 0.7828290 9.0000000 0.2183327 0.2942989 0.0999742 0.1260180 0.2029730 0.7203098 9.0000000 0.1822148 0.0000000 0.7617364 0.1947798 0.3082268 0.1623795 0.0915948 9.0000000 1.0585424 0.1822217 9.0000000 0.9752126 0.1726057 9.0000000 0.1729454 0.1821385 0.7784716 0.0388708 9.0000000 9.0000000 0.6033374 0.1107553 0.2237053 0.2377693 0.0087019 0.1811646 0.6951606 9.0000000 0.0808882 9.0000000 0.0044090 0.8058099 0.2867095 0.9985731 9.0000000 0.1881092 9.0000000 0.2807845 0.6722678 9.0000000 0.1705567 9.0000000 9.0000000 0.6953624 0.1394490 0.6609367 0.1028544 0.1818092 9.0000000 
Perityle_feddemae_99                       0.7326280 0.1199584 0.6860836 0.7029388 0.2278574 0.8571847 0.8312865 0.2328649 0.7969879 0.7200529 0.6088270 0.1873740 0.6937674 0.1974280 0.1052738 0.7369137 0.2582140 0.7995395 0.1994305 0.1639249 0.1054464 0.2185604 0.2003379 0.2272838 0.1134328 0.1135622 0.7163496 0.7286078 0.7638498 0.6704674 0.5694194 0.1488987 0.2789691 0.1915379 0.7617364 0.0000000 0.8057944 0.7373214 0.7515645 0.2176596 0.1020402 0.0361750 0.2083435 0.0333454 0.1557983 0.2175676 0.0674207 0.2206042 0.1994173 0.0537246 0.1849924 0.0970459 0.1122542 0.1740544 0.2092934 0.2174496 0.5150372 0.1777101 0.2178129 0.1319782 0.1070774 0.7263680 0.0926178 0.5542723 0.1251652 0.7210784 0.1259278 0.1548502 0.5972056 0.1111956 0.6762709 0.1138656 0.0907210 0.1923080 0.0707782 0.1106865 0.3043822 0.8841077 0.1157919 0.7427014 0.2209418 0.1068955 
Perityle_fosteri_93                        0.1648795 9.0000000 0.1975648 0.3639144 0.2496093 0.0495548 0.3398635 0.6993978 0.3856887 0.1905458 0.3137858 0.1377780 0.1422431 0.2747863 9.0000000 0.0825171 0.1140247 0.2296856 0.1931008 0.7625210 9.0000000 0.1240027 0.1297900 0.1339319 0.8334424 9.0000000 0.1598887 0.2193029 0.0560018 0.1615030 0.1484783 0.6955749 9.0000000 0.1269377 0.1947798 0.8057944 0.0000000 0.2208145 0.0992570 0.0530809 9.0000000 1.0740069 0.1421020 9.0000000 0.8445008 0.1313804 9.0000000 0.1351213 0.1378630 0.7451349 0.0156011 9.0000000 9.0000000 0.7693536 0.0840988 0.1842478 0.2070761 0.0000010 0.1269258 0.6722451 9.0000000 0.1241417 9.0000000 0.0000010 0.8227806 0.2205211 0.8987571 9.0000000 0.1353047 9.0000000 0.2124929 0.6722678 9.0000000 0.1219510 9.0000000 9.0000000 0.6141174 0.0930749 0.6360900 0.1258080 0.1378659 9.0000000 
Perityle_gamon_221                         0.2809956 9.0000000 0.3107404 0.4794379 0.3116913 0.1111849 0.4748389 0.6919461 0.4784395 0.2808730 0.3184758 0.2425709 0.2147152 0.8121200 0.7679543 0.1647487 0.2246443 0.2401938 0.2377341 0.8582699 0.8199779 0.2157468 0.2324780 0.2030311 0.7598549 0.6998298 0.2299675 0.3268549 0.0827970 0.1790093 0.2075372 0.6921175 0.5168975 0.2255232 0.3082268 0.7373214 0.2208145 0.0000000 0.2338385 0.1460492 0.8024211 0.8656892 0.2334344 0.8005712 0.7867908 0.2406741 0.8048244 0.2361133 0.2476938 0.8078069 0.1528178 0.7679543 0.7679543 0.6651841 0.1609919 0.2483585 0.2227276 0.1578275 0.2391901 0.7103639 0.7130084 0.1788341 0.7852444 0.0825158 0.8111136 0.3098606 0.8156166 0.8556373 0.1865539 0.8162003 0.2574407 0.7400256 0.7679543 0.2254460 0.7986083 0.8186181 0.7549997 0.2011078 0.7158117 0.1870913 0.2466796 0.8019845 
Perityle_gentryi_8_san_francisco           0.1599054 0.3768000 0.1546543 0.3519955 0.2079122 0.0606565 0.2965059 0.6587821 0.2629244 0.1521244 0.1599309 0.0781071 0.0523211 0.6285936 0.6995136 0.0840188 0.0679910 0.1188963 0.2037343 0.7471489 0.6995136 0.0930866 0.0658129 0.0624946 0.7570132 0.6995136 0.0818003 0.2195997 0.0876798 0.1334202 0.0724273 0.6402807 0.3768000 0.0713841 0.1623795 0.7515645 0.0992570 0.2338385 0.0000000 0.0667110 0.6995136 0.7772667 0.0889601 0.6637546 0.7096867 0.0830286 0.7340466 0.0784879 0.0867893 0.7027570 0.0732951 0.6995136 0.6995136 0.7924707 0.0774143 0.1957709 0.0645032 0.1030554 0.1225951 0.6859994 0.4678454 0.1542800 0.7340466 0.0230374 0.7243796 0.2074646 0.8284504 0.8007039 0.0242215 0.6995136 0.1756904 0.7246584 0.7467771 0.0615149 0.3768000 0.7122848 0.6505094 0.1133489 0.6838922 0.1460507 0.0860441 0.6995136 
Perityle_gilensis_22_Superstition          0.0930018 0.0976631 0.0431323 0.3529838 0.1311496 0.0533802 0.3583368 0.2771495 0.3225402 0.1129429 0.2764944 0.0233850 0.1106714 0.1425747 0.0468760 0.1154237 0.0391736 0.2125368 0.0945260 0.1327547 0.0414573 0.0283712 0.0432058 0.0250421 0.0685832 0.0387411 0.1390854 0.2283559 0.0765290 0.0855946 0.0475707 0.1685116 0.2841205 0.0412703 0.0915948 0.2176596 0.0530809 0.1460492 0.0667110 0.0000000 0.0059986 0.1443844 0.0245464 0.0973739 0.1857506 0.0414093 0.0486405 0.0450412 0.0387991 0.1715505 0.0192498 0.0292588 0.0291258 0.1358258 0.0143477 0.1060631 0.0386759 0.0176585 0.0428123 0.0994015 0.1210120 0.1216633 0.0820062 0.0080483 0.1224918 0.1629659 0.0764989 0.1607303 0.0640300 0.0413131 0.1147941 0.0611661 0.0308674 0.0241638 0.0352005 0.0594367 0.3374778 0.2856848 0.0799007 0.1285091 0.0290186 0.0432064 
Perityle_gilensis_salensis_225             9.0000000 0.0836917 9.0000000 0.4770429 0.1052673 9.0000000 0.6428120 0.1107556 0.7305649 9.0000000 0.6050827 0.0269361 0.7396191 0.0779531 0.0174766 0.6014221 0.0841173 0.8052625 0.0788216 0.0521451 0.0129953 0.0199728 0.0000010 0.0061086 0.0306063 0.0385227 0.8302675 0.7756697 9.0000000 9.0000000 9.0000000 0.0984235 0.2416485 0.0231336 9.0000000 0.1020402 9.0000000 0.8024211 0.6995136 0.0059986 0.0000000 0.0862715 0.0169932 0.0837712 0.0782352 0.0434782 0.0417669 0.0358904 0.0299747 0.0874550 0.0305989 0.0236461 0.0281276 0.0426548 0.0116241 0.0814892 9.0000000 0.0206930 0.0204421 0.0308010 0.1008573 9.0000000 0.0620200 0.2168194 0.0179099 0.9215074 0.0277413 0.1368263 0.6862562 0.0028358 9.0000000 0.0304315 0.0246883 0.0179798 0.0096494 0.0571095 0.0687092 0.9264579 0.0240032 9.0000000 0.0238993 0.0342588 
Perityle_glaucescens_94                    0.9687071 0.0855731 9.0000000 0.5402003 0.1454357 1.2204122 0.6047344 0.1147838 0.6027318 0.9357342 0.5751381 0.1132603 0.7823725 0.2028447 0.0944412 0.8414509 0.2094892 0.8471715 0.0791292 0.1406906 0.1003933 0.1214117 0.1377194 0.1048846 0.1140131 0.1123063 0.8471733 0.7609562 1.4181994 9.0000000 8.9999987 0.1501201 0.2565745 0.1343042 1.0585424 0.0361750 1.0740069 0.8656892 0.7772667 0.1443844 0.0862715 0.0000000 0.1152563 0.0105721 0.1115368 0.1605554 0.0558547 0.1493867 0.1276530 0.0218387 0.1167628 0.0861171 0.1077248 0.1359913 0.1146797 0.1473800 1.3484404 0.0805371 0.1440353 0.1175548 0.1074675 9.0000000 0.0787274 0.0981115 0.0951155 0.8265705 0.1245513 0.1447739 0.7647003 0.1017619 1.0183132 0.1100262 0.0787446 0.1174260 0.0585984 0.0959556 0.2065351 0.9580717 0.0994697 9.0000000 0.1397164 0.0993883 
Perityle_gracilis_11                       0.1650730 0.0935111 0.1367945 0.4109352 0.1424456 0.0500370 0.3911422 0.2233297 0.3919438 0.1739171 0.2482408 0.0344397 0.0902586 0.0330476 0.0416247 0.1126380 0.0361630 0.2541705 0.1311201 0.1286993 0.0265257 0.0023667 0.0377003 0.0327942 0.0352793 0.0404543 0.1546620 0.2775584 0.0724195 0.1553725 0.0859540 0.1482283 0.2556501 0.0380527 0.1822217 0.2083435 0.1421020 0.2334344 0.0889601 0.0245464 0.0169932 0.1152563 0.0000000 0.0858592 0.2113904 0.0393508 0.0498884 0.0013728 0.0105599 0.1434880 0.0318931 0.0290278 0.0270189 0.1420211 0.0196453 0.1112072 0.0456679 0.0208533 0.0088569 0.0723118 0.1027024 0.1281394 0.0819530 0.0088143 0.1260929 0.2165009 0.0857018 0.1506762 0.0790931 0.0269477 0.1720462 0.0259691 0.0040959 0.0243754 0.0063331 0.0596148 0.3739670 0.3170013 0.0653764 0.1204879 0.0014546 0.0353663 
Perityle_harkerae_31                       9.0000000 0.0909422 9.0000000 0.5313055 0.1146651 9.0000000 0.5935911 0.1142043 0.6261795 9.0000000 0.5686720 0.0877741 0.7473907 0.1420742 0.0916449 0.7040169 0.1608993 0.8287404 0.0513299 0.1088016 0.0905825 0.0887002 0.0974509 0.0501667 0.0912703 0.1059727 0.8091321 0.7799249 9.0000000 9.0000000 9.0000000 0.1222726 0.2566609 0.0925849 9.0000000 0.0333454 9.0000000 0.8005712 0.6637546 0.0973739 0.0837712 0.0105721 0.0858592 0.0000000 0.0905823 0.1156460 0.0529566 0.1046991 0.0935572 0.0060616 0.0843343 0.0844649 0.1028346 0.1102878 0.0723528 0.1134023 9.0000000 0.0749149 0.0888665 0.0896759 0.1030619 9.0000000 0.0800831 0.0981115 0.0699632 0.8744133 0.0962594 0.1462781 0.6609868 0.0953930 9.0000000 0.0898578 0.0822106 0.0872837 0.0586174 0.0980049 0.0978493 0.9874071 0.0764719 9.0000000 0.1013718 0.0948300 
Perityle_hofmeisteria_4_nombre_de_dios     0.8420306 0.0671430 0.8031841 0.6782130 0.2502630 0.8201158 0.8029042 0.2257675 0.8875386 0.8219581 0.6051823 0.1678268 0.7317152 0.1800030 0.0705328 0.7141347 0.2294533 0.8636771 0.1827968 0.1563880 0.0722534 0.2096453 0.1779505 0.2418361 0.0870597 0.0873526 0.7487177 0.7874988 0.5861186 0.6772692 0.6283044 0.1459840 0.2464810 0.1771227 0.9752126 0.1557983 0.8445008 0.7867908 0.7096867 0.1857506 0.0782352 0.1115368 0.2113904 0.0905823 0.0000000 0.1957658 0.0630394 0.1918398 0.1806064 0.1440579 0.1744187 0.0772173 0.0815090 0.1413422 0.1892337 0.2047442 0.6276423 0.1372825 0.1867532 0.0941806 0.1660138 0.7201179 0.0747739 0.5966187 0.1091766 0.7658000 0.0762015 0.1598092 0.6449375 0.0919318 0.7756952 0.0812477 0.0674146 0.1745914 0.0611725 0.0878026 0.2713173 0.8884543 0.0823639 0.6804052 0.1935572 0.0678413 
Perityle_huecosensis_48                    0.1686630 0.1035409 0.1406881 0.4040044 0.1637334 0.0719343 0.3942827 0.2856680 0.4180567 0.1670112 0.2526688 0.0490973 0.1187540 0.1573028 0.0551986 0.1161548 0.0680127 0.2563738 0.1416945 0.1607065 0.0677012 0.0399906 0.0653413 0.0366941 0.0774389 0.0565434 0.1616052 0.3029586 0.0947846 0.1614984 0.0847919 0.1961175 0.3055614 0.0577475 0.1726057 0.2175676 0.1313804 0.2406741 0.0830286 0.0414093 0.0434782 0.1605554 0.0393508 0.1156460 0.1957658 0.0000000 0.0677842 0.0554139 0.0535186 0.1920209 0.0395537 0.0399221 0.0430285 0.1426843 0.0257926 0.1246194 0.0507056 0.0328064 0.0728630 0.1101335 0.1103998 0.1316254 0.0958258 0.0159801 0.1303042 0.2262219 0.0862694 0.1666696 0.0768105 0.0655523 0.1870245 0.0723184 0.0406543 0.0401276 0.0500820 0.0796708 0.4371837 0.3267641 0.0955081 0.1344476 0.0428684 0.0567180 
