83
Amauria_brandeegeana_62                    0.0000000 0.0411562 0.0560318 0.1716543 0.0739965 0.0541143 0.1098465 0.0972366 0.2535540 0.0249321 0.0701460 0.0532922 0.0624700 0.0831314 0.0519968 0.0684467 0.1184701 0.0897099 0.0562773 0.0654410 0.0616545 0.0316292 0.0405555 0.0613248 0.0710227 0.0326723 0.0708631 0.1257670 0.0674831 0.0755007 0.0434598 0.1227297 0.0671486 0.0083753 0.0660621 0.0186362 0.0822114 0.0718090 0.1224035 0.1014842 0.0442631 0.0789700 0.0850415 0.0530664 0.0824462 0.1063259 0.0483496 0.0531212 0.0651008 0.0754933 0.0452911 0.0562871 0.0610442 0.0682384 0.0581431 0.0797922 0.0569887 0.0596220 0.0541071 0.0379190 0.0675457 0.0304712 0.0417329 0.1005167 0.0749020 0.0638037 0.0638619 0.0836279 0.0402466 0.0420673 0.0658669 0.0612750 0.0804245 0.0565019 0.0632057 0.0606557 0.0548690 0.0761878 0.0666220 0.0934337 0.0327620 0.0844953 0.0540931 
Amauria_carterae_99_mesa                   0.0411562 0.0000000 0.0692699 0.1275119 0.0838010 0.0799518 0.1001802 0.1124382 0.1888248 0.0419355 0.0824311 0.0658811 0.0721140 0.0775179 0.0689139 0.0808008 0.0714899 0.0795285 0.0628108 0.0714615 0.0826972 0.0526345 0.0692727 0.0751322 0.0819757 0.0439462 0.0791803 0.0804453 0.0746013 0.0792523 0.0651604 0.1364675 0.0604794 0.0406756 0.0786845 0.0259818 0.0891937 0.0725276 0.0746641 0.1189539 0.0503364 0.0841304 0.0828007 0.0672408 0.0774898 0.0923011 0.0582657 0.0730422 0.0787170 0.0812058 0.0590169 0.0721605 0.0770855 0.0723788 0.0752635 0.0814404 0.0713556 0.0729348 0.0726373 0.0494725 0.0486053 0.0438058 0.0510279 0.1050247 0.0787700 0.0694031 0.0682302 0.1308022 0.0514954 0.0439752 0.0751077 0.0751322 0.0839662 0.0686824 0.0813009 0.0692979 0.0838154 0.0871398 0.0604007 0.0694117 0.0439651 0.0850673 0.0726373 
Amauria_rotundifolia_SRR9119150            0.0560318 0.0692699 0.0000000 0.1359380 0.0765911 0.1053269 0.1281773 0.1220874 0.2122484 0.0676340 0.0915846 0.0614040 0.0888278 0.0719634 0.0676451 0.1057234 0.0823622 0.1396804 0.0820767 0.0633505 0.0742380 0.0511779 0.0794044 0.0758706 0.0873633 0.0446267 0.1011932 0.1047384 0.0902147 0.0957655 0.0958648 0.1256250 0.0985172 0.0623024 0.0794625 0.0255537 0.1091851 0.0746376 0.1093715 0.1548462 0.0618722 0.0822151 0.1053100 0.0746497 0.1025323 0.0965345 0.0755421 0.0515099 0.0778876 0.1023604 0.0730795 0.0749162 0.0788186 0.0996404 0.0742072 0.0834544 0.1005007 0.0808254 0.0774747 0.0495255 0.1084692 0.0682753 0.0503879 0.1277231 0.0802912 0.0892110 0.0967181 0.5277871 0.0461117 0.0357116 0.0756536 0.0758706 0.0965568 0.0700647 0.0752688 0.0678066 0.0653667 0.0988444 0.0932577 0.0886622 0.0351768 0.1534059 0.0786502 
Conoclinium_coelestinum_SRR9119114         0.1716543 0.1275119 0.1359380 0.0000000 0.1593829 0.1193002 0.1296137 0.1477453 0.2308651 0.1563822 0.1973309 0.1671567 0.1988846 0.1884907 0.1428057 0.1925042 0.1852778 0.1529250 0.1552514 0.1496235 0.1852173 0.1324833 0.1188529 0.1837909 0.1857098 0.1343347 0.2000733 0.2566778 0.1955166 0.1689701 0.1324758 0.1508056 0.1697245 0.1204331 0.1883814 0.1130050 0.1973579 0.1987420 0.2306855 0.1674764 0.1200515 0.1896862 0.1835022 0.1507470 0.1863900 0.2404545 0.1731200 0.1865871 0.1902746 0.1830127 0.1422551 0.1808304 0.1861849 0.2047957 0.1491759 0.1597751 0.1502637 0.1529134 0.1539473 0.1303507 0.1321156 0.1343188 0.1180126 0.1549527 0.1940657 0.1735617 0.1985906 0.1728090 0.1106742 0.0907019 0.1828706 0.1835339 0.1848299 0.1815842 0.1573169 0.1680255 0.1186201 0.1779062 0.1499726 0.1747821 0.1184283 0.1753509 0.1569495 
Eutetras_palmeri_63                        0.0739965 0.0838010 0.0765911 0.1593829 0.0000000 0.0248115 0.1311944 0.1297767 0.2581276 0.0893621 0.0889791 0.0757146 0.0964860 0.0944960 0.0814177 0.1141481 0.1521532 0.1660687 0.0822776 0.0914312 0.0924945 0.0612777 0.0544762 0.0973433 0.0995261 0.0638165 0.0989136 0.1596978 0.1170344 0.0896975 0.0606518 0.1349815 0.0828756 0.0675237 0.1005239 0.0330027 0.0899258 0.0938529 0.1389922 0.1354682 0.0768518 0.1081897 0.0898494 0.0848678 0.0885775 0.1285120 0.0973538 0.0697422 0.1113918 0.0841882 0.0780591 0.0931352 0.0923437 0.0946515 0.0880479 0.0701052 0.0741984 0.0840649 0.0927183 0.0765553 0.0993925 0.0438415 0.0431404 0.1283662 0.1125103 0.1065735 0.0905037 0.1220915 0.0567961 0.0437635 0.0966816 0.0972745 0.1182667 0.0836281 0.0949043 0.0902184 0.0813979 0.0836887 0.0976990 0.1649788 0.0643456 0.1052135 0.0931223 
Eutetras_pringlei_149_quer                 0.0541143 0.0799518 0.1053269 0.1193002 0.0248115 0.0000000 0.0858294 0.0952451 0.1205336 0.0418015 0.0650097 0.0525020 0.0663678 0.0589225 0.0532302 0.0711685 0.1026180 0.0580024 0.0708720 0.0595082 0.0729588 0.0368789 0.0362420 0.0632652 0.0579297 0.0260141 0.0600216 0.0693693 0.0801065 0.0610284 0.0594485 0.0783935 0.0889412 0.0295971 0.0561536 0.0192472 0.0661535 0.0638660 0.0796152 0.0882223 0.0457301 0.0690500 0.0651112 0.0526144 0.0572545 0.0774725 0.0301235 0.0483383 0.0617173 0.0602622 0.0358245 0.0554416 0.0602756 0.0616698 0.0653849 0.0488970 0.0582700 0.0756895 0.0690998 0.0444081 0.0675461 0.0451905 0.0193162 0.0605110 0.0773953 0.0772796 0.0589478 0.0830371 0.0388148 0.0201765 0.0578027 0.0632652 0.0706446 0.0463699 0.0676164 0.0585126 0.0654244 0.0594805 0.0631547 0.0576420 0.0221555 0.0927459 0.0676226 
Eutrochium_fistulosum_SRR9119106           0.1098465 0.1001802 0.1281773 0.1296137 0.1311944 0.0858294 0.0000000 0.1160422 0.2067150 0.1029504 0.1253949 0.1057411 0.1067086 0.1159624 0.1159883 0.1399723 0.1169533 0.1397064 0.1236636 0.1243024 0.1261617 0.1047982 0.0842911 0.1233370 0.1235308 0.1043000 0.1460995 0.1592301 0.1364357 0.1312982 0.0928649 0.1381550 0.1392928 0.0936339 0.1230343 0.0834711 0.1311010 0.1329614 0.1551989 0.1456671 0.0951342 0.1392140 0.1262770 0.1112068 0.1186884 0.1663980 0.1094816 0.1194912 0.1265744 0.1229413 0.1075499 0.1180711 0.1193941 0.1317309 0.1223691 0.1288091 0.0986859 0.1204337 0.1148859 0.1032062 0.0974978 0.0816874 0.0765860 0.1271135 0.1379462 0.1347750 0.1241320 0.1291263 0.0769616 0.0662004 0.1209255 0.1233370 0.1834191 0.1121114 0.1269347 0.1157956 0.0896698 0.1156752 0.1221637 0.1162457 0.0898463 0.1591618 0.1164127 
Galeana_pratensis_104_mex                  0.0972366 0.1124382 0.1220874 0.1477453 0.1297767 0.0952451 0.1160422 0.0000000 0.1173109 0.1385840 0.1521440 0.1267561 0.1078739 0.1094801 0.1274957 0.1429646 0.1382020 0.1050664 0.1205960 0.0928882 0.1422288 0.0984680 0.0889307 0.1467919 0.1331416 0.0940405 0.1223247 0.1531769 0.1524328 0.1145945 0.1009264 0.1191888 0.1094364 0.1084526 0.1439079 0.0401742 0.1071136 0.0894166 0.1211477 0.1198495 0.1162548 0.1358776 0.1044032 0.1171184 0.0918788 0.1833051 0.1327634 0.0866811 0.1512864 0.0834782 0.1245257 0.1382286 0.1392755 0.1161832 0.1156864 0.0832512 0.1037141 0.0952200 0.1259718 0.1242079 0.1010627 0.0707657 0.0482420 0.1131202 0.1551842 0.1327713 0.1101542 0.1772606 0.0902249 0.0620326 0.1277465 0.1467919 0.1335623 0.1057460 0.1278325 0.1343967 0.0876795 0.1105599 0.1316436 0.1413015 0.0890470 0.1045317 0.1413117 
Helianthus_annuus_SRR9119062               0.2535540 0.1888248 0.2122484 0.2308651 0.2581276 0.1205336 0.2067150 0.1173109 0.0000000 0.2403808 0.2704653 0.2536045 0.2564156 0.2671923 0.2201315 0.2623130 0.3634977 0.2432971 0.2321676 0.2201557 0.2778695 0.2260388 0.0824957 0.2603113 0.2628298 0.1972532 0.2649800 0.2618369 0.2722816 0.2616724 0.1039442 0.2229833 0.2432036 0.1709854 0.2663591 0.1683484 0.2699010 0.2569109 0.2764676 0.2443937 0.1749048 0.2646084 0.2609620 0.2474841 0.2565167 0.2768767 0.2359969 0.2381490 0.2665061 0.2646835 0.2329752 0.2553257 0.2629861 0.2402671 0.2454992 0.2222741 0.1800295 0.2298844 0.1759392 0.2243462 0.1710345 0.0965163 0.1845752 0.1533471 0.2506790 0.2618281 0.2351497 0.3147637 0.1877923 0.1456354 0.2602857 0.2603113 0.2606548 0.2520154 0.2629532 0.2571572 0.2065622 0.2659867 0.2414691 0.3222179 0.1774071 0.2344147 0.1762701 
Lycapsus_tenuifolius_17                    0.0249321 0.0419355 0.0676340 0.1563822 0.0893621 0.0418015 0.1029504 0.1385840 0.2403808 0.0000000 0.0795119 0.0592554 0.0654729 0.0795864 0.0554582 0.0877139 0.1508529 0.1329021 0.0492446 0.0603110 0.0639893 0.0336054 0.0262083 0.0704398 0.0720331 0.0333248 0.0713901 0.1359432 0.0962186 0.0320333 0.0103668 0.1235966 0.0604224 0.0092228 0.0756626 0.0100974 0.0927166 0.0738512 0.1171751 0.1035013 0.0517001 0.0871264 0.0947365 0.0590270 0.0917936 0.1057454 0.0680607 0.0455232 0.0924327 0.0735128 0.0554604 0.0682257 0.0698498 0.0687733 0.0667657 0.0576493 0.0422042 0.0477698 0.0628400 0.0537632 0.0760190 0.0175271 0.0276531 0.1082439 0.0877723 0.0809450 0.0658133 0.0991491 0.0435207 0.0152319 0.0754656 0.0703906 0.0496511 0.0598444 0.0688258 0.0717948 0.0502259 0.0797507 0.0801666 0.1781885 0.0288219 0.0625727 0.0689913 
Pericome_caudata_50_silver                 0.0701460 0.0824311 0.0915846 0.1973309 0.0889791 0.0650097 0.1253949 0.1521440 0.2704653 0.0795119 0.0000000 0.0732345 0.0636774 0.0906821 0.0636873 0.1303549 0.1531004 0.1727077 0.0812133 0.0819151 0.0742031 0.0511976 0.0523527 0.0881603 0.0723952 0.0646998 0.1158049 0.1717316 0.1344950 0.1032952 0.0654321 0.1416113 0.1233841 0.0602868 0.0999689 0.0441901 0.0987645 0.0913454 0.1419436 0.1333419 0.0588852 0.0933787 0.1114549 0.0654425 0.0962335 0.1505256 0.0867886 0.0885661 0.1077234 0.0864149 0.0562889 0.0847429 0.0735584 0.1127875 0.0662821 0.0999699 0.0848982 0.0852819 0.0802144 0.0779489 0.0971909 0.0663820 0.0646540 0.1465623 0.1145538 0.1130568 0.1107472 0.0907650 0.0692062 0.0346395 0.0722162 0.0881077 0.1193211 0.0684738 0.0887602 0.0802556 0.0595852 0.0594658 0.1030033 0.1670169 0.0506123 0.1173006 0.0929869 
Perityle_aglossa_84_dead_horse             0.0532922 0.0658811 0.0614040 0.1671567 0.0757146 0.0525020 0.1057411 0.1267561 0.2536045 0.0592554 0.0732345 0.0000000 0.0268302 0.0618241 0.0225288 0.0896477 0.0899624 0.1365236 0.0662877 0.0653862 0.0377714 0.0177276 0.0322481 0.0390087 0.0351736 0.0244560 0.1042687 0.1461295 0.1123895 0.0880471 0.0516393 0.1281615 0.0902230 0.0387249 0.0558730 0.0174327 0.0871206 0.0755762 0.1217820 0.1176017 0.0222485 0.0765238 0.1027872 0.0222242 0.0784648 0.1219060 0.0262099 0.0451030 0.0551191 0.0809872 0.0308393 0.0330055 0.0287994 0.1010484 0.0212739 0.0760182 0.0670292 0.0668550 0.0628458 0.0345776 0.0752245 0.0403554 0.0383263 0.1380445 0.0976259 0.0825359 0.1127201 0.1033917 0.0684190 0.0147444 0.0275720 0.0389856 0.1084617 0.0327460 0.0363382 0.0281445 0.0246121 0.0696271 0.0739915 0.1042161 0.0032909 0.1074271 0.0673538 
Perityle_ajoensis_204                      0.0624700 0.0721140 0.0888278 0.1988846 0.0964860 0.0663678 0.1067086 0.1078739 0.2564156 0.0654729 0.0636774 0.0268302 0.0000000 0.0712709 0.0049549 0.1026163 0.1407238 0.1469842 0.0808330 0.0695329 0.0373701 0.0092706 0.0397367 0.0039566 0.0333526 0.0036817 0.1022734 0.1457482 0.0969483 0.1015219 0.0478856 0.1610024 0.0972104 0.0464784 0.0236048 0.0181369 0.0843480 0.0827148 0.1212071 0.1456892 0.0256783 0.0874947 0.0862821 0.0056963 0.0809860 0.1371163 0.0186276 0.0039523 0.0062983 0.0688881 0.0141316 0.0040065 0.0339379 0.0931983 0.0061532 0.1132199 0.0849688 0.0771435 0.0695564 0.0159204 0.0773532 0.0477688 0.0487675 0.1219567 0.0837347 0.0898022 0.1026275 0.0748442 0.0361924 0.0155430 0.0078662 0.0046172 0.1132052 0.0257617 0.0210433 0.0161567 0.0234038 0.0748414 0.0740847 0.1046911 0.0206844 0.0911472 0.0676921 
Perityle_ambrosiifolia_67_green            0.0831314 0.0775179 0.0719634 0.1884907 0.0944960 0.0589225 0.1159624 0.1094801 0.2671923 0.0795864 0.0906821 0.0618241 0.0712709 0.0000000 0.0308986 0.1091548 0.0879947 0.1216312 0.0798008 0.0746800 0.0444553 0.0266765 0.0506063 0.0861137 0.0673296 0.0387329 0.1125380 0.1476941 0.1279969 0.0971048 0.0533755 0.1289847 0.0942459 0.0492796 0.0728170 0.0212566 0.1113516 0.1049759 0.1331709 0.1337524 0.0080923 0.1048212 0.1198190 0.0520172 0.1043081 0.1413855 0.0668207 0.1025041 0.0718110 0.1032660 0.0539483 0.0761632 0.0383114 0.1107798 0.0498037 0.0867712 0.0810913 0.0772191 0.0850438 0.0307223 0.0833142 0.0444597 0.0423104 0.1295142 0.1275166 0.1030926 0.1260014 0.1502050 0.0502400 0.0384952 0.0574333 0.0860865 0.1177739 0.0617268 0.0416346 0.0584960 0.0280007 0.0977014 0.0923659 0.0840463 0.0357059 0.1218573 0.0855939 
Perityle_angustifolia_13_Eagle_creek       0.0519968 0.0689139 0.0676451 0.1428057 0.0814177 0.0532302 0.1159883 0.1274957 0.2201315 0.0554582 0.0636873 0.0225288 0.0049549 0.0308986 0.0000000 0.0923546 0.1014243 0.1444668 0.0745605 0.0555628 0.0343435 0.0201640 0.0324145 0.0175067 0.0302889 0.0202252 0.0897477 0.0965411 0.0835427 0.0879575 0.0524743 0.1349779 0.0974612 0.0448265 0.0279410 0.0263005 0.0779424 0.0614424 0.0887559 0.1349418 0.0171206 0.0691215 0.0789758 0.0167833 0.0787302 0.1008934 0.0243119 0.0265407 0.0200695 0.0695752 0.0253829 0.0147762 0.0317288 0.0823484 0.0180649 0.0896605 0.0746719 0.0728440 0.0583197 0.0286129 0.0829835 0.0430188 0.0416227 0.1434809 0.0765508 0.0796608 0.0798141 0.1264846 0.0502008 0.0145625 0.0165308 0.0175067 0.1083152 0.0274600 0.0285051 0.0175003 0.0216281 0.0763321 0.0747977 0.0966226 0.0223267 0.1179079 0.0588820 
Perityle_batopilensis_97                   0.0684467 0.0808008 0.1057234 0.1925042 0.1141481 0.0711685 0.1399723 0.1429646 0.2623130 0.0877139 0.1303549 0.0896477 0.1026163 0.1091548 0.0923546 0.0000000 0.1771187 0.1497998 0.0689257 0.0885811 0.1086467 0.0705543 0.0589994 0.1132574 0.1038447 0.0755581 0.0791742 0.0986407 0.1227382 0.0954220 0.0452096 0.1276195 0.0955988 0.0655185 0.1362875 0.0521252 0.1359630 0.0984915 0.1491397 0.1102195 0.0919178 0.1008268 0.1552365 0.0966675 0.1325847 0.1309048 0.1046573 0.0915122 0.1288030 0.1173120 0.0844627 0.1088571 0.1035115 0.0792574 0.1017312 0.1053198 0.0353037 0.0616157 0.0903574 0.0824337 0.1092217 0.0262425 0.0719210 0.1005244 0.1321393 0.1003854 0.0753302 0.1671212 0.0965530 0.0676654 0.1081735 0.1131882 0.1089942 0.0891726 0.1062554 0.1058137 0.0892880 0.1084263 0.1069351 0.1933943 0.0583638 0.0786658 0.0962851 
Perityle_bisetosa_9                        0.1184701 0.0714899 0.0823622 0.1852778 0.1521532 0.1026180 0.1169533 0.1382020 0.3634977 0.1508529 0.1531004 0.0899624 0.1407238 0.0879947 0.1014243 0.1771187 0.0000000 0.2285979 0.1110089 0.1038253 0.0395876 0.0164971 0.0354298 0.1157143 0.1146062 0.0347981 0.2041889 0.2405361 0.1814241 0.1121032 0.0545735 0.2231861 0.1006241 0.0927437 0.1351757 0.0231819 0.1675555 0.1328476 0.2176797 0.1960080 0.1117868 0.1416928 0.1808050 0.0911883 0.1600022 0.1985182 0.1116164 0.0337994 0.1365886 0.1403468 0.1038863 0.1115768 0.0844159 0.2028231 0.1219099 0.0987025 0.1635465 0.0955666 0.1393347 0.0429363 0.1157370 0.0439879 0.0415422 0.1514660 0.1755574 0.1688626 0.2034641 0.2390705 0.0906463 0.0259126 0.1093168 0.1156470 0.1611489 0.0983427 0.0943019 0.1054518 0.0160807 0.1293691 0.1574223 0.1683450 0.0249949 0.1457976 0.1392312 
Perityle_californica_76_positas            0.0897099 0.0795285 0.1396804 0.1529250 0.1660687 0.0580024 0.1397064 0.1050664 0.2432971 0.1329021 0.1727077 0.1365236 0.1469842 0.1216312 0.1444668 0.1497998 0.2285979 0.0000000 0.0837315 0.0815306 0.1400712 0.0991616 0.0486555 0.1737421 0.1573817 0.1143501 0.1273269 0.1529597 0.1460890 0.0829507 0.0491673 0.0810355 0.1018477 0.0957686 0.1740345 0.0782600 0.1649117 0.1098172 0.1494971 0.0810365 0.1691242 0.1344844 0.1624762 0.1279091 0.1582248 0.1808593 0.1563243 0.0884726 0.1814344 0.1324399 0.1205052 0.1665313 0.1692110 0.1258295 0.1524865 0.1285598 0.0582835 0.0693743 0.1382893 0.1129820 0.1314274 0.0210108 0.0715957 0.0846395 0.1552884 0.1356810 0.1233649 0.1729994 0.1036658 0.0715225 0.1587044 0.1737421 0.1172056 0.1326105 0.1436142 0.1568968 0.1001857 0.1355556 0.1627467 0.2119288 0.0993643 0.0879560 0.1528371 
Perityle_canescens_77                      0.0562773 0.0628108 0.0820767 0.1552514 0.0822776 0.0708720 0.1236636 0.1205960 0.2321676 0.0492446 0.0812133 0.0662877 0.0808330 0.0798008 0.0745605 0.0689257 0.1110089 0.0837315 0.0000000 0.0724908 0.0813107 0.0563771 0.0492350 0.0761485 0.0883761 0.0482804 0.0749779 0.0969381 0.0615071 0.0851274 0.0443352 0.1168235 0.0688504 0.0493439 0.0836713 0.0281645 0.0932636 0.0763090 0.0908551 0.1059955 0.0624525 0.0849838 0.0920418 0.0709635 0.0915465 0.0942462 0.0599676 0.0688416 0.0791093 0.0802274 0.0613101 0.0755069 0.0782524 0.0716578 0.0785529 0.0861466 0.0567758 0.0515671 0.0711123 0.0597596 0.0842930 0.0196877 0.0533177 0.1097705 0.0802239 0.0633197 0.0674154 0.1215674 0.0523981 0.0535246 0.0805541 0.0761485 0.0982321 0.0672401 0.0861438 0.0807612 0.0824838 0.0820000 0.0797788 0.0943155 0.0484758 0.0803671 0.0710197 
Perityle_castillonii_96                    0.0654410 0.0714615 0.0633505 0.1496235 0.0914312 0.0595082 0.1243024 0.0928882 0.2201557 0.0603110 0.0819151 0.0653862 0.0695329 0.0746800 0.0555628 0.0885811 0.1038253 0.0815306 0.0724908 0.0000000 0.0763293 0.0267054 0.0070761 0.0751509 0.0810688 0.0270696 0.0912795 0.1142777 0.0928689 0.0930006 0.0540449 0.1095447 0.0855655 0.0300267 0.0772853 0.0189076 0.0843513 0.0045316 0.1095660 0.1230650 0.0462756 0.0140901 0.0912796 0.0664012 0.0858959 0.1167224 0.0416941 0.0642170 0.0794595 0.0802680 0.0469337 0.0714174 0.0724255 0.0861466 0.0759828 0.0820169 0.0740439 0.0775313 0.0114482 0.0368850 0.0687501 0.0372909 0.0435105 0.0904550 0.0149585 0.0925365 0.0817739 0.1358021 0.0445149 0.0231701 0.0729573 0.0750825 0.0984438 0.0473434 0.0813804 0.0700264 0.0541546 0.0971108 0.0894501 0.0899859 0.0332446 0.1110252 0.0121680 
Perityle_cernua_84                         0.0616545 0.0826972 0.0742380 0.1852173 0.0924945 0.0729588 0.1261617 0.1422288 0.2778695 0.0639893 0.0742031 0.0377714 0.0373701 0.0444553 0.0343435 0.1086467 0.0395876 0.1400712 0.0813107 0.0763293 0.0000000 0.0311686 0.0575221 0.0486705 0.0381220 0.0487694 0.1014570 0.1548641 0.0983260 0.1020274 0.0546443 0.1348217 0.0938476 0.0554701 0.0430582 0.0305802 0.0894251 0.0851789 0.1407379 0.1291383 0.0168506 0.0905490 0.0889810 0.0438947 0.0864889 0.1331113 0.0370973 0.0388775 0.0646788 0.0850875 0.0471036 0.0453027 0.0179273 0.0970273 0.0448527 0.0953996 0.0881957 0.0820244 0.0728032 0.0403868 0.0841102 0.0498981 0.0431245 0.1483369 0.0995239 0.0896803 0.0926243 0.1340079 0.0528068 0.0436412 0.0394882 0.0486705 0.1187740 0.0394460 0.0479742 0.0421644 0.0336831 0.0840897 0.0820580 0.0645463 0.0336849 0.1304350 0.0758316 
Perityle_cfvillosa_25_tin                  0.0316292 0.0526345 0.0511779 0.1324833 0.0612777 0.0368789 0.1047982 0.0984680 0.2260388 0.0336054 0.0511976 0.0177276 0.0092706 0.0266765 0.0201640 0.0705543 0.0164971 0.0991616 0.0563771 0.0267054 0.0311686 0.0000000 0.0153800 0.0195100 0.0306621 0.0214000 0.0731750 0.0950149 0.0637542 0.0670019 0.0505722 0.1099332 0.0608964 0.0280710 0.0252459 0.0235039 0.0653283 0.0299726 0.0848992 0.1011337 0.0208243 0.0331152 0.0629389 0.0213238 0.0640108 0.0879873 0.0173821 0.0153688 0.0187991 0.0561885 0.0093789 0.0196715 0.0263951 0.0646237 0.0136757 0.0662524 0.0595922 0.0565210 0.0052838 0.0006919 0.0523918 0.0340957 0.0358939 0.1144363 0.0345433 0.0626048 0.0598531 0.1384475 0.0381801 0.0201501 0.0156599 0.0195100 0.0980255 0.0135819 0.0259467 0.0210727 0.0099894 0.0666022 0.0604601 0.0300119 0.0224026 0.1012319 0.0052985 
Perityle_cinerea_113_Powell1310            0.0405555 0.0692727 0.0794044 0.1188529 0.0544762 0.0362420 0.0842911 0.0889307 0.0824957 0.0262083 0.0523527 0.0322481 0.0397367 0.0506063 0.0324145 0.0589994 0.0354298 0.0486555 0.0492350 0.0070761 0.0575221 0.0153800 0.0000000 0.0404273 0.0443976 0.0155507 0.0734435 0.0642220 0.0717164 0.0521774 0.0471019 0.0867427 0.0601644 0.0176752 0.0482149 0.0265495 0.0486838 0.0088495 0.0572469 0.0671518 0.0465228 0.0139050 0.0462916 0.0320620 0.0392285 0.0529420 0.0053931 0.0252548 0.0423864 0.0411436 0.0214347 0.0351143 0.0484292 0.0700885 0.0426590 0.0853623 0.0536233 0.0535630 0.0156514 0.0152581 0.0353988 0.0290850 0.0388708 0.0576248 0.0137795 0.0610678 0.0613440 0.0693227 0.0349533 0.0310131 0.0371396 0.0404273 0.0648823 0.0305551 0.0426189 0.0369615 0.0411723 0.0580649 0.0522151 0.0379920 0.0313239 0.0573513 0.0173059 
Perityle_coahuilensis_24                   0.0613248 0.0751322 0.0758706 0.1837909 0.0973433 0.0632652 0.1233370 0.1467919 0.2603113 0.0704398 0.0881603 0.0390087 0.0039566 0.0861137 0.0175067 0.1132574 0.1157143 0.1737421 0.0761485 0.0751509 0.0486705 0.0195100 0.0404273 0.0000000 0.0397702 0.0097438 0.1300172 0.1685402 0.1373445 0.0982032 0.0577259 0.1393883 0.1071124 0.0528995 0.0619025 0.0370201 0.0997509 0.0866246 0.1325475 0.1365726 0.0190297 0.0898467 0.1197493 0.0108296 0.0990630 0.1369289 0.0483744 0.0117840 0.0277515 0.0840264 0.0268009 0.0155662 0.0433312 0.1238420 0.0107656 0.0992684 0.0792454 0.0723557 0.0751458 0.0358376 0.0896041 0.0479755 0.0461055 0.1492061 0.1155229 0.1070907 0.1417375 0.1236676 0.0866742 0.0254181 0.0268405 0.0007295 0.1193061 0.0329615 0.0259729 0.0245226 0.0253034 0.0849853 0.0835918 0.1263587 0.0213207 0.1211824 0.0763705 
Perityle_cochisensis_44_cave_creek         0.0710227 0.0819757 0.0873633 0.1857098 0.0995261 0.0579297 0.1235308 0.1331416 0.2628298 0.0720331 0.0723952 0.0351736 0.0333526 0.0673296 0.0302889 0.1038447 0.1146062 0.1573817 0.0883761 0.0810688 0.0381220 0.0306621 0.0443976 0.0397702 0.0000000 0.0480348 0.1006137 0.1561265 0.1034688 0.1031581 0.0594367 0.1453869 0.0992409 0.0631388 0.0331104 0.0355410 0.0962355 0.0897123 0.1327964 0.1400682 0.0284714 0.0951241 0.0939098 0.0371391 0.0927649 0.1298472 0.0300160 0.0329150 0.0408505 0.0834365 0.0413641 0.0362203 0.0342666 0.0957057 0.0393440 0.0934573 0.0856413 0.0798862 0.0743746 0.0385947 0.0915142 0.0510418 0.0603427 0.1378345 0.0997190 0.0958435 0.1004501 0.1066168 0.0623537 0.0647230 0.0342294 0.0402320 0.1222303 0.0411612 0.0495419 0.0396673 0.0527131 0.0822606 0.0805569 0.1102228 0.0358119 0.1340433 0.0749325 
Perityle_congesta_202                      0.0326723 0.0439462 0.0446267 0.1343347 0.0638165 0.0260141 0.1043000 0.0940405 0.1972532 0.0333248 0.0646998 0.0244560 0.0036817 0.0387329 0.0202252 0.0755581 0.0347981 0.1143501 0.0482804 0.0270696 0.0487694 0.0214000 0.0155507 0.0097438 0.0480348 0.0000000 0.0838913 0.0822411 0.0738663 0.0565198 0.0407972 0.0810605 0.0726562 0.0412773 0.0538692 0.0310966 0.0896533 0.0352494 0.0755537 0.1269331 0.0180415 0.0417952 0.0929347 0.0111065 0.0874687 0.0685356 0.0386812 0.0053085 0.0097233 0.0662323 0.0279904 0.0070777 0.0470546 0.0832573 0.0068559 0.0759955 0.0553699 0.0403132 0.0430571 0.0186382 0.0784361 0.0303874 0.0406384 0.0950446 0.0422996 0.0594289 0.0790835 0.7484673 0.0510621 0.0173444 0.0271712 0.0097438 0.0615717 0.0253946 0.0087675 0.0150787 0.0057175 0.0746005 0.0544941 0.0430403 0.0195207 0.1146839 0.0412885 
Perityle_cordifolia_27                     0.0708631 0.0791803 0.1011932 0.2000733 0.0989136 0.0600216 0.1460995 0.1223247 0.2649800 0.0713901 0.1158049 0.1042687 0.1022734 0.1125380 0.0897477 0.0791742 0.2041889 0.1273269 0.0749779 0.0912795 0.1014570 0.0731750 0.0734435 0.1300172 0.1006137 0.0838913 0.0000000 0.1513548 0.1209559 0.0980956 0.0573050 0.1374490 0.1103401 0.0639990 0.1316962 0.0459697 0.1289078 0.0983354 0.1679092 0.1178112 0.0806675 0.1039689 0.1473559 0.0911449 0.1210549 0.1717307 0.0950888 0.1078544 0.1392175 0.1150249 0.0814822 0.1236017 0.0993189 0.0077866 0.1047370 0.1107710 0.0429930 0.0661734 0.0978937 0.1174937 0.1014061 0.0389266 0.0763867 0.0725843 0.1386790 0.0902044 0.0103304 0.1533030 0.1073231 0.0861606 0.1014168 0.1386097 0.1110032 0.0936215 0.1245405 0.1230253 0.0995356 0.1037751 0.1137089 0.1625538 0.0636892 0.0862626 0.1305136 
Perityle_cordifolia_68_tecolote            0.1257670 0.0804453 0.1047384 0.2566778 0.1596978 0.0693693 0.1592301 0.1531769 0.2618369 0.1359432 0.1717316 0.1461295 0.1457482 0.1476941 0.0965411 0.0986407 0.2405361 0.1529597 0.0969381 0.1142777 0.1548641 0.0950149 0.0642220 0.1685402 0.1561265 0.0822411 0.1513548 0.0000000 0.1816423 0.1263907 0.0521474 0.1316966 0.1276529 0.0662775 0.1840386 0.0437307 0.1809029 0.1560069 0.1861569 0.1479614 0.0909240 0.1408993 0.1949570 0.1295127 0.1742988 0.2071920 0.1570067 0.1796099 0.1858061 0.1585686 0.1107464 0.1611172 0.1486673 0.1470810 0.1305093 0.1035972 0.0148899 0.0861787 0.1090122 0.1101887 0.1033219 0.0304998 0.0733985 0.1103917 0.1929509 0.1340914 0.1465580 0.2444946 0.0992798 0.0680180 0.1538446 0.1722252 0.1107109 0.1408077 0.1400640 0.1541074 0.0940268 0.1503241 0.1406234 0.2558640 0.0579024 0.0980918 0.1225827 
Perityle_coronopifolia_28_patagonia        0.0674831 0.0746013 0.0902147 0.1955166 0.1170344 0.0801065 0.1364357 0.1524328 0.2722816 0.0962186 0.1344950 0.1123895 0.0969483 0.1279969 0.0835427 0.1227382 0.1814241 0.1460890 0.0615071 0.0928689 0.0983260 0.0637542 0.0717164 0.1373445 0.1034688 0.0738663 0.1209559 0.1816423 0.0000000 0.0992248 0.0572996 0.1340053 0.1013291 0.0661811 0.1368214 0.0285495 0.1276219 0.1059654 0.1784168 0.1168393 0.0998554 0.1127130 0.1352039 0.0910043 0.1188120 0.1838306 0.1158044 0.1129347 0.1478716 0.1103558 0.0818372 0.1347461 0.1079811 0.1155568 0.1061022 0.0964313 0.0539283 0.0623959 0.1198258 0.1038654 0.0872721 0.0360986 0.0619411 0.1169159 0.1615799 0.0306742 0.1255168 0.1645638 0.1035716 0.0726947 0.0995089 0.1404232 0.1106056 0.1060558 0.1204160 0.1227626 0.0855349 0.1012618 0.1258798 0.1757343 0.0522346 0.0452843 0.1436811 
Perityle_crassifolia_70_ventanas           0.0755007 0.0792523 0.0957655 0.1689701 0.0896975 0.0610284 0.1312982 0.1145945 0.2616724 0.0320333 0.1032952 0.0880471 0.1015219 0.0971048 0.0879575 0.0954220 0.1121032 0.0829507 0.0851274 0.0930006 0.1020274 0.0670019 0.0521774 0.0982032 0.1031581 0.0565198 0.0980956 0.1263907 0.0992248 0.0000000 0.0082140 0.1196896 0.0867981 0.0237002 0.1057975 0.0296127 0.1120583 0.1037741 0.1149101 0.1170651 0.0671850 0.1108861 0.1075132 0.0858647 0.1085723 0.1228687 0.0795895 0.0815146 0.0999927 0.1046622 0.0734610 0.0921058 0.0944467 0.0924767 0.0967841 0.0935266 0.0681452 0.0867940 0.0801610 0.0675096 0.0856246 0.0378523 0.0604739 0.0893482 0.1106236 0.0982356 0.0862446 0.1353657 0.0711288 0.0451863 0.0989220 0.0982032 0.0616601 0.0894924 0.1044465 0.0983750 0.0832627 0.1066538 0.1047958 0.0855226 0.0586169 0.1012052 0.0823309 
Perityle_crassifolia_74_playa_balandra     0.0434598 0.0651604 0.0958648 0.1324758 0.0606518 0.0594485 0.0928649 0.1009264 0.1039442 0.0103668 0.0654321 0.0516393 0.0478856 0.0533755 0.0524743 0.0452096 0.0545735 0.0491673 0.0443352 0.0540449 0.0546443 0.0505722 0.0471019 0.0577259 0.0594367 0.0407972 0.0573050 0.0521474 0.0572996 0.0082140 0.0000000 0.0845764 0.0568094 0.0084940 0.0612738 0.0150447 0.0674550 0.0592017 0.0575319 0.0667997 0.0323135 0.0617728 0.0650311 0.0515999 0.0581386 0.0679420 0.0470868 0.0582258 0.0595540 0.0602592 0.0482585 0.0509564 0.0528893 0.0523451 0.0596189 0.0826787 0.0452537 0.0469678 0.0599635 0.0451585 0.0463873 0.0350550 0.0510076 0.0545881 0.0638588 0.0539923 0.0491780 0.0686461 0.0440098 0.0453248 0.0524267 0.0577259 0.0114526 0.0553286 0.0613843 0.0542253 0.0505584 0.0582397 0.0561781 0.0498719 0.0378617 0.0433268 0.0600982 
Perityle_cuneata_34_cuneata_San_antonio    0.1227297 0.1364675 0.1256250 0.1508056 0.1349815 0.0783935 0.1381550 0.1191888 0.2229833 0.1235966 0.1416113 0.1281615 0.1610024 0.1289847 0.1349779 0.1276195 0.2231861 0.0810355 0.1168235 0.1095447 0.1348217 0.1099332 0.0867427 0.1393883 0.1453869 0.0810605 0.1374490 0.1316966 0.1340053 0.1196896 0.0845764 0.0000000 0.1291792 0.0725827 0.1433936 0.0634111 0.1423746 0.1193760 0.1591052 0.1086982 0.1005075 0.1287856 0.1412390 0.1320237 0.1383609 0.1438817 0.1200499 0.0959830 0.1451639 0.1353079 0.1190513 0.1336299 0.1344187 0.1296086 0.1362668 0.1143340 0.1075820 0.1109522 0.1064841 0.1203554 0.1243814 0.0523068 0.0867913 0.0910808 0.1213293 0.1290854 0.1235213 0.1998149 0.0948314 0.0703109 0.1399803 0.1393883 0.1397654 0.1215087 0.1398539 0.1391900 0.1327581 0.1442969 0.1364386 0.1907428 0.0836790 0.1389817 0.1043544 
Perityle_cuneata_4                         0.0671486 0.0604794 0.0985172 0.1697245 0.0828756 0.0889412 0.1392928 0.1094364 0.2432036 0.0604224 0.1233841 0.0902230 0.0972104 0.0942459 0.0974612 0.0955988 0.1006241 0.1018477 0.0688504 0.0855655 0.0938476 0.0608964 0.0601644 0.1071124 0.0992409 0.0726562 0.1103401 0.1276529 0.1013291 0.0867981 0.0568094 0.1291792 0.0000000 0.0731351 0.1497633 0.0450899 0.1204555 0.0903711 0.1263038 0.1158508 0.0829645 0.0969260 0.1528679 0.0893263 0.1186691 0.1422119 0.0821659 0.0824453 0.1077348 0.1136116 0.0801090 0.1005415 0.0918667 0.1091304 0.0944687 0.0988358 0.0635796 0.0732020 0.0931312 0.0756311 0.0892723 0.0447504 0.0564624 0.0985890 0.1336720 0.0854525 0.1103166 0.2002959 0.0956429 0.0549180 0.0891612 0.1070138 0.1270457 0.0852712 0.1097419 0.0994270 0.0770618 0.1085505 0.1121494 0.0968077 0.0544748 0.0807051 0.1036330 
Perityle_discoidea_81                      0.0083753 0.0406756 0.0623024 0.1204331 0.0675237 0.0295971 0.0936339 0.1084526 0.1709854 0.0092228 0.0602868 0.0387249 0.0464784 0.0492796 0.0448265 0.0655185 0.0927437 0.0957686 0.0493439 0.0300267 0.0554701 0.0280710 0.0176752 0.0528995 0.0631388 0.0412773 0.0639990 0.0662775 0.0661811 0.0237002 0.0084940 0.0725827 0.0731351 0.0000000 0.0534388 0.0174125 0.0798948 0.0457177 0.0654189 0.0956022 0.0438542 0.0597912 0.0835102 0.0493380 0.0771799 0.0641854 0.0465887 0.0290325 0.0577022 0.0578035 0.0424677 0.0547173 0.0559456 0.0641715 0.0537407 0.0640090 0.0360566 0.0400136 0.0519015 0.0360292 0.0781816 0.0180272 0.0275553 0.0759690 0.0647408 0.0628459 0.0611314 0.1313174 0.0364991 0.0181737 0.0534233 0.0528995 0.0188265 0.0431888 0.0568380 0.0538895 0.0358783 0.0683762 0.0638302 0.0971010 0.0262390 0.0723173 0.0526851 
Perityle_dissecta_201                      0.0660621 0.0786845 0.0794625 0.1883814 0.1005239 0.0561536 0.1230343 0.1439079 0.2663591 0.0756626 0.0999689 0.0558730 0.0236048 0.0728170 0.0279410 0.1362875 0.1351757 0.1740345 0.0836713 0.0772853 0.0430582 0.0252459 0.0482149 0.0619025 0.0331104 0.0538692 0.1316962 0.1840386 0.1368214 0.1057975 0.0612738 0.1433936 0.1497633 0.0534388 0.0000000 0.0291827 0.0994274 0.0860349 0.1618773 0.1401733 0.0311356 0.0896984 0.1231958 0.0333069 0.0952580 0.1533168 0.0627774 0.0736592 0.0833246 0.0907885 0.0416127 0.0593704 0.0397324 0.1279793 0.0310031 0.1086498 0.0819152 0.0781873 0.0818248 0.0767012 0.0802003 0.0481158 0.0540567 0.1527269 0.1254378 0.1110146 0.1294679 0.1125549 0.1168900 0.0378129 0.0353432 0.0623000 0.1236467 0.0562839 0.0782892 0.0609995 0.0419818 0.0851960 0.1071533 0.1526125 0.0269438 0.1282635 0.1022987 
Perityle_emoryi_47_punta_san_jose          0.0186362 0.0259818 0.0255537 0.1130050 0.0330027 0.0192472 0.0834711 0.0401742 0.1683484 0.0100974 0.0441901 0.0174327 0.0181369 0.0212566 0.0263005 0.0521252 0.0231819 0.0782600 0.0281645 0.0189076 0.0305802 0.0235039 0.0265495 0.0370201 0.0355410 0.0310966 0.0459697 0.0437307 0.0285495 0.0296127 0.0150447 0.0634111 0.0450899 0.0174125 0.0291827 0.0000000 0.0677451 0.0295316 0.0459409 0.1024955 0.0228571 0.0334805 0.0615469 0.0363237 0.0630614 0.0401618 0.0275928 0.0439186 0.0392015 0.0601840 0.0293565 0.0360420 0.0263990 0.0427537 0.0309609 0.0485040 0.0262410 0.0219542 0.0294637 0.0163089 0.0461282 0.0147511 0.0245325 0.0322638 0.0423525 0.0232852 0.0405165 0.7140016 0.0262331 0.0186312 0.0217661 0.0370201 0.0128784 0.0335518 0.0403552 0.0221896 0.0185745 0.0532271 0.0282778 0.0329372 0.0133690 0.0747150 0.0295743 
Perityle_feddemae_99                       0.0822114 0.0891937 0.1091851 0.1973579 0.0899258 0.0661535 0.1311010 0.1071136 0.2699010 0.0927166 0.0987645 0.0871206 0.0843480 0.1113516 0.0779424 0.1359630 0.1675555 0.1649117 0.0932636 0.0843513 0.0894251 0.0653283 0.0486838 0.0997509 0.0962355 0.0896533 0.1289078 0.1809029 0.1276219 0.1120583 0.0674550 0.1423746 0.1204555 0.0798948 0.0994274 0.0677451 0.0000000 0.1030213 0.1489276 0.1457339 0.0855981 0.1064783 0.0325264 0.0776007 0.0367993 0.1596493 0.1004255 0.0873845 0.1003370 0.0412419 0.0727051 0.0941219 0.0880684 0.1225345 0.0830477 0.1274926 0.0939818 0.0931096 0.1087509 0.0814277 0.1029765 0.0574127 0.0707834 0.1352701 0.1180434 0.1216580 0.1269774 0.1168750 0.1058078 0.0439937 0.0980260 0.1002652 0.1229523 0.0847632 0.0938242 0.0879386 0.0661523 0.0987970 0.1056064 0.1704878 0.0708258 0.1237613 0.1072124 
Perityle_fosteri_93                        0.0718090 0.0725276 0.0746376 0.1987420 0.0938529 0.0638660 0.1329614 0.0894166 0.2569109 0.0738512 0.0913454 0.0755762 0.0827148 0.1049759 0.0614424 0.0984915 0.1328476 0.1098172 0.0763090 0.0045316 0.0851789 0.0299726 0.0088495 0.0866246 0.0897123 0.0352494 0.0983354 0.1560069 0.1059654 0.1037741 0.0592017 0.1193760 0.0903711 0.0457177 0.0860349 0.0295316 0.1030213 0.0000000 0.1448554 0.1292723 0.0524334 0.0190736 0.1041008 0.0755284 0.1015228 0.1360421 0.0474885 0.0758396 0.0880048 0.0969105 0.0579308 0.0811694 0.0829409 0.0934964 0.0834183 0.0877217 0.0760963 0.0815994 0.0123208 0.0390839 0.0794591 0.0388636 0.0419063 0.0968409 0.0201774 0.1005331 0.0994115 0.1443721 0.0494640 0.0203546 0.0802848 0.0865619 0.1135167 0.0564523 0.0861387 0.0798963 0.0579924 0.0980123 0.0987674 0.1229127 0.0376413 0.1116345 0.0129211 
Perityle_gamon_221                         0.1224035 0.0746641 0.1093715 0.2306855 0.1389922 0.0796152 0.1551989 0.1211477 0.2764676 0.1171751 0.1419436 0.1217820 0.1212071 0.1331709 0.0887559 0.1491397 0.2176797 0.1494971 0.0908551 0.1095660 0.1407379 0.0848992 0.0572469 0.1325475 0.1327964 0.0755537 0.1679092 0.1861569 0.1784168 0.1149101 0.0575319 0.1591052 0.1263038 0.0654189 0.1618773 0.0459409 0.1489276 0.1448554 0.0000000 0.1493248 0.0725040 0.1469810 0.1680962 0.1123869 0.1438749 0.1224400 0.1315989 0.1448797 0.1439150 0.1418760 0.0980375 0.1255601 0.1249682 0.1661985 0.1107343 0.1086309 0.0775034 0.1033917 0.0957413 0.0924509 0.0931167 0.0317995 0.0720223 0.1098208 0.1591898 0.1528542 0.1626569 0.1940850 0.1050885 0.0708703 0.1341720 0.1325475 0.1346850 0.1242607 0.1239746 0.1228865 0.0854684 0.1400854 0.1261897 0.2211140 0.0602912 0.1078445 0.0981148 
Perityle_gentryi_8_san_francisco           0.1014842 0.1189539 0.1548462 0.1674764 0.1354682 0.0882223 0.1456671 0.1198495 0.2443937 0.1035013 0.1333419 0.1176017 0.1456892 0.1337524 0.1349418 0.1102195 0.1960080 0.0810365 0.1059955 0.1230650 0.1291383 0.1011337 0.0671518 0.1365726 0.1400682 0.1269331 0.1178112 0.1479614 0.1168393 0.1170651 0.0667997 0.1086982 0.1158508 0.0956022 0.1401733 0.1024955 0.1457339 0.1292723 0.1493248 0.0000000 0.1288225 0.1409176 0.1456659 0.1254155 0.1428338 0.1541757 0.1133316 0.0826889 0.1394517 0.1358697 0.1104083 0.1311533 0.1282669 0.1194503 0.1375533 0.1483989 0.0946562 0.1064776 0.1271617 0.1060934 0.1321688 0.0445685 0.1312577 0.1092887 0.1372594 0.1169379 0.1139456 0.1233174 0.1249783 0.1180410 0.1351427 0.1364484 0.1489210 0.1188411 0.1422532 0.1363950 0.1292763 0.1334378 0.1315653 0.1712710 0.1239743 0.1122580 0.1277971 
Perityle_gilensis_22_Superstition          0.0442631 0.0503364 0.0618722 0.1200515 0.0768518 0.0457301 0.0951342 0.1162548 0.1749048 0.0517001 0.0588852 0.0222485 0.0256783 0.0080923 0.0171206 0.0919178 0.1117868 0.1691242 0.0624525 0.0462756 0.0168506 0.0208243 0.0465228 0.0190297 0.0284714 0.0180415 0.0806675 0.0909240 0.0998554 0.0671850 0.0323135 0.1005075 0.0829645 0.0438542 0.0311356 0.0228571 0.0855981 0.0524334 0.0725040 0.1288225 0.0000000 0.0620771 0.0864154 0.0215942 0.0830687 0.0743622 0.0530836 0.0091215 0.0460423 0.0707746 0.0300584 0.0208427 0.0106236 0.0802056 0.0225604 0.0759162 0.0635232 0.0584305 0.0581561 0.0325298 0.0795262 0.0261954 0.0345416 0.1004481 0.0693570 0.0820494 0.0782294 0.1402641 0.0407789 0.0323961 0.0342811 0.0190297 0.0668952 0.0234410 0.0191219 0.0218119 0.0518181 0.0711553 0.0570794 0.1474079 0.0198881 0.1165449 0.0596862 
Perityle_gilensis_salensis_225             0.0789700 0.0841304 0.0822151 0.1896862 0.1081897 0.0690500 0.1392140 0.1358776 0.2646084 0.0871264 0.0933787 0.0765238 0.0874947 0.1048212 0.0691215 0.1008268 0.1416928 0.1344844 0.0849838 0.0140901 0.0905490 0.0331152 0.0139050 0.0898467 0.0951241 0.0417952 0.1039689 0.1408993 0.1127130 0.1108861 0.0617728 0.1287856 0.0969260 0.0597912 0.0896984 0.0334805 0.1064783 0.0190736 0.1469810 0.1409176 0.0620771 0.0000000 0.1111850 0.0847438 0.1098301 0.1344886 0.0530829 0.0745810 0.0925699 0.1062126 0.0583839 0.0856152 0.0901484 0.0987338 0.0894620 0.0887952 0.0847811 0.0882916 0.0192103 0.0402868 0.0938972 0.0452869 0.0556650 0.1394763 0.0235372 0.1091469 0.0960220 0.1631225 0.0555710 0.0345981 0.0848716 0.0897837 0.1254070 0.0616730 0.0934578 0.0885518 0.0655009 0.1053533 0.1004499 0.1489587 0.0458465 0.1216777 0.0192264 
Perityle_glaucescens_94                    0.0850415 0.0828007 0.1053100 0.1835022 0.0898494 0.0651112 0.1262770 0.1044032 0.2609620 0.0947365 0.1114549 0.1027872 0.0862821 0.1198190 0.0789758 0.1552365 0.1808050 0.1624762 0.0920418 0.0912796 0.0889810 0.0629389 0.0462916 0.1197493 0.0939098 0.0929347 0.1473559 0.1949570 0.1352039 0.1075132 0.0650311 0.1412390 0.1528679 0.0835102 0.1231958 0.0615469 0.0325264 0.1041008 0.1680962 0.1456659 0.0864154 0.1111850 0.0000000 0.0780159 0.0128296 0.1815053 0.1124557 0.1168854 0.1214908 0.0179332 0.0748994 0.1136353 0.0901919 0.1425451 0.0810175 0.1246345 0.0953860 0.0918548 0.1162046 0.1086828 0.0976393 0.0512612 0.0626618 0.1294281 0.1409241 0.1256794 0.1465402 0.1311456 0.1293608 0.0317821 0.0971231 0.1202563 0.1230506 0.1023401 0.1182656 0.1121855 0.0586169 0.1017018 0.1343760 0.1685738 0.0650343 0.1199783 0.1264722 
Perityle_gracilis_11                       0.0530664 0.0672408 0.0746497 0.1507470 0.0848678 0.0526144 0.1112068 0.1171184 0.2474841 0.0590270 0.0654425 0.0222242 0.0056963 0.0520172 0.0167833 0.0966675 0.0911883 0.1279091 0.0709635 0.0664012 0.0438947 0.0213238 0.0320620 0.0108296 0.0371391 0.0111065 0.0911449 0.1295127 0.0910043 0.0858647 0.0515999 0.1320237 0.0893263 0.0493380 0.0333069 0.0363237 0.0776007 0.0755284 0.1123869 0.1254155 0.0215942 0.0847438 0.0780159 0.0000000 0.0757591 0.1095973 0.0290323 0.0034531 0.0167585 0.0723431 0.0250376 0.0067209 0.0346039 0.0857469 0.0101085 0.0921624 0.0704218 0.0611586 0.0666709 0.0281878 0.0887761 0.0413519 0.0417646 0.1289819 0.0850565 0.0862506 0.0821041 0.1017520 0.0550178 0.0144009 0.0211367 0.0108223 0.1105044 0.0212739 0.0155477 0.0132873 0.0139780 0.0737174 0.0742787 0.0857346 0.0215534 0.1093402 0.0667454 
Perityle_harkerae_31                       0.0824462 0.0774898 0.1025323 0.1863900 0.0885775 0.0572545 0.1186884 0.0918788 0.2565167 0.0917936 0.0962335 0.0784648 0.0809860 0.1043081 0.0787302 0.1325847 0.1600022 0.1582248 0.0915465 0.0858959 0.0864889 0.0640108 0.0392285 0.0990630 0.0927649 0.0874687 0.1210549 0.1742988 0.1188120 0.1085723 0.0581386 0.1383609 0.1186691 0.0771799 0.0952580 0.0630614 0.0367993 0.1015228 0.1438749 0.1428338 0.0830687 0.1098301 0.0128296 0.0757591 0.0000000 0.1576428 0.0889144 0.0826710 0.0990596 0.0244895 0.0709062 0.0928343 0.0868079 0.1155700 0.0827633 0.1165879 0.0892171 0.0929996 0.1034266 0.0803194 0.0945929 0.0468101 0.0580244 0.1214974 0.1132786 0.1129306 0.1121483 0.1269551 0.0904336 0.0289684 0.0957002 0.0990630 0.1135460 0.0914906 0.0960478 0.0880151 0.0506483 0.1003709 0.1081995 0.1535620 0.0610189 0.1229712 0.1015734 
