80
Amauria_brandeegeana_62                    0.0000000 0.0864206 0.0777444 0.2911554 0.2185050 0.2906898 0.1490947 0.2510637 0.2340191 0.2579402 0.1239947 0.1240809 0.1689628 0.0956707 0.0910710 0.2529868 0.2516340 0.1545555 0.1425407 0.1673754 0.1188270 0.1929424 0.2459234 0.1801270 0.3547600 0.1283441 0.1180329 0.1166563 0.1608012 0.1924230 0.3595822 0.2383278 0.2010442 0.3057470 0.1071882 0.2452646 0.1260352 0.1695426 0.3303587 0.3285287 0.0820011 0.1870037 0.2962695 0.2016933 0.3037013 0.1731988 0.2787861 0.1733372 0.1518440 0.1659890 0.3169150 0.2853648 0.1998645 0.1259150 0.1453527 0.0931522 0.0760172 0.2353473 0.2081833 0.1426923 0.2115336 0.2869232 0.2395536 0.2028557 0.2455405 0.2197454 0.2076754 0.2216271 0.1077654 0.2576347 0.2501761 0.1565336 0.1486100 0.2623507 0.3198262 0.0787808 0.1997207 0.1530950 0.2248223 0.1960723 
Amauria_carterae_99_mesa                   0.0864206 0.0000000 0.0552125 0.1209171 0.1410131 0.1243279 0.0941186 0.1272217 0.1789417 0.1552829 0.1482764 0.1403983 0.1047698 0.0985402 0.0961605 0.1645107 0.1612913 0.1408957 0.1626280 0.1119797 0.1410974 0.1517046 0.1183575 0.1297593 0.1748663 0.1449680 0.1091398 0.0857284 0.1400685 0.1331231 0.1769751 0.1355950 0.1103988 0.1784936 0.1171809 0.1396913 0.1372256 0.1443530 0.1772269 0.1784718 0.0819854 0.1658867 0.1424087 0.1393029 0.1578772 0.1409763 0.1809865 0.1762165 0.1330433 0.1287618 0.1799140 0.1369301 0.0865795 0.0984795 0.1203886 0.1239276 0.0864465 0.1319010 0.1265732 0.1127897 0.1415750 0.1729434 0.1429151 0.1392637 0.1447095 0.1150147 0.2016673 0.1568949 0.1209291 0.1186628 0.0971777 0.1291180 0.0643830 0.1581257 0.1739136 0.1213458 0.1483077 0.1238325 0.1290502 0.1345829 
Amauria_rotundifolia_SRR9119150            0.0777444 0.0552125 0.0000000 0.2728866 0.1773347 0.2454380 0.1267928 0.1553588 0.2178974 0.1313891 0.0817684 0.0806957 0.1410238 0.0783269 0.0778562 0.1052315 0.1011614 0.1215187 0.1235227 0.0744095 0.1034789 0.0909728 0.2290885 0.0695606 0.2088982 0.0871491 0.0917405 0.0853198 0.1644115 0.0751203 0.2664726 0.0878857 0.1725207 0.2176996 0.0709612 0.2284539 0.0896472 0.0774815 0.2600358 0.2209599 0.0667535 0.1440091 0.1974197 0.0761085 0.2603204 0.0768832 0.2191154 0.1139606 0.0850343 0.0713796 0.2187864 0.0735368 0.1710752 0.0892977 0.1110091 0.0775672 0.0668853 0.2281360 0.1614487 0.1076509 0.0811569 0.2420566 0.2029874 0.1670742 0.0813404 0.2034314 0.1235833 0.0946198 0.0816183 0.0702381 0.2568076 0.0742524 0.1388710 0.2051890 0.1966730 0.0771140 0.0781192 0.1096524 0.0723388 0.0850901 
Conoclinium_coelestinum_SRR9119114         0.2911554 0.1209171 0.2728866 0.0000000 0.2541696 0.2175399 0.1921393 0.3504304 0.2744712 0.2759021 0.2923724 0.2889183 0.3019134 0.3020789 0.3003266 0.2866909 0.3152472 0.2790933 0.3358373 0.3354406 0.1492568 0.2852913 0.3398427 0.2987242 0.2486780 0.3090484 0.3150278 0.1764154 0.3537219 0.2563556 0.3377275 0.3393947 0.2277546 0.2554450 0.3196804 0.3144725 0.3363924 0.2562411 0.4071501 0.2620001 0.3162741 0.2509016 0.2710071 0.3298403 0.3723689 0.3085576 0.2470497 0.3246870 0.2802687 0.3102885 0.2543457 0.3078622 0.2549567 0.2407269 0.2108858 0.3140416 0.2751548 0.2185700 0.2616798 0.1465342 0.3138234 0.3416871 0.2496411 0.2910957 0.2323923 0.2399623 0.3310098 0.2874399 0.3233378 0.3294454 0.3958537 0.3053019 0.2109104 0.2692462 0.2895251 0.3080116 0.3171465 0.1373449 0.3156029 0.2450985 
Eutetras_palmeri_63                        0.2185050 0.1410131 0.1773347 0.2541696 0.0000000 0.2303967 0.1633365 0.2934139 0.2600862 0.0533550 0.1633024 0.1646137 0.1525320 0.1428797 0.1714897 0.1611555 0.1510037 0.0545805 0.1819205 0.1724548 0.1265969 0.2068356 0.3182578 0.1617855 0.1216701 0.2301582 0.1669085 0.1396838 0.2187240 0.1351153 0.3240439 0.1919570 0.1118629 0.0723121 0.1552251 0.1387929 0.1894388 0.1472917 0.2676089 0.0639350 0.1495489 0.0501195 0.0514918 0.1768544 0.2792490 0.1892736 0.0643377 0.1860658 0.1545450 0.1614271 0.1404779 0.1686184 0.0567474 0.1601597 0.1020732 0.1502218 0.1300710 0.0745889 0.0427926 0.1108928 0.2086630 0.1567503 0.1356021 0.1132767 0.1162447 0.2724989 0.1939482 0.1929521 0.1603902 0.1695669 0.3164451 0.1664233 0.1716664 0.0656486 0.0711554 0.2127496 0.1748001 0.0367018 0.1656366 0.1303604 
Eutrochium_fistulosum_SRR9119106           0.2906898 0.1243279 0.2454380 0.2175399 0.2303967 0.0000000 0.2120552 0.3224228 0.2180794 0.2300334 0.2423130 0.2516666 0.1911395 0.2281102 0.2056142 0.2608171 0.2628960 0.2247499 0.2384401 0.2708599 0.1058166 0.2910275 0.2811596 0.2550119 0.2330650 0.3148315 0.2382207 0.1275537 0.2767081 0.2152266 0.2634446 0.2700644 0.1997152 0.2508528 0.2567979 0.2714858 0.2638348 0.2293178 0.2988625 0.2493380 0.2096341 0.2302294 0.2605984 0.2742269 0.3207996 0.2846391 0.2489915 0.2912888 0.2212069 0.2539581 0.2400225 0.2604711 0.2226611 0.2099526 0.1179838 0.2373848 0.1827686 0.2161072 0.2383951 0.1033559 0.2845720 0.2798501 0.2328793 0.2369064 0.2253036 0.2418142 0.2978568 0.2867238 0.2486407 0.2696565 0.2576619 0.2636428 0.1402960 0.2357305 0.2705748 0.2779234 0.2715291 0.1480237 0.2691162 0.2241609 
Galeana_pratensis_104_mex                  0.1490947 0.0941186 0.1267928 0.1921393 0.1633365 0.2120552 0.0000000 0.1791390 0.1208456 0.1567330 0.1147407 0.1231097 0.2213078 0.1182621 0.1359306 0.1216308 0.1501368 0.1671949 0.1477859 0.1335119 0.0977315 0.1182489 0.1221216 0.1256131 0.1883981 0.1370009 0.1491474 0.1063291 0.1796251 0.0923049 0.1215054 0.1445264 0.1701094 0.1691766 0.1420996 0.1562538 0.1355504 0.0886015 0.1414035 0.1670837 0.1379454 0.1464144 0.1553601 0.1465581 0.1411587 0.1458435 0.1670410 0.1475386 0.1213835 0.1208828 0.2065397 0.1257991 0.1867542 0.1309183 0.1666514 0.1329455 0.1080440 0.1843014 0.1608458 0.1553623 0.1438387 0.1889224 0.2012472 0.1695625 0.1279388 0.1084489 0.1464713 0.1223714 0.1424887 0.1349409 0.1501070 0.1203915 0.0725932 0.1688628 0.1657720 0.1349613 0.1277080 0.1219086 0.1257307 0.1143073 
Helianthus_annuus_SRR9119062               0.2510637 0.1272217 0.1553588 0.3504304 0.2934139 0.3224228 0.1791390 0.0000000 0.2844948 0.2349640 0.1821768 0.2047179 0.1649711 0.1508371 0.1963100 0.2298534 0.2246998 0.2096908 0.2038339 0.2159924 0.1359052 0.1800991 0.3662221 0.2105806 0.3350403 0.1917572 0.2156024 0.1861893 0.2514285 0.2106419 0.3451924 0.2319311 0.2393019 0.3455383 0.2022057 0.3667324 0.2227301 0.1883965 0.3476236 0.3416508 0.1718860 0.2537405 0.3183031 0.2214668 0.3880824 0.1967489 0.3596984 0.2258864 0.1982016 0.1989672 0.3421697 0.2225167 0.2495715 0.1894557 0.1520747 0.1969950 0.1593602 0.3092723 0.2532678 0.1138817 0.1917393 0.3473902 0.2891973 0.2848201 0.2533105 0.2982503 0.2283562 0.1936252 0.2431548 0.2121929 0.3398424 0.1958895 0.2078892 0.3238438 0.2852426 0.1677374 0.2526050 0.1787573 0.2007899 0.2241821 
Lycapsus_tenuifolius_17                    0.2340191 0.1789417 0.2178974 0.2744712 0.2600862 0.2180794 0.1208456 0.2844948 0.0000000 0.2804201 0.1996973 0.1872184 0.3168911 0.2702837 0.1717193 0.1785546 0.2057598 0.2903819 0.2074298 0.2318762 0.0779259 0.1676094 0.2659411 0.2082444 0.2893623 0.2282443 0.2132392 0.0955521 0.2107851 0.1554020 0.0035915 0.2284937 0.2075118 0.2871892 0.2260470 0.2946073 0.2550546 0.1645447 0.2501024 0.2712936 0.1629823 0.2698485 0.2968048 0.2094611 0.3659573 0.1850665 0.2684325 0.2272445 0.1863434 0.1962595 0.2869295 0.1979959 0.2274053 0.2268259 0.2250258 0.2089695 0.1461498 0.2033885 0.2608668 0.1794628 0.1793422 0.2853621 0.2824930 0.2828354 0.2021646 0.1712999 0.2225348 0.1836032 0.2069797 0.2241519 0.3086464 0.2139305 0.1035475 0.2896808 0.2979436 0.1816424 0.2076977 0.1251186 0.2028239 0.1595184 
Pericome_caudata_50_silver                 0.2579402 0.1552829 0.1313891 0.2759021 0.0533550 0.2300334 0.1567330 0.2349640 0.2804201 0.0000000 0.2010335 0.1953935 0.1624320 0.1789960 0.2198207 0.2190229 0.1896500 0.0762940 0.2295845 0.2122037 0.1640377 0.2200295 0.3767925 0.2197016 0.1810930 0.2148152 0.2315160 0.2046021 0.2319042 0.1901760 0.3457762 0.2453161 0.1345767 0.1096288 0.1928684 0.0681566 0.2309430 0.1921689 0.3493226 0.0889236 0.1869751 0.0707188 0.0708042 0.2190289 0.3464123 0.2014697 0.1095723 0.2336218 0.1891124 0.1949999 0.1865993 0.2590248 0.0642162 0.2114457 0.1228518 0.1889180 0.1654464 0.0666621 0.0587383 0.1100950 0.2210894 0.0958436 0.1562274 0.0714502 0.1761724 0.3006915 0.2437227 0.2183057 0.2107750 0.2199808 0.3428101 0.1956889 0.1957584 0.0780708 0.0917973 0.1885212 0.2496953 0.0492290 0.2210283 0.1865145 
Perityle_aglossa_84_dead_horse             0.1239947 0.1482764 0.0817684 0.2923724 0.1633024 0.2423130 0.1147407 0.1821768 0.1996973 0.2010335 0.0000000 0.0411534 0.1844585 0.1024763 0.0357176 0.0967707 0.1132056 0.1717947 0.1332166 0.0503435 0.1147631 0.0746076 0.1463087 0.0362903 0.1805734 0.1351759 0.1081063 0.0836348 0.1186971 0.0692279 0.2009379 0.0529237 0.1366317 0.1898151 0.0240709 0.1660871 0.0484056 0.0699571 0.1742417 0.1841751 0.0289751 0.1783941 0.1577769 0.0412700 0.2947122 0.0406140 0.1798630 0.0963171 0.0563636 0.0298216 0.1820492 0.0255929 0.1447916 0.1379996 0.1480745 0.0413129 0.0295277 0.1457235 0.1539391 0.1634980 0.0103263 0.1892723 0.1686437 0.1688496 0.1179804 0.1588143 0.1267553 0.1014622 0.1055720 0.0320721 0.1989540 0.0287195 0.0878155 0.1870459 0.1817283 0.0404553 0.0153956 0.1266497 0.0289673 0.0999267 
Perityle_ajoensis_204                      0.1240809 0.1403983 0.0806957 0.2889183 0.1646137 0.2516666 0.1231097 0.2047179 0.1872184 0.1953935 0.0411534 0.0000000 0.1853973 0.1109773 0.0401254 0.0983127 0.1068876 0.1758755 0.1322456 0.0352549 0.1155591 0.0608237 0.1535809 0.0095940 0.1813092 0.1239999 0.1087447 0.0839704 0.1320157 0.0665536 0.2048250 0.0462170 0.1366729 0.1825745 0.0292982 0.1707143 0.0492532 0.0575979 0.1667433 0.1790625 0.0152407 0.1739427 0.1610528 0.0371741 0.2837343 0.0309117 0.1824905 0.0784224 0.0442752 0.0234753 0.1842403 0.0314997 0.1553003 0.1314591 0.1507523 0.0375820 0.0126317 0.1525585 0.1649082 0.1603468 0.0331996 0.1916957 0.1690831 0.1669649 0.1191744 0.1727427 0.1226008 0.0856399 0.0946220 0.0125748 0.1622449 0.0330166 0.0880865 0.1887148 0.1772768 0.0345657 0.0414770 0.1433972 0.0183552 0.0854039 
Perityle_ambrosiifolia_67_green            0.1689628 0.1047698 0.1410238 0.3019134 0.1525320 0.1911395 0.2213078 0.1649711 0.3168911 0.1624320 0.1844585 0.1853973 0.0000000 0.1580108 0.1784630 0.1899177 0.1361760 0.1659122 0.1824810 0.1516446 0.1106366 0.1849342 0.2898933 0.1614115 0.0449160 0.2135854 0.1751006 0.1283319 0.2239085 0.1715046 0.3095170 0.1623249 0.0597082 0.1991813 0.1585983 0.1640198 0.1739873 0.1863859 0.2334560 0.1897715 0.1543063 0.1821753 0.1682233 0.1609822 0.3165540 0.1880292 0.1858981 0.1757342 0.1796228 0.1476591 0.0435007 0.1901384 0.1614904 0.1767126 0.0464813 0.1655219 0.1813665 0.1614676 0.1439238 0.0121652 0.1895319 0.1775806 0.0432638 0.1650761 0.1848183 0.2434067 0.1740629 0.1996713 0.1850489 0.1411945 0.2430811 0.1875681 0.1650439 0.1718431 0.1832461 0.1908673 0.1715704 0.1425234 0.1430606 0.1956647 
Perityle_angustifolia_13_Eagle_creek       0.0956707 0.0985402 0.0783269 0.3020789 0.1428797 0.2281102 0.1182621 0.1508371 0.2702837 0.1789960 0.1024763 0.1109773 0.1580108 0.0000000 0.1088895 0.0186468 0.0688127 0.1729090 0.0364821 0.0733133 0.0191869 0.0141199 0.2586431 0.0993119 0.1684816 0.1056346 0.1118966 0.0353801 0.1120998 0.0738704 0.2678961 0.1142850 0.1640369 0.1824135 0.1003991 0.1578047 0.1179562 0.0139552 0.0993502 0.1758174 0.0962131 0.1639575 0.1537388 0.0973411 0.2837659 0.1031521 0.1640842 0.0207523 0.0792393 0.0699788 0.1787550 0.1050699 0.1626529 0.1166417 0.1734047 0.0894087 0.0721047 0.1672846 0.1416653 0.1676233 0.1013003 0.1540090 0.1791627 0.1595495 0.1296181 0.1439263 0.0205091 0.0253115 0.1081219 0.0994150 0.2453886 0.1086080 0.1359831 0.1675471 0.1747076 0.1056579 0.1030292 0.1463893 0.0774884 0.1147746 
Perityle_batopilensis_97                   0.0910710 0.0961605 0.0778562 0.3003266 0.1714897 0.2056142 0.1359306 0.1963100 0.1717193 0.2198207 0.0357176 0.0401254 0.1784630 0.1088895 0.0000000 0.1002484 0.1147858 0.1907223 0.1388390 0.0391676 0.1049674 0.0727929 0.1088427 0.0348497 0.1870358 0.1342108 0.0999129 0.0733920 0.1291774 0.0613176 0.1567683 0.0373524 0.1678976 0.1810438 0.0315506 0.1644362 0.0041845 0.0677029 0.1035134 0.1975191 0.0326990 0.1877240 0.1591577 0.0383249 0.2476833 0.0384572 0.1895161 0.0876391 0.0464518 0.0278716 0.1917453 0.0356195 0.1846675 0.1355137 0.1744699 0.0387183 0.0366789 0.1627846 0.1636878 0.1693050 0.0347878 0.1977972 0.1947756 0.1793202 0.1369942 0.1554380 0.1343090 0.1315632 0.0980290 0.0286247 0.1307026 0.0393501 0.0426152 0.1902357 0.1900242 0.0397506 0.0370157 0.1458370 0.0372761 0.0903771 
Perityle_bisetosa_9                        0.2529868 0.1645107 0.1052315 0.2866909 0.1611555 0.2608171 0.1216308 0.2298534 0.1785546 0.2190229 0.0967707 0.0983127 0.1899177 0.0186468 0.1002484 0.0000000 0.0808820 0.1791368 0.0180624 0.0596743 0.0158676 0.0314298 0.1869517 0.1121199 0.2463573 0.1256734 0.1103455 0.0874211 0.1275676 0.0839248 0.2082089 0.0798399 0.1643576 0.2194437 0.0831518 0.1749122 0.0985894 0.0119447 0.1814295 0.2089946 0.0793050 0.1791092 0.1893021 0.0889394 0.3070836 0.1015645 0.2208147 0.0446825 0.0699580 0.0634681 0.2413465 0.1605138 0.1612789 0.1344190 0.1686986 0.0897289 0.0661670 0.1685790 0.1576798 0.1837823 0.0848106 0.1857985 0.1874593 0.1635018 0.1158552 0.1805195 0.0298197 0.0461160 0.1020218 0.0844922 0.2249018 0.0881295 0.1359329 0.1896643 0.2139546 0.0968734 0.1411379 0.1619413 0.0770099 0.0987890 
Perityle_californica_76_positas            0.2516340 0.1612913 0.1011614 0.3152472 0.1510037 0.2628960 0.1501368 0.2246998 0.2057598 0.1896500 0.1132056 0.1068876 0.1361760 0.0688127 0.1147858 0.0808820 0.0000000 0.1552505 0.0913841 0.0875326 0.0796202 0.0763420 0.2194808 0.1105768 0.2474118 0.1222887 0.1246356 0.1202913 0.1020520 0.0865983 0.2511511 0.1166418 0.1397837 0.1914099 0.1020769 0.1630255 0.1203895 0.0736004 0.2532442 0.1963093 0.1040808 0.1802341 0.1678266 0.0969932 0.3215707 0.1068935 0.2236443 0.1196814 0.1126223 0.0937784 0.2573838 0.1181660 0.1395888 0.1520141 0.1530398 0.1262819 0.0953452 0.1450120 0.1506453 0.1139102 0.0975279 0.1744670 0.1800557 0.1451144 0.0984892 0.2184084 0.1020832 0.0835988 0.1123727 0.0908233 0.2410389 0.1002973 0.1486631 0.1829083 0.1923832 0.1224363 0.1476253 0.1341357 0.0898949 0.0563255 
Perityle_canescens_77                      0.1545555 0.1408957 0.1215187 0.2790933 0.0545805 0.2247499 0.1671949 0.2096908 0.2903819 0.0762940 0.1717947 0.1758755 0.1659122 0.1729090 0.1907223 0.1791368 0.1552505 0.0000000 0.2080369 0.1700500 0.1495426 0.1739202 0.3522002 0.1672300 0.1401795 0.1880342 0.1850853 0.1533281 0.2130353 0.1373179 0.3402912 0.1860654 0.1347722 0.0817488 0.1692211 0.0634088 0.1936488 0.1532516 0.2872430 0.0816197 0.1626165 0.0715532 0.0676513 0.1834719 0.2863734 0.1729739 0.0774035 0.1889520 0.1533372 0.1587886 0.1498252 0.1761648 0.0573356 0.1688609 0.1325353 0.1649232 0.1479054 0.0667196 0.0543323 0.1283313 0.1771138 0.0800903 0.1473387 0.0755894 0.1382010 0.2697074 0.1969345 0.1788719 0.1822468 0.1715060 0.3206797 0.1693441 0.2056445 0.0704407 0.0788339 0.1728645 0.1837282 0.0709049 0.1717993 0.1456587 
Perityle_castillonii_96                    0.1425407 0.1626280 0.1235227 0.3358373 0.1819205 0.2384401 0.1477859 0.2038339 0.2074298 0.2295845 0.1332166 0.1322456 0.1824810 0.0364821 0.1388390 0.0180624 0.0913841 0.2080369 0.0000000 0.1057256 0.0254191 0.0219632 0.2204257 0.1243929 0.2076441 0.1519751 0.1422153 0.1146847 0.1253894 0.0959684 0.2147580 0.1213495 0.1966586 0.2062892 0.1205103 0.1993030 0.1424005 0.0157168 0.1062376 0.2079145 0.1229815 0.1962446 0.1984321 0.1267178 0.3303367 0.1321184 0.1967611 0.0695475 0.1164203 0.1040141 0.2179526 0.1242116 0.1981075 0.1724524 0.2086892 0.1251308 0.1027866 0.2093192 0.1708892 0.2030821 0.1296961 0.1960025 0.2179526 0.1892048 0.1257654 0.2257608 0.0274283 0.0255739 0.1347774 0.1158625 0.2228480 0.1305904 0.1602679 0.1968503 0.2162437 0.1287431 0.1335394 0.1965374 0.1048540 0.1146261 
Perityle_cfvillosa_25_tin                  0.1673754 0.1119797 0.0744095 0.3354406 0.1724548 0.2708599 0.1335119 0.2159924 0.2318762 0.2122037 0.0503435 0.0352549 0.1516446 0.0733133 0.0391676 0.0596743 0.0875326 0.1700500 0.1057256 0.0000000 0.0913481 0.0478723 0.1349983 0.0389669 0.2157842 0.1098760 0.0911422 0.0630354 0.1068388 0.0615171 0.2537426 0.0456271 0.1427098 0.2045401 0.0363618 0.1752734 0.0561046 0.0466964 0.1983291 0.2026317 0.0263527 0.1895097 0.1737845 0.0464070 0.3251917 0.0501718 0.2208513 0.0613730 0.0231036 0.0176239 0.2246355 0.0391268 0.1673688 0.1189128 0.1631466 0.0464148 0.0042528 0.1583497 0.1704413 0.1533685 0.0327535 0.2053948 0.1843477 0.1735905 0.1147768 0.1434190 0.0941780 0.0769493 0.0839950 0.0390180 0.1699573 0.0412869 0.0811647 0.2030266 0.1971346 0.0474771 0.0611395 0.1486714 0.0200933 0.0791041 
Perityle_cinerea_113_Powell1310            0.1188270 0.1410974 0.1034789 0.1492568 0.1265969 0.1058166 0.0977315 0.1359052 0.0779259 0.1640377 0.1147631 0.1155591 0.1106366 0.0191869 0.1049674 0.0158676 0.0796202 0.1495426 0.0254191 0.0913481 0.0000000 0.0369867 0.1114866 0.1052967 0.1543976 0.1086538 0.1111548 0.1045805 0.1032500 0.0890825 0.0991160 0.1085906 0.1128488 0.1399171 0.0982000 0.1339984 0.1092620 0.0233699 0.1048258 0.1548273 0.0972494 0.1516258 0.1351995 0.1082685 0.1067278 0.1198564 0.1542360 0.0907468 0.1084117 0.1002133 0.1662142 0.1077449 0.1262714 0.1081893 0.1457131 0.1143671 0.0948081 0.1393881 0.1238433 0.1468309 0.1085541 0.1393352 0.1687085 0.1351608 0.0852747 0.1077244 0.0246961 0.0225997 0.1010897 0.0977238 0.1012387 0.1019068 0.0778130 0.1392441 0.1633961 0.1048972 0.1077678 0.1393468 0.0907705 0.0758591 
Perityle_coahuilensis_24                   0.1929424 0.1517046 0.0909728 0.2852913 0.2068356 0.2910275 0.1182489 0.1800991 0.1676094 0.2200295 0.0746076 0.0608237 0.1849342 0.0141199 0.0727929 0.0314298 0.0763420 0.1739202 0.0219632 0.0478723 0.0369867 0.0000000 0.1856154 0.0810258 0.2753835 0.1084530 0.1054701 0.0839403 0.1472480 0.0675090 0.2045027 0.0610146 0.2229850 0.2475528 0.0682733 0.2411429 0.0841303 0.0029298 0.1427640 0.2432266 0.0544988 0.1870817 0.2214926 0.0624918 0.3187073 0.0653032 0.2589094 0.0045588 0.0406651 0.0404451 0.2735780 0.1059638 0.2188256 0.1303271 0.1584225 0.0618094 0.0361009 0.2352225 0.1933290 0.1691647 0.0601949 0.2604086 0.2294544 0.2115631 0.1032228 0.1622682 0.0273634 0.0079855 0.0873939 0.0615552 0.2044578 0.0680495 0.1053962 0.2350746 0.2538987 0.0598298 0.1224274 0.1565689 0.0550408 0.0830607 
Perityle_cochisensis_44_cave_creek         0.2459234 0.1183575 0.2290885 0.3398427 0.3182578 0.2811596 0.1221216 0.3662221 0.2659411 0.3767925 0.1463087 0.1535809 0.2898933 0.2586431 0.1088427 0.1869517 0.2194808 0.3522002 0.2204257 0.1349983 0.1114866 0.1856154 0.0000000 0.1469357 0.3181914 0.2514112 0.1912117 0.0867188 0.2019699 0.1768648 0.2623296 0.1459982 0.2362997 0.3360061 0.1244290 0.3199563 0.1495886 0.1826473 0.2238193 0.3248575 0.1212225 0.3156906 0.3061047 0.1547587 0.3017391 0.1533654 0.3209827 0.1876111 0.1492407 0.1268058 0.3174893 0.1304966 0.3103302 0.1672726 0.2261202 0.1490902 0.1172413 0.2099251 0.3166551 0.1999559 0.1380828 0.3625069 0.3245893 0.3401504 0.2013105 0.1066007 0.2411300 0.2070482 0.1956019 0.1397036 0.1697188 0.1208830 0.0140650 0.3481541 0.3465874 0.1518169 0.1418164 0.1441032 0.1281039 0.1910098 
Perityle_congesta_202                      0.1801270 0.1297593 0.0695606 0.2987242 0.1617855 0.2550119 0.1256131 0.2105806 0.2082444 0.2197016 0.0362903 0.0095940 0.1614115 0.0993119 0.0348497 0.1121199 0.1105768 0.1672300 0.1243929 0.0389669 0.1052967 0.0810258 0.1469357 0.0000000 0.2218458 0.1244321 0.0953750 0.0777627 0.1178916 0.0749175 0.2113811 0.0674392 0.1353569 0.2237381 0.0185058 0.1640681 0.0428179 0.0609194 0.1677142 0.2294969 0.0150067 0.1732047 0.1995034 0.0378337 0.3072276 0.0388845 0.2070122 0.0709579 0.0348279 0.0159049 0.2005754 0.0599902 0.1562890 0.1202220 0.1501285 0.0258090 0.0100616 0.1526663 0.1573149 0.1508547 0.0632546 0.1860560 0.1714984 0.1641505 0.1400984 0.1663220 0.1142258 0.1227878 0.0871431 0.0357698 0.1581136 0.0253737 0.0847061 0.1895335 0.2159203 0.0275880 0.0723873 0.1418375 0.0296915 0.0948193 
Perityle_cordifolia_27                     0.3547600 0.1748663 0.2088982 0.2486780 0.1216701 0.2330650 0.1883981 0.3350403 0.2893623 0.1810930 0.1805734 0.1813092 0.0449160 0.1684816 0.1870358 0.2463573 0.2474118 0.1401795 0.2076441 0.2157842 0.1543976 0.2753835 0.3181914 0.2218458 0.0000000 0.2530775 0.1876541 0.1521378 0.2420993 0.2177719 0.4198374 0.2626331 0.0222146 0.2222614 0.1775135 0.2286364 0.2042234 0.2229496 0.3938262 0.1918671 0.1634124 0.1382432 0.1739031 0.2464165 0.3191700 0.2514178 0.1943757 0.2196863 0.1790380 0.2233842 0.0258099 0.3130640 0.1291387 0.1785320 0.0217384 0.1648486 0.1414181 0.1445129 0.1283437 0.0148787 0.2680547 0.2669415 0.0282706 0.1963541 0.2165882 0.2737093 0.2417625 0.2681586 0.1884497 0.2442115 0.3033361 0.2039420 0.1846036 0.1724365 0.1989715 0.2337654 0.2584822 0.1116976 0.2432695 0.2054824 
Perityle_cordifolia_68_tecolote            0.1283441 0.1449680 0.0871491 0.3090484 0.2301582 0.3148315 0.1370009 0.1917572 0.2282443 0.2148152 0.1351759 0.1239999 0.2135854 0.1056346 0.1342108 0.1256734 0.1222887 0.1880342 0.1519751 0.1098760 0.1086538 0.1084530 0.2514112 0.1244321 0.2530775 0.0000000 0.1406607 0.1184963 0.1771240 0.0994983 0.2618188 0.1330451 0.2191497 0.2453972 0.1324132 0.2654882 0.1356542 0.0979396 0.2564293 0.2621443 0.1239284 0.2002452 0.2314341 0.1331335 0.3152966 0.1194971 0.2558277 0.1451195 0.1184694 0.1125105 0.2652859 0.1220206 0.2196727 0.0218971 0.1778174 0.1341558 0.1060871 0.2605428 0.2065433 0.1857644 0.1202521 0.2990961 0.2506707 0.2283758 0.1373302 0.2262816 0.1522351 0.1260411 0.1273426 0.1191665 0.2653773 0.1278154 0.1213696 0.2540138 0.2390165 0.1196762 0.1393329 0.1571141 0.1177929 0.1128802 
Perityle_crassifolia_70_ventanas           0.1180329 0.1091398 0.0917405 0.3150278 0.1669085 0.2382207 0.1491474 0.2156024 0.2132392 0.2315160 0.1081063 0.1087447 0.1751006 0.1118966 0.0999129 0.1103455 0.1246356 0.1850853 0.1422153 0.0911422 0.1111548 0.1054701 0.1912117 0.0953750 0.1876541 0.1406607 0.0000000 0.0058140 0.1303502 0.0406238 0.2124800 0.0964545 0.1761379 0.1932048 0.0958972 0.1747346 0.1083616 0.0952418 0.2020243 0.2114466 0.0882206 0.1979915 0.1715524 0.1001409 0.3030502 0.1022016 0.2012513 0.1235665 0.1004451 0.0836061 0.1914433 0.1029973 0.1784580 0.1565646 0.1837885 0.1032542 0.0835836 0.1781635 0.1574661 0.1762027 0.1033490 0.1986330 0.1993228 0.1860851 0.1367124 0.1888630 0.1407859 0.1265552 0.0595610 0.0921955 0.2218369 0.1038953 0.1118154 0.1928845 0.1903108 0.1005626 0.1050205 0.1625160 0.0857005 0.0582407 
Perityle_crassifolia_74_playa_balandra     0.1166563 0.0857284 0.0853198 0.1764154 0.1396838 0.1275537 0.1063291 0.1861893 0.0955521 0.2046021 0.0836348 0.0839704 0.1283319 0.0353801 0.0733920 0.0874211 0.1202913 0.1533281 0.1146847 0.0630354 0.1045805 0.0839403 0.0867188 0.0777627 0.1521378 0.1184963 0.0058140 0.0000000 0.1203906 0.0573980 0.0994804 0.0748982 0.1153692 0.1297036 0.0682230 0.1385218 0.0780269 0.0700005 0.1049444 0.1602395 0.0651642 0.1560443 0.1381901 0.0836745 0.1187123 0.0876932 0.1596061 0.0982794 0.0840667 0.0758566 0.1537314 0.0770411 0.1230107 0.1148518 0.1436843 0.0879892 0.0669825 0.1264581 0.1314986 0.1335107 0.0808354 0.1691064 0.1632789 0.1444802 0.1320677 0.0774908 0.1283105 0.0848088 0.0608456 0.0700771 0.0915336 0.0746280 0.0406318 0.1486924 0.1515651 0.0808196 0.0803272 0.1421565 0.0663795 0.0561937 
Perityle_cuneata_34_cuneata_San_antonio    0.1608012 0.1400685 0.1644115 0.3537219 0.2187240 0.2767081 0.1796251 0.2514285 0.2107851 0.2319042 0.1186971 0.1320157 0.2239085 0.1120998 0.1291774 0.1275676 0.1020520 0.2130353 0.1253894 0.1068388 0.1032500 0.1472480 0.2019699 0.1178916 0.2420993 0.1771240 0.1303502 0.1203906 0.0000000 0.0964793 0.2036479 0.1173304 0.2344755 0.2367289 0.1087609 0.2155598 0.1317080 0.0900405 0.1640624 0.2381445 0.1216259 0.2115992 0.2072460 0.1192684 0.2831508 0.1520231 0.2343918 0.1476508 0.1156754 0.1015905 0.2456606 0.1073500 0.2242618 0.1519001 0.1847518 0.1249536 0.1081027 0.2323692 0.2021313 0.1852122 0.1504917 0.2598503 0.2486629 0.2336073 0.1442126 0.2220054 0.1347026 0.1650362 0.1231750 0.1147031 0.2231576 0.1123827 0.1215473 0.2335949 0.2316704 0.1561203 0.1138259 0.2081810 0.1070754 0.1186358 
Perityle_cuneata_4                         0.1924230 0.1331231 0.0751203 0.2563556 0.1351153 0.2152266 0.0923049 0.2106419 0.1554020 0.1901760 0.0692279 0.0665536 0.1715046 0.0738704 0.0613176 0.0839248 0.0865983 0.1373179 0.0959684 0.0615171 0.0890825 0.0675090 0.1768648 0.0749175 0.2177719 0.0994983 0.0406238 0.0573980 0.0964793 0.0000000 0.1802235 0.0722999 0.1310148 0.1976043 0.0615171 0.1359479 0.0700056 0.0528157 0.2095495 0.1974594 0.0461143 0.1566832 0.1532591 0.0698218 0.2821520 0.0654488 0.2098205 0.0871972 0.0632150 0.0539333 0.2063208 0.0972865 0.1239554 0.1131516 0.1378008 0.0624642 0.0430218 0.1296195 0.1258556 0.1375446 0.0719322 0.1652626 0.1520689 0.1320745 0.1069691 0.1698450 0.1016097 0.0880922 0.0347317 0.0662760 0.2120935 0.0692832 0.1101461 0.1635238 0.1920194 0.0587756 0.0945337 0.1237866 0.0622775 0.0464028 
Perityle_discoidea_81                      0.3595822 0.1769751 0.2664726 0.3377275 0.3240439 0.2634446 0.1215054 0.3451924 0.0035915 0.3457762 0.2009379 0.2048250 0.3095170 0.2678961 0.1567683 0.2082089 0.2511511 0.3402912 0.2147580 0.2537426 0.0991160 0.2045027 0.2623296 0.2113811 0.4198374 0.2618188 0.2124800 0.0994804 0.2036479 0.1802235 0.0000000 0.2423407 0.2505542 0.3804275 0.2218695 0.3472281 0.2572552 0.1976029 0.2723486 0.3694569 0.1527388 0.3346696 0.3647382 0.2219155 0.4365317 0.2174444 0.3689243 0.2284699 0.2057515 0.2089316 0.4063371 0.2102264 0.2840498 0.2373816 0.2580074 0.2033255 0.1501890 0.2402865 0.3215943 0.1886608 0.2039356 0.3529492 0.3506623 0.3438403 0.2559733 0.1734849 0.2339333 0.2240178 0.2028489 0.2327434 0.3156486 0.2277419 0.1011158 0.3802734 0.3947268 0.1979477 0.2217220 0.1481846 0.2094082 0.1948310 
Perityle_dissecta_201                      0.2383278 0.1355950 0.0878857 0.3393947 0.1919570 0.2700644 0.1445264 0.2319311 0.2284937 0.2453161 0.0529237 0.0462170 0.1623249 0.1142850 0.0373524 0.0798399 0.1166418 0.1860654 0.1213495 0.0456271 0.1085906 0.0610146 0.1459982 0.0674392 0.2626331 0.1330451 0.0964545 0.0748982 0.1173304 0.0722999 0.2423407 0.0000000 0.1598779 0.2553013 0.0362403 0.1924590 0.0390659 0.0601411 0.2269488 0.2510903 0.0176511 0.2084096 0.2111034 0.0405400 0.3154084 0.0468202 0.2677865 0.0765369 0.0439811 0.0289767 0.2520308 0.0955598 0.1823228 0.1297468 0.1717370 0.0323457 0.0301374 0.1694291 0.1819070 0.1657338 0.0463792 0.2185015 0.1888273 0.1846786 0.1225484 0.1525739 0.1048178 0.0886336 0.0923650 0.0416841 0.1830645 0.0447137 0.0883231 0.2195370 0.2465848 0.0298325 0.0953526 0.1575839 0.0466195 0.0948595 
Perityle_emoryi_47_punta_san_jose          0.2010442 0.1103988 0.1725207 0.2277546 0.1118629 0.1997152 0.1701094 0.2393019 0.2075118 0.1345767 0.1366317 0.1366729 0.0597082 0.1640369 0.1678976 0.1643576 0.1397837 0.1347722 0.1966586 0.1427098 0.1128488 0.2229850 0.2362997 0.1353569 0.0222146 0.2191497 0.1761379 0.1153692 0.2344755 0.1310148 0.2505542 0.1598779 0.0000000 0.1326924 0.1506128 0.2206789 0.1670157 0.1461920 0.2013502 0.1282481 0.1426445 0.1250739 0.1233164 0.1462784 0.2023198 0.1834029 0.1226426 0.1852496 0.1225951 0.1299656 0.0359308 0.1479550 0.1262157 0.1635673 0.0299952 0.1401672 0.1203331 0.1350375 0.1118107 0.0314920 0.2124020 0.2523676 0.0362003 0.1869426 0.1394229 0.2343129 0.1894703 0.2138351 0.1754120 0.1343796 0.2247606 0.1427676 0.0666442 0.1336092 0.1357029 0.2076491 0.1535529 0.0955972 0.1309665 0.1401557 
Perityle_feddemae_99                       0.3057470 0.1784936 0.2176996 0.2554450 0.0723121 0.2508528 0.1691766 0.3455383 0.2871892 0.1096288 0.1898151 0.1825745 0.1991813 0.1824135 0.1810438 0.2194437 0.1914099 0.0817488 0.2062892 0.2045401 0.1399171 0.2475528 0.3360061 0.2237381 0.2222614 0.2453972 0.1932048 0.1297036 0.2367289 0.1976043 0.3804275 0.2553013 0.1326924 0.0000000 0.1861661 0.1659131 0.2042647 0.1792187 0.3551042 0.0617880 0.1673726 0.0157959 0.1257415 0.2132259 0.2849054 0.2263467 0.0623459 0.2180005 0.1804891 0.1968640 0.2137259 0.2492539 0.0782316 0.1533229 0.1422385 0.1758820 0.1453896 0.1012342 0.0703044 0.1525946 0.2490054 0.1905332 0.1810651 0.1357194 0.1842904 0.2378057 0.2365098 0.2471821 0.1886753 0.2344705 0.3332447 0.1966211 0.2186493 0.0981905 0.1148267 0.2414993 0.2466888 0.0615548 0.2184286 0.1923654 
Perityle_fosteri_93                        0.1071882 0.1171809 0.0709612 0.3196804 0.1552251 0.2567979 0.1420996 0.2022057 0.2260470 0.1928684 0.0240709 0.0292982 0.1585983 0.1003991 0.0315506 0.0831518 0.1020769 0.1692211 0.1205103 0.0363618 0.0982000 0.0682733 0.1244290 0.0185058 0.1775135 0.1324132 0.0958972 0.0682230 0.1087609 0.0615171 0.2218695 0.0362403 0.1506128 0.1861661 0.0000000 0.1580778 0.0423784 0.0644233 0.1657283 0.1805264 0.0215570 0.1738112 0.1485912 0.0300292 0.3109418 0.0288869 0.1744434 0.0786989 0.0442774 0.0166599 0.1812574 0.0113300 0.1564425 0.1221905 0.1703914 0.0283780 0.0173509 0.1529721 0.1572125 0.1644888 0.0139204 0.1848636 0.1827073 0.1663131 0.1085367 0.1354725 0.1156014 0.1000011 0.0892123 0.0165160 0.1787885 0.0162041 0.0802674 0.1783334 0.1740396 0.0293499 0.0194279 0.1249734 0.0083418 0.0855075 
Perityle_gamon_221                         0.2452646 0.1396913 0.2284539 0.3144725 0.1387929 0.2714858 0.1562538 0.3667324 0.2946073 0.0681566 0.1660871 0.1707143 0.1640198 0.1578047 0.1644362 0.1749122 0.1630255 0.0634088 0.1993030 0.1752734 0.1339984 0.2411429 0.3199563 0.1640681 0.2286364 0.2654882 0.1747346 0.1385218 0.2155598 0.1359479 0.3472281 0.1924590 0.2206789 0.1659131 0.1580778 0.0000000 0.1855057 0.1610111 0.2880895 0.1760784 0.1457085 0.1039226 0.1190082 0.1774108 0.2964469 0.2022138 0.1817506 0.1979092 0.1625826 0.1680105 0.2421962 0.1672944 0.1405476 0.1464371 0.1162806 0.1573953 0.1353521 0.1994435 0.1170654 0.1147357 0.2340646 0.2094625 0.2357556 0.1388785 0.1238307 0.2606218 0.2062088 0.2233726 0.1612112 0.1694948 0.3268202 0.1647466 0.2003147 0.1668904 0.1514263 0.2594763 0.1750886 0.0720080 0.1687446 0.1382746 
Perityle_gentryi_8_san_francisco           0.1260352 0.1372256 0.0896472 0.3363924 0.1894388 0.2638348 0.1355504 0.2227301 0.2550546 0.2309430 0.0484056 0.0492532 0.1739873 0.1179562 0.0041845 0.0985894 0.1203895 0.1936488 0.1424005 0.0561046 0.1092620 0.0841303 0.1495886 0.0428179 0.2042234 0.1356542 0.1083616 0.0780269 0.1317080 0.0700056 0.2572552 0.0390659 0.1670157 0.2042647 0.0423784 0.1855057 0.0000000 0.0791260 0.2081050 0.2117011 0.0355211 0.2003289 0.1784037 0.0484728 0.3104840 0.0448877 0.2059576 0.0952550 0.0570714 0.0341142 0.2082777 0.0457521 0.1863927 0.1374078 0.1767353 0.0460237 0.0424369 0.1720973 0.1882325 0.1682327 0.0405869 0.2229074 0.1895155 0.1879760 0.1271220 0.1641543 0.1327090 0.1173741 0.1008727 0.0375012 0.1904077 0.0462074 0.0882486 0.2085876 0.2094269 0.0494479 0.0495466 0.1609758 0.0406754 0.0988958 
Perityle_gilensis_22_Superstition          0.1695426 0.1443530 0.0774815 0.2562411 0.1472917 0.2293178 0.0886015 0.1883965 0.1645447 0.1921689 0.0699571 0.0575979 0.1863859 0.0139552 0.0677029 0.0119447 0.0736004 0.1532516 0.0157168 0.0466964 0.0233699 0.0029298 0.1826473 0.0609194 0.2229496 0.0979396 0.0952418 0.0700005 0.0900405 0.0528157 0.1976029 0.0601411 0.1461920 0.1792187 0.0644233 0.1610111 0.0791260 0.0000000 0.1409408 0.1804825 0.0506332 0.1640885 0.1625941 0.0583491 0.3167754 0.0571678 0.1910429 0.0023039 0.0299154 0.0364058 0.2263698 0.0652393 0.1376628 0.1223687 0.1495914 0.0578191 0.0312543 0.1492921 0.1393920 0.1705959 0.0579047 0.1689297 0.1658283 0.1505848 0.0899957 0.1532591 0.0198785 0.0088983 0.0798547 0.0569597 0.1990816 0.0637461 0.1050252 0.1808903 0.1826290 0.0601688 0.0909053 0.1294732 0.0487443 0.0766003 
Perityle_gilensis_salensis_225             0.3303587 0.1772269 0.2600358 0.4071501 0.2676089 0.2988625 0.1414035 0.3476236 0.2501024 0.3493226 0.1742417 0.1667433 0.2334560 0.0993502 0.1035134 0.1814295 0.2532442 0.2872430 0.1062376 0.1983291 0.1048258 0.1427640 0.2238193 0.1677142 0.3938262 0.2564293 0.2020243 0.1049444 0.1640624 0.2095495 0.2723486 0.2269488 0.2013502 0.3551042 0.1657283 0.2880895 0.2081050 0.1409408 0.0000000 0.3522741 0.0883135 0.2903602 0.3363893 0.2014947 0.4094791 0.1955995 0.3208987 0.1212629 0.1706139 0.1730439 0.4008761 0.1971082 0.2051718 0.1583911 0.1855167 0.1433078 0.0694138 0.1857327 0.2968954 0.2019788 0.1952256 0.3170541 0.3164895 0.2793428 0.2740127 0.1726270 0.1967806 0.1753554 0.2111883 0.1960210 0.2338041 0.1899183 0.1371225 0.3342894 0.3524021 0.1512687 0.1940549 0.1588769 0.1826395 0.2488639 
Perityle_glaucescens_94                    0.3285287 0.1784718 0.2209599 0.2620001 0.0639350 0.2493380 0.1670837 0.3416508 0.2712936 0.0889236 0.1841751 0.1790625 0.1897715 0.1758174 0.1975191 0.2089946 0.1963093 0.0816197 0.2079145 0.2026317 0.1548273 0.2432266 0.3248575 0.2294969 0.1918671 0.2621443 0.2114466 0.1602395 0.2381445 0.1974594 0.3694569 0.2510903 0.1282481 0.0617880 0.1805264 0.1760784 0.2117011 0.1804825 0.3522741 0.0000000 0.1688337 0.0087418 0.0911237 0.2159790 0.2905562 0.2284170 0.0335879 0.2168203 0.1749427 0.1932259 0.2012749 0.2865413 0.0811475 0.1802766 0.1295722 0.1725620 0.1423716 0.0846084 0.0694336 0.1456515 0.2525444 0.1929608 0.1684283 0.1277197 0.1806621 0.2588373 0.2322049 0.2376473 0.1946914 0.2202230 0.3264286 0.1912651 0.2040719 0.0868417 0.0939137 0.2470267 0.2725257 0.0581003 0.2120862 0.1874496 
Perityle_gracilis_11                       0.0820011 0.0819854 0.0667535 0.3162741 0.1495489 0.2096341 0.1379454 0.1718860 0.1629823 0.1869751 0.0289751 0.0152407 0.1543063 0.0962131 0.0326990 0.0793050 0.1040808 0.1626165 0.1229815 0.0263527 0.0972494 0.0544988 0.1212225 0.0150067 0.1634124 0.1239284 0.0882206 0.0651642 0.1216259 0.0461143 0.1527388 0.0176511 0.1426445 0.1673726 0.0215570 0.1457085 0.0355211 0.0506332 0.0883135 0.1688337 0.0000000 0.1625355 0.1413043 0.0162299 0.2582295 0.0012341 0.1611713 0.0643944 0.0280832 0.0089741 0.1676768 0.0237845 0.1570177 0.1231516 0.1567688 0.0024879 0.0191477 0.1447194 0.1421333 0.1522127 0.0241946 0.1656706 0.1705335 0.1554890 0.1163906 0.1543111 0.1048260 0.0902641 0.0823091 0.0063305 0.1195162 0.0273721 0.0692007 0.1654804 0.1645997 0.0137290 0.0290463 0.1286115 0.0169222 0.0772881 
Perityle_harkerae_31                       0.1870037 0.1658867 0.1440091 0.2509016 0.0501195 0.2302294 0.1464144 0.2537405 0.2698485 0.0707188 0.1783941 0.1739427 0.1821753 0.1639575 0.1877240 0.1791092 0.1802341 0.0715532 0.1962446 0.1895097 0.1516258 0.1870817 0.3156906 0.1732047 0.1382432 0.2002452 0.1979915 0.1560443 0.2115992 0.1566832 0.3346696 0.2084096 0.1250739 0.0157959 0.1738112 0.1039226 0.2003289 0.1640885 0.2903602 0.0087418 0.1625355 0.0000000 0.0622298 0.1958355 0.2675945 0.1838126 0.0062862 0.2069419 0.1660674 0.1740535 0.1597831 0.1807209 0.0726742 0.1687821 0.1263209 0.1659921 0.1378310 0.0641177 0.0615463 0.1398360 0.1916451 0.1232946 0.1560350 0.0864678 0.1322063 0.2557590 0.2153550 0.1895468 0.1828968 0.1849225 0.3158330 0.1804269 0.2010765 0.0679713 0.0694489 0.1835012 0.1889582 0.0521809 0.1756960 0.1566897 
Perityle_hofmeisteria_4_nombre_de_dios     0.2962695 0.1424087 0.1974197 0.2710071 0.0514918 0.2605984 0.1553601 0.3183031 0.2968048 0.0708042 0.1577769 0.1610528 0.1682233 0.1537388 0.1591577 0.1893021 0.1678266 0.0676513 0.1984321 0.1737845 0.1351995 0.2214926 0.3061047 0.1995034 0.1739031 0.2314341 0.1715524 0.1381901 0.2072460 0.1532591 0.3647382 0.2111034 0.1233164 0.1257415 0.1485912 0.1190082 0.1784037 0.1625941 0.3363893 0.0911237 0.1413043 0.0622298 0.0000000 0.1819942 0.3069278 0.2067373 0.1150154 0.1873839 0.1637290 0.1716161 0.1795714 0.2452244 0.0636590 0.1513771 0.1212767 0.1500617 0.1358838 0.0907666 0.0537239 0.1204000 0.2232603 0.1903752 0.1547302 0.1232680 0.1508036 0.2552399 0.2033212 0.2143928 0.1542383 0.1843205 0.3234897 0.1572983 0.1897948 0.0900850 0.0944330 0.2223588 0.2402368 0.0609409 0.1828371 0.1498069 
Perityle_huecosensis_48                    0.2016933 0.1393029 0.0761085 0.3298403 0.1768544 0.2742269 0.1465581 0.2214668 0.2094611 0.2190289 0.0412700 0.0371741 0.1609822 0.0973411 0.0383249 0.0889394 0.0969932 0.1834719 0.1267178 0.0464070 0.1082685 0.0624918 0.1547587 0.0378337 0.2464165 0.1331335 0.1001409 0.0836745 0.1192684 0.0698218 0.2219155 0.0405400 0.1462784 0.2132259 0.0300292 0.1774108 0.0484728 0.0583491 0.2014947 0.2159790 0.0162299 0.1958355 0.1819942 0.0000000 0.3269318 0.0259003 0.2236577 0.0811141 0.0437984 0.0195515 0.2493049 0.0408954 0.1793016 0.1274309 0.1685985 0.0263483 0.0295314 0.1634672 0.1764633 0.1713174 0.0272447 0.2076476 0.1905248 0.1799867 0.1210655 0.1656026 0.1068295 0.0934535 0.0928464 0.0195456 0.1869878 0.0323425 0.0919181 0.2149992 0.2171963 0.0261776 0.0624765 0.1594841 0.0289239 0.0874367 
Perityle_incana_3_ucla                     0.3037013 0.1578772 0.2603204 0.3723689 0.2792490 0.3207996 0.1411587 0.3880824 0.3659573 0.3464123 0.2947122 0.2837343 0.3165540 0.2837659 0.2476833 0.3070836 0.3215707 0.2863734 0.3303367 0.3251917 0.1067278 0.3187073 0.3017391 0.3072276 0.3191700 0.3152966 0.3030502 0.1187123 0.2831508 0.2821520 0.4365317 0.3154084 0.2023198 0.2849054 0.3109418 0.2964469 0.3104840 0.3167754 0.4094791 0.2905562 0.2582295 0.2675945 0.3069278 0.3269318 0.0000000 0.2897824 0.3034413 0.3793332 0.2836266 0.2992324 0.3199350 0.3009366 0.2340286 0.2124195 0.2091511 0.3077540 0.2219172 0.2036746 0.2909751 0.1705284 0.2780647 0.3114232 0.3041734 0.3002626 0.2722947 0.2241309 0.3925481 0.3171673 0.3474932 0.3255853 0.3289298 0.3002788 0.1139690 0.3103924 0.3075055 0.2847570 0.3144744 0.1234014 0.3036414 0.2982664 
Perityle_intricata_59_Clark_mtns           0.1731988 0.1409763 0.0768832 0.3085576 0.1892736 0.2846391 0.1458435 0.1967489 0.1850665 0.2014697 0.0406140 0.0309117 0.1880292 0.1031521 0.0384572 0.1015645 0.1068935 0.1729739 0.1321184 0.0501718 0.1198564 0.0653032 0.1533654 0.0388845 0.2514178 0.1194971 0.1022016 0.0876932 0.1520231 0.0654488 0.2174444 0.0468202 0.1834029 0.2263467 0.0288869 0.2022138 0.0448877 0.0571678 0.1955995 0.2284170 0.0012341 0.1838126 0.2067373 0.0259003 0.2897824 0.0000000 0.2246058 0.0787397 0.0496284 0.0202434 0.2483628 0.0512991 0.1975164 0.1374254 0.1529983 0.0040195 0.0264830 0.2021286 0.1916460 0.1610494 0.0402219 0.2356211 0.2061038 0.1969142 0.1262988 0.1664348 0.1137804 0.0895348 0.0932151 0.0201318 0.1860944 0.0329849 0.0962048 0.2179989 0.2233208 0.0198419 0.0719464 0.1450957 0.0296822 0.0812085 
Perityle_jaliscana_203                     0.2787861 0.1809865 0.2191154 0.2470497 0.0643377 0.2489915 0.1670410 0.3596984 0.2684325 0.1095723 0.1798630 0.1824905 0.1858981 0.1640842 0.1895161 0.2208147 0.2236443 0.0774035 0.1967611 0.2208513 0.1542360 0.2589094 0.3209827 0.2070122 0.1943757 0.2558277 0.2012513 0.1596061 0.2343918 0.2098205 0.3689243 0.2677865 0.1226426 0.0623459 0.1744434 0.1817506 0.2059576 0.1910429 0.3208987 0.0335879 0.1611713 0.0062862 0.1150154 0.2236577 0.3034413 0.2246058 0.0000000 0.2232275 0.1914218 0.2044865 0.1933926 0.2411128 0.0756246 0.1776776 0.1284589 0.1666680 0.1364314 0.0804312 0.0757769 0.1486560 0.2620643 0.2068769 0.1637299 0.1255456 0.1829325 0.2495599 0.2451762 0.2504930 0.1833626 0.2430830 0.3221468 0.2081706 0.2084235 0.0941918 0.1148987 0.2397509 0.2267501 0.0561252 0.2327593 0.1992538 
