82
Amauria_brandeegeana_62                    0.0000000 0.2102425 0.0602814 0.1915431 0.1376766 0.0704583 0.1442175 0.1491867 0.2918797 0.1672787 0.1573190 0.1799932 0.1202525 0.1459698 0.1955517 0.1913856 0.1221513 0.1199865 0.1274317 0.1318484 0.1337919 0.1644515 0.1720885 0.1620708 0.1617003 0.0881800 0.1727515 0.1681078 0.1224901 0.1609518 0.1230929 0.1591702 0.1577614 0.0962727 0.1087199 0.1132397 0.1188285 0.2056951 0.1459083 0.1755653 0.1118862 0.1743384 0.1075830 0.1171800 0.1543877 0.0750715 0.1573871 0.1677587 0.1225824 0.1352122 0.1323196 0.1629558 0.1687396 0.1190891 0.0702553 0.2409664 0.1321023 0.1597989 0.1353373 0.1060763 0.1381845 0.1458190 0.1577236 0.1175482 0.1386218 0.1660441 0.1244060 0.1380293 0.1457267 0.1486581 0.1593838 0.1538095 0.2666209 0.1634485 0.1550127 0.1644041 0.1128937 0.1548937 0.1257312 0.2126660 0.1649545 0.1404207 
Amauria_carterae_99_mesa                   0.2102425 0.0000000 0.1999554 0.2423445 0.1595660 0.1352804 0.1763537 0.1711064 0.3792839 0.2026485 0.1851911 0.1833294 0.1535204 0.1818331 0.1687790 0.1921023 0.1739157 0.2310696 0.1779596 0.1877748 0.1851474 0.1835498 0.1793058 0.1876272 0.1835367 0.1981908 0.2050212 0.1627509 0.1615015 0.1309284 0.1871744 0.2115306 0.1690091 0.1382920 0.1648311 0.1689813 0.2194325 0.2098809 0.1825963 0.1857753 0.1814765 0.1818228 0.1786360 0.2206239 0.1774565 0.1773777 0.1817251 0.1930409 0.1664544 0.1726367 0.1693406 0.1824328 0.1713927 0.1983198 0.1967434 0.2315244 0.1849986 0.1853592 0.2216144 0.1649376 0.2498656 0.1669730 0.1906142 0.2218543 0.1870869 0.1822715 0.1706812 0.1564202 0.1681277 0.1752627 0.1552071 0.1778735 0.2918530 0.1947505 0.1687542 0.1824325 0.1885153 0.1933484 0.1642888 0.2265766 0.1957091 0.1213391 
Amauria_rotundifolia_SRR9119150            0.0602814 0.1999554 0.0000000 0.1963431 0.1300657 0.0467347 0.1522430 0.1282558 0.3222318 0.1238396 0.1879465 0.2180159 0.0880534 0.1268966 0.1801454 0.2213151 0.1366353 0.1235694 0.1141920 0.1101423 0.1516777 0.1826813 0.2018213 0.1637087 0.1795514 0.1147970 0.1740400 0.2015585 0.1309659 0.1695735 0.1532965 0.1301395 0.1763205 0.0876043 0.1385792 0.0993181 0.1285509 0.2341134 0.1500768 0.1962365 0.1430049 0.1983248 0.1398151 0.1444163 0.1741721 0.0706979 0.1703540 0.1728673 0.1008285 0.1269080 0.1422235 0.1808044 0.1860346 0.1389785 0.0623941 0.2251284 0.1475761 0.1799825 0.1536819 0.0936114 0.1860414 0.1168112 0.1746350 0.1438856 0.1451093 0.1772322 0.1391864 0.1175571 0.1735434 0.1690491 0.1892099 0.1711680 0.2818939 0.1630858 0.1206576 0.1850194 0.1458099 0.1549374 0.1408989 0.2186495 0.1823107 0.1690638 
Conoclinium_coelestinum_SRR9119114         0.1915431 0.2423445 0.1963431 0.0000000 0.2110643 0.1325332 0.1220520 0.1304141 0.2716370 0.1875080 0.2085420 0.1852955 0.1658451 0.1911805 0.2461471 0.2899150 0.1790444 0.2132456 0.1860760 0.1884980 0.1865337 0.1901069 0.1740137 0.1941238 0.1868984 0.1955711 0.2153731 0.2188625 0.1895368 0.2189277 0.2097373 0.1971108 0.1861584 0.1451836 0.2002916 0.1738773 0.1777886 0.3035468 0.1917939 0.2010842 0.2109614 0.1861868 0.2142715 0.1934495 0.1812329 0.1615286 0.1934150 0.1908015 0.1843585 0.1910681 0.1797442 0.1865970 0.1773511 0.2332016 0.1899113 0.2636333 0.1860703 0.1844646 0.2472337 0.1369929 0.2682221 0.1210407 0.1863626 0.2236384 0.1877710 0.2092566 0.2081609 0.1843586 0.1878829 0.1811037 0.2291010 0.1870338 0.2784447 0.1966784 0.1368889 0.2195297 0.2176439 0.2030227 0.1878967 0.3510862 0.1956644 0.1815897 
Eutetras_palmeri_63                        0.1376766 0.1595660 0.1300657 0.2110643 0.0000000 0.0045498 0.1788328 0.1214681 0.3217390 0.1610890 0.1857351 0.1574688 0.1517986 0.1890603 0.1836404 0.0940253 0.1689556 0.1355982 0.1706446 0.1775307 0.1770061 0.1851231 0.1510162 0.1809154 0.1849840 0.1297083 0.2202411 0.1603572 0.1305559 0.1399654 0.1339178 0.1670905 0.1699857 0.1269374 0.0629663 0.1499828 0.1233735 0.1058313 0.1863606 0.1868536 0.0647497 0.1526321 0.0677485 0.1226181 0.1698996 0.0392094 0.1741648 0.1835885 0.1655350 0.1627388 0.1620423 0.1848338 0.1645491 0.0697549 0.1002741 0.1629023 0.1740901 0.1769008 0.0915001 0.0304015 0.1679886 0.1649907 0.1762170 0.0840004 0.1872852 0.2057571 0.0599202 0.1516693 0.1680034 0.1727922 0.1704212 0.1699287 0.2118456 0.1850238 0.1440175 0.2007586 0.0758490 0.1810057 0.1669835 0.1077281 0.1834773 0.1364257 
Eutetras_pringlei_149_quer                 0.0704583 0.1352804 0.0467347 0.1325332 0.0045498 0.0000000 0.1059227 0.0402395 0.0823561 0.1461211 0.1430356 0.1475809 0.0730306 0.1428921 0.1504513 0.0327338 0.1287108 0.0708581 0.1328336 0.1379618 0.1438256 0.1371371 0.1252789 0.1380391 0.1228355 0.0602912 0.2053053 0.1206737 0.1259991 0.0871972 0.0517643 0.1540102 0.1284309 0.1335829 0.0421775 0.1095700 0.0655773 0.0460936 0.1371371 0.1437460 0.0368540 0.1309656 0.0458319 0.0667779 0.1281370 0.0295160 0.1428656 0.1481868 0.1130013 0.1095646 0.1191175 0.1242339 0.1164925 0.0333963 0.0555771 0.1253171 0.1432226 0.1438256 0.0664440 0.0339209 0.0584367 0.1250304 0.1371236 0.0471731 0.1283150 0.1449490 0.0384109 0.1275758 0.1235016 0.1248496 0.1259991 0.1243016 0.1446222 0.1419136 0.1263293 0.1401223 0.0609675 0.1434655 0.1290867 0.0373791 0.1477732 0.1194277 
Eutrochium_fistulosum_SRR9119106           0.1442175 0.1763537 0.1522430 0.1220520 0.1788328 0.1059227 0.0000000 0.1496010 0.2286738 0.1436337 0.1558124 0.1299733 0.1488165 0.1505657 0.2112871 0.1867724 0.1310366 0.1672445 0.1450082 0.1345671 0.1460762 0.1446557 0.1162328 0.1488533 0.1479202 0.1377690 0.1788704 0.1643936 0.1312413 0.1622306 0.1742156 0.1509282 0.1388126 0.0895556 0.1482577 0.1312646 0.1500686 0.2027174 0.1458750 0.1404906 0.1609879 0.1273881 0.1506994 0.1537865 0.1384205 0.1222474 0.1535926 0.1511001 0.1329477 0.1434980 0.1303571 0.1459852 0.1238688 0.1519360 0.1231187 0.2491669 0.1460731 0.1455286 0.1762928 0.1332829 0.1865670 0.1326046 0.1424951 0.1566034 0.1495157 0.1647279 0.1705972 0.1405753 0.1292035 0.1336433 0.1648366 0.1410467 0.2923263 0.1498092 0.1519342 0.1674300 0.1569291 0.1506347 0.1300615 0.2142089 0.1543046 0.1313915 
Galeana_pratensis_104_mex                  0.1491867 0.1711064 0.1282558 0.1304141 0.1214681 0.0402395 0.1496010 0.0000000 0.1641550 0.1361820 0.1622968 0.1422712 0.1155468 0.1555773 0.1116734 0.1131580 0.1491069 0.1469877 0.1573186 0.1645707 0.1569975 0.1519815 0.1427289 0.1610975 0.1592849 0.1498116 0.2029780 0.1660747 0.1306998 0.1673545 0.1526078 0.1501767 0.1513827 0.1225179 0.1293688 0.1327989 0.1363294 0.1308308 0.1519815 0.1620828 0.1403937 0.1318977 0.1452763 0.1507620 0.1538937 0.0705454 0.1557401 0.1665104 0.1384560 0.1507876 0.1397000 0.1603128 0.1449185 0.0890959 0.1220073 0.0710007 0.1573748 0.1615224 0.1164964 0.0374838 0.1568777 0.0965359 0.1824410 0.1014150 0.1726435 0.1522357 0.1364312 0.1286613 0.1428324 0.1362411 0.1663356 0.1630637 0.1871441 0.1608599 0.0965757 0.1575727 0.1323596 0.1606862 0.1478484 0.1261992 0.1610861 0.1481481 
Helianthus_annuus_SRR9119062               0.2918797 0.3792839 0.3222318 0.2716370 0.3217390 0.0823561 0.2286738 0.1641550 0.0000000 0.2579235 0.3107960 0.3243048 0.3038464 0.2823684 0.3929683 0.3199965 0.2965686 0.2245367 0.2784807 0.2687253 0.2887815 0.3163806 0.3219564 0.2994267 0.3077555 0.2905736 0.3320982 0.3162326 0.1870767 0.2951315 0.3067065 0.2172805 0.3140980 0.1279578 0.2929461 0.2495318 0.2968344 0.3412425 0.3142972 0.3220102 0.2953966 0.2935025 0.2891870 0.2871996 0.3140873 0.2475508 0.2923711 0.3130389 0.3036505 0.2854733 0.3040428 0.3097655 0.3136228 0.2926148 0.2774240 0.3997174 0.2874179 0.3035968 0.3002752 0.2592665 0.3274099 0.2082706 0.3202279 0.2810985 0.3020327 0.2900907 0.2703651 0.1776903 0.3170011 0.3000779 0.3400815 0.2995842 0.4685653 0.3163274 0.2763639 0.3220242 0.2849215 0.3083160 0.3273992 0.3448938 0.3064605 0.3028399 
Lycapsus_tenuifolius_17                    0.1672787 0.2026485 0.1238396 0.1875080 0.1610890 0.1461211 0.1436337 0.1361820 0.2579235 0.0000000 0.1758379 0.1907203 0.1194379 0.1488236 0.2207959 0.2402154 0.1377133 0.1631157 0.1511660 0.1454627 0.1556028 0.1568864 0.1722149 0.1648525 0.1507393 0.1472238 0.1623417 0.1512457 0.1375198 0.1350100 0.1393480 0.0013016 0.1680665 0.1206648 0.1505240 0.1254598 0.1751105 0.2489015 0.1478081 0.1735015 0.1580042 0.1884111 0.1701736 0.1985397 0.1548996 0.1206738 0.1630029 0.1721684 0.1527723 0.1404966 0.1547481 0.1611154 0.1777561 0.1600350 0.1466658 0.2418030 0.2070956 0.1613460 0.1725968 0.1429048 0.2024677 0.1563845 0.1588330 0.1625512 0.1419459 0.1561250 0.1504331 0.1808350 0.1731966 0.1496238 0.1674934 0.1607743 0.2968717 0.1756665 0.1583112 0.1781559 0.1432766 0.1808476 0.1652982 0.2741280 0.1675790 0.1454398 
Pericome_caudata_50_silver                 0.1573190 0.1851911 0.1879465 0.2085420 0.1857351 0.1430356 0.1558124 0.1622968 0.3107960 0.1758379 0.0000000 0.1851822 0.1279219 0.1246270 0.1660054 0.2368385 0.1273218 0.1669411 0.0933267 0.0968784 0.1402886 0.1724678 0.1408700 0.1427631 0.1748307 0.1455893 0.1590444 0.1729816 0.1319486 0.1444691 0.1503702 0.1670245 0.1711840 0.0442209 0.1449390 0.0857691 0.1620800 0.2463677 0.1322352 0.1845433 0.1521185 0.1411172 0.1374452 0.1528564 0.1554697 0.1373759 0.1498230 0.1446372 0.1062744 0.1104235 0.1074158 0.1703669 0.1340605 0.1495120 0.1635615 0.1898103 0.1489531 0.1629325 0.1697046 0.1561287 0.2000716 0.0888181 0.1736055 0.1506705 0.1257052 0.0986284 0.1820753 0.0814734 0.1594812 0.1578715 0.1582016 0.1713712 0.2639016 0.1455843 0.0904588 0.1010592 0.1493396 0.1407398 0.1218125 0.3145876 0.1735986 0.1296488 
Perityle_aglossa_84_dead_horse             0.1799932 0.1833294 0.2180159 0.1852955 0.1574688 0.1475809 0.1299733 0.1422712 0.3243048 0.1907203 0.1851822 0.0000000 0.0249488 0.0312230 0.1173483 0.1641999 0.0210930 0.1870483 0.0254901 0.0267445 0.0305218 0.0462389 0.0414914 0.0312986 0.0659196 0.2248697 0.1093312 0.1907602 0.1564142 0.1606828 0.2033349 0.1751530 0.0257717 0.0561014 0.2260033 0.0180528 0.2699197 0.1776022 0.0411933 0.0454109 0.2126143 0.0267999 0.1860755 0.2639670 0.0354984 0.1274971 0.0323186 0.0343472 0.0169530 0.0468503 0.0158676 0.0598288 0.0322587 0.2044051 0.1650209 0.1173112 0.0453344 0.0307108 0.1898164 0.1675451 0.2265194 0.0498423 0.0581562 0.2139276 0.0572046 0.1362679 0.2356265 0.0472001 0.0215214 0.0306562 0.1926348 0.0330694 0.2535771 0.0400560 0.0342769 0.1535599 0.2339988 0.0366784 0.0119920 0.2007467 0.0433990 0.2424302 
Perityle_ajoensis_204                      0.1202525 0.1535204 0.0880534 0.1658451 0.1517986 0.0730306 0.1488165 0.1155468 0.3038464 0.1194379 0.1279219 0.0249488 0.0000000 0.0310543 0.0162600 0.3057075 0.0136225 0.1329325 0.0098074 0.0213078 0.0222707 0.0253532 0.0154672 0.0066150 0.0398026 0.1227483 0.0749453 0.1933647 0.1267926 0.1462992 0.1471909 0.1299512 0.0104572 0.0409652 0.1169621 0.0084050 0.1159445 0.3053776 0.0255639 0.0272252 0.1214244 0.0000010 0.1300180 0.1077098 0.0084223 0.1215251 0.0218523 0.0218084 0.0089551 0.0170123 0.0082534 0.0397775 0.0052507 0.1299810 0.1629937 0.0206233 0.0184281 0.0185883 0.1339705 0.1193956 0.2543280 0.0217703 0.0184816 0.1281864 0.0396594 0.1297654 0.1129715 0.0151251 0.0130708 0.0068425 0.1686379 0.0083505 0.0050276 0.0166509 0.0070715 0.1385996 0.1221429 0.0254548 0.0182583 0.3244363 0.0269051 0.1094077 
Perityle_ambrosiifolia_67_green            0.1459698 0.1818331 0.1268966 0.1911805 0.1890603 0.1428921 0.1505657 0.1555773 0.2823684 0.1488236 0.1246270 0.0312230 0.0310543 0.0000000 0.0668869 0.2804348 0.0256325 0.1777853 0.0240345 0.0298779 0.0351676 0.0287053 0.0340705 0.0298187 0.0501985 0.1424107 0.0873021 0.1889839 0.1563062 0.1543276 0.1571995 0.1550973 0.0279330 0.0612640 0.1369620 0.0249205 0.1520663 0.2828500 0.0288946 0.0321958 0.1461303 0.0251192 0.1645985 0.1414848 0.0239184 0.1481053 0.0335940 0.0334960 0.0145308 0.0393922 0.0244176 0.0491095 0.0219084 0.1622314 0.1787179 0.1286451 0.0484377 0.0279311 0.1625580 0.1618121 0.2374916 0.0396445 0.0431138 0.1539669 0.0499432 0.1280502 0.1414047 0.0441735 0.0241451 0.0209940 0.1729035 0.0279699 0.1069134 0.0350958 0.0224378 0.1370569 0.1408247 0.0446146 0.0314816 0.2827087 0.0404424 0.1163084 
Perityle_angustifolia_13_Eagle_creek       0.1955517 0.1687790 0.1801454 0.2461471 0.1836404 0.1504513 0.2112871 0.1116734 0.3929683 0.2207959 0.1660054 0.1173483 0.0162600 0.0668869 0.0000000 0.2775769 0.0706377 0.2256459 0.0589829 0.0715809 0.0868771 0.0984841 0.1020457 0.0842478 0.0998078 0.2184871 0.1214593 0.2662983 0.2585609 0.2139805 0.2237770 0.1949361 0.0696096 0.1697843 0.1983501 0.0718695 0.2017047 0.2770668 0.0993429 0.0947454 0.2011595 0.1052042 0.1926848 0.1945398 0.0702882 0.1928823 0.0890020 0.0893402 0.0183215 0.0800330 0.0706230 0.0955924 0.0793184 0.1959910 0.2144438 0.0473884 0.0868118 0.0893269 0.1911103 0.1637201 0.3137360 0.0652687 0.0826726 0.2083704 0.0996245 0.1882566 0.1926738 0.0697383 0.0727623 0.0805368 0.2238823 0.0827588 0.0515600 0.0817125 0.0222242 0.1857652 0.2010128 0.0865656 0.0784078 0.2628485 0.0933010 0.1904339 
Perityle_batopilensis_97                   0.1913856 0.1921023 0.2213151 0.2899150 0.0940253 0.0327338 0.1867724 0.1131580 0.3199965 0.2402154 0.2368385 0.1641999 0.3057075 0.2804348 0.2775769 0.0000000 0.2460964 0.2183169 0.1825038 0.1751427 0.2462172 0.2652796 0.1594409 0.2613764 0.2697868 0.2144397 0.2805835 0.1526631 0.1218145 0.1836422 0.2035223 0.2393283 0.2425760 0.1004571 0.1611898 0.1960191 0.2092186 0.0109492 0.2691686 0.2758439 0.1634476 0.1535677 0.1164257 0.2135079 0.2605782 0.0408714 0.2567774 0.2729158 0.2334276 0.2103129 0.2103044 0.2706863 0.1950800 0.0675501 0.1038784 0.2138646 0.2553175 0.2638294 0.1488635 0.0152929 0.1518628 0.1471814 0.2602302 0.1292317 0.2710282 0.2540598 0.1809944 0.1574354 0.2260658 0.2532370 0.1794493 0.2489932 0.4534949 0.2681491 0.1491730 0.2276048 0.1788804 0.2388567 0.2309204 0.2109482 0.2615400 0.2039935 
Perityle_bisetosa_9                        0.1221513 0.1739157 0.1366353 0.1790444 0.1689556 0.1287108 0.1310366 0.1491069 0.2965686 0.1377133 0.1273218 0.0210930 0.0136225 0.0256325 0.0706377 0.2460964 0.0000000 0.1561417 0.0060044 0.0072165 0.0155050 0.0243885 0.0136675 0.0167986 0.0381407 0.1461276 0.0698684 0.1720500 0.1350292 0.1471832 0.1515411 0.1334032 0.0104059 0.0477833 0.1443792 0.0000010 0.1702436 0.2520067 0.0235692 0.0228598 0.1440488 0.0000010 0.1417950 0.1640241 0.0049857 0.1309972 0.0172335 0.0177207 0.0065750 0.0277553 0.0011986 0.0396624 0.0027190 0.1470866 0.1596773 0.0997997 0.0576008 0.0114449 0.1484168 0.1519745 0.2240640 0.0203982 0.0294537 0.1513133 0.0404184 0.1196944 0.1513920 0.0222872 0.0087008 0.0146259 0.1639615 0.0145706 0.1228449 0.0166385 0.0063316 0.1260338 0.1500633 0.0200327 0.0100157 0.2928277 0.0262222 0.1312340 
Perityle_canescens_77                      0.1199865 0.2310696 0.1235694 0.2132456 0.1355982 0.0708581 0.1672445 0.1469877 0.2245367 0.1631157 0.1669411 0.1870483 0.1329325 0.1777853 0.2256459 0.2183169 0.1561417 0.0000000 0.1710710 0.1623504 0.1611595 0.1745011 0.1750627 0.1653093 0.1691197 0.0942776 0.1894947 0.1774657 0.1457579 0.1626433 0.1352268 0.1705711 0.1553946 0.1228164 0.1249086 0.1478980 0.0661567 0.2318886 0.1754942 0.1650307 0.1230553 0.1780753 0.1129681 0.0669431 0.1568129 0.1083692 0.1683521 0.1640146 0.1589147 0.1626867 0.1563448 0.1657281 0.1677356 0.1094222 0.0977621 0.2754074 0.1591571 0.1585424 0.1418611 0.1047718 0.1750701 0.1847790 0.1642295 0.1202584 0.1696591 0.1827695 0.1233059 0.1792344 0.1479464 0.1596928 0.1753060 0.1540371 0.2678369 0.1678955 0.1767099 0.1795610 0.1249262 0.1691001 0.1575830 0.2058564 0.1649579 0.1389638 
Perityle_castillonii_96                    0.1274317 0.1779596 0.1141920 0.1860760 0.1706446 0.1328336 0.1450082 0.1573186 0.2784807 0.1511660 0.0933267 0.0254901 0.0098074 0.0240345 0.0589829 0.1825038 0.0060044 0.1710710 0.0000000 0.0166859 0.0164528 0.0254481 0.0208393 0.0178066 0.0373969 0.1437177 0.0805778 0.1716202 0.1355643 0.1387644 0.1467034 0.1629008 0.0120213 0.0475090 0.1419508 0.0077227 0.1618330 0.1959168 0.0255826 0.0272128 0.1523935 0.0106259 0.1514666 0.1553574 0.0104760 0.1281697 0.0210151 0.0209224 0.0048746 0.0185199 0.0045321 0.0329013 0.0077764 0.1470825 0.1561261 0.1040170 0.0164439 0.0180510 0.1611405 0.1541571 0.1933180 0.0299254 0.0393946 0.1486874 0.0371928 0.1146428 0.1341042 0.0283401 0.0045544 0.0091090 0.1555574 0.0151272 0.1307466 0.0267869 0.0155045 0.1186284 0.1557669 0.0254042 0.0104865 0.1936337 0.0253992 0.1162074 
Perityle_cernua_84                         0.1318484 0.1877748 0.1101423 0.1884980 0.1775307 0.1379618 0.1345671 0.1645707 0.2687253 0.1454627 0.0968784 0.0267445 0.0213078 0.0298779 0.0715809 0.1751427 0.0072165 0.1623504 0.0166859 0.0000000 0.0172144 0.0302078 0.0223121 0.0185041 0.0434384 0.1498407 0.0827513 0.1804208 0.1434957 0.1494627 0.1606778 0.1615008 0.0086009 0.0476923 0.1408401 0.0058718 0.1636582 0.1866183 0.0289221 0.0304734 0.1531778 0.0069492 0.1459440 0.1594042 0.0000010 0.1369615 0.0230321 0.0214907 0.0095523 0.0267035 0.0072562 0.0375304 0.0061266 0.1429974 0.1682513 0.1075423 0.0171845 0.0187510 0.1613214 0.1658330 0.2123538 0.0399494 0.0317920 0.1471128 0.0431556 0.1166082 0.1370911 0.0315693 0.0058037 0.0131358 0.1666621 0.0145046 0.1268098 0.0198936 0.0217483 0.1187606 0.1494084 0.0228701 0.0100563 0.2032160 0.0272078 0.1304453 
Perityle_cfvillosa_25_tin                  0.1337919 0.1851474 0.1516777 0.1865337 0.1770061 0.1438256 0.1460762 0.1569975 0.2887815 0.1556028 0.1402886 0.0305218 0.0222707 0.0351676 0.0868771 0.2462172 0.0155050 0.1611595 0.0164528 0.0172144 0.0000000 0.0295665 0.0254552 0.0220151 0.0468803 0.1661423 0.0859494 0.1820096 0.1434043 0.1583780 0.1707563 0.1600213 0.0174886 0.0541123 0.1622484 0.0103475 0.1766291 0.2600723 0.0288402 0.0360075 0.1630086 0.0029513 0.1572067 0.1790012 0.0153529 0.1357374 0.0061614 0.0094101 0.0143950 0.0367653 0.0083012 0.0450623 0.0135187 0.1570666 0.1669196 0.1047790 0.0040133 0.0050497 0.1633942 0.1591579 0.2313146 0.0334377 0.0381234 0.1592412 0.0459273 0.1321343 0.1664141 0.0349172 0.0161669 0.0165194 0.1802718 0.0195378 0.1350667 0.0251920 0.0092445 0.1404935 0.1676091 0.0130162 0.0198215 0.3008928 0.0140833 0.1478933 
Perityle_coahuilensis_24                   0.1644515 0.1835498 0.1826813 0.1901069 0.1851231 0.1371371 0.1446557 0.1519815 0.3163806 0.1568864 0.1724678 0.0462389 0.0253532 0.0287053 0.0984841 0.2652796 0.0243885 0.1745011 0.0254481 0.0302078 0.0295665 0.0000000 0.0375625 0.0319437 0.0594327 0.1886363 0.0965010 0.1904640 0.1570817 0.1671194 0.1895908 0.1414555 0.0314131 0.0501304 0.1895183 0.0167704 0.2242259 0.2711336 0.0000010 0.0422732 0.1818467 0.0337502 0.1767470 0.2125720 0.0205072 0.1424896 0.0344918 0.0367108 0.0077662 0.0459491 0.0218630 0.0596487 0.0284655 0.2019682 0.1710233 0.1247324 0.0815132 0.0310907 0.1664087 0.1694366 0.2638145 0.0505656 0.0438244 0.1922116 0.0591942 0.1353658 0.2034123 0.0378503 0.0227893 0.0041251 0.1881221 0.0309308 0.1740311 0.0340231 0.0411439 0.1580717 0.1948159 0.0406452 0.0320066 0.3092049 0.0422832 0.1999980 
Perityle_cochisensis_44_cave_creek         0.1720885 0.1793058 0.2018213 0.1740137 0.1510162 0.1252789 0.1162328 0.1427289 0.3219564 0.1722149 0.1408700 0.0414914 0.0154672 0.0340705 0.1020457 0.1594409 0.0136675 0.1750627 0.0208393 0.0223121 0.0254552 0.0375625 0.0000000 0.0323005 0.0450114 0.1866563 0.1015642 0.1741282 0.1296562 0.1532233 0.1912695 0.1495566 0.0324733 0.0356839 0.1792418 0.0083811 0.2286416 0.1731852 0.0338738 0.0460865 0.1959548 0.0265312 0.1868047 0.2298380 0.0155391 0.1247707 0.0325535 0.0391570 0.0115752 0.0323272 0.0203652 0.0401143 0.0130896 0.1957173 0.1577147 0.1013053 0.0255067 0.0315114 0.1869157 0.1490228 0.2222750 0.0199128 0.0310633 0.1997066 0.0432077 0.1218447 0.1827361 0.0093837 0.0236450 0.0198366 0.1806920 0.0302057 0.2513355 0.0437580 0.0189067 0.1399467 0.1934723 0.0389827 0.0289164 0.1892366 0.0378070 0.1814961 
Perityle_congesta_202                      0.1620708 0.1876272 0.1637087 0.1941238 0.1809154 0.1380391 0.1488533 0.1610975 0.2994267 0.1648525 0.1427631 0.0312986 0.0066150 0.0298187 0.0842478 0.2613764 0.0167986 0.1653093 0.0178066 0.0185041 0.0220151 0.0319437 0.0323005 0.0000000 0.0487219 0.1554815 0.0947551 0.1903952 0.1551701 0.1624370 0.1768353 0.1463441 0.0156709 0.0595636 0.1581791 0.0102835 0.1900042 0.2693153 0.0305075 0.0334765 0.1673349 0.0120965 0.1753850 0.1834500 0.0141147 0.1372134 0.0212896 0.0242411 0.0116589 0.0364306 0.0123410 0.0485332 0.0208004 0.1952455 0.1700181 0.1037658 0.0626145 0.0171860 0.1623292 0.1649593 0.2605620 0.0398929 0.0349678 0.1796336 0.0512770 0.1352609 0.1680666 0.0377784 0.0133017 0.0157390 0.1871234 0.0051393 0.1335587 0.0270648 0.0123432 0.1539553 0.1642488 0.0289597 0.0190369 0.3104194 0.0293234 0.1585800 
Perityle_cordifolia_27                     0.1617003 0.1835367 0.1795514 0.1868984 0.1849840 0.1228355 0.1479202 0.1592849 0.3077555 0.1507393 0.1748307 0.0659196 0.0398026 0.0501985 0.0998078 0.2697868 0.0381407 0.1691197 0.0373969 0.0434384 0.0468803 0.0594327 0.0450114 0.0487219 0.0000000 0.1883659 0.1000554 0.1843362 0.1407146 0.1661395 0.1810116 0.1361156 0.0458752 0.0479022 0.1937601 0.0254165 0.2246587 0.2756920 0.0532479 0.0624180 0.1831058 0.0389776 0.1825488 0.2197729 0.0391682 0.1393270 0.0497462 0.0562132 0.0366736 0.0537740 0.0327838 0.0046697 0.0367704 0.2072845 0.1652230 0.1048912 0.0964524 0.0490830 0.1739832 0.1628491 0.2646457 0.0169420 0.0536884 0.1959700 0.0008675 0.1297263 0.1944124 0.0349874 0.0448305 0.0490102 0.1916878 0.0505712 0.1878253 0.0539666 0.0478216 0.1525957 0.1988371 0.0550445 0.0472103 0.3081730 0.0600940 0.1936394 
Perityle_cordifolia_68_tecolote            0.0881800 0.1981908 0.1147970 0.1955711 0.1297083 0.0602912 0.1377690 0.1498116 0.2905736 0.1472238 0.1455893 0.2248697 0.1227483 0.1424107 0.2184871 0.2144397 0.1461276 0.0942776 0.1437177 0.1498407 0.1661423 0.1886363 0.1866563 0.1554815 0.1883659 0.0000000 0.1619163 0.1635293 0.1288601 0.1582443 0.1088926 0.1268867 0.1924792 0.1022033 0.0968497 0.1253836 0.0990510 0.2193955 0.1492485 0.1970020 0.1018179 0.1872306 0.1054404 0.0986593 0.1719519 0.0762313 0.1617060 0.1608056 0.1306528 0.1519216 0.1484424 0.1855822 0.1823654 0.1100173 0.0076104 0.2446750 0.2170425 0.1828533 0.1198791 0.0892629 0.1472056 0.1887608 0.1865445 0.1208668 0.1485173 0.1553887 0.1316027 0.1742058 0.1830474 0.1803640 0.1583329 0.1786045 0.2737308 0.1610275 0.1731408 0.1584008 0.0974570 0.1643217 0.1485925 0.2676666 0.1915393 0.1231477 
Perityle_coronopifolia_28_patagonia        0.1727515 0.2050212 0.1740400 0.2153731 0.2202411 0.2053053 0.1788704 0.2029780 0.3320982 0.1623417 0.1590444 0.1093312 0.0749453 0.0873021 0.1214593 0.2805835 0.0698684 0.1894947 0.0805778 0.0827513 0.0859494 0.0965010 0.1015642 0.0947551 0.1000554 0.1619163 0.0000000 0.2117845 0.1794852 0.1863010 0.1787026 0.1652053 0.0901349 0.0757915 0.1620296 0.0737567 0.1773143 0.2849138 0.0898529 0.1043205 0.1731935 0.1060864 0.1881942 0.1768133 0.0844347 0.1645548 0.0975100 0.0956597 0.0757687 0.0940782 0.0792054 0.0998220 0.0914981 0.1994251 0.1978385 0.1418740 0.0858068 0.0924700 0.1781799 0.1993099 0.2511009 0.1160171 0.0925709 0.1626484 0.0903502 0.1539306 0.1660513 0.0918038 0.0911802 0.0830062 0.2048327 0.0897045 0.2246743 0.0978498 0.1130779 0.1700870 0.1678454 0.1046121 0.0798311 0.3399481 0.1001448 0.1527337 
Perityle_crassifolia_70_ventanas           0.1681078 0.1627509 0.2015585 0.2188625 0.1603572 0.1206737 0.1643936 0.1660747 0.3162326 0.1512457 0.1729816 0.1907602 0.1933647 0.1889839 0.2662983 0.1526631 0.1720500 0.1774657 0.1716202 0.1804208 0.1820096 0.1904640 0.1741282 0.1903952 0.1843362 0.1635293 0.2117845 0.0000000 0.0061943 0.0644000 0.1473079 0.1457852 0.1802832 0.0988980 0.1536913 0.1601152 0.1641945 0.1770654 0.1921064 0.1908201 0.1582053 0.1770731 0.1575663 0.1771288 0.1800734 0.1532492 0.1860881 0.1909264 0.1778962 0.1836235 0.1673126 0.1786033 0.1693948 0.1564378 0.1667591 0.2700564 0.1840178 0.1850979 0.1814909 0.1598583 0.1780313 0.1712783 0.1894584 0.1605372 0.1861938 0.1873572 0.1475367 0.1750494 0.1646741 0.1722419 0.0043394 0.1729135 0.3111464 0.1910223 0.1960964 0.1901044 0.1479655 0.1942933 0.1735624 0.2151191 0.1940734 0.0031514 
Perityle_crassifolia_74_playa_balandra     0.1224901 0.1615015 0.1309659 0.1895368 0.1305559 0.1259991 0.1312413 0.1306998 0.1870767 0.1375198 0.1319486 0.1564142 0.1267926 0.1563062 0.2585609 0.1218145 0.1350292 0.1457579 0.1355643 0.1434957 0.1434043 0.1570817 0.1296562 0.1551701 0.1407146 0.1288601 0.1794852 0.0061943 0.0000000 0.0442766 0.1237299 0.1438646 0.1458343 0.0953398 0.1267494 0.1257447 0.1402732 0.1343221 0.1578857 0.1576659 0.1354297 0.1388737 0.1372837 0.1456053 0.1421340 0.1212671 0.1510191 0.1500039 0.1441493 0.1479974 0.1323965 0.1367735 0.1258816 0.1289892 0.1353555 0.2425286 0.1455509 0.1440599 0.1530357 0.1366665 0.1249109 0.1394583 0.1552306 0.1292064 0.1427301 0.1488834 0.1340338 0.1653945 0.1302236 0.1335204 0.0020542 0.1382436 0.3015391 0.1586593 0.1501383 0.1528485 0.1324334 0.1548491 0.1413147 0.1592016 0.1544318 0.0000010 
Perityle_cuneata_34_cuneata_San_antonio    0.1609518 0.1309284 0.1695735 0.2189277 0.1399654 0.0871972 0.1622306 0.1673545 0.2951315 0.1350100 0.1444691 0.1606828 0.1462992 0.1543276 0.2139805 0.1836422 0.1471832 0.1626433 0.1387644 0.1494627 0.1583780 0.1671194 0.1532233 0.1624370 0.1661395 0.1582443 0.1863010 0.0644000 0.0442766 0.0000000 0.1496649 0.1244910 0.1524131 0.0876003 0.1404508 0.1348521 0.1569134 0.1983170 0.1672119 0.1609705 0.1482755 0.1522170 0.1416466 0.1608499 0.1569676 0.1311996 0.1600658 0.1675489 0.1446319 0.1539706 0.1451313 0.1611775 0.1479479 0.1432375 0.1533508 0.2403067 0.1581475 0.1598885 0.1603706 0.1233543 0.1819838 0.1475217 0.1623338 0.1574346 0.1656254 0.1745940 0.1476390 0.1370168 0.1403645 0.1484319 0.0631895 0.1525138 0.2897368 0.1637896 0.1455929 0.1726346 0.1445661 0.1660482 0.1449183 0.2350166 0.1677270 0.0202326 
Perityle_cuneata_4                         0.1230929 0.1871744 0.1532965 0.2097373 0.1339178 0.0517643 0.1742156 0.1526078 0.3067065 0.1393480 0.1503702 0.2033349 0.1471909 0.1571995 0.2237770 0.2035223 0.1515411 0.1352268 0.1467034 0.1606778 0.1707563 0.1895908 0.1912695 0.1768353 0.1810116 0.1088926 0.1787026 0.1473079 0.1237299 0.1496649 0.0000000 0.1175345 0.1897085 0.1118247 0.1180370 0.1450216 0.1261635 0.2072338 0.1649934 0.2018129 0.1180859 0.1913985 0.1191598 0.1279521 0.1811695 0.0886470 0.1842480 0.1824561 0.1466045 0.1657978 0.1598788 0.1816035 0.1847859 0.1082098 0.1037858 0.2272494 0.1640066 0.1871449 0.1347461 0.0994771 0.1570417 0.1672959 0.1868020 0.1176476 0.1549116 0.1463561 0.1297555 0.1580083 0.1889678 0.1749441 0.1507113 0.1774981 0.2912195 0.1793259 0.1733557 0.1540320 0.1101418 0.1820882 0.1596974 0.2539146 0.1908512 0.1226917 
Perityle_discoidea_81                      0.1591702 0.2115306 0.1301395 0.1971108 0.1670905 0.1540102 0.1509282 0.1501767 0.2172805 0.0013016 0.1670245 0.1751530 0.1299512 0.1550973 0.1949361 0.2393283 0.1334032 0.1705711 0.1629008 0.1615008 0.1600213 0.1414555 0.1495566 0.1463441 0.1361156 0.1268867 0.1652053 0.1457852 0.1438646 0.1244910 0.1175345 0.0000000 0.1544661 0.1239833 0.1174116 0.1455122 0.1551020 0.2414780 0.1405465 0.1530431 0.1295788 0.1694823 0.1404929 0.1429838 0.1392108 0.1235392 0.1505683 0.1468813 0.1601920 0.1426024 0.1493021 0.1443458 0.1586600 0.1444774 0.1511253 0.2613983 0.2053106 0.1457807 0.1556340 0.1467238 0.1867255 0.1731981 0.1399594 0.1434615 0.1412005 0.1499017 0.1355954 0.1950597 0.1602188 0.1343351 0.1474578 0.1359082 0.2406968 0.1613270 0.1766967 0.1646593 0.1266082 0.1732551 0.1641112 0.2589378 0.1507695 0.1185164 
Perityle_dissecta_201                      0.1577614 0.1690091 0.1763205 0.1861584 0.1699857 0.1284309 0.1388126 0.1513827 0.3140980 0.1680665 0.1711840 0.0257717 0.0104572 0.0279330 0.0696096 0.2425760 0.0104059 0.1553946 0.0120213 0.0086009 0.0174886 0.0314131 0.0324733 0.0156709 0.0458752 0.1924792 0.0901349 0.1802832 0.1458343 0.1524131 0.1897085 0.1544661 0.0000000 0.0447624 0.1911726 0.0025836 0.2324322 0.2531226 0.0290725 0.0334710 0.1824989 0.0107161 0.1686377 0.2270671 0.0149375 0.1292833 0.0184792 0.0211829 0.0052396 0.0315296 0.0054390 0.0448671 0.0201281 0.1878708 0.1623770 0.0946778 0.0240343 0.0144919 0.1613154 0.1522579 0.2570144 0.0266086 0.0333804 0.1861760 0.0436047 0.1295526 0.2014862 0.0251613 0.0094991 0.0159460 0.1735404 0.0149053 0.1643522 0.0223657 0.0062287 0.1449693 0.2006894 0.0207902 0.0123663 0.2833592 0.0231709 0.1951768 
Perityle_emoryi_47_punta_san_jose          0.0962727 0.1382920 0.0876043 0.1451836 0.1269374 0.1335829 0.0895556 0.1225179 0.1279578 0.1206648 0.0442209 0.0561014 0.0409652 0.0612640 0.1697843 0.1004571 0.0477833 0.1228164 0.0475090 0.0476923 0.0541123 0.0501304 0.0356839 0.0595636 0.0479022 0.1022033 0.0757915 0.0988980 0.0953398 0.0876003 0.1118247 0.1239833 0.0447624 0.0000000 0.0942239 0.0392278 0.1258783 0.1195128 0.0502566 0.0627584 0.1128600 0.0518488 0.1153075 0.1235395 0.0473732 0.0883126 0.0635929 0.0566856 0.0458550 0.0399515 0.0387157 0.0393094 0.0302331 0.1183315 0.1048582 0.1917298 0.0539746 0.0546596 0.1368488 0.1338373 0.1144751 0.0583851 0.0502922 0.1182526 0.0475905 0.0648858 0.1125257 0.0596181 0.0422759 0.0447568 0.0953398 0.0549682 0.2883731 0.0687518 0.0762443 0.0618912 0.1228356 0.0629269 0.0446165 0.1073489 0.0626205 0.0852236 
Perityle_feddemae_99                       0.1087199 0.1648311 0.1385792 0.2002916 0.0629663 0.0421775 0.1482577 0.1293688 0.2929461 0.1505240 0.1449390 0.2260033 0.1169621 0.1369620 0.1983501 0.1611898 0.1443792 0.1249086 0.1419508 0.1408401 0.1622484 0.1895183 0.1792418 0.1581791 0.1937601 0.0968497 0.1620296 0.1536913 0.1267494 0.1404508 0.1180370 0.1174116 0.1911726 0.0942239 0.0000000 0.1240472 0.1007709 0.1579664 0.1490702 0.2033895 0.0244980 0.1874314 0.0131889 0.1065443 0.1709614 0.0435643 0.1666129 0.1636394 0.1212803 0.1478961 0.1475295 0.1896213 0.1741134 0.0688205 0.0956636 0.2161067 0.1653642 0.1821392 0.0735808 0.0398946 0.1693160 0.1671410 0.1823360 0.0728056 0.1462463 0.1494662 0.1099602 0.1587341 0.1813253 0.1787157 0.1447724 0.1808681 0.2795287 0.1635966 0.1525857 0.1609571 0.0687838 0.1618563 0.1435999 0.2332877 0.1929343 0.1145018 
Perityle_fosteri_93                        0.1132397 0.1689813 0.0993181 0.1738773 0.1499828 0.1095700 0.1312646 0.1327989 0.2495318 0.1254598 0.0857691 0.0180528 0.0084050 0.0249205 0.0718695 0.1960191 0.0000010 0.1478980 0.0077227 0.0058718 0.0103475 0.0167704 0.0083811 0.0102835 0.0254165 0.1253836 0.0737567 0.1601152 0.1257447 0.1348521 0.1450216 0.1455122 0.0025836 0.0392278 0.1240472 0.0000000 0.1473893 0.2090186 0.0168758 0.0182501 0.1364856 0.0000010 0.1336916 0.1436933 0.0000010 0.1237502 0.0155863 0.0129060 0.0029373 0.0150694 0.0012977 0.0215054 0.0014975 0.1377708 0.1465696 0.0989409 0.0090405 0.0091198 0.1442092 0.1447343 0.2035807 0.0172113 0.0234246 0.1364608 0.0252560 0.1053281 0.1228680 0.0000010 0.0000010 0.0052422 0.1486200 0.0078400 0.1086117 0.0141059 0.0064635 0.1043176 0.1310615 0.0141747 0.0025792 0.1986770 0.0167732 0.1039179 
Perityle_gamon_221                         0.1188285 0.2194325 0.1285509 0.1777886 0.1233735 0.0655773 0.1500686 0.1363294 0.2968344 0.1751105 0.1620800 0.2699197 0.1159445 0.1520663 0.2017047 0.2092186 0.1702436 0.0661567 0.1618330 0.1636582 0.1766291 0.2242259 0.2286416 0.1900042 0.2246587 0.0990510 0.1773143 0.1641945 0.1402732 0.1569134 0.1261635 0.1551020 0.2324322 0.1258783 0.1007709 0.1473893 0.0000000 0.2057860 0.1798411 0.2348785 0.1074917 0.2278614 0.1143125 0.0319205 0.2005356 0.0956782 0.1928304 0.1940399 0.1450216 0.1674958 0.1827287 0.2184103 0.2178589 0.1230876 0.0812813 0.2481090 0.2270099 0.2100778 0.1326523 0.1106049 0.1675623 0.1963427 0.2231258 0.1230412 0.1698390 0.1717925 0.1446053 0.1932089 0.2187812 0.2128272 0.1614937 0.2172401 0.3070288 0.1905158 0.1791457 0.1902463 0.1163977 0.1897556 0.1775796 0.2417958 0.2267866 0.1260146 
Perityle_gentryi_8_san_francisco           0.2056951 0.2098809 0.2341134 0.3035468 0.1058313 0.0460936 0.2027174 0.1308308 0.3412425 0.2489015 0.2463677 0.1776022 0.3053776 0.2828500 0.2770668 0.0109492 0.2520067 0.2318886 0.1959168 0.1866183 0.2600723 0.2711336 0.1731852 0.2693153 0.2756920 0.2193955 0.2849138 0.1770654 0.1343221 0.1983170 0.2072338 0.2414780 0.2531226 0.1195128 0.1579664 0.2090186 0.2057860 0.0000000 0.2750836 0.2831770 0.1643512 0.1684880 0.1254673 0.2122849 0.2633699 0.0569079 0.2642121 0.2784711 0.2473512 0.2212175 0.2235964 0.2752894 0.2091904 0.0768932 0.1164460 0.2190401 0.2621569 0.2694006 0.1534399 0.0237993 0.1648081 0.1723914 0.2632180 0.1300826 0.2754794 0.2677676 0.1824318 0.1761380 0.2380842 0.2590125 0.2028665 0.2554903 0.4483770 0.2753099 0.1616389 0.2416590 0.1827172 0.2535813 0.2435506 0.2040393 0.2689517 0.2136210 
Perityle_gilensis_22_Superstition          0.1459083 0.1825963 0.1500768 0.1917939 0.1863606 0.1371371 0.1458750 0.1519815 0.3142972 0.1478081 0.1322352 0.0411933 0.0255639 0.0288946 0.0993429 0.2691686 0.0235692 0.1754942 0.0255826 0.0289221 0.0288402 0.0000010 0.0338738 0.0305075 0.0532479 0.1492485 0.0898529 0.1921064 0.1578857 0.1672119 0.1649934 0.1405465 0.0290725 0.0502566 0.1490702 0.0168758 0.1798411 0.2750836 0.0000000 0.0376429 0.1580659 0.0287625 0.1697066 0.1827607 0.0190975 0.1436090 0.0325684 0.0344113 0.0078152 0.0463256 0.0198030 0.0555425 0.0235796 0.1812665 0.1718445 0.1228344 0.0691790 0.0286559 0.1698320 0.1709810 0.2412714 0.0505656 0.0435201 0.1765063 0.0582489 0.1387886 0.1544421 0.0378503 0.0208331 0.0000010 0.1929122 0.0258898 0.1631470 0.0317839 0.0414949 0.1606577 0.1527881 0.0391861 0.0312046 0.3047688 0.0388688 0.1442399 
Perityle_gilensis_salensis_225             0.1755653 0.1857753 0.1962365 0.2010842 0.1868536 0.1437460 0.1404906 0.1620828 0.3220102 0.1735015 0.1845433 0.0454109 0.0272252 0.0321958 0.0947454 0.2758439 0.0228598 0.1650307 0.0272128 0.0304734 0.0360075 0.0422732 0.0460865 0.0334765 0.0624180 0.1970020 0.1043205 0.1908201 0.1576659 0.1609705 0.2018129 0.1530431 0.0334710 0.0627584 0.2033895 0.0182501 0.2348785 0.2831770 0.0376429 0.0000000 0.1949148 0.0327643 0.1846591 0.2269819 0.0334881 0.1517997 0.0369922 0.0374069 0.0184167 0.0449221 0.0219439 0.0608371 0.0322935 0.2083510 0.1732308 0.1203536 0.0596176 0.0312345 0.1699982 0.1804755 0.2775071 0.0435251 0.0519157 0.1939028 0.0594572 0.1369941 0.2028890 0.0444126 0.0239108 0.0305616 0.1856419 0.0345985 0.1737431 0.0370798 0.0287627 0.1577272 0.2026702 0.0430935 0.0311540 0.3154498 0.0459724 0.1893530 
Perityle_glaucescens_94                    0.1118862 0.1814765 0.1430049 0.2109614 0.0647497 0.0368540 0.1609879 0.1403937 0.2953966 0.1580042 0.1521185 0.2126143 0.1214244 0.1461303 0.2011595 0.1634476 0.1440488 0.1230553 0.1523935 0.1531778 0.1630086 0.1818467 0.1959548 0.1673349 0.1831058 0.1018179 0.1731935 0.1582053 0.1354297 0.1482755 0.1180859 0.1295788 0.1824989 0.1128600 0.0244980 0.1364856 0.1074917 0.1643512 0.1580659 0.1949148 0.0000000 0.1952167 0.0032079 0.1091839 0.1773419 0.0493113 0.1748375 0.1738697 0.1301287 0.1645824 0.1582719 0.1836991 0.1896268 0.0758630 0.0940160 0.2244536 0.1530064 0.1797329 0.0787016 0.0458010 0.1744157 0.1826661 0.1748425 0.0760125 0.1570969 0.1558576 0.1032636 0.1727930 0.1841730 0.1692625 0.1546313 0.1700404 0.2900792 0.1738663 0.1634938 0.1686002 0.0672613 0.1695032 0.1563284 0.2255412 0.1820783 0.1213291 
Perityle_gracilis_11                       0.1743384 0.1818228 0.1983248 0.1861868 0.1526321 0.1309656 0.1273881 0.1318977 0.2935025 0.1884111 0.1411172 0.0267999 0.0000010 0.0251192 0.1052042 0.1535677 0.0000010 0.1780753 0.0106259 0.0069492 0.0029513 0.0337502 0.0265312 0.0120965 0.0389776 0.1872306 0.1060864 0.1770731 0.1388737 0.1522170 0.1913985 0.1694823 0.0107161 0.0518488 0.1874314 0.0000010 0.2278614 0.1684880 0.0287625 0.0327643 0.1952167 0.0000000 0.1815774 0.2295824 0.0121855 0.1318484 0.0053392 0.0135768 0.0019665 0.0336551 0.0042615 0.0351595 0.0166204 0.1981140 0.1613589 0.0979180 0.0014764 0.0093731 0.1795239 0.1534480 0.2182031 0.0239251 0.0381197 0.2052493 0.0337811 0.1176876 0.1871848 0.0259842 0.0067932 0.0123173 0.1794427 0.0095134 0.2162331 0.0264135 0.0063070 0.1379502 0.1945048 0.0097348 0.0086969 0.1877155 0.0133244 0.1874345 
Perityle_harkerae_31                       0.1075830 0.1786360 0.1398151 0.2142715 0.0677485 0.0458319 0.1506994 0.1452763 0.2891870 0.1701736 0.1374452 0.1860755 0.1300180 0.1645985 0.1926848 0.1164257 0.1417950 0.1129681 0.1514666 0.1459440 0.1572067 0.1767470 0.1868047 0.1753850 0.1825488 0.1054404 0.1881942 0.1575663 0.1372837 0.1416466 0.1191598 0.1404929 0.1686377 0.1153075 0.0131889 0.1336916 0.1143125 0.1254673 0.1697066 0.1846591 0.0032079 0.1815774 0.0000000 0.1158443 0.1709632 0.0476831 0.1738226 0.1843129 0.1363611 0.1584851 0.1564772 0.1802976 0.1791972 0.0633538 0.0947010 0.2239674 0.1513527 0.1753049 0.0798733 0.0460267 0.1544732 0.1825236 0.1694893 0.0748034 0.1665359 0.1561136 0.0798873 0.1717085 0.1619180 0.1629712 0.1493719 0.1667572 0.3230293 0.1840051 0.1681217 0.1557717 0.0667100 0.1709467 0.1522514 0.1535973 0.1738725 0.1210995 
Perityle_hofmeisteria_4_nombre_de_dios     0.1171800 0.2206239 0.1444163 0.1934495 0.1226181 0.0667779 0.1537865 0.1507620 0.2871996 0.1985397 0.1528564 0.2639670 0.1077098 0.1414848 0.1945398 0.2135079 0.1640241 0.0669431 0.1553574 0.1594042 0.1790012 0.2125720 0.2298380 0.1834500 0.2197729 0.0986593 0.1768133 0.1771288 0.1456053 0.1608499 0.1279521 0.1429838 0.2270671 0.1235395 0.1065443 0.1436933 0.0319205 0.2122849 0.1827607 0.2269819 0.1091839 0.2295824 0.1158443 0.0000000 0.2009285 0.0936245 0.1890998 0.1927466 0.1361446 0.1701061 0.1822661 0.2152079 0.2171152 0.1208555 0.0769966 0.2449213 0.2203452 0.2048728 0.1251731 0.1009870 0.1661808 0.1892485 0.2180185 0.1159123 0.1657007 0.1643453 0.1416012 0.1864825 0.2129728 0.1977365 0.1606532 0.2103661 0.2843322 0.1894036 0.1679013 0.1799303 0.1158781 0.1877530 0.1706667 0.2639881 0.2195782 0.1256396 
Perityle_huecosensis_48                    0.1543877 0.1774565 0.1741721 0.1812329 0.1698996 0.1281370 0.1384205 0.1538937 0.3140873 0.1548996 0.1554697 0.0354984 0.0084223 0.0239184 0.0702882 0.2605782 0.0049857 0.1568129 0.0104760 0.0000010 0.0153529 0.0205072 0.0155391 0.0141147 0.0391682 0.1719519 0.0844347 0.1800734 0.1421340 0.1569676 0.1811695 0.1392108 0.0149375 0.0473732 0.1709614 0.0000010 0.2005356 0.2633699 0.0190975 0.0334881 0.1773419 0.0121855 0.1709632 0.2009285 0.0000000 0.1294616 0.0177985 0.0194428 0.0039079 0.0290840 0.0087681 0.0384684 0.0047118 0.1892617 0.1625952 0.0961867 0.0148471 0.0143998 0.1572117 0.1559501 0.2571897 0.0266442 0.0242979 0.1744313 0.0376915 0.1247922 0.1819705 0.0220835 0.0106670 0.0090854 0.1748026 0.0139003 0.1542225 0.0189547 0.0093651 0.1444128 0.1775966 0.0219213 0.0155397 0.2969220 0.0248300 0.1702146 
Perityle_incana_3_ucla                     0.0750715 0.1773777 0.0706979 0.1615286 0.0392094 0.0295160 0.1222474 0.0705454 0.2475508 0.1206738 0.1373759 0.1274971 0.1215251 0.1481053 0.1928823 0.0408714 0.1309972 0.1083692 0.1281697 0.1369615 0.1357374 0.1424896 0.1247707 0.1372134 0.1393270 0.0762313 0.1645548 0.1532492 0.1212671 0.1311996 0.0886470 0.1235392 0.1292833 0.0883126 0.0435643 0.1237502 0.0956782 0.0569079 0.1436090 0.1517997 0.0493113 0.1318484 0.0476831 0.0936245 0.1294616 0.0000000 0.1388071 0.1379867 0.1240052 0.1199073 0.1250689 0.1360102 0.1211703 0.0484889 0.0746933 0.2047980 0.1329689 0.1364090 0.0685974 0.0282879 0.1111072 0.1540737 0.1397811 0.0551069 0.1407427 0.1459704 0.0411719 0.1404923 0.1224521 0.1313169 0.1503873 0.1210244 0.3064544 0.1506797 0.1417968 0.1438103 0.0460810 0.1444056 0.1307057 0.0568797 0.1443314 0.1208267 
