69
Amauria_brandeegeana_62                    0.0000000 0.0664302 0.2481680 0.1303807 0.1344722 0.0390050 0.1435271 0.1100276 0.1309114 0.0021076 0.1170750 0.1464160 0.1508943 0.0905875 0.1119270 0.0759801 0.1440592 0.1023111 0.0897126 0.1499746 0.0913848 0.0998204 0.0975286 0.0787963 0.0955727 0.1024778 0.1185783 0.0839760 0.1596257 0.1043951 0.0986696 0.0010388 0.1389920 0.2277881 0.1508486 0.0959517 0.1029875 0.0964505 0.1524886 0.1037478 0.0328500 0.1545332 0.1444657 0.0956272 0.0913321 0.0975188 0.1435095 0.1210008 0.0514265 0.0969348 0.1488806 0.0989113 0.1625618 0.2564179 0.0907666 0.1499008 0.0900935 0.1187056 0.1015544 0.0949069 0.1073952 0.1489108 0.1030514 0.1003106 0.0448888 0.1139513 0.0888726 0.0976601 0.0604156 
Amauria_carterae_99_mesa                   0.0664302 0.0000000 0.0649701 0.0990765 0.0501070 0.0273438 0.1375189 0.0574964 0.1011414 0.0573991 0.0860981 0.0553958 0.0578696 0.0550494 0.0847216 0.0615460 0.0448412 0.0504844 0.0595282 0.0525832 0.0726452 0.0848078 0.0718202 0.0725944 0.0726901 0.0799361 0.0982411 0.0319452 0.1610750 0.0778667 0.0933591 0.0573614 0.0850686 0.0502005 0.0227293 0.0719274 0.0692341 0.0701573 0.0257220 0.0873727 0.0667033 0.0601996 0.0598831 0.0677692 0.0692529 0.0862551 0.0552741 0.0586223 0.0788222 0.0695620 0.0583755 0.0778429 0.0500116 0.1795571 0.0697787 0.0583568 0.0695601 0.0869193 0.0630358 0.0718202 0.0335671 0.0553421 0.0705864 0.0815738 0.0721765 0.0908937 0.0699467 0.0710716 0.0604749 
Amauria_rotundifolia_SRR9119150            0.2481680 0.0649701 0.0000000 0.2520820 0.1947429 0.0766977 0.2765540 0.0994111 0.2777718 0.1931130 0.3199478 0.2083260 0.1793781 0.1831677 0.2959878 0.2442008 0.2153619 0.1874996 0.2192903 0.1677644 0.2322893 0.2043434 0.3165806 0.1930101 0.2734887 0.2956906 0.3087528 0.1329456 0.2975482 0.2827828 0.3030063 0.2013289 0.3140668 0.1030040 0.2234852 0.2768553 0.2349993 0.2391762 0.2300268 0.2968773 0.1602984 0.1845338 0.2048246 0.2204587 0.2305696 0.2730135 0.1860882 0.1771447 0.1361698 0.2318679 0.2029886 0.1336983 0.2021087 0.3653962 0.2536035 0.1834974 0.2773827 0.1189671 0.2469425 0.2735967 0.1750394 0.1991384 0.2659729 0.2620534 0.1027788 0.3020031 0.2247892 0.2475936 0.2830897 
Conoclinium_coelestinum_SRR9119114         0.1303807 0.0990765 0.2520820 0.0000000 0.2048555 0.1171311 0.2082452 0.1364165 0.2236443 0.1222954 0.2471382 0.1900625 0.2032232 0.1833253 0.2456527 0.1396254 0.2118969 0.1965181 0.1329984 0.1805425 0.1442985 0.1778224 0.2006366 0.1394575 0.1700969 0.2321881 0.2478048 0.1471787 0.2377601 0.2038753 0.2565105 0.1217053 0.2426502 0.2145588 0.2022027 0.1731010 0.1374063 0.1404372 0.2061776 0.2379255 0.1614577 0.2046322 0.2117313 0.1379657 0.1386167 0.2370908 0.2028060 0.1962723 0.1391824 0.1412608 0.2041106 0.1277235 0.2141672 0.2945071 0.1639872 0.2017431 0.2293451 0.1437054 0.1384782 0.1754489 0.1914429 0.2015636 0.1514430 0.2306342 0.1297726 0.2391998 0.1336641 0.1392761 0.2128327 
Eutetras_palmeri_63                        0.1344722 0.0501070 0.1947429 0.2048555 0.0000000 0.0191988 0.1598645 0.0901748 0.1878289 0.1206632 0.1605653 0.0687428 0.0734437 0.0622191 0.1312297 0.1240591 0.1441831 0.0658801 0.1168793 0.0640650 0.1222309 0.0970926 0.1608817 0.1294986 0.1373909 0.1226639 0.1537119 0.0679107 0.2265607 0.1359213 0.1456112 0.0879893 0.1294935 0.1171421 0.1076270 0.1465497 0.1200242 0.1245377 0.1093257 0.1330878 0.0911273 0.0752695 0.0765265 0.1252633 0.1198764 0.1346833 0.0684538 0.0908218 0.0845261 0.1201723 0.0724244 0.0730524 0.1457983 0.2800258 0.1455847 0.0734006 0.1201517 0.0682137 0.1168339 0.1408122 0.0782273 0.0707371 0.1314274 0.1227213 0.0763728 0.1422744 0.1191371 0.1200609 0.1101561 
Eutetras_pringlei_149_quer                 0.0390050 0.0273438 0.0766977 0.1171311 0.0191988 0.0000000 0.1225735 0.0840713 0.1089623 0.0239747 0.0881977 0.0357173 0.0234440 0.0310254 0.0847175 0.0315624 0.0481092 0.0345825 0.0312365 0.0318526 0.0502824 0.1022353 0.0389786 0.0352049 0.0394533 0.1031093 0.1076954 0.0357528 0.1743861 0.1005594 0.1079851 0.0277596 0.0844275 0.0233469 0.0355551 0.0353605 0.0392756 0.0393108 0.0395848 0.0991221 0.0691741 0.0356011 0.0353124 0.0353785 0.0391187 0.0999710 0.0237504 0.0400399 0.0469934 0.0391142 0.0353166 0.0634427 0.0566783 0.1838457 0.0314458 0.0390385 0.0851928 0.0596829 0.0312365 0.0389786 0.0470409 0.0277595 0.0391648 0.0956507 0.0433228 0.1076207 0.0318359 0.0429289 0.0619555 
Eutrochium_fistulosum_SRR9119106           0.1435271 0.1375189 0.2765540 0.2082452 0.1598645 0.1225735 0.0000000 0.1869511 0.2153797 0.1272507 0.1687965 0.1323025 0.1496198 0.1384716 0.1638588 0.1197924 0.1951048 0.1526137 0.1292656 0.1415133 0.1373640 0.1588475 0.1466557 0.1281587 0.1434063 0.1421008 0.1671395 0.1573294 0.2454725 0.1547416 0.1700310 0.1266926 0.1612290 0.2280037 0.1792719 0.1476631 0.1341053 0.1336682 0.1856793 0.1681875 0.1045645 0.1410711 0.1436661 0.1326659 0.1361230 0.1551539 0.1402514 0.1426911 0.1177031 0.1340960 0.1392433 0.1826080 0.1965252 0.2621998 0.1349218 0.1404353 0.1339581 0.2472164 0.1293619 0.1474658 0.1678574 0.1251132 0.1401503 0.1568211 0.1012220 0.1649069 0.1306684 0.1313450 0.1289565 
Galeana_pratensis_104_mex                  0.1100276 0.0574964 0.0994111 0.1364165 0.0901748 0.0840713 0.1869511 0.0000000 0.1282835 0.0948701 0.1442533 0.0839717 0.0790828 0.0843520 0.1315312 0.0806022 0.0833190 0.0787744 0.0923806 0.0737973 0.1023347 0.1339042 0.0995914 0.0978350 0.0991468 0.1287403 0.1438464 0.0576507 0.2042913 0.1210394 0.1366667 0.0948023 0.1332604 0.0832698 0.0714027 0.0997133 0.0975060 0.0962729 0.0744456 0.1307923 0.1110257 0.0899131 0.0894646 0.0977310 0.0988621 0.1361621 0.0831453 0.0818705 0.0989662 0.0976634 0.0896277 0.0951166 0.0749407 0.2008113 0.0981569 0.0882512 0.1174662 0.1236310 0.0908412 0.0995914 0.0641214 0.0801847 0.0934295 0.1310586 0.0994922 0.1324406 0.0984120 0.0973906 0.1086151 
Helianthus_annuus_SRR9119062               0.1309114 0.1011414 0.2777718 0.2236443 0.1878289 0.1089623 0.2153797 0.1282835 0.0000000 0.1195867 0.2395851 0.1868441 0.1760529 0.1706956 0.2268875 0.1351046 0.2171171 0.1707024 0.1260933 0.1707785 0.1336620 0.1947260 0.1837549 0.1307642 0.1477393 0.2205142 0.2518618 0.1340225 0.2669653 0.1980633 0.2291012 0.1222200 0.2207684 0.2062713 0.2050754 0.1640898 0.1283174 0.1324871 0.2055597 0.2361507 0.1552138 0.1750518 0.1923517 0.1347933 0.1326713 0.2219046 0.1815464 0.1839306 0.1119712 0.1300677 0.1854300 0.1486216 0.2264643 0.2908015 0.1633272 0.1711450 0.2184475 0.1536519 0.1279977 0.1591725 0.1712631 0.1897090 0.1410186 0.2200385 0.0990352 0.2265168 0.1298255 0.1331564 0.1980069 
Lycapsus_tenuifolius_17                    0.0021076 0.0573991 0.1931130 0.1222954 0.1206632 0.0239747 0.1272507 0.0948701 0.1195867 0.0000000 0.0703566 0.1277714 0.1352111 0.0775899 0.0730055 0.0513710 0.1301132 0.0853656 0.0634200 0.1268489 0.0735669 0.0459088 0.0716742 0.0643070 0.0710793 0.0700098 0.0807320 0.0763015 0.1223989 0.0628442 0.0708239 0.0000010 0.0749663 0.1621071 0.1355554 0.0705525 0.0726880 0.0739594 0.1366511 0.0765779 0.0089981 0.1363700 0.1306445 0.0701563 0.0715554 0.0688876 0.1272022 0.1039028 0.0343880 0.0717717 0.1306766 0.0865341 0.1484647 0.2164252 0.0686283 0.1289714 0.0530065 0.0977732 0.0671553 0.0704549 0.0905513 0.1292633 0.0741308 0.0780602 0.0333169 0.0739613 0.0677865 0.0717522 0.0316063 
Pericome_caudata_50_silver                 0.1170750 0.0860981 0.3199478 0.2471382 0.1605653 0.0881977 0.1687965 0.1442533 0.2395851 0.0703566 0.0000000 0.1961086 0.1665872 0.1361906 0.1218533 0.1077746 0.2375820 0.1418704 0.1017812 0.1640323 0.1098463 0.0892387 0.1891551 0.0970614 0.1421669 0.1141622 0.1346105 0.1208185 0.1792350 0.1201877 0.1257374 0.0766238 0.1397359 0.2436866 0.1985471 0.1496835 0.1104545 0.1073554 0.2178021 0.1293153 0.0465425 0.1805774 0.1946028 0.0962507 0.1074146 0.1180853 0.1714706 0.1569325 0.0513320 0.1089228 0.1978807 0.1522197 0.2441269 0.2382234 0.1418158 0.1775970 0.0687292 0.1576905 0.1179195 0.1448985 0.1530597 0.1948406 0.1311365 0.1148323 0.0495340 0.1381030 0.1013191 0.1197473 0.1158948 
Perityle_aglossa_84_dead_horse             0.1464160 0.0553958 0.2083260 0.1900625 0.0687428 0.0357173 0.1323025 0.0839717 0.1868441 0.1277714 0.1961086 0.0000000 0.0237995 0.0140024 0.1128056 0.1309257 0.1651268 0.0437249 0.1219604 0.0254006 0.1319438 0.1164294 0.1969782 0.1276689 0.1447140 0.1087836 0.1368953 0.0703474 0.2392149 0.1534704 0.1553095 0.0883757 0.1060527 0.1626762 0.1127887 0.1510793 0.1288284 0.1243912 0.1274507 0.1210667 0.0755375 0.0153197 0.0233652 0.1281185 0.1265914 0.1144289 0.0235628 0.0443614 0.0709941 0.1202883 0.0220922 0.0369758 0.1444669 0.2963353 0.1416301 0.0233808 0.1235135 0.0220023 0.1350471 0.1475902 0.0870886 0.0207485 0.1375668 0.1031412 0.0646650 0.1291136 0.1209644 0.1262575 0.1033578 
Perityle_ambrosiifolia_67_green            0.1508943 0.0578696 0.1793781 0.2032232 0.0734437 0.0234440 0.1496198 0.0790828 0.1760529 0.1352111 0.1665872 0.0237995 0.0000000 0.0230095 0.1243579 0.1285665 0.1571435 0.0435856 0.1209981 0.0304449 0.1315961 0.0853156 0.1598256 0.1316624 0.1435378 0.1111787 0.1383280 0.0733417 0.2163019 0.1472014 0.1558028 0.0923296 0.1136043 0.1001721 0.1096080 0.1548494 0.1223515 0.1269620 0.1125022 0.1228365 0.0818662 0.0279739 0.0299835 0.1277579 0.1217340 0.1219723 0.0319740 0.0477432 0.0778538 0.1226483 0.0261858 0.0490964 0.1422484 0.2757515 0.1501375 0.0311064 0.1202863 0.0293712 0.1208288 0.1460515 0.0890093 0.0276965 0.1359512 0.1092981 0.0679693 0.1272815 0.1215501 0.1237895 0.1065363 
Perityle_angustifolia_13_Eagle_creek       0.0905875 0.0550494 0.1831677 0.1833253 0.0622191 0.0310254 0.1384716 0.0843520 0.1706956 0.0775899 0.1361906 0.0140024 0.0230095 0.0000000 0.0952959 0.0921504 0.1244250 0.0438027 0.0799634 0.0114765 0.0856735 0.1016830 0.1219529 0.0828259 0.1089716 0.0783052 0.1140879 0.0723567 0.1788884 0.1111144 0.1208033 0.0791042 0.0849082 0.0861072 0.0982646 0.1173905 0.0827193 0.0802492 0.0978479 0.0905786 0.0784938 0.0204810 0.0203930 0.0811462 0.0826065 0.0930243 0.0033704 0.0426061 0.0703158 0.0828324 0.0182403 0.0449330 0.1545999 0.2024412 0.1177230 0.0229219 0.0903677 0.0166739 0.0800539 0.1138545 0.0910288 0.0209970 0.0928684 0.0802509 0.0712987 0.0973888 0.0835072 0.0843236 0.0808062 
Perityle_batopilensis_97                   0.1119270 0.0847216 0.2959878 0.2456527 0.1312297 0.0847175 0.1638588 0.1315312 0.2268875 0.0730055 0.1218533 0.1128056 0.1243579 0.0952959 0.0000000 0.0718515 0.2211749 0.1160801 0.0592430 0.1154222 0.0599979 0.0498251 0.1265291 0.0515648 0.0998155 0.0421496 0.0737531 0.0996309 0.1848905 0.1103547 0.1160244 0.0755114 0.0688141 0.2275698 0.1700299 0.1015152 0.0642667 0.0629476 0.1716017 0.0584759 0.0359985 0.1263672 0.1222076 0.0625677 0.0596037 0.0414648 0.1125742 0.1143922 0.0350463 0.0625347 0.1207114 0.1421207 0.2174169 0.2234096 0.0987203 0.1185502 0.0819676 0.1527601 0.0819733 0.0995976 0.1233230 0.1165801 0.0882288 0.0396550 0.0369669 0.0716201 0.0643171 0.0751804 0.0628239 
Perityle_bisetosa_9                        0.0759801 0.0615460 0.2442008 0.1396254 0.1240591 0.0315624 0.1197924 0.0806022 0.1351046 0.0513710 0.1077746 0.1309257 0.1285665 0.0921504 0.0718515 0.0000000 0.1293465 0.1042846 0.0065330 0.1337777 0.0190665 0.0932261 0.0445738 0.0124548 0.0252878 0.0594273 0.0796572 0.0832936 0.1599777 0.1178232 0.1159106 0.0520330 0.0848247 0.2134295 0.1480485 0.0226678 0.0207464 0.0172801 0.1521825 0.0576744 0.0661738 0.1459069 0.1370085 0.0193757 0.0177074 0.0575299 0.1245776 0.1121538 0.0159249 0.0224258 0.1366732 0.0821064 0.1514337 0.2399769 0.0127635 0.1319808 0.0798585 0.1092115 0.0114326 0.0225771 0.1092931 0.1349448 0.0202501 0.0471673 0.0136986 0.0727153 0.0116857 0.0194466 0.0729150 
Perityle_californica_76_positas            0.1440592 0.0448412 0.2153619 0.2118969 0.1441831 0.0481092 0.1951048 0.0833190 0.2171171 0.1301132 0.2375820 0.1651268 0.1571435 0.1244250 0.2211749 0.1293465 0.0000000 0.1162598 0.1301083 0.1349335 0.1420439 0.1577634 0.1880618 0.1383434 0.1433570 0.2200247 0.2415019 0.0683991 0.2267013 0.2030306 0.2288622 0.1079023 0.2240316 0.1290803 0.1656051 0.1565400 0.1300033 0.1360002 0.1640540 0.2296427 0.1170833 0.1589248 0.1581416 0.1332638 0.1285774 0.2200397 0.1534040 0.1516740 0.0847199 0.1303241 0.1598109 0.0984322 0.1556476 0.2886883 0.1484118 0.1604019 0.2232436 0.0906489 0.1277979 0.1510302 0.1031979 0.1587270 0.1484260 0.2185202 0.0825121 0.2242571 0.1295510 0.1312198 0.1953951 
Perityle_canescens_77                      0.1023111 0.0504844 0.1874996 0.1965181 0.0658801 0.0345825 0.1526137 0.0787744 0.1707024 0.0853656 0.1418704 0.0437249 0.0435856 0.0438027 0.1160801 0.1042846 0.1162598 0.0000000 0.0988030 0.0403951 0.1027824 0.1232836 0.1241276 0.1043675 0.1205294 0.1039288 0.1306154 0.0745191 0.1909133 0.1202744 0.1360803 0.0858916 0.1152499 0.0911009 0.0841914 0.1243799 0.0957153 0.0991891 0.0865936 0.1107730 0.0840817 0.0446295 0.0493564 0.0998743 0.0955897 0.1174418 0.0458596 0.0443266 0.0776643 0.0973642 0.0449578 0.0419216 0.1272975 0.2527202 0.1169540 0.0461499 0.1068884 0.0323461 0.0931668 0.1241276 0.0926211 0.0471535 0.1107470 0.1093663 0.0724518 0.1192413 0.0965762 0.0987911 0.0991670 
Perityle_castillonii_96                    0.0897126 0.0595282 0.2192903 0.1329984 0.1168793 0.0312365 0.1292656 0.0923806 0.1260933 0.0634200 0.1017812 0.1219604 0.1209981 0.0799634 0.0592430 0.0065330 0.1301083 0.0988030 0.0000000 0.1200482 0.0187102 0.0536769 0.0182395 0.0130285 0.0210973 0.0459174 0.0675942 0.0784099 0.1708596 0.0933595 0.0969803 0.0648827 0.0708904 0.1911827 0.1355933 0.0190889 0.0194908 0.0181764 0.1387406 0.0620820 0.0299446 0.1322689 0.1232713 0.0185649 0.0181542 0.0471071 0.1147122 0.1081155 0.0227503 0.0219381 0.1258436 0.0826175 0.1446807 0.2229216 0.0156068 0.1236367 0.0753524 0.1032202 0.0194882 0.0181900 0.1005443 0.1245556 0.0200579 0.0396080 0.0099104 0.0647330 0.0155805 0.0191301 0.0538504 
Perityle_cernua_84                         0.1499746 0.0525832 0.1677644 0.1805425 0.0640650 0.0318526 0.1415133 0.0737973 0.1707785 0.1268489 0.1640323 0.0254006 0.0304449 0.0114765 0.1154222 0.1337777 0.1349335 0.0403951 0.1200482 0.0000000 0.1277564 0.0825161 0.1384517 0.1228940 0.1417427 0.1095458 0.1390663 0.0718234 0.2328801 0.1475509 0.1515481 0.0844472 0.1123335 0.1213787 0.1040097 0.1480104 0.1192501 0.1267225 0.1056479 0.1227893 0.0703550 0.0269670 0.0288964 0.1261965 0.1214493 0.1239812 0.0115999 0.0398657 0.0680893 0.1154560 0.0256264 0.0422503 0.1303328 0.3030303 0.1339056 0.0232226 0.1288196 0.0149608 0.1262387 0.1435807 0.0839252 0.0266556 0.1352721 0.1061264 0.0635172 0.1282896 0.1231686 0.1226719 0.1086858 
Perityle_cfvillosa_25_tin                  0.0913848 0.0726452 0.2322893 0.1442985 0.1222309 0.0502824 0.1373640 0.1023347 0.1336620 0.0735669 0.1098463 0.1319438 0.1315961 0.0856735 0.0599979 0.0190665 0.1420439 0.1027824 0.0187102 0.1277564 0.0000000 0.0681618 0.0035994 0.0069144 0.0054165 0.0499137 0.0717745 0.0863324 0.1845595 0.0987731 0.1029076 0.0658848 0.0570853 0.2130261 0.1414264 0.0044698 0.0046625 0.0026773 0.1456142 0.0662501 0.0333610 0.1413241 0.1311602 0.0153369 0.0026805 0.0520844 0.1245407 0.1106218 0.0312464 0.0017905 0.1349330 0.0817903 0.1541444 0.2325733 0.0156786 0.1340247 0.0725435 0.1092356 0.0228992 0.0035839 0.1093718 0.1318217 0.0101072 0.0461940 0.0000010 0.0637332 0.0166308 0.0008922 0.0543267 
Perityle_cinerea_113_Powell1310            0.0998204 0.0848078 0.2043434 0.1778224 0.0970926 0.1022353 0.1588475 0.1339042 0.1947260 0.0459088 0.0892387 0.1164294 0.0853156 0.1016830 0.0498251 0.0932261 0.1577634 0.1232836 0.0536769 0.0825161 0.0681618 0.0000000 0.1289015 0.0398187 0.1292885 0.0481561 0.0761147 0.0938220 0.0886787 0.1134166 0.1228696 0.0640166 0.0374308 0.1500685 0.1032013 0.1293628 0.0657685 0.0613939 0.1073179 0.0290922 0.0450010 0.1149119 0.1196707 0.0576958 0.0616104 0.0511909 0.0945108 0.1033314 0.0397112 0.0654097 0.1149890 0.1343719 0.1335734 0.0333540 0.1221763 0.1011777 0.0627050 0.1581858 0.1044701 0.1289015 0.1186981 0.1077446 0.1257585 0.0431678 0.0437765 0.0753919 0.0674030 0.1190328 0.0397053 
Perityle_coahuilensis_24                   0.0975286 0.0718202 0.3165806 0.2006366 0.1608817 0.0389786 0.1466557 0.0995914 0.1837549 0.0716742 0.1891551 0.1969782 0.1598256 0.1219529 0.1265291 0.0445738 0.1880618 0.1241276 0.0182395 0.1384517 0.0035994 0.1289015 0.0000000 0.0059746 0.0028493 0.0985457 0.1296387 0.0944527 0.1770827 0.1355537 0.1624143 0.0719251 0.1491650 0.2722820 0.1933438 0.0014643 0.0026413 0.0008227 0.2208826 0.1173771 0.0725013 0.1673424 0.1766986 0.0144751 0.0008355 0.1224536 0.1786052 0.1528928 0.0297617 0.0040872 0.1954351 0.0992465 0.2001625 0.2381483 0.0147518 0.1804657 0.1270107 0.1141661 0.0229310 0.0000010 0.1281266 0.1875433 0.0080068 0.1059741 0.0000010 0.1410588 0.0163291 0.0028629 0.1304146 
Perityle_cochisensis_44_cave_creek         0.0787963 0.0725944 0.1930101 0.1394575 0.1294986 0.0352049 0.1281587 0.0978350 0.1307642 0.0643070 0.0970614 0.1276689 0.1316624 0.0828259 0.0515648 0.0124548 0.1383434 0.1043675 0.0130285 0.1228940 0.0069144 0.0398187 0.0059746 0.0000000 0.0080014 0.0390325 0.0605282 0.0877194 0.1779585 0.0849087 0.0882458 0.0480428 0.0354755 0.1643001 0.1434331 0.0059478 0.0060486 0.0049510 0.1465383 0.0578135 0.0278772 0.1365788 0.1275581 0.0102503 0.0049444 0.0415442 0.1245410 0.1077805 0.0283034 0.0059570 0.1301263 0.0819485 0.1514808 0.2243200 0.0120898 0.1302375 0.0621110 0.1004990 0.0174325 0.0059515 0.1105557 0.1301279 0.0069589 0.0363658 0.0016367 0.0574782 0.0141504 0.0059570 0.0382164 
Perityle_congesta_202                      0.0955727 0.0726901 0.2734887 0.1700969 0.1373909 0.0394533 0.1434063 0.0991468 0.1477393 0.0710793 0.1421669 0.1447140 0.1435378 0.1089716 0.0998155 0.0252878 0.1433570 0.1205294 0.0210973 0.1417427 0.0054165 0.1292885 0.0028493 0.0080014 0.0000000 0.0781833 0.0983127 0.0953296 0.1803722 0.1371769 0.1335834 0.0733879 0.1077729 0.2369455 0.1616524 0.0029756 0.0044399 0.0024595 0.1642078 0.0915869 0.0732323 0.1528891 0.1475534 0.0145357 0.0025101 0.0807795 0.1398261 0.1310082 0.0315545 0.0065169 0.1520594 0.0954878 0.1828851 0.2447980 0.0173399 0.1475428 0.0940328 0.1065100 0.0213298 0.0028709 0.1259646 0.1508870 0.0096428 0.0740849 0.0000010 0.0954663 0.0178929 0.0044484 0.0911555 
Perityle_cordifolia_27                     0.1024778 0.0799361 0.2956906 0.2321881 0.1226639 0.1031093 0.1421008 0.1287403 0.2205142 0.0700098 0.1141622 0.1087836 0.1111787 0.0783052 0.0421496 0.0594273 0.2200247 0.1039288 0.0459174 0.1095458 0.0499137 0.0481561 0.0985457 0.0390325 0.0781833 0.0000000 0.0658994 0.0981411 0.1883262 0.1098490 0.1063176 0.0716019 0.0595835 0.2242925 0.1725423 0.0851225 0.0495372 0.0472085 0.1773475 0.0569231 0.0318073 0.1214210 0.1185546 0.0504779 0.0438190 0.0199877 0.1020890 0.1005014 0.0270088 0.0487778 0.1146856 0.1259116 0.2042129 0.2281810 0.0741616 0.0950095 0.0707767 0.1411500 0.0659508 0.0792576 0.1154755 0.1113153 0.0728218 0.0361080 0.0307462 0.0635393 0.0484915 0.0576958 0.0412051 
Perityle_coronopifolia_28_patagonia        0.1185783 0.0982411 0.3087528 0.2478048 0.1537119 0.1076954 0.1671395 0.1438464 0.2518618 0.0807320 0.1346105 0.1368953 0.1383280 0.1140879 0.0737531 0.0796572 0.2415019 0.1306154 0.0675942 0.1390663 0.0717745 0.0761147 0.1296387 0.0605282 0.0983127 0.0658994 0.0000000 0.1161464 0.1903219 0.1238375 0.1242925 0.0808709 0.0842623 0.2378336 0.1865157 0.1044727 0.0743217 0.0698758 0.1982557 0.0802465 0.0351392 0.1508540 0.1464748 0.0706842 0.0668842 0.0679046 0.1334668 0.1128579 0.0465426 0.0722933 0.1432062 0.1554338 0.2309751 0.2625125 0.0960517 0.1361117 0.0707425 0.1628700 0.0893669 0.1003579 0.1333200 0.1357028 0.0952894 0.0625848 0.0539804 0.0827524 0.0681231 0.0786814 0.0747653 
Perityle_crassifolia_70_ventanas           0.0839760 0.0319452 0.1329456 0.1471787 0.0679107 0.0357528 0.1573294 0.0576507 0.1340225 0.0763015 0.1208185 0.0703474 0.0733417 0.0723567 0.0996309 0.0832936 0.0683991 0.0745191 0.0784099 0.0718234 0.0863324 0.0938220 0.0944527 0.0877194 0.0953296 0.0981411 0.1161464 0.0000000 0.1640781 0.0979012 0.1186268 0.0762541 0.1007653 0.1040859 0.0616968 0.0945838 0.0828119 0.0836890 0.0657545 0.1014759 0.0823058 0.0752670 0.0795075 0.0814583 0.0828335 0.0998381 0.0739861 0.0848495 0.0755033 0.0831837 0.0754904 0.0934494 0.0682943 0.2110992 0.0820440 0.0784887 0.1033204 0.0933460 0.0787231 0.0944527 0.0000010 0.0670140 0.0935495 0.0995958 0.0761599 0.1064991 0.0836191 0.0847088 0.0753000 
Perityle_crassifolia_74_playa_balandra     0.1596257 0.1610750 0.2975482 0.2377601 0.2265607 0.1743861 0.2454725 0.2042913 0.2669653 0.1223989 0.1792350 0.2392149 0.2163019 0.1788884 0.1848905 0.1599777 0.2267013 0.1909133 0.1708596 0.2328801 0.1845595 0.0886787 0.1770827 0.1779585 0.1803722 0.1883262 0.1903219 0.1640781 0.0000000 0.1735590 0.1782531 0.1067569 0.1837014 0.2503196 0.2334833 0.1802923 0.1791452 0.1808051 0.2449165 0.1890375 0.1270729 0.2480195 0.2501370 0.1610087 0.1772141 0.1873166 0.2172268 0.1989057 0.1483913 0.1814814 0.2491320 0.2145004 0.2448368 0.1319251 0.1758149 0.2365828 0.1711219 0.1450036 0.1734150 0.1755334 0.1936585 0.2456950 0.1820280 0.1879279 0.0974827 0.1898098 0.1763900 0.1824852 0.1312772 
Perityle_cuneata_34_cuneata_San_antonio    0.1043951 0.0778667 0.2827828 0.2038753 0.1359213 0.1005594 0.1547416 0.1210394 0.1980633 0.0628442 0.1201877 0.1534704 0.1472014 0.1111144 0.1103547 0.1178232 0.2030306 0.1202744 0.0933595 0.1475509 0.0987731 0.1134166 0.1355537 0.0849087 0.1371769 0.1098490 0.1238375 0.0979012 0.1735590 0.0000000 0.0664204 0.0611169 0.1294608 0.2070871 0.1810179 0.1342002 0.0980558 0.1008237 0.1871645 0.1161275 0.0432230 0.1584946 0.1567974 0.0956946 0.0958556 0.1010502 0.1478949 0.1291653 0.0578924 0.0946056 0.1553191 0.1373286 0.2268738 0.2764579 0.1254073 0.1528702 0.0914191 0.1401236 0.1201136 0.1341853 0.1227916 0.1546769 0.1267142 0.0928770 0.0429047 0.1104150 0.1032099 0.1153335 0.0871179 
Perityle_cuneata_4                         0.0986696 0.0933591 0.3030063 0.2565105 0.1456112 0.1079851 0.1700310 0.1366667 0.2291012 0.0708239 0.1257374 0.1553095 0.1558028 0.1208033 0.1160244 0.1159106 0.2288622 0.1360803 0.0969803 0.1515481 0.1029076 0.1228696 0.1624143 0.0882458 0.1335834 0.1063176 0.1242925 0.1186268 0.1782531 0.0664204 0.0000000 0.0687896 0.1321253 0.2254884 0.1822457 0.1371343 0.1011087 0.0981478 0.1864576 0.1187532 0.0629122 0.1573823 0.1552337 0.1030906 0.0946554 0.1070434 0.1490000 0.1382135 0.0645594 0.0966186 0.1544839 0.1513403 0.2317804 0.2837479 0.1271720 0.1573258 0.0947782 0.1680052 0.1196155 0.1333921 0.1436325 0.1548159 0.1292018 0.1032113 0.0576831 0.1201105 0.0978073 0.1115772 0.0864883 
Perityle_discoidea_81                      0.0010388 0.0573614 0.2013289 0.1217053 0.0879893 0.0277596 0.1266926 0.0948023 0.1222200 0.0000010 0.0766238 0.0883757 0.0923296 0.0791042 0.0755114 0.0520330 0.1079023 0.0858916 0.0648827 0.0844472 0.0658848 0.0640166 0.0719251 0.0480428 0.0733879 0.0716019 0.0808709 0.0762541 0.1067569 0.0611169 0.0687896 0.0000000 0.1084897 0.1772857 0.0919453 0.0719251 0.0740929 0.0721897 0.0948589 0.0759739 0.0089919 0.0930930 0.0915339 0.0590864 0.0717818 0.0705784 0.0866612 0.0845078 0.0358401 0.0743785 0.0915573 0.0865381 0.1062953 0.2034476 0.0670507 0.0899962 0.0558163 0.0978184 0.0674973 0.0717799 0.0878869 0.0889701 0.0709227 0.0697294 0.0350207 0.0777389 0.0681530 0.0709143 0.0301860 
Perityle_dissecta_201                      0.1389920 0.0850686 0.3140668 0.2426502 0.1294935 0.0844275 0.1612290 0.1332604 0.2207684 0.0749663 0.1397359 0.1060527 0.1136043 0.0849082 0.0688141 0.0848247 0.2240316 0.1152499 0.0708904 0.1123335 0.0570853 0.0374308 0.1491650 0.0354755 0.1077729 0.0595835 0.0842623 0.1007653 0.1837014 0.1294608 0.1321253 0.1084897 0.0000000 0.2393792 0.1651243 0.1202766 0.0860847 0.0786650 0.1693350 0.0585887 0.0386624 0.1189023 0.1081391 0.0548752 0.0744941 0.0592016 0.1023289 0.1091384 0.0279040 0.0791311 0.1058629 0.1369148 0.2199807 0.2382409 0.1074389 0.1125180 0.0804419 0.1424553 0.1052549 0.1114175 0.1214926 0.1011649 0.1115043 0.0189793 0.0215286 0.0788412 0.0812836 0.0926458 0.0729991 
Perityle_emoryi_47_punta_san_jose          0.2277881 0.0502005 0.1030040 0.2145588 0.1171421 0.0233469 0.2280037 0.0832698 0.2062713 0.1621071 0.2436866 0.1626762 0.1001721 0.0861072 0.2275698 0.2134295 0.1290803 0.0911009 0.1911827 0.1213787 0.2130261 0.1500685 0.2722820 0.1643001 0.2369455 0.2242925 0.2378336 0.1040859 0.2503196 0.2070871 0.2254884 0.1772857 0.2393792 0.0000000 0.2008801 0.2353479 0.1967399 0.2097745 0.1999583 0.2300147 0.1142960 0.1365099 0.1534507 0.1780925 0.2058036 0.2260935 0.1128420 0.1117262 0.1002673 0.2076212 0.1517525 0.0783603 0.1677188 0.3154051 0.2081590 0.1220400 0.2058711 0.0299627 0.2100538 0.2332746 0.1166732 0.1568390 0.2337180 0.2118725 0.0729557 0.2258829 0.1957774 0.2195447 0.2152795 
Perityle_gamon_221                         0.1508486 0.0227293 0.2234852 0.2022027 0.1076270 0.0355551 0.1792719 0.0714027 0.2050754 0.1355554 0.1985471 0.1127887 0.1096080 0.0982646 0.1700299 0.1480485 0.1656051 0.0841914 0.1355933 0.1040097 0.1414264 0.1032013 0.1933438 0.1434331 0.1616524 0.1725423 0.1865157 0.0616968 0.2334833 0.1810179 0.1822457 0.0919453 0.1651243 0.2008801 0.0000000 0.1667992 0.1378727 0.1432198 0.0064938 0.1801356 0.0941600 0.1102573 0.1144672 0.1424871 0.1374445 0.1751181 0.1058991 0.1085344 0.0876102 0.1322656 0.1165107 0.0828825 0.1250606 0.3282242 0.1530758 0.1128745 0.1672474 0.0979602 0.1422847 0.1593442 0.0808232 0.1123290 0.1549786 0.1654095 0.0801892 0.1905254 0.1397054 0.1444680 0.1414403 
Perityle_gilensis_22_Superstition          0.0959517 0.0719274 0.2768553 0.1731010 0.1465497 0.0353605 0.1476631 0.0997133 0.1640898 0.0705525 0.1496835 0.1510793 0.1548494 0.1173905 0.1015152 0.0226678 0.1565400 0.1243799 0.0190889 0.1480104 0.0044698 0.1293628 0.0014643 0.0059478 0.0029756 0.0851225 0.1044727 0.0945838 0.1802923 0.1342002 0.1371343 0.0719251 0.1202766 0.2353479 0.1667992 0.0000000 0.0026411 0.0008190 0.1718221 0.0974237 0.0729449 0.1575453 0.1526324 0.0144466 0.0008351 0.0862941 0.1475595 0.1406404 0.0298019 0.0050142 0.1580564 0.1011634 0.1908763 0.2384809 0.0155375 0.1534117 0.1019284 0.1121893 0.0229290 0.0014636 0.1269440 0.1568080 0.0087762 0.0822297 0.0000010 0.1007487 0.0165388 0.0031242 0.0987067 
Perityle_gilensis_salensis_225             0.1029875 0.0692341 0.2349993 0.1374063 0.1200242 0.0392756 0.1341053 0.0975060 0.1283174 0.0726880 0.1104545 0.1288284 0.1223515 0.0827193 0.0642667 0.0207464 0.1300033 0.0957153 0.0194908 0.1192501 0.0046625 0.0657685 0.0026413 0.0060486 0.0044399 0.0495372 0.0743217 0.0828119 0.1791452 0.0980558 0.1011087 0.0740929 0.0860847 0.1967399 0.1378727 0.0026411 0.0000000 0.0017674 0.1449059 0.0667725 0.0315698 0.1329349 0.1323523 0.0096947 0.0017773 0.0479835 0.1192370 0.1075865 0.0312346 0.0053088 0.1326157 0.0800570 0.1449695 0.2194363 0.0163559 0.1287880 0.0761206 0.1000845 0.0243266 0.0026393 0.0990497 0.1315952 0.0089240 0.0466012 0.0000010 0.0672479 0.0191316 0.0035280 0.0629461 
Perityle_gracilis_11                       0.0964505 0.0701573 0.2391762 0.1404372 0.1245377 0.0393108 0.1336682 0.0962729 0.1324871 0.0739594 0.1073554 0.1243912 0.1269620 0.0802492 0.0629476 0.0172801 0.1360002 0.0991891 0.0181764 0.1267225 0.0026773 0.0613939 0.0008227 0.0049510 0.0024595 0.0472085 0.0698758 0.0836890 0.1808051 0.1008237 0.0981478 0.0721897 0.0786650 0.2097745 0.1432198 0.0008190 0.0017674 0.0000000 0.1461372 0.0612156 0.0319055 0.1355137 0.1252185 0.0134568 0.0000010 0.0450111 0.1236651 0.1069845 0.0300959 0.0041651 0.1298695 0.0790900 0.1514175 0.2464042 0.0135335 0.1295462 0.0702063 0.0959206 0.0231546 0.0008157 0.1070743 0.1313378 0.0077328 0.0423009 0.0000010 0.0639212 0.0159496 0.0016287 0.0594677 
Perityle_hofmeisteria_4_nombre_de_dios     0.1524886 0.0257220 0.2300268 0.2061776 0.1093257 0.0395848 0.1856793 0.0744456 0.2055597 0.1366511 0.2178021 0.1274507 0.1125022 0.0978479 0.1716017 0.1521825 0.1640540 0.0865936 0.1387406 0.1056479 0.1456142 0.1073179 0.2208826 0.1465383 0.1642078 0.1773475 0.1982557 0.0657545 0.2449165 0.1871645 0.1864576 0.0948589 0.1693350 0.1999583 0.0064938 0.1718221 0.1449059 0.1461372 0.0000000 0.1849357 0.0962689 0.1107938 0.1116654 0.1437853 0.1405261 0.1814867 0.1076197 0.1107473 0.0974922 0.1373446 0.1283716 0.0823519 0.1229818 0.3338395 0.1568956 0.1141636 0.1734067 0.0993279 0.1508665 0.1620889 0.0854435 0.1215587 0.1594932 0.1674926 0.0838220 0.2099302 0.1425687 0.1461908 0.1672117 
Perityle_huecosensis_48                    0.1037478 0.0873727 0.2968773 0.2379255 0.1330878 0.0991221 0.1681875 0.1307923 0.2361507 0.0765779 0.1293153 0.1210667 0.1228365 0.0905786 0.0584759 0.0576744 0.2296427 0.1107730 0.0620820 0.1227893 0.0662501 0.0290922 0.1173771 0.0578135 0.0915869 0.0569231 0.0802465 0.1014759 0.1890375 0.1161275 0.1187532 0.0759739 0.0585887 0.2300147 0.1801356 0.0974237 0.0667725 0.0612156 0.1849357 0.0000000 0.0394466 0.1294581 0.1255761 0.0668756 0.0608464 0.0517162 0.1154982 0.1154704 0.0398717 0.0663342 0.1242631 0.1361122 0.2241849 0.2444370 0.0910786 0.1246529 0.0720584 0.1445317 0.0740170 0.0927506 0.1232464 0.1179054 0.0850916 0.0403752 0.0425695 0.0795853 0.0612545 0.0745937 0.0706272 
Perityle_incana_3_ucla                     0.0328500 0.0667033 0.1602984 0.1614577 0.0911273 0.0691741 0.1045645 0.1110257 0.1552138 0.0089981 0.0465425 0.0755375 0.0818662 0.0784938 0.0359985 0.0661738 0.1170833 0.0840817 0.0299446 0.0703550 0.0333610 0.0450010 0.0725013 0.0278772 0.0732323 0.0318073 0.0351392 0.0823058 0.1270729 0.0432230 0.0629122 0.0089919 0.0386624 0.1142960 0.0941600 0.0729449 0.0315698 0.0319055 0.0962689 0.0394466 0.0000000 0.0785731 0.0820551 0.0298724 0.0315207 0.0331837 0.0734648 0.0791321 0.0294014 0.0316775 0.0804909 0.1118411 0.1054913 0.1715129 0.0649864 0.0824267 0.0185877 0.1154947 0.0522509 0.0725013 0.0870724 0.0787650 0.0712397 0.0300575 0.0191009 0.0399483 0.0365667 0.0564177 0.0187686 
Perityle_intricata_59_Clark_mtns           0.1545332 0.0601996 0.1845338 0.2046322 0.0752695 0.0356011 0.1410711 0.0899131 0.1750518 0.1363700 0.1805774 0.0153197 0.0279739 0.0204810 0.1263672 0.1459069 0.1589248 0.0446295 0.1322689 0.0269670 0.1413241 0.1149119 0.1673424 0.1365788 0.1528891 0.1214210 0.1508540 0.0752670 0.2480195 0.1584946 0.1573823 0.0930930 0.1189023 0.1365099 0.1102573 0.1575453 0.1329349 0.1355137 0.1107938 0.1294581 0.0785731 0.0000000 0.0077972 0.1374182 0.1333127 0.1294108 0.0267423 0.0486565 0.0788702 0.1278690 0.0032865 0.0449091 0.1459526 0.3190543 0.1397756 0.0247144 0.1391197 0.0188792 0.1389688 0.1571265 0.0914581 0.0056130 0.1470601 0.1160383 0.0754042 0.1388670 0.1319215 0.1352949 0.1116913 
Perityle_inyoensis_9_pleasant              0.1444657 0.0598831 0.2048246 0.2117313 0.0765265 0.0353124 0.1436661 0.0894646 0.1923517 0.1306445 0.1946028 0.0233652 0.0299835 0.0203930 0.1222076 0.1370085 0.1581416 0.0493564 0.1232713 0.0288964 0.1311602 0.1196707 0.1766986 0.1275581 0.1475534 0.1185546 0.1464748 0.0795075 0.2501370 0.1567974 0.1552337 0.0915339 0.1081391 0.1534507 0.1144672 0.1526324 0.1323523 0.1252185 0.1116654 0.1255761 0.0820551 0.0077972 0.0000000 0.1305963 0.1281913 0.1218964 0.0266400 0.0507058 0.0784496 0.1260419 0.0023114 0.0493224 0.1507260 0.3170658 0.1395294 0.0264309 0.1305633 0.0209066 0.1383682 0.1499022 0.0954727 0.0075620 0.1382250 0.1082997 0.0749557 0.1308564 0.1246664 0.1303729 0.1089407 
Perityle_lemmonii_12                       0.0956272 0.0677692 0.2204587 0.1379657 0.1252633 0.0353785 0.1326659 0.0977310 0.1347933 0.0701563 0.0962507 0.1281185 0.1277579 0.0811462 0.0625677 0.0193757 0.1332638 0.0998743 0.0185649 0.1261965 0.0153369 0.0576958 0.0144751 0.0102503 0.0145357 0.0504779 0.0706842 0.0814583 0.1610087 0.0956946 0.1030906 0.0590864 0.0548752 0.1780925 0.1424871 0.0144466 0.0096947 0.0134568 0.1437853 0.0668756 0.0298724 0.1374182 0.1305963 0.0000000 0.0134629 0.0527951 0.1244716 0.1077909 0.0284279 0.0153997 0.1306768 0.0802189 0.1462603 0.2142795 0.0186494 0.1269549 0.0697073 0.0978358 0.0176938 0.0144498 0.1048134 0.1307162 0.0125143 0.0461093 0.0032628 0.0612211 0.0197600 0.0144498 0.0570237 
Perityle_lemmonii_colossal_cave_206        0.0913321 0.0692529 0.2305696 0.1386167 0.1198764 0.0391187 0.1361230 0.0988621 0.1326713 0.0715554 0.1074146 0.1265914 0.1217340 0.0826065 0.0596037 0.0177074 0.1285774 0.0955897 0.0181542 0.1214493 0.0026805 0.0616104 0.0008355 0.0049444 0.0025101 0.0438190 0.0668842 0.0828335 0.1772141 0.0958556 0.0946554 0.0717818 0.0744941 0.2058036 0.1374445 0.0008351 0.0017773 0.0000010 0.1405261 0.0608464 0.0315207 0.1333127 0.1281913 0.0134629 0.0000000 0.0435289 0.1190944 0.1076121 0.0297243 0.0041762 0.1332570 0.0832554 0.1447888 0.2439576 0.0138155 0.1287898 0.0682593 0.1067950 0.0227643 0.0008276 0.0990737 0.1320983 0.0079575 0.0402395 0.0000010 0.0627975 0.0163128 0.0016641 0.0530768 
Perityle_leptoglossa_20_rancho_las_laminas 0.0975188 0.0862551 0.2730135 0.2370908 0.1346833 0.0999710 0.1551539 0.1361621 0.2219046 0.0688876 0.1180853 0.1144289 0.1219723 0.0930243 0.0414648 0.0575299 0.2200397 0.1174418 0.0471071 0.1239812 0.0520844 0.0511909 0.1224536 0.0415442 0.0807795 0.0199877 0.0679046 0.0998381 0.1873166 0.1010502 0.1070434 0.0705784 0.0592016 0.2260935 0.1751181 0.0862941 0.0479835 0.0450111 0.1814867 0.0517162 0.0331837 0.1294108 0.1218964 0.0527951 0.0435289 0.0000000 0.1134571 0.1141157 0.0306546 0.0479551 0.1203398 0.1407896 0.2168703 0.2211746 0.0825506 0.1116799 0.0569069 0.1492985 0.0660300 0.0826734 0.1270863 0.1139435 0.0731183 0.0384702 0.0350671 0.0638099 0.0496228 0.0598019 0.0538777 
Perityle_lindheimeri_34                    0.1435095 0.0552741 0.1860882 0.2028060 0.0684538 0.0237504 0.1402514 0.0831453 0.1815464 0.1272022 0.1714706 0.0235628 0.0319740 0.0033704 0.1125742 0.1245776 0.1534040 0.0458596 0.1147122 0.0115999 0.1245407 0.0945108 0.1786052 0.1245410 0.1398261 0.1020890 0.1334668 0.0739861 0.2172268 0.1478949 0.1490000 0.0866612 0.1023289 0.1128420 0.1058991 0.1475595 0.1192370 0.1236651 0.1076197 0.1154982 0.0734648 0.0267423 0.0266400 0.1244716 0.1190944 0.1134571 0.0000000 0.0430277 0.0704259 0.1193799 0.0239736 0.0464175 0.1430524 0.2731660 0.1458384 0.0277839 0.1237735 0.0190177 0.1173699 0.1433516 0.0877645 0.0262530 0.1318488 0.1004135 0.0714022 0.1230880 0.1185673 0.1192724 0.0979728 
Perityle_lineariloba_78                    0.1210008 0.0586223 0.1771447 0.1962723 0.0908218 0.0400399 0.1426911 0.0818705 0.1839306 0.1039028 0.1569325 0.0443614 0.0477432 0.0426061 0.1143922 0.1121538 0.1516740 0.0443266 0.1081155 0.0398657 0.1106218 0.1033314 0.1528928 0.1077805 0.1310082 0.1005014 0.1128579 0.0848495 0.1989057 0.1291653 0.1382135 0.0845078 0.1091384 0.1117262 0.1085344 0.1406404 0.1075865 0.1069845 0.1107473 0.1154704 0.0791321 0.0486565 0.0507058 0.1077909 0.1076121 0.1141157 0.0430277 0.0000000 0.0725771 0.1080189 0.0455721 0.0310518 0.1418586 0.2570176 0.1370291 0.0453971 0.1094096 0.0384460 0.1105421 0.1391299 0.0999613 0.0486706 0.1168102 0.1032135 0.0778262 0.1146343 0.1084665 0.1092320 0.0954135 
Perityle_lobata_119_mesa_tinajas           0.0514265 0.0788222 0.1361698 0.1391824 0.0845261 0.0469934 0.1177031 0.0989662 0.1119712 0.0343880 0.0513320 0.0709941 0.0778538 0.0703158 0.0350463 0.0159249 0.0847199 0.0776643 0.0227503 0.0680893 0.0312464 0.0397112 0.0297617 0.0283034 0.0315545 0.0270088 0.0465426 0.0755033 0.1483913 0.0578924 0.0645594 0.0358401 0.0279040 0.1002673 0.0876102 0.0298019 0.0312346 0.0300959 0.0974922 0.0398717 0.0294014 0.0788702 0.0784496 0.0284279 0.0297243 0.0306546 0.0704259 0.0725771 0.0000000 0.0298774 0.0786319 0.0935189 0.0996229 0.1399300 0.0271229 0.0790028 0.0344558 0.1197498 0.0213356 0.0297229 0.0806348 0.0740905 0.0271423 0.0292546 0.0285722 0.0408725 0.0273188 0.0283947 0.0224525 
Perityle_megalocephala_19_meg_Echo         0.0969348 0.0695620 0.2318679 0.1412608 0.1201723 0.0391142 0.1340960 0.0976634 0.1300677 0.0717717 0.1089228 0.1202883 0.1226483 0.0828324 0.0625347 0.0224258 0.1303241 0.0973642 0.0219381 0.1154560 0.0017905 0.0654097 0.0040872 0.0059570 0.0065169 0.0487778 0.0722933 0.0831837 0.1814814 0.0946056 0.0966186 0.0743785 0.0791311 0.2076212 0.1322656 0.0050142 0.0053088 0.0041651 0.1373446 0.0663342 0.0316775 0.1278690 0.1260419 0.0153997 0.0041762 0.0479551 0.1193799 0.1080189 0.0298774 0.0000000 0.1255149 0.0819121 0.1452319 0.2437264 0.0167904 0.1290106 0.0711129 0.1003017 0.0272183 0.0048582 0.0994584 0.1257634 0.0114396 0.0433551 0.0000010 0.0664341 0.0193598 0.0024217 0.0573879 
Perityle_megalocephala_29_tin_mountain     0.1488806 0.0583755 0.2029886 0.2041106 0.0724244 0.0353166 0.1392433 0.0896277 0.1854300 0.1306766 0.1978807 0.0220922 0.0261858 0.0182403 0.1207114 0.1366732 0.1598109 0.0449578 0.1258436 0.0256264 0.1349330 0.1149890 0.1954351 0.1301263 0.1520594 0.1146856 0.1432062 0.0754904 0.2491320 0.1553191 0.1544839 0.0915573 0.1058629 0.1517525 0.1165107 0.1580564 0.1326157 0.1298695 0.1283716 0.1242631 0.0804909 0.0032865 0.0023114 0.1306768 0.1332570 0.1203398 0.0239736 0.0455721 0.0786319 0.1255149 0.0000000 0.0435094 0.1434416 0.3080545 0.1467901 0.0228151 0.1304316 0.0209931 0.1386334 0.1562129 0.0912116 0.0044557 0.1407522 0.1079313 0.0749779 0.1343748 0.1288848 0.1327710 0.1087340 
Perityle_microglossa_83_isla_venados       0.0989113 0.0778429 0.1336983 0.1277235 0.0730524 0.0634427 0.1826080 0.0951166 0.1486216 0.0865341 0.1522197 0.0369758 0.0490964 0.0449330 0.1421207 0.0821064 0.0984322 0.0419216 0.0826175 0.0422503 0.0817903 0.1343719 0.0992465 0.0819485 0.0954878 0.1259116 0.1554338 0.0934494 0.2145004 0.1373286 0.1513403 0.0865381 0.1369148 0.0783603 0.0828825 0.1011634 0.0800570 0.0790900 0.0823519 0.1361122 0.1118411 0.0449091 0.0493224 0.0802189 0.0832554 0.1407896 0.0464175 0.0310518 0.0935189 0.0819121 0.0435094 0.0000000 0.0781461 0.2154781 0.0789850 0.0450735 0.1216903 0.0556756 0.0792123 0.0992465 0.0939498 0.0463287 0.0952090 0.1304079 0.0836099 0.1426882 0.0791777 0.0800570 0.1092227 
Perityle_montana_80                        0.1625618 0.0500116 0.2021087 0.2141672 0.1457983 0.0566783 0.1965252 0.0749407 0.2264643 0.1484647 0.2441269 0.1444669 0.1422484 0.1545999 0.2174169 0.1514337 0.1556476 0.1272975 0.1446807 0.1303328 0.1541444 0.1335734 0.2001625 0.1514808 0.1828851 0.2042129 0.2309751 0.0682943 0.2448368 0.2268738 0.2317804 0.1062953 0.2199807 0.1677188 0.1250606 0.1908763 0.1449695 0.1514175 0.1229818 0.2241849 0.1054913 0.1459526 0.1507260 0.1462603 0.1447888 0.2168703 0.1430524 0.1418586 0.0996229 0.1452319 0.1434416 0.0781461 0.0000000 0.3143937 0.1827500 0.1471326 0.2089250 0.1033819 0.1488978 0.1881232 0.1381009 0.1424519 0.1634143 0.2160544 0.0913168 0.2227314 0.1472367 0.1446524 0.1908459 
Perityle_palmeri_21_rancho_nuevo           0.2564179 0.1795571 0.3653962 0.2945071 0.2800258 0.1838457 0.2621998 0.2008113 0.2908015 0.2164252 0.2382234 0.2963353 0.2757515 0.2024412 0.2234096 0.2399769 0.2886883 0.2527202 0.2229216 0.3030303 0.2325733 0.0333540 0.2381483 0.2243200 0.2447980 0.2281810 0.2625125 0.2110992 0.1319251 0.2764579 0.2837479 0.2034476 0.2382409 0.3154051 0.3282242 0.2384809 0.2194363 0.2464042 0.3338395 0.2444370 0.1715129 0.3190543 0.3170658 0.2142795 0.2439576 0.2211746 0.2731660 0.2570176 0.1399300 0.2437264 0.3080545 0.2154781 0.3143937 0.0000000 0.2397131 0.2898823 0.2500534 0.1103273 0.2176550 0.2411732 0.2693220 0.3172826 0.2231347 0.2408981 0.0792942 0.2389556 0.2442941 0.2455854 0.2291281 
