83
Amauria_brandeegeana_62                    0.0000000 0.0504240 0.1870750 0.3113517 0.3668803 0.2766261 0.2136510 0.3416658 0.2754064 0.3976679 0.3038628 0.3014145 0.2981601 0.2870728 0.2995065 0.2756558 0.1434974 0.3318882 0.3056015 0.2725752 0.3560396 0.2677001 0.3054227 0.3061014 0.3143700 0.3212883 0.3173480 0.2076776 0.3002736 0.2998228 0.2892386 0.3299747 0.1123148 0.3151592 0.4607601 0.2989703 0.3230293 0.1123148 0.3330987 0.3015643 0.4322916 0.3452422 0.3963218 0.3068780 0.2902631 0.2578524 0.3053493 0.3072883 0.5014341 0.2843198 0.2961489 0.2941347 0.3495859 0.3104224 0.3129150 0.2858229 0.2783511 0.3074408 0.2951583 0.3016615 0.2154403 0.1619695 0.2314865 0.2866452 0.3136205 0.3033369 0.3196055 0.3317977 0.1980614 0.2597760 0.2994049 0.3588054 0.3126915 0.3267435 0.2855849 0.3124686 0.3545962 0.3799069 0.3150960 0.2909800 0.1849645 0.3191094 0.3306082 
Amauria_carterae_99_mesa                   0.0504240 0.0000000 0.0986049 0.2814069 0.2812996 0.2552128 0.1868998 0.2707539 0.1838447 0.2741906 0.2510686 0.2385850 0.2554869 0.2563402 0.2481713 0.2192488 0.1368856 0.2893392 0.2514947 0.2344710 0.2310484 0.2575311 0.2495513 0.2213418 0.2517273 0.2492724 0.2387148 0.1725917 0.2463474 0.1966002 0.2689954 0.1951748 0.2347178 0.1747771 0.3307977 0.2376606 0.2625819 0.2347178 0.2542172 0.2564067 0.3011487 0.2372285 0.3001784 0.2756915 0.2640250 0.2206172 0.2477217 0.2383544 0.3082385 0.2316648 0.2259666 0.2427782 0.2627803 0.2575885 0.2195956 0.2235173 0.2360972 0.2491934 0.2334823 0.2581639 0.2551687 0.1606749 0.2283114 0.2311348 0.2743651 0.2419165 0.2426258 0.2659099 0.2297324 0.2561628 0.2489617 0.2576262 0.2453036 0.2556340 0.2284090 0.2450669 0.2776547 0.2983412 0.2754294 0.2486794 0.1709011 0.2514390 0.2628532 
Amauria_rotundifolia_SRR9119150            0.1870750 0.0986049 0.0000000 0.4250750 0.4048125 0.3443611 0.4087136 0.3928818 0.5107024 0.5865277 0.4039612 0.3535325 0.3474432 0.3741137 0.3804593 0.3127819 0.5185838 0.3905879 0.2863328 0.2948953 0.4405822 0.3363844 0.4072852 0.3102474 0.3729693 0.5454205 0.3887337 0.3834686 0.3155004 0.4993518 0.4551112 0.3142811 0.5081265 0.3399697 0.4495162 0.3163780 0.4012509 0.1426032 0.3232488 0.2997118 0.4197862 0.2882587 0.4829811 0.4250827 0.3612299 0.3577070 0.3619831 0.3932622 0.7848732 0.2906870 0.2957364 0.2773600 0.4154059 0.4274617 0.3444072 0.3448676 0.3822975 0.3815233 0.3989259 0.3448210 0.2808490 0.3056621 0.3125953 0.2854171 0.4740074 0.4787425 0.3119310 0.4504747 0.2565287 0.4344174 0.4045999 0.4079335 0.3855024 0.3788261 0.2696145 0.4259249 0.3460765 0.4140606 0.3624274 0.2656988 0.3420664 0.3951989 0.3367208 
Conoclinium_coelestinum_SRR9119114         0.3113517 0.2814069 0.4250750 0.0000000 0.3102777 0.2006456 0.3896660 0.2322823 0.4445019 0.3589288 0.2853158 0.3151708 0.2736272 0.2638729 0.2628863 0.2647874 0.4774630 0.2913216 0.2980318 0.2385024 0.3721869 0.2251815 0.2949084 0.3253128 0.3041774 0.3348176 0.2955609 0.4013583 0.2428473 0.4693957 0.3409772 0.2740778 0.1604007 0.2947007 0.3994455 0.3054216 0.2782523 0.1449225 0.2821598 0.3073158 0.4322635 0.3301411 0.3439632 0.2807812 0.2394975 0.2817271 0.2745757 0.2942798 0.5155712 0.2830045 0.2904870 0.2766075 0.3427642 0.3357534 0.2832602 0.3063758 0.2714471 0.3230581 0.2912133 0.2463542 0.1687512 0.3289611 0.1944418 0.2449971 0.2659799 0.3252144 0.2581384 0.3235068 0.1812456 0.2250490 0.2881765 0.3004309 0.2917354 0.3272669 0.2564921 0.2742457 0.3455590 0.2792413 0.2842289 0.2821312 0.3966354 0.2964328 0.2901704 
Eutetras_palmeri_63                        0.3668803 0.2812996 0.4048125 0.3102777 0.0000000 0.0062450 0.3764840 0.1303643 0.3064659 0.3082471 0.2189162 0.1677630 0.1207133 0.1457050 0.1230789 0.1350568 0.3509288 0.2382260 0.1429740 0.1201868 0.2258703 0.1635704 0.3023199 0.1507463 0.1878335 0.3308856 0.2529890 0.4602178 0.1401987 0.5718409 0.2724910 0.0845676 0.0975634 0.1066471 0.3157243 0.3295844 0.2619073 0.1106382 0.2148047 0.1402408 0.2703066 0.1432265 0.2004653 0.2951285 0.1354336 0.2106376 0.1562021 0.2048361 0.4320526 0.1369752 0.1417381 0.1235241 0.3050217 0.1845726 0.1604842 0.1848200 0.1444438 0.1915688 0.2027599 0.1438283 0.0829218 0.2899965 0.1156519 0.2238310 0.3065038 0.2966188 0.0962769 0.2439067 0.0988567 0.1506971 0.2948332 0.1354500 0.2375339 0.1878162 0.0972939 0.1160945 0.1366926 0.3918459 0.1513046 0.1644588 0.3816329 0.2371104 0.3968318 
Eutetras_pringlei_149_quer                 0.2766261 0.2552128 0.3443611 0.2006456 0.0062450 0.0000000 0.3230478 0.0811088 0.3102989 0.0986981 0.1043757 0.1024824 0.0869943 0.0959710 0.0799472 0.0631606 0.3231652 0.0891788 0.0994630 0.0821812 0.1009171 0.1065357 0.0911506 0.0692019 0.1111890 0.1052126 0.0969972 0.3437620 0.1068813 0.3839292 0.0662512 0.0714739 9.0000000 0.0628287 0.0733457 0.0975959 0.0657361 9.0000000 0.0934355 0.0932825 0.0717127 0.0747611 0.0718643 0.0743331 0.0925586 0.0399585 0.0996078 0.1051854 0.0764322 0.0888566 0.0898041 0.0711520 0.1070218 0.0818765 0.0649259 0.0944733 0.0847897 0.0980114 0.0913081 0.0860084 0.0657766 0.3174261 0.0767605 0.0742701 0.0887514 0.1024564 0.0446226 0.0238728 0.0675307 0.0951367 0.0908170 0.0997023 0.1009349 0.1031558 0.0928224 0.0949103 0.0549620 0.0886027 0.1053838 0.0945560 0.3337555 0.0979789 0.1092959 
Eutrochium_fistulosum_SRR9119106           0.2136510 0.1868998 0.4087136 0.3896660 0.3764840 0.3230478 0.0000000 0.3787372 0.4308082 0.4458885 0.3847275 0.3220310 0.3143578 0.2942375 0.3511711 0.3692196 0.3716031 0.3769649 0.3169805 0.2960561 0.3982564 0.3317030 0.3763151 0.3670061 0.3224556 0.4108994 0.3844825 0.2989206 0.2793729 0.3318784 0.4291435 0.3963062 0.3503874 0.3875543 0.4954632 0.3121090 0.3418337 0.1220642 0.3317001 0.3373512 0.5377642 0.3908628 0.4823142 0.3891118 0.3094666 0.3302571 0.3492666 0.3432312 0.7099908 0.3470621 0.3517764 0.3164440 0.3879199 0.3918115 0.3735508 0.3142898 0.3207080 0.3273727 0.3438342 0.3581204 0.2757229 0.2026985 0.3087260 0.3056313 0.3792238 0.3874139 0.3614265 0.3442095 0.2543153 0.3372157 0.3735371 0.4013694 0.3397872 0.3370786 0.3038730 0.3547559 0.4099053 0.3972498 0.3751882 0.3054323 0.2459528 0.3480955 0.3541078 
Galeana_pratensis_104_mex                  0.3416658 0.2707539 0.3928818 0.2322823 0.1303643 0.0811088 0.3787372 0.0000000 0.3551778 0.1815553 0.1731301 0.1635316 0.1566278 0.1584163 0.1563403 0.1281097 0.3035178 0.1344930 0.1664862 0.1563446 0.1622130 0.1269289 0.1573902 0.1450791 0.1681971 0.1863155 0.1710622 0.3839248 0.1401324 0.3997703 0.1069354 0.1289120 9.0000000 0.1275951 0.1373942 0.1691368 0.1184521 9.0000000 0.1634977 0.1595360 0.1310847 0.1453218 0.1234901 0.1215809 0.1591389 0.1121529 0.1598703 0.1572828 0.1592902 0.1595332 0.1699230 0.1417428 0.2451563 0.1525081 0.1483904 0.1619285 0.1557967 0.1562074 0.1564562 0.1536092 0.1071536 0.3555946 0.1248777 0.1448771 0.1666477 0.1791823 0.1389402 0.1764483 0.1056741 0.1527378 0.1521681 0.1647559 0.1599939 0.1620987 0.1455488 0.1573528 0.1723018 0.1330706 0.1583342 0.1537219 0.3875942 0.1609945 0.1710469 
Helianthus_annuus_SRR9119062               0.2754064 0.1838447 0.5107024 0.4445019 0.3064659 0.3102989 0.4308082 0.3551778 0.0000000 0.3974029 0.3982914 0.3011152 0.2947438 0.2830778 0.3747533 0.3616199 0.4945544 0.3288297 0.2945497 0.2724335 0.3829105 0.2587113 0.3857972 0.3382038 0.3342183 0.4101869 0.3856996 0.4135558 0.2916566 0.4946986 0.4407889 0.3301674 0.3843065 0.3402519 0.4408992 0.3170685 0.2985577 0.0290956 0.3447469 0.3225359 0.4470014 0.3529003 0.4000765 0.3594854 0.3290627 0.2931482 0.3622893 0.3610876 0.6307067 0.3412323 0.3538366 0.2932528 0.3541538 0.4345976 0.3064944 0.3017114 0.3367014 0.3120753 0.3704959 0.2842699 0.2456494 0.2659771 0.2416277 0.2995587 0.2950075 0.3937416 0.3154830 0.3377887 0.2354701 0.3688177 0.3832768 0.3461156 0.3555941 0.2961630 0.3033439 0.3500343 0.3788202 0.3659831 0.3872411 0.2907106 0.3409217 0.3531312 0.3585910 
Pericome_caudata_50_silver                 0.3976679 0.2741906 0.5865277 0.3589288 0.3082471 0.0986981 0.4458885 0.1815553 0.3974029 0.0000000 0.2919551 0.2801394 0.1941553 0.1692028 0.2223201 0.2396970 0.4027602 0.2369313 0.2775546 0.1950199 0.3795100 0.1638013 0.3039743 0.3029485 0.2829963 0.3529910 0.3015620 0.4619355 0.1350907 0.6348765 0.2983461 0.2192816 0.0516533 0.2257350 0.3822686 0.3021808 0.2008804 0.0329491 0.2888328 0.2755698 0.4125648 0.2979021 0.3045706 0.2096042 0.1711640 0.2291924 0.2668212 0.2802481 0.4863981 0.2533479 0.2582294 0.2496431 0.4332008 0.3129669 0.2551203 0.2045072 0.2182511 0.2866282 0.2776826 0.1578921 0.0989513 0.3169407 0.1109267 0.2755523 0.2412449 0.3329333 0.2250909 0.2439361 0.0840126 0.1553556 0.3021718 0.2027250 0.2734885 0.2854957 0.2353625 0.1914453 0.3111696 0.2613704 0.2642611 0.2931714 0.4022688 0.2782091 0.3202347 
Perityle_aglossa_84_dead_horse             0.3038628 0.2510686 0.4039612 0.2853158 0.2189162 0.1043757 0.3847275 0.1731301 0.3982914 0.2919551 0.0000000 0.1224942 0.0813548 0.0375702 0.0682764 0.0475365 0.4225688 0.2496273 0.0505396 0.0248607 0.1285722 0.0954399 0.0800082 0.0461114 0.1360146 0.1989297 0.1001670 0.4395206 0.1599855 0.5443384 0.2837986 0.1261769 0.0124322 0.1498366 0.3193524 0.1368603 0.1903494 0.0079434 0.1019332 0.0975222 0.3509330 0.1100247 0.2564512 0.2163864 0.0336782 0.1506166 0.1270592 0.1270515 0.5421808 0.0350297 0.0333485 0.0299374 0.1506036 0.1943434 0.1449460 0.0935055 0.0989813 0.1237462 0.1322689 0.1997675 0.1230570 0.2784622 0.0827101 0.0815444 0.2513822 0.1876614 0.1379976 0.2384240 0.0642735 0.0395227 0.0802166 0.1796585 0.1394522 0.1322464 0.0502367 0.0779223 0.1907736 0.2129801 0.0582808 0.0617292 0.3460562 0.1368789 0.1089485 
Perityle_ajoensis_204                      0.3014145 0.2385850 0.3535325 0.3151708 0.1677630 0.1024824 0.3220310 0.1635316 0.3011152 0.2801394 0.1224942 0.0000000 0.0317127 0.0761471 0.1023504 0.1133503 0.2937345 0.2112656 0.1151194 0.0674244 0.0082508 0.1078945 0.1247789 0.1066742 0.0118372 0.2152755 0.1599563 0.3192479 0.1500159 0.4326934 0.1868637 0.1206616 0.0364978 0.1297848 0.2711553 0.0867844 0.1626811 0.0441072 0.0565450 0.0608861 0.2622031 0.0603456 0.2308262 0.1711659 0.0769968 0.1676807 0.0228755 0.0110060 0.3681836 0.1023156 0.0987802 0.0890233 0.2168693 0.1203325 0.1742421 0.1428859 0.1253266 0.0079931 0.0059746 0.1607184 0.0878843 0.2492659 0.0542412 0.0607183 0.2017601 0.2133014 0.1270425 0.1943180 0.0360622 0.0842339 0.1229360 0.1577712 0.0089295 0.0099086 0.0295920 0.0094249 0.2000118 0.1720018 0.1234029 0.1168848 0.3253902 0.0030112 0.1562593 
Perityle_ambrosiifolia_67_green            0.2981601 0.2554869 0.3474432 0.2736272 0.1207133 0.0869943 0.3143578 0.1566278 0.2947438 0.1941553 0.0813548 0.0317127 0.0000000 0.0753305 0.0986593 0.0580850 0.3064973 0.2042135 0.0743223 0.0597886 0.0347707 0.0922859 0.0745059 0.0575689 0.0350643 0.1043586 0.1128520 0.3217391 0.1408881 0.3845804 0.1084066 0.1088973 0.0540517 0.1173696 0.2460635 0.0547473 0.1267886 0.0609889 0.0244617 0.0283176 0.2395051 0.0313272 0.1864696 0.1352051 0.0710238 0.1190861 0.0307497 0.0295592 0.3061073 0.0549320 0.0646399 0.0593614 0.1811042 0.1080103 0.1503916 0.1383928 0.1182827 0.0304662 0.0306293 0.1636977 0.0894929 0.2934148 0.0537167 0.0234285 0.1654881 0.1017828 0.1234550 0.1405843 0.0396247 0.0811660 0.0719907 0.1513665 0.0316430 0.0313375 0.0241419 0.0384582 0.1450734 0.1465767 0.0809701 0.0683910 0.3464153 0.0293509 0.1066621 
Perityle_angustifolia_13_Eagle_creek       0.2870728 0.2563402 0.3741137 0.2638729 0.1457050 0.0959710 0.2942375 0.1584163 0.2830778 0.1692028 0.0375702 0.0761471 0.0753305 0.0000000 0.0591478 0.0124484 0.2693601 0.2254716 0.0211734 0.0076803 0.0701158 0.0701192 0.0207653 0.0097446 0.0837276 0.0730077 0.0616624 0.3361200 0.1606193 0.3619437 0.1034688 0.1136968 0.0000010 0.1166758 0.2997535 0.0932737 0.1480521 0.0000010 0.0693933 0.0766467 0.2958437 0.0796883 0.1926609 0.1468597 0.0074626 0.0945104 0.0770116 0.0778528 0.3508670 0.0201953 0.0318874 0.0243315 0.0809007 0.1160807 0.1233535 0.0764130 0.0845958 0.0749264 0.0751079 0.1910405 0.1109709 0.2861725 0.0545144 0.0400725 0.1895966 0.0719395 0.1162529 0.1383931 0.0693157 0.0171310 0.0193762 0.1614336 0.0793577 0.0826549 0.0489616 0.0752747 0.1442567 0.1650162 0.0285928 0.0090130 0.3393781 0.0788983 0.0667528 
Perityle_batopilensis_97                   0.2995065 0.2481713 0.3804593 0.2628863 0.1230789 0.0799472 0.3511711 0.1563403 0.3747533 0.2223201 0.0682764 0.1023504 0.0986593 0.0591478 0.0000000 0.0492604 0.4113046 0.2089345 0.0574022 0.0436444 0.0978037 0.1068149 0.0604832 0.0463668 0.1079379 0.1242074 0.0763838 0.3785546 0.1248809 0.4550157 0.2634114 0.0818526 0.0220999 0.1099526 0.2655060 0.1052437 0.1536238 0.0000010 0.0908357 0.0976491 0.2946777 0.1019726 0.2157115 0.1766365 0.0557999 0.1156930 0.1092592 0.1080861 0.4618222 0.0498310 0.0586792 0.0482883 0.1033690 0.2053814 0.1192630 0.0988227 0.0754791 0.1026528 0.1172257 0.1972319 0.1172930 0.2535894 0.0629464 0.0739632 0.1942443 0.1181271 0.1144568 0.1681124 0.0670045 0.0645136 0.0574335 0.1434531 0.1109348 0.1064727 0.0748007 0.1136914 0.1504957 0.1737166 0.0566977 0.0498917 0.2979076 0.1118760 0.0707038 
Perityle_bisetosa_9                        0.2756558 0.2192488 0.3127819 0.2647874 0.1350568 0.0631606 0.3692196 0.1281097 0.3616199 0.2396970 0.0475365 0.1133503 0.0580850 0.0124484 0.0492604 0.0000000 0.3883233 0.2031409 0.0129784 0.0066943 0.1185623 0.0617187 0.0363090 0.0104390 0.1217498 0.1647319 0.0502627 0.3964934 0.1109198 0.4796547 0.1993591 0.0879852 0.0344393 0.1171002 0.2595252 0.0507864 0.1318032 0.0000010 0.0552135 0.0554444 0.2851280 0.0601868 0.2143667 0.1555030 0.0148742 0.0980412 0.1119177 0.1171248 0.4718468 0.0098176 0.0184565 0.0047959 0.0999633 0.1456183 0.1077699 0.0588488 0.0655367 0.1120208 0.1230185 0.1614738 0.0881895 0.2449427 0.0436996 0.0376923 0.2026701 0.1601100 0.1012723 0.1826981 0.0249237 0.0125154 0.0363836 0.1411366 0.1173739 0.1167508 0.0364532 0.0549439 0.1208994 0.1401231 0.0243227 0.0081487 0.3132456 0.1187964 0.0514753 
Perityle_californica_76_positas            0.1434974 0.1368856 0.5185838 0.4774630 0.3509288 0.3231652 0.3716031 0.3035178 0.4945544 0.4027602 0.4225688 0.2937345 0.3064973 0.2693601 0.4113046 0.3883233 0.0000000 0.3505826 0.3170987 0.3030301 0.3211315 0.3049786 0.4003912 0.2871006 0.3530112 0.4443984 0.4208401 0.4224200 0.3145429 0.4483645 0.5198955 0.3272692 0.5941114 0.3106658 0.4583419 0.3267178 0.3991969 0.2874452 0.3712951 0.2820764 0.4683830 0.2836841 0.4399290 0.4370730 0.3818310 0.3928648 0.3764883 0.3843297 0.6055413 0.3720318 0.3748753 0.2944265 0.3195172 0.4051502 0.3852963 0.3072609 0.3057499 0.2868688 0.3815200 0.3224375 0.2110116 0.2333295 0.2556644 0.3177615 0.3420611 0.3985565 0.2727383 0.3250361 0.1976201 0.4119579 0.3992333 0.3578202 0.3766783 0.3241887 0.3150594 0.3218839 0.3227638 0.4414281 0.4220780 0.2886662 0.2708560 0.3931863 0.3763511 
Perityle_canescens_77                      0.3318882 0.2893392 0.3905879 0.2913216 0.2382260 0.0891788 0.3769649 0.1344930 0.3288297 0.2369313 0.2496273 0.2112656 0.2042135 0.2254716 0.2089345 0.2031409 0.3505826 0.0000000 0.2358655 0.2214599 0.1480627 0.1423948 0.2447477 0.2034701 0.2153309 0.2313107 0.2634519 0.4121616 0.1211437 0.4195585 0.2305880 0.1005152 0.8933046 0.1176572 0.1775382 0.2700854 0.1903276 1.0638123 0.2124156 0.2073780 0.1723326 0.1773844 0.0933363 0.1950287 0.2308226 0.1980333 0.2099103 0.2271159 0.2192770 0.2070920 0.2198475 0.2128920 0.2352106 0.2297197 0.1864699 0.2392540 0.1600167 0.2080974 0.2255891 0.2016181 0.0461643 0.3530626 0.0991949 0.2137346 0.2614994 0.2253782 0.1793566 0.2118136 0.0902464 0.2258986 0.2354523 0.1813611 0.2325750 0.2124654 0.1868009 0.1272286 0.2081413 0.2065731 0.2352206 0.2303970 0.4182270 0.2296317 0.3161913 
Perityle_castillonii_96                    0.3056015 0.2514947 0.2863328 0.2980318 0.1429740 0.0994630 0.3169805 0.1664862 0.2945497 0.2775546 0.0505396 0.1151194 0.0743223 0.0211734 0.0574022 0.0129784 0.3170987 0.2358655 0.0000000 0.0145548 0.1173652 0.0667294 0.0372856 0.0243376 0.1243604 0.1644805 0.0769492 0.3023757 0.1612694 0.4452824 0.1570875 0.1057379 0.0074801 0.1255215 0.2992079 0.0950071 0.1597275 0.0000010 0.0762890 0.0808477 0.3004123 0.0835943 0.2369254 0.1588526 0.0150594 0.1145750 0.1095273 0.1201363 0.4325582 0.0325807 0.0367272 0.0304519 0.1131063 0.1149587 0.1409766 0.0834199 0.0856947 0.1141503 0.1175173 0.1972842 0.1173522 0.2616616 0.0622482 0.0520577 0.2082293 0.1622136 0.1262396 0.2014250 0.0675041 0.0131185 0.0374943 0.1626323 0.1209495 0.1200615 0.0514597 0.0761284 0.1470169 0.1695465 0.0364883 0.0243001 0.3165136 0.1172391 0.0664760 
Perityle_cernua_84                         0.2725752 0.2344710 0.2948953 0.2385024 0.1201868 0.0821812 0.2960561 0.1563446 0.2724335 0.1950199 0.0248607 0.0674244 0.0597886 0.0076803 0.0436444 0.0066943 0.3030301 0.2214599 0.0145548 0.0000000 0.0575803 0.0536698 0.0182391 0.0045670 0.0774557 0.0708616 0.0526479 0.2864243 0.1319082 0.3520950 0.1350431 0.0929719 0.0000010 0.1095416 0.2979571 0.0760293 0.1325779 0.0000010 0.0620231 0.0647308 0.2959439 0.0653450 0.2037804 0.1316964 0.0013758 0.0923080 0.0713969 0.0727404 0.3853934 0.0106741 0.0223877 0.0148912 0.0691823 0.1099584 0.1216418 0.0667562 0.0662530 0.0642559 0.0698148 0.1693295 0.0985030 0.2441984 0.0409593 0.0361478 0.1711524 0.0696711 0.1073499 0.1358758 0.0503626 0.0103447 0.0170329 0.1473401 0.0734147 0.0720418 0.0437365 0.0668919 0.1355740 0.1556529 0.0197318 0.0027038 0.2897923 0.0722582 0.0497472 
Perityle_cfvillosa_25_tin                  0.3560396 0.2310484 0.4405822 0.3721869 0.2258703 0.1009171 0.3982564 0.1622130 0.3829105 0.3795100 0.1285722 0.0082508 0.0347707 0.0701158 0.0978037 0.1185623 0.3211315 0.1480627 0.1173652 0.0575803 0.0000000 0.0688298 0.1928374 0.1120636 0.0156516 0.2652104 0.2191903 0.4626889 0.1484152 0.5572892 0.3002093 0.1147336 9.0000000 0.1228786 0.2341686 0.1692508 0.2456919 9.0000000 0.1377043 0.0794588 0.1846673 0.0742298 0.1830494 0.2569306 0.0675252 0.1935146 0.0351313 0.0109981 0.3566777 0.1031379 0.0981927 0.0906088 0.1847076 0.0946819 0.1818025 0.1264274 0.1146188 0.0076311 0.0048391 0.1899036 0.0817762 0.3140773 0.0493952 0.1305423 0.3645411 0.2476946 0.1378079 0.2817720 0.0328726 0.0787270 0.1909462 0.1461600 0.0170764 0.0116956 0.0340487 0.0077122 0.2221013 0.2498277 0.1321260 0.1229618 0.4182543 0.0049054 0.2175174 
Perityle_cinerea_113_Powell1310            0.2677001 0.2575311 0.3363844 0.2251815 0.1635704 0.1065357 0.3317030 0.1269289 0.2587113 0.1638013 0.0954399 0.1078945 0.0922859 0.0701192 0.1068149 0.0617187 0.3049786 0.1423948 0.0667294 0.0536698 0.0688298 0.0000000 0.0697578 0.0688219 0.1108909 0.0932861 0.1470374 0.2756388 0.1081003 0.3253405 0.1393241 0.1133658 0.5826994 0.0978336 0.1838876 0.1105424 0.1415080 0.5826994 0.0959509 0.1029845 0.1676617 0.0503458 0.1432246 0.1433178 0.0596553 0.1182196 0.1057640 0.1091118 0.1726441 0.0944923 0.0886781 0.0869951 0.0960966 0.0831333 0.1506767 0.1449300 0.0914361 0.1083080 0.1043943 0.1700087 0.1115130 0.3295152 0.0325692 0.0722751 0.1736507 0.0895888 0.1452823 0.1291500 0.0759623 0.0661544 0.0694946 0.1423976 0.1037519 0.1039303 0.0929849 0.0684755 0.1656911 0.1558333 0.0846219 0.0626920 0.2810265 0.1050783 0.1043019 
Perityle_coahuilensis_24                   0.3054227 0.2495513 0.4072852 0.2949084 0.3023199 0.0911506 0.3763151 0.1573902 0.3857972 0.3039743 0.0800082 0.1247789 0.0745059 0.0207653 0.0604832 0.0363090 0.4003912 0.2447477 0.0372856 0.0182391 0.1928374 0.0697578 0.0000000 0.0396975 0.1405087 0.1993888 0.1202154 0.4917362 0.1450920 0.5473088 0.3010777 0.1047413 0.0154962 0.1288263 0.3132217 0.1898348 0.2113453 0.0080534 0.1198044 0.0830885 0.3138138 0.0800481 0.2323021 0.2538993 0.0262588 0.1267687 0.1226118 0.1759991 0.5715917 0.0339582 0.0343826 0.0371079 0.1541890 0.1973140 0.1404722 0.0785411 0.0897410 0.1483176 0.1797772 0.1895517 0.1050907 0.2738326 0.0383628 0.1249770 0.3125703 0.1753276 0.1266516 0.2651701 0.0557362 0.0308384 0.0034686 0.1617301 0.2057161 0.1429822 0.0558219 0.0653867 0.1807671 0.2719548 0.0370863 0.0342402 0.3369928 0.1982085 0.1866674 
Perityle_cochisensis_44_cave_creek         0.3061014 0.2213418 0.3102474 0.3253128 0.1507463 0.0692019 0.3670061 0.1450791 0.3382038 0.3029485 0.0461114 0.1066742 0.0575689 0.0097446 0.0463668 0.0104390 0.2871006 0.2034701 0.0243376 0.0045670 0.1120636 0.0688219 0.0396975 0.0000000 0.1135310 0.1812344 0.0755520 0.3604507 0.1313511 0.5014616 0.1478561 0.0873853 0.0000010 0.1124424 0.2747705 0.1006290 0.1657657 0.0000010 0.0693721 0.0661270 0.2699618 0.0779793 0.2039588 0.1655388 0.0062851 0.1241132 0.1017855 0.1132556 0.4154902 0.0165521 0.0152713 0.0127153 0.1034688 0.1064786 0.1263507 0.0625115 0.0697963 0.1115717 0.1087084 0.1938075 0.0895633 0.2841573 0.0275851 0.0523617 0.2239696 0.1680557 0.1099051 0.1978502 0.0457513 0.0101358 0.0410335 0.1441704 0.1142477 0.1146356 0.0311448 0.0523084 0.1371552 0.1682459 0.0264644 0.0275298 0.3502712 0.1091778 0.0666063 
Perityle_congesta_202                      0.3143700 0.2517273 0.3729693 0.3041774 0.1878335 0.1111890 0.3224556 0.1681971 0.3342183 0.2829963 0.1360146 0.0118372 0.0350643 0.0837276 0.1079379 0.1217498 0.3530112 0.2153309 0.1243604 0.0774557 0.0156516 0.1108909 0.1405087 0.1135310 0.0000000 0.2293233 0.1731581 0.3506922 0.1539200 0.4491928 0.2258535 0.1217501 0.0710935 0.1325949 0.2868401 0.1056210 0.1813593 0.0333022 0.0729227 0.0648577 0.2897510 0.0632865 0.2400540 0.1878455 0.0867881 0.1797828 0.0234109 0.0082138 0.4160904 0.1088553 0.1097983 0.0924674 0.2240295 0.1312758 0.1806387 0.1524566 0.1336779 0.0085746 0.0090866 0.1644159 0.0958852 0.2609312 0.0564450 0.0736083 0.2294430 0.2158315 0.1305732 0.2087853 0.0473329 0.0973522 0.1388691 0.1599960 0.0090380 0.0074874 0.0351690 0.0093667 0.2072287 0.1849881 0.1294254 0.1188773 0.3392129 0.0064296 0.1725597 
Perityle_cordifolia_27                     0.3212883 0.2492724 0.5454205 0.3348176 0.3308856 0.1052126 0.4108994 0.1863155 0.4101869 0.3529910 0.1989297 0.2152755 0.1043586 0.0730077 0.1242074 0.1647319 0.4443984 0.2313107 0.1644805 0.0708616 0.2652104 0.0932861 0.1993888 0.1812344 0.2293233 0.0000000 0.2194279 0.4775625 0.1482155 0.6183507 0.4035447 0.1597195 0.1023856 0.1766770 0.4248627 0.2395868 0.2603421 0.0079602 0.2385398 0.2197225 0.4362723 0.2418999 0.2798191 0.2869991 0.0746685 0.2198553 0.1871949 0.2207574 0.5698129 0.1565529 0.1504631 0.1509773 0.2621717 0.3143298 0.2398139 0.1270762 0.0922879 0.2303325 0.2157880 0.2075463 0.1040487 0.2851197 0.0269491 0.2239415 0.3008767 0.0052455 0.1916271 0.2869051 0.0768245 0.0990482 0.2008713 0.1874152 0.2129079 0.2336985 0.1641223 0.1087416 0.3160907 0.2985132 0.1685650 0.1757224 0.3621506 0.2161572 0.1968863 
Perityle_cordifolia_68_tecolote            0.3173480 0.2387148 0.3887337 0.2955609 0.2529890 0.0969972 0.3844825 0.1710622 0.3856996 0.3015620 0.1001670 0.1599563 0.1128520 0.0616624 0.0763838 0.0502627 0.4208401 0.2634519 0.0769492 0.0526479 0.2191903 0.1470374 0.1202154 0.0755520 0.1731581 0.2194279 0.0000000 0.4671455 0.1360192 0.5623357 0.2863196 0.1144144 0.0155939 0.1401265 0.2878874 0.1563738 0.1904124 0.0000010 0.1299624 0.1125927 0.3122570 0.1059728 0.2518975 0.2209893 0.0527761 0.1283450 0.1565953 0.1938941 0.5715466 0.0591671 0.0704100 0.0606673 0.1834095 0.2147914 0.1388308 0.0100841 0.1046586 0.1780310 0.1935751 0.2110298 0.1303347 0.2718168 0.0891806 0.1083012 0.3023235 0.2004670 0.1374599 0.2535324 0.0858850 0.0612740 0.1221150 0.1714677 0.1985835 0.1842968 0.0921822 0.1274262 0.1811909 0.2294130 0.0733683 0.0572101 0.3292007 0.2016529 0.1603188 
Perityle_coronopifolia_28_patagonia        0.2076776 0.1725917 0.3834686 0.4013583 0.4602178 0.3437620 0.2989206 0.3839248 0.4135558 0.4619355 0.4395206 0.3192479 0.3217391 0.3361200 0.3785546 0.3964934 0.4224200 0.4121616 0.3023757 0.2864243 0.4626889 0.2756388 0.4917362 0.3604507 0.3506922 0.4775625 0.4671455 0.0000000 0.2802073 0.3101164 0.5462584 0.3578447 0.3560345 0.3366715 0.6323396 0.4383762 0.4592300 0.0491210 0.4414508 0.3470143 0.5611046 0.4317988 0.4498601 0.4911267 0.3463247 0.3945762 0.3660359 0.3709213 0.7626386 0.3199469 0.3391791 0.2949227 0.4459186 0.4325378 0.3225241 0.3457005 0.3770235 0.3708730 0.4157482 0.2609511 0.2846728 0.1381569 0.3042390 0.4055941 0.4192645 0.4216931 0.3242044 0.3710252 0.2599986 0.3912944 0.4927336 0.3890320 0.3816732 0.3383972 0.2818263 0.3995471 0.4519320 0.5144287 0.4024348 0.3431528 0.0190268 0.4007635 0.4606927 
Perityle_crassifolia_74_playa_balandra     0.3002736 0.2463474 0.3155004 0.2428473 0.1401987 0.1068813 0.2793729 0.1401324 0.2916566 0.1350907 0.1599855 0.1500159 0.1408881 0.1606193 0.1248809 0.1109198 0.3145429 0.1211437 0.1612694 0.1319082 0.1484152 0.1081003 0.1450920 0.1313511 0.1539200 0.1482155 0.1360192 0.2802073 0.0000000 0.3480438 0.0486104 0.0630631 9.0000000 0.0617610 0.1222199 0.1448630 0.1015481 9.0000000 0.1452051 0.1495797 0.1085601 0.1305567 0.1098764 0.1182490 0.1560369 0.1002771 0.1475018 0.1544096 0.1104951 0.1386735 0.1439102 0.1258599 0.1625033 0.1396030 0.1195165 0.1171979 0.1600111 0.1458229 0.1376999 0.0847147 0.0859819 0.3456752 0.0848172 0.1359782 0.1056009 0.1435000 0.1073744 0.1004490 0.0948265 0.1590276 0.1443972 0.0856632 0.1492080 0.1499286 0.1447935 0.1498338 0.1525592 0.1132904 0.1548144 0.1495832 0.2861954 0.1456632 0.1600913 
Perityle_cuneata_34_cuneata_San_antonio    0.2998228 0.1966002 0.4993518 0.4693957 0.5718409 0.3839292 0.3318784 0.3997703 0.4946986 0.6348765 0.5443384 0.4326934 0.3845804 0.3619437 0.4550157 0.4796547 0.4483645 0.4195585 0.4452824 0.3520950 0.5572892 0.3253405 0.5473088 0.5014616 0.4491928 0.6183507 0.5623357 0.3101164 0.3480438 0.0000000 0.6577007 0.4677620 0.4344881 0.4663151 0.5951120 0.5092892 0.4799648 0.0764974 0.5016984 0.4788574 0.6384123 0.5306407 0.5620532 0.5020674 0.4041427 0.4787177 0.4503083 0.4660244 0.8864067 0.4521068 0.4588293 0.4222756 0.5687929 0.5770409 0.4428161 0.3823211 0.3842466 0.4584791 0.4853915 0.3369145 0.2657050 0.2100159 0.2936940 0.4795266 0.4533822 0.5803405 0.4253183 0.4503319 0.2528411 0.4129880 0.5470812 0.4662041 0.4685908 0.4584272 0.4092796 0.4068026 0.5682196 0.5360828 0.5091279 0.4514292 0.2734490 0.4884447 0.5109765 
Perityle_cuneata_4                         0.2892386 0.2689954 0.4551112 0.3409772 0.2724910 0.0662512 0.4291435 0.1069354 0.4407889 0.2983461 0.2837986 0.1868637 0.1084066 0.1034688 0.2634114 0.1993591 0.5198955 0.2305880 0.1570875 0.1350431 0.3002093 0.1393241 0.3010777 0.1478561 0.2258535 0.4035447 0.2863196 0.5462584 0.0486104 0.6577007 0.0000000 0.0504496 0.5208767 0.0711165 0.2789365 0.2153017 0.2150561 0.1287661 0.2149339 0.1268221 0.3149075 0.1327340 0.2337954 0.2865294 0.1946529 0.2021497 0.2331338 0.2771159 0.5381114 0.1827705 0.1986234 0.1252977 0.3416953 0.3328289 0.2019576 0.1297648 0.1038746 0.2081311 0.2979088 0.1121444 0.0849309 0.3011226 0.0600187 0.1877888 0.2549020 0.3445896 0.1123372 0.2215002 0.0585512 0.2538344 0.3028774 0.0704016 0.2942983 0.2094391 0.1252727 0.0969635 0.1748206 0.2776442 0.2391874 0.1351724 0.3171713 0.3058130 0.3080108 
Perityle_discoidea_81                      0.3299747 0.1951748 0.3142811 0.2740778 0.0845676 0.0714739 0.3963062 0.1289120 0.3301674 0.2192816 0.1261769 0.1206616 0.1088973 0.1136968 0.0818526 0.0879852 0.3272692 0.1005152 0.1057379 0.0929719 0.1147336 0.1133658 0.1047413 0.0873853 0.1217501 0.1597195 0.1144144 0.3578447 0.0630631 0.4677620 0.0504496 0.0000000 9.0000000 0.0116937 0.1098076 0.1313812 0.1012546 9.0000000 0.1110051 0.1137413 0.1016983 0.0973540 0.1203994 0.1096806 0.1049286 0.0892599 0.1203854 0.1224015 0.1912791 0.1014578 0.1126310 0.0937592 0.2386001 0.1109282 0.1217602 0.1283252 0.1244198 0.1162770 0.1161888 0.1521723 0.0510739 0.2947219 0.0756572 0.0942120 0.1631241 0.1558658 0.1044750 0.1379560 0.0486015 0.1234827 0.0989884 0.0062170 0.1207151 0.1210391 0.1044647 0.1293302 0.1299181 0.1207796 0.1055370 0.0979785 0.3622529 0.1185237 0.1083220 
Perityle_dissecta_201                      0.1123148 0.2347178 0.5081265 0.1604007 0.0975634 9.0000000 0.3503874 9.0000000 0.3843065 0.0516533 0.0124322 0.0364978 0.0540517 0.0000010 0.0220999 0.0344393 0.5941114 0.8933046 0.0074801 0.0000010 9.0000000 0.5826994 0.0154962 0.0000010 0.0710935 0.1023856 0.0155939 0.3560345 9.0000000 0.4344881 0.5208767 9.0000000 0.0000000 9.0000000 1.1563621 0.0306520 0.1146469 0.0075224 0.0623432 0.0342830 1.2539185 0.4374855 0.9726477 0.1907256 0.0128730 0.1202934 0.0822272 0.0792247 1.0832629 0.0050437 0.0093519 0.0000010 0.0000010 0.3917239 0.1019126 0.0229957 9.0000000 0.0376529 0.1151837 0.1109528 9.0000000 0.1987735 9.0000000 0.0407946 0.0870862 0.0865143 0.0422706 0.0398329 9.0000000 0.0221641 0.0155587 9.0000000 0.0830575 0.0663151 0.0383650 9.0000000 0.0561384 0.1102912 0.0099884 0.0000010 0.1710738 0.1090922 0.0437522 
Perityle_emoryi_47_punta_san_jose          0.3151592 0.1747771 0.3399697 0.2947007 0.1066471 0.0628287 0.3875543 0.1275951 0.3402519 0.2257350 0.1498366 0.1297848 0.1173696 0.1166758 0.1099526 0.1171002 0.3106658 0.1176572 0.1255215 0.1095416 0.1228786 0.0978336 0.1288263 0.1124424 0.1325949 0.1766770 0.1401265 0.3366715 0.0617610 0.4663151 0.0711165 0.0116937 9.0000000 0.0000000 0.1477119 0.1353543 0.1061786 9.0000000 0.1196745 0.1205191 0.1422782 0.1117874 0.1272492 0.1141237 0.1177256 0.1185313 0.1313767 0.1313248 0.2359035 0.1241669 0.1340828 0.1181976 0.2621575 0.1478901 0.1466706 0.1424989 0.1133666 0.1258342 0.1270397 0.1607587 0.0530738 0.2687040 0.0615912 0.1057909 0.1698944 0.1706018 0.1239001 0.1384210 0.0461657 0.1232028 0.1232541 0.0118340 0.1298400 0.1301742 0.1153043 0.1171532 0.1476063 0.1364406 0.1274202 0.1190851 0.3416659 0.1278885 0.1159874 
Perityle_feddemae_99                       0.4607601 0.3307977 0.4495162 0.3994455 0.3157243 0.0733457 0.4954632 0.1373942 0.4408992 0.3822686 0.3193524 0.2711553 0.2460635 0.2997535 0.2655060 0.2595252 0.4583419 0.1775382 0.2992079 0.2979571 0.2341686 0.1838876 0.3132217 0.2747705 0.2868401 0.4248627 0.2878874 0.6323396 0.1222199 0.5951120 0.2789365 0.1098076 1.1563621 0.1477119 0.0000000 0.2946250 0.1807808 1.1990449 0.2599884 0.2269240 0.0267533 0.1885286 0.0799777 0.1833870 0.3179313 0.2561093 0.2809949 0.3084356 0.2072653 0.2785847 0.2967007 0.2762317 0.4165255 0.2636685 0.2502301 0.3139187 0.1971286 0.2994546 0.3028177 0.2347834 0.0687629 0.4416822 0.1161470 0.2403214 0.3235612 0.4052425 0.2183969 0.3290156 0.0846065 0.3234088 0.3144640 0.1971328 0.3049851 0.3005293 0.2261402 0.1381939 0.2387845 0.1699584 0.2903461 0.2653773 0.5067682 0.3089887 0.3736982 
Perityle_fosteri_93                        0.2989703 0.2376606 0.3163780 0.3054216 0.3295844 0.0975959 0.3121090 0.1691368 0.3170685 0.3021808 0.1368603 0.0867844 0.0547473 0.0932737 0.1052437 0.0507864 0.3267178 0.2700854 0.0950071 0.0760293 0.1692508 0.1105424 0.1898348 0.1006290 0.1056210 0.2395868 0.1563738 0.4383762 0.1448630 0.5092892 0.2153017 0.1313812 0.0306520 0.1353543 0.2946250 0.0000000 0.2378446 0.0404712 0.0840691 0.0471570 0.2509752 0.0399998 0.2528880 0.2679574 0.0862502 0.1461085 0.0858845 0.1320246 0.4636520 0.0723424 0.0857389 0.0678993 0.2591733 0.0903233 0.1668790 0.1523386 0.1310588 0.1101814 0.1250918 0.1526610 0.0968364 0.2688532 0.0511542 0.0828140 0.2907169 0.2092769 0.1345837 0.2509265 0.0116495 0.0889826 0.1885015 0.1595921 0.1679463 0.1099028 0.0379650 0.0546052 0.1744837 0.3070825 0.0901476 0.0758786 0.3261135 0.1465247 0.1746828 
Perityle_gamon_221                         0.3230293 0.2625819 0.4012509 0.2782523 0.2619073 0.0657361 0.3418337 0.1184521 0.2985577 0.2008804 0.1903494 0.1626811 0.1267886 0.1480521 0.1536238 0.1318032 0.3991969 0.1903276 0.1597275 0.1325779 0.2456919 0.1415080 0.2113453 0.1657657 0.1813593 0.2603421 0.1904124 0.4592300 0.1015481 0.4799648 0.2150561 0.1012546 0.1146469 0.1061786 0.1807808 0.2378446 0.0000000 0.1100334 0.1767225 0.1371501 0.2061070 0.1348534 0.1747000 0.0325311 0.1455874 0.1356683 0.1644630 0.2032975 0.3543919 0.1387933 0.1578438 0.1337114 0.3167820 0.2189585 0.1405069 0.1779098 0.1561479 0.1937660 0.2044679 0.0978809 0.0686344 0.2792858 0.0984769 0.1567309 0.2599008 0.2264758 0.1246165 0.1823375 0.0754730 0.1487421 0.2111272 0.1396692 0.2034893 0.1815829 0.1236516 0.1194162 0.1598433 0.1485044 0.1501777 0.1465190 0.3088891 0.2037554 0.2722106 
Perityle_gentryi_8_san_francisco           0.1123148 0.2347178 0.1426032 0.1449225 0.1106382 9.0000000 0.1220642 9.0000000 0.0290956 0.0329491 0.0079434 0.0441072 0.0609889 0.0000010 0.0000010 0.0000010 0.2874452 1.0638123 0.0000010 0.0000010 9.0000000 0.5826994 0.0080534 0.0000010 0.0333022 0.0079602 0.0000010 0.0491210 9.0000000 0.0764974 0.1287661 9.0000000 0.0075224 9.0000000 1.1990449 0.0404712 0.1100334 0.0000000 0.0336050 0.0438266 1.1785156 0.3743074 0.9227583 0.0774062 0.0000010 0.0849157 0.0333022 0.0475920 1.2377961 0.0000010 0.0000010 0.0000010 0.0127008 0.2124143 0.1039224 0.0210099 9.0000000 0.0454544 0.0417888 0.1167264 9.0000000 0.1434525 9.0000000 0.0000010 0.0510882 0.0079602 0.0405104 0.0257981 9.0000000 0.0079362 0.0081391 0.0000010 0.0339513 0.0676692 0.0000010 9.0000000 0.0521243 0.1172695 0.0000010 0.0000010 0.1317542 0.0755285 0.0000010 
Perityle_gilensis_22_Superstition          0.3330987 0.2542172 0.3232488 0.2821598 0.2148047 0.0934355 0.3317001 0.1634977 0.3447469 0.2888328 0.1019332 0.0565450 0.0244617 0.0693933 0.0908357 0.0552135 0.3712951 0.2124156 0.0762890 0.0620231 0.1377043 0.0959509 0.1198044 0.0693721 0.0729227 0.2385398 0.1299624 0.4414508 0.1452051 0.5016984 0.2149339 0.1110051 0.0623432 0.1196745 0.2599884 0.0840691 0.1767225 0.0336050 0.0000000 0.0097833 0.2521832 0.0195756 0.2249562 0.1862814 0.0720816 0.1412911 0.0507271 0.0965377 0.4618911 0.0481062 0.0651752 0.0466148 0.2370327 0.0956178 0.1469969 0.1411124 0.1143306 0.0837251 0.0901729 0.1583105 0.0895451 0.2563253 0.0474937 0.0368427 0.2617487 0.2016632 0.1208228 0.2290495 0.0312254 0.0812737 0.1192739 0.1558594 0.0966071 0.0758781 0.0175093 0.0190215 0.1559811 0.1878525 0.0721867 0.0529927 0.3324719 0.0943658 0.1588253 
Perityle_gilensis_salensis_225             0.3015643 0.2564067 0.2997118 0.3073158 0.1402408 0.0932825 0.3373512 0.1595360 0.3225359 0.2755698 0.0975222 0.0608861 0.0283176 0.0766467 0.0976491 0.0554444 0.2820764 0.2073780 0.0808477 0.0647308 0.0794588 0.1029845 0.0830885 0.0661270 0.0648577 0.2197225 0.1125927 0.3470143 0.1495797 0.4788574 0.1268221 0.1137413 0.0342830 0.1205191 0.2269240 0.0471570 0.1371501 0.0438266 0.0097833 0.0000000 0.2228705 0.0245913 0.2116400 0.1415034 0.0754846 0.1357660 0.0530857 0.0604983 0.3660700 0.0518557 0.0681453 0.0555850 0.2113048 0.0807007 0.1576766 0.1460834 0.1184297 0.0619892 0.0566184 0.1703990 0.0896064 0.2728081 0.0536304 0.0197663 0.1968911 0.2153145 0.1227500 0.1940036 0.0352547 0.0828748 0.0809959 0.1548297 0.0630053 0.0609689 0.0248796 0.0189206 0.1496943 0.1434023 0.0761559 0.0638099 0.3549824 0.0554069 0.1016502 
Perityle_glaucescens_94                    0.4322916 0.3011487 0.4197862 0.4322635 0.2703066 0.0717127 0.5377642 0.1310847 0.4470014 0.4125648 0.3509330 0.2622031 0.2395051 0.2958437 0.2946777 0.2851280 0.4683830 0.1723326 0.3004123 0.2959439 0.1846673 0.1676617 0.3138138 0.2699618 0.2897510 0.4362723 0.3122570 0.5611046 0.1085601 0.6384123 0.3149075 0.1016983 1.2539185 0.1422782 0.0267533 0.2509752 0.2061070 1.1785156 0.2521832 0.2228705 0.0000000 0.1829498 0.0636992 0.2056931 0.3557464 0.2876505 0.2965313 0.2979021 0.1546588 0.3073800 0.3219845 0.2788557 0.4034417 0.2892959 0.2765503 0.3081435 0.1879974 0.2674379 0.2935548 0.2344816 0.0639508 0.4229858 0.1012428 0.2314857 0.2956264 0.4271154 0.2174125 0.3078161 0.0833807 0.3598813 0.3131507 0.1916227 0.2943847 0.2789897 0.2273041 0.1309609 0.2340682 0.1930841 0.3196470 0.2682034 0.4847314 0.2973354 0.3357485 
Perityle_gracilis_11                       0.3452422 0.2372285 0.2882587 0.3301411 0.1432265 0.0747611 0.3908628 0.1453218 0.3529003 0.2979021 0.1100247 0.0603456 0.0313272 0.0796883 0.1019726 0.0601868 0.2836841 0.1773844 0.0835943 0.0653450 0.0742298 0.0503458 0.0800481 0.0779793 0.0632865 0.2418999 0.1059728 0.4317988 0.1305567 0.5306407 0.1327340 0.0973540 0.4374855 0.1117874 0.1885286 0.0399998 0.1348534 0.3743074 0.0195756 0.0245913 0.1829498 0.0000000 0.1755727 0.1488725 0.0767335 0.1296503 0.0548732 0.0616603 0.3362084 0.0597740 0.0738400 0.0569428 0.2202874 0.0691400 0.1605119 0.1390750 0.1046079 0.0611019 0.0600106 0.1606999 0.0768706 0.3126242 0.0338941 0.0192801 0.2018175 0.2286475 0.1215428 0.2065014 0.0286271 0.0872319 0.0788637 0.1393115 0.0633222 0.0611364 0.0195327 0.0079105 0.1386913 0.1457619 0.0734843 0.0616379 0.4103852 0.0558565 0.0990910 
Perityle_harkerae_31                       0.3963218 0.3001784 0.4829811 0.3439632 0.2004653 0.0718643 0.4823142 0.1234901 0.4000765 0.3045706 0.2564512 0.2308262 0.1864696 0.1926609 0.2157115 0.2143667 0.4399290 0.0933363 0.2369254 0.2037804 0.1830494 0.1432246 0.2323021 0.2039588 0.2400540 0.2798191 0.2518975 0.4498601 0.1098764 0.5620532 0.2337954 0.1203994 0.9726477 0.1272492 0.0799777 0.2528880 0.1747000 0.9227583 0.2249562 0.2116400 0.0636992 0.1755727 0.0000000 0.1708913 0.2136297 0.2067467 0.2142275 0.2447989 0.1419327 0.2383452 0.2400006 0.2302508 0.3020659 0.2420732 0.2201826 0.1991119 0.1801617 0.2324914 0.2380049 0.1965918 0.0643244 0.4152389 0.1075598 0.2108011 0.2273965 0.2784421 0.1659524 0.2534277 0.0785103 0.2206746 0.2249178 0.1263288 0.2379842 0.2463790 0.2067525 0.1276849 0.1963173 0.1647422 0.2492792 0.2356979 0.4690631 0.2409541 0.2654547 
Perityle_hofmeisteria_4_nombre_de_dios     0.3068780 0.2756915 0.4250827 0.2807812 0.2951285 0.0743331 0.3891118 0.1215809 0.3594854 0.2096042 0.2163864 0.1711659 0.1352051 0.1468597 0.1766365 0.1555030 0.4370730 0.1950287 0.1588526 0.1316964 0.2569306 0.1433178 0.2538993 0.1655388 0.1878455 0.2869991 0.2209893 0.4911267 0.1182490 0.5020674 0.2865294 0.1096806 0.1907256 0.1141237 0.1833870 0.2679574 0.0325311 0.0774062 0.1862814 0.1415034 0.2056931 0.1488725 0.1708913 0.0000000 0.1646870 0.1569782 0.1854354 0.2215348 0.3755532 0.1462359 0.1680588 0.1318783 0.3346624 0.2405119 0.1413238 0.1800098 0.1617074 0.2022095 0.2252262 0.1017183 0.0728272 0.2647197 0.1026015 0.1789583 0.2574147 0.2522247 0.1213174 0.2012797 0.0944548 0.1709725 0.2525524 0.1477547 0.2370595 0.1906900 0.1266943 0.1288104 0.1900224 0.1623972 0.1724370 0.1473897 0.2977385 0.2372944 0.3072606 
Perityle_huecosensis_48                    0.2902631 0.2640250 0.3612299 0.2394975 0.1354336 0.0925586 0.3094666 0.1591389 0.3290627 0.1711640 0.0336782 0.0769968 0.0710238 0.0074626 0.0557999 0.0148742 0.3818310 0.2308226 0.0150594 0.0013758 0.0675252 0.0596553 0.0262588 0.0062851 0.0867881 0.0746685 0.0527761 0.3463247 0.1560369 0.4041427 0.1946529 0.1049286 0.0128730 0.1177256 0.3179313 0.0862502 0.1455874 0.0000010 0.0720816 0.0754846 0.3557464 0.0767335 0.2136297 0.1646870 0.0000000 0.1062453 0.0818698 0.0826479 0.4400076 0.0168245 0.0310812 0.0181115 0.0780389 0.1523493 0.1240505 0.0781960 0.0793139 0.0734892 0.0843596 0.1798293 0.1115510 0.2820229 0.0519323 0.0437905 0.1828028 0.0738226 0.1197303 0.1293365 0.0651654 0.0177743 0.0251636 0.1587804 0.0838516 0.0815235 0.0512913 0.0756761 0.1502936 0.1587894 0.0276284 0.0055358 0.3104083 0.0861336 0.0618596 
