76
Amauria_brandeegeana_62                    0.0000000 0.2208233 0.0710311 0.2085254 0.1416303 0.1179232 0.2082526 0.2078577 0.2101163 0.2418920 0.0608745 0.1647873 0.1725626 0.2177544 0.1879619 0.1746727 0.2865977 0.0977944 0.1682125 0.3696783 0.1802266 0.1768617 0.1719427 0.0859505 0.2167515 0.1911086 0.2003947 0.1563691 0.2003069 0.1724192 0.2266272 0.1778227 0.0025458 0.1705892 0.1251704 0.1905417 0.2118937 0.0988404 0.1850977 0.1932892 0.2050767 0.1341615 0.1650860 0.0471423 0.1640772 0.1689726 0.0862887 0.1717055 0.1826899 0.1641087 0.1427423 0.1973553 0.1018656 0.0590853 0.0663001 0.1667027 0.0931378 0.1079487 0.1977905 0.0442568 0.0922764 0.2300907 0.2116588 0.1689733 0.1833733 0.1721311 0.2684132 0.1728777 0.1861664 0.0593775 0.2218718 0.2085781 0.1677774 0.0753363 0.0722884 0.0585413 
Amauria_carterae_99_mesa                   0.2208233 0.0000000 0.2384639 0.2110840 0.0659219 0.2474567 0.3017954 0.2495071 0.2131977 0.2137492 0.2089532 0.2061748 0.2085914 0.2133567 0.1959924 0.2130446 0.2771605 0.1969916 0.2055219 0.2941599 0.2068409 0.2007857 0.2031039 0.1775052 0.1981610 0.2053576 0.1998620 0.0329501 0.2374385 0.1967666 0.2103827 0.2079649 0.1923233 0.2098638 0.2425762 0.2034411 0.2224473 0.2012124 0.2199720 0.2057911 0.2049114 0.2414085 0.2101949 0.2131092 0.2010347 0.2054723 0.1999772 0.2025306 0.2110412 0.2081895 0.1828583 0.2173622 0.1908706 0.1893295 0.1943507 0.2043522 0.1940408 0.1966120 0.2130654 0.1873576 0.2048899 0.2424604 0.2371328 0.2441248 0.2095255 0.2057135 0.2254559 0.2093748 0.2062139 0.1671853 0.2488302 0.2043259 0.1965991 0.1981975 0.1811483 0.1800422 
Amauria_rotundifolia_SRR9119150            0.0710311 0.2384639 0.0000000 0.2094979 0.1466834 0.1401555 0.2254610 0.2437141 0.2328202 0.2516298 0.0845465 0.2158067 0.2099082 0.2267219 0.2327394 0.2135758 0.3969040 0.1237004 0.1420475 0.4160527 0.2195202 0.2050919 0.2126960 0.1227151 0.2675170 0.2375334 0.2032865 0.1525619 0.2519422 0.2226653 0.1801415 0.2192426 0.0235292 0.1878495 0.1921868 0.2484267 0.2466449 0.1221095 0.1604857 0.1740698 0.2466904 0.2048511 0.2154948 0.0671943 0.2112990 0.2037820 0.0950774 0.1567539 0.2287875 0.1881380 0.1558654 0.2417064 0.1136380 0.0824477 0.0719443 0.1638087 0.1010857 0.1302856 0.2159864 0.0056807 0.0968751 0.2566154 0.2490504 0.1920131 0.1639278 0.2130267 0.2105997 0.2135691 0.1647289 0.0811918 0.2254479 0.2614100 0.2129986 0.0980640 0.1026748 0.1157376 
Eutetras_palmeri_63                        0.2085254 0.2110840 0.2094979 0.0000000 0.0935762 0.1519665 0.1923207 0.1807974 0.1439759 0.1336842 0.1870573 0.0926137 0.0898904 0.1393119 0.0867110 0.0874115 0.2194304 0.2446258 0.0944648 0.3593266 0.0907484 0.0973279 0.0912772 0.2346192 0.1196268 0.0998569 0.0906966 0.0917355 0.1037530 0.0894816 0.1719456 0.0881626 0.0979617 0.0937200 0.2202884 0.0879546 0.0926561 0.2433718 0.2062048 0.0856935 0.1128476 0.2778416 0.0836719 0.1258850 0.0878743 0.0908867 0.2460632 0.0874029 0.1013925 0.0835069 0.2498035 0.0929026 0.1866778 0.1586839 0.1884971 0.0870282 0.2481528 0.2209289 0.0999425 0.1904316 0.2373210 0.1050139 0.0980033 0.1014911 0.0844098 0.0898904 0.1816094 0.0930492 0.0888516 0.1662998 0.1019164 0.1081736 0.0862924 0.1838743 0.1845279 0.2498120 
Eutetras_pringlei_149_quer                 0.1416303 0.0659219 0.1466834 0.0935762 0.0000000 0.0757678 0.1382845 0.1758081 0.0746458 0.0864615 0.1394972 0.0825985 0.0902609 0.0906508 0.1134682 0.0866654 0.0864798 0.1436815 0.0897198 0.0795621 0.0924002 0.0900243 0.0798440 0.1010009 0.1302241 0.0913747 0.1049672 0.1084826 0.1564017 0.1229152 0.0871292 0.0866654 0.0719222 0.0832427 0.1342799 0.1163318 0.0870464 0.1575308 0.1938512 0.0789984 0.1300485 0.1633095 0.0845076 0.1010954 0.0781509 0.0854333 0.1601809 0.0917423 0.0877844 0.0894484 0.0856643 0.0932916 0.1382299 0.1080761 0.1075054 0.0803637 0.1595997 0.1388325 0.0835306 0.1141170 0.1220257 0.1538371 0.1364010 0.0698847 0.0805104 0.0899851 0.0852744 0.0832520 0.0769167 0.1271980 0.1417713 0.1495721 0.0883538 0.1379879 0.1409786 0.1291199 
Eutrochium_fistulosum_SRR9119106           0.1179232 0.2474567 0.1401555 0.1519665 0.0757678 0.0000000 0.1487233 0.1529785 0.1354502 0.1555861 0.1196235 0.1456252 0.1422401 0.1903565 0.1353747 0.1513691 0.3301901 0.1104609 0.1211812 0.3963460 0.1507821 0.1492585 0.1481722 0.1003214 0.1469390 0.1581400 0.1667918 0.1144371 0.1516511 0.1314884 0.1130498 0.1462360 0.0715705 0.1429743 0.1386572 0.1470745 0.1666004 0.1045846 0.1357729 0.1511684 0.1502611 0.1388652 0.1477025 0.0999813 0.1462739 0.1487474 0.1195049 0.1395927 0.1530520 0.1435723 0.0938205 0.1688014 0.0976630 0.1105174 0.0894366 0.1474390 0.1296048 0.1149009 0.1590029 0.1383812 0.1092964 0.1937958 0.1710850 0.1394768 0.1408530 0.1444963 0.1476034 0.1541231 0.1454264 0.1125558 0.1841513 0.1575254 0.1426213 0.1241908 0.1166900 0.1342984 
Galeana_pratensis_104_mex                  0.2082526 0.3017954 0.2254610 0.1923207 0.1382845 0.1487233 0.0000000 0.1923695 0.1543174 0.1876727 0.1326375 0.1461943 0.1494043 0.1582619 0.1482558 0.1380806 0.2383515 0.1696308 0.1535183 0.3550969 0.1698534 0.1626641 0.1547552 0.1621499 0.1567196 0.1721842 0.2077438 0.1506815 0.1452814 0.1684040 0.1575160 0.1367897 0.1356315 0.1444345 0.1458459 0.1643977 0.1735782 0.1850339 0.1725675 0.1524401 0.1764833 0.1427508 0.1456375 0.1293311 0.1336448 0.1429116 0.1642617 0.1522314 0.1536636 0.1499436 0.1638027 0.1803591 0.1579959 0.1686248 0.1419566 0.1431901 0.1604802 0.1426214 0.1372935 0.2309825 0.1760981 0.2249218 0.1910973 0.1914933 0.1387967 0.1598606 0.1968914 0.1564417 0.1544025 0.1495796 0.2140725 0.1681915 0.1361182 0.1574044 0.1445096 0.1535722 
Helianthus_annuus_SRR9119062               0.2078577 0.2495071 0.2437141 0.1807974 0.1758081 0.1529785 0.1923695 0.0000000 0.1626346 0.1895906 0.2052250 0.1493632 0.1496244 0.1810876 0.1748525 0.1564564 0.2800135 0.2086983 0.1545166 0.3889583 0.1524549 0.1587767 0.1476861 0.1775365 0.1821932 0.1553904 0.1807211 0.1966461 0.1833174 0.1615683 0.1650906 0.1555081 0.1459057 0.1475279 0.2159557 0.1820373 0.1556295 0.2036666 0.2245187 0.1544035 0.1754052 0.2128795 0.1528521 0.1786050 0.1480635 0.1506010 0.2082071 0.1534038 0.1530411 0.1479427 0.2271522 0.1627801 0.2191128 0.1892923 0.1935778 0.1482630 0.2137485 0.1988060 0.1601926 0.1970150 0.1952504 0.2127711 0.1906927 0.1656703 0.1493618 0.1490753 0.1808499 0.1562671 0.1506880 0.1774960 0.2035315 0.1814529 0.1473451 0.2192974 0.1888836 0.1914473 
Lycapsus_tenuifolius_17                    0.2101163 0.2131977 0.2328202 0.1439759 0.0746458 0.1354502 0.1543174 0.1626346 0.0000000 0.1344172 0.1957697 0.1116174 0.1175798 0.1539934 0.1025723 0.1172106 0.2049576 0.2779190 0.1184790 0.3489225 0.1173942 0.1171588 0.1140838 0.2625935 0.1450969 0.1190447 0.0036435 0.0120857 0.1441463 0.1265147 0.0013477 0.1213321 0.0871062 0.1250692 0.2359015 0.1013560 0.1223735 0.2718937 0.2780267 0.1203550 0.1456248 0.2856481 0.1133883 0.1244234 0.1131047 0.1136016 0.2614322 0.1181151 0.1276533 0.1165572 0.2427752 0.1203532 0.1659544 0.1521767 0.1333812 0.1114353 0.2701721 0.2435806 0.1099108 0.1672428 0.2642638 0.1586418 0.1394841 0.0665887 0.1203532 0.1160669 0.0026776 0.1189308 0.1189968 0.1581187 0.1498052 0.1309424 0.1178793 0.2125054 0.2093563 0.2457927 
Pericome_caudata_50_silver                 0.2418920 0.2137492 0.2516298 0.1336842 0.0864615 0.1555861 0.1876727 0.1895906 0.1344172 0.0000000 0.2198019 0.1395744 0.1293940 0.1868153 0.1028184 0.1315488 0.2228038 0.2823869 0.1408273 0.3747364 0.1343766 0.1312820 0.1328651 0.3400583 0.1639469 0.1391212 0.0725121 0.0696304 0.1351288 0.1199486 0.1516784 0.1365825 0.0877071 0.1585877 0.2632180 0.1099875 0.1358337 0.2799456 0.3124218 0.1278669 0.1664095 0.3649968 0.1311853 0.1228521 0.1311778 0.1329000 0.2909671 0.1309899 0.1421269 0.1260152 0.2639606 0.1409442 0.2123177 0.1611721 0.1652732 0.1260390 0.2879408 0.2549248 0.1203147 0.1841238 0.2863438 0.1378520 0.1301354 0.0800411 0.1263317 0.1334036 0.1542865 0.1343733 0.1311556 0.1656424 0.1300414 0.1453140 0.1339805 0.2357213 0.2291114 0.3012353 
Perityle_aglossa_84_dead_horse             0.0608745 0.2089532 0.0845465 0.1870573 0.1394972 0.1196235 0.1326375 0.2052250 0.1957697 0.2198019 0.0000000 0.2074579 0.1733636 0.1958622 0.1873019 0.1838688 0.3768308 0.1073554 0.1172512 0.3737197 0.2521207 0.1712596 0.2041903 0.1207918 0.2363801 0.2270152 0.1840767 0.1505358 0.2233667 0.1931253 0.1395795 0.2040933 0.0082515 0.1600534 0.1687009 0.2009007 0.2233153 0.1516191 0.1178404 0.1472738 0.2064348 0.2506277 0.2276748 0.0167270 0.2389259 0.1841498 0.0313629 0.1255775 0.2413211 0.1596646 0.1106702 0.2207111 0.0574060 0.0369076 0.0450264 0.1310788 0.0125887 0.0774622 0.1804863 0.0729565 0.0625742 0.2437933 0.2777899 0.1658341 0.1346981 0.2712309 0.1767833 0.1963165 0.1313255 0.0024632 0.2106229 0.2585434 0.2588961 0.0205238 0.0189997 0.1478606 
Perityle_ajoensis_204                      0.1647873 0.2061748 0.2158067 0.0926137 0.0825985 0.1456252 0.1461943 0.1493632 0.1116174 0.1395744 0.2074579 0.0000000 0.0147984 0.0535168 0.0304379 0.0170271 0.2576188 0.2807226 0.0135612 0.3496256 0.0163545 0.0215901 0.0110410 0.4025240 0.0602259 0.0398029 0.0723498 0.0809288 0.1105593 0.0806827 0.1478211 0.0205548 0.0708123 0.0358614 0.2332963 0.0403424 0.0162369 0.2925169 0.2094667 0.0073767 0.0728669 0.3991718 0.0223211 0.0899551 0.0104510 0.0116798 0.2567231 0.0085809 0.0285139 0.0191993 0.2689609 0.0238648 0.1425195 0.1367567 0.1441226 0.0078043 0.2853739 0.1914291 0.0764571 0.1682997 0.2661219 0.1119398 0.1106138 0.0455549 0.0172597 0.0163545 0.1576920 0.0172126 0.0091910 0.1351694 0.1095612 0.0486262 0.0198951 0.2168734 0.2198068 0.3020836 
Perityle_ambrosiifolia_67_green            0.1725626 0.2085914 0.2099082 0.0898904 0.0902609 0.1422401 0.1494043 0.1496244 0.1175798 0.1293940 0.1733636 0.0147984 0.0000000 0.0520991 0.0290562 0.0094096 0.2524753 0.2666984 0.0094641 0.3381236 0.0058783 0.0286132 0.0099491 0.3462761 0.0509526 0.0306615 0.0707948 0.0815594 0.0995283 0.0766266 0.1490637 0.0134837 0.0797141 0.0310239 0.2291567 0.0361176 0.0048884 0.2683360 0.1867636 0.0074714 0.0646690 0.3397490 0.0139277 0.0956293 0.0103279 0.0112378 0.2507363 0.0032077 0.0137834 0.0138857 0.2376752 0.0158305 0.1483581 0.1350856 0.1497297 0.0095709 0.2617806 0.1913783 0.0751477 0.1833445 0.2386026 0.1123869 0.0999192 0.0437716 0.0143757 0.0058832 0.1604263 0.0159209 0.0116771 0.1387385 0.1049225 0.0386615 0.0129112 0.1877914 0.1897282 0.2752906 
Perityle_angustifolia_13_Eagle_creek       0.2177544 0.2133567 0.2267219 0.1393119 0.0906508 0.1903565 0.1582619 0.1810876 0.1539934 0.1868153 0.1958622 0.0535168 0.0520991 0.0000000 0.0752338 0.0533177 0.2389196 0.2639757 0.0265685 0.3865022 0.0519687 0.0565967 0.0508096 0.2573042 0.0891190 0.0603680 0.0751089 0.0864592 0.1402761 0.1176183 0.1534431 0.0509281 0.1049395 0.0492300 0.2001190 0.0802764 0.0545388 0.2645158 0.1882707 0.0477174 0.1020623 0.2633705 0.0479660 0.1143998 0.0511512 0.0499010 0.2657732 0.0536966 0.0602852 0.0530220 0.2401060 0.0500082 0.1611594 0.1599222 0.1603133 0.0508314 0.2952092 0.1952570 0.0818207 0.1713215 0.2387845 0.1655732 0.1483901 0.0836626 0.0459504 0.0519687 0.1685043 0.0577426 0.0440663 0.1473864 0.1628406 0.0806353 0.0536766 0.2059468 0.1861573 0.2448517 
Perityle_batopilensis_97                   0.1879619 0.1959924 0.2327394 0.0867110 0.1134682 0.1353747 0.1482558 0.1748525 0.1025723 0.1028184 0.1873019 0.0304379 0.0290562 0.0752338 0.0000000 0.0291122 0.2191559 0.2275119 0.0312222 0.3460392 0.0276106 0.0333085 0.0263405 0.2261911 0.0496718 0.0386570 0.0743988 0.0938743 0.0985706 0.0801390 0.1014368 0.0293556 0.0822083 0.0387846 0.2521049 0.0162377 0.0315593 0.2322915 0.1639019 0.0292769 0.0515184 0.2697648 0.0278546 0.0956700 0.0265247 0.0280220 0.2182766 0.0254580 0.0374624 0.0305135 0.2119285 0.0302949 0.2027944 0.1469503 0.1361029 0.0250131 0.2129700 0.2356926 0.0408187 0.1762863 0.2209371 0.1122988 0.1005651 0.0654455 0.0308653 0.0277220 0.1116263 0.0320116 0.0298029 0.1516018 0.1104610 0.0477819 0.0292396 0.1936438 0.2007319 0.2427024 
Perityle_bisetosa_9                        0.1746727 0.2130446 0.2135758 0.0874115 0.0866654 0.1513691 0.1380806 0.1564564 0.1172106 0.1315488 0.1838688 0.0170271 0.0094096 0.0533177 0.0291122 0.0000000 0.2556028 0.2600541 0.0071218 0.3498545 0.0090776 0.0144494 0.0090964 0.2857449 0.0494177 0.0263851 0.0689857 0.0817182 0.1068040 0.0798325 0.1450622 0.0080399 0.0736112 0.0279189 0.2368638 0.0375319 0.0101407 0.2570515 0.1851472 0.0094654 0.0574088 0.3270706 0.0045362 0.0869031 0.0091173 0.0103005 0.2422524 0.0078965 0.0181429 0.0133419 0.2350998 0.0112635 0.1379851 0.1367917 0.1397796 0.0090411 0.2499458 0.1902836 0.0315881 0.1765723 0.2437221 0.1106021 0.1068907 0.0437221 0.0040242 0.0090871 0.1590420 0.0160007 0.0096219 0.1332360 0.1099120 0.0328462 0.0091040 0.1962848 0.1979231 0.2718188 
Perityle_californica_76_positas            0.2865977 0.2771605 0.3969040 0.2194304 0.0864798 0.3301901 0.2383515 0.2800135 0.2049576 0.2228038 0.3768308 0.2576188 0.2524753 0.2389196 0.2191559 0.2556028 0.0000000 0.3878001 0.1713969 0.3896699 0.2525727 0.2517349 0.2538373 0.3878914 0.2424859 0.2479830 0.1144220 0.0817011 0.2338119 0.2059349 0.1256118 0.2511816 0.2292614 0.2452727 0.3664102 0.2340746 0.2649733 0.3910445 0.3688597 0.1910340 0.2479657 0.3987000 0.2526725 0.2337427 0.2532177 0.2538181 0.3871347 0.2091309 0.2681790 0.2220106 0.4020568 0.2539829 0.2470232 0.2248953 0.2471871 0.2140241 0.3791625 0.3723573 0.2343286 0.1827719 0.3678266 0.2385458 0.2272056 0.2098063 0.1979384 0.2506438 0.1483973 0.2600136 0.1905467 0.2110171 0.2144794 0.2490425 0.2373452 0.3726110 0.3619556 0.3646611 
Perityle_castillonii_96                    0.0977944 0.1969916 0.1237004 0.2446258 0.1436815 0.1104609 0.1696308 0.2086983 0.2779190 0.2823869 0.1073554 0.2807226 0.2666984 0.2639757 0.2275119 0.2600541 0.3878001 0.0000000 0.2130118 0.3644495 0.2814710 0.2619048 0.2813974 0.1496373 0.3070711 0.2939520 0.1801734 0.1529503 0.2976186 0.2547700 0.2710458 0.2782516 0.0160127 0.2506578 0.1602620 0.2430310 0.2838866 0.0115537 0.2315423 0.2250454 0.2848493 0.2010203 0.2702986 0.0215781 0.2775475 0.2738449 0.1091764 0.2235454 0.2814378 0.2513376 0.2007336 0.2789204 0.0845231 0.0391116 0.0806411 0.2269666 0.1345030 0.1295305 0.2591983 0.0772525 0.1152679 0.2469974 0.2568882 0.1365090 0.2173484 0.2818715 0.2895272 0.2809854 0.2194354 0.0363364 0.2071504 0.3106933 0.2730451 0.1197794 0.1181952 0.1598703 
Perityle_cernua_84                         0.1682125 0.2055219 0.1420475 0.0944648 0.0897198 0.1211812 0.1535183 0.1545166 0.1184790 0.1408273 0.1172512 0.0135612 0.0094641 0.0265685 0.0312222 0.0071218 0.1713969 0.2130118 0.0000000 0.3026883 0.0093927 0.0191090 0.0107809 0.2174261 0.0595341 0.0232033 0.0741324 0.0836123 0.0917170 0.0717786 0.1489977 0.0095833 0.0736566 0.0080948 0.1453449 0.0343825 0.0133854 0.2141729 0.1380053 0.0121992 0.0677503 0.2275424 0.0081690 0.0926254 0.0109167 0.0109848 0.2014953 0.0094730 0.0217248 0.0120255 0.1840810 0.0053752 0.1443059 0.1414187 0.1409324 0.0108802 0.2267344 0.1340044 0.0496156 0.1731752 0.1836766 0.1138350 0.0952406 0.0507947 0.0094437 0.0093821 0.1606816 0.0176616 0.0149127 0.1348518 0.1093652 0.0451120 0.0122648 0.1300163 0.1300312 0.1669627 
Perityle_cinerea_113_Powell1310            0.3696783 0.2941599 0.4160527 0.3593266 0.0795621 0.3963460 0.3550969 0.3889583 0.3489225 0.3747364 0.3737197 0.3496256 0.3381236 0.3865022 0.3460392 0.3498545 0.3896699 0.3644495 0.3026883 0.0000000 0.3395922 0.3456576 0.3440478 0.3555094 0.3516868 0.3672673 0.2454829 0.0336646 0.3802238 0.3606713 0.2767303 0.3445539 0.3115368 0.3434527 0.3801375 0.3530871 0.3728842 0.3653570 0.4004804 0.3484776 0.3437799 0.3906709 0.3495635 0.3267610 0.3528069 0.3399868 0.3777246 0.3431070 0.3481353 0.3448245 0.3595281 0.3543907 0.2498463 0.2593992 0.3200160 0.3517814 0.3636020 0.3821447 0.3596083 0.2425957 0.3797637 0.4108566 0.3838185 0.3495093 0.3504640 0.3442463 0.3044224 0.3465386 0.3438111 0.2409335 0.4087865 0.3448519 0.3391770 0.3750750 0.3400793 0.3677412 
Perityle_coahuilensis_24                   0.1802266 0.2068409 0.2195202 0.0907484 0.0924002 0.1507821 0.1698534 0.1524549 0.1173942 0.1343766 0.2521207 0.0163545 0.0058783 0.0519687 0.0276106 0.0090776 0.2525727 0.2814710 0.0093927 0.3395922 0.0000000 0.0275652 0.0083127 0.4141964 0.0515463 0.0316640 0.0722958 0.0869510 0.1079794 0.0811998 0.1486082 0.0114421 0.0885331 0.0300622 0.2315989 0.0345548 0.0035615 0.3315536 0.2097861 0.0074943 0.0629416 0.4327979 0.0127824 0.1079945 0.0070430 0.0098539 0.2552195 0.0042553 0.0187724 0.0116183 0.2949935 0.0161090 0.1483116 0.1432564 0.1549373 0.0079451 0.3169309 0.1938748 0.0727987 0.1906470 0.2808633 0.1115341 0.1011789 0.0492864 0.0121574 0.0000010 0.1612128 0.0136651 0.0093111 0.1502190 0.1060896 0.0426789 0.0130658 0.2402884 0.2422796 0.3220798 
Perityle_cochisensis_44_cave_creek         0.1768617 0.2007857 0.2050919 0.0973279 0.0900243 0.1492585 0.1626641 0.1587767 0.1171588 0.1312820 0.1712596 0.0215901 0.0286132 0.0565967 0.0333085 0.0144494 0.2517349 0.2619048 0.0191090 0.3456576 0.0275652 0.0000000 0.0250830 0.3002022 0.0559064 0.0492707 0.0788915 0.0880817 0.1011362 0.0784925 0.1547055 0.0301439 0.0797732 0.0348614 0.2428207 0.0394495 0.0297161 0.2635462 0.1836929 0.0111375 0.0708823 0.3416296 0.0311890 0.0963096 0.0240508 0.0252821 0.2518978 0.0288666 0.0353267 0.0304369 0.2364138 0.0341455 0.1484885 0.1409422 0.1553590 0.0256418 0.2600915 0.2010097 0.0671077 0.1768717 0.2368230 0.1168910 0.0971112 0.0496371 0.0359075 0.0276188 0.1640194 0.0295901 0.0308743 0.1441506 0.1134287 0.0452941 0.0288853 0.1834986 0.1848930 0.2591801 
Perityle_congesta_202                      0.1719427 0.2031039 0.2126960 0.0912772 0.0798440 0.1481722 0.1547552 0.1476861 0.1140838 0.1328651 0.2041903 0.0110410 0.0099491 0.0508096 0.0263405 0.0090964 0.2538373 0.2813974 0.0107809 0.3440478 0.0083127 0.0250830 0.0000000 0.3881555 0.0516444 0.0327524 0.0725846 0.0819328 0.1080398 0.0798659 0.1484571 0.0127216 0.0744666 0.0325422 0.2311819 0.0334049 0.0083729 0.2924233 0.2058546 0.0012291 0.0622047 0.4012436 0.0140366 0.0904429 0.0009434 0.0019350 0.2533033 0.0065096 0.0158238 0.0148441 0.2659326 0.0162116 0.1427270 0.1400141 0.1428525 0.0021114 0.2816987 0.1902094 0.0729012 0.1744306 0.2645204 0.1105791 0.1033685 0.0495775 0.0145472 0.0083062 0.1583335 0.0054890 0.0045659 0.1333301 0.1083238 0.0412381 0.0102755 0.2122742 0.2132405 0.3085546 
Perityle_cordifolia_27                     0.0859505 0.1775052 0.1227151 0.2346192 0.1010009 0.1003214 0.1621499 0.1775365 0.2625935 0.3400583 0.1207918 0.4025240 0.3462761 0.2573042 0.2261911 0.2857449 0.3878914 0.1496373 0.2174261 0.3555094 0.4141964 0.3002022 0.3881555 0.0000000 0.3661326 0.3773658 0.1655889 0.1264924 0.3130781 0.2814111 0.2612300 0.3814670 0.0108520 0.2768015 0.1738222 0.2507017 0.3993132 0.1812026 0.2445161 0.2346482 0.3064739 0.2314301 0.4118696 0.0305292 0.3820351 0.3508379 0.1000744 0.3125122 0.4247080 0.2966986 0.1917890 0.3725578 0.0867550 0.0446880 0.0731064 0.3181591 0.1318063 0.1163681 0.3027463 0.0742714 0.0570054 0.2454930 0.3067892 0.1160951 0.3187920 0.4141964 0.2731057 0.4011462 0.2826318 0.0447588 0.2153779 0.3941551 0.4206156 0.1300595 0.1291194 0.1654767 
Perityle_cordifolia_68_tecolote            0.2167515 0.1981610 0.2675170 0.1196268 0.1302241 0.1469390 0.1567196 0.1821932 0.1450969 0.1639469 0.2363801 0.0602259 0.0509526 0.0891190 0.0496718 0.0494177 0.2424859 0.3070711 0.0595341 0.3516868 0.0515463 0.0559064 0.0516444 0.3661326 0.0000000 0.0661126 0.0819284 0.0786353 0.1271378 0.1079319 0.1853635 0.0543518 0.0813975 0.0746002 0.2660742 0.0514497 0.0538438 0.3239207 0.2064151 0.0493834 0.0801560 0.4059927 0.0559783 0.0889884 0.0517090 0.0538929 0.2805017 0.0476179 0.0566373 0.0509698 0.3204749 0.0573443 0.2006450 0.1431225 0.1853257 0.0480047 0.3125793 0.2427439 0.0921777 0.1952737 0.2936510 0.1316912 0.1311352 0.0786624 0.0551693 0.0515960 0.1959526 0.0583382 0.0545945 0.1523218 0.1318518 0.0719157 0.0547482 0.2407664 0.2562621 0.3382824 
Perityle_coronopifolia_28_patagonia        0.1911086 0.2053576 0.2375334 0.0998569 0.0913747 0.1581400 0.1721842 0.1553904 0.1190447 0.1391212 0.2270152 0.0398029 0.0306615 0.0603680 0.0386570 0.0263851 0.2479830 0.2939520 0.0232033 0.3672673 0.0316640 0.0492707 0.0327524 0.3773658 0.0661126 0.0000000 0.0799959 0.0909975 0.1173533 0.0892525 0.1505742 0.0331347 0.0896089 0.0468279 0.2470525 0.0485824 0.0314489 0.3060381 0.2248609 0.0252764 0.0744781 0.4168199 0.0359119 0.1083588 0.0329437 0.0319709 0.2689543 0.0230985 0.0395538 0.0324381 0.2797780 0.0372138 0.1580397 0.1602588 0.1558271 0.0264044 0.3109077 0.2072926 0.0836925 0.1865554 0.2732133 0.1154494 0.1130083 0.0577549 0.0285358 0.0316736 0.1616610 0.0389035 0.0287783 0.1623016 0.1153846 0.0530935 0.0327916 0.2336946 0.2315735 0.3071982 
Perityle_crassifolia_70_ventanas           0.2003947 0.1998620 0.2032865 0.0906966 0.1049672 0.1667918 0.2077438 0.1807211 0.0036435 0.0725121 0.1840767 0.0723498 0.0707948 0.0751089 0.0743988 0.0689857 0.1144220 0.1801734 0.0741324 0.2454829 0.0722958 0.0788915 0.0725846 0.1655889 0.0819284 0.0799959 0.0000000 0.0054015 0.1016779 0.0674626 0.0035835 0.0798797 0.1435021 0.0688067 0.1826973 0.0804953 0.0765334 0.1961764 0.2081281 0.0721192 0.0893848 0.1796844 0.0730183 0.1848577 0.0715686 0.0718645 0.1725889 0.0718031 0.0806421 0.0740250 0.1854627 0.0756308 0.1953169 0.1919494 0.1601365 0.0685851 0.2037399 0.1715540 0.0768942 0.2117904 0.1814334 0.1038597 0.0872898 0.0851598 0.0706566 0.0707948 0.0000010 0.0786619 0.0756169 0.2061843 0.1020167 0.0805700 0.0710887 0.1875210 0.1761972 0.1579623 
Perityle_crassifolia_74_playa_balandra     0.1563691 0.0329501 0.1525619 0.0917355 0.1084826 0.1144371 0.1506815 0.1966461 0.0120857 0.0696304 0.1505358 0.0809288 0.0815594 0.0864592 0.0938743 0.0817182 0.0817011 0.1529503 0.0836123 0.0336646 0.0869510 0.0880817 0.0819328 0.1264924 0.0786353 0.0909975 0.0054015 0.0000000 0.1053762 0.0475994 0.0117991 0.0900417 0.0704131 0.0815398 0.1682888 0.1001544 0.0937987 0.1792853 0.1534201 0.0843372 0.1089764 0.1687764 0.0851530 0.0950805 0.0830961 0.0835348 0.1244682 0.0828159 0.0958231 0.0835881 0.1355205 0.0839337 0.1369850 0.1016782 0.0990359 0.0821506 0.1410184 0.1504145 0.0916648 0.1476735 0.1446883 0.1005182 0.0857905 0.1180241 0.0843490 0.0846227 0.0057354 0.0811964 0.0877593 0.1434020 0.0910929 0.1025049 0.0815152 0.1206916 0.1308328 0.1254157 
Perityle_cuneata_34_cuneata_San_antonio    0.2003069 0.2374385 0.2519422 0.1037530 0.1564017 0.1516511 0.1452814 0.1833174 0.1441463 0.1351288 0.2233667 0.1105593 0.0995283 0.1402761 0.0985706 0.1068040 0.2338119 0.2976186 0.0917170 0.3802238 0.1079794 0.1011362 0.1080398 0.3130781 0.1271378 0.1173533 0.1016779 0.1053762 0.0000000 0.0787809 0.1786876 0.1046204 0.0861948 0.1137299 0.2602068 0.1045850 0.1105213 0.2950926 0.2362258 0.0858858 0.1296618 0.3407740 0.1030538 0.1001049 0.1047284 0.1063596 0.2876477 0.0855915 0.1147796 0.0981083 0.2929356 0.1113407 0.1928828 0.1301141 0.1780637 0.0868401 0.2758460 0.2456557 0.0964217 0.1712158 0.2854168 0.1190312 0.1152827 0.0966782 0.0841969 0.1069373 0.1820694 0.1137106 0.0887719 0.1407664 0.1088894 0.1225529 0.1060414 0.2309003 0.2268327 0.3110682 
Perityle_cuneata_4                         0.1724192 0.1967666 0.2226653 0.0894816 0.1229152 0.1314884 0.1684040 0.1615683 0.1265147 0.1199486 0.1931253 0.0806827 0.0766266 0.1176183 0.0801390 0.0798325 0.2059349 0.2547700 0.0717786 0.3606713 0.0811998 0.0784925 0.0798659 0.2814111 0.1079319 0.0892525 0.0674626 0.0475994 0.0787809 0.0000000 0.1440962 0.0813661 0.0634656 0.0958304 0.2393979 0.0889137 0.0843829 0.2508190 0.1978561 0.0674183 0.0999428 0.3104592 0.0772717 0.0853466 0.0774293 0.0805180 0.2346604 0.0672601 0.0905399 0.0745362 0.2503752 0.0861536 0.1690212 0.1299780 0.1421859 0.0672355 0.2510884 0.2153458 0.0858273 0.1585358 0.2498205 0.1005683 0.0945272 0.0888092 0.0656138 0.0799981 0.1521248 0.0868977 0.0682093 0.1337521 0.0909188 0.1011273 0.0788041 0.2056358 0.2139736 0.2573030 
Perityle_discoidea_81                      0.2266272 0.2103827 0.1801415 0.1719456 0.0871292 0.1130498 0.1575160 0.1650906 0.0013477 0.1516784 0.1395795 0.1478211 0.1490637 0.1534431 0.1014368 0.1450622 0.1256118 0.2710458 0.1489977 0.2767303 0.1486082 0.1547055 0.1484571 0.2612300 0.1853635 0.1505742 0.0035835 0.0117991 0.1786876 0.1440962 0.0000000 0.1572823 0.0895478 0.1467593 0.1599503 0.0929295 0.1536376 0.2736873 0.2756106 0.1504130 0.1778416 0.2527048 0.1457998 0.1289507 0.1483264 0.1465448 0.2640546 0.1504834 0.1588681 0.1505945 0.2342461 0.1486200 0.1662759 0.1641890 0.1738643 0.1449057 0.2803869 0.1743118 0.1410601 0.1692370 0.2702283 0.1621026 0.1422721 0.0632661 0.1487857 0.1486082 0.0038798 0.1502023 0.1505284 0.1564188 0.1479802 0.1592161 0.1510751 0.1601609 0.1578147 0.2442600 
Perityle_dissecta_201                      0.1778227 0.2079649 0.2192426 0.0881626 0.0866654 0.1462360 0.1367897 0.1555081 0.1213321 0.1365825 0.2040933 0.0205548 0.0134837 0.0509281 0.0293556 0.0080399 0.2511816 0.2782516 0.0095833 0.3445539 0.0114421 0.0301439 0.0127216 0.3814670 0.0543518 0.0331347 0.0798797 0.0900417 0.1046204 0.0813661 0.1572823 0.0000000 0.0738023 0.0303433 0.2384854 0.0358939 0.0136725 0.3153963 0.1976865 0.0101326 0.0635819 0.4155900 0.0095208 0.0864989 0.0124522 0.0142746 0.2558498 0.0091422 0.0209255 0.0150838 0.2726472 0.0139468 0.1496141 0.1484709 0.1465691 0.0112541 0.2958041 0.1907969 0.0718684 0.1765723 0.2697385 0.1117476 0.1069768 0.0429005 0.0081338 0.0114421 0.1690176 0.0186856 0.0165647 0.1482173 0.1078445 0.0470408 0.0123963 0.2192462 0.2253919 0.3264041 
Perityle_emoryi_47_punta_san_jose          0.0025458 0.1923233 0.0235292 0.0979617 0.0719222 0.0715705 0.1356315 0.1459057 0.0871062 0.0877071 0.0082515 0.0708123 0.0797141 0.1049395 0.0822083 0.0736112 0.2292614 0.0160127 0.0736566 0.3115368 0.0885331 0.0797732 0.0744666 0.0108520 0.0813975 0.0896089 0.1435021 0.0704131 0.0861948 0.0634656 0.0895478 0.0738023 0.0000000 0.0739095 0.0757842 0.0853903 0.1097770 0.0213759 0.0076876 0.0985529 0.0869772 0.0701913 0.0715365 0.0027165 0.0664052 0.0699343 0.0052687 0.0774418 0.0767117 0.0708073 0.0026567 0.1015208 0.0243920 0.0264020 0.0000010 0.0713009 0.0239335 0.0111649 0.0927544 0.0207458 0.0000010 0.1412433 0.1276491 0.1202026 0.0820928 0.0772558 0.1253566 0.0716374 0.0830634 0.0155825 0.1318351 0.0891168 0.0695275 0.0213005 0.0220072 0.0000010 
Perityle_fosteri_93                        0.1705892 0.2098638 0.1878495 0.0937200 0.0832427 0.1429743 0.1444345 0.1475279 0.1250692 0.1585877 0.1600534 0.0358614 0.0310239 0.0492300 0.0387846 0.0279189 0.2452727 0.2506578 0.0080948 0.3434527 0.0300622 0.0348614 0.0325422 0.2768015 0.0746002 0.0468279 0.0688067 0.0815398 0.1137299 0.0958304 0.1467593 0.0303433 0.0739095 0.0000000 0.1891233 0.0638280 0.0311033 0.2506006 0.1708826 0.0112500 0.0847672 0.3079861 0.0314189 0.0926114 0.0326888 0.0340048 0.2358305 0.0130769 0.0382125 0.0200143 0.2200990 0.0309934 0.1430387 0.1377801 0.1446261 0.0177662 0.2585397 0.1658290 0.0741097 0.1768777 0.2216828 0.1141795 0.1167408 0.0379724 0.0036221 0.0300304 0.1585919 0.0398089 0.0136104 0.1391085 0.1050378 0.0650430 0.0325624 0.1758125 0.1753892 0.2315691 
Perityle_gamon_221                         0.1251704 0.2425762 0.1921868 0.2202884 0.1342799 0.1386572 0.1458459 0.2159557 0.2359015 0.2632180 0.1687009 0.2332963 0.2291567 0.2001190 0.2521049 0.2368638 0.3664102 0.1602620 0.1453449 0.3801375 0.2315989 0.2428207 0.2311819 0.1738222 0.2660742 0.2470525 0.1826973 0.1682888 0.2602068 0.2393979 0.1599503 0.2384854 0.0757842 0.1891233 0.0000000 0.2474890 0.2440922 0.1543077 0.2436195 0.1638487 0.2550972 0.0201689 0.2342797 0.0960874 0.2268197 0.2317492 0.1695256 0.1882446 0.2362028 0.2283170 0.2425304 0.2316072 0.1082491 0.1029111 0.1046021 0.1882584 0.1779640 0.1809554 0.2319875 0.1343676 0.1724487 0.2855532 0.2725622 0.1660340 0.1617464 0.2319691 0.1818908 0.2360352 0.1535541 0.0890836 0.2354251 0.2520297 0.2341247 0.1841777 0.1709634 0.1933683 
Perityle_gentryi_8_san_francisco           0.1905417 0.2034411 0.2484267 0.0879546 0.1163318 0.1470745 0.1643977 0.1820373 0.1013560 0.1099875 0.2009007 0.0403424 0.0361176 0.0802764 0.0162377 0.0375319 0.2340746 0.2430310 0.0343825 0.3530871 0.0345548 0.0394495 0.0334049 0.2507017 0.0514497 0.0485824 0.0804953 0.1001544 0.1045850 0.0889137 0.0929295 0.0358939 0.0853903 0.0638280 0.2474890 0.0000000 0.0385046 0.2494428 0.1812853 0.0353105 0.0547422 0.2717084 0.0349576 0.1022445 0.0336394 0.0351688 0.2288120 0.0312779 0.0445769 0.0344679 0.2319629 0.0385553 0.1983572 0.1475471 0.1389483 0.0307076 0.2225870 0.2351794 0.0498442 0.1835657 0.2375917 0.1163857 0.1066485 0.0712166 0.0370432 0.0347906 0.1050631 0.0390766 0.0361141 0.1597684 0.1148722 0.0556516 0.0363461 0.2102845 0.2125655 0.2664446 
Perityle_gilensis_22_Superstition          0.2118937 0.2224473 0.2466449 0.0926561 0.0870464 0.1666004 0.1735782 0.1556295 0.1223735 0.1358337 0.2233153 0.0162369 0.0048884 0.0545388 0.0315593 0.0101407 0.2649733 0.2838866 0.0133854 0.3728842 0.0035615 0.0297161 0.0083729 0.3993132 0.0538438 0.0314489 0.0765334 0.0937987 0.1105213 0.0843829 0.1536376 0.0136725 0.1097770 0.0311033 0.2440922 0.0385046 0.0000000 0.2865994 0.2226482 0.0098718 0.0646842 0.3924080 0.0135480 0.1318391 0.0086928 0.0097935 0.2720012 0.0042396 0.0125081 0.0136847 0.2727156 0.0150220 0.1767493 0.1781398 0.1678921 0.0092163 0.3080080 0.1966919 0.0761635 0.1814906 0.2614540 0.1171282 0.1084159 0.0479194 0.0146957 0.0035588 0.1647754 0.0136895 0.0114351 0.1661025 0.1142353 0.0444325 0.0108116 0.2371213 0.2125944 0.3218671 
Perityle_gilensis_salensis_225             0.0988404 0.2012124 0.1221095 0.2433718 0.1575308 0.1045846 0.1850339 0.2036666 0.2718937 0.2799456 0.1516191 0.2925169 0.2683360 0.2645158 0.2322915 0.2570515 0.3910445 0.0115537 0.2141729 0.3653570 0.3315536 0.2635462 0.2924233 0.1812026 0.3239207 0.3060381 0.1961764 0.1792853 0.2950926 0.2508190 0.2736873 0.3153963 0.0213759 0.2506006 0.1543077 0.2494428 0.2865994 0.0000000 0.2328214 0.2253589 0.2899458 0.2368726 0.3208284 0.0242481 0.3248185 0.2727327 0.1036185 0.2228313 0.3262960 0.2514794 0.2321980 0.2795070 0.0914630 0.0460912 0.0868067 0.2252253 0.1670463 0.1289219 0.2605467 0.0867135 0.1274633 0.2482222 0.2780699 0.1399603 0.2153978 0.3262167 0.2892280 0.2911235 0.2242474 0.0431032 0.2120905 0.3480419 0.3250750 0.1586604 0.1501745 0.1726107 
Perityle_glaucescens_94                    0.1850977 0.2199720 0.1604857 0.2062048 0.1938512 0.1357729 0.1725675 0.2245187 0.2780267 0.3124218 0.1178404 0.2094667 0.1867636 0.1882707 0.1639019 0.1851472 0.3688597 0.2315423 0.1380053 0.4004804 0.2097861 0.1836929 0.2058546 0.2445161 0.2064151 0.2248609 0.2081281 0.1534201 0.2362258 0.1978561 0.2756106 0.1976865 0.0076876 0.1708826 0.2436195 0.1812853 0.2226482 0.2328214 0.0000000 0.1605816 0.1325399 0.3501333 0.2004849 0.0127714 0.1987315 0.1926281 0.1578488 0.1532822 0.2111645 0.1659145 0.2032686 0.2112120 0.1488554 0.0717527 0.1095431 0.1575660 0.2073889 0.1830271 0.2085909 0.1135672 0.1865396 0.2516706 0.2553144 0.1984470 0.1571628 0.2049832 0.3059573 0.2076449 0.1572491 0.0794385 0.2271462 0.1950940 0.2043194 0.1201810 0.1397396 0.2428730 
Perityle_gracilis_11                       0.1932892 0.2057911 0.1740698 0.0856935 0.0789984 0.1511684 0.1524401 0.1544035 0.1203550 0.1278669 0.1472738 0.0073767 0.0074714 0.0477174 0.0292769 0.0094654 0.1910340 0.2250454 0.0121992 0.3484776 0.0074943 0.0111375 0.0012291 0.2346482 0.0493834 0.0252764 0.0721192 0.0843372 0.0858858 0.0674183 0.1504130 0.0101326 0.0985529 0.0112500 0.1638487 0.0353105 0.0098718 0.2253589 0.1605816 0.0000000 0.0656217 0.2514989 0.0113695 0.1084662 0.0000010 0.0000010 0.2190167 0.0087913 0.0163027 0.0087325 0.1945658 0.0123722 0.1491625 0.1367948 0.1645469 0.0000010 0.2406669 0.1466565 0.0525884 0.1827386 0.1967476 0.1137581 0.0941099 0.0446524 0.0136641 0.0075130 0.1604730 0.0074212 0.0037211 0.1431013 0.1126131 0.0415578 0.0113528 0.1562468 0.1365739 0.2168754 
Perityle_harkerae_31                       0.2050767 0.2049114 0.2466904 0.1128476 0.1300485 0.1502611 0.1764833 0.1754052 0.1456248 0.1664095 0.2064348 0.0728669 0.0646690 0.1020623 0.0515184 0.0574088 0.2479657 0.2848493 0.0677503 0.3437799 0.0629416 0.0708823 0.0622047 0.3064739 0.0801560 0.0744781 0.0893848 0.1089764 0.1296618 0.0999428 0.1778416 0.0635819 0.0869772 0.0847672 0.2550972 0.0547422 0.0646842 0.2899458 0.1325399 0.0656217 0.0000000 0.3438024 0.0648243 0.1147299 0.0637913 0.0652996 0.2683873 0.0599614 0.0712011 0.0703892 0.2981999 0.0625034 0.1962014 0.1524237 0.1844202 0.0603608 0.2824869 0.2299262 0.0894056 0.1833419 0.2648110 0.1268738 0.1264193 0.0689424 0.0655005 0.0632358 0.1838749 0.0707161 0.0689366 0.1718223 0.1240683 0.0583133 0.0657946 0.2105341 0.2173406 0.2946259 
Perityle_hofmeisteria_4_nombre_de_dios     0.1341615 0.2414085 0.2048511 0.2778416 0.1633095 0.1388652 0.1427508 0.2128795 0.2856481 0.3649968 0.2506277 0.3991718 0.3397490 0.2633705 0.2697648 0.3270706 0.3987000 0.2010203 0.2275424 0.3906709 0.4327979 0.3416296 0.4012436 0.2314301 0.4059927 0.4168199 0.1796844 0.1687764 0.3407740 0.3104592 0.2527048 0.4155900 0.0701913 0.3079861 0.0201689 0.2717084 0.3924080 0.2368726 0.3501333 0.2514989 0.3438024 0.0000000 0.4263501 0.0875625 0.4242706 0.3788193 0.1763539 0.3041844 0.4251674 0.3352657 0.3450772 0.3902289 0.1222564 0.0963757 0.1314107 0.3006459 0.2427786 0.1894115 0.3284176 0.1276770 0.2029170 0.2907257 0.3524831 0.1552776 0.2761400 0.4275937 0.2748984 0.4012116 0.2719675 0.0783247 0.2396546 0.4293521 0.4317379 0.2569411 0.2418038 0.2593840 
Perityle_huecosensis_48                    0.1650860 0.2101949 0.2154948 0.0836719 0.0845076 0.1477025 0.1456375 0.1528521 0.1133883 0.1311853 0.2276748 0.0223211 0.0139277 0.0479660 0.0278546 0.0045362 0.2526725 0.2702986 0.0081690 0.3495635 0.0127824 0.0311890 0.0140366 0.4118696 0.0559783 0.0359119 0.0730183 0.0851530 0.1030538 0.0772717 0.1457998 0.0095208 0.0715365 0.0314189 0.2342797 0.0349576 0.0135480 0.3208284 0.2004849 0.0113695 0.0648243 0.4263501 0.0000000 0.0844115 0.0129364 0.0138918 0.2490612 0.0119139 0.0196021 0.0171755 0.2893774 0.0104730 0.1454805 0.1396325 0.1376893 0.0132871 0.3058452 0.1889415 0.0756269 0.1720251 0.2687560 0.1101068 0.1043490 0.0402602 0.0094389 0.0127824 0.1573516 0.0193519 0.0164846 0.1387940 0.1075241 0.0461139 0.0144544 0.2415267 0.2400872 0.3195709 
Perityle_incana_3_ucla                     0.0471423 0.2131092 0.0671943 0.1258850 0.1010954 0.0999813 0.1293311 0.1786050 0.1244234 0.1228521 0.0167270 0.0899551 0.0956293 0.1143998 0.0956700 0.0869031 0.2337427 0.0215781 0.0926254 0.3267610 0.1079945 0.0963096 0.0904429 0.0305292 0.0889884 0.1083588 0.1848577 0.0950805 0.1001049 0.0853466 0.1289507 0.0864989 0.0027165 0.0926114 0.0960874 0.1022445 0.1318391 0.0242481 0.0127714 0.1084662 0.1147299 0.0875625 0.0844115 0.0000000 0.0767751 0.0831171 0.0105842 0.0911994 0.0926535 0.0893825 0.0217726 0.1232424 0.0206035 0.0197117 0.0079503 0.0788411 0.0347390 0.0113544 0.0912972 0.0662640 0.0161970 0.1725238 0.1597775 0.1517161 0.0985565 0.0964997 0.1588848 0.0844775 0.1019562 0.0121440 0.1524252 0.1018943 0.0826060 0.0294766 0.0307732 0.0027504 
Perityle_intricata_59_Clark_mtns           0.1640772 0.2010347 0.2112990 0.0878743 0.0781509 0.1462739 0.1336448 0.1480635 0.1131047 0.1311778 0.2389259 0.0104510 0.0103279 0.0511512 0.0265247 0.0091173 0.2532177 0.2775475 0.0109167 0.3528069 0.0070430 0.0240508 0.0009434 0.3820351 0.0517090 0.0329437 0.0715686 0.0830961 0.1047284 0.0774293 0.1483264 0.0124522 0.0664052 0.0326888 0.2268197 0.0336394 0.0086928 0.3248185 0.1987315 0.0000010 0.0637913 0.4242706 0.0129364 0.0767751 0.0000000 0.0009819 0.2471488 0.0056554 0.0146172 0.0149761 0.2929173 0.0158213 0.1317353 0.1313139 0.1339152 0.0000010 0.3101234 0.1841981 0.0731129 0.1702580 0.2672569 0.1088679 0.1029975 0.0443905 0.0127720 0.0070377 0.1585606 0.0066485 0.0034363 0.1224089 0.1060856 0.0431680 0.0096982 0.2353805 0.2373411 0.3180608 
Perityle_inyoensis_9_pleasant              0.1689726 0.2054723 0.2037820 0.0908867 0.0854333 0.1487474 0.1429116 0.1506010 0.1136016 0.1329000 0.1841498 0.0116798 0.0112378 0.0499010 0.0280220 0.0103005 0.2538181 0.2738449 0.0109848 0.3399868 0.0098539 0.0252821 0.0019350 0.3508379 0.0538929 0.0319709 0.0718645 0.0835348 0.1063596 0.0805180 0.1465448 0.0142746 0.0699343 0.0340048 0.2317492 0.0351688 0.0097935 0.2727327 0.1926281 0.0000010 0.0652996 0.3788193 0.0138918 0.0831171 0.0009819 0.0000000 0.2535774 0.0067199 0.0177276 0.0161393 0.2502903 0.0177587 0.1351490 0.1343617 0.1371780 0.0010823 0.2672828 0.1893255 0.0745798 0.1585892 0.2457884 0.1122882 0.1098232 0.0444593 0.0137730 0.0098539 0.1568208 0.0067945 0.0034634 0.1267789 0.1081375 0.0431804 0.0118730 0.1943039 0.1951960 0.2797763 
Perityle_jaliscana_203                     0.0862887 0.1999772 0.0950774 0.2460632 0.1601809 0.1195049 0.1642617 0.2082071 0.2614322 0.2909671 0.0313629 0.2567231 0.2507363 0.2657732 0.2182766 0.2422524 0.3871347 0.1091764 0.2014953 0.3777246 0.2552195 0.2518978 0.2533033 0.1000744 0.2805017 0.2689543 0.1725889 0.1244682 0.2876477 0.2346604 0.2640546 0.2558498 0.0052687 0.2358305 0.1695256 0.2288120 0.2720012 0.1036185 0.1578488 0.2190167 0.2683873 0.1763539 0.2490612 0.0105842 0.2471488 0.2535774 0.0000000 0.2068091 0.2611482 0.2316795 0.1695651 0.2700326 0.0716412 0.0393056 0.0707134 0.2124327 0.0493032 0.0983037 0.2653010 0.0708806 0.0767454 0.2591961 0.2559765 0.1567382 0.2096708 0.2538134 0.2722387 0.2524196 0.2124998 0.0312664 0.2273310 0.2739756 0.2531841 0.0422005 0.0477276 0.1237753 
Perityle_lemmonii_12                       0.1717055 0.2025306 0.1567539 0.0874029 0.0917423 0.1395927 0.1522314 0.1534038 0.1181151 0.1309899 0.1255775 0.0085809 0.0032077 0.0536966 0.0254580 0.0078965 0.2091309 0.2235454 0.0094730 0.3431070 0.0042553 0.0288666 0.0065096 0.3125122 0.0476179 0.0230985 0.0718031 0.0828159 0.0855915 0.0672601 0.1504834 0.0091422 0.0774418 0.0130769 0.1882446 0.0312779 0.0042396 0.2228313 0.1532822 0.0087913 0.0599614 0.3041844 0.0119139 0.0911994 0.0056554 0.0067199 0.2068091 0.0000000 0.0118122 0.0067868 0.1969881 0.0119397 0.1444331 0.1368499 0.1459140 0.0064501 0.2252928 0.1591788 0.0747801 0.1798679 0.1978754 0.1141201 0.0931388 0.0480828 0.0143560 0.0042473 0.1633588 0.0129389 0.0093607 0.1344863 0.1074808 0.0391234 0.0097181 0.1408465 0.1409071 0.2159565 
Perityle_lemmonii_85_hachita               0.1826899 0.2110412 0.2287875 0.1013925 0.0877844 0.1530520 0.1536636 0.1530411 0.1276533 0.1421269 0.2413211 0.0285139 0.0137834 0.0602852 0.0374624 0.0181429 0.2681790 0.2814378 0.0217248 0.3481353 0.0187724 0.0353267 0.0158238 0.4247080 0.0566373 0.0395538 0.0806421 0.0958231 0.1147796 0.0905399 0.1588681 0.0209255 0.0767117 0.0382125 0.2362028 0.0445769 0.0125081 0.3262960 0.2111645 0.0163027 0.0712011 0.4251674 0.0196021 0.0926535 0.0146172 0.0177276 0.2611482 0.0118122 0.0000000 0.0212995 0.3065361 0.0208949 0.1505797 0.1491012 0.1496113 0.0158871 0.3206607 0.1940538 0.0825931 0.1814429 0.2762316 0.1146453 0.1028622 0.0475476 0.0254663 0.0281923 0.1706748 0.0210622 0.0174620 0.1465480 0.1059226 0.0508856 0.0277290 0.2487464 0.2531651 0.3293313 
