83
Amauria_brandeegeana_62                    0.0000000 0.0769100 0.0465018 0.1958478 0.2486712 0.1400053 0.0906356 0.3752905 0.0062825 0.1475676 0.1375797 0.1362608 0.1288042 0.1120456 0.1249541 0.1285955 0.2272430 0.1357629 0.1109151 0.1205689 0.1386680 0.1245715 0.1494499 0.2566509 0.2240907 0.1373574 0.1396985 0.1390912 0.1196293 0.1787630 0.2846780 0.1381156 0.1187291 0.0637387 0.1600190 0.1090068 0.1570762 0.1474707 0.1283962 0.1230004 0.1576988 0.1372829 0.1223175 0.1490718 0.1119670 0.1182415 0.1231568 0.1416097 0.1613567 0.1581449 0.1402066 0.2120989 0.2778748 0.1288957 0.1345600 0.0857291 0.0900899 0.1189385 0.1386848 0.1990771 0.0867175 0.1481612 0.0666638 0.1376469 0.1125431 0.2265959 0.1099055 0.1415447 0.3853523 0.1203019 0.1245715 0.1793868 0.1078939 0.0623612 0.0971575 0.0767801 0.1775915 0.1497747 0.1208957 0.1206595 0.0854418 0.1305155 0.1309236 
Amauria_carterae_99_mesa                   0.0769100 0.0000000 0.1018573 0.1748714 0.0736636 0.0897507 0.0906030 0.1396648 0.0675640 0.0759909 0.0713998 0.0764115 0.0573731 0.0670373 0.0693321 0.0526547 0.0000010 0.0982605 0.0504122 0.0413831 0.0821297 0.0547343 0.0312621 0.0828122 0.1027036 0.0758402 0.0549165 0.0796268 0.1129293 0.0862310 0.0848836 0.0597867 0.0521828 0.0852044 0.0928435 0.0475123 0.0837463 0.0696541 0.0524898 0.0626948 0.0897352 0.0830633 0.0894511 0.0781819 0.0558007 0.0652656 0.0781677 0.0823213 0.0830181 0.0735373 0.0774090 0.0708109 0.0897384 0.0791391 0.0483425 0.0523109 0.0407544 0.0735156 0.0730483 0.1456438 0.0335363 0.0514251 0.0799082 0.0714315 0.0500431 0.0949291 0.0850845 0.0657784 0.3204521 0.0572574 0.0547343 0.0939575 0.0549203 0.0244735 0.0500447 0.0438438 0.1037496 0.0842997 0.0642463 0.0765267 0.0376107 0.0698302 0.0511376 
Amauria_rotundifolia_SRR9119150            0.0465018 0.1018573 0.0000000 0.1983605 0.2933253 0.1532860 0.1098933 0.4119884 0.0355246 0.1639584 0.1455388 0.1570838 0.1439020 0.1274861 0.1322060 0.1587063 0.2547663 0.1377442 0.1272838 0.1271607 0.1487529 0.1623052 0.1598121 0.2859764 0.2300825 0.1486365 0.1704453 0.1585232 0.1064956 0.1756846 0.2708855 0.1422891 0.1512887 0.0652883 0.1921521 0.1233857 0.1482694 0.1420190 0.1590092 0.1429636 0.1679656 0.1570944 0.1354342 0.1886319 0.1274609 0.1133578 0.1417798 0.1629334 0.1692331 0.1751943 0.1853662 0.2213057 0.2942072 0.1414040 0.1520758 0.0920936 0.1024460 0.1339585 0.1650321 0.2032814 0.0973466 0.1580637 0.0813241 0.1629685 0.1249044 0.2750780 0.1204200 0.1682589 0.3678420 0.1451421 0.1623052 0.1898747 0.1447094 0.0738620 0.1359528 0.0838539 0.1798228 0.1905193 0.1302247 0.1354077 0.0887052 0.1440893 0.1305088 
Conoclinium_coelestinum_SRR9119114         0.1958478 0.1748714 0.1983605 0.0000000 0.4108671 0.2440998 0.1958441 0.3353365 0.1993527 0.3170378 0.3018586 0.3314951 0.2937880 0.2907995 0.3150155 0.2791503 0.0000010 0.3469184 0.2779540 0.2917163 0.3073108 0.2997430 0.2881837 0.4443525 0.3622417 0.2893753 0.3012347 0.2746548 0.2401990 0.2936081 0.3320169 0.2564297 0.2861054 0.1991186 0.3165757 0.2878330 0.3168388 0.3152193 0.2929164 0.2830974 0.3063845 0.3233023 0.3120612 0.3142845 0.2833519 0.3236614 0.2758464 0.3082563 0.3015428 0.3793197 0.3008253 0.3617864 0.3660777 0.3068092 0.2974076 0.2362767 0.2350260 0.3038811 0.2943318 0.3538425 0.1402924 0.2547736 0.2045342 0.2982745 0.2944458 0.3498652 0.2930214 0.2818290 0.5248970 0.3122570 0.2980137 0.3004280 0.3011625 0.1394421 0.2785164 0.1794379 0.3500365 0.3039938 0.2956644 0.3067356 0.1729794 0.2936541 0.2313565 
Eutetras_palmeri_63                        0.2486712 0.0736636 0.2933253 0.4108671 0.0000000 0.2303870 0.1071506 0.3708461 0.2743449 0.2216435 0.2180062 0.1919528 0.2102261 0.1934984 0.2130060 0.2132991 0.0137163 0.2071134 0.2002023 0.1889409 0.2233886 0.2076124 0.2098115 0.2479320 0.3496004 0.2190802 0.2268077 0.1017043 0.1318895 0.2549099 0.3289716 0.2248340 0.2097032 0.2691761 0.2477829 0.1994346 0.2172025 0.2192107 0.2096968 0.2125265 0.2667775 0.1709325 0.2711344 0.2253734 0.2297212 0.2217732 0.2269794 0.2261722 0.2679855 0.3542249 0.2113058 0.3551340 0.3315485 0.2157458 0.1470245 0.0667114 0.1398351 0.2268566 0.2126295 0.1583737 0.1173588 0.2091294 0.0857899 0.2217687 0.2146252 0.3404112 0.2304893 0.2357956 0.3546419 0.1561997 0.2078782 0.1437068 0.2176334 0.0502895 0.2077456 0.0739947 0.3485679 0.2307442 0.2154937 0.2165449 0.0854828 0.2075028 0.2042984 
Eutrochium_fistulosum_SRR9119106           0.1400053 0.0897507 0.1532860 0.2440998 0.2303870 0.0000000 0.1325379 0.4151239 0.1455598 0.1904809 0.1824020 0.1914980 0.1584953 0.1679683 0.1774341 0.1481846 0.0000010 0.2084906 0.1527056 0.1577061 0.1855454 0.1580821 0.1427390 0.2811293 0.2693822 0.1725199 0.1811140 0.1709582 0.1674000 0.1660836 0.2338992 0.1738591 0.1513237 0.1401661 0.2024760 0.1523356 0.1965989 0.1780848 0.1573397 0.1631498 0.1676254 0.1904260 0.1689049 0.1907784 0.1531780 0.1740892 0.1815460 0.1893937 0.1626607 0.2799848 0.1784076 0.2726554 0.2695148 0.1910325 0.1530441 0.1203480 0.1414721 0.1838603 0.1766242 0.2342393 0.1100367 0.1311898 0.1350593 0.1822893 0.1788443 0.2643867 0.1455346 0.1378334 0.3825371 0.1588145 0.1582689 0.2070631 0.1616448 0.0908501 0.1539803 0.1205919 0.2610074 0.1835664 0.1748995 0.1854586 0.0989170 0.1757047 0.1491811 
Galeana_pratensis_104_mex                  0.0906356 0.0906030 0.1098933 0.1958441 0.1071506 0.1325379 0.0000000 0.1459774 0.0740790 0.1359136 0.1336665 0.1399757 0.1093427 0.1203955 0.1139105 0.1026148 0.0000010 0.1328428 0.1002408 0.0879216 0.1330830 0.1021586 0.0794297 0.0988381 0.1247926 0.1242701 0.1351449 0.1148563 0.1518893 0.1085230 0.1203796 0.0692407 0.1095597 0.0378154 0.1180853 0.1004050 0.1245135 0.1182835 0.1104064 0.1021586 0.1093925 0.1344990 0.1129588 0.1241698 0.1131973 0.1048775 0.1295504 0.1330830 0.1071207 0.1416363 0.1308817 0.1379710 0.1184098 0.1403394 0.1244974 0.1180463 0.1138240 0.1401118 0.1271459 0.1593039 0.0840239 0.1250919 0.1019406 0.1368180 0.1322250 0.1181818 0.1209121 0.1172160 0.2363822 0.1094299 0.1021586 0.1142704 0.1023336 0.0553442 0.1108528 0.0727501 0.1259505 0.1171317 0.1275508 0.1365370 0.0636546 0.1234584 0.0602984 
Helianthus_annuus_SRR9119062               0.3752905 0.1396648 0.4119884 0.3353365 0.3708461 0.4151239 0.1459774 0.0000000 0.3910095 0.3872734 0.3839643 0.3838128 0.3830010 0.3315270 0.3631154 0.3815095 0.0272772 0.3406661 0.3335538 0.3722972 0.3838360 0.3807595 0.4161875 0.4317924 0.4091650 0.3873184 0.3942181 0.2631580 0.1854240 0.4261692 0.4461597 0.3522479 0.3754325 0.3647731 0.4091019 0.3699835 0.3938884 0.3871968 0.3861597 0.3800280 0.4182757 0.3589130 0.3909603 0.3988190 0.3812499 0.3853461 0.3624298 0.3872859 0.4108872 0.4127102 0.3914609 0.4628215 0.4459668 0.3594923 0.3455681 0.1329794 0.2138782 0.3734190 0.3850568 0.3358631 0.1650777 0.3447340 0.1531749 0.3831596 0.3815110 0.4034394 0.3633165 0.3966847 0.4454445 0.3627796 0.3788692 0.2970085 0.3759234 0.0912653 0.3541787 0.1216646 0.4656219 0.3907342 0.3857741 0.3685041 0.1397616 0.3782921 0.3344059 
Lycapsus_tenuifolius_17                    0.0062825 0.0675640 0.0355246 0.1993527 0.2743449 0.1455598 0.0740790 0.3910095 0.0000000 0.1526269 0.1375622 0.1399780 0.1387872 0.1184983 0.1218932 0.1460085 0.2685061 0.1327573 0.1194526 0.1215976 0.1371077 0.1437461 0.1470102 0.2750847 0.2151725 0.1400757 0.1468687 0.1158515 0.0735925 0.1802332 0.2658746 0.1304327 0.1401222 0.0607150 0.1785425 0.1160621 0.1546244 0.1395226 0.1491643 0.1391442 0.1666171 0.1351014 0.1331552 0.1706205 0.1204195 0.1191779 0.1226053 0.1413191 0.1679727 0.1641861 0.1413242 0.2036526 0.2768612 0.1309059 0.1332276 0.0635520 0.0794766 0.1215078 0.1374767 0.2094495 0.0771618 0.1578253 0.0642821 0.1418017 0.1146959 0.2229740 0.1161887 0.1549257 0.3581021 0.1298360 0.1437461 0.1543757 0.1275202 0.0553113 0.1220332 0.0659271 0.1895192 0.1768983 0.1216328 0.1180376 0.1006795 0.1331995 0.1166485 
Pericome_caudata_50_silver                 0.1475676 0.0759909 0.1639584 0.3170378 0.2216435 0.1904809 0.1359136 0.3872734 0.1526269 0.0000000 0.0769744 0.0771405 0.1231287 0.0766720 0.0705644 0.1167210 0.2085377 0.1142645 0.1271577 0.0529624 0.0757296 0.1201634 0.1622567 0.2242166 0.2643942 0.0772539 0.1010962 0.0635387 0.1224118 0.1624224 0.2470273 0.0632219 0.1113715 0.1465432 0.1358128 0.1144296 0.0853956 0.0733634 0.1219533 0.1214752 0.2064160 0.0756662 0.1931605 0.1270906 0.1255240 0.1364233 0.0757780 0.0786615 0.2054063 0.2043582 0.0759328 0.2042589 0.3095729 0.0801510 0.1611223 0.0617388 0.0763503 0.0869935 0.0778793 0.1372132 0.0861304 0.1606488 0.1256732 0.0752594 0.0917617 0.2544157 0.1543875 0.1623520 0.4322332 0.1272592 0.1202568 0.0871261 0.1255330 0.0412613 0.1145317 0.0469392 0.2540167 0.1152644 0.0671371 0.0742216 0.0564367 0.0619865 0.0532066 
Perityle_aglossa_84_dead_horse             0.1375797 0.0713998 0.1455388 0.3018586 0.2180062 0.1824020 0.1336665 0.3839643 0.1375622 0.0769744 0.0000000 0.0192660 0.1102488 0.0088373 0.0543050 0.1067587 0.2020227 0.1094275 0.1138631 0.0350367 0.0263230 0.1030354 0.1399434 0.2141339 0.2746133 0.0586182 0.0920323 0.0704627 0.1601327 0.1704908 0.2658709 0.0621155 0.1000773 0.1426886 0.0862966 0.1012102 0.0909967 0.0515405 0.1041500 0.1096393 0.1895631 0.0250387 0.1722453 0.0804190 0.1152183 0.1260709 0.0205794 0.0257133 0.1863566 0.1401315 0.0267429 0.1606050 0.3194735 0.0180192 0.1581122 0.0497188 0.0524384 0.0175004 0.0213625 0.1243083 0.0651848 0.1581747 0.1195629 0.0026953 0.0845966 0.2945749 0.1416676 0.1565836 0.3754993 0.1130376 0.1020401 0.0978664 0.1123151 0.0067416 0.1030573 0.0091785 0.2539675 0.0731122 0.0096456 0.0000010 0.0494360 0.0097884 0.0520001 
Perityle_ajoensis_204                      0.1362608 0.0764115 0.1570838 0.3314951 0.1919528 0.1914980 0.1399757 0.3838128 0.1399780 0.0771405 0.0192660 0.0000000 0.1207504 0.0088224 0.0619769 0.1152713 0.0276091 0.1149758 0.1274522 0.0437615 0.0325715 0.1192235 0.1519232 0.1870973 0.2392567 0.0692061 0.1027571 0.0721543 0.1633498 0.1572330 0.2307705 0.0673793 0.1117166 0.1370464 0.0820180 0.1140683 0.0945681 0.0650927 0.1192608 0.1249074 0.1939087 0.0298022 0.1925831 0.0925210 0.1304012 0.1386544 0.0269438 0.0314042 0.1899710 0.1452804 0.0278027 0.1764645 0.2697605 0.0156950 0.1744474 0.0568880 0.0641536 0.0190430 0.0207893 0.1296708 0.0719075 0.1603186 0.1261550 0.0180473 0.0909514 0.2324100 0.1543151 0.1632753 0.3830964 0.1206319 0.1179201 0.0971911 0.1232193 0.0168836 0.1199329 0.0183843 0.2684701 0.0764955 0.0131988 0.0190441 0.0601384 0.0110135 0.0550611 
Perityle_ambrosiifolia_67_green            0.1288042 0.0573731 0.1439020 0.2937880 0.2102261 0.1584953 0.1093427 0.3830010 0.1387872 0.1231287 0.1102488 0.1207504 0.0000000 0.1066585 0.1173951 0.0156246 0.1885213 0.1618154 0.0209060 0.0895798 0.1217207 0.0212213 0.1129411 0.1533132 0.2676597 0.1243453 0.1070419 0.1234068 0.1540232 0.1848788 0.2769960 0.1148576 0.0115962 0.1185583 0.1402573 0.0124146 0.1345934 0.1163602 0.0196245 0.0178048 0.1481057 0.1255240 0.1280152 0.1349147 0.0291316 0.1342001 0.1221708 0.1190089 0.1477200 0.2444603 0.1122346 0.2601463 0.2998134 0.1225791 0.1381222 0.1006975 0.0711321 0.1209232 0.1096796 0.1652150 0.1077235 0.1351663 0.0585907 0.1090254 0.0933513 0.2638336 0.1007707 0.1249307 0.3955421 0.0204779 0.0212372 0.1519973 0.0240012 0.0553882 0.0164331 0.0818421 0.2210937 0.1322024 0.1118571 0.1145332 0.0982946 0.0988343 0.0966223 
Perityle_angustifolia_13_Eagle_creek       0.1120456 0.0670373 0.1274861 0.2907995 0.1934984 0.1679683 0.1203955 0.3315270 0.1184983 0.0766720 0.0088373 0.0088224 0.1066585 0.0000000 0.0534803 0.1030339 0.0135780 0.1032886 0.1088093 0.0353309 0.0236692 0.1047614 0.0585866 0.1959014 0.1453210 0.0669591 0.0852340 0.0754831 0.1394625 0.1102651 0.1493941 0.0652130 0.0972084 0.1151595 0.0721697 0.1041436 0.0882659 0.0536743 0.1077147 0.1134687 0.1519802 0.0231187 0.1586931 0.0905079 0.1130088 0.1026297 0.0221209 0.0237289 0.1500023 0.0855953 0.0192946 0.0775603 0.1348850 0.0072908 0.1367634 0.0476035 0.0562357 0.0131494 0.0105263 0.1271915 0.0629873 0.1083802 0.1118955 0.0087998 0.0805627 0.1380322 0.1409696 0.1241834 0.3583066 0.1064291 0.1031663 0.1008148 0.1076884 0.0135969 0.1056802 0.0154781 0.2058878 0.0723900 0.0058931 0.0102712 0.0475179 0.0044861 0.0448385 
Perityle_batopilensis_97                   0.1249541 0.0693321 0.1322060 0.3150155 0.2130060 0.1774341 0.1139105 0.3631154 0.1218932 0.0705644 0.0543050 0.0619769 0.1173951 0.0534803 0.0000000 0.1099173 0.0000010 0.1090775 0.1189572 0.0302281 0.0596843 0.1169933 0.1164006 0.2232609 0.2007503 0.0529830 0.0955182 0.0515819 0.1239018 0.1209337 0.1648039 0.0497390 0.1102537 0.1106028 0.0987316 0.1053571 0.0803143 0.0054332 0.1174268 0.1204458 0.1726523 0.0638642 0.1769769 0.1031678 0.1234086 0.1194121 0.0599017 0.0603539 0.1667787 0.1866343 0.0559489 0.1770096 0.2258999 0.0629029 0.1483116 0.0292491 0.0628374 0.0574881 0.0531714 0.1298049 0.0616532 0.1136889 0.1097803 0.0502921 0.0883486 0.1965656 0.1416435 0.1403520 0.3744388 0.1215124 0.1171032 0.0737022 0.1166714 0.0240204 0.1135746 0.0312082 0.2335518 0.0907664 0.0427418 0.0543602 0.0313551 0.0483873 0.0319370 
Perityle_bisetosa_9                        0.1285955 0.0526547 0.1587063 0.2791503 0.2132991 0.1481846 0.1026148 0.3815095 0.1460085 0.1167210 0.1067587 0.1152713 0.0156246 0.1030339 0.1099173 0.0000000 0.1678086 0.1530450 0.0112498 0.0853075 0.1131441 0.0195802 0.1030650 0.1476938 0.2280130 0.1261253 0.1047526 0.1120683 0.1481790 0.1748239 0.2329365 0.1120541 0.0055967 0.1162113 0.1844010 0.0056983 0.1351437 0.1119751 0.0191556 0.0137063 0.1427201 0.1121580 0.1126015 0.2167930 0.0195464 0.1273932 0.1141501 0.1157038 0.1386390 0.2362404 0.1173810 0.2388964 0.2613348 0.1183732 0.1266921 0.0963784 0.0679480 0.1137229 0.1114349 0.1602102 0.1006073 0.1279316 0.0522721 0.1116376 0.0870564 0.2231143 0.0907781 0.1204844 0.3843317 0.0097238 0.0177352 0.1418435 0.0194741 0.0520994 0.0077668 0.0787435 0.2143125 0.1603371 0.1049499 0.1076750 0.0911213 0.0976544 0.0904453 
Perityle_californica_76_positas            0.2272430 0.0000010 0.2547663 0.0000010 0.0137163 0.0000010 0.0000010 0.0272772 0.2685061 0.2085377 0.2020227 0.0276091 0.1885213 0.0135780 0.0000010 0.1678086 0.0000000 0.0000010 0.0000010 0.1820414 0.1710116 0.2100113 0.0388436 0.0387950 0.3716124 0.2031936 0.2272665 0.0000010 0.0136630 0.0400563 0.2201327 0.2223639 0.1573177 0.2857987 0.2597614 0.0000010 0.1651168 0.1796481 0.2092497 0.1573177 0.2475771 0.0137475 0.0000010 0.2018342 0.0134888 0.0000010 0.0135780 0.2049487 0.2475771 0.0135780 0.2020227 0.0135780 0.3037532 0.0272972 0.0000010 0.0135652 0.0135963 0.0135780 0.2054796 0.2181478 0.0000010 0.1926010 0.0135963 0.2044246 0.0000010 0.4381793 0.0000010 0.2412508 0.0000010 0.0134888 0.2100113 0.0000010 0.0000010 0.0000010 0.0000010 0.0137475 0.1259145 0.1951789 0.1544005 0.0135780 0.0135161 0.1710116 0.2259947 
Perityle_canescens_77                      0.1357629 0.0982605 0.1377442 0.3469184 0.2071134 0.2084906 0.1328428 0.3406661 0.1327573 0.1142645 0.1094275 0.1149758 0.1618154 0.1032886 0.1090775 0.1530450 0.0000010 0.0000000 0.1668878 0.0887406 0.1164606 0.1647254 0.1256956 0.2359970 0.2303925 0.1156559 0.1336920 0.1156857 0.1431318 0.1764936 0.2167597 0.1063530 0.1518339 0.1283480 0.0982878 0.1579846 0.1299152 0.1094962 0.1579272 0.1671079 0.2141111 0.1158556 0.2172149 0.1283417 0.1639512 0.1556953 0.1070364 0.1167836 0.2066537 0.1982206 0.1090107 0.1928486 0.2190602 0.1220334 0.1733124 0.0965351 0.1055311 0.1216824 0.1039515 0.1824019 0.0584041 0.1610944 0.1479512 0.1057163 0.1291959 0.2244913 0.1872756 0.1746612 0.3623073 0.1626447 0.1649444 0.1450356 0.1686741 0.0630153 0.1546649 0.0767961 0.2687496 0.1115491 0.1055999 0.1088239 0.0805381 0.1006985 0.0797582 
Perityle_castillonii_96                    0.1109151 0.0504122 0.1272838 0.2779540 0.2002023 0.1527056 0.1002408 0.3335538 0.1194526 0.1271577 0.1138631 0.1274522 0.0209060 0.1088093 0.1189572 0.0112498 0.0000010 0.1668878 0.0000000 0.0917829 0.1226101 0.0195241 0.0329156 0.1366592 0.1715681 0.1288371 0.0966478 0.1118798 0.1412094 0.1451519 0.1685550 0.1197072 0.0139694 0.0983166 0.1294980 0.0154594 0.1378870 0.1176380 0.0256473 0.0223361 0.1196635 0.1247901 0.1210089 0.1352231 0.0284409 0.1220947 0.1213946 0.1211313 0.1174610 0.2082410 0.1187233 0.2028735 0.1636968 0.1262320 0.1167293 0.0909975 0.0835653 0.1226334 0.1104755 0.1613650 0.1050005 0.0999300 0.0494484 0.1132182 0.0905802 0.1650981 0.1057912 0.0937709 0.3564010 0.0161426 0.0195462 0.1440553 0.0283671 0.0489075 0.0196272 0.0756471 0.1939888 0.1247137 0.1137935 0.1183332 0.0924982 0.1088128 0.0992677 
Perityle_cernua_84                         0.1205689 0.0413831 0.1271607 0.2917163 0.1889409 0.1577061 0.0879216 0.3722972 0.1215976 0.0529624 0.0350367 0.0437615 0.0895798 0.0353309 0.0302281 0.0853075 0.1820414 0.0887406 0.0917829 0.0000000 0.0417725 0.0885978 0.1384413 0.1930980 0.2605418 0.0345021 0.0700853 0.0418127 0.1060705 0.1500712 0.2514778 0.0472114 0.0796324 0.1199968 0.0641904 0.0816725 0.0668401 0.0322549 0.0891648 0.0891410 0.1641861 0.0426898 0.1475241 0.0623736 0.0929512 0.1106278 0.0406595 0.0414957 0.1631754 0.1671599 0.0393998 0.1960132 0.2852367 0.0456578 0.1395856 0.0200351 0.0364038 0.0432139 0.0388365 0.1033563 0.0487188 0.1289512 0.0918640 0.0329082 0.0603078 0.2542713 0.1134140 0.1342142 0.3715763 0.0909955 0.0886778 0.0697497 0.0882992 0.0103979 0.0806446 0.0190268 0.2292106 0.0545260 0.0287790 0.0379547 0.0318283 0.0293572 0.0388849 
Perityle_cfvillosa_25_tin                  0.1386680 0.0821297 0.1487529 0.3073108 0.2233886 0.1855454 0.1330830 0.3838360 0.1371077 0.0757296 0.0263230 0.0325715 0.1217207 0.0236692 0.0596843 0.1131441 0.1710116 0.1164606 0.1226101 0.0417725 0.0000000 0.1173250 0.1385012 0.2206920 0.2306566 0.0645300 0.0928139 0.0702606 0.1448956 0.1724381 0.2279279 0.0608586 0.1077466 0.1375761 0.1021479 0.1093837 0.0937306 0.0555205 0.1176804 0.1181396 0.1913913 0.0024056 0.1808859 0.1061392 0.1179743 0.1431947 0.0011541 0.0038400 0.1870931 0.1454606 0.0126823 0.1539947 0.2795843 0.0283338 0.1733359 0.0598243 0.0687419 0.0273145 0.0058678 0.1222311 0.0657591 0.1507868 0.1269894 0.0227459 0.0861946 0.2280875 0.1506952 0.1546343 0.3943332 0.1205038 0.1174245 0.0973250 0.1237058 0.0000010 0.1147827 0.0000010 0.2648887 0.0871045 0.0202283 0.0238382 0.0603385 0.0032660 0.0483915 
Perityle_coahuilensis_24                   0.1245715 0.0547343 0.1623052 0.2997430 0.2076124 0.1580821 0.1021586 0.3807595 0.1437461 0.1201634 0.1030354 0.1192235 0.0212213 0.1047614 0.1169933 0.0195802 0.2100113 0.1647254 0.0195241 0.0885978 0.1173250 0.0000000 0.1039842 0.1425675 0.2676542 0.1267671 0.1237877 0.1191833 0.1545744 0.1846626 0.2590704 0.1147712 0.0120322 0.1176811 0.1894644 0.0135676 0.1368493 0.1146533 0.0247599 0.0105883 0.1419290 0.1175571 0.1187383 0.1995634 0.0291396 0.1350788 0.1249314 0.1211573 0.1393414 0.2445394 0.1357716 0.2491789 0.3077501 0.1224694 0.1326995 0.0895458 0.0689310 0.1198557 0.1179641 0.1616379 0.1006073 0.1319698 0.0457762 0.1184664 0.0922919 0.2967611 0.0967497 0.1218954 0.3858925 0.0217252 0.0014327 0.1477690 0.0240697 0.0447721 0.0153921 0.0713912 0.2276727 0.1612789 0.1120589 0.1144484 0.0902088 0.1003521 0.0938377 
Perityle_cochisensis_44_cave_creek         0.1494499 0.0312621 0.1598121 0.2881837 0.2098115 0.1427390 0.0794297 0.4161875 0.1470102 0.1622567 0.1399434 0.1519232 0.1129411 0.0585866 0.1164006 0.1030650 0.0388436 0.1256956 0.0329156 0.1384413 0.1385012 0.1039842 0.0000000 0.2574759 0.1998688 0.1647728 0.1441686 0.2008269 0.1169444 0.1925486 0.1890573 0.1761771 0.1034329 0.1569816 0.1730519 0.1014690 0.1785356 0.1535616 0.1113867 0.1098809 0.1631687 0.1381248 0.1288055 0.1726020 0.0903337 0.1280009 0.0790609 0.1388123 0.1595236 0.1786370 0.1355296 0.2166639 0.2331431 0.0894217 0.1785502 0.0612145 0.0511819 0.1029804 0.1324807 0.2329213 0.0893062 0.1351523 0.0413087 0.1383192 0.1396767 0.1926814 0.0840418 0.1319879 0.4134949 0.1087203 0.1040830 0.2104301 0.0717902 0.0415240 0.0406469 0.0555608 0.2258693 0.1585054 0.1344761 0.1051581 0.0670581 0.1308535 0.1705123 
Perityle_congesta_202                      0.2566509 0.0828122 0.2859764 0.4443525 0.2479320 0.2811293 0.0988381 0.4317924 0.2750847 0.2242166 0.2141339 0.1870973 0.1533132 0.1959014 0.2232609 0.1476938 0.0387950 0.2359970 0.1366592 0.1930980 0.2206920 0.1425675 0.2574759 0.0000000 0.3585619 0.2317760 0.2342459 0.1208331 0.1543220 0.2939161 0.3773124 0.2197442 0.1426681 0.2662282 0.2405144 0.1335530 0.2395607 0.2162665 0.1587568 0.1560343 0.2759650 0.1786126 0.2768721 0.2460690 0.1725088 0.2245745 0.2372968 0.2181765 0.2755263 0.3516345 0.2164838 0.4002740 0.3991543 0.2192764 0.2264923 0.0905157 0.1490396 0.2327106 0.2072365 0.1780657 0.1174436 0.2546600 0.0494112 0.2153728 0.2225906 0.3527384 0.2256927 0.2388720 0.4082560 0.1084281 0.1427021 0.1709441 0.1400145 0.0524411 0.1700030 0.0720554 0.3759912 0.2446395 0.2111402 0.2299985 0.0911445 0.1995397 0.1893765 
Perityle_cordifolia_27                     0.2240907 0.1027036 0.2300825 0.3622417 0.3496004 0.2693822 0.1247926 0.4091650 0.2151725 0.2643942 0.2746133 0.2392567 0.2676597 0.1453210 0.2007503 0.2280130 0.3716124 0.2303925 0.1715681 0.2605418 0.2306566 0.2676542 0.1998688 0.3585619 0.0000000 0.2659175 0.3004582 0.2565370 0.1581777 0.2779382 0.2965005 0.2567275 0.2307324 0.2318202 0.3228047 0.2127519 0.2894968 0.2622633 0.2574522 0.2291573 0.2510928 0.2483991 0.1984840 0.3055023 0.1978234 0.2241061 0.1714260 0.2569617 0.2655972 0.2451941 0.2582433 0.2281029 0.1085664 0.2141940 0.2577274 0.1547551 0.1318603 0.1854269 0.2538741 0.4679936 0.1118412 0.2312490 0.0148559 0.2469173 0.2603356 0.0101548 0.1763734 0.2114391 0.4818271 0.2327664 0.2676542 0.2606020 0.2051533 0.0699127 0.1774052 0.1055944 0.2771212 0.3248163 0.2059476 0.2032797 0.1333655 0.2413509 0.2387708 
Perityle_cordifolia_68_tecolote            0.1373574 0.0758402 0.1486365 0.2893753 0.2190802 0.1725199 0.1242701 0.3873184 0.1400757 0.0772539 0.0586182 0.0692061 0.1243453 0.0669591 0.0529830 0.1261253 0.2031936 0.1156559 0.1288371 0.0345021 0.0645300 0.1267671 0.1647728 0.2317760 0.2659175 0.0000000 0.1020703 0.0617880 0.1302630 0.1653024 0.2582652 0.0638178 0.1195858 0.1381588 0.1213948 0.1102983 0.0860599 0.0503782 0.1282118 0.1229961 0.2010262 0.0689200 0.1871071 0.1085623 0.1291465 0.1287673 0.0633015 0.0636770 0.1931680 0.2008722 0.0600166 0.2024568 0.3162557 0.0716198 0.1696474 0.0143036 0.0720382 0.0670382 0.0626840 0.1345303 0.0680151 0.1492317 0.1255998 0.0564998 0.0905470 0.2694375 0.1513389 0.1687002 0.3844810 0.1258338 0.1268640 0.0911316 0.1294918 0.0377081 0.1251499 0.0467831 0.2514403 0.1005136 0.0504685 0.0636873 0.0668633 0.0533735 0.0502570 
Perityle_coronopifolia_28_patagonia        0.1396985 0.0549165 0.1704453 0.3012347 0.2268077 0.1811140 0.1351449 0.3942181 0.1468687 0.1010962 0.0920323 0.1027571 0.1070419 0.0852340 0.0955182 0.1047526 0.2272665 0.1336920 0.0966478 0.0700853 0.0928139 0.1237877 0.1441686 0.2342459 0.3004582 0.1020703 0.0000000 0.0931392 0.1573198 0.2105317 0.2797696 0.0954248 0.0941172 0.1480321 0.1538719 0.0938014 0.1178716 0.0944823 0.1060742 0.1019507 0.1834408 0.0951841 0.1676831 0.1834298 0.1026430 0.1547360 0.0934389 0.0964878 0.1813749 0.2147275 0.1046380 0.2193532 0.3573419 0.0975734 0.1290247 0.0513370 0.0411005 0.0976281 0.0916013 0.0778404 0.0538962 0.1603032 0.1049732 0.1017833 0.0207102 0.3271017 0.1320422 0.1565370 0.3465661 0.1092229 0.1227067 0.1173291 0.1030650 0.0203392 0.0893174 0.0278457 0.2417652 0.1228783 0.0888710 0.0927349 0.0382262 0.0808024 0.0938678 
Perityle_crassifolia_70_ventanas           0.1390912 0.0796268 0.1585232 0.2746548 0.1017043 0.1709582 0.1148563 0.2631580 0.1158515 0.0635387 0.0704627 0.0721543 0.1234068 0.0754831 0.0515819 0.1120683 0.0000010 0.1156857 0.1118798 0.0418127 0.0702606 0.1191833 0.2008269 0.1208331 0.2565370 0.0617880 0.0931392 0.0000000 0.1016112 0.1558760 0.2206036 0.0238180 0.1173493 0.1252455 0.0642068 0.1121891 0.0810711 0.0528920 0.1245312 0.1257604 0.1926528 0.0668359 0.1904733 0.0731550 0.1258134 0.1327133 0.0711910 0.0683908 0.1885173 0.1746727 0.0706858 0.2300692 0.3010178 0.0749988 0.1552997 0.0583664 0.0602651 0.0709384 0.0634881 0.1131053 0.0483585 0.1487182 0.1213285 0.0689246 0.0834171 0.2491284 0.1430872 0.1706341 0.3531199 0.1255436 0.1191833 0.0053210 0.1219612 0.0635273 0.1178336 0.0673325 0.2283790 0.0695119 0.0571403 0.0724546 0.0398161 0.0600640 0.0385033 
Perityle_crassifolia_74_playa_balandra     0.1196293 0.1129293 0.1064956 0.2401990 0.1318895 0.1674000 0.1518893 0.1854240 0.0735925 0.1224118 0.1601327 0.1633498 0.1540232 0.1394625 0.1239018 0.1481790 0.0136630 0.1431318 0.1412094 0.1060705 0.1448956 0.1545744 0.1169444 0.1543220 0.1581777 0.1302630 0.1573198 0.1016112 0.0000000 0.1299388 0.1417360 0.0635959 0.1543498 0.0509018 0.1168931 0.1490106 0.1306353 0.1243427 0.1635242 0.1545744 0.1347546 0.1464905 0.1340961 0.1302677 0.1542471 0.1357092 0.1455261 0.1448956 0.1322922 0.1860619 0.1422712 0.1821696 0.1758486 0.1601955 0.1508136 0.1221875 0.1356466 0.1630388 0.1461083 0.1848166 0.0816704 0.1467670 0.1107849 0.1596696 0.1543999 0.1545537 0.1259046 0.1476672 0.3118476 0.1619562 0.1545744 0.1010865 0.1547647 0.0467160 0.1525190 0.0513650 0.1540445 0.1237190 0.1491195 0.1593894 0.0435389 0.1427423 0.0579455 
Perityle_cuneata_34_cuneata_San_antonio    0.1787630 0.0862310 0.1756846 0.2936081 0.2549099 0.1660836 0.1085230 0.4261692 0.1802332 0.1624224 0.1704908 0.1572330 0.1848788 0.1102651 0.1209337 0.1748239 0.0400563 0.1764936 0.1451519 0.1500712 0.1724381 0.1846626 0.1925486 0.2939161 0.2779382 0.1653024 0.2105317 0.1558760 0.1299388 0.0000000 0.1968766 0.1559246 0.1692381 0.1798369 0.1819109 0.1532926 0.1740084 0.1585688 0.1842583 0.1809047 0.2069559 0.1664135 0.1629841 0.1733287 0.1521492 0.0417331 0.1325328 0.1803591 0.2002394 0.2308951 0.1686166 0.2490566 0.3014610 0.1377672 0.1614187 0.0919514 0.0987489 0.1382304 0.1743722 0.2787432 0.1078763 0.1609755 0.1327523 0.1677425 0.1740145 0.2847569 0.1395225 0.1798277 0.4016531 0.1702668 0.1848415 0.1711665 0.1495629 0.0609024 0.1269693 0.0896038 0.2728964 0.1670145 0.1547287 0.1325296 0.0771630 0.1575659 0.1343915 
Perityle_cuneata_4                         0.2846780 0.0848836 0.2708855 0.3320169 0.3289716 0.2338992 0.1203796 0.4461597 0.2658746 0.2470273 0.2658709 0.2307705 0.2769960 0.1493941 0.1648039 0.2329365 0.2201327 0.2167597 0.1685550 0.2514778 0.2279279 0.2590704 0.1890573 0.3773124 0.2965005 0.2582652 0.2797696 0.2206036 0.1417360 0.1968766 0.0000000 0.2622726 0.2397422 0.2588940 0.3175207 0.2190030 0.2822876 0.2374904 0.2694948 0.2337435 0.2535065 0.2357029 0.1956569 0.3307875 0.2188037 0.1486649 0.1605455 0.2506626 0.2638055 0.2335064 0.2502953 0.2252727 0.3460813 0.1943982 0.1771448 0.1050150 0.1136432 0.1675445 0.2495098 0.4068136 0.1200988 0.2167001 0.1584371 0.2377553 0.2302293 0.2850891 0.1612188 0.2130624 0.4058939 0.2395947 0.2579291 0.2314722 0.1885981 0.0855211 0.1558711 0.1191817 0.2736398 0.3029060 0.1948292 0.1750752 0.1145272 0.2331311 0.2479766 
Perityle_discoidea_81                      0.1381156 0.0597867 0.1422891 0.2564297 0.2248340 0.1738591 0.0692407 0.3522479 0.1304327 0.0632219 0.0621155 0.0673793 0.1148576 0.0652130 0.0497390 0.1120541 0.2223639 0.1063530 0.1197072 0.0472114 0.0608586 0.1147712 0.1761771 0.2197442 0.2567275 0.0638178 0.0954248 0.0238180 0.0635959 0.1559246 0.2622726 0.0000000 0.1055946 0.1413045 0.0803905 0.1005307 0.0739729 0.0548131 0.1145023 0.1189508 0.1824082 0.0650722 0.1587475 0.0711833 0.1094243 0.1022054 0.0593179 0.0644220 0.1844203 0.1428746 0.0644829 0.1760006 0.2945212 0.0662547 0.1460482 0.0275729 0.0580344 0.0622753 0.0616610 0.1225695 0.0565289 0.1469207 0.0902540 0.0633591 0.0806757 0.2593459 0.1290248 0.1588389 0.3649254 0.1249934 0.1147712 0.0451904 0.1108397 0.0279694 0.1061601 0.0414017 0.2038365 0.0700614 0.0532080 0.0607209 0.0365400 0.0529440 0.0293701 
Perityle_dissecta_201                      0.1187291 0.0521828 0.1512887 0.2861054 0.2097032 0.1513237 0.1095597 0.3754325 0.1401222 0.1113715 0.1000773 0.1117166 0.0115962 0.0972084 0.1102537 0.0055967 0.1573177 0.1518339 0.0139694 0.0796324 0.1077466 0.0120322 0.1034329 0.1426681 0.2307324 0.1195858 0.0941172 0.1173493 0.1543498 0.1692381 0.2397422 0.1055946 0.0000000 0.1094266 0.1624211 0.0045206 0.1276019 0.1075858 0.0159942 0.0096963 0.1380273 0.1083741 0.1146908 0.1531480 0.0204965 0.1248660 0.1098266 0.1082578 0.1351408 0.2392002 0.1063925 0.2454014 0.2623928 0.1157782 0.1275723 0.0953409 0.0671478 0.1117640 0.1030864 0.1569395 0.1043764 0.1249445 0.0523188 0.1032045 0.0838680 0.2256749 0.0933067 0.1165057 0.3642950 0.0120636 0.0120413 0.1469204 0.0187577 0.0486071 0.0077887 0.0752103 0.2143470 0.1469134 0.1032914 0.1055723 0.0984077 0.0918024 0.0842492 
Perityle_emoryi_47_punta_san_jose          0.0637387 0.0852044 0.0652883 0.1991186 0.2691761 0.1401661 0.0378154 0.3647731 0.0607150 0.1465432 0.1426886 0.1370464 0.1185583 0.1151595 0.1106028 0.1162113 0.2857987 0.1283480 0.0983166 0.1199968 0.1375761 0.1176811 0.1569816 0.2662282 0.2318202 0.1381588 0.1480321 0.1252455 0.0509018 0.1798369 0.2588940 0.1413045 0.1094266 0.0000000 0.1538197 0.0939579 0.1490335 0.1399815 0.1212459 0.1153215 0.1494968 0.1342860 0.1151568 0.1460722 0.0930247 0.1160145 0.1234460 0.1448236 0.1513171 0.1640940 0.1538589 0.2074744 0.2853419 0.1309490 0.1279789 0.0699524 0.0895426 0.1219234 0.1390525 0.2185616 0.0890980 0.1499918 0.0553970 0.1440724 0.1041183 0.2708025 0.0910389 0.1299845 0.3426991 0.1083172 0.1176811 0.1633153 0.0937365 0.0530209 0.0876464 0.0648161 0.1546743 0.1452553 0.1230496 0.1220117 0.1004289 0.1323326 0.1167424 
Perityle_feddemae_99                       0.1600190 0.0928435 0.1921521 0.3165757 0.2477829 0.2024760 0.1180853 0.4091019 0.1785425 0.1358128 0.0862966 0.0820180 0.1402573 0.0721697 0.0987316 0.1844010 0.2597614 0.0982878 0.1294980 0.0641904 0.1021479 0.1894644 0.1730519 0.2405144 0.3228047 0.1213948 0.1538719 0.0642068 0.1168931 0.1819109 0.3175207 0.0803905 0.1624211 0.1538197 0.0000000 0.1234825 0.0983828 0.0931458 0.1808314 0.1547650 0.2228109 0.0780000 0.1931761 0.0895774 0.1399270 0.1365146 0.1315735 0.1298790 0.2183321 0.1855259 0.1291569 0.2482719 0.3208491 0.0822287 0.1743167 0.0598186 0.0857058 0.1077510 0.1267143 0.1537271 0.0758914 0.1704128 0.1205222 0.1306160 0.1045119 0.3339210 0.1587830 0.2248769 0.3901992 0.1357920 0.1896182 0.0881906 0.1982633 0.0345831 0.1700838 0.0441518 0.2690300 0.0867986 0.0879987 0.0735581 0.0571021 0.0762685 0.0697174 
Perityle_fosteri_93                        0.1090068 0.0475123 0.1233857 0.2878330 0.1994346 0.1523356 0.1004050 0.3699835 0.1160621 0.1144296 0.1012102 0.1140683 0.0124146 0.1041436 0.1053571 0.0056983 0.0000010 0.1579846 0.0154594 0.0816725 0.1093837 0.0135676 0.1014690 0.1335530 0.2127519 0.1102983 0.0938014 0.1121891 0.1490106 0.1532926 0.2190030 0.1005307 0.0045206 0.0939579 0.1234825 0.0000000 0.1299640 0.1039659 0.0160762 0.0139864 0.1321643 0.1130783 0.1208279 0.1223749 0.0200274 0.1233648 0.1095078 0.1082537 0.1304804 0.2393286 0.1048120 0.2661850 0.2530162 0.1179197 0.1288596 0.0911679 0.0654653 0.1124526 0.0980254 0.1554259 0.0988925 0.1233523 0.0464768 0.1008399 0.0835043 0.2050786 0.0967981 0.1073338 0.3760994 0.0121294 0.0135801 0.1419849 0.0180349 0.0489542 0.0077799 0.0725561 0.2102249 0.1123609 0.0997072 0.1080325 0.0918522 0.0934368 0.0780848 
Perityle_gamon_221                         0.1570762 0.0837463 0.1482694 0.3168388 0.2172025 0.1965989 0.1245135 0.3938884 0.1546244 0.0853956 0.0909967 0.0945681 0.1345934 0.0882659 0.0803143 0.1351437 0.1651168 0.1299152 0.1378870 0.0668401 0.0937306 0.1368493 0.1785356 0.2395607 0.2894968 0.0860599 0.1178716 0.0810711 0.1306353 0.1740084 0.2822876 0.0739729 0.1276019 0.1490335 0.0983828 0.1299640 0.0000000 0.0829464 0.1331024 0.1358219 0.2256689 0.0991392 0.2061936 0.0133562 0.1428689 0.1434243 0.0919601 0.0940187 0.2263710 0.2120078 0.0873029 0.2351710 0.3160957 0.0903197 0.1739229 0.0565974 0.0869191 0.0966136 0.0897465 0.1513262 0.0860778 0.1672546 0.1222599 0.0862994 0.1105396 0.2830733 0.1601474 0.1892443 0.4190245 0.1410819 0.1369754 0.1072300 0.1398465 0.0341244 0.1225631 0.0533302 0.2699763 0.0664364 0.0793903 0.0951608 0.0599945 0.0838443 0.0572231 
Perityle_gentryi_8_san_francisco           0.1474707 0.0696541 0.1420190 0.3152193 0.2192107 0.1780848 0.1182835 0.3871968 0.1395226 0.0733634 0.0515405 0.0650927 0.1163602 0.0536743 0.0054332 0.1119751 0.1796481 0.1094962 0.1176380 0.0322549 0.0555205 0.1146533 0.1535616 0.2162665 0.2622633 0.0503782 0.0944823 0.0528920 0.1243427 0.1585688 0.2374904 0.0548131 0.1075858 0.1399815 0.0931458 0.1039659 0.0829464 0.0000000 0.1150432 0.1193177 0.1904063 0.0647592 0.1739817 0.0885625 0.1197059 0.1213293 0.0575794 0.0549419 0.1851956 0.1856011 0.0540763 0.1942903 0.3092167 0.0616571 0.1636642 0.0318303 0.0609863 0.0572169 0.0517193 0.1266112 0.0618635 0.1444882 0.1098137 0.0480204 0.0884692 0.2581264 0.1400799 0.1552740 0.3797591 0.1177452 0.1147493 0.0759835 0.1137499 0.0241021 0.1106618 0.0314396 0.2510769 0.0780196 0.0429474 0.0544807 0.0315937 0.0472305 0.0431795 
Perityle_gilensis_22_Superstition          0.1283962 0.0524898 0.1590092 0.2929164 0.2096968 0.1573397 0.1104064 0.3861597 0.1491643 0.1219533 0.1041500 0.1192608 0.0196245 0.1077147 0.1174268 0.0191556 0.2092497 0.1579272 0.0256473 0.0891648 0.1176804 0.0247599 0.1113867 0.1587568 0.2574522 0.1282118 0.1060742 0.1245312 0.1635242 0.1842583 0.2694948 0.1145023 0.0159942 0.1212459 0.1808314 0.0160762 0.1331024 0.1150432 0.0000000 0.0197011 0.1467875 0.1173551 0.1265535 0.1647707 0.0296701 0.1334225 0.1206273 0.1147300 0.1465552 0.2444770 0.1150228 0.2524979 0.2933374 0.1211176 0.1335092 0.1012006 0.0736778 0.1190413 0.1082181 0.1616110 0.1008989 0.1376786 0.0520957 0.1104814 0.0908017 0.2669735 0.1032153 0.1274868 0.3624323 0.0270259 0.0247765 0.1535437 0.0283629 0.0519137 0.0166931 0.0747849 0.2265678 0.1656750 0.1123721 0.1121084 0.0905733 0.0985580 0.0921879 
Perityle_gilensis_salensis_225             0.1230004 0.0626948 0.1429636 0.2830974 0.2125265 0.1631498 0.1021586 0.3800280 0.1391442 0.1214752 0.1096393 0.1249074 0.0178048 0.1134687 0.1204458 0.0137063 0.1573177 0.1671079 0.0223361 0.0891410 0.1181396 0.0105883 0.1098809 0.1560343 0.2291573 0.1229961 0.1019507 0.1257604 0.1545744 0.1809047 0.2337435 0.1189508 0.0096963 0.1153215 0.1547650 0.0139864 0.1358219 0.1193177 0.0197011 0.0000000 0.1459028 0.1235496 0.1241846 0.1478563 0.0277322 0.1358041 0.1164849 0.1169911 0.1426991 0.2289585 0.1150510 0.2429733 0.2633851 0.1271406 0.1419193 0.0952448 0.0797506 0.1226017 0.1082447 0.1594242 0.1006073 0.1391572 0.0523262 0.1113366 0.0911925 0.2241450 0.1036153 0.1216783 0.3858925 0.0224415 0.0105966 0.1557170 0.0241192 0.0520588 0.0163133 0.0853253 0.2219947 0.1389015 0.1121086 0.1155322 0.1001904 0.1032976 0.1029997 
Perityle_glaucescens_94                    0.1576988 0.0897352 0.1679656 0.3063845 0.2667775 0.1676254 0.1093925 0.4182757 0.1666171 0.2064160 0.1895631 0.1939087 0.1481057 0.1519802 0.1726523 0.1427201 0.2475771 0.2141111 0.1196635 0.1641861 0.1913913 0.1419290 0.1631687 0.2759650 0.2510928 0.2010262 0.1834408 0.1926528 0.1347546 0.2069559 0.2535065 0.1824082 0.1380273 0.1494968 0.2228109 0.1321643 0.2256689 0.1904063 0.1467875 0.1459028 0.0000000 0.2003359 0.0104943 0.2124869 0.1371559 0.1677705 0.1595753 0.1951184 0.0040801 0.2369165 0.1929057 0.2669526 0.2730668 0.1773707 0.1554771 0.1369588 0.1247615 0.1694631 0.1871138 0.2650777 0.1124644 0.1297649 0.1055322 0.1894826 0.1650499 0.2481605 0.0468729 0.0471165 0.3958229 0.1438305 0.1407271 0.2107541 0.1221205 0.0778004 0.1030060 0.1169429 0.1782227 0.2018949 0.1733015 0.1704764 0.1103850 0.1788055 0.1712572 
Perityle_gracilis_11                       0.1372829 0.0830633 0.1570944 0.3233023 0.1709325 0.1904260 0.1344990 0.3589130 0.1351014 0.0756662 0.0250387 0.0298022 0.1255240 0.0231187 0.0638642 0.1121580 0.0137475 0.1158556 0.1247901 0.0426898 0.0024056 0.1175571 0.1381248 0.1786126 0.2483991 0.0689200 0.0951841 0.0668359 0.1464905 0.1664135 0.2357029 0.0650722 0.1083741 0.1342860 0.0780000 0.1130783 0.0991392 0.0647592 0.1173551 0.1235496 0.2003359 0.0000000 0.2007252 0.0956459 0.1267918 0.1457350 0.0000010 0.0012043 0.1997227 0.1502222 0.0122895 0.1839932 0.2799141 0.0286334 0.1741409 0.0604838 0.0693555 0.0276617 0.0000010 0.1237355 0.0395438 0.1582259 0.1284464 0.0224872 0.0844299 0.2412687 0.1583496 0.1669893 0.3914474 0.1185201 0.1176832 0.0943293 0.1221657 0.0000010 0.1171828 0.0000010 0.2785796 0.0723227 0.0199934 0.0236104 0.0608310 0.0000010 0.0492107 
Perityle_harkerae_31                       0.1223175 0.0894511 0.1354342 0.3120612 0.2711344 0.1689049 0.1129588 0.3909603 0.1331552 0.1931605 0.1722453 0.1925831 0.1280152 0.1586931 0.1769769 0.1126015 0.0000010 0.2172149 0.1210089 0.1475241 0.1808859 0.1187383 0.1288055 0.2768721 0.1984840 0.1871071 0.1676831 0.1904733 0.1340961 0.1629841 0.1956569 0.1587475 0.1146908 0.1151568 0.1931761 0.1208279 0.2061936 0.1739817 0.1265535 0.1241846 0.0104943 0.2007252 0.0000000 0.1904495 0.1275989 0.1637220 0.1613946 0.1797864 0.0022989 0.2397241 0.1731716 0.2339102 0.2060315 0.1817141 0.1485214 0.1454004 0.1312748 0.1723023 0.1662506 0.2549685 0.1160857 0.1117652 0.1021785 0.1684912 0.1641567 0.1938847 0.0452612 0.0407016 0.3877772 0.1364915 0.1174405 0.2117057 0.1241187 0.0776804 0.1076734 0.1204158 0.1428071 0.1790239 0.1659115 0.1757732 0.1102098 0.1695314 0.1408411 
Perityle_hofmeisteria_4_nombre_de_dios     0.1490718 0.0781819 0.1886319 0.3142845 0.2253734 0.1907784 0.1241698 0.3988190 0.1706205 0.1270906 0.0804190 0.0925210 0.1349147 0.0905079 0.1031678 0.2167930 0.2018342 0.1283417 0.1352231 0.0623736 0.1061392 0.1995634 0.1726020 0.2460690 0.3055023 0.1085623 0.1834298 0.0731550 0.1302677 0.1733287 0.3307875 0.0711833 0.1531480 0.1460722 0.0895774 0.1223749 0.0133562 0.0885625 0.1647707 0.1478563 0.2124869 0.0956459 0.1904495 0.0000000 0.1414934 0.1393026 0.1476426 0.1462129 0.2069184 0.2144157 0.1475600 0.2653125 0.3334664 0.0908322 0.1682274 0.0590668 0.0868583 0.1146159 0.1414529 0.1485089 0.0933731 0.1578430 0.1185611 0.1714770 0.1075416 0.3488336 0.1557132 0.2139300 0.4132456 0.1329854 0.2039446 0.0980462 0.2287306 0.0376474 0.1610724 0.0566206 0.2647661 0.0678078 0.0924031 0.0893834 0.0637175 0.0800555 0.0561661 
Perityle_huecosensis_48                    0.1119670 0.0558007 0.1274609 0.2833519 0.2297212 0.1531780 0.1131973 0.3812499 0.1204195 0.1255240 0.1152183 0.1304012 0.0291316 0.1130088 0.1234086 0.0195464 0.0134888 0.1639512 0.0284409 0.0929512 0.1179743 0.0291396 0.0903337 0.1725088 0.1978234 0.1291465 0.1026430 0.1258134 0.1542471 0.1521492 0.2188037 0.1094243 0.0204965 0.0930247 0.1399270 0.0200274 0.1428689 0.1197059 0.0296701 0.0277322 0.1371559 0.1267918 0.1275989 0.1414934 0.0000000 0.1356353 0.1225523 0.1221467 0.1343702 0.2340310 0.1175323 0.2438544 0.2406354 0.1327323 0.1381002 0.1060354 0.0786851 0.1270220 0.1098829 0.1717003 0.1117489 0.1276227 0.0553097 0.1123205 0.0961596 0.1909061 0.1050203 0.1122930 0.4012905 0.0262830 0.0291651 0.1557741 0.0352033 0.0518864 0.0219699 0.0780999 0.2024932 0.1304371 0.1153496 0.1220636 0.1018571 0.1069761 0.0896258 
