84
Amauria_brandeegeana_62                    0.0000000 0.1250261 0.1017419 0.2283949 0.1183689 0.1242739 0.1929021 0.2150155 0.3402876 0.1029545 0.2714469 0.2630010 0.2581579 0.2487052 0.5845647 0.1382166 0.2617836 0.1431063 0.1651158 0.2429488 0.2376700 0.2335151 0.2028946 0.2407442 0.2404592 0.1211295 0.1173108 0.2604428 0.2748108 0.1397725 0.1359319 0.1170187 0.0879236 0.2499392 0.0509408 0.1384959 0.3020314 0.1104379 0.1498634 0.2487675 0.4934125 0.1337049 0.2485844 0.1370864 0.1507259 0.2443960 0.1093904 0.2586655 0.2553211 0.1390029 0.2508720 0.2470968 0.2434063 0.1171166 0.2677939 0.2474894 0.2597708 0.1078142 0.2619917 0.2598834 0.2581059 0.1568731 0.2390976 0.1090087 0.2540062 0.2765824 0.1172845 0.6634750 0.6705588 0.3630519 0.2453992 0.2456025 0.1391816 0.2500286 0.2467305 0.2549291 0.3159170 0.1469230 0.2567183 0.2512400 0.2542329 0.2683507 0.2584033 0.0757126 
Amauria_carterae_99_mesa                   0.1250261 0.0000000 0.0865208 0.2247656 0.0703330 0.0592917 0.1753056 0.1989370 0.3704168 0.0678076 0.2714292 0.2984612 0.2881692 0.2886266 0.6382021 0.0973469 0.2811210 0.0978067 0.1577595 0.2809096 0.2790644 0.2416046 0.1475088 0.2878912 0.2880587 0.1192261 0.0827962 0.2778345 0.3170855 0.0985596 0.0656172 0.0675992 0.0700907 0.2834770 0.0473801 0.0651830 0.2986630 0.0765173 0.1040035 0.2857822 0.3860173 0.0639089 0.2881692 0.0652052 0.0782511 0.2751799 0.0785725 0.2926966 0.2874775 0.0635889 0.2920629 0.2971120 0.2739238 0.0804642 0.2757251 0.3107876 0.2379102 0.0633458 0.2902723 0.2881596 0.2942409 0.1683393 0.2851358 0.0735282 0.2892459 0.3181907 0.0804642 0.6762335 0.6738664 0.3452461 0.2738887 0.2946854 0.0885323 0.2958167 0.2767337 0.2859373 0.2860640 0.1124014 0.3077647 0.2913244 0.2896408 0.2423380 0.2881596 0.0545446 
Amauria_rotundifolia_SRR9119150            0.1017419 0.0865208 0.0000000 0.2328143 0.0843088 0.0771930 0.2257119 0.2129582 0.3374749 0.1232113 0.2564090 0.2848528 0.2702823 0.2730232 0.5991271 0.1476580 0.3030490 0.1350595 0.1387036 0.2714410 0.2411159 0.2030725 0.1681562 0.2683169 0.2508547 0.1127348 0.1507685 0.2756648 0.2802290 0.1556356 0.0785301 0.1173240 0.1189897 0.2677884 0.0503944 0.1115249 0.3039161 0.1094060 0.1555135 0.2774671 0.5444998 0.1062229 0.2749750 0.1115957 0.1208467 0.2677144 0.0798910 0.2555086 0.2520625 0.1169757 0.2777576 0.2644152 0.2700032 0.1505210 0.2775119 0.2712416 0.2248103 0.0909477 0.2769046 0.2776077 0.2616063 0.1731201 0.2181434 0.1186105 0.2831274 0.2859886 0.1475479 0.6444230 0.6867016 0.3647232 0.2394203 0.2728716 0.1233295 0.2870538 0.2333476 0.2713038 0.3084730 0.1505121 0.2604107 0.2593335 0.2833831 0.2280041 0.2737121 0.1145837 
Conoclinium_coelestinum_SRR9119114         0.2283949 0.2247656 0.2328143 0.0000000 0.1700409 0.1561309 0.1033531 0.1941135 0.3407782 0.3161324 0.3407203 0.3388557 0.2825817 0.3089700 0.6042438 0.2929564 0.3753828 0.2386389 0.1780654 0.2858907 0.3057331 0.2604385 0.1737797 0.3354138 0.2650599 0.1658418 0.3118472 0.3049193 0.3071926 0.2353054 0.1673862 0.3291552 0.2439672 0.3264349 0.1350373 0.3009374 0.2571307 0.2926038 0.3051005 0.3353463 0.6146588 0.2966846 0.3221849 0.2969782 0.3184198 0.3494474 0.1564623 0.2779034 0.3068352 0.3038822 0.3170296 0.2955927 0.3361580 0.3129798 0.2916045 0.3236490 0.2667348 0.1848141 0.3469921 0.3435160 0.2824211 0.1168676 0.2483921 0.1856363 0.3573825 0.3411031 0.3137175 0.6505064 0.6824998 0.3252125 0.2689879 0.3406937 0.1920760 0.3448204 0.2668190 0.3190762 0.3078157 0.3014540 0.2786597 0.3279067 0.3594891 0.2452299 0.3333375 0.2880151 
Eutetras_palmeri_63                        0.1183689 0.0703330 0.0843088 0.1700409 0.0000000 0.0056748 0.1379845 0.1426446 0.2997764 0.0429436 0.1544730 0.1665028 0.1793301 0.1715878 0.6103558 0.0821841 0.1928032 0.0801979 0.1254429 0.1758060 0.1682155 0.1755584 0.1099243 0.1599371 0.1733713 0.0935503 0.0674407 0.1661539 0.1843479 0.0734498 0.0623412 0.1201561 0.0375490 0.1612528 0.0283752 0.0814583 0.2084798 0.0878369 0.0694757 0.1705336 0.4346642 0.0813799 0.1722504 0.0787697 0.0980231 0.1542162 0.0580569 0.1695733 0.1733252 0.0814870 0.1617600 0.1836205 0.1535743 0.0696230 0.1953179 0.1978533 0.2038649 0.0723558 0.1820809 0.1648299 0.1881579 0.0719533 0.1764489 0.0675186 0.1596451 0.1913226 0.0772787 0.5994529 0.6416835 0.2752709 0.1653675 0.1625985 0.0706947 0.1718902 0.1783697 0.1732136 0.2424578 0.0978944 0.1843111 0.1843600 0.1652673 0.2055653 0.1645169 0.0313731 
Eutetras_pringlei_149_quer                 0.1242739 0.0592917 0.0771930 0.1561309 0.0056748 0.0000000 0.1365460 0.1482497 0.3137648 0.0449394 0.2512329 0.2642489 0.2537538 0.2539300 0.5215476 0.0701457 0.2487271 0.0852960 0.1478325 0.2490570 0.2454993 0.2534381 0.0810318 0.2562220 0.2495206 0.0899849 0.0697230 0.2528237 0.2979371 0.0664400 0.0734265 0.0409395 0.0449394 0.2518130 0.0281165 0.0691223 0.2407802 0.0612617 0.0760081 0.2544615 0.2660768 0.0640904 0.2537538 0.0625026 0.0726193 0.2457445 0.0074295 0.2593007 0.2529777 0.0605853 0.2582549 0.2643928 0.2392919 0.0636203 0.2457401 0.2860650 0.2557396 0.0611993 0.2529777 0.2537513 0.2731070 0.0906088 0.2513929 0.0615360 0.2488719 0.2829650 0.0666554 0.6025715 0.6163109 0.2805063 0.2551612 0.2622134 0.0692316 0.2687267 0.2574844 0.2508169 0.2511024 0.0849969 0.2711882 0.2626231 0.2493068 0.2209867 0.2537513 0.0314955 
Eutrochium_fistulosum_SRR9119106           0.1929021 0.1753056 0.2257119 0.1033531 0.1379845 0.1365460 0.0000000 0.2092579 0.3089000 0.2426742 0.3253015 0.3350897 0.2742275 0.2918728 0.5913249 0.2459898 0.3566294 0.2392561 0.1479366 0.2978311 0.2677547 0.2153992 0.1331151 0.3159402 0.2551453 0.1358747 0.2490866 0.3079546 0.3030627 0.1839460 0.1291616 0.2548590 0.2053484 0.3129561 0.1060497 0.2557859 0.2171397 0.2149522 0.2577352 0.3190814 0.5591682 0.2529210 0.3085490 0.2482725 0.2491664 0.3366627 0.1095031 0.2607643 0.2811996 0.2562450 0.3039633 0.2848976 0.3151028 0.2467503 0.2548981 0.3228830 0.2356385 0.1748079 0.3223805 0.3228884 0.2668314 0.1088244 0.2303965 0.1664214 0.3489964 0.3356505 0.2514707 0.6365314 0.6473463 0.2982775 0.2213296 0.3166058 0.1494653 0.3242741 0.2222283 0.3054703 0.2651778 0.2589865 0.2441861 0.3174019 0.3506436 0.2071252 0.3174838 0.2300393 
Galeana_pratensis_104_mex                  0.2150155 0.1989370 0.2129582 0.1941135 0.1426446 0.1482497 0.2092579 0.0000000 0.1926955 0.1668541 0.2335421 0.2451538 0.2569435 0.2620745 0.4661111 0.2081394 0.2445190 0.2067331 0.1535230 0.2465093 0.2465093 0.2213477 0.1204165 0.2645941 0.2515880 0.1459348 0.1812624 0.2558398 0.2772391 0.1799041 0.1543539 0.1844497 0.1670944 0.2493869 0.1402275 0.1604797 0.2267276 0.1287257 0.2175428 0.2620745 0.2620745 0.1416714 0.2569435 0.1511567 0.1610794 0.2458762 0.1008023 0.2585555 0.2512690 0.1544625 0.2620745 0.2656791 0.2433810 0.1767010 0.2417686 0.2562972 0.2254286 0.1393529 0.2557706 0.2522381 0.2770067 0.1042882 0.2445280 0.1580055 0.2464160 0.2642773 0.1767010 0.5417656 0.5523525 0.2272901 0.2486647 0.2666546 0.1555178 0.2685111 0.2431294 0.2532393 0.2440358 0.2207862 0.2632057 0.2682063 0.2469583 0.1779862 0.2522381 0.1522223 
Helianthus_annuus_SRR9119062               0.3402876 0.3704168 0.3374749 0.3407782 0.2997764 0.3137648 0.3089000 0.1926955 0.0000000 0.2736573 0.4505031 0.3795069 0.3547034 0.3560881 0.5097929 0.3352619 0.3323152 0.2947016 0.2468407 0.3298190 0.3507559 0.3462106 0.2531879 0.3697059 0.3355178 0.2069345 0.3091665 0.3578455 0.3941214 0.3150743 0.2520623 0.3287931 0.2611429 0.3553095 0.2336033 0.3060442 0.3021249 0.2459703 0.3321164 0.3589350 0.5732463 0.3049926 0.3426697 0.2939835 0.3222737 0.3556552 0.2199532 0.3531890 0.3540383 0.2955316 0.3589350 0.3413886 0.3625891 0.3066506 0.3863165 0.3270990 0.3461796 0.3036919 0.3530409 0.3694085 0.3679019 0.2311144 0.3321068 0.3239893 0.3679341 0.3664205 0.3230523 0.6476200 0.6678800 0.4108042 0.3931368 0.3719115 0.2961988 0.3507397 0.3537553 0.3505546 0.3989610 0.3294573 0.3584751 0.3439268 0.3590425 0.3420436 0.3677713 0.2374563 
Lycapsus_tenuifolius_17                    0.1029545 0.0678076 0.1232113 0.3161324 0.0429436 0.0449394 0.2426742 0.1668541 0.2736573 0.0000000 0.2369662 0.2872781 0.2331026 0.2505282 0.5471947 0.0838502 0.3288558 0.1299221 0.1022356 0.2574765 0.2341018 0.1716209 0.1258044 0.2807384 0.2193416 0.0817024 0.1348264 0.2591688 0.2574334 0.0095748 0.0482677 0.0880221 0.0013159 0.2805352 0.0017869 0.1031891 0.2405854 0.1543116 0.0887412 0.2826663 0.5344753 0.0948600 0.2768467 0.0975066 0.1180660 0.3016349 0.0493923 0.2245683 0.2432684 0.1017598 0.2637141 0.2513826 0.2789154 0.1331159 0.2183276 0.2951468 0.1878260 0.0419622 0.2909241 0.2911682 0.2291510 0.1411923 0.2102593 0.0430741 0.3082759 0.2907611 0.1321832 0.5691455 0.6736787 0.3176783 0.1952900 0.2849499 0.0076733 0.2917361 0.1915365 0.2591485 0.2488913 0.0971526 0.2038326 0.2801077 0.3099923 0.2093549 0.2813674 0.0025164 
Pericome_caudata_50_silver                 0.2714469 0.2714292 0.2564090 0.3407203 0.1544730 0.2512329 0.3253015 0.2335421 0.4505031 0.2369662 0.0000000 0.3315788 0.3175108 0.3207194 0.6044775 0.2599018 0.3646593 0.2338219 0.1752240 0.3188718 0.2976747 0.2523275 0.2063048 0.3080020 0.3095925 0.1018730 0.2779475 0.3256584 0.3317271 0.2321698 0.1102409 0.2851624 0.2070609 0.3382516 0.1483683 0.2110519 0.3083501 0.1747390 0.2570133 0.3344172 0.6033277 0.2174754 0.3311397 0.2185582 0.2204157 0.3471771 0.0750507 0.3137545 0.3268490 0.2248021 0.3291755 0.3339370 0.3069369 0.2816376 0.3237561 0.3719422 0.2767444 0.2164793 0.3567224 0.3312211 0.3392571 0.1689369 0.2788759 0.2379589 0.3152709 0.3546827 0.2743493 0.7294380 0.8404072 0.4142376 0.2727945 0.3095446 0.1855912 0.3257836 0.2624344 0.3242654 0.3833412 0.2926404 0.2805377 0.3511974 0.3479370 0.3325635 0.3291904 0.2263139 
Perityle_aglossa_84_dead_horse             0.2630010 0.2984612 0.2848528 0.3388557 0.1665028 0.2642489 0.3350897 0.2451538 0.3795069 0.2872781 0.3315788 0.0000000 0.0390386 0.0506796 0.6210844 0.2927763 0.0444951 0.2896522 0.0545256 0.0242023 0.0301356 0.0441561 0.1346444 0.0546318 0.0245818 0.0340203 0.2874095 0.0840243 0.0686344 0.2622024 0.1595110 0.3497624 0.2752602 0.0484405 0.1940595 0.1984196 0.2211437 0.1646098 0.2996304 0.0563289 0.2306519 0.1960446 0.0537224 0.2145278 0.2170170 0.0235890 0.0789995 0.0365482 0.0598624 0.2169243 0.0549184 0.0547174 0.0522824 0.2829185 0.0306974 0.0737428 0.0587248 0.2487091 0.0605219 0.0572675 0.0473115 0.0954149 0.0793568 0.2852579 0.0170758 0.0695802 0.2757415 0.6758415 0.7428359 0.0290732 0.0861470 0.0566456 0.2110985 0.0554313 0.0386176 0.0522632 0.0540197 0.3394177 0.0514262 0.0521411 0.0186699 0.0415436 0.0562177 0.2862573 
Perityle_ajoensis_204                      0.2581579 0.2881692 0.2702823 0.2825817 0.1793301 0.2537538 0.2742275 0.2569435 0.3547034 0.2331026 0.3175108 0.0390386 0.0000000 0.0121328 0.6241439 0.2377590 0.0247286 0.2641239 0.0407231 0.0172960 0.0142460 0.0122953 0.1354380 0.0159061 0.0089920 0.0118623 0.2518760 0.0665598 0.0474223 0.2492286 0.1547076 0.2618607 0.2301445 0.0096782 0.1813916 0.1589984 0.2135095 0.1079202 0.2497576 0.0133785 0.1794630 0.1548826 0.0037716 0.1617667 0.1779822 0.0194537 0.0652980 0.0060311 0.0122148 0.1578813 0.0145983 0.0195432 0.0121624 0.2533834 0.0169811 0.0409355 0.0405975 0.2411636 0.0086064 0.0095147 0.0339877 0.1009392 0.0624656 0.2737609 0.0279372 0.0408498 0.2560057 0.6580765 0.6914450 0.0104793 0.0840876 0.0183056 0.2023295 0.0074580 0.0065914 0.0024211 0.0192311 0.2988095 0.0347419 0.0118599 0.0291867 0.0309927 0.0095306 0.2225247 
Perityle_ambrosiifolia_67_green            0.2487052 0.2886266 0.2730232 0.3089700 0.1715878 0.2539300 0.2918728 0.2620745 0.3560881 0.2505282 0.3207194 0.0506796 0.0121328 0.0000000 0.6234961 0.2477268 0.0383029 0.2681991 0.0368016 0.0213526 0.0258874 0.0194929 0.1316501 0.0035199 0.0103981 0.0219462 0.2568760 0.0678939 0.0451700 0.2493216 0.1500812 0.2757413 0.2469675 0.0106899 0.1787778 0.1752141 0.2102598 0.1293151 0.2588875 0.0035123 0.1674080 0.1737247 0.0124563 0.1781988 0.1920578 0.0312538 0.0620502 0.0135051 0.0319436 0.1781652 0.0023328 0.0219126 0.0094063 0.2579911 0.0189719 0.0417914 0.0409644 0.2415681 0.0172008 0.0165166 0.0343636 0.1009392 0.0625106 0.2746322 0.0396753 0.0387593 0.2588742 0.6426745 0.6783627 0.0080072 0.0739591 0.0058518 0.2020897 0.0135460 0.0134283 0.0084564 0.0296398 0.3126396 0.0334643 0.0130290 0.0421193 0.0345200 0.0165442 0.2417732 
Perityle_angustifolia_13_Eagle_creek       0.5845647 0.6382021 0.5991271 0.6042438 0.6103558 0.5215476 0.5913249 0.4661111 0.5097929 0.5471947 0.6044775 0.6210844 0.6241439 0.6234961 0.0000000 0.6077270 0.5999179 0.6438546 0.5915214 0.6184658 0.6250027 0.6225068 0.5377286 0.6205349 0.6159780 0.6088045 0.5889372 0.6161121 0.6309098 0.6137091 0.6261030 0.5720654 0.5471947 0.6209491 0.5363750 0.6258872 0.4321972 0.6036242 0.6157491 0.6163195 0.6703787 0.6332870 0.6285882 0.6278721 0.6330825 0.6184658 0.5912146 0.6285882 0.6225068 0.6192940 0.6234961 0.6429161 0.6183359 0.5763295 0.6361641 0.6231044 0.6193171 0.6227725 0.6225068 0.6192898 0.6353180 0.4618814 0.6322973 0.5608918 0.6234182 0.6409355 0.5854948 0.4172241 0.4048398 0.4643689 0.6220440 0.6237285 0.5984447 0.6187437 0.6358634 0.6241439 0.5378339 0.6048503 0.6023421 0.6290690 0.6234182 0.4827825 0.6160876 0.5359228 
Perityle_batopilensis_97                   0.1382166 0.0973469 0.1476580 0.2929564 0.0821841 0.0701457 0.2459898 0.2081394 0.3352619 0.0838502 0.2599018 0.2927763 0.2377590 0.2477268 0.6077270 0.0000000 0.3652458 0.1513362 0.1386511 0.2688456 0.2516641 0.1970364 0.1653316 0.3172114 0.2336502 0.1042403 0.1547147 0.2643032 0.2691576 0.0896958 0.0683959 0.1653988 0.0615903 0.3106037 0.0453752 0.1539687 0.2564143 0.1865902 0.0076435 0.3118940 0.5800178 0.1449667 0.2830987 0.1450063 0.1689237 0.3034680 0.0980020 0.2359978 0.2545261 0.1410894 0.2646536 0.2542983 0.3187784 0.1834460 0.2639389 0.3124564 0.2309499 0.0829650 0.3119180 0.3153955 0.2416846 0.1528793 0.2217868 0.0778600 0.3336110 0.3009964 0.1783619 0.6178933 0.7184476 0.3537523 0.2230490 0.3208593 0.0867448 0.3122440 0.2096284 0.2657371 0.2871045 0.1196955 0.2266910 0.2979740 0.3258877 0.2492441 0.2917113 0.0863532 
Perityle_bisetosa_9                        0.2617836 0.2811210 0.3030490 0.3753828 0.1928032 0.2487271 0.3566294 0.2445190 0.3323152 0.3288558 0.3646593 0.0444951 0.0247286 0.0383029 0.5999179 0.3652458 0.0000000 0.2908258 0.0279511 0.0112761 0.0135256 0.0271149 0.1186182 0.1142460 0.0180994 0.0348118 0.3694778 0.0915026 0.0781435 0.2632589 0.1465635 0.3822674 0.2724887 0.1162238 0.1788873 0.3246854 0.1780634 0.2535588 0.3642046 0.1109202 0.2630143 0.3121816 0.0655292 0.3176123 0.3330409 0.0233809 0.0661508 0.0289955 0.0559566 0.3173808 0.0630407 0.0458148 0.1178316 0.4050897 0.0081754 0.1045086 0.0327078 0.2314450 0.0946446 0.1093997 0.0385632 0.0957664 0.0665488 0.2697363 0.0507398 0.1083118 0.3995410 0.6652874 0.7645953 0.0026193 0.1007475 0.1163786 0.2066719 0.1132111 0.0245714 0.0492480 0.0276606 0.3396952 0.0378996 0.0725041 0.0374186 0.0251551 0.0838604 0.3304309 
Perityle_californica_76_positas            0.1431063 0.0978067 0.1350595 0.2386389 0.0801979 0.0852960 0.2392561 0.2067331 0.2947016 0.1299221 0.2338219 0.2896522 0.2641239 0.2681991 0.6438546 0.1513362 0.2908258 0.0000000 0.1610819 0.2628421 0.2230321 0.1946514 0.1548612 0.2707284 0.2458712 0.1089936 0.1495766 0.2689913 0.2804178 0.1371078 0.0545123 0.1226847 0.1283406 0.2658751 0.0638587 0.1201754 0.2516168 0.1325651 0.1590990 0.2687940 0.5513404 0.1136325 0.2718702 0.1222741 0.1400232 0.2721582 0.0752447 0.2469640 0.2631378 0.1239297 0.2741335 0.2789889 0.2645684 0.1476634 0.2470795 0.2897323 0.2290187 0.1012073 0.2758381 0.2762616 0.2618985 0.1664400 0.2264864 0.1065030 0.2744619 0.2865749 0.1448404 0.6203468 0.6927887 0.3118262 0.1960409 0.2736604 0.1017036 0.2770075 0.2046651 0.2683762 0.2840896 0.1725945 0.2240696 0.2745702 0.2763287 0.2437216 0.2748081 0.0887150 
Perityle_canescens_77                      0.1651158 0.1577595 0.1387036 0.1780654 0.1254429 0.1478325 0.1479366 0.1535230 0.2468407 0.1022356 0.1752240 0.0545256 0.0407231 0.0368016 0.5915214 0.1386511 0.0279511 0.1610819 0.0000000 0.0327766 0.0328578 0.0447204 0.0882540 0.0410754 0.0348589 0.0510981 0.1305326 0.0350513 0.0544513 0.1417173 0.1460391 0.1081564 0.1020212 0.0369673 0.0926598 0.1174267 0.1324525 0.0948036 0.1505515 0.0368284 0.2473418 0.1176945 0.0387674 0.1151673 0.1267294 0.0308059 0.0321929 0.0387674 0.0447204 0.1124833 0.0368016 0.0408835 0.0367962 0.1325469 0.0386544 0.0461199 0.0396500 0.1481083 0.0447204 0.0447993 0.0377487 0.0595958 0.0354371 0.1449773 0.0427117 0.0522515 0.1352530 0.5056250 0.5109912 0.0155656 0.0294167 0.0428679 0.1317163 0.0417836 0.0407726 0.0368795 0.0259534 0.1595558 0.0268881 0.0388105 0.0447377 0.0415417 0.0449235 0.1032237 
Perityle_castillonii_96                    0.2429488 0.2809096 0.2714410 0.2858907 0.1758060 0.2490570 0.2978311 0.2465093 0.3298190 0.2574765 0.3188718 0.0242023 0.0172960 0.0213526 0.6184658 0.2688456 0.0112761 0.2628421 0.0327766 0.0000000 0.0042193 0.0200479 0.1199262 0.0242136 0.0120959 0.0213975 0.2613555 0.0674714 0.0436325 0.2519671 0.1359914 0.2520184 0.2590552 0.0173368 0.1743022 0.1783305 0.1832132 0.1111699 0.2817330 0.0213988 0.2071550 0.1740301 0.0224812 0.1784582 0.1872920 0.0060387 0.0270965 0.0148883 0.0217234 0.1754663 0.0240925 0.0282301 0.0200517 0.2631182 0.0095369 0.0431707 0.0369329 0.2346082 0.0264791 0.0251777 0.0305164 0.0910505 0.0591658 0.2702002 0.0152377 0.0392798 0.2620454 0.6459913 0.6914989 0.0078295 0.0803671 0.0268274 0.1962106 0.0236653 0.0163438 0.0184884 0.0290000 0.2936005 0.0308986 0.0173855 0.0165280 0.0274615 0.0252249 0.2450113 
Perityle_cernua_84                         0.2376700 0.2790644 0.2411159 0.3057331 0.1682155 0.2454993 0.2677547 0.2465093 0.3507559 0.2341018 0.2976747 0.0301356 0.0142460 0.0258874 0.6250027 0.2516641 0.0135256 0.2230321 0.0328578 0.0042193 0.0000000 0.0222971 0.1199262 0.0495628 0.0096120 0.0219764 0.2594638 0.0293665 0.0527384 0.2085012 0.1427357 0.2647038 0.1924715 0.0548383 0.1726408 0.1902977 0.2036528 0.1516804 0.2616484 0.0552277 0.2340329 0.1802138 0.0523457 0.1861819 0.1996039 0.0096199 0.0534383 0.0142901 0.0411489 0.1874345 0.0369187 0.0332233 0.0553022 0.2646539 0.0084476 0.0853317 0.0352395 0.2326107 0.0593291 0.0599069 0.0291863 0.0910505 0.0406875 0.2681920 0.0181464 0.0754765 0.2634336 0.6463828 0.6471511 0.0052167 0.0753702 0.0519643 0.1949667 0.0587739 0.0161269 0.0347808 0.0265688 0.2869228 0.0293385 0.0596137 0.0193460 0.0274615 0.0600133 0.2278526 
Perityle_cfvillosa_25_tin                  0.2335151 0.2416046 0.2030725 0.2604385 0.1755584 0.2534381 0.2153992 0.2213477 0.3462106 0.1716209 0.2523275 0.0441561 0.0122953 0.0194929 0.6225068 0.1970364 0.0271149 0.1946514 0.0447204 0.0200479 0.0222971 0.0000000 0.1057816 0.0236013 0.0177810 0.0138892 0.1852922 0.0452912 0.0519204 0.1944817 0.1539089 0.2140110 0.1661626 0.0177639 0.1566705 0.1375900 0.2025466 0.1081006 0.2070411 0.0206733 0.2196468 0.1329824 0.0087713 0.1400945 0.1561903 0.0232071 0.0754834 0.0107385 0.0026613 0.1361337 0.0206797 0.0226501 0.0193296 0.1861817 0.0257442 0.0474489 0.0479472 0.2351797 0.0014111 0.0026658 0.0421088 0.0587396 0.0431875 0.2432039 0.0315847 0.0474568 0.1902805 0.6379582 0.6487954 0.0197339 0.0621083 0.0249224 0.1908970 0.0141764 0.0107165 0.0098178 0.0099729 0.2393277 0.0416151 0.0198640 0.0330021 0.0415314 0.0013332 0.1521223 
Perityle_cinerea_113_Powell1310            0.2028946 0.1475088 0.1681562 0.1737797 0.1099243 0.0810318 0.1331151 0.1204165 0.2531879 0.1258044 0.2063048 0.1346444 0.1354380 0.1316501 0.5377286 0.1653316 0.1186182 0.1548612 0.0882540 0.1199262 0.1199262 0.1057816 0.0000000 0.1332935 0.1350672 0.0379024 0.1503692 0.1350010 0.1629868 0.1498264 0.1103148 0.1195958 0.1253723 0.1288774 0.1256592 0.0726157 0.1790765 0.0608737 0.1775530 0.1316501 0.1382833 0.0746230 0.1317681 0.0765012 0.0850174 0.1199262 0.0123196 0.1365049 0.1278669 0.0705500 0.1316501 0.1370845 0.1277588 0.1463000 0.1280014 0.1681063 0.1055650 0.1141584 0.1239244 0.1282782 0.1417743 0.0670121 0.1224952 0.1338477 0.1312393 0.1547286 0.1503720 0.5307655 0.5413897 0.1382431 0.1248764 0.1434652 0.1421459 0.1261997 0.1278669 0.1317681 0.1026923 0.1844554 0.1356172 0.1400070 0.1312393 0.0929123 0.1282782 0.1232339 
Perityle_coahuilensis_24                   0.2407442 0.2878912 0.2683169 0.3354138 0.1599371 0.2562220 0.3159402 0.2645941 0.3697059 0.2807384 0.3080020 0.0546318 0.0159061 0.0035199 0.6205349 0.3172114 0.1142460 0.2707284 0.0410754 0.0242136 0.0495628 0.0236013 0.1332935 0.0000000 0.0130985 0.0260684 0.3063055 0.0678974 0.0523553 0.2527481 0.1508194 0.3706143 0.2465662 0.0154307 0.1755048 0.2255154 0.2120236 0.2092294 0.3053639 0.0068797 0.1462101 0.2427278 0.0168129 0.2637744 0.2974997 0.0540526 0.0729639 0.0177837 0.0399870 0.2596745 0.0053713 0.0246255 0.0144761 0.3228667 0.0209023 0.0450552 0.0449297 0.2432683 0.0215776 0.0254410 0.0386829 0.1069510 0.0660740 0.2742199 0.1078745 0.0497296 0.3079941 0.6337903 0.7354792 0.0108408 0.0757130 0.0014644 0.2052988 0.0209960 0.0174285 0.0119577 0.0300353 0.3184224 0.0373364 0.0171477 0.0776996 0.0386100 0.0214249 0.2830163 
Perityle_cochisensis_44_cave_creek         0.2404592 0.2880587 0.2508547 0.2650599 0.1733713 0.2495206 0.2551453 0.2515880 0.3355178 0.2193416 0.3095925 0.0245818 0.0089920 0.0103981 0.6159780 0.2336502 0.0180994 0.2458712 0.0348589 0.0120959 0.0096120 0.0177810 0.1350672 0.0130985 0.0000000 0.0223003 0.2360492 0.0640739 0.0420856 0.2443771 0.1418915 0.2256788 0.2216114 0.0077359 0.1792663 0.1565133 0.2076261 0.0972744 0.2444533 0.0117282 0.1889239 0.1515831 0.0102965 0.1566529 0.1692749 0.0116635 0.0355190 0.0116702 0.0170701 0.1552584 0.0130348 0.0183845 0.0091131 0.2374491 0.0169771 0.0424760 0.0405876 0.2346970 0.0154860 0.0142079 0.0319513 0.0959222 0.0579417 0.2662069 0.0167707 0.0365580 0.2381791 0.6501653 0.6663408 0.0078396 0.0835874 0.0156746 0.1992919 0.0121887 0.0099741 0.0064267 0.0241443 0.2766126 0.0297931 0.0105759 0.0180836 0.0274586 0.0142338 0.2133099 
Perityle_congesta_202                      0.1211295 0.1192261 0.1127348 0.1658418 0.0935503 0.0899849 0.1358747 0.1459348 0.2069345 0.0817024 0.1018730 0.0340203 0.0118623 0.0219462 0.6088045 0.1042403 0.0348118 0.1089936 0.0510981 0.0213975 0.0219764 0.0138892 0.0379024 0.0260684 0.0223003 0.0000000 0.0925507 0.0322772 0.0503414 0.1096375 0.1106983 0.0888377 0.0760893 0.0180171 0.0626999 0.0700911 0.0982373 0.0810646 0.1129830 0.0219255 0.3110099 0.0650719 0.0099520 0.0722825 0.0876167 0.0198993 0.0463422 0.0098810 0.0159002 0.0713914 0.0219462 0.0270508 0.0199330 0.0945189 0.0302466 0.0413298 0.0374046 0.1034640 0.0138892 0.0139143 0.0351652 0.0479291 0.0384539 0.0993703 0.0279979 0.0480695 0.0969569 0.4915051 0.4902310 0.0258200 0.0259494 0.0280435 0.1098508 0.0059086 0.0138761 0.0119190 0.0125654 0.1437739 0.0383980 0.0275634 0.0300561 0.0360601 0.0139534 0.0650054 
Perityle_cordifolia_27                     0.1173108 0.0827962 0.1507685 0.3118472 0.0674407 0.0697230 0.2490866 0.1812624 0.3091665 0.1348264 0.2779475 0.2874095 0.2518760 0.2568760 0.5889372 0.1547147 0.3694778 0.1495766 0.1305326 0.2613555 0.2594638 0.1852922 0.1503692 0.3063055 0.2360492 0.0925507 0.0000000 0.2584903 0.2635816 0.0762409 0.0762004 0.1778622 0.0696303 0.3068052 0.0141194 0.1837172 0.2414168 0.2061380 0.1625515 0.3119881 0.5672981 0.1788003 0.3034432 0.1851452 0.1977200 0.3145547 0.0729323 0.2372809 0.2606045 0.1880284 0.2770552 0.2672080 0.3102310 0.0064696 0.2437522 0.3249314 0.2087901 0.0217947 0.3320377 0.3218748 0.2442538 0.1577972 0.2234749 0.0066071 0.3305813 0.3140721 0.0075743 0.6028546 0.6615699 0.3206594 0.2059560 0.3101655 0.0772290 0.3267384 0.1979548 0.2794822 0.2714785 0.1381010 0.2162528 0.3157505 0.3322329 0.2256142 0.3029874 0.1200537 
Perityle_cordifolia_68_tecolote            0.2604428 0.2778345 0.2756648 0.3049193 0.1661539 0.2528237 0.3079546 0.2558398 0.3578455 0.2591688 0.3256584 0.0840243 0.0665598 0.0678939 0.6161121 0.2643032 0.0915026 0.2689913 0.0350513 0.0674714 0.0293665 0.0452912 0.1350010 0.0678974 0.0640739 0.0322772 0.2584903 0.0000000 0.0815787 0.2691600 0.1530106 0.3443401 0.2507663 0.0688064 0.1798216 0.1609971 0.2203551 0.1080158 0.2679535 0.0709278 0.2606331 0.1607302 0.0689875 0.1724197 0.1810196 0.0692520 0.0819441 0.0652217 0.0692353 0.1731027 0.0658545 0.0791633 0.0677678 0.2576874 0.0352649 0.0880640 0.0017203 0.2323270 0.0765905 0.0755916 0.0711981 0.1015369 0.0690850 0.2740347 0.0809404 0.0794986 0.2530177 0.6568333 0.7235128 0.0356631 0.0854073 0.0699932 0.2013168 0.0766476 0.0396075 0.0655984 0.0558228 0.3177757 0.0415762 0.0721292 0.0853123 0.0383615 0.0729063 0.2513423 
Perityle_coronopifolia_28_patagonia        0.2748108 0.3170855 0.2802290 0.3071926 0.1843479 0.2979371 0.3030627 0.2772391 0.3941214 0.2574334 0.3317271 0.0686344 0.0474223 0.0451700 0.6309098 0.2691576 0.0781435 0.2804178 0.0544513 0.0436325 0.0527384 0.0519204 0.1629868 0.0523553 0.0420856 0.0503414 0.2635816 0.0815787 0.0000000 0.2700970 0.1706866 0.3267542 0.2592521 0.0509573 0.2049583 0.1699414 0.2379510 0.1409617 0.2658313 0.0494906 0.2330705 0.1730269 0.0464541 0.1860598 0.1936364 0.0514746 0.0990149 0.0517729 0.0651129 0.1845577 0.0519584 0.0530363 0.0510724 0.2645178 0.0488926 0.0420414 0.0530305 0.2625076 0.0483242 0.0530560 0.0316776 0.0912493 0.0831834 0.2975229 0.0599716 0.0165932 0.2572078 0.6520031 0.7109806 0.0497608 0.1020982 0.0544546 0.2309955 0.0551249 0.0473143 0.0437436 0.0768828 0.3188608 0.0533790 0.0450882 0.0653248 0.0309251 0.0525682 0.2499789 
Perityle_crassifolia_70_ventanas           0.1397725 0.0985596 0.1556356 0.2353054 0.0734498 0.0664400 0.1839460 0.1799041 0.3150743 0.0095748 0.2321698 0.2622024 0.2492286 0.2493216 0.6137091 0.0896958 0.2632589 0.1371078 0.1417173 0.2519671 0.2085012 0.1944817 0.1498264 0.2527481 0.2443771 0.1096375 0.0762409 0.2691600 0.2700970 0.0000000 0.0805648 0.0859395 0.0112667 0.2486942 0.0070097 0.0948401 0.2503133 0.1013758 0.0982554 0.2477429 0.5049397 0.0877664 0.2462767 0.0930834 0.1069186 0.2403309 0.0850398 0.2440200 0.2408314 0.0928005 0.2516250 0.2588639 0.2425331 0.0760933 0.2513971 0.2622610 0.2217378 0.0746436 0.2522471 0.2516326 0.2522406 0.1622733 0.2314630 0.0719567 0.2513358 0.2637245 0.0763614 0.6173277 0.6411184 0.3306336 0.2188690 0.2571754 0.0190251 0.2519053 0.2132298 0.2441798 0.2684858 0.1143953 0.2268726 0.2544133 0.2515462 0.2436071 0.2502207 0.0060398 
Perityle_cuneata_34_cuneata_San_antonio    0.1359319 0.0656172 0.0785301 0.1673862 0.0623412 0.0734265 0.1291616 0.1543539 0.2520623 0.0482677 0.1102409 0.1595110 0.1547076 0.1500812 0.6261030 0.0683959 0.1465635 0.0545123 0.1460391 0.1359914 0.1427357 0.1539089 0.1103148 0.1508194 0.1418915 0.1106983 0.0762004 0.1530106 0.1706866 0.0805648 0.0000000 0.0796828 0.0404358 0.1469104 0.0322516 0.0852718 0.2014957 0.0970993 0.0736332 0.1501191 0.4393917 0.0832330 0.1408893 0.0839468 0.1053825 0.1419138 0.0597328 0.1504945 0.1560237 0.0848852 0.1500812 0.1519587 0.1461638 0.0741924 0.1562628 0.1547537 0.1617991 0.0664213 0.1517403 0.1541675 0.1613115 0.1383373 0.1415411 0.0698738 0.1437541 0.1681284 0.0743562 0.5742417 0.5767832 0.2073848 0.1458021 0.1542410 0.0774714 0.1562863 0.1562327 0.1473688 0.1977047 0.1057857 0.1586473 0.1477114 0.1438883 0.2269514 0.1524623 0.0185744 
Perityle_cuneata_4                         0.1170187 0.0675992 0.1173240 0.3291552 0.1201561 0.0409395 0.2548590 0.1844497 0.3287931 0.0880221 0.2851624 0.3497624 0.2618607 0.2757413 0.5720654 0.1653988 0.3822674 0.1226847 0.1081564 0.2520184 0.2647038 0.2140110 0.1195958 0.3706143 0.2256788 0.0888377 0.1778622 0.3443401 0.3267542 0.0859395 0.0796828 0.0000000 0.0577921 0.3737931 0.0147022 0.2152499 0.2401830 0.2229705 0.1281934 0.3439290 0.5557123 0.2129193 0.2878683 0.1843496 0.2291632 0.3431133 0.1535242 0.2659679 0.2717492 0.1852452 0.3177129 0.2427721 0.3793247 0.2330039 0.2278343 0.2919002 0.2008678 0.0444613 0.3140634 0.3591438 0.2412786 0.1451566 0.2011453 0.0479947 0.4202343 0.3345242 0.2294214 0.5923463 0.7548503 0.3251986 0.2631643 0.3742828 0.0808846 0.3647578 0.2308156 0.2828570 0.2672792 0.0925833 0.2466277 0.2846499 0.3848910 0.2305158 0.3432150 0.0648273 
Perityle_discoidea_81                      0.0879236 0.0700907 0.1189897 0.2439672 0.0375490 0.0449394 0.2053484 0.1670944 0.2611429 0.0013159 0.2070609 0.2752602 0.2301445 0.2469675 0.5471947 0.0615903 0.2724887 0.1283406 0.1020212 0.2590552 0.1924715 0.1661626 0.1253723 0.2465662 0.2216114 0.0760893 0.0696303 0.2507663 0.2592521 0.0112667 0.0404358 0.0577921 0.0000000 0.2392639 0.0035744 0.0770212 0.2450164 0.0825344 0.0688888 0.2437991 0.5156286 0.0712760 0.2468866 0.0735476 0.0856184 0.2503372 0.0408907 0.2212926 0.2358767 0.0746505 0.2493855 0.2506815 0.2398253 0.0680046 0.2180489 0.2534040 0.1874421 0.0443006 0.2526418 0.2512202 0.2274703 0.1355145 0.2100425 0.0479872 0.2617429 0.2522886 0.0682548 0.5500015 0.6444773 0.3181238 0.1905900 0.2512291 0.0047595 0.2515039 0.1868470 0.2433776 0.2481264 0.0868762 0.2016838 0.2418152 0.2635825 0.2093549 0.2497333 0.0028986 
Perityle_dissecta_201                      0.2499392 0.2834770 0.2677884 0.3264349 0.1612528 0.2518130 0.3129561 0.2493869 0.3553095 0.2805352 0.3382516 0.0484405 0.0096782 0.0106899 0.6209491 0.3106037 0.1162238 0.2658751 0.0369673 0.0173368 0.0548383 0.0177639 0.1288774 0.0154307 0.0077359 0.0180171 0.3068052 0.0688064 0.0509573 0.2486942 0.1469104 0.3737931 0.2392639 0.0000000 0.1776095 0.2439318 0.2172359 0.1967021 0.2963780 0.0147264 0.1597348 0.2604620 0.0141414 0.2569276 0.2819349 0.0578755 0.0727746 0.0116738 0.0347738 0.2541170 0.0130419 0.0126604 0.0157479 0.3279492 0.0170621 0.0475892 0.0407988 0.2367765 0.0189640 0.0208281 0.0328030 0.0959222 0.0579873 0.2661548 0.1076287 0.0473858 0.3206132 0.6453921 0.6859681 0.0131138 0.0775880 0.0181387 0.2015639 0.0206924 0.0118685 0.0070756 0.0267467 0.3187886 0.0314809 0.0142755 0.0801072 0.0309992 0.0186661 0.2844111 
Perityle_emoryi_47_punta_san_jose          0.0509408 0.0473801 0.0503944 0.1350373 0.0283752 0.0281165 0.1060497 0.1402275 0.2336033 0.0017869 0.1483683 0.1940595 0.1813916 0.1787778 0.5363750 0.0453752 0.1788873 0.0638587 0.0926598 0.1743022 0.1726408 0.1566705 0.1256592 0.1755048 0.1792663 0.0626999 0.0141194 0.1798216 0.2049583 0.0070097 0.0322516 0.0147022 0.0035744 0.1776095 0.0000000 0.0400770 0.2050455 0.0450818 0.0508506 0.1766300 0.4153126 0.0345549 0.1792682 0.0380323 0.0504705 0.1700030 0.0343653 0.1822120 0.1812956 0.0365880 0.1812043 0.1869984 0.1703256 0.0123162 0.2006171 0.1961409 0.1748687 0.0144435 0.1834196 0.1816303 0.1899492 0.1357884 0.1723287 0.0097453 0.1829574 0.2056768 0.0141168 0.5193439 0.5146010 0.2980156 0.1818567 0.1812425 0.0017619 0.1832884 0.1780301 0.1751163 0.2334903 0.0505325 0.1915715 0.1840090 0.1831480 0.2006058 0.1797851 0.0000010 
Perityle_feddemae_99                       0.1384959 0.0651830 0.1115249 0.3009374 0.0814583 0.0691223 0.2557859 0.1604797 0.3060442 0.1031891 0.2110519 0.1984196 0.1589984 0.1752141 0.6258872 0.1539687 0.3246854 0.1201754 0.1174267 0.1783305 0.1902977 0.1375900 0.0726157 0.2255154 0.1565133 0.0700911 0.1837172 0.1609971 0.1699414 0.0948401 0.0852718 0.2152499 0.0770212 0.2439318 0.0400770 0.0000000 0.1989764 0.1304038 0.1337770 0.2606660 0.5168988 0.0385764 0.2132054 0.0439097 0.0639435 0.2183697 0.0896000 0.1409958 0.1593685 0.0148334 0.1825492 0.1894481 0.2227685 0.2331621 0.1663503 0.2445031 0.1681482 0.0651739 0.2390534 0.2050247 0.1662931 0.1054261 0.1542940 0.0620386 0.2789858 0.2284593 0.2165562 0.5860754 0.7227073 0.2576117 0.1288695 0.2262071 0.0915352 0.2245823 0.1338231 0.1950269 0.2271799 0.1306784 0.1485158 0.2258163 0.2479007 0.2415040 0.1922683 0.1031824 
Perityle_fosteri_93                        0.3020314 0.2986630 0.3039161 0.2571307 0.2084798 0.2407802 0.2171397 0.2267276 0.3021249 0.2405854 0.3083501 0.2211437 0.2135095 0.2102598 0.4321972 0.2564143 0.1780634 0.2516168 0.1324525 0.1832132 0.2036528 0.2025466 0.1790765 0.2120236 0.2076261 0.0982373 0.2414168 0.2203551 0.2379510 0.2503133 0.2014957 0.2401830 0.2450164 0.2172359 0.2050455 0.1989764 0.0000000 0.1627867 0.2657170 0.2168792 0.4084437 0.2025480 0.2135095 0.2021358 0.2069988 0.2004374 0.0708449 0.2144299 0.2166949 0.1994742 0.2102598 0.2191956 0.2050060 0.2472265 0.2288659 0.2062896 0.1954458 0.2608509 0.2194963 0.2170973 0.2377981 0.1016024 0.2113490 0.2780471 0.2064451 0.2338950 0.2478688 0.6341236 0.6234360 0.2337793 0.2295656 0.2199598 0.2451023 0.2002071 0.2088182 0.2077701 0.2013903 0.2792283 0.2273790 0.1992967 0.2098132 0.2131836 0.2179875 0.2079751 
Perityle_gamon_221                         0.1104379 0.0765173 0.1094060 0.2926038 0.0878369 0.0612617 0.2149522 0.1287257 0.2459703 0.1543116 0.1747390 0.1646098 0.1079202 0.1293151 0.6036242 0.1865902 0.2535588 0.1325651 0.0948036 0.1111699 0.1516804 0.1081006 0.0608737 0.2092294 0.0972744 0.0810646 0.2061380 0.1080158 0.1409617 0.1013758 0.0970993 0.2229705 0.0825344 0.1967021 0.0450818 0.1304038 0.1627867 0.0000000 0.1875918 0.2115270 0.4997306 0.1301263 0.1647098 0.1382214 0.1080038 0.1821017 0.0985835 0.0998102 0.1253008 0.1369855 0.1483380 0.1233057 0.2043459 0.2264556 0.1112548 0.2029792 0.1136097 0.0737353 0.2184777 0.2079588 0.1101704 0.0833056 0.0993706 0.0740016 0.2219915 0.2023445 0.2269407 0.4967935 0.5701977 0.1503955 0.0960014 0.2106455 0.1032412 0.2157227 0.1060633 0.1549521 0.1381371 0.1800973 0.1079847 0.1799996 0.2173128 0.1543901 0.1738235 0.1586106 
Perityle_gentryi_8_san_francisco           0.1498634 0.1040035 0.1555135 0.3051005 0.0694757 0.0760081 0.2577352 0.2175428 0.3321164 0.0887412 0.2570133 0.2996304 0.2497576 0.2588875 0.6157491 0.0076435 0.3642046 0.1590990 0.1505515 0.2817330 0.2616484 0.2070411 0.1775530 0.3053639 0.2444533 0.1129830 0.1625515 0.2679535 0.2658313 0.0982554 0.0736332 0.1281934 0.0688888 0.2963780 0.0508506 0.1337770 0.2657170 0.1875918 0.0000000 0.3031898 0.5670454 0.1249103 0.2911569 0.1302610 0.1448665 0.3092239 0.0753972 0.2390453 0.2560043 0.1327291 0.2705002 0.2614445 0.3014095 0.1654448 0.2736980 0.3191138 0.2426262 0.0874117 0.3196367 0.3133040 0.2524946 0.1636505 0.2316415 0.0824201 0.3284343 0.3077146 0.1643655 0.6264334 0.6985779 0.3671794 0.2170762 0.3093230 0.0959380 0.3128982 0.2211463 0.2756370 0.2946348 0.1248343 0.2361326 0.3044531 0.3304296 0.2600418 0.2895897 0.0860120 
Perityle_gilensis_22_Superstition          0.2487675 0.2857822 0.2774671 0.3353463 0.1705336 0.2544615 0.3190814 0.2620745 0.3589350 0.2826663 0.3344172 0.0563289 0.0133785 0.0035123 0.6163195 0.3118940 0.1109202 0.2687940 0.0368284 0.0213988 0.0552277 0.0206733 0.1316501 0.0068797 0.0117282 0.0219255 0.3119881 0.0709278 0.0494906 0.2477429 0.1501191 0.3439290 0.2437991 0.0147264 0.1766300 0.2606660 0.2168792 0.2115270 0.3031898 0.0000000 0.1464087 0.2674627 0.0153366 0.2639994 0.2765765 0.0621633 0.0739009 0.0156927 0.0373364 0.2577265 0.0067229 0.0232483 0.0126586 0.3401094 0.0189840 0.0468322 0.0409918 0.2387182 0.0201004 0.0220034 0.0357802 0.1009392 0.0624351 0.2716008 0.1084113 0.0474773 0.3338560 0.6344754 0.6811095 0.0107108 0.0751651 0.0088280 0.2021380 0.0205825 0.0146265 0.0106449 0.0322064 0.3244701 0.0343866 0.0180893 0.0849067 0.0381306 0.0197701 0.2856218 
Perityle_gilensis_salensis_225             0.4934125 0.3860173 0.5444998 0.6146588 0.4346642 0.2660768 0.5591682 0.2620745 0.5732463 0.5344753 0.6033277 0.2306519 0.1794630 0.1674080 0.6703787 0.5800178 0.2630143 0.5513404 0.2473418 0.2071550 0.2340329 0.2196468 0.1382833 0.1462101 0.1889239 0.3110099 0.5672981 0.2606331 0.2330705 0.5049397 0.4393917 0.5557123 0.5156286 0.1597348 0.4153126 0.5168988 0.4084437 0.4997306 0.5670454 0.1464087 0.0000000 0.5278547 0.1723465 0.5439478 0.5163760 0.2483564 0.4255370 0.1917468 0.2079752 0.5234648 0.1649450 0.1914982 0.1555817 0.5868326 0.1460169 0.1948222 0.1833256 0.3307915 0.1653010 0.1632208 0.2200751 0.1009392 0.2625517 0.3223535 0.2627811 0.2146768 0.5794780 0.9176472 0.9399550 0.0080072 0.2959897 0.1482844 0.4599200 0.1721270 0.2127133 0.1720579 0.0296398 0.5772855 0.2363867 0.1628754 0.2521481 0.0351747 0.1689866 0.5093663 
Perityle_glaucescens_94                    0.1337049 0.0639089 0.1062229 0.2966846 0.0813799 0.0640904 0.2529210 0.1416714 0.3049926 0.0948600 0.2174754 0.1960446 0.1548826 0.1737247 0.6332870 0.1449667 0.3121816 0.1136325 0.1176945 0.1740301 0.1802138 0.1329824 0.0746230 0.2427278 0.1515831 0.0650719 0.1788003 0.1607302 0.1730269 0.0877664 0.0832330 0.2129193 0.0712760 0.2604620 0.0345549 0.0385764 0.2025480 0.1301263 0.1249103 0.2674627 0.5278547 0.0000000 0.2093924 0.0425222 0.0858489 0.2105423 0.0889422 0.1386269 0.1571579 0.0328145 0.1813187 0.1849151 0.2376702 0.2318264 0.1645993 0.2424239 0.1647260 0.0612658 0.2365291 0.2069923 0.1617205 0.1065127 0.1510275 0.0577368 0.2900161 0.2269240 0.2116332 0.5920718 0.7398375 0.2520027 0.1279873 0.2433864 0.0861830 0.2232609 0.1291699 0.1918998 0.2207413 0.1218663 0.1439303 0.2216158 0.2408611 0.2351674 0.1920102 0.0921434 
Perityle_gracilis_11                       0.2485844 0.2881692 0.2749750 0.3221849 0.1722504 0.2537538 0.3085490 0.2569435 0.3426697 0.2768467 0.3311397 0.0537224 0.0037716 0.0124563 0.6285882 0.2830987 0.0655292 0.2718702 0.0387674 0.0224812 0.0523457 0.0087713 0.1317681 0.0168129 0.0102965 0.0099520 0.3034432 0.0689875 0.0464541 0.2462767 0.1408893 0.2878683 0.2468866 0.0141414 0.1792682 0.2132054 0.2135095 0.1647098 0.2911569 0.0153366 0.1723465 0.2093924 0.0000000 0.2106116 0.2289193 0.0537693 0.0353419 0.0038354 0.0307254 0.2145169 0.0145412 0.0216537 0.0117579 0.3046918 0.0152769 0.0440180 0.0388168 0.2383634 0.0092770 0.0081238 0.0344771 0.1009392 0.0625674 0.2707861 0.0610119 0.0448012 0.3038067 0.6590401 0.7026515 0.0104793 0.0845818 0.0191658 0.1959783 0.0060545 0.0042159 0.0035878 0.0192311 0.3197991 0.0324813 0.0158206 0.0635132 0.0309927 0.0081371 0.2728417 
Perityle_harkerae_31                       0.1370864 0.0652052 0.1115957 0.2969782 0.0787697 0.0625026 0.2482725 0.1511567 0.2939835 0.0975066 0.2185582 0.2145278 0.1617667 0.1781988 0.6278721 0.1450063 0.3176123 0.1222741 0.1151673 0.1784582 0.1861819 0.1400945 0.0765012 0.2637744 0.1566529 0.0722825 0.1851452 0.1724197 0.1860598 0.0930834 0.0839468 0.1843496 0.0735476 0.2569276 0.0380323 0.0439097 0.2021358 0.1382214 0.1302610 0.2639994 0.5439478 0.0425222 0.2106116 0.0000000 0.0822228 0.2211855 0.0852552 0.1455056 0.1637359 0.0385180 0.1902825 0.1876480 0.2583657 0.2414863 0.1689240 0.2439758 0.1680958 0.0600223 0.2385852 0.2337776 0.1664389 0.1105619 0.1542541 0.0563674 0.3068587 0.2334045 0.2254972 0.5901931 0.6822765 0.2568668 0.1330165 0.2662652 0.0915749 0.2432408 0.1362979 0.1938265 0.2266245 0.1227741 0.1510995 0.2231399 0.2540520 0.2407719 0.2046789 0.0955019 
Perityle_hofmeisteria_4_nombre_de_dios     0.1507259 0.0782511 0.1208467 0.3184198 0.0980231 0.0726193 0.2491664 0.1610794 0.3222737 0.1180660 0.2204157 0.2170170 0.1779822 0.1920578 0.6330825 0.1689237 0.3330409 0.1400232 0.1267294 0.1872920 0.1996039 0.1561903 0.0850174 0.2974997 0.1692749 0.0876167 0.1977200 0.1810196 0.1936364 0.1069186 0.1053825 0.2291632 0.0856184 0.2819349 0.0504705 0.0639435 0.2069988 0.1080038 0.1448665 0.2765765 0.5163760 0.0858489 0.2289193 0.0822228 0.0000000 0.2375259 0.1113285 0.1614574 0.1813220 0.0555785 0.2032339 0.1978514 0.2443081 0.2471792 0.1857611 0.2584074 0.1785503 0.0758200 0.2576787 0.2258686 0.1789782 0.1169834 0.1630915 0.0791482 0.3094361 0.2456464 0.2330634 0.5621083 0.7118597 0.2643290 0.1478277 0.2803561 0.1091862 0.2463725 0.1561942 0.2141788 0.2365451 0.1364851 0.1558845 0.2423586 0.2690527 0.2431680 0.2134681 0.1174519 
