82
Amauria_brandeegeana_62                    0.0000000 0.1016860 0.0397433 0.2332268 0.1606486 0.0912215 0.1621914 0.1045448 0.1543946 0.0526173 0.0658421 0.0482655 0.0562099 0.0531989 0.1127171 0.0484718 0.0454598 0.1204452 0.1177090 0.1116121 0.0619275 0.0588486 0.1403792 0.0477111 0.0593066 0.0735511 0.1218874 0.0507744 0.0292295 0.1159604 0.0727491 0.1299653 0.0513712 0.0287887 0.1548464 0.1585166 0.1248752 0.0654813 0.0623970 0.0610786 0.1552527 0.0460283 0.1408057 0.0994417 0.0723497 0.0544110 0.0367078 0.0545124 0.1541655 0.1142133 0.0552652 0.0599185 0.1635218 0.0562052 0.0672924 0.0695574 0.0796734 0.0673689 0.0496903 0.1840958 0.0459081 0.0416548 0.1115139 0.0470828 0.0979365 0.1630496 0.0607715 0.0467622 0.1711654 0.0611231 0.0602594 0.0529369 0.0577934 0.0738296 0.0423477 0.0706172 0.0794766 0.0472440 0.0471186 0.0523147 0.0241562 0.0407667 
Amauria_carterae_99_mesa                   0.1016860 0.0000000 0.0796982 0.1752575 0.0833925 0.1120656 0.0895066 0.1250520 0.1149382 0.0881603 0.1123323 0.1077632 0.0888961 0.0800794 0.1151915 0.1126992 0.0904355 0.0680777 0.0818198 0.0899748 0.0891397 0.0808718 0.1018993 0.0907926 0.1100459 0.1122565 0.2515589 0.1082941 0.0913901 0.0851508 0.0772837 0.0938682 0.0880559 0.0681650 0.0925517 0.1197154 0.1160580 0.1158002 0.0846888 0.0845187 0.0934530 0.0827000 0.0925837 0.0900370 0.1231391 0.0959351 0.0741907 0.0907342 0.0931432 0.0846465 0.0988211 0.0800794 0.1095303 0.0951951 0.0936835 0.1221509 0.1159430 0.0846465 0.0904510 0.1134401 0.0521693 0.0904874 0.1051206 0.1077632 0.0978670 0.1023401 0.0813240 0.0930224 0.0987850 0.0805437 0.1280368 0.0723608 0.0893635 0.1031218 0.0800554 0.0941694 0.1025032 0.0904814 0.1041037 0.0992763 0.0748110 0.0797402 
Amauria_rotundifolia_SRR9119150            0.0397433 0.0796982 0.0000000 0.2129828 0.0830278 0.0674760 0.1454278 0.0857738 0.1187285 0.0134365 0.0508156 0.0507975 0.0436597 0.0411703 0.0449294 0.0623439 0.0345595 0.1153122 0.1016964 0.1057102 0.0465441 0.0384916 0.1447892 0.0387631 0.0641276 0.0733108 0.1382232 0.0283323 0.0166921 0.1146949 0.0672647 0.0549758 0.0476939 0.0173627 0.1401186 0.1405332 0.1217066 0.0810794 0.0424842 0.0419833 0.1426211 0.0274643 0.1274154 0.0922210 0.0578534 0.0364276 0.0228851 0.0413545 0.1362482 0.0390642 0.0277633 0.0410837 0.1147534 0.0338961 0.0534944 0.0492160 0.0728347 0.0436560 0.0397373 0.1549479 0.0152690 0.0210059 0.1144942 0.0439580 0.0883675 0.1034291 0.0389568 0.0237443 0.1293173 0.0425049 0.0433232 0.0351486 0.0397993 0.0540710 0.0272959 0.0527574 0.0733453 0.0223561 0.0455252 0.0355058 0.0186044 0.0323153 
Conoclinium_coelestinum_SRR9119114         0.2332268 0.1752575 0.2129828 0.0000000 0.4164024 0.1853983 0.1450123 0.1741530 0.1974163 0.2174616 0.3225012 0.2277387 0.2270072 0.2254655 0.2716323 0.2281271 0.2160722 0.2344201 0.1892292 0.2521170 0.2400361 0.2932317 0.2321196 0.2177255 0.2221920 0.2985352 0.3334585 0.2074813 0.2098850 0.2383629 0.3081356 0.3086953 0.2128747 0.2098663 0.2864013 0.2356836 0.2658361 0.2563969 0.2541386 0.2126272 0.2753565 0.2009473 0.2388730 0.3524200 0.2255737 0.2503919 0.2008878 0.2342250 0.2732554 0.3340579 0.2248444 0.2211235 0.2993053 0.2269415 0.2400634 0.2017405 0.2686463 0.2215875 0.2844316 0.3627527 0.1615979 0.2233139 0.2730598 0.2321368 0.2886673 0.3209606 0.2211081 0.2058971 0.4086330 0.2680356 0.2254210 0.2784425 0.2137642 0.2468452 0.2937252 0.2256721 0.2295894 0.1897381 0.2114407 0.1479095 0.2245296 0.1831866 
Eutetras_palmeri_63                        0.1606486 0.0833925 0.0830278 0.4164024 0.0000000 0.0196148 0.2671611 0.0662540 0.3218582 0.2246707 0.2472625 0.1573294 0.2248810 0.1068651 0.1423847 0.2317725 0.0819438 0.0667001 0.1243167 0.1243926 0.1036782 0.2730903 0.1228770 0.1810558 0.2338906 0.2765054 0.3594882 0.1078070 0.0496789 0.1708247 0.2665286 0.1953047 0.2111423 0.2691886 0.2441204 0.1612868 0.2155016 0.2407346 0.2420581 0.2357370 0.2696038 0.2214509 0.1727613 0.2979334 0.2268444 0.0990841 0.2102742 0.2222639 0.2717469 0.1932359 0.2233322 0.2275529 0.1967864 0.2289379 0.1747614 0.1306863 0.1344951 0.2321259 0.2622679 0.2483466 0.0474104 0.1988399 0.1308420 0.2146465 0.2585680 0.2365518 0.2179830 0.2081285 0.3129533 0.2503454 0.2611392 0.3085923 0.2260853 0.1913025 0.0977711 0.2149730 0.2535473 0.2242557 0.2167522 0.0554822 0.2183487 0.1893620 
Eutetras_pringlei_149_quer                 0.0912215 0.1120656 0.0674760 0.1853983 0.0196148 0.0000000 0.0650938 0.0767917 0.1197481 0.0719964 0.1000200 0.0678321 0.0885722 0.0888044 0.0615919 0.0716689 0.0731747 0.0288348 0.0649649 0.0952704 0.0709827 0.0893501 0.0558924 0.0868778 0.0707776 0.0911932 0.0892967 0.0810796 0.0487351 0.0850099 0.0732987 0.0564845 0.0640775 0.0167986 0.0645029 0.0695104 0.0763033 0.0792688 0.0946676 0.0915879 0.0589949 0.0793999 0.0612958 0.0978532 0.1064875 0.1131160 0.0634363 0.0899321 0.0610772 0.0864576 0.0828750 0.0888044 0.0632864 0.0854811 0.0740715 0.0971608 0.0845550 0.0865227 0.0901732 0.0945302 0.0841367 0.0651832 0.0758427 0.0684085 0.0852540 0.0648922 0.0732219 0.0798920 0.0811276 0.0891255 0.0974807 0.0637532 0.0891831 0.0976086 0.0534333 0.0833098 0.0795002 0.0844109 0.0682394 0.0751345 0.0610053 0.0549475 
Eutrochium_fistulosum_SRR9119106           0.1621914 0.0895066 0.1454278 0.1450123 0.2671611 0.0650938 0.0000000 0.0735860 0.1770124 0.1520771 0.1935699 0.1563948 0.1701476 0.1425294 0.1652096 0.1683852 0.1463504 0.1081774 0.1144969 0.1620390 0.1039219 0.1504697 0.1523976 0.1639355 0.1634279 0.1770310 0.1867301 0.1115058 0.0884528 0.1700243 0.1367375 0.2456269 0.1467858 0.1242599 0.1278090 0.1568288 0.1637053 0.1862153 0.1525918 0.1581325 0.1249333 0.1177202 0.1152816 0.1709909 0.1637719 0.1111970 0.1458801 0.1563054 0.1208672 0.2466861 0.1313248 0.1601815 0.2630113 0.1419688 0.1884847 0.1227234 0.1689294 0.1680023 0.1472932 0.2963921 0.1045950 0.1451373 0.1913803 0.1420795 0.1539019 0.2823146 0.1685317 0.1304250 0.3070584 0.1501349 0.1606017 0.1545452 0.1598716 0.1735923 0.1104700 0.1718987 0.1654476 0.1155943 0.1503275 0.0803766 0.1168588 0.1216700 
Galeana_pratensis_104_mex                  0.1045448 0.1250520 0.0857738 0.1741530 0.0662540 0.0767917 0.0735860 0.0000000 0.1079788 0.1013577 0.1125001 0.1065403 0.1098045 0.1042396 0.0825889 0.1178599 0.1032175 0.0648697 0.0852184 0.1168877 0.1130823 0.1048907 0.0816332 0.1021915 0.1070048 0.1183972 0.1366918 0.1120400 0.0944358 0.0977642 0.0956530 0.1007800 0.0970335 0.0952564 0.1142604 0.0923090 0.1269780 0.1305192 0.1074763 0.1035304 0.1085491 0.0916485 0.1111395 0.1139165 0.1128923 0.1290986 0.0824644 0.1082693 0.1122319 0.1046221 0.1101470 0.1042396 0.0959565 0.0969875 0.1099242 0.1246323 0.1280209 0.1020577 0.0969316 0.1245577 0.0893490 0.1053637 0.1209143 0.1009949 0.1124027 0.0946745 0.1009350 0.0957688 0.1348615 0.1046221 0.1177132 0.1126160 0.1105764 0.1285404 0.1098177 0.1115445 0.1052819 0.1059294 0.1041438 0.1002535 0.0679191 0.0972505 
Helianthus_annuus_SRR9119062               0.1543946 0.1149382 0.1187285 0.1974163 0.3218582 0.1197481 0.1770124 0.1079788 0.0000000 0.1728341 0.1701518 0.1489696 0.1809155 0.1277091 0.2256056 0.1826644 0.1351154 0.1240512 0.1098514 0.1569306 0.1082347 0.1673399 0.1498431 0.1801765 0.1798218 0.2002008 0.2192433 0.1236777 0.0897750 0.1707802 0.1673934 0.2786150 0.1578132 0.1555469 0.1913249 0.1838075 0.2195214 0.2069890 0.1723348 0.1731822 0.1887692 0.1568017 0.1787530 0.1769368 0.1807465 0.1645937 0.1653450 0.1837410 0.1864503 0.2404837 0.1620055 0.1696061 0.2259391 0.1681936 0.1901578 0.1419338 0.1786038 0.1760992 0.1739067 0.2836925 0.1528688 0.1717914 0.1374969 0.1647166 0.1790051 0.2592455 0.1706566 0.1658254 0.2861074 0.1670837 0.1859845 0.1905420 0.1835870 0.1747576 0.1097219 0.1806144 0.1733461 0.1596278 0.1675775 0.1081614 0.1419584 0.1386233 
Lycapsus_tenuifolius_17                    0.0526173 0.0881603 0.0134365 0.2174616 0.2246707 0.0719964 0.1520771 0.1013577 0.1728341 0.0000000 0.0636453 0.0523558 0.0578881 0.0404498 0.1273937 0.0709277 0.0436213 0.1267647 0.1042517 0.1040217 0.0419091 0.0686132 0.1536073 0.0538077 0.0887162 0.0978583 0.1361295 0.0194722 0.0082484 0.1260469 0.0869723 0.1278795 0.0618679 0.0115550 0.1713107 0.1630450 0.1387531 0.0911506 0.0582025 0.0531709 0.1826824 0.0485033 0.1606187 0.1098504 0.0648443 0.0414998 0.0507297 0.0684751 0.1738424 0.1358637 0.0584888 0.0559173 0.1518317 0.0449886 0.0632565 0.0635813 0.0868903 0.0561770 0.0670160 0.2295870 0.0683293 0.0489598 0.1379867 0.0734625 0.1069914 0.1777057 0.0656293 0.0518480 0.2906440 0.0673355 0.0435795 0.0722310 0.0592995 0.0733802 0.0320941 0.0686604 0.0859832 0.0496057 0.0563363 0.0309553 0.0403141 0.0141803 
Pericome_caudata_50_silver                 0.0658421 0.1123323 0.0508156 0.3225012 0.2472625 0.1000200 0.1935699 0.1125001 0.1701518 0.0636453 0.0000000 0.0848733 0.0783620 0.0519962 0.1372720 0.0804425 0.0687497 0.1442991 0.1172620 0.1288380 0.1535668 0.1052636 0.1535160 0.0927236 0.1350775 0.1369289 0.1825887 0.0715933 0.0477779 0.1722295 0.1301262 0.1574520 0.0766938 0.0461611 0.2194650 0.1571346 0.1688024 0.0973693 0.1090672 0.0711016 0.2198173 0.0548628 0.2166899 0.1586839 0.1004900 0.0676361 0.0746640 0.1190659 0.2194646 0.1231879 0.0608858 0.0686845 0.1910581 0.0614518 0.0678844 0.0733513 0.1235528 0.0624203 0.1162058 0.2258698 0.0436852 0.0495637 0.1422027 0.1131405 0.1330366 0.2087917 0.0645749 0.0298154 0.2475077 0.1080602 0.0692444 0.1199050 0.0960641 0.0774522 0.1240914 0.0738154 0.1474317 0.0588967 0.0747118 0.0668153 0.0861661 0.0896488 
Perityle_aglossa_84_dead_horse             0.0482655 0.1077632 0.0507975 0.2277387 0.1573294 0.0678321 0.1563948 0.1065403 0.1489696 0.0523558 0.0848733 0.0000000 0.0599252 0.0691138 0.0782401 0.0477205 0.0611144 0.1257903 0.1216487 0.1157128 0.0601599 0.0748328 0.1398691 0.0517940 0.0677109 0.0908436 0.1373219 0.0662750 0.0480492 0.1383044 0.0985781 0.1093231 0.0349704 0.0402991 0.1554835 0.1565850 0.1486143 0.0655840 0.0779739 0.0758051 0.1580674 0.0513991 0.1436534 0.1082331 0.0829751 0.0681191 0.0407267 0.0569411 0.1507487 0.1317274 0.0601305 0.0733076 0.1577819 0.0639740 0.0846668 0.0844841 0.0848652 0.0733169 0.0503212 0.1803902 0.0239552 0.0498815 0.1083469 0.0031437 0.1079690 0.1564483 0.0740979 0.0542549 0.1645089 0.0768709 0.0703472 0.0658946 0.0611159 0.0836448 0.0579269 0.0843565 0.0931950 0.0504858 0.0096302 0.0438411 0.0433339 0.0624340 
Perityle_ajoensis_204                      0.0562099 0.0888961 0.0436597 0.2270072 0.2248810 0.0885722 0.1701476 0.1098045 0.1809155 0.0578881 0.0783620 0.0599252 0.0000000 0.0252886 0.1336270 0.0764609 0.0534743 0.1348969 0.1190129 0.0672698 0.0347849 0.0273647 0.1426441 0.0019318 0.0863412 0.0914435 0.1334253 0.0558963 0.0562024 0.1274575 0.0878176 0.1554782 0.0730700 0.0485471 0.1686929 0.1588427 0.1394124 0.0944845 0.0309786 0.0276804 0.1699866 0.0056432 0.1619558 0.1114608 0.0547553 0.0652571 0.0018682 0.0018025 0.1669264 0.0999420 0.0274713 0.0263306 0.1720896 0.0429887 0.0816155 0.0771945 0.1159254 0.0247211 0.0027680 0.2210174 0.0558740 0.0519437 0.1343395 0.0536365 0.1062359 0.1945389 0.0694486 0.0531051 0.2082704 0.0291373 0.0716103 0.0048107 0.0062793 0.0862827 0.0000010 0.0743532 0.0854933 0.0035685 0.0548170 0.0592100 0.0138385 0.0529334 
Perityle_ambrosiifolia_67_green            0.0531989 0.0800794 0.0411703 0.2254655 0.1068651 0.0888044 0.1425294 0.1042396 0.1277091 0.0404498 0.0519962 0.0691138 0.0252886 0.0000000 0.0661246 0.0717279 0.0529945 0.1332127 0.1101349 0.0730573 0.0347849 0.0024324 0.1397292 0.0218199 0.0745577 0.0861746 0.1426944 0.0603300 0.0562024 0.1299148 0.0858712 0.0876027 0.0580311 0.0434778 0.1541435 0.1372360 0.1432388 0.0979942 0.0060763 0.0012360 0.1585117 0.0109297 0.1422667 0.1005801 0.0542244 0.0613844 0.0160250 0.0229776 0.1509322 0.0038166 0.0302480 0.0024235 0.1292133 0.0391584 0.0700124 0.0681509 0.1024110 0.0137249 0.0210142 0.1605791 0.0387591 0.0444340 0.1291451 0.0642671 0.1021625 0.1155988 0.0645655 0.0433534 0.1296590 0.0036427 0.0647916 0.0026765 0.0241887 0.0490183 0.0000010 0.0693245 0.0833813 0.0051021 0.0655396 0.0642781 0.0066622 0.0391504 
Perityle_angustifolia_13_Eagle_creek       0.1127171 0.1151915 0.0449294 0.2716323 0.1423847 0.0615919 0.1652096 0.0825889 0.2256056 0.1273937 0.1372720 0.0782401 0.1336270 0.0661246 0.0000000 0.1339445 0.0437714 0.0547669 0.1050367 0.0663104 0.0614206 0.1362613 0.0632836 0.1294557 0.1500577 0.1315900 0.1830668 0.0870173 0.0533661 0.1033980 0.1094186 0.1255771 0.1102996 0.1594066 0.1500821 0.0943241 0.1573878 0.1558510 0.1378578 0.1413170 0.1469250 0.1285052 0.1454582 0.1389960 0.1480534 0.0678574 0.1141767 0.1331549 0.1453345 0.1324906 0.1358785 0.1355693 0.1790781 0.1324007 0.1224196 0.0980452 0.1086837 0.1323680 0.1145019 0.0878932 0.0295433 0.1077165 0.1243914 0.1033156 0.1308261 0.1798937 0.1398999 0.1185536 0.2002921 0.1358653 0.1517064 0.1836121 0.1345573 0.1412425 0.0666344 0.1453890 0.1623887 0.1277634 0.1036026 0.0455829 0.0929947 0.1167207 
Perityle_batopilensis_97                   0.0484718 0.1126992 0.0623439 0.2281271 0.2317725 0.0716689 0.1683852 0.1178599 0.1826644 0.0709277 0.0804425 0.0477205 0.0764609 0.0717279 0.1339445 0.0000000 0.0743853 0.1264757 0.1260455 0.1460364 0.0673848 0.0705304 0.1421918 0.0741882 0.0445910 0.0925340 0.1214367 0.0880066 0.0505878 0.1410926 0.0898938 0.1555448 0.0380718 0.0423510 0.1620599 0.1627372 0.1424945 0.0262766 0.0724656 0.0711479 0.1567363 0.0606416 0.1566534 0.1146122 0.0829948 0.0883305 0.0556567 0.0723396 0.1529700 0.1600931 0.0781702 0.0731015 0.1555883 0.0754175 0.0830304 0.0990676 0.0632276 0.0698648 0.0668806 0.2441617 0.1035998 0.0632321 0.0771776 0.0406807 0.0976829 0.1826335 0.0810997 0.0638159 0.2626307 0.0714695 0.0767171 0.0593718 0.0772501 0.0916510 0.0665933 0.0894060 0.0868239 0.0595708 0.0404374 0.0677264 0.0388898 0.0519290 
Perityle_californica_76_positas            0.0454598 0.0904355 0.0345595 0.2160722 0.0819438 0.0731747 0.1463504 0.1032175 0.1351154 0.0436213 0.0687497 0.0611144 0.0534743 0.0529945 0.0437714 0.0743853 0.0000000 0.1228880 0.1110354 0.1018296 0.0450913 0.0517534 0.1487990 0.0483713 0.0740314 0.0727934 0.1132129 0.0384452 0.0286331 0.1106845 0.0679464 0.0766382 0.0574137 0.0171934 0.1534756 0.1435913 0.1322741 0.0876142 0.0560178 0.0542686 0.1532098 0.0274866 0.1391463 0.0978193 0.0652225 0.0386795 0.0318932 0.0510714 0.1484994 0.0532522 0.0363386 0.0530116 0.1170710 0.0425427 0.0620640 0.0487391 0.0738022 0.0547599 0.0479261 0.1347939 0.0243470 0.0304556 0.1209144 0.0569269 0.0848136 0.1077809 0.0594686 0.0368867 0.1473448 0.0530897 0.0437559 0.0390102 0.0507961 0.0726188 0.0358212 0.0732291 0.0899084 0.0278341 0.0584056 0.0498379 0.0278869 0.0374988 
Perityle_canescens_77                      0.1204452 0.0680777 0.1153122 0.2344201 0.0667001 0.0288348 0.1081774 0.0648697 0.1240512 0.1267647 0.1442991 0.1257903 0.1348969 0.1332127 0.0547669 0.1264757 0.1228880 0.0000000 0.1203930 0.1550637 0.0525675 0.1320183 0.0822829 0.1295199 0.1227465 0.1306313 0.1673022 0.1081124 0.0588869 0.1266028 0.1162358 0.1348111 0.1163962 0.0873000 0.0537592 0.0884935 0.0705399 0.1430205 0.1391276 0.1368670 0.0525500 0.1019622 0.0427947 0.1365030 0.1382551 0.0850468 0.1118496 0.1346890 0.0494107 0.1338956 0.1122675 0.1333808 0.1757886 0.1275142 0.1283254 0.0914604 0.1062588 0.1448326 0.1143451 0.1413488 0.0437666 0.1177880 0.1309959 0.1224690 0.1337108 0.1666657 0.1210878 0.1123774 0.2270800 0.1316267 0.1294002 0.1063985 0.1337671 0.1446811 0.0947974 0.1268876 0.1352253 0.0853368 0.1225512 0.0422786 0.0980592 0.1206508 
Perityle_cernua_84                         0.1177090 0.0818198 0.1016964 0.1892292 0.1243167 0.0649649 0.1144969 0.0852184 0.1098514 0.1042517 0.1172620 0.1216487 0.1190129 0.1101349 0.1050367 0.1260455 0.1110354 0.1203930 0.0000000 0.1271443 0.0483111 0.1084891 0.0814069 0.1148817 0.1162261 0.1301383 0.2102249 0.1164374 0.0699970 0.1090387 0.1254339 0.1424617 0.1158343 0.1041961 0.1389361 0.0877781 0.1425408 0.1453543 0.1172100 0.1020405 0.1359069 0.1046477 0.1236241 0.1528706 0.1233700 0.1465188 0.0924571 0.1146550 0.1337685 0.1146381 0.1185787 0.1064510 0.1764671 0.1079287 0.1223311 0.1200200 0.1570409 0.1158831 0.1026505 0.1426138 0.0602449 0.1077647 0.1779682 0.1179971 0.1481055 0.1682280 0.1107179 0.1016495 0.2164310 0.1083200 0.1155460 0.1216613 0.1161509 0.1163000 0.1208697 0.1169298 0.1176482 0.1076266 0.1165040 0.0489528 0.0857138 0.1029499 
Perityle_cfvillosa_25_tin                  0.1116121 0.0899748 0.1057102 0.2521170 0.1243926 0.0952704 0.1620390 0.1168877 0.1569306 0.1040217 0.1288380 0.1157128 0.0672698 0.0730573 0.0663104 0.1460364 0.1018296 0.1550637 0.1271443 0.0000000 0.0349129 0.0726251 0.1481133 0.0669336 0.1477316 0.1238074 0.1414831 0.0713773 0.0609656 0.1175247 0.0922164 0.1562371 0.1170602 0.0470996 0.1569819 0.1576528 0.1477110 0.1613761 0.0788023 0.0741909 0.1567046 0.0183537 0.1525418 0.1131130 0.1154126 0.0681775 0.0735909 0.0663915 0.1501486 0.0712070 0.0439153 0.0721322 0.2132927 0.0826257 0.1274480 0.0739930 0.1149535 0.0694352 0.0666988 0.1395655 0.0438616 0.1051725 0.1385996 0.1186973 0.0920924 0.1723093 0.1234580 0.0933285 0.2164635 0.0707586 0.1054333 0.0052791 0.0693091 0.1242321 0.0027997 0.1261060 0.1562596 0.0050549 0.1168682 0.0648380 0.0621830 0.1082150 
Perityle_cinerea_113_Powell1310            0.0619275 0.0891397 0.0465441 0.2400361 0.1036782 0.0709827 0.1039219 0.1130823 0.1082347 0.0419091 0.1535668 0.0601599 0.0347849 0.0347849 0.0614206 0.0673848 0.0450913 0.0525675 0.0483111 0.0349129 0.0000000 0.0830322 0.1127084 0.0761224 0.1148486 0.1097100 0.4267364 0.0600294 0.0606027 0.1206118 0.0938022 0.0515832 0.0620128 0.0595988 0.1315268 0.0815630 0.0850965 0.0814029 0.0871992 0.0397576 0.1217317 0.0354669 0.1210229 0.1151302 0.0578096 0.0617468 0.0343733 0.0791598 0.1212368 0.0350092 0.0553367 0.0347849 0.0657540 0.0248990 0.0600561 0.0757245 0.0622921 0.0347849 0.0787533 0.0922294 0.0334463 0.0406672 0.0657540 0.0962624 0.1090792 0.0620046 0.0611153 0.0670076 0.0640632 0.0830322 0.0653662 0.0635930 0.0528811 0.0652149 0.0409843 0.0659156 0.1003311 0.0354792 0.0605522 0.0443192 0.0631162 0.0981070 
Perityle_coahuilensis_24                   0.0588486 0.0808718 0.0384916 0.2932317 0.2730903 0.0893501 0.1504697 0.1048907 0.1673399 0.0686132 0.1052636 0.0748328 0.0273647 0.0024324 0.1362613 0.0705304 0.0517534 0.1320183 0.1084891 0.0726251 0.0830322 0.0000000 0.1529733 0.0304169 0.0802886 0.1036706 0.1124040 0.0578816 0.0567027 0.1539289 0.0868758 0.1527699 0.0639943 0.0463626 0.1823111 0.1550986 0.1382191 0.0932237 0.0043942 0.0008565 0.2188727 0.0077330 0.1638002 0.1607452 0.0508517 0.0635313 0.0211442 0.0311778 0.2043315 0.0906853 0.0261350 0.0060144 0.1679438 0.0400485 0.0762205 0.0742583 0.1183594 0.0125095 0.0268705 0.2404150 0.0804411 0.0516049 0.1299007 0.0677304 0.1082274 0.1889841 0.0683070 0.0487625 0.2452748 0.0032783 0.0680366 0.0361606 0.0300875 0.0624332 0.0350999 0.0730652 0.0827530 0.0067868 0.0657718 0.0723840 0.0252153 0.0491776 
Perityle_cochisensis_44_cave_creek         0.1403792 0.1018993 0.1447892 0.2321196 0.1228770 0.0558924 0.1523976 0.0816332 0.1498431 0.1536073 0.1535160 0.1398691 0.1426441 0.1397292 0.0632836 0.1421918 0.1487990 0.0822829 0.0814069 0.1481133 0.1127084 0.1529733 0.0000000 0.1327733 0.1792076 0.1660886 0.1814966 0.1076043 0.0566204 0.1689888 0.1336915 0.1589240 0.1369299 0.0734316 0.1399207 0.0106773 0.1627687 0.1548747 0.1537870 0.1443624 0.1370932 0.0657601 0.1289004 0.1632188 0.1714764 0.0838331 0.1341417 0.1509978 0.1323699 0.1576590 0.0941156 0.1394416 0.2070417 0.0992486 0.1481209 0.0914244 0.1175138 0.1509735 0.1292300 0.1822067 0.0518462 0.1096776 0.1475494 0.1458133 0.1603380 0.1761610 0.1408446 0.1034126 0.2583406 0.1510519 0.1088711 0.1109098 0.1525562 0.1542884 0.1009462 0.1518683 0.1643420 0.0768170 0.1359752 0.0801489 0.1093059 0.1551897 
Perityle_congesta_202                      0.0477111 0.0907926 0.0387631 0.2177255 0.1810558 0.0868778 0.1639355 0.1021915 0.1801765 0.0538077 0.0927236 0.0517940 0.0019318 0.0218199 0.1294557 0.0741882 0.0483713 0.1295199 0.1148817 0.0669336 0.0761224 0.0304169 0.1327733 0.0000000 0.0795750 0.0879670 0.1266060 0.0489965 0.0529465 0.1474352 0.0829822 0.1456065 0.0697684 0.0473461 0.1555318 0.1374153 0.1336455 0.0891301 0.0322054 0.0269488 0.1583333 0.0049162 0.1432012 0.1072709 0.0515143 0.0638886 0.0000010 0.0000010 0.1551239 0.0853368 0.0254604 0.0253219 0.1630732 0.0387428 0.0711318 0.0673718 0.1144199 0.0235863 0.0000010 0.1964599 0.0381430 0.0466522 0.1335664 0.0501407 0.1030848 0.1839628 0.0632784 0.0483917 0.1572684 0.0322025 0.0701480 0.0246310 0.0046764 0.0782546 0.0288371 0.0690556 0.0816910 0.0026470 0.0523154 0.0632733 0.0116765 0.0498824 
Perityle_cordifolia_27                     0.0593066 0.1100459 0.0641276 0.2221920 0.2338906 0.0707776 0.1634279 0.1070048 0.1798218 0.0887162 0.1350775 0.0677109 0.0863412 0.0745577 0.1500577 0.0445910 0.0740314 0.1227465 0.1162261 0.1477316 0.1148486 0.0802886 0.1792076 0.0795750 0.0000000 0.1092661 0.1203097 0.0820394 0.0615603 0.1918326 0.0993048 0.1679072 0.0606298 0.0367948 0.1715178 0.1775344 0.1372611 0.0656418 0.0828741 0.0833827 0.1750308 0.0692098 0.1595090 0.1184687 0.0886366 0.1025054 0.0658286 0.0737025 0.1636457 0.1636322 0.0823104 0.0827339 0.1305506 0.0828618 0.0898912 0.0952890 0.0691184 0.0859885 0.0698320 0.2783342 0.1059624 0.0645898 0.0844038 0.0609474 0.1092393 0.1569032 0.0837410 0.0621122 0.2583594 0.0808376 0.0858176 0.0960636 0.0818582 0.0961677 0.1045868 0.0946807 0.0942664 0.0722995 0.0595153 0.0959956 0.0540095 0.0553398 
Perityle_cordifolia_68_tecolote            0.0735511 0.1122565 0.0733108 0.2985352 0.2765054 0.0911932 0.1770310 0.1183972 0.2002008 0.0978583 0.1369289 0.0908436 0.0914435 0.0861746 0.1315900 0.0925340 0.0727934 0.1306313 0.1301383 0.1238074 0.1097100 0.1036706 0.1660886 0.0879670 0.1092661 0.0000000 0.0695188 0.0675781 0.0515705 0.1760663 0.1046860 0.1633142 0.0872845 0.0622899 0.1926780 0.1656863 0.1477374 0.1104621 0.0977799 0.0949318 0.2148715 0.0705068 0.1693420 0.1462388 0.0952752 0.0397297 0.0752184 0.0906803 0.2039434 0.1716376 0.0791751 0.0948807 0.1899000 0.0778167 0.0569054 0.0153468 0.1250851 0.0970835 0.0898988 0.2156027 0.0891888 0.0621135 0.1366026 0.0931373 0.0731282 0.2053238 0.0805303 0.0618697 0.2748907 0.1030324 0.0878902 0.1175351 0.0895434 0.1007181 0.0850318 0.0954756 0.1182672 0.0708290 0.0809262 0.0468203 0.0677697 0.0734073 
Perityle_coronopifolia_28_patagonia        0.1218874 0.2515589 0.1382232 0.3334585 0.3594882 0.0892967 0.1867301 0.1366918 0.2192433 0.1361295 0.1825887 0.1373219 0.1334253 0.1426944 0.1830668 0.1214367 0.1132129 0.1673022 0.2102249 0.1414831 0.4267364 0.1124040 0.1814966 0.1266060 0.1203097 0.0695188 0.0000000 0.1153285 0.1348236 0.1804791 0.0817222 0.3019729 0.1187885 0.0841519 0.2129697 0.1942564 0.1516410 0.1485682 0.1270315 0.1261607 0.2381350 0.0900275 0.1954165 0.1476528 0.1141288 0.0508301 0.1039832 0.1143494 0.2319311 0.2818657 0.1146566 0.1265944 0.3659742 0.1205700 0.0949816 0.0231731 0.2037458 0.1303357 0.1120883 0.2588545 0.3812987 0.1192914 0.2673785 0.1079872 0.0436909 0.3798607 0.1317205 0.0979611 0.4041593 0.1209622 0.1389579 0.1368638 0.1246675 0.1403865 0.1360312 0.1378225 0.1267579 0.0836543 0.1141645 0.3458148 0.0871195 0.0935435 
Perityle_crassifolia_70_ventanas           0.0507744 0.1082941 0.0283323 0.2074813 0.1078070 0.0810796 0.1115058 0.1120400 0.1236777 0.0194722 0.0715933 0.0662750 0.0558963 0.0603300 0.0870173 0.0880066 0.0384452 0.1081124 0.1164374 0.0713773 0.0600294 0.0578816 0.1076043 0.0489965 0.0820394 0.0675781 0.1153285 0.0000000 0.0314256 0.0534217 0.0732080 0.0831443 0.0606510 0.0150529 0.1340208 0.1223009 0.1148187 0.1035368 0.0627723 0.0573162 0.1366514 0.0516004 0.1223127 0.0951510 0.0662250 0.0576809 0.0321562 0.0532497 0.1279021 0.0855018 0.0543980 0.0577088 0.1465891 0.0529089 0.0692917 0.0703620 0.0940474 0.0613869 0.0465971 0.0788579 0.0388695 0.0453477 0.1474434 0.0633102 0.0913547 0.1367465 0.0607721 0.0525152 0.1431730 0.0577200 0.0486843 0.0643851 0.0544773 0.0815501 0.0641048 0.0648692 0.1010777 0.0488497 0.0615871 0.0491278 0.0313994 0.0130483 
Perityle_crassifolia_74_playa_balandra     0.0292295 0.0913901 0.0166921 0.2098850 0.0496789 0.0487351 0.0884528 0.0944358 0.0897750 0.0082484 0.0477779 0.0480492 0.0562024 0.0562024 0.0533661 0.0505878 0.0286331 0.0588869 0.0699970 0.0609656 0.0606027 0.0567027 0.0566204 0.0529465 0.0615603 0.0515705 0.1348236 0.0314256 0.0000000 0.0367529 0.0205892 0.0329920 0.0532708 0.0185954 0.0829318 0.0644587 0.0566047 0.0700967 0.0606212 0.0602213 0.0755186 0.0488564 0.0745329 0.0563201 0.0643917 0.0412508 0.0293606 0.0569728 0.0749715 0.0564956 0.0478969 0.0562024 0.0815273 0.0527461 0.0475642 0.0641318 0.0588142 0.0562024 0.0451197 0.0395652 0.0253351 0.0326420 0.0818358 0.0483999 0.0514310 0.0784785 0.0411864 0.0451601 0.1141801 0.0564956 0.0115806 0.0635734 0.0567637 0.0602349 0.0567888 0.0493057 0.0686393 0.0446544 0.0445258 0.0331206 0.0255796 0.0199214 
Perityle_cuneata_34_cuneata_San_antonio    0.1159604 0.0851508 0.1146949 0.2383629 0.1708247 0.0850099 0.1700243 0.0977642 0.1707802 0.1260469 0.1722295 0.1383044 0.1274575 0.1299148 0.1033980 0.1410926 0.1106845 0.1266028 0.1090387 0.1175247 0.1206118 0.1539289 0.1689888 0.1474352 0.1918326 0.1760663 0.1804791 0.0534217 0.0367529 0.0000000 0.0945170 0.1593935 0.1312404 0.0310965 0.1883325 0.1574466 0.1792950 0.1417303 0.1597273 0.1340344 0.1907403 0.0450692 0.1796728 0.1398700 0.1703908 0.0631231 0.1347494 0.1557891 0.1881414 0.1811265 0.0604947 0.1349813 0.2191588 0.0787123 0.1268310 0.0652486 0.1103749 0.1222639 0.1552339 0.2135824 0.0345429 0.0847315 0.1288955 0.1555099 0.1413944 0.1968072 0.1031022 0.0789342 0.2728619 0.1533563 0.0807691 0.0894745 0.1494106 0.1323880 0.0924869 0.1395706 0.2013443 0.0398726 0.1348482 0.0675615 0.1377949 0.1468338 
Perityle_cuneata_4                         0.0727491 0.0772837 0.0672647 0.3081356 0.2665286 0.0732987 0.1367375 0.0956530 0.1673934 0.0869723 0.1301262 0.0985781 0.0878176 0.0858712 0.1094186 0.0898938 0.0679464 0.1162358 0.1254339 0.0922164 0.0938022 0.0868758 0.1336915 0.0829822 0.0993048 0.1046860 0.0817222 0.0732080 0.0205892 0.0945170 0.0000000 0.1913624 0.0895260 0.0340866 0.1610389 0.1489880 0.1121664 0.1217690 0.0965906 0.0859484 0.1710637 0.0530772 0.1400017 0.0829689 0.0911518 0.0428862 0.0676685 0.0823938 0.1715797 0.1736985 0.0712548 0.0819458 0.2186918 0.0839940 0.1048117 0.0520217 0.1083745 0.0841481 0.0864816 0.2146785 0.0377391 0.0892257 0.1089320 0.0856827 0.0897225 0.2397770 0.0944328 0.0771793 0.2597703 0.0883037 0.0942577 0.0784578 0.0873560 0.1012190 0.0567331 0.1003484 0.1059069 0.0375166 0.0925383 0.0486944 0.0652254 0.0651839 
Perityle_discoidea_81                      0.1299653 0.0938682 0.0549758 0.3086953 0.1953047 0.0564845 0.2456269 0.1007800 0.2786150 0.1278795 0.1574520 0.1093231 0.1554782 0.0876027 0.1255771 0.1555448 0.0766382 0.1348111 0.1424617 0.1562371 0.0515832 0.1527699 0.1589240 0.1456065 0.1679072 0.1633142 0.3019729 0.0831443 0.0329920 0.1593935 0.1913624 0.0000000 0.1388987 0.1958778 0.2345446 0.2050952 0.2211509 0.1664713 0.1569642 0.1533883 0.2341376 0.1611223 0.1962667 0.2199447 0.1660490 0.1106388 0.1305246 0.1500279 0.2359424 0.1267350 0.1545847 0.1530335 0.1611811 0.1596997 0.1374342 0.1109423 0.1078592 0.1600768 0.1457724 0.2343112 0.0624515 0.1258769 0.1629052 0.1441394 0.2192550 0.2033691 0.1573243 0.1428783 0.2209534 0.1540448 0.1753250 0.2247419 0.1547667 0.1269731 0.0785434 0.1628727 0.1598759 0.1705097 0.1414244 0.0361184 0.1207211 0.1193627 
Perityle_dissecta_201                      0.0513712 0.0880559 0.0476939 0.2128747 0.2111423 0.0640775 0.1467858 0.0970335 0.1578132 0.0618679 0.0766938 0.0349704 0.0730700 0.0580311 0.1102996 0.0380718 0.0574137 0.1163962 0.1158343 0.1170602 0.0620128 0.0639943 0.1369299 0.0697684 0.0606298 0.0872845 0.1187885 0.0606510 0.0532708 0.1312404 0.0895260 0.1388987 0.0000000 0.0486645 0.1540554 0.1479930 0.1370453 0.0584358 0.0673567 0.0673476 0.1485283 0.0472262 0.1441261 0.1080818 0.0807693 0.0648080 0.0513589 0.0669033 0.1427842 0.1482986 0.0504984 0.0687939 0.1495097 0.0623417 0.0753916 0.0806172 0.0807569 0.0619198 0.0603936 0.2238973 0.0587139 0.0502451 0.1028260 0.0297482 0.0991687 0.1680744 0.0672420 0.0504273 0.2731489 0.0648113 0.0704612 0.0629059 0.0706926 0.0748889 0.0649124 0.0857229 0.0925210 0.0496254 0.0255760 0.0404536 0.0405846 0.0569370 
Perityle_emoryi_47_punta_san_jose          0.0287887 0.0681650 0.0173627 0.2098663 0.2691886 0.0167986 0.1242599 0.0952564 0.1555469 0.0115550 0.0461611 0.0402991 0.0485471 0.0434778 0.1594066 0.0423510 0.0171934 0.0873000 0.1041961 0.0470996 0.0595988 0.0463626 0.0734316 0.0473461 0.0367948 0.0622899 0.0841519 0.0150529 0.0185954 0.0310965 0.0340866 0.1958778 0.0486645 0.0000000 0.1244926 0.1271192 0.0656070 0.0601869 0.0503357 0.0455050 0.1198522 0.0406392 0.1243200 0.0597302 0.0500419 0.0348414 0.0319807 0.0486491 0.1165946 0.2090261 0.0461030 0.0481815 0.2442923 0.0328929 0.0399735 0.0679998 0.0918347 0.0474301 0.0416162 0.1989319 0.0369346 0.0299775 0.1427447 0.0429168 0.0726841 0.2853028 0.0457795 0.0451063 0.3848398 0.0462879 0.0273948 0.0443148 0.0523558 0.0678680 0.0455191 0.0471240 0.0633020 0.0427244 0.0406558 0.0387012 0.0146035 0.0000010 
Perityle_feddemae_99                       0.1548464 0.0925517 0.1401186 0.2864013 0.2441204 0.0645029 0.1278090 0.1142604 0.1913249 0.1713107 0.2194650 0.1554835 0.1686929 0.1541435 0.1500821 0.1620599 0.1534756 0.0537592 0.1389361 0.1569819 0.1315268 0.1823111 0.1399207 0.1555318 0.1715178 0.1926780 0.2129697 0.1340208 0.0829318 0.1883325 0.1610389 0.2345446 0.1540554 0.1244926 0.0000000 0.1353513 0.0977052 0.1793237 0.1794916 0.1735170 0.0100093 0.1319278 0.0094518 0.1868692 0.1613229 0.1163385 0.1465118 0.1732702 0.0091673 0.2210096 0.1407200 0.1693882 0.2359838 0.1518314 0.1742033 0.1047881 0.1373051 0.1775896 0.1745511 0.2744098 0.1017318 0.1532817 0.1369807 0.1648285 0.1784350 0.2467161 0.1680363 0.1499875 0.3238358 0.1779146 0.1677568 0.1727116 0.1654401 0.1686318 0.1216748 0.1752336 0.1682990 0.1249164 0.1579297 0.0693955 0.1334416 0.1428348 
Perityle_fosteri_93                        0.1585166 0.1197154 0.1405332 0.2356836 0.1612868 0.0695104 0.1568288 0.0923090 0.1838075 0.1630450 0.1571346 0.1565850 0.1588427 0.1372360 0.0943241 0.1627372 0.1435913 0.0884935 0.0877781 0.1576528 0.0815630 0.1550986 0.0106773 0.1374153 0.1775344 0.1656863 0.1942564 0.1223009 0.0644587 0.1574466 0.1489880 0.2050952 0.1479930 0.1271192 0.1353513 0.0000000 0.1723717 0.1808701 0.1558864 0.1579250 0.1311460 0.0943122 0.1243626 0.1801122 0.1746712 0.1004023 0.1414910 0.1565521 0.1295768 0.1963870 0.1240002 0.1529396 0.2483980 0.1246089 0.1655488 0.1072897 0.1393691 0.1628779 0.1326314 0.2056632 0.0673953 0.1427109 0.1663280 0.1539931 0.1773280 0.2312054 0.1638171 0.1235477 0.2697439 0.1546711 0.1376629 0.1292315 0.1626856 0.1712126 0.0858866 0.1693290 0.1664613 0.1099244 0.1554941 0.0821403 0.1030247 0.1570670 
Perityle_gamon_221                         0.1248752 0.1160580 0.1217066 0.2658361 0.2155016 0.0763033 0.1637053 0.1269780 0.2195214 0.1387531 0.1688024 0.1486143 0.1394124 0.1432388 0.1573878 0.1424945 0.1322741 0.0705399 0.1425408 0.1477110 0.0850965 0.1382191 0.1627687 0.1336455 0.1372611 0.1477374 0.1516410 0.1148187 0.0566047 0.1792950 0.1121664 0.2211509 0.1370453 0.0656070 0.0977052 0.1723717 0.0000000 0.1576935 0.1428423 0.1436155 0.0979406 0.1009495 0.0841727 0.1262755 0.1388169 0.1057945 0.1254977 0.1375301 0.0929185 0.2191617 0.1123509 0.1427763 0.2578311 0.1230440 0.1556835 0.1126367 0.1338328 0.1465918 0.1312262 0.2379833 0.1236901 0.1087562 0.1697830 0.1337217 0.1382620 0.2650128 0.1276235 0.1181897 0.2969106 0.1379526 0.1326128 0.0968307 0.1397934 0.1578414 0.0810687 0.1344028 0.1272050 0.0944087 0.1384278 0.0793782 0.1037670 0.1183977 
Perityle_gentryi_8_san_francisco           0.0654813 0.1158002 0.0810794 0.2563969 0.2407346 0.0792688 0.1862153 0.1305192 0.2069890 0.0911506 0.0973693 0.0655840 0.0944845 0.0979942 0.1558510 0.0262766 0.0876142 0.1430205 0.1453543 0.1613761 0.0814029 0.0932237 0.1548747 0.0891301 0.0656418 0.1104621 0.1485682 0.1035368 0.0700967 0.1417303 0.1217690 0.1664713 0.0584358 0.0601869 0.1793237 0.1808701 0.1576935 0.0000000 0.0963790 0.0945352 0.1782229 0.0795136 0.1694320 0.1354085 0.1046087 0.0979166 0.0723870 0.0896799 0.1737148 0.1741999 0.0946227 0.0940743 0.1758370 0.0962030 0.0980073 0.1129381 0.0865930 0.0980872 0.0839288 0.2364665 0.0886281 0.0848582 0.1012939 0.0581245 0.1322753 0.1970216 0.0971293 0.0818247 0.2846915 0.0941621 0.0988989 0.0820984 0.0967211 0.1160552 0.0929121 0.1048802 0.1103845 0.0845049 0.0578149 0.0773823 0.0603023 0.0708936 
Perityle_gilensis_22_Superstition          0.0623970 0.0846888 0.0424842 0.2541386 0.2420581 0.0946676 0.1525918 0.1074763 0.1723348 0.0582025 0.1090672 0.0779739 0.0309786 0.0060763 0.1378578 0.0724656 0.0560178 0.1391276 0.1172100 0.0788023 0.0871992 0.0043942 0.1537870 0.0322054 0.0828741 0.0977799 0.1270315 0.0627723 0.0606212 0.1597273 0.0965906 0.1569642 0.0673567 0.0503357 0.1794916 0.1558864 0.1428423 0.0963790 0.0000000 0.0017073 0.1707769 0.0121704 0.1709980 0.1173987 0.0515889 0.0680887 0.0233397 0.0337663 0.1703599 0.0940671 0.0305342 0.0068588 0.1755370 0.0422081 0.0795801 0.0791138 0.1237344 0.0153879 0.0312630 0.2490067 0.0842392 0.0549332 0.1379554 0.0681324 0.1035873 0.1951794 0.0705770 0.0508340 0.2158290 0.0058440 0.0678643 0.0412458 0.0318131 0.0646504 0.0429023 0.0760469 0.0821122 0.0113384 0.0683947 0.0765524 0.0249014 0.0480706 
Perityle_gilensis_salensis_225             0.0610786 0.0845187 0.0419833 0.2126272 0.2357370 0.0915879 0.1581325 0.1035304 0.1731822 0.0531709 0.0711016 0.0758051 0.0276804 0.0012360 0.1413170 0.0711479 0.0542686 0.1368670 0.1020405 0.0741909 0.0397576 0.0008565 0.1443624 0.0269488 0.0833827 0.0949318 0.1261607 0.0573162 0.0602213 0.1340344 0.0859484 0.1533883 0.0673476 0.0455050 0.1735170 0.1579250 0.1436155 0.0945352 0.0017073 0.0000000 0.1703973 0.0078637 0.1640694 0.1110161 0.0517800 0.0678005 0.0204203 0.0261501 0.1660788 0.0920733 0.0254390 0.0034889 0.1632175 0.0406783 0.0785933 0.0760141 0.1170316 0.0116950 0.0229777 0.2301014 0.0815197 0.0542605 0.1161386 0.0649685 0.1014649 0.1826399 0.0702535 0.0518765 0.2091730 0.0017092 0.0677316 0.0062544 0.0304920 0.0621616 0.0029227 0.0758152 0.0834368 0.0070344 0.0675039 0.0692335 0.0132484 0.0455838 
Perityle_glaucescens_94                    0.1552527 0.0934530 0.1426211 0.2753565 0.2696038 0.0589949 0.1249333 0.1085491 0.1887692 0.1826824 0.2198173 0.1580674 0.1699866 0.1585117 0.1469250 0.1567363 0.1532098 0.0525500 0.1359069 0.1567046 0.1217317 0.2188727 0.1370932 0.1583333 0.1750308 0.2148715 0.2381350 0.1366514 0.0755186 0.1907403 0.1710637 0.2341376 0.1485283 0.1198522 0.0100093 0.1311460 0.0979406 0.1782229 0.1707769 0.1703973 0.0000000 0.1327836 0.0105686 0.2213866 0.1597554 0.1152880 0.1520123 0.1816933 0.0080262 0.2428443 0.1431016 0.1683533 0.2423412 0.1511742 0.1796864 0.1074066 0.1378587 0.1805250 0.1932885 0.2817956 0.1263504 0.1470045 0.1401589 0.1767671 0.1816516 0.2510031 0.1685426 0.1405683 0.3884038 0.1890893 0.1628385 0.1755564 0.1603471 0.1753919 0.1137970 0.1754856 0.1614137 0.1192534 0.1506252 0.0700246 0.1247215 0.1511020 
Perityle_gracilis_11                       0.0460283 0.0827000 0.0274643 0.2009473 0.2214509 0.0793999 0.1177202 0.0916485 0.1568017 0.0485033 0.0548628 0.0513991 0.0056432 0.0109297 0.1285052 0.0606416 0.0274866 0.1019622 0.1046477 0.0183537 0.0354669 0.0077330 0.0657601 0.0049162 0.0692098 0.0705068 0.0900275 0.0516004 0.0488564 0.0450692 0.0530772 0.1611223 0.0472262 0.0406392 0.1319278 0.0943122 0.1009495 0.0795136 0.0121704 0.0078637 0.1327836 0.0000000 0.1238819 0.0803635 0.0432989 0.0576061 0.0011503 0.0044544 0.1288421 0.1033809 0.0191543 0.0089149 0.1724399 0.0356345 0.0662068 0.0629772 0.1160100 0.0022684 0.0000010 0.1617052 0.0482196 0.0455230 0.1269696 0.0482714 0.0876604 0.1896306 0.0530247 0.0456761 0.2462628 0.0077181 0.0656723 0.0000010 0.0077689 0.0642491 0.0000010 0.0559735 0.0707648 0.0011941 0.0480740 0.0505258 0.0011831 0.0370119 
Perityle_harkerae_31                       0.1408057 0.0925837 0.1274154 0.2388730 0.1727613 0.0612958 0.1152816 0.1111395 0.1787530 0.1606187 0.2166899 0.1436534 0.1619558 0.1422667 0.1454582 0.1566534 0.1391463 0.0427947 0.1236241 0.1525418 0.1210229 0.1638002 0.1289004 0.1432012 0.1595090 0.1693420 0.1954165 0.1223127 0.0745329 0.1796728 0.1400017 0.1962667 0.1441261 0.1243200 0.0094518 0.1243626 0.0841727 0.1694320 0.1709980 0.1640694 0.0105686 0.1238819 0.0000000 0.1681644 0.1512175 0.1171882 0.1381543 0.1670047 0.0074043 0.2108037 0.1300793 0.1594091 0.2243181 0.1396969 0.1670640 0.1048386 0.1353523 0.1704186 0.1555739 0.2219345 0.0793324 0.1493430 0.1382562 0.1549758 0.1683702 0.2249964 0.1602084 0.1417034 0.2742959 0.1645480 0.1525178 0.1713480 0.1585784 0.1615027 0.1157865 0.1629234 0.1553732 0.1211423 0.1488147 0.0697086 0.1257206 0.1358593 
Perityle_hofmeisteria_4_nombre_de_dios     0.0994417 0.0900370 0.0922210 0.3524200 0.2979334 0.0978532 0.1709909 0.1139165 0.1769368 0.1098504 0.1586839 0.1082331 0.1114608 0.1005801 0.1389960 0.1146122 0.0978193 0.1365030 0.1528706 0.1131130 0.1151302 0.1607452 0.1632188 0.1072709 0.1184687 0.1462388 0.1476528 0.0951510 0.0563201 0.1398700 0.0829689 0.2199447 0.1080818 0.0597302 0.1868692 0.1801122 0.1262755 0.1354085 0.1173987 0.1110161 0.2213866 0.0803635 0.1681644 0.0000000 0.1166920 0.0781852 0.0946760 0.1051145 0.2154499 0.1756381 0.0918434 0.1088569 0.2549942 0.1066008 0.1274218 0.0803114 0.1290629 0.1090042 0.1325605 0.2172628 0.0423047 0.0987553 0.1496678 0.0996732 0.0950222 0.2700760 0.1027852 0.0862032 0.2557665 0.1104030 0.1213142 0.1112595 0.1128003 0.1292377 0.0808323 0.1082974 0.1277583 0.0672269 0.1072352 0.0568614 0.0870278 0.0822455 
Perityle_huecosensis_48                    0.0723497 0.1231391 0.0578534 0.2255737 0.2268444 0.1064875 0.1637719 0.1128923 0.1807465 0.0648443 0.1004900 0.0829751 0.0547553 0.0542244 0.1480534 0.0829948 0.0652225 0.1382551 0.1233700 0.1154126 0.0578096 0.0508517 0.1714764 0.0515143 0.0886366 0.0952752 0.1141288 0.0662250 0.0643917 0.1703908 0.0911518 0.1660490 0.0807693 0.0500419 0.1613229 0.1746712 0.1388169 0.1046087 0.0515889 0.0517800 0.1597554 0.0432989 0.1512175 0.1166920 0.0000000 0.0726392 0.0440916 0.0493172 0.1567048 0.1342040 0.0542846 0.0499487 0.1808781 0.0202243 0.0848239 0.0758231 0.1178203 0.0514679 0.0449353 0.2346841 0.0808905 0.0617275 0.1423936 0.0705414 0.1059493 0.2033224 0.0743442 0.0626975 0.1727464 0.0524604 0.0780330 0.0399758 0.0550335 0.0968919 0.0450741 0.0817539 0.0930444 0.0383438 0.0769754 0.0875439 0.0364270 0.0593695 
Perityle_incana_3_ucla                     0.0544110 0.0959351 0.0364276 0.2503919 0.0990841 0.1131160 0.1111970 0.1290986 0.1645937 0.0414998 0.0676361 0.0681191 0.0652571 0.0613844 0.0678574 0.0883305 0.0386795 0.0850468 0.1465188 0.0681775 0.0617468 0.0635313 0.0838331 0.0638886 0.1025054 0.0397297 0.0508301 0.0576809 0.0412508 0.0631231 0.0428862 0.1106388 0.0648080 0.0348414 0.1163385 0.1004023 0.1057945 0.0979166 0.0680887 0.0678005 0.1152880 0.0576061 0.1171882 0.0781852 0.0726392 0.0000000 0.0358581 0.0659314 0.1159908 0.0612039 0.0655411 0.0630970 0.2018526 0.0556373 0.0307399 0.0442994 0.1163700 0.0656533 0.0625524 0.0356409 0.0146371 0.0323590 0.1474342 0.0681993 0.0429024 0.1870042 0.0664840 0.0519619 0.1922660 0.0632814 0.0838914 0.0632914 0.0658700 0.0799444 0.0419062 0.0732545 0.1162089 0.0614231 0.0636341 0.0400734 0.0366198 0.0442037 
