83
Amauria_brandeegeana_62                    0.0000000 0.2322205 0.3364783 0.2564828 0.3211264 0.2944665 0.4579220 0.1413090 0.2594807 0.3189225 0.3389473 0.3377492 0.3920052 0.3539184 0.2792597 0.3161927 0.4481215 0.4023990 0.2757829 0.3705777 0.3272986 0.1430964 0.3316704 0.2653854 0.3605631 0.3585890 0.3120739 0.4964313 0.2773483 0.4193122 0.5577785 0.3883616 0.3503730 0.2989497 0.3681989 0.3910039 0.3070777 0.3731528 0.3268929 0.3249740 0.3767536 0.3882767 0.4899978 0.3504985 0.3522519 0.3274342 0.3422523 0.3338633 0.3560694 0.3419743 0.3512345 0.3612909 0.4603517 0.3315148 0.2672568 0.1608975 0.3864974 0.2627081 0.3334826 0.3239453 0.2574052 0.5797823 0.3840640 0.3388820 0.2940831 0.3874077 0.3427566 0.2795768 0.3683263 0.3247290 0.3606636 0.3932268 0.3187184 0.3094794 0.2187219 0.2896657 0.3568788 0.2999736 0.3921062 0.2996928 0.3361839 0.3251023 0.3318854 
Amauria_carterae_99_mesa                   0.2322205 0.0000000 0.2037476 0.1552531 0.1968703 0.0933813 0.2356298 0.3984566 0.2902597 0.2160092 0.2276866 0.1974968 0.1282226 0.1577159 0.2538776 0.1306982 0.2014678 0.1588637 0.1673669 0.2651182 0.1924233 0.2401815 0.1839218 0.2545314 0.1801064 0.2528198 0.2124202 0.0673008 0.1332138 0.2646192 0.1500759 0.1537618 0.1955801 0.1716137 0.2301168 0.1628694 0.2108895 0.1718230 0.1827551 0.2005207 0.2209321 0.1953220 0.1731933 0.2062661 0.1958253 0.1406744 0.2015067 0.2055034 0.1982754 0.1863337 0.2022558 0.1846466 0.2515365 0.2031049 0.2667144 0.2674002 0.1006631 0.2184137 0.2032782 0.2223755 0.1064868 0.1782100 0.2109429 0.1159277 0.2174215 0.2524447 0.1939469 0.1966965 0.1030734 0.1609379 0.1379254 0.1795949 0.1992844 0.1904689 0.4081754 0.1537542 0.2002219 0.2269549 0.1337905 0.1831960 0.2237174 0.2015223 0.1910070 
Amauria_rotundifolia_SRR9119150            0.3364783 0.2037476 0.0000000 0.2082871 0.0849896 0.2424129 0.3946394 0.2850156 0.3149811 0.1770295 0.2339071 0.2166663 0.3043956 0.2363249 0.2664797 0.2419538 0.2903127 0.2014711 0.1383604 0.2613372 0.1894883 0.1042885 0.2748831 0.0941832 0.2571403 0.2701943 0.3493565 0.3976650 0.2142557 0.3279074 0.3464615 0.2309453 0.2400926 0.3033190 0.2008577 0.2373311 0.2726124 0.2463034 0.1943086 0.1960917 0.2103223 0.2224662 0.3593545 0.3513419 0.2215485 0.2412709 0.2418335 0.2580052 0.2008528 0.1831717 0.2529492 0.2418383 0.3417902 0.2166408 0.3338112 0.2997105 0.2356585 0.1038661 0.2362888 0.1952660 0.2093405 0.3965772 0.3316854 0.2660573 0.1933183 0.2865922 0.2289311 0.2893537 0.2002528 0.1761901 0.2653461 0.2626827 0.1720726 0.1541080 0.2693915 0.1408324 0.2178284 0.3454919 0.2750496 0.1762356 0.2213840 0.1757691 0.2047977 
Conoclinium_coelestinum_SRR9119114         0.2564828 0.1552531 0.2082871 0.0000000 0.2140101 0.1637913 0.1795604 0.3426627 0.2849835 0.1836199 0.2142483 0.2310113 0.1536254 0.1773365 0.2119926 0.1454603 0.1985555 0.2039722 0.2281045 0.1922800 0.2756133 0.7707526 0.2247247 0.2607387 0.2094552 0.2073492 0.2424637 0.1678680 0.1649639 0.3130403 0.1542123 0.1708103 0.2141116 0.1850748 0.2193502 0.2205468 0.2418461 0.2932090 0.2469989 0.2619396 0.2172319 0.2414897 0.2587213 0.2145540 0.2309475 0.2146992 0.2326661 0.2438569 0.2127611 0.2664948 0.2277725 0.2211300 0.1954126 0.2275429 0.1889075 0.4786466 0.1826205 0.2395825 0.2348256 0.2704898 0.1862125 0.2373340 0.1883226 0.1152875 0.2520581 0.1983740 0.1996526 0.2206905 0.2439012 0.2124963 0.1389109 0.2099820 0.2856968 0.2842314 0.2325179 0.2391352 0.2475962 0.2316008 0.1510120 0.2242043 0.2752221 0.2874312 0.2351387 
Eutetras_palmeri_63                        0.3211264 0.1968703 0.0849896 0.2140101 0.0000000 0.2002058 0.3526287 0.4819794 0.3367826 0.1083939 0.1448311 0.2222266 0.2462155 0.2432555 0.3129267 0.2248402 0.2826749 0.1994794 0.1292990 0.2748980 0.1745690 0.2143307 0.1626659 0.0850689 0.1783853 0.2778312 0.3699231 0.3387634 0.2008422 0.2825208 0.2868354 0.1707196 0.2036593 0.2823329 0.1102699 0.1888412 0.3453285 0.2118264 0.1796838 0.1931890 0.1110499 0.1638565 0.3208501 0.3809642 0.1718805 0.2414937 0.1680034 0.1758626 0.1838166 0.1715276 0.1710115 0.1923840 0.3557429 0.2184739 0.3975398 0.3523262 0.2268024 0.0995108 0.1728729 0.1942105 0.1619110 0.3586429 0.2850988 0.2334895 0.1902552 0.3145387 0.2314374 0.2981245 0.1983702 0.1680389 0.2374094 0.2411295 0.1715700 0.1537600 0.3725111 0.0997683 0.2111332 0.3766172 0.2312687 0.1723230 0.1916505 0.1756680 0.1516311 
Eutetras_pringlei_149_quer                 0.2944665 0.0933813 0.2424129 0.1637913 0.2002058 0.0000000 0.1407724 9.0000000 0.6184613 0.2103752 0.1904357 0.2100726 0.1339338 0.1288621 0.1486900 0.1188026 0.1714751 0.1546012 0.0212346 0.2110185 0.1697997 9.0000000 0.1385916 0.2830259 0.1317040 0.2191350 0.1536885 0.1665719 0.0124690 0.2254890 0.1217111 0.1317582 0.1642676 0.1202138 0.2307119 0.1289810 0.2597105 0.1481178 0.1395873 0.1638732 0.2426963 0.1244803 0.1910077 0.1617961 0.1497112 0.1388072 0.1465748 0.1631998 0.1737744 0.1540189 0.1513733 0.1300838 0.2027492 0.1945079 0.1818372 0.2468983 0.0879844 0.2298115 0.1646431 0.2101783 0.1498178 0.1097097 0.1590903 0.0591538 0.1624289 0.2109699 0.1957723 0.1997057 0.1810814 0.1446220 0.1155331 0.1661968 0.1586718 0.1335987 0.2751832 9.0000000 0.1984489 0.1438994 0.1311616 0.1286940 0.1322520 0.1680059 0.1629089 
Eutrochium_fistulosum_SRR9119106           0.4579220 0.2356298 0.3946394 0.1795604 0.3526287 0.1407724 0.0000000 0.2928347 0.3509658 0.3615669 0.3981099 0.3191081 0.3955655 0.4029935 0.3100724 0.3801746 0.3438318 0.3458612 0.3256041 0.3128635 0.3388170 0.5037821 0.3487702 0.3747532 0.3583843 0.3711957 0.4541941 0.3370744 0.2568367 0.2300715 0.4297631 0.3451944 0.3471451 0.3536972 0.3991709 0.3346393 0.4927664 0.3526104 0.3044843 0.3426052 0.3884185 0.3494252 0.4606962 0.4611090 0.3504915 0.1977887 0.3501560 0.3620732 0.3573271 0.3441203 0.3534790 0.3317031 0.3723797 0.3360849 0.3957550 0.5494391 0.3404852 0.3947131 0.3558582 0.3483298 0.2091810 0.3939735 0.2566920 0.3860782 0.3579559 0.3559960 0.3935627 0.3616894 0.1986948 0.3768572 0.3804756 0.3184444 0.3372463 0.2942174 0.3164666 0.2699743 0.3641612 0.4747464 0.3750894 0.3398501 0.3535321 0.3440719 0.3464541 
Galeana_pratensis_104_mex                  0.1413090 0.3984566 0.2850156 0.3426627 0.4819794 9.0000000 0.2928347 0.0000000 0.3018631 0.2643567 0.3363907 0.5576182 0.0563495 0.0794835 0.1718735 0.0605802 0.5078439 0.5364503 0.5244799 0.1456786 0.4987743 0.0486767 0.2993858 0.5057196 0.3069994 0.1499794 0.3770750 0.2120063 0.5024069 0.2287713 0.5875571 0.2703330 0.2847239 0.1522835 0.2873999 0.3106682 0.2170747 0.4930242 0.5621852 0.5548922 0.2865234 0.2902845 0.0520217 0.3848495 0.3057072 9.0000000 0.2906973 0.3006294 0.4853377 0.5293339 0.3054928 0.2877031 0.1587087 0.5054022 0.1431053 0.1589013 0.6103170 0.5088732 0.2997890 0.2791030 9.0000000 0.7190498 0.3342112 0.0937364 0.4958331 0.1552886 0.5034780 0.2943949 9.0000000 0.5158132 0.0951138 0.4735172 0.5309839 0.5211885 0.1361403 0.2231493 0.5180931 0.3564020 0.0716927 0.4614853 0.2663807 0.5200517 0.2886305 
Helianthus_annuus_SRR9119062               0.2594807 0.2902597 0.3149811 0.2849835 0.3367826 0.6184613 0.3509658 0.3018631 0.0000000 0.3065571 0.2935130 0.3020115 0.3424607 0.4031351 0.3841862 0.3159288 0.3088721 0.3530834 0.3552255 0.2844082 0.3659797 0.6308243 0.2811201 0.3315925 0.2974194 0.2880322 0.2905613 0.3062856 0.2876508 0.3841031 0.6152836 0.2844736 0.2879085 0.2633687 0.3012666 0.3296994 0.3119888 0.3783370 0.3426538 0.3380367 0.2935895 0.2915456 0.6069664 0.2893184 0.3023808 0.8807233 0.2969934 0.2982351 0.2964852 0.3485151 0.3036779 0.2775193 0.3239956 0.2953837 0.3463599 0.2962862 0.3284817 0.3107011 0.2903811 0.3681478 0.6965726 0.6461171 0.3094667 0.3174380 0.3097319 0.3184369 0.3108813 0.2401721 0.6586682 0.3040201 0.3147279 0.2908195 0.3667956 0.3753752 0.2342863 0.1916664 0.3217991 0.2909439 0.3359583 0.2725714 0.3967700 0.3834877 0.2957087 
Lycapsus_tenuifolius_17                    0.3189225 0.2160092 0.1770295 0.1836199 0.1083939 0.2103752 0.3615669 0.2643567 0.3065571 0.0000000 0.1199469 0.1920986 0.1521808 0.2420762 0.2273265 0.1640006 0.2921688 0.1851190 0.0930585 0.2863053 0.1760318 0.0606573 0.1187981 0.0805943 0.1364463 0.3021193 0.2979659 0.3886946 0.1964074 0.2965822 0.3152640 0.1398032 0.1451504 0.2249056 0.1263413 0.1440535 0.2920789 0.2334750 0.1686608 0.1748613 0.1283638 0.1238215 0.2226868 0.3230912 0.1466832 0.2194633 0.1380051 0.1316225 0.1963652 0.1637335 0.1394329 0.1401475 0.3583620 0.1814891 0.2827672 0.2453880 0.2184355 0.0960725 0.1283313 0.1707705 0.1769087 0.3521127 0.3261899 0.1454183 0.1586589 0.3015032 0.2057402 0.2610471 0.1895014 0.1482383 0.1446152 0.2545168 0.1476701 0.1295368 0.2153076 0.0811282 0.2142438 0.2941796 0.1417273 0.1538620 0.1995805 0.1524013 0.2333753 
Pericome_caudata_50_silver                 0.3389473 0.2276866 0.2339071 0.2142483 0.1448311 0.1904357 0.3981099 0.3363907 0.2935130 0.1199469 0.0000000 0.2276853 0.2166018 0.2614079 0.2539401 0.1930452 0.2980213 0.2074596 0.1396267 0.3182775 0.1819395 0.0697081 0.1626693 0.1263559 0.1752498 0.3448178 0.3258455 0.4117122 0.2421113 0.3051103 0.3270652 0.1756217 0.1810960 0.2793246 0.1634814 0.1790203 0.3340150 0.2614194 0.1922553 0.1917219 0.1561913 0.1550946 0.2531797 0.3302503 0.1697614 0.2354290 0.1739923 0.1673177 0.2081866 0.1837044 0.1760028 0.1897913 0.4308685 0.2089729 0.2890579 0.2834514 0.2399314 0.1297643 0.1593153 0.1966552 0.1747112 0.3715362 0.3547387 0.1699608 0.1846713 0.3625910 0.2299682 0.2767670 0.2027542 0.1828105 0.1732997 0.2981359 0.1605144 0.1488799 0.2538792 0.1279759 0.2279798 0.3275546 0.1781587 0.1735695 0.2029184 0.1695528 0.2519964 
Perityle_aglossa_84_dead_horse             0.3377492 0.1974968 0.2166663 0.2310113 0.2222266 0.2100726 0.3191081 0.5576182 0.3020115 0.1920986 0.2276853 0.0000000 0.0630841 0.0736137 0.1676940 0.0956310 0.2453190 0.1316714 0.0944975 0.3815609 0.0719385 0.4467560 0.1057341 0.2254986 0.1013699 0.2959192 0.3519080 0.3540957 0.1573226 0.3687331 0.2270685 0.1534109 0.0630766 0.2631369 0.2219939 0.0822570 0.3836463 0.1356111 0.0513687 0.0816357 0.2311258 0.0879435 0.2313627 0.3411403 0.0633523 0.2768258 0.0946771 0.0864983 0.1179167 0.0804008 0.0974681 0.0711387 0.3374407 0.0786021 0.2443922 0.2167926 0.1621653 0.2232762 0.0944425 0.1725884 0.1032964 0.2751592 0.4114448 0.1266598 0.1385366 0.3171992 0.2176972 0.2570341 0.1191224 0.1253109 0.1178542 0.1792257 0.0827496 0.0753927 0.1335804 0.1066412 0.1629563 0.3506626 0.0746376 0.0741764 0.2036054 0.0876277 0.1177122 
Perityle_ajoensis_204                      0.3920052 0.1282226 0.3043956 0.1536254 0.2462155 0.1339338 0.3955655 0.0563495 0.3424607 0.1521808 0.2166018 0.0630841 0.0000000 0.1407323 0.0758862 0.0362518 0.3061943 0.1624062 0.0196326 0.2117531 0.0499106 0.0621795 0.0781167 0.1924870 0.0760189 0.2337843 0.1888088 0.2991299 0.3098328 0.1690176 0.2036010 0.1511121 0.0440357 0.1522216 0.1761330 0.0385909 0.2929648 0.1879761 0.0324959 0.0586447 0.1713730 0.0425492 0.1742399 0.2391805 0.0376089 0.1400020 0.0463422 0.0879017 0.1705387 0.0391769 0.0707131 0.0279810 0.3101002 0.0481417 0.1444567 0.1191511 0.2498525 0.1921982 0.0612927 0.1574057 0.1000185 0.2544495 0.0958533 0.0452856 0.1493985 0.2200209 0.1481247 0.1785743 0.0766847 0.0504135 0.0293792 0.2530530 0.0615364 0.0616893 0.0189782 0.0460291 0.1703133 0.2100870 0.0388426 0.0714935 0.2231957 0.0640094 0.2072352 
Perityle_ambrosiifolia_67_green            0.3539184 0.1577159 0.2363249 0.1773365 0.2432555 0.1288621 0.4029935 0.0794835 0.4031351 0.2420762 0.2614079 0.0736137 0.1407323 0.0000000 0.1627853 0.1283522 0.3452859 0.1718035 0.0588181 0.1340024 0.0834442 0.1164079 0.1713223 0.1986518 0.1593259 0.1284293 0.2241911 0.3445388 0.3426187 0.2167577 0.2223263 0.2654772 0.1568846 0.1755109 0.2953972 0.1503575 0.2616084 0.1992436 0.0680176 0.0859758 0.2955877 0.1413216 0.2937041 0.2626937 0.1598865 0.1443195 0.1505343 0.1922052 0.2006052 0.0758625 0.1458614 0.1811895 0.1720700 0.0606402 0.2093485 0.2324884 0.2468843 0.1959996 0.1890066 0.2668129 0.0915270 0.2424030 0.1208215 0.1481071 0.1883130 0.1173532 0.1515833 0.1758340 0.0304745 0.0379825 0.1304977 0.3362002 0.1121952 0.1054631 0.1854637 0.2696368 0.1678733 0.2312669 0.1685767 0.1124164 0.2751685 0.1195463 0.1241411 
Perityle_batopilensis_97                   0.2792597 0.2538776 0.2664797 0.2119926 0.3129267 0.1486900 0.3100724 0.1718735 0.3841862 0.2273265 0.2539401 0.1676940 0.0758862 0.1627853 0.0000000 0.0887814 0.2812569 0.2020243 0.2421123 0.3139103 0.1697736 0.0610276 0.1360842 0.3099195 0.1599252 0.2610492 0.2368878 0.2831088 0.2594308 0.2901743 0.1165749 0.1915954 0.1373360 0.1830341 0.2702129 0.1420419 0.2908936 0.1397559 0.1527865 0.1603189 0.2619121 0.1645401 0.1485443 0.2771125 0.1331948 0.1414042 0.1304134 0.1357942 0.1657565 0.1546551 0.1388420 0.1240904 0.2586399 0.1698778 0.1598534 0.0817686 0.3015093 0.3134781 0.1322230 0.2427418 0.1009219 0.2652439 0.4187584 0.0902124 0.1807648 0.2557003 0.2739845 0.2534788 0.0941272 0.2331020 0.0901799 0.2269482 0.1492409 0.1461952 0.0871033 0.1983673 0.2328416 0.2242624 0.0966858 0.1592648 0.2787891 0.1538984 0.1635522 
Perityle_bisetosa_9                        0.3161927 0.1306982 0.2419538 0.1454603 0.2248402 0.1188026 0.3801746 0.0605802 0.3159288 0.1640006 0.1930452 0.0956310 0.0362518 0.1283522 0.0887814 0.0000000 0.3243115 0.1571302 0.0543196 0.1913551 0.0452241 0.0530218 0.0536976 0.1922703 0.0399736 0.1747996 0.1926943 0.3342069 0.3294856 0.1921028 0.2221645 0.1835071 0.0603305 0.1092515 0.2028309 0.0346853 0.2745300 0.1784238 0.0218265 0.0561383 0.2012775 0.0326298 0.1953066 0.2280645 0.0315239 0.1344034 0.0325834 0.0610301 0.1834794 0.0424450 0.0386646 0.0566073 0.2141552 0.0447498 0.1392988 0.1289979 0.2396669 0.1871134 0.0583720 0.1559005 0.0777416 0.2452161 0.1112566 0.0350087 0.1642343 0.1627944 0.1462199 0.1598391 0.0273025 0.0287221 0.0233847 0.3205679 0.0663985 0.0863496 0.0244199 0.0391249 0.1778995 0.2089427 0.0298230 0.0662233 0.2417450 0.0749837 0.1400648 
Perityle_californica_76_positas            0.4481215 0.2014678 0.2903127 0.1985555 0.2826749 0.1714751 0.3438318 0.5078439 0.3088721 0.2921688 0.2980213 0.2453190 0.3061943 0.3452859 0.2812569 0.3243115 0.0000000 0.2585572 0.2221007 0.3020564 0.2794892 0.4137693 0.2433948 0.2849779 0.2638433 0.3432304 0.3345097 0.3338456 0.1866686 0.1888097 0.3893082 0.2271029 0.2449714 0.3332833 0.2935727 0.2268605 0.4464947 0.2647586 0.2583967 0.2491189 0.2920516 0.2400348 0.4431199 0.3392325 0.2492064 0.1536993 0.2512646 0.2648915 0.2619985 0.2655795 0.2578181 0.2646138 0.3479156 0.2791239 0.3409477 0.6487323 0.2236564 0.2919941 0.2599535 0.2867422 0.2336217 0.3424318 0.3015405 0.3197823 0.2364750 0.3613969 0.2901186 0.3691108 0.1370804 0.2583862 0.3180641 0.2286687 0.2748543 0.2229270 0.3026192 0.0997162 0.2991101 0.3735548 0.3144270 0.2390840 0.2332960 0.2795156 0.2415005 
Perityle_canescens_77                      0.4023990 0.1588637 0.2014711 0.2039722 0.1994794 0.1546012 0.3458612 0.5364503 0.3530834 0.1851190 0.2074596 0.1316714 0.1624062 0.1718035 0.2020243 0.1571302 0.2585572 0.0000000 0.1174895 0.2361812 0.1538726 0.2293658 0.1412058 0.2008889 0.1563307 0.2497828 0.3117785 0.3064982 0.1683340 0.2163214 0.1512485 0.1256281 0.1340810 0.2701625 0.1972200 0.1349773 0.4067720 0.1295563 0.1230578 0.1416901 0.1858003 0.1542370 0.1541728 0.2816427 0.1365922 0.1923059 0.1473528 0.1652548 0.0658975 0.1484144 0.1529149 0.1361673 0.2661379 0.1520205 0.3571239 0.4033887 0.1909043 0.2125646 0.1535508 0.1680287 0.0459867 0.3104655 0.2367597 0.1666540 0.1429611 0.2990152 0.2026277 0.2973275 0.1370878 0.1696844 0.1642522 0.1937556 0.1556658 0.1224734 0.4831709 0.1371262 0.2034560 0.3453170 0.1650104 0.1433573 0.1721496 0.1582760 0.1572075 
Perityle_castillonii_96                    0.2757829 0.1673669 0.1383604 0.2281045 0.1292990 0.0212346 0.3256041 0.5244799 0.3552255 0.0930585 0.1396267 0.0944975 0.0196326 0.0588181 0.2421123 0.0543196 0.2221007 0.1174895 0.0000000 0.2471495 0.0203325 9.0000000 0.0209067 0.0468845 0.0190981 0.2443716 0.3046495 0.2580376 0.1567392 0.2290854 0.1263672 0.0980698 0.0602313 0.2491326 0.1499110 0.0701677 0.3282863 0.0609828 0.0671230 0.0661867 0.1395250 0.0173557 0.0572611 0.2923985 0.0550385 0.0902348 0.0168402 0.0198402 0.1082696 0.0203259 0.0249120 0.0247136 0.3284433 0.0295281 0.3543194 0.3705828 0.2133223 0.0544842 0.0174745 0.1267770 0.0505768 0.3405450 0.2688529 0.0559125 0.1471937 0.2970849 0.1024475 0.2166665 0.0753273 0.0247246 0.0579818 0.1626181 0.0209663 0.0192261 0.4637418 0.0104285 0.0869083 0.3254220 0.0546795 0.0352264 0.1752763 0.0215086 0.1131076 
Perityle_cernua_84                         0.3705777 0.2651182 0.2613372 0.1922800 0.2748980 0.2110185 0.3128635 0.1456786 0.2844082 0.2863053 0.3182775 0.3815609 0.2117531 0.1340024 0.3139103 0.1913551 0.3020564 0.2361812 0.2471495 0.0000000 0.3804768 0.1302353 0.3850299 0.4260845 0.2875642 0.1576333 0.2350404 0.3107087 0.4006901 0.3311654 0.1309421 0.2670059 0.3759340 0.1743492 0.3207615 0.2800600 0.3124238 0.3988293 0.3762101 0.3772160 0.3200917 0.2943502 0.2793000 0.2366312 0.3945969 0.1324323 0.3788484 0.3907948 0.3593439 0.4006778 0.3656562 0.3716267 0.2239302 0.3785747 0.3677945 0.3409455 0.2484607 0.3948925 0.3908621 0.4119649 0.0978434 0.2830450 0.3105165 0.2272550 0.3577268 0.2077910 0.2648313 0.3392982 0.0925648 0.2380014 0.2231962 0.3934592 0.4144207 0.4269534 0.3478321 0.2911223 0.3801420 0.2362508 0.2272554 0.3674868 0.2991454 0.4167694 0.3537909 
Perityle_cfvillosa_25_tin                  0.3272986 0.1924233 0.1894883 0.2756133 0.1745690 0.1697997 0.3388170 0.4987743 0.3659797 0.1760318 0.1819395 0.0719385 0.0499106 0.0834442 0.1697736 0.0452241 0.2794892 0.1538726 0.0203325 0.3804768 0.0000000 0.3590596 0.0691368 0.1720594 0.0210152 0.2980005 0.3548287 0.3407509 0.1628004 0.3277008 0.2523020 0.1661702 0.0625187 0.2493919 0.2274118 0.0556749 0.3760466 0.1187326 0.0475469 0.0556943 0.2025236 0.0211194 0.2839418 0.3575150 0.0470367 0.1599476 0.0183178 0.0286292 0.1425589 0.0398258 0.0350968 0.0424955 0.4039969 0.0556159 0.2496066 0.1829607 0.1975054 0.1639653 0.0248109 0.1530694 0.1033608 0.2616792 0.3793198 0.0510991 0.1304636 0.3313387 0.1740928 0.2406188 0.1033673 0.0692646 0.0512338 0.2112151 0.0369022 0.0275393 0.1343639 0.0000010 0.1318922 0.3452086 0.0457670 0.0587895 0.1843686 0.0319236 0.1049952 
Perityle_cinerea_113_Powell1310            0.1430964 0.2401815 0.1042885 0.7707526 0.2143307 9.0000000 0.5037821 0.0486767 0.6308243 0.0606573 0.0697081 0.4467560 0.0621795 0.1164079 0.0610276 0.0530218 0.4137693 0.2293658 9.0000000 0.1302353 0.3590596 0.0000000 0.0567392 0.4095063 0.0647630 0.1432877 0.6280217 0.5124697 9.0000000 0.9727909 0.3590596 0.0934935 0.0566184 0.0417114 0.0647030 0.0600394 0.1370441 0.4716283 0.3590596 0.5332488 0.0697992 0.0562071 0.0684788 0.5074119 0.0697570 9.0000000 0.0559958 0.0650407 0.4671182 0.3590596 0.0649629 0.0560059 0.2039135 0.4238204 0.0522298 0.0071497 9.0000000 0.4510894 0.0647630 0.0413451 9.0000000 0.2549604 9.0000000 0.0339986 0.6280217 0.1377440 0.6311893 0.7646198 0.3590596 0.5455601 0.0476961 0.5316948 0.2549604 0.3590596 0.0442663 0.0052048 0.6063498 0.6308243 0.0572897 0.5660450 0.0832823 0.3590596 0.0632356 
Perityle_coahuilensis_24                   0.3316704 0.1839218 0.2748831 0.2247247 0.1626659 0.1385916 0.3487702 0.2993858 0.2811201 0.1187981 0.1626693 0.1057341 0.0781167 0.1713223 0.1360842 0.0536976 0.2433948 0.1412058 0.0209067 0.3850299 0.0691368 0.0567392 0.0000000 0.1585432 0.0802962 0.3664705 0.3165121 0.3352619 0.1608184 0.3125325 0.2328714 0.1280821 0.0773839 0.2702394 0.1927831 0.0492288 0.3279501 0.1418793 0.0685003 0.1035994 0.1725306 0.0401924 0.1915383 0.3268674 0.0665154 0.1500057 0.0607105 0.0588624 0.1505655 0.0521915 0.0576478 0.0626356 0.4419400 0.0373822 0.1894464 0.1664166 0.1980599 0.1505359 0.0567640 0.1506168 0.0715451 0.2460555 0.4111576 0.0697833 0.1281094 0.3747540 0.1711834 0.2420110 0.0502900 0.0823397 0.0477654 0.1834616 0.0534663 0.0555908 0.1179852 0.0202166 0.1588460 0.2246334 0.0357304 0.0607797 0.1973625 0.0541973 0.1772876 
Perityle_cochisensis_44_cave_creek         0.2653854 0.2545314 0.0941832 0.2607387 0.0850689 0.2830259 0.3747532 0.5057196 0.3315925 0.0805943 0.1263559 0.2254986 0.1924870 0.1986518 0.3099195 0.1922703 0.2849779 0.2008889 0.0468845 0.4260845 0.1720594 0.4095063 0.1585432 0.0000000 0.1000850 0.4098277 0.3528948 0.4098931 0.2251035 0.3907145 0.3437534 0.1884897 0.1627205 0.3162725 0.1081233 0.1226191 0.3160310 0.2386488 0.1954311 0.1913609 0.1134744 0.0932415 0.3460726 0.3639938 0.1795807 0.2297232 0.1572054 0.1551067 0.2412950 0.1750173 0.1516418 0.1780361 0.4525579 0.1942040 0.3609687 0.2859875 0.2277943 0.0647703 0.1508159 0.2370780 0.1787106 0.3784522 0.4656504 0.1817957 0.2239999 0.4497839 0.2051505 0.2890406 0.1453071 0.1550756 0.1906305 0.2809645 0.1560405 0.1419924 0.3052310 0.0000010 0.2161725 0.3426355 0.1753027 0.1621954 0.1997710 0.1602352 0.2106349 
Perityle_congesta_202                      0.3605631 0.1801064 0.2571403 0.2094552 0.1783853 0.1317040 0.3583843 0.3069994 0.2974194 0.1364463 0.1752498 0.1013699 0.0760189 0.1593259 0.1599252 0.0399736 0.2638433 0.1563307 0.0190981 0.2875642 0.0210152 0.0647630 0.0802962 0.1000850 0.0000000 0.2535341 0.2912243 0.3208461 0.2084266 0.2634136 0.2426334 0.1459707 0.0735133 0.2062344 0.2083230 0.0495537 0.3390090 0.1639060 0.0612536 0.0716781 0.1938475 0.0151901 0.2068036 0.3046910 0.0543753 0.1322867 0.0278865 0.0328067 0.1742671 0.0482310 0.0424217 0.0541348 0.3635552 0.0545827 0.2261162 0.2160966 0.2061722 0.1139027 0.0357103 0.1512169 0.0863458 0.2651391 0.2792326 0.0380750 0.1664292 0.2754045 0.1414180 0.2156773 0.0568633 0.0334104 0.0325348 0.2461298 0.0501526 0.0430310 0.1856617 0.0140511 0.1469177 0.2968767 0.0322778 0.0594579 0.1972661 0.0526938 0.1733677 
Perityle_cordifolia_27                     0.3585890 0.2528198 0.2701943 0.2073492 0.2778312 0.2191350 0.3711957 0.1499794 0.2880322 0.3021193 0.3448178 0.2959192 0.2337843 0.1284293 0.2610492 0.1747996 0.3432304 0.2497828 0.2443716 0.1576333 0.2980005 0.1432877 0.3664705 0.4098277 0.2535341 0.0000000 0.2685150 0.3855312 0.4411436 0.2629626 0.2592297 0.3046906 0.3216015 0.1627093 0.3508992 0.2829732 0.3265973 0.4203066 0.2927941 0.2939694 0.3560162 0.2906274 0.3620569 0.3060464 0.3392869 0.1791112 0.3319913 0.3553611 0.3672906 0.3433397 0.3423043 0.3493733 0.0719789 0.3242015 0.3475033 0.3593393 0.2755911 0.3613448 0.3690180 0.3969781 0.0812186 0.3055869 0.2567867 0.2144749 0.3525183 0.0425400 0.2328849 0.2642681 0.1271881 0.2162097 0.2123764 0.4610162 0.3496398 0.3844785 0.3365694 0.3036120 0.3161406 0.2709302 0.2364878 0.2857447 0.2951291 0.3653848 0.3033723 
Perityle_coronopifolia_28_patagonia        0.3120739 0.2124202 0.3493565 0.2424637 0.3699231 0.1536885 0.4541941 0.3770750 0.2905613 0.2979659 0.3258455 0.3519080 0.1888088 0.2241911 0.2368878 0.1926943 0.3345097 0.3117785 0.3046495 0.2350404 0.3548287 0.6280217 0.3165121 0.3528948 0.2912243 0.2685150 0.0000000 0.3672675 0.3591547 0.3111902 0.2379856 0.2536507 0.3013251 0.2362288 0.3392005 0.3088733 0.2797666 0.3732362 0.3701142 0.3397229 0.3399825 0.3103090 0.3218599 0.1008286 0.3204973 0.0413143 0.3027995 0.3211582 0.3177430 0.3541591 0.3078526 0.2935385 0.2854632 0.3548214 0.2815899 0.2746764 0.3235641 0.3495114 0.3134350 0.2593720 0.2230028 0.3752616 0.2718039 0.1856651 0.1824966 0.3109251 0.3092342 0.3075227 0.1602767 0.2853927 0.1915753 0.3940406 0.3677990 0.3532686 0.3381266 0.2836488 0.3363014 0.0594062 0.2242151 0.3258866 0.3193367 0.3676805 0.3590468 
Perityle_crassifolia_70_ventanas           0.4964313 0.0673008 0.3976650 0.1678680 0.3387634 0.1665719 0.3370744 0.2120063 0.3062856 0.3886946 0.4117122 0.3540957 0.2991299 0.3445388 0.2831088 0.3342069 0.3338456 0.3064982 0.2580376 0.3107087 0.3407509 0.5124697 0.3352619 0.4098931 0.3208461 0.3855312 0.3672675 0.0000000 0.1561037 0.1849330 0.4185514 0.2662255 0.3333484 0.3043157 0.4353297 0.2859944 0.4432359 0.3280500 0.3078208 0.3448342 0.4092175 0.2846838 0.3896398 0.3930006 0.3493431 0.2318193 0.3374917 0.3507457 0.3609507 0.3263267 0.3464220 0.3072137 0.3480309 0.3614575 0.3493319 0.4456298 0.2089247 0.4207937 0.3466943 0.3218257 0.1313300 0.2976206 0.1890450 0.3500967 0.3537289 0.3849966 0.3387061 0.4288622 0.1382668 0.3220661 0.3247678 0.0938130 0.3378178 0.2823621 0.4469776 0.2003820 0.3596810 0.4306296 0.2888225 0.3460884 0.2483134 0.3453029 0.3344797 
Perityle_crassifolia_74_playa_balandra     0.2773483 0.1332138 0.2142557 0.1649639 0.2008422 0.0124690 0.2568367 0.5024069 0.2876508 0.1964074 0.2421113 0.1573226 0.3098328 0.3426187 0.2594308 0.3294856 0.1866686 0.1683340 0.1567392 0.4006901 0.1628004 9.0000000 0.1608184 0.2251035 0.2084266 0.4411436 0.3591547 0.1561037 0.0000000 0.3080073 0.4119692 0.1608361 0.1424845 0.2903805 0.2172535 0.1689252 0.3512368 0.1746627 0.1417263 0.1584938 0.2040705 0.1884315 0.2978120 0.3598998 0.1545192 0.2246001 0.1634566 0.1683594 0.1625702 0.1596650 0.1619210 0.1561848 0.4413290 0.1733657 0.2632286 0.3358097 0.1426652 0.2020647 0.1637048 0.2034854 0.0577251 0.3848885 0.4216851 0.2972001 0.1777992 0.4643332 0.2215753 0.2597373 0.1075036 0.2106277 0.3233603 0.0262677 0.1684563 0.1347618 0.2423563 0.1106947 0.1820546 0.3981694 0.3240868 0.1273652 0.1067499 0.1682747 0.1599548 
Perityle_cuneata_34_cuneata_San_antonio    0.4193122 0.2646192 0.3279074 0.3130403 0.2825208 0.2254890 0.2300715 0.2287713 0.3841031 0.2965822 0.3051103 0.3687331 0.1690176 0.2167577 0.2901743 0.1921028 0.1888097 0.2163214 0.2290854 0.3311654 0.3277008 0.9727909 0.3125325 0.3907145 0.2634136 0.2629626 0.3111902 0.1849330 0.3080073 0.0000000 0.1326529 0.2201660 0.3178779 0.1900157 0.3178650 0.2378604 0.4429044 0.3273844 0.3234215 0.3400653 0.3141016 0.2814975 0.1998049 0.3333778 0.3242970 0.2030740 0.3232046 0.3412004 0.3379215 0.3153294 0.3242448 0.3157318 0.2615521 0.3720716 0.2972979 0.3212866 0.2064834 0.3821655 0.3375127 0.3831834 0.1159751 0.2228295 0.3043787 0.2014511 0.3543785 0.2604566 0.2870775 0.3537409 0.1457693 0.2620623 0.1863959 0.3576743 0.3254466 0.3245245 0.4072257 0.2309396 0.3486991 0.3177288 0.2007552 0.3407255 0.2552499 0.3335974 0.3486431 
Perityle_cuneata_4                         0.5577785 0.1500759 0.3464615 0.1542123 0.2868354 0.1217111 0.4297631 0.5875571 0.6152836 0.3152640 0.3270652 0.2270685 0.2036010 0.2223263 0.1165749 0.2221645 0.3893082 0.1512485 0.1263672 0.1309421 0.2523020 0.3590596 0.2328714 0.3437534 0.2426334 0.2592297 0.2379856 0.4185514 0.4119692 0.1326529 0.0000000 0.2675097 0.2336495 0.2373483 0.3800083 0.1654835 0.4187744 0.2439649 0.2165548 0.2353101 0.3544925 0.1784441 0.2575256 0.2967281 0.2285075 0.1588389 0.2336018 0.2530814 0.2252947 0.2206835 0.2357570 0.2332680 0.1668205 0.2639594 0.2872491 0.3689349 0.2716414 0.3637168 0.2448220 0.2426262 0.1008186 0.3035574 0.1476209 0.2308571 0.1992644 0.2630054 0.2992584 0.3529381 0.0861855 0.2515765 0.2160143 0.4076644 0.2404080 0.1942351 0.8238236 0.3918485 0.3185783 0.3387231 0.1457842 0.2616504 0.3242145 0.2426520 0.2571296 
Perityle_discoidea_81                      0.3883616 0.1537618 0.2309453 0.1708103 0.1707196 0.1317582 0.3451944 0.2703330 0.2844736 0.1398032 0.1756217 0.1534109 0.1511121 0.2654772 0.1915954 0.1835071 0.2271029 0.1256281 0.0980698 0.2670059 0.1661702 0.0934935 0.1280821 0.1884897 0.1459707 0.3046906 0.2536507 0.2662255 0.1608361 0.2201660 0.2675097 0.0000000 0.1527997 0.2397286 0.1667204 0.1364178 0.3309972 0.1577434 0.1665507 0.1725041 0.1672574 0.1161706 0.1939531 0.2728456 0.1445818 0.1926439 0.1427102 0.1431482 0.1436043 0.1563989 0.1452005 0.1422143 0.3505939 0.1726291 0.2345707 0.2724924 0.1616263 0.1905134 0.1418577 0.1333905 0.1483008 0.2987771 0.2727220 0.1584395 0.1366350 0.3353137 0.2102631 0.2812880 0.1278318 0.1637585 0.1577741 0.1381418 0.1564240 0.1519868 0.2105055 0.0955641 0.2071809 0.3002351 0.1277590 0.1457411 0.1794174 0.1583422 0.2091238 
Perityle_dissecta_201                      0.3503730 0.1955801 0.2400926 0.2141116 0.2036593 0.1642676 0.3471451 0.2847239 0.2879085 0.1451504 0.1810960 0.0630766 0.0440357 0.1568846 0.1373360 0.0603305 0.2449714 0.1340810 0.0602313 0.3759340 0.0625187 0.0566184 0.0773839 0.1627205 0.0735133 0.3216015 0.3013251 0.3333484 0.1424845 0.3178779 0.2336495 0.1527997 0.0000000 0.2471333 0.1887933 0.0496541 0.3248045 0.1247252 0.0514637 0.0631140 0.1839438 0.0436670 0.1830366 0.3052568 0.0507377 0.1642408 0.0511675 0.0690300 0.1202483 0.0563925 0.0502684 0.0517289 0.4287072 0.0437992 0.1745693 0.1460607 0.1964700 0.1638693 0.0681890 0.1305448 0.1029314 0.2620470 0.3848674 0.0686964 0.1072805 0.3394328 0.1516453 0.2091002 0.0779470 0.0698866 0.0585860 0.1809740 0.0728147 0.0608817 0.0727839 0.0273010 0.1197883 0.3049321 0.0697062 0.0641227 0.1960126 0.0770004 0.1579496 
Perityle_emoryi_47_punta_san_jose          0.2989497 0.1716137 0.3033190 0.1850748 0.2823329 0.1202138 0.3536972 0.1522835 0.2633687 0.2249056 0.2793246 0.2631369 0.1522216 0.1755109 0.1830341 0.1092515 0.3332833 0.2701625 0.2491326 0.1743492 0.2493919 0.0417114 0.2702394 0.3162725 0.2062344 0.1627093 0.2362288 0.3043157 0.2903805 0.1900157 0.2373483 0.2397286 0.2471333 0.0000000 0.2746087 0.2103931 0.3235463 0.3402837 0.2449942 0.2494462 0.2747637 0.2292188 0.2738876 0.2717377 0.2663316 0.1501878 0.2406617 0.2641624 0.3126626 0.2855874 0.2418456 0.2277339 0.2246215 0.2537696 0.2471565 0.1698466 0.2702417 0.3229991 0.2654996 0.2555719 0.0988263 0.2935688 0.2268866 0.1412117 0.2824435 0.2071932 0.2319417 0.2145078 0.0517720 0.1780922 0.1301979 0.3494374 0.2909145 0.3068691 0.2527071 0.2057316 0.2591904 0.2435489 0.1478460 0.2563782 0.2605759 0.2932113 0.2716409 
Perityle_feddemae_99                       0.3681989 0.2301168 0.2008577 0.2193502 0.1102699 0.2307119 0.3991709 0.2873999 0.3012666 0.1263413 0.1634814 0.2219939 0.1761330 0.2953972 0.2702129 0.2028309 0.2935727 0.1972200 0.1499110 0.3207615 0.2274118 0.0647030 0.1927831 0.1081233 0.2083230 0.3508992 0.3392005 0.4353297 0.2172535 0.3178650 0.3800083 0.1667204 0.1887933 0.2746087 0.0000000 0.1774497 0.3051190 0.2635897 0.2099079 0.2300505 0.0516402 0.1613064 0.1459096 0.3464980 0.1716758 0.2402632 0.1954822 0.2013253 0.1816602 0.2028030 0.1888821 0.1896176 0.4340735 0.2321762 0.2903616 0.2404735 0.2525020 0.1162505 0.1952348 0.1756254 0.2252793 0.4372203 0.3396643 0.2087009 0.1716706 0.3661100 0.2482793 0.3068326 0.2192802 0.2023698 0.2019453 0.2953415 0.1924033 0.1685715 0.2145021 0.1087194 0.2394435 0.3413512 0.1744692 0.1992436 0.1787075 0.1945769 0.2495239 
Perityle_fosteri_93                        0.3910039 0.1628694 0.2373311 0.2205468 0.1888412 0.1289810 0.3346393 0.3106682 0.3296994 0.1440535 0.1790203 0.0822570 0.0385909 0.1503575 0.1420419 0.0346853 0.2268605 0.1349773 0.0701677 0.2800600 0.0556749 0.0600394 0.0492288 0.1226191 0.0495537 0.2829732 0.3088733 0.2859944 0.1689252 0.2378604 0.1654835 0.1364178 0.0496541 0.2103931 0.1774497 0.0000000 0.3506567 0.1432080 0.0234272 0.0336901 0.1704600 0.0419706 0.1586415 0.2928144 0.0298778 0.1390661 0.0397829 0.0540077 0.1368748 0.0529952 0.0481499 0.0366255 0.3289760 0.0664145 0.2144727 0.2066867 0.1687335 0.1332404 0.0509554 0.1397608 0.0784280 0.2406937 0.2892089 0.0472746 0.1504724 0.2919457 0.1458246 0.2245266 0.0652496 0.0535127 0.0308889 0.1787365 0.0509109 0.0577428 0.1518937 0.0454608 0.1428931 0.3197232 0.0342985 0.0536210 0.1971254 0.0553748 0.1798908 
Perityle_gamon_221                         0.3070777 0.2108895 0.2726124 0.2418461 0.3453285 0.2597105 0.4927664 0.2170747 0.3119888 0.2920789 0.3340150 0.3836463 0.2929648 0.2616084 0.2908936 0.2745300 0.4464947 0.4067720 0.3282863 0.3124238 0.3760466 0.1370441 0.3279501 0.3160310 0.3390090 0.3265973 0.2797666 0.4432359 0.3512368 0.4429044 0.4187744 0.3309972 0.3248045 0.3235463 0.3051190 0.3506567 0.0000000 0.3943102 0.3773434 0.3611623 0.3213063 0.3418429 0.3444233 0.2835308 0.3399588 0.2228200 0.3276912 0.3331918 0.3557153 0.3913532 0.3407269 0.3378318 0.3966908 0.3880020 0.3034978 0.2206092 0.3755266 0.2946195 0.3279954 0.3492642 0.1861326 0.4906279 0.4142645 0.2620941 0.3384468 0.3337852 0.4160649 0.3768944 0.2881200 0.3499992 0.2798698 0.4071209 0.3690720 0.3453092 0.2491608 0.2516225 0.3880919 0.2983265 0.2985574 0.3270817 0.3325119 0.3762624 0.2910547 
Perityle_gentryi_8_san_francisco           0.3731528 0.1718230 0.2463034 0.2932090 0.2118264 0.1481178 0.3526104 0.4930242 0.3783370 0.2334750 0.2614194 0.1356111 0.1879761 0.1992436 0.1397559 0.1784238 0.2647586 0.1295563 0.0609828 0.3988293 0.1187326 0.4716283 0.1418793 0.2386488 0.1639060 0.4203066 0.3732362 0.3280500 0.1746627 0.3273844 0.2439649 0.1577434 0.1247252 0.3402837 0.2635897 0.1432080 0.3943102 0.0000000 0.1150818 0.1425851 0.2344860 0.1546585 0.2233951 0.3612700 0.1393279 0.1237601 0.1246752 0.1352820 0.1559460 0.1044925 0.1309851 0.1098579 0.4192162 0.1443369 0.2428198 0.2119710 0.1776598 0.2548648 0.1309293 0.2031197 0.0882827 0.2810259 0.3965241 0.1931911 0.1624624 0.4471570 0.2370081 0.3122848 0.0929010 0.1856759 0.1883125 0.2057861 0.1175075 0.0941776 0.1974122 0.0801726 0.2060340 0.3948213 0.1396872 0.1346510 0.1946595 0.1151251 0.1455858 
Perityle_gilensis_22_Superstition          0.3268929 0.1827551 0.1943086 0.2469989 0.1796838 0.1395873 0.3044843 0.5621852 0.3426538 0.1686608 0.1922553 0.0513687 0.0324959 0.0680176 0.1527865 0.0218265 0.2583967 0.1230578 0.0671230 0.3762101 0.0475469 0.3590596 0.0685003 0.1954311 0.0612536 0.2927941 0.3701142 0.3078208 0.1417263 0.3234215 0.2165548 0.1665507 0.0514637 0.2449942 0.2099079 0.0234272 0.3773434 0.1150818 0.0000000 0.0214447 0.2011575 0.0539929 0.2561088 0.3642329 0.0263818 0.1568941 0.0451433 0.0667974 0.1303332 0.0413525 0.0398952 0.0458645 0.3284796 0.0664370 0.2427402 0.2414954 0.1581608 0.2074898 0.0642144 0.1554802 0.0727844 0.2356037 0.3895470 0.0351635 0.1199737 0.2853691 0.1864111 0.2376374 0.0524982 0.0980864 0.0289565 0.1855554 0.0637927 0.0665450 0.1423808 0.0693671 0.1403473 0.3536253 0.0288435 0.0527816 0.1786967 0.0672375 0.0816128 
Perityle_gilensis_salensis_225             0.3249740 0.2005207 0.1960917 0.2619396 0.1931890 0.1638732 0.3426052 0.5548922 0.3380367 0.1748613 0.1917219 0.0816357 0.0586447 0.0859758 0.1603189 0.0561383 0.2491189 0.1416901 0.0661867 0.3772160 0.0556943 0.5332488 0.1035994 0.1913609 0.0716781 0.2939694 0.3397229 0.3448342 0.1584938 0.3400653 0.2353101 0.1725041 0.0631140 0.2494462 0.2300505 0.0336901 0.3611623 0.1425851 0.0214447 0.0000000 0.2124071 0.0598843 0.2643002 0.3329844 0.0600449 0.1674512 0.0690800 0.0964804 0.1390701 0.0537436 0.0601102 0.0628021 0.3476772 0.0773314 0.2271368 0.2351282 0.1762462 0.1911783 0.0988522 0.1680550 0.0915703 0.2610893 0.4089315 0.0644514 0.1269189 0.3140242 0.1711934 0.2356351 0.0781472 0.0911628 0.0539098 0.1921927 0.0745400 0.0685181 0.1236206 0.0644108 0.1375399 0.3401657 0.0551787 0.0741287 0.2092259 0.0723347 0.1005218 
Perityle_glaucescens_94                    0.3767536 0.2209321 0.2103223 0.2172319 0.1110499 0.2426963 0.3884185 0.2865234 0.2935895 0.1283638 0.1561913 0.2311258 0.1713730 0.2955877 0.2619121 0.2012775 0.2920516 0.1858003 0.1395250 0.3200917 0.2025236 0.0697992 0.1725306 0.1134744 0.1938475 0.3560162 0.3399825 0.4092175 0.2040705 0.3141016 0.3544925 0.1672574 0.1839438 0.2747637 0.0516402 0.1704600 0.3213063 0.2344860 0.2011575 0.2124071 0.0000000 0.1551319 0.1370828 0.3458519 0.1667414 0.2555904 0.1856440 0.1969335 0.1445963 0.1877576 0.1939568 0.1753452 0.4384431 0.2197024 0.2820349 0.2411734 0.2227699 0.1227227 0.1814928 0.1787198 0.2103687 0.3990236 0.3414397 0.1771925 0.1789990 0.3762294 0.2385804 0.2929109 0.2149633 0.1963179 0.1741860 0.2517258 0.1828662 0.1617976 0.2171592 0.1087994 0.2315048 0.3501742 0.1709798 0.1857262 0.1745022 0.1887632 0.2573317 
Perityle_gracilis_11                       0.3882767 0.1953220 0.2224662 0.2414897 0.1638565 0.1244803 0.3494252 0.2902845 0.2915456 0.1238215 0.1550946 0.0879435 0.0425492 0.1413216 0.1645401 0.0326298 0.2400348 0.1542370 0.0173557 0.2943502 0.0211194 0.0562071 0.0401924 0.0932415 0.0151901 0.2906274 0.3103090 0.2846838 0.1884315 0.2814975 0.1784441 0.1161706 0.0436670 0.2292188 0.1613064 0.0419706 0.3418429 0.1546585 0.0539929 0.0598843 0.1551319 0.0000000 0.1537913 0.3018373 0.0405082 0.1306801 0.0027341 0.0166216 0.1345522 0.0348535 0.0188767 0.0170602 0.3625309 0.0509489 0.2217024 0.1857114 0.1992694 0.1011246 0.0137517 0.1362029 0.0875220 0.2529348 0.2806467 0.0352690 0.1434787 0.3084278 0.1528905 0.2363761 0.0420037 0.0386386 0.0229461 0.1952597 0.0077424 0.0188659 0.1253360 0.0070524 0.1364254 0.3073711 0.0295590 0.0595978 0.1885987 0.0124283 0.1749279 
Perityle_harkerae_31                       0.4899978 0.1731933 0.3593545 0.2587213 0.3208501 0.1910077 0.4606962 0.0520217 0.6069664 0.2226868 0.2531797 0.2313627 0.1742399 0.2937041 0.1485443 0.1953066 0.4431199 0.1541728 0.0572611 0.2793000 0.2839418 0.0684788 0.1915383 0.3460726 0.2068036 0.3620569 0.3218599 0.3896398 0.2978120 0.1998049 0.2575256 0.1939531 0.1830366 0.2738876 0.1459096 0.1586415 0.3444233 0.2233951 0.2561088 0.2643002 0.1370828 0.1537913 0.0000000 0.3592554 0.1808492 0.2032036 0.1811821 0.2118398 0.1584831 0.2498515 0.2064355 0.1718066 0.4033052 0.2566303 0.2286121 0.1801614 0.3256906 0.3496537 0.1968494 0.1727335 0.0734511 0.3340807 0.1249001 0.1758467 0.1937362 0.3581869 0.3346168 0.3731785 0.1845167 0.2901542 0.1623515 0.3722110 0.2583034 0.2046692 0.1219021 0.0685254 0.3509296 0.4199523 0.1437092 0.2905885 0.2315502 0.2638230 0.3411488 
Perityle_hofmeisteria_4_nombre_de_dios     0.3504985 0.2062661 0.3513419 0.2145540 0.3809642 0.1617961 0.4611090 0.3848495 0.2893184 0.3230912 0.3302503 0.3411403 0.2391805 0.2626937 0.2771125 0.2280645 0.3392325 0.2816427 0.2923985 0.2366312 0.3575150 0.5074119 0.3268674 0.3639938 0.3046910 0.3060464 0.1008286 0.3930006 0.3598998 0.3333778 0.2967281 0.2728456 0.3052568 0.2717377 0.3464980 0.2928144 0.2835308 0.3612700 0.3642329 0.3329844 0.3458519 0.3018373 0.3592554 0.0000000 0.3228451 0.0624022 0.3074049 0.3348208 0.3014290 0.3528709 0.3109196 0.2985051 0.2967999 0.3575591 0.3074001 0.2654671 0.3345189 0.3560451 0.3252851 0.2611572 0.2221760 0.3900975 0.2618537 0.2120876 0.2164529 0.3309433 0.3386833 0.3187561 0.1885016 0.2994253 0.2277234 0.3864549 0.3798228 0.3627162 0.3394558 0.2446502 0.3439732 0.1148357 0.2171377 0.3292328 0.3318395 0.3818736 0.3650931 
Perityle_huecosensis_48                    0.3522519 0.1958253 0.2215485 0.2309475 0.1718805 0.1497112 0.3504915 0.3057072 0.3023808 0.1466832 0.1697614 0.0633523 0.0376089 0.1598865 0.1331948 0.0315239 0.2492064 0.1365922 0.0550385 0.3945969 0.0470367 0.0697570 0.0665154 0.1795807 0.0543753 0.3392869 0.3204973 0.3493431 0.1545192 0.3242970 0.2285075 0.1445818 0.0507377 0.2663316 0.1716758 0.0298778 0.3399588 0.1393279 0.0263818 0.0600449 0.1667414 0.0405082 0.1808492 0.3228451 0.0000000 0.1542997 0.0437586 0.0614479 0.1329516 0.0466741 0.0400771 0.0519390 0.4417656 0.0598923 0.1913707 0.1594488 0.1728452 0.1817105 0.0605075 0.1412780 0.0745161 0.2573097 0.4329193 0.0447894 0.1186617 0.3537982 0.1703453 0.2335361 0.0660185 0.0916691 0.0310468 0.1870770 0.0613461 0.0637411 0.0911174 0.0528584 0.1398954 0.3250404 0.0418600 0.0597583 0.2026188 0.0635999 0.1442521 
