81
Amauria_brandeegeana_62                    0.0000000 0.0265106 0.1145634 0.2275913 0.1595680 0.0816952 0.0714916 0.1651655 0.0443197 0.1625482 0.1469922 0.1979155 0.0804945 0.0430383 0.1621779 0.1217145 0.1063835 0.1485197 0.1237810 0.0046392 0.1078955 0.0343477 0.1267318 0.0223237 0.1258300 0.1327247 0.1428954 0.2122295 0.1338885 0.0766141 0.1426191 0.1674764 0.0000010 0.1090068 0.0749786 0.2132539 0.0614877 0.2063777 0.1189237 0.1347412 0.2076993 0.1208816 0.1815239 0.2651971 0.1220544 0.1837214 0.1232006 0.1429234 0.2741867 0.1083766 0.1234580 0.0956157 0.1340819 0.0814942 0.2406142 0.0485530 0.0413366 0.1286895 0.1461972 0.2126152 0.1200376 0.0287711 0.0387490 0.2173518 0.1669398 0.1038733 0.1302876 0.1269795 0.1270574 0.1445576 0.1386398 0.1123796 0.0966667 0.0655811 0.1319026 0.3842676 0.1333271 0.1408150 0.1107400 0.1060855 0.1319303 
Amauria_carterae_99_mesa                   0.0265106 0.0000000 0.0502652 0.1035869 0.0848031 0.0901614 0.0907280 0.1595375 0.0367814 0.0690231 0.0652777 0.1107491 0.0621263 0.0599202 0.0540513 0.0566752 0.0540551 0.1229625 0.0620603 0.0188933 0.0559577 0.0565978 0.0713230 0.0450823 0.0652016 0.0498573 0.0752101 0.1035130 0.0787975 0.0915501 0.0871729 0.0764549 0.0180685 0.0511213 0.0314827 0.1096777 0.0619505 0.0841962 0.0692576 0.0601051 0.0958587 0.0474395 0.0924699 0.0906191 0.0654304 0.0649871 0.0480498 0.0714390 0.1020965 0.0423600 0.0528894 0.0417617 0.0449409 0.0562691 0.0985301 0.0620241 0.0530709 0.0568512 0.0565174 0.1096879 0.0910830 0.0426798 0.0463376 0.1034272 0.0591786 0.1015529 0.0601518 0.0591918 0.0717314 0.0822776 0.0657382 0.0591076 0.0425032 0.0505832 0.0977949 0.1004542 0.0533066 0.0511689 0.1131547 0.0561265 0.0262102 
Amauria_rotundifolia_SRR9119150            0.1145634 0.0502652 0.0000000 0.2650614 0.1809829 0.1109525 0.1038352 0.1830600 0.1133933 0.1980724 0.1604217 0.2016215 0.1295875 0.0914246 0.1997068 0.1700891 0.1581001 0.1960911 0.1471063 0.0189241 0.1620924 0.0621888 0.1488557 0.0449927 0.1709648 0.1831275 0.1733628 0.2601170 0.1709810 0.0826525 0.2111693 0.2216421 0.0178296 0.1515334 0.0937944 0.2569322 0.0905713 0.2632857 0.1644297 0.1267108 0.2354678 0.1497498 0.2120378 0.2984847 0.1536526 0.1891647 0.1406830 0.1579810 0.3110342 0.1293133 0.1599383 0.0921843 0.1504256 0.1173757 0.2918581 0.0629010 0.0592122 0.1773581 0.1788025 0.2399526 0.1806378 0.0454267 0.0576532 0.2573613 0.2281552 0.1334261 0.1751525 0.1485336 0.1542235 0.1685108 0.1641149 0.1475251 0.1379116 0.0954122 0.1696136 0.4088775 0.1585787 0.1688982 0.1394701 0.1574375 0.1642831 
Conoclinium_coelestinum_SRR9119114         0.2275913 0.1035869 0.2650614 0.0000000 0.2492889 0.0688657 0.1625085 0.2335722 0.2006111 0.2777880 0.2429271 0.2711138 0.2155694 0.1655535 0.3000335 0.2339408 0.1778731 0.1921633 0.2420208 0.0328534 0.2534897 0.0893019 0.2414522 0.1415784 0.2588607 0.2417635 0.2674108 0.3429349 0.2144340 0.1434251 0.2667390 0.2994687 0.0629075 0.2473661 0.2178634 0.3225106 0.2053010 0.2767786 0.2510070 0.2480797 0.3079947 0.2207231 0.2859557 0.3100205 0.2518976 0.3079374 0.2246525 0.2498952 0.3480999 0.2227909 0.2414990 0.2239442 0.2239168 0.2116351 0.2896992 0.2094539 0.1685554 0.2603246 0.2588258 0.2218102 0.2166275 0.1416702 0.1570598 0.3122483 0.2711267 0.2597988 0.2326150 0.2319944 0.2421809 0.2518384 0.2815623 0.2321183 0.2204930 0.1927416 0.2834534 0.4206655 0.2401344 0.2449951 0.1652539 0.2448004 0.2298181 
Eutetras_palmeri_63                        0.1595680 0.0848031 0.1809829 0.2492889 0.0000000 0.1332513 0.1017171 0.2674432 0.1565305 0.2046888 0.1849294 0.2036093 0.1705528 0.1431426 0.1930363 0.2041677 0.1742132 0.2410535 0.1755823 0.0092567 0.1805485 0.0498676 0.1748391 0.0590411 0.1821019 0.1880958 0.1597394 0.2593360 0.1400226 0.0827937 0.1938540 0.2547867 0.0251492 0.1863157 0.1245330 0.2771567 0.1443174 0.2286097 0.1783733 0.1322816 0.2678904 0.1658619 0.2419280 0.2534189 0.1770203 0.2079420 0.1628040 0.1810668 0.3402328 0.1432956 0.1921347 0.1221671 0.1361214 0.1610325 0.2887760 0.1032965 0.1121247 0.1813657 0.1926727 0.2250986 0.1877427 0.0598898 0.0790269 0.2639594 0.2032083 0.1682032 0.1870273 0.1587634 0.1752998 0.1759002 0.1866868 0.1594798 0.1854387 0.0848914 0.1872179 0.4155592 0.1745667 0.1820977 0.1422991 0.1869829 0.1462395 
Eutrochium_fistulosum_SRR9119106           0.0816952 0.0901614 0.1109525 0.0688657 0.1332513 0.0000000 0.1291446 0.2089122 0.0812842 0.1349044 0.1110669 0.1360493 0.1020443 0.1078142 0.1128887 0.1002567 0.1032408 0.1574246 0.1081928 0.0247005 0.1050427 0.0765707 0.1166678 0.0784325 0.1169545 0.0992712 0.1297535 0.1461368 0.1079198 0.1175811 0.1307817 0.1304462 0.0427282 0.0956298 0.0470600 0.1533360 0.1067743 0.1389017 0.1284896 0.1006882 0.1437450 0.0887205 0.1369943 0.1305200 0.1147694 0.1069335 0.0901117 0.1143047 0.1515704 0.0901502 0.1019691 0.0932000 0.0903503 0.1023259 0.1366519 0.0936190 0.0998138 0.1066638 0.1060593 0.1419246 0.1155742 0.0872893 0.0667088 0.1396485 0.1084464 0.1496825 0.0988245 0.1021217 0.1173079 0.1079643 0.1247112 0.1024040 0.0903689 0.0918187 0.1453919 0.1480951 0.0995940 0.0963822 0.1333355 0.1035321 0.0814433 
Galeana_pratensis_104_mex                  0.0714916 0.0907280 0.1038352 0.1625085 0.1017171 0.1291446 0.0000000 0.1464612 0.0754211 0.1016128 0.0844995 0.1060327 0.0914285 0.0764201 0.0894016 0.0826256 0.1286714 0.1370450 0.0913507 0.0511562 0.0770835 0.0776677 0.0880012 0.0605642 0.0912504 0.0843108 0.0915930 0.1677005 0.1311073 0.1274467 0.1497169 0.1551476 0.0605663 0.0748882 0.0799760 0.1554725 0.0811493 0.1649091 0.0843516 0.0807353 0.1578451 0.0760082 0.1527958 0.1705682 0.0914178 0.1353368 0.0760349 0.0950179 0.1575667 0.0725715 0.0877530 0.0777627 0.0762398 0.0846595 0.1544284 0.0872867 0.0711249 0.0770835 0.0773746 0.1867389 0.1360832 0.0724965 0.0625967 0.1635685 0.0879386 0.1275589 0.0674811 0.0882272 0.0885758 0.1369833 0.0772959 0.0885059 0.0835105 0.0720774 0.1274596 0.1517680 0.0740628 0.0764163 0.1828029 0.0776147 0.0909740 
Helianthus_annuus_SRR9119062               0.1651655 0.1595375 0.1830600 0.2335722 0.2674432 0.2089122 0.1464612 0.0000000 0.1504969 0.2165296 0.2083944 0.2791426 0.2052424 0.1968775 0.1933980 0.1935077 0.1680602 0.2151441 0.2113330 0.0768022 0.2110492 0.1210236 0.2081702 0.1779189 0.2079569 0.1944324 0.2085178 0.1887764 0.1974971 0.0806226 0.1695342 0.2430269 0.1104720 0.2134189 0.1002147 0.1983213 0.1962972 0.1908532 0.2211525 0.1954110 0.1830406 0.2026622 0.1907900 0.2191545 0.2236249 0.1877667 0.1995751 0.2197047 0.1861301 0.1876551 0.2036791 0.1804793 0.1924594 0.2021725 0.2171438 0.1270399 0.1971607 0.2186450 0.2104492 0.1973009 0.1493474 0.1752631 0.1386495 0.1886561 0.2019812 0.2295185 0.2157639 0.2088400 0.2095454 0.1895507 0.2296971 0.2115995 0.1905761 0.1668374 0.2373465 0.2248867 0.2115999 0.2042329 0.1908225 0.2060451 0.1550959 
Lycapsus_tenuifolius_17                    0.0443197 0.0367814 0.1133933 0.2006111 0.1565305 0.0812842 0.0754211 0.1504969 0.0000000 0.1541847 0.1204176 0.1861213 0.0788196 0.0491177 0.1521384 0.1012822 0.1065617 0.1310013 0.1133280 0.0047495 0.1071702 0.0363186 0.1041465 0.0352990 0.1270879 0.1378289 0.1379620 0.2213956 0.0916576 0.0426544 0.1348225 0.1462135 0.0035318 0.0990963 0.0696296 0.1985885 0.0560311 0.1730117 0.1161365 0.1099703 0.1913034 0.1079508 0.1632367 0.2357401 0.1072627 0.1712400 0.0947768 0.1149956 0.2164526 0.0917259 0.1166182 0.0775318 0.1222164 0.0725832 0.1772175 0.0541924 0.0470163 0.1257759 0.1249786 0.1726081 0.0982596 0.0400615 0.0437595 0.2129929 0.1719887 0.1007416 0.1330820 0.1078634 0.1044835 0.1082782 0.1262593 0.1075220 0.0907824 0.0732596 0.1376229 0.2824997 0.1119156 0.1365026 0.0966271 0.1044234 0.0965735 
Pericome_caudata_50_silver                 0.1625482 0.0690231 0.1980724 0.2777880 0.2046888 0.1349044 0.1016128 0.2165296 0.1541847 0.0000000 0.1773821 0.2310151 0.1480385 0.1142395 0.2233164 0.2081976 0.2090389 0.2080306 0.1645105 0.0234192 0.1949671 0.0657880 0.1585299 0.0504737 0.1893756 0.1711892 0.2136640 0.2812814 0.1777387 0.0974499 0.2447351 0.2958434 0.0329124 0.1675110 0.1356918 0.2963057 0.1222567 0.2786693 0.1848041 0.1452884 0.2699399 0.1841748 0.2470699 0.3125473 0.1762697 0.2432599 0.1554761 0.1732361 0.3507327 0.1464008 0.1795289 0.1228962 0.1690985 0.1526116 0.3049483 0.1021039 0.1044659 0.1965224 0.1993025 0.2597443 0.2128828 0.0525432 0.0870720 0.3018286 0.2093010 0.1252672 0.1571350 0.1548891 0.1606226 0.1983474 0.1999885 0.1758989 0.1718902 0.1009821 0.1755964 0.4735030 0.1713705 0.1879920 0.1473745 0.1944769 0.2042433 
Perityle_aglossa_84_dead_horse             0.1469922 0.0652777 0.1604217 0.2429271 0.1849294 0.1110669 0.0844995 0.2083944 0.1204176 0.1773821 0.0000000 0.1215329 0.0426951 0.0320896 0.1529711 0.1075533 0.1239144 0.1658241 0.0853486 0.0233794 0.0863881 0.0455177 0.1325430 0.0107906 0.0813582 0.1863842 0.2123846 0.2285246 0.1850407 0.1200894 0.2142956 0.2185194 0.0363024 0.1131258 0.1302932 0.2370210 0.0314041 0.2232154 0.0835840 0.1306857 0.2143716 0.1027123 0.1745014 0.2759690 0.0887770 0.1980697 0.1211460 0.1513266 0.2952678 0.0992271 0.0725963 0.1391626 0.1152906 0.0525912 0.2534254 0.0505207 0.0323147 0.1053312 0.1347889 0.2140946 0.1670736 0.0327505 0.0099776 0.2106959 0.1719031 0.1288358 0.1588725 0.1426487 0.1372941 0.1899286 0.1151952 0.0872093 0.0594698 0.0721507 0.1659257 0.4508466 0.1413283 0.0783114 0.1416374 0.0841398 0.2327379 
Perityle_ajoensis_204                      0.1979155 0.1107491 0.2016215 0.2711138 0.2036093 0.1360493 0.1060327 0.2791426 0.1861213 0.2310151 0.1215329 0.0000000 0.1022214 0.1065641 0.2112120 0.1624867 0.2380943 0.2395998 0.1302932 0.0234416 0.1284271 0.0300834 0.1087882 0.0246280 0.1306229 0.1791642 0.1712828 0.2729022 0.2259058 0.1204724 0.2404514 0.3036385 0.0592159 0.1078088 0.1340430 0.3035658 0.0887868 0.2497819 0.1224703 0.0934596 0.2815319 0.1206715 0.2509219 0.2755092 0.1134655 0.2483087 0.0899468 0.0982300 0.3507787 0.1091551 0.1145602 0.0940315 0.1548983 0.0887027 0.2867862 0.0566602 0.0915729 0.1413018 0.1315912 0.2533904 0.1926942 0.0599885 0.0330301 0.2729663 0.2149035 0.1703900 0.1954025 0.1109018 0.1128766 0.2260254 0.1352002 0.1081313 0.1070514 0.0473388 0.2316583 0.4561554 0.1132696 0.1408768 0.1422261 0.1144208 0.2079597 
Perityle_ambrosiifolia_67_green            0.0804945 0.0621263 0.1295875 0.2155694 0.1705528 0.1020443 0.0914285 0.2052424 0.0788196 0.1480385 0.0426951 0.1022214 0.0000000 0.0232881 0.0988316 0.0740924 0.0959677 0.1676448 0.0428705 0.0092743 0.0574194 0.0186829 0.0335644 0.0107978 0.0523891 0.0910299 0.0915011 0.1610163 0.1245708 0.1130021 0.1633507 0.1917011 0.0362738 0.0236652 0.1108703 0.1932090 0.0239935 0.1888202 0.0736430 0.0298923 0.1776613 0.0432857 0.1520899 0.1873733 0.0402273 0.1582429 0.0290332 0.0467644 0.2392403 0.0238158 0.0382531 0.0318421 0.0461076 0.0366263 0.2315574 0.0424065 0.0313080 0.0591945 0.0591599 0.1714059 0.1809605 0.0256330 0.0156233 0.1600788 0.1019381 0.1288450 0.1178948 0.0326391 0.0336477 0.1543498 0.0733988 0.0391525 0.0394573 0.0282855 0.1502755 0.3499332 0.0364747 0.0422786 0.1376346 0.0567433 0.1096952 
Perityle_angustifolia_13_Eagle_creek       0.0430383 0.0599202 0.0914246 0.1655535 0.1431426 0.1078142 0.0764201 0.1968775 0.0491177 0.1142395 0.0320896 0.1065641 0.0232881 0.0000000 0.0672340 0.0192649 0.0773852 0.1522848 0.0126916 0.0094526 0.0298306 0.0114018 0.0212824 0.0027551 0.0341885 0.0407746 0.0913161 0.1420794 0.1104269 0.1154653 0.1566200 0.1407017 0.0406087 0.0043242 0.0526477 0.1474323 0.0154280 0.1683017 0.0594615 0.0119778 0.1338318 0.0128388 0.1246720 0.1687174 0.0298782 0.1190064 0.0086650 0.0255364 0.1366278 0.0064899 0.0105623 0.0368372 0.0335344 0.0041932 0.1367846 0.0373132 0.0321476 0.0279240 0.0300448 0.1608899 0.1038176 0.0222261 0.0095165 0.1371081 0.0452799 0.1212646 0.0779060 0.0126858 0.0213695 0.1106643 0.0656935 0.0190697 0.0152985 0.0160795 0.1423015 0.1333983 0.0148637 0.0239084 0.1330259 0.0259431 0.0586747 
Perityle_batopilensis_97                   0.1621779 0.0540513 0.1997068 0.3000335 0.1930363 0.1128887 0.0894016 0.1933980 0.1521384 0.2233164 0.1529711 0.2112120 0.0988316 0.0672340 0.0000000 0.1511633 0.1782587 0.1572758 0.1601987 0.0233867 0.1758230 0.0423156 0.1579366 0.0369222 0.1875710 0.1346711 0.1542667 0.3059091 0.1736697 0.1052531 0.1715913 0.2158250 0.0364974 0.1549356 0.1189603 0.2628026 0.0651866 0.2518263 0.1737276 0.1275967 0.2547630 0.1260632 0.2467217 0.3448333 0.1535955 0.2009117 0.1383077 0.1590047 0.2686596 0.1384453 0.1346680 0.1118138 0.1356466 0.1055918 0.2497133 0.0505466 0.0362807 0.1900514 0.1874741 0.2130969 0.1361415 0.0238528 0.0350071 0.3070575 0.1841902 0.1175445 0.2029005 0.1443025 0.1584177 0.1991262 0.1673289 0.1244972 0.1256316 0.0859762 0.1471316 0.3776003 0.1530853 0.1777091 0.1301888 0.1577736 0.1638104 
Perityle_bisetosa_9                        0.1217145 0.0566752 0.1700891 0.2339408 0.2041677 0.1002567 0.0826256 0.1935077 0.1012822 0.2081976 0.1075533 0.1624867 0.0740924 0.0192649 0.1511633 0.0000000 0.1291657 0.1706570 0.0633648 0.0093226 0.1073288 0.0112282 0.0844138 0.0027317 0.1068114 0.1263443 0.1375502 0.2349908 0.1516269 0.1128531 0.2005384 0.1917157 0.0403006 0.0833730 0.1472891 0.2498280 0.0238277 0.2036488 0.1147569 0.0834736 0.2385040 0.0631349 0.1827153 0.2656122 0.0916030 0.1768401 0.0767591 0.0910926 0.2367125 0.0708982 0.0779627 0.0656772 0.1066573 0.0519601 0.1936999 0.0397909 0.0289677 0.1148887 0.1145204 0.1940916 0.1446964 0.0260876 0.0075987 0.2217892 0.1655572 0.1430843 0.1761226 0.0770565 0.0846725 0.1910390 0.1145810 0.0621478 0.0824994 0.0249988 0.1703640 0.2581027 0.0913860 0.1188834 0.1316462 0.0987384 0.1499221 
Perityle_californica_76_positas            0.1063835 0.0540551 0.1581001 0.1778731 0.1742132 0.1032408 0.1286714 0.1680602 0.1065617 0.2090389 0.1239144 0.2380943 0.0959677 0.0773852 0.1782587 0.1291657 0.0000000 0.1553974 0.1056871 0.0301399 0.1532321 0.0882661 0.1058102 0.0764180 0.1560104 0.1028084 0.1265440 0.1871034 0.1120061 0.0937310 0.0674431 0.1675126 0.0193274 0.1143349 0.0754075 0.1926902 0.0908237 0.1746506 0.1509579 0.1092318 0.2033569 0.0933157 0.1619372 0.2164759 0.1064437 0.1584331 0.0964165 0.1130511 0.2079336 0.0824809 0.1172232 0.0687360 0.1384038 0.0873889 0.1690727 0.0807407 0.0832180 0.1560078 0.1486777 0.1798826 0.1234225 0.0724855 0.0831425 0.1960143 0.1588785 0.1351502 0.1450292 0.1011614 0.1062597 0.1177035 0.1833869 0.0987654 0.0912353 0.0869093 0.1715144 0.2174932 0.0992576 0.1481323 0.1198926 0.1137485 0.0804213 
Perityle_canescens_77                      0.1485197 0.1229625 0.1960911 0.1921633 0.2410535 0.1574246 0.1370450 0.2151441 0.1310013 0.2080306 0.1658241 0.2395998 0.1676448 0.1522848 0.1572758 0.1706570 0.1553974 0.0000000 0.1620665 0.0435396 0.1714174 0.1094619 0.1746601 0.0859669 0.1872037 0.1616610 0.1620165 0.1602198 0.1237613 0.0994003 0.2149255 0.1842847 0.0562396 0.1475887 0.0885587 0.1212474 0.1662649 0.1762188 0.1839051 0.1283191 0.1057073 0.1460270 0.1004559 0.1927880 0.1813062 0.1244799 0.1450566 0.1656808 0.1137177 0.1366182 0.1592847 0.1478161 0.1490764 0.1473380 0.1307444 0.1000537 0.1479288 0.1706701 0.1730693 0.1333017 0.0559930 0.1080351 0.0918246 0.1527418 0.1714334 0.2015391 0.1745744 0.1557663 0.1756105 0.1272703 0.1944253 0.1594220 0.1505103 0.1008172 0.2084913 0.1318202 0.1507119 0.1610706 0.0628634 0.1680226 0.1201957 
Perityle_castillonii_96                    0.1237810 0.0620603 0.1471063 0.2420208 0.1755823 0.1081928 0.0913507 0.2113330 0.1133280 0.1645105 0.0853486 0.1302932 0.0428705 0.0126916 0.1601987 0.0633648 0.1056871 0.1620665 0.0000000 0.0139512 0.0784917 0.0186277 0.0292727 0.0080795 0.0833086 0.0938615 0.1265080 0.2121984 0.1763179 0.1204561 0.1821051 0.2011669 0.0437439 0.0491170 0.1234223 0.2229585 0.0217925 0.1960112 0.0570658 0.0751457 0.2148245 0.0333856 0.1827923 0.2303770 0.0363685 0.2019465 0.0248661 0.0410815 0.2675370 0.0180853 0.0565371 0.0373190 0.0776222 0.0293592 0.2178421 0.0563596 0.0381626 0.0945212 0.0995544 0.2058838 0.1492189 0.0303762 0.0175127 0.1964641 0.1359895 0.1369865 0.1404752 0.0216678 0.0293443 0.1837181 0.1067302 0.0305454 0.0496725 0.0455269 0.1801158 0.3497507 0.0452792 0.0861595 0.1412186 0.0730536 0.1453633 
Perityle_cernua_84                         0.0046392 0.0188933 0.0189241 0.0328534 0.0092567 0.0247005 0.0511562 0.0768022 0.0047495 0.0234192 0.0233794 0.0234416 0.0092743 0.0094526 0.0233867 0.0093226 0.0301399 0.0435396 0.0139512 0.0000000 0.0092517 0.0139680 0.0139559 0.0094601 0.0186061 0.0139360 0.0092467 0.0507591 0.0179270 0.0370269 0.0382132 0.0618408 0.0000010 0.0092743 0.0098396 0.0524937 0.0092743 0.0240177 0.0093124 0.0092743 0.0531778 0.0094165 0.0529779 0.0327915 0.0234069 0.0297231 0.0095525 0.0186729 0.0572421 0.0094066 0.0092743 0.0093178 0.0094062 0.0186450 0.0474614 0.0126190 0.0139430 0.0092517 0.0092998 0.0631879 0.0473656 0.0046841 0.0145272 0.0504721 0.0139778 0.0330634 0.0047787 0.0140447 0.0140814 0.0179770 0.0092998 0.0186991 0.0190939 0.0142015 0.0281091 0.0425741 0.0187860 0.0094421 0.0828082 0.0092957 0.0046833 
Perityle_cfvillosa_25_tin                  0.1078955 0.0559577 0.1620924 0.2534897 0.1805485 0.1050427 0.0770835 0.2110492 0.1071702 0.1949671 0.0863881 0.1284271 0.0574194 0.0298306 0.1758230 0.1073288 0.1532321 0.1714174 0.0784917 0.0092517 0.0000000 0.0224465 0.0699647 0.0108107 0.0274339 0.1292702 0.1146752 0.2340206 0.1476793 0.1127098 0.1799527 0.2230257 0.0399312 0.0773183 0.1365549 0.2441527 0.0428120 0.2071616 0.0943664 0.0668767 0.2336222 0.0622513 0.1972858 0.2606127 0.0760978 0.2051631 0.0521470 0.0683524 0.2880653 0.0591541 0.0896179 0.0463768 0.0806721 0.0481732 0.2409341 0.0420565 0.0442227 0.0078866 0.0022463 0.1998389 0.1864621 0.0280356 0.0227155 0.2276919 0.1481107 0.1381401 0.1604880 0.0655116 0.0701298 0.1810759 0.0863854 0.0700535 0.0661084 0.0453933 0.1657894 0.3966001 0.0792495 0.0890806 0.1342238 0.0257439 0.1390946 
Perityle_cinerea_113_Powell1310            0.0343477 0.0565978 0.0621888 0.0893019 0.0498676 0.0765707 0.0776677 0.1210236 0.0363186 0.0657880 0.0455177 0.0300834 0.0186829 0.0114018 0.0423156 0.0112282 0.0882661 0.1094619 0.0186277 0.0139680 0.0224465 0.0000000 0.0262894 0.0115921 0.0299945 0.0301020 0.0416416 0.1081858 0.0814495 0.1137061 0.1086376 0.1036909 0.0336030 0.0112618 0.0286373 0.1153454 0.0111350 0.1022071 0.0111716 0.0186538 0.1170709 0.0151089 0.1123016 0.0980642 0.0300577 0.0599649 0.0153490 0.0224420 0.1197058 0.0154577 0.0148922 0.0341010 0.0272127 0.0186360 0.0940801 0.0532642 0.0339533 0.0224465 0.0225408 0.1171800 0.1059210 0.0266432 0.0236188 0.1037467 0.0378023 0.0948140 0.0487647 0.0149605 0.0264799 0.0857495 0.0225408 0.0224472 0.0192642 0.0266803 0.0902344 0.1069796 0.0263358 0.0272319 0.1225293 0.0225327 0.0247166 
Perityle_coahuilensis_24                   0.1267318 0.0713230 0.1488557 0.2414522 0.1748391 0.1166678 0.0880012 0.2081702 0.1041465 0.1585299 0.1325430 0.1087882 0.0335644 0.0212824 0.1579366 0.0844138 0.1058102 0.1746601 0.0292727 0.0139559 0.0699647 0.0262894 0.0000000 0.0080843 0.0751685 0.1210584 0.1950871 0.2040802 0.1766007 0.1205092 0.1961239 0.2093691 0.0435295 0.0749922 0.1143657 0.2497855 0.0234958 0.2044342 0.0448379 0.1368324 0.2217562 0.0363366 0.1814308 0.2282509 0.0388986 0.1912015 0.0450170 0.0559475 0.3057549 0.0184642 0.0589678 0.0718415 0.1271613 0.0251527 0.2535452 0.0506321 0.0402670 0.0993863 0.1471524 0.2246372 0.1575733 0.0352067 0.0124925 0.1888360 0.1597290 0.1322616 0.1321103 0.0426658 0.0000010 0.1811105 0.1019755 0.0290934 0.0643432 0.0519408 0.1718549 0.4587915 0.1349593 0.0796123 0.1413915 0.0715563 0.2149070 
Perityle_cochisensis_44_cave_creek         0.0223237 0.0450823 0.0449927 0.1415784 0.0590411 0.0784325 0.0605642 0.1779189 0.0352990 0.0504737 0.0107906 0.0246280 0.0107978 0.0027551 0.0369222 0.0027317 0.0764180 0.0859669 0.0080795 0.0094601 0.0108107 0.0115921 0.0080843 0.0000000 0.0162737 0.0245204 0.0331321 0.1208977 0.0917952 0.1004969 0.0962119 0.1058723 0.0358964 0.0000010 0.0432838 0.1349682 0.0056161 0.1101803 0.0054159 0.0081487 0.1222352 0.0054874 0.1141862 0.1162409 0.0162672 0.1103714 0.0000010 0.0190265 0.1237365 0.0027600 0.0053769 0.0110065 0.0112812 0.0053901 0.1036089 0.0306252 0.0218543 0.0109043 0.0109087 0.1192488 0.0905623 0.0136499 0.0032527 0.1177991 0.0217996 0.0776132 0.0474674 0.0081090 0.0081273 0.0920259 0.0081165 0.0135443 0.0027682 0.0162143 0.0833304 0.0944124 0.0053812 0.0083049 0.1231890 0.0109303 0.0333348 
Perityle_congesta_202                      0.1258300 0.0652016 0.1709648 0.2588607 0.1821019 0.1169545 0.0912504 0.2079569 0.1270879 0.1893756 0.0813582 0.1306229 0.0523891 0.0341885 0.1875710 0.1068114 0.1560104 0.1872037 0.0833086 0.0186061 0.0274339 0.0299945 0.0751685 0.0162737 0.0000000 0.1384770 0.1228792 0.2507594 0.1687042 0.1127098 0.2059851 0.2216528 0.0474357 0.0743803 0.1341102 0.2504611 0.0411664 0.2093653 0.0890246 0.0658414 0.2411675 0.0781680 0.2059529 0.2882780 0.0800343 0.2054446 0.0535398 0.0709774 0.2995421 0.0637356 0.0855939 0.0558422 0.0934478 0.0424293 0.2644884 0.0421476 0.0482739 0.0339386 0.0293278 0.2360988 0.1805163 0.0376503 0.0176339 0.2380175 0.1555573 0.1441293 0.1578925 0.0706348 0.0753467 0.1914800 0.0890303 0.0771065 0.0669772 0.0583879 0.1824035 0.4246714 0.0921398 0.0952569 0.1486909 0.0457134 0.1540493 
Perityle_cordifolia_27                     0.1327247 0.0498573 0.1831275 0.2417635 0.1880958 0.0992712 0.0843108 0.1944324 0.1378289 0.1711892 0.1863842 0.1791642 0.0910299 0.0407746 0.1346711 0.1263443 0.1028084 0.1616610 0.0938615 0.0139360 0.1292702 0.0301020 0.1210584 0.0245204 0.1384770 0.0000000 0.1705604 0.2247430 0.1660472 0.0972823 0.1984046 0.2302245 0.0288018 0.1152298 0.1108858 0.2259633 0.0726066 0.1971879 0.1461356 0.1187124 0.2158235 0.0789195 0.1987921 0.2821731 0.1221337 0.1996788 0.1355281 0.1291196 0.2927501 0.0816554 0.1012645 0.0713399 0.0707489 0.0814237 0.2749562 0.0832721 0.0561369 0.1482242 0.1727606 0.2136620 0.1991651 0.0138216 0.0702467 0.2110173 0.0708788 0.1507996 0.1704750 0.0954606 0.1110717 0.1743555 0.2003114 0.0847622 0.1042613 0.0708939 0.1488271 0.4020804 0.1290090 0.1666065 0.1339213 0.1499178 0.1722725 
Perityle_cordifolia_68_tecolote            0.1428954 0.0752101 0.1733628 0.2674108 0.1597394 0.1297535 0.0915930 0.2085178 0.1379620 0.2136640 0.2123846 0.1712828 0.0915011 0.0913161 0.1542667 0.1375502 0.1265440 0.1620165 0.1265080 0.0092467 0.1146752 0.0416416 0.1950871 0.0331321 0.1228792 0.1705604 0.0000000 0.2234053 0.1893887 0.0903143 0.1920665 0.2187975 0.0325199 0.1424703 0.1101158 0.2410429 0.0816981 0.2264517 0.1382438 0.1426912 0.2065891 0.1474225 0.1867658 0.2908630 0.1689622 0.2215302 0.2046962 0.2101876 0.3286148 0.1357360 0.1080840 0.1430200 0.1605966 0.0836593 0.2696019 0.0055040 0.0640625 0.1378952 0.2056655 0.2152684 0.1699965 0.0481324 0.0291422 0.2051039 0.1317430 0.1906232 0.1971314 0.1755216 0.1847858 0.1836162 0.1890870 0.1170732 0.1142736 0.0413937 0.2106937 0.4403272 0.2073226 0.1642020 0.1192968 0.1319380 0.2355483 
Perityle_coronopifolia_28_patagonia        0.2122295 0.1035130 0.2601170 0.3429349 0.2593360 0.1461368 0.1677005 0.1887764 0.2213956 0.2812814 0.2285246 0.2729022 0.1610163 0.1420794 0.3059091 0.2349908 0.1871034 0.1602198 0.2121984 0.0507591 0.2340206 0.1081858 0.2040802 0.1208977 0.2507594 0.2247430 0.2234053 0.0000000 0.2549513 0.1220935 0.2361424 0.2529509 0.0655239 0.1860993 0.1953182 0.2641061 0.1617989 0.1874595 0.2123277 0.2111829 0.2429231 0.2164047 0.2041132 0.2808525 0.2135822 0.1720374 0.1983832 0.2181627 0.3046161 0.1969240 0.2027697 0.1662538 0.2018386 0.1753251 0.2265302 0.1627170 0.1502302 0.2576224 0.2582682 0.1715527 0.1470140 0.1447156 0.1519522 0.1017393 0.2660084 0.2323917 0.2505150 0.2076921 0.2083733 0.2411442 0.2473502 0.2096143 0.1942788 0.1534031 0.2831193 0.4453042 0.2443452 0.2544212 0.0573839 0.2300560 0.2281338 
Perityle_crassifolia_70_ventanas           0.1338885 0.0787975 0.1709810 0.2144340 0.1400226 0.1079198 0.1311073 0.1974971 0.0916576 0.1777387 0.1850407 0.2259058 0.1245708 0.1104269 0.1736697 0.1516269 0.1120061 0.1237613 0.1763179 0.0179270 0.1476793 0.0814495 0.1766007 0.0917952 0.1687042 0.1660472 0.1893887 0.2549513 0.0000000 0.0402403 0.1670468 0.1593200 0.0259469 0.1351294 0.0136901 0.2177950 0.1139107 0.2354245 0.1682191 0.1708825 0.2066901 0.1670632 0.1764403 0.2801941 0.1903917 0.1860768 0.1577628 0.1738936 0.2016197 0.1534192 0.1431596 0.1532562 0.1641270 0.1185240 0.2006182 0.1111441 0.0929181 0.1796452 0.1786367 0.2427800 0.1223591 0.0892358 0.0971040 0.2213874 0.1868151 0.1451092 0.1255678 0.1738756 0.1773630 0.0152507 0.1916327 0.1652418 0.1232128 0.0922453 0.1876961 0.2021877 0.1513307 0.1865154 0.1358836 0.1246605 0.0303520 
Perityle_crassifolia_74_playa_balandra     0.0766141 0.0915501 0.0826525 0.1434251 0.0827937 0.1175811 0.1274467 0.0806226 0.0426544 0.0974499 0.1200894 0.1204724 0.1130021 0.1154653 0.1052531 0.1128531 0.0937310 0.0994003 0.1204561 0.0370269 0.1127098 0.1137061 0.1205092 0.1004969 0.1127098 0.0972823 0.0903143 0.1220935 0.0402403 0.0000000 0.0831788 0.0905225 0.0426544 0.1057903 0.0102896 0.1190147 0.1128531 0.0708506 0.1061594 0.1127098 0.1213674 0.0927850 0.1141974 0.0831147 0.1126546 0.0686183 0.0941289 0.1203654 0.1190147 0.0715660 0.1128531 0.1062107 0.0775625 0.1280231 0.0982969 0.0903143 0.0899706 0.1127098 0.1127098 0.1155159 0.0877690 0.0831550 0.1125118 0.1230890 0.0825131 0.0896344 0.0787295 0.1216864 0.1221688 0.0470687 0.1127098 0.1052437 0.1001461 0.1158905 0.0823787 0.1052208 0.1206213 0.1058377 0.1518802 0.1127098 0.0438759 
Perityle_cuneata_34_cuneata_San_antonio    0.1426191 0.0871729 0.2111693 0.2667390 0.1938540 0.1307817 0.1497169 0.1695342 0.1348225 0.2447351 0.2142956 0.2404514 0.1633507 0.1566200 0.1715913 0.2005384 0.0674431 0.2149255 0.1821051 0.0382132 0.1799527 0.1086376 0.1961239 0.0962119 0.2059851 0.1984046 0.1920665 0.2361424 0.1670468 0.0831788 0.0000000 0.2200596 0.0296519 0.1558882 0.0853319 0.2209983 0.1592567 0.1967867 0.1990188 0.1536557 0.1990211 0.1826578 0.1867313 0.2883652 0.2118381 0.1743146 0.1893261 0.2049438 0.2642253 0.1500376 0.1624522 0.1316270 0.1485164 0.1676963 0.2774416 0.1317056 0.1236994 0.2042399 0.2315936 0.2105972 0.1754170 0.1057841 0.1183033 0.2401695 0.2046284 0.1826695 0.2107056 0.1666243 0.1770541 0.1659229 0.2392320 0.1748495 0.1661895 0.1324081 0.1950247 0.3592414 0.1853750 0.1921331 0.1127028 0.2012062 0.1450201 
Perityle_cuneata_4                         0.1674764 0.0764549 0.2216421 0.2994687 0.2547867 0.1304462 0.1551476 0.2430269 0.1462135 0.2958434 0.2185194 0.3036385 0.1917011 0.1407017 0.2158250 0.1917157 0.1675126 0.1842847 0.2011669 0.0618408 0.2230257 0.1036909 0.2093691 0.1058723 0.2216528 0.2302245 0.2187975 0.2529509 0.1593200 0.0905225 0.2200596 0.0000000 0.0522022 0.2019014 0.1609688 0.2461752 0.1497959 0.2657787 0.2742826 0.1640892 0.2285412 0.1748030 0.1978418 0.3154812 0.2283849 0.2297717 0.2093655 0.2321340 0.2370857 0.1885197 0.1967659 0.1679315 0.2249907 0.1546954 0.1777764 0.1281741 0.1467838 0.2218335 0.2298289 0.2200766 0.1511644 0.1064084 0.1249244 0.2532564 0.2567066 0.2579641 0.2302416 0.2035239 0.2094982 0.2052281 0.2459729 0.1740203 0.1874054 0.1242099 0.2374849 0.3291708 0.2087170 0.2294121 0.1352547 0.2164775 0.2118755 
Perityle_discoidea_81                      0.0000010 0.0180685 0.0178296 0.0629075 0.0251492 0.0427282 0.0605663 0.1104720 0.0035318 0.0329124 0.0363024 0.0592159 0.0362738 0.0406087 0.0364974 0.0403006 0.0193274 0.0562396 0.0437439 0.0000010 0.0399312 0.0336030 0.0435295 0.0358964 0.0474357 0.0288018 0.0325199 0.0655239 0.0259469 0.0426544 0.0296519 0.0522022 0.0000000 0.0366406 0.0000010 0.0706851 0.0425057 0.0375259 0.0439814 0.0443453 0.0567215 0.0293000 0.0525895 0.0400659 0.0437699 0.0553425 0.0297406 0.0437283 0.0641440 0.0221600 0.0362486 0.0256827 0.0181920 0.0401270 0.0678255 0.0254777 0.0289364 0.0403971 0.0404241 0.0686281 0.0350690 0.0180445 0.0346963 0.0651599 0.0288177 0.0516881 0.0301019 0.0438862 0.0438341 0.0260067 0.0400942 0.0362753 0.0296147 0.0420061 0.0476467 0.0517307 0.0403345 0.0365353 0.0682432 0.0400799 0.0077488 
Perityle_dissecta_201                      0.1090068 0.0511213 0.1515334 0.2473661 0.1863157 0.0956298 0.0748882 0.2134189 0.0990963 0.1675110 0.1131258 0.1078088 0.0236652 0.0043242 0.1549356 0.0833730 0.1143349 0.1475887 0.0491170 0.0092743 0.0773183 0.0112618 0.0749922 0.0000010 0.0743803 0.1152298 0.1424703 0.1860993 0.1351294 0.1057903 0.1558882 0.2019014 0.0366406 0.0000000 0.1069356 0.2195466 0.0111880 0.2047693 0.0762718 0.1032587 0.2103041 0.0520752 0.1693894 0.2506879 0.0529912 0.1711474 0.0744396 0.0937754 0.2875800 0.0442180 0.0628726 0.0729151 0.0843619 0.0303287 0.2349741 0.0339740 0.0232744 0.0810555 0.1177521 0.1900604 0.1581144 0.0166534 0.0050440 0.1978495 0.1392713 0.1184859 0.1348413 0.0768286 0.0751536 0.1623486 0.1111376 0.0493331 0.0536627 0.0492101 0.1642440 0.4342498 0.0868808 0.0751593 0.1244884 0.0678593 0.1637658 
Perityle_emoryi_47_punta_san_jose          0.0749786 0.0314827 0.0937944 0.2178634 0.1245330 0.0470600 0.0799760 0.1002147 0.0696296 0.1356918 0.1302932 0.1340430 0.1108703 0.0526477 0.1189603 0.1472891 0.0754075 0.0885587 0.1234223 0.0098396 0.1365549 0.0286373 0.1143657 0.0432838 0.1341102 0.1108858 0.1101158 0.1953182 0.0136901 0.0102896 0.0853319 0.1609688 0.0000010 0.1069356 0.0000000 0.1911315 0.0840963 0.1871140 0.1074188 0.1090734 0.1917175 0.1070692 0.1815025 0.1839264 0.1131808 0.1985558 0.1129367 0.1364733 0.2720996 0.1082109 0.1286785 0.1108378 0.0956301 0.1068732 0.2190309 0.1017785 0.0894733 0.1336591 0.1394975 0.1460310 0.1881087 0.0425400 0.0983240 0.1919793 0.1145848 0.1631655 0.1319334 0.1122343 0.1146159 0.0323662 0.1308696 0.0973752 0.1104134 0.0232651 0.1420594 0.4307016 0.1153233 0.1186555 0.1673792 0.1407949 0.0068489 
Perityle_feddemae_99                       0.2132539 0.1096777 0.2569322 0.3225106 0.2771567 0.1533360 0.1554725 0.1983213 0.1985885 0.2963057 0.2370210 0.3035658 0.1932090 0.1474323 0.2628026 0.2498280 0.1926902 0.1212474 0.2229585 0.0524937 0.2441527 0.1153454 0.2497855 0.1349682 0.2504611 0.2259633 0.2410429 0.2641061 0.2177950 0.1190147 0.2209983 0.2461752 0.0706851 0.2195466 0.1911315 0.0000000 0.1584910 0.1995876 0.2489760 0.2249873 0.0379255 0.2297467 0.0941250 0.3044066 0.2447291 0.1446112 0.2371535 0.2610702 0.1178902 0.2120314 0.2221533 0.1942740 0.2265585 0.1770294 0.2313676 0.1620383 0.1554094 0.2623939 0.2766925 0.2012540 0.1310734 0.1505735 0.1490482 0.2331775 0.2582345 0.2477262 0.2698338 0.2247056 0.2391873 0.2263379 0.2602572 0.2230024 0.2260983 0.1422751 0.2631152 0.3749984 0.2658034 0.2643199 0.0949526 0.2507075 0.2247223 
Perityle_fosteri_93                        0.0614877 0.0619505 0.0905713 0.2053010 0.1443174 0.1067743 0.0811493 0.1962972 0.0560311 0.1222567 0.0314041 0.0887868 0.0239935 0.0154280 0.0651866 0.0238277 0.0908237 0.1662649 0.0217925 0.0092743 0.0428120 0.0111350 0.0234958 0.0056161 0.0411664 0.0726066 0.0816981 0.1617989 0.1139107 0.1128531 0.1592567 0.1497959 0.0425057 0.0111880 0.0840963 0.1584910 0.0000000 0.1738366 0.0482350 0.0168683 0.1513697 0.0304671 0.1400624 0.1764312 0.0287673 0.1676018 0.0160739 0.0330565 0.1944813 0.0111529 0.0236503 0.0331426 0.0299934 0.0217774 0.1705735 0.0420291 0.0333926 0.0447105 0.0446367 0.1663493 0.1403134 0.0340572 0.0125340 0.1529653 0.0762112 0.1309809 0.1014688 0.0201753 0.0235665 0.1306998 0.0644325 0.0286699 0.0196642 0.0220367 0.1453218 0.2582440 0.0236607 0.0239564 0.1336239 0.0418133 0.0816113 
Perityle_gamon_221                         0.2063777 0.0841962 0.2632857 0.2767786 0.2286097 0.1389017 0.1649091 0.1908532 0.1730117 0.2786693 0.2232154 0.2497819 0.1888202 0.1683017 0.2518263 0.2036488 0.1746506 0.1762188 0.1960112 0.0240177 0.2071616 0.1022071 0.2044342 0.1101803 0.2093653 0.1971879 0.2264517 0.1874595 0.2354245 0.0708506 0.1967867 0.2657787 0.0375259 0.2047693 0.1871140 0.1995876 0.1738366 0.0000000 0.2120247 0.1960616 0.1942987 0.1780922 0.1801985 0.1312751 0.2050640 0.1945181 0.1872970 0.2117923 0.2559237 0.1827444 0.1998332 0.1764224 0.1871944 0.1894844 0.2390725 0.1604014 0.1355617 0.2205399 0.2338207 0.1919017 0.1119699 0.1289674 0.1317573 0.2169624 0.2177642 0.2366924 0.2381144 0.1911626 0.2050324 0.2553415 0.2298747 0.1934184 0.1780535 0.1179502 0.2601280 0.3541772 0.1998859 0.2005583 0.0939436 0.2000406 0.2195592 
Perityle_gilensis_22_Superstition          0.1189237 0.0692576 0.1644297 0.2510070 0.1783733 0.1284896 0.0843516 0.2211525 0.1161365 0.1848041 0.0835840 0.1224703 0.0736430 0.0594615 0.1737276 0.1147569 0.1509579 0.1839051 0.0570658 0.0093124 0.0943664 0.0111716 0.0448379 0.0054159 0.0890246 0.1461356 0.1382438 0.2123277 0.1682191 0.1061594 0.1990188 0.2742826 0.0439814 0.0762718 0.1074188 0.2489760 0.0482350 0.2120247 0.0000000 0.0483075 0.2305406 0.0705709 0.1871898 0.2339085 0.0560415 0.2134895 0.0519954 0.0634412 0.2925198 0.0431601 0.0943854 0.0451581 0.0908184 0.0578906 0.2554312 0.0336047 0.0550309 0.0875091 0.0934664 0.2154149 0.1653446 0.0332324 0.0075209 0.2094369 0.1778756 0.1479358 0.1675585 0.0485928 0.0466486 0.1832237 0.0997749 0.0651837 0.0808389 0.0425378 0.1764362 0.3947043 0.0520280 0.0925089 0.1311903 0.0858097 0.1570320 
Perityle_gilensis_salensis_225             0.1347412 0.0601051 0.1267108 0.2480797 0.1322816 0.1006882 0.0807353 0.1954110 0.1099703 0.1452884 0.1306857 0.0934596 0.0298923 0.0119778 0.1275967 0.0834736 0.1092318 0.1283191 0.0751457 0.0092743 0.0668767 0.0186538 0.1368324 0.0081487 0.0658414 0.1187124 0.1426912 0.2111829 0.1708825 0.1127098 0.1536557 0.1640892 0.0443453 0.1032587 0.1090734 0.2249873 0.0168683 0.1960616 0.0483075 0.0000000 0.2152455 0.0847333 0.1825582 0.2903820 0.0863367 0.1864905 0.1417159 0.1613296 0.2858258 0.0964115 0.0555989 0.1283207 0.0731944 0.0325698 0.2291014 0.0361866 0.0319167 0.0705818 0.1003566 0.1931286 0.1641028 0.0282623 0.0099765 0.1894499 0.1301826 0.1081604 0.1232282 0.1451153 0.1371601 0.1757300 0.0929373 0.0772668 0.0441896 0.0372783 0.1443107 0.4525554 0.1224340 0.0881986 0.1351541 0.0568921 0.2075490 
Perityle_glaucescens_94                    0.2076993 0.0958587 0.2354678 0.3079947 0.2678904 0.1437450 0.1578451 0.1830406 0.1913034 0.2699399 0.2143716 0.2815319 0.1776613 0.1338318 0.2547630 0.2385040 0.2033569 0.1057073 0.2148245 0.0531778 0.2336222 0.1170709 0.2217562 0.1222352 0.2411675 0.2158235 0.2065891 0.2429231 0.2066901 0.1213674 0.1990211 0.2285412 0.0567215 0.2103041 0.1917175 0.0379255 0.1513697 0.1942987 0.2305406 0.2152455 0.0000000 0.2114698 0.0815632 0.2871439 0.2158277 0.1324255 0.2105376 0.2344569 0.0851685 0.1942307 0.2086948 0.1784472 0.1948188 0.1678770 0.2202801 0.1521068 0.1430994 0.2479835 0.2585706 0.1863037 0.1384437 0.1356300 0.1432943 0.2254645 0.2485027 0.2240172 0.2531430 0.2041467 0.2228953 0.2194402 0.2299765 0.2098210 0.2006147 0.1407482 0.2515056 0.3586320 0.2354030 0.2410936 0.0824556 0.2276506 0.2188023 
Perityle_gracilis_11                       0.1208816 0.0474395 0.1497498 0.2207231 0.1658619 0.0887205 0.0760082 0.2026622 0.1079508 0.1841748 0.1027123 0.1206715 0.0432857 0.0128388 0.1260632 0.0631349 0.0933157 0.1460270 0.0333856 0.0094165 0.0622513 0.0151089 0.0363366 0.0054874 0.0781680 0.0789195 0.1474225 0.2164047 0.1670632 0.0927850 0.1826578 0.1748030 0.0293000 0.0520752 0.1070692 0.2297467 0.0304671 0.1780922 0.0705709 0.0847333 0.2114698 0.0000000 0.1800722 0.2187995 0.0385662 0.1720518 0.0087434 0.0229020 0.2326053 0.0263676 0.0609802 0.0531647 0.1086130 0.0162303 0.1775801 0.0429626 0.0309648 0.0829183 0.0885731 0.2057849 0.1364536 0.0141992 0.0153954 0.1951933 0.1300823 0.1233655 0.1405375 0.0347617 0.0364382 0.1743423 0.1059617 0.0089824 0.0714555 0.0463270 0.1724834 0.2838306 0.0802965 0.1026906 0.1249193 0.0550049 0.1555250 
Perityle_harkerae_31                       0.1815239 0.0924699 0.2120378 0.2859557 0.2419280 0.1369943 0.1527958 0.1907900 0.1632367 0.2470699 0.1745014 0.2509219 0.1520899 0.1246720 0.2467217 0.1827153 0.1619372 0.1004559 0.1827923 0.0529779 0.1972858 0.1123016 0.1814308 0.1141862 0.2059529 0.1987921 0.1867658 0.2041132 0.1764403 0.1141974 0.1867313 0.1978418 0.0525895 0.1693894 0.1815025 0.0941250 0.1400624 0.1801985 0.1871898 0.1825582 0.0815632 0.1800722 0.0000000 0.2548069 0.1792578 0.1373455 0.1666141 0.1945401 0.1669574 0.1629903 0.1837494 0.1544702 0.1993214 0.1491617 0.1926267 0.1350088 0.1253748 0.2179094 0.2167882 0.1837281 0.1330589 0.1299915 0.1248773 0.1867629 0.2336769 0.1963600 0.2378152 0.1759981 0.1819312 0.1955539 0.2121716 0.1805276 0.1683784 0.1329159 0.2134174 0.3245045 0.2047408 0.2096383 0.0817569 0.1863152 0.1834426 
Perityle_hofmeisteria_4_nombre_de_dios     0.2651971 0.0906191 0.2984847 0.3100205 0.2534189 0.1305200 0.1705682 0.2191545 0.2357401 0.3125473 0.2759690 0.2755092 0.1873733 0.1687174 0.3448333 0.2656122 0.2164759 0.1927880 0.2303770 0.0327915 0.2606127 0.0980642 0.2282509 0.1162409 0.2882780 0.2821731 0.2908630 0.2808525 0.2801941 0.0831147 0.2883652 0.3154812 0.0400659 0.2506879 0.1839264 0.3044066 0.1764312 0.1312751 0.2339085 0.2903820 0.2871439 0.2187995 0.2548069 0.0000000 0.2216367 0.2152600 0.2077302 0.2293134 0.3570617 0.2122694 0.2546269 0.2073654 0.2553625 0.2098896 0.3049058 0.1391338 0.1430105 0.3000278 0.3120545 0.2492658 0.1270334 0.1193395 0.1344028 0.3252479 0.2934479 0.2166237 0.2822499 0.2270222 0.2369540 0.2728541 0.2583538 0.2350049 0.2286199 0.1563695 0.2674194 0.5314014 0.3277647 0.2702315 0.0901117 0.2503632 0.3176560 
Perityle_huecosensis_48                    0.1220544 0.0654304 0.1536526 0.2518976 0.1770203 0.1147694 0.0914178 0.2236249 0.1072627 0.1762697 0.0887770 0.1134655 0.0402273 0.0298782 0.1535955 0.0916030 0.1064437 0.1813062 0.0363685 0.0234069 0.0760978 0.0300577 0.0388986 0.0162672 0.0800343 0.1221337 0.1689622 0.2135822 0.1903917 0.1126546 0.2118381 0.2283849 0.0437699 0.0529912 0.1131808 0.2447291 0.0287673 0.2050640 0.0560415 0.0863367 0.2158277 0.0385662 0.1792578 0.2216367 0.0000000 0.1991611 0.0271553 0.0356638 0.3010598 0.0287768 0.0580715 0.0577879 0.1095395 0.0299002 0.2568334 0.0389616 0.0394321 0.1035478 0.1028025 0.2332431 0.1712831 0.0282913 0.0182446 0.1929927 0.1601017 0.1351705 0.1330233 0.0350008 0.0385563 0.1913631 0.0945159 0.0296692 0.0598209 0.0613981 0.1792201 0.4302245 0.0753692 0.0833127 0.1415096 0.0709210 0.1776739 
Perityle_incana_3_ucla                     0.1837214 0.0649871 0.1891647 0.3079374 0.2079420 0.1069335 0.1353368 0.1877667 0.1712400 0.2432599 0.1980697 0.2483087 0.1582429 0.1190064 0.2009117 0.1768401 0.1584331 0.1244799 0.2019465 0.0297231 0.2051631 0.0599649 0.1912015 0.1103714 0.2054446 0.1996788 0.2215302 0.1720374 0.1860768 0.0686183 0.1743146 0.2297717 0.0553425 0.1711474 0.1985558 0.1446112 0.1676018 0.1945181 0.2134895 0.1864905 0.1324255 0.1720518 0.1373455 0.2152600 0.1991611 0.0000000 0.1765267 0.1968491 0.1971464 0.1786035 0.1786524 0.1627216 0.1588036 0.1696316 0.1487734 0.1682444 0.1298545 0.2005124 0.2105999 0.1103915 0.1004254 0.1196585 0.1425235 0.1421322 0.2080017 0.2250318 0.2229526 0.1930999 0.1918808 0.2184706 0.2238283 0.1804159 0.1589159 0.0912800 0.2627764 0.2607864 0.1948283 0.1982479 0.1006445 0.1825898 0.1779570 
