82
Amauria_brandeegeana_62                    0.0000000 0.0809033 0.3367883 0.3288971 0.1831951 0.3263726 0.0980833 0.3974257 0.1965071 0.3193961 0.2507300 0.2351169 0.2776811 0.1847702 0.3757256 0.1748895 0.2075094 0.3771224 0.2373085 0.0741917 0.2087448 0.1769414 0.2522692 0.2672526 0.2469995 0.3472399 0.3469881 0.3799462 0.1729493 0.1415579 0.0819594 0.0749681 0.0525733 0.2596363 0.2165424 0.5733346 0.2070568 0.2425533 0.3927793 0.2405452 0.2368978 0.3497633 0.1472840 0.2445898 0.4321612 0.2175971 0.1484706 0.2437921 0.2420069 0.3299884 0.1931122 0.2597099 0.2262996 0.2826708 0.2376668 0.1428345 0.1826824 0.2651643 0.2140659 0.1265624 0.0663363 0.2906832 0.0824268 0.2611472 0.2877082 0.1771902 0.2906604 0.2305091 0.3137468 0.1772207 0.2189445 0.2552990 0.0974628 0.2409071 0.0611505 0.2905228 0.3018356 0.2074223 0.2744552 0.1263727 0.2409180 0.3061372 
Amauria_carterae_99_mesa                   0.0809033 0.0000000 0.0476549 0.1478706 0.0432212 0.1291069 0.0757847 0.1648231 0.0358249 0.0986580 0.0911401 0.0467010 0.0897810 0.0625024 0.0851111 0.0802713 0.1021695 0.2640374 0.0774742 0.0575731 0.0338578 0.1032343 0.0725202 0.0588611 0.0420408 0.0911747 0.0947294 0.1352738 0.0982359 0.0994165 0.0718582 0.0726215 0.0368276 0.0655616 0.0327475 9.0000000 0.0710293 0.1610469 0.0894943 0.0507405 0.0856341 0.1233854 0.0425440 0.1215050 0.1770397 0.0801500 0.0337815 0.0427192 0.0765544 0.1231313 0.0728093 0.0981838 0.0420628 0.0859172 0.0666570 0.1025311 0.0812277 0.1119256 0.0384807 0.1352519 0.0796896 0.1258094 0.0853571 0.0901328 0.1272917 0.0856538 0.0992996 0.0686680 0.0894451 0.0504883 0.1060520 0.0811593 0.0590590 0.0807789 0.0423033 0.0993884 0.1494782 0.0872177 0.1024930 0.1339973 0.0683282 0.0370662 
Amauria_rotundifolia_SRR9119150            0.3367883 0.0476549 0.0000000 0.3058791 0.2013093 0.3046185 0.0703476 0.3123157 0.1787472 0.3365795 0.2580151 0.2409648 0.2632941 0.2162523 0.3338494 0.2268562 0.2322629 0.3753852 0.3082875 0.0348023 0.2395250 0.1914997 0.2764131 0.2332553 0.2764943 0.3400885 0.3631042 0.4211453 0.2110177 0.0978798 0.0551193 0.0594437 0.0531289 0.2780215 0.2853438 0.5736956 0.2501305 0.2514341 0.3119562 0.2758688 0.2733581 0.3786731 0.1816418 0.2255479 0.4688902 0.2282501 0.1828029 0.2537218 0.2947998 0.3610410 0.1660163 0.2836310 0.2479998 0.3224498 0.2527366 0.1000966 0.1477780 0.2850202 0.2441246 0.1193059 0.0360911 0.2547377 0.0516266 0.3230727 0.3284869 0.1658632 0.2909750 0.2612574 0.3446520 0.1987731 0.2594958 0.2710627 0.1304002 0.2665948 0.0311250 0.2781813 0.3345761 0.2236823 0.2994360 0.1254403 0.2499555 0.3183378 
Conoclinium_coelestinum_SRR9119114         0.3288971 0.1478706 0.3058791 0.0000000 0.1796215 0.2551572 0.1518440 0.3315500 0.3168097 0.2068090 0.2116182 0.1880833 0.2248440 0.2094239 0.3594034 0.2098419 0.3522471 0.2632339 0.2009992 0.1307962 0.1972853 0.2579749 0.2149600 0.3270697 0.1947273 0.3637333 0.1903866 0.4251123 0.3141832 0.1939117 0.1658032 0.1959214 0.2026900 0.3182160 0.1998702 0.2453398 0.2048811 0.2728988 0.3907164 0.1921930 0.2180546 0.2153116 0.2009487 0.2089533 0.3985351 0.2080373 0.2946273 0.1960349 0.2231763 0.2157524 0.2185025 0.2209928 0.2094967 0.3098277 0.2018494 0.2133963 0.2475695 0.2345773 0.1842769 0.2097178 0.1796750 0.3301735 0.1729943 0.2124141 0.4371005 0.2116173 0.2337735 0.1552401 0.2159596 0.1989864 0.2898954 0.2214143 0.2252707 0.2245292 0.1495703 0.2319311 0.2827522 0.2217551 0.2245185 0.2142813 0.2192297 0.2895521 
Eutetras_palmeri_63                        0.1831951 0.0432212 0.2013093 0.1796215 0.0000000 0.1849486 0.0796123 0.3034529 0.1269735 0.1166481 0.1234496 0.0810570 0.1092073 0.0970323 0.2534574 0.0540531 0.2016498 0.2470345 0.0981353 0.0576909 0.0777887 0.2049649 0.1025626 0.1736154 0.0944327 0.1898497 0.1669876 0.3203298 0.1626400 0.1048616 0.0722545 0.0675227 0.0507358 0.1694280 0.1153049 0.1799417 0.0953948 0.2244417 0.2682775 0.0844822 0.1044940 0.2102396 0.0661423 0.1775215 0.3140216 0.0986560 0.1552472 0.0971898 0.0781448 0.1924279 0.1015821 0.1123854 0.0875273 0.1772031 0.1008996 0.1197409 0.1163243 0.1353169 0.0656436 0.1357415 0.0494292 0.1906644 0.0712983 0.1088992 0.2931575 0.1077478 0.1515804 0.0754601 0.1405203 0.0444588 0.2134882 0.1164177 0.0617877 0.1106882 0.0559661 0.1506378 0.1706601 0.0968560 0.1221813 0.1238427 0.0903431 0.1937979 
Eutrochium_fistulosum_SRR9119106           0.3263726 0.1291069 0.3046185 0.2551572 0.1849486 0.0000000 0.1426592 0.3458445 0.2372474 0.2810097 0.2392127 0.1938273 0.2228269 0.1893356 0.3319368 0.2161887 0.2740918 0.3179079 0.2179943 0.1024424 0.1922231 0.2772973 0.2111104 0.2480897 0.1964102 0.3270790 0.2741541 0.4306467 0.2858277 0.1960018 0.2001101 0.2027566 0.1787288 0.2805128 0.2397138 0.3130212 0.1914746 0.3063452 0.3481806 0.1959491 0.2159623 0.2985647 0.1757871 0.2685238 0.4346823 0.1950606 0.2801043 0.2099750 0.2371573 0.2926910 0.2199140 0.2200459 0.2053669 0.2895602 0.2041807 0.2116679 0.1971613 0.2879054 0.1861080 0.2190362 0.1317133 0.3047161 0.1463977 0.2282551 0.3734202 0.2137479 0.2631233 0.1947624 0.2855419 0.1942642 0.4208630 0.2193109 0.1901849 0.2266061 0.1281647 0.2428789 0.2794901 0.2004532 0.2297076 0.2528207 0.2111506 0.3453642 
Galeana_pratensis_104_mex                  0.0980833 0.0757847 0.0703476 0.1518440 0.0796123 0.1426592 0.0000000 0.1766062 0.0592747 0.1143769 0.0943721 0.0659133 0.1071037 0.0828748 0.1333995 0.0952495 0.1090613 0.2210897 0.0964636 0.0829686 0.0553932 0.0914158 0.0914018 0.0800391 0.0623866 0.1048264 0.1063426 0.1806774 0.1307073 0.1145158 0.0705962 0.0683894 0.0493793 0.1016330 0.0454055 0.0000010 0.0872476 0.1857760 0.1184796 0.0695683 0.1071201 0.1321332 0.0553513 0.1256768 0.2164674 0.1032707 0.0430078 0.0588552 0.0839748 0.1242613 0.0936388 0.1105697 0.0701107 0.1005629 0.0839941 0.1192241 0.0935187 0.2019480 0.0558888 0.1522649 0.0546279 0.1358552 0.0942155 0.0995083 0.1707698 0.1012276 0.1251970 0.0919655 0.1143866 0.0528429 0.1758001 0.1030722 0.0661605 0.1064541 0.0600108 0.1214200 0.1677297 0.1175074 0.1068822 0.1617756 0.0840854 0.0679559 
Helianthus_annuus_SRR9119062               0.3974257 0.1648231 0.3123157 0.3315500 0.3034529 0.3458445 0.1766062 0.0000000 0.2587912 0.3753493 0.3369522 0.3123643 0.3272242 0.3221879 0.3944271 0.2887937 0.3039585 0.3818740 0.3354606 0.1579079 0.3062716 0.2471691 0.3247593 0.3522857 0.3195176 0.3995517 0.3708750 0.4588515 0.3112884 0.2254246 0.2122457 0.2276355 0.1800466 0.3663017 0.3121293 0.4825026 0.3199324 0.3458138 0.3821971 0.3115167 0.3354623 0.3511408 0.2829032 0.3205926 0.4418564 0.3212216 0.2449373 0.3164643 0.2990074 0.3723085 0.2913637 0.3410399 0.3186223 0.3440195 0.3210162 0.2178394 0.2794318 0.3523115 0.2972218 0.2228732 0.1823903 0.3488168 0.1870233 0.3330835 0.3861786 0.2913469 0.3841325 0.2913172 0.3466817 0.2554971 0.3354429 0.3311665 0.2398559 0.3367050 0.1688669 0.3821802 0.3671710 0.3336296 0.3545797 0.2287086 0.3200376 0.3460036 
Lycapsus_tenuifolius_17                    0.1965071 0.0358249 0.1787472 0.3168097 0.1269735 0.2372474 0.0592747 0.2587912 0.0000000 0.3103487 0.3001891 0.2137562 0.1971503 0.1408337 0.2615901 0.2468422 0.2181761 0.4981906 0.1825811 0.0356172 0.1376328 0.1785828 0.3059671 0.3085564 0.2360902 0.2789670 0.3579756 0.3096984 0.0936358 0.0515950 0.0488043 0.0676346 0.0000010 0.1769062 0.1763311 0.6420885 0.1364990 0.1633750 0.2562438 0.2580068 0.1587452 0.2709377 0.1211526 0.0720919 0.3054213 0.2050350 0.2206040 0.2950196 0.3525592 0.1782916 0.0621051 0.3223796 0.1408712 0.2635774 0.1580928 0.1040299 0.0756778 0.2977096 0.2454771 0.0979504 0.0414590 0.2278009 0.0460264 0.3215156 0.2947050 0.0531065 0.1856392 0.1924809 0.2006750 0.2721866 0.0806336 0.3051455 0.0831074 0.1588343 0.0286490 0.1890890 0.1556343 0.1398105 0.3034233 0.0723177 0.2930386 0.1621712 
Pericome_caudata_50_silver                 0.3193961 0.0986580 0.3365795 0.2068090 0.1166481 0.2810097 0.1143769 0.3753493 0.3103487 0.0000000 0.1478801 0.1451496 0.1977850 0.1216225 0.3557668 0.0793806 0.2438505 0.2527522 0.1875209 0.0706154 0.1555648 0.2192333 0.1703615 0.2868590 0.1675043 0.3350256 0.2704959 0.4390696 0.2490309 0.1402010 0.1049663 0.1066720 0.0766180 0.2591057 0.2328482 0.2014877 0.1547492 0.2783958 0.3490940 0.1714644 0.1663880 0.2924492 0.0987152 0.2826056 0.4710827 0.1273837 0.2320593 0.1491685 0.1647475 0.3208212 0.1808540 0.1585461 0.1496207 0.2950418 0.1605379 0.1422460 0.1663473 0.1470079 0.1319938 0.1624187 0.0942498 0.2665317 0.0725029 0.1955326 0.3350463 0.1450378 0.2171940 0.1580767 0.2530691 0.0677514 0.3011002 0.1529498 0.0835664 0.1728802 0.0664383 0.2013115 0.3160702 0.1297918 0.1805620 0.1518946 0.1608326 0.3240693 
Perityle_aglossa_84_dead_horse             0.2507300 0.0911401 0.2580151 0.2116182 0.1234496 0.2392127 0.0943721 0.3369522 0.3001891 0.1478801 0.0000000 0.0727032 0.1081167 0.0363576 0.2820719 0.0409243 0.2286670 0.2649835 0.0720670 0.0134028 0.0580399 0.1877796 0.0845464 0.1892750 0.0645298 0.2389418 0.1962170 0.3895777 0.1826917 0.1204952 0.1108213 0.0971400 0.0620641 0.1442367 0.1596726 0.1797084 0.0630690 0.2395671 0.2750320 0.0620180 0.0737664 0.2268182 0.0372432 0.2035955 0.3758134 0.0725130 0.2239123 0.0736789 0.0820006 0.2383019 0.0694561 0.0667650 0.0641592 0.2478414 0.0668463 0.1175252 0.0915949 0.1313696 0.0408795 0.1357157 0.0688631 0.2301559 0.0314122 0.0586651 0.2990561 0.1045071 0.1555018 0.1082612 0.1450307 0.0196642 0.2642865 0.0725038 0.0305713 0.0741990 0.0203943 0.1418972 0.2029114 0.0523676 0.0767525 0.1371654 0.0620346 0.2549629 
Perityle_ajoensis_204                      0.2351169 0.0467010 0.2409648 0.1880833 0.0810570 0.1938273 0.0659133 0.3123643 0.2137562 0.1451496 0.0727032 0.0000000 0.0887331 0.0290088 0.2675314 0.0186460 0.2014362 0.2370628 0.0963612 0.0033351 0.0335478 0.1628842 0.0466537 0.1614208 0.0407147 0.2308557 0.1638113 0.3689394 0.1567348 0.0935408 0.0642670 0.0756065 0.0442977 0.1552671 0.1256230 0.1798322 0.0640769 0.2125403 0.3002457 0.0832894 0.0529773 0.2287467 0.0130630 0.1763265 0.3622777 0.0546142 0.1930049 0.0431458 0.0477551 0.2054342 0.0762976 0.0431988 0.0430342 0.2482456 0.0400366 0.0897959 0.0806727 0.0884962 0.0201053 0.1251625 0.0218977 0.2205175 0.0325261 0.1111982 0.2910947 0.1085272 0.1289189 0.0970073 0.1290293 0.0143886 0.2413380 0.0484385 0.0106219 0.0617773 0.0174085 0.1119797 0.1923663 0.0409263 0.1144229 0.1216913 0.0324726 0.2356490 
Perityle_ambrosiifolia_67_green            0.2776811 0.0897810 0.2632941 0.2248440 0.1092073 0.2228269 0.1071037 0.3272242 0.1971503 0.1977850 0.1081167 0.0887331 0.0000000 0.0581567 0.2870535 0.0536568 0.2199540 0.2530588 0.1222608 0.0227840 0.0639194 0.1771173 0.0934094 0.1619899 0.0990553 0.2433417 0.2164418 0.3710236 0.1761510 0.1256221 0.1124596 0.0985217 0.0742006 0.1583663 0.1485934 0.2107111 0.0876041 0.2518818 0.2882823 0.1095297 0.0882240 0.2624140 0.0427247 0.2137965 0.3885107 0.0830653 0.2189929 0.0972610 0.1178350 0.2290928 0.0899444 0.0962098 0.0622574 0.2552206 0.0756531 0.1243624 0.0621528 0.1472762 0.0703184 0.1429142 0.0675189 0.2157755 0.0464719 0.1238654 0.2943875 0.1353711 0.1747193 0.1381260 0.1514325 0.0649031 0.2723052 0.0999152 0.0409096 0.0754307 0.0299313 0.1626224 0.1996363 0.0764851 0.1293316 0.1398836 0.0925264 0.2498494 
Perityle_angustifolia_13_Eagle_creek       0.1847702 0.0625024 0.2162523 0.2094239 0.0970323 0.1893356 0.0828748 0.3221879 0.1408337 0.1216225 0.0363576 0.0290088 0.0581567 0.0000000 0.2240763 0.0207274 0.2176437 0.2539838 0.0245801 0.0032907 0.0307348 0.1585351 0.0421229 0.1235885 0.0389461 0.1697585 0.1192970 0.3226034 0.1608298 0.1111792 0.0969389 0.0891376 0.0615695 0.1149506 0.0764788 0.1844306 0.0286117 0.2410510 0.2567105 0.0225579 0.0449574 0.1715811 0.0328209 0.1519048 0.3249794 0.0391803 0.1776112 0.0350971 0.0539867 0.1625615 0.0409060 0.0463710 0.0308451 0.1768507 0.0288074 0.1054700 0.0834108 0.1241916 0.0241310 0.1294228 0.0559529 0.2177057 0.0317623 0.0307504 0.3104434 0.0893357 0.1262704 0.0636654 0.0883998 0.0133535 0.2442571 0.0465786 0.0300865 0.0518085 0.0200581 0.1222411 0.1462773 0.0455918 0.0497672 0.1267013 0.0506258 0.1735990 
Perityle_batopilensis_97                   0.3757256 0.0851111 0.3338494 0.3594034 0.2534574 0.3319368 0.1333995 0.3944271 0.2615901 0.3557668 0.2820719 0.2675314 0.2870535 0.2240763 0.0000000 0.2473055 0.2699352 0.5037145 0.2753106 0.0228631 0.2553256 0.1735197 0.2755797 0.3014859 0.2588865 0.3233275 0.3276041 0.4140516 0.3123199 0.1442702 0.1055584 0.1214395 0.1331962 0.2886901 0.3329757 0.7582139 0.2337405 0.2879636 0.2850387 0.2888782 0.2562618 0.4026602 0.2128879 0.2516623 0.4609135 0.2573249 0.2887800 0.2702788 0.2745100 0.3798062 0.1779123 0.2667853 0.2410389 0.2756191 0.2534058 0.1135799 0.2125090 0.3273968 0.2567821 0.1577723 0.0764746 0.3358625 0.0592657 0.3005203 0.3150472 0.1903584 0.3503131 0.3080798 0.3269754 0.2416679 0.3638320 0.2643712 0.1632872 0.2578223 0.0325570 0.3309594 0.3611579 0.2458085 0.3130861 0.1575373 0.2878055 0.3399178 
Perityle_bisetosa_9                        0.1748895 0.0802713 0.2268562 0.2098419 0.0540531 0.2161887 0.0952495 0.2887937 0.2468422 0.0793806 0.0409243 0.0186460 0.0536568 0.0207274 0.2473055 0.0000000 0.2796114 0.2572144 0.0270671 0.0055497 0.0184126 0.1596600 0.0327947 0.1998846 0.0222991 0.2169128 0.0919783 0.3817767 0.1776663 0.1138795 0.1129491 0.0922294 0.0719983 0.1426254 0.0648202 0.1942524 0.0109403 0.2056680 0.3173108 0.0267637 0.0174801 0.1528375 0.0134165 0.1288127 0.3547322 0.0200247 0.2548287 0.0222939 0.0441905 0.1354325 0.0310589 0.0180367 0.0228007 0.2143689 0.0157789 0.1186692 0.0628295 0.0369848 0.0170152 0.0996632 0.0608523 0.2356109 0.0191884 0.0391235 0.3659522 0.0532066 0.0988564 0.0527663 0.0340460 0.0208921 0.1563289 0.0219205 0.0150410 0.0245309 0.0000010 0.1023513 0.1171337 0.0216164 0.0519720 0.1249090 0.0404581 0.1892473 
Perityle_californica_76_positas            0.2075094 0.1021695 0.2322629 0.3522471 0.2016498 0.2740918 0.1090613 0.3039585 0.2181761 0.2438505 0.2286670 0.2014362 0.2199540 0.2176437 0.2699352 0.2796114 0.0000000 0.4642073 0.2200713 0.0769365 0.1947982 0.2434422 0.2153171 0.2543971 0.2075034 0.2642363 0.2172452 0.3127732 0.1854322 0.1076024 0.0591201 0.1017489 0.0926390 0.2145639 0.1996836 0.6108466 0.2069379 0.2051566 0.3021313 0.2205949 0.2300623 0.2656773 0.1788553 0.1313641 0.3666272 0.2217475 0.2093089 0.2064638 0.2356992 0.2368977 0.1206922 0.2311333 0.2050628 0.2434111 0.2194114 0.1272353 0.1254799 0.3106841 0.1932287 0.1530052 0.0884978 0.2703877 0.0935948 0.2296300 0.3051492 0.1276650 0.2630843 0.2124251 0.2409944 0.2409041 0.2171493 0.2273415 0.1602200 0.2191188 0.0624743 0.2579388 0.2159355 0.2272277 0.2311161 0.1404629 0.2139808 0.1682733 
Perityle_canescens_77                      0.3771224 0.2640374 0.3753852 0.2632339 0.2470345 0.3179079 0.2210897 0.3818740 0.4981906 0.2527522 0.2649835 0.2370628 0.2530588 0.2539838 0.5037145 0.2572144 0.4642073 0.0000000 0.2589468 0.2075672 0.2248058 0.3559157 0.2419137 0.5205993 0.2349138 0.4821400 0.3054443 0.5112403 0.3181306 0.2718918 0.2436419 0.2409563 0.2487451 0.3459361 0.2454962 0.2380885 0.2560959 0.3994081 0.5378271 0.2322338 0.2641841 0.2671945 0.2415494 0.2733916 0.5302584 0.2541238 0.4564795 0.2361058 0.2596319 0.2675973 0.2835354 0.2546085 0.2402109 0.4605461 0.2438710 0.3212856 0.2598088 0.2393907 0.2288935 0.3193795 0.2295279 0.5218074 0.2381963 0.2696454 0.4841732 0.2826281 0.2606411 0.2182867 0.2727949 0.2249968 0.2823396 0.2518731 0.2746202 0.2813855 0.2446535 0.2650248 0.2938820 0.2628491 0.2683635 0.3114640 0.2492815 0.4517129 
Perityle_castillonii_96                    0.2373085 0.0774742 0.3082875 0.2009992 0.0981353 0.2179943 0.0964636 0.3354606 0.1825811 0.1875209 0.0720670 0.0963612 0.1222608 0.0245801 0.2753106 0.0270671 0.2200713 0.2589468 0.0000000 0.0000010 0.0945378 0.1686600 0.1311513 0.1276323 0.1218123 0.2295637 0.2247941 0.3981816 0.1849197 0.1086211 0.1023701 0.1050369 0.0607582 0.1596034 0.1540199 0.1784058 0.0440916 0.2328900 0.2983830 0.0946208 0.0929773 0.2675101 0.0277662 0.2076332 0.4458799 0.0580920 0.2115581 0.0956657 0.1746848 0.2591875 0.0944664 0.1192246 0.0788221 0.3047940 0.0964233 0.1079355 0.0933431 0.1282774 0.0836299 0.1439333 0.0679195 0.2298528 0.0403417 0.1408251 0.3026543 0.1133285 0.1532484 0.1188208 0.1914996 0.0264642 0.2501351 0.1171153 0.0247150 0.1019647 0.0173659 0.1239714 0.2182579 0.0389556 0.1084194 0.1499952 0.1062181 0.2752262 
Perityle_cernua_84                         0.0741917 0.0575731 0.0348023 0.1307962 0.0576909 0.1024424 0.0829686 0.1579079 0.0356172 0.0706154 0.0134028 0.0033351 0.0227840 0.0032907 0.0228631 0.0055497 0.0769365 0.2075672 0.0000010 0.0000000 0.0033996 0.0674174 0.0162203 0.0000010 0.0000010 0.0365200 0.0514183 0.1320087 0.1024786 0.0778926 0.0637812 0.0689839 0.0366714 0.0097995 0.0205540 9.0000000 0.0000010 0.1653958 0.0261345 0.0033381 0.0064343 0.1177860 0.0000010 0.1046253 0.1833103 0.0131494 0.0214848 0.0000010 0.0483028 0.1024969 0.0097211 0.0227577 0.0000010 0.0265176 0.0033323 0.0578717 0.0463607 0.1689418 0.0034024 0.1281800 0.0519283 0.1117043 0.0243300 0.0198737 0.1218230 0.0262631 0.0741871 0.0440293 0.0260146 0.0089525 0.1574476 0.0032128 0.0203681 0.0259930 0.0000010 0.0706006 0.1542734 0.0098814 0.0327160 0.1288548 0.0328076 0.0350548 
Perityle_cfvillosa_25_tin                  0.2087448 0.0338578 0.2395250 0.1972853 0.0777887 0.1922231 0.0553932 0.3062716 0.1376328 0.1555648 0.0580399 0.0335478 0.0639194 0.0307348 0.2553256 0.0184126 0.1947982 0.2248058 0.0945378 0.0033996 0.0000000 0.1518996 0.0421923 0.1066570 0.0438528 0.2154714 0.1822147 0.3521780 0.1387262 0.0861542 0.0682672 0.0700379 0.0363192 0.1516416 0.1186065 0.1773862 0.0619666 0.2060245 0.2782221 0.0796858 0.0517621 0.2248261 0.0220460 0.1666082 0.3730142 0.0534117 0.1761114 0.0401730 0.0455507 0.2005201 0.0536181 0.0465707 0.0357552 0.2340554 0.0311971 0.0863409 0.0641928 0.0944873 0.0158555 0.1105094 0.0086729 0.2038753 0.0164489 0.0953964 0.2765184 0.0989517 0.1226334 0.0841770 0.1263618 0.0148889 0.2141304 0.0381917 0.0142808 0.0487004 0.0125296 0.1103602 0.1858971 0.0456924 0.1046164 0.1056092 0.0141946 0.2201970 
Perityle_cinerea_113_Powell1310            0.1769414 0.1032343 0.1914997 0.2579749 0.2049649 0.2772973 0.0914158 0.2471691 0.1785828 0.2192333 0.1877796 0.1628842 0.1771173 0.1585351 0.1735197 0.1596600 0.2434422 0.3559157 0.1686600 0.0674174 0.1518996 0.0000000 0.1884364 0.1556943 0.1722232 0.1882010 0.1853990 0.2658685 0.2479066 0.2114703 0.1851496 0.1650853 0.1802573 0.1703006 0.1745516 1.0273976 0.1606773 0.2477269 0.1735542 0.1784373 0.1777663 0.2296134 0.1729645 0.1976613 0.2634305 0.1870121 0.1766460 0.1720243 0.1969219 0.2235614 0.1555921 0.1668227 0.1629686 0.1874394 0.1666043 0.1931888 0.1797077 0.2172802 0.1490837 0.1840145 0.0827761 0.2178127 0.0763579 0.1683495 0.2586197 0.1732193 0.2266811 0.1690174 0.1953365 0.1758710 0.2432113 0.1836097 0.1893470 0.1935539 0.1056783 0.2193777 0.2486186 0.1743045 0.1832317 0.2131119 0.1905085 0.2003030 
Perityle_coahuilensis_24                   0.2522692 0.0725202 0.2764131 0.2149600 0.1025626 0.2111104 0.0914018 0.3247593 0.3059671 0.1703615 0.0845464 0.0466537 0.0934094 0.0421229 0.2755797 0.0327947 0.2153171 0.2419137 0.1311513 0.0162203 0.0421923 0.1884364 0.0000000 0.1713069 0.0524592 0.2392241 0.1816411 0.3893510 0.1725620 0.1119671 0.0944827 0.1011605 0.0643502 0.1613530 0.1483869 0.1724272 0.0747370 0.2396101 0.2964695 0.0989237 0.0480809 0.2476847 0.0318188 0.1858096 0.4126693 0.0558955 0.2109989 0.0593133 0.0863729 0.2345419 0.0826991 0.1016419 0.0300643 0.3040740 0.0413156 0.1023142 0.0873447 0.1148979 0.0455201 0.1367704 0.0626898 0.2255560 0.0625209 0.1698096 0.3002232 0.1268227 0.1429715 0.1048654 0.1557452 0.0118296 0.2493401 0.0765421 0.0295920 0.0613255 0.0172367 0.1296844 0.1996886 0.0575515 0.1166515 0.1337616 0.0570696 0.2473060 
Perityle_cochisensis_44_cave_creek         0.2672526 0.0588611 0.2332553 0.3270697 0.1736154 0.2480897 0.0800391 0.3522857 0.3085564 0.2868590 0.1892750 0.1614208 0.1619899 0.1235885 0.3014859 0.1998846 0.2543971 0.5205993 0.1276323 0.0000010 0.1066570 0.1556943 0.1713069 0.0000000 0.1675945 0.2597539 0.2644153 0.3465946 0.1745107 0.0996822 0.0844045 0.0895999 0.0785425 0.1089319 0.2289514 0.5526823 0.0929551 0.2280901 0.2731691 0.1963018 0.1211007 0.3111779 0.1076411 0.1889828 0.3349068 0.1698606 0.2228840 0.1915263 0.2400845 0.2695087 0.0410041 0.1849675 0.1034008 0.2763934 0.1178516 0.0883586 0.0836671 0.2727673 0.1596888 0.1235892 0.0520287 0.2516671 0.0353071 0.2047237 0.3148244 0.1147562 0.2278166 0.1995159 0.2158146 0.1978724 0.2439161 0.1898315 0.0814254 0.1318734 0.0150450 0.2241389 0.2148020 0.1168033 0.2221423 0.1197113 0.1884451 0.2301197 
Perityle_congesta_202                      0.2469995 0.0420408 0.2764943 0.1947273 0.0944327 0.1964102 0.0623866 0.3195176 0.2360902 0.1675043 0.0645298 0.0407147 0.0990553 0.0389461 0.2588865 0.0222991 0.2075034 0.2349138 0.1218123 0.0000010 0.0438528 0.1722232 0.0524592 0.1675945 0.0000000 0.2447615 0.1904877 0.3757851 0.1669361 0.1008202 0.0773196 0.0811647 0.0577181 0.1602053 0.1318561 0.1757820 0.0697085 0.2300635 0.2880377 0.1003139 0.0530394 0.2428778 0.0186744 0.1900268 0.4185241 0.0532715 0.2007197 0.0373968 0.0306409 0.2258919 0.0724048 0.0545801 0.0443272 0.2943200 0.0460475 0.0971237 0.0860353 0.0829010 0.0331077 0.1257913 0.0128738 0.2231290 0.0194659 0.1411105 0.2932985 0.1070114 0.1306767 0.1093496 0.1428278 0.0124229 0.2426109 0.0615931 0.0034788 0.0507227 0.0074002 0.1214659 0.1933650 0.0466312 0.1117840 0.1131326 0.0408328 0.2480617 
Perityle_cordifolia_27                     0.3472399 0.0911747 0.3400885 0.3637333 0.1898497 0.3270790 0.1048264 0.3995517 0.2789670 0.3350256 0.2389418 0.2308557 0.2433417 0.1697585 0.3233275 0.2169128 0.2642363 0.4821400 0.2295637 0.0365200 0.2154714 0.1882010 0.2392241 0.2597539 0.2447615 0.0000000 0.3667430 0.4406449 0.2155830 0.1328274 0.1010640 0.0913359 0.0982906 0.2463920 0.2905800 0.6042644 0.1895319 0.2432084 0.3359463 0.2197449 0.2361969 0.3849063 0.1548704 0.2340682 0.4468318 0.2126208 0.2671631 0.2367601 0.2744756 0.3486545 0.1385307 0.2354486 0.2159180 0.3208246 0.2265751 0.1320871 0.0783790 0.2739632 0.2108031 0.1462767 0.0644444 0.2562819 0.0601445 0.2558262 0.3356317 0.1432749 0.3128295 0.2561697 0.3087901 0.2071150 0.2710598 0.2464554 0.1022881 0.2240948 0.0438113 0.2997072 0.2672688 0.1949821 0.2651904 0.1400012 0.2351778 0.3484785 
Perityle_cordifolia_68_tecolote            0.3469881 0.0947294 0.3631042 0.1903866 0.1669876 0.2741541 0.1063426 0.3708750 0.3579756 0.2704959 0.1962170 0.1638113 0.2164418 0.1192970 0.3276041 0.0919783 0.2172452 0.3054443 0.2247941 0.0514183 0.1822147 0.1853990 0.1816411 0.2644153 0.1904877 0.3667430 0.0000000 0.4344621 0.2532647 0.1326975 0.1057880 0.1055785 0.0897430 0.2906188 0.2537309 0.1814662 0.1810093 0.2707138 0.3446326 0.1845560 0.1837409 0.3274393 0.1205217 0.2505978 0.5874216 0.1349298 0.2568821 0.1662046 0.2223089 0.3451555 0.1939073 0.2120582 0.1716733 0.4029710 0.1855913 0.0086013 0.1539997 0.1674144 0.1677272 0.1519775 0.0768425 0.2790095 0.0743616 0.2506938 0.2859511 0.1743729 0.2414855 0.2053926 0.2782689 0.0772442 0.3261769 0.1904784 0.1016054 0.2068305 0.0462634 0.2199467 0.3473945 0.1566461 0.2121294 0.1559744 0.1761418 0.3372832 
Perityle_coronopifolia_28_patagonia        0.3799462 0.1352738 0.4211453 0.4251123 0.3203298 0.4306467 0.1806774 0.4588515 0.3096984 0.4390696 0.3895777 0.3689394 0.3710236 0.3226034 0.4140516 0.3817767 0.3127732 0.5112403 0.3981816 0.1320087 0.3521780 0.2658685 0.3893510 0.3465946 0.3757851 0.4406449 0.4344621 0.0000000 0.2945195 0.1867654 0.1648865 0.1924500 0.1941842 0.4220200 0.3697960 0.8592048 0.3592687 0.2786516 0.4116183 0.3678785 0.3706558 0.4804849 0.2946079 0.3237364 0.5063029 0.3333780 0.3132002 0.3874072 0.4244119 0.4614698 0.2788362 0.3720116 0.3602281 0.4873920 0.3780900 0.2179701 0.2578767 0.4166816 0.3353533 0.1497031 0.1520069 0.3012371 0.1443231 0.4092757 0.0336293 0.2942897 0.3951937 0.3164911 0.4507296 0.3400275 0.3820056 0.3971489 0.2815940 0.3757720 0.1174176 0.3895052 0.3857443 0.3356348 0.3900528 0.1570559 0.3667050 0.4285365 
Perityle_crassifolia_70_ventanas           0.1729493 0.0982359 0.2110177 0.3141832 0.1626400 0.2858277 0.1307073 0.3112884 0.0936358 0.2490309 0.1826917 0.1567348 0.1761510 0.1608298 0.3123199 0.1776663 0.1854322 0.3181306 0.1849197 0.1024786 0.1387262 0.2479066 0.1725620 0.1745107 0.1669361 0.2155830 0.2532647 0.2945195 0.0000000 0.0951167 0.1075613 0.1457695 0.0384548 0.1973972 0.1206907 0.4855402 0.1696033 0.2490965 0.2655082 0.1733570 0.1787763 0.2577307 0.1552661 0.2144709 0.3359809 0.1651914 0.1165157 0.1669730 0.1780690 0.2508298 0.1454501 0.1872077 0.1504290 0.2288793 0.1621028 0.1845413 0.1411560 0.2518430 0.1347605 0.1483502 0.1073069 0.1960729 0.1015175 0.1803867 0.2649394 0.1659385 0.2530902 0.1216977 0.2301726 0.1560487 0.1003516 0.1823147 0.1465190 0.1832576 0.0953532 0.2386056 0.2190784 0.1714233 0.1986661 0.1148920 0.1658403 0.1815856 
Perityle_crassifolia_74_playa_balandra     0.1415579 0.0994165 0.0978798 0.1939117 0.1048616 0.1960018 0.1145158 0.2254246 0.0515950 0.1402010 0.1204952 0.0935408 0.1256221 0.1111792 0.1442702 0.1138795 0.1076024 0.2718918 0.1086211 0.0778926 0.0861542 0.2114703 0.1119671 0.0996822 0.1008202 0.1328274 0.1326975 0.1867654 0.0951167 0.0000000 0.1141161 0.1172359 0.0471520 0.1027225 0.0530480 0.1953213 0.1048678 0.2026157 0.1391701 0.0944415 0.1151131 0.1542938 0.0910881 0.1391465 0.2027460 0.1086958 0.0614137 0.0932115 0.1087191 0.1447848 0.1034909 0.1263737 0.0861296 0.1210005 0.1026686 0.1310698 0.1170152 0.2321673 0.0803705 0.1469680 0.0945367 0.1516946 0.1040981 0.1215278 0.1838924 0.1161985 0.1555725 0.0822854 0.1377295 0.1024398 0.1698029 0.1197422 0.0881165 0.1281278 0.0793722 0.1597445 0.1467858 0.1144762 0.1296951 0.1414097 0.1076497 0.0703681 
Perityle_cuneata_34_cuneata_San_antonio    0.0819594 0.0718582 0.0551193 0.1658032 0.0722545 0.2001101 0.0705962 0.2122457 0.0488043 0.1049663 0.1108213 0.0642670 0.1124596 0.0969389 0.1055584 0.1129491 0.0591201 0.2436419 0.1023701 0.0637812 0.0682672 0.1851496 0.0944827 0.0844045 0.0773196 0.1010640 0.1057880 0.1648865 0.1075613 0.1141161 0.0000000 0.0777444 0.0462051 0.0934218 0.0467589 0.2457964 0.0918813 0.1706895 0.1158615 0.0752859 0.1125421 0.1191152 0.0780571 0.1057529 0.1758233 0.1044157 0.0320727 0.0711153 0.0842401 0.1155158 0.1020155 0.1131321 0.0746563 0.0921151 0.0952869 0.1114351 0.0951171 0.1062394 0.0684209 0.0972726 0.0670760 0.0786936 0.0763436 0.1097805 0.1573554 0.0946717 0.1209339 0.0720524 0.1237993 0.0832735 0.1141341 0.1053325 0.0850645 0.1051521 0.0367105 0.1238076 0.1189597 0.1107405 0.1198452 0.1229990 0.0843460 0.0317251 
Perityle_cuneata_4                         0.0749681 0.0726215 0.0594437 0.1959214 0.0675227 0.2027566 0.0683894 0.2276355 0.0676346 0.1066720 0.0971400 0.0756065 0.0985217 0.0891376 0.1214395 0.0922294 0.1017489 0.2409563 0.1050369 0.0689839 0.0700379 0.1650853 0.1011605 0.0895999 0.0811647 0.0913359 0.1055785 0.1924500 0.1457695 0.1172359 0.0777444 0.0000000 0.0663214 0.0880126 0.0492477 0.2717709 0.0933130 0.1799141 0.1295640 0.0814102 0.1072865 0.1377058 0.0818314 0.1206568 0.1781052 0.0924972 0.0727231 0.0761910 0.0952207 0.1319541 0.0895431 0.0984289 0.0753629 0.0785545 0.0928673 0.1224438 0.0809348 0.1336544 0.0674373 0.0835070 0.0484432 0.0989951 0.0668930 0.0962845 0.1796924 0.0836972 0.1461058 0.0721603 0.1108839 0.0823997 0.1662504 0.1074513 0.0847461 0.0862550 0.0445161 0.1454233 0.1359865 0.1028491 0.1073326 0.1086160 0.0922406 0.0557536 
Perityle_discoidea_81                      0.0525733 0.0368276 0.0531289 0.2026900 0.0507358 0.1787288 0.0493793 0.1800466 0.0000010 0.0766180 0.0620641 0.0442977 0.0742006 0.0615695 0.1331962 0.0719983 0.0926390 0.2487451 0.0607582 0.0366714 0.0363192 0.1802573 0.0643502 0.0785425 0.0577181 0.0982906 0.0897430 0.1941842 0.0384548 0.0471520 0.0462051 0.0663214 0.0000000 0.0760308 0.0244692 0.2716587 0.0513363 0.1648503 0.1327122 0.0485980 0.0623659 0.1166170 0.0472460 0.0779415 0.2019922 0.0647760 0.0421871 0.0541425 0.0764922 0.1030635 0.0512503 0.0712820 0.0470585 0.0704148 0.0576333 0.1069753 0.0766333 0.1729372 0.0367944 0.1003700 0.0380253 0.0843380 0.0435181 0.0686120 0.1872183 0.0522323 0.1109584 0.0376561 0.0834641 0.0598147 0.0722966 0.0710893 0.0572733 0.0732462 0.0292578 0.1080684 0.1135714 0.0674973 0.0802532 0.0739380 0.0560267 0.0580216 
Perityle_dissecta_201                      0.2596363 0.0655616 0.2780215 0.3182160 0.1694280 0.2805128 0.1016330 0.3663017 0.1769062 0.2591057 0.1442367 0.1552671 0.1583663 0.1149506 0.2886901 0.1426254 0.2145639 0.3459361 0.1596034 0.0097995 0.1516416 0.1703006 0.1613530 0.1089319 0.1602053 0.2463920 0.2906188 0.4220200 0.1973972 0.1027225 0.0934218 0.0880126 0.0760308 0.0000000 0.2241328 0.4951471 0.1170872 0.2288123 0.2832952 0.1584318 0.1573427 0.3191768 0.0940064 0.2110673 0.4286719 0.1464956 0.1985429 0.1671686 0.2020607 0.3077133 0.0733838 0.1556945 0.1432646 0.2677416 0.1544859 0.1088882 0.0752519 0.2344402 0.1234412 0.1305467 0.0512661 0.2366244 0.0249386 0.1774149 0.2786575 0.1003798 0.2391568 0.1813143 0.2215504 0.1298126 0.2576587 0.1642195 0.0973612 0.1548368 0.0148921 0.2175737 0.2863863 0.1127932 0.1852694 0.1273423 0.1573740 0.2593918 
Perityle_emoryi_47_punta_san_jose          0.2165424 0.0327475 0.2853438 0.1998702 0.1153049 0.2397138 0.0454055 0.3121293 0.1763311 0.2328482 0.1596726 0.1256230 0.1485934 0.0764788 0.3329757 0.0648202 0.1996836 0.2454962 0.1540199 0.0205540 0.1186065 0.1745516 0.1483869 0.2289514 0.1318561 0.2905800 0.2537309 0.3697960 0.1206907 0.0530480 0.0467589 0.0492477 0.0244692 0.2241328 0.0000000 0.2321231 0.1277382 0.2133349 0.3381952 0.1384935 0.1409468 0.2620036 0.0693261 0.1918132 0.4366339 0.1061815 0.1707285 0.1586958 0.1419242 0.2696480 0.1426043 0.1516248 0.1348065 0.3110554 0.1332264 0.0943849 0.1052921 0.1337098 0.1081462 0.0807491 0.0141708 0.2027847 0.0218904 0.1791082 0.2592797 0.1348663 0.1874311 0.1042162 0.2078764 0.0534169 0.1749721 0.1558887 0.0524848 0.1447740 0.0204638 0.1640221 0.2070094 0.1109513 0.1851841 0.0564751 0.1310952 0.2532749 
Perityle_feddemae_99                       0.5733346 9.0000000 0.5736956 0.2453398 0.1799417 0.3130212 0.0000010 0.4825026 0.6420885 0.2014877 0.1797084 0.1798322 0.2107111 0.1844306 0.7582139 0.1942524 0.6108466 0.2380885 0.1784058 9.0000000 0.1773862 1.0273976 0.1724272 0.5526823 0.1757820 0.6042644 0.1814662 0.8592048 0.4855402 0.1953213 0.2457964 0.2717709 0.2716587 0.4951471 0.2321231 0.0000000 0.1549672 0.4953687 0.9253682 0.1586553 0.1987689 0.0366513 0.1780354 0.0101952 0.6721811 0.1820640 0.6433120 0.1866487 0.1982104 0.0253832 0.2219774 0.1897982 0.1965661 0.5029765 0.1714049 0.2316237 0.1983929 0.1894445 0.1643646 9.0000000 9.0000000 0.5262395 9.0000000 0.1915252 0.8238825 0.2351358 0.1752318 0.1509548 0.1936968 0.1563217 0.4234432 0.1925197 0.2227189 0.1873763 9.0000000 0.1739917 0.2387403 0.1932645 0.2018128 0.1653268 0.1982536 0.5573998 
Perityle_fosteri_93                        0.2070568 0.0710293 0.2501305 0.2048811 0.0953948 0.1914746 0.0872476 0.3199324 0.1364990 0.1547492 0.0630690 0.0640769 0.0876041 0.0286117 0.2337405 0.0109403 0.2069379 0.2560959 0.0440916 0.0000010 0.0619666 0.1606773 0.0747370 0.0929551 0.0697085 0.1895319 0.1810093 0.3592687 0.1696033 0.1048678 0.0918813 0.0933130 0.0513363 0.1170872 0.1277382 0.1549672 0.0000000 0.2306156 0.2741138 0.0576155 0.0709061 0.2339459 0.0252979 0.1664004 0.3719443 0.0560073 0.1603050 0.0653610 0.1141978 0.2173580 0.0466523 0.0677769 0.0557411 0.2072158 0.0650486 0.1020695 0.0680284 0.1238440 0.0386170 0.1359218 0.0559888 0.2238790 0.0316937 0.0911377 0.2861500 0.0938225 0.1394605 0.1068514 0.1462701 0.0200788 0.2400960 0.0685732 0.0215841 0.0814148 0.0126298 0.1233656 0.2041599 0.0400241 0.0926483 0.1362487 0.0626036 0.2391368 
Perityle_gamon_221                         0.2425533 0.1610469 0.2514341 0.2728988 0.2244417 0.3063452 0.1857760 0.3458138 0.1633750 0.2783958 0.2395671 0.2125403 0.2518818 0.2410510 0.2879636 0.2056680 0.2051566 0.3994081 0.2328900 0.1653958 0.2060245 0.2477269 0.2396101 0.2280901 0.2300635 0.2432084 0.2707138 0.2786516 0.2490965 0.2026157 0.1706895 0.1799141 0.1648503 0.2288123 0.2133349 0.4953687 0.2306156 0.0000000 0.2895044 0.2273832 0.2426073 0.2791217 0.2133135 0.2709522 0.0447659 0.2236918 0.1672525 0.2344521 0.2061527 0.2767376 0.2230981 0.2378845 0.2275362 0.2366898 0.2382163 0.2221500 0.2444477 0.3201149 0.2061052 0.1716549 0.1515812 0.2084488 0.1649767 0.2210244 0.2348446 0.2337200 0.3073224 0.2077378 0.2904451 0.1977851 0.3354226 0.2385925 0.1991340 0.2458375 0.1462963 0.3177082 0.2703334 0.2520785 0.2332357 0.1654258 0.2291330 0.2317949 
Perityle_gentryi_8_san_francisco           0.3927793 0.0894943 0.3119562 0.3907164 0.2682775 0.3481806 0.1184796 0.3821971 0.2562438 0.3490940 0.2750320 0.3002457 0.2882823 0.2567105 0.2850387 0.3173108 0.3021313 0.5378271 0.2983830 0.0261345 0.2782221 0.1735542 0.2964695 0.2731691 0.2880377 0.3359463 0.3446326 0.4116183 0.2655082 0.1391701 0.1158615 0.1295640 0.1327122 0.2832952 0.3381952 0.9253682 0.2741138 0.2895044 0.0000000 0.2865425 0.2966746 0.4219510 0.2168030 0.2528149 0.4690061 0.2742795 0.2648017 0.3089083 0.3469709 0.4030481 0.1998343 0.2977946 0.2882293 0.3436856 0.2966674 0.1473711 0.1770272 0.3759430 0.2600358 0.1456405 0.0676288 0.2849833 0.0433326 0.2972277 0.2991595 0.1934420 0.3465020 0.2863035 0.3254547 0.2905398 0.3120220 0.2915939 0.1998377 0.2900520 0.0375135 0.3331527 0.3597213 0.2442999 0.3139975 0.1372493 0.2933123 0.3251390 
Perityle_gilensis_22_Superstition          0.2405452 0.0507405 0.2758688 0.1921930 0.0844822 0.1959491 0.0695683 0.3115167 0.2580068 0.1714644 0.0620180 0.0832894 0.1095297 0.0225579 0.2888782 0.0267637 0.2205949 0.2322338 0.0946208 0.0033381 0.0796858 0.1784373 0.0989237 0.1963018 0.1003139 0.2197449 0.1845560 0.3678785 0.1733570 0.0944415 0.0752859 0.0814102 0.0485980 0.1584318 0.1384935 0.1586553 0.0576155 0.2273832 0.2865425 0.0000000 0.0885282 0.2365974 0.0254642 0.1976822 0.4235337 0.0455844 0.1963711 0.0843758 0.1191261 0.2150233 0.0893978 0.0896332 0.0726101 0.2704009 0.0839165 0.0954746 0.0673131 0.1236422 0.0629086 0.1403947 0.0351752 0.2164505 0.0422736 0.0552246 0.2778261 0.1101525 0.1392386 0.0943025 0.1526043 0.0045678 0.2536052 0.0806455 0.0162183 0.1063701 0.0229266 0.1185030 0.1805114 0.0369512 0.0542093 0.1285888 0.0730493 0.2484344 
Perityle_gilensis_salensis_225             0.2368978 0.0856341 0.2733581 0.2180546 0.1044940 0.2159623 0.1071201 0.3354623 0.1587452 0.1663880 0.0737664 0.0529773 0.0882240 0.0449574 0.2562618 0.0174801 0.2300623 0.2641841 0.0929773 0.0064343 0.0517621 0.1777663 0.0480809 0.1211007 0.0530394 0.2361969 0.1837409 0.3706558 0.1787763 0.1151131 0.1125421 0.1072865 0.0623659 0.1573427 0.1409468 0.1987689 0.0709061 0.2426073 0.2966746 0.0885282 0.0000000 0.2428458 0.0304968 0.1978189 0.3991116 0.0525891 0.2165187 0.0592507 0.0890918 0.2205338 0.0733674 0.0658568 0.0439373 0.2381953 0.0442437 0.1120888 0.1059296 0.1357738 0.0410871 0.1507271 0.0763830 0.2480221 0.0497267 0.1125420 0.3067396 0.1144065 0.1501532 0.1153247 0.1381726 0.0217278 0.2458950 0.0609374 0.0260724 0.0692281 0.0172496 0.1377135 0.2076217 0.0398186 0.1108322 0.1490229 0.0668980 0.2543801 
Perityle_glaucescens_94                    0.3497633 0.1233854 0.3786731 0.2153116 0.2102396 0.2985647 0.1321332 0.3511408 0.2709377 0.2924492 0.2268182 0.2287467 0.2624140 0.1715811 0.4026602 0.1528375 0.2656773 0.2671945 0.2675101 0.1177860 0.2248261 0.2296134 0.2476847 0.3111779 0.2428778 0.3849063 0.3274393 0.4804849 0.2577307 0.1542938 0.1191152 0.1377058 0.1166170 0.3191768 0.2620036 0.0366513 0.2339459 0.2791217 0.4219510 0.2365974 0.2428458 0.0000000 0.1587535 0.0549315 0.4849044 0.1998743 0.2374663 0.2303908 0.2247983 0.1050511 0.2399960 0.2431716 0.2232508 0.3718982 0.2352588 0.1607772 0.2172550 0.2136954 0.1967246 0.1431638 0.0951355 0.2858023 0.1186598 0.2838800 0.3635459 0.2071628 0.2413810 0.2019775 0.3237786 0.1238683 0.2909152 0.2275497 0.1382744 0.2485395 0.1007674 0.2275342 0.2823144 0.2074325 0.2565983 0.1354001 0.2224880 0.3503845 
Perityle_gracilis_11                       0.1472840 0.0425440 0.1816418 0.2009487 0.0661423 0.1757871 0.0553513 0.2829032 0.1211526 0.0987152 0.0372432 0.0130630 0.0427247 0.0328209 0.2128879 0.0134165 0.1788553 0.2415494 0.0277662 0.0000010 0.0220460 0.1729645 0.0318188 0.1076411 0.0186744 0.1548704 0.1205217 0.2946079 0.1552661 0.0910881 0.0780571 0.0818314 0.0472460 0.0940064 0.0693261 0.1780354 0.0252979 0.2133135 0.2168030 0.0254642 0.0304968 0.1587535 0.0000000 0.1559059 0.2863644 0.0352824 0.1445072 0.0219677 0.0175350 0.1483159 0.0261339 0.0377614 0.0312750 0.1379305 0.0295949 0.0978008 0.0708906 0.0983647 0.0117733 0.1116940 0.0130314 0.2010154 0.0197006 0.0312570 0.2997447 0.0764982 0.1082797 0.0524672 0.0626717 0.0060182 0.2247016 0.0393874 0.0035189 0.0362700 0.0050516 0.1062555 0.1337836 0.0353811 0.0439447 0.1112603 0.0259708 0.1638939 
Perityle_harkerae_31                       0.2445898 0.1215050 0.2255479 0.2089533 0.1775215 0.2685238 0.1256768 0.3205926 0.0720919 0.2826056 0.2035955 0.1763265 0.2137965 0.1519048 0.2516623 0.1288127 0.1313641 0.2733916 0.2076332 0.1046253 0.1666082 0.1976613 0.1858096 0.1889828 0.1900268 0.2340682 0.2505978 0.3237364 0.2144709 0.1391465 0.1057529 0.1206568 0.0779415 0.2110673 0.1918132 0.0101952 0.1664004 0.2709522 0.2528149 0.1976822 0.1978189 0.0549315 0.1559059 0.0000000 0.3365750 0.1837693 0.0714044 0.1946917 0.1641557 0.0324282 0.1957624 0.2007301 0.1726444 0.1917567 0.1865312 0.1567792 0.1981966 0.2207244 0.1575322 0.1224575 0.0790537 0.1776695 0.1050680 0.2228713 0.2394975 0.1896802 0.2464939 0.1509651 0.2603970 0.1036776 0.2911285 0.1966511 0.1108679 0.2061740 0.0810335 0.2388916 0.2163790 0.1978598 0.2383568 0.1109784 0.1917105 0.1698908 
Perityle_hofmeisteria_4_nombre_de_dios     0.4321612 0.1770397 0.4688902 0.3985351 0.3140216 0.4346823 0.2164674 0.4418564 0.3054213 0.4710827 0.3758134 0.3622777 0.3885107 0.3249794 0.4609135 0.3547322 0.3666272 0.5302584 0.4458799 0.1833103 0.3730142 0.2634305 0.4126693 0.3349068 0.4185241 0.4468318 0.5874216 0.5063029 0.3359809 0.2027460 0.1758233 0.1781052 0.2019922 0.4286719 0.4366339 0.6721811 0.3719443 0.0447659 0.4690061 0.4235337 0.3991116 0.4849044 0.2863644 0.3365750 0.0000000 0.3473139 0.2832062 0.3846482 0.4578805 0.4874134 0.3144484 0.4132524 0.3756625 0.4945777 0.3968464 0.2377753 0.2808234 0.4092730 0.3772382 0.1845423 0.1626618 0.3117099 0.1806445 0.5055698 0.3442436 0.2993094 0.4179754 0.3771688 0.5262929 0.3216336 0.3741969 0.4039971 0.2672679 0.3935587 0.1574847 0.4021141 0.4570317 0.3531786 0.4543005 0.1664119 0.3820994 0.4398786 
Perityle_huecosensis_48                    0.2175971 0.0801500 0.2282501 0.2080373 0.0986560 0.1950606 0.1032707 0.3212216 0.2050350 0.1273837 0.0725130 0.0546142 0.0830653 0.0391803 0.2573249 0.0200247 0.2217475 0.2541238 0.0580920 0.0131494 0.0534117 0.1870121 0.0558955 0.1698606 0.0532715 0.2126208 0.1349298 0.3333780 0.1651914 0.1086958 0.1044157 0.0924972 0.0647760 0.1464956 0.1061815 0.1820640 0.0560073 0.2236918 0.2742795 0.0455844 0.0525891 0.1998743 0.0352824 0.1837693 0.3473139 0.0000000 0.2146122 0.0602295 0.0803181 0.1963406 0.0601226 0.0558000 0.0527736 0.2228497 0.0546715 0.1129554 0.0683881 0.1238439 0.0378099 0.1242781 0.0783266 0.2251173 0.0482393 0.0605895 0.2975105 0.1024894 0.1471054 0.0697536 0.0829593 0.0232451 0.2586003 0.0650686 0.0263807 0.0649703 0.0201779 0.1418708 0.1683138 0.0493653 0.0760816 0.1201495 0.0648413 0.2020669 
