75
Amauria_brandeegeana_62                    0.0000000 0.2638630 0.3321244 0.3054066 0.1976235 0.0672761 0.2577350 0.1830542 0.1560326 0.1710527 0.2312328 0.2054150 0.2345959 0.2043823 0.2238846 0.1890984 0.1898167 0.1299484 0.0852036 0.2200527 0.1012272 0.1388553 0.0745096 0.2351263 0.1388540 0.1969828 0.0704812 0.3308350 0.2431629 0.1059153 0.1834002 0.2060811 0.1939147 0.1623090 0.1904924 0.2111062 0.2754039 0.1828820 0.2672891 0.1936233 0.2091768 0.2089257 0.2328945 0.0871651 0.3314060 0.2464178 0.2227963 0.2234766 0.1787329 0.1986022 0.2520893 0.1871999 0.2298120 0.0897267 0.2225013 0.1104938 0.2250423 0.2698637 0.2573953 0.1222714 0.2358588 0.2924378 0.2392583 0.1974253 0.2224614 0.2481559 0.1910118 0.1959194 0.1263699 0.2039083 0.2113181 0.2305820 0.1673817 0.2330934 0.1731988 
Amauria_carterae_99_mesa                   0.2638630 0.0000000 0.4006163 0.4488628 0.2896814 0.6259674 0.4130379 0.1326856 0.2702183 0.4797349 0.3022434 0.3235245 0.3075043 0.3030209 0.3269996 0.2473972 0.2642466 0.0813912 0.2368099 0.3016470 0.3601363 0.3585610 0.1202252 0.2950759 0.1956831 0.1460920 0.4418134 0.1974633 0.3911921 0.4311605 0.2727747 0.2710585 0.3027227 0.3117293 0.2901477 0.3196967 0.3158584 0.2635392 0.2948505 0.2922086 0.2509346 0.3113378 0.2881535 0.3063555 0.3479554 0.3076152 0.1213321 0.2885885 0.2711381 0.3102614 0.3273602 0.2830004 0.1129259 0.1485887 0.2961773 0.3479949 0.2183066 0.3347191 0.3012727 0.3896410 0.2875785 0.3423472 0.3571898 0.2733888 0.3071875 0.1049381 0.2945470 0.2469072 0.2539625 0.2928388 0.2849875 0.2029043 0.1201133 0.1843789 0.2609701 
Amauria_rotundifolia_SRR9119150            0.3321244 0.4006163 0.0000000 0.3342809 0.3372374 0.1099025 0.3648112 0.2300497 0.3142718 0.3306108 0.3512855 0.3817810 0.3574997 0.3097514 0.4027993 0.3888500 0.4073370 0.5402790 0.3434481 0.3873580 0.1724590 0.3406286 0.3892858 0.4473021 0.1848271 0.5397235 0.2349002 0.4538507 0.2511820 0.0864672 0.4129502 0.3640613 0.3437523 0.3580299 0.3240979 0.3817757 0.3747008 0.4073796 0.2998446 0.3579190 0.2475340 0.3422389 0.4318751 0.3951732 0.4086888 0.4329959 0.3375859 0.3530156 0.2990537 0.3294060 0.3677377 0.3627688 0.4828020 0.1184284 0.4358656 0.3227071 0.2787890 0.3926416 0.2411515 0.3183156 0.2077415 0.3752441 0.2761800 0.3511468 0.3660471 0.3327735 0.3550437 0.4147482 0.2073604 0.3120775 0.3858444 0.4185163 0.2772801 0.4292200 0.3206288 
Conoclinium_coelestinum_SRR9119114         0.3054066 0.4488628 0.3342809 0.0000000 0.2904630 0.1915481 0.2621818 0.3068327 0.3044978 0.3603038 0.3037107 0.3619014 0.3354315 0.3003576 0.3481519 0.3021095 0.3095503 0.4745497 0.3073625 0.3474499 0.1741373 0.3073432 0.3557700 0.3240187 0.2759460 0.4256480 0.2636080 0.4730468 0.3609822 0.1792584 0.3289023 0.2976961 0.2970431 0.2993176 0.3096957 0.3514787 0.3390312 0.3088234 0.3214651 0.3353047 0.2811676 0.3196841 0.3221055 0.3351483 0.3530458 0.3203425 0.3697164 0.3140847 0.3180368 0.3195610 0.4114745 0.3348580 0.3463604 0.2010569 0.3199703 0.2943023 0.2474761 0.3385344 0.3088211 0.2926656 0.3271074 0.4624902 0.2920600 0.3381267 0.3288561 0.3253984 0.3479048 0.3177379 0.2489249 0.3020069 0.3578151 0.3377617 0.3084898 0.3400222 0.3036842 
Eutetras_palmeri_63                        0.1976235 0.2896814 0.3372374 0.2904630 0.0000000 0.0505801 0.2524858 0.1787872 0.1710600 0.1460208 0.2004146 0.1943219 0.2276774 0.1587070 0.1969213 0.1821693 0.1767206 0.1696092 0.0884183 0.2150729 0.1027985 0.1277737 0.0972106 0.2228063 0.1470657 0.2459334 0.0867544 0.3418467 0.2656549 0.1588975 0.1795811 0.2148283 0.2042505 0.1527504 0.1790012 0.1957735 0.2816618 0.1778270 0.3025330 0.1872527 0.2100820 0.2085715 0.2175050 0.1161317 0.3376930 0.2282275 0.2365827 0.2092032 0.1652360 0.1881603 0.2563275 0.1827071 0.2335210 0.1012570 0.2154993 0.0953805 0.2234788 0.2865064 0.2904666 0.1013855 0.2539186 0.2836855 0.2350346 0.1917566 0.2112116 0.2487112 0.1870026 0.1902056 0.1168001 0.1932218 0.1930963 0.2185970 0.1744307 0.2311260 0.1655948 
Eutetras_pringlei_149_quer                 0.0672761 0.6259674 0.1099025 0.1915481 0.0505801 0.0000000 0.8718335 9.0000000 0.0532278 0.3945411 0.0601805 0.0615969 0.0888969 0.0713057 0.0756998 0.1284838 0.1542453 0.4663722 0.2369323 0.0472319 0.2369323 0.3634407 9.0000000 0.2730456 0.2388009 9.0000000 0.3136051 0.7151529 0.7275419 0.3518064 0.1473762 0.1759624 0.0897033 0.0679983 0.0476238 0.0714075 0.0935210 0.1446424 0.1303585 0.0537152 0.0859311 0.1013330 0.2998142 0.0495394 0.6159799 0.2807921 0.0700791 0.0659484 0.0525324 0.0742649 0.1067253 0.0711983 0.1375064 0.2388009 0.2666398 0.2369323 0.0979798 0.3265963 0.1678447 0.2369323 0.1097308 0.0809883 0.3205524 0.1272967 0.0688290 0.0365599 0.0495791 0.1390614 0.0602188 0.0871154 0.0626820 0.2513285 0.1361532 0.2731558 0.0385889 
Eutrochium_fistulosum_SRR9119106           0.2577350 0.4130379 0.3648112 0.2621818 0.2524858 0.8718335 0.0000000 0.2831599 0.2514630 0.2466659 0.2607947 0.2796505 0.3040283 0.3057284 0.2854193 0.2510753 0.2908677 0.2906586 0.1879635 0.2938579 0.1283982 0.1736271 0.1875964 0.2829052 0.2231542 0.2807917 0.1888797 0.4625653 0.3103278 0.1961375 0.2800476 0.2602937 0.2888803 0.2773598 0.2528072 0.2873558 0.3036735 0.2743755 0.3260458 0.2616284 0.2689863 0.2806236 0.2791445 0.3159137 0.3460182 0.2770205 0.4131335 0.2676988 0.2578268 0.2749646 0.3909762 0.2712768 0.4372201 0.1608266 0.2775817 0.1747980 0.3691169 0.3773012 0.3107007 0.1704998 0.3221102 0.4065533 0.2849687 0.2647008 0.2818000 0.3840997 0.2728303 0.2746286 0.2871265 0.2667809 0.2705934 0.2902565 0.4192078 0.3169786 0.2586678 
Galeana_pratensis_104_mex                  0.1830542 0.1326856 0.2300497 0.3068327 0.1787872 9.0000000 0.2831599 0.0000000 0.1669049 0.6079662 0.1650347 0.1650678 0.1402298 0.1285744 0.1837312 0.1394134 0.1637965 0.1211727 0.1461016 0.1765454 0.4316620 9.0000000 0.1130326 0.1756179 0.1714506 0.1067916 9.0000000 0.1183030 0.3249702 9.0000000 0.1562617 0.2046618 0.1909392 0.1327448 0.1936885 0.1649147 0.1557129 0.1613173 0.1880707 0.1305678 0.1744447 0.2040046 0.1685045 0.3195464 0.1551498 0.1766494 0.1578452 0.1589668 0.1378305 0.1684902 0.1719014 0.1261735 0.1618840 0.1300238 0.1768325 0.0000010 0.1029844 0.1723440 0.1416401 9.0000000 0.1744156 0.1304677 0.1262072 0.1495953 0.1695366 0.1122514 0.1765454 0.1604610 0.1328036 0.1582792 0.1690052 0.1461481 0.1574430 0.1512103 0.1445982 
Lycapsus_tenuifolius_17                    0.1560326 0.2702183 0.3142718 0.3044978 0.1710600 0.0532278 0.2514630 0.1669049 0.0000000 0.1469488 0.1922814 0.1883396 0.2287498 0.1808578 0.2174862 0.1420246 0.1396365 0.0902453 0.0707475 0.2119079 0.0926982 0.1396011 0.0348146 0.1962719 0.1147307 0.1721258 0.0637934 0.3092545 0.2604845 0.1710298 0.1256644 0.1529547 0.1567288 0.1524113 0.0988750 0.2136995 0.2778455 0.1338418 0.2644828 0.2007459 0.1117827 0.1165570 0.1798272 0.1155867 0.3222340 0.2066863 0.0651283 0.1796108 0.1225072 0.1517039 0.2368490 0.1857414 0.1448765 0.0741050 0.1986790 0.1085702 0.1819329 0.2538052 0.2656294 0.1064706 0.2308671 0.2764880 0.2084645 0.1311502 0.1879241 0.0474079 0.1896277 0.1416224 0.1409534 0.1537063 0.1960457 0.1968989 0.0962971 0.1704239 0.0658898 
Pericome_caudata_50_silver                 0.1710527 0.4797349 0.3306108 0.3603038 0.1460208 0.3945411 0.2466659 0.6079662 0.1469488 0.0000000 0.1498002 0.1612979 0.2659466 0.2496321 0.1616810 0.1538168 0.1588056 0.4779924 0.1401519 0.1971515 0.0917214 0.1392545 0.1645237 0.1669470 0.1721112 0.4556920 0.1111496 0.5464368 0.2937544 0.2207445 0.1590289 0.1515560 0.1795689 0.1459153 0.1734309 0.1671455 0.2667787 0.1523433 0.3497369 0.1495239 0.2077702 0.1830330 0.1472224 0.1312658 0.4079839 0.1653523 0.3985542 0.1386592 0.1680877 0.1481516 0.3427465 0.1700391 0.4563371 0.1479191 0.1696421 0.1335082 0.2745777 0.3131253 0.3203713 0.1342478 0.3302254 0.4142246 0.2437809 0.1628788 0.1737075 0.4566101 0.1679046 0.1483521 0.1551211 0.1508608 0.1526691 0.1982114 0.4353171 0.2132814 0.1455568 
Perityle_aglossa_84_dead_horse             0.2312328 0.3022434 0.3512855 0.3037107 0.2004146 0.0601805 0.2607947 0.1650347 0.1922814 0.1498002 0.0000000 0.0830449 0.1481386 0.1069423 0.1663310 0.0651415 0.1199186 0.1768364 0.0709303 0.1130122 0.0552723 0.1082554 0.0802982 0.0431629 0.1163082 0.1013661 0.0991882 0.3557636 0.2825291 0.1955796 0.0829788 0.1937199 0.2415673 0.0647863 0.1990319 0.1299374 0.1835120 0.0757305 0.2749945 0.1074379 0.2451952 0.2369195 0.0305825 0.1518947 0.2339489 0.0676017 0.2850349 0.0327063 0.1369282 0.0292223 0.2292198 0.1054938 0.1125617 0.0995760 0.0576238 0.0484229 0.1090813 0.3027770 0.2806604 0.0205472 0.3016402 0.2780927 0.1482345 0.1486186 0.0594371 0.2331282 0.0880046 0.0854863 0.0569702 0.1105881 0.0880819 0.0392151 0.1116924 0.0362795 0.1821966 
Perityle_ajoensis_204                      0.2054150 0.3235245 0.3817810 0.3619014 0.1943219 0.0615969 0.2796505 0.1650678 0.1883396 0.1612979 0.0830449 0.0000000 0.1713747 0.0347153 0.1150305 0.2126359 0.2658121 0.3560857 0.1601003 0.0411171 0.0729671 0.0913057 0.2091648 0.1270835 0.1244267 0.2773129 0.1200107 0.3746947 0.3029284 0.2150778 0.2134228 0.2460351 0.2307203 0.0506311 0.2053620 0.1101449 0.1688955 0.2222639 0.3221990 0.0277591 0.2290534 0.2268946 0.1226401 0.1658074 0.1877724 0.1181990 0.2673450 0.0820905 0.1366742 0.0621813 0.2597765 0.0576297 0.3323167 0.1249680 0.1200993 0.0353780 0.2273129 0.3082699 0.3212430 0.0320909 0.3219049 0.3016249 0.1542978 0.1531114 0.0871097 0.2489565 0.0252584 0.2065947 0.0180516 0.1629514 0.0456721 0.1721674 0.2209707 0.1334639 0.1728371 
Perityle_ambrosiifolia_67_green            0.2345959 0.3075043 0.3574997 0.3354315 0.2276774 0.0888969 0.3040283 0.1402298 0.2287498 0.2659466 0.1481386 0.1713747 0.0000000 0.1678254 0.2447078 0.1135893 0.1613733 0.1745523 0.1655238 0.1982717 0.1067098 0.1888994 0.0785412 0.0899683 0.1144297 0.1013953 0.2323120 0.3784890 0.3043299 0.2352462 0.1524423 0.2174067 0.2518809 0.1724206 0.2365007 0.2180930 0.0025603 0.1096635 0.2512663 0.1659075 0.2192532 0.2576798 0.0966706 0.2337264 0.2376164 0.0920713 0.2453633 0.0918251 0.1926287 0.0699426 0.2445729 0.1680056 0.1179495 0.0943430 0.0966864 0.1714882 0.1248763 0.3494202 0.3131183 0.2499693 0.3132501 0.2647577 0.2161987 0.2503165 0.0795381 0.2305337 0.1484562 0.1453708 0.0823462 0.1691435 0.1662503 0.0733632 0.1042399 0.0158100 0.2339092 
Perityle_angustifolia_13_Eagle_creek       0.2043823 0.3030209 0.3097514 0.3003576 0.1587070 0.0713057 0.3057284 0.1285744 0.1808578 0.2496321 0.1069423 0.0347153 0.1678254 0.0000000 0.0824954 0.1640458 0.2021838 0.2371259 0.0950483 0.0427160 0.0498854 0.1727261 0.1372641 0.1200052 0.2839018 0.2135268 0.1020215 0.3971474 0.3362592 0.3014079 0.1728138 0.1945932 0.2001959 0.0105415 0.1886444 0.0807787 0.1944443 0.1817396 0.2730588 0.0404811 0.1761408 0.2455663 0.1207317 0.1337058 0.2799175 0.1526401 0.1488211 0.0529896 0.1455757 0.0737106 0.2271121 0.0219105 0.2365465 0.1135013 0.1225059 0.1360159 0.2178668 0.2688202 0.2744749 0.1426467 0.2704919 0.2806069 0.1346203 0.1278963 0.1160348 0.1240222 0.0577888 0.1509498 0.0169655 0.1139281 0.0384155 0.1808988 0.2147920 0.1476091 0.1753548 
Perityle_batopilensis_97                   0.2238846 0.3269996 0.4027993 0.3481519 0.1969213 0.0756998 0.2854193 0.1837312 0.2174862 0.1616810 0.1663310 0.1150305 0.2447078 0.0824954 0.0000000 0.2071498 0.2521589 0.3155537 0.1506048 0.1275738 0.0808302 0.1051101 0.1792266 0.1928074 0.1361416 0.2424485 0.1196543 0.3953027 0.3146909 0.2131306 0.2061230 0.2644523 0.3046410 0.1202574 0.2284430 0.0258257 0.2662774 0.2092198 0.3545982 0.0827351 0.2555619 0.2561959 0.1956091 0.1694705 0.2804328 0.2029258 0.3063895 0.1141218 0.1655009 0.0972601 0.2446677 0.1363155 0.3093731 0.1019273 0.1957316 0.0622586 0.2498287 0.3316550 0.3229828 0.1317894 0.3443100 0.3140323 0.1919995 0.1764477 0.1139373 0.3014617 0.1023329 0.2088624 0.0550625 0.1766005 0.1155874 0.2766038 0.2246423 0.2380587 0.1966121 
Perityle_bisetosa_9                        0.1890984 0.2473972 0.3888500 0.3021095 0.1821693 0.1284838 0.2510753 0.1394134 0.1420246 0.1538168 0.0651415 0.2126359 0.1135893 0.1640458 0.2071498 0.0000000 0.0945095 0.0274934 0.0159137 0.2255970 0.0535872 0.0823439 0.0087748 0.1751949 0.0886676 0.1100061 0.0986224 0.2977207 0.2450202 0.1895224 0.0380379 0.1760106 0.1302457 0.2141597 0.1428336 0.1957398 0.1150593 0.0248130 0.1897765 0.1742783 0.1632306 0.1642051 0.1561433 0.2008304 0.3590288 0.1708438 0.1643633 0.0610725 0.0976793 0.0585120 0.3003207 0.2207267 0.0709117 0.0721928 0.1695242 0.0593611 0.1454797 0.2411153 0.2497914 0.0456318 0.2329822 0.2406061 0.1914015 0.1072359 0.0763581 0.1819697 0.1852181 0.0383251 0.1258120 0.1073736 0.2283923 0.1970071 0.0608147 0.2573492 0.1331686 
Perityle_canescens_77                      0.1898167 0.2642466 0.4073370 0.3095503 0.1767206 0.1542453 0.2908677 0.1637965 0.1396365 0.1588056 0.1199186 0.2658121 0.1613733 0.2021838 0.2521589 0.0945095 0.0000000 0.1383263 0.1006858 0.2763410 0.1200519 0.1498492 0.0955711 0.2353463 0.1388208 0.1242968 0.1175593 0.3093088 0.2642164 0.1877990 0.1148315 0.1945257 0.1166927 0.2513391 0.1185969 0.2524281 0.1844852 0.1082811 0.2136945 0.2275894 0.1794923 0.1444154 0.2274484 0.1950385 0.3526173 0.2309350 0.1387928 0.1310942 0.1530684 0.1294932 0.3255220 0.2643572 0.1034466 0.1135400 0.2293437 0.1238272 0.1598230 0.2143204 0.2689621 0.1265805 0.2443508 0.3005472 0.2250434 0.1673775 0.1321405 0.1775300 0.2439741 0.1083482 0.1776455 0.1344349 0.2659398 0.2409573 0.0654761 0.3055473 0.1411743 
Perityle_castillonii_96                    0.1299484 0.0813912 0.5402790 0.4745497 0.1696092 0.4663722 0.2906586 0.1211727 0.0902453 0.4779924 0.1768364 0.3560857 0.1745523 0.2371259 0.3155537 0.0274934 0.1383263 0.0000000 0.0364718 0.3471250 0.5050611 0.2073950 0.0128524 0.3486084 0.1308982 0.0999388 0.8147257 0.0693966 0.2198456 0.8154081 0.0449709 0.2366251 0.0938606 0.4051373 0.0961008 0.3090662 0.1793595 0.0572443 0.0904740 0.2234954 0.0791157 0.0951804 0.3402142 0.3321222 0.2884157 0.3465704 0.0567305 0.2009992 0.0641789 0.1929853 0.4761563 0.3772099 0.0896580 0.1021293 0.3441161 0.1981099 0.2006745 0.2682677 0.1327853 0.2355442 0.0923913 0.1590246 0.2489704 0.0508739 0.1902035 0.0590782 0.2996824 0.0433537 0.1843668 0.1930309 0.3791621 0.3191541 0.0755146 0.3247477 0.0770675 
Perityle_cernua_84                         0.0852036 0.2368099 0.3434481 0.3073625 0.0884183 0.2369323 0.1879635 0.1461016 0.0707475 0.1401519 0.0709303 0.1601003 0.1655238 0.0950483 0.1506048 0.0159137 0.1006858 0.0364718 0.0000000 0.1629775 0.0484611 0.0630985 0.0176386 0.1631742 0.0931785 0.1021644 0.1052510 0.2359766 0.2121297 0.1913937 0.0268449 0.1344433 0.0978904 0.1521729 0.0807515 0.1541485 0.1693567 0.0228085 0.1549683 0.0986480 0.0974980 0.0902380 0.1527454 0.1773309 0.2994436 0.1604136 0.0446741 0.0777557 0.0322928 0.0795784 0.3581855 0.1626833 0.0542950 0.0722168 0.1638554 0.0338400 0.1848073 0.2369282 0.1864674 0.0269004 0.1702568 0.2311905 0.1890906 0.0260627 0.0975154 0.0442142 0.1329303 0.0227483 0.0674279 0.1279348 0.1640776 0.2231042 0.0454317 0.2746374 0.0627541 
Perityle_cfvillosa_25_tin                  0.2200527 0.3016470 0.3873580 0.3474499 0.2150729 0.0472319 0.2938579 0.1765454 0.2119079 0.1971515 0.1130122 0.0411171 0.1982717 0.0427160 0.1275738 0.2255970 0.2763410 0.3471250 0.1629775 0.0000000 0.0811957 0.1226011 0.2093932 0.1481556 0.1703136 0.2858225 0.1130444 0.3862586 0.3249205 0.2662732 0.2260816 0.2588717 0.2571849 0.0443659 0.2244146 0.1193580 0.1927152 0.2396586 0.3254112 0.0429444 0.2360659 0.2450762 0.1459923 0.1630461 0.2035339 0.1343658 0.2704186 0.1050018 0.1602737 0.0863370 0.2562183 0.0537827 0.3301620 0.1204639 0.1351227 0.0397704 0.2588490 0.3109589 0.3186512 0.0664369 0.3358478 0.3341672 0.1553127 0.1789021 0.1193697 0.2483312 0.0321792 0.2274933 0.0218541 0.1687226 0.0520256 0.1983355 0.2166866 0.1468243 0.1917329 
Perityle_cinerea_113_Powell1310            0.1012272 0.3601363 0.1724590 0.1741373 0.1027985 0.2369323 0.1283982 0.4316620 0.0926982 0.0917214 0.0552723 0.0729671 0.1067098 0.0498854 0.0808302 0.0535872 0.1200519 0.5050611 0.0484611 0.0811957 0.0000000 0.0756567 0.1321103 0.0674981 0.0556637 0.4603415 0.0599715 0.3338993 0.1582842 0.0898796 0.0897715 0.0934175 0.1639901 0.0208026 0.1066794 0.0828337 0.1017799 0.0725799 0.1662157 0.0685686 0.1405622 0.1354141 0.0589432 0.0936034 0.1825688 0.0582567 0.5420360 0.0512680 0.0605710 0.0513923 0.3378096 0.0478936 0.5392091 0.0311767 0.0639008 0.0392209 0.4684777 0.2110720 0.1531191 0.0252872 0.1530127 0.4234526 0.1447373 0.0618042 0.0810844 0.4935256 0.0859265 0.0709734 0.0372247 0.1124097 0.0622432 0.1403553 0.6021043 0.4941853 0.0837838 
Perityle_coahuilensis_24                   0.1388553 0.3585610 0.3406286 0.3073432 0.1277737 0.3634407 0.1736271 9.0000000 0.1396011 0.1392545 0.1082554 0.0913057 0.1888994 0.1727261 0.1051101 0.0823439 0.1498492 0.2073950 0.0630985 0.1226011 0.0756567 0.0000000 0.0422237 0.0939333 0.0965084 0.0827447 0.1171850 0.4186718 0.2331065 0.1997400 0.0894487 0.1740680 0.1591701 0.0565611 0.1666043 0.0892762 0.2195716 0.0873753 0.3239629 0.0573078 0.1652758 0.1759182 0.0837700 0.1111992 0.3578341 0.0992326 0.1939126 0.0780417 0.0744111 0.0521957 0.2574379 0.0619411 0.2796750 0.0279769 0.0814920 0.0566984 0.2245764 0.3190088 0.2685432 0.0776959 0.2676377 0.3178816 0.2065733 0.0987035 0.0559661 0.2446380 0.0808953 0.0999637 0.0371734 0.1263518 0.0823954 0.1393756 0.1171350 0.1545188 0.1482347 
Perityle_cochisensis_44_cave_creek         0.0745096 0.1202252 0.3892858 0.3557700 0.0972106 9.0000000 0.1875964 0.1130326 0.0348146 0.1645237 0.0802982 0.2091648 0.0785412 0.1372641 0.1792266 0.0087748 0.0955711 0.0128524 0.0176386 0.2093932 0.1321103 0.0422237 0.0000000 0.2130610 0.0958351 0.0817671 0.0881180 0.1819918 0.1718163 0.1449096 0.0250250 0.1562215 0.0475790 0.2325876 0.0455551 0.1817026 0.0818457 0.0252673 0.0672249 0.1128842 0.0684279 0.0479457 0.2133795 0.2322991 0.2755442 0.2119140 0.0290558 0.0840116 0.0218199 0.0884502 0.3062586 0.2115140 0.0568301 0.0742657 0.2146550 0.0344649 0.1697826 0.3212303 0.1088295 0.0545707 0.0649777 0.0651277 0.2554177 0.0191446 0.0811251 0.0300623 0.1636672 0.0155576 0.0807341 0.1107996 0.2135284 0.2071627 0.0513024 0.2408115 0.0231499 
Perityle_congesta_202                      0.2351263 0.2950759 0.4473021 0.3240187 0.2228063 0.2730456 0.2829052 0.1756179 0.1962719 0.1669470 0.0431629 0.1270835 0.0899683 0.1200052 0.1928074 0.1751949 0.2353463 0.3486084 0.1631742 0.1481556 0.0674981 0.0939333 0.2130610 0.0000000 0.1297564 0.2322578 0.1191351 0.3615442 0.3044618 0.2189400 0.1748248 0.2405253 0.1680302 0.1226724 0.2105674 0.1991155 0.1137541 0.1734316 0.2737217 0.1242150 0.2384299 0.2296951 0.0318386 0.2658005 0.1967084 0.0270946 0.2767971 0.0235216 0.1368964 0.0199536 0.3800004 0.1555884 0.3223424 0.1171102 0.0207451 0.0224570 0.1695936 0.3128202 0.3033317 0.0351212 0.3143006 0.2724950 0.1514346 0.1636521 0.0265009 0.2388300 0.1237778 0.1672699 0.1178643 0.1249635 0.1269325 0.0455894 0.2439070 0.0234940 0.1856278 
Perityle_cordifolia_68_tecolote            0.1388540 0.1956831 0.1848271 0.2759460 0.1470657 0.2388009 0.2231542 0.1714506 0.1147307 0.1721112 0.1163082 0.1244267 0.1144297 0.2839018 0.1361416 0.0886676 0.1388208 0.1308982 0.0931785 0.1703136 0.0556637 0.0965084 0.0958351 0.1297564 0.0000000 0.1891715 0.0917468 0.3051801 0.2465661 0.1637853 0.1040720 0.1309904 0.1668912 0.1225362 0.1461111 0.1282656 0.1220664 0.0967097 0.2132745 0.1165287 0.1830831 0.1667527 0.1197421 0.1478297 0.3132650 0.1245853 0.1587118 0.1181117 0.0962822 0.1160057 0.0725610 0.1225114 0.1608096 0.0120110 0.1352536 0.0581368 0.2026451 0.2967194 0.1616799 0.0878140 0.1670759 0.0922547 0.2620404 0.0978797 0.1295113 0.1303012 0.1462140 0.0917408 0.1485445 0.1287423 0.1289698 0.0936673 0.1822224 0.1418696 0.1327758 
Perityle_crassifolia_70_ventanas           0.1969828 0.1460920 0.5397235 0.4256480 0.2459334 9.0000000 0.2807917 0.1067916 0.1721258 0.4556920 0.1013661 0.2773129 0.1013953 0.2135268 0.2424485 0.1100061 0.1242968 0.0999388 0.1021644 0.2858225 0.4603415 0.0827447 0.0817671 0.2322578 0.1891715 0.0000000 9.0000000 0.1455151 0.3141214 9.0000000 0.1152178 0.2995444 0.1785352 0.3044732 0.1947189 0.2393259 0.1083292 0.1091922 0.1815337 0.2271732 0.1562635 0.2093545 0.2333559 0.4684441 0.2467074 0.2285904 0.1543265 0.1114619 0.1346153 0.1119678 0.3908590 0.2801214 0.1191431 0.1429515 0.2248551 0.1718381 0.1757660 0.3145815 0.2455465 0.1316385 0.2148613 0.1701237 0.1858797 0.1986585 0.1126236 0.1491853 0.2601351 0.1174254 0.1817919 0.0979702 0.2896962 0.2119666 0.1608833 0.2157992 0.1621141 
Perityle_crassifolia_74_playa_balandra     0.0704812 0.4418134 0.2349002 0.2636080 0.0867544 0.3136051 0.1888797 9.0000000 0.0637934 0.1111496 0.0991882 0.1200107 0.2323120 0.1020215 0.1196543 0.0986224 0.1175593 0.8147257 0.1052510 0.1130444 0.0599715 0.1171850 0.0881180 0.1191351 0.0917468 9.0000000 0.0000000 0.3932214 0.2657884 0.2073367 0.1337875 0.0163213 0.1466683 0.1101942 0.1100880 0.1215428 0.2153851 0.1111268 0.2671528 0.1118999 0.1296059 0.1269650 0.1027576 0.1000869 0.2583557 0.1099596 9.0000000 0.0936875 0.1158015 0.0961969 0.4134527 0.1040340 9.0000000 0.0581217 0.1127300 0.1014887 9.0000000 0.1732542 0.2534329 0.0999375 0.2818550 0.5243442 0.1597862 0.1073379 0.1227855 9.0000000 0.1177932 0.1104198 0.0929812 0.1017877 0.1056364 0.2135734 9.0000000 9.0000000 0.0183035 
Perityle_cuneata_34_cuneata_San_antonio    0.3308350 0.1974633 0.4538507 0.4730468 0.3418467 0.7151529 0.4625653 0.1183030 0.3092545 0.5464368 0.3557636 0.3746947 0.3784890 0.3971474 0.3953027 0.2977207 0.3093088 0.0693966 0.2359766 0.3862586 0.3338993 0.4186718 0.1819918 0.3615442 0.3051801 0.1455151 0.3932214 0.0000000 0.4165519 0.4834204 0.2909158 0.2954702 0.3029590 0.3328586 0.3089345 0.3863425 0.3798718 0.2979232 0.3028842 0.3534731 0.2657836 0.3225754 0.3414404 0.2992439 0.3912991 0.3657826 0.1291543 0.3535954 0.2901132 0.3539854 0.3634751 0.3272801 0.1518136 0.1736534 0.3604210 0.3991727 0.3767824 0.4443553 0.3478405 0.4426588 0.3033464 0.3732803 0.3544192 0.2864081 0.3682240 0.1276906 0.3662493 0.2757231 0.2916429 0.3422753 0.3597900 0.2949416 0.1573210 0.3180239 0.2925061 
Perityle_cuneata_4                         0.2431629 0.3911921 0.2511820 0.3609822 0.2656549 0.7275419 0.3103278 0.3249702 0.2604845 0.2937544 0.2825291 0.3029284 0.3043299 0.3362592 0.3146909 0.2450202 0.2642164 0.2198456 0.2121297 0.3249205 0.1582842 0.2331065 0.1718163 0.3044618 0.2465661 0.3141214 0.2657884 0.4165519 0.0000000 0.1133935 0.2815736 0.2586461 0.2813221 0.3032811 0.2619984 0.3091984 0.3049342 0.2706935 0.1628610 0.3003106 0.1551862 0.2760645 0.2994425 0.2447065 0.3210508 0.2978238 0.2712211 0.2789033 0.2607801 0.2900683 0.4060848 0.2832025 0.3228696 0.2006214 0.3055759 0.2282693 0.2780335 0.3248003 0.1666033 0.2359968 0.1673013 0.4362501 0.3321107 0.2670830 0.3001465 0.2615124 0.3045659 0.2631814 0.2902276 0.2968219 0.2937135 0.2960571 0.2999618 0.2763829 0.2581206 
Perityle_discoidea_81                      0.1059153 0.4311605 0.0864672 0.1792584 0.1588975 0.3518064 0.1961375 9.0000000 0.1710298 0.2207445 0.1955796 0.2150778 0.2352462 0.3014079 0.2131306 0.1895224 0.1877990 0.8154081 0.1913937 0.2662732 0.0898796 0.1997400 0.1449096 0.2189400 0.1637853 9.0000000 0.2073367 0.4834204 0.1133935 0.0000000 0.2160758 0.1854330 0.2042512 0.1937287 0.1915055 0.2183879 0.2169429 0.2058638 0.1364048 0.2064695 0.0936234 0.2084333 0.1989814 0.1983996 0.2876824 0.2063289 9.0000000 0.2038751 0.1973197 0.1892419 0.3770911 0.2039302 9.0000000 0.0887263 0.2126729 0.1880773 0.1844313 0.2924928 0.0795140 0.1889173 0.1102378 0.4266046 0.2456549 0.2109588 0.2130962 9.0000000 0.2302744 0.2030187 0.1604540 0.2196829 0.1931788 0.2141332 9.0000000 0.0275722 0.2054350 
Perityle_dissecta_201                      0.1834002 0.2727747 0.4129502 0.3289023 0.1795811 0.1473762 0.2800476 0.1562617 0.1256644 0.1590289 0.0829788 0.2134228 0.1524423 0.1728138 0.2061230 0.0380379 0.1148315 0.0449709 0.0268449 0.2260816 0.0897715 0.0894487 0.0250250 0.1748248 0.1040720 0.1152178 0.1337875 0.2909158 0.2815736 0.2160758 0.0000000 0.1633835 0.1177834 0.2195236 0.1286267 0.1983169 0.1631067 0.0398869 0.1877956 0.1602498 0.1564977 0.1433844 0.1645701 0.2038180 0.3674386 0.1691762 0.1256388 0.0721779 0.0888025 0.0731358 0.3188360 0.2444246 0.0900366 0.0917539 0.1685341 0.0433247 0.1627984 0.2562357 0.2707223 0.0463640 0.2447457 0.2557160 0.2040055 0.0951698 0.0962555 0.1569944 0.1957950 0.0316152 0.1417118 0.1321488 0.2352864 0.2195738 0.0767275 0.2732324 0.1269629 
Perityle_emoryi_47_punta_san_jose          0.2060811 0.2710585 0.3640613 0.2976961 0.2148283 0.1759624 0.2602937 0.2046618 0.1529547 0.1515560 0.1937199 0.2460351 0.2174067 0.1945932 0.2644523 0.1760106 0.1945257 0.2366251 0.1344433 0.2588717 0.0934175 0.1740680 0.1562215 0.2405253 0.1309904 0.2995444 0.0163213 0.2954702 0.2586461 0.1854330 0.1633835 0.0000000 0.1664225 0.2176713 0.1661799 0.2406240 0.2633100 0.1830120 0.2213368 0.2404925 0.1960477 0.2033584 0.2057171 0.1671491 0.3556594 0.2312536 0.1546936 0.1477622 0.1607183 0.1466360 0.3450868 0.2450488 0.2295393 0.0883044 0.2393084 0.1233233 0.2052563 0.2639940 0.2441108 0.1392525 0.2546876 0.3009637 0.2168482 0.1665720 0.1965258 0.1346516 0.2348457 0.1804282 0.1643276 0.1474806 0.2445227 0.2290696 0.1617615 0.2653571 0.1002583 
Perityle_feddemae_99                       0.1939147 0.3027227 0.3437523 0.2970431 0.2042505 0.0897033 0.2888803 0.1909392 0.1567288 0.1795689 0.2415673 0.2307203 0.2518809 0.2001959 0.3046410 0.1302457 0.1166927 0.0938606 0.0978904 0.2571849 0.1639901 0.1591701 0.0475790 0.1680302 0.1668912 0.1785352 0.1466683 0.3029590 0.2813221 0.2042512 0.1177834 0.1664225 0.0000000 0.1983587 0.1458053 0.2573476 0.2879681 0.1082766 0.1608963 0.2242510 0.1707571 0.1608497 0.1667296 0.1401666 0.3524160 0.1818542 0.1093046 0.1584180 0.1401945 0.1565808 0.2565301 0.2329698 0.0994455 0.1302672 0.1632622 0.1372106 0.1586011 0.2927055 0.2796731 0.2510289 0.2478654 0.2748863 0.2677862 0.1784223 0.1709062 0.1329345 0.2152118 0.1124777 0.1675509 0.1876692 0.2211620 0.2116701 0.0772650 0.1824671 0.1481432 
Perityle_fosteri_93                        0.1623090 0.3117293 0.3580299 0.2993176 0.1527504 0.0679983 0.2773598 0.1327448 0.1524113 0.1459153 0.0647863 0.0506311 0.1724206 0.0105415 0.1202574 0.2141597 0.2513391 0.4051373 0.1521729 0.0443659 0.0208026 0.0565611 0.2325876 0.1226724 0.1225362 0.3044732 0.1101942 0.3328586 0.3032811 0.1937287 0.2195236 0.2176713 0.1983587 0.0000000 0.1799847 0.1021295 0.1769857 0.2144511 0.2942828 0.0281474 0.1963068 0.2024238 0.1155440 0.1565396 0.1855401 0.1162895 0.2063650 0.0624786 0.0995730 0.0590567 0.2758022 0.0234159 0.3369568 0.1087119 0.1183335 0.0311157 0.2236664 0.2257696 0.3030310 0.0153759 0.3001622 0.3064072 0.1062718 0.1078728 0.0671999 0.2072871 0.0392544 0.1983948 0.0144637 0.1410755 0.0246834 0.1730935 0.2336204 0.1554735 0.1413195 
Perityle_gamon_221                         0.1904924 0.2901477 0.3240979 0.3096957 0.1790012 0.0476238 0.2528072 0.1936885 0.0988750 0.1734309 0.1990319 0.2053620 0.2365007 0.1886444 0.2284430 0.1428336 0.1185969 0.0961008 0.0807515 0.2244146 0.1066794 0.1666043 0.0455551 0.2105674 0.1461111 0.1947189 0.1100880 0.3089345 0.2619984 0.1915055 0.1286267 0.1661799 0.1458053 0.1799847 0.0000000 0.2203319 0.2775426 0.1430566 0.2177851 0.1956072 0.1098969 0.0279369 0.1962869 0.1203775 0.3308742 0.2071964 0.0573631 0.1978323 0.1350340 0.1678430 0.2371179 0.1868499 0.1465557 0.1100212 0.2054025 0.1231998 0.1863162 0.2424170 0.2688203 0.1269496 0.2275522 0.2668228 0.2271110 0.1338763 0.2162922 0.0545972 0.1884879 0.1395001 0.1551387 0.1828095 0.2076373 0.1941480 0.1043926 0.2009767 0.0980453 
Perityle_gentryi_8_san_francisco           0.2111062 0.3196967 0.3817757 0.3514787 0.1957735 0.0714075 0.2873558 0.1649147 0.2136995 0.1671455 0.1299374 0.1101449 0.2180930 0.0807787 0.0258257 0.1957398 0.2524281 0.3090662 0.1541485 0.1193580 0.0828337 0.0892762 0.1817026 0.1991155 0.1282656 0.2393259 0.1215428 0.3863425 0.3091984 0.2183879 0.1983169 0.2406240 0.2573476 0.1021295 0.2203319 0.0000000 0.2156578 0.2089263 0.3151915 0.0792547 0.2445902 0.2472339 0.1947506 0.1665509 0.2892089 0.1976948 0.2876513 0.1115543 0.1470917 0.0982036 0.2516178 0.1182681 0.2950636 0.1011591 0.1952029 0.0587261 0.2400967 0.3288602 0.3107321 0.0872714 0.3329050 0.2993069 0.1805681 0.1711359 0.1167521 0.2811151 0.0942148 0.1976954 0.0508449 0.1730570 0.1065720 0.2654614 0.2133384 0.2529688 0.1898037 
Perityle_gilensis_22_Superstition          0.2754039 0.3158584 0.3747008 0.3390312 0.2816618 0.0935210 0.3036735 0.1557129 0.2778455 0.2667787 0.1835120 0.1688955 0.0025603 0.1944443 0.2662774 0.1150593 0.1844852 0.1793595 0.1693567 0.1927152 0.1017799 0.2195716 0.0818457 0.1137541 0.1220664 0.1083292 0.2153851 0.3798718 0.3049342 0.2169429 0.1631067 0.2633100 0.2879681 0.1769857 0.2775426 0.2156578 0.0000000 0.1373793 0.2873037 0.2123878 0.2544811 0.3072877 0.0936594 0.2539844 0.2327513 0.1165070 0.2795765 0.0921245 0.2185255 0.0641457 0.2425930 0.1634688 0.1280900 0.1054749 0.1204171 0.1861484 0.1287530 0.3529479 0.3294976 0.2980459 0.3247968 0.2779692 0.2040840 0.2845770 0.1029344 0.2336686 0.1402948 0.1748082 0.0740464 0.1644640 0.1718766 0.0684284 0.1198197 0.0171004 0.2809815 
Perityle_gilensis_salensis_225             0.1828820 0.2635392 0.4073796 0.3088234 0.1778270 0.1446424 0.2743755 0.1613173 0.1338418 0.1523433 0.0757305 0.2222639 0.1096635 0.1817396 0.2092198 0.0248130 0.1082811 0.0572443 0.0228085 0.2396586 0.0725799 0.0873753 0.0252673 0.1734316 0.0967097 0.1091922 0.1111268 0.2979232 0.2706935 0.2058638 0.0398869 0.1830120 0.1082766 0.2144511 0.1430566 0.2089263 0.1373793 0.0000000 0.2234779 0.1639716 0.1589366 0.1566439 0.1729318 0.1985876 0.3765564 0.1698591 0.1564753 0.0617634 0.0912693 0.0658859 0.3045073 0.2419945 0.0764413 0.0798302 0.1711843 0.0420731 0.1656026 0.2414967 0.2632292 0.0468557 0.2256143 0.2475311 0.2031491 0.1100098 0.0657268 0.1652168 0.2012363 0.0416788 0.1344633 0.1234271 0.2272558 0.2234105 0.0645532 0.2845666 0.1279941 
Perityle_glaucescens_94                    0.2672891 0.2948505 0.2998446 0.3214651 0.3025330 0.1303585 0.3260458 0.1880707 0.2644828 0.3497369 0.2749945 0.3221990 0.2512663 0.2730588 0.3545982 0.1897765 0.2136945 0.0904740 0.1549683 0.3254112 0.1662157 0.3239629 0.0672249 0.2737217 0.2132745 0.1815337 0.2671528 0.3028842 0.1628610 0.1364048 0.1877956 0.2213368 0.1608963 0.2942828 0.2177851 0.3151915 0.2873037 0.2234779 0.0000000 0.3415088 0.0910340 0.2386429 0.2508075 0.2607549 0.3221353 0.2658821 0.1119826 0.2492261 0.2509829 0.2403151 0.2780987 0.2851817 0.1135999 0.1201881 0.2696634 0.2988030 0.1248538 0.2959602 0.1831801 0.3268969 0.1851636 0.3289755 0.2823800 0.2704340 0.2746076 0.1306254 0.2866489 0.2099650 0.2046203 0.2342462 0.3226008 0.2043134 0.0882786 0.1819898 0.2431278 
Perityle_gracilis_11                       0.1936233 0.2922086 0.3579190 0.3353047 0.1872527 0.0537152 0.2616284 0.1305678 0.2007459 0.1495239 0.1074379 0.0277591 0.1659075 0.0404811 0.0827351 0.1742783 0.2275894 0.2234954 0.0986480 0.0429444 0.0685686 0.0573078 0.1128842 0.1242150 0.1165287 0.2271732 0.1118999 0.3534731 0.3003106 0.2064695 0.1602498 0.2404925 0.2242510 0.0281474 0.1956072 0.0792547 0.2123878 0.1639716 0.3415088 0.0000000 0.2494695 0.2323712 0.1297079 0.1339466 0.2092046 0.1414214 0.2785606 0.0784622 0.1183272 0.0594482 0.2326070 0.0362336 0.2741419 0.1088769 0.1390677 0.0187417 0.2204967 0.2665385 0.3088892 0.0269325 0.3158782 0.2858876 0.1370462 0.1339773 0.0959824 0.2351141 0.0207797 0.1527551 0.0143485 0.1480643 0.0219752 0.1853455 0.2214882 0.1629011 0.1819018 
Perityle_harkerae_31                       0.2091768 0.2509346 0.2475340 0.2811676 0.2100820 0.0859311 0.2689863 0.1744447 0.1117827 0.2077702 0.2451952 0.2290534 0.2192532 0.1761408 0.2555619 0.1632306 0.1794923 0.0791157 0.0974980 0.2360659 0.1405622 0.1652758 0.0684279 0.2384299 0.1830831 0.1562635 0.1296059 0.2657836 0.1551862 0.0936234 0.1564977 0.1960477 0.1707571 0.1963068 0.1098969 0.2445902 0.2544811 0.1589366 0.0910340 0.2494695 0.0000000 0.1632996 0.2241112 0.1518915 0.2440857 0.2531155 0.0189293 0.2251497 0.1400096 0.1942381 0.2343059 0.2171821 0.1324961 0.1295356 0.2456794 0.1436048 0.1336369 0.2392338 0.1532074 0.1576039 0.1195645 0.2522655 0.2220642 0.1616229 0.2392581 0.0443960 0.2110361 0.1655836 0.1516889 0.1943160 0.2297670 0.2211543 0.0836749 0.1676675 0.0984777 
Perityle_hofmeisteria_4_nombre_de_dios     0.2089257 0.3113378 0.3422389 0.3196841 0.2085715 0.1013330 0.2806236 0.2040046 0.1165570 0.1830330 0.2369195 0.2268946 0.2576798 0.2455663 0.2561959 0.1642051 0.1444154 0.0951804 0.0902380 0.2450762 0.1354141 0.1759182 0.0479457 0.2296951 0.1667527 0.2093545 0.1269650 0.3225754 0.2760645 0.2084333 0.1433844 0.2033584 0.1608497 0.2024238 0.0279369 0.2472339 0.3072877 0.1566439 0.2386429 0.2323712 0.1632996 0.0000000 0.2175049 0.1347509 0.3514819 0.2430730 0.0677426 0.2210706 0.1514807 0.1928390 0.2465375 0.2126621 0.1715289 0.1281473 0.2320921 0.1358242 0.2064180 0.2552509 0.2841409 0.1541162 0.2428050 0.2767106 0.2514395 0.1606060 0.2335318 0.0571287 0.2088213 0.1598284 0.1788746 0.2089358 0.2327975 0.2210692 0.1250488 0.2207988 0.1143297 
Perityle_huecosensis_48                    0.2328945 0.2881535 0.4318751 0.3221055 0.2175050 0.2998142 0.2791445 0.1685045 0.1798272 0.1472224 0.0305825 0.1226401 0.0966706 0.1207317 0.1956091 0.1561433 0.2274484 0.3402142 0.1527454 0.1459923 0.0589432 0.0837700 0.2133795 0.0318386 0.1197421 0.2333559 0.1027576 0.3414404 0.2994425 0.1989814 0.1645701 0.2057171 0.1667296 0.1155440 0.1962869 0.1947506 0.0936594 0.1729318 0.2508075 0.1297079 0.2241112 0.2175049 0.0000000 0.2671156 0.2018836 0.0287065 0.2702536 0.0225212 0.1336551 0.0201699 0.3832908 0.1446487 0.3183713 0.1176989 0.0299106 0.0360813 0.1635634 0.3051304 0.2941796 0.0135802 0.3093665 0.2808323 0.1400614 0.1500180 0.0297430 0.2419705 0.1240101 0.1681367 0.1290768 0.1204999 0.1276222 0.0439712 0.2338575 0.0248713 0.1760620 
Perityle_incana_3_ucla                     0.0871651 0.3063555 0.3951732 0.3351483 0.1161317 0.0495394 0.3159137 0.3195464 0.1155867 0.1312658 0.1518947 0.1658074 0.2337264 0.1337058 0.1694705 0.2008304 0.1950385 0.3321222 0.1773309 0.1630461 0.0936034 0.1111992 0.2322991 0.2658005 0.1478297 0.4684441 0.1000869 0.2992439 0.2447065 0.1983996 0.2038180 0.1671491 0.1401666 0.1565396 0.1203775 0.1665509 0.2539844 0.1985876 0.2607549 0.1339466 0.1518915 0.1347509 0.2671156 0.0000000 0.3490678 0.2612876 0.1199500 0.1474514 0.1079307 0.1593460 0.2919848 0.1641442 0.2573041 0.1260078 0.2591009 0.1201000 0.2568905 0.2375397 0.2850597 0.1085717 0.2534444 0.3240996 0.2393156 0.1297225 0.1602318 0.1530371 0.1565098 0.1954505 0.0872117 0.1555253 0.1572392 0.3254764 0.1867110 0.3698050 0.1020024 
Perityle_intricata_59_Clark_mtns           0.3314060 0.3479554 0.4086888 0.3530458 0.3376930 0.6159799 0.3460182 0.1551498 0.3222340 0.4079839 0.2339489 0.1877724 0.2376164 0.2799175 0.2804328 0.3590288 0.3526173 0.2884157 0.2994436 0.2035339 0.1825688 0.3578341 0.2755442 0.1967084 0.3132650 0.2467074 0.2583557 0.3912991 0.3210508 0.2876824 0.3674386 0.3556594 0.3524160 0.1855401 0.3308742 0.2892089 0.2327513 0.3765564 0.3221353 0.2092046 0.2440857 0.3514819 0.2018836 0.3490678 0.0000000 0.1822243 0.2647512 0.2330233 0.3107078 0.2220758 0.4884402 0.1721682 0.3612979 0.1798610 0.2067350 0.3193068 0.3671626 0.3721793 0.2846419 0.3476004 0.3020300 0.4506895 0.1627287 0.3468147 0.2242539 0.2035790 0.1962998 0.3656682 0.1720415 0.2678043 0.1840441 0.1739063 0.2762807 0.0811598 0.3169552 
Perityle_inyoensis_9_pleasant              0.2464178 0.3076152 0.4329959 0.3203425 0.2282275 0.2807921 0.2770205 0.1766494 0.2066863 0.1653523 0.0676017 0.1181990 0.0920713 0.1526401 0.2029258 0.1708438 0.2309350 0.3465704 0.1604136 0.1343658 0.0582567 0.0992326 0.2119140 0.0270946 0.1245853 0.2285904 0.1099596 0.3657826 0.2978238 0.2063289 0.1691762 0.2312536 0.1818542 0.1162895 0.2071964 0.1976948 0.1165070 0.1698591 0.2658821 0.1414214 0.2531155 0.2430730 0.0287065 0.2612876 0.1822243 0.0000000 0.2837945 0.0190214 0.1325660 0.0183605 0.3804203 0.1473054 0.3211510 0.1185487 0.0257674 0.0146823 0.1557510 0.3107111 0.2918360 0.0694867 0.3166389 0.2810183 0.1500775 0.1708778 0.0517004 0.2410125 0.1242442 0.1671737 0.1291014 0.1153744 0.1262367 0.0398471 0.2438780 0.0031833 0.2013491 
Perityle_jaliscana_203                     0.2227963 0.1213321 0.3375859 0.3697164 0.2365827 0.0700791 0.4131335 0.1578452 0.0651283 0.3985542 0.2850349 0.2673450 0.2453633 0.1488211 0.3063895 0.1643633 0.1387928 0.0567305 0.0446741 0.2704186 0.5420360 0.1939126 0.0290558 0.2767971 0.1587118 0.1543265 9.0000000 0.1291543 0.2712211 9.0000000 0.1256388 0.1546936 0.1093046 0.2063650 0.0573631 0.2876513 0.2795765 0.1564753 0.1119826 0.2785606 0.0189293 0.0677426 0.2702536 0.1199500 0.2647512 0.2837945 0.0000000 0.2676231 0.1115551 0.2231909 0.1343543 0.2432858 0.1275213 0.1253224 0.2764672 0.1308276 0.1363237 0.2429353 0.2392598 0.1612082 0.1380449 0.1392866 0.2349253 0.1312783 0.2785287 0.0498493 0.2319886 0.1529451 0.1675583 0.2028530 0.2728335 0.2239739 0.0940839 0.1983794 0.0435428 
Perityle_lemmonii_12                       0.2234766 0.2885885 0.3530156 0.3140847 0.2092032 0.0659484 0.2676988 0.1589668 0.1796108 0.1386592 0.0327063 0.0820905 0.0918251 0.0529896 0.1141218 0.0610725 0.1310942 0.2009992 0.0777557 0.1050018 0.0512680 0.0780417 0.0840116 0.0235216 0.1181117 0.1114619 0.0936875 0.3535954 0.2789033 0.2038751 0.0721779 0.1477622 0.1584180 0.0624786 0.1978323 0.1115543 0.0921245 0.0617634 0.2492261 0.0784622 0.2251497 0.2210706 0.0225212 0.1474514 0.2330233 0.0190214 0.2676231 0.0000000 0.1259480 0.0048822 0.2197217 0.1022440 0.1375091 0.1002935 0.0258529 0.0265194 0.1287377 0.3043313 0.2965004 0.0209733 0.3130917 0.2813777 0.1489202 0.1504474 0.0185569 0.2494453 0.0754254 0.0699052 0.0489739 0.1054484 0.0814850 0.0458160 0.1278103 0.0156629 0.1679910 
Perityle_lemmonii_85_hachita               0.1787329 0.2711381 0.2990537 0.3180368 0.1652360 0.0525324 0.2578268 0.1378305 0.1225072 0.1680877 0.1369282 0.1366742 0.1926287 0.1455757 0.1655009 0.0976793 0.1530684 0.0641789 0.0322928 0.1602737 0.0605710 0.0744111 0.0218199 0.1368964 0.0962822 0.1346153 0.1158015 0.2901132 0.2607801 0.1973197 0.0888025 0.1607183 0.1401945 0.0995730 0.1350340 0.1470917 0.2185255 0.0912693 0.2509829 0.1183272 0.1400096 0.1514807 0.1336551 0.1079307 0.3107078 0.1325660 0.1115551 0.1259480 0.0000000 0.1072457 0.1965332 0.1273408 0.1534692 0.0597862 0.1299057 0.0589264 0.1350328 0.2471977 0.2524381 0.0775913 0.1963519 0.2357192 0.1812851 0.1005406 0.1271444 0.1281511 0.1206060 0.0948408 0.0664863 0.1670909 0.1455702 0.1652766 0.0892500 0.1636708 0.1202518 
Perityle_lemmonii_colossal_cave_206        0.1986022 0.3102614 0.3294060 0.3195610 0.1881603 0.0742649 0.2749646 0.1684902 0.1517039 0.1481516 0.0292223 0.0621813 0.0699426 0.0737106 0.0972601 0.0585120 0.1294932 0.1929853 0.0795784 0.0863370 0.0513923 0.0521957 0.0884502 0.0199536 0.1160057 0.1119678 0.0961969 0.3539854 0.2900683 0.1892419 0.0731358 0.1466360 0.1565808 0.0590567 0.1678430 0.0982036 0.0641457 0.0658859 0.2403151 0.0594482 0.1942381 0.1928390 0.0201699 0.1593460 0.2220758 0.0183605 0.2231909 0.0048822 0.1072457 0.0000000 0.2230349 0.0746602 0.1406771 0.1117822 0.0201191 0.0247369 0.1245454 0.3088677 0.2743614 0.0204464 0.2852219 0.2426553 0.1473294 0.1301635 0.0133649 0.2090941 0.0704717 0.0716759 0.0497591 0.1070455 0.0633205 0.0386857 0.1327486 0.0150703 0.1488015 
