83
Amauria_brandeegeana_62                    0.0000000 0.0723294 0.0497994 0.1527992 0.1101455 0.1204211 0.1731662 0.2498119 0.0777465 0.1404827 0.1073670 0.1083202 0.1166131 0.0653093 0.0975536 0.1188608 0.0937192 0.1286645 0.0906160 0.1185888 0.0664158 0.3570704 0.1398618 0.2616846 0.1282551 0.1102762 0.1025579 0.1548150 0.1039922 0.1942532 0.1039388 0.1172306 0.0724990 0.1875084 0.0968609 0.1521719 0.0735230 0.1569434 0.0881500 0.0721227 0.1131612 0.1503206 0.0985133 0.1287956 0.1683352 0.1280189 0.0745852 0.1136604 0.0845042 0.1298307 0.1195730 0.1311494 0.1464739 0.0712496 0.0633298 0.1226791 0.0933590 0.0988171 0.1121886 0.1156457 0.1405242 0.1214571 0.1104003 0.1609088 0.1388188 0.1490027 0.1338890 0.1502103 0.0877096 0.1198034 0.1436385 0.1258079 0.0844939 0.1096234 0.1117612 0.2220990 0.1351766 0.1611462 0.1015236 0.1146777 0.1536657 0.1547002 0.1245729 
Amauria_carterae_99_mesa                   0.0723294 0.0000000 0.0978983 0.1247430 0.0552937 0.0832258 0.1385089 0.2268575 0.0525348 0.0886629 0.0899066 0.0832047 0.1017677 0.0598689 0.0712852 0.0554859 0.0620196 0.0836408 0.0689448 0.0653347 0.0616283 0.3600956 0.0968212 0.2117280 0.0820131 0.0845020 0.0895136 0.1054568 0.0604218 0.0863789 0.0723926 0.0532235 0.0431264 0.0776446 0.0765375 0.0891057 0.0686059 0.0796391 0.0801453 0.0889107 0.0945121 0.0829768 0.0710048 0.0806944 0.1038004 0.0841171 0.0329934 0.0700338 0.0914771 0.0964816 0.0768589 0.0734633 0.0752181 0.0667516 0.0598970 0.1109488 0.0887663 0.0999950 0.0910867 0.0919019 0.1096091 0.0956077 0.0733826 0.1715241 0.0701535 0.1036927 0.0967494 0.0897406 0.0755865 0.0856696 0.0983528 0.0622478 0.0769480 0.0759178 0.0807461 0.1589019 0.0947003 0.0853470 0.0987346 0.0829339 0.1255672 0.0973949 0.0440921 
Amauria_rotundifolia_SRR9119150            0.0497994 0.0978983 0.0000000 0.1722740 0.1330589 0.1326328 0.1906799 0.2613880 0.0924318 0.1219056 0.1171582 0.1235452 0.1388228 0.0852225 0.1136913 0.1129017 0.1152186 0.1481312 0.1053215 0.1253793 0.0794831 0.4086815 0.1490690 0.2855044 0.1319690 0.1238844 0.1122982 0.1656288 0.1243704 0.2019161 0.1188770 0.1142590 0.0906259 0.1468623 0.1221186 0.1727384 0.0975843 0.1694520 0.1122156 0.1056467 0.1377879 0.1679793 0.1178551 0.1482291 0.1725789 0.1437259 0.1034240 0.1243006 0.1016447 0.1479783 0.1437939 0.1505066 0.1699383 0.0913295 0.0837123 0.1475933 0.1073207 0.1211315 0.1338397 0.1286878 0.1556681 0.1268650 0.1353021 0.1502483 0.1392969 0.1620557 0.1400637 0.1557451 0.0992083 0.1343637 0.1522919 0.1418870 0.0992898 0.1348298 0.1271050 0.2292200 0.1416174 0.1681212 0.1117961 0.1248938 0.1722690 0.1598089 0.1280139 
Conoclinium_coelestinum_SRR9119114         0.1527992 0.1247430 0.1722740 0.0000000 0.1663282 0.0919582 0.2133065 0.2888668 0.1861416 0.1824877 0.1642876 0.1733427 0.1691412 0.1277828 0.1617654 0.1491150 0.1889790 0.2013824 0.1691112 0.1511833 0.1372108 0.3860852 0.1858573 0.2967582 0.1668881 0.1749287 0.1773028 0.2114818 0.1602233 0.1993910 0.1638377 0.1712327 0.1736621 0.1796028 0.1806613 0.1799427 0.1361992 0.1695999 0.1468011 0.1742413 0.1827869 0.1705984 0.1534241 0.1646705 0.1774753 0.1650402 0.1401650 0.1642105 0.1721649 0.1860937 0.1797218 0.1762496 0.1779878 0.1278176 0.1328696 0.2083306 0.1724271 0.1383466 0.1775462 0.1759957 0.2026685 0.1564797 0.1964497 0.2297965 0.1511470 0.2020947 0.1738769 0.1743171 0.1310644 0.1753670 0.1862471 0.1867684 0.1703994 0.1599466 0.1617346 0.2180560 0.1754403 0.1935108 0.1765300 0.1658140 0.2295651 0.1822513 0.1511979 
Eutetras_palmeri_63                        0.1101455 0.0552937 0.1330589 0.1663282 0.0000000 0.1247313 0.1801212 0.2292250 0.1022042 0.0899512 0.1076017 0.0991935 0.1118240 0.0696870 0.0863183 0.0536010 0.0883754 0.0997502 0.0860712 0.0820380 0.0747885 0.3077887 0.0987287 0.1251719 0.0947380 0.1045669 0.0965771 0.1168901 0.0944376 0.0949243 0.1036611 0.0920700 0.0945729 0.0882567 0.1366008 0.0945475 0.0860751 0.1003410 0.0949037 0.0989634 0.0979778 0.0958006 0.0900468 0.0932922 0.1089857 0.0930805 0.0587186 0.0803885 0.0928449 0.1038616 0.0843732 0.0774983 0.0809593 0.0904502 0.0777673 0.1287713 0.0878163 0.1154578 0.0927756 0.0918999 0.1292178 0.0848584 0.0839902 0.1118728 0.0888344 0.1209355 0.1163906 0.1077983 0.0996835 0.1003298 0.1033274 0.0944602 0.0932468 0.0845345 0.0989809 0.1246829 0.0814387 0.1079000 0.1018694 0.0978678 0.1890545 0.1076536 0.0817354 
Eutrochium_fistulosum_SRR9119106           0.1204211 0.0832258 0.1326328 0.0919582 0.1247313 0.0000000 0.1802124 0.2663699 0.1293661 0.1454379 0.1260443 0.1269287 0.1415851 0.0890695 0.1224771 0.1063015 0.1336808 0.1429392 0.1229199 0.1058183 0.1026305 0.4055227 0.1379275 0.2972510 0.1180471 0.1296749 0.1376315 0.1562907 0.1199544 0.1536143 0.1160939 0.1277559 0.1201561 0.1355728 0.1281484 0.1312253 0.1117512 0.1235867 0.1226133 0.1350129 0.1373186 0.1223998 0.1088262 0.1187107 0.1291320 0.1426302 0.0986380 0.1120098 0.1263052 0.1341257 0.1330441 0.1273387 0.1287818 0.0965827 0.0897718 0.1562341 0.1319271 0.1272706 0.1286797 0.1270077 0.1604165 0.1243938 0.1430911 0.2183330 0.1067288 0.1501563 0.1298302 0.1603292 0.1093076 0.1266031 0.1381656 0.1404057 0.1218408 0.1410113 0.1375655 0.1983348 0.1438694 0.1533705 0.1333946 0.1143621 0.1855827 0.1322867 0.0994522 
Galeana_pratensis_104_mex                  0.1731662 0.1385089 0.1906799 0.2133065 0.1801212 0.1802124 0.0000000 0.3721374 0.1666992 0.2018243 0.1881713 0.1604696 0.1787143 0.1402314 0.1571379 0.1308513 0.1638897 0.2020158 0.1607780 0.1521005 0.1520169 0.4068809 0.1795756 0.3495123 0.1620458 0.1757513 0.1735399 0.1971867 0.1759677 0.2924293 0.1675890 0.1686257 0.1680551 0.1786919 0.1694411 0.1869911 0.1545747 0.1796165 0.1716409 0.1768129 0.1831442 0.1749773 0.1517685 0.1722143 0.1966109 0.1785262 0.1448799 0.1634605 0.1686422 0.1906394 0.1845418 0.1788608 0.1794653 0.1498302 0.1430470 0.1829119 0.1759380 0.2059896 0.1692857 0.1669475 0.1961236 0.1284456 0.1790205 0.2419701 0.1569605 0.1924691 0.1847032 0.2196333 0.1604772 0.1697937 0.1801990 0.1884869 0.1689055 0.1751178 0.1761126 0.2274673 0.2111195 0.1958078 0.1840413 0.1662486 0.1964802 0.1722635 0.1331698 
Helianthus_annuus_SRR9119062               0.2498119 0.2268575 0.2613880 0.2888668 0.2292250 0.2663699 0.3721374 0.0000000 0.2617442 0.2197128 0.2699187 0.2416170 0.2473441 0.2015272 0.2568097 0.2688931 0.2587180 0.2564123 0.2392840 0.2254039 0.2430964 0.4843245 0.2607706 0.4042786 0.2396899 0.2530373 0.2289322 0.2741303 0.2418743 0.2873808 0.2375661 0.2431866 0.2581434 0.3047877 0.2515820 0.2401398 0.2207616 0.2491013 0.2364928 0.2374069 0.2593928 0.2370073 0.2556420 0.2367161 0.2538368 0.2566474 0.1819589 0.2349236 0.2404339 0.2572535 0.2689897 0.2435012 0.2417843 0.2093990 0.2009469 0.2610721 0.2373940 0.2475390 0.2570712 0.2493222 0.2818860 0.2807483 0.2599139 0.3307621 0.2405283 0.2779749 0.2578297 0.2748017 0.1964991 0.2477838 0.2650475 0.2627641 0.2389425 0.2292412 0.2539847 0.3723695 0.2631988 0.2650251 0.2466592 0.2465546 0.2939180 0.2510864 0.2175035 
Lycapsus_tenuifolius_17                    0.0777465 0.0525348 0.0924318 0.1861416 0.1022042 0.1293661 0.1666992 0.2617442 0.0000000 0.1052610 0.1046070 0.1226443 0.1260497 0.0791301 0.1150715 0.1111442 0.0945835 0.1291447 0.0973174 0.1128596 0.0787446 0.3688310 0.1469814 0.2867266 0.1237778 0.1179961 0.1122794 0.1673168 0.0516146 0.0441435 0.1162161 0.0893309 0.0022227 0.1124112 0.1102338 0.1369787 0.0932573 0.1352295 0.1111600 0.1031311 0.1367763 0.1312345 0.1112373 0.1243088 0.1495794 0.1330678 0.0900768 0.1153603 0.0977441 0.1344431 0.1208732 0.1260626 0.1296911 0.0865785 0.0854000 0.1394481 0.1100667 0.1237541 0.1351716 0.1276532 0.1557339 0.1089020 0.1088605 0.1517899 0.1277112 0.1541280 0.1354281 0.1362572 0.0926037 0.1233545 0.1491703 0.0804915 0.0940638 0.1311807 0.1350948 0.2361435 0.1206962 0.1562500 0.1156347 0.1209809 0.1543719 0.1392026 0.1219354 
Pericome_caudata_50_silver                 0.1404827 0.0886629 0.1219056 0.1824877 0.0899512 0.1454379 0.2018243 0.2197128 0.1052610 0.0000000 0.1240498 0.1043926 0.1350556 0.0883776 0.1026346 0.0605926 0.0966951 0.1200581 0.0966723 0.0864944 0.0776829 0.3944542 0.1370254 0.2160367 0.1084207 0.1050568 0.1236268 0.1608847 0.1082019 0.1091949 0.0970159 0.1107549 0.1016267 0.2252044 0.1544450 0.1284559 0.0949291 0.1119698 0.1091139 0.1195225 0.1235045 0.1282503 0.0951824 0.1141667 0.1488456 0.1205988 0.0787662 0.1073528 0.1147977 0.1179534 0.1052700 0.1098153 0.1083118 0.0999028 0.0931392 0.1422662 0.1024633 0.1366661 0.1159404 0.1183022 0.1642730 0.0944549 0.1068190 0.1625489 0.0969325 0.1561821 0.1277001 0.0965770 0.1088325 0.1033203 0.1279228 0.1064392 0.1150092 0.1079284 0.1104376 0.1758336 0.1020416 0.1199483 0.1219713 0.1160304 0.2207512 0.1210328 0.1093657 
Perityle_aglossa_84_dead_horse             0.1073670 0.0899066 0.1171582 0.1642876 0.1076017 0.1260443 0.1881713 0.2699187 0.1046070 0.1240498 0.0000000 0.0352988 0.0723028 0.0271260 0.0532636 0.0334964 0.1134008 0.1222902 0.0247570 0.0275073 0.0469652 0.3374417 0.0727454 0.1386437 0.0329265 0.0416569 0.0680079 0.1282081 0.1165095 0.1550466 0.0844291 0.1084865 0.0978135 0.1953048 0.0609462 0.1070134 0.0448497 0.1007365 0.0590068 0.0614820 0.0627113 0.1047850 0.0265134 0.0910999 0.1102903 0.0623988 0.0761758 0.0463630 0.0402883 0.1023276 0.0786423 0.0796454 0.0781785 0.0350606 0.0313909 0.1214166 0.0577918 0.0746804 0.0491721 0.0498093 0.1408683 0.1205224 0.1108845 0.1318862 0.0289351 0.1297514 0.0572820 0.1439703 0.0788502 0.0409709 0.0666055 0.1166510 0.0619470 0.0499934 0.0638604 0.1022526 0.1311125 0.1321913 0.0630899 0.0287993 0.1684810 0.0465900 0.0543231 
Perityle_ajoensis_204                      0.1083202 0.0832047 0.1235452 0.1733427 0.0991935 0.1269287 0.1604696 0.2416170 0.1226443 0.1043926 0.0352988 0.0000000 0.0496758 0.0083902 0.0530324 0.0443954 0.1067587 0.1161448 0.0248316 0.0167399 0.0163707 0.3353828 0.0759062 0.2028937 0.0387126 0.0487251 0.0490305 0.1196520 0.1054978 0.1424434 0.1092269 0.1115221 0.0868270 0.0715787 0.0911938 0.1200728 0.0302826 0.1178306 0.0424906 0.0461274 0.0541516 0.1128459 0.0113470 0.1040769 0.1232237 0.0742956 0.0760667 0.0269172 0.0272654 0.1206960 0.0657465 0.0635042 0.0644380 0.0219453 0.0208544 0.1161750 0.0356688 0.0514507 0.0570324 0.0509399 0.1247859 0.0961406 0.0962556 0.0851805 0.0180035 0.1184840 0.0612760 0.1300314 0.0682087 0.0285002 0.0769229 0.1215083 0.0338956 0.0618610 0.0692312 0.1403841 0.1194700 0.1415740 0.0514852 0.0231409 0.1479116 0.0263013 0.0643423 
Perityle_ambrosiifolia_67_green            0.1166131 0.1017677 0.1388228 0.1691412 0.1118240 0.1415851 0.1787143 0.2473441 0.1260497 0.1350556 0.0723028 0.0496758 0.0000000 0.0264221 0.0698978 0.0237517 0.1221545 0.1150958 0.0416950 0.0362398 0.0253353 0.2432161 0.0520124 0.0298737 0.0484479 0.0617750 0.0463395 0.1380818 0.1315528 0.1444373 0.0995283 0.1254501 0.1244611 0.1231810 0.0406543 0.1093171 0.0345007 0.0818994 0.0693056 0.0513590 0.0485276 0.1092068 0.0355463 0.0995551 0.1125207 0.0527121 0.0653277 0.0305267 0.0486748 0.1016932 0.0970099 0.0865715 0.0892192 0.0547100 0.0264096 0.1389296 0.0431109 0.0709475 0.0403211 0.0368299 0.1452869 0.1191530 0.1216804 0.0552342 0.0466908 0.1414929 0.0782335 0.1425797 0.0955726 0.0553524 0.0490467 0.1321055 0.0393482 0.0219741 0.0485583 0.0269303 0.1216731 0.1341874 0.0476722 0.0574219 0.1663100 0.0666010 0.0453588 
Perityle_angustifolia_13_Eagle_creek       0.0653093 0.0598689 0.0852225 0.1277828 0.0696870 0.0890695 0.1402314 0.2015272 0.0791301 0.0883776 0.0271260 0.0083902 0.0264221 0.0000000 0.0153603 0.0051834 0.0767673 0.0679301 0.0000010 0.0034756 0.0054706 0.3365820 0.0168568 0.0856669 0.0033763 0.0151534 0.0219363 0.0875460 0.0872892 0.1067502 0.0512939 0.0670282 0.0723080 0.0273454 0.0168992 0.0629126 0.0085518 0.0451418 0.0239885 0.0168348 0.0218548 0.0538291 0.0000010 0.0514099 0.0725738 0.0223585 0.0355667 0.0016933 0.0102378 0.0648362 0.0586056 0.0549883 0.0567983 0.0052436 0.0052889 0.1002079 0.0155181 0.0389642 0.0083319 0.0084008 0.0940695 0.0960745 0.0722251 0.0815222 0.0033843 0.0876665 0.0322212 0.1041001 0.0578003 0.0084634 0.0185000 0.0881341 0.0100079 0.0050548 0.0137466 0.0537290 0.0817548 0.0673374 0.0218508 0.0068015 0.1158981 0.0151410 0.0109830 
Perityle_batopilensis_97                   0.0975536 0.0712852 0.1136913 0.1617654 0.0863183 0.1224771 0.1571379 0.2568097 0.1150715 0.1026346 0.0532636 0.0530324 0.0698978 0.0153603 0.0000000 0.0240999 0.1060191 0.0992698 0.0311348 0.0456459 0.0165803 0.3195804 0.0637737 0.2131186 0.0384208 0.0364535 0.0569430 0.1064334 0.1006788 0.1302466 0.1094125 0.1086437 0.0887812 0.0813069 0.0973792 0.1086582 0.0412529 0.1234584 0.0043314 0.0535068 0.0792215 0.1072403 0.0379656 0.0990030 0.1271000 0.0619701 0.0749512 0.0626877 0.0453088 0.1155312 0.0767468 0.0897277 0.0907179 0.0276409 0.0175877 0.1005862 0.0439864 0.0617632 0.0505812 0.0557403 0.1068954 0.0971275 0.0880602 0.0860271 0.0425172 0.1030497 0.0536544 0.1238363 0.0672666 0.0562774 0.0699340 0.1203603 0.0459390 0.0678674 0.0555802 0.1570217 0.1137665 0.1305995 0.0635746 0.0550055 0.1394564 0.0593995 0.0585014 
Perityle_bisetosa_9                        0.1188608 0.0554859 0.1129017 0.1491150 0.0536010 0.1063015 0.1308513 0.2688931 0.1111442 0.0605926 0.0334964 0.0443954 0.0237517 0.0051834 0.0240999 0.0000000 0.0795556 0.0797114 0.0086433 0.0496667 0.0128601 0.2570156 0.0568053 0.2804941 0.0180275 0.0277111 0.0255229 0.1065405 0.0821943 0.1161198 0.1076598 0.0940821 0.0765930 0.0274437 0.1185673 0.1505474 0.0071892 0.1478099 0.0206381 0.0173461 0.0515557 0.1375774 0.0348163 0.1154505 0.1823491 0.0228505 0.0841357 0.0545844 0.0055269 0.1150370 0.0652761 0.0796638 0.1084390 0.0048364 0.0054364 0.0764943 0.0280166 0.0282613 0.0321760 0.0259450 0.0740693 0.0849414 0.0511940 0.0754686 0.0909316 0.0901263 0.0397659 0.0819369 0.0434923 0.0461304 0.0568990 0.1123451 0.0122817 0.0773883 0.0136263 0.1568523 0.0933017 0.1573289 0.0201830 0.0441240 0.0806441 0.0949000 0.0704272 
Perityle_californica_76_positas            0.0937192 0.0620196 0.1152186 0.1889790 0.0883754 0.1336808 0.1638897 0.2587180 0.0945835 0.0966951 0.1134008 0.1067587 0.1221545 0.0767673 0.1060191 0.0795556 0.0000000 0.1053353 0.1022205 0.0963564 0.0655202 0.3652756 0.1160041 0.3022248 0.1031807 0.1053977 0.1102896 0.1274810 0.1027938 0.1100007 0.0588843 0.0900562 0.0857076 0.1152695 0.1074899 0.1015514 0.0948599 0.1034602 0.1062968 0.1133390 0.1184904 0.0974135 0.0944292 0.0963631 0.1186307 0.1201056 0.0472039 0.0983568 0.1041984 0.1052426 0.1159167 0.1087483 0.1086892 0.0867073 0.0812213 0.1208513 0.1078914 0.1180699 0.1113837 0.1135304 0.1327886 0.0857576 0.1043285 0.1748660 0.0988578 0.1260135 0.1155607 0.1111443 0.0912851 0.1115326 0.1187652 0.1181638 0.1045556 0.1222344 0.1201069 0.2096800 0.1189649 0.1094480 0.1279263 0.1080579 0.1344521 0.1135285 0.0830841 
Perityle_canescens_77                      0.1286645 0.0836408 0.1481312 0.2013824 0.0997502 0.1429392 0.2020158 0.2564123 0.1291447 0.1200581 0.1222902 0.1161448 0.1150958 0.0679301 0.0992698 0.0797114 0.1053353 0.0000000 0.1077179 0.1043989 0.0537488 0.3565190 0.1245533 0.2688844 0.1121974 0.1156366 0.1176658 0.1378200 0.1148926 0.1356108 0.1190489 0.0972393 0.1226890 0.1187541 0.1090951 0.0765252 0.0845143 0.0642095 0.0895971 0.1232425 0.1274336 0.0715136 0.1012274 0.0760599 0.0777974 0.1226271 0.0607811 0.1017406 0.1177077 0.0843316 0.1172655 0.1178122 0.1177482 0.0868092 0.0700478 0.1235182 0.1137235 0.1129011 0.1194510 0.1187392 0.1467904 0.1041910 0.1026377 0.1445080 0.0978968 0.1410944 0.1208593 0.1349259 0.1008292 0.1163099 0.1276741 0.1360391 0.1085675 0.1075781 0.1185663 0.1679557 0.1312678 0.0714615 0.1280144 0.1092118 0.1429927 0.1253867 0.0896000 
Perityle_castillonii_96                    0.0906160 0.0689448 0.1053215 0.1691112 0.0860712 0.1229199 0.1607780 0.2392840 0.0973174 0.0966723 0.0247570 0.0248316 0.0416950 0.0000010 0.0311348 0.0086433 0.1022205 0.1077179 0.0000000 0.0185344 0.0082028 0.3243249 0.0482271 0.1997621 0.0158804 0.0307056 0.0497322 0.0974756 0.0899078 0.1206322 0.0949425 0.0953833 0.0843022 0.0435172 0.0653934 0.0953345 0.0201703 0.0940810 0.0267845 0.0396913 0.0433323 0.0872018 0.0121545 0.0839180 0.1032821 0.0321082 0.0676743 0.0311096 0.0213799 0.0979113 0.0732253 0.0711440 0.0724018 0.0113799 0.0034926 0.1026149 0.0379361 0.0414472 0.0364537 0.0342725 0.1023915 0.0957336 0.0825411 0.0849419 0.0126245 0.0934371 0.0425289 0.1122281 0.0614621 0.0250552 0.0494039 0.1143466 0.0345781 0.0494431 0.0299207 0.1289198 0.1086119 0.1217157 0.0377905 0.0183857 0.1431330 0.0305510 0.0366773 
Perityle_cernua_84                         0.1185888 0.0653347 0.1253793 0.1511833 0.0820380 0.1058183 0.1521005 0.2254039 0.1128596 0.0864944 0.0275073 0.0167399 0.0362398 0.0034756 0.0456459 0.0496667 0.0963564 0.1043989 0.0185344 0.0000000 0.0056880 0.3300841 0.0676281 0.1997199 0.0385644 0.0479461 0.0406899 0.1182755 0.0824072 0.1066290 0.1019832 0.1039988 0.0754417 0.0465265 0.1044934 0.1185051 0.0253619 0.1144564 0.0297971 0.0315786 0.0407304 0.1108553 0.0069923 0.1031906 0.1223400 0.0704746 0.0722584 0.0199814 0.0188389 0.1112514 0.0606184 0.0556431 0.0554654 0.0154079 0.0090253 0.1127010 0.0293974 0.0439972 0.0511212 0.0470835 0.1222209 0.0988152 0.0795251 0.0829517 0.0114299 0.1194631 0.0601221 0.1068583 0.0592402 0.0188671 0.0708130 0.1065895 0.0239752 0.0557295 0.0661913 0.1377891 0.1013204 0.1358530 0.0413113 0.0150771 0.1345606 0.0214467 0.0754886 
Perityle_cfvillosa_25_tin                  0.0664158 0.0616283 0.0794831 0.1372108 0.0747885 0.1026305 0.1520169 0.2430964 0.0787446 0.0776829 0.0469652 0.0163707 0.0253353 0.0054706 0.0165803 0.0128601 0.0655202 0.0537488 0.0082028 0.0056880 0.0000000 0.2974903 0.0190005 0.1307953 0.0054880 0.0136316 0.0245626 0.0773652 0.0918075 0.1455102 0.0615103 0.0674854 0.0790289 0.0219908 0.0221516 0.0806696 0.0164712 0.0451174 0.0241554 0.0190691 0.0216342 0.0715892 0.0054880 0.0674025 0.0731362 0.0167907 0.0376264 0.0054425 0.0027439 0.0804931 0.0538116 0.0507988 0.0509331 0.0056107 0.0055282 0.0965849 0.0217194 0.0389004 0.0000010 0.0000010 0.0811630 0.1002090 0.0663587 0.0939064 0.0109976 0.0805869 0.0329691 0.1018503 0.0677216 0.0139521 0.0216548 0.1005015 0.0134246 0.0108134 0.0139669 0.0888699 0.0866479 0.0569208 0.0134820 0.0112117 0.1092187 0.0163254 0.0151013 
Perityle_cinerea_113_Powell1310            0.3570704 0.3600956 0.4086815 0.3860852 0.3077887 0.4055227 0.4068809 0.4843245 0.3688310 0.3944542 0.3374417 0.3353828 0.2432161 0.3365820 0.3195804 0.2570156 0.3652756 0.3565190 0.3243249 0.3300841 0.2974903 0.0000000 0.3671437 0.3690556 0.3260693 0.3469507 0.3371353 0.3469703 0.3905666 0.7180454 0.3637802 0.3631891 0.3585744 0.3347088 0.3526309 0.3445189 0.3572307 0.3391562 0.2675245 0.3537385 0.3742364 0.3419344 0.3229790 0.3365533 0.3622346 0.3332875 0.3376971 0.3251938 0.3315109 0.3503620 0.3550160 0.3478315 0.3452653 0.3260177 0.3367430 0.3424911 0.3417299 0.1830324 0.3379636 0.3460800 0.3477799 0.1959942 0.3684099 0.2666538 0.3267142 0.3459806 0.3365719 0.2486670 0.3312690 0.3552747 0.3671437 0.3810559 0.3306725 0.3177088 0.3292931 0.1985451 0.3489342 0.3600423 0.3388523 0.3378274 0.3595117 0.3293460 0.3246474 
Perityle_coahuilensis_24                   0.1398618 0.0968212 0.1490690 0.1858573 0.0987287 0.1379275 0.1795756 0.2607706 0.1469814 0.1370254 0.0727454 0.0759062 0.0520124 0.0168568 0.0637737 0.0568053 0.1160041 0.1245533 0.0482271 0.0676281 0.0190005 0.3671437 0.0000000 0.2204327 0.0459349 0.0664720 0.0542415 0.1437690 0.1136178 0.1488447 0.1198645 0.1329660 0.1028633 0.1410782 0.1166767 0.1406941 0.0352727 0.1522766 0.0716237 0.0021791 0.0430623 0.1425468 0.0550693 0.1189575 0.1822053 0.0607354 0.0907332 0.0621029 0.0429020 0.1242938 0.0972697 0.1012887 0.1173869 0.0485456 0.0241700 0.1078852 0.0537909 0.0650814 0.0284149 0.0324204 0.1284613 0.0994555 0.1051566 0.0936096 0.0950246 0.1319826 0.0749080 0.1351103 0.0908297 0.0724520 0.0099591 0.1342670 0.0350087 0.0658215 0.0544538 0.1614014 0.1293383 0.1752184 0.0487081 0.0720844 0.1713014 0.1088330 0.0791152 
Perityle_cochisensis_44_cave_creek         0.2616846 0.2117280 0.2855044 0.2967582 0.1251719 0.2972510 0.3495123 0.4042786 0.2867266 0.2160367 0.1386437 0.2028937 0.0298737 0.0856669 0.2131186 0.2804941 0.3022248 0.2688844 0.1997621 0.1997199 0.1307953 0.3690556 0.2204327 0.0000000 0.1977458 0.2089786 0.1934212 0.3039207 0.2393598 0.1307205 0.2617957 0.2870769 0.2785442 0.2241655 0.1996098 0.2935808 0.1251200 0.2768730 0.0639174 0.1519088 0.2162757 0.2799022 0.1871685 0.2791708 0.2980164 0.2341472 0.1890198 0.2005149 0.2046648 0.2883498 0.2679851 0.2702614 0.2696524 0.1271676 0.0718249 0.3237300 0.1610791 0.0429367 0.2018843 0.2055867 0.3251662 0.1311623 0.2634207 0.1472665 0.1985475 0.3060736 0.2229920 0.1213167 0.1486362 0.2079137 0.2190297 0.3199713 0.2040995 0.1446021 0.2301075 0.1769707 0.2309529 0.2995649 0.2108209 0.2017014 0.2710986 0.2135902 0.2118627 
Perityle_congesta_202                      0.1282551 0.0820131 0.1319690 0.1668881 0.0947380 0.1180471 0.1620458 0.2396899 0.1237778 0.1084207 0.0329265 0.0387126 0.0484479 0.0033763 0.0384208 0.0180275 0.1031807 0.1121974 0.0158804 0.0385644 0.0054880 0.3260693 0.0459349 0.1977458 0.0000000 0.0300548 0.0562085 0.1216922 0.1040931 0.1524206 0.1037654 0.1224026 0.0858969 0.1231083 0.1133310 0.1268739 0.0263062 0.1225768 0.0368800 0.0445468 0.0684660 0.1269544 0.0240779 0.1118209 0.1376595 0.0489566 0.0884120 0.0539544 0.0213167 0.1187005 0.0793356 0.0862655 0.0883079 0.0180050 0.0105012 0.1077606 0.0330337 0.0496981 0.0243703 0.0231973 0.1264433 0.0964007 0.0911368 0.0858622 0.0407075 0.1193412 0.0501360 0.1235211 0.0661391 0.0467077 0.0441837 0.1254640 0.0393879 0.0537569 0.0478787 0.1288440 0.1137150 0.1488232 0.0464632 0.0368154 0.1399370 0.0518046 0.0634621 
Perityle_cordifolia_27                     0.1102762 0.0845020 0.1238844 0.1749287 0.1045669 0.1296749 0.1757513 0.2530373 0.1179961 0.1050568 0.0416569 0.0487251 0.0617750 0.0151534 0.0364535 0.0277111 0.1053977 0.1156366 0.0307056 0.0479461 0.0136316 0.3469507 0.0664720 0.2089786 0.0300548 0.0000000 0.0519227 0.1116249 0.1104148 0.1403707 0.1129097 0.1118223 0.0907718 0.0787762 0.1113432 0.1272072 0.0341784 0.1358845 0.0395449 0.0495808 0.0766169 0.1206381 0.0359488 0.1093203 0.1380617 0.0581675 0.0838860 0.0537195 0.0308922 0.1177840 0.0810953 0.0859067 0.0994262 0.0160764 0.0191234 0.1073592 0.0430334 0.0557602 0.0492823 0.0475500 0.1108762 0.1065147 0.0959404 0.0948253 0.0515732 0.1082532 0.0385615 0.1304400 0.0670834 0.0570859 0.0654715 0.1301724 0.0435145 0.0744824 0.0536768 0.1519594 0.1193315 0.1438598 0.0565248 0.0478151 0.1494258 0.0653422 0.0703406 
Perityle_cordifolia_68_tecolote            0.1025579 0.0895136 0.1122982 0.1773028 0.0965771 0.1376315 0.1735399 0.2289322 0.1122794 0.1236268 0.0680079 0.0490305 0.0463395 0.0219363 0.0569430 0.0255229 0.1102896 0.1176658 0.0497322 0.0406899 0.0245626 0.3371353 0.0542415 0.1934212 0.0562085 0.0519227 0.0000000 0.1185426 0.1130893 0.1494574 0.0849984 0.1193945 0.1094022 0.1431439 0.0450928 0.0933995 0.0312309 0.0810342 0.0654179 0.0419084 0.0446665 0.0914400 0.0367556 0.0762085 0.1017905 0.0534325 0.0655393 0.0321967 0.0457907 0.0923779 0.0811254 0.0739637 0.0743263 0.0434593 0.0241791 0.1010953 0.0144440 0.0531134 0.0421031 0.0435999 0.1244882 0.0995428 0.1002262 0.1030877 0.0496489 0.1173608 0.0698011 0.1386743 0.0801846 0.0546411 0.0532589 0.1272158 0.0389337 0.0410549 0.0445330 0.1027899 0.1203967 0.1279828 0.0567106 0.0527961 0.1601964 0.0668917 0.0424736 
Perityle_coronopifolia_28_patagonia        0.1548150 0.1054568 0.1656288 0.2114818 0.1168901 0.1562907 0.1971867 0.2741303 0.1673168 0.1608847 0.1282081 0.1196520 0.1380818 0.0875460 0.1064334 0.1065405 0.1274810 0.1378200 0.0974756 0.1182755 0.0773652 0.3469703 0.1437690 0.3039207 0.1216922 0.1116249 0.1185426 0.0000000 0.1357008 0.2047665 0.1330544 0.1646722 0.1286882 0.2006044 0.1695446 0.1597956 0.0976258 0.1738273 0.1164087 0.0987465 0.1206382 0.1600742 0.1037717 0.1354963 0.1955280 0.1212876 0.1019987 0.1205960 0.1030249 0.1427756 0.1167791 0.1265353 0.1367875 0.0977189 0.0838405 0.0536413 0.1007395 0.1260378 0.1157288 0.1210690 0.0434718 0.0092723 0.1107829 0.1878178 0.1501741 0.0142040 0.1344410 0.1653713 0.1212096 0.1252857 0.1455206 0.1635057 0.0991452 0.1340453 0.1124214 0.2408006 0.1568548 0.1823439 0.1186042 0.1094744 0.0355913 0.1605839 0.1395862 
Perityle_crassifolia_70_ventanas           0.1039922 0.0604218 0.1243704 0.1602233 0.0944376 0.1199544 0.1759677 0.2418743 0.0516146 0.1082019 0.1165095 0.1054978 0.1315528 0.0872892 0.1006788 0.0821943 0.1027938 0.1148926 0.0899078 0.0824072 0.0918075 0.3905666 0.1136178 0.2393598 0.1040931 0.1104148 0.1130893 0.1357008 0.0000000 0.0690016 0.1050336 0.0873371 0.0473307 0.1012973 0.0947451 0.1206881 0.0960233 0.1098697 0.1177901 0.1072407 0.1111939 0.1110273 0.0914187 0.1123155 0.1124239 0.1132573 0.0695484 0.0943289 0.1101808 0.1261743 0.1068833 0.1033743 0.1052529 0.0901589 0.0920251 0.1416669 0.1085419 0.1372087 0.1096598 0.1087802 0.1363827 0.1355492 0.0971952 0.1833550 0.0959291 0.1358547 0.1170317 0.1316757 0.0990662 0.1040545 0.1132786 0.0125235 0.1023486 0.1003205 0.1122867 0.1796517 0.1149220 0.1199978 0.1228103 0.1090359 0.1570754 0.1177713 0.0652272 
Perityle_crassifolia_74_playa_balandra     0.1942532 0.0863789 0.2019161 0.1993910 0.0949243 0.1536143 0.2924293 0.2873808 0.0441435 0.1091949 0.1550466 0.1424434 0.1444373 0.1067502 0.1302466 0.1161198 0.1100007 0.1356108 0.1206322 0.1066290 0.1455102 0.7180454 0.1488447 0.1307205 0.1524206 0.1403707 0.1494574 0.2047665 0.0690016 0.0000000 0.1517912 0.1107759 0.0380876 0.1508327 0.1491829 0.1192347 0.1164740 0.1310916 0.1447502 0.1451654 0.1525520 0.1172206 0.1256225 0.1153356 0.1495954 0.1408254 0.1058116 0.1236135 0.1702973 0.1330368 0.1522027 0.1483325 0.1522027 0.1236665 0.1126961 0.2137642 0.1450160 0.1480961 0.1538073 0.1511796 0.2105815 0.2393957 0.1186507 0.2373452 0.1191972 0.2055717 0.1750370 0.1205350 0.1460143 0.1398955 0.1482942 0.0675476 0.1311173 0.1239105 0.1321903 0.1599016 0.1219641 0.1257740 0.1543653 0.1433334 0.2536793 0.1725483 0.1257558 
Perityle_cuneata_34_cuneata_San_antonio    0.1039388 0.0723926 0.1188770 0.1638377 0.1036611 0.1160939 0.1675890 0.2375661 0.1162161 0.0970159 0.0844291 0.1092269 0.0995283 0.0512939 0.1094125 0.1076598 0.0588843 0.1190489 0.0949425 0.1019832 0.0615103 0.3637802 0.1198645 0.2617957 0.1037654 0.1129097 0.0849984 0.1330544 0.1050336 0.1517912 0.0000000 0.1182437 0.0847241 0.1208943 0.1214219 0.1281751 0.0711225 0.1313872 0.0875598 0.0840664 0.1234699 0.1257367 0.0975634 0.1107971 0.1362130 0.1240551 0.0799273 0.0915196 0.0744438 0.1388611 0.1295892 0.1182161 0.1217903 0.0668603 0.0628343 0.1235746 0.0789684 0.0979355 0.1245457 0.1169382 0.1378905 0.0949204 0.1182198 0.1554981 0.1035207 0.1292197 0.1267633 0.1198951 0.0747140 0.1168905 0.1255731 0.1315775 0.0854625 0.1079823 0.1252721 0.1933910 0.1169687 0.1385006 0.1010027 0.1082084 0.1080020 0.1065506 0.0941222 
Perityle_cuneata_4                         0.1172306 0.0532235 0.1142590 0.1712327 0.0920700 0.1277559 0.1686257 0.2431866 0.0893309 0.1107549 0.1084865 0.1115221 0.1254501 0.0670282 0.1086437 0.0940821 0.0900562 0.0972393 0.0953833 0.1039988 0.0674854 0.3631891 0.1329660 0.2870769 0.1224026 0.1118223 0.1193945 0.1646722 0.0873371 0.1107759 0.1182437 0.0000000 0.0721795 0.1862986 0.1190786 0.1290305 0.0794985 0.1168843 0.0859959 0.1075623 0.1307208 0.1260177 0.1061587 0.1179189 0.1339439 0.1262465 0.0704136 0.1177911 0.1059408 0.1237356 0.1048369 0.1122141 0.1104656 0.0827148 0.0749084 0.1530193 0.1054050 0.1138419 0.1328248 0.1299254 0.1676745 0.1280485 0.1099208 0.1533656 0.0970617 0.1623459 0.1271339 0.1002713 0.0837220 0.1092479 0.1335664 0.0933286 0.1088900 0.1280017 0.1190737 0.2178162 0.1047336 0.1255315 0.1184183 0.1108896 0.1576689 0.1277723 0.1007555 
Perityle_discoidea_81                      0.0724990 0.0431264 0.0906259 0.1736621 0.0945729 0.1201561 0.1680551 0.2581434 0.0022227 0.1016267 0.0978135 0.0868270 0.1244611 0.0723080 0.0887812 0.0765930 0.0857076 0.1226890 0.0843022 0.0754417 0.0790289 0.3585744 0.1028633 0.2785442 0.0858969 0.0907718 0.1094022 0.1286882 0.0473307 0.0380876 0.0847241 0.0721795 0.0000000 0.0935698 0.0813579 0.1023437 0.0890988 0.1021707 0.1036313 0.0979558 0.1011491 0.0991068 0.0794415 0.0960419 0.1171778 0.1028055 0.0662946 0.0812280 0.0951351 0.1098105 0.0915752 0.0894225 0.0866899 0.0790004 0.0747763 0.1200756 0.1007333 0.1103783 0.0973581 0.0976412 0.1295299 0.1089020 0.1039821 0.1618932 0.0799467 0.1228466 0.1036733 0.1250139 0.0846685 0.0928204 0.1041718 0.0689227 0.0889801 0.1171195 0.1033983 0.2151842 0.1094657 0.1211485 0.1131774 0.0872994 0.1559524 0.0978360 0.0665006 
Perityle_dissecta_201                      0.1875084 0.0776446 0.1468623 0.1796028 0.0882567 0.1355728 0.1786919 0.3047877 0.1124112 0.2252044 0.1953048 0.0715787 0.1231810 0.0273454 0.0813069 0.0274437 0.1152695 0.1187541 0.0435172 0.0465265 0.0219908 0.3347088 0.1410782 0.2241655 0.1231083 0.0787762 0.1431439 0.2006044 0.1012973 0.1508327 0.1208943 0.1862986 0.0935698 0.0000000 0.0712082 0.1724331 0.0574790 0.1326128 0.0672836 0.0896463 0.0800895 0.1728967 0.0495213 0.1422352 0.2112590 0.0822573 0.1044683 0.0999913 0.1069977 0.1134886 0.0733495 0.1254058 0.1035944 0.0884290 0.0208219 0.1505729 0.0573423 0.0744843 0.0431773 0.0890308 0.1583339 0.1055651 0.0873207 0.1098663 0.1082254 0.1739852 0.1295122 0.1226182 0.1415056 0.0568449 0.1333349 0.1214600 0.1015270 0.0689222 0.0542099 0.1623334 0.1116706 0.2237054 0.1109222 0.0939758 0.1611771 0.1387120 0.1019728 
Perityle_emoryi_47_punta_san_jose          0.0968609 0.0765375 0.1221186 0.1806613 0.1366008 0.1281484 0.1694411 0.2515820 0.1102338 0.1544450 0.0609462 0.0911938 0.0406543 0.0168992 0.0973792 0.1185673 0.1074899 0.1090951 0.0653934 0.1044934 0.0221516 0.3526309 0.1166767 0.1996098 0.1133310 0.1113432 0.0450928 0.1695446 0.0947451 0.1491829 0.1214219 0.1190786 0.0813579 0.0712082 0.0000000 0.1431005 0.0318448 0.1305328 0.0625605 0.0433530 0.0902398 0.1378292 0.0730554 0.1249702 0.1427832 0.1199552 0.0871672 0.0712713 0.0528356 0.1126998 0.1095581 0.1218344 0.1378845 0.0376516 0.0191567 0.1276599 0.0477927 0.0616316 0.0884573 0.0808834 0.1542570 0.1003735 0.1052965 0.0806209 0.1033387 0.1666952 0.1259780 0.1449586 0.0801310 0.0979117 0.1214170 0.1261467 0.0386711 0.0552440 0.1060079 0.1368575 0.1173785 0.1690065 0.0593914 0.0857650 0.1715537 0.1123028 0.0876854 
Perityle_feddemae_99                       0.1521719 0.0891057 0.1727384 0.1799427 0.0945475 0.1312253 0.1869911 0.2401398 0.1369787 0.1284559 0.1070134 0.1200728 0.1093171 0.0629126 0.1086582 0.1505474 0.1015514 0.0765252 0.0953345 0.1185051 0.0806696 0.3445189 0.1406941 0.2935808 0.1268739 0.1272072 0.0933995 0.1597956 0.1206881 0.1192347 0.1281751 0.1290305 0.1023437 0.1724331 0.1431005 0.0000000 0.0764517 0.0778209 0.0817025 0.0940811 0.1271054 0.0216638 0.1096281 0.0215166 0.0776926 0.1435768 0.0744782 0.1220208 0.0909439 0.0263890 0.1218405 0.1270218 0.1423353 0.0806827 0.0645634 0.1171895 0.0929257 0.1048909 0.1220703 0.1232685 0.1404098 0.1063929 0.0881335 0.1540762 0.1267520 0.1576287 0.1373914 0.1369236 0.0982516 0.1197780 0.1503969 0.1424121 0.0880457 0.1136978 0.1236094 0.2085746 0.1308561 0.1019578 0.1089981 0.1200849 0.1429288 0.1492155 0.1378843 
Perityle_fosteri_93                        0.0735230 0.0686059 0.0975843 0.1361992 0.0860751 0.1117512 0.1545747 0.2207616 0.0932573 0.0949291 0.0448497 0.0302826 0.0345007 0.0085518 0.0412529 0.0071892 0.0948599 0.0845143 0.0201703 0.0253619 0.0164712 0.3572307 0.0352727 0.1251200 0.0263062 0.0341784 0.0312309 0.0976258 0.0960233 0.1164740 0.0711225 0.0794985 0.0890988 0.0574790 0.0318448 0.0764517 0.0000000 0.0691719 0.0458549 0.0301468 0.0324500 0.0698516 0.0230621 0.0653385 0.0816674 0.0285330 0.0510816 0.0144842 0.0277463 0.0838062 0.0674196 0.0583294 0.0625610 0.0296652 0.0125452 0.1047847 0.0216497 0.0429167 0.0265011 0.0257964 0.1046905 0.1012385 0.0828314 0.0863184 0.0278754 0.0978342 0.0474540 0.1129518 0.0686280 0.0282988 0.0351571 0.0961439 0.0220128 0.0203742 0.0234869 0.1538940 0.0861582 0.0928623 0.0325842 0.0333162 0.1244220 0.0327343 0.0196537 
Perityle_gamon_221                         0.1569434 0.0796391 0.1694520 0.1695999 0.1003410 0.1235867 0.1796165 0.2491013 0.1352295 0.1119698 0.1007365 0.1178306 0.0818994 0.0451418 0.1234584 0.1478099 0.1034602 0.0642095 0.0940810 0.1144564 0.0451174 0.3391562 0.1522766 0.2768730 0.1225768 0.1358845 0.0810342 0.1738273 0.1098697 0.1310916 0.1313872 0.1168843 0.1021707 0.1326128 0.1305328 0.0778209 0.0691719 0.0000000 0.0855787 0.0830835 0.1172514 0.0698896 0.1020855 0.0650665 0.0614494 0.1434978 0.0832414 0.1063319 0.0801118 0.0752691 0.1190742 0.1214429 0.1435532 0.0752715 0.0504310 0.1205392 0.0814415 0.0809718 0.1176907 0.1116735 0.1355482 0.0914296 0.0923836 0.1268951 0.1452810 0.1689692 0.1337257 0.1286138 0.0885565 0.1185165 0.1532803 0.1233910 0.0748278 0.1037977 0.1229593 0.1714470 0.1235292 0.0910047 0.0866072 0.1174821 0.1231914 0.1571494 0.1251193 
Perityle_gentryi_8_san_francisco           0.0881500 0.0801453 0.1122156 0.1468011 0.0949037 0.1226133 0.1716409 0.2364928 0.1111600 0.1091139 0.0590068 0.0424906 0.0693056 0.0239885 0.0043314 0.0206381 0.1062968 0.0895971 0.0267845 0.0297971 0.0241554 0.2675245 0.0716237 0.0639174 0.0368800 0.0395449 0.0654179 0.1164087 0.1177901 0.1447502 0.0875598 0.0859959 0.1036313 0.0672836 0.0625605 0.0817025 0.0458549 0.0855787 0.0000000 0.0670199 0.0711356 0.0777566 0.0322834 0.0734213 0.0932973 0.0631835 0.0541759 0.0437208 0.0507826 0.0907957 0.0877455 0.0819152 0.0851478 0.0302627 0.0276917 0.1200518 0.0541853 0.0773378 0.0578587 0.0563423 0.1246790 0.1106289 0.1008988 0.0525309 0.0342631 0.1165449 0.0575261 0.1312259 0.0752951 0.0480923 0.0744102 0.1178173 0.0529585 0.0457822 0.0588809 0.0659579 0.1146937 0.1000577 0.0683902 0.0450196 0.1497417 0.0498604 0.0483529 
Perityle_gilensis_22_Superstition          0.0721227 0.0889107 0.1056467 0.1742413 0.0989634 0.1350129 0.1768129 0.2374069 0.1031311 0.1195225 0.0614820 0.0461274 0.0513590 0.0168348 0.0535068 0.0173461 0.1133390 0.1232425 0.0396913 0.0315786 0.0190691 0.3537385 0.0021791 0.1519088 0.0445468 0.0495808 0.0419084 0.0987465 0.1072407 0.1451654 0.0840664 0.1075623 0.0979558 0.0896463 0.0433530 0.0940811 0.0301468 0.0830835 0.0670199 0.0000000 0.0157860 0.0875275 0.0324037 0.0830105 0.0976904 0.0504898 0.0631944 0.0239493 0.0389994 0.0989118 0.0756045 0.0695142 0.0731824 0.0417594 0.0225352 0.1023613 0.0438592 0.0626778 0.0268114 0.0326731 0.1014628 0.1044026 0.1027078 0.0984096 0.0385300 0.1002068 0.0670952 0.1349236 0.0823979 0.0442425 0.0076419 0.1176803 0.0245511 0.0350339 0.0464596 0.0941512 0.1175812 0.1266988 0.0428320 0.0490705 0.1620165 0.0513103 0.0379265 
Perityle_gilensis_salensis_225             0.1131612 0.0945121 0.1377879 0.1827869 0.0979778 0.1373186 0.1831442 0.2593928 0.1367763 0.1235045 0.0627113 0.0541516 0.0485276 0.0218548 0.0792215 0.0515557 0.1184904 0.1274336 0.0433323 0.0407304 0.0216342 0.3742364 0.0430623 0.2162757 0.0684660 0.0766169 0.0446665 0.1206382 0.1111939 0.1525520 0.1234699 0.1307208 0.1011491 0.0800895 0.0902398 0.1271054 0.0324500 0.1172514 0.0711356 0.0157860 0.0000000 0.1188170 0.0393877 0.1081812 0.1318639 0.0670573 0.0742641 0.0351972 0.0424670 0.1256665 0.0778771 0.0701230 0.0711325 0.0464799 0.0258500 0.1076141 0.0552149 0.0692757 0.0612697 0.0595008 0.1229141 0.1044026 0.1020098 0.1076901 0.0429246 0.1172367 0.0816870 0.1362060 0.0903588 0.0496387 0.0391257 0.1324223 0.0390015 0.0655012 0.0639171 0.1592301 0.1290985 0.1601818 0.0428477 0.0476156 0.1705366 0.0625472 0.0655570 
Perityle_glaucescens_94                    0.1503206 0.0829768 0.1679793 0.1705984 0.0958006 0.1223998 0.1749773 0.2370073 0.1312345 0.1282503 0.1047850 0.1128459 0.1092068 0.0538291 0.1072403 0.1375774 0.0974135 0.0715136 0.0872018 0.1108553 0.0715892 0.3419344 0.1425468 0.2799022 0.1269544 0.1206381 0.0914400 0.1600742 0.1110273 0.1172206 0.1257367 0.1260177 0.0991068 0.1728967 0.1378292 0.0216638 0.0698516 0.0698896 0.0777566 0.0875275 0.1188170 0.0000000 0.1010453 0.0088343 0.0709973 0.1404412 0.0758141 0.1164954 0.0880281 0.0034315 0.1181053 0.1264616 0.1429191 0.0761265 0.0551807 0.1078518 0.0802107 0.0938391 0.1169563 0.1223475 0.1384448 0.0972208 0.0804257 0.1516298 0.1324869 0.1544768 0.1328559 0.1323437 0.0974815 0.1111313 0.1497560 0.1281446 0.0841542 0.1070890 0.1165374 0.1938815 0.1251895 0.0883503 0.1071958 0.1179224 0.1235476 0.1532449 0.1358824 
Perityle_gracilis_11                       0.0985133 0.0710048 0.1178551 0.1534241 0.0900468 0.1088262 0.1517685 0.2556420 0.1112373 0.0951824 0.0265134 0.0113470 0.0355463 0.0000010 0.0379656 0.0348163 0.0944292 0.1012274 0.0121545 0.0069923 0.0054880 0.3229790 0.0550693 0.1871685 0.0240779 0.0359488 0.0367556 0.1037717 0.0914187 0.1256225 0.0975634 0.1061587 0.0794415 0.0495213 0.0730554 0.1096281 0.0230621 0.1020855 0.0322834 0.0324037 0.0393877 0.1010453 0.0000000 0.0922739 0.1113352 0.0627187 0.0692785 0.0126025 0.0074154 0.1102738 0.0539389 0.0527892 0.0526582 0.0060346 0.0071134 0.1114077 0.0213246 0.0411632 0.0451409 0.0430230 0.1128655 0.0959474 0.0791887 0.0851455 0.0081046 0.0997787 0.0490543 0.1274026 0.0617484 0.0160312 0.0586758 0.1055889 0.0181649 0.0549145 0.0593491 0.1250999 0.1056090 0.1379502 0.0312455 0.0115886 0.1263821 0.0056406 0.0488940 
Perityle_harkerae_31                       0.1287956 0.0806944 0.1482291 0.1646705 0.0932922 0.1187107 0.1722143 0.2367161 0.1243088 0.1141667 0.0910999 0.1040769 0.0995551 0.0514099 0.0990030 0.1154505 0.0963631 0.0760599 0.0839180 0.1031906 0.0674025 0.3365533 0.1189575 0.2791708 0.1118209 0.1093203 0.0762085 0.1354963 0.1123155 0.1153356 0.1107971 0.1179189 0.0960419 0.1422352 0.1249702 0.0215166 0.0653385 0.0650665 0.0734213 0.0830105 0.1081812 0.0088343 0.0922739 0.0000000 0.0636058 0.1216123 0.0726038 0.1050182 0.0802651 0.0140490 0.1149600 0.1091333 0.1168323 0.0680723 0.0507013 0.1067341 0.0738522 0.0921566 0.1073515 0.1098823 0.1198927 0.0905535 0.0817253 0.1487928 0.0988532 0.1308693 0.1217447 0.1262387 0.0849072 0.1046340 0.1257590 0.1310065 0.0752305 0.1030829 0.1082283 0.1851492 0.1143212 0.0871109 0.0979586 0.1085444 0.1290671 0.1198749 0.1098613 
Perityle_hofmeisteria_4_nombre_de_dios     0.1683352 0.1038004 0.1725789 0.1774753 0.1089857 0.1291320 0.1966109 0.2538368 0.1495794 0.1488456 0.1102903 0.1232237 0.1125207 0.0725738 0.1271000 0.1823491 0.1186307 0.0777974 0.1032821 0.1223400 0.0731362 0.3622346 0.1822053 0.2980164 0.1376595 0.1380617 0.1017905 0.1955280 0.1124239 0.1495954 0.1362130 0.1339439 0.1171778 0.2112590 0.1427832 0.0776926 0.0816674 0.0614494 0.0932973 0.0976904 0.1318639 0.0709973 0.1113352 0.0636058 0.0000000 0.1558188 0.0892861 0.1184093 0.0919988 0.0711534 0.1303905 0.1348199 0.1536572 0.0877600 0.0762378 0.1197698 0.0978779 0.1173155 0.1262866 0.1268726 0.1558455 0.1095126 0.1025833 0.1509737 0.1513231 0.1821430 0.1391500 0.1404711 0.1078086 0.1240265 0.1771999 0.1287739 0.0922239 0.1160267 0.1317052 0.2035246 0.1440800 0.1067636 0.1061798 0.1302566 0.1474773 0.1749354 0.1410874 
