78
Amauria_brandeegeana_62                    0.0000000 0.5116856 0.4999510 0.5212560 0.4839265 0.2020908 0.4931327 0.5381194 0.4349729 0.3812541 0.4811870 0.2427219 0.3770644 0.4987147 0.2379350 0.4828652 0.4052683 0.3304022 0.4115940 0.3293863 0.3447014 0.2934960 0.5033479 0.5435482 0.4771613 0.1848030 0.4193616 0.3454015 0.3868840 0.2827639 0.5186592 0.4763994 0.4917874 0.4695798 0.4781716 0.3764793 0.7764844 0.4417632 0.2995340 0.4808547 0.4853309 0.5848042 0.3611556 0.3598472 0.4662808 0.5764778 0.4177045 0.4816712 0.5055149 0.3889771 0.1988568 0.3571812 0.4635152 0.5181337 0.2494300 0.4322932 0.4200354 0.7003046 0.3136717 0.2890902 0.1742936 0.4880412 0.4753828 0.3430019 0.5192525 0.3769338 0.5696026 0.4375974 0.2372896 0.6227009 0.4459130 0.4776855 0.4879044 0.3961795 0.4796741 0.7266933 0.3559374 0.1529424 
Amauria_carterae_99_mesa                   0.5116856 0.0000000 0.3134560 0.1171902 0.2982632 0.3360651 0.4841346 0.2275532 0.0742003 0.0619487 0.0551567 0.0622874 0.0648544 0.2107615 0.4370006 0.1805027 0.1147471 0.0737880 0.1515414 0.0566787 0.0670733 0.0514124 0.1913161 0.2041574 0.0851340 0.5140388 0.1737299 0.1181060 0.1738442 0.0215233 0.2049651 0.2146423 0.1758142 0.1957821 0.1683026 0.0618204 0.2099707 0.0721491 0.0983140 0.1779334 0.2015705 0.1651207 0.0784890 0.0878320 0.1987620 0.1102443 0.0589319 0.1783971 0.1859062 0.1105581 0.4621221 0.0685386 0.1128207 0.2083336 0.0437198 0.0984871 0.0670818 0.2017614 0.0603587 0.0558533 0.3596877 0.1783277 0.1942937 0.0638140 0.2066811 0.0654588 0.2053291 0.0798783 0.5249161 0.2066971 0.0663939 0.2021504 0.1826603 0.0564894 0.2012981 0.1892670 0.0717490 0.5005891 
Amauria_rotundifolia_SRR9119150            0.4999510 0.3134560 0.0000000 0.3200107 0.2240097 0.4233453 0.5904318 0.3887166 0.2576366 0.1903471 0.2273242 0.1966773 0.2227543 0.3252237 0.5834555 0.3622975 0.2403212 0.1672699 0.2801327 0.1153229 0.1857226 0.1673529 0.3074496 0.3691029 0.3268670 0.4844526 0.2602143 0.2567302 0.3169382 0.0754626 0.3485836 0.3013752 0.3743554 0.2920856 0.3241999 0.1982890 0.5586950 0.2342310 0.1671805 0.3627062 0.3156957 0.4187340 0.1932029 0.1692922 0.3505468 0.3060087 0.2272285 0.2853137 0.3730859 0.2835270 0.4037103 0.1582199 0.3117588 0.3399489 0.1549425 0.3373423 0.2178062 0.6252497 0.1713738 0.1542087 0.3502719 0.3206777 0.3285978 0.1399103 0.3467866 0.1783183 0.3694791 0.2310923 0.5153822 0.4307631 0.2934767 0.3416734 0.3493650 0.2034587 0.3065661 0.5028659 0.1914830 0.4088370 
Eutetras_pringlei_149_quer                 0.5212560 0.1171902 0.3200107 0.0000000 0.3502371 0.3507090 0.5156719 0.1636152 0.1129979 0.0768446 0.1297877 0.0772316 0.0791041 0.1707355 0.3815117 0.1995631 0.2009678 0.1455742 0.1959597 0.0624061 0.0809181 0.0780047 0.1718594 0.1759650 0.1121980 0.5496312 0.1901409 0.1289276 0.2113035 0.0375147 0.1750142 0.1920724 0.1434625 0.1653250 0.1867179 0.0682178 0.1874739 0.1259608 0.1369641 0.1939975 0.2064239 0.1248065 0.0876961 0.0864228 0.1677131 0.1776353 0.0986264 0.1545343 0.1585285 0.1742400 0.3857456 0.0740569 0.1968205 0.1815542 0.0555081 0.2079953 0.1202302 0.1934373 0.0764771 0.0752658 0.5184162 0.1577576 0.1906984 0.0642228 0.1925729 0.0760590 0.1060110 0.1239317 0.4453093 0.1900452 0.0937186 0.1942921 0.2145722 0.0798242 0.1865168 0.2131138 0.0854715 0.4763642 
Eutrochium_fistulosum_SRR9119106           0.4839265 0.2982632 0.2240097 0.3502371 0.0000000 0.4150763 0.5913614 0.3764854 0.2661705 0.2084302 0.2570420 0.1916296 0.2208794 0.3150185 0.4341386 0.3386822 0.2297605 0.1930927 0.2569099 0.1196782 0.1631952 0.1481172 0.2987389 0.3284702 0.2605658 0.4822490 0.2507700 0.2363640 0.2950429 0.1644417 0.3154498 0.2905249 0.2971680 0.2783536 0.3211153 0.2152129 0.4659908 0.2482408 0.1659370 0.3375575 0.3029974 0.4197057 0.1914866 0.1900409 0.3307220 0.2979834 0.2227148 0.2670988 0.3301716 0.3047456 0.4063546 0.1698290 0.2724690 0.3279904 0.1280658 0.3733235 0.2417724 0.5876342 0.1515650 0.1604171 0.3898714 0.3044726 0.2915410 0.1514777 0.3223711 0.1752696 0.3371983 0.2411900 0.4768054 0.3765354 0.3338685 0.3131342 0.3242418 0.2234574 0.2947727 0.4937967 0.2068082 0.3808145 
Galeana_pratensis_104_mex                  0.2020908 0.3360651 0.4233453 0.3507090 0.4150763 0.0000000 0.3329105 0.3228235 0.3352253 0.3276898 0.3281530 0.3480365 0.3461975 0.3567484 0.1353030 0.3562814 0.3584297 0.3363783 0.3803895 0.3293292 0.3082742 0.3266021 0.3691273 0.3513330 0.3571070 0.1891765 0.3478987 0.3342291 0.2815565 0.3189856 0.3641244 0.3797591 0.3101810 0.3600463 0.3499562 0.3395999 0.3587879 0.3551890 0.3414815 0.3485425 0.3834908 0.3855666 0.3280189 0.3049131 0.3627480 0.3461606 0.3462965 0.3463414 0.3531507 0.3466569 0.1625565 0.3217167 0.3165009 0.3696304 0.3088974 0.2448290 0.3544500 0.3943303 0.3216181 0.3117372 0.1647643 0.3613125 0.3390533 0.3519109 0.3726295 0.3220646 0.3854200 0.3723047 0.1440692 0.3755296 0.2893968 0.3600803 0.3337046 0.3354557 0.3690030 0.3704370 0.3036178 0.1320271 
Helianthus_annuus_SRR9119062               0.4931327 0.4841346 0.5904318 0.5156719 0.5913614 0.3329105 0.0000000 0.5875112 0.3968506 0.4031863 0.4668899 0.2823056 0.3520969 0.5019896 0.5226212 0.5737264 0.4191722 0.3395937 0.4303917 0.3361477 0.3530585 0.2950064 0.5005851 0.5724407 0.5347930 0.4556494 0.4795579 0.3813942 0.4902518 0.2898756 0.5446373 0.4616561 0.5247726 0.4730113 0.5236075 0.3658431 0.7019775 0.4190161 0.3446698 0.5192767 0.4763648 0.5481228 0.3861509 0.3587304 0.5729725 0.5052011 0.3913069 0.4531961 0.5123809 0.4041101 0.4058753 0.3883431 0.4571567 0.5392133 0.2918914 0.4694338 0.4264232 0.7901111 0.3443925 0.3313988 0.3479905 0.5149347 0.4643400 0.3329208 0.5248170 0.3668298 0.5666789 0.4120287 0.5156440 0.5763380 0.4393571 0.4854945 0.5167499 0.3936306 0.4592574 0.6495098 0.3707232 0.4062544 
Lycapsus_tenuifolius_17                    0.5381194 0.2275532 0.3887166 0.1636152 0.3764854 0.3228235 0.5875112 0.0000000 0.1026755 0.0695285 0.1092087 0.0876386 0.0913060 0.2716540 0.5515366 0.2582479 0.1460860 0.0846349 0.1589457 0.0732216 0.0540731 0.0675116 0.2345220 0.2974589 0.3457526 0.4595001 0.0312008 0.1171018 0.2393455 0.0315757 0.0045138 0.2085685 0.3070992 0.2456114 0.2879741 0.0725324 0.5334559 0.1338718 0.0814326 0.2900315 0.2055461 0.2226196 0.0778950 0.0818746 0.1890930 0.2130888 0.1134438 0.2247320 0.3173206 0.1855589 0.4149763 0.0636849 0.1947533 0.2902477 0.0435989 0.2045510 0.1283270 0.4683317 0.0690428 0.0573510 0.3716365 0.1836324 0.2434118 0.0809829 0.3006868 0.0565312 0.0240999 0.1344846 0.5512495 0.3288319 0.2106685 0.2938368 0.3017585 0.0844967 0.2177449 0.4292295 0.0764116 0.4252578 
Pericome_caudata_50_silver                 0.4349729 0.0742003 0.2576366 0.1129979 0.2661705 0.3352253 0.3968506 0.1026755 0.0000000 0.0779463 0.0742873 0.0647530 0.0870716 0.0776389 0.3173681 0.1161466 0.0894341 0.0527401 0.0931684 0.0636121 0.0754547 0.0727405 0.0802210 0.0694097 0.0887088 0.3918338 0.1289904 0.1305087 0.1108006 0.0367748 0.1134227 0.0954364 0.0388737 0.0720926 0.0659241 0.0850856 0.0910142 0.1062965 0.0765338 0.0819974 0.0816959 0.1067856 0.0857836 0.1044849 0.0898507 0.0932279 0.0918384 0.0602487 0.0697580 0.0778384 0.2990194 0.0769381 0.0848068 0.0890042 0.0565560 0.0872210 0.0716853 0.0411910 0.0771661 0.0727749 0.3704811 0.0640836 0.0618551 0.0701656 0.0914825 0.0819012 0.0852265 0.1109257 0.3535220 0.0838204 0.0794709 0.0693455 0.0840856 0.0797180 0.0803933 0.1416354 0.1006581 0.3526533 
Perityle_aglossa_84_dead_horse             0.3812541 0.0619487 0.1903471 0.0768446 0.2084302 0.3276898 0.4031863 0.0695285 0.0779463 0.0000000 0.0149963 0.0769299 0.0680213 0.0176474 0.2980652 0.0669568 0.0246670 0.0494563 0.0425345 0.0337284 0.0567308 0.0484692 0.0176289 0.0608838 0.0628128 0.3652432 0.0947681 0.1208563 0.1133470 0.0797810 0.0748828 0.0173381 0.0322549 0.0143127 0.0626576 0.0785121 0.0571236 0.0452574 0.0921430 0.0765570 0.0208308 0.0879433 0.0468529 0.0508367 0.1000223 0.0575739 0.0283133 0.0184751 0.0595939 0.0727459 0.3007683 0.0545427 0.0672706 0.0352915 0.0111399 0.0800909 0.0834437 0.0578300 0.0585239 0.0072472 0.3392045 0.0537911 0.0655336 0.0371358 0.0286947 0.0519989 0.0905558 0.0558925 0.3401201 0.0250799 0.0359202 0.0747390 0.0824665 0.0219573 0.0035112 0.1311517 0.0381063 0.3406482 
Perityle_ajoensis_204                      0.4811870 0.0551567 0.2273242 0.1297877 0.2570420 0.3281530 0.4668899 0.1092087 0.0742873 0.0149963 0.0000000 0.0437651 0.0388713 0.0094680 0.3160355 0.0968241 0.0252330 0.0330816 0.0281314 0.0198434 0.0278489 0.0149722 0.0000010 0.0467265 0.0596890 0.4457204 0.1409845 0.1101940 0.1577683 0.0512263 0.1133498 0.0217548 0.0351547 0.0000010 0.0584235 0.0475499 0.0481595 0.0282092 0.1072125 0.0742020 0.0123363 0.0777420 0.0339625 0.0388076 0.1116958 0.0456435 0.0104141 0.0063406 0.0396982 0.0569908 0.3209319 0.0356793 0.0588090 0.0155510 0.0000010 0.0687246 0.0680331 0.0396195 0.0327329 0.0116796 0.4212691 0.0435976 0.0580063 0.0190501 0.0191037 0.0231661 0.0657801 0.0428563 0.3735780 0.0125727 0.0207186 0.0614118 0.0787681 0.0110797 0.0125363 0.0872397 0.0269303 0.3869774 
Perityle_angustifolia_13_Eagle_creek       0.2427219 0.0622874 0.1966773 0.0772316 0.1916296 0.3480365 0.2823056 0.0876386 0.0647530 0.0769299 0.0437651 0.0000000 0.0571446 0.0834173 0.2455932 0.0837232 0.0985055 0.0532232 0.0932543 0.0716416 0.0528644 0.0418496 0.0829778 0.0606815 0.0649961 0.2338380 0.0994964 0.1078932 0.0739802 0.0579502 0.0879466 0.0871545 0.0475467 0.0736723 0.0714571 0.0428001 0.0576351 0.0930991 0.0793519 0.0811094 0.0846327 0.1550263 0.0855165 0.0879246 0.1009405 0.0540680 0.0797722 0.0633921 0.0793675 0.0381708 0.1866243 0.0607842 0.0463542 0.0953639 0.0680137 0.0929575 0.0837255 0.0564102 0.0321540 0.0777119 0.2304543 0.0757683 0.0816226 0.0785987 0.0913768 0.0571090 0.0953105 0.0954891 0.2167979 0.0705476 0.2059241 0.0735782 0.0694923 0.0701476 0.0779497 0.1374887 0.0862520 0.2226405 
Perityle_batopilensis_97                   0.3770644 0.0648544 0.2227543 0.0791041 0.2208794 0.3461975 0.3520969 0.0913060 0.0870716 0.0680213 0.0388713 0.0571446 0.0000000 0.0666891 0.3001358 0.0730056 0.0740319 0.0352166 0.0660984 0.0606642 0.0617917 0.0560839 0.0632493 0.0384035 0.0813856 0.3475249 0.1063697 0.1400589 0.0934212 0.0727722 0.0920020 0.0773487 0.0224204 0.0569910 0.0585706 0.0227988 0.0520451 0.0657563 0.0746743 0.0746510 0.0694694 0.1077509 0.0714547 0.0721154 0.0855166 0.0566759 0.0702317 0.0435728 0.0377791 0.0567716 0.2935631 0.0683905 0.0434624 0.0590214 0.0409153 0.0881996 0.0923821 0.0408154 0.0441159 0.0706578 0.3400659 0.0316141 0.0870085 0.0673813 0.0711915 0.0524073 0.0964790 0.0764129 0.3414143 0.0792325 0.0755431 0.0920073 0.0725327 0.0693272 0.0710495 0.1358304 0.0722079 0.3296511 
Perityle_bisetosa_9                        0.4987147 0.2107615 0.3252237 0.1707355 0.3150185 0.3567484 0.5019896 0.2716540 0.0776389 0.0176474 0.0094680 0.0834173 0.0666891 0.0000000 0.4973321 0.2070799 0.0208371 0.0325798 0.0182583 0.0047591 0.0387166 0.0324706 0.0259430 0.0716161 0.0561461 0.4670073 0.1487353 0.0945075 0.1551366 0.0645477 0.2197087 0.0253062 0.1904208 0.0090608 0.0799304 0.0709965 0.1020614 0.0134789 0.0948948 0.0915668 0.0186597 0.2791667 0.0156020 0.0167288 0.2126521 0.0688223 0.0233188 0.0234570 0.0810438 0.0724620 0.3888813 0.0510820 0.1073276 0.0284764 0.0117647 0.1022797 0.0970404 0.2975382 0.0420382 0.0201195 0.3543080 0.0630731 0.0880000 0.0138762 0.0140548 0.0407509 0.2966272 0.0274083 0.4706449 0.0187372 0.1036954 0.0938381 0.0802934 0.0035797 0.0269649 0.2560555 0.0111339 0.4272081 
Perityle_californica_76_positas            0.2379350 0.4370006 0.5834555 0.3815117 0.4341386 0.1353030 0.5226212 0.5515366 0.3173681 0.2980652 0.3160355 0.2455932 0.3001358 0.4973321 0.0000000 0.3761853 0.2839638 0.2339659 0.3198679 0.2641583 0.2898993 0.2396915 0.4594617 0.5237317 0.4631982 0.0944669 0.2880480 0.3040899 0.3984086 0.2126959 0.3619840 0.4188806 0.4051915 0.4264045 0.4924780 0.3118099 0.6880398 0.3071805 0.2657069 0.5328603 0.4265077 0.4121529 0.3050753 0.2701400 0.4819614 0.3570591 0.3033958 0.4063305 0.5171524 0.3599008 0.1183843 0.3031008 0.2703642 0.5240174 0.2086872 0.2558869 0.2995308 0.4688766 0.2660530 0.2218679 0.0915169 0.3847088 0.3944790 0.2920466 0.5406144 0.2950924 0.5145952 0.3189471 0.1314903 0.4966766 0.2443235 0.4986225 0.5234933 0.2999952 0.4177435 0.5701377 0.2849166 0.0463639 
Perityle_canescens_77                      0.4828652 0.1805027 0.3622975 0.1995631 0.3386822 0.3562814 0.5737264 0.2582479 0.1161466 0.0669568 0.0968241 0.0837232 0.0730056 0.2070799 0.3761853 0.0000000 0.1266721 0.0915200 0.1712848 0.0494068 0.0673057 0.0646773 0.2016824 0.2266378 0.1092624 0.5180397 0.1813132 0.1168118 0.2145219 0.0716155 0.2592915 0.2118764 0.1411442 0.1877620 0.2085805 0.0731914 0.2795582 0.1093012 0.0728944 0.2020647 0.2131460 0.2742664 0.0654572 0.0849532 0.2151471 0.1392242 0.0877458 0.1948119 0.1965586 0.2007572 0.3558059 0.0800255 0.1439134 0.2003942 0.0362697 0.1744651 0.1122849 0.3976325 0.0600578 0.0559100 0.4221005 0.2212807 0.2092667 0.0562403 0.2197633 0.0747072 0.2201822 0.1098600 0.4407983 0.2464675 0.0862208 0.2230160 0.2076709 0.0723200 0.2064643 0.3165893 0.0795276 0.4322774 
Perityle_castillonii_96                    0.4052683 0.1147471 0.2403212 0.2009678 0.2297605 0.3584297 0.4191722 0.1460860 0.0894341 0.0246670 0.0252330 0.0985055 0.0740319 0.0208371 0.2839638 0.1266721 0.0000000 0.0535478 0.0347327 0.0094277 0.0379853 0.0329577 0.0430431 0.0739587 0.0659552 0.4190354 0.1553700 0.1025818 0.1465904 0.0656878 0.1790025 0.0355531 0.1536274 0.0241454 0.0863400 0.0786131 0.1014093 0.0133639 0.1030310 0.1001590 0.0372294 0.1902417 0.0186595 0.0166256 0.1522055 0.0901459 0.0298050 0.0318600 0.0673252 0.0953618 0.3256757 0.0586097 0.1157903 0.0456326 0.0192558 0.1254294 0.1065260 0.2062083 0.0510464 0.0315240 0.3911498 0.0677845 0.0844803 0.0232742 0.0305401 0.0366851 0.1059434 0.0271711 0.3846672 0.0332766 0.1058701 0.0893025 0.0801517 0.0106521 0.0367324 0.1629629 0.0073736 0.3719834 
Perityle_cernua_84                         0.3304022 0.0737880 0.1672699 0.1455742 0.1930927 0.3363783 0.3395937 0.0846349 0.0527401 0.0494563 0.0330816 0.0532232 0.0352166 0.0325798 0.2339659 0.0915200 0.0535478 0.0000000 0.0407417 0.0550846 0.0261438 0.0200705 0.0405573 0.0152327 0.0630073 0.3064107 0.1045414 0.0991334 0.0916273 0.0422441 0.0942322 0.0389855 0.0773028 0.0309845 0.0464299 0.0269724 0.0271067 0.0576586 0.0747896 0.0523745 0.0390705 0.1384369 0.0504589 0.0581222 0.0981210 0.0259943 0.0497030 0.0216457 0.0134411 0.0168088 0.2566499 0.0484304 0.0310145 0.0427225 0.0201218 0.0934098 0.0694130 0.0373546 0.0225075 0.0346232 0.3006390 0.0135082 0.0431907 0.0573392 0.0430267 0.0261393 0.0431678 0.0622964 0.2778383 0.0611798 0.1593992 0.0424548 0.0468955 0.0462717 0.0424003 0.1109422 0.0520048 0.2729966 
Perityle_cfvillosa_25_tin                  0.4115940 0.1515414 0.2801327 0.1959597 0.2569099 0.3803895 0.4303917 0.1589457 0.0931684 0.0425345 0.0281314 0.0932543 0.0660984 0.0182583 0.3198679 0.1712848 0.0347327 0.0407417 0.0000000 0.0190795 0.0482816 0.0377135 0.0314583 0.0730931 0.0822549 0.4894757 0.1600631 0.1137397 0.1635669 0.0649902 0.2024796 0.0283242 0.1440516 0.0154126 0.0677746 0.0738662 0.1000832 0.0000010 0.0919673 0.1219040 0.0288937 0.2590858 0.0000010 0.0040720 0.1596330 0.0893923 0.0467422 0.0253994 0.0611630 0.0815902 0.3423859 0.0789772 0.1205750 0.0211032 0.0262016 0.1061392 0.1059715 0.2715562 0.0517749 0.0314539 0.3792773 0.0686397 0.0742494 0.0326093 0.0222929 0.0515318 0.1393624 0.0099962 0.4183298 0.0385020 0.0948290 0.0775522 0.0621855 0.0213406 0.0332788 0.1811021 0.0000010 0.4145770 
Perityle_cinerea_113_Powell1310            0.3293863 0.0566787 0.1153229 0.0624061 0.1196782 0.3293292 0.3361477 0.0732216 0.0636121 0.0337284 0.0198434 0.0716416 0.0606642 0.0047591 0.2641583 0.0494068 0.0094277 0.0550846 0.0190795 0.0000000 0.0457061 0.0447810 0.0191844 0.0564587 0.0599954 0.3038108 0.0913373 0.1039559 0.0836847 0.0677107 0.0701086 0.0287267 0.0266548 0.0096356 0.0585340 0.0695940 0.0448469 0.0143707 0.0920687 0.0728993 0.0238221 0.0455083 0.0146079 0.0200893 0.0976300 0.0496442 0.0286530 0.0252624 0.0598758 0.0668903 0.2560957 0.0505317 0.0639488 0.0238221 0.0096420 0.0791296 0.0824117 0.0590996 0.0552070 0.0297860 0.2767772 0.0411016 0.0563494 0.0144687 0.0143302 0.0443623 0.0859703 0.0191789 0.2867130 0.0096819 0.0059824 0.0669721 0.0677445 0.0144610 0.0241674 0.0991974 0.0199078 0.2952516 
Perityle_coahuilensis_24                   0.3447014 0.0670733 0.1857226 0.0809181 0.1631952 0.3082742 0.3530585 0.0540731 0.0754547 0.0567308 0.0278489 0.0528644 0.0617917 0.0387166 0.2898993 0.0673057 0.0379853 0.0261438 0.0482816 0.0457061 0.0000000 0.0094924 0.0316312 0.0387117 0.0715132 0.3363867 0.0696745 0.1238684 0.0582269 0.0752649 0.0568481 0.0376823 0.0173422 0.0386740 0.0473038 0.0676272 0.0000010 0.0559006 0.0798080 0.0553358 0.0473177 0.0849210 0.0494806 0.0479120 0.0857689 0.0075129 0.0607275 0.0232356 0.0412783 0.0487844 0.2611939 0.0733549 0.0430716 0.0441576 0.0197931 0.0692784 0.0909913 0.0145689 0.0533151 0.0430479 0.3315893 0.0425123 0.0632699 0.0631069 0.0528031 0.0036376 0.0627644 0.0670218 0.3054793 0.0517680 0.0545273 0.0685725 0.0677445 0.0511065 0.0383613 0.1369802 0.0473013 0.3163857 
Perityle_cochisensis_44_cave_creek         0.2934960 0.0514124 0.1673529 0.0780047 0.1481172 0.3266021 0.2950064 0.0675116 0.0727405 0.0484692 0.0149722 0.0418496 0.0560839 0.0324706 0.2396915 0.0646773 0.0329577 0.0200705 0.0377135 0.0447810 0.0094924 0.0000000 0.0300773 0.0252782 0.0755973 0.2673366 0.0788675 0.1268775 0.0491874 0.0730288 0.0658733 0.0373897 0.0161075 0.0229142 0.0318502 0.0545482 0.0000010 0.0449427 0.0593679 0.0433422 0.0346360 0.1111730 0.0494873 0.0486818 0.0672233 0.0035492 0.0465312 0.0210843 0.0350204 0.0329672 0.2194329 0.0601802 0.0338947 0.0401139 0.0212099 0.0611241 0.0797410 0.0261292 0.0453193 0.0317445 0.2611831 0.0331862 0.0543471 0.0523688 0.0405414 0.0036103 0.0532521 0.0555097 0.2563245 0.0519542 0.0631105 0.0557152 0.0475083 0.0376793 0.0274139 0.1150147 0.0431220 0.2585134 
Perityle_congesta_202                      0.5033479 0.1913161 0.3074496 0.1718594 0.2987389 0.3691273 0.5005851 0.2345220 0.0802210 0.0176289 0.0000010 0.0829778 0.0632493 0.0259430 0.4594617 0.2016824 0.0430431 0.0405573 0.0314583 0.0191844 0.0316312 0.0300773 0.0000000 0.0801804 0.0599028 0.4671174 0.1489765 0.0980629 0.1649397 0.0649902 0.2236138 0.0264464 0.1879449 0.0191547 0.0863676 0.0666056 0.1159590 0.0271526 0.0915123 0.0923006 0.0248316 0.2764391 0.0218497 0.0252222 0.1997623 0.0761153 0.0098681 0.0219676 0.0811958 0.0817297 0.4161206 0.0428551 0.1179302 0.0110618 0.0083040 0.1080053 0.0791277 0.3024142 0.0380676 0.0220517 0.3759959 0.0685250 0.0920342 0.0234206 0.0256839 0.0331077 0.2358142 0.0380240 0.4441875 0.0407048 0.1140129 0.0965081 0.0896421 0.0180203 0.0281186 0.2587900 0.0148956 0.4244495 
Perityle_cordifolia_27                     0.5435482 0.2041574 0.3691029 0.1759650 0.3284702 0.3513330 0.5724407 0.2974589 0.0694097 0.0608838 0.0467265 0.0606815 0.0384035 0.0716161 0.5237317 0.2266378 0.0739587 0.0152327 0.0730931 0.0564587 0.0387117 0.0252782 0.0801804 0.0000000 0.0710642 0.5298707 0.1671241 0.1158946 0.1455276 0.0582506 0.2434047 0.0823291 0.1634925 0.0787845 0.1008503 0.0309556 0.0630453 0.0657237 0.0819382 0.1287687 0.0716209 0.2960338 0.0601760 0.0782947 0.2200767 0.0597130 0.0604359 0.0703306 0.0339598 0.0512438 0.4128928 0.0674004 0.1094453 0.0836843 0.0557354 0.1094776 0.0656999 0.3036581 0.0188693 0.0412307 0.3984213 0.0126492 0.1270383 0.0636458 0.0794815 0.0414028 0.3054838 0.0777428 0.5367777 0.1174123 0.1646503 0.1141448 0.0939977 0.0582609 0.0811281 0.2634843 0.0690301 0.4700216 
Perityle_cordifolia_68_tecolote            0.4771613 0.0851340 0.3268670 0.1121980 0.2605658 0.3571070 0.5347930 0.3457526 0.0887088 0.0628128 0.0596890 0.0649961 0.0813856 0.0561461 0.4631982 0.1092624 0.0659552 0.0630073 0.0822549 0.0599954 0.0715132 0.0755973 0.0599028 0.0710642 0.0000000 0.3689190 0.1176293 0.1190429 0.1007663 0.0792007 0.1071376 0.0759793 0.1110310 0.0509435 0.0782050 0.0747776 0.0740079 0.1012555 0.0967164 0.0809072 0.0637125 0.1243571 0.0791899 0.0993621 0.1311334 0.0965632 0.0774985 0.0498870 0.0786794 0.0746662 0.3449714 0.0074063 0.0780333 0.0702663 0.0438442 0.1208036 0.0923139 0.1228607 0.0475009 0.0613679 0.3531616 0.0612864 0.0741267 0.0675270 0.0639654 0.0797448 0.2806509 0.1151333 0.5277109 0.0783797 0.0972734 0.0862284 0.0828668 0.0640509 0.0619953 0.1672280 0.0833985 0.3276411 
Perityle_coronopifolia_28_patagonia        0.1848030 0.5140388 0.4844526 0.5496312 0.4822490 0.1891765 0.4556494 0.4595001 0.3918338 0.3652432 0.4457204 0.2338380 0.3475249 0.4670073 0.0944669 0.5180397 0.4190354 0.3064107 0.4894757 0.3038108 0.3363867 0.2673366 0.4671174 0.5298707 0.3689190 0.0000000 0.4299644 0.3592257 0.3683769 0.2702086 0.5293619 0.4648218 0.4674994 0.4561809 0.4444645 0.3537151 0.6640622 0.4106446 0.3166519 0.5032817 0.4830677 0.5182332 0.3581845 0.3194916 0.4873611 0.5217104 0.3874241 0.4574943 0.4303407 0.3909560 0.1067076 0.3470815 0.4572487 0.4627288 0.3319640 0.4151031 0.3724430 0.6978743 0.3110420 0.2855499 0.0617573 0.5041261 0.4735394 0.3257770 0.4621012 0.3478753 0.4459056 0.3979635 0.1349620 0.6598531 0.3994266 0.4501634 0.4521826 0.3629440 0.4657397 0.6601911 0.3432540 0.1300302 
Perityle_crassifolia_70_ventanas           0.4193616 0.1737299 0.2602143 0.1901409 0.2507700 0.3478987 0.4795579 0.0312008 0.1289904 0.0947681 0.1409845 0.0994964 0.1063697 0.1487353 0.2880480 0.1813132 0.1553700 0.1045414 0.1600631 0.0913373 0.0696745 0.0788675 0.1489765 0.1671241 0.1176293 0.4299644 0.0000000 0.1135425 0.1445062 0.0437179 0.0282373 0.1541395 0.1390459 0.1464319 0.1416608 0.0983560 0.2246444 0.1554128 0.0910217 0.1511131 0.1606552 0.2304912 0.0931844 0.1041492 0.1281691 0.1914642 0.1397944 0.1397712 0.1492930 0.1427488 0.3646365 0.0815029 0.1731371 0.1464840 0.0483562 0.2175106 0.1556050 0.3231363 0.0832269 0.0675226 0.3908226 0.1600744 0.1430940 0.1076137 0.1671319 0.0736091 0.0415909 0.1522543 0.4183698 0.2267491 0.2226865 0.1582767 0.1643329 0.1096258 0.1614135 0.2895897 0.0961674 0.4023378 
Perityle_crassifolia_74_playa_balandra     0.3454015 0.1181060 0.2567302 0.1289276 0.2363640 0.3342291 0.3813942 0.1171018 0.1305087 0.1208563 0.1101940 0.1078932 0.1400589 0.0945075 0.3040899 0.1168118 0.1025818 0.0991334 0.1137397 0.1039559 0.1238684 0.1268775 0.0980629 0.1158946 0.1190429 0.3592257 0.1135425 0.0000000 0.1199063 0.0436185 0.1104662 0.1052865 0.0847355 0.0954537 0.0992351 0.1424471 0.1431546 0.1278667 0.1229329 0.1072272 0.1161395 0.1098151 0.1149823 0.1322462 0.1309492 0.1382493 0.1245435 0.0886901 0.1134758 0.1119000 0.3019081 0.1181641 0.1239151 0.1130074 0.0931042 0.0804697 0.1142978 0.1701587 0.1000572 0.1045782 0.3375477 0.1046528 0.0723010 0.1094946 0.1112875 0.1336472 0.1090931 0.1351615 0.3576974 0.1037338 0.1608783 0.0777223 0.1142106 0.1174760 0.1065056 0.1831741 0.1208310 0.3302642 
Perityle_cuneata_34_cuneata_San_antonio    0.3868840 0.1738442 0.3169382 0.2113035 0.2950429 0.2815565 0.4902518 0.2393455 0.1108006 0.1133470 0.1577683 0.0739802 0.0934212 0.1551366 0.3984086 0.2145219 0.1465904 0.0916273 0.1635669 0.0836847 0.0582269 0.0491874 0.1649397 0.1455276 0.1007663 0.3683769 0.1445062 0.1199063 0.0000000 0.0567347 0.1491875 0.1680665 0.2041041 0.1652405 0.1535673 0.0856564 0.2176492 0.1546136 0.1002820 0.1475010 0.1754756 0.2286975 0.1175710 0.1330644 0.1570600 0.1916081 0.1286236 0.1690876 0.1508154 0.1412351 0.3024099 0.0834834 0.1768628 0.1581620 0.0498843 0.2132426 0.1096865 0.3195036 0.0693865 0.0738291 0.3095431 0.1574105 0.1604013 0.0856081 0.1614202 0.0688691 0.1888481 0.1650341 0.3966955 0.2750396 0.2270451 0.1532513 0.1398854 0.1123554 0.1720568 0.3321482 0.1272745 0.2950571 
Perityle_cuneata_4                         0.2827639 0.0215233 0.0754626 0.0375147 0.1644417 0.3189856 0.2898756 0.0315757 0.0367748 0.0797810 0.0512263 0.0579502 0.0727722 0.0645477 0.2126959 0.0716155 0.0656878 0.0422441 0.0649902 0.0677107 0.0752649 0.0730288 0.0649902 0.0582506 0.0792007 0.2702086 0.0437179 0.0436185 0.0567347 0.0000000 0.0222812 0.0720971 0.0153403 0.0654668 0.0537474 0.0709507 0.0731863 0.0715400 0.0724678 0.0655113 0.0720158 0.0433622 0.0742037 0.0779006 0.0807883 0.0800631 0.0794964 0.0219571 0.0649053 0.0516601 0.2162700 0.0583136 0.0692522 0.0645477 0.0645865 0.0570748 0.0505475 0.0306636 0.0648046 0.0746105 0.2190492 0.0500506 0.0509869 0.0715400 0.0672304 0.0720294 0.0444274 0.0720597 0.2764421 0.0592310 0.0779006 0.0596847 0.0667432 0.0663140 0.0730982 0.0607305 0.0768144 0.2457880 
Perityle_discoidea_81                      0.5186592 0.2049651 0.3485836 0.1750142 0.3154498 0.3641244 0.5446373 0.0045138 0.1134227 0.0748828 0.1133498 0.0879466 0.0920020 0.2197087 0.3619840 0.2592915 0.1790025 0.0942322 0.2024796 0.0701086 0.0568481 0.0658733 0.2236138 0.2434047 0.1071376 0.5293619 0.0282373 0.1104662 0.1491875 0.0222812 0.0000000 0.2280339 0.1630527 0.2132450 0.2162533 0.0779148 0.3361688 0.1324898 0.0858666 0.2231635 0.2299137 0.2330051 0.0792122 0.0849675 0.1835370 0.2055608 0.1174644 0.2160368 0.2282779 0.2111912 0.4576348 0.0735007 0.1987074 0.2201008 0.0363044 0.2244128 0.1327131 0.4581547 0.0743411 0.0550145 0.4383145 0.2382305 0.2179792 0.0874255 0.2345016 0.0541398 0.0195680 0.1292132 0.4861153 0.3101587 0.2034145 0.2295347 0.2443949 0.0894592 0.2325236 0.3982341 0.0792400 0.4949620 
Perityle_dissecta_201                      0.4763994 0.2146423 0.3013752 0.1920724 0.2905249 0.3797591 0.4616561 0.2085685 0.0954364 0.0173381 0.0217548 0.0871545 0.0773487 0.0253062 0.4188806 0.2118764 0.0355531 0.0389855 0.0283242 0.0287267 0.0376823 0.0373897 0.0264464 0.0823291 0.0759793 0.4648218 0.1541395 0.1052865 0.1680665 0.0720971 0.2280339 0.0000000 0.1721823 0.0182399 0.0929275 0.0820306 0.1225176 0.0406199 0.0990721 0.1041453 0.0310652 0.2865934 0.0309701 0.0373513 0.2081424 0.0750960 0.0330116 0.0191617 0.0810760 0.0775646 0.3982252 0.0581510 0.1234473 0.0273397 0.0114262 0.1133777 0.1058078 0.3059520 0.0507847 0.0152654 0.3772262 0.0701480 0.0937001 0.0418952 0.0318635 0.0399857 0.1930101 0.0515435 0.4238178 0.0437612 0.1227736 0.0975508 0.0947986 0.0250278 0.0204565 0.2754411 0.0257722 0.4278514 
Perityle_emoryi_47_punta_san_jose          0.4917874 0.1758142 0.3743554 0.1434625 0.2971680 0.3101810 0.5247726 0.3070992 0.0388737 0.0322549 0.0351547 0.0475467 0.0224204 0.1904208 0.4051915 0.1411442 0.1536274 0.0773028 0.1440516 0.0266548 0.0173422 0.0161075 0.1879449 0.1634925 0.1110310 0.4674994 0.1390459 0.0847355 0.2041041 0.0153403 0.1630527 0.1721823 0.0000000 0.1678529 0.2034005 0.0165606 0.1856983 0.0268442 0.1603606 0.2008168 0.1744207 0.1647177 0.0248403 0.0332213 0.2658237 0.0476632 0.0340250 0.1630866 0.1674268 0.1157550 0.4303962 0.0427556 0.0527988 0.1939876 0.0917639 0.0885423 0.0519574 0.2154956 0.0207522 0.0562357 0.3747400 0.1272083 0.1610099 0.0307951 0.2012623 0.0159280 0.2647807 0.0389030 0.5059016 0.1315529 0.0781135 0.2174484 0.1969801 0.0247946 0.1858778 0.2345137 0.0296912 0.4609113 
Perityle_fosteri_93                        0.4695798 0.1957821 0.2920856 0.1653250 0.2783536 0.3600463 0.4730113 0.2456114 0.0720926 0.0143127 0.0000010 0.0736723 0.0569910 0.0090608 0.4264045 0.1877620 0.0241454 0.0309845 0.0154126 0.0096356 0.0386740 0.0229142 0.0191547 0.0787845 0.0509435 0.4561809 0.1464319 0.0954537 0.1652405 0.0654668 0.2132450 0.0182399 0.1678529 0.0000000 0.0762157 0.0590053 0.1147471 0.0208062 0.0986234 0.0843174 0.0099232 0.2607926 0.0221793 0.0254443 0.2097496 0.0728607 0.0100801 0.0118401 0.0800705 0.0626256 0.3946739 0.0432104 0.0986864 0.0236316 0.0037668 0.0949305 0.0761359 0.2857036 0.0319228 0.0156351 0.3602527 0.0565915 0.0831161 0.0140466 0.0192546 0.0412213 0.2338381 0.0351120 0.4141487 0.0155562 0.1020201 0.0823568 0.0820426 0.0036160 0.0179207 0.2433401 0.0150609 0.4105151 
Perityle_gamon_221                         0.4781716 0.1683026 0.3241999 0.1867179 0.3211153 0.3499562 0.5236075 0.2879741 0.0659241 0.0626576 0.0584235 0.0714571 0.0585706 0.0799304 0.4924780 0.2085805 0.0863400 0.0464299 0.0677746 0.0585340 0.0473038 0.0318502 0.0863676 0.1008503 0.0782050 0.4444645 0.1416608 0.0992351 0.1535673 0.0537474 0.2162533 0.0929275 0.2034005 0.0762157 0.0000000 0.0443131 0.1371014 0.0758021 0.0811382 0.0151698 0.0838914 0.2760477 0.0622835 0.0852089 0.1988820 0.0924084 0.0583082 0.0793832 0.0952372 0.0906125 0.4177557 0.0647739 0.0993388 0.0920209 0.0385483 0.0570828 0.0541230 0.2751045 0.0403855 0.0530244 0.3442086 0.0882067 0.0828554 0.0714150 0.0875376 0.0503653 0.2697729 0.0844191 0.4693895 0.1025113 0.1817642 0.0874559 0.0431066 0.0599945 0.0901329 0.2072566 0.0704906 0.3927395 
Perityle_gentryi_8_san_francisco           0.3764793 0.0618204 0.1982890 0.0682178 0.2152129 0.3395999 0.3658431 0.0725324 0.0850856 0.0785121 0.0475499 0.0428001 0.0227988 0.0709965 0.3118099 0.0731914 0.0786131 0.0269724 0.0738662 0.0695940 0.0676272 0.0545482 0.0666056 0.0309556 0.0747776 0.3537151 0.0983560 0.1424471 0.0856564 0.0709507 0.0779148 0.0820306 0.0165606 0.0590053 0.0443131 0.0000000 0.0658412 0.0753788 0.0696268 0.0672467 0.0734884 0.0720907 0.0750612 0.0844229 0.0780902 0.0700338 0.0775742 0.0400105 0.0299853 0.0428293 0.2849645 0.0635948 0.0448505 0.0654296 0.0484706 0.0802632 0.0836256 0.0361760 0.0353105 0.0724421 0.3374603 0.0193702 0.0808595 0.0754222 0.0800530 0.0657743 0.0943794 0.0861869 0.3326773 0.0757516 0.0848083 0.0859505 0.0637074 0.0747486 0.0711286 0.0867375 0.0771526 0.3427461 
Perityle_gilensis_22_Superstition          0.7764844 0.2099707 0.5586950 0.1874739 0.4659908 0.3587879 0.7019775 0.5334559 0.0910142 0.0571236 0.0481595 0.0576351 0.0520451 0.1020614 0.6880398 0.2795582 0.1014093 0.0271067 0.1000832 0.0448469 0.0000010 0.0000010 0.1159590 0.0630453 0.0740079 0.6640622 0.2246444 0.1431546 0.2176492 0.0731863 0.3361688 0.1225176 0.1856983 0.1147471 0.1371014 0.0658412 0.0000000 0.0477747 0.1810619 0.1362932 0.1173364 0.2522444 0.0520956 0.0479120 0.3518422 0.0079847 0.0603496 0.1017831 0.0638262 0.0576954 0.6053112 0.0679537 0.1292396 0.1076405 0.0212155 0.1092854 0.0921073 0.2691799 0.0600626 0.0377742 0.5171259 0.0613723 0.1725583 0.0619718 0.1075490 0.0000010 0.4748793 0.0563765 0.6832376 0.1179494 0.0524971 0.1652048 0.1456690 0.0479338 0.1152182 0.2428141 0.0447348 0.6052960 
Perityle_gracilis_11                       0.4417632 0.0721491 0.2342310 0.1259608 0.2482408 0.3551890 0.4190161 0.1338718 0.1062965 0.0452574 0.0282092 0.0930991 0.0657563 0.0134789 0.3071805 0.1093012 0.0133639 0.0576586 0.0000010 0.0143707 0.0559006 0.0449427 0.0271526 0.0657237 0.1012555 0.4106446 0.1554128 0.1278667 0.1546136 0.0715400 0.1324898 0.0406199 0.0268442 0.0208062 0.0758021 0.0753788 0.0477747 0.0000000 0.0881611 0.0924969 0.0369475 0.1167066 0.0000010 0.0041075 0.0926681 0.0529471 0.0489118 0.0318393 0.0646056 0.0928322 0.3082249 0.0811868 0.0801336 0.0200707 0.0000010 0.0848876 0.1062498 0.0669723 0.0664869 0.0349256 0.3859054 0.0472220 0.0826444 0.0326786 0.0239736 0.0503683 0.0949576 0.0067676 0.3503668 0.0273480 0.0048560 0.0787337 0.0814520 0.0182023 0.0305496 0.0913056 0.0000010 0.3534338 
Perityle_harkerae_31                       0.2995340 0.0983140 0.1671805 0.1369641 0.1659370 0.3414815 0.3446698 0.0814326 0.0765338 0.0921430 0.1072125 0.0793519 0.0746743 0.0948948 0.2657069 0.0728944 0.1030310 0.0747896 0.0919673 0.0920687 0.0798080 0.0593679 0.0915123 0.0819382 0.0967164 0.3166519 0.0910217 0.1229329 0.1002820 0.0724678 0.0858666 0.0990721 0.1603606 0.0986234 0.0811382 0.0696268 0.1810619 0.0881611 0.0000000 0.0880024 0.0958711 0.1585400 0.0772604 0.1046520 0.0117487 0.1714245 0.0876967 0.0968226 0.0797006 0.0975746 0.2631351 0.0889530 0.1048405 0.0914008 0.0487113 0.1368293 0.0938744 0.1585835 0.0686005 0.0616769 0.2850610 0.0755455 0.0948189 0.0968615 0.0910341 0.0918168 0.0670135 0.0984565 0.3396628 0.1607554 0.1760419 0.1049831 0.0771575 0.0888534 0.0986872 0.1557591 0.0925580 0.2894573 
Perityle_hofmeisteria_4_nombre_de_dios     0.4808547 0.1779334 0.3627062 0.1939975 0.3375575 0.3485425 0.5192767 0.2900315 0.0819974 0.0765570 0.0742020 0.0811094 0.0746510 0.0915668 0.5328603 0.2020647 0.1001590 0.0523745 0.1219040 0.0728993 0.0553358 0.0433422 0.0923006 0.1287687 0.0809072 0.5032817 0.1511131 0.1072272 0.1475010 0.0655113 0.2231635 0.1041453 0.2008168 0.0843174 0.0151698 0.0672467 0.1362932 0.0924969 0.0880024 0.0000000 0.0967006 0.2805800 0.0703650 0.0973732 0.1946011 0.1021054 0.0786723 0.0879105 0.0966755 0.0970277 0.4208418 0.0754674 0.1090758 0.0977936 0.0960059 0.0717150 0.0653647 0.2765240 0.0549282 0.0603431 0.3536909 0.1287725 0.0898029 0.0736753 0.0963899 0.0643938 0.2824029 0.1011121 0.5337990 0.1198478 0.1808254 0.1021917 0.0574392 0.0742445 0.1012310 0.2160325 0.0814364 0.4539207 
Perityle_huecosensis_48                    0.4853309 0.2015705 0.3156957 0.2064239 0.3029974 0.3834908 0.4763648 0.2055461 0.0816959 0.0208308 0.0123363 0.0846327 0.0694694 0.0186597 0.4265077 0.2131460 0.0372294 0.0390705 0.0288937 0.0238221 0.0473177 0.0346360 0.0248316 0.0716209 0.0637125 0.4830677 0.1606552 0.1161395 0.1754756 0.0720158 0.2299137 0.0310652 0.1744207 0.0099232 0.0838914 0.0734884 0.1173364 0.0369475 0.0958711 0.0967006 0.0000000 0.2896310 0.0372921 0.0459676 0.2085224 0.0862523 0.0228939 0.0251821 0.0737935 0.0769807 0.3890480 0.0540119 0.1164125 0.0313864 0.0126555 0.1021074 0.1044705 0.2995486 0.0439511 0.0241939 0.3832872 0.0695635 0.0922040 0.0322882 0.0188834 0.0513370 0.1945371 0.0512272 0.4290541 0.0231012 0.1173756 0.0926827 0.0870138 0.0212814 0.0310395 0.2599813 0.0333387 0.4429022 
Perityle_incana_3_ucla                     0.5848042 0.1651207 0.4187340 0.1248065 0.4197057 0.3855666 0.5481228 0.2226196 0.1067856 0.0879433 0.0777420 0.1550263 0.1077509 0.2791667 0.4121529 0.2742664 0.1902417 0.1384369 0.2590858 0.0455083 0.0849210 0.1111730 0.2764391 0.2960338 0.1243571 0.5182332 0.2304912 0.1098151 0.2286975 0.0433622 0.2330051 0.2865934 0.1647177 0.2607926 0.2760477 0.0720907 0.2522444 0.1167066 0.1585400 0.2805800 0.2896310 0.0000000 0.0937591 0.0675084 0.2431741 0.1158428 0.1107060 0.2511460 0.2952366 0.2594417 0.4985787 0.0781212 0.1567002 0.2821667 0.1093933 0.1598102 0.0967968 0.2892827 0.0644841 0.1480667 0.4171621 0.2922564 0.2596361 0.0596386 0.2892938 0.0878545 0.2127863 0.1215344 0.4800203 0.2481926 0.0911096 0.2659088 0.2673103 0.0926294 0.2800145 0.3073100 0.0960516 0.5114703 
Perityle_intricata_59_Clark_mtns           0.3611556 0.0784890 0.1932029 0.0876961 0.1914866 0.3280189 0.3861509 0.0778950 0.0857836 0.0468529 0.0339625 0.0855165 0.0714547 0.0156020 0.3050753 0.0654572 0.0186595 0.0504589 0.0000010 0.0146079 0.0494806 0.0494873 0.0218497 0.0601760 0.0791899 0.3581845 0.0931844 0.1149823 0.1175710 0.0742037 0.0792122 0.0309701 0.0248403 0.0221793 0.0622835 0.0750612 0.0520956 0.0000010 0.0772604 0.0703650 0.0372921 0.0937591 0.0000000 0.0040710 0.0841082 0.0572026 0.0499917 0.0295312 0.0590530 0.0846818 0.2876121 0.0841445 0.0693199 0.0153548 0.0000010 0.0836690 0.0993471 0.0577880 0.0589582 0.0397836 0.3499237 0.0433797 0.0678290 0.0379233 0.0286739 0.0523195 0.0862792 0.0071510 0.3325615 0.0317728 0.0049250 0.0655597 0.0683978 0.0218830 0.0316147 0.1434757 0.0000010 0.3280561 
Perityle_inyoensis_9_pleasant              0.3598472 0.0878320 0.1692922 0.0864228 0.1900409 0.3049131 0.3587304 0.0818746 0.1044849 0.0508367 0.0388076 0.0879246 0.0721154 0.0167288 0.2701400 0.0849532 0.0166256 0.0581222 0.0040720 0.0200893 0.0479120 0.0486818 0.0252222 0.0782947 0.0993621 0.3194916 0.1041492 0.1322462 0.1330644 0.0779006 0.0849675 0.0373513 0.0332213 0.0254443 0.0852089 0.0844229 0.0479120 0.0041075 0.1046520 0.0973732 0.0459676 0.0675084 0.0040710 0.0000000 0.1101553 0.0525976 0.0549417 0.0350519 0.0762941 0.0864265 0.2474556 0.0860710 0.0810550 0.0246768 0.0042261 0.0837694 0.1040277 0.0567197 0.0823089 0.0389739 0.3162929 0.0549024 0.0794441 0.0391088 0.0299686 0.0479120 0.0994127 0.0040877 0.2699399 0.0339456 0.0000010 0.0797896 0.0878625 0.0208757 0.0337205 0.1084410 0.0040771 0.2941186 
Perityle_jaliscana_203                     0.4662808 0.1987620 0.3505468 0.1677131 0.3307220 0.3627480 0.5729725 0.1890930 0.0898507 0.1000223 0.1116958 0.1009405 0.0855166 0.2126521 0.4819614 0.2151471 0.1522055 0.0981210 0.1596330 0.0976300 0.0857689 0.0672233 0.1997623 0.2200767 0.1311334 0.4873611 0.1281691 0.1309492 0.1570600 0.0807883 0.1835370 0.2081424 0.2658237 0.2097496 0.1988820 0.0780902 0.3518422 0.0926681 0.0117487 0.1946011 0.2085224 0.2431741 0.0841082 0.1101553 0.0000000 0.2311962 0.0955190 0.2226727 0.2112244 0.1882618 0.4627512 0.0979982 0.1921757 0.2009468 0.0446483 0.1979453 0.0941297 0.4758504 0.0745890 0.0702735 0.3792352 0.1922355 0.2236736 0.1026216 0.2004218 0.0959910 0.1988059 0.1029846 0.4986202 0.3217313 0.1986534 0.2129781 0.1973032 0.0971323 0.2063598 0.3655909 0.0973262 0.4564134 
Perityle_lemmonii_12                       0.5764778 0.1102443 0.3060087 0.1776353 0.2979834 0.3461606 0.5052011 0.2130888 0.0932279 0.0575739 0.0456435 0.0540680 0.0566759 0.0688223 0.3570591 0.1392242 0.0901459 0.0259943 0.0893923 0.0496442 0.0075129 0.0035492 0.0761153 0.0597130 0.0965632 0.5217104 0.1914642 0.1382493 0.1916081 0.0800631 0.2055608 0.0750960 0.0476632 0.0728607 0.0924084 0.0700338 0.0079847 0.0529471 0.1714245 0.1021054 0.0862523 0.1158428 0.0572026 0.0525976 0.2311962 0.0000000 0.0605902 0.0640961 0.0510342 0.0594748 0.4183685 0.0718299 0.0966386 0.0841624 0.0239877 0.1003600 0.0958129 0.0939199 0.0647512 0.0394270 0.4684816 0.0549459 0.1116037 0.0665005 0.0853469 0.0036517 0.1341254 0.0643864 0.4520995 0.0849216 0.0581868 0.1141946 0.1124329 0.0489091 0.0729164 0.1172133 0.0466416 0.4865444 
Perityle_lemmonii_85_hachita               0.4177045 0.0589319 0.2272285 0.0986264 0.2227148 0.3462965 0.3913069 0.1134438 0.0918384 0.0283133 0.0104141 0.0797722 0.0702317 0.0233188 0.3033958 0.0877458 0.0298050 0.0497030 0.0467422 0.0286530 0.0607275 0.0465312 0.0098681 0.0604359 0.0774985 0.3874241 0.1397944 0.1245435 0.1286236 0.0794964 0.1174644 0.0330116 0.0340250 0.0100801 0.0583082 0.0775742 0.0603496 0.0489118 0.0876967 0.0786723 0.0228939 0.1107060 0.0499917 0.0549417 0.0955190 0.0605902 0.0000000 0.0137379 0.0592380 0.0792749 0.3082501 0.0541765 0.0697248 0.0296612 0.0111511 0.0624454 0.0807531 0.0705973 0.0584639 0.0295023 0.3689753 0.0536428 0.0649038 0.0370206 0.0267095 0.0553244 0.0857102 0.0623120 0.3644938 0.0268314 0.0451745 0.0654473 0.0802657 0.0286597 0.0267637 0.1128075 0.0411544 0.3524873 
Perityle_lemmonii_colossal_cave_206        0.4816712 0.1783971 0.2853137 0.1545343 0.2670988 0.3463414 0.4531961 0.2247320 0.0602487 0.0184751 0.0063406 0.0633921 0.0435728 0.0234570 0.4063305 0.1948119 0.0318600 0.0216457 0.0253994 0.0252624 0.0232356 0.0210843 0.0219676 0.0703306 0.0498870 0.4574943 0.1397712 0.0886901 0.1690876 0.0219571 0.2160368 0.0191617 0.1630866 0.0118401 0.0793832 0.0400105 0.1017831 0.0318393 0.0968226 0.0879105 0.0251821 0.2511460 0.0295312 0.0350519 0.2226727 0.0640961 0.0137379 0.0000000 0.0619973 0.0518326 0.4035719 0.0279204 0.1063992 0.0218339 0.0021029 0.0852157 0.0590787 0.2808023 0.0197598 0.0163704 0.3543578 0.0554144 0.0773250 0.0244664 0.0299287 0.0228913 0.1885267 0.0432708 0.4238687 0.0368171 0.1264995 0.0780481 0.0915984 0.0150151 0.0192151 0.2412412 0.0233810 0.4168376 
