82
Amauria_brandeegeana_62                    0.0000000 0.0431437 0.0590604 0.2144499 0.0787635 0.1153652 0.0853162 0.2205307 0.0473601 0.0768378 0.0796583 0.0829042 0.0639771 0.0642030 0.0768151 0.0545601 0.0833139 0.0734823 0.0858761 0.0857011 0.0608773 0.0852937 0.0990818 0.0653340 0.0881570 0.0954558 0.1016398 0.0728682 0.0552516 0.0753937 0.0764195 0.0518430 0.0764350 0.0007872 0.0723886 0.0728624 0.0728366 0.0949898 0.0718047 0.0817979 0.0711152 0.1036528 0.0981357 0.0963114 0.0539239 0.0781478 0.0778689 0.0890302 0.0532763 0.0741918 0.0641720 0.0785501 0.1240750 0.0705070 0.0537965 0.0688621 0.0844576 0.0854427 0.0604099 0.0794260 0.2150027 0.2142576 0.0818709 0.1006157 0.0990802 0.1030907 0.0879701 0.0702759 0.1206095 0.0777434 0.0827933 0.0814142 0.0814493 0.0624755 0.0553146 0.1029800 0.0897083 0.0949227 0.0792906 0.0691626 0.0928419 0.0954125 
Amauria_carterae_99_mesa                   0.0431437 0.0000000 0.0677930 0.2557771 0.0678735 0.1365550 0.1077832 0.1141150 0.0415073 0.0848833 0.0668970 0.0702083 0.0660858 0.0602717 0.0784924 0.0732842 0.0915943 0.0705912 0.0795100 0.0756702 0.0779809 0.0480187 0.0727035 0.0659348 0.0858695 0.0708890 0.0863040 0.0726833 0.0553612 0.0720484 0.0687555 0.0439326 0.0707394 0.0350024 0.0583848 0.0711974 0.0559728 0.0813220 0.0504461 0.0656730 0.0712560 0.0652134 0.0730384 0.0887845 0.0406266 0.0754043 0.0709797 0.0685745 0.0624069 0.0684449 0.0401546 0.0689463 0.0752134 0.0577026 0.0784280 0.0645813 0.0453231 0.0755578 0.0451693 0.1054665 0.0983817 0.1675383 0.0684504 0.0891101 0.0764327 0.0806117 0.0452828 0.0852230 0.0738448 0.0718782 0.0726833 0.0702083 0.0728878 0.0643534 0.0648793 0.0803391 0.0749741 0.0805650 0.0690139 0.0623056 0.0451496 0.0352982 
Amauria_rotundifolia_SRR9119150            0.0590604 0.0677930 0.0000000 0.2277598 0.0979050 0.1370580 0.0957333 0.2336514 0.0655418 0.0947240 0.0827148 0.0825845 0.0764156 0.0635227 0.0814750 0.0697371 0.0976834 0.0774126 0.0801641 0.0828114 0.0711302 0.0872454 0.0993579 0.0856401 0.0880772 0.1068017 0.1033114 0.0755659 0.0615690 0.0892162 0.0818807 0.0757513 0.0748167 0.0446438 0.0784537 0.0753936 0.0907208 0.0929224 0.0789031 0.0940921 0.0721715 0.1017294 0.1040579 0.0965127 0.0677832 0.0840470 0.0762574 0.0910935 0.0657692 0.0732975 0.0638006 0.0824341 0.1331363 0.0840559 0.0745847 0.0864462 0.0973773 0.0887224 0.0791629 0.1016910 0.2264542 0.2035338 0.0883235 0.1043249 0.1041835 0.1116878 0.1058952 0.0900679 0.1407434 0.0755066 0.0885985 0.0802310 0.0783449 0.0692776 0.0713432 0.1216218 0.0958650 0.0959472 0.0789853 0.0881253 0.0921913 0.1080425 
Conoclinium_coelestinum_SRR9119114         0.2144499 0.2557771 0.2277598 0.0000000 0.2713051 0.1750339 0.2243747 0.2253163 0.2010387 0.2829398 0.2264967 0.2308549 0.2250855 0.1991662 0.2223758 0.2308931 0.2430552 0.2274369 0.2298986 0.2302847 0.1894045 0.2174486 0.2340525 0.2284225 0.2427832 0.2293039 0.2420260 0.2545517 0.1686551 0.2399842 0.2303464 0.2122650 0.2240762 0.1791830 0.2161522 0.2220342 0.2242884 0.2287151 0.2212183 0.2320759 0.2233464 0.2256324 0.2422754 0.2321282 0.2186403 0.2301357 0.2244085 0.2189560 0.2299508 0.2268306 0.2084948 0.2273005 0.2945596 0.2224873 0.2249303 0.2285623 0.2348591 0.2311792 0.2144301 0.2386707 0.4151149 0.3563499 0.2357990 0.2362674 0.2416727 0.2420777 0.2220852 0.2526730 0.3021190 0.2257537 0.2441316 0.2293290 0.2298248 0.2203425 0.2246246 0.2397016 0.2136133 0.2424695 0.2248393 0.2317596 0.2376431 0.2106304 
Eutetras_palmeri_63                        0.0787635 0.0678735 0.0979050 0.2713051 0.0000000 0.2434987 0.1158796 0.2306495 0.0753918 0.0551485 0.1038092 0.1049493 0.0861102 0.0789070 0.1119075 0.0686020 0.0944597 0.0946932 0.1052648 0.1046656 0.0854513 0.1095137 0.1235357 0.0888714 0.1099395 0.1216548 0.1041361 0.1020959 0.0647352 0.0830000 0.0885102 0.0746294 0.0980983 0.0665509 0.0872575 0.0978072 0.0923176 0.1122754 0.0906093 0.1023821 0.0936153 0.1311802 0.1154397 0.1172406 0.0772781 0.1019909 0.0970319 0.1089523 0.0810341 0.0970671 0.0824043 0.0969083 0.1458854 0.0877773 0.0787903 0.0872511 0.0977380 0.1043042 0.0796672 0.1008040 0.2373905 0.2397725 0.1020721 0.1071434 0.1182699 0.1271228 0.1113947 0.0994349 0.1515490 0.0998142 0.1028234 0.1014076 0.1004362 0.0870936 0.0803799 0.1288631 0.0976216 0.1153631 0.1006649 0.0844263 0.1163537 0.1260030 
Eutrochium_fistulosum_SRR9119106           0.1153652 0.1365550 0.1370580 0.1750339 0.2434987 0.0000000 0.1534655 0.2363049 0.1021494 0.2600431 0.1371111 0.1422767 0.1282917 0.1113050 0.1348294 0.1118620 0.1349428 0.1318585 0.1365095 0.1395109 0.1387504 0.1267200 0.1571298 0.1321601 0.1503852 0.1537366 0.1493682 0.1384369 0.0955486 0.1198241 0.1231650 0.1086031 0.1324213 0.0928698 0.1258791 0.1301029 0.1123457 0.1416081 0.1256344 0.1387844 0.1299446 0.1334122 0.1456398 0.1480758 0.1165771 0.1400681 0.1307263 0.1392501 0.1078485 0.1368066 0.1151941 0.1411325 0.1738411 0.1210331 0.1176125 0.1295391 0.1176204 0.1400617 0.1100410 0.1446848 0.2891116 0.2550471 0.1452812 0.1442453 0.1439702 0.1556677 0.1455134 0.1365358 0.1813161 0.1367608 0.1439644 0.1370316 0.1339585 0.1145351 0.1175874 0.1598288 0.1363782 0.1568866 0.1336447 0.1299223 0.1288912 0.1345140 
Galeana_pratensis_104_mex                  0.0853162 0.1077832 0.0957333 0.2243747 0.1158796 0.1534655 0.0000000 0.1452495 0.0805617 0.1224253 0.1080522 0.1077801 0.1021386 0.1093067 0.0996892 0.1184636 0.1170705 0.1082154 0.1088003 0.1119765 0.0967349 0.0921215 0.1077801 0.1071005 0.1097910 0.1010249 0.1109032 0.1055792 0.0829252 0.1083976 0.1154446 0.0803306 0.1085264 0.0751103 0.1141879 0.1065446 0.1027538 0.1142242 0.0993823 0.1177996 0.1037449 0.1170853 0.1182139 0.1118374 0.0940618 0.1042085 0.1086581 0.1226452 0.0920070 0.1048810 0.0853650 0.1013194 0.1155536 0.1003332 0.1061318 0.1078323 0.0950177 0.1079664 0.1022926 0.1208997 0.2156843 0.0990521 0.1099793 0.1127888 0.1029100 0.1167990 0.0931994 0.0925830 0.1242959 0.1057850 0.1035614 0.1097113 0.1099777 0.1084681 0.0962164 0.1162371 0.1095942 0.1157274 0.1059729 0.1138897 0.0950177 0.0883205 
Helianthus_annuus_SRR9119062               0.2205307 0.1141150 0.2336514 0.2253163 0.2306495 0.2363049 0.1452495 0.0000000 0.2109148 0.2105231 0.2263719 0.2321742 0.1741248 0.1768817 0.2296780 0.1497814 0.2124836 0.2112494 0.2184667 0.2234570 0.1197717 0.2272492 0.2482198 0.1926775 0.2428211 0.2299587 0.2368670 0.2209018 0.1319848 0.1981815 0.1901214 0.2201786 0.2174860 0.1924546 0.1961529 0.2147152 0.2012645 0.2307631 0.2205986 0.1846552 0.2172274 0.2220354 0.2460028 0.2287188 0.1337498 0.2290675 0.2165935 0.2256392 0.1700905 0.2234720 0.2067042 0.2150225 0.2507531 0.1968998 0.1176397 0.1439004 0.1818575 0.2309319 0.1831435 0.1519276 0.3829971 0.2531460 0.2326016 0.2271248 0.2252787 0.2430918 0.2192519 0.1361928 0.2572551 0.2281621 0.2361366 0.2328680 0.2215678 0.1831959 0.1063226 0.2465921 0.2305240 0.2422796 0.2158682 0.1715350 0.2147473 0.2501155 
Lycapsus_tenuifolius_17                    0.0473601 0.0415073 0.0655418 0.2010387 0.0753918 0.1021494 0.0805617 0.2109148 0.0000000 0.0742457 0.0714701 0.0764626 0.0517839 0.0537637 0.0811914 0.0444076 0.0728969 0.0615693 0.0726369 0.0743038 0.0505375 0.0946799 0.0903342 0.0584267 0.0763410 0.0853127 0.0962090 0.0284816 0.0200618 0.0804458 0.0758270 0.0174153 0.0658541 0.0297232 0.0590128 0.0630532 0.0673969 0.0836601 0.0625521 0.0705057 0.0612130 0.1081934 0.0881803 0.0850626 0.0427013 0.0712322 0.0689951 0.0830212 0.0537984 0.0638242 0.0537075 0.0696102 0.1073545 0.0614968 0.0478873 0.0598709 0.0787670 0.0766888 0.0576920 0.0709809 0.2239022 0.1959335 0.0737604 0.0869309 0.0881080 0.0944548 0.0723880 0.0630809 0.1205528 0.0696112 0.0194326 0.0736669 0.0709310 0.0504559 0.0493435 0.0896656 0.0850763 0.0826873 0.0690984 0.0553291 0.1038079 0.1063996 
Pericome_caudata_50_silver                 0.0768378 0.0848833 0.0947240 0.2829398 0.0551485 0.2600431 0.1224253 0.2105231 0.0742457 0.0000000 0.1087611 0.1015371 0.0887432 0.0938522 0.1208509 0.0841556 0.0948526 0.0942974 0.0987214 0.1124393 0.0902393 0.1451125 0.1185893 0.1016524 0.1190403 0.1324821 0.0984627 0.0912604 0.0738446 0.0915458 0.1153700 0.0715888 0.1028663 0.0614068 0.0934168 0.0906237 0.1118288 0.1057286 0.1499708 0.1084462 0.0908966 0.1284600 0.1243829 0.1171985 0.0821261 0.1197867 0.1068358 0.1197276 0.0881119 0.0917152 0.0851156 0.0955746 0.1443951 0.0887320 0.0944375 0.0950415 0.0961171 0.1172573 0.0811883 0.1217652 0.2501432 0.2464762 0.1217141 0.1031686 0.1152875 0.1150064 0.1043076 0.1087336 0.1599445 0.1056588 0.1006970 0.1053170 0.1086738 0.0864499 0.0964094 0.1149570 0.0966810 0.1140820 0.0992097 0.0969278 0.1249141 0.1369647 
Perityle_aglossa_84_dead_horse             0.0796583 0.0668970 0.0827148 0.2264967 0.1038092 0.1371111 0.1080522 0.2263719 0.0714701 0.1087611 0.0000000 0.0133978 0.0008942 0.0199211 0.0214991 0.0835641 0.0439024 0.0046856 0.0135696 0.0137341 0.0072715 0.0676074 0.0583651 0.0048198 0.0234222 0.0940388 0.0554600 0.0993443 0.0576207 0.1046634 0.1125066 0.0812400 0.0019838 0.0351782 0.0367072 0.0015251 0.0489342 0.0375987 0.0107024 0.0422950 0.0065104 0.0918197 0.0508435 0.0270948 0.0055918 0.0126718 0.0095335 0.0496741 0.0080481 0.0055422 0.0050736 0.0128031 0.0661459 0.0414746 0.0533529 0.0195730 0.0395601 0.0150874 0.0558192 0.0518070 0.2069417 0.1590294 0.0080700 0.0513511 0.0573330 0.0806513 0.0639894 0.0035146 0.0632934 0.0081161 0.1033806 0.0142569 0.0111909 0.0027719 0.0056588 0.0810617 0.0696198 0.0349423 0.0033160 0.0492021 0.0572798 0.1206427 
Perityle_ajoensis_204                      0.0829042 0.0702083 0.0825845 0.2308549 0.1049493 0.1422767 0.1077801 0.2321742 0.0764626 0.1015371 0.0133978 0.0000000 0.0035017 0.0151496 0.0113237 0.0841543 0.0467711 0.0068116 0.0166389 0.0116204 0.0106535 0.0344796 0.0437485 0.0057078 0.0272033 0.0848587 0.0583312 0.1059657 0.0608606 0.0978065 0.0949153 0.0831799 0.0082097 0.0377970 0.0380752 0.0066948 0.0515153 0.0385089 0.0102071 0.0462963 0.0062958 0.0715620 0.0550015 0.0315369 0.0097731 0.0123682 0.0046370 0.0491895 0.0094212 0.0060438 0.0065800 0.0153838 0.0741303 0.0436116 0.0537340 0.0209625 0.0391462 0.0123547 0.0555317 0.0554936 0.2138545 0.1594750 0.0164027 0.0525682 0.0615653 0.0864081 0.0681613 0.0091640 0.0728143 0.0105586 0.1110013 0.0110276 0.0082603 0.0044878 0.0054697 0.0844370 0.0594105 0.0270110 0.0115993 0.0516506 0.0396626 0.1112767 
Perityle_angustifolia_13_Eagle_creek       0.0639771 0.0660858 0.0764156 0.2250855 0.0861102 0.1282917 0.1021386 0.1741248 0.0517839 0.0887432 0.0008942 0.0035017 0.0000000 0.0078787 0.0008945 0.0767658 0.0312751 0.0017528 0.0053969 0.0079228 0.0072842 0.0009349 0.0026431 0.0008917 0.0179713 0.0518275 0.0370786 0.0974711 0.0541763 0.0808416 0.0837018 0.0579822 0.0000010 0.0157241 0.0329325 0.0008860 0.0319108 0.0277623 0.0009266 0.0402217 0.0000010 0.0389539 0.0383075 0.0225459 0.0033222 0.0052706 0.0000010 0.0359750 0.0012563 0.0000010 0.0000010 0.0117924 0.0628398 0.0327250 0.0474755 0.0163243 0.0146401 0.0052700 0.0381635 0.0479630 0.2054487 0.1370161 0.0073300 0.0381544 0.0198293 0.0725483 0.0584699 0.0046621 0.0684111 0.0000010 0.0977261 0.0035030 0.0035070 0.0000010 0.0028259 0.0723680 0.0441285 0.0061558 0.0026816 0.0435626 0.0139890 0.0351777 
Perityle_batopilensis_97                   0.0642030 0.0602717 0.0635227 0.1991662 0.0789070 0.1113050 0.1093067 0.1768817 0.0537637 0.0938522 0.0199211 0.0151496 0.0078787 0.0000000 0.0403392 0.0762255 0.0531608 0.0145826 0.0207014 0.0220663 0.0262482 0.0819070 0.0137296 0.0097654 0.0261951 0.0451376 0.0705135 0.0852900 0.0589238 0.0915891 0.0921846 0.0542327 0.0160224 0.0235789 0.0349402 0.0160202 0.0488623 0.0137339 0.0128488 0.0422368 0.0100907 0.0910432 0.0512658 0.0279863 0.0110351 0.0203085 0.0186233 0.0502434 0.0150087 0.0128585 0.0107790 0.0147863 0.0420289 0.0393980 0.0502137 0.0164560 0.0392279 0.0247801 0.0493068 0.0513659 0.1947421 0.0717621 0.0280105 0.0642247 0.0194422 0.0613655 0.0456247 0.0207026 0.0517766 0.0161672 0.0805443 0.0220651 0.0203018 0.0135989 0.0167801 0.0598751 0.0778505 0.0190313 0.0184436 0.0432712 0.0659227 0.0459414 
Perityle_bisetosa_9                        0.0768151 0.0784924 0.0814750 0.2223758 0.1119075 0.1348294 0.0996892 0.2296780 0.0811914 0.1208509 0.0214991 0.0113237 0.0008945 0.0403392 0.0000000 0.0798851 0.0437162 0.0046696 0.0128104 0.0332782 0.0071491 0.0619836 0.0651642 0.0061283 0.0362925 0.1114781 0.0565536 0.0972777 0.0568563 0.1037014 0.1286007 0.0801173 0.0210639 0.0334090 0.0349229 0.0007559 0.0773584 0.0365659 0.0454326 0.0412428 0.0057475 0.0851872 0.0678086 0.0339034 0.0056139 0.0308183 0.0256860 0.0592704 0.0340772 0.0034386 0.0204289 0.0128090 0.0707194 0.0402247 0.0501134 0.0206383 0.0394037 0.0343902 0.0543094 0.0531446 0.2078368 0.1602633 0.0294783 0.0494390 0.0693549 0.0813559 0.0704241 0.0023483 0.0764515 0.0252084 0.1063477 0.0342578 0.0301253 0.0027733 0.0057216 0.0818563 0.0765500 0.0318272 0.0202805 0.0488001 0.0611300 0.1433760 
Perityle_californica_76_positas            0.0545601 0.0732842 0.0697371 0.2308931 0.0686020 0.1118620 0.1184636 0.1497814 0.0444076 0.0841556 0.0835641 0.0841543 0.0767658 0.0762255 0.0798851 0.0000000 0.0887671 0.0831366 0.0841806 0.0854269 0.0955044 0.0719837 0.0841004 0.0791706 0.0917940 0.0819666 0.0906250 0.0781063 0.0620822 0.0564341 0.0804020 0.0442750 0.0799869 0.0430244 0.0754301 0.0775185 0.0763820 0.0882390 0.0705751 0.0810239 0.0793809 0.0805098 0.0893102 0.1041153 0.0589766 0.0855515 0.0811654 0.0790494 0.0729269 0.0815765 0.0580480 0.0852937 0.1058676 0.0733430 0.0847608 0.0876669 0.0823669 0.0841865 0.0724923 0.0964820 0.2078813 0.1312749 0.0848043 0.0935064 0.0885139 0.0838522 0.0680550 0.0915749 0.1201764 0.0824665 0.0768445 0.0865073 0.0842402 0.0813567 0.0861271 0.0851192 0.0755626 0.0878914 0.0821218 0.0832211 0.0825146 0.0264066 
Perityle_canescens_77                      0.0833139 0.0915943 0.0976834 0.2430552 0.0944597 0.1349428 0.1170705 0.2124836 0.0728969 0.0948526 0.0439024 0.0467711 0.0312751 0.0531608 0.0437162 0.0887671 0.0000000 0.0429648 0.0480212 0.0504243 0.0479480 0.0330028 0.0444538 0.0336978 0.0555078 0.0798350 0.0205827 0.1145248 0.0592801 0.0928470 0.1023696 0.0829002 0.0429971 0.0446462 0.0542504 0.0432867 0.0726215 0.0611882 0.0393665 0.0584445 0.0421599 0.0720735 0.0700813 0.0641132 0.0277550 0.0460751 0.0436548 0.0669516 0.0688165 0.0430372 0.0369966 0.0491974 0.1084471 0.0662018 0.0688409 0.0444753 0.0784084 0.0486293 0.0790635 0.0758121 0.2276252 0.1681973 0.0493484 0.0190114 0.0527542 0.1042276 0.0899484 0.0429418 0.1160575 0.0441761 0.1141349 0.0476579 0.0459710 0.0490884 0.0412825 0.1058973 0.0604234 0.0486216 0.0465047 0.0670903 0.0729513 0.0486307 
Perityle_castillonii_96                    0.0734823 0.0705912 0.0774126 0.2274369 0.0946932 0.1318585 0.1082154 0.2112494 0.0615693 0.0942974 0.0046856 0.0068116 0.0017528 0.0145826 0.0046696 0.0831366 0.0429648 0.0000000 0.0116607 0.0098822 0.0142887 0.0105751 0.0068527 0.0034027 0.0217153 0.0584996 0.0487401 0.1032096 0.0610858 0.0918575 0.0876699 0.0751220 0.0030621 0.0282284 0.0373252 0.0054595 0.0415176 0.0389437 0.0048030 0.0441982 0.0053643 0.0535051 0.0466303 0.0257577 0.0087015 0.0083648 0.0038036 0.0407108 0.0046484 0.0030679 0.0033076 0.0156876 0.0735758 0.0368953 0.0538417 0.0210030 0.0247344 0.0075878 0.0457354 0.0505017 0.2140401 0.1586597 0.0103661 0.0473310 0.0491917 0.0756221 0.0599179 0.0091844 0.0763634 0.0038531 0.1066305 0.0075734 0.0068207 0.0029010 0.0068592 0.0753957 0.0511725 0.0091179 0.0070233 0.0466213 0.0201760 0.0769292 
Perityle_cernua_84                         0.0858761 0.0795100 0.0801641 0.2298986 0.1052648 0.1365095 0.1088003 0.2184667 0.0726369 0.0987214 0.0135696 0.0166389 0.0053969 0.0207014 0.0128104 0.0841806 0.0480212 0.0116607 0.0000000 0.0191055 0.0111905 0.0329460 0.0325254 0.0061098 0.0275950 0.0734321 0.0614766 0.1048206 0.0628494 0.0985726 0.0974737 0.0836570 0.0127166 0.0383279 0.0442571 0.0114594 0.0536687 0.0439404 0.0123383 0.0478546 0.0137472 0.0747262 0.0580441 0.0320240 0.0100584 0.0166911 0.0132887 0.0502614 0.0108396 0.0114004 0.0113534 0.0225421 0.0790711 0.0455998 0.0542695 0.0215714 0.0429498 0.0201949 0.0609020 0.0442614 0.2215858 0.1631926 0.0174913 0.0576485 0.0642304 0.0856678 0.0679949 0.0082825 0.0770896 0.0119293 0.1074291 0.0180509 0.0163864 0.0092343 0.0085252 0.0849020 0.0654132 0.0202505 0.0156488 0.0542532 0.0439050 0.1054432 
Perityle_cfvillosa_25_tin                  0.0857011 0.0756702 0.0828114 0.2302847 0.1046656 0.1395109 0.1119765 0.2234570 0.0743038 0.1124393 0.0137341 0.0116204 0.0079228 0.0220663 0.0332782 0.0854269 0.0504243 0.0098822 0.0191055 0.0000000 0.0124376 0.0740443 0.0210053 0.0085407 0.0265067 0.0630131 0.0608908 0.1081054 0.0644484 0.1071550 0.1163267 0.0855242 0.0111127 0.0383344 0.0407336 0.0104516 0.0573720 0.0411371 0.0112660 0.0487227 0.0093468 0.0939540 0.0616218 0.0296491 0.0131043 0.0132830 0.0044285 0.0545107 0.0108654 0.0063842 0.0092796 0.0206263 0.0752364 0.0472394 0.0570922 0.0271322 0.0392407 0.0043926 0.0578648 0.0582217 0.2132189 0.1610632 0.0172018 0.0554605 0.0594666 0.0856328 0.0682864 0.0138292 0.0707550 0.0089687 0.1106457 0.0128118 0.0076049 0.0080987 0.0054704 0.0847790 0.0702088 0.0135265 0.0141833 0.0559091 0.0530778 0.1059293 
Perityle_cinerea_113_Powell1310            0.0608773 0.0779809 0.0711302 0.1894045 0.0854513 0.1387504 0.0967349 0.1197717 0.0505375 0.0902393 0.0072715 0.0106535 0.0072842 0.0262482 0.0071491 0.0955044 0.0479480 0.0142887 0.0111905 0.0124376 0.0000000 0.0093965 0.0088644 0.0089701 0.0234820 0.0516924 0.0497024 0.0870531 0.0619519 0.0863828 0.0821083 0.0505591 0.0071567 0.0252908 0.0510251 0.0071460 0.0462552 0.0362800 0.0093336 0.0568008 0.0090143 0.0566471 0.0480688 0.0287347 0.0152844 0.0143066 0.0089008 0.0566471 0.0135246 0.0089596 0.0099908 0.0163064 0.0489468 0.0534608 0.0531566 0.0219972 0.0092656 0.0124506 0.0547059 0.0586853 0.2274382 0.0166200 0.0072385 0.0497128 0.0217452 0.0642561 0.0563041 0.0106450 0.0605959 0.0090159 0.0850213 0.0160328 0.0124560 0.0089753 0.0055309 0.0639397 0.0479789 0.0160586 0.0091158 0.0605164 0.0092656 0.0442378 
Perityle_coahuilensis_24                   0.0852937 0.0480187 0.0872454 0.2174486 0.1095137 0.1267200 0.0921215 0.2272492 0.0946799 0.1451125 0.0676074 0.0344796 0.0009349 0.0819070 0.0619836 0.0719837 0.0330028 0.0105751 0.0329460 0.0740443 0.0093965 0.0000000 0.0905991 0.0084087 0.0812527 0.1270380 0.0557748 0.1036452 0.0475361 0.1046080 0.1500493 0.0793282 0.0585651 0.0461241 0.0245333 0.0200574 0.1546230 0.0465294 0.0758884 0.0321986 0.0165615 0.0841089 0.1148147 0.0628405 0.0034202 0.0810304 0.0734150 0.0943120 0.0696989 0.0180693 0.0427850 0.0331129 0.1000866 0.0374003 0.0414169 0.0159288 0.0136915 0.0844248 0.0521316 0.0439158 0.2303041 0.1676273 0.0845996 0.0405573 0.0921861 0.1060530 0.0880354 0.0073119 0.1194165 0.0778079 0.1057654 0.0660027 0.0802434 0.0312550 0.0029225 0.0996872 0.0827044 0.0422398 0.0510514 0.0325956 0.0391336 0.1862554 
Perityle_cochisensis_44_cave_creek         0.0990818 0.0727035 0.0993579 0.2340525 0.1235357 0.1571298 0.1077801 0.2482198 0.0903342 0.1185893 0.0583651 0.0437485 0.0026431 0.0137296 0.0651642 0.0841004 0.0444538 0.0068527 0.0325254 0.0210053 0.0088644 0.0905991 0.0000000 0.0412595 0.0695797 0.1136599 0.1014272 0.1029411 0.0616538 0.1022588 0.0938094 0.0809868 0.0203932 0.0566230 0.0383271 0.0052347 0.0465694 0.0538139 0.0537476 0.1059504 0.0328559 0.0800683 0.1002122 0.0563511 0.0076433 0.0628357 0.0293863 0.0895679 0.0060383 0.0412166 0.0181316 0.0147075 0.0703175 0.0420772 0.0498533 0.0190726 0.0393831 0.0573669 0.0555237 0.0534218 0.2088762 0.1556181 0.0594173 0.0683019 0.0662320 0.0966110 0.0836890 0.0046081 0.0641271 0.0471371 0.1311985 0.0521729 0.0142807 0.0026873 0.0027275 0.0994126 0.1122502 0.0421885 0.0294407 0.0499919 0.0995228 0.1310380 
Perityle_congesta_202                      0.0653340 0.0659348 0.0856401 0.2284225 0.0888714 0.1321601 0.1071005 0.1926775 0.0584267 0.1016524 0.0048198 0.0057078 0.0008917 0.0097654 0.0061283 0.0791706 0.0336978 0.0034027 0.0061098 0.0085407 0.0089701 0.0084087 0.0412595 0.0000000 0.0200139 0.0951748 0.0408702 0.1014449 0.0597728 0.0852489 0.0829100 0.0628124 0.0008586 0.0192436 0.0355319 0.0025991 0.0334241 0.0304776 0.0169083 0.0450875 0.0008552 0.0404828 0.0426019 0.0280354 0.0043764 0.0075053 0.0008357 0.0409248 0.0012186 0.0016455 0.0009309 0.0123261 0.0661515 0.0364071 0.0489649 0.0150598 0.0170715 0.0059908 0.0417653 0.0495323 0.2107240 0.1373187 0.0126597 0.0406094 0.0147675 0.0735745 0.0641120 0.0057776 0.0686197 0.0032743 0.1074386 0.0039975 0.0042542 0.0000010 0.0027600 0.0752162 0.0513490 0.0324799 0.0043333 0.0460295 0.0144017 0.0544197 
Perityle_cordifolia_27                     0.0881570 0.0858695 0.0880772 0.2427832 0.1099395 0.1503852 0.1097910 0.2428211 0.0763410 0.1190403 0.0234222 0.0272033 0.0179713 0.0261951 0.0362925 0.0917940 0.0555078 0.0217153 0.0275950 0.0265067 0.0234820 0.0812527 0.0695797 0.0200139 0.0000000 0.0998878 0.0656093 0.1059445 0.0694073 0.1107079 0.1179352 0.0897424 0.0191883 0.0430303 0.0445712 0.0205641 0.0586738 0.0449825 0.0197200 0.0483865 0.0200349 0.0974830 0.0639235 0.0388821 0.0121988 0.0236292 0.0217453 0.0540889 0.0139546 0.0192063 0.0158354 0.0088354 0.0726355 0.0505659 0.0580323 0.0212870 0.0516368 0.0266189 0.0602293 0.0632973 0.2137224 0.1510643 0.0221913 0.0608751 0.0471614 0.0899444 0.0746218 0.0224158 0.0758645 0.0207677 0.1107745 0.0271383 0.0244553 0.0137280 0.0165594 0.0912384 0.0751959 0.0457506 0.0234964 0.0567641 0.0671042 0.1211557 
Perityle_cordifolia_68_tecolote            0.0954558 0.0708890 0.1068017 0.2293039 0.1216548 0.1537366 0.1010249 0.2299587 0.0853127 0.1324821 0.0940388 0.0848587 0.0518275 0.0451376 0.1114781 0.0819666 0.0798350 0.0584996 0.0734321 0.0630131 0.0516924 0.1270380 0.1136599 0.0951748 0.0998878 0.0000000 0.1256869 0.0953760 0.0681560 0.1016792 0.0929057 0.0780938 0.0595235 0.0673263 0.0708156 0.0533367 0.0535362 0.0830596 0.0942419 0.1378054 0.0762573 0.1134450 0.1260685 0.0931827 0.0518750 0.1074744 0.0699425 0.1221279 0.0289077 0.0790544 0.0517253 0.0560057 0.0945430 0.0718105 0.0010057 0.0569334 0.0826100 0.1043336 0.0659659 0.0849614 0.2136005 0.1946990 0.1026298 0.0984893 0.1051262 0.0910969 0.0939545 0.0538360 0.0988867 0.0859099 0.1280146 0.0911072 0.0608010 0.0412811 0.0381595 0.0952673 0.1376029 0.0964197 0.0703032 0.0781587 0.1388963 0.1652787 
Perityle_coronopifolia_28_patagonia        0.1016398 0.0863040 0.1033114 0.2420260 0.1041361 0.1493682 0.1109032 0.2368670 0.0962090 0.0984627 0.0554600 0.0583312 0.0370786 0.0705135 0.0565536 0.0906250 0.0205827 0.0487401 0.0614766 0.0608908 0.0497024 0.0557748 0.1014272 0.0408702 0.0656093 0.1256869 0.0000000 0.1226334 0.0591192 0.0980393 0.1165645 0.1008807 0.0551409 0.0637354 0.0573711 0.0526699 0.0912277 0.0750718 0.0513251 0.0555744 0.0486466 0.0946458 0.0807322 0.0761477 0.0321265 0.0566146 0.0549230 0.0757109 0.0732263 0.0487894 0.0488542 0.0634231 0.1271186 0.0708069 0.0782019 0.0557577 0.0552253 0.0607393 0.0891495 0.0806343 0.2345423 0.1961594 0.0571566 0.0054602 0.1088975 0.1301489 0.1080866 0.0499573 0.1378097 0.0561140 0.1223185 0.0592938 0.0592478 0.0664380 0.0483264 0.1269742 0.0608908 0.0758118 0.0570690 0.0718050 0.0622280 0.1401652 
Perityle_crassifolia_70_ventanas           0.0728682 0.0726833 0.0755659 0.2545517 0.1020959 0.1384369 0.1055792 0.2209018 0.0284816 0.0912604 0.0993443 0.1059657 0.0974711 0.0852900 0.0972777 0.0781063 0.1145248 0.1032096 0.1048206 0.1081054 0.0870531 0.1036452 0.1029411 0.1014449 0.1059445 0.0953760 0.1226334 0.0000000 0.0412579 0.1032551 0.0951006 0.0544830 0.0990132 0.0243589 0.0912972 0.0986418 0.0943174 0.1161043 0.0927838 0.1011779 0.0977323 0.1239192 0.1170653 0.1187666 0.0823811 0.1016784 0.1032471 0.1030918 0.0794905 0.1001177 0.0861485 0.1075127 0.1452935 0.1025446 0.0859165 0.0943072 0.1175918 0.1080300 0.0956996 0.1105576 0.2427531 0.1887822 0.1061017 0.1230970 0.1075385 0.1256122 0.1059402 0.1007916 0.1403819 0.1003987 0.0317605 0.1060028 0.1052199 0.0876261 0.0900891 0.1292146 0.1144688 0.1050230 0.0999526 0.0971104 0.1177956 0.0685407 
Perityle_crassifolia_74_playa_balandra     0.0552516 0.0553612 0.0615690 0.1686551 0.0647352 0.0955486 0.0829252 0.1319848 0.0200618 0.0738446 0.0576207 0.0608606 0.0541763 0.0589238 0.0568563 0.0620822 0.0592801 0.0610858 0.0628494 0.0644484 0.0619519 0.0475361 0.0616538 0.0597728 0.0694073 0.0681560 0.0591192 0.0412579 0.0000000 0.0684320 0.0650026 0.0184179 0.0610728 0.0103749 0.0467974 0.0586883 0.0493938 0.0712288 0.0523438 0.0519345 0.0583369 0.0497632 0.0724508 0.0677363 0.0499143 0.0612839 0.0596644 0.0514828 0.0445186 0.0594754 0.0380430 0.0668392 0.1103543 0.0454548 0.0728540 0.0675220 0.0457601 0.0661912 0.0397835 0.0539129 0.2573675 0.0943049 0.0734654 0.0625359 0.0666366 0.0932434 0.0791432 0.0609877 0.1505177 0.0595400 0.0316653 0.0659872 0.0626955 0.0575477 0.0597201 0.0949256 0.0475785 0.0662946 0.0578650 0.0568953 0.0457490 0.0525570 
Perityle_cuneata_34_cuneata_San_antonio    0.0753937 0.0720484 0.0892162 0.2399842 0.0830000 0.1198241 0.1083976 0.1981815 0.0804458 0.0915458 0.1046634 0.0978065 0.0808416 0.0915891 0.1037014 0.0564341 0.0928470 0.0918575 0.0985726 0.1071550 0.0863828 0.1046080 0.1022588 0.0852489 0.1107079 0.1016792 0.0980393 0.1032551 0.0684320 0.0000000 0.0907603 0.0708559 0.0988730 0.0550561 0.0826970 0.0918599 0.1044456 0.1004777 0.0923629 0.0877905 0.0903212 0.1271189 0.1193048 0.1168519 0.0664057 0.1063474 0.1002362 0.1101897 0.0943032 0.0913732 0.0856965 0.0970767 0.1262878 0.0920206 0.0846864 0.0929768 0.0896520 0.1061660 0.0936623 0.1028020 0.2295415 0.1960206 0.1072048 0.0965455 0.1088267 0.1200916 0.0933024 0.1000387 0.1518753 0.1017631 0.0986967 0.1059799 0.1042900 0.0888592 0.0824467 0.1150569 0.0936726 0.0976222 0.1033035 0.0899485 0.1125057 0.0746601 
Perityle_cuneata_4                         0.0764195 0.0687555 0.0818807 0.2303464 0.0885102 0.1231650 0.1154446 0.1901214 0.0758270 0.1153700 0.1125066 0.0949153 0.0837018 0.0921846 0.1286007 0.0804020 0.1023696 0.0876699 0.0974737 0.1163267 0.0821083 0.1500493 0.0938094 0.0829100 0.1179352 0.0929057 0.1165645 0.0951006 0.0650026 0.0907603 0.0000000 0.0776020 0.0998313 0.0541761 0.0781930 0.0905498 0.1148582 0.1015208 0.0989669 0.0864467 0.0886218 0.1483315 0.1257742 0.1066349 0.0666185 0.1139023 0.1125755 0.1070078 0.0839978 0.0902603 0.0741470 0.0930081 0.1202456 0.0840347 0.0850673 0.0940438 0.0993093 0.1132855 0.0857822 0.0986307 0.2261403 0.1687199 0.1147720 0.1132795 0.1001702 0.1162117 0.0914387 0.0998641 0.1469856 0.1084552 0.0872001 0.1120997 0.1145780 0.0863672 0.0822037 0.1160729 0.1152759 0.0943739 0.0957638 0.0875733 0.1267275 0.1006244 
Perityle_discoidea_81                      0.0518430 0.0439326 0.0757513 0.2122650 0.0746294 0.1086031 0.0803306 0.2201786 0.0174153 0.0715888 0.0812400 0.0831799 0.0579822 0.0542327 0.0801173 0.0442750 0.0829002 0.0751220 0.0836570 0.0855242 0.0505591 0.0793282 0.0809868 0.0628124 0.0897424 0.0780938 0.1008807 0.0544830 0.0184179 0.0708559 0.0776020 0.0000000 0.0767420 0.0380945 0.0716310 0.0778014 0.0686501 0.1010703 0.0730373 0.0837354 0.0752386 0.1031463 0.1005491 0.0954712 0.0528819 0.0816669 0.0782079 0.0906133 0.0530188 0.0791663 0.0654688 0.0841475 0.1165663 0.0756717 0.0508317 0.0606000 0.0837679 0.0869470 0.0666722 0.0714831 0.2233879 0.2096121 0.0837599 0.1000190 0.1004585 0.0998895 0.0836806 0.0638543 0.1293690 0.0795939 0.0522972 0.0832065 0.0819562 0.0550098 0.0491757 0.1005608 0.0940674 0.0872029 0.0794330 0.0652097 0.0896453 0.0955635 
Perityle_dissecta_201                      0.0764350 0.0707394 0.0748167 0.2240762 0.0980983 0.1324213 0.1085264 0.2174860 0.0658541 0.1028663 0.0019838 0.0082097 0.0000010 0.0160224 0.0210639 0.0799869 0.0429971 0.0030621 0.0127166 0.0111127 0.0071567 0.0585651 0.0203932 0.0008586 0.0191883 0.0595235 0.0551409 0.0990132 0.0610728 0.0988730 0.0998313 0.0767420 0.0000000 0.0308422 0.0343359 0.0015014 0.0445647 0.0353799 0.0054219 0.0404033 0.0035930 0.0767186 0.0486491 0.0227047 0.0054780 0.0084181 0.0045553 0.0443017 0.0049607 0.0021259 0.0028495 0.0118497 0.0683400 0.0397250 0.0511600 0.0181823 0.0368787 0.0110215 0.0526130 0.0509758 0.2069189 0.1552603 0.0067466 0.0503072 0.0554667 0.0790503 0.0612801 0.0034712 0.0625708 0.0032808 0.1024255 0.0090499 0.0085556 0.0009043 0.0027587 0.0780724 0.0673103 0.0106933 0.0026832 0.0481562 0.0533547 0.0987228 
Perityle_emoryi_47_punta_san_jose          0.0007872 0.0350024 0.0446438 0.1791830 0.0665509 0.0928698 0.0751103 0.1924546 0.0297232 0.0614068 0.0351782 0.0377970 0.0157241 0.0235789 0.0334090 0.0430244 0.0446462 0.0282284 0.0383279 0.0383344 0.0252908 0.0461241 0.0566230 0.0192436 0.0430303 0.0673263 0.0637354 0.0243589 0.0103749 0.0550561 0.0541761 0.0380945 0.0308422 0.0000000 0.0355132 0.0309106 0.0382333 0.0507083 0.0315385 0.0471095 0.0284133 0.0610257 0.0560747 0.0494187 0.0142922 0.0359862 0.0316056 0.0514721 0.0142239 0.0313715 0.0236819 0.0320495 0.0776324 0.0356375 0.0187144 0.0185621 0.0430653 0.0409612 0.0366419 0.0450624 0.1770151 0.1635151 0.0393241 0.0636888 0.0508518 0.0654612 0.0555287 0.0216215 0.0819391 0.0320054 0.0367507 0.0362380 0.0348314 0.0192172 0.0163561 0.0697002 0.0564481 0.0515536 0.0338748 0.0302227 0.0512386 0.0681407 
Perityle_feddemae_99                       0.0723886 0.0583848 0.0784537 0.2161522 0.0872575 0.1258791 0.1141879 0.1961529 0.0590128 0.0934168 0.0367072 0.0380752 0.0329325 0.0349402 0.0349229 0.0754301 0.0542504 0.0373252 0.0442571 0.0407336 0.0510251 0.0245333 0.0383271 0.0355319 0.0445712 0.0708156 0.0573711 0.0912972 0.0467974 0.0826970 0.0781930 0.0716310 0.0343359 0.0355132 0.0000000 0.0364929 0.0519450 0.0608451 0.0251600 0.0009093 0.0351373 0.0055302 0.0568240 0.0519750 0.0172741 0.0381411 0.0341468 0.0016065 0.0433155 0.0335704 0.0194581 0.0383193 0.0972411 0.0211644 0.0679577 0.0425807 0.0385372 0.0381612 0.0256454 0.0463422 0.2041087 0.1913781 0.0427914 0.0558941 0.0707710 0.0906563 0.0606603 0.0486139 0.1142021 0.0344805 0.0955714 0.0363726 0.0372871 0.0391027 0.0492402 0.0914539 0.0487990 0.0398950 0.0391998 0.0261356 0.0322135 0.0720634 
Perityle_fosteri_93                        0.0728624 0.0711974 0.0753936 0.2220342 0.0978072 0.1301029 0.1065446 0.2147152 0.0630532 0.0906237 0.0015251 0.0066948 0.0008860 0.0160202 0.0007559 0.0775185 0.0432867 0.0054595 0.0114594 0.0104516 0.0071460 0.0200574 0.0052347 0.0025991 0.0205641 0.0533367 0.0526699 0.0986418 0.0586883 0.0918599 0.0905498 0.0778014 0.0015014 0.0309106 0.0364929 0.0000000 0.0461227 0.0390918 0.0039287 0.0426338 0.0045857 0.0655502 0.0489792 0.0245242 0.0055239 0.0074710 0.0037472 0.0425321 0.0066068 0.0030160 0.0032311 0.0146682 0.0737142 0.0409186 0.0504442 0.0203467 0.0347691 0.0097132 0.0561904 0.0554397 0.2072125 0.1608072 0.0062080 0.0512948 0.0409084 0.0775755 0.0631619 0.0023102 0.0653116 0.0030335 0.1013393 0.0081953 0.0067056 0.0037249 0.0055825 0.0790453 0.0571438 0.0090737 0.0045539 0.0486792 0.0287231 0.0706351 
Perityle_gamon_221                         0.0728366 0.0559728 0.0907208 0.2242884 0.0923176 0.1123457 0.1027538 0.2012645 0.0673969 0.1118288 0.0489342 0.0515153 0.0319108 0.0488623 0.0773584 0.0763820 0.0726215 0.0415176 0.0536687 0.0573720 0.0462552 0.1546230 0.0465694 0.0334241 0.0586738 0.0535362 0.0912277 0.0943174 0.0493938 0.1044456 0.1148582 0.0686501 0.0445647 0.0382333 0.0519450 0.0461227 0.0000000 0.0621752 0.0506169 0.0563897 0.0458026 0.1212054 0.0135769 0.0645384 0.0197474 0.0638898 0.0627750 0.0777520 0.0475444 0.0438265 0.0360963 0.0445827 0.0505575 0.0671970 0.0504335 0.0445338 0.0802356 0.0693473 0.0693247 0.0714058 0.1415834 0.0944969 0.0618725 0.0877516 0.0478993 0.0631579 0.0436095 0.0438334 0.0521536 0.0590841 0.0868923 0.0537108 0.0642018 0.0472405 0.0430083 0.0580249 0.1001457 0.0499294 0.0492786 0.0622951 0.1086884 0.0708165 
Perityle_gentryi_8_san_francisco           0.0949898 0.0813220 0.0929224 0.2287151 0.1122754 0.1416081 0.1142242 0.2307631 0.0836601 0.1057286 0.0375987 0.0385089 0.0277623 0.0137339 0.0365659 0.0882390 0.0611882 0.0389437 0.0439404 0.0411371 0.0362800 0.0465294 0.0538139 0.0304776 0.0449825 0.0830596 0.0750718 0.1161043 0.0712288 0.1004777 0.1015208 0.1010703 0.0353799 0.0507083 0.0608451 0.0390918 0.0621752 0.0000000 0.0321446 0.0642554 0.0350730 0.0917797 0.0717253 0.0496687 0.0254549 0.0393801 0.0352381 0.0638024 0.0265929 0.0347182 0.0316096 0.0405142 0.0904777 0.0582736 0.0635611 0.0365364 0.0591343 0.0415314 0.0700216 0.0672974 0.2236909 0.1735213 0.0435335 0.0738371 0.0813905 0.0947089 0.0828098 0.0376398 0.1001223 0.0355567 0.1212344 0.0399970 0.0392934 0.0261374 0.0264702 0.0953453 0.0760617 0.0412759 0.0395955 0.0655363 0.0562183 0.1044177 
Perityle_gilensis_22_Superstition          0.0718047 0.0504461 0.0789031 0.2212183 0.0906093 0.1256344 0.0993823 0.2205986 0.0625521 0.1499708 0.0107024 0.0102071 0.0009266 0.0128488 0.0454326 0.0705751 0.0393665 0.0048030 0.0123383 0.0112660 0.0093336 0.0758884 0.0537476 0.0169083 0.0197200 0.0942419 0.0513251 0.0927838 0.0523438 0.0923629 0.0989669 0.0730373 0.0054219 0.0315385 0.0251600 0.0039287 0.0506169 0.0321446 0.0000000 0.0395037 0.0036738 0.0794218 0.0582120 0.0233500 0.0033997 0.0325849 0.0062563 0.0454844 0.0030832 0.0021091 0.0014235 0.0092122 0.0685739 0.0268635 0.0433172 0.0157178 0.0344867 0.0543579 0.0420149 0.0397406 0.1984376 0.1543565 0.0515121 0.0452343 0.0515060 0.0749458 0.0673472 0.0072587 0.0683040 0.0042495 0.1056423 0.0106990 0.0071228 0.0009459 0.0028928 0.0757705 0.0685766 0.0311568 0.0082399 0.0355012 0.0494160 0.1209024 
Perityle_glaucescens_94                    0.0817979 0.0656730 0.0940921 0.2320759 0.1023821 0.1387844 0.1177996 0.1846552 0.0705057 0.1084462 0.0422950 0.0462963 0.0402217 0.0422368 0.0412428 0.0810239 0.0584445 0.0441982 0.0478546 0.0487227 0.0568008 0.0321986 0.1059504 0.0450875 0.0483865 0.1378054 0.0555744 0.1011779 0.0519345 0.0877905 0.0864467 0.0837354 0.0404033 0.0471095 0.0009093 0.0426338 0.0563897 0.0642554 0.0395037 0.0000000 0.0414326 0.0008830 0.0594006 0.0546599 0.0240549 0.0465843 0.0397466 0.0015372 0.0486447 0.0381978 0.0234899 0.0476566 0.1183874 0.0211524 0.0768285 0.0478863 0.0433777 0.0490027 0.0227243 0.0501592 0.2208319 0.2042390 0.0502264 0.0558524 0.1030916 0.1051480 0.0758860 0.0532244 0.1366521 0.0411518 0.1070007 0.0420174 0.0445882 0.0455376 0.0521941 0.1068698 0.0515123 0.0738948 0.0429289 0.0302914 0.0408694 0.1361070 
Perityle_gracilis_11                       0.0711152 0.0712560 0.0721715 0.2233464 0.0936153 0.1299446 0.1037449 0.2172274 0.0612130 0.0908966 0.0065104 0.0062958 0.0000010 0.0100907 0.0057475 0.0793809 0.0421599 0.0053643 0.0137472 0.0093468 0.0090143 0.0165615 0.0328559 0.0008552 0.0200349 0.0762573 0.0486466 0.0977323 0.0583369 0.0903212 0.0886218 0.0752386 0.0035930 0.0284133 0.0351373 0.0045857 0.0458026 0.0350730 0.0036738 0.0414326 0.0000000 0.0558614 0.0490353 0.0237424 0.0044130 0.0006876 0.0028157 0.0409274 0.0033523 0.0021301 0.0023091 0.0130194 0.0705709 0.0387589 0.0470558 0.0172261 0.0323254 0.0084195 0.0478178 0.0510585 0.2060195 0.1548565 0.0110428 0.0488197 0.0627253 0.0767392 0.0612790 0.0058332 0.0695709 0.0035590 0.1023058 0.0077039 0.0057920 0.0018813 0.0000010 0.0774166 0.0547871 0.0113927 0.0064781 0.0461115 0.0268249 0.0863917 
Perityle_harkerae_31                       0.1036528 0.0652134 0.1017294 0.2256324 0.1311802 0.1334122 0.1170853 0.2220354 0.1081934 0.1284600 0.0918197 0.0715620 0.0389539 0.0910432 0.0851872 0.0805098 0.0720735 0.0535051 0.0747262 0.0939540 0.0566471 0.0841089 0.0800683 0.0404828 0.0974830 0.1134450 0.0946458 0.1239192 0.0497632 0.1271189 0.1483315 0.1031463 0.0767186 0.0610257 0.0055302 0.0655502 0.1212054 0.0917797 0.0794218 0.0008830 0.0558614 0.0000000 0.1084910 0.0930372 0.0238879 0.0890556 0.0864242 0.0465650 0.0985527 0.0627719 0.0633147 0.0675604 0.1318469 0.0412362 0.0737257 0.0462912 0.0714310 0.0923245 0.0631055 0.0507396 0.2497790 0.2037659 0.0978221 0.0878791 0.1177719 0.1205733 0.0913151 0.0530304 0.1655035 0.0872251 0.1173960 0.0815244 0.0906566 0.0735407 0.0519345 0.1183324 0.0924071 0.0610377 0.0820351 0.0325397 0.0861208 0.1304131 
Perityle_hofmeisteria_4_nombre_de_dios     0.0981357 0.0730384 0.1040579 0.2422754 0.1154397 0.1456398 0.1182139 0.2460028 0.0881803 0.1243829 0.0508435 0.0550015 0.0383075 0.0512658 0.0678086 0.0893102 0.0700813 0.0466303 0.0580441 0.0616218 0.0480688 0.1148147 0.1002122 0.0426019 0.0639235 0.1260685 0.0807322 0.1170653 0.0724508 0.1193048 0.1257742 0.1005491 0.0486491 0.0560747 0.0568240 0.0489792 0.0135769 0.0717253 0.0582120 0.0594006 0.0490353 0.1084910 0.0000000 0.0666297 0.0337528 0.0628439 0.0601067 0.0718524 0.0492457 0.0470208 0.0402629 0.0549867 0.0962141 0.0595413 0.0745120 0.0538856 0.0703839 0.0669367 0.0687469 0.0666636 0.2313381 0.2043440 0.0626163 0.0771009 0.0972830 0.1019501 0.0864840 0.0517787 0.1055157 0.0571853 0.1208484 0.0560762 0.0640860 0.0471368 0.0482230 0.1011688 0.0875532 0.0771801 0.0513406 0.0650177 0.0860619 0.1486753 
Perityle_huecosensis_48                    0.0963114 0.0887845 0.0965127 0.2321282 0.1172406 0.1480758 0.1118374 0.2287188 0.0850626 0.1171985 0.0270948 0.0315369 0.0225459 0.0279863 0.0339034 0.1041153 0.0641132 0.0257577 0.0320240 0.0296491 0.0287347 0.0628405 0.0563511 0.0280354 0.0388821 0.0931827 0.0761477 0.1187666 0.0677363 0.1168519 0.1066349 0.0954712 0.0227047 0.0494187 0.0519750 0.0245242 0.0645384 0.0496687 0.0233500 0.0546599 0.0237424 0.0930372 0.0666297 0.0000000 0.0219768 0.0276679 0.0234049 0.0588432 0.0268314 0.0243119 0.0190629 0.0285423 0.0885366 0.0563229 0.0659211 0.0364682 0.0555627 0.0323475 0.0721990 0.0659090 0.2280644 0.1642855 0.0311029 0.0680622 0.0736201 0.0985530 0.0814353 0.0302931 0.0889904 0.0253775 0.1237127 0.0316218 0.0270948 0.0227827 0.0278208 0.0979180 0.0742355 0.0407283 0.0260515 0.0654871 0.0725110 0.1208810 
Perityle_incana_3_ucla                     0.0539239 0.0406266 0.0677832 0.2186403 0.0772781 0.1165771 0.0940618 0.1337498 0.0427013 0.0821261 0.0055918 0.0097731 0.0033222 0.0110351 0.0056139 0.0589766 0.0277550 0.0087015 0.0100584 0.0131043 0.0152844 0.0034202 0.0076433 0.0043764 0.0121988 0.0518750 0.0321265 0.0823811 0.0499143 0.0664057 0.0666185 0.0528819 0.0054780 0.0142922 0.0172741 0.0055239 0.0197474 0.0254549 0.0033997 0.0240549 0.0044130 0.0238879 0.0337528 0.0219768 0.0000000 0.0109123 0.0054703 0.0220851 0.0032566 0.0054601 0.0023522 0.0066442 0.0817294 0.0200384 0.0436474 0.0071231 0.0186687 0.0109009 0.0276011 0.0375323 0.2219661 0.1230996 0.0138901 0.0299985 0.0098782 0.0748102 0.0632713 0.0099221 0.0851857 0.0055153 0.0810846 0.0086785 0.0086962 0.0038761 0.0089889 0.0755904 0.0263030 0.0119918 0.0078585 0.0288764 0.0181881 0.0174535 
Perityle_intricata_59_Clark_mtns           0.0781478 0.0754043 0.0840470 0.2301357 0.1019909 0.1400681 0.1042085 0.2290675 0.0712322 0.1197867 0.0126718 0.0123682 0.0052706 0.0203085 0.0308183 0.0855515 0.0460751 0.0083648 0.0166911 0.0132830 0.0143066 0.0810304 0.0628357 0.0075053 0.0236292 0.1074744 0.0566146 0.1016784 0.0612839 0.1063474 0.1139023 0.0816669 0.0084181 0.0359862 0.0381411 0.0074710 0.0638898 0.0393801 0.0325849 0.0465843 0.0006876 0.0890556 0.0628439 0.0276679 0.0109123 0.0000000 0.0070755 0.0514728 0.0068936 0.0047115 0.0042299 0.0154311 0.0723588 0.0393562 0.0528751 0.0230722 0.0410145 0.0139505 0.0521725 0.0543555 0.2101110 0.1623748 0.0211819 0.0527284 0.0637978 0.0825029 0.0721236 0.0126852 0.0666494 0.0084409 0.1112388 0.0126692 0.0103698 0.0054018 0.0041134 0.0838450 0.0688736 0.0339082 0.0118424 0.0486868 0.0542474 0.1244606 
