82
Amauria_brandeegeana_62                    0.0000000 0.0225266 0.3176475 0.3403781 0.2779794 0.2530732 0.3096375 0.2026881 0.4009634 0.2548937 0.3131733 0.2554564 0.3337390 0.2608649 0.0966494 0.2811163 0.2144205 0.2481376 0.2402288 0.2801137 0.2129871 0.0710944 0.2913053 0.2687915 0.2491934 0.1653057 0.4054293 0.3153829 0.2202599 0.0910635 0.3446819 0.2978031 0.2532824 0.1278673 0.3586598 0.3251583 0.2457924 0.2892447 0.2966808 0.2146671 0.2914975 0.3281905 0.2613860 0.3352357 0.2970654 0.3118372 0.2499684 0.2625988 0.2532689 0.2264671 0.2905906 0.2297263 0.2769886 0.3034575 0.2146190 0.1241982 0.1278983 0.1337768 0.2783706 0.2607779 0.3279930 0.0641473 0.3248811 0.1089276 0.3209015 0.3274106 0.3201554 0.2470073 0.2882075 0.2918274 0.3347906 0.2669807 0.2309054 0.2883977 0.1031660 0.2869800 0.3257467 0.2485964 0.2992180 0.1205585 0.2825742 0.3033774 
Amauria_carterae_99_mesa                   0.0225266 0.0000000 0.2359870 0.1754730 0.1247409 0.1201043 0.2112906 0.1958840 0.2348720 0.0901216 0.1320032 0.1613884 0.1676662 0.1485768 0.1249569 0.1668313 0.1437092 0.1542255 0.1445309 0.1437147 0.1432485 0.0798823 0.1661891 0.1432363 0.1415787 0.1681441 0.2013084 0.1674800 0.1189181 0.1047899 0.1227686 0.1364740 0.0879877 0.1454861 0.1341066 0.1459681 0.1484907 0.1456068 0.1920106 0.1605506 0.1603376 0.1381482 0.1383222 0.1373117 0.1727809 0.1629783 0.1455808 0.1416984 0.1551595 0.1373697 0.1607910 0.1699072 0.1598167 0.1780517 0.1445219 0.0804579 0.1521696 0.1352367 0.1574867 0.1381046 0.1696535 0.0606751 0.1697614 0.1356985 0.1538174 0.1712152 0.1730994 0.1735633 0.1557507 0.1641802 0.1468827 0.1492191 0.1430587 0.1282227 0.1170682 0.1047789 0.1944577 0.1488502 0.1491424 0.0713996 0.1604651 0.1347000 
Amauria_rotundifolia_SRR9119150            0.3176475 0.2359870 0.0000000 0.2685717 0.1877875 0.2161319 0.2658514 0.2363511 0.4125714 0.1835448 0.2071535 0.2662897 0.3143077 0.3043850 0.1552316 0.2622294 0.2413991 0.2944131 0.2710768 0.2876382 0.2492285 0.1073449 0.3078665 0.3180685 0.2724441 0.2187286 0.3600620 0.3151486 0.1941966 0.1046072 0.2314570 0.2120520 0.1709422 0.1923019 0.2602594 0.3163666 0.2716760 0.3351418 0.2713629 0.2413888 0.3057478 0.3251453 0.2821600 0.3216554 0.2502508 0.3038791 0.2555339 0.2974305 0.2804196 0.3293246 0.3026764 0.2844990 0.3080156 0.3258284 0.2570698 0.1341741 0.2137267 0.2068410 0.2911947 0.2936849 0.2808544 0.1064482 0.2562745 0.1758978 0.3034445 0.2850368 0.3240417 0.2904662 0.3051877 0.3165883 0.2525989 0.2900992 0.2533065 0.3404843 0.1465753 0.2305222 0.2530794 0.2713286 0.3193288 0.1859698 0.3000849 0.2145177 
Conoclinium_coelestinum_SRR9119114         0.3403781 0.1754730 0.2685717 0.0000000 0.1999613 0.1469851 0.1704282 0.1967960 0.3840256 0.1820218 0.2333818 0.2416902 0.3338684 0.2877283 0.1269708 0.2101216 0.2258459 0.1906502 0.1915378 0.2750373 0.2032922 0.0867182 0.3056726 0.2684307 0.2568263 0.1817718 0.3256156 0.3097041 0.1663825 0.1036968 0.2744818 0.2326691 0.1567268 0.1216845 0.2530700 0.2988520 0.2815737 0.3190536 0.2508928 0.2200841 0.2860775 0.2633579 0.2448133 0.2586393 0.2767987 0.3184059 0.2221712 0.2824003 0.2150258 0.2877710 0.2947888 0.2739536 0.2776907 0.3118094 0.1963134 0.1756724 0.1584496 0.1357777 0.2802954 0.2725815 0.2986877 0.0993992 0.2533160 0.1074720 0.3118940 0.2901472 0.3200742 0.2886002 0.2802652 0.3122472 0.2412162 0.2776152 0.1995582 0.2949616 0.1059183 0.2910912 0.2602868 0.2460231 0.2772288 0.1897132 0.2991335 0.2307656 
Eutetras_palmeri_63                        0.2779794 0.1247409 0.1877875 0.1999613 0.0000000 0.0171101 0.1716619 0.1530182 0.3696652 0.0994753 0.1724654 0.2355789 0.3104634 0.2649450 0.0917486 0.1325438 0.2051757 0.1949966 0.1928916 0.2747265 0.1786551 0.0747697 0.2959055 0.2709598 0.2554748 0.1432574 0.3146257 0.2884461 0.0901106 0.0700383 0.1740154 0.1386585 0.0867421 0.0855855 0.1787454 0.2377634 0.2559237 0.2505158 0.1742008 0.1994254 0.2882499 0.2414648 0.2621636 0.2344458 0.2455396 0.3346118 0.2114356 0.2682796 0.2168097 0.2296289 0.2788560 0.2542909 0.2858569 0.2873914 0.1907923 0.1002601 0.1441398 0.1025519 0.2780860 0.2715242 0.2828501 0.0754007 0.1655088 0.0751944 0.3323686 0.2827357 0.3207376 0.2370024 0.2951374 0.2947749 0.1414200 0.2845747 0.1971582 0.2709732 0.0873505 0.2111911 0.2398092 0.2314891 0.2620843 0.1425414 0.2992251 0.1197304 
Eutetras_pringlei_149_quer                 0.2530732 0.1201043 0.2161319 0.1469851 0.0171101 0.0000000 0.1408422 0.1565176 0.2728514 0.1004056 0.1229026 0.1765787 0.2680499 0.2317768 0.0915050 0.1226314 0.1498798 0.2053518 0.1972688 0.2257040 0.1820539 0.0767955 0.2375595 0.2104540 0.2148117 0.0985114 0.2587963 0.2073999 0.1016321 0.0758570 0.1077401 0.1089947 0.1002122 0.0977635 0.1095571 0.2609941 0.1730046 0.2706274 0.1439582 0.1454037 0.2283273 0.2579699 0.2325770 0.2566547 0.1929284 0.2452386 0.1689777 0.2321139 0.2250941 0.2283061 0.2348588 0.1946624 0.2358569 0.2279914 0.1670037 0.0855665 0.1330925 0.1079438 0.2264255 0.2321612 0.1957404 0.0826427 0.1558399 0.0828230 0.2310867 0.2045347 0.2301028 0.2069654 0.2400627 0.2394922 0.1234055 0.2270338 0.1991276 0.2364033 0.0943835 0.1775234 0.1872087 0.1851922 0.2721586 0.1338960 0.2340059 0.1115026 
Eutrochium_fistulosum_SRR9119106           0.3096375 0.2112906 0.2658514 0.1704282 0.1716619 0.1408422 0.0000000 0.1575339 0.3674271 0.1631758 0.1866112 0.2166648 0.3265246 0.2687864 0.1506787 0.2008335 0.1979126 0.2199809 0.1993527 0.2743327 0.2039192 0.1266992 0.3038104 0.2988239 0.2911043 0.2010718 0.3016743 0.2775929 0.1290654 0.1098210 0.2311955 0.1748338 0.1383417 0.1645764 0.2165998 0.2803449 0.2769813 0.3205969 0.2218593 0.1942545 0.2998094 0.2534152 0.2848102 0.2502947 0.2233676 0.3152369 0.1832549 0.3036905 0.2290196 0.2777875 0.2937620 0.2677293 0.3037758 0.2851807 0.2064805 0.1931878 0.1755761 0.1571342 0.3118513 0.3039884 0.2445597 0.0920257 0.2292584 0.1203701 0.2995419 0.2622512 0.3158954 0.2932998 0.3124678 0.3024279 0.2130371 0.3018938 0.2146391 0.2938409 0.1268893 0.2218590 0.2522588 0.2316329 0.2963024 0.1783546 0.3204996 0.1957219 
Galeana_pratensis_104_mex                  0.2026881 0.1958840 0.2363511 0.1967960 0.1530182 0.1565176 0.1575339 0.0000000 0.2234786 0.1509603 0.1801527 0.1856272 0.1864940 0.1838611 0.1579681 0.2025183 0.1726424 0.1593081 0.1593278 0.1736381 0.1570788 0.1108711 0.1839603 0.1416705 0.1739792 0.1749801 0.2109252 0.2169444 0.1257564 0.1174808 0.1797918 0.1907250 0.1439824 0.1498914 0.1563586 0.2312180 0.2053821 0.2016224 0.2132302 0.1785458 0.1819658 0.1936976 0.1492341 0.1944029 0.2226724 0.2004042 0.1613735 0.1795744 0.1592280 0.2219914 0.1756703 0.1940775 0.1820736 0.1905662 0.1858237 0.1555731 0.1861630 0.1420391 0.1753976 0.1751214 0.2213502 0.1302919 0.1922410 0.1327602 0.1791857 0.2164979 0.1899518 0.2484436 0.1795376 0.1858092 0.1760357 0.1725267 0.1514089 0.1777473 0.1393924 0.2014212 0.2360692 0.1839461 0.1856472 0.1271715 0.1839981 0.1670885 
Helianthus_annuus_SRR9119062               0.4009634 0.2348720 0.4125714 0.3840256 0.3696652 0.2728514 0.3674271 0.2234786 0.0000000 0.3304422 0.3733828 0.3102014 0.3740658 0.3528606 0.1755667 0.3798455 0.2622847 0.2600487 0.2438536 0.3454006 0.2479656 0.1213092 0.3477126 0.2991967 0.3107561 0.2472045 0.4392002 0.3709210 0.2348572 0.1348127 0.4083084 0.3988167 0.2827175 0.1808151 0.3675359 0.4488548 0.3394802 0.4411723 0.4048233 0.2718898 0.3446603 0.3816160 0.2701250 0.4026464 0.3895398 0.3677554 0.2789406 0.3240254 0.2662659 0.3792432 0.3477464 0.3269768 0.3435976 0.3383097 0.2746928 0.2352284 0.2377800 0.1724282 0.3381216 0.3321559 0.3861896 0.1384206 0.3930803 0.1461382 0.3625172 0.3866936 0.3321320 0.3653564 0.3409113 0.3519018 0.3601087 0.3349553 0.2651772 0.3455587 0.1449621 0.3899345 0.4207012 0.3089874 0.3443970 0.2079871 0.3521886 0.3664320 
Lycapsus_tenuifolius_17                    0.2548937 0.0901216 0.1835448 0.1820218 0.0994753 0.1004056 0.1631758 0.1509603 0.3304422 0.0000000 0.1215400 0.1862335 0.2746216 0.2208961 0.0643628 0.1312812 0.1443551 0.1841358 0.1639736 0.2289189 0.1580303 0.0649845 0.2943423 0.3177003 0.2486158 0.0938435 0.2533645 0.2047630 0.0584457 0.0146416 0.1546932 0.1078981 0.0011095 0.0665997 0.1177863 0.2388058 0.1922965 0.2496654 0.1508124 0.1412622 0.2732635 0.2329045 0.2463243 0.2299131 0.1797251 0.3045623 0.1555943 0.2886868 0.1987836 0.2146583 0.2458562 0.1944975 0.2867434 0.2353171 0.1730712 0.1036396 0.1174539 0.0799469 0.2667581 0.2799311 0.1869060 0.0666870 0.1478825 0.0662443 0.2910973 0.1936870 0.2924105 0.2340609 0.2639848 0.2971777 0.1055046 0.2692536 0.1713830 0.2523834 0.0628853 0.1971680 0.1517813 0.1888953 0.2468180 0.1147770 0.2924458 0.0952634 
Pericome_caudata_50_silver                 0.3131733 0.1320032 0.2071535 0.2333818 0.1724654 0.1229026 0.1866112 0.1801527 0.3733828 0.1215400 0.0000000 0.2699102 0.3635797 0.3189261 0.1068131 0.1283350 0.2583763 0.2199072 0.2119309 0.3197109 0.1907886 0.0900166 0.3926644 0.3680964 0.2786703 0.1547639 0.3585350 0.2925989 0.0953022 0.0640637 0.2082600 0.1617903 0.1045481 0.1077894 0.1927331 0.2505083 0.3096510 0.2714743 0.1923442 0.2720149 0.3342195 0.2476764 0.2718171 0.2278296 0.2317166 0.4024090 0.2459263 0.3167262 0.2377986 0.2344933 0.3386825 0.2748778 0.3375346 0.3301500 0.2117974 0.1282926 0.1462289 0.1215852 0.2985069 0.3198075 0.2555531 0.0755883 0.1867550 0.0900557 0.4097227 0.2706264 0.3797117 0.2715494 0.3286285 0.3925099 0.1713530 0.3184662 0.2063090 0.2888450 0.0979782 0.2363518 0.2399932 0.2903264 0.2830408 0.1425587 0.3542115 0.1471403 
Perityle_aglossa_84_dead_horse             0.2554564 0.1613884 0.2662897 0.2416902 0.2355789 0.1765787 0.2166648 0.1856272 0.3102014 0.1862335 0.2699102 0.0000000 0.0847291 0.0693917 0.0050063 0.1494975 0.0481890 0.1054959 0.0271657 0.0473751 0.0311392 0.0114993 0.0566449 0.0315025 0.0219762 0.0374264 0.2366814 0.3621020 0.1685625 0.0587047 0.2926229 0.2363218 0.1535042 0.0145020 0.2829020 0.3318215 0.1389454 0.2398117 0.1905942 0.0554456 0.0632875 0.3100285 0.0284508 0.3108227 0.3220998 0.0624851 0.1070416 0.0336731 0.0285994 0.2903421 0.0517325 0.0775164 0.0448962 0.0793353 0.0341133 0.1307105 0.0828097 0.0211631 0.0499605 0.0325217 0.3453842 0.0660797 0.2355644 0.0239298 0.0068535 0.3470283 0.0797179 0.2865283 0.0536995 0.0547919 0.2355518 0.0640093 0.0345795 0.0767487 0.0150009 0.2387024 0.3233729 0.0605486 0.0176776 0.1416512 0.0708035 0.2297889 
Perityle_ajoensis_204                      0.3337390 0.1676662 0.3143077 0.3338684 0.3104634 0.2680499 0.3265246 0.1864940 0.3740658 0.2746216 0.3635797 0.0847291 0.0000000 0.0938467 0.0049820 0.2356928 0.0360536 0.1520686 0.0914617 0.0836792 0.0767134 0.0225816 0.1115074 0.1675125 0.1059929 0.0332569 0.3362895 0.4500044 0.2291295 0.0643565 0.3579358 0.2904917 0.2664470 0.0181586 0.3877481 0.3944304 0.1667555 0.3486847 0.2354984 0.0406839 0.1112283 0.3872710 0.1312733 0.3969463 0.4064514 0.1750476 0.1261026 0.1191350 0.0981946 0.2847173 0.1127012 0.1144489 0.1199430 0.1219843 0.0399653 0.1379196 0.0870417 0.0277010 0.1150185 0.1129409 0.4017905 0.0700703 0.3145636 0.0198687 0.1705956 0.4126188 0.1364533 0.2834061 0.1030821 0.1131880 0.3450217 0.1159182 0.0959407 0.1554019 0.0292548 0.3034892 0.4156319 0.0929543 0.1258555 0.1586309 0.1100301 0.3071855 
Perityle_ambrosiifolia_67_green            0.2608649 0.1485768 0.3043850 0.2877283 0.2649450 0.2317768 0.2687864 0.1838611 0.3528606 0.2208961 0.3189261 0.0693917 0.0938467 0.0000000 0.0118241 0.1983048 0.0259436 0.1138098 0.0269648 0.0626267 0.0088697 0.0023069 0.0380680 0.0382837 0.0120775 0.0362050 0.2548841 0.3865223 0.1916116 0.0612174 0.3262695 0.2620791 0.2056876 0.0091593 0.3301470 0.3465778 0.1426115 0.2867246 0.2088712 0.0354407 0.0351514 0.3230807 0.0074558 0.3267328 0.3551509 0.1021112 0.1151426 0.0139103 0.0127670 0.2710216 0.0367143 0.0710511 0.0171108 0.0700353 0.0353235 0.1307920 0.0711134 0.0180143 0.0223028 0.0134740 0.3629929 0.0608338 0.2689538 0.0202484 0.0916598 0.3653764 0.0636776 0.2635923 0.0458770 0.0374382 0.2844034 0.0198288 0.0138940 0.1044960 0.0222910 0.2705508 0.3526043 0.0459351 0.0483814 0.1363650 0.0203336 0.2468610 
Perityle_angustifolia_13_Eagle_creek       0.0966494 0.1249569 0.1552316 0.1269708 0.0917486 0.0915050 0.1506787 0.1579681 0.1755667 0.0643628 0.1068131 0.0050063 0.0049820 0.0118241 0.0000000 0.0784900 0.0034383 0.0764911 0.0069716 0.0017305 0.0050178 0.0023585 0.0150997 0.0020276 0.0033644 0.0123689 0.1081409 0.1569845 0.0766873 0.0603813 0.0994107 0.0660237 0.0643521 0.0000010 0.0743782 0.1820011 0.0713898 0.1415933 0.0847356 0.0084392 0.0082880 0.1575028 0.0034859 0.1670740 0.1813016 0.0234441 0.0436811 0.0051020 0.0069028 0.1632861 0.0067597 0.0116424 0.0100809 0.0225276 0.0000010 0.0864443 0.0783991 0.0071857 0.0083666 0.0050992 0.1554615 0.0638017 0.0833635 0.0144799 0.0050085 0.1501748 0.0207568 0.1684441 0.0083697 0.0167654 0.1025640 0.0034190 0.0136098 0.0067737 0.0057988 0.1094254 0.1616717 0.0149934 0.0099520 0.0703785 0.0050646 0.0859773 
Perityle_batopilensis_97                   0.2811163 0.1668313 0.2622294 0.2101216 0.1325438 0.1226314 0.2008335 0.2025183 0.3798455 0.1312812 0.1283350 0.1494975 0.2356928 0.1983048 0.0784900 0.0000000 0.1096833 0.2294261 0.1798116 0.1820795 0.1705728 0.0259885 0.2193216 0.2458148 0.1975465 0.1038138 0.2271569 0.2312955 0.1134580 0.0750186 0.1836287 0.1260773 0.1041960 0.1061883 0.1449168 0.2844126 0.1416206 0.2854730 0.0314234 0.1261783 0.2077891 0.2798540 0.2241275 0.2641202 0.2356025 0.2135463 0.1664497 0.2054765 0.1997000 0.3005260 0.2155983 0.1751994 0.2112564 0.2155780 0.1468492 0.1366362 0.1134746 0.1010888 0.2013292 0.2029721 0.2053470 0.0663333 0.1886184 0.0657872 0.2058480 0.2169781 0.2215631 0.2747007 0.2078039 0.2188989 0.1589397 0.2060135 0.1870993 0.2207069 0.0526074 0.1795470 0.1908823 0.1612153 0.2207631 0.1334074 0.2090186 0.1417245 
Perityle_bisetosa_9                        0.2144205 0.1437092 0.2413991 0.2258459 0.2051757 0.1498798 0.1979126 0.1726424 0.2622847 0.1443551 0.2583763 0.0481890 0.0360536 0.0259436 0.0034383 0.1096833 0.0000000 0.0962316 0.0147540 0.0136124 0.0146918 0.0045893 0.0276319 0.0072513 0.0131461 0.0288115 0.2476403 0.4077891 0.1227510 0.0585164 0.2596803 0.2039986 0.1169517 0.0018704 0.2587700 0.2732058 0.1202679 0.1801841 0.1422681 0.0221836 0.0303919 0.2515378 0.0107959 0.2538054 0.2839403 0.0920210 0.1021148 0.0181039 0.0147838 0.2408124 0.0130514 0.0569957 0.0252969 0.0595773 0.0220997 0.1254822 0.0656939 0.0082807 0.0267935 0.0212529 0.3078498 0.0630721 0.2088946 0.0122897 0.0804590 0.3366339 0.0574952 0.2252146 0.0261129 0.0277042 0.2007972 0.0299205 0.0195864 0.0458858 0.0076836 0.2048588 0.3127184 0.0740945 0.0282123 0.1370266 0.0291039 0.1771352 
Perityle_californica_76_positas            0.2481376 0.1542255 0.2944131 0.1906502 0.1949966 0.2053518 0.2199809 0.1593081 0.2600487 0.1841358 0.2199072 0.1054959 0.1520686 0.1138098 0.0764911 0.2294261 0.0962316 0.0000000 0.1202870 0.0961945 0.1131251 0.0703620 0.1084238 0.1166035 0.1046548 0.0951660 0.3070526 0.3144552 0.2079347 0.0667791 0.1857959 0.1911008 0.1842287 0.0922667 0.2137534 0.3325204 0.2108547 0.2699965 0.2506350 0.0998677 0.1198253 0.3290263 0.1114302 0.3300692 0.3268673 0.1366690 0.0719762 0.1172477 0.1168999 0.2822378 0.1100082 0.1138028 0.1202860 0.1347944 0.1070453 0.0800289 0.1388267 0.0935779 0.1161688 0.1174240 0.2972033 0.0714974 0.2220591 0.0981075 0.1053999 0.3070192 0.1346250 0.2585220 0.1133151 0.1066227 0.2247996 0.1186817 0.1165185 0.1817724 0.0879856 0.2051273 0.3161505 0.1128234 0.1111156 0.1387888 0.1150321 0.2106316 
Perityle_castillonii_96                    0.2402288 0.1445309 0.2710768 0.1915378 0.1928916 0.1972688 0.1993527 0.1593278 0.2438536 0.1639736 0.2119309 0.0271657 0.0914617 0.0269648 0.0069716 0.1798116 0.0147540 0.1202870 0.0000000 0.0252622 0.0226844 0.0046368 0.0325646 0.0377343 0.0162366 0.0238789 0.2629055 0.2848954 0.1871437 0.0618369 0.2045414 0.1745863 0.1637920 0.0146102 0.1840407 0.3143971 0.1366018 0.2577911 0.1899907 0.0264509 0.0386598 0.3028731 0.0229970 0.3027656 0.2762301 0.0524876 0.0781926 0.0218025 0.0195171 0.2599228 0.0275273 0.0361844 0.0254665 0.0551043 0.0153823 0.0873357 0.0896528 0.0265592 0.0270341 0.0216067 0.2603161 0.0664125 0.2060038 0.0182023 0.0285613 0.2728047 0.0523260 0.2384370 0.0316600 0.0324569 0.2077293 0.0272992 0.0226173 0.1158586 0.0203321 0.1850454 0.2609279 0.0385062 0.0363150 0.1234817 0.0228219 0.1929180 
Perityle_cernua_84                         0.2801137 0.1437147 0.2876382 0.2750373 0.2747265 0.2257040 0.2743327 0.1736381 0.3454006 0.2289189 0.3197109 0.0473751 0.0836792 0.0626267 0.0017305 0.1820795 0.0136124 0.0961945 0.0252622 0.0000000 0.0252403 0.0046416 0.0791554 0.1137178 0.0742173 0.0222486 0.2482720 0.3384741 0.1824766 0.0548727 0.3299899 0.2392458 0.2241520 0.0037680 0.3296190 0.3366421 0.1294138 0.2922921 0.1906957 0.0170055 0.0712730 0.3263539 0.0897104 0.3452024 0.3467672 0.1121204 0.0879293 0.0840634 0.0576218 0.2577566 0.0752899 0.0777079 0.0839781 0.0984448 0.0208274 0.1204557 0.0612026 0.0050287 0.0867139 0.0797738 0.3537388 0.0609353 0.2712345 0.0124750 0.1148087 0.3589471 0.1084893 0.2559988 0.0746755 0.0771662 0.2921274 0.0835403 0.0407301 0.0889743 0.0095148 0.2787429 0.3324753 0.0282295 0.0917211 0.1344917 0.0817084 0.2741597 
Perityle_cfvillosa_25_tin                  0.2129871 0.1432485 0.2492285 0.2032922 0.1786551 0.1820539 0.2039192 0.1570788 0.2479656 0.1580303 0.1907886 0.0311392 0.0767134 0.0088697 0.0050178 0.1705728 0.0146918 0.1131251 0.0226844 0.0252403 0.0000000 0.0022866 0.0296188 0.0343946 0.0020258 0.0210170 0.2293147 0.2585264 0.1732522 0.0560183 0.1857708 0.1613968 0.1578623 0.0072155 0.1805347 0.3075103 0.1338735 0.2292482 0.1770876 0.0232104 0.0279543 0.2886066 0.0037816 0.2918365 0.2648964 0.0480806 0.0751669 0.0041014 0.0066987 0.2632951 0.0260194 0.0357638 0.0062942 0.0463170 0.0194468 0.0987304 0.0808707 0.0179267 0.0070749 0.0030349 0.2434715 0.0579621 0.1866896 0.0160682 0.0269643 0.2461474 0.0436640 0.2290076 0.0324942 0.0310187 0.2035184 0.0102628 0.1006875 0.0957356 0.0152509 0.1844750 0.2529529 0.0339584 0.0372480 0.1193691 0.0040368 0.1871941 
Perityle_cinerea_113_Powell1310            0.0710944 0.0798823 0.1073449 0.0867182 0.0747697 0.0767955 0.1266992 0.1108711 0.1213092 0.0649845 0.0900166 0.0114993 0.0225816 0.0023069 0.0023585 0.0259885 0.0045893 0.0703620 0.0046368 0.0046416 0.0022866 0.0000000 0.0291772 0.0078763 0.0201403 0.0024370 0.0300222 0.0642899 0.0880385 0.0589954 0.0847321 0.0407083 0.0651081 0.0023477 0.0597448 0.0914395 0.0271558 0.0764398 0.0325788 0.0068798 0.0290732 0.0794022 0.0182208 0.0939305 0.0928479 0.0409365 0.0293579 0.0205640 0.0159199 0.0788923 0.0093513 0.0160133 0.0270014 0.0143233 0.0091199 0.0683662 0.0230548 0.0023596 0.0201582 0.0203445 0.0726075 0.0537260 0.0484218 0.0118341 0.0249273 0.0543436 0.0280466 0.1045483 0.0202950 0.0291772 0.1052703 0.0201958 0.0045802 0.0022988 0.0091420 0.1125196 0.0783681 0.0136482 0.0137402 0.0499403 0.0269761 0.0778580 
Perityle_coahuilensis_24                   0.2913053 0.1661891 0.3078665 0.3056726 0.2959055 0.2375595 0.3038104 0.1839603 0.3477126 0.2943423 0.3926644 0.0566449 0.1115074 0.0380680 0.0150997 0.2193216 0.0276319 0.1084238 0.0325646 0.0791554 0.0296188 0.0291772 0.0000000 0.1302675 0.0270185 0.0386639 0.3069989 0.4277974 0.2029047 0.0670680 0.3879203 0.2763010 0.2653103 0.0182475 0.3580114 0.3616366 0.1710509 0.3138782 0.2272801 0.0038593 0.0350543 0.3382344 0.0272310 0.3751947 0.3872583 0.0953040 0.1118064 0.0417215 0.0300554 0.2721055 0.0233529 0.0647500 0.0450391 0.0739053 0.0402698 0.1332246 0.0821230 0.0228756 0.0392743 0.0509677 0.3723063 0.0623493 0.2951016 0.0338909 0.0896778 0.3862288 0.0750530 0.3006747 0.0437697 0.0038222 0.3334096 0.0400690 0.0372986 0.1171096 0.0349114 0.3132891 0.3997476 0.0983036 0.0483432 0.1449690 0.0436254 0.3838985 
Perityle_cochisensis_44_cave_creek         0.2687915 0.1432363 0.3180685 0.2684307 0.2709598 0.2104540 0.2988239 0.1416705 0.2991967 0.3177003 0.3680964 0.0315025 0.1675125 0.0382837 0.0020276 0.2458148 0.0072513 0.1166035 0.0377343 0.1137178 0.0343946 0.0078763 0.1302675 0.0000000 0.0691745 0.0136682 0.3062794 0.2503336 0.1915324 0.0663720 0.3588722 0.1929766 0.2904828 0.0075196 0.2697138 0.3379594 0.1787475 0.3297530 0.2265040 0.0162465 0.0793273 0.3191261 0.0748508 0.3960331 0.3921462 0.1438158 0.0726260 0.1396719 0.0358693 0.2436149 0.0290960 0.0257852 0.1412025 0.0519842 0.0241754 0.0778586 0.0813582 0.0149951 0.0768852 0.1374744 0.2814170 0.0472122 0.2537315 0.0194618 0.1365681 0.2617668 0.1185513 0.2991066 0.0718274 0.1259180 0.3359758 0.0908118 0.0396969 0.1136513 0.0188716 0.3538906 0.3410486 0.0335992 0.0559883 0.1097232 0.1097301 0.4049991 
Perityle_congesta_202                      0.2491934 0.1415787 0.2724441 0.2568263 0.2554748 0.2148117 0.2911043 0.1739792 0.3107561 0.2486158 0.2786703 0.0219762 0.1059929 0.0120775 0.0033644 0.1975465 0.0131461 0.1046548 0.0162366 0.0742173 0.0020258 0.0201403 0.0270185 0.0691745 0.0000000 0.0160908 0.2487104 0.2736156 0.1741240 0.0557187 0.2952158 0.2019372 0.2402503 0.0036370 0.2626675 0.3292235 0.1471269 0.2801379 0.1914212 0.0234675 0.0247225 0.3144083 0.0065099 0.3582176 0.3261365 0.0365300 0.0656561 0.0049832 0.0075664 0.2612704 0.0214498 0.0245085 0.0118317 0.0380847 0.0199750 0.1079929 0.0711278 0.0131323 0.0049468 0.0008216 0.2899692 0.0576586 0.2361499 0.0140846 0.0250098 0.2786517 0.0438825 0.2696017 0.0276971 0.0281350 0.3014645 0.0074504 0.1050622 0.1108398 0.0101089 0.2855249 0.2908734 0.0212211 0.0397477 0.1327877 0.0040965 0.2618689 
Perityle_cordifolia_27                     0.1653057 0.1681441 0.2187286 0.1817718 0.1432574 0.0985114 0.2010718 0.1749801 0.2472045 0.0938435 0.1547639 0.0374264 0.0332569 0.0362050 0.0123689 0.1038138 0.0288115 0.0951660 0.0238789 0.0222486 0.0210170 0.0024370 0.0386639 0.0136682 0.0160908 0.0000000 0.1483774 0.2496290 0.0790036 0.0524356 0.2084101 0.1294104 0.0728312 0.0114394 0.1686331 0.2282569 0.1009216 0.1908710 0.1193885 0.0335416 0.0397794 0.1970656 0.0153570 0.2025613 0.2440514 0.0479024 0.0773846 0.0243724 0.0169174 0.2073463 0.0368005 0.0357706 0.0403239 0.0052419 0.0323995 0.1276574 0.0874159 0.0173023 0.0388701 0.0261730 0.2417019 0.0554162 0.1659142 0.0020288 0.0390685 0.2377050 0.0000010 0.2309688 0.0332243 0.0389107 0.1593442 0.0355002 0.0231882 0.0183744 0.0079057 0.1678453 0.2284837 0.0359058 0.0393801 0.1055299 0.0322516 0.1274558 
Perityle_cordifolia_68_tecolote            0.4054293 0.2013084 0.3600620 0.3256156 0.3146257 0.2587963 0.3016743 0.2109252 0.4392002 0.2533645 0.3585350 0.2366814 0.3362895 0.2548841 0.1081409 0.2271569 0.2476403 0.3070526 0.2629055 0.2482720 0.2293147 0.0300222 0.3069989 0.3062794 0.2487104 0.1483774 0.0000000 0.4989909 0.2399051 0.0783642 0.3491680 0.2804883 0.2346330 0.1458784 0.3402506 0.3520240 0.2600499 0.3699579 0.2390461 0.2180704 0.2619876 0.3367121 0.2850125 0.3554375 0.4300391 0.3326689 0.2715321 0.2618265 0.2713427 0.3229647 0.2647179 0.2460810 0.2556762 0.3284486 0.2102897 0.1313738 0.0115156 0.1396412 0.2538262 0.2536506 0.3902864 0.0791377 0.3451825 0.0916194 0.3435601 0.4324556 0.3387167 0.3431057 0.2676256 0.3117506 0.2911404 0.2558636 0.2468934 0.2974681 0.0880640 0.3069886 0.4210827 0.2731012 0.2776660 0.2011875 0.2589678 0.2811377 
Perityle_coronopifolia_28_patagonia        0.3153829 0.1674800 0.3151486 0.3097041 0.2884461 0.2073999 0.2775929 0.2169444 0.3709210 0.2047630 0.2925989 0.3621020 0.4500044 0.3865223 0.1569845 0.2312955 0.4077891 0.3144552 0.2848954 0.3384741 0.2585264 0.0642899 0.4277974 0.2503336 0.2736156 0.2496290 0.4989909 0.0000000 0.1657884 0.0820245 0.3236051 0.2758217 0.1636824 0.1934729 0.3113395 0.3528045 0.3449148 0.3163238 0.2833839 0.3964020 0.3474439 0.3315813 0.2639823 0.3352847 0.3689013 0.4167634 0.3257061 0.2990053 0.2773078 0.3030128 0.3716777 0.3657702 0.3251200 0.4002473 0.3051631 0.1243916 0.2021889 0.2005907 0.3120474 0.3007712 0.0691060 0.0326501 0.2918418 0.1266643 0.4331921 0.0381843 0.3813041 0.3316331 0.3578399 0.4262739 0.2205409 0.3238185 0.2642802 0.3401637 0.1028242 0.3156753 0.2396082 0.4075112 0.3133476 0.1105548 0.3454496 0.2224053 
Perityle_crassifolia_70_ventanas           0.2202599 0.1189181 0.1941966 0.1663825 0.0901106 0.1016321 0.1290654 0.1257564 0.2348572 0.0584457 0.0953022 0.1685625 0.2291295 0.1916116 0.0766873 0.1134580 0.1227510 0.2079347 0.1871437 0.1824766 0.1732522 0.0880385 0.2029047 0.1915324 0.1741240 0.0790036 0.2399051 0.1657884 0.0000000 0.0318782 0.1141077 0.0849151 0.0569753 0.0879777 0.0189672 0.2730287 0.1607846 0.2286167 0.1394845 0.1236504 0.2026162 0.2615590 0.1865660 0.2660734 0.1725716 0.2117736 0.1603669 0.1857179 0.2059266 0.2243232 0.1925301 0.1653953 0.1974466 0.2048289 0.1576913 0.0856958 0.1170131 0.0961602 0.1849328 0.1877237 0.1653328 0.0960598 0.1447065 0.0821579 0.1890711 0.1661357 0.2027886 0.1751623 0.1867862 0.2045840 0.0323364 0.1890288 0.1890894 0.1946946 0.0814129 0.1671855 0.1569714 0.1779394 0.1817047 0.1142826 0.1922308 0.0202987 
Perityle_crassifolia_74_playa_balandra     0.0910635 0.1047899 0.1046072 0.1036968 0.0700383 0.0758570 0.1098210 0.1174808 0.1348127 0.0146416 0.0640637 0.0587047 0.0643565 0.0612174 0.0603813 0.0750186 0.0585164 0.0667791 0.0618369 0.0548727 0.0560183 0.0589954 0.0670680 0.0663720 0.0557187 0.0524356 0.0783642 0.0820245 0.0318782 0.0000000 0.0779542 0.0677890 0.0146397 0.0626568 0.0215583 0.1216189 0.0824805 0.0774746 0.0892001 0.0605006 0.0665687 0.1090826 0.0569084 0.1163696 0.0823543 0.0837982 0.0489783 0.0590459 0.0730302 0.1166433 0.0638808 0.0737392 0.0649390 0.0714977 0.0624829 0.0776371 0.0740453 0.0574231 0.0603222 0.0565250 0.0917622 0.0730818 0.0730528 0.0648976 0.0586909 0.0796526 0.0690977 0.1002232 0.0586697 0.0691682 0.0354662 0.0564483 0.0561168 0.0635012 0.0631677 0.1093085 0.0702537 0.0666689 0.0628743 0.0726995 0.0607216 0.0298586 
Perityle_cuneata_34_cuneata_San_antonio    0.3446819 0.1227686 0.2314570 0.2744818 0.1740154 0.1077401 0.2311955 0.1797918 0.4083084 0.1546932 0.2082600 0.2926229 0.3579358 0.3262695 0.0994107 0.1836287 0.2596803 0.1857959 0.2045414 0.3299899 0.1857708 0.0847321 0.3879203 0.3588722 0.2952158 0.2084101 0.3491680 0.3236051 0.1141077 0.0779542 0.0000000 0.1896864 0.1180919 0.0968849 0.2312990 0.2761127 0.3169439 0.2933473 0.2323465 0.2587886 0.3510121 0.2464827 0.2709172 0.2322219 0.2665731 0.4144980 0.2572725 0.3565045 0.2257815 0.2575346 0.3355605 0.3060355 0.3699803 0.3375356 0.2317804 0.1651356 0.1574899 0.1186910 0.3257363 0.3477402 0.3017940 0.0848911 0.2132747 0.0937343 0.4088306 0.2967244 0.3978095 0.3147284 0.3557416 0.3903258 0.1868575 0.3499169 0.2053133 0.3225230 0.0977640 0.2567193 0.2667481 0.2878196 0.3127921 0.1397086 0.3817083 0.1678939 
Perityle_cuneata_4                         0.2978031 0.1364740 0.2120520 0.2326691 0.1386585 0.1089947 0.1748338 0.1907250 0.3988167 0.1078981 0.1617903 0.2363218 0.2904917 0.2620791 0.0660237 0.1260773 0.2039986 0.1911008 0.1745863 0.2392458 0.1613968 0.0407083 0.2763010 0.1929766 0.2019372 0.1294104 0.2804883 0.2758217 0.0849151 0.0677890 0.1896864 0.0000000 0.0764542 0.0654177 0.1983113 0.2688055 0.2365756 0.2599167 0.1867321 0.1996099 0.2527738 0.2617039 0.2040428 0.2585423 0.2662182 0.2828805 0.2352440 0.2268919 0.2004761 0.2407556 0.2728416 0.2401935 0.2458463 0.2757504 0.1653320 0.1089711 0.1291859 0.0845085 0.2386195 0.2230852 0.2527869 0.0443357 0.1789442 0.0590997 0.3121406 0.2516026 0.2797500 0.2267369 0.2555401 0.2731265 0.1401782 0.2345258 0.1768640 0.2282498 0.0586701 0.2511023 0.2215832 0.2259511 0.2255497 0.1047895 0.2562607 0.1093434 
Perityle_discoidea_81                      0.2532824 0.0879877 0.1709422 0.1567268 0.0867421 0.1002122 0.1383417 0.1439824 0.2827175 0.0011095 0.1045481 0.1535042 0.2664470 0.2056876 0.0643521 0.1041960 0.1169517 0.1842287 0.1637920 0.2241520 0.1578623 0.0651081 0.2653103 0.2904828 0.2402503 0.0728312 0.2346330 0.1636824 0.0569753 0.0146397 0.1180919 0.0764542 0.0000000 0.0667249 0.0698656 0.2277912 0.1648950 0.2341675 0.1264204 0.1199536 0.2673203 0.2324392 0.2494847 0.2327789 0.1536846 0.2716464 0.1370718 0.2527034 0.2001834 0.1972839 0.2348938 0.1621705 0.2562450 0.2319849 0.1449603 0.0805670 0.1023579 0.0780418 0.2521793 0.2498917 0.1446431 0.0666726 0.1222882 0.0665255 0.2526846 0.1556916 0.2705124 0.2177979 0.2567174 0.2666792 0.0816221 0.2474768 0.1711979 0.2408635 0.0629896 0.1736685 0.1226869 0.1710064 0.2326405 0.1008298 0.2573983 0.0703466 
Perityle_dissecta_201                      0.1278673 0.1454861 0.1923019 0.1216845 0.0855855 0.0977635 0.1645764 0.1498914 0.1808151 0.0665997 0.1077894 0.0145020 0.0181586 0.0091593 0.0000010 0.1061883 0.0018704 0.0922667 0.0146102 0.0037680 0.0072155 0.0023477 0.0182475 0.0075196 0.0036370 0.0114394 0.1458784 0.1934729 0.0879777 0.0626568 0.0968849 0.0654177 0.0667249 0.0000000 0.0825637 0.2075834 0.1053639 0.1664609 0.1122271 0.0128194 0.0125523 0.1941909 0.0055162 0.1931125 0.2322865 0.0275276 0.0638340 0.0074143 0.0072278 0.1848718 0.0055610 0.0180857 0.0090888 0.0187717 0.0108369 0.0651805 0.0799905 0.0113796 0.0090021 0.0073011 0.1794977 0.0495982 0.0920874 0.0170223 0.0127918 0.1813349 0.0187319 0.1960458 0.0127314 0.0201430 0.1145900 0.0091989 0.0072383 0.0109122 0.0084930 0.1301363 0.2028192 0.0125987 0.0163296 0.0848717 0.0072596 0.0905479 
Perityle_emoryi_47_punta_san_jose          0.3586598 0.1341066 0.2602594 0.2530700 0.1787454 0.1095571 0.2165998 0.1563586 0.3675359 0.1177863 0.1927331 0.2829020 0.3877481 0.3301470 0.0743782 0.1449168 0.2587700 0.2137534 0.1840407 0.3296190 0.1805347 0.0597448 0.3580114 0.2697138 0.2626675 0.1686331 0.3402506 0.3113395 0.0189672 0.0215583 0.2312990 0.1983113 0.0698656 0.0825637 0.0000000 0.2995244 0.2816817 0.3170511 0.2154445 0.2583419 0.3287595 0.2568959 0.2479621 0.2490123 0.2886549 0.3842042 0.2476813 0.2962022 0.2137729 0.2840161 0.3355431 0.2902391 0.3226990 0.3348344 0.2274044 0.1566611 0.1385532 0.0918210 0.3216429 0.3059387 0.2793382 0.0734231 0.2318532 0.0726499 0.3616403 0.2952611 0.3488090 0.2732621 0.3272447 0.3571360 0.0153728 0.3229774 0.1877525 0.2960199 0.0650108 0.2489868 0.2759406 0.2977838 0.2898707 0.1282971 0.3400668 0.0751898 
Perityle_feddemae_99                       0.3251583 0.1459681 0.3163666 0.2988520 0.2377634 0.2609941 0.2803449 0.2312180 0.4488548 0.2388058 0.2505083 0.3318215 0.3944304 0.3465778 0.1820011 0.2844126 0.2732058 0.3325204 0.3143971 0.3366421 0.3075103 0.0914395 0.3616366 0.3379594 0.3292235 0.2282569 0.3520240 0.3528045 0.2730287 0.1216189 0.2761127 0.2688055 0.2277912 0.2075834 0.2995244 0.0000000 0.3248129 0.3380553 0.3047096 0.2752317 0.3623276 0.0213993 0.3316465 0.0261324 0.2774723 0.3615551 0.2917129 0.3369252 0.3361175 0.0378143 0.3690760 0.3147855 0.3451362 0.3650865 0.2906557 0.1294024 0.2028846 0.2054794 0.3414211 0.3396860 0.3211800 0.0898732 0.2822336 0.1366740 0.3650595 0.3263321 0.3608560 0.2604947 0.3645623 0.3625775 0.3125012 0.3313833 0.3101720 0.3742590 0.1352132 0.1910388 0.3068842 0.3215412 0.3752291 0.1733531 0.3398833 0.2701931 
Perityle_fosteri_93                        0.2457924 0.1484907 0.2716760 0.2815737 0.2559237 0.1730046 0.2769813 0.2053821 0.3394802 0.1922965 0.3096510 0.1389454 0.1667555 0.1426115 0.0713898 0.1416206 0.1202679 0.2108547 0.1366018 0.1294138 0.1338735 0.0271558 0.1710509 0.1787475 0.1471269 0.1009216 0.2600499 0.3449148 0.1607846 0.0824805 0.3169439 0.2365756 0.1648950 0.1053639 0.2816817 0.3248129 0.0000000 0.2617442 0.1675395 0.1347837 0.1386410 0.2871189 0.1715465 0.3086257 0.3367297 0.2052913 0.2015520 0.1538108 0.1376915 0.2928473 0.1545825 0.1394329 0.1546021 0.1744624 0.1169328 0.1411350 0.0905365 0.1075072 0.1467852 0.1474662 0.3168632 0.0709117 0.2824919 0.0501627 0.1944790 0.3392288 0.1908243 0.2857410 0.1356645 0.1713448 0.2466465 0.1468073 0.1410509 0.1329901 0.0319685 0.2804960 0.3475656 0.1480004 0.1515128 0.1576426 0.1558496 0.2152236 
Perityle_gamon_221                         0.2892447 0.1456068 0.3351418 0.3190536 0.2505158 0.2706274 0.3205969 0.2016224 0.4411723 0.2496654 0.2714743 0.2398117 0.3486847 0.2867246 0.1415933 0.2854730 0.1801841 0.2699965 0.2577911 0.2922921 0.2292482 0.0764398 0.3138782 0.3297530 0.2801379 0.1908710 0.3699579 0.3163238 0.2286167 0.0774746 0.2933473 0.2599167 0.2341675 0.1664609 0.3170511 0.3380553 0.2617442 0.0000000 0.2950119 0.2074323 0.3147712 0.3509133 0.2906728 0.3538139 0.2229197 0.3218919 0.2358671 0.2961672 0.2795286 0.2607236 0.3119305 0.2617087 0.3043804 0.3317213 0.2170973 0.1217225 0.1625237 0.1650299 0.3008130 0.2922334 0.3422559 0.0840040 0.3414556 0.1279728 0.3126077 0.3355667 0.3441510 0.2831367 0.3077725 0.3174298 0.3126503 0.2980200 0.2498743 0.3019517 0.1398895 0.3018567 0.3198292 0.2480646 0.3298947 0.1529161 0.3036313 0.2802737 
Perityle_gentryi_8_san_francisco           0.2966808 0.1920106 0.2713629 0.2508928 0.1742008 0.1439582 0.2218593 0.2132302 0.4048233 0.1508124 0.1923442 0.1905942 0.2354984 0.2088712 0.0847356 0.0314234 0.1422681 0.2506350 0.1899907 0.1906957 0.1770876 0.0325788 0.2272801 0.2265040 0.1914212 0.1193885 0.2390461 0.2833839 0.1394845 0.0892001 0.2323465 0.1867321 0.1264204 0.1122271 0.2154445 0.3047096 0.1675395 0.2950119 0.0000000 0.1517851 0.2077653 0.3031952 0.2170068 0.2953484 0.2733547 0.2441001 0.2114252 0.2049301 0.2123776 0.3163630 0.2231482 0.2091719 0.2065370 0.2243380 0.1626614 0.1430107 0.1207740 0.1096721 0.2023863 0.1981936 0.2597468 0.0756493 0.2202821 0.0656979 0.2390439 0.2644846 0.2269940 0.3030750 0.2051487 0.2264383 0.1901630 0.2028170 0.1952518 0.2187387 0.0615867 0.2210365 0.2569598 0.1888084 0.2180321 0.1482151 0.2098951 0.1735033 
Perityle_gilensis_22_Superstition          0.2146671 0.1605506 0.2413888 0.2200841 0.1994254 0.1454037 0.1942545 0.1785458 0.2718898 0.1412622 0.2720149 0.0554456 0.0406839 0.0354407 0.0084392 0.1261783 0.0221836 0.0998677 0.0264509 0.0170055 0.0232104 0.0068798 0.0038593 0.0162465 0.0234675 0.0335416 0.2180704 0.3964020 0.1236504 0.0605006 0.2587886 0.1996099 0.1199536 0.0128194 0.2583419 0.2752317 0.1347837 0.2074323 0.1517851 0.0000000 0.0298501 0.2474511 0.0168656 0.2520612 0.2999725 0.1024517 0.1059574 0.0308713 0.0278665 0.2446348 0.0249043 0.0597130 0.0309553 0.0680176 0.0352843 0.1285116 0.0782593 0.0196996 0.0335620 0.0272196 0.3072448 0.0605459 0.2201201 0.0262158 0.0916924 0.3376748 0.0635496 0.2398617 0.0407619 0.0048693 0.2021363 0.0366226 0.0283556 0.0493163 0.0187813 0.2014133 0.3262536 0.0667659 0.0413389 0.1254638 0.0356913 0.1734691 
Perityle_gilensis_salensis_225             0.2914975 0.1603376 0.3057478 0.2860775 0.2882499 0.2283273 0.2998094 0.1819658 0.3446603 0.2732635 0.3342195 0.0632875 0.1112283 0.0351514 0.0082880 0.2077891 0.0303919 0.1198253 0.0386598 0.0712730 0.0279543 0.0290732 0.0350543 0.0793273 0.0247225 0.0397794 0.2619876 0.3474439 0.2026162 0.0665687 0.3510121 0.2527738 0.2673203 0.0125523 0.3287595 0.3623276 0.1386410 0.3147712 0.2077653 0.0298501 0.0000000 0.3387390 0.0268788 0.3750360 0.3693628 0.0708781 0.0976379 0.0341523 0.0307834 0.2792365 0.0315206 0.0682799 0.0339628 0.0734837 0.0432724 0.1306112 0.0817425 0.0193261 0.0398217 0.0321802 0.3608167 0.0594556 0.2756657 0.0237916 0.0641042 0.3549755 0.0726437 0.2966699 0.0401988 0.0343185 0.3286577 0.0391009 0.0355120 0.1200776 0.0272981 0.3067403 0.3498650 0.0491971 0.0466779 0.1441145 0.0403764 0.3021089 
Perityle_glaucescens_94                    0.3281905 0.1381482 0.3251453 0.2633579 0.2414648 0.2579699 0.2534152 0.1936976 0.3816160 0.2329045 0.2476764 0.3100285 0.3872710 0.3230807 0.1575028 0.2798540 0.2515378 0.3290263 0.3028731 0.3263539 0.2886066 0.0794022 0.3382344 0.3191261 0.3144083 0.1970656 0.3367121 0.3315813 0.2615590 0.1090826 0.2464827 0.2617039 0.2324392 0.1941909 0.2568959 0.0213993 0.2871189 0.3509133 0.3031952 0.2474511 0.3387390 0.0000000 0.3183916 0.0160140 0.3010313 0.3455293 0.2865085 0.3161968 0.3249206 0.0180902 0.3432186 0.2916479 0.3204474 0.3504864 0.2729873 0.1093134 0.1831231 0.1950009 0.3225202 0.3224282 0.3054460 0.0798206 0.2892177 0.1256884 0.3479551 0.3079037 0.3468138 0.2425243 0.3440564 0.3385143 0.2718312 0.3176615 0.2948401 0.3439739 0.1235693 0.1676939 0.3174567 0.3036742 0.3522236 0.1505148 0.3227753 0.2594278 
Perityle_gracilis_11                       0.2613860 0.1383222 0.2821600 0.2448133 0.2621636 0.2325770 0.2848102 0.1492341 0.2701250 0.2463243 0.2718171 0.0284508 0.1312733 0.0074558 0.0034859 0.2241275 0.0107959 0.1114302 0.0229970 0.0897104 0.0037816 0.0182208 0.0272310 0.0748508 0.0065099 0.0153570 0.2850125 0.2639823 0.1865660 0.0569084 0.2709172 0.2040428 0.2494847 0.0055162 0.2479621 0.3316465 0.1715465 0.2906728 0.2170068 0.0168656 0.0268788 0.3183916 0.0000000 0.3493269 0.3413547 0.0435712 0.0748268 0.0042906 0.0085792 0.2460891 0.0241521 0.0349731 0.0066601 0.0476242 0.0160966 0.0779282 0.0744724 0.0164935 0.0086178 0.0064216 0.2859400 0.0557059 0.2436918 0.0161794 0.0307492 0.2699881 0.0526016 0.2642566 0.0324010 0.0284565 0.2813338 0.0097616 0.0211114 0.1251256 0.0192291 0.2800759 0.3087400 0.0316250 0.0422606 0.1129326 0.0085811 0.2672175 
Perityle_harkerae_31                       0.3352357 0.1373117 0.3216554 0.2586393 0.2344458 0.2566547 0.2502947 0.1944029 0.4026464 0.2299131 0.2278296 0.3108227 0.3969463 0.3267328 0.1670740 0.2641202 0.2538054 0.3300692 0.3027656 0.3452024 0.2918365 0.0939305 0.3751947 0.3960331 0.3582176 0.2025613 0.3554375 0.3352847 0.2660734 0.1163696 0.2322219 0.2585423 0.2327789 0.1931125 0.2490123 0.0261324 0.3086257 0.3538139 0.2953484 0.2520612 0.3750360 0.0160140 0.3493269 0.0000000 0.2672792 0.3812301 0.2901411 0.3567853 0.3228374 0.0123889 0.3571406 0.2963109 0.3598824 0.3531386 0.2761176 0.1183620 0.1887287 0.1949518 0.3610985 0.3634223 0.3036857 0.0868422 0.2777664 0.1249740 0.3825072 0.3110225 0.3847367 0.2824150 0.3759379 0.3754807 0.2665391 0.3567575 0.2977774 0.3623933 0.1261117 0.1768063 0.2956086 0.3055779 0.3688250 0.1561060 0.3611537 0.2580254 
Perityle_hofmeisteria_4_nombre_de_dios     0.2970654 0.1727809 0.2502508 0.2767987 0.2455396 0.1929284 0.2233676 0.2226724 0.3895398 0.1797251 0.2317166 0.3220998 0.4064514 0.3551509 0.1813016 0.2356025 0.2839403 0.3268673 0.2762301 0.3467672 0.2648964 0.0928479 0.3872583 0.3921462 0.3261365 0.2440514 0.4300391 0.3689013 0.1725716 0.0823543 0.2665731 0.2662182 0.1536846 0.2322865 0.2886549 0.2774723 0.3367297 0.2229197 0.2733547 0.2999725 0.3693628 0.3010313 0.3413547 0.2672792 0.0000000 0.4197943 0.3372231 0.3407350 0.3018022 0.2922335 0.3525754 0.3735924 0.3552038 0.3993103 0.2592498 0.1314151 0.2205796 0.2128654 0.3521364 0.3405024 0.3176084 0.0840352 0.2626314 0.1361550 0.4199071 0.3383313 0.4193832 0.3372035 0.3639352 0.3905244 0.2201551 0.3557171 0.2779372 0.3436267 0.1208881 0.2358764 0.2843712 0.3223221 0.3425224 0.1796049 0.3745287 0.2141842 
Perityle_huecosensis_48                    0.3118372 0.1629783 0.3038791 0.3184059 0.3346118 0.2452386 0.3152369 0.2004042 0.3677554 0.3045623 0.4024090 0.0624851 0.1750476 0.1021112 0.0234441 0.2135463 0.0920210 0.1366690 0.0524876 0.1121204 0.0480806 0.0409365 0.0953040 0.1438158 0.0365300 0.0479024 0.3326689 0.4167634 0.2117736 0.0837982 0.4144980 0.2828805 0.2716464 0.0275276 0.3842042 0.3615551 0.2052913 0.3218919 0.2441001 0.1024517 0.0708781 0.3455293 0.0435712 0.3812301 0.4197943 0.0000000 0.1330559 0.0483854 0.0427802 0.2837606 0.0795553 0.0955707 0.0640587 0.1239704 0.0491761 0.1364788 0.0931286 0.0395653 0.0583417 0.0452819 0.4125054 0.0812079 0.3100348 0.0406350 0.0779616 0.4112309 0.1170272 0.3174997 0.0659347 0.0914039 0.3387602 0.0650903 0.0532656 0.1284030 0.0352228 0.3574910 0.3943861 0.0951755 0.0569874 0.1699358 0.0740475 0.3555058 
