77
Amauria_brandeegeana_62                  0.0000000 0.1901844 0.4427065 0.4665253 0.3907725 0.0647712 0.4012608 0.2144649 0.3867829 0.3746803 0.2839389 0.2341637 0.3353183 0.3303247 0.2272784 0.2724937 0.0614980 0.4307611 0.2299169 0.2902406 0.2292920 0.2327713 0.1685809 0.4102201 0.4138828 0.3219921 0.3733699 0.4535489 0.2204224 0.4121242 0.0395227 0.4189099 0.2202933 0.4267183 0.2578856 0.3997864 0.3996371 0.3944317 0.2328918 0.3976199 0.4226632 0.2386818 0.4078813 0.2251795 0.2345521 0.3951028 0.4279300 0.3589824 0.2564699 0.4356852 0.2564528 0.2727207 0.4066906 0.2307140 0.3936083 0.1894824 0.1748489 0.2248103 0.4111511 0.1608188 0.2370500 0.2369221 0.0541536 0.2321378 0.2118630 0.4427812 0.2234490 0.3632917 0.4081208 0.1937000 0.2169042 0.4421506 0.4027446 0.2379174 0.3173439 0.2326977 0.4187068 
Amauria_carterae_99_mesa                 0.1901844 0.0000000 0.0517926 0.1204799 0.0171208 0.0838220 0.0829456 0.0870721 0.0879457 0.0170370 0.0918809 0.1180583 0.0261452 0.0294571 0.0267151 0.1209570 0.0154731 0.0528258 0.1159691 0.0232681 0.1112140 0.1140024 0.1069443 0.0373098 0.0411846 0.1274047 0.0425070 0.0263749 0.1071214 0.0136605 0.1759312 0.0394761 0.1163576 0.0278150 0.1196653 0.0300248 0.0332688 0.0261995 0.1114062 0.0263236 0.0273585 0.1133644 0.0175726 0.1241109 0.1145455 0.0263931 0.0230465 0.0230510 0.0260742 0.0232779 0.0377947 0.0501578 0.0308022 0.1121495 0.0438157 0.0388294 0.1116051 0.1080152 0.0404185 0.1021219 0.1310250 0.1152808 0.0755179 0.1174810 0.1035114 0.0334391 0.1121471 0.0301340 0.0405829 0.0303152 0.1309917 0.0383052 0.0293904 0.1191694 0.1965708 0.1127970 0.0426251 
Amauria_rotundifolia_SRR9119150          0.4427065 0.0517926 0.0000000 0.4235161 0.0869251 0.1862238 0.3777740 0.1200816 0.4686029 0.0867983 0.5608359 0.5375723 0.1164506 0.1178729 0.0979044 0.5386765 0.0380545 0.1085467 0.5271780 0.1154383 0.4989883 0.5560306 0.5146225 0.1262671 0.2423526 0.3929859 0.1037364 0.1077126 0.5554310 0.0695929 0.6450412 0.1572583 0.4840480 0.1147476 0.4494661 0.1209097 0.1135934 0.1715405 0.5091319 0.1434285 0.1148948 0.5333250 0.1290018 0.5222257 0.5354474 0.1555782 0.2047309 0.1132745 0.0918455 0.2103265 0.1126884 0.1208129 0.1184102 0.5311391 0.1320391 0.0652481 0.2041382 0.5073741 0.2443472 0.4056736 0.5660486 0.5625749 0.1363225 0.5385369 0.5407080 0.0928890 0.5351984 0.0746077 0.1205442 0.0695403 0.4911112 0.1299162 0.1528991 0.5225715 0.3530157 0.5355693 0.1825872 
Conoclinium_coelestinum_SRR9119114       0.4665253 0.1204799 0.4235161 0.0000000 0.3760585 0.1726441 0.2983289 0.1593155 0.5104803 0.3464625 0.4772459 0.4501516 0.3178593 0.2910758 0.1904322 0.4657921 0.0700527 0.4087047 0.4389085 0.2832290 0.4464018 0.4461582 0.3457726 0.3678400 0.4343103 0.4216160 0.3422419 0.3997163 0.4553859 0.3751284 0.4858565 0.3894664 0.4325147 0.4143959 0.4353738 0.3772961 0.3686129 0.3869870 0.4522189 0.3896690 0.4185511 0.4471833 0.3694837 0.4328500 0.4540529 0.3799999 0.3781913 0.3274359 0.2254366 0.4407133 0.2176895 0.2494628 0.3717881 0.4437170 0.4108926 0.1511070 0.2066150 0.4334745 0.4467411 0.3278245 0.3945625 0.3904253 0.0993981 0.4495749 0.4216012 0.4086519 0.4380427 0.3548235 0.3797299 0.1555730 0.3944048 0.3938941 0.3505658 0.4559051 0.3495374 0.4510590 0.3901880 
Eutetras_palmeri_63                      0.3907725 0.0171208 0.0869251 0.3760585 0.0000000 0.0833950 0.2919990 0.0736036 0.4056420 0.0552166 0.4290732 0.4300925 0.0338775 0.0268782 0.0178349 0.3971463 0.0067414 0.0873177 0.4242240 0.0251906 0.4388288 0.4231399 0.3737501 0.0405769 0.1264213 0.3738584 0.0737811 0.0774969 0.4434134 0.0564964 0.5295820 0.0519885 0.4214148 0.0832886 0.3901412 0.0307424 0.0349423 0.0472049 0.3967346 0.0449605 0.0797439 0.4267835 0.0976544 0.4186615 0.4363056 0.0450321 0.1254467 0.0385905 0.0163457 0.1016260 0.0390421 0.0544028 0.0321418 0.4375981 0.0931038 0.0226574 0.1455220 0.4164870 0.1340356 0.3145825 0.4306298 0.4365840 0.0643901 0.4379522 0.4059880 0.0781544 0.4318360 0.0302892 0.0343068 0.0184080 0.4171674 0.0907208 0.0421617 0.4209292 0.2886096 0.4387075 0.1188593 
Eutetras_pringlei_149_quer               0.0647712 0.0838220 0.1862238 0.1726441 0.0833950 0.0000000 0.1522598 0.1525520 0.1642569 0.1220604 0.0294326 0.0436828 0.1169122 0.1362756 0.1167400 0.0266354 0.0837420 0.1318350 0.0475663 0.1194967 0.0410218 0.0468514 0.0287116 0.1021782 0.1624300 0.0607123 0.1739327 0.1433724 0.0660800 0.1259114 0.0349746 0.1221488 0.0480673 0.1060319 0.0264648 0.1198881 0.1276628 0.1098544 0.0382069 0.1138251 0.1111095 0.0494603 0.1165142 0.0463008 0.0438370 0.1140438 0.1009275 0.1253981 0.1170437 0.0993467 0.1105727 0.1801379 0.1089343 0.0413944 0.1646808 0.0679534 0.0087125 0.0410407 0.1611814 0.0151039 0.0447907 0.0249942 0.0871229 0.0471073 0.0436350 0.1479709 0.0410407 0.1197364 0.1225006 0.0988684 0.0419452 0.1056799 0.1167400 0.0491960 0.1789794 0.0411959 0.1179261 
Eutrochium_fistulosum_SRR9119106         0.4012608 0.0829456 0.3777740 0.2983289 0.2919990 0.1522598 0.0000000 0.1308314 0.4066332 0.2948053 0.4349745 0.3888441 0.2527556 0.2334113 0.1468500 0.4205432 0.0677828 0.3593290 0.3860407 0.2020819 0.3722888 0.3947507 0.3138294 0.3600896 0.4028886 0.3097382 0.2650274 0.3676148 0.3967338 0.3138830 0.4596737 0.3488584 0.3674565 0.3595237 0.3963449 0.3357516 0.3453933 0.3474959 0.3741974 0.3274486 0.3668785 0.3876978 0.3335919 0.3794393 0.3913201 0.3460768 0.3647174 0.2669035 0.1564829 0.3917652 0.1632819 0.1289523 0.3292537 0.3836458 0.3352736 0.0823526 0.1299084 0.3775171 0.3995813 0.2691985 0.4103367 0.3945019 0.1154477 0.3858702 0.3751732 0.3448551 0.3888509 0.2627536 0.3428637 0.1183963 0.3639591 0.3694011 0.3358318 0.3892796 0.2918029 0.3941090 0.3454872 
Galeana_pratensis_104_mex                0.2144649 0.0870721 0.1200816 0.1593155 0.0736036 0.1525520 0.1308314 0.0000000 0.1548781 0.0793171 0.1342927 0.1568137 0.0805000 0.0806933 0.0788145 0.1586031 0.0680962 0.1133840 0.1475013 0.0846897 0.1486961 0.1579186 0.1629268 0.0940817 0.0912915 0.1533559 0.1178316 0.1065852 0.1600850 0.0822016 0.2083545 0.0968035 0.1418096 0.0971571 0.1538783 0.0957799 0.0965584 0.0917771 0.1526887 0.0921846 0.1015182 0.1474825 0.0900116 0.1528284 0.1544261 0.0923374 0.0839329 0.0825065 0.0805749 0.0841955 0.0951337 0.1033261 0.0943598 0.1469514 0.0962826 0.0884031 0.1466154 0.1488509 0.0963399 0.1358105 0.1757335 0.1557643 0.1159454 0.1455374 0.1476585 0.1115671 0.1528831 0.0981559 0.0897420 0.0934271 0.1692870 0.1008320 0.0831345 0.1651392 0.3055212 0.1505717 0.1017933 
Helianthus_annuus_SRR9119062             0.3867829 0.0879457 0.4686029 0.5104803 0.4056420 0.1642569 0.4066332 0.1548781 0.0000000 0.3920693 0.5204094 0.4677821 0.3453326 0.3191513 0.2402579 0.4437738 0.0616014 0.4559666 0.4602938 0.3095336 0.4616768 0.4724105 0.4187105 0.4444238 0.4711731 0.4086740 0.3673103 0.4754763 0.4644465 0.4062817 0.4712230 0.4523809 0.4620733 0.4724580 0.4304836 0.4331357 0.4388458 0.4360543 0.4603636 0.4313528 0.4638245 0.4599413 0.4240823 0.4396499 0.4643737 0.4298696 0.4506998 0.3674949 0.2404360 0.4745848 0.2586473 0.2512644 0.4356738 0.4592296 0.4147897 0.0913268 0.1237477 0.4580444 0.4836735 0.3788872 0.4599194 0.4495068 0.1168821 0.4745412 0.4450316 0.4268547 0.4495195 0.3584790 0.4435358 0.1534404 0.4527347 0.4703467 0.3831633 0.4712504 0.2771629 0.4632656 0.4597383 
Lycapsus_tenuifolius_17                  0.3746803 0.0170370 0.0867983 0.3464625 0.0552166 0.1220604 0.2948053 0.0793171 0.3920693 0.0000000 0.4677888 0.4639414 0.0800076 0.0809117 0.0720980 0.4638867 0.0102085 0.0435957 0.4392477 0.0834493 0.4074378 0.5063145 0.4124610 0.1167355 0.2646500 0.2647934 0.0102322 0.0332787 0.4657367 0.0013929 0.5058432 0.1639646 0.3976036 0.0573095 0.3867773 0.1004244 0.0930512 0.1479495 0.4513667 0.1083518 0.0580915 0.4480841 0.1027663 0.4227806 0.4752586 0.1265589 0.0773868 0.0761718 0.0621258 0.1988667 0.0753037 0.0772885 0.0845951 0.4637909 0.0832931 0.0197175 0.1509367 0.4480754 0.2410736 0.2405389 0.4630667 0.4630889 0.0714945 0.4367693 0.4620913 0.0267778 0.4556514 0.0461902 0.0968850 0.0372685 0.3539597 0.0600174 0.1226865 0.4377664 0.2787751 0.4464631 0.1465914 
Pericome_caudata_50_silver               0.2839389 0.0918809 0.5608359 0.4772459 0.4290732 0.0294326 0.4349745 0.1342927 0.5204094 0.4677888 0.0000000 0.2300569 0.3863843 0.3859051 0.2442643 0.2402388 0.0564131 0.4597331 0.2047409 0.3710964 0.2108792 0.2251276 0.0927886 0.5060122 0.5313012 0.2944936 0.3354664 0.5405439 0.2318755 0.4386152 0.3279317 0.4948434 0.2136313 0.5198677 0.1961813 0.4929887 0.4891968 0.4770453 0.1720831 0.4695607 0.5165645 0.2246333 0.3934143 0.2092493 0.2218998 0.4831869 0.5594397 0.3878332 0.2838449 0.4847478 0.2294177 0.2309214 0.5010609 0.2163446 0.4418368 0.1409446 0.0381238 0.2172693 0.5366178 0.0848599 0.2435822 0.2379302 0.0596981 0.2630645 0.2029049 0.4749150 0.2213029 0.3346187 0.4929653 0.1274176 0.2153410 0.5476984 0.4453891 0.2143827 0.1970686 0.2209799 0.5347772 
Perityle_aglossa_84_dead_horse           0.2341637 0.1180583 0.5375723 0.4501516 0.4300925 0.0436828 0.3888441 0.1568137 0.4677821 0.4639414 0.2300569 0.0000000 0.3719096 0.3761729 0.2677810 0.2808580 0.0588254 0.4663877 0.0207332 0.3569577 0.0228076 0.0692721 0.1512856 0.5544342 0.5717201 0.0874990 0.3244523 0.5472474 0.1066945 0.4238378 0.3008934 0.5279666 0.0134952 0.5140129 0.2259639 0.5442218 0.4820823 0.5042018 0.0227950 0.4862145 0.5519675 0.0171723 0.4007156 0.0172810 0.0511567 0.5054639 0.5646817 0.3858731 0.2862593 0.4713201 0.2461142 0.2301078 0.4877934 0.0267191 0.4549635 0.1410877 0.0631140 0.0089314 0.5453313 0.1734621 0.1292067 0.1276938 0.0234776 0.0528521 0.0296158 0.4602715 0.0241841 0.3316677 0.4932036 0.1520026 0.0854426 0.5601033 0.4609772 0.0160225 0.2237433 0.0270326 0.5121734 
Perityle_ajoensis_204                    0.3353183 0.0261452 0.1164506 0.3178593 0.0338775 0.1169122 0.2527556 0.0805000 0.3453326 0.0800076 0.3863843 0.3719096 0.0000000 0.0109782 0.0054979 0.3678002 0.0000010 0.1149359 0.3693821 0.0049337 0.3708763 0.3711774 0.3103961 0.0474722 0.1829739 0.2447769 0.0838658 0.0970006 0.3696344 0.0746098 0.4107370 0.0707870 0.3671650 0.1058013 0.3518088 0.0331619 0.0426089 0.0640056 0.3706208 0.0614482 0.1044978 0.3607377 0.1270194 0.3515746 0.3717732 0.0616348 0.0578707 0.0096193 0.0027842 0.1751751 0.0373258 0.0413120 0.0276546 0.3679023 0.1015603 0.0280929 0.1356986 0.3618216 0.1857591 0.2275376 0.3661805 0.3485492 0.0577681 0.3823393 0.3496620 0.1014133 0.3670470 0.0368203 0.0358897 0.0097828 0.3378045 0.1146632 0.0137220 0.3720245 0.2841992 0.3709292 0.1340501 
Perityle_ambrosiifolia_67_green          0.3303247 0.0294571 0.1178729 0.2910758 0.0268782 0.1362756 0.2334113 0.0806933 0.3191513 0.0809117 0.3859051 0.3761729 0.0109782 0.0000000 0.0057177 0.3629688 0.0031818 0.1105329 0.3701858 0.0086777 0.3499651 0.3724410 0.3347509 0.0421949 0.2315112 0.2229664 0.0875977 0.0997196 0.3751703 0.0697299 0.4117296 0.0974859 0.3343478 0.1162271 0.3195363 0.0321074 0.0387713 0.1115933 0.3795009 0.0858568 0.1173847 0.3643810 0.1247871 0.3609101 0.3748128 0.1093926 0.0634443 0.0077716 0.0057388 0.2215659 0.0395734 0.0415037 0.0235789 0.3714385 0.1075982 0.0312956 0.1587635 0.3520965 0.2318442 0.2435429 0.3859918 0.3664192 0.0527409 0.3768496 0.3471825 0.0991708 0.3690713 0.0316906 0.0319188 0.0098141 0.3067386 0.1145393 0.0452428 0.3688758 0.2801689 0.3756139 0.1450529 
Perityle_angustifolia_13_Eagle_creek     0.2272784 0.0267151 0.0979044 0.1904322 0.0178349 0.1167400 0.1468500 0.0788145 0.2402579 0.0720980 0.2442643 0.2677810 0.0054979 0.0057177 0.0000000 0.2431974 0.0000010 0.1133932 0.2606936 0.0037319 0.2757896 0.2702516 0.2596000 0.0228645 0.1710625 0.0916985 0.0852628 0.0925404 0.2653895 0.0726196 0.2908045 0.0320457 0.2658650 0.0872605 0.2321015 0.0132335 0.0224975 0.0245815 0.2720216 0.0266123 0.0864432 0.2578587 0.1382856 0.2622331 0.2773649 0.0247492 0.0635932 0.0036978 0.0018304 0.1338198 0.0278908 0.0317011 0.0075625 0.2754905 0.1044224 0.0177447 0.0765349 0.2563226 0.1715365 0.1983517 0.2890557 0.2605998 0.0526014 0.2697136 0.2616687 0.0965462 0.2699820 0.0092003 0.0094487 0.0051039 0.2823198 0.0939730 0.0055063 0.2645430 0.2480114 0.2736526 0.1534681 
Perityle_batopilensis_97                 0.2724937 0.1209570 0.5386765 0.4657921 0.3971463 0.0266354 0.4205432 0.1586031 0.4437738 0.4638867 0.2402388 0.2808580 0.3678002 0.3629688 0.2431974 0.0000000 0.0680901 0.4394470 0.2349915 0.3565303 0.2428346 0.3179387 0.2229292 0.5224808 0.5654902 0.2566390 0.3331963 0.5371091 0.2706266 0.4382388 0.3746121 0.4901469 0.2143696 0.4872249 0.0200082 0.5296930 0.4608104 0.4675145 0.2323621 0.4598075 0.5284179 0.2729997 0.4113347 0.2674360 0.3075460 0.4720901 0.5302742 0.3837723 0.2665294 0.4855901 0.2301235 0.2256624 0.4809569 0.2881089 0.4335877 0.1357644 0.0495462 0.2560111 0.5547772 0.1615156 0.2440852 0.2390727 0.0599875 0.2918972 0.2967141 0.4643703 0.2830405 0.3480457 0.4762224 0.1437490 0.2165446 0.5341004 0.4385372 0.2463652 0.1993409 0.2887517 0.5109690 
Perityle_bisetosa_9                      0.0614980 0.0154731 0.0380545 0.0700527 0.0067414 0.0837420 0.0677828 0.0680962 0.0616014 0.0102085 0.0564131 0.0588254 0.0000010 0.0031818 0.0000010 0.0680901 0.0000000 0.0338391 0.0596906 0.0000010 0.0590445 0.0625952 0.0743876 0.0065386 0.0325400 0.0640245 0.0356115 0.0298424 0.0719348 0.0101253 0.0409342 0.0095865 0.0601851 0.0066454 0.0603265 0.0000010 0.0000010 0.0032020 0.0594173 0.0032307 0.0098015 0.0650700 0.0102522 0.0585883 0.0588750 0.0032373 0.0000010 0.0000010 0.0000010 0.0135135 0.0099860 0.0326172 0.0000010 0.0593226 0.0329719 0.0000010 0.0705601 0.0553509 0.0329786 0.0513845 0.0984353 0.0641160 0.0726763 0.0625249 0.0624440 0.0235314 0.0591716 0.0031619 0.0000010 0.0000010 0.0878123 0.0066133 0.0000010 0.0797076 0.2135250 0.0593428 0.0070427 
Perityle_canescens_77                    0.4307611 0.0528258 0.1085467 0.4087047 0.0873177 0.1318350 0.3593290 0.1133840 0.4559666 0.0435957 0.4597331 0.4663877 0.1149359 0.1105329 0.1133932 0.4394470 0.0338391 0.0000000 0.4721843 0.1147161 0.4670718 0.4683703 0.3836927 0.1038207 0.1546350 0.3642915 0.0669481 0.0583077 0.4646973 0.0476545 0.5038341 0.1207875 0.4688015 0.0426222 0.4340239 0.0983158 0.1059070 0.1239996 0.4585640 0.1232196 0.0435343 0.4669997 0.1208708 0.4526810 0.4606754 0.1178343 0.0779463 0.1170251 0.1014555 0.1696132 0.1120441 0.1081486 0.1019428 0.4647406 0.0803192 0.0347255 0.1518452 0.4569577 0.1659854 0.3044064 0.4559784 0.4485029 0.0812285 0.4861915 0.4432517 0.0666882 0.4663897 0.0704598 0.1098558 0.0750471 0.4264936 0.0579454 0.1187539 0.4763048 0.2584411 0.4619900 0.1545399 
Perityle_castillonii_96                  0.2299169 0.1159691 0.5271780 0.4389085 0.4242240 0.0475663 0.3860407 0.1475013 0.4602938 0.4392477 0.2047409 0.0207332 0.3693821 0.3701858 0.2606936 0.2349915 0.0596906 0.4721843 0.0000000 0.3589011 0.0222899 0.0194844 0.1162321 0.5019621 0.4980447 0.0944356 0.3183735 0.5197983 0.0820091 0.4325543 0.2454581 0.5002880 0.0068501 0.4880743 0.2079503 0.4812787 0.4901134 0.4780217 0.0190482 0.4660114 0.4899189 0.0172551 0.4051689 0.0164623 0.0250482 0.4808846 0.5082083 0.3805699 0.2796909 0.4717671 0.2471285 0.2203119 0.4834867 0.0219839 0.4102409 0.1430310 0.0635936 0.0144109 0.5000166 0.1186285 0.1241034 0.1060420 0.0047091 0.0595830 0.0102793 0.4639735 0.0209109 0.3367210 0.4939047 0.1491737 0.0874106 0.5192870 0.4510269 0.0198318 0.2241671 0.0241464 0.4810609 
Perityle_cernua_84                       0.2902406 0.0232681 0.1154383 0.2832290 0.0251906 0.1194967 0.2020819 0.0846897 0.3095336 0.0834493 0.3710964 0.3569577 0.0049337 0.0086777 0.0037319 0.3565303 0.0000010 0.1147161 0.3589011 0.0000000 0.3581742 0.3607502 0.3350220 0.0397564 0.2192055 0.1673526 0.0802319 0.0979172 0.3521972 0.0733930 0.3828788 0.0871528 0.3339812 0.1072768 0.3184243 0.0263222 0.0362744 0.0865040 0.3573584 0.0837669 0.1082379 0.3506915 0.1341523 0.3546136 0.3602147 0.0838408 0.0639786 0.0052203 0.0014236 0.2027600 0.0362243 0.0383895 0.0203465 0.3593939 0.1059431 0.0255041 0.1362358 0.3368223 0.2167891 0.2236904 0.3600651 0.3300324 0.0443500 0.3703582 0.3385079 0.0966147 0.3541352 0.0253501 0.0262287 0.0099392 0.3010518 0.1159011 0.0244353 0.3568166 0.2947194 0.3598933 0.1549406 
Perityle_cfvillosa_25_tin                0.2292920 0.1112140 0.4989883 0.4464018 0.4388288 0.0410218 0.3722888 0.1486961 0.4616768 0.4074378 0.2108792 0.0228076 0.3708763 0.3499651 0.2757896 0.2428346 0.0590445 0.4670718 0.0222899 0.3581742 0.0000000 0.0248097 0.1368910 0.4776593 0.4724404 0.0854386 0.3102216 0.4959486 0.0784282 0.4216185 0.2623071 0.4871918 0.0203322 0.4639709 0.2241398 0.4635216 0.4613841 0.4660473 0.0047592 0.4639670 0.4655688 0.0206090 0.3978110 0.0062080 0.0050822 0.4684565 0.4997690 0.3843051 0.2930816 0.4368576 0.2504414 0.2284679 0.4635290 0.0010214 0.4217086 0.1452954 0.0594424 0.0168290 0.4773443 0.1429915 0.1133535 0.0959682 0.0237982 0.0516228 0.0086768 0.4555498 0.0135218 0.3243526 0.4754439 0.1451689 0.0896651 0.5003115 0.4379987 0.0220981 0.2123777 0.0020437 0.4649629 
Perityle_coahuilensis_24                 0.2327713 0.1140024 0.5560306 0.4461582 0.4231399 0.0468514 0.3947507 0.1579186 0.4724105 0.5063145 0.2251276 0.0692721 0.3711774 0.3724410 0.2702516 0.3179387 0.0625952 0.4683703 0.0194844 0.3607502 0.0248097 0.0000000 0.2760767 0.6320056 0.6523544 0.0951799 0.3172660 0.5984212 0.1302713 0.4167889 0.3471728 0.5252908 0.0190847 0.5711106 0.2265728 0.6323093 0.4871522 0.5273311 0.0273798 0.4926877 0.6747609 0.0470857 0.4034742 0.0216215 0.0717994 0.5302697 0.5875802 0.3796201 0.2881406 0.4654787 0.2477460 0.2338414 0.4893300 0.0832170 0.5109350 0.1536582 0.0667917 0.0791218 0.5852002 0.2205464 0.1279248 0.1307033 0.0284217 0.0605699 0.0070802 0.4602692 0.0906578 0.3298140 0.5013885 0.1525035 0.0941495 0.6575076 0.4520102 0.0170300 0.2328502 0.0363557 0.5088393 
Perityle_cordifolia_27                   0.1685809 0.1069443 0.5146225 0.3457726 0.3737501 0.0287116 0.3138294 0.1629268 0.4187105 0.4124610 0.0927886 0.1512856 0.3103961 0.3347509 0.2596000 0.2229292 0.0743876 0.3836927 0.1162321 0.3350220 0.1368910 0.2760767 0.0000000 0.5894399 0.5751016 0.1687989 0.2548500 0.5335988 0.1694122 0.3317406 0.2711427 0.4737099 0.1221400 0.4842294 0.1291233 0.5644835 0.4347043 0.4411695 0.0824573 0.4377285 0.5664572 0.1695850 0.3193399 0.2018068 0.1789993 0.4592389 0.5460047 0.2996937 0.2807459 0.4046222 0.2278682 0.2214910 0.4449294 0.1913977 0.4426276 0.1351068 0.0000010 0.1216228 0.5196650 0.0067754 0.2408287 0.2502285 0.0721094 0.2069847 0.2392243 0.3872700 0.1917022 0.2274135 0.4436531 0.1475596 0.2658033 0.5669327 0.3726810 0.1248602 0.1780382 0.1734429 0.4872581 
Perityle_cordifolia_68_tecolote          0.4102201 0.0373098 0.1262671 0.3678400 0.0405769 0.1021782 0.3600896 0.0940817 0.4444238 0.1167355 0.5060122 0.5544342 0.0474722 0.0421949 0.0228645 0.5224808 0.0065386 0.1038207 0.5019621 0.0397564 0.4776593 0.6320056 0.5894399 0.0000000 0.2637559 0.3930826 0.0965479 0.1211441 0.5167748 0.0775762 0.6709176 0.1181667 0.4656930 0.1241844 0.4110447 0.0728792 0.0324803 0.1235376 0.4905507 0.0864359 0.1581864 0.5547873 0.1222369 0.5591447 0.5684635 0.1144784 0.2242331 0.0504747 0.0245865 0.1878013 0.0076188 0.0650161 0.0300135 0.6022531 0.1403451 0.0512418 0.1496073 0.5432013 0.2290515 0.4022300 0.5635941 0.5684724 0.0651865 0.5234637 0.5643527 0.0988615 0.6383932 0.0291293 0.0484615 0.0125517 0.5322357 0.1575039 0.0916627 0.4944311 0.3013758 0.5536001 0.1577136 
Perityle_coronopifolia_28_patagonia      0.4138828 0.0411846 0.2423526 0.4343103 0.1264213 0.1624300 0.4028886 0.0912915 0.4711731 0.2646500 0.5313012 0.5717201 0.1829739 0.2315112 0.1710625 0.5654902 0.0325400 0.1546350 0.4980447 0.2192055 0.4724404 0.6523544 0.5751016 0.2637559 0.0000000 0.4071086 0.1190311 0.2257524 0.5747080 0.1326345 0.6967247 0.2606660 0.4513702 0.2166861 0.4312417 0.2519716 0.2098086 0.2407230 0.4862385 0.2010410 0.2169172 0.5763715 0.0575029 0.5536937 0.5864306 0.2117959 0.3417376 0.1664078 0.1576903 0.0755112 0.1572578 0.1439824 0.2014963 0.6008585 0.0145590 0.0279015 0.1696339 0.5567413 0.0104402 0.4152920 0.5916637 0.6128023 0.1311912 0.5201786 0.5803358 0.1436285 0.6107364 0.0781784 0.2173734 0.0877302 0.5274224 0.2278750 0.2337903 0.4974935 0.3192731 0.5544119 0.1329189 
Perityle_crassifolia_70_ventanas         0.3219921 0.1274047 0.3929859 0.4216160 0.3738584 0.0607123 0.3097382 0.1533559 0.4086740 0.2647934 0.2944936 0.0874990 0.2447769 0.2229664 0.0916985 0.2566390 0.0640245 0.3642915 0.0944356 0.1673526 0.0854386 0.0951799 0.1687989 0.3930826 0.4071086 0.0000000 0.2425220 0.3716056 0.0874260 0.3245754 0.3562194 0.3800076 0.0888863 0.3793024 0.2634628 0.3731267 0.3830390 0.3646583 0.0827436 0.3705973 0.3871664 0.0842854 0.3366026 0.0778177 0.0849478 0.3712245 0.3790698 0.2908611 0.1383456 0.3712708 0.1594321 0.1687997 0.3816079 0.0840498 0.4079641 0.1471444 0.0828665 0.0864213 0.4135943 0.1573276 0.0998173 0.0861309 0.0552028 0.0952954 0.0794301 0.3482384 0.0882015 0.3582021 0.3814739 0.1305026 0.0949920 0.3961561 0.3487655 0.0982257 0.1905267 0.0861184 0.4000090 
Perityle_crassifolia_74_playa_balandra   0.3733699 0.0425070 0.1037364 0.3422419 0.0737811 0.1739327 0.2650274 0.1178316 0.3673103 0.0102322 0.3354664 0.3244523 0.0838658 0.0875977 0.0852628 0.3331963 0.0356115 0.0669481 0.3183735 0.0802319 0.3102216 0.3172660 0.2548500 0.0965479 0.1190311 0.2425220 0.0000000 0.0523811 0.3216482 0.0102293 0.3658652 0.0899455 0.3097151 0.0617618 0.3350053 0.0832863 0.0871554 0.0874304 0.3106276 0.0845817 0.0626285 0.3124409 0.0923824 0.2954590 0.3141301 0.0808539 0.0645240 0.0822464 0.0812864 0.1090928 0.1064377 0.1176818 0.0866836 0.3103641 0.1159807 0.0438811 0.1709111 0.3092000 0.1266502 0.2301799 0.3087625 0.3043072 0.1309953 0.3139539 0.2966745 0.0417408 0.3104197 0.0758585 0.0902323 0.0735517 0.3015655 0.0709175 0.0821614 0.3304973 0.3000896 0.3129602 0.1150602 
Perityle_cuneata_34_cuneata_San_antonio  0.4535489 0.0263749 0.1077126 0.3997163 0.0774969 0.1433724 0.3676148 0.1065852 0.4754763 0.0332787 0.5405439 0.5472474 0.0970006 0.0997196 0.0925404 0.5371091 0.0298424 0.0583077 0.5197983 0.0979172 0.4959486 0.5984212 0.5335988 0.1211441 0.2257524 0.3716056 0.0523811 0.0000000 0.5507238 0.0339653 0.6696256 0.1623317 0.4863425 0.0745162 0.4518053 0.1038202 0.1031336 0.1691338 0.4921849 0.1364827 0.0764893 0.5534322 0.1028119 0.5478028 0.5454218 0.1480409 0.1528992 0.0960638 0.0806562 0.2115731 0.0952356 0.0930147 0.1005415 0.5681697 0.1120405 0.0313346 0.1689100 0.5110979 0.2388183 0.4270095 0.5684836 0.5732074 0.0989614 0.5329981 0.5841164 0.0572492 0.5668204 0.0628903 0.1119778 0.0539722 0.5204328 0.0874754 0.1357947 0.5065668 0.3119727 0.5548242 0.1584937 
Perityle_cuneata_4                       0.2204224 0.1071214 0.5554310 0.4553859 0.4434134 0.0660800 0.3967338 0.1600850 0.4644465 0.4657367 0.2318755 0.1066945 0.3696344 0.3751703 0.2653895 0.2706266 0.0719348 0.4646973 0.0820091 0.3521972 0.0784282 0.1302713 0.1694122 0.5167748 0.5747080 0.0874260 0.3216482 0.5507238 0.0000000 0.4184931 0.2307626 0.5515512 0.0822474 0.5334306 0.2476292 0.5289293 0.5031884 0.5080419 0.0780123 0.4822915 0.5415013 0.0936320 0.3894301 0.0761693 0.1058216 0.4837712 0.5416001 0.3810768 0.2830184 0.4630665 0.2482796 0.2251276 0.4933925 0.0972165 0.4258609 0.1352917 0.0700463 0.0986500 0.5531787 0.1647231 0.1422778 0.1417300 0.0502002 0.1254922 0.0982860 0.4577579 0.1032377 0.3323649 0.5089140 0.1428483 0.1025221 0.5574630 0.4485164 0.0876938 0.2299880 0.0868726 0.5261973 
Perityle_discoidea_81                    0.4121242 0.0136605 0.0695929 0.3751284 0.0564964 0.1259114 0.3138830 0.0822016 0.4062817 0.0013929 0.4386152 0.4238378 0.0746098 0.0697299 0.0726196 0.4382388 0.0101253 0.0476545 0.4325543 0.0733930 0.4216185 0.4167889 0.3317406 0.0775762 0.1326345 0.3245754 0.0102293 0.0339653 0.4184931 0.0000000 0.4626540 0.0793061 0.4192292 0.0407218 0.4296695 0.0686985 0.0747822 0.0850796 0.4135839 0.0810369 0.0417638 0.4212916 0.0962407 0.4055817 0.4197302 0.0780406 0.0448569 0.0789513 0.0626748 0.1243174 0.0779152 0.0819513 0.0742113 0.4209380 0.0879754 0.0201180 0.1559848 0.4161627 0.1376667 0.2586370 0.4232102 0.4170894 0.0819748 0.4381502 0.4015446 0.0321426 0.4203907 0.0478120 0.0761114 0.0398000 0.3945415 0.0487561 0.0837763 0.4367723 0.2735838 0.4222609 0.1210047 
Perityle_emoryi_47_punta_san_jose        0.0395227 0.1759312 0.6450412 0.4858565 0.5295820 0.0349746 0.4596737 0.2083545 0.4712230 0.5058432 0.3279317 0.3008934 0.4107370 0.4117296 0.2908045 0.3746121 0.0409342 0.5038341 0.2454581 0.3828788 0.2623071 0.3471728 0.2711427 0.6709176 0.6967247 0.3562194 0.3658652 0.6696256 0.2307626 0.4626540 0.0000000 0.6154593 0.2597272 0.6267436 0.2882580 0.6718789 0.5591281 0.5904053 0.2078429 0.6032873 0.6822014 0.2908412 0.4584558 0.2808247 0.3049728 0.5994149 0.6380662 0.4288683 0.3236234 0.5634289 0.2668709 0.2602559 0.5883957 0.2823351 0.5522082 0.1837078 0.1378103 0.2640266 0.6737582 0.3044188 0.3511334 0.3463596 0.0258226 0.3449616 0.2900182 0.5136958 0.2818301 0.3679053 0.5824138 0.1802069 0.3135596 0.6777684 0.5092411 0.2532571 0.2917998 0.2865723 0.6229385 
Perityle_feddemae_99                     0.4189099 0.0394761 0.1572583 0.3894664 0.0519885 0.1221488 0.3488584 0.0968035 0.4523809 0.1639646 0.4948434 0.5279666 0.0707870 0.0974859 0.0320457 0.4901469 0.0095865 0.1207875 0.5002880 0.0871528 0.4871918 0.5252908 0.4737099 0.1181667 0.2606660 0.3800076 0.0899455 0.1623317 0.5515512 0.0793061 0.6154593 0.0000000 0.4711896 0.1821900 0.4228972 0.1341008 0.1042818 0.0653985 0.4675452 0.0470635 0.1763969 0.5209826 0.1211436 0.4864675 0.5230514 0.0574932 0.1977213 0.0641630 0.0431794 0.1943092 0.0553284 0.0755642 0.0958789 0.5197549 0.1268204 0.0463165 0.1493067 0.5108336 0.2453729 0.3478560 0.5259313 0.5285166 0.0723183 0.5153481 0.4974510 0.1021236 0.5218707 0.0471410 0.1020581 0.0277645 0.4593394 0.1942672 0.1018615 0.5032934 0.2994550 0.5041609 0.1666541 
Perityle_fosteri_93                      0.2202933 0.1163576 0.4840480 0.4325147 0.4214148 0.0480673 0.3674565 0.1418096 0.4620733 0.3976036 0.2136313 0.0134952 0.3671650 0.3343478 0.2658650 0.2143696 0.0601851 0.4688015 0.0068501 0.3339812 0.0203322 0.0190847 0.1221400 0.4656930 0.4513702 0.0888863 0.3097151 0.4863425 0.0822474 0.4192292 0.2597272 0.4711896 0.0000000 0.4471359 0.2112191 0.4466969 0.4486703 0.4460792 0.0164294 0.4438123 0.4488451 0.0145224 0.3910597 0.0136507 0.0236830 0.4474582 0.4750614 0.3787334 0.2822510 0.4296371 0.2428742 0.2202008 0.4512508 0.0193239 0.3967385 0.1406215 0.0641388 0.0102586 0.4563437 0.1221466 0.0926431 0.0761370 0.0047551 0.0474093 0.0094766 0.4543473 0.0171274 0.3289673 0.4583698 0.1441622 0.0815059 0.4854850 0.4138467 0.0149339 0.2223191 0.0215863 0.4561544 
Perityle_gamon_221                       0.4267183 0.0278150 0.1147476 0.4143959 0.0832886 0.1060319 0.3595237 0.0971571 0.4724580 0.0573095 0.5198677 0.5140129 0.1058013 0.1162271 0.0872605 0.4872249 0.0066454 0.0426222 0.4880743 0.1072768 0.4639709 0.5711106 0.4842294 0.1241844 0.2166861 0.3793024 0.0617618 0.0745162 0.5334306 0.0407218 0.6267436 0.1821900 0.4471359 0.0000000 0.4038229 0.1153445 0.1069194 0.1657525 0.4660946 0.1317678 0.0061131 0.5134947 0.0859547 0.4832467 0.5359707 0.1462235 0.1824886 0.0990539 0.0832935 0.1799781 0.0944715 0.0970851 0.0978233 0.5162897 0.0810200 0.0249433 0.1319136 0.4912822 0.1977928 0.3841277 0.5344518 0.5421158 0.0704578 0.4964324 0.5222338 0.0594386 0.5166619 0.0560268 0.1147608 0.0392958 0.4636674 0.0532134 0.1475134 0.4787499 0.2646239 0.5043194 0.1448621 
Perityle_gentryi_8_san_francisco         0.2578856 0.1196653 0.4494661 0.4353738 0.3901412 0.0264648 0.3963449 0.1538783 0.4304836 0.3867773 0.1961813 0.2259639 0.3518088 0.3195363 0.2321015 0.0200082 0.0603265 0.4340239 0.2079503 0.3184243 0.2241398 0.2265728 0.1291233 0.4110447 0.4312417 0.2634628 0.3350053 0.4518053 0.2476292 0.4296695 0.2882580 0.4228972 0.2112191 0.4038229 0.0000000 0.4136143 0.4181187 0.3988521 0.1947795 0.3982193 0.4033687 0.2267870 0.4012091 0.2201842 0.2314715 0.3977998 0.4334009 0.3745937 0.2600875 0.4200179 0.2278605 0.2233585 0.4137288 0.2279336 0.3962297 0.1451353 0.0557410 0.2144624 0.4337399 0.1197149 0.1949479 0.1910541 0.0592413 0.2469100 0.2154381 0.4547446 0.2221922 0.3420384 0.4271125 0.1395931 0.2002030 0.4294799 0.4035277 0.2194028 0.1979595 0.2326150 0.4424752 
Perityle_gilensis_22_Superstition        0.3997864 0.0300248 0.1209097 0.3772961 0.0307424 0.1198881 0.3357516 0.0957799 0.4331357 0.1004244 0.4929887 0.5442218 0.0331619 0.0321074 0.0132335 0.5296930 0.0000010 0.0983158 0.4812787 0.0263222 0.4635216 0.6323093 0.5644835 0.0728792 0.2519716 0.3731267 0.0832863 0.1038202 0.5289293 0.0686985 0.6718789 0.1341008 0.4466969 0.1153445 0.4136143 0.0000000 0.0192689 0.1187416 0.4566313 0.0843266 0.1203027 0.5419831 0.1064044 0.5343577 0.5620230 0.0994322 0.2265498 0.0378235 0.0157262 0.1782007 0.0258705 0.0584252 0.0127252 0.5974869 0.1043271 0.0346377 0.1484228 0.5256558 0.2256433 0.3979358 0.5626148 0.5779919 0.0577339 0.5215909 0.5654462 0.0900565 0.6070094 0.0074651 0.0116888 0.0048840 0.5394926 0.1317368 0.0761860 0.4704413 0.3081382 0.5359688 0.1457174 
Perityle_gilensis_salensis_225           0.3996371 0.0332688 0.1135934 0.3686129 0.0349423 0.1276628 0.3453933 0.0965584 0.4388458 0.0930512 0.4891968 0.4820823 0.0426089 0.0387713 0.0224975 0.4608104 0.0000010 0.1059070 0.4901134 0.0362744 0.4613841 0.4871522 0.4347043 0.0324803 0.2098086 0.3830390 0.0871554 0.1031336 0.5031884 0.0747822 0.5591281 0.1042818 0.4486703 0.1069194 0.4181187 0.0192689 0.0000000 0.1113284 0.4645740 0.0875965 0.1046699 0.4870365 0.1199351 0.4703573 0.4815592 0.1005168 0.1521410 0.0484270 0.0225278 0.1806433 0.0314894 0.0614182 0.0168268 0.4811413 0.1013874 0.0342700 0.1616541 0.4639577 0.2152934 0.3209634 0.5227553 0.5167671 0.0708629 0.4916332 0.4679762 0.0959662 0.4788446 0.0133138 0.0300642 0.0096031 0.4355517 0.1167122 0.0893259 0.4883659 0.3093626 0.4829819 0.1567365 
Perityle_glaucescens_94                  0.3944317 0.0261995 0.1715405 0.3869870 0.0472049 0.1098544 0.3474959 0.0917771 0.4360543 0.1479495 0.4770453 0.5042018 0.0640056 0.1115933 0.0245815 0.4675145 0.0032020 0.1239996 0.4780217 0.0865040 0.4660473 0.5273311 0.4411695 0.1235376 0.2407230 0.3646583 0.0874304 0.1691338 0.5080419 0.0850796 0.5904053 0.0653985 0.4460792 0.1657525 0.3988521 0.1187416 0.1113284 0.0000000 0.4639968 0.0031036 0.1598658 0.5144383 0.1140574 0.4842054 0.5092207 0.0030413 0.2308988 0.0573362 0.0289454 0.2006402 0.0431683 0.0602323 0.1025009 0.5085158 0.1173827 0.0266157 0.1229833 0.4925446 0.2430532 0.3263577 0.5154723 0.5276446 0.0683072 0.4835464 0.5131801 0.1036224 0.5086477 0.0494721 0.1167807 0.0151208 0.4464116 0.1783104 0.1186245 0.4757501 0.2755799 0.5027029 0.1679709 
Perityle_gracilis_11                     0.2328918 0.1114062 0.5091319 0.4522189 0.3967346 0.0382069 0.3741974 0.1526887 0.4603636 0.4513667 0.1720831 0.0227950 0.3706208 0.3795009 0.2720216 0.2323621 0.0594173 0.4585640 0.0190482 0.3573584 0.0047592 0.0273798 0.0824573 0.4905507 0.4862385 0.0827436 0.3106276 0.4921849 0.0780123 0.4135839 0.2078429 0.4675452 0.0164294 0.4660946 0.1947795 0.4566313 0.4645740 0.4639968 0.0000000 0.4223198 0.4685212 0.0181310 0.3941983 0.0056931 0.0067256 0.4443911 0.4871158 0.3841099 0.2895534 0.4560644 0.2488784 0.2284461 0.4481730 0.0033925 0.3702223 0.1448140 0.0558825 0.0173305 0.4891638 0.0808737 0.1389511 0.1348998 0.0238494 0.0547104 0.0084020 0.4424270 0.0113983 0.3206607 0.4714746 0.1437541 0.0822064 0.4917751 0.4577410 0.0213080 0.2161212 0.0056491 0.4550950 
Perityle_harkerae_31                     0.3976199 0.0263236 0.1434285 0.3896690 0.0449605 0.1138251 0.3274486 0.0921846 0.4313528 0.1083518 0.4695607 0.4862145 0.0614482 0.0858568 0.0266123 0.4598075 0.0032307 0.1232196 0.4660114 0.0837669 0.4639670 0.4926877 0.4377285 0.0864359 0.2010410 0.3705973 0.0845817 0.1364827 0.4822915 0.0810369 0.6032873 0.0470635 0.4438123 0.1317678 0.3982193 0.0843266 0.0875965 0.0031036 0.4223198 0.0000000 0.1294171 0.4943353 0.1149508 0.4784445 0.4897852 0.0020007 0.2143946 0.0549072 0.0272216 0.1759486 0.0414299 0.0628731 0.0823417 0.4888048 0.1213931 0.0268646 0.1243775 0.4493108 0.2022015 0.3621384 0.5168903 0.5168055 0.0688546 0.4878749 0.4789445 0.1011785 0.4881321 0.0465051 0.0910517 0.0151829 0.4716427 0.1484963 0.0977957 0.4617865 0.2790084 0.4913034 0.1468985 
Perityle_hofmeisteria_4_nombre_de_dios   0.4226632 0.0273585 0.1148948 0.4185511 0.0797439 0.1111095 0.3668785 0.1015182 0.4638245 0.0580915 0.5165645 0.5519675 0.1044978 0.1173847 0.0864432 0.5284179 0.0098015 0.0435343 0.4899189 0.1082379 0.4655688 0.6747609 0.5664572 0.1581864 0.2169172 0.3871664 0.0626285 0.0764893 0.5415013 0.0417638 0.6822014 0.1763969 0.4488451 0.0061131 0.4033687 0.1203027 0.1046699 0.1598658 0.4685212 0.1294171 0.0000000 0.5509678 0.0832298 0.5479117 0.5700317 0.1371799 0.2225967 0.0978399 0.0827248 0.1717494 0.0941099 0.1032009 0.0968144 0.5968470 0.0780821 0.0248647 0.1316333 0.5202955 0.1864731 0.4269144 0.5644885 0.5832883 0.0695040 0.5261646 0.5898077 0.0603251 0.6092074 0.0552269 0.1114640 0.0413636 0.5518018 0.0586002 0.1431240 0.4816182 0.2613012 0.5482441 0.1387871 
Perityle_huecosensis_48                  0.2386818 0.1133644 0.5333250 0.4471833 0.4267835 0.0494603 0.3876978 0.1474825 0.4599413 0.4480841 0.2246333 0.0171723 0.3607377 0.3643810 0.2578587 0.2729997 0.0650700 0.4669997 0.0172551 0.3506915 0.0206090 0.0470857 0.1695850 0.5547873 0.5763715 0.0842854 0.3124409 0.5534322 0.0936320 0.4212916 0.2908412 0.5209826 0.0145224 0.5134947 0.2267870 0.5419831 0.4870365 0.5144383 0.0181310 0.4943353 0.5509678 0.0000000 0.4019868 0.0157032 0.0324295 0.5162195 0.5615358 0.3795554 0.2766636 0.4629754 0.2428155 0.2245854 0.4879299 0.0249784 0.4703553 0.1432179 0.0586295 0.0102802 0.5587489 0.1961148 0.1186939 0.1209949 0.0231759 0.0505455 0.0344904 0.4573421 0.0216716 0.3322381 0.4995284 0.1545123 0.0842627 0.5546219 0.4473309 0.0148510 0.2258832 0.0257430 0.5154164 
Perityle_incana_3_ucla                   0.4078813 0.0175726 0.1290018 0.3694837 0.0976544 0.1165142 0.3335919 0.0900116 0.4240823 0.1027663 0.3934143 0.4007156 0.1270194 0.1247871 0.1382856 0.4113347 0.0102522 0.1208708 0.4051689 0.1341523 0.3978110 0.4034742 0.3193399 0.1222369 0.0575029 0.3366026 0.0923824 0.1028119 0.3894301 0.0962407 0.4584558 0.1211436 0.3910597 0.0859547 0.4012091 0.1064044 0.1199351 0.1140574 0.3941983 0.1149508 0.0832298 0.4019868 0.0000000 0.3865921 0.3986618 0.1131961 0.1231495 0.1217120 0.1288575 0.0778505 0.1279220 0.1130480 0.1140732 0.3959341 0.0265026 0.0201320 0.1434517 0.3872818 0.0657233 0.2719350 0.3946686 0.3966478 0.0674373 0.4088129 0.3808960 0.1092920 0.3997611 0.0537135 0.1162648 0.0660391 0.3858231 0.1153306 0.1239160 0.3989187 0.2807128 0.3947821 0.0200673 
Perityle_intricata_59_Clark_mtns         0.2251795 0.1241109 0.5222257 0.4328500 0.4186615 0.0463008 0.3794393 0.1528284 0.4396499 0.4227806 0.2092493 0.0172810 0.3515746 0.3609101 0.2622331 0.2674360 0.0585883 0.4526810 0.0164623 0.3546136 0.0062080 0.0216215 0.2018068 0.5591447 0.5536937 0.0778177 0.2954590 0.5478028 0.0761693 0.4055817 0.2808247 0.4864675 0.0136507 0.4832467 0.2201842 0.5343577 0.4703573 0.4842054 0.0056931 0.4784445 0.5479117 0.0157032 0.3865921 0.0000000 0.0116804 0.5172512 0.5591382 0.3691848 0.2798912 0.4471962 0.2429706 0.2258638 0.4754397 0.0116388 0.4925387 0.1543852 0.0587977 0.0100559 0.5329266 0.2131442 0.1150398 0.1115329 0.0233926 0.0489519 0.0147798 0.4399054 0.0024901 0.3136407 0.4842988 0.1423053 0.0813050 0.5533136 0.4413811 0.0140193 0.2161945 0.0095955 0.4856964 
Perityle_inyoensis_9_pleasant            0.2345521 0.1145455 0.5354474 0.4540529 0.4363056 0.0438370 0.3913201 0.1544261 0.4643737 0.4752586 0.2218998 0.0511567 0.3717732 0.3748128 0.2773649 0.3075460 0.0588750 0.4606754 0.0250482 0.3602147 0.0050822 0.0717994 0.1789993 0.5684635 0.5864306 0.0849478 0.3141301 0.5454218 0.1058216 0.4197302 0.3049728 0.5230514 0.0236830 0.5359707 0.2314715 0.5620230 0.4815592 0.5092207 0.0067256 0.4897852 0.5700317 0.0324295 0.3986618 0.0116804 0.0000000 0.5070624 0.5615776 0.3845565 0.2950825 0.4612718 0.2546994 0.2305427 0.4878998 0.0232534 0.4607882 0.1446006 0.0625492 0.0425857 0.5566204 0.1746837 0.1240849 0.1234218 0.0283160 0.0586199 0.0365720 0.4520191 0.0403826 0.3245928 0.5007019 0.1481884 0.0912749 0.5833369 0.4575399 0.0224347 0.2114414 0.0052153 0.5120617 
Perityle_jaliscana_203                   0.3951028 0.0263931 0.1555782 0.3799999 0.0450321 0.1140438 0.3460768 0.0923374 0.4298696 0.1265589 0.4831869 0.5054639 0.0616348 0.1093926 0.0247492 0.4720901 0.0032373 0.1178343 0.4808846 0.0838408 0.4684565 0.5302697 0.4592389 0.1144784 0.2117959 0.3712245 0.0808539 0.1480409 0.4837712 0.0780406 0.5994149 0.0574932 0.4474582 0.1462235 0.3977998 0.0994322 0.1005168 0.0030413 0.4443911 0.0020007 0.1371799 0.5162195 0.1131961 0.5172512 0.5070624 0.0000000 0.2291659 0.0551378 0.0254439 0.1993392 0.0395207 0.0607874 0.0980020 0.5312974 0.1188695 0.0269207 0.1246803 0.4682005 0.2242680 0.3683274 0.5300000 0.5375245 0.0690630 0.5022706 0.5162966 0.0957871 0.5266879 0.0433468 0.1072278 0.0126907 0.5072577 0.1604485 0.1127866 0.4767833 0.2786983 0.5144740 0.1491272 
Perityle_lemmonii_85_hachita             0.4279300 0.0230465 0.2047309 0.3781913 0.1254467 0.1009275 0.3647174 0.0839329 0.4506998 0.0773868 0.5594397 0.5646817 0.0578707 0.0634443 0.0635932 0.5302742 0.0000010 0.0779463 0.5082083 0.0639786 0.4997690 0.5875802 0.5460047 0.2242331 0.3417376 0.3790698 0.0645240 0.1528992 0.5416001 0.0448569 0.6380662 0.1977213 0.4750614 0.1824886 0.4334009 0.2265498 0.1521410 0.2308988 0.4871158 0.2143946 0.2225967 0.5615358 0.1231495 0.5591382 0.5615776 0.2291659 0.0000000 0.0487063 0.0448250 0.2506307 0.0675551 0.0601191 0.1749143 0.5729719 0.2545900 0.0247780 0.1341423 0.5346125 0.3370923 0.4158977 0.5835802 0.5870157 0.0689155 0.5644628 0.5657528 0.0668025 0.5842917 0.0484412 0.1832409 0.0249101 0.5348628 0.2209201 0.0938454 0.5136234 0.2958124 0.5641209 0.2604042 
Perityle_lemmonii_colossal_cave_206      0.3589824 0.0230510 0.1132745 0.3274359 0.0385905 0.1253981 0.2669035 0.0825065 0.3674949 0.0761718 0.3878332 0.3858731 0.0096193 0.0077716 0.0036978 0.3837723 0.0000010 0.1170251 0.3805699 0.0052203 0.3843051 0.3796201 0.2996937 0.0504747 0.1664078 0.2908611 0.0822464 0.0960638 0.3810768 0.0789513 0.4288683 0.0641630 0.3787334 0.0990539 0.3745937 0.0378235 0.0484270 0.0573362 0.3841099 0.0549072 0.0978399 0.3795554 0.1217120 0.3691848 0.3845565 0.0551378 0.0487063 0.0000000 0.0028381 0.1560835 0.0374444 0.0411941 0.0321794 0.3857041 0.1090377 0.0251527 0.1430810 0.3708135 0.1709812 0.2236455 0.3900598 0.3717121 0.0873269 0.3895509 0.3619421 0.1036071 0.3836624 0.0454339 0.0390405 0.0073210 0.3639328 0.1117296 0.0128166 0.3930391 0.2840043 0.3877650 0.1206001 
Perityle_lindheimeri_34                  0.2564699 0.0260742 0.0918455 0.2254366 0.0163457 0.1170437 0.1564829 0.0805749 0.2404360 0.0621258 0.2838449 0.2862593 0.0027842 0.0057388 0.0018304 0.2665294 0.0000010 0.1014555 0.2796909 0.0014236 0.2930816 0.2881406 0.2807459 0.0245865 0.1576903 0.1383456 0.0812864 0.0806562 0.2830184 0.0626748 0.3236234 0.0431794 0.2822510 0.0832935 0.2600875 0.0157262 0.0225278 0.0289454 0.2895534 0.0272216 0.0827248 0.2766636 0.1288575 0.2798912 0.2950825 0.0254439 0.0448250 0.0028381 0.0000000 0.1315225 0.0335088 0.0376838 0.0087298 0.2929242 0.0976183 0.0251068 0.1229296 0.2711951 0.1582566 0.2211040 0.3023067 0.2811586 0.0528109 0.2875910 0.2613520 0.0883718 0.2881781 0.0124694 0.0139395 0.0073427 0.3003260 0.0940790 0.0070057 0.2826939 0.2700156 0.2904954 0.1454404 
