82
Amauria_brandeegeana_62                    0.0000000 0.1132308 0.1567915 0.2394362 0.2297882 0.0000010 0.3085583 0.2006980 0.3199801 0.0424147 0.1613353 0.1985984 0.2577436 0.1721991 0.1781391 0.1940845 0.2303217 0.2215361 0.2533194 0.2527998 0.1427641 0.1776371 0.2222332 0.2452462 0.1956518 0.2434190 0.2068956 0.2827242 0.2048163 0.1112829 0.1310712 0.1356710 0.0281856 0.2549043 0.0055716 0.2667783 0.2173422 0.2375266 0.2170135 0.2472939 0.2322490 0.2895236 0.1539321 0.2314835 0.2845967 0.2561660 0.1777404 0.2636163 0.2465700 0.1938615 0.2627015 0.1899482 0.1587422 0.2128140 0.1957150 0.2056346 0.1723655 0.2262340 0.1536576 0.2639394 0.1712854 0.3743228 0.2381159 0.1224947 0.2210608 0.1876212 0.3855675 0.2624754 0.1473660 0.1775776 0.1831993 0.2344975 0.2082622 0.2155175 0.2043062 0.2680606 0.2103930 0.1796006 0.2187324 0.2464253 0.2363554 0.2151141 
Amauria_carterae_99_mesa                   0.1132308 0.0000000 0.0922255 0.2095924 0.2075946 0.0000010 0.2693154 0.1945441 0.2241649 0.1042726 0.1040229 0.1627689 0.1789919 0.1466229 0.1516310 0.1816155 0.1479847 0.2080425 0.1805942 0.1793886 0.1233567 0.1307465 0.1391105 0.1819047 0.1483389 0.1703336 0.2512041 0.1438794 0.1648556 0.1079597 0.0985506 0.0994690 0.0815857 0.1634825 0.0750287 0.2546700 0.1290230 0.2306832 0.1442117 0.2260173 0.1603682 0.3053901 0.1086877 0.2262889 0.2998374 0.1831779 0.1891395 0.1623722 0.1522419 0.1694089 0.1745708 0.1500306 0.1385806 0.1824595 0.1678964 0.1431329 0.1047302 0.1722530 0.1284000 0.1546309 0.1525920 0.0102806 0.1709435 0.0827943 0.1734984 0.1450639 0.3630862 0.1885765 0.0823367 0.1389158 0.1694999 0.1582713 0.1852758 0.1314374 0.1533382 0.2165525 0.1291344 0.1908635 0.1667409 0.2255701 0.1555429 0.1720910 
Amauria_rotundifolia_SRR9119150            0.1567915 0.0922255 0.0000000 0.2303066 0.2701292 0.0000010 0.3118071 0.1984529 0.3072782 0.1624254 0.1716389 0.2163842 0.2845897 0.1895792 0.2023836 0.1990381 0.2609952 0.2204461 0.2180772 0.2662746 0.1576574 0.2111198 0.1468626 0.2747013 0.2271983 0.2818356 0.2316548 0.3498711 0.2272556 0.0918503 0.0964353 0.1531261 0.1101465 0.2802855 0.1039178 0.2970695 0.2470288 0.2837211 0.2426751 0.2519294 0.2536695 0.3103888 0.1906278 0.2583217 0.3331147 0.2764819 0.2054320 0.2814230 0.2702365 0.2179534 0.3097628 0.2144307 0.1875887 0.2214619 0.2379054 0.2126989 0.1853522 0.2490548 0.1820134 0.2897518 0.1739358 0.0102806 0.2328755 0.0997900 0.2440967 0.2048954 0.4244952 0.3216004 0.1296191 0.1927125 0.2212304 0.2585742 0.2039895 0.2238626 0.2299544 0.2283218 0.2236755 0.2017233 0.2618654 0.2518042 0.2516580 0.2408766 
Conoclinium_coelestinum_SRR9119114         0.2394362 0.2095924 0.2303066 0.0000000 0.2879396 0.0000010 0.3658954 0.2178633 0.3419191 0.2359512 0.2211986 0.2683260 0.2557951 0.2095888 0.2200329 0.2764202 0.2438698 0.2908229 0.3230208 0.2411505 0.2454143 0.1966505 0.3344464 0.2466671 0.2252428 0.2497405 0.3105879 0.3020987 0.2788397 0.1709772 0.2157119 0.1818584 0.2024173 0.2397673 0.1799257 0.3140721 0.2261188 0.3214495 0.2733510 0.2706663 0.2291431 0.3558611 0.1808995 0.2948559 0.3760401 0.2626343 0.2855222 0.2463217 0.2295616 0.2581524 0.2560342 0.2227374 0.2021026 0.2666624 0.2201552 0.2863088 0.2838927 0.2420036 0.1984161 0.2392182 0.2865441 0.2228033 0.2891748 0.1829073 0.2796591 0.2751562 0.4265261 0.2636624 0.2118509 0.2151691 0.2274402 0.2948187 0.2676158 0.2272601 0.2213858 0.3206602 0.2869608 0.2720001 0.2663319 0.3032077 0.2459207 0.2669791 
Eutetras_palmeri_63                        0.2297882 0.2075946 0.2701292 0.2879396 0.0000000 0.0072582 0.3623766 0.2526858 0.2738530 0.2472953 0.2304426 0.1717050 0.1652819 0.1734342 0.1376243 0.2103783 0.1699474 0.2064217 0.3589266 0.1753142 0.1698549 0.1570077 0.2214241 0.2582679 0.2590344 0.1763907 0.2969716 0.2612483 0.2683728 0.0734838 0.1735869 0.1530030 0.2073697 0.1852180 0.1747295 0.3046077 0.1361153 0.2480766 0.1705099 0.1758952 0.1391513 0.3349508 0.1430143 0.2966296 0.3322817 0.1813598 0.2043518 0.1724208 0.2008043 0.2550548 0.1525407 0.1506067 0.1663559 0.2728108 0.1319242 0.2770416 0.2174960 0.3815335 0.1446473 0.1721831 0.1690954 0.3295847 0.2402813 0.0739658 0.1966830 0.2625831 0.4206151 0.1690027 0.0779781 0.1563711 0.3004874 0.2211217 0.1474943 0.1282861 0.1579127 0.2109703 0.2124295 0.1887211 0.2262641 0.3335742 0.1362527 0.3053660 
Eutetras_pringlei_149_quer                 0.0000010 0.0000010 0.0000010 0.0000010 0.0072582 0.0000000 0.0000010 9.0000000 0.2673631 0.0000010 0.2532900 0.1566472 0.6107701 0.2037568 0.2543991 0.1594524 0.1632603 0.1491827 0.4173089 0.1568965 9.0000000 9.0000000 9.0000000 1.0305681 0.9443797 0.6107701 0.8675861 0.0000010 0.2790174 9.0000000 0.4707713 9.0000000 0.0000010 0.2032742 0.0000010 1.3812092 1.2459765 9.0000000 0.1604164 0.1655765 0.7595069 1.0692810 9.0000000 0.8738426 0.8619723 0.1757649 0.2792487 1.5451680 0.5016153 0.6961911 0.5439420 0.6107701 9.0000000 1.2102812 9.0000000 0.0000010 0.0000010 0.0000010 9.0000000 2.0281138 0.1170628 9.0000000 0.7077543 0.1193996 0.1529201 0.8917673 0.3368828 0.0867788 9.0000000 0.7996764 1.0193814 0.4707713 0.6795859 9.0000000 0.6107701 9.0000000 0.2355997 0.1292578 0.8787046 0.0000010 0.7076906 1.0999085 
Eutrochium_fistulosum_SRR9119106           0.3085583 0.2693154 0.3118071 0.3658954 0.3623766 0.0000010 0.0000000 0.2168905 0.4296485 0.3266384 0.2986808 0.3322057 0.3109112 0.2640479 0.2846375 0.3123710 0.2951109 0.3507946 0.4410460 0.3148652 0.2973466 0.2704437 0.3708295 0.3201525 0.2729858 0.3225054 0.3762566 0.3798024 0.3404341 0.2960572 0.2311660 0.2163668 0.2982700 0.3050441 0.2152724 0.4603754 0.2821580 0.4038914 0.3273375 0.3305826 0.3049738 0.4778498 0.2318971 0.4189494 0.5159927 0.3238498 0.3736891 0.3268117 0.2976284 0.3612271 0.3187338 0.3053113 0.2630523 0.3055156 0.3003313 0.3460444 0.3153833 0.2453651 0.2575112 0.3178089 0.3076922 0.3720815 0.3891308 0.1607877 0.3301503 0.3225674 0.4024518 0.3286831 0.1726147 0.2737609 0.2823170 0.3836095 0.3316342 0.3010942 0.2964653 0.3387752 0.3235954 0.3246099 0.3420225 0.3147535 0.3282869 0.3190826 
Galeana_pratensis_104_mex                  0.2006980 0.1945441 0.1984529 0.2178633 0.2526858 9.0000000 0.2168905 0.0000000 0.2915111 0.2021865 0.2155434 0.2503940 0.2619818 0.2280612 0.2588333 0.2487512 0.2221898 0.3468081 0.2190566 0.2497639 0.2549144 0.2532350 0.2250807 0.2456955 0.2518410 0.2430316 0.3150449 0.2243858 0.2585126 0.2490645 0.2063374 0.2572453 0.1938052 0.2490552 0.1841017 0.4043909 0.2229907 0.3339235 0.2265021 0.3421082 0.2327644 0.4830878 0.2538504 0.3641142 0.4758694 0.2674726 0.3071827 0.2488863 0.2318691 0.2856459 0.2254175 0.2060726 0.2309423 0.2473414 0.2418962 0.2506601 0.2278174 0.1297637 0.2514757 0.2358623 0.3171100 0.2259232 0.2490394 0.2015070 0.2514330 0.2572330 0.2830359 0.2601684 0.1907268 0.2278827 0.2727489 0.2238796 0.2478086 0.2374457 0.2474795 0.2134386 0.2491194 0.2633876 0.2581335 0.2674791 0.2558821 0.2349440 
Helianthus_annuus_SRR9119062               0.3199801 0.2241649 0.3072782 0.3419191 0.2738530 0.2673631 0.4296485 0.2915111 0.0000000 0.3021297 0.2890277 0.3010267 0.2980634 0.2216634 0.2350555 0.2991562 0.2821638 0.2894606 0.3977411 0.2679102 0.2793922 0.2117483 0.3379060 0.2985563 0.2597264 0.2868004 0.3083748 0.3715152 0.3289719 0.1545772 0.1936813 0.2318380 0.2380612 0.2778060 0.2228916 0.3280091 0.2854286 0.3379344 0.3190300 0.2897499 0.2731747 0.3459516 0.2139532 0.2715699 0.3565898 0.3007483 0.2579313 0.2946640 0.2845210 0.2406699 0.2732054 0.2288316 0.2096690 0.3110799 0.2158229 0.3406786 0.3297251 0.3589481 0.2170003 0.2871573 0.3155048 0.3046176 0.3462163 0.1538078 0.3207857 0.3437723 0.4282808 0.3051897 0.1432140 0.2353588 0.2577390 0.3297496 0.2965271 0.2814073 0.2490487 0.3073173 0.3588245 0.2999712 0.2987754 0.3162234 0.2957873 0.3061729 
Lycapsus_tenuifolius_17                    0.0424147 0.1042726 0.1624254 0.2359512 0.2472953 0.0000010 0.3266384 0.2021865 0.3021297 0.0000000 0.1568555 0.2123459 0.2745363 0.1845392 0.1794932 0.1964782 0.2665155 0.2185064 0.2155206 0.2603279 0.1421763 0.1862158 0.1498274 0.2770674 0.2102094 0.2622420 0.2179550 0.2918908 0.2052423 0.1007322 0.0817520 0.1284564 0.0024632 0.2807556 0.0316437 0.2695027 0.2429369 0.2460945 0.2467093 0.2680631 0.2652910 0.2876497 0.1623978 0.2283838 0.2856645 0.2921188 0.1852137 0.2665499 0.2514605 0.1802502 0.3032043 0.2017135 0.1759037 0.2209213 0.2062278 0.1931423 0.1641105 0.2322461 0.1600161 0.2716472 0.1561075 0.0418048 0.2494932 0.0990654 0.2508669 0.1872103 0.4159115 0.2730774 0.1318027 0.1936961 0.1990453 0.2307638 0.2241048 0.2249742 0.2046939 0.2492420 0.2080105 0.1867283 0.2202368 0.2595682 0.2458799 0.2419273 
Pericome_caudata_50_silver                 0.1613353 0.1040229 0.1716389 0.2211986 0.2304426 0.2532900 0.2986808 0.2155434 0.2890277 0.1568555 0.0000000 0.1793721 0.2335913 0.1914838 0.1878550 0.1638740 0.2165051 0.2542904 0.2678365 0.2355081 0.1105015 0.1752074 0.2342696 0.2340945 0.1912347 0.2296814 0.1860302 0.2420880 0.1874823 0.0811181 0.1587693 0.1260878 0.1172127 0.2426094 0.0850119 0.2521440 0.2039582 0.2213481 0.1747534 0.2419516 0.2227373 0.2747254 0.1587499 0.2195398 0.2707815 0.2490339 0.1597832 0.2260236 0.2203791 0.1712794 0.2539164 0.2021950 0.1779936 0.1906472 0.2314931 0.2036167 0.1903571 0.2617129 0.1620337 0.2282182 0.1746764 0.3369416 0.2377564 0.1203625 0.1841217 0.1857985 0.4143412 0.2557179 0.1443703 0.1874018 0.2039701 0.2283857 0.1709797 0.1865694 0.2127800 0.2404577 0.1915654 0.1687045 0.1940097 0.2467167 0.2062218 0.1867844 
Perityle_aglossa_84_dead_horse             0.1985984 0.1627689 0.2163842 0.2683260 0.1717050 0.1566472 0.3322057 0.2503940 0.3010267 0.2123459 0.1793721 0.0000000 0.1525847 0.1316123 0.1616708 0.1208620 0.1216102 0.1965306 0.3468949 0.1188076 0.0283233 0.1390445 0.2328390 0.2907570 0.2436123 0.1745311 0.1382004 0.2546189 0.2725982 0.0664931 0.1845259 0.1509762 0.2089704 0.2001193 0.1150059 0.2178211 0.1691155 0.1728972 0.1082204 0.1226922 0.1684150 0.2450483 0.1487176 0.1899704 0.2540715 0.1413682 0.1162191 0.1879550 0.2150165 0.1543762 0.1838066 0.1602117 0.1363099 0.1834477 0.1453651 0.2536134 0.1959830 0.3451670 0.1451249 0.1955524 0.1649854 0.3208364 0.2229429 0.0427490 0.0462446 0.2469452 0.3822204 0.2490592 0.0981118 0.1680678 0.3427138 0.2372175 0.0943820 0.1421659 0.1662575 0.2062199 0.2090908 0.1257300 0.1067087 0.2982701 0.1577672 0.1842515 
Perityle_ajoensis_204                      0.2577436 0.1789919 0.2845897 0.2557951 0.1652819 0.6107701 0.3109112 0.2619818 0.2980634 0.2745363 0.2335913 0.1525847 0.0000000 0.0601210 0.0380656 0.1919619 0.1083825 0.2066671 0.3312929 0.1217464 0.1261645 0.0937200 0.1726667 0.1015934 0.1390248 0.0501919 0.2598780 0.3051801 0.2971907 0.0631030 0.1495940 0.1414352 0.1989380 0.1446213 0.1315325 0.2988369 0.0942685 0.2590912 0.1579302 0.1299123 0.0797520 0.3166188 0.0605579 0.2814134 0.3227490 0.1072223 0.1644435 0.0848060 0.0879410 0.2426271 0.0973526 0.0485371 0.0360282 0.2220403 0.0445443 0.2792314 0.2440502 0.3499774 0.0324680 0.0819852 0.2071132 0.3365928 0.2682684 0.0695687 0.1909816 0.2607888 0.3483083 0.2233858 0.0552434 0.0641235 0.0881835 0.2671284 0.0961471 0.0839195 0.0784534 0.1580604 0.2521698 0.2111118 0.1394791 0.2724318 0.0485369 0.1810603 
Perityle_ambrosiifolia_67_green            0.1721991 0.1466229 0.1895792 0.2095888 0.1734342 0.2037568 0.2640479 0.2280612 0.2216634 0.1845392 0.1914838 0.1316123 0.0601210 0.0000000 0.0689324 0.2050394 0.0985836 0.2008659 0.2922662 0.1130072 0.1325513 0.0862933 0.1698632 0.1612421 0.1987007 0.0651006 0.2949469 0.2101068 0.3024638 0.0553821 0.1190071 0.1465119 0.1507138 0.1770016 0.1147567 0.2905805 0.0941392 0.2570794 0.1648100 0.1166417 0.0503951 0.3233160 0.0529193 0.2896268 0.3312502 0.1016054 0.1872009 0.1452213 0.1591138 0.2516118 0.0885489 0.0606260 0.0265207 0.2668856 0.0395228 0.2069681 0.2107649 0.3240168 0.0279671 0.1398290 0.1783934 0.3363576 0.2019202 0.0786419 0.1581438 0.2128658 0.3519505 0.1985399 0.0642716 0.0998679 0.1944000 0.2007198 0.1217069 0.0587631 0.1089961 0.1619512 0.1876831 0.2310316 0.1533359 0.2536052 0.0742198 0.2469728 
Perityle_angustifolia_13_Eagle_creek       0.1781391 0.1516310 0.2023836 0.2200329 0.1376243 0.2543991 0.2846375 0.2588333 0.2350555 0.1794932 0.1878550 0.1616708 0.0380656 0.0689324 0.0000000 0.1572307 0.0667559 0.2166870 0.3051687 0.0715490 0.1254448 0.0381278 0.1788015 0.1157240 0.0803102 0.0412476 0.2230084 0.2130958 0.2471363 0.0477150 0.1466847 0.1017332 0.1747655 0.0876598 0.1090005 0.2626532 0.0579803 0.1722864 0.1545598 0.1215876 0.0460378 0.2909174 0.0369368 0.2232513 0.2956379 0.0822758 0.1508181 0.0350419 0.0416793 0.1677512 0.0816477 0.0432922 0.0373701 0.1653935 0.0183598 0.2095944 0.2346645 0.3234276 0.0389023 0.0376760 0.1684780 0.2998989 0.2082181 0.0736615 0.1621023 0.2359260 0.3064135 0.1713273 0.0376091 0.0699888 0.1457527 0.2207194 0.0902862 0.0433718 0.0297552 0.1367078 0.1899288 0.1638402 0.1342037 0.2537005 0.0374743 0.1528845 
Perityle_batopilensis_97                   0.1940845 0.1816155 0.1990381 0.2764202 0.2103783 0.1594524 0.3123710 0.2487512 0.2991562 0.1964782 0.1638740 0.1208620 0.1919619 0.2050394 0.1572307 0.0000000 0.1789888 0.2112929 0.3485504 0.2034522 0.0413261 0.2047250 0.2583735 0.3013885 0.2489516 0.2052061 0.1292919 0.2785797 0.2622133 0.0779121 0.1798213 0.1263495 0.1891354 0.2163184 0.1214572 0.2099078 0.1575134 0.1771458 0.0188795 0.1872795 0.1625123 0.2311513 0.1709731 0.1950317 0.2501250 0.2093164 0.1238380 0.2202000 0.2518286 0.1689999 0.1937825 0.1975049 0.2084972 0.1492768 0.1829790 0.2629940 0.2080514 0.3276929 0.1633748 0.2092301 0.1477856 0.3552501 0.2374947 0.0484536 0.1074437 0.2233952 0.3824300 0.2375373 0.1052192 0.1802631 0.3708218 0.2283678 0.1001722 0.1428375 0.1874070 0.2450002 0.1852773 0.1265473 0.1576351 0.2977014 0.1553014 0.1733712 
Perityle_bisetosa_9                        0.2303217 0.1479847 0.2609952 0.2438698 0.1699474 0.1632603 0.2951109 0.2221898 0.2821638 0.2665155 0.2165051 0.1216102 0.1083825 0.0985836 0.0667559 0.1789888 0.0000000 0.1732244 0.3121666 0.0576381 0.1204212 0.0888467 0.1577037 0.2185564 0.1815051 0.1195415 0.3134109 0.2918173 0.3284015 0.0513662 0.1392714 0.1420950 0.1844182 0.1483412 0.1111797 0.2966611 0.0459751 0.2659642 0.1460263 0.0698385 0.0814074 0.3376063 0.0551678 0.2873885 0.3455058 0.0819657 0.1892620 0.1423226 0.1706361 0.2533348 0.1177349 0.0966384 0.0888486 0.3119677 0.0830576 0.2563862 0.2251530 0.3166364 0.0373589 0.1432315 0.1674071 0.3115589 0.2561346 0.0389395 0.1320143 0.2893332 0.3314864 0.2426717 0.0230291 0.0569832 0.2882354 0.2485092 0.1302794 0.0864973 0.1091945 0.1550670 0.2438744 0.2095437 0.1890563 0.2611803 0.0855806 0.2313227 
Perityle_californica_76_positas            0.2215361 0.2080425 0.2204461 0.2908229 0.2064217 0.1491827 0.3507946 0.3468081 0.2894606 0.2185064 0.2542904 0.1965306 0.2066671 0.2008659 0.2166870 0.2112929 0.1732244 0.0000000 0.3208839 0.1880177 0.1164267 0.1023148 0.0875443 0.3514324 0.3092612 0.2057281 0.2401519 0.2819807 0.2233065 0.0381139 0.2856617 0.0520705 0.1978838 0.1930071 0.1879442 0.2776117 0.2129357 0.2069775 0.1966150 0.2771811 0.2113005 0.3259138 0.0994489 0.2523475 0.3409517 0.1919025 0.2157386 0.2183079 0.2364817 0.1679872 0.2051112 0.1944513 0.0887682 0.2886476 0.1910054 0.2556822 0.2701526 0.4282216 0.0986148 0.2146838 0.2233962 0.0000010 0.2547152 0.1671218 0.2017605 0.2380472 0.4926625 0.2239293 0.1942624 0.2275171 0.2898828 0.2729087 0.2630788 0.2076345 0.2068284 0.2848142 0.2245843 0.1905414 0.2773944 0.3160856 0.1889220 0.3314213 
Perityle_canescens_77                      0.2533194 0.1805942 0.2180772 0.3230208 0.3589266 0.4173089 0.4410460 0.2190566 0.3977411 0.2155206 0.2678365 0.3468949 0.3312929 0.2922662 0.3051687 0.3485504 0.3121666 0.3208839 0.0000000 0.3364497 0.3624276 0.3408896 0.4287778 0.3272463 0.3103814 0.3338711 0.4135559 0.3764526 0.2820433 0.2619635 0.1266014 0.2861784 0.1867002 0.3316322 0.2281363 0.4384844 0.3093036 0.4146111 0.3543254 0.3352388 0.2970490 0.4371417 0.3281899 0.3831225 0.4555983 0.3411524 0.3772224 0.3428689 0.3215315 0.3505391 0.3259332 0.3105710 0.3216277 0.3536744 0.3163521 0.2831172 0.2447172 0.2301634 0.3209081 0.3380056 0.2834381 0.0883137 0.3575332 0.1987493 0.3417034 0.2688844 0.4586851 0.3476104 0.1697667 0.3043376 0.3374695 0.3149808 0.3378982 0.3021518 0.3212309 0.1858583 0.2465964 0.3341701 0.3777240 0.2467769 0.3075802 0.3327538 
Perityle_castillonii_96                    0.2527998 0.1793886 0.2662746 0.2411505 0.1753142 0.1568965 0.3148652 0.2497639 0.2679102 0.2603279 0.2355081 0.1188076 0.1217464 0.1130072 0.0715490 0.2034522 0.0576381 0.1880177 0.3364497 0.0000000 0.1502726 0.0424763 0.1713273 0.2430516 0.2088771 0.1403729 0.3317436 0.2845545 0.3157461 0.0590723 0.1733521 0.1320765 0.1978646 0.1290152 0.1464792 0.3246319 0.0678830 0.2836732 0.1619307 0.0745220 0.0773764 0.3567122 0.0314968 0.3114817 0.3700381 0.0892224 0.2041403 0.1162814 0.1474777 0.2718855 0.1323771 0.1238529 0.1170823 0.3135572 0.1042700 0.2704575 0.2566374 0.3409110 0.0737524 0.1103014 0.1706372 0.3287396 0.2716227 0.0551237 0.1492884 0.2856997 0.3710682 0.2331687 0.0398570 0.0915830 0.3028515 0.2566147 0.1365653 0.0862763 0.0863589 0.1783369 0.2568064 0.2254839 0.1869328 0.2881739 0.0880254 0.2595046 
Perityle_cernua_84                         0.1427641 0.1233567 0.1576574 0.2454143 0.1698549 9.0000000 0.2973466 0.2549144 0.2793922 0.1421763 0.1105015 0.0283233 0.1261645 0.1325513 0.1254448 0.0413261 0.1204212 0.1164267 0.3624276 0.1502726 0.0000000 0.1501143 0.2248427 0.1412841 0.1530568 0.1370628 0.0412008 0.2149947 0.1129240 0.0747109 0.1429122 0.1200092 0.1346174 0.1485407 0.0929568 0.1467048 0.1276156 0.1236693 0.0324882 0.2106071 0.1117162 0.1359882 0.1531723 0.1413949 0.1397162 0.1440050 0.0374335 0.1493375 0.1515533 0.1397052 0.1157808 0.1409041 0.1338411 0.0462257 0.1603924 0.2081455 0.1325011 0.3830690 0.1356245 0.1483229 0.0980039 0.3508574 0.1542650 0.0350294 0.0331707 0.1190381 0.3994455 0.1904783 0.0651456 0.1357382 0.1398252 0.1762952 0.0602930 0.1220745 0.1353675 0.2623962 0.1391810 0.0355908 0.0600898 0.3103351 0.1241829 0.0405413 
Perityle_cfvillosa_25_tin                  0.1776371 0.1307465 0.2111198 0.1966505 0.1570077 9.0000000 0.2704437 0.2532350 0.2117483 0.1862158 0.1752074 0.1390445 0.0937200 0.0862933 0.0381278 0.2047250 0.0888467 0.1023148 0.3408896 0.0424763 0.1501143 0.0000000 0.1494637 0.0873562 0.1100433 0.0862774 0.2233730 0.2209028 0.1793745 0.0571674 0.0857547 0.1334157 0.1327221 0.0301951 0.1166376 0.2379859 0.0475765 0.2099658 0.1427461 0.1246924 0.0693452 0.2314139 0.0032967 0.2463628 0.2247842 0.1056396 0.1203095 0.0083188 0.0059085 0.2476621 0.1116724 0.0911381 0.0902002 0.2071704 0.1069901 0.2097143 0.2238487 0.3830236 0.0429300 0.0029732 0.1611923 0.3372278 0.1823821 0.0622291 0.1822761 0.1566987 0.4199537 0.1755899 0.0197161 0.0591321 0.0861730 0.1947064 0.1178491 0.0060954 0.0508514 0.1748233 0.1750725 0.2098795 0.1517983 0.2959255 0.0117339 0.1804117 
Perityle_cinerea_113_Powell1310            0.2222332 0.1391105 0.1468626 0.3344464 0.2214241 9.0000000 0.3708295 0.2250807 0.3379060 0.1498274 0.2342696 0.2328390 0.1726667 0.1698632 0.1788015 0.2583735 0.1577037 0.0875443 0.4287778 0.1713273 0.2248427 0.1494637 0.0000000 0.1742706 0.1725666 0.1730664 0.2647953 0.2756654 0.1912704 0.2247565 0.1209200 0.1483998 0.1387454 0.1697995 0.1906821 0.2579148 0.1569099 0.2133167 0.2482992 0.2743140 0.1538721 0.2742597 0.1524647 0.2554351 0.2641528 0.1766680 0.2140254 0.1683044 0.1637963 0.2432191 0.1657671 0.1744281 0.1488580 0.2262254 0.1678800 0.2681833 0.1644288 0.2563287 0.1444897 0.1643651 0.1345554 0.3750086 0.2730640 0.1402073 0.2415020 0.2001141 0.3245046 0.1756687 0.0200876 0.1658648 0.1619587 0.2385507 0.2710178 0.1580448 0.1585088 0.2080824 0.1878845 0.2516100 0.2390236 0.2714761 0.1516670 0.2128630 
Perityle_coahuilensis_24                   0.2452462 0.1819047 0.2747013 0.2466671 0.2582679 1.0305681 0.3201525 0.2456955 0.2985563 0.2770674 0.2340945 0.2907570 0.1015934 0.1612421 0.1157240 0.3013885 0.2185564 0.3514324 0.3272463 0.2430516 0.1412841 0.0873562 0.1742706 0.0000000 0.2477549 0.1071343 0.3181364 0.3119758 0.4665716 0.0561686 0.1716249 0.1488464 0.2030191 0.2412267 0.1346476 0.3207677 0.1142540 0.2698424 0.2545749 0.2722773 0.0544296 0.3503475 0.0517565 0.3000969 0.3544163 0.2259671 0.2893898 0.1709864 0.1968574 0.2607071 0.0995654 0.0889579 0.0341775 0.3202379 0.0391134 0.2740767 0.2502129 0.3369740 0.0324822 0.1715424 0.2803686 0.3472968 0.2767879 0.2673704 0.2805624 0.2923119 0.4231080 0.3201690 0.0961810 0.1293900 0.0112024 0.2695460 0.1302478 0.1128290 0.1236819 0.1602941 0.2427917 0.3381988 0.1880247 0.2798717 0.1091170 0.2911520 
Perityle_cochisensis_44_cave_creek         0.1956518 0.1483389 0.2271983 0.2252428 0.2590344 0.9443797 0.2729858 0.2518410 0.2597264 0.2102094 0.1912347 0.2436123 0.1390248 0.1987007 0.0803102 0.2489516 0.1815051 0.3092612 0.3103814 0.2088771 0.1530568 0.1100433 0.1725666 0.2477549 0.0000000 0.1498669 0.2382850 0.2555309 0.4075860 0.0701811 0.1558723 0.1232054 0.1709621 0.2595635 0.0990344 0.2646064 0.0919571 0.2118524 0.2692599 0.1787131 0.1143604 0.2819122 0.0697261 0.2468815 0.2890789 0.2113890 0.2766623 0.1536992 0.1869315 0.2082210 0.1711313 0.1198074 0.1238423 0.2108544 0.0926221 0.2148316 0.2267517 0.2965535 0.0607968 0.1517044 0.2766703 0.3199551 0.2420099 0.2704171 0.2351860 0.2850134 0.3688170 0.2903191 0.0507998 0.0894186 0.2934323 0.2348494 0.1176768 0.0756334 0.1290565 0.1559752 0.2143803 0.2524258 0.1993912 0.2348408 0.0871193 0.2336512 
Perityle_congesta_202                      0.2434190 0.1703336 0.2818356 0.2497405 0.1763907 0.6107701 0.3225054 0.2430316 0.2868004 0.2622420 0.2296814 0.1745311 0.0501919 0.0651006 0.0412476 0.2052061 0.1195415 0.2057281 0.3338711 0.1403729 0.1370628 0.0862774 0.1730664 0.1071343 0.1498669 0.0000000 0.2752371 0.3111170 0.2978633 0.0607870 0.1280625 0.1459164 0.1879359 0.1597460 0.1228895 0.3116816 0.0940685 0.2669339 0.1673052 0.1250536 0.0795355 0.3230737 0.0510802 0.2968674 0.3421610 0.1232112 0.1662264 0.0958291 0.0957214 0.2615356 0.1033655 0.0283464 0.0468536 0.2325161 0.0372816 0.2729610 0.2449919 0.3383362 0.0209702 0.0858588 0.2090292 0.3289925 0.2647632 0.0820679 0.2029328 0.2491331 0.3462912 0.2383735 0.0580215 0.0602983 0.0946637 0.2659765 0.0948489 0.0720823 0.0770699 0.1624729 0.2459339 0.2178617 0.1460842 0.2721995 0.0521642 0.1955970 
Perityle_cordifolia_27                     0.2068956 0.2512041 0.2316548 0.3105879 0.2969716 0.8675861 0.3762566 0.3150449 0.3083748 0.2179550 0.1860302 0.1382004 0.2598780 0.2949469 0.2230084 0.1292919 0.3134109 0.2401519 0.4135559 0.3317436 0.0412008 0.2233730 0.2647953 0.3181364 0.2382850 0.2752371 0.0000000 0.3146232 0.2748267 0.0869815 0.3124856 0.1282027 0.2291548 0.3389939 0.1603387 0.1754324 0.2083593 0.1494466 0.1253378 0.3448716 0.2216285 0.1827284 0.1776675 0.1658324 0.2058928 0.3523994 0.1187001 0.3034853 0.3253843 0.1525035 0.2574270 0.2637895 0.2127454 0.0839212 0.2535591 0.3055975 0.2389995 0.4084842 0.1675710 0.2894863 0.1932826 0.3598218 0.2514756 0.2246900 0.1219213 0.2211373 0.4791295 0.3320021 0.2188023 0.2256078 0.2783911 0.2724363 0.1391783 0.1950685 0.2549043 0.3233574 0.2011847 0.1006798 0.1607458 0.3655207 0.1880675 0.1077502 
Perityle_cordifolia_68_tecolote            0.2827242 0.1438794 0.3498711 0.3020987 0.2612483 0.0000010 0.3798024 0.2243858 0.3715152 0.2918908 0.2420880 0.2546189 0.3051801 0.2101068 0.2130958 0.2785797 0.2918173 0.2819807 0.3764526 0.2845545 0.2149947 0.2209028 0.2756654 0.3119758 0.2555309 0.3111170 0.3146232 0.0000000 0.2830063 0.0843347 0.1407000 0.2073120 0.2078807 0.3114315 0.1615308 0.3405554 0.2815673 0.3114207 0.2776361 0.2352588 0.2966996 0.3364176 0.2030048 0.3205337 0.3566603 0.3137429 0.2146187 0.2951515 0.2952308 0.2855333 0.3336549 0.2357966 0.2044824 0.3177434 0.2423545 0.3189550 0.0123632 0.2876515 0.2492869 0.3044834 0.2028625 0.3712475 0.2640518 0.1193352 0.3053289 0.2777884 0.4670485 0.3352854 0.1232100 0.2113105 0.2487246 0.2586142 0.1897117 0.2417014 0.2487591 0.3007109 0.2548549 0.2976153 0.2603515 0.3207173 0.2644470 0.3283446 
Perityle_coronopifolia_28_patagonia        0.2048163 0.1648556 0.2272556 0.2788397 0.2683728 0.2790174 0.3404341 0.2585126 0.3289719 0.2052423 0.1874823 0.2725982 0.2971907 0.3024638 0.2471363 0.2622133 0.3284015 0.2233065 0.2820433 0.3157461 0.1129240 0.1793745 0.1912704 0.4665716 0.4075860 0.2978633 0.2748267 0.2830063 0.0000000 0.0717364 0.1416509 0.1287497 0.1748989 0.3577809 0.1400431 0.2966924 0.3238008 0.2800584 0.2619888 0.3426498 0.3277637 0.3238656 0.1565014 0.2502511 0.3368657 0.3616987 0.1815321 0.3247281 0.3307548 0.2108706 0.3824250 0.2504671 0.1820198 0.3247760 0.2072724 0.2076071 0.1827593 0.2974558 0.1509097 0.3292940 0.0954532 0.3288879 0.2189383 0.1303251 0.2997832 0.0495250 0.4750215 0.3350423 0.2037820 0.2919210 0.4666692 0.2640285 0.2072064 0.2370363 0.2783932 0.2313746 0.1835933 0.2490562 0.2655304 0.2016822 0.2515470 0.3820642 
Perityle_crassifolia_70_ventanas           0.1112829 0.1079597 0.0918503 0.1709772 0.0734838 9.0000000 0.2960572 0.2490645 0.1545772 0.1007322 0.0811181 0.0664931 0.0631030 0.0553821 0.0477150 0.0779121 0.0513662 0.0381139 0.2619635 0.0590723 0.0747109 0.0571674 0.2247565 0.0561686 0.0701811 0.0607870 0.0869815 0.0843347 0.0717364 0.0000000 0.0369843 0.0530072 0.0850890 0.0571459 0.0711457 0.0763075 0.0522499 0.0474399 0.0754897 0.0645843 0.0440429 0.0738026 0.0595351 0.0798156 0.0658564 0.0610395 0.0351822 0.0628166 0.0594999 0.0704116 0.0417547 0.0602643 0.0524837 0.0679035 0.0673532 0.1579135 0.0729301 0.4303782 0.0588369 0.0558149 0.0682719 0.3117438 0.1030928 0.0496947 0.0777224 0.0776147 0.3333519 0.0880487 0.0290085 0.0572735 0.0543461 0.0100159 0.0750115 0.0579666 0.0511476 0.1506199 0.0522999 0.0815829 0.0771977 0.1475195 0.0594506 0.0067803 
Perityle_crassifolia_74_playa_balandra     0.1310712 0.0985506 0.0964353 0.2157119 0.1735869 0.4707713 0.2311660 0.2063374 0.1936813 0.0817520 0.1587693 0.1845259 0.1495940 0.1190071 0.1466847 0.1798213 0.1392714 0.2856617 0.1266014 0.1733521 0.1429122 0.0857547 0.1209200 0.1716249 0.1558723 0.1280625 0.3124856 0.1407000 0.1416509 0.0369843 0.0000000 0.1155899 0.0668363 0.1560867 0.0749854 0.2531236 0.1355176 0.2173143 0.1611910 0.1544821 0.1532108 0.3487700 0.0867558 0.2230140 0.3611605 0.1758547 0.2438897 0.1495256 0.1283939 0.0877341 0.1512969 0.1204808 0.0775245 0.1821729 0.1252988 0.1139241 0.1468609 0.2211123 0.0824139 0.1307590 0.2158104 0.0836332 0.1314303 0.1222539 0.1948272 0.1350022 0.3685225 0.1822124 0.1037791 0.1373476 0.1399442 0.0673283 0.1972165 0.1380334 0.1467977 0.1633811 0.1376874 0.1751279 0.1890695 0.1235094 0.1342520 0.1626544 
Perityle_cuneata_34_cuneata_San_antonio    0.1356710 0.0994690 0.1531261 0.1818584 0.1530030 9.0000000 0.2163668 0.2572453 0.2318380 0.1284564 0.1260878 0.1509762 0.1414352 0.1465119 0.1017332 0.1263495 0.1420950 0.0520705 0.2861784 0.1320765 0.1200092 0.1334157 0.1483998 0.1488464 0.1232054 0.1459164 0.1282027 0.2073120 0.1287497 0.0530072 0.1155899 0.0000000 0.0975942 0.1257503 0.1027685 0.1814696 0.1015560 0.1607321 0.1170383 0.2408750 0.1026984 0.1868096 0.1307516 0.1705907 0.1848769 0.1543457 0.0894558 0.1272418 0.1543874 0.1726447 0.1073167 0.1411819 0.1362475 0.1459140 0.1307742 0.1604803 0.1806220 0.3995683 0.1474155 0.1532885 0.1628732 0.2995284 0.1574922 0.0690703 0.1487535 0.1158224 0.3960138 0.1496755 0.0435535 0.1317328 0.1271410 0.2316907 0.1269025 0.1528709 0.1164115 0.2022812 0.1423361 0.1217400 0.1214722 0.2717181 0.1523551 0.1034739 
Perityle_discoidea_81                      0.0281856 0.0815857 0.1101465 0.2024173 0.2073697 0.0000010 0.2982700 0.1938052 0.2380612 0.0024632 0.1172127 0.2089704 0.1989380 0.1507138 0.1747655 0.1891354 0.1844182 0.1978838 0.1867002 0.1978646 0.1346174 0.1327221 0.1387454 0.2030191 0.1709621 0.1879359 0.2291548 0.2078807 0.1748989 0.0850890 0.0668363 0.0975942 0.0000000 0.2046608 0.0249946 0.2784252 0.1682876 0.2401199 0.1977184 0.2390480 0.1869617 0.3012405 0.1046496 0.2291555 0.2930269 0.2151719 0.1928010 0.1872256 0.1719888 0.1677700 0.2083553 0.1595855 0.1260440 0.1939750 0.1714993 0.1593884 0.1536215 0.2026593 0.1125541 0.1879221 0.1403604 0.0106947 0.1838627 0.0836861 0.2130442 0.1448182 0.3674860 0.2018399 0.1140357 0.1614877 0.1458818 0.2058301 0.2152278 0.1512055 0.1667929 0.2256254 0.1432551 0.1797895 0.2173474 0.2297396 0.1583846 0.1980050 
Perityle_dissecta_201                      0.2549043 0.1634825 0.2802855 0.2397673 0.1852180 0.2032742 0.3050441 0.2490552 0.2778060 0.2807556 0.2426094 0.2001193 0.1446213 0.1770016 0.0876598 0.2163184 0.1483412 0.1930071 0.3316322 0.1290152 0.1485407 0.0301951 0.1697995 0.2412267 0.2595635 0.1597460 0.3389939 0.3114315 0.3577809 0.0571459 0.1560867 0.1257503 0.2046608 0.0000000 0.1355303 0.3321653 0.0954421 0.2926509 0.1557696 0.1869065 0.1101801 0.3622788 0.0248384 0.3226113 0.3794430 0.1877360 0.2037139 0.0973715 0.1121614 0.2879204 0.1362572 0.1458944 0.1305861 0.3082064 0.1222216 0.2843749 0.2522181 0.3451994 0.0670152 0.1067298 0.1676370 0.3363576 0.2740230 0.0678291 0.2126105 0.2981990 0.3620858 0.2382479 0.0708790 0.1287769 0.3118482 0.2703971 0.1372186 0.0934567 0.1026470 0.1702247 0.2617996 0.2449202 0.1859068 0.2879139 0.0855693 0.2660200 
Perityle_emoryi_47_punta_san_jose          0.0055716 0.0750287 0.1039178 0.1799257 0.1747295 0.0000010 0.2152724 0.1841017 0.2228916 0.0316437 0.0850119 0.1150059 0.1315325 0.1147567 0.1090005 0.1214572 0.1111797 0.1879442 0.2281363 0.1464792 0.0929568 0.1166376 0.1906821 0.1346476 0.0990344 0.1228895 0.1603387 0.1615308 0.1400431 0.0711457 0.0749854 0.1027685 0.0249946 0.1355303 0.0000000 0.2043469 0.0987775 0.1549954 0.1027084 0.1925695 0.1153883 0.2351325 0.0953776 0.1899908 0.2406320 0.1423568 0.1451918 0.1348635 0.1274396 0.1505414 0.1286386 0.1156519 0.1031426 0.1203645 0.1285649 0.1390034 0.1255255 0.1969891 0.0992904 0.1291369 0.1433797 0.2898770 0.1575929 0.0623990 0.1182329 0.1210403 0.3225600 0.1558496 0.0712428 0.1018320 0.1236677 0.1622840 0.1391367 0.1041456 0.1194392 0.2375066 0.1150404 0.1116784 0.1196331 0.2243771 0.1156776 0.1031280 
Perityle_feddemae_99                       0.2667783 0.2546700 0.2970695 0.3140721 0.3046077 1.3812092 0.4603754 0.4043909 0.3280091 0.2695027 0.2521440 0.2178211 0.2988369 0.2905805 0.2626532 0.2099078 0.2966611 0.2776117 0.4384844 0.3246319 0.1467048 0.2379859 0.2579148 0.3207677 0.2646064 0.3116816 0.1754324 0.3405554 0.2966924 0.0763075 0.2531236 0.1814696 0.2784252 0.3321653 0.2043469 0.0000000 0.2500315 0.1718866 0.2217859 0.3137862 0.2725598 0.0565906 0.1989011 0.0354257 0.1807951 0.3516566 0.1457136 0.3197571 0.3162351 0.0222248 0.3392488 0.2987343 0.2427885 0.1892373 0.3033031 0.3346554 0.3053867 0.5044929 0.1980879 0.3015279 0.1889681 0.3388721 0.3077847 0.2117740 0.2076801 0.2568322 0.4960858 0.3715814 0.1540843 0.2566361 0.2701102 0.2853824 0.2243726 0.2418185 0.2969514 0.3520329 0.2407379 0.1920087 0.2384455 0.3932182 0.2495351 0.1693004 
Perityle_fosteri_93                        0.2173422 0.1290230 0.2470288 0.2261188 0.1361153 1.2459765 0.2821580 0.2229907 0.2854286 0.2429369 0.2039582 0.1691155 0.0942685 0.0941392 0.0579803 0.1575134 0.0459751 0.2129357 0.3093036 0.0678830 0.1276156 0.0475765 0.1569099 0.1142540 0.0919571 0.0940685 0.2083593 0.2815673 0.3238008 0.0522499 0.1355176 0.1015560 0.1682876 0.0954421 0.0987775 0.2500315 0.0000000 0.2011730 0.1457304 0.0950074 0.0716131 0.2794950 0.0450270 0.2210591 0.2881486 0.0764368 0.1657299 0.0896305 0.0924484 0.1779089 0.0941374 0.0724130 0.0390083 0.1818672 0.0633679 0.2373577 0.2082578 0.2955253 0.0461420 0.0961499 0.1706667 0.3230482 0.2275715 0.0661965 0.1512268 0.2711959 0.2985167 0.2022894 0.0243434 0.0464200 0.1596054 0.2350693 0.1069040 0.0864399 0.0674110 0.1404132 0.2296883 0.1723654 0.1348140 0.2389210 0.0602928 0.1213800 
Perityle_gamon_221                         0.2375266 0.2306832 0.2837211 0.3214495 0.2480766 9.0000000 0.4038914 0.3339235 0.3379344 0.2460945 0.2213481 0.1728972 0.2590912 0.2570794 0.1722864 0.1771458 0.2659642 0.2069775 0.4146111 0.2836732 0.1236693 0.2099658 0.2133167 0.2698424 0.2118524 0.2669339 0.1494466 0.3114207 0.2800584 0.0474399 0.2173143 0.1607321 0.2401199 0.2926509 0.1549954 0.1718866 0.2011730 0.0000000 0.1509067 0.2722142 0.2229082 0.1816768 0.1733608 0.1634663 0.1442746 0.3007706 0.0959580 0.2683168 0.2773036 0.1477800 0.2698485 0.2476777 0.2182614 0.1829915 0.2705745 0.3151276 0.2267333 0.4630906 0.1839987 0.2681543 0.1850433 0.3409327 0.2406753 0.1368791 0.1724375 0.2440957 0.4964924 0.2764055 0.1215145 0.2159702 0.2406043 0.2688981 0.1693685 0.1836736 0.2415026 0.2988524 0.2156756 0.1601948 0.1847270 0.3479819 0.1943236 0.1444174 
Perityle_gentryi_8_san_francisco           0.2170135 0.1442117 0.2426751 0.2733510 0.1705099 0.1604164 0.3273375 0.2265021 0.3190300 0.2467093 0.1747534 0.1082204 0.1579302 0.1648100 0.1545598 0.0188795 0.1460263 0.1966150 0.3543254 0.1619307 0.0324882 0.1427461 0.2482992 0.2545749 0.2692599 0.1673052 0.1253378 0.2776361 0.2619888 0.0754897 0.1611910 0.1170383 0.1977184 0.1557696 0.1027084 0.2217859 0.1457304 0.1509067 0.0000000 0.1798724 0.1370982 0.2430864 0.1457950 0.1922870 0.2534809 0.1677483 0.1173136 0.1653297 0.1876952 0.1543409 0.1495672 0.1587365 0.1369232 0.1732616 0.1414221 0.2690357 0.1861463 0.3229733 0.1279862 0.1707563 0.1289087 0.3482415 0.2301579 0.0480077 0.0991513 0.2399288 0.3635549 0.2453961 0.1011307 0.1635026 0.3286077 0.2381462 0.1020333 0.1581213 0.1530313 0.2279418 0.2134216 0.1108541 0.1242080 0.2854570 0.1420255 0.1816697 
Perityle_gilensis_22_Superstition          0.2472939 0.2260173 0.2519294 0.2706663 0.1758952 0.1655765 0.3305826 0.3421082 0.2897499 0.2680631 0.2419516 0.1226922 0.1299123 0.1166417 0.1215876 0.1872795 0.0698385 0.2771811 0.3352388 0.0745220 0.2106071 0.1246924 0.2743140 0.2722773 0.1787131 0.1250536 0.3448716 0.2352588 0.3426498 0.0645843 0.1544821 0.2408750 0.2390480 0.1869065 0.1925695 0.3137862 0.0950074 0.2722142 0.1798724 0.0000000 0.1275503 0.3536488 0.1224108 0.3051857 0.3690729 0.0885601 0.2445757 0.1551640 0.1785954 0.2678685 0.1714211 0.1243782 0.1374880 0.2863044 0.1206986 0.2877980 0.2783850 0.3942517 0.1140216 0.1558639 0.2215952 0.3436044 0.2819210 0.0466319 0.1327615 0.3121854 0.3455893 0.1988330 0.0356430 0.1121969 0.3515749 0.2525951 0.1490135 0.1119750 0.1284241 0.2016541 0.2416441 0.2108118 0.2067468 0.3081847 0.1264812 0.2572501 
Perityle_gilensis_salensis_225             0.2322490 0.1603682 0.2536695 0.2291431 0.1391513 0.7595069 0.3049738 0.2327644 0.2731747 0.2652910 0.2227373 0.1684150 0.0797520 0.0503951 0.0460378 0.1625123 0.0814074 0.2113005 0.2970490 0.0773764 0.1117162 0.0693452 0.1538721 0.0544296 0.1143604 0.0795355 0.2216285 0.2966996 0.3277637 0.0440429 0.1532108 0.1026984 0.1869617 0.1101801 0.1153883 0.2725598 0.0716131 0.2229082 0.1370982 0.1275503 0.0000000 0.2983101 0.0358439 0.2479026 0.3059659 0.0904969 0.1488711 0.0997185 0.1064629 0.1996725 0.0579048 0.0608937 0.0242486 0.1963780 0.0385798 0.2560942 0.2333977 0.3268667 0.0218587 0.1062279 0.1881123 0.3180407 0.2418230 0.0505910 0.1547028 0.2744509 0.3274484 0.2096404 0.0508466 0.0656000 0.0934370 0.2480153 0.1098709 0.0878505 0.0741255 0.1505115 0.2320868 0.1758741 0.1285100 0.2607683 0.0671758 0.1183918 
Perityle_glaucescens_94                    0.2895236 0.3053901 0.3103888 0.3558611 0.3349508 1.0692810 0.4778498 0.4830878 0.3459516 0.2876497 0.2747254 0.2450483 0.3166188 0.3233160 0.2909174 0.2311513 0.3376063 0.3259138 0.4371417 0.3567122 0.1359882 0.2314139 0.2742597 0.3503475 0.2819122 0.3230737 0.1827284 0.3364176 0.3238656 0.0738026 0.3487700 0.1868096 0.3012405 0.3622788 0.2351325 0.0565906 0.2794950 0.1816768 0.2430864 0.3536488 0.2983101 0.0000000 0.1949730 0.0348112 0.1826768 0.3834286 0.1469899 0.3365407 0.3414734 0.0073400 0.3647331 0.3090469 0.2343101 0.2066413 0.3252161 0.3525033 0.3101989 0.5257029 0.1992974 0.3176826 0.2371201 0.3238892 0.3224393 0.3084688 0.2320459 0.2850683 0.5245075 0.4042140 0.2195888 0.2829069 0.2875334 0.3011361 0.2452528 0.2621807 0.3199890 0.3796518 0.2653977 0.2141157 0.2586910 0.4117117 0.2744701 0.1961210 
Perityle_gracilis_11                       0.1539321 0.1086877 0.1906278 0.1808995 0.1430143 9.0000000 0.2318971 0.2538504 0.2139532 0.1623978 0.1587499 0.1487176 0.0605579 0.0529193 0.0369368 0.1709731 0.0551678 0.0994489 0.3281899 0.0314968 0.1531723 0.0032967 0.1524647 0.0517565 0.0697261 0.0510802 0.1776675 0.2030048 0.1565014 0.0595351 0.0867558 0.1307516 0.1046496 0.0248384 0.0953776 0.1989011 0.0450270 0.1733608 0.1457950 0.1224108 0.0358439 0.1949730 0.0000000 0.2041090 0.1923344 0.0694902 0.1257037 0.0024990 0.0032999 0.2010215 0.0626738 0.0540198 0.0574722 0.1651763 0.0654621 0.1814048 0.1777738 0.3558211 0.0350218 0.0016602 0.1434911 0.3303925 0.1544670 0.0629143 0.1502003 0.1524758 0.3919829 0.1600718 0.0199550 0.0596193 0.0497895 0.1689048 0.1225073 0.0063428 0.0164954 0.1744949 0.1632996 0.1657475 0.1549120 0.2706845 0.0053080 0.1423437 
Perityle_harkerae_31                       0.2314835 0.2262889 0.2583217 0.2948559 0.2966296 0.8738426 0.4189494 0.3641142 0.2715699 0.2283838 0.2195398 0.1899704 0.2814134 0.2896268 0.2232513 0.1950317 0.2873885 0.2523475 0.3831225 0.3114817 0.1413949 0.2463628 0.2554351 0.3000969 0.2468815 0.2968674 0.1658324 0.3205337 0.2502511 0.0798156 0.2230140 0.1705907 0.2291555 0.3226113 0.1899908 0.0354257 0.2210591 0.1634663 0.1922870 0.3051857 0.2479026 0.0348112 0.2041090 0.0000000 0.1595086 0.3410638 0.1340285 0.3085542 0.3075645 0.0186956 0.3126762 0.2806668 0.2493910 0.1691067 0.2869084 0.2952493 0.2548632 0.4583426 0.2037456 0.2875947 0.1701819 0.3296773 0.2731214 0.1894735 0.1882716 0.2136128 0.4786780 0.3595286 0.1308106 0.2412203 0.2637734 0.2419707 0.1863733 0.2172542 0.2700567 0.3371590 0.2041058 0.1746663 0.2087912 0.3514126 0.2268027 0.1455119 
Perityle_hofmeisteria_4_nombre_de_dios     0.2845967 0.2998374 0.3331147 0.3760401 0.3322817 0.8619723 0.5159927 0.4758694 0.3565898 0.2856645 0.2707815 0.2540715 0.3227490 0.3312502 0.2956379 0.2501250 0.3455058 0.3409517 0.4555983 0.3700381 0.1397162 0.2247842 0.2641528 0.3544163 0.2890789 0.3421610 0.2058928 0.3566603 0.3368657 0.0658564 0.3611605 0.1848769 0.2930269 0.3794430 0.2406320 0.1807951 0.2881486 0.1442746 0.2534809 0.3690729 0.3059659 0.1826768 0.1923344 0.1595086 0.0000000 0.3883018 0.1693030 0.3292999 0.3438392 0.1290935 0.3641005 0.3062931 0.2313195 0.2384335 0.3150106 0.3601830 0.3097802 0.5193866 0.2239379 0.3372615 0.3093277 0.3273795 0.3171417 0.3414635 0.2591795 0.2843976 0.5678754 0.3959087 0.2603645 0.2821610 0.2810758 0.2971732 0.2687559 0.2655401 0.3206480 0.3943638 0.2740531 0.2267746 0.2627497 0.4378075 0.2939600 0.2155840 
Perityle_huecosensis_48                    0.2561660 0.1831779 0.2764819 0.2626343 0.1813598 0.1757649 0.3238498 0.2674726 0.3007483 0.2921188 0.2490339 0.1413682 0.1072223 0.1016054 0.0822758 0.2093164 0.0819657 0.1919025 0.3411524 0.0892224 0.1440050 0.1056396 0.1766680 0.2259671 0.2113890 0.1232112 0.3523994 0.3137429 0.3616987 0.0610395 0.1758547 0.1543457 0.2151719 0.1877360 0.1423568 0.3516566 0.0764368 0.3007706 0.1677483 0.0885601 0.0904969 0.3834286 0.0694902 0.3410638 0.3883018 0.0000000 0.2140983 0.1731807 0.1929643 0.3061703 0.1178277 0.0993640 0.0802236 0.3400572 0.0802454 0.2866711 0.2555832 0.3561700 0.0381304 0.1716420 0.1836934 0.3642037 0.2807313 0.0580015 0.1547210 0.3095939 0.3422187 0.2557462 0.0525791 0.0826601 0.2846012 0.2828981 0.1468982 0.0970170 0.1293115 0.1794012 0.2556232 0.2457986 0.2162595 0.2902179 0.1050840 0.2659781 
