82
Amauria_brandeegeana_62                    0.0000000 0.2364292 0.4929024 0.4656567 0.4492000 0.3602763 0.2820498 0.3815179 0.4473916 0.4579100 0.4426032 0.4356272 0.1845179 0.1443102 0.3713477 0.0625418 0.3498063 0.1463434 0.1538553 0.3828734 0.2391894 0.3679930 0.2159398 0.4112912 0.2743772 0.4638715 0.4365892 0.3618320 0.0953680 0.1769441 0.2215483 0.3785917 0.4178538 0.6195157 0.5027656 0.3419748 0.4986997 0.4371779 0.1990415 0.2114209 0.4502869 0.1403624 0.4849332 0.5530201 0.1706700 0.3199148 0.1607222 0.4193931 0.4687467 0.1548830 0.1937143 0.4823543 0.2942187 0.4103876 0.2140133 0.1598126 0.4093097 0.1605586 0.2890900 0.2176708 0.4921035 0.1440784 0.4867895 0.4347194 0.2373819 0.3708334 0.1891941 0.2167255 0.4101548 0.4086537 0.3978307 0.4276995 0.4293360 0.1442608 0.2908499 0.3606679 0.4729810 0.1570266 0.2012872 0.1939264 0.4543416 0.5746844 
Amauria_carterae_99_mesa                   0.2364292 0.0000000 0.1397600 0.2893106 0.1676406 0.2495000 0.1719881 0.2690388 0.1372861 0.1633752 0.0948978 0.1041973 0.2845773 0.2113820 0.0960274 0.0988296 0.1585160 0.2500369 0.2207667 0.1184251 0.1368050 0.1134476 0.3056536 0.0995678 0.3526486 0.1304303 0.1570018 0.1676444 0.1620953 0.2506083 0.2759446 0.1358016 0.1108167 0.1341180 0.2123858 0.1040813 0.2052088 0.1464474 0.2753105 0.0844732 0.1381716 0.1954945 0.1613865 0.2258489 0.2363029 0.1384301 0.2835148 0.1088681 0.1470514 0.2467107 0.2769332 0.1947868 0.3357747 0.1004624 0.3089777 0.2737731 0.1148525 0.2734229 0.3810391 0.3320907 0.1924070 0.3445536 0.1344471 0.1528856 0.2718868 0.1039990 0.2792095 0.0822692 0.1065996 0.1117405 0.1457709 0.1157423 0.1217046 0.2444109 0.0966130 0.1222952 0.1932859 0.2729166 0.2074843 0.2809996 0.1129715 0.1374969 
Amauria_rotundifolia_SRR9119150            0.4929024 0.1397600 0.0000000 0.5296296 0.3634186 0.4264784 0.1585107 0.4414512 0.3577207 0.4684225 0.3562189 0.3852949 0.6398822 0.4072324 0.2646451 0.1471151 0.2659978 0.4788178 0.4826955 0.2748871 0.1837890 0.1699851 0.5285561 0.3057833 0.5778976 0.4017159 0.3882453 0.2843596 0.2662868 0.6914797 0.6556315 0.2558228 0.3031759 0.5156454 0.4748489 0.1935021 0.3019992 0.2715858 0.6175400 0.0730707 0.4160682 0.4378090 0.4638318 0.4734688 0.4978381 0.1431763 0.6126772 0.3812498 0.4070661 0.4951353 0.6240319 0.3860468 0.5825555 0.2956354 0.4502127 0.4818226 0.2493244 0.6145715 0.6259349 0.3716172 0.2814258 0.3937882 0.3659476 0.4138864 0.5889649 0.2753834 0.6541621 0.0723680 0.2912735 0.2703860 0.3652823 0.2614702 0.2653615 0.4247771 0.1031983 0.2460114 0.4726503 0.6275866 0.4984259 0.4342538 0.3901779 0.4811557 
Conoclinium_coelestinum_SRR9119114         0.4656567 0.2893106 0.5296296 0.0000000 0.5533899 0.1992925 0.3116317 0.4145559 0.3804846 0.5576175 0.4943423 0.5251955 0.4134605 0.3452966 0.4236309 0.1457367 0.4167026 0.3742456 0.3949372 0.4693741 0.2821172 0.3933499 0.4999776 0.4532712 0.6067037 0.4858645 0.4794737 0.3959269 0.2498291 0.4784108 0.4808709 0.4441129 0.4369486 0.6091554 0.5294506 0.4029498 0.5267622 0.5001177 0.4467746 0.2492318 0.4850003 0.3615000 0.5586619 0.5943963 0.4178443 0.3388230 0.3808890 0.4829303 0.4992090 0.3683859 0.4745681 0.4922879 0.5941977 0.4674265 0.4441289 0.4496358 0.4287820 0.3801439 0.4673088 0.3911212 0.5216101 0.3625517 0.5294297 0.5579230 0.4810870 0.4904799 0.4650370 0.2741902 0.4758130 0.4604720 0.4852994 0.4623105 0.4705101 0.3652758 0.3071063 0.4304026 0.5319931 0.3773588 0.4704992 0.3750409 0.4977575 0.5974149 
Eutetras_palmeri_63                        0.4492000 0.1676406 0.3634186 0.5533899 0.0000000 0.4421376 0.1801277 0.4944337 0.3219520 0.3757874 0.3591323 0.4068447 0.4740613 0.4495716 0.2765064 0.0599061 0.2963717 0.4076031 0.4409876 0.2929344 0.2477858 0.2674404 0.4717988 0.2854482 0.5517505 0.3279803 0.3331325 0.3193703 0.2179644 0.5167494 0.5683023 0.2930987 0.2862392 0.5278181 0.3779104 0.2511071 0.3980437 0.3135042 0.5092940 0.1479253 0.3952718 0.4009906 0.4821168 0.4524347 0.4294836 0.1827078 0.4523120 0.3629515 0.4559501 0.4484773 0.4859423 0.4323321 0.5227811 0.3091882 0.4236776 0.4875646 0.3064715 0.4473636 0.4790620 0.2612136 0.3720006 0.3402771 0.3669262 0.3934808 0.4737096 0.3658812 0.5242134 0.1320274 0.3237846 0.3373150 0.4142620 0.2763943 0.3263509 0.4270172 0.1726225 0.2642564 0.4519351 0.4624770 0.4893005 0.3891012 0.3358059 0.5161865 
Eutrochium_fistulosum_SRR9119106           0.3602763 0.2495000 0.4264784 0.1992925 0.4421376 0.0000000 0.2820651 0.3805737 0.3977825 0.4886454 0.4303757 0.4602748 0.3248376 0.3168338 0.3392003 0.1197663 0.3493537 0.2857282 0.3339155 0.3740244 0.2681801 0.3298988 0.3586265 0.3623371 0.5139946 0.4102781 0.4020506 0.3587117 0.1776968 0.3733603 0.3705048 0.3551246 0.3493588 0.5951074 0.4651207 0.3448787 0.4295852 0.4019362 0.3574424 0.2114089 0.3826805 0.2962139 0.5041336 0.4909261 0.3299504 0.2818792 0.3086484 0.3977550 0.3957818 0.3017493 0.3906736 0.4298671 0.4628961 0.3632598 0.3651806 0.3662058 0.3539908 0.3074709 0.3972607 0.3094405 0.4384235 0.3063899 0.4539222 0.4821238 0.4026417 0.3793904 0.3898408 0.2158129 0.3551204 0.3800586 0.4263082 0.3603577 0.3611931 0.3045278 0.2530476 0.3585028 0.4423726 0.3277532 0.3403196 0.3218296 0.3805350 0.5814467 
Galeana_pratensis_104_mex                  0.2820498 0.1719881 0.1585107 0.3116317 0.1801277 0.2820651 0.0000000 0.3469097 0.1967581 0.1715139 0.1832347 0.2592387 0.3081761 0.2184574 0.1611721 0.1358139 0.2267602 0.2663300 0.2138346 0.1893471 0.1963535 0.1760086 0.3108982 0.1774274 0.3496965 0.1940835 0.2015501 0.2079149 0.2516906 0.2951622 0.2803903 0.1578696 0.1809001 0.1561565 0.1721744 0.1850039 0.2657095 0.2156204 0.2927616 0.1839503 0.1996664 0.2096517 0.2172609 0.2549692 0.2388007 0.2309873 0.2975590 0.2084327 0.1957090 0.2705241 0.2891402 0.2017830 0.3274815 0.1825365 0.3775795 0.3166153 0.1887383 0.3032973 0.3348684 0.3461640 0.2264092 0.3227100 0.1978963 0.2270628 0.3110953 0.2175802 0.3065476 0.1411002 0.1686322 0.1919781 0.2077888 0.1949068 0.1940540 0.2592999 0.1842626 0.2183220 0.2540458 0.3099593 0.2291063 0.3465538 0.2202207 0.1791507 
Helianthus_annuus_SRR9119062               0.3815179 0.2690388 0.4414512 0.4145559 0.4944337 0.3805737 0.3469097 0.0000000 0.4027201 0.4586672 0.4192332 0.4307457 0.3845044 0.3388084 0.3747880 0.1751979 0.3954807 0.3546532 0.3454145 0.4220520 0.2431328 0.3663232 0.3999228 0.3819282 0.4860691 0.4163717 0.3967808 0.4132487 0.2337324 0.3907490 0.4312023 0.3790365 0.3869229 0.5209885 0.4808148 0.3523849 0.4945674 0.3967161 0.3709412 0.2932215 0.4045066 0.3384417 0.4480214 0.5018346 0.3568904 0.3527198 0.3446812 0.4087158 0.4214926 0.3445268 0.3874872 0.4844315 0.4631138 0.3851538 0.3251005 0.3901791 0.3805578 0.3488190 0.4212983 0.3460599 0.4487702 0.2709646 0.4624321 0.4201253 0.3922635 0.3488415 0.3813723 0.2737805 0.3823994 0.4058964 0.4864575 0.3902814 0.3991969 0.3202159 0.3090834 0.3643442 0.4519248 0.3723146 0.3836418 0.3071776 0.4294172 0.5051425 
Lycapsus_tenuifolius_17                    0.4473916 0.1372861 0.3577207 0.3804846 0.3219520 0.3977825 0.1967581 0.4027201 0.0000000 0.3854799 0.3102548 0.3045153 0.4812958 0.2886412 0.2827964 0.0840314 0.1793095 0.4677103 0.3285928 0.2438106 0.1692306 0.2009700 0.4467768 0.2861011 0.4156327 0.3031109 0.3320897 0.1342497 0.2368892 0.4872602 0.4923020 0.0000010 0.2692844 0.2690576 0.3382027 0.1783186 0.3315781 0.3061771 0.4907640 0.1108916 0.3460035 0.3944871 0.3074194 0.3764507 0.4617549 0.1885570 0.4674979 0.2173434 0.2504257 0.4154864 0.4475515 0.3137085 0.5030840 0.2003644 0.3442157 0.3894955 0.1800540 0.4591542 0.5001271 0.3230223 0.2603431 0.2913768 0.3187242 0.2997071 0.4161875 0.1875475 0.4534749 0.1013457 0.2185899 0.2048173 0.2190664 0.2859483 0.2068364 0.3039129 0.1444246 0.1916206 0.3510394 0.4457727 0.4878461 0.3375219 0.3468034 0.2707689 
Pericome_caudata_50_silver                 0.4579100 0.1633752 0.4684225 0.5576175 0.3757874 0.4886454 0.1715139 0.4586672 0.3854799 0.0000000 0.4038233 0.3699025 0.5547339 0.3832947 0.2503603 0.1456403 0.2618871 0.4048955 0.4627793 0.2643871 0.2627118 0.2017893 0.5068994 0.2857032 0.6409334 0.4181410 0.3780487 0.3401843 0.2530006 0.7342949 0.6368031 0.2968210 0.2846947 0.5539696 0.4021638 0.1924290 0.3071142 0.2930756 0.6223921 0.1144827 0.4027190 0.4533369 0.5124364 0.5062246 0.4966575 0.1712449 0.6366817 0.3552956 0.4317220 0.4694263 0.5820939 0.3583604 0.6077369 0.2919627 0.4293500 0.4946632 0.2512974 0.6498921 0.5609447 0.3616542 0.3002307 0.3552471 0.3519729 0.4235906 0.6303954 0.2616920 0.6645884 0.1108155 0.3075397 0.2612539 0.4053962 0.2329563 0.2440911 0.4288971 0.1219310 0.2381243 0.5003675 0.6085310 0.4797249 0.4155008 0.3713723 0.5075228 
Perityle_aglossa_84_dead_horse             0.4426032 0.0948978 0.3562189 0.4943423 0.3591323 0.4303757 0.1832347 0.4192332 0.3102548 0.4038233 0.0000000 0.2660680 0.4614819 0.3606656 0.1564780 0.1179934 0.2367129 0.3289616 0.3732241 0.1316602 0.2012146 0.1057198 0.4258214 0.1352408 0.4736342 0.1947821 0.2324415 0.2380583 0.2307859 0.6000835 0.5297888 0.2527923 0.1279436 0.4512836 0.2924166 0.1198047 0.2715088 0.2080928 0.4634950 0.0394586 0.2751050 0.3923393 0.3772486 0.3685989 0.3903858 0.1333688 0.5008764 0.2206411 0.3208427 0.3616101 0.4594359 0.2108728 0.4535793 0.1758470 0.3901384 0.4247772 0.1416901 0.5194658 0.4798312 0.2883320 0.3172206 0.3272689 0.0564426 0.3315269 0.5064688 0.2419136 0.5107807 0.0275995 0.1988121 0.1744637 0.3158169 0.1024520 0.1528911 0.3571222 0.0369502 0.2103761 0.2869912 0.4777339 0.3900237 0.3772173 0.2376018 0.4193436 
Perityle_ajoensis_204                      0.4356272 0.1041973 0.3852949 0.5251955 0.4068447 0.4602748 0.2592387 0.4307457 0.3045153 0.3699025 0.2660680 0.0000000 0.4132400 0.3579189 0.1143829 0.1189737 0.2751744 0.3716775 0.4196821 0.2233412 0.1703286 0.0699200 0.4659066 0.1070252 0.5508260 0.1788501 0.3328487 0.3643279 0.2483939 0.4745051 0.4904789 0.3280817 0.1046040 0.4375663 0.4000978 0.1120914 0.3557890 0.1854402 0.4861051 0.0778366 0.3600125 0.3499229 0.3723095 0.3429743 0.4155786 0.1330929 0.4278733 0.0826893 0.3847252 0.3680581 0.4105351 0.3358117 0.5545470 0.1077793 0.3724390 0.4550353 0.0963164 0.4228954 0.4991779 0.2865978 0.2580415 0.4002008 0.2674684 0.3188960 0.4969167 0.2281920 0.4918910 0.0339547 0.1051771 0.1213075 0.3495416 0.0851361 0.1092504 0.3773804 0.0768233 0.2432751 0.3819547 0.4230404 0.4815028 0.3638148 0.0738718 0.4065576 
Perityle_ambrosiifolia_67_green            0.1845179 0.2845773 0.6398822 0.4134605 0.4740613 0.3248376 0.3081761 0.3845044 0.4812958 0.5547339 0.4614819 0.4132400 0.0000000 0.0712907 0.3718739 0.0959414 0.4316669 0.1442359 0.1613162 0.3845893 0.1868369 0.3764019 0.2159564 0.4494444 0.3346868 0.5965847 0.5402092 0.3328436 0.1155764 0.4520910 0.3544103 0.3471082 0.4470764 0.6454412 0.5364794 0.3349055 0.4517226 0.4374684 0.2650613 0.2216650 0.5455808 0.1446805 0.6356500 0.6326911 0.1414749 0.3542188 0.1882719 0.4472353 0.5756886 0.1305108 0.2630915 0.4676965 0.2728656 0.4402845 0.2366131 0.1473982 0.4270360 0.1871290 0.2992747 0.1803322 0.4742316 0.1431172 0.4586055 0.5554352 0.2659559 0.3752873 0.3232770 0.2229314 0.4461650 0.4274525 0.3905213 0.3673018 0.4349398 0.1243482 0.3264863 0.3592849 0.6049296 0.2526386 0.1598222 0.1741752 0.5157841 0.5336639 
Perityle_angustifolia_13_Eagle_creek       0.1443102 0.2113820 0.4072324 0.3452966 0.4495716 0.3168338 0.2184574 0.3388084 0.2886412 0.3832947 0.3606656 0.3579189 0.0712907 0.0000000 0.2875410 0.0492490 0.3227925 0.0560156 0.0538563 0.3402510 0.1866254 0.3197535 0.1524480 0.3217542 0.3097197 0.3557327 0.3493653 0.3146006 0.0648099 0.2284360 0.2181265 0.3192087 0.3112433 0.4178346 0.4261308 0.3147235 0.3677906 0.3716224 0.1071845 0.1662638 0.3550484 0.0253294 0.4054869 0.4522748 0.0585431 0.2480257 0.0197469 0.3593057 0.4056482 0.0245671 0.1046805 0.4544867 0.3153314 0.3414098 0.1997328 0.1301747 0.3296997 0.0248535 0.2605181 0.2023278 0.4130207 0.1353710 0.3738739 0.3685767 0.2341560 0.3064121 0.1612693 0.1171137 0.3135233 0.3551720 0.3387833 0.3247690 0.3508806 0.0171063 0.2460294 0.3076852 0.3702258 0.0171987 0.1383289 0.1050935 0.3608501 0.3977513 
Perityle_bisetosa_9                        0.3713477 0.0960274 0.2646451 0.4236309 0.2765064 0.3392003 0.1611721 0.3747880 0.2827964 0.2503603 0.1564780 0.1143829 0.3718739 0.2875410 0.0000000 0.1018689 0.1865310 0.3176571 0.3640709 0.1285942 0.1562712 0.0311742 0.3600391 0.0804828 0.4230713 0.1520862 0.2077982 0.2179247 0.2384714 0.4741767 0.4962337 0.2062652 0.0698889 0.4154693 0.2579347 0.0102590 0.2331510 0.1150260 0.3776124 0.0354422 0.2533531 0.3578511 0.2697068 0.2513172 0.3372154 0.1284571 0.3530079 0.0748871 0.2438518 0.3248254 0.4048507 0.1945199 0.3935790 0.0728699 0.3484281 0.3716965 0.0470068 0.3545587 0.4374142 0.2703128 0.1786013 0.3121959 0.1529273 0.2548227 0.3531578 0.1409987 0.4552636 0.0230245 0.0281012 0.0304562 0.3170906 0.0711721 0.0645947 0.2950270 0.0255707 0.1666841 0.2865504 0.4247444 0.3538586 0.3503755 0.1438004 0.3843368 
Perityle_californica_76_positas            0.0625418 0.0988296 0.1471151 0.1457367 0.0599061 0.1197663 0.1358139 0.1751979 0.0840314 0.1456403 0.1179934 0.1189737 0.0959414 0.0492490 0.1018689 0.0000000 0.1398668 0.0793006 0.0569491 0.1504255 0.0871908 0.1421998 0.1040496 0.1386333 0.1156881 0.2001408 0.1448953 0.0970877 0.0335585 0.0180423 0.0516013 0.0980884 0.1630555 0.0995589 0.1697784 0.0983811 0.2362124 0.1885402 0.1165310 0.1260242 0.1583184 0.0511333 0.1534501 0.2523007 0.0575448 0.2003613 0.0970144 0.1259632 0.1850147 0.0785505 0.0889178 0.1108888 0.0957362 0.1290426 0.1663084 0.0955703 0.1857425 0.0964476 0.1383703 0.1983679 0.1642767 0.0990174 0.1851826 0.1375655 0.0976026 0.1020019 0.1144025 0.1439144 0.1720386 0.1615904 0.0763961 0.1873173 0.1842809 0.0807590 0.1723644 0.1603453 0.1776634 0.1106248 0.0708496 0.1484673 0.1631547 0.0141486 
Perityle_canescens_77                      0.3498063 0.1585160 0.2659978 0.4167026 0.2963717 0.3493537 0.2267602 0.3954807 0.1793095 0.2618871 0.2367129 0.2751744 0.4316669 0.3227925 0.1865310 0.1398668 0.0000000 0.3520075 0.3410576 0.1839677 0.1838205 0.1566701 0.4064286 0.1876200 0.4594582 0.2206652 0.1309419 0.2340787 0.2193281 0.4275534 0.4163576 0.1745050 0.1921536 0.2839501 0.3060168 0.1261970 0.1977046 0.1949460 0.4150945 0.0998843 0.2804700 0.2989041 0.2940786 0.2651764 0.3292882 0.1417115 0.4429709 0.2390793 0.2414080 0.3492044 0.4191971 0.2733181 0.4643268 0.1923201 0.4019131 0.4141893 0.1612199 0.4224138 0.4369203 0.3708902 0.1951530 0.3773215 0.2243678 0.1539686 0.3613826 0.1575851 0.4516894 0.0835896 0.1740242 0.1720395 0.2241862 0.1293628 0.1625435 0.3358871 0.1161145 0.1764755 0.2478246 0.4284529 0.3805223 0.3812135 0.2350694 0.1898175 
Perityle_castillonii_96                    0.1463434 0.2500369 0.4788178 0.3742456 0.4076031 0.2857282 0.2663300 0.3546532 0.4677103 0.4048955 0.3289616 0.3716775 0.1442359 0.0560156 0.3176571 0.0793006 0.3520075 0.0000000 0.0792227 0.3485588 0.1563143 0.3277148 0.0949899 0.3217601 0.2331048 0.3738576 0.3610351 0.3309419 0.1098559 0.2771852 0.2748622 0.3383328 0.3229411 0.6264396 0.4316230 0.3040659 0.4018656 0.3674242 0.1633912 0.1912921 0.4038935 0.1101892 0.5066153 0.4594348 0.1098723 0.3190330 0.1442722 0.3910386 0.4580628 0.0762891 0.1128215 0.3638809 0.2060813 0.3851308 0.1914909 0.1204808 0.3609192 0.1291063 0.2608095 0.1928135 0.4332216 0.1328888 0.3469177 0.4145188 0.1793133 0.3149065 0.1895485 0.1852578 0.3826473 0.3629095 0.3942630 0.3112169 0.3731061 0.0816411 0.2957619 0.3526411 0.4404134 0.1494756 0.1085805 0.1611440 0.4563801 0.5476023 
Perityle_cernua_84                         0.1538553 0.2207667 0.4826955 0.3949372 0.4409876 0.3339155 0.2138346 0.3454145 0.3285928 0.4627793 0.3732241 0.4196821 0.1613162 0.0538563 0.3640709 0.0569491 0.3410576 0.0792227 0.0000000 0.3506481 0.2190746 0.3269736 0.1689376 0.3830449 0.2872783 0.4518545 0.4145837 0.3150684 0.0857962 0.2739652 0.2790625 0.3283804 0.3700456 0.5376631 0.4400499 0.3242964 0.3902740 0.4052381 0.1451654 0.1598290 0.4590475 0.0448914 0.4433553 0.5267040 0.1233314 0.2771062 0.1013207 0.4145094 0.4927166 0.1048689 0.1658843 0.4327100 0.2929835 0.4103465 0.2217152 0.1427607 0.3601318 0.1152301 0.2649829 0.1845006 0.4387398 0.1293516 0.3807919 0.4213378 0.2381417 0.3281121 0.2471654 0.1371243 0.3735849 0.3922128 0.3908808 0.3486353 0.3788836 0.0923642 0.2375979 0.3688784 0.4681473 0.1110631 0.1717823 0.1520804 0.4057969 0.4543045 
Perityle_cfvillosa_25_tin                  0.3828734 0.1184251 0.2748871 0.4693741 0.2929344 0.3740244 0.1893471 0.4220520 0.2438106 0.2643871 0.1316602 0.2233412 0.3845893 0.3402510 0.1285942 0.1504255 0.1839677 0.3485588 0.3506481 0.0000000 0.2156836 0.1325663 0.3865291 0.1100948 0.4649979 0.1390529 0.1781019 0.2320975 0.2628698 0.4050268 0.4216516 0.2073404 0.1023046 0.3655785 0.2586565 0.1518105 0.2570623 0.1819176 0.3611912 0.0150151 0.2187935 0.3321235 0.2167475 0.2380431 0.3348323 0.1533195 0.3672842 0.1327185 0.2538403 0.3616204 0.3751072 0.1591753 0.4526051 0.1271559 0.4143857 0.4400333 0.0921851 0.3662339 0.4647825 0.3008976 0.3034333 0.3495108 0.1370926 0.2459165 0.4062109 0.2100440 0.3931758 0.0268098 0.1491517 0.1506944 0.3189260 0.0701378 0.0926139 0.3430107 0.0136367 0.2129449 0.2098523 0.3673494 0.3610737 0.4037053 0.1028663 0.3691938 
Perityle_cinerea_113_Powell1310            0.2391894 0.1368050 0.1837890 0.2821172 0.2477858 0.2681801 0.1963535 0.2431328 0.1692306 0.2627118 0.2012146 0.1703286 0.1868369 0.1866254 0.1562712 0.0871908 0.1838205 0.1563143 0.2190746 0.2156836 0.0000000 0.2056114 0.2421187 0.1843754 0.2700923 0.2529103 0.2167836 0.1692616 0.0587139 0.2721642 0.2609999 0.1939368 0.2095489 0.2319091 0.2537128 0.1625043 0.2628397 0.2477810 0.2118701 0.1453441 0.2112749 0.1965966 0.2464276 0.2810150 0.1971174 0.1466537 0.1887495 0.1778944 0.2434013 0.1773989 0.2160802 0.1651683 0.2538290 0.1640716 0.1778217 0.2034052 0.2161747 0.1966938 0.2267581 0.0838959 0.2679208 0.1223008 0.2796125 0.2153252 0.2435790 0.1251656 0.1800125 0.1316121 0.2175535 0.2276790 0.1650236 0.2245447 0.2207694 0.1842159 0.2225945 0.1936132 0.2086110 0.1888674 0.2101069 0.1412196 0.2305848 0.2005122 
Perityle_coahuilensis_24                   0.3679930 0.1134476 0.1699851 0.3933499 0.2674404 0.3298988 0.1760086 0.3663232 0.2009700 0.2017893 0.1057198 0.0699200 0.3764019 0.3197535 0.0311742 0.1421998 0.1566701 0.3277148 0.3269736 0.1325663 0.2056114 0.0000000 0.3859116 0.0117993 0.4881351 0.0704813 0.1587529 0.2536259 0.1804434 0.3604559 0.3727224 0.1945899 0.0208643 0.2540709 0.2441082 0.0391153 0.2712114 0.0946352 0.3631485 0.0175712 0.1661823 0.3090281 0.2099632 0.2454393 0.3232970 0.1428202 0.3657865 0.0422443 0.2228926 0.3509477 0.3416845 0.1662781 0.4772777 0.0235455 0.3597931 0.4204547 0.0354822 0.3565187 0.4766237 0.3280325 0.2045955 0.3628252 0.1095861 0.1548049 0.3639616 0.1295744 0.3678408 0.0233868 0.0407690 0.0255664 0.2105707 0.0298304 0.0433193 0.3565538 0.0238249 0.1633063 0.2158335 0.3423193 0.3560993 0.3360219 0.0317870 0.2564653 
Perityle_cochisensis_44_cave_creek         0.2159398 0.3056536 0.5285561 0.4999776 0.4717988 0.3586265 0.3108982 0.3999228 0.4467768 0.5068994 0.4258214 0.4659066 0.2159564 0.1524480 0.3600391 0.1040496 0.4064286 0.0949899 0.1689376 0.3865291 0.2421187 0.3859116 0.0000000 0.3896526 0.3860359 0.4983547 0.5067019 0.4084983 0.1275270 0.3441784 0.3313618 0.4114735 0.4039190 0.6350794 0.5301560 0.3428843 0.4797268 0.4566518 0.2027357 0.2484672 0.4991612 0.1358830 0.5977501 0.5590306 0.2185987 0.3924702 0.2036583 0.4614209 0.5519343 0.2101503 0.2114874 0.4672795 0.3468117 0.4024509 0.2365708 0.1938037 0.4338737 0.1941820 0.2577124 0.2062438 0.5273931 0.1334926 0.4723046 0.5682533 0.3168757 0.4329653 0.2355211 0.2577194 0.4484804 0.4397318 0.4606639 0.4088910 0.4477502 0.2054950 0.3300563 0.3975435 0.5132487 0.2148363 0.1996538 0.1631836 0.4274304 0.5992630 
Perityle_congesta_202                      0.4112912 0.0995678 0.3057833 0.4532712 0.2854482 0.3623371 0.1774274 0.3819282 0.2861011 0.2857032 0.1352408 0.1070252 0.4494444 0.3217542 0.0804828 0.1386333 0.1876200 0.3217601 0.3830449 0.1100948 0.1843754 0.0117993 0.3896526 0.0000000 0.4714356 0.1431836 0.1777782 0.2125261 0.2404821 0.5593807 0.5328862 0.2080457 0.0324240 0.4272324 0.2559237 0.0468532 0.2123127 0.1208290 0.4306146 0.0513884 0.2271434 0.3859982 0.3149202 0.2710236 0.3683014 0.1288778 0.4942369 0.0656039 0.2542508 0.3584026 0.4333100 0.1661186 0.4468864 0.0355649 0.3938607 0.4092879 0.0397244 0.4927534 0.4998002 0.3009509 0.2062454 0.3419659 0.1228039 0.2352185 0.4416915 0.1456368 0.5502956 0.0413040 0.0685703 0.0530138 0.3092798 0.0290351 0.0480310 0.3249912 0.0257364 0.1706304 0.2911057 0.4684161 0.3786585 0.3862000 0.1130578 0.3913747 
Perityle_cordifolia_27                     0.2743772 0.3526486 0.5778976 0.6067037 0.5517505 0.5139946 0.3496965 0.4860691 0.4156327 0.6409334 0.4736342 0.5508260 0.3346868 0.3097197 0.4230713 0.1156881 0.4594582 0.2331048 0.2872783 0.4649979 0.2700923 0.4881351 0.3860359 0.4714356 0.0000000 0.5710323 0.5871036 0.4279242 0.1399741 0.3957366 0.4141284 0.4516878 0.4829822 0.5811121 0.5279692 0.4460817 0.5530167 0.5114687 0.3422616 0.2654200 0.5171984 0.2360271 0.5602496 0.6460885 0.3240977 0.4227883 0.3058037 0.5497540 0.5939823 0.3310269 0.3470310 0.5030450 0.0309271 0.5104175 0.1698739 0.2446463 0.5172037 0.3084907 0.2614930 0.1941756 0.6220638 0.0272110 0.5288225 0.6346225 0.2350583 0.4844519 0.3502313 0.2650635 0.5120956 0.5332561 0.4650225 0.4932225 0.5227165 0.3319710 0.3922345 0.4673171 0.5889968 0.3101738 0.3078384 0.1418772 0.5028148 0.5533452 
Perityle_cordifolia_68_tecolote            0.4638715 0.1304303 0.4017159 0.4858645 0.3279803 0.4102781 0.1940835 0.4163717 0.3031109 0.4181410 0.1947821 0.1788501 0.5965847 0.3557327 0.1520862 0.2001408 0.2206652 0.3738576 0.4518545 0.1390529 0.2529103 0.0704813 0.4983547 0.1431836 0.5710323 0.0000000 0.2796963 0.2356394 0.3253391 0.7669557 0.6106538 0.2454486 0.1130562 0.4073034 0.2687410 0.0800224 0.2281898 0.1447801 0.6187102 0.0708943 0.2720291 0.4183003 0.3935999 0.3231762 0.4195481 0.1476205 0.6631760 0.2072971 0.3246017 0.5082351 0.5875698 0.2358470 0.5197843 0.1418556 0.4762249 0.4701479 0.0941419 0.6991275 0.5541192 0.4092609 0.2465708 0.4078344 0.1547176 0.3523554 0.6329336 0.1978734 0.6711491 0.0669951 0.1574404 0.1265022 0.3093889 0.0656501 0.1036697 0.4300382 0.0669876 0.2000627 0.3372375 0.6597898 0.4285880 0.4662403 0.2260459 0.3874400 
Perityle_coronopifolia_28_patagonia        0.4365892 0.1570018 0.3882453 0.4794737 0.3331325 0.4020506 0.2015501 0.3967808 0.3320897 0.3780487 0.2324415 0.3328487 0.5402092 0.3493653 0.2077982 0.1448953 0.1309419 0.3610351 0.4145837 0.1781019 0.2167836 0.1587529 0.5067019 0.1777782 0.5871036 0.2796963 0.0000000 0.2602111 0.3102562 0.6291259 0.5967703 0.2531704 0.1777767 0.5131433 0.3040902 0.1432314 0.1965055 0.1998698 0.5506782 0.1356096 0.3019449 0.3997050 0.3593469 0.3124782 0.4552554 0.1510173 0.5368096 0.2975513 0.3297039 0.4811248 0.5892889 0.2450514 0.5438074 0.2109605 0.4311137 0.4517144 0.1919825 0.5378234 0.5421202 0.4048031 0.2120806 0.3627578 0.2106525 0.0888345 0.5305705 0.1814294 0.6668404 0.1366557 0.2354233 0.2060079 0.3654722 0.1469750 0.1880974 0.3928401 0.1558959 0.1976110 0.2912041 0.5775987 0.4038517 0.4402313 0.2917480 0.4447954 
Perityle_crassifolia_70_ventanas           0.3618320 0.1676444 0.2843596 0.3959269 0.3193703 0.3587117 0.2079149 0.4132487 0.1342497 0.3401843 0.2380583 0.3643279 0.3328436 0.3146006 0.2179247 0.0970877 0.2340787 0.3309419 0.3150684 0.2320975 0.1692616 0.2536259 0.4084983 0.2125261 0.4279242 0.2356394 0.2602111 0.0000000 0.1982335 0.3656486 0.3855232 0.1663949 0.2043916 0.2265831 0.2969229 0.2196301 0.2758214 0.2653280 0.3694099 0.1278017 0.2761532 0.2977722 0.2836813 0.2970998 0.3149944 0.2239053 0.3297255 0.2544120 0.3045221 0.3174369 0.3503813 0.2093064 0.4282350 0.2193809 0.3706481 0.4090132 0.2235102 0.3233659 0.3642849 0.3569997 0.3326005 0.3064703 0.2448685 0.3192783 0.3301916 0.2266155 0.4016592 0.1048320 0.2374313 0.2448399 0.2334544 0.2264529 0.2399235 0.3159080 0.1773254 0.2238151 0.2343372 0.3392447 0.3805029 0.3276529 0.2620090 0.2234374 
Perityle_crassifolia_74_playa_balandra     0.0953680 0.1620953 0.2662868 0.2498291 0.2179644 0.1776968 0.2516906 0.2337324 0.2368892 0.2530006 0.2307859 0.2483939 0.1155764 0.0648099 0.2384714 0.0335585 0.2193281 0.1098559 0.0857962 0.2628698 0.0587139 0.1804434 0.1275270 0.2404821 0.1399741 0.3253391 0.3102562 0.1982335 0.0000000 0.1121098 0.0828419 0.2254540 0.2739683 0.2961033 0.2680250 0.2007932 0.2854480 0.2921472 0.1106704 0.2070770 0.2560830 0.0877450 0.2570572 0.2803939 0.0946750 0.1863391 0.1079106 0.2234897 0.2709985 0.0967059 0.1069858 0.2000508 0.1180030 0.2689097 0.1849815 0.1337582 0.2525697 0.1014339 0.1736932 0.1279529 0.2694309 0.1434391 0.2831161 0.2881183 0.1073749 0.1928955 0.1071607 0.1963785 0.2830126 0.2472218 0.2193023 0.2970244 0.2959336 0.1086634 0.2141251 0.2393481 0.3245562 0.1041210 0.1136115 0.1601655 0.2967594 0.2578046 
Perityle_cuneata_34_cuneata_San_antonio    0.1769441 0.2506083 0.6914797 0.4784108 0.5167494 0.3733603 0.2951622 0.3907490 0.4872602 0.7342949 0.6000835 0.4745051 0.4520910 0.2284360 0.4741767 0.0180423 0.4275534 0.2771852 0.2739652 0.4050268 0.2721642 0.3604559 0.3441784 0.5593807 0.3957366 0.7669557 0.6291259 0.3656486 0.1121098 0.0000000 0.3635461 0.3771783 0.5612920 0.7261500 0.7411879 0.3629134 0.5713965 0.5174131 0.5038446 0.2201659 0.6572433 0.2546230 0.6814938 0.7676973 0.3495441 0.3436877 0.4285519 0.5111742 0.5937553 0.3133251 0.3945880 0.5761067 0.4209771 0.5020537 0.2935572 0.2121139 0.4555347 0.4250779 0.4118350 0.2569739 0.4874289 0.1511839 0.5537637 0.5927790 0.4154679 0.4052564 0.3346566 0.2451152 0.5089706 0.4524934 0.4057027 0.4691070 0.4666477 0.2766827 0.3123299 0.3995933 0.7395332 0.3831447 0.3201252 0.2344981 0.5707803 0.6145872 
Perityle_cuneata_4                         0.2215483 0.2759446 0.6556315 0.4808709 0.5683023 0.3705048 0.2803903 0.4312023 0.4923020 0.6368031 0.5297888 0.4904789 0.3544103 0.2181265 0.4962337 0.0516013 0.4163576 0.2748622 0.2790625 0.4216516 0.2609999 0.3727224 0.3313618 0.5328862 0.4141284 0.6106538 0.5967703 0.3855232 0.0828419 0.3635461 0.0000000 0.4201595 0.5278512 0.6813290 0.6384031 0.3673072 0.5484433 0.5301014 0.3566603 0.2054704 0.6092362 0.2374743 0.7192609 0.7310631 0.2728645 0.3696838 0.2989152 0.4975717 0.5873865 0.2504973 0.3503865 0.5699773 0.4089337 0.4969735 0.3376884 0.2333947 0.4524027 0.2981898 0.3821057 0.2686821 0.5432206 0.1847410 0.5629417 0.5638496 0.3976173 0.4449736 0.2679888 0.2256882 0.4988927 0.4724015 0.4744134 0.4698126 0.4838201 0.2712219 0.3264451 0.4266682 0.6793463 0.3220631 0.2942459 0.2273582 0.5457278 0.5903461 
Perityle_discoidea_81                      0.3785917 0.1358016 0.2558228 0.4441129 0.2930987 0.3551246 0.1578696 0.3790365 0.0000010 0.2968210 0.2527923 0.3280817 0.3471082 0.3192087 0.2062652 0.0980884 0.1745050 0.3383328 0.3283804 0.2073404 0.1939368 0.1945899 0.4114735 0.2080457 0.4516878 0.2454486 0.2531704 0.1663949 0.2254540 0.3771783 0.4201595 0.0000000 0.2022692 0.2349686 0.2775642 0.1692382 0.2211388 0.2559554 0.3855815 0.0840658 0.2525382 0.2990231 0.2560519 0.2835527 0.3312884 0.1807167 0.3532057 0.2490466 0.2752148 0.3473100 0.3838377 0.2304590 0.4406605 0.2259196 0.3373396 0.4286177 0.1918086 0.3474293 0.3658575 0.3273997 0.2850077 0.2753281 0.2595407 0.3082253 0.3389562 0.2125861 0.3960118 0.0950817 0.2366835 0.2186702 0.2144401 0.2064918 0.2165751 0.3253538 0.1179269 0.1946003 0.2538998 0.3611509 0.3872941 0.3034538 0.2625905 0.2360820 
Perityle_dissecta_201                      0.4178538 0.1108167 0.3031759 0.4369486 0.2862392 0.3493588 0.1809001 0.3869229 0.2692844 0.2846947 0.1279436 0.1046040 0.4470764 0.3112433 0.0698889 0.1630555 0.1921536 0.3229411 0.3700456 0.1023046 0.2095489 0.0208643 0.4039190 0.0324240 0.4829822 0.1130562 0.1777767 0.2043916 0.2739683 0.5612920 0.5278512 0.2022692 0.0000000 0.4159554 0.2539514 0.0422353 0.2027226 0.1130882 0.4417156 0.0432933 0.2408877 0.3680001 0.2965522 0.2620783 0.3625879 0.1146149 0.4944799 0.0601874 0.2562392 0.3516195 0.4429593 0.1733833 0.4482238 0.0218014 0.4260566 0.4227982 0.0364133 0.4872562 0.4959586 0.3663080 0.1903566 0.3783129 0.1111296 0.2381584 0.4573974 0.1423590 0.5467619 0.0309754 0.0631358 0.0595498 0.2959711 0.0313249 0.0445349 0.3238129 0.0305291 0.1556821 0.2399383 0.4758462 0.3675682 0.4057048 0.1129429 0.3811151 
Perityle_emoryi_47_punta_san_jose          0.6195157 0.1341180 0.5156454 0.6091554 0.5278181 0.5951074 0.1561565 0.5209885 0.2690576 0.5539696 0.4512836 0.4375663 0.6454412 0.4178346 0.4154693 0.0995589 0.2839501 0.6264396 0.5376631 0.3655785 0.2319091 0.2540709 0.6350794 0.4272324 0.5811121 0.4073034 0.5131433 0.2265831 0.2961033 0.7261500 0.6813290 0.2349686 0.4159554 0.0000000 0.4791004 0.2429913 0.3626307 0.4332721 0.6574394 0.1023341 0.5124757 0.5387522 0.5672735 0.5367717 0.5615387 0.1803978 0.6539453 0.4252757 0.4351116 0.6002870 0.6863971 0.4280689 0.6545884 0.3882100 0.4669676 0.5910059 0.3022716 0.6420380 0.5680571 0.3296140 0.3642900 0.3227000 0.4188123 0.4964593 0.5761198 0.3625776 0.7236948 0.0888094 0.4057226 0.3396983 0.1564682 0.3708329 0.3761499 0.4658220 0.1276935 0.2917506 0.5319013 0.6529209 0.6070469 0.3886972 0.5104221 0.0028009 
Perityle_feddemae_99                       0.5027656 0.2123858 0.4748489 0.5294506 0.3779104 0.4651207 0.1721744 0.4808148 0.3382027 0.4021638 0.2924166 0.4000978 0.5364794 0.4261308 0.2579347 0.1697784 0.3060168 0.4316230 0.4400499 0.2586565 0.2537128 0.2441082 0.5301560 0.2559237 0.5279692 0.2687410 0.3040902 0.2969229 0.2680250 0.7411879 0.6384031 0.2775642 0.2539514 0.4791004 0.0000000 0.2197779 0.2621332 0.2569529 0.6170990 0.0973332 0.1970722 0.4575635 0.3276158 0.3273213 0.4378079 0.2129474 0.5593542 0.3438642 0.2677854 0.4973836 0.5802621 0.3173564 0.5026621 0.2874687 0.4552623 0.5084195 0.2417799 0.5783651 0.5618416 0.4282272 0.3053245 0.3860618 0.2751152 0.3389999 0.5087365 0.2692360 0.6459730 0.1001933 0.2834858 0.2734998 0.3841806 0.2087770 0.2488547 0.4555163 0.1481207 0.2233890 0.3460759 0.6137904 0.4700748 0.4323765 0.3534919 0.4510538 
Perityle_fosteri_93                        0.3419748 0.1040813 0.1935021 0.4029498 0.2511071 0.3448787 0.1850039 0.3523849 0.1783186 0.1924290 0.1198047 0.1120914 0.3349055 0.3147235 0.0102590 0.0983811 0.1261970 0.3040659 0.3242964 0.1518105 0.1625043 0.0391153 0.3428843 0.0468532 0.4460817 0.0800224 0.1432314 0.2196301 0.2007932 0.3629134 0.3673072 0.1692382 0.0422353 0.2429913 0.2197779 0.0000000 0.2300765 0.0882440 0.3492048 0.0355798 0.1819986 0.3124352 0.2240601 0.2062592 0.3138452 0.1346744 0.3281178 0.0696621 0.2234810 0.3029097 0.3352208 0.1793708 0.4429618 0.0532663 0.3639572 0.4032661 0.0475798 0.3257507 0.4176455 0.2773986 0.1875320 0.3158224 0.1306805 0.1946770 0.3533097 0.1372442 0.3300917 0.0048136 0.0159074 0.0402394 0.2239563 0.0481305 0.0539778 0.3257090 0.0285210 0.1772502 0.2121312 0.3219535 0.3477504 0.3178816 0.0627512 0.2415124 
Perityle_gamon_221                         0.4986997 0.2052088 0.3019992 0.5267622 0.3980437 0.4295852 0.2657095 0.4945674 0.3315781 0.3071142 0.2715088 0.3557890 0.4517226 0.3677906 0.2331510 0.2362124 0.1977046 0.4018656 0.3902740 0.2570623 0.2628397 0.2712114 0.4797268 0.2123127 0.5530167 0.2281898 0.1965055 0.2758214 0.2854480 0.5713965 0.5484433 0.2211388 0.2027226 0.3626307 0.2621332 0.2300765 0.0000000 0.2468733 0.5140652 0.1628473 0.1808427 0.4693144 0.2989681 0.1025530 0.4206720 0.1371501 0.4506444 0.2571758 0.2450422 0.4202846 0.4667104 0.2830178 0.5140538 0.2543525 0.5147184 0.4954358 0.2169339 0.4649113 0.5896587 0.4391756 0.2581086 0.4713200 0.2675264 0.2895616 0.4456669 0.2286825 0.5358452 0.1519533 0.2286110 0.2493161 0.3028149 0.2084739 0.2365913 0.4163041 0.1896049 0.2812568 0.2624604 0.5405319 0.4378923 0.4829768 0.3005028 0.3721247 
Perityle_gentryi_8_san_francisco           0.4371779 0.1464474 0.2715858 0.5001177 0.3135042 0.4019362 0.2156204 0.3967161 0.3061771 0.2930756 0.2080928 0.1854402 0.4374684 0.3716224 0.1150260 0.1885402 0.1949460 0.3674242 0.4052381 0.1819176 0.2477810 0.0946352 0.4566518 0.1208290 0.5114687 0.1447801 0.1998698 0.2653280 0.2921472 0.5174131 0.5301014 0.2559554 0.1130882 0.4332721 0.2569529 0.0882440 0.2468733 0.0000000 0.4817093 0.1020584 0.2531966 0.3969285 0.3012868 0.2534672 0.3891242 0.1333556 0.4148120 0.1549944 0.3300332 0.4056596 0.4615970 0.2335358 0.4842693 0.1426421 0.4247177 0.4485848 0.1164885 0.4168280 0.5080387 0.3467673 0.2354074 0.3685863 0.1988393 0.2738273 0.4461315 0.1708117 0.4877644 0.0807353 0.1181113 0.1341983 0.3399390 0.0996951 0.1317235 0.3697648 0.0876776 0.1955055 0.2701031 0.4920517 0.4393693 0.4155051 0.1729320 0.4119506 
Perityle_gilensis_22_Superstition          0.1990415 0.2753105 0.6175400 0.4467746 0.5092940 0.3574424 0.2927616 0.3709412 0.4907640 0.6223921 0.4634950 0.4861051 0.2650613 0.1071845 0.3776124 0.1165310 0.4150945 0.1633912 0.1451654 0.3611912 0.2118701 0.3631485 0.2027357 0.4306146 0.3422616 0.6187102 0.5506782 0.3694099 0.1106704 0.5038446 0.3566603 0.3855815 0.4417156 0.6574394 0.6170990 0.3492048 0.5140652 0.4817093 0.0000000 0.2268373 0.5603424 0.1215792 0.6591068 0.6789057 0.2059049 0.3572856 0.3116842 0.4982878 0.5872265 0.1524773 0.2497447 0.4749391 0.3336150 0.4306420 0.2126609 0.1707625 0.4597999 0.3246208 0.3364631 0.2024717 0.5343846 0.1397861 0.4673333 0.6050165 0.3654286 0.4499018 0.3079100 0.2261668 0.4806627 0.4546838 0.4024168 0.3927814 0.4600131 0.1215808 0.3110539 0.3713949 0.6375126 0.2790513 0.1827786 0.1622698 0.5488906 0.5375775 
Perityle_gilensis_salensis_225             0.2114209 0.0844732 0.0730707 0.2492318 0.1479253 0.2114089 0.1839503 0.2932215 0.1108916 0.1144827 0.0394586 0.0778366 0.2216650 0.1662638 0.0354422 0.1260242 0.0998843 0.1912921 0.1598290 0.0150151 0.1453441 0.0175712 0.2484672 0.0513884 0.2654200 0.0708943 0.1356096 0.1278017 0.2070770 0.2201659 0.2054704 0.0840658 0.0432933 0.1023341 0.0973332 0.0355798 0.1628473 0.1020584 0.2268373 0.0000000 0.1037363 0.1593893 0.1095302 0.1476097 0.1675337 0.1301049 0.2338003 0.0355921 0.1042390 0.1890983 0.2148954 0.0156449 0.2469093 0.0600609 0.3138407 0.2480503 0.0111443 0.2245236 0.2719469 0.2702978 0.1621505 0.2410866 0.0418174 0.1260561 0.2253626 0.1170228 0.2402978 0.0139109 0.0381901 0.0376441 0.1139617 0.0112860 0.0110507 0.2179443 0.0113841 0.1271010 0.1580766 0.2166381 0.1716290 0.2988330 0.0337864 0.1072492 
Perityle_glaucescens_94                    0.4502869 0.1381716 0.4160682 0.4850003 0.3952718 0.3826805 0.1996664 0.4045066 0.3460035 0.4027190 0.2751050 0.3600125 0.5455808 0.3550484 0.2533531 0.1583184 0.2804700 0.4038935 0.4590475 0.2187935 0.2112749 0.1661823 0.4991612 0.2271434 0.5171984 0.2720291 0.3019449 0.2761532 0.2560830 0.6572433 0.6092362 0.2525382 0.2408877 0.5124757 0.1970722 0.1819986 0.1808427 0.2531966 0.5603424 0.1037363 0.0000000 0.4124536 0.2898493 0.3413753 0.4530681 0.1494094 0.5301722 0.3397535 0.0862664 0.4193847 0.5716728 0.2748416 0.4801917 0.2773933 0.3741751 0.4531178 0.1994468 0.5409419 0.5367184 0.3755213 0.2817001 0.3517858 0.2555756 0.3419116 0.4391182 0.2228838 0.6325937 0.0946147 0.2810149 0.2365774 0.3514386 0.1753819 0.2174889 0.3778453 0.1096561 0.1913883 0.3155172 0.5925719 0.4072564 0.3957846 0.3342758 0.4369204 
Perityle_gracilis_11                       0.1403624 0.1954945 0.4378090 0.3615000 0.4009906 0.2962139 0.2096517 0.3384417 0.3944871 0.4533369 0.3923393 0.3499229 0.1446805 0.0253294 0.3578511 0.0511333 0.2989041 0.1101892 0.0448914 0.3321235 0.1965966 0.3090281 0.1358830 0.3859982 0.2360271 0.4183003 0.3997050 0.2977722 0.0877450 0.2546230 0.2374743 0.2990231 0.3680001 0.5387522 0.4575635 0.3124352 0.4693144 0.3969285 0.1215792 0.1593893 0.4124536 0.0000000 0.4134716 0.4739739 0.1092711 0.2520941 0.0873520 0.3418483 0.3753167 0.0740848 0.1249052 0.4655890 0.2655271 0.3431665 0.2028255 0.1052497 0.3067587 0.0829674 0.2976310 0.1914779 0.3984151 0.1204833 0.4200549 0.3698555 0.2228835 0.2755123 0.1774097 0.1264973 0.3191963 0.3408873 0.3856760 0.3686566 0.3343202 0.0193159 0.2241699 0.3383198 0.4272779 0.0353495 0.1601841 0.1480151 0.4309882 0.5244918 
Perityle_harkerae_31                       0.4849332 0.1613865 0.4638318 0.5586619 0.4821168 0.5041336 0.2172609 0.4480214 0.3074194 0.5124364 0.3772486 0.3723095 0.6356500 0.4054869 0.2697068 0.1534501 0.2940786 0.5066153 0.4433553 0.2167475 0.2464276 0.2099632 0.5977501 0.3149202 0.5602496 0.3935999 0.3593469 0.2836813 0.2570572 0.6814938 0.7192609 0.2560519 0.2965522 0.5672735 0.3276158 0.2240601 0.2989681 0.3012868 0.6591068 0.1095302 0.2898493 0.4134716 0.0000000 0.4519318 0.4964611 0.1768359 0.6109652 0.3464311 0.2690113 0.5262230 0.6337918 0.3675791 0.6037358 0.2941925 0.3933909 0.4929198 0.2294885 0.6208094 0.5448315 0.3641000 0.3193479 0.3647221 0.3406477 0.3452459 0.5586767 0.2690777 0.6996194 0.0915507 0.2950082 0.2556210 0.3553640 0.2292915 0.2260421 0.4399114 0.1089316 0.2193278 0.4141706 0.5838927 0.5262947 0.4025393 0.3582729 0.4674928 
Perityle_hofmeisteria_4_nombre_de_dios     0.5530201 0.2258489 0.4734688 0.5943963 0.4524347 0.4909261 0.2549692 0.5018346 0.3764507 0.5062246 0.3685989 0.3429743 0.6326911 0.4522748 0.2513172 0.2523007 0.2651764 0.4594348 0.5267040 0.2380431 0.2810150 0.2454393 0.5590306 0.2710236 0.6460885 0.3231762 0.3124782 0.2970998 0.2803939 0.7676973 0.7310631 0.2835527 0.2620783 0.5367717 0.3273213 0.2062592 0.1025530 0.2534672 0.6789057 0.1476097 0.3413753 0.4739739 0.4519318 0.0000000 0.5107780 0.1457124 0.6648564 0.3634847 0.4017060 0.5046208 0.6016238 0.3500292 0.6136365 0.2932194 0.5396178 0.5337983 0.2246757 0.6909493 0.6548875 0.4461664 0.2538189 0.4763310 0.2905126 0.3634636 0.6612204 0.2475381 0.6953874 0.1517976 0.3014442 0.2453199 0.3893196 0.1709802 0.2337513 0.4748226 0.1745027 0.2599274 0.3993622 0.6680961 0.5078917 0.4776576 0.3644534 0.4845260 
Perityle_huecosensis_48                    0.1706700 0.2363029 0.4978381 0.4178443 0.4294836 0.3299504 0.2388007 0.3568904 0.4617549 0.4966575 0.3903858 0.4155786 0.1414749 0.0585431 0.3372154 0.0575448 0.3292882 0.1098723 0.1233314 0.3348323 0.1971174 0.3232970 0.2185987 0.3683014 0.3240977 0.4195481 0.4552554 0.3149944 0.0946750 0.3495441 0.2728645 0.3312884 0.3625879 0.5615387 0.4378079 0.3138452 0.4206720 0.3891242 0.2059049 0.1675337 0.4530681 0.1092711 0.4964611 0.5107780 0.0000000 0.2768361 0.1046246 0.4017218 0.4668733 0.1121610 0.2015183 0.4328937 0.2725459 0.3859641 0.2221984 0.1518323 0.3452847 0.0938256 0.3007912 0.2143744 0.4567101 0.1503211 0.4021614 0.4823280 0.2345599 0.3518586 0.2011981 0.1472189 0.3832413 0.3738136 0.3897902 0.3237663 0.3691176 0.0941168 0.2487922 0.3472442 0.4848446 0.1485633 0.1513179 0.1721545 0.4609036 0.5616422 
Perityle_incana_3_ucla                     0.3199148 0.1384301 0.1431763 0.3388230 0.1827078 0.2818792 0.2309873 0.3527198 0.1885570 0.1712449 0.1333688 0.1330929 0.3542188 0.2480257 0.1284571 0.2003613 0.1417115 0.3190330 0.2771062 0.1533195 0.1466537 0.1428202 0.3924702 0.1288778 0.4227883 0.1476205 0.1510173 0.2239053 0.1863391 0.3436877 0.3696838 0.1807167 0.1146149 0.1803978 0.2129474 0.1346744 0.1371501 0.1333556 0.3572856 0.1301049 0.1494094 0.2520941 0.1768359 0.1457124 0.2768361 0.0000000 0.3470772 0.1475537 0.1530210 0.3235910 0.3399824 0.2381612 0.4114805 0.1202004 0.3712713 0.3717502 0.1330086 0.3489893 0.4755615 0.3920010 0.1640528 0.4140662 0.1405074 0.1468260 0.3500609 0.0994264 0.3771865 0.1134613 0.1203789 0.1495002 0.1767007 0.1347952 0.1358240 0.3076929 0.1259983 0.1617050 0.1142668 0.3417100 0.2894052 0.3803182 0.1424676 0.1854423 
