81
Amauria_brandeegeana_62                    0.0000000 0.2331640 0.0826453 0.2547812 0.1168923 0.0837770 0.1108934 0.2155731 0.2225801 0.2381076 0.1717783 0.0406929 0.1803157 0.1586788 0.1789060 0.1381072 0.1505454 0.1853681 0.1908139 0.2373663 0.1846611 0.2657994 0.2164790 0.2757919 0.1453059 0.1809483 0.1977755 0.2189541 0.1177972 0.1425782 0.2451546 0.0212953 0.1743268 0.2469453 0.1275913 0.1892985 0.4127778 0.1989676 0.2144610 0.1824492 0.2848434 0.1675256 0.1505755 0.0698512 0.1744484 0.1552527 0.1768542 0.1983991 0.1825072 0.1799907 0.1790710 0.1881721 0.1901268 0.1139488 0.1029475 0.1239718 0.1821663 0.2132031 0.0748857 0.1513828 0.0721339 0.1644489 0.2863100 0.1761179 0.2058379 0.1736144 0.0547481 0.1914059 0.1852137 0.1325078 0.1860014 0.1854823 0.2779541 0.1237791 0.1510406 0.3087437 0.1900403 0.1702843 0.2172514 0.1453535 0.4396809 
Amauria_carterae_99_mesa                   0.2331640 0.0000000 0.2229198 0.3258450 0.1586677 0.0765418 0.0991657 0.2378034 0.2876391 0.2961483 0.2063685 0.0257203 0.2059768 0.1568799 0.1635297 0.1795378 0.1880437 0.2331435 0.2685487 0.2757457 0.2204210 0.3360434 0.2532248 0.2916017 0.2128706 0.1989813 0.2088295 0.2519795 0.1926288 0.1811128 0.2685247 0.2057570 0.2083054 0.3115969 0.1567529 0.2060210 0.3559080 0.2092540 0.3183060 0.2115477 0.3416704 0.2644314 0.2189526 0.0588060 0.2026489 0.2173208 0.2159392 0.2320016 0.2000830 0.2082685 0.1921650 0.2145963 0.2607639 0.1188206 0.1236353 0.1127615 0.1971781 0.1977662 0.0645127 0.2230553 0.0786198 0.1995975 0.3091748 0.1838649 0.2945628 0.2718601 0.0615448 0.2568289 0.1995720 0.2102764 0.2062104 0.1937252 0.2797615 0.1162796 0.2348125 0.2998578 0.2333680 0.2113025 0.2107400 0.2140726 0.4455949 
Amauria_rotundifolia_SRR9119150            0.0826453 0.2229198 0.0000000 0.2448022 0.1040029 0.0895658 0.1143336 0.2311576 0.2053581 0.2184810 0.1328111 0.0461211 0.1390785 0.1253627 0.1346289 0.1220222 0.1324228 0.1900684 0.1991032 0.2439331 0.1608279 0.3022074 0.1983765 0.2417491 0.1301865 0.1414379 0.1536467 0.1793763 0.1227747 0.1425422 0.2128165 0.0369893 0.1328577 0.2154469 0.0961583 0.1498529 0.3791141 0.1662788 0.1900014 0.1523511 0.2874307 0.1287226 0.1358780 0.0736121 0.1466707 0.1415471 0.1678013 0.1820267 0.1373506 0.1546926 0.1367103 0.1639141 0.2023137 0.1138642 0.1068505 0.1073511 0.1384184 0.1901158 0.0869737 0.1445871 0.0754529 0.1418573 0.2732570 0.1307593 0.1807366 0.1525191 0.0696240 0.1874512 0.1431537 0.1255038 0.1415916 0.1414301 0.2589807 0.1453338 0.1390134 0.2928427 0.1834470 0.1435635 0.2337271 0.1325500 0.4860186 
Conoclinium_coelestinum_SRR9119114         0.2547812 0.3258450 0.2448022 0.0000000 0.2605786 0.1372310 0.1964695 0.1742083 0.4304566 0.4281158 0.2896334 0.1118901 0.2663101 0.2196435 0.2745540 0.3458255 0.2308058 0.2243302 0.2558801 0.2885634 0.3055145 0.3534790 0.3633428 0.3202927 0.3024797 0.2669481 0.3212374 0.3629767 0.1880798 0.2560613 0.3551706 0.2249854 0.2759652 0.3760472 0.3526703 0.2641504 0.4978265 0.2766424 0.3517336 0.2616732 0.3645248 0.3545927 0.3253214 0.1354009 0.3129856 0.3394644 0.3300259 0.2711068 0.3016881 0.3185513 0.2695276 0.2915147 0.2500151 0.2131366 0.1766965 0.2637761 0.3079672 0.2723826 0.1411711 0.2728112 0.1546610 0.3189999 0.3756284 0.2986572 0.3590658 0.3520545 0.1381352 0.3519136 0.3101594 0.2619274 0.2896664 0.2611757 0.3001219 0.2136717 0.2626999 0.3627427 0.2339384 0.2607314 0.2355084 0.3503172 0.3450629 
Eutetras_palmeri_63                        0.1168923 0.1586677 0.1040029 0.2605786 0.0000000 0.0049237 0.1230947 0.2001334 0.1783755 0.1409941 0.1297199 0.0531575 0.1214056 0.0694506 0.1350463 0.1627079 0.1087572 0.1331764 0.1153782 0.1692805 0.1389169 0.2769328 0.1862370 0.1686975 0.1412866 0.1203467 0.1677435 0.1968386 0.0883393 0.1316973 0.2227794 0.0824746 0.1294529 0.1195187 0.1979703 0.1183075 0.3654111 0.1303683 0.1023847 0.1001376 0.1401890 0.1787871 0.1757247 0.0586589 0.1289344 0.1739280 0.1007548 0.1702397 0.1194754 0.1429581 0.1289044 0.1339683 0.1038937 0.0719030 0.0721639 0.1550678 0.1319160 0.1393346 0.0646711 0.1127705 0.0425336 0.1439130 0.2386132 0.1174818 0.1026627 0.0867352 0.0478895 0.1934999 0.1456285 0.1179924 0.1373628 0.1036314 0.2172907 0.0802624 0.0818168 0.1873329 0.1000111 0.1248371 0.1132729 0.1682872 0.3298583 
Eutetras_pringlei_149_quer                 0.0837770 0.0765418 0.0895658 0.1372310 0.0049237 0.0000000 0.0841217 0.0846886 0.0793741 0.0643856 0.0597130 0.0224062 0.0625792 0.0475064 0.0558791 0.0509366 0.0579185 0.0853279 0.0557813 0.0635293 0.0574356 0.1619331 0.0587821 0.0576071 0.0509328 0.0448891 0.0666669 0.0930121 0.0784673 0.1032807 0.0705993 0.0610116 0.0683251 0.1011334 0.0896224 0.0631754 0.0555445 0.0576345 0.1038883 0.0569207 0.0985517 0.0981454 0.0635715 0.0517766 0.0540706 0.0550923 0.1009034 0.0623460 0.0530230 0.0668483 0.0471565 0.0566791 0.0884555 0.0684958 0.0604672 0.0461712 0.0530323 0.0910234 0.0678076 0.0805278 0.0355212 0.0744186 0.0855166 0.0434313 0.0835635 0.0761087 0.0507392 0.0685052 0.0576211 0.0865305 0.0557269 0.0536177 0.0504412 0.0604037 0.0823690 0.0702159 0.0552258 0.0742443 0.0880528 0.0527054 0.3955095 
Galeana_pratensis_104_mex                  0.1108934 0.0991657 0.1143336 0.1964695 0.1230947 0.0841217 0.0000000 0.2142925 0.2055258 0.1944095 0.1083444 0.0727616 0.1151582 0.0888846 0.1205670 0.0849251 0.1123546 0.1655502 0.1564006 0.1569974 0.1097056 0.2538296 0.1035101 0.1726528 0.0850710 0.1171766 0.1280603 0.1425358 0.0945621 0.1296993 0.1582429 0.0975951 0.1151336 0.1542869 0.0973013 0.1307628 0.2817079 0.1089602 0.1398470 0.1197270 0.1845203 0.1238128 0.0999077 0.0425868 0.1228214 0.0976938 0.1243893 0.1292871 0.1001488 0.1110807 0.1132653 0.1101963 0.1181277 0.1038443 0.0832808 0.0740764 0.1168764 0.1361305 0.0876759 0.1193647 0.0938893 0.1168817 0.2124290 0.0922248 0.1579409 0.1247050 0.0766259 0.1534943 0.1198467 0.1186179 0.1239987 0.1122956 0.1683573 0.1065474 0.1272054 0.1731082 0.1274445 0.1077034 0.1242100 0.0944774 0.4253586 
Helianthus_annuus_SRR9119062               0.2155731 0.2378034 0.2311576 0.1742083 0.2001334 0.0846886 0.2142925 0.0000000 0.4346292 0.4360332 0.2190798 0.1268521 0.2163637 0.2076407 0.2034215 0.2109555 0.2186577 0.2197030 0.2601249 0.2330231 0.2199157 0.3113409 0.2303962 0.2940086 0.1969470 0.2275701 0.2315714 0.2554875 0.1723452 0.2539790 0.3346872 0.1988372 0.2154948 0.2647789 0.2114329 0.2174821 0.6104646 0.2255757 0.2590194 0.2192194 0.3033307 0.2779401 0.2022687 0.1294141 0.2245313 0.2089714 0.2517413 0.2122467 0.2284387 0.2240138 0.2125110 0.2158642 0.2295247 0.1966987 0.1008362 0.1589519 0.2182135 0.2477895 0.0730811 0.2533420 0.2083503 0.2211096 0.3307673 0.2301358 0.3473568 0.2620243 0.0695926 0.2643929 0.2270047 0.2342136 0.2157623 0.2168633 0.2616469 0.2240952 0.2349265 0.2880153 0.1698025 0.2118376 0.2296374 0.2144757 0.3852604 
Lycapsus_tenuifolius_17                    0.2225801 0.2876391 0.2053581 0.4304566 0.1783755 0.0793741 0.2055258 0.4346292 0.0000000 0.1669729 0.2636404 0.2357130 0.2248446 0.1444628 0.2462735 0.2225572 0.1986293 0.1731515 0.1780402 0.2218645 0.2727774 0.2891196 0.2370067 0.2644355 0.1680451 0.2356556 0.2817397 0.3351463 0.0283864 0.1547004 0.2760277 0.1727036 0.2476337 0.2171749 0.2482547 0.2114734 0.2934283 0.2394760 0.2085505 0.2030590 0.2362543 0.3143800 0.2095747 0.0556428 0.2712891 0.2370103 0.1910622 0.2068234 0.2506047 0.2776260 0.2448932 0.2780566 0.1792649 0.1857370 0.0737799 0.1762370 0.2768007 0.2324640 0.0871863 0.1966000 0.1875607 0.2861227 0.2805435 0.2788812 0.1712564 0.1485783 0.0613092 0.2844026 0.2808758 0.1329872 0.2550217 0.2130774 0.2102903 0.1695117 0.2314597 0.2617225 0.1454677 0.2354316 0.1976158 0.2315817 0.9302043 
Pericome_caudata_50_silver                 0.2381076 0.2961483 0.2184810 0.4281158 0.1409941 0.0643856 0.1944095 0.4360332 0.1669729 0.0000000 0.2751236 0.2862817 0.2392707 0.1631645 0.2521297 0.2219740 0.2260159 0.2011016 0.1717027 0.2397694 0.2847923 0.3025728 0.2441246 0.2639241 0.1658488 0.2438007 0.2932265 0.3445167 0.0795907 0.2215049 0.2305941 0.2197422 0.2562202 0.2045292 0.2206314 0.2207514 0.3062311 0.2580295 0.1999000 0.2211806 0.1963451 0.3100797 0.2056006 0.0531654 0.2842590 0.2304602 0.1723856 0.2164638 0.2696300 0.2870149 0.2479052 0.2912999 0.2054526 0.1843526 0.0836234 0.1729472 0.2895061 0.2549439 0.0722825 0.2123309 0.2009063 0.2955308 0.2979878 0.2813481 0.0615810 0.0758624 0.0445671 0.2717685 0.2984963 0.2004522 0.2667722 0.2283340 0.2183781 0.1518869 0.1962300 0.2818618 0.1494464 0.2477558 0.2303503 0.2267111 1.1507807 
Perityle_aglossa_84_dead_horse             0.1717783 0.2063685 0.1328111 0.2896334 0.1297199 0.0597130 0.1083444 0.2190798 0.2636404 0.2751236 0.0000000 0.0116698 0.0345741 0.0209098 0.0320688 0.0092213 0.1250072 0.1446725 0.1051964 0.1119302 0.0869305 0.3069783 0.1002518 0.1504456 0.0627415 0.0713751 0.0727129 0.1677957 0.0794127 0.1264125 0.1954513 0.1024256 0.0233084 0.2661530 0.1168262 0.0504379 0.2475171 0.0624025 0.2528171 0.0784886 0.2986182 0.1698121 0.0435249 0.0375711 0.0387365 0.0498264 0.2332232 0.0940726 0.0613447 0.0460489 0.0404184 0.0984043 0.1797841 0.0370319 0.0216414 0.0130646 0.0349423 0.1522816 0.0655883 0.1183463 0.0428649 0.0374356 0.2220664 0.0723954 0.2186835 0.2176917 0.0541913 0.0956946 0.0435178 0.1154833 0.0410881 0.0306207 0.1661098 0.0341876 0.1398237 0.2542174 0.1026041 0.0312152 0.1926330 0.0448049 0.4163196 
Perityle_ajoensis_204                      0.0406929 0.0257203 0.0461211 0.1118901 0.0531575 0.0224062 0.0727616 0.1268521 0.2357130 0.2862817 0.0116698 0.0000000 0.0354351 0.0000010 0.0357191 0.0000010 0.0451739 0.1377784 0.1038126 0.1140377 0.0148306 0.1356045 0.0335120 0.0831411 0.0044752 0.0571968 0.0484966 0.0730879 0.0492427 0.0580068 0.1651057 0.0435252 0.0273007 0.0840957 0.0312439 0.0472018 0.4461691 0.0231704 0.0603969 0.0288520 0.1518585 0.0728318 0.0043591 0.0092096 0.0336575 0.0044863 0.0731170 0.1131746 0.0215164 0.0229788 0.0376419 0.0306877 0.0539191 0.0141032 0.0131280 0.0044467 0.0305978 0.0593680 0.0182732 0.0652087 0.0076315 0.0320496 0.1955989 0.0055914 0.1302136 0.0661413 0.0188419 0.0864256 0.0387063 0.0563338 0.0335951 0.0164450 0.1729550 0.0214826 0.0471294 0.1334264 0.0728699 0.0052325 0.0353631 0.0043785 0.3426786 
Perityle_ambrosiifolia_67_green            0.1803157 0.2059768 0.1390785 0.2663101 0.1214056 0.0625792 0.1151582 0.2163637 0.2248446 0.2392707 0.0345741 0.0354351 0.0000000 0.0207177 0.0426964 0.0179410 0.1364404 0.1441387 0.0961281 0.1083725 0.0760527 0.2919265 0.0873714 0.1483083 0.0402440 0.0647850 0.0697398 0.1565888 0.0848273 0.1246863 0.1996088 0.1046952 0.0249145 0.2317919 0.1214225 0.0528401 0.2862008 0.0480586 0.2216901 0.0609073 0.2771981 0.1893864 0.0329542 0.0347883 0.0311696 0.0354367 0.2017155 0.0885172 0.0498525 0.0418816 0.0533988 0.0882616 0.1778606 0.0401986 0.0269286 0.0190867 0.0238248 0.1499009 0.0545483 0.1147292 0.0466692 0.0328178 0.2009453 0.0457043 0.1947879 0.1795284 0.0461953 0.0732619 0.0346866 0.1083655 0.0332173 0.0313341 0.1958258 0.0353217 0.1466773 0.2437307 0.0894033 0.0409489 0.1894986 0.0287379 0.4087269 
Perityle_angustifolia_13_Eagle_creek       0.1586788 0.1568799 0.1253627 0.2196435 0.0694506 0.0475064 0.0888846 0.2076407 0.1444628 0.1631645 0.0209098 0.0000010 0.0207177 0.0000000 0.0266606 0.0011791 0.1301640 0.1169240 0.0795067 0.1110249 0.0506781 0.2605169 0.0593927 0.1498135 0.0000010 0.0434437 0.0386896 0.1320874 0.0753491 0.1104936 0.1587261 0.1047871 0.0213417 0.1423116 0.0938640 0.0370565 0.1988039 0.0138623 0.1410012 0.0242875 0.1893536 0.1363612 0.0011630 0.0292492 0.0101994 0.0071104 0.1433198 0.0738178 0.0095686 0.0146313 0.0416263 0.0731529 0.1512271 0.0295014 0.0147310 0.0000010 0.0073847 0.1457436 0.0518206 0.0905797 0.0389612 0.0262629 0.1745870 0.0327885 0.1339793 0.1132395 0.0367517 0.0753303 0.0155283 0.0900337 0.0138306 0.0132204 0.1287613 0.0135668 0.0920316 0.1970493 0.0729750 0.0245488 0.1894117 0.0011773 0.3699891 
Perityle_batopilensis_97                   0.1789060 0.1635297 0.1346289 0.2745540 0.1350463 0.0558791 0.1205670 0.2034215 0.2462735 0.2521297 0.0320688 0.0357191 0.0426964 0.0266606 0.0000000 0.0216476 0.1295883 0.1343957 0.0946231 0.1203482 0.0691498 0.2845769 0.0894798 0.1419413 0.0413396 0.0529414 0.0557674 0.1601372 0.0817098 0.1222774 0.1799274 0.1066436 0.0361663 0.2214650 0.1318349 0.0205342 0.2872880 0.0470031 0.2073895 0.0665428 0.2434306 0.1763990 0.0322699 0.0294206 0.0404566 0.0383159 0.2093883 0.1092869 0.0459526 0.0435499 0.0496616 0.0880353 0.1482128 0.0354162 0.0275423 0.0231698 0.0329526 0.1504027 0.0529866 0.1126406 0.0352949 0.0463217 0.2067711 0.0408884 0.2178521 0.1987883 0.0501867 0.0767140 0.0498679 0.1150362 0.0424000 0.0378431 0.1944469 0.0342782 0.1279694 0.2467158 0.0875279 0.0468902 0.1912282 0.0298448 0.3955420 
Perityle_bisetosa_9                        0.1381072 0.1795378 0.1220222 0.3458255 0.1627079 0.0509366 0.0849251 0.2109555 0.2225572 0.2219740 0.0092213 0.0000010 0.0179410 0.0011791 0.0216476 0.0000000 0.1052644 0.0624493 0.0000010 0.0117510 0.0132802 0.2347137 0.0148876 0.0092824 0.0324401 0.0148212 0.0355246 0.1407568 0.0706752 0.1053934 0.1298039 0.1047839 0.0174458 0.2247374 0.1200907 0.0300927 0.0106417 0.0106550 0.2145222 0.0047465 0.1540165 0.1417490 0.0091154 0.0317392 0.0147152 0.0194296 0.2147624 0.0159803 0.0593686 0.0127758 0.0179999 0.1223404 0.0749288 0.0228092 0.0114077 0.0019730 0.0112006 0.0872068 0.0556594 0.0794541 0.0000010 0.0212763 0.1060748 0.0597068 0.1859143 0.2025172 0.0437276 0.0514518 0.0149385 0.1048536 0.0101905 0.0125468 0.0009487 0.0064895 0.1463149 0.0889990 0.0054971 0.0216283 0.0877874 0.0150549 0.4169827 
Perityle_californica_76_positas            0.1505454 0.1880437 0.1324228 0.2308058 0.1087572 0.0579185 0.1123546 0.2186577 0.1986293 0.2260159 0.1250072 0.0451739 0.1364404 0.1301640 0.1295883 0.1052644 0.0000000 0.1792568 0.1743807 0.1940074 0.1397725 0.3096796 0.1420250 0.1876090 0.1088715 0.1318332 0.1422464 0.1666824 0.1135216 0.1204158 0.1629317 0.1111630 0.1334817 0.1909181 0.1258989 0.1460615 0.2935364 0.1330832 0.1842793 0.1358537 0.2378584 0.1613841 0.1150602 0.0513376 0.1345598 0.1210197 0.1314721 0.1588661 0.1302442 0.1395208 0.1282623 0.1510980 0.1526605 0.1012704 0.0778371 0.0748781 0.1297980 0.1356286 0.0517679 0.1308581 0.0720296 0.1291990 0.2427304 0.1231063 0.1707778 0.1633944 0.0552357 0.1766375 0.1320124 0.1179849 0.1367245 0.1362156 0.1898351 0.1054080 0.1486723 0.2260303 0.1542231 0.1340961 0.1510115 0.1100032 0.4846920 
Perityle_canescens_77                      0.1853681 0.2331435 0.1900684 0.2243302 0.1331764 0.0853279 0.1655502 0.2197030 0.1731515 0.2011016 0.1446725 0.1377784 0.1441387 0.1169240 0.1343957 0.0624493 0.1792568 0.0000000 0.0867946 0.0888059 0.1468875 0.3232602 0.0965059 0.1721444 0.0692685 0.1380457 0.1480212 0.1981430 0.0790461 0.1873750 0.1833931 0.1682505 0.1483079 0.1533552 0.1065198 0.1455318 0.2267492 0.1410885 0.1421538 0.1433646 0.0924176 0.1885041 0.0814919 0.0393840 0.1438887 0.0815520 0.1382115 0.0884917 0.1418302 0.1430431 0.1367620 0.2041566 0.1713936 0.1367966 0.0609958 0.0534045 0.1366098 0.1572093 0.0733842 0.1486998 0.1469380 0.1417699 0.1250660 0.1242174 0.1668104 0.1527716 0.0756787 0.0953125 0.1377342 0.1604948 0.1455800 0.1424738 0.0831619 0.1381781 0.1853326 0.0949338 0.0785038 0.1476942 0.1832561 0.0774625 0.1601064 
Perityle_castillonii_96                    0.1908139 0.2685487 0.1991032 0.2558801 0.1153782 0.0557813 0.1564006 0.2601249 0.1780402 0.1717027 0.1051964 0.1038126 0.0961281 0.0795067 0.0946231 0.0000010 0.1743807 0.0867946 0.0000000 0.0432983 0.1060760 0.3107968 0.0412905 0.1174815 0.0085695 0.0958031 0.1064456 0.1754291 0.0758409 0.2012544 0.1778229 0.1850014 0.0940514 0.2156756 0.0929610 0.0967720 0.1678453 0.1022228 0.2050164 0.0908742 0.1774646 0.2072795 0.0214120 0.0375616 0.0865453 0.0237977 0.1773801 0.0346641 0.1014827 0.0920686 0.0962178 0.1863570 0.1900577 0.1195905 0.0165613 0.0073804 0.0831740 0.1720470 0.0617800 0.1446591 0.1277061 0.0939652 0.1249803 0.0806457 0.1393242 0.1194134 0.0563658 0.0288569 0.0847270 0.1646769 0.0893819 0.0925920 0.0181762 0.0918201 0.1924716 0.1108288 0.0220797 0.0969564 0.1825983 0.0170281 0.1965667 
Perityle_cernua_84                         0.2373663 0.2757457 0.2439331 0.2885634 0.1692805 0.0635293 0.1569974 0.2330231 0.2218645 0.2397694 0.1119302 0.1140377 0.1083725 0.1110249 0.1203482 0.0117510 0.1940074 0.0888059 0.0432983 0.0000000 0.1191320 0.2988166 0.0665316 0.1262041 0.0294138 0.1214134 0.1296484 0.1996588 0.0825164 0.1973787 0.1956703 0.2012843 0.1052202 0.2831442 0.1227044 0.1248200 0.1712960 0.1239225 0.2599402 0.1189406 0.2184077 0.2338456 0.0245997 0.0396741 0.1183782 0.0274335 0.2434633 0.0400108 0.1329504 0.1127622 0.1187476 0.2150120 0.2132077 0.1113505 0.0236397 0.0122700 0.1120990 0.1905125 0.0616464 0.1528488 0.1203884 0.1024795 0.1231213 0.1097718 0.2015110 0.1863715 0.0506656 0.0308574 0.1171654 0.1667780 0.1184709 0.1243540 0.0790634 0.0961946 0.2231989 0.1639618 0.0550449 0.1103428 0.2240556 0.0198405 0.0845805 
Perityle_cfvillosa_25_tin                  0.1846611 0.2204210 0.1608279 0.3055145 0.1389169 0.0574356 0.1097056 0.2199157 0.2727774 0.2847923 0.0869305 0.0148306 0.0760527 0.0506781 0.0691498 0.0132802 0.1397725 0.1468875 0.1060760 0.1191320 0.0000000 0.2741387 0.1193058 0.1767903 0.0526317 0.1122131 0.1165961 0.1947866 0.0826115 0.1270100 0.1974905 0.1070476 0.0659526 0.3176117 0.1268437 0.0936412 0.2928207 0.0923282 0.2539198 0.0950683 0.3296764 0.1883380 0.0333514 0.0364952 0.0834447 0.0329106 0.2467536 0.1211381 0.1098518 0.1029527 0.0802715 0.1186817 0.2102872 0.0383579 0.0258340 0.0019532 0.0752792 0.1861098 0.0492260 0.1241486 0.0396892 0.0590910 0.2194300 0.1193687 0.2260194 0.2305993 0.0463138 0.0939453 0.0949191 0.1179156 0.0813539 0.0586225 0.1935320 0.0628686 0.1465849 0.2706231 0.0963975 0.0799773 0.2243081 0.0266326 0.4179380 
Perityle_cinerea_113_Powell1310            0.2657994 0.3360434 0.3022074 0.3534790 0.2769328 0.1619331 0.2538296 0.3113409 0.2891196 0.3025728 0.3069783 0.1356045 0.2919265 0.2605169 0.2845769 0.2347137 0.3096796 0.3232602 0.3107968 0.2988166 0.2741387 0.0000000 0.2678507 0.3092282 0.2461910 0.2884940 0.2999650 0.2708892 0.2470446 0.2745471 0.2999970 0.2586850 0.2978190 0.3322344 0.2078714 0.2961850 0.3271667 0.2779806 0.3294572 0.2738761 0.3062619 0.3284737 0.2484174 0.1672294 0.2778203 0.2411140 0.2625535 0.3009975 0.2918462 0.2781064 0.2943755 0.3316310 0.2844574 0.2626783 0.1976349 0.2034123 0.2946845 0.2856365 0.1267385 0.2837111 0.2542508 0.3124882 0.2588970 0.2806379 0.3064602 0.3007493 0.0830142 0.3038153 0.3011968 0.3171438 0.3021181 0.2919881 0.3060446 0.2127114 0.3353971 0.3055110 0.2808369 0.2883336 0.2664437 0.2375735 1.0210215 
Perityle_coahuilensis_24                   0.2164790 0.2532248 0.1983765 0.3633428 0.1862370 0.0587821 0.1035101 0.2303962 0.2370067 0.2441246 0.1002518 0.0335120 0.0873714 0.0593927 0.0894798 0.0148876 0.1420250 0.0965059 0.0412905 0.0665316 0.1193058 0.2678507 0.0000000 0.0793006 0.0328716 0.0993843 0.1296237 0.1880756 0.0829268 0.1411657 0.1587158 0.1607873 0.0743996 0.4048041 0.1301098 0.1137581 0.0832382 0.1613021 0.2920230 0.1395518 0.2688818 0.2272118 0.0068493 0.0470516 0.1139263 0.0168429 0.2871445 0.0554644 0.1518095 0.1132596 0.0926169 0.1962012 0.2092715 0.0621564 0.0250749 0.0077772 0.0806701 0.1317207 0.0596144 0.1206795 0.0642930 0.0851242 0.1862957 0.1412595 0.1955678 0.2108329 0.0454048 0.0690816 0.0620578 0.1325398 0.0829710 0.0807289 0.0908621 0.0525673 0.1868348 0.2312884 0.0401797 0.0888887 0.1726588 0.0120279 0.8693159 
Perityle_cochisensis_44_cave_creek         0.2757919 0.2916017 0.2417491 0.3202927 0.1686975 0.0576071 0.1726528 0.2940086 0.2644355 0.2639241 0.1504456 0.0831411 0.1483083 0.1498135 0.1419413 0.0092824 0.1876090 0.1721444 0.1174815 0.1262041 0.1767903 0.3092282 0.0793006 0.0000000 0.0371745 0.1740233 0.1861582 0.2381323 0.0774978 0.1910858 0.1962608 0.1802879 0.1228644 0.3746839 0.1243609 0.1560890 0.1151344 0.2068070 0.2881667 0.1819644 0.3460495 0.2539393 0.0396053 0.0365716 0.1729729 0.0445348 0.2837532 0.1202910 0.1860141 0.1415302 0.1410899 0.2023043 0.2412971 0.1226498 0.0160611 0.0126981 0.1613215 0.1943896 0.0667139 0.1606329 0.1284139 0.1234424 0.2779804 0.1670242 0.2268517 0.2169061 0.0500323 0.1061911 0.1656108 0.1631032 0.1738865 0.1631893 0.1898813 0.1333939 0.2024046 0.3019753 0.1126539 0.1405288 0.2500505 0.0341337 0.7704138 
Perityle_congesta_202                      0.1453059 0.2128706 0.1301865 0.3024797 0.1412866 0.0509328 0.0850710 0.1969470 0.1680451 0.1658488 0.0627415 0.0044752 0.0402440 0.0000010 0.0413396 0.0324401 0.1088715 0.0692685 0.0085695 0.0294138 0.0526317 0.2461910 0.0328716 0.0371745 0.0000000 0.0302231 0.0662757 0.1548733 0.0719904 0.1088356 0.1586928 0.1047606 0.0402163 0.2160668 0.1485433 0.0404539 0.0321941 0.0494093 0.1957861 0.0235352 0.1853971 0.1860141 0.0329585 0.0344674 0.0251312 0.0367138 0.1647245 0.0424542 0.0261851 0.0553503 0.0384985 0.1275533 0.1233244 0.0274846 0.0139525 0.0263553 0.0293760 0.1031328 0.0582223 0.0860399 0.0019307 0.0538728 0.1291688 0.0408664 0.1596440 0.1672917 0.0409837 0.0572113 0.0330352 0.1045079 0.0291282 0.0148496 0.0377645 0.0016160 0.1669826 0.0941184 0.0104463 0.0443617 0.0902895 0.0292206 0.3684630 
Perityle_cordifolia_27                     0.1809483 0.1989813 0.1414379 0.2669481 0.1203467 0.0448891 0.1171766 0.2275701 0.2356556 0.2438007 0.0713751 0.0571968 0.0647850 0.0434437 0.0529414 0.0148212 0.1318332 0.1380457 0.0958031 0.1214134 0.1122131 0.2884940 0.0993843 0.1740233 0.0302231 0.0000000 0.0886988 0.1548431 0.0765724 0.1293014 0.1910190 0.1080098 0.0526657 0.3118974 0.1276740 0.0752826 0.2977184 0.1373764 0.2251400 0.1280519 0.2917015 0.1955719 0.0274626 0.0402727 0.0839355 0.0371510 0.2102445 0.1103643 0.0907269 0.0924271 0.0255929 0.1207049 0.1895718 0.0562036 0.0239710 0.0135365 0.0613428 0.1545561 0.0628829 0.1182582 0.0054388 0.0638569 0.2134906 0.0373523 0.2005319 0.1841508 0.0486542 0.0803175 0.0753273 0.1133750 0.0736056 0.0621609 0.2100399 0.0616784 0.1495349 0.2646136 0.0821857 0.0634896 0.1973767 0.0241345 0.4141731 
Perityle_cordifolia_68_tecolote            0.1977755 0.2088295 0.1536467 0.3212374 0.1677435 0.0666669 0.1280603 0.2315714 0.2817397 0.2932265 0.0727129 0.0484966 0.0697398 0.0386896 0.0557674 0.0355246 0.1422464 0.1480212 0.1064456 0.1296484 0.1165961 0.2999650 0.1296237 0.1861582 0.0662757 0.0886988 0.0000000 0.1764666 0.0846014 0.1300277 0.2075775 0.1181941 0.0611495 0.3285689 0.1398031 0.0776546 0.3066595 0.1501885 0.2640406 0.1304315 0.2946561 0.2071887 0.0485701 0.0426056 0.1228141 0.0602065 0.2449618 0.1197592 0.1096636 0.1063303 0.0827555 0.1255176 0.2059959 0.0076340 0.0335875 0.0365991 0.1014565 0.1663034 0.0641419 0.1219032 0.0444332 0.0992126 0.2395778 0.0966791 0.2359886 0.2367537 0.0530278 0.1146659 0.0974635 0.1232639 0.0920981 0.0708634 0.2233633 0.0604313 0.1609316 0.2770083 0.0942327 0.0747311 0.1998096 0.0490634 0.4165447 
Perityle_coronopifolia_28_patagonia        0.2189541 0.2519795 0.1793763 0.3629767 0.1968386 0.0930121 0.1425358 0.2554875 0.3351463 0.3445167 0.1677957 0.0730879 0.1565888 0.1320874 0.1601372 0.1407568 0.1666824 0.1981430 0.1754291 0.1996588 0.1947866 0.2708892 0.1880756 0.2381323 0.1548733 0.1548431 0.1764666 0.0000000 0.1310420 0.1536982 0.2302668 0.1390627 0.1573246 0.3227426 0.1357489 0.1625301 0.3369903 0.2084147 0.2733849 0.1956069 0.3508869 0.1914927 0.1362769 0.0465909 0.1693552 0.1488624 0.2475151 0.1909018 0.2065299 0.1888277 0.1585124 0.2089363 0.1822680 0.1397818 0.1197302 0.1351758 0.1622103 0.1473279 0.0904231 0.1058048 0.1070382 0.1634238 0.1196940 0.1786659 0.2787046 0.2739614 0.0499612 0.2073325 0.1712648 0.1521792 0.1669930 0.1566228 0.2648317 0.1559271 0.1817300 0.2740017 0.1669640 0.1666043 0.1966585 0.1428361 0.4604384 
Perityle_crassifolia_70_ventanas           0.1177972 0.1926288 0.1227747 0.1880798 0.0883393 0.0784673 0.0945621 0.1723452 0.0283864 0.0795907 0.0794127 0.0492427 0.0848273 0.0753491 0.0817098 0.0706752 0.1135216 0.0790461 0.0758409 0.0825164 0.0826115 0.2470446 0.0829268 0.0774978 0.0719904 0.0765724 0.0846014 0.1310420 0.0000000 0.0269884 0.1125341 0.0939799 0.0897787 0.0902747 0.1079209 0.0923804 0.0808960 0.0836185 0.0893179 0.0805555 0.0860993 0.1187426 0.0858275 0.0459656 0.0800441 0.0847520 0.0741483 0.0855734 0.0730039 0.0847606 0.0808154 0.1404433 0.0920571 0.0775778 0.0728726 0.0612342 0.0736753 0.0920158 0.0819659 0.0823232 0.0510654 0.0839386 0.0917131 0.0732644 0.0986186 0.1004668 0.0619923 0.0935308 0.0811332 0.0011060 0.0846505 0.0850530 0.0698699 0.0839553 0.1093197 0.0907677 0.0822574 0.0889407 0.0980103 0.0830452 0.4302984 
Perityle_crassifolia_74_playa_balandra     0.1425782 0.1811128 0.1425422 0.2560613 0.1316973 0.1032807 0.1296993 0.2539790 0.1547004 0.2215049 0.1264125 0.0580068 0.1246863 0.1104936 0.1222774 0.1053934 0.1204158 0.1873750 0.2012544 0.1973787 0.1270100 0.2745471 0.1411657 0.1910858 0.1088356 0.1293014 0.1300277 0.1536982 0.0269884 0.0000000 0.1966815 0.0945127 0.1308249 0.1407712 0.1321543 0.1319809 0.3069096 0.1213052 0.1431769 0.1209748 0.1973913 0.1590263 0.1227396 0.0670857 0.1247022 0.1246303 0.1349316 0.1608374 0.1208299 0.1195887 0.1227997 0.1570330 0.1156782 0.1155870 0.0994726 0.0906202 0.1180010 0.1325664 0.0901351 0.1181044 0.1092489 0.1260628 0.2294204 0.1151192 0.2049656 0.1872223 0.0668721 0.1928126 0.1217038 0.0373159 0.1295697 0.1286534 0.1959366 0.1300304 0.1528887 0.2041361 0.1626384 0.1289234 0.1423161 0.1217861 0.4847981 
Perityle_cuneata_4                         0.2451546 0.2685247 0.2128165 0.3551706 0.2227794 0.0705993 0.1582429 0.3346872 0.2760277 0.2305941 0.1954513 0.1651057 0.1996088 0.1587261 0.1799274 0.1298039 0.1629317 0.1833931 0.1778229 0.1956703 0.1974905 0.2999970 0.1587158 0.1962608 0.1586928 0.1910190 0.2075775 0.2302668 0.1125341 0.1966815 0.0000000 0.2116324 0.1924828 0.2955720 0.1392304 0.1979826 0.2136548 0.1943599 0.2872517 0.1915973 0.2598599 0.2308703 0.1521155 0.0702798 0.1938969 0.1527257 0.2583109 0.1833414 0.2076414 0.1957160 0.1902377 0.2357903 0.2045120 0.1765908 0.0898325 0.1089253 0.1901954 0.1784675 0.0917118 0.1991881 0.1520785 0.2024985 0.2043049 0.1889058 0.2256223 0.2225557 0.0516092 0.1867372 0.1957599 0.2002436 0.1929517 0.1983133 0.1850994 0.1522851 0.2406830 0.2063992 0.1674703 0.1990001 0.1753463 0.1435853 0.7205352 
Perityle_discoidea_81                      0.0212953 0.2057570 0.0369893 0.2249854 0.0824746 0.0610116 0.0975951 0.1988372 0.1727036 0.2197422 0.1024256 0.0435252 0.1046952 0.1047871 0.1066436 0.1047839 0.1111630 0.1682505 0.1850014 0.2012843 0.1070476 0.2586850 0.1607873 0.1802879 0.1047606 0.1080098 0.1181941 0.1390627 0.0939799 0.0945127 0.2116324 0.0000000 0.1025872 0.1695582 0.0685354 0.1170855 0.3495409 0.1065140 0.1648865 0.1011401 0.2442212 0.1023058 0.1136472 0.0518149 0.1014433 0.1146216 0.1389930 0.1574039 0.1037370 0.1049913 0.1023092 0.1392658 0.1322447 0.0950439 0.0920970 0.0895912 0.1015455 0.1298610 0.0511349 0.1303554 0.0590267 0.1076867 0.2391127 0.0948596 0.1795335 0.1498745 0.0279423 0.1687497 0.1021233 0.0871333 0.1041153 0.1072187 0.2222923 0.0949775 0.1185081 0.2338813 0.1513630 0.1037402 0.1682410 0.1068577 0.4634504 
Perityle_dissecta_201                      0.1743268 0.2083054 0.1328577 0.2759652 0.1294529 0.0683251 0.1151336 0.2154948 0.2476337 0.2562202 0.0233084 0.0273007 0.0249145 0.0213417 0.0361663 0.0174458 0.1334817 0.1483079 0.0940514 0.1052202 0.0659526 0.2978190 0.0743996 0.1228644 0.0402163 0.0526657 0.0611495 0.1573246 0.0897787 0.1308249 0.1924828 0.1025872 0.0000000 0.2327200 0.1275857 0.0516543 0.2446009 0.0481900 0.2173569 0.0568277 0.2810215 0.1851449 0.0295493 0.0456550 0.0307278 0.0330575 0.2021498 0.1009136 0.0481100 0.0426328 0.0420282 0.0868911 0.1778204 0.0431609 0.0311196 0.0186824 0.0240050 0.1478825 0.0611603 0.1160929 0.0465499 0.0329075 0.2053067 0.0426693 0.2124462 0.2003439 0.0500990 0.0495471 0.0333887 0.1188509 0.0274464 0.0267335 0.2007734 0.0363783 0.1500690 0.2150738 0.0880131 0.0330571 0.1839161 0.0251856 0.4162108 
Perityle_feddemae_99                       0.2469453 0.3115969 0.2154469 0.3760472 0.1195187 0.1011334 0.1542869 0.2647789 0.2171749 0.2045292 0.2661530 0.0840957 0.2317919 0.1423116 0.2214650 0.2247374 0.1909181 0.1533552 0.2156756 0.2831442 0.3176117 0.3322344 0.4048041 0.3746839 0.2160668 0.3118974 0.3285689 0.3227426 0.0902747 0.1407712 0.2955720 0.1695582 0.2327200 0.0000000 0.2336612 0.2422458 0.5693867 0.3516087 0.0562083 0.2352474 0.1430286 0.3287610 0.2823787 0.0445956 0.2868609 0.3151351 0.0513797 0.2520314 0.2684381 0.2557044 0.2335781 0.2438606 0.2262956 0.1466353 0.0712227 0.1601184 0.3115284 0.2442924 0.0861381 0.1774536 0.1576976 0.2783665 0.4087570 0.3195060 0.1805137 0.1609126 0.0766721 0.2910061 0.3272418 0.1594770 0.3086418 0.2224604 0.3667295 0.1403542 0.1801612 0.3813941 0.2090195 0.2249938 0.1982276 0.2895815 0.5021006 
Perityle_gamon_221                         0.1275913 0.1567529 0.0961583 0.3526703 0.1979703 0.0896224 0.0973013 0.2114329 0.2482547 0.2206314 0.1168262 0.0312439 0.1214225 0.0938640 0.1318349 0.1200907 0.1258989 0.1065198 0.0929610 0.1227044 0.1268437 0.2078714 0.1301098 0.1243609 0.1485433 0.1276740 0.1398031 0.1357489 0.1079209 0.1321543 0.1392304 0.0685354 0.1275857 0.2336612 0.0000000 0.1392046 0.1248818 0.1265665 0.2312540 0.1225890 0.1812739 0.0080817 0.1293607 0.0624043 0.1301190 0.1361904 0.2275814 0.1227549 0.1735515 0.1272911 0.1281831 0.1818440 0.0969468 0.1061305 0.0961587 0.1104412 0.1240507 0.1095624 0.0613080 0.1059912 0.0600013 0.1334211 0.1013046 0.1632281 0.1993506 0.2261429 0.0324081 0.1606987 0.1309652 0.1373843 0.1273019 0.1259708 0.1141827 0.0986226 0.1646490 0.1116882 0.1060990 0.1308396 0.1096903 0.1296418 0.3063550 
Perityle_gentryi_8_san_francisco           0.1892985 0.2060210 0.1498529 0.2641504 0.1183075 0.0631754 0.1307628 0.2174821 0.2114734 0.2207514 0.0504379 0.0472018 0.0528401 0.0370565 0.0205342 0.0300927 0.1460615 0.1455318 0.0967720 0.1248200 0.0936412 0.2961850 0.1137581 0.1560890 0.0404539 0.0752826 0.0776546 0.1625301 0.0923804 0.1319809 0.1979826 0.1170855 0.0516543 0.2422458 0.1392046 0.0000000 0.3025670 0.0702624 0.2123856 0.0832514 0.2628615 0.2025268 0.0478858 0.0396013 0.0565605 0.0512551 0.1916191 0.1145362 0.0581577 0.0594841 0.0588812 0.1071810 0.1773532 0.0442610 0.0374756 0.0321347 0.0490887 0.1642644 0.0640514 0.1252883 0.0443286 0.0632702 0.2023365 0.0567504 0.1891760 0.1689142 0.0585474 0.0890255 0.0670351 0.1180279 0.0571105 0.0480090 0.2054667 0.0460764 0.1537121 0.2590691 0.0941717 0.0581267 0.2023671 0.0448631 0.3992053 
Perityle_gilensis_22_Superstition          0.4127778 0.3559080 0.3791141 0.4978265 0.3654111 0.0555445 0.2817079 0.6104646 0.2934283 0.3062311 0.2475171 0.4461691 0.2862008 0.1988039 0.2872880 0.0106417 0.2935364 0.2267492 0.1678453 0.1712960 0.2928207 0.3271667 0.0832382 0.1151344 0.0321941 0.2977184 0.3066595 0.3369903 0.0808960 0.3069096 0.2136548 0.3495409 0.2446009 0.5693867 0.1248818 0.3025670 0.0000000 0.3452861 0.4265871 0.3388812 0.3938890 0.3767821 0.0068674 0.0387247 0.2954650 0.0335055 0.4657481 0.2018171 0.3152459 0.2737933 0.2894104 0.3814659 0.3681652 0.2042272 0.0226332 0.0067864 0.2706347 0.3227321 0.0569577 0.2724878 0.2642463 0.2407051 0.3383456 0.2626505 0.2358895 0.2412613 0.0453940 0.1450989 0.2699838 0.2625645 0.2831414 0.2647298 0.3043546 0.1969389 0.3344734 0.3390884 0.1302401 0.2447746 0.3585063 0.0117833 1.3811121 
Perityle_gilensis_salensis_225             0.1989676 0.2092540 0.1662788 0.2766424 0.1303683 0.0576345 0.1089602 0.2255757 0.2394760 0.2580295 0.0624025 0.0231704 0.0480586 0.0138623 0.0470031 0.0106550 0.1330832 0.1410885 0.1022228 0.1239225 0.0923282 0.2779806 0.1613021 0.2068070 0.0494093 0.1373764 0.1501885 0.2084147 0.0836185 0.1213052 0.1943599 0.1065140 0.0481900 0.3516087 0.1265665 0.0702624 0.3452861 0.0000000 0.2403312 0.1579526 0.3352768 0.2066433 0.0645729 0.0404105 0.2056616 0.0919878 0.2328493 0.1145859 0.0850872 0.1521783 0.0522676 0.1015258 0.2465460 0.0396084 0.0239817 0.0099455 0.1088891 0.2201140 0.0572529 0.1451963 0.0492996 0.0799188 0.2406388 0.1245445 0.2104803 0.1941164 0.0458651 0.0749208 0.1115295 0.1141940 0.1186332 0.0514783 0.1923241 0.0780039 0.1468414 0.3598889 0.1004555 0.0590284 0.2470896 0.0585663 0.4072954 
Perityle_glaucescens_94                    0.2144610 0.3183060 0.1900014 0.3517336 0.1023847 0.1038883 0.1398470 0.2590194 0.2085505 0.1999000 0.2528171 0.0603969 0.2216901 0.1410012 0.2073895 0.2145222 0.1842793 0.1421538 0.2050164 0.2599402 0.2539198 0.3294572 0.2920230 0.2881667 0.1957861 0.2251400 0.2640406 0.2733849 0.0893179 0.1431769 0.2872517 0.1648865 0.2173569 0.0562083 0.2312540 0.2123856 0.4265871 0.2403312 0.0000000 0.2101878 0.1564477 0.2843904 0.2351747 0.0488285 0.2577837 0.2491234 0.0441253 0.2166353 0.2319093 0.2523034 0.2177508 0.2336378 0.2133605 0.1517933 0.0746079 0.1624387 0.2489266 0.1901918 0.0991316 0.1565191 0.1546382 0.2413788 0.3394698 0.2488255 0.1770736 0.1532523 0.0811453 0.2940052 0.2519948 0.1577414 0.2430533 0.2060084 0.2636368 0.1564622 0.1762329 0.3470634 0.1844984 0.2113135 0.2073721 0.2447477 0.5103543 
Perityle_gracilis_11                       0.1824492 0.2115477 0.1523511 0.2616732 0.1001376 0.0569207 0.1197270 0.2192194 0.2030590 0.2211806 0.0784886 0.0288520 0.0609073 0.0242875 0.0665428 0.0047465 0.1358537 0.1433646 0.0908742 0.1189406 0.0950683 0.2738761 0.1395518 0.1819644 0.0235352 0.1280519 0.1304315 0.1956069 0.0805555 0.1209748 0.1915973 0.1011401 0.0568277 0.2352474 0.1225890 0.0832514 0.3388812 0.1579526 0.2101878 0.0000000 0.2438993 0.2029097 0.0417505 0.0369898 0.0567782 0.0567684 0.1827265 0.1103900 0.0922713 0.0769175 0.0732497 0.0834150 0.1623300 0.0354596 0.0199774 0.0000010 0.0808551 0.2024065 0.0540331 0.1363359 0.0376993 0.0540243 0.2747714 0.1143268 0.1769826 0.1592210 0.0482805 0.0764179 0.1037473 0.1075409 0.0846064 0.0493179 0.2018495 0.0184563 0.1453950 0.2590526 0.0926792 0.0510530 0.1615356 0.0336952 0.4191929 
Perityle_harkerae_31                       0.2848434 0.3416704 0.2874307 0.3645248 0.1401890 0.0985517 0.1845203 0.3033307 0.2362543 0.1963451 0.2986182 0.1518585 0.2771981 0.1893536 0.2434306 0.1540165 0.2378584 0.0924176 0.1774646 0.2184077 0.3296764 0.3062619 0.2688818 0.3460495 0.1853971 0.2917015 0.2946561 0.3508869 0.0860993 0.1973913 0.2598599 0.2442212 0.2810215 0.1430286 0.1812739 0.2628615 0.3938890 0.3352768 0.1564477 0.2438993 0.0000000 0.3340293 0.2147454 0.0462827 0.2485853 0.2151520 0.1590662 0.1970693 0.2702973 0.2352067 0.2688968 0.3066070 0.2320967 0.1946721 0.0710393 0.1361935 0.2980001 0.2973707 0.0939987 0.2225121 0.2112186 0.2741192 0.3003864 0.2781855 0.1980135 0.1717494 0.0756641 0.2111441 0.3035856 0.2001050 0.3076141 0.2541182 0.2342617 0.1701160 0.2325298 0.2684629 0.1663643 0.2718437 0.2007304 0.2030603 0.1979950 
Perityle_hofmeisteria_4_nombre_de_dios     0.1675256 0.2644314 0.1287226 0.3545927 0.1787871 0.0981454 0.1238128 0.2779401 0.3143800 0.3100797 0.1698121 0.0728318 0.1893864 0.1363612 0.1763990 0.1417490 0.1613841 0.1885041 0.2072795 0.2338456 0.1883380 0.3284737 0.2272118 0.2539393 0.1860141 0.1955719 0.2071887 0.1914927 0.1187426 0.1590263 0.2308703 0.1023058 0.1851449 0.3287610 0.0080817 0.2025268 0.3767821 0.2066433 0.2843904 0.2029097 0.3340293 0.0000000 0.1749275 0.0681094 0.1983630 0.1855281 0.2597000 0.2102220 0.2190337 0.2020354 0.1751064 0.2201964 0.1917603 0.1328368 0.1033739 0.1162678 0.1917001 0.1443591 0.0745497 0.1643823 0.1037299 0.1927384 0.2693989 0.2098524 0.2490286 0.2435298 0.0483840 0.2295384 0.2026242 0.1494217 0.1943558 0.1743423 0.2786497 0.1524190 0.1834699 0.2859460 0.2004319 0.1894624 0.1897255 0.1782691 0.5254665 
Perityle_huecosensis_48                    0.1505755 0.2189526 0.1358780 0.3253214 0.1757247 0.0635715 0.0999077 0.2022687 0.2095747 0.2056006 0.0435249 0.0043591 0.0329542 0.0011630 0.0322699 0.0091154 0.1150602 0.0814919 0.0214120 0.0245997 0.0333514 0.2484174 0.0068493 0.0396053 0.0329585 0.0274626 0.0485701 0.1362769 0.0858275 0.1227396 0.1521155 0.1136472 0.0295493 0.2823787 0.1293607 0.0478858 0.0068674 0.0645729 0.2351747 0.0417505 0.2147454 0.1749275 0.0000000 0.0402206 0.0098590 0.0146749 0.2119050 0.0383111 0.0809403 0.0483432 0.0356249 0.1489324 0.1501444 0.0342560 0.0251559 0.0048700 0.0063019 0.0950336 0.0648379 0.0918843 0.0135183 0.0350826 0.1128259 0.0455758 0.1905913 0.2035135 0.0505961 0.0520230 0.0075613 0.1143841 0.0119490 0.0145695 0.0322199 0.0094413 0.1774317 0.0893125 0.0186617 0.0402385 0.0946335 0.0084301 0.4169827 
Perityle_incana_3_ucla                     0.0698512 0.0588060 0.0736121 0.1354009 0.0586589 0.0517766 0.0425868 0.1294141 0.0556428 0.0531654 0.0375711 0.0092096 0.0347883 0.0292492 0.0294206 0.0317392 0.0513376 0.0393840 0.0375616 0.0396741 0.0364952 0.1672294 0.0470516 0.0365716 0.0344674 0.0402727 0.0426056 0.0465909 0.0459656 0.0670857 0.0702798 0.0518149 0.0456550 0.0445956 0.0624043 0.0396013 0.0387247 0.0404105 0.0488285 0.0369898 0.0462827 0.0681094 0.0402206 0.0000000 0.0375585 0.0424217 0.0491446 0.0416694 0.0392120 0.0412042 0.0404800 0.0525610 0.0227780 0.0432919 0.0321005 0.0331996 0.0347943 0.0378933 0.0336437 0.0211289 0.0145145 0.0485257 0.0337777 0.0391174 0.0518175 0.0695382 0.0222665 0.0502195 0.0444425 0.0539850 0.0432486 0.0396393 0.0317597 0.0375412 0.0714256 0.0359767 0.0368650 0.0475856 0.0381411 0.0375221 0.2543544 
Perityle_intricata_59_Clark_mtns           0.1744484 0.2026489 0.1466707 0.3129856 0.1289344 0.0540706 0.1228214 0.2245313 0.2712891 0.2842590 0.0387365 0.0336575 0.0311696 0.0101994 0.0404566 0.0147152 0.1345598 0.1438887 0.0865453 0.1183782 0.0834447 0.2778203 0.1139263 0.1729729 0.0251312 0.0839355 0.1228141 0.1693552 0.0800441 0.1247022 0.1938969 0.1014433 0.0307278 0.2868609 0.1301190 0.0565605 0.2954650 0.2056616 0.2577837 0.0567782 0.2485853 0.1983630 0.0098590 0.0375585 0.0000000 0.0158011 0.2312373 0.1097516 0.0647899 0.0594509 0.0575232 0.0975958 0.1583888 0.0356336 0.0215087 0.0039690 0.0286154 0.2030680 0.0593421 0.1124651 0.0391325 0.0483632 0.2499564 0.0964697 0.2123716 0.2121716 0.0507822 0.0942386 0.0520195 0.1143208 0.0272388 0.0068028 0.1955127 0.0203617 0.1433843 0.2575872 0.0727755 0.0442878 0.1614755 0.0041199 0.4146551 
Perityle_inyoensis_9_pleasant              0.1552527 0.2173208 0.1415471 0.3394644 0.1739280 0.0550923 0.0976938 0.2089714 0.2370103 0.2304602 0.0498264 0.0044863 0.0354367 0.0071104 0.0383159 0.0194296 0.1210197 0.0815520 0.0237977 0.0274335 0.0329106 0.2411140 0.0168429 0.0445348 0.0367138 0.0371510 0.0602065 0.1488624 0.0847520 0.1246303 0.1527257 0.1146216 0.0330575 0.3151351 0.1361904 0.0512551 0.0335055 0.0919878 0.2491234 0.0567684 0.2151520 0.1855281 0.0146749 0.0424217 0.0158011 0.0000000 0.2292544 0.0413280 0.1012546 0.0584025 0.0411191 0.1539087 0.1533137 0.0387269 0.0282580 0.0048632 0.0012944 0.1013671 0.0627871 0.0920636 0.0156706 0.0388195 0.1319780 0.0898523 0.1954441 0.2096327 0.0570347 0.0579053 0.0162220 0.1214812 0.0132037 0.0144926 0.0388716 0.0160406 0.1761057 0.1192678 0.0207501 0.0425817 0.1003499 0.0088173 0.3037994 
