84
Amauria_brandeegeana_62                    0.0000000 0.1002763 0.5598345 0.4464103 0.3606212 0.1881318 0.3541548 0.2113545 0.6304039 0.2517177 0.5469966 0.4295323 0.2755929 0.5051947 0.3342343 0.3187035 0.3511313 0.3852043 0.5159350 0.3034435 0.2637461 0.4016377 0.3429072 0.3784327 0.5325537 0.3941362 0.5395119 0.3708011 0.2844513 0.3857555 0.1854263 0.5149788 0.5598413 0.2503691 0.4721307 0.0844060 0.6506456 0.3227788 0.3544348 0.5004694 0.3904613 0.3736032 0.5625464 0.3458184 0.5713317 0.4175893 0.2745411 0.5424595 0.5363367 0.5796233 0.3476458 0.3951231 0.5233328 0.2060977 0.3361557 0.3940455 0.2530731 0.3244363 0.4181478 0.4743316 0.3017791 0.0491661 0.4292206 0.2049312 0.4839429 0.2550410 0.3243420 0.4865199 0.2216453 0.1509606 0.4781743 0.3426312 0.4601779 0.5102062 0.3881097 0.2864264 0.1923053 0.3545467 0.3343756 0.4046611 0.3986504 0.4727735 0.3032265 0.3260736 
Amauria_carterae_99_mesa                   0.1002763 0.0000000 0.3068838 0.3285759 0.2847284 0.1273496 0.2600566 0.1449249 0.4710997 0.0522201 0.2929004 0.3267954 0.3227717 0.2706711 0.2263273 0.1316587 0.2555301 0.2418003 0.3400799 0.3032779 0.1015795 0.2319126 0.2980069 0.1284130 0.3243398 0.3220726 0.2999188 0.3522426 0.1974301 0.3150256 0.3373311 0.2966602 0.3728179 0.0674327 0.3676953 0.0423335 0.2915613 0.3089517 0.1471543 0.3108283 0.1373149 0.1428886 0.3342164 0.3168620 0.3481242 0.1633362 0.2670264 0.2818438 0.2426150 0.3258561 0.1343462 0.3333525 0.2710088 0.1447991 0.3010248 0.2743856 0.2418159 0.1682794 0.3317489 0.2210808 0.2439649 0.0274422 0.3510991 0.1821189 0.2509434 0.1595011 0.1296615 0.2658128 0.2746559 0.1435790 0.2829321 0.1229142 0.3144237 0.3854496 0.2277573 0.1913192 0.1680737 0.2346651 0.1997303 0.2349857 0.3231614 0.3031696 0.2427206 0.1056063 
Amauria_rotundifolia_SRR9119150            0.5598345 0.3068838 0.0000000 0.4414124 0.4350409 0.1234823 0.3607182 0.1934939 0.4323217 0.4853292 0.2591786 0.5068524 0.4430935 0.3059568 0.0903306 0.3405472 0.3722897 0.4090759 0.1814222 0.4298196 0.1979005 0.1681141 0.3416143 0.4337195 0.2176807 0.4576915 0.2309245 0.4791714 0.4417614 0.1418018 0.2697215 0.6103720 0.2397896 0.4599679 0.5195215 0.3561929 0.3420715 0.3816304 0.3602655 0.1858226 0.4198633 0.4409244 0.2271102 0.3948623 0.2216076 0.4583025 0.1416427 0.5048140 0.2350702 0.2367842 0.4466316 0.5133226 0.1894672 0.3985288 0.4335651 0.1285981 0.3042643 0.2523215 0.4817688 0.2838230 0.3013152 0.1676205 0.1064506 0.2717488 0.4047856 0.3361936 0.3386623 0.1596414 0.5081922 0.3089548 0.4591605 0.4322756 0.1973206 0.5337898 0.1164390 0.3854271 0.2078147 0.4916518 0.3996465 0.1872532 0.4873496 0.2237723 0.3784755 0.3674166 
Conoclinium_coelestinum_SRR9119114         0.4464103 0.3285759 0.4414124 0.0000000 0.3902929 0.1944623 0.2395975 0.2758855 0.4627471 0.4149176 0.4594074 0.4359447 0.4039089 0.4406288 0.3792519 0.3734589 0.3811969 0.3556762 0.4527198 0.3916131 0.3331551 0.4362751 0.4168167 0.3816979 0.4322146 0.4007322 0.4809531 0.4073136 0.3888589 0.3621634 0.2855660 0.4391613 0.4886533 0.4115363 0.4156810 0.3806213 0.4212485 0.3960266 0.3708956 0.4373037 0.3712749 0.4006999 0.4628333 0.3968037 0.4323063 0.3951485 0.3039026 0.4533046 0.4581543 0.4521440 0.3895412 0.4118269 0.3922403 0.3042347 0.3977563 0.3725912 0.2895101 0.3505524 0.4006274 0.4044141 0.2844433 0.1835357 0.5016393 0.2720407 0.4138224 0.3735787 0.3757113 0.4821177 0.4250448 0.1972595 0.4581579 0.3744210 0.4346774 0.4815632 0.4143579 0.3576835 0.2498608 0.4364392 0.4147219 0.4407908 0.4062092 0.4001783 0.4171422 0.3821513 
Eutetras_palmeri_63                        0.3606212 0.2847284 0.4350409 0.3902929 0.0000000 0.1430609 0.2286255 0.1572946 0.5074749 0.3355927 0.4583355 0.0755259 0.0756943 0.3556882 0.3245084 0.2564624 0.0881586 0.1945396 0.3735815 0.0751813 0.1263831 0.3437819 0.4459457 0.2365104 0.3582920 0.0752646 0.4716786 0.0915806 0.2921689 0.3510643 0.6365838 0.2394311 0.4822137 0.3787503 0.1435673 0.2629129 1.0889320 0.0742406 0.2330014 0.3940292 0.2178928 0.2540422 0.4362312 0.0736628 0.4610752 0.2628785 0.2590087 0.3779245 0.4198364 0.4852627 0.2524529 0.0757655 0.3683344 0.2900056 0.0685776 0.3995047 0.0994725 0.2514701 0.0784982 0.3684118 0.3933534 0.1148697 0.3276600 0.1345675 0.0771039 0.1957022 0.2331446 0.4309122 0.1825857 0.1776680 0.2450658 0.2109744 0.4139162 0.0840111 0.3811118 0.0829805 0.1139007 0.2209415 0.3500051 0.3482068 0.0779904 0.3226104 0.0861312 0.2392895 
Eutetras_pringlei_149_quer                 0.1881318 0.1273496 0.1234823 0.1944623 0.1430609 0.0000000 0.1356546 0.1344898 0.2592816 0.1543523 0.1454517 0.1735568 0.1536183 0.1429669 0.0880701 0.1950704 0.1539134 0.1714984 0.1363212 0.1531681 0.1461031 0.1188819 0.0469499 0.1929247 0.1260002 0.1536183 0.1535217 0.1377145 0.1846194 0.0986340 0.0754546 0.2100211 0.1242186 0.1725511 0.1531681 0.1113416 0.1947163 0.1346190 0.1872628 0.1411949 0.2090964 0.2074944 0.1289512 0.1347881 0.1194114 0.2110184 0.0708323 0.1560450 0.1213547 0.1342003 0.2067877 0.1484842 0.0905842 0.1582504 0.1247262 0.1275368 0.1625360 0.1748102 0.1453170 0.1277800 0.0507591 0.0576175 0.0953665 0.1584905 0.1777933 0.1583481 0.2034981 0.1411964 0.2695226 0.1040799 0.1052313 0.1821987 0.1439985 0.2197955 0.1022657 0.1478244 0.1201388 0.1905777 0.1857519 0.1168918 0.1643662 0.1232934 0.1654524 0.1818242 
Eutrochium_fistulosum_SRR9119106           0.3541548 0.2600566 0.3607182 0.2395975 0.2286255 0.1356546 0.0000000 0.2161794 0.5240435 0.3676651 0.3564222 0.2963492 0.2362669 0.3180791 0.2577365 0.3172389 0.2140012 0.2614299 0.3745695 0.2360795 0.2362321 0.3032000 0.3192191 0.3087966 0.3236954 0.2364241 0.4098700 0.2702493 0.3116344 0.2589639 0.2210214 0.3217465 0.3931605 0.3433278 0.2963987 0.2988170 0.4495077 0.2379462 0.3286719 0.3299272 0.3086610 0.3260776 0.3902364 0.2312491 0.3641447 0.3308415 0.2208007 0.4057273 0.3644590 0.3844317 0.2989859 0.2588143 0.3657240 0.2246938 0.2413913 0.3060824 0.2001062 0.2768517 0.2409788 0.3711437 0.2650990 0.0987872 0.3422696 0.1469382 0.3350710 0.2741642 0.3068710 0.3666985 0.2633732 0.1621207 0.3205280 0.2931486 0.3651604 0.3417219 0.2769001 0.1967610 0.1973758 0.2707768 0.3263351 0.3046572 0.2429790 0.3527009 0.3008889 0.3030833 
Galeana_pratensis_104_mex                  0.2113545 0.1449249 0.1934939 0.2758855 0.1572946 0.1344898 0.2161794 0.0000000 0.3760826 0.1235745 0.2018836 0.1893904 0.1740071 0.2027152 0.1754426 0.1706170 0.1637509 0.1946554 0.2039602 0.1664746 0.1204623 0.1899428 0.2202804 0.1543812 0.2025416 0.1717347 0.2105802 0.1746965 0.2026492 0.1790971 0.2362959 0.1774098 0.2442309 0.1343148 0.1668743 0.1192327 0.2075552 0.1583886 0.1581742 0.1995989 0.1432405 0.1529373 0.2126387 0.1655758 0.2077959 0.1929349 0.2076603 0.1570086 0.1921822 0.2104009 0.1521305 0.2039563 0.1745325 0.2163476 0.1526803 0.1823175 0.1466751 0.1607725 0.1853485 0.1848687 0.1981419 0.0814174 0.2822423 0.1433465 0.1775147 0.1640794 0.1607881 0.2098073 0.2524809 0.1369574 0.1717608 0.1500713 0.2080244 0.2475410 0.1889174 0.1317189 0.1565121 0.2042612 0.1787790 0.1949239 0.1714934 0.2431575 0.1707961 0.1381929 
Helianthus_annuus_SRR9119062               0.6304039 0.4710997 0.4323217 0.4627471 0.5074749 0.2592816 0.5240435 0.3760826 0.0000000 0.6342094 0.4519683 0.6456974 0.5507956 0.5968367 0.4092598 0.5188380 0.4935655 0.6076056 0.3854794 0.5784853 0.4665248 0.4628576 0.4334321 0.6155602 0.4650267 0.5844896 0.5444762 0.6363894 0.5682699 0.2983638 0.4240585 0.7489739 0.4883794 0.6276261 0.6576069 0.5182431 0.4487939 0.5469662 0.5274408 0.4369915 0.5995518 0.6315543 0.4446415 0.5310657 0.4173264 0.5856241 0.3501137 0.5959260 0.5097518 0.4425744 0.6282496 0.6447069 0.4115865 0.5123875 0.5625657 0.4366330 0.4579839 0.4461164 0.5986389 0.4764931 0.3975925 0.2390917 0.4412278 0.4598206 0.5597454 0.4977334 0.5206485 0.4573851 0.6210450 0.3875871 0.5961159 0.6038926 0.4213998 0.6830177 0.4035656 0.4694113 0.3392883 0.6527033 0.5835759 0.5022525 0.5885887 0.4243385 0.5671442 0.5500733 
Lycapsus_tenuifolius_17                    0.2517177 0.0522201 0.4853292 0.4149176 0.3355927 0.1543523 0.3676651 0.1235745 0.6342094 0.0000000 0.3705190 0.4614301 0.3916398 0.3310952 0.1705535 0.2557495 0.2361689 0.3446917 0.4558520 0.3720712 0.1383074 0.2736997 0.3319113 0.2385109 0.4419606 0.4163603 0.4324196 0.4628029 0.3171597 0.4272220 0.2795989 0.4793877 0.5811433 0.0436687 0.5319156 0.0242918 0.5255632 0.3597672 0.3038502 0.4379461 0.2386707 0.2404685 0.4815033 0.3651279 0.5044447 0.2572521 0.2677937 0.4494575 0.4265543 0.4809799 0.2130813 0.4501002 0.4513603 0.1981186 0.3942201 0.2686085 0.2073938 0.2544261 0.4250427 0.4040165 0.2894125 0.0503066 0.3910541 0.1703989 0.3596992 0.2394697 0.2443803 0.3064107 0.4552018 0.1849979 0.4399036 0.2260271 0.4015171 0.4819845 0.2379140 0.2237379 0.1535815 0.4422963 0.2763870 0.3092243 0.4159907 0.4346306 0.3419426 0.2341001 
Pericome_caudata_50_silver                 0.5469966 0.2929004 0.2591786 0.4594074 0.4583355 0.1454517 0.3564222 0.2018836 0.4519683 0.3705190 0.0000000 0.5382593 0.4869446 0.2333138 0.0812298 0.3042468 0.4127277 0.4532217 0.2202855 0.4553061 0.1903811 0.1412567 0.3368017 0.3418305 0.2314519 0.4921190 0.2143945 0.5189299 0.4230065 0.1946030 0.2947249 0.6843162 0.2983484 0.3581192 0.5641024 0.3255591 0.3431105 0.3958192 0.3203305 0.2499406 0.3217022 0.3369955 0.2622513 0.4188593 0.2702781 0.3686694 0.1672880 0.4550119 0.2433501 0.2789572 0.3549062 0.5427596 0.2213546 0.4369221 0.4524215 0.1451345 0.3251628 0.2524525 0.5343938 0.2550752 0.3104926 0.1714033 0.1159824 0.2816474 0.3604673 0.3257202 0.3090712 0.1511318 0.5869094 0.3314850 0.4652266 0.3329556 0.2337010 0.5856447 0.1320370 0.3888218 0.1975468 0.5333225 0.4118987 0.1899422 0.5115785 0.2325998 0.3600508 0.3382352 
Perityle_aglossa_84_dead_horse             0.4295323 0.3267954 0.5068524 0.4359447 0.0755259 0.1735568 0.2963492 0.1893904 0.6456974 0.4614301 0.5382593 0.0000000 0.0235384 0.4703029 0.3165385 0.2670488 0.0177867 0.3052530 0.4444221 0.0209338 0.1723573 0.3740126 0.4555664 0.2641032 0.4651489 0.0243638 0.4883514 0.0484003 0.3372506 0.4230302 0.6312316 0.2786991 0.5482946 0.4693348 0.0644868 0.3093691 0.9293233 0.0162602 0.2630326 0.4892146 0.2511158 0.3016004 0.5081792 0.0238825 0.5037014 0.3050584 0.2692889 0.2960651 0.4362990 0.5265512 0.2735729 0.0224946 0.4524978 0.3207913 0.0172192 0.3999274 0.0421700 0.3030943 0.0221730 0.4921319 0.4540102 0.1356169 0.3406565 0.1555930 0.0466956 0.2279733 0.2604955 0.4181777 0.2811822 0.2049141 0.1548308 0.2486437 0.4729317 0.0249089 0.3654796 0.0249531 0.0600403 0.3434697 0.3858552 0.3689846 0.0214260 0.4649241 0.0448574 0.2520697 
Perityle_ajoensis_204                      0.2755929 0.3227717 0.4430935 0.4039089 0.0756943 0.1536183 0.2362669 0.1740071 0.5507956 0.3916398 0.4869446 0.0235384 0.0000000 0.3785500 0.3253749 0.3264651 0.0379731 0.2048515 0.3903235 0.0277630 0.1473910 0.3513902 0.4738784 0.3274965 0.3819944 0.0051708 0.4836420 0.0527009 0.3435126 0.3704781 0.6238943 0.2567164 0.4868004 0.4270958 0.0888732 0.3034989 0.9536532 0.0241436 0.2792509 0.4160468 0.3179479 0.2789999 0.4468887 0.0038774 0.4723549 0.3453672 0.2662131 0.2707854 0.4238458 0.4995005 0.2898030 0.0253324 0.3862786 0.3404378 0.0225569 0.4442285 0.0434245 0.2890894 0.0346809 0.4108243 0.4417131 0.1419086 0.3376227 0.1671874 0.0607001 0.2304834 0.3103626 0.4149467 0.2006498 0.1900673 0.2350995 0.2426732 0.4268814 0.0585644 0.3912293 0.0172046 0.0367262 0.2593622 0.4188270 0.3488609 0.0300026 0.3634863 0.0755691 0.3388722 
Perityle_ambrosiifolia_67_green            0.5051947 0.2706711 0.3059568 0.4406288 0.3556882 0.1429669 0.3180791 0.2027152 0.5968367 0.3310952 0.2333138 0.4703029 0.3785500 0.0000000 0.0390772 0.2371769 0.3111646 0.4466405 0.2863175 0.4090761 0.1339608 0.0803324 0.3161999 0.2609621 0.2289953 0.3979157 0.1313158 0.4758829 0.3781069 0.2985389 0.3223854 0.6091861 0.3869109 0.3075791 0.5290308 0.3103597 0.4600536 0.3584111 0.2740793 0.2769304 0.2214354 0.2583321 0.2979192 0.3476492 0.3090118 0.3430781 0.1489968 0.3455621 0.1852631 0.3030641 0.2853000 0.4773136 0.2303936 0.3916110 0.3810759 0.1048137 0.3197007 0.3364968 0.4353725 0.2017801 0.2726481 0.1572946 0.0803800 0.2719906 0.2876318 0.2811106 0.2365973 0.1057780 0.4643054 0.3679572 0.4044892 0.2623581 0.3132559 0.5021428 0.0375690 0.3033942 0.1951737 0.5027000 0.3435204 0.1387714 0.4159184 0.3473632 0.2814325 0.2627198 
Perityle_angustifolia_13_Eagle_creek       0.3342343 0.2263273 0.0903306 0.3792519 0.3245084 0.0880701 0.2577365 0.1754426 0.4092598 0.1705535 0.0812298 0.3165385 0.3253749 0.0390772 0.0000000 0.1623535 0.3168588 0.2609840 0.0874400 0.3260904 0.1260819 0.0183273 0.2479012 0.1476277 0.0385853 0.3190336 0.0740322 0.3384270 0.2900422 0.0546340 0.2737980 0.2927090 0.1809340 0.1619436 0.3217480 0.2006582 0.1101918 0.3134999 0.1467468 0.0750720 0.1342306 0.1637992 0.1015553 0.3156574 0.1105251 0.1648873 0.1173794 0.2026106 0.0144467 0.1054984 0.1473725 0.3259217 0.0166606 0.2700693 0.3018723 0.0588474 0.3158680 0.1576878 0.3261082 0.0422083 0.1629584 0.1501457 0.0766970 0.2753795 0.1592123 0.2046561 0.1454607 0.0925462 0.3314182 0.1790219 0.2299377 0.1441189 0.1218470 0.3735435 0.0192104 0.2969059 0.1673833 0.3402679 0.2303778 0.0175685 0.3293065 0.1933945 0.1812604 0.1459556 
Perityle_batopilensis_97                   0.3187035 0.1316587 0.3405472 0.3734589 0.2564624 0.1950704 0.3172389 0.1706170 0.5188380 0.2557495 0.3042468 0.2670488 0.3264651 0.2371769 0.1623535 0.0000000 0.2818934 0.2370289 0.3190725 0.2063255 0.0866886 0.2287692 0.3195096 0.1443667 0.2363212 0.2820736 0.3518777 0.2297832 0.2429855 0.2891691 0.2690714 0.2478284 0.4623275 0.2128540 0.2693429 0.1354985 0.4218027 0.2180139 0.1650695 0.2038255 0.1546802 0.1540120 0.3586897 0.2360922 0.3930714 0.1512480 0.2449777 0.3302575 0.3112145 0.4059833 0.1209411 0.2584751 0.3054177 0.1494695 0.2322201 0.2477801 0.1968295 0.1090085 0.2791246 0.2823653 0.2831884 0.0521330 0.3453852 0.1496793 0.2495502 0.1359724 0.1038664 0.2963728 0.4067728 0.1699485 0.2939873 0.1345585 0.3286500 0.3532959 0.2313103 0.2705396 0.1591209 0.3464921 0.1925582 0.2333254 0.2843231 0.3594434 0.2615637 0.1066732 
Perityle_bisetosa_9                        0.3511313 0.2555301 0.3722897 0.3811969 0.0881586 0.1539134 0.2140012 0.1637509 0.4935655 0.2361689 0.4127277 0.0177867 0.0379731 0.3111646 0.3168588 0.2818934 0.0000000 0.1875637 0.3375718 0.0200310 0.1320329 0.3150217 0.4565676 0.2508347 0.3170510 0.0230038 0.4120561 0.0492412 0.2916631 0.3191802 0.6460531 0.2642509 0.3889307 0.2919277 0.0976340 0.2181272 9.0000000 0.0155915 0.2486054 0.3526215 0.2152562 0.2604937 0.3628119 0.0205016 0.4114540 0.2824029 0.2176389 0.2593409 0.3886207 0.4160526 0.2708036 0.0112083 0.2987243 0.2843833 0.0127072 0.3588192 0.0394091 0.2067068 0.0182390 0.2262396 0.3693083 0.1315869 0.3129937 0.1730169 0.0228750 0.1951301 0.2640687 0.4049862 0.1606868 0.1810328 0.2809635 0.2288667 0.3770806 0.0208592 0.3753740 0.0246500 0.0427475 0.1772226 0.2999222 0.3158268 0.0227820 0.2421308 0.0325641 0.2707144 
Perityle_californica_76_positas            0.3852043 0.2418003 0.4090759 0.3556762 0.1945396 0.1714984 0.2614299 0.1946554 0.6076056 0.3446917 0.4532217 0.3052530 0.2048515 0.4466405 0.2609840 0.2370289 0.1875637 0.0000000 0.3874620 0.2080748 0.2268068 0.3207232 0.2905943 0.3497238 0.4413181 0.2169783 0.3752443 0.2579198 0.2353336 0.3347966 0.1878187 0.0379489 0.4655903 0.3733074 0.3065452 0.2299336 0.5902645 0.1939575 0.2965671 0.4183993 0.3533825 0.3639236 0.4526194 0.1989425 0.4459664 0.3921066 0.1643096 0.3160548 0.3789419 0.4464505 0.3457861 0.2545821 0.4257347 0.2092970 0.1877061 0.3090766 0.2053074 0.2686147 0.2287135 0.3419010 0.1862591 0.0847255 0.3063541 0.1492753 0.3024321 0.2340913 0.2698800 0.3496652 0.2700456 0.1682207 0.3296484 0.3498276 0.4277828 0.3485293 0.2673106 0.1825087 0.1977044 0.2969996 0.3377335 0.3212099 0.2131886 0.4302106 0.2900979 0.2580468 
Perityle_canescens_77                      0.5159350 0.3400799 0.1814222 0.4527198 0.3735815 0.1363212 0.3745695 0.2039602 0.3854794 0.4558520 0.2202855 0.4444221 0.3903235 0.2863175 0.0874400 0.3190725 0.3375718 0.3874620 0.0000000 0.4142846 0.2170881 0.1549788 0.2865209 0.3961292 0.1895202 0.4087992 0.2134413 0.4595486 0.4215940 0.1147544 0.3158319 0.5666442 0.1920947 0.4325265 0.4927710 0.3767331 0.1216949 0.3599613 0.3027191 0.1383141 0.3784604 0.4097646 0.1053743 0.3611611 0.1044385 0.3955780 0.1439450 0.4628006 0.2074375 0.1130980 0.3991251 0.4718489 0.1068908 0.4021359 0.4069329 0.0803227 0.3049334 0.2533437 0.4471315 0.2355261 0.2847618 0.1697883 0.0812713 0.2524548 0.3540116 0.3094350 0.3099126 0.1567396 0.4564014 0.3244106 0.4193799 0.3841625 0.1845109 0.4842624 0.1146462 0.3357691 0.2133615 0.4527842 0.3681408 0.1833846 0.4317967 0.1879561 0.3490535 0.2993631 
Perityle_castillonii_96                    0.3034435 0.3032779 0.4298196 0.3916131 0.0751813 0.1531681 0.2360795 0.1664746 0.5784853 0.3720712 0.4553061 0.0209338 0.0277630 0.4090761 0.3260904 0.2063255 0.0200310 0.2080748 0.4142846 0.0000000 0.1433238 0.3584280 0.4709091 0.1930433 0.4060922 0.0301031 0.4258616 0.0592808 0.2668976 0.3820977 0.6800049 0.2030894 0.4656700 0.3719551 0.0774387 0.2821683 1.0973463 0.0183425 0.1920179 0.4223244 0.1692391 0.2304798 0.4366679 0.0279806 0.4231949 0.2023944 0.2624920 0.2747112 0.3718873 0.4432016 0.2091976 0.0256651 0.4083885 0.2653102 0.0186879 0.3971211 0.0478269 0.2795587 0.0254188 0.4541792 0.3817725 0.1387769 0.3236165 0.1622882 0.0256222 0.2144065 0.2101464 0.3504459 0.2173359 0.1798150 0.1576023 0.1781799 0.4294469 0.0313744 0.3349815 0.0320536 0.0585121 0.2783786 0.3315266 0.3580542 0.0255473 0.3887261 0.0334694 0.1995346 
Perityle_cernua_84                         0.2637461 0.1015795 0.1979005 0.3331551 0.1263831 0.1461031 0.2362321 0.1204623 0.4665248 0.1383074 0.1903811 0.1723573 0.1473910 0.1339608 0.1260819 0.0866886 0.1320329 0.2268068 0.2170881 0.1433238 0.0000000 0.1643581 0.3072254 0.0800044 0.1309194 0.1449608 0.2229508 0.1611528 0.1879315 0.1930480 0.2431078 0.1496268 0.3639607 0.1115804 0.1957096 0.1042248 0.1959267 0.1413323 0.1069067 0.1530581 0.0855644 0.0835750 0.2213367 0.1465456 0.2352160 0.1083266 0.1964011 0.2492418 0.1974800 0.2267832 0.0750790 0.1571627 0.1507465 0.1303986 0.1414212 0.1582504 0.1428427 0.0815783 0.1457532 0.1514861 0.2015923 0.0389057 0.3024126 0.0993433 0.1474209 0.0877540 0.0880614 0.2209168 0.1828920 0.1321331 0.1933206 0.0585861 0.2218029 0.2284257 0.1598955 0.1589740 0.1218141 0.2055826 0.1146901 0.1756899 0.1480732 0.2607660 0.1437591 0.1043902 
Perityle_cfvillosa_25_tin                  0.4016377 0.2319126 0.1681141 0.4362751 0.3437819 0.1188819 0.3032000 0.1899428 0.4628576 0.2736997 0.1412567 0.3740126 0.3513902 0.0803324 0.0183273 0.2287692 0.3150217 0.3207232 0.1549788 0.3584280 0.1643581 0.0000000 0.3130810 0.2299621 0.0900645 0.3571517 0.1396171 0.3857827 0.3568540 0.1026142 0.3025788 0.3622357 0.2547906 0.2522292 0.4111911 0.2311131 0.2601555 0.3477607 0.2418776 0.1178657 0.1943023 0.2388636 0.1649092 0.3348745 0.1681195 0.2399183 0.1314712 0.3176201 0.0303272 0.1681415 0.2235531 0.3722498 0.0911700 0.3449538 0.3369341 0.0683732 0.3171145 0.1832536 0.3680448 0.1107729 0.2133953 0.1536378 0.0758082 0.2706972 0.2211675 0.2619929 0.2096810 0.1501778 0.3675526 0.2144486 0.3315472 0.2190657 0.1829423 0.4173240 0.0149477 0.3138537 0.1713603 0.3865584 0.2732450 0.0230904 0.3656802 0.2659186 0.2200548 0.2327669 
Perityle_cinerea_113_Powell1310            0.3429072 0.2980069 0.3416143 0.4168167 0.4459457 0.0469499 0.3192191 0.2202804 0.4334321 0.3319113 0.3368017 0.4555664 0.4738784 0.3161999 0.2479012 0.3195096 0.4565676 0.2905943 0.2865209 0.4709091 0.3072254 0.3130810 0.0000000 0.3429724 0.3050189 0.4686590 0.3342974 0.4293307 0.3552675 0.2160350 0.2719147 0.4518583 0.3322072 0.3324144 0.3225092 0.3468263 0.1508438 0.4609106 0.3190598 0.3071125 0.2967250 0.3704588 0.3250494 0.4535330 0.3284754 0.3516083 0.1076244 0.3167943 0.3365465 0.3354002 0.3386421 0.4817325 0.2446975 0.3331262 0.4687795 0.2207685 0.3100427 0.2673518 0.4664256 0.1038914 0.1043450 0.2359316 0.4289254 0.3539626 0.3618994 0.3496614 0.3619660 0.3285472 0.5303038 0.1611750 0.3063106 0.3243124 0.2682151 0.4747321 0.3297753 0.4757745 0.2062012 0.5121110 0.3393530 0.3133834 0.4920650 0.1340921 0.3456124 0.3422346 
Perityle_coahuilensis_24                   0.3784327 0.1284130 0.4337195 0.3816979 0.2365104 0.1929247 0.3087966 0.1543812 0.6155602 0.2385109 0.3418305 0.2641032 0.3274965 0.2609621 0.1476277 0.1443667 0.2508347 0.3497238 0.3961292 0.1930433 0.0800044 0.2299621 0.3429724 0.0000000 0.3702046 0.2591112 0.3649613 0.2370343 0.2418587 0.3934183 0.2874938 0.3591343 0.5520996 0.2120070 0.2771420 0.1496057 0.4836656 0.1927331 0.1492581 0.3518462 0.0808876 0.0340571 0.4377652 0.2115270 0.4417286 0.1511694 0.2419965 0.4134315 0.3788354 0.4718669 0.0539815 0.2571072 0.3730156 0.1963509 0.2116312 0.2430322 0.1766968 0.2369441 0.2724447 0.3356275 0.2944284 0.0477384 0.3467822 0.1318497 0.2812296 0.1174802 0.1390738 0.2746443 0.4469768 0.1450056 0.3083793 0.0496257 0.3825068 0.3549826 0.2209022 0.2530924 0.1480619 0.3944168 0.1978294 0.2883746 0.2626537 0.3970957 0.2744532 0.1435473 
Perityle_cochisensis_44_cave_creek         0.5325537 0.3243398 0.2176807 0.4322146 0.3582920 0.1260002 0.3236954 0.2025416 0.4650267 0.4419606 0.2314519 0.4651489 0.3819944 0.2289953 0.0385853 0.2363212 0.3170510 0.4413181 0.1895202 0.4060922 0.1309194 0.0900645 0.3050189 0.3702046 0.0000000 0.4003408 0.1544634 0.4776811 0.3841153 0.1728738 0.2927448 0.6024745 0.2994446 0.4090547 0.5135426 0.3389407 0.2935245 0.3536829 0.2549749 0.1887641 0.3382059 0.3681995 0.2210623 0.3452014 0.2225862 0.4119112 0.1366872 0.3378295 0.1518377 0.2249049 0.3840224 0.4690022 0.1530237 0.3673398 0.3848801 0.1039277 0.3293842 0.2721489 0.4405629 0.1942285 0.2618356 0.1620248 0.0817252 0.2707996 0.2807289 0.2740005 0.2258170 0.1162216 0.4758385 0.3213746 0.3815026 0.3643700 0.2166702 0.5013597 0.0508790 0.3062526 0.1908096 0.5099724 0.3498154 0.1341331 0.4158268 0.2869390 0.2835866 0.2551716 
Perityle_congesta_202                      0.3941362 0.3220726 0.4576915 0.4007322 0.0752646 0.1536183 0.2364241 0.1717347 0.5844896 0.4163603 0.4921190 0.0243638 0.0051708 0.3979157 0.3190336 0.2820736 0.0230038 0.2169783 0.4087992 0.0301031 0.1449608 0.3571517 0.4686590 0.2591112 0.4003408 0.0000000 0.4711620 0.0568061 0.3491995 0.3765004 0.6452342 0.2670749 0.4972362 0.4505896 0.0847518 0.3094646 1.0016363 0.0254076 0.2582059 0.4355655 0.2426068 0.2837481 0.4589563 0.0048652 0.4865037 0.2844996 0.2601798 0.2677069 0.4261200 0.5065125 0.2796298 0.0270293 0.4099311 0.3308171 0.0251848 0.4214653 0.0418054 0.2956538 0.0277873 0.4539657 0.4605223 0.1423692 0.3281863 0.1600975 0.0316260 0.2342749 0.2721011 0.4027562 0.2140137 0.1968811 0.2073107 0.2387881 0.4370778 0.0357980 0.3804651 0.0161048 0.0321597 0.2867059 0.3914405 0.3570522 0.0309453 0.3943338 0.0366407 0.2741004 
Perityle_cordifolia_27                     0.5395119 0.2999188 0.2309245 0.4809531 0.4716786 0.1535217 0.4098700 0.2105802 0.5444762 0.4324196 0.2143945 0.4883514 0.4836420 0.1313158 0.0740322 0.3518777 0.4120561 0.3752443 0.2134413 0.4258616 0.2229508 0.1396171 0.3342974 0.3649613 0.1544634 0.4711620 0.0000000 0.4647391 0.4912443 0.1687566 0.3266913 0.5588531 0.3086938 0.3921049 0.5166259 0.3564747 0.4115105 0.3798624 0.3406044 0.1540126 0.3474585 0.3579860 0.2434929 0.4070938 0.2308591 0.3780841 0.1484813 0.5069139 0.1959691 0.2580968 0.3459011 0.4961710 0.1813056 0.4147673 0.4262153 0.1179134 0.3320662 0.2668984 0.4957162 0.1870786 0.2990914 0.1925160 0.1201050 0.2713508 0.3941359 0.3153309 0.3060675 0.2019287 0.5463143 0.3177935 0.4684212 0.3380214 0.2678889 0.5442745 0.1266059 0.4063213 0.1938069 0.4864709 0.3569109 0.1443964 0.4962664 0.3015619 0.3645201 0.3533986 
Perityle_cordifolia_68_tecolote            0.3708011 0.3522426 0.4791714 0.4073136 0.0915806 0.1377145 0.2702493 0.1746965 0.6363894 0.4628029 0.5189299 0.0484003 0.0527009 0.4758829 0.3384270 0.2297832 0.0492412 0.2579198 0.4595486 0.0592808 0.1611528 0.3857827 0.4293307 0.2370343 0.4776811 0.0568061 0.4647391 0.0000000 0.3141001 0.4251203 0.6400603 0.2566973 0.4961757 0.4626294 0.0704341 0.3510629 1.0956484 0.0493408 0.2106204 0.4748828 0.2024362 0.2774812 0.4851208 0.0502135 0.4788991 0.2486201 0.2644541 0.2796437 0.3923322 0.4991432 0.2531561 0.0505014 0.4670462 0.2978581 0.0499875 0.4073725 0.0000010 0.3199130 0.0569512 0.4919156 0.4405887 0.1210764 0.3551957 0.1602504 0.0582421 0.2457889 0.2494975 0.3663526 0.2473382 0.1777959 0.2302628 0.2249604 0.4783856 0.0548959 0.3318204 0.0528300 0.0586928 0.3136961 0.3925951 0.3894039 0.0543330 0.4351107 0.0570121 0.2234482 
Perityle_coronopifolia_28_patagonia        0.2844513 0.1974301 0.4417614 0.3888589 0.2921689 0.1846194 0.3116344 0.2026492 0.5682699 0.3171597 0.4230065 0.3372506 0.3435126 0.3781069 0.2900422 0.2429855 0.2916631 0.2353336 0.4215940 0.2668976 0.1879315 0.3568540 0.3552675 0.2418587 0.3841153 0.3491995 0.4912443 0.3141001 0.0000000 0.3036907 0.2216747 0.3153804 0.4440508 0.2787518 0.3567555 0.2349918 0.5483371 0.2454536 0.2513839 0.3940094 0.2294921 0.2516852 0.4309275 0.2710022 0.4441909 0.2405762 0.2063622 0.5074387 0.4318174 0.4629398 0.2333197 0.3336015 0.4035280 0.1280676 0.2819989 0.3304356 0.2139504 0.2327010 0.3546273 0.4161883 0.1872866 0.0296782 0.3709302 0.1647878 0.4083288 0.1595983 0.2272316 0.4176224 0.4267446 0.1748957 0.4249455 0.2247487 0.4047828 0.4176519 0.3437623 0.2930606 0.1894583 0.3529936 0.2517341 0.3570730 0.3487843 0.4127373 0.3769110 0.2175857 
Perityle_crassifolia_70_ventanas           0.3857555 0.3150256 0.1418018 0.3621634 0.3510643 0.0986340 0.2589639 0.1790971 0.2983638 0.4272220 0.1946030 0.4230302 0.3704781 0.2985389 0.0546340 0.2891691 0.3191802 0.3347966 0.1147544 0.3820977 0.1930480 0.1026142 0.2160350 0.3934183 0.1728738 0.3765004 0.1687566 0.4251203 0.3036907 0.0000000 0.2538744 0.5284099 0.1134567 0.4265980 0.4351906 0.3513013 0.2148541 0.3408450 0.2647621 0.1307479 0.3582476 0.4254148 0.1540491 0.3342976 0.1534708 0.3706398 0.1051530 0.3640534 0.1709335 0.1643862 0.4019589 0.4338638 0.1225285 0.3204723 0.3559265 0.0712122 0.3410182 0.2483692 0.4072249 0.2109276 0.1878011 0.1672855 0.0745589 0.2896342 0.3248723 0.2542349 0.2629892 0.0843661 0.4392337 0.3132584 0.3629861 0.3890074 0.1013149 0.4423224 0.0577187 0.3029663 0.1999202 0.4643206 0.3458058 0.1550099 0.3925507 0.1477572 0.3263184 0.2488880 
Perityle_crassifolia_74_playa_balandra     0.1854263 0.3373311 0.2697215 0.2855660 0.6365838 0.0754546 0.2210214 0.2362959 0.4240585 0.2795989 0.2947249 0.6312316 0.6238943 0.3223854 0.2737980 0.2690714 0.6460531 0.1878187 0.3158319 0.6800049 0.2431078 0.3025788 0.2719147 0.2874938 0.2927448 0.6452342 0.3266913 0.6400603 0.2216747 0.2538744 0.0000000 0.7487311 0.2590518 0.2875137 0.6864761 0.3065510 0.1865891 0.6264432 0.2778313 0.2750279 0.2363264 0.2971580 0.3064014 0.6256886 0.2987386 0.2851744 0.1453327 0.2705898 0.3041552 0.3161512 0.2874465 0.6542395 0.2632593 0.1997674 0.6815255 0.3203468 0.5101313 0.2285180 0.6535826 0.1709302 0.1144047 0.6029074 0.9687338 0.5702099 0.2675956 0.3145085 0.2942544 0.3009842 0.6857665 0.1458418 0.2583114 0.2940470 0.3129859 0.6816563 0.2818796 0.6760581 0.2017592 0.6926100 0.2733917 0.2996913 0.6721967 0.2855635 0.2317785 0.2600355 
Perityle_cuneata_34_cuneata_San_antonio    0.5149788 0.2966602 0.6103720 0.4391613 0.2394311 0.2100211 0.3217465 0.1774098 0.7489739 0.4793877 0.6843162 0.2786991 0.2567164 0.6091861 0.2927090 0.2478284 0.2642509 0.0379489 0.5666442 0.2030894 0.1496268 0.3622357 0.4518583 0.3591343 0.6024745 0.2670749 0.5588531 0.2566973 0.3153804 0.5284099 0.7487311 0.0000000 0.6686639 0.5163754 0.3020117 0.3415924 1.4202842 0.2031289 0.2587181 0.6178207 0.3579088 0.3533340 0.6712516 0.2185566 0.6616789 0.3970226 0.2730793 0.5290963 0.5104063 0.7029732 0.3535363 0.2609981 0.6011602 0.2981823 0.2160305 0.4547473 0.1956926 0.3625082 0.2812121 0.5237602 0.4707510 0.0890704 0.3140290 0.1562298 0.3271422 0.1305887 0.2240350 0.4360940 0.3637413 0.3695442 0.4189462 0.3471009 0.6204595 0.3171548 0.3652109 0.2427160 0.2109378 0.3641272 0.4425243 0.3932843 0.2684971 0.5652949 0.3259161 0.2351601 
Perityle_cuneata_4                         0.5598413 0.3728179 0.2397896 0.4886533 0.4822137 0.1242186 0.3931605 0.2442309 0.4883794 0.5811433 0.2983484 0.5482946 0.4868004 0.3869109 0.1809340 0.4623275 0.3889307 0.4655903 0.1920947 0.4656700 0.3639607 0.2547906 0.3322072 0.5520996 0.2994446 0.4972362 0.3086938 0.4961757 0.4440508 0.1134567 0.2590518 0.6686639 0.0000000 0.5948450 0.5407702 0.4488105 0.3218478 0.4154657 0.4862622 0.2337005 0.5235992 0.5551596 0.2237060 0.4249709 0.2022495 0.5803370 0.1388204 0.6155655 0.3111972 0.2381447 0.5513248 0.5399200 0.1904825 0.4149950 0.4666729 0.2218453 0.3277850 0.3292786 0.5216285 0.3657613 0.2895173 0.1930354 0.0963349 0.2774676 0.5368977 0.4467926 0.4727227 0.2511681 0.5759023 0.2740078 0.5403729 0.5399344 0.2498837 0.5884070 0.1819424 0.4045933 0.2308031 0.5561765 0.5363586 0.2713791 0.5173566 0.2449487 0.5134314 0.4742266 
Perityle_discoidea_81                      0.2503691 0.0674327 0.4599679 0.4115363 0.3787503 0.1725511 0.3433278 0.1343148 0.6276261 0.0436687 0.3581192 0.4693348 0.4270958 0.3075791 0.1619436 0.2128540 0.2919277 0.3733074 0.4325265 0.3719551 0.1115804 0.2522292 0.3324144 0.2120070 0.4090547 0.4505896 0.3921049 0.4626294 0.2787518 0.4265980 0.2875137 0.5163754 0.5948450 0.0000000 0.5295631 0.0484142 0.4513859 0.3596427 0.2555931 0.4036859 0.2102827 0.2146486 0.4496873 0.3667558 0.4984129 0.2323781 0.2650124 0.4330312 0.3731184 0.4695351 0.1974309 0.4483776 0.3959712 0.2279291 0.3970492 0.2498235 0.2055249 0.2633240 0.4581513 0.3700151 0.3110681 0.0500850 0.3989568 0.1698406 0.3320681 0.2030378 0.2064260 0.2891308 0.4916402 0.1890680 0.4360631 0.1956738 0.3619520 0.5123307 0.2429773 0.2652947 0.1541715 0.4408469 0.2540497 0.2837899 0.4494957 0.4208834 0.3364822 0.2184679 
Perityle_dissecta_201                      0.4721307 0.3676953 0.5195215 0.4156810 0.1435673 0.1531681 0.2963987 0.1668743 0.6576069 0.5319156 0.5641024 0.0644868 0.0888732 0.5290308 0.3217480 0.2693429 0.0976340 0.3065452 0.4927710 0.0774387 0.1957096 0.4111911 0.3225092 0.2771420 0.5135426 0.0847518 0.5166259 0.0704341 0.3567555 0.4351906 0.6864761 0.3020117 0.5407702 0.5295631 0.0000000 0.3933378 1.1349570 0.0724608 0.2648762 0.5203194 0.2567937 0.3149497 0.5270981 0.0924076 0.5233809 0.3000374 0.2631561 0.2442885 0.4417949 0.5491608 0.2869906 0.0732555 0.4751229 0.3557140 0.0799592 0.4046559 0.0724222 0.3194848 0.0793968 0.4954464 0.4469839 0.1302055 0.3755953 0.1637785 0.0866049 0.2704428 0.2769777 0.4146955 0.3379859 0.1634052 0.1234105 0.2668653 0.4971542 0.0755234 0.3759342 0.1174365 0.0488496 0.4038422 0.4473845 0.4144991 0.0870260 0.4384038 0.0764594 0.2665500 
Perityle_emoryi_47_punta_san_jose          0.0844060 0.0423335 0.3561929 0.3806213 0.2629129 0.1113416 0.2988170 0.1192327 0.5182431 0.0242918 0.3255591 0.3093691 0.3034989 0.3103597 0.2006582 0.1354985 0.2181272 0.2299336 0.3767331 0.2821683 0.1042248 0.2311131 0.3468263 0.1496057 0.3389407 0.3094646 0.3564747 0.3510629 0.2349918 0.3513013 0.3065510 0.3415924 0.4488105 0.0484142 0.3933378 0.0000000 0.3738523 0.2960024 0.1703836 0.3332576 0.1751111 0.1658853 0.3683466 0.3011481 0.3923603 0.1713844 0.2995169 0.3402481 0.2873674 0.3725847 0.1359381 0.3117231 0.3260497 0.1162600 0.2883413 0.2950932 0.2247573 0.2122608 0.3191929 0.2950736 0.2760972 0.0242166 0.3408125 0.1713938 0.2530917 0.1547087 0.1451252 0.2892798 0.2672984 0.1516623 0.3416330 0.1324485 0.3221429 0.3562101 0.2265034 0.1734999 0.1522372 0.2360046 0.1871099 0.2515232 0.3064358 0.3423769 0.2754447 0.1219769 
Perityle_feddemae_99                       0.6506456 0.2915613 0.3420715 0.4212485 1.0889320 0.1947163 0.4495077 0.2075552 0.4487939 0.5255632 0.3431105 0.9293233 0.9536532 0.4600536 0.1101918 0.4218027 9.0000000 0.5902645 0.1216949 1.0973463 0.1959267 0.2601555 0.1508438 0.4836656 0.2935245 1.0016363 0.4115105 1.0956484 0.5483371 0.2148541 0.1865891 1.4202842 0.3218478 0.4513859 1.1349570 0.3738523 0.0000000 1.0676568 0.3864831 0.1852125 0.4721198 0.4660455 0.0510325 1.0301659 0.0358442 0.4792013 0.2617547 0.5124492 0.3910320 0.0336291 0.4375512 1.1146753 0.2100068 0.4501749 1.1474361 0.1825128 9.0000000 0.2182282 1.0319830 0.3145726 0.2987623 9.0000000 0.6409238 9.0000000 0.4370215 0.2829873 0.3250052 0.2408914 1.0342887 0.3427132 0.3994133 0.4877689 0.2517059 0.9007818 0.1766241 9.0000000 0.1736951 1.0528530 0.3811709 0.3031814 1.0783312 0.2522091 0.3572297 0.3525503 
Perityle_fosteri_93                        0.3227788 0.3089517 0.3816304 0.3960266 0.0742406 0.1346190 0.2379462 0.1583886 0.5469662 0.3597672 0.3958192 0.0162602 0.0241436 0.3584111 0.3134999 0.2180139 0.0155915 0.1939575 0.3599613 0.0183425 0.1413323 0.3477607 0.4609106 0.1927331 0.3536829 0.0254076 0.3798624 0.0493408 0.2454536 0.3408450 0.6264432 0.2031289 0.4154657 0.3596427 0.0724608 0.2960024 1.0676568 0.0000000 0.1875221 0.3708668 0.1636532 0.2376445 0.3908948 0.0246430 0.3736517 0.2035996 0.2624352 0.2551794 0.3499673 0.3957487 0.2159667 0.0171127 0.3598870 0.2678063 0.0034012 0.3695849 0.0407827 0.2840334 0.0223893 0.3852395 0.3268586 0.1293315 0.3168051 0.1576421 0.0204850 0.2216656 0.2181109 0.3272249 0.1939623 0.1937663 0.1659297 0.1771946 0.3978333 0.0268492 0.3138393 0.0250447 0.0473756 0.2504419 0.3333899 0.3446791 0.0204729 0.3154656 0.0291872 0.2035097 
Perityle_gamon_221                         0.3544348 0.1471543 0.3602655 0.3708956 0.2330014 0.1872628 0.3286719 0.1581742 0.5274408 0.3038502 0.3203305 0.2630326 0.2792509 0.2740793 0.1467468 0.1650695 0.2486054 0.2965671 0.3027191 0.1920179 0.1069067 0.2418776 0.3190598 0.1492581 0.2549749 0.2582059 0.3406044 0.2106204 0.2513839 0.2647621 0.2778313 0.2587181 0.4862622 0.2555931 0.2648762 0.1703836 0.3864831 0.1875221 0.0000000 0.2644797 0.1835688 0.1530176 0.3354873 0.2090083 0.3546258 0.0646785 0.2371599 0.4205297 0.3105710 0.3871818 0.1577338 0.2494521 0.3143642 0.2056969 0.2065602 0.2352671 0.1300763 0.1580959 0.2638187 0.3089612 0.2824210 0.0299035 0.3156318 0.1219061 0.2747017 0.1263931 0.1554309 0.2873314 0.4153021 0.1608137 0.3099427 0.1501417 0.3205019 0.3578580 0.2281789 0.2340536 0.1499424 0.3799971 0.2043622 0.2541331 0.2529813 0.3616368 0.2674757 0.1573303 
Perityle_gentryi_8_san_francisco           0.5004694 0.3108283 0.1858226 0.4373037 0.3940292 0.1411949 0.3299272 0.1995989 0.4369915 0.4379461 0.2499406 0.4892146 0.4160468 0.2769304 0.0750720 0.2038255 0.3526215 0.4183993 0.1383141 0.4223244 0.1530581 0.1178657 0.3071125 0.3518462 0.1887641 0.4355655 0.1540126 0.4748828 0.3940094 0.1307479 0.2750279 0.6178207 0.2337005 0.4036859 0.5203194 0.3332576 0.1852125 0.3708668 0.2644797 0.0000000 0.3358259 0.3650560 0.1747544 0.3861701 0.1789333 0.3781247 0.1442223 0.3933094 0.1620488 0.1784718 0.3650727 0.5016733 0.0893787 0.3908659 0.4212019 0.1220923 0.3359473 0.2480624 0.4705390 0.1925295 0.3044642 0.1668089 0.1299924 0.2738676 0.3114151 0.2828114 0.2511080 0.1328824 0.5209727 0.3170957 0.4098371 0.3356365 0.1998764 0.5221699 0.0774431 0.3554093 0.2117287 0.5177343 0.3541412 0.1517584 0.4524902 0.2078640 0.3097783 0.2798030 
Perityle_gilensis_22_Superstition          0.3904613 0.1373149 0.4198633 0.3712749 0.2178928 0.2090964 0.3086610 0.1432405 0.5995518 0.2386707 0.3217022 0.2511158 0.3179479 0.2214354 0.1342306 0.1546802 0.2152562 0.3533825 0.3784604 0.1692391 0.0855644 0.1943023 0.2967250 0.0808876 0.3382059 0.2426068 0.3474585 0.2024362 0.2294921 0.3582476 0.2363264 0.3579088 0.5235992 0.2102827 0.2567937 0.1751111 0.4721198 0.1636532 0.1835688 0.3358259 0.0000000 0.0764946 0.4191412 0.1835859 0.4188214 0.1569644 0.2523639 0.4096770 0.3560438 0.4519851 0.0934266 0.2378332 0.3551229 0.1742686 0.1857080 0.2044745 0.1250061 0.2649678 0.2629960 0.3120539 0.2671005 0.0635326 0.3078568 0.1027338 0.2806431 0.1546013 0.1455524 0.2664513 0.4376038 0.1159107 0.3034654 0.0764363 0.3547501 0.3512481 0.2075804 0.2162290 0.1303379 0.3499213 0.1793054 0.2578202 0.2447074 0.3834242 0.2736135 0.1546739 
Perityle_gilensis_salensis_225             0.3736032 0.1428886 0.4409244 0.4006999 0.2540422 0.2074944 0.3260776 0.1529373 0.6315543 0.2404685 0.3369955 0.3016004 0.2789999 0.2583321 0.1637992 0.1540120 0.2604937 0.3639236 0.4097646 0.2304798 0.0835750 0.2388636 0.3704588 0.0340571 0.3681995 0.2837481 0.3579860 0.2774812 0.2516852 0.4254148 0.2971580 0.3533340 0.5551596 0.2146486 0.3149497 0.1658853 0.4660455 0.2376445 0.1530176 0.3650560 0.0764946 0.0000000 0.4475067 0.2563652 0.4518042 0.1553463 0.2514674 0.4204635 0.3726484 0.4670533 0.0679947 0.2992375 0.3785362 0.2092017 0.2556461 0.2406906 0.2268375 0.2625168 0.2844120 0.3486821 0.2766372 0.0494778 0.3778322 0.1496160 0.2846434 0.1201617 0.1544278 0.2814986 0.4101538 0.1683498 0.3136588 0.0565878 0.4056481 0.3582416 0.2256177 0.2894041 0.1635633 0.4209800 0.2255491 0.2939593 0.2829942 0.4079242 0.2551330 0.1543489 
Perityle_glaucescens_94                    0.5625464 0.3342164 0.2271102 0.4628333 0.4362312 0.1289512 0.3902364 0.2126387 0.4446415 0.4815033 0.2622513 0.5081792 0.4468887 0.2979192 0.1015553 0.3586897 0.3628119 0.4526194 0.1053743 0.4366679 0.2213367 0.1649092 0.3250494 0.4377652 0.2210623 0.4589563 0.2434929 0.4851208 0.4309275 0.1540491 0.3064014 0.6712516 0.2237060 0.4496873 0.5270981 0.3683466 0.0510325 0.3908948 0.3354873 0.1747544 0.4191412 0.4475067 0.0000000 0.4111935 0.0355624 0.4327873 0.1401355 0.4912868 0.2359425 0.0408124 0.4191175 0.5175205 0.1617175 0.4107007 0.4459730 0.1284409 0.3221019 0.2736449 0.4792354 0.2476378 0.3026112 0.1630770 0.0865696 0.2645656 0.3889724 0.3139005 0.3469514 0.1673912 0.5465110 0.3259761 0.4737671 0.4215400 0.2246928 0.5373610 0.1120748 0.3620378 0.2083156 0.5343212 0.3974569 0.1889223 0.4826080 0.2100723 0.3848315 0.3605583 
Perityle_gracilis_11                       0.3458184 0.3168620 0.3948623 0.3968037 0.0736628 0.1347881 0.2312491 0.1655758 0.5310657 0.3651279 0.4188593 0.0238825 0.0038774 0.3476492 0.3156574 0.2360922 0.0205016 0.1989425 0.3611611 0.0279806 0.1465456 0.3348745 0.4535330 0.2115270 0.3452014 0.0048652 0.4070938 0.0502135 0.2710022 0.3342976 0.6256886 0.2185566 0.4249709 0.3667558 0.0924076 0.3011481 1.0301659 0.0246430 0.2090083 0.3861701 0.1835859 0.2563652 0.4111935 0.0000000 0.3985795 0.2268279 0.2582811 0.2313168 0.3711171 0.4196390 0.2350193 0.0246027 0.3566743 0.2754138 0.0224918 0.3660912 0.0424995 0.2826537 0.0253467 0.3646522 0.3399586 0.1320368 0.3272006 0.1573560 0.0277436 0.2264764 0.2404184 0.3701216 0.1940506 0.1928251 0.1934915 0.1892922 0.3975723 0.0349195 0.3407716 0.0151070 0.0279416 0.2393480 0.3442195 0.3360652 0.0266368 0.3116156 0.0371444 0.2242189 
Perityle_harkerae_31                       0.5713317 0.3481242 0.2216076 0.4323063 0.4610752 0.1194114 0.3641447 0.2077959 0.4173264 0.5044447 0.2702781 0.5037014 0.4723549 0.3090118 0.1105251 0.3930714 0.4114540 0.4459664 0.1044385 0.4231949 0.2352160 0.1681195 0.3284754 0.4417286 0.2225862 0.4865037 0.2308591 0.4788991 0.4441909 0.1534708 0.2987386 0.6616789 0.2022495 0.4984129 0.5233809 0.3923603 0.0358442 0.3736517 0.3546258 0.1789333 0.4188214 0.4518042 0.0355624 0.3985795 0.0000000 0.4569889 0.1136709 0.5635346 0.2296503 0.0145566 0.4472793 0.5108462 0.1584319 0.4384589 0.4307571 0.1370419 0.3245646 0.2984547 0.5074713 0.2243313 0.3364087 0.1677759 0.0998745 0.2720010 0.4372277 0.3187777 0.3590945 0.1614548 0.5512807 0.3284383 0.5385191 0.4384130 0.2258162 0.5411228 0.1121288 0.4122400 0.2051527 0.4993191 0.3999786 0.1931803 0.5052704 0.2021347 0.4119571 0.3922232 
