82
Amauria_brandeegeana_62                    0.0000000 0.1172907 0.1824509 0.1997327 0.1886194 0.3502533 0.1530198 0.0707049 0.1976770 0.0182643 0.4866142 0.2067619 0.2019622 0.2007486 0.4881527 0.4599296 0.1747679 0.1601377 0.1331793 0.1985269 0.1956589 0.5055344 0.1561911 0.1991325 0.2258371 0.4981149 0.1872332 0.3493738 0.2799961 0.2124833 0.2858688 0.0134293 0.1891345 0.0885744 0.1870859 0.1874241 0.1540146 0.1765410 0.4880785 0.3715363 0.1997912 0.1745385 0.2033600 0.2007594 0.0403640 0.1953184 0.2000138 0.2014388 0.3652152 0.2074673 0.1936881 0.2152298 0.2098759 0.1580204 0.0875455 0.1305671 0.1951088 0.1916294 0.0375738 0.0417800 0.1806697 0.0794453 0.2039702 0.1828252 0.2267162 0.2315262 0.1473963 0.0664105 0.2195217 0.2055075 0.2016686 0.2008288 0.2098587 0.1984246 0.0680363 0.2142687 0.2030224 0.1668921 0.2039927 0.4507592 0.1948999 0.4028532 
Amauria_carterae_99_mesa                   0.1172907 0.0000000 0.1760883 0.2016103 0.1165135 0.2995482 0.1273592 0.0812741 0.2221284 0.1216201 0.3362374 0.1324371 0.1273358 0.1345690 0.3452097 0.3434627 0.0464318 0.1256488 0.1205607 0.1178945 0.1386438 0.3335193 0.1181033 0.1238267 0.1513878 0.2973197 0.1318764 0.2613479 0.2562053 0.1338204 0.1497997 0.1214676 0.1199735 0.1187761 0.1690589 0.1290055 0.0476814 0.1444688 0.3402324 0.3159542 0.1712651 0.1227304 0.1688694 0.1373781 0.0383293 0.1251073 0.1244778 0.1773306 0.3029436 0.1383433 0.1248198 0.1424198 0.1327089 0.1294562 0.1048040 0.0923595 0.1209791 0.1267252 0.0540803 0.0435683 0.0861065 0.0910260 0.1312938 0.1312818 0.1487599 0.1212414 0.0180077 0.0643545 0.1399011 0.1309002 0.1382371 0.1258568 0.1492943 0.1259452 0.1025543 0.1302626 0.1372767 0.1268371 0.1320976 0.3780620 0.1242262 0.2892247 
Amauria_rotundifolia_SRR9119150            0.1824509 0.1760883 0.0000000 0.2914041 0.3102858 0.3716087 0.2610386 0.1076796 0.3435929 0.2257763 0.5867738 0.3485360 0.3393929 0.3099517 0.5588612 0.5710827 0.1724450 0.2737822 0.3001655 0.3456784 0.3929559 0.6376924 0.2404492 0.3725480 0.4124884 0.6394766 0.3606591 0.4033629 0.3329045 0.3591458 0.4484043 0.1547638 0.3143708 0.2281916 0.3120165 0.3011987 0.2228266 0.3394788 0.5832417 0.4841313 0.3942711 0.3218944 0.3406252 0.3724332 0.0698251 0.3738622 0.3881159 0.4530958 0.4865636 0.3928190 0.3565137 0.3788442 0.3331824 0.2967401 0.1351862 0.2185141 0.3714357 0.3821326 0.0542111 0.0712024 0.3635614 0.1555237 0.3635784 0.3885678 0.3835652 0.3799617 0.2024777 0.0855320 0.3670641 0.3600241 0.3789209 0.3870362 0.3633819 0.3451787 0.0775306 0.3639491 0.3869019 0.3213079 0.3312883 0.5127940 0.3800469 0.4331032 
Conoclinium_coelestinum_SRR9119114         0.1997327 0.2016103 0.2914041 0.0000000 0.2938675 0.3448253 0.1911017 0.1470770 0.3182025 0.1906620 0.4999776 0.2685009 0.2752118 0.2898380 0.4591433 0.4451450 0.2309123 0.2985384 0.2296216 0.2685288 0.2675583 0.4217641 0.2530871 0.2760543 0.2857559 0.4254472 0.2617280 0.3693718 0.2775768 0.2806325 0.3431308 0.1914176 0.2779332 0.1897956 0.2243980 0.2892821 0.2143238 0.2760805 0.4338428 0.3665008 0.2775699 0.2632546 0.2956149 0.2722454 0.1467149 0.2703500 0.2747426 0.3529807 0.3636759 0.2721113 0.2688450 0.3005885 0.2691674 0.2648456 0.1606778 0.2194882 0.2667438 0.2677543 0.1307882 0.1461390 0.2492797 0.1753838 0.2748182 0.2669506 0.3062064 0.3084875 0.2260498 0.1623797 0.2795901 0.2647919 0.2766904 0.2759700 0.2899397 0.2703172 0.1852716 0.2952968 0.2907218 0.2654108 0.2708460 0.4834033 0.2682000 0.4208164 
Eutetras_palmeri_63                        0.1886194 0.1165135 0.3102858 0.2938675 0.0000000 0.3309757 0.1630813 0.1030956 0.3212230 0.1757307 0.4364772 0.0976735 0.1246958 0.1209629 0.4619838 0.4438112 0.1222875 0.1205505 0.0771567 0.1079017 0.1177822 0.4735653 0.1042711 0.1180128 0.1215074 0.4504771 0.1189723 0.3403872 0.2933288 0.1278765 0.2248526 0.1892031 0.1068138 0.1702087 0.1685230 0.1062327 0.0910032 0.1167468 0.4930711 0.3851338 0.1281667 0.1110393 0.1422813 0.1216593 0.0397345 0.1140514 0.1163211 0.1935149 0.3753728 0.1203404 0.1120671 0.1298482 0.1068455 0.1055289 0.0738734 0.0814985 0.1126584 0.1150471 0.0636090 0.0489546 0.1020811 0.0751717 0.1094024 0.1192389 0.1369362 0.0755750 0.0752960 0.0571525 0.1242649 0.1006205 0.1369710 0.1171745 0.1101936 0.1125903 0.1195504 0.0690157 0.1193109 0.1054525 0.1128215 0.4563472 0.1139197 0.4157523 
Eutetras_pringlei_149_quer                 0.3502533 0.2995482 0.3716087 0.3448253 0.3309757 0.0000000 0.3843309 0.3407213 0.3756422 0.3294739 0.0825729 0.3760251 0.3844757 0.3865988 0.0783842 0.0760286 0.2569370 0.3874962 0.3574188 0.3676117 0.3918390 0.0503638 0.3952630 0.3837524 0.4130471 0.0409153 0.3772466 0.1146190 0.1256715 0.3674372 0.3941020 0.3543114 0.3832246 0.3876669 0.4040798 0.3876675 0.2548705 0.3573291 0.0505568 0.0501244 0.3898869 0.3495470 0.3899163 0.4107837 0.2821473 0.3782757 0.3683168 0.4023525 0.0503638 0.3794305 0.3952630 0.4031143 0.3808447 0.3198264 0.3114919 0.3775231 0.3657933 0.3622862 0.2501628 0.3219072 0.3615083 0.3843672 0.3856887 0.3688964 0.4069680 0.4204853 0.2146499 0.3354030 0.3699848 0.3869134 0.3930445 0.3723902 0.3809967 0.3913843 0.2953953 0.4320582 0.3754185 0.3327357 0.3886238 0.0586125 0.3711229 0.0345154 
Eutrochium_fistulosum_SRR9119106           0.1530198 0.1273592 0.2610386 0.1911017 0.1630813 0.3843309 0.0000000 0.1214890 0.2687684 0.1513414 0.4508112 0.1561078 0.1718904 0.1688432 0.4394387 0.4222527 0.1024236 0.1589159 0.1480534 0.1491403 0.1624577 0.4403308 0.1478167 0.1611021 0.1740694 0.3955496 0.1767242 0.3370752 0.3239626 0.1620425 0.2328133 0.1425639 0.1473040 0.1759682 0.1911548 0.1528101 0.1069187 0.1728212 0.4470204 0.4089050 0.1827267 0.1622011 0.1706287 0.1722149 0.0740991 0.1609112 0.1596168 0.2019324 0.4089879 0.1787493 0.1641967 0.1615682 0.1588322 0.1731195 0.1059434 0.1255000 0.1620696 0.1606119 0.0794194 0.0773160 0.1621439 0.1334710 0.1606437 0.1842392 0.1687167 0.1808834 0.0867291 0.1043568 0.1756352 0.1460709 0.1787642 0.1601746 0.1656681 0.1631089 0.1338571 0.1768935 0.1752066 0.1556031 0.1593182 0.4854346 0.1569047 0.4037660 
Galeana_pratensis_104_mex                  0.0707049 0.0812741 0.1076796 0.1470770 0.1030956 0.3407213 0.1214890 0.0000000 0.1646332 0.0494439 0.3335798 0.1113889 0.0845946 0.0841723 0.3393363 0.3304470 0.0793527 0.0894157 0.0731724 0.0999365 0.0703046 0.3093689 0.0807097 0.0894035 0.1021989 0.2528579 0.0940858 0.2667842 0.2690493 0.1038309 0.0950188 0.0553162 0.0987798 0.0689440 0.1321639 0.1017842 0.0813647 0.0975028 0.3299842 0.3087310 0.1224653 0.0856435 0.1161513 0.0805186 0.0609112 0.0903851 0.0903865 0.1191477 0.2922288 0.0941129 0.0835910 0.0908725 0.1010020 0.0986839 0.1086303 0.0751536 0.0874058 0.0909114 0.0788801 0.0799478 0.0697814 0.0920213 0.1067331 0.0907208 0.0959667 0.0941282 0.0647589 0.1006278 0.1110710 0.0996108 0.0899928 0.0902643 0.1240542 0.0864552 0.1309374 0.0910352 0.0921389 0.0908688 0.1097398 0.3655637 0.0899183 0.2928076 
Helianthus_annuus_SRR9119062               0.1976770 0.2221284 0.3435929 0.3182025 0.3212230 0.3756422 0.2687684 0.1646332 0.0000000 0.2125682 0.5885550 0.3360446 0.3352007 0.3127294 0.5706614 0.5816855 0.2133508 0.2489474 0.2872763 0.3351840 0.3320512 0.5761122 0.2540213 0.3427731 0.3365085 0.5721531 0.3277355 0.4321988 0.3662744 0.3393870 0.3314480 0.1908520 0.3183420 0.2702604 0.2918591 0.3040433 0.2041271 0.3375567 0.6003974 0.5145464 0.3427336 0.3374706 0.2859372 0.3309505 0.1257611 0.3387772 0.3423418 0.3605414 0.4899841 0.3419034 0.3156075 0.3502770 0.3404472 0.2989678 0.1729530 0.2210940 0.3376704 0.3356663 0.1352070 0.1539198 0.3260966 0.1659912 0.3366377 0.3273763 0.3582713 0.3274687 0.1921145 0.1894892 0.3638470 0.3354049 0.3454507 0.3436565 0.3517891 0.3221002 0.2319234 0.3618697 0.3264966 0.3249840 0.3349427 0.5328036 0.3354788 0.4750380 
Lycapsus_tenuifolius_17                    0.0182643 0.1216201 0.2257763 0.1906620 0.1757307 0.3294739 0.1513414 0.0494439 0.2125682 0.0000000 0.4554512 0.2131902 0.2216649 0.1823760 0.4558912 0.4263900 0.1564493 0.1559348 0.1138849 0.2090518 0.2203490 0.5291689 0.1413184 0.2256101 0.2592240 0.5331775 0.1969124 0.3426129 0.2721928 0.2118657 0.2938555 0.0084935 0.1698946 0.0772823 0.2165605 0.1719546 0.1810666 0.1676745 0.4639442 0.3510365 0.2096241 0.1575311 0.2243088 0.2183667 0.0306170 0.2198251 0.2243275 0.2304079 0.3439286 0.2281228 0.2169784 0.2049000 0.2132911 0.1446422 0.0722645 0.1113130 0.2193213 0.2178122 0.0296976 0.0393202 0.1926189 0.0675028 0.2206804 0.1943296 0.2160953 0.2478628 0.1767792 0.0547380 0.2327386 0.2194386 0.1802606 0.2240136 0.2261127 0.2199092 0.0646478 0.2027987 0.2245782 0.1561924 0.2170213 0.4218843 0.2193888 0.3750713 
Pericome_caudata_50_silver                 0.4866142 0.3362374 0.5867738 0.4999776 0.4364772 0.0825729 0.4508112 0.3335798 0.5885550 0.4554512 0.0000000 0.4925250 0.4634264 0.4805238 0.1297578 0.2146896 0.3760472 0.4740762 0.4512390 0.4624115 0.5629013 0.2366159 0.4602118 0.4901191 0.5280385 0.1453530 0.4493247 0.2677044 0.1834637 0.4875468 0.6009336 0.4648940 0.4740207 0.4744703 0.4999402 0.4838250 0.3648961 0.4579775 0.2962771 0.1424689 0.4630513 0.4364816 0.4839214 0.5120310 0.3040764 0.5074651 0.5041571 0.6161762 0.1352000 0.4623452 0.4441182 0.5053646 0.4488052 0.4310008 0.3174488 0.4258937 0.5115391 0.4975094 0.2748069 0.3238203 0.4473505 0.3925707 0.5089688 0.4832025 0.4776695 0.4895575 0.3764608 0.3681938 0.4769588 0.4899328 0.4868165 0.4978605 0.5079058 0.4548056 0.3855312 0.4892476 0.5142948 0.4986554 0.4577409 0.2338471 0.5061477 0.1879238 
Perityle_aglossa_84_dead_horse             0.2067619 0.1324371 0.3485360 0.2685009 0.0976735 0.3760251 0.1561078 0.1113889 0.3360446 0.2131902 0.4925250 0.0000000 0.0968351 0.0613667 0.4712886 0.4912712 0.0966025 0.0738371 0.0201569 0.0183304 0.0941232 0.5226662 0.0322372 0.0939422 0.0995549 0.5081209 0.0869380 0.3405523 0.3085818 0.1077155 0.2632662 0.1909829 0.0084671 0.1493604 0.1584667 0.0098243 0.0849634 0.0697008 0.5092831 0.4131890 0.1143724 0.0459087 0.1336232 0.0802951 0.0095738 0.0883777 0.0892192 0.2379023 0.4080834 0.0909695 0.0857212 0.0731829 0.0178678 0.0704883 0.0253252 0.0241865 0.0883475 0.0888792 0.0532677 0.0305251 0.0841045 0.0365146 0.0113871 0.0987029 0.0810978 0.1397983 0.0850704 0.0263396 0.0369009 0.0143874 0.1143139 0.0924961 0.0308930 0.0913664 0.0982334 0.1223862 0.0979914 0.0313813 0.0120997 0.4966135 0.0882971 0.4322014 
Perityle_ajoensis_204                      0.2019622 0.1273358 0.3393929 0.2752118 0.1246958 0.3844757 0.1718904 0.0845946 0.3352007 0.2216649 0.4634264 0.0968351 0.0000000 0.0356787 0.4480472 0.4532958 0.1217127 0.0887905 0.0196050 0.0818673 0.0327178 0.5071290 0.0258732 0.0198767 0.1037081 0.4664795 0.1162839 0.3398485 0.3060690 0.1153137 0.2553061 0.1884949 0.0531803 0.1574903 0.1901984 0.0566895 0.1197705 0.0830782 0.4933602 0.3953601 0.1376423 0.0137458 0.1673954 0.0295184 0.0168043 0.0140126 0.0170024 0.2265617 0.3870651 0.0389113 0.0373155 0.1029517 0.0767425 0.0804981 0.0516520 0.0412289 0.0160506 0.0151422 0.0429521 0.0222486 0.0986161 0.0642631 0.0991369 0.1239562 0.1119153 0.1818674 0.1111773 0.0595335 0.1092651 0.0886181 0.1425781 0.0180331 0.1065726 0.0153528 0.0659634 0.1527938 0.1096025 0.0569804 0.1005792 0.4840973 0.0119773 0.4286547 
Perityle_ambrosiifolia_67_green            0.2007486 0.1345690 0.3099517 0.2898380 0.1209629 0.3865988 0.1688432 0.0841723 0.3127294 0.1823760 0.4805238 0.0613667 0.0356787 0.0000000 0.4711750 0.4586415 0.1039995 0.0797129 0.0185412 0.0564496 0.0092092 0.5037244 0.0055405 0.0341965 0.0914087 0.4608372 0.0920968 0.3482380 0.3205188 0.1193442 0.1992789 0.1921817 0.0486908 0.1768520 0.1722964 0.0503973 0.0938596 0.0760036 0.5073879 0.4068623 0.1300238 0.0290954 0.1397258 0.0335752 0.0163210 0.0284444 0.0331962 0.1681891 0.4004933 0.0126189 0.0114477 0.0915878 0.0646349 0.0833667 0.0451972 0.0335143 0.0332517 0.0310564 0.0484118 0.0222541 0.0700994 0.0592983 0.0632226 0.0952542 0.1012086 0.1530846 0.0670835 0.0550694 0.0757989 0.0482235 0.1297388 0.0331875 0.0715199 0.0306648 0.0839555 0.1525219 0.0956119 0.0601200 0.0654527 0.4897854 0.0307867 0.4310856 
Perityle_batopilensis_97                   0.4881527 0.3452097 0.5588612 0.4591433 0.4619838 0.0783842 0.4394387 0.3393363 0.5706614 0.4558912 0.1297578 0.4712886 0.4480472 0.4711750 0.0000000 0.1267170 0.3917767 0.4699582 0.3881481 0.4437486 0.4462388 0.1547483 0.4508584 0.4432633 0.4644197 0.0769448 0.4352775 0.2539536 0.2201215 0.4521531 0.5610900 0.4698196 0.4658417 0.4554360 0.4808205 0.4793751 0.3394550 0.4390384 0.1650195 0.1191732 0.4633033 0.4234773 0.4836357 0.4609431 0.3100216 0.4393239 0.4400849 0.6089302 0.1101556 0.4528298 0.4368311 0.4682738 0.4401146 0.3987966 0.3500229 0.3984827 0.4429953 0.4253030 0.2908238 0.3430291 0.4438017 0.3828254 0.4531637 0.4314089 0.4655744 0.4860456 0.3645689 0.3760994 0.4703000 0.4433079 0.4766978 0.4408278 0.4717488 0.4374404 0.3652186 0.4927755 0.4516359 0.4446955 0.4468428 0.1340743 0.4346614 0.1057568 
Perityle_bisetosa_9                        0.4599296 0.3434627 0.5710827 0.4451450 0.4438112 0.0760286 0.4222527 0.3304470 0.5816855 0.4263900 0.2146896 0.4912712 0.4532958 0.4586415 0.1267170 0.0000000 0.4137821 0.4590628 0.4194349 0.4573303 0.5708613 0.2596948 0.4254333 0.4775901 0.5058898 0.1953715 0.4217040 0.2670674 0.2067669 0.4690427 0.5879818 0.4380216 0.4663155 0.4364621 0.4801411 0.4748825 0.3517260 0.4267258 0.3027900 0.1035109 0.4454625 0.4139896 0.4617580 0.4953536 0.2921335 0.4868490 0.4812899 0.5864886 0.0995641 0.4551363 0.4288355 0.5045415 0.4358042 0.4071242 0.3140719 0.3932108 0.4877004 0.4739914 0.2714657 0.2987048 0.4510798 0.3752195 0.4894890 0.4545599 0.4920675 0.4776737 0.3909516 0.3611460 0.4784683 0.4744837 0.4738119 0.4736530 0.4967188 0.4473884 0.3287099 0.4866053 0.4970101 0.4803701 0.4460507 0.1097272 0.4831535 0.1145137 
Perityle_californica_76_positas            0.1747679 0.0464318 0.1724450 0.2309123 0.1222875 0.2569370 0.1024236 0.0793527 0.2133508 0.1564493 0.3760472 0.0966025 0.1217127 0.1039995 0.3917767 0.4137821 0.0000000 0.0716015 0.0433979 0.1004028 0.1106711 0.4569160 0.0671195 0.1204255 0.1363974 0.4381376 0.1013587 0.2717381 0.2230696 0.0961678 0.0671972 0.1372334 0.0794623 0.1354244 0.1839451 0.0843131 0.1028175 0.1028527 0.4588835 0.3274388 0.1055809 0.0888512 0.1082897 0.1165022 0.0288871 0.1198250 0.1214243 0.1105269 0.3154234 0.1193213 0.1145240 0.1393963 0.0954939 0.0874994 0.0624281 0.0733533 0.1195262 0.1230590 0.0576426 0.0381200 0.0948045 0.0560635 0.1070917 0.1031783 0.1503492 0.1501653 0.0734537 0.0553725 0.1132611 0.0893012 0.0909780 0.1173267 0.1069784 0.1168706 0.1106059 0.1351890 0.1255153 0.0790524 0.1061367 0.2692327 0.1196250 0.3092410 
Perityle_canescens_77                      0.1601377 0.1256488 0.2737822 0.2985384 0.1205505 0.3874962 0.1589159 0.0894157 0.2489474 0.1559348 0.4740762 0.0738371 0.0887905 0.0797129 0.4699582 0.4590628 0.0716015 0.0000000 0.0611512 0.0695392 0.0776648 0.4813294 0.0688733 0.0863956 0.0952246 0.4363689 0.0688486 0.3458851 0.3121689 0.1078426 0.1787361 0.1594492 0.0742133 0.1550059 0.1474539 0.0742567 0.0397769 0.0804987 0.4922761 0.4057744 0.0928564 0.0873101 0.0942398 0.0848865 0.0139990 0.0846252 0.0859877 0.0991574 0.4001133 0.0828959 0.0781063 0.1021055 0.0771432 0.0892182 0.0592619 0.0649651 0.0861201 0.0866642 0.0364481 0.0147010 0.0603461 0.0590283 0.0811893 0.0727144 0.1098460 0.1353021 0.0412844 0.0513635 0.0913844 0.0642733 0.1111712 0.0855486 0.0893254 0.0838745 0.0985975 0.1394356 0.0879705 0.0624459 0.0794299 0.4573966 0.0858251 0.3927016 
Perityle_castillonii_96                    0.1331793 0.1205607 0.3001655 0.2296216 0.0771567 0.3574188 0.1480534 0.0731724 0.2872763 0.1138849 0.4512390 0.0201569 0.0196050 0.0185412 0.3881481 0.4194349 0.0433979 0.0611512 0.0000000 0.0093000 0.0502603 0.4476715 0.0077751 0.0214647 0.0560015 0.3986785 0.0595904 0.2853267 0.2968094 0.0852454 0.2562929 0.1260652 0.0142876 0.1039432 0.0881091 0.0117516 0.0170717 0.0496153 0.4269900 0.3929315 0.0812500 0.0173854 0.0952831 0.0186860 0.0023961 0.0166296 0.0188729 0.2233112 0.3859957 0.0233651 0.0157146 0.0448963 0.0228915 0.0661127 0.0140137 0.0161444 0.0166555 0.0155855 0.0205768 0.0113114 0.0369788 0.0319375 0.0188901 0.0664089 0.0551892 0.0977134 0.0198309 0.0199734 0.0234442 0.0121485 0.0968466 0.0369138 0.0246735 0.0161876 0.0685263 0.0880256 0.0637744 0.0332706 0.0190019 0.5238900 0.0154745 0.3898380 
Perityle_cernua_84                         0.1985269 0.1178945 0.3456784 0.2685288 0.1079017 0.3676117 0.1491403 0.0999365 0.3351840 0.2090518 0.4624115 0.0183304 0.0818673 0.0564496 0.4437486 0.4573303 0.1004028 0.0695392 0.0093000 0.0000000 0.0800930 0.4788547 0.0287583 0.0745604 0.0881574 0.4701028 0.0845002 0.3318328 0.3002959 0.0986555 0.2586126 0.1806342 0.0059269 0.1438590 0.1478527 0.0060175 0.0785528 0.0682424 0.4772094 0.3903491 0.1046256 0.0334714 0.1300258 0.0680443 0.0069873 0.0707953 0.0746137 0.2274231 0.3836542 0.0815734 0.0773913 0.0680417 0.0164735 0.0676751 0.0179325 0.0254865 0.0729844 0.0723685 0.0488861 0.0222852 0.0782502 0.0331986 0.0171559 0.0863500 0.0758745 0.1441644 0.0754448 0.0190423 0.0344412 0.0095033 0.1163649 0.0766509 0.0315703 0.0782981 0.0899241 0.1236574 0.0831122 0.0229960 0.0161622 0.4784528 0.0725259 0.4213731 
Perityle_cfvillosa_25_tin                  0.1956589 0.1386438 0.3929559 0.2675583 0.1177822 0.3918390 0.1624577 0.0703046 0.3320512 0.2203490 0.5629013 0.0941232 0.0327178 0.0092092 0.4462388 0.5708613 0.1106711 0.0776648 0.0502603 0.0800930 0.0000000 0.6136015 0.0070051 0.0439554 0.1444792 0.6115038 0.1604620 0.3349216 0.3121283 0.1271685 0.2952495 0.1897553 0.0462932 0.1510512 0.2075425 0.0482883 0.1666387 0.0699646 0.6180677 0.3982221 0.1576136 0.0186447 0.2008360 0.0486994 0.0094081 0.0769959 0.0769631 0.2862559 0.3898118 0.0222428 0.0131820 0.1170810 0.0753755 0.0743223 0.0388433 0.0320073 0.0786275 0.0771091 0.0402432 0.0148876 0.1117572 0.0517862 0.1757798 0.1550005 0.1145070 0.1815012 0.1145698 0.0490273 0.1114728 0.1708411 0.1529017 0.0472961 0.1195799 0.0246158 0.0564894 0.1379822 0.1684833 0.1030645 0.0979346 0.6778817 0.0615208 0.4698875 
Perityle_coahuilensis_24                   0.5055344 0.3335193 0.6376924 0.4217641 0.4735653 0.0503638 0.4403308 0.3093689 0.5761122 0.5291689 0.2366159 0.5226662 0.5071290 0.5037244 0.1547483 0.2596948 0.4569160 0.4813294 0.4476715 0.4788547 0.6136015 0.0000000 0.4664935 0.5301744 0.5695671 0.2061878 0.4820242 0.3032622 0.2106460 0.4861779 0.6472961 0.4782857 0.4734519 0.4533412 0.5246351 0.5052818 0.4459671 0.4749479 0.1128322 0.0022453 0.4871382 0.4503576 0.5226362 0.5398823 0.2893832 0.5397437 0.5465478 0.6151839 0.0086413 0.5292940 0.5078411 0.5596089 0.4799126 0.4482001 0.3106158 0.4276820 0.5383957 0.5301299 0.2651737 0.2341349 0.4924850 0.3569928 0.5317472 0.5007670 0.5239070 0.5308185 0.4674367 0.2945599 0.5268484 0.5200890 0.5108005 0.5310156 0.5390139 0.5115040 0.3725700 0.5001711 0.5542752 0.4951989 0.5107038 0.2688365 0.5409125 0.1583957 
Perityle_cochisensis_44_cave_creek         0.1561911 0.1181033 0.2404492 0.2530871 0.1042711 0.3952630 0.1478167 0.0807097 0.2540213 0.1413184 0.4602118 0.0322372 0.0258732 0.0055405 0.4508584 0.4254333 0.0671195 0.0688733 0.0077751 0.0287583 0.0070051 0.4664935 0.0000000 0.0286129 0.0746189 0.3997646 0.0790521 0.3209033 0.3058430 0.1014738 0.1758868 0.1429640 0.0317926 0.1494656 0.1354324 0.0312909 0.0495590 0.0675211 0.4761877 0.4095638 0.1165571 0.0261624 0.1162014 0.0280598 0.0116121 0.0245723 0.0274601 0.1191538 0.4037763 0.0097948 0.0069148 0.0628781 0.0414876 0.0803446 0.0405213 0.0299286 0.0260179 0.0247291 0.0451926 0.0220865 0.0428209 0.0536229 0.0390527 0.0825852 0.0714841 0.1251648 0.0388552 0.0513496 0.0459314 0.0258685 0.1088301 0.0273525 0.0480689 0.0228729 0.0839555 0.1271249 0.0821078 0.0490379 0.0368645 0.4671486 0.0229931 0.4161877 
Perityle_congesta_202                      0.1991325 0.1238267 0.3725480 0.2760543 0.1180128 0.3837524 0.1611021 0.0894035 0.3427731 0.2256101 0.4901191 0.0939422 0.0198767 0.0341965 0.4432633 0.4775901 0.1204255 0.0863956 0.0214647 0.0745604 0.0439554 0.5301744 0.0286129 0.0000000 0.0953142 0.4996669 0.1336612 0.3394810 0.3027887 0.1146224 0.3024490 0.1879770 0.0501863 0.1503932 0.1913891 0.0522665 0.1587175 0.0803343 0.5012987 0.4026449 0.1537926 0.0064567 0.1969284 0.0282255 0.0191280 0.0069191 0.0084817 0.2847387 0.3941047 0.0381838 0.0353673 0.0932212 0.0778247 0.0812654 0.0535539 0.0426182 0.0076897 0.0059849 0.0452777 0.0222486 0.1195720 0.0633622 0.0972881 0.1351319 0.1104436 0.1955754 0.1250217 0.0621124 0.1125436 0.0897448 0.1540452 0.0162801 0.1014163 0.0099672 0.0547880 0.1461667 0.1244941 0.0538307 0.1011826 0.5128598 0.0059403 0.4178657 
Perityle_cordifolia_27                     0.2258371 0.1513878 0.4124884 0.2857559 0.1215074 0.4130471 0.1740694 0.1021989 0.3365085 0.2592240 0.5280385 0.0995549 0.1037081 0.0914087 0.4644197 0.5058898 0.1363974 0.0952246 0.0560015 0.0881574 0.1444792 0.5695671 0.0746189 0.0953142 0.0000000 0.5696586 0.1472742 0.3756553 0.3374650 0.1204422 0.3092706 0.1969141 0.0623269 0.1449374 0.2221680 0.0620247 0.1644026 0.0830200 0.4575939 0.4217141 0.1572808 0.0821835 0.1942538 0.0943183 0.0283967 0.0885988 0.0907347 0.2850601 0.4125480 0.0929128 0.0947858 0.0483128 0.0904996 0.0879317 0.0502379 0.0651017 0.0894545 0.0887818 0.0691900 0.0567819 0.1361719 0.0123671 0.0976967 0.1450224 0.0611689 0.1854896 0.1289331 0.0449667 0.1129964 0.0949523 0.1474995 0.1072414 0.1087470 0.1015181 0.1476149 0.1364822 0.1413609 0.0560882 0.1041270 0.5731846 0.0895194 0.4651382 
Perityle_cordifolia_68_tecolote            0.4981149 0.2973197 0.6394766 0.4254472 0.4504771 0.0409153 0.3955496 0.2528579 0.5721531 0.5331775 0.1453530 0.5081209 0.4664795 0.4608372 0.0769448 0.1953715 0.4381376 0.4363689 0.3986785 0.4701028 0.6115038 0.2061878 0.3997646 0.4996669 0.5696586 0.0000000 0.4400672 0.2730514 0.2205133 0.4731319 0.6475109 0.4521604 0.4542420 0.4381642 0.5441480 0.4682681 0.4061346 0.4339563 0.3179551 0.1193955 0.4892123 0.4088172 0.5156292 0.5142904 0.2293005 0.5307574 0.5469937 0.6499506 0.1108600 0.4894710 0.4539459 0.5213645 0.4396625 0.3860998 0.2608184 0.3585031 0.5382411 0.5247516 0.2517395 0.1694926 0.4607098 0.2717229 0.5348973 0.4832668 0.4995273 0.5282841 0.4553525 0.2633763 0.4981582 0.5148020 0.4805016 0.5139503 0.5314306 0.4660220 0.2235549 0.4956020 0.5435828 0.5084674 0.4597912 0.2864754 0.5106814 0.1551052 
Perityle_coronopifolia_28_patagonia        0.1872332 0.1318764 0.3606591 0.2617280 0.1189723 0.3772466 0.1767242 0.0940858 0.3277355 0.1969124 0.4493247 0.0869380 0.1162839 0.0920968 0.4352775 0.4217040 0.1013587 0.0688486 0.0595904 0.0845002 0.1604620 0.4820242 0.0790521 0.1336612 0.1472742 0.4400672 0.0000000 0.3397176 0.3217029 0.1088500 0.2454144 0.1704407 0.0687074 0.1406515 0.1916889 0.0751179 0.0813983 0.0870768 0.4630289 0.3949164 0.1136911 0.0783178 0.1250683 0.1209980 0.0262910 0.1186557 0.1590165 0.1878773 0.3894635 0.1565964 0.1327625 0.1181401 0.0927389 0.0764040 0.0649028 0.0752066 0.1301835 0.1513722 0.0578999 0.0344065 0.0763866 0.0605178 0.1373167 0.0036788 0.1303497 0.1542283 0.0645093 0.0552435 0.1132434 0.1149072 0.1187727 0.1640708 0.1363740 0.1187667 0.1121026 0.1367785 0.1109655 0.0614801 0.1033907 0.4794399 0.1550691 0.3982295 
Perityle_crassifolia_70_ventanas           0.3493738 0.2613479 0.4033629 0.3693718 0.3403872 0.1146190 0.3370752 0.2667842 0.4321988 0.3426129 0.2677044 0.3405523 0.3398485 0.3482380 0.2539536 0.2670674 0.2717381 0.3458851 0.2853267 0.3318328 0.3349216 0.3032622 0.3209033 0.3394810 0.3756553 0.2730514 0.3397176 0.0000000 0.0638249 0.3316674 0.3398211 0.3466383 0.3426603 0.3848737 0.3620544 0.3513419 0.2621674 0.3451592 0.3178944 0.2476089 0.3489584 0.3191134 0.3438330 0.3604182 0.2027497 0.3324461 0.3335427 0.3901065 0.2378086 0.3465192 0.3446333 0.3685235 0.3395809 0.3403635 0.2448345 0.3048945 0.3371003 0.3301361 0.2332407 0.2752700 0.3427578 0.3382803 0.3421390 0.3382581 0.3785651 0.3592503 0.2377628 0.3033065 0.3490450 0.3358880 0.3578540 0.3327418 0.3363014 0.3365663 0.3521261 0.3633727 0.3617265 0.3146992 0.3429224 0.1665788 0.3310741 0.2349747 
Perityle_crassifolia_74_playa_balandra     0.2799961 0.2562053 0.3329045 0.2775768 0.2933288 0.1256715 0.3239626 0.2690493 0.3662744 0.2721928 0.1834637 0.3085818 0.3060690 0.3205188 0.2201215 0.2067669 0.2230696 0.3121689 0.2968094 0.3002959 0.3121283 0.2106460 0.3058430 0.3027887 0.3374650 0.2205133 0.3217029 0.0638249 0.0000000 0.2963843 0.3127855 0.2688881 0.3174286 0.3148537 0.3359435 0.3253467 0.2274452 0.3043787 0.2210187 0.1983295 0.3252120 0.2884477 0.3096925 0.3305843 0.2275932 0.2957452 0.2931458 0.3730189 0.1913781 0.3165662 0.3132777 0.3204281 0.3177217 0.3094298 0.2475173 0.2827371 0.2996742 0.2973179 0.2230714 0.2853285 0.3037433 0.3450038 0.3088841 0.3236609 0.3262862 0.3214749 0.1860401 0.3028047 0.3172869 0.3075970 0.3146230 0.2988016 0.3156216 0.3076169 0.3437290 0.3280599 0.3258622 0.2839343 0.3192301 0.1556865 0.2953426 0.1874516 
Perityle_cuneata_34_cuneata_San_antonio    0.2124833 0.1338204 0.3591458 0.2806325 0.1278765 0.3674372 0.1620425 0.1038309 0.3393870 0.2118657 0.4875468 0.1077155 0.1153137 0.1193442 0.4521531 0.4690427 0.0961678 0.1078426 0.0852454 0.0986555 0.1271685 0.4861779 0.1014738 0.1146224 0.1204422 0.4731319 0.1088500 0.3316674 0.2963843 0.0000000 0.2619097 0.2114742 0.0982609 0.1618377 0.1649625 0.1010954 0.0841433 0.0982203 0.5011266 0.4004502 0.1177676 0.0987684 0.1431537 0.1163969 0.0506349 0.1090251 0.1133370 0.2438085 0.3964279 0.1139914 0.1191247 0.1161524 0.1075219 0.0910374 0.0952953 0.0921090 0.1136093 0.1132309 0.0601171 0.0650914 0.0897417 0.0998199 0.1036309 0.1087086 0.1254761 0.1527160 0.0638079 0.0823523 0.1132210 0.0936895 0.1181337 0.1157736 0.1126624 0.1185433 0.1131225 0.1385387 0.1176580 0.0824291 0.1020182 0.5158467 0.1091387 0.4421248 
Perityle_cuneata_4                         0.2858688 0.1497997 0.4484043 0.3431308 0.2248526 0.3941020 0.2328133 0.0950188 0.3314480 0.2938555 0.6009336 0.2632662 0.2553061 0.1992789 0.5610900 0.5879818 0.0671972 0.1787361 0.2562929 0.2586126 0.2952495 0.6472961 0.1758868 0.3024490 0.3092706 0.6475109 0.2454144 0.3398211 0.3127855 0.2619097 0.0000000 0.2530865 0.1860104 0.3064455 0.3729402 0.1788799 0.1060642 0.2484511 0.6185375 0.5304513 0.2772698 0.2416255 0.2168938 0.2817254 0.0540388 0.2827451 0.3020475 0.3107730 0.5389792 0.2984889 0.2742611 0.2892174 0.2384164 0.2191216 0.0995829 0.1361013 0.2928901 0.3031141 0.0523061 0.0668616 0.2197519 0.1378808 0.2873916 0.2665492 0.2963968 0.2402731 0.0560714 0.0712439 0.2932392 0.2757609 0.2492147 0.3085846 0.2907594 0.2518542 0.1159531 0.2637758 0.2859970 0.2231735 0.2591919 0.5802853 0.3012966 0.4728457 
Perityle_discoidea_81                      0.0134293 0.1214676 0.1547638 0.1914176 0.1892031 0.3543114 0.1425639 0.0553162 0.1908520 0.0084935 0.4648940 0.1909829 0.1884949 0.1921817 0.4698196 0.4380216 0.1372334 0.1594492 0.1260652 0.1806342 0.1897553 0.4782857 0.1429640 0.1879770 0.1969141 0.4521604 0.1704407 0.3466383 0.2688881 0.2114742 0.2530865 0.0000000 0.1856395 0.0801239 0.1646309 0.1823863 0.1175112 0.1701206 0.4832490 0.3654293 0.1767329 0.1706526 0.1728282 0.1898566 0.0385095 0.1834938 0.1889045 0.1742412 0.3590602 0.1968600 0.1809028 0.1995497 0.1930857 0.1526947 0.0774217 0.1194323 0.1851153 0.1813993 0.0295362 0.0426714 0.1607248 0.0675038 0.1863283 0.1657190 0.2110478 0.2146106 0.1187530 0.0580595 0.2013342 0.1860488 0.1788723 0.1892999 0.1963660 0.1854440 0.0656881 0.2133336 0.1943323 0.1706933 0.1890251 0.4304962 0.1834216 0.3872220 
Perityle_dissecta_201                      0.1891345 0.1199735 0.3143708 0.2779332 0.1068138 0.3832246 0.1473040 0.0987798 0.3183420 0.1698946 0.4740207 0.0084671 0.0531803 0.0486908 0.4658417 0.4663155 0.0794623 0.0742133 0.0142876 0.0059269 0.0462932 0.4734519 0.0317926 0.0501863 0.0623269 0.4542420 0.0687074 0.3426603 0.3174286 0.0982609 0.1860104 0.1856395 0.0000000 0.1734379 0.1444614 0.0048513 0.0500566 0.0643360 0.4806849 0.3910769 0.1001958 0.0415866 0.1038494 0.0469507 0.0070428 0.0469960 0.0494087 0.1360992 0.3873236 0.0523665 0.0435797 0.0671669 0.0129769 0.0737857 0.0180603 0.0271107 0.0494946 0.0485757 0.0483167 0.0261281 0.0572983 0.0385392 0.0131749 0.0703261 0.0755553 0.1282031 0.0451428 0.0191343 0.0285753 0.0047735 0.1052109 0.0492244 0.0239670 0.0440586 0.0983947 0.1209630 0.0859935 0.0278549 0.0128902 0.4867223 0.0468773 0.4388979 
Perityle_emoryi_47_punta_san_jose          0.0885744 0.1187761 0.2281916 0.1897956 0.1702087 0.3876669 0.1759682 0.0689440 0.2702604 0.0772823 0.4744703 0.1493604 0.1574903 0.1768520 0.4554360 0.4364621 0.1354244 0.1550059 0.1039432 0.1438590 0.1510512 0.4533412 0.1494656 0.1503932 0.1449374 0.4381642 0.1406515 0.3848737 0.3148537 0.1618377 0.3064455 0.0801239 0.1734379 0.0000000 0.1430732 0.1674485 0.1163773 0.1495974 0.4703729 0.3918920 0.1534194 0.1444677 0.1873137 0.1535464 0.0507299 0.1508950 0.1506311 0.2804762 0.3820558 0.1490032 0.1511443 0.1400439 0.1613009 0.1352622 0.0897882 0.1321990 0.1469445 0.1452839 0.0432259 0.0458400 0.1415783 0.0847008 0.1427205 0.1360221 0.1493344 0.1876167 0.1232804 0.0673040 0.1562516 0.1407510 0.1112590 0.1529580 0.1565494 0.1639951 0.0687697 0.1661457 0.1618320 0.1385261 0.1513581 0.4644104 0.1480253 0.4217191 
Perityle_feddemae_99                       0.1870859 0.1690589 0.3120165 0.2243980 0.1685230 0.4040798 0.1911548 0.1321639 0.2918591 0.2165605 0.4999402 0.1584667 0.1901984 0.1722964 0.4808205 0.4801411 0.1839451 0.1474539 0.0881091 0.1478527 0.2075425 0.5246351 0.1354324 0.1913891 0.2221680 0.5441480 0.1916889 0.3620544 0.3359435 0.1649625 0.3729402 0.1646309 0.1444614 0.1430732 0.0000000 0.1428207 0.1477075 0.1507967 0.5046050 0.4129646 0.0952500 0.1273661 0.1258385 0.1850724 0.0427582 0.1849877 0.1907581 0.2136219 0.4031735 0.1920709 0.2058879 0.1741097 0.1517446 0.1350430 0.0723422 0.1009800 0.1869863 0.1861730 0.0719457 0.0683592 0.1893525 0.0906333 0.1643012 0.1875040 0.1743442 0.2239741 0.1948481 0.0684638 0.1802119 0.1578034 0.1856343 0.2002833 0.1800510 0.2053688 0.1181778 0.1725260 0.1788804 0.1283767 0.1693364 0.5394780 0.1857631 0.4251295 
Perityle_fosteri_93                        0.1874241 0.1290055 0.3011987 0.2892821 0.1062327 0.3876675 0.1528101 0.1017842 0.3040433 0.1719546 0.4838250 0.0098243 0.0566895 0.0503973 0.4793751 0.4748825 0.0843131 0.0742567 0.0117516 0.0060175 0.0482883 0.5052818 0.0312909 0.0522665 0.0620247 0.4682681 0.0751179 0.3513419 0.3253467 0.1010954 0.1788799 0.1823863 0.0048513 0.1674485 0.1428207 0.0000000 0.0536807 0.0705721 0.5108421 0.4096013 0.1035544 0.0425197 0.1032586 0.0501822 0.0069975 0.0503312 0.0528430 0.1190271 0.4068352 0.0532273 0.0465486 0.0683285 0.0131747 0.0760272 0.0222277 0.0234436 0.0529366 0.0519628 0.0514158 0.0260583 0.0600299 0.0353936 0.0121500 0.0794867 0.0769465 0.1306548 0.0486451 0.0218960 0.0314891 0.0048362 0.1097712 0.0512998 0.0267798 0.0473618 0.0998830 0.1259553 0.0901269 0.0296859 0.0118708 0.4652536 0.0502599 0.4135925 
Perityle_gamon_221                         0.1540146 0.0476814 0.2228266 0.2143238 0.0910032 0.2548705 0.1069187 0.0813647 0.2041271 0.1810666 0.3648961 0.0849634 0.1197705 0.0938596 0.3394550 0.3517260 0.1028175 0.0397769 0.0170717 0.0785528 0.1666387 0.4459671 0.0495590 0.1587175 0.1644026 0.4061346 0.0813983 0.2621674 0.2274452 0.0841433 0.1060642 0.1175112 0.0500566 0.1163773 0.1477075 0.0536807 0.0000000 0.0735579 0.4112749 0.3123069 0.0450828 0.0619416 0.0431822 0.1427659 0.0107311 0.1409395 0.1649443 0.0451787 0.3005280 0.1738847 0.1656563 0.1303552 0.0735235 0.0684486 0.0356548 0.0418376 0.1518724 0.1629115 0.0377069 0.0258350 0.0790747 0.0199558 0.1310056 0.0832753 0.1479936 0.1292792 0.0529585 0.0278559 0.1298100 0.1125838 0.1002009 0.1667311 0.1249996 0.1279004 0.0846881 0.1118794 0.1176987 0.0491231 0.1122558 0.2763167 0.1634986 0.2671030 
Perityle_gentryi_8_san_francisco           0.1765410 0.1444688 0.3394788 0.2760805 0.1167468 0.3573291 0.1728212 0.0975028 0.3375567 0.1676745 0.4579775 0.0697008 0.0830782 0.0760036 0.4390384 0.4267258 0.1028527 0.0804987 0.0496153 0.0682424 0.0699646 0.4749479 0.0675211 0.0803343 0.0830200 0.4339563 0.0870768 0.3451592 0.3043787 0.0982203 0.2484511 0.1701206 0.0643360 0.1495974 0.1507967 0.0705721 0.0735579 0.0000000 0.4726170 0.3908047 0.0981178 0.0703072 0.1207080 0.0793182 0.0285491 0.0762623 0.0773871 0.1986590 0.3854571 0.0727255 0.0744076 0.0881498 0.0743094 0.0760161 0.0578572 0.0624472 0.0786204 0.0734882 0.0462647 0.0266242 0.0644538 0.0739699 0.0711093 0.0933004 0.0976631 0.1456694 0.0732113 0.0596285 0.0801080 0.0578878 0.1106616 0.0796440 0.0840404 0.0800151 0.0899840 0.1276469 0.0912818 0.0613158 0.0715237 0.4585948 0.0763172 0.4157453 
Perityle_gilensis_22_Superstition          0.4880785 0.3402324 0.5832417 0.4338428 0.4930711 0.0505568 0.4470204 0.3299842 0.6003974 0.4639442 0.2962771 0.5092831 0.4933602 0.5073879 0.1650195 0.3027900 0.4588835 0.4922761 0.4269900 0.4772094 0.6180677 0.1128322 0.4761877 0.5012987 0.4575939 0.3179551 0.4630289 0.3178944 0.2210187 0.5011266 0.6185375 0.4832490 0.4806849 0.4703729 0.5046050 0.5108421 0.4112749 0.4726170 0.0000000 0.0000010 0.4693907 0.4582639 0.4910239 0.5072190 0.2976397 0.4454875 0.4379914 0.6112626 0.0162199 0.4875632 0.4717843 0.5160202 0.4699995 0.4527673 0.3216639 0.4390160 0.4183646 0.4123784 0.2842530 0.2447149 0.4626704 0.3648954 0.4325062 0.4906125 0.5161097 0.4994408 0.4430070 0.3072952 0.5036773 0.4088670 0.5064024 0.5155114 0.5138648 0.4832925 0.3774535 0.5123360 0.4888108 0.4429408 0.4779486 0.3394294 0.4583665 0.1704960 
Perityle_gilensis_salensis_225             0.3715363 0.3159542 0.4841313 0.3665008 0.3851338 0.0501244 0.4089050 0.3087310 0.5145464 0.3510365 0.1424689 0.4131890 0.3953601 0.4068623 0.1191732 0.1035109 0.3274388 0.4057744 0.3929315 0.3903491 0.3982221 0.0022453 0.4095638 0.4026449 0.4217141 0.1193955 0.3949164 0.2476089 0.1983295 0.4004502 0.5304513 0.3654293 0.3910769 0.3918920 0.4129646 0.4096013 0.3123069 0.3908047 0.0000010 0.0000000 0.4027398 0.3901808 0.3955977 0.4081655 0.2844175 0.3956134 0.3967133 0.5243882 0.0045343 0.4045373 0.3752402 0.4084706 0.3878195 0.3977910 0.2969875 0.3783261 0.3917740 0.3879254 0.2630972 0.2458400 0.3652016 0.3591660 0.4097162 0.4081401 0.4071355 0.4112193 0.2987973 0.2973802 0.4153181 0.3896397 0.4244027 0.3977175 0.4093896 0.3895828 0.3774535 0.4261683 0.4133933 0.3703607 0.3953661 0.1196011 0.3938051 0.0940749 
Perityle_glaucescens_94                    0.1997912 0.1712651 0.3942711 0.2775699 0.1281667 0.3898869 0.1827267 0.1224653 0.3427336 0.2096241 0.4630513 0.1143724 0.1376423 0.1300238 0.4633033 0.4454625 0.1055809 0.0928564 0.0812500 0.1046256 0.1576136 0.4871382 0.1165571 0.1537926 0.1572808 0.4892123 0.1136911 0.3489584 0.3252120 0.1177676 0.2772698 0.1767329 0.1001958 0.1534194 0.0952500 0.1035544 0.0450828 0.0981178 0.4693907 0.4027398 0.0000000 0.0972801 0.0140519 0.1495735 0.0382007 0.1374887 0.1566695 0.1021809 0.3931207 0.1641872 0.1720417 0.1305598 0.1113875 0.1094909 0.0685647 0.0831785 0.1464122 0.1541094 0.0611373 0.0613548 0.0962436 0.0816520 0.1337458 0.1101099 0.1459936 0.1623170 0.0586446 0.0627917 0.1422597 0.1200761 0.1439959 0.1574620 0.1341946 0.1498198 0.1103240 0.1349170 0.1284291 0.0862493 0.1310164 0.5075548 0.1554331 0.4099881 
Perityle_gracilis_11                       0.1745385 0.1227304 0.3218944 0.2632546 0.1110393 0.3495470 0.1622011 0.0856435 0.3374706 0.1575311 0.4364816 0.0459087 0.0137458 0.0290954 0.4234773 0.4139896 0.0888512 0.0873101 0.0173854 0.0334714 0.0186447 0.4503576 0.0261624 0.0064567 0.0821835 0.4088172 0.0783178 0.3191134 0.2884477 0.0987684 0.2416255 0.1706526 0.0415866 0.1444677 0.1273661 0.0425197 0.0619416 0.0703072 0.4582639 0.3901808 0.0972801 0.0000000 0.1243597 0.0239756 0.0168873 0.0000010 0.0021565 0.2186532 0.3823942 0.0331022 0.0294363 0.0722402 0.0467124 0.0770400 0.0542267 0.0399348 0.0032426 0.0021747 0.0463225 0.0227668 0.0630745 0.0620477 0.0442619 0.0847030 0.0809663 0.1319040 0.0493822 0.0638855 0.0503085 0.0363438 0.1093901 0.0054072 0.0542174 0.0046784 0.0563080 0.1233900 0.0722761 0.0526803 0.0440977 0.4447101 0.0010793 0.4059800 
Perityle_harkerae_31                       0.2033600 0.1688694 0.3406252 0.2956149 0.1422813 0.3899163 0.1706287 0.1161513 0.2859372 0.2243088 0.4839214 0.1336232 0.1673954 0.1397258 0.4836357 0.4617580 0.1082897 0.0942398 0.0952831 0.1300258 0.2008360 0.5226362 0.1162014 0.1969284 0.1942538 0.5156292 0.1250683 0.3438330 0.3096925 0.1431537 0.2168938 0.1728282 0.1038494 0.1873137 0.1258385 0.1032586 0.0431822 0.1207080 0.4910239 0.3955977 0.0140519 0.1243597 0.0000000 0.1911617 0.0335739 0.1790036 0.2007852 0.0192213 0.3860909 0.2036725 0.1945166 0.1618345 0.1288519 0.1212376 0.0660530 0.0846368 0.1917610 0.1977718 0.0613702 0.0617865 0.1060820 0.0758859 0.1663419 0.1221554 0.1804692 0.1745470 0.0617742 0.0564019 0.1726966 0.1488032 0.1590390 0.2002608 0.1646174 0.1769704 0.1051107 0.1626033 0.1651061 0.1055904 0.1517847 0.4672618 0.1988424 0.4008226 
Perityle_huecosensis_48                    0.2007594 0.1373781 0.3724332 0.2722454 0.1216593 0.4107837 0.1722149 0.0805186 0.3309505 0.2183667 0.5120310 0.0802951 0.0295184 0.0335752 0.4609431 0.4953536 0.1165022 0.0848865 0.0186860 0.0680443 0.0486994 0.5398823 0.0280598 0.0282255 0.0943183 0.5142904 0.1209980 0.3604182 0.3305843 0.1163969 0.2817254 0.1898566 0.0469507 0.1535464 0.1850724 0.0501822 0.1427659 0.0793182 0.5072190 0.4081655 0.1495735 0.0239756 0.1911617 0.0000000 0.0186709 0.0228897 0.0245784 0.2776244 0.3996335 0.0367008 0.0328273 0.0923896 0.0729384 0.0773968 0.0498617 0.0350685 0.0228479 0.0212024 0.0336688 0.0146648 0.1070044 0.0589064 0.0801255 0.1201976 0.1049161 0.1877743 0.1189893 0.0546918 0.0968160 0.0762543 0.1476166 0.0386403 0.0911188 0.0235224 0.0550327 0.1411941 0.1180008 0.0452609 0.0912962 0.5676751 0.0210489 0.4614963 
Perityle_incana_3_ucla                     0.0403640 0.0383293 0.0698251 0.1467149 0.0397345 0.2821473 0.0740991 0.0609112 0.1257611 0.0306170 0.3040764 0.0095738 0.0168043 0.0163210 0.3100216 0.2921335 0.0288871 0.0139990 0.0023961 0.0069873 0.0094081 0.2893832 0.0116121 0.0191280 0.0283967 0.2293005 0.0262910 0.2027497 0.2275932 0.0506349 0.0540388 0.0385095 0.0070428 0.0507299 0.0427582 0.0069975 0.0107311 0.0285491 0.2976397 0.2844175 0.0382007 0.0168873 0.0335739 0.0186709 0.0000000 0.0167680 0.0191499 0.0334640 0.2736753 0.0235283 0.0139778 0.0141627 0.0092989 0.0382717 0.0197583 0.0096037 0.0167851 0.0169631 0.0300485 0.0156158 0.0121419 0.0059516 0.0140663 0.0261824 0.0211896 0.0533466 0.0163239 0.0203991 0.0234187 0.0070239 0.0504579 0.0169132 0.0211019 0.0167391 0.0567452 0.0533225 0.0379173 0.0116590 0.0139018 0.3201404 0.0166939 0.2722399 
Perityle_intricata_59_Clark_mtns           0.1953184 0.1251073 0.3738622 0.2703500 0.1140514 0.3782757 0.1609112 0.0903851 0.3387772 0.2198251 0.5074651 0.0883777 0.0140126 0.0284444 0.4393239 0.4868490 0.1198250 0.0846252 0.0166296 0.0707953 0.0769959 0.5397437 0.0245723 0.0069191 0.0885988 0.5307574 0.1186557 0.3324461 0.2957452 0.1090251 0.2827451 0.1834938 0.0469960 0.1508950 0.1849877 0.0503312 0.1409395 0.0762623 0.4454875 0.3956134 0.1374887 0.0000010 0.1790036 0.0228897 0.0167680 0.0000000 0.0056274 0.2687836 0.3872093 0.0369589 0.0313484 0.0896181 0.0752491 0.0767520 0.0538512 0.0396543 0.0040198 0.0040391 0.0457812 0.0224960 0.1059784 0.0642688 0.0815899 0.1211640 0.1027431 0.1894432 0.1204205 0.0630224 0.0990866 0.0763363 0.1414407 0.0167641 0.0951890 0.0030052 0.0550191 0.1391911 0.1151154 0.0510395 0.0960942 0.5283545 0.0032844 0.4277692 
