82
Amauria_brandeegeana_62                    0.0000000 0.0506382 0.2692163 0.5203544 0.0921669 0.0372714 0.5053226 0.1191349 0.2613127 0.1648014 0.2333294 0.1008239 0.0930301 0.1010089 0.2116825 0.1088457 0.0958642 0.1912865 0.1114853 0.1138468 0.1063109 0.1055176 0.0563159 0.1045827 0.0873086 0.0791600 0.1014185 0.1809508 0.1663932 0.1571363 0.1155235 0.1170877 0.1035025 0.1398336 0.1042667 0.0674754 0.0929205 0.1018375 0.1057857 0.1765325 0.1012583 0.1015051 0.1879003 0.1032932 0.1176292 0.1070705 0.1007994 0.0597893 0.1073979 0.1065710 0.1201812 0.1014541 0.1053941 0.0920380 0.1023525 0.1089256 0.0806115 0.0732209 0.1070246 0.1038909 0.1642911 0.1558119 0.1014162 0.0940716 0.1756866 0.0855926 0.1527177 0.0881055 0.1083783 0.1053730 0.1570938 0.1113560 0.0999962 0.0912521 0.0998644 0.1486827 0.1980176 0.1081863 0.1011242 0.0949636 0.1059338 0.1039624 
Amauria_carterae_99_mesa                   0.0506382 0.0000000 0.0555512 0.3641835 0.0374967 0.0432495 0.3773186 0.1085561 0.1617830 0.0537543 0.1390455 0.0768280 0.0856450 0.0719201 0.0844659 0.0865512 0.0677984 0.0785489 0.0909722 0.0852122 0.0818314 0.0856354 0.0619642 0.0854897 0.0721704 0.0674727 0.0896585 0.0813605 0.0571128 0.0859130 0.1085630 0.0727339 0.0684377 0.0537496 0.0830695 0.0492784 0.0680058 0.0717679 0.0797831 0.0930673 0.0752395 0.0814425 0.0790203 0.0859357 0.0762048 0.0866279 0.0755123 0.0420025 0.0835076 0.0854887 0.0727761 0.0758120 0.0768961 0.0706384 0.0766229 0.0875504 0.0751564 0.0787983 0.0858574 0.0838003 0.0554906 0.0533927 0.0900254 0.0725865 0.0633478 0.0706485 0.0537679 0.0867386 0.0854636 0.0872187 0.0859130 0.0883488 0.0811322 0.0729954 0.0859563 0.0493999 0.0637442 0.0814455 0.0783826 0.0609841 0.0859202 0.0673851 
Amauria_rotundifolia_SRR9119150            0.2692163 0.0555512 0.0000000 0.6665814 0.2774122 0.1177791 0.5712779 0.1713613 0.2931055 0.2765504 0.1965311 0.3278067 0.2252739 0.2746991 0.2431769 0.3304255 0.3390038 0.2929500 0.1714936 0.2975205 0.3037102 0.3119608 0.0877352 0.3235316 0.2963519 0.1049685 0.3249266 0.3569979 0.2959667 0.3189258 0.1433446 0.1925274 0.3114255 0.2020953 0.3210842 0.1981550 0.1693690 0.3102501 0.2809003 0.3222992 0.3022137 0.3054156 0.2548666 0.2941668 0.2833832 0.3268442 0.2633188 0.2383744 0.3201733 0.3106309 0.2979493 0.2846695 0.3195349 0.2974737 0.3282136 0.2382731 0.1284024 0.1640049 0.3273642 0.3257771 0.2877255 0.2907507 0.1091809 0.3106412 0.2805887 0.1831003 0.2877934 0.1828354 0.3140350 0.3249189 0.3454622 0.3337037 0.2349848 0.2776573 0.2101720 0.2582515 0.3158251 0.3283187 0.3084253 0.1151628 0.3184829 0.3955336 
Conoclinium_coelestinum_SRR9119114         0.5203544 0.3641835 0.6665814 0.0000000 0.5747071 0.3758473 0.1649678 0.3630968 0.5135117 0.4586491 0.6539603 0.5578113 0.4918497 0.5544646 0.5138525 0.5747030 0.5856596 0.5837348 0.4726122 0.5500614 0.5715470 0.5634214 0.2663226 0.5693072 0.4581581 0.2803141 0.5807608 0.6454839 0.4682994 0.5820158 0.2568319 0.5002153 0.5579948 0.3800310 0.5779848 0.4399852 0.4603984 0.5609921 0.5694275 0.6020105 0.5602290 0.5541018 0.4981709 0.5424129 0.5384861 0.5920292 0.4905734 0.4442721 0.5629992 0.5589547 0.5524635 0.5483112 0.5684568 0.5636363 0.5493415 0.4886146 0.3311683 0.4042666 0.5787477 0.5722473 0.4519079 0.4689557 0.2970151 0.5409099 0.4757933 0.4483371 0.4449518 0.3019642 0.5743843 0.5682922 0.5792157 0.5791895 0.4862668 0.5539226 0.3370061 0.4397627 0.4744735 0.5737622 0.5434006 0.3502511 0.5625837 0.4843576 
Eutetras_palmeri_63                        0.0921669 0.0374967 0.2774122 0.5747071 0.0000000 0.0478604 0.5146513 0.1153535 0.2798090 0.1778668 0.2794726 0.0838037 0.0840556 0.0855348 0.2062326 0.0880334 0.1129807 0.2219016 0.0748569 0.0990648 0.0881369 0.0834009 0.0663912 0.0955639 0.0637083 0.0630388 0.0986653 0.1928858 0.1635036 0.2050366 0.0955423 0.1097399 0.1195006 0.1146588 0.0951595 0.0679645 0.0570309 0.0778722 0.0771954 0.1955748 0.0880445 0.0839171 0.1689012 0.0808570 0.0738654 0.0904496 0.0731340 0.0366448 0.0978664 0.0824495 0.0867734 0.0806718 0.0977661 0.0785809 0.0933965 0.0859570 0.0638748 0.0626729 0.0942916 0.0914643 0.1554929 0.1540887 0.0831909 0.0848051 0.1685660 0.0675497 0.1520027 0.0775068 0.1028205 0.0963426 0.2097715 0.1006700 0.0855439 0.0734954 0.0760610 0.1608664 0.1631441 0.1005334 0.0747469 0.0531467 0.0825739 0.0787642 
Eutetras_pringlei_149_quer                 0.0372714 0.0432495 0.1177791 0.3758473 0.0478604 0.0000000 0.3607225 0.1019185 0.1198822 0.0913214 0.0803164 0.1096554 0.0819193 0.1033435 0.1021023 0.1106542 0.1003382 0.1197850 0.0626062 0.1168996 0.1028882 0.1252338 0.0826258 0.1137588 0.1161322 0.0757144 0.1133049 0.1146036 0.0873801 0.1110075 0.0909044 0.0667453 0.1081795 0.0411856 0.1348037 0.0464952 0.0584936 0.1035761 0.0791376 0.0881292 0.1058463 0.1067548 0.0844570 0.1256119 0.0873564 0.0787759 0.0705661 0.0683724 0.1144069 0.1252338 0.0775347 0.1002793 0.1098682 0.1036397 0.0964314 0.0855851 0.0744668 0.0629500 0.1252338 0.1225462 0.0802146 0.0769236 0.0907123 0.1018879 0.0873270 0.0638123 0.1067169 0.0939200 0.1095438 0.1168333 0.1110075 0.1139778 0.0779129 0.1056500 0.0849364 0.1004480 0.0763996 0.1102219 0.1110584 0.0576987 0.1257918 0.1187404 
Eutrochium_fistulosum_SRR9119106           0.5053226 0.3773186 0.5712779 0.1649678 0.5146513 0.3607225 0.0000000 0.4197002 0.5343311 0.3866478 0.5827870 0.4869336 0.4951752 0.4657803 0.4799645 0.5103532 0.4864328 0.5284656 0.4971047 0.5041856 0.4961914 0.5015072 0.2771959 0.4952232 0.3839295 0.3044481 0.5093896 0.5376096 0.5125385 0.4843787 0.2823449 0.5010735 0.4798084 0.3690947 0.5070156 0.4485259 0.4747346 0.4911170 0.5051635 0.5324280 0.4945000 0.4901744 0.5143067 0.5002510 0.4811283 0.5153201 0.4921374 0.3881388 0.4975667 0.4998233 0.4864136 0.4932488 0.5018627 0.4954063 0.4835498 0.4887598 0.3704693 0.4251577 0.4978860 0.4976972 0.4947949 0.5031231 0.2976529 0.4794616 0.5205689 0.4573577 0.4816220 0.3469230 0.5063046 0.4955127 0.4834516 0.5038330 0.4893420 0.4882347 0.3834504 0.4805169 0.5413617 0.5064842 0.4901591 0.3789437 0.5021837 0.3748504 
Galeana_pratensis_104_mex                  0.1191349 0.1085561 0.1713613 0.3630968 0.1153535 0.1019185 0.4197002 0.0000000 0.2070008 0.1135792 0.2222313 0.1032937 0.1096707 0.1035154 0.1197135 0.1155090 0.0961381 0.1426694 0.1645647 0.1146097 0.1079315 0.1095081 0.1039085 0.1097092 0.1045242 0.0985390 0.1139361 0.1050903 0.1230802 0.1304116 0.1497523 0.1403107 0.1212831 0.1058709 0.1075905 0.0808866 0.1339488 0.0948462 0.1335831 0.1372183 0.1078497 0.1056463 0.1692379 0.1078408 0.1454993 0.1341818 0.0987362 0.1138754 0.1121268 0.1095081 0.1406935 0.0993983 0.1048006 0.0937196 0.1060772 0.1141083 0.1012998 0.0984665 0.1100174 0.1079347 0.1289112 0.1192163 0.1245082 0.1009974 0.1259392 0.0916940 0.1153919 0.1137956 0.1122714 0.1114816 0.1304116 0.1158253 0.1096436 0.1013063 0.1084049 0.1073250 0.1313822 0.1099455 0.1045489 0.1399861 0.1101050 0.0865861 
Helianthus_annuus_SRR9119062               0.2613127 0.1617830 0.2931055 0.5135117 0.2798090 0.1198822 0.5343311 0.2070008 0.0000000 0.2802144 0.3389089 0.2751524 0.2689490 0.2698754 0.2979595 0.2933519 0.2969672 0.2861382 0.2198679 0.2851999 0.2717086 0.2782284 0.0981216 0.2869356 0.2942706 0.1981543 0.2857156 0.3328581 0.2971259 0.3033126 0.2438930 0.1978784 0.2975232 0.2566651 0.2916839 0.2044216 0.2251091 0.2647272 0.2678198 0.2922056 0.2783304 0.2792332 0.2348994 0.2670661 0.2656522 0.2843588 0.2555810 0.2303053 0.2870612 0.2715035 0.2729644 0.2672346 0.2878947 0.2778253 0.2817726 0.2583453 0.1923346 0.1876074 0.2899461 0.2879128 0.2949954 0.2833326 0.2006007 0.2684832 0.2968382 0.1902968 0.2753652 0.2301111 0.2770392 0.2871682 0.3052770 0.2983377 0.2615130 0.2515449 0.2736733 0.2741709 0.3062245 0.2926691 0.2654997 0.2213693 0.2737162 0.4189351 
Lycapsus_tenuifolius_17                    0.1648014 0.0537543 0.2765504 0.4586491 0.1778668 0.0913214 0.3866478 0.1135792 0.2802144 0.0000000 0.3564650 0.1396684 0.0966147 0.1458655 0.1593158 0.1607698 0.1503728 0.2256018 0.1291390 0.1576494 0.1560660 0.1633907 0.0358903 0.1590520 0.1511051 0.0252948 0.1733880 0.1672698 0.1987292 0.0016602 0.0082136 0.1272104 0.1934523 0.0000010 0.1541048 0.0316299 0.1066810 0.1533996 0.2005140 0.1757564 0.1599563 0.1574232 0.2108214 0.1636603 0.2054742 0.1966377 0.1148946 0.1483861 0.1626946 0.1648777 0.2090216 0.1503501 0.1565448 0.1503717 0.1376131 0.1060359 0.0347518 0.0615734 0.1595987 0.1635165 0.1922583 0.1856129 0.0434716 0.1369217 0.2040885 0.0392795 0.1889013 0.0578436 0.1641504 0.1601599 0.0016602 0.1587291 0.1175560 0.1479275 0.0760213 0.1844481 0.2194396 0.1614785 0.1554009 0.0800492 0.1636970 0.1683084 
Pericome_caudata_50_silver                 0.2333294 0.1390455 0.1965311 0.6539603 0.2794726 0.0803164 0.5827870 0.2222313 0.3389089 0.3564650 0.0000000 0.2852850 0.2113209 0.2575958 0.3244559 0.2893051 0.3207977 0.3120751 0.2262922 0.2998369 0.2697790 0.2553206 0.0660131 0.2917816 0.3539797 0.1842027 0.2962951 0.3905468 0.2723677 0.3231845 0.2359944 0.1670114 0.3130377 0.2851723 0.2841081 0.1518055 0.1587535 0.2513989 0.2584257 0.3019210 0.2629153 0.2572077 0.2113804 0.2559772 0.2388096 0.3205341 0.2071257 0.3011062 0.3006379 0.2499453 0.2868067 0.2606772 0.2928855 0.2893431 0.2971673 0.2306932 0.1974477 0.2053135 0.3089676 0.2927415 0.2906263 0.2889787 0.1643422 0.2794134 0.3132607 0.1545679 0.2709257 0.2541573 0.3131940 0.2913273 0.3082957 0.2935849 0.2452229 0.2685778 0.2703817 0.3095623 0.3278616 0.2923457 0.2555382 0.1984895 0.2609080 0.5043061 
Perityle_aglossa_84_dead_horse             0.1008239 0.0768280 0.3278067 0.5578113 0.0838037 0.1096554 0.4869336 0.1032937 0.2751524 0.1396684 0.2852850 0.0000000 0.0189023 0.0199181 0.1393435 0.0375934 0.0524744 0.2078565 0.1012667 0.0262504 0.0223532 0.0263654 0.0068148 0.0245017 0.0060123 0.0000010 0.0401557 0.1729267 0.2068561 0.1531290 0.0524720 0.1162539 0.0825750 0.0840116 0.0193814 0.0272764 0.0895343 0.0224584 0.1034935 0.1384018 0.0215418 0.0234118 0.1847427 0.0240131 0.1024363 0.1556013 0.0192722 0.0571983 0.0300196 0.0267474 0.1194805 0.0226091 0.0234135 0.0137235 0.0332619 0.0130831 0.0165275 0.0122169 0.0289883 0.0253361 0.2032119 0.2063510 0.0232978 0.0088600 0.2165027 0.0192491 0.1932170 0.0136403 0.0323473 0.0252910 0.1488052 0.0278597 0.0224471 0.0157500 0.0044531 0.1883714 0.2708428 0.0233255 0.0193767 0.0965069 0.0243012 0.0245478 
Perityle_ajoensis_204                      0.0930301 0.0856450 0.2252739 0.4918497 0.0840556 0.0819193 0.4951752 0.1096707 0.2689490 0.0966147 0.2113209 0.0189023 0.0000000 0.0200742 0.0898918 0.0403651 0.0202604 0.1635890 0.1140638 0.0353991 0.0235713 0.0322418 0.0268473 0.0271483 0.0144754 0.0118420 0.0290598 0.0663324 0.1457745 0.0890850 0.0674922 0.1182605 0.0590506 0.0868436 0.0253187 0.0160236 0.0909968 0.0250722 0.0975912 0.1064239 0.0261685 0.0247989 0.1706083 0.0297535 0.0970062 0.1005634 0.0214979 0.0592033 0.0264001 0.0309081 0.1027662 0.0224504 0.0109907 0.0063815 0.0323578 0.0257066 0.0264335 0.0222857 0.0323077 0.0311498 0.1332772 0.1368420 0.0327945 0.0152085 0.1444733 0.0163228 0.1297615 0.0311829 0.0335629 0.0283218 0.0905465 0.0073886 0.0277492 0.0181761 0.0042970 0.1226427 0.1534881 0.0185352 0.0226368 0.1106037 0.0323046 0.0135591 
Perityle_ambrosiifolia_67_green            0.1010089 0.0719201 0.2746991 0.5544646 0.0855348 0.1033435 0.4657803 0.1035154 0.2698754 0.1458655 0.2575958 0.0199181 0.0200742 0.0000000 0.1556047 0.0309093 0.0489652 0.2147109 0.1093409 0.0215502 0.0211800 0.0153411 0.0066913 0.0163724 0.0015989 0.0000010 0.0326851 0.1535571 0.2142291 0.1569390 0.0582192 0.1032848 0.0843715 0.0888546 0.0156481 0.0172014 0.0836278 0.0122948 0.1032917 0.1225931 0.0108724 0.0153026 0.1711512 0.0130091 0.1031374 0.1105096 0.0057882 0.0552344 0.0184136 0.0155910 0.1316709 0.0112146 0.0229725 0.0132366 0.0273429 0.0163133 0.0176800 0.0113551 0.0210644 0.0163358 0.2108489 0.2045478 0.0230098 0.0069114 0.2256314 0.0133148 0.1905316 0.0126290 0.0238740 0.0172509 0.1551772 0.0289564 0.0144580 0.0070295 0.0123395 0.1995835 0.2389556 0.0221194 0.0092302 0.0890699 0.0141643 0.0317333 
Perityle_angustifolia_13_Eagle_creek       0.2116825 0.0844659 0.2431769 0.5138525 0.2062326 0.1021023 0.4799645 0.1197135 0.2979595 0.1593158 0.3244559 0.1393435 0.0898918 0.1556047 0.0000000 0.1689765 0.1499333 0.1869668 0.1205926 0.1517756 0.1567745 0.1698097 0.0235168 0.1530254 0.1664131 0.0143242 0.1721219 0.1742851 0.2227385 0.1723224 0.0678943 0.1140371 0.2000148 0.1112367 0.1552621 0.0200966 0.1039271 0.1535271 0.2228490 0.1134602 0.1558774 0.1516964 0.2188167 0.1606812 0.2285964 0.2287945 0.1204458 0.1617517 0.1632766 0.1695316 0.2284424 0.1512029 0.1527506 0.1432000 0.1434168 0.1125347 0.0286313 0.0320356 0.1691181 0.1694487 0.2208438 0.2193494 0.0329878 0.1390272 0.2276616 0.0250547 0.2126246 0.0405743 0.1711601 0.1556546 0.1728301 0.1582444 0.1371399 0.1502343 0.0330311 0.2167945 0.2372790 0.1494736 0.1554387 0.1088415 0.1670087 0.2417434 
Perityle_batopilensis_97                   0.1088457 0.0865512 0.3304255 0.5747030 0.0880334 0.1106542 0.5103532 0.1155090 0.2933519 0.1607698 0.2893051 0.0375934 0.0403651 0.0309093 0.1689765 0.0000000 0.0622714 0.2241751 0.1081054 0.0401443 0.0407738 0.0395206 0.0236750 0.0371070 0.0224831 0.0193074 0.0451398 0.1590435 0.2025709 0.1670374 0.0599087 0.1241078 0.0892809 0.0980706 0.0359244 0.0288665 0.0932254 0.0377439 0.1131042 0.1139837 0.0352719 0.0372069 0.1888879 0.0375922 0.1104908 0.1353755 0.0314308 0.0690665 0.0458728 0.0401267 0.1252282 0.0363507 0.0404974 0.0294336 0.0389831 0.0417390 0.0245914 0.0224828 0.0403028 0.0388623 0.2004773 0.2007952 0.0227606 0.0237224 0.2138230 0.0244308 0.1907299 0.0316094 0.0481312 0.0378557 0.1636745 0.0465420 0.0448969 0.0337258 0.0243463 0.1936811 0.2486213 0.0416611 0.0319872 0.1120101 0.0371935 0.0473426 
Perityle_bisetosa_9                        0.0958642 0.0677984 0.3390038 0.5856596 0.1129807 0.1003382 0.4864328 0.0961381 0.2969672 0.1503728 0.3207977 0.0524744 0.0202604 0.0489652 0.1499333 0.0622714 0.0000000 0.2510788 0.1010603 0.1113319 0.0296635 0.0274833 0.0033574 0.1431573 0.0015045 0.0024175 0.1095956 0.2564358 0.2802154 0.1651967 0.0578318 0.1003539 0.1365798 0.0904880 0.0849598 0.0223720 0.0905326 0.0214992 0.0986130 0.1433681 0.0533431 0.0274696 0.1767716 0.0124695 0.1053811 0.2657910 0.0124639 0.0668738 0.0712723 0.0206087 0.2050616 0.0107285 0.0915017 0.0375755 0.0848868 0.0143204 0.0186254 0.0139819 0.0624428 0.0891719 0.2936739 0.2133180 0.0232034 0.1347714 0.2542696 0.0137271 0.1962968 0.0113164 0.0915076 0.1288959 0.1627492 0.0969763 0.0187153 0.0067184 0.0133733 0.2200562 0.3730584 0.1108311 0.0262838 0.0884240 0.0318776 0.0525962 
Perityle_californica_76_positas            0.1912865 0.0785489 0.2929500 0.5837348 0.2219016 0.1197850 0.5284656 0.1426694 0.2861382 0.2256018 0.3120751 0.2078565 0.1635890 0.2147109 0.1869668 0.2241751 0.2510788 0.0000000 0.1512587 0.2459827 0.2010061 0.1976124 0.0849187 0.2311362 0.2336735 0.0881265 0.2439895 0.2544707 0.2169261 0.2252498 0.1266049 0.0642833 0.2431221 0.1836971 0.2350347 0.1042239 0.1241601 0.1940645 0.2059313 0.2173473 0.2141017 0.1977319 0.2114063 0.1909096 0.2088892 0.2574508 0.1482358 0.1253734 0.2366313 0.1915298 0.2402497 0.1868236 0.2356853 0.2092344 0.2316436 0.1776208 0.0962863 0.1191879 0.2293392 0.2286568 0.2159644 0.2038546 0.1111107 0.2217239 0.2213550 0.0976054 0.1966731 0.1277697 0.2374774 0.2351153 0.2252498 0.2527288 0.1660794 0.1766904 0.1502646 0.1919335 0.2256452 0.2333564 0.1933270 0.1031802 0.2031895 0.3225211 
Perityle_canescens_77                      0.1114853 0.0909722 0.1714936 0.4726122 0.0748569 0.0626062 0.4971047 0.1645647 0.2198679 0.1291390 0.2262922 0.1012667 0.1140638 0.1093409 0.1205926 0.1081054 0.1010603 0.1512587 0.0000000 0.1175252 0.1147774 0.1090270 0.1000055 0.1070382 0.1075034 0.1127565 0.1155890 0.1069947 0.0807438 0.1378955 0.1370482 0.1329222 0.1082567 0.1183743 0.1132852 0.0849322 0.0367643 0.1035016 0.0821149 0.1574301 0.1116228 0.1042239 0.0718062 0.1074404 0.0383380 0.0872907 0.1045658 0.0595315 0.1130939 0.1070023 0.0358669 0.1027790 0.1103001 0.1032419 0.1068534 0.1102912 0.1063677 0.0983439 0.1058217 0.1043689 0.0806897 0.0778005 0.1128414 0.0979028 0.0829717 0.0939335 0.0925064 0.1247624 0.1141671 0.1083371 0.1378955 0.1168352 0.1112399 0.1063639 0.1156108 0.0836009 0.0800813 0.1142936 0.1091090 0.1017294 0.1059063 0.0935736 
Perityle_castillonii_96                    0.1138468 0.0852122 0.2975205 0.5500614 0.0990648 0.1168996 0.5041856 0.1146097 0.2851999 0.1576494 0.2998369 0.0262504 0.0353991 0.0215502 0.1517756 0.0401443 0.1113319 0.2459827 0.1175252 0.0000000 0.0344287 0.0301504 0.0165446 0.0219371 0.0195460 0.0166420 0.0466952 0.1644515 0.2330033 0.1602046 0.0726761 0.1207623 0.1199643 0.1018078 0.0202886 0.0259524 0.0968535 0.0239312 0.1116483 0.1420472 0.0212506 0.0205288 0.1931754 0.0291901 0.1094264 0.1204450 0.0210150 0.0665228 0.0365877 0.0306498 0.1644362 0.0269842 0.0330524 0.0276865 0.0395078 0.0305731 0.0305961 0.0292985 0.0317700 0.0326431 0.2307782 0.2136823 0.0352076 0.0199330 0.2361826 0.0205619 0.1962197 0.0288955 0.0388815 0.0227625 0.1625682 0.0389292 0.0369686 0.0237879 0.0306555 0.2080491 0.2498150 0.0363726 0.0218339 0.1130051 0.0277495 0.0415569 
Perityle_cernua_84                         0.1063109 0.0818314 0.3037102 0.5715470 0.0881369 0.1028882 0.4961914 0.1079315 0.2717086 0.1560660 0.2697790 0.0223532 0.0235713 0.0211800 0.1567745 0.0407738 0.0296635 0.2010061 0.1147774 0.0344287 0.0000000 0.0300308 0.0133190 0.0280455 0.0118624 0.0071280 0.0391309 0.1297621 0.2045345 0.1499911 0.0623356 0.1186016 0.0702113 0.0889119 0.0256112 0.0193697 0.0961909 0.0272001 0.1120061 0.1330444 0.0251513 0.0271897 0.2012196 0.0280374 0.1102780 0.1143213 0.0214021 0.0641113 0.0272589 0.0294655 0.1173904 0.0254593 0.0237900 0.0172634 0.0362407 0.0187156 0.0245050 0.0206752 0.0319719 0.0280546 0.1988418 0.2000749 0.0302856 0.0153918 0.2111993 0.0227997 0.1920133 0.0267639 0.0384113 0.0289716 0.1490007 0.0311337 0.0245439 0.0233767 0.0108833 0.1865765 0.2176221 0.0259741 0.0232815 0.1037972 0.0279316 0.0267088 
Perityle_cfvillosa_25_tin                  0.1055176 0.0856354 0.3119608 0.5634214 0.0834009 0.1252338 0.5015072 0.1095081 0.2782284 0.1633907 0.2553206 0.0263654 0.0322418 0.0153411 0.1698097 0.0395206 0.0274833 0.1976124 0.1090270 0.0301504 0.0300308 0.0000000 0.0267416 0.0208670 0.0132652 0.0047136 0.0383272 0.1739636 0.1880368 0.1470934 0.0703232 0.1145844 0.0604429 0.1013869 0.0208802 0.0317533 0.0921690 0.0221551 0.1065602 0.1278741 0.0182114 0.0212342 0.1850612 0.0010027 0.1051477 0.1664700 0.0172778 0.0640584 0.0334590 0.0017243 0.1102859 0.0188919 0.0311670 0.0183283 0.0350207 0.0256918 0.0284692 0.0240108 0.0037831 0.0017115 0.1864617 0.1876372 0.0404659 0.0142741 0.2021042 0.0214822 0.1822398 0.0288741 0.0321905 0.0216414 0.1395691 0.0322695 0.0318240 0.0209805 0.0261943 0.1745829 0.2683077 0.0295275 0.0182237 0.1056652 0.0034155 0.0352652 
Perityle_cinerea_113_Powell1310            0.0563159 0.0619642 0.0877352 0.2663226 0.0663912 0.0826258 0.2771959 0.1039085 0.0981216 0.0358903 0.0660131 0.0068148 0.0268473 0.0066913 0.0235168 0.0236750 0.0033574 0.0849187 0.1000055 0.0165446 0.0133190 0.0267416 0.0000000 0.0199576 0.0070444 0.0071852 0.0267534 0.0269911 0.0913829 0.0551170 0.0792097 0.0886386 0.0550912 0.0358859 0.0339166 0.0142509 0.0922213 0.0066702 0.0912804 0.0270423 0.0099326 0.0133497 0.0923500 0.0268933 0.0923500 0.0987808 0.0066439 0.0505094 0.0200963 0.0267416 0.0937644 0.0101627 0.0166114 0.0101296 0.0203593 0.0267655 0.0305185 0.0202747 0.0267416 0.0269657 0.0814027 0.0887879 0.0281812 0.0068148 0.0989996 0.0137794 0.0695138 0.0142954 0.0132127 0.0198756 0.0551170 0.0269235 0.0267347 0.0066164 0.0201475 0.0630783 0.0997865 0.0166595 0.0135069 0.0917141 0.0269626 0.0283529 
Perityle_coahuilensis_24                   0.1045827 0.0854897 0.3235316 0.5693072 0.0955639 0.1137588 0.4952232 0.1097092 0.2869356 0.1590520 0.2917816 0.0245017 0.0271483 0.0163724 0.1530254 0.0371070 0.1431573 0.2311362 0.1070382 0.0219371 0.0280455 0.0208670 0.0199576 0.0000000 0.0117785 0.0118608 0.0393594 0.2352796 0.2434464 0.1602722 0.0674098 0.1189973 0.1086260 0.0988713 0.0143092 0.0282652 0.0912797 0.0193597 0.0980084 0.1338612 0.0151770 0.0028119 0.1842082 0.0194659 0.1042504 0.1821147 0.0151387 0.0637630 0.0307779 0.0219361 0.1721533 0.0188852 0.0277203 0.0196728 0.0364926 0.0209488 0.0263549 0.0205508 0.0233384 0.0211825 0.2578282 0.2040621 0.0327903 0.0139528 0.2293899 0.0190186 0.1936615 0.0243534 0.0304006 0.0000010 0.1525325 0.0315136 0.0280618 0.0153937 0.0195524 0.2043804 0.3384115 0.0288026 0.0171661 0.1030837 0.0176929 0.0323371 
Perityle_cochisensis_44_cave_creek         0.0873086 0.0721704 0.2963519 0.4581581 0.0637083 0.1161322 0.3839295 0.1045242 0.2942706 0.1511051 0.3539797 0.0060123 0.0144754 0.0015989 0.1664131 0.0224831 0.0015045 0.2336735 0.1075034 0.0195460 0.0118624 0.0132652 0.0070444 0.0117785 0.0000000 0.0000010 0.0206926 0.1107518 0.2165154 0.1725940 0.0513813 0.1387132 0.0532045 0.0871556 0.0138358 0.0022421 0.0867527 0.0104547 0.0919432 0.1419771 0.0088749 0.0103875 0.2378767 0.0135196 0.0964338 0.0953738 0.0050133 0.0499791 0.0192458 0.0147099 0.1050687 0.0074168 0.0102740 0.0030210 0.0093543 0.0131579 0.0137652 0.0104858 0.0147637 0.0133453 0.2047838 0.2144906 0.0178308 0.0015187 0.2173447 0.0000010 0.1966952 0.0134244 0.0270327 0.0132002 0.1725940 0.0148846 0.0229707 0.0059204 0.0088142 0.1901577 0.2451157 0.0132860 0.0059733 0.0881272 0.0118195 0.0178304 
Perityle_congesta_202                      0.0791600 0.0674727 0.1049685 0.2803141 0.0630388 0.0757144 0.3044481 0.0985390 0.1981543 0.0252948 0.1842027 0.0000010 0.0118420 0.0000010 0.0143242 0.0193074 0.0024175 0.0881265 0.1127565 0.0166420 0.0071280 0.0047136 0.0071852 0.0118608 0.0000010 0.0000000 0.0238480 0.0166236 0.0798664 0.0437534 0.0523211 0.0966288 0.0490750 0.0203997 0.0146268 0.0025405 0.0913844 0.0048148 0.0852802 0.0224218 0.0095484 0.0071192 0.1214336 0.0047329 0.0994159 0.0882945 0.0047470 0.0548384 0.0165972 0.0047042 0.1002917 0.0047449 0.0000010 0.0000010 0.0072853 0.0118207 0.0142762 0.0095338 0.0047416 0.0047412 0.0755047 0.0730083 0.0206718 0.0024214 0.0881181 0.0024452 0.0782732 0.0146905 0.0215106 0.0141750 0.0437534 0.0168025 0.0165985 0.0000010 0.0000010 0.0674239 0.0971051 0.0047276 0.0096619 0.0877875 0.0047313 0.0000010 
Perityle_cordifolia_27                     0.1014185 0.0896585 0.3249266 0.5807608 0.0986653 0.1133049 0.5093896 0.1139361 0.2857156 0.1733880 0.2962951 0.0401557 0.0290598 0.0326851 0.1721219 0.0451398 0.1095956 0.2439895 0.1155890 0.0466952 0.0391309 0.0383272 0.0267534 0.0393594 0.0206926 0.0238480 0.0000000 0.2147137 0.2244740 0.1805319 0.0757269 0.1231046 0.1183612 0.1074741 0.0363848 0.0353774 0.0954231 0.0350515 0.1097434 0.1356986 0.0342496 0.0375602 0.1962123 0.0348264 0.1110942 0.1558456 0.0292609 0.0635877 0.0422109 0.0369775 0.1615099 0.0290880 0.0392127 0.0281487 0.0387098 0.0323721 0.0263066 0.0256741 0.0453132 0.0446037 0.2257979 0.2152815 0.0049445 0.0293524 0.2354005 0.0066552 0.1927988 0.0402411 0.0480111 0.0400121 0.1757516 0.0415541 0.0368242 0.0288462 0.0305659 0.2073892 0.2841144 0.0439111 0.0323233 0.1126681 0.0379842 0.0344196 
Perityle_cordifolia_68_tecolote            0.1809508 0.0813605 0.3569979 0.6454839 0.1928858 0.1146036 0.5376096 0.1050903 0.3328581 0.1672698 0.3905468 0.1729267 0.0663324 0.1535571 0.1742851 0.1590435 0.2564358 0.2544707 0.1069947 0.1644515 0.1297621 0.1739636 0.0269911 0.2352796 0.1107518 0.0166236 0.2147137 0.0000000 0.3062352 0.1930955 0.0646865 0.1533166 0.2496054 0.1152795 0.2014569 0.1019297 0.1828315 0.1701393 0.2041529 0.2053586 0.2075820 0.1506182 0.2667544 0.1142785 0.2638036 0.3468947 0.1529099 0.1583608 0.2142479 0.1844484 0.2779760 0.1023779 0.2293639 0.1130120 0.2219663 0.0766067 0.0059934 0.0222589 0.1668887 0.2115942 0.2786140 0.2519579 0.0301930 0.2179773 0.2596065 0.0592252 0.2589926 0.0311851 0.1776523 0.2350836 0.2397089 0.2159101 0.0713814 0.0933247 0.0261799 0.2299875 0.3613260 0.2178874 0.1506628 0.1032570 0.1927651 0.1858905 
Perityle_coronopifolia_28_patagonia        0.1663932 0.0571128 0.2959667 0.4682994 0.1635036 0.0873801 0.5125385 0.1230802 0.2971259 0.1987292 0.2723677 0.2068561 0.1457745 0.2142291 0.2227385 0.2025709 0.2802154 0.2169261 0.0807438 0.2330033 0.2045345 0.1880368 0.0913829 0.2434464 0.2165154 0.0798664 0.2244740 0.3062352 0.0000000 0.2160231 0.1064026 0.1157061 0.2191247 0.1496750 0.2086932 0.0852652 0.0595188 0.1751503 0.1639912 0.1936803 0.2006143 0.1902338 0.1644336 0.1799690 0.1461424 0.2743189 0.1517425 0.1220178 0.2147810 0.1825468 0.2084329 0.1859279 0.2147283 0.2010403 0.2079616 0.1734468 0.0829492 0.0756913 0.2101072 0.2350574 0.0302726 0.0418143 0.1014461 0.2394199 0.0051505 0.0860514 0.0851742 0.0984923 0.2215546 0.2432037 0.2105673 0.2238727 0.1732151 0.1932331 0.1059712 0.0667921 0.1053851 0.2254457 0.1847528 0.0277406 0.1892137 0.2585074 
Perityle_crassifolia_70_ventanas           0.1571363 0.0859130 0.3189258 0.5820158 0.2050366 0.1110075 0.4843787 0.1304116 0.3033126 0.0016602 0.3231845 0.1531290 0.0890850 0.1569390 0.1723224 0.1670374 0.1651967 0.2252498 0.1378955 0.1602046 0.1499911 0.1470934 0.0551170 0.1602722 0.1725940 0.0437534 0.1805319 0.1930955 0.2160231 0.0000000 0.0077140 0.1150605 0.2042009 0.0018432 0.1597929 0.0283783 0.1159203 0.1475661 0.1969441 0.1694974 0.1473946 0.1509234 0.1876418 0.1338438 0.2014530 0.2209142 0.0954106 0.1783784 0.1671042 0.1398669 0.2295890 0.1308137 0.1640792 0.1587229 0.1519276 0.0908271 0.0477260 0.0649500 0.1630213 0.1640427 0.2180179 0.2067474 0.0622218 0.1444633 0.2235930 0.0472164 0.2068864 0.0762663 0.1636484 0.1609849 0.0010763 0.1684402 0.1004067 0.1352321 0.0966060 0.2104494 0.2300857 0.1690565 0.1445447 0.1112314 0.1524391 0.2175574 
Perityle_crassifolia_74_playa_balandra     0.1155235 0.1085630 0.1433446 0.2568319 0.0955423 0.0909044 0.2823449 0.1497523 0.2438930 0.0082136 0.2359944 0.0524720 0.0674922 0.0582192 0.0678943 0.0599087 0.0578318 0.1266049 0.1370482 0.0726761 0.0623356 0.0703232 0.0792097 0.0674098 0.0513813 0.0523211 0.0757269 0.0646865 0.1064026 0.0077140 0.0000000 0.1295962 0.1089796 0.0082977 0.0754025 0.0141974 0.1135637 0.0631965 0.1133663 0.0668478 0.0680281 0.0646518 0.1451410 0.0706511 0.1286340 0.1138064 0.0625402 0.0820784 0.0815218 0.0701633 0.1268786 0.0514607 0.0617518 0.0526958 0.0549647 0.0729782 0.0592474 0.0619338 0.0676819 0.0705649 0.1077410 0.0841944 0.0743629 0.0468727 0.1128071 0.0498108 0.1138709 0.0738891 0.0789272 0.0697822 0.0077140 0.0736711 0.0785518 0.0567513 0.0607158 0.1038660 0.1258020 0.0648701 0.0631615 0.1183855 0.0703973 0.0000010 
Perityle_cuneata_34_cuneata_San_antonio    0.1170877 0.0727339 0.1925274 0.5002153 0.1097399 0.0667453 0.5010735 0.1403107 0.1978784 0.1272104 0.1670114 0.1162539 0.1182605 0.1032848 0.1140371 0.1241078 0.1003539 0.0642833 0.1329222 0.1207623 0.1186016 0.1145844 0.0886386 0.1189973 0.1387132 0.0966288 0.1231046 0.1533166 0.1157061 0.1150605 0.1295962 0.0000000 0.1077450 0.1184327 0.1121857 0.0973119 0.1051880 0.1114641 0.1144935 0.1393382 0.1110260 0.1146557 0.1339852 0.1086963 0.1205789 0.1255900 0.1046818 0.0509768 0.1216035 0.1127783 0.1132241 0.1088070 0.1157657 0.1116229 0.1043483 0.1200818 0.0993393 0.1167876 0.1133016 0.1137905 0.1192089 0.1102529 0.1175340 0.1041758 0.1230590 0.0965230 0.1223825 0.1258864 0.1073164 0.1199101 0.1196275 0.1231515 0.1151246 0.1050188 0.1565859 0.1081456 0.1587668 0.1234504 0.1107478 0.0987897 0.1148453 0.1494585 
Perityle_cuneata_4                         0.1035025 0.0684377 0.3114255 0.5579948 0.1195006 0.1081795 0.4798084 0.1212831 0.2975232 0.1934523 0.3130377 0.0825750 0.0590506 0.0843715 0.2000148 0.0892809 0.1365798 0.2431221 0.1082567 0.1199643 0.0702113 0.0604429 0.0550912 0.1086260 0.0532045 0.0490750 0.1183612 0.2496054 0.2191247 0.2042009 0.1089796 0.1077450 0.0000000 0.1316927 0.1070001 0.0585141 0.0981276 0.0703326 0.1112023 0.1799965 0.0920200 0.0702718 0.1818483 0.0562796 0.1097326 0.2065560 0.0603701 0.0649482 0.0980354 0.0623675 0.1580528 0.0639372 0.1077432 0.0679622 0.1020083 0.0645620 0.0599744 0.0539871 0.0881151 0.0888141 0.2230675 0.2098834 0.0845952 0.0984519 0.2324753 0.0548428 0.1969773 0.0780714 0.1212679 0.1091437 0.1948702 0.1124399 0.0658687 0.0597119 0.0651389 0.2175072 0.2889229 0.1106138 0.0635955 0.0907021 0.0640168 0.0836082 
Perityle_discoidea_81                      0.1398336 0.0537496 0.2020953 0.3800310 0.1146588 0.0411856 0.3690947 0.1058709 0.2566651 0.0000010 0.2851723 0.0840116 0.0868436 0.0888546 0.1112367 0.0980706 0.0904880 0.1836971 0.1183743 0.1018078 0.0889119 0.1013869 0.0358859 0.0988713 0.0871556 0.0203997 0.1074741 0.1152795 0.1496750 0.0018432 0.0082977 0.1184327 0.1316927 0.0000000 0.0971850 0.0248869 0.0959081 0.0920237 0.1382713 0.1417261 0.0975409 0.0972754 0.1668215 0.1015663 0.1430309 0.1340929 0.0921808 0.0771953 0.1050759 0.1010418 0.1450823 0.0874430 0.0945388 0.0864898 0.0774164 0.0967499 0.0303389 0.0509978 0.0992592 0.1014681 0.1429576 0.1349505 0.0436171 0.0841257 0.1554944 0.0302902 0.1382281 0.0463515 0.1076124 0.1005398 0.0018432 0.0959481 0.1031654 0.0870061 0.0645466 0.1322485 0.1710109 0.0970652 0.1001915 0.0757738 0.1015494 0.0993511 
Perityle_dissecta_201                      0.1042667 0.0830695 0.3210842 0.5779848 0.0951595 0.1348037 0.5070156 0.1075905 0.2916839 0.1541048 0.2841081 0.0193814 0.0253187 0.0156481 0.1552621 0.0359244 0.0849598 0.2350347 0.1132852 0.0202886 0.0256112 0.0208802 0.0339166 0.0143092 0.0138358 0.0146268 0.0363848 0.2014569 0.2086932 0.1597929 0.0754025 0.1121857 0.1070001 0.0971850 0.0000000 0.0216396 0.0875004 0.0141857 0.1049607 0.1340955 0.0132867 0.0185750 0.1800553 0.0188784 0.0987992 0.1383385 0.0105166 0.0609819 0.0258639 0.0211955 0.1342750 0.0151370 0.0219470 0.0181397 0.0312909 0.0203096 0.0292253 0.0264467 0.0238023 0.0220992 0.2103531 0.2026385 0.0442938 0.0103305 0.2310997 0.0220111 0.1867251 0.0298401 0.0254255 0.0159340 0.1505520 0.0272093 0.0250501 0.0170470 0.0224524 0.1986311 0.2616769 0.0244398 0.0155646 0.1060942 0.0187617 0.0250629 
Perityle_emoryi_47_punta_san_jose          0.0674754 0.0492784 0.1981550 0.4399852 0.0679645 0.0464952 0.4485259 0.0808866 0.2044216 0.0316299 0.1518055 0.0272764 0.0160236 0.0172014 0.0200966 0.0288665 0.0223720 0.1042239 0.0849322 0.0259524 0.0193697 0.0317533 0.0142509 0.0282652 0.0022421 0.0025405 0.0353774 0.1019297 0.0852652 0.0283783 0.0141974 0.0973119 0.0585141 0.0248869 0.0216396 0.0000000 0.0773141 0.0211332 0.0839584 0.0678498 0.0269421 0.0198634 0.1088335 0.0190427 0.0840542 0.1339286 0.0221801 0.0352881 0.0410479 0.0304412 0.0800384 0.0142484 0.0328255 0.0075745 0.0388329 0.0178065 0.0108839 0.0073821 0.0250063 0.0306290 0.0743270 0.0673432 0.0161745 0.0186683 0.0731170 0.0185666 0.0764624 0.0143554 0.0235887 0.0305911 0.0283777 0.0362290 0.0220506 0.0077405 0.0072900 0.0528586 0.1450354 0.0248784 0.0223469 0.0707115 0.0318142 0.0000010 
Perityle_feddemae_99                       0.0929205 0.0680058 0.1693690 0.4603984 0.0570309 0.0584936 0.4747346 0.1339488 0.2251091 0.1066810 0.1587535 0.0895343 0.0909968 0.0836278 0.1039271 0.0932254 0.0905326 0.1241601 0.0367643 0.0968535 0.0961909 0.0921690 0.0922213 0.0912797 0.0867527 0.0913844 0.0954231 0.1828315 0.0595188 0.1159203 0.1135637 0.1051880 0.0981276 0.0959081 0.0875004 0.0773141 0.0000000 0.0779489 0.0597865 0.1244236 0.0908957 0.0855453 0.0481897 0.0895436 0.0211762 0.1952544 0.0850342 0.0385827 0.0982712 0.0903016 0.0181215 0.0837403 0.0958239 0.0832028 0.0989169 0.0931041 0.0906709 0.0778250 0.0874294 0.0914870 0.0597966 0.0546814 0.1108632 0.0811780 0.0610268 0.0748969 0.0815547 0.0997957 0.0893690 0.0933584 0.1149289 0.0963141 0.0921305 0.0829202 0.0913995 0.0694306 0.1510022 0.0933177 0.0872811 0.0733449 0.0936934 0.0563004 
Perityle_fosteri_93                        0.1018375 0.0717679 0.3102501 0.5609921 0.0778722 0.1035761 0.4911170 0.0948462 0.2647272 0.1533996 0.2513989 0.0224584 0.0250722 0.0122948 0.1535271 0.0377439 0.0214992 0.1940645 0.1035016 0.0239312 0.0272001 0.0221551 0.0066702 0.0193597 0.0104547 0.0048148 0.0350515 0.1701393 0.1751503 0.1475661 0.0631965 0.1114641 0.0703326 0.0920237 0.0141857 0.0211332 0.0779489 0.0000000 0.0995680 0.1224488 0.0138423 0.0193506 0.1766403 0.0185313 0.0916105 0.1387616 0.0071846 0.0595859 0.0279691 0.0224803 0.0997044 0.0180502 0.0275284 0.0173260 0.0303244 0.0200954 0.0205820 0.0156363 0.0240741 0.0211747 0.1735906 0.1767825 0.0256623 0.0094327 0.1907236 0.0176711 0.1798584 0.0044469 0.0220581 0.0201867 0.1399032 0.0333880 0.0247720 0.0144790 0.0155300 0.1717774 0.2388063 0.0240112 0.0163237 0.0925229 0.0201895 0.0350999 
Perityle_gamon_221                         0.1057857 0.0797831 0.2809003 0.5694275 0.0771954 0.0791376 0.5051635 0.1335831 0.2678198 0.2005140 0.2584257 0.1034935 0.0975912 0.1032917 0.2228490 0.1131042 0.0986130 0.2059313 0.0821149 0.1116483 0.1120061 0.1065602 0.0912804 0.0980084 0.0919432 0.0852802 0.1097434 0.2041529 0.1639912 0.1969441 0.1133663 0.1144935 0.1112023 0.1382713 0.1049607 0.0839584 0.0597865 0.0995680 0.0000000 0.1945275 0.1001709 0.0995608 0.1612040 0.1017856 0.0809291 0.0109624 0.0885185 0.0599795 0.1153111 0.1027802 0.0841447 0.0979450 0.1132781 0.0943399 0.1001626 0.1001929 0.0875092 0.0731277 0.1089104 0.1036690 0.1601564 0.1657771 0.1046169 0.0942548 0.1728520 0.0819635 0.1824436 0.0913346 0.1110453 0.0998303 0.1943346 0.1164297 0.0993475 0.0945353 0.0939691 0.1783586 0.1794306 0.1128954 0.1016223 0.0820491 0.0998620 0.0969579 
Perityle_gentryi_8_san_francisco           0.1765325 0.0930673 0.3222992 0.6020105 0.1955748 0.0881292 0.5324280 0.1372183 0.2922056 0.1757564 0.3019210 0.1384018 0.1064239 0.1225931 0.1134602 0.1139837 0.1433681 0.2173473 0.1574301 0.1420472 0.1330444 0.1278741 0.0270423 0.1338612 0.1419771 0.0224218 0.1356986 0.2053586 0.1936803 0.1694974 0.0668478 0.1393382 0.1799965 0.1417261 0.1340955 0.0678498 0.1244236 0.1224488 0.1945275 0.0000000 0.1200981 0.1280131 0.1640824 0.1221499 0.1907163 0.2339284 0.0965933 0.1521877 0.1437433 0.1247455 0.2090336 0.1159166 0.1383631 0.1275306 0.1262494 0.1177282 0.0323763 0.0673647 0.1390920 0.1355951 0.1968040 0.1895379 0.0226601 0.1215065 0.2072977 0.0411618 0.1764919 0.0485463 0.1387075 0.1342298 0.1712168 0.1472640 0.1183021 0.1273267 0.0967746 0.1796233 0.2356083 0.1382487 0.1248358 0.1207066 0.1330310 0.2554622 
Perityle_gilensis_22_Superstition          0.1012583 0.0752395 0.3022137 0.5602290 0.0880445 0.1058463 0.4945000 0.1078497 0.2783304 0.1599563 0.2629153 0.0215418 0.0261685 0.0108724 0.1558774 0.0352719 0.0533431 0.2141017 0.1116228 0.0212506 0.0251513 0.0182114 0.0099326 0.0151770 0.0088749 0.0095484 0.0342496 0.2075820 0.2006143 0.1473946 0.0680281 0.1110260 0.0920200 0.0975409 0.0132867 0.0269421 0.0908957 0.0138423 0.1001709 0.1200981 0.0000000 0.0145158 0.1789754 0.0184033 0.1005855 0.1716138 0.0122555 0.0580039 0.0272087 0.0179742 0.1313076 0.0168806 0.0264531 0.0139802 0.0322225 0.0199449 0.0245196 0.0225351 0.0230795 0.0203877 0.2017509 0.1911035 0.0303543 0.0090056 0.2204155 0.0189532 0.1803617 0.0223759 0.0301008 0.0159109 0.1396416 0.0312267 0.0270688 0.0143690 0.0220651 0.1954163 0.2798388 0.0242556 0.0134765 0.0986794 0.0161381 0.0313469 
Perityle_gilensis_salensis_225             0.1015051 0.0814425 0.3054156 0.5541018 0.0839171 0.1067548 0.4901744 0.1056463 0.2792332 0.1574232 0.2572077 0.0234118 0.0247989 0.0153026 0.1516964 0.0372069 0.0274696 0.1977319 0.1042239 0.0205288 0.0271897 0.0212342 0.0133497 0.0028119 0.0103875 0.0071192 0.0375602 0.1506182 0.1902338 0.1509234 0.0646518 0.1146557 0.0702718 0.0972754 0.0185750 0.0198634 0.0855453 0.0193506 0.0995608 0.1280131 0.0145158 0.0000000 0.1853939 0.0185198 0.1045091 0.1288939 0.0130053 0.0640024 0.0301499 0.0205660 0.1124890 0.0179368 0.0296673 0.0192869 0.0314033 0.0187330 0.0224188 0.0172032 0.0229935 0.0220632 0.1866617 0.1892746 0.0277562 0.0128004 0.2023186 0.0163053 0.1905004 0.0200426 0.0310546 0.0037314 0.1478853 0.0348089 0.0257826 0.0143785 0.0152949 0.1826425 0.2273815 0.0276262 0.0184111 0.0985335 0.0210085 0.0368063 
Perityle_glaucescens_94                    0.1879003 0.0790203 0.2548666 0.4981709 0.1689012 0.0844570 0.5143067 0.1692379 0.2348994 0.2108214 0.2113804 0.1847427 0.1706083 0.1711512 0.2188167 0.1888879 0.1767716 0.2114063 0.0718062 0.1931754 0.2012196 0.1850612 0.0923500 0.1842082 0.2378767 0.1214336 0.1962123 0.2667544 0.1644336 0.1876418 0.1451410 0.1339852 0.1818483 0.1668215 0.1800553 0.1088335 0.0481897 0.1766403 0.1612040 0.1640824 0.1789754 0.1853939 0.0000000 0.1960810 0.0887378 0.2013745 0.1494781 0.1117150 0.1868765 0.1849012 0.0837158 0.1914087 0.1859820 0.1873645 0.1804397 0.1835474 0.1220782 0.1271370 0.1917530 0.1835733 0.1715373 0.1723799 0.1164500 0.1670106 0.1953145 0.1187991 0.2044044 0.1608797 0.2005674 0.1842781 0.1807106 0.1894343 0.1800683 0.1951639 0.1746288 0.2054651 0.2328238 0.1875095 0.1886894 0.1110820 0.1858791 0.2938232 
Perityle_gracilis_11                       0.1032932 0.0859357 0.2941668 0.5424129 0.0808570 0.1256119 0.5002510 0.1078408 0.2670661 0.1636603 0.2559772 0.0240131 0.0297535 0.0130091 0.1606812 0.0375922 0.0124695 0.1909096 0.1074404 0.0291901 0.0280374 0.0010027 0.0268933 0.0194659 0.0135196 0.0047329 0.0348264 0.1142785 0.1799690 0.1338438 0.0706511 0.1086963 0.0562796 0.1015663 0.0188784 0.0190427 0.0895436 0.0185313 0.1017856 0.1221499 0.0184033 0.0185198 0.1960810 0.0000000 0.0975927 0.1017939 0.0155117 0.0594069 0.0301190 0.0010007 0.1023963 0.0180131 0.0275276 0.0168113 0.0305012 0.0257445 0.0285691 0.0240470 0.0030217 0.0000010 0.1728806 0.1761966 0.0407298 0.0126377 0.1900338 0.0209621 0.1702915 0.0289848 0.0313413 0.0204103 0.1306037 0.0330182 0.0306374 0.0192037 0.0261962 0.1622214 0.2026283 0.0287616 0.0165533 0.1060823 0.0020135 0.0244980 
Perityle_harkerae_31                       0.1176292 0.0762048 0.2833832 0.5384861 0.0738654 0.0873564 0.4811283 0.1454993 0.2656522 0.2054742 0.2388096 0.1024363 0.0970062 0.1031374 0.2285964 0.1104908 0.1053811 0.2088892 0.0383380 0.1094264 0.1102780 0.1051477 0.0923500 0.1042504 0.0964338 0.0994159 0.1110942 0.2638036 0.1461424 0.2014530 0.1286340 0.1205789 0.1097326 0.1430309 0.0987992 0.0840542 0.0211762 0.0916105 0.0809291 0.1907163 0.1005855 0.1045091 0.0887378 0.0975927 0.0000000 0.1574216 0.0909075 0.0629176 0.1102801 0.1029461 0.0072012 0.0996752 0.1066646 0.0963366 0.1060037 0.0977289 0.0951368 0.0831688 0.1064740 0.1036843 0.1521719 0.1516955 0.1167816 0.0900568 0.1624244 0.0883543 0.1784958 0.1046307 0.1104008 0.1046762 0.1937909 0.1069229 0.0955061 0.0952991 0.1026214 0.1673573 0.2341210 0.1033288 0.0981289 0.0802383 0.1033925 0.1069286 
Perityle_hofmeisteria_4_nombre_de_dios     0.1070705 0.0866279 0.3268442 0.5920292 0.0904496 0.0787759 0.5153201 0.1341818 0.2843588 0.1966377 0.3205341 0.1556013 0.1005634 0.1105096 0.2287945 0.1353755 0.2657910 0.2574508 0.0872907 0.1204450 0.1143213 0.1664700 0.0987808 0.1821147 0.0953738 0.0882945 0.1558456 0.3468947 0.2743189 0.2209142 0.1138064 0.1255900 0.2065560 0.1340929 0.1383385 0.1339286 0.1952544 0.1387616 0.0109624 0.2339284 0.1716138 0.1288939 0.2013745 0.1017939 0.1574216 0.0000000 0.1657793 0.0640912 0.2070850 0.1871339 0.1628714 0.1016764 0.1805217 0.1019981 0.1854929 0.1057061 0.0900677 0.0771735 0.1251142 0.1881378 0.2362934 0.1876916 0.1079291 0.1814218 0.2111166 0.0975158 0.2066585 0.0941643 0.1190419 0.1835298 0.2383294 0.1523547 0.1022945 0.0971839 0.0942289 0.2045415 0.3343178 0.1507648 0.1227377 0.0826123 0.1708447 0.1076588 
