84
Amauria_brandeegeana_62                    0.0000000 0.0903483 0.2163164 0.2962421 0.2563935 0.0755861 0.2713099 0.1326008 0.2893214 0.0472601 0.2070633 0.2076524 0.2917096 0.1865504 0.0987437 0.2469782 0.3169803 0.4407871 0.1665570 0.1877264 0.1957868 0.2382567 0.2054260 0.1804486 0.2482096 0.2251537 0.2236019 0.2340742 0.1466605 0.1402792 0.2145181 0.1795016 0.0604295 0.2051993 0.1692782 0.2487506 0.1987097 0.3024907 0.1964892 0.2030892 0.2025398 0.2593352 0.2150049 0.2096630 0.3025998 0.2057888 0.1858738 0.2408793 0.2428225 0.2516889 0.1930977 0.2049517 0.2028550 0.2234114 0.1019215 0.2209996 0.1367038 0.1137033 0.2531707 0.1032609 0.1036120 0.0686594 0.1891733 0.1106626 0.2012760 0.2226592 0.2248135 0.2614975 0.2199147 0.0981558 0.1991689 0.1466125 0.2572789 0.0839175 0.1590303 0.1916263 0.0981203 0.2825176 0.2279477 0.2107832 0.1991321 0.1008884 0.2230934 0.2558664 
Amauria_carterae_99_mesa                   0.0903483 0.0000000 0.1578760 0.2103200 0.1316339 0.1126828 0.1431403 0.1335794 0.1628010 0.0682745 0.0936921 0.1026324 0.1169721 0.0955879 0.1003049 0.1019287 0.0972233 0.3037283 0.1135516 0.1127071 0.0999798 0.1071581 0.0936269 0.1009089 0.1108598 0.1094156 0.1165628 0.1189071 0.1287764 0.1303639 0.1001967 0.0955102 0.0863294 0.1016075 0.0783142 0.1214043 0.0975373 0.1589929 0.0889588 0.0917111 0.0934182 0.1325133 0.1048936 0.1186036 0.1564015 0.1071877 0.0887311 0.1068525 0.1105543 0.1250678 0.0858266 0.1124255 0.0925720 0.0914847 0.1024865 0.0893334 0.1053422 0.0711084 0.1064602 0.1081477 0.1002137 0.0857394 0.0990589 0.0864687 0.1012782 0.1276132 0.0993055 0.1496943 0.0908084 0.1083219 0.1084450 0.0900612 0.1354205 0.1051242 0.1064041 0.1125897 0.1033925 0.1496198 0.1248886 0.1181374 0.1004910 0.0634838 0.1070928 0.1024175 
Amauria_rotundifolia_SRR9119150            0.2163164 0.1578760 0.0000000 0.3221728 0.2160154 0.1213463 0.1815137 0.1284501 0.3643276 0.2124836 0.2214831 0.2147297 0.2635612 0.2005061 0.2294415 0.2345470 0.2568462 0.4704780 0.2110746 0.2123510 0.2086847 0.2262164 0.2061226 0.2026352 0.2293180 0.2188795 0.2225398 0.1468350 0.1336637 0.1443869 0.2210000 0.2319420 0.2313351 0.2131010 0.2237159 0.1956501 0.2130515 0.1926727 0.2038547 0.2033554 0.2075881 0.1946784 0.2238934 0.1770049 0.1945881 0.2292900 0.2398156 0.2252300 0.2259989 0.1915369 0.2088108 0.2227397 0.2036492 0.2138390 0.1545614 0.1613990 0.2446573 0.2286495 0.2231696 0.1669042 0.2189519 0.0632979 0.2193375 0.1245348 0.2053963 0.1423513 0.2251257 0.1625149 0.2069847 0.1603574 0.2115028 0.1934483 0.1370899 0.1251194 0.2083309 0.2069551 0.1276827 0.1598106 0.2162046 0.2357593 0.2100861 0.0631749 0.2179241 0.2473427 
Conoclinium_coelestinum_SRR9119114         0.2962421 0.2103200 0.3221728 0.0000000 0.3460622 0.1650689 0.2419289 0.1617074 0.3827503 0.3016712 0.3205633 0.3153033 0.3673821 0.2948447 0.2740189 0.3679396 0.3409636 0.5380859 0.3076412 0.2993717 0.3048481 0.3433211 0.3188466 0.2896758 0.3442565 0.3347044 0.3239924 0.3146499 0.1884858 0.1712679 0.3014598 0.3040197 0.3386399 0.3050055 0.3104134 0.2933068 0.3070409 0.3799680 0.2990189 0.3171412 0.3131799 0.2979778 0.3371650 0.2666473 0.3758283 0.3360892 0.3199537 0.3386450 0.3490882 0.2936199 0.3171642 0.3122979 0.3183541 0.3283848 0.2300920 0.2630588 0.2958241 0.2825604 0.3522163 0.2417059 0.2754330 0.0934259 0.2732758 0.1801133 0.3098533 0.3091717 0.3290271 0.3247681 0.3203476 0.2086185 0.3179401 0.2954015 0.3429628 0.1570381 0.3026043 0.2976430 0.1574118 0.3293330 0.3507086 0.3175885 0.3157908 0.1242313 0.3437697 0.3069713 
Eutetras_palmeri_63                        0.2563935 0.1316339 0.2160154 0.3460622 0.0000000 0.0260296 0.2379279 0.1412782 0.3341309 0.2666665 0.2885848 0.2943342 0.2916288 0.2612168 0.2051037 0.3109534 0.3105581 0.5025929 0.2364086 0.2488101 0.2826820 0.3057868 0.3046170 0.2476123 0.3182119 0.3060335 0.3105121 0.2133028 0.1296919 0.1233439 0.2717882 0.2810527 0.3085072 0.2835787 0.3096442 0.3232902 0.2790063 0.2860853 0.2656011 0.3027796 0.3016520 0.3294750 0.2925494 0.2693711 0.2865393 0.2561412 0.2865325 0.3081038 0.3144401 0.3253348 0.2909961 0.2797799 0.3002774 0.3077549 0.1673645 0.2352160 0.2182906 0.2261902 0.3108909 0.1717722 0.2005491 0.0820018 0.2563202 0.1321104 0.2862935 0.2080310 0.3046236 0.2502261 0.2960688 0.1257863 0.2806688 0.2214507 0.2381443 0.0972763 0.2390524 0.2442170 0.1140636 0.2586056 0.3051865 0.3107784 0.2802725 0.0960415 0.2889060 0.3260956 
Eutetras_pringlei_149_quer                 0.0755861 0.1126828 0.1213463 0.1650689 0.0260296 0.0000000 0.1237275 0.1461379 0.1396750 0.0689066 0.1044272 0.1309728 0.1268633 0.1197742 0.1223950 0.1317440 0.1176562 0.2485828 0.1278958 0.1347704 0.1275216 0.1313339 0.1230156 0.1207859 0.1423700 0.1272495 0.1311216 0.1078734 0.1205972 0.1306910 0.1375337 0.1190823 0.0935430 0.1267353 0.0941422 0.1061677 0.1276351 0.1388930 0.1170938 0.1202402 0.1233844 0.1173025 0.1342119 0.1032924 0.1386153 0.1199278 0.1004812 0.1351683 0.1378741 0.1139670 0.1213791 0.1192009 0.1200498 0.1250702 0.1313920 0.1170233 0.1245481 0.1153422 0.1347432 0.1334398 0.1179896 0.0817814 0.1209993 0.0989594 0.1353016 0.1040761 0.1316163 0.1365405 0.0956420 0.1313326 0.1266915 0.1216304 0.1196617 0.1010628 0.1342119 0.1344784 0.1203645 0.1318532 0.1225715 0.1369043 0.1185019 0.1027569 0.1317304 0.0802773 
Eutrochium_fistulosum_SRR9119106           0.2713099 0.1431403 0.1815137 0.2419289 0.2379279 0.1237275 0.0000000 0.1473678 0.3575532 0.2350769 0.2140018 0.2171267 0.2510544 0.2035803 0.2141488 0.2406401 0.2498588 0.4678460 0.1878839 0.2062487 0.2073037 0.2194655 0.2208243 0.1927589 0.2282966 0.2282223 0.2260417 0.1889807 0.1318150 0.1628964 0.2004361 0.2089781 0.2639690 0.2160853 0.2281417 0.2016376 0.2165761 0.2253416 0.2120986 0.2153815 0.2194621 0.1955700 0.2193864 0.1865229 0.2295490 0.2172817 0.2297232 0.2213508 0.2240175 0.2149049 0.2168487 0.2173946 0.2157171 0.2256506 0.1517150 0.1699743 0.2113495 0.2074496 0.2312611 0.1516833 0.2041541 0.0991223 0.2307513 0.1417674 0.2057700 0.1853853 0.2274129 0.2266098 0.2083611 0.1499849 0.2208200 0.1822892 0.1975787 0.1460283 0.1832923 0.2015284 0.1326275 0.2268058 0.2202811 0.2319865 0.2103876 0.1240654 0.2147268 0.2565411 
Galeana_pratensis_104_mex                  0.1326008 0.1335794 0.1284501 0.1617074 0.1412782 0.1461379 0.1473678 0.0000000 0.1473880 0.0877572 0.1346134 0.1387799 0.1403051 0.1406191 0.1335606 0.1448553 0.1260147 0.2339680 0.1568485 0.1402263 0.1326786 0.1390819 0.1436540 0.1337242 0.1395542 0.1499743 0.1550880 0.1310293 0.1126060 0.1521185 0.1322338 0.1159268 0.0989735 0.1316233 0.1050533 0.1390251 0.1319242 0.1347101 0.1343720 0.1410167 0.1432487 0.1395296 0.1333813 0.1235496 0.1403418 0.1386850 0.1076262 0.1356665 0.1408306 0.1335311 0.1395614 0.1374671 0.1415596 0.1424556 0.1321510 0.1318851 0.1567578 0.1130098 0.1352099 0.1402905 0.1207783 0.0739179 0.1334886 0.1315477 0.1422301 0.1335186 0.1477170 0.1424975 0.1201415 0.1568048 0.1372174 0.1426017 0.1209068 0.1341767 0.1381753 0.1485924 0.1331710 0.1369980 0.1379080 0.1470784 0.1333301 0.1012157 0.1339796 0.1191644 
Helianthus_annuus_SRR9119062               0.2893214 0.1628010 0.3643276 0.3827503 0.3341309 0.1396750 0.3575532 0.1473880 0.0000000 0.2729778 0.3773037 0.3766605 0.3896829 0.3626902 0.2956406 0.3849690 0.4443209 0.5808163 0.3493255 0.3498140 0.3692197 0.4022920 0.3774472 0.3503562 0.4127186 0.3749109 0.3901438 0.3719341 0.2385469 0.1807790 0.3966837 0.3097882 0.3086235 0.3881087 0.2990526 0.3693371 0.3492314 0.4003663 0.3462332 0.3750152 0.3634429 0.3742501 0.4071491 0.3491421 0.4059411 0.4066990 0.3150198 0.4056619 0.4149228 0.3718688 0.3671670 0.3891472 0.3682672 0.3758570 0.2749679 0.2947600 0.3163193 0.2969422 0.4230394 0.3039853 0.2842913 0.0782998 0.3065482 0.1248052 0.3717508 0.3731525 0.3797334 0.4247160 0.3829187 0.2011768 0.3796917 0.3565473 0.3753206 0.1188889 0.3709680 0.3685261 0.1393528 0.4230212 0.3800704 0.3443566 0.3870448 0.1057634 0.4006870 0.3450946 
Lycapsus_tenuifolius_17                    0.0472601 0.0682745 0.2124836 0.3016712 0.2666665 0.0689066 0.2350769 0.0877572 0.2729778 0.0000000 0.2001965 0.1875527 0.2818614 0.2002020 0.0728880 0.2440000 0.2857517 0.3621769 0.1558476 0.1820041 0.1775672 0.1830341 0.2021516 0.1816775 0.1895445 0.2207597 0.2147999 0.1934828 0.0770882 0.0610173 0.1902167 0.1807434 0.0000010 0.1858343 0.1780489 0.2285356 0.1838759 0.2927236 0.2046159 0.2008712 0.2022694 0.2484741 0.1802055 0.2163795 0.2936115 0.1624752 0.1689249 0.1827041 0.1896133 0.2366336 0.1999239 0.1860518 0.2016461 0.2225319 0.0445847 0.2021643 0.1196043 0.1178197 0.1889541 0.0501034 0.0782737 0.0447031 0.2030777 0.0581840 0.1775345 0.1978317 0.2201441 0.2497175 0.1970844 0.0476731 0.1826239 0.1423805 0.1763913 0.0568870 0.0698889 0.1863072 0.0434136 0.2528647 0.2260495 0.1932577 0.1857708 0.0267482 0.1817668 0.2375816 
Pericome_caudata_50_silver                 0.2070633 0.0936921 0.2214831 0.3205633 0.2885848 0.1044272 0.2140018 0.1346134 0.3773037 0.2001965 0.0000000 0.1134598 0.2836817 0.1102092 0.0645901 0.2137731 0.2634806 0.4539485 0.1104470 0.1014749 0.1041362 0.2066235 0.1072588 0.0981910 0.2325546 0.1341491 0.1267497 0.2465782 0.1158023 0.1207756 0.1113677 0.1108859 0.2596751 0.1218057 0.0949687 0.1854068 0.0994730 0.2636698 0.1086918 0.1061607 0.1147132 0.2151060 0.1885593 0.1566793 0.2667296 0.1994946 0.0716959 0.2521936 0.2124390 0.1818639 0.1060694 0.1327102 0.1078697 0.1274717 0.0762194 0.1033568 0.1209725 0.0859103 0.2038029 0.0921304 0.0942056 0.0372095 0.0889840 0.0828365 0.1069721 0.2054085 0.1216501 0.2422290 0.0928761 0.0642111 0.1076058 0.0951355 0.2376667 0.0653686 0.2173715 0.1124975 0.0721517 0.2682543 0.1182044 0.1161302 0.1048775 0.0587751 0.1917737 0.2323126 
Perityle_aglossa_84_dead_horse             0.2076524 0.1026324 0.2147297 0.3153033 0.2943342 0.1309728 0.2171267 0.1387799 0.3766605 0.1875527 0.1134598 0.0000000 0.1997104 0.1048861 0.0078911 0.2251112 0.2091237 0.4223784 0.1149200 0.0333270 0.0217807 0.1176657 0.1011813 0.0176272 0.1188150 0.0920252 0.1185736 0.2262149 0.1190215 0.1090889 0.0983815 0.0786532 0.2287824 0.0342273 0.0789924 0.1355175 0.0289541 0.2583450 0.0965483 0.0970716 0.1004102 0.1470939 0.1003637 0.1236627 0.2631873 0.1279539 0.0379909 0.1163697 0.1183927 0.1399951 0.0995958 0.0598616 0.0999644 0.0891493 0.0084327 0.1006610 0.1023497 0.0725029 0.1158466 0.0119737 0.0933083 0.0460817 0.0967945 0.0944513 0.0102455 0.2189865 0.0929001 0.2466074 0.1079711 0.0157086 0.0476179 0.1009526 0.2273232 0.0074708 0.0705971 0.0322035 0.0053474 0.2478706 0.1324070 0.0416474 0.0195194 0.0675280 0.1010356 0.1708838 
Perityle_ajoensis_204                      0.2917096 0.1169721 0.2635612 0.3673821 0.2916288 0.1268633 0.2510544 0.1403051 0.3896829 0.2818614 0.2836817 0.1997104 0.0000000 0.2631840 0.1388852 0.2944528 0.2620011 0.5704296 0.2435901 0.1797628 0.1955394 0.2125771 0.2881261 0.1667263 0.2300727 0.2932131 0.2905315 0.2858563 0.1277394 0.1074638 0.2385294 0.2673103 0.3308393 0.1950598 0.2850401 0.2762510 0.1878638 0.3114978 0.2644177 0.2874099 0.2838486 0.2854035 0.1877362 0.2263662 0.3118259 0.2058625 0.2450406 0.2304309 0.2299056 0.2728221 0.2796466 0.2016342 0.2870579 0.2818851 0.0595451 0.2403993 0.2321189 0.2452481 0.2230884 0.0636129 0.2148420 0.0639196 0.2610563 0.1006835 0.2030260 0.2689622 0.2849838 0.2974028 0.2683602 0.0431571 0.2006684 0.2357488 0.2882930 0.0149058 0.1730891 0.1746907 0.0215114 0.3044890 0.2898741 0.2296315 0.1942684 0.0763320 0.1947672 0.3536259 
Perityle_ambrosiifolia_67_green            0.1865504 0.0955879 0.2005061 0.2948447 0.2612168 0.1197742 0.2035803 0.1406191 0.3626902 0.2002020 0.1102092 0.1048861 0.2631840 0.0000000 0.0897620 0.1345441 0.2437940 0.3894195 0.1141367 0.0942052 0.0905003 0.1746317 0.0066866 0.0869804 0.1787780 0.0576544 0.0427931 0.1535324 0.1228783 0.1247058 0.1209895 0.0890289 0.2120903 0.1072942 0.0250466 0.1619341 0.0956834 0.2204078 0.0240217 0.0059985 0.0127137 0.1771096 0.1780707 0.1596713 0.2245593 0.1799644 0.0697918 0.1752800 0.1793735 0.1663073 0.0118185 0.1188010 0.0106188 0.0563961 0.0989992 0.0427312 0.0445065 0.0244984 0.1755824 0.1082436 0.0601755 0.0329084 0.0410364 0.0200925 0.0978743 0.1563991 0.0519201 0.2127169 0.1170711 0.0973071 0.1017481 0.0050993 0.1824862 0.0901637 0.1353158 0.1035857 0.0933560 0.2123551 0.0899012 0.0984649 0.0937148 0.0203329 0.1672655 0.1704101 
Perityle_angustifolia_13_Eagle_creek       0.0987437 0.1003049 0.2294415 0.2740189 0.2051037 0.1223950 0.2141488 0.1335606 0.2956406 0.0728880 0.0645901 0.0078911 0.1388852 0.0897620 0.0000000 0.1467867 0.1212284 0.2228585 0.1092832 0.0217067 0.0039131 0.0180504 0.0896794 0.0099063 0.0279565 0.0923884 0.1016277 0.1925839 0.1194744 0.1037615 0.0450598 0.0374940 0.0914502 0.0137388 0.0657376 0.0924169 0.0177207 0.2112274 0.0827522 0.0900913 0.0896461 0.1130967 0.0178935 0.0945308 0.2116298 0.0339671 0.0148593 0.0179180 0.0218600 0.1007194 0.0841848 0.0117278 0.0838240 0.0857235 0.0043504 0.0651822 0.0981708 0.0748897 0.0178377 0.0065957 0.0579360 0.0379940 0.0624538 0.0702643 0.0080002 0.1955975 0.0929602 0.2155311 0.0626792 0.0078957 0.0116768 0.0871710 0.1922672 0.0075679 0.0178167 0.0217374 0.0055227 0.2151866 0.0861047 0.0217269 0.0160328 0.0559794 0.0180407 0.1215790 
Perityle_batopilensis_97                   0.2469782 0.1019287 0.2345470 0.3679396 0.3109534 0.1317440 0.2406401 0.1448553 0.3849690 0.2440000 0.2137731 0.2251112 0.2944528 0.1345441 0.1467867 0.0000000 0.3269843 0.4948305 0.1910016 0.2274054 0.2229148 0.2426639 0.1466806 0.2104822 0.2544129 0.1637565 0.1641005 0.2167085 0.1277462 0.1268700 0.2178046 0.2358600 0.2891136 0.2286083 0.1877811 0.2482717 0.2263331 0.2703864 0.1352084 0.1419131 0.1483052 0.2594536 0.2386938 0.2234056 0.2695289 0.2495025 0.2291886 0.2456815 0.2548599 0.2512670 0.1519388 0.2389995 0.1498185 0.1626415 0.1061524 0.1458740 0.1195081 0.1267827 0.2436974 0.1136657 0.1253439 0.0330776 0.1605348 0.0245029 0.2188094 0.2196093 0.1623234 0.2776687 0.2228640 0.0985943 0.2349813 0.1059050 0.2416101 0.0915092 0.2056871 0.2210343 0.0999161 0.2853357 0.2046987 0.2648881 0.2234075 0.0245423 0.2429607 0.2795211 
Perityle_bisetosa_9                        0.3169803 0.0972233 0.2568462 0.3409636 0.3105581 0.1176562 0.2498588 0.1260147 0.4443209 0.2857517 0.2634806 0.2091237 0.2620011 0.2437940 0.1212284 0.3269843 0.0000000 0.6492049 0.2163526 0.1679121 0.2207122 0.2331938 0.2797738 0.1682107 0.2585589 0.2851436 0.2878351 0.2992227 0.1188250 0.0963996 0.2493927 0.2873885 0.3779568 0.2210007 0.2981116 0.3048123 0.2026505 0.3153823 0.2542812 0.2936289 0.2841214 0.3008673 0.2072484 0.2180194 0.3080701 0.1656131 0.2586337 0.2527673 0.2327311 0.2986065 0.2723636 0.1907359 0.2859414 0.2793575 0.0516413 0.2462733 0.2185979 0.2163122 0.2453389 0.0808206 0.1938319 0.0381776 0.2435651 0.0846919 0.2125991 0.2706183 0.2795270 0.3227432 0.2506582 0.0158677 0.1785486 0.2011842 0.2925467 0.0075268 0.2043520 0.1653661 0.0054250 0.3517852 0.2826121 0.2495363 0.2048675 0.0558299 0.2206297 0.4281507 
Perityle_californica_76_positas            0.4407871 0.3037283 0.4704780 0.5380859 0.5025929 0.2485828 0.4678460 0.2339680 0.5808163 0.3621769 0.4539485 0.4223784 0.5704296 0.3894195 0.2228585 0.4948305 0.6492049 0.0000000 0.3940210 0.3588013 0.4117566 0.4570191 0.4472384 0.3625468 0.4606186 0.4445275 0.4651522 0.5491997 0.3151776 0.2138561 0.4201139 0.4178565 0.4548482 0.4144374 0.4111841 0.4645547 0.4125506 0.6024642 0.3932182 0.4394565 0.4465469 0.4691702 0.4146667 0.3603115 0.6046462 0.4381595 0.3602680 0.4578408 0.4664916 0.4537471 0.4256492 0.4091900 0.4415506 0.4527726 0.2721735 0.4648770 0.3342505 0.3106958 0.4839649 0.2873293 0.3040616 0.1586501 0.3953101 0.2623905 0.4150775 0.5189573 0.4460739 0.5199065 0.4519643 0.2014957 0.4165009 0.3723946 0.5629428 0.0777830 0.3850440 0.3504943 0.1954027 0.5240685 0.4517184 0.4271253 0.3940586 0.1786351 0.4270541 0.3336258 
Perityle_canescens_77                      0.1665570 0.1135516 0.2110746 0.3076412 0.2364086 0.1278958 0.1878839 0.1568485 0.3493255 0.1558476 0.1104470 0.1149200 0.2435901 0.1141367 0.1092832 0.1910016 0.2163526 0.3940210 0.0000000 0.1182829 0.1116889 0.1667872 0.1142764 0.1133493 0.1712614 0.1224169 0.1310171 0.1864497 0.1376774 0.1575602 0.1077477 0.0911149 0.1764297 0.1242889 0.0891259 0.1639384 0.1249444 0.2215039 0.1072128 0.1118440 0.1139112 0.1639251 0.1676510 0.1621283 0.2256029 0.1675410 0.0885616 0.1633950 0.1728260 0.1645871 0.1073416 0.1207329 0.1102397 0.1203602 0.1020759 0.0998008 0.1249164 0.0911439 0.1655613 0.1095969 0.1021617 0.0901907 0.0846503 0.1002769 0.1126265 0.1928161 0.1233807 0.2069661 0.1163914 0.1207537 0.1149067 0.1094753 0.1950930 0.1076239 0.1438746 0.1232305 0.1147145 0.2081648 0.1328748 0.1262806 0.1181845 0.0858394 0.1634018 0.1887229 
Perityle_castillonii_96                    0.1877264 0.1127071 0.2123510 0.2993717 0.2488101 0.1347704 0.2062487 0.1402263 0.3498140 0.1820041 0.1014749 0.0333270 0.1797628 0.0942052 0.0217067 0.2274054 0.1679121 0.3588013 0.1182829 0.0000000 0.0259616 0.0978028 0.0943230 0.0129662 0.1051445 0.1027202 0.1092394 0.1957993 0.1259749 0.1177201 0.0777980 0.0688382 0.1947687 0.0329674 0.0791195 0.1299815 0.0379066 0.2523043 0.0905776 0.0958786 0.0986499 0.1365023 0.0988112 0.1244869 0.2559229 0.0887361 0.0392897 0.0974664 0.1024826 0.1326733 0.0887903 0.0162998 0.0886604 0.0991461 0.0222454 0.1000873 0.1110024 0.0789178 0.0996764 0.0255842 0.0997889 0.0586662 0.1018141 0.1077687 0.0301786 0.1975292 0.1009455 0.2212202 0.0914294 0.0129073 0.0127671 0.0960454 0.1929234 0.0224558 0.0474134 0.0259143 0.0297426 0.2191113 0.1243760 0.0248820 0.0251923 0.0854657 0.0953872 0.1646933 
Perityle_cernua_84                         0.1957868 0.0999798 0.2086847 0.3048481 0.2826820 0.1275216 0.2073037 0.1326786 0.3692197 0.1775672 0.1041362 0.0217807 0.1955394 0.0905003 0.0039131 0.2229148 0.2207122 0.4117566 0.1116889 0.0259616 0.0000000 0.1238539 0.0859497 0.0109190 0.1312577 0.0769084 0.1031082 0.2182942 0.1124508 0.1050035 0.0802897 0.0775164 0.2223267 0.0204114 0.0661814 0.1280053 0.0147175 0.2518354 0.0838785 0.0874734 0.0847747 0.1369268 0.1032236 0.1175713 0.2580043 0.1272600 0.0410332 0.1286025 0.1314567 0.1326363 0.0865563 0.0445852 0.0836443 0.0738467 0.0055885 0.0976971 0.0938589 0.0649052 0.1194505 0.0074062 0.0826555 0.0372309 0.0874545 0.0829248 0.0142606 0.2112660 0.0774502 0.2394495 0.0999862 0.0130027 0.0373281 0.0915349 0.2242319 0.0112627 0.0781316 0.0244661 0.0080306 0.2416685 0.1199245 0.0327022 0.0166093 0.0546251 0.1053015 0.1743425 
Perityle_cfvillosa_25_tin                  0.2382567 0.1071581 0.2262164 0.3433211 0.3057868 0.1313339 0.2194655 0.1390819 0.4022920 0.1830341 0.2066235 0.1176657 0.2125771 0.1746317 0.0180504 0.2426639 0.2331938 0.4570191 0.1667872 0.0978028 0.1238539 0.0000000 0.2211025 0.0845353 0.0102150 0.2008799 0.2244430 0.2665991 0.1194704 0.1123600 0.1782425 0.2055478 0.2718103 0.1279243 0.2147872 0.2194518 0.1188591 0.2772868 0.1796436 0.2188499 0.2187930 0.2304042 0.0050154 0.1642834 0.2781281 0.1242405 0.1714295 0.0046618 0.0093029 0.2231909 0.2031597 0.1497840 0.2155859 0.1978520 0.0056235 0.2365532 0.1422747 0.1335792 0.0661715 0.0012786 0.1148307 0.0506196 0.1737408 0.0949615 0.1166912 0.2540395 0.2015229 0.2775897 0.2037317 0.0211166 0.1416487 0.1548587 0.2537033 0.0000010 0.0061561 0.0923346 0.0000010 0.2866903 0.2336285 0.1589721 0.1125082 0.0722508 0.0038944 0.2925041 
Perityle_coahuilensis_24                   0.2054260 0.0936269 0.2061226 0.3188466 0.3046170 0.1230156 0.2208243 0.1436540 0.3774472 0.2021516 0.1072588 0.1011813 0.2881261 0.0066866 0.0896794 0.1466806 0.2797738 0.4472384 0.1142764 0.0943230 0.0859497 0.2211025 0.0000000 0.0865947 0.2387372 0.0568451 0.0390084 0.2301566 0.1269578 0.1250460 0.1166257 0.1097043 0.2627910 0.1028435 0.0250692 0.1765859 0.0928647 0.2560443 0.0291583 0.0051221 0.0125000 0.2193662 0.2033029 0.1584603 0.2443382 0.2072075 0.0755922 0.3094355 0.2067459 0.1810616 0.0121540 0.1194391 0.0085326 0.0561452 0.0975288 0.0501204 0.0445139 0.0245460 0.2086117 0.0986405 0.0585871 0.0329084 0.0394600 0.0201344 0.0879338 0.1794826 0.0485592 0.2347287 0.1146857 0.0945804 0.0995480 0.0000010 0.2424738 0.0904666 0.2223004 0.1025450 0.0962410 0.2648603 0.0861748 0.0922013 0.0909869 0.0203329 0.1992188 0.2170492 
Perityle_cochisensis_44_cave_creek         0.1804486 0.1009089 0.2026352 0.2896758 0.2476123 0.1207859 0.1927589 0.1337242 0.3503562 0.1816775 0.0981910 0.0176272 0.1667263 0.0869804 0.0099063 0.2104822 0.1682107 0.3625468 0.1133493 0.0129662 0.0109190 0.0845353 0.0865947 0.0000000 0.0913779 0.0844811 0.1004313 0.1747588 0.1143438 0.1054630 0.0687237 0.0627626 0.1944220 0.0196782 0.0668821 0.1180640 0.0225327 0.2283166 0.0811144 0.0880179 0.0881774 0.1255639 0.0867808 0.1142656 0.2345483 0.0906729 0.0304854 0.0842711 0.0889276 0.1192789 0.0837922 0.0208123 0.0812845 0.0808556 0.0085396 0.0949090 0.0982938 0.0688555 0.0851314 0.0110833 0.0853150 0.0508408 0.0877181 0.0932875 0.0133778 0.1765887 0.0851662 0.2130896 0.0923781 0.0052060 0.0185556 0.0873834 0.1811419 0.0151021 0.0365886 0.0076843 0.0190477 0.2111725 0.1160896 0.0161688 0.0145470 0.0731770 0.0810083 0.1544969 
Perityle_congesta_202                      0.2482096 0.1108598 0.2293180 0.3442565 0.3182119 0.1423700 0.2282966 0.1395542 0.4127186 0.1895445 0.2325546 0.1188150 0.2300727 0.1787780 0.0279565 0.2544129 0.2585589 0.4606186 0.1712614 0.1051445 0.1312577 0.0102150 0.2387372 0.0913779 0.0000000 0.2164989 0.2483518 0.2923654 0.1302020 0.1219653 0.1911643 0.2328533 0.2810055 0.1273839 0.2216857 0.2417995 0.1255348 0.2891751 0.1897458 0.2395098 0.2295202 0.2496561 0.0109123 0.1680086 0.2946694 0.1339776 0.1792569 0.0078667 0.0127530 0.2441431 0.2097779 0.1605713 0.2233349 0.2137848 0.0140161 0.2575546 0.1536892 0.1423738 0.0704044 0.0071670 0.1211888 0.0677223 0.1809364 0.1009691 0.1349574 0.2481767 0.2101640 0.2784354 0.2040263 0.0342450 0.1470945 0.1592305 0.2678030 0.0074476 0.0099995 0.0989441 0.0079934 0.3058833 0.2527181 0.1869814 0.1124161 0.0807028 0.0102587 0.3511028 
Perityle_cordifolia_27                     0.2251537 0.1094156 0.2188795 0.3347044 0.3060335 0.1272495 0.2282223 0.1499743 0.3749109 0.2207597 0.1341491 0.0920252 0.2932131 0.0576544 0.0923884 0.1637565 0.2851436 0.4445275 0.1224169 0.1027202 0.0769084 0.2008799 0.0568451 0.0844811 0.2164989 0.0000000 0.0792261 0.2592088 0.1253691 0.1258889 0.1293091 0.1379077 0.2849474 0.0922112 0.0436544 0.1891515 0.0931523 0.2661372 0.0360912 0.0512803 0.0488234 0.2177308 0.1840518 0.1643038 0.2646639 0.2093324 0.0895100 0.2602407 0.1916005 0.1937362 0.0501968 0.1241546 0.0553431 0.0071504 0.0978658 0.0694647 0.0579284 0.0329156 0.1886057 0.0830109 0.0588579 0.0460292 0.0504274 0.0099683 0.0813633 0.2086338 0.0094286 0.2485507 0.1336140 0.0978518 0.1031432 0.0551908 0.2572364 0.0869084 0.1957412 0.0990533 0.0966663 0.2771590 0.1212414 0.1114281 0.0835189 0.0204035 0.1819815 0.2284555 
Perityle_cordifolia_68_tecolote            0.2236019 0.1165628 0.2225398 0.3239924 0.3105121 0.1311216 0.2260417 0.1550880 0.3901438 0.2147999 0.1267497 0.1185736 0.2905315 0.0427931 0.1016277 0.1641005 0.2878351 0.4651522 0.1310171 0.1092394 0.1031082 0.2244430 0.0390084 0.1004313 0.2483518 0.0792261 0.0000000 0.2453807 0.1333512 0.1360374 0.1389981 0.1296200 0.2786083 0.1196669 0.0440277 0.1888419 0.1051375 0.2708561 0.0435706 0.0400021 0.0409788 0.2333608 0.2050652 0.1746322 0.2681843 0.2153000 0.0928307 0.3146720 0.2180438 0.1955062 0.0377647 0.1358154 0.0353033 0.0707231 0.1094231 0.0674687 0.0052008 0.0398429 0.2185595 0.1149051 0.0848885 0.0545797 0.0594975 0.0410256 0.1011195 0.1878571 0.0687287 0.2429901 0.1334480 0.1102980 0.1140839 0.0366061 0.2493212 0.0992183 0.2380056 0.1176977 0.0998965 0.2708563 0.1036375 0.1095527 0.1080109 0.0287096 0.2049607 0.2375790 
Perityle_coronopifolia_28_patagonia        0.2340742 0.1189071 0.1468350 0.3146499 0.2133028 0.1078734 0.1889807 0.1310293 0.3719341 0.1934828 0.2465782 0.2262149 0.2858563 0.1535324 0.1925839 0.2167085 0.2992227 0.5491997 0.1864497 0.1957993 0.2182942 0.2665991 0.2301566 0.1747588 0.2923654 0.2592088 0.2453807 0.0000000 0.0860022 0.0811021 0.2179624 0.3172630 0.3094136 0.2228488 0.2203412 0.2988090 0.2063547 0.2112669 0.1700969 0.2289119 0.1978557 0.3282387 0.2351395 0.1903257 0.2271089 0.2422171 0.2285805 0.3522217 0.2736360 0.2940182 0.1860349 0.2494298 0.1885106 0.2320857 0.1362776 0.2038974 0.2099592 0.1979977 0.2606554 0.1471203 0.1835680 0.0852196 0.1729776 0.0790248 0.2284016 0.0185168 0.2191021 0.1688950 0.2207276 0.1178424 0.2239478 0.1368445 0.1199245 0.0996508 0.3165505 0.1865764 0.1060319 0.2208878 0.2407616 0.3207476 0.2036182 0.0675736 0.2382305 0.3496060 
Perityle_crassifolia_70_ventanas           0.1466605 0.1287764 0.1336637 0.1884858 0.1296919 0.1205972 0.1318150 0.1126060 0.2385469 0.0770882 0.1158023 0.1190215 0.1277394 0.1228783 0.1194744 0.1277462 0.1188250 0.3151776 0.1376774 0.1259749 0.1124508 0.1194704 0.1269578 0.1143438 0.1302020 0.1253691 0.1333512 0.0860022 0.0000000 0.0000010 0.1174350 0.1088710 0.1042675 0.1197593 0.0756591 0.1199571 0.1124413 0.1305206 0.1093927 0.1252661 0.1266843 0.1222546 0.1190184 0.1084415 0.1264661 0.1118081 0.0964933 0.1207511 0.1301351 0.1141877 0.1185168 0.1261547 0.1226174 0.1178298 0.1142141 0.0977001 0.1365933 0.0989074 0.1222823 0.1206405 0.1296822 0.0732461 0.1177823 0.1035920 0.1202340 0.0838459 0.1223322 0.1286205 0.1177626 0.1252723 0.1240436 0.1244164 0.0177835 0.1020151 0.1224138 0.1297802 0.0956477 0.1283465 0.1401811 0.1292999 0.1140214 0.0683419 0.1217350 0.1055933 
Perityle_crassifolia_74_playa_balandra     0.1402792 0.1303639 0.1443869 0.1712679 0.1233439 0.1306910 0.1628964 0.1521185 0.1807790 0.0610173 0.1207756 0.1090889 0.1074638 0.1247058 0.1037615 0.1268700 0.0963996 0.2138561 0.1575602 0.1177201 0.1050035 0.1123600 0.1250460 0.1054630 0.1219653 0.1258889 0.1360374 0.0811021 0.0000010 0.0000000 0.1071556 0.1008092 0.0992371 0.1039642 0.0602510 0.1073488 0.1046236 0.1502701 0.1100640 0.1255904 0.1284401 0.1204104 0.1121114 0.1000838 0.1461600 0.0984487 0.0778069 0.1154828 0.1252097 0.1025711 0.1262215 0.1111856 0.1228437 0.1121047 0.1041860 0.1102145 0.1336514 0.0960845 0.1151542 0.1168437 0.1219452 0.0655578 0.1148754 0.1048580 0.1100417 0.0812058 0.1232450 0.1539335 0.1102258 0.1078313 0.1107985 0.1269948 0.0172300 0.1005208 0.1150583 0.1247275 0.1086957 0.1525807 0.1319829 0.1189940 0.1015471 0.0679702 0.1166400 0.1072864 
Perityle_cuneata_34_cuneata_San_antonio    0.2145181 0.1001967 0.2210000 0.3014598 0.2717882 0.1375337 0.2004361 0.1322338 0.3966837 0.1902167 0.1113677 0.0983815 0.2385294 0.1209895 0.0450598 0.2178046 0.2493927 0.4201139 0.1077477 0.0777980 0.0802897 0.1782425 0.1166257 0.0687237 0.1911643 0.1293091 0.1389981 0.2179624 0.1174350 0.1071556 0.0000000 0.0405260 0.2373401 0.1007428 0.0965651 0.1394186 0.0830069 0.2649520 0.1027379 0.1133178 0.1082128 0.1579545 0.1597643 0.1235914 0.2615166 0.1680675 0.0483744 0.1758308 0.1861836 0.1385647 0.1088209 0.1188909 0.1180829 0.1257991 0.0564132 0.0986112 0.1159373 0.0826737 0.1806531 0.0825059 0.0825222 0.0423020 0.0874661 0.0972906 0.0914761 0.2099220 0.1183334 0.2425746 0.1028223 0.0406216 0.0885925 0.1085701 0.2262365 0.0467652 0.1448686 0.0789590 0.0564084 0.2438262 0.1188313 0.0929433 0.0879200 0.0692866 0.1701290 0.1788333 
Perityle_cuneata_4                         0.1795016 0.0955102 0.2319420 0.3040197 0.2810527 0.1190823 0.2089781 0.1159268 0.3097882 0.1807434 0.1108859 0.0786532 0.2673103 0.0890289 0.0374940 0.2358600 0.2873885 0.4178565 0.0911149 0.0688382 0.0775164 0.2055478 0.1097043 0.0627626 0.2328533 0.1379077 0.1296200 0.3172630 0.1088710 0.1008092 0.0405260 0.0000000 0.2421130 0.0876910 0.0890149 0.1824013 0.0857604 0.3120563 0.1005063 0.1022670 0.0991561 0.2236682 0.1696958 0.1364948 0.3248544 0.1801700 0.0482854 0.2803912 0.2166704 0.1819632 0.0983823 0.0808728 0.0956209 0.1153829 0.0436753 0.1039007 0.0993021 0.0601263 0.2018408 0.0478967 0.0683710 0.0294866 0.0719159 0.0824707 0.0797025 0.2302338 0.1110692 0.2646642 0.0942227 0.0355303 0.0766046 0.0805392 0.2516759 0.0429247 0.2081654 0.0724240 0.0449786 0.3041278 0.1133987 0.0959999 0.0797754 0.0605789 0.1825043 0.2206496 
Perityle_discoidea_81                      0.0604295 0.0863294 0.2313351 0.3386399 0.3085072 0.0935430 0.2639690 0.0989735 0.3086235 0.0000010 0.2596751 0.2287824 0.3308393 0.2120903 0.0914502 0.2891136 0.3779568 0.4548482 0.1764297 0.1947687 0.2223267 0.2718103 0.2627910 0.1944220 0.2810055 0.2849474 0.2786083 0.3094136 0.1042675 0.0992371 0.2373401 0.2421130 0.0000000 0.2297442 0.2073924 0.3012465 0.2083343 0.3395131 0.2281350 0.2608805 0.2464027 0.3269747 0.2253517 0.2279712 0.3566290 0.2047684 0.2026695 0.3048059 0.2793314 0.3098396 0.2271201 0.2270430 0.2494711 0.2832044 0.0637756 0.2785676 0.1398922 0.1368769 0.2792510 0.0694587 0.0971563 0.0652423 0.2161169 0.0844963 0.2321883 0.2417243 0.2677597 0.3040714 0.2393339 0.0717483 0.2143811 0.1558091 0.2783563 0.0694391 0.1977785 0.1991835 0.0672089 0.3407234 0.2760732 0.2556454 0.2164598 0.0653994 0.2417595 0.2964190 
Perityle_dissecta_201                      0.2051993 0.1016075 0.2131010 0.3050055 0.2835787 0.1267353 0.2160853 0.1316233 0.3881087 0.1858343 0.1218057 0.0342273 0.1950598 0.1072942 0.0137388 0.2286083 0.2210007 0.4144374 0.1242889 0.0329674 0.0204114 0.1279243 0.1028435 0.0196782 0.1273839 0.0922112 0.1196669 0.2228488 0.1197593 0.1039642 0.1007428 0.0876910 0.2297442 0.0000000 0.0812940 0.1386396 0.0285888 0.2540983 0.1033923 0.1033322 0.1025645 0.1485781 0.1084582 0.1224954 0.2626062 0.1335250 0.0555509 0.1265928 0.1217746 0.1429662 0.1035108 0.0633865 0.1027126 0.0884319 0.0069515 0.1098844 0.1090186 0.0771165 0.1176644 0.0091483 0.0942578 0.0412893 0.0990818 0.0913190 0.0263326 0.2169611 0.0962034 0.2537312 0.1147736 0.0155230 0.0430189 0.1033327 0.2357909 0.0111316 0.0753233 0.0329677 0.0079637 0.2554153 0.1349300 0.0385084 0.0271742 0.0628989 0.1087931 0.1880255 
Perityle_emoryi_47_punta_san_jose          0.1692782 0.0783142 0.2237159 0.3104134 0.3096442 0.0941422 0.2281417 0.1050533 0.2990526 0.1780489 0.0949687 0.0789924 0.2850401 0.0250466 0.0657376 0.1877811 0.2981116 0.4111841 0.0891259 0.0791195 0.0661814 0.2147872 0.0250692 0.0668821 0.2216857 0.0436544 0.0440277 0.2203412 0.0756591 0.0602510 0.0965651 0.0890149 0.2073924 0.0812940 0.0000000 0.1660935 0.0791635 0.3064731 0.0346441 0.0277368 0.0315438 0.1758129 0.1973667 0.1530403 0.3011604 0.1943261 0.0684930 0.2115503 0.2219064 0.1691291 0.0234242 0.0774423 0.0215031 0.0442412 0.0661984 0.0510806 0.0416254 0.0188016 0.2092796 0.0710481 0.0645319 0.0221183 0.0425755 0.0235482 0.0690462 0.2215127 0.0426117 0.2579968 0.1110732 0.0651203 0.0768558 0.0194942 0.2251000 0.0626321 0.1524568 0.0812735 0.0513409 0.2644361 0.1080599 0.0841425 0.0742446 0.0044009 0.2088604 0.1758389 
Perityle_feddemae_99                       0.2487506 0.1214043 0.1956501 0.2933068 0.3232902 0.1061677 0.2016376 0.1390251 0.3693371 0.2285356 0.1854068 0.1355175 0.2762510 0.1619341 0.0924169 0.2482717 0.3048123 0.4645547 0.1639384 0.1299815 0.1280053 0.2194518 0.1765859 0.1180640 0.2417995 0.1891515 0.1888419 0.2988090 0.1199571 0.1073488 0.1394186 0.1824013 0.3012465 0.1386396 0.1660935 0.0000000 0.1344996 0.2757409 0.1609712 0.1781285 0.1721763 0.0205694 0.1939646 0.0126349 0.2972542 0.1886026 0.1345809 0.2457778 0.2327309 0.0176459 0.1726655 0.1356614 0.1689539 0.1848409 0.0845618 0.1690601 0.1418009 0.1274811 0.2198601 0.0918170 0.1345160 0.0474325 0.1604202 0.1271146 0.1369429 0.2409758 0.1699045 0.2613654 0.1626191 0.0799039 0.1320814 0.1461327 0.2555033 0.0953076 0.1923422 0.1285999 0.0794612 0.2851359 0.1858482 0.1678505 0.1262223 0.0726499 0.2000619 0.1852953 
Perityle_fosteri_93                        0.1987097 0.0975373 0.2130515 0.3070409 0.2790063 0.1276351 0.2165761 0.1319242 0.3492314 0.1838759 0.0994730 0.0289541 0.1878638 0.0956834 0.0177207 0.2263331 0.2026505 0.4125506 0.1249444 0.0379066 0.0147175 0.1188591 0.0928647 0.0225327 0.1255348 0.0931523 0.1051375 0.2063547 0.1124413 0.1046236 0.0830069 0.0857604 0.2083343 0.0285888 0.0791635 0.1344996 0.0000000 0.2578319 0.0941049 0.0942627 0.0932495 0.1454807 0.1179927 0.1281982 0.2643763 0.1269058 0.0541866 0.1176458 0.1244605 0.1393434 0.0903969 0.0353552 0.0879158 0.0898283 0.0097838 0.0924270 0.1072023 0.0807570 0.1171146 0.0098332 0.0979254 0.0416321 0.1003498 0.0872038 0.0206128 0.2107329 0.0938845 0.2419548 0.1008619 0.0129642 0.0351029 0.0940409 0.2130316 0.0111690 0.0650589 0.0387522 0.0080061 0.2411957 0.1280223 0.0413223 0.0249035 0.0634297 0.1180280 0.1715885 
Perityle_gamon_221                         0.3024907 0.1589929 0.1926727 0.3799680 0.2860853 0.1388930 0.2253416 0.1347101 0.4003663 0.2927236 0.2636698 0.2583450 0.3114978 0.2204078 0.2112274 0.2703864 0.3153823 0.6024642 0.2215039 0.2523043 0.2518354 0.2772868 0.2560443 0.2283166 0.2891751 0.2661372 0.2708561 0.2112669 0.1305206 0.1502701 0.2649520 0.3120563 0.3395131 0.2540983 0.3064731 0.2757409 0.2578319 0.0000000 0.2389507 0.2576504 0.2646794 0.2687872 0.2595231 0.2232978 0.0132358 0.2721285 0.2995560 0.2875376 0.2894165 0.2739370 0.2568501 0.2692262 0.2524794 0.2619203 0.1410964 0.2308144 0.2356294 0.2384958 0.2885553 0.1460514 0.2053960 0.0286059 0.2447167 0.0999344 0.2601680 0.1979813 0.2646758 0.2055375 0.2559223 0.1530939 0.2607827 0.2074480 0.2385233 0.1051864 0.2473866 0.2357910 0.1161183 0.2165575 0.2612114 0.3130932 0.2585782 0.0633297 0.2649009 0.3588000 
Perityle_gentryi_8_san_francisco           0.1964892 0.0889588 0.2038547 0.2990189 0.2656011 0.1170938 0.2120986 0.1343720 0.3462332 0.2046159 0.1086918 0.0965483 0.2644177 0.0240217 0.0827522 0.1352084 0.2542812 0.3932182 0.1072128 0.0905776 0.0838785 0.1796436 0.0291583 0.0811144 0.1897458 0.0360912 0.0435706 0.1700969 0.1093927 0.1100640 0.1027379 0.1005063 0.2281350 0.1033923 0.0346441 0.1609712 0.0941049 0.2389507 0.0000000 0.0280591 0.0327601 0.1758103 0.1738913 0.1483784 0.2407517 0.1781607 0.0742119 0.1806699 0.1872518 0.1650098 0.0249617 0.1010993 0.0237043 0.0343395 0.0903804 0.0506475 0.0435039 0.0164764 0.1810213 0.0915043 0.0581201 0.0290693 0.0430566 0.0142459 0.0913290 0.1717608 0.0363639 0.2199822 0.1136362 0.0845954 0.0969562 0.0171631 0.1904910 0.0716449 0.1264738 0.0940656 0.0830865 0.2225751 0.0955883 0.1072494 0.0873449 0.0122972 0.1789412 0.1788295 
Perityle_gilensis_22_Superstition          0.2030892 0.0917111 0.2033554 0.3171412 0.3027796 0.1202402 0.2153815 0.1410167 0.3750152 0.2008712 0.1061607 0.0970716 0.2874099 0.0059985 0.0900913 0.1419131 0.2936289 0.4394565 0.1118440 0.0958786 0.0874734 0.2188499 0.0051221 0.0880179 0.2395098 0.0512803 0.0400021 0.2289119 0.1252661 0.1255904 0.1133178 0.1022670 0.2608805 0.1033322 0.0277368 0.1781285 0.0942627 0.2576504 0.0280591 0.0000000 0.0144876 0.1994176 0.2010082 0.1601308 0.2703033 0.2085511 0.0725127 0.2570496 0.2306144 0.1825688 0.0142057 0.1050245 0.0082592 0.0510755 0.0961211 0.0468458 0.0409439 0.0229370 0.2158958 0.1017934 0.0586745 0.0332063 0.0409310 0.0181130 0.0887858 0.1853613 0.0506444 0.2302025 0.1162514 0.0951616 0.0997133 0.0031958 0.2372254 0.0909456 0.2161199 0.1051444 0.0936467 0.2623316 0.0918925 0.0950972 0.0934650 0.0205145 0.2008681 0.2199192 
Perityle_gilensis_salensis_225             0.2025398 0.0934182 0.2075881 0.3131799 0.3016520 0.1233844 0.2194621 0.1432487 0.3634429 0.2022694 0.1147132 0.1004102 0.2838486 0.0127137 0.0896461 0.1483052 0.2841214 0.4465469 0.1139112 0.0986499 0.0847747 0.2187930 0.0125000 0.0881774 0.2295202 0.0488234 0.0409788 0.1978557 0.1266843 0.1284401 0.1082128 0.0991561 0.2464027 0.1025645 0.0315438 0.1721763 0.0932495 0.2646794 0.0327601 0.0144876 0.0000000 0.1851432 0.1992308 0.1613549 0.2638806 0.1976511 0.0813359 0.2206880 0.2312884 0.1767265 0.0152619 0.1007670 0.0116803 0.0474461 0.0974236 0.0517001 0.0410846 0.0263360 0.2223410 0.1044404 0.0588438 0.0454922 0.0423200 0.0200904 0.0921763 0.1897775 0.0483532 0.2330337 0.1172818 0.0974853 0.0975662 0.0033520 0.2264190 0.0945669 0.1799700 0.1057825 0.0962410 0.2410013 0.0953227 0.1051414 0.0943736 0.0245294 0.2047115 0.1995808 
Perityle_glaucescens_94                    0.2593352 0.1325133 0.1946784 0.2979778 0.3294750 0.1173025 0.1955700 0.1395296 0.3742501 0.2484741 0.2151060 0.1470939 0.2854035 0.1771096 0.1130967 0.2594536 0.3008673 0.4691702 0.1639251 0.1365023 0.1369268 0.2304042 0.2193662 0.1255639 0.2496561 0.2177308 0.2333608 0.3282387 0.1222546 0.1204104 0.1579545 0.2236682 0.3269747 0.1485781 0.1758129 0.0205694 0.1454807 0.2687872 0.1758103 0.1994176 0.1851432 0.0000000 0.2054143 0.0198152 0.2924650 0.1972024 0.1446067 0.3213945 0.2370314 0.0275153 0.1834440 0.1471278 0.1839385 0.1890478 0.0996402 0.1854612 0.1614223 0.1385193 0.2279029 0.1085575 0.1459505 0.0606432 0.1712198 0.1407699 0.1419780 0.2470699 0.1819463 0.2601055 0.1661712 0.0924476 0.1393352 0.1599466 0.2675032 0.1116668 0.2310608 0.1342102 0.0970889 0.2814102 0.2129756 0.2121535 0.1320735 0.0901411 0.2080761 0.2025011 
Perityle_gracilis_11                       0.2150049 0.1048936 0.2238934 0.3371650 0.2925494 0.1342119 0.2193864 0.1333813 0.4071491 0.1802055 0.1885593 0.1003637 0.1877362 0.1780707 0.0178935 0.2386938 0.2072484 0.4146667 0.1676510 0.0988112 0.1032236 0.0050154 0.2033029 0.0867808 0.0109123 0.1840518 0.2050652 0.2351395 0.1190184 0.1121114 0.1597643 0.1696958 0.2253517 0.1084582 0.1973667 0.1939646 0.1179927 0.2595231 0.1738913 0.2010082 0.1992308 0.2054143 0.0000000 0.1626827 0.2604634 0.1126019 0.1642997 0.0040008 0.0079357 0.1967778 0.2005365 0.1305555 0.1975768 0.1817185 0.0070075 0.2126858 0.1413559 0.1367915 0.0355450 0.0025431 0.1127989 0.0460478 0.1718568 0.0925211 0.0966163 0.2354223 0.1867175 0.2605481 0.1823859 0.0209511 0.1271180 0.1586087 0.2277312 0.0000010 0.0044097 0.0944999 0.0000010 0.2626420 0.2125548 0.1347370 0.1095708 0.0715566 0.0029939 0.2578592 
Perityle_harkerae_31                       0.2096630 0.1186036 0.1770049 0.2666473 0.2693711 0.1032924 0.1865229 0.1235496 0.3491421 0.2163795 0.1566793 0.1236627 0.2263662 0.1596713 0.0945308 0.2234056 0.2180194 0.3603115 0.1621283 0.1244869 0.1175713 0.1642834 0.1584603 0.1142656 0.1680086 0.1643038 0.1746322 0.1903257 0.1084415 0.1000838 0.1235914 0.1364948 0.2279712 0.1224954 0.1530403 0.0126349 0.1281982 0.2232978 0.1483784 0.1601308 0.1613549 0.0198152 0.1626827 0.0000000 0.2319359 0.1442430 0.1158973 0.1622441 0.1682039 0.0043928 0.1630423 0.1216865 0.1555157 0.1614153 0.0850456 0.1402227 0.1462675 0.1291791 0.1638400 0.0949438 0.1369424 0.0477066 0.1601983 0.1295910 0.1206838 0.1928165 0.1628676 0.2144751 0.1401430 0.0765386 0.1172319 0.1478454 0.1720522 0.0991903 0.1076731 0.1283811 0.0794861 0.2114133 0.1641648 0.1367719 0.1166755 0.0773537 0.1597471 0.1307155 
Perityle_hofmeisteria_4_nombre_de_dios     0.3025998 0.1564015 0.1945881 0.3758283 0.2865393 0.1386153 0.2295490 0.1403418 0.4059411 0.2936115 0.2667296 0.2631873 0.3118259 0.2245593 0.2116298 0.2695289 0.3080701 0.6046462 0.2256029 0.2559229 0.2580043 0.2781281 0.2443382 0.2345483 0.2946694 0.2646639 0.2681843 0.2271089 0.1264661 0.1461600 0.2615166 0.3248544 0.3566290 0.2626062 0.3011604 0.2972542 0.2643763 0.0132358 0.2407517 0.2703033 0.2638806 0.2924650 0.2604634 0.2319359 0.0000000 0.2770262 0.2976649 0.3005697 0.2706252 0.2948646 0.2572564 0.2782510 0.2527520 0.2525531 0.1463596 0.2438506 0.2337502 0.2367416 0.2912155 0.1499428 0.1993451 0.0327240 0.2411561 0.0974191 0.2580625 0.1985926 0.2628773 0.2049183 0.2584490 0.1560863 0.2643089 0.2056439 0.2446510 0.1090800 0.2631779 0.2409813 0.1189024 0.2318381 0.2619884 0.3251912 0.2636767 0.0631764 0.2671834 0.3570764 
