84
Amauria_brandeegeana_62                    0.0000000 0.0418450 0.1259618 0.2238352 0.1252481 0.0271263 0.1555671 0.0792810 0.3866006 0.0698584 0.1263303 0.1904540 0.1542102 0.1509720 0.1349977 0.1437143 0.2132048 0.1274232 0.0863319 0.1434515 0.1482897 0.1764780 0.1070703 0.1424623 0.1440466 0.1486639 0.1387654 0.1604955 0.1387029 0.0864565 0.1796812 0.0988492 0.2620553 0.0663617 0.1416452 0.2075388 0.0963193 0.1372175 0.1716668 0.1425930 0.1482136 0.1372454 0.1480054 0.1493835 0.2111506 0.1767255 0.1554337 0.1520787 0.1478056 0.1339615 0.0901886 0.1204281 0.1132034 0.1602000 0.1653857 0.1379211 0.1106864 0.1526079 0.1310738 0.1327692 0.1342812 0.1195408 0.0927740 0.1273676 0.2748430 0.1446725 0.1131900 0.1178620 0.1304512 0.0699063 0.1894923 0.2239179 0.1552860 0.1467999 0.1553027 0.1543930 0.0566860 0.1101015 0.1872473 0.1694832 0.2222617 0.1396702 0.1504248 0.1336857 
Amauria_carterae_99_mesa                   0.0418450 0.0000000 0.1186058 0.2291347 0.0947656 0.0748183 0.1575688 0.1240822 0.2027351 0.1157657 0.1422497 0.1654216 0.1696300 0.1585450 0.1481129 0.1448082 0.1658649 0.1215814 0.1157472 0.1582402 0.1256334 0.1724502 0.1177774 0.1495511 0.1604234 0.1515028 0.1520478 0.1233880 0.1465906 0.1071052 0.1335388 0.1391817 0.7287960 0.1042848 0.1522482 0.2235086 0.1175930 0.1620836 0.1647166 0.1498711 0.1604796 0.1218098 0.1567514 0.1264440 0.1447517 0.1579222 0.0971467 0.1606057 0.1589112 0.1167456 0.1383781 0.1332311 0.1507483 0.1547777 0.1680616 0.1600798 0.1444680 0.1391720 0.1612996 0.1565545 0.1166316 0.0978328 0.1216821 0.1244356 0.1609817 0.1434825 0.1284706 0.1385101 0.1412645 0.1170087 0.1623876 0.1926512 0.1230513 0.1705806 0.1679835 0.1695159 0.1364749 0.1360321 0.1440950 0.1588362 0.1666316 0.1433016 0.1581004 0.1118367 
Amauria_rotundifolia_SRR9119150            0.1259618 0.1186058 0.0000000 0.3261992 0.1843008 0.0820474 0.2163513 0.1819537 0.3270798 0.2219321 0.2514528 0.2824316 0.2638671 0.2702529 0.2364977 0.2738104 0.2960256 0.1407455 0.1980263 0.2324685 0.2163633 0.3368225 0.1585035 0.2844043 0.2409493 0.2575444 0.2678883 0.3087781 0.2484657 0.1398176 0.1936263 0.1381889 0.7535364 0.2363723 0.2988280 0.3801608 0.1967573 0.2108676 0.2677172 0.2479642 0.2543725 0.2263110 0.2753889 0.2242941 0.2528259 0.3173438 0.2452358 0.2650053 0.2729482 0.2176071 0.2145278 0.2380999 0.2217618 0.2581603 0.2579522 0.2699583 0.2292170 0.2369678 0.2443525 0.2709774 0.2497326 0.1447815 0.2609807 0.1775766 0.2762398 0.2466169 0.2219004 0.2622407 0.2261206 0.1052623 0.2862442 0.3439750 0.1983329 0.2721433 0.2801660 0.2815388 0.1554406 0.2506190 0.2664109 0.2281908 0.2705627 0.2067860 0.2624964 0.1816313 
Conoclinium_coelestinum_SRR9119114         0.2238352 0.2291347 0.3261992 0.0000000 0.3153708 0.2002286 0.1863552 0.2266787 0.3972459 0.2838489 0.3116221 0.2888012 0.2744569 0.2800465 0.2849017 0.2718928 0.2867903 0.3069505 0.2716376 0.2610107 0.2232897 0.3196706 0.1963166 0.2731002 0.2776234 0.2666459 0.2837477 0.2788379 0.2756614 0.2998785 0.2560790 0.2579636 0.7554952 0.2776827 0.2715979 0.4181707 0.2452757 0.2685611 0.2827342 0.2495240 0.2537850 0.2566125 0.2750336 0.2533591 0.2826200 0.2813899 0.2633140 0.2645069 0.2660679 0.2480998 0.2414327 0.2619407 0.2464895 0.2591709 0.2906000 0.2923056 0.2859391 0.2740392 0.2572090 0.2603131 0.2668358 0.1752065 0.2810821 0.2166777 0.2770751 0.2740621 0.2510752 0.3572686 0.2623352 0.1722172 0.2993138 0.3398249 0.3043230 0.2836477 0.2761146 0.2626620 0.1993230 0.3547041 0.2717670 0.2737210 0.2797618 0.2394510 0.2663155 0.3055790 
Eutetras_palmeri_63                        0.1252481 0.0947656 0.1843008 0.3153708 0.0000000 0.0014617 0.2203606 0.1713810 0.3105061 0.1912985 0.1888341 0.2397259 0.2437291 0.2387931 0.2171268 0.2081686 0.2302518 0.1941621 0.1714629 0.2253452 0.2019323 0.2373674 0.1670737 0.2263540 0.2136545 0.2504076 0.2288990 0.2164132 0.2299919 0.1564085 0.1675314 0.1416821 0.7462573 0.1902903 0.2164258 0.2922953 0.1682128 0.2093960 0.2396377 0.2305363 0.2358322 0.2091613 0.2270946 0.2071893 0.2236679 0.2360014 0.2147447 0.2282810 0.2610242 0.2000505 0.1776085 0.2052823 0.2124944 0.2330700 0.2350143 0.2185282 0.2058697 0.2140727 0.2393001 0.2252458 0.2077234 0.1284301 0.1963619 0.1622318 0.2357578 0.2273676 0.2063660 0.0816278 0.1997332 0.1068439 0.2546535 0.2920502 0.1772278 0.2577866 0.2385302 0.2390547 0.1452277 0.0792318 0.2317885 0.2308228 0.2358145 0.1768300 0.2302596 0.1800558 
Eutetras_pringlei_149_quer                 0.0271263 0.0748183 0.0820474 0.2002286 0.0014617 0.0000000 0.1265743 0.0920131 0.1363682 0.0696223 0.1015501 0.1199759 0.1342451 0.1253515 0.1241338 0.1152099 0.1234458 0.0877531 0.1099331 0.1180655 0.1065219 0.1218366 0.1163602 0.1189321 0.1287648 0.1169933 0.1125197 0.0936503 0.1235026 0.0939478 0.0815654 0.0755828 0.7800974 0.0712788 0.1119437 0.1718461 0.1000239 0.1219373 0.1258890 0.1116503 0.1212397 0.1019958 0.1231028 0.1050690 0.1132843 0.1300497 0.0833452 0.1188894 0.1193779 0.0970218 0.1081728 0.1043074 0.1188889 0.1201102 0.1246747 0.1241441 0.1251829 0.1196694 0.1191485 0.1135167 0.0989711 0.0924972 0.0997588 0.1148515 0.1269354 0.1258785 0.1053688 0.0435502 0.0994207 0.1000033 0.1216316 0.1151745 0.1041054 0.1287752 0.1286464 0.1218660 0.1153542 0.0423988 0.1190765 0.1218922 0.1268697 0.1041447 0.1224921 0.0872854 
Eutrochium_fistulosum_SRR9119106           0.1555671 0.1575688 0.2163513 0.1863552 0.2203606 0.1265743 0.0000000 0.1689323 0.3387477 0.2088814 0.2085485 0.2241480 0.2117181 0.2228674 0.2008424 0.2200045 0.2111283 0.2057002 0.2061477 0.1998603 0.1860815 0.2783156 0.1429834 0.2094625 0.2055156 0.1926374 0.2139737 0.2249731 0.2095480 0.1891771 0.2128273 0.1839010 0.7299093 0.2061731 0.1928315 0.3389853 0.1802671 0.1888147 0.2280329 0.1857614 0.1875426 0.1985088 0.2131289 0.2000628 0.2174625 0.2092087 0.1847236 0.2042235 0.2104859 0.1916561 0.1619004 0.1914664 0.1772913 0.2021128 0.2127582 0.2444192 0.2014026 0.2019975 0.1976950 0.1993842 0.2147744 0.1268185 0.2264035 0.1596603 0.2123550 0.2110640 0.1833640 0.2524115 0.2076874 0.1077683 0.2149668 0.2742497 0.2072641 0.2225957 0.2147595 0.2109459 0.1484214 0.2516882 0.2188736 0.2058256 0.2150726 0.1934882 0.2038655 0.1976220 
Galeana_pratensis_104_mex                  0.0792810 0.1240822 0.1819537 0.2266787 0.1713810 0.0920131 0.1689323 0.0000000 0.1884613 0.0927333 0.1320671 0.1037310 0.1105708 0.1063270 0.1001790 0.1047127 0.1000614 0.1551679 0.1052580 0.0979588 0.0841154 0.1106532 0.0642352 0.0962488 0.1092601 0.1041172 0.1061846 0.0973477 0.1065734 0.1451439 0.1402600 0.1219631 0.6326752 0.0966714 0.0951810 0.2182529 0.1053472 0.0980443 0.1197819 0.0912241 0.0869081 0.1069052 0.0983660 0.1112577 0.1135859 0.1121696 0.0820058 0.0972670 0.0980289 0.1046364 0.0874711 0.0930272 0.0982724 0.1075316 0.1032730 0.0986197 0.1026023 0.1052127 0.0967535 0.0968116 0.0942060 0.0700355 0.1041386 0.0796726 0.1063240 0.1124365 0.0938476 0.1594763 0.1105106 0.0491131 0.1031893 0.1256222 0.1419413 0.1024953 0.0995558 0.0969675 0.0756744 0.1551871 0.1122174 0.1110350 0.1064035 0.0836092 0.0972262 0.1479207 
Helianthus_annuus_SRR9119062               0.3866006 0.2027351 0.3270798 0.3972459 0.3105061 0.1363682 0.3387477 0.1884613 0.0000000 0.3193795 0.3703107 0.3180527 0.3320669 0.3384541 0.2555389 0.2934918 0.3223040 0.2725685 0.2627725 0.2910153 0.2843279 0.3343536 0.1778379 0.3078835 0.3222475 0.3149234 0.3013798 0.3525695 0.3113628 0.3012625 0.2169628 0.2978524 0.6417366 0.3205424 0.2857727 0.4123484 0.2456956 0.2685728 0.3476470 0.3006513 0.3003002 0.2944681 0.3212092 0.3036658 0.3290634 0.3155623 0.3282239 0.3231340 0.3386441 0.2976929 0.2528263 0.2762192 0.3115029 0.3430429 0.3049109 0.3126722 0.2456776 0.2781375 0.3239853 0.2702283 0.2901036 0.1931054 0.2585419 0.2083649 0.3651516 0.3109202 0.2735981 0.3264378 0.2797017 0.1396377 0.2942224 0.3501318 0.3422391 0.3560257 0.2880593 0.3273280 0.1738477 0.3299824 0.3566757 0.3012146 0.3401400 0.2185436 0.2804938 0.3353182 
Lycapsus_tenuifolius_17                    0.0698584 0.1157657 0.2219321 0.2838489 0.1912985 0.0696223 0.2088814 0.0927333 0.3193795 0.0000000 0.1280752 0.1980371 0.1625874 0.1586333 0.1881723 0.1971537 0.2218035 0.1916161 0.1239935 0.1640091 0.1491142 0.2422799 0.1323279 0.1554280 0.1497449 0.1549788 0.1642376 0.1702244 0.1616999 0.1564061 0.1159394 0.1561317 0.3735495 0.0090805 0.1727029 0.1706153 0.1193370 0.1515091 0.1785777 0.1447222 0.1517927 0.1601590 0.1584340 0.1640205 0.1985814 0.2100208 0.1441913 0.1571887 0.1587625 0.1614603 0.1178926 0.1315934 0.1294278 0.1574879 0.1770938 0.1889656 0.1396524 0.1729545 0.1474820 0.1539748 0.1583923 0.1182459 0.1675321 0.1373010 0.2278425 0.1630712 0.1427867 0.2304197 0.1496311 0.0770401 0.2106783 0.1868841 0.1086274 0.1906908 0.1700655 0.1670669 0.0752525 0.2265060 0.1892234 0.1813928 0.2062211 0.1590215 0.1604522 0.2357775 
Pericome_caudata_50_silver                 0.1263303 0.1422497 0.2514528 0.3116221 0.1888341 0.1015501 0.2085485 0.1320671 0.3703107 0.1280752 0.0000000 0.2130678 0.1793078 0.1805760 0.1930089 0.2229294 0.2332371 0.1915072 0.1391598 0.1846509 0.1711676 0.2398931 0.1593703 0.1668956 0.1713732 0.1782945 0.1812834 0.2272570 0.1764767 0.1511457 0.1669355 0.1598693 0.4252178 0.1829685 0.1939537 0.2420090 0.1344782 0.1677324 0.2017632 0.1785213 0.1682458 0.1761680 0.1665241 0.1827217 0.2240310 0.2155242 0.1733399 0.1739769 0.1794208 0.1752318 0.1250637 0.1534516 0.1444895 0.1899155 0.2009527 0.2072952 0.1397262 0.1818105 0.1723810 0.1705728 0.1965591 0.1139904 0.1987264 0.1455576 0.2395978 0.1754541 0.1693800 0.2638004 0.1521303 0.1029413 0.2209472 0.2115428 0.1530753 0.2096928 0.1802130 0.1851118 0.0908641 0.2611550 0.2152195 0.1989644 0.2205207 0.1766604 0.1765009 0.2816038 
Perityle_aglossa_84_dead_horse             0.1904540 0.1654216 0.2824316 0.2888012 0.2397259 0.1199759 0.2241480 0.1037310 0.3180527 0.1980371 0.2130678 0.0000000 0.0565784 0.0391013 0.0477645 0.1288521 0.0299822 0.2100054 0.1396506 0.0239102 0.0210446 0.0744840 0.0525148 0.0379072 0.0382484 0.0499832 0.0957070 0.1093740 0.1334760 0.1946413 0.1761737 0.1932987 0.6615820 0.1882515 0.0384106 0.3457739 0.1218150 0.0242890 0.0976935 0.0543717 0.0426872 0.1136093 0.0303254 0.1126752 0.1373126 0.0443520 0.1292954 0.0491711 0.0647685 0.1221875 0.0432095 0.0456887 0.0322068 0.0600480 0.0249073 0.1325261 0.0749963 0.0527195 0.0431542 0.0484312 0.1163539 0.1245745 0.1429592 0.0352434 0.0301708 0.1229822 0.0303800 0.2711308 0.1134711 0.0240804 0.0499523 0.1389275 0.2070388 0.0734780 0.0530093 0.0521870 0.0296573 0.2559489 0.1449014 0.0706660 0.0257821 0.0833517 0.0439608 0.2275017 
Perityle_ajoensis_204                      0.1542102 0.1696300 0.2638671 0.2744569 0.2437291 0.1342451 0.2117181 0.1105708 0.3320669 0.1625874 0.1793078 0.0565784 0.0000000 0.0240272 0.0647445 0.1500999 0.0840046 0.2058488 0.1482088 0.0260741 0.0238678 0.0758111 0.0625646 0.0157610 0.0248818 0.0206869 0.0810858 0.0663777 0.1256653 0.1888615 0.1586352 0.1868045 0.3897751 0.1666699 0.0555426 0.2322544 0.1330317 0.0294502 0.0893669 0.0129402 0.0274383 0.1098432 0.0103633 0.1104736 0.1497140 0.0793799 0.1362686 0.0145421 0.0323146 0.1268482 0.0145689 0.0257906 0.0166188 0.0782291 0.0427895 0.1348363 0.0593863 0.0474704 0.0203978 0.0210797 0.1107109 0.1303823 0.1564855 0.0382539 0.0785328 0.1212114 0.0364610 0.3040205 0.1125686 0.0396208 0.0705511 0.0932166 0.2322718 0.0629249 0.0244977 0.0224295 0.0099625 0.2887760 0.1619803 0.0723649 0.0596066 0.0892219 0.0278596 0.2470543 
Perityle_ambrosiifolia_67_green            0.1509720 0.1585450 0.2702529 0.2800465 0.2387931 0.1253515 0.2228674 0.1063270 0.3384541 0.1586333 0.1805760 0.0391013 0.0240272 0.0000000 0.0602395 0.1224455 0.0383233 0.2103338 0.1351286 0.0199881 0.0288288 0.0706491 0.0540526 0.0178659 0.0313367 0.0216744 0.0766667 0.0880865 0.1165421 0.1935980 0.1767009 0.1805425 0.4019722 0.1579177 0.0175103 0.2306817 0.1091546 0.0136526 0.0965531 0.0183864 0.0286702 0.1092175 0.0152661 0.1079359 0.1451804 0.0342026 0.1352626 0.0200281 0.0371530 0.1043896 0.0164372 0.0264847 0.0116014 0.0814548 0.0226746 0.1241343 0.0584719 0.0472535 0.0231672 0.0172921 0.1150456 0.1269736 0.1329922 0.0395553 0.0804356 0.1181524 0.0402950 0.2502502 0.1071545 0.0334025 0.0328069 0.0945053 0.2324314 0.0655354 0.0285757 0.0261332 0.0089802 0.2581833 0.1446769 0.0759241 0.0558156 0.0870483 0.0246951 0.2529718 
Perityle_angustifolia_13_Eagle_creek       0.1349977 0.1481129 0.2364977 0.2849017 0.2171268 0.1241338 0.2008424 0.1001790 0.2555389 0.1881723 0.1930089 0.0477645 0.0647445 0.0602395 0.0000000 0.1042324 0.0463668 0.1876251 0.1451400 0.0372100 0.0213333 0.0648537 0.0334846 0.0548461 0.0647451 0.0528615 0.0913164 0.1004077 0.1197683 0.1894042 0.1651806 0.1491587 0.7216292 0.1957471 0.0527561 0.2890019 0.0934724 0.0232588 0.1010616 0.0364730 0.0533017 0.0922142 0.0588483 0.0946918 0.1188452 0.0650435 0.0912113 0.0566036 0.0579919 0.0877475 0.0603097 0.0582631 0.0386704 0.0855319 0.0308227 0.1251658 0.0726439 0.0683689 0.0464784 0.0544094 0.1132225 0.1177263 0.1131769 0.0311446 0.0594661 0.1227015 0.0633284 0.2205774 0.1158699 0.0181403 0.0484755 0.1511697 0.2095804 0.0824313 0.0657731 0.0605003 0.0083316 0.2349309 0.1276928 0.0709662 0.0592262 0.0656907 0.0473117 0.2218608 
Perityle_batopilensis_97                   0.1437143 0.1448082 0.2738104 0.2718928 0.2081686 0.1152099 0.2200045 0.1047127 0.2934918 0.1971537 0.2229294 0.1288521 0.1500999 0.1224455 0.1042324 0.0000000 0.1586563 0.2195798 0.1335291 0.1223548 0.0790627 0.1516126 0.1061585 0.1117084 0.1232908 0.1561654 0.1554821 0.0793503 0.1038694 0.2149928 0.1759157 0.2259985 0.7150708 0.1678015 0.1373264 0.3362303 0.1165248 0.1351667 0.1537324 0.1467505 0.1595948 0.1107091 0.1055582 0.1093608 0.1153655 0.1710748 0.0860158 0.1466990 0.1715620 0.1257859 0.1707559 0.1260726 0.1351523 0.1203532 0.1378770 0.0418161 0.0973053 0.0968779 0.1547473 0.1475968 0.0220121 0.0766404 0.1236336 0.0725921 0.1497724 0.0890662 0.0811312 0.2564587 0.1052477 0.0525312 0.1748148 0.2334848 0.1968267 0.1622512 0.1468748 0.1310064 0.0711748 0.2483474 0.1166191 0.1417879 0.1453733 0.0320013 0.1425366 0.2252133 
Perityle_bisetosa_9                        0.2132048 0.1658649 0.2960256 0.2867903 0.2302518 0.1234458 0.2111283 0.1000614 0.3223040 0.2218035 0.2332371 0.0299822 0.0840046 0.0383233 0.0463668 0.1586563 0.0000000 0.2075983 0.1522740 0.0005546 0.0083197 0.0680356 0.0626908 0.0460524 0.0438030 0.0697279 0.1383053 0.1179943 0.1554729 0.1824794 0.1671984 0.2079286 0.6812259 0.2275395 0.0176391 0.3571369 0.1348376 0.0030934 0.1113395 0.0834138 0.0753582 0.1206518 0.0353496 0.1136358 0.1479051 0.0162943 0.1333746 0.0747653 0.1084198 0.1662760 0.0790080 0.0671685 0.0428897 0.0648879 0.0029924 0.1315345 0.0875634 0.0411301 0.0865396 0.0955029 0.1057852 0.1148259 0.1434798 0.0299253 0.0627466 0.1281171 0.0271642 0.2961488 0.1118151 0.0149322 0.0184054 0.1354676 0.1998194 0.1435799 0.0812049 0.0631473 0.0632110 0.2726822 0.1629693 0.0725005 0.0386340 0.0784373 0.0763383 0.2864750 
Perityle_californica_76_positas            0.1274232 0.1215814 0.1407455 0.3069505 0.1941621 0.0877531 0.2057002 0.1551679 0.2725685 0.1916161 0.1915072 0.2100054 0.2058488 0.2103338 0.1876251 0.2195798 0.2075983 0.0000000 0.1888268 0.1854332 0.1595895 0.2816704 0.1324499 0.2015445 0.2100010 0.1709852 0.2044643 0.2026125 0.2115098 0.1397961 0.1777784 0.1281392 0.7540905 0.1977535 0.1932827 0.3362420 0.1712494 0.1907121 0.2055334 0.1717007 0.1870479 0.1888161 0.2023104 0.1912379 0.2092325 0.2106311 0.1850294 0.1988449 0.2068948 0.1837505 0.1578029 0.1751460 0.1769421 0.1784875 0.2042824 0.2411400 0.1875008 0.1811011 0.1840435 0.1936160 0.2083924 0.1117228 0.2387295 0.1504529 0.2006185 0.2114302 0.1636970 0.2348796 0.2088507 0.1141405 0.2123982 0.2670775 0.1966993 0.2104919 0.2023888 0.2050511 0.1288194 0.2337181 0.2267150 0.1867049 0.2053243 0.1783315 0.1926865 0.0590100 
Perityle_canescens_77                      0.0863319 0.1157472 0.1980263 0.2716376 0.1714629 0.1099331 0.2061477 0.1052580 0.2627725 0.1239935 0.1391598 0.1396506 0.1482088 0.1351286 0.1451400 0.1335291 0.1522740 0.1888268 0.0000000 0.1285979 0.1028498 0.1887116 0.1319885 0.1281147 0.1386428 0.1415184 0.1377874 0.1000693 0.1070709 0.1639964 0.1687852 0.1484830 0.6702542 0.1234888 0.1357932 0.3255942 0.0952397 0.1356382 0.1573673 0.1418813 0.1526455 0.0987900 0.1282774 0.1061841 0.1110300 0.1687287 0.0592999 0.1363575 0.1587903 0.0966408 0.1286199 0.1201224 0.1307464 0.1346026 0.1421864 0.1265404 0.1204794 0.1278159 0.1383468 0.1344548 0.0946351 0.0797899 0.1231513 0.1052550 0.1370572 0.1076130 0.1011040 0.1969618 0.0936230 0.1000919 0.1742917 0.2081080 0.1578963 0.1560176 0.1436249 0.1404588 0.0960137 0.1914412 0.0850988 0.1469080 0.1432300 0.1117448 0.1342524 0.1574401 
Perityle_castillonii_96                    0.1434515 0.1582402 0.2324685 0.2610107 0.2253452 0.1180655 0.1998603 0.0979588 0.2910153 0.1640091 0.1846509 0.0239102 0.0260741 0.0199881 0.0372100 0.1223548 0.0005546 0.1854332 0.1285979 0.0000000 0.0093021 0.0678323 0.0404131 0.0164108 0.0175471 0.0245485 0.0599723 0.0505276 0.1094701 0.1774086 0.1618552 0.1735047 0.6563557 0.1506836 0.0046796 0.3270404 0.0986383 0.0012948 0.0747790 0.0198928 0.0087019 0.0944116 0.0155868 0.0993012 0.1000426 0.0140929 0.0923569 0.0201101 0.0168529 0.0928296 0.0138796 0.0235884 0.0076748 0.0411023 0.0040474 0.1249454 0.0539662 0.0424773 0.0129979 0.0110186 0.1039457 0.1152872 0.1250183 0.0302029 0.0167491 0.1096132 0.0235128 0.2533453 0.0919320 0.0090328 0.0193104 0.1215784 0.1811700 0.0577895 0.0268893 0.0102651 0.0097730 0.2634667 0.1109441 0.0519236 0.0194767 0.0789592 0.0199006 0.2007464 
Perityle_cernua_84                         0.1482897 0.1256334 0.2163633 0.2232897 0.2019323 0.1065219 0.1860815 0.0841154 0.2843279 0.1491142 0.1711676 0.0210446 0.0238678 0.0288288 0.0213333 0.0790627 0.0083197 0.1595895 0.1028498 0.0093021 0.0000000 0.0185470 0.0433268 0.0218750 0.0202730 0.0330604 0.0586432 0.0523595 0.0788667 0.1781391 0.1393932 0.1782833 0.6531650 0.1370903 0.0146152 0.2610274 0.0688171 0.0104513 0.0835026 0.0245290 0.0150152 0.0690097 0.0190540 0.0702361 0.0762027 0.0211003 0.0813258 0.0226824 0.0184946 0.0655927 0.0152791 0.0321140 0.0093285 0.0497750 0.0097722 0.0725847 0.0546264 0.0469612 0.0126722 0.0109545 0.0746099 0.0932250 0.0725918 0.0287314 0.0211103 0.0799675 0.0312794 0.2021332 0.0664050 0.0152567 0.0342837 0.1893196 0.1617816 0.0286368 0.0259868 0.0178327 0.0094268 0.1988186 0.0861515 0.0538680 0.0210562 0.0598617 0.0171348 0.1697595 
Perityle_cfvillosa_25_tin                  0.1764780 0.1724502 0.3368225 0.3196706 0.2373674 0.1218366 0.2783156 0.1106532 0.3343536 0.2422799 0.2398931 0.0744840 0.0758111 0.0706491 0.0648537 0.1516126 0.0680356 0.2816704 0.1887116 0.0678323 0.0185470 0.0000000 0.0635757 0.0588699 0.0674366 0.0757789 0.1074508 0.0879299 0.1634083 0.2507785 0.1591521 0.2479713 0.6935180 0.2309987 0.0690997 0.3943957 0.1704718 0.0801067 0.1461822 0.0825851 0.0697187 0.1547779 0.0500614 0.1602498 0.1628190 0.0820565 0.1638395 0.0704139 0.0806354 0.1539601 0.0891272 0.0737976 0.0733510 0.0966750 0.0720966 0.1540651 0.0629724 0.0700963 0.0590518 0.0484434 0.1301367 0.1300896 0.1727160 0.0353726 0.0691733 0.1653610 0.0614954 0.2893051 0.1676060 0.0210138 0.0891619 0.1657783 0.2548341 0.1264276 0.0744701 0.0746546 0.0055804 0.2955157 0.1719892 0.1168058 0.0731553 0.0809365 0.0727479 0.2936553 
Perityle_cinerea_113_Powell1310            0.1070703 0.1177774 0.1585035 0.1963166 0.1670737 0.1163602 0.1429834 0.0642352 0.1778379 0.1323279 0.1593703 0.0525148 0.0625646 0.0540526 0.0334846 0.1061585 0.0626908 0.1324499 0.1319885 0.0404131 0.0433268 0.0635757 0.0000000 0.0704352 0.0714395 0.0437540 0.0696346 0.0857171 0.1129528 0.1314838 0.0989873 0.1373279 0.6771759 0.1565612 0.0468418 0.2218547 0.0964641 0.0320169 0.0743020 0.0331815 0.0518167 0.1048511 0.0596933 0.0985004 0.1130957 0.0805618 0.0935962 0.0603549 0.0738014 0.0979735 0.0370782 0.0518939 0.0337888 0.0503418 0.0371888 0.1233351 0.0355772 0.0363466 0.0454276 0.0701248 0.1023349 0.0926794 0.1001315 0.0275187 0.0720003 0.1189212 0.0416712 0.1692856 0.1070489 0.0624950 0.0374442 0.0718313 0.1636059 0.0763461 0.0785138 0.0646986 0.0263356 0.1683862 0.1237446 0.0323329 0.0748202 0.0363782 0.0608102 0.1692127 
Perityle_coahuilensis_24                   0.1424623 0.1495511 0.2844043 0.2731002 0.2263540 0.1189321 0.2094625 0.0962488 0.3078835 0.1554280 0.1668956 0.0379072 0.0157610 0.0178659 0.0548461 0.1117084 0.0460524 0.2015445 0.1281147 0.0164108 0.0218750 0.0588699 0.0704352 0.0000000 0.0216360 0.0141437 0.0733740 0.0981885 0.1097943 0.1821047 0.1496860 0.1763102 0.3730090 0.2254603 0.0170731 0.1975396 0.1002483 0.0107111 0.0863072 0.0081672 0.0092206 0.0996003 0.0072926 0.1000645 0.1298008 0.0341776 0.1148506 0.0095778 0.0286868 0.0958559 0.0048736 0.0215731 0.0089677 0.0574181 0.0244798 0.1150413 0.0494943 0.0378477 0.0191954 0.0245976 0.1051520 0.1209385 0.1313777 0.0322014 0.0737437 0.1101511 0.0275948 0.2711110 0.0979056 0.0274312 0.0307969 0.0628186 0.2228488 0.0572153 0.0227639 0.0361690 0.0045063 0.2753392 0.1367232 0.0676528 0.0492330 0.0786535 0.0294233 0.3007172 
Perityle_cochisensis_44_cave_creek         0.1440466 0.1604234 0.2409493 0.2776234 0.2136545 0.1287648 0.2055156 0.1092601 0.3222475 0.1497449 0.1713732 0.0382484 0.0248818 0.0313367 0.0647451 0.1232908 0.0438030 0.2100010 0.1386428 0.0175471 0.0202730 0.0674366 0.0714395 0.0216360 0.0000000 0.0238652 0.0688949 0.0861824 0.1190768 0.1835250 0.1595340 0.1587397 0.3913659 0.1670822 0.0188921 0.2181486 0.1086041 0.0142838 0.0826310 0.0242078 0.0333710 0.1100067 0.0204709 0.1134981 0.1540225 0.0335580 0.1248190 0.0194903 0.0256141 0.1053976 0.0229815 0.0203184 0.0152156 0.0758876 0.0179515 0.1314120 0.0585730 0.0488556 0.0135766 0.0089902 0.1117352 0.1265571 0.1394424 0.0394994 0.0788242 0.1212249 0.0335019 0.2502720 0.1110181 0.0333559 0.0372011 0.0946555 0.2135235 0.0822784 0.0186852 0.0277338 0.0062783 0.2588731 0.1438390 0.0726262 0.0532020 0.0901864 0.0320929 0.2394475 
Perityle_congesta_202                      0.1486639 0.1515028 0.2575444 0.2666459 0.2504076 0.1169933 0.1926374 0.1041172 0.3149234 0.1549788 0.1782945 0.0499832 0.0206869 0.0216744 0.0528615 0.1561654 0.0697279 0.1709852 0.1415184 0.0245485 0.0330604 0.0757789 0.0437540 0.0141437 0.0238652 0.0000000 0.0787515 0.0620349 0.1170912 0.1862109 0.1511438 0.1818178 0.3890578 0.1639238 0.0356953 0.2137308 0.1136091 0.0236155 0.0803363 0.0140875 0.0205832 0.1104571 0.0117082 0.1087370 0.1538093 0.0572683 0.1185085 0.0095528 0.0180776 0.1069848 0.0083035 0.0231747 0.0129622 0.0684484 0.0402721 0.1422350 0.0480625 0.0355124 0.0194518 0.0171223 0.1145388 0.0985712 0.1569613 0.0237402 0.0829280 0.1192141 0.0343252 0.2864017 0.1098364 0.0214299 0.0464068 0.0757680 0.2325075 0.0565247 0.0139633 0.0211111 0.0018478 0.2843665 0.1519648 0.0730926 0.0592022 0.0762400 0.0260478 0.2558706 
Perityle_cordifolia_27                     0.1387654 0.1520478 0.2678883 0.2837477 0.2288990 0.1125197 0.2139737 0.1061846 0.3013798 0.1642376 0.1812834 0.0957070 0.0810858 0.0766667 0.0913164 0.1554821 0.1383053 0.2044643 0.1377874 0.0599723 0.0586432 0.1074508 0.0696346 0.0733740 0.0688949 0.0787515 0.0000000 0.1309451 0.1213928 0.1820089 0.1790523 0.1746103 0.4292018 0.2322691 0.1001754 0.2362939 0.1215085 0.0620629 0.1003931 0.0684107 0.0571091 0.1060278 0.0747419 0.1033333 0.1444285 0.1106314 0.1185636 0.0744622 0.0975744 0.1422887 0.0553052 0.0453841 0.0505376 0.0717672 0.0783227 0.1340254 0.0576809 0.0414082 0.0711084 0.0752230 0.1110928 0.1140654 0.1408269 0.0104077 0.1112785 0.1108135 0.0219507 0.3008758 0.1076747 0.0429673 0.1022146 0.1267183 0.2061038 0.1180128 0.0780652 0.0856811 0.0492041 0.2883671 0.1340596 0.0673542 0.0951992 0.0689656 0.0819016 0.2823790 
Perityle_cordifolia_68_tecolote            0.1604955 0.1233880 0.3087781 0.2788379 0.2164132 0.0936503 0.2249731 0.0973477 0.3525695 0.1702244 0.2272570 0.1093740 0.0663777 0.0880865 0.1004077 0.0793503 0.1179943 0.2026125 0.1000693 0.0505276 0.0523595 0.0879299 0.0857171 0.0981885 0.0861824 0.0620349 0.1309451 0.0000000 0.0865989 0.1713990 0.1716627 0.1828437 0.3734323 0.2273720 0.1009060 0.2048163 0.0669250 0.0467202 0.1119362 0.0545921 0.0780839 0.0655104 0.0776752 0.0675298 0.1270674 0.1419795 0.1272674 0.1016494 0.1064558 0.0623872 0.0816714 0.0867616 0.0453024 0.1141602 0.0737446 0.0736461 0.0066110 0.0508245 0.0738021 0.1186787 0.0790866 0.0559415 0.0807185 0.0345636 0.1874028 0.0832237 0.0405252 0.2790426 0.0716349 0.0522093 0.0700339 0.1997450 0.2318640 0.1202750 0.1181436 0.1323112 0.0385441 0.2869987 0.1419928 0.0599126 0.1249421 0.0575633 0.0934899 0.3478489 
Perityle_coronopifolia_28_patagonia        0.1387029 0.1465906 0.2484657 0.2756614 0.2299919 0.1235026 0.2095480 0.1065734 0.3113628 0.1616999 0.1764767 0.1334760 0.1256653 0.1165421 0.1197683 0.1038694 0.1554729 0.2115098 0.1070709 0.1094701 0.0788667 0.1634083 0.1129528 0.1097943 0.1190768 0.1170912 0.1213928 0.0865989 0.0000000 0.2021695 0.1910956 0.1893051 0.7025757 0.1575513 0.1392375 0.3356172 0.0954242 0.1167097 0.1408838 0.1158879 0.1241798 0.0807505 0.1051117 0.0809229 0.0958086 0.1654854 0.0843097 0.1186495 0.1490614 0.1039429 0.1200004 0.0967202 0.1042450 0.1037354 0.1212902 0.0839028 0.1003862 0.1010811 0.1203247 0.1164699 0.0489798 0.0919811 0.1320101 0.0713044 0.1187823 0.0095695 0.0819882 0.2845629 0.0795063 0.0682286 0.1609781 0.2292224 0.1894535 0.1386152 0.1217393 0.1127614 0.0836208 0.2625477 0.0899887 0.1132918 0.1146864 0.0403559 0.1144459 0.1971398 
Perityle_crassifolia_70_ventanas           0.0864565 0.1071052 0.1398176 0.2998785 0.1564085 0.0939478 0.1891771 0.1451439 0.3012625 0.1564061 0.1511457 0.1946413 0.1888615 0.1935980 0.1894042 0.2149928 0.1824794 0.1397961 0.1639964 0.1774086 0.1781391 0.2507785 0.1314838 0.1821047 0.1835250 0.1862109 0.1820089 0.1713990 0.2021695 0.0000000 0.1645482 0.1011180 0.7038407 0.1552250 0.1646777 0.3189012 0.1663956 0.1733037 0.1904799 0.1732168 0.1805052 0.1916801 0.1868313 0.2013419 0.2080176 0.1931528 0.1705462 0.1813717 0.1873686 0.1914971 0.1342330 0.1630487 0.1685637 0.1780122 0.1824679 0.2237823 0.1873296 0.1809686 0.1831782 0.1795070 0.2046347 0.1264368 0.2061772 0.1701770 0.1875684 0.2032728 0.1616195 0.1864694 0.1952482 0.1233843 0.1912576 0.2330562 0.1427909 0.2043206 0.1912424 0.1898672 0.1455624 0.1794329 0.2149313 0.1842354 0.1918934 0.2044730 0.1815303 0.1377027 
Perityle_crassifolia_74_playa_balandra     0.1796812 0.1335388 0.1936263 0.2560790 0.1675314 0.0815654 0.2128273 0.1402600 0.2169628 0.1159394 0.1669355 0.1761737 0.1586352 0.1767009 0.1651806 0.1759157 0.1671984 0.1777784 0.1687852 0.1618552 0.1393932 0.1591521 0.0989873 0.1496860 0.1595340 0.1511438 0.1790523 0.1716627 0.1910956 0.1645482 0.0000000 0.1756481 0.8215944 0.1230398 0.1601200 0.1751414 0.1668814 0.1611038 0.1898315 0.1176216 0.1072461 0.1726343 0.1552907 0.1783809 0.1925105 0.1840371 0.1708169 0.1527168 0.1552321 0.1735052 0.1041128 0.1555480 0.1613582 0.1622477 0.1744319 0.1889975 0.1382343 0.1680441 0.1466255 0.1444239 0.1755132 0.1279742 0.1761901 0.1222369 0.1764716 0.1941357 0.1518854 0.1639856 0.1842237 0.0723441 0.1701713 0.1610798 0.1325886 0.1614330 0.1628310 0.1736443 0.0841277 0.1636538 0.2003188 0.1803247 0.1763990 0.1119474 0.1498968 0.1865189 
Perityle_cuneata_34_cuneata_San_antonio    0.0988492 0.1391817 0.1381889 0.2579636 0.1416821 0.0755828 0.1839010 0.1219631 0.2978524 0.1561317 0.1598693 0.1932987 0.1868045 0.1805425 0.1491587 0.2259985 0.2079286 0.1281392 0.1484830 0.1735047 0.1782833 0.2479713 0.1373279 0.1763102 0.1587397 0.1818178 0.1746103 0.1828437 0.1893051 0.1011180 0.1756481 0.0000000 0.7176402 0.1497842 0.1896889 0.3284519 0.1426443 0.1610792 0.1937666 0.1767881 0.1766248 0.1796488 0.1749795 0.1774321 0.1863968 0.2218494 0.1766419 0.1771535 0.2006860 0.1764038 0.1200259 0.1606030 0.1483344 0.1740429 0.1921567 0.2096587 0.1538403 0.1670829 0.1763469 0.1769643 0.1788869 0.1121385 0.1952211 0.1455554 0.1797253 0.1890538 0.1491354 0.1913160 0.1562655 0.0903036 0.2318245 0.2445926 0.1549989 0.1817020 0.1850159 0.1843654 0.1035440 0.1716628 0.1931852 0.1797734 0.1839624 0.1614514 0.1764153 0.1207826 
Perityle_cuneata_4                         0.2620553 0.7287960 0.7535364 0.7554952 0.7462573 0.7800974 0.7299093 0.6326752 0.6417366 0.3735495 0.4252178 0.6615820 0.3897751 0.4019722 0.7216292 0.7150708 0.6812259 0.7540905 0.6702542 0.6563557 0.6531650 0.6935180 0.6771759 0.3730090 0.3913659 0.3890578 0.4292018 0.3734323 0.7025757 0.7038407 0.8215944 0.7176402 0.0000000 0.3830147 0.6457429 0.3443145 0.6911902 0.6568926 0.3882544 0.3470738 0.3953395 0.6861602 0.3770909 0.6901288 0.6685970 0.6651542 0.4083720 0.3959689 0.3767149 0.6947905 0.3482100 0.4067139 0.3570663 0.4094735 0.6547831 0.7462807 0.4155156 0.6781398 0.3835912 0.4556655 0.6993505 0.7290081 0.6894443 0.6947852 0.7455279 0.7105729 0.6504328 0.7384164 0.6693250 0.6520819 0.6692415 0.4100226 0.6983497 0.3953073 0.4443674 0.3970489 0.3491941 0.7361601 0.4649407 0.6536961 0.6877633 0.6989690 0.4573603 0.7184767 
Perityle_discoidea_81                      0.0663617 0.1042848 0.2363723 0.2776827 0.1902903 0.0712788 0.2061731 0.0966714 0.3205424 0.0090805 0.1829685 0.1882515 0.1666699 0.1579177 0.1957471 0.1678015 0.2275395 0.1977535 0.1234888 0.1506836 0.1370903 0.2309987 0.1565612 0.2254603 0.1670822 0.1639238 0.2322691 0.2273720 0.1575513 0.1552250 0.1230398 0.1497842 0.3830147 0.0000000 0.1854441 0.1603832 0.1278398 0.1508383 0.1861674 0.1374777 0.1678492 0.1578230 0.1679032 0.1648667 0.2055420 0.2271124 0.1537752 0.1638063 0.1845001 0.1563310 0.1623597 0.1604698 0.1300953 0.1734340 0.1651071 0.1734222 0.1276292 0.1589640 0.1423715 0.1954761 0.1524263 0.1166745 0.1466063 0.1360719 0.2884801 0.1595823 0.1522054 0.2560029 0.1601305 0.0770401 0.1790483 0.2692217 0.0986980 0.2092648 0.2165355 0.2110631 0.0751574 0.2586259 0.1908605 0.1713526 0.2257146 0.1578337 0.1762365 0.3281821 
Perityle_dissecta_201                      0.1416452 0.1522482 0.2988280 0.2715979 0.2164258 0.1119437 0.1928315 0.0951810 0.2857727 0.1727029 0.1939537 0.0384106 0.0555426 0.0175103 0.0527561 0.1373264 0.0176391 0.1932827 0.1357932 0.0046796 0.0146152 0.0690997 0.0468418 0.0170731 0.0188921 0.0356953 0.1001754 0.1009060 0.1392375 0.1646777 0.1601200 0.1896889 0.6457429 0.1854441 0.0000000 0.3093586 0.1197520 0.0046036 0.0869878 0.0492732 0.0486087 0.1069345 0.0136035 0.0934932 0.1216753 0.0287302 0.0994369 0.0502442 0.0743252 0.1421796 0.0391249 0.0418058 0.0211227 0.0367827 0.0116230 0.1185851 0.0414249 0.0314607 0.0720217 0.0661081 0.0929072 0.1155800 0.1326380 0.0160160 0.0574032 0.1099755 0.0170037 0.3090908 0.0984031 0.0124802 0.0248710 0.0924676 0.1759015 0.1163916 0.0541418 0.0332890 0.0125164 0.2831507 0.1319201 0.0604635 0.0354635 0.0563447 0.0616258 0.2696215 
Perityle_emoryi_47_punta_san_jose          0.2075388 0.2235086 0.3801608 0.4181707 0.2922953 0.1718461 0.3389853 0.2182529 0.4123484 0.1706153 0.2420090 0.3457739 0.2322544 0.2306817 0.2890019 0.3362303 0.3571369 0.3362420 0.3255942 0.3270404 0.2610274 0.3943957 0.2218547 0.1975396 0.2181486 0.2137308 0.2362939 0.2048163 0.3356172 0.3189012 0.1751414 0.3284519 0.3443145 0.1603832 0.3093586 0.0000000 0.3147619 0.3304111 0.2418251 0.2096182 0.2012688 0.3337735 0.2000644 0.3257974 0.3598721 0.3367999 0.2469980 0.2300386 0.2277056 0.3251875 0.1728474 0.2127237 0.2062669 0.2421487 0.3354573 0.3656007 0.1792383 0.2812570 0.2255426 0.2460129 0.2918374 0.1672041 0.3252891 0.2208975 0.4410521 0.3314847 0.2819662 0.3271339 0.3432391 0.5373464 0.3273415 0.2073430 0.2463770 0.2327890 0.2663416 0.2168896 0.1216440 0.3274449 0.3105405 0.3413114 0.3855288 0.2807227 0.2479500 0.3385516 
Perityle_feddemae_99                       0.0963193 0.1175930 0.1967573 0.2452757 0.1682128 0.1000239 0.1802671 0.1053472 0.2456956 0.1193370 0.1344782 0.1218150 0.1330317 0.1091546 0.0934724 0.1165248 0.1348376 0.1712494 0.0952397 0.0986383 0.0688171 0.1704718 0.0964641 0.1002483 0.1086041 0.1136091 0.1215085 0.0669250 0.0954242 0.1663956 0.1668814 0.1426443 0.6911902 0.1278398 0.1197520 0.3147619 0.0000000 0.1076699 0.1263597 0.1286265 0.1243041 0.0179490 0.0998794 0.0195073 0.0874451 0.1503190 0.0652014 0.1218680 0.1472504 0.0268253 0.1123327 0.0846707 0.0933862 0.0967604 0.1071725 0.1089832 0.0908092 0.0910131 0.1248116 0.1199354 0.0757698 0.0810648 0.1074721 0.0709070 0.1241197 0.0751404 0.0724179 0.2141666 0.0706942 0.0523841 0.1392419 0.1846130 0.1523427 0.1292998 0.1267994 0.1054504 0.0743917 0.1997844 0.0655895 0.1045101 0.1121824 0.0707956 0.1206347 0.1465440 
Perityle_fosteri_93                        0.1372175 0.1620836 0.2108676 0.2685611 0.2093960 0.1219373 0.1888147 0.0980443 0.2685728 0.1515091 0.1677324 0.0242890 0.0294502 0.0136526 0.0232588 0.1351667 0.0030934 0.1907121 0.1356382 0.0012948 0.0104513 0.0801067 0.0320169 0.0107111 0.0142838 0.0236155 0.0620629 0.0467202 0.1167097 0.1733037 0.1611038 0.1610792 0.6568926 0.1508383 0.0046036 0.3304111 0.1076699 0.0000000 0.0585976 0.0190623 0.0183335 0.1058161 0.0101523 0.1098839 0.1043538 0.0197085 0.0917997 0.0187182 0.0249654 0.1017516 0.0195014 0.0239595 0.0148648 0.0398363 0.0055670 0.1344812 0.0491241 0.0401198 0.0180866 0.0176583 0.1012570 0.1141584 0.1335283 0.0273726 0.0227050 0.1181168 0.0226132 0.2462645 0.0999372 0.0089989 0.0219700 0.1254363 0.1751931 0.0344324 0.0243968 0.0206941 0.0097856 0.2445826 0.1117761 0.0558623 0.0257605 0.0752532 0.0196351 0.1607502 
Perityle_gentryi_8_san_francisco           0.1716668 0.1647166 0.2677172 0.2827342 0.2396377 0.1258890 0.2280329 0.1197819 0.3476470 0.1785777 0.2017632 0.0976935 0.0893669 0.0965531 0.1010616 0.1537324 0.1113395 0.2055334 0.1573673 0.0747790 0.0835026 0.1461822 0.0743020 0.0863072 0.0826310 0.0803363 0.1003931 0.1119362 0.1408838 0.1904799 0.1898315 0.1937666 0.3882544 0.1861674 0.0869878 0.2418251 0.1263597 0.0585976 0.0000000 0.0698520 0.0749049 0.1251126 0.0829415 0.1298659 0.1725894 0.1139979 0.1320965 0.0820674 0.0982575 0.1210074 0.0699728 0.0790912 0.0624401 0.0792201 0.0856233 0.1612863 0.0601553 0.0701052 0.0692705 0.0838135 0.1388605 0.1364469 0.1788818 0.0424071 0.1522847 0.1417906 0.0667791 0.2788913 0.1265377 0.0550299 0.0987847 0.1587484 0.2306153 0.1259561 0.0886197 0.0946876 0.0432945 0.2928816 0.1544840 0.0921946 0.1223508 0.0746749 0.0810847 0.2691151 
Perityle_gilensis_22_Superstition          0.1425930 0.1498711 0.2479642 0.2495240 0.2305363 0.1116503 0.1857614 0.0912241 0.3006513 0.1447222 0.1785213 0.0543717 0.0129402 0.0183864 0.0364730 0.1467505 0.0834138 0.1717007 0.1418813 0.0198928 0.0245290 0.0825851 0.0331815 0.0081672 0.0242078 0.0140875 0.0684107 0.0545921 0.1158879 0.1732168 0.1176216 0.1767881 0.3470738 0.1374777 0.0492732 0.2096182 0.1286265 0.0190623 0.0698520 0.0000000 0.0198012 0.1061327 0.0045427 0.1004867 0.1555223 0.0725138 0.1299181 0.0116107 0.0226512 0.1178861 0.0015926 0.0163680 0.0088916 0.0809486 0.0361720 0.1346995 0.0462427 0.0241980 0.0202274 0.0176956 0.1024178 0.1216835 0.1522473 0.0254430 0.0817532 0.1148990 0.0262145 0.2876983 0.1056190 0.0198335 0.0469883 0.0571119 0.2124928 0.0406792 0.0215950 0.0188928 0.0018584 0.2608503 0.1605236 0.0644502 0.0567549 0.0708772 0.0168870 0.2181457 
Perityle_gilensis_salensis_225             0.1482136 0.1604796 0.2543725 0.2537850 0.2358322 0.1212397 0.1875426 0.0869081 0.3003002 0.1517927 0.1682458 0.0426872 0.0274383 0.0286702 0.0533017 0.1595948 0.0753582 0.1870479 0.1526455 0.0087019 0.0150152 0.0697187 0.0518167 0.0092206 0.0333710 0.0205832 0.0571091 0.0780839 0.1241798 0.1805052 0.1072461 0.1766248 0.3953395 0.1678492 0.0486087 0.2012688 0.1243041 0.0183335 0.0749049 0.0198012 0.0000000 0.1078146 0.0146636 0.1056377 0.1620789 0.0612122 0.1313017 0.0248290 0.0331458 0.1269041 0.0063451 0.0183797 0.0186862 0.0575979 0.0224050 0.1438862 0.0440884 0.0411597 0.0232131 0.0061564 0.1112612 0.1255042 0.1566156 0.0270411 0.0675767 0.1185195 0.0222134 0.2980043 0.1119980 0.0334538 0.0394689 0.0627732 0.2175315 0.0797035 0.0240455 0.0198865 0.0046024 0.2832118 0.1523356 0.0628348 0.0450624 0.0814434 0.0215601 0.2708541 
Perityle_glaucescens_94                    0.1372454 0.1218098 0.2263110 0.2566125 0.2091613 0.1019958 0.1985088 0.1069052 0.2944681 0.1601590 0.1761680 0.1136093 0.1098432 0.1092175 0.0922142 0.1107091 0.1206518 0.1888161 0.0987900 0.0944116 0.0690097 0.1547779 0.1048511 0.0996003 0.1100067 0.1104571 0.1060278 0.0655104 0.0807505 0.1916801 0.1726343 0.1796488 0.6861602 0.1578230 0.1069345 0.3337735 0.0179490 0.1058161 0.1251126 0.1061327 0.1078146 0.0000000 0.0968058 0.0164779 0.0707764 0.1375949 0.0785636 0.1049603 0.1123173 0.0109690 0.1188400 0.0874090 0.0937680 0.0917518 0.1034886 0.1020355 0.0894301 0.0899222 0.1004339 0.0982181 0.0829787 0.0985294 0.1061271 0.0738691 0.1039292 0.0776578 0.0684746 0.2519543 0.0702790 0.0527313 0.1422788 0.2191980 0.1855093 0.1127460 0.1103873 0.1003156 0.0775179 0.2323619 0.0660199 0.0998941 0.1054928 0.0695006 0.1015834 0.1799314 
Perityle_gracilis_11                       0.1480054 0.1567514 0.2753889 0.2750336 0.2270946 0.1231028 0.2131289 0.0983660 0.3212092 0.1584340 0.1665241 0.0303254 0.0103633 0.0152661 0.0588483 0.1055582 0.0353496 0.2023104 0.1282774 0.0155868 0.0190540 0.0500614 0.0596933 0.0072926 0.0204709 0.0117082 0.0747419 0.0776752 0.1051117 0.1868313 0.1552907 0.1749795 0.3770909 0.1679032 0.0136035 0.2000644 0.0998794 0.0101523 0.0829415 0.0045427 0.0146636 0.0968058 0.0000000 0.0976755 0.1385016 0.0305048 0.1192641 0.0051271 0.0251203 0.0929599 0.0079779 0.0098177 0.0112763 0.0597668 0.0164731 0.1120492 0.0539111 0.0396932 0.0087172 0.0169145 0.1027932 0.1231770 0.1145123 0.0331460 0.0705014 0.1067914 0.0276290 0.2465744 0.0969054 0.0272620 0.0335757 0.0769288 0.2289691 0.0461525 0.0174772 0.0326504 0.0000010 0.2561659 0.1460389 0.0646833 0.0470683 0.0795741 0.0148333 0.2617876 
Perityle_harkerae_31                       0.1493835 0.1264440 0.2242941 0.2533591 0.2071893 0.1050690 0.2000628 0.1112577 0.3036658 0.1640205 0.1827217 0.1126752 0.1104736 0.1079359 0.0946918 0.1093608 0.1136358 0.1912379 0.1061841 0.0993012 0.0702361 0.1602498 0.0985004 0.1000645 0.1134981 0.1087370 0.1033333 0.0675298 0.0809229 0.2013419 0.1783809 0.1774321 0.6901288 0.1648667 0.0934932 0.3257974 0.0195073 0.1098839 0.1298659 0.1004867 0.1056377 0.0164779 0.0976755 0.0000000 0.0734034 0.1306427 0.0781158 0.1011027 0.1113138 0.0022754 0.1152336 0.0823785 0.0980626 0.0968610 0.1062484 0.1057406 0.0942310 0.0926263 0.1012514 0.0979832 0.0822145 0.0949367 0.1110110 0.0788116 0.1053944 0.0788843 0.0719622 0.2364433 0.0757240 0.0585256 0.1350533 0.2180075 0.1934019 0.1100849 0.1054182 0.1030542 0.0803951 0.2323909 0.0647396 0.1028966 0.1092210 0.0779972 0.1010739 0.1854226 
Perityle_hofmeisteria_4_nombre_de_dios     0.2111506 0.1447517 0.2528259 0.2826200 0.2236679 0.1132843 0.2174625 0.1135859 0.3290634 0.1985814 0.2240310 0.1373126 0.1497140 0.1451804 0.1188452 0.1153655 0.1479051 0.2092325 0.1110300 0.1000426 0.0762027 0.1628190 0.1130957 0.1298008 0.1540225 0.1538093 0.1444285 0.1270674 0.0958086 0.2080176 0.1925105 0.1863968 0.6685970 0.2055420 0.1216753 0.3598721 0.0874451 0.1043538 0.1725894 0.1555223 0.1620789 0.0707764 0.1385016 0.0734034 0.0000000 0.1515364 0.1293949 0.1436488 0.1653456 0.0834700 0.1741839 0.1211338 0.1429539 0.1374411 0.1135768 0.1085043 0.1222222 0.1064112 0.1456654 0.1348144 0.0933596 0.0938100 0.1237312 0.0714982 0.1335282 0.0893219 0.0787999 0.2739878 0.0716047 0.0684074 0.1508030 0.2585456 0.2088376 0.1616984 0.1328533 0.1406772 0.1249808 0.2481648 0.1253707 0.1153260 0.1330512 0.0713108 0.1360489 0.2157172 
