84
Amauria_brandeegeana_62                    0.0000000 0.0531874 0.0793798 0.2236767 0.1224438 0.1054811 0.1853119 0.2946366 0.0144583 0.1281521 0.0906451 0.1128063 0.1083029 0.1037108 0.0955511 0.1088786 0.2157692 0.1284349 0.0964226 0.0909006 0.1135494 0.0708766 0.0962512 0.1499987 0.1172609 0.1109311 0.1233055 0.1706850 0.1303662 0.0864200 0.1466574 0.1367502 0.4974645 0.1116042 0.0062968 0.1147643 0.0951585 0.1271317 0.2065613 0.0967858 0.1026542 0.1179939 0.1025034 0.1098710 0.1202394 0.1014099 0.1074554 0.1033898 0.1089875 0.1148141 0.0880966 0.1075943 0.1126939 0.0948838 0.0960924 0.1172522 0.0935125 0.0971600 0.1058736 0.1042758 0.1353912 0.1163930 0.0999550 0.0784379 0.1077307 0.1276155 0.1051176 0.1186701 0.1153151 0.2571301 0.0961007 0.0910222 0.1122201 0.1018161 0.1112773 0.1110384 0.3318649 0.3278005 0.1185922 0.1018543 0.0907099 0.1295763 0.1051858 0.0808520 
Amauria_carterae_99_mesa                   0.0531874 0.0000000 0.0552303 0.2089474 0.0849048 0.0846052 0.1594898 0.2343036 0.0366240 0.1011534 0.0659715 0.0804068 0.0963769 0.0808331 0.0837469 0.0974366 0.1215076 0.1036251 0.0933415 0.0945821 0.0902472 0.0758041 0.0628136 0.0799957 0.0928350 0.0776303 0.0904046 0.1486283 0.1227614 0.1000911 0.1367213 0.0775407 0.4934194 0.0837257 0.0411606 0.0962584 0.0990721 0.1113925 0.1152633 0.0791006 0.0911621 0.1019681 0.0821630 0.1014430 0.1123498 0.0959197 0.0708752 0.0816519 0.0861568 0.1040574 0.0715776 0.0906143 0.0879677 0.0735851 0.0795789 0.1003027 0.0927845 0.0851643 0.0797024 0.0815182 0.1094764 0.1127549 0.0954072 0.0809174 0.1016960 0.1181702 0.0772749 0.0966351 0.0861998 0.1729471 0.0710187 0.0659863 0.0832810 0.0730790 0.0911304 0.0850063 0.3331991 0.2556548 0.1040365 0.0828467 0.0764630 0.1358377 0.0835417 0.0887748 
Amauria_rotundifolia_SRR9119150            0.0793798 0.0552303 0.0000000 0.2598360 0.1162618 0.1045691 0.2081569 0.3240367 0.0846503 0.1185739 0.0920019 0.0959085 0.1117791 0.1047641 0.0978683 0.1024756 0.2977764 0.1253817 0.1061009 0.1567420 0.1107796 0.2293945 0.0850956 0.2346180 0.1039111 0.0968107 0.1078397 0.2895204 0.1667361 0.0890493 0.1412191 0.1153219 0.4357841 0.0983119 0.0645632 0.1269410 0.0985859 0.1182701 0.1629698 0.0910979 0.1030675 0.1205175 0.1058100 0.1278591 0.1172627 0.1326495 0.0938923 0.1025435 0.0994293 0.1273727 0.0897077 0.1045589 0.1049715 0.0990223 0.0978746 0.1271913 0.1028539 0.0931298 0.1001841 0.1019042 0.1215481 0.1116320 0.1115561 0.0822813 0.1021467 0.1302380 0.0973353 0.1317134 0.1140192 0.2930552 0.0861233 0.0878660 0.1271340 0.0956549 0.1050599 0.1103900 0.3412374 0.2859254 0.1152919 0.0974610 0.1018011 0.1389410 0.0937944 0.1084995 
Conoclinium_coelestinum_SRR9119114         0.2236767 0.2089474 0.2598360 0.0000000 0.2592196 0.2025957 0.1698870 0.3791779 0.2148761 0.2486360 0.2170753 0.2457165 0.2468327 0.2231239 0.2421264 0.2197631 0.3963202 0.2517007 0.2207635 0.2261347 0.2510923 0.2018834 0.2332059 0.3250360 0.2564342 0.2502758 0.2569480 0.3621445 0.2692171 0.1911787 0.2769795 0.2581495 0.5256953 0.2447833 0.2190097 0.2401711 0.2218828 0.2570617 0.2300383 0.2390327 0.2531205 0.2524837 0.2426125 0.2535065 0.2563819 0.2306308 0.2162795 0.2424693 0.2477665 0.2533828 0.2266543 0.2446580 0.2543505 0.2340084 0.2093071 0.2464183 0.2098585 0.2362076 0.2495154 0.2458914 0.2495362 0.2127120 0.2428511 0.1730120 0.2373429 0.2762751 0.2369196 0.2582065 0.2082321 0.3677212 0.2003062 0.2351368 0.2429963 0.2393326 0.2487260 0.2418276 0.4233772 0.4579163 0.2546712 0.2458074 0.2335793 0.2411993 0.2430305 0.2445748 
Eutetras_palmeri_63                        0.1224438 0.0849048 0.1162618 0.2592196 0.0000000 0.0284767 0.2143269 0.3027364 0.1041121 0.1030116 0.0886465 0.0963967 0.1190303 0.0982774 0.1128476 0.1026758 0.2438073 0.1168663 0.1081140 0.1402625 0.1120019 0.2303565 0.0854354 0.2031849 0.0999384 0.1003160 0.1061679 0.2969582 0.1801234 0.1173466 0.1194307 0.1060674 0.4276573 0.1060984 0.1076569 0.1024059 0.1050354 0.1126975 0.1152033 0.1033461 0.1121980 0.0955885 0.0983145 0.0999494 0.1099978 0.1329307 0.0919966 0.0999535 0.0974004 0.1023533 0.0911450 0.1098373 0.1030767 0.1067047 0.0977119 0.0998502 0.1021969 0.0964364 0.1122991 0.0975392 0.1192053 0.0939907 0.1072152 0.1003345 0.1069898 0.1191600 0.1029505 0.1033867 0.0929735 0.3263967 0.0821643 0.0913708 0.1192693 0.0962644 0.1039612 0.1124619 0.3497665 0.2730666 0.1011749 0.1002277 0.0986079 0.1242999 0.0946114 0.0924927 
Eutetras_pringlei_149_quer                 0.1054811 0.0846052 0.1045691 0.2025957 0.0284767 0.0000000 0.1663495 0.2536348 0.0793610 0.1042244 0.1022946 0.0941371 0.1222208 0.1058904 0.1238748 0.1198361 0.1467249 0.1176020 0.1141970 0.1190850 0.1092395 0.1333428 0.0957002 0.1120146 0.1062749 0.1124570 0.1155430 0.1200950 0.1281152 0.1107866 0.1436693 0.1138694 0.4390219 0.1115355 0.0952278 0.0980327 0.1243108 0.1144981 0.1333099 0.1064021 0.1190455 0.0955776 0.1028975 0.0950800 0.1126774 0.1204645 0.0983101 0.1028975 0.1023628 0.0950129 0.1031900 0.1131719 0.1037897 0.1063906 0.1090010 0.0958979 0.1228897 0.1201484 0.1068987 0.1035100 0.1340153 0.0751064 0.1245317 0.1200121 0.1191519 0.1314856 0.1149631 0.0700593 0.1043027 0.2961340 0.1097475 0.0965144 0.0914427 0.1008858 0.1080137 0.1119775 0.3132928 0.3308864 0.0977469 0.1098779 0.1031896 0.1431467 0.1016011 0.0954764 
Eutrochium_fistulosum_SRR9119106           0.1853119 0.1594898 0.2081569 0.1698870 0.2143269 0.1663495 0.0000000 0.3373385 0.1600058 0.1825094 0.1702955 0.1861770 0.1991155 0.1618734 0.2058651 0.1632648 0.2678491 0.1843239 0.1672668 0.1825288 0.1802123 0.1754640 0.1786449 0.2193347 0.1945825 0.1907005 0.2020594 0.1970703 0.2855401 0.1542020 0.2238764 0.2129044 0.5276919 0.1934742 0.1701177 0.1837872 0.1724393 0.1904236 0.1736153 0.1877411 0.2071495 0.1802799 0.1896502 0.1866164 0.1922197 0.1847241 0.1604673 0.1877503 0.1887993 0.1885913 0.1871283 0.1813341 0.1917476 0.1721509 0.1604263 0.1806831 0.1562754 0.1635004 0.1852237 0.1778537 0.1951980 0.1020418 0.1740505 0.1117367 0.1798070 0.2170479 0.1870369 0.2100450 0.1691785 0.3503248 0.1522825 0.1774536 0.2093769 0.1835277 0.1900228 0.1854297 0.3611468 0.4559098 0.2011752 0.1856151 0.1795442 0.1803739 0.1835700 0.1682934 
Helianthus_annuus_SRR9119062               0.2946366 0.2343036 0.3240367 0.3791779 0.3027364 0.2536348 0.3373385 0.0000000 0.2714996 0.3152193 0.2794636 0.2863415 0.2913012 0.2694257 0.2981473 0.2962470 0.4061801 0.2859294 0.2771901 0.2913650 0.3126273 0.2408440 0.2709410 0.4050735 0.2943607 0.2906841 0.3107528 0.4245023 0.3172364 0.2223810 0.3246305 0.3138953 0.5087132 0.2905908 0.2890160 0.3109692 0.2940183 0.3237618 0.3148216 0.2902538 0.2993457 0.3012263 0.2732022 0.2908093 0.3173238 0.3052325 0.2599329 0.2871583 0.2873911 0.3064050 0.2762268 0.2888840 0.2879028 0.2935315 0.2860795 0.2777055 0.2598716 0.2239163 0.2923530 0.2670512 0.3308656 0.1850360 0.2854336 0.1912825 0.2904740 0.3280831 0.2844235 0.3345414 0.3052073 0.3867797 0.2816170 0.2622580 0.3080809 0.2740897 0.2900395 0.2978355 0.3203664 0.4395311 0.3015272 0.2959329 0.2876738 0.2858495 0.2838624 0.2637997 
Lycapsus_tenuifolius_17                    0.0144583 0.0366240 0.0846503 0.2148761 0.1041121 0.0793610 0.1600058 0.2714996 0.0000000 0.1070294 0.0673070 0.0856003 0.0878930 0.0722011 0.0925914 0.0784949 0.2499785 0.0958202 0.0756329 0.0948194 0.0822612 0.1216903 0.0793872 0.1835021 0.1014405 0.0965312 0.1085308 0.2109803 0.0997839 0.0868849 0.1272818 0.1062746 0.4946747 0.0933869 0.0159327 0.1060693 0.0711815 0.1145262 0.1472647 0.0848408 0.0825101 0.1137867 0.0794512 0.0989358 0.1132232 0.0842952 0.0814710 0.0829855 0.0924739 0.1031941 0.0693848 0.0983987 0.0894680 0.0770355 0.0636969 0.0998549 0.0653019 0.0608319 0.0811808 0.0811115 0.0982374 0.0794992 0.0865660 0.0736595 0.0998636 0.1214116 0.0914640 0.1012174 0.1145891 0.2362232 0.0665830 0.0786975 0.0545966 0.0864052 0.0966126 0.0893522 0.3064383 0.2973935 0.1162398 0.0828290 0.0829339 0.1010577 0.0878556 0.0892793 
Pericome_caudata_50_silver                 0.1281521 0.1011534 0.1185739 0.2486360 0.1030116 0.1042244 0.1825094 0.3152193 0.1070294 0.0000000 0.0691248 0.0828061 0.1017733 0.0759774 0.1053470 0.0833115 0.2586970 0.0961716 0.0864244 0.1219497 0.0911242 0.1783857 0.0772483 0.2042763 0.0918324 0.0892543 0.0948961 0.2683132 0.1839419 0.0919393 0.1169781 0.1117752 0.4232747 0.0915967 0.0968927 0.1129824 0.0765157 0.1126515 0.1475823 0.0861290 0.0956561 0.1108394 0.0919411 0.1107432 0.1115722 0.1188068 0.0738022 0.0915460 0.0878687 0.1153805 0.0831759 0.0935329 0.0924504 0.0887733 0.0754193 0.1103077 0.0747454 0.0502419 0.0899738 0.0845344 0.1108594 0.0778379 0.1000027 0.0755293 0.0877092 0.1228818 0.0870380 0.0960679 0.0987802 0.2639485 0.0732149 0.0800534 0.1167104 0.0865863 0.0923498 0.0945660 0.3627211 0.2616052 0.1089676 0.0872714 0.0886403 0.1093784 0.0831283 0.0948038 
Perityle_aglossa_84_dead_horse             0.0906451 0.0659715 0.0920019 0.2170753 0.0886465 0.1022946 0.1702955 0.2794636 0.0673070 0.0691248 0.0000000 0.0120714 0.0231876 0.0076523 0.0516899 0.0311578 0.2327152 0.0574256 0.0293734 0.0559683 0.0149022 0.1380495 0.0081211 0.1376767 0.0188740 0.0200093 0.0308025 0.2093342 0.1515606 0.0860006 0.1000788 0.0922794 0.4267402 0.0187957 0.0652482 0.0815889 0.0209308 0.0817055 0.0794284 0.0141710 0.0235313 0.0783252 0.0113493 0.0759529 0.0795169 0.0627892 0.0495091 0.0146186 0.0130100 0.0834808 0.0130688 0.0134675 0.0177737 0.0164726 0.0144110 0.0753956 0.0193885 0.0127520 0.0114931 0.0078674 0.0739190 0.0526799 0.0649741 0.0115403 0.0348528 0.0854739 0.0212574 0.1010930 0.0925125 0.2463419 0.0191094 0.0043297 0.0944615 0.0131077 0.0142946 0.0182421 0.3111491 0.2623239 0.0844501 0.0159104 0.0326288 0.0688503 0.0089808 0.0632278 
Perityle_ajoensis_204                      0.1128063 0.0804068 0.0959085 0.2457165 0.0963967 0.0941371 0.1861770 0.2863415 0.0856003 0.0828061 0.0120714 0.0000000 0.0299426 0.0120439 0.0639150 0.0548140 0.2567992 0.0759602 0.0561582 0.0901552 0.0189039 0.1419539 0.0054048 0.1605167 0.0090244 0.0296086 0.0361256 0.2489514 0.1660097 0.0920086 0.1279246 0.1111141 0.4289757 0.0289135 0.0773735 0.0968279 0.0386677 0.1011605 0.1293005 0.0224118 0.0294647 0.0893033 0.0021538 0.0938653 0.0942724 0.0799433 0.0675603 0.0055930 0.0009337 0.0960784 0.0198693 0.0187102 0.0064399 0.0275462 0.0142177 0.0995198 0.0247804 0.0229288 0.0191339 0.0053980 0.0840269 0.0668115 0.0852575 0.0108822 0.0585132 0.1036271 0.0260397 0.1116388 0.0964825 0.2568312 0.0233607 0.0061144 0.1047327 0.0071651 0.0067249 0.0174668 0.3309058 0.2576773 0.0956423 0.0223174 0.0481392 0.0902998 0.0038335 0.0848921 
Perityle_ambrosiifolia_67_green            0.1083029 0.0963769 0.1117791 0.2468327 0.1190303 0.1222208 0.1991155 0.2913012 0.0878930 0.1017733 0.0231876 0.0299426 0.0000000 0.0315351 0.0615995 0.0601061 0.2663314 0.0951042 0.0653552 0.0734450 0.0358100 0.1389086 0.0114291 0.1464168 0.0346518 0.0411369 0.0489028 0.2312645 0.1675348 0.0993679 0.1255497 0.1092817 0.4677660 0.0139301 0.0835507 0.1076171 0.0536377 0.1135957 0.0950218 0.0120790 0.0191334 0.1022451 0.0318428 0.1055430 0.1102086 0.0715189 0.0864992 0.0320153 0.0307812 0.1071090 0.0108343 0.0355599 0.0343028 0.0403334 0.0319461 0.1119691 0.0515013 0.0459053 0.0333927 0.0283895 0.0982657 0.0867271 0.1013960 0.0490748 0.0706947 0.1177140 0.0404982 0.1199581 0.1005987 0.2866992 0.0363042 0.0086130 0.1193112 0.0196107 0.0371982 0.0356645 0.3135128 0.2988796 0.1082385 0.0315786 0.0646198 0.1043789 0.0254008 0.0972035 
Perityle_angustifolia_13_Eagle_creek       0.1037108 0.0808331 0.1047641 0.2231239 0.0982774 0.1058904 0.1618734 0.2694257 0.0722011 0.0759774 0.0076523 0.0120439 0.0315351 0.0000000 0.0489515 0.0349207 0.1204531 0.0772115 0.0368453 0.0362438 0.0162089 0.0200213 0.0045680 0.0404856 0.0206878 0.0254572 0.0268581 0.1355788 0.1607906 0.0987379 0.1015349 0.0815850 0.4705828 0.0240453 0.0852415 0.0727179 0.0363992 0.0814212 0.0503022 0.0229004 0.0331393 0.0682078 0.0119588 0.0708027 0.0763863 0.0421840 0.0505509 0.0119612 0.0133457 0.0725232 0.0198601 0.0118282 0.0148182 0.0210234 0.0046156 0.0738423 0.0229092 0.0204249 0.0119227 0.0060325 0.0711390 0.0666987 0.0677268 0.0148662 0.0407153 0.0813833 0.0255520 0.0959857 0.0778566 0.2428896 0.0060929 0.0061130 0.1121246 0.0121350 0.0179027 0.0147636 0.3168089 0.3060937 0.0724430 0.0117875 0.0230662 0.0886233 0.0089114 0.0672671 
Perityle_batopilensis_97                   0.0955511 0.0837469 0.0978683 0.2421264 0.1128476 0.1238748 0.2058651 0.2981473 0.0925914 0.1053470 0.0516899 0.0639150 0.0615995 0.0489515 0.0000000 0.0397850 0.2533275 0.0972684 0.0410721 0.0871870 0.0708809 0.1548976 0.0486229 0.1561222 0.0684333 0.0634290 0.0780902 0.2678747 0.1668843 0.0963772 0.1099849 0.0956810 0.4415667 0.0567917 0.0701941 0.1005651 0.0381256 0.0979879 0.0455631 0.0566448 0.0654221 0.0951216 0.0668574 0.0977099 0.0957925 0.0668886 0.0726062 0.0653120 0.0648682 0.0995402 0.0371760 0.0703885 0.0677310 0.0609201 0.0453781 0.0997720 0.0495670 0.0511776 0.0696951 0.0644785 0.0954615 0.0944433 0.0893536 0.0566587 0.0431709 0.0998211 0.0611273 0.1181340 0.0865807 0.2923377 0.0288250 0.0518159 0.1155918 0.0563457 0.0673333 0.0732631 0.3307296 0.2663411 0.1008312 0.0660316 0.0359475 0.1081442 0.0612170 0.0884793 
Perityle_bisetosa_9                        0.1088786 0.0974366 0.1024756 0.2197631 0.1026758 0.1198361 0.1632648 0.2962470 0.0784949 0.0833115 0.0311578 0.0548140 0.0601061 0.0349207 0.0397850 0.0000000 0.2249681 0.0826916 0.0067745 0.0012636 0.0557293 0.0142021 0.0448340 0.1346892 0.0582301 0.0497165 0.0728150 0.1948574 0.1682202 0.0985454 0.1138452 0.1139868 0.4559003 0.0599886 0.0785254 0.0904627 0.0066707 0.0886093 0.0826043 0.0538444 0.0669036 0.0821471 0.0473280 0.0751040 0.0852398 0.0146892 0.0652111 0.0502680 0.0516504 0.0835712 0.0350137 0.0613538 0.0574908 0.0461954 0.0351744 0.0769059 0.0477171 0.0200183 0.0565034 0.0478745 0.0890670 0.0834911 0.0693113 0.0491883 0.0173796 0.0889136 0.0500081 0.1155942 0.0963236 0.2375759 0.0102641 0.0460963 0.1144710 0.0496713 0.0566516 0.0558449 0.3371432 0.3155055 0.0867723 0.0526381 0.0141445 0.0892450 0.0498741 0.0623596 
Perityle_californica_76_positas            0.2157692 0.1215076 0.2977764 0.3963202 0.2438073 0.1467249 0.2678491 0.4061801 0.2499785 0.2586970 0.2327152 0.2567992 0.2663314 0.1204531 0.2533275 0.2249681 0.0000000 0.1835315 0.2179834 0.2712480 0.2110850 0.1098813 0.2400219 0.1750688 0.2636483 0.2530319 0.2594100 0.3362264 0.3135743 0.1269223 0.2166322 0.2627917 0.6067012 0.2650471 0.2024707 0.2831747 0.1797983 0.2901511 0.2161877 0.2607369 0.2714201 0.2871950 0.2484391 0.2858063 0.2874389 0.2435576 0.1770471 0.2502816 0.2580367 0.2958121 0.2508479 0.2677491 0.2566937 0.2240756 0.1178448 0.2456122 0.0973817 0.0860785 0.2515342 0.2514371 0.1731112 0.1019777 0.2032363 0.1011960 0.2624073 0.2908136 0.2513814 0.2849132 0.2044314 0.2069166 0.1821370 0.2477791 0.2049656 0.2538506 0.2623170 0.2515647 0.3675372 0.4344749 0.2897917 0.2514789 0.2473816 0.1354973 0.2483045 0.2672366 
Perityle_canescens_77                      0.1284349 0.1036251 0.1253817 0.2517007 0.1168663 0.1176020 0.1843239 0.2859294 0.0958202 0.0961716 0.0574256 0.0759602 0.0951042 0.0772115 0.0972684 0.0826916 0.1835315 0.0000000 0.0798460 0.0827965 0.0846969 0.0442699 0.0676942 0.1109851 0.0847426 0.0764559 0.0947502 0.1693228 0.1736781 0.1037995 0.1261882 0.1020273 0.5074713 0.0844562 0.1134981 0.0999850 0.0844265 0.1024963 0.0969294 0.0797106 0.0931314 0.0946714 0.0715803 0.0960754 0.0984402 0.0906171 0.0672102 0.0715917 0.0781872 0.0980454 0.0728415 0.0811701 0.0798075 0.0696888 0.0695909 0.0881481 0.0785668 0.0765285 0.0752789 0.0713287 0.0935759 0.0282938 0.0847903 0.0652720 0.0874328 0.0952503 0.0773979 0.1230067 0.0913537 0.2245527 0.0571051 0.0680494 0.1264716 0.0727511 0.0833427 0.0812234 0.3510900 0.2876035 0.0884201 0.0757496 0.0696489 0.1006137 0.0748518 0.0831735 
Perityle_castillonii_96                    0.0964226 0.0933415 0.1061009 0.2207635 0.1081140 0.1141970 0.1672668 0.2771901 0.0756329 0.0864244 0.0293734 0.0561582 0.0653552 0.0368453 0.0410721 0.0067745 0.2179834 0.0798460 0.0000000 0.0037016 0.0604325 0.0320803 0.0476800 0.1385305 0.0634893 0.0530888 0.0722719 0.2031243 0.1745408 0.1012972 0.0999519 0.1051772 0.4621960 0.0607848 0.0807991 0.0896748 0.0071265 0.0835761 0.0334659 0.0587714 0.0686996 0.0766511 0.0547693 0.0794435 0.0798359 0.0141622 0.0619406 0.0537560 0.0569870 0.0819036 0.0414276 0.0644399 0.0614576 0.0487040 0.0350754 0.0808327 0.0464836 0.0149272 0.0618144 0.0570249 0.0843675 0.0818884 0.0651340 0.0484890 0.0145655 0.0881343 0.0536480 0.1139945 0.0886972 0.2389690 0.0070153 0.0506210 0.1140917 0.0519194 0.0621505 0.0622793 0.3237925 0.3115300 0.0854519 0.0552673 0.0123425 0.0902995 0.0551111 0.0682636 
Perityle_cernua_84                         0.0909006 0.0945821 0.1567420 0.2261347 0.1402625 0.1190850 0.1825288 0.2913650 0.0948194 0.1219497 0.0559683 0.0901552 0.0734450 0.0362438 0.0871870 0.0012636 0.2712480 0.0827965 0.0037016 0.0000000 0.0600727 0.1822246 0.1631077 0.1836684 0.1515048 0.1298474 0.1924370 0.3059737 0.1719545 0.1018626 0.1239413 0.1319297 0.5453636 0.1192705 0.0778868 0.1133710 0.0013394 0.1456125 0.0140634 0.1027837 0.1016093 0.1517178 0.0632548 0.0969326 0.1941824 0.0816645 0.0666769 0.0659685 0.1393823 0.1046913 0.0709780 0.1426373 0.0847668 0.0533034 0.0306584 0.0916822 0.0459956 0.0200682 0.0834135 0.0784931 0.0769241 0.0834365 0.0727280 0.0488817 0.1395975 0.1385179 0.1156073 0.1212074 0.2450173 0.1883699 0.0000010 0.1471708 0.1131633 0.1585488 0.1323288 0.0823329 0.3331424 0.3412766 0.1932854 0.0961960 0.0504078 0.0894259 0.1064994 0.1459690 
Perityle_cfvillosa_25_tin                  0.1135494 0.0902472 0.1107796 0.2510923 0.1120019 0.1092395 0.1802123 0.3126273 0.0822612 0.0911242 0.0149022 0.0189039 0.0358100 0.0162089 0.0708809 0.0557293 0.2110850 0.0846969 0.0604325 0.0600727 0.0000000 0.0240251 0.0135484 0.1207848 0.0252103 0.0355163 0.0389531 0.1776203 0.1789972 0.1012809 0.1246105 0.1099215 0.4885774 0.0312688 0.0893130 0.1091245 0.0514219 0.1105221 0.0906131 0.0292242 0.0408341 0.1020985 0.0166852 0.1055617 0.1042293 0.0612246 0.0774064 0.0165950 0.0176152 0.1073480 0.0289269 0.0249500 0.0231265 0.0324900 0.0169302 0.1079270 0.0315434 0.0297315 0.0134602 0.0074092 0.0882943 0.0779602 0.0989297 0.0181758 0.0644797 0.1087701 0.0347678 0.1232470 0.1000199 0.2708547 0.0274293 0.0142566 0.1181697 0.0179014 0.0234373 0.0252599 0.3441104 0.3251790 0.1060517 0.0252775 0.0495663 0.0896621 0.0055111 0.0963636 
Perityle_cinerea_113_Powell1310            0.0708766 0.0758041 0.2293945 0.2018834 0.2303565 0.1333428 0.1754640 0.2408440 0.1216903 0.1783857 0.1380495 0.1419539 0.1389086 0.0200213 0.1548976 0.0142021 0.1098813 0.0442699 0.0320803 0.1822246 0.0240251 0.0000000 0.1407423 0.0395422 0.1423231 0.1453496 0.1632389 0.2232339 0.1254974 0.0636128 0.2259205 0.1980216 0.5423131 0.1443043 0.0534751 0.1795245 0.0142865 0.1827939 0.0192080 0.1433524 0.1671634 0.1637202 0.1347207 0.1583358 0.1832544 0.0958381 0.0564687 0.1301890 0.1450870 0.1799557 0.1417639 0.1470458 0.1486940 0.0638484 0.0146633 0.0965740 0.0338395 0.0245377 0.1337165 0.1449946 0.0643449 0.0273008 0.0662748 0.0318985 0.1422523 0.1797028 0.1386826 0.1952580 0.2253758 0.1409955 0.0095092 0.1407423 0.0909917 0.1453729 0.1502610 0.1310864 0.1384309 0.2614067 0.1915412 0.1415773 0.1388802 0.0865727 0.1387773 0.2227771 
Perityle_coahuilensis_24                   0.0962512 0.0628136 0.0850956 0.2332059 0.0854354 0.0957002 0.1786449 0.2709410 0.0793872 0.0772483 0.0081211 0.0054048 0.0114291 0.0045680 0.0486229 0.0448340 0.2400219 0.0676942 0.0476800 0.1631077 0.0135484 0.1407423 0.0000000 0.1324555 0.0049228 0.0256769 0.0387683 0.2438279 0.1460532 0.0888603 0.1115789 0.1016483 0.4164148 0.0102605 0.0678116 0.0855340 0.0345478 0.0951370 0.1399800 0.0037785 0.0108464 0.0832570 0.0021947 0.0825578 0.1045583 0.1081547 0.0550353 0.0063732 0.0017149 0.0858778 0.0020988 0.0099395 0.0056081 0.0204299 0.0078064 0.0888746 0.0173110 0.0153792 0.0101925 0.0021809 0.0758660 0.0585454 0.0743277 0.0113181 0.0489921 0.0984462 0.0229337 0.0983329 0.0926667 0.2510164 0.0171868 0.0008847 0.0945594 0.0075143 0.0062739 0.0128019 0.3078042 0.2331209 0.0932562 0.0129287 0.0422644 0.0783114 0.0036794 0.0776526 
Perityle_cochisensis_44_cave_creek         0.1499987 0.0799957 0.2346180 0.3250360 0.2031849 0.1120146 0.2193347 0.4050735 0.1835021 0.2042763 0.1376767 0.1605167 0.1464168 0.0404856 0.1561222 0.1346892 0.1750688 0.1109851 0.1385305 0.1836684 0.1207848 0.0395422 0.1324555 0.0000000 0.1640118 0.1657360 0.1674394 0.2699257 0.2760055 0.1010352 0.2248096 0.2057385 0.5910518 0.1417319 0.1143781 0.2005318 0.1046362 0.2145840 0.1466708 0.1405389 0.1444567 0.2026606 0.1550555 0.2036585 0.2070201 0.1514947 0.1403133 0.1561414 0.1603922 0.2102531 0.1339148 0.1636922 0.1623275 0.1447356 0.0290012 0.1959763 0.0431451 0.0426200 0.1612764 0.1578243 0.1142409 0.0856725 0.1530674 0.0521041 0.1709740 0.2131514 0.1625888 0.2329604 0.1604200 0.2886186 0.0992447 0.1383719 0.1627047 0.1440279 0.1669188 0.1560890 0.3591238 0.4438699 0.2068589 0.1561128 0.1588004 0.1026622 0.1549899 0.2014549 
Perityle_congesta_202                      0.1172609 0.0928350 0.1039111 0.2564342 0.0999384 0.1062749 0.1945825 0.2943607 0.1014405 0.0918324 0.0188740 0.0090244 0.0346518 0.0206878 0.0684333 0.0582301 0.2636483 0.0847426 0.0634893 0.1515048 0.0252103 0.1423231 0.0049228 0.1640118 0.0000000 0.0326259 0.0411765 0.2548924 0.1718078 0.0965309 0.1282102 0.1040541 0.4270821 0.0284641 0.0891224 0.1048608 0.0474061 0.1104599 0.1150430 0.0280022 0.0369893 0.0998792 0.0084969 0.1026511 0.1018341 0.0955404 0.0775303 0.0075691 0.0066779 0.1050941 0.0258096 0.0220634 0.0127656 0.0345368 0.0228911 0.1107861 0.0353552 0.0272556 0.0268839 0.0106475 0.0876410 0.0706592 0.0959198 0.0108485 0.0573960 0.1107946 0.0340782 0.1215481 0.1001259 0.2704454 0.0288714 0.0107345 0.1183010 0.0065054 0.0113175 0.0249564 0.3412401 0.2533557 0.1031748 0.0280346 0.0540357 0.0934338 0.0099024 0.0919510 
Perityle_cordifolia_27                     0.1109311 0.0776303 0.0968107 0.2502758 0.1003160 0.1124570 0.1907005 0.2906841 0.0965312 0.0892543 0.0200093 0.0296086 0.0411369 0.0254572 0.0634290 0.0497165 0.2530319 0.0764559 0.0530888 0.1298474 0.0355163 0.1453496 0.0256769 0.1657360 0.0326259 0.0000000 0.0492971 0.2573627 0.1685736 0.0969223 0.1235171 0.1299602 0.4271010 0.0374621 0.0789453 0.1009964 0.0440829 0.1073279 0.1949268 0.0310539 0.0402064 0.0966818 0.0304011 0.0972745 0.1034060 0.0883444 0.0683189 0.0316192 0.0276243 0.0991459 0.0248885 0.0313727 0.0315385 0.0102780 0.0257264 0.0903860 0.0261554 0.0223498 0.0300686 0.0226998 0.0897368 0.0667331 0.0825369 0.0108511 0.0591830 0.1102644 0.0158505 0.1092081 0.1027516 0.2659429 0.0316660 0.0232884 0.1156779 0.0334200 0.0347682 0.0310377 0.3336794 0.2449227 0.1065160 0.0300088 0.0491659 0.0941701 0.0246949 0.0843258 
Perityle_cordifolia_68_tecolote            0.1233055 0.0904046 0.1078397 0.2569480 0.1061679 0.1155430 0.2020594 0.3107528 0.1085308 0.0948961 0.0308025 0.0361256 0.0489028 0.0268581 0.0780902 0.0728150 0.2594100 0.0947502 0.0722719 0.1924370 0.0389531 0.1632389 0.0387683 0.1674394 0.0411765 0.0492971 0.0000000 0.2559019 0.1665811 0.1017024 0.1288963 0.1380151 0.4389634 0.0483792 0.0964737 0.1104100 0.0635739 0.1197604 0.2031303 0.0402173 0.0476410 0.1130229 0.0327061 0.1069491 0.1322683 0.1433739 0.0783129 0.0382834 0.0369368 0.1137921 0.0355434 0.0413577 0.0386657 0.0390514 0.0322616 0.1069816 0.0278382 0.0377163 0.0352406 0.0282396 0.0917661 0.0703364 0.0930809 0.0295106 0.0768650 0.1172061 0.0443639 0.1199333 0.1099241 0.2721563 0.0474280 0.0278306 0.1168603 0.0446086 0.0403470 0.0360689 0.3604869 0.2582239 0.1138442 0.0337419 0.0698988 0.0953867 0.0326780 0.1000401 
Perityle_coronopifolia_28_patagonia        0.1706850 0.1486283 0.2895204 0.3621445 0.2969582 0.1200950 0.1970703 0.4245023 0.2109803 0.2683132 0.2093342 0.2489514 0.2312645 0.1355788 0.2678747 0.1948574 0.3362264 0.1693228 0.2031243 0.3059737 0.1776203 0.2232339 0.2438279 0.2699257 0.2548924 0.2573627 0.2559019 0.0000000 0.3284624 0.0937851 0.2704699 0.2789216 0.6543118 0.2593729 0.1560134 0.2694861 0.1558962 0.2683444 0.2167613 0.2528037 0.2631973 0.2763179 0.2288261 0.2640186 0.2574474 0.2426026 0.1509561 0.2193857 0.2484263 0.2679535 0.2540896 0.2562235 0.2364587 0.2153287 0.1254237 0.2714519 0.1315400 0.1330427 0.2413940 0.2579543 0.1234055 0.1262508 0.1223883 0.0595271 0.2550072 0.2377918 0.2492916 0.2670345 0.2140456 0.3100321 0.1646069 0.2537978 0.1999176 0.2473559 0.2557056 0.2324651 0.3301790 0.5489258 0.2619789 0.2535311 0.2471928 0.1182584 0.2420199 0.2612727 
Perityle_crassifolia_70_ventanas           0.1303662 0.1227614 0.1667361 0.2692171 0.1801234 0.1281152 0.2855401 0.3172364 0.0997839 0.1839419 0.1515606 0.1660097 0.1675348 0.1607906 0.1668843 0.1682202 0.3135743 0.1736781 0.1745408 0.1719545 0.1789972 0.1254974 0.1460532 0.2760055 0.1718078 0.1685736 0.1665811 0.3284624 0.0000000 0.1180643 0.2035810 0.1841722 0.5829251 0.1624847 0.1245069 0.1999054 0.1722933 0.1894580 0.1885396 0.1627133 0.1693510 0.1895143 0.1570652 0.1951587 0.1849793 0.1778210 0.1613775 0.1589748 0.1626987 0.1956103 0.1421182 0.1835489 0.1674586 0.1637146 0.1566750 0.1601047 0.1317996 0.1177436 0.1643645 0.1664221 0.1701514 0.1380530 0.1647462 0.1240492 0.1837731 0.1963520 0.1620032 0.1866164 0.1102130 0.1698941 0.1374244 0.1528601 0.0448840 0.1526821 0.1725408 0.1746151 0.3169220 0.2038249 0.1831894 0.1628831 0.1640055 0.1951168 0.1624851 0.1747186 
Perityle_crassifolia_74_playa_balandra     0.0864200 0.1000911 0.0890493 0.1911787 0.1173466 0.1107866 0.1542020 0.2223810 0.0868849 0.0919393 0.0860006 0.0920086 0.0993679 0.0987379 0.0963772 0.0985454 0.1269223 0.1037995 0.1012972 0.1018626 0.1012809 0.0636128 0.0888603 0.1010352 0.0965309 0.0969223 0.1017024 0.0937851 0.1180643 0.0000000 0.1365985 0.0979142 0.4463912 0.0940864 0.0818987 0.0953476 0.1022471 0.0925987 0.1012930 0.0929001 0.1153373 0.0914266 0.0941075 0.0989507 0.0919125 0.1109540 0.1029974 0.0941075 0.0935794 0.1036244 0.0888801 0.0973074 0.0920086 0.0897622 0.0998629 0.0942885 0.0963119 0.0645412 0.0959087 0.0977469 0.1064618 0.0686540 0.0948847 0.0751595 0.1004315 0.0935813 0.0999358 0.1142488 0.0878935 0.1510161 0.0930686 0.0880356 0.0493620 0.0898542 0.0986674 0.1011294 0.2333562 0.1555967 0.0982089 0.0920086 0.0909909 0.1226464 0.0928873 0.1262989 
Perityle_cuneata_34_cuneata_San_antonio    0.1466574 0.1367213 0.1412191 0.2769795 0.1194307 0.1436693 0.2238764 0.3246305 0.1272818 0.1169781 0.1000788 0.1279246 0.1255497 0.1015349 0.1099849 0.1138452 0.2166322 0.1261882 0.0999519 0.1239413 0.1246105 0.2259205 0.1115789 0.2248096 0.1282102 0.1235171 0.1288963 0.2704699 0.2035810 0.1365985 0.0000000 0.1502796 0.4564279 0.1274336 0.1171562 0.1195847 0.0987285 0.1345042 0.1786485 0.1158100 0.1172372 0.1254640 0.1188224 0.1138135 0.1292746 0.1356352 0.0884839 0.1259840 0.1191065 0.1220181 0.1022503 0.1192904 0.1212569 0.1123082 0.1031721 0.1104660 0.0965353 0.0830679 0.1168385 0.1124029 0.1378299 0.0971816 0.1068353 0.1305733 0.1118532 0.2121405 0.1138664 0.1337411 0.1302354 0.3254272 0.1018220 0.1027380 0.1388554 0.1199424 0.1191834 0.1267764 0.3592380 0.3135572 0.1223218 0.1173428 0.0997438 0.1314862 0.1092203 0.0815052 
Perityle_cuneata_4                         0.1367502 0.0775407 0.1153219 0.2581495 0.1060674 0.1138694 0.2129044 0.3138953 0.1062746 0.1117752 0.0922794 0.1111141 0.1092817 0.0815850 0.0956810 0.1139868 0.2627917 0.1020273 0.1051772 0.1319297 0.1099215 0.1980216 0.1016483 0.2057385 0.1040541 0.1299602 0.1380151 0.2789216 0.1841722 0.0979142 0.1502796 0.0000000 0.4185566 0.1123950 0.1010182 0.1241268 0.1033433 0.1416191 0.2166898 0.0980020 0.1074609 0.1292682 0.0985615 0.1172652 0.1563719 0.1295441 0.0849813 0.1153644 0.0963572 0.1264915 0.0862440 0.1094555 0.1042156 0.1032038 0.0868273 0.1121026 0.0775951 0.0747808 0.1053783 0.0929137 0.1111606 0.0940917 0.1006128 0.0584270 0.1300928 0.1165335 0.0998095 0.1183783 0.1020014 0.2932350 0.0980473 0.0846604 0.1296119 0.1153960 0.1012169 0.1129274 0.3193114 0.2710494 0.1308343 0.1008235 0.1013701 0.0990832 0.0930916 0.0984452 
Perityle_discoidea_81                      0.4974645 0.4934194 0.4357841 0.5256953 0.4276573 0.4390219 0.5276919 0.5087132 0.4946747 0.4232747 0.4267402 0.4289757 0.4677660 0.4705828 0.4415667 0.4559003 0.6067012 0.5074713 0.4621960 0.5453636 0.4885774 0.5423131 0.4164148 0.5910518 0.4270821 0.4271010 0.4389634 0.6543118 0.5829251 0.4463912 0.4564279 0.4185566 0.0000000 0.4204314 0.4995278 0.4176800 0.4582275 0.4339788 0.4838753 0.4294352 0.4306012 0.4109272 0.4605316 0.4420225 0.4424243 0.5117493 0.4883743 0.4765737 0.4307424 0.4267469 0.4282873 0.4232316 0.4488901 0.4879153 0.4666110 0.4769116 0.4736049 0.4628788 0.4461044 0.4339591 0.4820293 0.4946693 0.4961731 0.4307838 0.4001382 0.4288202 0.4206074 0.4774469 0.3795157 0.4694058 0.4428963 0.4197418 0.5034602 0.4293982 0.4217541 0.4533282 0.5628558 0.4633598 0.4156306 0.4268722 0.3976769 0.4960463 0.4266478 0.4149811 
Perityle_dissecta_201                      0.1116042 0.0837257 0.0983119 0.2447833 0.1060984 0.1115355 0.1934742 0.2905908 0.0933869 0.0915967 0.0187957 0.0289135 0.0139301 0.0240453 0.0567917 0.0599886 0.2650471 0.0844562 0.0607848 0.1192705 0.0312688 0.1443043 0.0102605 0.1417319 0.0284641 0.0374621 0.0483792 0.2593729 0.1624847 0.0940864 0.1274336 0.1123950 0.4204314 0.0000000 0.0753281 0.1004407 0.0497663 0.1081601 0.1389711 0.0027341 0.0114057 0.1025212 0.0262247 0.0982856 0.1034636 0.0870909 0.0748008 0.0322761 0.0231904 0.1017359 0.0010250 0.0239954 0.0294439 0.0339480 0.0218294 0.1017143 0.0418864 0.0381319 0.0241247 0.0205872 0.0930058 0.0906583 0.0929384 0.0486518 0.0624152 0.1098476 0.0344701 0.1131447 0.0983236 0.2908554 0.0357431 0.0019012 0.1090430 0.0204678 0.0292398 0.0282687 0.3170028 0.2594961 0.1058750 0.0246199 0.0579750 0.0993491 0.0190177 0.0926932 
Perityle_emoryi_47_punta_san_jose          0.0062968 0.0411606 0.0645632 0.2190097 0.1076569 0.0952278 0.1701177 0.2890160 0.0159327 0.0968927 0.0652482 0.0773735 0.0835507 0.0852415 0.0701941 0.0785254 0.2024707 0.1134981 0.0807991 0.0778868 0.0893130 0.0534751 0.0678116 0.1143781 0.0891224 0.0789453 0.0964737 0.1560134 0.1245069 0.0818987 0.1171562 0.1010182 0.4995278 0.0753281 0.0000000 0.1002372 0.0752135 0.1018198 0.1191961 0.0746077 0.0789686 0.0959644 0.0779537 0.0925293 0.1017490 0.0823612 0.0868616 0.0753321 0.0826454 0.0985044 0.0597705 0.0834690 0.0849538 0.0723698 0.0731733 0.1054147 0.0719252 0.0734692 0.0817033 0.0802026 0.1103333 0.1000071 0.0872390 0.0492735 0.0786314 0.1104848 0.0773300 0.0932056 0.0705134 0.2454669 0.0651278 0.0677236 0.1025837 0.0745979 0.0862509 0.0848735 0.3081253 0.3089540 0.0936827 0.0761734 0.0705635 0.1176383 0.0798046 0.0635799 
Perityle_feddemae_99                       0.1147643 0.0962584 0.1269410 0.2401711 0.1024059 0.0980327 0.1837872 0.3109692 0.1060693 0.1129824 0.0815889 0.0968279 0.1076171 0.0727179 0.1005651 0.0904627 0.2831747 0.0999850 0.0896748 0.1133710 0.1091245 0.1795245 0.0855340 0.2005318 0.1048608 0.1009964 0.1104100 0.2694861 0.1999054 0.0953476 0.1195847 0.1241268 0.4176800 0.1004407 0.1002372 0.0000000 0.0938920 0.0579796 0.1342616 0.0981908 0.1038973 0.0235247 0.0986005 0.0218643 0.0529931 0.1185636 0.0740189 0.1019150 0.0994608 0.0246507 0.0837351 0.1019098 0.0999931 0.1017385 0.0759893 0.0483248 0.0809500 0.0743892 0.1016173 0.0934981 0.1115129 0.0780917 0.0889439 0.0799536 0.0943506 0.1085262 0.0999444 0.1212529 0.1061637 0.2980585 0.0788923 0.0854170 0.1294800 0.0942979 0.1046120 0.1063811 0.3400282 0.2930670 0.0593882 0.0965499 0.0894358 0.1013550 0.0943873 0.0950844 
Perityle_fosteri_93                        0.0951585 0.0990721 0.0985859 0.2218828 0.1050354 0.1243108 0.1724393 0.2940183 0.0711815 0.0765157 0.0209308 0.0386677 0.0536377 0.0363992 0.0381256 0.0066707 0.1797983 0.0844265 0.0071265 0.0013394 0.0514219 0.0142865 0.0345478 0.1046362 0.0474061 0.0440829 0.0635739 0.1558962 0.1722933 0.1022471 0.0987285 0.1033433 0.4582275 0.0497663 0.0752135 0.0938920 0.0000000 0.0862546 0.0457476 0.0468895 0.0604622 0.0790926 0.0393456 0.0794274 0.0837396 0.0101222 0.0666925 0.0396333 0.0406712 0.0844983 0.0342291 0.0508095 0.0456839 0.0412819 0.0330776 0.0841492 0.0437377 0.0223769 0.0506985 0.0424622 0.0814492 0.0832343 0.0734743 0.0491640 0.0115021 0.0935102 0.0446015 0.1136610 0.0904933 0.2437635 0.0056987 0.0393678 0.1153405 0.0376323 0.0449359 0.0474775 0.3413438 0.3315759 0.0845070 0.0451986 0.0114328 0.0923537 0.0414784 0.0614045 
Perityle_gamon_221                         0.1271317 0.1113925 0.1182701 0.2570617 0.1126975 0.1144981 0.1904236 0.3237618 0.1145262 0.1126515 0.0817055 0.1011605 0.1135957 0.0814212 0.0979879 0.0886093 0.2901511 0.1024963 0.0835761 0.1456125 0.1105221 0.1827939 0.0951370 0.2145840 0.1104599 0.1073279 0.1197604 0.2683444 0.1894580 0.0925987 0.1345042 0.1416191 0.4339788 0.1081601 0.1018198 0.0579796 0.0862546 0.0000000 0.1743294 0.0976255 0.1058845 0.0516977 0.1073399 0.0513286 0.0190622 0.1178356 0.0802393 0.1061198 0.1046956 0.0555063 0.0907794 0.1089621 0.1034217 0.1042599 0.0774113 0.0362494 0.0902581 0.0728403 0.1028939 0.0998956 0.1157815 0.0862614 0.0873003 0.1021276 0.0943297 0.1051344 0.1043608 0.1208332 0.1144662 0.3057681 0.0753668 0.0947630 0.1310491 0.1026420 0.1124659 0.1080356 0.3446383 0.2820379 0.0521860 0.0954619 0.0817603 0.1004789 0.0983042 0.0968311 
Perityle_gentryi_8_san_francisco           0.2065613 0.1152633 0.1629698 0.2300383 0.1152033 0.1333099 0.1736153 0.3148216 0.1472647 0.1475823 0.0794284 0.1293005 0.0950218 0.0503022 0.0455631 0.0826043 0.2161877 0.0969294 0.0334659 0.0140634 0.0906131 0.0192080 0.1399800 0.1466708 0.1150430 0.1949268 0.2031303 0.2167613 0.1885396 0.1012930 0.1786485 0.2166898 0.4838753 0.1389711 0.1191961 0.1342616 0.0457476 0.1743294 0.0000000 0.0934944 0.1010687 0.1752784 0.0623078 0.0957114 0.2251281 0.0609140 0.0762132 0.1374653 0.0976319 0.1383486 0.0550529 0.0874879 0.1219986 0.0759642 0.0876668 0.0909910 0.0553058 0.0349773 0.0834261 0.0624615 0.1451046 0.0935050 0.0823916 0.0601584 0.1273006 0.1141617 0.0993845 0.1536779 0.1564235 0.2368698 0.0872929 0.0650597 0.1285255 0.1608588 0.0846288 0.1005253 0.3381223 0.3299344 0.1789828 0.0988578 0.0538952 0.0958961 0.0902205 0.0780494 
Perityle_gilensis_22_Superstition          0.0967858 0.0791006 0.0910979 0.2390327 0.1033461 0.1064021 0.1877411 0.2902538 0.0848408 0.0861290 0.0141710 0.0224118 0.0120790 0.0229004 0.0566448 0.0538444 0.2607369 0.0797106 0.0587714 0.1027837 0.0292242 0.1433524 0.0037785 0.1405389 0.0280022 0.0310539 0.0402173 0.2528037 0.1627133 0.0929001 0.1158100 0.0980020 0.4294352 0.0027341 0.0746077 0.0981908 0.0468895 0.0976255 0.0934944 0.0000000 0.0095584 0.0936008 0.0253433 0.0955930 0.0956503 0.0871758 0.0717077 0.0257563 0.0225362 0.0992419 0.0000010 0.0249769 0.0272476 0.0331492 0.0213753 0.0965547 0.0383868 0.0382877 0.0223010 0.0197270 0.0901672 0.0864087 0.0887782 0.0451290 0.0596608 0.1036109 0.0314118 0.1071082 0.0886861 0.2745735 0.0284433 0.0009824 0.1062275 0.0132035 0.0284726 0.0269790 0.3257926 0.2572761 0.0951177 0.0227025 0.0557119 0.0924409 0.0176833 0.0878373 
Perityle_gilensis_salensis_225             0.1026542 0.0911621 0.1030675 0.2531205 0.1121980 0.1190455 0.2071495 0.2993457 0.0825101 0.0956561 0.0235313 0.0294647 0.0191334 0.0331393 0.0654221 0.0669036 0.2714201 0.0931314 0.0686996 0.1016093 0.0408341 0.1671634 0.0108464 0.1444567 0.0369893 0.0402064 0.0476410 0.2631973 0.1693510 0.1153373 0.1172372 0.1074609 0.4306012 0.0114057 0.0789686 0.1038973 0.0604622 0.1058845 0.1010687 0.0095584 0.0000000 0.0983862 0.0315554 0.1035496 0.1026502 0.0997630 0.0801930 0.0332346 0.0312911 0.1051140 0.0081800 0.0325643 0.0342703 0.0417708 0.0324939 0.1042715 0.0534300 0.0559599 0.0332706 0.0282238 0.1038300 0.0936596 0.0952727 0.0563047 0.0737446 0.1128655 0.0406896 0.1148054 0.0921093 0.2975114 0.0415065 0.0070516 0.1212582 0.0206743 0.0375290 0.0363100 0.3292886 0.2745954 0.1008527 0.0301182 0.0670289 0.1097797 0.0271234 0.0953633 
Perityle_glaucescens_94                    0.1179939 0.1019681 0.1205175 0.2524837 0.0955885 0.0955776 0.1802799 0.3012263 0.1137867 0.1108394 0.0783252 0.0893033 0.1022451 0.0682078 0.0951216 0.0821471 0.2871950 0.0946714 0.0766511 0.1517178 0.1020985 0.1637202 0.0832570 0.2026606 0.0998792 0.0966818 0.1130229 0.2763179 0.1895143 0.0914266 0.1254640 0.1292682 0.4109272 0.1025212 0.0959644 0.0235247 0.0790926 0.0516977 0.1752784 0.0936008 0.0983862 0.0000000 0.0940040 0.0030862 0.0430737 0.1172120 0.0647848 0.0923753 0.0960339 0.0064445 0.0794180 0.0999462 0.0941061 0.0927082 0.0663076 0.0442700 0.0793804 0.0695996 0.0973826 0.0912307 0.1126471 0.0859923 0.0843516 0.0807110 0.0852560 0.1002079 0.0982733 0.1145563 0.1076886 0.2929970 0.0688351 0.0878001 0.1240392 0.0906436 0.1014423 0.1015281 0.3269915 0.2688470 0.0562989 0.0905530 0.0776798 0.0999100 0.0931859 0.0854791 
Perityle_gracilis_11                       0.1025034 0.0821630 0.1058100 0.2426125 0.0983145 0.1028975 0.1896502 0.2732022 0.0794512 0.0919411 0.0113493 0.0021538 0.0318428 0.0119588 0.0668574 0.0473280 0.2484391 0.0715803 0.0547693 0.0632548 0.0166852 0.1347207 0.0021947 0.1550555 0.0084969 0.0304011 0.0327061 0.2288261 0.1570652 0.0941075 0.1188224 0.0985615 0.4605316 0.0262247 0.0779537 0.0986005 0.0393456 0.1073399 0.0623078 0.0253433 0.0315554 0.0940040 0.0000000 0.0966367 0.1011735 0.0666748 0.0597645 0.0021314 0.0010641 0.1005135 0.0221947 0.0195747 0.0053298 0.0304606 0.0158601 0.1017068 0.0264382 0.0201806 0.0216026 0.0055779 0.0694561 0.0650208 0.0788988 0.0110484 0.0660992 0.0959664 0.0285950 0.1151559 0.1013404 0.2618006 0.0172316 0.0066037 0.1097250 0.0021597 0.0032166 0.0182158 0.3367644 0.2846482 0.1015995 0.0226460 0.0513521 0.0838028 0.0043164 0.0877767 
Perityle_harkerae_31                       0.1098710 0.1014430 0.1278591 0.2535065 0.0999494 0.0950800 0.1866164 0.2908093 0.0989358 0.1107432 0.0759529 0.0938653 0.1055430 0.0708027 0.0977099 0.0751040 0.2858063 0.0960754 0.0794435 0.0969326 0.1055617 0.1583358 0.0825578 0.2036585 0.1026511 0.0972745 0.1069491 0.2640186 0.1951587 0.0989507 0.1138135 0.1172652 0.4420225 0.0982856 0.0925293 0.0218643 0.0794274 0.0513286 0.0957114 0.0955930 0.1035496 0.0030862 0.0966367 0.0000000 0.0458981 0.0979701 0.0698540 0.0960969 0.0978203 0.0061241 0.0834635 0.1018271 0.0972858 0.0962511 0.0655614 0.0452494 0.0809116 0.0744186 0.1014527 0.0930110 0.1059271 0.0853566 0.0867972 0.0837243 0.0852635 0.1022845 0.0948718 0.1134538 0.0896940 0.2946991 0.0634949 0.0873517 0.1288733 0.0897863 0.1031026 0.1038991 0.3214298 0.2971235 0.0519859 0.0923465 0.0788486 0.1012512 0.0927063 0.0935929 
Perityle_hofmeisteria_4_nombre_de_dios     0.1202394 0.1123498 0.1172627 0.2563819 0.1099978 0.1126774 0.1922197 0.3173238 0.1132232 0.1115722 0.0795169 0.0942724 0.1102086 0.0763863 0.0957925 0.0852398 0.2874389 0.0984402 0.0798359 0.1941824 0.1042293 0.1832544 0.1045583 0.2070201 0.1018341 0.1034060 0.1322683 0.2574474 0.1849793 0.0919125 0.1292746 0.1563719 0.4424243 0.1034636 0.1017490 0.0529931 0.0837396 0.0190622 0.2251281 0.0956503 0.1026502 0.0430737 0.1011735 0.0458981 0.0000000 0.1532848 0.0760279 0.0971576 0.0972195 0.0496509 0.0862071 0.1029502 0.1003552 0.0984392 0.0745509 0.0333320 0.0851491 0.0637672 0.0973321 0.0962299 0.1089439 0.0741775 0.0828506 0.0881695 0.1078482 0.1011089 0.1003098 0.1197855 0.1406664 0.2905311 0.0708497 0.0868060 0.1282412 0.0960995 0.1063746 0.1015551 0.3315765 0.2671760 0.0577062 0.0904725 0.0817560 0.0885688 0.0942970 0.0922510 
