84
Amauria_brandeegeana_62                    0.0000000 0.1473938 0.0476465 0.3716126 0.1299299 0.0506842 0.2648648 0.1749601 0.2833326 0.0617736 0.2040501 0.1714956 0.1636091 0.1971393 0.2062920 0.1657044 0.0547616 0.2048329 0.1758635 0.1620853 0.1607107 0.0802451 0.1685444 0.1841819 0.1834503 0.2073046 0.1868645 0.1737032 0.1488780 0.1557866 0.1836891 0.1851988 0.2172412 0.1872006 0.1127317 0.2238952 0.1706535 0.2344450 0.1855470 0.1639188 0.1732067 0.2245455 0.2048498 0.2344133 0.2319472 0.1715222 0.2027571 0.1914626 0.1722053 0.2176264 0.2445679 0.1760532 0.2040804 0.1983031 0.1578045 0.2165007 0.1931110 0.1334799 0.1721328 0.1786351 0.2044653 0.0823229 0.2726429 0.1986561 0.2055586 0.1940896 0.1849102 0.3010822 0.2076061 0.0593816 0.1628227 0.1685444 0.1701347 0.1684409 0.1723451 0.1592174 0.0570590 0.2236616 0.2108933 0.1628996 0.1814417 0.0803030 0.1807218 0.1765528 
Amauria_carterae_99_mesa                   0.1473938 0.0000000 0.1685035 0.1763213 0.1304968 0.0972467 0.3226895 0.1151619 0.2876091 0.1642578 0.1996417 0.1337698 0.1375708 0.1196033 0.1528666 0.1248671 0.8669516 0.1625127 0.1299990 0.1320401 0.1260850 0.1006977 0.1303745 0.1326138 0.1367703 0.1620676 0.1353158 0.1457023 0.1660920 0.1523290 0.1702583 0.1640712 0.3358249 0.1298908 0.1153838 0.1945889 0.1366636 0.1978729 0.1361469 0.1204856 0.1302578 0.1879846 0.1443668 0.1945613 0.2021044 0.1301338 0.1404527 0.1384362 0.1379341 0.1905248 0.1545136 0.1297365 0.1499005 0.1388428 0.1263152 0.1926898 0.1399347 0.1073230 0.1341026 0.1386518 0.1520113 0.0812511 0.1616326 0.1470997 0.1672315 0.1504688 0.1544877 0.3738710 0.1238178 0.1052567 0.1297995 0.1303745 0.1711211 0.1271243 0.1386021 0.1249680 0.1192985 0.1433827 0.1925413 0.1421450 0.1761202 0.0919805 0.1394049 0.1407521 
Amauria_rotundifolia_SRR9119150            0.0476465 0.1685035 0.0000000 0.4003201 0.1658115 0.0711108 0.3200683 0.3116603 0.3302096 0.0204402 0.3100655 0.2159664 0.2186017 0.2436641 0.2737151 0.2086020 0.1588165 0.2369863 0.2348890 0.2327711 0.2192818 0.0835147 0.2200827 0.2349838 0.2341000 0.2546577 0.2249272 0.2322264 0.2453235 0.1850655 0.2287244 0.2554698 0.2632190 0.2488535 0.1042026 0.3065915 0.2230614 0.3135859 0.2277300 0.1918743 0.2151627 0.2540985 0.2473487 0.2780448 0.3153071 0.2177137 0.2873189 0.2467637 0.2390665 0.2965558 0.3100485 0.2346089 0.2529533 0.2555381 0.2123318 0.2348087 0.2140477 0.1466001 0.2343039 0.2265391 0.2335311 0.1005160 0.3101122 0.2748552 0.2908114 0.2460581 0.2455066 0.3501679 0.2324974 0.0773538 0.1999877 0.2200827 0.2895133 0.2198750 0.2398647 0.2161890 0.0778200 0.2873320 0.2726907 0.2160264 0.2358325 0.1323318 0.2412857 0.2550886 
Conoclinium_coelestinum_SRR9119114         0.3716126 0.1763213 0.4003201 0.0000000 0.2516588 0.1363956 0.4315954 0.1951991 0.5011712 0.4018484 0.2983141 0.3102950 0.3071520 0.3053054 0.3185743 0.2996086 1.5342370 0.3478937 0.3010629 0.3099498 0.3006696 0.1758351 0.2897097 0.3016567 0.2929960 0.3091095 0.3154928 0.2745508 0.2191135 0.2168152 0.3309693 0.2826380 0.4930529 0.3642963 0.2374054 0.3605080 0.3212260 0.3518332 0.3170873 0.2697870 0.3070842 0.3421799 0.3551804 0.3493379 0.3532433 0.3081109 0.2853170 0.3065179 0.3243917 0.3469786 0.3566939 0.2878646 0.3491828 0.2966620 0.2897722 0.3254096 0.3131199 0.2448825 0.3081109 0.2878417 0.3329910 0.1581395 0.3528956 0.3466117 0.3507640 0.2959946 0.3062795 0.5332603 0.2961028 0.1467258 0.2989186 0.2897097 0.2553284 0.2810928 0.3155869 0.2861062 0.1564507 0.3486609 0.3278177 0.3049874 0.3430037 0.1805556 0.2872137 0.2844814 
Eutetras_palmeri_63                        0.1299299 0.1304968 0.1658115 0.2516588 0.0000000 0.0035318 0.2183225 0.1083418 0.2416593 0.1399707 0.1218093 0.0768346 0.0795598 0.0684806 0.1003902 0.0715086 0.1179948 0.1124279 0.0767116 0.0825964 0.0729065 0.0957858 0.0816773 0.0918022 0.0866568 0.0994931 0.0897899 0.0967908 0.0841410 0.1034199 0.0943125 0.0816752 0.1952340 0.1313439 0.0671872 0.1118946 0.0837673 0.1267121 0.0976644 0.0722777 0.0787624 0.1025155 0.1042397 0.1065038 0.1282878 0.0798135 0.0509350 0.0757786 0.0847469 0.1061775 0.1366117 0.1265188 0.1229157 0.0996017 0.0679916 0.0895881 0.0978937 0.0452484 0.0769356 0.0812264 0.0903957 0.0677178 0.0790544 0.1634570 0.1313242 0.0960712 0.1031895 0.2288215 0.0830350 0.0524583 0.0713613 0.0816773 0.1378752 0.0750756 0.0825090 0.0757617 0.0544258 0.0643017 0.1063674 0.0810346 0.1206805 0.0715568 0.0800660 0.0625980 
Eutetras_pringlei_149_quer                 0.0506842 0.0972467 0.0711108 0.1363956 0.0035318 0.0000000 0.1004336 0.1052551 0.1166987 0.0195241 0.0917704 0.0625543 0.0640411 0.0560334 0.0627786 0.0593158 0.1143814 0.0646834 0.0590442 0.0482009 0.0559985 0.0602723 0.0623945 0.0511857 0.0483995 0.0623271 0.0638191 0.0548543 0.0680045 0.0810662 0.0559675 0.0398215 0.0408941 0.0490309 0.0200123 0.0688578 0.0553926 0.0829561 0.0628640 0.0522682 0.0549758 0.0651993 0.0266968 0.0649811 0.0870377 0.0628470 0.0275172 0.0550373 0.0552148 0.0690298 0.0477200 0.0628176 0.0519993 0.0387363 0.0556829 0.0498595 0.0623945 0.0267263 0.0550373 0.0602254 0.0557741 0.0621363 0.0370838 0.0616854 0.0556217 0.0513582 0.0600955 0.0435439 0.0553595 0.0560631 0.0525220 0.0623945 0.0828418 0.0528735 0.0588302 0.0537945 0.0233152 0.0216309 0.0439081 0.0664494 0.0591352 0.0386785 0.0585319 0.0310612 
Eutrochium_fistulosum_SRR9119106           0.2648648 0.3226895 0.3200683 0.4315954 0.2183225 0.1004336 0.0000000 0.2215899 0.3067064 0.3044722 0.3210475 0.2674403 0.2647195 0.2807647 0.3073901 0.2533798 0.1689332 0.2812724 0.2620051 0.2835149 0.2601278 0.1709464 0.2805855 0.2816881 0.2751169 0.2864016 0.2850608 0.2707829 0.2565817 0.2318282 0.2695670 0.2564855 0.2781713 0.3116990 0.1917913 0.3117658 0.2632589 0.3102303 0.2832334 0.2697722 0.2611408 0.3238642 0.2540817 0.3226526 0.3033372 0.2699707 0.2469125 0.2616583 0.2543526 0.3196563 0.3062469 0.2457632 0.2984621 0.3002603 0.2510530 0.2874328 0.2705996 0.2035585 0.2548232 0.2795410 0.2932294 0.1344257 0.3419802 0.3136341 0.3146689 0.2874439 0.2914342 0.3715799 0.2798730 0.1188173 0.2556623 0.2805855 0.2499106 0.2668711 0.2541507 0.2656233 0.1564465 0.2498126 0.3129742 0.2620736 0.2929573 0.1412056 0.2772468 0.2575412 
Galeana_pratensis_104_mex                  0.1749601 0.1151619 0.3116603 0.1951991 0.1083418 0.1052551 0.2215899 0.0000000 0.1838626 0.1917344 0.2608525 0.2202365 0.2208839 0.2085368 0.3240201 0.2086854 0.2376931 0.1556891 0.2120860 0.2045766 0.1988145 0.1099384 0.1898244 0.1645980 0.2211169 0.2134603 0.1733489 0.2066985 0.1470988 0.1013067 0.1704404 0.2007366 0.1428789 0.2783048 0.0742738 0.2030708 0.2108821 0.2240537 0.2123100 0.1394590 0.2008639 0.1484760 0.2023705 0.1478765 0.2294021 0.2219211 0.2349174 0.2292981 0.1920511 0.1813145 0.2070113 0.1963023 0.2110904 0.1564839 0.2087948 0.1410698 0.1571812 0.0960065 0.2108380 0.1889373 0.2198994 0.1229968 0.1545293 0.0827291 0.2626452 0.2394660 0.2096089 0.2204237 0.2133395 0.1163748 0.1669703 0.1898244 0.2363795 0.1852498 0.2210926 0.2102557 0.0910044 0.1876725 0.2345620 0.2205078 0.1984521 0.1095594 0.1928308 0.2384144 
Helianthus_annuus_SRR9119062               0.2833326 0.2876091 0.3302096 0.5011712 0.2416593 0.1166987 0.3067064 0.1838626 0.0000000 0.3193560 0.3031669 0.2649440 0.2661072 0.2691834 0.2772710 0.2536798 0.1935299 0.3159246 0.2660624 0.2706487 0.2528882 0.2207911 0.2625761 0.2858802 0.2762231 0.2965463 0.2670417 0.2678128 0.2339509 0.2587365 0.2749297 0.2401302 0.3163270 0.2960479 0.2112727 0.3055772 0.2675975 0.3016488 0.2614065 0.2490603 0.2613559 0.3025550 0.2439779 0.3001582 0.3007910 0.2673633 0.2455046 0.2555214 0.2452887 0.2997622 0.3240034 0.2695881 0.3021172 0.2882697 0.2569827 0.3060548 0.2731703 0.2157470 0.2586243 0.2672366 0.2718407 0.1522279 0.3070767 0.3494282 0.2882015 0.2777076 0.2765683 0.3837249 0.2547079 0.1301505 0.2527227 0.2625761 0.2577151 0.2540662 0.2643176 0.2566471 0.1711070 0.2861072 0.3098240 0.2629710 0.2741170 0.1860658 0.2598009 0.2416190 
Lycapsus_tenuifolius_17                    0.0617736 0.1642578 0.0204402 0.4018484 0.1399707 0.0195241 0.3044722 0.1917344 0.3193560 0.0000000 0.2643729 0.1934635 0.1795493 0.1994124 0.2265174 0.1820983 0.1235916 0.2161109 0.1909134 0.1921966 0.1789677 0.0669591 0.1898486 0.2076219 0.2042034 0.2138009 0.2131474 0.2049460 0.1894608 0.1596188 0.1958881 0.2116683 0.2276934 0.2226590 0.1204790 0.2371071 0.1831125 0.2765540 0.1910120 0.1862765 0.1815923 0.2457866 0.2313587 0.2642145 0.2764777 0.1878181 0.2092035 0.2026187 0.1986064 0.2478128 0.2617669 0.1890540 0.2226092 0.2278682 0.1728407 0.2218558 0.1951303 0.1259074 0.1970731 0.2000771 0.2234007 0.0502836 0.2862424 0.2148192 0.2352690 0.2183863 0.2188299 0.3298734 0.2193668 0.0280410 0.1808838 0.1898486 0.2110804 0.1932990 0.1832614 0.1796518 0.0468137 0.2411817 0.2267815 0.1756321 0.1882046 0.0894698 0.1981953 0.1901731 
Pericome_caudata_50_silver                 0.2040501 0.1996417 0.3100655 0.2983141 0.1218093 0.0917704 0.3210475 0.2608525 0.3031669 0.2643729 0.0000000 0.2191432 0.2206065 0.2476275 0.2755028 0.2130012 0.1169278 0.1716277 0.2373314 0.2085848 0.2199753 0.1306178 0.2200411 0.2076624 0.2267145 0.2278131 0.2138777 0.2404159 0.0870827 0.0964877 0.2053067 0.1146264 0.2298411 0.2846026 0.1277094 0.2443835 0.2196290 0.2776854 0.2226313 0.1738108 0.2175762 0.1887374 0.2368840 0.2082843 0.2752902 0.2249983 0.2240981 0.2650869 0.2488780 0.2151256 0.3328747 0.2674016 0.2668933 0.2388242 0.2121295 0.2020943 0.1562426 0.1107654 0.2342189 0.2208498 0.2344614 0.0924493 0.2884078 0.2338144 0.3252659 0.2464848 0.2333574 0.3593009 0.2509818 0.1148560 0.1957714 0.2210260 0.1230056 0.2161769 0.2387672 0.2176021 0.0950954 0.2421777 0.2656844 0.2220577 0.2660381 0.1306175 0.2274676 0.2094715 
Perityle_aglossa_84_dead_horse             0.1714956 0.1337698 0.2159664 0.3102950 0.0768346 0.0625543 0.2674403 0.2202365 0.2649440 0.1934635 0.2191432 0.0000000 0.0186942 0.0077616 0.1578114 0.0162784 0.1358610 0.1285066 0.0126282 0.0814296 0.0158301 0.0176945 0.0299870 0.0904106 0.0968013 0.0815409 0.0408804 0.1122022 0.1984125 0.1350384 0.1511013 0.1736615 0.2277377 0.1441018 0.0642083 0.2103708 0.0166185 0.2171693 0.0689371 0.0081882 0.0235755 0.1658242 0.1107045 0.1792888 0.2196566 0.0293248 0.1428841 0.0808626 0.0524240 0.1898557 0.1697239 0.0521133 0.1258886 0.0889148 0.0078662 0.1473758 0.0353535 0.0292578 0.0502550 0.0301673 0.1037235 0.0808212 0.1795517 0.1842666 0.1523153 0.1107082 0.0933512 0.2831859 0.1184388 0.0126336 0.0089205 0.0290740 0.2413635 0.0219239 0.0531223 0.0091607 0.0122366 0.1063927 0.1982509 0.0201384 0.1254509 0.0804894 0.0188082 0.1535665 
Perityle_ambrosiifolia_67_green            0.1636091 0.1375708 0.2186017 0.3071520 0.0795598 0.0640411 0.2647195 0.2208839 0.2661072 0.1795493 0.2206065 0.0186942 0.0000000 0.0201062 0.1570411 0.0143554 0.1316571 0.1277091 0.0173985 0.0848458 0.0203071 0.0177157 0.0295934 0.0919277 0.0861146 0.0812941 0.0328783 0.1122178 0.2063744 0.1367496 0.1495185 0.2020996 0.2271043 0.1544590 0.0539696 0.2148642 0.0226877 0.2297788 0.0638349 0.0114467 0.0170256 0.1696034 0.1082088 0.1878982 0.2321753 0.0275367 0.1630163 0.0638544 0.0622957 0.1982943 0.1899539 0.0539261 0.1281808 0.0943923 0.0148346 0.1569553 0.0377768 0.0362310 0.0592781 0.0250398 0.0982495 0.0712434 0.1846862 0.1959293 0.2033768 0.1106802 0.0938142 0.2820686 0.0913891 0.0131834 0.0113028 0.0295603 0.2472683 0.0175289 0.0654165 0.0152513 0.0177152 0.1106745 0.2007507 0.0247793 0.1269103 0.0878058 0.0239733 0.1640331 
Perityle_angustifolia_13_Eagle_creek       0.1971393 0.1196033 0.2436641 0.3053054 0.0684806 0.0560334 0.2807647 0.2085368 0.2691834 0.1994124 0.2476275 0.0077616 0.0201062 0.0000000 0.1754524 0.0102663 0.1066960 0.1303171 0.0059407 0.0659398 0.0182932 0.0071189 0.0332497 0.0686758 0.0827605 0.0543759 0.0227983 0.0992180 0.2023874 0.1285288 0.1554944 0.2547130 0.2389035 0.2088240 0.0307880 0.2347549 0.0103266 0.2725561 0.0440355 0.0062647 0.0167848 0.1864506 0.1495099 0.1946548 0.2713530 0.0211371 0.1578849 0.0706008 0.1199459 0.2241241 0.1933413 0.0222298 0.1660680 0.0685693 0.0051830 0.1604703 0.0228525 0.0148764 0.0822462 0.0337569 0.0814883 0.0735866 0.1773555 0.1763526 0.2765385 0.1009113 0.0784140 0.3144788 0.0902991 0.0031939 0.0014569 0.0332049 0.2352746 0.0128528 0.0821985 0.0027059 0.0074339 0.0920075 0.2243187 0.0149069 0.1559597 0.0402271 0.0182650 0.1900088 
Perityle_batopilensis_97                   0.2062920 0.1528666 0.2737151 0.3185743 0.1003902 0.0627786 0.3073901 0.3240201 0.2772710 0.2265174 0.2755028 0.1578114 0.1570411 0.1754524 0.0000000 0.1561911 0.0812806 0.1411590 0.1739040 0.1387149 0.1569481 0.0556635 0.1533134 0.1204091 0.1687643 0.1743794 0.1398269 0.1877750 0.2738669 0.1466934 0.1773602 0.2296829 0.2469797 0.2152774 0.0489112 0.2386223 0.1647852 0.2735359 0.0845065 0.0926233 0.1591633 0.2126306 0.1966059 0.2392675 0.2740916 0.1620599 0.1931221 0.1913278 0.1671012 0.2506336 0.2743302 0.1969508 0.2221710 0.1568387 0.1565433 0.1851581 0.0793376 0.0554515 0.1749836 0.1539303 0.1980375 0.1074875 0.2359320 0.2504728 0.2897181 0.1979026 0.1722665 0.3446539 0.1928711 0.0662496 0.1275025 0.1543099 0.3156337 0.1465220 0.1824087 0.1605867 0.0430264 0.2025548 0.2187027 0.1653283 0.2074874 0.0996790 0.1622301 0.1743973 
Perityle_bisetosa_9                        0.1657044 0.1248671 0.2086020 0.2996086 0.0715086 0.0593158 0.2533798 0.2086854 0.2536798 0.1820983 0.2130012 0.0162784 0.0143554 0.0102663 0.1561911 0.0000000 0.1355920 0.1227367 0.0039817 0.0733877 0.0141798 0.0071068 0.0327949 0.0824667 0.0970079 0.0741852 0.0320940 0.1158389 0.1994095 0.1279619 0.1446698 0.1943566 0.2216660 0.1367300 0.0526566 0.2055008 0.0107469 0.2115805 0.0611205 0.0089479 0.0152172 0.1617078 0.1119259 0.1802545 0.2149181 0.0203297 0.1543292 0.0759537 0.1044220 0.1895862 0.1817343 0.0463246 0.1208285 0.0839478 0.0029406 0.1441157 0.0297704 0.0279594 0.0702743 0.0319663 0.1007244 0.0724502 0.1746307 0.1849694 0.1977629 0.1088055 0.0920343 0.2770972 0.1180296 0.0031598 0.0011265 0.0293811 0.2323657 0.0174258 0.0638169 0.0020510 0.0099631 0.0987983 0.1908201 0.0112422 0.1167705 0.0845458 0.0124965 0.1678477 
Perityle_californica_76_positas            0.0547616 0.8669516 0.1588165 1.5342370 0.1179948 0.1143814 0.1689332 0.2376931 0.1935299 0.1235916 0.1169278 0.1358610 0.1316571 0.1066960 0.0812806 0.1355920 0.0000000 0.1259184 0.1309238 0.0961139 0.1358797 9.0000000 0.1513502 0.1088044 0.0939929 0.1494509 0.1468937 0.1314010 0.0593957 0.0595661 0.0350459 0.1081826 0.1150359 0.1314734 0.0736653 0.1598253 0.1349011 0.1266477 0.0768629 0.1348873 0.1388320 0.1446355 0.1137772 0.1488306 0.1152374 0.1470533 0.0130596 0.1379566 0.1378133 0.1436577 0.1266124 0.1257430 0.1322208 0.1086768 0.1318295 0.1269076 0.1650698 0.1124106 0.1369923 0.1494441 0.1339480 0.0978421 0.1287660 0.1363825 0.1485865 0.1268183 0.0908966 0.1807086 0.1437099 0.0919678 0.1296246 0.1513502 0.2189925 0.1378580 0.1466774 0.1349416 0.0664860 0.1475895 0.1277268 0.1408994 0.1474899 0.1438560 0.1349113 0.0231718 
Perityle_canescens_77                      0.2048329 0.1625127 0.2369863 0.3478937 0.1124279 0.0646834 0.2812724 0.1556891 0.3159246 0.2161109 0.1716277 0.1285066 0.1277091 0.1303171 0.1411590 0.1227367 0.1259184 0.0000000 0.1326916 0.1227269 0.1245336 0.1035054 0.1280686 0.1337904 0.1312228 0.1392725 0.1377463 0.1180136 0.1544651 0.1476179 0.1153735 0.1275475 0.2490360 0.2228640 0.0911696 0.1258837 0.1365441 0.1793814 0.1263563 0.1204058 0.1248883 0.1196742 0.1944393 0.1270787 0.1792238 0.1288540 0.0844011 0.1279974 0.1441397 0.1243793 0.2408126 0.1592294 0.2159585 0.1395015 0.1229347 0.1291620 0.1264641 0.0843610 0.1288076 0.1294448 0.1509477 0.0941363 0.1854161 0.2287707 0.2026510 0.1243163 0.1344045 0.2862667 0.1202441 0.0874918 0.1243522 0.1280686 0.1843357 0.1229543 0.1345822 0.1232698 0.0894100 0.1541650 0.1429042 0.1344890 0.1879614 0.0899100 0.1305074 0.0903160 
Perityle_castillonii_96                    0.1758635 0.1299990 0.2348890 0.3010629 0.0767116 0.0590442 0.2620051 0.2120860 0.2660624 0.1909134 0.2373314 0.0126282 0.0173985 0.0059407 0.1739040 0.0039817 0.1309238 0.1326916 0.0000000 0.0833537 0.0171175 0.0106271 0.0279242 0.0870576 0.0879890 0.0770006 0.0273565 0.1118476 0.2019791 0.1326879 0.1529903 0.2323118 0.2205541 0.1688356 0.0518547 0.2260552 0.0136885 0.2510034 0.0628573 0.0087236 0.0138568 0.1834941 0.1198222 0.1923891 0.2516590 0.0147920 0.1548804 0.0635850 0.0696236 0.2128414 0.1781564 0.0252629 0.1368039 0.0870925 0.0063409 0.1578204 0.0307451 0.0293725 0.0662674 0.0242187 0.0961386 0.0765568 0.1784730 0.1879854 0.2151526 0.1102577 0.0950397 0.2914413 0.0902068 0.0031476 0.0011551 0.0278915 0.2533848 0.0146211 0.0707933 0.0054566 0.0122928 0.1001580 0.2200187 0.0131541 0.1319485 0.0821857 0.0180835 0.1793722 
Perityle_cernua_84                         0.1620853 0.1320401 0.2327711 0.3099498 0.0825964 0.0482009 0.2835149 0.2045766 0.2706487 0.1921966 0.2085848 0.0814296 0.0848458 0.0659398 0.1387149 0.0733877 0.0961139 0.1227269 0.0833537 0.0000000 0.0791494 0.0749600 0.0916039 0.0093416 0.0388530 0.0902291 0.0837356 0.0816570 0.2258478 0.1312306 0.1257960 0.1639467 0.2232044 0.2179653 0.0297072 0.1863405 0.0849126 0.2092190 0.0685314 0.0773833 0.0805915 0.1774317 0.1851359 0.1906519 0.2097827 0.0872471 0.1386295 0.0997661 0.1160203 0.2002840 0.2143380 0.1217469 0.1842616 0.0603696 0.0775590 0.1462674 0.0856164 0.0518876 0.0982382 0.0857294 0.0830852 0.0685958 0.1778708 0.1573264 0.2423058 0.0878349 0.0604042 0.2992504 0.0785163 0.0636599 0.0752959 0.0916039 0.2384686 0.0800402 0.1041889 0.0758288 0.0216653 0.1036561 0.1552571 0.0859781 0.1926587 0.0859475 0.0843864 0.1149877 
Perityle_cfvillosa_25_tin                  0.1607107 0.1260850 0.2192818 0.3006696 0.0729065 0.0559985 0.2601278 0.1988145 0.2528882 0.1789677 0.2199753 0.0158301 0.0203071 0.0182932 0.1569481 0.0141798 0.1358797 0.1245336 0.0171175 0.0791494 0.0000000 0.0072652 0.0158543 0.0837867 0.0866545 0.0752675 0.0277638 0.1069456 0.2084056 0.1263400 0.1415404 0.2086359 0.2170085 0.1579438 0.0473807 0.2068003 0.0178206 0.2372996 0.0587914 0.0022945 0.0196456 0.1657590 0.1022503 0.1798946 0.2406956 0.0243508 0.1593130 0.0595736 0.0663146 0.1933283 0.1852380 0.0572518 0.1268444 0.0894234 0.0119129 0.1460850 0.0267371 0.0239768 0.0632203 0.0027838 0.0983454 0.0733283 0.1784652 0.1781193 0.2035475 0.1056481 0.0894347 0.2809239 0.0843830 0.0064158 0.0068202 0.0158370 0.2428687 0.0038468 0.0645194 0.0133793 0.0075337 0.1023497 0.2032808 0.0201963 0.1230852 0.0801924 0.0000010 0.1678871 
Perityle_cinerea_113_Powell1310            0.0802451 0.1006977 0.0835147 0.1758351 0.0957858 0.0602723 0.1709464 0.1099384 0.2207911 0.0669591 0.1306178 0.0176945 0.0177157 0.0071189 0.0556635 0.0071068 9.0000000 0.1035054 0.0106271 0.0749600 0.0072652 0.0000000 0.0213205 0.0738441 0.0634746 0.0664762 0.0217155 0.0738611 0.0961615 0.1028482 0.0792675 0.0897281 0.1707568 0.0220479 0.0436926 0.1342912 0.0250680 0.1454053 0.0553288 0.0072257 0.0177661 0.1268936 0.0074939 0.1343593 0.1586159 0.0177679 0.0202355 0.0142121 0.0141622 0.1302591 0.0450301 0.0108570 0.0459775 0.0657455 0.0073242 0.1000782 0.0249754 0.0277056 0.0106066 0.0217710 0.0760199 0.0537951 0.0829036 0.0792564 0.0597215 0.0743421 0.0875136 0.2058346 0.0769114 0.0093616 0.0072257 0.0213205 0.1028482 0.0073735 0.0177679 0.0073148 0.0118753 0.0840784 0.1154878 0.0141840 0.0477585 0.0488920 0.0187689 0.0527201 
Perityle_coahuilensis_24                   0.1685444 0.1303745 0.2200827 0.2897097 0.0816773 0.0623945 0.2805855 0.1898244 0.2625761 0.1898486 0.2200411 0.0299870 0.0295934 0.0332497 0.1533134 0.0327949 0.1513502 0.1280686 0.0279242 0.0916039 0.0158543 0.0213205 0.0000000 0.0952728 0.1096689 0.0882641 0.0408665 0.1231810 0.2165693 0.1318692 0.1510072 0.1972551 0.2202422 0.1362249 0.0550019 0.1999727 0.0293734 0.2179956 0.0701836 0.0027961 0.0311585 0.1638905 0.1152514 0.1888266 0.2221106 0.0347324 0.1641643 0.0991669 0.1264385 0.1959309 0.2035319 0.0654409 0.1379566 0.1004832 0.0215765 0.1476243 0.0343689 0.0373858 0.0833805 0.0284428 0.1153948 0.0762720 0.2004410 0.1646625 0.1726877 0.1205326 0.1032723 0.2851152 0.1319787 0.0158022 0.0191824 0.0006471 0.2472463 0.0129000 0.0781184 0.0204446 0.0122877 0.1154885 0.2058888 0.0309693 0.1198189 0.0899986 0.0169538 0.1756780 
Perityle_cochisensis_44_cave_creek         0.1841819 0.1326138 0.2349838 0.3016567 0.0918022 0.0511857 0.2816881 0.1645980 0.2858802 0.2076219 0.2076624 0.0904106 0.0919277 0.0686758 0.1204091 0.0824667 0.1088044 0.1337904 0.0870576 0.0093416 0.0837867 0.0738441 0.0952728 0.0000000 0.0450493 0.1013928 0.0909991 0.0928325 0.1879263 0.1334673 0.1211633 0.1554319 0.2137375 0.2187267 0.0362536 0.1503932 0.0917048 0.1840257 0.0710987 0.0802926 0.0880281 0.1740252 0.1838562 0.1784500 0.1830267 0.0931006 0.0943638 0.0894477 0.1080855 0.1772075 0.1974900 0.1006536 0.1931698 0.0615597 0.0834559 0.1307958 0.0894777 0.0571445 0.0876820 0.0913360 0.0914499 0.0757738 0.1639100 0.1475068 0.2150682 0.0996886 0.0639763 0.3174688 0.0851959 0.0692062 0.0813374 0.0952728 0.2237223 0.0834125 0.0931891 0.0841300 0.0289010 0.1025471 0.1416771 0.0957706 0.1915921 0.0984218 0.0898209 0.0861618 
Perityle_congesta_202                      0.1834503 0.1367703 0.2341000 0.2929960 0.0866568 0.0483995 0.2751169 0.2211169 0.2762231 0.2042034 0.2267145 0.0968013 0.0861146 0.0827605 0.1687643 0.0970079 0.0939929 0.1312228 0.0879890 0.0388530 0.0866545 0.0634746 0.1096689 0.0450493 0.0000000 0.0956569 0.0996947 0.0958521 0.2218202 0.1282281 0.1422193 0.2070979 0.2207297 0.2132811 0.0487273 0.2075249 0.0873319 0.2230905 0.0827144 0.0859941 0.0908434 0.1819367 0.1915308 0.2026228 0.2197281 0.1090333 0.1703882 0.1585415 0.1874048 0.2085474 0.2222477 0.1298926 0.1778461 0.0621731 0.0814669 0.1509289 0.0899249 0.0419134 0.1448251 0.1138042 0.1094599 0.0552384 0.1808736 0.1733652 0.2680686 0.0989957 0.0678770 0.2994261 0.1151947 0.0601389 0.0773322 0.1092884 0.2591855 0.0936216 0.1346534 0.0821859 0.0023654 0.1010804 0.1717431 0.0875579 0.1786572 0.0824260 0.0901714 0.1588103 
Perityle_cordifolia_27                     0.2073046 0.1620676 0.2546577 0.3091095 0.0994931 0.0623271 0.2864016 0.2134603 0.2965463 0.2138009 0.2278131 0.0815409 0.0812941 0.0543759 0.1743794 0.0741852 0.1494509 0.1392725 0.0770006 0.0902291 0.0752675 0.0664762 0.0882641 0.1013928 0.0956569 0.0000000 0.0903577 0.1143369 0.2204806 0.1420986 0.1507103 0.1988056 0.2437584 0.2173781 0.0701433 0.2136960 0.0800132 0.2409576 0.0840194 0.0689571 0.0836300 0.1724311 0.1819341 0.1908805 0.2425991 0.0916217 0.1742568 0.1372371 0.1257507 0.2034358 0.2299943 0.1182380 0.1855006 0.0811096 0.0699700 0.1577687 0.0869368 0.0184837 0.1145311 0.0851162 0.1103138 0.0580214 0.1741060 0.1795430 0.2467436 0.1127068 0.0993697 0.3135898 0.0990254 0.0554939 0.0732244 0.0881650 0.2561522 0.0765561 0.1155263 0.0734849 0.0287178 0.1148916 0.2037212 0.0822698 0.1782987 0.0759291 0.0783589 0.1658324 
Perityle_cordifolia_68_tecolote            0.1868645 0.1353158 0.2249272 0.3154928 0.0897899 0.0638191 0.2850608 0.1733489 0.2670417 0.2131474 0.2138777 0.0408804 0.0328783 0.0227983 0.1398269 0.0320940 0.1468937 0.1377463 0.0273565 0.0837356 0.0277638 0.0217155 0.0408665 0.0909991 0.0996947 0.0903577 0.0000000 0.1193597 0.2032559 0.1279278 0.1563198 0.1705621 0.2323436 0.1533385 0.0767492 0.2048395 0.0338641 0.2048641 0.0791902 0.0274219 0.0365946 0.1916112 0.1328273 0.2075477 0.2048794 0.0428546 0.1222073 0.0556970 0.0585805 0.2072770 0.1907358 0.0717016 0.1490570 0.0988311 0.0244376 0.1537224 0.0088990 0.0379849 0.0459831 0.0413229 0.1076083 0.0827168 0.1989868 0.1637205 0.1789231 0.1196584 0.0988659 0.2961038 0.1162735 0.0161113 0.0250867 0.0408665 0.2291457 0.0359148 0.0434574 0.0230436 0.0198513 0.1169168 0.1919535 0.0340917 0.1404868 0.0990296 0.0307016 0.1368491 
Perityle_coronopifolia_28_patagonia        0.1737032 0.1457023 0.2322264 0.2745508 0.0967908 0.0548543 0.2707829 0.2066985 0.2678128 0.2049460 0.2404159 0.1122022 0.1122178 0.0992180 0.1877750 0.1158389 0.1314010 0.1180136 0.1118476 0.0816570 0.1069456 0.0738611 0.1231810 0.0928325 0.0958521 0.1143369 0.1193597 0.0000000 0.2294338 0.1389819 0.1568868 0.2202719 0.2263811 0.1961456 0.0637235 0.2286637 0.1145880 0.2531695 0.1167860 0.1049464 0.1136606 0.1965387 0.1795689 0.2134591 0.2496992 0.1193120 0.1735337 0.1683196 0.2023398 0.2224837 0.2033952 0.1401022 0.1735039 0.0824480 0.1059042 0.1420173 0.1004080 0.0363305 0.1648012 0.1297765 0.1193357 0.0626756 0.1551908 0.1475981 0.2728265 0.0050546 0.1037287 0.2983976 0.1401224 0.0623217 0.0977212 0.1244143 0.2722476 0.1122153 0.1564310 0.1003654 0.0189901 0.1287979 0.1995078 0.1120704 0.1703962 0.0377517 0.1127241 0.1716714 
Perityle_crassifolia_70_ventanas           0.1488780 0.1660920 0.2453235 0.2191135 0.0841410 0.0680045 0.2565817 0.1470988 0.2339509 0.1894608 0.0870827 0.1984125 0.2063744 0.2023874 0.2738669 0.1994095 0.0593957 0.1544651 0.2019791 0.2258478 0.2084056 0.0961615 0.2165693 0.1879263 0.2218202 0.2204806 0.2032559 0.2294338 0.0000000 0.0027199 0.2131014 0.0633648 0.1824955 0.2419908 0.0596231 0.2138632 0.2098262 0.2767396 0.2206332 0.1401535 0.1984407 0.1767205 0.1722420 0.1834881 0.2805311 0.2092444 0.2058975 0.2076840 0.1982988 0.2174298 0.2728727 0.2006127 0.2611546 0.2206366 0.2022943 0.1985975 0.1033521 0.0696460 0.2013955 0.2185025 0.2112329 0.0881979 0.2205215 0.1669922 0.3222000 0.2301096 0.2335859 0.2723283 0.2162612 0.0749843 0.1728851 0.2165693 0.0000010 0.2081980 0.2039046 0.2079251 0.0650877 0.2170665 0.2610708 0.2134758 0.2622151 0.0606116 0.2166494 0.2047112 
Perityle_crassifolia_74_playa_balandra     0.1557866 0.1523290 0.1850655 0.2168152 0.1034199 0.0810662 0.2318282 0.1013067 0.2587365 0.1596188 0.0964877 0.1350384 0.1367496 0.1285288 0.1466934 0.1279619 0.0595661 0.1476179 0.1326879 0.1312306 0.1263400 0.1028482 0.1318692 0.1334673 0.1282281 0.1420986 0.1279278 0.1389819 0.0027199 0.0000000 0.1355775 0.0645681 0.1927489 0.1586059 0.0775439 0.1255239 0.1436693 0.1319173 0.1499475 0.1224738 0.1290487 0.1170030 0.1355583 0.1132590 0.1418093 0.1388611 0.1164204 0.1328358 0.1217020 0.1134293 0.1884004 0.1166717 0.1815786 0.1228562 0.1295687 0.1424779 0.1242352 0.0857483 0.1324709 0.1371187 0.1478951 0.0956721 0.1265440 0.1445312 0.1956294 0.1399915 0.1387323 0.2319573 0.1290532 0.0958357 0.1296266 0.1318692 0.0026432 0.1279149 0.1356499 0.1244501 0.0811862 0.1273914 0.1267844 0.1451976 0.1853340 0.0729229 0.1322941 0.1147421 
Perityle_cuneata_34_cuneata_San_antonio    0.1836891 0.1702583 0.2287244 0.3309693 0.0943125 0.0559675 0.2695670 0.1704404 0.2749297 0.1958881 0.2053067 0.1511013 0.1495185 0.1554944 0.1773602 0.1446698 0.0350459 0.1153735 0.1529903 0.1257960 0.1415404 0.0792675 0.1510072 0.1211633 0.1422193 0.1507103 0.1563198 0.1568868 0.2131014 0.1355775 0.0000000 0.1616452 0.2198526 0.2311849 0.0620635 0.1782857 0.1510706 0.1986995 0.1359574 0.1115839 0.1519873 0.1707605 0.1795078 0.1732572 0.1999986 0.1529097 0.0568864 0.1633763 0.1658581 0.1870895 0.2708850 0.1913026 0.2265261 0.1399903 0.1400143 0.1383219 0.1096850 0.0818937 0.1566143 0.1539570 0.1543921 0.0640141 0.2208366 0.1667478 0.2506481 0.1567123 0.1361430 0.2821123 0.1420413 0.0701824 0.1306533 0.1510072 0.2198264 0.1461966 0.1572151 0.1398707 0.0492886 0.1841075 0.1588130 0.1475930 0.2126813 0.0963665 0.1532712 0.0554267 
Perityle_cuneata_4                         0.1851988 0.1640712 0.2554698 0.2826380 0.0816752 0.0398215 0.2564855 0.2007366 0.2401302 0.2116683 0.1146264 0.1736615 0.2020996 0.2547130 0.2296829 0.1943566 0.1081826 0.1275475 0.2323118 0.1639467 0.2086359 0.0897281 0.1972551 0.1554319 0.2070979 0.1988056 0.1705621 0.2202719 0.0633648 0.0645681 0.1616452 0.0000000 0.1829275 0.2224275 0.0820349 0.2019987 0.1893451 0.2362441 0.1675655 0.1097481 0.2059503 0.1535786 0.1791798 0.1640436 0.2302062 0.2041189 0.2064304 0.2349344 0.2102863 0.1746368 0.2914338 0.2706477 0.2287921 0.1920850 0.1829741 0.1608250 0.1132073 0.0702696 0.1950099 0.2005937 0.2144224 0.0641422 0.2257116 0.1804442 0.2883802 0.2281685 0.2032519 0.3110274 0.2541875 0.0455534 0.1441400 0.1982318 0.1143386 0.1797450 0.2116749 0.1927466 0.0533591 0.2079423 0.2202539 0.1916230 0.2091044 0.0726188 0.1996289 0.2156939 
Perityle_discoidea_81                      0.2172412 0.3358249 0.2632190 0.4930529 0.1952340 0.0408941 0.2781713 0.1428789 0.3163270 0.2276934 0.2298411 0.2277377 0.2271043 0.2389035 0.2469797 0.2216660 0.1150359 0.2490360 0.2205541 0.2232044 0.2170085 0.1707568 0.2202422 0.2137375 0.2207297 0.2437584 0.2323436 0.2263811 0.1824955 0.1927489 0.2198526 0.1829275 0.0000000 0.2631982 0.1772392 0.2486618 0.2115147 0.2730114 0.2334718 0.2206599 0.2201291 0.2407460 0.1965942 0.2380280 0.2727669 0.2264665 0.2127380 0.2244629 0.2161798 0.2446229 0.2697202 0.1992060 0.2524795 0.2274180 0.2198789 0.2402346 0.2395996 0.1715959 0.2229032 0.2230009 0.2556099 0.0650798 0.2519897 0.3023142 0.2700065 0.2389740 0.2372902 0.2985001 0.2441816 0.0534913 0.2129611 0.2202422 0.2099363 0.2076953 0.2243601 0.2313534 0.1352711 0.2052736 0.2833217 0.2287600 0.2349396 0.0816867 0.2197808 0.2043900 
Perityle_dissecta_201                      0.1872006 0.1298908 0.2488535 0.3642963 0.1313439 0.0490309 0.3116990 0.2783048 0.2960479 0.2226590 0.2846026 0.1441018 0.1544590 0.2088240 0.2152774 0.1367300 0.1314734 0.2228640 0.1688356 0.2179653 0.1579438 0.0220479 0.1362249 0.2187267 0.2132811 0.2173781 0.1533385 0.1961456 0.2419908 0.1586059 0.2311849 0.2224275 0.2631982 0.0000000 0.1070752 0.2593921 0.1611389 0.2753190 0.2032702 0.1059790 0.1485341 0.2429476 0.1662018 0.2782768 0.2782338 0.1452185 0.2243112 0.1875406 0.1419849 0.2786673 0.1641127 0.1598232 0.1188870 0.2455439 0.1499078 0.2419519 0.1327165 0.1342368 0.1515029 0.1383773 0.2212047 0.0649798 0.2341366 0.2382018 0.1405420 0.2320544 0.2245609 0.3433918 0.2567571 0.0032510 0.1367755 0.1352378 0.2574358 0.1450822 0.1681610 0.1532319 0.0099864 0.2723027 0.2765181 0.1562078 0.1074421 0.0755592 0.1671811 0.2193629 
Perityle_emoryi_47_punta_san_jose          0.1127317 0.1153838 0.1042026 0.2374054 0.0671872 0.0200123 0.1917913 0.0742738 0.2112727 0.1204790 0.1277094 0.0642083 0.0539696 0.0307880 0.0489112 0.0526566 0.0736653 0.0911696 0.0518547 0.0297072 0.0473807 0.0436926 0.0550019 0.0362536 0.0487273 0.0701433 0.0767492 0.0637235 0.0596231 0.0775439 0.0620635 0.0820349 0.1772392 0.1070752 0.0000000 0.1121165 0.0591247 0.0937300 0.0467607 0.0443214 0.0628825 0.1010403 0.0905764 0.1033892 0.0911125 0.0630705 0.0258253 0.0887724 0.0609883 0.0988126 0.0924960 0.0946029 0.0919855 0.0414549 0.0469266 0.0741739 0.0733684 0.0333025 0.0657467 0.0658904 0.0838327 0.0364389 0.0418475 0.0939416 0.1125545 0.0633258 0.0489509 0.2163846 0.0918543 0.0252181 0.0486291 0.0551200 0.1055259 0.0525350 0.0602566 0.0469638 0.0051353 0.0821364 0.0847629 0.0520390 0.0936498 0.0578798 0.0538659 0.0301735 
Perityle_feddemae_99                       0.2238952 0.1945889 0.3065915 0.3605080 0.1118946 0.0688578 0.3117658 0.2030708 0.3055772 0.2371071 0.2443835 0.2103708 0.2148642 0.2347549 0.2386223 0.2055008 0.1598253 0.1258837 0.2260552 0.1863405 0.2068003 0.1342912 0.1999727 0.1503932 0.2075249 0.2136960 0.2048395 0.2286637 0.2138632 0.1255239 0.1782857 0.2019987 0.2486618 0.2593921 0.1121165 0.0000000 0.2127514 0.2207243 0.2082104 0.1252822 0.2147754 0.0194406 0.2142552 0.0240039 0.2225027 0.2125562 0.2039786 0.2477755 0.2306017 0.0184929 0.2674103 0.2632591 0.2323143 0.2042304 0.2033864 0.1775485 0.1380983 0.0909849 0.2295368 0.2113453 0.2221184 0.1077720 0.2379625 0.2614450 0.2893819 0.2396776 0.2260172 0.3281296 0.2175186 0.0834823 0.1666142 0.2012284 0.2772325 0.2040214 0.2281651 0.2074960 0.0809689 0.2088197 0.2178398 0.2164780 0.2417496 0.1133540 0.2171084 0.2096196 
Perityle_fosteri_93                        0.1706535 0.1366636 0.2230614 0.3212260 0.0837673 0.0553926 0.2632589 0.2108821 0.2675975 0.1831125 0.2196290 0.0166185 0.0226877 0.0103266 0.1647852 0.0107469 0.1349011 0.1365441 0.0136885 0.0849126 0.0178206 0.0250680 0.0293734 0.0917048 0.0873319 0.0800132 0.0338641 0.1145880 0.2098262 0.1436693 0.1510706 0.1893451 0.2115147 0.1611389 0.0591247 0.2127514 0.0000000 0.2276741 0.0656817 0.0125412 0.0223040 0.1740407 0.1131156 0.1883888 0.2302622 0.0223061 0.1522321 0.0668799 0.0527034 0.2003292 0.1767973 0.0568145 0.1303860 0.0904189 0.0097563 0.1620044 0.0376968 0.0339694 0.0500091 0.0265562 0.1022127 0.0726150 0.1814145 0.1931798 0.1847729 0.1106302 0.0946912 0.2709123 0.0872238 0.0031627 0.0113346 0.0293397 0.2473807 0.0178488 0.0561919 0.0123284 0.0201699 0.1032407 0.2051048 0.0222642 0.1276984 0.0793271 0.0219940 0.1505124 
Perityle_gamon_221                         0.2344450 0.1978729 0.3135859 0.3518332 0.1267121 0.0829561 0.3102303 0.2240537 0.3016488 0.2765540 0.2776854 0.2171693 0.2297788 0.2725561 0.2735359 0.2115805 0.1266477 0.1793814 0.2510034 0.2092190 0.2372996 0.1454053 0.2179956 0.1840257 0.2230905 0.2409576 0.2048641 0.2531695 0.2767396 0.1319173 0.1986995 0.2362441 0.2730114 0.2753190 0.0937300 0.2207243 0.2276741 0.0000000 0.2123663 0.1443630 0.2328517 0.2099108 0.2608526 0.2389146 0.0179171 0.2333216 0.2243569 0.2497476 0.2351654 0.2401934 0.3054952 0.2915118 0.2497157 0.2253736 0.2183402 0.1985160 0.1596408 0.1165948 0.2262143 0.2238916 0.2380223 0.1376163 0.2846925 0.2816782 0.3358722 0.2644351 0.2212021 0.4067581 0.2594668 0.1052207 0.1916029 0.2179291 0.3265827 0.2180816 0.2344498 0.2174746 0.1029161 0.2661682 0.2057403 0.2246658 0.2809511 0.1446404 0.2432408 0.2317495 
Perityle_gentryi_8_san_francisco           0.1855470 0.1361469 0.2277300 0.3170873 0.0976644 0.0628640 0.2832334 0.2123100 0.2614065 0.1910120 0.2226313 0.0689371 0.0638349 0.0440355 0.0845065 0.0611205 0.0768629 0.1263563 0.0628573 0.0685314 0.0587914 0.0553288 0.0701836 0.0710987 0.0827144 0.0840194 0.0791902 0.1167860 0.2206332 0.1499475 0.1359574 0.1675655 0.2334718 0.2032702 0.0467607 0.2082104 0.0656817 0.2123663 0.0000000 0.0573338 0.0689659 0.1693478 0.1577002 0.1871791 0.2113482 0.0708301 0.1496096 0.1179494 0.1082996 0.1987497 0.2293284 0.1124946 0.1871118 0.0852381 0.0554159 0.1614031 0.0725578 0.0512217 0.0955873 0.0688252 0.1151969 0.1080385 0.2001072 0.2078316 0.2220173 0.1158020 0.0875773 0.2800472 0.1019324 0.0663293 0.0598747 0.0701050 0.2439341 0.0608871 0.0980345 0.0560363 0.0403896 0.1107735 0.1729334 0.0684116 0.1633494 0.0950980 0.0614562 0.1383249 
Perityle_gilensis_22_Superstition          0.1639188 0.1204856 0.1918743 0.2697870 0.0722777 0.0522682 0.2697722 0.1394590 0.2490603 0.1862765 0.1738108 0.0081882 0.0114467 0.0062647 0.0926233 0.0089479 0.1348873 0.1204058 0.0087236 0.0773833 0.0022945 0.0072257 0.0027961 0.0802926 0.0859941 0.0689571 0.0274219 0.1049464 0.1401535 0.1224738 0.1115839 0.1097481 0.2206599 0.1059790 0.0443214 0.1252822 0.0125412 0.1443630 0.0573338 0.0000000 0.0122438 0.1253838 0.1028168 0.1403820 0.1498454 0.0145764 0.0628789 0.0244323 0.0262283 0.1367144 0.1478559 0.0580929 0.1113752 0.0835018 0.0057428 0.1042376 0.0261474 0.0250310 0.0090952 0.0094470 0.0928365 0.0648776 0.1541710 0.1598121 0.1040146 0.1014711 0.0870583 0.2657017 0.1144312 0.0064150 0.0036412 0.0027961 0.1696281 0.0051772 0.0133323 0.0059619 0.0075047 0.0970676 0.1506628 0.0145249 0.0950938 0.0765264 0.0058970 0.0864546 
Perityle_gilensis_salensis_225             0.1732067 0.1302578 0.2151627 0.3070842 0.0787624 0.0549758 0.2611408 0.2008639 0.2613559 0.1815923 0.2175762 0.0235755 0.0170256 0.0167848 0.1591633 0.0152172 0.1388320 0.1248883 0.0138568 0.0805915 0.0196456 0.0177661 0.0311585 0.0880281 0.0908434 0.0836300 0.0365946 0.1136606 0.1984407 0.1290487 0.1519873 0.2059503 0.2201291 0.1485341 0.0628825 0.2147754 0.0223040 0.2328517 0.0689659 0.0122438 0.0000000 0.1705389 0.1112328 0.1815343 0.2345953 0.0247599 0.1538712 0.0794734 0.0701947 0.1946366 0.1843201 0.0517427 0.1250773 0.0866330 0.0136226 0.1514940 0.0293733 0.0315595 0.0672001 0.0260594 0.1016612 0.0719833 0.1753887 0.1843969 0.2052484 0.1110814 0.0925991 0.2839717 0.0931548 0.0126983 0.0100816 0.0311260 0.2371125 0.0205211 0.0669913 0.0132464 0.0148677 0.1038585 0.1975772 0.0223963 0.1233507 0.0834099 0.0195887 0.1708959 
Perityle_glaucescens_94                    0.2245455 0.1879846 0.2540985 0.3421799 0.1025155 0.0651993 0.3238642 0.1484760 0.3025550 0.2457866 0.1887374 0.1658242 0.1696034 0.1864506 0.2126306 0.1617078 0.1446355 0.1196742 0.1834941 0.1774317 0.1657590 0.1268936 0.1638905 0.1740252 0.1819367 0.1724311 0.1916112 0.1965387 0.1767205 0.1170030 0.1707605 0.1535786 0.2407460 0.2429476 0.1010403 0.0194406 0.1740407 0.2099108 0.1693478 0.1253838 0.1705389 0.0000000 0.2138177 0.0103892 0.2089405 0.1715056 0.1479205 0.1983230 0.1836155 0.0124288 0.2510878 0.2213787 0.2166412 0.2053944 0.1628993 0.1460604 0.1269334 0.0753492 0.1733179 0.1693787 0.1939037 0.1037597 0.2481840 0.2321379 0.2499531 0.2041954 0.1917650 0.3329258 0.1967825 0.0801907 0.1638715 0.1640357 0.2016908 0.1689250 0.1740333 0.1679118 0.0709139 0.2089110 0.1919259 0.1775018 0.2311078 0.1037338 0.1818935 0.1553052 
Perityle_gracilis_11                       0.2048498 0.1443668 0.2473487 0.3551804 0.1042397 0.0266968 0.2540817 0.2023705 0.2439779 0.2313587 0.2368840 0.1107045 0.1082088 0.1495099 0.1966059 0.1119259 0.1137772 0.1944393 0.1198222 0.1851359 0.1022503 0.0074939 0.1152514 0.1838562 0.1915308 0.1819341 0.1328273 0.1795689 0.1722420 0.1355583 0.1795078 0.1791798 0.1965942 0.1662018 0.0905764 0.2142552 0.1131156 0.2608526 0.1577002 0.1028168 0.1112328 0.2138177 0.0000000 0.2356155 0.2607153 0.1148942 0.1908496 0.1328196 0.1068060 0.2237114 0.2087788 0.1319593 0.1578292 0.2024316 0.1062671 0.1893873 0.1076685 0.0935676 0.1095394 0.1266525 0.1999133 0.0441640 0.2268656 0.1881750 0.1683325 0.1985805 0.1915065 0.3178597 0.1974242 0.0066926 0.1002996 0.1153679 0.1987593 0.1131624 0.1095508 0.1104861 0.0213312 0.2295148 0.2268555 0.1091025 0.1312990 0.0625690 0.1255683 0.1788023 
Perityle_harkerae_31                       0.2344133 0.1945613 0.2780448 0.3493379 0.1065038 0.0649811 0.3226526 0.1478765 0.3001582 0.2642145 0.2082843 0.1792888 0.1878982 0.1946548 0.2392675 0.1802545 0.1488306 0.1270787 0.1923891 0.1906519 0.1798946 0.1343593 0.1888266 0.1784500 0.2026228 0.1908805 0.2075477 0.2134591 0.1834881 0.1132590 0.1732572 0.1640436 0.2380280 0.2782768 0.1033892 0.0240039 0.1883888 0.2389146 0.1871791 0.1403820 0.1815343 0.0103892 0.2356155 0.0000000 0.2378276 0.1865649 0.1606748 0.1888914 0.2014964 0.0197238 0.2639933 0.2171901 0.2454795 0.2187174 0.1805381 0.1577032 0.1321662 0.0864640 0.1851283 0.1872703 0.2059180 0.1033688 0.2492183 0.2391172 0.2862268 0.2198284 0.2165509 0.3369354 0.1870852 0.0799468 0.1734206 0.1888266 0.2090826 0.1845279 0.1909200 0.1849163 0.0757250 0.2175989 0.2145480 0.1961121 0.2664418 0.1083852 0.1912208 0.1638634 
Perityle_hofmeisteria_4_nombre_de_dios     0.2319472 0.2021044 0.3153071 0.3532433 0.1282878 0.0870377 0.3033372 0.2294021 0.3007910 0.2764777 0.2752902 0.2196566 0.2321753 0.2713530 0.2740916 0.2149181 0.1152374 0.1792238 0.2516590 0.2097827 0.2406956 0.1586159 0.2221106 0.1830267 0.2197281 0.2425991 0.2048794 0.2496992 0.2805311 0.1418093 0.1999986 0.2302062 0.2727669 0.2782338 0.0911125 0.2225027 0.2302622 0.0179171 0.2113482 0.1498454 0.2345953 0.2089405 0.2607153 0.2378276 0.0000000 0.2342707 0.2245698 0.2532957 0.2344127 0.2402883 0.3046550 0.2927203 0.2527656 0.2250692 0.2209289 0.2014500 0.1588954 0.1167201 0.2262015 0.2298751 0.2360008 0.1426445 0.2882266 0.2875450 0.3318941 0.2620763 0.2209984 0.4063786 0.2568930 0.1089627 0.1944439 0.2220426 0.3249224 0.2210695 0.2342897 0.2215661 0.1054956 0.2719374 0.2061571 0.2270069 0.2804102 0.1363398 0.2465454 0.2249121 
