86
Amauria_carterae_99_mesa                   0.00000000 0.14614948 0.20290212 0.14865816 0.15075052 0.15285241 0.15277664 0.14641010 0.14256467 0.14614106 0.15486941 0.15447708 0.14756731 0.15133879 0.14914769 0.14840187 0.15024604 0.14333953 0.13667824 0.14901164 0.15739411 0.15523605 0.14626430 0.14959060 0.14585151 0.14420561 0.14749092 0.14571611 0.15036631 0.14313280 0.12684098 0.15423442 0.14915685 0.14895685 0.14719977 0.14288938 0.14898645 0.14777664 0.14638690 0.14652253 0.14648057 0.14747046 0.15031733 0.14120246 0.15679673 0.12897807 0.15164633 0.15406246 0.15010068 0.15270464 0.15062085 0.14602240 0.15173923 0.15584760 0.15362095 0.15429253 0.13472366 0.15940550 0.14599168 0.15084746 0.16193271 0.15543901 0.14987234 0.15529460 0.25390633 0.13858280 0.14389024 0.12005375 0.14893713 0.23863655 0.17868464 0.14000677 0.14863877 0.16110132 0.14690465 0.14010013 0.14280947 0.15466774 0.14979561 0.15483315 0.15502465 0.13370557 0.13590974 0.11963286 0.15955970 0.16503533 
Eutetras_palmeri_63                        0.14614948 0.00000000 0.25397679 0.15856259 0.15735986 0.18084150 0.16032560 0.16057698 0.15672209 0.16057265 0.18529333 0.18285374 0.17364340 0.16740006 0.15856457 0.17176800 0.17394656 0.15347848 0.14641365 0.16661302 0.18002168 0.17298664 0.15718937 0.16279130 0.17260267 0.15677300 0.15283380 0.15562710 0.16332904 0.16015701 0.17614581 0.16112101 0.16516364 0.15077119 0.16087220 0.16356670 0.16150939 0.16435739 0.16328685 0.16347972 0.15099418 0.15934474 0.16414446 0.15519797 0.17680611 0.13112304 0.17533575 0.18515714 0.16001884 0.18878494 0.17187553 0.17177265 0.15944377 0.15922855 0.17118292 0.17541207 0.15307425 0.18956401 0.14726767 0.16424523 0.18424025 0.18349260 0.16345031 0.16784978 0.32571416 0.17395059 0.17993159 0.13749754 0.18765922 0.29092616 0.20831091 0.17070141 0.18556848 0.18843678 0.17169514 0.15101762 0.10504952 0.16707820 0.18044119 0.17694654 0.17448502 0.15018369 0.15294185 0.16837333 0.18854096 0.17758401 
Eutrochium_fistulosum_SRR9119106           0.20290212 0.25397679 0.00000000 0.26502601 0.26343713 0.27117156 0.25701111 0.25667442 0.25716268 0.26170750 0.27366242 0.27509161 0.26424163 0.26785199 0.25469890 0.26371760 0.26374287 0.25257504 0.22139867 0.26272325 0.27474916 0.26599534 0.25902203 0.26561029 0.26405980 0.26044789 0.25306521 0.25756282 0.23633197 0.26076807 0.26717537 0.27204259 0.25807779 0.25611416 0.26305076 0.24648748 0.26013918 0.26303274 0.26172495 0.26243547 0.25623843 0.26484220 0.26912823 0.25433261 0.27763680 0.19844347 0.26843757 0.27783927 0.26553932 0.26280808 0.26958590 0.22153405 0.26337467 0.26252534 0.26772166 0.27366525 0.22479704 0.27681799 0.22903314 0.26064114 0.28429138 0.28110925 0.26180114 0.26243153 0.34781034 0.26028251 0.26720902 0.20013136 0.26786351 0.22381055 0.22696019 0.21747143 0.27243970 0.27953764 0.21735248 0.20706947 0.20824420 0.26205492 0.27721119 0.27114821 0.26456084 0.21785973 0.21966195 0.26527867 0.27979594 0.28224299 
Perityle_ajoensis_204                      0.14865816 0.15856259 0.26502601 0.00000000 0.08403584 0.13344773 0.08497535 0.09662508 0.06505217 0.05842335 0.18380169 0.18043082 0.13131730 0.08324333 0.06094804 0.17301026 0.17764643 0.07592939 0.11492561 0.06976216 0.14194197 0.18855212 0.09894033 0.08276388 0.17094605 0.06090003 0.06039478 0.07408204 0.16995853 0.06518887 0.17957750 0.17741282 0.08816739 0.09102012 0.08197409 0.16692159 0.09148462 0.08718887 0.06549980 0.06667873 0.08718828 0.07652149 0.07538146 0.06352341 0.17359420 0.06984001 0.19419657 0.17305711 0.09100982 0.20637736 0.12751593 0.16717411 0.08883310 0.08150725 0.12809465 0.17183051 0.11559677 0.18394359 0.08188982 0.09397619 0.18127242 0.18224187 0.09425837 0.08884726 0.33567773 0.18613932 0.18612611 0.10647443 0.18966284 0.30889272 0.21542469 0.15798973 0.16416092 0.16892584 0.13459146 0.10304158 0.16089072 0.16328207 0.14325604 0.17328603 0.17678668 0.15458410 0.13710179 0.18124105 0.20095836 0.18989173 
Perityle_ambrosiifolia_67_green            0.15075052 0.15735986 0.26343713 0.08403584 0.00000000 0.14157975 0.09757403 0.09194449 0.08447301 0.08936877 0.18049521 0.18020054 0.13159254 0.08043254 0.08189211 0.16903542 0.16992349 0.08134292 0.10301679 0.09083568 0.13114674 0.18206624 0.09559513 0.08174707 0.17235204 0.08807050 0.07923978 0.08962589 0.15962209 0.09138890 0.17903171 0.17993992 0.09320380 0.09031211 0.07785560 0.17022779 0.09598757 0.09015659 0.08823879 0.08940338 0.06843702 0.08242476 0.08341948 0.09277632 0.17025790 0.08110844 0.18397788 0.17662531 0.09471032 0.20053132 0.12467749 0.16874499 0.08944443 0.06908221 0.12563990 0.16501026 0.11771155 0.17215927 0.08294989 0.08521593 0.17222282 0.18485396 0.10091677 0.09530161 0.33102863 0.18657417 0.18805525 0.10790715 0.18949061 0.30324723 0.20597643 0.15915497 0.16858640 0.17214074 0.13030633 0.11076108 0.16259750 0.15191955 0.14148265 0.17250780 0.16792755 0.15040204 0.12560640 0.17521865 0.19149294 0.18202755 
Perityle_batopilensis_97                   0.15285241 0.18084150 0.27117156 0.13344773 0.14157975 0.00000000 0.12643082 0.13309718 0.13374941 0.13539587 0.18385486 0.18630797 0.04846697 0.13998191 0.12735098 0.17953546 0.17996066 0.12889777 0.13068843 0.13935507 0.15348634 0.19503398 0.12646116 0.12611756 0.19179239 0.13411227 0.12702877 0.12393331 0.17120898 0.13695736 0.18678015 0.18424709 0.12928563 0.12573723 0.12423111 0.17769784 0.12596421 0.13277913 0.13147056 0.13427716 0.12863160 0.13436858 0.12938694 0.13265284 0.17690767 0.11987112 0.19978126 0.17979066 0.13209196 0.20548779 0.13870397 0.18253402 0.13656647 0.13544178 0.14074883 0.17793434 0.12881573 0.18921171 0.12929077 0.14863432 0.18778982 0.18421830 0.13779961 0.14090816 0.33657738 0.19905394 0.19071393 0.11338713 0.19251794 0.31340214 0.21536855 0.17084191 0.17333264 0.18530766 0.15467591 0.13590469 0.15581293 0.16640663 0.15740224 0.18704297 0.17922454 0.15636621 0.14568753 0.19046089 0.19672710 0.21059089 
Perityle_bisetosa_9                        0.15277664 0.16032560 0.25701111 0.08497535 0.09757403 0.12643082 0.00000000 0.07886731 0.08855370 0.08601630 0.17621133 0.17873524 0.12856601 0.09288536 0.08933663 0.17072706 0.16793960 0.08652968 0.10999100 0.09366779 0.13725926 0.18554626 0.07514411 0.08854559 0.17907234 0.08834330 0.09123607 0.08222314 0.16795771 0.09098350 0.17426684 0.17663870 0.09208880 0.08192724 0.08276262 0.16624799 0.07884576 0.08293739 0.08887938 0.08677409 0.08105935 0.08566438 0.08429318 0.08540001 0.17612160 0.08840053 0.19186183 0.17641495 0.08644423 0.20062136 0.12426197 0.17204388 0.09330849 0.08540516 0.11843951 0.17243532 0.12277503 0.18657861 0.08786887 0.11082274 0.17926889 0.17889571 0.08524250 0.09318787 0.33275285 0.18287927 0.18409995 0.10702823 0.18744683 0.30051088 0.20711386 0.16307058 0.16298187 0.16800639 0.12688959 0.09794158 0.15668615 0.16117148 0.13904351 0.17271847 0.16916695 0.15192501 0.13211643 0.17601730 0.19012420 0.19138739 
Perityle_castillonii_96                    0.14641010 0.16057698 0.25667442 0.09662508 0.09194449 0.13309718 0.07886731 0.00000000 0.08423967 0.08693477 0.17550779 0.17443435 0.12684979 0.09939525 0.07985500 0.16122501 0.16288527 0.07983457 0.10659588 0.09103144 0.11737535 0.17926108 0.07261933 0.09745806 0.17253298 0.08479835 0.08944852 0.08172844 0.16006950 0.08514316 0.17457389 0.17914547 0.08276468 0.07892629 0.09247571 0.16455488 0.06993941 0.07630316 0.08705664 0.08975467 0.08005212 0.08261667 0.08776437 0.08908208 0.17365180 0.08379779 0.17861836 0.17799122 0.08018626 0.19545166 0.12261314 0.17030556 0.07916329 0.09486481 0.11390187 0.16906241 0.11691718 0.18057813 0.08720963 0.09262113 0.18105318 0.18106247 0.09040395 0.09839701 0.33300538 0.17940747 0.17980638 0.10083361 0.18299966 0.30097341 0.21123993 0.15785286 0.15880753 0.17507056 0.12213451 0.09439839 0.16161675 0.15825246 0.14585448 0.17230639 0.17226208 0.14063426 0.12881542 0.17725555 0.18337694 0.18311044 
Perityle_cfvillosa_25_tin                  0.14256467 0.15672209 0.25716268 0.06505217 0.08447301 0.13374941 0.08855370 0.08423967 0.00000000 0.05039632 0.17364626 0.17780182 0.12611465 0.08610039 0.04632530 0.16635108 0.16552754 0.07520532 0.10354621 0.04003431 0.13108063 0.17869774 0.08315136 0.08318130 0.16979397 0.04697976 0.04425022 0.07180061 0.15990041 0.03167618 0.17112167 0.17301707 0.08099421 0.08802205 0.07936912 0.16305057 0.08548323 0.08236625 0.05050604 0.03864096 0.07453493 0.07644373 0.07287386 0.04106158 0.16853537 0.05836149 0.18270903 0.17042324 0.07896985 0.19737616 0.11904611 0.16511494 0.08613822 0.08040898 0.12168659 0.16695287 0.11334805 0.17923571 0.08103793 0.08413266 0.18022729 0.18056517 0.08211318 0.08906875 0.32898396 0.17693896 0.18194394 0.09878716 0.19120201 0.30031797 0.20342008 0.15825297 0.16417196 0.16775303 0.12809770 0.10291124 0.16035374 0.16319785 0.13683040 0.16756718 0.16808148 0.14251899 0.12804149 0.17588112 0.19448757 0.18756174 
Perityle_congesta_202                      0.14614106 0.16057265 0.26170750 0.05842335 0.08936877 0.13539587 0.08601630 0.08693477 0.05039632 0.00000000 0.17824088 0.18194863 0.12725084 0.08309304 0.04864641 0.16928212 0.17010672 0.07943883 0.11112461 0.05372148 0.13850239 0.18532357 0.08377106 0.08275508 0.17261424 0.04154387 0.05117533 0.06829055 0.16659058 0.04887152 0.17705660 0.17352320 0.08920610 0.09039098 0.07811709 0.16519365 0.08679378 0.07896083 0.05072608 0.04948657 0.08168860 0.07119711 0.06855549 0.04797872 0.17155314 0.06053491 0.18885648 0.17228928 0.08630864 0.19858111 0.12141925 0.16892476 0.08393523 0.07718450 0.12728548 0.17275381 0.11319771 0.18380638 0.08780561 0.09353899 0.18137821 0.18463645 0.08885139 0.09088316 0.33125060 0.17661671 0.18277900 0.09936290 0.18813974 0.30233058 0.20874821 0.15880182 0.16418267 0.16557976 0.13561798 0.10402840 0.16064708 0.16619229 0.13797497 0.16870450 0.17591374 0.14699880 0.13279690 0.17599107 0.19537200 0.18821490 
Perityle_feddemae_99                       0.15486941 0.18529333 0.27366242 0.18380169 0.18049521 0.18385486 0.17621133 0.17550779 0.17364626 0.17824088 0.00000000 0.16292760 0.17926807 0.17656491 0.17492007 0.05820896 0.05416989 0.17478134 0.15377057 0.18453663 0.19270121 0.19329481 0.17531853 0.18144932 0.19868551 0.17818443 0.17050688 0.17593924 0.16226653 0.17820183 0.19576606 0.19970736 0.17519812 0.17217199 0.18053905 0.18435888 0.17468572 0.17768266 0.18077220 0.18209930 0.17303376 0.18251576 0.17488916 0.17618145 0.16735764 0.14750818 0.19623831 0.16039494 0.17395450 0.20860922 0.18997989 0.18434879 0.18171926 0.18150943 0.17819915 0.16683796 0.15519511 0.18271510 0.16989340 0.18443621 0.17962488 0.16236912 0.17833167 0.18676850 0.33853904 0.19547535 0.19170597 0.14260592 0.20507191 0.31181229 0.21445709 0.15826168 0.19988437 0.20631877 0.17592653 0.15560785 0.16668696 0.15387507 0.18581253 0.06035798 0.17317546 0.16334142 0.14630292 0.19716824 0.20278545 0.21259396 
Perityle_gamon_221                         0.15447708 0.18285374 0.27509161 0.18043082 0.18020054 0.18630797 0.17873524 0.17443435 0.17780182 0.18194863 0.16292760 0.00000000 0.18294206 0.18354906 0.17711208 0.15732936 0.15099534 0.17753102 0.15516946 0.18373340 0.19457393 0.20454175 0.17785009 0.18127561 0.19471662 0.17802852 0.16711670 0.17734226 0.15607825 0.18233835 0.19360092 0.19188108 0.18140141 0.17106959 0.17818037 0.18543588 0.18232904 0.18244228 0.18701405 0.18367715 0.17545306 0.18355973 0.17889793 0.17602623 0.15766131 0.14495766 0.20219239 0.15798912 0.18071761 0.20765811 0.18611631 0.17975719 0.18443480 0.18207521 0.18096930 0.15934206 0.15203741 0.17738664 0.16819739 0.18965758 0.16956587 0.07575861 0.18188136 0.18055822 0.33824517 0.19767921 0.20780859 0.13872080 0.20403924 0.31678268 0.21102977 0.14812432 0.19831047 0.20557802 0.17656641 0.15755905 0.16585105 0.14916883 0.18746515 0.16527628 0.16677038 0.15603603 0.15084064 0.19303305 0.20893100 0.20319877 
Perityle_gentryi_8_san_francisco           0.14756731 0.17364340 0.26424163 0.13131730 0.13159254 0.04846697 0.12856601 0.12684979 0.12611465 0.12725084 0.17926807 0.18294206 0.00000000 0.14034079 0.12362198 0.17628419 0.17593588 0.12065167 0.12505066 0.13229598 0.14535457 0.18773865 0.12635643 0.12875464 0.18292486 0.12880274 0.12206477 0.12209568 0.16636035 0.13113171 0.18874562 0.18260033 0.12562922 0.12109861 0.12598847 0.17120699 0.12583523 0.12732514 0.12514687 0.12917118 0.12344771 0.12881544 0.12902723 0.12901278 0.17020889 0.11457860 0.19100960 0.17494472 0.12725287 0.19814315 0.13546913 0.17581669 0.13005224 0.13364676 0.13691671 0.17373907 0.12987265 0.17844753 0.12267829 0.14017222 0.18112237 0.18404269 0.13258413 0.13464609 0.33356514 0.19080162 0.18836423 0.10859619 0.18754269 0.31283501 0.21204819 0.16403473 0.17531619 0.18438017 0.14755514 0.12198313 0.16061030 0.16184021 0.14841955 0.18369697 0.17703794 0.14918667 0.13866569 0.18748056 0.19272812 0.20241061 
Perityle_gilensis_salensis_225             0.15133879 0.16740006 0.26785199 0.08324333 0.08043254 0.13998191 0.09288536 0.09939525 0.08610039 0.08309304 0.17656491 0.18354906 0.14034079 0.00000000 0.08287907 0.17059666 0.16789760 0.10117667 0.11455818 0.09393853 0.13554738 0.18932250 0.09887275 0.06153589 0.17666123 0.08537868 0.08258938 0.08568662 0.17186274 0.08792447 0.17899831 0.18166723 0.10215547 0.09678137 0.06011649 0.17609447 0.09764058 0.09366796 0.08994072 0.09135302 0.07168663 0.08450168 0.08273959 0.08448660 0.17452278 0.08893908 0.19804188 0.18081221 0.09730212 0.21224066 0.12630599 0.17220462 0.09520996 0.06695974 0.12425114 0.17544862 0.12197180 0.18720267 0.10076351 0.10274721 0.18303235 0.18241474 0.09839087 0.09917478 0.34060390 0.18683879 0.18704791 0.11018648 0.19402940 0.30370201 0.21644121 0.16397777 0.15894810 0.16257557 0.14127853 0.10804773 0.16028598 0.16329338 0.14857438 0.17159370 0.17652843 0.15936177 0.13245003 0.18479789 0.20161430 0.19512916 
Perityle_gracilis_11                       0.14914769 0.15856457 0.25469890 0.06094804 0.08189211 0.12735098 0.08933663 0.07985500 0.04632530 0.04864641 0.17492007 0.17711208 0.12362198 0.08287907 0.00000000 0.16738385 0.16677995 0.07251391 0.10729934 0.05243483 0.13341574 0.18102266 0.08540988 0.08028394 0.17112408 0.04855531 0.04690765 0.06644644 0.16474610 0.05011972 0.16821007 0.17345924 0.07890105 0.08555290 0.07759372 0.16502340 0.07974781 0.07675750 0.03926126 0.05250633 0.07318860 0.07384798 0.07038934 0.04433519 0.17481084 0.05568348 0.17966975 0.17005279 0.08390876 0.20019820 0.12064784 0.16562925 0.08237506 0.07817345 0.11814825 0.16992716 0.11832243 0.18097316 0.08569500 0.08088219 0.18394964 0.17848022 0.08633445 0.08947755 0.33100175 0.18020311 0.18150326 0.10067968 0.18043500 0.30116212 0.20857510 0.15983593 0.15428814 0.16136679 0.13166785 0.10360034 0.16113957 0.15922641 0.14328484 0.16817315 0.17466893 0.14388998 0.13040085 0.17999582 0.19289317 0.18167944 
Perityle_harkerae_31                       0.14840187 0.17176800 0.26371760 0.17301026 0.16903542 0.17953546 0.17072706 0.16122501 0.16635108 0.16928212 0.05820896 0.15732936 0.17628419 0.17059666 0.16738385 0.00000000 0.04405943 0.16372650 0.14644772 0.17666565 0.17995333 0.19185485 0.16604216 0.17424748 0.18848474 0.16943964 0.16417982 0.16818947 0.15248658 0.16895377 0.19031835 0.19139332 0.16629021 0.15776953 0.17261825 0.17669601 0.16366971 0.16830841 0.17140120 0.17344207 0.16448304 0.16970892 0.16694437 0.16808920 0.16354758 0.14183929 0.19375195 0.15802482 0.16883060 0.20145678 0.18072813 0.17941214 0.17110927 0.16730621 0.17033935 0.16076562 0.15152841 0.17698070 0.16227853 0.17048645 0.17496148 0.15875261 0.17262647 0.17833639 0.33212648 0.18413544 0.18373268 0.14007513 0.19629261 0.30500253 0.21245400 0.15049292 0.18719024 0.20043254 0.16819500 0.14658861 0.15742093 0.14512426 0.18130307 0.04958375 0.16571082 0.15485082 0.14530243 0.18760149 0.19494198 0.20027452 
Perityle_jaliscana_203                     0.15024604 0.17394656 0.26374287 0.17764643 0.16992349 0.17996066 0.16793960 0.16288527 0.16552754 0.17010672 0.05416989 0.15099534 0.17593588 0.16789760 0.16677995 0.04405943 0.00000000 0.16734666 0.14718803 0.17181206 0.18226643 0.18969432 0.16764165 0.17295835 0.19344517 0.16814851 0.16246024 0.17013774 0.15524326 0.16899766 0.19059282 0.19621999 0.16729984 0.16183677 0.16978451 0.18199774 0.16854225 0.17055261 0.17286704 0.17459094 0.16590473 0.17157598 0.16872569 0.17016077 0.16074371 0.14195663 0.19493074 0.16090331 0.16663373 0.20269504 0.18134237 0.17720884 0.17073884 0.17222305 0.17021200 0.16463130 0.15213754 0.18392713 0.16336646 0.17181428 0.17590859 0.15663175 0.17203230 0.17861650 0.33293007 0.18608143 0.18760902 0.14126955 0.19854827 0.30687206 0.21115969 0.14909522 0.19387211 0.19635669 0.17455717 0.14265736 0.16055329 0.13983763 0.18363873 0.05167593 0.16799283 0.15391994 0.14529056 0.18889096 0.19568296 0.19797193 
Perityle_lindheimeri_34                    0.14333953 0.15347848 0.25257504 0.07592939 0.08134292 0.12889777 0.08652968 0.07983457 0.07520532 0.07943883 0.17478134 0.17753102 0.12065167 0.10117667 0.07251391 0.16372650 0.16734666 0.00000000 0.10944892 0.08927235 0.12744747 0.18097492 0.08249549 0.09301139 0.15881114 0.07553629 0.07049517 0.07062986 0.16136725 0.07939676 0.17297341 0.17803947 0.07666038 0.08242405 0.09119623 0.15936536 0.07344810 0.08016320 0.08149398 0.08338412 0.08519372 0.07898966 0.08325900 0.07938748 0.16721879 0.07653475 0.18018141 0.17326840 0.08749693 0.18794335 0.12231619 0.15826593 0.07461262 0.08948345 0.12447672 0.16599259 0.10822874 0.17256974 0.05755147 0.08710920 0.17141334 0.17792268 0.09390281 0.09258854 0.31929951 0.17693993 0.17479962 0.10222871 0.17940877 0.29248091 0.20663682 0.15938378 0.16389795 0.16932353 0.11960490 0.09682252 0.16027513 0.14885697 0.13660423 0.17124290 0.16837713 0.13814426 0.12772090 0.17324900 0.18700543 0.18288571 
Perityle_lobata_119_mesa_tinajas           0.13667824 0.14641365 0.22139867 0.11492561 0.10301679 0.13068843 0.10999100 0.10659588 0.10354621 0.11112461 0.15377057 0.15516946 0.12505066 0.11455818 0.10729934 0.14644772 0.14718803 0.10944892 0.00000000 0.11485417 0.11110473 0.15965430 0.10334183 0.11205482 0.15870468 0.11094231 0.10456935 0.10761723 0.15169468 0.10748678 0.15655232 0.16405457 0.11168524 0.10746617 0.10865018 0.16057317 0.11294342 0.10805124 0.11050526 0.11478055 0.09952677 0.10889205 0.10998537 0.10603585 0.15275548 0.09970199 0.15691628 0.15003521 0.10019110 0.17576461 0.10302959 0.16543967 0.11632185 0.10825693 0.10203664 0.14902777 0.12169443 0.15853857 0.10837820 0.11704808 0.15626279 0.15991653 0.11376918 0.11404323 0.28244234 0.15975963 0.16685700 0.08356191 0.16865612 0.26129414 0.19306274 0.14777772 0.14477106 0.15371339 0.13661947 0.11861679 0.16340880 0.14574262 0.12706109 0.15129009 0.15294012 0.14509602 0.10559568 0.15055624 0.16624099 0.16013779 
Perityle_megalocephala_29_tin_mountain     0.14901164 0.16661302 0.26272325 0.06976216 0.09083568 0.13935507 0.09366779 0.09103144 0.04003431 0.05372148 0.18453663 0.18373340 0.13229598 0.09393853 0.05243483 0.17666565 0.17181206 0.08927235 0.11485417 0.00000000 0.13879735 0.19184467 0.09210248 0.08972368 0.17925729 0.04986128 0.05972578 0.07729686 0.16879716 0.04347936 0.17735747 0.17566048 0.08928608 0.09548169 0.08254476 0.17005997 0.09488202 0.08617797 0.04893370 0.04100933 0.08945367 0.07359304 0.07941273 0.04882745 0.17531853 0.06326146 0.19230791 0.17520347 0.08890156 0.20205960 0.11661114 0.16772015 0.09167783 0.08797837 0.12588936 0.17239233 0.11574130 0.19216707 0.08849261 0.09035751 0.18542245 0.18975790 0.09343191 0.08984906 0.33062749 0.18537853 0.19334477 0.10183950 0.19876211 0.30379558 0.21056742 0.15795840 0.16846101 0.17195387 0.13043124 0.10011492 0.16788444 0.16845469 0.14376249 0.17841634 0.17379641 0.14776126 0.13369607 0.17862981 0.19699218 0.18791527 
Perityle_reinana_7_mazatan                 0.15739411 0.18002168 0.27474916 0.14194197 0.13114674 0.15348634 0.13725926 0.11737535 0.13108063 0.13850239 0.19270121 0.19457393 0.14535457 0.13554738 0.13341574 0.17995333 0.18226643 0.12744747 0.11110473 0.13879735 0.00000000 0.20300205 0.12970536 0.13229095 0.19110378 0.13229968 0.12439608 0.12730746 0.17836531 0.13511085 0.19400205 0.20126341 0.13000417 0.11984094 0.13481580 0.18313182 0.12281096 0.13502453 0.13486100 0.13919586 0.12855939 0.13280727 0.13347181 0.13560927 0.18984562 0.12309644 0.19709106 0.19525857 0.12533234 0.21060072 0.08686184 0.18803809 0.13297329 0.14119015 0.07802745 0.19099216 0.13098020 0.19558784 0.12659699 0.14533220 0.19993895 0.19545726 0.14080260 0.14046353 0.34406407 0.19912301 0.19813638 0.08353227 0.20466629 0.31393405 0.21491171 0.16833719 0.17068134 0.18218318 0.15485906 0.14016829 0.16799352 0.17318703 0.16620230 0.18856143 0.19280148 0.15807757 0.14433584 0.19356463 0.20620224 0.20794687 
Perityle_rosei_74                          0.15523605 0.17298664 0.26599534 0.18855212 0.18206624 0.19503398 0.18554626 0.17926108 0.17869774 0.18532357 0.19329481 0.20454175 0.18773865 0.18932250 0.18102266 0.19185485 0.18969432 0.18097492 0.15965430 0.19184467 0.20300205 0.00000000 0.18457973 0.18348769 0.20177469 0.18096302 0.17575861 0.18677733 0.17754729 0.18195890 0.20140158 0.17673521 0.18289573 0.17869564 0.18417658 0.18659892 0.18272218 0.18150062 0.18238008 0.18272376 0.17678142 0.19125778 0.18850955 0.18422327 0.19784788 0.14372821 0.06396466 0.20198366 0.18138403 0.21180452 0.19773723 0.18338653 0.18993852 0.18762714 0.19451827 0.19211039 0.17210425 0.20061230 0.16479660 0.18860980 0.20976736 0.20978273 0.18492391 0.19216915 0.34217913 0.20780305 0.20148446 0.14668175 0.20642021 0.30989421 0.21796469 0.17663365 0.20771490 0.21720376 0.17959040 0.15905595 0.16395135 0.18882518 0.20381731 0.19401139 0.19175332 0.16508978 0.17103053 0.20088853 0.20679537 0.12525391 
Perityle_rupestris_30_albiflora_chisos     0.14626430 0.15718937 0.25902203 0.09894033 0.09559513 0.12646116 0.07514411 0.07261933 0.08315136 0.08377106 0.17531853 0.17785009 0.12635643 0.09887275 0.08540988 0.16604216 0.16764165 0.08249549 0.10334183 0.09210248 0.12970536 0.18457973 0.00000000 0.08867782 0.17701610 0.08330909 0.08048383 0.08238830 0.15939952 0.08621786 0.17343863 0.18183738 0.08700758 0.08361886 0.08460226 0.16631209 0.07164334 0.08132674 0.08752429 0.09090345 0.08276534 0.08407052 0.08663599 0.08627062 0.16963740 0.08853140 0.18656401 0.17531929 0.08304359 0.19745255 0.11841776 0.17075063 0.08889134 0.09702019 0.12322998 0.17317772 0.11600947 0.18363974 0.08903057 0.09949761 0.17788099 0.18336563 0.09020812 0.09755459 0.33495188 0.18088001 0.18108349 0.09685832 0.19122678 0.29888407 0.20824211 0.16016085 0.16908118 0.17171853 0.12125029 0.09238539 0.16332046 0.16154289 0.13991007 0.17004792 0.17186139 0.14623045 0.12387571 0.17897851 0.18852901 0.19125067 
Perityle_saxicola_224                      0.14959060 0.16279130 0.26561029 0.08276388 0.08174707 0.12611756 0.08854559 0.09745806 0.08318130 0.08275508 0.18144932 0.18127561 0.12875464 0.06153589 0.08028394 0.17424748 0.17295835 0.09301139 0.11205482 0.08972368 0.13229095 0.18348769 0.08867782 0.00000000 0.17801274 0.08485077 0.07529444 0.08359878 0.16670727 0.08578201 0.17645036 0.17538803 0.09685880 0.09398375 0.02327380 0.17092261 0.09524984 0.08420452 0.07926059 0.07980156 0.06829992 0.08217654 0.07973625 0.08036612 0.17881209 0.08468735 0.19117340 0.17255736 0.09205987 0.20976579 0.12408841 0.17292909 0.09672147 0.06080000 0.12781518 0.17874836 0.11708109 0.18985207 0.09337821 0.10381619 0.18585299 0.17817262 0.09741911 0.09904268 0.33935980 0.18747054 0.18461318 0.10647602 0.19086120 0.30183590 0.21157265 0.16195581 0.16275458 0.16050311 0.13286698 0.10770653 0.15669633 0.16477516 0.14335527 0.17604394 0.17939602 0.15623862 0.13091462 0.18534567 0.19418714 0.18977797 
Perityle_socorrensis_san_benedicto_213     0.14585151 0.17260267 0.26405980 0.17094605 0.17235204 0.19179239 0.17907234 0.17253298 0.16979397 0.17261424 0.19868551 0.19471662 0.18292486 0.17666123 0.17112408 0.18848474 0.19344517 0.15881114 0.15870468 0.17925729 0.19110378 0.20177469 0.17701610 0.17801274 0.00000000 0.17068695 0.16555987 0.16874668 0.17970285 0.17196314 0.18491431 0.19097377 0.17533911 0.16440588 0.17802042 0.05689918 0.17074680 0.17685492 0.17559184 0.17494183 0.17441503 0.17334057 0.17459365 0.16702027 0.19056964 0.13901670 0.19992278 0.19794956 0.17830922 0.18089721 0.19287528 0.09327768 0.17399099 0.17312407 0.18258133 0.18803417 0.15961298 0.19274896 0.15060636 0.17485769 0.19511578 0.19883347 0.17790973 0.17762317 0.32940967 0.13020555 0.13993042 0.14595560 0.17899011 0.30148873 0.21280405 0.16697072 0.15205426 0.15558906 0.16540432 0.15847439 0.16253582 0.17441359 0.19404292 0.19469176 0.18665383 0.14718614 0.16156941 0.17810528 0.18520143 0.20460014 
Perityle_specuicola_41_negro_bill_canyon   0.14420561 0.15677300 0.26044789 0.06090003 0.08807050 0.13411227 0.08834330 0.08479835 0.04697976 0.04154387 0.17818443 0.17802852 0.12880274 0.08537868 0.04855531 0.16943964 0.16814851 0.07553629 0.11094231 0.04986128 0.13229968 0.18096302 0.08330909 0.08485077 0.17068695 0.00000000 0.04915139 0.07219601 0.16330097 0.04418694 0.17567585 0.17427336 0.08172901 0.08561546 0.07841823 0.16413430 0.08106215 0.07897692 0.05134434 0.04865702 0.08239584 0.06903178 0.07559623 0.04940032 0.16743586 0.06220230 0.18340521 0.17535243 0.08558743 0.19793972 0.11844787 0.16889408 0.08266916 0.08344608 0.12199997 0.16793380 0.10956640 0.18189657 0.08325457 0.09168263 0.17480464 0.18310270 0.08854575 0.08856199 0.33110081 0.18111728 0.18467622 0.09790412 0.19433298 0.30126282 0.20748477 0.15805145 0.16213454 0.16085830 0.13537381 0.10272609 0.16338778 0.16090437 0.13549906 0.16898957 0.17428082 0.14678356 0.13138786 0.17816214 0.19138781 0.18713591 
Perityle_stansburyi_42_rock_spring         0.14749092 0.15283380 0.25306521 0.06039478 0.07923978 0.12702877 0.09123607 0.08944852 0.04425022 0.05117533 0.17050688 0.16711670 0.12206477 0.08258938 0.04690765 0.16417982 0.16246024 0.07049517 0.10456935 0.05972578 0.12439608 0.17575861 0.08048383 0.07529444 0.16555987 0.04915139 0.00000000 0.06953666 0.15962991 0.05054957 0.16782953 0.17287156 0.08032765 0.08866266 0.07430310 0.16453958 0.08726582 0.08665991 0.05540566 0.05461476 0.07496865 0.07561585 0.07041844 0.04790298 0.16161845 0.06098565 0.17959586 0.16222534 0.08427568 0.19627961 0.11422622 0.16169623 0.08273333 0.07715584 0.11564008 0.16180329 0.11398848 0.17219240 0.07465140 0.08287883 0.16886609 0.17056237 0.08514722 0.08591188 0.32401510 0.17280357 0.17488495 0.10334453 0.18310436 0.29417251 0.20487075 0.15217540 0.16243755 0.15565805 0.13197501 0.10020528 0.16015270 0.15795393 0.13338716 0.16217038 0.16772773 0.14536150 0.12660893 0.17008722 0.19267566 0.18165129 
Perityle_staurophylla_42                   0.14571611 0.15562710 0.25756282 0.07408204 0.08962589 0.12393331 0.08222314 0.08172844 0.07180061 0.06829055 0.17593924 0.17734226 0.12209568 0.08568662 0.06644644 0.16818947 0.17013774 0.07062986 0.10761723 0.07729686 0.12730746 0.18677733 0.08238830 0.08359878 0.16874668 0.07219601 0.06953666 0.00000000 0.16417207 0.07836527 0.17248174 0.17249489 0.07917417 0.08183937 0.08243701 0.16911856 0.07900267 0.07169366 0.07310484 0.07470452 0.08098108 0.07752253 0.07691913 0.07120905 0.17112681 0.07798976 0.18594521 0.16741955 0.08565736 0.19437071 0.11974363 0.16557569 0.07547643 0.08171054 0.12219903 0.16637923 0.11071106 0.18237042 0.07664939 0.09167365 0.18134634 0.17737860 0.08411290 0.08512059 0.33353460 0.17868879 0.18117426 0.09780623 0.18048601 0.29988724 0.21173849 0.16070081 0.15884288 0.16359569 0.12872253 0.09910896 0.16134106 0.15852163 0.13945720 0.16914309 0.16893282 0.14132181 0.13147219 0.17570786 0.19153480 0.18287518 
Perityle_vigilans_109                      0.15036631 0.16332904 0.23633197 0.16995853 0.15962209 0.17120898 0.16795771 0.16006950 0.15990041 0.16659058 0.16226653 0.15607825 0.16636035 0.17186274 0.16474610 0.15248658 0.15524326 0.16136725 0.15169468 0.16879716 0.17836531 0.17754729 0.15939952 0.16670727 0.17970285 0.16330097 0.15962991 0.16417207 0.00000000 0.16881406 0.17671764 0.17835207 0.16415085 0.16484369 0.16495046 0.16366334 0.17122641 0.16820590 0.16659629 0.16467018 0.15675266 0.16172015 0.16604114 0.16385168 0.11797351 0.14584899 0.17891988 0.15382687 0.16249637 0.18181342 0.16523780 0.16753305 0.16363111 0.16910957 0.17085086 0.12863547 0.15475289 0.15489794 0.15702074 0.16322047 0.12303697 0.15741569 0.16882962 0.16856285 0.27724698 0.17261693 0.18632512 0.13463043 0.19089573 0.26737970 0.20782476 0.13014262 0.18003240 0.18636954 0.15524806 0.14981006 0.15914302 0.15454291 0.16763814 0.15754859 0.11158326 0.14424372 0.14080090 0.17323713 0.18741375 0.18075691 
Perityle_villosa_45_Hanuapah_cyn           0.14313280 0.16015701 0.26076807 0.06518887 0.09138890 0.13695736 0.09098350 0.08514316 0.03167618 0.04887152 0.17820183 0.18233835 0.13113171 0.08792447 0.05011972 0.16895377 0.16899766 0.07939676 0.10748678 0.04347936 0.13511085 0.18195890 0.08621786 0.08578201 0.17196314 0.04418694 0.05054957 0.07836527 0.16881406 0.00000000 0.17596768 0.17680105 0.08313803 0.09150443 0.07899361 0.16693188 0.08870066 0.08549942 0.04816234 0.04337153 0.08297585 0.07822812 0.07660281 0.04156974 0.17272975 0.06225968 0.18688597 0.17822394 0.08233387 0.19972718 0.12362890 0.16779811 0.08955043 0.08337415 0.12337746 0.17143178 0.11373271 0.18350254 0.08458170 0.09331710 0.18660402 0.18375657 0.08629970 0.09391228 0.33244271 0.17996195 0.18241813 0.10118344 0.19489736 0.30397862 0.20948346 0.15942910 0.16844899 0.16736618 0.13161934 0.10376785 0.16244787 0.16635106 0.14046844 0.17072217 0.17431516 0.14563888 0.13042037 0.17836249 0.19604280 0.18942593 
Amauria_brandeegeana_62                    0.12684098 0.17614581 0.26717537 0.17957750 0.17903171 0.18678015 0.17426684 0.17457389 0.17112167 0.17705660 0.19576606 0.19360092 0.18874562 0.17899831 0.16821007 0.19031835 0.19059282 0.17297341 0.15655232 0.17735747 0.19400205 0.20140158 0.17343863 0.17645036 0.18491431 0.17567585 0.16782953 0.17248174 0.17671764 0.17596768 0.00000000 0.18774149 0.17934192 0.17679774 0.17655428 0.16987351 0.17706702 0.17960376 0.17708136 0.17842738 0.16939151 0.17762025 0.17610324 0.17129009 0.19496966 0.14627928 0.20575521 0.20050875 0.17400046 0.19598937 0.17987802 0.17356979 0.17986525 0.17744771 0.18548116 0.18869240 0.15939626 0.20389840 0.16709498 0.18343228 0.20097536 0.19754908 0.17486278 0.18505094 0.33217634 0.12767605 0.13434960 0.13961564 0.18857779 0.30132603 0.21281046 0.16600840 0.16035016 0.19410893 0.17813986 0.15795562 0.16387215 0.18685421 0.19431710 0.19337913 0.18757423 0.15240666 0.16435056 0.12110827 0.19856574 0.20435033 
Pericome_caudata_50_silver                 0.15423442 0.16112101 0.27204259 0.17741282 0.17993992 0.18424709 0.17663870 0.17914547 0.17301707 0.17352320 0.19970736 0.19188108 0.18260033 0.18166723 0.17345924 0.19139332 0.19621999 0.17803947 0.16405457 0.17566048 0.20126341 0.17673521 0.18183738 0.17538803 0.19097377 0.17427336 0.17287156 0.17249489 0.17835207 0.17680105 0.18774149 0.00000000 0.18730233 0.17665819 0.17296973 0.17565168 0.18053790 0.17611288 0.17634152 0.17237631 0.17201733 0.17797615 0.17994863 0.17809148 0.19452348 0.14272995 0.18052166 0.19482202 0.18360404 0.20641739 0.18428570 0.18088022 0.18624835 0.17256406 0.18859058 0.18741253 0.16317433 0.20196429 0.16850705 0.18834483 0.20523134 0.19386724 0.17923322 0.17941010 0.33872426 0.19189034 0.20129949 0.14365905 0.19599090 0.30955373 0.21154713 0.17175384 0.18873453 0.20286879 0.17107006 0.15555962 0.14715685 0.17948469 0.18988206 0.19541426 0.19631208 0.15712326 0.16465284 0.19029725 0.20363495 0.18773543 
Perityle_aglossa_84_dead_horse             0.14915685 0.16516364 0.25807779 0.08816739 0.09320380 0.12928563 0.09208880 0.08276468 0.08099421 0.08920610 0.17519812 0.18140141 0.12562922 0.10215547 0.07890105 0.16629021 0.16729984 0.07666038 0.11168524 0.08928608 0.13000417 0.18289573 0.08700758 0.09685880 0.17533911 0.08172901 0.08032765 0.07917417 0.16415085 0.08313803 0.17934192 0.18730233 0.00000000 0.09006242 0.09585559 0.17448624 0.08409280 0.08528639 0.08418716 0.08659128 0.09111727 0.08853771 0.08700944 0.08336738 0.17434961 0.08543495 0.18165804 0.17953883 0.05532147 0.20170362 0.12593115 0.17018119 0.08152191 0.09816486 0.12750051 0.17720993 0.11842978 0.18532063 0.08532940 0.10121213 0.18716230 0.18497872 0.06208823 0.09885083 0.33487759 0.18972225 0.18547195 0.10771980 0.19305014 0.29950061 0.21467465 0.15285987 0.16300342 0.17264111 0.12870551 0.10043266 0.15998926 0.16227834 0.14747946 0.17336357 0.17523388 0.14570644 0.13502215 0.18251835 0.19353989 0.18896119 
Perityle_cernua_84                         0.14895685 0.15077119 0.25611416 0.09102012 0.09031211 0.12573723 0.08192724 0.07892629 0.08802205 0.09039098 0.17217199 0.17106959 0.12109861 0.09678137 0.08555290 0.15776953 0.16183677 0.08242405 0.10746617 0.09548169 0.11984094 0.17869564 0.08361886 0.09398375 0.16440588 0.08561546 0.08866266 0.08183937 0.16484369 0.09150443 0.17679774 0.17665819 0.09006242 0.00000000 0.08863414 0.16005172 0.08007042 0.08288871 0.08974311 0.09206700 0.08488274 0.08615986 0.09012453 0.08724380 0.16548487 0.09547972 0.18340048 0.17175357 0.09272020 0.18453764 0.12039999 0.16791333 0.08654095 0.09592987 0.11553964 0.16369237 0.11548756 0.17936295 0.08704107 0.09741189 0.17386292 0.17253479 0.10195147 0.09090520 0.32745691 0.17730150 0.17755071 0.10535409 0.18500335 0.29842723 0.20840102 0.15469441 0.15706655 0.16362187 0.13661497 0.10171428 0.16467383 0.14965375 0.14042061 0.16583368 0.17005844 0.14197323 0.12847660 0.17326569 0.18439818 0.18245966 
Perityle_coahuilensis_24                   0.14719977 0.16087220 0.26305076 0.08197409 0.07785560 0.12423111 0.08276262 0.09247571 0.07936912 0.07811709 0.18053905 0.17818037 0.12598847 0.06011649 0.07759372 0.17261825 0.16978451 0.09119623 0.10865018 0.08254476 0.13481580 0.18417658 0.08460226 0.02327380 0.17802042 0.07841823 0.07430310 0.08243701 0.16495046 0.07899361 0.17655428 0.17296973 0.09585559 0.08863414 0.00000000 0.16758251 0.09241756 0.08147018 0.07566860 0.07874209 0.06543567 0.07668765 0.07898587 0.07811542 0.17596018 0.08563737 0.19238180 0.17096745 0.08925480 0.20793312 0.11884069 0.17145001 0.09295436 0.05597527 0.12389506 0.17539202 0.11613861 0.18747683 0.09450185 0.09825148 0.18397059 0.17981689 0.09317949 0.09226262 0.33626872 0.18117985 0.18315644 0.10554324 0.19118695 0.30389378 0.20910554 0.15561100 0.15980886 0.15663763 0.13752127 0.10317022 0.15706554 0.16292612 0.14061458 0.17476127 0.17576050 0.15165235 0.12947882 0.18031125 0.19338678 0.18797421 
Perityle_crassifolia_70_ventanas           0.14288938 0.16356670 0.24648748 0.16692159 0.17022779 0.17769784 0.16624799 0.16455488 0.16305057 0.16519365 0.18435888 0.18543588 0.17120699 0.17609447 0.16502340 0.17669601 0.18199774 0.15936536 0.16057317 0.17005997 0.18313182 0.18659892 0.16631209 0.17092261 0.05689918 0.16413430 0.16453958 0.16911856 0.16366334 0.16693188 0.16987351 0.17565168 0.17448624 0.16005172 0.16758251 0.00000000 0.16816722 0.16901173 0.16629208 0.16471294 0.16009430 0.16823130 0.16838419 0.16247374 0.18203028 0.14450242 0.18659381 0.18586165 0.16958253 0.17430809 0.17774330 0.09218630 0.17017418 0.16748964 0.17533379 0.17396357 0.16019941 0.18514984 0.15185455 0.16971641 0.18369336 0.18746012 0.17197250 0.16976140 0.30464553 0.12717672 0.13465604 0.14176491 0.17106582 0.29047623 0.20334980 0.16870757 0.15273628 0.15753647 0.16781129 0.15608695 0.15710930 0.17173999 0.18307925 0.18291754 0.17850520 0.14698529 0.16363270 0.16952582 0.16848693 0.18977091 
Perityle_fosteri_93                        0.14898645 0.16150939 0.26013918 0.09148462 0.09598757 0.12596421 0.07884576 0.06993941 0.08548323 0.08679378 0.17468572 0.18232904 0.12583523 0.09764058 0.07974781 0.16366971 0.16854225 0.07344810 0.11294342 0.09488202 0.12281096 0.18272218 0.07164334 0.09524984 0.17074680 0.08106215 0.08726582 0.07900267 0.17122641 0.08870066 0.17706702 0.18053790 0.08409280 0.08007042 0.09241756 0.16816722 0.00000000 0.07907114 0.09072575 0.09412425 0.08645958 0.08589446 0.08768630 0.09060387 0.17875637 0.08394887 0.18203699 0.18213290 0.08562982 0.19503531 0.12208973 0.16795882 0.08136342 0.09650103 0.12295696 0.17725906 0.11546091 0.18372631 0.08754518 0.10205793 0.18525234 0.18604684 0.09554427 0.10077889 0.32750517 0.18548408 0.17902208 0.10768793 0.18856078 0.30062595 0.20915734 0.16389179 0.16111602 0.17527117 0.12047442 0.09695499 0.16281395 0.15665787 0.14665920 0.17192225 0.18158164 0.14400547 0.13230847 0.17826984 0.19108029 0.18714788 
Perityle_huecosensis_48                    0.14777664 0.16435739 0.26303274 0.08718887 0.09015659 0.13277913 0.08293739 0.07630316 0.08236625 0.07896083 0.17768266 0.18244228 0.12732514 0.09366796 0.07675750 0.16830841 0.17055261 0.08016320 0.10805124 0.08617797 0.13502453 0.18150062 0.08132674 0.08420452 0.17685492 0.07897692 0.08665991 0.07169366 0.16820590 0.08549942 0.17960376 0.17611288 0.08528639 0.08288871 0.08147018 0.16901173 0.07907114 0.00000000 0.07374959 0.07804265 0.08014019 0.07785899 0.08350615 0.08511596 0.17621517 0.08239353 0.18418133 0.17014162 0.08904399 0.20260966 0.12175515 0.16971022 0.08955917 0.08443369 0.12252628 0.17157026 0.11975509 0.18242173 0.08391948 0.10528507 0.18218656 0.18348916 0.09226109 0.09029873 0.33484853 0.18251895 0.19090437 0.10853546 0.19250444 0.30145684 0.21531346 0.16092182 0.16185618 0.16835276 0.12470412 0.09764541 0.15830458 0.16713048 0.14356813 0.17097573 0.17460985 0.15113296 0.13316044 0.17945056 0.19146709 0.18248641 
Perityle_intricata_59_Clark_mtns           0.14638690 0.16328685 0.26172495 0.06549980 0.08823879 0.13147056 0.08887938 0.08705664 0.05050604 0.05072608 0.18077220 0.18701405 0.12514687 0.08994072 0.03926126 0.17140120 0.17286704 0.08149398 0.11050526 0.04893370 0.13486100 0.18238008 0.08752429 0.07926059 0.17559184 0.05134434 0.05540566 0.07310484 0.16659629 0.04816234 0.17708136 0.17634152 0.08418716 0.08974311 0.07566860 0.16629208 0.09072575 0.07374959 0.00000000 0.04583845 0.08302122 0.07204694 0.07846160 0.04682247 0.17803423 0.06462779 0.18716183 0.17416969 0.08737827 0.20173072 0.11795690 0.17280393 0.09062995 0.08193517 0.12398013 0.17620260 0.11960662 0.18512615 0.08708839 0.09603102 0.18888073 0.18723369 0.08896920 0.08659245 0.33209708 0.18671861 0.18612675 0.10141943 0.18971985 0.30159548 0.21197472 0.16087805 0.16935919 0.16940746 0.13212368 0.10297492 0.16232288 0.17226337 0.14285600 0.17576087 0.17735060 0.14416377 0.13697631 0.18013969 0.19091908 0.18660961 
Perityle_inyoensis_9_pleasant              0.14652253 0.16347972 0.26243547 0.06667873 0.08940338 0.13427716 0.08677409 0.08975467 0.03864096 0.04948657 0.18209930 0.18367715 0.12917118 0.09135302 0.05250633 0.17344207 0.17459094 0.08338412 0.11478055 0.04100933 0.13919586 0.18272376 0.09090345 0.07980156 0.17494183 0.04865702 0.05461476 0.07470452 0.16467018 0.04337153 0.17842738 0.17237631 0.08659128 0.09206700 0.07874209 0.16471294 0.09412425 0.07804265 0.04583845 0.00000000 0.08312994 0.07311003 0.07504989 0.04489798 0.17445480 0.06627406 0.19016538 0.17285763 0.09061811 0.20405882 0.11625197 0.17088570 0.09337892 0.08041076 0.12800457 0.17289634 0.11700374 0.18143696 0.08176341 0.09454629 0.18234926 0.18792159 0.09107931 0.08656670 0.33287785 0.18415825 0.18817321 0.10315113 0.19503128 0.30376234 0.21266805 0.16000826 0.16262122 0.16665444 0.13253844 0.10040028 0.15749535 0.16688399 0.14085318 0.17765378 0.17164857 0.14773779 0.13482242 0.17959701 0.19265654 0.19275913 
