84
Amauria_brandeegeana_62                    0.0000000 0.0375304 0.0372988 0.2878645 0.0794794 0.0591103 0.1879170 0.1593333 0.3560275 0.1064120 0.1000709 0.1380074 0.0987321 0.1034419 0.1061034 0.1278918 0.1086217 0.1852030 0.1243744 0.1048266 0.1099468 0.1044549 0.1553999 0.1170305 0.1154186 0.0989697 0.1152544 0.1200656 0.1469985 0.0982034 0.0970561 0.1057543 0.1052128 0.0358839 0.1182283 0.1726684 0.1735801 0.0955941 0.1243841 0.1328654 0.1017603 0.1064236 0.1544139 0.1000936 0.1475363 0.2231581 0.1048601 0.1001438 0.1021627 0.1423067 0.1051231 0.1041814 0.0966072 0.1151104 0.1095835 0.1707188 0.0924828 0.1189984 0.1006870 0.1013452 0.1704600 0.2486372 0.1000210 0.1372245 0.1465772 0.1282496 0.1608465 0.1525731 0.0964722 0.1090282 0.1157350 0.1056980 0.1015020 0.0956522 0.0995962 0.0817874 0.2385403 0.1129529 0.1029619 0.1330739 0.1708747 0.1006870 0.1064509 0.1020343 
Amauria_carterae_99_mesa                   0.0375304 0.0000000 0.0449971 0.2789058 0.0624025 0.0396008 0.1413144 0.1376437 0.2999375 0.0822831 0.0871045 0.0958799 0.0886274 0.0917008 0.0897534 0.1123867 0.0884641 0.1668804 0.1143351 0.0923038 0.0917469 0.0900186 0.1471577 0.0936470 0.0850162 0.0877612 0.0932013 0.0946570 0.1493672 0.0836625 0.0852222 0.0895769 0.0972886 0.0321624 0.0964258 0.1474406 0.1413055 0.0868563 0.1099633 0.1136948 0.0919611 0.0971464 0.1433087 0.0900709 0.1283429 0.1768811 0.0934712 0.0913198 0.0874009 0.1364272 0.0986510 0.0938418 0.0882835 0.0955986 0.0924130 0.1650826 0.0825679 0.0905009 0.0874009 0.0886428 0.1540802 0.2430491 0.0943708 0.0957076 0.1540586 0.1155486 0.1217758 0.1268893 0.0887141 0.0894127 0.0936470 0.0849735 0.0912282 0.0913238 0.0912678 0.0788543 0.1228738 0.1087471 0.0857310 0.0944754 0.1443438 0.0874009 0.0836582 0.0899231 
Amauria_rotundifolia_SRR9119150            0.0372988 0.0449971 0.0000000 0.2676384 0.0732739 0.0563126 0.1637342 0.1524394 0.3615997 0.1027379 0.0935021 0.1349560 0.0873999 0.0949199 0.0965465 0.1212130 0.0985385 0.1849694 0.1206626 0.0935783 0.1026717 0.0920248 0.1608853 0.1107852 0.0929824 0.0879195 0.1021009 0.1110278 0.1441276 0.0975732 0.0910829 0.1038440 0.1072973 0.0387677 0.1100489 0.0918229 0.1711999 0.0891648 0.1172258 0.1268605 0.0941066 0.0969249 0.1525404 0.0891889 0.1467808 0.2329865 0.0926912 0.0892386 0.0914728 0.1397500 0.0964397 0.0944992 0.0871218 0.1026184 0.0965726 0.1718749 0.0911914 0.1165637 0.0898544 0.0905844 0.1674698 0.2501735 0.1016907 0.1348985 0.1419489 0.1166066 0.1272476 0.1223387 0.0946880 0.0996230 0.1095307 0.1015681 0.0899579 0.0864041 0.0898788 0.0837563 0.1963854 0.1092217 0.0843183 0.1280829 0.1645449 0.0898544 0.0994232 0.0886201 
Conoclinium_coelestinum_SRR9119114         0.2878645 0.2789058 0.2676384 0.0000000 0.2874552 0.1321037 0.0853722 0.2795170 0.4231231 0.3232772 0.2922411 0.3079998 0.3032340 0.3033060 0.3055586 0.3294230 0.3140005 0.3675600 0.3463505 0.3149394 0.3194016 0.3082373 0.3499147 0.3021614 0.2975459 0.3047266 0.3169778 0.2987130 0.3475767 0.3197677 0.2039005 0.3075754 0.3029900 0.1964098 0.3124164 0.3065828 0.3531697 0.2517770 0.3150193 0.3343510 0.3015879 0.2999024 0.3433180 0.3070774 0.3447674 0.3590372 0.3177662 0.3070544 0.3060589 0.3550244 0.2955256 0.3108512 0.2692451 0.3185232 0.3095845 0.3783436 0.2658103 0.2297238 0.3047050 0.3057063 0.3182556 0.3536717 0.1910260 0.3043309 0.3478457 0.3322734 0.3306877 0.3307545 0.2038165 0.3150522 0.3031686 0.3227957 0.3078117 0.2964279 0.3056948 0.2083747 0.4000115 0.4363676 0.2758770 0.3055555 0.2841707 0.3047050 0.3221260 0.2513786 
Eutetras_palmeri_63                        0.0794794 0.0624025 0.0732739 0.2874552 0.0000000 0.0027228 0.1568412 0.1662369 0.3428246 0.0938276 0.0806328 0.1156225 0.0835564 0.0864493 0.0886417 0.1107914 0.0913955 0.1890466 0.1099922 0.0894668 0.0913350 0.0848691 0.1341887 0.0964935 0.0986233 0.0838463 0.0978780 0.1011513 0.1439043 0.0923922 0.0904316 0.0895673 0.1057005 0.0714526 0.0986833 0.1609293 0.1464835 0.0793650 0.0984508 0.1147787 0.0879692 0.0904623 0.1308734 0.0849556 0.1249993 0.1897717 0.0884369 0.0849966 0.0856337 0.1245122 0.0885835 0.0882181 0.0813476 0.0981518 0.0940358 0.1674077 0.0813570 0.1044259 0.0842390 0.0848720 0.1516312 0.2486661 0.0846078 0.1121523 0.1413653 0.1098558 0.1396379 0.1319828 0.0672599 0.0948711 0.0964942 0.0930039 0.0855348 0.0849160 0.0874651 0.0709322 0.2254992 0.1048772 0.0830608 0.1120442 0.1564930 0.0842390 0.0931088 0.0771636 
Eutetras_pringlei_149_quer                 0.0591103 0.0396008 0.0563126 0.1321037 0.0027228 0.0000000 0.0989133 0.1395642 0.2349863 0.0500176 0.0532501 0.0742698 0.0706555 0.0704355 0.0728315 0.0903220 0.0742544 0.0930601 0.1118846 0.0728315 0.0795368 0.0736675 0.1456102 0.0732156 0.0558316 0.0677541 0.0634897 0.0531929 0.1433729 0.0500176 0.0556445 0.0811961 0.1122603 0.0592292 0.0795231 0.0810649 0.1861889 0.0821346 0.0821377 0.0934695 0.0703223 0.0731875 0.1808952 0.0706555 0.1610942 0.0884006 0.0773780 0.0736360 0.0706555 0.1865754 0.0705381 0.0765292 0.0737463 0.0725484 0.0759421 0.2035727 0.0633105 0.0744370 0.0706555 0.0735351 0.1347525 0.2948454 0.1009221 0.0712626 0.1421464 0.1196361 0.1153653 0.1120354 0.0687609 0.0770219 0.0732156 0.0534982 0.0706555 0.0706555 0.0706555 0.0850001 0.1310690 0.0000010 0.0706380 0.0742698 0.1772053 0.0706555 0.0500176 0.0470153 
Eutrochium_fistulosum_SRR9119106           0.1879170 0.1413144 0.1637342 0.0853722 0.1568412 0.0989133 0.0000000 0.2136385 0.3221165 0.2243714 0.1812687 0.1885257 0.1881759 0.1846573 0.1879044 0.2100605 0.1913849 0.2042325 0.2101992 0.1936689 0.2053898 0.1947188 0.2219001 0.1789268 0.1789082 0.1885007 0.2046057 0.1939047 0.2374155 0.2093851 0.1399124 0.2091335 0.1834492 0.1680263 0.1958502 0.2266611 0.2475207 0.1826023 0.2071754 0.2167070 0.1777420 0.1808588 0.2523530 0.1896908 0.2334127 0.2195863 0.1951322 0.1897907 0.1916225 0.2563837 0.1758417 0.1949484 0.1856200 0.2074733 0.1938689 0.3276317 0.1536911 0.2091073 0.1898117 0.1912904 0.2270521 0.3624038 0.1745881 0.1846325 0.2509550 0.2301589 0.2006444 0.2100599 0.1797370 0.2010296 0.1804035 0.2223554 0.1898168 0.1713120 0.1897066 0.1649927 0.3758803 0.8561352 0.1882023 0.1862574 0.2869560 0.1898117 0.2212190 0.1775146 
Galeana_pratensis_104_mex                  0.1593333 0.1376437 0.1524394 0.2795170 0.1662369 0.1395642 0.2136385 0.0000000 0.2644506 0.1651412 0.1590435 0.1797132 0.1745928 0.1823002 0.1726146 0.2176835 0.1686663 0.1966129 0.1951034 0.1720272 0.1725063 0.1735170 0.1699734 0.1833314 0.1573669 0.1733524 0.1777274 0.1822969 0.1743572 0.1651412 0.1612334 0.1785793 0.1699361 0.1572928 0.1767470 0.2002461 0.2169297 0.1565149 0.1816208 0.2135475 0.1820761 0.1840461 0.2133283 0.1750893 0.1966841 0.1796283 0.1797977 0.1733524 0.1733524 0.2016335 0.1839887 0.1752291 0.1673439 0.1727126 0.1763939 0.2047456 0.1553875 0.1488589 0.1733524 0.1750484 0.1746965 0.2697702 0.1408892 0.1766405 0.1943378 0.1788876 0.1904774 0.1905198 0.1385291 0.1724396 0.1833314 0.1651412 0.1725544 0.1770878 0.1752231 0.1728679 0.2066507 0.1925446 0.1752147 0.1767793 0.1966857 0.1733524 0.1651412 0.1273879 
Helianthus_annuus_SRR9119062               0.3560275 0.2999375 0.3615997 0.4231231 0.3428246 0.2349863 0.3221165 0.2644506 0.0000000 0.3580059 0.3408410 0.3538427 0.3467492 0.3468316 0.3418903 0.3780866 0.3581144 0.3974523 0.3894780 0.3480467 0.3517949 0.3324342 0.2462107 0.3556797 0.3506359 0.3462087 0.3567338 0.3537010 0.4394694 0.3403907 0.2579333 0.3632034 0.3997082 0.2825924 0.3534523 0.4280243 0.4004571 0.3587458 0.3541115 0.3806580 0.3556510 0.3569920 0.3140916 0.3466023 0.3983459 0.3991138 0.3515534 0.3477809 0.3447865 0.3987578 0.3518005 0.3451095 0.3543475 0.3576363 0.3439220 0.4550924 0.3446587 0.3516895 0.3443936 0.3453908 0.4080343 0.4438238 0.2820614 0.3531407 0.4068328 0.3763130 0.4038849 0.3885933 0.2538796 0.3594368 0.3566942 0.3692420 0.3487938 0.3348747 0.3522419 0.2276593 0.4858875 0.4367438 0.3179267 0.3509783 0.3465162 0.3443936 0.3570914 0.3595621 
Lycapsus_tenuifolius_17                    0.1064120 0.0822831 0.1027379 0.3232772 0.0938276 0.0500176 0.2243714 0.1651412 0.3580059 0.0000000 0.1114794 0.1536855 0.1112234 0.1158536 0.1153131 0.1418939 0.1197326 0.1663473 0.1335084 0.1139063 0.1204914 0.1127776 0.1451266 0.1347561 0.1278156 0.1107915 0.1301083 0.1349012 0.1478336 0.0051982 0.0125425 0.0924278 0.0871199 0.0966835 0.1270803 0.1983944 0.1907403 0.1023770 0.1335961 0.1473411 0.1195716 0.1224675 0.1623806 0.1105508 0.1521646 0.2454675 0.1139100 0.1113279 0.1135008 0.1567889 0.1202157 0.1128834 0.1057606 0.1271221 0.1206547 0.1699750 0.0968725 0.1153112 0.1118978 0.1126044 0.1656736 0.2616421 0.0960903 0.1512951 0.1507706 0.1384297 0.1775543 0.1654972 0.0971808 0.1232724 0.1339785 0.0067009 0.1128686 0.1091980 0.1110667 0.0638299 0.2496499 0.1208230 0.1124247 0.1475994 0.1701625 0.1118978 0.0069725 0.1029967 
Pericome_caudata_50_silver                 0.1000709 0.0871045 0.0935021 0.2922411 0.0806328 0.0532501 0.1812687 0.1590435 0.3408410 0.1114794 0.0000000 0.1217498 0.0917887 0.0955643 0.0854366 0.1229401 0.0964094 0.1867015 0.1126245 0.0909145 0.0921832 0.0911086 0.1241525 0.1042160 0.1010778 0.0916077 0.1074037 0.1040119 0.1420052 0.1091221 0.0944957 0.1131379 0.1184830 0.0729907 0.0964659 0.1746580 0.1609526 0.0835734 0.1115361 0.1270456 0.0994440 0.1013599 0.1347438 0.0927164 0.1276615 0.2053227 0.0930152 0.0927617 0.0940188 0.1344835 0.0981159 0.0959926 0.0845379 0.1008553 0.0999544 0.1475386 0.0732168 0.1041840 0.0932990 0.0939404 0.1388777 0.2558015 0.0850323 0.1196397 0.1296646 0.1207814 0.1499146 0.1444768 0.0623319 0.1027657 0.1010884 0.1129425 0.0933554 0.0878711 0.0879370 0.0704657 0.2391234 0.1084383 0.0881395 0.1183663 0.1650755 0.0932990 0.1122097 0.0888115 
Perityle_aglossa_84_dead_horse             0.1380074 0.0958799 0.1349560 0.3079998 0.1156225 0.0742698 0.1885257 0.1797132 0.3538427 0.1536855 0.1217498 0.0000000 0.0507924 0.0674965 0.0248706 0.0981764 0.0529044 0.2034963 0.0961264 0.0515565 0.0382749 0.0386975 0.0952385 0.0751454 0.0794185 0.0548554 0.0754583 0.1182895 0.1493967 0.1278705 0.1024775 0.1308700 0.1459519 0.0997437 0.0589018 0.1366965 0.1511357 0.0397987 0.1184245 0.1046957 0.0740506 0.0777051 0.1399157 0.0559282 0.1185482 0.2092496 0.0572324 0.0559532 0.0559187 0.1358948 0.0758941 0.0583371 0.0545974 0.0598928 0.0609891 0.1415498 0.0737651 0.0525491 0.0558957 0.0564803 0.1286434 0.2309908 0.0345808 0.0055103 0.1323394 0.0860205 0.1954361 0.1888307 0.0213995 0.0628674 0.0734844 0.1489079 0.0565459 0.0565331 0.0446403 0.0205708 0.2733533 0.1057327 0.0367855 0.0061394 0.1257112 0.0558957 0.1555470 0.0576645 
Perityle_ajoensis_204                      0.0987321 0.0886274 0.0873999 0.3032340 0.0835564 0.0706555 0.1881759 0.1745928 0.3467492 0.1112234 0.0917887 0.0507924 0.0000000 0.0234232 0.0135365 0.0617197 0.0213144 0.1957421 0.0905889 0.0114923 0.0204323 0.0047812 0.0911940 0.0386008 0.0575275 0.0022290 0.0268731 0.0800953 0.1042202 0.1054352 0.0965435 0.1098766 0.1152267 0.0883289 0.0256127 0.1043831 0.1273957 0.0118109 0.0845527 0.0672940 0.0251914 0.0280863 0.1182093 0.0022255 0.1027369 0.1838315 0.0114098 0.0022265 0.0038992 0.0986369 0.0269373 0.0106336 0.0025119 0.0268512 0.0152352 0.1377003 0.0621578 0.0468448 0.0027807 0.0033373 0.1204331 0.2307314 0.0303212 0.0496603 0.0973276 0.0388302 0.1509393 0.1373738 0.0200988 0.0203773 0.0375129 0.1113121 0.0033397 0.0024241 0.0046410 0.0043407 0.2355623 0.0566002 0.0056617 0.0442367 0.1258096 0.0027807 0.1121637 0.0299632 
Perityle_ambrosiifolia_67_green            0.1034419 0.0917008 0.0949199 0.3033060 0.0864493 0.0704355 0.1846573 0.1823002 0.3468316 0.1158536 0.0955643 0.0674965 0.0234232 0.0000000 0.0293319 0.0728755 0.0405971 0.2045993 0.0903144 0.0310074 0.0384410 0.0268796 0.1132552 0.0192246 0.0484908 0.0233109 0.0437678 0.0853383 0.1138656 0.1153907 0.0997346 0.1133062 0.1163126 0.0954324 0.0449779 0.1243581 0.1390607 0.0284945 0.0888355 0.0785259 0.0072932 0.0055932 0.1291880 0.0244125 0.1165027 0.1913994 0.0278030 0.0244232 0.0261472 0.1123219 0.0050385 0.0284654 0.0245280 0.0440138 0.0309395 0.1494849 0.0729975 0.0706972 0.0249691 0.0255403 0.1281567 0.2459430 0.0505889 0.0656037 0.1096619 0.0545307 0.1637014 0.1516262 0.0489095 0.0378674 0.0181244 0.1185350 0.0257303 0.0253751 0.0265706 0.0236304 0.2470895 0.0634036 0.0270057 0.0620917 0.1345222 0.0249691 0.1189880 0.0481138 
Perityle_angustifolia_13_Eagle_creek       0.1061034 0.0897534 0.0965465 0.3055586 0.0886417 0.0728315 0.1879044 0.1726146 0.3418903 0.1153131 0.0854366 0.0248706 0.0135365 0.0293319 0.0000000 0.0652063 0.0223874 0.2001290 0.0930219 0.0074045 0.0179292 0.0163994 0.0932031 0.0345748 0.0581695 0.0147133 0.0347351 0.0742012 0.1043251 0.1124285 0.0975916 0.1184892 0.1158915 0.0959584 0.0191220 0.1192539 0.1112912 0.0127576 0.0912275 0.0692327 0.0313101 0.0345393 0.1248987 0.0146813 0.1064547 0.1694769 0.0124521 0.0146882 0.0146751 0.1084351 0.0338792 0.0128383 0.0139937 0.0352917 0.0054632 0.1355808 0.0626966 0.0482836 0.0140605 0.0146751 0.1151809 0.2302545 0.0306840 0.0236258 0.0983866 0.0459625 0.1474258 0.1392561 0.0245351 0.0248089 0.0339288 0.1157151 0.0154016 0.0140604 0.0165365 0.0088292 0.2436904 0.0613603 0.0146211 0.0236359 0.1235548 0.0140605 0.1171552 0.0308349 
Perityle_batopilensis_97                   0.1278918 0.1123867 0.1212130 0.3294230 0.1107914 0.0903220 0.2100605 0.2176835 0.3780866 0.1418939 0.1229401 0.0981764 0.0617197 0.0728755 0.0652063 0.0000000 0.0707356 0.2278792 0.0993496 0.0660612 0.0747220 0.0639241 0.1342187 0.0842589 0.0950720 0.0626803 0.0757144 0.1062031 0.1109952 0.1379124 0.1213513 0.1335349 0.1438140 0.1323527 0.0826022 0.1556236 0.1487498 0.0671167 0.1080969 0.0101459 0.0716583 0.0747699 0.1479405 0.0619773 0.1320553 0.2016140 0.0653618 0.0626073 0.0626091 0.1283236 0.0716878 0.0656758 0.0660258 0.0723354 0.0688852 0.1478566 0.0871762 0.0947701 0.0613219 0.0619209 0.1260723 0.2628276 0.0704756 0.0969776 0.1156697 0.0836466 0.1773361 0.1630496 0.0703166 0.0756460 0.0825868 0.1428929 0.0642005 0.0590773 0.0646647 0.0645283 0.2595127 0.0848239 0.0639536 0.0923933 0.1377589 0.0613219 0.1420788 0.0622280 
Perityle_bisetosa_9                        0.1086217 0.0884641 0.0985385 0.3140005 0.0913955 0.0742544 0.1913849 0.1686663 0.3581144 0.1197326 0.0964094 0.0529044 0.0213144 0.0405971 0.0223874 0.0707356 0.0000000 0.2065156 0.0954121 0.0233185 0.0280600 0.0248453 0.0883175 0.0444106 0.0751117 0.0217391 0.0415968 0.0817084 0.1114240 0.1130813 0.0983820 0.1122121 0.1168938 0.0930851 0.0276055 0.1273784 0.1338106 0.0254549 0.0872253 0.0774320 0.0430847 0.0468739 0.1302644 0.0229178 0.1100667 0.1972611 0.0246196 0.0229284 0.0223001 0.1039464 0.0456528 0.0247336 0.0234961 0.0354364 0.0285898 0.1468593 0.0730532 0.0519050 0.0228957 0.0235018 0.1325488 0.2120032 0.0355304 0.0523267 0.1063494 0.0543233 0.1575456 0.1496577 0.0178155 0.0107088 0.0426190 0.1205945 0.0243069 0.0215790 0.0210776 0.0181375 0.2348283 0.0645375 0.0227726 0.0505724 0.1313968 0.0228957 0.1199481 0.0443862 
Perityle_californica_76_positas            0.1852030 0.1668804 0.1849694 0.3675600 0.1890466 0.0930601 0.2042325 0.1966129 0.3974523 0.1663473 0.1867015 0.2034963 0.1957421 0.2045993 0.2001290 0.2278792 0.2065156 0.0000000 0.2468810 0.1978398 0.1964714 0.1987666 0.1681602 0.2064431 0.2141694 0.1937035 0.2032626 0.2134081 0.3158771 0.1702733 0.0932542 0.1389020 0.1915776 0.1172293 0.2042446 0.2784806 0.2486889 0.1985268 0.2159627 0.2307506 0.2051473 0.2068671 0.1834729 0.1960388 0.2469198 0.2468560 0.1984592 0.1952984 0.1980823 0.2447864 0.2091599 0.1978052 0.2024164 0.2068525 0.1994915 0.2986557 0.2062073 0.2045735 0.1970079 0.1978801 0.2644442 0.3012595 0.1277483 0.2010552 0.2754198 0.2167610 0.2842389 0.2773734 0.1368182 0.2073591 0.2054572 0.1743136 0.1975979 0.2001856 0.1994336 0.1204534 0.3506173 0.2978170 0.1725671 0.2001227 0.2101470 0.1970079 0.1673550 0.2217603 
Perityle_canescens_77                      0.1243744 0.1143351 0.1206626 0.3463505 0.1099922 0.1118846 0.2101992 0.1951034 0.3894780 0.1335084 0.1126245 0.0961264 0.0905889 0.0903144 0.0930219 0.0993496 0.0954121 0.2468810 0.0000000 0.0941333 0.0933099 0.0915732 0.1330750 0.0923412 0.0893811 0.0891516 0.1063993 0.0961769 0.1331808 0.1339905 0.1270708 0.1364959 0.1350159 0.1263859 0.0981532 0.1797834 0.1185223 0.0872620 0.0912397 0.1001640 0.0912358 0.0939449 0.1259099 0.0915015 0.1032128 0.1643155 0.0921254 0.0906606 0.0914511 0.1115503 0.0921237 0.0924389 0.0929491 0.1069526 0.0965191 0.1520555 0.0920962 0.1164821 0.0906227 0.0914511 0.1420975 0.2453561 0.1127892 0.0918597 0.1355080 0.1211212 0.1704359 0.1633547 0.0980742 0.0972563 0.0923412 0.1377246 0.0923048 0.0897305 0.0923745 0.0913606 0.2667218 0.0308388 0.0954260 0.0945261 0.1534286 0.0906227 0.1357927 0.0854510 
Perityle_castillonii_96                    0.1048266 0.0923038 0.0935783 0.3149394 0.0894668 0.0728315 0.1936689 0.1720272 0.3480467 0.1139063 0.0909145 0.0515565 0.0114923 0.0310074 0.0074045 0.0660612 0.0233185 0.1978398 0.0941333 0.0000000 0.0237330 0.0148536 0.0917128 0.0404333 0.0595478 0.0126207 0.0320857 0.0799599 0.1062157 0.1082987 0.0956755 0.1134799 0.1180421 0.0961785 0.0236021 0.1109438 0.1324547 0.0135021 0.0850964 0.0717698 0.0327302 0.0356758 0.1231990 0.0125943 0.1083054 0.1888479 0.0102925 0.0125999 0.0131666 0.1043834 0.0344704 0.0131752 0.0115948 0.0311460 0.0073974 0.1385194 0.0660766 0.0493659 0.0131609 0.0137351 0.1209503 0.2322503 0.0340539 0.0510055 0.0991260 0.0424815 0.1468076 0.1381719 0.0234737 0.0230139 0.0398282 0.1150536 0.0137521 0.0111988 0.0153361 0.0120023 0.2379337 0.0609883 0.0130282 0.0509800 0.1260878 0.0131609 0.1141001 0.0305954 
Perityle_cernua_84                         0.1099468 0.0917469 0.1026717 0.3194016 0.0913350 0.0795368 0.2053898 0.1725063 0.3517949 0.1204914 0.0921832 0.0382749 0.0204323 0.0384410 0.0179292 0.0747220 0.0280600 0.1964714 0.0933099 0.0237330 0.0000000 0.0251952 0.0912900 0.0445618 0.0712757 0.0215862 0.0368804 0.0804900 0.1126560 0.1200321 0.1035773 0.1224680 0.1152435 0.0976390 0.0263030 0.1151099 0.1274400 0.0262631 0.0912435 0.0798098 0.0397518 0.0440188 0.1336139 0.0215516 0.1037504 0.1807563 0.0230974 0.0203769 0.0215481 0.1105886 0.0427842 0.0233285 0.0224800 0.0329142 0.0282300 0.1414003 0.0694665 0.0482250 0.0215386 0.0221240 0.1279835 0.2416468 0.0329587 0.0377120 0.1080716 0.0516326 0.1641858 0.1575777 0.0227378 0.0285914 0.0439463 0.1213271 0.0222158 0.0235052 0.0143292 0.0160242 0.2458912 0.0572275 0.0226062 0.0348991 0.1290993 0.0215386 0.1222642 0.0472687 
Perityle_cfvillosa_25_tin                  0.1044549 0.0900186 0.0920248 0.3082373 0.0848691 0.0736675 0.1947188 0.1735170 0.3324342 0.1127776 0.0911086 0.0386975 0.0047812 0.0268796 0.0163994 0.0639241 0.0248453 0.1987666 0.0915732 0.0148536 0.0251952 0.0000000 0.0911144 0.0432369 0.0594504 0.0059550 0.0333673 0.0878924 0.1112021 0.1077929 0.0982716 0.1131922 0.1141836 0.0930087 0.0298299 0.1207229 0.1084760 0.0169888 0.0894782 0.0678412 0.0300098 0.0325071 0.1198327 0.0059424 0.1024049 0.1465216 0.0159837 0.0059420 0.0047555 0.1052992 0.0312661 0.0149566 0.0068196 0.0328322 0.0180842 0.1389127 0.0631676 0.0499315 0.0029658 0.0035595 0.1217352 0.2365818 0.0303021 0.0374869 0.1025304 0.0461898 0.1588548 0.1441627 0.0200864 0.0236480 0.0420789 0.1129748 0.0065817 0.0058613 0.0074508 0.0043434 0.2486012 0.0535621 0.0087662 0.0309817 0.1257124 0.0029658 0.1145625 0.0331434 
Perityle_cinerea_113_Powell1310            0.1553999 0.1471577 0.1608853 0.3499147 0.1341887 0.1456102 0.2219001 0.1699734 0.2462107 0.1451266 0.1241525 0.0952385 0.0911940 0.1132552 0.0932031 0.1342187 0.0883175 0.1681602 0.1330750 0.0917128 0.0912900 0.0911144 0.0000000 0.1177684 0.1110592 0.0911097 0.0901161 0.1414678 0.1591010 0.1451266 0.1021056 0.1715488 0.1651557 0.1859448 0.0954761 0.1211018 0.1608160 0.0957018 0.1541392 0.1321393 0.1199442 0.1132552 0.1627950 0.0890214 0.1473484 0.1615699 0.0852252 0.0890214 0.0890214 0.1528428 0.1154102 0.0953920 0.0890316 0.0879828 0.0932031 0.1893883 0.1336938 0.1045700 0.0890214 0.0910013 0.1911116 0.2242507 0.0879954 0.0978864 0.1722955 0.1097858 0.1621565 0.1551073 0.0891560 0.0828904 0.1177684 0.1501978 0.0911097 0.0911029 0.0911805 0.0751425 0.1705006 0.1023503 0.0844835 0.0957604 0.1418643 0.0890214 0.1451266 0.0645537 
Perityle_coahuilensis_24                   0.1170305 0.0936470 0.1107852 0.3021614 0.0964935 0.0732156 0.1789268 0.1833314 0.3556797 0.1347561 0.1042160 0.0751454 0.0386008 0.0192246 0.0345748 0.0842589 0.0444106 0.2064431 0.0923412 0.0404333 0.0445618 0.0432369 0.1177684 0.0000000 0.0630030 0.0383535 0.0569685 0.0946452 0.1141620 0.1336105 0.1052292 0.1294416 0.1189758 0.0995564 0.0495324 0.1391658 0.1512734 0.0467413 0.0986014 0.0887237 0.0150930 0.0235895 0.1443652 0.0394408 0.1207634 0.2014090 0.0436972 0.0394582 0.0400369 0.1238795 0.0224753 0.0435639 0.0395395 0.0470145 0.0467403 0.1535528 0.0771095 0.0698232 0.0399947 0.0405720 0.1321927 0.2381658 0.0564062 0.0738589 0.1137385 0.0676541 0.1759670 0.1696054 0.0592993 0.0536289 0.0005540 0.1321559 0.0407911 0.0411257 0.0313890 0.0296455 0.2627074 0.0671206 0.0429029 0.0697778 0.1436844 0.0399947 0.1379065 0.0664714 
Perityle_cochisensis_44_cave_creek         0.1154186 0.0850162 0.0929824 0.2975459 0.0986233 0.0558316 0.1789082 0.1573669 0.3506359 0.1278156 0.1010778 0.0794185 0.0575275 0.0484908 0.0581695 0.0950720 0.0751117 0.2141694 0.0893811 0.0595478 0.0712757 0.0594504 0.1110592 0.0630030 0.0000000 0.0572674 0.0773946 0.1019806 0.1215160 0.1098693 0.0843394 0.1289019 0.1084076 0.0826082 0.0791007 0.1449218 0.1362703 0.0428724 0.1080160 0.0984911 0.0512945 0.0512796 0.1497215 0.0584362 0.1265966 0.1739238 0.0603336 0.0584319 0.0597942 0.1338615 0.0519752 0.0630254 0.0412249 0.0771773 0.0640642 0.1478366 0.0666765 0.0760575 0.0577739 0.0584112 0.1275036 0.2360915 0.0524883 0.0786609 0.1164277 0.0924459 0.1598016 0.1462083 0.0492635 0.0717125 0.0611994 0.1119729 0.0588550 0.0620250 0.0563446 0.0253577 0.2458311 0.0971247 0.0564920 0.0743034 0.1328736 0.0577739 0.1320567 0.0678651 
Perityle_congesta_202                      0.0989697 0.0877612 0.0879195 0.3047266 0.0838463 0.0677541 0.1885007 0.1733524 0.3462087 0.1107915 0.0916077 0.0548554 0.0022290 0.0233109 0.0147133 0.0626803 0.0217391 0.1937035 0.0891516 0.0126207 0.0215862 0.0059550 0.0911097 0.0383535 0.0572674 0.0000000 0.0291178 0.0792609 0.1025123 0.1055806 0.0964427 0.1100779 0.1151554 0.0852273 0.0265440 0.1107251 0.1282665 0.0125398 0.0837590 0.0682376 0.0249798 0.0272622 0.1181765 0.0033131 0.1037237 0.1827500 0.0125302 0.0033145 0.0049754 0.0991005 0.0267108 0.0110948 0.0031325 0.0291438 0.0162382 0.1380664 0.0612414 0.0479909 0.0038635 0.0044161 0.1194260 0.2307549 0.0302949 0.0537246 0.0960619 0.0410198 0.1502228 0.1366358 0.0187255 0.0208321 0.0372722 0.1108534 0.0033303 0.0036045 0.0057555 0.0043368 0.2352806 0.0580617 0.0068936 0.0483310 0.1238292 0.0038635 0.1117213 0.0290407 
Perityle_cordifolia_27                     0.1152544 0.0932013 0.1021009 0.3169778 0.0978780 0.0634897 0.2046057 0.1777274 0.3567338 0.1301083 0.1074037 0.0754583 0.0268731 0.0437678 0.0347351 0.0757144 0.0415968 0.2032626 0.1063993 0.0320857 0.0368804 0.0333673 0.0901161 0.0569685 0.0773946 0.0291178 0.0000000 0.0969579 0.0965028 0.1228186 0.1011102 0.1255571 0.1151219 0.1111353 0.0452598 0.0991053 0.1462814 0.0289476 0.0963579 0.0808688 0.0430392 0.0454446 0.1343359 0.0290561 0.1161666 0.1954845 0.0305537 0.0284758 0.0308376 0.1116504 0.0442599 0.0326209 0.0276822 0.0058021 0.0363132 0.1221494 0.0700088 0.0367229 0.0296238 0.0302091 0.1064079 0.2281440 0.0226838 0.0742947 0.1018733 0.0085192 0.1560107 0.1436134 0.0432458 0.0379374 0.0558798 0.1304901 0.0297139 0.0298325 0.0315295 0.0200799 0.2442291 0.0660982 0.0311399 0.0682330 0.1396857 0.0296238 0.1303691 0.0288986 
Perityle_cordifolia_68_tecolote            0.1200656 0.0946570 0.1110278 0.2987130 0.1011513 0.0531929 0.1939047 0.1822969 0.3537010 0.1349012 0.1040119 0.1182895 0.0800953 0.0853383 0.0742012 0.1062031 0.0817084 0.2134081 0.0961769 0.0799599 0.0804900 0.0878924 0.1414678 0.0946452 0.1019806 0.0792609 0.0969579 0.0000000 0.1260371 0.1309166 0.1016222 0.1349976 0.1270765 0.0841191 0.0885302 0.1540765 0.1530068 0.0830779 0.0923687 0.1122397 0.0877830 0.0915765 0.1456208 0.0809899 0.1179460 0.1972292 0.0839003 0.0810280 0.0822651 0.1222933 0.0883763 0.0821828 0.0768225 0.0841876 0.0891621 0.1691520 0.0757678 0.0931235 0.0815570 0.0821740 0.1503324 0.2462003 0.0820792 0.1155598 0.1235284 0.1084575 0.1811267 0.1689357 0.0657048 0.0910088 0.0916192 0.1345647 0.0822816 0.0768634 0.0679066 0.0687868 0.2742651 0.0734214 0.0824794 0.1070154 0.1569173 0.0815570 0.1334405 0.0914458 
Perityle_coronopifolia_28_patagonia        0.1469985 0.1493672 0.1441276 0.3475767 0.1439043 0.1433729 0.2374155 0.1743572 0.4394694 0.1478336 0.1420052 0.1493967 0.1042202 0.1138656 0.1043251 0.1109952 0.1114240 0.3158771 0.1331808 0.1062157 0.1126560 0.1112021 0.1591010 0.1141620 0.1215160 0.1025123 0.0965028 0.1260371 0.0000000 0.1503603 0.1294356 0.1564360 0.1423013 0.1747354 0.1167165 0.1068969 0.1878907 0.0989207 0.1248973 0.1179968 0.1097341 0.1174897 0.1762340 0.1045156 0.1452938 0.2869689 0.1001520 0.1056913 0.1043071 0.1425023 0.1143018 0.1066519 0.1004816 0.0949066 0.1044729 0.0769263 0.1382493 0.1101731 0.1054301 0.1065030 0.0633621 0.1872708 0.1217298 0.1481578 0.0154519 0.1121263 0.1819352 0.1788096 0.1209987 0.1122521 0.1141620 0.1503982 0.1044610 0.1043729 0.1066961 0.1153454 0.1891196 0.0889277 0.1118910 0.1493693 0.1101138 0.1054301 0.1479405 0.0807356 
Perityle_crassifolia_70_ventanas           0.0982034 0.0836625 0.0975732 0.3197677 0.0923922 0.0500176 0.2093851 0.1651412 0.3403907 0.0051982 0.1091221 0.1278705 0.1054352 0.1153907 0.1124285 0.1379124 0.1130813 0.1702733 0.1339905 0.1082987 0.1200321 0.1077929 0.1451266 0.1336105 0.1098693 0.1055806 0.1228186 0.1309166 0.1503603 0.0000000 0.0141293 0.0845037 0.0870560 0.0929773 0.1234255 0.1592216 0.1627013 0.0993920 0.1326821 0.1396559 0.1193043 0.1209043 0.1572845 0.1046282 0.1468342 0.2269301 0.1101974 0.1055331 0.1080731 0.1535688 0.1211087 0.1089766 0.0991830 0.1208279 0.1137760 0.1715967 0.0981872 0.1167681 0.1053418 0.1061680 0.1672206 0.2621604 0.0960903 0.1260571 0.1505122 0.1326230 0.1552341 0.1458281 0.0972620 0.1150617 0.1326987 0.0045483 0.1080460 0.1050689 0.1057210 0.0638299 0.1895236 0.1156322 0.1070833 0.1240242 0.1722944 0.1053418 0.0037078 0.1026716 
Perityle_crassifolia_74_playa_balandra     0.0970561 0.0852222 0.0910829 0.2039005 0.0904316 0.0556445 0.1399124 0.1612334 0.2579333 0.0125425 0.0944957 0.1024775 0.0965435 0.0997346 0.0975916 0.1213513 0.0983820 0.0932542 0.1270708 0.0956755 0.1035773 0.0982716 0.1021056 0.1052292 0.0843394 0.0964427 0.1011102 0.1016222 0.1294356 0.0141293 0.0000000 0.0893341 0.0966845 0.0655473 0.1073112 0.1173505 0.1814418 0.0842303 0.1142205 0.1230794 0.1034944 0.0997346 0.1670701 0.0946659 0.1549562 0.1123358 0.0948178 0.0964470 0.0946659 0.1721684 0.1073134 0.0948579 0.0831059 0.1008275 0.1012600 0.1627754 0.0805177 0.0948364 0.0946659 0.0963683 0.1413649 0.2578165 0.0985377 0.0989493 0.1363760 0.1196618 0.1262133 0.1237910 0.0943003 0.1060413 0.1052292 0.0157040 0.0946659 0.0964608 0.0964650 0.0646032 0.1624820 0.1272749 0.0846613 0.1007535 0.1393313 0.0946659 0.0125425 0.0702722 
Perityle_cuneata_34_cuneata_San_antonio    0.1057543 0.0895769 0.1038440 0.3075754 0.0895673 0.0811961 0.2091335 0.1785793 0.3632034 0.0924278 0.1131379 0.1308700 0.1098766 0.1133062 0.1184892 0.1335349 0.1122121 0.1389020 0.1364959 0.1134799 0.1224680 0.1131922 0.1715488 0.1294416 0.1289019 0.1100779 0.1255571 0.1349976 0.1564360 0.0845037 0.0893341 0.0000000 0.0931457 0.1092901 0.1289909 0.1920265 0.1544681 0.0995421 0.1276925 0.1364452 0.1137487 0.1166424 0.1477773 0.1106063 0.1417117 0.2125203 0.1096777 0.1098919 0.1113790 0.1421057 0.1167450 0.1120887 0.1052849 0.1265968 0.1154848 0.1788085 0.1066853 0.1266202 0.1090691 0.1097659 0.1757204 0.2635884 0.1059022 0.1285739 0.1520306 0.1342738 0.1784901 0.1625842 0.1061344 0.1148726 0.1283156 0.0921299 0.1120797 0.1128150 0.1160957 0.0904968 0.2560622 0.1104545 0.1096492 0.1236299 0.1792064 0.1090691 0.0925435 0.0933628 
Perityle_cuneata_4                         0.1052128 0.0972886 0.1072973 0.3029900 0.1057005 0.1122603 0.1834492 0.1699361 0.3997082 0.0871199 0.1184830 0.1459519 0.1152267 0.1163126 0.1158915 0.1438140 0.1168938 0.1915776 0.1350159 0.1180421 0.1152435 0.1141836 0.1651557 0.1189758 0.1084076 0.1151554 0.1151219 0.1270765 0.1423013 0.0870560 0.0966845 0.0931457 0.0000000 0.1208637 0.1179980 0.1413610 0.1984052 0.1105858 0.1344411 0.1448881 0.1157932 0.1179286 0.1676794 0.1170835 0.1484973 0.3011705 0.1129783 0.1171339 0.1168579 0.1471878 0.1201329 0.1168108 0.1207481 0.1128209 0.1215881 0.1502984 0.1136767 0.1001075 0.1179521 0.1189918 0.1482426 0.2638615 0.1083966 0.1415218 0.1410497 0.1145021 0.1253147 0.1248030 0.1145215 0.1178718 0.1189758 0.0871199 0.1142685 0.1164765 0.1181456 0.1119442 0.1561755 0.1153652 0.1112050 0.1415471 0.1467075 0.1179521 0.0873389 0.0934221 
Perityle_discoidea_81                      0.0358839 0.0321624 0.0387677 0.1964098 0.0714526 0.0592292 0.1680263 0.1572928 0.2825924 0.0966835 0.0729907 0.0997437 0.0883289 0.0954324 0.0959584 0.1323527 0.0930851 0.1172293 0.1263859 0.0961785 0.0976390 0.0930087 0.1859448 0.0995564 0.0826082 0.0852273 0.1111353 0.0841191 0.1747354 0.0929773 0.0655473 0.1092901 0.1208637 0.0000000 0.1019773 0.1180461 0.1752804 0.0960770 0.1232682 0.1372755 0.0949576 0.0995416 0.1821593 0.0898282 0.1729853 0.1285321 0.0986593 0.0898740 0.0898868 0.1800889 0.0951084 0.0929828 0.0882709 0.1172670 0.0975451 0.2217473 0.0807871 0.1316971 0.0898853 0.0913691 0.1732029 0.3393168 0.1038955 0.0996937 0.1591395 0.1391066 0.1275714 0.1300318 0.0922774 0.1035025 0.0979726 0.0948349 0.0883289 0.0844635 0.0883289 0.0850115 0.2501361 0.0000010 0.0883178 0.1013225 0.2133872 0.0898853 0.0930657 0.0999350 
Perityle_dissecta_201                      0.1182283 0.0964258 0.1100489 0.3124164 0.0986833 0.0795231 0.1958502 0.1767470 0.3534523 0.1270803 0.0964659 0.0589018 0.0256127 0.0449779 0.0191220 0.0826022 0.0276055 0.2042446 0.0981532 0.0236021 0.0263030 0.0298299 0.0954761 0.0495324 0.0791007 0.0265440 0.0452598 0.0885302 0.1167165 0.1234255 0.1073112 0.1289909 0.1179980 0.1019773 0.0000000 0.1244245 0.1422945 0.0341230 0.0977701 0.0882994 0.0483881 0.0513279 0.1351269 0.0264894 0.1106303 0.1996791 0.0299084 0.0253494 0.0276286 0.1122217 0.0495686 0.0264944 0.0249140 0.0332731 0.0318332 0.1453310 0.0757763 0.0497066 0.0270411 0.0270329 0.1321698 0.2360276 0.0330049 0.0583789 0.1070949 0.0589577 0.1672892 0.1596100 0.0241350 0.0369169 0.0466923 0.1236433 0.0278123 0.0274956 0.0180406 0.0234651 0.2555716 0.0667785 0.0281450 0.0511041 0.1332257 0.0270411 0.1272866 0.0546575 
Perityle_emoryi_47_punta_san_jose          0.1726684 0.1474406 0.0918229 0.3065828 0.1609293 0.0810649 0.2266611 0.2002461 0.4280243 0.1983944 0.1746580 0.1366965 0.1043831 0.1243581 0.1192539 0.1556236 0.1273784 0.2784806 0.1797834 0.1109438 0.1151099 0.1207229 0.1211018 0.1391658 0.1449218 0.1107251 0.0991053 0.1540765 0.1068969 0.1592216 0.1173505 0.1920265 0.1413610 0.1180461 0.1244245 0.0000000 0.2085694 0.0346682 0.1717504 0.1628683 0.1245043 0.1258401 0.2383172 0.1105348 0.2000894 0.2756359 0.1065818 0.1099086 0.1119276 0.1921592 0.1252160 0.1124896 0.0529498 0.1037273 0.1138696 0.1285304 0.0795812 0.0356187 0.1104651 0.1111109 0.1213261 0.2207614 0.0324367 0.1375243 0.1105683 0.1114971 0.1948894 0.1837059 0.0487868 0.1160819 0.1381354 0.1756655 0.1077772 0.1121598 0.1156507 0.0321405 0.2823133 0.1935717 0.1085471 0.1300979 0.1408044 0.1104651 0.1946240 0.0337711 
Perityle_feddemae_99                       0.1735801 0.1413055 0.1711999 0.3531697 0.1464835 0.1861889 0.2475207 0.2169297 0.4004571 0.1907403 0.1609526 0.1511357 0.1273957 0.1390607 0.1112912 0.1487498 0.1338106 0.2486889 0.1185223 0.1324547 0.1274400 0.1084760 0.1608160 0.1512734 0.1362703 0.1282665 0.1462814 0.1530068 0.1878907 0.1627013 0.1814418 0.1544681 0.1984052 0.1752804 0.1422945 0.2085694 0.0000000 0.1183462 0.1294015 0.1517484 0.1423929 0.1430637 0.0436283 0.1300164 0.0460662 0.2181190 0.1334429 0.1286618 0.1314190 0.0564569 0.1417042 0.1334280 0.1309033 0.1430873 0.1364325 0.1784748 0.1160345 0.1451462 0.1285169 0.1291780 0.1620518 0.2664770 0.1377976 0.1491277 0.1760260 0.1575946 0.2307186 0.2223557 0.1185456 0.1345530 0.1508562 0.1930239 0.1295421 0.1311574 0.1338117 0.1347493 0.2981980 0.1215983 0.1116529 0.1458811 0.1626587 0.1285169 0.1899281 0.1149030 
Perityle_fosteri_93                        0.0955941 0.0868563 0.0891648 0.2517770 0.0793650 0.0821346 0.1826023 0.1565149 0.3587458 0.1023770 0.0835734 0.0397987 0.0118109 0.0284945 0.0127576 0.0671167 0.0254549 0.1985268 0.0872620 0.0135021 0.0262631 0.0169888 0.0957018 0.0467413 0.0428724 0.0125398 0.0289476 0.0830779 0.0989207 0.0993920 0.0842303 0.0995421 0.1105858 0.0960770 0.0341230 0.0346682 0.1183462 0.0000000 0.0824689 0.0724791 0.0306787 0.0335540 0.1272013 0.0132190 0.1023362 0.1863709 0.0098486 0.0132261 0.0146295 0.1072054 0.0314430 0.0132098 0.0132796 0.0304970 0.0152989 0.1322145 0.0593843 0.0478735 0.0125082 0.0132054 0.0947691 0.2178868 0.0335457 0.0406287 0.0919799 0.0423561 0.1074240 0.0997078 0.0246172 0.0203479 0.0454001 0.1029790 0.0139135 0.0130598 0.0131547 0.0122418 0.1876030 0.0450359 0.0107872 0.0330925 0.1158581 0.0125082 0.1014885 0.0341205 
Perityle_gamon_221                         0.1243841 0.1099633 0.1172258 0.3150193 0.0984508 0.0821377 0.2071754 0.1816208 0.3541115 0.1335961 0.1115361 0.1184245 0.0845527 0.0888355 0.0912275 0.1080969 0.0872253 0.2159627 0.0912397 0.0850964 0.0912435 0.0894782 0.1541392 0.0986014 0.1080160 0.0837590 0.0963579 0.0923687 0.1248973 0.1326821 0.1142205 0.1276925 0.1344411 0.1232682 0.0977701 0.1717504 0.1294015 0.0824689 0.0000000 0.1156532 0.0899046 0.0944949 0.1154667 0.0862017 0.1024616 0.1099943 0.0866175 0.0862430 0.0842411 0.0992166 0.0912314 0.0895151 0.0802849 0.0919957 0.0932444 0.1709392 0.0752463 0.0957348 0.0842020 0.0848302 0.1472718 0.2209889 0.0846686 0.1158107 0.1236765 0.1061055 0.1673606 0.1611025 0.0700937 0.0927825 0.0975025 0.1372692 0.0861138 0.0818419 0.0850223 0.0733501 0.2516007 0.0755712 0.0907353 0.1160146 0.1586386 0.0842020 0.1345347 0.0691140 
Perityle_gentryi_8_san_francisco           0.1328654 0.1136948 0.1268605 0.3343510 0.1147787 0.0934695 0.2167070 0.2135475 0.3806580 0.1473411 0.1270456 0.1046957 0.0672940 0.0785259 0.0692327 0.0101459 0.0774320 0.2307506 0.1001640 0.0717698 0.0798098 0.0678412 0.1321393 0.0887237 0.0984911 0.0682376 0.0808688 0.1122397 0.1179968 0.1396559 0.1230794 0.1364452 0.1448881 0.1372755 0.0882994 0.1628683 0.1517484 0.0724791 0.1156532 0.0000000 0.0766422 0.0804348 0.1505944 0.0675222 0.1334491 0.2091941 0.0710072 0.0681580 0.0681600 0.1339198 0.0773345 0.0706179 0.0724173 0.0775879 0.0751617 0.1477976 0.0881343 0.0958555 0.0668586 0.0674605 0.1274010 0.2658946 0.0689499 0.1034921 0.1246929 0.0887901 0.1853985 0.1682738 0.0717644 0.0812903 0.0877033 0.1487731 0.0691632 0.0651000 0.0691605 0.0644811 0.2675937 0.0902931 0.0673577 0.0989494 0.1395834 0.0668586 0.1475338 0.0674668 
Perityle_gilensis_22_Superstition          0.1017603 0.0919611 0.0941066 0.3015879 0.0879692 0.0703223 0.1777420 0.1820761 0.3556510 0.1195716 0.0994440 0.0740506 0.0251914 0.0072932 0.0313101 0.0716583 0.0430847 0.2051473 0.0912358 0.0327302 0.0397518 0.0300098 0.1199442 0.0150930 0.0512945 0.0249798 0.0430392 0.0877830 0.1097341 0.1193043 0.1034944 0.1137487 0.1157932 0.0949576 0.0483881 0.1245043 0.1423929 0.0306787 0.0899046 0.0766422 0.0000000 0.0105856 0.1323959 0.0260774 0.1182161 0.1924530 0.0301051 0.0260887 0.0278116 0.1156600 0.0094752 0.0301289 0.0264203 0.0439907 0.0331895 0.1523114 0.0760934 0.0677567 0.0266325 0.0272030 0.1308830 0.2410832 0.0549682 0.0721419 0.1100413 0.0537744 0.1645865 0.1523591 0.0563379 0.0401120 0.0139984 0.1224876 0.0274051 0.0278053 0.0277348 0.0281485 0.2464421 0.0655926 0.0289917 0.0686875 0.1418587 0.0266325 0.1226495 0.0481936 
Perityle_gilensis_salensis_225             0.1064236 0.0971464 0.0969249 0.2999024 0.0904623 0.0731875 0.1808588 0.1840461 0.3569920 0.1224675 0.1013599 0.0777051 0.0280863 0.0055932 0.0345393 0.0747699 0.0468739 0.2068671 0.0939449 0.0356758 0.0440188 0.0325071 0.1132552 0.0235895 0.0512796 0.0272622 0.0454446 0.0915765 0.1174897 0.1209043 0.0997346 0.1166424 0.1179286 0.0995416 0.0513279 0.1258401 0.1430637 0.0335540 0.0944949 0.0804348 0.0105856 0.0000000 0.1339516 0.0289447 0.1220090 0.1967650 0.0330211 0.0289574 0.0306844 0.1169007 0.0089018 0.0330089 0.0283587 0.0464504 0.0360921 0.1559887 0.0728758 0.0698261 0.0294992 0.0300708 0.1320920 0.2455746 0.0519712 0.0757857 0.1136269 0.0561708 0.1641275 0.1519412 0.0562735 0.0430267 0.0225039 0.1247505 0.0302945 0.0302740 0.0319590 0.0251166 0.2476342 0.0668125 0.0316174 0.0723604 0.1379095 0.0294992 0.1254785 0.0481110 
Perityle_glaucescens_94                    0.1544139 0.1433087 0.1525404 0.3433180 0.1308734 0.1808952 0.2523530 0.2133283 0.3140916 0.1623806 0.1347438 0.1399157 0.1182093 0.1291880 0.1248987 0.1479405 0.1302644 0.1834729 0.1259099 0.1231990 0.1336139 0.1198327 0.1627950 0.1443652 0.1497215 0.1181765 0.1343359 0.1456208 0.1762340 0.1572845 0.1670701 0.1477773 0.1676794 0.1821593 0.1351269 0.2383172 0.0436283 0.1272013 0.1154667 0.1505944 0.1323959 0.1339516 0.0000000 0.1180125 0.0198979 0.1197729 0.1245234 0.1162729 0.1208402 0.0241665 0.1304286 0.1216336 0.1224455 0.1329668 0.1262253 0.2150352 0.1306069 0.1641043 0.1180547 0.1188883 0.1942577 0.2832379 0.1481055 0.1338634 0.1660712 0.1506881 0.2129434 0.2002234 0.1403110 0.1281322 0.1438232 0.1663430 0.1190621 0.1214774 0.1213749 0.1465117 0.3068939 0.0689586 0.1199594 0.1295561 0.1798153 0.1180547 0.1644974 0.1362819 
Perityle_gracilis_11                       0.1000936 0.0900709 0.0891889 0.3070774 0.0849556 0.0706555 0.1896908 0.1750893 0.3466023 0.1105508 0.0927164 0.0559282 0.0022255 0.0244125 0.0146813 0.0619773 0.0229178 0.1960388 0.0915015 0.0125943 0.0215516 0.0059424 0.0890214 0.0394408 0.0584362 0.0033131 0.0290561 0.0809899 0.1045156 0.1046282 0.0946659 0.1106063 0.1170835 0.0898282 0.0264894 0.1105348 0.1300164 0.0132190 0.0862017 0.0675222 0.0260774 0.0289447 0.1180125 0.0000000 0.1042665 0.1867520 0.0125043 0.0022016 0.0049653 0.1001836 0.0278070 0.0116399 0.0037524 0.0290807 0.0162051 0.1389873 0.0642101 0.0488986 0.0038558 0.0044072 0.1218065 0.2311083 0.0302817 0.0547995 0.0977542 0.0409337 0.1515262 0.1380233 0.0187255 0.0213597 0.0383629 0.1105982 0.0044390 0.0042001 0.0057434 0.0043348 0.2362505 0.0591169 0.0068783 0.0494224 0.1258096 0.0038558 0.1114780 0.0309790 
Perityle_harkerae_31                       0.1475363 0.1283429 0.1467808 0.3447674 0.1249993 0.1610942 0.2334127 0.1966841 0.3983459 0.1521646 0.1276615 0.1185482 0.1027369 0.1165027 0.1064547 0.1320553 0.1100667 0.2469198 0.1032128 0.1083054 0.1037504 0.1024049 0.1473484 0.1207634 0.1265966 0.1037237 0.1161666 0.1179460 0.1452938 0.1468342 0.1549562 0.1417117 0.1484973 0.1729853 0.1106303 0.2000894 0.0460662 0.1023362 0.1024616 0.1334491 0.1182161 0.1220090 0.0198979 0.1042665 0.0000000 0.1995582 0.1104787 0.1028326 0.1041613 0.0166508 0.1189874 0.1064129 0.1041021 0.1145212 0.1123846 0.1672002 0.1117997 0.1351358 0.1034515 0.1041552 0.1569246 0.2238771 0.1221149 0.1148706 0.1434157 0.1294287 0.1972154 0.1922223 0.1162568 0.1132992 0.1199946 0.1536373 0.1034873 0.1046840 0.1056286 0.1162981 0.2830450 0.0791361 0.1038464 0.1164444 0.1486176 0.1034515 0.1548622 0.1017281 
