85
Amauria_brandeegeana_62                    0.0000000 0.1058718 0.0176990 0.2290055 0.2861857 0.0885141 0.2571894 0.3631090 0.1861459 0.0127776 0.3160125 0.3833938 0.2626744 0.3362577 0.0704516 0.1128664 0.2767420 0.2221637 0.3037740 0.3036971 0.2376874 0.2487921 0.2684574 0.3177679 0.2633324 0.2455814 0.0959496 0.3176859 0.3504743 0.2243622 0.2672237 0.2408974 0.3466657 0.0127739 0.3054602 0.1889222 0.3300442 0.2007438 0.3476818 0.1703463 0.3169510 0.3052598 0.0692127 0.2523960 0.2223187 0.3781009 0.3235348 0.3046387 0.3126205 0.3245276 0.2586810 0.2055540 0.2574650 0.1016888 0.2291125 0.3993308 0.2356193 0.0495137 0.2486742 0.3030108 0.3540908 0.3089404 0.4094671 0.2992709 0.3105167 0.3505075 0.2564955 0.2793845 0.3095285 0.2799541 0.3249052 0.3668326 0.2805944 0.2566810 0.2544618 0.3828210 0.3290893 0.3746852 0.3145812 0.3770067 0.3387836 0.3611901 0.3105149 0.2658387 0.1453798 
Amauria_carterae_99_mesa                   0.1058718 0.0000000 0.1053043 0.3089825 0.2663347 0.1376586 0.2698253 0.6268143 0.1700949 0.1053043 0.2557531 0.2346758 0.2880611 0.3006326 0.1278743 0.2907442 0.2663041 0.1553886 0.2777553 0.2890897 0.2889454 0.2792137 0.0000010 0.2744290 0.3035209 0.2716417 0.2471084 0.2404093 0.2522309 0.2686199 0.0000010 0.1504002 0.3112681 0.1053043 0.2681675 0.2280602 0.2625627 0.2592578 0.2471698 0.2911010 0.2771395 0.2887984 0.1124804 0.2596604 0.2580028 0.2481893 0.2746264 0.2378870 0.2521295 0.2630580 0.2730627 0.2374135 0.2886461 0.2186893 0.2936702 0.2982470 0.1388327 0.2497719 0.2645187 0.2378870 0.2585939 0.0000010 0.2187153 0.1096487 0.2731926 0.2522309 0.2584330 0.2648863 0.2654460 0.2660204 0.2754954 0.3624185 0.2805239 0.2529511 0.2734723 0.5174943 0.2865560 0.2745833 0.2890954 0.2655239 0.3965771 0.3227807 0.2753732 0.0515582 0.1268542 
Amauria_rotundifolia_SRR9119150            0.0176990 0.1053043 0.0000000 0.2241589 0.2817831 0.0962818 0.2520727 0.3654102 0.1810350 0.0143019 0.3091018 0.3729953 0.2553479 0.3240900 0.0685036 0.1123478 0.2745483 0.2165909 0.2984787 0.3045864 0.2290307 0.2415610 0.2627969 0.3113731 0.2530194 0.2385937 0.0955353 0.3136755 0.3493425 0.2255960 0.2773549 0.2408057 0.3377496 0.0142978 0.2991063 0.1822640 0.3238031 0.1941614 0.3518671 0.1696369 0.3105392 0.2988678 0.0753754 0.2453369 0.2189904 0.3766342 0.3169817 0.2981816 0.3112104 0.3146167 0.2537842 0.1989439 0.2503002 0.1012892 0.2220555 0.4066952 0.2272438 0.0367147 0.2416095 0.2967417 0.3556624 0.3130166 0.4232020 0.2973139 0.3041187 0.3493752 0.2516724 0.2721654 0.3032078 0.2810322 0.3205457 0.3593375 0.2723227 0.2521206 0.2473166 0.3751119 0.3211054 0.3704048 0.3076190 0.3694932 0.3428329 0.3495947 0.3075140 0.2694624 0.1475317 
Conoclinium_coelestinum_SRR9119114         0.2290055 0.3089825 0.2241589 0.0000000 0.3172516 0.2548193 0.2368069 0.3878304 0.3121073 0.2289485 0.3482124 0.3619442 0.3036619 0.3239947 0.2690590 0.1712883 0.3128882 0.3452110 0.3598854 0.3364754 0.3104498 0.3052561 0.2668571 0.3341438 0.3440169 0.3047073 0.1848047 0.3399742 0.3234342 0.3373970 0.2829710 0.3401196 0.3256559 0.2255903 0.3320644 0.2853849 0.3676018 0.2878728 0.3759060 0.2196723 0.3202592 0.3210314 0.2580352 0.3052040 0.3510387 0.3865577 0.3369052 0.3082907 0.3272042 0.3743014 0.3085387 0.2476990 0.3140564 0.2026092 0.3087340 0.3503251 0.2629514 0.1475902 0.3035360 0.3175261 0.3289588 0.3025179 0.3234518 0.3831775 0.3248813 0.3243447 0.3148688 0.3478686 0.3519877 0.3012786 0.3295303 0.3956656 0.3149464 0.3083766 0.3079989 0.3605918 0.3728340 0.3850407 0.3278362 0.3588252 0.3509102 0.3942492 0.3231112 0.3675120 0.2229305 
Eutetras_palmeri_63                        0.2861857 0.2663347 0.2817831 0.3172516 0.0000000 0.2436978 0.3110576 0.2426063 0.3002910 0.2835257 0.0539580 0.0678409 0.0700600 0.0650491 0.2937491 0.1970249 0.0752981 0.1929550 0.1686015 0.0529749 0.0611981 0.0758781 0.0461000 0.0520631 0.0961027 0.0695032 0.1788664 0.0610555 0.1419266 0.1755007 0.1837424 0.1838042 0.2375471 0.2833955 0.0535890 0.0694284 0.1455911 0.0667876 0.1646427 0.2588428 0.0562466 0.0594756 0.2943040 0.0700896 0.1439107 0.1594624 0.0530636 0.0524378 0.0534073 0.1487635 0.0733670 0.0629416 0.0733736 0.1840046 0.0799104 0.2043119 0.0476973 0.1973647 0.0715411 0.0524344 0.1610374 0.2044979 0.1938585 0.2013071 0.0541074 0.1439017 0.0753277 0.0545638 0.0529473 0.0805903 0.0551646 0.2962071 0.0715312 0.0744444 0.0702031 0.2065676 0.0649039 0.1607333 0.0537248 0.0757694 0.1887690 0.1863169 0.0589462 0.3128922 0.2873538 
Eutetras_pringlei_149_quer                 0.0885141 0.1376586 0.0962818 0.2548193 0.2436978 0.0000000 0.2501627 0.2745632 0.1777472 0.1041134 0.2437839 0.2483436 0.2436378 0.2437038 0.1092105 0.0000010 0.2346292 0.2228750 0.2421601 0.2383107 0.2346292 0.2530195 0.2152771 0.2424839 0.2576522 0.2414141 0.3290758 0.2494125 0.2547276 0.2200399 0.1831431 0.2283659 0.2008198 0.0958171 0.2429560 0.2470881 0.2261014 0.2359546 0.2430646 0.8430341 0.2430558 0.2476421 0.1124733 0.2346292 0.2243558 0.2430646 0.2377836 0.2473119 0.2517953 0.2319189 0.2482472 0.2434722 0.2397047 0.4679001 0.2310664 0.2792144 0.2457193 0.0000010 0.2530537 0.2472706 0.2765847 0.2278541 0.2649452 0.2161739 0.2433671 0.2498762 0.2337824 0.2470153 0.2403793 0.2341839 0.2430163 0.2450344 0.2397442 0.2436853 0.2343465 0.3686094 0.2426982 0.2445541 0.2386395 0.2399932 0.2788476 0.2746930 0.2544558 0.0969170 0.0838716 
Eutrochium_fistulosum_SRR9119106           0.2571894 0.2698253 0.2520727 0.2368069 0.3110576 0.2501627 0.0000000 0.3721603 0.3060479 0.2545447 0.3504400 0.3312342 0.2733179 0.3082686 0.2434404 0.1463673 0.2828225 0.3208359 0.3491154 0.3182661 0.2686011 0.2710398 0.2825679 0.3156923 0.3217131 0.2743236 0.1345854 0.3339480 0.3719385 0.3140395 0.3033980 0.3330182 0.3021410 0.2518518 0.3133601 0.2386811 0.3581407 0.2572434 0.3488943 0.1855890 0.3149001 0.3066309 0.2703872 0.2761665 0.3431624 0.3668474 0.3203466 0.3026069 0.3031714 0.3809769 0.2699095 0.2235946 0.2803501 0.1612830 0.2629125 0.4171295 0.2602860 0.0531523 0.2672573 0.3109442 0.3850046 0.3010625 0.3874093 0.3595665 0.3148786 0.3812594 0.2778073 0.3345992 0.3173382 0.2911503 0.3162672 0.3235342 0.2877660 0.2811516 0.2729746 0.3919895 0.3403669 0.3787746 0.3196663 0.3535357 0.4015541 0.4376764 0.3038892 0.3583443 0.2137160 
Galeana_pratensis_104_mex                  0.3631090 0.6268143 0.3654102 0.3878304 0.2426063 0.2745632 0.3721603 0.0000000 0.3884025 0.3769658 0.2424373 0.1994021 0.2729132 0.2482099 0.3150112 0.6737799 0.2656632 0.2429007 0.2255999 0.2693919 0.2630785 0.2601303 0.1483626 0.2717185 0.2599985 0.2728573 0.5794038 0.2552026 0.2084588 0.1833507 0.1339166 0.2581615 0.3039669 0.3700426 0.2654614 0.2953107 0.2357122 0.2741661 0.2300514 0.6245964 0.2414765 0.2449285 0.3353974 0.2695349 0.2350691 0.2329233 0.2549006 0.2566055 0.2530879 0.2396176 0.2784897 0.2532072 0.2783804 0.5837643 0.2623542 0.2064949 0.2052403 0.6889033 0.2662008 0.2533460 0.2116913 0.1484185 0.2131547 0.2675832 0.2601142 0.2094755 0.2775550 0.2606015 0.2499325 0.2656632 0.2531364 0.3807499 0.2642552 0.2695349 0.2627574 0.2965826 0.2474366 0.2408071 0.2305037 0.2535343 0.1476861 0.3121678 0.2839418 0.7887516 0.3386586 
Helianthus_annuus_SRR9119062               0.1861459 0.1700949 0.1810350 0.3121073 0.3002910 0.1777472 0.3060479 0.3884025 0.0000000 0.1858526 0.3366649 0.3906992 0.3214330 0.3346361 0.2269283 0.2431242 0.3351837 0.2353760 0.3575864 0.3377396 0.3297005 0.3158350 0.2494599 0.3469432 0.3091873 0.3062548 0.2444506 0.3298063 0.3239884 0.2778650 0.2668904 0.2743218 0.3857742 0.1857853 0.3250948 0.2897312 0.3445916 0.3056433 0.3332708 0.3027689 0.3429115 0.3318581 0.2230709 0.3156287 0.3140191 0.3440576 0.3381568 0.3180217 0.3209492 0.3715397 0.3259703 0.2968533 0.3206768 0.2416661 0.2964598 0.3709365 0.2453136 0.1734423 0.3133412 0.3348055 0.3321120 0.2948255 0.3618646 0.3402974 0.3416581 0.3289262 0.3296819 0.3286382 0.3181376 0.3410837 0.3486291 0.3763703 0.3520285 0.3186102 0.3228630 0.4464109 0.3575990 0.3629280 0.3480218 0.3994535 0.3316985 0.3533822 0.3321856 0.2493082 0.2613824 
Lycapsus_tenuifolius_17                    0.0127776 0.1053043 0.0143019 0.2289485 0.2835257 0.1041134 0.2545447 0.3769658 0.1858526 0.0000000 0.3281824 0.3964094 0.2700564 0.3293826 0.0743211 0.1123478 0.2849317 0.2189983 0.3011613 0.3160478 0.2329025 0.2564904 0.2770195 0.3279320 0.2581201 0.2531160 0.0955353 0.3295337 0.3635515 0.2244371 0.2751547 0.2408350 0.3457803 0.0031380 0.3156670 0.1866747 0.3297906 0.1985196 0.3515524 0.1696369 0.3268224 0.3155354 0.0798996 0.2598050 0.2247688 0.3851717 0.3333820 0.3146471 0.3223469 0.3328932 0.2662988 0.2033194 0.2651244 0.1012892 0.2287247 0.4147837 0.2357009 0.0367147 0.2561993 0.3127903 0.3541564 0.3172086 0.4288096 0.3034010 0.3206033 0.3635855 0.2643879 0.2769887 0.3216921 0.2954924 0.3346496 0.3605076 0.2883525 0.2667577 0.2621865 0.3958560 0.3226033 0.3792710 0.3246698 0.3863055 0.3463457 0.3656895 0.3242909 0.2650070 0.1519367 
Pericome_caudata_50_silver                 0.3160125 0.2557531 0.3091018 0.3482124 0.0539580 0.2437839 0.3504400 0.2424373 0.3366649 0.3281824 0.0000000 0.1016747 0.1180414 0.0807440 0.3353922 0.3481871 0.1428842 0.2246680 0.1763097 0.0712643 0.1138788 0.1236995 0.0604538 0.0788990 0.1199401 0.1161337 0.3395996 0.0858503 0.1810670 0.1827913 0.1907203 0.2302023 0.2861237 0.3162887 0.0690006 0.1251669 0.1663809 0.1190738 0.1773279 0.3675473 0.0774267 0.0791708 0.3570711 0.1174671 0.1741222 0.1932125 0.0737781 0.0731302 0.0741705 0.1787923 0.1197532 0.1261090 0.1239760 0.3425364 0.1353793 0.2597417 0.0713265 0.1973647 0.1181077 0.0952259 0.1970865 0.2019095 0.2540797 0.2413407 0.0756971 0.1829868 0.1245262 0.0858634 0.0571118 0.1532213 0.0745284 0.3086842 0.1211189 0.1221822 0.1187857 0.2301741 0.0668734 0.1922652 0.0795803 0.1245527 0.1899375 0.2179332 0.0795563 0.4203408 0.3279160 
Perityle_aglossa_84_dead_horse             0.3833938 0.2346758 0.3729953 0.3619442 0.0678409 0.2483436 0.3312342 0.1994021 0.3906992 0.3964094 0.1016747 0.0000000 0.0462238 0.0227063 0.3718951 1.1043797 0.0939107 0.1930986 0.1771297 0.0603357 0.0562097 0.0541870 0.0274884 0.0454818 0.0735941 0.0505724 1.2329763 0.0814178 0.1936617 0.1861243 0.1699585 0.2174529 0.3232310 0.3801653 0.0591849 0.0753958 0.1992060 0.0526365 0.2215620 0.6438045 0.0451690 0.0474253 0.3888900 0.0512452 0.2100901 0.2112615 0.0524060 0.0503010 0.0468166 0.2048358 0.0432543 0.0468812 0.0454312 0.6163334 0.0772425 0.3108597 0.0376560 0.0000010 0.0492519 0.0413360 0.2173206 0.1925482 0.3013987 0.1352352 0.0339285 0.1962848 0.0746554 0.1043171 0.0735981 0.0937365 0.0453171 0.2998156 0.0506457 0.0582693 0.0522179 0.1879159 0.0799154 0.2100373 0.0453287 0.0271834 0.2001994 0.1541135 0.0756656 0.4609454 0.3891682 
Perityle_ajoensis_204                      0.2626744 0.2880611 0.2553479 0.3036619 0.0700600 0.2436378 0.2733179 0.2729132 0.3214330 0.2700564 0.1180414 0.0462238 0.0000000 0.0477389 0.2295163 0.0822086 0.0632512 0.2212458 0.2013281 0.0639732 0.0249203 0.0119943 0.0247373 0.0723908 0.1019021 0.0109957 0.0744444 0.0885903 0.2348254 0.1784877 0.1927294 0.2139305 0.3107330 0.2591502 0.0604001 0.0489507 0.2084041 0.0310749 0.2169856 0.1125963 0.0677839 0.0521079 0.2598923 0.0169725 0.2128498 0.2395274 0.0695489 0.0339894 0.0421029 0.2179415 0.0248047 0.0264025 0.0195806 0.0856479 0.0563761 0.3263614 0.0411772 0.0761283 0.0101907 0.0483445 0.2565311 0.2111374 0.3176261 0.2131248 0.0635549 0.2369002 0.0541723 0.1273078 0.0842958 0.0764980 0.0720909 0.3110890 0.0113955 0.0222271 0.0336485 0.1617802 0.0776814 0.2384371 0.0722656 0.0976990 0.2462757 0.1973742 0.0717925 0.3485494 0.2666280 
Perityle_ambrosiifolia_67_green            0.3362577 0.3006326 0.3240900 0.3239947 0.0650491 0.2437038 0.3082686 0.2482099 0.3346361 0.3293826 0.0807440 0.0227063 0.0477389 0.0000000 0.3150060 0.2962314 0.0854328 0.2191964 0.1792244 0.0467077 0.0543829 0.0530835 0.0309401 0.0386085 0.0569342 0.0484394 0.2609660 0.0625676 0.1691708 0.1732473 0.1828559 0.2134241 0.2486442 0.3257012 0.0480405 0.0705039 0.1790596 0.0518478 0.1984864 0.3265236 0.0175919 0.0235977 0.3329137 0.0520829 0.1779148 0.1890805 0.0416322 0.0340559 0.0330013 0.1817521 0.0470483 0.0465524 0.0470181 0.2544084 0.0768005 0.2693454 0.0463943 0.2423312 0.0474647 0.0310177 0.1910671 0.2057452 0.2606894 0.1667475 0.0345277 0.1697305 0.0727230 0.0806275 0.0777715 0.0769787 0.0354907 0.2778692 0.0477391 0.0582800 0.0470848 0.2027111 0.0803618 0.1832663 0.0400694 0.0315160 0.2111003 0.1371211 0.0611522 0.4054044 0.3346520 
Perityle_angustifolia_13_Eagle_creek       0.0704516 0.1278743 0.0685036 0.2690590 0.2937491 0.1092105 0.2434404 0.3150112 0.2269283 0.0743211 0.3353922 0.3718951 0.2295163 0.3150060 0.0000000 0.0542687 0.2010710 0.2319021 0.2975575 0.3056515 0.2206572 0.2185829 0.2567588 0.3248767 0.2791210 0.2190531 0.0475837 0.3183819 0.3320297 0.2351529 0.2165161 0.2595115 0.3552579 0.0742947 0.3038152 0.1802663 0.3074910 0.1835002 0.3203065 0.1066484 0.3222252 0.2979962 0.0717948 0.2180221 0.2715753 0.3628757 0.3231700 0.3001141 0.3058320 0.3504385 0.2261123 0.1965142 0.2271886 0.0603671 0.1753260 0.3851045 0.2848858 0.0241424 0.2186772 0.3206696 0.3543512 0.2771936 0.3807695 0.3147975 0.3093599 0.3315487 0.2148517 0.3322392 0.3121707 0.2201643 0.3261969 0.3465536 0.2479852 0.2237568 0.2051149 0.3540607 0.3373086 0.3721588 0.3288788 0.3906754 0.3346128 0.3935683 0.3088744 0.2428363 0.1807124 
Perityle_batopilensis_97                   0.1128664 0.2907442 0.1123478 0.1712883 0.1970249 0.0000010 0.1463673 0.6737799 0.2431242 0.1123478 0.3481871 1.1043797 0.0822086 0.2962314 0.0542687 0.0000000 0.0379347 0.2953525 0.4174134 0.2888573 0.0773039 0.0597570 0.0000010 0.3353420 0.2878704 0.0728924 0.0463279 0.3145351 0.4238728 0.0000010 0.0000010 0.3041795 0.4610447 0.1123478 0.2464037 0.0598929 0.3477690 0.0552265 0.2967476 0.0123600 0.3542050 0.2560580 0.1186798 0.0729665 0.3930396 0.4506141 0.3466449 0.2156911 0.2824227 0.3916276 0.0775385 0.0777337 0.0825178 0.0463279 0.0690214 0.4402799 0.0000010 0.0546897 0.0802418 0.3297679 0.4396751 0.0000010 0.4324518 0.6204525 0.3097754 0.4301709 0.0420358 0.3804114 0.2652957 0.1163523 0.3576852 0.3476998 0.1138610 0.0694948 0.0254276 0.0641861 0.4784056 0.4617520 0.3528088 0.5632808 0.5593888 0.4581916 0.2557082 0.2922626 0.1819134 
Perityle_bisetosa_9                        0.2767420 0.2663041 0.2745483 0.3128882 0.0752981 0.2346292 0.2828225 0.2656632 0.3351837 0.2849317 0.1428842 0.0939107 0.0632512 0.0854328 0.2010710 0.0379347 0.0000000 0.2114976 0.1994148 0.0795225 0.0135175 0.0636217 0.0067494 0.1062344 0.1035468 0.0610416 0.0280321 0.1197556 0.2740295 0.1898000 0.1965920 0.2062915 0.3349508 0.2762737 0.1021084 0.0472107 0.2339732 0.0230816 0.2470369 0.0720240 0.1095901 0.0952092 0.2775552 0.0569857 0.2160384 0.2660209 0.0994546 0.0835854 0.0922811 0.2467976 0.0670359 0.0370773 0.0670334 0.0508472 0.0380959 0.3516159 0.0423650 0.0208841 0.0631295 0.0995494 0.2779196 0.2111656 0.3227299 0.2051706 0.1027201 0.2762722 0.0687483 0.1260392 0.1129694 0.0554813 0.1078889 0.3161898 0.0672139 0.0607787 0.0525617 0.1701975 0.0888971 0.2634372 0.1093985 0.1345270 0.2399863 0.2448510 0.1057516 0.3553149 0.2612424 
Perityle_californica_76_positas            0.2221637 0.1553886 0.2165909 0.3452110 0.1929550 0.2228750 0.3208359 0.2429007 0.2353760 0.2189983 0.2246680 0.1930986 0.2212458 0.2191964 0.2319021 0.2953525 0.2114976 0.0000000 0.1925329 0.2153479 0.2110670 0.2177625 0.1625746 0.2354165 0.2573892 0.2214898 0.2832976 0.2267394 0.2198826 0.1636393 0.1531896 0.0749584 0.3142071 0.2157834 0.2196401 0.2121770 0.2025113 0.2177412 0.2038544 0.3268274 0.2340542 0.2101434 0.2222952 0.2143689 0.2128932 0.2250947 0.2367499 0.2022905 0.2184449 0.2262853 0.2202914 0.2054478 0.2292715 0.3058983 0.2251555 0.2198581 0.1812744 0.2889781 0.2146700 0.2311985 0.2294587 0.1592515 0.2242792 0.3536727 0.2335723 0.2201308 0.2259415 0.2365980 0.2072435 0.2288649 0.2321184 0.3452270 0.2265924 0.2142984 0.2179851 0.2837786 0.2133219 0.2241811 0.2326192 0.2645629 0.2190450 0.3739929 0.2223427 0.1070753 0.2191703 
Perityle_canescens_77                      0.3037740 0.2777553 0.2984787 0.3598854 0.1686015 0.2421601 0.3491154 0.2255999 0.3575864 0.3011613 0.1763097 0.1771297 0.2013281 0.1792244 0.2975575 0.4174134 0.1994148 0.1925329 0.0000000 0.1880675 0.1994771 0.1984431 0.1598883 0.1906257 0.2371331 0.2004680 0.3820406 0.1926924 0.0973090 0.1257912 0.0969018 0.1877651 0.2400372 0.2964843 0.1930714 0.2078031 0.0776894 0.2079160 0.0739913 0.4882372 0.1761925 0.1766633 0.3049233 0.1984127 0.0859153 0.0687980 0.1819542 0.1826353 0.1809451 0.0829132 0.1976513 0.1984954 0.2049275 0.3958552 0.2139831 0.1512860 0.1845140 0.3820406 0.1940324 0.1827950 0.1092311 0.0623442 0.1374244 0.2648051 0.1787976 0.0956638 0.1966258 0.1985105 0.1821103 0.2107320 0.1867762 0.3234716 0.2000720 0.2061763 0.1988822 0.3335498 0.2029223 0.0644731 0.1824052 0.1835794 0.1136169 0.2975774 0.1988868 0.3063532 0.2970319 
Perityle_castillonii_96                    0.3036971 0.2890897 0.3045864 0.3364754 0.0529749 0.2383107 0.3182661 0.2693919 0.3377396 0.3160478 0.0712643 0.0603357 0.0639732 0.0467077 0.3056515 0.2888573 0.0795225 0.2153479 0.1880675 0.0000000 0.0415732 0.0683557 0.0101535 0.0354375 0.0903190 0.0635699 0.2658061 0.0563133 0.1720618 0.1900612 0.1999649 0.2068645 0.2749083 0.3041319 0.0408855 0.0861795 0.1729843 0.0592082 0.1849510 0.3210212 0.0355889 0.0386599 0.3258010 0.0592020 0.1755807 0.1806382 0.0270586 0.0317203 0.0312308 0.1731626 0.0709823 0.0758610 0.0689978 0.2735569 0.0746490 0.2600942 0.0519172 0.2090062 0.0618791 0.0353890 0.1828700 0.2222678 0.2463325 0.1987211 0.0353910 0.1739702 0.0836769 0.0846582 0.0726536 0.0788230 0.0372281 0.3031063 0.0630477 0.0641157 0.0611081 0.1914729 0.0774670 0.1867229 0.0376788 0.0710077 0.2217982 0.1712869 0.0516788 0.3729974 0.3165511 
Perityle_cernua_84                         0.2376874 0.2889454 0.2290307 0.3104498 0.0611981 0.2346292 0.2686011 0.2630785 0.3297005 0.2329025 0.1138788 0.0562097 0.0249203 0.0543829 0.2206572 0.0773039 0.0135175 0.2110670 0.1994771 0.0415732 0.0000000 0.0288876 0.0067494 0.0723735 0.1041692 0.0257104 0.0637966 0.0865670 0.2405453 0.1895570 0.1965920 0.2026090 0.2954083 0.2328052 0.0629753 0.0504828 0.2044204 0.0236506 0.2077908 0.1113987 0.0746829 0.0570359 0.2297997 0.0208935 0.2187590 0.2355501 0.0652543 0.0474221 0.0569007 0.2156958 0.0292651 0.0266922 0.0292539 0.0771756 0.0336653 0.3107989 0.0423650 0.0575908 0.0267730 0.0657108 0.2597667 0.2111656 0.2885372 0.2134176 0.0671325 0.2425932 0.0481071 0.1261601 0.0769704 0.0366349 0.0731660 0.3143205 0.0277196 0.0246803 0.0301499 0.1456182 0.0790552 0.2383396 0.0774075 0.0984696 0.2453695 0.2205565 0.0705757 0.3230152 0.2650646 
Perityle_cfvillosa_25_tin                  0.2487921 0.2792137 0.2415610 0.3052561 0.0758781 0.2530195 0.2710398 0.2601303 0.3158350 0.2564904 0.1236995 0.0541870 0.0119943 0.0530835 0.2185829 0.0597570 0.0636217 0.2177625 0.1984431 0.0683557 0.0288876 0.0000000 0.0273921 0.0767600 0.1037885 0.0136320 0.0569930 0.0911106 0.2340030 0.1803800 0.1862156 0.2118125 0.3148370 0.2454152 0.0639728 0.0522869 0.2074206 0.0302114 0.2172772 0.0920364 0.0737862 0.0571991 0.2449356 0.0196613 0.2169708 0.2400540 0.0736988 0.0390912 0.0433391 0.2228410 0.0275819 0.0287528 0.0267002 0.0697504 0.0578245 0.3249565 0.0454304 0.0420927 0.0119720 0.0534087 0.2545187 0.2036784 0.3160872 0.2177909 0.0678410 0.2361031 0.0553355 0.1305456 0.0872179 0.0760096 0.0783270 0.3053795 0.0186293 0.0249748 0.0356317 0.1661998 0.0823549 0.2390942 0.0769889 0.1023789 0.2342105 0.2009214 0.0774523 0.3395166 0.2617974 
Perityle_cinerea_113_Powell1310            0.2684574 0.0000010 0.2627969 0.2668571 0.0461000 0.2152771 0.2825679 0.1483626 0.2494599 0.2770195 0.0604538 0.0274884 0.0247373 0.0309401 0.2567588 0.0000010 0.0067494 0.1625746 0.1598883 0.0101535 0.0067494 0.0273921 0.0000000 0.0379432 0.0273904 0.0310498 0.0000010 0.0453649 0.1557208 0.1784795 0.1750869 0.1600059 0.1504025 0.2685848 0.0451527 0.0473812 0.1794509 0.0101790 0.1743322 0.4978284 0.0308828 0.0308828 0.2598636 0.0204757 0.1802804 0.1785921 0.0273374 0.0239015 0.0239015 0.1754844 0.0343977 0.0239282 0.0310318 0.2383740 0.0101567 0.1707496 0.0452087 0.0000010 0.0239889 0.0204757 0.1664826 0.1830122 0.1719934 0.0382344 0.0311911 0.1562079 0.0416388 0.0667222 0.0634105 0.0067494 0.0344101 0.2533997 0.0204757 0.0239015 0.0345002 0.0239015 0.0705965 0.1783710 0.0308672 0.0346213 0.1690436 0.0204757 0.0473812 0.0000010 0.2454897 
Perityle_coahuilensis_24                   0.3177679 0.2744290 0.3113731 0.3341438 0.0520631 0.2424839 0.3156923 0.2717185 0.3469432 0.3279320 0.0788990 0.0454818 0.0723908 0.0386085 0.3248767 0.3353420 0.1062344 0.2354165 0.1906257 0.0354375 0.0723735 0.0767600 0.0379432 0.0000000 0.0837015 0.0729140 0.3051249 0.0616522 0.1840681 0.1909038 0.2062166 0.2335392 0.2897309 0.3158656 0.0310925 0.0928405 0.1749714 0.0778103 0.1907299 0.3567318 0.0307734 0.0302822 0.3572184 0.0685704 0.1848789 0.2002627 0.0280322 0.0280229 0.0306380 0.1884665 0.0589208 0.0799105 0.0714441 0.3068122 0.1035555 0.2684884 0.0479957 0.1738759 0.0713342 0.0496512 0.1928791 0.2217240 0.2577904 0.2181451 0.0246680 0.1859452 0.0954751 0.0958353 0.0718670 0.1108401 0.0270635 0.3077704 0.0717181 0.0743372 0.0725455 0.1893989 0.0790721 0.1984706 0.0273556 0.0744513 0.2177620 0.1809651 0.0519075 0.3942612 0.3268316 
Perityle_cochisensis_44_cave_creek         0.2633324 0.3035209 0.2530194 0.3440169 0.0961027 0.2576522 0.3217131 0.2599985 0.3091873 0.2581201 0.1199401 0.0735941 0.1019021 0.0569342 0.2791210 0.2878704 0.1035468 0.2573892 0.2371331 0.0903190 0.1041692 0.1037885 0.0273904 0.0837015 0.0000000 0.1010932 0.2896920 0.0992136 0.2139536 0.2308070 0.2033059 0.2580659 0.2391745 0.2579965 0.0978998 0.1127399 0.2221271 0.1002909 0.2317930 0.3116380 0.0780781 0.0805423 0.2779107 0.1061961 0.2242648 0.2259306 0.0837050 0.0803141 0.0779674 0.2090864 0.1027671 0.0684263 0.1039032 0.2804252 0.1113203 0.2549177 0.0461236 0.2418237 0.1001081 0.0748983 0.2372446 0.2149455 0.2378355 0.1889751 0.0814299 0.2161396 0.1212172 0.1265202 0.1158571 0.1059030 0.0844415 0.3204927 0.1045844 0.1096565 0.0994139 0.1779965 0.1237970 0.2258015 0.0880964 0.1069669 0.3106677 0.1393164 0.1058490 0.3336169 0.2841136 
Perityle_congesta_202                      0.2455814 0.2716417 0.2385937 0.3047073 0.0695032 0.2414141 0.2743236 0.2728573 0.3062548 0.2531160 0.1161337 0.0505724 0.0109957 0.0484394 0.2190531 0.0728924 0.0610416 0.2214898 0.2004680 0.0635699 0.0257104 0.0136320 0.0310498 0.0729140 0.1010932 0.0000000 0.0610550 0.0879527 0.2306905 0.1816281 0.1972757 0.2119910 0.3118549 0.2423415 0.0610449 0.0485879 0.2076736 0.0289312 0.2175530 0.1039720 0.0692525 0.0537110 0.2468481 0.0160144 0.2134203 0.2401262 0.0691224 0.0356895 0.0455779 0.2199273 0.0246529 0.0239527 0.0229267 0.0734111 0.0549885 0.3218047 0.0425262 0.0526011 0.0101244 0.0489710 0.2521857 0.2159054 0.3133831 0.2208913 0.0641283 0.2327498 0.0538029 0.1261733 0.0835821 0.0720266 0.0735317 0.3068039 0.0148616 0.0212261 0.0343303 0.1564302 0.0809577 0.2404209 0.0737489 0.0950917 0.2342935 0.1982718 0.0734025 0.3352217 0.2547750 
Perityle_cordifolia_27                     0.0959496 0.2471084 0.0955353 0.1848047 0.1788664 0.3290758 0.1345854 0.5794038 0.2444506 0.0955353 0.3395996 1.2329763 0.0744444 0.2609660 0.0475837 0.0463279 0.0280321 0.2832976 0.3820406 0.2658061 0.0637966 0.0569930 0.0000010 0.3051249 0.2896920 0.0610550 0.0000000 0.2789145 0.3980232 0.0000010 0.0000010 0.2861868 0.4467019 0.0955353 0.2266428 0.0319225 0.3230864 0.0443810 0.2750777 0.0419407 0.3066494 0.2246683 0.1087298 0.0611133 0.3588353 0.4214361 0.3151520 0.2062593 0.2617866 0.3904604 0.0654124 0.0699392 0.0700395 0.0077846 0.0660615 0.4342828 0.0000010 0.0206657 0.0675765 0.3050016 0.4040115 0.0000010 0.4123601 0.5999382 0.2799556 0.4039148 0.0038855 0.3695606 0.2292749 0.1017237 0.3172267 0.3409754 0.0910399 0.0576851 0.0243631 0.0539306 0.6048964 0.4397413 0.3208269 0.5434370 0.4988715 0.4454197 0.2329700 0.2614782 0.1632296 
Perityle_cordifolia_68_tecolote            0.3176859 0.2404093 0.3136755 0.3399742 0.0610555 0.2494125 0.3339480 0.2552026 0.3298063 0.3295337 0.0858503 0.0814178 0.0885903 0.0625676 0.3183819 0.3145351 0.1197556 0.2267394 0.1926924 0.0563133 0.0865670 0.0911106 0.0453649 0.0616522 0.0992136 0.0879527 0.2789145 0.0000000 0.1810057 0.1990197 0.2117837 0.2219728 0.3078729 0.3204188 0.0470636 0.1026216 0.1792424 0.0922833 0.1925007 0.3314353 0.0604103 0.0578198 0.3407052 0.0894654 0.1740815 0.1991841 0.0549495 0.0496083 0.0515423 0.1840167 0.0934959 0.0982375 0.0914658 0.2904100 0.1059714 0.2618731 0.0071884 0.1040816 0.0868655 0.0653134 0.1982524 0.2027366 0.2577781 0.2078050 0.0535660 0.1829095 0.1012814 0.1027924 0.0735775 0.1271639 0.0584634 0.3038438 0.0894906 0.0938308 0.0866846 0.2087351 0.0860912 0.1937746 0.0575417 0.1094966 0.1910711 0.2027869 0.0608575 0.3803294 0.3265131 
Perityle_coronopifolia_28_patagonia        0.3504743 0.2522309 0.3493425 0.3234342 0.1419266 0.2547276 0.3719385 0.2084588 0.3239884 0.3635515 0.1810670 0.1936617 0.2348254 0.1691708 0.3320297 0.4238728 0.2740295 0.2198826 0.0973090 0.1720618 0.2405453 0.2340030 0.1557208 0.1840681 0.2139536 0.2306905 0.3980232 0.1810057 0.0000000 0.1225351 0.0896412 0.2175804 0.2735029 0.3478518 0.1521164 0.2318440 0.0964466 0.2447446 0.1113154 0.4468248 0.1698482 0.1520496 0.3844777 0.2330433 0.1129867 0.1150784 0.1830991 0.1543056 0.1675648 0.1283104 0.2325439 0.2349710 0.2335066 0.4053967 0.2605417 0.1138243 0.1795101 0.2617318 0.2282098 0.1985592 0.0340440 0.1033544 0.1230185 0.3490479 0.1703838 0.0055838 0.2455064 0.1857193 0.1681871 0.2724148 0.1782589 0.2789996 0.2424415 0.2362136 0.2232807 0.3445514 0.1899501 0.1229532 0.1779376 0.2459550 0.0406289 0.2635166 0.1660851 0.3808508 0.3229955 
Perityle_crassifolia_70_ventanas           0.2243622 0.2686199 0.2255960 0.3373970 0.1755007 0.2200399 0.3140395 0.1833507 0.2778650 0.2244371 0.1827913 0.1861243 0.1784877 0.1732473 0.2351529 0.0000010 0.1898000 0.1636393 0.1257912 0.1900612 0.1895570 0.1803800 0.1784795 0.1909038 0.2308070 0.1816281 0.0000010 0.1990197 0.1225351 0.0000000 0.0023770 0.1866845 0.2243196 0.2195441 0.1939691 0.2005056 0.1169916 0.1892378 0.1402006 0.6885451 0.1749891 0.1749245 0.2203437 0.1883203 0.1051897 0.1333415 0.1913450 0.1879027 0.1808013 0.1132164 0.1821851 0.1856302 0.1838979 0.4098526 0.1926455 0.1289830 0.1995125 0.0000010 0.1808825 0.1827735 0.1310379 0.1094192 0.1102087 0.2601542 0.1870531 0.1202045 0.1941085 0.1916517 0.1865885 0.1915817 0.1847158 0.2676815 0.1864268 0.1881163 0.1882398 0.3104519 0.1921415 0.1141072 0.1763376 0.1888539 0.1050589 0.3241796 0.1986720 0.2643129 0.2169540 
Perityle_crassifolia_74_playa_balandra     0.2672237 0.0000010 0.2773549 0.2829710 0.1837424 0.1831431 0.3033980 0.1339166 0.2668904 0.2751547 0.1907203 0.1699585 0.1927294 0.1828559 0.2165161 0.0000010 0.1965920 0.1531896 0.0969018 0.1999649 0.1965920 0.1862156 0.1750869 0.2062166 0.2033059 0.1972757 0.0000010 0.2117837 0.0896412 0.0023770 0.0000000 0.1697886 0.1887803 0.2673424 0.2084393 0.2108673 0.0944441 0.2045051 0.0968229 0.7539128 0.1830507 0.1830507 0.2540259 0.1940231 0.0941643 0.0938064 0.2000397 0.1998388 0.1932985 0.0911962 0.1998663 0.1917033 0.1948040 0.7948816 0.2030544 0.0810929 0.1973465 0.0000010 0.1934559 0.1967507 0.0933776 0.1093164 0.0899000 0.2016558 0.1883825 0.0855637 0.2017167 0.1784930 0.1730087 0.1998798 0.1909046 0.3034986 0.1940231 0.1968363 0.1972747 0.1987982 0.1791058 0.0968577 0.1695965 0.1951986 0.0909702 0.2592188 0.2108673 0.0000010 0.2236936 
Perityle_cuneata_34_cuneata_San_antonio    0.2408974 0.1504002 0.2408057 0.3401196 0.1838042 0.2283659 0.3330182 0.2581615 0.2743218 0.2408350 0.2302023 0.2174529 0.2139305 0.2134241 0.2595115 0.3041795 0.2062915 0.0749584 0.1877651 0.2068645 0.2026090 0.2118125 0.1600059 0.2335392 0.2580659 0.2119910 0.2861868 0.2219728 0.2175804 0.1866845 0.1697886 0.0000000 0.3310587 0.2378428 0.2084894 0.2140648 0.2069568 0.2074116 0.2048140 0.3313744 0.2293231 0.2037946 0.2428551 0.2077602 0.2135325 0.2356738 0.2309400 0.1912337 0.2088113 0.2348049 0.2119012 0.2203013 0.2189401 0.2968396 0.2133915 0.2393167 0.1764440 0.2710108 0.2067706 0.2210409 0.2265269 0.1633315 0.2205928 0.3427176 0.2245212 0.2193974 0.2156233 0.2394868 0.2025469 0.2192736 0.2274556 0.3502585 0.2184011 0.2111360 0.2071546 0.3062923 0.2107366 0.2321195 0.2298744 0.2642468 0.1754054 0.3717142 0.2117811 0.1432927 0.2385870 
Perityle_cuneata_4                         0.3466657 0.3112681 0.3377496 0.3256559 0.2375471 0.2008198 0.3021410 0.3039669 0.3857742 0.3457803 0.2861237 0.3232310 0.3107330 0.2486442 0.3552579 0.4610447 0.3349508 0.3142071 0.2400372 0.2749083 0.2954083 0.3148370 0.1504025 0.2897309 0.2391745 0.3118549 0.4467019 0.3078729 0.2735029 0.2243196 0.1887803 0.3310587 0.0000000 0.3423090 0.2715465 0.2917610 0.2640720 0.2869074 0.2663877 0.4744960 0.2790436 0.2695682 0.3899805 0.3166350 0.2479610 0.3128748 0.2793126 0.2588177 0.2761036 0.2773438 0.3165553 0.2811554 0.3215586 0.4187581 0.3147963 0.3228752 0.1876398 0.2100089 0.3077894 0.2975497 0.2649988 0.1965961 0.3189962 0.3822735 0.2867229 0.2774129 0.3223830 0.2786894 0.2756848 0.3380020 0.2853725 0.1692297 0.3250661 0.3148166 0.3185863 0.3943109 0.2730084 0.3147262 0.2896157 0.3383964 0.1981979 0.3945034 0.2746178 0.4532195 0.3288688 
Perityle_discoidea_81                      0.0127739 0.1053043 0.0142978 0.2255903 0.2833955 0.0958171 0.2518518 0.3700426 0.1857853 0.0031380 0.3162887 0.3801653 0.2591502 0.3257012 0.0742947 0.1123478 0.2762737 0.2157834 0.2964843 0.3041319 0.2328052 0.2454152 0.2685848 0.3158656 0.2579965 0.2423415 0.0955353 0.3204188 0.3478518 0.2195441 0.2673424 0.2378428 0.3423090 0.0000000 0.3036794 0.1865976 0.3296436 0.1984385 0.3422017 0.1696369 0.3119896 0.3003778 0.0771653 0.2490732 0.2215324 0.3695043 0.3215344 0.3024564 0.3103558 0.3203712 0.2555436 0.2032360 0.2543329 0.1012892 0.2260185 0.4052794 0.2304010 0.0367147 0.2453758 0.3009075 0.3505267 0.3089780 0.4188895 0.3032131 0.3086776 0.3478843 0.2533886 0.2768635 0.3079267 0.2806606 0.3229040 0.3556389 0.2764740 0.2559032 0.2513580 0.3866221 0.3224027 0.3661833 0.3126771 0.3742317 0.3388860 0.3541047 0.3121585 0.2650070 0.1518767 
Perityle_dissecta_201                      0.3054602 0.2681675 0.2991063 0.3320644 0.0535890 0.2429560 0.3133601 0.2654614 0.3250948 0.3156670 0.0690006 0.0591849 0.0604001 0.0480405 0.3038152 0.2464037 0.1021084 0.2196401 0.1930714 0.0408855 0.0629753 0.0639728 0.0451527 0.0310925 0.0978998 0.0610449 0.2266428 0.0470636 0.1521164 0.1939691 0.2084393 0.2084894 0.2715465 0.3036794 0.0000000 0.0789238 0.1728307 0.0700181 0.1864238 0.2851283 0.0342010 0.0373155 0.3201995 0.0584732 0.1744394 0.1814198 0.0330055 0.0319121 0.0335583 0.1748273 0.0627269 0.0694146 0.0626702 0.2336931 0.0961338 0.2377870 0.0445209 0.1610580 0.0602800 0.0319069 0.1650382 0.2072371 0.2294750 0.1965277 0.0310238 0.1539479 0.0793534 0.0793957 0.0618969 0.1021884 0.0329826 0.2994742 0.0592821 0.0626540 0.0659599 0.2143305 0.0734030 0.1787554 0.0344651 0.0679559 0.1927972 0.1467907 0.0491472 0.3420252 0.3009057 
Perityle_emoryi_47_punta_san_jose          0.1889222 0.2280602 0.1822640 0.2853849 0.0694284 0.2470881 0.2386811 0.2953107 0.2897312 0.1866747 0.1251669 0.0753958 0.0489507 0.0705039 0.1802663 0.0598929 0.0472107 0.2121770 0.2078031 0.0861795 0.0504828 0.0522869 0.0473812 0.0928405 0.1127399 0.0485879 0.0319225 0.1026216 0.2318440 0.2005056 0.2108673 0.2140648 0.2917610 0.1865976 0.0789238 0.0000000 0.2082710 0.0529442 0.2099565 0.0961245 0.0931942 0.0760919 0.1924618 0.0472676 0.2225643 0.2377905 0.0940280 0.0694708 0.0798815 0.2198209 0.0503079 0.0520523 0.0544520 0.0542135 0.0615085 0.2845238 0.0650633 0.0424085 0.0498966 0.0859439 0.2477247 0.2201486 0.2642115 0.2158126 0.0885092 0.2339917 0.0471046 0.1329142 0.0834203 0.0638388 0.0967775 0.3157638 0.0551188 0.0515380 0.0494532 0.1578687 0.0863059 0.2388609 0.0928419 0.1261637 0.2367186 0.2326848 0.0319932 0.2509077 0.2346668 
Perityle_feddemae_99                       0.3300442 0.2625627 0.3238031 0.3676018 0.1455911 0.2261014 0.3581407 0.2357122 0.3445916 0.3297906 0.1663809 0.1992060 0.2084041 0.1790596 0.3074910 0.3477690 0.2339732 0.2025113 0.0776894 0.1729843 0.2044204 0.2074206 0.1794509 0.1749714 0.2221271 0.2076736 0.3230864 0.1792424 0.0964466 0.1169916 0.0944441 0.2069568 0.2640720 0.3296436 0.1728307 0.2082710 0.0000000 0.2053108 0.0922631 0.3957438 0.1710729 0.1687074 0.3404091 0.2048112 0.0424986 0.0852138 0.1697209 0.1706399 0.1746948 0.0405657 0.2075724 0.2090585 0.2113779 0.3368924 0.2269526 0.1564708 0.1913635 0.2474140 0.2024073 0.1716060 0.1026855 0.0735682 0.1501060 0.3271325 0.1706864 0.0964685 0.2086877 0.1845254 0.1732912 0.2331828 0.1699826 0.3192788 0.2138995 0.2113892 0.2024209 0.3220606 0.2012010 0.0942465 0.1699332 0.2157903 0.1093164 0.2972870 0.1755916 0.3316705 0.2976662 
Perityle_fosteri_93                        0.2007438 0.2592578 0.1941614 0.2878728 0.0667876 0.2359546 0.2572434 0.2741661 0.3056433 0.1985196 0.1190738 0.0526365 0.0310749 0.0518478 0.1835002 0.0552265 0.0230816 0.2177412 0.2079160 0.0592082 0.0236506 0.0302114 0.0101790 0.0778103 0.1002909 0.0289312 0.0443810 0.0922833 0.2447446 0.1892378 0.2045051 0.2074116 0.2869074 0.1984385 0.0700181 0.0529442 0.2053108 0.0000000 0.2201006 0.0878178 0.0781006 0.0602643 0.1939661 0.0259091 0.2114458 0.2465994 0.0724370 0.0526018 0.0630752 0.2151219 0.0325699 0.0349889 0.0344981 0.0582626 0.0333655 0.3046188 0.0525187 0.0207491 0.0290822 0.0688672 0.2622292 0.2237146 0.2776291 0.2173051 0.0715406 0.2468135 0.0460404 0.1282884 0.0797995 0.0431877 0.0794916 0.3030834 0.0341571 0.0307409 0.0345982 0.1526916 0.0821145 0.2403180 0.0819295 0.1067634 0.2616839 0.2128129 0.0753412 0.2865163 0.2424479 
Perityle_gamon_221                         0.3476818 0.2471698 0.3518671 0.3759060 0.1646427 0.2430646 0.3488943 0.2300514 0.3332708 0.3515524 0.1773279 0.2215620 0.2169856 0.1984864 0.3203065 0.2967476 0.2470369 0.2038544 0.0739913 0.1849510 0.2077908 0.2172772 0.1743322 0.1907299 0.2317930 0.2175530 0.2750777 0.1925007 0.1113154 0.1402006 0.0968229 0.2048140 0.2663877 0.3422017 0.1864238 0.2099565 0.0922631 0.2201006 0.0000000 0.3456441 0.1808877 0.1849567 0.3446868 0.2195712 0.0855062 0.0132294 0.1853204 0.1858900 0.1848529 0.1032255 0.2211360 0.2047239 0.2237181 0.2970795 0.2319345 0.1698317 0.1914281 0.2304111 0.2150552 0.1830114 0.1127389 0.0650331 0.1776140 0.3186751 0.1849837 0.1113408 0.2161853 0.1963244 0.1934275 0.2438781 0.1843759 0.3245618 0.2280242 0.2262381 0.2159808 0.3278010 0.2092482 0.0743888 0.1834310 0.2278743 0.1131810 0.3052884 0.1908526 0.3275466 0.3049060 
Perityle_gentryi_8_san_francisco           0.1703463 0.2911010 0.1696369 0.2196723 0.2588428 0.8430341 0.1855890 0.6245964 0.3027689 0.1696369 0.3675473 0.6438045 0.1125963 0.3265236 0.1066484 0.0123600 0.0720240 0.3268274 0.4882372 0.3210212 0.1113987 0.0920364 0.4978284 0.3567318 0.3116380 0.1039720 0.0419407 0.3314353 0.4468248 0.6885451 0.7539128 0.3313744 0.4744960 0.1696369 0.2851283 0.0961245 0.3957438 0.0878178 0.3456441 0.0000000 0.3655591 0.2861835 0.1673347 0.1040691 0.4331092 0.4700112 0.3668796 0.2634828 0.3125199 0.4305427 0.1082763 0.1085206 0.1129819 0.0458218 0.1006535 0.4620240 0.4385411 0.0546000 0.1116437 0.3515294 0.4612102 0.7288646 0.4547910 0.6028007 0.3428579 0.4523880 0.0756311 0.3949260 0.3206172 0.1441132 0.3683591 0.4419534 0.1470759 0.1012872 0.0649844 0.1660422 0.4502848 0.4943264 0.3722758 0.5553039 0.5678467 0.4568684 0.2927769 0.2857684 0.2269203 
Perityle_gilensis_22_Superstition          0.3169510 0.2771395 0.3105392 0.3202592 0.0562466 0.2430558 0.3149001 0.2414765 0.3429115 0.3268224 0.0774267 0.0451690 0.0677839 0.0175919 0.3222252 0.3542050 0.1095901 0.2340542 0.1761925 0.0355889 0.0746829 0.0737862 0.0308828 0.0307734 0.0780781 0.0692525 0.3066494 0.0604103 0.1698482 0.1749891 0.1830507 0.2293231 0.2790436 0.3119896 0.0342010 0.0931942 0.1710729 0.0781006 0.1808877 0.3655591 0.0000000 0.0062937 0.3569117 0.0725017 0.1743630 0.1927480 0.0308254 0.0260866 0.0278350 0.1827232 0.0697133 0.0715514 0.0630637 0.3081756 0.0997667 0.2616817 0.0444139 0.1395469 0.0681882 0.0466146 0.1818742 0.2031943 0.2506651 0.2155454 0.0247471 0.1716819 0.0966901 0.0932191 0.0717077 0.1081788 0.0147311 0.2937974 0.0699249 0.0784940 0.0670014 0.1901595 0.0816111 0.1909587 0.0310306 0.0697768 0.1924253 0.1806080 0.0491648 0.4055340 0.3353452 
Perityle_gilensis_salensis_225             0.3052598 0.2887984 0.2988678 0.3210314 0.0594756 0.2476421 0.3066309 0.2449285 0.3318581 0.3155354 0.0791708 0.0474253 0.0521079 0.0235977 0.2979962 0.2560580 0.0952092 0.2101434 0.1766633 0.0386599 0.0570359 0.0571991 0.0308828 0.0302822 0.0805423 0.0537110 0.2246683 0.0578198 0.1520496 0.1749245 0.1830507 0.2037946 0.2695682 0.3003778 0.0373155 0.0760919 0.1687074 0.0602643 0.1849567 0.2861835 0.0062937 0.0000000 0.3194121 0.0561978 0.1655706 0.1770023 0.0340366 0.0289319 0.0305464 0.1721700 0.0533346 0.0463986 0.0465465 0.2395551 0.0807872 0.2412716 0.0463249 0.1429243 0.0535554 0.0289782 0.1637458 0.2031943 0.2375279 0.1927091 0.0264850 0.1539131 0.0819810 0.0866559 0.0774574 0.0897236 0.0172500 0.2991638 0.0528111 0.0621232 0.0514804 0.1905574 0.0881231 0.1744462 0.0324125 0.0561761 0.1902567 0.1600665 0.0521319 0.3635440 0.3168090 
Perityle_glaucescens_94                    0.0692127 0.1124804 0.0753754 0.2580352 0.2943040 0.1124733 0.2703872 0.3353974 0.2230709 0.0798996 0.3570711 0.3888900 0.2598923 0.3329137 0.0717948 0.1186798 0.2775552 0.2222952 0.3049233 0.3258010 0.2297997 0.2449356 0.2598636 0.3572184 0.2779107 0.2468481 0.1087298 0.3407052 0.3844777 0.2203437 0.2540259 0.2428551 0.3899805 0.0771653 0.3201995 0.1924618 0.3404091 0.1939661 0.3446868 0.1673347 0.3569117 0.3194121 0.0000000 0.2483407 0.2632990 0.4008833 0.3628004 0.3192664 0.3388496 0.3931973 0.2521339 0.1979925 0.2529445 0.1081724 0.2214276 0.4257153 0.2312651 0.0623532 0.2511126 0.3456539 0.3839661 0.2897281 0.4385505 0.2922203 0.3474586 0.3845122 0.2621364 0.3160272 0.3174591 0.2907465 0.3651838 0.3672996 0.2755984 0.2541109 0.2477497 0.3810039 0.3238968 0.3925180 0.3513313 0.4284854 0.3007931 0.4054242 0.3279150 0.2885160 0.1980270 
Perityle_gracilis_11                       0.2523960 0.2596604 0.2453369 0.3052040 0.0700896 0.2346292 0.2761665 0.2695349 0.3156287 0.2598050 0.1174671 0.0512452 0.0169725 0.0520829 0.2180221 0.0729665 0.0569857 0.2143689 0.1984127 0.0592020 0.0208935 0.0196613 0.0204757 0.0685704 0.1061961 0.0160144 0.0611133 0.0894654 0.2330433 0.1883203 0.1940231 0.2077602 0.3166350 0.2490732 0.0584732 0.0472676 0.2048112 0.0259091 0.2195712 0.1040691 0.0725017 0.0561978 0.2483407 0.0000000 0.2145858 0.2419311 0.0610885 0.0356098 0.0530842 0.2155424 0.0253479 0.0281941 0.0245008 0.0734749 0.0499296 0.3261315 0.0405421 0.0418756 0.0169412 0.0574067 0.2544924 0.2047095 0.3137619 0.2136027 0.0645945 0.2350961 0.0525510 0.1299402 0.0829572 0.0696852 0.0701759 0.3125047 0.0130726 0.0066679 0.0332199 0.1516463 0.0815589 0.2409200 0.0731155 0.0973676 0.2298410 0.1990471 0.0718635 0.3288073 0.2637113 
