84
Amauria_brandeegeana_62                    0.0000000 0.0840635 0.0580127 0.3246188 0.1117702 0.1964176 0.1507433 0.4124749 0.1331046 0.1298046 0.1380020 0.3829358 0.1319848 0.6410655 0.1346232 0.1400585 0.1333437 0.1419234 0.1332739 0.1317178 0.1401952 0.1386155 0.2523759 0.1352601 0.1411616 0.1466777 0.1562525 0.1175402 0.2841656 0.1290551 0.1422504 0.0907986 0.1333887 0.2059577 0.1892345 0.1395236 0.1309658 0.4713776 0.1418393 0.1391390 0.1693925 0.1372398 0.1712642 0.1309079 0.1253585 0.1421018 0.1321157 0.1677494 0.1515168 0.1439113 0.2790536 0.1594057 0.1295402 0.1584473 0.1523741 0.1535195 0.1350754 0.1321157 0.1605261 0.1733518 0.1572731 0.1091858 0.1355021 0.1475536 0.1413092 0.2194564 0.2055841 0.0860966 0.1307876 0.1386155 0.1251148 0.1334093 0.1275224 0.1262346 0.1339375 0.2116049 0.1414053 0.1402252 0.1451204 0.2484064 0.1246554 0.1493527 0.1540042 0.1662185 
Amauria_carterae_99_mesa                   0.0840635 0.0000000 0.0469390 0.2741784 0.1304758 0.1759683 0.1532345 0.2959353 0.1594331 0.1387454 0.1848756 0.2394798 0.1688349 0.3634130 0.1544470 0.1716779 0.1443014 0.1866670 0.1662419 0.1645039 0.1422236 0.1819460 0.1669152 0.1653691 0.1367411 0.1913826 0.1788935 0.1565070 0.2635669 0.1686560 0.1793311 0.0969904 0.1626408 0.2608400 0.2152645 0.1509319 0.1562949 0.2901323 0.1611055 0.1946188 0.2228292 0.1577667 0.2127757 0.1638414 0.1476364 0.1779471 0.1721275 0.2220946 0.1917376 0.1728868 0.1612171 0.1618667 0.1656250 0.1571760 0.1923455 0.1704756 0.1661970 0.1693331 0.1925637 0.1848867 0.1996549 0.0854399 0.1787723 0.1694372 0.1327970 0.1818851 0.1611265 0.1205755 0.1579833 0.1819460 0.1595782 0.1635612 0.1598217 0.1663704 0.1344430 0.1820711 0.1615164 0.1791982 0.1828098 0.2135994 0.1632049 0.1591733 0.1840799 0.1934178 
Amauria_rotundifolia_SRR9119150            0.0580127 0.0469390 0.0000000 0.3206969 0.1161952 0.2042388 0.1393776 0.4207690 0.1460902 0.1257936 0.1511704 0.3685385 0.1347396 0.6239770 0.1348696 0.1502989 0.1223012 0.1434191 0.1368855 0.1324945 0.1442923 0.1453972 0.2466839 0.1394290 0.1382318 0.1494277 0.1648630 0.1187146 0.2634301 0.1396609 0.1525547 0.0741931 0.1402176 0.2188984 0.1825270 0.1444058 0.1398760 0.4520958 0.1409429 0.1417883 0.1676460 0.1416265 0.1655946 0.1398296 0.1287005 0.1474451 0.1338274 0.1674595 0.1501614 0.1402402 0.2847030 0.1556444 0.1283275 0.1446586 0.1471643 0.1347088 0.1367437 0.1338274 0.1656734 0.1796522 0.1569476 0.0812768 0.1412561 0.1595788 0.1343615 0.2185655 0.2065003 0.0957603 0.1295620 0.1453972 0.1317131 0.1350987 0.1313433 0.1215749 0.1338610 0.2110676 0.1494655 0.1420019 0.1540924 0.2065366 0.1291295 0.1440678 0.1512493 0.1580825 
Conoclinium_coelestinum_SRR9119114         0.3246188 0.2741784 0.3206969 0.0000000 0.3213151 0.2482072 0.2747081 0.4004218 0.3543501 0.3245429 0.3135714 0.4828973 0.3142920 0.5243879 0.3234482 0.3309851 0.2794697 0.3115508 0.3179316 0.3187504 0.2653104 0.3167143 0.4489640 0.3163736 0.2940495 0.3391747 0.3296867 0.3590659 0.3855515 0.3458197 0.3572956 0.3396665 0.3126357 0.4179251 0.3786282 0.3106260 0.3132456 0.5154503 0.3177437 0.3056162 0.3465502 0.3012905 0.3419178 0.3208219 0.3010572 0.3262714 0.3212727 0.3445633 0.3106312 0.3185929 0.3794019 0.3276335 0.3132459 0.3176996 0.3588718 0.2834834 0.3168220 0.3167068 0.3218340 0.2861677 0.3272597 0.2092454 0.3154767 0.3229232 0.2940916 0.3498780 0.3355352 0.1604823 0.3195533 0.3167143 0.3514979 0.3153004 0.2224698 0.3264824 0.2399400 0.3385953 0.3247689 0.3351699 0.3351105 0.2928895 0.3142962 0.3143939 0.3197923 0.3508588 
Eutetras_palmeri_63                        0.1117702 0.1304758 0.1161952 0.3213151 0.0000000 0.1954059 0.1238825 0.4110783 0.1380299 0.0829217 0.1399903 0.3702410 0.1329352 0.6571349 0.1333098 0.1434763 0.1293889 0.1481314 0.1297235 0.1278796 0.1570472 0.1384140 0.2555429 0.1300708 0.0926177 0.1399703 0.1590829 0.1113527 0.2642971 0.1392799 0.1351520 0.1356041 0.1358597 0.1616000 0.1860229 0.1412314 0.1341809 0.4817800 0.1377579 0.1389335 0.1640631 0.1608267 0.1634676 0.1313420 0.1207296 0.1377553 0.1308877 0.1654711 0.1512812 0.1358696 0.2811598 0.1085930 0.1341877 0.0896531 0.1565394 0.0748947 0.1339674 0.1296836 0.1545564 0.1954496 0.1639239 0.0431939 0.1255984 0.1538920 0.0940022 0.2196226 0.2060888 0.1111355 0.1366526 0.1384140 0.1179917 0.1283949 0.1479715 0.1249925 0.1383785 0.2090042 0.1288352 0.1390010 0.1477076 0.1437828 0.1161320 0.0967834 0.1565034 0.1096380 
Eutrochium_fistulosum_SRR9119106           0.1964176 0.1759683 0.2042388 0.2482072 0.1954059 0.0000000 0.1483854 0.4587817 0.2136649 0.1938446 0.1894659 0.4247568 0.1903220 0.6256766 0.1876866 0.1868537 0.1746905 0.2081303 0.1758738 0.1803781 0.1568236 0.1918222 0.3090975 0.1867152 0.1905753 0.2113563 0.2148227 0.1721816 0.2580627 0.1894020 0.2200316 0.1906015 0.1970545 0.2667297 0.2563135 0.1809668 0.2022115 0.4485652 0.1938574 0.2040248 0.2546233 0.1751191 0.2532313 0.1996832 0.1709238 0.1888150 0.1873737 0.2507140 0.2061233 0.1862126 0.2989516 0.2039437 0.1756233 0.2107481 0.1875080 0.1572505 0.1815345 0.1837672 0.2117005 0.2041019 0.1994342 0.0974310 0.1846479 0.2119525 0.1826260 0.2668844 0.2528921 0.0938207 0.1806131 0.1918222 0.1913457 0.1804504 0.1526734 0.1879218 0.1616601 0.2672976 0.2017415 0.1939816 0.1942632 0.1993195 0.1765357 0.1998253 0.1924724 0.1904694 
Galeana_pratensis_104_mex                  0.1507433 0.1532345 0.1393776 0.2747081 0.1238825 0.1483854 0.0000000 0.3054736 0.1570159 0.1471108 0.1693706 0.3749605 0.1513208 0.4315784 0.1450127 0.1590553 0.1375230 0.1765264 0.1633396 0.1596241 0.1478013 0.1702546 0.1791375 0.1565879 0.1452588 0.1870344 0.1848109 0.1571068 0.2474138 0.1498082 0.1861119 0.1461092 0.1697190 0.1448920 0.1785419 0.1368514 0.1704507 0.4254992 0.1527656 0.1558039 0.1900218 0.1296503 0.1917951 0.1818385 0.1367087 0.1529495 0.1697742 0.1929090 0.1604662 0.1739396 0.1644121 0.1410698 0.1472044 0.1721056 0.1703592 0.1556613 0.1655491 0.1663862 0.1839380 0.1731412 0.1678756 0.1005392 0.1771972 0.1768058 0.1491529 0.2112323 0.1888919 0.1154684 0.1741874 0.1702546 0.1571068 0.1630022 0.1279390 0.1475395 0.0933900 0.2115052 0.1521026 0.1631716 0.1767773 0.2342555 0.1268227 0.1376076 0.1633756 0.1759576 
Helianthus_annuus_SRR9119062               0.4124749 0.2959353 0.4207690 0.4004218 0.4110783 0.4587817 0.3054736 0.0000000 0.4322344 0.4273169 0.4230928 0.5475991 0.3978551 0.6998232 0.3979513 0.4253853 0.3748273 0.4437469 0.4404351 0.4193864 0.2315447 0.4410206 0.4927309 0.4002823 0.4228763 0.4279521 0.3901934 0.3749904 0.4137390 0.4177710 0.4241176 0.4332942 0.4181739 0.5050105 0.4650621 0.4092681 0.4228619 0.5687863 0.4070142 0.4110488 0.4531517 0.3544428 0.4420156 0.4243242 0.4018860 0.4287354 0.4207901 0.4414045 0.4415570 0.4195741 0.4715122 0.4300468 0.4170311 0.4748876 0.3793787 0.3070610 0.4168818 0.4187297 0.3784572 0.3595646 0.4407874 0.1930495 0.4121836 0.3935666 0.4165278 0.4606500 0.4525151 0.1873886 0.4055162 0.4410206 0.4243673 0.4175409 0.2310377 0.4036079 0.2507308 0.4503510 0.4252426 0.4339059 0.4299645 0.2824943 0.3905648 0.4287931 0.4372014 0.4662890 
Lycapsus_tenuifolius_17                    0.1331046 0.1594331 0.1460902 0.3543501 0.1380299 0.2136649 0.1570159 0.4322344 0.0000000 0.1501661 0.1736217 0.3689858 0.1591146 0.6687051 0.1711087 0.1601546 0.1563839 0.1794584 0.1584853 0.1599026 0.1538477 0.1802881 0.2257829 0.1660118 0.1598038 0.1779193 0.1884379 0.0100510 0.2868574 0.1670337 0.1695547 0.1557763 0.1641020 0.1985951 0.2041229 0.1506586 0.1537538 0.4409396 0.1646899 0.1852570 0.2011152 0.1639169 0.1995782 0.1568350 0.1507100 0.1780721 0.1695846 0.1972353 0.1893889 0.1758688 0.3146995 0.1696829 0.1560196 0.1487339 0.1727954 0.1548153 0.1722787 0.1667472 0.1701400 0.1873057 0.1773475 0.1202981 0.1625637 0.1808313 0.1585656 0.2555874 0.2490750 0.1106702 0.1625155 0.1802881 0.0123558 0.1683766 0.1510684 0.1707632 0.1533582 0.2523795 0.1794494 0.1704729 0.1814761 0.2532401 0.1581924 0.1570101 0.1869046 0.1683662 
Pericome_caudata_50_silver                 0.1298046 0.1387454 0.1257936 0.3245429 0.0829217 0.1938446 0.1471108 0.4273169 0.1501661 0.0000000 0.1676711 0.3459771 0.1442251 0.6288469 0.1542886 0.1538729 0.1599517 0.1636361 0.1491167 0.1482431 0.1653191 0.1652399 0.2271963 0.1557831 0.1142541 0.1662927 0.1735076 0.1426425 0.2632795 0.1477792 0.1502056 0.1375541 0.1562097 0.2053837 0.2024495 0.1486080 0.1439200 0.4179272 0.1563732 0.1648236 0.1964965 0.1554356 0.1950963 0.1438354 0.1355365 0.1662470 0.1570630 0.1959416 0.1725437 0.1614324 0.3067503 0.1179475 0.1358857 0.1067343 0.1736338 0.1141235 0.1579408 0.1543279 0.1731879 0.1901968 0.1712973 0.0555763 0.1523614 0.1679635 0.1131139 0.2372932 0.2450920 0.1258021 0.1586238 0.1652399 0.1371315 0.1529667 0.1474925 0.1495762 0.1714317 0.2409813 0.1663485 0.1620185 0.1724104 0.1643356 0.1353121 0.1040177 0.1660756 0.1236882 
Perityle_aglossa_84_dead_horse             0.1380020 0.1848756 0.1511704 0.3135714 0.1399903 0.1894659 0.1693706 0.4230928 0.1736217 0.1676711 0.0000000 0.3007527 0.0621773 0.5524247 0.0657945 0.1657552 0.0858778 0.0625064 0.0438355 0.0468192 0.0796006 0.0549230 0.1886395 0.0615447 0.1111030 0.0844793 0.1163908 0.1632759 0.3006622 0.1566130 0.1612280 0.1652200 0.0709467 0.2647949 0.1303283 0.0770308 0.1138613 0.3672110 0.0696571 0.0648516 0.1121533 0.0636261 0.1131997 0.1179504 0.0667217 0.0626126 0.0468105 0.1124472 0.0702358 0.0538689 0.2187210 0.1364812 0.0578077 0.1870076 0.1018026 0.1878609 0.0482653 0.0468105 0.1028601 0.1294362 0.1065757 0.1335118 0.0405131 0.1102776 0.1113332 0.1629029 0.1529303 0.0668056 0.0661338 0.0549230 0.1578621 0.0489701 0.0746504 0.0701688 0.0613615 0.1609883 0.0880270 0.0473201 0.0213541 0.2509252 0.0445269 0.1307309 0.1097079 0.2065728 
Perityle_ajoensis_204                      0.3829358 0.2394798 0.3685385 0.4828973 0.3702410 0.4247568 0.3749605 0.5475991 0.3689858 0.3459771 0.3007527 0.0000000 0.2700107 0.6613777 0.2900890 0.3526392 0.3578775 0.3018095 0.2566327 0.2869403 0.0859942 0.2997754 0.3079027 0.2772472 0.3957405 0.3009984 0.4252420 0.3703117 0.2723971 0.3673237 0.3801942 0.3176651 0.3032793 0.5733619 0.3486752 0.2818394 0.3722786 0.4928791 0.3093392 0.3096883 0.3528887 0.0884265 0.3437375 0.3680809 0.2791741 0.2996725 0.2871345 0.3523136 0.2673504 0.2931946 0.5162204 0.4466415 0.2519212 0.3995673 0.2309617 0.3284489 0.2834665 0.2841449 0.4529843 0.2253156 0.2801981 0.0989891 0.3109082 0.4208865 0.3970677 0.4375461 0.4572161 0.1305234 0.3613750 0.2997754 0.3908771 0.2841713 0.1121538 0.2955356 0.0368658 0.4531906 0.3285833 0.2963721 0.3241035 0.2142041 0.2777472 0.4039022 0.3042691 0.3536053 
Perityle_ambrosiifolia_67_green            0.1319848 0.1688349 0.1347396 0.3142920 0.1329352 0.1903220 0.1513208 0.3978551 0.1591146 0.1442251 0.0621773 0.2700107 0.0000000 0.5747642 0.0347514 0.1470057 0.0657905 0.0681615 0.0505065 0.0487337 0.0854532 0.0600932 0.1703688 0.0238069 0.0992541 0.0667439 0.1044578 0.1594172 0.2845281 0.1379243 0.1495200 0.1484858 0.0672224 0.2393286 0.1079968 0.0408553 0.0985084 0.3665080 0.0409044 0.0518524 0.1006828 0.0268824 0.1018675 0.0984498 0.0508236 0.0563732 0.0539727 0.0996810 0.0752237 0.0625767 0.2095738 0.1295709 0.0429961 0.1686770 0.0858631 0.1724974 0.0535060 0.0517077 0.0947894 0.1191246 0.0883447 0.1071725 0.0665204 0.0999696 0.0994658 0.1517034 0.1517130 0.0240876 0.0713002 0.0600932 0.1496191 0.0528485 0.0473970 0.0557920 0.0197978 0.1570597 0.0733887 0.0586470 0.0653337 0.2415862 0.0428659 0.1167219 0.1042119 0.1883891 
Perityle_batopilensis_97                   0.6410655 0.3634130 0.6239770 0.5243879 0.6571349 0.6256766 0.4315784 0.6998232 0.6687051 0.6288469 0.5524247 0.6613777 0.5747642 0.0000000 0.5691805 0.6620361 0.4468835 0.5636418 0.5726970 0.5747708 0.2373137 0.5630794 0.6221154 0.5768713 0.6468884 0.6072440 0.5414943 0.5662894 0.3387245 0.6481574 0.6402275 0.6052085 0.5938902 0.6418314 0.5926092 0.5607413 0.6619415 0.1729382 0.5804960 0.5891251 0.6048799 0.4282694 0.6065313 0.6671005 0.5596497 0.5812397 0.5838785 0.6015916 0.5875827 0.5749845 0.6687642 0.6433938 0.5787725 0.6394336 0.4650337 0.4649589 0.5812351 0.5783201 0.4920701 0.3931727 0.5495108 0.2430065 0.5849845 0.5451327 0.6401936 0.6144444 0.6282223 0.1639173 0.5613112 0.5630794 0.6481896 0.5747637 0.2261743 0.5788553 0.1969266 0.6214232 0.5655800 0.5690313 0.5591824 0.2705656 0.5775073 0.6471526 0.5455623 0.6959216 
Perityle_bisetosa_9                        0.1346232 0.1544470 0.1348696 0.3234482 0.1333098 0.1876866 0.1450127 0.3979513 0.1711087 0.1542886 0.0657945 0.2900890 0.0347514 0.5691805 0.0000000 0.1559364 0.0619344 0.0749789 0.0535283 0.0527004 0.0811101 0.0648898 0.1746419 0.0342522 0.1066265 0.0713256 0.1050538 0.1513549 0.2844123 0.1493142 0.1579951 0.1374518 0.0739165 0.2372435 0.1172505 0.0518743 0.1111654 0.3856652 0.0417208 0.0405780 0.1000815 0.0330037 0.1001188 0.1085124 0.0547705 0.0613273 0.0557132 0.0992092 0.0620292 0.0628249 0.2025971 0.1339981 0.0497216 0.1724716 0.0776940 0.1675527 0.0563899 0.0535493 0.0964821 0.1121450 0.1001124 0.0986565 0.0710987 0.1005888 0.1094495 0.1510641 0.1415311 0.0201168 0.0632157 0.0648898 0.1518255 0.0546396 0.0508046 0.0421981 0.0232474 0.1469348 0.0833323 0.0640985 0.0720793 0.2361227 0.0495555 0.1273073 0.0994078 0.1914412 
Perityle_californica_76_positas            0.1400585 0.1716779 0.1502989 0.3309851 0.1434763 0.1868537 0.1590553 0.4253853 0.1601546 0.1538729 0.1657552 0.3526392 0.1470057 0.6620361 0.1559364 0.0000000 0.1478809 0.1704658 0.1457882 0.1494791 0.1187007 0.1627003 0.2141991 0.1464094 0.1594388 0.1565860 0.1707304 0.1410902 0.2915377 0.0656457 0.0783110 0.1481636 0.1523524 0.2314108 0.1952372 0.1322839 0.1713784 0.4096352 0.1557993 0.1703280 0.1887000 0.1399903 0.1910293 0.1732079 0.1376286 0.1582975 0.1525855 0.1899467 0.1724129 0.1644744 0.2830186 0.1878145 0.1438642 0.1772542 0.1419225 0.1674352 0.1535264 0.1525855 0.1661813 0.1877245 0.1671496 0.1248844 0.1476147 0.1662999 0.1617603 0.2263129 0.2272448 0.1013426 0.1443087 0.1627003 0.1448154 0.1527164 0.1295278 0.1541257 0.1122202 0.2266298 0.1583677 0.1612256 0.1659475 0.2159435 0.1407048 0.1774074 0.1589423 0.1648604 
Perityle_canescens_77                      0.1333437 0.1443014 0.1223012 0.2794697 0.1293889 0.1746905 0.1375230 0.3748273 0.1563839 0.1599517 0.0858778 0.3578775 0.0657905 0.4468835 0.0619344 0.1478809 0.0000000 0.0878851 0.0721628 0.0776540 0.1210797 0.0803746 0.1886673 0.0662807 0.0853188 0.0873215 0.0995362 0.1634926 0.2923763 0.1399550 0.1625461 0.1345156 0.0897608 0.1779727 0.1010790 0.0625875 0.0677375 0.4220698 0.0702679 0.0704523 0.0995381 0.0633252 0.1030985 0.0775384 0.0647023 0.0807838 0.0823093 0.0970912 0.0893396 0.0878707 0.0868955 0.1157637 0.0668149 0.1661630 0.1008834 0.1903876 0.0778480 0.0803146 0.1029688 0.1054309 0.0926122 0.1007639 0.0806231 0.0928862 0.0857795 0.1124429 0.1066166 0.0492747 0.0825298 0.0803746 0.1564810 0.0764007 0.0751068 0.0648567 0.0781124 0.1147404 0.0590100 0.0867100 0.0854844 0.2438466 0.0634868 0.1138344 0.0958709 0.2084625 
Perityle_castillonii_96                    0.1419234 0.1866670 0.1434191 0.3115508 0.1481314 0.2081303 0.1765264 0.4437469 0.1794584 0.1636361 0.0625064 0.3018095 0.0681615 0.5636418 0.0749789 0.1704658 0.0878851 0.0000000 0.0407998 0.0411573 0.0853158 0.0329530 0.1773730 0.0695867 0.1215330 0.0953926 0.1226025 0.1850059 0.3004364 0.1675347 0.1768359 0.1643866 0.0652380 0.2634222 0.1357875 0.0770632 0.1114396 0.3880524 0.0745834 0.0763383 0.1199741 0.0679855 0.1184937 0.1073686 0.0728598 0.0661392 0.0457963 0.1176148 0.0742154 0.0517757 0.2023475 0.1507084 0.0635441 0.1883299 0.1153090 0.1968758 0.0474604 0.0436157 0.1057683 0.1402508 0.0954996 0.1297585 0.0725258 0.1163948 0.1217889 0.1558575 0.1505283 0.0578522 0.0520930 0.0329530 0.1736884 0.0491348 0.0673907 0.0749401 0.0578311 0.1573419 0.0910321 0.0474704 0.0642313 0.2412648 0.0610047 0.1370626 0.1200420 0.2151666 
Perityle_cernua_84                         0.1332739 0.1662419 0.1368855 0.3179316 0.1297235 0.1758738 0.1633396 0.4404351 0.1584853 0.1491167 0.0438355 0.2566327 0.0505065 0.5726970 0.0535283 0.1457882 0.0721628 0.0407998 0.0000000 0.0146513 0.0726925 0.0315967 0.1371474 0.0501483 0.1017619 0.0778084 0.1027479 0.1557156 0.2577548 0.1463099 0.1584167 0.1429944 0.0462832 0.2469379 0.1104841 0.0596189 0.1096162 0.3408397 0.0629027 0.0619253 0.0981958 0.0449962 0.1013941 0.1095477 0.0518462 0.0454409 0.0188704 0.0979430 0.0545093 0.0224747 0.2021128 0.1327528 0.0457495 0.1641434 0.0882062 0.1730803 0.0179747 0.0166304 0.0908320 0.1167458 0.0858877 0.1029683 0.0518901 0.0950183 0.1034535 0.1594206 0.1582317 0.0451932 0.0313511 0.0315967 0.1467740 0.0222677 0.0540761 0.0578489 0.0403683 0.1624926 0.0734291 0.0247461 0.0525316 0.2240540 0.0419349 0.1213975 0.0943342 0.1869880 
Perityle_cfvillosa_25_tin                  0.1317178 0.1645039 0.1324945 0.3187504 0.1278796 0.1803781 0.1596241 0.4193864 0.1599026 0.1482431 0.0468192 0.2869403 0.0487337 0.5747708 0.0527004 0.1494791 0.0776540 0.0411573 0.0146513 0.0000000 0.0771913 0.0319872 0.1581624 0.0494794 0.1000303 0.0720157 0.1073030 0.1535690 0.2607054 0.1420018 0.1546218 0.1455230 0.0465323 0.2388125 0.1159465 0.0584734 0.1062346 0.3829890 0.0572741 0.0606056 0.1029037 0.0477695 0.1014728 0.1061726 0.0500885 0.0472293 0.0062308 0.0994317 0.0564294 0.0200915 0.1928068 0.1261713 0.0436375 0.1595070 0.0876014 0.1705216 0.0094866 0.0041493 0.0979951 0.1291064 0.0917497 0.0985088 0.0532547 0.1012490 0.0988691 0.1474555 0.1445912 0.0470271 0.0302761 0.0319872 0.1482821 0.0114845 0.0590892 0.0555977 0.0441651 0.1472079 0.0773178 0.0263856 0.0524306 0.2195305 0.0417391 0.1149907 0.1010631 0.1832618 
Perityle_cinerea_113_Powell1310            0.1401952 0.1422236 0.1442923 0.2653104 0.1570472 0.1568236 0.1478013 0.2315447 0.1538477 0.1653191 0.0796006 0.0859942 0.0854532 0.2373137 0.0811101 0.1187007 0.1210797 0.0853158 0.0726925 0.0771913 0.0000000 0.0771075 0.0645030 0.1002563 0.1193595 0.0861932 0.1077024 0.1448478 0.2276624 0.1131900 0.1471776 0.1531037 0.0695291 0.2673722 0.1259752 0.0561958 0.0953895 0.0960760 0.0992150 0.1037007 0.1129774 0.0955613 0.1065214 0.1098131 0.0438218 0.1007022 0.0896134 0.1169585 0.0945235 0.0820499 0.0645030 0.1654031 0.0645431 0.1708944 0.0910455 0.1694694 0.0810677 0.0854656 0.0985233 0.1045861 0.0994140 0.1142826 0.0574609 0.1032787 0.1193595 0.0774285 0.0817505 0.0714279 0.0645093 0.0771075 0.1450604 0.0813967 0.0625804 0.0776671 0.0767640 0.0731337 0.0840099 0.0772969 0.0845024 0.1488063 0.0731896 0.1660726 0.1094617 0.1959964 
Perityle_coahuilensis_24                   0.1386155 0.1819460 0.1453972 0.3167143 0.1384140 0.1918222 0.1702546 0.4410206 0.1802881 0.1652399 0.0549230 0.2997754 0.0600932 0.5630794 0.0648898 0.1627003 0.0803746 0.0329530 0.0315967 0.0319872 0.0771075 0.0000000 0.1705675 0.0594960 0.1112064 0.0845242 0.1176089 0.1753500 0.2813374 0.1570466 0.1662553 0.1593798 0.0585666 0.2541838 0.1271577 0.0721309 0.1162092 0.3938987 0.0697777 0.0650918 0.1118483 0.0661939 0.1117090 0.1186757 0.0646179 0.0562754 0.0354385 0.1096167 0.0614752 0.0411586 0.1927216 0.1421549 0.0555080 0.1824963 0.1096438 0.1952530 0.0369368 0.0333163 0.0999060 0.1317445 0.1050970 0.1341664 0.0635049 0.1115585 0.1114344 0.1593668 0.1536455 0.0577928 0.0461654 0.0000010 0.1674166 0.0386755 0.0639746 0.0669693 0.0579811 0.1575612 0.0838137 0.0390257 0.0610155 0.2403401 0.0510067 0.1308318 0.1113909 0.2086224 
Perityle_cochisensis_44_cave_creek         0.2523759 0.1669152 0.2466839 0.4489640 0.2555429 0.3090975 0.1791375 0.4927309 0.2257829 0.2271963 0.1886395 0.3079027 0.1703688 0.6221154 0.1746419 0.2141991 0.1886673 0.1773730 0.1371474 0.1581624 0.0645030 0.1705675 0.0000000 0.1763993 0.2502024 0.1859402 0.2325018 0.1887304 0.2673254 0.2439908 0.2635998 0.1473990 0.1504044 0.4058072 0.2356028 0.1440406 0.2334275 0.4008817 0.1788854 0.1949055 0.2248488 0.0631588 0.2198371 0.2351840 0.1365079 0.1712729 0.1633903 0.2255193 0.1312577 0.1706174 0.2774032 0.2689946 0.1118836 0.2522887 0.0843693 0.1764686 0.1699861 0.1606882 0.2401718 0.1149858 0.1515729 0.1032013 0.1716744 0.2282210 0.2523126 0.2774775 0.2898020 0.0623368 0.1793142 0.1705675 0.2246009 0.1645048 0.0507604 0.1643854 0.0684079 0.2877290 0.1984615 0.1692145 0.1904353 0.2249629 0.1605387 0.2455456 0.1386883 0.2124264 
Perityle_congesta_202                      0.1352601 0.1653691 0.1394290 0.3163736 0.1300708 0.1867152 0.1565879 0.4002823 0.1660118 0.1557831 0.0615447 0.2772472 0.0238069 0.5768713 0.0342522 0.1464094 0.0662807 0.0695867 0.0501483 0.0494794 0.1002563 0.0594960 0.1763993 0.0000000 0.1003397 0.0646759 0.1087228 0.1654558 0.2759291 0.1471955 0.1533926 0.1543051 0.0637448 0.2430247 0.1188781 0.0459056 0.1045535 0.4024624 0.0417898 0.0537934 0.1016229 0.0133230 0.1014940 0.1044942 0.0514800 0.0460105 0.0525652 0.0984760 0.0739323 0.0584311 0.2113517 0.1304259 0.0446371 0.1682502 0.0909697 0.1828057 0.0532480 0.0504048 0.0939633 0.1184413 0.0925579 0.1180751 0.0668726 0.1041891 0.1005429 0.1589836 0.1506594 0.0284216 0.0727685 0.0594960 0.1527774 0.0515352 0.0578238 0.0553947 0.0032701 0.1559069 0.0745388 0.0563793 0.0654483 0.2461157 0.0430460 0.1201999 0.1105204 0.1883846 
Perityle_cordifolia_27                     0.1411616 0.1367411 0.1382318 0.2940495 0.0926177 0.1905753 0.1452588 0.4228763 0.1598038 0.1142541 0.1111030 0.3957405 0.0992541 0.6468884 0.1066265 0.1594388 0.0853188 0.1215330 0.1017619 0.1000303 0.1193595 0.1112064 0.2502024 0.1003397 0.0000000 0.1165291 0.1295437 0.1385219 0.2139279 0.1470832 0.1607222 0.1359038 0.1095747 0.1707418 0.1477882 0.1079991 0.1229304 0.5121466 0.1106866 0.1189964 0.1325291 0.1130338 0.1317116 0.1284698 0.0940493 0.1080743 0.1025249 0.1312087 0.1260588 0.1153928 0.2622042 0.0383554 0.1027552 0.1306759 0.1250546 0.0981050 0.1067063 0.1025249 0.1165258 0.1581612 0.1315799 0.0076666 0.0999525 0.1257404 0.0137533 0.2071868 0.1897927 0.0969275 0.1144868 0.1112064 0.1409325 0.1011940 0.0899531 0.1001743 0.1020209 0.1978430 0.1062217 0.1173635 0.1164506 0.1602386 0.0830153 0.0311493 0.1228316 0.1284484 
Perityle_cordifolia_68_tecolote            0.1466777 0.1913826 0.1494277 0.3391747 0.1399703 0.2113563 0.1870344 0.4279521 0.1779193 0.1662927 0.0844793 0.3009984 0.0667439 0.6072440 0.0713256 0.1565860 0.0873215 0.0953926 0.0778084 0.0720157 0.0861932 0.0845242 0.1859402 0.0646759 0.1165291 0.0000000 0.1260405 0.1757511 0.2987736 0.1538074 0.1563341 0.1742905 0.0776822 0.2478225 0.1346133 0.0681584 0.1122408 0.4073243 0.0729708 0.0852570 0.1153395 0.0845894 0.1175302 0.1135153 0.0535789 0.0761471 0.0735956 0.1129703 0.1051153 0.0822144 0.2231959 0.1467436 0.0618398 0.1856209 0.0018827 0.2013863 0.0779380 0.0735956 0.1142962 0.1619430 0.1112374 0.1434618 0.0701778 0.1227083 0.1167718 0.1721605 0.1669587 0.0713926 0.0819728 0.0845242 0.1627720 0.0712664 0.0780982 0.0722882 0.0832801 0.1683831 0.0918130 0.0848174 0.0888375 0.2520733 0.0608024 0.1375768 0.1259855 0.2069568 
Perityle_coronopifolia_28_patagonia        0.1562525 0.1788935 0.1648630 0.3296867 0.1590829 0.2148227 0.1848109 0.3901934 0.1884379 0.1735076 0.1163908 0.4252420 0.1044578 0.5414943 0.1050538 0.1707304 0.0995362 0.1226025 0.1027479 0.1073030 0.1077024 0.1176089 0.2325018 0.1087228 0.1295437 0.1260405 0.0000000 0.1734436 0.2920917 0.1782081 0.1783758 0.1713067 0.0988261 0.2534882 0.1564707 0.1011182 0.1146981 0.4551708 0.1016882 0.1194650 0.1446201 0.1143453 0.1441204 0.1196498 0.1033904 0.1169920 0.1122403 0.1404407 0.1328899 0.1160852 0.1207559 0.1449049 0.0982926 0.1841800 0.1232046 0.1985513 0.1109559 0.1109182 0.0334267 0.0524899 0.1370261 0.1077856 0.1087330 0.0119936 0.1298690 0.1511073 0.1407414 0.0660775 0.1073492 0.1176089 0.1758020 0.1122576 0.0739668 0.1055689 0.0830963 0.1486963 0.1053092 0.1195544 0.1120199 0.2483660 0.0882076 0.1415182 0.1362894 0.2292978 
Perityle_crassifolia_70_ventanas           0.1175402 0.1565070 0.1187146 0.3590659 0.1113527 0.1721816 0.1571068 0.3749904 0.0100510 0.1426425 0.1632759 0.3703117 0.1594172 0.5662894 0.1513549 0.1410902 0.1634926 0.1850059 0.1557156 0.1535690 0.1448478 0.1753500 0.1887304 0.1654558 0.1385219 0.1757511 0.1734436 0.0000000 0.2808507 0.1425275 0.1481885 0.1427846 0.1533450 0.1887092 0.2010021 0.1411000 0.1525489 0.4221262 0.1523414 0.1731903 0.2059731 0.1592404 0.2023600 0.1552830 0.1372359 0.1740661 0.1641684 0.2031664 0.1797314 0.1662401 0.1704133 0.1514819 0.1490953 0.1246873 0.1649556 0.1444966 0.1678017 0.1622336 0.1777589 0.1701400 0.1643523 0.1070593 0.1512589 0.1668145 0.1389754 0.1885779 0.1835013 0.1057037 0.1585469 0.1753500 0.0016663 0.1622268 0.1432585 0.1513111 0.1409686 0.1888768 0.1610138 0.1666311 0.1701472 0.2422057 0.1516460 0.1517535 0.1687051 0.1535361 
Perityle_crassifolia_74_playa_balandra     0.2841656 0.2635669 0.2634301 0.3855515 0.2642971 0.2580627 0.2474138 0.4137390 0.2868574 0.2632795 0.3006622 0.2723971 0.2845281 0.3387245 0.2844123 0.2915377 0.2923763 0.3004364 0.2577548 0.2607054 0.2276624 0.2813374 0.2673254 0.2759291 0.2139279 0.2987736 0.2920917 0.2808507 0.0000000 0.2787446 0.2723568 0.2905965 0.2776085 0.2800413 0.3182318 0.2775352 0.1531176 0.3246574 0.2783387 0.2863201 0.3013727 0.2765191 0.3164009 0.1664929 0.2776850 0.2808314 0.2865967 0.3046914 0.2789922 0.2661152 0.2739559 0.2409420 0.2940996 0.2481620 0.3047472 0.2962927 0.2826908 0.2811693 0.2915469 0.2918309 0.2907354 0.1884773 0.2731007 0.2914656 0.2139279 0.2829575 0.2913200 0.1698836 0.2770989 0.2813374 0.2808507 0.2710275 0.2636552 0.3037795 0.2703993 0.2835484 0.2924814 0.2828148 0.2833925 0.2460037 0.2646211 0.2358279 0.2839395 0.2769842 
Perityle_cuneata_34_cuneata_San_antonio    0.1290551 0.1686560 0.1396609 0.3458197 0.1392799 0.1894020 0.1498082 0.4177710 0.1670337 0.1477792 0.1566130 0.3673237 0.1379243 0.6481574 0.1493142 0.0656457 0.1399550 0.1675347 0.1463099 0.1420018 0.1131900 0.1570466 0.2439908 0.1471955 0.1470832 0.1538074 0.1782081 0.1425275 0.2787446 0.0000000 0.0788165 0.1469739 0.1483007 0.2281943 0.1920882 0.1492338 0.1598876 0.4653382 0.1544575 0.1589363 0.1741043 0.1411349 0.1783548 0.1612860 0.1321513 0.1553361 0.1493080 0.1775911 0.1578317 0.1598442 0.2926648 0.1727500 0.1380698 0.1758668 0.1403059 0.1590915 0.1502080 0.1467990 0.1739864 0.1828246 0.1750815 0.0980998 0.1482093 0.1743723 0.1473330 0.2143348 0.2168792 0.0952487 0.1495143 0.1570466 0.1529883 0.1482183 0.1158179 0.1412617 0.1123916 0.2101633 0.1523717 0.1526718 0.1569363 0.2293657 0.1348777 0.1568139 0.1650111 0.1746318 
Perityle_cuneata_4                         0.1422504 0.1793311 0.1525547 0.3572956 0.1351520 0.2200316 0.1861119 0.4241176 0.1695547 0.1502056 0.1612280 0.3801942 0.1495200 0.6402275 0.1579951 0.0783110 0.1625461 0.1768359 0.1584167 0.1546218 0.1471776 0.1662553 0.2635998 0.1533926 0.1607222 0.1563341 0.1783758 0.1481885 0.2723568 0.0788165 0.0000000 0.1689438 0.1615112 0.2292564 0.1982606 0.1532064 0.1678995 0.4663677 0.1627186 0.1666689 0.1773973 0.1515009 0.1831768 0.1666096 0.1410948 0.1589608 0.1542274 0.1824206 0.1833098 0.1621669 0.3067640 0.1890131 0.1562474 0.1768254 0.1542008 0.1636077 0.1536204 0.1542274 0.1833957 0.1813013 0.1822535 0.1158706 0.1530732 0.1745037 0.1610001 0.2403520 0.2341051 0.1104353 0.1609081 0.1662553 0.1473552 0.1556764 0.1320933 0.1511613 0.1420545 0.2316623 0.1546309 0.1588061 0.1685728 0.2428819 0.1343582 0.1715803 0.1767397 0.1782409 
Perityle_discoidea_81                      0.0907986 0.0969904 0.0741931 0.3396665 0.1356041 0.1906015 0.1461092 0.4332942 0.1557763 0.1375541 0.1652200 0.3176651 0.1484858 0.6052085 0.1374518 0.1481636 0.1345156 0.1643866 0.1429944 0.1455230 0.1531037 0.1593798 0.1473990 0.1543051 0.1359038 0.1742905 0.1713067 0.1427846 0.2905965 0.1469739 0.1689438 0.0000000 0.1487927 0.2514056 0.1871113 0.1365735 0.1528477 0.3860993 0.1436270 0.1577369 0.1946350 0.1593635 0.1907871 0.1507711 0.1347865 0.1542005 0.1510291 0.1939037 0.1578712 0.1552101 0.2397380 0.1644128 0.1345665 0.1501151 0.1658396 0.1559570 0.1518352 0.1491911 0.1725544 0.1867711 0.1766611 0.0857353 0.1533472 0.1644752 0.1359775 0.2384374 0.2391987 0.1304296 0.1440408 0.1593798 0.1540149 0.1491602 0.1464618 0.1309837 0.1498713 0.2386167 0.1535974 0.1595367 0.1577355 0.2019237 0.1374417 0.1607348 0.1566794 0.1696246 
Perityle_dissecta_201                      0.1333887 0.1626408 0.1402176 0.3126357 0.1358597 0.1970545 0.1697190 0.4181739 0.1641020 0.1562097 0.0709467 0.3032793 0.0672224 0.5938902 0.0739165 0.1523524 0.0897608 0.0652380 0.0462832 0.0465323 0.0695291 0.0585666 0.1504044 0.0637448 0.1095747 0.0776822 0.0988261 0.1533450 0.2776085 0.1483007 0.1615112 0.1487927 0.0000000 0.2512781 0.1265107 0.0633091 0.1074471 0.3874138 0.0708291 0.0799114 0.1087389 0.0613339 0.1071027 0.1047404 0.0550572 0.0582136 0.0513749 0.1041387 0.0708361 0.0572991 0.1802969 0.1351388 0.0567633 0.1739954 0.0825119 0.1641290 0.0531648 0.0491768 0.0897968 0.1133792 0.0946143 0.1138361 0.0613183 0.0928667 0.1111835 0.1572300 0.1502245 0.0498615 0.0588554 0.0585666 0.1551132 0.0536431 0.0513407 0.0703627 0.0651205 0.1555052 0.0829417 0.0593375 0.0740267 0.2343966 0.0496057 0.1231626 0.1022779 0.1892302 
Perityle_emoryi_47_punta_san_jose          0.2059577 0.2608400 0.2188984 0.4179251 0.1616000 0.2667297 0.1448920 0.5050105 0.1985951 0.2053837 0.2647949 0.5733619 0.2393286 0.6418314 0.2372435 0.2314108 0.1779727 0.2634222 0.2469379 0.2388125 0.2673722 0.2541838 0.4058072 0.2430247 0.1707418 0.2478225 0.2534882 0.1887092 0.2800413 0.2281943 0.2292564 0.2514056 0.2512781 0.0000000 0.2831938 0.2465316 0.2077463 0.6825763 0.2485380 0.2560563 0.2747389 0.3053388 0.2801742 0.2097634 0.2299399 0.2448406 0.2476888 0.2728855 0.2676111 0.2545518 0.2736428 0.1993078 0.2444085 0.1631884 0.2652900 0.1877185 0.2504758 0.2459876 0.2276974 0.3079919 0.2668094 0.1477134 0.2399445 0.2480465 0.1691830 0.2847932 0.2780084 0.1053917 0.2412134 0.2541838 0.1792655 0.2400827 0.1965046 0.2363227 0.2355998 0.2832645 0.2452482 0.2540743 0.2580758 0.1803113 0.2358527 0.2017035 0.2590760 0.2200719 
Perityle_feddemae_99                       0.1892345 0.2152645 0.1825270 0.3786282 0.1860229 0.2563135 0.1785419 0.4650621 0.2041229 0.2024495 0.1303283 0.3486752 0.1079968 0.5926092 0.1172505 0.1952372 0.1010790 0.1357875 0.1104841 0.1159465 0.1259752 0.1271577 0.2356028 0.1188781 0.1477882 0.1346133 0.1564707 0.2010021 0.3182318 0.1920882 0.1982606 0.1871113 0.1265107 0.2831938 0.0000000 0.1178693 0.1553436 0.4515754 0.1285346 0.1251908 0.0341363 0.1173604 0.0337035 0.1538838 0.1044151 0.1237754 0.1221666 0.0305049 0.1215852 0.1229398 0.2561095 0.1869350 0.1022681 0.2108021 0.1368241 0.2366409 0.1237737 0.1197061 0.1428663 0.1708382 0.1311598 0.1278215 0.1294445 0.1529466 0.1451432 0.2013913 0.2045226 0.0758202 0.1286211 0.1271577 0.1986797 0.1197469 0.0934402 0.1139499 0.0927169 0.2069075 0.1300091 0.1225754 0.1315729 0.2381611 0.1069773 0.1721361 0.1403863 0.2377141 
Perityle_fosteri_93                        0.1395236 0.1509319 0.1444058 0.3106260 0.1412314 0.1809668 0.1368514 0.4092681 0.1506586 0.1486080 0.0770308 0.2818394 0.0408553 0.5607413 0.0518743 0.1322839 0.0625875 0.0770632 0.0596189 0.0584734 0.0561958 0.0721309 0.1440406 0.0459056 0.1079991 0.0681584 0.1011182 0.1411000 0.2775352 0.1492338 0.1532064 0.1365735 0.0633091 0.2465316 0.1178693 0.0000000 0.1042691 0.3337219 0.0467007 0.0707701 0.1056292 0.0412038 0.1109008 0.1012654 0.0451935 0.0592464 0.0640589 0.1072468 0.0861156 0.0696705 0.1972395 0.1236494 0.0381378 0.1642632 0.0660087 0.1594984 0.0611326 0.0616062 0.0910034 0.1138950 0.0876639 0.0941080 0.0589357 0.0930850 0.1082503 0.1455771 0.1474857 0.0119817 0.0584363 0.0721309 0.1365301 0.0640852 0.0482859 0.0689142 0.0435415 0.1502672 0.0789007 0.0678546 0.0791303 0.2301678 0.0498383 0.1198029 0.0882652 0.1757036 
Perityle_gamon_221                         0.1309658 0.1562949 0.1398760 0.3132456 0.1341809 0.2022115 0.1704507 0.4228619 0.1537538 0.1439200 0.1138613 0.3722786 0.0985084 0.6619415 0.1111654 0.1713784 0.0677375 0.1114396 0.1096162 0.1062346 0.0953895 0.1162092 0.2334275 0.1045535 0.1229304 0.1122408 0.1146981 0.1525489 0.1531176 0.1598876 0.1678995 0.1528477 0.1074471 0.2077463 0.1553436 0.1042691 0.0000000 0.4846930 0.1059552 0.1101228 0.1400390 0.0899129 0.1405363 0.0230195 0.1002297 0.1047766 0.1086761 0.1332389 0.1205031 0.1146106 0.2563150 0.1256456 0.0986448 0.1629455 0.1034105 0.1588276 0.1127824 0.1086761 0.1094152 0.1374079 0.1125054 0.0987083 0.1058400 0.1143654 0.1218380 0.1985363 0.1889617 0.0508194 0.0984479 0.1162092 0.1507942 0.1099652 0.0572212 0.1059747 0.0455426 0.1915437 0.1141008 0.1153577 0.1150937 0.2161293 0.0973668 0.1188882 0.1152214 0.1823938 
Perityle_gentryi_8_san_francisco           0.4713776 0.2901323 0.4520958 0.5154503 0.4817800 0.4485652 0.4254992 0.5687863 0.4409396 0.4179272 0.3672110 0.4928791 0.3665080 0.1729382 0.3856652 0.4096352 0.4220698 0.3880524 0.3408397 0.3829890 0.0960760 0.3938987 0.4008817 0.4024624 0.5121466 0.4073243 0.4551708 0.4221262 0.3246574 0.4653382 0.4663677 0.3860993 0.3874138 0.6825763 0.4515754 0.3337219 0.4846930 0.0000000 0.4035695 0.4033677 0.4387889 0.1665024 0.4516153 0.4919123 0.3528232 0.4084969 0.3880930 0.4449362 0.3505361 0.3886483 0.4633078 0.4829038 0.3260501 0.4894083 0.2995503 0.3413989 0.3883210 0.3862480 0.4461724 0.2548196 0.3638600 0.1804111 0.3840742 0.4570625 0.5113769 0.4721337 0.5013747 0.1530277 0.3917424 0.3938987 0.4373541 0.3859132 0.1568307 0.3951177 0.1066202 0.4977975 0.3940200 0.3840075 0.3868571 0.2654730 0.3771755 0.4789094 0.3664248 0.4431419 
Perityle_gilensis_22_Superstition          0.1418393 0.1611055 0.1409429 0.3177437 0.1377579 0.1938574 0.1527656 0.4070142 0.1646899 0.1563732 0.0696571 0.3093392 0.0409044 0.5804960 0.0417208 0.1557993 0.0702679 0.0745834 0.0629027 0.0572741 0.0992150 0.0697777 0.1788854 0.0417898 0.1106866 0.0729708 0.1016882 0.1523414 0.2783387 0.1544575 0.1627186 0.1436270 0.0708291 0.2485380 0.1285346 0.0467007 0.1059552 0.4035695 0.0000000 0.0577843 0.1148389 0.0488929 0.1120342 0.1031484 0.0581468 0.0671584 0.0621754 0.1124701 0.0871719 0.0673582 0.2052524 0.1328785 0.0550722 0.1722912 0.0884540 0.1743183 0.0630295 0.0598823 0.0969808 0.1203267 0.0994567 0.0942387 0.0715794 0.0984649 0.1109257 0.1520754 0.1479643 0.0284152 0.0751147 0.0697777 0.1507636 0.0598939 0.0572718 0.0654008 0.0404068 0.1505453 0.0881408 0.0716868 0.0751402 0.2355509 0.0559645 0.1280524 0.1068155 0.1876395 
Perityle_gilensis_salensis_225             0.1391390 0.1946188 0.1417883 0.3056162 0.1389335 0.2040248 0.1558039 0.4110488 0.1852570 0.1648236 0.0648516 0.3096883 0.0518524 0.5891251 0.0405780 0.1703280 0.0704523 0.0763383 0.0619253 0.0606056 0.1037007 0.0650918 0.1949055 0.0537934 0.1189964 0.0852570 0.1194650 0.1731903 0.2863201 0.1589363 0.1666689 0.1577369 0.0799114 0.2560563 0.1251908 0.0707701 0.1101228 0.4033677 0.0577843 0.0000000 0.1078314 0.0763123 0.1076277 0.1074675 0.0678258 0.0738085 0.0634573 0.1068199 0.0273254 0.0684916 0.2121286 0.1488175 0.0672729 0.1846336 0.1101969 0.2016047 0.0642334 0.0612710 0.1001339 0.1367299 0.1097534 0.1543289 0.0712568 0.1148474 0.1192416 0.1603573 0.1503401 0.0411488 0.0659787 0.0650918 0.1717493 0.0623740 0.0643996 0.0565602 0.0652391 0.1571742 0.0872127 0.0652743 0.0722911 0.2554265 0.0564356 0.1394123 0.1101915 0.2133954 
Perityle_glaucescens_94                    0.1693925 0.2228292 0.1676460 0.3465502 0.1640631 0.2546233 0.1900218 0.4531517 0.2011152 0.1964965 0.1121533 0.3528887 0.1006828 0.6048799 0.1000815 0.1887000 0.0995381 0.1199741 0.0981958 0.1029037 0.1129774 0.1118483 0.2248488 0.1016229 0.1325291 0.1153395 0.1446201 0.2059731 0.3013727 0.1741043 0.1773973 0.1946350 0.1087389 0.2747389 0.0341363 0.1056292 0.1400390 0.4387889 0.1148389 0.1078314 0.0000000 0.1205028 0.0201658 0.1386293 0.0945158 0.1111988 0.1073558 0.0105074 0.1140812 0.1117753 0.2452981 0.1757255 0.0941100 0.2087630 0.1281123 0.2348458 0.1087388 0.1049630 0.1323257 0.1660253 0.1193259 0.1418859 0.1091229 0.1381493 0.1313899 0.2022762 0.1871045 0.0847815 0.1167335 0.1118483 0.1979329 0.1049042 0.0945466 0.0954336 0.0974463 0.1939944 0.1120556 0.1100058 0.1171123 0.2458778 0.0885076 0.1586445 0.1387756 0.2387316 
Perityle_gracilis_11                       0.1372398 0.1577667 0.1416265 0.3012905 0.1608267 0.1751191 0.1296503 0.3544428 0.1639169 0.1554356 0.0636261 0.0884265 0.0268824 0.4282694 0.0330037 0.1399903 0.0633252 0.0679855 0.0449962 0.0477695 0.0955613 0.0661939 0.0631588 0.0133230 0.1130338 0.0845894 0.1143453 0.1592404 0.2765191 0.1411349 0.1515009 0.1593635 0.0613339 0.3053388 0.1173604 0.0412038 0.0899129 0.1665024 0.0488929 0.0763123 0.1205028 0.0000000 0.1162391 0.0796094 0.0577140 0.0308852 0.0528948 0.1180576 0.0718899 0.0531348 0.2230639 0.1602231 0.0452878 0.1902913 0.0907085 0.2004677 0.0510122 0.0509132 0.1051555 0.1333585 0.0933509 0.1180751 0.0707843 0.1117760 0.1185275 0.1785341 0.1737658 0.0202292 0.0697230 0.0661939 0.1528206 0.0530616 0.0579241 0.0555826 0.0131679 0.1811078 0.0765286 0.0550801 0.0603740 0.2516168 0.0439939 0.1485052 0.1205708 0.1985566 
Perityle_harkerae_31                       0.1712642 0.2127757 0.1655946 0.3419178 0.1634676 0.2532313 0.1917951 0.4420156 0.1995782 0.1950963 0.1131997 0.3437375 0.1018675 0.6065313 0.1001188 0.1910293 0.1030985 0.1184937 0.1013941 0.1014728 0.1065214 0.1117090 0.2198371 0.1014940 0.1317116 0.1175302 0.1441204 0.2023600 0.3164009 0.1783548 0.1831768 0.1907871 0.1071027 0.2801742 0.0337035 0.1109008 0.1405363 0.4516153 0.1120342 0.1076277 0.0201658 0.1162391 0.0000000 0.1391339 0.0982796 0.1085922 0.1058960 0.0136229 0.1131539 0.1103292 0.2437973 0.1731784 0.0963607 0.2051092 0.1315827 0.2276808 0.1072412 0.1035376 0.1352087 0.1714157 0.1211829 0.1324601 0.1126043 0.1377357 0.1291489 0.1976304 0.1843733 0.0893683 0.1163964 0.1117090 0.2000055 0.1047365 0.0960031 0.0966159 0.0952041 0.1897863 0.1130711 0.1134492 0.1168964 0.2454344 0.0909765 0.1565510 0.1399079 0.2323869 
Perityle_hofmeisteria_4_nombre_de_dios     0.1309079 0.1638414 0.1398296 0.3208219 0.1313420 0.1996832 0.1818385 0.4243242 0.1568350 0.1438354 0.1179504 0.3680809 0.0984498 0.6671005 0.1085124 0.1732079 0.0775384 0.1073686 0.1095477 0.1061726 0.1098131 0.1186757 0.2351840 0.1044942 0.1284698 0.1135153 0.1196498 0.1552830 0.1664929 0.1612860 0.1666096 0.1507711 0.1047404 0.2097634 0.1538838 0.1012654 0.0230195 0.4919123 0.1031484 0.1074675 0.1386293 0.0796094 0.1391339 0.0000000 0.1001690 0.1047171 0.1112061 0.1346772 0.1173278 0.1145443 0.2608979 0.1316782 0.0969919 0.1647616 0.1036549 0.1721846 0.1127169 0.1086141 0.1168415 0.1506149 0.1155594 0.1094563 0.1083874 0.1193010 0.1271643 0.1968202 0.1857480 0.0595618 0.0969278 0.1186757 0.1526940 0.1099023 0.0663392 0.1033094 0.0559640 0.1899196 0.1179706 0.1152906 0.1191856 0.2313959 0.0973104 0.1229707 0.1133100 0.1782747 
Perityle_huecosensis_48                    0.1253585 0.1476364 0.1287005 0.3010572 0.1207296 0.1709238 0.1367087 0.4018860 0.1507100 0.1355365 0.0667217 0.2791741 0.0508236 0.5596497 0.0547705 0.1376286 0.0647023 0.0728598 0.0518462 0.0500885 0.0438218 0.0646179 0.1365079 0.0514800 0.0940493 0.0535789 0.1033904 0.1372359 0.2776850 0.1321513 0.1410948 0.1347865 0.0550572 0.2299399 0.1044151 0.0451935 0.1002297 0.3528232 0.0581468 0.0678258 0.0945158 0.0577140 0.0982796 0.1001690 0.0000000 0.0573665 0.0536474 0.0935909 0.0768702 0.0553047 0.1955428 0.1214066 0.0225534 0.1562455 0.0661583 0.1460682 0.0531123 0.0513492 0.0888623 0.1234312 0.0862160 0.1007071 0.0521884 0.0972893 0.0942524 0.1482515 0.1455777 0.0329949 0.0561775 0.0646179 0.1331440 0.0513444 0.0441510 0.0399187 0.0514608 0.1469453 0.0697143 0.0590118 0.0686335 0.2124663 0.0374459 0.1127205 0.0901187 0.1724130 
