85
Amauria_brandeegeana_62                    0.0000000 0.2429739 0.0743750 0.4095244 0.0817606 0.1034588 0.5449019 0.1183786 0.0044104 0.1108207 0.5802937 0.0840842 0.5624749 0.0764611 0.0877008 0.0674963 0.0893542 0.0914992 0.0733904 0.0771983 0.0912313 0.3306611 0.0887275 0.0784740 0.0795000 0.0796792 0.4941806 0.0799710 0.1267645 0.2455909 0.0840212 0.3078369 0.0029257 0.0902426 0.0797416 0.5338060 0.0870704 0.0930664 0.5731235 0.0920876 0.0866712 0.5667381 0.0849650 0.5434396 0.0929396 0.4861044 0.4391400 0.0689828 0.2810886 0.1010717 0.0796065 0.0713946 0.0827267 0.0917431 0.0755082 0.0830197 0.5110471 0.0769034 0.0703492 0.1098645 0.3768217 0.5354351 0.0731196 0.0875951 0.0795031 0.0881291 0.5488471 0.4564488 0.2186587 0.0829485 0.0847349 0.2462636 0.0871235 0.0898053 0.0770462 0.2172192 0.6581932 0.6433104 0.0670325 0.0920515 0.4249778 0.0771120 0.1146831 0.0724772 0.4943184 
Amauria_carterae_99_mesa                   0.2429739 0.0000000 0.2533617 0.1923748 0.2554827 0.2243093 0.1355952 0.2585537 0.2429739 0.2594856 0.0385029 0.2632673 0.1066766 0.2744226 0.2539298 0.2521838 0.2473206 0.2519215 0.2521838 0.2516530 0.2691415 0.0925118 0.2760524 0.2739623 0.2573272 0.2568753 0.0430795 0.2483046 0.2730679 0.0749492 0.2533519 0.1621991 0.2429739 0.2687023 0.2578769 0.0671440 0.2567829 0.2938476 0.0429494 0.2756899 0.2636185 0.0671440 0.2819318 0.0670688 0.2927339 0.0252601 0.0210476 0.2686287 0.0413549 0.2304910 0.2584723 0.2584229 0.2568753 0.2767861 0.2699593 0.2434624 0.1359319 0.2686287 0.2695943 0.2982731 0.1111175 0.0693389 0.2114153 0.2752418 0.2477593 0.2452289 0.0698291 0.2161913 0.0909219 0.2682013 0.2755166 0.2461180 0.2633898 0.2573272 0.2516530 0.0100965 0.0697903 0.0348057 0.2596346 0.2815428 0.1998255 0.2738078 0.2967406 0.2789821 0.1113382 
Amauria_rotundifolia_SRR9119150            0.0743750 0.2533617 0.0000000 0.3961888 0.0707551 0.1033214 0.5418233 0.1125037 0.0665477 0.1019683 0.5677774 0.0772216 0.5415503 0.0788836 0.0893451 0.0693279 0.0886935 0.1042235 0.0722253 0.0831866 0.0910345 0.3206020 0.0802702 0.0757834 0.0784572 0.0714893 0.4789729 0.0878204 0.1145778 0.2348974 0.0745675 0.3067025 0.0663071 0.0876188 0.0758073 0.5178260 0.0830578 0.1065763 0.5749711 0.0806693 0.0799830 0.5460491 0.0749836 0.5233868 0.1049655 0.4717749 0.4383800 0.0696802 0.2692050 0.0974251 0.0755388 0.0746199 0.0749053 0.1004019 0.0866614 0.0781979 0.4995393 0.0766836 0.0682080 0.1190075 0.3684825 0.5293081 0.0848468 0.0832848 0.0812660 0.0799834 0.5404154 0.4327850 0.1995417 0.0790012 0.0734511 0.2527223 0.0793644 0.0895923 0.0690354 0.2127389 0.6426248 0.6372507 0.0674961 0.0848032 0.4266646 0.0816823 0.1027047 0.0772981 0.4709544 
Conoclinium_coelestinum_SRR9119114         0.4095244 0.1923748 0.3961888 0.0000000 0.3992021 0.2950086 0.3009628 0.3689557 0.3816772 0.4105216 0.2503465 0.4124273 0.4454762 0.4472579 0.4217868 0.3977319 0.3452710 0.3822289 0.3962067 0.3738826 0.3749458 0.2394097 0.4074289 0.4012044 0.3929125 0.3999640 0.2313717 0.3927208 0.4183903 0.2050070 0.4032534 0.3258606 0.3863988 0.4059445 0.3799590 0.2485183 0.3933022 0.4061807 0.3421099 0.4109622 0.4045047 0.2569317 0.3300713 0.2219933 0.4095165 0.2268740 0.1900444 0.3883248 0.1234345 0.2907003 0.3942147 0.3965772 0.3965957 0.3857316 0.4021907 0.3262598 0.3494078 0.3868315 0.3911054 0.4073259 0.2816561 0.2335873 0.3257336 0.3996007 0.4103340 0.4009995 0.2295551 0.3831024 0.1996719 0.3861705 0.4064969 0.6367152 0.3949884 0.4666523 0.4015447 0.1623779 0.2952796 0.3247860 0.3809244 0.3938290 0.3438816 0.4070411 0.4225922 0.4076109 0.3394180 
Eutetras_palmeri_63                        0.0817606 0.2554827 0.0707551 0.3992021 0.0000000 0.0905862 0.5508829 0.1077237 0.0767280 0.0679406 0.5578245 0.0566443 0.5538356 0.0663608 0.0738498 0.0401075 0.0638081 0.0730220 0.0494616 0.0444971 0.0513354 0.3210422 0.0528585 0.0479078 0.0470552 0.0444196 0.4713414 0.0597171 0.1065399 0.2625786 0.0593956 0.3097689 0.0780354 0.0572078 0.0567685 0.5261665 0.0539097 0.0934861 0.5739191 0.0598845 0.0538774 0.5544597 0.0620967 0.5310343 0.0948576 0.4625633 0.4385175 0.0492856 0.2624049 0.0679259 0.0476999 0.0458680 0.0447110 0.0693496 0.0673988 0.0586440 0.4711200 0.0417673 0.0489124 0.0840308 0.3683467 0.5239908 0.0489447 0.0611492 0.0546935 0.0484773 0.5344948 0.4442762 0.2283448 0.0526865 0.0529415 0.2143918 0.0489289 0.0613584 0.0470779 0.2070324 0.6395673 0.6257400 0.0469218 0.0626040 0.4281328 0.0499685 0.0940646 0.0674426 0.4565695 
Eutetras_pringlei_149_quer                 0.1034588 0.2243093 0.1033214 0.2950086 0.0905862 0.0000000 0.3140987 0.1208348 0.0989634 0.0936652 0.3215585 0.0674648 0.2852475 0.0609748 0.0721032 0.0555639 0.0722221 0.0593360 0.0553503 0.0595829 0.0643576 0.2528593 0.0727928 0.0676160 0.0635664 0.0509862 0.3039141 0.0477989 0.1202814 0.2633812 0.0722094 0.3906207 0.0989634 0.0747123 0.0761929 0.3027462 0.0719925 0.1027655 0.3054981 0.0646389 0.0677611 0.3027462 0.0732949 0.3023970 0.0979500 0.2788050 0.3032628 0.0640001 0.2645294 0.0616288 0.0768764 0.0512351 0.0510970 0.1030797 0.0728364 0.0824909 0.2879538 0.0600033 0.0641757 0.1013062 0.2793217 0.3143339 0.0510448 0.0771561 0.0477319 0.0551982 0.3256933 0.3779522 0.2424214 0.0636081 0.0604606 0.0769970 0.0601986 0.0565565 0.0592957 0.2260128 0.3256933 0.3062404 0.0597269 0.0730343 0.3045422 0.0631591 0.1291612 0.0759443 0.2888769 
Eutrochium_fistulosum_SRR9119106           0.5449019 0.1355952 0.5418233 0.3009628 0.5508829 0.3140987 0.0000000 0.4765280 0.5264276 0.5766462 0.2599330 0.5340419 0.3059722 0.4323696 0.5679062 0.5205926 0.4831667 0.5598655 0.5059158 0.5230655 0.5380275 0.1640830 0.5466890 0.5400470 0.5204979 0.5417151 0.3147809 0.5668078 0.4491891 0.1267759 0.5430341 0.4338354 0.5264276 0.5417858 0.5081009 0.3557253 0.5161639 0.5668360 0.3658672 0.5521042 0.5403486 0.3504654 0.4872452 0.3502451 0.5655397 0.3234188 0.3146567 0.5198424 0.3501936 0.4741691 0.5246181 0.5387980 0.5413671 0.5413642 0.5487574 0.4771539 0.2751983 0.5299726 0.5126692 0.5898811 0.2228773 0.3641509 0.3966283 0.5412277 0.5575437 0.5398295 0.3103484 0.4950765 0.1226867 0.5117143 0.5564081 0.6973274 0.5382584 0.4577521 0.5176154 0.1271945 0.2480148 0.2609316 0.5074249 0.5461098 0.2644283 0.5327163 0.5749127 0.5526509 0.2608645 
Galeana_pratensis_104_mex                  0.1183786 0.2585537 0.1125037 0.3689557 0.1077237 0.1208348 0.4765280 0.0000000 0.1156623 0.1315756 0.4521872 0.1137588 0.3490091 0.1175034 0.1100147 0.0992420 0.1036358 0.1168282 0.0934526 0.1018447 0.1110032 0.2985613 0.1102246 0.1095571 0.0987444 0.0981902 0.4352707 0.1142860 0.1379181 0.2264358 0.1013230 0.3362944 0.1156623 0.1119188 0.0912451 0.4373434 0.1043165 0.1314460 0.4725379 0.1073883 0.1142329 0.4491442 0.1215321 0.4618620 0.1283483 0.4284458 0.4324465 0.0984088 0.3000519 0.1365543 0.1059247 0.0960386 0.0984588 0.1295442 0.1174194 0.1096555 0.3348545 0.0976482 0.1004729 0.1239945 0.3496509 0.4436112 0.1169416 0.1122234 0.1115190 0.0957194 0.4735320 0.4340432 0.2178315 0.1071637 0.1048962 0.2237474 0.1083824 0.0988437 0.1009315 0.2231767 0.5379561 0.4978057 0.1066367 0.1149230 0.3598049 0.1086669 0.1364388 0.1152212 0.3205842 
Lycapsus_tenuifolius_17                    0.0044104 0.2429739 0.0665477 0.3816772 0.0767280 0.0989634 0.5264276 0.1156623 0.0000000 0.1116493 0.5657629 0.0728679 0.5491695 0.0737486 0.0899058 0.0648245 0.0863321 0.0760430 0.0710230 0.0692690 0.0870905 0.3306611 0.0829114 0.0768108 0.0774460 0.0757607 0.4894308 0.0741315 0.1238358 0.2455909 0.0808226 0.3305015 0.0014741 0.0880082 0.0797355 0.5078407 0.0794010 0.1018214 0.5331318 0.0883923 0.0808792 0.5386424 0.0843795 0.5283793 0.1016599 0.4727698 0.4223154 0.0718754 0.2838475 0.0819653 0.0775247 0.0649246 0.0808690 0.0934095 0.0817182 0.0853095 0.4967269 0.0716498 0.0732832 0.1021431 0.3768217 0.5186056 0.0700171 0.0815914 0.0773541 0.0823469 0.5461369 0.4700677 0.2186587 0.0747085 0.0833836 0.2146671 0.0844906 0.0898494 0.0680579 0.2172192 0.6510043 0.6297440 0.0696659 0.0799664 0.4180431 0.0743188 0.1102325 0.0743463 0.4893815 
Pericome_caudata_50_silver                 0.1108207 0.2594856 0.1019683 0.4105216 0.0679406 0.0936652 0.5766462 0.1315756 0.1116493 0.0000000 0.5840465 0.0941211 0.5825520 0.0781975 0.0989778 0.0650349 0.1024222 0.1111090 0.0780399 0.0764333 0.0893763 0.3296313 0.0804734 0.0773871 0.0755877 0.0785502 0.4915589 0.0944339 0.1490264 0.2600090 0.0886242 0.3236469 0.1094575 0.0801118 0.0938014 0.5329584 0.0843155 0.1123833 0.5967448 0.0934949 0.0883903 0.5613028 0.1074726 0.5362873 0.1137599 0.4782748 0.4534246 0.0800486 0.2874249 0.1194313 0.0740030 0.0815029 0.0748773 0.0988992 0.1017364 0.1025857 0.4919290 0.0795790 0.0818333 0.1241389 0.3951403 0.5465991 0.1099041 0.0975974 0.0825812 0.0814466 0.5619949 0.4816707 0.2408859 0.0788046 0.0847882 0.2484051 0.0807130 0.0841800 0.0843050 0.2246689 0.6629535 0.6484115 0.0794867 0.0962821 0.4352005 0.0801213 0.1205889 0.0825319 0.4687458 
Perityle_aglossa_84_dead_horse             0.5802937 0.0385029 0.5677774 0.2503465 0.5578245 0.3215585 0.2599330 0.4521872 0.5657629 0.5840465 0.0000000 0.5651975 0.4129915 0.5043146 0.5835636 0.5662827 0.4446666 0.4979881 0.5782496 0.5113404 0.5183446 0.1635385 0.5812988 0.5738257 0.5658465 0.5573932 0.0679474 0.5100839 0.4360348 0.0950773 0.5681083 0.3696004 0.5654152 0.5808191 0.5412052 0.1007364 0.5629489 0.6012692 0.1151510 0.5847492 0.5704180 0.1000933 0.4078718 0.0944026 0.6043001 0.0413041 0.0493570 0.5676775 0.0532415 0.3423491 0.5566659 0.5584846 0.5621038 0.5304495 0.5560218 0.4373068 0.3178502 0.5353701 0.5620354 0.5589215 0.2166999 0.0858119 0.3309005 0.5641855 0.5531830 0.5619845 0.0732472 0.4588203 0.1008258 0.5745084 0.5790762 0.6024947 0.5690765 0.5376948 0.5570723 0.0302527 0.0872549 0.0731524 0.5658210 0.5702991 0.2941934 0.5578152 0.5868107 0.5511596 0.3083735 
Perityle_ajoensis_204                      0.0840842 0.2632673 0.0772216 0.4124273 0.0566443 0.0674648 0.5340419 0.1137588 0.0728679 0.0941211 0.5651975 0.0000000 0.5749162 0.0393780 0.0759186 0.0425208 0.0704758 0.0835270 0.0448087 0.0472497 0.0538293 0.3459229 0.0510824 0.0460771 0.0480111 0.0452994 0.4762105 0.0622353 0.0968903 0.2711429 0.0741327 0.3398553 0.0725088 0.0583700 0.0513959 0.5309170 0.0562760 0.0971648 0.5880333 0.0511642 0.0360492 0.5590781 0.0331055 0.5369676 0.0985280 0.4669974 0.4391479 0.0429859 0.2753917 0.0513865 0.0419871 0.0374367 0.0483306 0.0700771 0.0698672 0.0662868 0.4988704 0.0399487 0.0410379 0.0957854 0.3795709 0.5359729 0.0334995 0.0443508 0.0597753 0.0493838 0.5335410 0.4711695 0.2393161 0.0496318 0.0443669 0.2375721 0.0484546 0.0464878 0.0164934 0.2292421 0.6295356 0.6157962 0.0420685 0.0457438 0.4502321 0.0455037 0.1052596 0.0683734 0.4822585 
Perityle_ambrosiifolia_67_green            0.5624749 0.1066766 0.5415503 0.4454762 0.5538356 0.2852475 0.3059722 0.3490091 0.5491695 0.5825520 0.4129915 0.5749162 0.0000000 0.4002932 0.5428547 0.5633755 0.3700524 0.4914780 0.5623626 0.4724056 0.4982244 0.0040473 0.5926585 0.5617638 0.5568297 0.5394534 0.4472826 0.5076056 0.3755112 0.1298207 0.5535844 0.1576425 0.5557892 0.5886175 0.5525060 0.4614408 0.5600483 0.5672618 0.3099006 0.5870023 0.5736346 0.4586372 0.4091818 0.4026750 0.5710066 0.4309919 0.3286153 0.5495203 0.2050118 0.3839576 0.5684955 0.5713854 0.5322447 0.5292892 0.5633613 0.4094415 0.1293925 0.5442529 0.5559209 0.5312696 0.0812121 0.4528406 0.3078844 0.5617698 0.5812551 0.5602518 0.3943029 0.2538143 0.0105932 0.5506855 0.5796876 0.5077257 0.5575854 0.4685717 0.5578328 0.0874851 0.4324125 0.4496667 0.5574904 0.5753671 0.0961004 0.5532506 0.5993977 0.5536021 0.0839659 
Perityle_angustifolia_13_Eagle_creek       0.0764611 0.2744226 0.0788836 0.4472579 0.0663608 0.0609748 0.4323696 0.1175034 0.0737486 0.0781975 0.5043146 0.0393780 0.4002932 0.0000000 0.0629140 0.0193774 0.0583970 0.0548081 0.0369771 0.0243840 0.0471455 0.3335382 0.0372398 0.0268075 0.0370314 0.0444324 0.4819899 0.0559675 0.1046358 0.2835662 0.0473390 0.4325179 0.0737486 0.0554785 0.0473370 0.5112224 0.0193793 0.0858863 0.4828804 0.0503353 0.0445843 0.5404116 0.0532791 0.5441267 0.0829062 0.4743543 0.4924477 0.0370917 0.2864876 0.0542786 0.0432538 0.0244487 0.0445599 0.0687002 0.0713074 0.0739521 0.3947526 0.0368867 0.0369485 0.0948567 0.3764911 0.5413198 0.0402681 0.0554617 0.0559675 0.0497741 0.5369902 0.5819226 0.2320945 0.0145463 0.0451887 0.0735659 0.0446012 0.0344497 0.0294078 0.2289916 0.5367435 0.5058136 0.0472115 0.0528780 0.4080891 0.0443342 0.0982523 0.0447266 0.3606472 
Perityle_batopilensis_97                   0.0877008 0.2539298 0.0893451 0.4217868 0.0738498 0.0721032 0.5679062 0.1100147 0.0899058 0.0989778 0.5835636 0.0759186 0.5428547 0.0629140 0.0000000 0.0596207 0.0580628 0.0842447 0.0564165 0.0585992 0.0651713 0.3223954 0.0637357 0.0520565 0.0605521 0.0564645 0.4995954 0.0672322 0.1064908 0.2614421 0.0691851 0.3249368 0.0895737 0.0816036 0.0548416 0.5531625 0.0676272 0.0873644 0.5908044 0.0625072 0.0605610 0.5779765 0.0639591 0.5536625 0.0887287 0.4899208 0.4581302 0.0595968 0.2719843 0.0882418 0.0757476 0.0706138 0.0569039 0.0953470 0.0703435 0.0625046 0.4840180 0.0678631 0.0624572 0.1259685 0.3684604 0.5457713 0.0455974 0.0793183 0.0669301 0.0592409 0.5467355 0.4700693 0.2259027 0.0607911 0.0555542 0.2463426 0.0570320 0.0535623 0.0690929 0.2053152 0.6496723 0.6580107 0.0645534 0.0822242 0.4332448 0.0734099 0.1032527 0.0686211 0.4528188 
Perityle_bisetosa_9                        0.0674963 0.2521838 0.0693279 0.3977319 0.0401075 0.0555639 0.5205926 0.0992420 0.0648245 0.0650349 0.5662827 0.0425208 0.5633755 0.0193774 0.0596207 0.0000000 0.0556860 0.0563827 0.0241774 0.0137719 0.0430004 0.3287464 0.0331864 0.0219618 0.0303166 0.0289655 0.4734423 0.0495187 0.0919659 0.2588141 0.0494633 0.3299839 0.0645425 0.0456175 0.0360720 0.5054709 0.0222362 0.0835314 0.5499033 0.0484673 0.0411959 0.5319031 0.0460404 0.5078670 0.0849250 0.4617637 0.4415488 0.0289549 0.2705355 0.0583670 0.0335291 0.0317592 0.0318901 0.0490963 0.0540943 0.0601426 0.4952834 0.0253069 0.0296042 0.0791211 0.3757301 0.5149005 0.0279714 0.0469230 0.0488342 0.0330556 0.5315545 0.4376379 0.2320945 0.0183028 0.0415074 0.2131513 0.0388411 0.0399633 0.0344341 0.2166338 0.6342188 0.6283651 0.0264439 0.0483303 0.4226185 0.0289524 0.0829273 0.0517071 0.4567758 
Perityle_californica_76_positas            0.0893542 0.2473206 0.0886935 0.3452710 0.0638081 0.0722221 0.4831667 0.1036358 0.0863321 0.1024222 0.4446666 0.0704758 0.3700524 0.0583970 0.0580628 0.0556860 0.0000000 0.0686692 0.0536536 0.0613670 0.0695304 0.2909157 0.0712673 0.0631399 0.0629784 0.0481572 0.3832239 0.0623989 0.0999544 0.2463794 0.0391566 0.2629662 0.0869803 0.0678678 0.0630765 0.4111119 0.0611649 0.0882040 0.5104207 0.0654821 0.0687449 0.4245291 0.0698584 0.4299941 0.0860465 0.3848559 0.3978766 0.0631670 0.2688697 0.0821898 0.0700088 0.0573959 0.0500255 0.0814438 0.0711038 0.0643842 0.3389954 0.0599072 0.0611239 0.0956267 0.3243082 0.4293800 0.0451914 0.0728862 0.0605408 0.0630139 0.4521764 0.3449354 0.2048706 0.0632614 0.0617344 0.2644154 0.0676310 0.0486769 0.0630366 0.1981305 0.5312003 0.4934601 0.0556669 0.0730013 0.3524732 0.0666127 0.0911778 0.0571403 0.3071507 
Perityle_canescens_77                      0.0914992 0.2519215 0.1042235 0.3822289 0.0730220 0.0593360 0.5598655 0.1168282 0.0760430 0.1111090 0.4979881 0.0835270 0.4914780 0.0548081 0.0842447 0.0563827 0.0686692 0.0000000 0.0556750 0.0647595 0.0812400 0.3279871 0.0826517 0.0618456 0.0770576 0.0689095 0.4255597 0.0787014 0.1132523 0.2646354 0.0835808 0.3053579 0.0765455 0.0871927 0.0591136 0.4827085 0.0804885 0.0954786 0.5906015 0.0778425 0.0802318 0.5078314 0.0676439 0.5127252 0.0936278 0.4306371 0.4436488 0.0577477 0.2794903 0.1062851 0.0784570 0.0690516 0.0706954 0.0962125 0.0840499 0.0642662 0.4656300 0.0728922 0.0540541 0.1177632 0.3671200 0.4936253 0.0362903 0.0926773 0.0735300 0.0786374 0.4961422 0.4311036 0.2310283 0.0758136 0.0761755 0.2239893 0.0779673 0.0504152 0.0803613 0.2226422 0.5845334 0.5649481 0.0544107 0.0891543 0.4384103 0.0788659 0.1043324 0.0837288 0.4367153 
Perityle_castillonii_96                    0.0733904 0.2521838 0.0722253 0.3962067 0.0494616 0.0553503 0.5059158 0.0934526 0.0710230 0.0780399 0.5782496 0.0448087 0.5623626 0.0369771 0.0564165 0.0241774 0.0536536 0.0556750 0.0000000 0.0251887 0.0403880 0.3220837 0.0366259 0.0263458 0.0267135 0.0280982 0.4901243 0.0487079 0.0861668 0.2588141 0.0546452 0.3413815 0.0723686 0.0554465 0.0281965 0.5130115 0.0350600 0.0883658 0.5314172 0.0450713 0.0405207 0.5425387 0.0415645 0.5076036 0.0897904 0.4758102 0.4376158 0.0347336 0.2716372 0.0527046 0.0370841 0.0393640 0.0310626 0.0531073 0.0549946 0.0534565 0.4815845 0.0271792 0.0340548 0.0723055 0.3632528 0.5194258 0.0250033 0.0493290 0.0527188 0.0294944 0.5354106 0.4458527 0.2320945 0.0296546 0.0380304 0.2145809 0.0381217 0.0238738 0.0393377 0.2166338 0.6500773 0.6375514 0.0306610 0.0479161 0.4209448 0.0309467 0.0905567 0.0572238 0.4630317 
Perityle_cernua_84                         0.0771983 0.2516530 0.0831866 0.3738826 0.0444971 0.0595829 0.5230655 0.1018447 0.0692690 0.0764333 0.5113404 0.0472497 0.4724056 0.0243840 0.0585992 0.0137719 0.0613670 0.0647595 0.0251887 0.0000000 0.0335480 0.3288720 0.0256275 0.0139069 0.0239909 0.0316128 0.4312066 0.0545550 0.1003117 0.2645242 0.0616801 0.2910190 0.0697289 0.0525140 0.0369680 0.4686269 0.0148357 0.0911568 0.5776287 0.0366009 0.0362495 0.4937332 0.0439882 0.4986381 0.0893085 0.4263680 0.4442116 0.0411985 0.2720792 0.0515596 0.0353478 0.0286494 0.0301196 0.0640308 0.0732355 0.0645575 0.4598522 0.0366933 0.0406353 0.0832574 0.3773230 0.4917822 0.0308664 0.0524776 0.0546276 0.0331710 0.4943419 0.4012911 0.2320945 0.0103714 0.0350264 0.2365325 0.0304424 0.0273972 0.0394792 0.2225358 0.5938041 0.5712668 0.0396167 0.0540848 0.4395756 0.0395634 0.1004096 0.0627767 0.4202146 
Perityle_cfvillosa_25_tin                  0.0912313 0.2691415 0.0910345 0.3749458 0.0513354 0.0643576 0.5380275 0.1110032 0.0870905 0.0893763 0.5183446 0.0538293 0.4982244 0.0471455 0.0651713 0.0430004 0.0695304 0.0812400 0.0403880 0.0335480 0.0000000 0.3398968 0.0418685 0.0369181 0.0324260 0.0414859 0.4339526 0.0596536 0.1072302 0.2779144 0.0760998 0.2862046 0.0876571 0.0610311 0.0462215 0.4667742 0.0416569 0.0858499 0.5765890 0.0480247 0.0444776 0.4897908 0.0511346 0.4946439 0.0857044 0.4285832 0.4369007 0.0380749 0.2653213 0.0499503 0.0470817 0.0340967 0.0400719 0.0737456 0.0748711 0.0654080 0.4693494 0.0338524 0.0373947 0.0878008 0.3798007 0.4911274 0.0313894 0.0622407 0.0595573 0.0400016 0.4996563 0.3962092 0.2390422 0.0386663 0.0449573 0.2336535 0.0028772 0.0239911 0.0493099 0.2360580 0.5999866 0.5772057 0.0519922 0.0607049 0.4263000 0.0462907 0.1098747 0.0741823 0.4420832 
Perityle_cinerea_113_Powell1310            0.3306611 0.0925118 0.3206020 0.2394097 0.3210422 0.2528593 0.1640830 0.2985613 0.3306611 0.3296313 0.1635385 0.3459229 0.0040473 0.3335382 0.3223954 0.3287464 0.2909157 0.3279871 0.3220837 0.3288720 0.3398968 0.0000000 0.3409816 0.3450705 0.3274212 0.3202489 0.1746672 0.3494687 0.3134499 0.1193426 0.3240608 0.0741192 0.3306611 0.3467455 0.3329970 0.1775524 0.3207948 0.3472229 0.1495454 0.3336528 0.3327612 0.1722141 0.3018427 0.1769284 0.3459079 0.1584478 0.1634068 0.3213425 0.0748699 0.2513776 0.3336708 0.3289315 0.3142311 0.3366746 0.3350728 0.3283865 0.0763049 0.3274212 0.3220837 0.3452784 0.0676228 0.2030661 0.2403564 0.3390118 0.3431975 0.3089476 0.1746827 0.1886331 0.0054472 0.3207948 0.3401755 0.3215357 0.3337352 0.3274212 0.3287578 0.0725753 0.1746827 0.1849753 0.3373103 0.3526142 0.0851685 0.3327612 0.3637921 0.3518885 0.0771140 
Perityle_coahuilensis_24                   0.0887275 0.2760524 0.0802702 0.4074289 0.0528585 0.0727928 0.5466890 0.1102246 0.0829114 0.0804734 0.5812988 0.0510824 0.5926585 0.0372398 0.0637357 0.0331864 0.0712673 0.0826517 0.0366259 0.0256275 0.0418685 0.3409816 0.0000000 0.0262425 0.0296355 0.0349029 0.4960729 0.0661632 0.1003136 0.2854386 0.0689602 0.3363142 0.0826078 0.0543997 0.0438140 0.5405596 0.0336144 0.0949071 0.5819067 0.0392092 0.0362427 0.5690947 0.0506775 0.5473922 0.0962797 0.4842153 0.4519798 0.0505512 0.2820832 0.0585664 0.0394991 0.0444686 0.0351293 0.0691301 0.0822103 0.0691510 0.5069641 0.0474080 0.0501824 0.0884905 0.3845428 0.5445896 0.0455828 0.0568402 0.0630138 0.0335372 0.5516955 0.4576351 0.2471863 0.0297198 0.0325006 0.2316792 0.0352615 0.0377541 0.0457599 0.2365169 0.6590563 0.6540600 0.0482025 0.0568936 0.4462251 0.0485090 0.1012466 0.0658155 0.4753333 
Perityle_cochisensis_44_cave_creek         0.0784740 0.2739623 0.0757834 0.4012044 0.0479078 0.0676160 0.5400470 0.1095571 0.0768108 0.0773871 0.5738257 0.0460771 0.5617638 0.0268075 0.0520565 0.0219618 0.0631399 0.0618456 0.0263458 0.0139069 0.0369181 0.3450705 0.0262425 0.0000000 0.0289059 0.0274726 0.4804988 0.0582679 0.1028112 0.2830389 0.0606419 0.3321691 0.0771771 0.0540391 0.0359383 0.5155031 0.0219154 0.0878721 0.5612602 0.0376795 0.0345686 0.5488208 0.0460559 0.5384325 0.0862021 0.4687947 0.4537288 0.0420497 0.2798317 0.0567597 0.0395197 0.0404779 0.0305107 0.0698804 0.0710388 0.0687741 0.5061052 0.0400596 0.0430441 0.0894885 0.3907825 0.5409235 0.0394253 0.0536566 0.0586568 0.0317339 0.5527412 0.4435122 0.2454013 0.0178008 0.0348406 0.2217882 0.0306516 0.0284785 0.0418575 0.2349242 0.6556505 0.6405609 0.0420308 0.0536756 0.4503710 0.0431509 0.0946798 0.0572214 0.4679674 
Perityle_congesta_202                      0.0795000 0.2573272 0.0784572 0.3929125 0.0470552 0.0635664 0.5204979 0.0987444 0.0774460 0.0755877 0.5658465 0.0480111 0.5568297 0.0370314 0.0605521 0.0303166 0.0629784 0.0770576 0.0267135 0.0239909 0.0324260 0.3274212 0.0296355 0.0289059 0.0000000 0.0333310 0.4833643 0.0607090 0.0943229 0.2645242 0.0643605 0.3262878 0.0754990 0.0456789 0.0404200 0.5256794 0.0360846 0.0911981 0.5757368 0.0376036 0.0346576 0.5557610 0.0437508 0.5336483 0.0925567 0.4680414 0.4466110 0.0401604 0.2834133 0.0534835 0.0352802 0.0348363 0.0335454 0.0609775 0.0741332 0.0641827 0.4809231 0.0356817 0.0395993 0.0830035 0.3738287 0.5356278 0.0364413 0.0510008 0.0569680 0.0294170 0.5393197 0.4444721 0.2320945 0.0322012 0.0322783 0.2210233 0.0297035 0.0129425 0.0387489 0.2225358 0.6354717 0.6382874 0.0406277 0.0510478 0.4390248 0.0347744 0.1006284 0.0612126 0.4561486 
Perityle_cordifolia_27                     0.0796792 0.2568753 0.0714893 0.3999640 0.0444196 0.0509862 0.5417151 0.0981902 0.0757607 0.0785502 0.5573932 0.0452994 0.5394534 0.0444324 0.0564645 0.0289655 0.0481572 0.0689095 0.0280982 0.0316128 0.0414859 0.3202489 0.0349029 0.0274726 0.0333310 0.0000000 0.4743829 0.0542738 0.0832952 0.2636064 0.0535096 0.3130450 0.0754868 0.0569378 0.0327336 0.5302363 0.0387278 0.0882371 0.5718348 0.0389838 0.0346664 0.5583966 0.0414543 0.5363852 0.0895933 0.4634845 0.4353784 0.0401296 0.2741556 0.0535040 0.0460576 0.0428032 0.0127113 0.0626065 0.0698184 0.0554864 0.4717310 0.0399565 0.0395683 0.0784846 0.3557242 0.5338956 0.0054630 0.0537792 0.0501820 0.0190633 0.5350506 0.4378320 0.2176372 0.0335270 0.0323148 0.2241268 0.0336751 0.0327710 0.0414314 0.2094432 0.6341413 0.6252414 0.0362785 0.0551739 0.4250271 0.0441476 0.0905504 0.0599271 0.4400391 
Perityle_cordifolia_68_tecolote            0.4941806 0.0430795 0.4789729 0.2313717 0.4713414 0.3039141 0.3147809 0.4352707 0.4894308 0.4915589 0.0679474 0.4762105 0.4472826 0.4819899 0.4995954 0.4734423 0.3832239 0.4255597 0.4901243 0.4312066 0.4339526 0.1746672 0.4960729 0.4804988 0.4833643 0.4743829 0.0000000 0.4314750 0.4261284 0.0894485 0.4716817 0.3419388 0.4907967 0.4813226 0.4676201 0.0974752 0.4817959 0.5004968 0.1766098 0.4955516 0.4906994 0.0936473 0.3470031 0.0879073 0.5028068 0.0511675 0.0659997 0.4757205 0.0381893 0.3014235 0.4762111 0.4739659 0.4791647 0.4428222 0.4675338 0.3847080 0.3401013 0.4474800 0.4698256 0.4608190 0.2171114 0.0812414 0.3154323 0.4859522 0.4692008 0.4777006 0.0698236 0.4149271 0.1009438 0.4845320 0.4941130 0.6557373 0.4778857 0.5162558 0.4697240 0.0200296 0.0760847 0.0878626 0.4718964 0.4908936 0.3093712 0.4695363 0.4978452 0.4667333 0.3051637 
Perityle_coronopifolia_28_patagonia        0.0799710 0.2483046 0.0878204 0.3927208 0.0597171 0.0477989 0.5668078 0.1142860 0.0741315 0.0944339 0.5100839 0.0622353 0.5076056 0.0559675 0.0672322 0.0495187 0.0623989 0.0787014 0.0487079 0.0545550 0.0596536 0.3494687 0.0661632 0.0582679 0.0607090 0.0542738 0.4314750 0.0000000 0.1110464 0.2599253 0.0708200 0.2862270 0.0746324 0.0714905 0.0642182 0.4750411 0.0641638 0.0814008 0.5919810 0.0644653 0.0655007 0.5001250 0.0603591 0.5051195 0.0795837 0.4294415 0.4428031 0.0520654 0.2832878 0.0649678 0.0601380 0.0462856 0.0559192 0.0760488 0.0579261 0.0534610 0.4678311 0.0482263 0.0517134 0.0944193 0.3946444 0.4998710 0.0344706 0.0693496 0.0089491 0.0606950 0.4955953 0.4095926 0.2318072 0.0594128 0.0612253 0.2440019 0.0564060 0.0566067 0.0574455 0.2226353 0.5881014 0.5475363 0.0557641 0.0710952 0.4548339 0.0560404 0.1017888 0.0766087 0.4557041 
Perityle_crassifolia_70_ventanas           0.1267645 0.2730679 0.1145778 0.4183903 0.1065399 0.1202814 0.4491891 0.1379181 0.1238358 0.1490264 0.4360348 0.0968903 0.3755112 0.1046358 0.1064908 0.0919659 0.0999544 0.1132523 0.0861668 0.1003117 0.1072302 0.3134499 0.1003136 0.1028112 0.0943229 0.0832952 0.4261284 0.1110464 0.0000000 0.2750331 0.0948801 0.3854698 0.1238358 0.1173905 0.0972282 0.4646538 0.0999808 0.1204902 0.4558049 0.1066688 0.0889556 0.4648768 0.1168066 0.4786846 0.1172612 0.4010195 0.4297138 0.0939309 0.3360709 0.1163692 0.0990564 0.0860533 0.0782043 0.1274138 0.1062289 0.1060179 0.3202119 0.0905266 0.0960976 0.1324125 0.3396540 0.4306506 0.0855854 0.1144491 0.1025358 0.0892231 0.4506511 0.4830182 0.2553642 0.1030906 0.1012048 0.1993745 0.1044580 0.0927541 0.0835074 0.2380350 0.4990224 0.4796993 0.0998032 0.1147003 0.3803300 0.0993290 0.0167922 0.1063037 0.3218072 
Perityle_crassifolia_74_playa_balandra     0.2455909 0.0749492 0.2348974 0.2050070 0.2625786 0.2633812 0.1267759 0.2264358 0.2455909 0.2600090 0.0950773 0.2711429 0.1298207 0.2835662 0.2614421 0.2588141 0.2463794 0.2646354 0.2588141 0.2645242 0.2779144 0.1193426 0.2854386 0.2830389 0.2645242 0.2636064 0.0894485 0.2599253 0.2750331 0.0000000 0.2540004 0.1352274 0.2455909 0.2769167 0.2640865 0.1059703 0.2639000 0.3074713 0.0793288 0.2637258 0.2713623 0.1059703 0.2704862 0.1058381 0.3062088 0.0733912 0.0737049 0.2577306 0.0844803 0.2717154 0.2645967 0.2600358 0.2634139 0.2692280 0.2666939 0.2553380 0.1307067 0.2577306 0.2520528 0.3046040 0.1287414 0.1031544 0.2702141 0.2626229 0.2593121 0.2577306 0.1013119 0.1770507 0.1022414 0.2702381 0.2702187 0.2520528 0.2714993 0.2645242 0.2582063 0.0747986 0.1013119 0.0815221 0.2671652 0.2694201 0.1416525 0.2634139 0.2953566 0.2895495 0.1290047 
Perityle_cuneata_34_cuneata_San_antonio    0.0840212 0.2533519 0.0745675 0.4032534 0.0593956 0.0722094 0.5430341 0.1013230 0.0808226 0.0886242 0.5681083 0.0741327 0.5535844 0.0473390 0.0691851 0.0494633 0.0391566 0.0835808 0.0546452 0.0616801 0.0760998 0.3240608 0.0689602 0.0606419 0.0643605 0.0535096 0.4716817 0.0708200 0.0948801 0.2540004 0.0000000 0.3311435 0.0788507 0.0713651 0.0609902 0.5150878 0.0728394 0.0931654 0.5692648 0.0719955 0.0713096 0.5430390 0.0635042 0.5174074 0.0945324 0.4621589 0.4340709 0.0517016 0.2715160 0.0950855 0.0682759 0.0632131 0.0579951 0.0767439 0.0759458 0.0646200 0.4965662 0.0630695 0.0513845 0.1040682 0.3714926 0.5324982 0.0452504 0.0760595 0.0654817 0.0658325 0.5351450 0.4648580 0.2266471 0.0688243 0.0649729 0.2226235 0.0705371 0.0560417 0.0645607 0.2177664 0.6364085 0.6238063 0.0479630 0.0803219 0.4241657 0.0646538 0.0921554 0.0490298 0.4659615 
Perityle_cuneata_4                         0.3078369 0.1621991 0.3067025 0.3258606 0.3097689 0.3906207 0.4338354 0.3362944 0.3305015 0.3236469 0.3696004 0.3398553 0.1576425 0.4325179 0.3249368 0.3299839 0.2629662 0.3053579 0.3413815 0.2910190 0.2862046 0.0741192 0.3363142 0.3321691 0.3262878 0.3130450 0.3419388 0.2862270 0.3854698 0.1352274 0.3311435 0.0000000 0.3394652 0.3022347 0.3575083 0.3421595 0.3219404 0.3259818 0.4560916 0.3405435 0.3420725 0.3495231 0.2902432 0.3081170 0.3282922 0.3266305 0.2869768 0.3321661 0.2093904 0.2702310 0.3148837 0.3299661 0.3053905 0.2805909 0.3041386 0.3063660 0.1731157 0.2989036 0.3517759 0.3272590 0.1080290 0.3531253 0.3342952 0.3340591 0.3180857 0.3265056 0.3200349 0.1446337 0.0339815 0.3253637 0.3319419 0.6073411 0.3204781 0.4494662 0.3300385 0.1379964 0.3966090 0.3685787 0.3413025 0.3404257 0.1494144 0.3283846 0.3490979 0.3174854 0.1099575 
Perityle_discoidea_81                      0.0029257 0.2429739 0.0663071 0.3863988 0.0780354 0.0989634 0.5264276 0.1156623 0.0014741 0.1094575 0.5654152 0.0725088 0.5557892 0.0737486 0.0895737 0.0645425 0.0869803 0.0765455 0.0723686 0.0697289 0.0876571 0.3306611 0.0826078 0.0771771 0.0754990 0.0754868 0.4907967 0.0746324 0.1238358 0.2455909 0.0788507 0.3394652 0.0000000 0.0859011 0.0801223 0.5123210 0.0807349 0.1015441 0.5274396 0.0897825 0.0805848 0.5431538 0.0851000 0.5246418 0.1013835 0.4769862 0.4226605 0.0699409 0.2830409 0.0827773 0.0755356 0.0630473 0.0805747 0.0920179 0.0803689 0.0853095 0.4937029 0.0702781 0.0713453 0.1007777 0.3768217 0.5149689 0.0700171 0.0795969 0.0753703 0.0820475 0.5411355 0.4773270 0.2186587 0.0760549 0.0830765 0.2146671 0.0841811 0.0898494 0.0661630 0.2172192 0.6535672 0.6335863 0.0677607 0.0779818 0.4180431 0.0723889 0.1099878 0.0723748 0.4877238 
Perityle_dissecta_201                      0.0902426 0.2687023 0.0876188 0.4059445 0.0572078 0.0747123 0.5417858 0.1119188 0.0880082 0.0801118 0.5808191 0.0583700 0.5886175 0.0554785 0.0816036 0.0456175 0.0678678 0.0871927 0.0554465 0.0525140 0.0610311 0.3467455 0.0543997 0.0540391 0.0456789 0.0569378 0.4813226 0.0714905 0.1173905 0.2769167 0.0713651 0.3022347 0.0859011 0.0000000 0.0687001 0.5390513 0.0599143 0.0992217 0.5981761 0.0614931 0.0555155 0.5681680 0.0572472 0.5428251 0.1006338 0.4709719 0.4405883 0.0550930 0.2677231 0.0583905 0.0487221 0.0500774 0.0573257 0.0399236 0.0816494 0.0787136 0.5039769 0.0519499 0.0550423 0.0883715 0.3980079 0.5183272 0.0642226 0.0500310 0.0647388 0.0554675 0.5473840 0.4543551 0.2538735 0.0570829 0.0543810 0.2349122 0.0546534 0.0564065 0.0528287 0.2354371 0.6662065 0.6516767 0.0423424 0.0571792 0.4703041 0.0528512 0.1092222 0.0665291 0.4883490 
Perityle_emoryi_47_punta_san_jose          0.0797416 0.2578769 0.0758073 0.3799590 0.0567685 0.0761929 0.5081009 0.0912451 0.0797355 0.0938014 0.5412052 0.0513959 0.5525060 0.0473370 0.0548416 0.0360720 0.0630765 0.0591136 0.0281965 0.0369680 0.0462215 0.3329970 0.0438140 0.0359383 0.0404200 0.0327336 0.4676201 0.0642182 0.0972282 0.2640865 0.0609902 0.3575083 0.0801223 0.0687001 0.0000000 0.4844953 0.0421233 0.0888121 0.5476699 0.0407938 0.0389103 0.5166471 0.0557573 0.5191872 0.0869347 0.4458432 0.4319414 0.0460011 0.2822478 0.0596325 0.0571562 0.0500662 0.0358870 0.0713972 0.0659920 0.0686849 0.4934742 0.0411495 0.0443004 0.0886812 0.3747966 0.4959905 0.0392710 0.0612891 0.0652504 0.0328085 0.5267135 0.4581061 0.2524128 0.0406776 0.0377159 0.1994514 0.0393800 0.0352067 0.0468004 0.2354874 0.6288619 0.6067967 0.0452529 0.0581134 0.4204432 0.0498895 0.0925882 0.0655531 0.4632099 
Perityle_feddemae_99                       0.5338060 0.0671440 0.5178260 0.2485183 0.5261665 0.3027462 0.3557253 0.4373434 0.5078407 0.5329584 0.1007364 0.5309170 0.4614408 0.5112224 0.5531625 0.5054709 0.4111119 0.4827085 0.5130115 0.4686269 0.4667742 0.1775524 0.5405596 0.5155031 0.5256794 0.5302363 0.0974752 0.4750411 0.4646538 0.1059703 0.5150878 0.3421595 0.5123210 0.5390513 0.4844953 0.0000000 0.5279172 0.5414123 0.2479511 0.5467196 0.5417596 0.0096744 0.3572800 0.0148694 0.5436817 0.0787013 0.0985933 0.5000852 0.0080196 0.3485953 0.5150694 0.5298676 0.5315378 0.4753276 0.5108080 0.4057680 0.3710270 0.4833472 0.5003221 0.5097292 0.2159798 0.1219589 0.3260694 0.5321785 0.5228269 0.5317362 0.1057298 0.4307578 0.0982642 0.5303872 0.5373663 0.7171954 0.5215152 0.5502467 0.5234893 0.0527370 0.1287386 0.0979041 0.4999077 0.5277027 0.2894213 0.5120886 0.5509599 0.5265545 0.3196398 
Perityle_fosteri_93                        0.0870704 0.2567829 0.0830578 0.3933022 0.0539097 0.0719925 0.5161639 0.1043165 0.0794010 0.0843155 0.5629489 0.0562760 0.5600483 0.0193793 0.0676272 0.0222362 0.0611649 0.0804885 0.0350600 0.0148357 0.0416569 0.3207948 0.0336144 0.0219154 0.0360846 0.0387278 0.4817959 0.0641638 0.0999808 0.2639000 0.0728394 0.3219404 0.0807349 0.0599143 0.0421233 0.5279172 0.0000000 0.1018136 0.5674550 0.0485002 0.0427229 0.5539299 0.0481688 0.5315539 0.1031827 0.4670648 0.4413177 0.0517898 0.2749717 0.0559984 0.0475754 0.0443180 0.0389788 0.0735537 0.0818172 0.0708879 0.5014468 0.0500836 0.0529715 0.1025627 0.3737352 0.5280921 0.0393749 0.0635373 0.0655667 0.0400739 0.5379469 0.4486609 0.2320945 0.0113994 0.0417216 0.2368421 0.0364591 0.0375432 0.0496141 0.2225358 0.6413822 0.6287605 0.0494602 0.0635977 0.4400291 0.0523699 0.1054338 0.0726458 0.4523142 
Perityle_gamon_221                         0.0930664 0.2938476 0.1065763 0.4061807 0.0934861 0.1027655 0.5668360 0.1314460 0.1018214 0.1123833 0.6012692 0.0971648 0.5672618 0.0858863 0.0873644 0.0835314 0.0882040 0.0954786 0.0883658 0.0911568 0.0858499 0.3472229 0.0949071 0.0878721 0.0911981 0.0882371 0.5004968 0.0814008 0.1204902 0.3074713 0.0931654 0.3259818 0.1015441 0.0992217 0.0888121 0.5414123 0.1018136 0.0000000 0.5916905 0.0903841 0.0894635 0.5707482 0.0808448 0.5436773 0.0038720 0.4942277 0.4633945 0.0846568 0.3020686 0.1018395 0.0927683 0.0900655 0.0889412 0.1066669 0.0787819 0.0677716 0.5144788 0.0870770 0.0818473 0.1226717 0.3931708 0.5305814 0.0763170 0.0977494 0.0788823 0.0941477 0.5696574 0.4711860 0.2549588 0.0976316 0.0844281 0.2543123 0.0833274 0.0841360 0.0914135 0.2582665 0.6750033 0.6472984 0.0872043 0.1023369 0.4473275 0.0930368 0.1123534 0.0941788 0.4902695 
Perityle_gentryi_8_san_francisco           0.5731235 0.0429494 0.5749711 0.3421099 0.5739191 0.3054981 0.3658672 0.4725379 0.5331318 0.5967448 0.1151510 0.5880333 0.3099006 0.4828804 0.5908044 0.5499033 0.5104207 0.5906015 0.5314172 0.5776287 0.5765890 0.1495454 0.5819067 0.5612602 0.5757368 0.5718348 0.1766098 0.5919810 0.4558049 0.0793288 0.5692648 0.4560916 0.5274396 0.5981761 0.5476699 0.2479511 0.5674550 0.5916905 0.0000000 0.5827834 0.5910434 0.2466082 0.4783764 0.2462916 0.5925482 0.1903021 0.1895691 0.5385303 0.1741673 0.4951297 0.5581149 0.5666462 0.5737833 0.5862239 0.5889270 0.4945687 0.2771243 0.5671726 0.5317170 0.5957590 0.1837207 0.2491968 0.3682977 0.5786017 0.5845558 0.5684168 0.1513523 0.5206691 0.0894135 0.5729476 0.5893264 0.7340785 0.5736265 0.4988735 0.5809241 0.0252378 0.1099296 0.1073490 0.5379649 0.5923867 0.2675399 0.5516069 0.6000732 0.5709760 0.2451751 
Perityle_gilensis_22_Superstition          0.0920876 0.2756899 0.0806693 0.4109622 0.0598845 0.0646389 0.5521042 0.1073883 0.0883923 0.0934949 0.5847492 0.0511642 0.5870023 0.0503353 0.0625072 0.0484673 0.0654821 0.0778425 0.0450713 0.0366009 0.0480247 0.3336528 0.0392092 0.0376795 0.0376036 0.0389838 0.4955516 0.0644653 0.1066688 0.2637258 0.0719955 0.3405435 0.0897825 0.0614931 0.0407938 0.5467196 0.0485002 0.0903841 0.5827834 0.0000000 0.0336654 0.5753579 0.0101372 0.5435154 0.0917514 0.4867083 0.4564551 0.0565175 0.2759256 0.0207973 0.0505047 0.0526846 0.0378857 0.0767511 0.0732557 0.0715886 0.4849503 0.0517523 0.0563834 0.0885374 0.3944830 0.5374098 0.0369882 0.0348995 0.0645002 0.0362112 0.5453676 0.4629094 0.2466728 0.0445426 0.0076096 0.2252516 0.0434004 0.0332138 0.0431594 0.2432036 0.6579799 0.6446172 0.0557440 0.0375720 0.4577983 0.0567722 0.1033681 0.0732154 0.4765113 
Perityle_gilensis_salensis_225             0.0866712 0.2636185 0.0799830 0.4045047 0.0538774 0.0677611 0.5403486 0.1142329 0.0808792 0.0883903 0.5704180 0.0360492 0.5736346 0.0445843 0.0605610 0.0411959 0.0687449 0.0802318 0.0405207 0.0362495 0.0444776 0.3327612 0.0362427 0.0345686 0.0346576 0.0346664 0.4906994 0.0655007 0.0889556 0.2713623 0.0713096 0.3420725 0.0805848 0.0555155 0.0389103 0.5417596 0.0427229 0.0894635 0.5910434 0.0336654 0.0000000 0.5701249 0.0353043 0.5486185 0.0908169 0.4807804 0.4507395 0.0501806 0.2847075 0.0468712 0.0488173 0.0455018 0.0348898 0.0730671 0.0756308 0.0597018 0.4949822 0.0455652 0.0483692 0.0941204 0.3853315 0.5457472 0.0335377 0.0483367 0.0611293 0.0359994 0.5517974 0.4611395 0.2395063 0.0388178 0.0270484 0.2270005 0.0362864 0.0328702 0.0295465 0.2299852 0.6525119 0.6473004 0.0508086 0.0483810 0.4465450 0.0508585 0.0978255 0.0725062 0.4689584 
Perityle_glaucescens_94                    0.5667381 0.0671440 0.5460491 0.2569317 0.5544597 0.3027462 0.3504654 0.4491442 0.5386424 0.5613028 0.1000933 0.5590781 0.4586372 0.5404116 0.5779765 0.5319031 0.4245291 0.5078314 0.5425387 0.4937332 0.4897908 0.1722141 0.5690947 0.5488208 0.5557610 0.5583966 0.0936473 0.5001250 0.4648768 0.1059703 0.5430390 0.3495231 0.5431538 0.5681680 0.5166471 0.0096744 0.5539299 0.5707482 0.2466082 0.5753579 0.5701249 0.0000000 0.3628786 0.0086856 0.5730248 0.0751216 0.0982941 0.5202360 0.0053442 0.3576228 0.5403734 0.5557781 0.5597586 0.5072915 0.5440104 0.4213538 0.3814382 0.5091047 0.5210019 0.5464027 0.2108476 0.1197195 0.3320764 0.5606953 0.5507703 0.5567835 0.1052331 0.4476481 0.0982642 0.5565401 0.5657928 0.7623700 0.5464758 0.5795021 0.5515688 0.0527370 0.1278429 0.0972165 0.5301900 0.5560400 0.2894213 0.5297320 0.5799139 0.5545605 0.3145000 
Perityle_gracilis_11                       0.0849650 0.2819318 0.0749836 0.3300713 0.0620967 0.0732949 0.4872452 0.1215321 0.0843795 0.1074726 0.4078718 0.0331055 0.4091818 0.0532791 0.0639591 0.0460404 0.0698584 0.0676439 0.0415645 0.0439882 0.0511346 0.3018427 0.0506775 0.0460559 0.0437508 0.0414543 0.3470031 0.0603591 0.1168066 0.2704862 0.0635042 0.2902432 0.0851000 0.0572472 0.0557573 0.3572800 0.0481688 0.0808448 0.4783764 0.0101372 0.0353043 0.3628786 0.0000000 0.3659196 0.0832145 0.3281279 0.3444983 0.0511514 0.2858122 0.0070034 0.0448449 0.0352731 0.0393829 0.0891179 0.0591742 0.0771733 0.3370004 0.0487991 0.0538399 0.0854427 0.3339424 0.3594362 0.0427531 0.0101091 0.0604705 0.0435914 0.3925983 0.3214979 0.2541971 0.0461593 0.0060770 0.2706459 0.0489453 0.0385340 0.0267760 0.2502467 0.4714370 0.4323506 0.0524381 0.0121650 0.3588332 0.0566279 0.1026840 0.0608522 0.3139941 
Perityle_harkerae_31                       0.5434396 0.0670688 0.5233868 0.2219933 0.5310343 0.3023970 0.3502451 0.4618620 0.5283793 0.5362873 0.0944026 0.5369676 0.4026750 0.5441267 0.5536625 0.5078670 0.4299941 0.5127252 0.5076036 0.4986381 0.4946439 0.1769284 0.5473922 0.5384325 0.5336483 0.5363852 0.0879073 0.5051195 0.4786846 0.1058381 0.5174074 0.3081170 0.5246418 0.5428251 0.5191872 0.0148694 0.5315539 0.5436773 0.2462916 0.5435154 0.5486185 0.0086856 0.3659196 0.0000000 0.5427458 0.0752750 0.1019419 0.4947864 0.0134059 0.3607103 0.5137624 0.5335620 0.5398198 0.5120775 0.5465853 0.4277238 0.3853720 0.5104968 0.4948887 0.5513207 0.2152538 0.1199505 0.3415022 0.5356120 0.5280716 0.5346534 0.1084088 0.4158352 0.0981234 0.5306348 0.5439878 0.7687973 0.5238570 0.5829457 0.5292357 0.0526673 0.1237301 0.0986363 0.5072394 0.5307378 0.2891208 0.5063859 0.5602489 0.5278281 0.3185857 
