84
Amauria_brandeegeana_62                    0.0000000 0.0569615 0.0992447 0.1293564 0.2100825 0.2615040 0.3152706 0.0229689 0.2458355 0.1164525 0.1081281 0.3104771 0.1317975 0.2644169 0.1117489 0.4253964 0.2727667 0.1234566 0.1510902 0.1114780 0.1004287 0.2270122 0.2346782 0.1035118 0.1118608 0.1221315 0.2644008 0.0939466 0.1873777 0.2563747 0.2310728 0.0258507 0.1131543 0.1236732 0.1277610 0.1172761 0.8713229 0.2529879 0.1138049 0.2372080 0.1572713 0.0965912 0.1097944 0.2541568 0.2077350 0.0946170 0.1022987 0.1575788 0.2592723 0.1085746 0.1160752 0.1217664 0.0946752 0.2295102 0.1302706 0.1627674 0.1039567 0.1088508 0.2591369 0.2308460 0.3375617 0.1061830 0.1248796 0.2639103 0.1143406 0.2204030 0.2729903 0.0694134 0.1179954 0.2284335 0.1244018 0.0953187 0.1370882 0.1455002 0.1346518 0.2123526 0.1067099 0.1113566 0.1229700 0.0932900 0.1068544 0.2820374 0.0969904 0.0741914 
Amauria_carterae_99_mesa                   0.0569615 0.0000000 0.0363485 0.1329288 0.0669193 0.1004240 0.2610686 0.0452154 0.0659862 0.0596476 0.0596853 0.0538448 0.0596383 0.0806755 0.0537314 0.0860222 0.0720954 0.0507835 0.0596147 0.0625321 0.0431538 0.0507835 0.0624719 0.0567816 0.0960744 0.1021789 0.0911660 0.0756816 0.0760976 0.0625478 0.0624615 0.0452154 0.0566946 0.0655146 0.0791599 0.0596479 0.0000010 0.0859692 0.0654909 0.0565946 0.0697988 0.0509183 0.0758903 0.0782725 0.0543550 0.0509183 0.0538438 0.0744964 0.0507835 0.0536991 0.0625157 0.0596719 0.0509183 0.0753927 0.0930245 0.0685101 0.0566342 0.0537392 0.0634835 0.0790396 0.0797679 0.0552565 0.0686018 0.0912805 0.0595666 0.1004473 0.0778370 0.0595384 0.0536991 0.0507835 0.0726336 0.0538499 0.0596383 0.0566633 0.0509402 0.0971127 0.0720180 0.0507835 0.0656231 0.0779235 0.0509183 0.0746903 0.0841973 0.0788344 
Amauria_rotundifolia_SRR9119150            0.0992447 0.0363485 0.0000000 0.1296490 0.2112732 0.2441785 0.2937947 0.0965646 0.2484914 0.0976436 0.1025222 0.2917322 0.0986773 0.2636076 0.0895414 0.4068882 0.2707759 0.0940570 0.1315524 0.0938548 0.0588869 0.2161708 0.2254930 0.1033758 0.1090822 0.1269065 0.2650074 0.0962959 0.1811911 0.2485305 0.2027937 0.1013120 0.1022356 0.1042680 0.1255664 0.0866295 0.9243115 0.2473658 0.0961686 0.2310135 0.1319923 0.0886186 0.1092026 0.2601119 0.1925608 0.0943232 0.0923541 0.1360928 0.2451031 0.0952296 0.0981960 0.1040599 0.0811370 0.2389581 0.1309641 0.1287243 0.0837654 0.0912478 0.2714056 0.2215510 0.3155529 0.0786257 0.1087337 0.2718316 0.1007360 0.2198679 0.2715175 0.0314188 0.0920361 0.2178718 0.1148838 0.0950683 0.1052049 0.1229627 0.1004679 0.2111529 0.1147214 0.0919436 0.1006740 0.0798166 0.0933052 0.2726728 0.0706984 0.0657487 
Conoclinium_coelestinum_SRR9119114         0.1293564 0.1329288 0.1296490 0.0000000 0.1385087 0.0776629 0.1779107 0.1261763 0.1406024 0.1432847 0.1567708 0.2030376 0.1306582 0.1509275 0.1398965 0.1400576 0.1368314 0.1384290 0.1330669 0.1501396 0.1215216 0.1397206 0.1498908 0.1534460 0.1403130 0.1443257 0.1513632 0.1435789 0.1239619 0.1366897 0.1299623 0.1398492 0.1397206 0.1445506 0.1415236 0.1468198 0.0000010 0.1541929 0.1431800 0.1398965 0.1412117 0.1376925 0.1411318 0.1433937 0.1484543 0.1396266 0.1463207 0.1417555 0.1385223 0.1465114 0.1428046 0.1431086 0.1397206 0.1468047 0.1444447 0.1432231 0.1405225 0.1434972 0.1471126 0.1203385 0.1056970 0.1268416 0.1502481 0.1401078 0.1467955 0.1760450 0.1546564 0.1256485 0.1466866 0.1398965 0.1435789 0.1534460 0.1404343 0.1654548 0.1219947 0.1727365 0.1437446 0.1469784 0.1469279 0.1412231 0.1399508 0.1468804 0.1374101 0.1104117 
Eutetras_palmeri_63                        0.2100825 0.0669193 0.2112732 0.1385087 0.0000000 0.2302865 0.2553255 0.2132220 0.1689182 0.2206196 0.2193372 0.1260072 0.2161328 0.1008872 0.2081898 0.1390735 0.0923617 0.2440729 0.2281332 0.2074344 0.1055243 0.0887571 0.0998021 0.2126842 0.1834424 0.1812465 0.1183490 0.1568725 0.1741846 0.0992911 0.1538856 0.2080435 0.2216912 0.2185421 0.1903355 0.2097574 0.2251324 0.1022259 0.2191803 0.0865388 0.2047809 0.2049159 0.1702217 0.0975143 0.2304363 0.1949782 0.1915353 0.2096013 0.1000334 0.2158402 0.2261091 0.2140211 0.2039368 0.0875738 0.1817063 0.1185188 0.1897393 0.2058166 0.0912050 0.1114762 0.1330844 0.1413706 0.2245260 0.1107572 0.1995907 0.1207443 0.1117529 0.0709944 0.2078009 0.0944832 0.2000632 0.2086339 0.2673855 0.2710600 0.1114652 0.1132480 0.1577853 0.2123617 0.2249339 0.0780285 0.2112341 0.1046564 0.0898061 0.0640581 
Eutrochium_fistulosum_SRR9119106           0.2615040 0.1004240 0.2441785 0.0776629 0.2302865 0.0000000 0.2506887 0.2774809 0.2993482 0.2701452 0.2758464 0.3116641 0.2380643 0.2633147 0.2669208 0.3494307 0.2790907 0.2893136 0.2793862 0.2750624 0.1443152 0.2513107 0.2565762 0.2713634 0.2441167 0.2526938 0.2780427 0.2371067 0.2226901 0.2523545 0.2690267 0.2730417 0.2733575 0.2665149 0.2396352 0.2722507 0.7154357 0.2659608 0.2699757 0.2585537 0.2810428 0.2600273 0.2282659 0.2670113 0.3052091 0.2508995 0.2545521 0.2835863 0.2746617 0.2616574 0.2795212 0.2731695 0.2612816 0.2610852 0.2436103 0.1506355 0.2531946 0.2679816 0.2822704 0.2392661 0.3153066 0.1740541 0.2738374 0.2777582 0.2693685 0.2455089 0.2838355 0.0962430 0.2746579 0.2532608 0.2705032 0.2683542 0.3189889 0.3059464 0.1492222 0.2362748 0.2412211 0.2676522 0.2828784 0.1019528 0.2654216 0.2779312 0.1028352 0.0932933 
Helianthus_annuus_SRR9119062               0.3152706 0.2610686 0.2937947 0.1779107 0.2553255 0.2506887 0.0000000 0.3243386 0.2837861 0.2993584 0.3107878 0.2693005 0.2841538 0.2669643 0.3031099 0.3369179 0.2731898 0.2882712 0.3013390 0.2999394 0.2727693 0.2757923 0.2841976 0.3035589 0.2930780 0.3187361 0.2804099 0.2789968 0.2951719 0.2865649 0.2833101 0.3234042 0.3089499 0.2925469 0.2898665 0.2914506 0.3064494 0.2501841 0.3195658 0.2800802 0.2711090 0.2685541 0.2819460 0.2720047 0.3029435 0.2959217 0.2693827 0.2695049 0.2804461 0.2997461 0.2883607 0.2929736 0.2836714 0.2653738 0.2837817 0.2943546 0.2955021 0.2922585 0.2252348 0.3188183 0.2273056 0.2784332 0.3186042 0.2728652 0.2842965 0.2401468 0.2426112 0.2762294 0.2878748 0.2757923 0.2887788 0.2926599 0.2967263 0.3019799 0.2787612 0.2422979 0.2712453 0.2995931 0.2963715 0.2421336 0.2939814 0.2922406 0.3148307 0.2498986 
Lycapsus_tenuifolius_17                    0.0229689 0.0452154 0.0965646 0.1261763 0.2132220 0.2774809 0.3243386 0.0000000 0.2628531 0.1131948 0.1068612 0.3148684 0.1201166 0.2774226 0.1083366 0.4397905 0.2748805 0.1140222 0.1503177 0.1066317 0.0921696 0.2376067 0.2480248 0.0996014 0.1093461 0.1230060 0.2819055 0.1009650 0.1828676 0.2635303 0.2340369 0.0059750 0.1083815 0.1191362 0.1244238 0.1116985 0.9079439 0.2656763 0.1071740 0.2425030 0.1522330 0.0891397 0.1103594 0.2645705 0.2020951 0.0890483 0.0982721 0.1524066 0.2614785 0.1049849 0.1093280 0.1129871 0.0919113 0.2407491 0.1302650 0.1450465 0.0999551 0.1066542 0.2782069 0.2397138 0.3346933 0.0965900 0.1219591 0.2748255 0.1081367 0.2303980 0.2799335 0.0503135 0.1106317 0.2390969 0.1285901 0.0938416 0.1250398 0.1362492 0.1243659 0.2253468 0.1054978 0.1065672 0.1163303 0.0902838 0.1017340 0.2828318 0.0934782 0.0743631 
Pericome_caudata_50_silver                 0.2458355 0.0659862 0.2484914 0.1406024 0.1689182 0.2993482 0.2837861 0.2628531 0.0000000 0.2558204 0.2515354 0.2683897 0.2468786 0.2080676 0.2506489 0.2957442 0.2067294 0.2925062 0.2522135 0.2549575 0.1200515 0.1962476 0.1956965 0.2499679 0.2304600 0.2371552 0.2181873 0.1623678 0.1675855 0.1763137 0.1791430 0.2557225 0.2555513 0.2430134 0.2206641 0.2548772 0.5465085 0.2010938 0.2656154 0.2049886 0.2579626 0.2538645 0.1970059 0.1949555 0.2927779 0.2378066 0.2270493 0.2587429 0.2217510 0.2572505 0.2712113 0.2544965 0.2398415 0.1924977 0.2360325 0.1341981 0.2310237 0.2501328 0.2087153 0.1150042 0.2491706 0.1676899 0.2596769 0.2213817 0.2456806 0.1048259 0.1677110 0.0698195 0.2531111 0.1964438 0.2410368 0.2477385 0.3391090 0.3229430 0.1132059 0.0969665 0.2202799 0.2462574 0.2635963 0.0732007 0.2502592 0.1956971 0.0698307 0.0561394 
Perityle_aglossa_84_dead_horse             0.1164525 0.0596476 0.0976436 0.1432847 0.2206196 0.2701452 0.2993584 0.1131948 0.2558204 0.0000000 0.0362162 0.3068014 0.0292188 0.2697614 0.0303750 0.4202414 0.2811119 0.0293455 0.0769850 0.0337422 0.0379366 0.2060513 0.2253115 0.0364669 0.0863072 0.1105273 0.2923580 0.0987442 0.1894357 0.2383018 0.2207466 0.1064331 0.0373023 0.0455499 0.1131602 0.0381742 0.9106989 0.2633348 0.0320363 0.2199021 0.1518092 0.0328731 0.0995296 0.2646774 0.1462728 0.0342029 0.0383192 0.1598002 0.2362062 0.0383686 0.0408830 0.0571071 0.0315447 0.2499061 0.1269404 0.0963198 0.0263357 0.0337476 0.2895081 0.2369942 0.3638416 0.0522797 0.0183300 0.2859663 0.0470565 0.2318343 0.2900164 0.0178068 0.0369403 0.2059294 0.1236351 0.0401171 0.0392093 0.0452535 0.0728641 0.2278655 0.1082680 0.0302746 0.0166829 0.0929566 0.0314161 0.2657909 0.0815049 0.0828430 
Perityle_ajoensis_204                      0.1081281 0.0596853 0.1025222 0.1567708 0.2193372 0.2758464 0.3107878 0.1068612 0.2515354 0.0362162 0.0000000 0.3075066 0.0293151 0.2732908 0.0266560 0.4102735 0.2781646 0.0294351 0.0773343 0.0315523 0.0278306 0.2065245 0.2341707 0.0114649 0.0957076 0.1157923 0.2923213 0.0926954 0.1767716 0.2429880 0.2157923 0.1018012 0.0335725 0.0420537 0.1228807 0.0357966 0.8639963 0.2544350 0.0305050 0.2178388 0.1583269 0.0161980 0.1080215 0.2645351 0.1513468 0.0173005 0.0224845 0.1605569 0.2356423 0.0322164 0.0410134 0.0561054 0.0185206 0.2473143 0.1307840 0.1053377 0.0240555 0.0315574 0.2802844 0.2152355 0.3338079 0.0455167 0.0406102 0.2861260 0.0436042 0.2295588 0.2855181 0.0268302 0.0357923 0.2064029 0.1160790 0.0150974 0.0393613 0.0505504 0.0683504 0.2266783 0.1136346 0.0242297 0.0413572 0.0904941 0.0252948 0.2733071 0.0638400 0.0806527 
Perityle_ambrosiifolia_67_green            0.3104771 0.0538448 0.2917322 0.2030376 0.1260072 0.3116641 0.2693005 0.3148684 0.2683897 0.3068014 0.3075066 0.0000000 0.2300940 0.1334131 0.2917415 0.1158158 0.1238310 0.2639156 0.3289205 0.2971278 0.0610661 0.0505450 0.0736105 0.2994420 0.2923701 0.2812460 0.1568473 0.2065788 0.1081704 0.1301341 0.1350925 0.3186992 0.3011842 0.3124385 0.2968031 0.2879795 0.1639010 0.1415008 0.2964456 0.0519814 0.3153316 0.2733930 0.2632993 0.1249789 0.3058413 0.2847538 0.2808322 0.3227104 0.0534471 0.2955788 0.3045788 0.3003773 0.2902443 0.1124572 0.2609806 0.1324306 0.2873948 0.2895348 0.1303076 0.1074537 0.1117957 0.1287416 0.3085951 0.1331100 0.2860705 0.1616331 0.1500680 0.0453796 0.2925291 0.0577201 0.3017068 0.3017071 0.2868054 0.3017098 0.0854202 0.1570049 0.2623435 0.2926604 0.2991554 0.0645514 0.2992901 0.1349487 0.0934318 0.0515548 
Perityle_angustifolia_13_Eagle_creek       0.1317975 0.0596383 0.0986773 0.1306582 0.2161328 0.2380643 0.2841538 0.1201166 0.2468786 0.0292188 0.0293151 0.2300940 0.0000000 0.2834610 0.0205122 0.3363896 0.2794627 0.0170371 0.0712027 0.0310902 0.0160227 0.1976681 0.2167444 0.0261764 0.0778838 0.1141871 0.2837887 0.1192499 0.1092477 0.2428755 0.1905189 0.1198704 0.0067604 0.0388278 0.1114766 0.0292421 0.8170565 0.2786738 0.0257390 0.2021113 0.1798415 0.0192337 0.1047560 0.2662707 0.1020273 0.0192337 0.0224550 0.1843557 0.1973306 0.0136038 0.0256942 0.0470311 0.0171409 0.2550989 0.1184117 0.1045663 0.0257501 0.0275836 0.3115200 0.2145297 0.2793860 0.0358707 0.0344664 0.3016541 0.0329428 0.2734030 0.2960239 0.0268863 0.0257625 0.1977021 0.1311883 0.0315546 0.0328595 0.0274382 0.0591357 0.2757694 0.0970998 0.0153611 0.0327687 0.0757532 0.0171256 0.2578496 0.0778391 0.0828304 
Perityle_batopilensis_97                   0.2644169 0.0806755 0.2636076 0.1509275 0.1008872 0.2633147 0.2669643 0.2774226 0.2080676 0.2697614 0.2732908 0.1334131 0.2834610 0.0000000 0.2604674 0.1537759 0.1057424 0.3076058 0.2871174 0.2655323 0.1289069 0.1011029 0.1084643 0.2669707 0.2315446 0.2180063 0.1256693 0.1618452 0.1744906 0.1147838 0.1550767 0.2712476 0.2730982 0.2696574 0.2389635 0.2654886 0.1946328 0.0388197 0.2751782 0.1011985 0.2476508 0.2684508 0.2080569 0.0998996 0.2709157 0.2495578 0.2474859 0.2552376 0.1089776 0.2661157 0.2827308 0.2597693 0.2585862 0.0871959 0.2256850 0.1236915 0.2494496 0.2623169 0.0986907 0.1003122 0.0822351 0.1733766 0.2731692 0.1148436 0.2511402 0.1270110 0.1213548 0.0656372 0.2624747 0.1053423 0.2537056 0.2702796 0.3459746 0.3279668 0.1245131 0.1224601 0.2126480 0.2648643 0.2784451 0.0688913 0.2655432 0.1209205 0.0965926 0.0576985 
Perityle_bisetosa_9                        0.1117489 0.0537314 0.0895414 0.1398965 0.2081898 0.2669208 0.3031099 0.1083366 0.2506489 0.0303750 0.0266560 0.2917415 0.0205122 0.2604674 0.0000000 0.3984063 0.2628555 0.0238142 0.0738708 0.0292775 0.0199582 0.1916235 0.2200493 0.0280362 0.0776776 0.1006947 0.2771771 0.0894658 0.1843311 0.2296029 0.2144412 0.1018135 0.0219231 0.0397252 0.1060523 0.0082110 0.8283727 0.2431246 0.0230984 0.2060950 0.1466472 0.0246327 0.0951570 0.2488355 0.1434321 0.0257569 0.0312449 0.1440013 0.2214147 0.0241716 0.0337557 0.0476616 0.0221385 0.2330877 0.1132714 0.0943478 0.0228033 0.0292822 0.2665572 0.2243179 0.3315154 0.0451958 0.0324495 0.2715890 0.0352936 0.2354545 0.2780939 0.0178068 0.0299045 0.1915121 0.1116314 0.0331736 0.0363669 0.0464398 0.0654168 0.2294383 0.0969286 0.0125848 0.0341572 0.0861172 0.0231693 0.2579370 0.0740412 0.0769908 
Perityle_californica_76_positas            0.4253964 0.0860222 0.4068882 0.1400576 0.1390735 0.3494307 0.3369179 0.4397905 0.2957442 0.4202414 0.4102735 0.1158158 0.3363896 0.1537759 0.3984063 0.0000000 0.1488006 0.3728809 0.4529751 0.3929802 0.1371560 0.1048885 0.1149205 0.3997864 0.3521257 0.3696624 0.1741884 0.2644237 0.1573129 0.0498019 0.1481067 0.4385316 0.4100636 0.4226656 0.3850772 0.3852072 0.1817687 0.1576685 0.4028329 0.1069613 0.3851976 0.3804709 0.3377569 0.1410131 0.3982233 0.3893193 0.3911475 0.4027424 0.1050732 0.3980859 0.4080614 0.4078234 0.3919137 0.1334121 0.3374813 0.2167855 0.3796489 0.3843859 0.1457452 0.1164056 0.1806515 0.1869976 0.4175892 0.1620044 0.3886427 0.1488909 0.1569758 0.0607969 0.3823227 0.1114330 0.3893435 0.3989950 0.3961166 0.4049151 0.1463849 0.1454191 0.3510252 0.3937822 0.4079121 0.0851841 0.4042780 0.0575013 0.1138978 0.0854359 
Perityle_canescens_77                      0.2727667 0.0720954 0.2707759 0.1368314 0.0923617 0.2790907 0.2731898 0.2748805 0.2067294 0.2811119 0.2781646 0.1238310 0.2794627 0.1057424 0.2628555 0.1488006 0.0000000 0.2914396 0.2871921 0.2641048 0.1353823 0.0916373 0.0987401 0.2691078 0.2427687 0.2370847 0.0650320 0.1564377 0.1521125 0.1060977 0.1428783 0.2744942 0.2683872 0.2699735 0.2382062 0.2593679 0.1056705 0.1144514 0.2656145 0.0875612 0.2527451 0.2693661 0.2051780 0.0596419 0.2706771 0.2561592 0.2591998 0.2571611 0.0969826 0.2680832 0.2716309 0.2589260 0.2607464 0.0384770 0.2339162 0.1527940 0.2541369 0.2607824 0.0463064 0.0425259 0.1320133 0.1775163 0.2810917 0.0505048 0.2455143 0.1319057 0.1275872 0.0695075 0.2621628 0.0972325 0.2447017 0.2691022 0.3285271 0.3172905 0.1363123 0.1221810 0.1969341 0.2654739 0.2762367 0.0278444 0.2691927 0.1141174 0.0698837 0.0360114 
Perityle_castillonii_96                    0.1234566 0.0507835 0.0940570 0.1384290 0.2440729 0.2893136 0.2882712 0.1140222 0.2925062 0.0293455 0.0294351 0.2639156 0.0170371 0.3076058 0.0238142 0.3728809 0.2914396 0.0000000 0.0756192 0.0309317 0.0051949 0.2276802 0.2554559 0.0254758 0.0898469 0.1168608 0.3259723 0.1048723 0.1210790 0.2596692 0.1972307 0.1137615 0.0223165 0.0376920 0.1168880 0.0295240 0.8259606 0.2911834 0.0238260 0.2294340 0.1643192 0.0232815 0.1035360 0.2913607 0.1451630 0.0227083 0.0274753 0.1756079 0.2253659 0.0236469 0.0250798 0.0398783 0.0223764 0.2757317 0.1308102 0.0871553 0.0230779 0.0309376 0.3280266 0.2123342 0.3224616 0.0232792 0.0322036 0.3098406 0.0324044 0.2542682 0.3172275 0.0178068 0.0237147 0.2275367 0.1276442 0.0312998 0.0334107 0.0336874 0.0581037 0.2561945 0.1069749 0.0195878 0.0308231 0.0687798 0.0181319 0.2696800 0.0629627 0.0740712 
Perityle_cernua_84                         0.1510902 0.0596147 0.1315524 0.1330669 0.2281332 0.2793862 0.3013390 0.1503177 0.2522135 0.0769850 0.0773343 0.3289205 0.0712027 0.2871174 0.0738708 0.4529751 0.2871921 0.0756192 0.0000000 0.0785996 0.0301501 0.2254987 0.2247287 0.0792154 0.1204032 0.1441153 0.3041155 0.0971404 0.1862517 0.2616636 0.2102443 0.1478384 0.0810605 0.0752340 0.1501280 0.0789705 1.0531060 0.2585172 0.0740229 0.2407676 0.1938901 0.0603226 0.1265816 0.2795525 0.1406578 0.0717793 0.0648497 0.2018097 0.2575701 0.0754582 0.0768313 0.0946000 0.0737990 0.2634755 0.1484943 0.1016280 0.0722078 0.0760995 0.2925696 0.2127268 0.3490028 0.0359824 0.0820472 0.3025211 0.0825762 0.2475701 0.3005264 0.0314639 0.0764414 0.2287160 0.1609026 0.0843501 0.0914914 0.0942071 0.0654097 0.2449516 0.1393900 0.0723374 0.0829011 0.0795491 0.0683841 0.2882652 0.0558463 0.0684711 
Perityle_cfvillosa_25_tin                  0.1114780 0.0625321 0.0938548 0.1501396 0.2074344 0.2750624 0.2999394 0.1066317 0.2549575 0.0337422 0.0315523 0.2971278 0.0310902 0.2655323 0.0292775 0.3929802 0.2641048 0.0309317 0.0785996 0.0000000 0.0353502 0.1970333 0.2225408 0.0317708 0.0878944 0.1122889 0.2768255 0.0909302 0.1864751 0.2322614 0.2214621 0.1014552 0.0350688 0.0432386 0.1177670 0.0383084 0.8303840 0.2498921 0.0308664 0.2054832 0.1537507 0.0302031 0.1027981 0.2470180 0.1479828 0.0306901 0.0384267 0.1633331 0.2256247 0.0360974 0.0410977 0.0548513 0.0304501 0.2373630 0.1274360 0.0987398 0.0203104 0.0068369 0.2720396 0.2219657 0.3468876 0.0452845 0.0385087 0.2714239 0.0410729 0.2323911 0.2815130 0.0268641 0.0358649 0.1969176 0.1145340 0.0342189 0.0073552 0.0298729 0.0752884 0.2283158 0.1043926 0.0291805 0.0388903 0.0861938 0.0315254 0.2571897 0.0777810 0.0885732 
Perityle_cinerea_113_Powell1310            0.1004287 0.0431538 0.0588869 0.1215216 0.1055243 0.1443152 0.2727693 0.0921696 0.1200515 0.0379366 0.0278306 0.0610661 0.0160227 0.1289069 0.0199582 0.1371560 0.1353823 0.0051949 0.0301501 0.0353502 0.0000000 0.0687662 0.1139750 0.0283821 0.0854345 0.0964660 0.1602750 0.0887329 0.1554483 0.1313486 0.1211784 0.0921696 0.0303081 0.0484339 0.0847574 0.0225016 0.3551892 0.1318190 0.0352701 0.0714658 0.0807052 0.0052455 0.0824087 0.1289909 0.0330291 0.0226911 0.0252377 0.0882517 0.0522755 0.0250169 0.0352291 0.0590543 0.0252756 0.1358291 0.0923451 0.0752899 0.0327533 0.0301998 0.1497511 0.1462553 0.1340485 0.0223812 0.0431121 0.1570569 0.0377866 0.1779955 0.1574066 0.0200792 0.0301654 0.0687662 0.0804403 0.0310601 0.0157178 0.0157245 0.0624474 0.1834379 0.0743564 0.0224891 0.0404496 0.0586914 0.0252652 0.1359099 0.0703063 0.0599578 
Perityle_coahuilensis_24                   0.2270122 0.0507835 0.2161708 0.1397206 0.0887571 0.2513107 0.2757923 0.2376067 0.1962476 0.2060513 0.2065245 0.0505450 0.1976681 0.1011029 0.1916235 0.1048885 0.0916373 0.2276802 0.2254987 0.1970333 0.0687662 0.0000000 0.0433902 0.2019358 0.1925401 0.2201778 0.1196394 0.1517781 0.1734433 0.0736659 0.1226345 0.2300254 0.2087666 0.2162594 0.2210126 0.1928522 0.1634675 0.1055082 0.2089939 0.0060412 0.2424337 0.2036324 0.1927957 0.0919652 0.2176417 0.1918759 0.1885658 0.2487622 0.0065476 0.2062604 0.2187073 0.2227404 0.1894447 0.0781079 0.2217807 0.0906073 0.1855183 0.1911544 0.0923462 0.1001759 0.1220537 0.1224692 0.2082666 0.1039566 0.2021396 0.1118544 0.1028110 0.0178068 0.1975032 0.0080655 0.2308250 0.2042105 0.2561863 0.2557394 0.0574979 0.1080674 0.2010396 0.1955174 0.2112106 0.0793638 0.2038037 0.0801740 0.0893131 0.0712027 
Perityle_cochisensis_44_cave_creek         0.2346782 0.0624719 0.2254930 0.1498908 0.0998021 0.2565762 0.2841976 0.2480248 0.1956965 0.2253115 0.2341707 0.0736105 0.2167444 0.1084643 0.2200493 0.1149205 0.0987401 0.2554559 0.2247287 0.2225408 0.1139750 0.0433902 0.0000000 0.2294239 0.2107140 0.2186958 0.1075601 0.1714748 0.1903984 0.0995631 0.1404721 0.2379788 0.2363442 0.2342880 0.1936943 0.2221249 0.1411747 0.0997592 0.2402298 0.0431092 0.2241235 0.2364819 0.1795803 0.0945493 0.2394344 0.2219135 0.2154482 0.2286863 0.0440310 0.2337429 0.2393565 0.2189624 0.2194422 0.0841409 0.2247074 0.1289948 0.2126219 0.2194216 0.0936648 0.0863492 0.1129445 0.1574862 0.2340150 0.1087218 0.2219223 0.1206877 0.1129742 0.0831574 0.2283353 0.0485759 0.2221256 0.2305676 0.2799499 0.2807201 0.1167390 0.1147073 0.1947545 0.2241659 0.2335439 0.0595586 0.2347238 0.1044263 0.0856613 0.0684150 
Perityle_congesta_202                      0.1035118 0.0567816 0.1033758 0.1534460 0.2126842 0.2713634 0.3035589 0.0996014 0.2499679 0.0364669 0.0114649 0.2994420 0.0261764 0.2669707 0.0280362 0.3997864 0.2691078 0.0254758 0.0792154 0.0317708 0.0283821 0.2019358 0.2294239 0.0000000 0.0923197 0.1138220 0.2857370 0.0920307 0.1710602 0.2371648 0.2072027 0.0974336 0.0362079 0.0460812 0.1180137 0.0361577 0.8472480 0.2512089 0.0295623 0.2104579 0.1536460 0.0150083 0.1058718 0.2584131 0.1530255 0.0174331 0.0226512 0.1573905 0.2276484 0.0324628 0.0401904 0.0577839 0.0198393 0.2426519 0.1273696 0.0961756 0.0229927 0.0317759 0.2718590 0.2038116 0.3307519 0.0439688 0.0408859 0.2784994 0.0451566 0.2210130 0.2765327 0.0268583 0.0349287 0.2018166 0.1154554 0.0162468 0.0367091 0.0496615 0.0571750 0.2213978 0.1045177 0.0255844 0.0379889 0.0871548 0.0266598 0.2641338 0.0638441 0.0777892 
Perityle_cordifolia_27                     0.1118608 0.0960744 0.1090822 0.1403130 0.1834424 0.2441167 0.2930780 0.1093461 0.2304600 0.0863072 0.0957076 0.2923701 0.0778838 0.2315446 0.0776776 0.3521257 0.2427687 0.0898469 0.1204032 0.0878944 0.0854345 0.1925401 0.2107140 0.0923197 0.0000000 0.0598501 0.2513456 0.0789893 0.1855621 0.1999276 0.1829979 0.1081330 0.0856482 0.0902280 0.0833129 0.0760461 0.7767151 0.2158717 0.0813174 0.2012964 0.0842558 0.0861412 0.0839162 0.2299234 0.1820789 0.0859045 0.0822752 0.0870136 0.2193329 0.0895649 0.0864562 0.0857487 0.0784470 0.2106522 0.0696522 0.1208218 0.0715179 0.0879123 0.2383106 0.1724846 0.3044633 0.0728984 0.0993421 0.2448603 0.0793862 0.1734716 0.2367637 0.0691909 0.0843537 0.1908867 0.1018870 0.0876972 0.1050072 0.1209030 0.0951756 0.1708437 0.0775404 0.0791380 0.0932534 0.1107504 0.0862432 0.2235633 0.0971126 0.1009169 
Perityle_cordifolia_68_tecolote            0.1221315 0.1021789 0.1269065 0.1443257 0.1812465 0.2526938 0.3187361 0.1230060 0.2371552 0.1105273 0.1157923 0.2812460 0.1141871 0.2180063 0.1006947 0.3696624 0.2370847 0.1168608 0.1441153 0.1122889 0.0964660 0.2201778 0.2186958 0.1138220 0.0598501 0.0000000 0.2290856 0.0801182 0.1732304 0.2314142 0.1947907 0.1228431 0.1097601 0.1167207 0.0951731 0.1035862 0.7916108 0.2051688 0.1039708 0.2255790 0.0924869 0.1137158 0.0931766 0.2279206 0.2162061 0.1071620 0.1057881 0.0932194 0.2492576 0.1107814 0.1088022 0.1031652 0.1017251 0.2036802 0.0351931 0.1550556 0.0964216 0.1123132 0.2387694 0.1754136 0.2755891 0.1037657 0.1207527 0.2302961 0.1051490 0.1866485 0.2475947 0.0933987 0.1105923 0.2184716 0.0987124 0.1094310 0.1367910 0.1477515 0.1319319 0.1815459 0.0729043 0.1017115 0.1187203 0.0999868 0.1075862 0.2510743 0.1044093 0.0920965 
Perityle_coronopifolia_28_patagonia        0.2644008 0.0911660 0.2650074 0.1513632 0.1183490 0.2780427 0.2804099 0.2819055 0.2181873 0.2923580 0.2923213 0.1568473 0.2837887 0.1256693 0.2771771 0.1741884 0.0650320 0.3259723 0.3041155 0.2768255 0.1602750 0.1196394 0.1075601 0.2857370 0.2513456 0.2290856 0.0000000 0.1875904 0.1777235 0.1281371 0.1745063 0.2792405 0.2862807 0.2831266 0.2376046 0.2792760 0.1140966 0.1304868 0.2971742 0.1192553 0.2450802 0.3012697 0.2062852 0.0812739 0.3019394 0.2694339 0.2722934 0.2547773 0.1323747 0.2846834 0.2878072 0.2823885 0.2737623 0.0592732 0.2522566 0.1662319 0.2662621 0.2717613 0.0611648 0.0646984 0.1353397 0.2007850 0.2938687 0.0485616 0.2705545 0.1569420 0.1423574 0.1008604 0.2830598 0.1225004 0.2477323 0.2788772 0.3366968 0.3481295 0.1528448 0.1470058 0.1980520 0.2817236 0.3023590 0.0468376 0.2822640 0.1470343 0.0971121 0.0531992 
Perityle_crassifolia_70_ventanas           0.0939466 0.0756816 0.0962959 0.1435789 0.1568725 0.2371067 0.2789968 0.1009650 0.1623678 0.0987442 0.0926954 0.2065788 0.1192499 0.1618452 0.0894658 0.2644237 0.1564377 0.1048723 0.0971404 0.0909302 0.0887329 0.1517781 0.1714748 0.0920307 0.0789893 0.0801182 0.1875904 0.0000000 0.1014734 0.1522372 0.1995567 0.0923504 0.0941819 0.1059152 0.0800368 0.0938906 0.5731283 0.1652891 0.0970735 0.1441115 0.1251270 0.0978492 0.0723850 0.1551118 0.1144101 0.0891974 0.1009100 0.1249286 0.1663829 0.0921383 0.1025273 0.1033235 0.0966081 0.1445739 0.0911058 0.1124129 0.0903057 0.0892955 0.1506334 0.1933803 0.2199402 0.1034940 0.1038808 0.1677051 0.0926836 0.1715017 0.1850328 0.0807083 0.0938781 0.1499556 0.0131096 0.0954391 0.1145947 0.1232046 0.1272333 0.1679317 0.0660973 0.0923229 0.1041524 0.0732059 0.0911618 0.1734050 0.0775951 0.0571853 
Perityle_crassifolia_74_playa_balandra     0.1873777 0.0760976 0.1811911 0.1239619 0.1741846 0.2226901 0.2951719 0.1828676 0.1675855 0.1894357 0.1767716 0.1081704 0.1092477 0.1744906 0.1843311 0.1573129 0.1521125 0.1210790 0.1862517 0.1864751 0.1554483 0.1734433 0.1903984 0.1710602 0.1855621 0.1732304 0.1777235 0.1014734 0.0000000 0.1862771 0.1388321 0.1897843 0.1757344 0.1977742 0.1755140 0.1862837 0.3550721 0.1884357 0.1742327 0.1535079 0.1651769 0.1194807 0.1759846 0.1588430 0.1656953 0.1740534 0.1740534 0.1736564 0.1191480 0.1752871 0.1804610 0.1902569 0.1747341 0.1648040 0.1460879 0.1157209 0.1809688 0.1837093 0.1783898 0.1358517 0.1367771 0.1613472 0.1979488 0.1807239 0.1861819 0.1961812 0.1963252 0.0808445 0.1752641 0.1734433 0.1123130 0.1660304 0.1301003 0.1298829 0.1048969 0.2024654 0.1563186 0.1750991 0.1881366 0.0622426 0.1797200 0.1721033 0.0891957 0.0527961 
Perityle_cuneata_34_cuneata_San_antonio    0.2563747 0.0625478 0.2485305 0.1366897 0.0992911 0.2523545 0.2865649 0.2635303 0.1763137 0.2383018 0.2429880 0.1301341 0.2428755 0.1147838 0.2296029 0.0498019 0.1060977 0.2596692 0.2616636 0.2322614 0.1313486 0.0736659 0.0995631 0.2371648 0.1999276 0.2314142 0.1281371 0.1522372 0.1862771 0.0000000 0.1288730 0.2530867 0.2344578 0.2336768 0.2324384 0.2285597 0.1734158 0.1176053 0.2427953 0.0735297 0.2398666 0.2493769 0.2017198 0.1043031 0.2429816 0.2284955 0.2293359 0.2487183 0.0786196 0.2430042 0.2526787 0.2378685 0.2277093 0.0987566 0.2361659 0.1416418 0.2220367 0.2277009 0.0999363 0.1111108 0.1479038 0.1611997 0.2402775 0.1165610 0.2279116 0.1179329 0.1180990 0.0405496 0.2314456 0.0737382 0.2248715 0.2367556 0.3026160 0.2989533 0.1108543 0.1107049 0.2220433 0.2337290 0.2415714 0.0929849 0.2373026 0.0400881 0.1007524 0.0828650 
Perityle_cuneata_4                         0.2310728 0.0624615 0.2027937 0.1299623 0.1538856 0.2690267 0.2833101 0.2340369 0.1791430 0.2207466 0.2157923 0.1350925 0.1905189 0.1550767 0.2144412 0.1481067 0.1428783 0.1972307 0.2102443 0.2214621 0.1211784 0.1226345 0.1404721 0.2072027 0.1829979 0.1947907 0.1745063 0.1995567 0.1388321 0.1288730 0.0000000 0.2333413 0.2194849 0.2298894 0.1671133 0.2185490 0.3380597 0.1524459 0.2122589 0.1206458 0.2117124 0.2047782 0.1602888 0.1484205 0.2215576 0.2047782 0.2092235 0.2148311 0.1207287 0.2163283 0.2209962 0.2253971 0.2099554 0.1386948 0.1857195 0.0998944 0.2091849 0.2129858 0.1475552 0.1557292 0.1547975 0.1557922 0.2184536 0.1546145 0.2074730 0.1487393 0.1658372 0.0451164 0.2099053 0.1225348 0.2122458 0.2140548 0.2428116 0.2295813 0.1374935 0.1439811 0.1653502 0.2106134 0.2145933 0.0654882 0.2117920 0.1276522 0.1082923 0.0685597 
Perityle_discoidea_81                      0.0258507 0.0452154 0.1013120 0.1398492 0.2080435 0.2730417 0.3234042 0.0059750 0.2557225 0.1064331 0.1018012 0.3186992 0.1198704 0.2712476 0.1018135 0.4385316 0.2744942 0.1137615 0.1478384 0.1014552 0.0921696 0.2300254 0.2379788 0.0974336 0.1081330 0.1228431 0.2792405 0.0923504 0.1897843 0.2530867 0.2333413 0.0000000 0.1032043 0.1148159 0.1227362 0.1064552 0.9154474 0.2581774 0.1027244 0.2385561 0.1509336 0.0904679 0.1091406 0.2591789 0.1966991 0.0899189 0.0988609 0.1526226 0.2589305 0.1066309 0.1135277 0.1102850 0.0912970 0.2344740 0.1317957 0.1449233 0.0977772 0.1014756 0.2681722 0.2433279 0.3371594 0.0963421 0.1148853 0.2761087 0.1056581 0.2299651 0.2764684 0.0503135 0.1071043 0.2280523 0.1224069 0.0918270 0.1265911 0.1392887 0.1243659 0.2229322 0.1074486 0.1014561 0.1118319 0.0932481 0.1021940 0.2765066 0.0934782 0.0743631 
Perityle_dissecta_201                      0.1131543 0.0566946 0.1022356 0.1397206 0.2216912 0.2733575 0.3089499 0.1083815 0.2555513 0.0373023 0.0335725 0.3011842 0.0067604 0.2730982 0.0219231 0.4100636 0.2683872 0.0223165 0.0810605 0.0350688 0.0303081 0.2087666 0.2363442 0.0362079 0.0856482 0.1097601 0.2862807 0.0941819 0.1757344 0.2344578 0.2194849 0.1032043 0.0000000 0.0419478 0.1167174 0.0297411 0.8378936 0.2558962 0.0243341 0.2145122 0.1537359 0.0245811 0.1046667 0.2574606 0.1544351 0.0303694 0.0371841 0.1559683 0.2300069 0.0310436 0.0311630 0.0413185 0.0280310 0.2436218 0.1192918 0.0943059 0.0301313 0.0350745 0.2780506 0.2142722 0.3446333 0.0477689 0.0416793 0.2822868 0.0291518 0.2413422 0.2912805 0.0223416 0.0345791 0.2086438 0.1128341 0.0378241 0.0331860 0.0448965 0.0632761 0.2329052 0.1060022 0.0230234 0.0426093 0.0895487 0.0289148 0.2648096 0.0741290 0.0799264 
Perityle_emoryi_47_punta_san_jose          0.1236732 0.0655146 0.1042680 0.1445506 0.2185421 0.2665149 0.2925469 0.1191362 0.2430134 0.0455499 0.0420537 0.3124385 0.0388278 0.2696574 0.0397252 0.4226656 0.2699735 0.0376920 0.0752340 0.0432386 0.0484339 0.2162594 0.2342880 0.0460812 0.0902280 0.1167207 0.2831266 0.1059152 0.1977742 0.2336768 0.2298894 0.1148159 0.0419478 0.0000000 0.1210640 0.0466937 0.9231042 0.2589272 0.0419708 0.2226573 0.1609949 0.0422281 0.1088147 0.2592612 0.1499675 0.0412752 0.0463967 0.1676266 0.2434187 0.0430129 0.0496089 0.0519416 0.0421698 0.2440181 0.1304723 0.1012096 0.0409432 0.0432459 0.2763431 0.2267456 0.3539895 0.0547841 0.0529687 0.2808611 0.0444891 0.2256380 0.2835952 0.0360514 0.0467026 0.2161273 0.1126714 0.0486464 0.0467713 0.0554777 0.0825741 0.2182184 0.1040913 0.0383516 0.0513625 0.0828218 0.0407869 0.2686670 0.0819257 0.0770865 
Perityle_feddemae_99                       0.1277610 0.0791599 0.1255664 0.1415236 0.1903355 0.2396352 0.2898665 0.1244238 0.2206641 0.1131602 0.1228807 0.2968031 0.1114766 0.2389635 0.1060523 0.3850772 0.2382062 0.1168880 0.1501280 0.1177670 0.0847574 0.2210126 0.1936943 0.1180137 0.0833129 0.0951731 0.2376046 0.0800368 0.1755140 0.2324384 0.1671133 0.1227362 0.1167174 0.1210640 0.0000000 0.1075117 0.8831028 0.2131709 0.1111756 0.2263722 0.0299633 0.1161877 0.0259390 0.2309972 0.1983731 0.1111423 0.1063441 0.0377939 0.2511748 0.1148584 0.1159825 0.1159581 0.1070068 0.2077723 0.1040869 0.1410715 0.0955720 0.1163393 0.2351022 0.1506639 0.2910227 0.0877676 0.1237149 0.2369262 0.1147250 0.1799152 0.2333022 0.0808047 0.1195124 0.2176715 0.1007336 0.1162146 0.1448778 0.1555254 0.1261812 0.1718169 0.0723208 0.1085449 0.1232514 0.0597902 0.1100361 0.2579260 0.0308264 0.0432166 
Perityle_fosteri_93                        0.1172761 0.0596479 0.0866295 0.1468198 0.2097574 0.2722507 0.2914506 0.1116985 0.2548772 0.0381742 0.0357966 0.2879795 0.0292421 0.2654886 0.0082110 0.3852072 0.2593679 0.0295240 0.0789705 0.0383084 0.0225016 0.1928522 0.2221249 0.0361577 0.0760461 0.1035862 0.2792760 0.0938906 0.1862837 0.2285597 0.2185490 0.1064552 0.0297411 0.0466937 0.1075117 0.0000000 0.8256738 0.2517498 0.0307651 0.2010446 0.1508050 0.0344535 0.0950102 0.2502451 0.1352831 0.0338243 0.0405618 0.1539858 0.2172402 0.0272344 0.0423534 0.0521816 0.0311059 0.2384131 0.1213529 0.1007241 0.0306649 0.0358752 0.2740914 0.2284870 0.3344937 0.0475491 0.0406319 0.2749902 0.0432539 0.2314624 0.2729863 0.0178068 0.0346488 0.1927369 0.1135130 0.0423999 0.0473450 0.0541510 0.0728388 0.2261671 0.0982467 0.0224503 0.0414994 0.0861172 0.0322097 0.2543671 0.0778078 0.0828429 
Perityle_gamon_221                         0.8713229 0.0000010 0.9243115 0.0000010 0.2251324 0.7154357 0.3064494 0.9079439 0.5465085 0.9106989 0.8639963 0.1639010 0.8170565 0.1946328 0.8283727 0.1817687 0.1056705 0.8259606 1.0531060 0.8303840 0.3551892 0.1634675 0.1411747 0.8472480 0.7767151 0.7916108 0.1140966 0.5731283 0.3550721 0.1734158 0.3380597 0.9154474 0.8378936 0.9231042 0.8831028 0.8256738 0.0000000 0.2121645 0.8122235 0.1634675 0.8686461 0.8683404 0.7749430 0.0387483 0.8585255 0.8335007 0.8975821 0.8499186 0.1553268 0.8160384 0.8642069 0.8690512 0.8513717 0.0894192 0.7514554 0.5373997 0.8297449 0.8238040 0.1101007 0.0543327 0.1947001 0.5097598 0.8521643 0.0978068 0.8117242 0.2196522 0.2181952 0.0000010 0.8416165 0.1713901 0.8253789 0.8676261 0.8303840 0.8383007 0.4145297 0.2046175 0.7466209 0.8188987 0.8536772 0.0000010 0.8732651 0.1769931 0.1683336 0.0000010 
Perityle_gentryi_8_san_francisco           0.2529879 0.0859692 0.2473658 0.1541929 0.1022259 0.2659608 0.2501841 0.2656763 0.2010938 0.2633348 0.2544350 0.1415008 0.2786738 0.0388197 0.2431246 0.1576685 0.1144514 0.2911834 0.2585172 0.2498921 0.1318190 0.1055082 0.0997592 0.2512089 0.2158717 0.2051688 0.1304868 0.1652891 0.1884357 0.1176053 0.1524459 0.2581774 0.2558962 0.2589272 0.2131709 0.2517498 0.2121645 0.0000000 0.2551242 0.1072896 0.2300486 0.2671017 0.1824024 0.1037885 0.2562453 0.2351943 0.2418547 0.2402441 0.1142999 0.2506402 0.2687784 0.2478781 0.2450399 0.0892627 0.2305122 0.1380286 0.2355262 0.2466775 0.1058544 0.1011235 0.0692257 0.1721472 0.2597014 0.1220131 0.2443295 0.1253624 0.1185199 0.0654390 0.2519582 0.1084770 0.2371200 0.2581355 0.3320581 0.3069395 0.1328373 0.1210208 0.1847689 0.2475808 0.2700175 0.0678397 0.2491951 0.1180975 0.0869135 0.0569630 
Perityle_gilensis_22_Superstition          0.1138049 0.0654909 0.0961686 0.1431800 0.2191803 0.2699757 0.3195658 0.1071740 0.2656154 0.0320363 0.0305050 0.2964456 0.0257390 0.2751782 0.0230984 0.4028329 0.2656145 0.0238260 0.0740229 0.0308664 0.0352701 0.2089939 0.2402298 0.0295623 0.0813174 0.1039708 0.2971742 0.0970735 0.1742327 0.2427953 0.2122589 0.1027244 0.0243341 0.0419708 0.1111756 0.0307651 0.8122235 0.2551242 0.0000000 0.2104287 0.1618561 0.0274462 0.0982021 0.2619100 0.1463964 0.0296787 0.0342951 0.1558889 0.2255114 0.0279282 0.0321264 0.0464681 0.0246938 0.2490665 0.1117811 0.0942946 0.0253065 0.0308717 0.2860595 0.2321004 0.3377434 0.0498318 0.0379514 0.2865075 0.0321733 0.2440133 0.2904953 0.0222976 0.0283034 0.2088381 0.1184103 0.0362866 0.0379140 0.0465068 0.0702583 0.2423884 0.1014690 0.0205930 0.0371557 0.0965780 0.0244001 0.2602088 0.0701683 0.0828013 
Perityle_gilensis_salensis_225             0.2372080 0.0565946 0.2310135 0.1398965 0.0865388 0.2585537 0.2800802 0.2425030 0.2049886 0.2199021 0.2178388 0.0519814 0.2021113 0.1011985 0.2060950 0.1069613 0.0875612 0.2294340 0.2407676 0.2054832 0.0714658 0.0060412 0.0431092 0.2104579 0.2012964 0.2255790 0.1192553 0.1441115 0.1535079 0.0735297 0.1206458 0.2385561 0.2145122 0.2226573 0.2263722 0.2010446 0.1634675 0.1072896 0.2104287 0.0000000 0.2505931 0.2091217 0.1965254 0.0901482 0.2190970 0.2032597 0.1999664 0.2554770 0.0078591 0.2151843 0.2226897 0.2229939 0.2073493 0.0769541 0.2180884 0.0926600 0.1965251 0.2023865 0.0918002 0.0967459 0.1220537 0.1224257 0.2221237 0.0999160 0.2011878 0.1110183 0.1022200 0.0268342 0.2035493 0.0121340 0.2314444 0.2098275 0.2561863 0.2615260 0.0624479 0.1067974 0.2071815 0.2087970 0.2153343 0.0697098 0.2142061 0.0801543 0.0930336 0.0712027 
Perityle_glaucescens_94                    0.1572713 0.0697988 0.1319923 0.1412117 0.2047809 0.2810428 0.2711090 0.1522330 0.2579626 0.1518092 0.1583269 0.3153316 0.1798415 0.2476508 0.1466472 0.3851976 0.2527451 0.1643192 0.1938901 0.1537507 0.0807052 0.2424337 0.2241235 0.1536460 0.0842558 0.0924869 0.2450802 0.1251270 0.1651769 0.2398666 0.2117124 0.1509336 0.1537359 0.1609949 0.0299633 0.1508050 0.8686461 0.2300486 0.1618561 0.2505931 0.0000000 0.1484843 0.0268469 0.2515584 0.2413238 0.1384231 0.1429856 0.0133239 0.2748102 0.1531430 0.1605709 0.1524006 0.1415079 0.2220361 0.1045382 0.1376525 0.1417922 0.1537870 0.2511212 0.1885296 0.3255964 0.1071491 0.1635792 0.2495995 0.1439374 0.1942240 0.2403429 0.0806244 0.1546049 0.2407322 0.1497134 0.1522265 0.1904925 0.1976277 0.1122337 0.1889910 0.0751586 0.1503956 0.1639346 0.0629703 0.1486635 0.2616434 0.0343334 0.0403294 
Perityle_gracilis_11                       0.0965912 0.0509183 0.0886186 0.1376925 0.2049159 0.2600273 0.2685541 0.0891397 0.2538645 0.0328731 0.0161980 0.2733930 0.0192337 0.2684508 0.0246327 0.3804709 0.2693661 0.0232815 0.0603226 0.0302031 0.0052455 0.2036324 0.2364819 0.0150083 0.0861412 0.1137158 0.3012697 0.0978492 0.1194807 0.2493769 0.2047782 0.0904679 0.0245811 0.0422281 0.1161877 0.0344535 0.8683404 0.2671017 0.0274462 0.2091217 0.1484843 0.0000000 0.0983910 0.2672116 0.1398765 0.0000010 0.0094782 0.1560650 0.2074874 0.0175849 0.0259053 0.0446142 0.0094212 0.2465936 0.1255866 0.0928759 0.0198561 0.0302088 0.3000974 0.1906984 0.3212879 0.0165327 0.0384839 0.2851387 0.0316250 0.2253772 0.2955323 0.0178068 0.0329270 0.2073017 0.1193691 0.0163977 0.0298728 0.0355593 0.0586085 0.2318904 0.1057463 0.0205029 0.0371439 0.0744618 0.0148779 0.2609917 0.0601593 0.0719802 
Perityle_harkerae_31                       0.1097944 0.0758903 0.1092026 0.1411318 0.1702217 0.2282659 0.2819460 0.1103594 0.1970059 0.0995296 0.1080215 0.2632993 0.1047560 0.2080569 0.0951570 0.3377569 0.2051780 0.1035360 0.1265816 0.1027981 0.0824087 0.1927957 0.1795803 0.1058718 0.0839162 0.0931766 0.2062852 0.0723850 0.1759846 0.2017198 0.1602888 0.1091406 0.1046667 0.1088147 0.0259390 0.0950102 0.7749430 0.1824024 0.0982021 0.1965254 0.0268469 0.0983910 0.0000000 0.2045511 0.1657855 0.0961168 0.0950045 0.0321339 0.2183333 0.1014514 0.1034004 0.0992822 0.0916986 0.1744169 0.1038033 0.1305688 0.0842070 0.0998643 0.2018321 0.1515158 0.2598759 0.0856157 0.1117495 0.2039893 0.1011119 0.1582758 0.2009434 0.0857105 0.1068898 0.1910481 0.0955687 0.1009948 0.1233035 0.1402976 0.1186626 0.1532155 0.0727445 0.0962988 0.1106149 0.0598138 0.0995219 0.2222751 0.0342960 0.0403519 
Perityle_hofmeisteria_4_nombre_de_dios     0.2541568 0.0782725 0.2601119 0.1433937 0.0975143 0.2670113 0.2720047 0.2645705 0.1949555 0.2646774 0.2645351 0.1249789 0.2662707 0.0998996 0.2488355 0.1410131 0.0596419 0.2913607 0.2795525 0.2470180 0.1289909 0.0919652 0.0945493 0.2584131 0.2299234 0.2279206 0.0812739 0.1551118 0.1588430 0.1043031 0.1484205 0.2591789 0.2574606 0.2592612 0.2309972 0.2502451 0.0387483 0.1037885 0.2619100 0.0901482 0.2515584 0.2672116 0.2045511 0.0000000 0.2704446 0.2413359 0.2425023 0.2555721 0.1011637 0.2529319 0.2667281 0.2585455 0.2471317 0.0540733 0.2357242 0.1501432 0.2378659 0.2473146 0.0584144 0.0362349 0.1223657 0.1658702 0.2645994 0.0691541 0.2479829 0.1309103 0.1288112 0.0695385 0.2569661 0.0959350 0.2386067 0.2568382 0.3186681 0.3089870 0.1304048 0.1244280 0.1918209 0.2531211 0.2693429 0.0532922 0.2534195 0.1092293 0.0737629 0.0417064 
Perityle_huecosensis_48                    0.2077350 0.0543550 0.1925608 0.1484543 0.2304363 0.3052091 0.3029435 0.2020951 0.2927779 0.1462728 0.1513468 0.3058413 0.1020273 0.2709157 0.1434321 0.3982233 0.2706771 0.1451630 0.1406578 0.1479828 0.0330291 0.2176417 0.2394344 0.1530255 0.1820789 0.2162061 0.3019394 0.1144101 0.1656953 0.2429816 0.2215576 0.1966991 0.1544351 0.1499675 0.1983731 0.1352831 0.8585255 0.2562453 0.1463964 0.2190970 0.2413238 0.1398765 0.1657855 0.2704446 0.0000000 0.1518008 0.1314633 0.2381838 0.2370128 0.1520760 0.1526453 0.1663585 0.1445330 0.2675926 0.2084204 0.1031285 0.1309767 0.1450887 0.2811504 0.2081119 0.3210579 0.0455801 0.1611787 0.2989446 0.1499095 0.2354613 0.2869268 0.0320370 0.1359066 0.2176219 0.2068414 0.1528813 0.1799920 0.1859650 0.0660248 0.2418142 0.2022785 0.1414507 0.1493598 0.0840136 0.1487356 0.2552117 0.0636871 0.0777574 
