83
Amauria_brandeegeana_62                    0.0000000 0.1015417 0.2674025 0.2032550 0.1029446 0.3065024 0.1969900 0.2596542 0.0182509 0.2648900 0.2513104 0.2533891 0.1777965 0.2396458 0.2952708 0.2441254 0.1950968 0.1931328 0.2434763 0.1771640 0.1709370 0.1539068 0.2309625 0.1412157 0.2574381 0.3475578 0.1924030 0.1529654 0.1489465 0.2116588 0.2423366 0.0182658 0.2385659 0.0889618 0.4466134 0.2424599 0.2172293 0.2687992 0.2035808 0.3417967 0.3742508 0.2481322 0.2517849 0.2305469 0.2395156 0.2567412 0.1522643 0.4450038 0.2520163 0.1317138 0.1728015 0.2941210 0.2405101 0.2680939 0.1577216 0.2136616 0.1022084 0.1814010 0.1382587 0.1654176 0.2312012 0.1653285 0.3701373 0.1756530 0.3432655 0.4142204 0.1427516 0.2559045 0.3377669 0.1404957 0.1575070 0.2580662 0.2508471 0.0724197 0.4400420 0.1890996 0.2452811 0.3054806 0.2538040 0.3546940 0.2886385 0.1328315 0.0678635 
Amauria_carterae_99_mesa                   0.1015417 0.0000000 0.6896039 0.0782173 0.0802969 0.1754137 0.3070139 0.2709303 0.0893669 0.1368850 0.1394773 0.1470286 0.1503516 0.2479209 0.1376070 0.1435518 0.1605842 0.1760557 0.1445215 0.0000010 0.1467157 0.5524289 0.1458628 0.1469355 0.1572980 0.1587911 0.1207610 0.1571860 0.1512916 0.3029934 0.1603225 0.0859237 0.1397649 0.0755840 0.3688507 0.1379113 0.1961533 0.1410912 0.1580874 0.1503872 0.1477624 0.1430993 0.1311943 0.1926973 0.1401469 0.1501222 0.1502077 0.3624854 0.1435224 0.1362496 0.1539041 0.2471244 0.1466799 0.1833928 0.1338730 0.2688288 0.1694908 0.1883296 0.1181310 0.1799248 0.1636329 0.0000010 0.1390958 0.1621184 0.2765290 0.2669371 0.0000010 0.1333998 0.9507599 0.5955032 0.1467974 0.1602501 0.1400679 0.0000010 0.2633138 0.1764169 0.1256383 0.2846110 0.3410772 0.1526455 0.3159016 0.1426514 0.0000010 
Conoclinium_coelestinum_SRR9119114         0.2674025 0.6896039 0.0000000 0.6142612 0.2812935 0.7353544 0.2473665 0.2846433 0.2654990 0.6354069 0.3726103 0.5708257 0.2564190 0.2626310 0.6061655 0.5650706 0.5134814 0.2764687 0.3737888 0.2320315 0.3184624 0.2597235 0.5990162 0.5708257 0.5596375 0.7260815 0.3010686 0.2376594 0.2913609 0.3070106 0.5381057 0.2688117 0.3530016 0.7033975 0.7573221 0.3685224 0.3153480 0.5732895 0.3739911 0.6683115 0.7594818 0.5796035 0.6081412 0.2707937 0.5405798 0.6006816 0.2620268 0.7776900 0.5560738 0.5745059 0.2621320 0.8340785 0.3506305 0.3412831 0.3005730 0.2817227 0.2521998 0.2655150 0.5190407 0.3263370 0.6861126 0.2141448 0.7476512 0.2400329 0.8295794 0.7945468 0.1847233 0.5859685 0.2845936 0.1589465 0.2506531 0.5899046 0.5644370 0.1376363 0.8022245 0.2443127 0.5795957 0.3876036 0.3333334 0.8172922 0.3292528 0.6396148 0.1462295 
Eutetras_palmeri_63                        0.2032550 0.0782173 0.6142612 0.0000000 0.0461309 0.1899826 0.2835888 0.3259515 0.1899978 0.1932398 0.3589417 0.1896592 0.1981823 0.3997621 0.1614452 0.1891530 0.2232978 0.2086652 0.2125084 0.6642788 0.1801942 0.6427986 0.1691945 0.0983107 0.1906246 0.2065098 0.1864067 0.1572765 0.2415579 0.3588612 0.2520275 0.1781718 0.2047618 0.1544725 0.4144811 0.2126669 0.2277810 0.1643109 0.1722647 0.3163728 0.2154158 0.1963016 0.1879485 0.3714704 0.1792451 0.1882403 0.1799907 0.4128638 0.1839953 0.0882578 0.2044839 0.2797195 0.2004738 0.2429743 0.1417195 0.3410222 0.1682597 0.2226515 0.1133950 0.1642556 0.1188152 0.3869411 0.2122549 0.1946853 0.3020173 0.4014511 0.5915135 0.2000551 0.8765172 0.8595818 0.1845555 0.2179438 0.1828516 0.3869411 0.3810632 0.2052505 0.1758975 0.3290506 0.3361291 0.2203238 0.4692102 0.0997544 0.3869411 
Eutetras_pringlei_149_quer                 0.1029446 0.0802969 0.2812935 0.0461309 0.0000000 0.2011966 0.2119765 0.1849405 0.0941741 0.1719633 0.1869074 0.1182728 0.0988181 0.1520936 0.1579622 0.1364807 0.1197057 0.1127245 0.1468476 0.1795893 0.0973534 0.2134933 0.1290519 0.1167415 0.1213691 0.1972086 0.0923428 0.1108792 0.1157657 0.1861436 0.1541938 0.0962398 0.1381989 0.0916150 0.3190197 0.1513565 0.1181119 0.0982230 0.1527393 0.2332118 0.3270239 0.1145949 0.1824176 0.1487676 0.1114066 0.1180290 0.0999015 0.3185573 0.1183227 0.1151828 0.0959366 0.2409609 0.1423487 0.1682180 0.0882454 0.1666211 0.1031179 0.1060925 0.1082637 0.1601166 0.1508191 0.0718135 0.2437959 0.1128924 0.2421414 0.2463559 0.1141692 0.1214799 0.3708821 0.1294258 0.0959721 0.1303949 0.1146063 0.0670968 0.2621299 0.1027989 0.1105702 0.2156614 0.2514918 0.1264362 0.2230469 0.1221864 0.0820055 
Eutrochium_fistulosum_SRR9119106           0.3065024 0.1754137 0.7353544 0.1899826 0.2011966 0.0000000 0.4315003 0.3562127 0.2900145 0.2325921 0.4217058 0.2009203 0.2961095 0.4478700 0.2209661 0.1961471 0.2737976 0.3130031 0.3217911 0.9357357 0.2705060 0.6202846 0.2036379 0.1974879 0.2003725 0.2878461 0.2700224 0.3155466 0.3011465 0.3685043 0.2728202 0.2817766 0.2998800 0.1944727 0.3887863 0.3129018 0.3578925 0.1995437 0.3114939 0.3229423 0.3132449 0.2003220 0.2343526 0.4222777 0.2129570 0.2126421 0.2916813 0.3788350 0.2034762 0.2067395 0.2814106 0.2867156 0.3013708 0.3220601 0.2736477 0.3820994 0.3567029 0.3008462 0.1751271 0.3554507 0.2631152 0.9252132 0.3224125 0.3147044 0.2872336 0.2912057 0.8448922 0.1977063 0.9952024 0.7612137 0.2919967 0.2133262 0.1944911 0.7933494 0.3074659 0.3130810 0.2020807 0.3982909 0.5136677 0.2822234 0.4322271 0.1782565 0.8271548 
Galeana_pratensis_104_mex                  0.1969900 0.3070139 0.2473665 0.2835888 0.2119765 0.4315003 0.0000000 0.2542086 0.1923036 0.3579410 0.2483842 0.2999741 0.1943384 0.1768349 0.3463131 0.3020057 0.3423838 0.1863241 0.2634019 0.2049078 0.2152020 0.1952743 0.3039188 0.2995449 0.3152674 0.4460697 0.1823199 0.1878374 0.2200273 0.2268201 0.3592586 0.1925649 0.2484189 0.3120496 0.4522799 0.2643342 0.2116216 0.2875224 0.2677967 0.4246216 0.4755335 0.2984219 0.3167597 0.2188844 0.3129003 0.3229069 0.1944751 0.4418500 0.3048138 0.2991122 0.1943541 0.3843760 0.2531791 0.2773731 0.1778133 0.2276766 0.1825206 0.2013968 0.2470372 0.2312583 0.3859972 0.1293367 0.4896326 0.1898253 0.3854140 0.4232198 0.1606657 0.2966435 0.3414558 0.1400996 0.1898647 0.3167460 0.2937958 0.1134320 0.4261754 0.2050676 0.3405473 0.2955247 0.2648104 0.4148998 0.2314721 0.2569464 0.1259920 
Helianthus_annuus_SRR9119062               0.2596542 0.2709303 0.2846433 0.3259515 0.1849405 0.3562127 0.2542086 0.0000000 0.2454576 0.3761709 0.3641270 0.3336386 0.2448781 0.2962889 0.3594624 0.3127894 0.4071757 0.2511448 0.3068197 0.2107727 0.2581140 0.2988574 0.3302034 0.3128594 0.3296606 0.3978003 0.2531919 0.2390097 0.2905346 0.2555442 0.4010656 0.2354160 0.3026506 0.3462272 0.3766553 0.3043185 0.2751087 0.3337643 0.3051665 0.5170607 0.4891368 0.3358888 0.3768688 0.3421666 0.3246911 0.3303669 0.2356998 0.3906057 0.3311768 0.2938939 0.2432982 0.3216421 0.3018822 0.3232997 0.2511955 0.2147437 0.2205650 0.2583258 0.2731822 0.2461898 0.3412530 0.2067062 0.4194970 0.2398674 0.3123911 0.4195378 0.1694791 0.3212600 0.4485050 0.2015575 0.2429707 0.3939038 0.3192908 0.1228743 0.4323888 0.2364508 0.3161800 0.2955994 0.3398836 0.4077849 0.3204229 0.2740148 0.1356668 
Lycapsus_tenuifolius_17                    0.0182509 0.0893669 0.2654990 0.1899978 0.0941741 0.2900145 0.1923036 0.2454576 0.0000000 0.2455491 0.3027290 0.2389572 0.1741482 0.2373109 0.2625766 0.2434022 0.1878890 0.1853738 0.2366133 0.1769490 0.1705230 0.1981773 0.2184588 0.1499843 0.2426086 0.3124160 0.1767989 0.1427374 0.1429227 0.2051850 0.2244595 0.0024016 0.2322131 0.0799174 0.4217189 0.2370680 0.2073387 0.2360717 0.1994863 0.3825629 0.3418789 0.2344224 0.2217003 0.2630444 0.2267217 0.2422820 0.1503542 0.4262326 0.2406951 0.1382032 0.1755490 0.2868358 0.2322361 0.2521262 0.1518635 0.1991869 0.1155971 0.1805248 0.1195570 0.1653407 0.2073480 0.1651499 0.3528970 0.1640485 0.3122342 0.3885250 0.1425924 0.2465206 0.3436058 0.1403730 0.1568119 0.2720381 0.2364975 0.0723489 0.4070309 0.1737852 0.2386278 0.2910701 0.2440472 0.3299712 0.2872975 0.1506749 0.0677951 
Pericome_caudata_50_silver                 0.2648900 0.1368850 0.6354069 0.1932398 0.1719633 0.2325921 0.3579410 0.3761709 0.2455491 0.0000000 0.3057104 0.1370147 0.2029301 0.4427502 0.1194478 0.1418707 0.2100173 0.2450157 0.1712346 0.7350114 0.1841305 0.5601566 0.1399802 0.0934233 0.1341201 0.1500453 0.1557110 0.2041950 0.2639848 0.4053605 0.2433130 0.2270238 0.1835658 0.1578667 0.4177773 0.1830328 0.2243858 0.1247182 0.1877330 0.2552879 0.2138086 0.1368769 0.1943775 0.3721963 0.1387118 0.1406941 0.1858073 0.4070455 0.1424762 0.1031866 0.1861540 0.3244427 0.1831259 0.2077635 0.1832313 0.4129335 0.2463501 0.2499482 0.1122274 0.1940166 0.1408490 0.9282826 0.1471449 0.2289871 0.3499135 0.4075595 0.7006412 0.1424510 0.8957092 0.8464565 0.1937392 0.1642252 0.1375444 0.7336476 0.4116519 0.1974997 0.1467876 0.4188992 0.3809272 0.1518695 0.4863298 0.0899792 0.7715091 
Perityle_aglossa_84_dead_horse             0.2513104 0.1394773 0.3726103 0.3589417 0.1869074 0.4217058 0.2483842 0.3641270 0.3027290 0.3057104 0.0000000 0.1979612 0.2276144 0.3297571 0.2849646 0.1893973 0.2811601 0.3078847 0.1261391 0.0362898 0.2158625 0.3330450 0.2158129 0.0734772 0.1992077 0.3364659 0.2186411 0.2846663 0.2908137 0.2769446 0.4225094 0.3066014 0.1561141 0.2603520 0.4093689 0.1511608 0.2580286 0.2545257 0.1513641 0.2701304 0.4325330 0.1819821 0.3268585 0.2773325 0.2215731 0.2014979 0.2316112 0.3995662 0.2211237 0.1141946 0.2102730 0.4405269 0.1492436 0.2565082 0.2096040 0.2954224 0.1531008 0.2726809 0.1007522 0.0958239 0.3539220 0.2769656 0.3000688 0.3035792 0.3566828 0.5165686 0.1244193 0.2214763 0.4559253 0.3046489 0.2334731 0.1403091 0.2182060 0.2456807 0.5077086 0.2841937 0.2104100 0.2123504 0.2141615 0.2828360 0.4091633 0.0431785 0.2333169 
Perityle_ajoensis_204                      0.2533891 0.1470286 0.5708257 0.1896592 0.1182728 0.2009203 0.2999741 0.3336386 0.2389572 0.1370147 0.1979612 0.0000000 0.0784865 0.3683284 0.0908237 0.0856693 0.2309077 0.1803366 0.0713353 0.0000010 0.0538731 0.5383401 0.0815348 0.0125893 0.0172500 0.0956518 0.1137614 0.1429270 0.2152978 0.3328806 0.2628080 0.2291825 0.0774313 0.1601932 0.3992324 0.0936741 0.1574687 0.0856065 0.0511263 0.1712973 0.1974278 0.0126131 0.1928681 0.3005771 0.0757365 0.0190051 0.0527918 0.3880970 0.0644054 0.0199527 0.0675847 0.3119285 0.0851498 0.1613744 0.1029112 0.3643761 0.0817430 0.1231846 0.1160501 0.1152604 0.1168998 0.0000010 0.0615865 0.1833959 0.3344861 0.4026897 0.0000010 0.0892056 0.8593251 0.8725888 0.0620442 0.0299885 0.0735568 0.0000010 0.3853357 0.1501146 0.0668408 0.3462775 0.3156443 0.0201094 0.4420067 0.0464107 0.0000010 
Perityle_ambrosiifolia_67_green            0.1777965 0.1503516 0.2564190 0.1981823 0.0988181 0.2961095 0.1943384 0.2448781 0.1741482 0.2029301 0.2276144 0.0784865 0.0000000 0.2000239 0.1750259 0.0838370 0.2382145 0.1562482 0.1447784 0.1854044 0.0573632 0.1765765 0.0586630 0.0227833 0.0817853 0.1820426 0.1214181 0.1185240 0.1789076 0.2117330 0.2869326 0.1719114 0.1299040 0.1834139 0.4124649 0.1383053 0.1610353 0.1350272 0.1252183 0.2292807 0.3080879 0.0819054 0.2067040 0.2241164 0.0728572 0.0878479 0.0599571 0.4027326 0.0571271 0.0306003 0.0500587 0.3267059 0.1298652 0.1928338 0.1131585 0.1980805 0.0646470 0.1034406 0.1257551 0.1386959 0.1869513 0.1497199 0.2296455 0.1476026 0.3443644 0.4321085 0.1266012 0.0816620 0.2940407 0.1977679 0.0574543 0.1089559 0.0662967 0.0387083 0.4260135 0.1364294 0.0705333 0.3029724 0.2528373 0.1704821 0.3030875 0.0560639 0.0824247 
Perityle_angustifolia_13_Eagle_creek       0.2396458 0.2479209 0.2626310 0.3997621 0.1520936 0.4478700 0.1768349 0.2962889 0.2373109 0.4427502 0.3297571 0.3683284 0.2000239 0.0000000 0.4176192 0.3682143 0.3814165 0.2452625 0.3163922 0.2034117 0.2043327 0.1241865 0.3467152 0.2288532 0.3648258 0.4684307 0.2392219 0.1853129 0.2569690 0.2406060 0.5077705 0.2393441 0.3168748 0.3575301 0.4899353 0.3117626 0.2645235 0.3886442 0.2626874 0.4233632 0.4832178 0.3625938 0.3674265 0.2634179 0.3413714 0.3721400 0.1658308 0.4910469 0.3488248 0.2204340 0.2103477 0.3691484 0.3049251 0.3442498 0.1942633 0.2145116 0.0933267 0.2145057 0.0862033 0.1951047 0.3755231 0.1460557 0.4960754 0.2137716 0.4371065 0.5228462 0.1267500 0.3633630 0.2864503 0.1782342 0.1659601 0.3836971 0.3571068 0.0288455 0.5391029 0.2509368 0.3370243 0.3678589 0.2710503 0.4593784 0.2829071 0.1918150 0.0680055 
Perityle_batopilensis_97                   0.2952708 0.1376070 0.6061655 0.1614452 0.1579622 0.2209661 0.3463131 0.3594624 0.2625766 0.1194478 0.2849646 0.0908237 0.1750259 0.4176192 0.0000000 0.1240337 0.1951151 0.2123273 0.1682455 0.7736005 0.1239251 0.5797702 0.1288314 0.0870174 0.0928665 0.1591012 0.1506554 0.1479329 0.2546589 0.3795472 0.2158661 0.2412499 0.1702110 0.1653920 0.3616348 0.1763785 0.1948986 0.0182569 0.1672094 0.2600380 0.2462362 0.0934795 0.1733430 0.3085348 0.1203102 0.0970580 0.1610539 0.3567484 0.1207954 0.0977762 0.1701366 0.2883445 0.1715283 0.1257615 0.1852650 0.3797578 0.2189113 0.2434957 0.0941877 0.1883946 0.0858107 0.7478726 0.1810951 0.1794019 0.2978614 0.3847361 0.6215758 0.1273854 0.8841298 0.6729332 0.1776047 0.1157910 0.1156319 0.6742263 0.3933945 0.1659849 0.1232120 0.3592664 0.3476397 0.0999577 0.4468359 0.0919199 0.5445948 
Perityle_bisetosa_9                        0.2441254 0.1435518 0.5650706 0.1891530 0.1364807 0.1961471 0.3020057 0.3127894 0.2434022 0.1418707 0.1893973 0.0856693 0.0838370 0.3682143 0.1240337 0.0000000 0.2481864 0.1992357 0.0832145 0.4604523 0.0775464 0.6284384 0.0538615 0.0332596 0.0832285 0.0658698 0.1167322 0.1517990 0.2184514 0.3294458 0.2732781 0.2254435 0.0420093 0.1636382 0.3943733 0.0550420 0.1554836 0.1223163 0.0812690 0.1478248 0.2217628 0.0853220 0.2104009 0.3229452 0.0321530 0.0831515 0.0831707 0.3831619 0.0449361 0.0406533 0.0619121 0.3019502 0.0546397 0.1777597 0.1266286 0.3620820 0.1225366 0.1503614 0.1110558 0.1393010 0.1275367 0.4604523 0.0782344 0.1742394 0.3287958 0.4257838 0.4604523 0.0327329 0.8139111 0.7210181 0.0871669 0.1085596 0.0356392 0.4604523 0.4153240 0.1701428 0.0570653 0.3539389 0.3379173 0.0882334 0.4236103 0.0433366 0.4604523 
Perityle_californica_76_positas            0.1950968 0.1605842 0.5134814 0.2232978 0.1197057 0.2737976 0.3423838 0.4071757 0.1878890 0.2100173 0.2811601 0.2309077 0.2382145 0.3814165 0.1951151 0.2481864 0.0000000 0.2513676 0.2559000 0.5457099 0.2435061 0.7105831 0.2482720 0.1792281 0.2339716 0.2501340 0.2387020 0.1762591 0.1712752 0.3902780 0.0997790 0.1850520 0.2480401 0.1612466 0.4114183 0.2409426 0.2416172 0.1988687 0.2528201 0.2509092 0.2732171 0.2270849 0.2633224 0.2692822 0.2315443 0.2276793 0.2472628 0.4198909 0.2307459 0.1510070 0.2381746 0.3341875 0.2450030 0.2415513 0.2288166 0.3797721 0.1957724 0.2496837 0.1426453 0.1474215 0.1600416 0.3940385 0.2334466 0.1861177 0.3737746 0.3809152 0.8571662 0.2459224 0.9558587 0.4585177 0.2377491 0.2431734 0.2371029 0.3940385 0.3668671 0.2288272 0.2160372 0.3708578 0.3264337 0.2681513 0.4414148 0.1682364 0.5797175 
Perityle_canescens_77                      0.1931328 0.1760557 0.2764687 0.2086652 0.1127245 0.3130031 0.1863241 0.2511448 0.1853738 0.2450157 0.3078847 0.1803366 0.1562482 0.2452625 0.2123273 0.1992357 0.2513676 0.0000000 0.2254373 0.1861622 0.1442733 0.2597382 0.1780678 0.1186113 0.1859582 0.2760816 0.1530956 0.1042697 0.1928833 0.2260297 0.2707934 0.1804859 0.2038685 0.2212436 0.4063731 0.2181565 0.1742896 0.1741771 0.1975841 0.3813617 0.3168644 0.1919518 0.2036128 0.2513500 0.1906702 0.1937484 0.1418586 0.4080028 0.1908733 0.1135922 0.1523813 0.3025229 0.2085328 0.1832391 0.1310781 0.1907455 0.1244613 0.1733422 0.0661891 0.1378915 0.1639073 0.1496664 0.3157134 0.1281263 0.3321419 0.4193952 0.1597308 0.1934057 0.3840246 0.1865710 0.1355140 0.2286492 0.1805301 0.0940963 0.4074339 0.1441000 0.1945187 0.2884885 0.2411392 0.2694696 0.3067456 0.0789553 0.0681533 
Perityle_castillonii_96                    0.2434763 0.1445215 0.3737888 0.2125084 0.1468476 0.3217911 0.2634019 0.3068197 0.2366133 0.1712346 0.1261391 0.0713353 0.1447784 0.3163922 0.1682455 0.0832145 0.2559000 0.2254373 0.0000000 0.0177308 0.1191162 0.3501311 0.0710839 0.0296084 0.0689191 0.2054125 0.1426049 0.1880958 0.2208705 0.2913924 0.2936591 0.2312351 0.0477892 0.1819351 0.4239738 0.0615891 0.2029661 0.1188784 0.0513791 0.2336150 0.3270026 0.0740624 0.2050757 0.2872033 0.0775812 0.0814804 0.1403523 0.4101167 0.0589157 0.0373058 0.1285306 0.3321555 0.0539704 0.1597866 0.1644049 0.3142336 0.1745332 0.1948615 0.1186698 0.1000574 0.2009803 0.2962630 0.2176407 0.2025216 0.3452556 0.4289241 0.1230289 0.0814205 0.4861987 0.3241160 0.1432805 0.1013099 0.0666598 0.2642059 0.4411958 0.1776216 0.0692179 0.2045895 0.2066079 0.1640617 0.3768415 0.0580440 0.2302782 
Perityle_cernua_84                         0.1771640 0.0000010 0.2320315 0.6642788 0.1795893 0.9357357 0.2049078 0.2107727 0.1769490 0.7350114 0.0362898 0.0000010 0.1854044 0.2034117 0.7736005 0.4604523 0.5457099 0.1861622 0.0177308 0.0000000 0.1478518 0.2587175 0.0000010 0.0000010 0.0000010 1.1268254 0.1992845 0.1955979 0.1866970 0.1866970 0.4925642 0.1766496 0.0252592 1.0474720 0.5753635 0.0249625 0.2273360 0.0000010 0.0286532 1.0092655 1.0546254 0.0000010 0.0000010 0.1957269 0.0000010 0.0000010 0.1987428 0.5753635 0.0000010 0.0000010 0.1763752 0.0000010 0.0325271 0.0609658 0.1774456 0.1813834 0.2007888 0.2082569 0.0000010 0.0712355 1.1211651 0.2170808 0.9263319 0.1903767 0.0000010 0.5020161 0.0887988 0.0000010 0.1897690 0.1856113 0.1942642 0.0000010 0.0000010 0.1942263 0.6564629 0.1826411 0.3892114 0.0325722 0.0667568 1.0328230 0.2116435 0.0000010 0.1667373 
Perityle_cfvillosa_25_tin                  0.1709370 0.1467157 0.3184624 0.1801942 0.0973534 0.2705060 0.2152020 0.2581140 0.1705230 0.1841305 0.2158625 0.0538731 0.0573632 0.2043327 0.1239251 0.0775464 0.2435061 0.1442733 0.1191162 0.1478518 0.0000000 0.5828847 0.0665608 0.0176495 0.0577247 0.1252141 0.1149031 0.1128388 0.1650511 0.2282914 0.2440224 0.1662153 0.1075393 0.1710056 0.4069410 0.1177440 0.1671502 0.1230297 0.0892593 0.2031147 0.2284932 0.0525922 0.1836722 0.2319648 0.0681705 0.0584710 0.0149286 0.3966789 0.0442395 0.0224436 0.0481154 0.2915374 0.1060592 0.1592460 0.1162565 0.2320000 0.0558003 0.0729642 0.1156938 0.1091345 0.1709954 0.1740677 0.1512389 0.1340584 0.3342405 0.4334214 0.1726609 0.0790707 0.4404655 0.1813286 0.0231432 0.0754518 0.0632031 0.0381752 0.4201625 0.1291621 0.0611723 0.3122534 0.2461206 0.1299754 0.3072666 0.0463166 0.0778989 
Perityle_cinerea_113_Powell1310            0.1539068 0.5524289 0.2597235 0.6427986 0.2134933 0.6202846 0.1952743 0.2988574 0.1981773 0.5601566 0.3330450 0.5383401 0.1765765 0.1241865 0.5797702 0.6284384 0.7105831 0.2597382 0.3501311 0.2587175 0.5828847 0.0000000 0.5662653 0.5051941 0.5086780 0.7369098 0.1910943 0.1966918 0.2716345 0.2175452 0.7359422 0.1981773 0.3389566 0.5407604 0.6138774 0.3634078 0.2879828 0.5323428 0.3687149 0.6327092 0.8182752 0.5383401 0.5928221 0.2302308 0.5662653 0.5383401 0.1635420 0.5253809 0.6036321 0.5051941 0.1827871 0.8061287 0.3475001 0.4778928 0.1844980 0.1452523 0.1398093 0.1890597 0.8023538 0.3014672 0.7103577 0.0960597 0.7511410 0.1896610 0.6848758 0.6543351 0.0513107 0.5342137 0.1619755 0.0956928 0.1702895 0.5051941 0.5383401 0.0308132 0.6617464 0.2392882 0.5567167 0.3254757 0.4007811 0.5354191 0.3186594 0.5560568 0.0604559 
Perityle_coahuilensis_24                   0.2309625 0.1458628 0.5990162 0.1691945 0.1290519 0.2036379 0.3039188 0.3302034 0.2184588 0.1399802 0.2158129 0.0815348 0.0586630 0.3467152 0.1288314 0.0538615 0.2482720 0.1780678 0.0710839 0.0000010 0.0665608 0.5662653 0.0000000 0.0283378 0.0833908 0.0603801 0.1184003 0.1368580 0.2161832 0.3253539 0.2696796 0.2127591 0.0449777 0.1651685 0.3955647 0.0623784 0.1514487 0.1298541 0.0498309 0.1394319 0.2239039 0.0773853 0.2156788 0.3225000 0.0543092 0.0853908 0.0598295 0.3842528 0.0468080 0.0331312 0.0535359 0.3142456 0.0449517 0.1736152 0.1194535 0.3553881 0.1097699 0.1429513 0.1105356 0.1219505 0.1327927 0.0000010 0.0764518 0.1515842 0.3300082 0.4107451 0.0000010 0.0554539 0.8775335 0.7737822 0.0687244 0.1098015 0.0467851 0.0000010 0.3963567 0.1735793 0.0485971 0.3531909 0.3316978 0.0927452 0.4328528 0.0408436 0.0000010 
Perityle_cochisensis_44_cave_creek         0.1412157 0.1469355 0.5708257 0.0983107 0.1167415 0.1974879 0.2995449 0.3128594 0.1499843 0.0934233 0.0734772 0.0125893 0.0227833 0.2288532 0.0870174 0.0332596 0.1792281 0.1186113 0.0296084 0.0000010 0.0176495 0.5051941 0.0283378 0.0000000 0.0176709 0.0492133 0.0818249 0.1379147 0.1381534 0.2842114 0.1968799 0.1468374 0.0305917 0.1345948 0.3772852 0.0495542 0.1287375 0.0868905 0.0357527 0.0151126 0.1604645 0.0100325 0.1583909 0.1648301 0.0228469 0.0151054 0.0201923 0.3648689 0.0075076 0.0131193 0.0176739 0.3057451 0.0306026 0.1335747 0.0902428 0.3153081 0.0386512 0.0519032 0.1208377 0.1151644 0.1284507 0.0000010 0.0205799 0.1392441 0.3182970 0.2935117 0.0000010 0.0287925 0.8301410 0.5012200 0.0151122 0.0309504 0.0254045 0.0000010 0.2920205 0.1348381 0.0102777 0.3003277 0.3152165 0.0191625 0.3321160 0.0528722 0.0000010 
Perityle_congesta_202                      0.2574381 0.1572980 0.5596375 0.1906246 0.1213691 0.2003725 0.3152674 0.3296606 0.2426086 0.1341201 0.1992077 0.0172500 0.0817853 0.3648258 0.0928665 0.0832285 0.2339716 0.1859582 0.0689191 0.0000010 0.0577247 0.5086780 0.0833908 0.0176709 0.0000000 0.1010255 0.1194341 0.1402899 0.2234930 0.3320812 0.2684865 0.2300019 0.0751259 0.1654918 0.4123502 0.0872632 0.1661553 0.0916910 0.0570220 0.1817651 0.2039990 0.0179504 0.1971463 0.3091768 0.0734393 0.0171301 0.0638043 0.4014531 0.0658986 0.0224706 0.0748560 0.3159223 0.0808463 0.1651765 0.1105735 0.3634852 0.0815560 0.1244514 0.1255692 0.1195057 0.1214239 0.0000010 0.0612243 0.1868572 0.3390284 0.4094746 0.0000010 0.0847564 0.8578403 0.9489537 0.0638638 0.0341096 0.0712858 0.0000010 0.3888882 0.1515076 0.0664560 0.3492945 0.3298119 0.0199691 0.4477041 0.0591999 0.0000010 
Perityle_cordifolia_27                     0.3475578 0.1587911 0.7260815 0.2065098 0.1972086 0.2878461 0.4460697 0.3978003 0.3124160 0.1500453 0.3364659 0.0956518 0.1820426 0.4684307 0.1591012 0.0658698 0.2501340 0.2760816 0.2054125 1.1268254 0.1252141 0.7369098 0.0603801 0.0492133 0.1010255 0.0000000 0.2102819 0.2303930 0.3028909 0.4668533 0.2733515 0.2917489 0.1654758 0.1715809 0.4190129 0.1833713 0.2635880 0.1272562 0.1804371 0.1917638 0.2647526 0.0978693 0.1965731 0.4141178 0.0599912 0.0998923 0.1745912 0.4089567 0.0625262 0.0513030 0.1585695 0.3263710 0.1759182 0.2502899 0.2377105 0.4896179 0.2580762 0.2437924 0.1211984 0.2774963 0.1662297 0.9670068 0.1964165 0.2465805 0.3441222 0.4463897 1.0228891 0.0675249 0.9187353 0.9024971 0.1781443 0.1239832 0.0567075 0.9190033 0.4510809 0.2656457 0.0729480 0.4858535 0.4587308 0.1823328 0.5038589 0.0464875 0.9580772 
Perityle_cordifolia_68_tecolote            0.1924030 0.1207610 0.3010686 0.1864067 0.0923428 0.2700224 0.1823199 0.2531919 0.1767989 0.1557110 0.2186411 0.1137614 0.1214181 0.2392219 0.1506554 0.1167322 0.2387020 0.1530956 0.1426049 0.1992845 0.1149031 0.1910943 0.1184003 0.0818249 0.1194341 0.2102819 0.0000000 0.1355868 0.1862736 0.2150959 0.2535389 0.1714898 0.1503661 0.1653624 0.3853902 0.1532099 0.1321400 0.1128631 0.1482127 0.2999594 0.2827042 0.1190748 0.1784305 0.2230659 0.1230705 0.1272680 0.1040648 0.3788693 0.1231546 0.0860474 0.1112056 0.2739984 0.1544963 0.1662371 0.0355710 0.2021846 0.1128249 0.1609450 0.0920933 0.1486886 0.1684725 0.1264262 0.2494390 0.1508314 0.2846504 0.3771672 0.1519236 0.1231126 0.3832595 0.2180522 0.1093810 0.1428455 0.1165848 0.0974984 0.3786813 0.1199223 0.1383187 0.2652320 0.2641437 0.2018662 0.2964658 0.0597154 0.1242810 
Perityle_coronopifolia_28_patagonia        0.1529654 0.1571860 0.2376594 0.1572765 0.1108792 0.3155466 0.1878374 0.2390097 0.1427374 0.2041950 0.2846663 0.1429270 0.1185240 0.1853129 0.1479329 0.1517990 0.1762591 0.1042697 0.1880958 0.1955979 0.1128388 0.1966918 0.1368580 0.1379147 0.1402899 0.2303930 0.1355868 0.0000000 0.1542280 0.2100573 0.2037669 0.1450596 0.1768473 0.1481830 0.3758163 0.1771907 0.1434190 0.1062355 0.1813076 0.3280787 0.2915813 0.1360700 0.1840444 0.2135794 0.1322399 0.1464727 0.1046369 0.3648759 0.1401813 0.1363412 0.1149513 0.3548310 0.1720200 0.1663872 0.1233019 0.1983133 0.1365914 0.1335186 0.1171346 0.1346475 0.1719989 0.1425615 0.2848412 0.0235305 0.3454584 0.4267837 0.1399105 0.1447950 0.3948089 0.1454870 0.1053835 0.1527578 0.1301158 0.0694970 0.4259026 0.1193582 0.1535349 0.3009093 0.2511780 0.2374428 0.2791950 0.1276370 0.0827083 
Perityle_crassifolia_70_ventanas           0.1489465 0.1512916 0.2913609 0.2415579 0.1157657 0.3011465 0.2200273 0.2905346 0.1429227 0.2639848 0.2908137 0.2152978 0.1789076 0.2569690 0.2546589 0.2184514 0.1712752 0.1928833 0.2208705 0.1866970 0.1650511 0.2716345 0.2161832 0.1381534 0.2234930 0.3028909 0.1862736 0.1542280 0.0000000 0.1981643 0.2154618 0.1481262 0.2197211 0.1411509 0.4560066 0.2293183 0.2079089 0.2188894 0.2083578 0.4072203 0.3611025 0.2080400 0.2519765 0.2705843 0.2157368 0.2235787 0.1647046 0.4560388 0.2191165 0.1227761 0.1596440 0.3591452 0.2241904 0.2184356 0.1585190 0.2317505 0.1365018 0.1886109 0.1591069 0.1374597 0.2161155 0.1654400 0.3453585 0.1649362 0.3779481 0.4990556 0.1437972 0.2225221 0.3887696 0.0883915 0.1597555 0.2439268 0.2066621 0.0935821 0.5045709 0.1745216 0.2155522 0.3109622 0.2479401 0.2988450 0.3191073 0.1403107 0.1009820 
Perityle_crassifolia_74_playa_balandra     0.2116588 0.3029934 0.3070106 0.3588612 0.1861436 0.3685043 0.2268201 0.2555442 0.2051850 0.4053605 0.2769446 0.3328806 0.2117330 0.2406060 0.3795472 0.3294458 0.3902780 0.2260297 0.2913924 0.1866970 0.2282914 0.2175452 0.3253539 0.2842114 0.3320812 0.4668533 0.2150959 0.2100573 0.1981643 0.0000000 0.4017951 0.2054199 0.2800963 0.3916983 0.2209398 0.2776341 0.2700147 0.3558059 0.2940135 0.4459745 0.5186104 0.3274798 0.3931829 0.2230313 0.3329133 0.3439611 0.2093684 0.2169171 0.3358163 0.2886483 0.2078663 0.0732411 0.2794575 0.2872373 0.2070296 0.0740229 0.1757285 0.2181846 0.2847094 0.2323089 0.4030469 0.1572508 0.4983947 0.2134039 0.0735152 0.1044622 0.1512127 0.3362269 0.3578521 0.1044196 0.2019069 0.3444941 0.3188269 0.0896603 0.1235455 0.2139062 0.3244756 0.1417354 0.3217186 0.4443525 0.0484700 0.2860369 0.1005156 
Perityle_cuneata_34_cuneata_San_antonio    0.2423366 0.1603225 0.5381057 0.2520275 0.1541938 0.2728202 0.3592586 0.4010656 0.2244595 0.2433130 0.4225094 0.2628080 0.2869326 0.5077705 0.2158661 0.2732781 0.0997790 0.2707934 0.2936591 0.4925642 0.2440224 0.7359422 0.2696796 0.1968799 0.2684865 0.2733515 0.2535389 0.2037669 0.2154618 0.4017951 0.0000000 0.2188244 0.2783573 0.1681280 0.4371882 0.2795483 0.2622166 0.2261216 0.2351004 0.4056613 0.2697991 0.2681375 0.2388944 0.3989788 0.2605396 0.2633956 0.2538604 0.4513740 0.2655457 0.1709594 0.2695979 0.3411996 0.2798923 0.2575146 0.2420260 0.4142382 0.2692755 0.3089935 0.1631297 0.1681629 0.1640083 0.3513204 0.2752779 0.2363793 0.3733131 0.4679958 0.3909550 0.2797301 0.9426522 0.7429123 0.2487484 0.3086959 0.2623925 0.3534710 0.4715644 0.2599273 0.2583015 0.4116654 0.3353038 0.2791335 0.4917644 0.1957180 0.1727357 
Perityle_discoidea_81                      0.0182658 0.0859237 0.2688117 0.1781718 0.0962398 0.2817766 0.1925649 0.2354160 0.0024016 0.2270238 0.3066014 0.2291825 0.1719114 0.2393441 0.2412499 0.2254435 0.1850520 0.1804859 0.2312351 0.1766496 0.1662153 0.1981773 0.2127591 0.1468374 0.2300019 0.2917489 0.1714898 0.1450596 0.1481262 0.2054199 0.2188244 0.0000000 0.2262366 0.0774815 0.4177231 0.2308641 0.2026206 0.2156296 0.1983031 0.4264078 0.3137091 0.2329818 0.2018069 0.2859754 0.2233462 0.2296257 0.1494808 0.4220874 0.2282581 0.1351390 0.1729325 0.2961261 0.2277200 0.2443772 0.1520077 0.2032488 0.1295889 0.1812069 0.1195570 0.1628784 0.1974022 0.1693291 0.3316907 0.1665316 0.3165422 0.4306886 0.1423713 0.2358166 0.3743396 0.1436964 0.1569400 0.2690442 0.2268237 0.0759101 0.4409853 0.1700441 0.2263804 0.2928300 0.2438229 0.3071879 0.3102943 0.1468369 0.0714493 
Perityle_dissecta_201                      0.2385659 0.1397649 0.3530016 0.2047618 0.1381989 0.2998800 0.2484189 0.3026506 0.2322131 0.1835658 0.1561141 0.0774313 0.1299040 0.3168748 0.1702110 0.0420093 0.2480401 0.2038685 0.0477892 0.0252592 0.1075393 0.3389566 0.0449777 0.0305917 0.0751259 0.1654758 0.1503661 0.1768473 0.2197211 0.2800963 0.2783573 0.2262366 0.0000000 0.1639600 0.4176489 0.0375712 0.1986376 0.1267975 0.0441588 0.2074718 0.3184364 0.0788200 0.2117480 0.2943300 0.0412583 0.0886845 0.1270509 0.4079747 0.0365034 0.0352957 0.1055762 0.3124961 0.0280881 0.1660508 0.1529706 0.3005671 0.1764732 0.1845187 0.1108410 0.0983177 0.1846564 0.2817335 0.2110464 0.1912779 0.3356186 0.4377716 0.1290076 0.0336513 0.4842731 0.3066071 0.1258120 0.1105618 0.0241040 0.2502439 0.4405860 0.1883058 0.0511659 0.2083404 0.2014201 0.1725656 0.3681148 0.0401308 0.2116770 
Perityle_emoryi_47_punta_san_jose          0.0889618 0.0755840 0.7033975 0.1544725 0.0916150 0.1944727 0.3120496 0.3462272 0.0799174 0.1578667 0.2603520 0.1601932 0.1834139 0.3575301 0.1653920 0.1636382 0.1612466 0.2212436 0.1819351 1.0474720 0.1710056 0.5407604 0.1651685 0.1345948 0.1654918 0.1715809 0.1653624 0.1481830 0.1411509 0.3916983 0.1681280 0.0774815 0.1639600 0.0000000 0.4206770 0.1766346 0.2159363 0.1723775 0.1786078 0.1945167 0.2046967 0.1571049 0.1989143 0.2584959 0.1581966 0.1605972 0.1801896 0.4253669 0.1627203 0.1237003 0.1751668 0.2746519 0.1693463 0.2098568 0.1810298 0.3372863 0.1799474 0.2094517 0.1118808 0.1533957 0.1448548 2.0873522 0.1587601 0.1546008 0.3213633 0.3120150 0.8684455 0.1647757 0.9669674 0.4280174 0.1749211 0.1742209 0.1571831 0.8422647 0.3106644 0.1812614 0.1519244 0.3226963 0.3353541 0.1817188 0.4193053 0.1437422 0.8684455 
Perityle_feddemae_99                       0.4466134 0.3688507 0.7573221 0.4144811 0.3190197 0.3887863 0.4522799 0.3766553 0.4217189 0.4177773 0.4093689 0.3992324 0.4124649 0.4899353 0.3616348 0.3943733 0.4114183 0.4063731 0.4239738 0.5753635 0.4069410 0.6138774 0.3955647 0.3772852 0.4123502 0.4190129 0.3853902 0.3758163 0.4560066 0.2209398 0.4371882 0.4177231 0.4176489 0.4206770 0.0000000 0.4096103 0.4158119 0.3517825 0.4471117 0.4006007 0.4920104 0.4031491 0.4507886 0.3892738 0.3906845 0.4044193 0.4160686 0.0222066 0.3982234 0.3582628 0.4076744 0.1556296 0.4053649 0.3819485 0.3902209 0.1957845 0.3573800 0.4296802 0.3001880 0.2976380 0.3714081 0.7012377 0.4055411 0.3850509 0.1627533 0.1639615 0.4164225 0.3926237 1.0714000 0.7230332 0.4156352 0.3914353 0.4016234 0.4627923 0.1578839 0.3650414 0.3828295 0.1789562 0.4764715 0.4202892 0.2354473 0.3485278 0.5755617 
Perityle_fosteri_93                        0.2424599 0.1379113 0.3685224 0.2126669 0.1513565 0.3129018 0.2643342 0.3043185 0.2370680 0.1830328 0.1511608 0.0936741 0.1383053 0.3117626 0.1763785 0.0550420 0.2409426 0.2181565 0.0615891 0.0249625 0.1177440 0.3634078 0.0623784 0.0495542 0.0872632 0.1833713 0.1532099 0.1771907 0.2293183 0.2776341 0.2795483 0.2308641 0.0375712 0.1766346 0.4096103 0.0000000 0.1937662 0.1232566 0.0566844 0.2340170 0.3305929 0.0915527 0.2111002 0.2980002 0.0486760 0.1009404 0.1383087 0.4041884 0.0569257 0.0541519 0.1188678 0.3064240 0.0340303 0.1583823 0.1530396 0.2958018 0.1748076 0.2001309 0.1123699 0.0933958 0.1952744 0.2790973 0.2368313 0.1947569 0.3252734 0.4215084 0.1349337 0.0431214 0.4709441 0.3038567 0.1410262 0.1163084 0.0420953 0.2476337 0.4268744 0.1975826 0.0721255 0.2086523 0.2074991 0.1800323 0.3654661 0.0567846 0.2181018 
Perityle_gamon_221                         0.2172293 0.1961533 0.3153480 0.2277810 0.1181119 0.3578925 0.2116216 0.2751087 0.2073387 0.2243858 0.2580286 0.1574687 0.1610353 0.2645235 0.1948986 0.1554836 0.2416172 0.1742896 0.2029661 0.2273360 0.1671502 0.2879828 0.1514487 0.1287375 0.1661553 0.2635880 0.1321400 0.1434190 0.2079089 0.2700147 0.2622166 0.2026206 0.1986376 0.2159363 0.4158119 0.1937662 0.0000000 0.1483090 0.2062593 0.3451949 0.3067119 0.1581844 0.1950411 0.1739504 0.1623297 0.1720721 0.1562264 0.4188392 0.1490551 0.1320041 0.1481009 0.3684101 0.2000590 0.1729306 0.1413724 0.2366719 0.1675084 0.2158450 0.1123751 0.1366075 0.1690182 0.1650421 0.3162927 0.1524312 0.3570161 0.4539441 0.2155491 0.1600052 0.4248266 0.2184178 0.1555551 0.1948647 0.1458695 0.1455328 0.4608666 0.1099290 0.1621469 0.3253018 0.2730036 0.2625747 0.3372564 0.1370643 0.1310489 
Perityle_gentryi_8_san_francisco           0.2687992 0.1410912 0.5732895 0.1643109 0.0982230 0.1995437 0.2875224 0.3337643 0.2360717 0.1247182 0.2545257 0.0856065 0.1350272 0.3886442 0.0182569 0.1223163 0.1988687 0.1741771 0.1188784 0.0000010 0.1230297 0.5323428 0.1298541 0.0868905 0.0916910 0.1272562 0.1128631 0.1062355 0.2188894 0.3558059 0.2261216 0.2156296 0.1267975 0.1723775 0.3517825 0.1232566 0.1483090 0.0000000 0.1131753 0.2432438 0.1863066 0.0922361 0.1791032 0.2705936 0.1195526 0.0943321 0.1194760 0.3466039 0.1195101 0.1008261 0.1250422 0.2919632 0.1242965 0.1302108 0.1375793 0.3455323 0.1589568 0.2073163 0.1095984 0.0928474 0.0932326 1.0677886 0.1214591 0.1439874 0.3070691 0.3876940 0.3200879 0.1324298 0.9189396 0.6610998 0.1372826 0.1139264 0.1164523 0.7530922 0.3717817 0.1258519 0.1182189 0.3304615 0.2736136 0.0927011 0.4255129 0.0917624 0.2606228 
Perityle_gilensis_22_Superstition          0.2035808 0.1580874 0.3739911 0.1722647 0.1527393 0.3114939 0.2677967 0.3051665 0.1994863 0.1877330 0.1513641 0.0511263 0.1252183 0.2626874 0.1672094 0.0812690 0.2528201 0.1975841 0.0513791 0.0286532 0.0892593 0.3687149 0.0498309 0.0357527 0.0570220 0.1804371 0.1482127 0.1813076 0.2083578 0.2940135 0.2351004 0.1983031 0.0441588 0.1786078 0.4471117 0.0566844 0.2062593 0.1131753 0.0000000 0.2200123 0.3056031 0.0538285 0.1910669 0.2770649 0.0659358 0.0695965 0.1131384 0.4379221 0.0469916 0.0456938 0.1189893 0.3355377 0.0453862 0.1443376 0.1621256 0.2990980 0.1735436 0.1554149 0.1422796 0.0893745 0.1896582 0.2786979 0.2193263 0.1829155 0.3617582 0.3972258 0.1474584 0.0707974 0.4852345 0.2531192 0.1160016 0.0798486 0.0530419 0.2472873 0.4085620 0.1816638 0.0513524 0.1935017 0.2120950 0.1521713 0.3637286 0.0531511 0.2229335 
Perityle_gilensis_salensis_225             0.3417967 0.1503872 0.6683115 0.3163728 0.2332118 0.3229423 0.4246216 0.5170607 0.3825629 0.2552879 0.2701304 0.1712973 0.2292807 0.4233632 0.2600380 0.1478248 0.2509092 0.3813617 0.2336150 1.0092655 0.2031147 0.6327092 0.1394319 0.0151126 0.1817651 0.1917638 0.2999594 0.3280787 0.4072203 0.4459745 0.4056613 0.4264078 0.2074718 0.1945167 0.4006007 0.2340170 0.3451949 0.2432438 0.2200123 0.0000000 0.4272152 0.1541799 0.3481397 0.3813140 0.1400994 0.1907914 0.2296550 0.3897465 0.1224739 0.0262110 0.1966970 0.3812135 0.2136041 0.3288357 0.2494874 0.4575414 0.2021958 0.2989017 0.1110252 0.2664521 0.2568334 1.0671046 0.2214723 0.3401189 0.3426863 0.5329097 0.8423596 0.1471484 0.9774028 0.8559466 0.2364704 0.1040716 0.1370190 0.9048531 0.5219534 0.3498014 0.1343966 0.4536244 0.4160215 0.2021493 0.5781598 0.0495507 0.8379945 
Perityle_glaucescens_94                    0.3742508 0.1477624 0.7594818 0.2154158 0.3270239 0.3132449 0.4755335 0.4891368 0.3418789 0.2138086 0.4325330 0.1974278 0.3080879 0.4832178 0.2462362 0.2217628 0.2732171 0.3168644 0.3270026 1.0546254 0.2284932 0.8182752 0.2239039 0.1604645 0.2039990 0.2647526 0.2827042 0.2915813 0.3611025 0.5186104 0.2697991 0.3137091 0.3184364 0.2046967 0.4920104 0.3305929 0.3067119 0.1863066 0.3056031 0.4272152 0.0000000 0.2058590 0.0228786 0.4366809 0.2115379 0.2010583 0.2890676 0.4772884 0.2134841 0.1518484 0.3207641 0.3559821 0.3197703 0.2812994 0.3227567 0.5248158 0.3368318 0.3334194 0.1217778 0.3196974 0.1555640 0.9854381 0.3324438 0.3035770 0.3847271 0.4721846 1.0078578 0.2248756 0.9509492 1.0009404 0.2930394 0.2445059 0.2080622 0.8819473 0.5066767 0.2906560 0.2156320 0.5258930 0.5076721 0.2070652 0.5423113 0.1463207 0.9262509 
Perityle_gracilis_11                       0.2481322 0.1430993 0.5796035 0.1963016 0.1145949 0.2003220 0.2984219 0.3358888 0.2344224 0.1368769 0.1819821 0.0126131 0.0819054 0.3625938 0.0934795 0.0853220 0.2270849 0.1919518 0.0740624 0.0000010 0.0525922 0.5383401 0.0773853 0.0100325 0.0179504 0.0978693 0.1190748 0.1360700 0.2080400 0.3274798 0.2681375 0.2329818 0.0788200 0.1571049 0.4031491 0.0915527 0.1581844 0.0922361 0.0538285 0.1541799 0.2058590 0.0000000 0.1986548 0.2835708 0.0750010 0.0107284 0.0571717 0.3920948 0.0671981 0.0173917 0.0725678 0.3136089 0.0889276 0.1667637 0.1053281 0.3587114 0.0784684 0.1196178 0.1154437 0.1102480 0.1162280 0.0000010 0.0622938 0.1851618 0.3344027 0.3798618 0.0000010 0.0890005 0.8533636 0.9033011 0.0611481 0.0254667 0.0767566 0.0000010 0.3808055 0.1574276 0.0698538 0.3417139 0.3140802 0.0171368 0.4359500 0.0495513 0.0000010 
Perityle_harkerae_31                       0.2517849 0.1311943 0.6081412 0.1879485 0.1824176 0.2343526 0.3167597 0.3768688 0.2217003 0.1943775 0.3268585 0.1928681 0.2067040 0.3674265 0.1733430 0.2104009 0.2633224 0.2036128 0.2050757 0.0000010 0.1836722 0.5928221 0.2156788 0.1583909 0.1971463 0.1965731 0.1784305 0.1840444 0.2519765 0.3931829 0.2388944 0.2018069 0.2117480 0.1989143 0.4507886 0.2111002 0.1950411 0.1791032 0.1910669 0.3481397 0.0228786 0.1986548 0.0000000 0.3534374 0.2023516 0.1942104 0.1891760 0.4347127 0.2067658 0.1497638 0.2168252 0.3418018 0.2086989 0.1991669 0.2023105 0.4112954 0.1954334 0.2256383 0.1217941 0.1058978 0.1373169 0.0000010 0.2068858 0.1994682 0.3694990 0.4387400 0.0000010 0.2136719 0.9872242 1.0027098 0.1967557 0.2427209 0.1989126 0.0000010 0.4301292 0.1820594 0.2010778 0.3876435 0.3453062 0.1851270 0.4467761 0.1364335 0.0000010 
Perityle_hofmeisteria_4_nombre_de_dios     0.2305469 0.1926973 0.2707937 0.3714704 0.1487676 0.4222777 0.2188844 0.3421666 0.2630444 0.3721963 0.2773325 0.3005771 0.2241164 0.2634179 0.3085348 0.3229452 0.2692822 0.2513500 0.2872033 0.1957269 0.2319648 0.2302308 0.3225000 0.1648301 0.3091768 0.4141178 0.2230659 0.2135794 0.2705843 0.2230313 0.3989788 0.2859754 0.2943300 0.2584959 0.3892738 0.2980002 0.1739504 0.2705936 0.2770649 0.3813140 0.4366809 0.2835708 0.3534374 0.0000000 0.3136268 0.3121458 0.2219150 0.3914375 0.3121687 0.1943340 0.2089564 0.3842481 0.2927227 0.2658153 0.1760813 0.1998798 0.1424804 0.2665855 0.1133384 0.1253636 0.3203647 0.1652111 0.4396866 0.2341423 0.3431562 0.5052786 0.1553507 0.3449796 0.3927148 0.2018348 0.2158277 0.2366343 0.3234752 0.0865393 0.5082326 0.2007232 0.3164202 0.3254806 0.2390337 0.3850209 0.3316473 0.1335659 0.0896939 
Perityle_huecosensis_48                    0.2395156 0.1401469 0.5405798 0.1792451 0.1114066 0.2129570 0.3129003 0.3246911 0.2267217 0.1387118 0.2215731 0.0757365 0.0728572 0.3413714 0.1203102 0.0321530 0.2315443 0.1906702 0.0775812 0.0000010 0.0681705 0.5662653 0.0543092 0.0228469 0.0734393 0.0599912 0.1230705 0.1322399 0.2157368 0.3329133 0.2605396 0.2233462 0.0412583 0.1581966 0.3906845 0.0486760 0.1623297 0.1195526 0.0659358 0.1400994 0.2115379 0.0750010 0.2023516 0.3136268 0.0000000 0.0814177 0.0664604 0.3795905 0.0366926 0.0276162 0.0531072 0.3114770 0.0430012 0.1607027 0.1249675 0.3661231 0.1111982 0.1422986 0.1161188 0.1225255 0.1193744 3.0425758 0.0849862 0.1593537 0.3316937 0.4253108 0.3559411 0.0300549 0.8108570 0.7635839 0.0739805 0.1009664 0.0223618 0.8808048 0.4079399 0.1633385 0.0521464 0.3629904 0.3130510 0.0921113 0.4257397 0.0433811 0.3693803 
