84
Amauria_brandeegeana_62                    0.0000000 0.0802784 0.0276329 0.3335040 0.0906447 0.0811912 0.1827795 0.2140132 0.2537702 0.0925793 0.1004321 0.1057043 0.1322022 0.0939738 0.0833155 0.0996783 0.0973505 0.0977875 0.1004219 0.1043468 0.0891357 0.0988192 0.1331978 0.0892983 0.1488398 0.0986740 0.1018360 0.1031867 0.1116529 0.0913656 0.0626348 0.0978834 0.1159249 0.0815132 0.1014839 0.1171961 0.1066038 0.0923117 0.1056326 0.0991254 0.0888639 0.0912540 0.1133409 0.0977762 0.1098507 0.1045966 0.0900314 0.0989591 0.0971658 0.1120611 0.0934423 0.0934806 0.0973147 0.1021739 0.1033460 0.1152264 0.0869601 0.0946343 0.0983100 0.0954387 0.1090091 0.1378675 0.1229349 0.0560840 0.1609543 0.1049227 0.1009478 0.1102960 0.2856122 0.0981052 0.0843108 0.0957326 0.1041196 0.1004926 0.0971465 0.0599261 0.1711770 0.1469076 0.0958081 0.1015437 0.1022328 0.0990532 0.1374281 0.0751981 
Amauria_carterae_99_mesa                   0.0802784 0.0000000 0.0772357 0.3623853 0.0655715 0.0627750 0.1564934 0.1585261 0.2185637 0.0809633 0.0838200 0.0737176 0.0734599 0.0637127 0.0699373 0.0762437 0.0701362 0.1140318 0.0765544 0.0665614 0.0617034 0.0602655 0.1621782 0.0626449 0.0676714 0.0650212 0.0684018 0.0657819 0.1011613 0.0778293 0.0747903 0.0810240 0.0898734 0.0789142 0.0675407 0.0729228 0.0824221 0.0729164 0.0824865 0.0698253 0.0652446 0.0675904 0.0847980 0.0667114 0.0855287 0.0842801 0.0625895 0.0686242 0.0659854 0.0857138 0.0635620 0.0686918 0.0646479 0.0743574 0.0642890 0.0856336 0.0717326 0.0747323 0.0692791 0.0642799 0.0888448 0.1391659 0.0921510 0.0633829 0.0766254 0.0846679 0.0700837 0.0757526 0.2914816 0.0687994 0.0617733 0.0799144 0.0708637 0.0666835 0.0650683 0.0607483 0.0816927 0.0843266 0.0627678 0.0693256 0.0856070 0.0680165 0.1014995 0.0717975 
Amauria_rotundifolia_SRR9119150            0.0276329 0.0772357 0.0000000 0.3388596 0.0789865 0.0720006 0.1885135 0.1945803 0.2453600 0.0908062 0.0877609 0.0948931 0.1250891 0.0800069 0.0907574 0.0863052 0.0868549 0.1010292 0.0885262 0.0912458 0.0784310 0.0874231 0.1379951 0.0792953 0.1310569 0.0871808 0.0939587 0.0913442 0.0961423 0.0839941 0.0620794 0.0861676 0.0989239 0.0815178 0.0888952 0.1111712 0.0957266 0.0835381 0.0951865 0.0862180 0.0788472 0.0825291 0.1014839 0.0861956 0.1001684 0.0911801 0.0811954 0.0885632 0.0867443 0.1004264 0.0829637 0.0820497 0.0854808 0.0937637 0.0865611 0.1144951 0.0854831 0.0821191 0.0873275 0.0851376 0.0959581 0.1456210 0.1047528 0.0509271 0.1481972 0.0916198 0.0926012 0.0958367 0.2904434 0.0886685 0.0786836 0.0910836 0.0924765 0.0909744 0.0852753 0.0551396 0.1615515 0.1385587 0.0848569 0.0916008 0.0974603 0.0890715 0.1440831 0.0758388 
Conoclinium_coelestinum_SRR9119114         0.3335040 0.3623853 0.3388596 0.0000000 0.3235623 0.2262263 0.2249343 0.2566371 0.5189959 0.3036386 0.3408429 0.3364712 0.3765700 0.3270836 0.4044213 0.3208810 0.3176502 0.3670003 0.3529673 0.3449550 0.3092119 0.3248125 0.3334947 0.3233819 0.3739846 0.3136814 0.3330939 0.3305437 0.2782456 0.3703713 0.3522299 0.3241465 0.2531079 0.9794469 0.3109567 0.3732760 0.3512748 0.3131574 0.3641373 0.3431727 0.3241874 0.3234683 0.3664081 0.3162527 0.3662781 0.3762643 0.3116776 0.3217970 0.3077811 0.3490038 0.3148128 0.3161961 0.3147486 0.3338075 0.3492509 0.3665942 0.3108158 0.2980059 0.3107143 0.3110527 0.3485964 0.1840468 0.2660984 0.3628265 0.3964312 0.3557638 0.3321602 0.3512547 1.0889971 0.3204564 0.3226882 0.3216648 0.3246964 0.3436991 0.3166497 0.2633102 0.4297030 0.4194238 0.3033981 0.3213739 0.3651221 0.3129756 0.4744213 0.3090345 
Eutetras_palmeri_63                        0.0906447 0.0655715 0.0789865 0.3235623 0.0000000 0.0268977 0.1869266 0.1721762 0.2656007 0.0841664 0.0766097 0.0764355 0.1060468 0.0733714 0.0746868 0.0733611 0.0717003 0.1162069 0.0717113 0.0713995 0.0643360 0.0776714 0.1514940 0.0644787 0.1103635 0.0727071 0.0777557 0.0818432 0.0784026 0.0758056 0.0680368 0.0781902 0.0829099 0.0512736 0.0749562 0.0985076 0.0831884 0.0706854 0.0798612 0.0704370 0.0644415 0.0677644 0.0855449 0.0718242 0.0839526 0.0812127 0.0667665 0.0742390 0.0722364 0.0853998 0.0664281 0.0725891 0.0712087 0.0806248 0.0730900 0.0914645 0.0669401 0.0656181 0.0729357 0.0717629 0.0849440 0.1504886 0.0916371 0.0597703 0.1268696 0.0743017 0.0782550 0.0809809 0.3120483 0.0735717 0.0635448 0.0738075 0.0763273 0.0721289 0.0684755 0.0518241 0.1411894 0.1261745 0.0668921 0.0742934 0.0875975 0.0744051 0.1379893 0.0646830 
Eutetras_pringlei_149_quer                 0.0811912 0.0627750 0.0720006 0.2262263 0.0268977 0.0000000 0.1654757 0.1055579 0.3545824 0.0859232 0.0690292 0.0519324 0.0574335 0.0453190 0.0675514 0.0505508 0.0517907 0.1140491 0.0656998 0.0449713 0.0435626 0.0371227 0.0640406 0.0465685 0.0660964 0.0503541 0.0597444 0.0590955 0.0705760 0.1102723 0.0826541 0.0815518 0.0717705 0.0000010 0.0573045 0.1218699 0.0862989 0.0533080 0.0747385 0.0478171 0.0521264 0.0506210 0.0792340 0.0517344 0.0844587 0.0765964 0.0408934 0.0571946 0.0490325 0.0821730 0.0431585 0.0573015 0.0523072 0.0682750 0.0490835 0.0826475 0.0549976 0.0521922 0.0477290 0.0476761 0.0983182 0.1072779 0.0916197 0.0559679 0.1393783 0.0690747 0.0625012 0.0610514 0.6962082 0.0533169 0.0452154 0.0729590 0.0544902 0.0550508 0.0531548 0.0436388 0.0950475 0.1040326 0.0386385 0.0547647 0.0879024 0.0564927 0.1487312 0.0533287 
Eutrochium_fistulosum_SRR9119106           0.1827795 0.1564934 0.1885135 0.2249343 0.1869266 0.1654757 0.0000000 0.2803300 0.2531151 0.1982679 0.2047905 0.1959559 0.2185237 0.1954931 0.1870248 0.1906124 0.1902752 0.2112885 0.1916805 0.2043643 0.1843621 0.1945530 0.2180512 0.1845687 0.2146800 0.1887030 0.1986954 0.1969221 0.2066273 0.1886603 0.1497365 0.1985957 0.2177615 0.2040537 0.1901331 0.2080519 0.2053257 0.1923753 0.2063120 0.1911084 0.1859752 0.1868943 0.2079597 0.1900161 0.2100783 0.2045241 0.1860532 0.1897087 0.1830604 0.2045344 0.1798942 0.1849645 0.1892421 0.2037377 0.1902512 0.2138724 0.1945741 0.1850137 0.1912383 0.1894730 0.2112299 0.2198585 0.2239787 0.1475561 0.2267536 0.2011359 0.1966065 0.1919861 0.3704133 0.1900799 0.1840665 0.1797777 0.1953268 0.1931882 0.1908092 0.1423814 0.2303255 0.2349919 0.1884370 0.1905086 0.1974233 0.1897906 0.2735735 0.1866667 
Galeana_pratensis_104_mex                  0.2140132 0.1585261 0.1945803 0.2566371 0.1721762 0.1055579 0.2803300 0.0000000 0.5940081 0.2266675 0.1825771 0.1940946 0.1818152 0.1591584 0.1231390 0.1772997 0.1712939 0.2071996 0.2065365 0.1663143 0.1618311 0.1551197 0.8986505 0.1802402 0.1621866 0.1658655 0.1930207 0.2085088 0.1740343 0.1813611 0.3792640 0.1882360 0.1833037 0.6054151 0.1802421 0.3161136 0.2028616 0.1712939 0.2274750 0.1772141 0.1848711 0.1710783 0.2120774 0.1700758 0.2308593 0.2228508 0.1630925 0.1792243 0.1794071 0.2030977 0.1618311 0.1498725 0.1752264 0.2016802 0.1588171 0.1927400 0.1805922 0.1642231 0.1718271 0.1705374 0.2129812 0.1909849 0.2132541 0.3584018 0.3972346 0.2052058 0.1972817 0.2334175 0.5339433 0.1712939 0.1756563 0.2022023 0.1704862 0.1658655 0.1703647 0.1527064 0.2670396 0.2330045 0.1629220 0.1753662 0.2090368 0.1765978 0.5040118 0.1388144 
Helianthus_annuus_SRR9119062               0.2537702 0.2185637 0.2453600 0.5189959 0.2656007 0.3545824 0.2531151 0.5940081 0.0000000 0.2789093 0.2799255 0.2641591 0.2670731 0.2530983 0.2653561 0.2590276 0.2580700 0.2720568 0.2441097 0.2567218 0.2560142 0.2559122 0.2486206 0.2548856 0.2642586 0.2611001 0.2639335 0.2667120 0.3304486 0.2562883 0.1420631 0.2711655 0.3272207 0.1411397 0.2598104 0.2497559 0.2805484 0.2588776 0.2735215 0.2521233 0.2591200 0.2595898 0.2759550 0.2610691 0.2714791 0.2723936 0.2623993 0.2631730 0.2493291 0.2775143 0.2494277 0.2621130 0.2567950 0.2640924 0.2568681 0.2758185 0.2666696 0.2573483 0.2631205 0.2591972 0.2761108 0.3465359 0.3102992 0.1549298 0.2924946 0.2746599 0.2266029 0.2820915 0.3687423 0.2573884 0.2558134 0.2650938 0.2639930 0.2564331 0.2613649 0.2461160 0.2786479 0.2986764 0.2531385 0.2655466 0.2541763 0.2525595 0.1755665 0.2412030 
Lycapsus_tenuifolius_17                    0.0925793 0.0809633 0.0908062 0.3036386 0.0841664 0.0859232 0.1982679 0.2266675 0.2789093 0.0000000 0.1072273 0.0959577 0.1250622 0.0909323 0.0931444 0.0953193 0.0888409 0.1136388 0.0965048 0.0961062 0.0830132 0.0988626 0.1360704 0.0797708 0.1269466 0.0902187 0.0972036 0.0970653 0.1078225 0.0582197 0.0647739 0.0993661 0.1119991 0.0780346 0.0937102 0.1135741 0.1028949 0.0844794 0.1008942 0.0906989 0.0802409 0.0831609 0.1074787 0.0897641 0.1052735 0.1025816 0.0877266 0.0904711 0.0906673 0.1069349 0.0860486 0.0901743 0.0890271 0.1010054 0.0935926 0.1140709 0.0852409 0.0909879 0.0915261 0.0895816 0.1065105 0.1447014 0.1114141 0.0639008 0.1502429 0.1024297 0.0980278 0.0951208 0.2822965 0.0901794 0.0813557 0.0459203 0.0962715 0.0932465 0.0897444 0.0586224 0.1429954 0.1491267 0.0888235 0.0955317 0.0990719 0.0929549 0.1500161 0.0823519 
Pericome_caudata_50_silver                 0.1004321 0.0838200 0.0877609 0.3408429 0.0766097 0.0690292 0.2047905 0.1825771 0.2799255 0.1072273 0.0000000 0.0952956 0.1257063 0.0930157 0.1017570 0.0931151 0.0883701 0.1186610 0.0907374 0.0903586 0.0825331 0.0987252 0.1403030 0.0826058 0.1329699 0.0886078 0.0983690 0.0988315 0.1087676 0.1091374 0.0904781 0.0948311 0.1011842 0.0696013 0.0894886 0.1161167 0.1014330 0.0878504 0.1032153 0.0918884 0.0807599 0.0850256 0.1060705 0.0873534 0.1028843 0.1013315 0.0844923 0.0898154 0.0880074 0.1041925 0.0842228 0.0881709 0.0879524 0.0994498 0.0925128 0.1143004 0.0926096 0.0873470 0.0879254 0.0866401 0.1131151 0.1574820 0.1120914 0.0655863 0.1377983 0.1001328 0.0951389 0.0960969 0.2963609 0.0902702 0.0827660 0.0945782 0.0913336 0.0903191 0.0870584 0.0688935 0.1625914 0.1452083 0.0844143 0.0898895 0.1178391 0.0913573 0.1549113 0.0754875 
Perityle_aglossa_84_dead_horse             0.1057043 0.0737176 0.0948931 0.3364712 0.0764355 0.0519324 0.1959559 0.1940946 0.2641591 0.0959577 0.0952956 0.0000000 0.0504858 0.0568933 0.0485944 0.0499630 0.0470023 0.1111236 0.0767728 0.0244438 0.0257808 0.0450867 0.1259768 0.0441211 0.0657944 0.0301185 0.0562338 0.0595828 0.0842005 0.0996080 0.0809037 0.0856898 0.1007774 0.0769087 0.0313678 0.0837939 0.0816166 0.0428379 0.0824340 0.0468244 0.0454252 0.0459189 0.0847418 0.0294650 0.0838472 0.0815063 0.0284845 0.0310618 0.0308362 0.0843634 0.0262732 0.0303819 0.0295293 0.0575014 0.0279001 0.0882762 0.0551470 0.0551404 0.0327065 0.0310499 0.0962461 0.1398670 0.0915474 0.0509722 0.0677133 0.0804647 0.0544851 0.0861487 0.3058326 0.0472545 0.0455278 0.0847302 0.0339344 0.0329087 0.0293005 0.0333120 0.1257191 0.1193541 0.0291003 0.0198056 0.0850984 0.0346750 0.1353964 0.0595851 
Perityle_ajoensis_204                      0.1322022 0.0734599 0.1250891 0.3765700 0.1060468 0.0574335 0.2185237 0.1818152 0.2670731 0.1250622 0.1257063 0.0504858 0.0000000 0.0882010 0.0246841 0.0757498 0.0729669 0.1102913 0.0885781 0.0482638 0.0491883 0.0594957 0.1252855 0.0740913 0.0801898 0.0370058 0.0820904 0.0883039 0.1211247 0.1034233 0.0699999 0.1120485 0.1277994 0.0753561 0.0428662 0.0775961 0.1080542 0.0725698 0.0983408 0.0580771 0.0745674 0.0734487 0.1028461 0.0384384 0.1029735 0.0851618 0.0534222 0.0392742 0.0561837 0.1106817 0.0533345 0.0420640 0.0549054 0.0851663 0.0208645 0.1058667 0.0574918 0.0552705 0.0563300 0.0546193 0.1274322 0.1449836 0.1251938 0.0393439 0.0943475 0.1085959 0.0831747 0.1218178 0.3045747 0.0701799 0.0630518 0.1170833 0.0366946 0.0149604 0.0380429 0.0168784 0.1499610 0.1395415 0.0578009 0.0575325 0.0905565 0.0589184 0.1395426 0.0560080 
Perityle_ambrosiifolia_67_green            0.0939738 0.0637127 0.0800069 0.3270836 0.0733714 0.0453190 0.1954931 0.1591584 0.2530983 0.0909323 0.0930157 0.0568933 0.0882010 0.0000000 0.0526308 0.0561318 0.0427692 0.1034449 0.0834166 0.0505814 0.0443923 0.0444616 0.1089957 0.0215038 0.1012206 0.0483836 0.0585640 0.0547000 0.0839339 0.0815993 0.0670553 0.0825644 0.1031986 0.0610866 0.0529429 0.0887978 0.0869389 0.0368436 0.0869652 0.0553232 0.0224109 0.0286729 0.0900856 0.0502374 0.0906746 0.0897440 0.0472831 0.0522669 0.0491579 0.0888729 0.0449707 0.0435807 0.0487764 0.0590202 0.0483268 0.1043025 0.0367180 0.0430403 0.0521576 0.0481012 0.0871501 0.1469373 0.0960299 0.0449272 0.1174210 0.0807079 0.0620201 0.0853566 0.2781193 0.0439422 0.0227617 0.0802804 0.0546952 0.0556585 0.0491359 0.0363614 0.1464373 0.1385615 0.0483549 0.0546496 0.0795234 0.0522141 0.1334593 0.0466052 
Perityle_angustifolia_13_Eagle_creek       0.0833155 0.0699373 0.0907574 0.4044213 0.0746868 0.0675514 0.1870248 0.1231390 0.2653561 0.0931444 0.1017570 0.0485944 0.0246841 0.0526308 0.0000000 0.0785885 0.0672223 0.1470672 0.0768832 0.0474261 0.0316097 0.0389790 0.2375773 0.0585502 0.0476462 0.0202025 0.0660443 0.0687234 0.0982113 0.0835765 0.0734946 0.0865901 0.1063270 0.0824035 0.0242968 0.0665078 0.0884207 0.0641155 0.0818729 0.0729203 0.0586247 0.0594067 0.0865591 0.0222498 0.0886612 0.0809220 0.0391485 0.0254139 0.0379754 0.0900731 0.0330590 0.0173942 0.0369851 0.0672096 0.0152594 0.0836809 0.0635425 0.0576884 0.0432173 0.0368823 0.0974357 0.1785279 0.0975989 0.0396035 0.0442861 0.0929540 0.0613915 0.0849472 0.2561383 0.0710162 0.0584728 0.0838210 0.0284792 0.0212392 0.0191973 0.0091931 0.0866686 0.0879409 0.0415467 0.0421576 0.0796920 0.0388433 0.1192622 0.0624263 
Perityle_batopilensis_97                   0.0996783 0.0762437 0.0863052 0.3208810 0.0733611 0.0505508 0.1906124 0.1772997 0.2590276 0.0953193 0.0931151 0.0499630 0.0757498 0.0561318 0.0785885 0.0000000 0.0474553 0.1076345 0.0757573 0.0499398 0.0400343 0.0575649 0.1220230 0.0446225 0.0865783 0.0467075 0.0539503 0.0597651 0.0813148 0.0970794 0.0746803 0.0801367 0.1031879 0.0739612 0.0492295 0.0787240 0.0824182 0.0458510 0.0838995 0.0098426 0.0442412 0.0451368 0.0866932 0.0465837 0.0840430 0.0830032 0.0434311 0.0469235 0.0427115 0.0860468 0.0379197 0.0491040 0.0449988 0.0552144 0.0517634 0.0910560 0.0581856 0.0490213 0.0460008 0.0435343 0.0975935 0.1372418 0.0926761 0.0339942 0.1039550 0.0789292 0.0496569 0.0853533 0.2790291 0.0491274 0.0455840 0.0789841 0.0499463 0.0506345 0.0461560 0.0428119 0.1410967 0.1263199 0.0441210 0.0514240 0.0880734 0.0468468 0.1351943 0.0602593 
Perityle_bisetosa_9                        0.0973505 0.0701362 0.0868549 0.3176502 0.0717003 0.0517907 0.1902752 0.1712939 0.2580700 0.0888409 0.0883701 0.0470023 0.0729669 0.0427692 0.0672223 0.0474553 0.0000000 0.1102949 0.0735095 0.0461685 0.0364351 0.0528578 0.1006562 0.0318423 0.0885640 0.0397513 0.0516236 0.0469217 0.0809371 0.0939496 0.0833354 0.0778716 0.1001937 0.0723314 0.0447338 0.0769837 0.0816522 0.0171762 0.0797087 0.0445818 0.0306325 0.0323181 0.0829544 0.0416805 0.0822124 0.0772834 0.0391538 0.0416038 0.0411005 0.0815345 0.0363503 0.0421136 0.0387100 0.0517748 0.0452539 0.0958602 0.0427794 0.0455151 0.0427715 0.0409946 0.0896686 0.1370781 0.0954809 0.0485012 0.1018944 0.0751240 0.0481751 0.0846693 0.2980836 0.0176418 0.0320796 0.0825051 0.0457087 0.0467547 0.0417799 0.0416358 0.1435285 0.1277034 0.0397670 0.0447339 0.0921145 0.0435270 0.1420108 0.0498847 
Perityle_californica_76_positas            0.0977875 0.1140318 0.1010292 0.3670003 0.1162069 0.1140491 0.2112885 0.2071996 0.2720568 0.1136388 0.1186610 0.1111236 0.1102913 0.1034449 0.1470672 0.1076345 0.1102949 0.0000000 0.1100717 0.1088535 0.1062059 0.1036971 0.1365854 0.1055330 0.1066281 0.1052268 0.1090907 0.1158782 0.1157145 0.1362964 0.0822740 0.0909495 0.1200016 0.0747656 0.1084740 0.1084901 0.1137733 0.1028302 0.1224064 0.1047660 0.1082000 0.1088555 0.1170891 0.1077543 0.1171181 0.1223136 0.1074701 0.1066291 0.1136061 0.1171173 0.1143394 0.1081322 0.1088057 0.1096589 0.1067660 0.1247040 0.0983729 0.1048575 0.1140163 0.1114322 0.1297543 0.2060641 0.1143996 0.0594257 0.1054688 0.1126703 0.0760799 0.1262327 0.2622282 0.1105849 0.1047268 0.1027001 0.1136852 0.1094310 0.1069250 0.1032788 0.1337568 0.1261632 0.1059454 0.1067590 0.1207977 0.1063110 0.0899217 0.0939076 
Perityle_canescens_77                      0.1004219 0.0765544 0.0885262 0.3529673 0.0717113 0.0656998 0.1916805 0.2065365 0.2441097 0.0965048 0.0907374 0.0767728 0.0885781 0.0834166 0.0768832 0.0757573 0.0735095 0.1100717 0.0000000 0.0776018 0.0658646 0.0811293 0.1394875 0.0711344 0.1044462 0.0723384 0.0812539 0.0846701 0.0717154 0.0877661 0.0804219 0.0820869 0.0994625 0.0709451 0.0754425 0.1036746 0.0404100 0.0709042 0.0610903 0.0741053 0.0711976 0.0718588 0.0434756 0.0718849 0.0422765 0.0597454 0.0673389 0.0740972 0.0703064 0.0435119 0.0657660 0.0727853 0.0710099 0.0835564 0.0760874 0.0804762 0.0796001 0.0724788 0.0723581 0.0701041 0.0669271 0.1290108 0.0689567 0.0492658 0.1249259 0.0687106 0.0818669 0.0891797 0.2989307 0.0743036 0.0706531 0.0899470 0.0750789 0.0738025 0.0713569 0.0652169 0.1251564 0.0728518 0.0719449 0.0746396 0.0595803 0.0739343 0.1391011 0.0454294 
Perityle_castillonii_96                    0.1043468 0.0665614 0.0912458 0.3449550 0.0713995 0.0449713 0.2043643 0.1663143 0.2567218 0.0961062 0.0903586 0.0244438 0.0482638 0.0505814 0.0474261 0.0499398 0.0461685 0.1088535 0.0776018 0.0000000 0.0253019 0.0398333 0.1251731 0.0427142 0.0547973 0.0291128 0.0547753 0.0574281 0.0778883 0.0921288 0.0807729 0.0847198 0.0979069 0.0798716 0.0312665 0.0806912 0.0820469 0.0445515 0.0826249 0.0455253 0.0423002 0.0427930 0.0862798 0.0291216 0.0852917 0.0818378 0.0287149 0.0309776 0.0311456 0.0858875 0.0268606 0.0270863 0.0293606 0.0579579 0.0240825 0.0889810 0.0536832 0.0511203 0.0326505 0.0305048 0.0952272 0.1251679 0.0957815 0.0491481 0.0690690 0.0782544 0.0578163 0.0844756 0.2962752 0.0481236 0.0431958 0.0840731 0.0343638 0.0314250 0.0283979 0.0218766 0.1171557 0.1156041 0.0262200 0.0265911 0.0878099 0.0351455 0.1473594 0.0559816 
Perityle_cernua_84                         0.0891357 0.0617034 0.0784310 0.3092119 0.0643360 0.0435626 0.1843621 0.1618311 0.2560142 0.0830132 0.0825331 0.0257808 0.0491883 0.0443923 0.0316097 0.0400343 0.0364351 0.1062059 0.0658646 0.0253019 0.0000000 0.0279528 0.1196704 0.0328426 0.0677857 0.0184593 0.0460169 0.0474540 0.0702331 0.0882081 0.0703336 0.0733884 0.0894343 0.0706703 0.0192721 0.0714188 0.0720749 0.0339262 0.0747482 0.0368630 0.0328676 0.0329012 0.0753099 0.0168446 0.0754871 0.0744716 0.0161155 0.0189466 0.0126691 0.0735738 0.0095761 0.0185230 0.0140766 0.0466354 0.0209328 0.0885364 0.0439375 0.0417154 0.0152523 0.0127926 0.0860283 0.1296579 0.0888297 0.0397251 0.0813498 0.0677016 0.0450861 0.0738815 0.2944119 0.0369564 0.0335688 0.0748386 0.0203318 0.0187983 0.0157173 0.0168572 0.1286804 0.1220110 0.0199292 0.0243922 0.0794497 0.0174108 0.1318055 0.0465009 
Perityle_cfvillosa_25_tin                  0.0988192 0.0602655 0.0874231 0.3248125 0.0776714 0.0371227 0.1945530 0.1551197 0.2559122 0.0988626 0.0987252 0.0450867 0.0594957 0.0444616 0.0389790 0.0575649 0.0528578 0.1036971 0.0811293 0.0398333 0.0279528 0.0000000 0.1117561 0.0502148 0.0820283 0.0349170 0.0628500 0.0655859 0.0729451 0.0827117 0.0744642 0.0880417 0.1077320 0.0796766 0.0380244 0.0917303 0.0831064 0.0500636 0.0899421 0.0562466 0.0502794 0.0508169 0.0876867 0.0362594 0.0877246 0.0891383 0.0371952 0.0386047 0.0210056 0.0868078 0.0295343 0.0238449 0.0321188 0.0632938 0.0263972 0.0919458 0.0468001 0.0449459 0.0222872 0.0209965 0.0969744 0.1194671 0.1011282 0.0315015 0.1015651 0.0849938 0.0650764 0.0909941 0.2951763 0.0558661 0.0500172 0.0787433 0.0398757 0.0396253 0.0350347 0.0183673 0.1280855 0.1286474 0.0384282 0.0446629 0.0768571 0.0273572 0.1467993 0.0470543 
Perityle_cinerea_113_Powell1310            0.1331978 0.1621782 0.1379951 0.3334947 0.1514940 0.0640406 0.2180512 0.8986505 0.2486206 0.1360704 0.1403030 0.1259768 0.1252855 0.1089957 0.2375773 0.1220230 0.1006562 0.1365854 0.1394875 0.1251731 0.1196704 0.1117561 0.0000000 0.1108512 0.1291187 0.1178729 0.1366878 0.1126538 0.1265710 0.1894377 0.1472761 0.1436994 0.1158095 0.2142006 0.1285860 0.1246890 0.1480577 0.0989523 0.1331195 0.1141526 0.1219194 0.1179279 0.1453961 0.1252211 0.1440089 0.1346703 0.1212252 0.1230003 0.1235415 0.1437033 0.1274668 0.1219839 0.1244978 0.1347627 0.1235149 0.1430583 0.1167655 0.1329727 0.1214265 0.1216225 0.1678048 0.1822677 0.1201349 0.1279767 0.1159322 0.1363203 0.1305472 0.1554711 0.1226830 0.1080654 0.1091284 0.1324788 0.1325539 0.1287990 0.1251206 0.1368292 0.1575717 0.1343776 0.1277720 0.1182604 0.1710769 0.1234486 0.1363112 0.1220096 
Perityle_coahuilensis_24                   0.0892983 0.0626449 0.0792953 0.3233819 0.0644787 0.0465685 0.1845687 0.1802402 0.2548856 0.0797708 0.0826058 0.0441211 0.0740913 0.0215038 0.0585502 0.0446225 0.0318423 0.1055330 0.0711344 0.0427142 0.0328426 0.0502148 0.1108512 0.0000000 0.0840545 0.0390559 0.0472153 0.0458057 0.0766296 0.0821713 0.0653921 0.0750190 0.0926863 0.0558116 0.0427743 0.0709506 0.0790803 0.0318191 0.0760900 0.0425245 0.0078632 0.0174743 0.0812261 0.0388805 0.0794971 0.0768037 0.0367512 0.0412992 0.0391164 0.0798315 0.0338659 0.0410218 0.0376892 0.0498142 0.0439498 0.0908522 0.0385356 0.0422646 0.0412182 0.0383418 0.0866156 0.1340885 0.0884369 0.0420825 0.0988876 0.0715967 0.0456271 0.0783750 0.2831777 0.0328103 0.0024253 0.0720856 0.0433806 0.0431675 0.0389110 0.0362887 0.1358318 0.1255857 0.0366113 0.0427575 0.0785799 0.0415847 0.1278872 0.0471713 
Perityle_cochisensis_44_cave_creek         0.1488398 0.0676714 0.1310569 0.3739846 0.1103635 0.0660964 0.2146800 0.1621866 0.2642586 0.1269466 0.1329699 0.0657944 0.0801898 0.1012206 0.0476462 0.0865783 0.0885640 0.1066281 0.1044462 0.0547973 0.0677857 0.0820283 0.1291187 0.0840545 0.0000000 0.0740113 0.0951887 0.1012880 0.1362458 0.1164563 0.0810485 0.1223151 0.1342461 0.0771509 0.0749005 0.0811500 0.1179175 0.0888318 0.1086626 0.0756136 0.0859861 0.0832225 0.1193824 0.0717158 0.1164235 0.0996614 0.0693824 0.0748303 0.0745150 0.1226590 0.0703927 0.0767658 0.0719075 0.0972885 0.0523939 0.0944731 0.0627991 0.0763302 0.0747404 0.0729245 0.1382701 0.1429246 0.1420236 0.0478696 0.0870482 0.1209118 0.0991462 0.1284370 0.3068140 0.0863608 0.0704382 0.1149598 0.0720636 0.0481237 0.0717414 0.0249765 0.1268975 0.1349756 0.0712778 0.0687711 0.0842560 0.0768382 0.1380799 0.0587424 
Perityle_congesta_202                      0.0986740 0.0650212 0.0871808 0.3136814 0.0727071 0.0503541 0.1887030 0.1658655 0.2611001 0.0902187 0.0886078 0.0301185 0.0370058 0.0483836 0.0202025 0.0467075 0.0397513 0.1052268 0.0723384 0.0291128 0.0184593 0.0349170 0.1178729 0.0390559 0.0740113 0.0000000 0.0479853 0.0547748 0.0790961 0.0904374 0.0681335 0.0799791 0.0962008 0.0723290 0.0105005 0.0784256 0.0801346 0.0390012 0.0803024 0.0438414 0.0398946 0.0395283 0.0821073 0.0074182 0.0826300 0.0797514 0.0233149 0.0085804 0.0237256 0.0802830 0.0217001 0.0097982 0.0237881 0.0509731 0.0139663 0.0919088 0.0518260 0.0452211 0.0256670 0.0240707 0.0908756 0.1380853 0.0968018 0.0365373 0.0838755 0.0750176 0.0485348 0.0808456 0.2893910 0.0429289 0.0386920 0.0794665 0.0106443 0.0090773 0.0067802 0.0108325 0.1388851 0.1259752 0.0223751 0.0274398 0.0847546 0.0279123 0.1362005 0.0519548 
Perityle_cordifolia_27                     0.1018360 0.0684018 0.0939587 0.3330939 0.0777557 0.0597444 0.1986954 0.1930207 0.2639335 0.0972036 0.0983690 0.0562338 0.0820904 0.0585640 0.0660443 0.0539503 0.0516236 0.1090907 0.0812539 0.0547753 0.0460169 0.0628500 0.1366878 0.0472153 0.0951887 0.0479853 0.0000000 0.0605712 0.0859720 0.0975686 0.0748690 0.0908811 0.1070916 0.0740851 0.0522721 0.0485777 0.0889621 0.0514638 0.0855177 0.0516615 0.0468165 0.0494735 0.0911055 0.0504395 0.0885606 0.0855671 0.0486929 0.0507764 0.0503060 0.0885597 0.0462112 0.0521925 0.0473808 0.0306085 0.0549627 0.1062587 0.0617028 0.0352987 0.0537346 0.0510043 0.1017193 0.1339883 0.1044252 0.0107284 0.1022463 0.0814606 0.0094292 0.0872586 0.3077599 0.0525153 0.0471028 0.0868856 0.0538126 0.0547217 0.0498531 0.0499498 0.1442907 0.1285239 0.0483011 0.0536774 0.0966636 0.0537029 0.1492743 0.0491013 
Perityle_cordifolia_68_tecolote            0.1031867 0.0657819 0.0913442 0.3305437 0.0818432 0.0590955 0.1969221 0.2085088 0.2667120 0.0970653 0.0988315 0.0595828 0.0883039 0.0547000 0.0687234 0.0597651 0.0469217 0.1158782 0.0846701 0.0574281 0.0474540 0.0655859 0.1126538 0.0458057 0.1012880 0.0547748 0.0605712 0.0000000 0.0886467 0.1006359 0.0891032 0.0892849 0.1091057 0.0802676 0.0569190 0.0857444 0.0899296 0.0474334 0.0898000 0.0554300 0.0437108 0.0459031 0.0912780 0.0546944 0.0909218 0.0894678 0.0512293 0.0566904 0.0539139 0.0905793 0.0487164 0.0559653 0.0539121 0.0614190 0.0562563 0.1040045 0.0123324 0.0501053 0.0549163 0.0528326 0.1038040 0.1411701 0.1046690 0.0496216 0.1123696 0.0833467 0.0602193 0.0920518 0.2984358 0.0503302 0.0452235 0.0894613 0.0590532 0.0565718 0.0537733 0.0473398 0.1515716 0.1363009 0.0496785 0.0591437 0.0932344 0.0554404 0.1530833 0.0591912 
Perityle_coronopifolia_28_patagonia        0.1116529 0.1011613 0.0961423 0.2782456 0.0784026 0.0705760 0.2066273 0.1740343 0.3304486 0.1078225 0.1087676 0.0842005 0.1211247 0.0839339 0.0982113 0.0813148 0.0809371 0.1157145 0.0717154 0.0778883 0.0702331 0.0729451 0.1265710 0.0766296 0.1362458 0.0790961 0.0859720 0.0886467 0.0000000 0.1154515 0.0812392 0.0904923 0.1042307 0.0713289 0.0819937 0.1087666 0.0771552 0.0785413 0.0968490 0.0809768 0.0761877 0.0786380 0.0785420 0.0792089 0.0766239 0.0974923 0.0739294 0.0790028 0.0753755 0.0755974 0.0740889 0.0820424 0.0752931 0.0848704 0.0832445 0.1170377 0.0816506 0.0722479 0.0764979 0.0754647 0.0996552 0.1590238 0.0952263 0.0579770 0.1514485 0.0072093 0.0852910 0.0961425 0.2495637 0.0843456 0.0760903 0.0943915 0.0847390 0.0849279 0.0786018 0.0654920 0.1679342 0.1400178 0.0794214 0.0805997 0.1014268 0.0814927 0.1689786 0.0538613 
Perityle_crassifolia_70_ventanas           0.0913656 0.0778293 0.0839941 0.3703713 0.0758056 0.1102723 0.1886603 0.1813611 0.2562883 0.0582197 0.1091374 0.0996080 0.1034233 0.0815993 0.0835765 0.0970794 0.0939496 0.1362964 0.0877661 0.0921288 0.0882081 0.0827117 0.1894377 0.0821713 0.1164563 0.0904374 0.0975686 0.1006359 0.1154515 0.0000000 0.0386926 0.1040827 0.1136383 0.0088800 0.0965252 0.1173579 0.1045829 0.0910578 0.1022658 0.0921399 0.0839694 0.0856267 0.1053388 0.0910974 0.1055630 0.1057472 0.0880209 0.0889005 0.0953299 0.1079530 0.0760806 0.0951676 0.0919635 0.0991117 0.0939749 0.1063083 0.0990773 0.0821694 0.0969304 0.0938656 0.1115560 0.1656706 0.1208181 0.0629626 0.1420796 0.1025835 0.0883581 0.0933811 0.3128044 0.0923814 0.0824182 0.0218612 0.0962520 0.0905932 0.0911045 0.0636014 0.1184626 0.1344036 0.0750635 0.0960899 0.1031383 0.0986978 0.0888970 0.0894282 
Perityle_crassifolia_74_playa_balandra     0.0626348 0.0747903 0.0620794 0.3522299 0.0680368 0.0826541 0.1497365 0.3792640 0.1420631 0.0647739 0.0904781 0.0809037 0.0699999 0.0670553 0.0734946 0.0746803 0.0833354 0.0822740 0.0804219 0.0807729 0.0703336 0.0744642 0.1472761 0.0653921 0.0810485 0.0681335 0.0748690 0.0891032 0.0812392 0.0386926 0.0000000 0.0935552 0.0847827 0.0048383 0.0680836 0.0836107 0.0803035 0.0804913 0.0776988 0.0730602 0.0734886 0.0734889 0.0884716 0.0665208 0.0844720 0.0811096 0.0710569 0.0681125 0.0760806 0.0885203 0.0678790 0.0720918 0.0730562 0.0721933 0.0682539 0.0808640 0.0717490 0.0620087 0.0807647 0.0772849 0.0876882 0.1676458 0.0789409 0.0446145 0.0738933 0.0856804 0.0546208 0.1042917 0.2300201 0.0856017 0.0653921 0.0383261 0.0734256 0.0696928 0.0681335 0.0529781 0.1075543 0.0910042 0.0741703 0.0727774 0.0856240 0.0766347 0.0546020 0.0594020 
Perityle_cuneata_34_cuneata_San_antonio    0.0978834 0.0810240 0.0861676 0.3241465 0.0781902 0.0815518 0.1985957 0.1882360 0.2711655 0.0993661 0.0948311 0.0856898 0.1120485 0.0825644 0.0865901 0.0801367 0.0778716 0.0909495 0.0820869 0.0847198 0.0733884 0.0880417 0.1436994 0.0750190 0.1223151 0.0799791 0.0908811 0.0892849 0.0904923 0.1040827 0.0935552 0.0000000 0.1054531 0.0723107 0.0803998 0.1101377 0.0921472 0.0765282 0.0910492 0.0798686 0.0742058 0.0773740 0.0930725 0.0785796 0.0918425 0.0888995 0.0755889 0.0794720 0.0805395 0.0923689 0.0758033 0.0789245 0.0775089 0.0900957 0.0803745 0.1090682 0.0781387 0.0800173 0.0823760 0.0789432 0.1036639 0.1808399 0.1030765 0.0718595 0.1351794 0.0841770 0.0893784 0.0934521 0.2939722 0.0800359 0.0730809 0.0931271 0.0838112 0.0800905 0.0781783 0.0711851 0.1551334 0.1342407 0.0770715 0.0833829 0.0999792 0.0822510 0.1323204 0.0709183 
Perityle_cuneata_4                         0.1159249 0.0898734 0.0989239 0.2531079 0.0829099 0.0717705 0.2177615 0.1833037 0.3272207 0.1119991 0.1011842 0.1007774 0.1277994 0.1031986 0.1063270 0.1031879 0.1001937 0.1200016 0.0994625 0.0979069 0.0894343 0.1077320 0.1158095 0.0926863 0.1342461 0.0962008 0.1070916 0.1091057 0.1042307 0.1136383 0.0847827 0.1054531 0.0000000 0.0626551 0.0968023 0.1309794 0.1038143 0.0988819 0.1074512 0.1004410 0.0915856 0.0928736 0.1115084 0.0945674 0.1074919 0.1093462 0.0923203 0.0961705 0.0950962 0.1089947 0.0905790 0.0951397 0.0955317 0.1130652 0.1026800 0.1294313 0.0969401 0.0949417 0.0959927 0.0950683 0.1084506 0.1521295 0.1125562 0.0685548 0.1619035 0.1060514 0.1059872 0.0924687 0.3181954 0.1029800 0.0909883 0.0997705 0.1017789 0.0997050 0.0945579 0.0615403 0.1552554 0.1621095 0.0904287 0.0967846 0.1128568 0.0991709 0.1690281 0.0797351 
Perityle_discoidea_81                      0.0815132 0.0789142 0.0815178 0.9794469 0.0512736 0.0000010 0.2040537 0.6054151 0.1411397 0.0780346 0.0696013 0.0769087 0.0753561 0.0610866 0.0824035 0.0739612 0.0723314 0.0747656 0.0709451 0.0798716 0.0706703 0.0796766 0.2142006 0.0558116 0.0771509 0.0723290 0.0740851 0.0802676 0.0713289 0.0088800 0.0048383 0.0723107 0.0626551 0.0000000 0.0767756 0.0679461 0.0721662 0.0662518 0.0618110 0.0722911 0.0602900 0.0600614 0.0772399 0.0708235 0.0725803 0.0618843 0.0710516 0.0693689 0.0815703 0.0819507 0.0677803 0.0677834 0.0739209 0.0755477 0.0758932 0.0732861 0.0812379 0.0687532 0.0891850 0.0799059 0.0740481 0.6273632 0.0687850 0.0486368 0.0647366 0.0744061 0.0739146 0.0738786 0.2655203 0.0739116 0.0587691 0.0124547 0.0755762 0.0723290 0.0723210 0.0581728 0.0757673 0.0707127 0.0681959 0.0661927 0.0684592 0.0783162 0.0647807 0.0710817 
Perityle_dissecta_201                      0.1014839 0.0675407 0.0888952 0.3109567 0.0749562 0.0573045 0.1901331 0.1802421 0.2598104 0.0937102 0.0894886 0.0313678 0.0428662 0.0529429 0.0242968 0.0492295 0.0447338 0.1084740 0.0754425 0.0312665 0.0192721 0.0380244 0.1285860 0.0427743 0.0749005 0.0105005 0.0522721 0.0569190 0.0819937 0.0965252 0.0680836 0.0803998 0.0968023 0.0767756 0.0000000 0.0778385 0.0823854 0.0431875 0.0825384 0.0464539 0.0427919 0.0432659 0.0847971 0.0093801 0.0853240 0.0820730 0.0241141 0.0113295 0.0241331 0.0829233 0.0225355 0.0118554 0.0253980 0.0539524 0.0148697 0.0939370 0.0530624 0.0526586 0.0260676 0.0248729 0.0939646 0.1383079 0.0985915 0.0406489 0.0847944 0.0778048 0.0527916 0.0828952 0.2946270 0.0471535 0.0425169 0.0833012 0.0130271 0.0112468 0.0087836 0.0178165 0.1411628 0.1269458 0.0256949 0.0278499 0.0831065 0.0283173 0.1382306 0.0577009 
Perityle_emoryi_47_punta_san_jose          0.1171961 0.0729228 0.1111712 0.3732760 0.0985076 0.1218699 0.2080519 0.3161136 0.2497559 0.1135741 0.1161167 0.0837939 0.0775961 0.0887978 0.0665078 0.0787240 0.0769837 0.1084901 0.1036746 0.0806912 0.0714188 0.0917303 0.1246890 0.0709506 0.0811500 0.0784256 0.0485777 0.0857444 0.1087666 0.1173579 0.0836107 0.1101377 0.1309794 0.0679461 0.0778385 0.0000000 0.1073110 0.0771047 0.1001328 0.0744854 0.0715728 0.0730156 0.1136560 0.0773717 0.1072637 0.1020772 0.0762247 0.0788788 0.0753234 0.1108036 0.0748105 0.0800877 0.0764109 0.0597375 0.0824222 0.1043381 0.0812938 0.0773926 0.0764354 0.0759421 0.1188232 0.1569217 0.1174496 0.0227741 0.0800742 0.1014894 0.0567428 0.1067764 0.2905703 0.0800517 0.0709215 0.1031053 0.0836535 0.0806886 0.0768003 0.0806096 0.1102321 0.1151416 0.0769829 0.0809868 0.1108763 0.0772837 0.1470165 0.0687159 
Perityle_feddemae_99                       0.1066038 0.0824221 0.0957266 0.3512748 0.0831884 0.0862989 0.2053257 0.2028616 0.2805484 0.1028949 0.1014330 0.0816166 0.1080542 0.0869389 0.0884207 0.0824182 0.0816522 0.1137733 0.0404100 0.0820469 0.0720749 0.0831064 0.1480577 0.0790803 0.1179175 0.0801346 0.0889621 0.0899296 0.0771552 0.1045829 0.0803035 0.0921472 0.1038143 0.0721662 0.0823854 0.1073110 0.0000000 0.0785771 0.0722188 0.0808898 0.0778234 0.0802037 0.0283459 0.0793105 0.0236942 0.0738116 0.0748003 0.0809633 0.0770121 0.0277051 0.0729982 0.0783054 0.0781059 0.0909286 0.0827913 0.0941024 0.0854762 0.0827254 0.0780412 0.0772094 0.0885894 0.1247070 0.0785414 0.0609386 0.1335232 0.0763016 0.0900634 0.0948227 0.2791159 0.0829528 0.0802892 0.0933090 0.0820984 0.0818723 0.0779623 0.0793689 0.1514539 0.0989606 0.0785382 0.0817733 0.0801140 0.0801245 0.1486816 0.0632499 
Perityle_fosteri_93                        0.0923117 0.0729164 0.0835381 0.3131574 0.0706854 0.0533080 0.1923753 0.1712939 0.2588776 0.0844794 0.0878504 0.0428379 0.0725698 0.0368436 0.0641155 0.0458510 0.0171762 0.1028302 0.0709042 0.0445515 0.0339262 0.0500636 0.0989523 0.0318191 0.0888318 0.0390012 0.0514638 0.0474334 0.0785413 0.0910578 0.0804913 0.0765282 0.0988819 0.0662518 0.0431875 0.0771047 0.0785771 0.0000000 0.0792112 0.0419894 0.0301473 0.0323006 0.0812513 0.0400941 0.0800604 0.0776487 0.0362895 0.0404028 0.0395124 0.0794137 0.0350895 0.0404192 0.0383290 0.0511743 0.0430607 0.0925251 0.0398394 0.0442597 0.0412153 0.0385614 0.0883555 0.1400180 0.0908509 0.0444148 0.0994061 0.0755139 0.0483195 0.0842521 0.2832022 0.0166084 0.0329312 0.0767378 0.0445728 0.0450411 0.0401590 0.0387124 0.1461155 0.1255706 0.0381312 0.0427577 0.0869416 0.0402605 0.1435889 0.0484655 
Perityle_gamon_221                         0.1056326 0.0824865 0.0951865 0.3641373 0.0798612 0.0747385 0.2063120 0.2274750 0.2735215 0.1008942 0.1032153 0.0824340 0.0983408 0.0869652 0.0818729 0.0838995 0.0797087 0.1224064 0.0610903 0.0826249 0.0747482 0.0899421 0.1331195 0.0760900 0.1086626 0.0803024 0.0855177 0.0898000 0.0968490 0.1022658 0.0776988 0.0910492 0.1074512 0.0618110 0.0825384 0.1001328 0.0722188 0.0792112 0.0000000 0.0799798 0.0738560 0.0794262 0.0746444 0.0790218 0.0748836 0.0114022 0.0772150 0.0811552 0.0813333 0.0742590 0.0750809 0.0803298 0.0779709 0.0865111 0.0805855 0.0861673 0.0792553 0.0768117 0.0823103 0.0802779 0.0799458 0.1467769 0.0812218 0.0538225 0.1259233 0.0926098 0.0866121 0.0998133 0.2885706 0.0811071 0.0738788 0.0913277 0.0834888 0.0780406 0.0781516 0.0655315 0.1380910 0.1039950 0.0756482 0.0815661 0.0742625 0.0829418 0.1374490 0.0685962 
Perityle_gentryi_8_san_francisco           0.0991254 0.0698253 0.0862180 0.3431727 0.0704370 0.0478171 0.1911084 0.1772141 0.2521233 0.0906989 0.0918884 0.0468244 0.0580771 0.0553232 0.0729203 0.0098426 0.0445818 0.1047660 0.0741053 0.0455253 0.0368630 0.0562466 0.1141526 0.0425245 0.0756136 0.0438414 0.0516615 0.0554300 0.0809768 0.0921399 0.0730602 0.0798686 0.1004410 0.0722911 0.0464539 0.0744854 0.0808898 0.0419894 0.0799798 0.0000000 0.0416846 0.0430516 0.0836383 0.0432528 0.0812815 0.0794648 0.0400075 0.0435823 0.0409445 0.0841676 0.0354838 0.0461332 0.0420459 0.0534854 0.0470821 0.0816195 0.0520807 0.0469662 0.0439739 0.0414059 0.0959743 0.1255165 0.0913937 0.0314393 0.0891732 0.0780820 0.0488511 0.0855407 0.2683896 0.0461341 0.0434072 0.0775716 0.0478711 0.0461392 0.0427588 0.0346775 0.1192364 0.1099250 0.0401397 0.0469112 0.0836059 0.0448247 0.1371885 0.0563498 
Perityle_gilensis_22_Superstition          0.0888639 0.0652446 0.0788472 0.3241874 0.0644415 0.0521264 0.1859752 0.1848711 0.2591200 0.0802409 0.0807599 0.0454252 0.0745674 0.0224109 0.0586247 0.0442412 0.0306325 0.1082000 0.0711976 0.0423002 0.0328676 0.0502794 0.1219194 0.0078632 0.0859861 0.0398946 0.0468165 0.0437108 0.0761877 0.0839694 0.0734886 0.0742058 0.0915856 0.0602900 0.0427919 0.0715728 0.0778234 0.0301473 0.0738560 0.0416846 0.0000000 0.0166809 0.0803818 0.0397241 0.0786501 0.0745094 0.0367663 0.0421093 0.0391462 0.0785689 0.0338861 0.0410199 0.0377187 0.0489997 0.0449487 0.0899087 0.0410910 0.0437889 0.0412490 0.0383705 0.0862350 0.1364088 0.0879925 0.0491915 0.0994464 0.0702859 0.0472187 0.0783327 0.2781193 0.0315416 0.0081277 0.0754504 0.0442368 0.0436393 0.0389274 0.0384262 0.1357001 0.1236568 0.0353343 0.0436090 0.0828086 0.0407654 0.1300261 0.0513613 
Perityle_gilensis_salensis_225             0.0912540 0.0675904 0.0825291 0.3234683 0.0677644 0.0506210 0.1868943 0.1710783 0.2595898 0.0831609 0.0850256 0.0459189 0.0734487 0.0286729 0.0594067 0.0451368 0.0323181 0.1088555 0.0718588 0.0427930 0.0329012 0.0508169 0.1179279 0.0174743 0.0832225 0.0395283 0.0494735 0.0459031 0.0786380 0.0856267 0.0734889 0.0773740 0.0928736 0.0600614 0.0432659 0.0730156 0.0802037 0.0323006 0.0794262 0.0430516 0.0166809 0.0000000 0.0823247 0.0401951 0.0810320 0.0793085 0.0372311 0.0426194 0.0379266 0.0813538 0.0356638 0.0424207 0.0385900 0.0512028 0.0440446 0.0896901 0.0390481 0.0466703 0.0417073 0.0379993 0.0894470 0.1389344 0.0912024 0.0519502 0.0981529 0.0727173 0.0489576 0.0831859 0.2825468 0.0341337 0.0175862 0.0748738 0.0447201 0.0425959 0.0389809 0.0414828 0.1396945 0.1244109 0.0366938 0.0440889 0.0841331 0.0412438 0.1320414 0.0486342 
Perityle_glaucescens_94                    0.1133409 0.0847980 0.1014839 0.3664081 0.0855449 0.0792340 0.2079597 0.2120774 0.2759550 0.1074787 0.1060705 0.0847418 0.1028461 0.0900856 0.0865591 0.0866932 0.0829544 0.1170891 0.0434756 0.0862798 0.0753099 0.0876867 0.1453961 0.0812261 0.1193824 0.0821073 0.0911055 0.0912780 0.0785420 0.1053388 0.0884716 0.0930725 0.1115084 0.0772399 0.0847971 0.1136560 0.0283459 0.0812513 0.0746444 0.0836383 0.0803818 0.0823247 0.0000000 0.0817395 0.0311926 0.0739331 0.0777296 0.0829572 0.0795604 0.0047937 0.0751675 0.0814345 0.0798595 0.0915941 0.0859775 0.0922358 0.0853234 0.0857298 0.0805449 0.0794096 0.0898291 0.1380661 0.0818921 0.0629959 0.1338328 0.0785986 0.0945125 0.0991262 0.3035429 0.0856368 0.0810964 0.0972683 0.0843644 0.0837730 0.0804895 0.0750939 0.1468833 0.0907390 0.0812321 0.0851633 0.0823943 0.0829344 0.1515917 0.0574896 
Perityle_gracilis_11                       0.0977762 0.0667114 0.0861956 0.3162527 0.0718242 0.0517344 0.1900161 0.1700758 0.2610691 0.0897641 0.0873534 0.0294650 0.0384384 0.0502374 0.0222498 0.0465837 0.0416805 0.1077543 0.0718849 0.0291216 0.0168446 0.0362594 0.1252211 0.0388805 0.0717158 0.0074182 0.0504395 0.0546944 0.0792089 0.0910974 0.0665208 0.0785796 0.0945674 0.0708235 0.0093801 0.0773717 0.0793105 0.0400941 0.0790218 0.0432528 0.0397241 0.0401951 0.0817395 0.0000000 0.0818184 0.0788856 0.0218377 0.0058757 0.0226348 0.0803621 0.0201685 0.0082086 0.0231184 0.0521517 0.0103378 0.0914534 0.0505763 0.0489437 0.0238017 0.0226028 0.0904407 0.1315672 0.0945292 0.0379333 0.0844204 0.0750975 0.0494287 0.0834055 0.2893910 0.0439538 0.0389320 0.0785339 0.0079150 0.0060413 0.0047818 0.0098315 0.1387742 0.1258818 0.0250139 0.0263860 0.0824011 0.0260391 0.1351702 0.0543997 
Perityle_harkerae_31                       0.1098507 0.0855287 0.1001684 0.3662781 0.0839526 0.0844587 0.2100783 0.2308593 0.2714791 0.1052735 0.1028843 0.0838472 0.1029735 0.0906746 0.0886612 0.0840430 0.0822124 0.1171181 0.0422765 0.0852917 0.0754871 0.0877246 0.1440089 0.0794971 0.1164235 0.0826300 0.0885606 0.0909218 0.0766239 0.1055630 0.0844720 0.0918425 0.1074919 0.0725803 0.0853240 0.1072637 0.0236942 0.0800604 0.0748836 0.0812815 0.0786501 0.0810320 0.0311926 0.0818184 0.0000000 0.0732179 0.0777952 0.0834836 0.0796359 0.0316369 0.0761632 0.0830066 0.0787546 0.0902428 0.0849805 0.0887250 0.0847116 0.0780671 0.0797271 0.0783038 0.0901227 0.1312255 0.0776329 0.0594933 0.1304559 0.0768286 0.0909928 0.0980293 0.2941987 0.0835363 0.0797478 0.0950581 0.0853437 0.0841576 0.0805493 0.0778322 0.1390835 0.0903438 0.0805261 0.0838831 0.0839842 0.0831639 0.1488787 0.0562676 
