84
Amauria_brandeegeana_62                    0.0000000 0.1034567 0.1163694 0.3132816 0.1655186 0.1834216 0.1539231 0.3995182 0.0298808 0.1813386 0.2598376 0.2703266 0.1433827 0.1905408 0.2650089 0.2006579 0.2079029 0.1824451 0.1468301 0.1633927 0.1802045 0.1246604 0.1482752 0.3055504 0.1706065 0.1812155 0.2010946 0.2402190 0.1333698 0.1561658 0.1738497 0.2898906 0.0306403 0.1098689 0.1950910 0.1676444 0.2177584 0.1727897 0.1723276 0.1651758 0.1918520 0.1596026 0.1957808 0.2211714 0.1919070 0.2389936 0.1755789 0.1859325 0.1676225 0.1570587 0.2352140 0.1781693 0.1072678 0.2919561 0.1464950 0.1913872 0.1616393 0.1580697 0.2606021 0.1523034 0.2479474 0.1805769 0.2011032 0.2397378 0.1739241 0.1883242 0.2021001 0.0954308 0.1753302 0.2453610 0.1783243 0.1658822 0.1647876 0.2451475 0.1368516 0.1800748 0.2394242 0.2627439 0.2387616 0.1848087 0.1572484 0.1770948 0.1436469 0.1715519 
Amauria_carterae_99_mesa                   0.1034567 0.0000000 0.0857793 0.2344984 0.1412226 0.1586300 0.1277169 0.3606201 0.0691399 0.1434847 0.2397736 0.2165468 0.1343047 0.1606809 0.2392374 0.1396538 0.1846770 0.1425899 0.1286679 0.1259644 0.1635477 0.0821979 0.1078346 0.2925275 0.1394868 0.1433674 0.1698179 0.1883434 0.1324141 0.1391066 0.1489290 0.2317058 0.0691399 0.0657492 0.1326599 0.1713125 0.1658470 0.1356687 0.1342404 0.1225751 0.1332513 0.1260997 0.1454057 0.1612332 0.1806335 0.2257773 0.1406318 0.1358543 0.1271342 0.1098141 0.2348821 0.1387211 0.0945034 0.1975482 0.1405192 0.1518787 0.1277391 0.1216939 0.1886318 0.1272878 0.1808021 0.1273286 0.1392656 0.1896941 0.1427463 0.1535355 0.1661209 0.0835313 0.1722518 0.2541158 0.1889147 0.1385081 0.1292149 0.2057227 0.1249812 0.1582286 0.1575757 0.1713701 0.1634113 0.1697635 0.1327105 0.1563566 0.1404695 0.1442344 
Amauria_rotundifolia_SRR9119150            0.1163694 0.0857793 0.0000000 0.3184624 0.1758699 0.2042096 0.1304212 0.4156286 0.1070523 0.1789875 0.2745884 0.2364489 0.1346295 0.1983371 0.2763918 0.2099125 0.2222447 0.1704445 0.1285112 0.1690658 0.2219179 0.1153510 0.1261233 0.3365102 0.1827933 0.1674327 0.2177165 0.2388229 0.1378182 0.1643231 0.1903747 0.2779570 0.0929693 0.0406252 0.1807699 0.2063317 0.2296926 0.1756746 0.1710990 0.1690013 0.1735333 0.1655571 0.1786092 0.2231078 0.1713699 0.2259553 0.1862065 0.1702921 0.1579946 0.1253120 0.2387129 0.1986064 0.0834722 0.2763333 0.1526046 0.1633472 0.1735574 0.1685244 0.2598926 0.1428267 0.2150819 0.1742244 0.2260162 0.2352587 0.1717801 0.1891499 0.1890451 0.1001524 0.1970056 0.2286244 0.1921702 0.1712484 0.1480945 0.2568286 0.1308605 0.1890584 0.2222028 0.2353778 0.2241515 0.1712332 0.1699756 0.1807466 0.1501494 0.1475549 
Conoclinium_coelestinum_SRR9119114         0.3132816 0.2344984 0.3184624 0.0000000 0.3124435 0.2323053 0.2421791 0.4819125 0.2275901 0.3105064 0.4853205 0.4704065 0.2957345 0.4239007 0.3516545 0.3417993 0.3806244 0.3232681 0.3147241 0.3050212 0.2613900 0.2120520 0.4058818 0.3889340 0.3396526 0.3351816 0.3728067 0.3880607 0.2546617 0.2091575 0.3375949 0.3970016 0.2221365 0.2357842 0.3458349 0.2394756 0.4003206 0.3409972 0.3389816 0.4093665 0.3365890 0.3196222 0.3397662 0.3737126 0.4440414 0.4648196 0.3342483 0.3348825 0.3007135 0.4065663 0.2901966 0.2531438 0.2353284 0.3875124 0.2539970 0.3123322 0.3050485 0.3078338 0.3825400 0.2471886 0.4763247 0.2503055 0.3393267 0.3863605 0.3321288 0.3188808 0.3307362 0.2194917 0.2328393 0.4612667 0.3312161 0.3292559 0.3097396 0.3269968 0.2532195 0.3186772 0.3976475 0.4733182 0.4305846 0.2602990 0.3079311 0.3202423 0.2231121 0.3054492 
Eutetras_palmeri_63                        0.1655186 0.1412226 0.1758699 0.3124435 0.0000000 0.1924732 0.1680054 0.3935316 0.1839733 0.1524274 0.2782376 0.2558886 0.1415696 0.2222941 0.3260565 0.2027928 0.2296636 0.1549891 0.1520362 0.1707906 0.2146181 0.1293013 0.1591103 0.2996716 0.1795431 0.1806360 0.2253661 0.2211518 0.1437298 0.1712667 0.1834382 0.3306021 0.1715464 0.1923616 0.1860370 0.1995078 0.2036403 0.1936215 0.1727317 0.2021226 0.1863673 0.1670047 0.1994373 0.1907806 0.1830086 0.2308390 0.1785055 0.1829678 0.1536777 0.1525554 0.2144097 0.2060918 0.1356573 0.2683052 0.1683167 0.1880142 0.1807875 0.1790574 0.2448169 0.1511284 0.2363272 0.1895842 0.2178472 0.2195900 0.1879214 0.1647188 0.1654784 0.1220278 0.1967795 0.2506028 0.2016332 0.1811854 0.1492972 0.2835339 0.1375822 0.1652400 0.2164635 0.2491138 0.2600851 0.1691818 0.1784650 0.1868648 0.1409610 0.1488775 
Eutrochium_fistulosum_SRR9119106           0.1834216 0.1586300 0.2042096 0.2323053 0.1924732 0.0000000 0.1886423 0.4286862 0.1588068 0.1974319 0.3216768 0.2970831 0.1716293 0.2676468 0.3063227 0.2040395 0.2506629 0.2235178 0.1988637 0.1818893 0.2038282 0.1370738 0.2210669 0.3514525 0.2211253 0.2102767 0.2504398 0.2391260 0.1704920 0.2208495 0.2173258 0.3192346 0.1588068 0.1558400 0.2083154 0.1664334 0.2305353 0.2127492 0.2124570 0.2405791 0.2083921 0.2035834 0.1950697 0.2120855 0.2489341 0.2930039 0.2218882 0.2091761 0.1875457 0.2329959 0.2295356 0.1635015 0.1370980 0.2928756 0.1731065 0.2142680 0.1878127 0.1861355 0.2487824 0.1537227 0.3098335 0.2038246 0.2321992 0.2592233 0.1877093 0.1953166 0.2155354 0.1377103 0.1491222 0.3099296 0.2313654 0.2157659 0.1925252 0.2432097 0.1518332 0.1973573 0.2187597 0.2852538 0.2818377 0.2039676 0.1852314 0.2253970 0.1395211 0.1737222 
Galeana_pratensis_104_mex                  0.1539231 0.1277169 0.1304212 0.2421791 0.1680054 0.1886423 0.0000000 0.2599430 0.1855019 0.1865837 0.2235675 0.1590744 0.1526238 0.1186322 0.3635554 0.1433314 0.1913719 0.1356899 0.1481017 0.1454303 0.1854963 0.1066724 0.1244263 0.3370330 0.1485610 0.1618066 0.1645853 0.1580061 0.1549832 0.2176826 0.1512442 0.3251955 0.1855019 0.1517667 0.1429694 0.2314138 0.1634917 0.1485951 0.1498904 0.1432957 0.1422814 0.1445731 0.1446012 0.1539340 0.1595651 0.2118537 0.1542163 0.1407806 0.1455609 0.1335074 0.3277338 0.1658512 0.1087303 0.1397922 0.1667412 0.1451338 0.1485182 0.1487022 0.1559805 0.1505409 0.1815176 0.1771264 0.1455227 0.1559531 0.1657775 0.1688696 0.1811576 0.1209625 0.2269560 0.2053034 0.1691422 0.1576658 0.1556421 0.2761359 0.1542053 0.1728248 0.1528354 0.1587047 0.1536874 0.1701703 0.1494520 0.1574380 0.1411899 0.1593353 
Helianthus_annuus_SRR9119062               0.3995182 0.3606201 0.4156286 0.4819125 0.3935316 0.4286862 0.2599430 0.0000000 0.3320973 0.3983650 0.5190715 0.5143673 0.3502765 0.4193125 0.4322988 0.3942613 0.3911638 0.4054466 0.3871601 0.3489735 0.3294208 0.2488093 0.4205912 0.2585648 0.3978863 0.3830780 0.4267092 0.4038817 0.3434383 0.2936047 0.3814461 0.4273152 0.3320973 0.3298077 0.4243213 0.3220301 0.4207831 0.3983963 0.3800878 0.4289942 0.4205577 0.3761711 0.4098880 0.4121472 0.4591248 0.4993457 0.3838518 0.4148738 0.3727840 0.4156325 0.3690610 0.3111410 0.1727330 0.4433721 0.3370778 0.3260069 0.3334567 0.3208502 0.4113286 0.2612900 0.4895013 0.3017850 0.4158463 0.4136628 0.3713404 0.3767956 0.3878997 0.1897979 0.3284860 0.4947159 0.4410805 0.3861487 0.3859867 0.3645608 0.3150102 0.3701698 0.4390479 0.4881726 0.4610129 0.2811319 0.3307377 0.4061902 0.2712085 0.3098009 
Lycapsus_tenuifolius_17                    0.0298808 0.0691399 0.1070523 0.2275901 0.1839733 0.1588068 0.1855019 0.3320973 0.0000000 0.1684100 0.7114611 0.9304394 0.1580058 0.6382209 0.1356233 0.1903295 0.1760757 0.1671657 0.1593601 0.1846219 0.1869632 0.0000010 0.0000010 0.9078993 0.1989583 0.1795543 0.1499395 0.2651428 0.1515211 0.1511160 0.1991295 0.1641368 0.0000010 0.1078857 0.1771089 0.1502235 0.2576529 0.1529160 0.2020373 0.4959155 0.1825339 0.1761030 0.1912682 0.2879405 0.5650293 0.6628794 0.1949675 0.1737625 0.1755950 0.0000010 0.1568541 0.1776312 0.0000010 0.3358622 0.1378149 0.1521094 0.1850399 0.1789736 0.2991137 0.1812960 0.3002907 0.1241892 0.1926400 0.2469970 0.1825567 0.1676284 0.1831798 0.0000010 0.1511553 0.7959042 0.2302706 0.1914528 0.1931104 0.1818847 0.1354095 0.1568356 0.2892534 0.8490370 1.0132891 0.2068088 0.1912091 0.2069931 0.1542227 0.1839901 
Pericome_caudata_50_silver                 0.1813386 0.1434847 0.1789875 0.3105064 0.1524274 0.1974319 0.1865837 0.3983650 0.1684100 0.0000000 0.2986409 0.2501827 0.1489500 0.2233866 0.3010751 0.2099650 0.2456832 0.1829294 0.1611368 0.1667377 0.2040952 0.0878123 0.1627317 0.2796094 0.1875856 0.1896444 0.2422807 0.2353367 0.1529372 0.1500108 0.1786700 0.3006539 0.1646425 0.1715047 0.2012990 0.1916556 0.2224156 0.1939818 0.1840655 0.2124501 0.2013472 0.1754305 0.2039721 0.1990895 0.1945855 0.2492467 0.1879174 0.1943860 0.1658267 0.1583913 0.2317849 0.1857857 0.1083452 0.2773350 0.1785974 0.2050770 0.1787699 0.1806866 0.2712753 0.1695856 0.2418663 0.2131350 0.2223726 0.2309412 0.1938095 0.1227122 0.1190806 0.0967810 0.1804118 0.2503358 0.1936776 0.1765369 0.1644224 0.2673002 0.1386736 0.1192205 0.2325397 0.2551858 0.2474773 0.1974137 0.1815584 0.1846080 0.1316788 0.1707607 
Perityle_aglossa_84_dead_horse             0.2598376 0.2397736 0.2745884 0.4853205 0.2782376 0.3216768 0.2235675 0.5190715 0.7114611 0.2986409 0.0000000 0.1052719 0.1423087 0.0742774 0.7155983 0.2068903 0.3678851 0.2691528 0.1408405 0.1518870 0.7154834 0.0348148 0.0707459 0.2656451 0.1669956 0.2376018 0.2845417 0.2976944 0.2145738 0.8712444 0.2685762 0.7701503 0.6892286 0.7368375 0.2742784 0.6472719 0.2616545 0.2591311 0.1731890 0.0829613 0.2635886 0.1620268 0.2617699 0.2970596 0.0917729 0.0641665 0.1813303 0.2638133 0.2062345 0.0636641 0.6602815 0.7337555 0.0182681 0.3375846 0.2450851 0.2272318 0.1806397 0.1848638 0.3077635 0.2177174 0.2340338 0.2648906 0.1978642 0.3130266 0.2060442 0.2997183 0.3054308 0.0326254 0.6801665 0.1288514 0.2699716 0.1658265 0.1329192 0.6873344 0.1437137 0.2961055 0.2959777 0.1713691 0.1245473 0.2501109 0.1696201 0.2813476 0.2303426 0.2148692 
Perityle_ajoensis_204                      0.2703266 0.2165468 0.2364489 0.4704065 0.2558886 0.2970831 0.1590744 0.5143673 0.9304394 0.2501827 0.1052719 0.0000000 0.1104693 0.1067558 0.8047059 0.1851603 0.3815096 0.2139645 0.1092182 0.1546205 0.8944229 0.0429796 0.0274280 0.2869093 0.1316929 0.2205154 0.3051115 0.2125721 0.1495027 0.8042779 0.2281842 0.8927968 0.9304394 0.9230009 0.2221325 0.8352888 0.2417533 0.2274488 0.1256016 0.0812000 0.2126946 0.1362924 0.1912320 0.2911390 0.0628367 0.0548198 0.1494906 0.2167667 0.1508841 0.0301815 0.7009063 0.8939217 0.0262851 0.2738277 0.2250740 0.2275185 0.1883440 0.1935792 0.2539159 0.1428748 0.1740553 0.2330334 0.2053815 0.2147157 0.2189970 0.2738485 0.2686786 0.0271792 0.8873372 0.1023630 0.2257719 0.1376912 0.1165406 0.7750690 0.1124051 0.2849150 0.2385072 0.0896982 0.1019189 0.1730765 0.1764589 0.2171800 0.2266107 0.1374439 
Perityle_ambrosiifolia_67_green            0.1433827 0.1343047 0.1346295 0.2957345 0.1415696 0.1716293 0.1526238 0.3502765 0.1580058 0.1489500 0.1423087 0.1104693 0.0000000 0.0737467 0.2829211 0.1013537 0.2102426 0.1633418 0.0485646 0.0556439 0.0952178 0.0272844 0.0297251 0.2338749 0.0638340 0.0896655 0.1617873 0.1800873 0.1368271 0.1627646 0.1408583 0.2908994 0.1580058 0.1555325 0.1464442 0.0729181 0.1497325 0.1295703 0.0693582 0.0677994 0.1426565 0.0637464 0.1472357 0.1623558 0.0843213 0.1341721 0.0709719 0.1441106 0.0631910 0.0269925 0.1736493 0.0757954 0.0268749 0.2293205 0.1430261 0.1179189 0.0732573 0.0676578 0.2186127 0.1244125 0.1894539 0.1636600 0.1044156 0.1844470 0.0876846 0.1473766 0.1542115 0.0335378 0.0946286 0.1263922 0.1793306 0.0564552 0.0669565 0.1379740 0.0435326 0.1456289 0.1727858 0.1377227 0.1265950 0.1631009 0.0674712 0.1637440 0.1050635 0.1362032 
Perityle_angustifolia_13_Eagle_creek       0.1905408 0.1606809 0.1983371 0.4239007 0.2222941 0.2676468 0.1186322 0.4193125 0.6382209 0.2233866 0.0742774 0.1067558 0.0737467 0.0000000 0.6975754 0.1485920 0.2535936 0.2323384 0.0898553 0.0668675 0.6137464 0.0676883 0.0911902 0.2381271 0.0980117 0.1612261 0.1864779 0.2068025 0.1665126 0.0000010 0.1987338 0.7488382 0.6382209 0.6189309 0.1989516 0.4833582 0.1721136 0.1658540 0.1034921 0.0832419 0.2006337 0.1016701 0.1973292 0.2109374 0.0959997 0.0896757 0.1126955 0.2000375 0.1353723 0.0903133 0.6597084 0.7664236 0.0025854 0.2509231 0.1626368 0.1388916 0.0573436 0.0584392 0.2349209 0.1104095 0.2468623 0.1772328 0.1614987 0.2330569 0.1189273 0.2125589 0.2208978 0.0299208 0.5663445 0.1093771 0.2240420 0.0997784 0.0772114 0.6253949 0.0566534 0.2132913 0.2143647 0.1647677 0.1571592 0.1228784 0.0476246 0.2077183 0.1356037 0.1268105 
Perityle_batopilensis_97                   0.2650089 0.2392374 0.2763918 0.3516545 0.3260565 0.3063227 0.3635554 0.4322988 0.1356233 0.3010751 0.7155983 0.8047059 0.2829211 0.6975754 0.0000000 0.2813248 0.2944013 0.3043529 0.3130275 0.2558860 0.1657745 0.7598525 0.6214742 1.4176249 0.2842305 0.2717255 0.2737518 0.4040837 0.3216672 0.2093084 0.2857900 0.2279518 0.1304675 0.1522977 0.3321934 0.1655915 0.3566960 0.2434778 0.2852543 0.6132417 0.3166573 0.2768628 0.3238971 0.3802951 0.6537669 0.6878334 0.2794876 0.3125511 0.2946771 0.6390764 0.2554087 0.1638956 0.6842313 0.4107335 0.2635870 0.2915099 0.2508605 0.2501842 0.3930859 0.2919733 0.6769555 0.2645131 0.2954695 0.3879583 0.2850505 0.3038676 0.3398218 0.7285952 0.1476772 0.7219549 0.3652230 0.2775667 0.3162491 0.2192833 0.2706272 0.3005591 0.3887663 0.7419379 0.7716095 0.3295900 0.2612739 0.3075866 0.2416823 0.3376473 
Perityle_bisetosa_9                        0.2006579 0.1396538 0.2099125 0.3417993 0.2027928 0.2040395 0.1433314 0.3942613 0.1903295 0.2099650 0.2068903 0.1851603 0.1013537 0.1485920 0.2813248 0.0000000 0.2506254 0.2026487 0.0918756 0.0895935 0.0799998 0.0038062 0.1040008 0.3071236 0.0721893 0.1803324 0.2164015 0.2698244 0.1379998 0.1512572 0.1824309 0.3065156 0.1876826 0.2151818 0.2106124 0.0974707 0.2330139 0.1695639 0.0944605 0.1416828 0.2078410 0.0692196 0.2118800 0.2514452 0.1481241 0.1885362 0.0725140 0.2046441 0.0612652 0.0954216 0.1468374 0.1727468 0.0614291 0.2886037 0.1719147 0.1563510 0.0920038 0.0916278 0.2610008 0.1428486 0.2158751 0.1907266 0.0473402 0.2578912 0.1832223 0.1877331 0.2071015 0.0606997 0.0823604 0.2026610 0.1952290 0.0799239 0.0886330 0.2075295 0.0562750 0.1916800 0.2613749 0.1665130 0.1140814 0.1642647 0.0929298 0.1811330 0.1326599 0.1712062 
Perityle_californica_76_positas            0.2079029 0.1846770 0.2222447 0.3806244 0.2296636 0.2506629 0.1913719 0.3911638 0.1760757 0.2456832 0.3678851 0.3815096 0.2102426 0.2535936 0.2944013 0.2506254 0.0000000 0.2413276 0.2225449 0.2037275 0.1885460 0.2236194 0.2609790 0.2255243 0.2424788 0.2207780 0.2580019 0.2902370 0.2023271 0.1813527 0.1523650 0.3097790 0.1641729 0.1973772 0.2542744 0.1794712 0.2659253 0.2396250 0.2374055 0.2720256 0.2481211 0.2235276 0.2553930 0.2571207 0.2956438 0.3468289 0.2358935 0.2445026 0.2317350 0.2708093 0.2604321 0.1732848 0.1689140 0.3356856 0.2207217 0.1580449 0.1798040 0.1725371 0.2903917 0.1629676 0.2802707 0.1860546 0.2567294 0.2875314 0.2224439 0.2351992 0.2442998 0.1742631 0.1840052 0.3404697 0.2291147 0.2292833 0.2243281 0.2559701 0.1890189 0.2256639 0.2983991 0.3560128 0.3165003 0.2041819 0.1805041 0.1826195 0.1435270 0.1796742 
Perityle_canescens_77                      0.1824451 0.1425899 0.1704445 0.3232681 0.1549891 0.2235178 0.1356899 0.4054466 0.1671657 0.1829294 0.2691528 0.2139645 0.1633418 0.2323384 0.3043529 0.2026487 0.2413276 0.0000000 0.1641679 0.1594609 0.1994866 0.1070865 0.1584133 0.2573230 0.1733901 0.1476768 0.2110108 0.1395106 0.1582565 0.1721471 0.1803774 0.2818727 0.1671657 0.1455127 0.1341323 0.1971833 0.1669278 0.1508839 0.1697571 0.2021686 0.1353397 0.1646045 0.1396680 0.1612664 0.1759468 0.2195265 0.1703795 0.1290758 0.1517697 0.1545429 0.2479795 0.1576184 0.0758998 0.2086047 0.1148242 0.1710526 0.1802194 0.1741346 0.1684741 0.0794178 0.1670577 0.1643672 0.2168593 0.1426050 0.1472041 0.2037224 0.1922991 0.0839888 0.1889220 0.2500723 0.1981061 0.1735985 0.1718659 0.2561778 0.1313725 0.2069631 0.1225071 0.1912952 0.2166944 0.0959419 0.1726234 0.1944056 0.1175009 0.1118426 
Perityle_castillonii_96                    0.1468301 0.1286679 0.1285112 0.3147241 0.1520362 0.1988637 0.1481017 0.3871601 0.1593601 0.1611368 0.1408405 0.1092182 0.0485646 0.0898553 0.3130275 0.0918756 0.2225449 0.1641679 0.0000000 0.0449440 0.0596024 0.0349631 0.0299587 0.3079826 0.0414688 0.1025754 0.1782981 0.1774290 0.1411754 0.1605137 0.1421848 0.3098729 0.1593601 0.1480000 0.1391654 0.0962847 0.1376377 0.1312919 0.0484063 0.0752258 0.1362303 0.0451382 0.1521718 0.1694528 0.0553724 0.1087229 0.0500594 0.1347878 0.0633347 0.0356530 0.1712772 0.0829894 0.0317555 0.2249967 0.1489585 0.1202581 0.0603018 0.0543382 0.2198407 0.1291911 0.1846976 0.1696125 0.0982698 0.1796392 0.1015318 0.1630784 0.1668088 0.0356895 0.1056715 0.1255176 0.1811429 0.0405652 0.0543189 0.1691132 0.0383945 0.1615491 0.1618597 0.1206469 0.1232934 0.1351449 0.0523856 0.1571056 0.1111870 0.1361167 
Perityle_cernua_84                         0.1633927 0.1259644 0.1690658 0.3050212 0.1707906 0.1818893 0.1454303 0.3489735 0.1846219 0.1667377 0.1518870 0.1546205 0.0556439 0.0668675 0.2558860 0.0895935 0.2037275 0.1594609 0.0449440 0.0000000 0.1116893 0.0270144 0.0223083 0.2964228 0.0532199 0.1266054 0.1495184 0.2053778 0.1292018 0.1510831 0.1594912 0.2840961 0.1728432 0.2063345 0.1729234 0.1289433 0.1629018 0.1360135 0.0602742 0.0391096 0.1589053 0.0531359 0.1663288 0.1982379 0.0686671 0.1371473 0.0697969 0.1613245 0.0767302 0.0265290 0.1523020 0.1774680 0.0235803 0.2499587 0.1357872 0.1424607 0.0705411 0.0759164 0.2181557 0.1277073 0.1813052 0.1540159 0.1050387 0.1984207 0.1285425 0.1650345 0.1742394 0.0272023 0.1075229 0.1358134 0.1736450 0.0622001 0.0465839 0.2056342 0.0507946 0.1635437 0.2213084 0.1739162 0.1285090 0.1590505 0.0646337 0.1583290 0.1072603 0.1248670 
Perityle_cfvillosa_25_tin                  0.1802045 0.1635477 0.2219179 0.2613900 0.2146181 0.2038282 0.1854963 0.3294208 0.1869632 0.2040952 0.7154834 0.8944229 0.0952178 0.6137464 0.1657745 0.0799998 0.1885460 0.1994866 0.0596024 0.1116893 0.0000000 0.0000010 0.5007364 0.9824858 0.0433212 0.1635570 0.1942171 0.3117428 0.1570399 0.1670623 0.1903911 0.1756467 0.1860079 0.2091627 0.2380707 0.0844940 0.2698523 0.1738024 0.1167593 0.5488284 0.2209516 0.0791236 0.2383839 0.3097012 0.5202976 0.6750627 0.0433101 0.2155875 0.1056242 0.0000010 0.0811955 0.1642650 0.0000010 0.3342907 0.1883572 0.1327345 0.0274439 0.0228095 0.3152512 0.1818766 0.3923255 0.1516993 0.1098954 0.2938586 0.1778914 0.1956612 0.2166162 0.0000010 0.0830480 0.6932403 0.2292008 0.0338128 0.0846592 0.1221534 0.0106536 0.1942582 0.3503559 0.7772104 0.8015729 0.2381637 0.0306184 0.1948277 0.1409735 0.1523113 
Perityle_cinerea_113_Powell1310            0.1246604 0.0821979 0.1153510 0.2120520 0.1293013 0.1370738 0.1066724 0.2488093 0.0000010 0.0878123 0.0348148 0.0429796 0.0272844 0.0676883 0.7598525 0.0038062 0.2236194 0.1070865 0.0349631 0.0270144 0.0000010 0.0000000 0.0270144 0.0304081 0.0309508 0.1507608 0.1780637 0.1427969 0.1025082 0.0000010 0.0718488 0.6744320 0.0000010 0.0000010 0.0766020 0.0962395 0.1406567 0.1394905 0.0309493 0.0270144 0.0887402 0.0390308 0.0803230 0.1037172 0.0349652 0.0390308 0.0428936 0.0889554 0.0513234 0.0270410 0.4921393 0.0000010 0.0358731 0.0687438 0.1431026 0.2352926 0.0347475 0.0299639 0.1109517 0.0770552 0.2027054 0.1657950 0.0269714 0.1384513 0.1284313 0.1111223 0.1026123 0.0498893 0.0000010 0.0308755 0.1149090 0.0349931 0.0428223 0.4448878 0.0469510 0.1202239 0.0838774 0.0510320 0.0430727 0.0953483 0.0347060 0.0816796 0.0799346 0.0801051 
Perityle_coahuilensis_24                   0.1482752 0.1078346 0.1261233 0.4058818 0.1591103 0.2210669 0.1244263 0.4205912 0.0000010 0.1627317 0.0707459 0.0274280 0.0297251 0.0911902 0.6214742 0.1040008 0.2609790 0.1584133 0.0299587 0.0223083 0.5007364 0.0270144 0.0000000 0.2496771 0.0277333 0.1064964 0.1734668 0.1675851 0.1213192 0.0000010 0.1196988 0.7457562 0.0000010 0.0000010 0.1268533 0.3695696 0.1376849 0.1112546 0.0012229 0.0612465 0.1229017 0.0265608 0.1265554 0.1601965 0.0339965 0.0253455 0.0373652 0.1222887 0.0560385 0.0302757 0.5708865 0.0000010 0.0236067 0.1938776 0.1054300 0.1456553 0.0506462 0.0537567 0.1906129 0.0985017 0.1775948 0.1717506 0.1261929 0.1743134 0.0893163 0.1827980 0.1705440 0.0244285 0.4728187 0.0299928 0.1328353 0.0277137 0.0371365 0.5533798 0.0272764 0.1812135 0.1326449 0.0876237 0.1089670 0.1157147 0.0411669 0.1244282 0.0698583 0.1135338 
Perityle_cochisensis_44_cave_creek         0.3055504 0.2925275 0.3365102 0.3889340 0.2996716 0.3514525 0.3370330 0.2585648 0.9078993 0.2796094 0.2656451 0.2869093 0.2338749 0.2381271 1.4176249 0.3071236 0.2255243 0.2573230 0.3079826 0.2964228 0.9824858 0.0304081 0.2496771 0.0000000 0.3389401 0.3685692 0.4037034 0.3384599 0.3491932 0.8588042 0.2554181 1.2106134 0.9078993 0.9803336 0.3167072 0.8409890 0.3702326 0.3574789 0.3282977 0.2496771 0.3019977 0.3343888 0.3236340 0.3405997 0.2504327 0.2913917 0.3389401 0.3019977 0.3104186 0.2496771 1.4207130 1.4484344 0.2381271 0.3398757 0.4290017 0.3664519 0.3506376 0.3506376 0.3229764 0.3367394 0.3014485 0.3768744 0.3071236 0.3265778 0.4058272 0.2842141 0.2779131 0.2775061 0.8409890 0.2941833 0.3695810 0.3253976 0.3231628 0.9210594 0.3253976 0.2680633 0.3624237 0.2874097 0.2874097 0.3665760 0.3638057 0.2653740 0.3452374 0.3747757 
Perityle_congesta_202                      0.1706065 0.1394868 0.1827933 0.3396526 0.1795431 0.2211253 0.1485610 0.3978863 0.1989583 0.1875856 0.1669956 0.1316929 0.0638340 0.0980117 0.2842305 0.0721893 0.2424788 0.1733901 0.0414688 0.0532199 0.0433212 0.0309508 0.0277333 0.3389401 0.0000000 0.1394219 0.1924036 0.2297235 0.1315706 0.1603135 0.1621094 0.2996355 0.1984084 0.2206622 0.1768166 0.1305171 0.1939048 0.1393371 0.0560809 0.0808713 0.1683833 0.0350191 0.1707496 0.2285789 0.0729324 0.1189162 0.0290775 0.1679342 0.0674360 0.0250905 0.1648668 0.1789880 0.0262472 0.2605379 0.1534405 0.1492733 0.0354040 0.0511439 0.2429187 0.1313345 0.1796472 0.1703869 0.1082777 0.2205634 0.1411706 0.1912582 0.1985663 0.0299784 0.1184259 0.1265127 0.1707665 0.0275045 0.0481890 0.2070038 0.0155248 0.1941991 0.2234678 0.1460648 0.1271153 0.1567781 0.0269795 0.1592691 0.1203937 0.1234891 
Perityle_cordifolia_27                     0.1812155 0.1433674 0.1674327 0.3351816 0.1806360 0.2102767 0.1618066 0.3830780 0.1795543 0.1896444 0.2376018 0.2205154 0.0896655 0.1612261 0.2717255 0.1803324 0.2207780 0.1476768 0.1025754 0.1266054 0.1635570 0.1507608 0.1064964 0.3685692 0.1394219 0.0000000 0.1818374 0.2294366 0.1575174 0.1498892 0.1816098 0.3018736 0.1640132 0.1779934 0.1922251 0.1560714 0.1696916 0.1156443 0.1264735 0.1438316 0.1847924 0.1272318 0.1921229 0.2034585 0.1435930 0.1909971 0.1375265 0.1824061 0.1268756 0.1156108 0.1913549 0.0090752 0.0771753 0.2801474 0.1122406 0.0747822 0.1283333 0.1215345 0.2343278 0.1397378 0.2192558 0.1241966 0.1873123 0.2294588 0.0262321 0.1967709 0.1983542 0.0841844 0.1517325 0.1997712 0.1981728 0.1319935 0.1127164 0.2149037 0.0947326 0.1967846 0.2481435 0.2245628 0.2131603 0.1661659 0.1198580 0.1856878 0.1215369 0.1453406 
Perityle_cordifolia_68_tecolote            0.2010946 0.1698179 0.2177165 0.3728067 0.2253661 0.2504398 0.1645853 0.4267092 0.1499395 0.2422807 0.2845417 0.3051115 0.1617873 0.1864779 0.2737518 0.2164015 0.2580019 0.2110108 0.1782981 0.1495184 0.1942171 0.1780637 0.1734668 0.4037034 0.1924036 0.1818374 0.0000000 0.2560405 0.1985533 0.1663089 0.2353711 0.3183467 0.1423041 0.1751919 0.2276525 0.2000245 0.2168777 0.1390422 0.1919539 0.1841271 0.2231448 0.1811947 0.2456427 0.2580730 0.2108918 0.2590536 0.1976680 0.2260089 0.2053407 0.1857037 0.2622180 0.2049482 0.0878340 0.3251966 0.0498749 0.1308695 0.1441803 0.1453935 0.2579755 0.1523819 0.2984525 0.1330301 0.2354080 0.2612409 0.1671427 0.2432525 0.2554328 0.0911233 0.1834538 0.2788708 0.2585956 0.1905801 0.1799892 0.2797566 0.1357315 0.2332941 0.2870825 0.3094443 0.2664596 0.1764832 0.1440866 0.2543190 0.1728576 0.1517157 
Perityle_coronopifolia_28_patagonia        0.2402190 0.1883434 0.2388229 0.3880607 0.2211518 0.2391260 0.1580061 0.4038817 0.2651428 0.2353367 0.2976944 0.2125721 0.1800873 0.2068025 0.4040837 0.2698244 0.2902370 0.1395106 0.1774290 0.2053778 0.3117428 0.1427969 0.1675851 0.3384599 0.2297235 0.2294366 0.2560405 0.0000000 0.1555509 0.1903876 0.2187596 0.4117621 0.2388692 0.2742504 0.1708303 0.3000570 0.2367725 0.2288140 0.2031779 0.1961439 0.1616502 0.2161540 0.1575596 0.2435013 0.2179379 0.2592306 0.2309730 0.1621744 0.1915918 0.1729285 0.2914145 0.2702553 0.0905835 0.1816333 0.1816612 0.1917045 0.2235878 0.2206984 0.1573960 0.1145601 0.1328444 0.1793979 0.2691959 0.0364149 0.2320593 0.2570023 0.2534830 0.0758396 0.2929790 0.2434348 0.2033094 0.2283803 0.1838287 0.3469030 0.1754449 0.2530216 0.1703732 0.2772508 0.2410186 0.1028759 0.2166299 0.2172422 0.1530459 0.1011574 
Perityle_crassifolia_70_ventanas           0.1333698 0.1324141 0.1378182 0.2546617 0.1437298 0.1704920 0.1549832 0.3434383 0.1515211 0.1529372 0.2145738 0.1495027 0.1368271 0.1665126 0.3216672 0.1379998 0.2023271 0.1582565 0.1411754 0.1292018 0.1570399 0.1025082 0.1213192 0.3491932 0.1315706 0.1575174 0.1985533 0.1555509 0.0000000 0.1014066 0.1189029 0.2929327 0.1515211 0.1222081 0.1438583 0.1757084 0.1614634 0.1568856 0.1315614 0.1635446 0.1324381 0.1294739 0.1389350 0.1509176 0.1529799 0.1900781 0.1308073 0.1341010 0.1231564 0.1305411 0.2695148 0.1297547 0.1003463 0.1493253 0.1479188 0.1869893 0.1331002 0.1278927 0.1460644 0.1378104 0.1947248 0.1475881 0.1411081 0.1593750 0.1558976 0.1543965 0.1700299 0.0736725 0.1915453 0.1839241 0.0349287 0.1394343 0.1332537 0.2466055 0.1311340 0.1604900 0.1505268 0.1558946 0.1605574 0.1601602 0.1324170 0.0911216 0.1073531 0.1356113 
Perityle_crassifolia_74_playa_balandra     0.1561658 0.1391066 0.1643231 0.2091575 0.1712667 0.2208495 0.2176826 0.2936047 0.1511160 0.1500108 0.8712444 0.8042779 0.1627646 0.0000010 0.2093084 0.1512572 0.1813527 0.1721471 0.1605137 0.1510831 0.1670623 0.0000010 0.0000010 0.8588042 0.1603135 0.1498892 0.1663089 0.1903876 0.1014066 0.0000000 0.1777154 0.1822556 0.1511160 0.1591153 0.1804481 0.1520112 0.1724940 0.1597294 0.1565043 0.6395993 0.1923025 0.1517632 0.1978143 0.1807834 0.5442273 0.8444563 0.1654621 0.1976929 0.1585169 0.0000010 0.1404439 0.1621485 0.0000010 0.1887935 0.1650223 0.1479344 0.1603135 0.1603135 0.1780950 0.1974374 0.2163895 0.1554216 0.1772043 0.1908227 0.1613142 0.1739346 0.1684514 0.0000010 0.1588658 0.3941658 0.0836797 0.1603135 0.1544694 0.1731445 0.1603135 0.1790165 0.2222442 1.6771879 0.0000010 0.2062209 0.1603135 0.0889797 0.1483316 0.2052945 
Perityle_cuneata_34_cuneata_San_antonio    0.1738497 0.1489290 0.1903747 0.3375949 0.1834382 0.2173258 0.1512442 0.3814461 0.1991295 0.1786700 0.2685762 0.2281842 0.1408583 0.1987338 0.2857900 0.1824309 0.1523650 0.1803774 0.1421848 0.1594912 0.1903911 0.0718488 0.1196988 0.2554181 0.1621094 0.1816098 0.2353711 0.2187596 0.1189029 0.1777154 0.0000000 0.3060921 0.1985935 0.2294319 0.1904245 0.1875633 0.2185329 0.1788309 0.1617673 0.1669652 0.1819977 0.1501587 0.1752840 0.2231526 0.1532594 0.2176319 0.1557309 0.1788320 0.1432376 0.1231712 0.2447267 0.1991697 0.0899933 0.2615539 0.1618258 0.1872538 0.1744838 0.1729194 0.2373946 0.1258538 0.2023918 0.1561021 0.1957898 0.2094082 0.1857777 0.1934517 0.2011824 0.0634383 0.2019725 0.2121518 0.1577027 0.1556458 0.1521298 0.2764738 0.1191362 0.1904869 0.2151367 0.2056715 0.1983782 0.1526764 0.1707783 0.1007688 0.0609142 0.1405431 
Perityle_cuneata_4                         0.2898906 0.2317058 0.2779570 0.3970016 0.3306021 0.3192346 0.3251955 0.4273152 0.1641368 0.3006539 0.7701503 0.8927968 0.2908994 0.7488382 0.2279518 0.3065156 0.3097790 0.2818727 0.3098729 0.2840961 0.1756467 0.6744320 0.7457562 1.2106134 0.2996355 0.3018736 0.3183467 0.4117621 0.2929327 0.1822556 0.3060921 0.0000000 0.1520359 0.1689144 0.3289760 0.1706666 0.3587672 0.3169163 0.3051718 0.7322921 0.3223848 0.2903712 0.3481259 0.3573322 0.7159035 0.7469618 0.3092317 0.3125584 0.3111509 0.7277697 0.2456991 0.1786595 0.7579206 0.4645674 0.2686272 0.3008053 0.2578975 0.2649521 0.4291005 0.3338782 0.8344526 0.3061258 0.3162289 0.3966893 0.3066999 0.3034652 0.3260635 0.7748782 0.1620878 0.7812306 0.3435833 0.2902564 0.2948481 0.2238098 0.2688710 0.3043932 0.4064592 0.8264701 0.8379827 0.3831336 0.2710445 0.3193908 0.2271778 0.3575258 
Perityle_discoidea_81                      0.0306403 0.0691399 0.0929693 0.2221365 0.1715464 0.1588068 0.1855019 0.3320973 0.0000010 0.1646425 0.6892286 0.9304394 0.1580058 0.6382209 0.1304675 0.1876826 0.1641729 0.1671657 0.1593601 0.1728432 0.1860079 0.0000010 0.0000010 0.9078993 0.1984084 0.1640132 0.1423041 0.2388692 0.1515211 0.1511160 0.1985935 0.1520359 0.0000000 0.0950482 0.1672300 0.1538499 0.2510681 0.1387237 0.1922656 0.4959155 0.1678935 0.1748569 0.1773502 0.2644525 0.5650293 0.6533525 0.1922064 0.1614113 0.1656141 0.0000010 0.1568541 0.1620806 0.0000010 0.3358622 0.1378149 0.1521094 0.1839579 0.1777549 0.2991137 0.1709736 0.3002907 0.1241892 0.1919503 0.2217605 0.1690034 0.1599301 0.1682142 0.0000010 0.1526000 0.7959042 0.2264637 0.1907381 0.1931104 0.1630317 0.1354095 0.1490111 0.2750346 0.8413922 1.0132891 0.1967470 0.1880101 0.2018065 0.1542227 0.1839901 
Perityle_emoryi_47_punta_san_jose          0.1098689 0.0657492 0.0406252 0.2357842 0.1923616 0.1558400 0.1517667 0.3298077 0.1078857 0.1715047 0.7368375 0.9230009 0.1555325 0.6189309 0.1522977 0.2151818 0.1973772 0.1455127 0.1480000 0.2063345 0.2091627 0.0000010 0.0000010 0.9803336 0.2206622 0.1779934 0.1751919 0.2742504 0.1222081 0.1591153 0.2294319 0.1689144 0.0950482 0.0000000 0.1975868 0.1840543 0.2891706 0.1847927 0.2012672 0.4299710 0.1872881 0.2063824 0.2029946 0.2824411 0.6515092 0.6983557 0.2260292 0.1808447 0.1823077 0.0000010 0.1550177 0.1760299 0.0000010 0.3377412 0.1357891 0.1352014 0.2070484 0.2046344 0.3042992 0.1632483 0.3952642 0.1126652 0.2284736 0.2326952 0.1850887 0.1688982 0.1769218 0.0000010 0.1797488 0.7782562 0.2313848 0.2162679 0.1805150 0.1837459 0.1414848 0.1665243 0.2768058 0.8791110 0.9275637 0.1782204 0.2135773 0.2064374 0.1517740 0.1697009 
Perityle_feddemae_99                       0.1950910 0.1326599 0.1807699 0.3458349 0.1860370 0.2083154 0.1429694 0.4243213 0.1771089 0.2012990 0.2742784 0.2221325 0.1464442 0.1989516 0.3321934 0.2106124 0.2542744 0.1341323 0.1391654 0.1729234 0.2380707 0.0766020 0.1268533 0.3167072 0.1768166 0.1922251 0.2276525 0.1708303 0.1438583 0.1804481 0.1904245 0.3289760 0.1672300 0.1975868 0.0000000 0.2502643 0.2106477 0.1913969 0.1649336 0.1696060 0.0430374 0.1632312 0.0623316 0.2228897 0.1719454 0.2180194 0.1848248 0.0416776 0.1625030 0.1321864 0.2679832 0.2139349 0.0935498 0.2553614 0.1426295 0.1851459 0.1921013 0.1952799 0.2029218 0.1043950 0.1569344 0.1632842 0.2262113 0.1688024 0.1953898 0.2250259 0.2133944 0.0854324 0.2458780 0.2210833 0.1891779 0.1794362 0.1445155 0.2780578 0.1402659 0.2239601 0.1566295 0.2066876 0.2117394 0.1403296 0.1920601 0.1900297 0.1124568 0.1044057 
Perityle_fosteri_93                        0.1676444 0.1713125 0.2063317 0.2394756 0.1995078 0.1664334 0.2314138 0.3220301 0.1502235 0.1916556 0.6472719 0.8352888 0.0729181 0.4833582 0.1655915 0.0974707 0.1794712 0.1971833 0.0962847 0.1289433 0.0844940 0.0962395 0.3695696 0.8409890 0.1305171 0.1560714 0.2000245 0.3000570 0.1757084 0.1520112 0.1875633 0.1706666 0.1538499 0.1840543 0.2502643 0.0000000 0.2686917 0.2018536 0.1516776 0.4496359 0.2373878 0.1093765 0.2590986 0.2946722 0.4689431 0.6300570 0.1091157 0.2263161 0.1230868 0.4150926 0.1226454 0.1392637 0.3876472 0.3330441 0.1857226 0.0935999 0.1146650 0.0850865 0.2995613 0.1904976 0.4757101 0.1490666 0.1078924 0.2770328 0.1661069 0.1988387 0.2209248 0.0962395 0.0568403 0.6316793 0.2452673 0.1075914 0.1206004 0.1210436 0.0908176 0.1946961 0.3317919 0.6619130 0.6673591 0.2546040 0.1148532 0.2175826 0.1408465 0.1821532 
Perityle_gamon_221                         0.2177584 0.1658470 0.2296926 0.4003206 0.2036403 0.2305353 0.1634917 0.4207831 0.2576529 0.2224156 0.2616545 0.2417533 0.1497325 0.1721136 0.3566960 0.2330139 0.2659253 0.1669278 0.1376377 0.1629018 0.2698523 0.1406567 0.1376849 0.3702326 0.1939048 0.1696916 0.2168777 0.2367725 0.1614634 0.1724940 0.2185329 0.3587672 0.2510681 0.2891706 0.2106477 0.2686917 0.0000000 0.1744657 0.1762025 0.1725969 0.2035832 0.1826120 0.1999022 0.1552845 0.1791997 0.2147466 0.1955972 0.2006939 0.1713673 0.1440300 0.2766144 0.2538389 0.0760566 0.2764321 0.1388702 0.1462353 0.1858238 0.1903482 0.2116000 0.1264120 0.2387759 0.1367378 0.2445537 0.2409138 0.1763472 0.2382579 0.2348823 0.0820156 0.2610876 0.2221490 0.2318562 0.1961090 0.1482500 0.3128927 0.1646437 0.2368217 0.2562576 0.2448379 0.2323177 0.1493430 0.1790833 0.2336406 0.1601026 0.1475831 
Perityle_gentryi_8_san_francisco           0.1727897 0.1356687 0.1756746 0.3409972 0.1936215 0.2127492 0.1485951 0.3983963 0.1529160 0.1939818 0.2591311 0.2274488 0.1295703 0.1658540 0.2434778 0.1695639 0.2396250 0.1508839 0.1312919 0.1360135 0.1738024 0.1394905 0.1112546 0.3574789 0.1393371 0.1156443 0.1390422 0.2288140 0.1568856 0.1597294 0.1788309 0.3169163 0.1387237 0.1847927 0.1913969 0.2018536 0.1744657 0.0000000 0.1459533 0.1554839 0.1802363 0.1360843 0.1976968 0.2153554 0.1561714 0.2086240 0.1392390 0.1778184 0.1388444 0.1239039 0.2199176 0.1830785 0.0658535 0.2685768 0.0765258 0.1186380 0.1257907 0.1210090 0.2306055 0.1536715 0.2162207 0.1085847 0.1848976 0.2324115 0.1173241 0.2141832 0.2156789 0.0614373 0.1820264 0.2138744 0.2108939 0.1411764 0.1315020 0.2648160 0.1009711 0.2144166 0.2355036 0.2172443 0.2005974 0.1740751 0.1244142 0.1941423 0.1358584 0.1445674 
Perityle_gilensis_22_Superstition          0.1723276 0.1342404 0.1710990 0.3389816 0.1727317 0.2124570 0.1498904 0.3800878 0.2020373 0.1840655 0.1731890 0.1256016 0.0693582 0.1034921 0.2852543 0.0944605 0.2374055 0.1697571 0.0484063 0.0602742 0.1167593 0.0309493 0.0012229 0.3282977 0.0560809 0.1264735 0.1919539 0.2031779 0.1315614 0.1565043 0.1617673 0.3051718 0.1922656 0.2012672 0.1649336 0.1516776 0.1762025 0.1459533 0.0000000 0.0743826 0.1601312 0.0416275 0.1653552 0.2077013 0.0781872 0.1279702 0.0719266 0.1596799 0.0687362 0.0316187 0.1491457 0.1537265 0.0262736 0.2323694 0.1582720 0.1465923 0.0738989 0.0845623 0.2332704 0.1334584 0.1910421 0.1574663 0.1168189 0.2073858 0.1274906 0.1849141 0.1763067 0.0271899 0.1491261 0.1209989 0.1813707 0.0598085 0.0361678 0.2118837 0.0528023 0.1841488 0.2043499 0.1363936 0.1399449 0.1637173 0.0714591 0.1676881 0.1213320 0.1336950 
Perityle_gilensis_salensis_225             0.1651758 0.1225751 0.1690013 0.4093665 0.2021226 0.2405791 0.1432957 0.4289942 0.4959155 0.2124501 0.0829613 0.0812000 0.0677994 0.0832419 0.6132417 0.1416828 0.2720256 0.2021686 0.0752258 0.0391096 0.5488284 0.0270144 0.0612465 0.2496771 0.0808713 0.1438316 0.1841271 0.1961439 0.1635446 0.6395993 0.1669652 0.7322921 0.4959155 0.4299710 0.1696060 0.4496359 0.1725969 0.1554839 0.0743826 0.0000000 0.1663665 0.0769198 0.1653772 0.1884974 0.0652522 0.0685391 0.0885637 0.1675184 0.1086754 0.0695004 0.5481761 0.4687134 0.0265070 0.2432046 0.1275404 0.1378144 0.0687944 0.0697626 0.2071915 0.1215570 0.2070964 0.2006526 0.1475131 0.2012357 0.1147888 0.1964655 0.2221488 0.0274400 0.6041950 0.0741286 0.1777638 0.0779275 0.0762027 0.6090714 0.0480865 0.1904751 0.1798485 0.1349533 0.1257356 0.1302119 0.0552049 0.1701873 0.1019820 0.1365628 
Perityle_glaucescens_94                    0.1918520 0.1332513 0.1735333 0.3365890 0.1863673 0.2083921 0.1422814 0.4205577 0.1825339 0.2013472 0.2635886 0.2126946 0.1426565 0.2006337 0.3166573 0.2078410 0.2481211 0.1353397 0.1362303 0.1589053 0.2209516 0.0887402 0.1229017 0.3019977 0.1683833 0.1847924 0.2231448 0.1616502 0.1324381 0.1923025 0.1819977 0.3223848 0.1678935 0.1872881 0.0430374 0.2373878 0.2035832 0.1802363 0.1601312 0.1663665 0.0000000 0.1539070 0.0564938 0.2095921 0.1681715 0.2091494 0.1716203 0.0298436 0.1587903 0.1295634 0.2553550 0.2084791 0.0959451 0.2417294 0.1421472 0.1817030 0.1791878 0.1821463 0.1999627 0.0981797 0.1544020 0.1596854 0.2219042 0.1594013 0.1878547 0.2160752 0.2085102 0.0817782 0.2354418 0.2183559 0.1859741 0.1683586 0.1368587 0.2709565 0.1267489 0.2159529 0.1532581 0.2095215 0.2092035 0.1380482 0.1814972 0.1851365 0.1126181 0.1013956 
Perityle_gracilis_11                       0.1596026 0.1260997 0.1655571 0.3196222 0.1670047 0.2035834 0.1445731 0.3761711 0.1761030 0.1754305 0.1620268 0.1362924 0.0637464 0.1016701 0.2768628 0.0692196 0.2235276 0.1646045 0.0451382 0.0531359 0.0791236 0.0390308 0.0265608 0.3343888 0.0350191 0.1272318 0.1811947 0.2161540 0.1294739 0.1517632 0.1501587 0.2903712 0.1748569 0.2063824 0.1632312 0.1093765 0.1826120 0.1360843 0.0416275 0.0769198 0.1539070 0.0000000 0.1576366 0.2063969 0.0736836 0.0986608 0.0479885 0.1534889 0.0619413 0.0315730 0.1338318 0.1607985 0.0262278 0.2438436 0.1478207 0.1302869 0.0483467 0.0506125 0.2326972 0.1261556 0.1808418 0.1476950 0.0946526 0.2104876 0.1284525 0.1773037 0.1815816 0.0162123 0.0996536 0.1199490 0.1658262 0.0461414 0.0249001 0.2053042 0.0404900 0.1787857 0.2081200 0.1440088 0.1341103 0.1534286 0.0465474 0.1510838 0.1143169 0.1200382 
Perityle_harkerae_31                       0.1957808 0.1454057 0.1786092 0.3397662 0.1994373 0.1950697 0.1446012 0.4098880 0.1912682 0.2039721 0.2617699 0.1912320 0.1472357 0.1973292 0.3238971 0.2118800 0.2553930 0.1396680 0.1521718 0.1663288 0.2383839 0.0803230 0.1265554 0.3236340 0.1707496 0.1921229 0.2456427 0.1575596 0.1389350 0.1978143 0.1752840 0.3481259 0.1773502 0.2029946 0.0623316 0.2590986 0.1999022 0.1976968 0.1653552 0.1653772 0.0564938 0.1576366 0.0000000 0.2073566 0.1668434 0.2215631 0.1741296 0.0549992 0.1662459 0.1336320 0.2698581 0.2062614 0.0966228 0.2073156 0.1621702 0.1749400 0.1888889 0.1945864 0.1846193 0.0999740 0.1529769 0.1561837 0.2166163 0.1526219 0.1936097 0.2120939 0.2168246 0.0788168 0.2525721 0.2170494 0.1781631 0.1733819 0.1446489 0.2964385 0.1331755 0.2118914 0.1548511 0.2076464 0.2070361 0.1235369 0.1891647 0.1848437 0.1028581 0.0875932 
Perityle_hofmeisteria_4_nombre_de_dios     0.2211714 0.1612332 0.2231078 0.3737126 0.1907806 0.2120855 0.1539340 0.4121472 0.2879405 0.1990895 0.2970596 0.2911390 0.1623558 0.2109374 0.3802951 0.2514452 0.2571207 0.1612664 0.1694528 0.1982379 0.3097012 0.1037172 0.1601965 0.3405997 0.2285789 0.2034585 0.2580730 0.2435013 0.1509176 0.1807834 0.2231526 0.3573322 0.2644525 0.2824411 0.2228897 0.2946722 0.1552845 0.2153554 0.2077013 0.1884974 0.2095921 0.2063969 0.2073566 0.0000000 0.2081913 0.2465376 0.2294167 0.2081746 0.1840275 0.1615328 0.2633965 0.2762034 0.1088920 0.3028106 0.1611012 0.1581628 0.2170238 0.2179849 0.2357517 0.1307081 0.2123593 0.1702289 0.2620162 0.2451098 0.2032656 0.2339284 0.2352426 0.0767624 0.2992916 0.2575226 0.2255422 0.2264028 0.1687691 0.3203342 0.1770321 0.2355974 0.2538678 0.2755888 0.2343891 0.1609612 0.2187806 0.2329483 0.1656780 0.1566600 
Perityle_huecosensis_48                    0.1919070 0.1806335 0.1713699 0.4440414 0.1830086 0.2489341 0.1595651 0.4591248 0.5650293 0.1945855 0.0917729 0.0628367 0.0843213 0.0959997 0.6537669 0.1481241 0.2956438 0.1759468 0.0553724 0.0686671 0.5202976 0.0349652 0.0339965 0.2504327 0.0729324 0.1435930 0.2108918 0.2179379 0.1529799 0.5442273 0.1532594 0.7159035 0.5650293 0.6515092 0.1719454 0.4689431 0.1791997 0.1561714 0.0781872 0.0652522 0.1681715 0.0736836 0.1668434 0.2081913 0.0000000 0.0503000 0.0770242 0.1674931 0.1023169 0.0398514 0.5879321 0.5093094 0.0316233 0.2452377 0.1684203 0.1645694 0.1116196 0.1138003 0.2452192 0.1436220 0.1887826 0.2166846 0.1629696 0.2245176 0.1343393 0.2329800 0.2199145 0.0355775 0.5456318 0.0517498 0.1647113 0.0771334 0.0692775 0.5711757 0.0874145 0.2321913 0.1838220 0.1059649 0.1241849 0.1807476 0.0972065 0.1588851 0.1425073 0.1586836 
