83
Amauria_brandeegeana_62                    0.0000000 0.0334171 0.4160264 0.2151314 0.3237189 0.1889299 0.7020975 0.0135128 0.2200810 0.1393337 0.2832058 0.1312087 0.2180030 0.1849648 0.2682777 0.2343068 0.1913562 0.1366569 0.2619997 0.1175847 0.0553386 0.1381029 0.1513413 0.2848865 0.2098500 0.1414354 0.2575124 0.1787175 0.1027687 0.2365307 0.1554122 0.9819253 0.2837764 0.1523963 0.3352562 0.2622860 0.2057502 0.1817972 0.1382173 0.1364804 0.2815011 0.1288404 0.2080550 0.2189056 0.1329848 0.1477568 0.1364269 0.2835652 0.1455091 0.1331889 0.4744514 0.1107439 0.1869715 0.2721712 0.1118503 0.0973103 0.1412517 0.3432143 0.1886958 0.1219409 0.1424879 0.0586442 0.1381024 0.2645091 0.2077627 0.1172021 0.1868391 0.2029503 0.1379470 0.1838670 0.2876766 0.1403636 0.1296820 0.0592971 0.1326551 0.2917714 0.1346242 0.1366269 0.1970053 0.1411541 0.2211870 0.1362121 0.0775384 
Amauria_carterae_99_mesa                   0.0334171 0.0000000 0.2378118 0.1407458 0.1773654 0.0978193 0.6452322 0.0386030 0.0935881 0.0620935 0.2060905 0.0648108 0.0589855 0.0838459 0.1775406 0.1068124 0.1183687 0.0523265 0.2300372 0.0755935 0.0558817 0.0704075 0.0756344 0.2052010 0.0843000 0.0701784 0.1655421 0.0621037 0.0523529 0.1123828 0.0985286 0.0000010 0.2104128 0.0592668 0.2259780 0.1648632 0.1168069 0.0784745 0.0677789 0.0622043 0.2164731 0.0810819 0.2151391 0.1199517 0.0703009 0.0784663 0.0812508 0.2161113 0.0701039 0.0621756 0.2968500 0.0684760 0.0594372 0.1017191 0.0734435 0.0601269 0.0755935 0.1843582 0.1192439 0.1357922 0.1481547 0.0584972 0.0679059 0.1341646 0.0787379 0.0722035 0.1863461 0.1825982 0.0676614 0.0674537 0.2137364 0.0785709 0.0605847 0.0630605 0.0803121 0.1161808 0.0567681 0.0610599 0.1531028 0.0755935 0.0963369 0.0949734 0.0688554 
Amauria_rotundifolia_SRR9119150            0.4160264 0.2378118 0.0000000 0.4369572 0.3292381 0.4555969 0.9174831 0.4290977 0.4360366 0.3777290 0.2347338 0.3685440 0.4524106 0.4196475 0.1549500 0.4572396 0.4671064 0.3883499 0.4302439 0.4117462 0.2454909 0.3671906 0.3807829 0.2323000 0.4690402 0.3419978 0.4435500 0.4367986 0.3297769 0.4655619 0.3867632 0.3950022 0.2420009 0.4170289 0.3034994 0.1518031 0.4003399 0.4114080 0.3792374 0.3815976 0.2664584 0.4037281 0.1699402 0.4601403 0.3796481 0.3916314 0.4356357 0.1839724 0.3900528 0.3717368 0.3996743 0.2944223 0.4087426 0.4043517 0.3772250 0.3675373 0.3792402 0.3082001 0.3458609 0.2392523 0.3325782 0.2459374 0.3786308 0.4362519 0.4612910 0.4259801 0.1304250 0.2723027 0.3551418 0.4030539 0.2317491 0.3727829 0.3827270 0.2980442 0.4637810 0.5061175 0.3736778 0.3831961 0.3105872 0.3814364 0.4694011 0.2977862 0.3625379 
Conoclinium_coelestinum_SRR9119114         0.2151314 0.1407458 0.4369572 0.0000000 0.3320181 0.1511887 0.7158096 0.2286054 0.2598268 0.1873328 0.3694374 0.1831568 0.2525738 0.2534407 0.2681246 0.2909372 0.2422169 0.1790626 0.3414593 0.1833027 0.1430434 0.1897693 0.1828857 0.3674603 0.2973721 0.1870373 0.3237818 0.2408875 0.1189745 0.2945533 0.2577549 2.0308863 0.3389644 0.2051084 0.3732929 0.2656582 0.2459338 0.2515771 0.1882077 0.1815784 0.3100756 0.1956246 0.2369992 0.2818963 0.1873775 0.1897925 0.1819269 0.3232188 0.1887616 0.1814117 0.4331862 0.1837183 0.1829272 0.3390840 0.1707801 0.1609069 0.1875848 0.3797809 0.2390642 0.1611944 0.2338456 0.1112296 0.1840297 0.3460320 0.2919102 0.1901577 0.2317275 0.2883486 0.1768727 0.2446366 0.3718048 0.2048838 0.1895714 0.1258825 0.1834644 0.3161265 0.1811965 0.1804970 0.2260670 0.1895903 0.2822861 0.2113691 0.1363799 
Eutetras_palmeri_63                        0.3237189 0.1773654 0.3292381 0.3320181 0.0000000 0.3235531 0.8269007 0.3451982 0.4278954 0.3124754 0.2083108 0.3148028 0.3896743 0.3765911 0.1085731 0.4271395 0.3574734 0.3164443 0.4106835 0.3201215 0.2628575 0.3155526 0.3156905 0.2167514 0.4352370 0.3163828 0.4575357 0.3508762 0.2837347 0.4583628 0.3360893 2.0308863 0.1822678 0.3591571 0.2373202 0.0953547 0.3710980 0.3688970 0.3248954 0.3128628 0.1996408 0.3268131 0.1173154 0.3784726 0.3270247 0.3350740 0.3424629 0.1611977 0.3290276 0.3130667 0.3494307 0.2881036 0.3183426 0.4080144 0.2891265 0.3419960 0.3238010 0.3059002 0.3612406 0.2350581 0.2932638 0.1681918 0.3223215 0.4507503 0.4326884 0.3596367 0.0308794 0.1995490 0.3172471 0.3515121 0.2202660 0.3474427 0.3159738 0.2326941 0.3657084 0.4523707 0.3214195 0.3117134 0.3413766 0.3280519 0.4486762 0.2618523 0.3385586 
Eutrochium_fistulosum_SRR9119106           0.1889299 0.0978193 0.4555969 0.1511887 0.3235531 0.0000000 0.7801162 0.2059135 0.2697905 0.1612031 0.3664506 0.1508003 0.3015259 0.2321872 0.2690622 0.3128954 0.2678582 0.1529431 0.2771603 0.1609810 0.1702495 0.1582090 0.1696492 0.3615455 0.2884348 0.1769705 0.3436832 0.3306830 0.2402730 0.3201130 0.2089570 1.4388013 0.3351009 0.1812802 0.3789273 0.2427267 0.2678487 0.2312112 0.1564334 0.1580405 0.3346396 0.1675157 0.2503166 0.2746932 0.1600277 0.1615299 0.1684293 0.3502198 0.1630648 0.1544451 0.4488473 0.1436105 0.1667552 0.3556005 0.1664446 0.1701894 0.1598565 0.4256457 0.2680388 0.1355704 0.1953491 0.0941451 0.1618973 0.3423746 0.2808666 0.1895817 0.1988054 0.2715341 0.1631365 0.2768656 0.3745361 0.1844685 0.1521736 0.1085692 0.1904851 0.3498523 0.1524414 0.1584511 0.2407519 0.1615490 0.3148029 0.1788933 0.1520273 
Helianthus_annuus_SRR9119062               0.7020975 0.6452322 0.9174831 0.7158096 0.8269007 0.7801162 0.0000000 0.7254294 0.8034723 0.7136028 0.7839198 0.6930457 0.8555480 0.7183848 0.7343378 0.8199599 0.7600865 0.7089834 0.7712927 0.7134351 0.6649374 0.6949910 0.7055437 0.7636307 0.8065737 0.6928795 0.7638076 0.7571934 0.6761757 0.7863675 0.6897521 2.0308863 0.7666432 0.7528621 0.8091247 0.6309787 0.7138011 0.7340945 0.7019375 0.6942837 0.7739842 0.7187620 0.7147435 0.7597274 0.6986315 0.6909000 0.7050039 0.7536177 0.7044646 0.6973038 0.8315377 0.6578104 0.7331739 0.8526055 0.7588620 0.7109162 0.6957186 0.8839248 0.7181613 0.5988119 0.7153135 0.6178037 0.7055154 0.7772485 0.8044818 0.8031941 0.6982559 0.7909207 0.6946625 0.7138551 0.7624252 0.7318728 0.6922552 0.6414388 0.8088396 0.8524619 0.7008337 0.7019326 0.7329737 0.6922771 0.7880298 0.6567750 0.6955760 
Lycapsus_tenuifolius_17                    0.0135128 0.0386030 0.4290977 0.2286054 0.3451982 0.2059135 0.7254294 0.0000000 0.2396119 0.1516031 0.3023259 0.1432733 0.2256134 0.1925470 0.2800086 0.2338208 0.1994099 0.1487578 0.2674601 0.1337952 0.0740405 0.1503884 0.1644009 0.3062876 0.2230978 0.1537920 0.2688718 0.1982029 0.1193570 0.2411327 0.1638886 0.9819253 0.3043972 0.1672482 0.3533504 0.2777833 0.2113853 0.1899530 0.1505126 0.1487451 0.2973624 0.1382868 0.2189006 0.2295733 0.1453201 0.1569288 0.1501025 0.2944117 0.1571594 0.1454079 0.4843976 0.1133188 0.1945383 0.2836675 0.1307574 0.1115405 0.1535823 0.3767347 0.2012200 0.1221790 0.1421471 0.0648927 0.1503872 0.2807296 0.2209678 0.1323124 0.1925565 0.2251638 0.1506221 0.1997555 0.3094369 0.1496534 0.1419701 0.0674808 0.1508471 0.3014680 0.1467466 0.1490382 0.2020508 0.1534749 0.2291539 0.1413053 0.0933939 
Pericome_caudata_50_silver                 0.2200810 0.0935881 0.4360366 0.2598268 0.4278954 0.2697905 0.8034723 0.2396119 0.0000000 0.1718043 0.3588258 0.1670899 0.2237160 0.1942279 0.2678203 0.2893627 0.2578381 0.1768282 0.2343463 0.1877350 0.0738798 0.1691846 0.1614195 0.3528735 0.2310752 0.1609319 0.2755822 0.2717925 0.1561237 0.2685560 0.1943483 0.9819253 0.3519024 0.1918158 0.3903417 0.2937135 0.2071537 0.1952321 0.1758748 0.1724376 0.3471957 0.1807671 0.2486479 0.2620986 0.1750861 0.1821110 0.2012426 0.3094047 0.1792511 0.1658701 0.4696963 0.0898071 0.2239688 0.2713286 0.1925928 0.1267382 0.1754109 0.4691334 0.2015676 0.1392487 0.1655409 0.0723808 0.1739746 0.2677301 0.2215556 0.1904364 0.1984647 0.3503314 0.1521681 0.2074191 0.3633643 0.1621470 0.1705273 0.0822541 0.2017984 0.3466808 0.1737777 0.1742363 0.1997034 0.1752906 0.2663370 0.1283936 0.1179573 
Perityle_aglossa_84_dead_horse             0.1393337 0.0620935 0.3777290 0.1873328 0.3124754 0.1612031 0.7136028 0.1516031 0.1718043 0.0000000 0.3091672 0.0197990 0.1509560 0.0860956 0.2414421 0.2241727 0.1839253 0.0211158 0.1857615 0.0249655 0.0083081 0.0185760 0.0286750 0.3058574 0.1713039 0.0456793 0.2525674 0.2378209 0.1486374 0.2135297 0.1366345 0.9819253 0.3008753 0.0771794 0.3073308 0.2675674 0.1776087 0.0868700 0.0198492 0.0249158 0.2679164 0.0348618 0.2178949 0.2055403 0.0276393 0.0299506 0.0329527 0.2658082 0.0294379 0.0173017 0.4518928 0.0375132 0.0679718 0.2552281 0.0413546 0.0436959 0.0248296 0.3881489 0.1831754 0.1349249 0.1529472 0.0170424 0.0135769 0.2520663 0.1705008 0.0975983 0.1919539 0.2300092 0.0230935 0.1716736 0.3134133 0.0409672 0.0225203 0.0295659 0.1087000 0.2831957 0.0223227 0.0149602 0.1604750 0.0248163 0.2199365 0.1118816 0.0361093 
Perityle_ajoensis_204                      0.2832058 0.2060905 0.2347338 0.3694374 0.2083108 0.3664506 0.7839198 0.3023259 0.3588258 0.3091672 0.0000000 0.3073776 0.3766783 0.3407189 0.0595451 0.3637269 0.3613421 0.3217189 0.3763920 0.3537405 0.2631921 0.3032233 0.3373878 0.0190199 0.3683220 0.3094267 0.3642958 0.3169989 0.3072453 0.3670108 0.3345136 1.4388013 0.1294685 0.3632588 0.1885197 0.0606322 0.3292680 0.3365723 0.3161280 0.3194089 0.1774435 0.3487311 0.0740039 0.3477038 0.3139839 0.3301260 0.3625558 0.1423028 0.3285972 0.3051885 0.3349324 0.2743996 0.3816639 0.3494276 0.3260776 0.3422620 0.3171961 0.1727434 0.3237454 0.1908765 0.2543243 0.1673336 0.3174669 0.3656073 0.3544672 0.3414172 0.0764291 0.1341030 0.3055214 0.3132472 0.0287483 0.3519983 0.3220604 0.2199117 0.3676171 0.3452895 0.3127384 0.3181552 0.3296795 0.3123938 0.3578099 0.2652162 0.3164115 
Perityle_ambrosiifolia_67_green            0.1312087 0.0648108 0.3685440 0.1831568 0.3148028 0.1508003 0.6930457 0.1432733 0.1670899 0.0197990 0.3073776 0.0000000 0.1439597 0.0807832 0.2439616 0.2236259 0.1782487 0.0184634 0.1825281 0.0202546 0.0139034 0.0135951 0.0228898 0.3040745 0.1649581 0.0389859 0.2560910 0.2381916 0.1521317 0.2147634 0.1287118 0.9819253 0.2987237 0.0726072 0.3074928 0.2669227 0.1810082 0.0814268 0.0198769 0.0198923 0.2680565 0.0274929 0.2179015 0.2053690 0.0225679 0.0274570 0.0284186 0.2705772 0.0242492 0.0123337 0.4447077 0.0343138 0.0600160 0.2608509 0.0433196 0.0399612 0.0223485 0.3903346 0.1868889 0.1349249 0.1560345 0.0170552 0.0186054 0.2559730 0.1611832 0.0916082 0.1919539 0.2224608 0.0179270 0.1668154 0.3116243 0.0395827 0.0174829 0.0295802 0.1006576 0.2890331 0.0148210 0.0175176 0.1624865 0.0223366 0.2176846 0.1164188 0.0360991 
Perityle_angustifolia_13_Eagle_creek       0.2180030 0.0589855 0.4524106 0.2525738 0.3896743 0.3015259 0.8555480 0.2256134 0.2237160 0.1509560 0.3766783 0.1439597 0.0000000 0.1650260 0.2575743 0.2479540 0.2600598 0.1438470 0.2550871 0.1280972 0.0591811 0.1424447 0.1366573 0.3838221 0.2081609 0.1610837 0.2883450 0.2644266 0.1788630 0.2585207 0.2332267 1.0354313 0.3739231 0.1767695 0.4121353 0.2682504 0.2414887 0.1614823 0.1498828 0.1517262 0.3821449 0.1386836 0.2204612 0.2852925 0.1404622 0.1564723 0.1476707 0.2993899 0.1475056 0.1404548 0.4482049 0.0652094 0.1456927 0.2929576 0.1682072 0.1155323 0.1492610 0.4372119 0.2466555 0.1321601 0.1597447 0.0145830 0.1496269 0.2912720 0.1957310 0.2282012 0.1895522 0.3380016 0.1316813 0.2271814 0.3913386 0.1457148 0.1509632 0.0205040 0.2381318 0.3169921 0.1458248 0.1497389 0.1826499 0.1544598 0.2644966 0.1165082 0.1150694 
Perityle_batopilensis_97                   0.1849648 0.0838459 0.4196475 0.2534407 0.3765911 0.2321872 0.7183848 0.1925470 0.1942279 0.0860956 0.3407189 0.0807832 0.1650260 0.0000000 0.2657136 0.2461670 0.2276667 0.0834884 0.2194096 0.0789730 0.0366556 0.0768917 0.0953915 0.3399991 0.2060886 0.0908923 0.2541930 0.3092907 0.1560720 0.2514954 0.1806647 0.9819253 0.3269794 0.1003424 0.3472230 0.2935420 0.1904007 0.0226669 0.0837491 0.0878967 0.2854285 0.0805947 0.2423710 0.2448832 0.0870877 0.0891477 0.1012451 0.2852174 0.0914270 0.0781112 0.4983072 0.0585863 0.1302164 0.2654550 0.1010668 0.0510764 0.0862800 0.4721371 0.1969103 0.1430163 0.1679054 0.0492302 0.0850165 0.2583551 0.2037076 0.1635973 0.2029538 0.2513818 0.0851731 0.2169067 0.3479562 0.0661747 0.0857657 0.0524397 0.1796130 0.3250191 0.0793916 0.0844874 0.1621626 0.0862299 0.2462753 0.1331644 0.0588839 
Perityle_bisetosa_9                        0.2682777 0.1775406 0.1549500 0.2681246 0.1085731 0.2690622 0.7343378 0.2800086 0.2678203 0.2414421 0.0595451 0.2439616 0.2575743 0.2657136 0.0000000 0.2636745 0.2701868 0.2418836 0.3273998 0.2368528 0.1670074 0.2417154 0.2528296 0.0593978 0.2602147 0.2503246 0.3130852 0.1602270 0.1673890 0.2901745 0.2770127 0.0000010 0.0323362 0.2385834 0.1105248 0.0420463 0.2741768 0.2598561 0.2536543 0.2494877 0.1084516 0.2503855 0.0876822 0.2722633 0.2493251 0.2641346 0.2532719 0.1028035 0.2573142 0.2415595 0.2254190 0.2542432 0.2467386 0.2717643 0.2204200 0.2350718 0.2526942 0.0591276 0.2972114 0.2260175 0.2222018 0.1544079 0.2531580 0.3096870 0.2570393 0.2760250 0.0732481 0.0491140 0.2472458 0.2536793 0.0715415 0.2641188 0.2504799 0.2003748 0.2804336 0.2987038 0.2466576 0.2497449 0.2852933 0.2552626 0.2781910 0.2689637 0.2248907 
Perityle_californica_76_positas            0.2343068 0.1068124 0.4572396 0.2909372 0.4271395 0.3128954 0.8199599 0.2338208 0.2893627 0.2241727 0.3637269 0.2236259 0.2479540 0.2461670 0.2636745 0.0000000 0.2496749 0.2265027 0.3313617 0.2287779 0.0970113 0.2224338 0.2039060 0.3590445 0.2993011 0.1988576 0.2789543 0.3130467 0.1565555 0.0776780 0.2186807 8.9999987 0.3401996 0.2359315 0.4244152 0.2833501 0.2213864 0.2400983 0.2250297 0.2248237 0.3506194 0.2246541 0.2365937 0.3022419 0.2280828 0.2278263 0.2434456 0.3179501 0.2332873 0.2218011 0.4698505 0.1218281 0.2233172 0.2921627 0.2253399 0.1745089 0.2218450 0.4591714 0.2206718 0.1222435 0.1817860 0.0836086 0.2228854 0.2959209 0.2920710 0.2730598 0.1869666 0.3499432 0.2003411 0.2430107 0.3668462 0.2047238 0.2285430 0.1072101 0.2790459 0.3374363 0.2176946 0.2236472 0.1500179 0.2238105 0.0668954 0.1357011 0.1518823 
Perityle_canescens_77                      0.1913562 0.1183687 0.4671064 0.2422169 0.3574734 0.2678582 0.7600865 0.1994099 0.2578381 0.1839253 0.3613421 0.1782487 0.2600598 0.2276667 0.2701868 0.2496749 0.0000000 0.1799994 0.3019666 0.1829249 0.1075294 0.1803779 0.1879808 0.3620705 0.3112058 0.1612801 0.1684892 0.1704303 0.0955219 0.2498005 0.1563759 0.9819253 0.3526213 0.1984678 0.3415573 0.3045545 0.1000959 0.2253639 0.1809526 0.1848115 0.2997102 0.1765255 0.2147343 0.1297776 0.1836048 0.1837681 0.1962751 0.2853314 0.1872926 0.1726686 0.4532042 0.1461298 0.1815497 0.2164407 0.1695670 0.1797495 0.1856661 0.4107346 0.1424910 0.0686009 0.1478093 0.1098683 0.1843821 0.2045444 0.3034579 0.2206272 0.2187024 0.2980144 0.1785693 0.1773038 0.3709227 0.1929233 0.1838971 0.1371020 0.2305305 0.2660515 0.1741106 0.1868262 0.0936269 0.1894410 0.2497229 0.1265115 0.1699914 
Perityle_castillonii_96                    0.1366569 0.0523265 0.3883499 0.1790626 0.3164443 0.1529431 0.7089834 0.1487578 0.1768282 0.0211158 0.3217189 0.0184634 0.1438470 0.0834884 0.2418836 0.2265027 0.1799994 0.0000000 0.1959488 0.0220607 0.0056260 0.0171587 0.0275204 0.3174783 0.1808019 0.0460295 0.2636609 0.2381956 0.1452652 0.2232962 0.1403489 0.9819253 0.3124538 0.0716038 0.3059645 0.2670937 0.1894299 0.0818485 0.0238897 0.0266264 0.2656579 0.0292456 0.2109983 0.2169271 0.0227225 0.0251825 0.0317857 0.2654760 0.0277889 0.0158038 0.4468421 0.0354878 0.0332711 0.2565501 0.0399557 0.0423094 0.0251748 0.4010890 0.1913602 0.1296014 0.1556163 0.0144362 0.0225247 0.2635070 0.1766240 0.0931883 0.1813064 0.2281255 0.0247335 0.1802163 0.3263620 0.0399476 0.0238438 0.0275047 0.1002349 0.2996290 0.0157897 0.0198793 0.1576843 0.0265128 0.2320215 0.1109420 0.0386408 
Perityle_cernua_84                         0.2619997 0.2300372 0.4302439 0.3414593 0.4106835 0.2771603 0.7712927 0.2674601 0.2343463 0.1857615 0.3763920 0.1825281 0.2550871 0.2194096 0.3273998 0.3313617 0.3019666 0.1959488 0.0000000 0.2308709 0.2854331 0.1794341 0.2138254 0.3703266 0.2382700 0.1901378 0.3073787 0.3924754 0.3310049 0.3007579 0.2648571 0.9819253 0.3566272 0.2161775 0.4245295 0.2826550 0.2703636 0.2176070 0.1901381 0.1866025 0.3841097 0.2166827 0.3360291 0.3177056 0.1848094 0.1950573 0.2398198 0.3817713 0.1977893 0.1791925 0.5424922 0.1480033 0.2449717 0.3463307 0.2733004 0.1764939 0.1946375 0.4391380 0.2763513 0.1406904 0.2851159 0.1892841 0.1881677 0.2994338 0.2336889 0.2576890 0.2510578 0.3736261 0.1816626 0.2336353 0.3707927 0.2059700 0.1845666 0.1702593 0.2665441 0.3375518 0.1807070 0.1833763 0.3026722 0.1944921 0.3129565 0.2393262 0.2013801 
Perityle_cfvillosa_25_tin                  0.1175847 0.0755935 0.4117462 0.1833027 0.3201215 0.1609810 0.7134351 0.1337952 0.1877350 0.0249655 0.3537405 0.0202546 0.1280972 0.0789730 0.2368528 0.2287779 0.1829249 0.0220607 0.2308709 0.0000000 0.0138852 0.0171324 0.0194918 0.3453988 0.2066200 0.0498777 0.2897958 0.2299200 0.1518997 0.2441921 0.1614116 0.9819253 0.3411625 0.0694191 0.3111739 0.2702801 0.2074257 0.0824265 0.0171307 0.0234601 0.2835342 0.0187619 0.2284101 0.2259957 0.0218272 0.0108356 0.0077291 0.2897325 0.0265671 0.0139561 0.3849637 0.0513908 0.0265609 0.2803869 0.0460733 0.0457385 0.0015380 0.3902319 0.2153507 0.1559131 0.1645316 0.0314977 0.0218742 0.2976079 0.2035749 0.0800441 0.1971175 0.2300268 0.0261376 0.1957248 0.3593550 0.0310410 0.0268801 0.0295722 0.0915084 0.3157855 0.0202632 0.0205440 0.1588278 0.0046224 0.2439503 0.1241846 0.0442880 
Perityle_cinerea_113_Powell1310            0.0553386 0.0558817 0.2454909 0.1430434 0.2628575 0.1702495 0.6649374 0.0740405 0.0738798 0.0083081 0.2631921 0.0139034 0.0591811 0.0366556 0.1670074 0.0970113 0.1075294 0.0056260 0.2854331 0.0138852 0.0000000 0.0139309 0.0195334 0.2517493 0.1039223 0.0425109 0.1335186 0.0812201 0.0784598 0.1203834 0.1124954 0.0000010 0.2853605 0.0446691 0.2536706 0.1491448 0.1227898 0.0338247 0.0196250 0.0167687 0.2497992 0.0223085 0.2100956 0.1314337 0.0167048 0.0223513 0.0223570 0.2326552 0.0194944 0.0055341 0.3333065 0.0374051 0.0055319 0.0975793 0.0324968 0.0384367 0.0138852 0.2549159 0.1419055 0.1193197 0.1390744 0.0139829 0.0168084 0.1507661 0.1006111 0.0646451 0.1924002 0.2163912 0.0167563 0.0762216 0.2728816 0.0195671 0.0141919 0.0134869 0.0769298 0.1797448 0.0083196 0.0142911 0.1158978 0.0166936 0.1342234 0.0845690 0.0294210 
Perityle_coahuilensis_24                   0.1381029 0.0704075 0.3671906 0.1897693 0.3155526 0.1582090 0.6949910 0.1503884 0.1691846 0.0185760 0.3032233 0.0135951 0.1424447 0.0768917 0.2417154 0.2224338 0.1803779 0.0171587 0.1794341 0.0171324 0.0139309 0.0000000 0.0214741 0.2999450 0.1717387 0.0404473 0.2494535 0.2351209 0.1524809 0.2107292 0.1338927 0.9819253 0.2991572 0.0710568 0.3035005 0.2673285 0.1797065 0.0774403 0.0161415 0.0211967 0.2659693 0.0275520 0.2141745 0.2026056 0.0213309 0.0236772 0.0254183 0.2683296 0.0256013 0.0110984 0.4493830 0.0359979 0.0614761 0.2578147 0.0414810 0.0418731 0.0185960 0.3876507 0.1835576 0.1349865 0.1531204 0.0199503 0.0173785 0.2507872 0.1678932 0.0933867 0.1864768 0.2224664 0.0114758 0.1653964 0.3074590 0.0396091 0.0187860 0.0321581 0.1057438 0.2861865 0.0148537 0.0162791 0.1628493 0.0185861 0.2171117 0.1167759 0.0382007 
Perityle_cochisensis_44_cave_creek         0.1513413 0.0756344 0.3807829 0.1828857 0.3156905 0.1696492 0.7055437 0.1644009 0.1614195 0.0286750 0.3373878 0.0228898 0.1366573 0.0953915 0.2528296 0.2039060 0.1879808 0.0275204 0.2138254 0.0194918 0.0195334 0.0214741 0.0000000 0.3326590 0.1848944 0.0494150 0.2612179 0.2160793 0.1630128 0.2183074 0.1466580 0.0000010 0.3277448 0.0836145 0.3210096 0.2859220 0.1959242 0.0923222 0.0273560 0.0273657 0.2861099 0.0286000 0.2319150 0.2219903 0.0276042 0.0273057 0.0280201 0.2928001 0.0272180 0.0228856 0.4274017 0.0485733 0.0272122 0.2522846 0.0487559 0.0525729 0.0243639 0.3867304 0.2005838 0.1474942 0.1646284 0.0286264 0.0258396 0.2627287 0.1825935 0.1027178 0.2088416 0.2446397 0.0200037 0.1722979 0.3364448 0.0478240 0.0230965 0.0398981 0.1136401 0.2742568 0.0258124 0.0246601 0.1619357 0.0258108 0.2254771 0.1211491 0.0514405 
Perityle_congesta_202                      0.2848865 0.2052010 0.2323000 0.3674603 0.2167514 0.3615455 0.7636307 0.3062876 0.3528735 0.3058574 0.0190199 0.3040745 0.3838221 0.3399991 0.0593978 0.3590445 0.3620705 0.3174783 0.3703266 0.3453988 0.2517493 0.2999450 0.3326590 0.0000000 0.3646250 0.3060904 0.3628312 0.3042127 0.2991946 0.3631342 0.3332708 1.4388013 0.1253007 0.3580667 0.1856028 0.0604324 0.3229710 0.3358412 0.3127494 0.3160186 0.1745642 0.3439404 0.0737169 0.3438432 0.3106391 0.3266475 0.3543163 0.1396949 0.3244866 0.3019001 0.3279138 0.2765398 0.3782191 0.3479066 0.3168109 0.3339051 0.3138209 0.1635805 0.3171157 0.1849771 0.2532060 0.1665447 0.3140878 0.3640761 0.3532399 0.3376700 0.0703606 0.1306044 0.3021857 0.3098934 0.0254863 0.3533016 0.3186071 0.2189572 0.3626974 0.3414270 0.3093912 0.3147445 0.3283210 0.3090533 0.3515287 0.2643392 0.3073514 
Perityle_cordifolia_27                     0.2098500 0.0843000 0.4690402 0.2973721 0.4352370 0.2884348 0.8065737 0.2230978 0.2310752 0.1713039 0.3683220 0.1649581 0.2081609 0.2060886 0.2602147 0.2993011 0.3112058 0.1808019 0.2382700 0.2066200 0.1039223 0.1717387 0.1848944 0.3646250 0.0000000 0.1492291 0.3166600 0.3999012 0.2501293 0.2704059 0.2172935 1.0088316 0.3394843 0.1965508 0.4140569 0.2862632 0.2397550 0.2034357 0.1749877 0.1720786 0.3664038 0.1911210 0.2503349 0.2997072 0.1749175 0.1843141 0.2218292 0.2972650 0.1831061 0.1667392 0.4968742 0.0169755 0.2260181 0.3064318 0.2071654 0.1714701 0.1823716 0.4813892 0.2369118 0.1427542 0.1756372 0.0170424 0.1686166 0.3077311 0.0225004 0.2531106 0.2142497 0.3952291 0.1585738 0.2402198 0.3728691 0.1684293 0.1763464 0.0550506 0.2695372 0.3442427 0.1684528 0.1751885 0.2127814 0.1790138 0.2771851 0.1214077 0.1652334 
Perityle_cordifolia_68_tecolote            0.1414354 0.0701784 0.3419978 0.1870373 0.3163828 0.1769705 0.6928795 0.1537920 0.1609319 0.0456793 0.3094267 0.0389859 0.1610837 0.0908923 0.2503246 0.1988576 0.1612801 0.0460295 0.1901378 0.0498777 0.0425109 0.0404473 0.0494150 0.3060904 0.1492291 0.0000000 0.2241731 0.2064200 0.1305773 0.2091131 0.1453962 0.9819253 0.3031188 0.0839095 0.3226734 0.2655415 0.1598801 0.0890082 0.0431936 0.0459272 0.2825244 0.0537000 0.2360183 0.1923358 0.0475884 0.0526193 0.0606923 0.2728558 0.0540006 0.0403988 0.4539511 0.0473938 0.0919540 0.2268788 0.0261951 0.0580055 0.0498237 0.3673861 0.1754063 0.1310570 0.1476091 0.0404078 0.0444841 0.2255943 0.1489053 0.1096964 0.2034559 0.2399909 0.0413610 0.1505394 0.3137058 0.0721306 0.0475931 0.0487441 0.1220556 0.2658124 0.0403503 0.0449166 0.1600664 0.0497950 0.1962106 0.1071822 0.0600756 
Perityle_coronopifolia_28_patagonia        0.2575124 0.1655421 0.4435500 0.3237818 0.4575357 0.3436832 0.7638076 0.2688718 0.2755822 0.2525674 0.3642958 0.2560910 0.2883450 0.2541930 0.3130852 0.2789543 0.1684892 0.2636609 0.3073787 0.2897958 0.1335186 0.2494535 0.2612179 0.3628312 0.3166600 0.2241731 0.0000000 0.2596574 0.1341173 0.2640620 0.2238204 0.0000010 0.3490753 0.2795687 0.4325928 0.2977255 0.1243940 0.2552167 0.2589970 0.2595098 0.3798246 0.2731146 0.2895235 0.1729271 0.2495231 0.2584389 0.2940136 0.3281322 0.2655416 0.2450015 0.5165949 0.1763591 0.3127341 0.1400721 0.2582800 0.2287008 0.2599322 0.4858374 0.1201437 0.1017566 0.1651344 0.1257214 0.2566810 0.0712417 0.3115704 0.3140455 0.2519957 0.4151661 0.2343655 0.2314856 0.3643352 0.2438590 0.2613526 0.1763222 0.3354759 0.2736026 0.2580392 0.2619310 0.0462534 0.2579076 0.2725731 0.1367166 0.2129993 
Perityle_crassifolia_70_ventanas           0.1787175 0.0621037 0.4367986 0.2408875 0.3508762 0.3306830 0.7571934 0.1982029 0.2717925 0.2378209 0.3169989 0.2381916 0.2644266 0.3092907 0.1602270 0.3130467 0.1704303 0.2381956 0.3924754 0.2299200 0.0812201 0.2351209 0.2160793 0.3042127 0.3999012 0.2064200 0.2596574 0.0000000 0.0145217 0.3572987 0.1904443 0.0000010 0.3298927 0.2695784 0.3836639 0.1405517 0.1533456 0.3028333 0.2485262 0.2358891 0.3164942 0.2316313 0.2048347 0.1793253 0.2379013 0.2410330 0.2477231 0.2346363 0.2411016 0.2289123 0.3606513 0.1058912 0.2315529 0.2098948 0.2058725 0.1774688 0.2379346 0.4571488 0.1436965 0.0742225 0.1442182 0.0617126 0.2454106 0.2627657 0.3775495 0.2246779 0.1802471 0.3729672 0.2071269 0.0210483 0.3217467 0.2324398 0.2415850 0.0734371 0.2388567 0.3394303 0.2316243 0.2468810 0.1075064 0.2411137 0.3629776 0.0650182 0.1633279 
Perityle_crassifolia_74_playa_balandra     0.1027687 0.0523529 0.3297769 0.1189745 0.2837347 0.2402730 0.6761757 0.1193570 0.1561237 0.1486374 0.3072453 0.1521317 0.1788630 0.1560720 0.1673890 0.1565555 0.0955219 0.1452652 0.3310049 0.1518997 0.0784598 0.1524809 0.1630128 0.2991946 0.2501293 0.1305773 0.1341173 0.0145217 0.0000000 0.1917997 0.1501684 0.0000010 0.3068366 0.1482864 0.2943153 0.1430681 0.1167236 0.1492096 0.1599952 0.1494620 0.2843784 0.1591254 0.2124905 0.1254431 0.1481472 0.1553352 0.1626267 0.2468691 0.1483960 0.1417911 0.3624955 0.1029573 0.1451207 0.1020693 0.1304334 0.1476202 0.1518997 0.3084574 0.1304740 0.0693185 0.1366375 0.0538167 0.1565565 0.1448505 0.2334600 0.1549926 0.1828816 0.3267363 0.1528990 0.0293328 0.3184804 0.1557569 0.1563802 0.0546522 0.1689306 0.2566592 0.1416894 0.1540814 0.1046368 0.1554103 0.2039766 0.0578059 0.1440643 
Perityle_cuneata_34_cuneata_San_antonio    0.2365307 0.1123828 0.4655619 0.2945533 0.4583628 0.3201130 0.7863675 0.2411327 0.2685560 0.2135297 0.3670108 0.2147634 0.2585207 0.2514954 0.2901745 0.0776780 0.2498005 0.2232962 0.3007579 0.2441921 0.1203834 0.2107292 0.2183074 0.3631342 0.2704059 0.2091131 0.2640620 0.3572987 0.1917997 0.0000000 0.1913198 1.4199141 0.3515654 0.2466671 0.4308269 0.2839125 0.1964249 0.2519837 0.2143279 0.2178162 0.3729694 0.2349955 0.2467606 0.2688016 0.2174315 0.2242674 0.2582007 0.3190377 0.2275696 0.2136696 0.5002670 0.1125541 0.2703722 0.2750235 0.2428819 0.2006080 0.2171590 0.4601294 0.2047735 0.1092384 0.1786336 0.0834131 0.2142061 0.2728054 0.2604896 0.2692554 0.1924126 0.3795005 0.1902343 0.2474040 0.3751451 0.2063426 0.2160600 0.1151209 0.2935399 0.3160459 0.2132267 0.2114456 0.1629693 0.2153811 0.0837517 0.1375783 0.1646938 
Perityle_cuneata_4                         0.1554122 0.0985286 0.3867632 0.2577549 0.3360893 0.2089570 0.6897521 0.1638886 0.1943483 0.1366345 0.3345136 0.1287118 0.2332267 0.1806647 0.2770127 0.2186807 0.1563759 0.1403489 0.2648571 0.1614116 0.1124954 0.1338927 0.1466580 0.3332708 0.2172935 0.1453962 0.2238204 0.1904443 0.1501684 0.1913198 0.0000000 0.9819253 0.3250790 0.1434924 0.3206634 0.2858974 0.1362181 0.1792257 0.1372377 0.1371550 0.2892354 0.1550868 0.2154199 0.1417470 0.1365633 0.1417299 0.1646244 0.2736515 0.1460810 0.1290408 0.4527099 0.1233723 0.1888375 0.2151846 0.1712172 0.1487192 0.1401583 0.3399122 0.1545037 0.1098466 0.1706546 0.0831167 0.1370764 0.2100968 0.2074293 0.1797297 0.2134649 0.2432702 0.1320751 0.1766501 0.3460734 0.1555460 0.1346110 0.1251122 0.1990141 0.2524265 0.1288356 0.1399459 0.1733335 0.1400623 0.1987841 0.1140731 0.1291000 
Perityle_discoidea_81                      0.9819253 0.0000010 0.3950022 2.0308863 2.0308863 1.4388013 2.0308863 0.9819253 0.9819253 0.9819253 1.4388013 0.9819253 1.0354313 0.9819253 0.0000010 8.9999987 0.9819253 0.9819253 0.9819253 0.9819253 0.0000010 0.9819253 0.0000010 1.4388013 1.0088316 0.9819253 0.0000010 0.0000010 0.0000010 1.4199141 0.9819253 0.0000000 3.8257402 0.9819253 2.0308863 0.0000010 0.9819253 0.9819253 0.9819253 0.9819253 0.9819253 0.9819253 0.0000010 0.9819253 0.9819253 0.9819253 0.9819253 0.0000010 0.9819253 0.9819253 0.0000010 0.0000010 0.9819253 0.0000010 0.9819253 0.0000010 0.9819253 0.3698467 0.0000010 0.0000010 0.0000010 0.0000010 0.9819253 0.0000010 1.0088316 0.9819253 0.0000010 0.9819253 0.0000010 0.0000010 1.4388013 0.9819253 0.9819253 0.0000010 0.9819253 3.8257402 0.9819253 0.9819253 0.0000010 0.9819253 3.3855136 0.0000010 0.0000010 
Perityle_dissecta_201                      0.2837764 0.2104128 0.2420009 0.3389644 0.1822678 0.3351009 0.7666432 0.3043972 0.3519024 0.3008753 0.1294685 0.2987237 0.3739231 0.3269794 0.0323362 0.3401996 0.3526213 0.3124538 0.3566272 0.3411625 0.2853605 0.2991572 0.3277448 0.1253007 0.3394843 0.3031188 0.3490753 0.3298927 0.3068366 0.3515654 0.3250790 3.8257402 0.0000000 0.3336120 0.1864585 0.0459335 0.3266971 0.3249116 0.3065578 0.3079909 0.1780498 0.3411893 0.0777745 0.3515288 0.3078129 0.3187578 0.3506931 0.1382874 0.3216074 0.2965892 0.3195222 0.2634509 0.3765110 0.3523817 0.3410118 0.3139196 0.3103882 0.1811812 0.3337340 0.2370592 0.2765350 0.1682963 0.3063185 0.3584538 0.3415256 0.3242056 0.0473635 0.1439481 0.2951537 0.3014792 0.1314168 0.3500750 0.3081523 0.2147007 0.3327490 0.3466145 0.3060823 0.3041314 0.3089747 0.3101919 0.3350941 0.2744510 0.3132209 
Perityle_emoryi_47_punta_san_jose          0.1523963 0.0592668 0.4170289 0.2051084 0.3591571 0.1812802 0.7528621 0.1672482 0.1918158 0.0771794 0.3632588 0.0726072 0.1767695 0.1003424 0.2385834 0.2359315 0.1984678 0.0716038 0.2161775 0.0694191 0.0446691 0.0710568 0.0836145 0.3580667 0.1965508 0.0839095 0.2795687 0.2695784 0.1482864 0.2466671 0.1434924 0.9819253 0.3336120 0.0000000 0.3470368 0.2790817 0.1834296 0.1018805 0.0726664 0.0807067 0.2901397 0.0749270 0.2440242 0.2377468 0.0792195 0.0788137 0.0869045 0.2978182 0.0801072 0.0694483 0.4259831 0.0485499 0.0739914 0.2802484 0.0989151 0.0343654 0.0756655 0.4305291 0.2059527 0.1394273 0.1427757 0.0417348 0.0710739 0.2804120 0.1994643 0.1260080 0.2102844 0.2486570 0.0821635 0.2006660 0.3712177 0.0649975 0.0795857 0.0440914 0.1300497 0.3495292 0.0694779 0.0767336 0.1654471 0.0787725 0.2444557 0.1102750 0.0279759 
Perityle_feddemae_99                       0.3352562 0.2259780 0.3034994 0.3732929 0.2373202 0.3789273 0.8091247 0.3533504 0.3903417 0.3073308 0.1885197 0.3074928 0.4121353 0.3472230 0.1105248 0.4244152 0.3415573 0.3059645 0.4245295 0.3111739 0.2536706 0.3035005 0.3210096 0.1856028 0.4140569 0.3226734 0.4325928 0.3836639 0.2943153 0.4308269 0.3206634 2.0308863 0.1864585 0.3470368 0.0000000 0.0942029 0.3397911 0.3505587 0.3170069 0.3116462 0.0281925 0.3215534 0.0214358 0.3688805 0.3165143 0.3328118 0.3343476 0.0419724 0.3150233 0.3033511 0.3695477 0.2957164 0.3554634 0.4017599 0.3082921 0.3230127 0.3143143 0.2784310 0.3026054 0.2497912 0.3124755 0.2226014 0.3146638 0.4445125 0.4092930 0.3376226 0.0775933 0.1019942 0.3105396 0.3699275 0.1879749 0.3273917 0.3135913 0.2628330 0.3660525 0.4267286 0.3142331 0.3147681 0.3238993 0.3182863 0.4172401 0.2989348 0.3267080 
Perityle_fosteri_93                        0.2622860 0.1648632 0.1518031 0.2656582 0.0953547 0.2427267 0.6309787 0.2777833 0.2937135 0.2675674 0.0606322 0.2669227 0.2682504 0.2935420 0.0420463 0.2833501 0.3045545 0.2670937 0.2826550 0.2702801 0.1491448 0.2673285 0.2859220 0.0604324 0.2862632 0.2655415 0.2977255 0.1405517 0.1430681 0.2839125 0.2858974 0.0000010 0.0459335 0.2790817 0.0942029 0.0000000 0.2790979 0.2853805 0.2717667 0.2707043 0.0942213 0.2937296 0.0652216 0.2841247 0.2821114 0.2937296 0.2859583 0.0863278 0.2854855 0.2670937 0.1187952 0.2823120 0.2783841 0.2806140 0.2181663 0.2724700 0.2784748 0.0547317 0.2690758 0.2006385 0.2152448 0.1545130 0.2748940 0.2986394 0.2820983 0.2952566 0.0825045 0.0452495 0.2708024 0.2770697 0.0578122 0.2820695 0.2743791 0.2106101 0.3057981 0.3029108 0.2747325 0.2748719 0.2994857 0.2784748 0.2715070 0.2814384 0.2439370 
Perityle_gamon_221                         0.2057502 0.1168069 0.4003399 0.2459338 0.3710980 0.2678487 0.7138011 0.2113853 0.2071537 0.1776087 0.3292680 0.1810082 0.2414887 0.1904007 0.2741768 0.2213864 0.1000959 0.1894299 0.2703636 0.2074257 0.1227898 0.1797065 0.1959242 0.3229710 0.2397550 0.1598801 0.1243940 0.1533456 0.1167236 0.1964249 0.1362181 0.9819253 0.3266971 0.1834296 0.3397911 0.2790979 0.0000000 0.1890363 0.1778435 0.1859711 0.3262056 0.1998702 0.2456907 0.0164209 0.1811180 0.1871202 0.2118237 0.3066153 0.1901380 0.1793575 0.4659916 0.1560380 0.2389041 0.1222649 0.1618927 0.2004956 0.1887197 0.3616318 0.1224656 0.0967589 0.1371451 0.1006145 0.1793059 0.1198111 0.2327849 0.2260976 0.2309777 0.3310961 0.1766352 0.1649151 0.3381542 0.2003317 0.1892694 0.1458051 0.2448875 0.2268165 0.1867160 0.1877871 0.1395194 0.1867355 0.2096974 0.1057152 0.1838921 
Perityle_gentryi_8_san_francisco           0.1817972 0.0784745 0.4114080 0.2515771 0.3688970 0.2312112 0.7340945 0.1899530 0.1952321 0.0868700 0.3365723 0.0814268 0.1614823 0.0226669 0.2598561 0.2400983 0.2253639 0.0818485 0.2176070 0.0824265 0.0338247 0.0774403 0.0923222 0.3358412 0.2034357 0.0890082 0.2552167 0.3028333 0.1492096 0.2519837 0.1792257 0.9819253 0.3249116 0.1018805 0.3505587 0.2853805 0.1890363 0.0000000 0.0830903 0.0901633 0.2890277 0.0821195 0.2356374 0.2470562 0.0878959 0.0885552 0.1046439 0.2846389 0.0899126 0.0786890 0.5041212 0.0537008 0.1126288 0.2601737 0.0990323 0.0567950 0.0870607 0.4661996 0.1919790 0.1387778 0.1589516 0.0433603 0.0857665 0.2553362 0.2010144 0.1594292 0.2026075 0.2509385 0.0846109 0.2164040 0.3440088 0.0675815 0.0865410 0.0473710 0.1759527 0.3240711 0.0771893 0.0838080 0.1625837 0.0870089 0.2411707 0.1260257 0.0632196 
Perityle_gilensis_22_Superstition          0.1382173 0.0677789 0.3792374 0.1882077 0.3248954 0.1564334 0.7019375 0.1505126 0.1758748 0.0198492 0.3161280 0.0198769 0.1498828 0.0837491 0.2536543 0.2250297 0.1809526 0.0238897 0.1901381 0.0171307 0.0196250 0.0161415 0.0273560 0.3127494 0.1749877 0.0431936 0.2589970 0.2485262 0.1599952 0.2143279 0.1372377 0.9819253 0.3065578 0.0726664 0.3170069 0.2717667 0.1778435 0.0830903 0.0000000 0.0224655 0.2754889 0.0290736 0.2222815 0.2063835 0.0277496 0.0275270 0.0269338 0.2768531 0.0321733 0.0173697 0.4471715 0.0409069 0.0682480 0.2660439 0.0396410 0.0399463 0.0224053 0.3950674 0.1880266 0.1390136 0.1570573 0.0228931 0.0161094 0.2608763 0.1728409 0.0935317 0.1916916 0.2310689 0.0232103 0.1723731 0.3204267 0.0426001 0.0251793 0.0347180 0.1042985 0.2867494 0.0224107 0.0200979 0.1681808 0.0223933 0.2191159 0.1171180 0.0381680 
Perityle_gilensis_salensis_225             0.1364804 0.0622043 0.3815976 0.1815784 0.3128628 0.1580405 0.6942837 0.1487451 0.1724376 0.0249158 0.3194089 0.0198923 0.1517262 0.0878967 0.2494877 0.2248237 0.1848115 0.0266264 0.1866025 0.0234601 0.0167687 0.0211967 0.0273657 0.3160186 0.1720786 0.0459272 0.2595098 0.2358891 0.1494620 0.2178162 0.1371550 0.9819253 0.3079909 0.0807067 0.3116462 0.2707043 0.1859711 0.0901633 0.0224655 0.0000000 0.2723143 0.0290570 0.2182190 0.2099042 0.0303615 0.0326706 0.0315258 0.2732131 0.0295590 0.0199083 0.4492347 0.0360195 0.0683074 0.2664031 0.0492632 0.0457007 0.0274999 0.3788575 0.1900550 0.1349249 0.1529356 0.0141898 0.0237261 0.2631431 0.1682227 0.1024423 0.1919539 0.2307002 0.0219234 0.1709895 0.3237059 0.0470557 0.0251992 0.0271097 0.1123368 0.2866230 0.0249730 0.0226761 0.1654802 0.0274851 0.2242819 0.1193141 0.0424024 
Perityle_glaucescens_94                    0.2815011 0.2164731 0.2664584 0.3100756 0.1996408 0.3346396 0.7739842 0.2973624 0.3471957 0.2679164 0.1774435 0.2680565 0.3821449 0.2854285 0.1084516 0.3506194 0.2997102 0.2656579 0.3841097 0.2835342 0.2497992 0.2659693 0.2861099 0.1745642 0.3664038 0.2825244 0.3798246 0.3164942 0.2843784 0.3729694 0.2892354 0.9819253 0.1780498 0.2901397 0.0281925 0.0942213 0.3262056 0.2890277 0.2754889 0.2723143 0.0000000 0.2953853 0.0160467 0.3147925 0.2790099 0.2960216 0.2940274 0.0308030 0.2770184 0.2660227 0.3424258 0.2855977 0.3295754 0.3590335 0.2750650 0.3050691 0.2772095 0.2404764 0.2899964 0.2506252 0.3008884 0.2228878 0.2753012 0.3933341 0.3592348 0.3038667 0.0777107 0.0939425 0.2718546 0.3192677 0.1769278 0.3095612 0.2761064 0.2523173 0.3247655 0.3848028 0.2751539 0.2749325 0.3216876 0.2813127 0.3618958 0.2900423 0.3073513 
Perityle_gracilis_11                       0.1288404 0.0810819 0.4037281 0.1956246 0.3268131 0.1675157 0.7187620 0.1382868 0.1807671 0.0348618 0.3487311 0.0274929 0.1386836 0.0805947 0.2503855 0.2246541 0.1765255 0.0292456 0.2166827 0.0187619 0.0223085 0.0275520 0.0286000 0.3439404 0.1911210 0.0537000 0.2731146 0.2316313 0.1591254 0.2349955 0.1550868 0.9819253 0.3411893 0.0749270 0.3215534 0.2937296 0.1998702 0.0821195 0.0290736 0.0290570 0.2953853 0.0000000 0.2395324 0.2100696 0.0319329 0.0100197 0.0198496 0.3070504 0.0274343 0.0289763 0.4173700 0.0517879 0.0289307 0.2749599 0.0522881 0.0530885 0.0187076 0.3929326 0.2098912 0.1515662 0.1676387 0.0314584 0.0319967 0.2821277 0.1884403 0.0884664 0.2028448 0.2381771 0.0332626 0.1792529 0.3537846 0.0391954 0.0337392 0.0345936 0.1009681 0.3083244 0.0275041 0.0308668 0.1585682 0.0216224 0.2347122 0.1260136 0.0484681 
Perityle_harkerae_31                       0.2080550 0.2151391 0.1699402 0.2369992 0.1173154 0.2503166 0.7147435 0.2189006 0.2486479 0.2178949 0.0740039 0.2179015 0.2204612 0.2423710 0.0876822 0.2365937 0.2147343 0.2109983 0.3360291 0.2284101 0.2100956 0.2141745 0.2319150 0.0737169 0.2503349 0.2360183 0.2895235 0.2048347 0.2124905 0.2467606 0.2154199 0.0000010 0.0777745 0.2440242 0.0214358 0.0652216 0.2456907 0.2356374 0.2222815 0.2182190 0.0160467 0.2395324 0.0000000 0.2435554 0.2396686 0.2434349 0.2326708 0.0297119 0.2318889 0.2146097 0.1902961 0.2353283 0.2285110 0.2387236 0.2417512 0.2435802 0.2284101 0.0811083 0.2586145 0.2472367 0.2722363 0.2179034 0.2335325 0.2854485 0.2390661 0.2284706 0.0725012 0.0782405 0.2212626 0.2143002 0.0841245 0.2396113 0.2221954 0.2331771 0.2378329 0.2393236 0.2216780 0.2208513 0.2857226 0.2284101 0.2321046 0.2522470 0.2521154 
Perityle_hofmeisteria_4_nombre_de_dios     0.2189056 0.1199517 0.4601403 0.2818963 0.3784726 0.2746932 0.7597274 0.2295733 0.2620986 0.2055403 0.3477038 0.2053690 0.2852925 0.2448832 0.2722633 0.3022419 0.1297776 0.2169271 0.3177056 0.2259957 0.1314337 0.2026056 0.2219903 0.3438432 0.2997072 0.1923358 0.1729271 0.1793253 0.1254431 0.2688016 0.1417470 0.9819253 0.3515288 0.2377468 0.3688805 0.2841247 0.0164209 0.2470562 0.2063835 0.2099042 0.3147925 0.2100696 0.2435554 0.0000000 0.2092415 0.2129333 0.2411887 0.2990597 0.2161096 0.2057036 0.4868140 0.1588177 0.2568538 0.1797688 0.1968759 0.2078019 0.2143793 0.4205423 0.1237234 0.0884759 0.1447981 0.0992538 0.2076671 0.1704477 0.2903127 0.2448636 0.2124793 0.3159576 0.2012055 0.1808435 0.3585977 0.2181814 0.2094905 0.1442435 0.2631435 0.2650109 0.2107420 0.2154270 0.1404825 0.2142180 0.2721676 0.1045876 0.1915649 
Perityle_huecosensis_48                    0.1329848 0.0703009 0.3796481 0.1873775 0.3270247 0.1600277 0.6986315 0.1453201 0.1750861 0.0276393 0.3139839 0.0225679 0.1404622 0.0870877 0.2493251 0.2280828 0.1836048 0.0227225 0.1848094 0.0218272 0.0167048 0.0213309 0.0276042 0.3106391 0.1749175 0.0475884 0.2495231 0.2379013 0.1481472 0.2174315 0.1365633 0.9819253 0.3078129 0.0792195 0.3165143 0.2821114 0.1811180 0.0878959 0.0277496 0.0303615 0.2790099 0.0319329 0.2396686 0.2092415 0.0000000 0.0251688 0.0299334 0.2809861 0.0245282 0.0174927 0.4585442 0.0396330 0.0633828 0.2640559 0.0530850 0.0511681 0.0213056 0.4118101 0.1912431 0.1391063 0.1651535 0.0257294 0.0264461 0.2605593 0.1693690 0.0954916 0.2091678 0.2407839 0.0286795 0.1705209 0.3182504 0.0429941 0.0279565 0.0345254 0.1049196 0.2868174 0.0225702 0.0254112 0.1571917 0.0225692 0.2254525 0.1211341 0.0484542 
