82
Amauria_brandeegeana_62                    0.0000000 0.0747739 0.2528073 0.3946670 0.4154025 0.2228927 0.6123288 0.1443479 0.6679110 0.3931933 0.4254371 0.4322469 0.3988213 0.3011227 0.4621050 0.2718168 0.5059160 0.5287912 0.4436958 0.3777111 0.4327287 0.0831511 0.4107796 0.4342749 0.4343646 0.4326730 0.4171854 0.4032865 0.5200214 0.4607149 0.4384796 0.3800479 0.4563898 0.2052069 0.4760554 0.4119597 0.7408744 0.4636139 0.4603266 0.4277146 0.4518320 0.3830328 0.4474439 0.4133107 0.4327162 0.4319221 0.4261565 0.7479989 0.4349161 0.4317287 0.4213850 0.4446398 0.3876180 0.3797307 0.1644520 0.2576552 0.4384130 0.7921110 0.2195404 0.6107814 0.2928697 0.0663872 0.4588799 0.4015037 0.4534709 0.4350032 0.4079909 0.4470387 0.4498284 0.4217354 0.4235703 0.4302067 0.3704893 0.0751716 0.4429374 0.4267043 0.7797956 0.4180684 0.1194360 0.4466201 0.4092336 0.3447117 
Amauria_carterae_99_mesa                   0.0747739 0.0000000 0.0561441 0.1205345 0.0498636 0.1416295 0.3602880 0.0984957 0.3462505 0.0584408 0.0443293 0.0441945 0.0521492 0.0472325 0.0605431 0.0468875 0.1116666 0.3612670 0.0468407 0.0549144 0.0415674 0.0400274 0.0547542 0.0415670 0.0499831 0.0415677 0.0686013 0.0551149 0.3490140 0.0604907 0.0684731 0.0523288 0.0474330 0.0419706 0.0798055 0.0442598 0.3656191 0.0632033 0.0546802 0.0521773 0.0831523 0.0388862 0.0744926 0.0743781 0.0415689 0.0442524 0.0445581 0.3619181 0.0521773 0.0577410 0.0442180 0.0630645 0.0521221 0.0495647 0.0441137 0.0467942 0.0388862 0.3402711 0.0802167 0.3011979 0.0605360 0.0436014 0.0605036 0.0469916 0.0522043 0.0435697 0.1302074 0.0574766 0.0610813 0.0633762 0.0495953 0.0441962 0.0442338 0.0435094 0.0492276 0.0496617 0.3494408 0.0578304 0.0579814 0.0416236 0.0580012 0.0604761 
Amauria_rotundifolia_SRR9119150            0.2528073 0.0561441 0.0000000 0.2960644 0.2357807 0.1823910 0.5746549 0.1663170 0.5969216 0.2593177 0.2736322 0.2946002 0.2186351 0.2832506 0.2614795 0.1365995 0.4949342 0.4487457 0.2434974 0.1874500 0.2474705 0.0973131 0.2308761 0.2440233 0.2519659 0.2607122 0.2734623 0.2869068 0.4901401 0.3154991 0.2883972 0.2650543 0.2530135 0.2419587 0.4345508 0.2532810 0.6876013 0.2587988 0.2577366 0.2538985 0.2955508 0.1898265 0.2804857 0.2968002 0.2312033 0.2488798 0.2501251 0.6479507 0.2493544 0.2345734 0.2614330 0.2696985 0.2068673 0.2582137 0.1517513 0.1246576 0.2486090 0.6812146 0.1405535 0.5456787 0.1904808 0.0531032 0.2759791 0.2702081 0.2544494 0.2622612 0.3337495 0.2573051 0.2599761 0.2831845 0.2482421 0.2468651 0.3094154 0.0948121 0.2658014 0.2545284 0.6811676 0.2412613 0.1061025 0.3537094 0.3053086 0.2637608 
Conoclinium_coelestinum_SRR9119114         0.3946670 0.1205345 0.2960644 0.0000000 0.2938533 0.2847055 0.6615917 0.1748663 0.6496425 0.3259879 0.2993640 0.2962999 0.2765704 0.2946120 0.3067152 0.2129411 0.4958992 0.5464501 0.2986950 0.2661164 0.2885256 0.1374675 0.2824541 0.2904464 0.2849907 0.3090406 0.3415674 0.2973391 0.5622121 0.3126832 0.3200506 0.2951140 0.3100731 0.3997174 0.4159010 0.2878239 0.7460210 0.3108517 0.3134989 0.2960195 0.3256826 0.2642410 0.3069587 0.3237429 0.2759762 0.2893285 0.2906760 0.7052757 0.2870783 0.2892476 0.2984174 0.3235040 0.2750140 0.3166306 0.2148102 0.1944698 0.2865280 0.7559560 0.2052035 0.6070053 0.2440618 0.1198582 0.3342456 0.3096008 0.3145937 0.3571508 0.4099821 0.3009099 0.3008671 0.3103192 0.2857436 0.2884744 0.3353923 0.1434697 0.3611303 0.3214866 0.7379637 0.2980810 0.1634703 0.3391228 0.2971919 0.2857725 
Eutetras_palmeri_63                        0.4154025 0.0498636 0.2357807 0.2938533 0.0000000 0.1954991 0.6525509 0.1350645 0.6219885 0.1718285 0.1253855 0.1692526 0.1238620 0.1112640 0.1305749 0.0792582 0.4130397 0.4765403 0.1052407 0.0850346 0.1117216 0.0490860 0.1168813 0.1084937 0.1319916 0.1251035 0.1421105 0.1531248 0.4884620 0.1687075 0.1611123 0.1554994 0.1186550 0.3525828 0.2702877 0.1215229 0.7014196 0.1170068 0.1596090 0.1207194 0.1299218 0.0906176 0.1351044 0.1712494 0.1193936 0.1108229 0.1056327 0.6542191 0.1026333 0.1012300 0.1226794 0.1396365 0.1041739 0.1344846 0.0976060 0.0759111 0.1072327 0.7034984 0.1085464 0.5829713 0.1239895 0.0400686 0.1928198 0.1334166 0.1198074 0.1932551 0.3529936 0.1132363 0.1281882 0.1359166 0.1005852 0.1039949 0.1476878 0.0568916 0.1834275 0.1258023 0.6884433 0.1268837 0.1039413 0.1972043 0.1555919 0.1034718 
Eutetras_pringlei_149_quer                 0.2228927 0.1416295 0.1823910 0.2847055 0.1954991 0.0000000 0.2415938 0.2477588 0.2316480 0.1640219 0.2031161 0.1926102 0.1979743 0.1914573 0.2142478 0.1970180 0.3919561 0.2219175 0.1995811 0.1916138 0.1860510 0.1892430 0.1892560 0.1860087 0.1982352 0.2004130 0.2397463 0.2063737 0.2353310 0.2120581 0.2200790 0.2032421 0.1965777 0.2187865 0.2088997 0.1918041 0.2168307 0.2079369 0.2007742 0.1809702 0.2051535 0.1860681 0.1983520 0.2126383 0.1257229 0.1917866 0.1903621 0.2312286 0.1914531 0.2002796 0.1895884 0.1925938 0.1866308 0.2093095 0.2000808 0.1971602 0.1860337 0.2361449 0.2243192 0.1341899 0.2156060 0.1166286 0.2034121 0.2163580 0.1995838 0.1539384 0.0612309 0.2023476 0.2111186 0.2152464 0.1947711 0.1860337 0.1840683 0.1906765 0.1564579 0.1980762 0.2431465 0.1973981 0.2151310 0.1891727 0.2097402 0.2054803 
Eutrochium_fistulosum_SRR9119106           0.6123288 0.3602880 0.5746549 0.6615917 0.6525509 0.2415938 0.0000000 0.4051864 0.2699748 0.5619058 0.6441306 0.6424622 0.6238828 0.5257324 0.6538780 0.5474636 0.6023807 0.1595086 0.6375426 0.5694620 0.6436882 0.3430697 0.6463536 0.6384895 0.6451661 0.6807985 0.6802514 0.6044395 0.1134293 0.6877313 0.6745341 0.5936924 0.6296499 0.5886729 0.6505100 0.6260819 0.2168074 0.6257743 0.6526921 0.6558080 0.6385407 0.5825516 0.6344622 0.6490601 0.6306902 0.6480477 0.6259011 0.2334795 0.6212688 0.6286412 0.6575958 0.6325812 0.5858628 0.6480257 0.4674692 0.4783665 0.6360553 0.2589700 0.4862974 0.3144462 0.5398292 0.3653279 0.6670019 0.6671910 0.6327622 0.5549049 0.4546035 0.6503170 0.6135124 0.6415255 0.6240911 0.6445322 0.6609570 0.3338814 0.5460450 0.6651616 0.2389044 0.6213929 0.4054197 0.6406881 0.6210791 0.6086742 
Galeana_pratensis_104_mex                  0.1443479 0.0984957 0.1663170 0.1748663 0.1350645 0.2477588 0.4051864 0.0000000 0.3863877 0.1602195 0.1204922 0.1341464 0.1281360 0.1175676 0.1451712 0.1335901 0.1474918 0.4520591 0.1344590 0.1288840 0.1254989 0.1029265 0.1390315 0.1229138 0.1456956 0.1256791 0.1539486 0.1466216 0.4505644 0.1537926 0.1452222 0.1436090 0.1353615 0.1390591 0.1541458 0.1256658 0.4573692 0.1474169 0.1304150 0.1364547 0.1524268 0.1231245 0.1546240 0.1571304 0.1185230 0.1203284 0.1183269 0.4255768 0.1334023 0.1422232 0.1340314 0.1279103 0.1286934 0.1367946 0.1194850 0.1197574 0.1201518 0.4275969 0.1489578 0.3376346 0.1553270 0.1234161 0.1370046 0.1319190 0.1308159 0.1435213 0.2440508 0.1444953 0.1378252 0.1552967 0.1311674 0.1201518 0.1338802 0.1096252 0.1528645 0.1404357 0.4193632 0.1315864 0.1413484 0.1230786 0.1387508 0.1373524 
Lycapsus_tenuifolius_17                    0.6679110 0.3462505 0.5969216 0.6496425 0.6219885 0.2316480 0.2699748 0.3863877 0.0000000 0.5925578 0.5896831 0.5935641 0.5847007 0.4533867 0.6426096 0.4932659 0.6155347 0.1014828 0.6010490 0.5591736 0.6020565 0.3609172 0.5840564 0.5822229 0.6219438 0.6225551 0.5883432 0.5596359 0.0836519 0.6395620 0.6124102 0.5515887 0.5956222 0.6561105 0.6823534 0.6019736 0.1643285 0.6121337 0.6190798 0.6049955 0.6000567 0.5560837 0.5905497 0.6021418 0.5916419 0.5994462 0.5951572 0.1717865 0.6033689 0.5943534 0.5914025 0.5866152 0.5597938 0.5810036 0.4563315 0.4948976 0.5823270 0.1597859 0.4769930 0.3193638 0.5773693 0.3604277 0.6445896 0.6079011 0.6019768 0.6438379 0.4187162 0.6110907 0.5958555 0.5764323 0.5933040 0.5882172 0.5542248 0.3529719 0.6312847 0.6480856 0.1600114 0.5927419 0.4412883 0.6284045 0.5739894 0.5371734 
Pericome_caudata_50_silver                 0.3931933 0.0584408 0.2593177 0.3259879 0.1718285 0.1640219 0.5619058 0.1602195 0.5925578 0.0000000 0.2210444 0.2649223 0.1666756 0.1830353 0.2245622 0.1111927 0.4478538 0.4137408 0.1991472 0.1287597 0.2004657 0.0663870 0.1834080 0.1949678 0.2163398 0.2172306 0.2158135 0.2374299 0.4275183 0.2651314 0.2418930 0.2327254 0.2143795 0.3528741 0.3789831 0.2120975 0.6351942 0.2118155 0.2193278 0.2073052 0.2213684 0.1385270 0.2197180 0.2590241 0.2107730 0.1994277 0.1988517 0.6208908 0.2027125 0.1792984 0.2115777 0.2194758 0.1483486 0.1917442 0.1415893 0.1005587 0.1990713 0.6912400 0.1207794 0.5772624 0.1680279 0.0564045 0.2269536 0.2072767 0.2143209 0.1556543 0.3432304 0.2074604 0.2130773 0.2271057 0.1923600 0.1979038 0.2370916 0.0886496 0.1447890 0.2090579 0.6461461 0.2060174 0.1166693 0.3167662 0.2568740 0.1999242 
Perityle_aglossa_84_dead_horse             0.4254371 0.0443293 0.2736322 0.2993640 0.1253855 0.2031161 0.6441306 0.1204922 0.5896831 0.2210444 0.0000000 0.1291895 0.1066911 0.1255726 0.1018247 0.0443899 0.3740796 0.4813818 0.0621367 0.0570135 0.0615260 0.0412839 0.1202389 0.0549961 0.0922767 0.0828656 0.1503613 0.1494190 0.4789013 0.1791336 0.1997534 0.1573155 0.0678832 0.3267340 0.2242366 0.0810215 0.6833113 0.0772278 0.1486458 0.1130476 0.1530133 0.0499998 0.1471457 0.1757139 0.0792472 0.0528731 0.0596219 0.6381953 0.0560384 0.0589505 0.1155971 0.1285714 0.0824964 0.1419994 0.0966053 0.0577567 0.0538023 0.6822369 0.1056087 0.5395735 0.1226197 0.0477299 0.1840933 0.1418814 0.0729303 0.2429416 0.3340711 0.0650328 0.0687294 0.1406418 0.0499590 0.0495071 0.1389951 0.0514266 0.2496365 0.1388999 0.6422802 0.0903661 0.1036945 0.0913252 0.1577291 0.0613883 
Perityle_ajoensis_204                      0.4322469 0.0441945 0.2946002 0.2962999 0.1692526 0.1926102 0.6424622 0.1341464 0.5935641 0.2649223 0.1291895 0.0000000 0.1039694 0.0413495 0.1915641 0.0668046 0.4008286 0.4572308 0.1287480 0.0846784 0.1552115 0.0313957 0.0907227 0.1458730 0.1889810 0.1814269 0.1944884 0.1358015 0.4870726 0.1830884 0.1634010 0.1477844 0.1556367 0.3814620 0.2440364 0.1773592 0.7170252 0.1681189 0.1481890 0.0825523 0.1496168 0.1325435 0.1194738 0.1938707 0.1724806 0.1460064 0.1535190 0.6477464 0.1149608 0.1377255 0.0326980 0.1129973 0.0820386 0.1227540 0.1066227 0.0681788 0.1435327 0.7279387 0.1099329 0.5786789 0.1667544 0.0476857 0.2450674 0.1865864 0.1608761 0.2440541 0.3429117 0.1639768 0.1550863 0.1118001 0.1433895 0.1448107 0.0981103 0.0601969 0.2306761 0.1408236 0.7195287 0.1884124 0.0838797 0.2235231 0.1469395 0.1104341 
Perityle_ambrosiifolia_67_green            0.3988213 0.0521492 0.2186351 0.2765704 0.1238620 0.1979743 0.6238828 0.1281360 0.5847007 0.1666756 0.1066911 0.1039694 0.0000000 0.0284409 0.1079403 0.0682231 0.3821871 0.4676404 0.0836883 0.0831381 0.0877418 0.0288254 0.0369534 0.0937153 0.1322188 0.1265973 0.1380115 0.1339145 0.4906067 0.1617161 0.1350802 0.1412188 0.0883329 0.3641470 0.2394104 0.1233023 0.7063435 0.1031139 0.0500669 0.0555458 0.1167694 0.0890180 0.1098826 0.1203881 0.1150238 0.0961872 0.0869813 0.6731152 0.0852892 0.0865146 0.0487477 0.0672397 0.0378243 0.1305905 0.1011565 0.0743352 0.0935143 0.6673114 0.1023101 0.5264433 0.1027257 0.0502073 0.1481620 0.1342667 0.1004878 0.1685677 0.3065550 0.0905607 0.0968159 0.1111082 0.0894207 0.0912331 0.1052718 0.0652759 0.1757953 0.0863458 0.6727393 0.1238225 0.0980819 0.1888190 0.1434615 0.1149476 
Perityle_angustifolia_13_Eagle_creek       0.3011227 0.0472325 0.2832506 0.2946120 0.1112640 0.1914573 0.5257324 0.1175676 0.4533867 0.1830353 0.1255726 0.0413495 0.0284409 0.0000000 0.1234730 0.0603138 0.3830966 0.4108444 0.0971077 0.0755933 0.1075995 0.0264220 0.0269113 0.1077624 0.1350439 0.1198556 0.1265212 0.0636676 0.4002418 0.0885756 0.0867870 0.0647926 0.1044494 0.2833725 0.0767101 0.1077745 0.5503207 0.1185135 0.0851256 0.0396239 0.0718117 0.0869747 0.0723814 0.1109439 0.1022027 0.1095237 0.1084472 0.5653711 0.1058707 0.1180462 0.0348284 0.0396452 0.0118629 0.1127658 0.0955557 0.0659216 0.1091972 0.5644001 0.0708315 0.5259601 0.0772278 0.0436290 0.1451587 0.1137319 0.1167871 0.1714770 0.3376437 0.0954063 0.1156355 0.0705774 0.1132656 0.1096110 0.0380857 0.0600065 0.1827754 0.0620067 0.5461212 0.1116306 0.0797132 0.1077154 0.0705834 0.1270418 
Perityle_batopilensis_97                   0.4621050 0.0605431 0.2614795 0.3067152 0.1305749 0.2142478 0.6538780 0.1451712 0.6426096 0.2245622 0.1018247 0.1915641 0.1079403 0.1234730 0.0000000 0.0441642 0.3983945 0.4850885 0.0712945 0.0513894 0.0791935 0.0486770 0.1190264 0.0813238 0.1213231 0.1089004 0.1546841 0.1776409 0.5178954 0.2315638 0.1951658 0.1803577 0.0821212 0.3786026 0.3144662 0.1052353 0.7306481 0.0551528 0.1686781 0.1238832 0.1773229 0.0477374 0.1797019 0.1706242 0.1117740 0.0792885 0.0752185 0.7024808 0.0721329 0.0413639 0.1429241 0.1515916 0.0942853 0.1422477 0.1049907 0.0545281 0.0758859 0.7247393 0.1098491 0.6087175 0.1520748 0.0557872 0.1977532 0.1527900 0.0995610 0.2329443 0.3821353 0.0871305 0.0829216 0.1719023 0.0805608 0.0780572 0.1870030 0.0591095 0.2409152 0.1526423 0.7016449 0.0970438 0.1024531 0.1719800 0.2150566 0.0505865 
Perityle_bisetosa_9                        0.2718168 0.0468875 0.1365995 0.2129411 0.0792582 0.1970180 0.5474636 0.1335901 0.4932659 0.1111927 0.0443899 0.0668046 0.0682231 0.0603138 0.0441642 0.0000000 0.2470358 0.4709482 0.0203047 0.0412243 0.0321873 0.0312852 0.0641682 0.0322151 0.0612543 0.0693676 0.1096735 0.0716235 0.4912038 0.1143774 0.0993582 0.0712868 0.0431848 0.2111570 0.1661837 0.0428429 0.6177740 0.0503949 0.0739848 0.0569800 0.0979547 0.0306456 0.0911252 0.1137492 0.0373156 0.0351867 0.0308597 0.5963896 0.0321581 0.0306738 0.0682523 0.0765553 0.0654350 0.0976393 0.0919753 0.0531290 0.0307199 0.5756605 0.1029950 0.3590198 0.0980476 0.0347960 0.0598200 0.1013879 0.0459295 0.1064756 0.2059723 0.0217233 0.0493703 0.0751212 0.0368499 0.0306490 0.1085857 0.0388062 0.1189577 0.0763547 0.5725747 0.0566822 0.0950210 0.0277203 0.0700287 0.0414246 
Perityle_californica_76_positas            0.5059160 0.1116666 0.4949342 0.4958992 0.4130397 0.3919561 0.6023807 0.1474918 0.6155347 0.4478538 0.3740796 0.4008286 0.3821871 0.3830966 0.3983945 0.2470358 0.0000000 0.4913855 0.4070369 0.2868305 0.3839324 0.1367567 0.3933786 0.3808764 0.4102697 0.3857277 0.3881075 0.4122314 0.4358794 0.3989121 0.4153791 0.3812497 0.3846823 0.4762664 0.4147882 0.3734193 0.7313206 0.3708927 0.4285521 0.4057117 0.4262582 0.3188338 0.4248411 0.4386789 0.4070248 0.3888051 0.3820447 0.7216077 0.3736917 0.3605554 0.4018375 0.4149595 0.3413938 0.3668600 0.2002722 0.2234590 0.3770495 0.7732613 0.0948240 0.6629530 0.1942162 0.0969471 0.4241001 0.3788871 0.3805246 0.4465244 0.6724993 0.3806739 0.3899502 0.4273368 0.3537909 0.3846939 0.3913622 0.1224603 0.4371629 0.3990257 0.6971613 0.3921399 0.1252438 0.3813782 0.4201011 0.3720684 
Perityle_canescens_77                      0.5287912 0.3612670 0.4487457 0.5464501 0.4765403 0.2219175 0.1595086 0.4520591 0.1014828 0.4137408 0.4813818 0.4572308 0.4676404 0.4108444 0.4850885 0.4709482 0.4913855 0.0000000 0.4707835 0.4572745 0.4656984 0.3953228 0.4598388 0.4567501 0.4807804 0.4816657 0.4910591 0.4480684 0.0779457 0.4955670 0.4659333 0.4436795 0.4633322 0.5166338 0.4760362 0.4682767 0.0835598 0.4694327 0.4756291 0.4566060 0.4650583 0.4646359 0.4537298 0.4755427 0.4228531 0.4822145 0.4619585 0.0897642 0.4707585 0.4780744 0.4636203 0.4364883 0.4563372 0.4701624 0.4701981 0.4503228 0.4641051 0.1158263 0.4407124 0.1042608 0.4857448 0.3617474 0.4800143 0.4981540 0.4568296 0.4298533 0.3218212 0.4740229 0.4689667 0.4624934 0.4698657 0.4613885 0.4602063 0.4066273 0.4306156 0.4873027 0.1250617 0.4752322 0.4632139 0.4653663 0.4437811 0.4831284 
Perityle_castillonii_96                    0.4436958 0.0468407 0.2434974 0.2986950 0.1052407 0.1995811 0.6375426 0.1344590 0.6010490 0.1991472 0.0621367 0.1287480 0.0836883 0.0971077 0.0712945 0.0203047 0.4070369 0.4707835 0.0000000 0.0308377 0.0457580 0.0437737 0.0873703 0.0447234 0.0892312 0.0757635 0.1489963 0.1423924 0.4934052 0.1746344 0.1569324 0.1464582 0.0428096 0.3535953 0.2586284 0.0719812 0.6986505 0.0520817 0.1277063 0.1009042 0.1363977 0.0423435 0.1324878 0.1501472 0.0619413 0.0468381 0.0449172 0.6681887 0.0423533 0.0414575 0.1076452 0.1103265 0.0744610 0.1405785 0.1007932 0.0483312 0.0425491 0.6848215 0.1148803 0.5438424 0.1160445 0.0477310 0.1530147 0.1331809 0.0565929 0.2113663 0.3470534 0.0323408 0.0576525 0.1419075 0.0472189 0.0436344 0.1473940 0.0540177 0.2152149 0.1126816 0.6627679 0.0706518 0.1013191 0.1203233 0.1511670 0.0584232 
Perityle_cernua_84                         0.3777111 0.0549144 0.1874500 0.2661164 0.0850346 0.1916138 0.5694620 0.1288840 0.5591736 0.1287597 0.0570135 0.0846784 0.0831381 0.0755933 0.0513894 0.0412243 0.2868305 0.4572745 0.0308377 0.0000000 0.0428507 0.0435808 0.0711890 0.0403931 0.0746759 0.0719952 0.1255381 0.1075259 0.4706747 0.1304382 0.1297961 0.1099798 0.0431923 0.3049874 0.2215796 0.0550285 0.6502298 0.0436512 0.0723807 0.0814589 0.1185597 0.0391282 0.1164571 0.1228513 0.0622194 0.0404745 0.0345286 0.6319474 0.0379870 0.0441127 0.0848262 0.0890618 0.0744814 0.1180831 0.0937353 0.0359469 0.0417016 0.6299840 0.1018863 0.4654936 0.1002121 0.0528331 0.0920118 0.1057039 0.0421772 0.1349258 0.2755192 0.0417735 0.0507991 0.1104504 0.0419481 0.0379333 0.1274983 0.0538977 0.1406182 0.0890335 0.6282476 0.0633835 0.0988922 0.0981267 0.1149768 0.0517786 
Perityle_cfvillosa_25_tin                  0.4327287 0.0415674 0.2474705 0.2885256 0.1117216 0.1860510 0.6436882 0.1254989 0.6020565 0.2004657 0.0615260 0.1552115 0.0877418 0.1075995 0.0791935 0.0321873 0.3839324 0.4656984 0.0457580 0.0428507 0.0000000 0.0263734 0.0901836 0.0271926 0.0853022 0.0666719 0.1356142 0.1617104 0.4910270 0.1923808 0.1743541 0.1723098 0.0412564 0.3678808 0.2713113 0.0668557 0.6986143 0.0603514 0.1263903 0.0926929 0.1415246 0.0240271 0.1362476 0.1599750 0.0713707 0.0281660 0.0111553 0.6590955 0.0309494 0.0345665 0.1071087 0.1168420 0.0827449 0.1282850 0.0889200 0.0497937 0.0311022 0.6924510 0.1006654 0.5532120 0.1081379 0.0297209 0.1784502 0.1213615 0.0619390 0.2227559 0.3341179 0.0477238 0.0569277 0.1418326 0.0260102 0.0262150 0.1489769 0.0338272 0.2200010 0.1136337 0.6841805 0.0855469 0.1010828 0.1151228 0.1700617 0.0424614 
Perityle_cinerea_113_Powell1310            0.0831511 0.0400274 0.0973131 0.1374675 0.0490860 0.1892430 0.3430697 0.1029265 0.3609172 0.0663870 0.0412839 0.0313957 0.0288254 0.0264220 0.0486770 0.0312852 0.1367567 0.3953228 0.0437737 0.0435808 0.0263734 0.0000000 0.0312857 0.0264215 0.0414167 0.0362727 0.0719999 0.0565303 0.3863055 0.0589761 0.0588758 0.0539162 0.0390752 0.0753723 0.0693793 0.0239607 0.4052802 0.0588007 0.0288027 0.0215130 0.0594916 0.0239401 0.0567386 0.0617370 0.0128828 0.0264047 0.0192396 0.4062079 0.0336748 0.0436435 0.0362188 0.0387499 0.0288112 0.0413876 0.0511360 0.0512245 0.0215223 0.3740243 0.0668898 0.3354463 0.0618598 0.0275171 0.0538535 0.0490598 0.0510798 0.0492767 0.1765773 0.0536149 0.0491745 0.0642735 0.0337578 0.0239487 0.0289100 0.0420715 0.0573869 0.0445101 0.3797387 0.0539650 0.0785547 0.0239904 0.0541545 0.0486810 
Perityle_cochisensis_44_cave_creek         0.4107796 0.0547542 0.2308761 0.2824541 0.1168813 0.1892560 0.6463536 0.1390315 0.5840564 0.1834080 0.1202389 0.0907227 0.0369534 0.0269113 0.1190264 0.0641682 0.3933786 0.4598388 0.0873703 0.0711890 0.0901836 0.0312857 0.0000000 0.0946070 0.1449277 0.1215263 0.1371942 0.1240927 0.4863304 0.1647311 0.1342598 0.1350712 0.0869397 0.3602142 0.2318927 0.1251472 0.6797186 0.0999142 0.0765641 0.0352105 0.1070061 0.0733944 0.1031088 0.1219508 0.1246935 0.0991154 0.0906257 0.6561956 0.0849353 0.0729696 0.0451029 0.0576435 0.0337933 0.1226835 0.1014877 0.0654816 0.0945325 0.6842966 0.0944910 0.5519765 0.0997942 0.0553373 0.1706054 0.1237863 0.0998259 0.2021699 0.3257198 0.0819723 0.0933139 0.1105651 0.0918144 0.0946177 0.0857603 0.0651376 0.2078088 0.0858899 0.6787037 0.1283367 0.0859193 0.2047517 0.1408019 0.1146541 
Perityle_congesta_202                      0.4342749 0.0415670 0.2440233 0.2904464 0.1084937 0.1860087 0.6384895 0.1229138 0.5822229 0.1949678 0.0549961 0.1458730 0.0937153 0.1077624 0.0813238 0.0322151 0.3808764 0.4567501 0.0447234 0.0403931 0.0271926 0.0264215 0.0946070 0.0000000 0.0832339 0.0638001 0.1356726 0.1603399 0.4825454 0.1888687 0.1783523 0.1708591 0.0462302 0.3630490 0.2663779 0.0668491 0.6830352 0.0603552 0.1262950 0.0959718 0.1412708 0.0166635 0.1362671 0.1576829 0.0702419 0.0177332 0.0292363 0.6474924 0.0330313 0.0355737 0.1096939 0.1147170 0.0743374 0.1311512 0.0813655 0.0498451 0.0196352 0.6795752 0.0989355 0.5538709 0.1052875 0.0297205 0.1749510 0.1248994 0.0589680 0.2187611 0.3343115 0.0468250 0.0549826 0.1406359 0.0162935 0.0120594 0.1477115 0.0289135 0.2231469 0.1147429 0.6643877 0.0834063 0.0965002 0.1162894 0.1686395 0.0411802 
Perityle_cordifolia_27                     0.4343646 0.0499831 0.2519659 0.2849907 0.1319916 0.1982352 0.6451661 0.1456956 0.6219438 0.2163398 0.0922767 0.1889810 0.1322188 0.1350439 0.1213231 0.0612543 0.4102697 0.4807804 0.0892312 0.0746759 0.0853022 0.0414167 0.1449277 0.0832339 0.0000000 0.0906830 0.1602792 0.1950215 0.5051277 0.2080488 0.1974533 0.2064241 0.0935558 0.3655221 0.2884509 0.0515068 0.7184876 0.1036449 0.1673602 0.1353855 0.1610425 0.0797926 0.1482670 0.1975419 0.0494979 0.0844857 0.0815215 0.6856509 0.0734574 0.0829569 0.1376225 0.1612184 0.1243934 0.1451521 0.0872036 0.0739346 0.0779929 0.7183519 0.1170205 0.5585821 0.1300534 0.0098310 0.1423280 0.1401441 0.1036122 0.2244499 0.3378208 0.0960918 0.1059906 0.1722894 0.0772273 0.0790549 0.1737360 0.0491847 0.2303827 0.1567079 0.7026883 0.0643672 0.1041766 0.1634265 0.2106980 0.0558013 
Perityle_cordifolia_68_tecolote            0.4326730 0.0415677 0.2607122 0.3090406 0.1251035 0.2004130 0.6807985 0.1256791 0.6225551 0.2172306 0.0828656 0.1814269 0.1265973 0.1198556 0.1089004 0.0693676 0.3857277 0.4816657 0.0757635 0.0719952 0.0666719 0.0362727 0.1215263 0.0638001 0.0906830 0.0000000 0.1502078 0.1797415 0.4965078 0.2121550 0.1976430 0.1854540 0.0776657 0.3824293 0.2942512 0.0820099 0.7217241 0.0860367 0.1587218 0.1114760 0.1625445 0.0649115 0.1621168 0.1687139 0.0842474 0.0628920 0.0649553 0.6687013 0.0667378 0.0657105 0.1409961 0.1460362 0.1152121 0.1448992 0.0622938 0.0770205 0.0626885 0.7126239 0.1076126 0.5362305 0.1064715 0.0323696 0.1857816 0.1366062 0.0855589 0.2345296 0.3311309 0.0782657 0.0816148 0.1595997 0.0625897 0.0627329 0.1626269 0.0414288 0.2409571 0.1372283 0.6846756 0.0965405 0.0917902 0.1593950 0.1897841 0.0584112 
Perityle_coronopifolia_28_patagonia        0.4171854 0.0686013 0.2734623 0.3415674 0.1421105 0.2397463 0.6802514 0.1539486 0.5883432 0.2158135 0.1503613 0.1944884 0.1380115 0.1265212 0.1546841 0.1096735 0.3881075 0.4910591 0.1489963 0.1255381 0.1356142 0.0719999 0.1371942 0.1356726 0.1602792 0.1502078 0.0000000 0.1841666 0.5203930 0.2127110 0.1972446 0.1912771 0.1362200 0.3909773 0.2855233 0.1477186 0.7206025 0.1502740 0.1759968 0.1311649 0.1719799 0.1257663 0.1676803 0.1786298 0.1565067 0.1347052 0.1339444 0.6910574 0.1314886 0.1351206 0.1381932 0.1576681 0.1303346 0.0637248 0.1328939 0.1105174 0.1342936 0.6899037 0.0520245 0.6083969 0.1276121 0.0687995 0.2140378 0.0275719 0.1555729 0.2320452 0.3864788 0.1470454 0.1462876 0.1662720 0.1290117 0.1379506 0.1871617 0.0878908 0.2339708 0.1466491 0.6798416 0.1630432 0.0901265 0.2264152 0.1838285 0.1461286 
Perityle_crassifolia_70_ventanas           0.4032865 0.0551149 0.2869068 0.2973391 0.1531248 0.2063737 0.6044395 0.1466216 0.5596359 0.2374299 0.1494190 0.1358015 0.1339145 0.0636676 0.1776409 0.0716235 0.4122314 0.4480684 0.1423924 0.1075259 0.1617104 0.0565303 0.1240927 0.1603399 0.1950215 0.1797415 0.1841666 0.0000000 0.4349710 0.1585177 0.1643317 0.0102088 0.1731322 0.3655518 0.2200910 0.1723410 0.6679258 0.1758481 0.1756316 0.1260726 0.1462078 0.1506847 0.1151560 0.1646863 0.1760490 0.1635347 0.1611863 0.6329513 0.1386540 0.1585196 0.0790419 0.1392914 0.1120923 0.1443705 0.1072045 0.0759453 0.1639934 0.6643325 0.1225579 0.5319365 0.1548024 0.0556657 0.2278055 0.1755091 0.1696318 0.2017307 0.3362393 0.1555060 0.1785390 0.0067650 0.1663598 0.1643307 0.1032692 0.0747116 0.1916475 0.1296027 0.6595888 0.1807063 0.1064799 0.2256278 0.0151536 0.1347319 
Perityle_crassifolia_74_playa_balandra     0.5200214 0.3490140 0.4901401 0.5622121 0.4884620 0.2353310 0.1134293 0.4505644 0.0836519 0.4275183 0.4789013 0.4870726 0.4906067 0.4002418 0.5178954 0.4912038 0.4358794 0.0779457 0.4934052 0.4706747 0.4910270 0.3863055 0.4863304 0.4825454 0.5051277 0.4965078 0.5203930 0.4349710 0.0000000 0.4976204 0.4834098 0.4353139 0.4793733 0.5099402 0.5062810 0.4701652 0.0808267 0.5018939 0.4929090 0.4846550 0.4859348 0.4871224 0.4738485 0.4678898 0.4222212 0.5055086 0.4751875 0.0955905 0.4933775 0.5041589 0.4874958 0.4603289 0.4717204 0.5035020 0.4898726 0.4886512 0.4865496 0.0814815 0.4797872 0.0720666 0.4963415 0.3672414 0.4730485 0.5212678 0.4771251 0.4649900 0.2772208 0.4969818 0.4830640 0.4459043 0.5019829 0.4870384 0.4886115 0.3932429 0.4571305 0.5059735 0.0737565 0.4653740 0.4736120 0.4913651 0.4306207 0.5076181 
Perityle_cuneata_34_cuneata_San_antonio    0.4607149 0.0604907 0.3154991 0.3126832 0.1687075 0.2120581 0.6877313 0.1537926 0.6395620 0.2651314 0.1791336 0.1830884 0.1617161 0.0885756 0.2315638 0.1143774 0.3989121 0.4955670 0.1746344 0.1304382 0.1923808 0.0589761 0.1647311 0.1888687 0.2080488 0.2121550 0.2127110 0.1585177 0.4976204 0.0000000 0.1803618 0.1606482 0.2032569 0.4127602 0.2568789 0.1986541 0.6991716 0.2000840 0.2118944 0.1598218 0.1725162 0.1833625 0.1342916 0.2198108 0.1949838 0.1878719 0.1920889 0.6786667 0.1563206 0.1948213 0.1103683 0.1726172 0.1403917 0.1550647 0.1302040 0.1100463 0.1898598 0.7507564 0.1525448 0.5507425 0.1949157 0.0607660 0.2691344 0.2035817 0.2086564 0.2543283 0.3755383 0.1957571 0.2098361 0.1297255 0.1900352 0.1899376 0.1526489 0.0849266 0.2305985 0.1752416 0.7351228 0.2105225 0.1208575 0.2612931 0.1750036 0.1477933 
Perityle_cuneata_4                         0.4384796 0.0684731 0.2883972 0.3200506 0.1611123 0.2200790 0.6745341 0.1452222 0.6124102 0.2418930 0.1997534 0.1634010 0.1350802 0.0867870 0.1951658 0.0993582 0.4153791 0.4659333 0.1569324 0.1297961 0.1743541 0.0588758 0.1342598 0.1783523 0.1974533 0.1976430 0.1972446 0.1643317 0.4834098 0.1803618 0.0000000 0.1733095 0.1838442 0.4103400 0.2651385 0.1836578 0.7169137 0.1865036 0.1951673 0.1332702 0.1578974 0.1611157 0.1331647 0.1929810 0.1829872 0.1770574 0.1764628 0.7095785 0.1528348 0.1726675 0.1034085 0.1438985 0.1160629 0.1528994 0.1159027 0.0963925 0.1780323 0.7252400 0.1203981 0.5698324 0.1725581 0.0604555 0.2355595 0.1943886 0.1866496 0.2463405 0.3656001 0.1861049 0.1867315 0.1427132 0.1792102 0.1770336 0.1500348 0.0847733 0.2380261 0.1605135 0.6997650 0.1903473 0.1082365 0.2570545 0.1885025 0.1461459 
Perityle_discoidea_81                      0.3800479 0.0523288 0.2650543 0.2951140 0.1554994 0.2032421 0.5936924 0.1436090 0.5515887 0.2327254 0.1573155 0.1477844 0.1412188 0.0647926 0.1803577 0.0712868 0.3812497 0.4436795 0.1464582 0.1099798 0.1723098 0.0539162 0.1350712 0.1708591 0.2064241 0.1854540 0.1912771 0.0102088 0.4353139 0.1606482 0.1733095 0.0000000 0.1832738 0.3548626 0.2331152 0.1812794 0.6527455 0.1878233 0.1724316 0.1372795 0.1518115 0.1589075 0.1169600 0.1667610 0.1866509 0.1742697 0.1703606 0.6127668 0.1441178 0.1695125 0.0835827 0.1528481 0.1173854 0.1355515 0.0999328 0.0777075 0.1734801 0.6526871 0.1244391 0.4941406 0.1581318 0.0529772 0.2255914 0.1807446 0.1808698 0.1902873 0.3133870 0.1673061 0.1887513 0.0107310 0.1761982 0.1750759 0.1122387 0.0720094 0.1810597 0.1355527 0.6444301 0.1912381 0.1039339 0.2374524 0.0250779 0.1341794 
Perityle_dissecta_201                      0.4563898 0.0474330 0.2530135 0.3100731 0.1186550 0.1965777 0.6296499 0.1353615 0.5956222 0.2143795 0.0678832 0.1556367 0.0883329 0.1044494 0.0821212 0.0431848 0.3846823 0.4633322 0.0428096 0.0431923 0.0412564 0.0390752 0.0869397 0.0462302 0.0935558 0.0776657 0.1362200 0.1731322 0.4793733 0.2032569 0.1838442 0.1832738 0.0000000 0.3758659 0.2745157 0.0729873 0.6979751 0.0503804 0.1254632 0.1004017 0.1513063 0.0430488 0.1501339 0.1696705 0.0764139 0.0483000 0.0394440 0.6670690 0.0342464 0.0349558 0.1099517 0.1169803 0.0794766 0.1372382 0.1038042 0.0487587 0.0411973 0.6896889 0.1050213 0.5528775 0.1129624 0.0456051 0.1697526 0.1275327 0.0585055 0.2321365 0.3569134 0.0404499 0.0482865 0.1518524 0.0455681 0.0432291 0.1559470 0.0494279 0.2360002 0.1248188 0.6694448 0.0811452 0.1046349 0.1337244 0.1814059 0.0561069 
Perityle_emoryi_47_punta_san_jose          0.2052069 0.0419706 0.2419587 0.3997174 0.3525828 0.2187865 0.5886729 0.1390591 0.6561105 0.3528741 0.3267340 0.3814620 0.3641470 0.2833725 0.3786026 0.2111570 0.4762664 0.5166338 0.3535953 0.3049874 0.3678808 0.0753723 0.3602142 0.3630490 0.3655221 0.3824293 0.3909773 0.3655518 0.5099402 0.4127602 0.4103400 0.3548626 0.3758659 0.0000000 0.4303591 0.3383430 0.7279299 0.3892654 0.3841705 0.3663189 0.4031088 0.3458515 0.3714696 0.3841471 0.3525348 0.3665629 0.3668058 0.7278761 0.3437093 0.3745637 0.3235783 0.3780773 0.3454368 0.3498035 0.1334031 0.2034121 0.3640316 0.7605820 0.2049404 0.5329264 0.2629761 0.0585434 0.3901484 0.3800467 0.3798244 0.3552692 0.3383128 0.3721510 0.3840501 0.3582798 0.3487836 0.3623546 0.3043926 0.0700884 0.3338179 0.3688367 0.7508691 0.3614043 0.1124259 0.4004849 0.3779404 0.2629128 
Perityle_feddemae_99                       0.4760554 0.0798055 0.4345508 0.4159010 0.2702877 0.2088997 0.6505100 0.1541458 0.6823534 0.3789831 0.2242366 0.2440364 0.2394104 0.0767101 0.3144662 0.1661837 0.4147882 0.4760362 0.2586284 0.2215796 0.2713113 0.0693793 0.2318927 0.2663779 0.2884509 0.2942512 0.2855233 0.2200910 0.5062810 0.2568789 0.2651385 0.2331152 0.2745157 0.4303591 0.0000000 0.2638361 0.7841047 0.2797934 0.2890506 0.2228825 0.1856623 0.2783923 0.1592983 0.2445166 0.2811809 0.2719593 0.2701347 0.7510546 0.2406879 0.2781207 0.1842897 0.2410540 0.2341878 0.2366975 0.1443564 0.1930672 0.2710420 0.7903446 0.2492784 0.5280579 0.2589321 0.0792584 0.3521978 0.2811952 0.2837000 0.3810872 0.3473243 0.2666904 0.2792405 0.2088179 0.2782625 0.2673236 0.1654878 0.0825228 0.3547321 0.2192090 0.7631000 0.2923541 0.1188661 0.2955530 0.2332110 0.1539448 
Perityle_fosteri_93                        0.4119597 0.0442598 0.2532810 0.2878239 0.1215229 0.1918041 0.6260819 0.1256658 0.6019736 0.2120975 0.0810215 0.1773592 0.1233023 0.1077745 0.1052353 0.0428429 0.3734193 0.4682767 0.0719812 0.0550285 0.0668557 0.0239607 0.1251472 0.0668491 0.0515068 0.0820099 0.1477186 0.1723410 0.4701652 0.1986541 0.1836578 0.1812794 0.0729873 0.3383430 0.2638361 0.0000000 0.7057602 0.0843198 0.1627677 0.1217422 0.1487047 0.0648936 0.1401473 0.1793963 0.0302673 0.0680700 0.0661269 0.6568829 0.0504104 0.0659341 0.1257563 0.1373020 0.1124494 0.1340448 0.0832984 0.0627086 0.0586264 0.7005315 0.1104059 0.5406210 0.1162497 0.0322603 0.1262809 0.1311828 0.0852535 0.2266439 0.3211835 0.0712530 0.0867432 0.1448684 0.0657160 0.0636833 0.1422737 0.0363103 0.2234984 0.1376443 0.6753514 0.0418935 0.1012823 0.1263661 0.1819080 0.0452894 
Perityle_gamon_221                         0.7408744 0.3656191 0.6876013 0.7460210 0.7014196 0.2168307 0.2168074 0.4573692 0.1643285 0.6351942 0.6833113 0.7170252 0.7063435 0.5503207 0.7306481 0.6177740 0.7313206 0.0835598 0.6986505 0.6502298 0.6986143 0.4052802 0.6797186 0.6830352 0.7184876 0.7217241 0.7206025 0.6679258 0.0808267 0.6991716 0.7169137 0.6527455 0.6979751 0.7279299 0.7841047 0.7057602 0.0000000 0.7152748 0.6905544 0.6930252 0.6928277 0.6790998 0.6590407 0.6613553 0.6914021 0.7042962 0.6918017 0.0982202 0.6914631 0.7083879 0.6754123 0.6871833 0.6696512 0.6710377 0.5332838 0.5965059 0.6943524 0.1884100 0.5534899 0.2391386 0.6022955 0.3660684 0.7275851 0.7038651 0.6966749 0.6847456 0.3976869 0.6954955 0.6960174 0.6581246 0.6713623 0.6831172 0.6291247 0.4090378 0.6614124 0.7218461 0.1938029 0.7086931 0.4736563 0.7446164 0.6809146 0.6262129 
Perityle_gentryi_8_san_francisco           0.4636139 0.0632033 0.2587988 0.3108517 0.1170068 0.2079369 0.6257743 0.1474169 0.6121337 0.2118155 0.0772278 0.1681189 0.1031139 0.1185135 0.0551528 0.0503949 0.3708927 0.4694327 0.0520817 0.0436512 0.0603514 0.0588007 0.0999142 0.0603552 0.1036449 0.0860367 0.1502740 0.1758481 0.5018939 0.2000840 0.1865036 0.1878233 0.0503804 0.3892654 0.2797934 0.0843198 0.7152748 0.0000000 0.1315746 0.1088011 0.1446708 0.0581250 0.1435543 0.1667774 0.0882846 0.0583425 0.0585049 0.6866864 0.0544732 0.0519517 0.1172481 0.1139034 0.0879791 0.1552376 0.1127047 0.0560004 0.0529650 0.7166988 0.1151144 0.5514216 0.1221950 0.0717780 0.1764926 0.1324807 0.0644479 0.2362115 0.3598610 0.0553728 0.0618696 0.1566348 0.0589964 0.0571820 0.1600795 0.0693247 0.2399556 0.1249898 0.6969515 0.0890599 0.1092880 0.1496333 0.1878610 0.0627377 
Perityle_gilensis_22_Superstition          0.4603266 0.0546802 0.2577366 0.3134989 0.1596090 0.2007742 0.6526921 0.1304150 0.6190798 0.2193278 0.1486458 0.1481890 0.0500669 0.0851256 0.1686781 0.0739848 0.4285521 0.4756291 0.1277063 0.0723807 0.1263903 0.0288027 0.0765641 0.1262950 0.1673602 0.1587218 0.1759968 0.1756316 0.4929090 0.2118944 0.1951673 0.1724316 0.1254632 0.3841705 0.2890506 0.1627677 0.6905544 0.1315746 0.0000000 0.0948957 0.1564318 0.0798249 0.1557424 0.1838468 0.1534267 0.1264229 0.1236193 0.6603194 0.1303621 0.1132592 0.1014694 0.1017180 0.0345790 0.1569235 0.1167684 0.0689823 0.1239447 0.7087621 0.1004902 0.6098770 0.1416632 0.0501748 0.1937177 0.1709585 0.1248798 0.2338556 0.3676165 0.1291626 0.1229470 0.1666993 0.1232642 0.1240298 0.1597491 0.0744895 0.2425515 0.1283242 0.6687208 0.1617841 0.1062192 0.2343643 0.1984974 0.1642646 
Perityle_gilensis_salensis_225             0.4277146 0.0521773 0.2538985 0.2960195 0.1207194 0.1809702 0.6558080 0.1364547 0.6049955 0.2073052 0.1130476 0.0825523 0.0555458 0.0396239 0.1238832 0.0569800 0.4057117 0.4566060 0.1009042 0.0814589 0.0926929 0.0215130 0.0352105 0.0959718 0.1353855 0.1114760 0.1311649 0.1260726 0.4846550 0.1598218 0.1332702 0.1372795 0.1004017 0.3663189 0.2228825 0.1217422 0.6930252 0.1088011 0.0948957 0.0000000 0.1087802 0.0729993 0.1107266 0.1328265 0.1198908 0.0971336 0.0931374 0.6605596 0.0910664 0.0771327 0.0298852 0.0613504 0.0421501 0.1209203 0.0984666 0.0601498 0.0915468 0.6868164 0.0908906 0.5659014 0.1028763 0.0347534 0.1875866 0.1227632 0.1088497 0.2209146 0.3216992 0.1052084 0.1052036 0.1096368 0.0921418 0.0894805 0.0832326 0.0547288 0.2285190 0.0873588 0.6734967 0.1333156 0.0860798 0.1960479 0.1364708 0.1018083 
Perityle_glaucescens_94                    0.4518320 0.0831523 0.2955508 0.3256826 0.1299218 0.2051535 0.6385407 0.1524268 0.6000567 0.2213684 0.1530133 0.1496168 0.1167694 0.0718117 0.1773229 0.0979547 0.4262582 0.4650583 0.1363977 0.1185597 0.1415246 0.0594916 0.1070061 0.1412708 0.1610425 0.1625445 0.1719799 0.1462078 0.4859348 0.1725162 0.1578974 0.1518115 0.1513063 0.4031088 0.1856623 0.1487047 0.6928277 0.1446708 0.1564318 0.1087802 0.0000000 0.1308077 0.0311066 0.1628008 0.1492034 0.1394085 0.1399593 0.6633906 0.1393189 0.1402772 0.1019006 0.1230873 0.0996583 0.1585513 0.1318156 0.1022765 0.1388304 0.6939782 0.1251213 0.5329106 0.1471649 0.0714559 0.2134768 0.1608999 0.1562357 0.2591512 0.3485970 0.1480625 0.1527742 0.1302359 0.1413004 0.1365871 0.1430912 0.0804459 0.2434820 0.1012017 0.6658665 0.1598586 0.1149079 0.2260873 0.1530019 0.1413952 
Perityle_gracilis_11                       0.3830328 0.0388862 0.1898265 0.2642410 0.0906176 0.1860681 0.5825516 0.1231245 0.5560837 0.1385270 0.0499998 0.1325435 0.0890180 0.0869747 0.0477374 0.0306456 0.3188338 0.4646359 0.0423435 0.0391282 0.0240271 0.0239401 0.0733944 0.0166635 0.0797926 0.0649115 0.1257663 0.1506847 0.4871224 0.1833625 0.1611157 0.1589075 0.0430488 0.3458515 0.2783923 0.0648936 0.6790998 0.0581250 0.0798249 0.0729993 0.1308077 0.0000000 0.1268522 0.1216947 0.0653001 0.0156271 0.0262859 0.6405068 0.0315038 0.0380805 0.0892715 0.0974434 0.0730071 0.1224436 0.0840195 0.0450880 0.0209230 0.6544499 0.1004607 0.4958625 0.0904825 0.0271885 0.1132767 0.1104820 0.0561330 0.1391937 0.2857501 0.0458718 0.0460835 0.1293538 0.0139461 0.0124454 0.1340142 0.0313647 0.1445146 0.0963896 0.6583118 0.0821294 0.0963528 0.1240605 0.1590049 0.0407604 
Perityle_harkerae_31                       0.4474439 0.0744926 0.2804857 0.3069587 0.1351044 0.1983520 0.6344622 0.1546240 0.5905497 0.2197180 0.1471457 0.1194738 0.1098826 0.0723814 0.1797019 0.0911252 0.4248411 0.4537298 0.1324878 0.1164571 0.1362476 0.0567386 0.1031088 0.1362671 0.1482670 0.1621168 0.1676803 0.1151560 0.4738485 0.1342916 0.1331647 0.1169600 0.1501339 0.3714696 0.1592983 0.1401473 0.6590407 0.1435543 0.1557424 0.1107266 0.0311066 0.1268522 0.0000000 0.1619470 0.1368105 0.1375783 0.1345724 0.6600071 0.1316375 0.1347260 0.1039077 0.1192119 0.1020036 0.1570732 0.1250452 0.1040172 0.1373562 0.6720801 0.1214162 0.5167745 0.1489107 0.0605655 0.2097915 0.1574405 0.1494340 0.2556881 0.3306069 0.1418616 0.1494449 0.1220274 0.1408694 0.1360960 0.1390824 0.0801944 0.2383584 0.0971728 0.6343349 0.1503894 0.1166534 0.1939956 0.1250649 0.1346721 
Perityle_hofmeisteria_4_nombre_de_dios     0.4133107 0.0743781 0.2968002 0.3237429 0.1712494 0.2126383 0.6490601 0.1571304 0.6021418 0.2590241 0.1757139 0.1938707 0.1203881 0.1109439 0.1706242 0.1137492 0.4386789 0.4755427 0.1501472 0.1228513 0.1599750 0.0617370 0.1219508 0.1576829 0.1975419 0.1687139 0.1786298 0.1646863 0.4678898 0.2198108 0.1929810 0.1667610 0.1696705 0.3841471 0.2445166 0.1793963 0.6613553 0.1667774 0.1838468 0.1328265 0.1628008 0.1216947 0.1619470 0.0000000 0.1799442 0.1602669 0.1582366 0.6384342 0.1598803 0.1261576 0.1464872 0.1492505 0.1112768 0.1593085 0.1230167 0.1018212 0.1559685 0.6938638 0.1307823 0.5812937 0.1633114 0.0659966 0.2437116 0.1882756 0.1723414 0.2587153 0.3637310 0.1605145 0.1678938 0.1567500 0.1588767 0.1513616 0.1725502 0.0826144 0.2678247 0.1430911 0.6384001 0.1595095 0.1110874 0.2629102 0.1985241 0.1285776 
Perityle_huecosensis_48                    0.4327162 0.0415689 0.2312033 0.2759762 0.1193936 0.1257229 0.6306902 0.1185230 0.5916419 0.2107730 0.0792472 0.1724806 0.1150238 0.1022027 0.1117740 0.0373156 0.4070248 0.4228531 0.0619413 0.0622194 0.0713707 0.0128828 0.1246935 0.0702419 0.0494979 0.0842474 0.1565067 0.1760490 0.4222212 0.1949838 0.1829872 0.1866509 0.0764139 0.3525348 0.2811809 0.0302673 0.6914021 0.0882846 0.1534267 0.1198908 0.1492034 0.0653001 0.1368105 0.1799442 0.0000000 0.0725647 0.0716681 0.6423781 0.0572790 0.0727027 0.1226639 0.1428630 0.0990173 0.1404217 0.0691082 0.0612669 0.0628416 0.6849215 0.1134210 0.5423237 0.1222370 0.0272004 0.1151003 0.1443815 0.0910058 0.2256642 0.2931359 0.0833328 0.0867205 0.1484860 0.0703211 0.0660426 0.1576428 0.0158562 0.2299145 0.1428621 0.6633371 0.0325278 0.0692146 0.1541526 0.1918048 0.0515861 
Perityle_intricata_59_Clark_mtns           0.4319221 0.0442524 0.2488798 0.2893285 0.1108229 0.1917866 0.6480477 0.1203284 0.5994462 0.1994277 0.0528731 0.1460064 0.0961872 0.1095237 0.0792885 0.0351867 0.3888051 0.4822145 0.0468381 0.0404745 0.0281660 0.0264047 0.0991154 0.0177332 0.0844857 0.0628920 0.1347052 0.1635347 0.5055086 0.1878719 0.1770574 0.1742697 0.0483000 0.3665629 0.2719593 0.0680700 0.7042962 0.0583425 0.1264229 0.0971336 0.1394085 0.0156271 0.1375783 0.1602669 0.0725647 0.0000000 0.0302181 0.6667698 0.0320270 0.0407371 0.1096739 0.1160445 0.0755358 0.1311675 0.0870761 0.0451589 0.0225227 0.6917282 0.0988902 0.5602270 0.1080816 0.0297159 0.1766382 0.1262780 0.0580548 0.2145736 0.3394861 0.0498503 0.0520211 0.1448771 0.0163158 0.0148963 0.1492694 0.0338682 0.2186112 0.1148595 0.6889925 0.0836172 0.0941312 0.1152712 0.1693340 0.0425185 
