85
Amauria_brandeegeana_62                    0.0000000 0.1097413 0.1454455 0.2210111 0.1658591 0.2223194 0.2196533 0.1572266 0.3257690 0.1869149 0.1817317 0.1314645 0.1283740 0.1346579 0.2943613 0.1504597 0.3752418 0.1681000 0.2592919 0.1229718 0.3020501 0.1340646 0.2197076 0.1421785 0.1866588 0.1401447 0.1417471 0.1442175 0.2674724 0.1441631 0.2710854 0.1504882 0.1715965 0.1861305 0.1437274 0.1774434 0.2493668 0.1780805 0.1528779 0.1603253 0.1457309 0.1842685 0.1980776 0.1732492 0.2272670 0.3599859 0.1410828 0.3547166 0.2073182 0.1293847 0.1247220 0.1387789 0.1353932 0.1422259 0.1828319 0.1406624 0.2295429 0.1318034 0.1449777 0.1960591 0.1712336 0.3163628 0.1022438 0.1332204 0.1706230 0.1574168 0.1683423 0.2136043 0.1418120 0.1301551 0.1295419 0.2870537 0.1453428 0.1446756 0.1534636 0.1755466 0.1429822 0.2155468 0.1360416 0.1297134 0.1805336 0.1487844 0.2253702 0.1349140 0.1722382 
Amauria_carterae_99_mesa                   0.1097413 0.0000000 0.1503488 0.1332704 0.0856725 0.1781817 0.1090064 0.1326341 0.2157019 0.1838684 0.1116319 0.1249394 0.1155039 0.1219999 0.2971552 0.1401004 0.3439435 0.1278879 0.1720097 0.1286184 0.3366937 0.1186904 0.1871229 0.1252432 0.1449523 0.1207166 0.1179194 0.1244871 0.2522907 0.1173997 0.2143204 0.1280653 0.1324535 0.1789610 0.1388344 0.1445648 0.2531710 0.1320657 0.1367337 0.1205742 0.1317058 0.1464370 0.1545916 0.1352643 0.1728159 0.3368077 0.1210250 0.3570763 0.1529190 0.1318197 0.1348320 0.1266691 0.1140676 0.1232704 0.1360461 0.1255470 0.1717751 0.1176480 0.1298570 0.1423215 0.1582417 0.2610925 0.1028384 0.1165512 0.1045489 0.1296314 0.1206241 0.1744886 0.1358165 0.1254587 0.1264981 0.2260914 0.1241432 0.1315066 0.1574951 0.1146961 0.1067699 0.1357687 0.1275260 0.1189288 0.1244687 0.1300345 0.2462747 0.1305924 0.1262561 
Amauria_rotundifolia_SRR9119150            0.1454455 0.1503488 0.0000000 0.2548272 0.2402104 0.1142489 0.3186862 0.1826389 0.3559179 0.8926481 0.2072700 0.1596766 0.1617724 0.1167393 0.1259599 0.1750387 0.1392516 0.2055652 0.1637842 0.1088618 0.1398472 0.1588507 0.2357593 0.1787795 0.4292054 0.1866028 0.2059486 0.2072604 0.1311604 0.0766179 0.1681107 0.1954478 0.1726782 0.8926481 0.1856320 0.1878758 0.1487269 0.1760951 0.1969488 0.1441270 0.1897400 0.2067991 0.3180219 0.1962338 0.2101752 0.1249368 0.1800411 0.1425906 0.2875560 0.1098540 0.1183788 0.1285502 0.1650248 0.1751575 0.1647980 0.1630141 0.2247232 0.1615155 0.1852452 0.2054363 0.1829750 0.1544276 0.1721587 0.1563594 0.1784236 0.1668481 0.1942093 0.1972856 0.0991023 0.1583042 0.1566085 0.1851643 0.1799850 0.1706826 0.1480066 0.2746459 0.1725800 0.2514782 0.1287009 0.1656495 0.2026663 0.1852452 0.9655768 0.1939908 0.1821972 
Conoclinium_coelestinum_SRR9119114         0.2210111 0.1332704 0.2548272 0.0000000 0.2215370 0.0803099 0.1752865 0.1696232 0.3712656 0.2098114 0.2089417 0.2153774 0.2178150 0.1975224 0.3288609 0.2103431 0.4765811 0.1812926 0.3062397 0.1629900 0.3262369 0.2016001 0.2561571 0.2264974 0.2262445 0.2228009 0.2361483 0.2106240 0.3167605 0.1214314 0.2841636 0.2159996 0.1709375 0.2119520 0.2362544 0.2470318 0.3596637 0.2487406 0.2239666 0.2018747 0.2225248 0.2580615 0.2202982 0.2481950 0.2233935 0.4442697 0.2211118 0.4659847 0.2852748 0.2315164 0.1935279 0.2090752 0.2166078 0.2271640 0.2194236 0.1436155 0.2051873 0.2186476 0.2260662 0.2003847 0.1965492 0.3731857 0.1862945 0.1899168 0.2147581 0.2277340 0.2193736 0.2302594 0.1160134 0.2171572 0.1882234 0.3365887 0.2239654 0.2177080 0.1650264 0.1869650 0.2016689 0.2657691 0.2108023 0.2179542 0.1981591 0.2271899 0.2928575 0.1819665 0.2206164 
Eutetras_palmeri_63                        0.1658591 0.0856725 0.2402104 0.2215370 0.0000000 0.3256795 0.1903922 0.1566337 0.3210838 0.1418394 0.0614360 0.1524347 0.1618640 0.1842184 0.3540009 0.1635705 0.4743536 0.1645626 0.2966511 0.1342590 0.3954646 0.1518106 0.2752038 0.1686469 0.1537710 0.1698188 0.1778133 0.1715335 0.3519084 0.1680656 0.6917609 0.1554093 0.1439699 0.1416644 0.1735858 0.1995674 0.3157798 0.2091065 0.1869581 0.2045442 0.1699661 0.1918886 0.1481221 0.1787701 0.2186602 0.4570636 0.1642881 0.4734008 0.1935994 0.1788804 0.1555073 0.1963114 0.1593261 0.1541760 0.1844816 0.1480900 0.1854545 0.1515310 0.1680238 0.1982528 0.2192812 0.3786145 0.1348811 0.1558648 0.1736188 0.1591133 0.1338677 0.2064010 0.2013669 0.1592884 0.1448630 0.3262912 0.1672947 0.1620322 0.1644385 0.1436938 0.1278792 0.1907665 0.1870050 0.1587261 0.1717580 0.1680756 0.2357063 0.1514075 0.1780318 
Eutetras_pringlei_149_quer                 0.2223194 0.1781817 0.1142489 0.0803099 0.3256795 0.0000000 0.0965697 0.0907323 0.1014863 1.0448484 0.0833095 0.2084226 0.2034245 0.2156932 0.1916059 0.2204994 0.2090129 0.1141636 0.0932868 0.2074261 0.1915142 0.2117830 0.1855881 0.2297146 0.2127670 0.2333875 0.2292019 0.2097203 0.1004066 0.2494093 0.2444288 0.1012012 0.1997078 1.0343453 0.2330340 0.2339287 0.2087515 0.2086469 0.2157710 0.2265783 0.2230818 0.2331298 0.3807908 0.2346972 0.5022847 0.1918519 0.2129191 0.2008514 0.4625553 0.4818526 0.2030222 0.2083851 0.2136567 0.2178402 0.3441083 0.2088864 0.5831395 0.2099799 0.2082949 0.2721134 0.0526092 0.2372270 0.0000010 0.1981322 0.1280908 0.2361989 0.1492867 0.3976495 0.1857226 0.2180120 0.1504766 0.2637548 0.2180780 0.2287423 0.2022442 0.3538483 0.0915086 0.2572828 0.2192965 0.1917776 0.1600184 0.2134252 0.2968380 0.0887757 0.2447014 
Eutrochium_fistulosum_SRR9119106           0.2196533 0.1090064 0.3186862 0.1752865 0.1903922 0.0965697 0.0000000 0.1416819 0.3919217 0.1658882 0.2348413 0.2335904 0.2371194 0.2275290 0.3607632 0.2204051 0.4819008 0.2154469 0.3369940 0.2436703 0.3994124 0.2314899 0.2405971 0.2340581 0.2575189 0.2394746 0.2440205 0.2163957 0.3718525 0.1201049 0.3188557 0.2316706 0.2194899 0.1663467 0.2400362 0.2705751 0.3924481 0.2219011 0.2301152 0.1713491 0.2397835 0.2726550 0.2412304 0.2611996 0.2145872 0.4468722 0.2313480 0.4772659 0.2539533 0.2252004 0.2713095 0.2777550 0.2398281 0.2333239 0.2345368 0.1542124 0.2119594 0.2322657 0.2372904 0.2494186 0.1783285 0.4067706 0.1661210 0.2080549 0.2491972 0.2330527 0.2321825 0.2406219 0.1032040 0.2308438 0.2162651 0.3969518 0.2339669 0.2264735 0.2893639 0.2003884 0.2230193 0.2738290 0.2711488 0.2297903 0.2035385 0.2382684 0.2506881 0.1789119 0.1825396 
Galeana_pratensis_104_mex                  0.1572266 0.1326341 0.1826389 0.1696232 0.1566337 0.0907323 0.1416819 0.0000000 0.2135607 0.1871833 0.1467003 0.1579882 0.1496088 0.1286896 0.2499365 0.1511873 0.2588902 0.1477208 0.1926623 0.1232310 0.2761583 0.1527971 0.1745888 0.1538430 0.1836259 0.1422459 0.1546742 0.1651930 0.2641763 0.1300592 0.1370081 0.1601481 0.1400528 0.1922806 0.1640898 0.1426930 0.2116482 0.1491053 0.1558293 0.1218377 0.1618035 0.1544467 0.1713382 0.1457328 0.1494735 0.2472031 0.1453568 0.2750764 0.1735860 0.1474886 0.1285264 0.1234503 0.1533615 0.1534941 0.1744710 0.1476495 0.1820161 0.1480986 0.1495036 0.1506674 0.1589683 0.2859975 0.1761561 0.1317109 0.1469917 0.1560383 0.1446857 0.1742836 0.1105793 0.1526747 0.1581921 0.2043349 0.1467488 0.1506795 0.1314161 0.1606609 0.1469139 0.1548320 0.1278600 0.1516988 0.1543116 0.1524305 0.3369839 0.1629140 0.1513487 
Helianthus_annuus_SRR9119062               0.3257690 0.2157019 0.3559179 0.3712656 0.3210838 0.1014863 0.3919217 0.2135607 0.0000000 0.3889063 0.3351753 0.3366830 0.3191878 0.2711315 0.4129453 0.3420274 0.5581976 0.3198255 0.3574221 0.2617290 0.4638336 0.3156630 0.3326468 0.3339153 0.3734004 0.3417639 0.3426726 0.3299205 0.4020453 0.1702820 0.3461773 0.3492096 0.2466345 0.3903531 0.3490936 0.3525088 0.4225219 0.3266138 0.3582401 0.2492469 0.3373922 0.3744509 0.3383764 0.3537113 0.3228730 0.5174492 0.3360713 0.5177331 0.3959774 0.2557814 0.2951135 0.3158945 0.3234302 0.3221599 0.3523494 0.2503470 0.2758838 0.3262098 0.3394651 0.2870024 0.2345523 0.4369010 0.2157813 0.2589663 0.3495051 0.3279057 0.3353383 0.3419943 0.1539693 0.3254959 0.3032818 0.4142369 0.3395409 0.3340374 0.2725790 0.2419485 0.3248194 0.3945200 0.3071212 0.3208220 0.2808654 0.3450346 0.4697489 0.2443864 0.3012800 
Lycapsus_tenuifolius_17                    0.1869149 0.1838684 0.8926481 0.2098114 0.1418394 1.0448484 0.1658882 0.1871833 0.3889063 0.0000000 0.2254824 0.1924671 0.1952725 0.9543157 0.8341669 0.2187230 0.8861613 0.2617575 0.4319454 0.7869458 0.8350300 0.1989070 0.3204337 0.1913498 0.1819809 0.1916978 0.1737228 0.1956895 0.7979570 1.0186540 0.9841743 0.2208908 0.3321767 0.0055343 0.1919271 0.2631265 0.7176920 0.2056960 0.2131470 0.9122032 0.1923366 0.2501605 0.1652519 0.2411699 0.1381877 0.8701838 0.1823968 0.8118933 0.1693076 0.8377420 0.7697731 0.7877851 0.1788470 0.1928091 0.1727031 0.2236687 0.2425175 0.1825071 0.1931505 0.2973780 0.3156009 0.7303001 0.1001288 0.2988385 0.1369905 0.1812753 0.1559119 0.2657894 0.9221242 0.1946778 0.1945399 0.6460550 0.1898305 0.1911516 0.7661873 0.1956002 0.1466429 0.2615890 0.7228939 0.1889989 0.1703521 0.1915937 0.1212469 0.2443779 0.2270567 
Pericome_caudata_50_silver                 0.1817317 0.1116319 0.2072700 0.2089417 0.0614360 0.0833095 0.2348413 0.1467003 0.3351753 0.2254824 0.0000000 0.1685382 0.1766746 0.1933966 0.2980752 0.1824922 0.3845495 0.1878078 0.2509998 0.1670728 0.2984641 0.1702651 0.2476285 0.1720225 0.2375946 0.1772983 0.1800804 0.2065670 0.2685903 0.1997316 0.3615629 0.1641061 0.1770769 0.2251731 0.1784839 0.2219817 0.2941474 0.2202420 0.1944144 0.1919767 0.1776445 0.2260362 0.2373462 0.2080801 0.2368940 0.3583930 0.1713417 0.3727624 0.2428310 0.1955159 0.1804557 0.1935288 0.1775023 0.1770898 0.2021095 0.1641248 0.2871832 0.1722686 0.1745195 0.2193068 0.1819892 0.3388672 0.1495865 0.1694983 0.1898097 0.1851798 0.1550837 0.2328458 0.1878743 0.1721774 0.1526716 0.3180037 0.1745443 0.1724238 0.1930347 0.2309247 0.1356520 0.2385130 0.1996443 0.1644859 0.1815868 0.1775272 0.2771289 0.1698267 0.1952716 
Perityle_aglossa_84_dead_horse             0.1314645 0.1249394 0.1596766 0.2153774 0.1524347 0.2084226 0.2335904 0.1579882 0.3366830 0.1924671 0.1685382 0.0000000 0.0386940 0.0355124 0.1516806 0.1032202 0.2282630 0.1671972 0.2342203 0.0306814 0.1479912 0.0368085 0.1235045 0.0454984 0.1265959 0.0514967 0.0552627 0.0745017 0.2414607 0.1073976 0.2304083 0.1578337 0.1296360 0.1933969 0.0499579 0.1568398 0.1324633 0.1698839 0.1187215 0.0649632 0.0486109 0.1612618 0.1684164 0.1529627 0.2398576 0.2122335 0.0461607 0.2183557 0.1958736 0.0353951 0.0284318 0.0384136 0.0456612 0.0465830 0.1746863 0.0422386 0.2175744 0.0367818 0.0489871 0.1645162 0.1860980 0.2569009 0.0576626 0.0209682 0.1530732 0.0557957 0.1510066 0.1990407 0.0579269 0.0363755 0.0294163 0.2368298 0.0473840 0.0466147 0.0321671 0.1591700 0.1104540 0.1709306 0.0448848 0.0200535 0.1533228 0.0508796 0.2313781 0.1594055 0.0851446 
Perityle_ajoensis_204                      0.1283740 0.1155039 0.1617724 0.2178150 0.1618640 0.2034245 0.2371194 0.1496088 0.3191878 0.1952725 0.1766746 0.0386940 0.0000000 0.0465152 0.1559472 0.1032607 0.2208555 0.1717913 0.2363603 0.0373257 0.1441257 0.0408378 0.1225089 0.0527551 0.1215740 0.0312484 0.0601916 0.0767131 0.2451183 0.1051430 0.2422554 0.1563371 0.1356361 0.1978265 0.0402316 0.1605796 0.1166109 0.1697454 0.1228897 0.0668338 0.0521285 0.1617878 0.1582919 0.1567346 0.2421353 0.2180710 0.0491248 0.2232889 0.1973911 0.0450860 0.0288972 0.0472884 0.0489519 0.0428260 0.1781208 0.0451505 0.2140124 0.0376179 0.0529857 0.1647594 0.1740186 0.2609766 0.0558685 0.0327664 0.1549457 0.0552546 0.1587582 0.2016129 0.0465705 0.0293581 0.0362898 0.2361286 0.0513017 0.0505918 0.0359152 0.1635270 0.1109363 0.1728637 0.0356180 0.0408301 0.1571954 0.0549337 0.2268338 0.1669674 0.0856293 
Perityle_ambrosiifolia_67_green            0.1346579 0.1219999 0.1167393 0.1975224 0.1842184 0.2156932 0.2275290 0.1286896 0.2711315 0.9543157 0.1933966 0.0355124 0.0465152 0.0000000 0.0299220 0.0639621 0.0337732 0.1615461 0.1143422 0.0349044 0.0277398 0.0327545 0.1116572 0.0497936 0.1402471 0.0669773 0.0803000 0.0867591 0.1198967 0.1028824 0.1535253 0.1562392 0.1149534 0.9835592 0.0643157 0.1469672 0.0393253 0.1511452 0.0946615 0.0579616 0.0584943 0.1452392 0.2209361 0.1422342 0.3371741 0.0300340 0.0583059 0.0420834 0.1696650 0.0447641 0.0326632 0.0349819 0.0496941 0.0462929 0.1958876 0.0455319 0.3178104 0.0411247 0.0603604 0.1534293 0.0767391 0.1351849 0.0618602 0.0376424 0.1353371 0.0504555 0.1397106 0.2910080 0.0550955 0.0373158 0.0251562 0.1208367 0.0596709 0.0545585 0.0351630 0.1788653 0.1181175 0.1189358 0.0397570 0.0322036 0.1234117 0.0623419 0.7635998 0.1639846 0.0794472 
Perityle_angustifolia_13_Eagle_creek       0.2943613 0.2971552 0.1259599 0.3288609 0.3540009 0.1916059 0.3607632 0.2499365 0.4129453 0.8341669 0.2980752 0.1516806 0.1559472 0.0299220 0.0000000 0.1981595 0.0230723 0.2837610 0.3192513 0.0275996 0.0298971 0.1536005 0.1946090 0.1564713 0.2921313 0.1574686 0.1661786 0.2048520 0.2305336 0.0989321 0.1686082 0.2816502 0.2389625 0.8395486 0.1615464 0.2565688 0.0774934 0.2941686 0.2224889 0.0221423 0.1622928 0.2463580 0.3595428 0.2461053 0.4493466 0.0246856 0.1572247 0.0903121 0.3732848 0.0308005 0.0154365 0.0236418 0.1683787 0.1370158 0.3521492 0.1679321 0.4346797 0.1524482 0.1592188 0.2417780 0.3273384 0.2197714 0.2755062 0.1016334 0.3021884 0.1659131 0.2880798 0.3879363 0.0429184 0.1511163 0.1599828 0.2300521 0.1569599 0.1602873 0.0210329 0.2972667 0.2608808 0.2377947 0.0278547 0.1597333 0.2796275 0.1609400 0.8518727 0.2603212 0.1788106 
Perityle_batopilensis_97                   0.1504597 0.1401004 0.1750387 0.2103431 0.1635705 0.2204994 0.2204051 0.1511873 0.3420274 0.2187230 0.1824922 0.1032202 0.1032607 0.0639621 0.1981595 0.0000000 0.2780580 0.1908279 0.2481837 0.0710926 0.2018987 0.1030818 0.1807487 0.1160108 0.1927511 0.1192589 0.1242079 0.1315363 0.2507227 0.1001506 0.2336933 0.1761064 0.1026540 0.2201960 0.1161476 0.1872396 0.1782462 0.1896190 0.0294294 0.0981243 0.1205437 0.1852805 0.2107121 0.1781018 0.2467478 0.2714546 0.1139315 0.2727701 0.2276688 0.0604838 0.0749872 0.0834758 0.1136866 0.1120030 0.1868875 0.0998777 0.2591622 0.1050396 0.1187857 0.1722596 0.1892389 0.2627846 0.1255871 0.0826326 0.1783011 0.1243792 0.1573321 0.2408219 0.0892346 0.1024168 0.1009910 0.2585607 0.1165250 0.1156521 0.0771179 0.1708589 0.1452641 0.2060083 0.0782151 0.0992794 0.1822934 0.1215022 0.2741934 0.1812739 0.1348896 
Perityle_bisetosa_9                        0.3752418 0.3439435 0.1392516 0.4765811 0.4743536 0.2090129 0.4819008 0.2588902 0.5581976 0.8861613 0.3845495 0.2282630 0.2208555 0.0337732 0.0230723 0.2780580 0.0000000 0.3088424 0.3513533 0.0419017 0.0553341 0.2000669 0.2286606 0.2500372 0.4342213 0.2449647 0.2648920 0.2852464 0.2663316 0.1117946 0.2283528 0.3461195 0.2493076 0.8774390 0.2468796 0.3590192 0.1290008 0.3898600 0.3011050 0.0608823 0.2581003 0.3557576 0.4829673 0.3523902 0.5287094 0.0969319 0.2499194 0.1657117 0.5032407 0.0477350 0.0479871 0.0572072 0.2505907 0.2417395 0.4106691 0.2073930 0.4516186 0.2344881 0.2522971 0.2445834 0.3191544 0.2558135 0.3153230 0.0959876 0.4014254 0.2571241 0.4064351 0.4660716 0.0534351 0.2112062 0.2548904 0.3322570 0.2492286 0.2529266 0.0433610 0.3064377 0.3683013 0.3608019 0.0474164 0.2313224 0.3435596 0.2549686 0.9056261 0.2800036 0.2979288 
Perityle_californica_76_positas            0.1681000 0.1278879 0.2055652 0.1812926 0.1645626 0.1141636 0.2154469 0.1477208 0.3198255 0.2617575 0.1878078 0.1671972 0.1717913 0.1615461 0.2837610 0.1908279 0.3088424 0.0000000 0.2055597 0.1636453 0.2930552 0.1627081 0.1964460 0.1789278 0.2368018 0.1766806 0.1915657 0.1873694 0.2566915 0.1670168 0.2918721 0.1166093 0.1805728 0.2603188 0.1821233 0.2017749 0.2319712 0.1894190 0.1979157 0.1717003 0.1766859 0.2104193 0.2542983 0.2043015 0.2957571 0.3088682 0.1671791 0.3215976 0.2329896 0.1341479 0.1657533 0.1724353 0.1768058 0.1664868 0.2298405 0.1637079 0.2673024 0.1681560 0.1724899 0.2098043 0.1514937 0.2869697 0.1490590 0.1505041 0.1848888 0.1779252 0.1812771 0.2806829 0.1916833 0.1680613 0.1634600 0.2410692 0.1697855 0.1720751 0.1861403 0.2078939 0.1562028 0.2101826 0.1647848 0.1715175 0.1877543 0.1747673 0.2398174 0.1011409 0.1758697 
Perityle_canescens_77                      0.2592919 0.1720097 0.1637842 0.3062397 0.2966511 0.0932868 0.3369940 0.1926623 0.3574221 0.4319454 0.2509998 0.2342203 0.2363603 0.1143422 0.3192513 0.2481837 0.3513533 0.2055597 0.0000000 0.1160362 0.2657037 0.2343653 0.2150523 0.2355789 0.3805170 0.2380225 0.2427607 0.2468738 0.2433679 0.0989110 0.2777785 0.2573734 0.2277052 0.4257428 0.2371854 0.2619239 0.2378450 0.2919402 0.2657829 0.0957734 0.2366624 0.2643868 0.3484430 0.2556591 0.2616602 0.3425470 0.2372317 0.3329182 0.3381199 0.1027000 0.1317604 0.1302028 0.2334345 0.2259831 0.2443063 0.1747231 0.2499766 0.2265243 0.2421631 0.2190265 0.1270283 0.3417156 0.1848866 0.1407363 0.2535967 0.2327244 0.2596808 0.2769812 0.0871865 0.2300965 0.2391594 0.2324377 0.2418885 0.2407052 0.1353584 0.2390438 0.2577435 0.3094681 0.1287798 0.2387280 0.2579479 0.2438385 0.5190521 0.2095697 0.2219184 
Perityle_castillonii_96                    0.1229718 0.1286184 0.1088618 0.1629900 0.1342590 0.2074261 0.2436703 0.1232310 0.2617290 0.7869458 0.1670728 0.0306814 0.0373257 0.0349044 0.0275996 0.0710926 0.0419017 0.1636453 0.1160362 0.0000000 0.0237863 0.0316828 0.1114929 0.0298170 0.2134345 0.0376716 0.0359889 0.0928993 0.1176534 0.0989204 0.1846860 0.1594924 0.1135451 0.7861380 0.0343913 0.1368913 0.0423652 0.1306311 0.0986516 0.0243944 0.0344288 0.1403537 0.3026120 0.1375354 0.2788344 0.0291034 0.0309085 0.0304676 0.1926691 0.0296916 0.0256164 0.0205786 0.0422070 0.0291190 0.1826263 0.0413791 0.3251153 0.0306612 0.0343711 0.1478468 0.0648256 0.1262203 0.0626616 0.0255114 0.1258489 0.0560438 0.1355212 0.2597387 0.0559606 0.0315358 0.0265026 0.1218544 0.0314997 0.0357551 0.0335529 0.2075837 0.0930287 0.1649054 0.0343466 0.0257793 0.1395327 0.0360964 0.8664970 0.1652804 0.0688140 
Perityle_cernua_84                         0.3020501 0.3366937 0.1398472 0.3262369 0.3954646 0.1915142 0.3994124 0.2761583 0.4638336 0.8350300 0.2984641 0.1479912 0.1441257 0.0277398 0.0298971 0.2018987 0.0553341 0.2930552 0.2657037 0.0237863 0.0000000 0.1426638 0.1865132 0.1522257 0.3326572 0.1537187 0.1605895 0.2266691 0.2164567 0.1049404 0.1708569 0.2747726 0.1853508 0.8414937 0.1544316 0.2695900 0.0631965 0.3060981 0.2371132 0.0227552 0.1493998 0.2649791 0.4455301 0.2695380 0.4408327 0.0465908 0.1498455 0.0311952 0.4348821 0.0350277 0.0349425 0.0315706 0.1608392 0.1431366 0.3504322 0.1757997 0.5118514 0.1481005 0.1517091 0.2017648 0.2538457 0.2158796 0.3278927 0.0851510 0.2776774 0.1643331 0.3102867 0.4136684 0.0468023 0.1475902 0.1508977 0.2534076 0.1486565 0.1521826 0.0250338 0.3261209 0.2828254 0.2907193 0.0424706 0.1428159 0.2793394 0.1544063 0.8445032 0.2913000 0.2166105 
Perityle_cfvillosa_25_tin                  0.1340646 0.1186904 0.1588507 0.2016001 0.1518106 0.2117830 0.2314899 0.1527971 0.3156630 0.1989070 0.1702651 0.0368085 0.0408378 0.0327545 0.1536005 0.1030818 0.2000669 0.1627081 0.2343653 0.0316828 0.1426638 0.0000000 0.1065410 0.0467516 0.1283232 0.0533186 0.0580384 0.0788555 0.2432454 0.1022016 0.2205429 0.1554741 0.1309423 0.1997616 0.0537370 0.1590842 0.1119696 0.1666464 0.1221980 0.0576515 0.0527557 0.1609583 0.1686885 0.1549523 0.2481056 0.1784321 0.0386291 0.1721836 0.1947654 0.0357291 0.0293420 0.0403708 0.0476115 0.0414599 0.1807565 0.0424696 0.2113550 0.0196645 0.0426243 0.1679184 0.1776864 0.2561021 0.0513448 0.0275513 0.1520593 0.0545462 0.1585431 0.2025001 0.0584942 0.0404729 0.0321302 0.2220478 0.0399295 0.0400338 0.0363878 0.1440735 0.1057284 0.1659465 0.0422821 0.0367905 0.1488689 0.0441570 0.2437064 0.1611150 0.0703410 
Perityle_cinerea_113_Powell1310            0.2197076 0.1871229 0.2357593 0.2561571 0.2752038 0.1855881 0.2405971 0.1745888 0.3326468 0.3204337 0.2476285 0.1235045 0.1225089 0.1116572 0.1946090 0.1807487 0.2286606 0.1964460 0.2150523 0.1114929 0.1865132 0.1065410 0.0000000 0.1272533 0.2161761 0.1255425 0.1370134 0.1799851 0.3116018 0.2011772 0.2204214 0.2232369 0.1556596 0.3162854 0.1214615 0.2128344 0.1723206 0.2189371 0.1925917 0.1245510 0.1273630 0.2158332 0.2846664 0.2220752 0.2927125 0.2511486 0.1247646 0.2672888 0.2888164 0.2894068 0.1022472 0.1062789 0.1306701 0.1189299 0.2262956 0.1097019 0.2982523 0.1214876 0.1296462 0.1849427 0.1529606 0.2925609 0.1937893 0.0863575 0.2033567 0.1376938 0.2082081 0.2601643 0.0733173 0.1106894 0.1268709 0.2099633 0.1249408 0.1258587 0.0801588 0.2588582 0.1749345 0.1742744 0.1151264 0.1331790 0.1808636 0.1260801 0.3869790 0.2020723 0.1806771 
Perityle_coahuilensis_24                   0.1421785 0.1252432 0.1787795 0.2264974 0.1686469 0.2297146 0.2340581 0.1538430 0.3339153 0.1913498 0.1720225 0.0454984 0.0527551 0.0497936 0.1564713 0.1160108 0.2500372 0.1789278 0.2355789 0.0298170 0.1522257 0.0467516 0.1272533 0.0000000 0.1304893 0.0382132 0.0422512 0.0841751 0.2539945 0.1001746 0.2363238 0.1615620 0.1262986 0.1923957 0.0345030 0.1728171 0.1521116 0.1786337 0.1333536 0.0099725 0.0345066 0.1765050 0.1598887 0.1713380 0.2413066 0.2151197 0.0276919 0.2369302 0.2141666 0.0828101 0.0409235 0.0478572 0.0564623 0.0355466 0.1877634 0.0415895 0.2110386 0.0463977 0.0308622 0.1703440 0.1728564 0.2679701 0.0510625 0.0474385 0.1630352 0.0666994 0.1611376 0.2099494 0.0505008 0.0463905 0.0047110 0.2431300 0.0293744 0.0334191 0.0331347 0.1538119 0.1146473 0.1851334 0.0592301 0.0439401 0.1534756 0.0326852 0.2308524 0.1647923 0.0971435 
Perityle_cochisensis_44_cave_creek         0.1866588 0.1449523 0.4292054 0.2262445 0.1537710 0.2127670 0.2575189 0.1836259 0.3734004 0.1819809 0.2375946 0.1265959 0.1215740 0.1402471 0.2921313 0.1927511 0.4342213 0.2368018 0.3805170 0.2134345 0.3326572 0.1283232 0.2161761 0.1304893 0.0000000 0.1270023 0.1359848 0.0812107 0.4807213 0.1558331 0.2703472 0.2223678 0.2063259 0.1828872 0.1289718 0.2403304 0.3069731 0.1786347 0.2180660 0.0594581 0.1099126 0.2409428 0.1707241 0.2394244 0.2788569 0.4215845 0.1253528 0.4301777 0.2149489 0.0210191 0.2162678 0.2102201 0.1426937 0.1257936 0.2725361 0.0827463 0.2165114 0.1314081 0.1309193 0.2601874 0.1974965 0.3638762 0.0557426 0.1379603 0.2293003 0.1351337 0.2391417 0.2839373 0.1037289 0.1242039 0.1278809 0.3665198 0.1294644 0.1320499 0.2065133 0.1346689 0.1703857 0.2267623 0.2155045 0.1164942 0.1893133 0.1331482 0.1870661 0.2345171 0.0810893 
Perityle_congesta_202                      0.1401447 0.1207166 0.1866028 0.2228009 0.1698188 0.2333875 0.2394746 0.1422459 0.3417639 0.1916978 0.1772983 0.0514967 0.0312484 0.0669773 0.1574686 0.1192589 0.2449647 0.1766806 0.2380225 0.0376716 0.1537187 0.0533186 0.1255425 0.0382132 0.1270023 0.0000000 0.0425995 0.0861491 0.2620073 0.0998245 0.2441451 0.1641021 0.1352453 0.1927596 0.0288353 0.1766235 0.1463278 0.1817152 0.1357440 0.0336684 0.0379927 0.1803962 0.1659138 0.1757846 0.2492160 0.2207360 0.0324229 0.2342638 0.2192259 0.0930207 0.0451114 0.0560094 0.0559571 0.0433013 0.1933031 0.0464850 0.2180322 0.0457587 0.0342838 0.1755539 0.1725362 0.2785121 0.0538674 0.0524588 0.1640751 0.0696967 0.1662598 0.2135140 0.0491010 0.0379818 0.0354391 0.2478058 0.0345659 0.0392032 0.0333257 0.1613580 0.1184339 0.1908586 0.0516938 0.0527126 0.1586576 0.0361313 0.2275347 0.1633339 0.1028163 
Perityle_cordifolia_27                     0.1417471 0.1179194 0.2059486 0.2361483 0.1778133 0.2292019 0.2440205 0.1546742 0.3426726 0.1737228 0.1800804 0.0552627 0.0601916 0.0803000 0.1661786 0.1242079 0.2648920 0.1915657 0.2427607 0.0359889 0.1605895 0.0580384 0.1370134 0.0422512 0.1359848 0.0425995 0.0000000 0.0938013 0.2676365 0.1080859 0.2583249 0.1683437 0.1335680 0.1741438 0.0443658 0.1826989 0.1705124 0.1862851 0.1405487 0.0535568 0.0434798 0.1870377 0.1652814 0.1819285 0.2367916 0.2288203 0.0382838 0.2513176 0.2306012 0.1113488 0.0518033 0.0597414 0.0504870 0.0467093 0.1891965 0.0510808 0.2160956 0.0548445 0.0429481 0.1918058 0.1816241 0.2807780 0.0456757 0.0579384 0.1732421 0.0600858 0.1700422 0.2072851 0.0544300 0.0533304 0.0362888 0.2588390 0.0408984 0.0452286 0.0374644 0.1637000 0.1209479 0.1937005 0.0709259 0.0582288 0.1630219 0.0439130 0.2270582 0.1704609 0.1125975 
Perityle_cordifolia_68_tecolote            0.1442175 0.1244871 0.2072604 0.2106240 0.1715335 0.2097203 0.2163957 0.1651930 0.3299205 0.1956895 0.2065670 0.0745017 0.0767131 0.0867591 0.2048520 0.1315363 0.2852464 0.1873694 0.2468738 0.0928993 0.2266691 0.0788555 0.1799851 0.0841751 0.0812107 0.0861491 0.0938013 0.0000000 0.2885949 0.1183967 0.2560565 0.1815139 0.1608987 0.1945500 0.0893318 0.1867667 0.1827964 0.1563591 0.1525490 0.0714907 0.0872199 0.1828851 0.1388787 0.1819365 0.2634131 0.2887830 0.0794024 0.2956956 0.1779460 0.0576167 0.0849158 0.0969867 0.0803437 0.0725243 0.1908947 0.0401571 0.2314867 0.0769372 0.0863581 0.2000619 0.1715583 0.2839004 0.0709267 0.0770598 0.1592012 0.0792121 0.1715979 0.2461512 0.0722078 0.0744057 0.0721339 0.2679850 0.0836230 0.0868510 0.1038416 0.1533716 0.1466482 0.1604759 0.0978649 0.0721247 0.1658066 0.0881794 0.2232272 0.1920038 0.0967530 
Perityle_coronopifolia_28_patagonia        0.2674724 0.2522907 0.1311604 0.3167605 0.3519084 0.1004066 0.3718525 0.2641763 0.4020453 0.7979570 0.2685903 0.2414607 0.2451183 0.1198967 0.2305336 0.2507227 0.2663316 0.2566915 0.2433679 0.1176534 0.2164567 0.2432454 0.3116018 0.2539945 0.4807213 0.2620073 0.2676365 0.2885949 0.0000000 0.0931717 0.2201309 0.2525521 0.2416684 0.7979570 0.2661647 0.2561340 0.2050283 0.2772436 0.2788953 0.1349658 0.2670269 0.2668616 0.3859002 0.2627367 0.2543300 0.2355496 0.2570718 0.2510966 0.3815160 0.1238871 0.1371089 0.1378140 0.2416575 0.2552299 0.2179290 0.2411366 0.3071042 0.2430676 0.2649607 0.2370448 0.2599045 0.1859005 0.2951875 0.2063407 0.1986085 0.2535729 0.2453952 0.2631860 0.0916076 0.2446296 0.2457848 0.2780433 0.2582188 0.2529195 0.1489985 0.3159807 0.2541359 0.3272664 0.1419044 0.2409564 0.3018899 0.2638565 0.9036111 0.2696059 0.2515756 
Perityle_crassifolia_70_ventanas           0.1441631 0.1173997 0.0766179 0.1214314 0.1680656 0.2494093 0.1201049 0.1300592 0.1702820 1.0186540 0.1997316 0.1073976 0.1051430 0.1028824 0.0989321 0.1001506 0.1117946 0.1670168 0.0989110 0.0989204 0.1049404 0.1022016 0.2011772 0.1001746 0.1558331 0.0998245 0.1080859 0.1183967 0.0931717 0.0000000 0.0288652 0.1607891 0.0987796 1.0160240 0.1125805 0.1382953 0.1025601 0.1512426 0.1397455 0.0940208 0.1085830 0.1347910 0.2222334 0.1396888 0.3207839 0.1009521 0.1013974 0.1060951 0.1601310 0.0769325 0.0972334 0.0922337 0.1081208 0.1034159 0.1815385 0.1107317 0.3209141 0.1002472 0.1097265 0.1328019 0.0863327 0.1262865 0.0801447 0.1013080 0.0983309 0.1080387 0.0981601 0.3205807 0.1205056 0.1080390 0.0953105 0.0081630 0.1041019 0.1095258 0.1142372 0.1686473 0.0947413 0.1275513 0.1004150 0.1062970 0.1316757 0.1111220 0.8088268 0.1727457 0.1357909 
Perityle_crassifolia_74_playa_balandra     0.2710854 0.2143204 0.1681107 0.2841636 0.6917609 0.2444288 0.3188557 0.1370081 0.3461773 0.9841743 0.3615629 0.2304083 0.2422554 0.1535253 0.1686082 0.2336933 0.2283528 0.2918721 0.2777785 0.1846860 0.1708569 0.2205429 0.2204214 0.2363238 0.2703472 0.2441451 0.2583249 0.2560565 0.2201309 0.0288652 0.0000000 0.3078182 0.1507229 0.9822345 0.2471341 0.2745980 0.2191418 0.2552746 0.2330130 0.1170822 0.2385296 0.2621225 0.5221465 0.2669172 0.4663661 0.2198573 0.2335499 0.2177730 0.6460046 0.1362840 0.1790872 0.1718496 0.2640928 0.2358970 0.3490962 0.1737974 0.5604236 0.2430484 0.2407290 0.1923039 0.1069359 0.2005428 0.6693479 0.1841713 0.2624203 0.2411516 0.2963196 0.4485559 0.1280911 0.2427456 0.2353263 0.1134924 0.2383318 0.2459626 0.1839366 0.4035231 0.2245438 0.2920029 0.1777041 0.2323219 0.2265170 0.2432781 0.8796236 0.2541250 0.2269851 
Perityle_cuneata_34_cuneata_San_antonio    0.1504882 0.1280653 0.1954478 0.2159996 0.1554093 0.1012012 0.2316706 0.1601481 0.3492096 0.2208908 0.1641061 0.1578337 0.1563371 0.1562392 0.2816502 0.1761064 0.3461195 0.1166093 0.2573734 0.1594924 0.2747726 0.1554741 0.2232369 0.1615620 0.2223678 0.1641021 0.1683437 0.1815139 0.2525521 0.1607891 0.3078182 0.0000000 0.1708127 0.2202868 0.1643364 0.2037180 0.2505015 0.1901637 0.1915661 0.1613278 0.1611178 0.2037632 0.2411632 0.1970764 0.2501896 0.3437632 0.1568043 0.3542218 0.2250977 0.1369961 0.1664038 0.1735526 0.1650823 0.1602299 0.2008165 0.1553503 0.2702107 0.1585915 0.1620932 0.2109902 0.1802153 0.3193893 0.1468245 0.1442268 0.1800903 0.1678372 0.1757600 0.2579544 0.1782457 0.1585017 0.1488806 0.2890141 0.1606078 0.1616798 0.1813096 0.2086484 0.1548883 0.2272070 0.1607101 0.1492794 0.1955912 0.1649826 0.2657684 0.0843712 0.1819594 
Perityle_cuneata_4                         0.1715965 0.1324535 0.1726782 0.1709375 0.1439699 0.1997078 0.2194899 0.1400528 0.2466345 0.3321767 0.1770769 0.1296360 0.1356361 0.1149534 0.2389625 0.1026540 0.2493076 0.1805728 0.2277052 0.1135451 0.1853508 0.1309423 0.1556596 0.1262986 0.2063259 0.1352453 0.1335680 0.1608987 0.2416684 0.0987796 0.1507229 0.1708127 0.0000000 0.3293871 0.1350693 0.1731645 0.2046391 0.2000933 0.1284697 0.1040621 0.1268765 0.1729911 0.2608912 0.1688961 0.2464872 0.2389066 0.1239494 0.2637123 0.2260473 0.1036041 0.1111135 0.1080067 0.1409517 0.1399021 0.2004552 0.1288360 0.3378613 0.1261310 0.1272730 0.1341378 0.1616894 0.2678404 0.1407091 0.1205302 0.1610181 0.1442624 0.1318659 0.2459078 0.1283648 0.1299857 0.1239166 0.1832326 0.1278979 0.1295163 0.1063713 0.2221910 0.1233830 0.1956498 0.1105139 0.1288837 0.1864259 0.1313820 0.2803259 0.1734299 0.1418311 
Perityle_discoidea_81                      0.1861305 0.1789610 0.8926481 0.2119520 0.1416644 1.0343453 0.1663467 0.1922806 0.3903531 0.0055343 0.2251731 0.1933969 0.1978265 0.9835592 0.8395486 0.2201960 0.8774390 0.2603188 0.4257428 0.7861380 0.8414937 0.1997616 0.3162854 0.1923957 0.1828872 0.1927596 0.1741438 0.1945500 0.7979570 1.0160240 0.9822345 0.2202868 0.3293871 0.0000000 0.1929754 0.2633203 0.7178097 0.2066612 0.2145460 0.9390343 0.1933929 0.2501771 0.1602588 0.2410663 0.1365338 0.8646263 0.1833134 0.8183978 0.1696670 1.0056543 0.7864082 0.8049968 0.1773096 0.1942690 0.1732715 0.2245477 0.2441540 0.1834258 0.1924115 0.2954179 0.3086861 0.7301873 0.1003232 0.3040195 0.1286186 0.1821865 0.1521266 0.2632575 0.9162002 0.1956219 0.1956304 0.6375764 0.1890503 0.1903892 0.7826268 0.1870243 0.1470492 0.2635642 0.7378799 0.1900430 0.1687131 0.1908350 0.1229695 0.2426208 0.2248529 
Perityle_dissecta_201                      0.1437274 0.1388344 0.1856320 0.2362544 0.1735858 0.2330340 0.2400362 0.1640898 0.3490936 0.1919271 0.1784839 0.0499579 0.0402316 0.0643157 0.1615464 0.1161476 0.2468796 0.1821233 0.2371854 0.0343913 0.1544316 0.0537370 0.1214615 0.0345030 0.1289718 0.0288353 0.0443658 0.0893318 0.2661647 0.1125805 0.2471341 0.1643364 0.1350693 0.1929754 0.0000000 0.1772325 0.1456772 0.1858643 0.1330916 0.0382163 0.0342394 0.1764445 0.1756059 0.1729071 0.2489481 0.2218729 0.0360056 0.2446769 0.2212821 0.0913656 0.0390209 0.0530762 0.0592117 0.0404543 0.1912935 0.0508490 0.2268712 0.0532489 0.0392348 0.1808795 0.1855200 0.2823023 0.0635809 0.0518798 0.1712844 0.0685319 0.1684824 0.2167895 0.0573022 0.0342380 0.0314174 0.2492318 0.0381424 0.0423801 0.0333550 0.1787704 0.1237050 0.1920265 0.0559078 0.0516009 0.1669431 0.0410940 0.2330093 0.1712667 0.1020440 
Perityle_feddemae_99                       0.1774434 0.1445648 0.1878758 0.2470318 0.1995674 0.2339287 0.2705751 0.1426930 0.3525088 0.2631265 0.2219817 0.1568398 0.1605796 0.1469672 0.2565688 0.1872396 0.3590192 0.2017749 0.2619239 0.1368913 0.2695900 0.1590842 0.2128344 0.1728171 0.2403304 0.1766235 0.1826989 0.1867667 0.2561340 0.1382953 0.2745980 0.2037180 0.1731645 0.2633203 0.1772325 0.0000000 0.2377902 0.1921539 0.2025419 0.1698220 0.1801395 0.0320321 0.2607433 0.0256180 0.2868937 0.3446906 0.1741444 0.3434144 0.0817715 0.1374419 0.1434391 0.1580091 0.1631687 0.1638011 0.2032180 0.1424574 0.2744735 0.1596208 0.1772298 0.1630571 0.1878174 0.2598627 0.1292567 0.1398920 0.1978684 0.1757167 0.1875187 0.2554282 0.1483542 0.1624234 0.1543404 0.2793274 0.1774058 0.1742225 0.1555462 0.2034542 0.1535965 0.2269060 0.1555662 0.1583586 0.1778574 0.1796124 0.2903341 0.1885681 0.1587294 
Perityle_fosteri_93                        0.2493668 0.2531710 0.1487269 0.3596637 0.3157798 0.2087515 0.3924481 0.2116482 0.4225219 0.7176920 0.2941474 0.1324633 0.1166109 0.0393253 0.0774934 0.1782462 0.1290008 0.2319712 0.2378450 0.0423652 0.0631965 0.1119696 0.1723206 0.1521116 0.3069731 0.1463278 0.1705124 0.1827964 0.2050283 0.1025601 0.2191418 0.2505015 0.2046391 0.7178097 0.1456772 0.2377902 0.0000000 0.2690500 0.2050745 0.0638640 0.1602292 0.2361909 0.3852272 0.2295201 0.4052750 0.1286008 0.1562574 0.1133778 0.3349077 0.0387905 0.0382448 0.0600747 0.1470937 0.1348366 0.2905033 0.1331084 0.3882366 0.1282222 0.1579148 0.2121813 0.2374345 0.2046654 0.2042735 0.0760461 0.2643674 0.1513323 0.2749459 0.3600348 0.0370084 0.1287046 0.1400223 0.2472150 0.1552008 0.1563948 0.0418950 0.2554358 0.2440269 0.2673375 0.0494803 0.1249299 0.2337135 0.1609275 0.7557276 0.2216457 0.1781556 
Perityle_gamon_221                         0.1780805 0.1320657 0.1760951 0.2487406 0.2091065 0.2086469 0.2219011 0.1491053 0.3266138 0.2056960 0.2202420 0.1698839 0.1697454 0.1511452 0.2941686 0.1896190 0.3898600 0.1894190 0.2919402 0.1306311 0.3060981 0.1666464 0.2189371 0.1786337 0.1786347 0.1817152 0.1862851 0.1563591 0.2772436 0.1512426 0.2552746 0.1901637 0.2000933 0.2066612 0.1858643 0.1921539 0.2690500 0.0000000 0.2000607 0.1743358 0.1810556 0.1941902 0.2068957 0.1798315 0.2873990 0.3920873 0.1746900 0.3942580 0.1975338 0.1401634 0.1403482 0.1497617 0.1728127 0.1704811 0.2298925 0.1353720 0.2503977 0.1627279 0.1797253 0.1827609 0.1895787 0.3049701 0.1184079 0.1390433 0.2108376 0.1737715 0.1864671 0.2659121 0.1688415 0.1639970 0.1609410 0.2906009 0.1812450 0.1802225 0.1465466 0.1519172 0.1639194 0.1888115 0.1484804 0.1675168 0.1566615 0.1833063 0.2429772 0.1637597 0.1660061 
Perityle_gentryi_8_san_francisco           0.1528779 0.1367337 0.1969488 0.2239666 0.1869581 0.2157710 0.2301152 0.1558293 0.3582401 0.2131470 0.1944144 0.1187215 0.1228897 0.0946615 0.2224889 0.0294294 0.3011050 0.1979157 0.2657829 0.0986516 0.2371132 0.1221980 0.1925917 0.1333536 0.2180660 0.1357440 0.1405487 0.1525490 0.2788953 0.1397455 0.2330130 0.1915661 0.1284697 0.2145460 0.1330916 0.2025419 0.2050745 0.2000607 0.0000000 0.1344290 0.1381918 0.2016886 0.2338394 0.1947098 0.2610177 0.2890615 0.1313296 0.2930010 0.2434512 0.1025728 0.1015235 0.1035693 0.1291842 0.1297006 0.2013082 0.1261352 0.2753216 0.1221433 0.1368911 0.1970630 0.2265901 0.2699941 0.1531949 0.1055006 0.1927322 0.1383900 0.1728466 0.2474861 0.1408920 0.1193541 0.1202598 0.2748241 0.1339306 0.1326704 0.1173064 0.2154230 0.1537760 0.2211123 0.1018933 0.1200508 0.1816284 0.1391803 0.2832633 0.2038401 0.1562411 
Perityle_gilensis_22_Superstition          0.1603253 0.1205742 0.1441270 0.2018747 0.2045442 0.2265783 0.1713491 0.1218377 0.2492469 0.9122032 0.1919767 0.0649632 0.0668338 0.0579616 0.0221423 0.0981243 0.0608823 0.1717003 0.0957734 0.0243944 0.0227552 0.0576515 0.1245510 0.0099725 0.0594581 0.0336684 0.0535568 0.0714907 0.1349658 0.0940208 0.1170822 0.1613278 0.1040621 0.9390343 0.0382163 0.1698220 0.0638640 0.1743358 0.1344290 0.0000000 0.0361509 0.1675135 0.1689119 0.1694913 0.3451210 0.0259610 0.0286747 0.0702373 0.2063870 0.0968011 0.0467138 0.0627934 0.0734679 0.0261359 0.2147165 0.0349690 0.2762896 0.0661545 0.0318643 0.1728782 0.0738798 0.1536049 0.0445310 0.0667934 0.1557777 0.0729199 0.1560779 0.3313903 0.0482874 0.0650986 0.0062189 0.1420164 0.0294142 0.0325663 0.0264339 0.1190875 0.1304253 0.1437426 0.0714929 0.0567337 0.1099039 0.0339761 0.7755999 0.1531790 0.0965664 
Perityle_gilensis_salensis_225             0.1457309 0.1317058 0.1897400 0.2225248 0.1699661 0.2230818 0.2397835 0.1618035 0.3373922 0.1923366 0.1776445 0.0486109 0.0521285 0.0584943 0.1622928 0.1205437 0.2581003 0.1766859 0.2366624 0.0344288 0.1493998 0.0527557 0.1273630 0.0345066 0.1099126 0.0379927 0.0434798 0.0872199 0.2670269 0.1085830 0.2385296 0.1611178 0.1268765 0.1933929 0.0342394 0.1801395 0.1602292 0.1810556 0.1381918 0.0361509 0.0000000 0.1800600 0.1691917 0.1754236 0.2495298 0.2252514 0.0324090 0.2483231 0.2234993 0.0850941 0.0476977 0.0506734 0.0578298 0.0390779 0.1930862 0.0467884 0.2178069 0.0495101 0.0356258 0.1772591 0.1760096 0.2795524 0.0530871 0.0486050 0.1672145 0.0671663 0.1706256 0.2130379 0.0549222 0.0462069 0.0331949 0.2469234 0.0340962 0.0391794 0.0341266 0.1637356 0.1211776 0.1891418 0.0662911 0.0457534 0.1587167 0.0370020 0.2279993 0.1632056 0.1007792 
Perityle_glaucescens_94                    0.1842685 0.1464370 0.2067991 0.2580615 0.1918886 0.2331298 0.2726550 0.1544467 0.3744509 0.2501605 0.2260362 0.1612618 0.1617878 0.1452392 0.2463580 0.1852805 0.3557576 0.2104193 0.2643868 0.1403537 0.2649791 0.1609583 0.2158332 0.1765050 0.2409428 0.1803962 0.1870377 0.1828851 0.2668616 0.1347910 0.2621225 0.2037632 0.1729911 0.2501771 0.1764445 0.0320321 0.2361909 0.1941902 0.2016886 0.1675135 0.1800600 0.0000000 0.2654557 0.0270374 0.2901843 0.3439906 0.1755398 0.3465148 0.0825618 0.1410147 0.1457795 0.1644206 0.1671545 0.1637953 0.2062106 0.1383244 0.2860150 0.1641158 0.1785920 0.1638188 0.1877897 0.2585996 0.1358828 0.1436038 0.2038977 0.1801035 0.1951461 0.2642372 0.1501446 0.1650747 0.1555778 0.2820999 0.1787595 0.1755920 0.1547864 0.2142417 0.1659046 0.2350693 0.1630619 0.1566461 0.1785842 0.1815270 0.2915596 0.1947674 0.1598824 
Perityle_gracilis_11                       0.1980776 0.1545916 0.3180219 0.2202982 0.1481221 0.3807908 0.2412304 0.1713382 0.3383764 0.1652519 0.2373462 0.1684164 0.1582919 0.2209361 0.3595428 0.2107121 0.4829673 0.2542983 0.3484430 0.3026120 0.4455301 0.1686885 0.2846664 0.1598887 0.1707241 0.1659138 0.1652814 0.1388787 0.3859002 0.2222334 0.5221465 0.2411632 0.2608912 0.1602588 0.1756059 0.2607433 0.3852272 0.2068957 0.2338394 0.1689119 0.1691917 0.2654557 0.0000000 0.2629035 0.2483882 0.4680511 0.1422326 0.4817696 0.2083895 0.0974936 0.3089104 0.3153028 0.1664338 0.1692234 0.2456592 0.1486714 0.1506329 0.1577230 0.1474770 0.2839760 0.2004094 0.3848510 0.0461990 0.1966538 0.2163908 0.1688066 0.2090124 0.2744124 0.2139198 0.1672113 0.1612000 0.3960259 0.1452677 0.1456593 0.3855447 0.0104720 0.1769745 0.2729537 0.3029770 0.1520627 0.2350659 0.1494865 0.2143134 0.2324990 0.1451800 
Perityle_harkerae_31                       0.1732492 0.1352643 0.1962338 0.2481950 0.1787701 0.2346972 0.2611996 0.1457328 0.3537113 0.2411699 0.2080801 0.1529627 0.1567346 0.1422342 0.2461053 0.1781018 0.3523902 0.2043015 0.2556591 0.1375354 0.2695380 0.1549523 0.2220752 0.1713380 0.2394244 0.1757846 0.1819285 0.1819365 0.2627367 0.1396888 0.2669172 0.1970764 0.1688961 0.2410663 0.1729071 0.0256180 0.2295201 0.1798315 0.1947098 0.1694913 0.1754236 0.0270374 0.2629035 0.0000000 0.2697080 0.3341983 0.1714578 0.3326061 0.0704770 0.1344867 0.1450988 0.1592347 0.1611649 0.1635438 0.1920588 0.1411544 0.2765478 0.1568557 0.1733180 0.1532316 0.1846360 0.2468479 0.1255671 0.1420639 0.1937969 0.1737713 0.1811833 0.2481204 0.1557074 0.1591368 0.1526092 0.2753309 0.1746858 0.1706090 0.1529518 0.2137497 0.1542765 0.2201350 0.1578218 0.1537555 0.1705006 0.1751343 0.2836815 0.1917881 0.1536448 
