85
Amauria_brandeegeana_62                    0.0000000 0.0816650 0.0843897 0.3395879 0.1019235 0.1095082 0.2501874 0.1499049 0.2293748 0.1004324 0.1246076 0.1280940 0.1489034 0.1477379 0.0949632 0.1557892 0.1452482 0.2421238 0.1555892 0.1503207 0.1473810 0.1488045 0.1039611 0.1546008 0.1556597 0.1520929 0.1518539 0.1478809 0.1497061 0.1062203 0.3422796 0.1383916 0.0960420 0.1076906 0.1522666 0.1493802 0.1897395 0.3634108 0.1535066 0.1568939 0.1489432 0.2640995 0.1403116 0.1444702 0.1452826 0.1595049 0.1595927 0.1521385 0.1549615 0.1468406 0.1393513 0.1480069 0.1520732 0.1518804 0.1661609 0.1207534 0.1214059 0.1547818 0.1507731 0.1490432 0.1273345 0.2178967 0.3031082 0.1280987 0.1454698 0.1526825 0.0939570 0.0948737 0.0848737 0.1724470 0.1553121 0.0991302 0.1539724 0.1535294 0.1503652 0.0951209 0.1048487 0.1592309 0.1515877 0.1266603 0.1127331 0.2695628 0.0983693 0.0920721 0.1138379 
Amauria_carterae_99_mesa                   0.0816650 0.0000000 0.0864540 0.2468788 0.1425166 0.1257968 0.1697355 0.2807128 0.1352313 0.0761448 0.1024073 0.1165147 0.1131595 0.1161164 0.0900547 0.1382347 0.1146584 0.1589519 0.1147781 0.1188465 0.1206180 0.1162767 0.1187794 0.1282020 0.1268820 0.1160623 0.1266984 0.1354795 0.1205490 0.0874802 0.3073147 0.0790073 0.0890916 0.0761448 0.1266394 0.1326476 0.1361575 0.1577288 0.1328540 0.1381002 0.1159730 0.1349100 0.1205143 0.1179247 0.1322881 0.1327661 0.1235038 0.1161329 0.1264327 0.1129804 0.1091116 0.1173419 0.1392466 0.1203222 0.1515375 0.1310994 0.1321120 0.1221822 0.1161650 0.1466660 0.1304555 0.1791680 0.1660760 0.1197441 0.1262360 0.1266984 0.1206374 0.1029046 0.0769391 0.1204421 0.1311496 0.0797114 0.1165814 0.1131595 0.1131198 0.1058611 0.1206581 0.1388985 0.1221514 0.1169598 0.1122319 0.1495378 0.0733661 0.0826104 0.1088259 
Amauria_rotundifolia_SRR9119150            0.0843897 0.0864540 0.0000000 0.2630646 0.1245346 0.1174695 0.1853355 0.1759423 0.1901618 0.1104487 0.1694535 0.1184708 0.1276925 0.1251174 0.0923429 0.1368648 0.1172937 0.1799944 0.1186296 0.1324646 0.1367901 0.1127084 0.1097816 0.1378020 0.1639791 0.1295697 0.1374128 0.1301620 0.1338785 0.1078993 0.4017104 0.1111833 0.1176539 0.1142343 0.1314809 0.1320663 0.2196087 0.3965409 0.1318603 0.1382095 0.1294121 0.1962959 0.1228607 0.1117442 0.1202608 0.1314892 0.1316490 0.1310227 0.1372014 0.1295298 0.1248634 0.1272902 0.1378011 0.1295606 0.1478854 0.1048324 0.1069226 0.1334735 0.1255832 0.1214245 0.1189512 0.2039685 0.3590223 0.1199316 0.1297470 0.1312469 0.1171638 0.1174225 0.0727913 0.1508824 0.1353207 0.0832660 0.1301103 0.1281994 0.1294463 0.1138893 0.1355680 0.1318094 0.1216480 0.1164928 0.1109286 0.2456864 0.1093142 0.0797464 0.0962177 
Conoclinium_coelestinum_SRR9119114         0.3395879 0.2468788 0.2630646 0.0000000 0.3279575 0.2055360 0.2224030 0.2305192 0.3993428 0.3387977 0.3483777 0.2686589 0.3565376 0.3584263 0.2086792 0.3724066 0.3681176 0.4188271 0.3273588 0.3563135 0.3730845 0.3607528 0.2161736 0.3784755 0.3706383 0.3615651 0.3651888 0.3622021 0.3696687 0.3327815 0.4316119 0.2756611 0.3592321 0.3406200 0.3673805 0.3783065 0.3591493 0.5908178 0.3781601 0.3796526 0.3605409 0.3960768 0.3365358 0.3536270 0.3423422 0.3783120 0.3853147 0.3615832 0.3455394 0.3657920 0.3169641 0.3721746 0.3735940 0.3646762 0.3821760 0.2738218 0.2664199 0.3652272 0.3566391 0.3804956 0.3572114 0.3316655 0.3721768 0.2760569 0.3722916 0.3549589 0.3497606 0.3535169 0.1329454 0.3683842 0.3787552 0.3370868 0.3627461 0.3597250 0.3586897 0.2119546 0.3533570 0.3515317 0.3587897 0.2739155 0.2237842 0.3873002 0.3452767 0.2259824 0.2723677 
Eutetras_palmeri_63                        0.1019235 0.1425166 0.1245346 0.3279575 0.0000000 0.0136447 0.2521654 0.2148352 0.2567737 0.1286799 0.1780556 0.1342950 0.1527610 0.1553234 0.0937144 0.1584048 0.1482771 0.2355911 0.1525804 0.1596853 0.1551047 0.1531180 0.1087848 0.1660552 0.1916567 0.1532238 0.1592395 0.1564106 0.1572899 0.1361263 0.3976688 0.1560810 0.1123971 0.1350023 0.1559782 0.1525667 0.2363801 0.4095632 0.1547901 0.1580545 0.1591903 0.2797108 0.1528506 0.1432459 0.1542414 0.1587727 0.1686840 0.1558945 0.1694343 0.1566322 0.1468500 0.1533191 0.1600397 0.1594173 0.1641997 0.1224618 0.1257586 0.1569443 0.1545276 0.1467016 0.1865307 0.2232711 0.3521596 0.1386900 0.1559302 0.1587276 0.1110383 0.1126253 0.1046074 0.1855457 0.1653002 0.1235829 0.1536157 0.1558233 0.1554826 0.1009914 0.1327688 0.1599972 0.1517468 0.1395898 0.1285752 0.2694728 0.1296476 0.1339711 0.1244658 
Eutetras_pringlei_149_quer                 0.1095082 0.1257968 0.1174695 0.2055360 0.0136447 0.0000000 0.1473644 0.2602853 0.1222105 0.1218608 0.1058666 0.1568812 0.1529746 0.1610901 0.0763130 0.1827748 0.1539731 0.1726516 0.1581240 0.1650424 0.1627004 0.1573034 0.1282185 0.1701236 0.1587649 0.1529614 0.1581822 0.1663839 0.1623037 0.1378079 0.1871292 0.1496083 0.1121870 0.1218608 0.1669630 0.1630185 0.1624203 0.1662736 0.1751596 0.1825229 0.1610901 0.1575937 0.1621614 0.1581056 0.1701892 0.1792495 0.1710515 0.1529746 0.1702731 0.1653583 0.1500411 0.1579142 0.1626590 0.1621394 0.1723796 0.1623340 0.1542608 0.1658407 0.1529746 0.1835356 0.1256931 0.1848767 0.1013382 0.1694523 0.1704883 0.1539731 0.1172367 0.0870574 0.0943240 0.1620823 0.1660546 0.1218608 0.1529746 0.1529746 0.1569872 0.1071437 0.1132587 0.1644283 0.1572021 0.1612797 0.1476303 0.1383747 0.1256975 0.1458109 0.1635233 
Eutrochium_fistulosum_SRR9119106           0.2501874 0.1697355 0.1853355 0.2224030 0.2521654 0.1473644 0.0000000 0.1595576 0.3192552 0.2544146 0.3027612 0.1963638 0.2761283 0.2801216 0.1311919 0.2767285 0.2657206 0.3264288 0.2731202 0.2746145 0.2782181 0.2578986 0.1265914 0.2819049 0.2848090 0.2762765 0.2772819 0.2662118 0.2834935 0.2927144 0.3869678 0.1983974 0.2573837 0.2744696 0.2786096 0.2710661 0.2620827 0.5714243 0.2821105 0.2803520 0.2725289 0.3182573 0.2442781 0.2546472 0.2531756 0.2821999 0.2947101 0.2763859 0.2619531 0.2862101 0.2274330 0.2761507 0.2745212 0.2743347 0.2998593 0.2050067 0.2017099 0.2779115 0.2762238 0.2608453 0.3235741 0.2634380 0.3197672 0.1999445 0.2851559 0.2679164 0.2906645 0.2834484 0.0973511 0.2798677 0.2850996 0.2482193 0.2758460 0.2780070 0.2746117 0.1422331 0.3382930 0.2732702 0.2640606 0.1983450 0.1636909 0.3108448 0.2544942 0.1723506 0.1537193 
Galeana_pratensis_104_mex                  0.1499049 0.2807128 0.1759423 0.2305192 0.2148352 0.2602853 0.1595576 0.0000000 0.2373600 0.1762889 0.2176588 0.2014893 0.2011439 0.2065713 0.2010178 0.2285298 0.2070735 0.2524872 0.2121585 0.2011701 0.2122405 0.2067017 0.2188004 0.2062500 0.1955833 0.2011439 0.2179859 0.2178899 0.2122931 0.1868463 0.6073776 0.1857609 0.1908620 0.1762889 0.2010178 0.2170384 0.2121553 0.6395988 0.2172149 0.2285298 0.2010178 0.2185482 0.2121553 0.2011439 0.2230474 0.2172149 0.2066059 0.2067638 0.2230474 0.2010178 0.1959306 0.2118721 0.2242275 0.2061546 0.2174807 0.2172871 0.2358460 0.2011578 0.2067017 0.2294466 0.3031247 0.3358198 0.5859887 0.1904030 0.2178446 0.2122931 0.2066499 0.2023221 0.2470051 0.2125978 0.2118721 0.1868463 0.2137203 0.2011439 0.2064851 0.2472757 0.2061987 0.2119118 0.2177935 0.1904030 0.2183908 0.2686926 0.1767063 0.2242527 0.2100649 
Helianthus_annuus_SRR9119062               0.2293748 0.1352313 0.1901618 0.3993428 0.2567737 0.1222105 0.3192552 0.2373600 0.0000000 0.2581671 0.3115892 0.2166788 0.2769282 0.2907793 0.1786883 0.2887533 0.2774454 0.3362576 0.2987753 0.2910818 0.2863678 0.2790030 0.1684379 0.2934758 0.2991959 0.2860232 0.2924670 0.2883735 0.2876994 0.3026947 0.4138601 0.2323090 0.2596208 0.2757029 0.2914699 0.2886921 0.2925933 0.5583454 0.2859477 0.2916579 0.2893851 0.3320357 0.2852352 0.2751115 0.2886514 0.2943597 0.3002927 0.2842840 0.2957226 0.2933655 0.2469484 0.2870562 0.2930199 0.2860088 0.3106047 0.2318821 0.2377622 0.2911293 0.2843434 0.2828099 0.2871349 0.2909190 0.3679576 0.2202722 0.2905003 0.2825352 0.2680427 0.2684324 0.0875295 0.2772515 0.3002910 0.2636566 0.2856343 0.2839998 0.2862025 0.1644805 0.3118210 0.2997550 0.2865779 0.2165716 0.1858282 0.3427368 0.2564232 0.1792615 0.1987628 
Lycapsus_tenuifolius_17                    0.1004324 0.0761448 0.1104487 0.3387977 0.1286799 0.1218608 0.2544146 0.1762889 0.2581671 0.0000000 0.1806498 0.1429463 0.1580347 0.1531426 0.1228910 0.1575574 0.1453122 0.2372054 0.1495109 0.1555202 0.1559296 0.1456000 0.1092630 0.1617333 0.1858308 0.1593156 0.1611953 0.1599024 0.1591340 0.0198153 0.3795095 0.1053002 0.1000192 0.0000010 0.1544100 0.1548612 0.2371813 0.3856038 0.1606929 0.1614394 0.1550139 0.3033681 0.1485835 0.1456000 0.1508606 0.1650116 0.1631709 0.1594283 0.1599335 0.1571805 0.1424085 0.1518314 0.1604400 0.1567449 0.1705739 0.1225478 0.1188237 0.1616545 0.1580785 0.1505781 0.1504813 0.2352398 0.3490099 0.1445223 0.1579582 0.1611903 0.1346261 0.1210099 0.1053925 0.1805214 0.1610126 0.0140409 0.1586427 0.1606672 0.1526068 0.1103051 0.1602553 0.1664941 0.1495442 0.1468861 0.1265616 0.2583311 0.0124995 0.0658523 0.1291293 
Pericome_caudata_50_silver                 0.1246076 0.1024073 0.1694535 0.3483777 0.1780556 0.1058666 0.3027612 0.2176588 0.3115892 0.1806498 0.0000000 0.1933512 0.2124986 0.1671431 0.1037175 0.1953538 0.1705465 0.2579477 0.1458530 0.2127599 0.2013822 0.1756812 0.0993102 0.2191677 0.2030204 0.2182705 0.2107954 0.2128182 0.2127690 0.1344814 0.4311938 0.2010964 0.1735573 0.1709297 0.2112153 0.1935111 0.2747055 0.4396825 0.2065237 0.2003417 0.2122223 0.3161274 0.1975903 0.1737808 0.1834136 0.2241667 0.1801016 0.2170786 0.2073389 0.1944155 0.2095242 0.2109135 0.2053662 0.2135793 0.1931322 0.1211874 0.1149887 0.2221807 0.2171028 0.1735993 0.0984291 0.1925122 0.3512832 0.1950252 0.2114459 0.2096000 0.1279279 0.1347921 0.0888103 0.1980618 0.2174667 0.1289501 0.2177692 0.2197248 0.2095539 0.1097717 0.1436208 0.2207652 0.1555597 0.1886038 0.1143545 0.3091949 0.1837327 0.1191963 0.1229859 
Perityle_aglossa_84_dead_horse             0.1280940 0.1165147 0.1184708 0.2686589 0.1342950 0.1568812 0.1963638 0.2014893 0.2166788 0.1429463 0.1933512 0.0000000 0.0235539 0.0167821 0.0161974 0.0427062 0.0187814 0.2046192 0.0292042 0.0210427 0.0220308 0.0265337 0.0275599 0.0258053 0.0712831 0.0222079 0.0343105 0.0369439 0.0378193 0.1253995 0.4166333 0.1633257 0.1641251 0.1452369 0.0198110 0.0368757 0.1370149 0.2511397 0.0433001 0.0435748 0.0174438 0.0973684 0.0333460 0.0234664 0.0332638 0.0439135 0.0246723 0.0234147 0.0437952 0.0149473 0.0175755 0.0186152 0.0395834 0.0199323 0.0465026 0.0250008 0.0271208 0.0269774 0.0210274 0.0504560 0.1273816 0.1177294 0.2669115 0.0069384 0.0365772 0.0319990 0.1424229 0.1329394 0.0333882 0.0574889 0.0246666 0.1372024 0.0222961 0.0210166 0.0174472 0.0196580 0.1596821 0.0411448 0.0148093 0.0093113 0.0386942 0.2459985 0.1441482 0.1118020 0.0340940 
Perityle_ajoensis_204                      0.1489034 0.1131595 0.1276925 0.3565376 0.1527610 0.1529746 0.2761283 0.2011439 0.2769282 0.1580347 0.2124986 0.0235539 0.0000000 0.0187142 0.0199033 0.0532043 0.0215955 0.2626917 0.0478680 0.0213117 0.0253116 0.0067061 0.0232579 0.0306748 0.0660868 0.0050163 0.0413100 0.0480565 0.0497101 0.1482323 0.4035962 0.1645766 0.1720196 0.1611639 0.0243987 0.0450452 0.1417115 0.2330425 0.0558938 0.0538640 0.0222995 0.1900415 0.0425396 0.0045978 0.0404995 0.0573756 0.0322656 0.0060279 0.0530103 0.0226532 0.0184017 0.0254118 0.0439207 0.0264750 0.0594255 0.0250977 0.0329530 0.0080373 0.0050179 0.0512192 0.1578459 0.1410227 0.2669807 0.0259638 0.0486279 0.0405490 0.1617284 0.1571230 0.0295738 0.0609641 0.0276105 0.1397799 0.0060450 0.0060256 0.0212828 0.0048692 0.1861816 0.0618815 0.0217513 0.0285120 0.0282833 0.2961471 0.1519047 0.1082029 0.0342156 
Perityle_ambrosiifolia_67_green            0.1477379 0.1161164 0.1251174 0.3584263 0.1553234 0.1610901 0.2801216 0.2065713 0.2907793 0.1531426 0.1671431 0.0167821 0.0187142 0.0000000 0.0107883 0.0436164 0.0078856 0.2570554 0.0386147 0.0098302 0.0164895 0.0214270 0.0189822 0.0153727 0.0352831 0.0187024 0.0289140 0.0345874 0.0401942 0.1442609 0.4088961 0.1466735 0.1654202 0.1544938 0.0153668 0.0382588 0.1110378 0.2214532 0.0414555 0.0435731 0.0065363 0.1772926 0.0322258 0.0181707 0.0355736 0.0449412 0.0221195 0.0198327 0.0435239 0.0099494 0.0153288 0.0164620 0.0380415 0.0153596 0.0553385 0.0196456 0.0309592 0.0231788 0.0187089 0.0456753 0.1525467 0.1436756 0.2594858 0.0207236 0.0378889 0.0280104 0.1655026 0.1524317 0.0258376 0.0532186 0.0164784 0.1447882 0.0187723 0.0198243 0.0087343 0.0122226 0.1849879 0.0518655 0.0115032 0.0221312 0.0303641 0.2953740 0.1467585 0.1104252 0.0245816 
Perityle_angustifolia_13_Eagle_creek       0.0949632 0.0900547 0.0923429 0.2086792 0.0937144 0.0763130 0.1311919 0.2010178 0.1786883 0.1228910 0.1037175 0.0161974 0.0199033 0.0107883 0.0000000 0.0365095 0.0107741 0.1861280 0.0268182 0.0089732 0.0180619 0.0217210 0.0184712 0.0144120 0.0219293 0.0198898 0.0217259 0.0162544 0.0291576 0.0982718 0.4155184 0.1102459 0.1289863 0.1228910 0.0144025 0.0308661 0.0238983 0.3367340 0.0310371 0.0346441 0.0107713 0.0180980 0.0198748 0.0180859 0.0253520 0.0328960 0.0217146 0.0198905 0.0309009 0.0143896 0.0182352 0.0143806 0.0272600 0.0107726 0.0384866 0.0154456 0.0218529 0.0253907 0.0198884 0.0442049 0.1084920 0.0336703 0.2511031 0.0198553 0.0309774 0.0198872 0.1037044 0.0915643 0.0260808 0.0143848 0.0162257 0.1283390 0.0217780 0.0198726 0.0107838 0.0134393 0.1073473 0.0217360 0.0126005 0.0162240 0.0316792 0.1673713 0.1212388 0.0996394 0.0317319 
Perityle_batopilensis_97                   0.1557892 0.1382347 0.1368648 0.3724066 0.1584048 0.1827748 0.2767285 0.2285298 0.2887533 0.1575574 0.1953538 0.0427062 0.0532043 0.0436164 0.0365095 0.0000000 0.0391745 0.2907219 0.0472929 0.0474735 0.0498305 0.0535932 0.0445715 0.0520186 0.0692265 0.0520394 0.0507268 0.0454380 0.0307749 0.1561417 0.4472143 0.1544767 0.1747865 0.1642227 0.0461823 0.0546621 0.1318321 0.2593057 0.0574400 0.0063033 0.0452093 0.2088693 0.0385754 0.0508542 0.0414333 0.0596039 0.0549626 0.0532043 0.0505368 0.0467598 0.0424786 0.0461176 0.0563440 0.0472292 0.0505681 0.0450392 0.0483907 0.0565606 0.0520573 0.0287671 0.1564338 0.1548126 0.2689313 0.0453204 0.0307715 0.0533479 0.1658808 0.1556832 0.0446593 0.0796069 0.0533057 0.1592143 0.0522313 0.0531820 0.0441667 0.0398199 0.1885312 0.0596759 0.0465077 0.0456105 0.0381674 0.3090754 0.1513556 0.1313945 0.0460335 
Perityle_bisetosa_9                        0.1452482 0.1146584 0.1172937 0.3681176 0.1482771 0.1539731 0.2657206 0.2070735 0.2774454 0.1453122 0.1705465 0.0187814 0.0215955 0.0078856 0.0107741 0.0391745 0.0000000 0.2645452 0.0398897 0.0160277 0.0132997 0.0293107 0.0145605 0.0203874 0.0215417 0.0236467 0.0291172 0.0357609 0.0444523 0.1434472 0.4164952 0.1600227 0.1641205 0.1505340 0.0181098 0.0374426 0.0879723 0.2261302 0.0405390 0.0394487 0.0149375 0.1597379 0.0322577 0.0209063 0.0363808 0.0479542 0.0203153 0.0236524 0.0443186 0.0102747 0.0194328 0.0180776 0.0346118 0.0160441 0.0503912 0.0177137 0.0287675 0.0280359 0.0236548 0.0457263 0.1508928 0.1309269 0.2590598 0.0213331 0.0410897 0.0272647 0.1584455 0.1452556 0.0183519 0.0467081 0.0226411 0.1437638 0.0237331 0.0247482 0.0171035 0.0122363 0.1794279 0.0501798 0.0125056 0.0200784 0.0300827 0.2823767 0.1435220 0.1051771 0.0235198 
Perityle_californica_76_positas            0.2421238 0.1589519 0.1799944 0.4188271 0.2355911 0.1726516 0.3264288 0.2524872 0.3362576 0.2372054 0.2579477 0.2046192 0.2626917 0.2570554 0.1861280 0.2907219 0.2645452 0.0000000 0.2634109 0.2679977 0.2701752 0.2687519 0.1662438 0.2737156 0.2746428 0.2664417 0.2715895 0.2762857 0.2714502 0.2535114 0.4757926 0.1915392 0.2444773 0.2363900 0.2698365 0.2799754 0.2492081 0.5574578 0.2876326 0.2880835 0.2660865 0.3060435 0.2514618 0.2673686 0.2563498 0.2933907 0.2782693 0.2646961 0.2586437 0.2587453 0.2220082 0.2696090 0.2718998 0.2679229 0.3061183 0.2083185 0.1897062 0.2677953 0.2646907 0.2864489 0.2791374 0.2497666 0.4410184 0.2066476 0.2771873 0.2638155 0.2408955 0.2361538 0.1541253 0.2596878 0.2712680 0.2348076 0.2671369 0.2626007 0.2646454 0.1533563 0.2470308 0.2775548 0.2744756 0.2029000 0.1821501 0.1508327 0.2373387 0.1756897 0.2030367 
Perityle_canescens_77                      0.1555892 0.1147781 0.1186296 0.3273588 0.1525804 0.1581240 0.2731202 0.2121585 0.2987753 0.1495109 0.1458530 0.0292042 0.0478680 0.0386147 0.0268182 0.0472929 0.0398897 0.2634109 0.0000000 0.0400920 0.0429375 0.0540790 0.0359302 0.0478907 0.0509903 0.0509535 0.0414884 0.0430359 0.0474120 0.1482044 0.4216783 0.1239141 0.1713545 0.1495109 0.0475217 0.0570479 0.0819452 0.2177861 0.0475128 0.0457257 0.0400920 0.1986780 0.0333789 0.0504060 0.0363933 0.0490475 0.0536755 0.0509707 0.0364518 0.0389153 0.0350122 0.0413385 0.0523432 0.0459273 0.0660503 0.0323104 0.0345689 0.0540529 0.0509777 0.0570250 0.1668210 0.1452669 0.2476950 0.0348430 0.0489191 0.0466149 0.1629150 0.1467109 0.0409114 0.0442948 0.0494188 0.1454938 0.0511434 0.0478680 0.0370995 0.0322572 0.1682611 0.0569691 0.0463165 0.0330098 0.0403056 0.2550005 0.1425527 0.1197416 0.0330994 
Perityle_castillonii_96                    0.1503207 0.1188465 0.1324646 0.3563135 0.1596853 0.1650424 0.2746145 0.2011701 0.2910818 0.1555202 0.2127599 0.0210427 0.0213117 0.0098302 0.0089732 0.0474735 0.0160277 0.2679977 0.0400920 0.0000000 0.0199689 0.0224137 0.0232146 0.0181399 0.0599823 0.0222269 0.0338016 0.0424677 0.0462580 0.1424250 0.4213829 0.1783298 0.1776014 0.1598290 0.0191534 0.0392244 0.1310313 0.2240036 0.0503116 0.0492969 0.0099919 0.1847643 0.0390904 0.0185266 0.0368620 0.0516598 0.0254170 0.0232698 0.0505441 0.0117676 0.0193787 0.0191386 0.0382805 0.0182364 0.0557208 0.0214266 0.0328858 0.0263475 0.0222341 0.0459737 0.1548877 0.1406804 0.2547777 0.0234295 0.0441259 0.0341701 0.1682261 0.1569019 0.0220867 0.0546814 0.0171527 0.1445825 0.0223032 0.0232608 0.0150653 0.0171238 0.1901688 0.0560496 0.0124866 0.0259421 0.0344331 0.2942976 0.1538050 0.1124403 0.0220322 
Perityle_cernua_84                         0.1473810 0.1206180 0.1367901 0.3730845 0.1551047 0.1627004 0.2782181 0.2122405 0.2863678 0.1559296 0.2013822 0.0220308 0.0253116 0.0164895 0.0180619 0.0498305 0.0132997 0.2701752 0.0429375 0.0199689 0.0000000 0.0258980 0.0188145 0.0253088 0.0644987 0.0242215 0.0360002 0.0416577 0.0479343 0.1453863 0.4102609 0.1528075 0.1729841 0.1585537 0.0198393 0.0425364 0.1323046 0.2196484 0.0513221 0.0501794 0.0177885 0.1985467 0.0394088 0.0215281 0.0395250 0.0535589 0.0186139 0.0253116 0.0501664 0.0171889 0.0167415 0.0177074 0.0418598 0.0198127 0.0589842 0.0213114 0.0307272 0.0285237 0.0242296 0.0485732 0.1561683 0.1383442 0.2679778 0.0257837 0.0468231 0.0351832 0.1672385 0.1555778 0.0296489 0.0544902 0.0253717 0.1455240 0.0243082 0.0253014 0.0146330 0.0171916 0.1906692 0.0580868 0.0182760 0.0284342 0.0362593 0.3020242 0.1498970 0.1117596 0.0325331 
Perityle_cfvillosa_25_tin                  0.1488045 0.1162767 0.1127084 0.3607528 0.1531180 0.1573034 0.2578986 0.2067017 0.2790030 0.1456000 0.1756812 0.0265337 0.0067061 0.0214270 0.0217210 0.0535932 0.0293107 0.2687519 0.0540790 0.0224137 0.0258980 0.0000000 0.0275668 0.0304876 0.0357783 0.0088963 0.0423193 0.0446745 0.0527169 0.1414712 0.4099599 0.1678138 0.1615153 0.1464187 0.0293106 0.0463437 0.0812178 0.2617012 0.0563580 0.0564656 0.0235424 0.1567644 0.0407502 0.0092249 0.0467272 0.0564334 0.0360079 0.0088984 0.0515694 0.0229305 0.0205195 0.0258362 0.0458835 0.0295003 0.0610536 0.0305932 0.0389300 0.0133885 0.0066632 0.0564150 0.1552261 0.1456459 0.2730977 0.0292559 0.0491394 0.0416997 0.1614106 0.1501836 0.0333485 0.0324065 0.0271033 0.1399596 0.0100551 0.0100194 0.0235647 0.0097708 0.1772657 0.0589823 0.0271502 0.0279265 0.0344923 0.2652659 0.1438826 0.1171206 0.0377276 
Perityle_cinerea_113_Powell1310            0.1039611 0.1187794 0.1097816 0.2161736 0.1087848 0.1282185 0.1265914 0.2188004 0.1684379 0.1092630 0.0993102 0.0275599 0.0232579 0.0189822 0.0184712 0.0445715 0.0145605 0.1662438 0.0359302 0.0232146 0.0188145 0.0275668 0.0000000 0.0297804 0.0272893 0.0232579 0.0294607 0.0315965 0.0359644 0.1205270 0.4300749 0.1088420 0.1331567 0.1092630 0.0294748 0.0380461 0.0337637 0.2251350 0.0381419 0.0423372 0.0189646 0.0233519 0.0294395 0.0233028 0.0379749 0.0381231 0.0273056 0.0254154 0.0379848 0.0211067 0.0230248 0.0187686 0.0316385 0.0251384 0.0416271 0.0315582 0.0353190 0.0318804 0.0254122 0.0492177 0.1321177 0.0848781 0.2574735 0.0319108 0.0402755 0.0251711 0.1162035 0.0972456 0.0183733 0.0103751 0.0276161 0.1115432 0.0276515 0.0232579 0.0189776 0.0296831 0.1137914 0.0395014 0.0232680 0.0276130 0.0338965 0.1568344 0.1070277 0.1138612 0.0277479 
Perityle_coahuilensis_24                   0.1546008 0.1282020 0.1378020 0.3784755 0.1660552 0.1701236 0.2819049 0.2062500 0.2934758 0.1617333 0.2191677 0.0258053 0.0306748 0.0153727 0.0144120 0.0520186 0.0203874 0.2737156 0.0478907 0.0181399 0.0253088 0.0304876 0.0297804 0.0000000 0.0684274 0.0294583 0.0411689 0.0489055 0.0526641 0.1517253 0.4219679 0.1826368 0.1800234 0.1679656 0.0242622 0.0425546 0.1358371 0.2313161 0.0558574 0.0549649 0.0140346 0.1884764 0.0445438 0.0268403 0.0425270 0.0581240 0.0311096 0.0305171 0.0549203 0.0171749 0.0237568 0.0252933 0.0437088 0.0264868 0.0617167 0.0287999 0.0409807 0.0336236 0.0294677 0.0524940 0.1606721 0.1558466 0.2674047 0.0282101 0.0505109 0.0405670 0.1723592 0.1604808 0.0296246 0.0617960 0.0069954 0.1516117 0.0295600 0.0305052 0.0211839 0.0246877 0.1933710 0.0615632 0.0194245 0.0307627 0.0408190 0.3055910 0.1612238 0.1149269 0.0290032 
Perityle_cochisensis_44_cave_creek         0.1556597 0.1268820 0.1639791 0.3706383 0.1916567 0.1587649 0.2848090 0.1955833 0.2991959 0.1858308 0.2030204 0.0712831 0.0660868 0.0352831 0.0219293 0.0692265 0.0215417 0.2746428 0.0509903 0.0599823 0.0644987 0.0357783 0.0272893 0.0684274 0.0000000 0.0672855 0.0732077 0.0676003 0.0864373 0.1492685 0.3980881 0.1688074 0.2112778 0.1858308 0.0632717 0.0602763 0.1502278 0.2479794 0.0781593 0.0790668 0.0610538 0.2257860 0.0707181 0.0311753 0.0512622 0.0818977 0.0460639 0.0685574 0.0811796 0.0615038 0.0631470 0.0620084 0.0726967 0.0631774 0.0756102 0.0214587 0.0385931 0.0721789 0.0673103 0.0571227 0.1693468 0.1500870 0.2542071 0.0756626 0.0839818 0.0738142 0.1813224 0.1820731 0.0334021 0.0692931 0.0696569 0.1500736 0.0675512 0.0685266 0.0587859 0.0171865 0.2079470 0.0951105 0.0283881 0.0747236 0.0407311 0.3268962 0.1786050 0.1084819 0.0383265 
Perityle_congesta_202                      0.1520929 0.1160623 0.1295697 0.3615651 0.1532238 0.1529614 0.2762765 0.2011439 0.2860232 0.1593156 0.2182705 0.0222079 0.0050163 0.0187024 0.0198898 0.0520394 0.0236467 0.2664417 0.0509535 0.0222269 0.0242215 0.0088963 0.0232579 0.0294583 0.0672855 0.0000000 0.0400646 0.0477745 0.0494183 0.1500099 0.4035962 0.1753733 0.1750092 0.1639230 0.0242557 0.0436703 0.1419949 0.2298316 0.0536478 0.0527074 0.0211480 0.1888572 0.0422835 0.0045948 0.0413729 0.0549032 0.0322448 0.0049911 0.0548617 0.0215423 0.0171995 0.0242368 0.0425874 0.0254208 0.0593857 0.0287462 0.0349207 0.0079985 0.0039887 0.0511818 0.1604072 0.1438540 0.2639667 0.0245967 0.0472773 0.0394521 0.1660619 0.1594457 0.0295738 0.0605770 0.0264140 0.1448764 0.0050051 0.0049892 0.0201381 0.0048692 0.1893015 0.0582112 0.0217370 0.0271166 0.0303298 0.3007804 0.1548774 0.1148395 0.0341818 
Perityle_cordifolia_27                     0.1518539 0.1266984 0.1374128 0.3651888 0.1592395 0.1581822 0.2772819 0.2179859 0.2924670 0.1611953 0.2107954 0.0343105 0.0413100 0.0289140 0.0217259 0.0507268 0.0291172 0.2715895 0.0414884 0.0338016 0.0360002 0.0423193 0.0294607 0.0411689 0.0732077 0.0400646 0.0000000 0.0424602 0.0483374 0.1511790 0.4099521 0.1839401 0.1784468 0.1673115 0.0346061 0.0381913 0.1380910 0.2407783 0.0501287 0.0525401 0.0326466 0.2010577 0.0401024 0.0376904 0.0379987 0.0516160 0.0390151 0.0400561 0.0526639 0.0348765 0.0336813 0.0324861 0.0182876 0.0346988 0.0578591 0.0213672 0.0287638 0.0443105 0.0400777 0.0509543 0.1484268 0.1439692 0.2491317 0.0367541 0.0462005 0.0121288 0.1627214 0.1537487 0.0295655 0.0652101 0.0401885 0.1525560 0.0402045 0.0411346 0.0316220 0.0246866 0.1846100 0.0548414 0.0323681 0.0381805 0.0300375 0.2963952 0.1584429 0.1207078 0.0287145 
Perityle_cordifolia_68_tecolote            0.1478809 0.1354795 0.1301620 0.3622021 0.1564106 0.1663839 0.2662118 0.2178899 0.2883735 0.1599024 0.2128182 0.0369439 0.0480565 0.0345874 0.0162544 0.0454380 0.0357609 0.2762857 0.0430359 0.0424677 0.0416577 0.0446745 0.0315965 0.0489055 0.0676003 0.0477745 0.0424602 0.0000000 0.0518010 0.1552198 0.4243580 0.1673734 0.1743716 0.1630606 0.0421841 0.0450485 0.1251096 0.2578562 0.0449421 0.0484060 0.0402209 0.1940830 0.0349090 0.0401512 0.0358114 0.0476739 0.0447220 0.0488841 0.0463775 0.0395951 0.0349692 0.0389764 0.0481555 0.0423957 0.0582171 0.0088018 0.0287819 0.0520917 0.0477903 0.0536926 0.1651695 0.1385726 0.2622327 0.0394108 0.0485680 0.0439926 0.1671881 0.1550109 0.0372425 0.0686961 0.0479237 0.1513613 0.0479432 0.0488645 0.0381231 0.0221556 0.1879083 0.0552331 0.0359423 0.0396250 0.0383333 0.2956306 0.1598105 0.1162027 0.0322380 
Perityle_coronopifolia_28_patagonia        0.1497061 0.1205490 0.1338785 0.3696687 0.1572899 0.1623037 0.2834935 0.2122931 0.2876994 0.1591340 0.2127690 0.0378193 0.0497101 0.0401942 0.0291576 0.0307749 0.0444523 0.2714502 0.0474120 0.0462580 0.0479343 0.0527169 0.0359644 0.0526641 0.0864373 0.0494183 0.0483374 0.0518010 0.0000000 0.1523882 0.4243546 0.1782858 0.1763691 0.1649820 0.0470202 0.0511489 0.1383796 0.2512001 0.0565589 0.0305099 0.0440117 0.2030142 0.0398739 0.0473313 0.0388842 0.0587845 0.0550274 0.0505205 0.0523640 0.0448646 0.0379931 0.0438185 0.0531053 0.0461913 0.0495413 0.0432577 0.0464800 0.0537028 0.0494344 0.0343052 0.1594205 0.1410436 0.2644483 0.0402675 0.0089457 0.0488594 0.1623159 0.1470296 0.0334112 0.0802873 0.0516942 0.1556157 0.0495913 0.0505005 0.0419326 0.0297367 0.1812406 0.0621900 0.0441444 0.0417146 0.0198539 0.3066706 0.1586493 0.1270756 0.0338572 
Perityle_crassifolia_70_ventanas           0.1062203 0.0874802 0.1078993 0.3327815 0.1361263 0.1378079 0.2927144 0.1868463 0.3026947 0.0198153 0.1344814 0.1253995 0.1482323 0.1442609 0.0982718 0.1561417 0.1434472 0.2535114 0.1482044 0.1424250 0.1453863 0.1414712 0.1205270 0.1517253 0.1492685 0.1500099 0.1511790 0.1552198 0.1523882 0.0000000 0.3989781 0.1070235 0.1079001 0.0198153 0.1450713 0.1534621 0.1921628 0.2841982 0.1549127 0.1562080 0.1441130 0.2919608 0.1361249 0.1432583 0.1450581 0.1605480 0.1543406 0.1519448 0.1453263 0.1416839 0.1330172 0.1431802 0.1571259 0.1451102 0.1668970 0.1309251 0.1279569 0.1535440 0.1501020 0.1482501 0.1582634 0.2353134 0.3255717 0.1256629 0.1486835 0.1530683 0.1493275 0.1276512 0.1137395 0.1527960 0.1499360 0.0085730 0.1508769 0.1520700 0.1424744 0.1246622 0.1529898 0.1623887 0.1497102 0.1280167 0.1275096 0.2640544 0.0106166 0.0781099 0.1263317 
Perityle_crassifolia_74_playa_balandra     0.3422796 0.3073147 0.4017104 0.4316119 0.3976688 0.1871292 0.3869678 0.6073776 0.4138601 0.3795095 0.4311938 0.4166333 0.4035962 0.4088961 0.4155184 0.4472143 0.4164952 0.4757926 0.4216783 0.4213829 0.4102609 0.4099599 0.4300749 0.4219679 0.3980881 0.4035962 0.4099521 0.4243580 0.4243546 0.3989781 0.0000000 0.4096851 0.3967604 0.3795095 0.4155184 0.3971857 0.4152183 0.5715772 0.4166281 0.4405752 0.4210943 0.4167971 0.4152183 0.4035962 0.4272677 0.4166281 0.4099599 0.4102085 0.4272677 0.4155184 0.4107940 0.4217079 0.4187212 0.4166281 0.4099521 0.4174858 0.4204772 0.4091220 0.4035962 0.4300002 0.3861031 0.3784972 0.5879320 0.4051455 0.4240458 0.4099521 0.4061685 0.3920663 0.2987973 0.4285911 0.4091220 0.3989781 0.4177443 0.4035962 0.4096810 0.3930398 0.4061685 0.4210943 0.4166541 0.4051455 0.4174355 0.4071973 0.3930568 0.4088923 0.3542271 
Perityle_cuneata_34_cuneata_San_antonio    0.1383916 0.0790073 0.1111833 0.2756611 0.1560810 0.1496083 0.1983974 0.1857609 0.2323090 0.1053002 0.2010964 0.1633257 0.1645766 0.1466735 0.1102459 0.1544767 0.1600227 0.1915392 0.1239141 0.1783298 0.1528075 0.1678138 0.1088420 0.1826368 0.1688074 0.1753733 0.1839401 0.1673734 0.1782858 0.1070235 0.4096851 0.0000000 0.1391817 0.0947819 0.1756517 0.1688905 0.2789625 0.3928512 0.1426451 0.1528584 0.1764380 0.2565290 0.1712025 0.1536666 0.1669657 0.1684280 0.1553035 0.1770212 0.1778918 0.1508250 0.1643272 0.1696094 0.1849676 0.1693040 0.1688699 0.1127282 0.1156607 0.1796460 0.1724668 0.1576445 0.1381829 0.2011839 0.3683708 0.1665057 0.1750846 0.1741763 0.1558157 0.1583684 0.1054289 0.2117149 0.1840386 0.0686495 0.1761589 0.1738472 0.1679018 0.1100554 0.1456276 0.1758743 0.1479262 0.1659915 0.1217808 0.2616283 0.1165333 0.0231491 0.1377577 
Perityle_cuneata_4                         0.0960420 0.0890916 0.1176539 0.3592321 0.1123971 0.1121870 0.2573837 0.1908620 0.2596208 0.1000192 0.1735573 0.1641251 0.1720196 0.1654202 0.1289863 0.1747865 0.1641205 0.2444773 0.1713545 0.1776014 0.1729841 0.1615153 0.1331567 0.1800234 0.2112778 0.1750092 0.1784468 0.1743716 0.1763691 0.1079001 0.3967604 0.1391817 0.0000000 0.1079232 0.1736518 0.1667312 0.2510653 0.4159681 0.1819331 0.1798486 0.1744798 0.3307194 0.1724682 0.1589224 0.1700486 0.1872137 0.1800795 0.1764673 0.1864532 0.1751122 0.1654386 0.1709642 0.1781197 0.1758746 0.1935166 0.1412779 0.1507780 0.1761012 0.1737587 0.1605707 0.1447317 0.2555327 0.3771564 0.1657500 0.1761982 0.1779764 0.1181600 0.1229534 0.1226757 0.2007243 0.1819588 0.0863348 0.1757170 0.1763866 0.1720199 0.1238010 0.1447715 0.1851911 0.1696282 0.1668672 0.1453097 0.2667649 0.0980400 0.0877969 0.1367280 
Perityle_discoidea_81                      0.1076906 0.0761448 0.1142343 0.3406200 0.1350023 0.1218608 0.2744696 0.1762889 0.2757029 0.0000010 0.1709297 0.1452369 0.1611639 0.1544938 0.1228910 0.1642227 0.1505340 0.2363900 0.1495109 0.1598290 0.1585537 0.1464187 0.1092630 0.1679656 0.1858308 0.1639230 0.1673115 0.1630606 0.1649820 0.0198153 0.3795095 0.0947819 0.1079232 0.0000000 0.1572143 0.1625829 0.2503851 0.3678449 0.1643735 0.1655166 0.1592694 0.3195297 0.1538666 0.1479780 0.1563320 0.1699954 0.1653233 0.1640480 0.1646806 0.1575334 0.1444581 0.1558221 0.1678836 0.1597228 0.1752771 0.1225478 0.1188237 0.1664402 0.1625895 0.1568872 0.1504813 0.2352398 0.3339315 0.1485695 0.1637159 0.1673534 0.1403142 0.1263783 0.1053925 0.1873665 0.1651269 0.0140409 0.1632140 0.1653835 0.1552869 0.1103051 0.1602553 0.1715508 0.1531045 0.1511742 0.1265616 0.2735661 0.0122853 0.0658523 0.1368840 
Perityle_dissecta_201                      0.1522666 0.1266394 0.1314809 0.3673805 0.1559782 0.1669630 0.2786096 0.2010178 0.2914699 0.1544100 0.2112153 0.0198110 0.0243987 0.0153668 0.0144025 0.0461823 0.0181098 0.2698365 0.0475217 0.0191534 0.0198393 0.0293106 0.0294748 0.0242622 0.0632717 0.0242557 0.0346061 0.0421841 0.0470202 0.1450713 0.4155184 0.1756517 0.1736518 0.1572143 0.0000000 0.0412329 0.1373541 0.2162459 0.0499794 0.0468897 0.0170652 0.1876727 0.0388241 0.0244470 0.0389177 0.0524111 0.0275541 0.0253018 0.0502011 0.0171687 0.0181835 0.0190141 0.0402173 0.0110134 0.0589939 0.0249336 0.0346699 0.0283839 0.0242634 0.0469929 0.1640370 0.1441182 0.2718908 0.0221878 0.0448988 0.0328916 0.1660696 0.1544141 0.0372191 0.0567454 0.0232793 0.1454694 0.0243390 0.0252919 0.0160591 0.0196649 0.1858642 0.0556321 0.0182614 0.0246842 0.0404168 0.3004337 0.1538933 0.1162040 0.0339333 
Perityle_emoryi_47_punta_san_jose          0.1493802 0.1326476 0.1320663 0.3783065 0.1525667 0.1630185 0.2710661 0.2170384 0.2886921 0.1548612 0.1935111 0.0368757 0.0450452 0.0382588 0.0308661 0.0546621 0.0374426 0.2799754 0.0570479 0.0392244 0.0425364 0.0463437 0.0380461 0.0425546 0.0602763 0.0436703 0.0381913 0.0450485 0.0511489 0.1534621 0.3971857 0.1688905 0.1667312 0.1625829 0.0412329 0.0000000 0.1275523 0.2472503 0.0595277 0.0550353 0.0370188 0.1920841 0.0435294 0.0431428 0.0453872 0.0579375 0.0461312 0.0448020 0.0567317 0.0404068 0.0371251 0.0368411 0.0425857 0.0392732 0.0655531 0.0303946 0.0406488 0.0447677 0.0436851 0.0558463 0.1515582 0.1470016 0.2731992 0.0381510 0.0500791 0.0408649 0.1593296 0.1484250 0.0409392 0.0685427 0.0437823 0.1546266 0.0438285 0.0447836 0.0359861 0.0347411 0.1842105 0.0660022 0.0408602 0.0383877 0.0445423 0.3080883 0.1514739 0.1292748 0.0355864 
Perityle_feddemae_99                       0.1897395 0.1361575 0.2196087 0.3591493 0.2363801 0.1624203 0.2620827 0.2121553 0.2925933 0.2371813 0.2747055 0.1370149 0.1417115 0.1110378 0.0238983 0.1318321 0.0879723 0.2492081 0.0819452 0.1310313 0.1323046 0.0812178 0.0337637 0.1358371 0.1502278 0.1419949 0.1380910 0.1251096 0.1383796 0.1921628 0.4152183 0.2789625 0.2510653 0.2503851 0.1373541 0.1275523 0.0000000 0.3990605 0.1447200 0.1450185 0.1306117 0.2288742 0.1022718 0.0671529 0.0830173 0.1438786 0.1197874 0.1420938 0.1126761 0.1315248 0.1395726 0.1322733 0.1394175 0.1370285 0.1379552 0.0286372 0.0366357 0.1470964 0.1420472 0.0513347 0.1547577 0.1206913 0.2583869 0.1399189 0.1371868 0.1346632 0.2193220 0.2279877 0.0333899 0.1034658 0.1361435 0.1463341 0.1412755 0.1433126 0.1332056 0.0247104 0.2727514 0.1394589 0.0803079 0.1366099 0.0403400 0.2934305 0.2436431 0.1251762 0.0342835 
Perityle_fosteri_93                        0.3634108 0.1577288 0.3965409 0.5908178 0.4095632 0.1662736 0.5714243 0.6395988 0.5583454 0.3856038 0.4396825 0.2511397 0.2330425 0.2214532 0.3367340 0.2593057 0.2261302 0.5574578 0.2177861 0.2240036 0.2196484 0.2617012 0.2251350 0.2313161 0.2479794 0.2298316 0.2407783 0.2578562 0.2512001 0.2841982 0.5715772 0.3928512 0.4159681 0.3678449 0.2162459 0.2472503 0.3990605 0.0000000 0.2619597 0.2528019 0.2189001 0.4802294 0.2536679 0.2642677 0.2601802 0.2667130 0.2353902 0.2330425 0.2611609 0.2123715 0.2310675 0.2205590 0.2495671 0.2189445 0.2719425 0.2305635 0.1970507 0.2331046 0.2314341 0.3011418 0.1714845 0.1944056 0.3186485 0.2566224 0.2510901 0.2414804 0.4203518 0.3889807 0.0072987 0.2820435 0.2271979 0.3957090 0.2291783 0.2329247 0.2119963 0.1401645 0.3855578 0.2781824 0.2444234 0.2618478 0.2705126 0.5919380 0.3776151 0.3476065 0.4000295 
Perityle_gamon_221                         0.1535066 0.1328540 0.1318603 0.3781601 0.1547901 0.1751596 0.2821105 0.2172149 0.2859477 0.1606929 0.2065237 0.0433001 0.0558938 0.0414555 0.0310371 0.0574400 0.0405390 0.2876326 0.0475128 0.0503116 0.0513221 0.0563580 0.0381419 0.0558574 0.0781593 0.0536478 0.0501287 0.0449421 0.0565589 0.1549127 0.4166281 0.1426451 0.1819331 0.1643735 0.0499794 0.0595277 0.1447200 0.2619597 0.0000000 0.0579545 0.0479546 0.2081561 0.0437428 0.0523991 0.0439996 0.0061866 0.0539959 0.0558938 0.0556409 0.0471989 0.0442287 0.0477320 0.0584588 0.0499107 0.0554867 0.0322828 0.0405837 0.0592211 0.0547552 0.0630159 0.1670572 0.1439633 0.2705680 0.0458750 0.0542966 0.0504933 0.1651423 0.1562857 0.0448994 0.0800174 0.0559987 0.1579493 0.0549363 0.0547503 0.0458096 0.0348439 0.1829929 0.0510637 0.0466617 0.0474276 0.0424213 0.3106463 0.1546489 0.1163954 0.0445961 
Perityle_gentryi_8_san_francisco           0.1568939 0.1381002 0.1382095 0.3796526 0.1580545 0.1825229 0.2803520 0.2285298 0.2916579 0.1614394 0.2003417 0.0435748 0.0538640 0.0435731 0.0346441 0.0063033 0.0394487 0.2880835 0.0457257 0.0492969 0.0501794 0.0564656 0.0423372 0.0549649 0.0790668 0.0527074 0.0525401 0.0484060 0.0305099 0.1562080 0.4405752 0.1528584 0.1798486 0.1655166 0.0468897 0.0550353 0.1450185 0.2528019 0.0579545 0.0000000 0.0470437 0.2189376 0.0405091 0.0512400 0.0394209 0.0602120 0.0549076 0.0538640 0.0524273 0.0482673 0.0432653 0.0468246 0.0574417 0.0490093 0.0505521 0.0431349 0.0463365 0.0571949 0.0527254 0.0277149 0.1561602 0.1488770 0.2659498 0.0448474 0.0305065 0.0551477 0.1656846 0.1555160 0.0408426 0.0814638 0.0551044 0.1592769 0.0529002 0.0538417 0.0437860 0.0372159 0.1866398 0.0603356 0.0464597 0.0451316 0.0360686 0.3116639 0.1540123 0.1313000 0.0465314 
Perityle_gilensis_22_Superstition          0.1489432 0.1159730 0.1294121 0.3605409 0.1591903 0.1610901 0.2725289 0.2010178 0.2893851 0.1550139 0.2122223 0.0174438 0.0222995 0.0065363 0.0107713 0.0452093 0.0149375 0.2660865 0.0400920 0.0099919 0.0177885 0.0235424 0.0189646 0.0140346 0.0610538 0.0211480 0.0326466 0.0402209 0.0440117 0.1441130 0.4210943 0.1764380 0.1744798 0.1592694 0.0170652 0.0370188 0.1306117 0.2189001 0.0479546 0.0470437 0.0000000 0.1857140 0.0357505 0.0196915 0.0346309 0.0493786 0.0242754 0.0221860 0.0471607 0.0095851 0.0160711 0.0170520 0.0350696 0.0181787 0.0556536 0.0196302 0.0309329 0.0252520 0.0211548 0.0472344 0.1498906 0.1435040 0.2576417 0.0198107 0.0418928 0.0319601 0.1667624 0.1551406 0.0220867 0.0534837 0.0110288 0.1445449 0.0212204 0.0221774 0.0130019 0.0122095 0.1868287 0.0547661 0.0124804 0.0222862 0.0303371 0.2985975 0.1546220 0.1103243 0.0254619 
Perityle_gilensis_salensis_225             0.2640995 0.1349100 0.1962959 0.3960768 0.2797108 0.1575937 0.3182573 0.2185482 0.3320357 0.3033681 0.3161274 0.0973684 0.1900415 0.1772926 0.0180980 0.2088693 0.1597379 0.3060435 0.1986780 0.1847643 0.1985467 0.1567644 0.0233519 0.1884764 0.2257860 0.1888572 0.2010577 0.1940830 0.2030142 0.2919608 0.4167971 0.2565290 0.3307194 0.3195297 0.1876727 0.1920841 0.2288742 0.4802294 0.2081561 0.2189376 0.1857140 0.0000000 0.1836832 0.1516125 0.1688938 0.2006595 0.1820315 0.1889939 0.1946157 0.1966857 0.1502062 0.1877653 0.2056601 0.1903754 0.2181208 0.0725232 0.0826696 0.1942345 0.1874786 0.1407727 0.2701295 0.1596994 0.2646125 0.1001223 0.2029857 0.1945153 0.2729180 0.2777775 0.0335159 0.1474899 0.1865061 0.2285756 0.1896111 0.1876774 0.1875909 0.0222247 0.3274812 0.2095143 0.1583766 0.1006367 0.0387866 0.3558976 0.3029224 0.1243270 0.0307529 
Perityle_glaucescens_94                    0.1403116 0.1205143 0.1228607 0.3365358 0.1528506 0.1621614 0.2442781 0.2121553 0.2852352 0.1485835 0.1975903 0.0333460 0.0425396 0.0322258 0.0198748 0.0385754 0.0322577 0.2514618 0.0333789 0.0390904 0.0394088 0.0407502 0.0294395 0.0445438 0.0707181 0.0422835 0.0401024 0.0349090 0.0398739 0.1361249 0.4152183 0.1712025 0.1724682 0.1538666 0.0388241 0.0435294 0.1022718 0.2536679 0.0437428 0.0405091 0.0357505 0.1836832 0.0000000 0.0360649 0.0064011 0.0464619 0.0403003 0.0434045 0.0154600 0.0371799 0.0353396 0.0344758 0.0459985 0.0379378 0.0501065 0.0249569 0.0267754 0.0466597 0.0422977 0.0442313 0.1434437 0.1175839 0.2553405 0.0358035 0.0377225 0.0405540 0.1506168 0.1329942 0.0295486 0.0587832 0.0435378 0.1425836 0.0424354 0.0433868 0.0346896 0.0196735 0.1668700 0.0452147 0.0309972 0.0347871 0.0320034 0.2748893 0.1482701 0.1182863 0.0269147 
Perityle_gracilis_11                       0.1444702 0.1179247 0.1117442 0.3536270 0.1432459 0.1581056 0.2546472 0.2011439 0.2751115 0.1456000 0.1737808 0.0234664 0.0045978 0.0181707 0.0180859 0.0508542 0.0209063 0.2673686 0.0504060 0.0185266 0.0215281 0.0092249 0.0233028 0.0268403 0.0311753 0.0045948 0.0376904 0.0401512 0.0473313 0.1432583 0.4035962 0.1536666 0.1589224 0.1479780 0.0244470 0.0431428 0.0671529 0.2642677 0.0523991 0.0512400 0.0196915 0.1516125 0.0360649 0.0000000 0.0422649 0.0535964 0.0329828 0.0045959 0.0497445 0.0196551 0.0175184 0.0220536 0.0413470 0.0256224 0.0609931 0.0269931 0.0350356 0.0080643 0.0045964 0.0513732 0.1610701 0.1432344 0.2645719 0.0262917 0.0448737 0.0368268 0.1532158 0.1408509 0.0296747 0.0250544 0.0245432 0.1435345 0.0057594 0.0057500 0.0185352 0.0048800 0.1707965 0.0560405 0.0227881 0.0249082 0.0304337 0.2506805 0.1406419 0.1107607 0.0343055 
