83
Amauria_brandeegeana_62                    0.0000000 0.1132993 0.0616506 0.1532901 0.1694529 0.0579003 0.2352147 0.1267734 0.3726472 0.2014898 0.1670118 0.1847095 0.1448738 0.1430420 0.1622546 0.1294300 0.1377308 0.1935565 0.1428044 0.1395055 0.1352873 0.0614142 0.1490094 0.1422128 0.1350392 0.1405368 0.1781708 0.1983078 0.1568335 0.1216983 0.1955546 0.1907456 0.0749116 0.1423382 0.1886065 0.1371702 0.1713695 0.1470790 0.1448795 0.1458895 0.1565502 0.1344149 0.1428587 0.1687444 0.1367681 0.1334526 0.1343488 0.1473702 0.1424738 0.1574535 0.1429314 0.1522083 0.1342836 0.1916439 0.0980544 0.0778884 0.1342694 0.1323420 0.2101405 0.1392239 0.1372601 0.0541134 0.1463173 0.1440188 0.1392627 0.1906547 0.2018162 0.0584368 0.1468192 0.2014753 0.1864139 0.1372715 0.1362821 0.1391602 0.0771250 0.1944667 0.2014743 0.1512717 0.1488967 0.1711023 0.1398225 0.1506018 0.0950328 
Amauria_carterae_99_mesa                   0.1132993 0.0000000 0.0776400 0.1382894 0.1066504 0.1195377 0.1734670 0.1091105 0.3327233 0.1035134 0.1413711 0.1185185 0.1162335 0.1202617 0.0961298 0.1121569 0.1139182 0.0867440 0.1172109 0.1093869 0.1150616 0.0669594 0.1206108 0.1206043 0.1076960 0.1132087 0.1262500 0.1059181 0.1418516 0.1415312 0.1335030 0.1292594 0.0779958 0.1120086 0.1490948 0.1087014 0.0921778 0.0752002 0.1171945 0.1251381 0.1017761 0.1127615 0.0929691 0.0883099 0.1019393 0.1171218 0.1128026 0.0907911 0.1073677 0.1387155 0.1187655 0.1144470 0.1171630 0.0942867 0.1123854 0.0918556 0.1163105 0.1116539 0.1065579 0.1639744 0.1126454 0.0852417 0.1123593 0.0933860 0.1177534 0.1054107 0.1093807 0.0823385 0.1134335 0.1600893 0.1416922 0.1161272 0.1127284 0.1159974 0.0990473 0.1064916 0.0888892 0.1240058 0.1128312 0.1200500 0.1141579 0.1298400 0.0924522 
Amauria_rotundifolia_SRR9119150            0.0616506 0.0776400 0.0000000 0.1765539 0.1162347 0.0507663 0.2550303 0.1184978 0.3234678 0.1503464 0.1213340 0.1362074 0.1019892 0.0831268 0.1111377 0.0826377 0.0907968 0.1324178 0.1002522 0.0992690 0.0973278 0.0846413 0.1066832 0.0989982 0.1034843 0.1046198 0.1232197 0.1378164 0.1018356 0.1008878 0.1456698 0.1269576 0.0501778 0.1044504 0.1426138 0.0944900 0.1187551 0.1064277 0.0970924 0.1102273 0.1233442 0.0974026 0.1043714 0.1247247 0.1055439 0.0983250 0.0964235 0.1172895 0.0990110 0.1147769 0.1079686 0.1165932 0.0930638 0.1395987 0.0808379 0.0694169 0.0986493 0.0956449 0.1524243 0.1127341 0.0869886 0.0582119 0.0914232 0.1664852 0.1056828 0.1436696 0.1383737 0.0569502 0.1081333 0.1094126 0.1236998 0.0971075 0.0994348 0.1063581 0.0678020 0.1410280 0.1528567 0.1223993 0.1134344 0.1376492 0.0993906 0.0910564 0.0989429 
Conoclinium_coelestinum_SRR9119114         0.1532901 0.1382894 0.1765539 0.0000000 0.1947264 0.1520170 0.1505177 0.1495657 0.3325498 0.2011979 0.1961989 0.1879373 0.1753946 0.1461398 0.1876493 0.1640887 0.1504595 0.1895774 0.1832858 0.1801590 0.1808429 0.1996999 0.1785776 0.1808431 0.1794319 0.1822120 0.1833592 0.2206477 0.1619372 0.1792193 0.1875808 0.1994105 0.1699193 0.1801014 0.2029498 0.1801656 0.2054916 0.1998953 0.1609106 0.1771699 0.1974489 0.1786290 0.1798177 0.1979815 0.1826135 0.1775851 0.1798172 0.1951170 0.1785237 0.1865304 0.1802072 0.1871368 0.1729614 0.2153538 0.1520716 0.1373567 0.1810274 0.1787566 0.2265307 0.1784750 0.1469963 0.1332053 0.1681829 0.2439139 0.1817103 0.2042999 0.2033322 0.1266864 0.1807636 0.2084134 0.1777494 0.1775454 0.1785224 0.1822884 0.1233198 0.2082813 0.1953552 0.1920999 0.1866110 0.2231492 0.1828621 0.1526150 0.1753097 
Eutetras_palmeri_63                        0.1694529 0.1066504 0.1162347 0.1947264 0.0000000 0.0105805 0.2592772 0.1438508 0.3482749 0.1765862 0.1462414 0.1621864 0.1295756 0.1148338 0.1183658 0.1089294 0.1179548 0.1470232 0.1281143 0.1260968 0.1171327 0.0927008 0.1312095 0.1234680 0.1236522 0.1261778 0.1446270 0.1399649 0.1143961 0.0954937 0.1325409 0.1198220 0.1079924 0.1259903 0.1627218 0.1243053 0.1294576 0.1188438 0.1317736 0.1273927 0.1314475 0.1233211 0.1033715 0.1359882 0.1288407 0.1206240 0.1171726 0.1223582 0.1206182 0.1378209 0.1334154 0.1363817 0.1230063 0.1511807 0.1162189 0.0928693 0.1187266 0.1163779 0.1632342 0.1258328 0.1058663 0.0836614 0.1074296 0.1723713 0.1285916 0.1255135 0.1112523 0.0818640 0.1377010 0.1429421 0.1147173 0.1178429 0.1163821 0.1253243 0.0779451 0.1273422 0.1547402 0.1564799 0.1211712 0.1667341 0.1181270 0.1239374 0.1152660 
Eutetras_pringlei_149_quer                 0.0579003 0.1195377 0.0507663 0.1520170 0.0105805 0.0000000 0.1065574 0.0668956 0.1522272 0.0774487 0.0509822 0.0622746 0.0623588 0.0508421 0.0507548 0.0510127 0.0622778 0.0361299 0.0621225 0.0658920 0.0472520 0.0864008 0.0471842 0.0434705 0.0435084 0.0586544 0.0511608 0.0432562 0.0471802 0.0434133 0.0471096 0.0741514 0.0698316 0.0434655 0.0507156 0.0623589 0.0621175 0.0509476 0.0471842 0.0623335 0.0980208 0.0435084 0.0817515 0.0586271 0.0509157 0.0435084 0.0435084 0.0817515 0.0434705 0.0548553 0.0700928 0.0549939 0.0546937 0.0817107 0.0548061 0.0508380 0.0512340 0.0435084 0.0895168 0.0652559 0.0622793 0.0548598 0.0548082 0.1964090 0.0548598 0.0436701 0.0433726 0.0547702 0.0659142 0.0471842 0.0434133 0.0435084 0.0435084 0.0583663 0.0435084 0.0398291 0.0547250 0.0434769 0.0620692 0.1168214 0.0435084 0.0395864 0.0621935 
Eutrochium_fistulosum_SRR9119106           0.2352147 0.1734670 0.2550303 0.1505177 0.2592772 0.1065574 0.0000000 0.2096151 0.4245134 0.2859914 0.2492945 0.2984989 0.2591152 0.2097566 0.2593633 0.2474288 0.1938525 0.2558884 0.2542138 0.2329160 0.2573183 0.2300939 0.2634407 0.2625347 0.2609382 0.2576115 0.2786900 0.2722198 0.2051567 0.2001330 0.2769303 0.2711750 0.2150412 0.2436165 0.2796691 0.2365082 0.2695278 0.2671274 0.2183617 0.2631373 0.2612997 0.2345766 0.2452998 0.2708220 0.2552402 0.2567029 0.2567410 0.2586449 0.2505110 0.2626024 0.2508839 0.2415606 0.2290137 0.2883912 0.1789764 0.1463408 0.2585097 0.2540189 0.2985886 0.1658661 0.2073443 0.1743680 0.2507970 0.2766359 0.2533687 0.2760175 0.2711639 0.1104477 0.2330092 0.3162901 0.2160924 0.2549553 0.2523160 0.2578238 0.1385291 0.2909173 0.2914736 0.2458061 0.2555601 0.2677164 0.2598909 0.2099856 0.1989532 
Galeana_pratensis_104_mex                  0.1267734 0.1091105 0.1184978 0.1495657 0.1438508 0.0668956 0.2096151 0.0000000 0.2555456 0.1351281 0.1627027 0.1326318 0.1362303 0.1277438 0.1364803 0.1280530 0.1478405 0.1369425 0.1360273 0.1245578 0.1284613 0.0946298 0.1267381 0.1331596 0.1284126 0.1268698 0.1500596 0.1316709 0.1399848 0.1588246 0.1531190 0.1308530 0.1247037 0.1138485 0.1851012 0.1202671 0.1300623 0.1275886 0.1284945 0.1449449 0.1266544 0.1229890 0.1228751 0.1178976 0.1275872 0.1279031 0.1230609 0.1208990 0.1225998 0.1462596 0.1360503 0.1313704 0.1329184 0.1228473 0.1420293 0.1284304 0.1265899 0.1212524 0.1283062 0.1510688 0.1450688 0.0992529 0.1210782 0.1235038 0.1305866 0.1364566 0.1361265 0.0979281 0.1299122 0.1651040 0.1419704 0.1213167 0.1247149 0.1335924 0.1094502 0.1346620 0.1249658 0.1407177 0.1303963 0.1501408 0.1196647 0.1515085 0.1275479 
Helianthus_annuus_SRR9119062               0.3726472 0.3327233 0.3234678 0.3325498 0.3482749 0.1522272 0.4245134 0.2555456 0.0000000 0.3651465 0.3743407 0.3573103 0.3608118 0.3649489 0.3650906 0.3669111 0.3243151 0.3398450 0.3764991 0.3590864 0.3683568 0.2640917 0.3644330 0.3692095 0.3608212 0.3785419 0.3758075 0.3716307 0.3475371 0.2870885 0.3739252 0.3533310 0.3142225 0.3648129 0.3854849 0.3521254 0.3707179 0.3440790 0.3472531 0.3658941 0.3751440 0.3517568 0.3636750 0.3577899 0.3514580 0.3647747 0.3648872 0.3616387 0.3581458 0.3722145 0.3655327 0.3734071 0.3666517 0.3842430 0.2892742 0.2691840 0.3708153 0.3656226 0.3710497 0.2245912 0.3282068 0.2299476 0.3667448 0.4484724 0.3780707 0.3519588 0.3656800 0.1768371 0.3572903 0.4508916 0.3532789 0.3659360 0.3621072 0.3669494 0.1924407 0.3622833 0.3615005 0.3798506 0.3600353 0.3461765 0.3663434 0.3490771 0.3185155 
Pericome_caudata_50_silver                 0.2014898 0.1035134 0.1503464 0.2011979 0.1765862 0.0774487 0.2859914 0.1351281 0.3651465 0.0000000 0.1780077 0.1738983 0.1609629 0.1314976 0.1385038 0.1244331 0.1120562 0.1521449 0.1522856 0.1612309 0.1578032 0.1277864 0.1646882 0.1647439 0.1543927 0.1625888 0.1825173 0.1688031 0.1400602 0.1152345 0.1822511 0.1999893 0.1251903 0.1620075 0.1892636 0.1563631 0.1362154 0.1357995 0.1690822 0.1659039 0.1549351 0.1689269 0.1098422 0.1452701 0.1589482 0.1588079 0.1551833 0.1468300 0.1647593 0.1639711 0.1749414 0.1776796 0.1418784 0.1586734 0.1163300 0.0932613 0.1582457 0.1558217 0.1603102 0.1383780 0.1179330 0.0829725 0.1255874 0.1713536 0.1635894 0.1682475 0.1731369 0.0867100 0.1808336 0.1557312 0.1820581 0.1573277 0.1595466 0.1663314 0.0981951 0.1681280 0.1637143 0.2018039 0.1647489 0.1536112 0.1586433 0.1306872 0.1216629 
Perityle_aglossa_84_dead_horse             0.1670118 0.1413711 0.1213340 0.1961989 0.1462414 0.0509822 0.2492945 0.1627027 0.3743407 0.1780077 0.0000000 0.1013163 0.0530778 0.0690732 0.1237254 0.0587112 0.1290911 0.1603837 0.0606771 0.0546967 0.0495211 0.1521505 0.0537675 0.0529532 0.0502194 0.0531149 0.0879311 0.1789662 0.1225172 0.1240073 0.1508134 0.1272075 0.1218823 0.0452773 0.1709672 0.0595007 0.1532101 0.1120515 0.0501131 0.0610050 0.1479950 0.0534953 0.1363636 0.1622930 0.0594953 0.0458004 0.0495089 0.1383182 0.0525253 0.0178018 0.0575030 0.0782949 0.0593779 0.1669886 0.0799395 0.0589812 0.0508571 0.0482166 0.1837156 0.1078152 0.1349025 0.0643248 0.0419314 0.2160920 0.0619965 0.1597230 0.1621794 0.0377586 0.0697213 0.0702926 0.1321361 0.0501346 0.0488026 0.0548708 0.0723250 0.1608397 0.1723753 0.0754824 0.0539121 0.1776562 0.0505348 0.1227638 0.0665776 
Perityle_ajoensis_204                      0.1847095 0.1185185 0.1362074 0.1879373 0.1621864 0.0622746 0.2984989 0.1326318 0.3573103 0.1738983 0.1013163 0.0000000 0.0583965 0.0276704 0.1333923 0.0209174 0.1112154 0.1472134 0.0321027 0.0590836 0.0753680 0.0380087 0.0692921 0.0718688 0.0749509 0.0868678 0.0859081 0.1631943 0.0939873 0.0970164 0.1622657 0.1288567 0.1053011 0.0620215 0.1977984 0.0424820 0.1451663 0.1030420 0.0720088 0.0649536 0.1714961 0.0780198 0.1162332 0.1618586 0.0672750 0.0679758 0.0719627 0.1622614 0.0778547 0.0949863 0.0622838 0.0909315 0.0238033 0.1395847 0.0467263 0.0359438 0.0759206 0.0732355 0.1551174 0.1132103 0.1216640 0.0506114 0.0589554 0.1987648 0.0832126 0.1459556 0.1661671 0.0308194 0.0673284 0.0322816 0.1365883 0.0745241 0.0744921 0.0636863 0.0597985 0.1479000 0.1723332 0.1044987 0.0792879 0.1599378 0.0751012 0.1067551 0.0463007 
Perityle_ambrosiifolia_67_green            0.1448738 0.1162335 0.1019892 0.1753946 0.1295756 0.0623588 0.2591152 0.1362303 0.3608118 0.1609629 0.0530778 0.0583965 0.0000000 0.0270934 0.1086517 0.0183822 0.1205790 0.1331930 0.0198965 0.0255232 0.0309805 0.0346780 0.0271657 0.0247112 0.0319606 0.0465155 0.0567127 0.1562676 0.0972987 0.1000046 0.1354654 0.1012302 0.0977157 0.0195526 0.1554425 0.0194121 0.1364297 0.0969066 0.0269948 0.0248042 0.1351087 0.0341177 0.1178216 0.1437387 0.0238953 0.0259488 0.0309128 0.1241167 0.0346277 0.0506328 0.0221544 0.0560775 0.0212632 0.1349397 0.0478135 0.0398210 0.0321828 0.0296778 0.1523096 0.1167305 0.1253483 0.0493862 0.0582094 0.2022533 0.0458065 0.1402334 0.1411424 0.0283652 0.0296846 0.0301473 0.1106137 0.0308961 0.0311392 0.0186567 0.0569996 0.1387078 0.1558305 0.0566438 0.0371848 0.1565565 0.0311428 0.1086420 0.0338493 
Perityle_angustifolia_13_Eagle_creek       0.1430420 0.1202617 0.0831268 0.1461398 0.1148338 0.0508421 0.2097566 0.1277438 0.3649489 0.1314976 0.0690732 0.0276704 0.0270934 0.0000000 0.1180086 0.0143405 0.1107650 0.1021522 0.0302747 0.0356609 0.0397292 0.0250087 0.0406278 0.0356232 0.0387695 0.0523690 0.0480447 0.1400290 0.0929707 0.0916718 0.1156622 0.0733625 0.0981303 0.0192166 0.1622646 0.0252630 0.1237405 0.0862378 0.0389796 0.0349223 0.1369084 0.0381035 0.1262882 0.1221377 0.0151490 0.0299773 0.0380994 0.1252723 0.0487598 0.0684466 0.0300784 0.0573010 0.0195364 0.1158619 0.0481770 0.0279261 0.0422160 0.0380631 0.1388868 0.1109345 0.1348216 0.0455066 0.0670353 0.2053200 0.0522085 0.1176200 0.1353618 0.0213251 0.0392030 0.0468523 0.0957534 0.0397276 0.0380647 0.0267133 0.0606139 0.1165708 0.1272499 0.0407806 0.0514649 0.1702314 0.0384326 0.1098739 0.0299952 
Perityle_batopilensis_97                   0.1622546 0.0961298 0.1111377 0.1876493 0.1183658 0.0507548 0.2593633 0.1364803 0.3650906 0.1385038 0.1237254 0.1333923 0.1086517 0.1180086 0.0000000 0.0994947 0.1239412 0.1084544 0.1024776 0.1068988 0.1075369 0.0776244 0.1114675 0.1120082 0.1048838 0.1116965 0.1087085 0.1099998 0.1324135 0.1053204 0.1560816 0.1532805 0.1042593 0.1024851 0.1385803 0.1007358 0.0951234 0.0746492 0.1166110 0.1155316 0.0989432 0.1145891 0.0763311 0.0932503 0.0972343 0.1084760 0.1072969 0.0907333 0.0937760 0.1223035 0.1107694 0.1145930 0.1068666 0.1158231 0.0907302 0.0658611 0.1088140 0.1058720 0.1141865 0.1072752 0.0837725 0.0570480 0.1011922 0.1324011 0.1093370 0.1349084 0.1164183 0.0476171 0.1175172 0.1290211 0.1533170 0.1072480 0.1075333 0.1043524 0.0635835 0.1329046 0.0985103 0.1301584 0.1056571 0.1204407 0.1088249 0.1356468 0.0744958 
Perityle_bisetosa_9                        0.1294300 0.1121569 0.0826377 0.1640887 0.1089294 0.0510127 0.2474288 0.1280530 0.3669111 0.1244331 0.0587112 0.0209174 0.0183822 0.0143405 0.0994947 0.0000000 0.1107736 0.0920346 0.0203392 0.0323839 0.0347113 0.0250804 0.0312112 0.0269976 0.0323194 0.0446442 0.0374896 0.1305807 0.0925363 0.0930785 0.1080572 0.0828360 0.0899895 0.0095250 0.1459121 0.0160976 0.1113105 0.0759931 0.0315643 0.0250938 0.1234024 0.0378189 0.1144190 0.1168247 0.0102030 0.0242587 0.0332443 0.1128739 0.0367147 0.0575818 0.0249184 0.0489321 0.0141344 0.1042770 0.0457014 0.0272624 0.0360350 0.0325369 0.1204325 0.1093741 0.1247491 0.0454353 0.0598451 0.2005447 0.0431245 0.1043523 0.1215636 0.0206724 0.0288307 0.0348563 0.0952131 0.0332372 0.0342119 0.0194441 0.0619307 0.1020914 0.1124999 0.0535405 0.0446310 0.1614761 0.0334953 0.1078650 0.0299390 
Perityle_californica_76_positas            0.1377308 0.1139182 0.0907968 0.1504595 0.1179548 0.0622778 0.1938525 0.1478405 0.3243151 0.1120562 0.1290911 0.1112154 0.1205790 0.1107650 0.1239412 0.1107736 0.0000000 0.1088570 0.1220547 0.1138913 0.1129273 0.1070986 0.1218890 0.1195013 0.1087574 0.1170348 0.1228644 0.1252304 0.1163330 0.1063976 0.0559868 0.1242637 0.0960556 0.1088630 0.1492996 0.1093879 0.1188257 0.1073341 0.1170438 0.1201511 0.1258097 0.1100750 0.1188297 0.1202467 0.1112171 0.1087993 0.1100606 0.1177094 0.1119468 0.1309391 0.1162744 0.1225532 0.1155767 0.1189116 0.1024155 0.0931476 0.1120818 0.1108914 0.1344564 0.1289023 0.1272086 0.0868708 0.1184240 0.1906298 0.1158346 0.1156323 0.1301530 0.0774953 0.1197242 0.1486992 0.1229186 0.1110501 0.1099468 0.1118608 0.0851356 0.1174949 0.1248287 0.1231971 0.1191675 0.1696935 0.1111826 0.0490355 0.0993039 
Perityle_canescens_77                      0.1935565 0.0867440 0.1324178 0.1895774 0.1470232 0.0361299 0.2558884 0.1369425 0.3398450 0.1521449 0.1603837 0.1472134 0.1331930 0.1021522 0.1084544 0.0920346 0.1088570 0.0000000 0.1196209 0.1369553 0.1322638 0.0752518 0.1412267 0.1368378 0.1302823 0.1431088 0.1617661 0.1149704 0.1284738 0.0954703 0.1696429 0.1640858 0.1121731 0.1383739 0.1773939 0.1223857 0.1091978 0.0941665 0.1409948 0.1414110 0.1276165 0.1298330 0.0804756 0.1167329 0.1313642 0.1321143 0.1314352 0.1212765 0.1445452 0.1492654 0.1467503 0.1523074 0.1095162 0.1160137 0.0832449 0.0675670 0.1339749 0.1306432 0.1264767 0.1147538 0.0929446 0.0548752 0.1061003 0.1267292 0.1418745 0.1568844 0.1553646 0.0666264 0.1456794 0.1285067 0.1674510 0.1313856 0.1313270 0.1429362 0.0707936 0.1609449 0.1174528 0.1601608 0.1516544 0.1142069 0.1309396 0.1182855 0.0902568 
Perityle_castillonii_96                    0.1428044 0.1172109 0.1002522 0.1832858 0.1281143 0.0621225 0.2542138 0.1360273 0.3764991 0.1522856 0.0606771 0.0321027 0.0198965 0.0302747 0.1024776 0.0203392 0.1220547 0.1196209 0.0000000 0.0321860 0.0406251 0.0411614 0.0345968 0.0345700 0.0397635 0.0510295 0.0466182 0.1653705 0.1076309 0.1081077 0.1288521 0.0973214 0.1135523 0.0251594 0.1580578 0.0237884 0.1417939 0.0901271 0.0346146 0.0301115 0.1385973 0.0447692 0.1277075 0.1494532 0.0270530 0.0339107 0.0398720 0.1289039 0.0406257 0.0602730 0.0253145 0.0518666 0.0231958 0.1474586 0.0564873 0.0388990 0.0418737 0.0391899 0.1621785 0.1137909 0.1282115 0.0569218 0.0616218 0.2115356 0.0495957 0.1258547 0.1412140 0.0270995 0.0288252 0.0358840 0.1130881 0.0418350 0.0408423 0.0217586 0.0616897 0.1235927 0.1403409 0.0635305 0.0446305 0.1694492 0.0419450 0.1128542 0.0401807 
Perityle_cernua_84                         0.1395055 0.1093869 0.0992690 0.1801590 0.1260968 0.0658920 0.2329160 0.1245578 0.3590864 0.1612309 0.0546967 0.0590836 0.0255232 0.0356609 0.1068988 0.0323839 0.1138913 0.1369553 0.0321860 0.0000000 0.0250589 0.0378621 0.0407724 0.0341491 0.0299499 0.0418007 0.0494653 0.1651764 0.0960285 0.0925092 0.1341908 0.1020527 0.1043540 0.0287197 0.1572273 0.0294367 0.1427902 0.0937139 0.0357217 0.0394123 0.1350163 0.0295311 0.1215885 0.1470327 0.0375993 0.0258031 0.0250560 0.1246625 0.0349229 0.0539624 0.0327235 0.0531650 0.0330886 0.1527886 0.0436388 0.0442577 0.0263542 0.0237813 0.1685631 0.1109292 0.1215707 0.0403193 0.0471070 0.1978838 0.0500790 0.1356917 0.1388432 0.0268541 0.0354400 0.0496393 0.1099634 0.0263161 0.0256604 0.0326924 0.0595414 0.1375346 0.1503550 0.0567218 0.0350773 0.1575468 0.0271702 0.1091264 0.0374322 
Perityle_cfvillosa_25_tin                  0.1352873 0.1150616 0.0973278 0.1808429 0.1171327 0.0472520 0.2573183 0.1284613 0.3683568 0.1578032 0.0495211 0.0753680 0.0309805 0.0397292 0.1075369 0.0347113 0.1129273 0.1322638 0.0406251 0.0250589 0.0000000 0.0511203 0.0349313 0.0287146 0.0143448 0.0382412 0.0584002 0.1562474 0.0873242 0.0891706 0.1300289 0.0989741 0.0912525 0.0317276 0.1491888 0.0316434 0.1310286 0.0922738 0.0314665 0.0367703 0.1256798 0.0114052 0.1118142 0.1383391 0.0373513 0.0142102 0.0064483 0.1163787 0.0316646 0.0454352 0.0388099 0.0618179 0.0376539 0.1344252 0.0382699 0.0454672 0.0070453 0.0035092 0.1466298 0.1022618 0.1169766 0.0335332 0.0394434 0.1995604 0.0450155 0.1397390 0.1360256 0.0356742 0.0420215 0.0438430 0.0981191 0.0076277 0.0082703 0.0280617 0.0487506 0.1370214 0.1494971 0.0546962 0.0385340 0.1554243 0.0076818 0.1064766 0.0372095 
Perityle_cinerea_113_Powell1310            0.0614142 0.0669594 0.0846413 0.1996999 0.0927008 0.0864008 0.2300939 0.0946298 0.2640917 0.1277864 0.1521505 0.0380087 0.0346780 0.0250087 0.0776244 0.0250804 0.1070986 0.0752518 0.0411614 0.0378621 0.0511203 0.0000000 0.0541003 0.0443812 0.0412262 0.0683357 0.0645008 0.1135769 0.0921757 0.0886294 0.1248954 0.1101918 0.0917814 0.0277074 0.1347624 0.0314686 0.0786472 0.0813203 0.0541003 0.0543630 0.1136981 0.0412262 0.0924184 0.0927956 0.0282111 0.0444866 0.0412262 0.0920991 0.0444447 0.1422034 0.0413218 0.0618665 0.0281758 0.0987974 0.0576962 0.0741235 0.0477970 0.0412262 0.1137191 0.0747731 0.1146315 0.0649464 0.0652025 0.0875891 0.0684122 0.1063386 0.0883600 0.0510483 0.0410815 0.0541003 0.0886294 0.0412262 0.0412262 0.0347714 0.0465892 0.1098366 0.0889226 0.0543582 0.0412509 0.0741193 0.0412262 0.1102261 0.0444191 
Perityle_coahuilensis_24                   0.1490094 0.1206108 0.1066832 0.1785776 0.1312095 0.0471842 0.2634407 0.1267381 0.3644330 0.1646882 0.0537675 0.0692921 0.0271657 0.0406278 0.1114675 0.0312112 0.1218890 0.1412267 0.0345968 0.0407724 0.0349313 0.0541003 0.0000000 0.0317411 0.0347072 0.0511089 0.0618472 0.1614029 0.0956908 0.1017828 0.1379116 0.1092059 0.1023106 0.0310770 0.1600290 0.0316122 0.1428884 0.0992070 0.0059133 0.0312573 0.1370687 0.0363707 0.1223950 0.1456705 0.0335633 0.0287008 0.0336314 0.1275806 0.0385553 0.0513314 0.0324509 0.0616164 0.0349007 0.1415715 0.0503690 0.0415904 0.0361218 0.0336280 0.1548643 0.1112157 0.1289219 0.0480642 0.0588788 0.2124023 0.0459133 0.1414454 0.1474006 0.0429494 0.0366589 0.0024930 0.1075555 0.0342314 0.0338754 0.0330627 0.0555084 0.1406207 0.1546638 0.0604066 0.0485888 0.1571102 0.0351297 0.1127122 0.0453022 
Perityle_cochisensis_44_cave_creek         0.1422128 0.1206043 0.0989982 0.1808431 0.1234680 0.0434705 0.2625347 0.1331596 0.3692095 0.1647439 0.0529532 0.0718688 0.0247112 0.0356232 0.1120082 0.0269976 0.1195013 0.1368378 0.0345700 0.0341491 0.0287146 0.0443812 0.0317411 0.0000000 0.0296533 0.0458903 0.0559100 0.1577377 0.0934789 0.0951720 0.1368221 0.1019358 0.0950743 0.0285272 0.1555590 0.0309487 0.1372815 0.0960225 0.0307470 0.0361817 0.1309299 0.0316319 0.1144580 0.1431007 0.0297539 0.0237736 0.0286528 0.1201533 0.0256167 0.0499141 0.0280715 0.0620975 0.0306288 0.1374423 0.0455269 0.0463650 0.0298995 0.0274382 0.1507587 0.1042874 0.1195345 0.0430053 0.0527680 0.2019822 0.0482997 0.1426211 0.1455111 0.0393281 0.0392749 0.0375002 0.1070395 0.0292492 0.0288595 0.0305444 0.0583865 0.1410244 0.1512258 0.0533048 0.0441896 0.1579179 0.0307062 0.1132122 0.0403780 
Perityle_congesta_202                      0.1350392 0.1076960 0.1034843 0.1794319 0.1236522 0.0435084 0.2609382 0.1284126 0.3608212 0.1543927 0.0502194 0.0749509 0.0319606 0.0387695 0.1048838 0.0323194 0.1087574 0.1302823 0.0397635 0.0299499 0.0143448 0.0412262 0.0347072 0.0296533 0.0000000 0.0450557 0.0610420 0.1537678 0.0871718 0.0890977 0.1288801 0.1052040 0.0958678 0.0339778 0.1503315 0.0374678 0.1303921 0.0916704 0.0319519 0.0353247 0.1265116 0.0180821 0.1086004 0.1370479 0.0381397 0.0125603 0.0131126 0.1170949 0.0370016 0.0459634 0.0399778 0.0683697 0.0353613 0.1288306 0.0373451 0.0368696 0.0155341 0.0131113 0.1460290 0.1023689 0.1210956 0.0359124 0.0444264 0.1982622 0.0519595 0.1420446 0.1384068 0.0332218 0.0444935 0.0409315 0.1022717 0.0137084 0.0138188 0.0289862 0.0446990 0.1412699 0.1445689 0.0577019 0.0433714 0.1558527 0.0138175 0.1066089 0.0379691 
Perityle_cordifolia_27                     0.1405368 0.1132087 0.1046198 0.1822120 0.1261778 0.0586544 0.2576115 0.1268698 0.3785419 0.1625888 0.0531149 0.0868678 0.0465155 0.0523690 0.1116965 0.0446442 0.1170348 0.1431088 0.0510295 0.0418007 0.0382412 0.0683357 0.0511089 0.0458903 0.0450557 0.0000000 0.0751485 0.1576382 0.1053901 0.0980273 0.1424554 0.1084930 0.1023712 0.0460299 0.1564377 0.0462451 0.1347798 0.0932002 0.0474112 0.0568233 0.1344099 0.0426681 0.1223756 0.1411900 0.0529456 0.0377380 0.0381939 0.1244944 0.0493668 0.0515952 0.0514707 0.0390463 0.0490811 0.1460312 0.0568603 0.0470494 0.0400785 0.0375529 0.1572023 0.1077000 0.1179787 0.0078720 0.0511394 0.1960349 0.0209483 0.1429616 0.1417644 0.0419125 0.0568058 0.0574143 0.1158772 0.0400376 0.0391156 0.0491474 0.0651891 0.1434720 0.1523493 0.0675195 0.0532090 0.1543299 0.0384687 0.1084873 0.0537014 
Perityle_cordifolia_68_tecolote            0.1781708 0.1262500 0.1232197 0.1833592 0.1446270 0.0511608 0.2786900 0.1500596 0.3758075 0.1825173 0.0879311 0.0859081 0.0567127 0.0480447 0.1087085 0.0374896 0.1228644 0.1617661 0.0466182 0.0494653 0.0584002 0.0645008 0.0618472 0.0559100 0.0610420 0.0751485 0.0000000 0.1691850 0.1089565 0.1049233 0.1523467 0.1299376 0.1125429 0.0572731 0.1753394 0.0407230 0.1471335 0.0996713 0.0637346 0.0630574 0.1521068 0.0610438 0.1259849 0.1532233 0.0610222 0.0572273 0.0582711 0.1461572 0.0572560 0.0847470 0.0621384 0.0831145 0.0414190 0.1522880 0.0201571 0.0591650 0.0596069 0.0569991 0.1728579 0.1184185 0.1315956 0.0535182 0.0637087 0.2118022 0.0723542 0.1469773 0.1556238 0.0477465 0.0641203 0.0518879 0.1313910 0.0569562 0.0593687 0.0539787 0.0638761 0.1519313 0.1649822 0.0860234 0.0706469 0.1760513 0.0599939 0.1208743 0.0475777 
Perityle_coronopifolia_28_patagonia        0.1983078 0.1059181 0.1378164 0.2206477 0.1399649 0.0432562 0.2722198 0.1316709 0.3716307 0.1688031 0.1789662 0.1631943 0.1562676 0.1400290 0.1099998 0.1305807 0.1252304 0.1149704 0.1653705 0.1651764 0.1562474 0.1135769 0.1614029 0.1577377 0.1537678 0.1576382 0.1691850 0.0000000 0.1535534 0.1236952 0.1823044 0.2050636 0.1317287 0.1620584 0.1731658 0.1597493 0.1280744 0.1249885 0.1592791 0.1613550 0.1409092 0.1590642 0.1056694 0.1251522 0.1541488 0.1569564 0.1554050 0.1291733 0.1553178 0.1633233 0.1703753 0.1538473 0.1505256 0.1107391 0.1100792 0.0966135 0.1579070 0.1544966 0.1172649 0.1178964 0.1009827 0.0730457 0.1281472 0.0972204 0.1556819 0.1613976 0.1559286 0.0868359 0.1704259 0.1799735 0.1810618 0.1561468 0.1568106 0.1579901 0.0719391 0.1671102 0.1251885 0.1970101 0.1631461 0.1246552 0.1559932 0.1408847 0.1236577 
Perityle_crassifolia_70_ventanas           0.1568335 0.1418516 0.1018356 0.1619372 0.1143961 0.0471802 0.2051567 0.1399848 0.3475371 0.1400602 0.1225172 0.0939873 0.0972987 0.0929707 0.1324135 0.0925363 0.1163330 0.1284738 0.1076309 0.0960285 0.0873242 0.0921757 0.0956908 0.0934789 0.0871718 0.1053901 0.1089565 0.1535534 0.0000000 0.0268226 0.1190711 0.0924848 0.1087802 0.0986336 0.1736777 0.0968230 0.1390173 0.1153102 0.0947335 0.0996211 0.1421984 0.0848025 0.1338773 0.1372649 0.0964772 0.0867520 0.0848073 0.1345368 0.0961757 0.1128219 0.1052541 0.1157866 0.1021666 0.1451058 0.0930815 0.0928893 0.0899299 0.0855608 0.1622550 0.1207132 0.1339661 0.0909278 0.0924793 0.2055228 0.1071160 0.1248100 0.1363960 0.0736513 0.1047293 0.1099775 0.0156634 0.0864751 0.0856112 0.0994289 0.0768932 0.1221063 0.1405736 0.1065034 0.1076972 0.1713865 0.0856119 0.1186504 0.0913654 
Perityle_crassifolia_74_playa_balandra     0.1216983 0.1415312 0.1008878 0.1792193 0.0954937 0.0434133 0.2001330 0.1588246 0.2870885 0.1152345 0.1240073 0.0970164 0.1000046 0.0916718 0.1053204 0.0930785 0.1063976 0.0954703 0.1081077 0.0925092 0.0891706 0.0886294 0.1017828 0.0951720 0.0890977 0.0980273 0.1049233 0.1236952 0.0268226 0.0000000 0.1094824 0.0998234 0.1116780 0.0896211 0.1322966 0.0921197 0.1112582 0.1032097 0.1025474 0.1030439 0.1126046 0.0855751 0.1087707 0.1178064 0.0913489 0.0903065 0.0855441 0.1099373 0.0964132 0.1238078 0.1005465 0.1076989 0.0986624 0.1200201 0.1063136 0.0937974 0.0916830 0.0854653 0.1290853 0.1533931 0.1176272 0.0978701 0.1033275 0.2087511 0.1038535 0.1212181 0.1249861 0.0797405 0.1014965 0.0957851 0.0223194 0.0855268 0.0866682 0.1000106 0.1084419 0.1200233 0.1176137 0.0973069 0.1053313 0.1869911 0.0844353 0.1157947 0.0977004 
Perityle_cuneata_34_cuneata_San_antonio    0.1955546 0.1335030 0.1456698 0.1875808 0.1325409 0.0471096 0.2769303 0.1531190 0.3739252 0.1822511 0.1508134 0.1622657 0.1354654 0.1156622 0.1560816 0.1080572 0.0559868 0.1696429 0.1288521 0.1341908 0.1300289 0.1248954 0.1379116 0.1368221 0.1288801 0.1424554 0.1523467 0.1823044 0.1190711 0.1094824 0.0000000 0.1305263 0.1335792 0.1389040 0.2062544 0.1318344 0.1626161 0.1414386 0.1438932 0.1367570 0.1782775 0.1392004 0.1441760 0.1647827 0.1408512 0.1289492 0.1290682 0.1680595 0.1356588 0.1406032 0.1488210 0.1624358 0.1288124 0.1705780 0.1080774 0.0988950 0.1298855 0.1282701 0.1833522 0.1164156 0.1375405 0.1051200 0.1045872 0.2033980 0.1471165 0.1562478 0.1575177 0.0959555 0.1520812 0.1361264 0.1326408 0.1297554 0.1294739 0.1374995 0.0724518 0.1649433 0.1874380 0.1650033 0.1367562 0.1795975 0.1301295 0.0426838 0.1165873 
Perityle_cuneata_4                         0.1907456 0.1292594 0.1269576 0.1994105 0.1198220 0.0741514 0.2711750 0.1308530 0.3533310 0.1999893 0.1272075 0.1288567 0.1012302 0.0733625 0.1532805 0.0828360 0.1242637 0.1640858 0.0973214 0.1020527 0.0989741 0.1101918 0.1092059 0.1019358 0.1052040 0.1084930 0.1299376 0.2050636 0.0924848 0.0998234 0.1305263 0.0000000 0.1334044 0.1070091 0.1945615 0.0998169 0.1713912 0.1316218 0.0980097 0.1095562 0.1682010 0.0983561 0.1441003 0.1670920 0.1131641 0.1006210 0.0988198 0.1603897 0.1080679 0.1195754 0.1118752 0.1233405 0.0887685 0.1889262 0.0819620 0.0854812 0.1002213 0.0973797 0.2060606 0.1313433 0.1317248 0.0915130 0.0893796 0.2063765 0.1142938 0.1559918 0.1530938 0.0804335 0.1090876 0.1021329 0.1021929 0.0987879 0.0982406 0.1054191 0.0881835 0.1584738 0.1939081 0.1226872 0.1157911 0.1737905 0.0995044 0.1017605 0.1106993 
Perityle_discoidea_81                      0.0749116 0.0779958 0.0501778 0.1699193 0.1079924 0.0698316 0.2150412 0.1247037 0.3142225 0.1251903 0.1218823 0.1053011 0.0977157 0.0981303 0.1042593 0.0899895 0.0960556 0.1121731 0.1135523 0.1043540 0.0912525 0.0917814 0.1023106 0.0950743 0.0958678 0.1023712 0.1125429 0.1317287 0.1087802 0.1116780 0.1335792 0.1334044 0.0000000 0.1058038 0.1407819 0.1046022 0.1230247 0.1068113 0.0975275 0.1047698 0.1154466 0.0903218 0.0997871 0.1232743 0.1052622 0.0933953 0.0903865 0.1084862 0.1016978 0.1089185 0.1069504 0.1104792 0.1042170 0.1384938 0.0913677 0.0745540 0.0929680 0.0894813 0.1437453 0.1241179 0.0911882 0.0621026 0.0954268 0.1709118 0.1054345 0.1291628 0.1343144 0.0707680 0.1093075 0.1250918 0.1306943 0.0911981 0.0911332 0.1086689 0.0723188 0.1300387 0.1210616 0.1260582 0.1096117 0.1392217 0.0912168 0.0988069 0.0979287 
Perityle_dissecta_201                      0.1423382 0.1120086 0.1044504 0.1801014 0.1259903 0.0434655 0.2436165 0.1138485 0.3648129 0.1620075 0.0452773 0.0620215 0.0195526 0.0192166 0.1024851 0.0095250 0.1088630 0.1383739 0.0251594 0.0287197 0.0317276 0.0277074 0.0310770 0.0285272 0.0339778 0.0460299 0.0572731 0.1620584 0.0986336 0.0896211 0.1389040 0.1070091 0.1058038 0.0000000 0.1469419 0.0189910 0.1366243 0.0880807 0.0320626 0.0262045 0.1354275 0.0349448 0.1185439 0.1399760 0.0178860 0.0242120 0.0316579 0.1246698 0.0356619 0.0424631 0.0278066 0.0498834 0.0200426 0.1487851 0.0458321 0.0311566 0.0329349 0.0304168 0.1593882 0.1094356 0.1190367 0.0393037 0.0552806 0.1998419 0.0421677 0.1392380 0.1413066 0.0257573 0.0348775 0.0348825 0.1113150 0.0322662 0.0325315 0.0225160 0.0586514 0.1370831 0.1486345 0.0507319 0.0424933 0.1569754 0.0337790 0.1053204 0.0327872 
Perityle_feddemae_99                       0.1886065 0.1490948 0.1426138 0.2029498 0.1627218 0.0507156 0.2796691 0.1851012 0.3854849 0.1892636 0.1709672 0.1977984 0.1554425 0.1622646 0.1385803 0.1459121 0.1492996 0.1773939 0.1580578 0.1572273 0.1491888 0.1347624 0.1600290 0.1555590 0.1503315 0.1564377 0.1753394 0.1731658 0.1736777 0.1322966 0.2062544 0.1945615 0.1407819 0.1469419 0.0000000 0.1576209 0.1372114 0.1438546 0.1668506 0.1577292 0.0882162 0.1581877 0.0914625 0.1375721 0.1475418 0.1502750 0.1481759 0.0814595 0.1472054 0.1623110 0.1635514 0.1710140 0.1585033 0.1729743 0.1341186 0.0915986 0.1497266 0.1473509 0.1716753 0.1178665 0.1379017 0.0964518 0.1444232 0.2129239 0.1553756 0.1923300 0.1725000 0.0643519 0.1643820 0.1937606 0.1863331 0.1473867 0.1500902 0.1542873 0.0793485 0.1867079 0.1633503 0.1807593 0.1547790 0.2121731 0.1531337 0.1788707 0.1212898 
Perityle_fosteri_93                        0.1371702 0.1087014 0.0944900 0.1801656 0.1243053 0.0623589 0.2365082 0.1202671 0.3521254 0.1563631 0.0595007 0.0424820 0.0194121 0.0252630 0.1007358 0.0160976 0.1093879 0.1223857 0.0237884 0.0294367 0.0316434 0.0314686 0.0316122 0.0309487 0.0374678 0.0462451 0.0407230 0.1597493 0.0968230 0.0921197 0.1318344 0.0998169 0.1046022 0.0189910 0.1576209 0.0000000 0.1399185 0.0911440 0.0299378 0.0290886 0.1364611 0.0330162 0.1214347 0.1457317 0.0208950 0.0316097 0.0316396 0.1258687 0.0358669 0.0561056 0.0262927 0.0496870 0.0210895 0.1488828 0.0448769 0.0387101 0.0329896 0.0303193 0.1666255 0.1114028 0.1192983 0.0419042 0.0577727 0.1961979 0.0441521 0.1316520 0.1418910 0.0258482 0.0260913 0.0377418 0.1079505 0.0322895 0.0322630 0.0238828 0.0585217 0.1318851 0.1398883 0.0578189 0.0417742 0.1588287 0.0338788 0.1006538 0.0322507 
Perityle_gamon_221                         0.1713695 0.0921778 0.1187551 0.2054916 0.1294576 0.0621175 0.2695278 0.1300623 0.3707179 0.1362154 0.1532101 0.1451663 0.1364297 0.1237405 0.0951234 0.1113105 0.1188257 0.1091978 0.1417939 0.1427902 0.1310286 0.0786472 0.1428884 0.1372815 0.1303921 0.1347798 0.1471335 0.1280744 0.1390173 0.1112582 0.1626161 0.1713912 0.1230247 0.1366243 0.1372114 0.1399185 0.0000000 0.1148595 0.1455060 0.1405788 0.0961434 0.1376846 0.0697774 0.0398377 0.1292904 0.1327726 0.1299708 0.0864828 0.1315637 0.1425582 0.1478931 0.1421376 0.1352328 0.1275803 0.0992125 0.0924257 0.1308751 0.1277709 0.1257421 0.1108486 0.0766423 0.0771307 0.1108774 0.1298696 0.1359926 0.1468288 0.1333608 0.0853224 0.1494329 0.1466608 0.1582255 0.1321282 0.1318496 0.1364228 0.0848686 0.1395578 0.0982710 0.1655017 0.1299721 0.1151434 0.1317418 0.1287766 0.1182853 
Perityle_gentryi_8_san_francisco           0.1470790 0.0752002 0.1064277 0.1998953 0.1188438 0.0509476 0.2671274 0.1275886 0.3440790 0.1357995 0.1120515 0.1030420 0.0969066 0.0862378 0.0746492 0.0759931 0.1073341 0.0941665 0.0901271 0.0937139 0.0922738 0.0813203 0.0992070 0.0960225 0.0916704 0.0932002 0.0996713 0.1249885 0.1153102 0.1032097 0.1414386 0.1316218 0.1068113 0.0880807 0.1438546 0.0911440 0.1148595 0.0000000 0.1002899 0.0983499 0.1093208 0.0973641 0.0847158 0.1117107 0.0888574 0.0904026 0.0906926 0.0980159 0.0961275 0.1107136 0.0984368 0.1070824 0.0822228 0.1202475 0.0837837 0.0572868 0.0942708 0.0913318 0.1177940 0.1198053 0.0813204 0.0558006 0.0920800 0.1482223 0.0929759 0.1238209 0.1202218 0.0429583 0.1006055 0.1046851 0.1364939 0.0906622 0.0921912 0.0934556 0.0748734 0.1226011 0.1037801 0.1203038 0.1026989 0.1182370 0.0921044 0.1131081 0.0781209 
Perityle_gilensis_22_Superstition          0.1448795 0.1171945 0.0970924 0.1609106 0.1317736 0.0471842 0.2183617 0.1284945 0.3472531 0.1690822 0.0501131 0.0720088 0.0269948 0.0389796 0.1166110 0.0315643 0.1170438 0.1409948 0.0346146 0.0357217 0.0314665 0.0541003 0.0059133 0.0307470 0.0319519 0.0474112 0.0637346 0.1592791 0.0947335 0.1025474 0.1438932 0.0980097 0.0975275 0.0320626 0.1668506 0.0299378 0.1455060 0.1002899 0.0000000 0.0328190 0.1402916 0.0294430 0.1258309 0.1469105 0.0327492 0.0253154 0.0301000 0.1311697 0.0390404 0.0476629 0.0287543 0.0616695 0.0321192 0.1439227 0.0484477 0.0368682 0.0335638 0.0300941 0.1650767 0.1095117 0.1242961 0.0431789 0.0547202 0.2112316 0.0458714 0.1461699 0.1567873 0.0392621 0.0339705 0.0058698 0.1074470 0.0314636 0.0293993 0.0322184 0.0514444 0.1490983 0.1656178 0.0427636 0.0467365 0.1556390 0.0324145 0.1100484 0.0386448 
Perityle_gilensis_salensis_225             0.1458895 0.1251381 0.1102273 0.1771699 0.1273927 0.0623335 0.2631373 0.1449449 0.3658941 0.1659039 0.0610050 0.0649536 0.0248042 0.0349223 0.1155316 0.0250938 0.1201511 0.1414110 0.0301115 0.0394123 0.0367703 0.0543630 0.0312573 0.0361817 0.0353247 0.0568233 0.0630574 0.1613550 0.0996211 0.1030439 0.1367570 0.1095562 0.1047698 0.0262045 0.1577292 0.0290886 0.1405788 0.0983499 0.0328190 0.0000000 0.1377131 0.0377052 0.1222252 0.1455301 0.0318092 0.0331174 0.0354641 0.1275242 0.0428707 0.0570009 0.0313350 0.0615549 0.0301135 0.1421850 0.0541147 0.0387283 0.0379612 0.0354605 0.1561691 0.1164831 0.1300050 0.0566202 0.0670380 0.2100231 0.0528405 0.1425978 0.1480544 0.0307610 0.0388467 0.0368210 0.1112860 0.0360645 0.0351061 0.0269253 0.0652729 0.1418995 0.1566527 0.0613425 0.0447938 0.1674735 0.0369665 0.1103388 0.0397765 
Perityle_glaucescens_94                    0.1565502 0.1017761 0.1233442 0.1974489 0.1314475 0.0980208 0.2612997 0.1266544 0.3751440 0.1549351 0.1479950 0.1714961 0.1351087 0.1369084 0.0989432 0.1234024 0.1258097 0.1276165 0.1385973 0.1350163 0.1256798 0.1136981 0.1370687 0.1309299 0.1265116 0.1344099 0.1521068 0.1409092 0.1421984 0.1126046 0.1782775 0.1682010 0.1154466 0.1354275 0.0882162 0.1364611 0.0961434 0.1093208 0.1402916 0.1377131 0.0000000 0.1340021 0.0140234 0.1003790 0.1277371 0.1266758 0.1247464 0.0134687 0.1244427 0.1404330 0.1412715 0.1444351 0.1334984 0.1337965 0.0993364 0.0953236 0.1262318 0.1239674 0.1232819 0.1295780 0.0904767 0.0822135 0.1192250 0.1414852 0.1320891 0.1562568 0.1426366 0.0801787 0.1485966 0.1595698 0.1572777 0.1239971 0.1279118 0.1339191 0.0852322 0.1518738 0.1245120 0.1591935 0.1332210 0.1306538 0.1270808 0.1395547 0.1001617 
Perityle_gracilis_11                       0.1344149 0.1127615 0.0974026 0.1786290 0.1233211 0.0435084 0.2345766 0.1229890 0.3517568 0.1689269 0.0534953 0.0780198 0.0341177 0.0381035 0.1145891 0.0378189 0.1100750 0.1298330 0.0447692 0.0295311 0.0114052 0.0412262 0.0363707 0.0316319 0.0180821 0.0426681 0.0610438 0.1590642 0.0848025 0.0855751 0.1392004 0.0983561 0.0903218 0.0349448 0.1581877 0.0330162 0.1376846 0.0973641 0.0294430 0.0377052 0.1340021 0.0000000 0.1177678 0.1455087 0.0403441 0.0178989 0.0101284 0.1237417 0.0348111 0.0490202 0.0398050 0.0645479 0.0380419 0.1442809 0.0346322 0.0435586 0.0126859 0.0101217 0.1573369 0.1023322 0.1160540 0.0323480 0.0463348 0.1963464 0.0486523 0.1454263 0.1489121 0.0332134 0.0435438 0.0469597 0.0966751 0.0107613 0.0101250 0.0309157 0.0446459 0.1507916 0.1593454 0.0544219 0.0422623 0.1527241 0.0121375 0.1038996 0.0401494 
Perityle_harkerae_31                       0.1428587 0.0929691 0.1043714 0.1798177 0.1033715 0.0817515 0.2452998 0.1228751 0.3636750 0.1098422 0.1363636 0.1162332 0.1178216 0.1262882 0.0763311 0.1144190 0.1188297 0.0804756 0.1277075 0.1215885 0.1118142 0.0924184 0.1223950 0.1144580 0.1086004 0.1223756 0.1259849 0.1056694 0.1338773 0.1087707 0.1441760 0.1441003 0.0997871 0.1185439 0.0914625 0.1214347 0.0697774 0.0847158 0.1258309 0.1222252 0.0140234 0.1177678 0.0000000 0.0723138 0.1103929 0.1105397 0.1100433 0.0069759 0.1109583 0.1290430 0.1246619 0.1297662 0.1276032 0.1044855 0.0931714 0.0902777 0.1123501 0.1099576 0.0932615 0.1218926 0.0834112 0.0771815 0.1116189 0.1344560 0.1214593 0.1197335 0.1155178 0.0745521 0.1295993 0.1477160 0.1341021 0.1100171 0.1125311 0.1185524 0.0780481 0.1161417 0.0765908 0.1495018 0.1158288 0.1182442 0.1101619 0.1293455 0.0902019 
Perityle_hofmeisteria_4_nombre_de_dios     0.1687444 0.0883099 0.1247247 0.1979815 0.1359882 0.0586271 0.2708220 0.1178976 0.3577899 0.1452701 0.1622930 0.1618586 0.1437387 0.1221377 0.0932503 0.1168247 0.1202467 0.1167329 0.1494532 0.1470327 0.1383391 0.0927956 0.1456705 0.1431007 0.1370479 0.1411900 0.1532233 0.1251522 0.1372649 0.1178064 0.1647827 0.1670920 0.1232743 0.1399760 0.1375721 0.1457317 0.0398377 0.1117107 0.1469105 0.1455301 0.1003790 0.1455087 0.0723138 0.0000000 0.1334788 0.1393883 0.1380203 0.0914284 0.1363213 0.1546087 0.1563753 0.1473590 0.1375781 0.1293008 0.0976158 0.0894245 0.1396484 0.1350549 0.1192774 0.1145794 0.0708511 0.0739402 0.1116936 0.1197302 0.1401075 0.1547172 0.1402798 0.0816167 0.1594914 0.1531681 0.1614662 0.1379542 0.1392659 0.1464433 0.0836001 0.1509075 0.0962964 0.1619440 0.1405493 0.1081433 0.1398578 0.1279755 0.1228769 
Perityle_huecosensis_48                    0.1367681 0.1019393 0.1055439 0.1826135 0.1288407 0.0509157 0.2552402 0.1275872 0.3514580 0.1589482 0.0594953 0.0672750 0.0238953 0.0151490 0.0972343 0.0102030 0.1112171 0.1313642 0.0270530 0.0375993 0.0373513 0.0282111 0.0335633 0.0297539 0.0381397 0.0529456 0.0610222 0.1541488 0.0964772 0.0913489 0.1408512 0.1131641 0.1052622 0.0178860 0.1475418 0.0208950 0.1292904 0.0888574 0.0327492 0.0318092 0.1277371 0.0403441 0.1103929 0.1334788 0.0000000 0.0285309 0.0372690 0.1171352 0.0392544 0.0566187 0.0302393 0.0572788 0.0213683 0.1399233 0.0455035 0.0341256 0.0385608 0.0360190 0.1547263 0.1094107 0.1202357 0.0451066 0.0606305 0.1859271 0.0484035 0.1402208 0.1409087 0.0245913 0.0379475 0.0375268 0.1116575 0.0378793 0.0375440 0.0242996 0.0583364 0.1387616 0.1434387 0.0554294 0.0486365 0.1551654 0.0394473 0.1061032 0.0351750 
