84
Amauria_brandeegeana_62                    0.0000000 0.0614587 0.0781881 0.2611010 0.2893969 0.2584727 0.2715310 0.3853416 0.0089085 0.1004509 0.1185824 0.0914523 0.0976755 0.0962784 0.1243675 0.1019329 0.1872988 0.1120753 0.1039257 0.1249018 0.1352188 0.1734779 0.1001647 0.1118755 0.0956106 0.0880716 0.1065439 0.1100982 0.0808070 0.0767020 0.0990648 0.0970518 0.0125623 0.1001470 0.1068332 0.1180984 0.1111479 0.1055477 0.1166813 0.0968821 0.1080665 0.1106979 0.0988191 0.1157955 0.1093820 0.0982855 0.1036559 0.1184277 0.1004274 0.0969306 0.1120854 0.1036206 0.0928195 0.1248289 0.1103029 0.1246970 0.1035182 0.1015871 0.0940781 0.0809102 0.1217642 0.0852095 0.1051809 0.1109162 0.1018114 0.1025398 0.1100907 0.1130880 0.1070973 0.0989736 0.0925576 0.0991308 0.0971044 0.0983458 0.0667759 0.0994659 0.1238500 0.1125444 0.1098760 0.1203306 0.1083394 0.1115083 0.0932562 0.1013543 
Amauria_carterae_99_mesa                   0.0614587 0.0000000 0.0678360 0.2846845 0.2070967 0.1823502 0.2876153 0.2160893 0.0731528 0.0894500 0.1159885 0.0643855 0.0723156 0.0775447 0.0946934 0.0957468 0.1598159 0.0888971 0.0825896 0.1171646 0.0755202 0.1104944 0.0784588 0.0765842 0.0757711 0.0802153 0.0866492 0.0789758 0.0760331 0.0663726 0.0962178 0.0700141 0.0624906 0.0818708 0.0870425 0.1051762 0.0963702 0.0859544 0.0926644 0.0774315 0.0795129 0.0978220 0.0700670 0.0998956 0.0921797 0.0724695 0.0849020 0.1028697 0.0712934 0.0725866 0.0723878 0.0942553 0.0754980 0.0829046 0.0907438 0.0972580 0.0775442 0.0775861 0.0826626 0.0697340 0.0923986 0.0819641 0.0981531 0.0798101 0.0888738 0.0884107 0.0985025 0.1120604 0.0900564 0.0784579 0.0787985 0.0725067 0.0744892 0.0765555 0.0655446 0.0926447 0.1047315 0.1039400 0.0969367 0.0985806 0.0837569 0.0932290 0.0959468 0.0832380 
Amauria_rotundifolia_SRR9119150            0.0781881 0.0678360 0.0000000 0.2742126 0.2967582 0.2581947 0.3009480 0.3717141 0.0845337 0.1133027 0.1165459 0.0983861 0.0972502 0.0996829 0.1196868 0.1025488 0.1900290 0.1166946 0.1051521 0.1324548 0.1266875 0.1632643 0.1058709 0.1130594 0.0985050 0.0994351 0.1093738 0.1099952 0.0762493 0.0724201 0.1159378 0.1081915 0.0838771 0.1070402 0.1036847 0.1211560 0.1122304 0.1146542 0.1175609 0.1043263 0.1124750 0.1105461 0.0995089 0.1174395 0.1082932 0.0982713 0.1065569 0.1208441 0.0985305 0.0983778 0.1084263 0.1118711 0.0943537 0.1273577 0.1137672 0.1297229 0.1042225 0.1067809 0.0907091 0.0784799 0.1247275 0.0932861 0.1117171 0.1125507 0.1100424 0.1158059 0.1171187 0.1017385 0.1098342 0.1052306 0.0933091 0.1021296 0.0999425 0.1040536 0.0693192 0.1157284 0.1238049 0.1194548 0.1143549 0.1157310 0.1078041 0.1184946 0.0711324 0.0955255 
Eutetras_palmeri_63                        0.2611010 0.2846845 0.2742126 0.0000000 0.3016382 0.4053827 0.2823476 0.3762181 0.5649123 0.2627086 0.5723726 0.2529405 0.2528161 0.2577689 0.2738284 0.2517058 0.5547451 0.2872535 0.2453149 0.2613649 0.2388516 0.3354006 0.2500896 0.2440250 0.2597726 0.2639920 0.2849815 0.2777750 0.3157083 0.2867226 0.2532053 0.2578006 0.2700172 0.2588053 0.2748836 0.2763699 0.2544023 0.2816783 0.2689098 0.2502052 0.2657310 0.2845480 0.2514722 0.2672968 0.2579536 0.2470366 0.2592651 0.2673253 0.2404602 0.2380827 0.2690790 0.2682738 0.2536574 0.2932511 0.3689219 0.2786769 0.2466233 0.2615718 0.2764829 0.3083025 0.3063162 0.3122303 0.2664950 0.2757899 0.2644850 0.2669625 0.2661875 0.5786659 0.2593383 0.2513674 0.2554594 0.2464116 0.2506921 0.2519278 0.2412889 0.2617638 0.2815469 0.2822083 0.2649085 0.6393037 0.2621346 0.2627563 0.5986330 0.3009640 
Eutetras_pringlei_149_quer                 0.2893969 0.2070967 0.2967582 0.3016382 0.0000000 0.3628990 0.3408650 0.2773112 0.3160012 0.2983509 0.3018718 0.2789336 0.2584704 0.2244823 0.2937464 0.2809790 0.3279089 0.2926488 0.2692113 0.2636235 0.2815086 0.1953235 0.2704895 0.2658612 0.2728762 0.2597935 0.2984455 0.2873523 0.2679621 0.1964538 0.2775453 0.2791621 0.2833508 0.2741642 0.2944058 0.3086403 0.2760448 0.3021183 0.2936591 0.2638014 0.2743531 0.3073240 0.2601654 0.2984958 0.2736445 0.2635040 0.2754941 0.2963239 0.2608255 0.2618127 0.2605786 0.3022197 0.2639670 0.2800444 0.2469970 0.2555868 0.2763544 0.2759610 0.2666383 0.1991409 0.3022020 0.2428810 0.2858264 0.2854216 0.3058555 0.3081926 0.3072751 0.2020281 0.2725674 0.2719694 0.2948173 0.2761492 0.2738130 0.2723733 0.1834183 0.3145995 0.2988941 0.2982075 0.2848093 0.2032033 0.2787793 0.2820220 0.1957261 0.2260477 
Eutrochium_fistulosum_SRR9119106           0.2584727 0.1823502 0.2581947 0.4053827 0.3628990 0.0000000 0.1989372 0.4002238 0.1674608 0.2511551 0.1732960 0.2711738 0.2601928 0.2382738 0.2470702 0.2891358 0.2325130 0.2232532 0.2334116 0.2393821 0.2617578 0.2602990 0.2381869 0.2502258 0.2458690 0.2213483 0.2627428 0.2512328 0.1831669 0.1434666 0.2467936 0.2351145 0.2590515 0.2547771 0.2420393 0.2487357 0.2532871 0.2486633 0.2616248 0.2389894 0.2516340 0.2476823 0.2599157 0.2419048 0.2286895 0.2566607 0.2484123 0.2271833 0.2449257 0.2421734 0.2606819 0.2503197 0.2289058 0.2537164 0.2019985 0.2409871 0.2418009 0.2488925 0.2053481 0.1513294 0.2255448 0.2094292 0.2544054 0.2502812 0.2593277 0.2544380 0.2397526 0.1149016 0.2485613 0.2381887 0.2514853 0.2408755 0.2488378 0.2487748 0.1736654 0.2533884 0.2563768 0.2526962 0.2399594 0.1385503 0.2539577 0.2062113 0.1092167 0.1985473 
Galeana_pratensis_104_mex                  0.2715310 0.2876153 0.3009480 0.2823476 0.3408650 0.1989372 0.0000000 0.3531951 0.5190654 0.3189230 0.5428860 0.2798434 0.2929383 0.2951619 0.3015858 0.3010170 0.4578572 0.2961759 0.2798434 0.2810839 0.2870267 0.3383227 0.2906679 0.2906518 0.2875618 0.3136667 0.3053430 0.2995877 0.2868726 0.2899195 0.2930723 0.2801272 0.2754623 0.3037498 0.3126132 0.3065542 0.2981266 0.3081688 0.2894940 0.2906679 0.2868813 0.3120650 0.2888581 0.3025073 0.2907151 0.2888581 0.2995788 0.3104612 0.2929383 0.3010221 0.2929383 0.3175844 0.2912784 0.2965355 0.3133125 0.3221541 0.2947599 0.2831911 0.3065460 0.3070257 0.2943874 0.3086475 0.2919695 0.3071128 0.3132101 0.2854867 0.2986331 0.5584529 0.2990466 0.2945416 0.2865603 0.2905647 0.2831911 0.2986848 0.2877301 0.2863522 0.3142571 0.3177423 0.3043904 0.5037027 0.3073661 0.3022851 0.5714359 0.3196649 
Helianthus_annuus_SRR9119062               0.3853416 0.2160893 0.3717141 0.3762181 0.2773112 0.4002238 0.3531951 0.0000000 0.4425559 0.3682706 0.4321345 0.3267449 0.3359424 0.2413665 0.3667311 0.3573832 0.3547473 0.3567375 0.3502836 0.3567690 0.3609945 0.2301248 0.3594478 0.3575499 0.3500519 0.2913132 0.3825919 0.3758831 0.2797114 0.2104808 0.3605938 0.3606337 0.3837972 0.3640121 0.3517738 0.3691773 0.3730801 0.3793729 0.3633922 0.3547958 0.3555915 0.3668399 0.3328852 0.3698742 0.3529573 0.3353230 0.3640665 0.3720779 0.3431107 0.3377427 0.3391300 0.3731479 0.3244761 0.3494720 0.3120437 0.2334032 0.3602571 0.3573568 0.2637789 0.1886072 0.3773591 0.2393240 0.3740180 0.3775679 0.3651239 0.3718849 0.3697248 0.2596626 0.3618298 0.3619693 0.3714622 0.3570247 0.3476885 0.3524728 0.1677247 0.3757162 0.3819424 0.3724327 0.3753930 0.2200424 0.3652239 0.3726329 0.1925603 0.2479664 
Lycapsus_tenuifolius_17                    0.0089085 0.0731528 0.0845337 0.5649123 0.3160012 0.1674608 0.5190654 0.4425559 0.0000000 0.1070247 0.1203965 0.0939880 0.1143385 0.0912508 0.1527967 0.1155610 0.1264305 0.1287146 0.1123516 0.1224032 0.1241032 0.1807194 0.1115160 0.1291021 0.1060784 0.0992965 0.1197310 0.1333326 0.0901336 0.0880530 0.1226341 0.1099093 0.0025713 0.1115164 0.0964824 0.1332560 0.1304595 0.1213137 0.1505142 0.1089785 0.1191321 0.1272233 0.1121093 0.1313493 0.1202853 0.1152508 0.1126173 0.1300138 0.1165166 0.1154841 0.1152489 0.1119595 0.1031957 0.1234224 0.1059978 0.1230209 0.1176279 0.1150423 0.1096153 0.0817768 0.1407929 0.0880395 0.1233872 0.1350977 0.1124574 0.0993362 0.1033582 0.0996081 0.1214692 0.1105286 0.1039628 0.1106806 0.1096424 0.1106481 0.0634605 0.1045135 0.1466669 0.1363618 0.1268155 0.1026371 0.1176939 0.1340075 0.0842954 0.1122682 
Pericome_caudata_50_silver                 0.1004509 0.0894500 0.1133027 0.2627086 0.2983509 0.2511551 0.3189230 0.3682706 0.1070247 0.0000000 0.0981003 0.0863761 0.0882289 0.0836979 0.1086067 0.0998050 0.1701071 0.1056183 0.0936593 0.1110544 0.1210088 0.1585093 0.0880826 0.1061924 0.0879868 0.0917763 0.1063575 0.1000600 0.0871601 0.0847979 0.0817290 0.0981065 0.1037344 0.0949337 0.1197083 0.1093375 0.0999689 0.0996868 0.1085170 0.0853254 0.0935606 0.1060054 0.0845019 0.1075046 0.0969426 0.0927501 0.0909095 0.1064423 0.0892606 0.0849941 0.0994561 0.1015962 0.0770885 0.1124257 0.1109442 0.1224091 0.0911829 0.0899829 0.0823159 0.0768788 0.1141503 0.0787848 0.1007013 0.0974081 0.0991294 0.0593914 0.0578046 0.0835482 0.0943962 0.0869144 0.1016849 0.0903218 0.0895018 0.0897024 0.0713337 0.0604144 0.1086484 0.1048903 0.1031397 0.0972605 0.0926919 0.0875741 0.0733212 0.0905066 
Perityle_aglossa_84_dead_horse             0.1185824 0.1159885 0.1165459 0.5723726 0.3018718 0.1732960 0.5428860 0.4321345 0.1203965 0.0981003 0.0000000 0.0857365 0.0513928 0.0512233 0.1127404 0.0612134 0.1112011 0.0958089 0.0699864 0.0758622 0.1013528 0.1446788 0.0731299 0.1049203 0.0738148 0.0855192 0.1044590 0.1078244 0.0886674 0.0935004 0.0953642 0.1082621 0.1194352 0.0866476 0.1205071 0.0995853 0.0859826 0.0946450 0.1088544 0.0712775 0.0720931 0.0948223 0.0585972 0.0987499 0.0823724 0.0617434 0.0739388 0.0939062 0.0523331 0.0608699 0.0512289 0.0857600 0.0583046 0.0943670 0.1031902 0.1050260 0.0758178 0.0743006 0.0918047 0.0720378 0.1155740 0.0840366 0.0154697 0.1085980 0.0892248 0.1102143 0.1019200 0.0878713 0.0833056 0.0722305 0.1025837 0.0784477 0.0680380 0.0812972 0.0597373 0.1119488 0.1172528 0.0783758 0.0188137 0.1070000 0.0749706 0.0903223 0.0750236 0.0835347 
Perityle_ajoensis_204                      0.0914523 0.0643855 0.0983861 0.2529405 0.2789336 0.2711738 0.2798434 0.3267449 0.0939880 0.0863761 0.0857365 0.0000000 0.0307055 0.0355544 0.0876302 0.0513494 0.1947657 0.0950804 0.0305734 0.0778244 0.0623007 0.0918395 0.0333007 0.0346626 0.0226303 0.0537536 0.0848272 0.0747631 0.0704944 0.0549175 0.0889049 0.0801613 0.0934750 0.0295322 0.1128525 0.1022498 0.0380302 0.0930212 0.0904773 0.0297971 0.0389270 0.0985923 0.0313130 0.1021375 0.0364938 0.0313179 0.0282890 0.1044646 0.0340990 0.0356084 0.0471610 0.0697800 0.0256818 0.0998856 0.0955836 0.1052318 0.0219442 0.0214737 0.0649212 0.0627463 0.0926822 0.0588143 0.0749279 0.0709322 0.0662126 0.0946081 0.0992042 0.0411739 0.0380709 0.0320280 0.0960164 0.0263296 0.0238788 0.0294860 0.0168183 0.0912479 0.0951249 0.0862716 0.0745792 0.0768970 0.0251857 0.0828099 0.0598672 0.0652676 
Perityle_ambrosiifolia_67_green            0.0976755 0.0723156 0.0972502 0.2528161 0.2584704 0.2601928 0.2929383 0.3359424 0.1143385 0.0882289 0.0513928 0.0307055 0.0000000 0.0317187 0.0855182 0.0362602 0.1785660 0.0946059 0.0276815 0.0350503 0.0651685 0.1088962 0.0349066 0.0387788 0.0305488 0.0636643 0.0787890 0.0764617 0.0688990 0.0630995 0.0754732 0.0839344 0.1014929 0.0355451 0.1089898 0.1024103 0.0326339 0.0944103 0.0840274 0.0324071 0.0392740 0.0942843 0.0138868 0.0992979 0.0355704 0.0130709 0.0312246 0.0986051 0.0091371 0.0203974 0.0165165 0.0775374 0.0214494 0.0978891 0.0921259 0.0968933 0.0296771 0.0280107 0.0656931 0.0622344 0.0959856 0.0591505 0.0497752 0.0731935 0.0709046 0.0991399 0.0996439 0.0356905 0.0358570 0.0337962 0.0920160 0.0312300 0.0266324 0.0355216 0.0291607 0.0979903 0.0899023 0.0802012 0.0505349 0.0896924 0.0312245 0.0787820 0.0725477 0.0820737 
Perityle_angustifolia_13_Eagle_creek       0.0962784 0.0775447 0.0996829 0.2577689 0.2244823 0.2382738 0.2951619 0.2413665 0.0912508 0.0836979 0.0512233 0.0355544 0.0317187 0.0000000 0.0818788 0.0578168 0.1818099 0.0813068 0.0231134 0.0688605 0.0331438 0.0693613 0.0385242 0.0309642 0.0394353 0.0702985 0.0918296 0.0850730 0.0789032 0.0699052 0.0923838 0.0893073 0.0954944 0.0427126 0.1019626 0.1054032 0.0443740 0.0927458 0.0922513 0.0371733 0.0325598 0.0978162 0.0332533 0.1001373 0.0355367 0.0340531 0.0346274 0.0893258 0.0229317 0.0281609 0.0369308 0.0792009 0.0143058 0.0958402 0.0993855 0.0829669 0.0285140 0.0326340 0.0734750 0.0674134 0.0908726 0.0612490 0.0609602 0.0806363 0.0733970 0.0944070 0.0880103 0.0411004 0.0437999 0.0378294 0.0866002 0.0243806 0.0352945 0.0299593 0.0269763 0.0929217 0.1027049 0.0865214 0.0511191 0.0894739 0.0359886 0.0760768 0.0705428 0.0731369 
Perityle_batopilensis_97                   0.1243675 0.0946934 0.1196868 0.2738284 0.2937464 0.2470702 0.3015858 0.3667311 0.1527967 0.1086067 0.1127404 0.0876302 0.0855182 0.0818788 0.0000000 0.0876142 0.1730101 0.0859909 0.1025025 0.1214411 0.1254334 0.1482289 0.0962050 0.1109091 0.0921512 0.1047074 0.1091411 0.0692780 0.0878611 0.0835436 0.1106585 0.1113860 0.1303262 0.0984184 0.1207470 0.1051428 0.1011781 0.0878792 0.0148937 0.0945548 0.0990288 0.0959590 0.0869164 0.1027071 0.0968578 0.0921773 0.1021585 0.0996053 0.0860233 0.0853446 0.0873648 0.1150530 0.0850576 0.0719447 0.1062219 0.1226081 0.0995821 0.1000162 0.0535851 0.0600138 0.0891851 0.1002099 0.1100558 0.0674954 0.1088691 0.1198150 0.1218687 0.1140505 0.1015657 0.0956098 0.1116140 0.0979638 0.0955417 0.0956537 0.0736009 0.1175886 0.0770682 0.0959964 0.1090391 0.1082635 0.1040287 0.1059462 0.0753531 0.0722993 
Perityle_bisetosa_9                        0.1019329 0.0957468 0.1025488 0.2517058 0.2809790 0.2891358 0.3010170 0.3573832 0.1155610 0.0998050 0.0612134 0.0513494 0.0362602 0.0578168 0.0876142 0.0000000 0.2125895 0.1066453 0.0423269 0.0840316 0.0995939 0.0851597 0.0493113 0.0629891 0.0458310 0.0825937 0.0984225 0.0849777 0.0810064 0.0698095 0.0914166 0.0921705 0.1040333 0.0513382 0.1227968 0.1049365 0.0386044 0.1025518 0.0870307 0.0463730 0.0606267 0.1009972 0.0375907 0.1056345 0.0342490 0.0383248 0.0519882 0.1104726 0.0385028 0.0400889 0.0510561 0.0902539 0.0393513 0.1102625 0.1282314 0.1244825 0.0568394 0.0521847 0.0838426 0.0786375 0.1083138 0.0966662 0.0672562 0.0796107 0.0901611 0.1103763 0.1150343 0.0776263 0.0346544 0.0493013 0.1053400 0.0524498 0.0465023 0.0452108 0.0419886 0.1067168 0.0978419 0.0820215 0.0684303 0.1150560 0.0554053 0.0831085 0.0445015 0.0662341 
Perityle_californica_76_positas            0.1872988 0.1598159 0.1900290 0.5547451 0.3279089 0.2325130 0.4578572 0.3547473 0.1264305 0.1701071 0.1112011 0.1947657 0.1785660 0.1818099 0.1730101 0.2125895 0.0000000 0.1611443 0.1834038 0.1984045 0.1842656 0.2089090 0.1726825 0.1789326 0.1776973 0.1783081 0.1973816 0.1812851 0.1583322 0.1418067 0.1381194 0.1892629 0.1825845 0.1830708 0.1896621 0.1951765 0.1915070 0.1796894 0.1895013 0.1672689 0.1887547 0.1914029 0.1807568 0.1882104 0.1870931 0.1839064 0.1936415 0.1901292 0.1795131 0.1863130 0.1835135 0.1935151 0.1732830 0.1781543 0.1800537 0.2097338 0.1844509 0.1897565 0.1510862 0.1204492 0.1686636 0.1651626 0.1802934 0.1784911 0.1938023 0.1745198 0.1709961 0.1195831 0.1861946 0.1703151 0.1938716 0.1818868 0.1818761 0.1798348 0.1586268 0.1773255 0.1994710 0.1880581 0.1693046 0.1165989 0.1904981 0.1004692 0.0861828 0.1600243 
Perityle_canescens_77                      0.1120753 0.0888971 0.1166946 0.2872535 0.2926488 0.2232532 0.2961759 0.3567375 0.1287146 0.1056183 0.0958089 0.0950804 0.0946059 0.0813068 0.0859909 0.1066453 0.1611443 0.0000000 0.1015700 0.1277510 0.1196988 0.1460785 0.0987101 0.1056854 0.0967899 0.0965643 0.1205804 0.0731102 0.0892828 0.0788460 0.1071485 0.1111192 0.1139479 0.0993656 0.1159247 0.0932385 0.1040422 0.0673479 0.0860422 0.0970278 0.1027879 0.0859254 0.0941874 0.0907266 0.1002418 0.0999608 0.1042209 0.0894386 0.0956422 0.0971087 0.0958948 0.1018673 0.0934219 0.0754613 0.1117783 0.1236246 0.1003194 0.1013181 0.0574753 0.0506200 0.1024989 0.0893823 0.1055672 0.0724678 0.0983197 0.1167497 0.1148270 0.0930021 0.1025303 0.0980983 0.1076511 0.1004808 0.1007675 0.0981033 0.0710229 0.1185270 0.0819290 0.0860654 0.1067986 0.0696334 0.1042794 0.1072840 0.0726471 0.0782081 
Perityle_castillonii_96                    0.1039257 0.0825896 0.1051521 0.2453149 0.2692113 0.2334116 0.2798434 0.3502836 0.1123516 0.0936593 0.0699864 0.0305734 0.0276815 0.0231134 0.1025025 0.0423269 0.1834038 0.1015700 0.0000000 0.0603951 0.0613474 0.1087759 0.0371422 0.0480146 0.0366374 0.0728125 0.0865018 0.0901588 0.0815960 0.0714551 0.0887037 0.0905302 0.1069804 0.0409191 0.1164239 0.1095553 0.0392962 0.1005590 0.1010514 0.0379507 0.0293489 0.1027390 0.0276965 0.1077032 0.0331416 0.0337606 0.0325358 0.1058041 0.0315665 0.0296345 0.0293666 0.0810023 0.0202759 0.0907401 0.0986401 0.1112615 0.0325550 0.0320941 0.0786418 0.0726753 0.1077650 0.0683769 0.0660306 0.0861451 0.0752344 0.1009012 0.0975561 0.0472889 0.0346634 0.0382070 0.1040012 0.0309476 0.0302090 0.0350934 0.0310797 0.1012132 0.1087960 0.0960891 0.0663909 0.1082458 0.0341231 0.0842332 0.0856295 0.0864937 
Perityle_cernua_84                         0.1249018 0.1171646 0.1324548 0.2613649 0.2636235 0.2393821 0.2810839 0.3567690 0.1224032 0.1110544 0.0758622 0.0778244 0.0350503 0.0688605 0.1214411 0.0840316 0.1984045 0.1277510 0.0603951 0.0000000 0.0996836 0.1419569 0.0674346 0.0795615 0.0631511 0.1123045 0.1112944 0.1106916 0.1057182 0.1013761 0.1212748 0.1089947 0.1252150 0.0678150 0.1520527 0.1367529 0.0756028 0.1290355 0.1213406 0.0654676 0.0584238 0.1290522 0.0339783 0.1381281 0.0714688 0.0410019 0.0622558 0.1307933 0.0360302 0.0346753 0.0349909 0.1164871 0.0556447 0.1045272 0.1200681 0.1431694 0.0581516 0.0580802 0.1088798 0.1031836 0.1313206 0.1096839 0.0868966 0.1086053 0.1147553 0.1167665 0.1207010 0.1055258 0.0696727 0.0668058 0.1212959 0.0579249 0.0579751 0.0628632 0.0794605 0.1165170 0.1205289 0.1243730 0.0857492 0.1220785 0.0610152 0.1083445 0.0857545 0.1122427 
Perityle_cfvillosa_25_tin                  0.1352188 0.0755202 0.1266875 0.2388516 0.2815086 0.2617578 0.2870267 0.3609945 0.1241032 0.1210088 0.1013528 0.0623007 0.0651685 0.0331438 0.1254334 0.0995939 0.1842656 0.1196988 0.0613474 0.0996836 0.0000000 0.1280465 0.0736083 0.0673367 0.0598451 0.0724334 0.1166062 0.1203289 0.0765182 0.0640148 0.1355036 0.1206948 0.1371564 0.0712004 0.1210451 0.1419459 0.0787534 0.1295453 0.1259530 0.0703958 0.0631977 0.1329690 0.0636647 0.1382932 0.0750881 0.0649330 0.0545653 0.1375010 0.0673200 0.0627081 0.0690676 0.1140239 0.0322915 0.1275027 0.1029008 0.1138403 0.0511270 0.0562216 0.0748165 0.0674573 0.1351651 0.0665560 0.1016077 0.1167290 0.1079026 0.1311169 0.1304173 0.0573512 0.0728155 0.0725189 0.1267586 0.0499152 0.0523769 0.0680021 0.0259945 0.1296617 0.1340429 0.1267754 0.1061434 0.1036534 0.0587501 0.1229516 0.0749230 0.0864931 
Perityle_cinerea_113_Powell1310            0.1734779 0.1104944 0.1632643 0.3354006 0.1953235 0.2602990 0.3383227 0.2301248 0.1807194 0.1585093 0.1446788 0.0918395 0.1088962 0.0693613 0.1482289 0.0851597 0.2089090 0.1460785 0.1087759 0.1419569 0.1280465 0.0000000 0.1148540 0.1249427 0.1113045 0.1291113 0.1614774 0.1670323 0.1007776 0.0883547 0.1524597 0.1482594 0.1698735 0.1287189 0.1351882 0.1676053 0.1070371 0.1686378 0.1466839 0.1163496 0.1227481 0.1550292 0.1145238 0.1614140 0.0946914 0.1146748 0.1245188 0.1598130 0.1091283 0.1145950 0.1089816 0.1666608 0.0825361 0.1438748 0.1234300 0.1236036 0.1241356 0.1202336 0.1166504 0.0808291 0.1551272 0.1010057 0.1361428 0.1584141 0.1508475 0.1568599 0.1696091 0.0374702 0.0989910 0.1178260 0.1479306 0.1227859 0.1064051 0.1213110 0.0784930 0.1601719 0.1617476 0.1490065 0.1363873 0.1195013 0.1271786 0.1628758 0.0628564 0.0965084 
Perityle_coahuilensis_24                   0.1001647 0.0784588 0.1058709 0.2500896 0.2704895 0.2381869 0.2906679 0.3594478 0.1115160 0.0880826 0.0731299 0.0333007 0.0349066 0.0385242 0.0962050 0.0493113 0.1726825 0.0987101 0.0371422 0.0674346 0.0736083 0.1148540 0.0000000 0.0446146 0.0338188 0.0637506 0.0799054 0.0786063 0.0762487 0.0660378 0.0859503 0.0879755 0.1042810 0.0353910 0.1156715 0.1011070 0.0364997 0.0979750 0.0968666 0.0047720 0.0407914 0.0964994 0.0379137 0.1032351 0.0356624 0.0378527 0.0408754 0.1009930 0.0330188 0.0397343 0.0467680 0.0784478 0.0277972 0.0993189 0.0960834 0.0975317 0.0406536 0.0389614 0.0658825 0.0648617 0.1017088 0.0580279 0.0708978 0.0761127 0.0707074 0.0981612 0.0987744 0.0391289 0.0356572 0.0028397 0.1011821 0.0400191 0.0402585 0.0304324 0.0290426 0.0985957 0.0996572 0.0884031 0.0749742 0.0896754 0.0414140 0.0819759 0.0706510 0.0789955 
Perityle_cochisensis_44_cave_creek         0.1118755 0.0765842 0.1130594 0.2440250 0.2658612 0.2502258 0.2906518 0.3575499 0.1291021 0.1061924 0.1049203 0.0346626 0.0387788 0.0309642 0.1109091 0.0629891 0.1789326 0.1056854 0.0480146 0.0795615 0.0673367 0.1249427 0.0446146 0.0000000 0.0360081 0.0633341 0.0993342 0.0979700 0.0769766 0.0681272 0.1044072 0.0994418 0.1146814 0.0451471 0.1093603 0.1214056 0.0471195 0.1152142 0.1109074 0.0433930 0.0506281 0.1124047 0.0418882 0.1207551 0.0459603 0.0400243 0.0507734 0.1177666 0.0430281 0.0516368 0.0445331 0.0887428 0.0284787 0.1044870 0.0960104 0.0992432 0.0490573 0.0483099 0.0737280 0.0686933 0.1180660 0.0559302 0.0865199 0.0939777 0.0782217 0.1132824 0.1109285 0.0410381 0.0506571 0.0435798 0.1146039 0.0453346 0.0440289 0.0420930 0.0209473 0.1088425 0.1159942 0.1053130 0.0882763 0.0916688 0.0502969 0.1057151 0.0769259 0.0809922 
Perityle_congesta_202                      0.0956106 0.0757711 0.0985050 0.2597726 0.2728762 0.2458690 0.2875618 0.3500519 0.1060784 0.0879868 0.0738148 0.0226303 0.0305488 0.0394353 0.0921512 0.0458310 0.1776973 0.0967899 0.0366374 0.0631511 0.0598451 0.1113045 0.0338188 0.0360081 0.0000000 0.0601412 0.0798986 0.0770237 0.0767456 0.0684137 0.0863774 0.0863046 0.0986899 0.0295018 0.1123030 0.1017451 0.0360122 0.0931758 0.0908529 0.0320399 0.0448854 0.0938335 0.0300931 0.0999701 0.0357146 0.0325174 0.0334723 0.0988220 0.0335829 0.0347069 0.0445596 0.0769388 0.0275269 0.0965343 0.0947606 0.1022636 0.0336266 0.0310614 0.0665246 0.0648213 0.0938602 0.0580853 0.0664487 0.0745304 0.0698652 0.0968860 0.0957206 0.0575363 0.0351951 0.0328063 0.0972229 0.0289935 0.0186942 0.0280005 0.0059293 0.0949982 0.0924554 0.0869352 0.0672775 0.0901146 0.0344839 0.0830665 0.0732729 0.0796816 
Perityle_cordifolia_27                     0.0880716 0.0802153 0.0994351 0.2639920 0.2597935 0.2213483 0.3136667 0.2913132 0.0992965 0.0917763 0.0855192 0.0537536 0.0636643 0.0702985 0.1047074 0.0825937 0.1783081 0.0965643 0.0728125 0.1123045 0.0724334 0.1291113 0.0637506 0.0633341 0.0601412 0.0000000 0.0798832 0.0947119 0.0876708 0.0684777 0.0748543 0.0883033 0.0898838 0.0672672 0.0817523 0.1049345 0.0707228 0.0911420 0.1022771 0.0637503 0.0769596 0.0964041 0.0661807 0.0991015 0.0723246 0.0682046 0.0734088 0.0984389 0.0700244 0.0726177 0.0804546 0.0306500 0.0628978 0.1132903 0.0908643 0.0735827 0.0694773 0.0703131 0.0851914 0.0681850 0.1090422 0.0282449 0.0833428 0.0930876 0.0196988 0.1092890 0.0996290 0.0501619 0.0751882 0.0631206 0.0979440 0.0661828 0.0654267 0.0647954 0.0397035 0.1056192 0.1003066 0.0710500 0.0878921 0.0960271 0.0722581 0.0975067 0.0811200 0.0980679 
Perityle_cordifolia_68_tecolote            0.1065439 0.0866492 0.1093738 0.2849815 0.2984455 0.2627428 0.3053430 0.3825919 0.1197310 0.1063575 0.1044590 0.0848272 0.0787890 0.0918296 0.1091411 0.0984225 0.1973816 0.1205804 0.0865018 0.1112944 0.1166062 0.1614774 0.0799054 0.0993342 0.0798986 0.0798832 0.0000000 0.0978537 0.0908225 0.0721231 0.0937152 0.0966793 0.1083228 0.0880486 0.1166762 0.1205863 0.0929864 0.1050020 0.1066885 0.0772845 0.0900719 0.1112291 0.0816974 0.1183037 0.0950000 0.0820460 0.0854294 0.1174683 0.0766165 0.0785311 0.0921286 0.0870645 0.0784207 0.1138988 0.0175581 0.1088442 0.0850409 0.0834796 0.0879710 0.0697648 0.1180235 0.0782684 0.1004792 0.0958175 0.0839447 0.1219819 0.1241543 0.1060091 0.0902455 0.0788205 0.1078570 0.0858199 0.0866989 0.0816688 0.0676824 0.1211632 0.1071676 0.0980725 0.1070561 0.1162901 0.0854885 0.0994244 0.0750599 0.1003880 
Perityle_coronopifolia_28_patagonia        0.1100982 0.0789758 0.1099952 0.2777750 0.2873523 0.2512328 0.2995877 0.3758831 0.1333326 0.1000600 0.1078244 0.0747631 0.0764617 0.0850730 0.0692780 0.0849777 0.1812851 0.0731102 0.0901588 0.1106916 0.1203289 0.1670323 0.0786063 0.0979700 0.0770237 0.0947119 0.0978537 0.0000000 0.0855208 0.0803085 0.0935683 0.0969311 0.1117853 0.0824815 0.1185215 0.1017316 0.0888861 0.0803902 0.0707106 0.0764960 0.0908604 0.0954616 0.0769952 0.0983959 0.0862772 0.0815604 0.0873191 0.0970905 0.0765882 0.0767139 0.0896869 0.1071507 0.0792330 0.0569433 0.1109915 0.1191205 0.0863667 0.0853662 0.0227183 0.0520424 0.0826261 0.0837490 0.0938779 0.0099757 0.1025238 0.1081945 0.1091254 0.1115870 0.0889573 0.0775198 0.1035271 0.0849746 0.0832614 0.0813669 0.0647577 0.1080717 0.0762149 0.0931706 0.0997545 0.0589334 0.0868666 0.0963077 0.0879644 0.0775776 
Perityle_crassifolia_70_ventanas           0.0808070 0.0760331 0.0762493 0.3157083 0.2679621 0.1831669 0.2868726 0.2797114 0.0901336 0.0871601 0.0886674 0.0704944 0.0688990 0.0789032 0.0878611 0.0810064 0.1583322 0.0892828 0.0815960 0.1057182 0.0765182 0.1007776 0.0762487 0.0769766 0.0767456 0.0876708 0.0908225 0.0855208 0.0000000 0.0058901 0.1034371 0.0700283 0.0783312 0.0869127 0.0531585 0.0875211 0.0851057 0.0868405 0.0887661 0.0736946 0.0832414 0.0843206 0.0659296 0.0797700 0.0773005 0.0688708 0.0885973 0.0805396 0.0688345 0.0708476 0.0678053 0.0908405 0.0740544 0.0860198 0.0945634 0.1218279 0.0808613 0.0802735 0.0873653 0.0717526 0.0948014 0.0890034 0.0873379 0.0827790 0.0925409 0.0926011 0.0966242 0.0840249 0.0799910 0.0762480 0.0098727 0.0781779 0.0764408 0.0757421 0.0664007 0.0953823 0.0953410 0.0931785 0.0864395 0.0996733 0.0851640 0.0901083 0.0665808 0.0738351 
Perityle_crassifolia_74_playa_balandra     0.0767020 0.0663726 0.0724201 0.2867226 0.1964538 0.1434666 0.2899195 0.2104808 0.0880530 0.0847979 0.0935004 0.0549175 0.0630995 0.0699052 0.0835436 0.0698095 0.1418067 0.0788460 0.0714551 0.1013761 0.0640148 0.0883547 0.0660378 0.0681272 0.0684137 0.0684777 0.0721231 0.0803085 0.0058901 0.0000000 0.0964963 0.0539599 0.0745952 0.0726304 0.0408731 0.0834397 0.0725657 0.0834409 0.0835693 0.0660378 0.0725019 0.0737615 0.0607614 0.0694634 0.0650357 0.0632834 0.0704379 0.0715446 0.0632406 0.0658041 0.0619322 0.0776293 0.0670914 0.0836559 0.0775098 0.0811278 0.0650806 0.0629560 0.0775282 0.0676431 0.0747222 0.0691250 0.0856891 0.0780168 0.0764205 0.0876677 0.0878176 0.0647349 0.0661526 0.0671062 0.0068229 0.0661059 0.0692116 0.0702948 0.0620908 0.0922097 0.0882415 0.0812779 0.0857548 0.0975199 0.0694321 0.0873328 0.0600136 0.0630964 
Perityle_cuneata_34_cuneata_San_antonio    0.0990648 0.0962178 0.1159378 0.2532053 0.2775453 0.2467936 0.2930723 0.3605938 0.1226341 0.0817290 0.0953642 0.0889049 0.0754732 0.0923838 0.1106585 0.0914166 0.1381194 0.1071485 0.0887037 0.1212748 0.1355036 0.1524597 0.0859503 0.1044072 0.0863774 0.0748543 0.0937152 0.0935683 0.1034371 0.0964963 0.0000000 0.0935563 0.0990197 0.0939239 0.1179141 0.1045557 0.1004309 0.0984492 0.1048727 0.0838528 0.0965991 0.1044094 0.0776329 0.1044031 0.0975979 0.0784589 0.0937887 0.1123736 0.0779910 0.0767322 0.0944793 0.0930717 0.0799401 0.1154480 0.1095327 0.1276755 0.0924201 0.0926851 0.0873760 0.0887445 0.1074217 0.1020391 0.0895238 0.0901911 0.0922610 0.0973476 0.0998833 0.1300602 0.0931947 0.0858954 0.1119926 0.0907434 0.0883777 0.0864360 0.0803123 0.0953339 0.1120902 0.0967946 0.0947813 0.1040308 0.0946981 0.0414551 0.0780402 0.0768312 
Perityle_cuneata_4                         0.0970518 0.0700141 0.1081915 0.2578006 0.2791621 0.2351145 0.2801272 0.3606337 0.1099093 0.0981065 0.1082621 0.0801613 0.0839344 0.0893073 0.1113860 0.0921705 0.1892629 0.1111192 0.0905302 0.1089947 0.1206948 0.1482594 0.0879755 0.0994418 0.0863046 0.0883033 0.0966793 0.0969311 0.0700283 0.0539599 0.0935563 0.0000000 0.1019171 0.0901243 0.1142727 0.1127133 0.0959806 0.1053397 0.1105147 0.0853494 0.0944355 0.1046553 0.0840276 0.1126638 0.0903308 0.0865221 0.0896986 0.1111659 0.0847128 0.0825046 0.0976874 0.1017588 0.0791977 0.1215421 0.1021413 0.1324279 0.0870837 0.0877010 0.0882838 0.0688753 0.1141216 0.0848426 0.1046680 0.0959889 0.0940569 0.1073113 0.1039855 0.0814070 0.0891296 0.0868629 0.0939858 0.0851321 0.0878193 0.0862742 0.0626342 0.1077881 0.1125485 0.1097747 0.1085383 0.1144567 0.0902857 0.0950027 0.0700797 0.0930687 
Perityle_discoidea_81                      0.0125623 0.0624906 0.0838771 0.2700172 0.2833508 0.2590515 0.2754623 0.3837972 0.0025713 0.1037344 0.1194352 0.0934750 0.1014929 0.0954944 0.1303262 0.1040333 0.1825845 0.1139479 0.1069804 0.1252150 0.1371564 0.1698735 0.1042810 0.1146814 0.0986899 0.0898838 0.1083228 0.1117853 0.0783312 0.0745952 0.0990197 0.1019171 0.0000000 0.1008585 0.1061078 0.1180301 0.1133690 0.1078825 0.1217244 0.1010764 0.1114530 0.1118148 0.1007496 0.1185706 0.1093152 0.1020928 0.1060005 0.1206150 0.1043196 0.1009655 0.1157231 0.1032019 0.0949409 0.1262193 0.1050695 0.1180053 0.1059106 0.1039705 0.0924150 0.0769031 0.1254375 0.0790422 0.1087819 0.1137248 0.1000251 0.1052817 0.1122375 0.1040165 0.1099543 0.1031060 0.0935291 0.1015900 0.1001533 0.1007742 0.0689670 0.1009987 0.1257969 0.1141330 0.1143008 0.1108244 0.1106077 0.1168091 0.0865450 0.0978405 
Perityle_dissecta_201                      0.1001470 0.0818708 0.1070402 0.2588053 0.2741642 0.2547771 0.3037498 0.3640121 0.1115164 0.0949337 0.0866476 0.0295322 0.0355451 0.0427126 0.0984184 0.0513382 0.1830708 0.0993656 0.0409191 0.0678150 0.0712004 0.1287189 0.0353910 0.0451471 0.0295018 0.0672672 0.0880486 0.0824815 0.0869127 0.0726304 0.0939239 0.0901243 0.1008585 0.0000000 0.1167969 0.1053773 0.0355820 0.1001994 0.0984195 0.0336287 0.0462967 0.0985110 0.0374144 0.1063945 0.0357891 0.0384551 0.0349585 0.1036537 0.0386197 0.0397975 0.0478569 0.0808122 0.0331717 0.1022018 0.1046564 0.0995218 0.0326753 0.0330993 0.0764580 0.0728149 0.1029622 0.0707656 0.0751893 0.0800022 0.0758877 0.1039621 0.1030800 0.0391612 0.0357540 0.0348757 0.1050588 0.0321057 0.0388457 0.0305786 0.0270550 0.1014572 0.1029450 0.0923164 0.0784044 0.0942863 0.0350166 0.0891772 0.0834487 0.0865225 
Perityle_emoryi_47_punta_san_jose          0.1068332 0.0870425 0.1036847 0.2748836 0.2944058 0.2420393 0.3126132 0.3517738 0.0964824 0.1197083 0.1205071 0.1128525 0.1089898 0.1019626 0.1207470 0.1227968 0.1896621 0.1159247 0.1164239 0.1520527 0.1210451 0.1351882 0.1156715 0.1093603 0.1123030 0.0817523 0.1166762 0.1185215 0.0531585 0.0408731 0.1179141 0.1142727 0.1061078 0.1167969 0.0000000 0.1251087 0.1174931 0.1211969 0.1220193 0.1140591 0.1237919 0.1168242 0.1104048 0.1177901 0.1122608 0.1076822 0.1214876 0.1180891 0.1093272 0.1112936 0.1184039 0.1044467 0.1020792 0.1404883 0.1119308 0.1082594 0.1169707 0.1177125 0.0988794 0.0780721 0.1286458 0.0646344 0.1169614 0.1156820 0.1048197 0.1328570 0.1265829 0.0861243 0.1143203 0.1149767 0.0786624 0.1129095 0.1152916 0.1133370 0.0624593 0.1321712 0.1244305 0.1091564 0.1177658 0.1232453 0.1201706 0.1104436 0.0622966 0.0958633 
Perityle_feddemae_99                       0.1180984 0.1051762 0.1211560 0.2763699 0.3086403 0.2487357 0.3065542 0.3691773 0.1332560 0.1093375 0.0995853 0.1022498 0.1024103 0.1054032 0.1051428 0.1049365 0.1951765 0.0932385 0.1095553 0.1367529 0.1419459 0.1676053 0.1011070 0.1214056 0.1017451 0.1049345 0.1205863 0.1017316 0.0875211 0.0834397 0.1045557 0.1127133 0.1180301 0.1053773 0.1251087 0.0000000 0.1059282 0.0846731 0.1030999 0.0996175 0.1125063 0.0265741 0.1027932 0.0236430 0.1070330 0.1052236 0.1059876 0.0226468 0.1047119 0.1033799 0.1160193 0.1097919 0.0982435 0.1182824 0.1340241 0.1487749 0.1076996 0.1046606 0.0907579 0.0930709 0.1086452 0.0981341 0.1060843 0.1003116 0.1058130 0.1187592 0.1167272 0.0913478 0.1016802 0.1010581 0.1087745 0.1078426 0.1054664 0.1042654 0.0867046 0.1179938 0.0959189 0.0858004 0.1111677 0.1373626 0.1083084 0.1049009 0.0852368 0.0845202 
Perityle_fosteri_93                        0.1111479 0.0963702 0.1122304 0.2544023 0.2760448 0.2532871 0.2981266 0.3730801 0.1304595 0.0999689 0.0859826 0.0380302 0.0326339 0.0443740 0.1011781 0.0386044 0.1915070 0.1040422 0.0392962 0.0756028 0.0787534 0.1070371 0.0364997 0.0471195 0.0360122 0.0707228 0.0929864 0.0888861 0.0851057 0.0725657 0.1004309 0.0959806 0.1133690 0.0355820 0.1174931 0.1059282 0.0000000 0.1045019 0.0975253 0.0352171 0.0523725 0.0988613 0.0354780 0.1030058 0.0227486 0.0337367 0.0406399 0.1030583 0.0359402 0.0418124 0.0466606 0.0840988 0.0348141 0.1099196 0.1131595 0.1122031 0.0419954 0.0392182 0.0825834 0.0834274 0.1033841 0.0735265 0.0732893 0.0846984 0.0790690 0.1105527 0.1113328 0.0057292 0.0235362 0.0364940 0.1032383 0.0449807 0.0426112 0.0385848 0.0393518 0.1094687 0.1034490 0.0853294 0.0765194 0.1237977 0.0406715 0.0953988 0.0728694 0.0801128 
Perityle_gamon_221                         0.1055477 0.0859544 0.1146542 0.2816783 0.3021183 0.2486633 0.3081688 0.3793729 0.1213137 0.0996868 0.0946450 0.0930212 0.0944103 0.0927458 0.0878792 0.1025518 0.1796894 0.0673479 0.1005590 0.1290355 0.1295453 0.1686378 0.0979750 0.1152142 0.0931758 0.0911420 0.1050020 0.0803902 0.0868405 0.0834409 0.0984492 0.1053397 0.1078825 0.1001994 0.1211969 0.0846731 0.1045019 0.0000000 0.0869874 0.0959529 0.1027290 0.0814416 0.0941095 0.0814040 0.1032927 0.1002926 0.1002771 0.0837066 0.0971496 0.0950606 0.1094784 0.0998674 0.0888404 0.0912207 0.1122078 0.1294139 0.0990637 0.0978164 0.0649131 0.0545091 0.1056699 0.0895098 0.1029068 0.0794971 0.0935415 0.1136923 0.1125244 0.1045201 0.1002703 0.0968603 0.1045662 0.0997853 0.0952389 0.0948039 0.0787463 0.1111114 0.0842174 0.0835410 0.1090277 0.0872286 0.1014302 0.0983513 0.0813540 0.0856470 
Perityle_gentryi_8_san_francisco           0.1166813 0.0926644 0.1175609 0.2689098 0.2936591 0.2616248 0.2894940 0.3633922 0.1505142 0.1085170 0.1088544 0.0904773 0.0840274 0.0922513 0.0148937 0.0870307 0.1895013 0.0860422 0.1010514 0.1213406 0.1259530 0.1466839 0.0968666 0.1109074 0.0908529 0.1022771 0.1066885 0.0707106 0.0887661 0.0835693 0.1048727 0.1105147 0.1217244 0.0984195 0.1220193 0.1030999 0.0975253 0.0869874 0.0000000 0.0948079 0.1044486 0.0962366 0.0865127 0.1008350 0.0957338 0.0919689 0.1002248 0.0997117 0.0855369 0.0827454 0.0952688 0.1138107 0.0854671 0.0882620 0.1160742 0.1255205 0.1001212 0.0977005 0.0551727 0.0587066 0.0903756 0.1002110 0.1063316 0.0681891 0.1099074 0.1175709 0.1202652 0.1161728 0.0985289 0.0957364 0.1113307 0.0980346 0.0956390 0.0919628 0.0758062 0.1150109 0.0784235 0.0962336 0.1085526 0.1150780 0.1019140 0.1031688 0.0752923 0.0714116 
Perityle_gilensis_22_Superstition          0.0968821 0.0774315 0.1043263 0.2502052 0.2638014 0.2389894 0.2906679 0.3547958 0.1089785 0.0853254 0.0712775 0.0297971 0.0324071 0.0371733 0.0945548 0.0463730 0.1672689 0.0970278 0.0379507 0.0654676 0.0703958 0.1163496 0.0047720 0.0433930 0.0320399 0.0637503 0.0772845 0.0764960 0.0736946 0.0660378 0.0838528 0.0853494 0.1010764 0.0336287 0.1140591 0.0996175 0.0352171 0.0959529 0.0948079 0.0000000 0.0385629 0.0939353 0.0336872 0.1012274 0.0342642 0.0354225 0.0376446 0.0989356 0.0293825 0.0354921 0.0459942 0.0757482 0.0264209 0.0977671 0.0935507 0.0974831 0.0373607 0.0357191 0.0651047 0.0648617 0.0994010 0.0570343 0.0692816 0.0739884 0.0673649 0.0965642 0.0971031 0.0391289 0.0343993 0.0028591 0.0990896 0.0377475 0.0375059 0.0281622 0.0300523 0.0958415 0.0970287 0.0863399 0.0732032 0.0896754 0.0381816 0.0825568 0.0706510 0.0789732 
Perityle_gilensis_salensis_225             0.1080665 0.0795129 0.1124750 0.2657310 0.2743531 0.2516340 0.2868813 0.3555915 0.1191321 0.0935606 0.0720931 0.0389270 0.0392740 0.0325598 0.0990288 0.0606267 0.1887547 0.1027879 0.0293489 0.0584238 0.0631977 0.1227481 0.0407914 0.0506281 0.0448854 0.0769596 0.0900719 0.0908604 0.0832414 0.0725019 0.0965991 0.0944355 0.1114530 0.0462967 0.1237919 0.1125063 0.0523725 0.1027290 0.1044486 0.0385629 0.0000000 0.1049664 0.0395402 0.1118792 0.0417052 0.0442507 0.0403252 0.1019271 0.0297978 0.0269320 0.0466483 0.0849455 0.0300140 0.1009376 0.1062447 0.1019512 0.0296201 0.0369556 0.0740375 0.0752671 0.1070142 0.0675639 0.0756238 0.0857099 0.0790289 0.0996638 0.1003917 0.0512051 0.0461120 0.0397815 0.1004574 0.0290362 0.0402409 0.0393255 0.0351526 0.1012625 0.1093923 0.0991125 0.0725117 0.1124504 0.0403526 0.0847936 0.0832298 0.0856216 
Perityle_glaucescens_94                    0.1106979 0.0978220 0.1105461 0.2845480 0.3073240 0.2476823 0.3120650 0.3668399 0.1272233 0.1060054 0.0948223 0.0985923 0.0942843 0.0978162 0.0959590 0.1009972 0.1914029 0.0859254 0.1027390 0.1290522 0.1329690 0.1550292 0.0964994 0.1124047 0.0938335 0.0964041 0.1112291 0.0954616 0.0843206 0.0737615 0.1044094 0.1046553 0.1118148 0.0985110 0.1168242 0.0265741 0.0988613 0.0814416 0.0962366 0.0939353 0.1049664 0.0000000 0.0951677 0.0255697 0.0988868 0.0978317 0.0991378 0.0236026 0.0952598 0.0950485 0.1062464 0.1004680 0.0922709 0.1111519 0.1230288 0.1315921 0.0984942 0.0988513 0.0868218 0.0851322 0.0998085 0.0940641 0.1012827 0.0929803 0.0981071 0.1165142 0.1155666 0.0872970 0.0954186 0.0953856 0.1015293 0.0975891 0.0990681 0.0958518 0.0768391 0.1145126 0.0897200 0.0804590 0.1046841 0.1353435 0.1013691 0.0995435 0.0704434 0.0775529 
Perityle_gracilis_11                       0.0988191 0.0700670 0.0995089 0.2514722 0.2601654 0.2599157 0.2888581 0.3328852 0.1121093 0.0845019 0.0585972 0.0313130 0.0138868 0.0332533 0.0869164 0.0375907 0.1807568 0.0941874 0.0276965 0.0339783 0.0636647 0.1145238 0.0379137 0.0418882 0.0300931 0.0661807 0.0816974 0.0769952 0.0659296 0.0607614 0.0776329 0.0840276 0.1007496 0.0374144 0.1104048 0.1027932 0.0354780 0.0941095 0.0865127 0.0336872 0.0395402 0.0951677 0.0000000 0.1002918 0.0343220 0.0074343 0.0285801 0.0996060 0.0165543 0.0196991 0.0268337 0.0776950 0.0207869 0.0993299 0.0942200 0.0969808 0.0280665 0.0258876 0.0656154 0.0608141 0.0928562 0.0570021 0.0555480 0.0736566 0.0731970 0.0960316 0.0971168 0.0384978 0.0343756 0.0367743 0.0940475 0.0296536 0.0238751 0.0356984 0.0258711 0.0948939 0.0889090 0.0814480 0.0542510 0.0928869 0.0296756 0.0800937 0.0681677 0.0804662 
Perityle_harkerae_31                       0.1157955 0.0998956 0.1174395 0.2672968 0.2984958 0.2419048 0.3025073 0.3698742 0.1313493 0.1075046 0.0987499 0.1021375 0.0992979 0.1001373 0.1027071 0.1056345 0.1882104 0.0907266 0.1077032 0.1381281 0.1382932 0.1614140 0.1032351 0.1207551 0.0999701 0.0991015 0.1183037 0.0983959 0.0797700 0.0694634 0.1044031 0.1126638 0.1185706 0.1063945 0.1177901 0.0236430 0.1030058 0.0814040 0.1008350 0.1012274 0.1118792 0.0255697 0.1002918 0.0000000 0.1021504 0.1039857 0.1048271 0.0186504 0.1034336 0.1001948 0.1127882 0.1068713 0.0952531 0.1145939 0.1251382 0.1380543 0.1059143 0.1045821 0.0826474 0.0810186 0.1031201 0.0918711 0.1049258 0.0980560 0.1034614 0.1162922 0.1152081 0.0849684 0.1005237 0.1021072 0.1081205 0.1066594 0.1042953 0.1025719 0.0755865 0.1155326 0.0936251 0.0841615 0.1111135 0.1281829 0.1071419 0.1041193 0.0682946 0.0763797 
Perityle_huecosensis_48                    0.1093820 0.0921797 0.1082932 0.2579536 0.2736445 0.2286895 0.2907151 0.3529573 0.1202853 0.0969426 0.0823724 0.0364938 0.0355704 0.0355367 0.0968578 0.0342490 0.1870931 0.1002418 0.0331416 0.0714688 0.0750881 0.0946914 0.0356624 0.0459603 0.0357146 0.0723246 0.0950000 0.0862772 0.0773005 0.0650357 0.0975979 0.0903308 0.1093152 0.0357891 0.1122608 0.1070330 0.0227486 0.1032927 0.0957338 0.0342642 0.0417052 0.0988868 0.0343220 0.1021504 0.0000000 0.0361666 0.0373902 0.1026269 0.0373104 0.0385138 0.0367038 0.0840601 0.0296963 0.0911857 0.1033169 0.1122735 0.0391385 0.0358281 0.0802384 0.0821970 0.0963700 0.0705264 0.0761031 0.0821036 0.0813960 0.1051196 0.1071477 0.0174203 0.0195519 0.0362202 0.0994474 0.0395477 0.0388983 0.0329924 0.0342044 0.1038131 0.1020557 0.0884332 0.0763797 0.1202216 0.0396245 0.0895266 0.0730882 0.0758797 
