83
Amauria_brandeegeana_62                    0.0000000 0.1072797 0.2405396 0.4418279 0.2279643 0.1030931 0.3049429 0.1101360 0.4017992 0.2961386 0.2959021 0.2761221 0.2849394 0.2923526 0.1395692 0.2743844 0.2855071 0.2307267 0.3557089 0.2204678 0.2594145 0.1698957 0.0781905 0.2879506 0.2856459 0.2775904 0.2785742 0.1922420 0.3086790 0.5868209 0.1401033 0.3109415 0.3173859 0.2808466 0.2913945 0.2168265 0.2675104 0.2754278 0.2778273 0.2720601 0.3131239 0.2550634 0.3181983 0.3615384 0.2700025 0.1748333 0.2453339 0.3195388 0.2798189 0.2751177 0.2722877 0.2781310 0.2337689 0.0000010 0.2154933 0.1042622 0.2722392 0.1700924 0.1836433 0.2553479 0.2812428 0.0913741 0.2737867 0.2625979 0.3051726 0.3371987 0.3343893 0.1627252 0.2785516 0.2653086 0.2892661 0.2844908 0.1853408 0.2660886 0.0649375 0.3344891 0.2571631 0.2952754 0.1692017 0.2707983 0.2922428 0.3128347 0.0951590 
Amauria_carterae_99_mesa                   0.1072797 0.0000000 0.1249945 0.1729301 0.0891404 0.0676972 0.1220692 0.1357077 0.1883002 0.0959495 0.0805223 0.1033952 0.1136924 0.0919577 0.0928189 0.1037614 0.1029207 0.0545787 0.0977818 0.1178887 0.0925457 0.0921876 0.1183300 0.0958973 0.0992780 0.1062949 0.1034480 0.1145870 0.0887624 0.2511417 0.0885730 0.0887017 0.0793068 0.1063192 0.0900404 0.0920280 0.0792846 0.0965478 0.1100907 0.0956511 0.0759909 0.1174544 0.0795771 0.0784037 0.1186003 0.1174544 0.0994540 0.0796092 0.0990702 0.0992889 0.0957575 0.1066098 0.0919015 0.1760025 0.1112643 0.0996256 0.0958162 0.0921876 0.0852179 0.0981607 0.0921981 0.0995890 0.0960492 0.0853344 0.1069087 0.0738274 0.0946307 0.1075058 0.1151996 0.1028104 0.0887439 0.1138933 0.0958288 0.1027188 0.0830960 0.0738209 0.0921008 0.1001103 0.0675827 0.0990702 0.1150327 0.0577885 0.1069937 
Amauria_rotundifolia_SRR9119150            0.2405396 0.1249945 0.0000000 0.3985658 0.2287691 0.1224875 0.3012114 0.1123858 0.4131272 0.3144917 0.3581103 0.3008592 0.1461026 0.1445312 0.1668104 0.1483237 0.1229982 0.1923175 0.3469385 0.1275255 0.1179820 0.2010456 0.0892616 0.1460276 0.3152488 0.2978104 0.1270265 0.1539861 0.3663629 0.5940690 0.1721737 0.2546103 0.2950422 0.2958866 0.3184216 0.2326424 0.2669405 0.2344394 0.2964824 0.2956303 0.3041586 0.2946397 0.3135528 0.3658175 0.2912168 0.1937978 0.2712576 0.3182158 0.3042691 0.3050772 0.2985068 0.1333135 0.2570034 0.1462986 0.1127136 0.1012856 0.2902999 0.1857251 0.1959944 0.2781445 0.2670535 0.1144757 0.2973947 0.2813613 0.1219923 0.3259953 0.3197715 0.1619541 0.2890279 0.2905149 0.2750115 0.3026815 0.2008605 0.2925922 0.0882634 0.3255072 0.2828549 0.3102855 0.2016098 0.1278852 0.2731657 0.2939062 0.1101290 
Conoclinium_coelestinum_SRR9119114         0.4418279 0.1729301 0.3985658 0.0000000 0.4430310 0.1922670 0.3330069 0.1295673 0.4570072 0.3802978 0.3782722 0.4166570 0.3689835 0.3916304 0.2704293 0.3909941 0.3719168 0.3431357 0.3996361 0.3488298 0.3597418 0.3041054 0.1635106 0.4040272 0.3909322 0.4090373 0.3681206 0.3048621 0.3731677 0.3506841 0.3057030 0.4129821 0.3611065 0.3989567 0.3754602 0.3425430 0.2755459 0.4213007 0.4057256 0.4155374 0.3645040 0.3968991 0.3591152 0.4222449 0.4005100 0.3064886 0.3934260 0.3588140 0.4143725 0.4024612 0.4161039 0.3695955 0.3535311 1.0696869 0.3220226 0.2571537 0.4108207 0.2949024 0.2665750 0.3264297 0.3318419 0.2176456 0.4177985 0.3750574 0.3731437 0.3945252 0.3891897 0.2205814 0.3809896 0.4043900 0.3854505 0.4146154 0.3073842 0.4111905 0.1515309 0.4065800 0.4105685 0.4043747 0.2542891 0.3958187 0.4312323 0.4131860 0.2132726 
Eutetras_palmeri_63                        0.2279643 0.0891404 0.2287691 0.4430310 0.0000000 0.0153516 0.2921065 0.1298653 0.4085982 0.1186978 0.2238002 0.2891013 0.2114748 0.2048609 0.2332150 0.1997643 0.1946809 0.1482808 0.1608864 0.2197685 0.1879636 0.2983489 0.1056888 0.2046902 0.2582642 0.3119800 0.1875786 0.2581505 0.3194994 0.2381461 0.1036517 0.1832404 0.1502443 0.3153045 0.1867376 0.3022743 0.0964961 0.2358896 0.3000223 0.2890022 0.1631005 0.3281282 0.1768143 0.2377127 0.3303533 0.3180549 0.3038415 0.1734553 0.3030998 0.3046200 0.3054839 0.1871461 0.1848632 0.0000010 0.2114181 0.1707530 0.2985518 0.2851416 0.2268510 0.1846557 0.2881353 0.1377324 0.2945870 0.3590663 0.1983015 0.2625641 0.1729007 0.2030788 0.3301606 0.2969708 0.1339404 0.3203481 0.3029977 0.3120088 0.0814641 0.2811601 0.2896911 0.3102990 0.1538101 0.1919503 0.2220847 0.1499396 0.1595140 
Eutetras_pringlei_149_quer                 0.1030931 0.0676972 0.1224875 0.1922670 0.0153516 0.0000000 0.1070289 0.1043002 0.1903136 0.0572674 0.0722365 0.0997348 0.1023001 0.0963494 0.0904974 0.1206889 0.0991216 0.0653990 0.0671431 0.1196532 0.0899230 0.0867038 0.0921978 0.0928867 0.0929128 0.0991991 0.0997745 0.1164981 0.0764336 0.3142012 0.0571585 0.0795899 0.0550208 0.1025263 0.0668750 0.1026089 0.0570799 0.0867667 0.1062162 0.0928418 0.0540091 0.1126411 0.0572728 0.0636874 0.1138472 0.1124313 0.0932691 0.0572938 0.0958107 0.0959689 0.0928871 0.0995497 0.0962515 0.1760025 0.1236370 0.1030917 0.0897324 0.0867038 0.0930864 0.0895448 0.0794214 0.0930948 0.0998283 0.0765367 0.1064184 0.0552335 0.0643132 0.1335672 0.1101305 0.0960512 0.0572113 0.1059870 0.0935333 0.1026026 0.0594035 0.0586024 0.0863920 0.0933997 0.0701892 0.0926574 0.1101484 0.0485309 0.1065076 
Eutrochium_fistulosum_SRR9119106           0.3049429 0.1220692 0.3012114 0.3330069 0.2921065 0.1070289 0.0000000 0.0999198 0.3785471 0.2718334 0.2891509 0.3046186 0.3044191 0.3111753 0.2111129 0.2706775 0.2734126 0.2314182 0.2994608 0.2524098 0.2653678 0.2568612 0.1195875 0.3066685 0.2549615 0.3043838 0.2603034 0.2634531 0.3751706 0.5471215 0.2115767 0.3062693 0.2796218 0.3055056 0.2801733 0.2594459 0.2159214 0.2921661 0.3132510 0.3089191 0.2710958 0.2785914 0.2721821 0.3605748 0.3035514 0.2539874 0.2924121 0.2790217 0.3171064 0.3189742 0.3131739 0.2633627 0.2573737 0.0000010 0.2409703 0.1580802 0.3115840 0.2440436 0.2295390 0.2669294 0.2817571 0.1368520 0.3008398 0.3245296 0.2425345 0.3081344 0.2960251 0.1732070 0.3022161 0.2995698 0.2924722 0.3041985 0.2655587 0.3046322 0.1101794 0.3112077 0.2997536 0.3207477 0.1876229 0.2802072 0.2861822 0.2898946 0.1243527 
Galeana_pratensis_104_mex                  0.1101360 0.1357077 0.1123858 0.1295673 0.1298653 0.1043002 0.0999198 0.0000000 0.1458722 0.1267205 0.1140953 0.0971266 0.1159530 0.0967040 0.0938102 0.0971495 0.0933543 0.0891762 0.1355292 0.1030287 0.0873182 0.0936249 0.1231459 0.0968698 0.0997948 0.0997238 0.1000199 0.1000807 0.1166815 0.3044264 0.1389441 0.1004838 0.1218434 0.0997679 0.1162415 0.0869968 0.1034520 0.0972480 0.0965397 0.0934333 0.1037743 0.0999358 0.1005266 0.1064154 0.0965461 0.0999358 0.1000500 0.1003388 0.0903104 0.0935609 0.0997390 0.0999395 0.0902508 0.0000010 0.1135728 0.0967570 0.0935807 0.0936249 0.1164895 0.1379505 0.1231639 0.1070220 0.0968256 0.1171597 0.0998851 0.1124284 0.1336826 0.1103608 0.1071914 0.0965308 0.1232532 0.0998549 0.0904833 0.0997444 0.1053614 0.1157837 0.0903104 0.1035930 0.1304300 0.0964530 0.0906379 0.1053210 0.0967802 
Helianthus_annuus_SRR9119062               0.4017992 0.1883002 0.4131272 0.4570072 0.4085982 0.1903136 0.3785471 0.1458722 0.0000000 0.4174895 0.3769333 0.4047774 0.4068318 0.4125763 0.2462816 0.3847309 0.4185821 0.3576165 0.4661299 0.3559826 0.3978866 0.2735577 0.1735032 0.4098701 0.4113638 0.3978926 0.3897737 0.3079555 0.4124242 0.5369783 0.3251987 0.4241485 0.4253413 0.4111010 0.3683072 0.3478853 0.3163924 0.3872647 0.4095113 0.4034156 0.3878234 0.3770029 0.3848726 0.4303204 0.4066049 0.2836184 0.3805568 0.3790778 0.4130654 0.4160859 0.4095934 0.3953027 0.3458518 0.7313909 0.3437871 0.2295184 0.4045297 0.2717033 0.2831910 0.3415527 0.3619187 0.2088115 0.3944833 0.3793250 0.4393888 0.4004366 0.4024780 0.2043508 0.4131497 0.3941918 0.4266603 0.3974289 0.2854009 0.4123651 0.1538398 0.3968874 0.3997316 0.4243968 0.2790626 0.3939180 0.4564871 0.4332866 0.1952634 
Lycapsus_tenuifolius_17                    0.2961386 0.0959495 0.3144917 0.3802978 0.1186978 0.0572674 0.2718334 0.1267205 0.4174895 0.0000000 0.2504431 0.3320094 0.3037323 0.3090579 0.1926334 0.2535422 0.2827493 0.1850866 0.2373896 0.2209604 0.2834233 0.2181585 0.1089908 0.3014922 0.3060503 0.3308344 0.2879652 0.1868010 0.2566242 0.3760712 0.0275720 0.2190456 0.1737840 0.3282146 0.2258526 0.2399888 0.1905378 0.2718175 0.3312516 0.3242729 0.2290052 0.3155684 0.2387922 0.3078560 0.3312473 0.2311223 0.2818589 0.2386247 0.3232431 0.3332275 0.3287114 0.2832136 0.2679080 0.1474135 0.1654736 0.1431515 0.3190682 0.2098040 0.1623785 0.1948675 0.2075749 0.1311762 0.3253556 0.2406892 0.2678627 0.2961218 0.2455079 0.1914834 0.3300571 0.3252339 0.0625987 0.3329516 0.2298557 0.3345863 0.0854455 0.2993690 0.3099436 0.3419175 0.1586737 0.2789958 0.2779204 0.0993159 0.1385373 
Pericome_caudata_50_silver                 0.2959021 0.0805223 0.3581103 0.3782722 0.2238002 0.0722365 0.2891509 0.1140953 0.3769333 0.2504431 0.0000000 0.3419433 0.3352087 0.3497835 0.2011362 0.3073788 0.3079665 0.2170183 0.2708560 0.2707143 0.3052154 0.2273653 0.1261054 0.3448340 0.3124982 0.3309783 0.3360966 0.2509642 0.2723724 0.7582781 0.1639425 0.2305205 0.2149907 0.3386418 0.2112072 0.2713616 0.1700637 0.3316134 0.3464498 0.3369265 0.2105028 0.3082204 0.2262685 0.2819158 0.3444255 0.2380970 0.3248333 0.2298446 0.3415633 0.3486931 0.3503807 0.3338122 0.3000751 0.3064187 0.2559415 0.1617471 0.3457613 0.2237057 0.2139450 0.2379146 0.2202190 0.1592377 0.3411674 0.2852682 0.3525732 0.2824301 0.2739360 0.1583339 0.3505012 0.3312510 0.2735605 0.3328489 0.2528595 0.3446338 0.0912043 0.2871942 0.3322141 0.3506142 0.1724587 0.3169736 0.3247602 0.2647859 0.1448667 
Perityle_aglossa_84_dead_horse             0.2761221 0.1033952 0.3008592 0.4166570 0.2891013 0.0997348 0.3046186 0.0971266 0.4047774 0.3320094 0.3419433 0.0000000 0.2197791 0.2202253 0.0421303 0.2487044 0.2424759 0.2460603 0.3663781 0.1940419 0.2089375 0.0592000 0.0495865 0.2243632 0.0635887 0.0885062 0.2123911 0.1576806 0.2584224 0.6462164 0.2179078 0.3131218 0.3195191 0.0741513 0.2855041 0.0687083 0.2633726 0.2309875 0.0767223 0.0536935 0.2934265 0.0728185 0.3043867 0.3420071 0.0781083 0.0581815 0.0629484 0.2964713 0.0648823 0.0755864 0.0708661 0.2136756 0.0556951 0.0000010 0.2097799 0.0876533 0.0750886 0.0486203 0.1711594 0.2195082 0.2410874 0.0525400 0.0460591 0.2022339 0.2571291 0.3305953 0.3377841 0.1357200 0.0862016 0.0658817 0.3160762 0.0885542 0.0524049 0.0706853 0.0252161 0.3241891 0.0685825 0.0698611 0.1742009 0.2072036 0.3179358 0.3242561 0.0532848 
Perityle_ajoensis_204                      0.2849394 0.1136924 0.1461026 0.3689835 0.2114748 0.1023001 0.3044191 0.1159530 0.4068318 0.3037323 0.3352087 0.2197791 0.0000000 0.0574529 0.0836333 0.1173804 0.0432783 0.1891815 0.3303143 0.0627660 0.0615857 0.1081190 0.0571008 0.0662580 0.2439893 0.2015742 0.0796581 0.1156407 0.3293163 0.6535527 0.1603722 0.2359541 0.2898834 0.2164344 0.2909915 0.1737846 0.2442382 0.1906536 0.2221461 0.2142255 0.2945646 0.2056862 0.3018694 0.3414166 0.2259940 0.0953502 0.1805980 0.2965311 0.2212539 0.2270759 0.2141387 0.0843760 0.1848786 0.3394595 0.0911367 0.0698605 0.2034182 0.0926617 0.1823814 0.2171067 0.2406299 0.0665700 0.2140913 0.2552664 0.0830027 0.2919680 0.3079790 0.1443593 0.2216774 0.2134583 0.2913728 0.2056577 0.1097594 0.2174100 0.0346943 0.2841759 0.2103300 0.2344739 0.1794012 0.0586956 0.2297514 0.2899483 0.0613087 
Perityle_ambrosiifolia_67_green            0.2923526 0.0919577 0.1445312 0.3916304 0.2048609 0.0963494 0.3111753 0.0967040 0.4125763 0.3090579 0.3497835 0.2202253 0.0574529 0.0000000 0.0757259 0.1028111 0.0422114 0.1865995 0.3277177 0.0561504 0.0510368 0.1186511 0.0455506 0.0278617 0.2402093 0.2139059 0.0671466 0.1113209 0.3351622 0.6272958 0.1608549 0.2487578 0.2937644 0.2249115 0.2891494 0.1742110 0.2492688 0.1885572 0.2144453 0.2151966 0.2919635 0.2194431 0.2959882 0.3426166 0.2252175 0.1086831 0.1942290 0.2922308 0.2191495 0.2230858 0.2147428 0.0706245 0.1871934 0.1462986 0.0857307 0.0605697 0.2141308 0.1030171 0.1656409 0.2008661 0.2360775 0.0439497 0.2121017 0.2608989 0.0644022 0.3027383 0.3185582 0.1332145 0.2227510 0.2086676 0.2904321 0.2180415 0.1170072 0.2237787 0.0124919 0.2980294 0.2098344 0.2293785 0.1719470 0.0528534 0.2211828 0.3034182 0.0559734 
Perityle_angustifolia_13_Eagle_creek       0.1395692 0.0928189 0.1668104 0.2704293 0.2332150 0.0904974 0.2111129 0.0938102 0.2462816 0.1926334 0.2011362 0.0421303 0.0836333 0.0757259 0.0000000 0.1178664 0.0733509 0.1337433 0.1745705 0.0852432 0.0661558 0.0352143 0.0303611 0.0736331 0.0173872 0.0227068 0.0649335 0.1055829 0.1996933 0.6519910 0.2138799 0.1827536 0.1829397 0.0221939 0.1744734 0.0374517 0.1529841 0.0952720 0.0240799 0.0226739 0.1702425 0.0308627 0.1780292 0.2004739 0.0378826 0.0267786 0.0282564 0.1699089 0.0253983 0.0379174 0.0254788 0.0649263 0.0207486 0.0000010 0.1011730 0.0670882 0.0268569 0.0254941 0.1600127 0.2299374 0.1891648 0.0301325 0.0240754 0.1534950 0.0727461 0.2088643 0.2031544 0.1121551 0.0422674 0.0213683 0.1764944 0.0254092 0.0268991 0.0308550 0.0031306 0.2035700 0.0200357 0.0392381 0.1699538 0.0592191 0.1210190 0.1528448 0.0365677 
Perityle_batopilensis_97                   0.2743844 0.1037614 0.1483237 0.3909941 0.1997643 0.1206889 0.2706775 0.0971495 0.3847309 0.2535422 0.3073788 0.2487044 0.1173804 0.1028111 0.1178664 0.0000000 0.0931852 0.1880710 0.3028336 0.0878268 0.0877816 0.1585634 0.0533884 0.1072707 0.2416858 0.2259823 0.0898883 0.1051000 0.3030812 0.7371390 0.1537601 0.2130157 0.2565002 0.2382682 0.2627762 0.1878796 0.2270321 0.1563231 0.2370973 0.2235484 0.2499829 0.2456296 0.2610287 0.3226691 0.2342383 0.1480174 0.2257970 0.2648162 0.2306643 0.2428356 0.2334190 0.0922645 0.1993995 0.0000010 0.0619232 0.0824259 0.2393250 0.1423040 0.1843208 0.2437157 0.2449536 0.0355353 0.2352305 0.2691633 0.0675337 0.3060229 0.2872288 0.1426793 0.2321343 0.2328197 0.2647330 0.2304377 0.1590070 0.2293117 0.0481640 0.3131439 0.2297542 0.2580762 0.1973780 0.0879798 0.1783813 0.2703378 0.0490691 
Perityle_bisetosa_9                        0.2855071 0.1029207 0.1229982 0.3719168 0.1946809 0.0991216 0.2734126 0.0933543 0.4185821 0.2827493 0.3079665 0.2424759 0.0432783 0.0422114 0.0733509 0.0931852 0.0000000 0.1847218 0.3329489 0.0419143 0.0409763 0.1100478 0.0147848 0.0419307 0.2267474 0.2363156 0.0519178 0.0932399 0.3061145 0.6519910 0.1466871 0.2391302 0.2876624 0.2263020 0.2579071 0.1661398 0.2314311 0.1892711 0.2349925 0.2342653 0.2675388 0.2183222 0.2741965 0.3291788 0.2372068 0.1090008 0.2081965 0.2699833 0.2439237 0.2369298 0.2404472 0.0559351 0.1991325 0.1462986 0.0708837 0.0441275 0.2257788 0.1039896 0.1682950 0.2140481 0.2387331 0.0435644 0.2440827 0.2780400 0.0555919 0.3084854 0.3122469 0.1203243 0.2301141 0.2250131 0.2827177 0.2396640 0.1247459 0.2331854 0.0187465 0.3048352 0.2224965 0.2587591 0.1739441 0.0517294 0.2036962 0.2738269 0.0362260 
Perityle_californica_76_positas            0.2307267 0.0545787 0.1923175 0.3431357 0.1482808 0.0653990 0.2314182 0.0891762 0.3576165 0.1850866 0.2170183 0.2460603 0.1891815 0.1865995 0.1337433 0.1880710 0.1847218 0.0000000 0.2288482 0.1751001 0.1745676 0.1405077 0.0882353 0.1827665 0.2558185 0.2313755 0.1652457 0.1311827 0.2067569 0.6190523 0.1177319 0.0844790 0.1639156 0.2414751 0.1655826 0.2109007 0.1525823 0.2215548 0.2498308 0.2428785 0.1756828 0.2433966 0.1824627 0.2250103 0.2441504 0.1480961 0.2257108 0.1821069 0.2443958 0.2434480 0.2420852 0.1723785 0.2236575 0.1760025 0.1514261 0.1256212 0.2375414 0.1338215 0.1530957 0.1897872 0.1782821 0.1182343 0.2414409 0.2179862 0.1796886 0.1892515 0.2054761 0.1466087 0.2486017 0.2303720 0.2226612 0.2354582 0.1581238 0.2434378 0.0625160 0.1936477 0.2392983 0.2453405 0.1495189 0.1654779 0.2206297 0.1938773 0.1176226 
Perityle_canescens_77                      0.3557089 0.0977818 0.3469385 0.3996361 0.1608864 0.0671431 0.2994608 0.1355292 0.4661299 0.2373896 0.2708560 0.3663781 0.3303143 0.3277177 0.1745705 0.3028336 0.3329489 0.2288482 0.0000000 0.2868507 0.3247874 0.2073246 0.1128316 0.3331457 0.3310065 0.3390426 0.2983657 0.2432854 0.3809779 0.2511417 0.1094866 0.2564828 0.1779821 0.3488533 0.1958335 0.2800405 0.0942504 0.3162550 0.3499874 0.3521138 0.0799399 0.3254159 0.0856131 0.3461879 0.3575561 0.2211630 0.3154967 0.0857175 0.3442153 0.3353695 0.3463978 0.3021978 0.2988253 0.1342308 0.2605440 0.1352059 0.3355637 0.2019680 0.1967888 0.2132215 0.2703635 0.1213684 0.3568023 0.3379056 0.2872972 0.2710675 0.1559231 0.1501808 0.3616838 0.3392305 0.2881109 0.3503888 0.2204379 0.3452833 0.0817347 0.2829413 0.3303089 0.3545725 0.1368228 0.2953381 0.2989435 0.2779470 0.1309500 
Perityle_castillonii_96                    0.2204678 0.1178887 0.1275255 0.3488298 0.2197685 0.1196532 0.2524098 0.1030287 0.3559826 0.2209604 0.2707143 0.1940419 0.0627660 0.0561504 0.0852432 0.0878268 0.0419143 0.1751001 0.2868507 0.0000000 0.0446886 0.1168608 0.0374492 0.0611038 0.1872630 0.1822606 0.0510393 0.1040103 0.2968390 0.6535527 0.1662595 0.2099876 0.2580448 0.1897110 0.2454646 0.1604253 0.2170071 0.1488898 0.1941074 0.1873581 0.2507971 0.1957221 0.2536351 0.2662236 0.1881542 0.1207355 0.1891354 0.2597184 0.1930642 0.1941830 0.1911536 0.0536903 0.1373982 0.0000010 0.0736060 0.0496836 0.1927097 0.1115891 0.1633985 0.2453655 0.2475868 0.0325094 0.1883773 0.2798283 0.0559571 0.2463332 0.2805264 0.1321268 0.1896241 0.1827425 0.2157062 0.1838665 0.1271052 0.1810158 0.0315415 0.2460921 0.1903914 0.2139358 0.1896295 0.0549078 0.1562912 0.2182234 0.0383163 
Perityle_cernua_84                         0.2594145 0.0925457 0.1179820 0.3597418 0.1879636 0.0899230 0.2653678 0.0873182 0.3978866 0.2834233 0.3052154 0.2089375 0.0615857 0.0510368 0.0661558 0.0877816 0.0409763 0.1745676 0.3247874 0.0446886 0.0000000 0.0957988 0.0300401 0.0543078 0.2128293 0.2050331 0.0585437 0.0910596 0.3113724 0.6519910 0.1393481 0.2306017 0.2762692 0.2054150 0.2645610 0.1315444 0.2325075 0.1679675 0.2002856 0.1934300 0.2758817 0.1879907 0.2802784 0.3245236 0.2029852 0.0948183 0.1799571 0.2818372 0.2019642 0.2001888 0.1988898 0.0608993 0.1691787 0.1462986 0.0572409 0.0334400 0.1921175 0.0920277 0.1555807 0.2162921 0.2192311 0.0270544 0.2015569 0.2464164 0.0542570 0.2979925 0.2994162 0.1064629 0.1857908 0.1881511 0.2690927 0.2064290 0.1088374 0.1995740 0.0252473 0.2896994 0.1859842 0.2167275 0.1691000 0.0570833 0.1892134 0.2677166 0.0260319 
Perityle_cfvillosa_25_tin                  0.1698957 0.0921876 0.2010456 0.3041054 0.2983489 0.0867038 0.2568612 0.0936249 0.2735577 0.2181585 0.2273653 0.0592000 0.1081190 0.1186511 0.0352143 0.1585634 0.1100478 0.1405077 0.2073246 0.1168608 0.0957988 0.0000000 0.0300702 0.1176310 0.0324927 0.0346926 0.1049639 0.1371767 0.2039218 0.6535527 0.2068425 0.2018312 0.2032536 0.0428136 0.2005476 0.0424663 0.1522833 0.1351942 0.0480421 0.0426295 0.1872542 0.0363201 0.1946362 0.2303740 0.0560650 0.0376780 0.0139568 0.1913879 0.0439243 0.0547413 0.0387761 0.1048902 0.0467657 0.0000010 0.1384316 0.0804908 0.0348115 0.0140587 0.1746697 0.2128952 0.2008910 0.0327759 0.0414183 0.1611529 0.1096816 0.2371963 0.2563339 0.1233861 0.0618219 0.0440090 0.1968393 0.0373278 0.0152237 0.0478965 0.0030974 0.2346860 0.0400461 0.0589780 0.1681264 0.0916951 0.1784601 0.1887165 0.0488790 
Perityle_cinerea_113_Powell1310            0.0781905 0.1183300 0.0892616 0.1635106 0.1056888 0.0921978 0.1195875 0.1231459 0.1735032 0.1089908 0.1261054 0.0495865 0.0571008 0.0455506 0.0303611 0.0533884 0.0147848 0.0882353 0.1128316 0.0374492 0.0300401 0.0300702 0.0000000 0.0455244 0.0265963 0.0414074 0.0338316 0.0575133 0.1200667 0.7703943 0.1131288 0.1153909 0.1180256 0.0375735 0.1147470 0.0260537 0.1066958 0.0417755 0.0493883 0.0338246 0.1069689 0.0531238 0.1111453 0.1064827 0.0493796 0.0531238 0.0339081 0.1024946 0.0376130 0.0415054 0.0416731 0.0375809 0.0454107 0.0000010 0.0584215 0.0375824 0.0338905 0.0300702 0.1207292 0.1036860 0.1284406 0.0382117 0.0455474 0.1114944 0.0343268 0.1095409 0.1423947 0.0831843 0.0496959 0.0337783 0.1158238 0.0492812 0.0378947 0.0414206 0.0266577 0.1094320 0.0338246 0.0574859 0.1093633 0.0414074 0.0502649 0.0805250 0.0342973 
Perityle_coahuilensis_24                   0.2879506 0.0958973 0.1460276 0.4040272 0.2046902 0.0928867 0.3066685 0.0968698 0.4098701 0.3014922 0.3448340 0.2243632 0.0662580 0.0278617 0.0736331 0.1072707 0.0419307 0.1827665 0.3331457 0.0611038 0.0543078 0.1176310 0.0455244 0.0000000 0.2347895 0.2106975 0.0702960 0.1105171 0.3305090 0.6519910 0.1609195 0.2485967 0.2943189 0.2186523 0.2917703 0.1650869 0.2470282 0.1886225 0.1974537 0.2066958 0.2924128 0.2046949 0.2981210 0.3473646 0.2234696 0.1092288 0.1897457 0.2910621 0.2148088 0.2189570 0.2086240 0.0737638 0.1827541 0.1462986 0.0904613 0.0550138 0.2068444 0.1036040 0.1641879 0.2038202 0.2280835 0.0467973 0.2118743 0.2589735 0.0726102 0.3031217 0.3121365 0.1234799 0.2181008 0.1914697 0.2899753 0.2120182 0.1147136 0.2136970 0.0124859 0.2984497 0.1997613 0.2333901 0.1656073 0.0570896 0.2256145 0.3041945 0.0531898 
Perityle_cochisensis_44_cave_creek         0.2856459 0.0992780 0.3152488 0.3909322 0.2582642 0.0929128 0.2549615 0.0997948 0.4113638 0.3060503 0.3124982 0.0635887 0.2439893 0.2402093 0.0173872 0.2416858 0.2267474 0.2558185 0.3310065 0.1872630 0.2128293 0.0324927 0.0265963 0.2347895 0.0000000 0.0644141 0.2064564 0.1336216 0.2285963 0.5106719 0.2243190 0.3246236 0.3216142 0.0488244 0.2512187 0.0490083 0.2684993 0.2348984 0.0532770 0.0321533 0.2736420 0.0475788 0.2821207 0.3251719 0.0609393 0.0275141 0.0459954 0.2718586 0.0458991 0.0559045 0.0572556 0.2060372 0.0468817 0.0000010 0.1745120 0.0856142 0.0538060 0.0258408 0.1614386 0.2395395 0.2476972 0.0354420 0.0488127 0.2198163 0.2101556 0.3326769 0.3261756 0.1232418 0.0762728 0.0468260 0.3143261 0.0644128 0.0366671 0.0474730 0.0093302 0.3288649 0.0513127 0.0749639 0.1742908 0.2122899 0.2744405 0.2856003 0.0404894 
Perityle_congesta_202                      0.2775904 0.1062949 0.2978104 0.4090373 0.3119800 0.0991991 0.3043838 0.0997238 0.3978926 0.3308344 0.3309783 0.0885062 0.2015742 0.2139059 0.0227068 0.2259823 0.2363156 0.2313755 0.3390426 0.1822606 0.2050331 0.0346926 0.0414074 0.2106975 0.0644141 0.0000000 0.2008339 0.1427635 0.2472683 0.6535527 0.2238816 0.2943519 0.3087727 0.0618187 0.2727393 0.0440634 0.2475212 0.2176255 0.0612325 0.0564603 0.2770885 0.0164554 0.2881720 0.3558094 0.0730141 0.0088786 0.0328018 0.2787860 0.0575354 0.0727879 0.0577778 0.1993069 0.0691827 0.3105930 0.1915323 0.0785492 0.0526980 0.0244080 0.1811942 0.2348573 0.2409267 0.0409406 0.0634807 0.1927671 0.2322689 0.3175939 0.3335448 0.1250636 0.0810254 0.0609741 0.3126262 0.0105418 0.0261798 0.0621323 0.0187171 0.3141241 0.0483717 0.0821592 0.1860274 0.1853070 0.2971445 0.3188631 0.0445167 
Perityle_cordifolia_27                     0.2785742 0.1034480 0.1270265 0.3681206 0.1875786 0.0997745 0.2603034 0.1000199 0.3897737 0.2879652 0.3360966 0.2123911 0.0796581 0.0671466 0.0649335 0.0898883 0.0519178 0.1652457 0.2983657 0.0510393 0.0585437 0.1049639 0.0338316 0.0702960 0.2064564 0.2008339 0.0000000 0.0888859 0.3337004 0.7381937 0.1413953 0.2171833 0.2677776 0.2074596 0.2806726 0.1322271 0.2293014 0.1610310 0.2104890 0.2015633 0.2652411 0.1874615 0.2745839 0.3366028 0.2146550 0.0970777 0.1776877 0.2712669 0.2097443 0.2142119 0.2048054 0.0119446 0.1916747 0.1462986 0.0503137 0.0375628 0.2027091 0.0928883 0.1805283 0.2274408 0.2238609 0.0271213 0.2052806 0.2411824 0.0113404 0.2936306 0.2825972 0.1135538 0.2010158 0.1968331 0.2715723 0.2036592 0.1029289 0.1983426 0.0284476 0.2873327 0.1868316 0.2199777 0.1757937 0.0540984 0.1939135 0.2647306 0.0322464 
Perityle_cordifolia_68_tecolote            0.1922420 0.1145870 0.1539861 0.3048621 0.2581505 0.1164981 0.2634531 0.1000807 0.3079555 0.1868010 0.2509642 0.1576806 0.1156407 0.1113209 0.1055829 0.1051000 0.0932399 0.1311827 0.2432854 0.1040103 0.0910596 0.1371767 0.0575133 0.1105171 0.1336216 0.1427635 0.0888859 0.0000000 0.2809227 0.7162850 0.1880446 0.1964361 0.2269386 0.1525920 0.2217506 0.1451012 0.1883486 0.1221469 0.1549620 0.1454458 0.2152476 0.1535062 0.2241998 0.2532209 0.1548451 0.1384153 0.1474309 0.2303189 0.1483047 0.1551597 0.1487632 0.0888500 0.1095930 0.2017253 0.0427783 0.0746598 0.1503376 0.1276724 0.1811361 0.2497343 0.2282595 0.0382483 0.1490152 0.2366424 0.0735403 0.2197690 0.2437798 0.1351892 0.1472604 0.1427707 0.1959374 0.1443885 0.1375165 0.1498898 0.0448681 0.2218173 0.1424481 0.1728900 0.1899935 0.0938452 0.1353411 0.1849102 0.0510379 
Perityle_coronopifolia_28_patagonia        0.3086790 0.0887624 0.3663629 0.3731677 0.3194994 0.0764336 0.3751706 0.1166815 0.4124242 0.2566242 0.2723724 0.2584224 0.3293163 0.3351622 0.1996933 0.3030812 0.3061145 0.2067569 0.3809779 0.2968390 0.3113724 0.2039218 0.1200667 0.3305090 0.2285963 0.2472683 0.3337004 0.2809227 0.0000000 0.7528809 0.1925822 0.3025408 0.3108769 0.2474505 0.2459143 0.2149983 0.2093094 0.2704082 0.2554213 0.2389194 0.2513260 0.2244092 0.2509528 0.2388627 0.2471872 0.2053695 0.2248813 0.2484747 0.2419034 0.2592115 0.2463338 0.3331719 0.2329421 0.1462986 0.2942584 0.1710843 0.2446385 0.1986718 0.1159646 0.1655938 0.1720126 0.1775610 0.2473174 0.0878277 0.3284693 0.3018391 0.3661326 0.1692538 0.2597785 0.2479266 0.2809668 0.2472649 0.2082605 0.2495233 0.0819749 0.2967968 0.2362514 0.2619725 0.0562483 0.3204588 0.3846980 0.2787408 0.1540452 
Perityle_crassifolia_70_ventanas           0.5868209 0.2511417 0.5940690 0.3506841 0.2381461 0.3142012 0.5471215 0.3044264 0.5369783 0.3760712 0.7582781 0.6462164 0.6535527 0.6272958 0.6519910 0.7371390 0.6519910 0.6190523 0.2511417 0.6535527 0.6519910 0.6535527 0.7703943 0.6519910 0.5106719 0.6535527 0.7381937 0.7162850 0.7528809 0.0000000 0.2511417 0.6148463 0.6148463 0.6258154 0.7399778 0.6701210 0.7297242 0.7471079 0.6519910 0.6225797 0.7399778 0.6535527 0.7126079 0.7064314 0.6504368 0.6535527 0.6519910 0.7399778 0.6225797 0.6519910 0.6588706 0.7436834 0.6519910 0.0000010 0.3559115 0.6519910 0.6535527 0.6514778 0.6291042 0.3180941 0.6913272 0.2511417 0.6272958 0.6021760 0.2511417 0.5849806 0.6312365 0.3956850 0.6565345 0.6519910 0.5088533 0.6535527 0.6535527 0.6519910 0.2511417 0.5836116 0.6788029 0.6258154 0.2511417 0.6535527 0.2511417 0.4331165 0.4331165 
Perityle_crassifolia_74_playa_balandra     0.1401033 0.0885730 0.1721737 0.3057030 0.1036517 0.0571585 0.2115767 0.1389441 0.3251987 0.0275720 0.1639425 0.2179078 0.1603722 0.1608549 0.2138799 0.1537601 0.1466871 0.1177319 0.1094866 0.1662595 0.1393481 0.2068425 0.1131288 0.1609195 0.2243190 0.2238816 0.1413953 0.1880446 0.1925822 0.2511417 0.0000000 0.1287268 0.1039721 0.2266307 0.1471673 0.2093324 0.0957970 0.1501126 0.2273902 0.2179685 0.1282252 0.2363703 0.1394122 0.1875658 0.2351777 0.2359845 0.2129247 0.1357016 0.2232631 0.2206595 0.2153881 0.1380977 0.1239814 0.4287276 0.1515505 0.1473693 0.2157819 0.2069102 0.1776127 0.1909032 0.2038514 0.1309262 0.2219897 0.2310934 0.1439824 0.2081038 0.1388359 0.1952128 0.2217753 0.2213015 0.0393798 0.2302906 0.2134319 0.2267762 0.0852660 0.2112851 0.2121329 0.2348626 0.1283359 0.1499700 0.1730637 0.0855183 0.1429301 
Perityle_cuneata_34_cuneata_San_antonio    0.3109415 0.0887017 0.2546103 0.4129821 0.1832404 0.0795899 0.3062693 0.1004838 0.4241485 0.2190456 0.2305205 0.3131218 0.2359541 0.2487578 0.1827536 0.2130157 0.2391302 0.0844790 0.2564828 0.2099876 0.2306017 0.2018312 0.1153909 0.2485967 0.3246236 0.2943519 0.2171833 0.1964361 0.3025408 0.6148463 0.1287268 0.0000000 0.1989763 0.3152351 0.2630641 0.2687433 0.1858105 0.2471638 0.3251337 0.3142729 0.2226187 0.2910894 0.2317356 0.2979000 0.3174202 0.2069989 0.2729303 0.2319525 0.3068661 0.3060944 0.3085720 0.2198252 0.2648225 0.5493326 0.1918866 0.1488757 0.2964108 0.1965068 0.1757381 0.2309745 0.2483251 0.1442606 0.3016302 0.2524679 0.2280618 0.2289387 0.2364740 0.1642741 0.3067756 0.3097343 0.2435736 0.3014205 0.2107171 0.3123613 0.0883319 0.2327917 0.2962652 0.3167425 0.1794676 0.2288193 0.3174508 0.2098861 0.1413051 
Perityle_cuneata_4                         0.3173859 0.0793068 0.2950422 0.3611065 0.1502443 0.0550208 0.2796218 0.1218434 0.4253413 0.1737840 0.2149907 0.3195191 0.2898834 0.2937644 0.1829397 0.2565002 0.2876624 0.1639156 0.1779821 0.2580448 0.2762692 0.2032536 0.1180256 0.2943189 0.3216142 0.3087727 0.2677776 0.2269386 0.3108769 0.6148463 0.1039721 0.1989763 0.0000000 0.3142522 0.2266304 0.2727975 0.1375572 0.2771661 0.3247689 0.3147488 0.1686180 0.2927827 0.1738658 0.3099716 0.3200358 0.2025179 0.2850147 0.1766027 0.3157914 0.3153334 0.3144122 0.2727227 0.2679828 0.3105930 0.2415812 0.1494193 0.3029964 0.1978101 0.1621420 0.2267401 0.2271595 0.1282909 0.3093266 0.2624668 0.2886868 0.2671369 0.1770093 0.1579959 0.3158375 0.3133008 0.2210833 0.3069476 0.2128431 0.3214741 0.0797820 0.2668825 0.3027745 0.3301899 0.1567679 0.2674383 0.3058130 0.2040843 0.1320301 
Perityle_dissecta_201                      0.2808466 0.1063192 0.2958866 0.3989567 0.3153045 0.1025263 0.3055056 0.0997679 0.4111010 0.3282146 0.3386418 0.0741513 0.2164344 0.2249115 0.0221939 0.2382682 0.2263020 0.2414751 0.3488533 0.1897110 0.2054150 0.0428136 0.0375735 0.2186523 0.0488244 0.0618187 0.2074596 0.1525920 0.2474505 0.6258154 0.2266307 0.3152351 0.3142522 0.0000000 0.2728377 0.0422874 0.2607358 0.2305206 0.0425907 0.0424366 0.2744281 0.0457013 0.2839146 0.3371067 0.0484676 0.0279196 0.0368059 0.2762086 0.0412312 0.0415470 0.0358515 0.2057817 0.0497481 0.0000010 0.1968847 0.0744479 0.0373247 0.0334753 0.1783684 0.2465493 0.2550787 0.0381143 0.0505453 0.2003872 0.2445856 0.3286510 0.3352727 0.1227935 0.0586650 0.0363001 0.3136384 0.0618208 0.0337084 0.0346266 0.0155744 0.3250233 0.0353372 0.0575473 0.1800678 0.2002917 0.3010665 0.3312036 0.0382996 
Perityle_feddemae_99                       0.2913945 0.0900404 0.3184216 0.3754602 0.1867376 0.0668750 0.2801733 0.1162415 0.3683072 0.2258526 0.2112072 0.2855041 0.2909915 0.2891494 0.1744734 0.2627762 0.2579071 0.1655826 0.1958335 0.2454646 0.2645610 0.2005476 0.1147470 0.2917703 0.2512187 0.2727393 0.2806726 0.2217506 0.2459143 0.7399778 0.1471673 0.2630641 0.2266304 0.2728377 0.0000000 0.2413129 0.1523701 0.2504699 0.2867129 0.2741691 0.1098231 0.2618336 0.1124551 0.2449836 0.2771313 0.2142242 0.2590771 0.1113784 0.2877400 0.2782694 0.2888278 0.2779710 0.2275571 0.3064187 0.2320713 0.1240709 0.2874365 0.2024539 0.1946600 0.2199281 0.2325023 0.1175474 0.2839705 0.2708665 0.2891808 0.2688745 0.2555377 0.1218729 0.2801221 0.2707482 0.2630723 0.2777877 0.2059836 0.2856749 0.0848301 0.2694456 0.2727852 0.2898134 0.1635150 0.2791916 0.3037007 0.2312443 0.1097628 
Perityle_fosteri_93                        0.2168265 0.0920280 0.2326424 0.3425430 0.3022743 0.1026089 0.2594459 0.0869968 0.3478853 0.2399888 0.2713616 0.0687083 0.1737846 0.1742110 0.0374517 0.1878796 0.1661398 0.2109007 0.2800405 0.1604253 0.1315444 0.0424663 0.0260537 0.1650869 0.0490083 0.0440634 0.1322271 0.1451012 0.2149983 0.6701210 0.2093324 0.2687433 0.2727975 0.0422874 0.2413129 0.0000000 0.2096480 0.1651778 0.0396720 0.0408790 0.2326058 0.0490982 0.2405067 0.2680925 0.0398366 0.0470664 0.0422786 0.2351835 0.0357215 0.0396404 0.0409225 0.1351521 0.0446164 0.0000010 0.1861738 0.0733817 0.0422068 0.0443211 0.1662139 0.2317908 0.2422401 0.0270704 0.0525503 0.2027705 0.1677293 0.2689076 0.2959080 0.1227182 0.0396676 0.0364038 0.2445451 0.0440770 0.0442057 0.0294423 0.0218702 0.2659260 0.0307275 0.0631686 0.1802136 0.1528405 0.2209895 0.2346575 0.0321102 
Perityle_gamon_221                         0.2675104 0.0792846 0.2669405 0.2755459 0.0964961 0.0570799 0.2159214 0.1034520 0.3163924 0.1905378 0.1700637 0.2633726 0.2442382 0.2492688 0.1529841 0.2270321 0.2314311 0.1525823 0.0942504 0.2170071 0.2325075 0.1522833 0.1066958 0.2470282 0.2684993 0.2475212 0.2293014 0.1883486 0.2093094 0.7297242 0.0957970 0.1858105 0.1375572 0.2607358 0.1523701 0.2096480 0.0000000 0.2203660 0.2632004 0.2605010 0.0677948 0.2303952 0.0694202 0.1778751 0.2596420 0.1596071 0.2380606 0.0737157 0.2548827 0.2602953 0.2663502 0.2304558 0.2413367 0.1760025 0.1904883 0.1092823 0.2567552 0.1541184 0.1453216 0.1443041 0.1370112 0.1194380 0.2597911 0.2125603 0.2443318 0.1964830 0.1375806 0.1103933 0.2668221 0.2505121 0.2137109 0.2530764 0.1642045 0.2613930 0.0817088 0.1977393 0.2419344 0.2709897 0.1485524 0.2325724 0.2475785 0.2176898 0.1076395 
Perityle_gentryi_8_san_francisco           0.2754278 0.0965478 0.2344394 0.4213007 0.2358896 0.0867667 0.2921661 0.0972480 0.3872647 0.2718175 0.3316134 0.2309875 0.1906536 0.1885572 0.0952720 0.1563231 0.1892711 0.2215548 0.3162550 0.1488898 0.1679675 0.1351942 0.0417755 0.1886225 0.2348984 0.2176255 0.1610310 0.1221469 0.2704082 0.7471079 0.1501126 0.2471638 0.2771661 0.2305206 0.2504699 0.1651778 0.2203660 0.0000000 0.2282224 0.2142096 0.2459504 0.2300584 0.2572235 0.3214825 0.2294288 0.1224193 0.2027543 0.2558810 0.2227580 0.2311303 0.2253836 0.1608354 0.2043637 0.0000010 0.1196714 0.0736372 0.2225335 0.1164513 0.1693229 0.2280722 0.2355631 0.0383513 0.2240293 0.2359555 0.1678196 0.2889366 0.2998482 0.1282538 0.2295639 0.2170589 0.2724881 0.2191505 0.1408943 0.2261715 0.0350459 0.2865443 0.2189075 0.2379630 0.1723186 0.1762930 0.2126240 0.2821889 0.0469318 
Perityle_gilensis_22_Superstition          0.2778273 0.1100907 0.2964824 0.4057256 0.3000223 0.1062162 0.3132510 0.0965397 0.4095113 0.3312516 0.3464498 0.0767223 0.2221461 0.2144453 0.0240799 0.2370973 0.2349925 0.2498308 0.3499874 0.1941074 0.2002856 0.0480421 0.0493883 0.1974537 0.0532770 0.0612325 0.2104890 0.1549620 0.2554213 0.6519910 0.2273902 0.3251337 0.3247689 0.0425907 0.2867129 0.0396720 0.2632004 0.2282224 0.0000000 0.0348073 0.2870263 0.0444239 0.2963583 0.3369971 0.0459515 0.0375488 0.0426985 0.2869422 0.0379996 0.0448053 0.0381206 0.2104003 0.0579824 0.0000010 0.2033957 0.0771203 0.0418518 0.0403215 0.1725138 0.2472855 0.2560439 0.0466374 0.0524688 0.1981119 0.2514566 0.3409571 0.3401284 0.1207218 0.0615742 0.0222444 0.3172026 0.0601090 0.0351458 0.0402365 0.0251454 0.3337286 0.0354279 0.0638485 0.1774534 0.2023856 0.3079561 0.3256447 0.0467519 
Perityle_gilensis_salensis_225             0.2720601 0.0956511 0.2956303 0.4155374 0.2890022 0.0928418 0.3089191 0.0934333 0.4034156 0.3242729 0.3369265 0.0536935 0.2142255 0.2151966 0.0226739 0.2235484 0.2342653 0.2428785 0.3521138 0.1873581 0.1934300 0.0426295 0.0338246 0.2066958 0.0321533 0.0564603 0.2015633 0.1454458 0.2389194 0.6225797 0.2179685 0.3142729 0.3147488 0.0424366 0.2741691 0.0408790 0.2605010 0.2142096 0.0348073 0.0000000 0.2844696 0.0417914 0.2934009 0.3253602 0.0480700 0.0295468 0.0413908 0.2840663 0.0314299 0.0479242 0.0401944 0.2028243 0.0383405 0.0000010 0.1928292 0.0734493 0.0450036 0.0309457 0.1654736 0.2277043 0.2415554 0.0326184 0.0293818 0.1881993 0.2402744 0.3352208 0.3369315 0.1230891 0.0624518 0.0329588 0.3097634 0.0553470 0.0338510 0.0422533 0.0124618 0.3280730 0.0396993 0.0601922 0.1714167 0.1951538 0.2989428 0.3137154 0.0383752 
Perityle_glaucescens_94                    0.3131239 0.0759909 0.3041586 0.3645040 0.1631005 0.0540091 0.2710958 0.1037743 0.3878234 0.2290052 0.2105028 0.2934265 0.2945646 0.2919635 0.1702425 0.2499829 0.2675388 0.1756828 0.0799399 0.2507971 0.2758817 0.1872542 0.1069689 0.2924128 0.2736420 0.2770885 0.2652411 0.2152476 0.2513260 0.7399778 0.1282252 0.2226187 0.1686180 0.2744281 0.1098231 0.2326058 0.0677948 0.2459504 0.2870263 0.2844696 0.0000000 0.2655427 0.0082242 0.2368094 0.2822090 0.1959728 0.2593776 0.0107293 0.2794371 0.2776608 0.2867224 0.2625794 0.2472846 0.1342308 0.2164117 0.1204912 0.2822076 0.1874010 0.1850672 0.2090244 0.2035752 0.1052424 0.2855538 0.2734431 0.2646557 0.2603251 0.1616242 0.1123647 0.2836168 0.2776016 0.2626780 0.2806250 0.1975011 0.2820595 0.0783868 0.2669202 0.2661988 0.2892016 0.1521073 0.2691102 0.2782418 0.2340301 0.1030141 
Perityle_gracilis_11                       0.2550634 0.1174544 0.2946397 0.3968991 0.3281282 0.1126411 0.2785914 0.0999358 0.3770029 0.3155684 0.3082204 0.0728185 0.2056862 0.2194431 0.0308627 0.2456296 0.2183222 0.2433966 0.3254159 0.1957221 0.1879907 0.0363201 0.0531238 0.2046949 0.0475788 0.0164554 0.1874615 0.1535062 0.2244092 0.6535527 0.2363703 0.2910894 0.2927827 0.0457013 0.2618336 0.0490982 0.2303952 0.2300584 0.0444239 0.0417914 0.2655427 0.0000000 0.2757670 0.3196853 0.0560377 0.0096723 0.0442178 0.2668505 0.0404941 0.0493759 0.0457060 0.1873258 0.0581989 0.4287276 0.2026086 0.0854067 0.0395162 0.0366878 0.1749957 0.2509291 0.2486549 0.0522795 0.0531569 0.2048544 0.2415799 0.3240663 0.3283767 0.1278216 0.0658354 0.0418229 0.2999387 0.0152637 0.0340301 0.0430936 0.0282605 0.3211979 0.0381703 0.0685134 0.1923931 0.1873775 0.2821583 0.3145624 0.0550529 
Perityle_harkerae_31                       0.3181983 0.0795771 0.3135528 0.3591152 0.1768143 0.0572728 0.2721821 0.1005266 0.3848726 0.2387922 0.2262685 0.3043867 0.3018694 0.2959882 0.1780292 0.2610287 0.2741965 0.1824627 0.0856131 0.2536351 0.2802784 0.1946362 0.1111453 0.2981210 0.2821207 0.2881720 0.2745839 0.2241998 0.2509528 0.7126079 0.1394122 0.2317356 0.1738658 0.2839146 0.1124551 0.2405067 0.0694202 0.2572235 0.2963583 0.2934009 0.0082242 0.2757670 0.0000000 0.2428803 0.2913556 0.2050258 0.2691274 0.0105965 0.2870219 0.2885374 0.2942960 0.2754246 0.2575100 0.1342308 0.2278562 0.1267605 0.2951554 0.1965020 0.1923755 0.2131338 0.2082268 0.1115867 0.2965870 0.2741131 0.2744759 0.2662281 0.1638933 0.1173016 0.2953316 0.2886441 0.2671891 0.2917170 0.2063974 0.2944105 0.0817810 0.2727929 0.2804404 0.2984175 0.1522049 0.2782607 0.2904271 0.2446286 0.1076287 
Perityle_hofmeisteria_4_nombre_de_dios     0.3615384 0.0784037 0.3658175 0.4222449 0.2377127 0.0636874 0.3605748 0.1064154 0.4303204 0.3078560 0.2819158 0.3420071 0.3414166 0.3426166 0.2004739 0.3226691 0.3291788 0.2250103 0.3461879 0.2662236 0.3245236 0.2303740 0.1064827 0.3473646 0.3251719 0.3558094 0.3366028 0.2532209 0.2388627 0.7064314 0.1875658 0.2979000 0.3099716 0.3371067 0.2449836 0.2680925 0.1778751 0.3214825 0.3369971 0.3253602 0.2368094 0.3196853 0.2428803 0.0000000 0.3365770 0.2386425 0.3066004 0.2406088 0.3218118 0.3459704 0.3368258 0.3377113 0.2836127 0.3064187 0.2578088 0.1432054 0.3339938 0.2282316 0.2146599 0.2067543 0.2198808 0.1206889 0.3374422 0.2840226 0.3505240 0.3258012 0.3397652 0.1119002 0.3417010 0.3245059 0.3200517 0.3572740 0.2395324 0.3352610 0.0780533 0.3225288 0.3196232 0.3426975 0.1517963 0.3259435 0.3648962 0.3083067 0.1218851 
Perityle_huecosensis_48                    0.2700025 0.1186003 0.2912168 0.4005100 0.3303533 0.1138472 0.3035514 0.0965461 0.4066049 0.3312473 0.3444255 0.0781083 0.2259940 0.2252175 0.0378826 0.2342383 0.2372068 0.2441504 0.3575561 0.1881542 0.2029852 0.0560650 0.0493796 0.2234696 0.0609393 0.0730141 0.2146550 0.1548451 0.2471872 0.6504368 0.2351777 0.3174202 0.3200358 0.0484676 0.2771313 0.0398366 0.2596420 0.2294288 0.0459515 0.0480700 0.2822090 0.0560377 0.2913556 0.3365770 0.0000000 0.0482135 0.0463584 0.2852521 0.0490835 0.0572464 0.0537147 0.2159382 0.0583421 0.0000010 0.2083463 0.0859718 0.0587254 0.0469732 0.1606969 0.2499405 0.2520011 0.0498525 0.0616252 0.1900662 0.2571243 0.3389299 0.3310347 0.1314991 0.0584116 0.0465480 0.3207062 0.0707069 0.0454376 0.0480868 0.0317209 0.3317176 0.0512237 0.0777860 0.1788755 0.2143302 0.3095078 0.3290981 0.0470816 
