83
Amauria_brandeegeana_62                    0.0000000 0.0564653 0.0671490 0.1593337 0.1341918 0.2677220 0.1532571 0.3665938 0.0359418 0.1603837 0.1473773 0.1176947 0.0912464 0.1412716 0.1111314 0.1204493 0.1329021 0.1434188 0.1409360 0.1463562 0.2131642 0.1549307 0.1064901 0.1615752 0.1607521 0.1591542 0.1057692 0.1984441 0.1331500 0.0978711 0.1178347 0.0327938 0.1746941 0.2307268 0.1181376 0.1609887 0.1550110 0.1033282 0.1490005 0.1574512 0.1592426 0.1622114 0.1596145 0.1510545 0.1587578 0.1524588 0.1228744 0.1095203 0.1719532 0.1780481 0.1490805 0.1615702 0.1575375 0.1611826 0.3170153 0.3102835 0.1541031 0.2793053 0.0973843 0.2232822 0.1373787 0.0392680 0.1130444 0.1835299 0.1677997 0.1640511 0.1438072 0.3502178 0.1549307 0.2373371 0.1542381 0.1650410 0.1490492 0.0389708 0.1955847 0.1844514 0.1526303 0.1601169 0.2220384 0.1381235 0.1163796 0.1544434 0.2410727 
Amauria_carterae_99_mesa                   0.0564653 0.0000000 0.0430827 0.0719432 0.0875521 0.1492837 0.1277728 0.2683094 0.0545649 0.0765556 0.0790697 0.0630633 0.0592903 0.1020532 0.0657668 0.0585448 0.0801774 0.0788622 0.0686397 0.0880103 0.2126949 0.0774046 0.0587553 0.0820088 0.0819618 0.0926404 0.0722053 0.1644694 0.1437897 0.0768447 0.0601557 0.0531282 0.0728017 0.1901601 0.0750936 0.0785129 0.0813935 0.0673349 0.0818078 0.0817902 0.0952785 0.0805249 0.0908249 0.0815020 0.0857200 0.0834149 0.0698734 0.0695223 0.0742424 0.0769775 0.0762535 0.0772132 0.0687080 0.0780103 0.3170153 0.2744618 0.0834329 0.1860113 0.0659745 0.2187852 0.0809213 0.0145128 0.0668595 0.0799225 0.0898217 0.0880485 0.0838901 0.2394361 0.0774046 0.1809289 0.0805249 0.0805249 0.0800975 0.0399161 0.0865720 0.0856558 0.0830056 0.0743330 0.1590491 0.0875756 0.0566439 0.0923588 1.2639410 
Amauria_rotundifolia_SRR9119150            0.0671490 0.0430827 0.0000000 0.1412924 0.1200241 0.2601715 0.1456239 0.3633726 0.0427968 0.1487812 0.1418885 0.1291519 0.0827814 0.1145554 0.0968275 0.1180472 0.1494241 0.1479847 0.1330604 0.1549598 0.2333746 0.1462492 0.1010930 0.1613265 0.1473462 0.1637030 0.0881705 0.1712090 0.1711990 0.1011135 0.1394324 0.0420578 0.1690966 0.2328937 0.1055264 0.1540195 0.1446515 0.0844030 0.1493661 0.1486157 0.1518956 0.1569742 0.1528972 0.1433377 0.1491154 0.1465304 0.1298055 0.1069478 0.1648970 0.1661827 0.1304542 0.1494020 0.1457071 0.1390233 0.3170153 0.2651282 0.1531764 0.3078983 0.0790489 0.2304089 0.1142718 0.0140565 0.0967349 0.1701527 0.1457175 0.1485952 0.1681034 0.3202072 0.1462492 0.2289858 0.1481815 0.1620046 0.1449784 0.0361355 0.1638186 0.1682543 0.1507247 0.1459996 0.2295798 0.1433122 0.1013639 0.1270818 0.2410727 
Eutetras_palmeri_63                        0.1593337 0.0719432 0.1412924 0.0000000 0.0449719 0.2439074 0.1798095 0.3842213 0.1524460 0.0611795 0.0692381 0.1772984 0.1451833 0.1925029 0.1622510 0.1718546 0.2133945 0.0605643 0.0519928 0.0689193 0.2474896 0.0655977 0.1707096 0.0803315 0.0690585 0.0734913 0.1412975 0.2057203 0.0781129 0.1471278 0.2826373 0.1479284 0.1435569 0.3954158 0.1642538 0.0645355 0.0898016 0.1530068 0.0685401 0.0651647 0.0834739 0.0640637 0.0790356 0.0908088 0.0653533 0.0616901 0.0477290 0.1630059 0.0732297 0.1116603 0.0628775 0.0653033 0.0607399 0.0679162 0.3170153 0.2730528 0.0646987 0.2709240 0.1406560 0.2308811 0.1402993 0.0210879 0.1742150 0.0793601 0.0630366 0.0731376 0.0454035 0.3335156 0.0655977 0.2666429 0.0629123 0.0835613 0.0661026 0.0387686 0.0938253 0.1005094 0.0668756 0.0825723 0.1818867 0.0628569 0.1458480 0.0852294 0.5499354 
Eutetras_pringlei_149_quer                 0.1341918 0.0875521 0.1200241 0.0449719 0.0000000 0.2214805 0.1522965 0.3305152 0.1507124 0.0582123 0.0606721 0.1168821 0.1361944 0.1297063 0.1287798 0.1409113 0.1385625 0.0630862 0.0602762 0.0684162 0.2324996 0.0642134 0.1159816 0.0655857 0.0651039 0.0688595 0.1321170 0.1496061 0.0764154 0.1422795 0.2257946 0.1478651 0.0689535 0.2236367 0.1377048 0.0587698 0.0787606 0.1278573 0.0667838 0.0655192 0.0841039 0.0629496 0.0773222 0.0788240 0.0653877 0.0656456 0.0479027 0.1466937 0.0602157 0.0612615 0.0580668 0.0615884 0.0576698 0.0600222 0.0000010 0.2739245 0.0668763 0.2547975 0.0941337 0.2275810 0.1222103 0.0335684 0.1337172 0.0627496 0.0669082 0.0635986 0.0649490 0.2445494 0.0642134 0.1840950 0.0642198 0.0641796 0.0606087 0.0559403 0.0621634 0.1041183 0.0666847 0.0759659 0.1056512 0.0693200 0.1304641 0.0656611 0.4525856 
Eutrochium_fistulosum_SRR9119106           0.2677220 0.1492837 0.2601715 0.2439074 0.2214805 0.0000000 0.1942285 0.3381971 0.2680966 0.2394056 0.2367311 0.2517737 0.2258983 0.3143812 0.2881945 0.2366371 0.2643461 0.1983540 0.2026188 0.2122437 0.2999579 0.2428039 0.2779553 0.2455590 0.2521189 0.2260488 0.2731067 0.2762957 0.1269399 0.2513728 0.3746168 0.2658723 0.2754420 0.4045385 0.2975573 0.2222425 0.2456174 0.2334162 0.2467277 0.2440093 0.2460645 0.2301310 0.2187902 0.2487994 0.2522067 0.2506129 0.1282868 0.2357050 0.2503966 0.2791591 0.2259712 0.2544819 0.2284438 0.2403156 0.3170153 0.3319744 0.2343873 0.3212404 0.2944996 0.3953861 0.2729852 0.0824531 0.2660577 0.2604688 0.2307337 0.2470508 0.1620049 0.4724068 0.2428039 0.3905211 0.2504996 0.2551612 0.2306307 0.0911169 0.2594439 0.2526181 0.2318681 0.2363770 0.2930606 0.2082007 0.2823303 0.2312092 1.2251347 
Galeana_pratensis_104_mex                  0.1532571 0.1277728 0.1456239 0.1798095 0.1522965 0.1942285 0.0000000 0.3157488 0.1531764 0.1772035 0.1780320 0.1630544 0.1739293 0.1934760 0.1617323 0.1688733 0.1847677 0.1868625 0.1829916 0.1880283 0.2718390 0.1764436 0.1649793 0.1851422 0.1808822 0.1841958 0.1681198 0.2550158 0.1235478 0.1817880 0.1460877 0.1519999 0.1934075 0.2592760 0.1580478 0.1822948 0.1813599 0.1581047 0.1850031 0.1830098 0.1771456 0.1833784 0.1704341 0.1813078 0.1950918 0.1852853 0.1696358 0.1599411 0.1846670 0.1823116 0.1781911 0.1825320 0.1840401 0.1829032 0.0000010 0.2594866 0.1850189 0.1785101 0.1867918 0.3126598 0.1672280 0.0959778 0.1593835 0.1887818 0.1885329 0.1846666 0.1470659 0.2974915 0.1764436 0.2631946 0.1818408 0.1833784 0.1825341 0.1129848 0.1840803 0.1813317 0.1878930 0.1817293 0.2290614 0.1891808 0.1664763 0.1714771 1.1237693 
Helianthus_annuus_SRR9119062               0.3665938 0.2683094 0.3633726 0.3842213 0.3305152 0.3381971 0.3157488 0.0000000 0.3786034 0.3835601 0.3758636 0.3995782 0.3995803 0.4463944 0.3872267 0.4192468 0.4418889 0.4016344 0.4035712 0.3993731 0.4163509 0.3831081 0.4415673 0.4203890 0.3904889 0.3952237 0.3828675 0.4669525 0.1404935 0.4136169 0.4707787 0.3808871 0.4224440 0.5044208 0.4035416 0.3909515 0.3723157 0.3942267 0.3886576 0.3898093 0.3811976 0.3992947 0.3927971 0.3730878 0.3929016 0.3816206 0.3450605 0.4003576 0.3921180 0.4508098 0.3734473 0.3918460 0.4015121 0.3864652 0.0000010 0.4723937 0.3958582 0.3907660 0.4482913 0.5093075 0.4054228 0.2250277 0.4236224 0.4312966 0.3831335 0.3879483 0.2666784 0.5786353 0.3831081 0.5365551 0.3829669 0.4121623 0.3970035 0.2143351 0.4227578 0.4015150 0.4080591 0.4068618 0.4213027 0.3908040 0.3974631 0.3225246 0.9086262 
Lycapsus_tenuifolius_17                    0.0359418 0.0545649 0.0427968 0.1524460 0.1507124 0.2680966 0.1531764 0.3786034 0.0000000 0.1579200 0.1468776 0.1201339 0.0939385 0.1325406 0.0966574 0.1192768 0.1404909 0.1534978 0.1469719 0.1561421 0.2424023 0.1533298 0.1095770 0.1649739 0.1579947 0.1636345 0.0990783 0.2125597 0.1709299 0.1078164 0.1346531 0.0044364 0.1723452 0.2283409 0.1077644 0.1591840 0.1548060 0.0923880 0.1485530 0.1559080 0.1577428 0.1594817 0.1557769 0.1537055 0.1562294 0.1491582 0.1419667 0.1091105 0.1704583 0.1735882 0.1474684 0.1590379 0.1551183 0.1538482 0.3170153 0.3104752 0.1525572 0.2742181 0.1080867 0.2355730 0.1244559 0.0430188 0.1082550 0.1816293 0.1665131 0.1588694 0.1770653 0.3255640 0.1533298 0.2323601 0.1509251 0.1639349 0.1475283 0.0418915 0.1842333 0.1817783 0.1583115 0.1546543 0.2425798 0.1489503 0.1011636 0.1382619 0.2410727 
Pericome_caudata_50_silver                 0.1603837 0.0765556 0.1487812 0.0611795 0.0582123 0.2394056 0.1772035 0.3835601 0.1579200 0.0000000 0.0754684 0.1771970 0.1509516 0.1979850 0.1595483 0.1861123 0.2220496 0.0662194 0.0578735 0.0740108 0.2544875 0.0733074 0.1786118 0.0851969 0.0769050 0.0813220 0.1420997 0.2008453 0.0545679 0.1541254 0.2871207 0.1562792 0.1499773 0.4052394 0.1705878 0.0705716 0.0950006 0.1571577 0.0711549 0.0742158 0.0920959 0.0708091 0.0881270 0.0958364 0.0718121 0.0674293 0.0543081 0.1724916 0.0847492 0.1185272 0.0683880 0.0737063 0.0638745 0.0742597 0.3170153 0.2591555 0.0708601 0.2671896 0.1462642 0.2210181 0.1486812 0.0210745 0.1744668 0.0873740 0.0667601 0.0693801 0.0484970 0.3363435 0.0733074 0.2729340 0.0680812 0.0885217 0.0709006 0.0416713 0.0959561 0.1073931 0.0731522 0.0880882 0.1783917 0.0702216 0.1537492 0.0903895 0.6316103 
Perityle_ajoensis_204                      0.1473773 0.0790697 0.1418885 0.0692381 0.0606721 0.2367311 0.1780320 0.3758636 0.1468776 0.0754684 0.0000000 0.1580455 0.1476978 0.1751147 0.1613406 0.1843914 0.2103660 0.0221595 0.0252496 0.0402149 0.2639525 0.0370330 0.1504058 0.0543588 0.0574765 0.0446262 0.1306212 0.2242542 0.0708295 0.1534681 0.2858727 0.1452098 0.0924645 0.3779213 0.1759232 0.0259231 0.0773038 0.1540884 0.0412078 0.0383656 0.0866278 0.0343363 0.0864037 0.0798140 0.0350985 0.0352519 0.0042593 0.1748716 0.0425025 0.0698981 0.0073390 0.0514721 0.0314679 0.0708386 0.3170153 0.2861702 0.0384885 0.2698173 0.1348145 0.2308676 0.1453097 0.0174249 0.1677231 0.0676499 0.0738802 0.0846966 0.0259032 0.3439614 0.0370330 0.2684395 0.0364574 0.0587320 0.0273213 0.0301007 0.1068969 0.0998489 0.0426859 0.0865822 0.1745384 0.0371707 0.1453827 0.0840650 0.5720295 
Perityle_ambrosiifolia_67_green            0.1176947 0.0630633 0.1291519 0.1772984 0.1168821 0.2517737 0.1630544 0.3995782 0.1201339 0.1771970 0.1580455 0.0000000 0.0648654 0.1672065 0.0701586 0.1317142 0.1470102 0.1567195 0.1577658 0.1516180 0.1878514 0.1599032 0.0629345 0.1429841 0.1789914 0.1761779 0.1129743 0.1978374 0.1442966 0.1330725 0.1490635 0.1199935 0.1949758 0.2763045 0.1295845 0.1603665 0.1781424 0.0751855 0.1458630 0.1616316 0.1819423 0.1474038 0.1807121 0.1795622 0.1678129 0.1482614 0.1727691 0.1244750 0.1642163 0.1795455 0.1569942 0.1755866 0.1632751 0.1862448 0.3170153 0.2830983 0.1489783 0.2487671 0.1206436 0.2243035 0.1650842 0.0247285 0.1030601 0.1787047 0.1972440 0.1997033 0.1406349 0.1848471 0.1599032 0.1985629 0.1490294 0.1496915 0.1553550 0.0081250 0.1955845 0.1939877 0.1738236 0.1841085 0.2477670 0.1439216 0.1232263 0.1432368 0.2774352 
Perityle_angustifolia_13_Eagle_creek       0.0912464 0.0592903 0.0827814 0.1451833 0.1361944 0.2258983 0.1739293 0.3995803 0.0939385 0.1509516 0.1476978 0.0648654 0.0000000 0.1227369 0.0417885 0.1025656 0.1186039 0.1571024 0.1464477 0.1589057 0.1919420 0.1511045 0.0520414 0.1537465 0.1570006 0.1701971 0.0742992 0.1617586 0.1628101 0.0901169 0.1336906 0.0918605 0.1615996 0.2564925 0.0871126 0.1559224 0.1472144 0.0581461 0.1556763 0.1533060 0.1550264 0.1506521 0.1516775 0.1450838 0.1571403 0.1518126 0.1447072 0.0877746 0.1493331 0.1530381 0.1457336 0.1563532 0.1508563 0.1531007 0.3170153 0.2526021 0.1537014 0.2099716 0.1039545 0.2500842 0.1246093 0.0320177 0.0706450 0.1571683 0.1565217 0.1660618 0.1535727 0.2351868 0.1511045 0.2105674 0.1527246 0.1516160 0.1388865 0.0505192 0.1546365 0.1553724 0.1573305 0.1204288 0.2360471 0.1563501 0.0824703 0.1269253 0.3052345 
Perityle_batopilensis_97                   0.1412716 0.1020532 0.1145554 0.1925029 0.1297063 0.3143812 0.1934760 0.4463944 0.1325406 0.1979850 0.1751147 0.1672065 0.1227369 0.0000000 0.1803997 0.1441429 0.1751383 0.1706795 0.1562432 0.1579215 0.3103502 0.1889177 0.1973228 0.2058008 0.1923389 0.1959514 0.1065608 0.1425668 0.5279115 0.1347622 0.5940670 0.1273867 0.1928733 0.3818887 0.1893409 0.1926774 0.1835091 0.0945399 0.1990345 0.1881585 0.1946982 0.1953007 0.1893620 0.1788969 0.1913395 0.2009816 0.0887461 0.1838037 0.2159970 0.1977975 0.1739229 0.1782419 0.1826505 0.1805549 0.0000010 0.2918343 0.1915839 0.3365070 0.0713616 0.2495276 0.1443645 0.0294658 0.1152333 0.1827624 0.2043150 0.1829599 0.2791638 0.3658892 0.1889177 0.2215148 0.2058468 0.2124208 0.1686482 0.0628939 0.2104862 0.1954652 0.1778608 0.1810498 0.1219422 0.1372114 0.1540835 0.1415382 0.3522238 
Perityle_bisetosa_9                        0.1111314 0.0657668 0.0968275 0.1622510 0.1287798 0.2881945 0.1617323 0.3872267 0.0966574 0.1595483 0.1613406 0.0701586 0.0417885 0.1803997 0.0000000 0.1266866 0.1497067 0.1569126 0.1513254 0.1607648 0.1954260 0.1632554 0.0751942 0.1756376 0.1600549 0.1730055 0.0853794 0.2003830 0.1553401 0.1002130 0.1454438 0.0957430 0.2102916 0.3069024 0.1098361 0.1665402 0.1640744 0.0530404 0.1635529 0.1652613 0.1651147 0.1674394 0.1632389 0.1627456 0.1674593 0.1624270 0.1393715 0.1051358 0.1773880 0.2015354 0.1569170 0.1595779 0.1656944 0.1583225 0.3170153 0.2475238 0.1664127 0.2532559 0.1193657 0.2346982 0.1379636 0.0246198 0.0929077 0.1763981 0.1768361 0.1749691 0.1448867 0.2012022 0.1632554 0.2044642 0.1624764 0.1830334 0.1551240 0.0472143 0.1970938 0.1836117 0.1707606 0.1539315 0.2465425 0.1524920 0.1015343 0.1503147 0.2854210 
Perityle_californica_76_positas            0.1204493 0.0585448 0.1180472 0.1718546 0.1409113 0.2366371 0.1688733 0.4192468 0.1192768 0.1861123 0.1843914 0.1317142 0.1025656 0.1441429 0.1266866 0.0000000 0.1222020 0.1563536 0.1646704 0.1612792 0.2271919 0.1827115 0.1180560 0.1830709 0.1900896 0.1897057 0.1154192 0.1511082 0.1407105 0.0644446 0.1068291 0.1164143 0.2034999 0.2789758 0.1266916 0.1771348 0.1860353 0.1104382 0.1905437 0.1847167 0.1955680 0.1712369 0.1789950 0.1869608 0.1866562 0.1824041 0.1499642 0.1191108 0.1818818 0.2119415 0.1844252 0.1900998 0.1768685 0.1794592 0.3170153 0.1928815 0.1723931 0.2492797 0.1422651 0.2494192 0.1716999 0.0354965 0.1232243 0.1963887 0.1938516 0.2091405 0.1524251 0.2800957 0.1827115 0.2260211 0.1863778 0.1878689 0.1666847 0.0446651 0.2021838 0.1853326 0.1777108 0.1781350 0.2655957 0.1596770 0.1019707 0.1379733 0.2774352 
Perityle_canescens_77                      0.1329021 0.0801774 0.1494241 0.2133945 0.1385625 0.2643461 0.1847677 0.4418889 0.1404909 0.2220496 0.2103660 0.1470102 0.1186039 0.1751383 0.1497067 0.1222020 0.0000000 0.2035371 0.1881247 0.2162859 0.2485945 0.2168922 0.1339333 0.2153775 0.2193514 0.2289316 0.1170713 0.2212717 0.1794834 0.1537071 0.1452714 0.1387549 0.2431459 0.3230804 0.1213418 0.2163714 0.2182344 0.1202557 0.2132802 0.2178198 0.2239354 0.2136268 0.2210943 0.2184258 0.2206378 0.2145609 0.1951450 0.0982838 0.2149703 0.2292723 0.1941957 0.2156731 0.2051111 0.2035499 0.3170153 0.2364565 0.2152806 0.3169840 0.1344254 0.2602870 0.1948496 0.0356282 0.1133583 0.2183860 0.2103203 0.2335187 0.1599161 0.2798776 0.2168922 0.2435565 0.2144959 0.2150144 0.2099123 0.0417149 0.2226137 0.2218251 0.2202373 0.2173470 0.2552023 0.2099103 0.1533165 0.1464189 0.2410727 
Perityle_castillonii_96                    0.1434188 0.0788622 0.1479847 0.0605643 0.0630862 0.1983540 0.1868625 0.4016344 0.1534978 0.0662194 0.0221595 0.1567195 0.1571024 0.1706795 0.1569126 0.1563536 0.2035371 0.0000000 0.0206757 0.0314492 0.2545054 0.0322624 0.1321524 0.0308442 0.0481390 0.0391719 0.1384482 0.2239398 0.0649004 0.1597284 0.2950072 0.1518251 0.0669148 0.3796683 0.1681635 0.0215051 0.0739782 0.1508947 0.0335113 0.0343162 0.0861690 0.0295001 0.0823910 0.0754685 0.0254653 0.0301656 0.0164515 0.1677745 0.0168839 0.0376073 0.0211400 0.0449736 0.0275225 0.0616164 0.3170153 0.2811720 0.0301729 0.2555141 0.1363144 0.2201436 0.1460766 0.0140915 0.1584584 0.0456726 0.0776065 0.0824391 0.0214746 0.3344929 0.0322624 0.2824033 0.0308469 0.0301626 0.0262851 0.0247314 0.0838834 0.0916980 0.0321483 0.0857554 0.1785785 0.0331850 0.1399167 0.0614039 0.5797655 
Perityle_cernua_84                         0.1409360 0.0686397 0.1330604 0.0519928 0.0602762 0.2026188 0.1829916 0.4035712 0.1469719 0.0578735 0.0252496 0.1577658 0.1464477 0.1562432 0.1513254 0.1646704 0.1881247 0.0206757 0.0000000 0.0272429 0.2530798 0.0251928 0.1277983 0.0263863 0.0413359 0.0365815 0.1318303 0.2098272 0.0596668 0.1483392 0.2822990 0.1442830 0.0770194 0.3964793 0.1614184 0.0212301 0.0701426 0.1475604 0.0297392 0.0271918 0.0828738 0.0244853 0.0791141 0.0715885 0.0257270 0.0251522 0.0174039 0.1629014 0.0205563 0.0512879 0.0245809 0.0376400 0.0238331 0.0544118 0.3170153 0.2716949 0.0251438 0.2376342 0.1292378 0.2147428 0.1399417 0.0104135 0.1533308 0.0389719 0.0724256 0.0744507 0.0276463 0.3234029 0.0251928 0.2777947 0.0258033 0.0291004 0.0259369 0.0217976 0.0758883 0.0865263 0.0277063 0.0787931 0.1799832 0.0260567 0.1385523 0.0724275 0.5115035 
Perityle_cfvillosa_25_tin                  0.1463562 0.0880103 0.1549598 0.0689193 0.0684162 0.2122437 0.1880283 0.3993731 0.1561421 0.0740108 0.0402149 0.1516180 0.1589057 0.1579215 0.1607648 0.1612792 0.2162859 0.0314492 0.0272429 0.0000000 0.2577104 0.0364286 0.1311957 0.0226657 0.0579503 0.0491469 0.1395169 0.2304047 0.0703720 0.1679798 0.2922493 0.1543891 0.0793478 0.3698400 0.1697099 0.0357546 0.0804048 0.1546106 0.0291200 0.0384312 0.0939037 0.0231434 0.0884353 0.0800791 0.0303319 0.0220308 0.0252279 0.1655168 0.0429312 0.0389389 0.0307968 0.0554621 0.0327832 0.0711472 0.3170153 0.2957375 0.0232973 0.2718405 0.1437432 0.2364108 0.1541929 0.0360445 0.1599817 0.0576942 0.0775961 0.0898994 0.0229372 0.3355348 0.0364286 0.2816092 0.0226675 0.0220106 0.0280471 0.0137142 0.0912047 0.1074670 0.0219866 0.0917983 0.1872778 0.0250952 0.1508407 0.0668896 0.5397431 
Perityle_cinerea_113_Powell1310            0.2131642 0.2126949 0.2333746 0.2474896 0.2324996 0.2999579 0.2718390 0.4163509 0.2424023 0.2544875 0.2639525 0.1878514 0.1919420 0.3103502 0.1954260 0.2271919 0.2485945 0.2545054 0.2530798 0.2577104 0.0000000 0.2559637 0.1963844 0.2521284 0.2549709 0.2518748 0.2181790 0.3658661 0.1442966 0.2365721 0.0840709 0.2435407 0.2501329 0.0612553 0.2274477 0.2530108 0.2623992 0.2076271 0.2568550 0.2584610 0.2496874 0.2521420 0.2487839 0.2621861 0.2571282 0.2547437 0.2595058 0.2361041 0.2524079 0.2620114 0.2594991 0.2566599 0.2479271 0.2525373 0.8538436 0.2745412 0.2546617 0.3089520 0.2902128 0.0656429 0.2335506 0.2854123 0.2111593 0.2600491 0.2762962 0.2771658 0.2892556 0.0293522 0.2559637 0.2441992 0.2521420 0.2521420 0.2394067 0.3074173 0.2743171 0.2541631 0.2585303 0.2543288 0.2597083 0.2590293 0.2077860 0.2724092 1.2589091 
Perityle_coahuilensis_24                   0.1549307 0.0774046 0.1462492 0.0655977 0.0642134 0.2428039 0.1764436 0.3831081 0.1533298 0.0733074 0.0370330 0.1599032 0.1511045 0.1889177 0.1632554 0.1827115 0.2168922 0.0322624 0.0251928 0.0364286 0.2559637 0.0000000 0.1599103 0.0460363 0.0540998 0.0464268 0.1442649 0.2095463 0.0824618 0.1618434 0.3070522 0.1516917 0.1112132 0.3910099 0.1710635 0.0332615 0.0832552 0.1586610 0.0342602 0.0044722 0.0926511 0.0321943 0.0916019 0.0841823 0.0382532 0.0302305 0.0226466 0.1680325 0.0462130 0.0811949 0.0319695 0.0483034 0.0351002 0.0660909 0.3170153 0.2742950 0.0313695 0.2750629 0.1390379 0.2287026 0.1445455 0.0104313 0.1713265 0.0633584 0.0767238 0.0855889 0.0275951 0.3426207 0.0000010 0.2703298 0.0302363 0.0492151 0.0314587 0.0246337 0.1100025 0.1058428 0.0414973 0.0914496 0.1829486 0.0328021 0.1506346 0.0895353 0.5274043 
Perityle_cochisensis_44_cave_creek         0.1064901 0.0587553 0.1010930 0.1707096 0.1159816 0.2779553 0.1649793 0.4415673 0.1095770 0.1786118 0.1504058 0.0629345 0.0520414 0.1973228 0.0751942 0.1180560 0.1339333 0.1321524 0.1277983 0.1311957 0.1963844 0.1599103 0.0000000 0.1455183 0.1726888 0.1624547 0.1082313 0.1976917 0.1551033 0.1060358 0.1619773 0.1096940 0.1733102 0.3379401 0.1308751 0.1478809 0.1709459 0.0752439 0.1563318 0.1597922 0.1849751 0.1437830 0.1749579 0.1705447 0.1551752 0.1544143 0.1311413 0.1128667 0.1514226 0.1685144 0.1474785 0.1703420 0.1454682 0.1706590 0.3170153 0.2647384 0.1452308 0.2805157 0.1196304 0.2280340 0.1597182 0.0104472 0.1013017 0.1688725 0.1999005 0.1966531 0.1545499 0.2404360 0.1599103 0.2340354 0.1551626 0.1521036 0.1382290 0.0245822 0.1911465 0.1818154 0.1475713 0.1762419 0.2557550 0.1272601 0.1177634 0.1336122 0.2849524 
Perityle_congesta_202                      0.1615752 0.0820088 0.1613265 0.0803315 0.0655857 0.2455590 0.1851422 0.4203890 0.1649739 0.0851969 0.0543588 0.1429841 0.1537465 0.2058008 0.1756376 0.1830709 0.2153775 0.0308442 0.0263863 0.0226657 0.2521284 0.0460363 0.1455183 0.0000000 0.0740149 0.0507905 0.1618492 0.2169646 0.0703000 0.1609709 0.2942775 0.1613716 0.0876774 0.4204823 0.1849650 0.0387181 0.0950803 0.1593489 0.0311922 0.0480628 0.1078021 0.0115737 0.0950072 0.0961383 0.0538742 0.0227622 0.0243232 0.1680830 0.0643298 0.0688390 0.0508253 0.0715048 0.0385952 0.0836068 0.3170153 0.3030791 0.0118729 0.2841080 0.1529564 0.2261981 0.1663584 0.0247994 0.1837124 0.0728414 0.0958850 0.1051362 0.0244999 0.3584184 0.0460363 0.2919700 0.0227667 0.0057560 0.0353977 0.0081250 0.1056492 0.1187622 0.0387016 0.0914079 0.1864922 0.0087841 0.1669067 0.0705892 0.5819899 
Perityle_cordifolia_27                     0.1607521 0.0819618 0.1473462 0.0690585 0.0651039 0.2521189 0.1808822 0.3904889 0.1579947 0.0769050 0.0574765 0.1789914 0.1570006 0.1923389 0.1600549 0.1900896 0.2193514 0.0481390 0.0413359 0.0579503 0.2549709 0.0540998 0.1726888 0.0740149 0.0000000 0.0612116 0.1461625 0.2112380 0.0821426 0.1547398 0.3072300 0.1565256 0.1306594 0.4040999 0.1711047 0.0510344 0.0883352 0.1613797 0.0582405 0.0554879 0.0961437 0.0570753 0.0911920 0.0878177 0.0551527 0.0559674 0.0325786 0.1785219 0.0640331 0.0982781 0.0503790 0.0157891 0.0502581 0.0743515 0.3170153 0.2657614 0.0587063 0.2818985 0.1409243 0.2243890 0.1512834 0.0174345 0.1806145 0.0289910 0.0844210 0.0932042 0.0344465 0.3551720 0.0540998 0.2721576 0.0571813 0.0766687 0.0538751 0.0416227 0.1110608 0.1087729 0.0555275 0.0909295 0.1829204 0.0564267 0.1494876 0.0852385 0.5705180 
Perityle_cordifolia_68_tecolote            0.1591542 0.0926404 0.1637030 0.0734913 0.0688595 0.2260488 0.1841958 0.3952237 0.1636345 0.0813220 0.0446262 0.1761779 0.1701971 0.1959514 0.1730055 0.1897057 0.2289316 0.0391719 0.0365815 0.0491469 0.2518748 0.0464268 0.1624547 0.0507905 0.0612116 0.0000000 0.1590323 0.2331071 0.0705664 0.1674461 0.3207573 0.1619050 0.1013475 0.4119167 0.1851255 0.0400610 0.0912010 0.1691364 0.0501244 0.0483372 0.1014523 0.0464545 0.0992634 0.0920756 0.0469117 0.0452297 0.0323122 0.1849846 0.0590427 0.0733743 0.0391080 0.0575776 0.0406956 0.0781324 0.3170153 0.2734009 0.0470796 0.2862676 0.1466277 0.2236757 0.1596478 0.0245828 0.1831853 0.0588831 0.0916289 0.0969469 0.0355113 0.3460901 0.0464268 0.2998336 0.0464761 0.0533704 0.0422859 0.0306085 0.0995995 0.1160090 0.0491653 0.1001452 0.1904538 0.0468991 0.1600356 0.0792426 0.5934699 
Perityle_coronopifolia_28_patagonia        0.1057692 0.0722053 0.0881705 0.1412975 0.1321170 0.2731067 0.1681198 0.3828675 0.0990783 0.1420997 0.1306212 0.1129743 0.0742992 0.1065608 0.0853794 0.1154192 0.1170713 0.1384482 0.1318303 0.1395169 0.2181790 0.1442649 0.1082313 0.1618492 0.1461625 0.1590323 0.0000000 0.1762352 0.1476108 0.0878512 0.1366348 0.0964316 0.2047547 0.3489884 0.0933460 0.1458101 0.1469616 0.0618350 0.1409016 0.1466789 0.1463406 0.1445846 0.1474223 0.1450431 0.1438721 0.1395001 0.1154780 0.0928585 0.1490372 0.1905451 0.1319358 0.1431449 0.1438594 0.1432337 0.3170153 0.3000652 0.1440700 0.2142223 0.0756371 0.2494097 0.1039193 0.0247774 0.0391620 0.1645633 0.1586307 0.1645240 0.1502920 0.2630122 0.1442649 0.1983093 0.1429142 0.1641981 0.1323128 0.0504996 0.1760853 0.1549410 0.1458723 0.1469373 0.1954596 0.1328950 0.0826182 0.1429964 1.1752007 
Perityle_crassifolia_70_ventanas           0.1984441 0.1644694 0.1712090 0.2057203 0.1496061 0.2762957 0.2550158 0.4669525 0.2125597 0.2008453 0.2242542 0.1978374 0.1617586 0.1425668 0.2003830 0.1511082 0.2212717 0.2239398 0.2098272 0.2304047 0.3658661 0.2095463 0.1976917 0.2169646 0.2112380 0.2331071 0.1762352 0.0000000 0.4575437 0.2100699 0.2384092 0.2122951 0.2224723 0.2947228 0.2026537 0.2226801 0.2216223 0.1767174 0.2213987 0.2096874 0.2203091 0.2217375 0.2181073 0.2217471 0.2239314 0.2217012 0.1845580 0.1747316 0.2190035 0.2169950 0.2171902 0.2116485 0.2146714 0.2053137 1.6789874 0.2665949 0.2192611 0.4080017 0.1084826 0.2992984 0.2085774 0.0916228 0.1440217 0.2160135 0.1983699 0.1922898 0.2824314 0.4256827 0.2095463 0.0829424 0.2168041 0.2189293 0.2130894 0.1033100 0.2034874 0.2181489 0.2211803 0.2163112 0.1664151 0.2233863 0.2025247 0.1670701 0.2863883 
Perityle_crassifolia_74_playa_balandra     0.1331500 0.1437897 0.1711990 0.0781129 0.0764154 0.1269399 0.1235478 0.1404935 0.1709299 0.0545679 0.0708295 0.1442966 0.1628101 0.5279115 0.1553401 0.1407105 0.1794834 0.0649004 0.0596668 0.0703720 0.1442966 0.0824618 0.1551033 0.0703000 0.0821426 0.0705664 0.1476108 0.4575437 0.0000000 0.1477112 0.1540173 0.1548908 0.0649004 0.1274843 0.1981479 0.0649004 0.0594678 0.1385965 0.0759616 0.0883788 0.0650744 0.0703000 0.0592156 0.0650789 0.0761759 0.0703000 0.0708295 0.1851097 0.0704725 0.0766388 0.0708295 0.0825433 0.0766869 0.0819847 0.0000010 0.0000010 0.0703000 0.0646570 0.0000010 0.3125758 0.1789232 0.0000010 0.1785000 0.0819266 0.0651114 0.0718126 0.0706559 0.1573402 0.0824618 0.1479779 0.0703000 0.0703000 0.0708295 0.0000010 0.0711058 0.0536383 0.0649004 0.0539301 0.0819642 0.0758839 0.1552186 0.0651755 0.0000010 
Perityle_cuneata_34_cuneata_San_antonio    0.0978711 0.0768447 0.1011135 0.1471278 0.1422795 0.2513728 0.1817880 0.4136169 0.1078164 0.1541254 0.1534681 0.1330725 0.0901169 0.1347622 0.1002130 0.0644446 0.1537071 0.1597284 0.1483392 0.1679798 0.2365721 0.1618434 0.1060358 0.1609709 0.1547398 0.1674461 0.0878512 0.2100699 0.1477112 0.0000000 0.0761713 0.1052550 0.1722501 0.2856041 0.1101926 0.1595198 0.1591761 0.0981670 0.1655026 0.1643853 0.1629357 0.1626708 0.1618626 0.1586380 0.1628057 0.1601906 0.1551342 0.1087099 0.1763074 0.1582880 0.1558464 0.1572564 0.1580854 0.1538786 0.3170153 0.2805361 0.1632444 0.3374128 0.1240124 0.2694133 0.1407181 0.0578473 0.0862131 0.1616871 0.1695651 0.1665329 0.1554377 0.2926624 0.1618434 0.2080430 0.1625421 0.1607141 0.1491424 0.0739197 0.1627011 0.1719548 0.1661988 0.1545594 0.2448639 0.1646160 0.0919687 0.1289234 0.2636439 
Perityle_cuneata_4                         0.1178347 0.0601557 0.1394324 0.2826373 0.2257946 0.3746168 0.1460877 0.4707787 0.1346531 0.2871207 0.2858727 0.1490635 0.1336906 0.5940670 0.1454438 0.1068291 0.1452714 0.2950072 0.2822990 0.2922493 0.0840709 0.3070522 0.1619773 0.2942775 0.3072300 0.3207573 0.1366348 0.2384092 0.1540173 0.0761713 0.0000000 0.1259266 0.3478329 0.2182710 0.1368220 0.2919800 0.2854168 0.1488400 0.2972198 0.3096049 0.2939719 0.2894687 0.2832272 0.2909986 0.2991327 0.2877272 0.2838342 0.1434835 0.3002292 0.3087296 0.2904726 0.3077752 0.2899461 0.3057176 0.0000010 0.0000010 0.2919705 0.2393397 0.5113954 0.7060774 0.2460968 0.0000010 0.1360892 0.3115733 0.2968346 0.3183940 0.2241816 0.1597479 0.3070522 0.1281677 0.2969602 0.2917224 0.2756961 0.0000010 0.2910632 0.2801825 0.3025521 0.2961301 0.3523205 0.2917224 0.1395757 0.2710780 0.0587625 
Perityle_discoidea_81                      0.0327938 0.0531282 0.0420578 0.1479284 0.1478651 0.2658723 0.1519999 0.3808871 0.0044364 0.1562792 0.1452098 0.1199935 0.0918605 0.1273867 0.0957430 0.1164143 0.1387549 0.1518251 0.1442830 0.1543891 0.2435407 0.1516917 0.1096940 0.1613716 0.1565256 0.1619050 0.0964316 0.2122951 0.1548908 0.1052550 0.1259266 0.0000000 0.1706828 0.2271666 0.1061300 0.1574066 0.1531434 0.0894725 0.1469215 0.1542602 0.1552384 0.1556748 0.1530726 0.1520728 0.1545954 0.1456715 0.1400219 0.1073020 0.1686503 0.1719298 0.1458477 0.1575833 0.1534583 0.1512978 0.3170153 0.3220057 0.1489051 0.2707890 0.1030859 0.2339222 0.1235856 0.0429351 0.1047779 0.1801448 0.1626990 0.1564144 0.1743933 0.3260120 0.1516917 0.2321056 0.1474332 0.1603565 0.1458230 0.0446251 0.1815032 0.1791311 0.1566013 0.1508983 0.2379926 0.1452655 0.1013232 0.1345897 0.2410727 
Perityle_dissecta_201                      0.1746941 0.0728017 0.1690966 0.1435569 0.0689535 0.2754420 0.1934075 0.4224440 0.1723452 0.1499773 0.0924645 0.1949758 0.1615996 0.1928733 0.2102916 0.2034999 0.2431459 0.0669148 0.0770194 0.0793478 0.2501329 0.1112132 0.1733102 0.0876774 0.1306594 0.1013475 0.2047547 0.2224723 0.0649004 0.1722501 0.3478329 0.1706828 0.0000000 0.4523145 0.2188806 0.0860591 0.1504947 0.2017992 0.1096906 0.1141981 0.1612888 0.0980664 0.1524177 0.1510156 0.1074846 0.1056862 0.0437741 0.2043981 0.1141541 0.1072813 0.0937938 0.1267059 0.0963026 0.1325384 0.3170153 0.2716949 0.0960031 0.3468213 0.1658047 0.2147428 0.1898425 0.0069371 0.2328315 0.1293072 0.1601459 0.1571903 0.0384620 0.4238704 0.1112132 0.3667368 0.1063447 0.0997728 0.0940091 0.0218435 0.1642658 0.1682836 0.0937568 0.1413140 0.2459649 0.0694062 0.1909617 0.1082224 0.6202767 
Perityle_emoryi_47_punta_san_jose          0.2307268 0.1901601 0.2328937 0.3954158 0.2236367 0.4045385 0.2592760 0.5044208 0.2283409 0.4052394 0.3779213 0.2763045 0.2564925 0.3818887 0.3069024 0.2789758 0.3230804 0.3796683 0.3964793 0.3698400 0.0612553 0.3910099 0.3379401 0.4204823 0.4040999 0.4119167 0.3489884 0.2947228 0.1274843 0.2856041 0.2182710 0.2271666 0.4523145 0.0000000 0.3101024 0.4078970 0.3943592 0.3214140 0.3986934 0.3993521 0.3908181 0.4115983 0.4018437 0.3935380 0.4014048 0.4008175 0.3365547 0.3122041 0.3962567 0.4576059 0.3840848 0.4008113 0.3994361 0.3866407 0.8538436 0.3162280 0.4117711 0.3942965 0.2775879 0.0823847 0.3603425 0.1890829 0.3312818 0.4323876 0.4159942 0.4110085 0.2608756 0.2338036 0.3910099 0.3579187 0.4033130 0.4377235 0.3916225 0.1933257 0.4580482 0.3876201 0.4060746 0.4010096 0.3924496 0.3705748 0.3108292 0.3405175 0.1546933 
Perityle_feddemae_99                       0.1181376 0.0750936 0.1055264 0.1642538 0.1377048 0.2975573 0.1580478 0.4035416 0.1077644 0.1705878 0.1759232 0.1295845 0.0871126 0.1893409 0.1098361 0.1266916 0.1213418 0.1681635 0.1614184 0.1697099 0.2274477 0.1710635 0.1308751 0.1849650 0.1711047 0.1851255 0.0933460 0.2026537 0.1981479 0.1101926 0.1368220 0.1061300 0.2188806 0.3101024 0.0000000 0.1759918 0.1717282 0.1046158 0.1736784 0.1730803 0.1402090 0.1752352 0.1372464 0.1724986 0.1761799 0.1703163 0.1622030 0.0273848 0.1916916 0.2162787 0.1748503 0.1740441 0.1765156 0.1690894 0.3170153 0.2604412 0.1752685 0.3078957 0.1324157 0.2274733 0.1309632 0.0471378 0.1001719 0.1930860 0.1853146 0.1826669 0.1664199 0.2946406 0.1710635 0.2043715 0.1717855 0.1895535 0.1684931 0.0540200 0.1989273 0.1795304 0.1726941 0.1628461 0.2605416 0.1588013 0.1113540 0.1384360 0.2659537 
Perityle_fosteri_93                        0.1609887 0.0785129 0.1540195 0.0645355 0.0587698 0.2222425 0.1822948 0.3909515 0.1591840 0.0705716 0.0259231 0.1603665 0.1559224 0.1926774 0.1665402 0.1771348 0.2163714 0.0215051 0.0212301 0.0357546 0.2530108 0.0332615 0.1478809 0.0387181 0.0510344 0.0400610 0.1458101 0.2226801 0.0649004 0.1595198 0.2919800 0.1574066 0.0860591 0.4078970 0.1759918 0.0000000 0.0818607 0.1608872 0.0369408 0.0345237 0.0944215 0.0340219 0.0900512 0.0841647 0.0312891 0.0313907 0.0154810 0.1734566 0.0288741 0.0585628 0.0231791 0.0474567 0.0273730 0.0690800 0.3170153 0.2718183 0.0315066 0.2679333 0.1402644 0.2240648 0.1540232 0.0175212 0.1682516 0.0493540 0.0797169 0.0857284 0.0181986 0.3276613 0.0332615 0.2794659 0.0320016 0.0422021 0.0297599 0.0274502 0.0959348 0.0963799 0.0368843 0.0903838 0.1828355 0.0336272 0.1495576 0.0736978 0.5797655 
Perityle_gamon_221                         0.1550110 0.0813935 0.1446515 0.0898016 0.0787606 0.2456174 0.1813599 0.3723157 0.1548060 0.0950006 0.0773038 0.1781424 0.1472144 0.1835091 0.1640744 0.1860353 0.2182344 0.0739782 0.0701426 0.0804048 0.2623992 0.0832552 0.1709459 0.0950803 0.0883352 0.0912010 0.1469616 0.2216223 0.0594678 0.1591761 0.2854168 0.1531434 0.1504947 0.3943592 0.1717282 0.0818607 0.0000000 0.1606791 0.0844437 0.0842240 0.0766644 0.0851158 0.0734320 0.0108126 0.0829777 0.0804818 0.0492949 0.1709893 0.0914646 0.1203616 0.0745808 0.0821907 0.0802032 0.0905163 0.9129131 0.2748280 0.0838091 0.2918414 0.1254544 0.2272099 0.1527843 0.0353924 0.1731379 0.0973657 0.0940512 0.1033669 0.0660629 0.3503706 0.0832552 0.2802995 0.0810915 0.1010229 0.0775792 0.0445975 0.1301428 0.0941995 0.0834600 0.0711639 0.1531130 0.0734109 0.1573436 0.0988953 0.7002770 
Perityle_gentryi_8_san_francisco           0.1033282 0.0673349 0.0844030 0.1530068 0.1278573 0.2334162 0.1581047 0.3942267 0.0923880 0.1571577 0.1540884 0.0751855 0.0581461 0.0945399 0.0530404 0.1104382 0.1202557 0.1508947 0.1475604 0.1546106 0.2076271 0.1586610 0.0752439 0.1593489 0.1613797 0.1691364 0.0618350 0.1767174 0.1385965 0.0981670 0.1488400 0.0894725 0.2017992 0.3214140 0.1046158 0.1608872 0.1606791 0.0000000 0.1546421 0.1596487 0.1648686 0.1569444 0.1636130 0.1585573 0.1603363 0.1557578 0.1424245 0.1011978 0.1652098 0.1880011 0.1559156 0.1584668 0.1581026 0.1524949 0.3170153 0.2918343 0.1562610 0.2053461 0.0656208 0.2407493 0.1259187 0.0246658 0.0680867 0.1636418 0.1787000 0.1725667 0.1474820 0.2297615 0.1586610 0.1986714 0.1594069 0.1654408 0.1431587 0.0474650 0.1757478 0.1735447 0.1567069 0.1610787 0.2162679 0.1497725 0.0923940 0.1246781 0.3330265 
Perityle_gilensis_22_Superstition          0.1490005 0.0818078 0.1493661 0.0685401 0.0667838 0.2467277 0.1850031 0.3886576 0.1485530 0.0711549 0.0412078 0.1458630 0.1556763 0.1990345 0.1635529 0.1905437 0.2132802 0.0335113 0.0297392 0.0291200 0.2568550 0.0342602 0.1563318 0.0311922 0.0582405 0.0501244 0.1409016 0.2213987 0.0759616 0.1655026 0.2972198 0.1469215 0.1096906 0.3986934 0.1736784 0.0369408 0.0844437 0.1546421 0.0000000 0.0349589 0.0938022 0.0173288 0.0941852 0.0847489 0.0393940 0.0162882 0.0269622 0.1692598 0.0503342 0.0823090 0.0363927 0.0554090 0.0343726 0.0685984 0.3170153 0.2846346 0.0168920 0.2622719 0.1501065 0.2249513 0.1490239 0.0211302 0.1725716 0.0694781 0.0787045 0.0848041 0.0244656 0.3490731 0.0342602 0.2714794 0.0162913 0.0357911 0.0338400 0.0081256 0.1131856 0.1089161 0.0426697 0.0919608 0.1819102 0.0189993 0.1518958 0.0851809 0.5700215 
Perityle_gilensis_salensis_225             0.1574512 0.0817902 0.1486157 0.0651647 0.0655192 0.2440093 0.1830098 0.3898093 0.1559080 0.0742158 0.0383656 0.1616316 0.1533060 0.1881585 0.1652613 0.1847167 0.2178198 0.0343162 0.0271918 0.0384312 0.2584610 0.0044722 0.1597922 0.0480628 0.0554879 0.0483372 0.1466789 0.2096874 0.0883788 0.1643853 0.3096049 0.1542602 0.1141981 0.3993521 0.1730803 0.0345237 0.0842240 0.1596487 0.0349589 0.0000000 0.0936093 0.0340765 0.0923542 0.0851435 0.0395523 0.0320757 0.0253363 0.1690209 0.0474375 0.0821261 0.0333687 0.0496522 0.0364115 0.0669941 0.3170153 0.2742950 0.0332020 0.2769949 0.1404071 0.2287026 0.1458599 0.0104313 0.1738244 0.0629610 0.0777405 0.0858890 0.0307480 0.3447885 0.0044722 0.2724124 0.0320820 0.0512160 0.0326949 0.0246337 0.1096984 0.1068670 0.0433923 0.0921750 0.1852707 0.0354624 0.1519139 0.0915551 0.5274043 
Perityle_glaucescens_94                    0.1592426 0.0952785 0.1518956 0.0834739 0.0841039 0.2460645 0.1771456 0.3811976 0.1577428 0.0920959 0.0866278 0.1819423 0.1550264 0.1946982 0.1651147 0.1955680 0.2239354 0.0861690 0.0828738 0.0939037 0.2496874 0.0926511 0.1849751 0.1078021 0.0961437 0.1014523 0.1463406 0.2203091 0.0650744 0.1629357 0.2939719 0.1552384 0.1612888 0.3908181 0.1402090 0.0944215 0.0766644 0.1648686 0.0938022 0.0936093 0.0000000 0.0948823 0.0048233 0.0757225 0.0928530 0.0894499 0.0686808 0.1510740 0.1058364 0.1350313 0.0818310 0.0947622 0.0886189 0.1006536 0.3170153 0.2498257 0.0942427 0.2828661 0.1464802 0.2144582 0.1505886 0.0503293 0.1828973 0.1113869 0.0933084 0.0968777 0.0762703 0.3385743 0.0926511 0.2830359 0.0907201 0.1119185 0.0888955 0.0475111 0.1234773 0.0899910 0.0958999 0.0592926 0.1660420 0.0854523 0.1576732 0.0902073 0.5162070 
Perityle_gracilis_11                       0.1622114 0.0805249 0.1569742 0.0640637 0.0629496 0.2301310 0.1833784 0.3992947 0.1594817 0.0708091 0.0343363 0.1474038 0.1506521 0.1953007 0.1674394 0.1712369 0.2136268 0.0295001 0.0244853 0.0231434 0.2521420 0.0321943 0.1437830 0.0115737 0.0570753 0.0464545 0.1445846 0.2217375 0.0703000 0.1626708 0.2894687 0.1556748 0.0980664 0.4115983 0.1752352 0.0340219 0.0851158 0.1569444 0.0173288 0.0340765 0.0948823 0.0000000 0.0904237 0.0860017 0.0364046 0.0053237 0.0225515 0.1664881 0.0333678 0.0673047 0.0319220 0.0534241 0.0318243 0.0715651 0.3170153 0.2941619 0.0065090 0.2574354 0.1467140 0.2305350 0.1549164 0.0211906 0.1634770 0.0553729 0.0778041 0.0910165 0.0213772 0.3319705 0.0321943 0.2766877 0.0071044 0.0161193 0.0316648 0.0054039 0.0950690 0.0989699 0.0375452 0.0915779 0.1827362 0.0103243 0.1550557 0.0745258 0.5819899 
Perityle_harkerae_31                       0.1596145 0.0908249 0.1528972 0.0790356 0.0773222 0.2187902 0.1704341 0.3927971 0.1557769 0.0881270 0.0864037 0.1807121 0.1516775 0.1893620 0.1632389 0.1789950 0.2210943 0.0823910 0.0791141 0.0884353 0.2487839 0.0916019 0.1749579 0.0950072 0.0911920 0.0992634 0.1474223 0.2181073 0.0592156 0.1618626 0.2832272 0.1530726 0.1524177 0.4018437 0.1372464 0.0900512 0.0734320 0.1636130 0.0941852 0.0923542 0.0048233 0.0904237 0.0000000 0.0728451 0.0912063 0.0900799 0.0657315 0.1452310 0.0886015 0.1255038 0.0805409 0.0904620 0.0849642 0.0969976 0.3170153 0.2553877 0.0911054 0.2668629 0.1403330 0.2138577 0.1466763 0.0467036 0.1717352 0.0925782 0.0915336 0.0946709 0.0678513 0.3163026 0.0916019 0.2822370 0.0907259 0.0995752 0.0884179 0.0474964 0.1055724 0.0756771 0.0908251 0.0540514 0.1640469 0.0832391 0.1540457 0.0796781 0.5207743 
Perityle_hofmeisteria_4_nombre_de_dios     0.1510545 0.0815020 0.1433377 0.0908088 0.0788240 0.2487994 0.1813078 0.3730878 0.1537055 0.0958364 0.0798140 0.1795622 0.1450838 0.1788969 0.1627456 0.1869608 0.2184258 0.0754685 0.0715885 0.0800791 0.2621861 0.0841823 0.1705447 0.0961383 0.0878177 0.0920756 0.1450431 0.2217471 0.0650789 0.1586380 0.2909986 0.1520728 0.1510156 0.3935380 0.1724986 0.0841647 0.0108126 0.1585573 0.0847489 0.0851435 0.0757225 0.0860017 0.0728451 0.0000000 0.0852541 0.0809500 0.0502742 0.1737820 0.0999456 0.1210814 0.0767411 0.0817585 0.0808770 0.0922300 0.9129131 0.2667011 0.0856308 0.2981362 0.1189885 0.2232241 0.1507239 0.0353301 0.1725990 0.0971713 0.0939154 0.1041428 0.0695650 0.3554120 0.0841823 0.2811309 0.0829044 0.1020041 0.0800242 0.0445353 0.1313111 0.0999118 0.0844588 0.0716363 0.1517166 0.0740952 0.1561083 0.1000311 0.6810466 
Perityle_huecosensis_48                    0.1587578 0.0857200 0.1491154 0.0653533 0.0653877 0.2522067 0.1950918 0.3929016 0.1562294 0.0718121 0.0350985 0.1678129 0.1571403 0.1913395 0.1674593 0.1866562 0.2206378 0.0254653 0.0257270 0.0303319 0.2571282 0.0382532 0.1551752 0.0538742 0.0551527 0.0469117 0.1438721 0.2239314 0.0761759 0.1628057 0.2991327 0.1545954 0.1074846 0.4014048 0.1761799 0.0312891 0.0829777 0.1603363 0.0393940 0.0395523 0.0928530 0.0364046 0.0912063 0.0852541 0.0000000 0.0336112 0.0181170 0.1763374 0.0394919 0.0770744 0.0286506 0.0499519 0.0298396 0.0711811 0.3170153 0.2898636 0.0366824 0.2727787 0.1443393 0.2410649 0.1524785 0.0175385 0.1755837 0.0637882 0.0757091 0.0847008 0.0182155 0.3555925 0.0382532 0.2795344 0.0347787 0.0557095 0.0295247 0.0274760 0.1109852 0.1072404 0.0290440 0.0910665 0.1799065 0.0352694 0.1522735 0.0842889 0.5344072 
