85
Amauria_brandeegeana_62                    0.0000000 0.0000010 0.0461332 0.1528643 0.1199533 0.0000010 0.1186892 0.1376830 0.1935601 0.0992860 0.0857441 0.0787623 0.0733524 0.0762948 0.1513242 0.0719000 0.0804977 0.1049565 0.0781940 0.0873038 0.0672371 0.0921889 0.0488366 0.1098311 0.0722760 0.1053957 0.0859532 0.4535493 0.3565566 0.1046438 0.1180570 0.0913051 0.0833252 0.3003686 0.0844123 0.0725362 0.0899277 0.0807585 0.0830427 0.0815146 0.0762407 0.0890089 0.7225054 0.0752967 0.0852341 0.0000010 0.1091403 0.0764746 0.1076046 0.0000010 0.0716956 0.0746149 0.0768247 0.0818589 0.0789681 0.0748957 0.0850367 0.0705810 0.1132515 0.1068743 0.1901074 0.0000010 0.0894373 0.0700486 0.0753950 0.0711496 0.0866901 0.0912652 0.1025357 0.0840432 0.0901786 0.0704874 0.1088003 0.1068806 0.1026645 0.0820672 0.0770151 0.0862486 0.0000010 0.0894780 0.0757606 0.0000010 0.1012516 0.0951580 0.0730418 
Amauria_carterae_99_mesa                   0.0000010 0.0000000 0.0544731 0.2474617 0.1251980 0.0907073 0.1783925 0.1139722 0.2762637 0.5112253 0.1248414 0.1233125 0.1236437 0.1224537 0.1088987 0.1234123 0.1230060 0.1582573 0.1226673 0.1165463 0.1122045 0.1197476 0.1222524 0.1123144 0.1842731 0.1297529 0.1188119 0.1198599 0.1063046 0.1351975 0.1636011 0.2546025 0.1238131 0.1378266 0.1197890 0.0679197 0.1265139 0.1181351 0.1220722 0.1238560 0.1142607 0.1122722 0.1378651 0.1217069 0.1283203 0.1277313 0.1136203 0.1204944 0.1183483 0.1292536 0.1156805 0.1117464 0.1168874 0.1216010 0.1142587 0.3391516 0.1120117 0.1196005 0.1220357 0.1220174 0.1153443 0.1036811 0.1562009 0.1123321 0.1213559 0.1135173 0.1175515 0.1229845 0.2552142 0.0827274 0.1428133 0.1156593 0.1341080 0.1231260 0.1209066 0.1308567 0.1021219 0.1250777 0.1182876 0.1304388 0.1213732 0.0838199 0.1250073 0.1234831 0.0848631 
Amauria_rotundifolia_SRR9119150            0.0461332 0.0544731 0.0000000 0.2445757 0.1807054 0.1052301 0.1901809 0.1404061 0.3584215 0.1972582 0.1494086 0.1659724 0.1571927 0.1596609 0.1789320 0.1432675 0.1693875 0.2123404 0.1553212 0.1732306 0.1500792 0.1688382 0.1080869 0.1641554 0.2187141 0.1739365 0.1644393 0.1586110 0.1231626 0.1524780 0.1529330 0.1970314 0.1597807 0.2379420 0.1762617 0.0945792 0.1680218 0.1544739 0.1790421 0.1579995 0.1698581 0.1584415 0.1683662 0.1485296 0.1660393 0.1672835 0.1663433 0.1533293 0.1690339 0.1539863 0.1500854 0.1828716 0.1217633 0.1603106 0.1571922 0.1796102 0.1313697 0.1405107 0.1729184 0.1713022 0.1316531 0.0891099 0.1685027 0.0973773 0.1623369 0.1491041 0.1665570 0.1632820 0.1933377 0.1228562 0.1875668 0.1565015 0.1660421 0.1714063 0.1727798 0.1792849 0.0928226 0.1646430 0.1712959 0.1635654 0.1632337 0.0751890 0.1721465 0.1466566 0.1363067 
Conoclinium_coelestinum_SRR9119114         0.1528643 0.2474617 0.2445757 0.0000000 0.2857571 0.2002933 0.2243057 0.1668812 0.3756178 0.2360882 0.2599553 0.2509256 0.2466673 0.2536968 0.2538091 0.2282447 0.2687840 0.3144766 0.2486089 0.2602780 0.2419571 0.2599106 0.1678647 0.2560289 0.3254170 0.2675681 0.2595008 0.2858384 0.1990326 0.2597801 0.2275205 0.2607928 0.2631275 0.3278765 0.2610105 0.2046261 0.2727767 0.2537774 0.2702131 0.2421036 0.2712516 0.2555180 0.3042153 0.2455086 0.2763794 0.3043438 0.2621904 0.2447703 0.2647521 0.2919219 0.2475030 0.2587398 0.2286711 0.2576614 0.2558639 0.2304930 0.2316717 0.2156268 0.2650813 0.2680307 0.2003763 0.1680580 0.2325709 0.1886139 0.2488529 0.2105787 0.2660234 0.2255727 0.2416161 0.2348889 0.2671706 0.2503121 0.2653399 0.2674325 0.2675333 0.2710790 0.1874104 0.2257999 0.2888790 0.2500528 0.2490104 0.1725425 0.2668641 0.2596092 0.2279946 
Eutetras_palmeri_63                        0.1199533 0.1251980 0.1807054 0.2857571 0.0000000 0.0262407 0.1800842 0.1820140 0.4233436 0.1803670 0.0920599 0.1596499 0.1563569 0.1515744 0.1563441 0.1710281 0.1947743 0.2188747 0.1489498 0.1695000 0.1400306 0.1587149 0.1086319 0.1519962 0.2179443 0.1644012 0.1598874 0.1825195 0.1389342 0.1622962 0.1438102 0.1947532 0.1506977 0.2319856 0.1708155 0.1457592 0.2050555 0.1503585 0.1883986 0.1661238 0.1504899 0.1554752 0.1929411 0.1500460 0.2113661 0.1943747 0.1532131 0.1554638 0.1607491 0.1801660 0.1474090 0.1734819 0.1497578 0.1554930 0.1549127 0.1584146 0.1494571 0.1464927 0.1597457 0.1609867 0.1556899 0.1210080 0.1591606 0.1518478 0.1609188 0.1498876 0.1554841 0.0995845 0.1594087 0.1001261 0.1779451 0.1541702 0.1598927 0.1629337 0.1631962 0.1869589 0.1072425 0.1033403 0.1923605 0.1631377 0.1582982 0.1016017 0.1626330 0.1525089 0.1183213 
Eutetras_pringlei_149_quer                 0.0000010 0.0907073 0.1052301 0.2002933 0.0262407 0.0000000 0.1751452 0.1767114 0.2338664 0.0000010 0.0627983 0.1426942 0.1323997 0.1226062 0.1161912 0.1470785 0.1275613 0.1271559 0.1298393 0.1339730 0.1272394 0.1282514 0.1990474 0.1299228 0.1336705 0.1333203 0.1307500 0.1323723 0.0953049 0.1381240 0.0000010 0.5471418 0.1167112 0.1728589 0.1366680 0.1095933 0.1285066 0.1267208 0.1259311 0.1411774 0.1217332 0.1346055 0.1220526 0.1277246 0.1244227 0.1233571 0.1249139 0.1301667 0.1286739 0.1220221 0.1153993 0.1252655 0.1298748 0.1308367 0.1194932 0.2988819 0.1288931 0.1258137 0.1273088 0.1295533 0.1060055 0.1520050 0.1225956 0.1181722 0.1354697 0.0955061 0.1372914 0.0991406 0.2461422 0.0939291 0.1019744 0.1297665 0.1402775 0.1297926 0.1273240 0.1290613 0.0820893 0.1008855 0.0929133 0.1309194 0.1305205 0.1039122 0.1321129 0.1197304 0.1027926 
Eutrochium_fistulosum_SRR9119106           0.1186892 0.1783925 0.1901809 0.2243057 0.1800842 0.1751452 0.0000000 0.1865461 0.3614629 0.1838117 0.1779706 0.1610898 0.1586331 0.1562426 0.1621117 0.1575894 0.1874922 0.2409598 0.1684811 0.1704329 0.1570097 0.1639611 0.1341376 0.1592412 0.2377761 0.1755756 0.1609779 0.1855928 0.1619485 0.1797987 0.1450492 0.1904075 0.1777568 0.2555091 0.1697762 0.1716077 0.1991808 0.1492347 0.1886880 0.1670685 0.1592065 0.1569825 0.2038540 0.1490343 0.1963990 0.1927695 0.1643815 0.1550174 0.1642452 0.1910765 0.1510930 0.1782633 0.1436047 0.1595637 0.1533907 0.1680304 0.1563689 0.1477752 0.1731050 0.1735272 0.1772912 0.1495315 0.1845608 0.1521923 0.1616103 0.1665723 0.1615981 0.1688818 0.1875187 0.1381876 0.1569751 0.1551993 0.1821533 0.1722458 0.1699970 0.1887388 0.1096316 0.1742413 0.1820392 0.1687172 0.1612179 0.1420893 0.1716991 0.1707815 0.1438856 
Galeana_pratensis_104_mex                  0.1376830 0.1139722 0.1404061 0.1668812 0.1820140 0.1767114 0.1865461 0.0000000 0.2288160 0.3232862 0.1699190 0.1468797 0.1382992 0.1385380 0.1002268 0.1419827 0.1364002 0.1346707 0.1251201 0.1441559 0.1311449 0.1141692 0.2034968 0.1339592 0.1532980 0.1476050 0.1441547 0.1641221 0.1029793 0.1446797 0.2403344 0.1463498 0.1467648 0.1379589 0.1492267 0.1067961 0.1694617 0.1442609 0.1631237 0.1549042 0.1330790 0.1362375 0.1479667 0.1344044 0.1599567 0.1661689 0.1423359 0.1368648 0.1413503 0.1604900 0.1303707 0.1434923 0.1386964 0.1418504 0.1319355 0.2673207 0.1474910 0.1099235 0.1390585 0.1384925 0.1137450 0.1379539 0.1634868 0.0956230 0.1397070 0.1011121 0.1459517 0.1959394 0.1570547 0.0896601 0.1341869 0.1311088 0.1468246 0.1368459 0.1362529 0.1428205 0.1017998 0.2026616 0.1527625 0.1445811 0.1416899 0.1011628 0.1392165 0.1298069 0.0946844 
Helianthus_annuus_SRR9119062               0.1935601 0.2762637 0.3584215 0.3756178 0.4233436 0.2338664 0.3614629 0.2288160 0.0000000 0.3764915 0.3567047 0.3834774 0.3722623 0.3827834 0.3903347 0.3431873 0.3974457 0.3872304 0.3550077 0.3806698 0.3712945 0.3715791 0.2037566 0.3765603 0.4636234 0.3871818 0.3711296 0.3705252 0.3145539 0.3726074 0.3000527 0.4033664 0.3671917 0.4517496 0.3729310 0.3397145 0.3850692 0.3534795 0.3790868 0.3671450 0.4128461 0.3813338 0.3883625 0.3660305 0.3623215 0.3744221 0.3762164 0.3710905 0.3864129 0.3710051 0.3732359 0.3856491 0.2949732 0.3773274 0.3721307 0.3637792 0.3388439 0.3144704 0.3820241 0.3813550 0.2954661 0.1763717 0.3421217 0.3096344 0.3839199 0.3459661 0.3420547 0.3646020 0.3829060 0.2874955 0.3774101 0.3745380 0.3911743 0.3810082 0.3769429 0.3896606 0.2377494 0.3681157 0.3478486 0.3829212 0.3818008 0.1935747 0.3815566 0.3127811 0.2964186 
Lycapsus_tenuifolius_17                    0.0992860 0.5112253 0.1972582 0.2360882 0.1803670 0.0000010 0.1838117 0.3232862 0.3764915 0.0000000 0.1730980 0.1268511 0.1352175 0.1231449 0.1760360 0.1370091 0.1800377 0.2394546 0.1399490 0.1498945 0.1253865 0.1397800 0.0549415 0.1482310 0.1469420 0.1573923 0.1484993 0.4944412 0.2962886 0.0249302 0.0401123 0.0972139 0.1525610 0.3827490 0.1496812 0.1380755 0.1867887 0.1353063 0.1580482 0.1375879 0.1399433 0.1414591 0.5289089 0.1256059 0.1829894 0.5192352 0.1535684 0.1381165 0.1540039 0.4926982 0.1231242 0.1933370 0.1107262 0.1290920 0.1368476 0.1269844 0.1514897 0.1391534 0.1622064 0.1590761 0.2582039 0.0000010 0.1337902 0.0945511 0.1281949 0.1299982 0.1352550 0.1852680 0.1954083 0.1188582 0.1480716 0.1329115 0.0214709 0.1573533 0.1497269 0.1457844 0.1009619 0.1856347 0.5138336 0.1440607 0.1363410 0.0872573 0.1538365 0.1165715 0.1334999 
Pericome_caudata_50_silver                 0.0857441 0.1248414 0.1494086 0.2599553 0.0920599 0.0627983 0.1779706 0.1699190 0.3567047 0.1730980 0.0000000 0.1620362 0.1578867 0.1544966 0.1847337 0.1489285 0.1808915 0.1731931 0.1544091 0.1605092 0.1410358 0.1626561 0.1237367 0.1640746 0.1972604 0.1698237 0.1573914 0.1830809 0.1469171 0.1467017 0.1557778 0.1663207 0.1512422 0.2400552 0.1613515 0.1456878 0.1848419 0.1538782 0.1844870 0.1612303 0.1696336 0.1620923 0.1957933 0.1558854 0.1873155 0.1967996 0.1668279 0.1569769 0.1665706 0.1858485 0.1501600 0.1607589 0.1401332 0.1571068 0.1567200 0.1563861 0.1536601 0.1287281 0.1699031 0.1666020 0.1468241 0.1118672 0.1632644 0.1500591 0.1607278 0.1445716 0.1555750 0.0649275 0.0810658 0.1223506 0.1874532 0.1547009 0.1599276 0.1683862 0.1668864 0.1603613 0.1083079 0.0640711 0.1957893 0.1668084 0.1570042 0.1010439 0.1669628 0.1526977 0.1467101 
Perityle_aglossa_84_dead_horse             0.0787623 0.1233125 0.1659724 0.2509256 0.1596499 0.1426942 0.1610898 0.1468797 0.3834774 0.1268511 0.1620362 0.0000000 0.0458404 0.0380054 0.0450386 0.0551499 0.0787921 0.1966792 0.1225231 0.0449734 0.0416163 0.0482292 0.0549949 0.0419703 0.1018546 0.0519186 0.0568676 0.1434907 0.1341674 0.1002546 0.1050955 0.1407990 0.1145440 0.1741574 0.0486055 0.1049420 0.1641125 0.0366221 0.1369608 0.0560583 0.0316507 0.0408897 0.1557394 0.0418101 0.1690465 0.1516664 0.0387215 0.0438245 0.0494717 0.1489767 0.0369204 0.0613673 0.0444231 0.0446246 0.0326024 0.1103663 0.1220300 0.0570624 0.0507146 0.0492199 0.1499517 0.1131330 0.1332608 0.0730479 0.0089657 0.1206945 0.0455008 0.1666679 0.1734496 0.0332418 0.0527751 0.0380452 0.1017943 0.0492847 0.0494512 0.0649873 0.0415529 0.1715279 0.1493845 0.0475342 0.0202753 0.1037929 0.0509785 0.1031488 0.0970921 
Perityle_ajoensis_204                      0.0733524 0.1236437 0.1571927 0.2466673 0.1563569 0.1323997 0.1586331 0.1382992 0.3722623 0.1352175 0.1578867 0.0458404 0.0000000 0.0372191 0.0538691 0.0526948 0.0662962 0.1820070 0.1137245 0.0503652 0.0371284 0.0417076 0.0527212 0.0436168 0.1016495 0.0502345 0.0516711 0.1408805 0.1348198 0.1012416 0.1098212 0.1153357 0.1086630 0.1722564 0.0516617 0.1065900 0.1586714 0.0388604 0.1350418 0.0523546 0.0354198 0.0368481 0.1526619 0.0085456 0.1601034 0.1486765 0.0443580 0.0105333 0.0488889 0.1455241 0.0252206 0.0616699 0.0374004 0.0430601 0.0382088 0.1004439 0.1224434 0.0584519 0.0508063 0.0473215 0.1538344 0.1148756 0.1265634 0.0763966 0.0436157 0.1170390 0.0430628 0.1669194 0.1775740 0.0378951 0.0582208 0.0357274 0.1020040 0.0483892 0.0479478 0.0639583 0.0446188 0.1718101 0.1455566 0.0395196 0.0428623 0.0999785 0.0482829 0.0991378 0.0903906 
Perityle_ambrosiifolia_67_green            0.0762948 0.1224537 0.1596609 0.2536968 0.1515744 0.1226062 0.1562426 0.1385380 0.3827834 0.1231449 0.1544966 0.0380054 0.0372191 0.0000000 0.0453594 0.0517413 0.0732257 0.1934029 0.1188295 0.0431626 0.0298166 0.0371506 0.0541693 0.0374891 0.0935458 0.0450948 0.0526580 0.1479635 0.1400241 0.1001687 0.1047839 0.1297302 0.1058114 0.1731710 0.0450885 0.0950326 0.1554670 0.0357528 0.1346006 0.0526651 0.0300194 0.0305350 0.1546008 0.0376054 0.1604537 0.1557309 0.0371084 0.0369258 0.0420973 0.1486225 0.0315566 0.0541722 0.0317545 0.0406237 0.0328474 0.0976509 0.1203651 0.0556259 0.0434064 0.0405496 0.1415003 0.1026006 0.1263019 0.0704194 0.0357451 0.1144356 0.0426421 0.1670700 0.1737945 0.0258218 0.0502302 0.0305707 0.0998878 0.0409883 0.0404598 0.0529166 0.0384915 0.1685790 0.1531494 0.0414294 0.0364678 0.0914657 0.0417383 0.0998730 0.0905152 
Perityle_angustifolia_13_Eagle_creek       0.1513242 0.1088987 0.1789320 0.2538091 0.1563441 0.1161912 0.1621117 0.1002268 0.3903347 0.1760360 0.1847337 0.0450386 0.0538691 0.0453594 0.0000000 0.0610009 0.0872896 0.1844136 0.1381570 0.0418841 0.0505405 0.0542687 0.0268799 0.0426834 0.0985865 0.0558602 0.0652925 0.1412711 0.1270457 0.1186425 0.1105235 0.1860465 0.1277297 0.1702021 0.0415007 0.1180609 0.1781587 0.0341405 0.1518012 0.0584925 0.0230000 0.0449130 0.1477461 0.0501895 0.1861453 0.1440324 0.0332816 0.0528098 0.0537900 0.1423713 0.0459074 0.0688759 0.0515576 0.0495505 0.0254149 0.1507466 0.1359181 0.0680210 0.0553806 0.0542226 0.1369600 0.0755602 0.1563873 0.0716397 0.0458273 0.1390950 0.0507673 0.1867761 0.2180112 0.0145039 0.0437508 0.0440539 0.1184796 0.0543618 0.0552702 0.0709728 0.0533184 0.1909947 0.1412132 0.0527231 0.0492242 0.0847134 0.0556168 0.0966264 0.0990250 
Perityle_batopilensis_97                   0.0719000 0.1234123 0.1432675 0.2282447 0.1710281 0.1470785 0.1575894 0.1419827 0.3431873 0.1370091 0.1489285 0.0551499 0.0526948 0.0517413 0.0610009 0.0000000 0.0604927 0.1856960 0.1197138 0.0607571 0.0496840 0.0549308 0.0511081 0.0548976 0.1117173 0.0600632 0.0552156 0.1473495 0.1377984 0.1041053 0.1053185 0.1177523 0.1162776 0.1582485 0.0603676 0.1160551 0.1354795 0.0525011 0.1404415 0.0216892 0.0429622 0.0490298 0.1545076 0.0482119 0.1352254 0.1538852 0.0566864 0.0514173 0.0562770 0.1517643 0.0467626 0.0773703 0.0458442 0.0537178 0.0478615 0.1057790 0.1229541 0.0600683 0.0628730 0.0593170 0.1487287 0.1066561 0.1339619 0.0769900 0.0548517 0.1200568 0.0531351 0.1582453 0.1374821 0.0453266 0.0701428 0.0482859 0.1054142 0.0592512 0.0573980 0.0760610 0.0446456 0.1606440 0.1537787 0.0536150 0.0530339 0.1002319 0.0585316 0.1067040 0.0926090 
Perityle_bisetosa_9                        0.0804977 0.1230060 0.1693875 0.2687840 0.1947743 0.1275613 0.1874922 0.1364002 0.3974457 0.1800377 0.1808915 0.0787921 0.0662962 0.0732257 0.0872896 0.0604927 0.0000000 0.2115882 0.1537989 0.0797049 0.0741506 0.0745196 0.0448908 0.0720356 0.1397670 0.0820608 0.0820372 0.1518834 0.1565719 0.1320760 0.1642564 0.1882403 0.1439425 0.1937909 0.0793024 0.1484747 0.1708776 0.0718876 0.1643045 0.0874469 0.0698058 0.0672421 0.1563457 0.0644714 0.1752792 0.1586076 0.0721952 0.0666257 0.0803617 0.1509538 0.0699799 0.0993659 0.0525404 0.0725453 0.0679468 0.1670348 0.1572914 0.0912592 0.0827495 0.0794319 0.1639344 0.1067008 0.1647966 0.1063750 0.0758591 0.1557567 0.0654914 0.1901123 0.2126020 0.1125696 0.0891702 0.0666639 0.1356932 0.0803425 0.0791573 0.0927236 0.0517752 0.1934888 0.1549584 0.0706818 0.0744161 0.0980429 0.0803886 0.1120737 0.1400971 
Perityle_californica_76_positas            0.1049565 0.1582573 0.2123404 0.3144766 0.2188747 0.1271559 0.2409598 0.1346707 0.3872304 0.2394546 0.1731931 0.1966792 0.1820070 0.1934029 0.1844136 0.1856960 0.2115882 0.0000000 0.2146738 0.1886003 0.1807533 0.1875762 0.1128099 0.1867263 0.2026637 0.1992200 0.1877775 0.2040808 0.2280074 0.1966886 0.1800442 0.1688943 0.2016585 0.2921498 0.1872965 0.2237041 0.2462087 0.1761573 0.2296866 0.2001411 0.1923437 0.1912637 0.2217625 0.1798316 0.2214828 0.2233186 0.1921326 0.1815833 0.1951380 0.2129357 0.1825890 0.1994152 0.1198212 0.1847876 0.1911144 0.2273072 0.1908998 0.1663968 0.1938700 0.1940947 0.1879200 0.0831686 0.2469854 0.1301627 0.1953802 0.2151851 0.1884544 0.2236419 0.2442656 0.1224690 0.2310557 0.1896512 0.1973074 0.1949967 0.1937826 0.1913347 0.1326581 0.2259020 0.2255956 0.1938621 0.1944824 0.1125365 0.1955565 0.1330773 0.1302503 
Perityle_canescens_77                      0.0781940 0.1226673 0.1553212 0.2486089 0.1489498 0.1298393 0.1684811 0.1251201 0.3550077 0.1399490 0.1544091 0.1225231 0.1137245 0.1188295 0.1381570 0.1197138 0.1537989 0.2146738 0.0000000 0.1222281 0.1083695 0.1247500 0.1103482 0.1166234 0.1534360 0.1330876 0.1186627 0.0745314 0.0761199 0.1428000 0.1471091 0.1510046 0.1316769 0.2289599 0.1236524 0.1208667 0.1057480 0.1184765 0.0748920 0.1210922 0.1239603 0.1199569 0.0894642 0.1105273 0.1169386 0.0810827 0.1198153 0.1140307 0.1293313 0.0710562 0.1138408 0.1489954 0.1109569 0.1153044 0.1213142 0.0674853 0.0863111 0.1161802 0.1290736 0.1284431 0.0737852 0.0725824 0.0844137 0.1255743 0.1205530 0.0635631 0.1198868 0.1522394 0.1848207 0.1171026 0.1441429 0.1148081 0.1437030 0.1303583 0.1309921 0.1329179 0.1149209 0.1553234 0.0698346 0.1219373 0.1199045 0.0626757 0.1304540 0.1210924 0.0673241 
Perityle_castillonii_96                    0.0873038 0.1165463 0.1732306 0.2602780 0.1695000 0.1339730 0.1704329 0.1441559 0.3806698 0.1498945 0.1605092 0.0449734 0.0503652 0.0431626 0.0418841 0.0607571 0.0797049 0.1886003 0.1222281 0.0000000 0.0367969 0.0436627 0.0449602 0.0499207 0.0962532 0.0602870 0.0623170 0.1542495 0.1518462 0.1120095 0.1226106 0.1461443 0.1189969 0.1885733 0.0113952 0.1021296 0.1732206 0.0299951 0.1448955 0.0608267 0.0362349 0.0460206 0.1697693 0.0442021 0.1658308 0.1637136 0.0356806 0.0483307 0.0542676 0.1610861 0.0381730 0.0640504 0.0381690 0.0470905 0.0257901 0.1120688 0.1255041 0.0604492 0.0601968 0.0581320 0.1481948 0.1081509 0.1310068 0.0711440 0.0433793 0.1282679 0.0498282 0.1819385 0.1791593 0.0209046 0.0516363 0.0404783 0.1110513 0.0589555 0.0528609 0.0608365 0.0408327 0.1849414 0.1551309 0.0485522 0.0468413 0.1010110 0.0592040 0.1039012 0.0973991 
Perityle_cernua_84                         0.0672371 0.1122045 0.1500792 0.2419571 0.1400306 0.1272394 0.1570097 0.1311449 0.3712945 0.1253865 0.1410358 0.0416163 0.0371284 0.0298166 0.0505405 0.0496840 0.0741506 0.1807533 0.1083695 0.0367969 0.0000000 0.0252750 0.0450031 0.0360552 0.0835749 0.0420899 0.0517505 0.1369998 0.1388923 0.0971966 0.0992912 0.1306699 0.0974349 0.1763918 0.0382559 0.0892163 0.1565941 0.0342536 0.1262967 0.0465761 0.0317589 0.0306165 0.1550368 0.0329247 0.1510984 0.1503426 0.0410610 0.0367888 0.0377433 0.1478222 0.0267572 0.0489419 0.0161706 0.0389972 0.0331350 0.0924883 0.1137214 0.0498209 0.0423748 0.0395863 0.1366966 0.1006695 0.1232714 0.0621787 0.0386897 0.1137683 0.0410464 0.1550777 0.1683096 0.0210234 0.0548450 0.0280949 0.0982470 0.0403824 0.0384676 0.0447380 0.0327993 0.1602901 0.1442423 0.0408281 0.0391277 0.0930013 0.0405539 0.0886852 0.0883630 
Perityle_cfvillosa_25_tin                  0.0921889 0.1197476 0.1688382 0.2599106 0.1587149 0.1282514 0.1639611 0.1141692 0.3715791 0.1397800 0.1626561 0.0482292 0.0417076 0.0371506 0.0542687 0.0549308 0.0745196 0.1875762 0.1247500 0.0436627 0.0252750 0.0000000 0.0492304 0.0374244 0.0806070 0.0207066 0.0552631 0.1438703 0.1334954 0.1069007 0.1101606 0.1420542 0.1114640 0.1736203 0.0424739 0.1067920 0.1619354 0.0427773 0.1356261 0.0559349 0.0363822 0.0333819 0.1515986 0.0415850 0.1688832 0.1513852 0.0445357 0.0416621 0.0142130 0.1466325 0.0391331 0.0547982 0.0165258 0.0407329 0.0396296 0.1160297 0.1228021 0.0517803 0.0156164 0.0119179 0.1321095 0.1049801 0.1366354 0.0751018 0.0462051 0.1193161 0.0415253 0.1707101 0.1868636 0.0378817 0.0611017 0.0313142 0.1087809 0.0134017 0.0122937 0.0393741 0.0207984 0.1726700 0.1484884 0.0441964 0.0417440 0.0983986 0.0128201 0.1018633 0.0948441 
Perityle_cinerea_113_Powell1310            0.0488366 0.1222524 0.1080869 0.1678647 0.1086319 0.1990474 0.1341376 0.2034968 0.2037566 0.0549415 0.1237367 0.0549949 0.0527212 0.0541693 0.0268799 0.0511081 0.0448908 0.1128099 0.1103482 0.0449602 0.0450031 0.0492304 0.0000000 0.0466921 0.0495450 0.0512221 0.0541703 0.1352638 0.1217763 0.0808140 0.0734054 0.0763127 0.0944941 0.1248636 0.0423601 0.1019831 0.1186569 0.0413098 0.1196635 0.0548518 0.0458564 0.0457650 0.1529838 0.0523828 0.1201237 0.1445768 0.0386417 0.0523457 0.0503769 0.1450631 0.0478336 0.0501438 0.0447788 0.0588354 0.0368260 0.0648705 0.1056926 0.0374832 0.0524890 0.0524882 0.1300961 0.1351244 0.1416888 0.0399570 0.0531582 0.1026716 0.0564012 0.1000651 0.0882935 0.0223743 0.0339456 0.0439621 0.0817100 0.0534402 0.0533812 0.0505077 0.0318102 0.1044544 0.1261193 0.0535308 0.0531621 0.1280305 0.0525052 0.1006399 0.0812024 
Perityle_coahuilensis_24                   0.1098311 0.1123144 0.1641554 0.2560289 0.1519962 0.1299228 0.1592412 0.1339592 0.3765603 0.1482310 0.1640746 0.0419703 0.0436168 0.0374891 0.0426834 0.0548976 0.0720356 0.1867263 0.1166234 0.0499207 0.0360552 0.0374244 0.0466921 0.0000000 0.0874471 0.0420669 0.0526677 0.1410281 0.1322099 0.1020883 0.1054025 0.1484697 0.1094740 0.1670066 0.0506197 0.0939863 0.1655816 0.0389161 0.1389732 0.0522028 0.0248381 0.0213833 0.1513223 0.0409158 0.1689776 0.1469181 0.0369361 0.0424877 0.0382483 0.1417241 0.0343731 0.0534338 0.0351125 0.0398512 0.0297376 0.1199032 0.1156787 0.0526088 0.0401202 0.0398300 0.1430814 0.0988650 0.1375286 0.0628508 0.0450004 0.1221695 0.0395671 0.1662826 0.1718188 0.0217081 0.0509223 0.0202030 0.1066005 0.0391047 0.0379740 0.0573753 0.0385595 0.1696490 0.1469102 0.0467259 0.0436362 0.0915240 0.0387059 0.0928686 0.0906149 
Perityle_cochisensis_44_cave_creek         0.0722760 0.1842731 0.2187141 0.3254170 0.2179443 0.1336705 0.2377761 0.1532980 0.4636234 0.1469420 0.1972604 0.1018546 0.1016495 0.0935458 0.0985865 0.1117173 0.1397670 0.2026637 0.1534360 0.0962532 0.0835749 0.0806070 0.0495450 0.0874471 0.0000000 0.0989611 0.1132357 0.2049207 0.2239492 0.1539876 0.1454957 0.1636731 0.1729246 0.2467415 0.1005393 0.1119128 0.2190912 0.1030461 0.1837018 0.1076759 0.0910483 0.0901776 0.2172798 0.0950154 0.2055703 0.2147874 0.0932301 0.1002834 0.0933277 0.2133263 0.0930794 0.1249821 0.0572163 0.1004151 0.0963025 0.1236649 0.1533136 0.1294725 0.0929161 0.0935810 0.1749610 0.1064813 0.1635655 0.1209280 0.1003377 0.1730603 0.0853208 0.2565402 0.2002479 0.0391473 0.1198698 0.0872654 0.1515207 0.0954955 0.0874231 0.0936305 0.0744658 0.2603302 0.2203634 0.1027279 0.1018269 0.1117073 0.0959974 0.1235482 0.0943474 
Perityle_congesta_202                      0.1053957 0.1297529 0.1739365 0.2675681 0.1644012 0.1333203 0.1755756 0.1476050 0.3871818 0.1573923 0.1698237 0.0519186 0.0502345 0.0450948 0.0558602 0.0600632 0.0820608 0.1992200 0.1330876 0.0602870 0.0420899 0.0207066 0.0512221 0.0420669 0.0989611 0.0000000 0.0617827 0.1523344 0.1457045 0.1127687 0.1151041 0.1529323 0.1205600 0.1744903 0.0612246 0.1062940 0.1713098 0.0500518 0.1489863 0.0622937 0.0379005 0.0393412 0.1615356 0.0471886 0.1780285 0.1605725 0.0500494 0.0496689 0.0163313 0.1543235 0.0447095 0.0600337 0.0329661 0.0490315 0.0410916 0.1304292 0.1313608 0.0634962 0.0187288 0.0154205 0.1506066 0.0968646 0.1425521 0.0792010 0.0542889 0.1316758 0.0502923 0.1797124 0.1909919 0.0451346 0.0621118 0.0395575 0.1160328 0.0171308 0.0151536 0.0623150 0.0223328 0.1837834 0.1617513 0.0506573 0.0499118 0.0986045 0.0155416 0.1097697 0.0983536 
Perityle_cordifolia_27                     0.0859532 0.1188119 0.1644393 0.2595008 0.1598874 0.1307500 0.1609779 0.1441547 0.3711296 0.1484993 0.1573914 0.0568676 0.0516711 0.0526580 0.0652925 0.0552156 0.0820372 0.1877775 0.1186627 0.0623170 0.0517505 0.0552631 0.0541703 0.0526677 0.1132357 0.0617827 0.0000000 0.1392511 0.1321189 0.1030980 0.1057762 0.1446473 0.1111881 0.1694056 0.0635286 0.1171365 0.1566699 0.0504890 0.1339457 0.0595389 0.0437676 0.0479294 0.1480899 0.0480936 0.1605238 0.1436439 0.0551940 0.0505275 0.0588286 0.1416684 0.0459189 0.0715251 0.0418867 0.0397183 0.0485179 0.1150251 0.1249410 0.0476116 0.0620063 0.0596437 0.1420415 0.1008304 0.1335716 0.0701455 0.0554129 0.1204557 0.0448080 0.1673081 0.1731260 0.0527853 0.0692411 0.0478286 0.1076597 0.0595800 0.0598801 0.0737131 0.0551718 0.1704040 0.1433429 0.0562859 0.0568152 0.0950167 0.0598140 0.1070734 0.0946533 
Perityle_cordifolia_68_tecolote            0.4535493 0.1198599 0.1586110 0.2858384 0.1825195 0.1323723 0.1855928 0.1641221 0.3705252 0.4944412 0.1830809 0.1434907 0.1408805 0.1479635 0.1412711 0.1473495 0.1518834 0.2040808 0.0745314 0.1542495 0.1369998 0.1438703 0.1352638 0.1410281 0.2049207 0.1523344 0.1392511 0.0000000 0.0643538 0.1604940 0.1611682 0.3173163 0.1396358 0.1640787 0.1563591 0.0869303 0.0867317 0.1369398 0.0909029 0.1461709 0.1388627 0.1410370 0.0978059 0.1406058 0.0935830 0.0926763 0.1380603 0.1409626 0.1473291 0.0857854 0.1358619 0.1383512 0.1353421 0.1470945 0.1409110 0.2404925 0.0106476 0.1398279 0.1451154 0.1468821 0.0787520 0.0661728 0.1165436 0.1698451 0.1429951 0.0722386 0.1354252 0.1864663 0.3970450 0.0828797 0.1749384 0.1372247 0.1556059 0.1468541 0.1466147 0.1840435 0.1250968 0.1937203 0.0846462 0.1479167 0.1417982 0.0464576 0.1495220 0.1413536 0.0779648 
Perityle_coronopifolia_28_patagonia        0.3565566 0.1063046 0.1231626 0.1990326 0.1389342 0.0953049 0.1619485 0.1029793 0.3145539 0.2962886 0.1469171 0.1341674 0.1348198 0.1400241 0.1270457 0.1377984 0.1565719 0.2280074 0.0761199 0.1518462 0.1388923 0.1334954 0.1217763 0.1322099 0.2239492 0.1457045 0.1321189 0.0643538 0.0000000 0.1439048 0.1509393 0.3081868 0.1376385 0.1542339 0.1532444 0.0994693 0.0813576 0.1286394 0.0799540 0.1357453 0.1240284 0.1304442 0.0813138 0.1350990 0.0926565 0.0762400 0.1295991 0.1336928 0.1383264 0.0720872 0.1351810 0.1362449 0.1291803 0.1385782 0.1278547 0.3016537 0.0778932 0.1407625 0.1389553 0.1419100 0.0390895 0.0485088 0.1195233 0.1677017 0.1345263 0.0247355 0.1303733 0.1512578 0.4299740 0.0839009 0.1321673 0.1309885 0.1398821 0.1417538 0.1375651 0.1903914 0.1193603 0.1534713 0.0627549 0.1357289 0.1344563 0.0241126 0.1410918 0.1156974 0.0713516 
Perityle_crassifolia_70_ventanas           0.1046438 0.1351975 0.1524780 0.2597801 0.1622962 0.1381240 0.1797987 0.1446797 0.3726074 0.0249302 0.1467017 0.1002546 0.1012416 0.1001687 0.1186425 0.1041053 0.1320760 0.1966886 0.1428000 0.1120095 0.0971966 0.1069007 0.0808140 0.1020883 0.1539876 0.1127687 0.1030980 0.1604940 0.1439048 0.0000000 0.0429309 0.1013268 0.1387423 0.1130658 0.1134020 0.1390686 0.1606456 0.0990160 0.1582564 0.1074700 0.0980755 0.1009872 0.1803343 0.0948307 0.1639338 0.1734520 0.1078673 0.1006434 0.1150040 0.1714840 0.0943897 0.1212826 0.0790101 0.1027462 0.1008940 0.1302914 0.1430723 0.1108101 0.1116157 0.1112905 0.1407882 0.1130243 0.1510205 0.1151756 0.0987509 0.1327997 0.1090113 0.1621576 0.1743480 0.0763474 0.1292680 0.0994463 0.0030278 0.1126348 0.1111028 0.1219581 0.0927497 0.1655396 0.1644477 0.1061262 0.1023378 0.1081018 0.1144888 0.1213981 0.1220076 
Perityle_crassifolia_74_playa_balandra     0.1180570 0.1636011 0.1529330 0.2275205 0.1438102 0.0000010 0.1450492 0.2403344 0.3000527 0.0401123 0.1557778 0.1050955 0.1098212 0.1047839 0.1105235 0.1053185 0.1642564 0.1800442 0.1471091 0.1226106 0.0992912 0.1101606 0.0734054 0.1054025 0.1454957 0.1151041 0.1057762 0.1611682 0.1509393 0.0429309 0.0000000 0.1090290 0.1483022 0.2377888 0.1195226 0.1361504 0.1694687 0.1033010 0.1479529 0.1188337 0.1055682 0.1028887 0.2115560 0.1074996 0.1723888 0.1852476 0.1091233 0.1099644 0.1187659 0.1995720 0.1043328 0.1243321 0.0846994 0.1038315 0.1143112 0.1268539 0.1321968 0.1099509 0.1132965 0.1135182 0.1339306 0.0992672 0.1548299 0.0973436 0.1043198 0.1287184 0.1172714 0.1281813 0.1417399 0.1051665 0.1140865 0.1069636 0.0429309 0.1138032 0.1125501 0.1069127 0.0994070 0.1317071 0.1765292 0.1141149 0.1112939 0.1381982 0.1172155 0.1154851 0.1317036 
Perityle_cuneata_34_cuneata_San_antonio    0.0913051 0.2546025 0.1970314 0.2607928 0.1947532 0.5471418 0.1904075 0.1463498 0.4033664 0.0972139 0.1663207 0.1407990 0.1153357 0.1297302 0.1860465 0.1177523 0.1882403 0.1688943 0.1510046 0.1461443 0.1306699 0.1420542 0.0763127 0.1484697 0.1636731 0.1529323 0.1446473 0.3173163 0.3081868 0.1013268 0.1090290 0.0000000 0.1516315 0.4034024 0.1484745 0.1626840 0.1984201 0.1484005 0.1607907 0.1469878 0.1597465 0.1424022 0.4024824 0.1181448 0.2068459 0.4270443 0.1576995 0.1180104 0.1513624 0.2810900 0.1324752 0.1941354 0.0980875 0.1331720 0.1437444 0.1345673 0.1634302 0.1137636 0.1595729 0.1522607 0.3480257 0.5169759 0.1526200 0.0848094 0.1377354 0.1398590 0.1407872 0.1737390 0.1833968 0.1792179 0.1466703 0.1353244 0.1086545 0.1517621 0.1484027 0.1441596 0.0829841 0.1766917 0.4243438 0.1324267 0.1372254 0.4323371 0.1490782 0.0960307 0.1440359 
Perityle_cuneata_4                         0.0833252 0.1238131 0.1597807 0.2631275 0.1506977 0.1167112 0.1777568 0.1467648 0.3671917 0.1525610 0.1512422 0.1145440 0.1086630 0.1058114 0.1277297 0.1162776 0.1439425 0.2016585 0.1316769 0.1189969 0.0974349 0.1114640 0.0944941 0.1094740 0.1729246 0.1205600 0.1111881 0.1396358 0.1376385 0.1387423 0.1483022 0.1516315 0.0000000 0.2287253 0.1196225 0.1085640 0.1665073 0.1055083 0.1440682 0.1152252 0.1118576 0.1064273 0.1619952 0.1041771 0.1724266 0.1612527 0.1147832 0.1079263 0.1167393 0.1458830 0.1005995 0.1227625 0.0943229 0.1101405 0.1082835 0.1178872 0.1324978 0.1148616 0.1186132 0.1172308 0.1454724 0.1138980 0.1377592 0.1108680 0.1131781 0.1234643 0.1046707 0.1621295 0.1750085 0.0838479 0.1338021 0.1026125 0.1397306 0.1183697 0.1172752 0.1313664 0.0941749 0.1644229 0.1503445 0.1164400 0.1127057 0.1042466 0.1193283 0.0986026 0.1046523 
Perityle_discoidea_81                      0.3003686 0.1378266 0.2379420 0.3278765 0.2319856 0.1728589 0.2555091 0.1379589 0.4517496 0.3827490 0.2400552 0.1741574 0.1722564 0.1731710 0.1702021 0.1582485 0.1937909 0.2921498 0.2289599 0.1885733 0.1763918 0.1736203 0.1248636 0.1670066 0.2467415 0.1744903 0.1694056 0.1640787 0.1542339 0.1130658 0.2377888 0.4034024 0.2287253 0.0000000 0.1861990 0.3078732 0.2452465 0.1523667 0.2429272 0.1786733 0.1558986 0.1670389 0.1832875 0.1708520 0.2584372 0.1786956 0.1716666 0.1697908 0.1754178 0.1760191 0.1687433 0.1715530 0.1392927 0.1691068 0.1715123 0.3772011 0.2481714 0.1739980 0.1717077 0.1715763 0.1437612 0.0977059 0.2866235 0.2128191 0.1727817 0.2360768 0.1887225 0.2476445 0.4106544 0.1860250 0.2082803 0.1672077 0.1147135 0.1752464 0.1764130 0.2062708 0.1719718 0.2501239 0.1704399 0.1731844 0.1693344 0.1147217 0.1753043 0.2393007 0.2303981 
Perityle_dissecta_201                      0.0844123 0.1197890 0.1762617 0.2610105 0.1708155 0.1366680 0.1697762 0.1492267 0.3729310 0.1496812 0.1613515 0.0486055 0.0516617 0.0450885 0.0415007 0.0603676 0.0793024 0.1872965 0.1236524 0.0113952 0.0382559 0.0424739 0.0423601 0.0506197 0.1005393 0.0612246 0.0635286 0.1563591 0.1532444 0.1134020 0.1195226 0.1484745 0.1196225 0.1861990 0.0000000 0.1066406 0.1728731 0.0312234 0.1468138 0.0604560 0.0365472 0.0470514 0.1691504 0.0453903 0.1651903 0.1650205 0.0379173 0.0499254 0.0576896 0.1617703 0.0398809 0.0658697 0.0386890 0.0498662 0.0275830 0.1137220 0.1258611 0.0586178 0.0611304 0.0587879 0.1454623 0.1062191 0.1347058 0.0718767 0.0466771 0.1287673 0.0535118 0.1827065 0.1795115 0.0184606 0.0536148 0.0423865 0.1123973 0.0590270 0.0528276 0.0635684 0.0401889 0.1856786 0.1586383 0.0518888 0.0487295 0.0976137 0.0598569 0.1026251 0.0976019 
Perityle_emoryi_47_punta_san_jose          0.0725362 0.0679197 0.0945792 0.2046261 0.1457592 0.1095933 0.1716077 0.1067961 0.3397145 0.1380755 0.1456878 0.1049420 0.1065900 0.0950326 0.1180609 0.1160551 0.1484747 0.2237041 0.1208667 0.1021296 0.0892163 0.1067920 0.1019831 0.0939863 0.1119128 0.1062940 0.1171365 0.0869303 0.0994693 0.1390686 0.1361504 0.1626840 0.1085640 0.3078732 0.1066406 0.0000000 0.1648266 0.0821600 0.1332285 0.1101183 0.1045626 0.1012591 0.1060299 0.0928974 0.1595126 0.0942646 0.0995349 0.1044205 0.1071020 0.0908093 0.0839686 0.1455464 0.0711554 0.0931827 0.0994176 0.1290961 0.1186923 0.1093384 0.1056004 0.1073173 0.0977265 0.1093467 0.1232302 0.0798353 0.1004129 0.1136241 0.1003706 0.1405076 0.1760243 0.0710342 0.0971944 0.1004704 0.1379737 0.1087020 0.1087802 0.1018021 0.0708096 0.1434212 0.0714390 0.1106488 0.1083181 0.0750388 0.1086728 0.1272965 0.1111900 
Perityle_feddemae_99                       0.0899277 0.1265139 0.1680218 0.2727767 0.2050555 0.1285066 0.1991808 0.1694617 0.3850692 0.1867887 0.1848419 0.1641125 0.1586714 0.1554670 0.1781587 0.1354795 0.1708776 0.2462087 0.1057480 0.1732206 0.1565941 0.1619354 0.1186569 0.1655816 0.2190912 0.1713098 0.1566699 0.0867317 0.0813576 0.1606456 0.1694687 0.1984201 0.1665073 0.2452465 0.1728731 0.1648266 0.0000000 0.1603919 0.1085111 0.1562708 0.1679843 0.1591269 0.0350407 0.1545553 0.0252630 0.0704723 0.1650132 0.1590784 0.1665650 0.0204769 0.1505491 0.1847018 0.1326488 0.1600243 0.1598068 0.1504044 0.1171845 0.1503060 0.1695999 0.1691263 0.0790666 0.0694850 0.1472304 0.1477280 0.1632886 0.1096231 0.1632081 0.1879864 0.2159321 0.1648133 0.1853560 0.1556579 0.1752098 0.1690883 0.1695726 0.1869818 0.1233821 0.1917712 0.0676246 0.1659522 0.1591999 0.0573563 0.1684153 0.1406552 0.1412570 
Perityle_fosteri_93                        0.0807585 0.1181351 0.1544739 0.2537774 0.1503585 0.1267208 0.1492347 0.1442609 0.3534795 0.1353063 0.1538782 0.0366221 0.0388604 0.0357528 0.0341405 0.0525011 0.0718876 0.1761573 0.1184765 0.0299951 0.0342536 0.0427773 0.0413098 0.0389161 0.1030461 0.0500518 0.0504890 0.1369398 0.1286394 0.0990160 0.1033010 0.1484005 0.1055083 0.1523667 0.0312234 0.0821600 0.1603919 0.0000000 0.1317613 0.0499733 0.0257820 0.0368423 0.1476500 0.0384263 0.1619270 0.1438613 0.0270390 0.0379134 0.0461278 0.1380534 0.0312854 0.0312654 0.0381045 0.0402955 0.0176201 0.1070543 0.1229029 0.0453418 0.0474676 0.0462455 0.1353367 0.1017775 0.1328924 0.0735276 0.0354090 0.1155309 0.0359641 0.1636552 0.1623769 0.0144094 0.0410281 0.0300117 0.1015306 0.0460178 0.0457524 0.0603012 0.0356045 0.1667918 0.1405423 0.0406703 0.0389422 0.0924116 0.0467913 0.0991103 0.0981242 
Perityle_gamon_221                         0.0830427 0.1220722 0.1790421 0.2702131 0.1883986 0.1259311 0.1886880 0.1631237 0.3790868 0.1580482 0.1844870 0.1369608 0.1350418 0.1346006 0.1518012 0.1404415 0.1643045 0.2296866 0.0748920 0.1448955 0.1262967 0.1356261 0.1196635 0.1389732 0.1837018 0.1489863 0.1339457 0.0909029 0.0799540 0.1582564 0.1479529 0.1607907 0.1440682 0.2429272 0.1468138 0.1332285 0.1085111 0.1317613 0.0000000 0.1397530 0.1398665 0.1343746 0.0841726 0.1309552 0.1130661 0.0235803 0.1397312 0.1336977 0.1413342 0.0688001 0.1267260 0.1599981 0.1217705 0.1332069 0.1329723 0.0687540 0.0933397 0.1321382 0.1462051 0.1450581 0.0854333 0.0803142 0.0890604 0.1327293 0.1367334 0.0708444 0.1332687 0.1849210 0.1985180 0.1174571 0.1566597 0.1314568 0.1592801 0.1452746 0.1444234 0.1626709 0.1151546 0.1903735 0.0353715 0.1383755 0.1358380 0.0634201 0.1467107 0.1389188 0.0761272 
Perityle_gentryi_8_san_francisco           0.0815146 0.1238560 0.1579995 0.2421036 0.1661238 0.1411774 0.1670685 0.1549042 0.3671450 0.1375879 0.1612303 0.0560583 0.0523546 0.0526651 0.0584925 0.0216892 0.0874469 0.2001411 0.1210922 0.0608267 0.0465761 0.0559349 0.0548518 0.0522028 0.1076759 0.0622937 0.0595389 0.1461709 0.1357453 0.1074700 0.1188337 0.1469878 0.1152252 0.1786733 0.0604560 0.1101183 0.1562708 0.0499733 0.1397530 0.0000000 0.0440100 0.0478379 0.1580856 0.0504393 0.1597723 0.1539986 0.0566768 0.0508059 0.0567500 0.1518631 0.0465777 0.0732537 0.0506391 0.0523447 0.0472536 0.1110483 0.1288894 0.0595279 0.0625168 0.0606562 0.1425740 0.0986790 0.1378847 0.0783867 0.0549806 0.1224222 0.0506023 0.1725681 0.1765751 0.0385204 0.0699237 0.0468873 0.1099046 0.0602252 0.0587715 0.0741050 0.0492801 0.1748254 0.1552475 0.0553400 0.0559465 0.0984936 0.0598660 0.1090498 0.1002487 
Perityle_gilensis_22_Superstition          0.0762407 0.1142607 0.1698581 0.2712516 0.1504899 0.1217332 0.1592065 0.1330790 0.4128461 0.1399433 0.1696336 0.0316507 0.0354198 0.0300194 0.0230000 0.0429622 0.0698058 0.1923437 0.1239603 0.0362349 0.0317589 0.0363822 0.0458564 0.0248381 0.0910483 0.0379005 0.0437676 0.1388627 0.1240284 0.0980755 0.1055682 0.1597465 0.1118576 0.1558986 0.0365472 0.1045626 0.1679843 0.0257820 0.1398665 0.0440100 0.0000000 0.0264365 0.1503836 0.0313098 0.1758885 0.1443820 0.0222605 0.0340806 0.0396417 0.1424007 0.0225258 0.0575426 0.0307543 0.0312120 0.0246117 0.1238349 0.1277463 0.0549988 0.0360098 0.0352770 0.1342171 0.0998168 0.1348781 0.0692159 0.0313197 0.1248632 0.0317138 0.1742865 0.1990753 0.0259770 0.0449097 0.0278917 0.0979815 0.0362665 0.0369187 0.0547025 0.0384474 0.1788639 0.1438054 0.0369638 0.0333051 0.0889176 0.0383912 0.0979947 0.0963081 
Perityle_gilensis_salensis_225             0.0890089 0.1122722 0.1584415 0.2555180 0.1554752 0.1346055 0.1569825 0.1362375 0.3813338 0.1414591 0.1620923 0.0408897 0.0368481 0.0305350 0.0449130 0.0490298 0.0672421 0.1912637 0.1199569 0.0460206 0.0306165 0.0333819 0.0457650 0.0213833 0.0901776 0.0393412 0.0479294 0.1410370 0.1304442 0.1009872 0.1028887 0.1424022 0.1064273 0.1670389 0.0470514 0.1012591 0.1591269 0.0368423 0.1343746 0.0478379 0.0264365 0.0000000 0.1506943 0.0337667 0.1627817 0.1455704 0.0373272 0.0362460 0.0386018 0.1423267 0.0287080 0.0555900 0.0257545 0.0359818 0.0317399 0.1138337 0.1194999 0.0527528 0.0388302 0.0379737 0.1411485 0.1028228 0.1328057 0.0635674 0.0391297 0.1197071 0.0362577 0.1696799 0.1794318 0.0268062 0.0534744 0.0227463 0.1030591 0.0378071 0.0377565 0.0508196 0.0374890 0.1737897 0.1455267 0.0405152 0.0395313 0.0948588 0.0393378 0.0942975 0.0946160 
Perityle_glaucescens_94                    0.7225054 0.1378651 0.1683662 0.3042153 0.1929411 0.1220526 0.2038540 0.1479667 0.3883625 0.5289089 0.1957933 0.1557394 0.1526619 0.1546008 0.1477461 0.1545076 0.1563457 0.2217625 0.0894642 0.1697693 0.1550368 0.1515986 0.1529838 0.1513223 0.2172798 0.1615356 0.1480899 0.0978059 0.0813138 0.1803343 0.2115560 0.4024824 0.1619952 0.1832875 0.1691504 0.1060299 0.0350407 0.1476500 0.0841726 0.1580856 0.1503836 0.1506943 0.0000000 0.1510487 0.0387695 0.0801028 0.1501946 0.1524593 0.1554876 0.0300627 0.1510669 0.1480334 0.1479146 0.1561895 0.1512425 0.4745854 0.1075309 0.1606041 0.1524253 0.1535599 0.0944368 0.0695886 0.1317004 0.1856556 0.1545665 0.0923562 0.1478422 0.2035648 0.5073199 0.1124309 0.1842093 0.1467854 0.1774577 0.1529646 0.1546558 0.1916547 0.1451964 0.2093845 0.0786340 0.1574648 0.1532466 0.0644727 0.1550214 0.1490701 0.0955197 
Perityle_gracilis_11                       0.0752967 0.1217069 0.1485296 0.2455086 0.1500460 0.1277246 0.1490343 0.1344044 0.3660305 0.1256059 0.1558854 0.0418101 0.0085456 0.0376054 0.0501895 0.0482119 0.0644714 0.1798316 0.1105273 0.0442021 0.0329247 0.0415850 0.0523828 0.0409158 0.0950154 0.0471886 0.0480936 0.1406058 0.1350990 0.0948307 0.1074996 0.1181448 0.1041771 0.1708520 0.0453903 0.0928974 0.1545553 0.0384263 0.1309552 0.0504393 0.0313098 0.0337667 0.1510487 0.0000000 0.1574701 0.1478347 0.0412509 0.0041138 0.0454619 0.1432343 0.0241421 0.0556329 0.0369660 0.0407943 0.0354398 0.0937979 0.1203961 0.0502880 0.0492471 0.0445430 0.1434889 0.1128735 0.1213371 0.0726731 0.0396025 0.1130162 0.0412379 0.1638619 0.1761457 0.0375675 0.0548631 0.0327662 0.0962827 0.0458893 0.0451667 0.0584863 0.0429572 0.1661998 0.1465929 0.0360518 0.0397400 0.0997644 0.0454764 0.0927892 0.0885330 
