85
Amauria_brandeegeana_62                    0.0000000 0.1527099 0.1337532 0.2800244 0.2927933 0.2189425 0.1922892 0.1552689 0.3641621 0.4158834 0.1832020 0.1509759 0.1389301 0.1505582 0.1272038 0.1322155 0.1425593 0.2166575 0.2516689 0.3039214 0.1439690 0.1445848 0.0921249 0.1394755 0.2010018 0.1501806 0.2286091 0.1619035 0.1647497 0.1085329 0.1140567 0.1517062 0.2831836 0.1475675 0.1193598 0.1582764 0.1454092 0.2178334 0.1525661 0.1450458 0.1510201 0.1576759 0.1308952 0.1670238 0.1542836 0.1416617 0.1520242 0.1272157 0.1475956 0.1454795 0.2739318 0.1462651 0.1377052 0.1395955 0.2171415 0.1105035 0.1276411 0.1446552 0.1466410 0.1145392 0.1047562 0.1614974 0.1044594 0.1544240 0.1552598 0.2163902 0.1824167 0.1814019 0.0487420 0.2076078 0.1986348 0.1418599 0.1274533 0.1431189 0.1512072 0.1622994 0.2338509 0.1715479 0.1466777 0.1190571 0.0503513 0.1514666 0.1354411 0.1024937 0.0927938 
Amauria_carterae_99_mesa                   0.1527099 0.0000000 0.1430461 0.2374464 0.2388222 0.0898804 0.2091156 0.1459653 0.3469004 0.2611564 0.1421561 0.1402922 0.1299433 0.1325308 0.0904101 0.1640408 0.1378801 0.1652202 0.2088469 0.3039751 0.1267498 0.1311601 0.0743580 0.1343557 0.1438965 0.1384120 0.1764316 0.1651024 0.1428541 0.0929510 0.1429231 0.1512321 0.1887507 0.1294740 0.1334929 0.1550607 0.1124065 0.2240749 0.1423742 0.1346236 0.1346132 0.1314764 0.1583084 0.1559868 0.1639383 0.1366691 0.1303330 0.1479659 0.1144920 0.1176683 0.2050020 0.1291129 0.1341247 0.1508264 0.1803670 0.1119823 0.1067003 0.1285271 0.1298556 0.1135586 0.1071100 0.1354425 0.0972884 0.1345552 0.1680028 0.1718966 0.1934588 0.1666948 0.0574136 0.1782372 0.1979261 0.1321498 0.1581307 0.1295078 0.1345286 0.0993951 0.2030908 0.1546169 0.1400801 0.1283535 0.0769955 0.1431280 0.1268763 0.1251570 0.1227118 
Amauria_rotundifolia_SRR9119150            0.1337532 0.1430461 0.0000000 0.2636478 0.2074687 0.1172226 0.2000174 0.1329592 0.3648395 0.2802895 0.1538261 0.1299864 0.1204263 0.1205509 0.1025508 0.1376149 0.1213991 0.1974224 0.2198704 0.3018454 0.1160028 0.1283489 0.1103638 0.1116937 0.1464059 0.1199490 0.1805135 0.1366546 0.1669405 0.1061558 0.1807621 0.1538596 0.2021617 0.1101259 0.1273445 0.1384843 0.1204011 0.2175797 0.1420656 0.1200131 0.1165691 0.1298028 0.1101050 0.1351455 0.1484506 0.1203487 0.1076791 0.1209805 0.1183903 0.1199213 0.2092119 0.1160060 0.1192379 0.1413729 0.2009323 0.1168257 0.1233020 0.1158171 0.1194815 0.1217667 0.1141401 0.1854759 0.1021722 0.1195674 0.1388030 0.1730055 0.1906646 0.1569926 0.0545041 0.1585008 0.1614909 0.1361519 0.1130717 0.1305520 0.1235086 0.1332132 0.1973859 0.1538495 0.1248311 0.1188537 0.0810192 0.1265350 0.1274732 0.1095059 0.0828894 
Conoclinium_coelestinum_SRR9119114         0.2800244 0.2374464 0.2636478 0.0000000 0.2780151 0.1734338 0.2489481 0.1951587 0.4087165 0.3690662 0.2800470 0.2421642 0.2287550 0.2353279 0.2120107 0.2935377 0.1893166 0.2841083 0.2834371 0.3930287 0.2226447 0.2268162 0.1818720 0.2349143 0.2503356 0.2328619 0.2682874 0.2644824 0.2857212 0.2390782 0.2072366 0.2683900 0.2718308 0.2316911 0.2503946 0.2528776 0.2209266 0.2894870 0.2435757 0.2387024 0.2351498 0.2512385 0.2758068 0.2560595 0.2111814 0.2275561 0.2309044 0.2563764 0.1684443 0.1796843 0.2878099 0.2356319 0.2398928 0.2566517 0.3110618 0.1872173 0.2048596 0.2088528 0.2346820 0.2738764 0.1460039 0.2716221 0.1946948 0.2385715 0.2871662 0.2652390 0.2505930 0.2299622 0.0835060 0.2514993 0.2563679 0.2366730 0.2815663 0.2388425 0.2379419 0.1819997 0.2719793 0.2678429 0.2398844 0.2235535 0.1218263 0.2364287 0.2247434 0.2158800 0.1932252 
Eutetras_palmeri_63                        0.2927933 0.2388222 0.2074687 0.2780151 0.0000000 0.0170079 0.2768108 0.1584052 0.4568627 0.2718232 0.2439039 0.2641340 0.2589747 0.2628845 0.1540140 0.3652191 0.3218832 0.3242975 0.3041925 0.5345039 0.2317876 0.2640556 0.1446407 0.2637139 0.2480104 0.2614329 0.2673663 0.2834482 0.2874995 0.2435948 0.2094497 0.3012454 0.2089831 0.2653692 0.3656893 0.2820523 0.2109589 0.4807179 0.2390633 0.2618413 0.2602931 0.2326926 0.3491509 0.2454298 0.2702787 0.2684981 0.2325376 0.3533993 0.1277849 0.2150803 0.3519770 0.2585743 0.2332726 0.3275351 0.3299114 0.2430851 0.1689825 0.2522809 0.2596277 0.2911026 0.1499272 0.3054075 0.1936656 0.2684296 0.2885313 0.2626904 0.3084898 0.2574913 0.2079766 0.2264896 0.3055792 0.2702740 0.3735656 0.2549961 0.2694452 0.1439984 0.2887794 0.3011248 0.2700536 0.3145117 0.1552082 0.2744437 0.2546965 0.2013133 0.2108973 
Eutetras_pringlei_149_quer                 0.2189425 0.0898804 0.1172226 0.1734338 0.0170079 0.0000000 0.4775960 0.1565863 0.3570814 0.1127929 0.1110173 0.0903517 0.0974428 0.1003756 0.1001736 0.5623920 0.0933112 0.1772588 0.1471331 0.0000010 0.0919868 0.1004358 0.8195373 0.0917136 0.1089383 0.1003939 0.0793155 0.1557514 0.2014764 0.0000010 0.2016372 0.1847950 0.1128017 0.0875968 0.0000010 0.1266290 0.1016000 0.6044378 0.0893499 0.0898851 0.0919328 0.1313549 0.0000010 0.1370614 0.1593081 0.1028009 0.0920017 0.0000010 0.1266213 0.1115331 0.1085609 0.0837678 0.0793155 0.1287590 0.1710621 0.1249076 0.0897739 0.1141150 0.0946886 0.8255414 0.0835612 0.0000010 0.0758630 0.1031683 0.1773494 0.0820480 0.1499813 0.1114326 0.0000010 0.0978551 0.0974834 0.1368197 0.0000010 0.0831719 0.1142509 0.0783086 0.1114173 0.1654717 0.1088980 0.0000010 0.1205579 0.1111335 0.1032740 0.1151291 0.0861258 
Eutrochium_fistulosum_SRR9119106           0.1922892 0.2091156 0.2000174 0.2489481 0.2768108 0.4775960 0.0000000 0.5126361 0.3579257 0.7211866 0.1985428 0.1982308 0.1936452 0.1921409 0.1808717 0.1662358 0.1841711 0.2143028 0.2737073 0.2808385 0.1946238 0.2021186 0.1161887 0.1901256 0.2339813 0.1905225 0.2533581 0.2387063 0.1870625 0.1449180 0.1925392 0.1894693 0.6813045 0.1795314 0.1447733 0.2283945 0.1867541 0.2352901 0.1939599 0.1895021 0.1920499 0.2221260 0.1576055 0.2031341 0.2111346 0.1939442 0.1904849 0.1680737 0.1627062 0.1900926 0.3197182 0.1954684 0.2053939 0.1928155 0.2100416 0.2212721 0.2069309 0.1987566 0.1938552 0.1772376 0.1835942 0.1834597 0.2087250 0.1953235 0.2239673 0.2550570 0.2539225 0.2928680 0.0997959 0.2629300 0.2445934 0.1874819 0.1548771 0.1915245 0.1901331 0.2005202 0.2655171 0.1830964 0.1845086 0.1496752 0.1330215 0.1967435 0.1872658 0.1700057 0.1319771 
Galeana_pratensis_104_mex                  0.1552689 0.1459653 0.1329592 0.1951587 0.1584052 0.1565863 0.5126361 0.0000000 0.3528623 0.1245311 0.1403153 0.1296241 0.1256721 0.1365982 0.1148868 0.4796871 0.1343596 0.1512631 0.1888429 0.0000010 0.1108868 0.1263300 0.7839349 0.1286569 0.1152014 0.1187343 0.1288569 0.1364166 0.1922871 0.0000010 0.3362989 0.1527640 0.1281824 0.1324045 0.0000010 0.1396655 0.1181826 0.0000010 0.1406020 0.1400153 0.1253818 0.1291753 0.0000010 0.1326503 0.1588488 0.1144817 0.1252922 0.0000010 0.1188446 0.1301506 0.1253748 0.1287523 0.1288569 0.2044568 0.2226966 0.1519937 0.1412941 0.1298710 0.1111641 0.0000010 0.1734838 0.0000010 0.1400964 0.1259463 0.2010591 0.1325271 0.1504168 0.1388700 0.0000010 0.1217176 0.1330741 0.1436730 0.0000010 0.1451759 0.1254623 0.1324782 0.1349132 0.1605508 0.1256986 0.0000010 0.1862342 0.1259616 0.1360976 0.1401983 0.1421502 
Helianthus_annuus_SRR9119062               0.3641621 0.3469004 0.3648395 0.4087165 0.4568627 0.3570814 0.3579257 0.3528623 0.0000000 0.5753661 0.3495240 0.3751374 0.3666441 0.3638907 0.2696238 0.3954941 0.3552120 0.4050613 0.3937158 0.4311524 0.3639173 0.3650580 0.2069271 0.3782085 0.3661125 0.3751794 0.4439584 0.3942974 0.3583695 0.2997094 0.2816579 0.4004506 0.5310836 0.3811748 0.3574283 0.3855755 0.3365060 0.4254109 0.3948926 0.3780878 0.3764991 0.3297673 0.3654153 0.3579193 0.3436642 0.3769288 0.3622664 0.3506051 0.2377953 0.3295270 0.4562626 0.3687178 0.3902502 0.3694095 0.4041586 0.3153120 0.3214069 0.3523937 0.3773040 0.3109866 0.1981299 0.3251827 0.3132982 0.3744364 0.3961140 0.4361031 0.4030835 0.4124055 0.1643405 0.4002142 0.4361179 0.3945332 0.3731478 0.3624643 0.3842723 0.2678381 0.3937786 0.3852095 0.3890982 0.3024409 0.1798554 0.3824680 0.3680540 0.2793487 0.2643408 
Lycapsus_tenuifolius_17                    0.4158834 0.2611564 0.2802895 0.3690662 0.2718232 0.1127929 0.7211866 0.1245311 0.5753661 0.0000000 0.3148200 0.2465239 0.2503580 0.2599556 0.2397213 0.6512031 0.2166309 0.2249951 0.3336817 0.9601080 0.2441501 0.2666886 0.6905239 0.2420229 0.2639217 0.2727434 0.2724343 0.3220002 0.3077332 0.7035024 0.3421156 0.2860897 0.0066786 0.2501140 0.7137009 0.2934986 0.2576646 0.6976371 0.2711647 0.2513920 0.2442385 0.2931070 0.6622162 0.2895795 0.2227793 0.2546079 0.2592736 0.6074003 0.1954568 0.2359836 0.3336611 0.2456279 0.2599307 0.4130106 0.3218226 0.2473569 0.2291074 0.2490419 0.2458268 0.7180552 0.2269325 0.6849275 0.2334322 0.2532357 0.2978277 0.2746976 0.2893479 0.1456465 0.5912030 0.2709744 0.2591777 0.2418759 0.6692194 0.2904380 0.2568693 0.2152005 0.2650803 0.2986760 0.2638247 0.5797943 0.2360759 0.2678014 0.2436160 0.2574366 0.2638335 
Pericome_caudata_50_silver                 0.1832020 0.1421561 0.1538261 0.2800470 0.2439039 0.1110173 0.1985428 0.1403153 0.3495240 0.3148200 0.0000000 0.1391536 0.1347645 0.1315535 0.1159143 0.1370008 0.1418026 0.2141043 0.2203819 0.2779528 0.1198787 0.1446593 0.1171519 0.1242790 0.1502573 0.1457652 0.1713398 0.1544349 0.1703966 0.0960897 0.1958128 0.1560196 0.2470462 0.1301768 0.1188504 0.1480784 0.1276709 0.2114566 0.1431017 0.1358711 0.1295437 0.1569427 0.1338879 0.1589663 0.1609087 0.1305865 0.1358996 0.1143742 0.1442072 0.1267532 0.2137982 0.1244360 0.1363046 0.1559842 0.2268779 0.1228351 0.1345240 0.1363779 0.1318250 0.1091867 0.0995400 0.1563260 0.1115174 0.1308966 0.1700266 0.1574418 0.1898497 0.1496725 0.0658921 0.1527128 0.1448725 0.1422809 0.1295756 0.1315606 0.1367754 0.1493750 0.1808688 0.1712579 0.1339233 0.1012035 0.0830406 0.1410389 0.1325568 0.1194446 0.1066855 
Perityle_aglossa_84_dead_horse             0.1509759 0.1402922 0.1299864 0.2421642 0.2641340 0.0903517 0.1982308 0.1296241 0.3751374 0.2465239 0.1391536 0.0000000 0.0296691 0.0376846 0.0288357 0.1201948 0.0281409 0.2181730 0.2029563 0.1610029 0.0280904 0.0355855 0.0405881 0.0344203 0.0908168 0.0539561 0.1843799 0.1294897 0.1415380 0.1036430 0.1751051 0.1430501 0.1816623 0.0396476 0.1188378 0.1308561 0.0331806 0.1963416 0.1170570 0.0325216 0.0312600 0.1352947 0.0588669 0.1197903 0.1453440 0.0345111 0.0502327 0.0287117 0.1019851 0.0368297 0.1112198 0.0296732 0.1086148 0.0384483 0.2085904 0.1202439 0.0884591 0.0369243 0.0332831 0.1152956 0.1172129 0.1684049 0.0917776 0.0306794 0.1473192 0.1754310 0.1731256 0.1502280 0.0266234 0.1228729 0.1098764 0.1247118 0.0605615 0.0366468 0.0361289 0.0601915 0.1932015 0.1365496 0.0392289 0.0339654 0.0934303 0.0385338 0.1119377 0.1237618 0.0976462 
Perityle_ajoensis_204                      0.1389301 0.1299433 0.1204263 0.2287550 0.2589747 0.0974428 0.1936452 0.1256721 0.3666441 0.2503580 0.1347645 0.0296691 0.0000000 0.0348352 0.0222419 0.1099394 0.0154658 0.2132314 0.2037527 0.1590650 0.0236910 0.0215907 0.0406330 0.0266063 0.0791904 0.0388941 0.1773798 0.1265133 0.1379382 0.0989725 0.1738572 0.1285714 0.1859630 0.0337389 0.1099766 0.1213573 0.0276680 0.1890812 0.1144669 0.0280845 0.0246792 0.1265012 0.0494289 0.1142712 0.1456357 0.0259995 0.0433959 0.0254350 0.0909836 0.0301638 0.1079192 0.0250154 0.1025729 0.0277382 0.1983240 0.1187850 0.0866488 0.0214062 0.0187467 0.1087489 0.1174875 0.1679497 0.0876500 0.0321723 0.1408300 0.1684908 0.1640340 0.1365879 0.0172892 0.1272251 0.1044350 0.1189237 0.0495750 0.0300085 0.0286438 0.0523256 0.1761753 0.1297537 0.0319951 0.0244889 0.0883652 0.0266376 0.1053439 0.1159382 0.0918738 
Perityle_ambrosiifolia_67_green            0.1505582 0.1325308 0.1205509 0.2353279 0.2628845 0.1003756 0.1921409 0.1365982 0.3638907 0.2599556 0.1315535 0.0376846 0.0348352 0.0000000 0.0270834 0.1234335 0.0237812 0.2029637 0.2001271 0.1695244 0.0276408 0.0354665 0.0342684 0.0332423 0.0872491 0.0525152 0.1779482 0.1312214 0.1350398 0.0997969 0.1684962 0.1346323 0.1899603 0.0399933 0.1172451 0.1292261 0.0297051 0.1977336 0.1191020 0.0252294 0.0272064 0.1293779 0.0640582 0.1217137 0.1451402 0.0360486 0.0478100 0.0317783 0.0826740 0.0307565 0.1137622 0.0268883 0.1005660 0.0339146 0.1977698 0.1217138 0.0757771 0.0333879 0.0286738 0.1175333 0.1143655 0.1681498 0.0864659 0.0362839 0.1439811 0.1679507 0.1669262 0.1343994 0.0231488 0.1263918 0.1065625 0.1236995 0.0616722 0.0324511 0.0353340 0.0578988 0.1794938 0.1311604 0.0333326 0.0320488 0.0845275 0.0381200 0.1082903 0.1183100 0.0925747 
Perityle_angustifolia_13_Eagle_creek       0.1272038 0.0904101 0.1025508 0.2120107 0.1540140 0.1001736 0.1808717 0.1148868 0.2696238 0.2397213 0.1159143 0.0288357 0.0222419 0.0270834 0.0000000 0.1008428 0.0121452 0.1349056 0.1741058 0.2209155 0.0177573 0.0237929 0.0438458 0.0276085 0.0295533 0.0418416 0.0792981 0.1107275 0.1190667 0.0632506 0.1594981 0.1176043 0.1774170 0.0272073 0.0656992 0.1082353 0.0250639 0.2146155 0.1000375 0.0250503 0.0222301 0.1154823 0.0660535 0.1088886 0.1197791 0.0267133 0.0444479 0.0275362 0.0902322 0.0229195 0.1098383 0.0231409 0.0793059 0.0234457 0.1378741 0.0996771 0.0687901 0.0267426 0.0159333 0.0921005 0.1135069 0.1251266 0.0746802 0.0251494 0.1209494 0.0804724 0.1450800 0.1200177 0.0164020 0.0483090 0.0240286 0.1004573 0.0656851 0.0212447 0.0276471 0.0383016 0.1696246 0.1140937 0.0259122 0.0240499 0.0817122 0.0331500 0.0761632 0.0894901 0.0858994 
Perityle_batopilensis_97                   0.1322155 0.1640408 0.1376149 0.2935377 0.3652191 0.5623920 0.1662358 0.4796871 0.3954941 0.6512031 0.1370008 0.1201948 0.1099394 0.1234335 0.1008428 0.0000000 0.1027664 0.2332530 0.2622666 0.2532539 0.1151909 0.1149639 0.0774461 0.1068667 0.2048752 0.1094115 0.2607048 0.1256376 0.1370011 0.0854940 0.1037573 0.1303010 0.6405556 0.1193791 0.1094231 0.1456870 0.1169560 0.1658999 0.0215406 0.1143413 0.1134310 0.1298458 0.1050544 0.1316431 0.1610589 0.1129356 0.1128407 0.1071773 0.0852262 0.1202347 0.2457418 0.1112986 0.1247489 0.1147759 0.2294648 0.0983333 0.1064098 0.1122125 0.1101226 0.1271567 0.1309822 0.1491163 0.1097361 0.1177769 0.1533120 0.2528459 0.2049309 0.2150324 0.0648250 0.2521922 0.2407005 0.1097944 0.1036577 0.1192376 0.1143711 0.1591125 0.2490423 0.1321966 0.1116341 0.1235536 0.0767110 0.1104759 0.1147148 0.1219681 0.0864532 
Perityle_bisetosa_9                        0.1425593 0.1378801 0.1213991 0.1893166 0.3218832 0.0933112 0.1841711 0.1343596 0.3552120 0.2166309 0.1418026 0.0281409 0.0154658 0.0237812 0.0121452 0.1027664 0.0000000 0.2413711 0.1368342 0.0161721 0.0153769 0.0190981 0.0097456 0.0169999 0.0879579 0.0210350 0.2219401 0.1535522 0.1345981 0.0919244 0.1122227 0.1338986 0.2136162 0.0360364 0.1083476 0.1252391 0.0206548 0.1314208 0.1065353 0.0209324 0.0123113 0.1381868 0.0243920 0.1082437 0.1369870 0.0257194 0.0227384 0.0177981 0.0910680 0.0208008 0.0289539 0.0151755 0.1011786 0.0202045 0.2262451 0.1261578 0.0739814 0.0196967 0.0152091 0.0854594 0.0923447 0.0981048 0.0673692 0.0257011 0.1320095 0.2073784 0.1471638 0.1503807 0.0114653 0.1882994 0.1368303 0.1282122 0.0252146 0.0178859 0.0221216 0.0222170 0.1348908 0.1204035 0.0256859 0.0182370 0.0822046 0.0247204 0.1166791 0.1306636 0.0823797 
Perityle_californica_76_positas            0.2166575 0.1652202 0.1974224 0.2841083 0.3242975 0.1772588 0.2143028 0.1512631 0.4050613 0.2249951 0.2141043 0.2181730 0.2132314 0.2029637 0.1349056 0.2332530 0.2413711 0.0000000 0.1839360 0.2980467 0.1845437 0.2043650 0.1049110 0.2081937 0.1936718 0.2213715 0.2382079 0.1991193 0.2147651 0.1103230 0.1776307 0.1930199 0.2058517 0.2226655 0.2317912 0.2259427 0.1516164 0.2727489 0.2040475 0.2139232 0.2124681 0.1671532 0.2365105 0.2198112 0.1848348 0.2194223 0.1932814 0.2100451 0.1381920 0.1748568 0.2599427 0.2107526 0.1766492 0.2375666 0.2216036 0.1244698 0.1496838 0.1892392 0.2144390 0.1412645 0.1464856 0.0975515 0.1046474 0.2187208 0.2130688 0.2267055 0.2403730 0.2569794 0.0885698 0.2300334 0.2646883 0.1944336 0.2430326 0.1909774 0.2244476 0.1383768 0.2353579 0.2196076 0.2248387 0.1221812 0.1044302 0.2196681 0.2107860 0.1164312 0.1777141 
Perityle_canescens_77                      0.2516689 0.2088469 0.2198704 0.2834371 0.3041925 0.1471331 0.2737073 0.1888429 0.3937158 0.3336817 0.2203819 0.2029563 0.2037527 0.2001271 0.1741058 0.2622666 0.1368342 0.1839360 0.0000000 0.3025201 0.1840703 0.2069556 0.1058486 0.1965150 0.2135798 0.1941853 0.2526146 0.2266403 0.1712680 0.1650397 0.1758279 0.2125916 0.2236872 0.2031717 0.2002950 0.2000055 0.1862678 0.2273263 0.2033450 0.1986469 0.1906577 0.1938331 0.2329879 0.1968378 0.1408278 0.1956894 0.1837793 0.2334208 0.1017668 0.1511694 0.2270795 0.1914601 0.2009875 0.2226542 0.2087683 0.1427546 0.1563222 0.1797717 0.1955199 0.1922788 0.0822047 0.2175915 0.1268140 0.1946284 0.1719335 0.2504859 0.2388372 0.1763803 0.0736130 0.2592269 0.2783580 0.1757041 0.2250091 0.2011722 0.2022516 0.1250071 0.2259854 0.1396249 0.2060574 0.1872941 0.0675160 0.2052150 0.1797956 0.1806732 0.1528961 
Perityle_castillonii_96                    0.3039214 0.3039751 0.3018454 0.3930287 0.5345039 0.0000010 0.2808385 0.0000010 0.4311524 0.9601080 0.2779528 0.1610029 0.1590650 0.1695244 0.2209155 0.2532539 0.0161721 0.2980467 0.3025201 0.0000000 0.1540714 0.1607011 0.1801283 0.1591280 0.2791744 0.1718846 0.4368895 0.2678127 0.2576413 0.2198335 0.0998425 0.2302258 0.7087609 0.1614513 0.2096861 0.2740945 0.1812432 0.1917974 0.2522082 0.1625509 0.1524506 0.3209739 0.1809802 0.2705669 0.1388355 0.1595235 0.1816517 0.1589553 0.0418298 0.1269344 0.1855653 0.1508167 0.2844691 0.1578022 0.3436044 0.1668282 0.2330323 0.1310005 0.1564628 0.2547755 0.1081428 0.2859292 0.1666392 0.1559204 0.2870902 0.4284847 0.2776412 0.1130606 0.0085898 0.4227142 0.3312033 0.2067159 0.1764068 0.1756102 0.1566393 0.0922347 0.2694259 0.2277452 0.1594473 0.0913642 0.0610943 0.1580178 0.2096861 0.2835944 0.1829319 
Perityle_cernua_84                         0.1439690 0.1267498 0.1160028 0.2226447 0.2317876 0.0919868 0.1946238 0.1108868 0.3639173 0.2441501 0.1198787 0.0280904 0.0236910 0.0276408 0.0177573 0.1151909 0.0153769 0.1845437 0.1840703 0.1540714 0.0000000 0.0272603 0.0279538 0.0242376 0.0782361 0.0413854 0.1529995 0.1241485 0.1199709 0.1033022 0.1723148 0.1263916 0.1790205 0.0301818 0.1096630 0.1143283 0.0231591 0.1834686 0.1067752 0.0250519 0.0215566 0.1224910 0.0528523 0.1044576 0.1293107 0.0222039 0.0383471 0.0238048 0.0864705 0.0278333 0.1101577 0.0190893 0.0989906 0.0260821 0.1745285 0.1135182 0.0709405 0.0273826 0.0195667 0.1066113 0.1106516 0.1643200 0.0801647 0.0293092 0.1355681 0.1534823 0.1589673 0.1218014 0.0114815 0.1183884 0.1034139 0.1163418 0.0505750 0.0283400 0.0242578 0.0495793 0.1685896 0.1211196 0.0263863 0.0258464 0.0844295 0.0284150 0.0987293 0.1066983 0.0882342 
Perityle_cfvillosa_25_tin                  0.1445848 0.1311601 0.1283489 0.2268162 0.2640556 0.1004358 0.2021186 0.1263300 0.3650580 0.2666886 0.1446593 0.0355855 0.0215907 0.0354665 0.0237929 0.1149639 0.0190981 0.2043650 0.2069556 0.1607011 0.0272603 0.0000000 0.0438498 0.0314854 0.0804553 0.0389747 0.1776340 0.1324939 0.1405646 0.1041063 0.1601699 0.1280437 0.2018119 0.0349013 0.1126553 0.1261723 0.0301761 0.1905608 0.1129887 0.0316503 0.0301103 0.1326194 0.0520957 0.1167765 0.1426700 0.0286802 0.0474503 0.0146984 0.0967896 0.0287872 0.1139950 0.0269576 0.1090289 0.0244537 0.1902240 0.1220154 0.0814919 0.0134771 0.0068805 0.1168320 0.1246508 0.1678527 0.0926840 0.0368565 0.1461128 0.1776414 0.1688331 0.1441133 0.0143598 0.1332408 0.1153864 0.1263602 0.0521958 0.0340684 0.0322666 0.0482883 0.1846254 0.1290766 0.0294059 0.0276272 0.0945558 0.0180210 0.1077743 0.1194614 0.0924146 
Perityle_cinerea_113_Powell1310            0.0921249 0.0743580 0.1103638 0.1818720 0.1446407 0.8195373 0.1161887 0.7839349 0.2069271 0.6905239 0.1171519 0.0405881 0.0406330 0.0342684 0.0438458 0.0774461 0.0097456 0.1049110 0.1058486 0.1801283 0.0279538 0.0438498 0.0000000 0.0438480 0.0342224 0.0708197 0.0987979 0.0878252 0.0842093 0.0535578 0.0591843 0.0990001 0.6681213 0.0312434 0.0576994 0.1185651 0.0246776 0.1536579 0.1088412 0.0278813 0.0437516 0.1258410 0.0566101 0.1257089 0.1147752 0.0437516 0.0707679 0.0324382 0.0699053 0.0341975 0.1246098 0.0375200 0.0953732 0.0291749 0.1156806 0.1080864 0.0891006 0.0373849 0.0438498 0.0576900 0.1796909 0.0851833 0.0821610 0.0341241 0.1104040 0.0987979 0.1383855 0.8195373 0.0124947 0.0278126 0.0246565 0.0711817 0.0532881 0.0228491 0.0372445 0.0359793 0.1719773 0.0707978 0.0278632 0.0242366 0.0321658 0.0470426 0.0791892 0.0842902 0.0783977 
Perityle_coahuilensis_24                   0.1394755 0.1343557 0.1116937 0.2349143 0.2637139 0.0917136 0.1901256 0.1286569 0.3782085 0.2420229 0.1242790 0.0344203 0.0266063 0.0332423 0.0276085 0.1068667 0.0169999 0.2081937 0.1965150 0.1591280 0.0242376 0.0314854 0.0438480 0.0000000 0.0835256 0.0450487 0.1742015 0.1309176 0.1274889 0.0978697 0.1623539 0.1294114 0.1785975 0.0377918 0.1084359 0.1159644 0.0319333 0.1797289 0.1062271 0.0236638 0.0236554 0.1222059 0.0528721 0.1058506 0.1364640 0.0281209 0.0445142 0.0252487 0.0892855 0.0338652 0.1102671 0.0206875 0.1002063 0.0309393 0.1927439 0.1218938 0.0783753 0.0295421 0.0256037 0.1093945 0.1155442 0.1641430 0.0850564 0.0329075 0.1306187 0.1661402 0.1648495 0.1329920 0.0172754 0.1292762 0.0981473 0.1130465 0.0514455 0.0330302 0.0309932 0.0578018 0.1722411 0.1206634 0.0307669 0.0257999 0.0881483 0.0294506 0.1031434 0.1089885 0.0811949 
Perityle_cochisensis_44_cave_creek         0.2010018 0.1438965 0.1464059 0.2503356 0.2480104 0.1089383 0.2339813 0.1152014 0.3661125 0.2639217 0.1502573 0.0908168 0.0791904 0.0872491 0.0295533 0.2048752 0.0879579 0.1936718 0.2135798 0.2791744 0.0782361 0.0804553 0.0342224 0.0835256 0.0000000 0.0976511 0.1585217 0.1685666 0.1558951 0.1475083 0.1892593 0.1715827 0.1931578 0.0840141 0.1926410 0.1628325 0.0660518 0.2806053 0.1637229 0.0839538 0.0789679 0.1510187 0.1325941 0.1560787 0.1762623 0.0803728 0.1035837 0.1112812 0.1217599 0.0581403 0.1675359 0.0666594 0.1334011 0.1030338 0.1915765 0.1274849 0.0932550 0.0703772 0.0760260 0.1462928 0.1194222 0.1874569 0.1007829 0.0835707 0.1830189 0.1561454 0.1982745 0.1516263 0.0261699 0.1414344 0.1276995 0.1651533 0.1422295 0.0955706 0.0868637 0.0738318 0.1893021 0.1829309 0.0830697 0.1074766 0.0904682 0.0828106 0.1479363 0.1047778 0.1131638 
Perityle_congesta_202                      0.1501806 0.1384120 0.1199490 0.2328619 0.2614329 0.1003939 0.1905225 0.1187343 0.3751794 0.2727434 0.1457652 0.0539561 0.0388941 0.0525152 0.0418416 0.1094115 0.0210350 0.2213715 0.1941853 0.1718846 0.0413854 0.0389747 0.0708197 0.0450487 0.0976511 0.0000000 0.1824201 0.1318009 0.1389866 0.0923368 0.1769163 0.1376726 0.1992936 0.0546386 0.1040791 0.1233594 0.0498663 0.1850297 0.1138176 0.0466489 0.0419247 0.1271831 0.0155344 0.1140515 0.1490513 0.0424280 0.0203342 0.0499741 0.0958066 0.0398870 0.1169513 0.0404586 0.1113308 0.0484964 0.2133640 0.1289824 0.0867585 0.0344573 0.0384127 0.1077484 0.1211788 0.1605810 0.0955950 0.0488483 0.1426800 0.1743621 0.1757937 0.1408603 0.0172817 0.1493415 0.1239127 0.1200935 0.0151235 0.0458295 0.0455427 0.0538911 0.1813886 0.1235051 0.0458397 0.0468502 0.0964429 0.0410391 0.1066006 0.1226171 0.0940739 
Perityle_cordifolia_27                     0.2286091 0.1764316 0.1805135 0.2682874 0.2673663 0.0793155 0.2533581 0.1288569 0.4439584 0.2724343 0.1713398 0.1843799 0.1773798 0.1779482 0.0792981 0.2607048 0.2219401 0.2382079 0.2526146 0.4368895 0.1529995 0.1776340 0.0987979 0.1742015 0.1585217 0.1824201 0.0000000 0.1834309 0.2044032 0.2067509 0.1816415 0.2151773 0.1920666 0.1813297 0.2683524 0.2136066 0.1400536 0.3678895 0.1879776 0.1780818 0.1767641 0.1646955 0.2707264 0.1967536 0.1954917 0.1818507 0.1585828 0.2328913 0.1145337 0.1509653 0.2671510 0.1728384 0.0852099 0.2209361 0.2297377 0.1206263 0.1228175 0.1584341 0.1739571 0.2047234 0.1123229 0.2535861 0.0591289 0.1828266 0.2113095 0.0196657 0.2321730 0.1927346 0.1106698 0.1837764 0.1995999 0.2011866 0.2699793 0.1682004 0.1803899 0.0905727 0.2192710 0.2110206 0.1792113 0.2132341 0.0940636 0.1857078 0.1720434 0.1233300 0.1431819 
Perityle_cordifolia_68_tecolote            0.1619035 0.1651024 0.1366546 0.2644824 0.2834482 0.1557514 0.2387063 0.1364166 0.3942974 0.3220002 0.1544349 0.1294897 0.1265133 0.1312214 0.1107275 0.1256376 0.1535522 0.1991193 0.2266403 0.2678127 0.1241485 0.1324939 0.0878252 0.1309176 0.1685666 0.1318009 0.1834309 0.0000000 0.1647051 0.1099039 0.2218769 0.1569186 0.2547933 0.1222791 0.1194614 0.1534345 0.1223186 0.1931202 0.1351948 0.1306396 0.1323937 0.1571808 0.1301731 0.1430523 0.1448825 0.1294332 0.1242221 0.1280265 0.1477292 0.1279666 0.2167047 0.1312472 0.1117421 0.1656275 0.1999943 0.0484480 0.1496943 0.1281177 0.1263622 0.1193869 0.1366403 0.1692541 0.0981156 0.1303092 0.1594492 0.1783884 0.1899801 0.1751269 0.0980275 0.1864047 0.1938682 0.1327659 0.1327127 0.1406592 0.1322944 0.1474007 0.2164964 0.1640200 0.1337279 0.1361863 0.1124057 0.1369108 0.1248009 0.1208257 0.0991502 
Perityle_coronopifolia_28_patagonia        0.1647497 0.1428541 0.1669405 0.2857212 0.2874995 0.2014764 0.1870625 0.1922871 0.3583695 0.3077332 0.1703966 0.1415380 0.1379382 0.1350398 0.1190667 0.1370011 0.1345981 0.2147651 0.1712680 0.2576413 0.1199709 0.1405646 0.0842093 0.1274889 0.1558951 0.1389866 0.2044032 0.1647051 0.0000000 0.0698081 0.1841622 0.1583126 0.2402743 0.1370803 0.1199521 0.1565400 0.1261121 0.2090003 0.1519209 0.1372813 0.1290794 0.1484387 0.1220673 0.1549750 0.1276505 0.1308213 0.1296633 0.1084776 0.1319498 0.1347659 0.2251914 0.1319926 0.1495177 0.1442133 0.1700318 0.1354456 0.1392370 0.1325946 0.1349329 0.0610774 0.0956614 0.1325106 0.1199208 0.1376897 0.1271471 0.2006346 0.1991868 0.2097375 0.0592264 0.1771250 0.1800169 0.1512193 0.1224422 0.1295217 0.1350389 0.1311629 0.2240085 0.1055701 0.1405458 0.0908519 0.0529057 0.1413297 0.1514423 0.1175614 0.1234834 
Perityle_crassifolia_70_ventanas           0.1085329 0.0929510 0.1061558 0.2390782 0.2435948 0.0000010 0.1449180 0.0000010 0.2997094 0.7035024 0.0960897 0.1036430 0.0989725 0.0997969 0.0632506 0.0854940 0.0919244 0.1103230 0.1650397 0.2198335 0.1033022 0.1041063 0.0535578 0.0978697 0.1475083 0.0923368 0.2067509 0.1099039 0.0698081 0.0000000 0.0459270 0.0833621 0.7259744 0.1036070 0.0075143 0.1104838 0.1040175 0.1339063 0.0890708 0.1035066 0.0996964 0.1086363 0.0915202 0.0925678 0.1055300 0.1031642 0.0880756 0.0997320 0.0730719 0.1009497 0.2238167 0.0931897 0.1012972 0.0978587 0.1254963 0.0919614 0.0770661 0.0894126 0.0989382 0.0826492 0.0736405 0.1448931 0.0910774 0.1046189 0.1123484 0.2092179 0.1634046 0.0242944 0.0553181 0.2271598 0.2291256 0.0045848 0.0885067 0.1025188 0.0995289 0.1078383 0.1707020 0.0934622 0.1048110 0.1098941 0.0451563 0.0997320 0.0075143 0.0830158 0.0574554 
Perityle_crassifolia_74_playa_balandra     0.1140567 0.1429231 0.1807621 0.2072366 0.2094497 0.2016372 0.1925392 0.3362989 0.2816579 0.3421156 0.1958128 0.1751051 0.1738572 0.1684962 0.1594981 0.1037573 0.1122227 0.1776307 0.1758279 0.0998425 0.1723148 0.1601699 0.0591843 0.1623539 0.1892593 0.1769163 0.1816415 0.2218769 0.1841622 0.0459270 0.0000000 0.2034464 0.3343637 0.1870448 0.0484356 0.1914564 0.1850677 0.1311455 0.1761167 0.1707333 0.1681389 0.1995583 0.0956658 0.1946411 0.1847501 0.1838462 0.1759367 0.1052970 0.1585656 0.1748742 0.1804926 0.1647884 0.1714817 0.1168327 0.1812693 0.1471155 0.1358042 0.1564697 0.1786388 0.0688649 0.1297045 0.0871659 0.1295437 0.1766047 0.1925311 0.1851070 0.2003763 0.2475664 0.0459773 0.2072121 0.1839357 0.1701581 0.1016308 0.1400186 0.1812686 0.1286540 0.1951320 0.1852859 0.1821079 0.0908912 0.0974024 0.1785820 0.1532341 0.1524015 0.1213697 
Perityle_cuneata_34_cuneata_San_antonio    0.1517062 0.1512321 0.1538596 0.2683900 0.3012454 0.1847950 0.1894693 0.1527640 0.4004506 0.2860897 0.1560196 0.1430501 0.1285714 0.1346323 0.1176043 0.1303010 0.1338986 0.1930199 0.2125916 0.2302258 0.1263916 0.1280437 0.0990001 0.1294114 0.1715827 0.1376726 0.2151773 0.1569186 0.1583126 0.0833621 0.2034464 0.0000000 0.2241320 0.1351829 0.0934556 0.1540069 0.1289642 0.1661762 0.1455738 0.1400522 0.1300153 0.1637024 0.1136798 0.1431441 0.1748683 0.1325328 0.1347743 0.1064501 0.1486878 0.1260533 0.2122690 0.1265377 0.1474295 0.1391011 0.2227782 0.1476641 0.1424645 0.1309741 0.1268913 0.1198324 0.1247163 0.1543099 0.1340705 0.1390699 0.1656276 0.2080841 0.1827073 0.1750683 0.0498006 0.2174710 0.2083506 0.1297764 0.1206371 0.1325272 0.1353878 0.1540172 0.2111798 0.1553726 0.1366678 0.1058300 0.0884736 0.1388167 0.1325739 0.1164877 0.0893279 
Perityle_discoidea_81                      0.2831836 0.1887507 0.2021617 0.2718308 0.2089831 0.1128017 0.6813045 0.1281824 0.5310836 0.0066786 0.2470462 0.1816623 0.1859630 0.1899603 0.1774170 0.6405556 0.2136162 0.2058517 0.2236872 0.7087609 0.1790205 0.2018119 0.6681213 0.1785975 0.1931578 0.1992936 0.1920666 0.2547933 0.2402743 0.7259744 0.3343637 0.2241320 0.0000000 0.1822859 0.7448195 0.2167255 0.1916429 0.6726513 0.1991085 0.1892838 0.1787169 0.2270445 0.6135091 0.2151877 0.2175178 0.1893654 0.1858804 0.5910748 0.2013916 0.2005829 0.1918915 0.1789680 0.1810971 0.3174326 0.2465773 0.2488560 0.1963523 0.2007872 0.1810376 0.6333341 0.2272661 0.5827720 0.2086108 0.1879266 0.2195638 0.1942619 0.2204836 0.1393853 0.5912030 0.2090099 0.1939477 0.1943460 0.6128587 0.2075723 0.1896941 0.1931535 0.2119179 0.2280871 0.1989170 0.6483514 0.2408571 0.2070406 0.1926174 0.1950616 0.2324919 
Perityle_dissecta_201                      0.1475675 0.1294740 0.1101259 0.2316911 0.2653692 0.0875968 0.1795314 0.1324045 0.3811748 0.2501140 0.1301768 0.0396476 0.0337389 0.0399933 0.0272073 0.1193791 0.0360364 0.2226655 0.2031717 0.1614513 0.0301818 0.0349013 0.0312434 0.0377918 0.0840141 0.0546386 0.1813297 0.1222791 0.1370803 0.1036070 0.1870448 0.1351829 0.1822859 0.0000000 0.1189738 0.1248444 0.0293164 0.1846252 0.1200672 0.0352995 0.0333047 0.1288519 0.0619638 0.1118363 0.1480039 0.0338505 0.0480889 0.0275205 0.0885442 0.0376512 0.1186060 0.0310668 0.1056485 0.0396634 0.2079735 0.1116759 0.0893114 0.0384796 0.0346369 0.1161872 0.1106345 0.1610003 0.0844831 0.0327003 0.1448842 0.1758015 0.1723850 0.1500341 0.0172606 0.1289213 0.1107907 0.1184984 0.0613761 0.0376866 0.0347966 0.0620072 0.1860758 0.1290297 0.0399252 0.0258151 0.0920206 0.0405690 0.1057906 0.1121101 0.0855771 
Perityle_emoryi_47_punta_san_jose          0.1193598 0.1334929 0.1273445 0.2503946 0.3656893 0.0000010 0.1447733 0.0000010 0.3574283 0.7137009 0.1188504 0.1188378 0.1099766 0.1172451 0.0656992 0.1094231 0.1083476 0.2317912 0.2002950 0.2096861 0.1096630 0.1126553 0.0576994 0.1084359 0.1926410 0.1040791 0.2683524 0.1194614 0.1199521 0.0075143 0.0484356 0.0934556 0.7448195 0.1189738 0.0000000 0.1263582 0.1059677 0.1385920 0.1120177 0.1186804 0.1142253 0.1142176 0.1007194 0.1096937 0.1425113 0.1128407 0.0963788 0.1058510 0.0798829 0.1082843 0.2202475 0.1074377 0.1119243 0.1084846 0.2288810 0.0999165 0.0976670 0.1006953 0.1137252 0.0965707 0.0774318 0.1447728 0.0962955 0.1200104 0.1220373 0.2566305 0.1697890 0.1353816 0.0552607 0.2544593 0.2437620 0.0085632 0.1011147 0.1103038 0.1125465 0.1190317 0.1861964 0.1246320 0.1181782 0.1100360 0.0486444 0.1127840 0.0000010 0.1063455 0.0945002 
Perityle_feddemae_99                       0.1582764 0.1550607 0.1384843 0.2528776 0.2820523 0.1266290 0.2283945 0.1396655 0.3855755 0.2934986 0.1480784 0.1308561 0.1213573 0.1292261 0.1082353 0.1456870 0.1252391 0.2259427 0.2000055 0.2740945 0.1143283 0.1261723 0.1185651 0.1159644 0.1628325 0.1233594 0.2136066 0.1534345 0.1565400 0.1104838 0.1914564 0.1540069 0.2167255 0.1248444 0.1263582 0.0000000 0.1149917 0.1926455 0.1424503 0.1259352 0.1189499 0.0350766 0.1295554 0.0266060 0.1463451 0.1199174 0.1137950 0.1256971 0.0261153 0.1124652 0.2009445 0.1176371 0.1414112 0.1346104 0.2112709 0.1371633 0.1211996 0.1184050 0.1195240 0.1413446 0.1355079 0.1841623 0.1223723 0.1271847 0.1375159 0.2038914 0.1929551 0.1627087 0.0940474 0.1994895 0.2103143 0.1361945 0.1309457 0.1221765 0.1266979 0.1254277 0.2011883 0.1557643 0.1279101 0.1253187 0.1102826 0.1294080 0.1284689 0.1341609 0.1190871 
Perityle_fosteri_93                        0.1454092 0.1124065 0.1204011 0.2209266 0.2109589 0.1016000 0.1867541 0.1181826 0.3365060 0.2576646 0.1276709 0.0331806 0.0276680 0.0297051 0.0250639 0.1169560 0.0206548 0.1516164 0.1862678 0.1812432 0.0231591 0.0301761 0.0246776 0.0319333 0.0660518 0.0498663 0.1400536 0.1223186 0.1261121 0.1040175 0.1850677 0.1289642 0.1916429 0.0293164 0.1059677 0.1149917 0.0000000 0.1928724 0.1165926 0.0291242 0.0275478 0.1258170 0.0551648 0.1036831 0.1369573 0.0260531 0.0457112 0.0228850 0.0795936 0.0286406 0.1206221 0.0257522 0.1029666 0.0297061 0.1485249 0.1128592 0.0735507 0.0285454 0.0246909 0.1013097 0.1158454 0.1681834 0.0868088 0.0284626 0.1438104 0.1413211 0.1639426 0.1317209 0.0143697 0.1079998 0.0950377 0.1213483 0.0566678 0.0296586 0.0275070 0.0568105 0.1781284 0.1271782 0.0305625 0.0227574 0.0863776 0.0357337 0.1040170 0.1051039 0.0789684 
Perityle_gamon_221                         0.2178334 0.2240749 0.2175797 0.2894870 0.4807179 0.6044378 0.2352901 0.0000010 0.4254109 0.6976371 0.2114566 0.1963416 0.1890812 0.1977336 0.2146155 0.1658999 0.1314208 0.2727489 0.2273263 0.1917974 0.1834686 0.1905608 0.1536579 0.1797289 0.2806053 0.1850297 0.3678895 0.1931202 0.2090003 0.1339063 0.1311455 0.1661762 0.6726513 0.1846252 0.1385920 0.1926455 0.1928724 0.0000000 0.1820789 0.1894061 0.1858106 0.2174883 0.1770436 0.1883153 0.1528443 0.1832206 0.1735863 0.1752235 0.1150843 0.1643054 0.2180005 0.1861489 0.1974152 0.1939940 0.3166982 0.1277153 0.1640386 0.1864796 0.1875222 0.1685856 0.1580092 0.1265355 0.1129413 0.1885810 0.1773484 0.3713478 0.2216055 0.1644486 0.0649546 0.3724775 0.3607385 0.1446012 0.1746281 0.1858242 0.1877319 0.1542520 0.2096482 0.1987294 0.1903205 0.1425983 0.1021532 0.1860511 0.1449537 0.2294394 0.1537956 
Perityle_gentryi_8_san_francisco           0.1525661 0.1423742 0.1420656 0.2435757 0.2390633 0.0893499 0.1939599 0.1406020 0.3948926 0.2711647 0.1431017 0.1170570 0.1144669 0.1191020 0.1000375 0.0215406 0.1065353 0.2040475 0.2033450 0.2522082 0.1067752 0.1129887 0.1088412 0.1062271 0.1637229 0.1138176 0.1879776 0.1351948 0.1519209 0.0890708 0.1761167 0.1455738 0.1991085 0.1200672 0.1120177 0.1424503 0.1165926 0.1820789 0.0000000 0.1155116 0.1099790 0.1454216 0.1113006 0.1456065 0.1609107 0.1166385 0.1069713 0.1085768 0.1204948 0.1149801 0.1947522 0.1085682 0.1183160 0.1280164 0.2111843 0.1022997 0.1006443 0.1118830 0.1107707 0.1282676 0.1186618 0.1533899 0.0945247 0.1150643 0.1614823 0.1824014 0.1842026 0.1429489 0.0650101 0.1933527 0.1989420 0.1231661 0.1156471 0.1170974 0.1153518 0.1206972 0.1895441 0.1435244 0.1145427 0.1278242 0.0926800 0.1167635 0.1118530 0.1227614 0.0935977 
Perityle_gilensis_22_Superstition          0.1450458 0.1346236 0.1200131 0.2387024 0.2618413 0.0898851 0.1895021 0.1400153 0.3780878 0.2513920 0.1358711 0.0325216 0.0280845 0.0252294 0.0250503 0.1143413 0.0209324 0.2139232 0.1986469 0.1625509 0.0250519 0.0316503 0.0278813 0.0236638 0.0839538 0.0466489 0.1780818 0.1306396 0.1372813 0.1035066 0.1707333 0.1400522 0.1892838 0.0352995 0.1186804 0.1259352 0.0291242 0.1894061 0.1155116 0.0000000 0.0244141 0.1256081 0.0530000 0.1146893 0.1481854 0.0295863 0.0447631 0.0274640 0.0930552 0.0308644 0.1107817 0.0227690 0.1060093 0.0310992 0.2027785 0.1178919 0.0786228 0.0326883 0.0277070 0.1096536 0.1157635 0.1684320 0.0837845 0.0323969 0.1409403 0.1692200 0.1663161 0.1426745 0.0143997 0.1220171 0.0961637 0.1231394 0.0526465 0.0331799 0.0317958 0.0552658 0.1822894 0.1278066 0.0315823 0.0290336 0.0882669 0.0342037 0.1104642 0.1182849 0.0879920 
Perityle_gilensis_salensis_225             0.1510201 0.1346132 0.1165691 0.2351498 0.2602931 0.0919328 0.1920499 0.1253818 0.3764991 0.2442385 0.1295437 0.0312600 0.0246792 0.0272064 0.0222301 0.1134310 0.0123113 0.2124681 0.1906577 0.1524506 0.0215566 0.0301103 0.0437516 0.0236554 0.0789679 0.0419247 0.1767641 0.1323937 0.1290794 0.0996964 0.1681389 0.1300153 0.1787169 0.0333047 0.1142253 0.1189499 0.0275478 0.1858106 0.1099790 0.0244141 0.0000000 0.1214997 0.0485738 0.1114429 0.1373738 0.0263156 0.0390072 0.0263534 0.0879405 0.0284384 0.1042237 0.0161515 0.1015291 0.0267199 0.1990598 0.1223985 0.0774094 0.0303334 0.0224815 0.1127170 0.1071414 0.1659855 0.0838154 0.0291189 0.1361331 0.1644128 0.1638862 0.1328787 0.0143585 0.1277494 0.1014470 0.1163002 0.0485505 0.0290693 0.0290920 0.0536498 0.1753957 0.1229840 0.0289676 0.0273590 0.0843344 0.0315637 0.1046291 0.1112422 0.0866683 
Perityle_glaucescens_94                    0.1576759 0.1314764 0.1298028 0.2512385 0.2326926 0.1313549 0.2221260 0.1291753 0.3297673 0.2931070 0.1569427 0.1352947 0.1265012 0.1293779 0.1154823 0.1298458 0.1381868 0.1671532 0.1938331 0.3209739 0.1224910 0.1326194 0.1258410 0.1222059 0.1510187 0.1271831 0.1646955 0.1571808 0.1484387 0.1086363 0.1995583 0.1637024 0.2270445 0.1288519 0.1142176 0.0350766 0.1258170 0.2174883 0.1454216 0.1256081 0.1214997 0.0000000 0.1297145 0.0210688 0.1411388 0.1257977 0.1226376 0.1322145 0.0130377 0.1318514 0.2223475 0.1228624 0.1351731 0.1429077 0.1512063 0.1412313 0.1140360 0.1346920 0.1226644 0.1379781 0.1299268 0.1857141 0.1365256 0.1305250 0.1374275 0.1660187 0.1914303 0.1327707 0.0969670 0.1723261 0.1821080 0.1410782 0.1299369 0.1328669 0.1330187 0.1325131 0.1871173 0.1519886 0.1342479 0.1472081 0.1059670 0.1366822 0.1327361 0.1236174 0.0942293 
Perityle_gracilis_11                       0.1308952 0.1583084 0.1101050 0.2758068 0.3491509 0.0000010 0.1576055 0.0000010 0.3654153 0.6622162 0.1338879 0.0588669 0.0494289 0.0640582 0.0660535 0.1050544 0.0243920 0.2365105 0.2329879 0.1809802 0.0528523 0.0520957 0.0566101 0.0528721 0.1325941 0.0155344 0.2707264 0.1301731 0.1220673 0.0915202 0.0956658 0.1136798 0.6135091 0.0619638 0.1007194 0.1295554 0.0551648 0.1770436 0.1113006 0.0530000 0.0485738 0.1297145 0.0000000 0.1081608 0.1354007 0.0485735 0.0033123 0.0500966 0.0418449 0.0492871 0.1565757 0.0503354 0.1322215 0.0567252 0.2023366 0.1382395 0.1040474 0.0455680 0.0466242 0.1149128 0.1274405 0.1605496 0.1288865 0.0545365 0.1441057 0.2555001 0.2033181 0.1535025 0.0261630 0.2222706 0.1880492 0.0938107 0.0072537 0.0634530 0.0510142 0.0852732 0.2339507 0.1094715 0.0540054 0.0536421 0.0800237 0.0485581 0.1007194 0.1382175 0.0824914 
Perityle_harkerae_31                       0.1670238 0.1559868 0.1351455 0.2560595 0.2454298 0.1370614 0.2031341 0.1326503 0.3579193 0.2895795 0.1589663 0.1197903 0.1142712 0.1217137 0.1088886 0.1316431 0.1082437 0.2198112 0.1968378 0.2705669 0.1044576 0.1167765 0.1257089 0.1058506 0.1560787 0.1140515 0.1967536 0.1430523 0.1549750 0.0925678 0.1946411 0.1431441 0.2151877 0.1118363 0.1096937 0.0266060 0.1036831 0.1883153 0.1456065 0.1146893 0.1114429 0.0210688 0.1081608 0.0000000 0.1377634 0.1108878 0.1012358 0.1044942 0.0041757 0.1042391 0.1919339 0.1100313 0.1354846 0.1264575 0.2163503 0.1243960 0.1165104 0.1117765 0.1108897 0.1327868 0.1150333 0.1824367 0.1250271 0.1167923 0.1299179 0.1882400 0.1722402 0.1473043 0.0593327 0.1650841 0.1782290 0.1325953 0.1080616 0.1109237 0.1178630 0.1284026 0.1928448 0.1415484 0.1192730 0.0973979 0.0779061 0.1208615 0.1261771 0.1258955 0.1115847 
