86
Amauria_brandeegeana_62                    0.0000000 0.0658198 0.0366273 0.2565918 0.1257135 0.3291843 0.2627383 0.1737596 0.1744485 0.0351124 0.1432289 0.1192501 0.1226656 0.1286478 0.1786428 0.0708640 0.3471133 0.1492762 0.1558379 0.1416786 0.1456951 0.1363599 0.1628007 0.1176112 0.1173191 0.1271393 0.2820264 0.1151073 0.1382115 0.1994196 0.2006823 0.0846146 0.1368098 0.0364316 0.1235297 0.0415206 0.1436650 0.1512786 0.1785236 0.0705187 0.1361510 0.1266173 0.1440154 0.1303049 0.1521677 0.1468545 0.1302364 0.1199847 0.1240423 0.1481919 0.3664382 0.1425745 0.1241111 0.4380704 0.1465183 0.1335970 0.0958743 0.0905676 0.1774511 0.1213242 0.1651167 0.1484105 0.1448526 0.3654057 0.1268435 0.1445285 0.2007407 0.1402497 0.1586094 0.1736897 0.1298586 0.1176112 0.2473628 0.1260615 0.1657914 0.1271954 0.3158471 0.1523967 0.1453588 0.1286443 0.1257374 0.1982003 0.1151875 0.2801098 0.1863314 0.1595842 
Amauria_carterae_99_mesa                   0.0658198 0.0000000 0.0458149 0.2045329 0.1325695 0.3430415 0.2120855 0.1344788 0.1573012 0.0515913 0.1589154 0.1171602 0.1279452 0.1353523 0.1652675 0.0552455 0.4030464 0.1542644 0.1625861 0.1371667 0.1408916 0.1215153 0.1413454 0.1184505 0.1198726 0.1275432 0.1193563 0.1073744 0.1409093 0.1755613 0.2050574 0.0571607 0.1461984 0.0535110 0.1273466 0.0401888 0.1471931 0.1473281 0.1741561 0.0535327 0.1296100 0.1212176 0.1384749 0.1232547 0.1404935 0.1450250 0.1384254 0.1211641 0.1232268 0.1425634 0.2932867 0.1192055 0.1256206 0.3487522 0.1211794 0.1259724 0.0809949 0.0616015 0.1535587 0.1277115 0.1311958 0.1443895 0.1388680 0.1403484 0.1254351 0.1495386 0.1342239 0.1285745 0.1568378 0.1480063 0.1274553 0.1184505 0.2189262 0.1298490 0.1475168 0.1296310 0.1579553 0.1484622 0.1514760 0.1251181 0.1314827 0.1565878 0.1233416 0.2049853 0.1721594 0.1902230 
Amauria_rotundifolia_SRR9119150            0.0366273 0.0458149 0.0000000 0.2789953 0.1331409 0.3488788 0.2900289 0.1768595 0.1883212 0.0331873 0.1483978 0.1258718 0.1268800 0.1328484 0.1782326 0.0758454 0.3387204 0.1537796 0.1504318 0.1382101 0.1503121 0.1390401 0.1707460 0.1206830 0.1239919 0.1290741 0.2857017 0.1328220 0.1360627 0.1978590 0.2021764 0.0849526 0.1408369 0.0312061 0.1281189 0.0405475 0.1461917 0.1568140 0.1789892 0.0770948 0.1378454 0.1295318 0.1477159 0.1340165 0.1534717 0.1445073 0.1367930 0.1253835 0.1293974 0.1523500 0.3794779 0.1491856 0.1311945 0.4619146 0.1451291 0.1340184 0.1074111 0.0973673 0.1846342 0.1267083 0.1620212 0.1594450 0.1477483 0.3653213 0.1310065 0.1446460 0.1995963 0.1467407 0.1642438 0.1704035 0.1315334 0.1206830 0.2521829 0.1328286 0.1689529 0.1324718 0.3179850 0.1584857 0.1480010 0.1303430 0.1299226 0.1942301 0.1206576 0.2841511 0.1891673 0.1742802 
Conoclinium_coelestinum_SRR9119114         0.2565918 0.2045329 0.2789953 0.0000000 0.2677316 0.5054119 0.1284009 0.2429690 0.3003658 0.2663891 0.2818534 0.2661430 0.2684227 0.2773839 0.3629404 0.2598052 0.5431247 0.2940349 0.2698801 0.3261574 0.3197059 0.2622034 0.2827683 0.2611427 0.2612022 0.2496796 0.2995910 0.2174805 0.2728503 0.3432862 0.3937402 0.2493324 0.2704115 0.2794457 0.2603684 0.2695590 0.2779387 0.3277453 0.3042974 0.2495976 0.2703758 0.2565581 0.2637601 0.2479705 0.2777771 0.2702125 0.2724812 0.2634834 0.2608391 0.2662220 0.4098570 0.2609108 0.2668437 0.5552644 0.2610472 0.2643221 0.2522293 0.3376733 0.3340598 0.2679235 0.3133271 0.1843683 0.2744320 0.3982518 0.2676673 0.2727512 0.3261092 0.2617674 0.2901467 0.3179761 0.2720817 0.2611427 0.4064090 0.2699636 0.3287864 0.2779224 0.4208411 0.2778977 0.2756170 0.2717656 0.2714630 0.3179615 0.2622249 0.3211976 0.3506343 0.3545940 
Eutetras_palmeri_63                        0.1257135 0.1325695 0.1331409 0.2677316 0.0000000 0.2660586 0.2619111 0.0874142 0.1687520 0.1246362 0.0633699 0.0692696 0.0607578 0.0656372 0.0706678 0.1258491 0.3364938 0.0681014 0.0729134 0.0713427 0.0607855 0.0779138 0.0972583 0.0602127 0.0581099 0.0634671 0.1392599 0.1419778 0.0713089 0.0925761 0.0966354 0.1278573 0.0858453 0.1312241 0.0573650 0.1233685 0.0714809 0.0674803 0.0945288 0.1158219 0.0646386 0.0628078 0.0748293 0.0560032 0.0661202 0.0870625 0.0743114 0.0558748 0.0570922 0.0672208 0.3421342 0.0815939 0.0537986 0.3799588 0.0557672 0.0611728 0.1372650 0.1496735 0.0565133 0.0594977 0.0840362 0.0504301 0.0773551 0.2315832 0.0696303 0.0706527 0.1427861 0.0858288 0.0860298 0.0610061 0.0692372 0.0602127 0.1876018 0.0619146 0.0643967 0.0664997 0.2227159 0.0829086 0.0837846 0.0607529 0.0655906 0.0970963 0.0570295 0.1457413 0.1062855 0.1645773 
Eutetras_pringlei_149_quer                 0.3291843 0.3430415 0.3488788 0.5054119 0.2660586 0.0000000 0.4563836 0.3057902 0.3922436 0.3227928 0.2977909 0.2985155 0.2798461 0.2952151 0.2836854 0.3283166 0.3163685 0.3027197 0.3621831 0.2849121 0.2874124 0.2769540 0.2140271 0.2801280 0.2761757 0.2998780 0.3100085 0.3626189 0.3065073 0.3102366 0.3053788 0.3292154 0.3201365 0.3267618 0.2856794 0.3357010 0.3094617 0.2782153 0.3496566 0.3144080 0.2947774 0.2778905 0.3088167 0.2828415 0.2940488 0.3306286 0.2942922 0.2724459 0.2757890 0.2982155 0.1349325 0.2799572 0.2862029 0.3091891 0.2914518 0.2822629 0.3572099 0.3060341 0.2640754 0.2760103 0.2532244 0.3299904 0.2931291 0.3120204 0.3045119 0.3019870 0.3035518 0.3227455 0.3311554 0.2777622 0.2962247 0.2801280 0.3167763 0.2837159 0.2707377 0.2814715 0.3329727 0.3268324 0.3351336 0.3056958 0.2973927 0.2981748 0.2761995 0.3470579 0.3492697 0.2843618 
Eutrochium_fistulosum_SRR9119106           0.2627383 0.2120855 0.2900289 0.1284009 0.2619111 0.4563836 0.0000000 0.1567042 0.2766631 0.2724197 0.2884782 0.2606952 0.2660558 0.2765224 0.3297809 0.2691845 0.5209554 0.2891536 0.2198436 0.2881551 0.2777529 0.2562625 0.2565780 0.2562207 0.2538922 0.2324355 0.2688048 0.1759931 0.2719686 0.3033899 0.3429906 0.2573914 0.2763415 0.2748719 0.2737200 0.2780367 0.2806720 0.2958673 0.3039205 0.2659549 0.2661992 0.2502982 0.2741141 0.2515629 0.2747889 0.2844602 0.2789564 0.2580438 0.2612562 0.2752324 0.3923613 0.2674392 0.2613252 0.4424818 0.2662004 0.2640650 0.1887594 0.3082852 0.3012606 0.2607870 0.2904757 0.1363152 0.2754515 0.3137340 0.2691770 0.2739533 0.2740045 0.2625813 0.2777402 0.3020027 0.2773045 0.2562207 0.3049715 0.2631324 0.2858613 0.2714256 0.2956397 0.2724367 0.2690315 0.2722771 0.2738384 0.2922592 0.2587063 0.3170770 0.3088682 0.3221476 
Galeana_pratensis_104_mex                  0.1737596 0.1344788 0.1768595 0.2429690 0.0874142 0.3057902 0.1567042 0.0000000 0.1644838 0.1740873 0.0898669 0.0819119 0.0759670 0.0705262 0.0763414 0.1572788 0.1111210 0.0927061 0.0937511 0.0708492 0.0653167 0.0678849 0.0892443 0.0694816 0.0700882 0.0761875 0.1867689 0.1396841 0.0890855 0.0880374 0.1053501 0.1526909 0.0810200 0.1774075 0.0843112 0.1640575 0.0957292 0.0755544 0.0792286 0.1455393 0.0790866 0.0696014 0.0873090 0.0697884 0.0899578 0.0875826 0.0765462 0.0676352 0.0703275 0.0871594 0.2781397 0.0783819 0.0654999 0.1924876 0.0646817 0.0815911 0.1264214 0.1360066 0.0697457 0.0676352 0.0995217 0.0744036 0.0878396 0.1661751 0.0948293 0.0952290 0.0870520 0.1163143 0.1099400 0.0685602 0.0764198 0.0694816 0.0949673 0.0760384 0.0758228 0.0756675 0.1718165 0.1094147 0.0871697 0.0679282 0.0902371 0.0947886 0.0730628 0.1334734 0.1073987 0.1093395 
Helianthus_annuus_SRR9119062               0.1744485 0.1573012 0.1883212 0.3003658 0.1687520 0.3922436 0.2766631 0.1644838 0.0000000 0.1818263 0.1896395 0.1727556 0.1692838 0.1707892 0.2063404 0.1772347 0.3838185 0.1925181 0.1658062 0.1820103 0.1765707 0.1642371 0.1741123 0.1612116 0.1575251 0.1671102 0.2494547 0.1570543 0.1720625 0.2141090 0.2247147 0.1760411 0.1935364 0.1853198 0.1740074 0.1790690 0.1828694 0.1897455 0.2066064 0.1685310 0.1740832 0.1634009 0.1753393 0.1664277 0.1763322 0.1783466 0.1788487 0.1623371 0.1710744 0.1748359 0.3709191 0.1724113 0.1582086 0.4719095 0.1661863 0.1695354 0.1751670 0.2171362 0.1963097 0.1657154 0.2013062 0.1546114 0.1789861 0.3013262 0.1726082 0.1785368 0.1774459 0.1739736 0.1870644 0.1804380 0.1694664 0.1612116 0.2289980 0.1708108 0.1931224 0.1737922 0.3132464 0.1772158 0.1844605 0.1676681 0.1678903 0.1959442 0.1641678 0.2627483 0.2146419 0.2494764 
Lycapsus_tenuifolius_17                    0.0351124 0.0515913 0.0331873 0.2663891 0.1246362 0.3227928 0.2724197 0.1740873 0.1818263 0.0000000 0.1445833 0.1141435 0.1189992 0.1278298 0.1688202 0.0704170 0.3129608 0.1437149 0.1435052 0.1327006 0.1379038 0.1099634 0.1638495 0.1162445 0.1171565 0.1248897 0.2935006 0.1040835 0.1338206 0.1846454 0.1858410 0.0808575 0.1360299 0.0013288 0.1181755 0.0397139 0.1369316 0.1421108 0.1643708 0.0740770 0.1344620 0.1231494 0.1355537 0.1244389 0.1407505 0.1350827 0.1310478 0.1174151 0.1176259 0.1391495 0.3816573 0.1150054 0.1217515 0.4481409 0.1338828 0.1239210 0.0959189 0.0868800 0.1677626 0.1188257 0.1511512 0.1486579 0.1385048 0.3583158 0.1234450 0.1405994 0.1568524 0.1290481 0.1473691 0.1659307 0.1292140 0.1162445 0.2141695 0.1225199 0.1555523 0.1251112 0.3212590 0.1501089 0.1324156 0.1279287 0.1248609 0.1809365 0.1111563 0.2973315 0.1786426 0.1639081 
Pericome_caudata_50_silver                 0.1432289 0.1589154 0.1483978 0.2818534 0.0633699 0.2977909 0.2884782 0.0898669 0.1896395 0.1445833 0.0000000 0.0771568 0.0694542 0.0717083 0.0797632 0.1387933 0.3099746 0.0858702 0.0926992 0.0792982 0.0725693 0.0873073 0.0934840 0.0690413 0.0694110 0.0708368 0.2184822 0.1532322 0.0813979 0.1066974 0.1104560 0.1445425 0.0867849 0.1600090 0.0675159 0.1450166 0.0813332 0.0754796 0.1018084 0.1282164 0.0735621 0.0736532 0.0810024 0.0631841 0.0818859 0.0958426 0.0796183 0.0671526 0.0706274 0.0803394 0.3590121 0.0922612 0.0645115 0.3711046 0.0649736 0.0754291 0.1512300 0.1673515 0.0571315 0.0682996 0.0814489 0.0668019 0.0843228 0.2710834 0.0797538 0.0806368 0.1411368 0.0876121 0.0906730 0.0664079 0.0783012 0.0690413 0.1804704 0.0707782 0.0733817 0.0746198 0.2393039 0.0863655 0.0962573 0.0738278 0.0731208 0.0937493 0.0661059 0.2234222 0.1151127 0.1594433 
Perityle_aglossa_84_dead_horse             0.1192501 0.1171602 0.1258718 0.2661430 0.0692696 0.2985155 0.2606952 0.0819119 0.1727556 0.1141435 0.0771568 0.0000000 0.0316181 0.0345361 0.0407376 0.1180543 0.2716283 0.0683321 0.0687649 0.0293208 0.0248794 0.0501125 0.0796520 0.0297799 0.0288965 0.0294843 0.1945151 0.1371926 0.0677446 0.0883630 0.1017106 0.1294108 0.0784786 0.1254218 0.0288365 0.1152937 0.0668945 0.0348238 0.0834157 0.1076937 0.0354374 0.0319063 0.0665297 0.0287507 0.0638074 0.0783421 0.0407432 0.0285133 0.0326379 0.0655838 0.3586006 0.0502243 0.0296034 0.3666131 0.0307793 0.0563558 0.1260659 0.1191627 0.0346825 0.0305799 0.0840190 0.0501268 0.0725624 0.2635885 0.0307193 0.0693116 0.1125809 0.0860186 0.0786092 0.0400028 0.0365859 0.0297799 0.1779071 0.0337479 0.0331139 0.0364974 0.2066139 0.0846439 0.0761479 0.0335481 0.0236296 0.0915169 0.0305591 0.2012852 0.0841863 0.1507316 
Perityle_ajoensis_204                      0.1226656 0.1279452 0.1268800 0.2684227 0.0607578 0.2798461 0.2660558 0.0759670 0.1692838 0.1189992 0.0694542 0.0316181 0.0000000 0.0285695 0.0360059 0.1143238 0.2629855 0.0681987 0.0672186 0.0331186 0.0275882 0.0336686 0.0797912 0.0257954 0.0238852 0.0212536 0.1902505 0.1341566 0.0591709 0.0822808 0.0993000 0.1238717 0.0727900 0.1330825 0.0223987 0.1190001 0.0583484 0.0225449 0.0816782 0.1099190 0.0309885 0.0299276 0.0568742 0.0074120 0.0563684 0.0749650 0.0367484 0.0087349 0.0117066 0.0549321 0.3494421 0.0437202 0.0232192 0.3659089 0.0294485 0.0562357 0.1277981 0.1211023 0.0056590 0.0087435 0.0838704 0.0503001 0.0688985 0.2529767 0.0307617 0.0607877 0.1057995 0.0803070 0.0735038 0.0423253 0.0306035 0.0257954 0.1750974 0.0110723 0.0108416 0.0234829 0.1935022 0.0769449 0.0717225 0.0275671 0.0337968 0.0839880 0.0087376 0.1988941 0.0869519 0.1456969 
Perityle_ambrosiifolia_67_green            0.1286478 0.1353523 0.1328484 0.2773839 0.0656372 0.2952151 0.2765224 0.0705262 0.1707892 0.1278298 0.0717083 0.0345361 0.0285695 0.0000000 0.0310225 0.1143414 0.2570967 0.0720853 0.0684611 0.0279829 0.0195167 0.0521245 0.0629030 0.0226943 0.0217895 0.0263290 0.1955710 0.1424262 0.0624327 0.0843505 0.0954671 0.1327576 0.0783342 0.1409302 0.0299184 0.1278580 0.0626194 0.0409820 0.0860188 0.1147194 0.0274991 0.0247520 0.0622218 0.0312688 0.0624934 0.0739991 0.0315726 0.0274789 0.0326300 0.0608292 0.3585713 0.0557514 0.0220604 0.3746453 0.0279643 0.0608013 0.1394404 0.1278877 0.0307016 0.0295383 0.0737879 0.0533048 0.0699580 0.2538710 0.0388448 0.0629766 0.1045845 0.0838034 0.0772003 0.0241477 0.0274914 0.0226943 0.1779861 0.0326619 0.0345979 0.0304592 0.2116138 0.0792267 0.0749334 0.0274812 0.0286654 0.0747052 0.0295182 0.1988239 0.0917390 0.1517786 
Perityle_angustifolia_13_Eagle_creek       0.1786428 0.1652675 0.1782326 0.3629404 0.0706678 0.2836854 0.3297809 0.0763414 0.2063404 0.1688202 0.0797632 0.0407376 0.0360059 0.0310225 0.0000000 0.1538313 0.1500780 0.0851321 0.0882583 0.0295388 0.0295030 0.0360420 0.0631315 0.0347757 0.0268991 0.0378073 0.1934377 0.1510284 0.0756909 0.0946631 0.1078218 0.1547042 0.0923738 0.1740620 0.0398672 0.1635581 0.0775183 0.0468466 0.0933818 0.1439313 0.0334980 0.0348923 0.0717911 0.0366182 0.0710870 0.0870117 0.0424691 0.0343155 0.0441847 0.0721389 0.3433877 0.0398982 0.0216696 0.2685312 0.0303609 0.0677215 0.1449393 0.1316048 0.0367119 0.0376069 0.0790593 0.0634320 0.0835277 0.2328483 0.0510981 0.0746644 0.0472223 0.0985983 0.0941695 0.0332296 0.0263401 0.0347757 0.0957728 0.0441003 0.0407318 0.0423130 0.2217017 0.0956412 0.0904952 0.0310656 0.0407325 0.0820160 0.0376044 0.1607269 0.1062327 0.1227173 
Perityle_batopilensis_97                   0.0708640 0.0552455 0.0758454 0.2598052 0.1258491 0.3283166 0.2691845 0.1572788 0.1772347 0.0704170 0.1387933 0.1180543 0.1143238 0.1143414 0.1538313 0.0000000 0.3222479 0.1455337 0.1527328 0.1239835 0.1324350 0.1322841 0.1583260 0.1071618 0.1079029 0.1139346 0.2762489 0.0975936 0.1304720 0.2009256 0.2103000 0.0771961 0.1376615 0.0727165 0.1228268 0.0605016 0.1320103 0.1537564 0.1669557 0.0350278 0.1235752 0.1145017 0.1344977 0.1283393 0.1366609 0.1373075 0.1205161 0.1152180 0.1191219 0.1388980 0.3787479 0.1451752 0.1139567 0.4448804 0.1309781 0.1282901 0.0699651 0.0799109 0.1760198 0.1165072 0.1629341 0.1652687 0.1371615 0.3689019 0.1232404 0.1340534 0.1941352 0.1321776 0.1473717 0.1599754 0.1145057 0.1071618 0.2574394 0.1221489 0.1585387 0.1221744 0.3246282 0.1440450 0.1369761 0.1166525 0.1197197 0.1869486 0.1141235 0.2747865 0.1793324 0.1570944 
Perityle_bisetosa_9                        0.3471133 0.4030464 0.3387204 0.5431247 0.3364938 0.3163685 0.5209554 0.1111210 0.3838185 0.3129608 0.3099746 0.2716283 0.2629855 0.2570967 0.1500780 0.3222479 0.0000000 0.3137753 0.2766272 0.1729112 0.1818550 0.2705431 0.0403131 0.2639021 0.2605429 0.2764383 0.5041064 0.3582615 0.2928094 0.2772071 0.2173697 0.3571003 0.3104195 0.3402646 0.2597720 0.3084212 0.3041038 0.1922732 0.2434552 0.2981510 0.2939613 0.2663671 0.2909274 0.3421159 0.3070764 0.3125499 0.2691994 0.2637039 0.2691955 0.3230506 0.3217641 0.2839728 0.2640341 0.4885263 0.2877988 0.2710653 0.2076299 0.2040333 0.1757408 0.2668804 0.1141073 0.1581122 0.2879544 0.3534983 0.2797871 0.2946857 0.3015418 0.3007248 0.2817491 0.1295996 0.2378997 0.2639021 0.3488898 0.2731103 0.2069920 0.2706935 0.2972662 0.3235212 0.2942952 0.2636379 0.2698766 0.1221293 0.2642254 0.4494002 0.2770681 0.2711593 
Perityle_californica_76_positas            0.1492762 0.1542644 0.1537796 0.2940349 0.0681014 0.3027197 0.2891536 0.0927061 0.1925181 0.1437149 0.0858702 0.0683321 0.0681987 0.0720853 0.0851321 0.1455337 0.3137753 0.0000000 0.0942631 0.0793881 0.0629197 0.0605897 0.1014396 0.0664335 0.0629263 0.0684539 0.1616916 0.1441234 0.0755878 0.0843757 0.0995571 0.1371458 0.0979077 0.1528998 0.0669003 0.1448765 0.0835399 0.0796377 0.1059068 0.1417967 0.0683942 0.0640651 0.0819555 0.0640319 0.0824857 0.0910772 0.0749389 0.0654817 0.0669301 0.0804008 0.3717499 0.0652075 0.0632906 0.3932081 0.0676247 0.0693746 0.1634394 0.1715323 0.0715288 0.0668451 0.1027250 0.0667150 0.0821347 0.2534887 0.0791187 0.0787748 0.1154528 0.0941508 0.0977179 0.0711559 0.0733981 0.0664335 0.1564192 0.0694291 0.0730668 0.0692852 0.2543767 0.0919919 0.0857067 0.0707243 0.0708421 0.1036789 0.0630432 0.1551102 0.1108441 0.1852590 
Perityle_canescens_77                      0.1558379 0.1625861 0.1504318 0.2698801 0.0729134 0.3621831 0.2198436 0.0937511 0.1658062 0.1435052 0.0926992 0.0687649 0.0672186 0.0684611 0.0882583 0.1527328 0.2766272 0.0942631 0.0000000 0.0795461 0.0657036 0.0581772 0.0838722 0.0711325 0.0650271 0.0712671 0.2440235 0.1425567 0.0731093 0.0909406 0.1256077 0.1354539 0.0981900 0.1494509 0.0683815 0.1520134 0.0764106 0.0794172 0.0867801 0.1406408 0.0746425 0.0667173 0.0750732 0.0522451 0.0683063 0.0819328 0.0782152 0.0656408 0.0704516 0.0717447 0.2966006 0.0684599 0.0635471 0.4272780 0.0591024 0.0768370 0.1688535 0.1768789 0.0631373 0.0626268 0.0801667 0.0723110 0.0790762 0.2959940 0.0725953 0.0785379 0.0780538 0.0852624 0.0866428 0.0697183 0.0763977 0.0711325 0.0946840 0.0703276 0.0690430 0.0639979 0.2316409 0.0818009 0.0853126 0.0685723 0.0748336 0.0929516 0.0626324 0.2237502 0.0927358 0.1585719 
Perityle_castillonii_96                    0.1416786 0.1371667 0.1382101 0.3261574 0.0713427 0.2849121 0.2881551 0.0708492 0.1820103 0.1327006 0.0792982 0.0293208 0.0331186 0.0279829 0.0295388 0.1239835 0.1729112 0.0793881 0.0795461 0.0000000 0.0248800 0.0318863 0.0564976 0.0308690 0.0272500 0.0331060 0.2419611 0.1245320 0.0745149 0.0924536 0.1016270 0.1385040 0.0821790 0.1498388 0.0376758 0.1322955 0.0680042 0.0490325 0.0921818 0.1165033 0.0368163 0.0322311 0.0648255 0.0384364 0.0655627 0.0851045 0.0394782 0.0318037 0.0369616 0.0650366 0.3531923 0.0392762 0.0225884 0.3222257 0.0312354 0.0643683 0.1303458 0.1267049 0.0447607 0.0331110 0.0896161 0.0600212 0.0795189 0.2660337 0.0461185 0.0765280 0.0470339 0.0864360 0.0891201 0.0400815 0.0255348 0.0308690 0.0887129 0.0398418 0.0428982 0.0367932 0.2227571 0.0874864 0.0777415 0.0305361 0.0396100 0.0892739 0.0331094 0.2373158 0.0953342 0.1065307 
Perityle_cernua_84                         0.1456951 0.1408916 0.1503121 0.3197059 0.0607855 0.2874124 0.2777529 0.0653167 0.1765707 0.1379038 0.0725693 0.0248794 0.0275882 0.0195167 0.0295030 0.1324350 0.1818550 0.0629197 0.0657036 0.0248800 0.0000000 0.0249461 0.0664074 0.0211305 0.0145366 0.0245872 0.2135647 0.1221141 0.0660687 0.0786378 0.0994210 0.1431019 0.0769365 0.1514601 0.0279963 0.1370660 0.0648525 0.0364062 0.0860486 0.1245373 0.0245815 0.0185144 0.0614093 0.0256937 0.0597556 0.0786272 0.0316743 0.0248769 0.0316946 0.0592651 0.3240817 0.0307729 0.0149366 0.3093675 0.0240380 0.0581679 0.1303580 0.1188631 0.0287994 0.0262576 0.0764167 0.0469547 0.0772131 0.2407992 0.0386987 0.0667972 0.0396931 0.0814187 0.0800382 0.0241899 0.0302214 0.0211305 0.0783826 0.0316436 0.0314569 0.0288604 0.2131343 0.0799462 0.0736225 0.0235130 0.0301955 0.0771268 0.0262562 0.1881963 0.0826256 0.1074056 
Perityle_cfvillosa_25_tin                  0.1363599 0.1215153 0.1390401 0.2622034 0.0779138 0.2769540 0.2562625 0.0678849 0.1642371 0.1099634 0.0873073 0.0501125 0.0336686 0.0521245 0.0360420 0.1322841 0.2705431 0.0605897 0.0581772 0.0318863 0.0249461 0.0000000 0.0765882 0.0473991 0.0444566 0.0432217 0.2118592 0.1480768 0.0775858 0.0747534 0.0954724 0.1428633 0.0885139 0.1217304 0.0191360 0.1125556 0.0786801 0.0179914 0.0760732 0.1037306 0.0552375 0.0496360 0.0773806 0.0379028 0.0576428 0.0927297 0.0575263 0.0325924 0.0357424 0.0764047 0.3579033 0.0403488 0.0450734 0.3590416 0.0226461 0.0493768 0.1232462 0.1194018 0.0075609 0.0326247 0.0762191 0.0407096 0.0605349 0.2466439 0.0493234 0.0791478 0.1106394 0.0989223 0.0672694 0.0355385 0.0542451 0.0473991 0.1711907 0.0358753 0.0124116 0.0426861 0.1859707 0.0947228 0.0887326 0.0511203 0.0534631 0.0769432 0.0275602 0.2155826 0.0808788 0.1396792 
Perityle_cinerea_113_Powell1310            0.1628007 0.1413454 0.1707460 0.2827683 0.0972583 0.2140271 0.2565780 0.0892443 0.1741123 0.1638495 0.0934840 0.0796520 0.0797912 0.0629030 0.0631315 0.1583260 0.0403131 0.1014396 0.0838722 0.0564976 0.0664074 0.0765882 0.0000000 0.0664304 0.0636833 0.0664308 0.0765333 0.1073963 0.0856099 0.0980946 0.1047225 0.1710404 0.1216331 0.1678089 0.0829795 0.1668899 0.1113353 0.0795783 0.1233300 0.1390882 0.0697128 0.0632743 0.0904389 0.0798512 0.0935006 0.1015069 0.0801949 0.0762437 0.0795466 0.0905445 0.2727036 0.0828900 0.0601089 0.0831631 0.0631113 0.0733435 0.1072928 0.1651263 0.0762437 0.0796203 0.0941790 0.0930236 0.0942276 0.0802011 0.0930706 0.0899998 0.0967405 0.1220157 0.1154402 0.0732146 0.0565180 0.0664304 0.0948314 0.0866099 0.0828816 0.0829476 0.1142048 0.1186529 0.0941285 0.0663721 0.0795438 0.1043642 0.0796668 0.1221335 0.1419172 0.0776617 
Perityle_coahuilensis_24                   0.1176112 0.1184505 0.1206830 0.2611427 0.0602127 0.2801280 0.2562207 0.0694816 0.1612116 0.1162445 0.0690413 0.0297799 0.0257954 0.0226943 0.0347757 0.1071618 0.2639021 0.0664335 0.0711325 0.0308690 0.0211305 0.0473991 0.0664304 0.0000000 0.0117998 0.0203604 0.1870519 0.1323629 0.0565510 0.0839314 0.0992402 0.1223675 0.0724065 0.1297730 0.0247502 0.1148428 0.0588795 0.0416766 0.0842784 0.1047215 0.0143199 0.0068461 0.0573969 0.0239227 0.0569683 0.0746246 0.0288165 0.0227066 0.0278523 0.0543092 0.3469834 0.0518465 0.0190516 0.3696869 0.0256177 0.0568352 0.1273416 0.1106849 0.0373389 0.0247625 0.0728901 0.0482325 0.0683024 0.2588022 0.0361122 0.0581987 0.1089611 0.0731575 0.0692951 0.0269596 0.0247046 0.0000010 0.1744271 0.0277293 0.0368352 0.0277058 0.2164347 0.0722321 0.0689415 0.0237056 0.0258817 0.0714578 0.0247456 0.1862285 0.0931612 0.1458576 
Perityle_cochisensis_44_cave_creek         0.1173191 0.1198726 0.1239919 0.2612022 0.0581099 0.2761757 0.2538922 0.0700882 0.1575251 0.1171565 0.0694110 0.0288965 0.0238852 0.0217895 0.0268991 0.1079029 0.2605429 0.0629263 0.0650271 0.0272500 0.0145366 0.0444566 0.0636833 0.0117998 0.0000000 0.0204572 0.1866576 0.1349649 0.0568484 0.0806494 0.0999878 0.1206870 0.0716805 0.1276889 0.0204825 0.1143728 0.0591852 0.0324124 0.0804100 0.1042311 0.0154910 0.0167929 0.0576978 0.0201919 0.0535062 0.0738938 0.0259053 0.0207964 0.0259436 0.0534169 0.3423853 0.0475793 0.0159086 0.3655323 0.0161647 0.0548242 0.1218543 0.1043301 0.0255445 0.0228523 0.0707867 0.0489731 0.0674978 0.2514702 0.0331832 0.0585027 0.1060356 0.0756887 0.0672105 0.0203063 0.0258331 0.0117998 0.1751667 0.0246949 0.0272233 0.0258068 0.2130741 0.0726136 0.0704505 0.0228037 0.0249810 0.0695216 0.0218363 0.1833740 0.0842388 0.1441905 
Perityle_congesta_202                      0.1271393 0.1275432 0.1290741 0.2496796 0.0634671 0.2998780 0.2324355 0.0761875 0.1671102 0.1248897 0.0708368 0.0294843 0.0212536 0.0263290 0.0378073 0.1139346 0.2764383 0.0684539 0.0712671 0.0331060 0.0245872 0.0432217 0.0664308 0.0203604 0.0204572 0.0000000 0.1768606 0.1354411 0.0589873 0.0857134 0.1060736 0.1277897 0.0696948 0.1378592 0.0254265 0.1239271 0.0614561 0.0334054 0.0765222 0.1118083 0.0227524 0.0245702 0.0595581 0.0180822 0.0598714 0.0696998 0.0305386 0.0181260 0.0191769 0.0590137 0.3409439 0.0509499 0.0228551 0.3521628 0.0250234 0.0571885 0.1303024 0.1281766 0.0265387 0.0202076 0.0857340 0.0437393 0.0699847 0.2196002 0.0328100 0.0628616 0.1095172 0.0821163 0.0739342 0.0284410 0.0294223 0.0203604 0.1793905 0.0230647 0.0280804 0.0283586 0.1578637 0.0784742 0.0718937 0.0263513 0.0285946 0.0883378 0.0201744 0.1984344 0.0916192 0.1493944 
Perityle_cordifolia_27                     0.2820264 0.1193563 0.2857017 0.2995910 0.1392599 0.3100085 0.2688048 0.1867689 0.2494547 0.2935006 0.2184822 0.1945151 0.1902505 0.1955710 0.1934377 0.2762489 0.5041064 0.1616916 0.2440235 0.2419611 0.2135647 0.2118592 0.0765333 0.1870519 0.1866576 0.1768606 0.0000000 0.2892356 0.2116539 0.1509145 0.2128640 0.2272215 0.2266174 0.2342042 0.1853198 0.2770176 0.2193040 0.1589987 0.2673354 0.2750361 0.1262876 0.1875740 0.2149018 0.0775491 0.1578255 0.2309640 0.2025428 0.1860529 0.1878365 0.1558799 0.5727639 0.1886494 0.1449308 0.1812974 0.0956483 0.2184161 0.2712647 0.3129029 0.1032212 0.1874614 0.1369525 0.0537511 0.2256709 0.2582924 0.1911393 0.2138386 0.2801636 0.2429977 0.2488187 0.0776003 0.1970500 0.1870519 0.3424246 0.1734486 0.1390683 0.1921787 0.2254820 0.2276139 0.2428211 0.1905588 0.1865836 0.1791638 0.1822910 0.2771676 0.2454098 0.3845096 
Perityle_cordifolia_68_tecolote            0.1151073 0.1073744 0.1328220 0.2174805 0.1419778 0.3626189 0.1759931 0.1396841 0.1570543 0.1040835 0.1532322 0.1371926 0.1341566 0.1424262 0.1510284 0.0975936 0.3582615 0.1441234 0.1425567 0.1245320 0.1221141 0.1480768 0.1073963 0.1323629 0.1349649 0.1354411 0.2892356 0.0000000 0.1513265 0.1624718 0.1928696 0.1180293 0.1481443 0.1119406 0.1170408 0.0970866 0.1539893 0.1211774 0.1333666 0.0695172 0.1561498 0.1385988 0.1527315 0.1525561 0.1441246 0.1494516 0.1454123 0.1366564 0.1325858 0.1604455 0.3128287 0.1493918 0.1384223 0.4351078 0.1297628 0.1150638 0.0375459 0.1013219 0.1405786 0.1354239 0.1304946 0.1416834 0.1327348 0.3127134 0.1354833 0.1557014 0.2067914 0.1365565 0.1332892 0.1442585 0.1394444 0.1323629 0.2604433 0.1414723 0.1353974 0.1407460 0.2198173 0.1489483 0.1576654 0.1395422 0.1407168 0.1583391 0.1338198 0.3040381 0.1527632 0.1193246 
Perityle_coronopifolia_28_patagonia        0.1382115 0.1409093 0.1360627 0.2728503 0.0713089 0.3065073 0.2719686 0.0890855 0.1720625 0.1338206 0.0813979 0.0677446 0.0591709 0.0624327 0.0756909 0.1304720 0.2928094 0.0755878 0.0731093 0.0745149 0.0660687 0.0775858 0.0856099 0.0565510 0.0568484 0.0589873 0.2116539 0.1513265 0.0000000 0.1041892 0.1184097 0.1258871 0.0815323 0.1418739 0.0633170 0.1342317 0.0644067 0.0747383 0.0773467 0.1282647 0.0607826 0.0610113 0.0629621 0.0531061 0.0620662 0.0758422 0.0701179 0.0579930 0.0570904 0.0592122 0.3397200 0.0855282 0.0525014 0.3868720 0.0583226 0.0418648 0.1580815 0.1624113 0.0646523 0.0580521 0.0292719 0.0684340 0.0625740 0.2657657 0.0692144 0.0088504 0.1360691 0.0789115 0.0793468 0.0752462 0.0666805 0.0565510 0.1838806 0.0590475 0.0657467 0.0631383 0.2469373 0.0810056 0.0794284 0.0634430 0.0638398 0.0290944 0.0548418 0.2143008 0.0920045 0.1640651 
Perityle_crassifolia_70_ventanas           0.1994196 0.1755613 0.1978590 0.3432862 0.0925761 0.3102366 0.3033899 0.0880374 0.2141090 0.1846454 0.1066974 0.0883630 0.0822808 0.0843505 0.0946631 0.2009256 0.2772071 0.0843757 0.0909406 0.0924536 0.0786378 0.0747534 0.0980946 0.0839314 0.0806494 0.0857134 0.1509145 0.1624718 0.1041892 0.0000000 0.0536006 0.1786835 0.1096233 0.1870944 0.0840512 0.1952378 0.1036860 0.0877715 0.1047071 0.1873655 0.0905743 0.0783903 0.0957507 0.0752353 0.0938264 0.0950007 0.0966607 0.0783266 0.0845551 0.0974127 0.3548269 0.0821248 0.0730336 0.2776638 0.0826161 0.0864799 0.1683118 0.1979313 0.0823673 0.0803781 0.1055642 0.0566862 0.1037970 0.1750043 0.0913245 0.1046074 0.1017661 0.1015214 0.1108096 0.0813930 0.0944084 0.0839314 0.0138909 0.0862449 0.0821161 0.0840516 0.1703757 0.1022499 0.1142735 0.0863696 0.0921194 0.1073049 0.0765666 0.1334367 0.1165429 0.1400548 
Perityle_crassifolia_74_playa_balandra     0.2006823 0.2050574 0.2021764 0.3937402 0.0966354 0.3053788 0.3429906 0.1053501 0.2247147 0.1858410 0.1104560 0.1017106 0.0993000 0.0954671 0.1078218 0.2103000 0.2173697 0.0995571 0.1256077 0.1016270 0.0994210 0.0954724 0.1047225 0.0992402 0.0999878 0.1060736 0.2128640 0.1928696 0.1184097 0.0536006 0.0000000 0.1901458 0.1313916 0.1883379 0.1035790 0.1967600 0.1257735 0.1057077 0.1227168 0.2011126 0.1057636 0.0956021 0.1159489 0.0972106 0.1155025 0.1153548 0.1162348 0.0951808 0.1017405 0.1155605 0.3622552 0.0995008 0.0877487 0.2697428 0.1060827 0.1017478 0.1885577 0.1942350 0.0982500 0.0991555 0.1052624 0.0663292 0.1175426 0.2280502 0.1150372 0.1141321 0.1152931 0.1214313 0.1316738 0.0952061 0.1117458 0.0992402 0.0605458 0.1074179 0.1050987 0.1030542 0.2532133 0.1227236 0.1246582 0.1034665 0.1037153 0.1133574 0.0973319 0.1506114 0.1393843 0.1586377 
Perityle_cuneata_34_cuneata_San_antonio    0.0846146 0.0571607 0.0849526 0.2493324 0.1278573 0.3292154 0.2573914 0.1526909 0.1760411 0.0808575 0.1445425 0.1294108 0.1238717 0.1327576 0.1547042 0.0771961 0.3571003 0.1371458 0.1354539 0.1385040 0.1431019 0.1428633 0.1710404 0.1223675 0.1206870 0.1277897 0.2272215 0.1180293 0.1258871 0.1786835 0.1901458 0.0000000 0.1378915 0.0758099 0.1314483 0.0721799 0.1330959 0.1494251 0.1598906 0.0720333 0.1309166 0.1279310 0.1305194 0.1214306 0.1315640 0.1360622 0.1334741 0.1235785 0.1279715 0.1316973 0.3609462 0.1499315 0.1215889 0.4381718 0.1330377 0.1167685 0.0791069 0.0842217 0.1598550 0.1250451 0.1470547 0.1511425 0.1247846 0.3480285 0.1352789 0.1338891 0.1972784 0.1305187 0.1433197 0.1616963 0.1303525 0.1223675 0.2473018 0.1277096 0.1516718 0.1326484 0.3171381 0.1408426 0.1329834 0.1251350 0.1343123 0.1630579 0.1185743 0.2330664 0.1660160 0.1537844 
Perityle_cuneata_4                         0.1368098 0.1461984 0.1408369 0.2704115 0.0858453 0.3201365 0.2763415 0.0810200 0.1935364 0.1360299 0.0867849 0.0784786 0.0727900 0.0783342 0.0923738 0.1376615 0.3104195 0.0979077 0.0981900 0.0821790 0.0769365 0.0885139 0.1216331 0.0724065 0.0716805 0.0696948 0.2266174 0.1481443 0.0815323 0.1096233 0.1313916 0.1378915 0.0000000 0.1496849 0.0804571 0.1391785 0.0870293 0.0909101 0.1007686 0.1291010 0.0786787 0.0759329 0.0801714 0.0725628 0.0831515 0.0936055 0.0829537 0.0715520 0.0728623 0.0807361 0.3453707 0.1031313 0.0716346 0.4144110 0.0708962 0.0801308 0.1486646 0.1660250 0.0869098 0.0716263 0.1160861 0.0696515 0.0904526 0.2852093 0.0864474 0.0829832 0.1472305 0.0966849 0.0986591 0.0914860 0.0795328 0.0724065 0.1971205 0.0753689 0.0825409 0.0768494 0.2574658 0.0966615 0.0906867 0.0771868 0.0764292 0.1186127 0.0694198 0.2292064 0.1129333 0.1639957 
Perityle_discoidea_81                      0.0364316 0.0535110 0.0312061 0.2794457 0.1312241 0.3267618 0.2748719 0.1774075 0.1853198 0.0013288 0.1600090 0.1254218 0.1330825 0.1409302 0.1740620 0.0727165 0.3402646 0.1528998 0.1494509 0.1498388 0.1514601 0.1217304 0.1678089 0.1297730 0.1276889 0.1378592 0.2342042 0.1119406 0.1418739 0.1870944 0.1883379 0.0758099 0.1496849 0.0000000 0.1294249 0.0438716 0.1458808 0.1464879 0.1771535 0.0773008 0.1398567 0.1335388 0.1456920 0.1281293 0.1427251 0.1435085 0.1433590 0.1279372 0.1313469 0.1423987 0.3878416 0.1215831 0.1318734 0.4543859 0.1376267 0.1302602 0.0999059 0.0910163 0.1703810 0.1312602 0.1541871 0.1525406 0.1449680 0.3074381 0.1355698 0.1502423 0.1392539 0.1446263 0.1622558 0.1688352 0.1425065 0.1297730 0.1959118 0.1361327 0.1576167 0.1375713 0.3266979 0.1638047 0.1467387 0.1409303 0.1410357 0.1838698 0.1247763 0.2307470 0.1816393 0.1828033 
Perityle_dissecta_201                      0.1235297 0.1273466 0.1281189 0.2603684 0.0573650 0.2856794 0.2737200 0.0843112 0.1740074 0.1181755 0.0675159 0.0288365 0.0223987 0.0299184 0.0398672 0.1228268 0.2597720 0.0669003 0.0683815 0.0376758 0.0279963 0.0191360 0.0829795 0.0247502 0.0204825 0.0254265 0.1853198 0.1170408 0.0633170 0.0840512 0.1035790 0.1314483 0.0804571 0.1294249 0.0000000 0.1198687 0.0589919 0.0209712 0.0858386 0.1133831 0.0276245 0.0270179 0.0561691 0.0122855 0.0552994 0.0747897 0.0355534 0.0190974 0.0234990 0.0536053 0.3530393 0.0120099 0.0251802 0.3548265 0.0270749 0.0584307 0.1316812 0.1274031 0.0214095 0.0212945 0.0816547 0.0502557 0.0652669 0.2408337 0.0277681 0.0639275 0.0725265 0.0793093 0.0724334 0.0354384 0.0354551 0.0247502 0.1485375 0.0241808 0.0254813 0.0223005 0.1900154 0.0792618 0.0717907 0.0288455 0.0288077 0.0864224 0.0191422 0.2057482 0.0931475 0.1534890 
Perityle_emoryi_47_punta_san_jose          0.0415206 0.0401888 0.0405475 0.2695590 0.1233685 0.3357010 0.2780367 0.1640575 0.1790690 0.0397139 0.1450166 0.1152937 0.1190001 0.1278580 0.1635581 0.0605016 0.3084212 0.1448765 0.1520134 0.1322955 0.1370660 0.1125556 0.1668899 0.1148428 0.1143728 0.1239271 0.2770176 0.0970866 0.1342317 0.1952378 0.1967600 0.0721799 0.1391785 0.0438716 0.1198687 0.0000000 0.1373283 0.1448575 0.1705294 0.0653872 0.1297546 0.1217965 0.1348024 0.1244193 0.1390777 0.1407194 0.1297534 0.1174002 0.1177957 0.1393346 0.3805177 0.1150139 0.1203025 0.4511467 0.1349790 0.1263133 0.0888129 0.0808838 0.1713814 0.1188249 0.1529062 0.1594033 0.1399374 0.3611270 0.1208766 0.1383577 0.1613469 0.1391953 0.1562644 0.1612636 0.1241109 0.1148428 0.2239729 0.1225101 0.1544775 0.1251743 0.3244023 0.1563366 0.1378922 0.1227928 0.1239828 0.1826126 0.1137644 0.2886543 0.1777465 0.1669775 
Perityle_feddemae_99                       0.1436650 0.1471931 0.1461917 0.2779387 0.0714809 0.3094617 0.2806720 0.0957292 0.1828694 0.1369316 0.0813332 0.0668945 0.0583484 0.0626194 0.0775183 0.1320103 0.3041038 0.0835399 0.0764106 0.0680042 0.0648525 0.0786801 0.1113353 0.0588795 0.0591852 0.0614561 0.2193040 0.1539893 0.0644067 0.1036860 0.1257735 0.1330959 0.0870293 0.1458808 0.0589919 0.1373283 0.0000000 0.0683472 0.0846914 0.1249959 0.0645402 0.0632957 0.0217778 0.0534800 0.0205733 0.0791715 0.0669878 0.0571891 0.0584042 0.0196353 0.3596825 0.0843198 0.0617944 0.3992446 0.0587138 0.0641886 0.1529685 0.1648575 0.0649573 0.0572467 0.0842530 0.0699928 0.0711775 0.2773251 0.0693282 0.0659907 0.1401275 0.0846680 0.0845486 0.0730812 0.0689563 0.0588795 0.1838653 0.0592788 0.0643136 0.0633851 0.2431362 0.0833062 0.0628829 0.0614862 0.0640220 0.0938937 0.0572067 0.2134495 0.0872155 0.1430185 
Perityle_fosteri_93                        0.1512786 0.1473281 0.1568140 0.3277453 0.0674803 0.2782153 0.2958673 0.0755544 0.1897455 0.1421108 0.0754796 0.0348238 0.0225449 0.0409820 0.0468466 0.1537564 0.1922732 0.0796377 0.0794172 0.0490325 0.0364062 0.0179914 0.0795783 0.0416766 0.0324124 0.0334054 0.1589987 0.1211774 0.0747383 0.0877715 0.1057077 0.1494251 0.0909101 0.1464879 0.0209712 0.1448575 0.0683472 0.0000000 0.0956689 0.1352101 0.0449344 0.0418130 0.0660533 0.0163715 0.0647144 0.0860709 0.0539894 0.0179440 0.0272164 0.0642481 0.3449294 0.0149396 0.0318082 0.2725951 0.0395745 0.0671098 0.1225324 0.1278442 0.0194365 0.0210263 0.0815230 0.0437970 0.0711337 0.2065229 0.0302299 0.0754829 0.0472418 0.0931744 0.0908067 0.0446036 0.0474120 0.0416766 0.0874202 0.0271662 0.0241262 0.0285524 0.1808891 0.0923272 0.0857054 0.0410122 0.0441133 0.0888021 0.0195170 0.1638299 0.0973198 0.1121167 
Perityle_gamon_221                         0.1785236 0.1741561 0.1789892 0.3042974 0.0945288 0.3496566 0.3039205 0.0792286 0.2066064 0.1643708 0.1018084 0.0834157 0.0816782 0.0860188 0.0933818 0.1669557 0.2434552 0.1059068 0.0867801 0.0921818 0.0860486 0.0760732 0.1233300 0.0842784 0.0804100 0.0765222 0.2673354 0.1333666 0.0773467 0.1047071 0.1227168 0.1598906 0.1007686 0.1771535 0.0858386 0.1705294 0.0846914 0.0956689 0.0000000 0.1538791 0.0941756 0.0860423 0.0771977 0.0873440 0.0879357 0.0454423 0.0938263 0.0816524 0.0847572 0.0775905 0.3353816 0.0872802 0.0750007 0.3434215 0.0923086 0.0635254 0.1413541 0.1847343 0.0949973 0.0802622 0.1145894 0.0405569 0.0932837 0.2752978 0.0897195 0.0838366 0.0903378 0.0931023 0.1000853 0.1084572 0.0919280 0.0842784 0.0869357 0.0869496 0.0890575 0.0873936 0.2593365 0.0983221 0.0884871 0.0890416 0.0918868 0.1121510 0.0802571 0.2546974 0.0891719 0.1231248 
Perityle_gentryi_8_san_francisco           0.0705187 0.0535327 0.0770948 0.2495976 0.1158219 0.3144080 0.2659549 0.1455393 0.1685310 0.0740770 0.1282164 0.1076937 0.1099190 0.1147194 0.1439313 0.0350278 0.2981510 0.1417967 0.1406408 0.1165033 0.1245373 0.1037306 0.1390882 0.1047215 0.1042311 0.1118083 0.2750361 0.0695172 0.1282647 0.1873655 0.2011126 0.0720333 0.1291010 0.0773008 0.1133831 0.0653872 0.1249959 0.1352101 0.1538791 0.0000000 0.1237003 0.1100512 0.1236587 0.1206962 0.1284637 0.1319133 0.1127790 0.1084340 0.1112438 0.1272436 0.3818824 0.1126017 0.1105314 0.4188942 0.1230010 0.1166275 0.0611419 0.0873876 0.1589360 0.1098019 0.1425745 0.1506194 0.1238381 0.3457663 0.1157937 0.1297724 0.1531641 0.1236023 0.1418916 0.1493132 0.1112152 0.1047215 0.2180177 0.1155829 0.1449948 0.1184200 0.3101914 0.1431366 0.1307033 0.1136838 0.1156678 0.1733928 0.1060834 0.2809412 0.1688316 0.1434570 
Perityle_gilensis_22_Superstition          0.1361510 0.1296100 0.1378454 0.2703758 0.0646386 0.2947774 0.2661992 0.0790866 0.1740832 0.1344620 0.0735621 0.0354374 0.0309885 0.0274991 0.0334980 0.1235752 0.2939613 0.0683942 0.0746425 0.0368163 0.0245815 0.0552375 0.0697128 0.0143199 0.0154910 0.0227524 0.1262876 0.1561498 0.0607826 0.0905743 0.1057636 0.1309166 0.0786787 0.1398567 0.0276245 0.1297546 0.0645402 0.0449344 0.0941756 0.1237003 0.0000000 0.0165931 0.0629720 0.0274839 0.0626045 0.0761295 0.0320957 0.0263906 0.0332994 0.0603724 0.3376556 0.0545025 0.0219499 0.3730360 0.0266934 0.0589123 0.1445021 0.1229119 0.0387181 0.0298268 0.0895946 0.0599666 0.0679201 0.2207136 0.0414184 0.0613974 0.1182158 0.0809844 0.0732080 0.0286576 0.0286132 0.0143199 0.1924234 0.0320998 0.0396036 0.0319881 0.2184369 0.0746688 0.0760401 0.0241142 0.0275144 0.0892543 0.0298041 0.1311876 0.0993468 0.1754971 
Perityle_gilensis_salensis_225             0.1266173 0.1212176 0.1295318 0.2565581 0.0628078 0.2778905 0.2502982 0.0696014 0.1634009 0.1231494 0.0736532 0.0319063 0.0299276 0.0247520 0.0348923 0.1145017 0.2663671 0.0640651 0.0667173 0.0322311 0.0185144 0.0496360 0.0632743 0.0068461 0.0167929 0.0245702 0.1875740 0.1385988 0.0610113 0.0783903 0.0956021 0.1279310 0.0759329 0.1335388 0.0270179 0.1217965 0.0632957 0.0418130 0.0860423 0.1100512 0.0165931 0.0000000 0.0618475 0.0252848 0.0582908 0.0770545 0.0329721 0.0268015 0.0309914 0.0579953 0.3550151 0.0519749 0.0223316 0.3712656 0.0256970 0.0593282 0.1330730 0.1169323 0.0334680 0.0288822 0.0703823 0.0419243 0.0709565 0.2598828 0.0382895 0.0626371 0.1091973 0.0789349 0.0707615 0.0225124 0.0308533 0.0068461 0.1802578 0.0309512 0.0353190 0.0308218 0.2148390 0.0767996 0.0747560 0.0268017 0.0300282 0.0691573 0.0288624 0.1880044 0.0934581 0.1511550 
Perityle_glaucescens_94                    0.1440154 0.1384749 0.1477159 0.2637601 0.0748293 0.3088167 0.2741141 0.0873090 0.1753393 0.1355537 0.0810024 0.0665297 0.0568742 0.0622218 0.0717911 0.1344977 0.2909274 0.0819555 0.0750732 0.0648255 0.0614093 0.0773806 0.0904389 0.0573969 0.0576978 0.0595581 0.2149018 0.1527315 0.0629621 0.0957507 0.1159489 0.1305194 0.0801714 0.1456920 0.0561691 0.1348024 0.0217778 0.0660533 0.0771977 0.1236587 0.0629720 0.0618475 0.0000000 0.0475816 0.0161545 0.0768034 0.0677516 0.0557079 0.0558676 0.0130822 0.3554837 0.0817439 0.0602400 0.3831790 0.0510009 0.0602650 0.1454419 0.1610890 0.0537098 0.0557645 0.0725247 0.0567254 0.0695976 0.2569149 0.0689855 0.0645713 0.1392320 0.0844680 0.0818169 0.0649884 0.0643875 0.0573969 0.1825815 0.0577635 0.0585870 0.0619591 0.2151433 0.0832533 0.0612852 0.0589635 0.0636278 0.0809210 0.0557252 0.2104461 0.0807059 0.1411618 
Perityle_gracilis_11                       0.1303049 0.1232547 0.1340165 0.2479705 0.0560032 0.2828415 0.2515629 0.0697884 0.1664277 0.1244389 0.0631841 0.0287507 0.0074120 0.0312688 0.0366182 0.1283393 0.3421159 0.0640319 0.0522451 0.0384364 0.0256937 0.0379028 0.0798512 0.0239227 0.0201919 0.0180822 0.0775491 0.1525561 0.0531061 0.0752353 0.0972106 0.1214306 0.0725628 0.1281293 0.0122855 0.1244193 0.0534800 0.0163715 0.0873440 0.1206962 0.0274839 0.0252848 0.0475816 0.0000000 0.0490781 0.0716669 0.0364972 0.0036856 0.0099149 0.0486901 0.3060465 0.0392762 0.0224150 0.3246544 0.0253206 0.0456841 0.1422739 0.1369374 0.0019395 0.0061640 0.0736178 0.0439888 0.0645181 0.1296105 0.0251512 0.0538487 0.1225838 0.0799198 0.0707516 0.0389236 0.0300122 0.0239227 0.2014162 0.0074054 0.0069892 0.0198415 0.1271893 0.0701845 0.0716070 0.0274102 0.0299747 0.0726097 0.0061588 0.1048383 0.0817202 0.1815553 
