86
Amauria_brandeegeana_62                    0.0000000 0.0860856 0.0913067 0.2993389 0.1347154 0.1727752 0.1904270 0.1474819 0.3022886 0.1493686 0.1629380 0.2225725 0.1662984 0.1959120 0.1846896 0.1141558 0.1952201 0.1864755 0.1344089 0.2090629 0.2038730 0.1690266 0.0576119 0.1741195 0.2583834 0.1729377 0.2761183 0.2438810 0.1723838 0.2159863 0.1286336 0.2716108 0.2253353 0.1335999 0.1564935 0.2844592 0.1768376 0.1033310 0.2190629 0.1735939 0.2034408 0.1566577 0.1735454 0.1627078 0.1726217 0.1814733 0.1922757 0.1609866 0.1700049 0.1742873 0.2106260 0.2094063 0.2022517 0.3107198 0.1886785 0.2095657 0.1463576 0.1750944 0.1696078 0.1711209 0.2198189 0.0613906 0.1672666 0.0801367 0.2243382 0.1711108 0.2942234 0.1720293 0.3345500 0.1489423 0.1978341 0.1741195 0.2330614 0.1741620 0.1596312 0.1521842 0.0779459 0.1725798 0.2940550 0.1931337 0.1356458 0.0945598 0.1721202 0.2022586 0.1122926 0.1763817 
Amauria_carterae_99_mesa                   0.0860856 0.0000000 0.1040585 0.2372243 0.0801920 0.0597189 0.1674689 0.1445819 0.2431558 0.0987012 0.1064406 0.1833474 0.1221580 0.1253167 0.1090384 0.1151146 0.1446181 0.1944040 0.1355773 0.1356007 0.1449474 0.1011567 0.0578006 0.1072550 0.1139342 0.1059597 0.2416366 0.1511134 0.1407590 0.1497487 0.1210186 0.1870184 0.1577169 0.0809451 0.0995838 0.1621443 0.1203335 0.0798292 0.2204733 0.1065265 0.1316045 0.0949642 0.1248023 0.0913189 0.1236991 0.1336938 0.1460414 0.0912739 0.1048493 0.1196779 0.1453854 0.1287653 0.1073977 0.2085904 0.1450941 0.1448830 0.1302966 0.1267969 0.1062445 0.1060429 0.1458287 0.0678668 0.1507223 0.0686682 0.1805983 0.1329738 0.1941095 0.1269113 0.2694864 0.1377158 0.1486128 0.1072550 0.1507696 0.1085915 0.0917099 0.0983983 0.0767955 0.1241479 0.1948919 0.1286929 0.1462364 0.1033952 0.1086278 0.1423925 0.1034169 0.1033672 
Amauria_rotundifolia_SRR9119150            0.0913067 0.1040585 0.0000000 0.3218498 0.1420834 0.1549917 0.2107586 0.1669005 0.3103465 0.1701861 0.1743012 0.2393498 0.1837445 0.2036744 0.1840910 0.1257465 0.2151329 0.1856134 0.1393051 0.2238699 0.2176246 0.1882391 0.0534220 0.1817983 0.2786505 0.1869070 0.3043413 0.2662861 0.1996892 0.2275799 0.1111108 0.2832495 0.2354483 0.1514805 0.1668770 0.3021385 0.1982837 0.1042249 0.2485302 0.1953104 0.2110836 0.1689915 0.1938785 0.1738489 0.1956244 0.1958440 0.2187854 0.1757835 0.1840088 0.1943489 0.2198316 0.2206489 0.2270424 0.3231756 0.2129034 0.2411121 0.1542895 0.1653503 0.1847340 0.1843377 0.2556336 0.0542135 0.1814567 0.0761336 0.2396387 0.1934919 0.3189858 0.1787606 0.3461647 0.1455636 0.2183329 0.1817983 0.2475718 0.1942731 0.1770907 0.1494365 0.0709515 0.1760929 0.3214655 0.2218914 0.1362874 0.1056539 0.1852532 0.2179986 0.1156952 0.1921484 
Conoclinium_coelestinum_SRR9119114         0.2993389 0.2372243 0.3218498 0.0000000 0.2849527 0.3580137 0.1608063 0.2082481 0.3762278 0.3052848 0.3020891 0.3460351 0.3123253 0.3446381 0.2680027 0.2163921 0.2967511 0.3314017 0.3088320 0.3076682 0.3044391 0.2999618 0.1685304 0.3187607 0.3385403 0.3021784 0.3605647 0.3496433 0.3264835 0.3483172 0.3075103 0.4151207 0.3933557 0.3139688 0.3100740 0.4913256 0.3182247 0.2100489 0.3476835 0.3290232 0.3308460 0.3090220 0.3228903 0.2988700 0.3092815 0.3381523 0.3096230 0.3092736 0.3016347 0.3169935 0.2988208 0.3672250 0.3240809 0.3989046 0.3044840 0.3623112 0.2649313 0.3025903 0.2993776 0.3002237 0.3637714 0.1966655 0.2993751 0.1847768 0.3360278 0.3096250 0.3753418 0.3043023 0.5683259 0.1775852 0.2975623 0.3187607 0.3559844 0.2999467 0.2980283 0.2735677 0.1932481 0.3051055 0.5075246 0.3129384 0.2255802 0.2469549 0.2985915 0.3271596 0.2862950 0.3083226 
Eutetras_palmeri_63                        0.1347154 0.0801920 0.1420834 0.2849527 0.0000000 0.0113415 0.1667514 0.1456239 0.2563766 0.0989225 0.0917521 0.2049635 0.1013248 0.1194996 0.0921801 0.0908266 0.1302088 0.1791290 0.1145836 0.1302037 0.1268541 0.0922497 0.0493449 0.0989555 0.1822968 0.0980109 0.2532823 0.1750136 0.1200212 0.1431238 0.1012950 0.1900160 0.1636096 0.1165700 0.0868593 0.1690505 0.1116473 0.0824749 0.1576842 0.1057596 0.1202709 0.0882534 0.1073496 0.0903237 0.1018051 0.1005595 0.1284798 0.0901151 0.0929270 0.1051219 0.1372884 0.1326758 0.1713271 0.2162652 0.1286423 0.1572221 0.1335467 0.1124430 0.0907985 0.0934232 0.1557474 0.0395080 0.1319333 0.0691862 0.2035681 0.1201715 0.2160207 0.1169589 0.2107212 0.1337746 0.1273173 0.0989555 0.1541935 0.1028890 0.0811939 0.0862030 0.0545086 0.1157833 0.1715085 0.1259100 0.1317935 0.0868931 0.0941693 0.1495511 0.0859769 0.0935633 
Eutetras_pringlei_149_quer                 0.1727752 0.0597189 0.1549917 0.3580137 0.0113415 0.0000000 0.1727993 0.1334435 0.1877292 0.0775459 0.0673199 0.3434935 0.0760956 0.0843849 0.0678243 0.0000010 0.0695976 0.0627872 0.0726514 0.0696567 0.0803347 0.0779179 0.0334289 0.0866584 0.0759856 0.0823195 0.3592194 0.0914042 0.0920469 0.0822645 0.0790581 0.0736525 0.0750669 0.1259802 0.0888720 0.0810138 0.0739180 0.0000010 0.0648256 0.0866479 0.1061055 0.0844638 0.0799460 0.0887969 0.0774995 0.0725640 0.0574956 0.0887969 0.0780434 0.0774995 0.0676191 0.0844302 0.2884860 0.0720263 0.0657209 0.1187181 0.0861753 0.0777816 0.0781067 0.0800183 0.0946177 0.0395080 0.0686269 0.0441489 0.3379575 0.0900661 0.0888415 0.0848614 0.0810884 0.0424265 0.0593246 0.0866584 0.0846524 0.0825069 0.0738694 0.0667970 0.0536654 0.0824290 0.0798795 0.0634586 0.0618604 0.0585106 0.0800553 0.1047809 0.0731748 0.0726936 
Eutrochium_fistulosum_SRR9119106           0.1904270 0.1674689 0.2107586 0.1608063 0.1667514 0.1727993 0.0000000 0.1299506 0.2777488 0.1989850 0.1816832 0.2400342 0.1900741 0.2089050 0.1724918 0.1504548 0.1708781 0.2221172 0.2019720 0.1820579 0.1794346 0.1782544 0.1016950 0.1960549 0.2270244 0.1833406 0.2556631 0.2416041 0.2102598 0.2524630 0.1728771 0.2962538 0.2739518 0.2076086 0.1879784 0.3626681 0.2050754 0.1427831 0.2077086 0.2045117 0.2041394 0.1829680 0.2062358 0.1775665 0.2023297 0.2068809 0.1819051 0.1856167 0.1775155 0.2011633 0.1831479 0.2338057 0.2164904 0.2666610 0.1803400 0.2207159 0.1908588 0.1823435 0.1755733 0.1772859 0.2489384 0.1308615 0.2137569 0.1004176 0.2338201 0.1984184 0.2596795 0.1897095 0.4079977 0.1094725 0.1794649 0.1960549 0.2618022 0.1801729 0.1803525 0.1725750 0.1245910 0.1896952 0.3411498 0.1848715 0.1500439 0.1752778 0.1761253 0.1955614 0.1729791 0.1929879 
Galeana_pratensis_104_mex                  0.1474819 0.1445819 0.1669005 0.2082481 0.1456239 0.1334435 0.1299506 0.0000000 0.1712266 0.1696949 0.1634483 0.2720476 0.1483764 0.1623881 0.1454716 0.0000010 0.1511212 0.1456267 0.1448321 0.1539398 0.1514036 0.1515500 0.1112536 0.1585530 0.1560194 0.1517952 0.2733779 0.1708868 0.1658285 0.1737868 0.1512014 0.1603821 0.1462154 0.1855256 0.1542468 0.1485862 0.1533143 0.0000010 0.1703440 0.1585116 0.1979467 0.1585530 0.1613229 0.1511822 0.1717912 0.1751616 0.1597680 0.1511822 0.1519696 0.1717912 0.1632119 0.1583062 0.1554391 0.1522375 0.1594753 0.1633561 0.1609779 0.1497458 0.1521862 0.1515500 0.1661919 0.1107031 0.1450530 0.1071514 0.2595471 0.1695236 0.1598580 0.1723733 0.1733206 0.1197088 0.1625636 0.1585530 0.1779687 0.1518910 0.1480912 0.1610454 0.1294396 0.1684299 0.1674310 0.1552090 0.1367851 0.1371945 0.1511810 0.2061735 0.1484341 0.1599377 
Helianthus_annuus_SRR9119062               0.3022886 0.2431558 0.3103465 0.3762278 0.2563766 0.1877292 0.2777488 0.1712266 0.0000000 0.2925380 0.2964559 0.3623131 0.2835402 0.2956301 0.2578755 0.3041842 0.3127347 0.3135022 0.2488740 0.3157443 0.3104150 0.2858709 0.1024841 0.2918439 0.3069937 0.2816786 0.4001550 0.3078513 0.2868979 0.3288495 0.2063396 0.3571333 0.3398510 0.3133268 0.2741201 0.3585110 0.2911109 0.3098982 0.3177490 0.2848649 0.2993244 0.2758032 0.2955137 0.2762969 0.2811002 0.2900905 0.3084669 0.2761102 0.2833520 0.2932552 0.3089267 0.3085117 0.3357734 0.3659297 0.3157785 0.3047357 0.2458922 0.2458019 0.2820345 0.2803398 0.2899425 0.1295288 0.2594001 0.1812736 0.3545169 0.2893289 0.3790031 0.2851298 0.3895727 0.2009275 0.3124250 0.2918439 0.3267769 0.2887490 0.2821936 0.2659065 0.1824273 0.2812811 0.3720223 0.3076176 0.2765727 0.2083083 0.2798731 0.3224149 0.2336095 0.2807910 
Lycapsus_tenuifolius_17                    0.1493686 0.0987012 0.1701861 0.3052848 0.0989225 0.0775459 0.1989850 0.1696949 0.2925380 0.0000000 0.1208519 0.2295335 0.1293934 0.1193257 0.1136787 0.1241184 0.1465392 0.1914416 0.1261672 0.1552588 0.1516967 0.1207335 0.0651634 0.1131394 0.1926109 0.1201131 0.2738671 0.1934622 0.1528858 0.0971116 0.0141532 0.1980840 0.1748076 0.0896929 0.0976772 0.2403812 0.1383761 0.0970258 0.1907713 0.1111546 0.1531547 0.0985233 0.1342453 0.1090303 0.1309883 0.1378163 0.1489623 0.1065905 0.1247112 0.1340823 0.1639076 0.1396335 0.2029801 0.2462161 0.1463026 0.1729474 0.1534016 0.1381286 0.1223201 0.1225808 0.1836571 0.0770375 0.1602063 0.0903184 0.2322914 0.1475832 0.2339902 0.1375324 0.2230309 0.1629886 0.1506976 0.1131394 0.1102789 0.1327284 0.1147797 0.1042268 0.0846383 0.1384154 0.2170391 0.1448487 0.1411269 0.1166774 0.1226290 0.1768535 0.1200178 0.1263514 
Pericome_caudata_50_silver                 0.1629380 0.1064406 0.1743012 0.3020891 0.0917521 0.0673199 0.1816832 0.1634483 0.2964559 0.1208519 0.0000000 0.2317618 0.1159617 0.1329204 0.1074256 0.1113355 0.1469030 0.2033903 0.1253625 0.1506514 0.1445666 0.1104442 0.0844361 0.1172077 0.1931008 0.1202156 0.3041314 0.1872756 0.1420757 0.1650466 0.1034430 0.1994599 0.1774545 0.1609110 0.1120957 0.2193397 0.1315808 0.1020007 0.1804807 0.1192543 0.1416868 0.1080718 0.1273920 0.1130389 0.1263460 0.1182868 0.1493614 0.1143378 0.1185955 0.1293818 0.1541072 0.1490226 0.2215517 0.2241263 0.1409625 0.1865973 0.1333914 0.1240218 0.1178884 0.1193842 0.1686318 0.0775838 0.1402105 0.0790539 0.2344369 0.1351781 0.2118644 0.1340587 0.2148047 0.1503065 0.1489941 0.1172077 0.1754000 0.1295289 0.1033515 0.1032527 0.0811888 0.1306003 0.1910399 0.1449842 0.1483965 0.1194818 0.1201453 0.1603674 0.0948225 0.1136964 
Perityle_aglossa_84_dead_horse             0.2225725 0.1833474 0.2393498 0.3460351 0.2049635 0.3434935 0.2400342 0.2720476 0.3623131 0.2295335 0.2317618 0.0000000 0.2151638 0.2525543 0.2233929 0.0979510 0.2221878 0.2765382 0.2264228 0.2552303 0.2246569 0.2239967 0.1976739 0.2197604 0.3218616 0.2214005 0.2838944 0.3255847 0.2579728 0.3100397 0.3121290 0.3601121 0.3197086 0.2270179 0.2035315 0.4719195 0.2457025 0.0795247 0.2678222 0.2415785 0.2013497 0.2040919 0.2354687 0.2152817 0.2333682 0.2668001 0.2243721 0.2168216 0.2208074 0.2319675 0.2355260 0.2684471 0.1930580 0.3599282 0.2159466 0.2935870 0.2409831 0.2420632 0.2196665 0.2171714 0.3083618 0.2859528 0.2531082 0.1613182 0.0233814 0.2583374 0.3481974 0.2601498 0.4913352 0.2074632 0.2294527 0.2197604 0.3222809 0.2235469 0.2126791 0.1879677 0.1914491 0.2642051 0.4568551 0.2391031 0.1341992 0.2212809 0.2174244 0.2494032 0.2124269 0.2507096 
Perityle_ajoensis_204                      0.1662984 0.1221580 0.1837445 0.3123253 0.1013248 0.0760956 0.1900741 0.1483764 0.2835402 0.1293934 0.1159617 0.2151638 0.0000000 0.1022667 0.1054432 0.0897134 0.1219026 0.1763826 0.1365357 0.1279407 0.1146830 0.0358102 0.0492432 0.0910230 0.1007500 0.0462280 0.2636557 0.1367723 0.1523429 0.1834735 0.1112076 0.2230383 0.1963202 0.1647573 0.0691472 0.2415568 0.1470463 0.0613309 0.1686081 0.1025765 0.1177476 0.0815874 0.1449339 0.0832162 0.1425084 0.1368405 0.1189539 0.0839967 0.0374633 0.1422204 0.1227966 0.1247784 0.1875128 0.2219059 0.1206813 0.1595935 0.1053906 0.0809066 0.0351685 0.0392471 0.1742885 0.0513461 0.1438044 0.0669167 0.1978640 0.1474488 0.2223034 0.1602911 0.2571904 0.1489349 0.1208759 0.0910230 0.1946695 0.0451153 0.0368145 0.0884840 0.0456952 0.1615830 0.2251913 0.1148112 0.1143020 0.1094372 0.0387143 0.1566820 0.1081651 0.0834797 
Perityle_ambrosiifolia_67_green            0.1959120 0.1253167 0.2036744 0.3446381 0.1194996 0.0843849 0.2089050 0.1623881 0.2956301 0.1193257 0.1329204 0.2525543 0.1022667 0.0000000 0.1260065 0.1189764 0.1524577 0.1421582 0.1050778 0.1608949 0.1525262 0.1010133 0.0533810 0.0518447 0.1355872 0.1070372 0.3095691 0.1230576 0.1624399 0.1206639 0.1009142 0.1479250 0.1282925 0.1651084 0.0390955 0.2188262 0.1453344 0.1049192 0.2077746 0.0504023 0.1251725 0.0377127 0.1455288 0.0551269 0.1446251 0.1476995 0.1559486 0.0518045 0.1027262 0.1422148 0.1693715 0.0402216 0.2331353 0.1903736 0.1587588 0.1744766 0.1024611 0.0852258 0.1045530 0.1062893 0.1800950 0.0511437 0.1072089 0.0603016 0.2586292 0.1567653 0.1709090 0.1452401 0.2033589 0.1315860 0.1480591 0.0518447 0.1165092 0.1195239 0.0937052 0.0946147 0.0723302 0.1455936 0.1991959 0.1602930 0.1555739 0.1202838 0.1064398 0.1707888 0.1124582 0.0860130 
Perityle_angustifolia_13_Eagle_creek       0.1846896 0.1090384 0.1840910 0.2680027 0.0921801 0.0678243 0.1724918 0.1454716 0.2578755 0.1136787 0.1074256 0.2233929 0.1054432 0.1260065 0.0000000 0.0791060 0.0433041 0.1694842 0.1296291 0.0514380 0.0507212 0.0998225 0.0578721 0.1195512 0.1220485 0.1040227 0.2464936 0.1399483 0.1298036 0.1465482 0.1469983 0.1731053 0.1624191 0.1634371 0.0983360 0.2134901 0.1292725 0.0556397 0.1307608 0.1203569 0.1270918 0.1041665 0.1291966 0.1015299 0.1255589 0.1277206 0.0283695 0.1014935 0.0999312 0.1245162 0.0345841 0.1481278 0.1841065 0.1012412 0.0061294 0.1486840 0.1384189 0.1287843 0.1009075 0.0997723 0.1402480 0.0621287 0.1176454 0.0390167 0.2176505 0.1254787 0.1271698 0.1297697 0.2526315 0.0273906 0.0305645 0.1195512 0.1477508 0.1078287 0.0988942 0.0902915 0.0923506 0.1304520 0.2199626 0.0390883 0.0216799 0.0988483 0.1006841 0.1399236 0.1075895 0.1074160 
Perityle_batopilensis_97                   0.1141558 0.1151146 0.1257465 0.2163921 0.0908266 0.0000010 0.1504548 0.0000010 0.3041842 0.1241184 0.1113355 0.0979510 0.0897134 0.1189764 0.0791060 0.0000000 0.1202203 0.2136766 0.1483406 0.1037422 0.1058824 0.0715918 1.6744765 0.0937060 0.1111372 0.0871885 0.1209786 0.1285281 0.1472364 0.1649372 0.5613252 0.2254059 0.1920194 0.1274217 0.0876609 0.4812284 0.1485011 0.0638452 0.1862302 0.0826007 0.1249857 0.0903864 0.1435465 0.0772171 0.1386034 0.1444995 0.1253286 0.0778823 0.0662985 0.1383045 0.1079214 0.1401110 0.0781878 0.1658105 0.1203246 0.1730152 0.1065320 0.1032641 0.0673233 0.0657829 0.1814388 0.0000010 0.1302309 0.0714180 0.1011689 0.1413189 0.1453039 0.1191817 0.6184799 0.0943304 0.1236440 0.0937060 0.1625956 0.0748471 0.0731597 0.1034541 0.0864334 0.1225735 0.5432710 0.1128561 0.1216415 0.1262196 0.0673416 0.0822924 0.1242458 0.1099977 
Perityle_bisetosa_9                        0.1952201 0.1446181 0.2151329 0.2967511 0.1302088 0.0695976 0.1708781 0.1511212 0.3127347 0.1465392 0.1469030 0.2221878 0.1219026 0.1524577 0.0433041 0.1202203 0.0000000 0.2113260 0.1467375 0.0381076 0.0290533 0.1117668 0.0281510 0.1395845 0.2212165 0.1312163 0.2589396 0.2225618 0.1686692 0.2044816 0.1522706 0.2444411 0.2287580 0.1892538 0.1091450 0.2864751 0.1571611 0.0563455 0.1795313 0.1432430 0.1751363 0.1269745 0.1724088 0.1260515 0.1718474 0.1717395 0.0414122 0.1335529 0.1136778 0.1715256 0.0619280 0.1853571 0.1647122 0.1765871 0.0443538 0.2122466 0.1493394 0.1333860 0.1310556 0.1317879 0.2101760 0.0467526 0.1806922 0.0346679 0.2371177 0.1523853 0.1798761 0.1800811 0.2923274 0.0245470 0.0308997 0.1395845 0.2190707 0.1361659 0.1096057 0.1279271 0.0888110 0.1813599 0.2705525 0.0714473 0.0442676 0.0903103 0.1300195 0.1569399 0.1058068 0.1052499 
Perityle_californica_76_positas            0.1864755 0.1944040 0.1856134 0.3314017 0.1791290 0.0627872 0.2221172 0.1456267 0.3135022 0.1914416 0.2033903 0.2765382 0.1763826 0.1421582 0.1694842 0.2136766 0.2113260 0.0000000 0.1376486 0.1909494 0.2131603 0.1661317 0.0624626 0.1819998 0.1686435 0.1953172 0.3110478 0.1600052 0.2087022 0.1595605 0.0902452 0.1130258 0.1413418 0.2073677 0.1701688 0.2169231 0.1820059 0.2209410 0.2216395 0.1595349 0.2295771 0.1745648 0.1970062 0.1743096 0.1814181 0.1996042 0.2178245 0.1769178 0.1790862 0.1984100 0.2155139 0.1443559 0.2216885 0.2473148 0.2016526 0.2329513 0.1143700 0.1245998 0.1857074 0.1853119 0.2192188 0.0580889 0.1483331 0.0875079 0.2901258 0.2012215 0.2097856 0.2084379 0.2773412 0.1416995 0.2121053 0.1819998 0.1633716 0.1895421 0.1548784 0.1805973 0.0770348 0.2075199 0.2445970 0.2026152 0.2121348 0.1627599 0.1873084 0.2203968 0.1258375 0.1400987 
Perityle_canescens_77                      0.1344089 0.1355773 0.1393051 0.3088320 0.1145836 0.0726514 0.2019720 0.1448321 0.2488740 0.1261672 0.1253625 0.2264228 0.1365357 0.1050778 0.1296291 0.1483406 0.1467375 0.1376486 0.0000000 0.1527811 0.1495158 0.1338169 0.0754373 0.1123527 0.1363667 0.1370383 0.2546121 0.1513972 0.1261601 0.1390013 0.1084538 0.1354591 0.1259397 0.1333740 0.1059527 0.1959780 0.0969340 0.1403061 0.1468436 0.1044216 0.1681233 0.1051218 0.0979702 0.1061746 0.1002632 0.1268123 0.1439482 0.1042294 0.1338662 0.1021938 0.1447482 0.1192400 0.1696964 0.1877829 0.1431623 0.1274200 0.1341581 0.1315825 0.1350402 0.1327070 0.1255532 0.0694340 0.1318662 0.0994192 0.2223353 0.1233448 0.1638888 0.1156913 0.2481654 0.1588766 0.1480771 0.1123527 0.1388390 0.1400987 0.1261761 0.1006927 0.1128976 0.1166418 0.2224020 0.1374469 0.1540174 0.0978820 0.1337699 0.1671289 0.1019634 0.1155032 
Perityle_castillonii_96                    0.2090629 0.1356007 0.2238699 0.3076682 0.1302037 0.0696567 0.1820579 0.1539398 0.3157443 0.1552588 0.1506514 0.2552303 0.1279407 0.1608949 0.0514380 0.1037422 0.0381076 0.1909494 0.1527811 0.0000000 0.0402749 0.1045657 0.0322859 0.1510898 0.1833682 0.1381978 0.2789728 0.1810646 0.1715032 0.1965144 0.1551176 0.2205018 0.2039363 0.1975285 0.1210825 0.2678645 0.1633739 0.0168847 0.1812760 0.1503420 0.1804162 0.1385814 0.1792237 0.1243730 0.1744170 0.1808060 0.0640784 0.1270844 0.1077384 0.1747290 0.0590575 0.1742529 0.1936682 0.1428196 0.0589222 0.2182116 0.1209352 0.1342331 0.1222058 0.1230690 0.2018899 0.0505085 0.1624717 0.0495128 0.2549862 0.1588797 0.1467633 0.1736508 0.3013771 0.0459346 0.0561324 0.1510898 0.1977137 0.1249239 0.0998843 0.1436151 0.0782317 0.1746143 0.2752228 0.0786805 0.0566487 0.0970839 0.1210327 0.1605282 0.1037717 0.1071471 
Perityle_cernua_84                         0.2038730 0.1449474 0.2176246 0.3044391 0.1268541 0.0803347 0.1794346 0.1514036 0.3104150 0.1516967 0.1445666 0.2246569 0.1146830 0.1525262 0.0507212 0.1058824 0.0290533 0.2131603 0.1495158 0.0402749 0.0000000 0.1095285 0.0406207 0.1418296 0.2251788 0.1300274 0.2619056 0.2237354 0.1678357 0.2136155 0.1666555 0.2424401 0.2304208 0.1922476 0.1105405 0.2795282 0.1580286 0.0592343 0.1706363 0.1490015 0.1691307 0.1297399 0.1686948 0.1271647 0.1664015 0.1651343 0.0505643 0.1291573 0.1114496 0.1646996 0.0620348 0.1841327 0.1770211 0.1798695 0.0541989 0.2076730 0.1603148 0.1350221 0.1230141 0.1241757 0.2085082 0.0581980 0.1787202 0.0346680 0.2215404 0.1583277 0.1850187 0.1816160 0.2924254 0.0245965 0.0410424 0.1418296 0.2231301 0.1284155 0.1070208 0.1246627 0.0997357 0.1828627 0.2651843 0.0735733 0.0465872 0.1035633 0.1223987 0.1557139 0.1116316 0.1105015 
Perityle_cfvillosa_25_tin                  0.1690266 0.1011567 0.1882391 0.2999618 0.0922497 0.0779179 0.1782544 0.1515500 0.2858709 0.1207335 0.1104442 0.2239967 0.0358102 0.1010133 0.0998225 0.0715918 0.1117668 0.1661317 0.1338169 0.1045657 0.1095285 0.0000000 0.0535021 0.0842685 0.0904676 0.0260300 0.2499113 0.1169767 0.1433140 0.1842853 0.1152663 0.2034310 0.1801095 0.1530885 0.0587531 0.2514410 0.1449837 0.0344622 0.1543972 0.0947469 0.1043775 0.0707070 0.1420318 0.0567164 0.1371421 0.1408604 0.1158374 0.0566189 0.0068392 0.1410493 0.1196291 0.1116840 0.1739685 0.2018722 0.1132165 0.1511418 0.0976003 0.0756611 0.0062823 0.0062598 0.1768269 0.0547319 0.1325403 0.0629282 0.2097321 0.1399658 0.1843901 0.1456701 0.2480013 0.1345698 0.1119379 0.0842685 0.1807503 0.0166659 0.0083598 0.1038691 0.0053764 0.1467749 0.2183614 0.1024989 0.1147090 0.1032696 0.0056934 0.1409546 0.1076052 0.0785001 
Perityle_cinerea_113_Powell1310            0.0576119 0.0578006 0.0534220 0.1685304 0.0493449 0.0334289 0.1016950 0.1112536 0.1024841 0.0651634 0.0844361 0.1976739 0.0492432 0.0533810 0.0578721 1.6744765 0.0281510 0.0624626 0.0754373 0.0322859 0.0406207 0.0535021 0.0000000 0.0575288 0.0492040 0.0535021 0.0707468 0.0663904 0.0531343 0.0651634 0.0484379 0.0797111 0.0615522 0.0621971 0.0575912 0.0580627 0.0625272 1.6744765 0.0621520 0.0618484 0.0887919 0.0533810 0.0737836 0.0575288 0.0756753 0.0801598 0.0450138 0.0575288 0.0535021 0.0714171 0.0449897 0.0533810 0.0448369 0.0448785 0.0535557 0.0661478 0.0663948 0.0667340 0.0535021 0.0535021 0.0702737 0.0264079 0.0535998 0.0185382 0.1826219 0.0575820 0.0491390 0.0628123 0.0604168 0.0248356 0.0406929 0.0575288 0.0696403 0.0535021 0.0535021 0.0534871 0.0333237 0.0628123 0.0505455 0.0406929 0.0449897 0.0247672 0.0578230 0.0753234 0.0666659 0.0535059 
Perityle_coahuilensis_24                   0.1741195 0.1072550 0.1817983 0.3187607 0.0989555 0.0866584 0.1960549 0.1585530 0.2918439 0.1131394 0.1172077 0.2197604 0.0910230 0.0518447 0.1195512 0.0937060 0.1395845 0.1819998 0.1123527 0.1510898 0.1418296 0.0842685 0.0575288 0.0000000 0.1474078 0.0790873 0.2709441 0.1623196 0.1503399 0.1651202 0.1113737 0.2030784 0.1730746 0.1530231 0.0339380 0.2464413 0.1362955 0.0780072 0.1930222 0.0503127 0.0809702 0.0302212 0.1337597 0.0459456 0.1309239 0.1329795 0.1419436 0.0447380 0.0853663 0.1310237 0.1348633 0.0627004 0.1771662 0.2237983 0.1453408 0.1639341 0.1277661 0.0913704 0.0864404 0.0884436 0.1816652 0.0511437 0.1311139 0.0736824 0.2183575 0.1452938 0.2264201 0.1325541 0.2195403 0.1547999 0.1435026 0.0000010 0.1767974 0.0959026 0.0797899 0.0897123 0.0561038 0.1326040 0.2167638 0.1364099 0.1340920 0.1061990 0.0885318 0.1557931 0.1113058 0.0736713 
Perityle_cochisensis_44_cave_creek         0.2583834 0.1139342 0.2786505 0.3385403 0.1822968 0.0759856 0.2270244 0.1560194 0.3069937 0.1926109 0.1931008 0.3218616 0.1007500 0.1355872 0.1220485 0.1111372 0.2212165 0.1686435 0.1363667 0.1833682 0.2251788 0.0904676 0.0492040 0.1474078 0.0000000 0.0974540 0.3832850 0.1152824 0.2391211 0.1780573 0.1152840 0.2072095 0.1992641 0.2319405 0.1457110 0.2485976 0.2273587 0.1900343 0.2597922 0.1199352 0.1770376 0.1528698 0.2228680 0.1587892 0.1898323 0.2025055 0.2204699 0.1561748 0.1060975 0.2231855 0.1986518 0.1321249 0.2968885 0.2451999 0.2033992 0.2162954 0.0709702 0.0807628 0.1008673 0.1096010 0.2026080 0.0587554 0.1161287 0.0691836 0.3313298 0.2349729 0.1848271 0.2302866 0.2506791 0.1471847 0.2115569 0.1474078 0.1772668 0.1126470 0.0882212 0.1902540 0.0217781 0.2314935 0.2276062 0.2095984 0.2468994 0.1071981 0.1084060 0.2375620 0.1081755 0.1160905 
Perityle_congesta_202                      0.1729377 0.1059597 0.1869070 0.3021784 0.0980109 0.0823195 0.1833406 0.1517952 0.2816786 0.1201131 0.1202156 0.2214005 0.0462280 0.1070372 0.1040227 0.0871885 0.1312163 0.1953172 0.1370383 0.1381978 0.1300274 0.0260300 0.0535021 0.0790873 0.0974540 0.0000000 0.2675246 0.1418898 0.1564653 0.1816785 0.1196824 0.2229007 0.1907078 0.1538950 0.0645469 0.2539128 0.1476374 0.0577864 0.1829224 0.0946489 0.1140334 0.0765380 0.1399804 0.0771888 0.1375534 0.1385112 0.1369041 0.0769230 0.0252723 0.1392336 0.1343505 0.1205025 0.1687764 0.2230550 0.1347289 0.1659104 0.1069914 0.0810335 0.0258264 0.0259124 0.1897940 0.0510725 0.1465625 0.0694411 0.2152641 0.1533122 0.2121616 0.1520081 0.2566447 0.1486413 0.1324287 0.0790873 0.1909426 0.0325444 0.0260896 0.1059026 0.0162354 0.1515377 0.2203320 0.1270139 0.1267559 0.1001884 0.0259471 0.1599300 0.1089724 0.0824333 
Perityle_cordifolia_27                     0.2761183 0.2416366 0.3043413 0.3605647 0.2532823 0.3592194 0.2556631 0.2733779 0.4001550 0.2738671 0.3041314 0.2838944 0.2636557 0.3095691 0.2464936 0.1209786 0.2589396 0.3110478 0.2546121 0.2789728 0.2619056 0.2499113 0.0707468 0.2709441 0.3832850 0.2675246 0.0000000 0.3756818 0.3082822 0.3509140 0.3258684 0.4056813 0.3816249 0.2605742 0.2351626 0.5492540 0.2844819 0.0713459 0.3299001 0.2844323 0.3133362 0.2534538 0.3011625 0.2470884 0.3103017 0.3290079 0.2646115 0.2587990 0.2499319 0.3013960 0.2727088 0.3313617 0.2145477 0.3732903 0.2661161 0.3397492 0.2417644 0.2699931 0.2678504 0.2646735 0.3766598 0.2210356 0.2971658 0.0456269 0.2999422 0.2799196 0.3457336 0.3105454 0.5738776 0.1776385 0.2701204 0.2709441 0.3730184 0.2717061 0.2321008 0.2645517 0.1559118 0.3167331 0.5402401 0.2545881 0.1630285 0.1923420 0.2648137 0.2750064 0.1982854 0.2491006 
Perityle_cordifolia_68_tecolote            0.2438810 0.1511134 0.2662861 0.3496433 0.1750136 0.0914042 0.2416041 0.1708868 0.3078513 0.1934622 0.1872756 0.3255847 0.1367723 0.1230576 0.1399483 0.1285281 0.2225618 0.1600052 0.1513972 0.1810646 0.2237354 0.1169767 0.0663904 0.1623196 0.1152824 0.1418898 0.3756818 0.0000000 0.2264631 0.1773018 0.1305400 0.2054750 0.1947349 0.2270881 0.1416668 0.2596351 0.2163641 0.1548448 0.2596617 0.1278239 0.2036614 0.1518212 0.2028194 0.1645384 0.1976008 0.1957592 0.2168780 0.1556829 0.1366874 0.2013270 0.2168564 0.1321568 0.3147289 0.2425850 0.2022532 0.2274595 0.0182374 0.1018276 0.1304453 0.1367116 0.1890053 0.0707853 0.1240034 0.0827506 0.3288160 0.2293397 0.2234569 0.2207569 0.2620631 0.1693171 0.2124990 0.1623196 0.1865690 0.1499867 0.1159365 0.1774552 0.0648436 0.2217039 0.2306845 0.2154792 0.2277787 0.1281921 0.1361504 0.2345151 0.1246491 0.1197234 
Perityle_coronopifolia_28_patagonia        0.1723838 0.1407590 0.1996892 0.3264835 0.1200212 0.0920469 0.2102598 0.1658285 0.2868979 0.1528858 0.1420757 0.2579728 0.1523429 0.1624399 0.1298036 0.1472364 0.1686692 0.2087022 0.1261601 0.1715032 0.1678357 0.1433140 0.0531343 0.1503399 0.2391211 0.1564653 0.3082822 0.2264631 0.0000000 0.1878264 0.1443230 0.2133837 0.1918471 0.1716018 0.1396134 0.2354688 0.1164528 0.1219134 0.1831990 0.1577269 0.1736938 0.1397899 0.1221936 0.1407155 0.1190052 0.1312194 0.1723838 0.1428206 0.1479094 0.1237254 0.1805021 0.1859750 0.2356671 0.2423301 0.1685300 0.1581916 0.1587955 0.1482773 0.1510573 0.1529156 0.0735129 0.0657947 0.1571040 0.0771200 0.2588366 0.0248661 0.2351197 0.1447843 0.2383631 0.1563571 0.1662952 0.1503399 0.2038782 0.1605785 0.1352659 0.1300251 0.1078256 0.1434549 0.2067826 0.1663606 0.1580902 0.0473501 0.1538057 0.1959493 0.1120438 0.1288238 
Perityle_crassifolia_70_ventanas           0.2159863 0.1497487 0.2275799 0.3483172 0.1431238 0.0822645 0.2524630 0.1737868 0.3288495 0.0971116 0.1650466 0.3100397 0.1834735 0.1206639 0.1465482 0.1649372 0.2044816 0.1595605 0.1390013 0.1965144 0.2136155 0.1842853 0.0651634 0.1651202 0.1780573 0.1816785 0.3509140 0.1773018 0.1878264 0.0000000 0.0017571 0.1763636 0.1518154 0.2087063 0.1560128 0.2228742 0.1838987 0.2077918 0.2293129 0.1388610 0.2108865 0.1557080 0.1758121 0.1650318 0.1716450 0.1674453 0.2068700 0.1595990 0.1841609 0.1737312 0.2069902 0.1325547 0.3057586 0.2403493 0.1974907 0.2118677 0.1340226 0.1219735 0.1800278 0.1812031 0.1930737 0.0809723 0.1546436 0.0792192 0.3151323 0.1846158 0.2257812 0.1675098 0.2296333 0.1514540 0.2027957 0.1651202 0.0069750 0.1866423 0.1756497 0.1492579 0.0894016 0.1695050 0.2160616 0.2021592 0.2229205 0.1387748 0.1813960 0.2330531 0.1247885 0.1506361 
Perityle_crassifolia_74_playa_balandra     0.1286336 0.1210186 0.1111108 0.3075103 0.1012950 0.0790581 0.1728771 0.1512014 0.2063396 0.0141532 0.1034430 0.3121290 0.1112076 0.1009142 0.1469983 0.5613252 0.1522706 0.0902452 0.1084538 0.1551176 0.1666555 0.1152663 0.0484379 0.1113737 0.1152840 0.1196824 0.3258684 0.1305400 0.1443230 0.0017571 0.0000000 0.1131866 0.0900545 0.1229330 0.1009435 0.1010313 0.1232941 0.0000010 0.1447341 0.0989454 0.1714070 0.1008661 0.1261101 0.1051078 0.1233978 0.1351680 0.1650701 0.1051078 0.1154465 0.1257425 0.1665724 0.1010087 0.2226594 0.2169541 0.1644638 0.1537826 0.1304508 0.1273496 0.1177496 0.1152663 0.1534819 0.0809723 0.1268802 0.0779407 0.3119510 0.1368257 0.1837209 0.1161274 0.0947375 0.1580243 0.1573094 0.1113737 0.0052810 0.1219061 0.1133054 0.0864544 0.0922052 0.1179097 0.1229104 0.1434850 0.1707144 0.1023828 0.1151063 0.2016260 0.0964039 0.1050407 
Perityle_cuneata_34_cuneata_San_antonio    0.2716108 0.1870184 0.2832495 0.4151207 0.1900160 0.0736525 0.2962538 0.1603821 0.3571333 0.1980840 0.1994599 0.3601121 0.2230383 0.1479250 0.1731053 0.2254059 0.2444411 0.1130258 0.1354591 0.2205018 0.2424401 0.2034310 0.0797111 0.2030784 0.2072095 0.2229007 0.4056813 0.2054750 0.2133837 0.1763636 0.1131866 0.0000000 0.1527662 0.2498378 0.1907068 0.2322470 0.2084931 0.2652611 0.2462436 0.1685608 0.2415375 0.1915875 0.2110958 0.1960080 0.1980987 0.1977733 0.2410507 0.1946002 0.2169812 0.2074909 0.2389770 0.1651815 0.3397972 0.2543442 0.2301453 0.2360928 0.1508846 0.1393319 0.2081657 0.2165043 0.1811772 0.0656317 0.1606525 0.1013701 0.3660762 0.2102960 0.2298512 0.2274451 0.2273272 0.1404980 0.2319626 0.2030784 0.1782576 0.2299274 0.1935165 0.1892957 0.0908723 0.2238384 0.2126950 0.2257931 0.2587748 0.1715707 0.2159934 0.2448020 0.1353382 0.1777436 
Perityle_cuneata_4                         0.2253353 0.1577169 0.2354483 0.3933557 0.1636096 0.0750669 0.2739518 0.1462154 0.3398510 0.1748076 0.1774545 0.3197086 0.1963202 0.1282925 0.1624191 0.1920194 0.2287580 0.1413418 0.1259397 0.2039363 0.2304208 0.1801095 0.0615522 0.1730746 0.1992641 0.1907078 0.3816249 0.1947349 0.1918471 0.1518154 0.0900545 0.1527662 0.0000000 0.2182615 0.1676786 0.2200275 0.1801981 0.2243222 0.2387954 0.1443253 0.2244878 0.1622446 0.1817030 0.1731235 0.1797776 0.1772282 0.2245707 0.1702932 0.1903389 0.1773628 0.2291064 0.1423454 0.3079158 0.2506441 0.2135319 0.2346949 0.1421486 0.1303018 0.1833414 0.1894910 0.1855194 0.0649675 0.1443418 0.0825500 0.3234441 0.1935623 0.2226608 0.1883985 0.2282648 0.1577029 0.2239603 0.1730746 0.1609908 0.1977268 0.1689427 0.1570001 0.0779583 0.1890255 0.2173790 0.2246985 0.2286140 0.1652714 0.1882719 0.2380033 0.1194652 0.1534532 
Perityle_discoidea_81                      0.1335999 0.0809451 0.1514805 0.3139688 0.1165700 0.1259802 0.2076086 0.1855256 0.3133268 0.0896929 0.1609110 0.2270179 0.1647573 0.1651084 0.1634371 0.1274217 0.1892538 0.2073677 0.1333740 0.1975285 0.1922476 0.1530885 0.0621971 0.1530231 0.2319405 0.1538950 0.2605742 0.2270881 0.1716018 0.2087063 0.1229330 0.2498378 0.2182615 0.0000000 0.1397860 0.2341551 0.1650834 0.0970258 0.2287126 0.1554036 0.1967535 0.1367388 0.1603105 0.1484086 0.1562570 0.1856493 0.1926490 0.1455831 0.1568887 0.1591856 0.2077911 0.1835826 0.1877179 0.3004613 0.1939171 0.2054961 0.1498681 0.1422001 0.1560627 0.1580616 0.2156256 0.0504052 0.1670376 0.0865612 0.2307977 0.1748599 0.2966695 0.1705694 0.3182392 0.1491769 0.1937234 0.1530231 0.2256235 0.1668380 0.1484993 0.1342746 0.0670911 0.1712716 0.2749832 0.1912042 0.1362894 0.1056937 0.1577213 0.2094527 0.1295392 0.1713239 
Perityle_dissecta_201                      0.1564935 0.0995838 0.1668770 0.3100740 0.0868593 0.0888720 0.1879784 0.1542468 0.2741201 0.0976772 0.1120957 0.2035315 0.0691472 0.0390955 0.0983360 0.0876609 0.1091450 0.1701688 0.1059527 0.1210825 0.1105405 0.0587531 0.0575912 0.0339380 0.1457110 0.0645469 0.2351626 0.1416668 0.1396134 0.1560128 0.1009435 0.1907068 0.1676786 0.1397860 0.0000000 0.2518838 0.1241311 0.0594354 0.1606227 0.0414451 0.0834905 0.0220323 0.1233185 0.0326986 0.1193221 0.1238773 0.1087931 0.0301177 0.0605191 0.1200659 0.1169403 0.0514327 0.1706016 0.2075478 0.1075698 0.1518904 0.1180024 0.0923358 0.0639633 0.0645712 0.1721278 0.0587491 0.1260007 0.0626473 0.2068910 0.1316708 0.2074494 0.1318286 0.2186924 0.1036278 0.1093651 0.0339380 0.1647176 0.0756654 0.0586123 0.0760030 0.0519295 0.1297392 0.2145095 0.1063409 0.0929737 0.1081502 0.0646366 0.1271523 0.1081989 0.0707053 
Perityle_emoryi_47_punta_san_jose          0.2844592 0.1621443 0.3021385 0.4913256 0.1690505 0.0810138 0.3626681 0.1485862 0.3585110 0.2403812 0.2193397 0.4719195 0.2415568 0.2188262 0.2134901 0.4812284 0.2864751 0.2169231 0.1959780 0.2678645 0.2795282 0.2514410 0.0580627 0.2464413 0.2485976 0.2539128 0.5492540 0.2596351 0.2354688 0.2228742 0.1010313 0.2322470 0.2200275 0.2341551 0.2518838 0.0000000 0.2267249 0.6444593 0.3264592 0.2375878 0.2958248 0.2330528 0.2301209 0.2254837 0.2356898 0.2310482 0.2877661 0.2326790 0.2549377 0.2292904 0.2828630 0.2389062 0.4835753 0.2907953 0.2839417 0.2710675 0.2094450 0.2014553 0.2506609 0.2497553 0.2375083 0.0504140 0.1912133 0.1111055 0.4476146 0.2313098 0.2827033 0.2566227 0.2205190 0.2072417 0.2790726 0.2464413 0.2293182 0.2532832 0.2430588 0.1938627 0.1177232 0.2474787 0.2177618 0.2960274 0.2884161 0.1540262 0.2499267 0.3603170 0.2045320 0.2618807 
Perityle_feddemae_99                       0.1768376 0.1203335 0.1982837 0.3182247 0.1116473 0.0739180 0.2050754 0.1533143 0.2911109 0.1383761 0.1315808 0.2457025 0.1470463 0.1453344 0.1292725 0.1485011 0.1571611 0.1820059 0.0969340 0.1633739 0.1580286 0.1449837 0.0625272 0.1362955 0.2273587 0.1476374 0.2844819 0.2163641 0.1164528 0.1838987 0.1232941 0.2084931 0.1801981 0.1650834 0.1241311 0.2267249 0.0000000 0.1328738 0.1533072 0.1373135 0.1680708 0.1255100 0.0258344 0.1344913 0.0236628 0.1183091 0.1536286 0.1326963 0.1476120 0.0225050 0.1578487 0.1668253 0.2297176 0.2324505 0.1484401 0.1606729 0.1523337 0.1456077 0.1464579 0.1481702 0.1577933 0.0675853 0.1404561 0.0780496 0.2408319 0.1182277 0.2250193 0.1441815 0.2537658 0.1751017 0.1519928 0.1362955 0.2001148 0.1521319 0.1375363 0.1145687 0.1041798 0.1455096 0.1883317 0.1479939 0.1450089 0.0884108 0.1483741 0.1863355 0.0900772 0.1290682 
Perityle_fosteri_93                        0.1033310 0.0798292 0.1042249 0.2100489 0.0824749 0.0000010 0.1427831 0.0000010 0.3098982 0.0970258 0.1020007 0.0795247 0.0613309 0.1049192 0.0556397 0.0638452 0.0563455 0.2209410 0.1403061 0.0168847 0.0592343 0.0344622 1.6744765 0.0780072 0.1900343 0.0577864 0.0713459 0.1548448 0.1219134 0.2077918 0.0000010 0.2652611 0.2243222 0.0970258 0.0594354 0.6444593 0.1328738 0.0000000 0.1325230 0.0974747 0.0933822 0.0565973 0.1260114 0.0345374 0.1137578 0.1435309 0.0688337 0.0333425 0.0332524 0.1211659 0.0753445 0.1378154 0.0575594 0.2167935 0.0582537 0.1653569 0.1224048 0.1046630 0.0307886 0.0307247 0.1867724 0.0000010 0.1485360 0.0740759 0.0629960 0.1237143 0.2039880 0.1108719 0.7303562 0.0538683 0.0629571 0.0780072 0.2041290 0.0344901 0.0354632 0.0917317 0.0355715 0.1153743 0.6497745 0.0516101 0.0683803 0.1298585 0.0307337 0.0663562 0.1040470 0.0805806 
Perityle_gamon_221                         0.2190629 0.2204733 0.2485302 0.3476835 0.1576842 0.0648256 0.2077086 0.1703440 0.3177490 0.1907713 0.1804807 0.2678222 0.1686081 0.2077746 0.1307608 0.1862302 0.1795313 0.2216395 0.1468436 0.1812760 0.1706363 0.1543972 0.0621520 0.1930222 0.2597922 0.1829224 0.3299001 0.2596617 0.1831990 0.2293129 0.1447341 0.2462436 0.2387954 0.2287126 0.1606227 0.3264592 0.1533072 0.1325230 0.0000000 0.1792688 0.2169146 0.1772210 0.1727584 0.1797573 0.1680742 0.1421549 0.1776576 0.1821002 0.1643243 0.1720074 0.1832673 0.2211922 0.2330961 0.2479689 0.1654759 0.2125577 0.1695602 0.1541674 0.1828669 0.1863229 0.2242889 0.0691380 0.2010328 0.0838085 0.2910430 0.1662284 0.2439312 0.2059328 0.3029872 0.1703743 0.1750586 0.1930222 0.2481090 0.1899736 0.1374351 0.1653395 0.0968144 0.2048975 0.2816547 0.1674815 0.1759473 0.0931486 0.1850727 0.1972320 0.0984753 0.1332306 
Perityle_gentryi_8_san_francisco           0.1735939 0.1065265 0.1953104 0.3290232 0.1057596 0.0866479 0.2045117 0.1585116 0.2848649 0.1111546 0.1192543 0.2415785 0.1025765 0.0504023 0.1203569 0.0826007 0.1432430 0.1595349 0.1044216 0.1503420 0.1490015 0.0947469 0.0618484 0.0503127 0.1199352 0.0946489 0.2844323 0.1278239 0.1577269 0.1388610 0.0989454 0.1685608 0.1443253 0.1554036 0.0414451 0.2375878 0.1373135 0.0974747 0.1792688 0.0000000 0.1017518 0.0405771 0.1339694 0.0546113 0.1307179 0.1429314 0.1431370 0.0521701 0.0962978 0.1295450 0.1399272 0.0590505 0.2182833 0.1887964 0.1389247 0.1540961 0.1060061 0.0889654 0.0953698 0.0965901 0.1778776 0.0511342 0.1108703 0.0780312 0.2416325 0.1521344 0.1777115 0.1330426 0.2154712 0.1612877 0.1408423 0.0503127 0.1373395 0.0994703 0.0870373 0.0845814 0.0650004 0.1339946 0.2154283 0.1371029 0.1367456 0.1099691 0.0973599 0.1577577 0.1127377 0.0758310 
Perityle_gilensis_22_Superstition          0.2034408 0.1316045 0.2110836 0.3308460 0.1202709 0.1061055 0.2041394 0.1979467 0.2993244 0.1531547 0.1416868 0.2013497 0.1177476 0.1251725 0.1270918 0.1249857 0.1751363 0.2295771 0.1681233 0.1804162 0.1691307 0.1043775 0.0887919 0.0809702 0.1770376 0.1140334 0.3133362 0.2036614 0.1736938 0.2108865 0.1714070 0.2415375 0.2244878 0.1967535 0.0834905 0.2958248 0.1680708 0.0933822 0.2169146 0.1017518 0.0000000 0.0872530 0.1745973 0.0871885 0.1671360 0.1510441 0.1675445 0.0904414 0.1059147 0.1705808 0.1551929 0.1270129 0.1999064 0.2472296 0.1736668 0.1692930 0.1582056 0.1186038 0.1139788 0.1160130 0.1844427 0.0511437 0.1669375 0.1143055 0.1842311 0.1669638 0.2478293 0.1712390 0.2744393 0.1746787 0.1718195 0.0809702 0.2234973 0.1211757 0.0977662 0.1286589 0.0871622 0.1701714 0.2600184 0.1630501 0.1594974 0.1177690 0.1147745 0.1956601 0.1415753 0.0978552 
Perityle_gilensis_salensis_225             0.1566577 0.0949642 0.1689915 0.3090220 0.0882534 0.0844638 0.1829680 0.1585530 0.2758032 0.0985233 0.1080718 0.2040919 0.0815874 0.0377127 0.1041665 0.0903864 0.1269745 0.1745648 0.1051218 0.1385814 0.1297399 0.0707070 0.0533810 0.0302212 0.1528698 0.0765380 0.2534538 0.1518212 0.1397899 0.1557080 0.1008661 0.1915875 0.1622446 0.1367388 0.0220323 0.2330528 0.1255100 0.0565973 0.1772210 0.0405771 0.0872530 0.0000000 0.1239583 0.0339888 0.1222172 0.1271732 0.1260936 0.0320101 0.0730648 0.1208345 0.1332360 0.0544513 0.1699742 0.2262094 0.1239610 0.1526689 0.1199323 0.0911893 0.0743552 0.0765223 0.1692398 0.0549236 0.1258722 0.0668881 0.2072833 0.1349376 0.2139296 0.1234259 0.2087603 0.1436767 0.1254988 0.0302212 0.1661093 0.0873436 0.0650428 0.0759684 0.0545145 0.1227882 0.2063645 0.1234550 0.1163876 0.1016353 0.0765974 0.1446239 0.1099256 0.0720279 
Perityle_glaucescens_94                    0.1735454 0.1248023 0.1938785 0.3228903 0.1073496 0.0799460 0.2062358 0.1613229 0.2955137 0.1342453 0.1273920 0.2354687 0.1449339 0.1455288 0.1291966 0.1435465 0.1724088 0.1970062 0.0979702 0.1792237 0.1686948 0.1420318 0.0737836 0.1337597 0.2228680 0.1399804 0.3011625 0.2028194 0.1221936 0.1758121 0.1261101 0.2110958 0.1817030 0.1603105 0.1233185 0.2301209 0.0258344 0.1260114 0.1727584 0.1339694 0.1745973 0.1239583 0.0000000 0.1313835 0.0131183 0.1157643 0.1682037 0.1303259 0.1429151 0.0125027 0.1757705 0.1650220 0.2239397 0.2355361 0.1648269 0.1613902 0.1471815 0.1385014 0.1416651 0.1433452 0.1585322 0.0816476 0.1433227 0.0701854 0.2361006 0.1202868 0.2258238 0.1494972 0.2516880 0.1742517 0.1703426 0.1337597 0.1912386 0.1529021 0.1347546 0.1131888 0.1014895 0.1474812 0.1799310 0.1627221 0.1581328 0.0857177 0.1442139 0.1923733 0.0912781 0.1257857 
Perityle_gracilis_11                       0.1627078 0.0913189 0.1738489 0.2988700 0.0903237 0.0887969 0.1775665 0.1511822 0.2762969 0.1090303 0.1130389 0.2152817 0.0832162 0.0551269 0.1015299 0.0772171 0.1260515 0.1743096 0.1061746 0.1243730 0.1271647 0.0567164 0.0575288 0.0459456 0.1587892 0.0771888 0.2470884 0.1645384 0.1407155 0.1650318 0.1051078 0.1960080 0.1731235 0.1484086 0.0326986 0.2254837 0.1344913 0.0345374 0.1797573 0.0546113 0.0871885 0.0339888 0.1313835 0.0000000 0.1256342 0.1324960 0.1258777 0.0032276 0.0561244 0.1306756 0.1411061 0.0682201 0.1709935 0.2264631 0.1282957 0.1535084 0.1190954 0.0913307 0.0598327 0.0604987 0.1776842 0.0588819 0.1327115 0.0671313 0.2025141 0.1384117 0.2178144 0.1272697 0.2166032 0.1409182 0.1252473 0.0459456 0.1765214 0.0671261 0.0504835 0.0819699 0.0459781 0.1291163 0.2113477 0.1194384 0.1276303 0.1050909 0.0605852 0.1394436 0.1055118 0.0713250 
