86
Amauria_brandeegeana_62                    0.0000000 0.0437817 0.0573454 0.0979788 0.0536805 0.4367861 0.0914178 0.1463504 0.1027794 0.0410457 0.0713933 0.0840900 0.0811372 0.0782232 0.0839556 0.1085584 0.0683653 0.0630017 0.0877242 0.0651016 0.0718284 0.0751230 0.0814933 0.0686159 0.0711686 0.0759562 0.0806606 0.0720958 0.0966073 0.1074029 0.1688803 0.0707893 0.0816569 0.1007476 0.0778040 0.0729369 0.0925588 0.0754110 0.0969211 0.0780208 0.0767363 0.0812129 0.1053975 0.0744887 0.0828843 0.0903558 0.0746073 0.0751230 0.0752547 0.0780668 0.0724394 0.0716663 0.0782314 0.0677194 0.0781271 0.1065631 0.0785252 0.0746854 0.0751230 0.0751230 0.0748010 0.0742662 0.0655506 0.0826031 0.0716663 0.0869979 0.3195054 0.0780837 0.0944493 0.1105012 0.0775639 0.0716750 0.0531777 0.0808714 0.0782111 0.0713859 0.0751230 0.0752381 0.0692762 0.0780169 0.0744780 0.0879071 0.0817809 0.0729369 0.0852364 0.0937531 
Amauria_carterae_99_mesa                   0.0437817 0.0000000 0.0488273 0.1743472 0.0794117 0.5315467 0.1232136 0.2043244 0.1293968 0.0503999 0.0803001 0.1018868 0.0830648 0.0786976 0.0763399 0.1272930 0.0727705 0.0970670 0.1166527 0.0705732 0.0831323 0.0789003 0.0576628 0.0764660 0.0684946 0.0796203 0.1023876 0.0727124 0.1488687 0.0962831 0.1513439 0.1106509 0.0996639 0.0926196 0.0809137 0.1149038 0.2191064 0.0770138 0.0974035 0.0877781 0.0856046 0.0806587 0.2249573 0.0652740 0.2211529 0.0910341 0.0805232 0.0768130 0.0810224 0.1073658 0.0853941 0.0725440 0.0849202 0.0673137 0.0807714 0.0974043 0.0905142 0.1053916 0.0768130 0.0788984 0.0834592 0.1069645 0.0859924 0.1140626 0.0750177 0.0929935 0.3648642 0.0764963 0.0879758 0.1613467 0.0870418 0.0743967 0.0967479 0.0848091 0.0768130 0.0832680 0.0816070 0.0773410 0.0992668 0.0907278 0.0765876 0.1013143 0.0833137 0.1149038 0.1017570 0.1123477 
Amauria_rotundifolia_SRR9119150            0.0573454 0.0488273 0.0000000 0.2534987 0.2138142 0.5132754 0.3464996 0.2564579 0.2500259 0.1820539 0.2868549 0.2316181 0.1955803 0.2083192 0.0969567 0.2379145 0.2006074 0.2163617 0.1772405 0.2152007 0.1341858 0.2748703 0.0685699 0.2528381 0.1171917 0.2351459 0.2490850 0.1955489 0.3009764 0.1119719 0.1999793 0.2581774 0.2637113 0.1648699 0.2073399 0.2618684 0.4530296 0.1974664 0.2167784 0.2024127 0.2389211 0.1998360 0.4777256 0.0769576 0.4548054 0.2170605 0.2057755 0.2441725 0.2460509 0.2535581 0.2598084 0.2133125 0.2104505 0.0911202 0.1730558 0.2592850 0.1820726 0.1622802 0.2263482 0.2599598 0.2247629 0.1347199 0.2482938 0.1512365 0.2047592 0.2329915 0.3760314 0.2013033 0.2629837 0.2062813 0.2466836 0.2529057 0.2489224 0.2671042 0.2652902 0.2135554 0.0962962 0.2389227 0.2655403 0.2546414 0.2022643 0.1390728 0.2654892 0.2618684 0.2414469 0.1536869 
Conoclinium_coelestinum_SRR9119114         0.0979788 0.1743472 0.2534987 0.0000000 0.2555228 0.5041302 0.3055307 0.2632230 0.2271670 0.2475297 0.3205100 0.2664151 0.2371576 0.2462351 0.1766484 0.2752118 0.2627208 0.2311674 0.2480852 0.2333917 0.2269368 0.3323014 0.0854335 0.2798539 0.2113348 0.2513502 0.2722649 0.2234046 0.2699892 0.1641286 0.1710594 0.3465096 0.2903855 0.2268102 0.2402165 0.2665226 0.3927856 0.2267465 0.2650352 0.2348742 0.2531259 0.2511345 0.4124533 0.1435347 0.4094153 0.2690942 0.2525060 0.2791986 0.2785330 0.2730364 0.3076315 0.2328237 0.2485446 0.1484015 0.2233747 0.3044527 0.2243080 0.2285794 0.2495890 0.2940707 0.2672248 0.1886412 0.2841909 0.2096576 0.2402832 0.2716389 0.3981481 0.2424501 0.3109228 0.2688350 0.2826003 0.2795795 0.2521298 0.3067641 0.3008704 0.2353965 0.1592715 0.2746511 0.2838281 0.2623418 0.2408185 0.1769341 0.3018526 0.2665226 0.3120949 0.2145964 
Eutetras_palmeri_63                        0.0536805 0.0794117 0.2138142 0.2555228 0.0000000 0.5287238 0.3317481 0.2021535 0.1800369 0.0985036 0.1402003 0.1216681 0.0935144 0.1012103 0.0904117 0.1261877 0.1145671 0.2536730 0.1730080 0.1939676 0.0941762 0.1931423 0.0815377 0.1359386 0.0735453 0.1043424 0.1331952 0.1183441 0.1562137 0.0978451 0.1581191 0.3017923 0.2650040 0.1187832 0.1002108 0.1176390 0.4346570 0.0974687 0.1143474 0.1108795 0.1043490 0.1191382 0.4664459 0.0713930 0.4564002 0.1116030 0.1036762 0.1265936 0.1271026 0.2538469 0.1894084 0.1081030 0.1025287 0.0629219 0.0904381 0.2967759 0.1029431 0.0984057 0.1043050 0.1429533 0.0905445 0.1159739 0.1605594 0.1289919 0.0981730 0.1152527 0.3318304 0.1204083 0.1663519 0.2013033 0.1381062 0.1373367 0.1085714 0.1496743 0.1433331 0.1006774 0.0910302 0.1457447 0.2421663 0.1205066 0.0956974 0.1270038 0.1447008 0.1176390 0.2491175 0.1312622 
Eutetras_pringlei_149_quer                 0.4367861 0.5315467 0.5132754 0.5041302 0.5287238 0.0000000 0.3227650 0.2102544 0.5681859 0.5228411 0.5405208 0.5187248 0.5066766 0.4829729 0.4915806 0.5290685 0.5029643 0.4232824 0.5339257 0.4983617 0.4845001 0.5014816 0.2249857 0.4872788 0.5117831 0.4607759 0.5501058 0.5000784 0.5051001 0.5180602 0.3688021 0.5995563 0.5458045 0.5123153 0.4902212 0.5298049 0.5937111 0.4728342 0.4960823 0.5133863 0.4154137 0.4860349 0.5945034 0.8195273 0.6044266 0.5016948 0.5011627 0.4960179 0.4887371 0.5368365 0.4790792 0.4847380 0.4856046 0.5360486 0.4867248 0.5140758 0.4002018 0.4303034 0.4767705 0.4996013 0.5289066 0.4215119 0.5273222 0.3121541 0.4914368 0.4961465 0.3530839 0.5339215 0.5366884 0.5602652 0.5393423 0.4902543 0.5222430 0.5145894 0.4961005 0.5098175 0.3790725 0.5385734 0.5652348 0.4523404 0.4900117 0.3763176 0.5118187 0.5298049 0.5380037 0.4948952 
Eutrochium_fistulosum_SRR9119106           0.0914178 0.1232136 0.3464996 0.3055307 0.3317481 0.3227650 0.0000000 0.2393839 0.2878221 0.3441461 0.3438861 0.3604446 0.3144743 0.3179945 0.1377585 0.3546925 0.2984471 0.3213899 0.2872790 0.2644450 0.2459768 0.3392009 0.0667532 0.3269437 0.2340805 0.3231020 0.3215253 0.2882037 0.3586938 0.1262890 0.1366213 0.3401378 0.3904226 0.3169655 0.3286840 0.3647710 0.4116703 0.3072821 0.3315290 0.3020916 0.3225596 0.3200679 0.4059723 0.0483487 0.4104412 0.3341479 0.3271145 0.3214557 0.3280413 0.3761991 0.3638108 0.3183875 0.3243836 0.0743779 0.2711436 0.4064720 0.2497922 0.2392464 0.3186451 0.3182253 0.3300176 0.1831856 0.3242959 0.1484226 0.3032731 0.3541132 0.3627813 0.3020935 0.3760128 0.2592920 0.3277608 0.3242419 0.3304260 0.3317684 0.3275245 0.3239506 0.0849728 0.3215387 0.3350795 0.3207489 0.3027979 0.2121412 0.3325322 0.3647710 0.3535299 0.2155671 
Galeana_pratensis_104_mex                  0.1463504 0.2043244 0.2564579 0.2632230 0.2021535 0.2102544 0.2393839 0.0000000 0.2207264 0.2359093 0.2507987 0.2282650 0.2119086 0.1977788 0.1851313 0.1964297 0.1954296 0.2225144 0.2180340 0.2158870 0.1889829 0.2028209 0.1222579 0.1939204 0.1802297 0.1898800 0.2388531 0.2021440 0.2330877 0.1549126 0.1160917 0.2689524 0.2849937 0.1865502 0.2143378 0.2355932 0.2834610 0.1924685 0.2077096 0.1950735 0.1954745 0.2036227 0.2816030 0.1192579 0.2837667 0.2119602 0.2106043 0.2016163 0.2016163 0.2620011 0.2106874 0.1900724 0.2071709 0.1229427 0.2106044 0.2173040 0.1945194 0.1753938 0.2014000 0.2016163 0.2304162 0.1869791 0.2219236 0.2013461 0.1884361 0.2328548 0.4381220 0.2514246 0.2596672 0.3677429 0.2104602 0.1977788 0.2337459 0.1936393 0.2016163 0.2016005 0.1671983 0.2497202 0.2806580 0.2149892 0.2144840 0.2069316 0.2156418 0.2355932 0.2428134 0.2063654 
Helianthus_annuus_SRR9119062               0.1027794 0.1293968 0.2500259 0.2271670 0.1800369 0.5681859 0.2878221 0.2207264 0.0000000 0.1663212 0.1838705 0.1763625 0.1802768 0.1843217 0.1605918 0.1821118 0.1796111 0.2276266 0.1698919 0.2323749 0.1492498 0.2603183 0.1119304 0.2061419 0.1305353 0.1773127 0.2098232 0.1786829 0.2092616 0.1523865 0.1651827 0.2708688 0.3069552 0.1474602 0.1825578 0.2064611 0.4535199 0.1626192 0.1965325 0.1864818 0.1790981 0.1968963 0.4472724 0.1304121 0.4464635 0.1926594 0.1840783 0.1774578 0.1783305 0.2807890 0.2791932 0.1975500 0.1790822 0.1387615 0.1677448 0.3123629 0.1768027 0.1564385 0.1728932 0.2005539 0.1857433 0.1598460 0.2164449 0.1540187 0.1875037 0.1777480 0.3687807 0.1625455 0.2474650 0.2262022 0.1831729 0.2080633 0.1938533 0.2108127 0.2043487 0.1683271 0.1501460 0.2207631 0.2570352 0.1891594 0.1814367 0.1438089 0.2088750 0.2064611 0.2416725 0.1482869 
Lycapsus_tenuifolius_17                    0.0410457 0.0503999 0.1820539 0.2475297 0.0985036 0.5228411 0.3441461 0.2359093 0.1663212 0.0000000 0.1587967 0.1074531 0.0960359 0.0852714 0.0925650 0.1217574 0.1141153 0.2404606 0.2011802 0.1992728 0.0879093 0.1697436 0.0796363 0.1217141 0.0881936 0.0869601 0.1292479 0.1024251 0.1515300 0.1087950 0.1568720 0.3035176 0.2526812 0.1171460 0.0855377 0.1367811 0.4505836 0.0810964 0.1098850 0.1186776 0.0887329 0.1071155 0.4802847 0.0704675 0.4609648 0.1084885 0.0866039 0.1174242 0.1151994 0.2650207 0.1690493 0.0971630 0.0891893 0.0783045 0.0826898 0.3001079 0.1181150 0.1237394 0.0829206 0.1326508 0.1185119 0.1282178 0.1378833 0.1460110 0.0784263 0.1106158 0.3953007 0.1133838 0.1417022 0.2249572 0.1238887 0.1191178 0.1178082 0.1405211 0.1356075 0.0892534 0.0827919 0.1374716 0.2549778 0.1005818 0.0845355 0.1247401 0.1370946 0.1367811 0.2449879 0.1564768 
Pericome_caudata_50_silver                 0.0713933 0.0803001 0.2868549 0.3205100 0.1402003 0.5405208 0.3438861 0.2507987 0.1838705 0.1587967 0.0000000 0.1800678 0.1628693 0.1667493 0.1725856 0.1302307 0.1837995 0.2639507 0.1851491 0.2615406 0.1095322 0.2140707 0.0969302 0.1697425 0.1346178 0.1089478 0.1950113 0.1401448 0.1678895 0.1005171 0.1416610 0.2979702 0.3378417 0.1723371 0.1611477 0.1697467 0.4573438 0.1615648 0.1818473 0.1717355 0.1184029 0.1844443 0.4857283 0.0654477 0.4717991 0.1775054 0.1635915 0.1486335 0.1501997 0.3255332 0.2509738 0.1730976 0.1640620 0.1493182 0.1596107 0.3545421 0.1322192 0.1242554 0.1083776 0.1643654 0.1661183 0.1292788 0.1467177 0.1621627 0.1553975 0.1677520 0.4031848 0.1361568 0.2140459 0.2021730 0.1651328 0.1684673 0.1425263 0.1737528 0.1685479 0.1617858 0.0843606 0.1930100 0.3199816 0.1248123 0.1596548 0.1359410 0.1703324 0.1697467 0.2327741 0.1457161 
Perityle_aglossa_84_dead_horse             0.0840900 0.1018868 0.2316181 0.2664151 0.1216681 0.5187248 0.3604446 0.2282650 0.1763625 0.1074531 0.1800678 0.0000000 0.0589043 0.0873532 0.0919283 0.0910473 0.0658881 0.2786850 0.2002236 0.1478906 0.0851006 0.1627224 0.0754446 0.1181697 0.0403904 0.0895703 0.1504952 0.1130606 0.1490538 0.0986550 0.1620525 0.3274441 0.2760212 0.1038132 0.0849068 0.1560580 0.4347724 0.0831199 0.1114568 0.0863362 0.0870242 0.1055041 0.4549405 0.0945546 0.4601531 0.1100689 0.0911402 0.1095997 0.1086750 0.2692091 0.1820768 0.1000578 0.0911758 0.1021460 0.0781326 0.3250559 0.1119427 0.1230917 0.0867835 0.1260770 0.1361598 0.1247858 0.1481375 0.1604996 0.0954151 0.1148023 0.3782484 0.1122855 0.1549866 0.2352554 0.0721402 0.1155291 0.1370852 0.1339095 0.1329645 0.0470698 0.0919306 0.1351490 0.2698749 0.0985008 0.0877888 0.1169543 0.1357393 0.1560580 0.2691857 0.1529203 
Perityle_ajoensis_204                      0.0811372 0.0830648 0.1955803 0.2371576 0.0935144 0.5066766 0.3144743 0.2119086 0.1802768 0.0960359 0.1628693 0.0589043 0.0000000 0.0773628 0.0827157 0.0659152 0.0504095 0.2367476 0.1821019 0.1306205 0.0731982 0.1560292 0.0748402 0.1083224 0.0340033 0.0726403 0.1375555 0.0972270 0.1326707 0.0851075 0.1514318 0.3016149 0.2519341 0.0894867 0.0722324 0.1309036 0.4179987 0.0715553 0.0952869 0.0719978 0.0707054 0.0868888 0.4443312 0.0770575 0.4315336 0.0939133 0.0785985 0.0940657 0.0931275 0.2467415 0.1534540 0.0788089 0.0774501 0.0903343 0.0723048 0.2899592 0.0996632 0.1136403 0.0689984 0.1163356 0.1047227 0.1063321 0.1410159 0.1333524 0.0753714 0.0972328 0.3762551 0.0944784 0.1363169 0.2234962 0.0815565 0.1070843 0.1091210 0.1216544 0.1166209 0.0383938 0.0796666 0.1110782 0.2352438 0.0855521 0.0734204 0.1040599 0.1206896 0.1309036 0.2174663 0.1399057 
Perityle_ambrosiifolia_67_green            0.0782232 0.0786976 0.2083192 0.2462351 0.1012103 0.4829729 0.3179945 0.1977788 0.1843217 0.0852714 0.1667493 0.0873532 0.0773628 0.0000000 0.0210031 0.0954176 0.0922009 0.2584396 0.1948135 0.1852067 0.0192601 0.1176552 0.0199556 0.0461259 0.0635589 0.0243762 0.1049613 0.0674572 0.1296239 0.1058859 0.1423697 0.2941969 0.2593325 0.1037694 0.0247113 0.1304335 0.4322343 0.0253551 0.0868138 0.1014324 0.0215677 0.0490331 0.4552673 0.0181098 0.4531221 0.0855077 0.0300114 0.0492110 0.0481987 0.2595689 0.1190938 0.0380686 0.0300072 0.0501750 0.0192649 0.2954226 0.0580975 0.0799944 0.0249016 0.0662844 0.1123203 0.0993336 0.1317376 0.1121426 0.0260553 0.0873879 0.3292239 0.0969412 0.1380021 0.1709265 0.1039951 0.0449932 0.1104271 0.0733746 0.0699839 0.0688251 0.0111337 0.1184632 0.2608200 0.0359904 0.0254957 0.0988161 0.0712780 0.1304335 0.2292257 0.1375140 
Perityle_angustifolia_13_Eagle_creek       0.0839556 0.0763399 0.0969567 0.1766484 0.0904117 0.4915806 0.1377585 0.1851313 0.1605918 0.0925650 0.1725856 0.0919283 0.0827157 0.0210031 0.0000000 0.1178246 0.0712129 0.1065442 0.1380896 0.0778385 0.0223451 0.0780996 0.0081551 0.0650495 0.0738094 0.0165649 0.0813536 0.0582151 0.1580149 0.1076987 0.1512149 0.1857697 0.1253671 0.1106826 0.0199155 0.1231723 0.2839501 0.0242795 0.0853973 0.0923655 0.0175796 0.0271189 0.3079234 0.0154368 0.3056353 0.0820410 0.0180143 0.0518579 0.0521584 0.1186678 0.0211867 0.0210066 0.0256259 0.0500206 0.0196050 0.1261397 0.0563991 0.0789926 0.0158660 0.0751329 0.0907739 0.1009472 0.0805721 0.0970937 0.0200684 0.0914917 0.3389453 0.0966367 0.1083365 0.1429930 0.1170051 0.0634281 0.0950957 0.0865626 0.0819165 0.0784129 0.0200397 0.0978263 0.1190471 0.0270335 0.0214610 0.1012174 0.0819780 0.1231723 0.1227338 0.1101440 
Perityle_batopilensis_97                   0.1085584 0.1272930 0.2379145 0.2752118 0.1261877 0.5290685 0.3546925 0.1964297 0.1821118 0.1217574 0.1302307 0.0910473 0.0659152 0.0954176 0.1178246 0.0000000 0.0951118 0.2653134 0.2205009 0.1918490 0.1054571 0.1451191 0.0707003 0.0941140 0.0564876 0.0959917 0.1639477 0.1145021 0.1526695 0.1094627 0.1719926 0.2797945 0.2971268 0.1151422 0.0923691 0.1433411 0.4329632 0.0928472 0.1154751 0.1017691 0.0956877 0.1239066 0.4389806 0.1115356 0.4209341 0.1110948 0.1010141 0.0928407 0.0943061 0.2859395 0.2045866 0.1102243 0.0984179 0.1118833 0.0952072 0.3328746 0.1363206 0.1464153 0.0947437 0.0956716 0.1390494 0.1363521 0.1632092 0.1932985 0.0970778 0.1079357 0.3637630 0.1298895 0.1599663 0.2082831 0.0798056 0.0941140 0.1462475 0.0983134 0.0942319 0.0701803 0.1139387 0.1436042 0.2863635 0.1088596 0.0912994 0.1435907 0.0988815 0.1433411 0.2364772 0.1832625 
Perityle_bisetosa_9                        0.0683653 0.0727705 0.2006074 0.2627208 0.1145671 0.5029643 0.2984471 0.1954296 0.1796111 0.1141153 0.1837995 0.0658881 0.0504095 0.0922009 0.0712129 0.0951118 0.0000000 0.2647121 0.1696446 0.1388834 0.0636038 0.1501862 0.0620806 0.1215590 0.0249356 0.0928556 0.1350945 0.1140235 0.1527603 0.0765804 0.1239724 0.3263117 0.2614751 0.0866741 0.0924940 0.1605513 0.4188112 0.0928679 0.1188853 0.0528811 0.0919510 0.1033309 0.4247667 0.0659155 0.4106951 0.1174394 0.0935774 0.1130709 0.1121039 0.2416281 0.1467947 0.1056374 0.0962487 0.0791980 0.0591605 0.3101839 0.0903476 0.0910078 0.0884594 0.1354075 0.1276173 0.0950478 0.1443708 0.1133367 0.0973515 0.1170873 0.3331503 0.0937320 0.1345926 0.1921408 0.0927730 0.1202065 0.1356320 0.1408360 0.1384791 0.0507303 0.0629688 0.1218230 0.2458069 0.1053776 0.0811482 0.0896067 0.1385068 0.1605513 0.2256398 0.1232601 
Perityle_californica_76_positas            0.0630017 0.0970670 0.2163617 0.2311674 0.2536730 0.4232824 0.3213899 0.2225144 0.2276266 0.2404606 0.2639507 0.2786850 0.2367476 0.2584396 0.1065442 0.2653134 0.2647121 0.0000000 0.1875999 0.2462219 0.2032188 0.2831841 0.0927567 0.2535746 0.1619916 0.2547218 0.2881893 0.2038846 0.2610935 0.1002670 0.1394770 0.0697991 0.2466451 0.2192984 0.2591875 0.2740841 0.3005452 0.2332373 0.2554870 0.2318519 0.2497900 0.2498528 0.3109715 0.0748065 0.2940228 0.2508652 0.2505408 0.2537937 0.2540735 0.2429721 0.2893494 0.2474811 0.2486613 0.0645088 0.2303551 0.2727994 0.2112897 0.1820778 0.2560124 0.2520218 0.2619205 0.1288332 0.2587480 0.1344631 0.2491226 0.2611072 0.3322366 0.2426442 0.2983581 0.2236595 0.2648884 0.2516818 0.2682554 0.2613938 0.2537937 0.2596573 0.0832581 0.2642468 0.2777519 0.2617968 0.2556814 0.1415971 0.2609410 0.2740841 0.2366649 0.1453329 
Perityle_canescens_77                      0.0877242 0.1166527 0.1772405 0.2480852 0.1730080 0.5339257 0.2872790 0.2180340 0.1698919 0.2011802 0.1851491 0.2002236 0.1821019 0.1948135 0.1380896 0.2205009 0.1696446 0.1875999 0.0000000 0.1615036 0.1973698 0.1952612 0.1102926 0.1923944 0.1691222 0.1928654 0.1933829 0.1587253 0.2346784 0.1281133 0.1899193 0.1910770 0.1888925 0.2178238 0.2040073 0.2179623 0.1141037 0.1923189 0.2029343 0.1777557 0.2015929 0.1969483 0.1144279 0.0836834 0.1011092 0.1985367 0.1960654 0.1950657 0.1995566 0.0533832 0.1990625 0.1861785 0.2029768 0.0748709 0.1988784 0.2091427 0.2140607 0.2003733 0.1930321 0.1972706 0.1803394 0.1602553 0.1957292 0.1774389 0.1847045 0.2048822 0.3986601 0.2093978 0.2040490 0.2497046 0.1829191 0.1902089 0.1778781 0.2050933 0.1950657 0.1725437 0.1264402 0.1940483 0.1905332 0.2155914 0.2038083 0.1752518 0.1996724 0.2179623 0.1714293 0.1706130 
Perityle_castillonii_96                    0.0651016 0.0705732 0.2152007 0.2333917 0.1939676 0.4983617 0.2644450 0.2158870 0.2323749 0.1992728 0.2615406 0.1478906 0.1306205 0.1852067 0.0778385 0.1918490 0.1388834 0.2462219 0.1615036 0.0000000 0.1286998 0.2501955 0.0662319 0.2208347 0.0602716 0.2084690 0.2214675 0.1666462 0.2663598 0.0696718 0.1283040 0.3104709 0.2507193 0.1407947 0.1904643 0.2275467 0.4051227 0.1850420 0.1979170 0.1536533 0.2073936 0.1939479 0.4156671 0.0687711 0.4155941 0.1976486 0.1865618 0.2221359 0.2198151 0.2351917 0.2000748 0.1816468 0.1867687 0.0809203 0.1677648 0.2790248 0.1534569 0.1530491 0.1990791 0.2435253 0.1995149 0.1113297 0.2027840 0.1289919 0.1904944 0.2061274 0.3630410 0.1932070 0.2201746 0.2016902 0.1875765 0.2191751 0.2011516 0.2483090 0.2457178 0.1364136 0.0602899 0.2048712 0.2384955 0.2101444 0.1888638 0.1099124 0.2491006 0.2275467 0.2619102 0.1534957 
Perityle_cernua_84                         0.0718284 0.0831323 0.1341858 0.2269368 0.0941762 0.4845001 0.2459768 0.1889829 0.1492498 0.0879093 0.1095322 0.0851006 0.0731982 0.0192601 0.0223451 0.1054571 0.0636038 0.2032188 0.1973698 0.1286998 0.0000000 0.0179368 0.0282548 0.0177589 0.0630849 0.0125772 0.0821576 0.0546240 0.1357339 0.1085780 0.1433125 0.2172958 0.1891673 0.1070031 0.0227331 0.1233380 0.3111695 0.0269944 0.0868241 0.0807623 0.0165927 0.0298074 0.3153289 0.0129135 0.3109739 0.0817761 0.0222307 0.0162786 0.0177936 0.2039370 0.0254933 0.0237718 0.0252904 0.0504948 0.0177632 0.2102011 0.0548687 0.0739749 0.0167339 0.0147992 0.0932546 0.0996254 0.0891382 0.1064255 0.0214087 0.0833915 0.3137265 0.0984145 0.0985306 0.1450373 0.0719711 0.0162617 0.1084343 0.0237258 0.0192976 0.0640001 0.0134119 0.0881379 0.1821496 0.0246846 0.0257824 0.0941479 0.0208401 0.1233380 0.1448148 0.1359159 
Perityle_cfvillosa_25_tin                  0.0751230 0.0789003 0.2748703 0.3323014 0.1931423 0.5014816 0.3392009 0.2028209 0.2603183 0.1697436 0.2140707 0.1627224 0.1560292 0.1176552 0.0780996 0.1451191 0.1501862 0.2831841 0.1952612 0.2501955 0.0179368 0.0000000 0.0280518 0.1175566 0.0889022 0.0706563 0.1884064 0.1235964 0.1878724 0.1057856 0.1522278 0.3263199 0.3321498 0.1409288 0.1194238 0.2195822 0.4961644 0.0972168 0.1808422 0.1445359 0.0810439 0.1129026 0.4749027 0.0025563 0.4872205 0.1792676 0.1205134 0.0668434 0.0710663 0.3281075 0.1838162 0.1258798 0.1191851 0.1136326 0.0631093 0.3660725 0.0624660 0.0853491 0.0714811 0.0622654 0.2000322 0.0996140 0.1547071 0.1111064 0.1224425 0.1736303 0.3195618 0.0994451 0.1822906 0.1693016 0.1632546 0.1176284 0.1918070 0.0768416 0.0696600 0.1573087 0.0111140 0.1638286 0.3286182 0.0896724 0.1002844 0.0978915 0.0696225 0.2195822 0.2692639 0.1349818 
Perityle_cinerea_113_Powell1310            0.0814933 0.0576628 0.0685699 0.0854335 0.0815377 0.2249857 0.0667532 0.1222579 0.1119304 0.0796363 0.0969302 0.0754446 0.0748402 0.0199556 0.0081551 0.0707003 0.0620806 0.0927567 0.1102926 0.0662319 0.0282548 0.0280518 0.0000000 0.0240151 0.0550279 0.0243314 0.0794908 0.0381205 0.1061791 0.1008183 0.1072484 0.1235787 0.1116694 0.1067017 0.0321564 0.1042543 0.1363993 0.0240151 0.0882138 0.0979630 0.0281362 0.0239757 0.1171578 0.0159734 0.1227460 0.0927001 0.0239795 0.0239757 0.0280518 0.1226385 0.0240151 0.0240151 0.0322609 0.0508782 0.0281644 0.1153485 0.0409603 0.0643653 0.0239757 0.0239757 0.0926529 0.0732143 0.0620072 0.0509569 0.0321514 0.1014300 0.3281236 0.0659107 0.0929774 0.0843986 0.0666589 0.0199556 0.0845378 0.0280562 0.0280101 0.0575060 0.0122685 0.0706696 0.0886012 0.0280571 0.0281189 0.0955619 0.0364480 0.1042543 0.0781441 0.0914659 
Perityle_coahuilensis_24                   0.0686159 0.0764660 0.2528381 0.2798539 0.1359386 0.4872788 0.3269437 0.1939204 0.2061419 0.1217141 0.1697425 0.1181697 0.1083224 0.0461259 0.0650495 0.0941140 0.1215590 0.2535746 0.1923944 0.2208347 0.0177589 0.1175566 0.0240151 0.0000000 0.0715736 0.0230722 0.1460184 0.0660467 0.1281755 0.1011042 0.1469899 0.3001075 0.3020466 0.1192031 0.0575062 0.1669040 0.4417730 0.0603184 0.1174511 0.1167986 0.0215854 0.0863828 0.4683482 0.0102737 0.4661626 0.1160687 0.0638191 0.0455149 0.0457326 0.3027343 0.1571245 0.0747286 0.0626426 0.1042419 0.0492447 0.3358929 0.0562622 0.0779269 0.0236356 0.0734852 0.1432387 0.0945844 0.1302479 0.1087998 0.0604213 0.1157914 0.3402137 0.0939877 0.1736012 0.1680036 0.1158896 0.0032623 0.1229355 0.0745691 0.0711316 0.0989662 0.0088735 0.1522607 0.3063414 0.0346246 0.0606584 0.0961327 0.0748577 0.1669040 0.2309932 0.1353393 
Perityle_cochisensis_44_cave_creek         0.0711686 0.0684946 0.1171917 0.2113348 0.0735453 0.5117831 0.2340805 0.1802297 0.1305353 0.0881936 0.1346178 0.0403904 0.0340033 0.0635589 0.0738094 0.0564876 0.0249356 0.1619916 0.1691222 0.0602716 0.0630849 0.0889022 0.0550279 0.0715736 0.0000000 0.0634748 0.1030556 0.0855630 0.1419086 0.0764142 0.1283129 0.1952384 0.1545846 0.0805535 0.0681224 0.1219769 0.2904087 0.0640359 0.0844623 0.0390158 0.0632851 0.0746925 0.3035055 0.0659228 0.3053292 0.0828328 0.0618073 0.0881311 0.0930891 0.1614218 0.0704221 0.0635668 0.0698697 0.0746205 0.0603761 0.1742737 0.0864753 0.0949151 0.0645560 0.0914222 0.0854823 0.0970178 0.0849929 0.1190751 0.0622847 0.0921082 0.3630410 0.0895100 0.1022394 0.1900660 0.0452496 0.0699724 0.1028289 0.0995367 0.0948702 0.0280721 0.0675812 0.0917955 0.1606214 0.0716914 0.0664811 0.0990566 0.0949517 0.1219769 0.1664687 0.1336437 
Perityle_congesta_202                      0.0759562 0.0796203 0.2351459 0.2513502 0.1043424 0.4607759 0.3231020 0.1898800 0.1773127 0.0869601 0.1089478 0.0895703 0.0726403 0.0243762 0.0165649 0.0959917 0.0928556 0.2547218 0.1928654 0.2084690 0.0125772 0.0706563 0.0243314 0.0230722 0.0634748 0.0000000 0.1128182 0.0553943 0.1044308 0.1042800 0.1434356 0.2626624 0.2791758 0.1071694 0.0207802 0.1232345 0.3810757 0.0255574 0.0870080 0.1077505 0.0094222 0.0532579 0.3982179 0.0028173 0.3924655 0.0826572 0.0256511 0.0025216 0.0037868 0.2797952 0.1338812 0.0283258 0.0243727 0.0479538 0.0154889 0.3050427 0.0588262 0.0791388 0.0037843 0.0075873 0.1124977 0.0980649 0.1316045 0.1112387 0.0249302 0.0782102 0.3092605 0.0954696 0.1356184 0.1636731 0.0738419 0.0217864 0.1140463 0.0114014 0.0037841 0.0628529 0.0067071 0.1159567 0.2706030 0.0308588 0.0228917 0.0905974 0.0076112 0.1232345 0.2220457 0.1310839 
Perityle_cordifolia_27                     0.0806606 0.1023876 0.2490850 0.2722649 0.1331952 0.5501058 0.3215253 0.2388531 0.2098232 0.1292479 0.1950113 0.1504952 0.1375555 0.1049613 0.0813536 0.1639477 0.1350945 0.2881893 0.1933829 0.2214675 0.0821576 0.1884064 0.0794908 0.1460184 0.1030556 0.1128182 0.0000000 0.1277268 0.1897392 0.1088326 0.1339008 0.3132970 0.2948228 0.1344978 0.1091558 0.1646378 0.4542625 0.0936663 0.1455652 0.1278250 0.1147321 0.1199189 0.4775319 0.0459887 0.4685622 0.1440840 0.1087468 0.1327983 0.1318396 0.2784766 0.1814570 0.1154319 0.1088484 0.0135349 0.0848492 0.3236420 0.1079937 0.0407103 0.1120250 0.1477071 0.1378924 0.1314273 0.1590696 0.0700155 0.1034705 0.1407558 0.2835970 0.1399555 0.1825060 0.2249272 0.1597775 0.1447613 0.1467587 0.1583447 0.1505431 0.1308708 0.0842949 0.1622149 0.2611864 0.1263321 0.1046866 0.1325364 0.1549087 0.1646378 0.2548122 0.1164744 
Perityle_cordifolia_68_tecolote            0.0720958 0.0727124 0.1955489 0.2234046 0.1183441 0.5000784 0.2882037 0.2021440 0.1786829 0.1024251 0.1401448 0.1130606 0.0972270 0.0674572 0.0582151 0.1145021 0.1140235 0.2038846 0.1587253 0.1666462 0.0546240 0.1235964 0.0381205 0.0660467 0.0855630 0.0553943 0.1277268 0.0000000 0.1433717 0.1063309 0.1433432 0.2099384 0.2262267 0.1168934 0.0629433 0.1411225 0.3448845 0.0621016 0.0978941 0.1238185 0.0554891 0.0780094 0.3634254 0.0448758 0.3545082 0.0978433 0.0674547 0.0626346 0.0641674 0.2108880 0.1682358 0.0732328 0.0674265 0.0588166 0.0595133 0.2326760 0.0485108 0.0962836 0.0549502 0.0675972 0.1285958 0.1088213 0.1341254 0.1041084 0.0620712 0.0958126 0.3133773 0.1083919 0.1557482 0.1834682 0.0930196 0.0618508 0.1308661 0.0745243 0.0690921 0.0894346 0.0389349 0.1351551 0.2519976 0.0651787 0.0667455 0.0994430 0.0748957 0.1411225 0.2133602 0.1296427 
Perityle_coronopifolia_28_patagonia        0.0966073 0.1488687 0.3009764 0.2699892 0.1562137 0.5051001 0.3586938 0.2330877 0.2092616 0.1515300 0.1678895 0.1490538 0.1326707 0.1296239 0.1580149 0.1526695 0.1527603 0.2610935 0.2346784 0.2663598 0.1357339 0.1878724 0.1061791 0.1281755 0.1419086 0.1044308 0.1897392 0.1433717 0.0000000 0.1398624 0.1740198 0.3163556 0.3479540 0.1622497 0.1187064 0.1812037 0.4183015 0.1330210 0.0858234 0.1651230 0.0823119 0.1618746 0.4378318 0.1794325 0.4240000 0.0817269 0.1323952 0.1226184 0.1255398 0.3408223 0.2517365 0.1431329 0.1296810 0.1582702 0.1341906 0.3561539 0.1025980 0.1179534 0.1126311 0.1240962 0.1557745 0.0985463 0.1802792 0.1459685 0.1288260 0.0608362 0.3333679 0.1604043 0.2013861 0.2196120 0.1348249 0.1268264 0.1833618 0.1293336 0.1269902 0.1215301 0.0894865 0.1818559 0.3456772 0.0984725 0.1278714 0.0261483 0.1301990 0.1812037 0.2876832 0.1030737 
Perityle_crassifolia_70_ventanas           0.1074029 0.0962831 0.1119719 0.1641286 0.0978451 0.5180602 0.1262890 0.1549126 0.1523865 0.1087950 0.1005171 0.0986550 0.0851075 0.1058859 0.1076987 0.1094627 0.0765804 0.1002670 0.1281133 0.0696718 0.1085780 0.1057856 0.1008183 0.1011042 0.0764142 0.1042800 0.1088326 0.1063309 0.1398624 0.0000000 0.0473483 0.1315342 0.1270299 0.0289143 0.1132594 0.1238843 0.2110481 0.1064935 0.1152718 0.1082739 0.1027335 0.1102835 0.2061615 0.1197757 0.1986281 0.1105660 0.1078373 0.1034601 0.1058275 0.1117094 0.1111618 0.1012610 0.1104854 0.1040838 0.1059961 0.1078193 0.1177819 0.1117051 0.1034601 0.1057856 0.1086840 0.1331519 0.1083807 0.1309401 0.1079819 0.1150756 0.3802500 0.0943187 0.1044997 0.1753530 0.0940932 0.0987948 0.1061029 0.1079886 0.1056974 0.0811403 0.1046594 0.0855693 0.1139786 0.1084791 0.1083330 0.1260390 0.1131489 0.1238843 0.1075370 0.1211112 
Perityle_crassifolia_74_playa_balandra     0.1688803 0.1513439 0.1999793 0.1710594 0.1581191 0.3688021 0.1366213 0.1160917 0.1651827 0.1568720 0.1416610 0.1620525 0.1514318 0.1423697 0.1512149 0.1719926 0.1239724 0.1394770 0.1899193 0.1283040 0.1433125 0.1522278 0.1072484 0.1469899 0.1283129 0.1434356 0.1339008 0.1433432 0.1740198 0.0473483 0.0000000 0.1616860 0.2076887 0.0606381 0.1547014 0.1872379 0.1924559 0.1383419 0.1752265 0.1728817 0.1523312 0.1522094 0.1671828 0.1703164 0.1684146 0.1746032 0.1569501 0.1522278 0.1575209 0.1638492 0.1441884 0.1371048 0.1472826 0.1339008 0.1528919 0.1517234 0.1537009 0.1424296 0.1522278 0.1522278 0.1475864 0.1778734 0.1429407 0.1447048 0.1518038 0.1740667 0.1331894 0.1431365 0.1747574 0.1629507 0.1520567 0.1419067 0.1535702 0.1567728 0.1571004 0.1283496 0.1466961 0.1484928 0.1557555 0.1423970 0.1492860 0.1888483 0.1630462 0.1872379 0.1382936 0.1781927 
Perityle_cuneata_34_cuneata_San_antonio    0.0707893 0.1106509 0.2581774 0.3465096 0.3017923 0.5995563 0.3401378 0.2689524 0.2708688 0.3035176 0.2979702 0.3274441 0.3016149 0.2941969 0.1857697 0.2797945 0.3263117 0.0697991 0.1910770 0.3104709 0.2172958 0.3263199 0.1235787 0.3001075 0.1952384 0.2626624 0.3132970 0.2099384 0.3163556 0.1315342 0.1616860 0.0000000 0.3053796 0.2564703 0.3001403 0.3334272 0.4245952 0.2899577 0.3013624 0.2734797 0.2666024 0.3072187 0.4411588 0.0881550 0.4290675 0.2950905 0.2930569 0.2829036 0.2808390 0.2940171 0.3319723 0.2954490 0.2898172 0.1568697 0.2790687 0.3541695 0.2367837 0.1998902 0.2610254 0.3075511 0.3191187 0.1451536 0.2596160 0.1586905 0.2919642 0.3061089 0.2408671 0.2617048 0.3353377 0.2301588 0.3007544 0.2981148 0.2912111 0.3125612 0.3073562 0.3122717 0.1225676 0.3275089 0.3129146 0.2756193 0.2988785 0.1659966 0.3197772 0.3334272 0.2390387 0.1714365 
Perityle_cuneata_4                         0.0816569 0.0996639 0.2637113 0.2903855 0.2650040 0.5458045 0.3904226 0.2849937 0.3069552 0.2526812 0.3378417 0.2760212 0.2519341 0.2593325 0.1253671 0.2971268 0.2614751 0.2466451 0.1888925 0.2507193 0.1891673 0.3321498 0.1116694 0.3020466 0.1545846 0.2791758 0.2948228 0.2262267 0.3479540 0.1270299 0.2076887 0.3053796 0.0000000 0.2202109 0.2542639 0.2776849 0.4700686 0.2304225 0.2643406 0.2573053 0.2780344 0.2556343 0.4721364 0.1067648 0.4879447 0.2644139 0.2563484 0.3011235 0.2976558 0.2628983 0.2937122 0.2633515 0.2548491 0.0998594 0.2155975 0.3295164 0.2222703 0.1964386 0.2772561 0.3125648 0.2829780 0.1391271 0.3071576 0.1817719 0.2447040 0.2748562 0.3006540 0.2485155 0.2934286 0.2469958 0.3066938 0.3038702 0.2637546 0.3214919 0.3191526 0.2730697 0.1078242 0.2714766 0.2668953 0.2908923 0.2471938 0.1452209 0.3248522 0.2776849 0.2957335 0.1665577 
Perityle_discoidea_81                      0.1007476 0.0926196 0.1648699 0.2268102 0.1187832 0.5123153 0.3169655 0.1865502 0.1474602 0.1171460 0.1723371 0.1038132 0.0894867 0.1037694 0.1106826 0.1151422 0.0866741 0.2192984 0.2178238 0.1407947 0.1070031 0.1409288 0.1067017 0.1192031 0.0805535 0.1071694 0.1344978 0.1168934 0.1622497 0.0289143 0.0606381 0.2564703 0.2202109 0.0000000 0.1070305 0.1554749 0.3766570 0.1077341 0.1196161 0.1059783 0.1048731 0.1068976 0.3779433 0.1178239 0.3803049 0.1163971 0.1052129 0.1386867 0.1345622 0.2231487 0.1122817 0.1038308 0.1054852 0.1042154 0.1024135 0.2426735 0.1321749 0.1347627 0.1065528 0.1380948 0.1180234 0.1431568 0.1223748 0.1679460 0.1037196 0.1175260 0.3881534 0.1095813 0.1202978 0.2212451 0.1172289 0.1176405 0.1378316 0.1463271 0.1401306 0.0870883 0.1131344 0.1151516 0.2088669 0.1146788 0.1086624 0.1357424 0.1449317 0.1554749 0.1955605 0.1600790 
Perityle_dissecta_201                      0.0778040 0.0809137 0.2073399 0.2402165 0.1002108 0.4902212 0.3286840 0.2143378 0.1825578 0.0855377 0.1611477 0.0849068 0.0722324 0.0247113 0.0199155 0.0923691 0.0924940 0.2591875 0.2040073 0.1904643 0.0227331 0.1194238 0.0321564 0.0575062 0.0681224 0.0207802 0.1091558 0.0629433 0.1187064 0.1132594 0.1547014 0.3001403 0.2542639 0.1070305 0.0000000 0.1261678 0.4369238 0.0257813 0.0780760 0.1060768 0.0205285 0.0523510 0.4654499 0.0213811 0.4612138 0.0768420 0.0258774 0.0462078 0.0451742 0.2559363 0.1183519 0.0340027 0.0247388 0.0550252 0.0171193 0.2939145 0.0612368 0.0862490 0.0214193 0.0635383 0.1062649 0.0975353 0.1264549 0.1156861 0.0241245 0.0773820 0.3497533 0.0972447 0.1391029 0.1679819 0.1004461 0.0563462 0.1094218 0.0672779 0.0672669 0.0661245 0.0183174 0.1220084 0.2590690 0.0310795 0.0219750 0.0939813 0.0685694 0.1261678 0.2345913 0.1365054 
Perityle_emoryi_47_punta_san_jose          0.0729369 0.1149038 0.2618684 0.2665226 0.1176390 0.5298049 0.3647710 0.2355932 0.2064611 0.1367811 0.1697467 0.1560580 0.1309036 0.1304335 0.1231723 0.1433411 0.1605513 0.2740841 0.2179623 0.2275467 0.1233380 0.2195822 0.1042543 0.1669040 0.1219769 0.1232345 0.1646378 0.1411225 0.1812037 0.1238843 0.1872379 0.3334272 0.2776849 0.1554749 0.1261678 0.0000000 0.4617831 0.1204907 0.1457251 0.1505566 0.1231187 0.1480449 0.4893470 0.1026938 0.4899547 0.1428810 0.1264039 0.1520197 0.1454638 0.2878252 0.2221699 0.1364084 0.1251795 0.1120244 0.1206745 0.3427204 0.1339559 0.1345297 0.1242192 0.1669410 0.1301068 0.1360722 0.1773901 0.1774122 0.1228204 0.1414048 0.3305608 0.1325798 0.1825293 0.2239471 0.1680814 0.1683841 0.0545173 0.1687589 0.1687199 0.1386549 0.1037393 0.1644599 0.2713923 0.1382175 0.1263826 0.1485909 0.1703392 0.0000010 0.2631432 0.1634915 
Perityle_feddemae_99                       0.0925588 0.2191064 0.4530296 0.3927856 0.4346570 0.5937111 0.4116703 0.2834610 0.4535199 0.4505836 0.4573438 0.4347724 0.4179987 0.4322343 0.2839501 0.4329632 0.4188112 0.3005452 0.1141037 0.4051227 0.3111695 0.4961644 0.1363993 0.4417730 0.2904087 0.3810757 0.4542625 0.3448845 0.4183015 0.2110481 0.1924559 0.4245952 0.4700686 0.3766570 0.4369238 0.4617831 0.0000000 0.4183581 0.4450690 0.3968363 0.3646939 0.4362459 0.1121926 0.2389851 0.1010764 0.4444024 0.4206752 0.4423498 0.4353006 0.1992141 0.4592982 0.4250259 0.4344969 0.2470253 0.3951729 0.5010043 0.2532198 0.1935155 0.3994826 0.4475358 0.4657100 0.1784533 0.4125808 0.1729664 0.4265027 0.4419434 0.4023725 0.3920987 0.4764600 0.2793510 0.4381005 0.4402275 0.4129323 0.4630772 0.4570778 0.4059718 0.1200024 0.4637578 0.4387206 0.3760467 0.4191982 0.1774198 0.4614330 0.4617831 0.3480828 0.2344407 
Perityle_fosteri_93                        0.0754110 0.0770138 0.1974664 0.2267465 0.0974687 0.4728342 0.3072821 0.1924685 0.1626192 0.0810964 0.1615648 0.0831199 0.0715553 0.0253551 0.0242795 0.0928472 0.0928679 0.2332373 0.1923189 0.1850420 0.0269944 0.0972168 0.0240151 0.0603184 0.0640359 0.0255574 0.0936663 0.0621016 0.1330210 0.1064935 0.1383419 0.2899577 0.2304225 0.1077341 0.0257813 0.1204907 0.4183581 0.0000000 0.0803414 0.0959453 0.0255914 0.0519275 0.4445322 0.0155973 0.4480997 0.0777487 0.0242073 0.0526753 0.0516288 0.2485946 0.0991701 0.0337453 0.0265582 0.0468347 0.0194016 0.2848000 0.0641337 0.0871662 0.0274141 0.0704331 0.1040931 0.0905406 0.1092624 0.1134015 0.0282909 0.0861258 0.3195618 0.0977862 0.1223763 0.1538814 0.1014840 0.0578782 0.1068744 0.0778551 0.0718237 0.0688707 0.0225237 0.1142979 0.2352387 0.0348828 0.0263713 0.1072958 0.0756772 0.1204907 0.2176468 0.1381966 
Perityle_gamon_221                         0.0969211 0.0974035 0.2167784 0.2650352 0.1143474 0.4960823 0.3315290 0.2077096 0.1965325 0.1098850 0.1818473 0.1114568 0.0952869 0.0868138 0.0853973 0.1154751 0.1188853 0.2554870 0.2029343 0.1979170 0.0868241 0.1808422 0.0882138 0.1174511 0.0844623 0.0870080 0.1455652 0.0978941 0.0858234 0.1152718 0.1752265 0.3013624 0.2643406 0.1196161 0.0780760 0.1457251 0.4450690 0.0803414 0.0000000 0.1197550 0.0844616 0.1102676 0.4606107 0.0905227 0.4499936 0.0077391 0.0868367 0.1102020 0.1093445 0.2562143 0.1882932 0.0946103 0.0869038 0.0914413 0.0805404 0.2906813 0.1110474 0.1182992 0.0869654 0.1282637 0.1019038 0.0919912 0.1469816 0.1402772 0.0826377 0.0445782 0.3083341 0.1195240 0.1641340 0.2234461 0.1238246 0.1162296 0.1356277 0.1321443 0.1311994 0.0911014 0.0871167 0.1482299 0.2736117 0.0974487 0.0833359 0.0350655 0.1339589 0.1457251 0.2535293 0.0909093 
Perityle_gentryi_8_san_francisco           0.0780208 0.0877781 0.2024127 0.2348742 0.1108795 0.5133863 0.3020916 0.1950735 0.1864818 0.1186776 0.1717355 0.0863362 0.0719978 0.1014324 0.0923655 0.1017691 0.0528811 0.2318519 0.1777557 0.1536533 0.0807623 0.1445359 0.0979630 0.1167986 0.0390158 0.1077505 0.1278250 0.1238185 0.1651230 0.1082739 0.1728817 0.2734797 0.2573053 0.1059783 0.1060768 0.1505566 0.3968363 0.0959453 0.1197550 0.0000000 0.1077378 0.1212001 0.4070027 0.0797079 0.4055519 0.1182335 0.1042192 0.1301885 0.1292380 0.2427279 0.1552611 0.1085225 0.1043243 0.0765056 0.0761712 0.2997674 0.1050232 0.0918635 0.1072631 0.1359735 0.1276836 0.1156565 0.1327039 0.1084889 0.1033875 0.1251182 0.3694228 0.1088791 0.1388623 0.2210065 0.1063384 0.1167986 0.1327728 0.1430306 0.1362065 0.0691280 0.0926577 0.1297308 0.2385541 0.1147064 0.0812920 0.1108190 0.1407278 0.1505566 0.2192766 0.1342822 
Perityle_gilensis_22_Superstition          0.0767363 0.0856046 0.2389211 0.2531259 0.1043490 0.4154137 0.3225596 0.1954745 0.1790981 0.0887329 0.1184029 0.0870242 0.0707054 0.0215677 0.0175796 0.0956877 0.0919510 0.2497900 0.2015929 0.2073936 0.0165927 0.0810439 0.0281362 0.0215854 0.0632851 0.0094222 0.1147321 0.0554891 0.0823119 0.1027335 0.1523312 0.2666024 0.2780344 0.1048731 0.0205285 0.1231187 0.3646939 0.0255914 0.0844616 0.1077378 0.0000000 0.0533970 0.3766735 0.0127020 0.3658232 0.0813582 0.0270519 0.0093373 0.0106843 0.2849239 0.1405057 0.0284780 0.0257040 0.0493802 0.0164224 0.3121866 0.0606730 0.0750051 0.0093378 0.0120376 0.1155808 0.0963072 0.1249529 0.1143684 0.0235818 0.0811550 0.3292239 0.0982433 0.1344678 0.1662723 0.0720145 0.0202324 0.1152963 0.0147117 0.0106761 0.0605007 0.0112650 0.1137201 0.2856670 0.0312889 0.0213156 0.0930924 0.0147682 0.1231187 0.2291856 0.1311522 
Perityle_gilensis_salensis_225             0.0812129 0.0806587 0.1998360 0.2511345 0.1191382 0.4860349 0.3200679 0.2036227 0.1968963 0.1071155 0.1844443 0.1055041 0.0868888 0.0490331 0.0271189 0.1239066 0.1033309 0.2498528 0.1969483 0.1939479 0.0298074 0.1129026 0.0239757 0.0863828 0.0746925 0.0532579 0.1199189 0.0780094 0.1618746 0.1102835 0.1522094 0.3072187 0.2556343 0.1068976 0.0523510 0.1480449 0.4362459 0.0519275 0.1102676 0.1212001 0.0533970 0.0000000 0.4523671 0.0232950 0.4479472 0.1075673 0.0527793 0.0782535 0.0772820 0.2531740 0.1012395 0.0565548 0.0552253 0.0573357 0.0367324 0.3010047 0.0690603 0.0901806 0.0515641 0.0956008 0.1200972 0.1084572 0.1319429 0.1151203 0.0539965 0.1098687 0.3292239 0.1079562 0.1460232 0.1725349 0.1261150 0.0838728 0.1297553 0.1032139 0.0970818 0.0909421 0.0200979 0.1362208 0.2568732 0.0638052 0.0549174 0.1061089 0.1010794 0.1480449 0.2328541 0.1418059 
Perityle_glaucescens_94                    0.1053975 0.2249573 0.4777256 0.4124533 0.4664459 0.5945034 0.4059723 0.2816030 0.4472724 0.4802847 0.4857283 0.4549405 0.4443312 0.4552673 0.3079234 0.4389806 0.4247667 0.3109715 0.1144279 0.4156671 0.3153289 0.4749027 0.1171578 0.4683482 0.3035055 0.3982179 0.4775319 0.3634254 0.4378318 0.2061615 0.1671828 0.4411588 0.4721364 0.3779433 0.4654499 0.4893470 0.1121926 0.4445322 0.4606107 0.4070027 0.3766735 0.4523671 0.0000000 0.2660650 0.0645797 0.4618185 0.4633092 0.4575517 0.4501592 0.1970782 0.5004049 0.4589894 0.4711767 0.2765574 0.4050175 0.5030277 0.2576803 0.1986876 0.4151071 0.4796308 0.4722583 0.1840281 0.4298269 0.1737185 0.4615178 0.4641656 0.3770833 0.3979315 0.4959848 0.2772524 0.4558103 0.4667869 0.4336072 0.4932589 0.4847929 0.4296746 0.1179474 0.4690128 0.4665337 0.3922514 0.4440920 0.1809587 0.4914583 0.4893470 0.3744665 0.2275181 
Perityle_gracilis_11                       0.0744887 0.0652740 0.0769576 0.1435347 0.0713930 0.8195273 0.0483487 0.1192579 0.1304121 0.0704675 0.0654477 0.0945546 0.0770575 0.0181098 0.0154368 0.1115356 0.0659155 0.0748065 0.0836834 0.0687711 0.0129135 0.0025563 0.0159734 0.0102737 0.0659228 0.0028173 0.0459887 0.0448758 0.1794325 0.1197757 0.1703164 0.0881550 0.1067648 0.1178239 0.0213811 0.1026938 0.2389851 0.0155973 0.0905227 0.0797079 0.0127020 0.0232950 0.2660650 0.0000000 0.2567412 0.0817936 0.0154848 0.0051166 0.0077012 0.0730253 0.0235486 0.0128913 0.0180760 0.0376836 0.0155073 0.0959341 0.0518326 0.0363340 0.0026860 0.0051219 0.0646979 0.1048429 0.0632518 0.0349769 0.0128671 0.0729393 0.0670481 0.0875878 0.0905421 0.0568207 0.0770413 0.0102737 0.0719825 0.0232779 0.0051298 0.0778572 0.0145764 0.0817575 0.0669462 0.0218597 0.0185975 0.0874875 0.0077012 0.1026938 0.0896373 0.0933181 
