85
Amauria_brandeegeana_62                  0.0000000 0.0936025 0.0935507 0.2750699 0.4387939 0.3545258 0.2262590 0.3364126 0.2810301 0.0660861 0.2278184 0.1435917 0.3880672 0.3869911 0.3242763 0.1679001 0.3817252 0.1557836 0.1510062 0.1683618 0.1410445 0.1732625 0.5276892 0.1668780 0.3582691 0.1771436 0.1710069 0.4271763 0.3905649 0.3622462 0.3591109 0.1462114 0.1429807 0.1758814 0.1597930 0.1513182 0.1780648 0.1631261 0.2008010 0.1638962 0.1788998 0.1588507 0.3919423 0.1749165 0.2443692 0.4005665 0.1646857 0.1433705 0.1720153 0.2445369 0.1423742 0.1527079 0.1460655 0.3764127 0.3179257 0.2320950 0.1368575 0.1717083 0.4033585 0.1492600 0.1361610 0.1808076 0.1286176 0.1837254 0.1642580 0.1791564 0.1977304 0.5423611 0.1170599 0.1788325 0.1685346 0.3690322 0.1713613 0.1364354 0.1568773 0.2750032 0.2031983 0.1817108 0.1766409 0.1730514 0.1263155 0.6614400 0.1976546 0.1647598 0.1605805 
Amauria_carterae_99_mesa                 0.0936025 0.0000000 0.0598604 0.2730549 0.3522082 0.3608962 0.1931172 0.3398099 0.2727462 0.1034470 0.2348157 0.1229678 0.3362205 0.3398272 0.2480786 0.1583469 0.3285587 0.1689419 0.1351362 0.1394468 0.1222849 0.1376779 0.4964747 0.1479302 0.3236956 0.1364102 0.1589990 0.3487325 0.3192183 0.3411929 0.3294263 0.1649889 0.1401985 0.1637835 0.1400540 0.1411251 0.1597226 0.1364165 0.1568813 0.1638916 0.1510900 0.1392487 0.3462059 0.1394954 0.1769476 0.3425197 0.1275202 0.1154237 0.1327561 0.1764227 0.1302745 0.1263242 0.1423097 0.3443499 0.3249540 0.2351318 0.1331737 0.1306264 0.2677985 0.1374791 0.1313284 0.1558613 0.1312846 0.1603139 0.1442109 0.1605662 0.1675998 0.4575682 0.0771033 0.1553229 0.1498294 0.3240759 0.1338875 0.1132617 0.1206338 0.2686445 0.1735261 0.1357893 0.1559061 0.1428046 0.1259990 0.5318290 0.1832320 0.1410575 0.1614160 
Amauria_rotundifolia_SRR9119150          0.0935507 0.0598604 0.0000000 0.2475529 0.4337162 0.3397882 0.2161295 0.3312903 0.2520628 0.0829295 0.2426112 0.1220100 0.3931678 0.3862295 0.3241304 0.1577216 0.3820574 0.1525282 0.1217310 0.1490121 0.1272706 0.1642284 0.5014079 0.1489070 0.3506079 0.1648727 0.1513301 0.4220639 0.4064676 0.3601041 0.3350512 0.1534749 0.1324494 0.1897005 0.1382496 0.1230454 0.1717639 0.1332697 0.1869775 0.1522919 0.1508965 0.1384294 0.3985056 0.1518310 0.2224990 0.4037007 0.1530701 0.1405078 0.1599884 0.2314269 0.1211910 0.1434892 0.1345235 0.3721771 0.3186136 0.2256783 0.1107328 0.1582464 0.3783471 0.1454331 0.1084412 0.1584325 0.1071610 0.1689102 0.1429694 0.1631725 0.1728201 0.5439215 0.0620892 0.1409662 0.1504404 0.3656237 0.1594698 0.1282545 0.1445823 0.2511504 0.1816598 0.1731604 0.1464165 0.1458218 0.1098484 0.6477283 0.2090309 0.1336034 0.1340407 
Conoclinium_coelestinum_SRR9119114       0.2750699 0.2730549 0.2475529 0.0000000 0.3779658 0.3360772 0.1721104 0.3771261 0.2970513 0.2784869 0.3219397 0.2312488 0.3719553 0.3513362 0.3033545 0.2446546 0.4161034 0.2034035 0.2281337 0.2151842 0.2647641 0.2548197 0.4700084 0.2222585 0.3585282 0.2449065 0.2234710 0.3623501 0.3542723 0.3610596 0.4179972 0.2811010 0.2764356 0.2275838 0.2160649 0.2316690 0.2596548 0.2737165 0.2761105 0.2451884 0.2242892 0.2339747 0.3567508 0.2595096 0.2560987 0.3886921 0.2630508 0.2475002 0.2466550 0.2673531 0.2520529 0.2508516 0.2200794 0.3677160 0.3602796 0.2657847 0.2132421 0.2442478 0.3138312 0.2341776 0.1715047 0.2757778 0.1620498 0.2403848 0.2433857 0.2225856 0.2957672 0.5123171 0.1570411 0.2294920 0.2224240 0.3639154 0.2477088 0.1896403 0.2669467 0.2656601 0.2882205 0.2559573 0.2294700 0.2255162 0.1538029 0.5455227 0.2603568 0.2267019 0.2140300 
Eutetras_palmeri_63                      0.4387939 0.3522082 0.4337162 0.3779658 0.0000000 0.0297158 0.3873884 0.4197532 0.3616385 0.4118872 0.5007491 0.3320525 0.2684455 0.2465391 0.2246485 0.4035117 0.3470773 0.2911455 0.3182416 0.3787523 0.3841481 0.4081164 0.4449968 0.3823702 0.2396434 0.4007005 0.3848829 0.2719385 0.2791280 0.2044534 0.4605680 0.3745103 0.4058241 0.3787740 0.3689765 0.2982651 0.3892812 0.3514894 0.4673389 0.4026567 0.3851234 0.3754487 0.3053435 0.4027673 0.4201017 0.2528310 0.3992272 0.3988352 0.3983548 0.4195630 0.3708059 0.4025189 0.3703797 0.2421356 0.2002542 0.0997692 0.3026859 0.3953438 0.4622131 0.3437884 0.2927305 0.3868461 0.2665318 0.3960941 0.3308298 0.3901377 0.4063871 0.6381094 0.3684225 0.3220130 0.3806241 0.2076810 0.3897044 0.3731143 0.3978100 0.1461386 0.4162220 0.3930118 0.3728395 0.3791273 0.2436074 0.6972387 0.4438548 0.3244049 0.2671023 
Eutetras_pringlei_149_quer               0.3545258 0.3608962 0.3397882 0.3360772 0.0297158 0.0000000 0.3201046 0.4346987 0.3449897 0.3839778 0.3701427 0.3177848 0.1494536 0.1378693 0.1389372 0.3410942 0.2870656 0.3348522 0.3315568 0.3251755 0.3418649 0.3468915 0.4019918 0.3287489 0.1386052 0.3376731 0.3482654 0.1717235 0.1716470 0.1367327 0.4500928 0.3501464 0.3529393 0.3047920 0.3260038 0.3431232 0.3443488 0.3437539 0.3403002 0.3377356 0.3329551 0.3180484 0.1634547 0.3376208 0.3276817 0.1713237 0.3431358 0.3387543 0.3420464 0.3262304 0.3495031 0.3549560 0.3332735 0.1478445 0.1342864 0.1242660 0.3412770 0.3376731 0.0911260 0.3272763 0.3337367 0.3517331 0.3690614 0.3265627 0.3133608 0.3412335 0.3484500 0.4545154 0.6077879 0.3238465 0.3251801 0.1472484 0.3284898 0.3452677 0.3302406 0.1386945 0.3391108 0.3057149 0.3237123 0.3225212 0.3209797 0.4049614 0.3165326 0.3245367 0.3128298 
Eutrochium_fistulosum_SRR9119106         0.2262590 0.1931172 0.2161295 0.1721104 0.3873884 0.3201046 0.0000000 0.3220071 0.2720536 0.2033552 0.3443322 0.1797633 0.3827526 0.3717925 0.3253095 0.2061134 0.4379792 0.1551372 0.1669329 0.1803204 0.1828207 0.2149989 0.4805321 0.1772412 0.3321442 0.2076784 0.1932611 0.3944424 0.3698014 0.3220313 0.3805151 0.2038711 0.2210807 0.2196447 0.1745438 0.1696826 0.2044411 0.1780282 0.2629497 0.2038522 0.1872348 0.1771767 0.3916082 0.2136894 0.2309487 0.3752797 0.2079697 0.2003885 0.2087611 0.2216759 0.1796099 0.1974462 0.1959754 0.3503314 0.3340756 0.2397088 0.1388467 0.2085722 0.3635070 0.1650075 0.1404326 0.2332808 0.1532240 0.2054060 0.1818029 0.1868820 0.2366602 0.5365757 0.1574849 0.1626952 0.1773423 0.3115206 0.2080216 0.1744024 0.1982396 0.2616801 0.2444534 0.1905224 0.1865242 0.1763781 0.1278290 0.6376442 0.2694233 0.1693384 0.1709377 
Galeana_pratensis_104_mex                0.3364126 0.3398099 0.3312903 0.3771261 0.4197532 0.4346987 0.3220071 0.0000000 0.3517413 0.3629285 0.3472269 0.3247490 0.3501284 0.3525915 0.3660503 0.3484218 0.4605981 0.3441156 0.3535470 0.3237285 0.3613764 0.3720338 0.5570853 0.3432365 0.3624481 0.3604888 0.3246101 0.3961494 0.3430384 0.4245861 0.4449902 0.3626833 0.3490004 0.3280928 0.3305444 0.3447126 0.3396074 0.3496796 0.3552737 0.3419452 0.3294233 0.3230916 0.3749646 0.3581429 0.3487976 0.3841628 0.3536755 0.3694987 0.3659223 0.3635059 0.3733273 0.3602886 0.3295334 0.3689696 0.3818324 0.3464615 0.3589954 0.3659223 0.1420392 0.3468685 0.3527769 0.3750324 0.3556815 0.3316692 0.3874805 0.3562024 0.3846679 0.4876110 0.3032656 0.3235858 0.3372380 0.4401242 0.3781913 0.3598114 0.3471096 0.3664592 0.3959940 0.3490323 0.3302348 0.3444546 0.3404482 0.5385885 0.3471412 0.3633966 0.3564486 
Helianthus_annuus_SRR9119062             0.2810301 0.2727462 0.2520628 0.2970513 0.3616385 0.3449897 0.2720536 0.3517413 0.0000000 0.2877585 0.3299673 0.2326258 0.3610622 0.3531137 0.2698623 0.2829995 0.3987352 0.2159103 0.2079753 0.2463749 0.2736812 0.2748410 0.4795372 0.2543720 0.3434878 0.2779606 0.2744068 0.3691076 0.3585259 0.3472642 0.4205897 0.3035629 0.2924657 0.2515304 0.2560625 0.2420692 0.2712343 0.2866396 0.2887298 0.2804381 0.2693890 0.2298184 0.3631777 0.2849105 0.2912892 0.3312433 0.2812622 0.2658090 0.2742304 0.2864452 0.2731211 0.2788325 0.2446190 0.3576627 0.3508671 0.2574517 0.2099658 0.2708983 0.2836726 0.2445559 0.1999655 0.2843585 0.2245874 0.2748762 0.2938498 0.2753580 0.3080678 0.4837145 0.1785766 0.2539831 0.2525980 0.3474672 0.2719857 0.1968507 0.2725075 0.2784803 0.3056553 0.2754050 0.2506127 0.2615317 0.2021660 0.5594781 0.2888922 0.2053296 0.2403332 
Lycapsus_tenuifolius_17                  0.0660861 0.1034470 0.0829295 0.2784869 0.4118872 0.3839778 0.2033552 0.3629285 0.2877585 0.0000000 0.2361338 0.1407885 0.3702229 0.3704070 0.3253871 0.1579750 0.3782870 0.1776066 0.1550871 0.1490600 0.1361147 0.1485353 0.5473168 0.1535195 0.3670068 0.1491005 0.1657285 0.4117223 0.3757259 0.4010573 0.3565836 0.1661944 0.1565945 0.2108374 0.1529586 0.1550980 0.1508324 0.1609417 0.2047206 0.1648726 0.1634587 0.1426476 0.3869271 0.1487293 0.1905554 0.3884894 0.1498917 0.1330877 0.1456525 0.1919360 0.1438634 0.1365620 0.1431892 0.3834597 0.3382777 0.2494314 0.1489654 0.1438467 0.3856049 0.1455008 0.1303291 0.1692484 0.1409969 0.1709056 0.1518813 0.1647042 0.1695852 0.5253071 0.1289025 0.1582244 0.1551823 0.3840710 0.1435535 0.1177190 0.1440168 0.2913861 0.1726563 0.1490451 0.1688595 0.1538983 0.1354735 0.6640047 0.2222035 0.1705113 0.1664160 
Pericome_caudata_50_silver               0.2278184 0.2348157 0.2426112 0.3219397 0.5007491 0.3701427 0.3443322 0.3472269 0.3299673 0.2361338 0.0000000 0.2099256 0.4812205 0.4665095 0.3458570 0.2723848 0.4274463 0.1888558 0.1679085 0.2534528 0.2723559 0.2917093 0.4569976 0.2560759 0.4429354 0.3004812 0.2512467 0.4893400 0.4614789 0.4131400 0.4388546 0.2703232 0.2478576 0.2715841 0.2388315 0.2065358 0.2605745 0.2940929 0.2786910 0.2660366 0.2446650 0.2605128 0.4754284 0.2987879 0.3221059 0.4835836 0.2773370 0.2766012 0.2908361 0.3255517 0.2593771 0.2840480 0.2129103 0.4440434 0.3982434 0.2457494 0.1475545 0.2905309 0.3829617 0.2146168 0.1674729 0.2723634 0.1533529 0.2637558 0.2785301 0.2726330 0.2883798 0.5717962 0.1708113 0.2723762 0.2562284 0.4444500 0.2945168 0.1654215 0.2816373 0.2763575 0.3073817 0.3242782 0.2631099 0.2575297 0.1454883 0.6922893 0.2798000 0.1996220 0.2161977 
Perityle_aglossa_84_dead_horse           0.1435917 0.1229678 0.1220100 0.2312488 0.3320525 0.3177848 0.1797633 0.3247490 0.2326258 0.1407885 0.2099256 0.0000000 0.3513406 0.3236411 0.3224349 0.1068361 0.4005676 0.1516897 0.1176177 0.0366635 0.1024539 0.1356801 0.4403392 0.0598208 0.3193205 0.1362183 0.0986525 0.3465831 0.3331663 0.2767635 0.3191350 0.1604881 0.1498250 0.1244298 0.0475601 0.0709736 0.1428624 0.1179935 0.1326085 0.0991430 0.0609347 0.0623959 0.3482623 0.1422858 0.1958552 0.3507644 0.0984250 0.0982147 0.1344288 0.1997165 0.1118310 0.1016879 0.0626833 0.3249424 0.3054204 0.2414818 0.0743350 0.1309699 0.3718422 0.1218699 0.1017560 0.1804678 0.0807646 0.0616336 0.1273765 0.0734897 0.1606234 0.4940350 0.0715843 0.0738624 0.0598542 0.2950360 0.1306728 0.1061535 0.0835471 0.2836847 0.1717606 0.1531458 0.0770457 0.0334628 0.1046097 0.5651407 0.1544736 0.1247137 0.0851984 
Perityle_ajoensis_204                    0.3880672 0.3362205 0.3931678 0.3719553 0.2684455 0.1494536 0.3827526 0.3501284 0.3610622 0.3702229 0.4812205 0.3513406 0.0000000 0.0820130 0.0447056 0.3775847 0.1886669 0.2815014 0.2962520 0.3682584 0.3735256 0.3887253 0.4134935 0.3726442 0.0677690 0.3919312 0.3531238 0.1017319 0.1375007 0.2221217 0.4409969 0.3585685 0.3962689 0.3857744 0.3464242 0.3000704 0.3920995 0.3455411 0.4452944 0.3685128 0.3647046 0.3584877 0.1653569 0.3873840 0.4118593 0.1832507 0.4032522 0.3921010 0.3802578 0.4190955 0.3558833 0.4055493 0.3552203 0.0854183 0.1075935 0.0650980 0.2935723 0.3821438 0.3943791 0.3443019 0.2457661 0.3789670 0.2050409 0.3836566 0.3177621 0.3637934 0.4051604 0.5905602 0.2486765 0.3082715 0.3708561 0.2003071 0.3923861 0.3482536 0.3910824 0.0264771 0.4154789 0.3749821 0.3442949 0.3656562 0.2274112 0.6348071 0.4312190 0.3126295 0.2545730 
Perityle_ambrosiifolia_67_green          0.3869911 0.3398272 0.3862295 0.3513362 0.2465391 0.1378693 0.3717925 0.3525915 0.3531137 0.3704070 0.4665095 0.3236411 0.0820130 0.0000000 0.0696775 0.3597888 0.1709840 0.2662756 0.2873161 0.3528445 0.3524285 0.3752446 0.3920946 0.3550371 0.0725857 0.3722243 0.3488134 0.0753805 0.1100846 0.2179130 0.4473053 0.3493351 0.3795450 0.3843928 0.3357483 0.2788564 0.3745395 0.3263618 0.4309644 0.3520028 0.3473768 0.3394676 0.1469581 0.3770087 0.3966191 0.1573627 0.3843992 0.3721011 0.3690197 0.4033066 0.3427489 0.3784508 0.3280572 0.0734034 0.1183324 0.0462232 0.2823933 0.3688309 0.3707840 0.3323658 0.2423029 0.3607053 0.1875834 0.3616847 0.3156849 0.3502286 0.3818423 0.5710746 0.2485744 0.2914440 0.3532827 0.1910876 0.3746046 0.3430332 0.3724859 0.0295185 0.4066069 0.3615439 0.3343146 0.3464810 0.2206146 0.6185108 0.4330544 0.3061856 0.2331225 
Perityle_angustifolia_13_Eagle_creek     0.3242763 0.2480786 0.3241304 0.3033545 0.2246485 0.1389372 0.3253095 0.3660503 0.2698623 0.3253871 0.3458570 0.3224349 0.0447056 0.0696775 0.0000000 0.3473329 0.1248661 0.2416572 0.2717012 0.3457722 0.3080089 0.3312252 0.3970993 0.3346965 0.0316484 0.3269526 0.3302269 0.0999535 0.1110949 0.1431389 0.3123635 0.2977305 0.3382227 0.2852105 0.3127086 0.2747636 0.3329871 0.2738762 0.3529938 0.3355272 0.3256467 0.3229435 0.1011457 0.3299786 0.3584042 0.1749965 0.3343154 0.3365004 0.3234465 0.3563042 0.2846455 0.3377510 0.3375800 0.0334857 0.0778013 0.0557132 0.2793059 0.3230524 0.3803492 0.3142518 0.2422377 0.3312912 0.2083753 0.3386680 0.2308467 0.3342861 0.3160594 0.4927085 0.2477356 0.2643167 0.3323833 0.1417698 0.3354257 0.3299340 0.3422349 0.0269989 0.3537759 0.3093627 0.3208527 0.3245356 0.2098101 0.4812809 0.3308663 0.2828345 0.2398038 
Perityle_batopilensis_97                 0.1679001 0.1583469 0.1577216 0.2446546 0.4035117 0.3410942 0.2061134 0.3484218 0.2829995 0.1579750 0.2723848 0.1068361 0.3775847 0.3597888 0.3473329 0.0000000 0.4183076 0.1499506 0.1315850 0.1051964 0.1338894 0.1739216 0.4501919 0.0965065 0.3464329 0.1731390 0.0943463 0.3903017 0.3683467 0.3527276 0.3751369 0.1792991 0.1678429 0.1932056 0.0939674 0.0883260 0.1949741 0.1402706 0.1991984 0.0126450 0.0934960 0.0946319 0.4215678 0.1772881 0.2452338 0.3740837 0.1614814 0.1524556 0.1683181 0.2490219 0.1434173 0.1509091 0.0808625 0.3653806 0.3321997 0.2527591 0.1012643 0.1681665 0.3707936 0.1569175 0.1344642 0.1971071 0.1144905 0.1000966 0.1655818 0.1030357 0.1859850 0.5757642 0.0520148 0.0927292 0.0978567 0.3493780 0.1664511 0.1364725 0.1545172 0.3051489 0.1949572 0.1889625 0.1118474 0.0893486 0.1170359 0.6779136 0.2176380 0.1572567 0.1074555 
Perityle_bisetosa_9                      0.3817252 0.3285587 0.3820574 0.4161034 0.3470773 0.2870656 0.4379792 0.4605981 0.3987352 0.3782870 0.4274463 0.4005676 0.1886669 0.1709840 0.1248661 0.4183076 0.0000000 0.2955355 0.3264115 0.4170629 0.3915608 0.4267118 0.2033355 0.4146165 0.1527953 0.4204262 0.4297748 0.1811230 0.2017008 0.2437295 0.4145094 0.4096343 0.4080914 0.3786441 0.3961795 0.3664740 0.4010581 0.3715962 0.4328747 0.4104040 0.4129630 0.3995415 0.1936765 0.4344999 0.4494563 0.2331456 0.4212575 0.4199917 0.4191383 0.4394394 0.3772595 0.4135538 0.4189090 0.1275680 0.1954513 0.1538099 0.3505803 0.4188479 0.3617051 0.4014811 0.2930962 0.4155029 0.2453268 0.4216427 0.3469873 0.4237937 0.4333354 0.6044927 0.2670502 0.3553372 0.4149724 0.2306564 0.4308419 0.3864700 0.4179455 0.1476697 0.4655433 0.3960161 0.4040674 0.4035324 0.2772624 0.6008627 0.4276971 0.3570828 0.3229849 
Perityle_californica_76_positas          0.1557836 0.1689419 0.1525282 0.2034035 0.2911455 0.3348522 0.1551372 0.3441156 0.2159103 0.1776066 0.1888558 0.1516897 0.2815014 0.2662756 0.2416572 0.1499506 0.2955355 0.0000000 0.1491640 0.1479855 0.1436985 0.1440118 0.4628792 0.1453230 0.2679453 0.1485713 0.1526845 0.2750817 0.2536715 0.2694947 0.3296233 0.1546436 0.1480264 0.1541278 0.1380190 0.1566925 0.1549625 0.1541112 0.1541922 0.1564174 0.1553313 0.1398368 0.2844326 0.1480555 0.1653707 0.2858803 0.1542592 0.1206208 0.1418488 0.1700815 0.1416548 0.1417109 0.1577105 0.2828052 0.2617687 0.2400833 0.1401115 0.1417751 0.2194748 0.1524597 0.1391159 0.1606831 0.1459647 0.1606075 0.1556327 0.1568396 0.1551640 0.3570526 0.1492922 0.1546567 0.1454360 0.2732240 0.1460090 0.1202483 0.1456527 0.2840208 0.1616023 0.1524673 0.1521074 0.1435103 0.1360436 0.4300655 0.1622462 0.1459751 0.1654574 
Perityle_canescens_77                    0.1510062 0.1351362 0.1217310 0.2281337 0.3182416 0.3315568 0.1669329 0.3535470 0.2079753 0.1550871 0.1679085 0.1176177 0.2962520 0.2873161 0.2717012 0.1315850 0.3264115 0.1491640 0.0000000 0.1217185 0.0941563 0.1004356 0.4799933 0.1203276 0.2860987 0.1006906 0.1311557 0.3076370 0.3048425 0.2658948 0.2644029 0.1444572 0.1348120 0.1387897 0.1146392 0.1270688 0.1096097 0.1028480 0.1183428 0.1373185 0.1274607 0.1107216 0.3003205 0.1023107 0.1449965 0.3276981 0.0993902 0.0892705 0.0971838 0.1494500 0.0983688 0.1031123 0.1351963 0.2995365 0.2976117 0.2196024 0.1094418 0.0969052 0.2890847 0.1289202 0.0930442 0.1424950 0.1268277 0.1366827 0.1195219 0.1256953 0.1419575 0.3991261 0.0667826 0.1241454 0.1204102 0.2805311 0.0966545 0.0923917 0.1013269 0.2647409 0.1494840 0.1181975 0.1270530 0.1157702 0.0947777 0.4591974 0.1573813 0.1326119 0.1455310 
Perityle_castillonii_96                  0.1683618 0.1394468 0.1490121 0.2151842 0.3787523 0.3251755 0.1803204 0.3237285 0.2463749 0.1490600 0.2534528 0.0366635 0.3682584 0.3528445 0.3457722 0.1051964 0.4170629 0.1479855 0.1217185 0.0000000 0.1110966 0.1369757 0.4691234 0.0529041 0.3442814 0.1360977 0.0920123 0.3701138 0.3562876 0.3329201 0.3578048 0.1696326 0.1600415 0.1755319 0.0455426 0.0667564 0.1446903 0.1222621 0.1716524 0.1039266 0.0580649 0.0496433 0.4020573 0.1382234 0.2146885 0.3578579 0.0991547 0.1029120 0.1331126 0.2248352 0.1146341 0.0995001 0.0597382 0.3535418 0.3243862 0.2326760 0.0684607 0.1287447 0.3926504 0.1267653 0.1032258 0.1693142 0.0807904 0.0682789 0.1370335 0.0607989 0.1631841 0.5447380 0.0873639 0.0515464 0.0529297 0.3264704 0.1270800 0.1049191 0.0868686 0.2935245 0.1698947 0.1660709 0.0615670 0.0470759 0.1080934 0.6494425 0.2055323 0.1405593 0.0759020 
Perityle_cernua_84                       0.1410445 0.1222849 0.1272706 0.2647641 0.3841481 0.3418649 0.1828207 0.3613764 0.2736812 0.1361147 0.2723559 0.1024539 0.3735256 0.3524285 0.3080089 0.1338894 0.3915608 0.1436985 0.0941563 0.1110966 0.0000000 0.0438621 0.4629451 0.1087558 0.3568998 0.0427574 0.1371033 0.3731437 0.3544299 0.3395218 0.3240030 0.1505928 0.1336744 0.1903499 0.1045352 0.0981898 0.1199723 0.0318525 0.1547453 0.1428947 0.1130153 0.1001114 0.3844534 0.0455619 0.1642693 0.3576160 0.0323802 0.0318815 0.0402213 0.1614971 0.0381117 0.0263658 0.1000845 0.3686638 0.3341715 0.2393134 0.0862396 0.0388707 0.3726622 0.1264704 0.0701220 0.1433360 0.0943244 0.1290075 0.1260596 0.1266570 0.1371393 0.5385692 0.0372090 0.1348563 0.1088127 0.3385866 0.0388149 0.0466592 0.0290271 0.2852991 0.1455458 0.1425350 0.1193299 0.1117950 0.0855879 0.6372518 0.2147045 0.1287813 0.1252257 
Perityle_cfvillosa_25_tin                0.1732625 0.1376779 0.1642284 0.2548197 0.4081164 0.3468915 0.2149989 0.3720338 0.2748410 0.1485353 0.2917093 0.1356801 0.3887253 0.3752446 0.3312252 0.1739216 0.4267118 0.1440118 0.1004356 0.1369757 0.0438621 0.0000000 0.4515080 0.1461946 0.3463830 0.0137863 0.1671514 0.3949081 0.3737974 0.3498677 0.3269473 0.1398997 0.1608780 0.1889110 0.1358265 0.1293956 0.1540693 0.0507001 0.1839302 0.1718968 0.1573885 0.1329865 0.4140549 0.0185317 0.2212125 0.3763060 0.0639896 0.0355550 0.0102988 0.2222917 0.0235008 0.0444992 0.1390078 0.3675040 0.3413707 0.2490235 0.1148880 0.0068413 0.3775977 0.1515990 0.0831579 0.1820717 0.1116125 0.1678032 0.1394644 0.1635652 0.1537546 0.5626772 0.0721017 0.1432942 0.1462708 0.3454887 0.0114272 0.0148983 0.0583722 0.2913472 0.1685930 0.1668709 0.1456878 0.1472338 0.0945237 0.6571693 0.2262427 0.1410606 0.1350047 
Perityle_cinerea_113_Powell1310          0.5276892 0.4964747 0.5014079 0.4700084 0.4449968 0.4019918 0.4805321 0.5570853 0.4795372 0.5473168 0.4569976 0.4403392 0.4134935 0.3920946 0.3970993 0.4501919 0.2033355 0.4628792 0.4799933 0.4691234 0.4629451 0.4515080 0.0000000 0.4534861 0.3932201 0.4525794 0.4637931 0.4231402 0.4085980 0.4167534 0.5733264 0.4485355 0.4514064 0.4661266 0.4444769 0.4744698 0.4846964 0.4511700 0.4652538 0.4482187 0.4364788 0.4781614 0.4348271 0.4657970 0.5013912 0.4391543 0.4642959 0.4524057 0.4459332 0.5195669 0.4710673 0.4637344 0.4416995 0.4208662 0.4328427 0.3563119 0.4888681 0.4524057 0.0731383 0.4600114 0.4561015 0.4725703 0.4383252 0.4313110 0.4843637 0.4606633 0.5113634 0.5813918 0.5939342 0.4787975 0.4544006 0.4178725 0.4638707 0.4619316 0.4525702 0.4114033 0.4872064 0.4325571 0.4919611 0.4469198 0.4377696 0.3998726 0.4528547 0.5147018 0.4408076 
Perityle_coahuilensis_24                 0.1668780 0.1479302 0.1489070 0.2222585 0.3823702 0.3287489 0.1772412 0.3432365 0.2543720 0.1535195 0.2560759 0.0598208 0.3726442 0.3550371 0.3346965 0.0965065 0.4146165 0.1453230 0.1203276 0.0529041 0.1087558 0.1461946 0.4534861 0.0000000 0.3373353 0.1438925 0.0795841 0.3747915 0.3544654 0.3363358 0.3496022 0.1722491 0.1598233 0.1748103 0.0316965 0.0575842 0.1521551 0.1299944 0.1756004 0.0951078 0.0361839 0.0368961 0.3927274 0.1462276 0.2144114 0.3489810 0.1225156 0.1086927 0.1422842 0.2212222 0.1323766 0.1162289 0.0445556 0.3575426 0.3140978 0.2395640 0.0706160 0.1406038 0.3979322 0.1176238 0.0901839 0.1685330 0.0810955 0.0497352 0.1389997 0.0425038 0.1606978 0.5899814 0.0624241 0.0707903 0.0022843 0.3294449 0.1389793 0.1075614 0.1155700 0.2745283 0.1689520 0.1655381 0.0625814 0.0446360 0.1016081 0.6786758 0.2052728 0.1303403 0.0687716 
Perityle_cochisensis_44_cave_creek       0.3582691 0.3236956 0.3506079 0.3585282 0.2396434 0.1386052 0.3321442 0.3624481 0.3434878 0.3670068 0.4429354 0.3193205 0.0677690 0.0725857 0.0316484 0.3464329 0.1527953 0.2679453 0.2860987 0.3442814 0.3568998 0.3463830 0.3932201 0.3373353 0.0000000 0.3473919 0.3296536 0.0929950 0.1168551 0.2131621 0.4466396 0.3562671 0.3592036 0.3700738 0.3305827 0.2941001 0.3546596 0.3308387 0.3952201 0.3457266 0.3360810 0.3245356 0.1435685 0.3546738 0.3765177 0.1647329 0.3717972 0.3523999 0.3444739 0.3821592 0.3405293 0.3671031 0.3275107 0.0785991 0.1135592 0.0626273 0.2804289 0.3419951 0.3599994 0.3342957 0.2499741 0.3286905 0.2063735 0.3499900 0.3057539 0.3335136 0.3777444 0.5443405 0.2498338 0.2951738 0.3354731 0.1904561 0.3543227 0.3064759 0.3574271 0.0419134 0.3922179 0.3395392 0.3165473 0.3378341 0.2368306 0.6099070 0.3964369 0.3055318 0.2515147 
Perityle_congesta_202                    0.1771436 0.1364102 0.1648727 0.2449065 0.4007005 0.3376731 0.2076784 0.3604888 0.2779606 0.1491005 0.3004812 0.1362183 0.3919312 0.3722243 0.3269526 0.1731390 0.4204262 0.1485713 0.1006906 0.1360977 0.0427574 0.0137863 0.4525794 0.1438925 0.3473919 0.0000000 0.1677409 0.3961861 0.3728648 0.3436917 0.3255016 0.1405060 0.1661005 0.1879811 0.1348939 0.1264027 0.1546848 0.0522162 0.1801672 0.1710989 0.1550057 0.1306885 0.4020364 0.0150612 0.2204275 0.3754157 0.0642185 0.0405540 0.0149635 0.2214953 0.0222492 0.0446551 0.1394891 0.3643518 0.3396191 0.2462394 0.1093658 0.0091563 0.3670215 0.1488133 0.0807640 0.1813720 0.1167729 0.1669456 0.1399612 0.1641306 0.1541378 0.5599000 0.0671693 0.1406986 0.1439676 0.3380619 0.0114657 0.0179625 0.0610614 0.2874011 0.1691901 0.1631389 0.1491012 0.1463937 0.0926326 0.6493352 0.2255491 0.1397272 0.1318100 
Perityle_cordifolia_27                   0.1710069 0.1589990 0.1513301 0.2234710 0.3848829 0.3482654 0.1932611 0.3246101 0.2744068 0.1657285 0.2512467 0.0986525 0.3531238 0.3488134 0.3302269 0.0943463 0.4297748 0.1526845 0.1311557 0.0920123 0.1371033 0.1671514 0.4637931 0.0795841 0.3296536 0.1677409 0.0000000 0.3688748 0.3489799 0.3051524 0.3601490 0.1842832 0.1704091 0.1534590 0.0688733 0.0649691 0.1889496 0.1421453 0.1728548 0.0970025 0.0877766 0.0894142 0.3744327 0.1737102 0.2492383 0.3748026 0.1663565 0.1491261 0.1656738 0.2586446 0.1539521 0.1608970 0.0837385 0.3487314 0.3146685 0.2285719 0.0747614 0.1626107 0.3798969 0.1412915 0.1111800 0.1890171 0.0499618 0.0879057 0.1510453 0.0595768 0.1829611 0.5292625 0.0513257 0.0817429 0.0796259 0.3148601 0.1668523 0.1290387 0.1549414 0.2857177 0.1883109 0.1961597 0.0920586 0.0806120 0.0984604 0.6098330 0.1869930 0.1421191 0.0700601 
Perityle_cordifolia_68_tecolote          0.4271763 0.3487325 0.4220639 0.3623501 0.2719385 0.1717235 0.3944424 0.3961494 0.3691076 0.4117223 0.4893400 0.3465831 0.1017319 0.0753805 0.0999535 0.3903017 0.1811230 0.2750817 0.3076370 0.3701138 0.3731437 0.3949081 0.4231402 0.3747915 0.0929950 0.3961861 0.3688748 0.0000000 0.1135319 0.2293571 0.4491228 0.3757986 0.4001319 0.4025718 0.3576876 0.2973344 0.4025854 0.3532588 0.4509760 0.3830107 0.3804238 0.3612067 0.1682093 0.4004921 0.4316683 0.1829941 0.4015427 0.3856194 0.3888012 0.4322746 0.3745337 0.4004225 0.3641964 0.0842719 0.1229024 0.0599519 0.3048527 0.3886097 0.3713493 0.3572313 0.2451828 0.4051048 0.2132947 0.3871284 0.3362602 0.3671212 0.3956760 0.5831543 0.2652012 0.3138779 0.3730833 0.2038799 0.3984044 0.3683256 0.3837057 0.0762658 0.4314608 0.3859082 0.3515680 0.3673056 0.2320233 0.6301947 0.4395680 0.3161332 0.2622441 
Perityle_coronopifolia_28_patagonia      0.3905649 0.3192183 0.4064676 0.3542723 0.2791280 0.1716470 0.3698014 0.3430384 0.3585259 0.3757259 0.4614789 0.3331663 0.1375007 0.1100846 0.1110949 0.3683467 0.2017008 0.2536715 0.3048425 0.3562876 0.3544299 0.3737974 0.4085980 0.3544654 0.1168551 0.3728648 0.3489799 0.1135319 0.0000000 0.2259253 0.4359801 0.3498149 0.3638650 0.3735748 0.3341528 0.2852693 0.3686380 0.3298877 0.4254273 0.3607190 0.3449523 0.3409261 0.1738911 0.3757037 0.4102539 0.1879405 0.3722045 0.3630459 0.3615381 0.4076723 0.3428639 0.3733838 0.3298710 0.1227760 0.1161226 0.0887040 0.2816217 0.3633510 0.3806901 0.3345629 0.2433243 0.3804220 0.2057178 0.3657880 0.3005686 0.3481352 0.3885449 0.5908713 0.2264940 0.2921255 0.3527395 0.1998724 0.3748696 0.3367281 0.3671800 0.0863042 0.3982185 0.3539922 0.3339698 0.3466139 0.2115904 0.6419272 0.4142460 0.3186746 0.2355161 
Perityle_crassifolia_70_ventanas         0.3622462 0.3411929 0.3601041 0.3610596 0.2044534 0.1367327 0.3220313 0.4245861 0.3472642 0.4010573 0.4131400 0.2767635 0.2221217 0.2179130 0.1431389 0.3527276 0.2437295 0.2694947 0.2658948 0.3329201 0.3395218 0.3498677 0.4167534 0.3363358 0.2131621 0.3436917 0.3051524 0.2293571 0.2259253 0.0000000 0.4469563 0.3310007 0.3251237 0.3204455 0.3016361 0.2760573 0.3349561 0.3435515 0.3682420 0.3512115 0.3312209 0.3171478 0.2402170 0.3507769 0.3472373 0.1834045 0.3462026 0.3371685 0.3440164 0.3565931 0.3310884 0.3513565 0.2802959 0.2203968 0.2037976 0.1199443 0.2645991 0.3454337 0.2795076 0.2877214 0.2616305 0.3626580 0.2456422 0.3462638 0.3312947 0.3298182 0.3713910 0.5078423 0.2714746 0.3252822 0.3343882 0.0679881 0.3347802 0.2701870 0.3394601 0.1704823 0.3709920 0.3331951 0.3198598 0.3278085 0.2451730 0.6392759 0.3475361 0.2781428 0.2445487 
Perityle_crassifolia_74_playa_balandra   0.3591109 0.3294263 0.3350512 0.4179972 0.4605680 0.4500928 0.3805151 0.4449902 0.4205897 0.3565836 0.4388546 0.3191350 0.4409969 0.4473053 0.3123635 0.3751369 0.4145094 0.3296233 0.2644029 0.3578048 0.3240030 0.3269473 0.5733264 0.3496022 0.4466396 0.3255016 0.3601490 0.4491228 0.4359801 0.4469563 0.0000000 0.3626544 0.3468113 0.3387332 0.3268964 0.3352764 0.3049352 0.3395614 0.3415413 0.3824837 0.3502789 0.3484981 0.4933803 0.3264595 0.3073684 0.4751115 0.3197188 0.3057573 0.3241558 0.3102304 0.3122615 0.3187213 0.3479529 0.4435500 0.4522971 0.3610228 0.2752775 0.3209659 0.1503957 0.3122789 0.2373803 0.3917315 0.2143343 0.3689405 0.3494262 0.3802049 0.3664080 0.5057683 0.0998163 0.3643771 0.3556701 0.4413534 0.3269839 0.2234640 0.3151121 0.3583564 0.3757609 0.3298657 0.3536362 0.3484340 0.2314244 0.6245740 0.2923914 0.3152581 0.3454675 
Perityle_cuneata_34_cuneata_San_antonio  0.1462114 0.1649889 0.1534749 0.2811010 0.3745103 0.3501464 0.2038711 0.3626833 0.3035629 0.1661944 0.2703232 0.1604881 0.3585685 0.3493351 0.2977305 0.1792991 0.4096343 0.1546436 0.1444572 0.1696326 0.1505928 0.1398997 0.4485355 0.1722491 0.3562671 0.1405060 0.1842832 0.3757986 0.3498149 0.3310007 0.3626544 0.0000000 0.0895376 0.1968381 0.1673951 0.1718037 0.1665577 0.1590438 0.2023061 0.1845193 0.1799074 0.1630676 0.3590916 0.1478666 0.2153622 0.3512770 0.1534235 0.1463783 0.1404563 0.2145399 0.1446798 0.1476223 0.1669888 0.3629879 0.3359870 0.2199733 0.1415647 0.1385326 0.3417851 0.1607619 0.1420800 0.1791990 0.1362790 0.1834841 0.1727457 0.1894520 0.1919476 0.4981943 0.1224295 0.1801973 0.1723518 0.3450203 0.1413529 0.1065050 0.1566626 0.2737738 0.1873043 0.1538512 0.1776950 0.1777747 0.1276307 0.5839927 0.2103721 0.1771404 0.1785647 
Perityle_cuneata_4                       0.1429807 0.1401985 0.1324494 0.2764356 0.4058241 0.3529393 0.2210807 0.3490004 0.2924657 0.1565945 0.2478576 0.1498250 0.3962689 0.3795450 0.3382227 0.1678429 0.4080914 0.1480264 0.1348120 0.1600415 0.1336744 0.1608780 0.4514064 0.1598233 0.3592036 0.1661005 0.1704091 0.4001319 0.3638650 0.3251237 0.3468113 0.0895376 0.0000000 0.1960369 0.1628699 0.1482032 0.1636469 0.1436440 0.1834481 0.1626122 0.1622262 0.1482545 0.3846233 0.1685538 0.2290294 0.3829103 0.1500205 0.1419796 0.1567852 0.2377211 0.1423497 0.1460018 0.1562894 0.3814554 0.3288255 0.2250985 0.1139665 0.1595864 0.3815892 0.1513157 0.1304650 0.1909782 0.1237862 0.1748923 0.1636859 0.1738697 0.1827680 0.5543070 0.0795988 0.1603902 0.1599115 0.3386645 0.1622851 0.1380763 0.1470269 0.2694982 0.1908661 0.1848363 0.1647012 0.1649786 0.1192320 0.6353531 0.1972201 0.1593605 0.1584002 
Perityle_discoidea_81                    0.1758814 0.1637835 0.1897005 0.2275838 0.3787740 0.3047920 0.2196447 0.3280928 0.2515304 0.2108374 0.2715841 0.1244298 0.3857744 0.3843928 0.2852105 0.1932056 0.3786441 0.1541278 0.1387897 0.1755319 0.1903499 0.1889110 0.4661266 0.1748103 0.3700738 0.1879811 0.1534590 0.4025718 0.3735748 0.3204455 0.3387332 0.1968381 0.1960369 0.0000000 0.1431047 0.1263630 0.2156916 0.1948413 0.2289731 0.1935318 0.1601593 0.1694691 0.3876307 0.1843591 0.2329226 0.3674111 0.1975010 0.1828716 0.1827057 0.2432914 0.1602727 0.1925981 0.1252322 0.3961781 0.3125251 0.2332233 0.1233782 0.1841294 0.3257852 0.1420828 0.1031440 0.2007296 0.1041220 0.1918184 0.2081068 0.1890698 0.2291705 0.5340855 0.0869721 0.1845416 0.1764714 0.3575029 0.1901290 0.0933442 0.1810563 0.2662360 0.2275256 0.2240673 0.1817046 0.1752822 0.1034952 0.6364544 0.0602976 0.1513421 0.1396823 
Perityle_dissecta_201                    0.1597930 0.1400540 0.1382496 0.2160649 0.3689765 0.3260038 0.1745438 0.3305444 0.2560625 0.1529586 0.2388315 0.0475601 0.3464242 0.3357483 0.3127086 0.0939674 0.3961795 0.1380190 0.1146392 0.0455426 0.1045352 0.1358265 0.4444769 0.0316965 0.3305827 0.1348939 0.0688733 0.3576876 0.3341528 0.3016361 0.3268964 0.1673951 0.1628699 0.1431047 0.0000000 0.0488305 0.1474302 0.1126655 0.1638137 0.0924428 0.0378315 0.0506220 0.3585197 0.1416431 0.2184886 0.3575127 0.1160931 0.1047712 0.1332973 0.2237135 0.1268935 0.1135690 0.0410739 0.3421629 0.2952242 0.2213488 0.0547797 0.1316104 0.3893176 0.1208677 0.0983328 0.1680622 0.0536009 0.0410308 0.1391689 0.0474552 0.1684147 0.5447947 0.0324991 0.0658654 0.0317119 0.3042769 0.1299775 0.0954044 0.1062295 0.2540833 0.1741968 0.1630153 0.0505160 0.0249690 0.0950936 0.6492509 0.1798026 0.1279724 0.0574842 
Perityle_emoryi_47_punta_san_jose        0.1513182 0.1411251 0.1230454 0.2316690 0.2982651 0.3431232 0.1696826 0.3447126 0.2420692 0.1550980 0.2065358 0.0709736 0.3000704 0.2788564 0.2747636 0.0883260 0.3664740 0.1566925 0.1270688 0.0667564 0.0981898 0.1293956 0.4744698 0.0575842 0.2941001 0.1264027 0.0649691 0.2973344 0.2852693 0.2760573 0.3352764 0.1718037 0.1482032 0.1263630 0.0488305 0.0000000 0.1514611 0.1146559 0.1188215 0.0915921 0.0542915 0.0619669 0.3011311 0.1365031 0.1501155 0.3147696 0.1216404 0.1045555 0.1264318 0.1520564 0.1239989 0.1151181 0.0494909 0.3010824 0.3086921 0.2384290 0.0687315 0.1243218 0.3128123 0.1371332 0.0979185 0.1652454 0.0693508 0.0610893 0.1279704 0.0567240 0.1547068 0.4451851 0.0421059 0.0815241 0.0576192 0.2742050 0.1240174 0.0979708 0.1097366 0.2822372 0.1592263 0.1485992 0.0761713 0.0592931 0.1030050 0.5232423 0.1524893 0.1240876 0.0690889 
Perityle_feddemae_99                     0.1780648 0.1597226 0.1717639 0.2596548 0.3892812 0.3443488 0.2044411 0.3396074 0.2712343 0.1508324 0.2605745 0.1428624 0.3920995 0.3745395 0.3329871 0.1949741 0.4010581 0.1549625 0.1096097 0.1446903 0.1199723 0.1540693 0.4846964 0.1521551 0.3546596 0.1546848 0.1889496 0.4025854 0.3686380 0.3349561 0.3049352 0.1665577 0.1636469 0.2156916 0.1474302 0.1514611 0.0000000 0.1341596 0.1978720 0.1964415 0.1503123 0.1388713 0.4181234 0.1541606 0.0971719 0.3754180 0.1226523 0.1289478 0.1529922 0.1022932 0.1313177 0.1230221 0.1432907 0.3709442 0.3162257 0.2256537 0.1387105 0.1464907 0.3701249 0.1428161 0.1149725 0.1867444 0.1533638 0.1680266 0.1563572 0.1680375 0.1721939 0.5228610 0.1648511 0.1661845 0.1522415 0.3336850 0.1492512 0.1403462 0.1227394 0.2686895 0.1807935 0.1384618 0.1584869 0.1486766 0.1126230 0.6072584 0.2580747 0.1488851 0.1683058 
Perityle_fosteri_93                      0.1631261 0.1364165 0.1332697 0.2737165 0.3514894 0.3437539 0.1780282 0.3496796 0.2866396 0.1609417 0.2940929 0.1179935 0.3455411 0.3263618 0.2738762 0.1402706 0.3715962 0.1541112 0.1028480 0.1222621 0.0318525 0.0507001 0.4511700 0.1299944 0.3308387 0.0522162 0.1421453 0.3532588 0.3298877 0.3435515 0.3395614 0.1590438 0.1436440 0.1948413 0.1126655 0.1146559 0.1341596 0.0000000 0.1697642 0.1481467 0.1340734 0.1205863 0.3657998 0.0562048 0.1492694 0.3297058 0.0424160 0.0380754 0.0481861 0.1443237 0.0512892 0.0425813 0.1204744 0.3478686 0.3433793 0.2440507 0.0970080 0.0480198 0.3128067 0.1391070 0.0936987 0.1642717 0.1012602 0.1459243 0.1428606 0.1372498 0.1597953 0.4997544 0.0276865 0.1348267 0.1300681 0.3235418 0.0465478 0.0571980 0.0388698 0.2835372 0.1686305 0.1343841 0.1178473 0.1137609 0.0962435 0.6184408 0.2260091 0.1334740 0.1322211 
Perityle_gamon_221                       0.2008010 0.1568813 0.1869775 0.2761105 0.4673389 0.3403002 0.2629497 0.3552737 0.2887298 0.2047206 0.2786910 0.1326085 0.4452944 0.4309644 0.3529938 0.1991984 0.4328747 0.1541922 0.1183428 0.1716524 0.1547453 0.1839302 0.4652538 0.1756004 0.3952201 0.1801672 0.1728548 0.4509760 0.4254273 0.3682420 0.3415413 0.2023061 0.1834481 0.2289731 0.1638137 0.1188215 0.1978720 0.1697642 0.0000000 0.2002087 0.1690159 0.1673332 0.4453458 0.1778404 0.2625572 0.4396154 0.1675721 0.1645107 0.1800535 0.2583991 0.1424599 0.1683568 0.1393131 0.4237301 0.3735280 0.2520667 0.1140856 0.1781025 0.3804998 0.1482933 0.1055006 0.1928871 0.1260252 0.2053852 0.1873479 0.1998831 0.2142357 0.5560695 0.0768657 0.1808218 0.1771346 0.4108524 0.1778269 0.1265028 0.1634352 0.3020640 0.2209378 0.2262834 0.1872309 0.1877922 0.1030876 0.6644749 0.2513268 0.1295814 0.1386594 
Perityle_gentryi_8_san_francisco         0.1638962 0.1638916 0.1522919 0.2451884 0.4026567 0.3377356 0.2038522 0.3419452 0.2804381 0.1648726 0.2660366 0.0991430 0.3685128 0.3520028 0.3355272 0.0126450 0.4104040 0.1564174 0.1373185 0.1039266 0.1428947 0.1718968 0.4482187 0.0951078 0.3457266 0.1710989 0.0970025 0.3830107 0.3607190 0.3512115 0.3824837 0.1845193 0.1626122 0.1935318 0.0924428 0.0915921 0.1964415 0.1481467 0.2002087 0.0000000 0.0906273 0.0945265 0.4140056 0.1736885 0.2464128 0.3702400 0.1624188 0.1545594 0.1662367 0.2474281 0.1515746 0.1529523 0.0761060 0.3645017 0.3302140 0.2500914 0.1068843 0.1660852 0.3795203 0.1536564 0.1373231 0.1947799 0.1216471 0.0974250 0.1742839 0.1017235 0.1941160 0.5741674 0.0617434 0.1001385 0.0964719 0.3463561 0.1643564 0.1277324 0.1553607 0.3014295 0.1998752 0.1930018 0.1077615 0.0879037 0.1239687 0.6715067 0.2096351 0.1612240 0.1110558 
Perityle_gilensis_22_Superstition        0.1788998 0.1510900 0.1508965 0.2242892 0.3851234 0.3329551 0.1872348 0.3294233 0.2693890 0.1634587 0.2446650 0.0609347 0.3647046 0.3473768 0.3256467 0.0934960 0.4129630 0.1553313 0.1274607 0.0580649 0.1130153 0.1573885 0.4364788 0.0361839 0.3360810 0.1550057 0.0877766 0.3804238 0.3449523 0.3312209 0.3502789 0.1799074 0.1622262 0.1601593 0.0378315 0.0542915 0.1503123 0.1340734 0.1690159 0.0906273 0.0000000 0.0517261 0.3830132 0.1633711 0.2152564 0.3611371 0.1227906 0.1229697 0.1548390 0.2204101 0.1400777 0.1219321 0.0265788 0.3595355 0.3124007 0.2358064 0.0632703 0.1530676 0.3968340 0.1225746 0.1151159 0.1752948 0.0805897 0.0496722 0.1421774 0.0549196 0.1773784 0.5747953 0.0871072 0.0819231 0.0362014 0.3265060 0.1513583 0.1209866 0.1170641 0.2732125 0.1858797 0.1621858 0.0697299 0.0494183 0.1038114 0.6631397 0.1900720 0.1350180 0.0703711 
Perityle_gilensis_salensis_225           0.1588507 0.1392487 0.1384294 0.2339747 0.3754487 0.3180484 0.1771767 0.3230916 0.2298184 0.1426476 0.2605128 0.0623959 0.3584877 0.3394676 0.3229435 0.0946319 0.3995415 0.1398368 0.1107216 0.0496433 0.1001114 0.1329865 0.4781614 0.0368961 0.3245356 0.1306885 0.0894142 0.3612067 0.3409261 0.3171478 0.3484981 0.1630676 0.1482545 0.1694691 0.0506220 0.0619669 0.1388713 0.1205863 0.1673332 0.0945265 0.0517261 0.0000000 0.3779971 0.1314747 0.2061778 0.3567321 0.1139311 0.0990198 0.1291318 0.2129623 0.1164345 0.1050487 0.0555718 0.3413726 0.3038125 0.2234035 0.0667499 0.1275094 0.3916538 0.1253554 0.0873045 0.1661700 0.0902810 0.0646227 0.1369589 0.0559953 0.1500543 0.5632111 0.0522313 0.0393349 0.0381280 0.3139922 0.1259377 0.1034910 0.1082624 0.2647622 0.1598579 0.1557524 0.0427761 0.0519569 0.0995248 0.6613692 0.2042687 0.1313338 0.0775921 
Perityle_glaucescens_94                  0.3919423 0.3462059 0.3985056 0.3567508 0.3053435 0.1634547 0.3916082 0.3749646 0.3631777 0.3869271 0.4754284 0.3482623 0.1653569 0.1469581 0.1011457 0.4215678 0.1936765 0.2844326 0.3003205 0.4020573 0.3844534 0.4140549 0.4348271 0.3927274 0.1435685 0.4020364 0.3744327 0.1682093 0.1738911 0.2402170 0.4933803 0.3590916 0.3846233 0.3876307 0.3585197 0.3011311 0.4181234 0.3657998 0.4453458 0.4140056 0.3830132 0.3779971 0.0000000 0.4026795 0.4543653 0.1897732 0.4146898 0.4073660 0.3966148 0.4429809 0.3498458 0.4101548 0.3550525 0.1453378 0.1344420 0.0674316 0.2853863 0.3985266 0.4080073 0.3497457 0.2579944 0.4013095 0.2339726 0.4177966 0.3433660 0.3931872 0.3947034 0.6023138 0.2917821 0.3383707 0.3909078 0.2261565 0.4044923 0.3473851 0.4034964 0.0863508 0.4277340 0.3853081 0.3732122 0.3920771 0.2280176 0.6798434 0.4372091 0.3049952 0.2643321 
Perityle_gracilis_11                     0.1749165 0.1394954 0.1518310 0.2595096 0.4027673 0.3376208 0.2136894 0.3581429 0.2849105 0.1487293 0.2987879 0.1422858 0.3873840 0.3770087 0.3299786 0.1772881 0.4344999 0.1480555 0.1023107 0.1382234 0.0455619 0.0185317 0.4657970 0.1462276 0.3546738 0.0150612 0.1737102 0.4004921 0.3757037 0.3507769 0.3264595 0.1478666 0.1685538 0.1843591 0.1416431 0.1365031 0.1541606 0.0562048 0.1778404 0.1736885 0.1633711 0.1314747 0.4026795 0.0000000 0.2221800 0.3812488 0.0670562 0.0432387 0.0173989 0.2230141 0.0301840 0.0497651 0.1456029 0.3692669 0.3433615 0.2397535 0.1225768 0.0138592 0.3822818 0.1520026 0.0806308 0.1838869 0.1188525 0.1694425 0.1411144 0.1666044 0.1523315 0.5573790 0.0619178 0.1431381 0.1463045 0.3421381 0.0161827 0.0194537 0.0626716 0.2821148 0.1657171 0.1657179 0.1528348 0.1472754 0.0924008 0.6524330 0.2184341 0.1409541 0.1426480 
