86
Amauria_brandeegeana_62                    0.0000000 0.0550881 0.0624919 0.1391050 0.0683250 0.0676204 0.1127596 0.2264968 0.2088632 0.0821030 0.0917735 0.0637400 0.2463520 0.2412091 0.2008886 0.0709000 0.1576244 0.1007382 0.2712655 0.0686132 0.1900237 0.0775288 0.2075018 0.2492968 0.0724591 0.0747250 0.0736938 0.0758248 0.3115059 0.2472613 0.0673072 0.1028915 0.4416643 0.0666447 0.0783144 0.2530218 0.1181709 0.2379647 0.0951047 0.1625904 0.0748054 0.2509979 0.1197862 0.0709718 0.1144159 0.0939671 0.0837214 0.0709861 0.0721808 0.1168390 0.0740856 0.2256055 0.0672159 0.2497147 0.2416477 0.0970728 0.1675541 0.1788401 0.0721840 0.0722511 0.0914952 0.1359264 0.0796450 0.0713081 0.0731146 0.0919583 0.1996858 0.0916318 0.0808023 0.1072479 0.0769866 0.2478527 0.2332632 0.2287366 0.2432021 0.0736092 0.0697195 0.0887431 0.1070363 0.2423807 0.0656967 0.0700033 0.0721230 0.2597902 0.0647655 0.1713348 
Amauria_carterae_99_mesa                   0.0550881 0.0000000 0.0674331 0.1410000 0.0853573 0.0706045 0.1075271 0.2201187 0.2117868 0.0883528 0.0800186 0.0638792 0.1940558 0.1879587 0.1876921 0.0710735 0.1486617 0.1015546 0.2350769 0.0713748 0.1851952 0.0712367 0.1750493 0.2009068 0.0712358 0.0734118 0.0685719 0.0694938 0.2541405 0.1079818 0.0867035 0.1007591 0.3508017 0.0885671 0.0735103 0.2013615 0.1205269 0.1900349 0.0916942 0.0692837 0.0732505 0.2036323 0.1167689 0.0657812 0.1104444 0.0859276 0.0694781 0.0713636 0.0694671 0.1146574 0.0786324 0.1888758 0.0675230 0.2082033 0.1873680 0.0989548 0.1868242 0.1882196 0.0657863 0.0712788 0.1105246 0.1268619 0.0794460 0.0693687 0.0710470 0.0786716 0.1911670 0.0927572 0.0934922 0.1121895 0.0730088 0.1988523 0.2199876 0.1810624 0.1895404 0.0752889 0.0675274 0.0871808 0.1052873 0.1913061 0.0657796 0.0671572 0.0694671 0.2013615 0.0653153 0.1778025 
Amauria_rotundifolia_SRR9119150            0.0624919 0.0674331 0.0000000 0.1146787 0.0478329 0.0498081 0.1021702 0.2023978 0.1917941 0.0782038 0.0714069 0.0352905 0.2273743 0.2257560 0.1817279 0.0473809 0.1363300 0.1024558 0.2540179 0.0441321 0.1680149 0.0489914 0.1724592 0.2364090 0.0438823 0.0464996 0.0496881 0.0463669 0.2969016 0.2480793 0.0801905 0.0970818 0.4208400 0.0720108 0.0493987 0.2371292 0.1137206 0.2319995 0.0871364 0.1314789 0.0451327 0.2426417 0.1127635 0.0417845 0.1078918 0.0860599 0.0564792 0.0419219 0.0408249 0.1100466 0.0456289 0.2080019 0.0410852 0.2379651 0.2261178 0.0898175 0.1651738 0.1636844 0.0463474 0.0430637 0.0984764 0.1418606 0.0769818 0.0483165 0.0417679 0.1047075 0.1932454 0.0853090 0.0761201 0.0558612 0.0486757 0.2350211 0.2186009 0.2140781 0.2258619 0.0449634 0.0370007 0.0779853 0.0948860 0.2295026 0.0379137 0.0662168 0.0451924 0.2520592 0.0374944 0.1576372 
Conoclinium_coelestinum_SRR9119114         0.1391050 0.1410000 0.1146787 0.0000000 0.1219797 0.1476778 0.0502435 0.2787523 0.2502564 0.1343220 0.1170718 0.1202772 0.2434006 0.2397734 0.2402945 0.1301621 0.1897147 0.1654253 0.2804754 0.1275785 0.2288365 0.1304500 0.2561891 0.2498470 0.1290986 0.1193282 0.1271334 0.1272641 0.3004014 0.2927769 0.1447884 0.1667793 0.4977129 0.1372286 0.1195389 0.2609301 0.1631567 0.2373958 0.1536872 0.2055230 0.1233327 0.2534468 0.1523401 0.1356398 0.1568134 0.1491049 0.1300756 0.1276663 0.1260294 0.1552701 0.1288502 0.2489796 0.1229105 0.2578532 0.2420396 0.1543105 0.2070920 0.2059129 0.1200944 0.1246029 0.1859713 0.2085012 0.1579407 0.1545564 0.1228375 0.1444267 0.2128843 0.1498025 0.1478230 0.1421339 0.1230247 0.2482616 0.2769653 0.2412739 0.2489418 0.1275547 0.1290263 0.1430256 0.1547980 0.2466375 0.1219654 0.1409550 0.1259625 0.2470373 0.1303135 0.2198648 
Eutetras_palmeri_63                        0.0683250 0.0853573 0.0478329 0.1219797 0.0000000 0.0272394 0.1076088 0.1989140 0.1924077 0.0777825 0.0670521 0.0443356 0.2227755 0.2208368 0.1759120 0.0560882 0.1476091 0.1007593 0.2538592 0.0478361 0.1711163 0.0553526 0.1694748 0.2304982 0.0579778 0.0526208 0.0440113 0.0537525 0.2974323 0.2597819 0.0745943 0.0745581 0.4257053 0.0824188 0.0558357 0.2389161 0.0987683 0.2282477 0.0909607 0.1436888 0.0554155 0.2352668 0.0964887 0.0554368 0.0927763 0.0871329 0.0622757 0.0502248 0.0478254 0.0936663 0.0536680 0.2019678 0.0500807 0.2455042 0.2150361 0.0785783 0.1606961 0.1660066 0.0501416 0.0490452 0.0710503 0.1414918 0.0813234 0.0530723 0.0500786 0.1039792 0.1984703 0.0513137 0.0514714 0.0788193 0.0552243 0.2290595 0.2306867 0.2119727 0.2273501 0.0539059 0.0369825 0.0442366 0.0803095 0.2249723 0.0472515 0.0715255 0.0512969 0.2526274 0.0410395 0.1606986 
Eutetras_pringlei_149_quer                 0.0676204 0.0706045 0.0498081 0.1476778 0.0272394 0.0000000 0.1222025 0.1971983 0.1853613 0.0552254 0.0724280 0.0352546 0.1179028 0.1208244 0.1143666 0.0408667 0.0999143 0.0993798 0.1782932 0.0409047 0.1212082 0.0379408 0.1135018 0.1333493 0.0407988 0.0465011 0.0355447 0.0493568 0.1967548 0.0586572 0.0951944 0.0931972 0.2421373 0.0858814 0.0464430 0.1289369 0.0845510 0.1341105 0.0907478 0.0379934 0.0464725 0.1339058 0.0907657 0.0324538 0.0875644 0.0875900 0.0437344 0.0296830 0.0352056 0.0816617 0.0324538 0.1143869 0.0380551 0.1423444 0.1080827 0.0971273 0.1201320 0.1395117 0.0380274 0.0379750 0.0875381 0.1272314 0.1026899 0.0380467 0.0380449 0.0843981 0.1393682 0.0730252 0.0853890 0.0584978 0.0492809 0.1302829 0.1540894 0.1117306 0.1276031 0.0522979 0.0380274 0.0723214 0.0902760 0.1176881 0.0352797 0.0845783 0.0352056 0.1289369 0.0352321 0.1684708 
Eutrochium_fistulosum_SRR9119106           0.1127596 0.1075271 0.1021702 0.0502435 0.1076088 0.1222025 0.0000000 0.2483719 0.2326478 0.1262454 0.1157941 0.1087725 0.2236394 0.2224882 0.2215135 0.1223186 0.1643953 0.1565270 0.2744891 0.1169990 0.1962225 0.1213690 0.2348516 0.2285683 0.1163381 0.1092814 0.1116551 0.1210550 0.2938868 0.2377125 0.1129585 0.1516376 0.4742739 0.1099974 0.1151769 0.2655618 0.1596816 0.2135841 0.1354993 0.1699301 0.1129615 0.2320138 0.1509448 0.1061549 0.1550326 0.1328173 0.1143641 0.1185188 0.1171686 0.1521673 0.1008247 0.2305658 0.1127612 0.2534758 0.2254854 0.1484231 0.1740348 0.1847232 0.1103590 0.1198880 0.1538947 0.1829820 0.1224616 0.1250537 0.1126031 0.1340747 0.1831084 0.1374308 0.1320742 0.1422094 0.0980338 0.2270348 0.2575733 0.2198302 0.2271176 0.1137510 0.1034073 0.1330644 0.1486147 0.2248616 0.1100768 0.1105199 0.1170989 0.2469022 0.1017995 0.1931502 
Galeana_pratensis_104_mex                  0.2264968 0.2201187 0.2023978 0.2787523 0.1989140 0.1971983 0.2483719 0.0000000 0.3064047 0.2075436 0.2240467 0.1876017 0.2591753 0.2447572 0.2478897 0.1812510 0.2480325 0.2146670 0.2787655 0.1912370 0.2553479 0.1902573 0.3137715 0.2580636 0.1938122 0.1877326 0.1861426 0.2135074 0.2902089 0.2100787 0.2033533 0.2199854 0.4368641 0.1983177 0.1942571 0.2688653 0.2413054 0.2550233 0.2222693 0.1782208 0.1969747 0.2623547 0.2457752 0.1847984 0.2345762 0.2185316 0.1945445 0.1876017 0.1873200 0.2351315 0.1842531 0.2478491 0.1845589 0.2779189 0.2554058 0.2166117 0.2352071 0.2848955 0.1907208 0.1904553 0.2077042 0.2785996 0.2120942 0.1971336 0.1814351 0.1916267 0.2647063 0.2388741 0.2302169 0.3177919 0.1974584 0.2548946 0.2878823 0.2454380 0.2439556 0.1947792 0.1970169 0.2236412 0.2140316 0.2623854 0.1845537 0.2007231 0.1873200 0.2679790 0.1906538 0.2855850 
Helianthus_annuus_SRR9119062               0.2088632 0.2117868 0.1917941 0.2502564 0.1924077 0.1853613 0.2326478 0.3064047 0.0000000 0.2163020 0.2261775 0.1875187 0.2431835 0.2476221 0.2251656 0.1925670 0.1886523 0.2128694 0.2690469 0.1899231 0.2213369 0.1987174 0.2843914 0.2552477 0.1866398 0.1920287 0.1932433 0.1896441 0.3083572 0.3169019 0.2016987 0.2023668 0.4591268 0.2108711 0.1920716 0.2587383 0.2293510 0.2533655 0.2026748 0.2113653 0.1822842 0.2531921 0.2246174 0.1915128 0.2218817 0.2047220 0.1917110 0.1947390 0.1966590 0.2238884 0.1976667 0.2476660 0.1960456 0.2698777 0.2453942 0.1967116 0.1953075 0.2206114 0.1880294 0.1983642 0.1868742 0.2231859 0.1743852 0.1987891 0.1921456 0.2044261 0.2013750 0.2082275 0.2019419 0.1422387 0.1928430 0.2535226 0.2560233 0.2461811 0.2423435 0.1889014 0.1871804 0.2090888 0.1962105 0.2491411 0.1925268 0.1808111 0.1915455 0.2562276 0.1860539 0.2203579 
Lycapsus_tenuifolius_17                    0.0821030 0.0883528 0.0782038 0.1343220 0.0777825 0.0552254 0.1262454 0.2075436 0.2163020 0.0000000 0.0882374 0.0782320 0.2269345 0.2252884 0.2095336 0.0856488 0.1334737 0.1233067 0.2523525 0.0798562 0.1873404 0.0845447 0.1925486 0.2317981 0.0848238 0.0835695 0.0800803 0.0857865 0.2878355 0.1999223 0.0650458 0.1111255 0.4387762 0.0637651 0.0849575 0.2604280 0.1161816 0.2239191 0.1071285 0.1262343 0.0747473 0.2337440 0.1220774 0.0681719 0.1161020 0.1033590 0.0858106 0.0770757 0.0795722 0.1217209 0.0755765 0.2315671 0.0786670 0.2562218 0.2253476 0.1261194 0.1806946 0.1851365 0.0832665 0.0832400 0.1291749 0.1590254 0.0968848 0.0602628 0.0793526 0.1300341 0.1756957 0.1112060 0.1009873 0.0775744 0.0751174 0.2303256 0.2338838 0.2189409 0.2237642 0.0821465 0.0495404 0.1083143 0.1297089 0.2234537 0.0816392 0.0857546 0.0819418 0.2438974 0.0552721 0.1702192 
Pericome_caudata_50_silver                 0.0917735 0.0800186 0.0714069 0.1170718 0.0670521 0.0724280 0.1157941 0.2240467 0.2261775 0.0882374 0.0000000 0.0737860 0.2479525 0.2471539 0.2107666 0.0851332 0.1692078 0.1260136 0.2812014 0.0821845 0.1925271 0.0859017 0.2018491 0.2520034 0.0900126 0.0786645 0.0824406 0.0830019 0.3170256 0.2683304 0.0816669 0.1085760 0.4414027 0.0801740 0.0856170 0.2563538 0.1366398 0.2411943 0.1157345 0.1690975 0.0786075 0.2567356 0.1359301 0.0798577 0.1296486 0.1110045 0.1012645 0.0795928 0.0761429 0.1344328 0.0819270 0.2311783 0.0763849 0.2576297 0.2409688 0.1074019 0.1755552 0.1845118 0.0806489 0.0784586 0.1178283 0.1458339 0.0871902 0.0763034 0.0781966 0.0977950 0.2127653 0.0999446 0.0979400 0.0902298 0.0816482 0.2506317 0.2413633 0.2353992 0.2523487 0.0874226 0.0731652 0.0933986 0.1180328 0.2486460 0.0778666 0.0674334 0.0805649 0.2678911 0.0648385 0.1810862 
Perityle_aglossa_84_dead_horse             0.0637400 0.0638792 0.0352905 0.1202772 0.0443356 0.0352546 0.1087725 0.1876017 0.1875187 0.0782320 0.0737860 0.0000000 0.2236689 0.2233513 0.1796261 0.0311119 0.1166966 0.1062534 0.2599939 0.0306489 0.1662175 0.0303621 0.1574940 0.2308862 0.0266770 0.0217722 0.0372381 0.0354323 0.2931562 0.2404386 0.0813386 0.0965110 0.4171144 0.0693777 0.0252697 0.2388099 0.1153767 0.2303497 0.0845505 0.1095584 0.0348665 0.2369135 0.1144472 0.0219178 0.1097073 0.0858072 0.0471476 0.0216944 0.0237895 0.1130352 0.0229959 0.2061920 0.0159252 0.2411826 0.2223487 0.0995612 0.1645859 0.1699793 0.0279958 0.0227613 0.0979001 0.1372546 0.0698396 0.0322821 0.0133132 0.1069224 0.1963390 0.0842506 0.0741951 0.0506254 0.0308497 0.2295404 0.2239253 0.2106440 0.2222020 0.0158980 0.0181376 0.0753642 0.0982349 0.2257253 0.0083598 0.0691458 0.0269145 0.2515487 0.0184129 0.1608237 
Perityle_ajoensis_204                      0.2463520 0.1940558 0.2273743 0.2434006 0.2227755 0.1179028 0.2236394 0.2591753 0.2431835 0.2269345 0.2479525 0.2236689 0.0000000 0.0200070 0.0213138 0.2365499 0.1631173 0.2670156 0.1181460 0.2350044 0.0224839 0.2365181 0.1323212 0.0143740 0.2136034 0.2330533 0.2208381 0.2414337 0.1303193 0.3534340 0.1757138 0.2327136 0.2667696 0.1954584 0.2251257 0.0649231 0.2704847 0.0343768 0.2343316 0.3130213 0.2194568 0.0154697 0.2761359 0.2035050 0.2683415 0.2329412 0.2385895 0.2338724 0.2370966 0.2752618 0.2094466 0.0273434 0.2310772 0.0715059 0.0283170 0.2408547 0.0414566 0.0650256 0.2313263 0.2358622 0.2472872 0.1581922 0.1721895 0.1572617 0.2305434 0.2407805 0.0436258 0.2326868 0.2359651 0.0976089 0.2323081 0.0132644 0.0895434 0.0208134 0.0188679 0.2130177 0.1465707 0.2292585 0.2587515 0.0110664 0.2223984 0.1756877 0.2370619 0.0607478 0.1568382 0.1029438 
Perityle_ambrosiifolia_67_green            0.2412091 0.1879587 0.2257560 0.2397734 0.2208368 0.1208244 0.2224882 0.2447572 0.2476221 0.2252884 0.2471539 0.2233513 0.0200070 0.0000000 0.0185973 0.2346068 0.1593879 0.2628591 0.1253290 0.2330416 0.0104853 0.2359165 0.1319499 0.0197549 0.2103631 0.2311550 0.2190913 0.2394153 0.1337087 0.3559385 0.1668086 0.2320941 0.2639769 0.1861960 0.2233163 0.0603277 0.2697924 0.0340264 0.2325261 0.3099372 0.2176982 0.0242230 0.2753687 0.1964858 0.2676746 0.2325556 0.2353011 0.2319661 0.2351408 0.2745081 0.2048677 0.0222614 0.2277599 0.0622837 0.0271736 0.2341187 0.0406873 0.0547014 0.2294546 0.2339230 0.2381274 0.1543784 0.1605518 0.1490114 0.2273292 0.2340731 0.0406502 0.2291163 0.2339243 0.0825891 0.2271700 0.0186520 0.0896966 0.0196259 0.0188671 0.2098188 0.1382169 0.2212899 0.2499862 0.0223245 0.2220899 0.1680019 0.2351071 0.0568995 0.1483045 0.1033950 
Perityle_angustifolia_13_Eagle_creek       0.2008886 0.1876921 0.1817279 0.2402945 0.1759120 0.1143666 0.2215135 0.2478897 0.2251656 0.2095336 0.2107666 0.1796261 0.0213138 0.0185973 0.0000000 0.1958957 0.1087210 0.2294316 0.0981302 0.1901912 0.0185648 0.1954911 0.1342773 0.0212626 0.1817810 0.1820725 0.1814531 0.1980202 0.1042749 0.2854722 0.1762070 0.1924592 0.2537049 0.1680542 0.1804113 0.0683322 0.2184334 0.0396113 0.1984491 0.2052587 0.1889747 0.0239813 0.2257521 0.1719710 0.2182044 0.1986393 0.1863192 0.1899346 0.1935361 0.2236235 0.1902051 0.0253594 0.1852412 0.0693958 0.0212823 0.2216163 0.0508548 0.0567567 0.1848546 0.1918520 0.2093775 0.1553376 0.1622772 0.1478970 0.1861046 0.2192620 0.0537691 0.1854124 0.1906777 0.0925996 0.1830207 0.0199267 0.0852263 0.0214478 0.0199408 0.1872376 0.1338859 0.1827219 0.2090449 0.0213004 0.1830101 0.1696678 0.1882776 0.0658854 0.1512542 0.1055980 
Perityle_batopilensis_97                   0.0709000 0.0710735 0.0473809 0.1301621 0.0560882 0.0408667 0.1223186 0.1812510 0.1925670 0.0856488 0.0851332 0.0311119 0.2365499 0.2346068 0.1958957 0.0000000 0.1214319 0.1072698 0.2626740 0.0306262 0.1787935 0.0324510 0.1693414 0.2437157 0.0316171 0.0344199 0.0426813 0.0396854 0.3001895 0.2489854 0.0775249 0.0987062 0.4275126 0.0746820 0.0359791 0.2481730 0.1139790 0.2378294 0.0832863 0.0929834 0.0325537 0.2498349 0.1131532 0.0274834 0.1084118 0.0845381 0.0471123 0.0279692 0.0300777 0.1117360 0.0353820 0.2219581 0.0332499 0.2415380 0.2338711 0.0994908 0.1706154 0.1747093 0.0311282 0.0290485 0.1050363 0.1339120 0.0717973 0.0400608 0.0352663 0.1133253 0.1993467 0.0923626 0.0822428 0.0335267 0.0319950 0.2423577 0.2311129 0.2238438 0.2350616 0.0333325 0.0325133 0.0847388 0.0970162 0.2386626 0.0350451 0.0708178 0.0300411 0.2593257 0.0372332 0.1652843 
Perityle_bisetosa_9                        0.1576244 0.1486617 0.1363300 0.1897147 0.1476091 0.0999143 0.1643953 0.2480325 0.1886523 0.1334737 0.1692078 0.1166966 0.1631173 0.1593879 0.1087210 0.1214319 0.0000000 0.1937929 0.2115048 0.1166260 0.0783179 0.1171076 0.1951372 0.1637236 0.0780001 0.1146863 0.1278923 0.1228886 0.2431047 0.3212867 0.1508655 0.1819345 0.3892878 0.1710083 0.1261824 0.1686221 0.1944158 0.1579379 0.1686700 0.1733924 0.1216266 0.1692508 0.2020631 0.0830321 0.1917905 0.1673844 0.1122180 0.1144359 0.1144580 0.1987668 0.1023388 0.1348453 0.1233657 0.1521851 0.1616764 0.1576454 0.0950592 0.1046223 0.1143706 0.1122308 0.1365195 0.1600531 0.1553887 0.1149348 0.1152247 0.1788282 0.1195880 0.1735087 0.1689470 0.0207256 0.1202681 0.1624493 0.1638017 0.1451468 0.1629743 0.0859625 0.0959953 0.1747402 0.1728882 0.1648921 0.1146062 0.1504467 0.1131712 0.1820982 0.1008876 0.1367753 
Perityle_californica_76_positas            0.1007382 0.1015546 0.1024558 0.1654253 0.1007593 0.0993798 0.1565270 0.2146670 0.2128694 0.1233067 0.1260136 0.1062534 0.2670156 0.2628591 0.2294316 0.1072698 0.1937929 0.0000000 0.2768650 0.1062786 0.2094062 0.1132385 0.2449787 0.2711894 0.1165882 0.1137418 0.1073264 0.1184127 0.3197163 0.2775943 0.0798305 0.0950637 0.4624473 0.0930341 0.1128591 0.2808308 0.1330416 0.2646497 0.1074293 0.1940839 0.1130527 0.2762635 0.1386774 0.0997057 0.1296918 0.1063550 0.1146630 0.1037772 0.1062225 0.1386025 0.1051846 0.2470685 0.1089754 0.2761975 0.2662055 0.1277534 0.1889277 0.2040245 0.1098439 0.1086984 0.1328774 0.1435784 0.1200208 0.1084058 0.1131553 0.1290673 0.2204993 0.1322947 0.1165581 0.1146451 0.1019986 0.2697571 0.2568872 0.2530853 0.2639542 0.1153275 0.1118305 0.1198762 0.1171138 0.2678678 0.1087597 0.0895436 0.1085092 0.2857886 0.1023901 0.1924065 
Perityle_canescens_77                      0.2712655 0.2350769 0.2540179 0.2804754 0.2538592 0.1782932 0.2744891 0.2787655 0.2690469 0.2523525 0.2812014 0.2599939 0.1181460 0.1253290 0.0981302 0.2626740 0.2115048 0.2768650 0.0000000 0.2537997 0.1004029 0.2730734 0.1965173 0.1253140 0.2541147 0.2640224 0.2532675 0.2739147 0.1045863 0.4005935 0.1973717 0.2602093 0.2813848 0.2130607 0.2571947 0.1056785 0.2885716 0.1272531 0.2437646 0.3383344 0.2444395 0.1294436 0.2828988 0.2423030 0.2800528 0.2442919 0.2555031 0.2616905 0.2696613 0.2919422 0.2491902 0.1105234 0.2629250 0.1171442 0.1228354 0.2649572 0.1080951 0.1023997 0.2652089 0.2668614 0.2636716 0.1946757 0.2136468 0.2040540 0.2685338 0.2846762 0.1191597 0.2616641 0.2666904 0.1307713 0.2610445 0.1240453 0.1089855 0.1154524 0.1168930 0.2495986 0.1901934 0.2605646 0.2783711 0.1235845 0.2564026 0.2014545 0.2712325 0.1193661 0.1970053 0.1264376 
Perityle_castillonii_96                    0.0686132 0.0713748 0.0441321 0.1275785 0.0478361 0.0409047 0.1169990 0.1912370 0.1899231 0.0798562 0.0821845 0.0306489 0.2350044 0.2330416 0.1901912 0.0306262 0.1166260 0.1062786 0.2537997 0.0000000 0.1746376 0.0331037 0.1668158 0.2423345 0.0282445 0.0285983 0.0346413 0.0382991 0.3010285 0.2465595 0.0815691 0.0986433 0.4283231 0.0722367 0.0355808 0.2425949 0.1039744 0.2386466 0.0767378 0.1155227 0.0299317 0.2485785 0.1031085 0.0219278 0.0983284 0.0756733 0.0257861 0.0285256 0.0296005 0.1005194 0.0353802 0.2161460 0.0311022 0.2478698 0.2306911 0.0952335 0.1695823 0.1804312 0.0285175 0.0296273 0.0978782 0.1434939 0.0807359 0.0381987 0.0348827 0.1095564 0.2059953 0.0871397 0.0744718 0.0292810 0.0215904 0.2409480 0.2333415 0.2201958 0.2334857 0.0283187 0.0326187 0.0789585 0.0901061 0.2371573 0.0299132 0.0747110 0.0274153 0.2550856 0.0294310 0.1660916 
Perityle_cernua_84                         0.1900237 0.1851952 0.1680149 0.2288365 0.1711163 0.1212082 0.1962225 0.2553479 0.2213369 0.1873404 0.1925271 0.1662175 0.0224839 0.0104853 0.0185648 0.1787935 0.0783179 0.2094062 0.1004029 0.1746376 0.0000000 0.1765842 0.1322801 0.0224025 0.1640797 0.1668606 0.1680621 0.1777351 0.1111295 0.3297552 0.1737930 0.1882166 0.2792584 0.1663781 0.1600871 0.0520235 0.2035403 0.0347432 0.1823052 0.2385385 0.1712289 0.0264592 0.2104905 0.1703828 0.2033358 0.1789012 0.1710556 0.1728683 0.1730779 0.2067433 0.1734257 0.0221542 0.1707591 0.0644625 0.0211073 0.1931715 0.0396449 0.0588165 0.1725974 0.1747068 0.1930860 0.1585762 0.1591746 0.1477004 0.1675417 0.1897595 0.0441570 0.1714267 0.1816856 0.0879384 0.1758136 0.0210774 0.0881591 0.0212208 0.0224664 0.1741662 0.1315463 0.1676028 0.1887267 0.0265158 0.1641009 0.1649482 0.1745659 0.0476845 0.1472358 0.0982864 
Perityle_cfvillosa_25_tin                  0.0775288 0.0712367 0.0489914 0.1304500 0.0553526 0.0379408 0.1213690 0.1902573 0.1987174 0.0845447 0.0859017 0.0303621 0.2365181 0.2359165 0.1954911 0.0324510 0.1171076 0.1132385 0.2730734 0.0331037 0.1765842 0.0000000 0.1662707 0.2451583 0.0242549 0.0336762 0.0463583 0.0400359 0.3103768 0.2432242 0.0816471 0.1036082 0.4225740 0.0769110 0.0352386 0.2510856 0.1150921 0.2389593 0.0875933 0.1080678 0.0307408 0.2513536 0.1179786 0.0108899 0.1126616 0.0864394 0.0498114 0.0166043 0.0082468 0.1152068 0.0341711 0.2244364 0.0313795 0.2483680 0.2376900 0.0956753 0.1718740 0.1801204 0.0228916 0.0092905 0.1011512 0.1367991 0.0762847 0.0420746 0.0313661 0.1109565 0.1974466 0.0943767 0.0830108 0.0291775 0.0299859 0.2437844 0.2266278 0.2260694 0.2350134 0.0321375 0.0221842 0.0867094 0.0930528 0.2386542 0.0310492 0.0675472 0.0134372 0.2595541 0.0309585 0.1694676 
Perityle_cinerea_113_Powell1310            0.2075018 0.1750493 0.1724592 0.2561891 0.1694748 0.1135018 0.2348516 0.3137715 0.2843914 0.1925486 0.2018491 0.1574940 0.1323212 0.1319499 0.1342773 0.1693414 0.1951372 0.2449787 0.1965173 0.1668158 0.1322801 0.1662707 0.0000000 0.1475952 0.1594892 0.1560335 0.1576202 0.1690259 0.2193684 0.1675797 0.1905525 0.2060608 0.2061312 0.1852647 0.1485201 0.1858364 0.2237514 0.1646466 0.2035290 0.1667516 0.1526524 0.1526581 0.2295078 0.1618321 0.2212351 0.1984997 0.1617947 0.1642692 0.1617345 0.2214251 0.1615780 0.1320850 0.1639249 0.2027328 0.1368596 0.2187958 0.1660729 0.1946566 0.1572111 0.1640249 0.2280857 0.1669630 0.1722123 0.1104257 0.1638410 0.2157184 0.1854111 0.1915778 0.1950752 0.0616771 0.1666862 0.1454344 0.1821171 0.1358310 0.1392997 0.1564178 0.1045637 0.1737278 0.2006346 0.1416025 0.1596898 0.1641696 0.1616847 0.1858364 0.1197368 0.1975670 
Perityle_coahuilensis_24                   0.2492968 0.2009068 0.2364090 0.2498470 0.2304982 0.1333493 0.2285683 0.2580636 0.2552477 0.2317981 0.2520034 0.2308862 0.0143740 0.0197549 0.0212626 0.2437157 0.1637236 0.2711894 0.1253140 0.2423345 0.0224025 0.2451583 0.1475952 0.0000000 0.2206114 0.2387815 0.2281922 0.2485952 0.1324055 0.3672368 0.1770576 0.2371948 0.2658022 0.1942622 0.2280306 0.0647773 0.2814555 0.0351593 0.2432671 0.3200608 0.2266708 0.0120068 0.2871492 0.2112446 0.2793687 0.2418823 0.2445286 0.2410561 0.2442776 0.2862423 0.2162632 0.0272820 0.2385168 0.0682521 0.0294246 0.2439110 0.0480065 0.0667899 0.2385284 0.2430534 0.2538217 0.1731374 0.1778485 0.1677788 0.2377258 0.2420828 0.0434592 0.2400859 0.2419630 0.1022211 0.2369180 0.0010831 0.0942911 0.0184206 0.0188196 0.2217767 0.1577512 0.2368289 0.2596953 0.0166555 0.2297955 0.1823444 0.2442413 0.0606015 0.1653459 0.1048594 
Perityle_cochisensis_44_cave_creek         0.0724591 0.0712358 0.0438823 0.1290986 0.0579778 0.0407988 0.1163381 0.1938122 0.1866398 0.0848238 0.0900126 0.0266770 0.2136034 0.2103631 0.1817810 0.0316171 0.0780001 0.1165882 0.2541147 0.0282445 0.1640797 0.0242549 0.1594892 0.2206114 0.0000000 0.0181719 0.0425948 0.0267144 0.2777728 0.1455062 0.0748803 0.0993485 0.4187908 0.0792444 0.0284911 0.2493931 0.0996987 0.2193763 0.0743313 0.0291703 0.0165515 0.2276464 0.1045735 0.0136228 0.0969172 0.0730335 0.0267259 0.0193347 0.0217825 0.0998932 0.0314357 0.2133519 0.0249269 0.2413148 0.2134972 0.0997347 0.1690588 0.1749127 0.0096018 0.0205576 0.1030369 0.1341738 0.0741016 0.0400970 0.0266339 0.1148687 0.1646737 0.0864495 0.0771834 0.0334547 0.0173900 0.2190340 0.2211977 0.2067405 0.2084594 0.0238909 0.0140717 0.0792989 0.0840916 0.2166447 0.0267387 0.0653657 0.0108073 0.2442698 0.0309378 0.1515180 
Perityle_congesta_202                      0.0747250 0.0734118 0.0464996 0.1193282 0.0526208 0.0465011 0.1092814 0.1877326 0.1920287 0.0835695 0.0786645 0.0217722 0.2330533 0.2311550 0.1820725 0.0344199 0.1146863 0.1137418 0.2640224 0.0285983 0.1668606 0.0336762 0.1560335 0.2387815 0.0181719 0.0000000 0.0393836 0.0366386 0.2971147 0.2509992 0.0888921 0.1041348 0.4198007 0.0711215 0.0230882 0.2436545 0.1058549 0.2326530 0.0835608 0.1160702 0.0283486 0.2448824 0.1050060 0.0290579 0.0990394 0.0848171 0.0428723 0.0312762 0.0334023 0.1011420 0.0305844 0.2164791 0.0181569 0.2423856 0.2303319 0.1022790 0.1637642 0.1667154 0.0206992 0.0323673 0.1052442 0.1374234 0.0784745 0.0385720 0.0227812 0.1087755 0.1997013 0.0867457 0.0789475 0.0332881 0.0193566 0.2374243 0.2287931 0.2202051 0.2315663 0.0171011 0.0161254 0.0790354 0.0971148 0.2351571 0.0233296 0.0762829 0.0217383 0.2570830 0.0246934 0.1612951 
Perityle_cordifolia_27                     0.0736938 0.0685719 0.0496881 0.1271334 0.0440113 0.0355447 0.1116551 0.1861426 0.1932433 0.0800803 0.0824406 0.0372381 0.2208381 0.2190913 0.1814531 0.0426813 0.1278923 0.1073264 0.2532675 0.0346413 0.1680621 0.0463583 0.1576202 0.2281922 0.0425948 0.0393836 0.0000000 0.0493608 0.2902700 0.2389921 0.0762357 0.0983075 0.4025926 0.0689986 0.0420884 0.2317484 0.1116149 0.2247267 0.0849279 0.1228871 0.0455329 0.2343046 0.1094662 0.0339753 0.1046436 0.0825871 0.0527340 0.0438270 0.0437833 0.1055795 0.0310765 0.2058178 0.0351593 0.2337288 0.2192822 0.0964398 0.1605838 0.1681786 0.0372204 0.0427271 0.0951441 0.1322182 0.0703007 0.0210530 0.0404260 0.1067444 0.1999948 0.0869781 0.0779918 0.0337837 0.0363237 0.2268256 0.2243629 0.2088725 0.2193503 0.0339792 0.0203218 0.0768657 0.1002660 0.2229181 0.0392002 0.0659875 0.0393491 0.2475910 0.0154051 0.1575972 
Perityle_cordifolia_68_tecolote            0.0758248 0.0694938 0.0463669 0.1272641 0.0537525 0.0493568 0.1210550 0.2135074 0.1896441 0.0857865 0.0830019 0.0354323 0.2414337 0.2394153 0.1980202 0.0396854 0.1228886 0.1184127 0.2739147 0.0382991 0.1777351 0.0400359 0.1690259 0.2485952 0.0267144 0.0366386 0.0493608 0.0000000 0.3121165 0.2493506 0.0871758 0.1114767 0.4343204 0.0789942 0.0393029 0.2560375 0.1116742 0.2429844 0.0868705 0.1120267 0.0327391 0.2547631 0.1132652 0.0289002 0.1073448 0.0846034 0.0527493 0.0333372 0.0333048 0.1118463 0.0428735 0.2268861 0.0410220 0.2492939 0.2358192 0.0982143 0.1733198 0.1775299 0.0311737 0.0322727 0.1051055 0.1435762 0.0829008 0.0401336 0.0406799 0.1173438 0.2040179 0.0913510 0.0788981 0.0420576 0.0320298 0.2472296 0.2291879 0.2287925 0.2399339 0.0333574 0.0243043 0.0812599 0.0994542 0.2435725 0.0373088 0.0727755 0.0343368 0.2663748 0.0325215 0.1641693 
Perityle_coronopifolia_28_patagonia        0.3115059 0.2541405 0.2969016 0.3004014 0.2974323 0.1967548 0.2938868 0.2902089 0.3083572 0.2878355 0.3170256 0.2931562 0.1303193 0.1337087 0.1042749 0.3001895 0.2431047 0.3197163 0.1045863 0.3010285 0.1111295 0.3103768 0.2193684 0.1324055 0.2777728 0.2971147 0.2902700 0.3121165 0.0000000 0.4503371 0.2241114 0.2931752 0.2741470 0.2485977 0.2944652 0.1058873 0.3256894 0.1345599 0.2909716 0.3750412 0.2867375 0.1364088 0.3302739 0.2713989 0.3185103 0.2896967 0.3016086 0.3071206 0.3075143 0.3325798 0.2659096 0.1163359 0.2994328 0.1073142 0.1349087 0.2986848 0.1053180 0.0983115 0.3028965 0.3062775 0.3041313 0.1981555 0.2266148 0.2267396 0.3002384 0.3108407 0.1239721 0.3006533 0.3030249 0.1540884 0.3002825 0.1311713 0.1162377 0.1218283 0.1301946 0.2756010 0.2062398 0.3012162 0.2989242 0.1346593 0.2908528 0.2327737 0.3103636 0.1286074 0.2182960 0.1400387 
Perityle_crassifolia_70_ventanas           0.2472613 0.1079818 0.2480793 0.2927769 0.2597819 0.0586572 0.2377125 0.2100787 0.3169019 0.1999223 0.2683304 0.2404386 0.3534340 0.3559385 0.2854722 0.2489854 0.3212867 0.2775943 0.4005935 0.2465595 0.3297552 0.2432242 0.1675797 0.3672368 0.1455062 0.2509992 0.2389921 0.2493506 0.4503371 0.0000000 0.1447132 0.2992106 0.4127566 0.2140077 0.2538188 0.2657952 0.3083361 0.3614814 0.2761144 0.2689996 0.2481202 0.3740246 0.3049622 0.1256020 0.2986432 0.2719205 0.2446359 0.2342905 0.2407509 0.3007236 0.1991417 0.3040878 0.2470721 0.3180557 0.3535245 0.2412687 0.2585742 0.1901994 0.2440996 0.2427240 0.1204744 0.1362263 0.0909128 0.0711554 0.2436904 0.2365319 0.3743414 0.2863499 0.2792596 0.0930086 0.2457049 0.3654746 0.3136811 0.3451205 0.3617723 0.1731946 0.0608725 0.2730025 0.3017966 0.3619160 0.2336427 0.1715456 0.2408676 0.3777259 0.1402409 0.3431876 
Perityle_crassifolia_74_playa_balandra     0.0673072 0.0867035 0.0801905 0.1447884 0.0745943 0.0951944 0.1129585 0.2033533 0.2016987 0.0650458 0.0816669 0.0813386 0.1757138 0.1668086 0.1762070 0.0775249 0.1508655 0.0798305 0.1973717 0.0815691 0.1737930 0.0816471 0.1905525 0.1770576 0.0748803 0.0888921 0.0762357 0.0871758 0.2241114 0.1447132 0.0000000 0.0874865 0.3981241 0.0433926 0.0869491 0.1755487 0.1062888 0.1629233 0.0915226 0.0776770 0.0815658 0.1796235 0.1025124 0.0712060 0.1023298 0.0877594 0.0815225 0.0703960 0.0778827 0.0985291 0.0758858 0.1798409 0.0831869 0.1847463 0.1714840 0.0783700 0.1641399 0.1719349 0.0777768 0.0797383 0.0693497 0.1461170 0.0982198 0.0905777 0.0832199 0.0650419 0.1789060 0.0857590 0.0859407 0.1102449 0.0869852 0.1750658 0.1904247 0.1697603 0.1780259 0.0908277 0.0938586 0.0833188 0.0832302 0.1733282 0.0794767 0.0761045 0.0778827 0.1717842 0.0792098 0.1607394 
Perityle_cuneata_34_cuneata_San_antonio    0.1028915 0.1007591 0.0970818 0.1667793 0.0745581 0.0931972 0.1516376 0.2199854 0.2023668 0.1111255 0.1085760 0.0965110 0.2327136 0.2320941 0.1924592 0.0987062 0.1819345 0.0950637 0.2602093 0.0986433 0.1882166 0.1036082 0.2060608 0.2371948 0.0993485 0.1041348 0.0983075 0.1114767 0.2931752 0.2992106 0.0874865 0.0000000 0.4097374 0.1081438 0.1020335 0.2377880 0.1141226 0.2397471 0.1161382 0.1874650 0.1064866 0.2435579 0.1183309 0.0921891 0.1082720 0.1149720 0.1124661 0.0941943 0.0966829 0.1194641 0.0894719 0.2148056 0.0988097 0.2459425 0.2314332 0.0960741 0.1762293 0.1806454 0.1027030 0.0991801 0.0829389 0.1281436 0.1084802 0.1037755 0.1024450 0.1325947 0.2085115 0.0870793 0.0827679 0.0966496 0.1051932 0.2357785 0.2416971 0.2192968 0.2327427 0.0993259 0.0827362 0.0820117 0.0898989 0.2366728 0.1014728 0.0878228 0.1014743 0.2502245 0.0916169 0.1832643 
Perityle_cuneata_4                         0.4416643 0.3508017 0.4208400 0.4977129 0.4257053 0.2421373 0.4742739 0.4368641 0.4591268 0.4387762 0.4414027 0.4171144 0.2667696 0.2639769 0.2537049 0.4275126 0.3892878 0.4624473 0.2813848 0.4283231 0.2792584 0.4225740 0.2061312 0.2658022 0.4187908 0.4198007 0.4025926 0.4343204 0.2741470 0.4127566 0.3981241 0.4097374 0.0000000 0.3992961 0.4183014 0.2686598 0.4410544 0.2690279 0.4099331 0.4350680 0.3987091 0.2716842 0.4518753 0.4122955 0.4359243 0.4034379 0.4243596 0.4244769 0.4219947 0.4451571 0.4299388 0.2615085 0.4285835 0.2965228 0.2664668 0.4451902 0.2972810 0.2091474 0.4251301 0.4180964 0.3690771 0.2294493 0.2937429 0.3079801 0.4273502 0.4643787 0.3154703 0.4132398 0.4178339 0.1332096 0.4405502 0.2640622 0.2726951 0.2645436 0.2704448 0.4195213 0.2997677 0.4148316 0.4456159 0.2722117 0.4318115 0.3789430 0.4148296 0.2806292 0.3803984 0.2777787 
Perityle_discoidea_81                      0.0666447 0.0885671 0.0720108 0.1372286 0.0824188 0.0858814 0.1099974 0.1983177 0.2108711 0.0637651 0.0801740 0.0693777 0.1954584 0.1861960 0.1680542 0.0746820 0.1710083 0.0930341 0.2130607 0.0722367 0.1663781 0.0769110 0.1852647 0.1942622 0.0792444 0.0711215 0.0689986 0.0789942 0.2485977 0.2140077 0.0433926 0.1081438 0.3992961 0.0000000 0.0692516 0.1810728 0.1205272 0.1901614 0.0913352 0.1791006 0.0762789 0.1994337 0.1263722 0.0711964 0.1224038 0.0914255 0.0866150 0.0640900 0.0694606 0.1205879 0.0815301 0.1755753 0.0692865 0.1970557 0.1951051 0.1020296 0.1600669 0.1759739 0.0721503 0.0708795 0.1262873 0.1276281 0.0934518 0.0797504 0.0773275 0.0903377 0.1925586 0.1059950 0.0969393 0.0834870 0.0773851 0.1927608 0.1866845 0.1789723 0.1938498 0.0821783 0.0744115 0.0961325 0.1025413 0.1927447 0.0704076 0.0774872 0.0721506 0.1997275 0.0708502 0.1741169 
Perityle_dissecta_201                      0.0783144 0.0735103 0.0493987 0.1195389 0.0558357 0.0464430 0.1151769 0.1942571 0.1920716 0.0849575 0.0856170 0.0252697 0.2251257 0.2233163 0.1804113 0.0359791 0.1261824 0.1128591 0.2571947 0.0355808 0.1600871 0.0352386 0.1485201 0.2280306 0.0284911 0.0230882 0.0420884 0.0393029 0.2944652 0.2538188 0.0869491 0.1020335 0.4183014 0.0692516 0.0000000 0.2454444 0.1075369 0.2289141 0.0871613 0.1238680 0.0309947 0.2356511 0.1053573 0.0310115 0.1030520 0.0884453 0.0513188 0.0306382 0.0327920 0.1052097 0.0323534 0.2091923 0.0217256 0.2441388 0.2222923 0.1025446 0.1679494 0.1737227 0.0284620 0.0317430 0.1093819 0.1402969 0.0806259 0.0345958 0.0273615 0.1171390 0.2015201 0.0867265 0.0800992 0.0461248 0.0302353 0.2266647 0.2277698 0.2102762 0.2236305 0.0211557 0.0140671 0.0789673 0.0973113 0.2272249 0.0247409 0.0744539 0.0316671 0.2571163 0.0262174 0.1553107 
Perityle_emoryi_47_punta_san_jose          0.2530218 0.2013615 0.2371292 0.2609301 0.2389161 0.1289369 0.2655618 0.2688653 0.2587383 0.2604280 0.2563538 0.2388099 0.0649231 0.0603277 0.0683322 0.2481730 0.1686221 0.2808308 0.1056785 0.2425949 0.0520235 0.2510856 0.1858364 0.0647773 0.2493931 0.2436545 0.2317484 0.2560375 0.1058873 0.2657952 0.1755487 0.2377880 0.2686598 0.1810728 0.2454444 0.0000000 0.2735310 0.0469937 0.2346871 0.2451634 0.2198055 0.0723832 0.2751179 0.2298149 0.2715936 0.2328206 0.2487098 0.2466176 0.2488923 0.2798273 0.2419962 0.0678497 0.2489035 0.0133180 0.0724368 0.2711899 0.0377330 0.0215056 0.2487451 0.2488507 0.2561423 0.1536706 0.1749465 0.1719198 0.2435834 0.2752243 0.0174586 0.2420265 0.2460528 0.0922098 0.2315872 0.0633138 0.0771790 0.0653455 0.0663830 0.2485164 0.1520115 0.2406531 0.2557367 0.0693857 0.2446948 0.1709885 0.2505208 0.0000010 0.1818112 0.1227212 
Perityle_feddemae_99                       0.1181709 0.1205269 0.1137206 0.1631567 0.0987683 0.0845510 0.1596816 0.2413054 0.2293510 0.1161816 0.1366398 0.1153767 0.2704847 0.2697924 0.2184334 0.1139790 0.1944158 0.1330416 0.2885716 0.1039744 0.2035403 0.1150921 0.2237514 0.2814555 0.0996987 0.1058549 0.1116149 0.1116742 0.3256894 0.3083361 0.1062888 0.1141226 0.4410544 0.1205272 0.1075369 0.2735310 0.0000000 0.2765470 0.0941755 0.1925271 0.1048938 0.2861818 0.0237136 0.1011040 0.0150143 0.0917526 0.1114350 0.1118175 0.1092335 0.0203981 0.1068750 0.2514135 0.1104202 0.2782116 0.2602484 0.1051008 0.1967978 0.2039375 0.1018574 0.1117601 0.0966783 0.1288747 0.1025330 0.1030836 0.1175859 0.1368862 0.2361614 0.1056697 0.0938705 0.0854754 0.1020716 0.2800004 0.2542461 0.2567901 0.2740861 0.1057981 0.0793817 0.0957644 0.1032890 0.2764356 0.1193776 0.0875321 0.1065650 0.2855230 0.0983273 0.1918264 
Perityle_fosteri_93                        0.2379647 0.1900349 0.2319995 0.2373958 0.2282477 0.1341105 0.2135841 0.2550233 0.2533655 0.2239191 0.2411943 0.2303497 0.0343768 0.0340264 0.0396113 0.2378294 0.1579379 0.2646497 0.1272531 0.2386466 0.0347432 0.2389593 0.1646466 0.0351593 0.2193763 0.2326530 0.2247267 0.2429844 0.1345599 0.3614814 0.1629233 0.2397471 0.2690279 0.1901614 0.2289141 0.0469937 0.2765470 0.0000000 0.2389575 0.3180354 0.2214406 0.0363738 0.2789034 0.2119336 0.2754027 0.2356743 0.2361929 0.2351009 0.2369208 0.2798606 0.2191816 0.0370935 0.2375352 0.0547852 0.0385093 0.2342850 0.0280718 0.0345901 0.2352583 0.2371856 0.2506729 0.1676543 0.1687133 0.1708828 0.2344804 0.2298995 0.0379860 0.2329200 0.2386106 0.1027238 0.2318447 0.0339768 0.0931031 0.0370536 0.0355820 0.2228419 0.1559015 0.2299717 0.2461036 0.0344900 0.2305977 0.1706567 0.2400566 0.0460466 0.1680565 0.1129086 
Perityle_gamon_221                         0.0951047 0.0916942 0.0871364 0.1536872 0.0909607 0.0907478 0.1354993 0.2222693 0.2026748 0.1071285 0.1157345 0.0845505 0.2343316 0.2325261 0.1984491 0.0832863 0.1686700 0.1074293 0.2437646 0.0767378 0.1823052 0.0875933 0.2035290 0.2432671 0.0743313 0.0835608 0.0849279 0.0868705 0.2909716 0.2761144 0.0915226 0.1161382 0.4099331 0.0913352 0.0871613 0.2346871 0.0941755 0.2389575 0.0000000 0.1598139 0.0784579 0.2495429 0.0967380 0.0727100 0.0896365 0.0115158 0.0910891 0.0834082 0.0868416 0.0968019 0.0810083 0.2222287 0.0873921 0.2345626 0.2346007 0.1017004 0.1778048 0.1751569 0.0787080 0.0846095 0.1027279 0.1319692 0.0878112 0.0853606 0.0842793 0.1173656 0.2005159 0.1005602 0.0864149 0.0871635 0.0769885 0.2418742 0.2313957 0.2242964 0.2328087 0.0795461 0.0693739 0.0867223 0.0850387 0.2364892 0.0876346 0.0715814 0.0832606 0.2501857 0.0761963 0.1682018 
Perityle_gentryi_8_san_francisco           0.1625904 0.0692837 0.1314789 0.2055230 0.1436888 0.0379934 0.1699301 0.1782208 0.2113653 0.1262343 0.1690975 0.1095584 0.3130213 0.3099372 0.2052587 0.0929834 0.1733924 0.1940839 0.3383344 0.1155227 0.2385385 0.1080678 0.1667516 0.3200608 0.0291703 0.1160702 0.1228871 0.1120267 0.3750412 0.2689996 0.0776770 0.1874650 0.4350680 0.1791006 0.1238680 0.2451634 0.1925271 0.3180354 0.1598139 0.0000000 0.1126301 0.3269458 0.1935222 0.0233284 0.1839183 0.1571559 0.1096387 0.1072892 0.1071782 0.1901792 0.0759007 0.2487296 0.1209385 0.2466924 0.3089299 0.1430720 0.1646450 0.1679396 0.1095841 0.1060998 0.1085692 0.1367968 0.0696790 0.0341875 0.1104856 0.1681734 0.2903007 0.1735795 0.1663380 0.0292113 0.1179350 0.3185882 0.2687423 0.2896877 0.3113521 0.0424038 0.0283514 0.1708918 0.1766480 0.3115595 0.1096042 0.0691072 0.1071356 0.3348197 0.0308901 0.2145143 
Perityle_gilensis_22_Superstition          0.0748054 0.0732505 0.0451327 0.1233327 0.0554155 0.0464725 0.1129615 0.1969747 0.1822842 0.0747473 0.0786075 0.0348665 0.2194568 0.2176982 0.1889747 0.0325537 0.1216266 0.1130527 0.2444395 0.0299317 0.1712289 0.0307408 0.1526524 0.2266708 0.0165515 0.0283486 0.0455329 0.0327391 0.2867375 0.2481202 0.0815658 0.1064866 0.3987091 0.0762789 0.0309947 0.2198055 0.1048938 0.2214406 0.0784579 0.1126301 0.0000000 0.2331703 0.1049940 0.0204014 0.1015757 0.0797475 0.0472804 0.0282665 0.0304800 0.1050623 0.0281779 0.1992742 0.0315146 0.2152689 0.2165532 0.0969970 0.1735256 0.1749225 0.0238369 0.0293998 0.1076198 0.1403806 0.0806045 0.0381783 0.0337268 0.1045015 0.2071391 0.0911686 0.0755843 0.0291775 0.0203264 0.2252820 0.2023310 0.2051498 0.2179435 0.0260078 0.0201878 0.0793557 0.0997277 0.2213997 0.0345810 0.0729337 0.0260325 0.2407183 0.0341897 0.1677903 
Perityle_gilensis_salensis_225             0.2509979 0.2036323 0.2426417 0.2534468 0.2352668 0.1339058 0.2320138 0.2623547 0.2531921 0.2337440 0.2567356 0.2369135 0.0154697 0.0242230 0.0239813 0.2498349 0.1692508 0.2762635 0.1294436 0.2485785 0.0264592 0.2513536 0.1526581 0.0120068 0.2276464 0.2448824 0.2343046 0.2547631 0.1364088 0.3740246 0.1796235 0.2435579 0.2716842 0.1994337 0.2356511 0.0723832 0.2861818 0.0363738 0.2495429 0.3269458 0.2331703 0.0000000 0.2919187 0.2168900 0.2840994 0.2481495 0.2508055 0.2471623 0.2504158 0.2909936 0.2212832 0.0273099 0.2448117 0.0713575 0.0294521 0.2490976 0.0498494 0.0669808 0.2446234 0.2491871 0.2540602 0.1725432 0.1808910 0.1730400 0.2437956 0.2470679 0.0493210 0.2463641 0.2482646 0.1072992 0.2448279 0.0109121 0.0958756 0.0219514 0.0210782 0.2236245 0.1631996 0.2432156 0.2662261 0.0110574 0.2359608 0.1890159 0.2503777 0.0668531 0.1714864 0.1066120 
Perityle_glaucescens_94                    0.1197862 0.1167689 0.1127635 0.1523401 0.0964887 0.0907657 0.1509448 0.2457752 0.2246174 0.1220774 0.1359301 0.1144472 0.2761359 0.2753687 0.2257521 0.1131532 0.2020631 0.1386774 0.2828988 0.1031085 0.2104905 0.1179786 0.2295078 0.2871492 0.1045735 0.1050060 0.1094662 0.1132652 0.3302739 0.3049622 0.1025124 0.1183309 0.4518753 0.1263722 0.1053573 0.2751179 0.0237136 0.2789034 0.0967380 0.1935222 0.1049940 0.2919187 0.0000000 0.1048619 0.0172524 0.0943047 0.1093148 0.1134113 0.1120577 0.0204635 0.1029095 0.2556968 0.1107810 0.2813220 0.2658782 0.1069612 0.2016032 0.2092823 0.1083111 0.1146035 0.0991547 0.1291854 0.0981486 0.1033224 0.1154217 0.1360505 0.2457288 0.1096791 0.0916880 0.0858441 0.0997535 0.2856835 0.2610766 0.2610254 0.2797782 0.0989420 0.0795932 0.0947760 0.1049296 0.2802837 0.1157700 0.0840830 0.1118822 0.2881467 0.0932345 0.1971306 
Perityle_gracilis_11                       0.0709718 0.0657812 0.0417845 0.1356398 0.0554368 0.0324538 0.1061549 0.1847984 0.1915128 0.0681719 0.0798577 0.0219178 0.2035050 0.1964858 0.1719710 0.0274834 0.0830321 0.0997057 0.2423030 0.0219278 0.1703828 0.0108899 0.1618321 0.2112446 0.0136228 0.0290579 0.0339753 0.0289002 0.2713989 0.1256020 0.0712060 0.0921891 0.4122955 0.0711964 0.0310115 0.2298149 0.1011040 0.2119336 0.0727100 0.0233284 0.0204014 0.2168900 0.1048619 0.0000000 0.0995511 0.0696891 0.0205574 0.0040650 0.0067843 0.0996452 0.0317601 0.1955169 0.0260682 0.2369124 0.1978615 0.0872300 0.1670871 0.1751551 0.0150057 0.0081477 0.0999471 0.1310445 0.0676312 0.0322818 0.0232609 0.0892788 0.1653697 0.0826120 0.0785441 0.0291775 0.0232960 0.2095285 0.2274711 0.1959791 0.1979277 0.0262365 0.0201778 0.0761882 0.0869819 0.2068226 0.0191315 0.0598148 0.0122620 0.2287189 0.0250481 0.1556504 
