86
Amauria_brandeegeana_62                    0.0000000 0.0926014 0.1087792 0.3329529 0.1108208 0.1091519 0.3082765 0.1279656 0.2945770 0.0379803 0.1418207 0.1294934 0.0743667 0.1583899 0.0822398 0.0796771 0.3361548 0.1051755 0.1131944 0.1125772 0.1524968 0.1283369 0.0682204 0.1193869 0.1431010 0.1630701 0.1338416 0.1564265 0.1370354 0.0668672 0.0705431 0.1400795 0.1254009 0.0326342 0.1254882 0.1379937 0.1331620 0.1228183 0.1236934 0.1152431 0.1691164 0.1118381 0.1097744 0.0925646 0.1289842 0.1565390 0.1249538 0.1827667 0.1500919 0.1469815 0.1412508 0.1647198 0.1459684 0.1544091 0.1572065 0.0928141 0.1222535 0.0880855 0.1725050 0.1658079 0.1960421 0.2497383 0.2144695 0.0557351 0.1278636 0.1358871 0.1299183 0.2396691 0.2462563 0.0460575 0.1309592 0.2239766 0.0724178 0.1815661 0.0597945 0.1210358 0.0627106 0.2509532 0.1244830 0.1439840 0.1014899 0.1421735 0.1493134 0.0702342 0.0933914 0.1197714 
Amauria_carterae_99_mesa                   0.0926014 0.0000000 0.0865744 0.2142669 0.1033480 0.0813304 0.1744123 0.1017931 0.2234345 0.1095359 0.1037405 0.1016889 0.1004947 0.0908818 0.0823004 0.0750934 0.1260246 0.1104727 0.1022877 0.0831518 0.1135969 0.0811634 0.0788988 0.0939494 0.0745950 0.0811663 0.0961426 0.1289081 0.1354572 0.0837992 0.0837992 0.1237453 0.0973312 0.0953245 0.0923315 0.0782344 0.0953257 0.0909620 0.1051054 0.0890146 0.0873519 0.1061360 0.1000999 0.0875677 0.0958343 0.1071675 0.0897677 0.0977494 0.3626766 0.1026919 0.0939615 0.0746633 0.1027211 0.0976800 0.0780115 0.1227313 0.1323849 0.1043508 0.0867296 0.0890722 0.1393502 0.2008564 0.1033563 0.0675198 0.0992516 0.1170185 0.0900555 0.1315330 0.1420933 0.0508844 0.0899147 0.1551963 0.0815518 0.0909482 0.5906160 0.0925000 0.0788495 0.1450534 0.0923717 0.0847110 0.0950330 0.1499855 0.0890722 0.0931885 0.1020134 0.0936020 
Amauria_rotundifolia_SRR9119150            0.1087792 0.0865744 0.0000000 0.3135204 0.1239064 0.1358608 0.2719400 0.1415426 0.3107045 0.0895352 0.1096108 0.1255817 0.0867377 0.1331264 0.0996132 0.0985246 0.3023641 0.1302462 0.1102531 0.1251240 0.1472337 0.1059324 0.0968285 0.1121540 0.1021405 0.1138579 0.1134828 0.1332821 0.1268270 0.0807141 0.0847750 0.1139072 0.0957599 0.0800869 0.1193207 0.0137626 0.1156977 0.1127843 0.1377679 0.1218175 0.1289675 0.0965971 0.1204215 0.1115105 0.1387946 0.1289009 0.1146914 0.1712112 0.2631226 0.1219128 0.1083894 0.1141600 0.1330497 0.1511622 0.1439555 0.1138402 0.1339254 0.1044104 0.1339384 0.1330769 0.1870351 0.2741765 0.1776680 0.0821336 0.1261083 0.1154136 0.1131161 0.2407832 0.2435445 0.0659042 0.1274722 0.2259386 0.1039634 0.1426786 0.1119754 0.1116565 0.0826929 0.2533786 0.0989101 0.1253092 0.1327540 0.1480935 0.1329223 0.1008306 0.1063535 0.1224357 
Conoclinium_coelestinum_SRR9119114         0.3329529 0.2142669 0.3135204 0.0000000 0.3370800 0.2461927 0.1496596 0.2069368 0.2510080 0.3421436 0.3500450 0.3441077 0.3439498 0.3940306 0.2083825 0.3171026 0.4845040 0.2595134 0.3201222 0.3319461 0.3812889 0.3460655 0.2002004 0.3347251 0.2840522 0.4025884 0.3627179 0.3593903 0.3607364 0.2277846 0.2077498 0.3637240 0.3366925 0.3415553 0.3397421 0.3578470 0.3617817 0.3364444 0.3519981 0.3334748 0.4147598 0.3325283 0.3635911 0.3506678 0.3573153 0.3498266 0.3243959 0.4284500 0.3855258 0.3747000 0.3602786 0.3365800 0.3403917 0.3558290 0.3291845 0.3255522 0.2857662 0.2267729 0.4160135 0.3997678 0.3921593 0.4951411 0.3539180 0.1616060 0.3448398 0.3631364 0.3609670 0.3299255 0.3791047 0.1753073 0.3405154 0.3598224 0.3454725 0.4115773 0.3628847 0.3457143 0.1816337 0.4055850 0.3316438 0.3736736 0.3430871 0.2288034 0.3734486 0.3384449 0.2592415 0.2375940 
Eutetras_palmeri_63                        0.1108208 0.1033480 0.1239064 0.3370800 0.0000000 0.0863959 0.2577241 0.1151667 0.1951470 0.1420799 0.0773082 0.1085877 0.0948285 0.1484286 0.0885431 0.0833112 0.4276941 0.0990237 0.1160063 0.0913793 0.0997280 0.0954240 0.0744888 0.0975333 0.0823943 0.1434359 0.1156903 0.1285309 0.1050180 0.0583251 0.0712054 0.1238451 0.1021804 0.1351145 0.1040163 0.1483428 0.1079275 0.0850456 0.1380812 0.0885777 0.1630681 0.0854494 0.1118178 0.1058588 0.1036780 0.1397796 0.0974516 0.1788931 0.1042093 0.1150192 0.1067951 0.1316094 0.1189184 0.1214474 0.1189938 0.0943238 0.0933159 0.0773062 0.1658342 0.1544611 0.1002699 0.3297510 0.1616183 0.0617846 0.1057688 0.1060581 0.1111995 0.1261637 0.1304066 0.0492504 0.1022503 0.0980352 0.0759688 0.1704246 0.0998013 0.0970021 0.0614326 0.1523876 0.1153534 0.1267965 0.1079776 0.0665374 0.1314859 0.0817916 0.1030157 0.0935848 
Eutetras_pringlei_149_quer                 0.1091519 0.0813304 0.1358608 0.2461927 0.0863959 0.0000000 0.1753926 0.1130590 0.2289051 0.1349332 0.1089814 0.1111355 0.1258107 0.1322467 0.0820325 0.1020437 0.1549822 0.1258184 0.1383175 0.0924926 0.1199398 0.1080702 0.0693654 0.0945843 0.1105004 0.1697028 0.1143229 0.1402539 0.1182197 0.0668709 0.0668709 0.1333293 0.1030966 0.1327245 0.0928527 0.1689191 0.1137444 0.0947808 0.1251142 0.0963308 0.1740141 0.1103924 0.1190277 0.1079546 0.1158970 0.1263405 0.0946908 0.1745077 0.0385203 0.1247188 0.1178203 0.1585140 0.1031874 0.1346758 0.1197009 0.1291591 0.1541246 0.0861224 0.1670079 0.1512520 0.1352054 0.1506114 0.0859574 0.0834811 0.1046578 0.1247586 0.1173942 0.1057705 0.1140945 0.0718233 0.0947265 0.1558644 0.0890060 0.1765359 0.0385203 0.0974196 0.0743755 0.1101012 0.1101492 0.1053147 0.1025876 0.1203974 0.1153366 0.0873101 0.1008525 0.0871890 
Eutrochium_fistulosum_SRR9119106           0.3082765 0.1744123 0.2719400 0.1496596 0.2577241 0.1753926 0.0000000 0.1572506 0.2689677 0.3075915 0.3146532 0.3006637 0.2966822 0.3501326 0.2113681 0.2271469 0.4308724 0.2089636 0.3107082 0.2806656 0.3102664 0.3087099 0.1982883 0.2819320 0.2787720 0.3564671 0.3017555 0.3233873 0.3071465 0.1644315 0.1436354 0.3375719 0.2691925 0.3113923 0.2888795 0.3188272 0.3216116 0.2839318 0.3008886 0.2608502 0.3654619 0.2918351 0.3281801 0.3021679 0.3154099 0.3062419 0.2762854 0.3911729 0.2351849 0.3422058 0.3117158 0.3181662 0.2887369 0.3333406 0.3219189 0.2976117 0.2636237 0.1841675 0.3659529 0.3553515 0.3290361 0.3930220 0.2985599 0.1317367 0.2913895 0.3065776 0.3132412 0.3055713 0.3346863 0.1201475 0.2938860 0.3637555 0.2496496 0.3625959 0.1591325 0.2896107 0.1746521 0.3565088 0.3012177 0.3384303 0.3034426 0.1766597 0.3360490 0.2361585 0.2565835 0.2775330 
Galeana_pratensis_104_mex                  0.1279656 0.1017931 0.1415426 0.2069368 0.1151667 0.1130590 0.1572506 0.0000000 0.1942468 0.1292104 0.1232917 0.1271793 0.1035517 0.1059526 0.1105304 0.0997995 0.1328551 0.1303719 0.1397748 0.1018869 0.1244259 0.1014660 0.0937351 0.1059526 0.1044571 0.1109246 0.1160471 0.1448027 0.1342856 0.1091828 0.0822574 0.1204547 0.1175345 0.1238592 0.1065062 0.1415426 0.1412043 0.1025721 0.1241662 0.1075083 0.1082163 0.1115508 0.1365215 0.1108513 0.1337610 0.1312191 0.1036773 0.1133335 0.0000010 0.1370274 0.1154158 0.1039888 0.1155176 0.1136169 0.1036501 0.1263896 0.1477145 0.1325638 0.1061742 0.1014660 0.1466391 0.2119660 0.1376779 0.0806450 0.1125890 0.1266686 0.1184658 0.1413885 0.1543056 0.0721594 0.1060913 0.1569952 0.1066394 0.1130820 0.0000010 0.1114382 0.0930393 0.1520452 0.1200523 0.1013989 0.1100157 0.1642249 0.1014660 0.1066394 0.1161644 0.0916250 
Helianthus_annuus_SRR9119062               0.2945770 0.2234345 0.3107045 0.2510080 0.1951470 0.2289051 0.2689677 0.1942468 0.0000000 0.3147167 0.3089761 0.2784124 0.2948922 0.2944218 0.2176659 0.1533330 0.3067436 0.2124311 0.2726177 0.2722842 0.2956473 0.2807222 0.2024383 0.2622772 0.2723410 0.3195524 0.2848587 0.2984942 0.2745015 0.1920975 0.1920975 0.3095963 0.2389769 0.3039205 0.2584211 0.3404392 0.2847492 0.2667977 0.2683667 0.2356331 0.3236347 0.2826902 0.2873260 0.2722087 0.2901527 0.2870950 0.2664169 0.3220469 0.2860620 0.2980380 0.2869751 0.3128750 0.2741253 0.2922811 0.2905586 0.2526648 0.2398098 0.2012709 0.3149759 0.3009375 0.3087840 0.3188030 0.2590562 0.1754821 0.2651184 0.2823043 0.2782183 0.3097720 0.3074292 0.1278053 0.2592484 0.3516024 0.2076631 0.3191503 0.1262696 0.2636233 0.1759392 0.3134574 0.2926473 0.2848627 0.2786572 0.1861913 0.2898588 0.2011755 0.2610428 0.2925016 
Lycapsus_tenuifolius_17                    0.0379803 0.1095359 0.0895352 0.3421436 0.1420799 0.1349332 0.3075915 0.1292104 0.3147167 0.0000000 0.1199718 0.1159841 0.0991090 0.1168376 0.0968080 0.0933816 0.2808915 0.1137338 0.1208673 0.1009871 0.1701909 0.1024988 0.0938835 0.1043025 0.1081552 0.1055343 0.1123421 0.1328855 0.1280598 0.0876302 0.0897355 0.1210423 0.1018091 0.0101065 0.1046195 0.0900995 0.1214620 0.1060031 0.1403966 0.1226849 0.1125630 0.1054241 0.1286090 0.1084755 0.1316189 0.1438959 0.1061575 0.1262546 0.2526158 0.1294421 0.1134394 0.1031181 0.1283207 0.1520800 0.1155335 0.1118182 0.1375155 0.1089666 0.1165665 0.1167637 0.1950257 0.2503606 0.1737828 0.0687277 0.1121212 0.1226024 0.1168013 0.2121994 0.2225261 0.0602159 0.1131441 0.2190886 0.0927409 0.1238994 0.0651925 0.1013501 0.0836804 0.2299288 0.1056600 0.1203652 0.1108848 0.1666802 0.1165256 0.0894034 0.1096937 0.1213490 
Pericome_caudata_50_silver                 0.1418207 0.1037405 0.1096108 0.3500450 0.0773082 0.1089814 0.3146532 0.1232917 0.3089761 0.1199718 0.0000000 0.1103677 0.0956708 0.1111973 0.0789716 0.0919475 0.2959665 0.0995313 0.1115202 0.1109235 0.1495437 0.0933180 0.0760535 0.1020552 0.0791121 0.1091718 0.1022527 0.1238528 0.1211600 0.0630979 0.0739446 0.1034729 0.1080731 0.1143835 0.1059447 0.1237859 0.1125608 0.1014807 0.1317470 0.1303817 0.1119481 0.1014329 0.1191821 0.0897920 0.1357323 0.1267358 0.1032997 0.1582438 0.2912512 0.1238848 0.0942557 0.0947579 0.1158153 0.1574763 0.1083346 0.1040370 0.1157010 0.0869073 0.1170483 0.1182937 0.2040598 0.2750232 0.1635884 0.0690153 0.1124472 0.1119183 0.0997425 0.1938286 0.1932838 0.0553397 0.1063629 0.2506862 0.0849221 0.1231045 0.1891640 0.1059339 0.0659516 0.1979325 0.1051287 0.1127060 0.1145612 0.1390803 0.1109079 0.0894884 0.0844847 0.1050275 
Perityle_aglossa_84_dead_horse             0.1294934 0.1016889 0.1255817 0.3441077 0.1085877 0.1111355 0.3006637 0.1271793 0.2784124 0.1159841 0.1103677 0.0000000 0.0885687 0.1285150 0.0757170 0.0330494 0.3084610 0.1085414 0.1175309 0.1073580 0.1124497 0.0971590 0.0671957 0.0984286 0.0970228 0.1315381 0.0572638 0.1303122 0.1115396 0.0711109 0.0718760 0.1166518 0.1048882 0.1113104 0.1019994 0.1518933 0.1162834 0.0952966 0.1233724 0.0657333 0.1383967 0.0901201 0.1188649 0.0930159 0.1327057 0.1222797 0.1004710 0.1705007 0.1587529 0.1252828 0.1060332 0.1247469 0.1124036 0.1204997 0.1265293 0.1024592 0.1242382 0.0774950 0.1389767 0.1318922 0.1945462 0.2916123 0.1840110 0.0614530 0.0153753 0.1040359 0.0545781 0.2331062 0.2368080 0.0469350 0.1048895 0.2196191 0.0912131 0.1465972 0.0643171 0.0984043 0.0685198 0.2471131 0.1093419 0.1182272 0.0222051 0.1215991 0.1177447 0.0875691 0.0971753 0.1099694 
Perityle_ajoensis_204                      0.0743667 0.1004947 0.0867377 0.3439498 0.0948285 0.1258107 0.2966822 0.1035517 0.2948922 0.0991090 0.0956708 0.0885687 0.0000000 0.0913955 0.0791446 0.0709089 0.2909212 0.0948596 0.1033102 0.0714318 0.1224249 0.0758230 0.0775231 0.0714358 0.0741509 0.0779631 0.0821493 0.1162423 0.0909418 0.0570204 0.0624618 0.0991661 0.0793974 0.0931459 0.0809155 0.0895476 0.0945738 0.0757119 0.1176439 0.0979012 0.0825845 0.0335991 0.1058332 0.0800566 0.1004786 0.1173607 0.0789766 0.1024958 0.2006572 0.1058306 0.0804339 0.0697522 0.1002610 0.1329340 0.1065523 0.0836595 0.1168751 0.0788087 0.0922871 0.0913353 0.1537732 0.2733362 0.1492299 0.0690553 0.0879264 0.0886411 0.0858572 0.1865627 0.1960586 0.0513924 0.0865276 0.1707194 0.0672313 0.1003254 0.0154976 0.0675000 0.0665422 0.2132219 0.0992061 0.0946952 0.0869876 0.1355588 0.0911292 0.0648522 0.0954404 0.0963415 
Perityle_ambrosiifolia_67_green            0.1583899 0.0908818 0.1331264 0.3940306 0.1484286 0.1322467 0.3501326 0.1059526 0.2944218 0.1168376 0.1111973 0.1285150 0.0913955 0.0000000 0.0258369 0.1228602 0.2522084 0.1214709 0.1010162 0.0783775 0.1635333 0.0298269 0.0377545 0.0303711 0.0237990 0.0270988 0.1170529 0.1372983 0.1355891 0.0525168 0.0467336 0.1170481 0.1320129 0.1009543 0.0553108 0.1246664 0.1247523 0.0606532 0.1562453 0.1476086 0.0032515 0.1110353 0.1264124 0.0310575 0.1448332 0.1586551 0.0568110 0.0763615 0.7461685 0.1315347 0.0289373 0.0210931 0.0689545 0.1746417 0.0647252 0.0829623 0.0932266 0.0635139 0.0310806 0.0311133 0.2253233 0.2676142 0.1785876 0.0500620 0.1321424 0.1136360 0.1009401 0.2511821 0.2610800 0.0215538 0.0675519 0.2632328 0.0926429 0.0377994 0.5532590 0.0650519 0.0152296 0.2591703 0.1132024 0.0346489 0.1287644 0.1134534 0.0305335 0.1140075 0.0808150 0.0903236 
Perityle_angustifolia_13_Eagle_creek       0.0822398 0.0823004 0.0996132 0.2083825 0.0885431 0.0820325 0.2113681 0.1105304 0.2176659 0.0968080 0.0789716 0.0757170 0.0791446 0.0258369 0.0000000 0.0498352 0.0905480 0.0865114 0.0918731 0.0056833 0.1255105 0.0200018 0.0139425 0.0258253 0.0249508 0.0258835 0.0668950 0.0987736 0.0925043 0.0516566 0.0498622 0.0873361 0.0732479 0.0890609 0.0243868 0.0993917 0.0992930 0.0186699 0.0935698 0.0801567 0.0273134 0.0794868 0.1037168 0.0228852 0.0968173 0.0916180 0.0142966 0.0257925 0.7019625 0.1024081 0.0345280 0.0185386 0.0305115 0.1129330 0.0099074 0.0812802 0.0889754 0.0725644 0.0229077 0.0228938 0.1361539 0.2029111 0.1036128 0.0500827 0.0686496 0.0803990 0.0668555 0.1253960 0.1371032 0.0146193 0.0185312 0.2128919 0.0494792 0.0243506 0.0000010 0.0308819 0.0154160 0.1372580 0.0864578 0.0199657 0.0677903 0.1179888 0.0214512 0.0494792 0.0734901 0.0796563 
Perityle_batopilensis_97                   0.0796771 0.0750934 0.0985246 0.3171026 0.0833112 0.1020437 0.2271469 0.0997995 0.1533330 0.0933816 0.0919475 0.0330494 0.0709089 0.1228602 0.0498352 0.0000000 0.3958915 0.0925736 0.0996100 0.0756952 0.0331140 0.0774907 0.0413913 0.0790421 0.0736596 0.1225105 0.0482820 0.0976595 0.0821527 0.0456410 0.0478936 0.0946734 0.0936561 0.0878980 0.0839985 0.1336348 0.0820136 0.0735473 0.1023034 0.0173135 0.1371261 0.0632713 0.0846511 0.0798250 0.0782546 0.0974172 0.0801621 0.1472452 0.0811672 0.0889491 0.0876021 0.1127507 0.1048430 0.0473045 0.1084329 0.0778551 0.0854905 0.0489700 0.1398916 0.1293879 0.0849720 0.2916808 0.1337582 0.0422604 0.0351454 0.0787179 0.0459949 0.1320986 0.1401346 0.0349074 0.0892779 0.0651088 0.0736778 0.1414664 0.0631201 0.0760593 0.0397344 0.1642152 0.0829652 0.1068520 0.0328661 0.0781247 0.1089304 0.0720352 0.0811800 0.0515294 
Perityle_bisetosa_9                        0.3361548 0.1260246 0.3023641 0.4845040 0.4276941 0.1549822 0.4308724 0.1328551 0.3067436 0.2808915 0.2959665 0.3084610 0.2909212 0.2522084 0.0905480 0.3958915 0.0000000 0.2887433 0.2812759 0.2763181 0.3995869 0.2129939 0.0925548 0.2641234 0.1647179 0.2304156 0.2974146 0.3313529 0.3246471 0.1859508 0.1161768 0.3118589 0.3536229 0.2404533 0.2680465 0.2507197 0.3257805 0.2525575 0.3222768 0.3738422 0.2386883 0.2878513 0.3463621 0.2380948 0.3656083 0.3105273 0.2481781 0.2956824 0.9139453 0.3297060 0.2305636 0.1792742 0.2770007 0.3854495 0.2269115 0.2778651 0.3085581 0.1487316 0.2400294 0.2415204 0.4624559 0.3060051 0.2987275 0.0501181 0.3178814 0.3117410 0.2739770 0.4185930 0.4580756 0.0264976 0.2503260 0.4722580 0.3332591 0.2528643 0.8130282 0.2717458 0.0898947 0.4728443 0.2801114 0.2447132 0.3200830 0.2058945 0.2413762 0.3861546 0.2134716 0.1011565 
Perityle_californica_76_positas            0.1051755 0.1104727 0.1302462 0.2595134 0.0990237 0.1258184 0.2089636 0.1303719 0.2124311 0.1137338 0.0995313 0.1085414 0.0948596 0.1214709 0.0865114 0.0925736 0.2887433 0.0000000 0.1051263 0.0928908 0.1121552 0.0941084 0.0668343 0.0915000 0.0894668 0.1442384 0.1125348 0.1295132 0.1056903 0.0904932 0.0855896 0.0643564 0.1082050 0.1136285 0.0933011 0.1525184 0.1112321 0.0860692 0.1148737 0.0980658 0.1442972 0.0870290 0.1163092 0.0923226 0.1094128 0.1209406 0.0929041 0.1461774 0.0908206 0.1117991 0.0986993 0.1272172 0.0944409 0.1123914 0.0925053 0.0979989 0.1240491 0.0958943 0.1377886 0.1255342 0.1208728 0.2564957 0.1427478 0.0550904 0.1084559 0.1025060 0.1028715 0.1426532 0.1446992 0.0476803 0.0918287 0.1096850 0.0901604 0.1438946 0.0483217 0.0978258 0.0692164 0.1479348 0.1018491 0.0938914 0.1052668 0.1233629 0.1053552 0.0901604 0.0493474 0.0832135 
Perityle_canescens_77                      0.1131944 0.1022877 0.1102531 0.3201222 0.1160063 0.1383175 0.3107082 0.1397748 0.2726177 0.1208673 0.1115202 0.1175309 0.1033102 0.1010162 0.0918731 0.0996100 0.2812759 0.1051263 0.0000000 0.1016648 0.1444467 0.1007055 0.0855593 0.0992449 0.0885912 0.1032215 0.1104508 0.1331632 0.1135305 0.0657243 0.0734114 0.1279191 0.0965710 0.1210646 0.1042622 0.1108029 0.0865331 0.1007387 0.0850711 0.1268788 0.1010406 0.1044631 0.0894835 0.1044893 0.0810101 0.0835033 0.1032748 0.1095639 0.3811556 0.0872473 0.1120198 0.0872212 0.1024796 0.1427960 0.1056086 0.1105357 0.1266724 0.0888401 0.0994355 0.1019229 0.1466874 0.2539120 0.1494513 0.0716012 0.1153419 0.1101166 0.1152125 0.1731437 0.1905230 0.0527213 0.1019166 0.2180132 0.0889923 0.1107196 0.3521786 0.1099440 0.0836223 0.1859133 0.1226905 0.1082658 0.1111185 0.1274485 0.1007055 0.0884824 0.1104588 0.1089047 
Perityle_castillonii_96                    0.1125772 0.0831518 0.1251240 0.3319461 0.0913793 0.0924926 0.2806656 0.1018869 0.2722842 0.1009871 0.1109235 0.1073580 0.0714318 0.0783775 0.0056833 0.0756952 0.2763181 0.0928908 0.1016648 0.0000000 0.1402795 0.0383098 0.0085391 0.0479682 0.0469380 0.0752279 0.1042026 0.1239671 0.1053719 0.0535954 0.0475136 0.1155667 0.1092036 0.0939969 0.0512867 0.1469274 0.1190903 0.0374229 0.1228266 0.1031926 0.0905852 0.0844628 0.1115754 0.0238177 0.1314311 0.1392052 0.0336666 0.0967593 0.1451521 0.1289157 0.0505318 0.0713232 0.0660579 0.1504839 0.0470173 0.0799667 0.0915543 0.0668674 0.0873334 0.0809097 0.1840688 0.2649731 0.1771922 0.0476305 0.1087741 0.1020994 0.1017282 0.2229700 0.2278559 0.0065878 0.0485800 0.2008629 0.0702538 0.0937445 0.0365198 0.0450798 0.0103181 0.2343446 0.1107983 0.0580861 0.0994613 0.1112346 0.0631752 0.0718034 0.0818417 0.0962725 
Perityle_cernua_84                         0.1524968 0.1135969 0.1472337 0.3812889 0.0997280 0.1199398 0.3102664 0.1244259 0.2956473 0.1701909 0.1495437 0.1124497 0.1224249 0.1635333 0.1255105 0.0331140 0.3995869 0.1121552 0.1444467 0.1402795 0.0000000 0.1466913 0.1101806 0.1427166 0.1517497 0.1521595 0.1151484 0.1634094 0.1525344 0.0572550 0.0628839 0.1611989 0.1240575 0.1715989 0.1509326 0.1554187 0.1560910 0.1411217 0.1698220 0.0848366 0.1564094 0.1236102 0.1537516 0.1419064 0.1478300 0.1725028 0.1514183 0.1723406 0.2992652 0.1635687 0.1602373 0.1544656 0.1720639 0.1115904 0.1832036 0.1236019 0.1220388 0.0737709 0.1608957 0.1577006 0.1431872 0.2725317 0.1534041 0.0588690 0.1041585 0.1461373 0.1286054 0.1871037 0.1976120 0.0447086 0.1592655 0.1808837 0.0774036 0.1721360 0.0738411 0.1410658 0.0878343 0.2162951 0.1593280 0.1681788 0.1034799 0.1205304 0.1597721 0.0777286 0.1411951 0.1846199 
Perityle_cfvillosa_25_tin                  0.1283369 0.0811634 0.1059324 0.3460655 0.0954240 0.1080702 0.3087099 0.1014660 0.2807222 0.1024988 0.0933180 0.0971590 0.0758230 0.0298269 0.0200018 0.0774907 0.2129939 0.0941084 0.1007055 0.0383098 0.1466913 0.0000000 0.0122532 0.0298187 0.0277263 0.0298417 0.0891428 0.1151522 0.1091286 0.0504764 0.0467387 0.0977876 0.1009079 0.0965437 0.0289419 0.1069521 0.1114605 0.0174694 0.1198247 0.1117911 0.0307324 0.0783625 0.1094348 0.0121350 0.1261038 0.1261438 0.0212444 0.0463230 0.8418042 0.1181304 0.0324305 0.0215788 0.0456137 0.1470639 0.0244661 0.0828119 0.0917268 0.0675548 0.0043087 0.0034463 0.2054616 0.2588317 0.1637214 0.0502549 0.1003648 0.1025139 0.0902843 0.2324081 0.2387254 0.0097531 0.0257346 0.2309459 0.0717830 0.0164821 0.1653911 0.0338537 0.0067310 0.2306212 0.1024293 0.0253414 0.0971802 0.1112486 0.0017191 0.0727461 0.0777872 0.0951392 
Perityle_cinerea_113_Powell1310            0.0682204 0.0788988 0.0968285 0.2002004 0.0744888 0.0693654 0.1982883 0.0937351 0.2024383 0.0938835 0.0760535 0.0671957 0.0775231 0.0377545 0.0139425 0.0413913 0.0925548 0.0668343 0.0855593 0.0085391 0.1101806 0.0122532 0.0000000 0.0183451 0.0205320 0.0662560 0.0605615 0.0992515 0.0864793 0.0397638 0.0445867 0.0823945 0.0639985 0.0858539 0.0154929 0.1251673 0.0893270 0.0042179 0.0908043 0.0617914 0.0701202 0.0690400 0.0922651 0.0153211 0.0867700 0.0922518 0.0083928 0.0659427 0.0893925 0.0908962 0.0277715 0.0525721 0.0243217 0.1020565 0.0127794 0.0802175 0.0790978 0.0604723 0.0608288 0.0466181 0.1080512 0.1941812 0.0964822 0.0501500 0.0611421 0.0784062 0.0605232 0.0982788 0.1057194 0.0043458 0.0055858 0.1739706 0.0392651 0.0668475 0.0171206 0.0231331 0.0101768 0.1039150 0.0829295 0.0137734 0.0594565 0.1110961 0.0196734 0.0392651 0.0644575 0.0769002 
Perityle_coahuilensis_24                   0.1193869 0.0939494 0.1121540 0.3347251 0.0975333 0.0945843 0.2819320 0.1059526 0.2622772 0.1043025 0.1020552 0.0984286 0.0714358 0.0303711 0.0258253 0.0790421 0.2641234 0.0915000 0.0992449 0.0479682 0.1427166 0.0298187 0.0183451 0.0000000 0.0237916 0.0573776 0.0985908 0.1156867 0.1009508 0.0525168 0.0485382 0.0997060 0.1017990 0.0998494 0.0282931 0.1329032 0.1104287 0.0298999 0.1231758 0.1067304 0.0414019 0.0732036 0.1110497 0.0310483 0.1267352 0.1275082 0.0269978 0.1058750 0.1292845 0.1172496 0.0289293 0.0530110 0.0411421 0.1544310 0.0554163 0.0817370 0.0947766 0.0616182 0.0737046 0.0666343 0.1974893 0.2854961 0.1713675 0.0500620 0.1012399 0.0984283 0.0966061 0.2161155 0.2237316 0.0065308 0.0405534 0.2011984 0.0694334 0.0789139 0.0570103 0.0366188 0.0169454 0.2341236 0.1008191 0.0478628 0.0984990 0.1110769 0.0503056 0.0716945 0.0807808 0.0886775 
Perityle_cochisensis_44_cave_creek         0.1431010 0.0745950 0.1021405 0.2840522 0.0823943 0.1105004 0.2787720 0.1044571 0.2723410 0.1081552 0.0791121 0.0970228 0.0741509 0.0237990 0.0249508 0.0736596 0.1647179 0.0894668 0.0885912 0.0469380 0.1517497 0.0277263 0.0205320 0.0237916 0.0000000 0.0288400 0.0906566 0.1084350 0.1078691 0.0486631 0.0446855 0.0936565 0.0894159 0.1011696 0.0278257 0.1005485 0.1113402 0.0268857 0.1053617 0.1144669 0.0248163 0.0789895 0.1102226 0.0302777 0.1319257 0.1099267 0.0278800 0.0654615 1.2541230 0.1154404 0.0287314 0.0220112 0.0259310 0.1539454 0.0320791 0.0832306 0.0912809 0.0614520 0.0287395 0.0287761 0.2211041 0.2362519 0.1258894 0.0526793 0.0986523 0.1003426 0.0874364 0.2181152 0.2279953 0.0146581 0.0288257 0.2726975 0.0632630 0.0358283 0.0000010 0.0271919 0.0174547 0.2204144 0.0976764 0.0287556 0.0951218 0.1023664 0.0277263 0.0632630 0.0748719 0.0988396 
Perityle_congesta_202                      0.1630701 0.0811663 0.1138579 0.4025884 0.1434359 0.1697028 0.3564671 0.1109246 0.3195524 0.1055343 0.1091718 0.1315381 0.0779631 0.0270988 0.0258835 0.1225105 0.2304156 0.1442384 0.1032215 0.0752279 0.1521595 0.0298417 0.0662560 0.0573776 0.0288400 0.0000000 0.1045184 0.1248825 0.1336980 0.0544592 0.0513613 0.1094199 0.1381586 0.0994825 0.0583457 0.1382004 0.1145482 0.0637711 0.1587507 0.1560119 0.0288912 0.1159818 0.1104141 0.0320537 0.1292409 0.1578117 0.0590343 0.0937079 0.9465744 0.1201790 0.0289516 0.0204631 0.0739547 0.1595145 0.0643318 0.0792902 0.0919312 0.0678276 0.0330243 0.0331756 0.2072045 0.2610304 0.1782990 0.0526215 0.1353775 0.0962369 0.0980451 0.2602396 0.2652042 0.0740155 0.0716743 0.2647705 0.1152991 0.0389407 0.6783481 0.0655828 0.0187478 0.2577482 0.1121238 0.0341769 0.1339472 0.1092090 0.0298981 0.1193225 0.0835907 0.0906034 
Perityle_cordifolia_27                     0.1338416 0.0961426 0.1134828 0.3627179 0.1156903 0.1143229 0.3017555 0.1160471 0.2848587 0.1123421 0.1022527 0.0572638 0.0821493 0.1170529 0.0668950 0.0482820 0.2974146 0.1125348 0.1104508 0.1042026 0.1151484 0.0891428 0.0605615 0.0985908 0.0906566 0.1045184 0.0000000 0.1138952 0.1051850 0.0558457 0.0590920 0.1064341 0.1049603 0.1086077 0.1023208 0.1244673 0.1119720 0.0953203 0.1249704 0.0783659 0.1109026 0.0897710 0.1153475 0.0865476 0.1282295 0.1243035 0.1008187 0.1444245 0.2465250 0.1238867 0.0969560 0.0989093 0.1140905 0.0704953 0.1234945 0.0848895 0.1123941 0.0485624 0.1128990 0.1121127 0.1784710 0.2715082 0.1706381 0.0304462 0.0589629 0.0923182 0.0116863 0.2383667 0.2417496 0.0399381 0.1062559 0.2348223 0.0848724 0.1177818 0.1066327 0.0994285 0.0599760 0.2501865 0.1022402 0.1102391 0.0661157 0.1018147 0.1119280 0.0843004 0.0837410 0.0950150 
Perityle_cordifolia_68_tecolote            0.1564265 0.1289081 0.1332821 0.3593903 0.1285309 0.1402539 0.3233873 0.1448027 0.2984942 0.1328855 0.1238528 0.1303122 0.1162423 0.1372983 0.0987736 0.0976595 0.3313529 0.1295132 0.1331632 0.1239671 0.1634094 0.1151522 0.0992515 0.1156867 0.1084350 0.1248825 0.1138952 0.0000000 0.1231324 0.0788357 0.0900260 0.1305884 0.1181563 0.1338859 0.1205597 0.1472035 0.1336284 0.1133340 0.1605759 0.1443316 0.1353980 0.1174288 0.1404601 0.1109261 0.1494840 0.1569385 0.1192696 0.1767699 0.2204621 0.1446632 0.1161232 0.1172083 0.1305165 0.1657911 0.1430278 0.1114836 0.0127862 0.1024288 0.1421396 0.1371940 0.1957493 0.2980997 0.2072487 0.0789487 0.1326703 0.1115554 0.1210063 0.2425165 0.2535088 0.0545019 0.1268623 0.2457191 0.1014551 0.1473105 0.1124141 0.1188551 0.0941088 0.2592282 0.1289718 0.1315118 0.1293194 0.1319004 0.1359535 0.0951564 0.1230980 0.1251021 
Perityle_coronopifolia_28_patagonia        0.1370354 0.1354572 0.1268270 0.3607364 0.1050180 0.1182197 0.3071465 0.1342856 0.2745015 0.1280598 0.1211600 0.1115396 0.0909418 0.1355891 0.0925043 0.0821527 0.3246471 0.1056903 0.1135305 0.1053719 0.1525344 0.1091286 0.0864793 0.1009508 0.1078691 0.1336980 0.1051850 0.1231324 0.0000000 0.0781096 0.0822979 0.1264402 0.1168397 0.1261409 0.1073718 0.1520623 0.1186064 0.1054686 0.1415594 0.1220564 0.1467816 0.0926495 0.1196482 0.1040567 0.1329360 0.1400287 0.1076214 0.1817234 0.1771006 0.1299850 0.1123524 0.1354257 0.1181046 0.1563416 0.1306356 0.0354390 0.1253292 0.0824802 0.1543145 0.1459130 0.1328204 0.2498073 0.1916793 0.0571895 0.1138311 0.0146930 0.1037385 0.2373032 0.2412135 0.0359806 0.1150563 0.2251704 0.0788847 0.1594865 0.0634750 0.1081864 0.0951110 0.2503380 0.1212964 0.1250283 0.1085634 0.0832882 0.1313352 0.0779601 0.1156384 0.0564090 
Perityle_crassifolia_70_ventanas           0.0668672 0.0837992 0.0807141 0.2277846 0.0583251 0.0668709 0.1644315 0.1091828 0.1920975 0.0876302 0.0630979 0.0711109 0.0570204 0.0525168 0.0516566 0.0456410 0.1859508 0.0904932 0.0657243 0.0535954 0.0572550 0.0504764 0.0397638 0.0525168 0.0486631 0.0544592 0.0558457 0.0788357 0.0781096 0.0000000 0.0040556 0.0864217 0.0540492 0.0851993 0.0525372 0.0807141 0.0603078 0.0489821 0.0702450 0.0533787 0.0544869 0.0552690 0.0673961 0.0564762 0.0633263 0.0687655 0.0524262 0.0585426 0.0000010 0.0657038 0.0624098 0.0464582 0.0583635 0.0578799 0.0552871 0.0718959 0.0829675 0.0541706 0.0524604 0.0504764 0.0798671 0.2032012 0.0894227 0.0477877 0.0631410 0.0717452 0.0577814 0.0914480 0.1017918 0.0396716 0.0505666 0.1081049 0.0017727 0.0544193 0.0000010 0.0546919 0.0417083 0.0957678 0.0544457 0.0484457 0.0630115 0.0692151 0.0504764 0.0017727 0.0673052 0.0562095 
Perityle_crassifolia_74_playa_balandra     0.0705431 0.0837992 0.0847750 0.2077498 0.0712054 0.0668709 0.1436354 0.0822574 0.1920975 0.0897355 0.0739446 0.0718760 0.0624618 0.0467336 0.0498622 0.0478936 0.1161768 0.0855896 0.0734114 0.0475136 0.0628839 0.0467387 0.0445867 0.0485382 0.0446855 0.0513613 0.0590920 0.0900260 0.0822979 0.0040556 0.0000000 0.0866971 0.0571708 0.0858489 0.0508932 0.0833072 0.0687245 0.0468813 0.0732636 0.0540883 0.0489846 0.0604415 0.0766928 0.0536062 0.0720275 0.0763016 0.0485078 0.0559700 0.1773277 0.0748037 0.0604008 0.0444433 0.0598212 0.0615434 0.0429755 0.0759287 0.0934364 0.0595300 0.0490099 0.0467387 0.0842236 0.1956245 0.0891123 0.0477877 0.0628764 0.0726787 0.0596691 0.0889754 0.1023523 0.0396716 0.0462971 0.1165856 0.0060935 0.0512546 0.2552248 0.0533022 0.0444454 0.0998996 0.0579269 0.0421864 0.0627310 0.0766670 0.0467387 0.0080610 0.0656541 0.0562095 
Perityle_cuneata_34_cuneata_San_antonio    0.1400795 0.1237453 0.1139072 0.3637240 0.1238451 0.1333293 0.3375719 0.1204547 0.3095963 0.1210423 0.1034729 0.1166518 0.0991661 0.1170481 0.0873361 0.0946734 0.3118589 0.0643564 0.1279191 0.1155667 0.1611989 0.0977876 0.0823945 0.0997060 0.0936565 0.1094199 0.1064341 0.1305884 0.1264402 0.0864217 0.0866971 0.0000000 0.1073859 0.1209047 0.1014944 0.1188921 0.1178179 0.0999704 0.1519875 0.1296472 0.1128958 0.1017881 0.1310321 0.1010731 0.1442348 0.1467957 0.1046653 0.1545557 0.2264218 0.1316320 0.1016567 0.0977813 0.1179135 0.1677687 0.1277913 0.1078117 0.1287545 0.0869829 0.1177304 0.1160010 0.2052225 0.2888280 0.1863952 0.0562464 0.1203532 0.1199412 0.1106383 0.2375522 0.2434211 0.0487014 0.1092305 0.2543824 0.0991483 0.1265310 0.1096809 0.1058487 0.0720717 0.2525226 0.1172418 0.1160318 0.1219090 0.1408132 0.1119800 0.1006727 0.0381706 0.1124399 
Perityle_cuneata_4                         0.1254009 0.0973312 0.0957599 0.3366925 0.1021804 0.1030966 0.2691925 0.1175345 0.2389769 0.1018091 0.1080731 0.1048882 0.0793974 0.1320129 0.0732479 0.0936561 0.3536229 0.1082050 0.0965710 0.1092036 0.1240575 0.1009079 0.0639985 0.1017990 0.0894159 0.1381586 0.1049603 0.1181563 0.1168397 0.0540492 0.0571708 0.1073859 0.0000000 0.0930216 0.1080421 0.1265542 0.0993242 0.1012205 0.1176337 0.1052953 0.1491347 0.0844580 0.1037624 0.0949812 0.1229227 0.1167226 0.1049352 0.1854027 0.1794471 0.1146663 0.1007136 0.1291760 0.1202065 0.1185509 0.1232327 0.0975467 0.1127484 0.0840433 0.1499168 0.1417632 0.1637287 0.2849736 0.1536466 0.0542943 0.1023606 0.1111513 0.0975620 0.2025663 0.2109782 0.0402388 0.1126426 0.1739727 0.0766484 0.1577934 0.1033319 0.1024302 0.0626701 0.2168531 0.0965419 0.1203871 0.1061280 0.1383016 0.1263886 0.0805457 0.0889215 0.0926046 
Perityle_discoidea_81                      0.0326342 0.0953245 0.0800869 0.3415553 0.1351145 0.1327245 0.3113923 0.1238592 0.3039205 0.0101065 0.1143835 0.1113104 0.0931459 0.1009543 0.0890609 0.0878980 0.2404533 0.1136285 0.1210646 0.0939969 0.1715989 0.0965437 0.0858539 0.0998494 0.1011696 0.0994825 0.1086077 0.1338859 0.1261409 0.0851993 0.0858489 0.1209047 0.0930216 0.0000000 0.1000941 0.0840439 0.1190360 0.1015937 0.1369911 0.1183022 0.1034276 0.0989520 0.1282229 0.1016750 0.1341059 0.1390312 0.1029312 0.1102983 0.6986553 0.1269484 0.1061113 0.0948879 0.1267168 0.1548369 0.0976311 0.1101812 0.1378262 0.1046931 0.1018707 0.1020445 0.2020115 0.2302505 0.1702297 0.0712142 0.1058672 0.1191430 0.1109627 0.2015409 0.2157227 0.0576473 0.1088947 0.2330983 0.0928804 0.1089904 0.0322047 0.0930615 0.0770220 0.2099877 0.1001622 0.1032531 0.1048395 0.1638456 0.1018349 0.0916093 0.1090958 0.1180516 
Perityle_dissecta_201                      0.1254882 0.0923315 0.1193207 0.3397421 0.1040163 0.0928527 0.2888795 0.1065062 0.2584211 0.1046195 0.1059447 0.1019994 0.0809155 0.0553108 0.0243868 0.0839985 0.2680465 0.0933011 0.1042622 0.0512867 0.1509326 0.0289419 0.0154929 0.0282931 0.0278257 0.0583457 0.1023208 0.1205597 0.1073718 0.0525372 0.0508932 0.1014944 0.1080421 0.1000941 0.0000000 0.1343826 0.1153734 0.0299145 0.1290515 0.1123110 0.0680428 0.0805266 0.1164454 0.0359336 0.1317765 0.1331114 0.0333589 0.1124096 0.1467238 0.1221106 0.0280529 0.0520730 0.0395634 0.1567902 0.0572033 0.0829752 0.0950066 0.0676699 0.0755599 0.0684767 0.2044845 0.2892560 0.1715585 0.0478643 0.1022251 0.1051822 0.0996356 0.2216432 0.2276633 0.0065598 0.0349343 0.2112147 0.0720907 0.0825136 0.0793545 0.0390796 0.0135644 0.2404303 0.1086463 0.0497193 0.1003219 0.1088378 0.0521340 0.0788645 0.0806590 0.0887231 
Perityle_emoryi_47_punta_san_jose          0.1379937 0.0782344 0.0137626 0.3578470 0.1483428 0.1689191 0.3188272 0.1415426 0.3404392 0.0900995 0.1237859 0.1518933 0.0895476 0.1246664 0.0993917 0.1336348 0.2507197 0.1525184 0.1108029 0.1469274 0.1554187 0.1069521 0.1251673 0.1329032 0.1005485 0.1382004 0.1244673 0.1472035 0.1520623 0.0807141 0.0833072 0.1188921 0.1265542 0.0840439 0.1343826 0.0000000 0.1176707 0.1348460 0.1590972 0.1494181 0.1453834 0.1198253 0.1224276 0.1106489 0.1456399 0.1499554 0.1358803 0.1701686 0.8728770 0.1238482 0.1081763 0.1407381 0.1470352 0.1599527 0.1357957 0.1151443 0.1371772 0.1044104 0.1449738 0.1395528 0.2027268 0.2545838 0.1804602 0.0821336 0.1513786 0.1186317 0.1168783 0.2605459 0.2660939 0.1097794 0.1411141 0.2673586 0.1311012 0.1535795 0.4841416 0.1328300 0.0825035 0.2578812 0.1163457 0.1082991 0.1595920 0.1480935 0.1239942 0.1311012 0.1043764 0.1221724 
Perityle_feddemae_99                       0.1331620 0.0953257 0.1156977 0.3617817 0.1079275 0.1137444 0.3216116 0.1412043 0.2847492 0.1214620 0.1125608 0.1162834 0.0945738 0.1247523 0.0992930 0.0820136 0.3257805 0.1112321 0.0865331 0.1190903 0.1560910 0.1114605 0.0893270 0.1104287 0.1113402 0.1145482 0.1119720 0.1336284 0.1186064 0.0603078 0.0687245 0.1178179 0.0993242 0.1190360 0.1153734 0.1176707 0.0000000 0.1086585 0.0976551 0.1232655 0.1190619 0.0907428 0.0108485 0.1085700 0.0289669 0.0914826 0.1149880 0.1534320 0.2693848 0.0142588 0.1168363 0.1050434 0.1349744 0.1550643 0.1169926 0.1042601 0.1170355 0.0720913 0.1232090 0.1233898 0.1935465 0.2798306 0.1559351 0.0723488 0.1201604 0.1166981 0.1173801 0.2356057 0.2440673 0.0553868 0.1211172 0.2362735 0.0746965 0.1337312 0.0957195 0.1134991 0.0834519 0.2539590 0.1233027 0.1275541 0.1127837 0.1242149 0.1221352 0.0778254 0.1117897 0.1217650 
Perityle_fosteri_93                        0.1228183 0.0909620 0.1127843 0.3364444 0.0850456 0.0947808 0.2839318 0.1025721 0.2667977 0.1060031 0.1014807 0.0952966 0.0757119 0.0606532 0.0186699 0.0735473 0.2525575 0.0860692 0.1007387 0.0374229 0.1411217 0.0174694 0.0042179 0.0298999 0.0268857 0.0637711 0.0953203 0.1133340 0.1054686 0.0489821 0.0468813 0.0999704 0.1012205 0.1015937 0.0299145 0.1348460 0.1086585 0.0000000 0.1234208 0.1020216 0.0733645 0.0723423 0.1070705 0.0235529 0.1208685 0.1269490 0.0169262 0.1017876 0.1236334 0.1155283 0.0326023 0.0541508 0.0460663 0.1494259 0.0426357 0.0817650 0.0862595 0.0661144 0.0646157 0.0583677 0.1969872 0.2889621 0.1707150 0.0501845 0.0979677 0.1031812 0.0959139 0.2167389 0.2233175 0.0065245 0.0200448 0.1994838 0.0671910 0.0714890 0.0465637 0.0327580 0.0136463 0.2336624 0.1050516 0.0392844 0.0961196 0.1090510 0.0410312 0.0685990 0.0768563 0.0953763 
Perityle_gamon_221                         0.1236934 0.1051054 0.1377679 0.3519981 0.1380812 0.1251142 0.3008886 0.1241662 0.2683667 0.1403966 0.1317470 0.1233724 0.1176439 0.1562453 0.0935698 0.1023034 0.3222768 0.1148737 0.0850711 0.1228266 0.1698220 0.1198247 0.0908043 0.1231758 0.1053617 0.1587507 0.1249704 0.1605759 0.1415594 0.0702450 0.0732636 0.1519875 0.1176337 0.1369911 0.1290515 0.1590972 0.0976551 0.1234208 0.0000000 0.1282301 0.1659263 0.1234411 0.1012969 0.1229729 0.1023126 0.0224549 0.1217692 0.1806987 0.2435067 0.0989255 0.1267796 0.1330229 0.1424510 0.1650394 0.1462028 0.1251000 0.1308006 0.0888121 0.1684487 0.1627488 0.1994133 0.2732116 0.1679298 0.0538150 0.1204207 0.1374315 0.1279902 0.2215626 0.2457200 0.0506549 0.1359589 0.2387060 0.0997922 0.1773767 0.1330275 0.1274996 0.0835123 0.2637250 0.1348353 0.1427165 0.1207314 0.1442850 0.1482697 0.1040183 0.1058678 0.1162844 
Perityle_gentryi_8_san_francisco           0.1152431 0.0890146 0.1218175 0.3334748 0.0885777 0.0963308 0.2608502 0.1075083 0.2356331 0.1226849 0.1303817 0.0657333 0.0979012 0.1476086 0.0801567 0.0173135 0.3738422 0.0980658 0.1268788 0.1031926 0.0848366 0.1117911 0.0617914 0.1067304 0.1144669 0.1560119 0.0783659 0.1443316 0.1220564 0.0533787 0.0540883 0.1296472 0.1052953 0.1183022 0.1123110 0.1494181 0.1232655 0.1020216 0.1282301 0.0000000 0.1606534 0.0998549 0.1185562 0.1051474 0.1259314 0.1342032 0.1080470 0.1754611 0.0937617 0.1300241 0.1215672 0.1465146 0.1321936 0.0849019 0.1351284 0.1089117 0.1132992 0.0607045 0.1627472 0.1527050 0.1126269 0.2582313 0.1615633 0.0468326 0.0622794 0.1176160 0.0781163 0.1610689 0.1698326 0.0353826 0.1150423 0.1470011 0.0720364 0.1676009 0.0581083 0.1068589 0.0483324 0.1867568 0.1116338 0.1334010 0.0617881 0.1113847 0.1371107 0.0708553 0.1057402 0.1445721 
Perityle_gilensis_22_Superstition          0.1691164 0.0873519 0.1289675 0.4147598 0.1630681 0.1740141 0.3654619 0.1082163 0.3236347 0.1125630 0.1119481 0.1383967 0.0825845 0.0032515 0.0273134 0.1371261 0.2386883 0.1442972 0.1010406 0.0905852 0.1564094 0.0307324 0.0701202 0.0414019 0.0248163 0.0288912 0.1109026 0.1353980 0.1467816 0.0544869 0.0489846 0.1128958 0.1491347 0.1034276 0.0680428 0.1453834 0.1190619 0.0733645 0.1659263 0.1606534 0.0000000 0.1227339 0.1202792 0.0320302 0.1390867 0.1676469 0.0696447 0.0955863 0.8381433 0.1259816 0.0298416 0.0203192 0.0816753 0.1702294 0.0819937 0.0830761 0.0962450 0.0635139 0.0313016 0.0307954 0.2189932 0.2700265 0.1864584 0.0524756 0.1434798 0.1080863 0.1003012 0.2656119 0.2741187 0.0750368 0.0804209 0.2754290 0.1185254 0.0370473 0.6485197 0.0788131 0.0186831 0.2729270 0.1161082 0.0351274 0.1400106 0.1134534 0.0309451 0.1323398 0.0808548 0.0904899 
Perityle_gilensis_salensis_225             0.1118381 0.1061360 0.0965971 0.3325283 0.0854494 0.1103924 0.2918351 0.1115508 0.2826902 0.1054241 0.1014329 0.0901201 0.0335991 0.1110353 0.0794868 0.0632713 0.2878513 0.0870290 0.1044631 0.0844628 0.1236102 0.0783625 0.0690400 0.0732036 0.0789895 0.1159818 0.0897710 0.1174288 0.0926495 0.0552690 0.0604415 0.1017881 0.0844580 0.0989520 0.0805266 0.1198253 0.0907428 0.0723423 0.1234411 0.0998549 0.1227339 0.0000000 0.1004090 0.0793496 0.1132961 0.1161440 0.0788699 0.1648622 0.1474433 0.1039803 0.0805146 0.1134467 0.0934555 0.1423964 0.1035675 0.0864679 0.1111795 0.0790824 0.1278957 0.1201310 0.1834738 0.2633174 0.1585025 0.0671282 0.0886018 0.0886607 0.0856195 0.2108054 0.2158647 0.0469719 0.0816113 0.1811523 0.0615817 0.1381723 0.0484338 0.0743658 0.0691956 0.2231338 0.1003417 0.0989297 0.0953524 0.1311564 0.1025572 0.0638328 0.0953137 0.1042140 
Perityle_glaucescens_94                    0.1097744 0.1000999 0.1204215 0.3635911 0.1118178 0.1190277 0.3281801 0.1365215 0.2873260 0.1286090 0.1191821 0.1188649 0.1058332 0.1264124 0.1037168 0.0846511 0.3463621 0.1163092 0.0894835 0.1115754 0.1537516 0.1094348 0.0922651 0.1110497 0.1102226 0.1104141 0.1153475 0.1404601 0.1196482 0.0673961 0.0766928 0.1310321 0.1037624 0.1282229 0.1164454 0.1224276 0.0108485 0.1070705 0.1012969 0.1185562 0.1202792 0.1004090 0.0000000 0.1122246 0.0079469 0.0987656 0.1138444 0.1317024 0.2545059 0.0160221 0.1163412 0.1031879 0.1351829 0.1524441 0.1226635 0.1123616 0.1266614 0.0786992 0.1226713 0.1228656 0.1725817 0.2852065 0.1565220 0.0760682 0.1208779 0.1188029 0.1207089 0.2047093 0.2167700 0.0553239 0.1226531 0.2054794 0.0840638 0.1329401 0.1040197 0.1122054 0.0867290 0.2348975 0.1308124 0.1260548 0.1160640 0.1290125 0.1215130 0.0876016 0.1164540 0.1245318 
Perityle_gracilis_11                       0.0925646 0.0875677 0.1115105 0.3506678 0.1058588 0.1079546 0.3021679 0.1108513 0.2722087 0.1084755 0.0897920 0.0930159 0.0800566 0.0310575 0.0228852 0.0798250 0.2380948 0.0923226 0.1044893 0.0238177 0.1419064 0.0121350 0.0153211 0.0310483 0.0302777 0.0320537 0.0865476 0.1109261 0.1040567 0.0564762 0.0536062 0.1010731 0.0949812 0.1016750 0.0359336 0.1106489 0.1085700 0.0235529 0.1229729 0.1051474 0.0320302 0.0793496 0.1122246 0.0000000 0.1128292 0.1249479 0.0228295 0.0073953 0.7927968 0.1140261 0.0369656 0.0213613 0.0510075 0.1403924 0.0275059 0.0865939 0.0946524 0.0713345 0.0130020 0.0139561 0.1826660 0.2691493 0.1608257 0.0551267 0.0961582 0.0981562 0.0886212 0.1888894 0.2033403 0.0121870 0.0335503 0.2052845 0.0775763 0.0205172 0.1375186 0.0366040 0.0100999 0.2005618 0.1004613 0.0262314 0.0915106 0.1135140 0.0120643 0.0808117 0.0805169 0.0899503 
