84
Amauria_brandeegeana_62                    0.0000000 0.0455926 0.0283828 0.2114624 0.0684672 0.0382776 0.1851195 0.1121043 0.3056739 0.0436907 0.0842389 0.0897093 0.0896867 0.0883736 0.0836956 0.0785150 0.0901935 0.1435446 0.0843689 0.0899434 0.0817149 0.0850627 0.1000401 0.0863607 0.0775299 0.1021671 0.1003677 0.1050751 0.0986221 0.0890862 0.0764472 0.0820048 0.1659331 0.0485775 0.0876054 0.1131707 0.0723574 0.0931715 0.0988799 0.0902970 0.0877349 0.0933583 0.0905872 0.0989995 0.0905294 0.0951118 0.0889747 0.1400081 0.0968153 0.0864110 0.1054381 0.0949291 0.0978497 0.0821770 0.0975047 0.0880745 0.0811575 0.0907723 0.1029661 0.1152068 0.0812329 0.1500362 0.0685647 0.0920833 0.1011673 0.0984546 0.0893469 0.0832369 0.0811285 0.0839035 0.0861320 0.0859063 0.0904158 0.0908461 0.0757595 0.0711691 0.0828435 0.0970426 0.0892200 0.0857444 0.1095344 0.1027667 0.0898214 0.0894477 
Amauria_carterae_99_mesa                   0.0455926 0.0000000 0.0340259 0.2054603 0.0599871 0.0265792 0.1733825 0.1084268 0.2225801 0.0558535 0.0749092 0.0771533 0.0717270 0.0701532 0.0740067 0.0756356 0.0815475 0.1541302 0.0690219 0.0823662 0.0652592 0.0731903 0.0950384 0.0747807 0.0706863 0.0788734 0.0733036 0.0756800 0.0790728 0.0712817 0.0786270 0.0797599 0.0714811 0.0545372 0.0747045 0.0820807 0.0766584 0.0761361 0.0771059 0.0718656 0.0684621 0.0825716 0.0732117 0.0796318 0.0771657 0.0851271 0.0774902 0.1065526 0.0769427 0.0754246 0.0711730 0.0662104 0.0728021 0.0723033 0.0773913 0.0782480 0.0804833 0.0807111 0.0782398 0.0800619 0.0764194 0.0885498 0.0629452 0.0676304 0.0785265 0.0718137 0.0715638 0.0677345 0.0821772 0.0825578 0.0744651 0.0733768 0.0783540 0.0749011 0.0821190 0.0670186 0.0663578 0.0753886 0.0705228 0.0721435 0.0978457 0.0771721 0.0815000 0.0743125 
Amauria_rotundifolia_SRR9119150            0.0283828 0.0340259 0.0000000 0.1984274 0.0610744 0.0343852 0.1652334 0.1005971 0.2739866 0.0379180 0.0794399 0.0859552 0.0851000 0.0827838 0.0766849 0.0678596 0.0846746 0.1348290 0.0767205 0.0835419 0.0775622 0.0793020 0.0934903 0.0835754 0.0755546 0.0987874 0.0851173 0.0958500 0.0937334 0.0814266 0.0696510 0.0786583 0.1509363 0.0398686 0.0825344 0.1074578 0.0674733 0.0900576 0.0916522 0.0856003 0.0810618 0.0907357 0.0846193 0.0918025 0.0861994 0.0918560 0.0831645 0.1233628 0.0913345 0.0830533 0.1045276 0.0945217 0.0845161 0.0779611 0.0884456 0.0806605 0.0724103 0.0852733 0.0972499 0.1015084 0.0695992 0.1294901 0.0567325 0.0867080 0.0939351 0.0884747 0.0782179 0.0760608 0.0798576 0.0799875 0.0833448 0.0808382 0.0872461 0.0882061 0.0720673 0.0609931 0.0736905 0.0945826 0.0871484 0.0812296 0.0910183 0.0988256 0.0829135 0.0824560 
Conoclinium_coelestinum_SRR9119114         0.2114624 0.2054603 0.1984274 0.0000000 0.2015567 0.0999555 0.1595836 0.1795451 0.3133275 0.2070519 0.2100256 0.2112433 0.2066487 0.2089844 0.2052745 0.1986747 0.2066273 0.2467529 0.2068876 0.2114670 0.2012552 0.2053247 0.2140321 0.2099811 0.2154703 0.2098542 0.2149417 0.2078280 0.2197965 0.2231123 0.2458004 0.2057059 0.2633171 0.2090308 0.2078085 0.2152434 0.2167192 0.2112035 0.2021142 0.2074425 0.2019373 0.2219817 0.2029886 0.2175586 0.2042497 0.2095938 0.2106684 0.2366283 0.2163366 0.2122049 0.2044756 0.2402994 0.2162118 0.2063398 0.2144183 0.2239893 0.2099638 0.2096826 0.2120283 0.2128149 0.1902380 0.2262167 0.2086806 0.2067967 0.2158731 0.2217134 0.2089592 0.2138858 0.1567953 0.2124933 0.2090028 0.2233710 0.2094447 0.2109364 0.2161972 0.1860447 0.2124625 0.2174940 0.2094837 0.2004472 0.2382222 0.2076986 0.1838036 0.2330193 
Eutetras_palmeri_63                        0.0684672 0.0599871 0.0610744 0.2015567 0.0000000 0.0037404 0.1848852 0.0925016 0.2732816 0.0639417 0.0553873 0.0782121 0.0736766 0.0725826 0.0659279 0.0601617 0.0758478 0.1448188 0.0723132 0.0760448 0.0670622 0.0714930 0.0754057 0.0748184 0.0627104 0.0844725 0.0774995 0.0878022 0.0853118 0.0768301 0.0698193 0.0719636 0.1517082 0.0662051 0.0717451 0.0871157 0.0586284 0.0746197 0.0861372 0.0732101 0.0714222 0.0708939 0.0721027 0.0770974 0.0769917 0.0788777 0.0764070 0.1188016 0.0755191 0.0729922 0.0878585 0.0787481 0.0770992 0.0696982 0.0766835 0.0706000 0.0624563 0.0759951 0.0846428 0.1066703 0.0592116 0.1214000 0.0458966 0.0740846 0.0880968 0.0773233 0.0553992 0.0507435 0.0687841 0.0695943 0.0740918 0.0799377 0.0783530 0.0755266 0.0619083 0.0489979 0.0493819 0.0790728 0.0756584 0.0710366 0.0901175 0.0845022 0.0648359 0.0709627 
Eutetras_pringlei_149_quer                 0.0382776 0.0265792 0.0343852 0.0999555 0.0037404 0.0000000 0.0502922 0.0540267 0.0704344 0.0306357 0.0112669 0.0227877 0.0228028 0.0266033 0.0189171 0.0344612 0.0266835 0.0188875 0.0306799 0.0305787 0.0227589 0.0265723 0.0305748 0.0189171 0.0189171 0.0266417 0.0227491 0.0305282 0.0343652 0.0421601 0.0462179 0.0188740 0.0265758 0.0306389 0.0305787 0.0344137 0.0266835 0.0382052 0.0266431 0.0266033 0.0227775 0.0423998 0.0228028 0.0383934 0.0343479 0.0345373 0.0305720 0.0266417 0.0344309 0.0189171 0.0304768 0.0208968 0.0189089 0.0189171 0.0304641 0.0228095 0.0305307 0.0266417 0.0343970 0.0305567 0.0344621 0.0500539 0.0227709 0.0189171 0.0383123 0.0304237 0.0150671 0.0074913 0.3520567 0.0305397 0.0189171 0.0461137 0.0266417 0.0228028 0.0266352 0.0228028 0.0112869 0.0266241 0.0228095 0.0227595 0.0266241 0.0304918 0.0112669 0.0188316 
Eutrochium_fistulosum_SRR9119106           0.1851195 0.1733825 0.1652334 0.1595836 0.1848852 0.0502922 0.0000000 0.1485724 0.2838074 0.1711012 0.1885655 0.1929016 0.1878544 0.1885056 0.1820860 0.1766784 0.1970515 0.2201080 0.1855791 0.1999448 0.1920157 0.1859800 0.1805915 0.1922523 0.2056579 0.1955412 0.1962004 0.1924291 0.2057569 0.2109974 0.2062822 0.1801239 0.2432165 0.1660503 0.1935037 0.2048620 0.2145355 0.1828456 0.1939284 0.1885907 0.1910280 0.1989273 0.1855500 0.2051546 0.1902463 0.1991078 0.1999430 0.2261439 0.2004308 0.1946198 0.1893163 0.2227951 0.1931728 0.1891572 0.2013180 0.2026902 0.1821852 0.1938063 0.1927661 0.1975442 0.1697240 0.2149970 0.1745687 0.1861043 0.1997205 0.2077289 0.1993961 0.1969045 0.1305821 0.1950859 0.1931286 0.2070262 0.1970162 0.1964474 0.2114143 0.1578523 0.1970239 0.2035447 0.1961883 0.1774056 0.2038228 0.1925389 0.1736847 0.2155585 
Galeana_pratensis_104_mex                  0.1121043 0.1084268 0.1005971 0.1795451 0.0925016 0.0540267 0.1485724 0.0000000 0.1627269 0.1175744 0.1079989 0.1048087 0.0856419 0.1022390 0.0857036 0.0961883 0.0963950 0.1505107 0.1022119 0.0948045 0.0858131 0.0876302 0.1174339 0.1013839 0.0821102 0.0934261 0.0932858 0.1025860 0.1055138 0.1032830 0.1199649 0.0939397 0.0892193 0.1162495 0.0925650 0.1012261 0.0858771 0.0963047 0.0959821 0.0987326 0.0914354 0.1038241 0.0863896 0.1000582 0.0985200 0.1021683 0.0961294 0.1001448 0.0962475 0.1023247 0.0959365 0.0923354 0.0972887 0.0845392 0.0938476 0.1004017 0.0984739 0.0935835 0.0936565 0.1094404 0.1013407 0.1035951 0.0819322 0.0924677 0.1095372 0.0960778 0.1044397 0.0963486 0.1186041 0.0986305 0.1009012 0.1109334 0.0960638 0.0913617 0.0879423 0.0845690 0.1010624 0.0956362 0.0968213 0.0881448 0.0879937 0.0922773 0.0735625 0.0859058 
Helianthus_annuus_SRR9119062               0.3056739 0.2225801 0.2739866 0.3133275 0.2732816 0.0704344 0.2838074 0.1627269 0.0000000 0.3003177 0.2970479 0.2962907 0.2898413 0.3013194 0.2805622 0.1757939 0.2944806 0.3197199 0.2714924 0.2992439 0.2913686 0.2965101 0.1704675 0.3000596 0.3082241 0.3014978 0.3053284 0.3010946 0.3034171 0.2788256 0.2582666 0.2958718 0.3489348 0.2789807 0.2980101 0.3049874 0.2360245 0.2918488 0.3020827 0.3017874 0.2950020 0.2931630 0.2900256 0.3093240 0.2961128 0.2583343 0.2808298 0.3092201 0.3029613 0.3048904 0.3037266 0.3559245 0.2994200 0.2917319 0.2927877 0.2864592 0.2347722 0.3055419 0.2997472 0.3013071 0.1963006 0.2986402 0.2088994 0.2917937 0.3057857 0.2944895 0.2960234 0.2918517 0.1460938 0.3002372 0.3015107 0.3078965 0.2945207 0.2956414 0.2488290 0.1881103 0.2994128 0.2907791 0.2970361 0.2876063 0.2179601 0.2984840 0.2134702 0.3051826 
Lycapsus_tenuifolius_17                    0.0436907 0.0558535 0.0379180 0.2070519 0.0639417 0.0306357 0.1711012 0.1175744 0.3003177 0.0000000 0.0755079 0.0887951 0.0837947 0.0861918 0.0876288 0.0823104 0.0856894 0.1483758 0.0884794 0.0886719 0.0804101 0.0822915 0.1162720 0.0827957 0.0769160 0.0850656 0.0947866 0.0929457 0.0975217 0.0487271 0.0437584 0.0833737 0.1407297 0.0060078 0.0845251 0.0954746 0.0744388 0.0951442 0.0885594 0.0859241 0.0836599 0.0985651 0.0842563 0.0976271 0.0892535 0.0897294 0.0904779 0.1266605 0.0932954 0.0849926 0.0797052 0.0877628 0.0909861 0.0852748 0.0950936 0.0878374 0.0881594 0.0881998 0.0848190 0.0975180 0.0917311 0.1467368 0.0809074 0.0884819 0.0974538 0.0993703 0.0794973 0.0765308 0.1054748 0.0877329 0.0831497 0.0512854 0.0918036 0.0912128 0.0771201 0.0774529 0.0733572 0.0927507 0.0858524 0.0815845 0.1129371 0.0839115 0.0875274 0.0927619 
Pericome_caudata_50_silver                 0.0842389 0.0749092 0.0794399 0.2100256 0.0553873 0.0112669 0.1885655 0.1079989 0.2970479 0.0755079 0.0000000 0.1030970 0.0967000 0.0942592 0.0859969 0.0758972 0.0950507 0.1569412 0.0922335 0.0914913 0.0856378 0.0883292 0.0991410 0.0970245 0.0791970 0.1066798 0.1032440 0.1059866 0.1040458 0.1019385 0.0892333 0.0945998 0.1670098 0.0788422 0.0941091 0.1129545 0.0731063 0.1074281 0.1038934 0.0956796 0.0967493 0.0948833 0.0909811 0.1037434 0.0995610 0.1005791 0.1000088 0.1384444 0.1019163 0.0926969 0.1097466 0.1012348 0.0995492 0.0876460 0.1002022 0.0882474 0.0838916 0.0998261 0.1079925 0.1242616 0.0825890 0.1529060 0.0688066 0.1010230 0.1096521 0.1042203 0.0657896 0.0637911 0.0813464 0.0867060 0.0973090 0.1012738 0.1005714 0.1003072 0.0794263 0.0688470 0.0593221 0.1045161 0.0989309 0.0922224 0.0988986 0.1061764 0.0886037 0.0903420 
Perityle_aglossa_84_dead_horse             0.0897093 0.0771533 0.0859552 0.2112433 0.0782121 0.0227877 0.1929016 0.1048087 0.2962907 0.0887951 0.1030970 0.0000000 0.0470821 0.0444098 0.0405058 0.0310670 0.0485209 0.1531305 0.0603610 0.0502524 0.0468747 0.0470562 0.0667089 0.0409372 0.0317716 0.0618767 0.0653062 0.0640321 0.0683290 0.1011067 0.0904023 0.0946768 0.1406866 0.0891984 0.0499518 0.0817027 0.0351636 0.0664956 0.0561080 0.0428484 0.0449203 0.0623036 0.0474617 0.0682433 0.0626980 0.0525084 0.0531063 0.0951480 0.0638398 0.0402269 0.0649702 0.0472825 0.0634681 0.0437142 0.0632940 0.0501130 0.0398753 0.0525262 0.0619114 0.0901915 0.0549403 0.1160771 0.0398722 0.0330044 0.0698827 0.0638606 0.0985147 0.0927249 0.0415510 0.0496673 0.0403563 0.1012572 0.0506408 0.0490786 0.0322132 0.0306768 0.0956552 0.0651290 0.0405083 0.0400370 0.0739065 0.0614256 0.0725425 0.0678412 
Perityle_ajoensis_204                      0.0896867 0.0717270 0.0851000 0.2066487 0.0736766 0.0228028 0.1878544 0.0856419 0.2898413 0.0837947 0.0967000 0.0470821 0.0000000 0.0294638 0.0200338 0.0280185 0.0335433 0.1487867 0.0513296 0.0337557 0.0301976 0.0107214 0.0538050 0.0409925 0.0132871 0.0295272 0.0533906 0.0502569 0.0596364 0.0959460 0.0797487 0.0914600 0.1273643 0.0835755 0.0307697 0.0750586 0.0244811 0.0525554 0.0594681 0.0307393 0.0419219 0.0521584 0.0055720 0.0564060 0.0556577 0.0405068 0.0271455 0.0624344 0.0552715 0.0412719 0.0419908 0.0395127 0.0516446 0.0202434 0.0505653 0.0368648 0.0345165 0.0172406 0.0287347 0.0762857 0.0478818 0.1074502 0.0240400 0.0368743 0.0562652 0.0587300 0.0874608 0.0884764 0.0315065 0.0293757 0.0398961 0.0972776 0.0261371 0.0251180 0.0061505 0.0090817 0.0877377 0.0525775 0.0355691 0.0314714 0.0582166 0.0241123 0.0621738 0.0456931 
Perityle_ambrosiifolia_67_green            0.0883736 0.0701532 0.0827838 0.2089844 0.0725826 0.0266033 0.1885056 0.1022390 0.3013194 0.0861918 0.0942592 0.0444098 0.0294638 0.0000000 0.0322385 0.0310026 0.0384647 0.1529095 0.0542388 0.0402086 0.0385828 0.0307695 0.0642152 0.0238104 0.0152697 0.0474879 0.0641477 0.0561966 0.0620222 0.0972856 0.0869803 0.0895262 0.1333941 0.0849955 0.0377611 0.0781657 0.0305775 0.0600417 0.0575243 0.0133003 0.0325051 0.0594461 0.0308240 0.0628020 0.0559832 0.0464162 0.0359262 0.0789180 0.0611104 0.0254198 0.0480223 0.0371474 0.0586251 0.0284143 0.0597245 0.0507897 0.0390686 0.0330269 0.0479011 0.0834013 0.0517654 0.1124411 0.0387061 0.0329271 0.0602332 0.0594351 0.0913678 0.0903858 0.0476655 0.0378514 0.0227910 0.0991427 0.0355887 0.0325898 0.0176738 0.0290266 0.0882318 0.0601625 0.0429914 0.0334854 0.0677479 0.0465279 0.0733414 0.0623419 
Perityle_angustifolia_13_Eagle_creek       0.0836956 0.0740067 0.0766849 0.2052745 0.0659279 0.0189171 0.1820860 0.0857036 0.2805622 0.0876288 0.0859969 0.0405058 0.0200338 0.0322385 0.0000000 0.0316509 0.0366758 0.1478595 0.0523144 0.0382891 0.0349901 0.0226420 0.0584002 0.0432611 0.0126075 0.0247026 0.0535886 0.0422390 0.0596333 0.0801915 0.0855219 0.0834467 0.1113677 0.0865330 0.0307110 0.0592223 0.0357420 0.0564900 0.0532158 0.0303885 0.0442343 0.0572533 0.0204258 0.0577908 0.0527190 0.0399461 0.0372379 0.0646656 0.0554359 0.0442465 0.0279600 0.0310692 0.0501210 0.0067450 0.0510190 0.0415197 0.0399462 0.0263560 0.0280081 0.0648767 0.0518935 0.1092183 0.0288879 0.0311423 0.0573865 0.0591603 0.0818928 0.0851433 0.0396012 0.0384732 0.0420540 0.0846396 0.0367179 0.0340078 0.0250854 0.0197662 0.0827343 0.0507480 0.0400766 0.0209756 0.0641450 0.0225841 0.0688270 0.0403814 
Perityle_batopilensis_97                   0.0785150 0.0756356 0.0678596 0.1986747 0.0601617 0.0344612 0.1766784 0.0961883 0.1757939 0.0823104 0.0758972 0.0310670 0.0280185 0.0310026 0.0316509 0.0000000 0.0267995 0.1311821 0.0444566 0.0309065 0.0272568 0.0331385 0.0346995 0.0322171 0.0215622 0.0320196 0.0344100 0.0322466 0.0482375 0.0659901 0.0845896 0.0675687 0.1842716 0.0808177 0.0299589 0.0470808 0.0259649 0.0524454 0.0215471 0.0310026 0.0289223 0.0450978 0.0282920 0.0464958 0.0558617 0.0320135 0.0342135 0.0309987 0.0419144 0.0342212 0.0310610 0.0274816 0.0341827 0.0322257 0.0397586 0.0281080 0.0412309 0.0309865 0.0353032 0.0662233 0.0564642 0.0591693 0.0307177 0.0278633 0.0495314 0.0372972 0.0678404 0.0612238 0.3520567 0.0341693 0.0310197 0.0723718 0.0299240 0.0310077 0.0321053 0.0263511 0.0708767 0.0452077 0.0289429 0.0269759 0.0447648 0.0309769 0.0415620 0.0583710 
Perityle_bisetosa_9                        0.0901935 0.0815475 0.0846746 0.2066273 0.0758478 0.0266835 0.1970515 0.0963950 0.2944806 0.0856894 0.0950507 0.0485209 0.0335433 0.0384647 0.0366758 0.0267995 0.0000000 0.1558165 0.0542876 0.0118312 0.0325873 0.0348194 0.0406222 0.0425486 0.0294211 0.0486810 0.0583075 0.0446856 0.0642212 0.0955878 0.0862790 0.0887184 0.1291976 0.0857044 0.0162586 0.0736817 0.0079400 0.0586974 0.0581987 0.0373333 0.0370067 0.0568879 0.0351004 0.0593242 0.0576323 0.0160352 0.0484572 0.0791707 0.0575448 0.0432262 0.0577975 0.0507773 0.0520971 0.0335117 0.0535978 0.0336981 0.0405425 0.0370783 0.0511032 0.0849995 0.0517602 0.1125315 0.0319018 0.0454242 0.0640964 0.0585917 0.0916085 0.0916906 0.0155730 0.0146072 0.0419569 0.0976527 0.0446295 0.0460848 0.0285256 0.0252645 0.0912697 0.0571066 0.0465651 0.0371141 0.0608535 0.0487217 0.0643339 0.0573096 
Perityle_californica_76_positas            0.1435446 0.1541302 0.1348290 0.2467529 0.1448188 0.0188875 0.2201080 0.1505107 0.3197199 0.1483758 0.1569412 0.1531305 0.1487867 0.1529095 0.1478595 0.1311821 0.1558165 0.0000000 0.1646010 0.1576391 0.1420327 0.1527224 0.1417724 0.1583173 0.1470010 0.1568888 0.1564202 0.1591318 0.1628794 0.1667132 0.1973451 0.1322161 0.1956876 0.1536614 0.1544923 0.1624289 0.1427032 0.1597321 0.1573535 0.1520200 0.1527501 0.1584438 0.1535628 0.1561755 0.1528216 0.1572767 0.1559428 0.1909585 0.1545965 0.1606343 0.1483938 0.1756161 0.1580766 0.1540208 0.1499099 0.1693368 0.1461736 0.1599025 0.1548498 0.1640648 0.1590510 0.2111753 0.1570345 0.1523942 0.1608779 0.1743032 0.1575891 0.1501376 0.1351547 0.1600591 0.1599131 0.1629935 0.1552227 0.1512774 0.1489846 0.1399094 0.1532027 0.1558138 0.1533356 0.1503588 0.1938736 0.1543971 0.1176509 0.1645543 
Perityle_canescens_77                      0.0843689 0.0690219 0.0767205 0.2068876 0.0723132 0.0306799 0.1855791 0.1022119 0.2714924 0.0884794 0.0922335 0.0603610 0.0513296 0.0542388 0.0523144 0.0444566 0.0542876 0.1646010 0.0000000 0.0549192 0.0446376 0.0545296 0.0692173 0.0537713 0.0494710 0.0569250 0.0592242 0.0625386 0.0531288 0.0836716 0.0895504 0.0902731 0.0756035 0.0850317 0.0484948 0.0526150 0.0455387 0.0533867 0.0634849 0.0522831 0.0464354 0.0562010 0.0499789 0.0569007 0.0489866 0.0512626 0.0603407 0.0945623 0.0529116 0.0536747 0.0477980 0.0570554 0.0611517 0.0525587 0.0535721 0.0580642 0.0490847 0.0570301 0.0571909 0.0562935 0.0395257 0.0947921 0.0358336 0.0542430 0.0511350 0.0615473 0.0863718 0.0885087 0.0465688 0.0562908 0.0523012 0.0845282 0.0596713 0.0564047 0.0497771 0.0363533 0.0889049 0.0420089 0.0531970 0.0511305 0.0541883 0.0530753 0.0636694 0.0724227 
Perityle_castillonii_96                    0.0899434 0.0823662 0.0835419 0.2114670 0.0760448 0.0305787 0.1999448 0.0948045 0.2992439 0.0886719 0.0914913 0.0502524 0.0337557 0.0402086 0.0382891 0.0309065 0.0118312 0.1576391 0.0549192 0.0000000 0.0331336 0.0352615 0.0441035 0.0439555 0.0290215 0.0428890 0.0606961 0.0378400 0.0631166 0.0911577 0.0903831 0.0912762 0.1122709 0.0883951 0.0154007 0.0681673 0.0110879 0.0592699 0.0528288 0.0380039 0.0381583 0.0585272 0.0346609 0.0608896 0.0565301 0.0156911 0.0491331 0.0784154 0.0575624 0.0448859 0.0497140 0.0454166 0.0499403 0.0354746 0.0558296 0.0351840 0.0405454 0.0377174 0.0482656 0.0715681 0.0539706 0.1124766 0.0329116 0.0469213 0.0630293 0.0612802 0.0868197 0.0896883 0.0234691 0.0118496 0.0433334 0.0918083 0.0465883 0.0455693 0.0284534 0.0291806 0.0902257 0.0543643 0.0461415 0.0397850 0.0589115 0.0424061 0.0683520 0.0580688 
Perityle_cernua_84                         0.0817149 0.0652592 0.0775622 0.2012552 0.0670622 0.0227589 0.1920157 0.0858131 0.2913686 0.0804101 0.0856378 0.0468747 0.0301976 0.0385828 0.0349901 0.0272568 0.0325873 0.1420327 0.0446376 0.0331336 0.0000000 0.0345075 0.0523749 0.0422324 0.0272018 0.0464479 0.0527491 0.0464814 0.0433293 0.0863161 0.0804168 0.0831901 0.1150799 0.0797105 0.0288285 0.0621256 0.0165152 0.0412583 0.0442213 0.0348719 0.0360645 0.0386387 0.0325110 0.0426013 0.0426700 0.0368777 0.0312970 0.0740932 0.0390745 0.0431495 0.0474577 0.0494919 0.0502112 0.0351369 0.0390859 0.0397221 0.0343857 0.0381621 0.0471633 0.0573139 0.0415160 0.0958893 0.0240091 0.0451665 0.0445542 0.0587717 0.0776816 0.0795529 0.0336570 0.0296400 0.0416219 0.0860841 0.0320457 0.0280411 0.0225826 0.0220734 0.0799660 0.0418814 0.0295625 0.0390747 0.0540723 0.0439053 0.0585632 0.0574552 
Perityle_cfvillosa_25_tin                  0.0850627 0.0731903 0.0793020 0.2053247 0.0714930 0.0265723 0.1859800 0.0876302 0.2965101 0.0822915 0.0883292 0.0470562 0.0107214 0.0307695 0.0226420 0.0331385 0.0348194 0.1527224 0.0545296 0.0352615 0.0345075 0.0000000 0.0620067 0.0419330 0.0174630 0.0193654 0.0561386 0.0455957 0.0611732 0.0832693 0.0783817 0.0902078 0.1324015 0.0825741 0.0314533 0.0660608 0.0314524 0.0557845 0.0525876 0.0290382 0.0433761 0.0580840 0.0116988 0.0595892 0.0563258 0.0370768 0.0258843 0.0548873 0.0555744 0.0428456 0.0307629 0.0334203 0.0477406 0.0235091 0.0537862 0.0411883 0.0378904 0.0125368 0.0204211 0.0837285 0.0552914 0.1104186 0.0310000 0.0377646 0.0595599 0.0614827 0.0856374 0.0854882 0.0335227 0.0322308 0.0408217 0.0865529 0.0268464 0.0283488 0.0114057 0.0144273 0.0854416 0.0547013 0.0389592 0.0318074 0.0641422 0.0144853 0.0614087 0.0447780 
Perityle_cinerea_113_Powell1310            0.1000401 0.0950384 0.0934903 0.2140321 0.0754057 0.0305748 0.1805915 0.1174339 0.1704675 0.1162720 0.0991410 0.0667089 0.0538050 0.0642152 0.0584002 0.0346995 0.0406222 0.1417724 0.0692173 0.0441035 0.0523749 0.0620067 0.0000000 0.0622205 0.0282872 0.0618825 0.0595287 0.0573522 0.0787730 0.0987301 0.1167087 0.0878466 0.0631404 0.1135110 0.0488722 0.0643560 0.0173469 0.0691402 0.0690682 0.0678468 0.0548071 0.0691727 0.0560559 0.0619611 0.0702236 0.0464437 0.0668078 0.0595434 0.0631373 0.0631549 0.0644835 0.0776554 0.0630757 0.0571848 0.0607288 0.0556081 0.0655573 0.0607997 0.0668960 0.0681565 0.0755091 0.0877529 0.0569207 0.0655633 0.0802721 0.0679244 0.0873755 0.0831245 0.1199450 0.0488045 0.0619304 0.1012472 0.0630836 0.0631765 0.0381068 0.0596236 0.0939482 0.0667774 0.0560116 0.0596763 0.0677780 0.0607492 0.0783030 0.0761542 
Perityle_coahuilensis_24                   0.0863607 0.0747807 0.0835754 0.2099811 0.0748184 0.0189171 0.1922523 0.1013839 0.3000596 0.0827957 0.0970245 0.0409372 0.0409925 0.0238104 0.0432611 0.0322171 0.0425486 0.1583173 0.0537713 0.0439555 0.0422324 0.0419330 0.0622205 0.0000000 0.0272142 0.0587285 0.0632313 0.0634542 0.0631218 0.0961071 0.0873744 0.0886632 0.1318968 0.0830598 0.0418416 0.0773146 0.0268714 0.0591191 0.0545065 0.0338557 0.0306098 0.0595553 0.0431006 0.0629128 0.0580542 0.0475765 0.0431908 0.0891296 0.0616975 0.0061552 0.0582477 0.0405941 0.0602953 0.0380848 0.0598170 0.0507500 0.0440192 0.0444789 0.0582276 0.0824771 0.0552023 0.1121930 0.0439239 0.0393623 0.0623929 0.0601655 0.0932078 0.0893649 0.0476655 0.0411523 0.0009353 0.0961837 0.0431219 0.0410605 0.0204028 0.0330704 0.0894349 0.0598276 0.0385748 0.0414801 0.0679438 0.0577611 0.0677752 0.0685499 
Perityle_cochisensis_44_cave_creek         0.0775299 0.0706863 0.0755546 0.2154703 0.0627104 0.0189171 0.2056579 0.0821102 0.3082241 0.0769160 0.0791970 0.0317716 0.0132871 0.0152697 0.0126075 0.0215622 0.0294211 0.1470010 0.0494710 0.0290215 0.0272018 0.0174630 0.0282872 0.0272142 0.0000000 0.0159802 0.0536043 0.0364159 0.0488088 0.0635946 0.0751328 0.0778355 0.1705308 0.0751355 0.0278583 0.0523282 0.0250337 0.0521044 0.0405403 0.0139908 0.0331077 0.0474982 0.0134335 0.0530651 0.0477589 0.0320971 0.0225113 0.0339508 0.0502933 0.0293547 0.0130753 0.0176554 0.0480431 0.0152997 0.0462700 0.0302713 0.0275368 0.0152548 0.0211982 0.0869865 0.0481628 0.1349754 0.0197936 0.0181843 0.0488376 0.0501777 0.0749774 0.0760880 0.3520567 0.0301684 0.0263834 0.0692615 0.0219101 0.0182195 0.0123000 0.0109632 0.0774539 0.0517470 0.0332194 0.0138466 0.0348587 0.0145243 0.0401114 0.0651693 
Perityle_congesta_202                      0.1021671 0.0788734 0.0987874 0.2098542 0.0844725 0.0266417 0.1955412 0.0934261 0.3014978 0.0850656 0.1066798 0.0618767 0.0295272 0.0474879 0.0247026 0.0320196 0.0486810 0.1568888 0.0569250 0.0428890 0.0464479 0.0193654 0.0618825 0.0587285 0.0159802 0.0000000 0.0620670 0.0615387 0.0762818 0.1084158 0.0810628 0.1058836 0.1492802 0.0849992 0.0444407 0.0805548 0.0323082 0.0736251 0.0696813 0.0469183 0.0581217 0.0568639 0.0214270 0.0742954 0.0726657 0.0555020 0.0433136 0.0483905 0.0713801 0.0545016 0.0460035 0.0500768 0.0640186 0.0294455 0.0610061 0.0439574 0.0411716 0.0282210 0.0176805 0.0981561 0.0580760 0.1100380 0.0327937 0.0519650 0.0775971 0.0759534 0.1029092 0.1017006 0.0315044 0.0316023 0.0575750 0.1078530 0.0352369 0.0451161 0.0131470 0.0136006 0.1026557 0.0704546 0.0527516 0.0475689 0.0677352 0.0113065 0.0684843 0.0490114 
Perityle_cordifolia_27                     0.1003677 0.0733036 0.0851173 0.2149417 0.0774995 0.0227491 0.1962004 0.0932858 0.3053284 0.0947866 0.1032440 0.0653062 0.0533906 0.0641477 0.0535886 0.0344100 0.0583075 0.1564202 0.0592242 0.0606961 0.0527491 0.0561386 0.0595287 0.0632313 0.0536043 0.0620670 0.0000000 0.0627605 0.0691018 0.0930839 0.0866458 0.0957322 0.1424951 0.0908418 0.0521039 0.0741583 0.0315802 0.0632415 0.0684330 0.0563397 0.0578646 0.0615319 0.0565099 0.0655443 0.0684392 0.0577214 0.0613694 0.0939691 0.0619861 0.0630398 0.0684770 0.0680090 0.0248628 0.0559294 0.0687992 0.0457002 0.0428586 0.0594817 0.0623136 0.0944992 0.0476925 0.1114567 0.0182662 0.0625239 0.0710421 0.0631066 0.1004763 0.0988097 0.0438391 0.0520723 0.0620343 0.0974343 0.0632059 0.0601164 0.0397283 0.0253869 0.0974289 0.0654107 0.0584995 0.0616875 0.0632123 0.0605474 0.0661432 0.0689790 
Perityle_cordifolia_68_tecolote            0.1050751 0.0756800 0.0958500 0.2078280 0.0878022 0.0305282 0.1924291 0.1025860 0.3010946 0.0929457 0.1059866 0.0640321 0.0502569 0.0561966 0.0422390 0.0322466 0.0446856 0.1591318 0.0625386 0.0378400 0.0464814 0.0455957 0.0573522 0.0634542 0.0364159 0.0615387 0.0627605 0.0000000 0.0726821 0.0964631 0.0919502 0.1059048 0.1459755 0.0912597 0.0475613 0.0855671 0.0279004 0.0742158 0.0645232 0.0526205 0.0536164 0.0624268 0.0432150 0.0727225 0.0690903 0.0472901 0.0671445 0.0947965 0.0661163 0.0566079 0.0702599 0.0645198 0.0536890 0.0437698 0.0628737 0.0134241 0.0420708 0.0567518 0.0639918 0.0945187 0.0510894 0.1157149 0.0329802 0.0591883 0.0782552 0.0718864 0.1049116 0.1072308 0.0435609 0.0417756 0.0627971 0.1009961 0.0640564 0.0608841 0.0387568 0.0307455 0.1060692 0.0689586 0.0625417 0.0532795 0.0700790 0.0595377 0.0695708 0.0665474 
Perityle_coronopifolia_28_patagonia        0.0986221 0.0790728 0.0937334 0.2197965 0.0853118 0.0343652 0.2057569 0.1055138 0.3034171 0.0975217 0.1040458 0.0683290 0.0596364 0.0620222 0.0596333 0.0482375 0.0642212 0.1628794 0.0531288 0.0631166 0.0433293 0.0611732 0.0787730 0.0631218 0.0488088 0.0762818 0.0691018 0.0726821 0.0000000 0.1107624 0.1071774 0.0984794 0.1478251 0.0969580 0.0610533 0.0691686 0.0454566 0.0562687 0.0647277 0.0609625 0.0614280 0.0472984 0.0584596 0.0501328 0.0451043 0.0697529 0.0582349 0.1032916 0.0444957 0.0622201 0.0757474 0.0769751 0.0734077 0.0620306 0.0502306 0.0699138 0.0595875 0.0652037 0.0763802 0.0540904 0.0465818 0.0958033 0.0496455 0.0655197 0.0202576 0.0752938 0.0994688 0.1041847 0.0602822 0.0611908 0.0619460 0.1081794 0.0579801 0.0533663 0.0507446 0.0432160 0.1017947 0.0527404 0.0534508 0.0641623 0.0579640 0.0742440 0.0601481 0.0835443 
Perityle_crassifolia_70_ventanas           0.0890862 0.0712817 0.0814266 0.2231123 0.0768301 0.0421601 0.2109974 0.1032830 0.2788256 0.0487271 0.1019385 0.1011067 0.0959460 0.0972856 0.0801915 0.0659901 0.0955878 0.1667132 0.0836716 0.0911577 0.0863161 0.0832693 0.0987301 0.0961071 0.0635946 0.1084158 0.0930839 0.0964631 0.1107624 0.0000000 0.0082958 0.1054407 0.0943675 0.0449759 0.0929287 0.1143042 0.0653034 0.1035918 0.1060953 0.0966751 0.0952291 0.0939466 0.0869894 0.1073546 0.1043958 0.1031700 0.1059532 0.1387840 0.1006923 0.0934349 0.1120962 0.0953761 0.0900571 0.0824200 0.0958968 0.0803412 0.0813733 0.0996381 0.1031210 0.1152975 0.0835332 0.1092126 0.0671347 0.0992973 0.1129665 0.1003243 0.1009582 0.0912818 0.1077567 0.0859077 0.0951118 0.0024420 0.1049073 0.1033931 0.0733524 0.0702539 0.0932758 0.1044126 0.1014546 0.0939923 0.1025071 0.1056309 0.0808324 0.0832736 
Perityle_crassifolia_74_playa_balandra     0.0764472 0.0786270 0.0696510 0.2458004 0.0698193 0.0462179 0.2062822 0.1199649 0.2582666 0.0437584 0.0892333 0.0904023 0.0797487 0.0869803 0.0855219 0.0845896 0.0862790 0.1973451 0.0895504 0.0903831 0.0804168 0.0783817 0.1167087 0.0873744 0.0751328 0.0810628 0.0866458 0.0919502 0.1071774 0.0082958 0.0000000 0.0909672 0.0824124 0.0397555 0.0853340 0.0926121 0.0709082 0.0903105 0.0922253 0.0829024 0.0809575 0.0990533 0.0794434 0.0933664 0.1017208 0.0883834 0.0936698 0.1384911 0.0872341 0.0870922 0.0790649 0.0731326 0.0880469 0.0845392 0.0908462 0.0856993 0.0832909 0.0873302 0.0835066 0.1009687 0.0943365 0.1159075 0.0766972 0.0870968 0.1040167 0.0915168 0.0966540 0.0783331 0.0976279 0.0924890 0.0859617 0.0126874 0.0926154 0.0926157 0.0802745 0.0715834 0.0852958 0.0941693 0.0897678 0.0813486 0.1091389 0.0810661 0.0913214 0.0730276 
Perityle_cuneata_34_cuneata_San_antonio    0.0820048 0.0797599 0.0786583 0.2057059 0.0719636 0.0188740 0.1801239 0.0939397 0.2958718 0.0833737 0.0945998 0.0946768 0.0914600 0.0895262 0.0834467 0.0675687 0.0887184 0.1322161 0.0902731 0.0912762 0.0831901 0.0902078 0.0878466 0.0886632 0.0778355 0.1058836 0.0957322 0.1059048 0.0984794 0.1054407 0.0909672 0.0000000 0.1632173 0.0819989 0.0889199 0.1095929 0.0668255 0.0917250 0.0988492 0.0891404 0.0863252 0.0895051 0.0907072 0.0930008 0.0896992 0.0927566 0.0952063 0.1410323 0.0925650 0.0882176 0.1098756 0.0992670 0.0944665 0.0885204 0.0904644 0.0831088 0.0769550 0.0924997 0.1052006 0.1145439 0.0762640 0.1435042 0.0580882 0.0910843 0.0987688 0.0990546 0.0889059 0.0880273 0.0892168 0.0887211 0.0884806 0.1039773 0.0959249 0.0947111 0.0722454 0.0622396 0.0868448 0.0938750 0.0899804 0.0869944 0.0927371 0.1059029 0.0704290 0.0873814 
Perityle_cuneata_4                         0.1659331 0.0714811 0.1509363 0.2633171 0.1517082 0.0265758 0.2432165 0.0892193 0.3489348 0.1407297 0.1670098 0.1406866 0.1273643 0.1333941 0.1113677 0.1842716 0.1291976 0.1956876 0.0756035 0.1122709 0.1150799 0.1324015 0.0631404 0.1318968 0.1705308 0.1492802 0.1424951 0.1459755 0.1478251 0.0943675 0.0824124 0.1632173 0.0000000 0.1229024 0.1285191 0.1588427 0.1811158 0.1410216 0.1418923 0.1353836 0.1277816 0.1369311 0.0992241 0.1188891 0.1369447 0.1430047 0.1373218 0.1830929 0.1279227 0.1321866 0.1531582 0.0651544 0.1398567 0.1318520 0.1116854 0.0572011 0.0678115 0.1344401 0.1499553 0.1573585 0.0509697 0.1713518 0.0319253 0.1361159 0.1237538 0.1432575 0.1446399 0.1651620 0.0518160 0.1329736 0.1310401 0.1086049 0.1381263 0.1361715 0.1782828 0.0355170 0.1476477 0.1450209 0.1397632 0.1320623 0.0629668 0.1487875 0.0910308 0.0645107 
Perityle_discoidea_81                      0.0485775 0.0545372 0.0398686 0.2090308 0.0662051 0.0306389 0.1660503 0.1162495 0.2789807 0.0060078 0.0788422 0.0891984 0.0835755 0.0849955 0.0865330 0.0808177 0.0857044 0.1536614 0.0850317 0.0883951 0.0797105 0.0825741 0.1135110 0.0830598 0.0751355 0.0849992 0.0908418 0.0912597 0.0969580 0.0449759 0.0397555 0.0819989 0.1229024 0.0000000 0.0844159 0.0961394 0.0774168 0.0953373 0.0882652 0.0842128 0.0820711 0.0997498 0.0840064 0.0992642 0.0932211 0.0894241 0.0933027 0.1265533 0.0936455 0.0842414 0.0796378 0.0861943 0.0880910 0.0853039 0.0950950 0.0869862 0.0853321 0.0872154 0.0860580 0.1005881 0.0882282 0.1224255 0.0775264 0.0875701 0.0970590 0.1012787 0.0836970 0.0772388 0.1041771 0.0884993 0.0827867 0.0461948 0.0920017 0.0920460 0.0790604 0.0746351 0.0784723 0.0938347 0.0866013 0.0810612 0.1106227 0.0837095 0.0840454 0.0922844 
Perityle_dissecta_201                      0.0876054 0.0747045 0.0825344 0.2078085 0.0717451 0.0305787 0.1935037 0.0925650 0.2980101 0.0845251 0.0941091 0.0499518 0.0307697 0.0377611 0.0307110 0.0299589 0.0162586 0.1544923 0.0484948 0.0154007 0.0288285 0.0314533 0.0488722 0.0418416 0.0278583 0.0444407 0.0521039 0.0475613 0.0610533 0.0929287 0.0853340 0.0889199 0.1285191 0.0844159 0.0000000 0.0657417 0.0114944 0.0549556 0.0565792 0.0376049 0.0343193 0.0537238 0.0306469 0.0581864 0.0519265 0.0256919 0.0462036 0.0760071 0.0559763 0.0426334 0.0484368 0.0471857 0.0509610 0.0294911 0.0498825 0.0329768 0.0377860 0.0358464 0.0458094 0.0820576 0.0488392 0.1068983 0.0260236 0.0447357 0.0602889 0.0582915 0.0883230 0.0869208 0.0295153 0.0156199 0.0407633 0.0921480 0.0434715 0.0434027 0.0275442 0.0221758 0.0880127 0.0529889 0.0449853 0.0363531 0.0549291 0.0429652 0.0651999 0.0506707 
Perityle_feddemae_99                       0.1131707 0.0820807 0.1074578 0.2152434 0.0871157 0.0344137 0.2048620 0.1012261 0.3049874 0.0954746 0.1129545 0.0817027 0.0750586 0.0781657 0.0592223 0.0470808 0.0736817 0.1624289 0.0526150 0.0681673 0.0621256 0.0660608 0.0643560 0.0773146 0.0523282 0.0805548 0.0741583 0.0855671 0.0691686 0.1143042 0.0926121 0.1095929 0.1588427 0.0961394 0.0657417 0.0000000 0.0445328 0.0650955 0.0800249 0.0766754 0.0739685 0.0347694 0.0691477 0.0472342 0.0660073 0.0832574 0.0733172 0.1019643 0.0461671 0.0771937 0.0806704 0.0874595 0.0807149 0.0657854 0.0511671 0.0627729 0.0533579 0.0784235 0.0805800 0.0940422 0.0425315 0.1019913 0.0407507 0.0781643 0.0696880 0.0773580 0.1130650 0.1069781 0.0438728 0.0586196 0.0760649 0.1115797 0.0736969 0.0735635 0.0516975 0.0393047 0.1074939 0.0695321 0.0735668 0.0752297 0.0666991 0.0790336 0.0627519 0.0729968 
Perityle_fosteri_93                        0.0723574 0.0766584 0.0674733 0.2167192 0.0586284 0.0266835 0.2145355 0.0858771 0.2360245 0.0744388 0.0731063 0.0351636 0.0244811 0.0305775 0.0357420 0.0259649 0.0079400 0.1427032 0.0455387 0.0110879 0.0165152 0.0314524 0.0173469 0.0268714 0.0250337 0.0323082 0.0315802 0.0279004 0.0454566 0.0653034 0.0709082 0.0668255 0.1811158 0.0774168 0.0114944 0.0445328 0.0000000 0.0396268 0.0345707 0.0296548 0.0213955 0.0392612 0.0266656 0.0465729 0.0454413 0.0123711 0.0341309 0.0286969 0.0434073 0.0296336 0.0250862 0.0387375 0.0297529 0.0297517 0.0343398 0.0236881 0.0307808 0.0286872 0.0351749 0.0789126 0.0505047 0.0622588 0.0232661 0.0341877 0.0463343 0.0382216 0.0643413 0.0597318 0.3520567 0.0141820 0.0268714 0.0677683 0.0295973 0.0287322 0.0281365 0.0253404 0.0670063 0.0418341 0.0277818 0.0334708 0.0338289 0.0277614 0.0379570 0.0748481 
Perityle_gamon_221                         0.0931715 0.0761361 0.0900576 0.2112035 0.0746197 0.0382052 0.1828456 0.0963047 0.2918488 0.0951442 0.1074281 0.0664956 0.0525554 0.0600417 0.0564900 0.0524454 0.0586974 0.1597321 0.0533867 0.0592699 0.0412583 0.0557845 0.0691402 0.0591191 0.0521044 0.0736251 0.0632415 0.0742158 0.0562687 0.1035918 0.0903105 0.0917250 0.1410216 0.0953373 0.0549556 0.0650955 0.0396268 0.0000000 0.0671042 0.0601242 0.0564368 0.0429857 0.0532927 0.0421474 0.0399720 0.0642136 0.0528950 0.1043511 0.0422539 0.0600303 0.0784282 0.0714944 0.0701648 0.0582357 0.0441488 0.0550493 0.0504480 0.0591952 0.0709468 0.0778817 0.0527681 0.1031798 0.0408225 0.0605168 0.0553378 0.0703392 0.0981755 0.0951828 0.0479990 0.0560833 0.0584568 0.1021376 0.0550496 0.0508183 0.0431771 0.0385669 0.0959727 0.0507018 0.0513736 0.0575853 0.0686872 0.0725846 0.0600466 0.0697916 
Perityle_gentryi_8_san_francisco           0.0988799 0.0771059 0.0916522 0.2021142 0.0861372 0.0266431 0.1939284 0.0959821 0.3020827 0.0885594 0.1038934 0.0561080 0.0594681 0.0575243 0.0532158 0.0215471 0.0581987 0.1573535 0.0634849 0.0528288 0.0442213 0.0525876 0.0690682 0.0545065 0.0405403 0.0696813 0.0684330 0.0645232 0.0647277 0.1060953 0.0922253 0.0988492 0.1418923 0.0882652 0.0565792 0.0800249 0.0345707 0.0671042 0.0000000 0.0524396 0.0519383 0.0588649 0.0533319 0.0687302 0.0637418 0.0614852 0.0562227 0.0975426 0.0621683 0.0496653 0.0717205 0.0593644 0.0633389 0.0513068 0.0585355 0.0545709 0.0404936 0.0633141 0.0687111 0.0846750 0.0538777 0.1112720 0.0397278 0.0564866 0.0698931 0.0739280 0.1054271 0.0989911 0.0559724 0.0521327 0.0538698 0.1044708 0.0561377 0.0530115 0.0375925 0.0345365 0.1007176 0.0635613 0.0505421 0.0561194 0.0636731 0.0666140 0.0699429 0.0746477 
Perityle_gilensis_22_Superstition          0.0902970 0.0718656 0.0856003 0.2074425 0.0732101 0.0266033 0.1885907 0.0987326 0.3017874 0.0859241 0.0956796 0.0428484 0.0307393 0.0133003 0.0303885 0.0310026 0.0373333 0.1520200 0.0522831 0.0380039 0.0348719 0.0290382 0.0678468 0.0338557 0.0139908 0.0469183 0.0563397 0.0526205 0.0609625 0.0966751 0.0829024 0.0891404 0.1353836 0.0842128 0.0376049 0.0766754 0.0296548 0.0601242 0.0524396 0.0000000 0.0347908 0.0557560 0.0300761 0.0639620 0.0565166 0.0447204 0.0362677 0.0731733 0.0591258 0.0315801 0.0454293 0.0350081 0.0519185 0.0276771 0.0574856 0.0472692 0.0349760 0.0333279 0.0462872 0.0837329 0.0517935 0.1089682 0.0347828 0.0312903 0.0624325 0.0589485 0.0940681 0.0902135 0.0456503 0.0376802 0.0327903 0.0973404 0.0354109 0.0323922 0.0167762 0.0290406 0.0908226 0.0586855 0.0428939 0.0318495 0.0658055 0.0459499 0.0693091 0.0594427 
Perityle_gilensis_salensis_225             0.0877349 0.0684621 0.0810618 0.2019373 0.0714222 0.0227775 0.1910280 0.0914354 0.2950020 0.0836599 0.0967493 0.0449203 0.0419219 0.0325051 0.0442343 0.0289223 0.0370067 0.1527501 0.0464354 0.0381583 0.0360645 0.0433761 0.0548071 0.0306098 0.0331077 0.0581217 0.0578646 0.0536164 0.0614280 0.0952291 0.0809575 0.0863252 0.1277816 0.0820711 0.0343193 0.0739685 0.0213955 0.0564368 0.0519383 0.0347908 0.0000000 0.0557602 0.0425162 0.0570605 0.0539095 0.0420660 0.0462084 0.0894941 0.0564294 0.0312926 0.0576256 0.0418531 0.0545027 0.0410606 0.0546513 0.0403201 0.0349154 0.0448927 0.0586144 0.0821146 0.0426515 0.1085923 0.0308615 0.0417734 0.0617449 0.0527909 0.0922242 0.0864771 0.0538910 0.0368071 0.0300549 0.0953167 0.0465006 0.0444295 0.0302727 0.0291077 0.0864400 0.0575945 0.0430323 0.0433774 0.0607527 0.0581638 0.0683582 0.0624234 
Perityle_glaucescens_94                    0.0933583 0.0825716 0.0907357 0.2219817 0.0708939 0.0423998 0.1989273 0.1038241 0.2931630 0.0985651 0.0948833 0.0623036 0.0521584 0.0594461 0.0572533 0.0450978 0.0568879 0.1584438 0.0562010 0.0585272 0.0386387 0.0580840 0.0691727 0.0595553 0.0474982 0.0568639 0.0615319 0.0624268 0.0472984 0.0939466 0.0990533 0.0895051 0.1369311 0.0997498 0.0537238 0.0347694 0.0392612 0.0429857 0.0588649 0.0557560 0.0557602 0.0000000 0.0537448 0.0174051 0.0471400 0.0602869 0.0521076 0.0881411 0.0171756 0.0610430 0.0536841 0.0610166 0.0655371 0.0586323 0.0413592 0.0601074 0.0543209 0.0601488 0.0597105 0.0718889 0.0487931 0.1071120 0.0448982 0.0578174 0.0462734 0.0697644 0.0942476 0.0902850 0.0500147 0.0578311 0.0594312 0.0928907 0.0515434 0.0489227 0.0446818 0.0433713 0.0927325 0.0485297 0.0473489 0.0548429 0.0720499 0.0568996 0.0610335 0.0721701 
Perityle_gracilis_11                       0.0905872 0.0732117 0.0846193 0.2029886 0.0721027 0.0228028 0.1855500 0.0863896 0.2900256 0.0842563 0.0909811 0.0474617 0.0055720 0.0308240 0.0204258 0.0282920 0.0351004 0.1535628 0.0499789 0.0346609 0.0325110 0.0116988 0.0560559 0.0431006 0.0134335 0.0214270 0.0565099 0.0432150 0.0584596 0.0869894 0.0794434 0.0907072 0.0992241 0.0840064 0.0306469 0.0691477 0.0266656 0.0532927 0.0533319 0.0300761 0.0425162 0.0537448 0.0000000 0.0555690 0.0545165 0.0346078 0.0262262 0.0606116 0.0528003 0.0435445 0.0345760 0.0345691 0.0492318 0.0222550 0.0510321 0.0382359 0.0344137 0.0173025 0.0225426 0.0664641 0.0501005 0.1077642 0.0260745 0.0371445 0.0562968 0.0609931 0.0880426 0.0880196 0.0335006 0.0308374 0.0419273 0.0911847 0.0282708 0.0256760 0.0066596 0.0098420 0.0879237 0.0532711 0.0341271 0.0314032 0.0601639 0.0157534 0.0622660 0.0455313 
Perityle_harkerae_31                       0.0989995 0.0796318 0.0918025 0.2175586 0.0770974 0.0383934 0.2051546 0.1000582 0.3093240 0.0976271 0.1037434 0.0682433 0.0564060 0.0628020 0.0577908 0.0464958 0.0593242 0.1561755 0.0569007 0.0608896 0.0426013 0.0595892 0.0619611 0.0629128 0.0530651 0.0742954 0.0655443 0.0727225 0.0501328 0.1073546 0.0933664 0.0930008 0.1188891 0.0992642 0.0581864 0.0472342 0.0465729 0.0421474 0.0687302 0.0639620 0.0570605 0.0174051 0.0555690 0.0000000 0.0492331 0.0691634 0.0519050 0.1051879 0.0190628 0.0633255 0.0791299 0.0717252 0.0710747 0.0599771 0.0400777 0.0637638 0.0545796 0.0613893 0.0759515 0.0571111 0.0446257 0.1036612 0.0428214 0.0653482 0.0465628 0.0699194 0.0999512 0.0992455 0.0459611 0.0582977 0.0617135 0.1055871 0.0530849 0.0514262 0.0534385 0.0401424 0.0964046 0.0529047 0.0504404 0.0608779 0.0677285 0.0743606 0.0634302 0.0723866 
Perityle_hofmeisteria_4_nombre_de_dios     0.0905294 0.0771657 0.0861994 0.2042497 0.0769917 0.0343479 0.1902463 0.0985200 0.2961128 0.0892535 0.0995610 0.0626980 0.0556577 0.0559832 0.0527190 0.0558617 0.0576323 0.1528216 0.0489866 0.0565301 0.0426700 0.0563258 0.0702236 0.0580542 0.0477589 0.0726657 0.0684392 0.0690903 0.0451043 0.1043958 0.1017208 0.0896992 0.1369447 0.0932211 0.0519265 0.0660073 0.0454413 0.0399720 0.0637418 0.0565166 0.0539095 0.0471400 0.0545165 0.0492331 0.0000000 0.0658756 0.0551411 0.1014787 0.0487126 0.0584086 0.0752573 0.0682682 0.0674853 0.0545354 0.0483770 0.0622822 0.0517901 0.0606720 0.0726807 0.0680614 0.0506436 0.1008710 0.0477474 0.0584266 0.0449385 0.0694521 0.0947287 0.0952903 0.0458430 0.0555633 0.0574121 0.1022634 0.0546119 0.0500297 0.0507078 0.0440386 0.0932119 0.0467403 0.0530673 0.0560633 0.0687790 0.0701349 0.0545079 0.0693917 
