84
Amauria_brandeegeana_62                    0.0000000 0.0738666 0.0185736 0.1839733 0.2488892 0.1503524 0.0981678 0.2446112 0.1649207 0.1096093 0.1150327 0.1125977 0.1137919 0.1187142 0.1169979 0.1026966 0.0978115 0.1209998 0.1019011 0.1023318 0.1138163 0.3128727 0.1150470 0.1120317 0.1137246 0.1201932 0.0991457 0.2270266 0.2118659 0.1003718 0.1070894 0.1099630 0.1103063 0.0793164 0.1156939 0.1053547 0.1161166 0.1172786 0.1125784 0.1125784 0.1144372 0.1192836 0.1192649 0.1326595 0.1077322 0.1137790 0.1125905 0.1144482 0.1150938 0.1140386 0.1186274 0.1181101 0.1148101 0.1057165 0.0919834 0.1137260 0.1122042 0.1118991 0.1199185 0.0906598 0.2791262 0.1144191 0.1140999 0.1067891 0.4304596 0.1159631 0.0968673 0.3503435 0.1056888 0.1149462 0.1078536 0.1137554 0.1163649 0.1138163 0.1138854 0.1021735 0.1066873 0.1200911 0.1114720 0.1206190 0.1138041 0.1044608 0.0939710 0.0970590 
Amauria_carterae_99_mesa                   0.0738666 0.0000000 0.0813431 0.1800777 0.1321735 0.1502471 0.0920465 0.2128318 0.1338945 0.1029090 0.1085478 0.1128223 0.1128086 0.1051775 0.1194758 0.1122037 0.0836384 0.1246222 0.1070961 0.1064471 0.1129551 0.2730182 0.1128086 0.1070767 0.1110597 0.1343313 0.0991073 0.1300397 0.1942127 0.1093574 0.0793168 0.1181465 0.1089882 0.0742831 0.0995998 0.1127616 0.1109512 0.1217005 0.1128086 0.1128086 0.1010585 0.1053028 0.1050376 0.1025687 0.1146212 0.1110036 0.1110597 0.1010805 0.1146658 0.1146786 0.1165953 0.1266845 0.1128816 0.0961657 0.0971352 0.1156202 0.1110597 0.1110597 0.1155912 0.0769330 0.0969869 0.1050158 0.1126876 0.1023304 0.3212194 0.1034643 0.0908797 0.3162422 0.1121532 0.1128086 0.1205745 0.1128616 0.1147235 0.1167618 0.0899912 0.0947086 0.0949193 0.0000010 0.1070919 0.0909201 0.1110597 0.1035937 0.0895535 0.0974078 
Amauria_rotundifolia_SRR9119150            0.0185736 0.0813431 0.0000000 0.1887733 0.2803234 0.1554355 0.0998270 0.2400167 0.1610671 0.1085480 0.1360984 0.1116675 0.1128062 0.1140677 0.1082207 0.1023059 0.0880406 0.1165184 0.1029280 0.0979966 0.1128293 0.3107978 0.1140024 0.1097279 0.1127426 0.1164907 0.0954284 0.2210698 0.2159775 0.0978736 0.1075296 0.1054562 0.1094818 0.0747954 0.1254090 0.1047523 0.1211392 0.1092090 0.1116493 0.1116493 0.1218285 0.1195286 0.1286915 0.1329778 0.1013700 0.1123542 0.1116608 0.1218395 0.1103461 0.1107917 0.1174944 0.1184131 0.1152228 0.1039754 0.0935417 0.1115351 0.1127541 0.1071878 0.1203498 0.0953195 0.2737209 0.1135766 0.1128518 0.1059112 0.4348726 0.1156607 0.0956704 0.3597847 0.1053893 0.1139071 0.1029811 0.1127718 0.1156053 0.1151717 0.1132658 0.1021365 0.1057745 0.1340542 0.1095984 0.1198046 0.1128178 0.0993787 0.0863802 0.1081669 
Conoclinium_coelestinum_SRR9119114         0.1839733 0.1800777 0.1887733 0.0000000 0.2515130 0.1278681 0.1841376 0.3036099 0.2184163 0.1802073 0.2213219 0.2157158 0.2160947 0.2457307 0.2208543 0.2108217 0.1506194 0.1946479 0.2139261 0.2108071 0.2177348 0.3602470 0.2161464 0.2160836 0.2141445 0.2131590 0.2041050 0.2820024 0.2370953 0.2007272 0.1890257 0.1860428 0.2158599 0.1512179 0.1864554 0.2166843 0.2026717 0.2227585 0.2160947 0.2160947 0.1875573 0.2206459 0.1901255 0.1857844 0.2138720 0.2177350 0.2159239 0.1860912 0.2196318 0.2177416 0.2214938 0.2057604 0.2161058 0.1735544 0.1871521 0.1953290 0.2154348 0.2159239 0.1814813 0.1661465 0.3108202 0.1959776 0.2007484 0.1864852 0.4361202 0.2052818 0.2049836 0.3996709 0.2125663 0.2161464 0.1871935 0.2140993 0.2193225 0.2177348 0.2266885 0.2089204 0.1581036 0.0412500 0.2196397 0.2136112 0.2160632 0.2079449 0.1736642 0.2298182 
Eutetras_palmeri_63                        0.2488892 0.1321735 0.2803234 0.2515130 0.0000000 0.2414756 0.1155538 0.2605371 0.2714581 0.2810845 0.2484902 0.2939473 0.2945192 0.2179256 0.2972640 0.2978930 0.1224977 0.1287216 0.2588435 0.2410178 0.2916388 0.3031663 0.2960999 0.2262477 0.2940453 0.3084720 0.2973089 0.2635864 0.2259709 0.2473863 0.2857889 0.1771605 0.2887451 0.1007649 0.3165738 0.2998282 0.3001700 0.2903486 0.2944476 0.2944476 0.3008420 0.2321176 0.2738160 0.3282450 0.2947761 0.2797538 0.2898810 0.3037421 0.2552108 0.2907112 0.2946600 0.2769575 0.2795625 0.1895165 0.1324305 0.1256022 0.2587853 0.2456020 0.1856805 0.1298541 0.3287914 0.1041829 0.2902306 0.3025329 0.4395515 0.2468314 0.2775004 0.3886816 0.2679478 0.2958198 0.2668343 0.2956438 0.2620191 0.2914563 0.1171749 0.2520918 0.3119115 0.1102436 0.2888704 0.1246001 0.2897201 0.2863175 0.2077721 0.1164859 
Eutrochium_fistulosum_SRR9119106           0.1503524 0.1502471 0.1554355 0.1278681 0.2414756 0.0000000 0.1386608 0.2446335 0.1879495 0.1444053 0.1807692 0.1713041 0.1713248 0.1909918 0.1778910 0.1611506 0.1488369 0.1690368 0.1642689 0.1594750 0.1732129 0.3036977 0.1729711 0.1729125 0.1697502 0.1715628 0.1850535 0.2492804 0.1915086 0.1578293 0.1547399 0.1621462 0.1711448 0.1244066 0.1693710 0.1666538 0.1734542 0.1798181 0.1713248 0.1713248 0.1682607 0.1848426 0.1687621 0.1688430 0.1684446 0.1712784 0.1714678 0.1671258 0.1730456 0.1745993 0.1762963 0.1662983 0.1697327 0.1483917 0.1774061 0.1584207 0.1714678 0.1714678 0.1637978 0.1467608 0.2824818 0.1607797 0.1730911 0.1411724 0.4462053 0.1558089 0.1694280 0.3847619 0.1627082 0.1729711 0.1558435 0.1697502 0.1747830 0.1731486 0.1976227 0.1713941 0.1411394 0.0580980 0.1747477 0.1798905 0.1731858 0.1630279 0.1521939 0.1834183 
Galeana_pratensis_104_mex                  0.0981678 0.0920465 0.0998270 0.1841376 0.1155538 0.1386608 0.0000000 0.2215291 0.1296441 0.1017653 0.1227964 0.1208211 0.1231777 0.1207237 0.1204987 0.1202004 0.0980794 0.1335286 0.1178217 0.1177443 0.1208863 0.3009286 0.1231777 0.1209700 0.1208863 0.1054062 0.1209405 0.1230325 0.2468436 0.1189294 0.0929254 0.1247329 0.1183889 0.0944040 0.1260424 0.1206735 0.1207099 0.1161918 0.1231777 0.1231777 0.1284404 0.1209108 0.1285246 0.1178564 0.1209825 0.1207620 0.1208863 0.1282849 0.1255016 0.1231921 0.1230396 0.1031858 0.1232764 0.1117821 0.1254481 0.0919239 0.1208863 0.1208863 0.1252452 0.0944089 0.1044981 0.0932011 0.1182778 0.1132759 0.2936087 0.1073779 0.1069142 0.3402063 0.1177442 0.1231777 0.1183612 0.1207620 0.1254593 0.1255751 0.1215297 0.1071066 0.0957557 0.0000010 0.1160158 0.1322820 0.1208863 0.1072862 0.1055611 0.1359591 
Helianthus_annuus_SRR9119062               0.2446112 0.2128318 0.2400167 0.3036099 0.2605371 0.2446335 0.2215291 0.0000000 0.2859230 0.2317628 0.2696243 0.2641617 0.2662268 0.2611160 0.2650068 0.2501886 0.2057344 0.2773787 0.2522026 0.2432807 0.2642800 0.3164499 0.2685055 0.2667467 0.2620099 0.2728238 0.2572937 0.2971706 0.2383155 0.2619468 0.2168251 0.2790572 0.2590568 0.1330518 0.2410993 0.2579149 0.2622661 0.2700283 0.2662268 0.2662268 0.2405923 0.2584884 0.2400965 0.2084604 0.2434108 0.2685307 0.2642800 0.2408492 0.2637451 0.2660277 0.2707816 0.2708563 0.2639649 0.2496540 0.2212155 0.2288143 0.2642800 0.2642800 0.2607542 0.1961718 0.2736402 0.1663567 0.2725697 0.2376228 0.4613225 0.2685478 0.2460802 0.3778022 0.2542398 0.2685055 0.2760365 0.2638211 0.2643114 0.2666550 0.2690555 0.2465596 0.2177865 0.0000010 0.2613208 0.2625879 0.2642800 0.2515543 0.2150930 0.2621952 
Lycapsus_tenuifolius_17                    0.1649207 0.1338945 0.1610671 0.2184163 0.2714581 0.1879495 0.1296441 0.2859230 0.0000000 0.1735577 0.1419545 0.1865740 0.1880564 0.1608116 0.1847955 0.1798919 0.0925607 0.1389748 0.1487345 0.1769347 0.1852793 0.3139456 0.1895421 0.1511369 0.1839148 0.1800848 0.1981403 0.1444235 0.1006745 0.1524212 0.1775250 0.0051618 0.1869250 0.1034730 0.1856153 0.1803342 0.1894577 0.1890689 0.1866394 0.1866394 0.1803951 0.1467930 0.1580689 0.1808461 0.1820845 0.1853767 0.1853756 0.1832487 0.1894487 0.1899716 0.1910874 0.1621689 0.1899552 0.1154227 0.1536959 0.1339450 0.1634590 0.1853756 0.1430669 0.1197171 0.2975627 0.1464085 0.1827166 0.1777511 0.4443255 0.1892637 0.1663507 0.3511773 0.1631182 0.1893616 0.0635507 0.1866968 0.1840994 0.1896895 0.1354411 0.1683613 0.1759587 0.0831640 0.1866495 0.1523801 0.1867859 0.1758220 0.1198027 0.1357363 
Pericome_caudata_50_silver                 0.1096093 0.1029090 0.1085480 0.1802073 0.2810845 0.1444053 0.1017653 0.2317628 0.1735577 0.0000000 0.1423418 0.0996738 0.0975074 0.1119115 0.0957960 0.0926579 0.1013024 0.1049164 0.0888161 0.0896210 0.0986390 0.2651298 0.0986657 0.0984813 0.0974538 0.1086101 0.1339218 0.2187801 0.2318580 0.1024049 0.1176176 0.1167767 0.0953407 0.0765958 0.1370554 0.0916701 0.1156015 0.1015097 0.0963832 0.0963832 0.1347995 0.1058004 0.1386726 0.1376237 0.0828966 0.1001875 0.0963931 0.1348047 0.0988816 0.0987917 0.1019925 0.1063749 0.1005348 0.0962346 0.1282014 0.0845608 0.0965197 0.0980434 0.1277387 0.0957259 0.2566793 0.0859875 0.0997862 0.1030518 0.4113219 0.1089589 0.0856719 0.3483836 0.0892887 0.0985843 0.1123206 0.0985927 0.1019858 0.0975501 0.0918801 0.0868385 0.1002610 0.0904870 0.0965532 0.0941512 0.0975178 0.0898034 0.1044409 0.1034870 
Perityle_aglossa_84_dead_horse             0.1150327 0.1085478 0.1360984 0.2213219 0.2484902 0.1807692 0.1227964 0.2696243 0.1419545 0.1423418 0.0000000 0.0583286 0.0538767 0.0172555 0.0877156 0.0657510 0.0941915 0.0748517 0.0633750 0.0230727 0.0550027 0.2133475 0.0561547 0.0190508 0.0538826 0.1610388 0.1828123 0.2136476 0.2319499 0.1101558 0.1565602 0.1282018 0.0527205 0.0208122 0.1750666 0.0646866 0.1539021 0.0757542 0.0538767 0.0538767 0.1772927 0.0626850 0.1805810 0.1823442 0.0717708 0.0354332 0.0538826 0.1730904 0.0169909 0.0550220 0.0617863 0.1596117 0.0447175 0.1523380 0.1365676 0.1234498 0.0550027 0.0147293 0.1695672 0.1129472 0.2039847 0.1053856 0.0896148 0.1507501 0.3918096 0.1081892 0.1342236 0.3840423 0.0656499 0.0561062 0.1235190 0.0550154 0.0396735 0.0572912 0.0164614 0.1276845 0.1503991 0.0810049 0.0439063 0.1135279 0.0550117 0.0654199 0.1008266 0.0848116 
Perityle_ajoensis_204                      0.1125977 0.1128223 0.1116675 0.2157158 0.2939473 0.1713041 0.1208211 0.2641617 0.1865740 0.0996738 0.0583286 0.0000000 0.0066351 0.0131066 0.0533384 0.0271432 0.0943524 0.0749799 0.0237758 0.0242482 0.0075834 0.2281306 0.0075914 0.0097607 0.0066265 0.1184825 0.1422154 0.2451766 0.2450784 0.1061586 0.1158853 0.1299662 0.0095032 0.0175992 0.1359616 0.0271812 0.1209030 0.0545038 0.0056827 0.0056827 0.1349440 0.0127166 0.1414179 0.1406777 0.0341722 0.0078523 0.0056786 0.1313422 0.0081139 0.0114329 0.0142958 0.1204938 0.0146895 0.1085639 0.1389521 0.1218270 0.0070128 0.0060916 0.1400750 0.1153904 0.2760490 0.1084384 0.0500140 0.1120691 0.4248366 0.1150226 0.0982237 0.3772524 0.0253489 0.0075856 0.1235893 0.0075802 0.0079817 0.0085406 0.0054426 0.0987525 0.1060248 0.0806309 0.0143268 0.1114250 0.0066305 0.0339922 0.0988889 0.0878593 
Perityle_ambrosiifolia_67_green            0.1137919 0.1128086 0.1128062 0.2160947 0.2945192 0.1713248 0.1231777 0.2662268 0.1880564 0.0975074 0.0538767 0.0066351 0.0000000 0.0104751 0.0503052 0.0242021 0.0943800 0.0735266 0.0195955 0.0221362 0.0066391 0.2234468 0.0028401 0.0054095 0.0056830 0.1197337 0.1412763 0.2437850 0.2452697 0.1035917 0.1147193 0.1314654 0.0066435 0.0159897 0.1348949 0.0242359 0.1198918 0.0514028 0.0009444 0.0009444 0.1338673 0.0127281 0.1389053 0.1408116 0.0312003 0.0068747 0.0047347 0.1302660 0.0030350 0.0085633 0.0095079 0.1205923 0.0117356 0.1072796 0.1369499 0.1218615 0.0050079 0.0050793 0.1386703 0.1132800 0.2744020 0.1084810 0.0450008 0.1110492 0.4253903 0.1138510 0.0960595 0.3767408 0.0222754 0.0028379 0.1249068 0.0066363 0.0069880 0.0075958 0.0054462 0.0965049 0.1026549 0.0715208 0.0114461 0.1091489 0.0056864 0.0310363 0.0975758 0.0850262 
Perityle_angustifolia_13_Eagle_creek       0.1187142 0.1051775 0.1140677 0.2457307 0.2179256 0.1909918 0.1207237 0.2611160 0.1608116 0.1119115 0.0172555 0.0131066 0.0104751 0.0000000 0.0512248 0.0267575 0.0983665 0.0799789 0.0253990 0.0226515 0.0104765 0.2277154 0.0131146 0.0104891 0.0104765 0.1261436 0.1524242 0.2509505 0.2452697 0.1148587 0.1099457 0.1441283 0.0065196 0.0211260 0.1463344 0.0282318 0.1226259 0.0512587 0.0104751 0.0104751 0.1468052 0.0189365 0.1485921 0.1450307 0.0337280 0.0131162 0.0104765 0.1416498 0.0131207 0.0104702 0.0171229 0.1214694 0.0065245 0.1097796 0.1327586 0.1218786 0.0104765 0.0104765 0.1457743 0.1110774 0.2092497 0.1084388 0.0554295 0.1140648 0.3872852 0.1182621 0.0988252 0.3956456 0.0281183 0.0131146 0.1415759 0.0117936 0.0131169 0.0144585 0.0090862 0.1023020 0.1234364 0.0000010 0.0131301 0.1067550 0.0117995 0.0266012 0.1119518 0.0820841 
Perityle_batopilensis_97                   0.1169979 0.1194758 0.1082207 0.2208543 0.2972640 0.1778910 0.1204987 0.2650068 0.1847955 0.0957960 0.0877156 0.0533384 0.0503052 0.0512248 0.0000000 0.0414779 0.0961221 0.0748377 0.0410427 0.0350890 0.0513385 0.2374464 0.0513514 0.0490829 0.0502799 0.1125492 0.1431080 0.2446985 0.2442716 0.1164164 0.1140362 0.1249154 0.0462820 0.0305653 0.1391718 0.0435328 0.1216413 0.0137672 0.0492775 0.0492775 0.1369078 0.0560957 0.1390527 0.1463134 0.0425271 0.0518978 0.0492824 0.1332808 0.0492568 0.0493951 0.0554576 0.1114006 0.0513558 0.1074581 0.1366182 0.1119495 0.0499030 0.0472502 0.1322387 0.1022955 0.2742049 0.1054949 0.0637590 0.1172875 0.4230285 0.1138016 0.0965842 0.3621836 0.0423079 0.0513109 0.1206426 0.0513158 0.0494089 0.0523863 0.0351998 0.0991088 0.1124332 0.0715208 0.0483509 0.1065388 0.0503112 0.0371698 0.1053419 0.0876674 
Perityle_bisetosa_9                        0.1026966 0.1122037 0.1023059 0.2108217 0.2978930 0.1611506 0.1202004 0.2501886 0.1798919 0.0926579 0.0657510 0.0271432 0.0242021 0.0267575 0.0414779 0.0000000 0.0914851 0.0697754 0.0092299 0.0052129 0.0251929 0.2032191 0.0251990 0.0231975 0.0241903 0.1138648 0.1330374 0.2445654 0.2322073 0.1016760 0.1132384 0.1234148 0.0212712 0.0161755 0.1297283 0.0125141 0.1163464 0.0382170 0.0232150 0.0232150 0.1273602 0.0314253 0.1346510 0.1395050 0.0203528 0.0230377 0.0232174 0.1251292 0.0237809 0.0242477 0.0301465 0.1156355 0.0248931 0.1043399 0.1302558 0.1175190 0.0245863 0.0217542 0.1358129 0.1061924 0.2696815 0.1048640 0.0525345 0.1050823 0.4329384 0.1057490 0.0913323 0.3677368 0.0100535 0.0251794 0.1142659 0.0251820 0.0223853 0.0261913 0.0223508 0.0915979 0.1047233 0.0715208 0.0222743 0.1060605 0.0242051 0.0292788 0.0941950 0.0855755 
Perityle_californica_76_positas            0.0978115 0.0836384 0.0880406 0.1506194 0.1224977 0.1488369 0.0980794 0.2057344 0.0925607 0.1013024 0.0941915 0.0943524 0.0943800 0.0983665 0.0961221 0.0914851 0.0000000 0.1111310 0.0874861 0.0853865 0.0963834 0.2494680 0.0924885 0.0945875 0.0943785 0.1150420 0.1140949 0.1009597 0.1631865 0.0886477 0.0767488 0.0898950 0.0942642 0.0655743 0.0953153 0.0900238 0.1083972 0.1001223 0.0943800 0.0943800 0.0968103 0.0964012 0.1008300 0.0826775 0.0879561 0.0962977 0.0963834 0.0968318 0.0963643 0.0943735 0.0983981 0.1130809 0.0963334 0.0988343 0.1189305 0.1018559 0.0963834 0.0963834 0.1264775 0.0984965 0.1161338 0.0981986 0.0883400 0.0947335 0.3088948 0.0965593 0.0868495 0.3460120 0.0894146 0.0924885 0.0848613 0.0943785 0.1003241 0.1024910 0.0883887 0.0890319 0.0788161 0.0000010 0.0922406 0.1114053 0.0963834 0.0786318 0.0247207 0.1012948 
Perityle_canescens_77                      0.1209998 0.1246222 0.1165184 0.1946479 0.1287216 0.1690368 0.1335286 0.2773787 0.1389748 0.1049164 0.0748517 0.0749799 0.0735266 0.0799789 0.0748377 0.0697754 0.1111310 0.0000000 0.0697645 0.0652168 0.0706001 0.2511557 0.0750312 0.0736341 0.0706001 0.1401808 0.1339426 0.1506257 0.2766311 0.1259460 0.1065262 0.1416141 0.0704882 0.0619754 0.1092293 0.0715566 0.1120612 0.0734515 0.0735266 0.0735266 0.1105044 0.0735478 0.1155398 0.1099303 0.0728832 0.0749765 0.0706001 0.1054456 0.0750191 0.0750261 0.0780428 0.1335952 0.0735664 0.1012756 0.1548069 0.1403187 0.0706001 0.0706001 0.1316181 0.1188514 0.1243781 0.1319543 0.0660055 0.1030998 0.3677138 0.1167388 0.0946485 0.4077344 0.0682732 0.0750312 0.1343666 0.0750022 0.0735533 0.0751382 0.0591508 0.0948942 0.0954011 0.0299776 0.0690118 0.1285561 0.0706001 0.0632322 0.1019880 0.1158517 
Perityle_castillonii_96                    0.1019011 0.1070961 0.1029280 0.2139261 0.2588435 0.1642689 0.1178217 0.2522026 0.1487345 0.0888161 0.0633750 0.0237758 0.0195955 0.0253990 0.0410427 0.0092299 0.0874861 0.0697645 0.0000000 0.0055467 0.0216979 0.2083339 0.0217035 0.0220781 0.0195976 0.1157264 0.1309252 0.2296402 0.2200743 0.1020855 0.1114965 0.1218786 0.0175248 0.0145438 0.1310131 0.0071736 0.1140064 0.0398912 0.0195955 0.0195955 0.1299587 0.0280984 0.1342097 0.1343538 0.0165396 0.0225390 0.0195976 0.1260789 0.0233407 0.0196370 0.0269676 0.1108100 0.0232016 0.1000506 0.1259896 0.1155698 0.0206443 0.0211609 0.1308617 0.1017693 0.2183105 0.0991481 0.0497064 0.1020792 0.3964200 0.1045421 0.0909380 0.3816002 0.0030593 0.0216854 0.1152552 0.0216879 0.0213858 0.0227583 0.0223322 0.0901390 0.0993684 0.0715208 0.0185707 0.1013589 0.0206476 0.0228378 0.0928252 0.0797826 
Perityle_cernua_84                         0.1023318 0.1064471 0.0979966 0.2108071 0.2410178 0.1594750 0.1177443 0.2432807 0.1769347 0.0896210 0.0230727 0.0242482 0.0221362 0.0226515 0.0350890 0.0052129 0.0853865 0.0652168 0.0055467 0.0000000 0.0221413 0.2081957 0.0232193 0.0214361 0.0221245 0.0976971 0.1282222 0.2394370 0.2315478 0.0977913 0.1002871 0.1186288 0.0189481 0.0112674 0.1160562 0.0094319 0.1033110 0.0351199 0.0210634 0.0210634 0.1175264 0.0282439 0.1227263 0.1281316 0.0136683 0.0232017 0.0210657 0.1136394 0.0232083 0.0221816 0.0264553 0.0973510 0.0232455 0.0922306 0.1258120 0.1114614 0.0199028 0.0210657 0.1260070 0.0994305 0.2574156 0.0988524 0.0485053 0.0950807 0.4107738 0.1031530 0.0821692 0.3618732 0.0076061 0.0231996 0.1115960 0.0221304 0.0224152 0.0242980 0.0166692 0.0848179 0.1015024 0.0715208 0.0200099 0.1011102 0.0221393 0.0200652 0.0899602 0.0795388 
Perityle_cfvillosa_25_tin                  0.1138163 0.1129551 0.1128293 0.2177348 0.2916388 0.1732129 0.1208863 0.2642800 0.1852793 0.0986390 0.0550027 0.0075834 0.0066391 0.0104765 0.0513385 0.0251929 0.0963834 0.0706001 0.0216979 0.0221413 0.0000000 0.2234468 0.0075961 0.0064989 0.0047312 0.1209005 0.1424685 0.2421579 0.2452697 0.1049630 0.1159746 0.1300129 0.0075993 0.0176123 0.1373843 0.0252282 0.1210605 0.0514137 0.0056862 0.0056862 0.1363772 0.0116531 0.1429747 0.1419668 0.0322046 0.0049021 0.0018892 0.1327645 0.0070992 0.0104813 0.0114293 0.1230491 0.0117381 0.1086539 0.1369748 0.1218826 0.0009976 0.0010120 0.1386885 0.1133024 0.2725988 0.1084810 0.0480302 0.1122159 0.4250355 0.1138772 0.0971850 0.3774529 0.0233099 0.0075903 0.1237111 0.0056827 0.0029865 0.0047379 0.0036267 0.0954133 0.1049828 0.0715208 0.0124110 0.1067891 0.0028375 0.0320350 0.1003793 0.0821157 
Perityle_cinerea_113_Powell1310            0.3128727 0.2730182 0.3107978 0.3602470 0.3031663 0.3036977 0.3009286 0.3164499 0.3139456 0.2651298 0.2133475 0.2281306 0.2234468 0.2277154 0.2374464 0.2032191 0.2494680 0.2511557 0.2083339 0.2081957 0.2234468 0.0000000 0.2234468 0.2240116 0.2234468 0.2744968 0.2891514 0.3156350 0.3234428 0.2807876 0.2485774 0.3090631 0.2279723 0.2232168 0.3011851 0.2247013 0.2819005 0.2325885 0.2234468 0.2234468 0.2992328 0.2234468 0.3116542 0.2566308 0.1951860 0.2234468 0.2234468 0.2997069 0.2234468 0.2234468 0.2279723 0.2754037 0.2234468 0.2824618 0.2997722 0.2811078 0.2234468 0.2234468 0.2615182 0.2803889 0.2653606 0.2849637 0.2426846 0.2745106 0.5059782 0.2565536 0.2631231 0.5852295 0.2135030 0.2234468 0.3099192 0.2234468 0.2333088 0.2234468 0.2275752 0.2643108 0.2737115 0.0000010 0.2179797 0.2785164 0.2234468 0.2232168 0.2570055 0.2977035 
Perityle_coahuilensis_24                   0.1150470 0.1128086 0.1140024 0.2161464 0.2960999 0.1729711 0.1231777 0.2685055 0.1895421 0.0986657 0.0561547 0.0075914 0.0028401 0.0131146 0.0513514 0.0251990 0.0924885 0.0750312 0.0217035 0.0232193 0.0075961 0.2234468 0.0000000 0.0075899 0.0066376 0.1198334 0.1414058 0.2452587 0.2452697 0.1062231 0.1136453 0.1330437 0.0076011 0.0159897 0.1325940 0.0252343 0.1210941 0.0524732 0.0018910 0.0018910 0.1315463 0.0138105 0.1377641 0.1385202 0.0322125 0.0078659 0.0056881 0.1279511 0.0040516 0.0095255 0.0104704 0.1219236 0.0127283 0.1087697 0.1369499 0.1238472 0.0070252 0.0061025 0.1388208 0.1132800 0.2728232 0.1084810 0.0470482 0.1122472 0.4284706 0.1150901 0.0972112 0.3723985 0.0233159 0.0000010 0.1261432 0.0075929 0.0079958 0.0085549 0.0072725 0.0977013 0.1004662 0.0628967 0.0124140 0.1091452 0.0066415 0.0320429 0.0975942 0.0850262 
Perityle_cochisensis_44_cave_creek         0.1120317 0.1070767 0.1097279 0.2160836 0.2262477 0.1729125 0.1209700 0.2667467 0.1511369 0.0984813 0.0190508 0.0097607 0.0054095 0.0104891 0.0490829 0.0231975 0.0945875 0.0736341 0.0220781 0.0214361 0.0064989 0.2240116 0.0075899 0.0000000 0.0054102 0.1230039 0.1433064 0.2273528 0.2460790 0.1061963 0.1136139 0.1283981 0.0075936 0.0176383 0.1309430 0.0243995 0.1151802 0.0479734 0.0054095 0.0054095 0.1326047 0.0135597 0.1356322 0.1398766 0.0266395 0.0075841 0.0054102 0.1284469 0.0076820 0.0097898 0.0119687 0.1190765 0.0119785 0.1054638 0.1349614 0.1220892 0.0054102 0.0054983 0.1349126 0.1111833 0.2256251 0.1114794 0.0481348 0.1102352 0.3971875 0.1126830 0.0967731 0.3860045 0.0243185 0.0075833 0.1232199 0.0064956 0.0076198 0.0086827 0.0036288 0.0989120 0.1034763 0.0809996 0.0130797 0.1092519 0.0064983 0.0242157 0.0983762 0.0851264 
Perityle_congesta_202                      0.1137246 0.1110597 0.1127426 0.2141445 0.2940453 0.1697502 0.1208863 0.2620099 0.1839148 0.0974538 0.0538826 0.0066265 0.0056830 0.0104765 0.0502799 0.0241903 0.0943785 0.0706001 0.0195976 0.0221245 0.0047312 0.2234468 0.0066376 0.0054102 0.0000000 0.1196660 0.1400088 0.2421432 0.2452697 0.1022611 0.1135199 0.1284384 0.0066404 0.0159897 0.1347970 0.0242242 0.1198239 0.0513763 0.0047321 0.0047321 0.1337694 0.0105858 0.1389034 0.1407097 0.0311850 0.0048986 0.0028342 0.1301710 0.0070941 0.0095155 0.0114161 0.1206052 0.0117299 0.1072928 0.1348434 0.1218826 0.0029991 0.0030400 0.1386885 0.1133024 0.2709213 0.1084810 0.0469839 0.1109865 0.4274543 0.1137787 0.0960071 0.3774529 0.0212470 0.0066325 0.1222991 0.0047292 0.0039824 0.0056836 0.0036267 0.0964501 0.1025848 0.0715208 0.0114407 0.1091743 0.0037821 0.0310211 0.0975747 0.0793289 
Perityle_cordifolia_27                     0.1201932 0.1343313 0.1164907 0.2131590 0.3084720 0.1715628 0.1054062 0.2728238 0.1800848 0.1086101 0.1610388 0.1184825 0.1197337 0.1261436 0.1125492 0.1138648 0.1150420 0.1401808 0.1157264 0.0976971 0.1209005 0.2744968 0.1198334 0.1230039 0.1196660 0.0000000 0.1446783 0.2565877 0.2196344 0.1228849 0.1285677 0.1337618 0.1164103 0.1040788 0.1530639 0.1117678 0.1355868 0.1162847 0.1185744 0.1185744 0.1512146 0.1366560 0.1580572 0.1584628 0.1094389 0.1193597 0.1185865 0.1512272 0.1152356 0.1199805 0.1220772 0.0164151 0.1210280 0.1189309 0.1538623 0.0166146 0.1265911 0.1120063 0.1339341 0.1188214 0.2984115 0.0099209 0.1174938 0.1252294 0.3773749 0.1231995 0.1073671 0.3726996 0.1166787 0.1197337 0.1291304 0.1208430 0.1229991 0.1221062 0.1128576 0.1084078 0.1401515 0.1099713 0.1164537 0.1224714 0.1197456 0.1097410 0.1219877 0.1306747 
Perityle_cordifolia_68_tecolote            0.0991457 0.0991073 0.0954284 0.2041050 0.2973089 0.1850535 0.1209405 0.2572937 0.1981403 0.1339218 0.1828123 0.1422154 0.1412763 0.1524242 0.1431080 0.1330374 0.1140949 0.1339426 0.1309252 0.1282222 0.1424685 0.2891514 0.1414058 0.1433064 0.1400088 0.1446783 0.0000000 0.2597627 0.2582315 0.1300740 0.1300754 0.1489171 0.1379034 0.0937246 0.1417408 0.1320370 0.1487213 0.1467073 0.1400914 0.1400914 0.1371698 0.1502400 0.1465368 0.1492207 0.1272146 0.1441452 0.1401055 0.1383505 0.1418100 0.1404193 0.1470798 0.1443938 0.1434343 0.1259997 0.0052069 0.1397832 0.1429766 0.1385858 0.1338449 0.1120842 0.3050258 0.1436628 0.1352972 0.1336594 0.4241971 0.1487787 0.1183504 0.3920510 0.1328701 0.1412880 0.1427550 0.1424002 0.1459303 0.1437080 0.1313738 0.1234156 0.1265592 0.1003656 0.1392211 0.1474037 0.1412893 0.1321733 0.1251105 0.1522536 
Perityle_crassifolia_70_ventanas           0.2270266 0.1300397 0.2210698 0.2820024 0.2635864 0.2492804 0.1230325 0.2971706 0.1444235 0.2187801 0.2136476 0.2451766 0.2437850 0.2509505 0.2446985 0.2445654 0.1009597 0.1506257 0.2296402 0.2394370 0.2421579 0.3156350 0.2452587 0.2273528 0.2421432 0.2565877 0.2597627 0.0000000 0.1063921 0.2291913 0.2222288 0.0810169 0.2427144 0.1030779 0.2408962 0.2437087 0.2490910 0.2512606 0.2452049 0.2452049 0.2320391 0.2116026 0.2278537 0.2442337 0.2439878 0.2453476 0.2437842 0.2338280 0.2453860 0.2447375 0.2501135 0.2461219 0.2463484 0.1409328 0.1518439 0.1400764 0.2333603 0.2437842 0.1474885 0.1156228 0.2899463 0.1408413 0.2365291 0.2438926 0.4464691 0.2483685 0.2171971 0.3707025 0.2394566 0.2452587 0.1313486 0.2452831 0.2453865 0.2488048 0.1720149 0.2211673 0.2287318 0.0124564 0.2383658 0.1574407 0.2454142 0.2326891 0.1779228 0.1359367 
Perityle_crassifolia_74_playa_balandra     0.2118659 0.1942127 0.2159775 0.2370953 0.2259709 0.1915086 0.2468436 0.2383155 0.1006745 0.2318580 0.2319499 0.2450784 0.2452697 0.2452697 0.2442716 0.2322073 0.1631865 0.2766311 0.2200743 0.2315478 0.2452697 0.3234428 0.2452697 0.2460790 0.2452697 0.2196344 0.2582315 0.1063921 0.0000000 0.2520869 0.1920950 0.0955255 0.2511872 0.2326395 0.2006028 0.2332504 0.2337462 0.2384616 0.2452697 0.2452697 0.2062500 0.2452697 0.2069657 0.1694691 0.2363491 0.2452697 0.2452697 0.2060963 0.2452697 0.2452697 0.2511872 0.2269679 0.2452697 0.2313090 0.2642072 0.2147355 0.2452697 0.2452697 0.2314908 0.2258954 0.2188602 0.2196344 0.2381393 0.2051187 0.4179949 0.2276232 0.2200288 0.3155954 0.2191183 0.2452697 0.1009397 0.2452697 0.2582820 0.2452697 0.2514178 0.2270977 0.2048482 0.0000010 0.2380074 0.2453404 0.2452697 0.2326395 0.1643152 0.2326140 
Perityle_cuneata_34_cuneata_San_antonio    0.1003718 0.1093574 0.0978736 0.2007272 0.2473863 0.1578293 0.1189294 0.2619468 0.1524212 0.1024049 0.1101558 0.1061586 0.1035917 0.1148587 0.1164164 0.1016760 0.0886477 0.1259460 0.1020855 0.0977913 0.1049630 0.2807876 0.1062231 0.1061963 0.1022611 0.1228849 0.1300740 0.2291913 0.2520869 0.0000000 0.1085776 0.1214405 0.1023750 0.0842381 0.1265868 0.0992171 0.1225924 0.1193314 0.1035917 0.1035917 0.1267229 0.1151377 0.1317103 0.1317130 0.1047896 0.1062296 0.1036042 0.1238575 0.1062712 0.0999104 0.1090522 0.1231906 0.1064377 0.1087493 0.1290567 0.1163787 0.1050799 0.1036042 0.1407596 0.1086395 0.2475252 0.1175782 0.1063705 0.1108229 0.4076099 0.1225672 0.1059251 0.3915568 0.1044703 0.1062231 0.1168359 0.1049005 0.1054389 0.1076881 0.1036896 0.1091463 0.1104212 0.0387248 0.1035112 0.1260435 0.1049506 0.0995739 0.0963865 0.1377635 
Perityle_cuneata_4                         0.1070894 0.0793168 0.1075296 0.1890257 0.2857889 0.1547399 0.0929254 0.2168251 0.1775250 0.1176176 0.1565602 0.1158853 0.1147193 0.1099457 0.1140362 0.1132384 0.0767488 0.1065262 0.1114965 0.1002871 0.1159746 0.2485774 0.1136453 0.1136139 0.1135199 0.1285677 0.1300754 0.2222288 0.1920950 0.1085776 0.0000000 0.1134052 0.1124764 0.0676123 0.1198077 0.1110394 0.1233879 0.1192052 0.1135295 0.1135295 0.1174992 0.1239231 0.1245930 0.1306760 0.1051402 0.1157196 0.1135977 0.1151223 0.1073154 0.1149089 0.1218492 0.1279459 0.1170605 0.1097414 0.1139603 0.1143066 0.1155094 0.1064793 0.1274820 0.0956667 0.2869177 0.0937549 0.1136410 0.1171965 0.3894392 0.1103706 0.0993545 0.3446401 0.1126856 0.1135478 0.1114581 0.1135834 0.1166112 0.1172112 0.0820288 0.1024546 0.1078385 0.1404348 0.1137771 0.1060384 0.1147882 0.1007263 0.0836575 0.0646316 
Perityle_discoidea_81                      0.1099630 0.1181465 0.1054562 0.1860428 0.1771605 0.1621462 0.1247329 0.2790572 0.0051618 0.1167767 0.1282018 0.1299662 0.1314654 0.1441283 0.1249154 0.1234148 0.0898950 0.1416141 0.1218786 0.1186288 0.1300129 0.3090631 0.1330437 0.1283981 0.1284384 0.1337618 0.1489171 0.0810169 0.0955255 0.1214405 0.1134052 0.0000000 0.1297857 0.1036816 0.1339700 0.1238067 0.1331075 0.1312163 0.1314654 0.1314654 0.1333630 0.1300302 0.1384997 0.1263635 0.1240139 0.1300153 0.1300129 0.1351513 0.1330215 0.1315379 0.1347235 0.1337976 0.1330858 0.1172523 0.1495142 0.1315979 0.1300129 0.1300129 0.1471323 0.1149157 0.1993750 0.1358540 0.1249551 0.1266000 0.3540058 0.1304108 0.1032150 0.3444170 0.1249413 0.1330437 0.0116811 0.1315155 0.1330756 0.1348041 0.1286952 0.1051834 0.1247377 0.0136323 0.1281715 0.1474799 0.1300129 0.1162719 0.0913049 0.1328218 
Perityle_dissecta_201                      0.1103063 0.1089882 0.1094818 0.2158599 0.2887451 0.1711448 0.1183889 0.2590568 0.1869250 0.0953407 0.0527205 0.0095032 0.0066435 0.0065196 0.0462820 0.0212712 0.0942642 0.0704882 0.0175248 0.0189481 0.0075993 0.2279723 0.0076011 0.0075936 0.0066404 0.1164103 0.1379034 0.2427144 0.2511872 0.1023750 0.1124764 0.1297857 0.0000000 0.0159771 0.1325671 0.0213009 0.1152879 0.0483147 0.0056899 0.0056899 0.1315195 0.0137847 0.1377335 0.1384918 0.0282394 0.0078693 0.0056905 0.1279254 0.0081250 0.0066397 0.0123924 0.1183092 0.0068130 0.1058265 0.1325956 0.1178208 0.0070283 0.0061052 0.1341100 0.1066999 0.2655313 0.1083001 0.0449898 0.1065519 0.4268255 0.1062860 0.0928281 0.3854472 0.0192128 0.0075952 0.1211693 0.0075961 0.0069803 0.0085585 0.0072579 0.0931492 0.1004484 0.0715208 0.0085742 0.1044167 0.0066443 0.0280912 0.0963218 0.0819762 
Perityle_emoryi_47_punta_san_jose          0.0793164 0.0742831 0.0747954 0.1512179 0.1007649 0.1244066 0.0944040 0.1330518 0.1034730 0.0765958 0.0208122 0.0175992 0.0159897 0.0211260 0.0305653 0.0161755 0.0655743 0.0619754 0.0145438 0.0112674 0.0176123 0.2232168 0.0159897 0.0176383 0.0159897 0.1040788 0.0937246 0.1030779 0.2326395 0.0842381 0.0676123 0.1036816 0.0159771 0.0000000 0.0824080 0.0162513 0.0910685 0.0273265 0.0159897 0.0159897 0.0838868 0.0176131 0.0857818 0.0712575 0.0211836 0.0159897 0.0176123 0.0804427 0.0159897 0.0175993 0.0208653 0.0948862 0.0159897 0.0824401 0.1017955 0.1005020 0.0176123 0.0176123 0.1071229 0.0932779 0.0705745 0.0974445 0.0422979 0.0764145 0.2315513 0.0871313 0.0593985 0.3134249 0.0161695 0.0159897 0.0970370 0.0159897 0.0208561 0.0192490 0.0172502 0.0630071 0.0663251 0.0282599 0.0143638 0.0924550 0.0176123 0.0000010 0.0650038 0.0843423 
Perityle_feddemae_99                       0.1156939 0.0995998 0.1254090 0.1864554 0.3165738 0.1693710 0.1260424 0.2410993 0.1856153 0.1370554 0.1750666 0.1359616 0.1348949 0.1463344 0.1391718 0.1297283 0.0953153 0.1092293 0.1310131 0.1160562 0.1373843 0.3011851 0.1325940 0.1309430 0.1347970 0.1530639 0.1417408 0.2408962 0.2006028 0.1265868 0.1198077 0.1339700 0.1325671 0.0824080 0.0000000 0.1273788 0.1183636 0.1364747 0.1336485 0.1336485 0.0206833 0.1463490 0.0255262 0.0886815 0.1275496 0.1354847 0.1348932 0.0185802 0.1275416 0.1363018 0.1411455 0.1531864 0.1305887 0.1057894 0.1357073 0.1366935 0.1375662 0.1254212 0.1247083 0.1203258 0.2908498 0.1364016 0.1239615 0.1074462 0.3903676 0.1410848 0.1241508 0.3372946 0.1305527 0.1324772 0.1219205 0.1348754 0.1368145 0.1386892 0.1344971 0.1233286 0.0918185 0.0900472 0.1312928 0.1397353 0.1361411 0.1240199 0.1021559 0.0818296 
Perityle_fosteri_93                        0.1053547 0.1127616 0.1047523 0.2166843 0.2998282 0.1666538 0.1206735 0.2579149 0.1803342 0.0916701 0.0646866 0.0271812 0.0242359 0.0282318 0.0435328 0.0125141 0.0900238 0.0715566 0.0071736 0.0094319 0.0252282 0.2247013 0.0252343 0.0243995 0.0242242 0.1117678 0.1320370 0.2437087 0.2332504 0.0992171 0.1110394 0.1238067 0.0213009 0.0162513 0.1273788 0.0000000 0.1164439 0.0434232 0.0232475 0.0232475 0.1263640 0.0315131 0.1323329 0.1384728 0.0193946 0.0261445 0.0232498 0.1227656 0.0259522 0.0242817 0.0301888 0.1122811 0.0269554 0.1031407 0.1287710 0.1201131 0.0235909 0.0239215 0.1313814 0.1045562 0.2665049 0.1025624 0.0494907 0.1051710 0.4308497 0.1073994 0.0903467 0.3627955 0.0070338 0.0252146 0.1145385 0.0252172 0.0255390 0.0262280 0.0262202 0.0905746 0.1025316 0.0715208 0.0203268 0.1088978 0.0242390 0.0283188 0.0959337 0.0860162 
Perityle_gamon_221                         0.1161166 0.1109512 0.1211392 0.2026717 0.3001700 0.1734542 0.1207099 0.2622661 0.1894577 0.1156015 0.1539021 0.1209030 0.1198918 0.1226259 0.1216413 0.1163464 0.1083972 0.1120612 0.1140064 0.1033110 0.1210605 0.2819005 0.1210941 0.1151802 0.1198239 0.1355868 0.1487213 0.2490910 0.2337462 0.1225924 0.1233879 0.1331075 0.1152879 0.0910685 0.1183636 0.1164439 0.0000000 0.1210809 0.1187307 0.1187307 0.1135946 0.1258127 0.1144309 0.1293299 0.1108393 0.1187068 0.1187428 0.1149012 0.1154327 0.1199533 0.1243879 0.1344891 0.1163717 0.0765731 0.1427963 0.1200032 0.1200765 0.1121967 0.1030033 0.0808918 0.2622702 0.1142917 0.1176476 0.0733457 0.4616421 0.0593923 0.1003938 0.3630817 0.1162702 0.1209932 0.1287954 0.1210028 0.1169504 0.1222681 0.0928476 0.1007543 0.1194971 0.0897757 0.1165324 0.0878097 0.1199037 0.1109548 0.1130614 0.1028840 
Perityle_gentryi_8_san_francisco           0.1172786 0.1217005 0.1092090 0.2227585 0.2903486 0.1798181 0.1161918 0.2700283 0.1890689 0.1015097 0.0757542 0.0545038 0.0514028 0.0512587 0.0137672 0.0382170 0.1001223 0.0734515 0.0398912 0.0351199 0.0514137 0.2325885 0.0524732 0.0479734 0.0513763 0.1162847 0.1467073 0.2512606 0.2384616 0.1193314 0.1192052 0.1312163 0.0483147 0.0273265 0.1364747 0.0434232 0.1210809 0.0000000 0.0503517 0.0503517 0.1366725 0.0576341 0.1365316 0.1489339 0.0434574 0.0517862 0.0503569 0.1329601 0.0491477 0.0515039 0.0566953 0.1144515 0.0530024 0.1096674 0.1391703 0.1160567 0.0490035 0.0471454 0.1384573 0.1111469 0.2774622 0.1029500 0.0662085 0.1189357 0.4158135 0.1200339 0.0977613 0.3779152 0.0401227 0.0524309 0.1259178 0.0513893 0.0505011 0.0535318 0.0352337 0.1007208 0.1153254 0.0715208 0.0494062 0.1115491 0.0514090 0.0359350 0.1082588 0.0937934 
Perityle_gilensis_22_Superstition          0.1125784 0.1128086 0.1116493 0.2160947 0.2944476 0.1713248 0.1231777 0.2662268 0.1866394 0.0963832 0.0538767 0.0056827 0.0009444 0.0104751 0.0492775 0.0232150 0.0943800 0.0735266 0.0195955 0.0210634 0.0056862 0.2234468 0.0018910 0.0054095 0.0047321 0.1185744 0.1400914 0.2452049 0.2452697 0.1035917 0.1135295 0.1314654 0.0056899 0.0159897 0.1336485 0.0232475 0.1187307 0.0503517 0.0000000 0.0000010 0.1326107 0.0127281 0.1389053 0.1395661 0.0302004 0.0058878 0.0037848 0.1290153 0.0020217 0.0076058 0.0085503 0.1205923 0.0107488 0.1072796 0.1369499 0.1218615 0.0050079 0.0040600 0.1386703 0.1132800 0.2744055 0.1084810 0.0459898 0.1098903 0.4253903 0.1125485 0.0949415 0.3767408 0.0212448 0.0018895 0.1236007 0.0056838 0.0059847 0.0066411 0.0054462 0.0953436 0.1014911 0.0715208 0.0104839 0.1091489 0.0047349 0.0300418 0.0975758 0.0850262 
Perityle_gilensis_salensis_225             0.1125784 0.1128086 0.1116493 0.2160947 0.2944476 0.1713248 0.1231777 0.2662268 0.1866394 0.0963832 0.0538767 0.0056827 0.0009444 0.0104751 0.0492775 0.0232150 0.0943800 0.0735266 0.0195955 0.0210634 0.0056862 0.2234468 0.0018910 0.0054095 0.0047321 0.1185744 0.1400914 0.2452049 0.2452697 0.1035917 0.1135295 0.1314654 0.0056899 0.0159897 0.1336485 0.0232475 0.1187307 0.0503517 0.0000010 0.0000000 0.1326107 0.0127281 0.1389053 0.1395661 0.0302004 0.0058878 0.0037848 0.1290153 0.0020217 0.0076058 0.0085503 0.1205923 0.0107488 0.1072796 0.1369499 0.1218615 0.0050079 0.0040600 0.1386703 0.1132800 0.2744055 0.1084810 0.0459898 0.1098903 0.4253903 0.1125485 0.0949415 0.3767408 0.0212448 0.0018895 0.1236007 0.0056838 0.0059847 0.0066411 0.0054462 0.0953436 0.1014911 0.0715208 0.0104839 0.1091489 0.0047349 0.0300418 0.0975758 0.0850262 
Perityle_glaucescens_94                    0.1144372 0.1010585 0.1218285 0.1875573 0.3008420 0.1682607 0.1284404 0.2405923 0.1803951 0.1347995 0.1772927 0.1349440 0.1338673 0.1468052 0.1369078 0.1273602 0.0968103 0.1105044 0.1299587 0.1175264 0.1363772 0.2992328 0.1315463 0.1326047 0.1337694 0.1512146 0.1371698 0.2320391 0.2062500 0.1267229 0.1174992 0.1333630 0.1315195 0.0838868 0.0206833 0.1263640 0.1135946 0.1366725 0.1326107 0.1326107 0.0000000 0.1450292 0.0142444 0.0861841 0.1265360 0.1357071 0.1338656 0.0133514 0.1290434 0.1352846 0.1401693 0.1513333 0.1307593 0.0982873 0.1376116 0.1429115 0.1364981 0.1269011 0.1211903 0.1199262 0.2793722 0.1459335 0.1228440 0.1026764 0.4041560 0.1398919 0.1205739 0.3415005 0.1295164 0.1314294 0.1221275 0.1338478 0.1370550 0.1376924 0.1340450 0.1195973 0.0916527 0.0810283 0.1302350 0.1392029 0.1338656 0.1253969 0.1048056 0.0817587 
Perityle_gracilis_11                       0.1192836 0.1053028 0.1195286 0.2206459 0.2321176 0.1848426 0.1209108 0.2584884 0.1467930 0.1058004 0.0626850 0.0127166 0.0127281 0.0189365 0.0560957 0.0314253 0.0964012 0.0735478 0.0280984 0.0282439 0.0116531 0.2234468 0.0138105 0.0135597 0.0105858 0.1366560 0.1502400 0.2116026 0.2452697 0.1151377 0.1239231 0.1300302 0.0137847 0.0176131 0.1463490 0.0315131 0.1258127 0.0576341 0.0127281 0.0127281 0.1450292 0.0000000 0.1495187 0.1467027 0.0382352 0.0110065 0.0105858 0.1409706 0.0148801 0.0159480 0.0202704 0.1328238 0.0184387 0.1100560 0.1369991 0.1219035 0.0116531 0.0103001 0.1402467 0.1133246 0.2012451 0.1114119 0.0569153 0.1185689 0.3666199 0.1131352 0.1053905 0.3779295 0.0302997 0.0137987 0.1345549 0.0127193 0.0120295 0.0138026 0.0036275 0.1049927 0.1107491 0.0810899 0.0192123 0.1091976 0.0105858 0.0346228 0.1070922 0.0850749 
Perityle_harkerae_31                       0.1192649 0.1050376 0.1286915 0.1901255 0.2738160 0.1687621 0.1285246 0.2400965 0.1580689 0.1386726 0.1805810 0.1414179 0.1389053 0.1485921 0.1390527 0.1346510 0.1008300 0.1155398 0.1342097 0.1227263 0.1429747 0.3116542 0.1377641 0.1356322 0.1389034 0.1580572 0.1465368 0.2278537 0.2069657 0.1317103 0.1245930 0.1384997 0.1377335 0.0857818 0.0255262 0.1323329 0.1144309 0.1365316 0.1389053 0.1389053 0.0142444 0.1495187 0.0000000 0.0924587 0.1324417 0.1410277 0.1402611 0.0164987 0.1340161 0.1404575 0.1470740 0.1565295 0.1367493 0.1040917 0.1421259 0.1451630 0.1415953 0.1317152 0.1291891 0.1269724 0.2279928 0.1490637 0.1270343 0.1078661 0.3689208 0.1416551 0.1312662 0.3383765 0.1345295 0.1376327 0.1299221 0.1402410 0.1418849 0.1443990 0.1388787 0.1317277 0.0973294 0.0913037 0.1361984 0.1446930 0.1402611 0.1270652 0.1077182 0.0886274 
Perityle_hofmeisteria_4_nombre_de_dios     0.1326595 0.1025687 0.1329778 0.1857844 0.3282450 0.1688430 0.1178564 0.2084604 0.1808461 0.1376237 0.1823442 0.1406777 0.1408116 0.1450307 0.1463134 0.1395050 0.0826775 0.1099303 0.1343538 0.1281316 0.1419668 0.2566308 0.1385202 0.1398766 0.1407097 0.1584628 0.1492207 0.2442337 0.1694691 0.1317130 0.1306760 0.1263635 0.1384918 0.0712575 0.0886815 0.1384728 0.1293299 0.1489339 0.1395661 0.1395661 0.0861841 0.1467027 0.0924587 0.0000000 0.1349266 0.1453951 0.1408098 0.0861664 0.1418544 0.1434585 0.1470559 0.1546573 0.1404203 0.0909142 0.1257077 0.1249630 0.1397862 0.1386086 0.1161708 0.1029543 0.2740465 0.1178232 0.1335818 0.1086716 0.3681469 0.1436682 0.1288778 0.3645069 0.1354959 0.1383990 0.1245240 0.1407913 0.1442656 0.1446043 0.1186911 0.1270740 0.0909804 0.0810283 0.1410681 0.1246163 0.1420565 0.1336474 0.1043206 0.0811566 
Perityle_huecosensis_48                    0.1077322 0.1146212 0.1013700 0.2138720 0.2947761 0.1684446 0.1209825 0.2434108 0.1820845 0.0828966 0.0717708 0.0341722 0.0312003 0.0337280 0.0425271 0.0203528 0.0879561 0.0728832 0.0165396 0.0136683 0.0322046 0.1951860 0.0322125 0.0266395 0.0311850 0.1094389 0.1272146 0.2439878 0.2363491 0.1047896 0.1051402 0.1240139 0.0282394 0.0211836 0.1275496 0.0193946 0.1108393 0.0434574 0.0302004 0.0302004 0.1265360 0.0382352 0.1324417 0.1349266 0.0000000 0.0323419 0.0302034 0.1229320 0.0302025 0.0312595 0.0372196 0.1097610 0.0341451 0.0936467 0.1245000 0.1140419 0.0309419 0.0281731 0.1314042 0.1022053 0.2689147 0.1025700 0.0525570 0.1018180 0.4218863 0.1074486 0.0881142 0.3601038 0.0182511 0.0321873 0.1160419 0.0321905 0.0318362 0.0332182 0.0300399 0.0906410 0.1002090 0.0715208 0.0292613 0.1041310 0.0312042 0.0273106 0.0973544 0.0860712 
