84
Amauria_brandeegeana_62                    0.0000000 0.1560294 0.1028104 0.4800938 0.2235584 0.0619194 0.4279695 0.1870815 0.4334283 0.3089230 0.2883851 0.1120736 0.3130228 0.1554080 0.2669800 0.1324898 0.6158198 0.4212813 0.2717640 0.3037238 0.2906422 0.3215729 0.1597176 0.2826165 0.2696119 0.3094631 0.2932029 0.3242429 0.3174053 0.3112236 0.6108288 0.3310168 0.3197301 0.3068102 0.2995447 0.3156290 0.3196973 0.3065900 0.3033458 0.2568752 0.4428588 0.2912684 0.3063562 0.3021635 0.2757002 0.2950517 0.1974015 0.3136896 0.3879939 0.2976673 0.2785970 0.2852216 0.3053304 0.3038529 0.2841302 0.2912072 0.1136815 0.2365441 0.3092891 0.3136287 0.0767798 0.1173238 0.2150155 0.1813701 0.3110539 0.2978199 0.3442492 0.2589876 0.2974185 0.1024040 0.2913197 0.2806493 0.3162079 0.3143322 0.3082587 0.2702852 0.3006253 0.2679591 0.2775515 0.2950164 0.3214944 0.1113844 0.3204228 0.2177347 
Amauria_carterae_99_mesa                   0.1560294 0.0000000 0.1609731 0.2267089 0.1603872 0.1270899 0.2187183 0.1291143 0.2110179 0.1567253 0.1515826 0.0958106 0.1439101 0.1440457 0.1565308 0.1324415 0.2972015 0.2668145 0.1405687 0.1321904 0.1448070 0.1479974 0.1054763 0.1399887 0.1563189 0.1439101 0.1561935 0.1772787 0.1598796 0.1650141 0.4494271 0.1867964 0.1608229 0.1528027 0.1651905 0.1652630 0.1699804 0.1601982 0.1642028 0.1473319 0.1025662 0.1601945 0.1491226 0.1439101 0.1530034 0.1221227 0.1397307 0.1439101 0.1566149 0.1571590 0.1442752 0.1476272 0.1358117 0.1561375 0.1566270 0.1525478 0.1732904 0.1568374 0.1439101 0.1479974 0.1147698 0.1157047 0.1757755 0.1647192 0.1517967 0.1606035 0.2020129 0.1643900 0.1726739 0.1088439 0.1521566 0.1438498 0.1484193 0.1482445 0.1439101 0.1476460 0.1439101 0.1820196 0.1360364 0.1395412 0.1680722 0.1552109 0.1562998 0.1229644 
Amauria_rotundifolia_SRR9119150            0.1028104 0.1609731 0.0000000 0.4849489 0.2205530 0.0622659 0.4312169 0.1871428 0.4533933 0.3100904 0.2843801 0.1239852 0.3178802 0.1538612 0.2597104 0.1064672 0.6088238 0.4483103 0.2613809 0.2869460 0.2845343 0.3126060 0.1813999 0.2764422 0.2724150 0.3192974 0.2729165 0.3358112 0.3202333 0.3294485 0.6261958 0.3092468 0.3239622 0.3033999 0.2988412 0.3162954 0.3150959 0.2931908 0.3327802 0.2610897 0.4495044 0.2736488 0.3006281 0.2963362 0.2536229 0.3210255 0.2172618 0.3256594 0.3895538 0.2947244 0.2704880 0.2772067 0.2994360 0.3017602 0.2723522 0.3003528 0.1203826 0.2464685 0.3173421 0.3214023 0.0823110 0.1263205 0.2054261 0.1902848 0.3123007 0.3072785 0.3461152 0.2868819 0.3075260 0.1160271 0.2757364 0.2745980 0.3149601 0.3268984 0.3183028 0.2729944 0.3255618 0.3048853 0.2703450 0.2942964 0.3187808 0.1161531 0.3256300 0.2323604 
Conoclinium_coelestinum_SRR9119114         0.4800938 0.2267089 0.4849489 0.0000000 0.3985656 0.1308106 0.1469921 0.2226281 0.5077174 0.4469267 0.4691022 0.2046386 0.5362553 0.3385592 0.3156154 0.3394904 0.7195232 0.4742643 0.4441754 0.4393783 0.4321182 0.5289487 0.2130218 0.4299603 0.3425293 0.5331590 0.4258760 0.4761468 0.4791586 0.3708013 0.6400349 0.4758515 0.4692763 0.4494622 0.4608419 0.4777207 0.5190933 0.4465803 0.3955759 0.4209861 0.4900326 0.4683703 0.4995122 0.5226748 0.4728193 0.3654918 0.3815869 0.5301775 0.5733806 0.5082670 0.3854211 0.4337204 0.4721947 0.4811497 0.3923794 0.4278447 0.1918367 0.3163437 0.5341028 0.5265815 0.1117306 0.1981498 0.3459863 0.2445888 0.4670802 0.4605825 0.3532956 0.4688146 0.4678258 0.1964242 0.4470939 0.4343577 0.4668006 0.5217206 0.5343397 0.4417041 0.4011317 0.4631118 0.4807418 0.4423013 0.4807208 0.2371512 0.5274846 0.2923750 
Eutetras_palmeri_63                        0.2235584 0.1603872 0.2205530 0.3985656 0.0000000 0.0132636 0.3295385 0.1039558 0.3011804 0.1992551 0.1344682 0.0892617 0.2111063 0.1112991 0.1038128 0.1044778 0.4162343 0.2894690 0.1055931 0.1288355 0.1147470 0.2017958 0.1807598 0.1142690 0.1117032 0.2205507 0.1440821 0.1717355 0.1562694 0.1923620 0.4611716 0.2193339 0.2306216 0.1957858 0.1497546 0.2166295 0.1707935 0.1302993 0.1481305 0.1122844 0.3173622 0.1183720 0.1578097 0.1835930 0.1490124 0.1209474 0.1133542 0.2205437 0.2791529 0.1599034 0.1043416 0.1269897 0.1876922 0.2184870 0.1027858 0.1370373 0.0901255 0.1305218 0.2179251 0.2247392 0.0657241 0.0711512 0.0968670 0.0945424 0.1630280 0.1652339 0.2069762 0.2328778 0.1750320 0.0783831 0.1210306 0.1125511 0.2112904 0.2117533 0.2166917 0.1142199 0.2205371 0.2450436 0.1233644 0.1569710 0.1607477 0.0989978 0.2332985 0.1213495 
Eutetras_pringlei_149_quer                 0.0619194 0.1270899 0.0622659 0.1308106 0.0132636 0.0000000 0.1149324 0.0877289 0.1405548 0.0725943 0.0616007 0.0651350 0.0613945 0.0616208 0.0647730 0.0687064 0.3730277 0.0587554 0.0547220 0.0545158 0.0545290 0.0649604 0.1433636 0.0615450 0.0616561 0.0649414 0.0510470 0.0724341 0.0581132 0.0725528 0.4627915 0.0798246 0.0726056 0.0727831 0.0654003 0.0763945 0.0653555 0.0580274 0.0689088 0.0687840 0.0557077 0.0615694 0.0511282 0.0613945 0.0652184 0.0728065 0.0545164 0.0613945 0.0649604 0.0617784 0.0545446 0.0650051 0.0649794 0.0544917 0.0652065 0.0724970 0.0725801 0.0547443 0.0613945 0.0649604 0.0558890 0.0569960 0.0755172 0.0692666 0.0578215 0.0721999 0.0372913 0.0617328 0.0870757 0.0571607 0.0651006 0.0579870 0.0689517 0.0650589 0.0613945 0.0474872 0.0589965 0.0691072 0.0510134 0.0580766 0.0684878 0.0834102 0.0757751 0.0783789 
Eutrochium_fistulosum_SRR9119106           0.4279695 0.2187183 0.4312169 0.1469921 0.3295385 0.1149324 0.0000000 0.2241937 0.4654495 0.4267348 0.4365482 0.2126461 0.4512937 0.2987444 0.3218655 0.2816556 0.6624382 0.4597887 0.4007685 0.4006017 0.3922009 0.4585095 0.2137296 0.3808150 0.3338921 0.4547785 0.3875981 0.4160549 0.4085367 0.3529220 0.6589507 0.4495002 0.4519107 0.4303339 0.4167639 0.4572941 0.4461987 0.4025404 0.3681467 0.3826917 0.4843946 0.4208866 0.4341367 0.4435795 0.4195783 0.3706549 0.3271760 0.4515598 0.5343559 0.4393401 0.3822592 0.3990869 0.4360537 0.4350714 0.3673893 0.3823272 0.2009352 0.3032825 0.4496851 0.4510622 0.1057562 0.1776545 0.3313004 0.2585217 0.4152624 0.3917786 0.3381434 0.4305143 0.4295397 0.2155384 0.4003521 0.3830051 0.4372307 0.4458375 0.4533235 0.4079546 0.3803287 0.4395943 0.4264882 0.4182014 0.4333719 0.2136138 0.4571246 0.3126945 
Galeana_pratensis_104_mex                  0.1870815 0.1291143 0.1871428 0.2226281 0.1039558 0.0877289 0.2241937 0.0000000 0.2109874 0.1875786 0.1385290 0.1315373 0.1477332 0.1292414 0.1390839 0.0835273 0.2015042 0.3432226 0.1524792 0.1392331 0.1434685 0.1478089 0.1833896 0.1230175 0.1390763 0.1477332 0.1552415 0.1688313 0.1637602 0.1966408 0.4183431 0.2118430 0.1871909 0.1826772 0.1515994 0.1601782 0.1917689 0.1470494 0.1683619 0.0959362 0.1320478 0.1434869 0.1657227 0.1477332 0.1694832 0.1641267 0.1499768 0.1477332 0.2057511 0.1570075 0.1434108 0.1437414 0.1316858 0.1391507 0.1479903 0.0919976 0.1464200 0.1481789 0.1477332 0.1477723 0.0661501 0.1185577 0.1366325 0.1504992 0.1516483 0.1461128 0.2756092 0.1567797 0.1723438 0.1276541 0.1350854 0.1230175 0.1822836 0.1523476 0.1477332 0.1392422 0.1495735 0.1698428 0.1559923 0.1309475 0.1512335 0.1433191 0.1608493 0.1538565 
Helianthus_annuus_SRR9119062               0.4334283 0.2110179 0.4533933 0.5077174 0.3011804 0.1405548 0.4654495 0.2109874 0.0000000 0.3810032 0.3494363 0.1981775 0.3863862 0.2645125 0.2535226 0.1980281 0.5688312 0.5162392 0.3279622 0.3376744 0.3434459 0.4018324 0.2158507 0.3485865 0.3254814 0.3971476 0.3667083 0.3912916 0.3570363 0.3544276 0.6328011 0.4306180 0.4268015 0.3776038 0.3479551 0.3762828 0.3561745 0.3482447 0.3252798 0.3270725 0.4254718 0.3387980 0.3442170 0.3852742 0.3155589 0.3158606 0.2857722 0.3945268 0.4416499 0.3411549 0.3313734 0.3358549 0.3657929 0.4032341 0.3317345 0.3217147 0.2083531 0.2591985 0.3927044 0.4044248 0.1034454 0.1663867 0.2534304 0.2549095 0.3528275 0.3478091 0.4345749 0.4046556 0.3532467 0.2062541 0.3220256 0.3504904 0.3733149 0.4030716 0.3930484 0.3492070 0.3820316 0.4072448 0.3235286 0.3413209 0.3492127 0.2123573 0.4018713 0.2674609 
Lycapsus_tenuifolius_17                    0.3089230 0.1567253 0.3100904 0.4469267 0.1992551 0.0725943 0.4267348 0.1875786 0.3810032 0.0000000 0.2686599 0.1772069 0.3266878 0.1963970 0.2582905 0.1030803 0.5741085 0.4507202 0.2816118 0.2815222 0.2884209 0.3466649 0.1596913 0.2858681 0.2910637 0.3377105 0.2727208 0.3214106 0.2880923 0.0313090 0.2142402 0.1960598 0.1790369 0.0071773 0.3086444 0.0917266 0.2996189 0.2956011 0.3331259 0.2224947 0.4158575 0.2892197 0.2814813 0.3211192 0.2381694 0.3131236 0.2559183 0.3380438 0.4112737 0.2837399 0.2853849 0.2839375 0.3131806 0.3000103 0.2756631 0.2702910 0.1410284 0.2399452 0.3377292 0.3443540 0.0814686 0.1423985 0.1905568 0.2300936 0.3259618 0.2771077 0.3880473 0.3175181 0.3093910 0.1654771 0.2806020 0.2857060 0.0524572 0.3426870 0.3343060 0.2727491 0.2967891 0.3301268 0.2916546 0.3072927 0.3289404 0.1215599 0.3539209 0.2558424 
Pericome_caudata_50_silver                 0.2883851 0.1515826 0.2843801 0.4691022 0.1344682 0.0616007 0.4365482 0.1385290 0.3494363 0.2686599 0.0000000 0.0801625 0.2551727 0.1348115 0.0815377 0.1040970 0.3710798 0.3631400 0.1141186 0.1220499 0.1269405 0.2570277 0.1661404 0.1356330 0.1026129 0.2573281 0.1338443 0.1680318 0.1287285 0.2668986 0.5260058 0.2814074 0.3049360 0.2667189 0.1425367 0.2792552 0.1577013 0.1321555 0.1250529 0.1070696 0.2703016 0.1454808 0.1472796 0.2403598 0.1448759 0.1043564 0.1227271 0.2573418 0.3265758 0.1472022 0.1020400 0.1204297 0.1895092 0.2546373 0.1132568 0.1224130 0.1072850 0.1405649 0.2587344 0.2629702 0.0571930 0.0842652 0.1104129 0.0960179 0.1570407 0.1534721 0.2579611 0.2692640 0.1386955 0.0548675 0.1238694 0.1370839 0.2710274 0.2628340 0.2556483 0.1385566 0.2512703 0.2661343 0.1249481 0.1732774 0.1530922 0.1124448 0.2711639 0.0903463 
Perityle_aglossa_84_dead_horse             0.1120736 0.0958106 0.1239852 0.2046386 0.0892617 0.0651350 0.2126461 0.1315373 0.1981775 0.1772069 0.0801625 0.0000000 0.0794452 0.0327641 0.0215202 0.0429610 0.0708885 0.3620169 0.0554444 0.0362499 0.0289665 0.0793117 0.1397026 0.0289663 0.0363251 0.0753312 0.0624417 0.0867708 0.0678977 0.1862891 0.3719284 0.1619799 0.1863485 0.1729152 0.0326277 0.1728915 0.0788844 0.0512784 0.0628156 0.0546570 0.0359780 0.0400437 0.0593993 0.0753312 0.0592193 0.0628156 0.0325681 0.0753312 0.1498904 0.0554285 0.0475596 0.0362425 0.0253524 0.0590117 0.0179591 0.0299765 0.0796382 0.0710442 0.0792224 0.0832200 0.0554474 0.0676775 0.0681285 0.0666286 0.0251197 0.0473180 0.3151515 0.1214446 0.1024333 0.0362802 0.0363762 0.0289663 0.1814348 0.0794769 0.0753312 0.0474396 0.0793117 0.1210163 0.0590224 0.0325668 0.0251304 0.0698459 0.0912972 0.0667493 
Perityle_ajoensis_204                      0.3130228 0.1439101 0.3178802 0.5362553 0.2111063 0.0613945 0.4512937 0.1477332 0.3863862 0.3266878 0.2551727 0.0794452 0.0000000 0.1410228 0.2003667 0.0995925 0.5805772 0.3639824 0.2430585 0.2648285 0.2453940 0.0154719 0.1392109 0.2375834 0.2493008 0.0134079 0.2805718 0.2722441 0.2796945 0.3144882 0.6154748 0.3223480 0.3350658 0.3246050 0.2299919 0.3228141 0.3042431 0.2559922 0.2893865 0.2233115 0.4229182 0.2477934 0.2917979 0.0127014 0.2486330 0.2568251 0.1963068 0.0161314 0.2326668 0.2920829 0.2156126 0.2290756 0.2321132 0.3224534 0.2470728 0.2103862 0.0751297 0.2116844 0.0080150 0.0147751 0.0398348 0.1165644 0.1853574 0.1776103 0.2209230 0.2747395 0.3101144 0.2793978 0.2975296 0.0678368 0.2318027 0.2338777 0.3147724 0.0219809 0.0107319 0.2326251 0.1116793 0.2777584 0.2668079 0.2531018 0.2387476 0.1043912 0.0229618 0.2135660 
Perityle_ambrosiifolia_67_green            0.1554080 0.1440457 0.1538612 0.3385592 0.1112991 0.0616208 0.2987444 0.1292414 0.2645125 0.1963970 0.1348115 0.0327641 0.1410228 0.0000000 0.0573729 0.1026404 0.4117829 0.3611641 0.0866414 0.0848379 0.0824581 0.1272757 0.1465933 0.0505527 0.0481619 0.1437248 0.1107379 0.1340891 0.1208084 0.1852788 0.5108007 0.1815888 0.2053178 0.1878076 0.0810074 0.2088538 0.1278924 0.0851382 0.0724305 0.0991891 0.0772712 0.0718537 0.1175235 0.1213119 0.1172172 0.0708766 0.0754861 0.1417056 0.1783119 0.1192826 0.0434740 0.0681534 0.0457573 0.1055660 0.0625296 0.0789263 0.0756073 0.0790004 0.1436826 0.1476846 0.0449324 0.0624741 0.0829476 0.0658725 0.0849337 0.1173937 0.2782038 0.1794102 0.1647370 0.0408349 0.0734120 0.0487494 0.2136991 0.1352395 0.1382116 0.0632400 0.1266626 0.1784062 0.1165469 0.0678513 0.1078168 0.0967699 0.1538646 0.0646860 
Perityle_angustifolia_13_Eagle_creek       0.2669800 0.1565308 0.2597104 0.3156154 0.1038128 0.0647730 0.3218655 0.1390839 0.2535226 0.2582905 0.0815377 0.0215202 0.2003667 0.0573729 0.0000000 0.0527842 0.1786502 0.3809008 0.0846850 0.0487040 0.0342296 0.1992742 0.1392109 0.0853434 0.0444405 0.1942196 0.0962448 0.1214164 0.0862046 0.2642482 0.5717685 0.2499291 0.2497305 0.2609992 0.0383917 0.2528762 0.1034006 0.0382253 0.0929375 0.0817003 0.0669022 0.0656489 0.0967114 0.1943595 0.1032423 0.0826654 0.0431186 0.1916685 0.2783833 0.0966411 0.0464988 0.0464592 0.0424217 0.1771703 0.0465448 0.0850373 0.0819507 0.1206925 0.1967250 0.2024783 0.0398348 0.0532252 0.0875454 0.1074503 0.0507395 0.0992681 0.3279832 0.1634081 0.1090477 0.0154015 0.0595114 0.0874321 0.2548638 0.2028067 0.1941250 0.0506991 0.2191223 0.1742694 0.0912770 0.0508215 0.0466479 0.0776854 0.2109983 0.0950262 
Perityle_batopilensis_97                   0.1324898 0.1324415 0.1064672 0.3394904 0.1044778 0.0687064 0.2816556 0.0835273 0.1980281 0.1030803 0.1040970 0.0429610 0.0995925 0.1026404 0.0527842 0.0000000 0.5091806 0.1812243 0.0629859 0.0700473 0.0830765 0.1150944 0.1222153 0.0844309 0.0596680 0.1104571 0.0678114 0.1257927 0.0718487 0.0884198 0.4177933 0.1262360 0.1225366 0.1020506 0.1040714 0.1091152 0.1019014 0.0664745 0.0452252 0.0301711 0.0545056 0.0653987 0.0950391 0.1104780 0.1041006 0.0430537 0.0789878 0.1104780 0.1127460 0.0905203 0.0626302 0.0855376 0.0885318 0.0656548 0.0589911 0.0880304 0.0893930 0.0441881 0.1081429 0.1127460 0.0600883 0.0497383 0.0569897 0.0602980 0.0992130 0.0894172 0.0397495 0.1306880 0.1517606 0.0274649 0.0811745 0.0821392 0.1025052 0.1106888 0.1038634 0.1006670 0.0430339 0.1235107 0.0700725 0.0945441 0.1157018 0.0956375 0.1198241 0.0889204 
Perityle_bisetosa_9                        0.6158198 0.2972015 0.6088238 0.7195232 0.4162343 0.3730277 0.6624382 0.2015042 0.5688312 0.5741085 0.3710798 0.0708885 0.5805772 0.4117829 0.1786502 0.5091806 0.0000000 0.3485590 0.3120385 0.2988769 0.2820726 0.5775033 0.1465868 0.3064112 0.2232779 0.5792866 0.3585050 0.3681146 0.3664754 0.5285716 0.5568173 0.6004228 0.5974922 0.5857024 0.2899702 0.6042078 0.3901705 0.3075534 0.2285496 0.3751472 0.2227431 0.3241734 0.3819415 0.5698943 0.4111523 0.1387821 0.3438882 0.5763927 0.6578247 0.3799678 0.2425111 0.2768488 0.3836052 0.5341699 0.2463443 0.3480310 0.2349571 0.3398084 0.5829597 0.5821938 0.0554572 0.0626734 0.3682567 0.2924005 0.3108405 0.4129571 0.2963031 0.5724644 0.3751889 0.1394642 0.3138828 0.3098909 0.5928781 0.5916599 0.5831988 0.2853742 0.4003976 0.5582229 0.3560173 0.3432693 0.3163739 0.4219649 0.5916295 0.1566511 
Perityle_californica_76_positas            0.4212813 0.2668145 0.4483103 0.4742643 0.2894690 0.0587554 0.4597887 0.3432226 0.5162392 0.4507202 0.3631400 0.3620169 0.3639824 0.3611641 0.3809008 0.1812243 0.3485590 0.0000000 0.4226981 0.3724476 0.3597132 0.3710171 0.2275831 0.3637268 0.3717419 0.3610144 0.3894173 0.4235509 0.3116480 0.4875421 0.4798312 0.3803206 0.4331487 0.4507202 0.3969999 0.4803812 0.3711204 0.3691639 0.3929714 0.2578081 0.3923841 0.4029124 0.3199628 0.3610144 0.3484461 0.4144496 0.3630534 0.3610144 0.4662052 0.3396527 0.3730632 0.3704912 0.3733079 0.4145707 0.3708173 0.3570411 0.3864452 0.4122932 0.3710171 0.3710171 0.2417606 0.2811168 0.2953520 0.3982573 0.3837346 0.3537768 0.1919639 0.4101457 0.3997416 0.3728260 0.3832024 0.3640082 0.4700643 0.3710171 0.3710171 0.3483710 0.3696283 0.4325443 0.4005747 0.3639739 0.3716512 0.2304406 0.3937406 0.3810160 
Perityle_canescens_77                      0.2717640 0.1405687 0.2613809 0.4441754 0.1055931 0.0547220 0.4007685 0.1524792 0.3279622 0.2816118 0.1141186 0.0554444 0.2430585 0.0866414 0.0846850 0.0629859 0.3120385 0.4226981 0.0000000 0.0789377 0.0962448 0.2583699 0.1535057 0.1046818 0.1004067 0.2454150 0.1133187 0.1545309 0.0991069 0.2855253 0.5585133 0.2835890 0.2858464 0.2850846 0.1041642 0.2847331 0.1113291 0.0974185 0.0929372 0.0859210 0.2397103 0.1192591 0.1019879 0.2330762 0.0867783 0.0758200 0.0989619 0.2454570 0.3230071 0.1035662 0.0935666 0.1004469 0.1560698 0.2102526 0.0933458 0.1164886 0.0955020 0.1401625 0.2470559 0.2534542 0.0499383 0.0532229 0.0976369 0.1020387 0.1153610 0.1215103 0.3262712 0.2306715 0.1529615 0.0537252 0.1079503 0.1092861 0.2777520 0.2560688 0.2435564 0.1100597 0.2838871 0.2448266 0.0451967 0.1378475 0.1312979 0.1102439 0.2640325 0.1023390 
Perityle_castillonii_96                    0.3037238 0.1321904 0.2869460 0.4393783 0.1288355 0.0545158 0.4006017 0.1392331 0.3376744 0.2815222 0.1220499 0.0362499 0.2648285 0.0848379 0.0487040 0.0700473 0.2988769 0.3724476 0.0789377 0.0000000 0.0633343 0.2568435 0.1531526 0.0875297 0.0524831 0.2650131 0.1091304 0.1631595 0.1196058 0.2857594 0.5590635 0.2937224 0.3054263 0.2816895 0.0812344 0.2910856 0.1373304 0.0382149 0.1116575 0.0942016 0.2224684 0.0825731 0.1262146 0.2428994 0.1108095 0.0832310 0.0722546 0.2650218 0.3371148 0.1245877 0.0437529 0.0679011 0.1490265 0.2285521 0.0520528 0.1047612 0.0884620 0.1240149 0.2591362 0.2650212 0.0500454 0.0577622 0.0936358 0.0909747 0.0981719 0.1259376 0.3189248 0.2602105 0.1511464 0.0184739 0.0813246 0.0888413 0.2851292 0.2655703 0.2598500 0.0752166 0.2658806 0.2602372 0.1102041 0.1122364 0.1109045 0.0984954 0.2708726 0.0946296 
Perityle_cernua_84                         0.2906422 0.1448070 0.2845343 0.4321182 0.1147470 0.0545290 0.3922009 0.1434685 0.3434459 0.2884209 0.1269405 0.0289665 0.2453940 0.0824581 0.0342296 0.0830765 0.2820726 0.3597132 0.0962448 0.0633343 0.0000000 0.2363396 0.1471164 0.0817116 0.0571414 0.2417869 0.1258048 0.1669660 0.1243778 0.2947176 0.5729890 0.2966075 0.3075684 0.2887223 0.0798429 0.2891233 0.1514930 0.0639766 0.1198380 0.0996546 0.2122648 0.0739960 0.1390828 0.2207190 0.1196882 0.0911283 0.0408155 0.2417941 0.3153587 0.1404622 0.0498993 0.0646418 0.1402775 0.2347400 0.0624027 0.1209601 0.0888136 0.1333452 0.2430718 0.2490081 0.0450626 0.0579468 0.0914796 0.0968542 0.0939462 0.1532843 0.2965431 0.2672386 0.1596339 0.0154342 0.0706124 0.0830346 0.2983157 0.2455466 0.2402764 0.0591081 0.2640883 0.2690699 0.1162102 0.1050629 0.0997047 0.0874024 0.2567313 0.1014538 
Perityle_cfvillosa_25_tin                  0.3215729 0.1479974 0.3126060 0.5289487 0.2017958 0.0649604 0.4585095 0.1478089 0.4018324 0.3466649 0.2570277 0.0793117 0.0154719 0.1272757 0.1992742 0.1150944 0.5775033 0.3710171 0.2583699 0.2568435 0.2363396 0.0000000 0.1459018 0.2362460 0.2340006 0.0166719 0.2781564 0.2631876 0.2775597 0.3269414 0.6334615 0.3398856 0.3409316 0.3518420 0.2175911 0.3333161 0.2996873 0.2520031 0.2635008 0.2100986 0.3893745 0.2430696 0.2865880 0.0168585 0.2612510 0.2550621 0.1873526 0.0180811 0.2153382 0.2888155 0.2222208 0.2254931 0.2423608 0.3065248 0.2407557 0.1968583 0.0784355 0.2077126 0.0111404 0.0124908 0.0449709 0.1219016 0.1943996 0.1828231 0.2099275 0.2750299 0.3177593 0.2834258 0.2963511 0.0677397 0.2449549 0.2324123 0.3279706 0.0223536 0.0125740 0.2211331 0.0948312 0.2776068 0.2627431 0.2405001 0.2276217 0.1100785 0.0195227 0.2159050 
Perityle_cinerea_113_Powell1310            0.1597176 0.1054763 0.1813999 0.2130218 0.1807598 0.1433636 0.2137296 0.1833896 0.2158507 0.1596913 0.1661404 0.1397026 0.1392109 0.1465933 0.1392109 0.1222153 0.1465868 0.2275831 0.1535057 0.1531526 0.1471164 0.1459018 0.0000000 0.1394306 0.1460614 0.1392109 0.1527236 0.1739145 0.1727638 0.1804868 0.1670683 0.1680146 0.1595101 0.1596913 0.1598518 0.1599923 0.1951013 0.1527369 0.1668872 0.1660908 0.1463281 0.1663400 0.1596988 0.1392109 0.1596988 0.1668872 0.1522815 0.1392109 0.1527048 0.1596988 0.1666101 0.1523711 0.1328152 0.1526336 0.1397026 0.1531526 0.1604321 0.1595807 0.1392109 0.1459018 0.1663495 0.1720573 0.1854984 0.1669646 0.1657490 0.1528053 0.1462461 0.1872840 0.2018139 0.1458300 0.1393768 0.1394306 0.1600000 0.1392109 0.1392109 0.1386694 0.1392109 0.1734299 0.1528423 0.1463023 0.1518638 0.1533052 0.1462882 0.1599452 
Perityle_coahuilensis_24                   0.2826165 0.1399887 0.2764422 0.4299603 0.1142690 0.0615450 0.3808150 0.1230175 0.3485865 0.2858681 0.1356330 0.0289663 0.2375834 0.0505527 0.0853434 0.0844309 0.3064112 0.3637268 0.1046818 0.0875297 0.0817116 0.2362460 0.1394306 0.0000000 0.0692897 0.2380406 0.1278284 0.1617149 0.1428064 0.3035194 0.5638357 0.2930662 0.2970528 0.2878279 0.0946598 0.2923442 0.1616588 0.0892374 0.1295267 0.1380097 0.2592449 0.0914702 0.1489400 0.2185968 0.1397826 0.0985529 0.0544308 0.2380475 0.3132079 0.1487457 0.0702855 0.0629556 0.1517230 0.2280923 0.0840298 0.1336466 0.0854358 0.1290330 0.2392827 0.2451683 0.0296250 0.0440610 0.1127761 0.1046351 0.0935247 0.1626272 0.2999571 0.2519947 0.1834924 0.0312160 0.0732114 0.0061605 0.2917215 0.2416578 0.2365075 0.0797435 0.2728664 0.2578336 0.1200179 0.1323196 0.1149461 0.0901971 0.2564163 0.0948264 
Perityle_cochisensis_44_cave_creek         0.2696119 0.1563189 0.2724150 0.3425293 0.1117032 0.0616561 0.3338921 0.1390763 0.3254814 0.2910637 0.1026129 0.0363251 0.2493008 0.0481619 0.0444405 0.0596680 0.2232779 0.3717419 0.1004067 0.0524831 0.0571414 0.2340006 0.1460614 0.0692897 0.0000000 0.2425556 0.0940667 0.1182491 0.1112263 0.3000635 0.5570644 0.2837950 0.2979798 0.2921345 0.0450281 0.3032327 0.1380432 0.0577395 0.1253177 0.1052634 0.2383975 0.0632057 0.1186154 0.2158603 0.0994070 0.0908645 0.0427010 0.2404002 0.3221240 0.1183813 0.0473543 0.0419712 0.1315953 0.2266779 0.0396993 0.1059127 0.0690754 0.1352558 0.2398784 0.2467207 0.0346671 0.0531138 0.0773406 0.1239125 0.0680287 0.1282392 0.3084290 0.2442718 0.1150355 0.0343578 0.0519171 0.0707687 0.3019557 0.2467218 0.2424281 0.0616673 0.2799273 0.2561134 0.1047665 0.0916509 0.0633863 0.0775639 0.2514066 0.0947083 
Perityle_congesta_202                      0.3094631 0.1439101 0.3192974 0.5331590 0.2205507 0.0649414 0.4547785 0.1477332 0.3971476 0.3377105 0.2573281 0.0753312 0.0134079 0.1437248 0.1942196 0.1104571 0.5792866 0.3610144 0.2454150 0.2650131 0.2417869 0.0166719 0.1392109 0.2380406 0.2425556 0.0000000 0.2808950 0.2718928 0.2856675 0.3138891 0.6086672 0.3265343 0.3368420 0.3334286 0.2238431 0.3222138 0.3121231 0.2563476 0.2801432 0.2268493 0.4187809 0.2498631 0.2997660 0.0083912 0.2512387 0.2418134 0.1992205 0.0105876 0.2330025 0.2982094 0.2115172 0.2296067 0.2395132 0.3260967 0.2427559 0.2128706 0.0784143 0.2112485 0.0079598 0.0119180 0.0398348 0.1168157 0.1878180 0.1800254 0.2167707 0.2873090 0.3074485 0.2857777 0.2966530 0.0643665 0.2320377 0.2343746 0.3185962 0.0203321 0.0106577 0.2309741 0.1210134 0.2802495 0.2666113 0.2510522 0.2324057 0.1072492 0.0199728 0.2052506 
Perityle_cordifolia_27                     0.2932029 0.1561935 0.2729165 0.4258760 0.1440821 0.0510470 0.3875981 0.1552415 0.3667083 0.2727208 0.1338443 0.0624417 0.2805718 0.1107379 0.0962448 0.0678114 0.3585050 0.3894173 0.1133187 0.1091304 0.1258048 0.2781564 0.1527236 0.1278284 0.0940667 0.2808950 0.0000000 0.1774680 0.1377538 0.2854869 0.5372095 0.2796023 0.2834544 0.2729722 0.1286629 0.2756618 0.1791977 0.1235269 0.1486730 0.1103285 0.2692992 0.1313134 0.1615915 0.2540192 0.1446071 0.1205424 0.1267294 0.2771167 0.3504018 0.1584136 0.1016345 0.1269100 0.1940582 0.1603285 0.1052170 0.1389719 0.0717391 0.1317612 0.2824283 0.2862861 0.0551170 0.0809637 0.1045036 0.0881305 0.1500139 0.1530017 0.3158059 0.2637468 0.1650015 0.0565748 0.1246047 0.1292103 0.2788223 0.2846078 0.2777933 0.1282402 0.2889259 0.2565679 0.1312265 0.1577636 0.1533424 0.0706013 0.2944829 0.0976615 
Perityle_cordifolia_68_tecolote            0.3242429 0.1772787 0.3358112 0.4761468 0.1717355 0.0724341 0.4160549 0.1688313 0.3912916 0.3214106 0.1680318 0.0867708 0.2722441 0.1340891 0.1214164 0.1257927 0.3681146 0.4235509 0.1545309 0.1631595 0.1669660 0.2631876 0.1739145 0.1617149 0.1182491 0.2718928 0.1774680 0.0000000 0.1791280 0.2911181 0.5472500 0.3101553 0.3106632 0.3073166 0.1526165 0.3409767 0.1981033 0.1651120 0.1786780 0.1642296 0.3217531 0.1789837 0.1743451 0.2487662 0.1696485 0.1517281 0.1530383 0.2699056 0.3762567 0.1794534 0.1367970 0.1631321 0.2069813 0.2770837 0.1361859 0.1570819 0.0120166 0.1739555 0.2734321 0.2796267 0.0710690 0.1160059 0.1373043 0.1527285 0.1749392 0.1903819 0.3493038 0.2737035 0.2036227 0.0805270 0.1524902 0.1600395 0.3327083 0.2786577 0.2738343 0.1722884 0.3169531 0.2709273 0.1653678 0.1972243 0.1722191 0.1045476 0.2859072 0.1016044 
Perityle_coronopifolia_28_patagonia        0.3174053 0.1598796 0.3202333 0.4791586 0.1562694 0.0581132 0.4085367 0.1637602 0.3570363 0.2880923 0.1287285 0.0678977 0.2796945 0.1208084 0.0862046 0.0718487 0.3664754 0.3116480 0.0991069 0.1196058 0.1243778 0.2775597 0.1727638 0.1428064 0.1112263 0.2856675 0.1377538 0.1791280 0.0000000 0.2682327 0.5325572 0.2988207 0.2984308 0.2844496 0.1369960 0.3078560 0.1643404 0.1174260 0.1403926 0.0837503 0.2881671 0.1363956 0.1556525 0.2569341 0.1409524 0.1130979 0.1286203 0.2834609 0.3330144 0.1555574 0.0982701 0.1271337 0.1853507 0.2575432 0.1169034 0.1223250 0.1019132 0.1384624 0.2872801 0.2935743 0.0759063 0.0667526 0.0917892 0.0909101 0.1514459 0.1006138 0.2357656 0.3088227 0.1576968 0.0646226 0.1141945 0.1442717 0.2940538 0.2848144 0.2843761 0.1300613 0.3151234 0.3006760 0.1178001 0.1689389 0.1551118 0.0770497 0.3021245 0.1076640 
Perityle_crassifolia_70_ventanas           0.3112236 0.1650141 0.3294485 0.3708013 0.1923620 0.0725528 0.3529220 0.1966408 0.3544276 0.0313090 0.2668986 0.1862891 0.3144882 0.1852788 0.2642482 0.0884198 0.5285716 0.4875421 0.2855253 0.2857594 0.2947176 0.3269414 0.1804868 0.3035194 0.3000635 0.3138891 0.2854869 0.2911181 0.2682327 0.0000000 0.2115767 0.1816238 0.1469492 0.0330803 0.3010873 0.0927888 0.3032849 0.3004771 0.3106432 0.2106857 0.4217455 0.3090858 0.2737611 0.3105550 0.2526325 0.3204253 0.2546976 0.3114398 0.4020149 0.2842332 0.2995439 0.2946440 0.3027744 0.2838982 0.2879761 0.2476590 0.1482423 0.2506719 0.3189346 0.3192483 0.0921691 0.1527223 0.1995659 0.2366332 0.3103036 0.2588605 0.4250338 0.3188705 0.2821049 0.1731835 0.2949585 0.3033062 0.0699703 0.3194734 0.3163522 0.2805625 0.2850060 0.3352539 0.2824501 0.3125217 0.3161555 0.1135831 0.3306342 0.2712437 
Perityle_crassifolia_74_playa_balandra     0.6108288 0.4494271 0.6261958 0.6400349 0.4611716 0.4627915 0.6589507 0.4183431 0.6328011 0.2142402 0.5260058 0.3719284 0.6154748 0.5108007 0.5717685 0.4177933 0.5568173 0.4798312 0.5585133 0.5590635 0.5729890 0.6334615 0.1670683 0.5638357 0.5570644 0.6086672 0.5372095 0.5472500 0.5325572 0.2115767 0.0000000 0.3973145 0.3421392 0.2165662 0.5645219 0.3047402 0.5786296 0.5774939 0.5703087 0.4370894 0.4367475 0.5824625 0.5476895 0.6067907 0.5478863 0.5376636 0.5597491 0.6096892 0.7150709 0.5581108 0.5629796 0.5620829 0.5320177 0.5638900 0.5657551 0.4998580 0.4638349 0.5597493 0.6222852 0.6219800 0.2108498 0.2530087 0.5253472 0.5644201 0.5721886 0.5193331 0.4156007 0.6110926 0.5259822 0.4802693 0.5570038 0.5679660 0.2657789 0.6243365 0.6177934 0.5215752 0.5576818 0.6221348 0.5627828 0.5651130 0.5873598 0.4618874 0.6239240 0.4911440 
Perityle_cuneata_34_cuneata_San_antonio    0.3310168 0.1867964 0.3092468 0.4758515 0.2193339 0.0798246 0.4495002 0.2118430 0.4306180 0.1960598 0.2814074 0.1619799 0.3223480 0.1815888 0.2499291 0.1262360 0.6004228 0.3803206 0.2835890 0.2937224 0.2966075 0.3398856 0.1680146 0.2930662 0.2837950 0.3265343 0.2796023 0.3101553 0.2988207 0.1816238 0.3973145 0.0000000 0.1831667 0.1943064 0.2936215 0.1905988 0.3286388 0.2973072 0.3316361 0.2355548 0.4515148 0.3049249 0.3103054 0.3238176 0.2748748 0.3247459 0.2445346 0.3202430 0.3775396 0.3103733 0.2866407 0.2835887 0.2885581 0.2684506 0.2747088 0.2669004 0.1450783 0.2418094 0.3306291 0.3352805 0.0933080 0.1631616 0.2012703 0.2310520 0.3105531 0.2855570 0.3705222 0.3050319 0.3227423 0.1675290 0.2953641 0.2928987 0.1852230 0.3290113 0.3264869 0.2869872 0.3331775 0.3002085 0.2914461 0.3044965 0.3154456 0.1309749 0.3401744 0.2654089 
Perityle_cuneata_4                         0.3197301 0.1608229 0.3239622 0.4692763 0.2306216 0.0726056 0.4519107 0.1871909 0.4268015 0.1790369 0.3049360 0.1863485 0.3350658 0.2053178 0.2497305 0.1225366 0.5974922 0.4331487 0.2858464 0.3054263 0.3075684 0.3409316 0.1595101 0.2970528 0.2979798 0.3368420 0.2834544 0.3106632 0.2984308 0.1469492 0.3421392 0.1831667 0.0000000 0.1815092 0.3115806 0.1823427 0.3414252 0.3114092 0.3532422 0.2388895 0.4488240 0.3083571 0.3223597 0.3253749 0.2681149 0.3204719 0.2749919 0.3354641 0.3954790 0.3227823 0.2783307 0.3015191 0.2978225 0.3051147 0.2789441 0.2787758 0.1379095 0.2526661 0.3371032 0.3410744 0.0819747 0.1531702 0.1854296 0.2210706 0.3310845 0.2842188 0.4114283 0.3533380 0.3296296 0.1807735 0.2817746 0.2968916 0.1634440 0.3448219 0.3338584 0.2988774 0.3136021 0.3521358 0.2983800 0.3360549 0.3164229 0.1193632 0.3500552 0.2638839 
Perityle_discoidea_81                      0.3068102 0.1528027 0.3033999 0.4494622 0.1957858 0.0727831 0.4303339 0.1826772 0.3776038 0.0071773 0.2667189 0.1729152 0.3246050 0.1878076 0.2609992 0.1020506 0.5857024 0.4507202 0.2850846 0.2816895 0.2887223 0.3518420 0.1596913 0.2878279 0.2921345 0.3334286 0.2729722 0.3073166 0.2844496 0.0330803 0.2165662 0.1943064 0.1815092 0.0000000 0.3072330 0.0938879 0.2987825 0.2959558 0.3294004 0.2105212 0.4222272 0.2895307 0.2754517 0.3249296 0.2401738 0.3123383 0.2557759 0.3337603 0.3955959 0.2796978 0.2904124 0.2820840 0.3047140 0.2867993 0.2763166 0.2622590 0.1375951 0.2441797 0.3334249 0.3401228 0.0762488 0.1418220 0.1927861 0.2300018 0.3200423 0.2740347 0.3880473 0.3058112 0.3002505 0.1649907 0.2841292 0.2876622 0.0530860 0.3384366 0.3296682 0.2709279 0.2831973 0.3185552 0.2833613 0.3034434 0.3242898 0.1218109 0.3497552 0.2626463 
Perityle_dissecta_201                      0.2995447 0.1651905 0.2988412 0.4608419 0.1497546 0.0654003 0.4167639 0.1515994 0.3479551 0.3086444 0.1425367 0.0326277 0.2299919 0.0810074 0.0383917 0.1040714 0.2899702 0.3969999 0.1041642 0.0812344 0.0798429 0.2175911 0.1598518 0.0946598 0.0450281 0.2238431 0.1286629 0.1526165 0.1369960 0.3010873 0.5645219 0.2936215 0.3115806 0.3072330 0.0000000 0.3077655 0.1621088 0.0747113 0.1217839 0.1154487 0.2147832 0.0966994 0.1542464 0.2022931 0.1387999 0.0836556 0.0863501 0.2238491 0.2931955 0.1524497 0.0574072 0.0815428 0.1503908 0.2364008 0.0505558 0.1160562 0.0722186 0.1268437 0.2250083 0.2308293 0.0552973 0.0671654 0.0993704 0.1022022 0.0509308 0.1514748 0.3332666 0.2678262 0.1631810 0.0375378 0.0816210 0.0959801 0.3113845 0.2286894 0.2240726 0.0781351 0.2872874 0.2642917 0.1342055 0.1151945 0.0549451 0.0902800 0.2364351 0.0948612 
Perityle_emoryi_47_punta_san_jose          0.3156290 0.1652630 0.3162954 0.4777207 0.2166295 0.0763945 0.4572941 0.1601782 0.3762828 0.0917266 0.2792552 0.1728915 0.3228141 0.2088538 0.2528762 0.1091152 0.6042078 0.4803812 0.2847331 0.2910856 0.2891233 0.3333161 0.1599923 0.2923442 0.3032327 0.3222138 0.2756618 0.3409767 0.3078560 0.0927888 0.3047402 0.1905988 0.1823427 0.0938879 0.3077655 0.0000000 0.3192446 0.2974185 0.3281094 0.2330151 0.4119398 0.2959212 0.2993100 0.3086410 0.2389996 0.2989413 0.2613973 0.3270344 0.3871580 0.2970064 0.2887011 0.2848091 0.3094613 0.3082352 0.2864048 0.2747499 0.1488559 0.2354722 0.3221544 0.3284775 0.0819046 0.1627224 0.1884680 0.2195448 0.3227755 0.2909677 0.4038786 0.3178936 0.3321532 0.1649543 0.2774969 0.2939979 0.0756883 0.3278250 0.3212073 0.2797396 0.3443077 0.3237057 0.2887448 0.3159551 0.3248704 0.1220289 0.3328276 0.2619677 
Perityle_feddemae_99                       0.3196973 0.1699804 0.3150959 0.5190933 0.1707935 0.0653555 0.4461987 0.1917689 0.3561745 0.2996189 0.1577013 0.0788844 0.3042431 0.1278924 0.1034006 0.1019014 0.3901705 0.3711204 0.1113291 0.1373304 0.1514930 0.2996873 0.1951013 0.1616588 0.1380432 0.3121231 0.1791977 0.1981033 0.1643404 0.3032849 0.5786296 0.3286388 0.3414252 0.2987825 0.1621088 0.3192446 0.0000000 0.1351018 0.1501991 0.1415848 0.2779701 0.1598179 0.0451033 0.2833660 0.0389798 0.1284595 0.1496918 0.3121359 0.3783963 0.0465046 0.1243712 0.1540587 0.2013078 0.2759293 0.1343845 0.1559838 0.1128727 0.1553330 0.3138476 0.3200047 0.0925101 0.0909999 0.1104619 0.1273248 0.1763259 0.1589147 0.3372908 0.2825751 0.2086884 0.0737837 0.1311682 0.1630735 0.3173084 0.3115508 0.3110626 0.1522950 0.3433721 0.2912255 0.1407801 0.1925788 0.1830296 0.1012327 0.3285787 0.1302034 
Perityle_fosteri_93                        0.3065900 0.1601982 0.2931908 0.4465803 0.1302993 0.0580274 0.4025404 0.1470494 0.3482447 0.2956011 0.1321555 0.0512784 0.2559922 0.0851382 0.0382253 0.0664745 0.3075534 0.3691639 0.0974185 0.0382149 0.0639766 0.2520031 0.1527369 0.0892374 0.0577395 0.2563476 0.1235269 0.1651120 0.1174260 0.3004771 0.5774939 0.2973072 0.3114092 0.2959558 0.0747113 0.2974185 0.1351018 0.0000000 0.1157092 0.0903596 0.2071267 0.0717606 0.1269947 0.2363866 0.1148528 0.0908306 0.0722980 0.2563559 0.3310780 0.1268949 0.0543610 0.0705810 0.1498710 0.2247400 0.0625446 0.1230083 0.0986080 0.1282207 0.2577255 0.2637259 0.0550934 0.0668567 0.0954760 0.1073242 0.0846985 0.1258430 0.3154488 0.2640335 0.1682196 0.0373893 0.0761530 0.0905747 0.2988608 0.2589619 0.2547515 0.0704263 0.2722535 0.2663847 0.1194725 0.1129905 0.0887526 0.1015473 0.2716453 0.1129591 
Perityle_gamon_221                         0.3033458 0.1642028 0.3327802 0.3955759 0.1481305 0.0689088 0.3681467 0.1683619 0.3252798 0.3331259 0.1250529 0.0628156 0.2893865 0.0724305 0.0929375 0.0452252 0.2285496 0.3929714 0.0929372 0.1116575 0.1198380 0.2635008 0.1668872 0.1295267 0.1253177 0.2801432 0.1486730 0.1786780 0.1403926 0.3106432 0.5703087 0.3316361 0.3532422 0.3294004 0.1217839 0.3281094 0.1501991 0.1157092 0.0000000 0.1344499 0.2851549 0.1397146 0.1309479 0.2526572 0.1043992 0.0205709 0.1249817 0.2747224 0.3737497 0.1288625 0.1201586 0.1194981 0.1828939 0.2668801 0.1182294 0.1260477 0.1018163 0.1433843 0.2850832 0.2880904 0.0709610 0.0907092 0.1216356 0.1110696 0.1263715 0.1542683 0.3197567 0.2916615 0.1586266 0.0470308 0.0988420 0.1313604 0.3430399 0.2860339 0.2856626 0.1218703 0.2819999 0.3024527 0.0891263 0.1603763 0.1445717 0.0861990 0.2992002 0.1111255 
Perityle_gentryi_8_san_francisco           0.2568752 0.1473319 0.2610897 0.4209861 0.1122844 0.0687840 0.3826917 0.0959362 0.3270725 0.2224947 0.1070696 0.0546570 0.2233115 0.0991891 0.0817003 0.0301711 0.3751472 0.2578081 0.0859210 0.0942016 0.0996546 0.2100986 0.1660908 0.1380097 0.1052634 0.2268493 0.1103285 0.1642296 0.0837503 0.2106857 0.4370894 0.2355548 0.2388895 0.2105212 0.1154487 0.2330151 0.1415848 0.0903596 0.1344499 0.0000000 0.3225414 0.1077764 0.1243563 0.1911282 0.0995497 0.0889519 0.0973737 0.2224058 0.2638130 0.1280185 0.1059327 0.1167699 0.1905141 0.2300854 0.1005358 0.1317174 0.0778581 0.1106520 0.2263857 0.2333484 0.0562342 0.0517871 0.0749997 0.0646420 0.1281882 0.1044483 0.1618480 0.2483957 0.1454947 0.0454657 0.0878415 0.1397013 0.2294510 0.2216609 0.2288780 0.1171057 0.2316663 0.2614104 0.0876868 0.1544591 0.1213650 0.0962308 0.2403113 0.0751572 
Perityle_gilensis_22_Superstition          0.4428588 0.1025662 0.4495044 0.4900326 0.3173622 0.0557077 0.4843946 0.1320478 0.4254718 0.4158575 0.2703016 0.0359780 0.4229182 0.0772712 0.0669022 0.0545056 0.2227431 0.3923841 0.2397103 0.2224684 0.2122648 0.3893745 0.1463281 0.2592449 0.2383975 0.4187809 0.2692992 0.3217531 0.2881671 0.4217455 0.4367475 0.4515148 0.4488240 0.4222272 0.2147832 0.4119398 0.2779701 0.2071267 0.2851549 0.3225414 0.0000000 0.2535991 0.2400293 0.3602183 0.1301503 0.1682528 0.2353914 0.4234648 0.5306239 0.2344264 0.1934568 0.2314535 0.2340658 0.3099832 0.2320144 0.3133695 0.0786822 0.1562135 0.4123606 0.4314664 0.0397377 0.0531830 0.1129148 0.1012843 0.2445524 0.2739203 0.3184211 0.3961757 0.2770118 0.0275308 0.1894530 0.2646088 0.4279875 0.4285404 0.4134971 0.2309676 0.3465396 0.4038993 0.2644694 0.2517185 0.2341975 0.0787801 0.4442046 0.0859885 
Perityle_gilensis_salensis_225             0.2912684 0.1601945 0.2736488 0.4683703 0.1183720 0.0615694 0.4208866 0.1434869 0.3387980 0.2892197 0.1454808 0.0400437 0.2477934 0.0718537 0.0656489 0.0653987 0.3241734 0.4029124 0.1192591 0.0825731 0.0739960 0.2430696 0.1663400 0.0914702 0.0632057 0.2498631 0.1313134 0.1789837 0.1363956 0.3090858 0.5824625 0.3049249 0.3083571 0.2895307 0.0966994 0.2959212 0.1598179 0.0717606 0.1397146 0.1077764 0.2535991 0.0000000 0.1477258 0.2276777 0.1383404 0.1145310 0.0598284 0.2498708 0.3300779 0.1505543 0.0619099 0.0716403 0.1628305 0.2238336 0.0832262 0.1441038 0.0851777 0.1462365 0.2511732 0.2570281 0.0552031 0.0670627 0.1014430 0.0995574 0.1024055 0.1466485 0.3284260 0.2773263 0.1901393 0.0278972 0.0783541 0.0927823 0.2969246 0.2537547 0.2484245 0.0845546 0.2686796 0.2796250 0.1383477 0.1254278 0.1111297 0.0955457 0.2610851 0.1489339 
Perityle_glaucescens_94                    0.3063562 0.1491226 0.3006281 0.4995122 0.1578097 0.0511282 0.4341367 0.1657227 0.3442170 0.2814813 0.1472796 0.0593993 0.2917979 0.1175235 0.0967114 0.0950391 0.3819415 0.3199628 0.1019879 0.1262146 0.1390828 0.2865880 0.1596988 0.1489400 0.1186154 0.2997660 0.1615915 0.1743451 0.1556525 0.2737611 0.5476895 0.3103054 0.3223597 0.2754517 0.1542464 0.2993100 0.0451033 0.1269947 0.1309479 0.1243563 0.2400293 0.1477258 0.0000000 0.2744879 0.0293479 0.1201406 0.1391178 0.2997779 0.3537214 0.0217669 0.1193580 0.1430965 0.1755473 0.2544299 0.1223886 0.1343950 0.0888208 0.1392575 0.3014298 0.3076162 0.0656745 0.0720696 0.1066823 0.1104573 0.1689069 0.1471855 0.3077874 0.2636583 0.1972730 0.0571688 0.1363752 0.1503668 0.2998863 0.2973524 0.2986149 0.1444786 0.3067076 0.2685480 0.1319935 0.1601311 0.1757137 0.0874220 0.3161316 0.1171710 
Perityle_gracilis_11                       0.3021635 0.1439101 0.2963362 0.5226748 0.1835930 0.0613945 0.4435795 0.1477332 0.3852742 0.3211192 0.2403598 0.0753312 0.0127014 0.1213119 0.1943595 0.1104780 0.5698943 0.3610144 0.2330762 0.2428994 0.2207190 0.0168585 0.1392109 0.2185968 0.2158603 0.0083912 0.2540192 0.2487662 0.2569341 0.3105550 0.6067907 0.3238176 0.3253749 0.3249296 0.2022931 0.3086410 0.2833660 0.2363866 0.2526572 0.1911282 0.3602183 0.2276777 0.2744879 0.0000000 0.2535201 0.2455414 0.1704729 0.0098004 0.2126498 0.2707184 0.2050925 0.2102378 0.2235383 0.2808434 0.2258337 0.1810176 0.0751297 0.1855814 0.0083831 0.0126285 0.0398348 0.1168157 0.1879347 0.1770122 0.1946867 0.2501844 0.3074485 0.2682902 0.2784764 0.0643665 0.2340699 0.2148021 0.3054707 0.0197473 0.0084011 0.2093635 0.0857617 0.2665315 0.2464965 0.2285848 0.2104756 0.1043912 0.0197389 0.2052911 
Perityle_harkerae_31                       0.2757002 0.1530034 0.2536229 0.4728193 0.1490124 0.0652184 0.4195783 0.1694832 0.3155589 0.2381694 0.1448759 0.0592193 0.2486330 0.1172172 0.1032423 0.1041006 0.4111523 0.3484461 0.0867783 0.1108095 0.1196882 0.2612510 0.1596988 0.1397826 0.0994070 0.2512387 0.1446071 0.1696485 0.1409524 0.2526325 0.5478863 0.2748748 0.2681149 0.2401738 0.1387999 0.2389996 0.0389798 0.1148528 0.1043992 0.0995497 0.1301503 0.1383404 0.0293479 0.2535201 0.0000000 0.1149598 0.1184953 0.2534304 0.3061874 0.0338924 0.1012338 0.1243865 0.1236473 0.2138717 0.1078691 0.1153496 0.0988034 0.1201836 0.2551341 0.2596686 0.0708440 0.0718037 0.1143997 0.1184825 0.1456834 0.1305875 0.3379503 0.2087287 0.1846040 0.0602516 0.1249350 0.1413977 0.2368996 0.2581810 0.2516020 0.1238986 0.2813839 0.2108659 0.1195073 0.1295887 0.1656230 0.1013317 0.2663273 0.1169064 
