84
Amauria_brandeegeana_62                    0.0000000 0.2675981 0.0922594 0.2899831 0.0920149 0.2404984 0.2591979 0.1455665 0.3890875 0.3862318 0.0971963 0.0921447 0.0987424 0.1060293 0.0981340 0.0869886 0.0917763 0.1005296 0.0923621 0.3876609 0.0894157 0.0912263 0.2078753 0.0957429 0.3705319 0.0883004 0.0989301 0.0924785 0.3005617 0.2907222 0.2554548 0.0928354 0.1005539 0.3898233 0.0929455 0.4141178 0.1126929 0.0841613 0.1150536 0.0920381 0.1056540 0.1074817 0.1108764 0.0986633 0.4098496 0.1182608 0.0922990 0.1025464 0.1038210 0.1143766 0.0906281 0.0958634 0.0911618 0.0989837 0.0923792 0.1053126 0.0868020 0.0884962 0.0993463 0.1036309 0.1276573 0.2600158 0.1851876 0.0978333 0.1006412 0.4226047 0.1067298 0.1007391 0.1269867 0.0978858 0.0963319 0.3937164 0.1027127 0.0952198 0.0834175 0.0992007 0.1067288 0.0976991 0.0969460 0.2353945 0.1045773 0.1004123 0.0896674 0.1025704 
Amauria_carterae_99_mesa                   0.2675981 0.0000000 0.2457423 0.2638898 0.2565691 0.0999232 0.3054310 0.2746250 0.2826907 0.1170955 0.2677032 0.2455142 0.2548893 0.2510266 0.2602806 0.2483949 0.2451865 0.2512540 0.2623858 0.1214169 0.2458561 0.2592729 0.1787241 0.2509758 0.1223297 0.2476581 0.2851357 0.2615271 0.2934336 0.1103504 0.1017955 0.2681969 0.2456839 0.1171986 0.2577513 0.1185672 0.2711935 0.2578024 0.2690750 0.2580283 0.2530862 0.2552708 0.2638172 0.2589919 0.1158780 0.2801959 0.2558780 0.2592029 0.2619645 0.2678456 0.2528162 0.2576648 0.2498696 0.2832698 0.1637190 0.2481794 0.2513207 0.2685099 0.2594814 0.2614992 0.2728706 0.1742608 0.2004002 0.2479756 0.2458577 0.1506435 0.2642052 0.2488274 0.2162251 0.2538570 0.2509758 0.1126835 0.2618697 0.2450637 0.2544085 0.2577606 0.2609735 0.2539126 0.2440568 0.2370257 0.2614992 0.2697899 0.2403296 0.2599472 
Amauria_rotundifolia_SRR9119150            0.0922594 0.2457423 0.0000000 0.2922250 0.0746394 0.2334593 0.2534791 0.1423497 0.3697491 0.3883319 0.0905804 0.0868108 0.0938663 0.0986425 0.0896660 0.0776564 0.0872981 0.0884406 0.0756242 0.3815607 0.0850676 0.0800213 0.1900115 0.0858732 0.3782862 0.0830356 0.0902919 0.0791740 0.2922401 0.2815613 0.2423064 0.0835149 0.0888660 0.3895019 0.0857243 0.4199885 0.1026277 0.0789857 0.0998782 0.0852874 0.0993968 0.1021237 0.1018709 0.0888500 0.4069210 0.1009791 0.0832214 0.0937920 0.0976921 0.0989483 0.0821731 0.0890767 0.0839683 0.0903381 0.0805656 0.0969181 0.0722143 0.0858150 0.0875435 0.0946662 0.1217417 0.2663108 0.1740767 0.0904115 0.0996787 0.4024030 0.1035402 0.0839343 0.1123908 0.0918538 0.0865151 0.3872822 0.0938666 0.0860743 0.0803217 0.0927384 0.0948912 0.0853484 0.0895673 0.2179630 0.0955592 0.0919428 0.0769287 0.1083193 
Conoclinium_coelestinum_SRR9119114         0.2899831 0.2638898 0.2922250 0.0000000 0.2828561 0.2228325 0.3322052 0.2559668 0.4620515 0.3523678 0.3083314 0.2847544 0.2657290 0.2631899 0.2781911 0.2727524 0.2787890 0.3180328 0.2546258 0.3740030 0.2792140 0.2378317 0.2238797 0.2472940 0.3779015 0.2707338 0.3056717 0.2814965 0.3632897 0.2803287 0.2410032 0.2806843 0.2988255 0.3545552 0.2855777 0.3802603 0.2815920 0.2749904 0.2966150 0.2775427 0.2632057 0.2642580 0.2827359 0.2602355 0.3782886 0.3036221 0.2798057 0.2637999 0.2637466 0.2618173 0.2711190 0.2659913 0.2694826 0.3025951 0.1763244 0.2785474 0.2549892 0.2372396 0.2501324 0.2656395 0.2830189 0.2138550 0.2727182 0.2878357 0.2726201 0.3904904 0.2807156 0.2840376 0.1860058 0.2750300 0.2491504 0.3581301 0.2674198 0.2560336 0.2706807 0.2669448 0.2900274 0.2501359 0.2865916 0.3305206 0.2670174 0.2910355 0.2630598 0.2721565 
Eutetras_palmeri_63                        0.0920149 0.2565691 0.0746394 0.2828561 0.0000000 0.2369779 0.2433784 0.1379006 0.3797749 0.3707601 0.0786433 0.0775130 0.0848003 0.0926691 0.0772148 0.0685021 0.0827552 0.0710885 0.0822040 0.3869212 0.0757725 0.0800555 0.2133761 0.0839162 0.3802898 0.0728302 0.0801360 0.0787367 0.2624906 0.2903633 0.2513496 0.0727929 0.0883091 0.3687550 0.0774787 0.4033273 0.0947738 0.0728637 0.0979684 0.0775308 0.0945585 0.0964862 0.0988978 0.0861191 0.3967855 0.0981385 0.0767083 0.0886774 0.0897408 0.0954799 0.0832998 0.0820051 0.0747325 0.0801787 0.0737820 0.0910549 0.0706137 0.0847866 0.0827184 0.0895954 0.1160907 0.2709659 0.1670253 0.0803091 0.0923489 0.3972325 0.0900783 0.0772140 0.1282676 0.0844255 0.0835731 0.3814255 0.0887511 0.0845604 0.0681701 0.0817435 0.0887098 0.0875707 0.0794250 0.2198401 0.0905325 0.0807077 0.0756024 0.1084363 
Eutetras_pringlei_149_quer                 0.2404984 0.0999232 0.2334593 0.2228325 0.2369779 0.0000000 0.3414411 0.2613145 0.2910219 0.0876586 0.2385745 0.2344993 0.2175116 0.2228631 0.2401303 0.2226116 0.2265039 0.2516330 0.2257748 0.0824134 0.2308190 0.2290033 0.1517026 0.2210598 0.0742611 0.2227680 0.2492252 0.2366487 0.2698475 0.0787005 0.0780620 0.2520045 0.2455780 0.0877355 0.2401509 0.0860607 0.2338181 0.2401301 0.2378520 0.2300061 0.2228631 0.2251565 0.2329758 0.2289445 0.0883964 0.2444064 0.2365879 0.2289445 0.2315167 0.2368157 0.2314518 0.2253724 0.2248619 0.2494913 0.1602657 0.2290074 0.2391454 0.2384793 0.2271907 0.2293182 0.2646479 0.1029687 0.2086977 0.2341886 0.2344612 0.1094706 0.2541320 0.2348068 0.1656918 0.2363825 0.2210598 0.0831219 0.2314000 0.2279780 0.2348865 0.2480564 0.2282120 0.2217157 0.2324404 0.2444491 0.2293156 0.2514483 0.2382120 0.2325990 
Eutrochium_fistulosum_SRR9119106           0.2591979 0.3054310 0.2534791 0.3322052 0.2433784 0.3414411 0.0000000 0.2507483 0.4180427 0.4586490 0.2525091 0.2530512 0.2458478 0.2499077 0.2470233 0.2430851 0.2563021 0.2743208 0.2336910 0.4805031 0.2422985 0.2307874 0.2121897 0.2340759 0.4644900 0.2494047 0.2732544 0.2506640 0.3199193 0.3617344 0.3185416 0.2481020 0.2528051 0.4572910 0.2601044 0.4992427 0.2732293 0.2383092 0.2588575 0.2479985 0.2513013 0.2558481 0.2771055 0.2415272 0.4620770 0.2590419 0.2555763 0.2441500 0.2432358 0.2569897 0.2413744 0.2457136 0.2496377 0.2721664 0.0982294 0.2636713 0.2312522 0.2185843 0.2300454 0.2471041 0.2554420 0.3287710 0.2541690 0.2612473 0.2305308 0.4826071 0.2725024 0.2681429 0.1656410 0.2429399 0.2340759 0.4814658 0.2432494 0.2361764 0.2502968 0.2602250 0.2608927 0.2265280 0.2601516 0.2720453 0.2443697 0.2594359 0.2431208 0.2321059 
Galeana_pratensis_104_mex                  0.1455665 0.2746250 0.1423497 0.2559668 0.1379006 0.2613145 0.2507483 0.0000000 0.3548238 0.3323190 0.1522779 0.1309105 0.1318041 0.1371783 0.1452157 0.1269990 0.1376124 0.1716494 0.1449897 0.3294430 0.1313615 0.1365068 0.2217650 0.1299104 0.3435133 0.1335277 0.1536153 0.1455010 0.2209772 0.2910456 0.2526028 0.1545862 0.1547109 0.3279387 0.1386500 0.3358666 0.1575348 0.1352102 0.1579805 0.1313770 0.1384983 0.1384664 0.1637823 0.1364810 0.3244868 0.1610650 0.1401781 0.1359415 0.1374951 0.1669581 0.1379389 0.1321686 0.1361338 0.1537285 0.1110969 0.1526596 0.1542358 0.1315334 0.1365818 0.1373507 0.1778041 0.2634267 0.2266477 0.1334387 0.1432875 0.3272554 0.1527797 0.1426515 0.1487254 0.1365761 0.1299104 0.3289980 0.1374451 0.1318645 0.1309964 0.1470087 0.1445334 0.1352714 0.1334982 0.2607725 0.1373427 0.1593780 0.1698468 0.1367325 
Helianthus_annuus_SRR9119062               0.3890875 0.2826907 0.3697491 0.4620515 0.3797749 0.2910219 0.4180427 0.3548238 0.0000000 0.4160091 0.3783518 0.3869484 0.3772756 0.3739521 0.3266356 0.3747807 0.3820173 0.3201646 0.3468289 0.4226147 0.3835881 0.3461669 0.2237753 0.3514389 0.4131918 0.3807674 0.3903506 0.3887358 0.4331444 0.3217700 0.2815044 0.3965476 0.3838775 0.4110130 0.3776270 0.4262957 0.3850241 0.3570602 0.3918879 0.3816597 0.3770775 0.3729588 0.3826840 0.3648776 0.4185629 0.3849286 0.3822634 0.3721897 0.3732404 0.3536932 0.3705798 0.3745031 0.3723846 0.3907012 0.1385008 0.3768160 0.2543529 0.3165687 0.3497486 0.3727660 0.3696128 0.4551271 0.2190039 0.3882124 0.3489204 0.4314099 0.3898378 0.3809007 0.3159208 0.3684209 0.3530229 0.4155177 0.3762057 0.3434297 0.3738052 0.3759553 0.3854005 0.3521684 0.3830793 0.2533858 0.3742033 0.4029813 0.2257025 0.3576327 
Lycapsus_tenuifolius_17                    0.3862318 0.1170955 0.3883319 0.3523678 0.3707601 0.0876586 0.4586490 0.3323190 0.4160091 0.0000000 0.3878357 0.3708856 0.3711640 0.3575243 0.2886843 0.3655386 0.3756745 0.3088029 0.3407200 0.1029482 0.3735394 0.3170261 0.1520035 0.3400866 0.1039415 0.3689872 0.4010795 0.3881938 0.4859599 0.0784155 0.0772362 0.3852957 0.3916670 0.0057992 0.3801830 0.0255623 0.4024751 0.3315727 0.3982011 0.3652119 0.3668142 0.3672810 0.3896949 0.3597661 0.1158437 0.4062011 0.3795864 0.3710005 0.3773696 0.3686067 0.3620295 0.3659537 0.3771123 0.4014289 0.1769741 0.3557222 0.2726620 0.3188871 0.3497654 0.3715771 0.3516927 0.2470418 0.2196606 0.3701904 0.3883657 0.1846193 0.3986391 0.3742097 0.2557708 0.3470851 0.3431307 0.0748309 0.3736932 0.3413991 0.3521907 0.3443306 0.3868037 0.3461567 0.3687993 0.2246337 0.3715771 0.4004976 0.2493025 0.3528717 
Pericome_caudata_50_silver                 0.0971963 0.2677032 0.0905804 0.3083314 0.0786433 0.2385745 0.2525091 0.1522779 0.3783518 0.3878357 0.0000000 0.0948980 0.1048517 0.1051483 0.0918262 0.0812415 0.0945291 0.0933192 0.0768952 0.3876792 0.0877187 0.0873863 0.2009016 0.0907451 0.3757171 0.0875176 0.0921591 0.0890001 0.3057941 0.2783218 0.2445029 0.0901733 0.0924397 0.3872125 0.0892673 0.4170085 0.1121328 0.0838088 0.0911732 0.0851553 0.1066795 0.1115109 0.1113500 0.0956572 0.4013666 0.0903237 0.0885425 0.1047045 0.1087955 0.1053295 0.0862631 0.0981886 0.0884670 0.0922068 0.0822514 0.1021433 0.0783604 0.0880989 0.0943080 0.1057512 0.1282733 0.2797044 0.1694042 0.0975964 0.1088199 0.4048118 0.0994299 0.0817905 0.1196084 0.0939776 0.0903890 0.3874319 0.1058224 0.0952053 0.0839385 0.0906274 0.0818045 0.0933349 0.0967423 0.2305646 0.1066622 0.1039710 0.0906025 0.1180786 
Perityle_aglossa_84_dead_horse             0.0921447 0.2455142 0.0868108 0.2847544 0.0775130 0.2344993 0.2530512 0.1309105 0.3869484 0.3708856 0.0948980 0.0000000 0.0636390 0.0699237 0.0482189 0.0340356 0.0403373 0.0922976 0.0811047 0.3750202 0.0317285 0.0559883 0.1804294 0.0581452 0.3699458 0.0383969 0.0702298 0.0823174 0.3001220 0.2638589 0.2241404 0.0920998 0.0911231 0.3686965 0.0375457 0.3983344 0.0817016 0.0377721 0.0983882 0.0401988 0.0708491 0.0714118 0.0781200 0.0602635 0.3912234 0.0994988 0.0367774 0.0635547 0.0681380 0.0798145 0.0451836 0.0607037 0.0392313 0.0702648 0.0269024 0.1001315 0.0813526 0.0426093 0.0581421 0.0644907 0.1291069 0.2688748 0.1729746 0.0135856 0.1019029 0.4039460 0.0834076 0.0835187 0.1013096 0.0429691 0.0579241 0.3705688 0.0636707 0.0562388 0.0303116 0.0736098 0.0772420 0.0578901 0.0127876 0.2295247 0.0653495 0.0979904 0.0942490 0.0705115 
Perityle_ajoensis_204                      0.0987424 0.2548893 0.0938663 0.2657290 0.0848003 0.2175116 0.2458478 0.1318041 0.3772756 0.3711640 0.1048517 0.0636390 0.0000000 0.0244973 0.0605351 0.0565821 0.0658012 0.1022671 0.0753863 0.3728458 0.0637268 0.0113813 0.1871094 0.0226223 0.3697521 0.0619178 0.0833139 0.0912134 0.3003433 0.2653521 0.2294984 0.0906907 0.0986012 0.3692666 0.0653419 0.3945303 0.1036394 0.0597733 0.1059000 0.0611500 0.0269364 0.0288302 0.1019260 0.0149939 0.3898178 0.1070354 0.0637370 0.0161807 0.0186704 0.0931100 0.0597197 0.0130291 0.0645193 0.0833563 0.0548230 0.0898922 0.0848961 0.0618657 0.0145176 0.0169908 0.1167494 0.2526989 0.1682336 0.0662465 0.0988292 0.4026599 0.1008760 0.0906121 0.0876823 0.0643130 0.0234217 0.3658743 0.0170133 0.0144870 0.0596231 0.0861316 0.0955866 0.0232436 0.0654141 0.2250848 0.0178054 0.1035721 0.1064153 0.0911645 
Perityle_ambrosiifolia_67_green            0.1060293 0.2510266 0.0986425 0.2631899 0.0926691 0.2228631 0.2499077 0.1371783 0.3739521 0.3575243 0.1051483 0.0699237 0.0244973 0.0000000 0.0640498 0.0619447 0.0648800 0.1063368 0.0839679 0.3695290 0.0680954 0.0219831 0.1897436 0.0080715 0.3656721 0.0679980 0.0903614 0.0920233 0.2822395 0.2674041 0.2315799 0.0984574 0.1036968 0.3557157 0.0643691 0.3871812 0.1069284 0.0690286 0.1093749 0.0689839 0.0008315 0.0125959 0.1041644 0.0261588 0.3796414 0.1086306 0.0645070 0.0253691 0.0271299 0.0971442 0.0677395 0.0185228 0.0689033 0.0904094 0.0590250 0.0970732 0.0847699 0.0653769 0.0259543 0.0262167 0.1213521 0.2645066 0.1757391 0.0726556 0.0960516 0.3870940 0.1060852 0.0982445 0.0922450 0.0663358 0.0080406 0.3646395 0.0253922 0.0258971 0.0635323 0.0954499 0.0947572 0.0305307 0.0717872 0.2217578 0.0270713 0.1088730 0.1095692 0.0967308 
Perityle_angustifolia_13_Eagle_creek       0.0981340 0.2602806 0.0896660 0.2781911 0.0772148 0.2401303 0.2470233 0.1452157 0.3266356 0.2886843 0.0918262 0.0482189 0.0605351 0.0640498 0.0000000 0.0286068 0.0335235 0.0959229 0.0854477 0.2716184 0.0407087 0.0586591 0.1889260 0.0549891 0.2693846 0.0332069 0.0758444 0.0812452 0.1734562 0.2615707 0.2431376 0.0886489 0.0863363 0.2889316 0.0236682 0.2952123 0.0731543 0.0342266 0.1022730 0.0373842 0.0651743 0.0628768 0.0697811 0.0627400 0.3094437 0.1024857 0.0205505 0.0605131 0.0617602 0.0672986 0.0431844 0.0561867 0.0331980 0.0758928 0.0018870 0.1038607 0.0827309 0.0382112 0.0596481 0.0638999 0.1199127 0.2567480 0.1587109 0.0481975 0.1086525 0.3183213 0.0670694 0.0736253 0.1012918 0.0205625 0.0547321 0.2866653 0.0628283 0.0606419 0.0279047 0.0659243 0.0874217 0.0608666 0.0460438 0.2365403 0.0649917 0.0921464 0.0911992 0.0546907 
Perityle_batopilensis_97                   0.0869886 0.2483949 0.0776564 0.2727524 0.0685021 0.2226116 0.2430851 0.1269990 0.3747807 0.3655386 0.0812415 0.0340356 0.0565821 0.0619447 0.0286068 0.0000000 0.0287594 0.0754853 0.0698384 0.3716041 0.0305829 0.0468633 0.1778924 0.0512498 0.3661081 0.0270967 0.0597383 0.0675533 0.2825581 0.2684365 0.2302149 0.0728602 0.0773693 0.3633010 0.0279408 0.3927944 0.0684451 0.0268476 0.0894924 0.0104671 0.0630366 0.0629967 0.0657307 0.0528978 0.3948818 0.0877438 0.0262772 0.0566243 0.0594703 0.0647298 0.0345337 0.0511709 0.0279563 0.0597689 0.0133365 0.0879734 0.0702720 0.0292391 0.0515474 0.0575016 0.1175680 0.2562257 0.1625275 0.0375448 0.0923057 0.4038319 0.0691586 0.0713479 0.0868400 0.0355608 0.0510467 0.3713607 0.0566536 0.0475907 0.0201806 0.0565319 0.0759874 0.0532321 0.0366950 0.2265166 0.0574802 0.0794050 0.0785705 0.0565422 
Perityle_bisetosa_9                        0.0917763 0.2451865 0.0872981 0.2787890 0.0827552 0.2265039 0.2563021 0.1376124 0.3820173 0.3756745 0.0945291 0.0403373 0.0658012 0.0648800 0.0335235 0.0287594 0.0000000 0.0868852 0.0817175 0.3796178 0.0344422 0.0553923 0.1727084 0.0482980 0.3715758 0.0310576 0.0715391 0.0837762 0.3089866 0.2685516 0.2326249 0.0869037 0.0908215 0.3748979 0.0252187 0.4039697 0.0738737 0.0312865 0.0979862 0.0337262 0.0641691 0.0646797 0.0730714 0.0615818 0.3989968 0.0972490 0.0269369 0.0649503 0.0677704 0.0724185 0.0375339 0.0575000 0.0318890 0.0715750 0.0114252 0.1038043 0.0810652 0.0331414 0.0595903 0.0658013 0.1324896 0.2720577 0.1647117 0.0420204 0.1037926 0.4106830 0.0804517 0.0821624 0.0890504 0.0315188 0.0490165 0.3778673 0.0649832 0.0566488 0.0269580 0.0694179 0.0849497 0.0572859 0.0412002 0.2278612 0.0666668 0.0939419 0.0861727 0.0638006 
Perityle_californica_76_positas            0.1005296 0.2512540 0.0884406 0.3180328 0.0710885 0.2516330 0.2743208 0.1716494 0.3201646 0.3088029 0.0933192 0.0922976 0.1022671 0.1063368 0.0959229 0.0754853 0.0868852 0.0000000 0.0931426 0.3015589 0.0825822 0.0984175 0.2005541 0.0970162 0.2975183 0.0898181 0.0897702 0.0856139 0.1730314 0.2452945 0.2405261 0.0136474 0.0847281 0.3071563 0.0922753 0.3159619 0.1120802 0.0923811 0.1076957 0.0846371 0.1076539 0.1089195 0.1109255 0.1045593 0.3089245 0.1092093 0.0887499 0.1060523 0.1076245 0.1156837 0.0955094 0.0972677 0.0911714 0.0910492 0.0875398 0.1038158 0.0831255 0.1091727 0.1045651 0.1049857 0.1192058 0.3045717 0.1503030 0.0883994 0.0965943 0.3016973 0.1101122 0.0924518 0.1385175 0.0978145 0.0964855 0.2879271 0.1062815 0.1031132 0.0886670 0.1089838 0.0962545 0.0967592 0.0871941 0.2148689 0.1049312 0.0066617 0.0905668 0.1254391 
Perityle_canescens_77                      0.0923621 0.2623858 0.0756242 0.2546258 0.0822040 0.2257748 0.2336910 0.1449897 0.3468289 0.3407200 0.0768952 0.0811047 0.0753863 0.0839679 0.0854477 0.0698384 0.0817175 0.0931426 0.0000000 0.3526321 0.0736264 0.0777638 0.1918189 0.0806769 0.3482273 0.0724023 0.0874993 0.0815520 0.2107189 0.2607073 0.2219742 0.0888366 0.0879114 0.3410242 0.0797720 0.3634714 0.0792166 0.0793694 0.0362507 0.0755495 0.0850505 0.0829371 0.0793477 0.0785527 0.3581746 0.0363035 0.0778563 0.0776158 0.0787777 0.0792468 0.0803975 0.0733346 0.0734489 0.0875527 0.0613030 0.0945700 0.0735469 0.0754660 0.0766597 0.0796749 0.1249816 0.2266288 0.1632253 0.0842055 0.0781127 0.3740895 0.0974179 0.0694891 0.0950950 0.0765981 0.0806769 0.3525525 0.0787266 0.0780522 0.0734937 0.0946860 0.0729594 0.0786272 0.0832007 0.2250062 0.0807152 0.0977289 0.0837659 0.0811672 
Perityle_castillonii_96                    0.3876609 0.1214169 0.3815607 0.3740030 0.3869212 0.0824134 0.4805031 0.3294430 0.4226147 0.1029482 0.3876792 0.3750202 0.3728458 0.3695290 0.2716184 0.3716041 0.3796178 0.3015589 0.3526321 0.0000000 0.3769252 0.3331557 0.1348524 0.3410215 0.0282436 0.3711913 0.4056018 0.3925794 0.4441802 0.0920771 0.0961788 0.3920292 0.4010438 0.1076726 0.3856690 0.1032039 0.4031416 0.3259349 0.3864038 0.3735244 0.3681424 0.3724235 0.3918283 0.3656416 0.1213881 0.3971153 0.3787136 0.3737133 0.3797866 0.3670033 0.3630887 0.3700852 0.3762219 0.4059557 0.1591976 0.3751094 0.2526239 0.3252018 0.3508367 0.3766205 0.3640366 0.2488330 0.2177803 0.3724439 0.4092521 0.1816758 0.3974553 0.3797204 0.2278623 0.3652006 0.3440508 0.0996267 0.3760566 0.3532787 0.3682471 0.3551392 0.3851442 0.3450655 0.3710515 0.2135461 0.3766172 0.4020074 0.2401885 0.3608749 
Perityle_cernua_84                         0.0894157 0.2458561 0.0850676 0.2792140 0.0757725 0.2308190 0.2422985 0.1313615 0.3835881 0.3735394 0.0877187 0.0317285 0.0637268 0.0680954 0.0407087 0.0305829 0.0344422 0.0825822 0.0736264 0.3769252 0.0000000 0.0498747 0.1752493 0.0515978 0.3681825 0.0292208 0.0686103 0.0806641 0.2967038 0.2642604 0.2287389 0.0837495 0.0858185 0.3713247 0.0333908 0.4016630 0.0744503 0.0310816 0.0938610 0.0365861 0.0690445 0.0695921 0.0718324 0.0594485 0.3940929 0.0949583 0.0309351 0.0628560 0.0673967 0.0710311 0.0338573 0.0589864 0.0300458 0.0686445 0.0191389 0.0983111 0.0721777 0.0360823 0.0573934 0.0637012 0.1273127 0.2666201 0.1608221 0.0342108 0.0979863 0.4023956 0.0781816 0.0790985 0.0984082 0.0402956 0.0532559 0.3764993 0.0637880 0.0554033 0.0285851 0.0679573 0.0799849 0.0559584 0.0333992 0.2283098 0.0645604 0.0899055 0.0850771 0.0643809 
Perityle_cfvillosa_25_tin                  0.0912263 0.2592729 0.0800213 0.2378317 0.0800555 0.2290033 0.2307874 0.1365068 0.3461669 0.3170261 0.0873863 0.0559883 0.0113813 0.0219831 0.0586591 0.0468633 0.0553923 0.0984175 0.0777638 0.3331557 0.0498747 0.0000000 0.1924078 0.0200371 0.3350723 0.0498174 0.0788645 0.0826808 0.2434419 0.2714797 0.2357247 0.0855453 0.0878729 0.3172986 0.0558651 0.3434724 0.0861789 0.0585211 0.0865091 0.0522339 0.0229566 0.0239450 0.0841823 0.0047169 0.3428189 0.0910132 0.0539565 0.0037760 0.0047283 0.0851621 0.0532683 0.0104356 0.0508214 0.0767821 0.0528384 0.0901664 0.0903982 0.0630229 0.0037800 0.0056676 0.1140506 0.2208520 0.1717672 0.0600330 0.0976345 0.3588759 0.0887403 0.0758513 0.0891477 0.0548455 0.0200371 0.3338012 0.0047264 0.0028817 0.0508382 0.0868477 0.0812842 0.0220083 0.0590555 0.2251709 0.0066145 0.0942782 0.1097116 0.0657855 
Perityle_cinerea_113_Powell1310            0.2078753 0.1787241 0.1900115 0.2238797 0.2133761 0.1517026 0.2121897 0.2217650 0.2237753 0.1520035 0.2009016 0.1804294 0.1871094 0.1897436 0.1889260 0.1778924 0.1727084 0.2005541 0.1918189 0.1348524 0.1752493 0.1924078 0.0000000 0.1868798 0.1377026 0.1808927 0.2198850 0.1928294 0.2231635 0.1509233 0.1538021 0.2008666 0.2146970 0.1495010 0.1864430 0.1523514 0.1830769 0.1862732 0.2058880 0.1837403 0.1871656 0.1959299 0.1864994 0.1897560 0.1490315 0.2006040 0.1839060 0.1897560 0.1959275 0.1891986 0.1667307 0.1959905 0.1862250 0.2172231 0.1495713 0.2024230 0.1872519 0.1878246 0.1897560 0.1927918 0.2132046 0.1591256 0.1503120 0.1748973 0.2077031 0.1783093 0.2062308 0.1932892 0.2152353 0.1862930 0.1868798 0.1525136 0.1897560 0.1929140 0.1760007 0.1974854 0.1804253 0.1842771 0.1748973 0.1326362 0.1927918 0.1981989 0.1886762 0.1801473 
Perityle_coahuilensis_24                   0.0957429 0.2509758 0.0858732 0.2472940 0.0839162 0.2210598 0.2340759 0.1299104 0.3514389 0.3400866 0.0907451 0.0581452 0.0226223 0.0080715 0.0549891 0.0512498 0.0482980 0.0970162 0.0806769 0.3410215 0.0515978 0.0200371 0.1868798 0.0000000 0.3272708 0.0524842 0.0789823 0.0843632 0.3004113 0.2633462 0.2274538 0.0899710 0.0911722 0.3403552 0.0515823 0.3709385 0.0915585 0.0604109 0.0899589 0.0567427 0.0086296 0.0069502 0.0877572 0.0235272 0.3608776 0.0921216 0.0526213 0.0235121 0.0271306 0.0895595 0.0565458 0.0166010 0.0533999 0.0790251 0.0507547 0.0917765 0.0861407 0.0607536 0.0235352 0.0243847 0.1194123 0.2271281 0.1680211 0.0609222 0.0903312 0.3744445 0.0906982 0.0810182 0.0861686 0.0529847 0.0000010 0.3641481 0.0226455 0.0230084 0.0534857 0.0871111 0.0821161 0.0287012 0.0600323 0.2178408 0.0252641 0.1000184 0.1046763 0.0675956 
Perityle_cochisensis_44_cave_creek         0.3705319 0.1223297 0.3782862 0.3779015 0.3802898 0.0742611 0.4644900 0.3435133 0.4131918 0.1039415 0.3757171 0.3699458 0.3697521 0.3656721 0.2693846 0.3661081 0.3715758 0.2975183 0.3482273 0.0282436 0.3681825 0.3350723 0.1377026 0.3272708 0.0000000 0.3622599 0.3985757 0.3863369 0.4084584 0.0891375 0.0944213 0.3766505 0.3936881 0.1046257 0.3794876 0.0994762 0.3903830 0.3252770 0.3881333 0.3717575 0.3655838 0.3703684 0.3787236 0.3530256 0.1090211 0.3941711 0.3772999 0.3724002 0.3779578 0.3441628 0.3454267 0.3718333 0.3657180 0.3971015 0.1559579 0.3717823 0.2483350 0.3240604 0.3397946 0.3769116 0.3679523 0.2366323 0.2156170 0.3654910 0.3966582 0.1677284 0.3917608 0.3670295 0.2328953 0.3571150 0.3304856 0.0906185 0.3690158 0.3442025 0.3735444 0.3574873 0.3753605 0.3303496 0.3640393 0.2136940 0.3769081 0.3978352 0.2353664 0.3708343 
Perityle_congesta_202                      0.0883004 0.2476581 0.0830356 0.2707338 0.0728302 0.2227680 0.2494047 0.1335277 0.3807674 0.3689872 0.0875176 0.0383969 0.0619178 0.0679980 0.0332069 0.0270967 0.0310576 0.0898181 0.0724023 0.3711913 0.0292208 0.0498174 0.1808927 0.0524842 0.3622599 0.0000000 0.0658522 0.0804446 0.3046662 0.2626175 0.2270281 0.0835808 0.0875109 0.3668049 0.0283599 0.3956999 0.0734528 0.0262367 0.0955191 0.0319921 0.0671789 0.0677104 0.0708406 0.0584964 0.3956947 0.0947836 0.0267423 0.0627821 0.0673172 0.0690240 0.0268974 0.0571382 0.0087921 0.0658848 0.0172284 0.0970481 0.0760198 0.0316992 0.0564260 0.0636263 0.1236363 0.2591949 0.1569506 0.0400656 0.1007875 0.4041917 0.0772764 0.0780479 0.0954269 0.0339661 0.0522857 0.3668307 0.0637129 0.0525943 0.0197695 0.0640038 0.0780396 0.0511817 0.0392514 0.2276352 0.0644845 0.0933877 0.0849755 0.0561983 
Perityle_cordifolia_27                     0.0989301 0.2851357 0.0902919 0.3056717 0.0801360 0.2492252 0.2732544 0.1536153 0.3903506 0.4010795 0.0921591 0.0702298 0.0833139 0.0903614 0.0758444 0.0597383 0.0715391 0.0897702 0.0874993 0.4056018 0.0686103 0.0788645 0.2198850 0.0789823 0.3985757 0.0658522 0.0000000 0.0697099 0.3126872 0.2825585 0.2445850 0.0903161 0.0903135 0.3986598 0.0683864 0.4297069 0.0973585 0.0736212 0.1020995 0.0673660 0.0897032 0.0904298 0.0984439 0.0804620 0.4246418 0.1013701 0.0659161 0.0833420 0.0871461 0.1007837 0.0766804 0.0776177 0.0667523 0.0015880 0.0824426 0.0989137 0.0667012 0.0788035 0.0798626 0.0842037 0.1302493 0.2878854 0.1313400 0.0692866 0.1011946 0.4199539 0.1017485 0.0882495 0.1250197 0.0790553 0.0796011 0.3942848 0.0824771 0.0786775 0.0656846 0.0943789 0.0898502 0.0842210 0.0666931 0.2314579 0.0850826 0.0896522 0.0866052 0.1054847 
Perityle_cordifolia_68_tecolote            0.0924785 0.2615271 0.0791740 0.2814965 0.0787367 0.2366487 0.2506640 0.1455010 0.3887358 0.3881938 0.0890001 0.0823174 0.0912134 0.0920233 0.0812452 0.0675533 0.0837762 0.0856139 0.0815520 0.3925794 0.0806641 0.0826808 0.1928294 0.0843632 0.3863369 0.0804446 0.0697099 0.0000000 0.3118195 0.2823182 0.2466696 0.0859707 0.0836018 0.3875099 0.0821979 0.4224217 0.1023653 0.0784091 0.0999466 0.0737900 0.0921314 0.0967190 0.1007753 0.0884638 0.4261650 0.1029313 0.0805929 0.0912218 0.0941366 0.0992275 0.0874132 0.0855325 0.0813743 0.0697448 0.0811330 0.0945416 0.0120739 0.0864559 0.0851942 0.0920957 0.1214721 0.2671771 0.1612291 0.0859449 0.0975367 0.4104655 0.1042855 0.0849464 0.1104838 0.0893911 0.0840352 0.3982572 0.0922245 0.0840108 0.0775905 0.0931513 0.0931891 0.0867776 0.0851021 0.2243449 0.0911805 0.0921658 0.0906984 0.1073211 
Perityle_coronopifolia_28_patagonia        0.3005617 0.2934336 0.2922401 0.3632897 0.2624906 0.2698475 0.3199193 0.2209772 0.4331444 0.4859599 0.3057941 0.3001220 0.3003433 0.2822395 0.1734562 0.2825581 0.3089866 0.1730314 0.2107189 0.4441802 0.2967038 0.2434419 0.2231635 0.3004113 0.4084584 0.3046662 0.3126872 0.3118195 0.0000000 0.3232174 0.2809428 0.2966919 0.2972998 0.4841086 0.3130458 0.5161225 0.3065199 0.2325176 0.2702892 0.2586870 0.3087150 0.3010442 0.3134313 0.2977801 0.4895307 0.2763405 0.3015005 0.2978702 0.2988162 0.3074837 0.3163852 0.2941370 0.2987177 0.3111578 0.1015671 0.2716586 0.1666114 0.2396607 0.2981776 0.3028942 0.2803110 0.3502963 0.1728483 0.3139013 0.2819426 0.4952977 0.3072691 0.2773639 0.1296004 0.2766308 0.3004113 0.4836597 0.2979331 0.3065123 0.2557328 0.2573794 0.2938516 0.3019266 0.3123551 0.2019134 0.3028942 0.3263073 0.1785706 0.2446213 
Perityle_crassifolia_70_ventanas           0.2907222 0.1103504 0.2815613 0.2803287 0.2903633 0.0787005 0.3617344 0.2910456 0.3217700 0.0784155 0.2783218 0.2638589 0.2653521 0.2674041 0.2615707 0.2684365 0.2685516 0.2452945 0.2607073 0.0920771 0.2642604 0.2714797 0.1509233 0.2633462 0.0891375 0.2626175 0.2825585 0.2823182 0.3232174 0.0000000 0.0043472 0.2875540 0.2821197 0.0784793 0.2802930 0.0599426 0.2832820 0.2759671 0.2649301 0.2761764 0.2656514 0.2675615 0.2746084 0.2711926 0.0830532 0.2773082 0.2748669 0.2714078 0.2741421 0.2784970 0.2678020 0.2696424 0.2666006 0.2828605 0.1584511 0.2670571 0.2500351 0.2809746 0.2696487 0.2736677 0.2855557 0.1750404 0.2061231 0.2624680 0.2679135 0.1295073 0.2906955 0.2773391 0.2316456 0.2764845 0.2633462 0.0206210 0.2740460 0.2578176 0.2691680 0.2867645 0.2677669 0.2664913 0.2607288 0.2240523 0.2736677 0.2920884 0.2300690 0.2781163 
Perityle_crassifolia_74_playa_balandra     0.2554548 0.1017955 0.2423064 0.2410032 0.2513496 0.0780620 0.3185416 0.2526028 0.2815044 0.0772362 0.2445029 0.2241404 0.2294984 0.2315799 0.2431376 0.2302149 0.2326249 0.2405261 0.2219742 0.0961788 0.2287389 0.2357247 0.1538021 0.2274538 0.0944213 0.2270281 0.2445850 0.2466696 0.2809428 0.0043472 0.0000000 0.2512489 0.2432426 0.0773030 0.2431795 0.0643928 0.2439586 0.2388138 0.2264421 0.2378886 0.2297626 0.2317255 0.2368658 0.2354677 0.0835217 0.2388147 0.2394716 0.2356615 0.2383590 0.2408346 0.2340099 0.2338399 0.2310822 0.2448534 0.1586199 0.2253386 0.2454913 0.2457008 0.2338374 0.2379321 0.2458824 0.1434644 0.2046817 0.2264864 0.2317607 0.1344363 0.2529970 0.2396079 0.1921954 0.2392771 0.2274538 0.0265648 0.2382711 0.2210332 0.2317635 0.2489932 0.2287913 0.2305259 0.2224502 0.2172294 0.2379321 0.2529030 0.2208646 0.2409995 
Perityle_cuneata_34_cuneata_San_antonio    0.0928354 0.2681969 0.0835149 0.2806843 0.0727929 0.2520045 0.2481020 0.1545862 0.3965476 0.3852957 0.0901733 0.0920998 0.0906907 0.0984574 0.0886489 0.0728602 0.0869037 0.0136474 0.0888366 0.3920292 0.0837495 0.0855453 0.2008666 0.0899710 0.3766505 0.0835808 0.0903161 0.0859707 0.2966919 0.2875540 0.2512489 0.0000000 0.0798054 0.3856035 0.0891838 0.4120532 0.1070241 0.0798009 0.1038194 0.0802947 0.0984285 0.1002814 0.1072437 0.0921537 0.4034718 0.1059939 0.0875027 0.0925163 0.0946791 0.1098324 0.0929829 0.0867221 0.0845893 0.0912845 0.0853118 0.0949927 0.0799927 0.0920407 0.0916523 0.0935721 0.1188250 0.2496427 0.1810412 0.0929949 0.0915773 0.4125155 0.1036581 0.0904869 0.1211738 0.0923189 0.0896137 0.3961987 0.0926641 0.0906146 0.0807580 0.0971028 0.0938821 0.0917465 0.0921101 0.2377081 0.0935361 0.0229417 0.0906018 0.0992503 
Perityle_cuneata_4                         0.1005539 0.2456839 0.0888660 0.2988255 0.0883091 0.2455780 0.2528051 0.1547109 0.3838775 0.3916670 0.0924397 0.0911231 0.0986012 0.1036968 0.0863363 0.0773693 0.0908215 0.0847281 0.0879114 0.4010438 0.0858185 0.0878729 0.2146970 0.0911722 0.3936881 0.0875109 0.0903135 0.0836018 0.2972998 0.2821197 0.2432426 0.0798054 0.0000000 0.3892621 0.0864533 0.4234242 0.1085879 0.0828540 0.1093724 0.0862140 0.1043898 0.1072319 0.1106699 0.0912799 0.4143256 0.1086382 0.0820890 0.0966114 0.1025479 0.1099440 0.0910846 0.0919652 0.0866051 0.0903606 0.0725025 0.1024491 0.0817083 0.0883292 0.0927411 0.0995058 0.1303477 0.2811563 0.1712451 0.0919474 0.1059456 0.4165383 0.1140214 0.0941718 0.1240383 0.0911284 0.0918191 0.3956861 0.0976392 0.0892564 0.0819856 0.1012441 0.1036614 0.0918380 0.0930082 0.2251794 0.0985649 0.0870032 0.0916734 0.1117984 
Perityle_discoidea_81                      0.3898233 0.1171986 0.3895019 0.3545552 0.3687550 0.0877355 0.4572910 0.3279387 0.4110130 0.0057992 0.3872125 0.3686965 0.3692666 0.3557157 0.2889316 0.3633010 0.3748979 0.3071563 0.3410242 0.1076726 0.3713247 0.3172986 0.1495010 0.3403552 0.1046257 0.3668049 0.3986598 0.3875099 0.4841086 0.0784793 0.0773030 0.3856035 0.3892621 0.0000000 0.3779177 0.0295662 0.4019607 0.3318490 0.3971860 0.3633819 0.3663173 0.3667761 0.3892405 0.3600442 0.1159151 0.4036830 0.3773209 0.3704829 0.3768169 0.3689141 0.3654824 0.3654573 0.3748693 0.3990046 0.1746056 0.3560103 0.2729342 0.3191907 0.3500404 0.3710558 0.3519922 0.2472895 0.2177438 0.3680018 0.3856848 0.1861720 0.3979386 0.3770739 0.2537675 0.3488604 0.3434012 0.0748770 0.3731602 0.3416646 0.3499820 0.3446128 0.3845343 0.3464409 0.3666198 0.2230468 0.3710558 0.3998138 0.2495691 0.3556700 
Perityle_dissecta_201                      0.0929455 0.2577513 0.0857243 0.2855777 0.0774787 0.2401509 0.2601044 0.1386500 0.3776270 0.3801830 0.0892673 0.0375457 0.0653419 0.0643691 0.0236682 0.0279408 0.0252187 0.0922753 0.0797720 0.3856690 0.0333908 0.0558651 0.1864430 0.0515823 0.3794876 0.0283599 0.0683864 0.0821979 0.3130458 0.2802930 0.2431795 0.0891838 0.0864533 0.3779177 0.0000000 0.4065626 0.0733985 0.0300596 0.0954113 0.0356040 0.0636848 0.0650934 0.0707883 0.0620121 0.4034678 0.0946765 0.0176904 0.0653491 0.0690190 0.0708826 0.0363774 0.0570970 0.0291830 0.0684204 0.0037790 0.1009816 0.0826513 0.0338413 0.0600267 0.0661945 0.1270053 0.2718456 0.1677745 0.0392121 0.1018984 0.4122263 0.0763339 0.0753035 0.1000311 0.0145713 0.0513871 0.3845157 0.0662847 0.0580212 0.0162526 0.0668772 0.0779845 0.0596472 0.0383986 0.2352176 0.0670543 0.0970765 0.0894740 0.0592002 
Perityle_emoryi_47_punta_san_jose          0.4141178 0.1185672 0.4199885 0.3802603 0.4033273 0.0860607 0.4992427 0.3358666 0.4262957 0.0255623 0.4170085 0.3983344 0.3945303 0.3871812 0.2952123 0.3927944 0.4039697 0.3159619 0.3634714 0.1032039 0.4016630 0.3434724 0.1523514 0.3709385 0.0994762 0.3956999 0.4297069 0.4224217 0.5161225 0.0599426 0.0643928 0.4120532 0.4234242 0.0295662 0.4065626 0.0000000 0.4281032 0.3474318 0.4204859 0.3918668 0.3971823 0.3943667 0.4153004 0.3875960 0.1172360 0.4302475 0.4064619 0.3970429 0.3974120 0.3890000 0.3942546 0.3878919 0.4037538 0.4300770 0.1745990 0.3787459 0.2762907 0.3434385 0.3757873 0.3985037 0.3758102 0.2704038 0.2211462 0.3977008 0.4085735 0.1875648 0.4283128 0.4044844 0.2597245 0.3721422 0.3738260 0.0493143 0.4010399 0.3700006 0.3770501 0.3752310 0.4124087 0.3708262 0.3963332 0.2243009 0.3985037 0.4284603 0.2518560 0.3762025 
Perityle_feddemae_99                       0.1126929 0.2711935 0.1026277 0.2815920 0.0947738 0.2338181 0.2732293 0.1575348 0.3850241 0.4024751 0.1121328 0.0817016 0.1036394 0.1069284 0.0731543 0.0684451 0.0738737 0.1120802 0.0792166 0.4031416 0.0744503 0.0861789 0.1830769 0.0915585 0.3903830 0.0734528 0.0973585 0.1023653 0.3065199 0.2832820 0.2439586 0.1070241 0.1085879 0.4019607 0.0733985 0.4281032 0.0000000 0.0608295 0.0965118 0.0676368 0.1084327 0.1112794 0.0222686 0.0974693 0.4138367 0.0938198 0.0717722 0.1036894 0.1086313 0.0222462 0.0727788 0.0969265 0.0734362 0.0974094 0.0411468 0.1042557 0.0898446 0.0640482 0.0972699 0.1054881 0.1436634 0.2695931 0.1686514 0.0825771 0.1084022 0.4302775 0.1002905 0.0899758 0.1123376 0.0779874 0.0911961 0.4027915 0.1056388 0.0940816 0.0633852 0.0855149 0.1022625 0.0942556 0.0817248 0.2361025 0.1064044 0.1156907 0.0978990 0.0928780 
Perityle_fosteri_93                        0.0841613 0.2578024 0.0789857 0.2749904 0.0728637 0.2401301 0.2383092 0.1352102 0.3570602 0.3315727 0.0838088 0.0377721 0.0597733 0.0690286 0.0342266 0.0268476 0.0312865 0.0923811 0.0793694 0.3259349 0.0310816 0.0585211 0.1862732 0.0604109 0.3252770 0.0262367 0.0736212 0.0784091 0.2325176 0.2759671 0.2388138 0.0798009 0.0828540 0.3318490 0.0300596 0.3474318 0.0608295 0.0000000 0.0888910 0.0337928 0.0700564 0.0679524 0.0598673 0.0637650 0.3582114 0.0901314 0.0291452 0.0637387 0.0648786 0.0621422 0.0292838 0.0578147 0.0243326 0.0736637 0.0191195 0.0989303 0.0798191 0.0365953 0.0635433 0.0648199 0.1221953 0.2478840 0.1657150 0.0397003 0.1014185 0.3667619 0.0615294 0.0686638 0.1043073 0.0321331 0.0601526 0.3293408 0.0638466 0.0593063 0.0205468 0.0585423 0.0756231 0.0615771 0.0387592 0.2405234 0.0658119 0.0872530 0.0878474 0.0505566 
Perityle_gamon_221                         0.1150536 0.2690750 0.0998782 0.2966150 0.0979684 0.2378520 0.2588575 0.1579805 0.3918879 0.3982011 0.0911732 0.0983882 0.1059000 0.1093749 0.1022730 0.0894924 0.0979862 0.1076957 0.0362507 0.3864038 0.0938610 0.0865091 0.2058880 0.0899589 0.3881333 0.0955191 0.1020995 0.0999466 0.2702892 0.2649301 0.2264421 0.1038194 0.1093724 0.3971860 0.0954113 0.4204859 0.0965118 0.0888910 0.0000000 0.0928213 0.1107398 0.1125830 0.0948078 0.0968801 0.4016310 0.0130577 0.0947231 0.1057510 0.1098543 0.0876487 0.0966240 0.0982804 0.0946077 0.1021532 0.0823929 0.1102940 0.0778183 0.0863839 0.0935135 0.1068012 0.1378261 0.2745281 0.1838362 0.1011155 0.1063128 0.4202209 0.1230044 0.0986156 0.1042032 0.0988440 0.0905977 0.3869692 0.1068732 0.0974703 0.0884691 0.1080020 0.0840341 0.0926240 0.1002540 0.2423843 0.1077138 0.1155813 0.0950291 0.1177514 
Perityle_gentryi_8_san_francisco           0.0920381 0.2580283 0.0852874 0.2775427 0.0775308 0.2300061 0.2479985 0.1313770 0.3816597 0.3652119 0.0851553 0.0401988 0.0611500 0.0689839 0.0373842 0.0104671 0.0337262 0.0846371 0.0755495 0.3735244 0.0365861 0.0522339 0.1837403 0.0567427 0.3717575 0.0319921 0.0673660 0.0737900 0.2586870 0.2761764 0.2378886 0.0802947 0.0862140 0.3633819 0.0356040 0.3918668 0.0676368 0.0337928 0.0928213 0.0000000 0.0699565 0.0699097 0.0657682 0.0600337 0.3936645 0.0909916 0.0338641 0.0631401 0.0641681 0.0634472 0.0389141 0.0583688 0.0310890 0.0674025 0.0211607 0.0983480 0.0747050 0.0337888 0.0579544 0.0640628 0.1268978 0.2554528 0.1707507 0.0439018 0.1028052 0.4004700 0.0772945 0.0758918 0.0933489 0.0431354 0.0565069 0.3665286 0.0631747 0.0547700 0.0284137 0.0675353 0.0778479 0.0557769 0.0430102 0.2353721 0.0640377 0.0863459 0.0821522 0.0622164 
Perityle_gilensis_22_Superstition          0.1056540 0.2530862 0.0993968 0.2632057 0.0945585 0.2228631 0.2513013 0.1384983 0.3770775 0.3668142 0.1066795 0.0708491 0.0269364 0.0008315 0.0651743 0.0630366 0.0641691 0.1076539 0.0850505 0.3681424 0.0690445 0.0229566 0.1871656 0.0086296 0.3655838 0.0671789 0.0897032 0.0921314 0.3087150 0.2656514 0.2297626 0.0984285 0.1043898 0.3663173 0.0636848 0.3971823 0.1084327 0.0700564 0.1107398 0.0699565 0.0000000 0.0130570 0.1057661 0.0277689 0.3865050 0.1100242 0.0638163 0.0269400 0.0311778 0.0991820 0.0669450 0.0188176 0.0680505 0.0897492 0.0590250 0.0980923 0.0861457 0.0665256 0.0276126 0.0277585 0.1224669 0.2657233 0.1776306 0.0734866 0.0978748 0.3979632 0.1085145 0.0981986 0.0922514 0.0672817 0.0085978 0.3729050 0.0269638 0.0275540 0.0653704 0.0964807 0.0956573 0.0323895 0.0726487 0.2200840 0.0285839 0.1093866 0.1095692 0.0988296 
Perityle_gilensis_salensis_225             0.1074817 0.2552708 0.1021237 0.2642580 0.0964862 0.2251565 0.2558481 0.1384664 0.3729588 0.3672810 0.1115109 0.0714118 0.0288302 0.0125959 0.0628768 0.0629967 0.0646797 0.1089195 0.0829371 0.3724235 0.0695921 0.0239450 0.1959299 0.0069502 0.3703684 0.0677104 0.0904298 0.0967190 0.3010442 0.2675615 0.2317255 0.1002814 0.1072319 0.3667761 0.0650934 0.3943667 0.1112794 0.0679524 0.1125830 0.0699097 0.0130570 0.0000000 0.1066410 0.0279912 0.3880910 0.1118643 0.0652290 0.0288340 0.0314206 0.0970696 0.0665692 0.0204710 0.0685891 0.0904765 0.0549839 0.0969627 0.0931585 0.0665292 0.0278394 0.0296602 0.1201779 0.2659543 0.1719731 0.0740709 0.0977679 0.3982298 0.1075010 0.0980563 0.0876370 0.0653933 0.0069245 0.3764470 0.0288598 0.0277798 0.0662888 0.0943653 0.1002216 0.0324054 0.0732265 0.2217790 0.0304938 0.1122947 0.1129236 0.0977172 
Perityle_glaucescens_94                    0.1108764 0.2638172 0.1018709 0.2827359 0.0988978 0.2329758 0.2771055 0.1637823 0.3826840 0.3896949 0.1113500 0.0781200 0.1019260 0.1041644 0.0697811 0.0657307 0.0730714 0.1109255 0.0793477 0.3918283 0.0718324 0.0841823 0.1864994 0.0877572 0.3787236 0.0708406 0.0984439 0.1007753 0.3134313 0.2746084 0.2368658 0.1072437 0.1106699 0.3892405 0.0707883 0.4153004 0.0222686 0.0598673 0.0948078 0.0657682 0.1057661 0.1066410 0.0000000 0.0947428 0.4060093 0.0940040 0.0691602 0.1010329 0.1059600 0.0052726 0.0709701 0.0942642 0.0708246 0.0984956 0.0493647 0.1054758 0.0873997 0.0642036 0.0955012 0.1028299 0.1417655 0.2662197 0.1800759 0.0789933 0.1119098 0.4282968 0.0995792 0.0920469 0.1097572 0.0742029 0.0874099 0.3914758 0.1029768 0.0912957 0.0596565 0.0846388 0.1015093 0.0934949 0.0781421 0.2425653 0.1037451 0.1159394 0.0997693 0.0919254 
Perityle_gracilis_11                       0.0986633 0.2589919 0.0888500 0.2602355 0.0861191 0.2289445 0.2415272 0.1364810 0.3648776 0.3597661 0.0956572 0.0602635 0.0149939 0.0261588 0.0627400 0.0528978 0.0615818 0.1045593 0.0785527 0.3656416 0.0594485 0.0047169 0.1897560 0.0235272 0.3530256 0.0584964 0.0804620 0.0884638 0.2977801 0.2711926 0.2354677 0.0921537 0.0912799 0.3600442 0.0620121 0.3875960 0.0974693 0.0637650 0.0968801 0.0600337 0.0277689 0.0279912 0.0947428 0.0000000 0.3918494 0.0999154 0.0594582 0.0016505 0.0091396 0.0922319 0.0625075 0.0134320 0.0593848 0.0786357 0.0568716 0.0906805 0.0903816 0.0652663 0.0050907 0.0057873 0.1188578 0.2398227 0.1735958 0.0629389 0.0958931 0.4000170 0.0908406 0.0863166 0.0891301 0.0632767 0.0243261 0.3703173 0.0049637 0.0042305 0.0577542 0.0901795 0.0882088 0.0250754 0.0620828 0.2270003 0.0066161 0.1028263 0.1113293 0.0839694 
Perityle_harkerae_31                       0.4098496 0.1158780 0.4069210 0.3782886 0.3967855 0.0883964 0.4620770 0.3244868 0.4185629 0.1158437 0.4013666 0.3912234 0.3898178 0.3796414 0.3094437 0.3948818 0.3989968 0.3089245 0.3581746 0.1213881 0.3940929 0.3428189 0.1490315 0.3608776 0.1090211 0.3956947 0.4246418 0.4261650 0.4895307 0.0830532 0.0835217 0.4034718 0.4143256 0.1159151 0.4034678 0.1172360 0.4138367 0.3582114 0.4016310 0.3936645 0.3865050 0.3880910 0.4060093 0.3918494 0.0000000 0.4150946 0.4014691 0.3904197 0.3982926 0.3861387 0.3990011 0.3857866 0.3962151 0.4250191 0.1791788 0.3886895 0.2813968 0.3386596 0.3730101 0.3933538 0.3803539 0.2510828 0.2300108 0.3886185 0.3914923 0.1807820 0.4234472 0.4069122 0.2441014 0.3842662 0.3637869 0.1043600 0.3928013 0.3788183 0.3881829 0.3888265 0.3888494 0.3719638 0.3886075 0.2331888 0.3933538 0.3996905 0.2555002 0.3679047 
