84
Amauria_brandeegeana_62                    0.0000000 0.2002721 0.1709521 0.5511161 0.2051261 0.2530657 0.1307180 0.3896313 0.1706802 0.1887070 0.2031220 0.1755081 0.1726248 0.1741410 0.1859610 0.1630169 0.1807885 0.1990795 0.1842382 0.2035936 0.1656632 0.0989133 0.1780928 0.2355258 0.1699460 0.1876329 0.1931243 0.1979985 0.1455153 0.0977031 0.1874628 0.2254420 0.1775315 0.1760177 0.1424101 0.1872005 0.2216430 0.1959961 0.1632352 0.1795402 0.1829097 0.1618535 0.1801873 0.1988435 0.1641755 0.2637505 0.1720208 0.1682941 0.2402097 0.2093625 0.3856143 0.1896229 0.2046559 0.1821491 0.2295506 0.1997914 0.1749760 0.1710895 0.2826814 0.1038862 0.1944331 0.1046646 0.1863383 0.1751125 0.1891870 0.2253314 0.1947938 0.0862341 0.1757349 0.1786555 0.1721242 0.1634599 0.1631828 0.1793253 0.1252308 0.2025927 0.1784138 0.1876459 0.1756010 0.2518140 0.1775480 0.1767333 0.1143067 0.1819969 
Amauria_carterae_99_mesa                   0.2002721 0.0000000 0.1689662 0.5328607 0.2461839 0.2335534 0.1428921 0.4283725 0.2097106 0.2437603 0.1920685 0.1700414 0.1989373 0.2064072 0.1828765 0.1876950 0.1575587 0.1747531 0.1767793 0.1477057 0.2307518 0.0564657 0.1758217 0.1852375 0.1627600 0.1755533 0.1703132 0.1713671 0.1652537 0.0801554 0.1586545 0.1700221 0.2365022 0.1723712 0.1396446 0.1650699 0.1712167 0.1844876 0.2404696 0.1784019 0.1659246 0.2181126 0.1663190 0.1753749 0.1666216 0.2489333 0.1664230 0.1660969 0.1839517 0.1847285 0.2925518 0.1938045 0.1853290 0.2504711 0.1469751 0.1465043 0.1626692 0.1626495 0.2326541 0.0500220 0.1945342 0.0728803 0.1949714 0.2412733 0.1937896 0.2445118 0.2401197 0.0717212 0.2350751 0.1756449 0.1679726 0.1663970 0.2242763 0.1722891 0.0776514 0.2425291 0.2504313 0.1779836 0.1790316 0.2115010 0.1726917 0.1679564 0.1559436 0.1634139 
Amauria_rotundifolia_SRR9119150            0.1709521 0.1689662 0.0000000 0.5012074 0.1430117 0.2014152 0.1438048 0.3702775 0.1304110 0.1823450 0.1238665 0.1465914 0.1242529 0.1636945 0.1709343 0.1231257 0.1441752 0.1178760 0.1320659 0.1360692 0.1793012 0.0904240 0.1201940 0.1646846 0.1436580 0.1375359 0.1269753 0.1649634 0.1199184 0.1119647 0.1306067 0.1448656 0.1117445 0.1288508 0.1122966 0.1379286 0.1904004 0.1881981 0.1239772 0.1198357 0.1267291 0.1736166 0.1290471 0.1753479 0.1382046 0.2439047 0.1454035 0.1293372 0.2062841 0.1627715 0.3397217 0.1426317 0.1417795 0.1330108 0.1291127 0.1134914 0.1437584 0.1360267 0.1809799 0.0792555 0.1398083 0.0934045 0.1283042 0.1320061 0.1420015 0.1853603 0.1812276 0.0831535 0.1256808 0.1207175 0.1118857 0.1230530 0.1778250 0.1296489 0.0969067 0.1786260 0.1478169 0.1408719 0.1194316 0.2247909 0.1468007 0.1186710 0.1182617 0.1097565 
Conoclinium_coelestinum_SRR9119114         0.5511161 0.5328607 0.5012074 0.0000000 0.6323757 0.5789312 0.2438672 0.6109649 0.5460659 0.5421385 0.5168302 0.5368347 0.5546739 0.5363089 0.5736331 0.4966970 0.5377651 0.5388621 0.5214475 0.4763185 0.6703011 0.1850835 0.5185184 0.5405114 0.5343641 0.5243865 0.5261785 0.5549145 0.5101424 0.3814485 0.5154725 0.5064709 0.6020022 0.5260259 0.5196638 0.5369483 0.5636404 0.5666414 0.5737772 0.5253247 0.5368525 0.6600052 0.5344161 0.5599655 0.4892369 0.5584604 0.5275623 0.5150692 0.5910980 0.5556453 0.5481764 0.5458816 0.5351771 0.6565369 0.4801802 0.4474404 0.5339187 0.5265135 0.7263037 0.2792099 0.5378670 0.3159895 0.5264672 0.6091918 0.5476981 0.5580395 0.5381009 0.2024762 0.6348742 0.5195265 0.5185583 0.5262553 0.6544537 0.5264606 0.3211775 0.5156627 0.6398024 0.5148093 0.5082012 0.7989032 0.5411554 0.5410325 0.5208297 0.4020198 
Eutetras_palmeri_63                        0.2051261 0.2461839 0.1430117 0.6323757 0.0000000 0.2810418 0.7282097 0.4763209 0.1411459 0.1581610 0.1830097 0.2032495 0.1521536 0.1906375 0.2191889 0.1417429 0.1670249 0.1710009 0.1246305 0.0784306 0.2018848 1.2064740 0.1503624 0.1400377 0.1988899 0.1539885 0.1638454 0.1504471 0.1510011 0.1131368 0.1446880 0.1751576 0.1374371 0.1218362 0.1566207 0.1721984 0.1952835 0.2526140 0.1493320 0.1491669 0.1540295 0.1959327 0.1586112 0.2519830 0.1592123 0.1950303 0.1993732 0.1585380 0.1951405 0.1438491 0.6627808 0.1704496 0.1443235 0.1514375 0.1329387 0.1074448 0.2021440 0.1850740 0.1257458 1.7952609 0.1893970 1.2064740 0.1636019 0.1422780 0.1675245 0.1775799 0.1530312 1.2064740 0.1380571 0.1492493 0.1484351 0.1664960 0.1993817 0.1426062 1.2064740 0.2012310 0.1548455 0.1224824 0.1565592 0.2135444 0.2060766 0.1431462 0.1578505 0.0939144 
Eutrochium_fistulosum_SRR9119106           0.2530657 0.2335534 0.2014152 0.5789312 0.2810418 0.0000000 0.1205154 0.3385703 0.2535840 0.2647615 0.2646030 0.2451087 0.2370715 0.1975791 0.2513970 0.1768829 0.2507761 0.2426608 0.2652964 0.2823803 0.2112833 0.0963317 0.2436733 0.2533755 0.2492891 0.2656331 0.2565871 0.3069127 0.2214015 0.1178870 0.2571736 0.2729827 0.2164601 0.2593146 0.2535368 0.2375121 0.2938993 0.2514486 0.2005528 0.2453854 0.2484845 0.2144615 0.2433206 0.2748684 0.2880531 0.3027466 0.2524238 0.2086910 0.2446308 0.2743873 0.4922862 0.2616093 0.2552419 0.2191711 0.2443182 0.1852903 0.2498048 0.2498009 0.1793866 0.1375846 0.2467878 0.1227078 0.2560779 0.2163186 0.2591966 0.2735375 0.2746118 0.1074876 0.2066203 0.2447026 0.2415773 0.2540805 0.2166110 0.2634525 0.1457076 0.2809440 0.2201814 0.2669693 0.2524516 0.2916152 0.2502455 0.2623549 0.1712092 0.1420673 
Galeana_pratensis_104_mex                  0.1307180 0.1428921 0.1438048 0.2438672 0.7282097 0.1205154 0.0000000 0.2460231 0.1450646 0.1574659 0.1569652 0.1561597 0.1746769 0.1549981 0.1480040 0.1370190 0.1341651 0.1563291 0.1463532 0.1455938 0.4749317 0.1295944 0.1606416 0.2137326 0.1493205 0.1473407 0.1571156 0.1536047 0.1299952 0.1392215 0.1260197 0.1560543 0.4449927 0.1497685 0.1379215 0.1319960 0.1496047 0.1517028 0.4467778 0.1639720 0.1313161 0.4749317 0.1312999 0.1572189 0.1219251 0.2195121 0.1460835 0.1314235 0.1385716 0.2137326 0.1487197 0.1639916 0.1594358 0.3823659 0.1599231 0.1270395 0.1493205 0.1493205 0.6042625 0.1052182 0.1433375 0.1320046 0.1667920 0.4594193 0.1639916 0.1548621 0.1633327 0.1169496 0.5310139 0.1636787 0.1298363 0.1526262 0.4749317 0.1430187 0.1279586 0.1291953 0.5397585 0.1535858 0.1566860 0.4452779 0.1529042 0.1532478 0.1170400 0.1306684 
Helianthus_annuus_SRR9119062               0.3896313 0.4283725 0.3702775 0.6109649 0.4763209 0.3385703 0.2460231 0.0000000 0.3895215 0.3819646 0.4209347 0.4128267 0.4150599 0.3401338 0.4103475 0.3246302 0.3446304 0.4064623 0.4010292 0.4589770 0.4330920 0.2406614 0.3958615 0.4196134 0.4026912 0.3780681 0.4119363 0.4023601 0.3547766 0.4538525 0.3810007 0.4441291 0.3992898 0.3939683 0.3883332 0.3883304 0.4227264 0.4342325 0.4158765 0.3939250 0.3857515 0.4337956 0.3872798 0.4286724 0.2896017 0.4125826 0.4052688 0.3672661 0.3949901 0.4237524 0.5985946 0.4003536 0.3746985 0.4075709 0.5067160 0.4456591 0.4050038 0.3974428 0.8365393 0.3636563 0.4053969 0.2784237 0.4031654 0.3964116 0.3966419 0.4147927 0.3913826 0.2180612 0.4009490 0.3982701 0.3805638 0.3869605 0.4273989 0.3826326 0.2869875 0.3069752 0.4145062 0.3967083 0.4002931 0.5653378 0.4115357 0.3901877 0.2775973 0.4409595 
Lycapsus_tenuifolius_17                    0.1706802 0.2097106 0.1304110 0.5460659 0.1411459 0.2535840 0.1450646 0.3895215 0.0000000 0.1897107 0.1852580 0.1556006 0.1187804 0.1441525 0.1968111 0.1225855 0.1957382 0.1666536 0.1569301 0.1692988 0.1277149 0.0476397 0.1477846 0.1944124 0.1557023 0.1692498 0.1596294 0.1579138 0.0688883 0.0612124 0.1589893 0.1942390 0.0157920 0.1560804 0.1850976 0.1793064 0.2155608 0.2030830 0.1042188 0.1472271 0.1667072 0.1221788 0.1665845 0.2032008 0.1828578 0.2223918 0.1597178 0.1416984 0.2476992 0.2001818 0.4338165 0.1615799 0.1706257 0.1110833 0.1524170 0.1406257 0.1611662 0.1591634 0.1219398 0.0892425 0.1691667 0.0760453 0.1528940 0.1139748 0.1619034 0.2005954 0.2085377 0.0671143 0.1147260 0.1483123 0.0812869 0.1541293 0.1279509 0.1575722 0.0989993 0.2333041 0.1226706 0.1620165 0.1491683 0.2006838 0.1635965 0.1456567 0.1220711 0.0811003 
Pericome_caudata_50_silver                 0.1887070 0.2437603 0.1823450 0.5421385 0.1581610 0.2647615 0.1574659 0.3819646 0.1897107 0.0000000 0.2422040 0.1890440 0.1839187 0.1643072 0.2066366 0.1331981 0.2294358 0.2040992 0.1958845 0.2390981 0.1472104 0.1229283 0.1965378 0.2546530 0.1881090 0.2115289 0.2116954 0.2301248 0.1631344 0.1327414 0.2009497 0.2436106 0.1338734 0.1959523 0.1979346 0.1998115 0.2912068 0.2151785 0.1455903 0.1958371 0.1978335 0.1402495 0.1988012 0.2255376 0.2018756 0.2660993 0.1903629 0.1660871 0.2354447 0.2497877 0.5226944 0.2116040 0.2006006 0.1525866 0.2428463 0.1942585 0.1945366 0.1913480 0.1957902 0.1969141 0.2100312 0.1327134 0.2054128 0.1540314 0.2104396 0.1434129 0.1474839 0.1211855 0.1379768 0.1970496 0.1895469 0.1913891 0.1412248 0.1989088 0.1355179 0.1346896 0.1672950 0.2070260 0.2019018 0.2389509 0.1959208 0.2015464 0.1185843 0.1297652 
Perityle_aglossa_84_dead_horse             0.2031220 0.1920685 0.1238665 0.5168302 0.1830097 0.2646030 0.1569652 0.4209347 0.1852580 0.2422040 0.0000000 0.0880468 0.0349679 0.0572901 0.1729930 0.1116832 0.1073264 0.1404517 0.1199402 0.1080657 0.1047140 0.0618025 0.0442820 0.1482151 0.0857571 0.1147158 0.0679842 0.1275910 0.1217873 0.0820406 0.1537916 0.1432167 0.1381250 0.1149359 0.1366920 0.1350914 0.1576109 0.1986164 0.0280743 0.0446088 0.1259257 0.0997414 0.1296805 0.1883867 0.1263661 0.2109019 0.0887970 0.1269413 0.1261971 0.1461919 0.2450245 0.1440869 0.1094002 0.1407254 0.0624676 0.1374979 0.0847318 0.0773010 0.1716709 0.0454668 0.1455732 0.0411803 0.0418385 0.1228225 0.1411345 0.2399480 0.2258128 0.0728084 0.1119268 0.0442573 0.1286402 0.0602297 0.1026442 0.1188829 0.0336874 0.2702299 0.1446429 0.1206876 0.0236306 0.1494066 0.0907417 0.0771879 0.0874180 0.0996543 
Perityle_ajoensis_204                      0.1755081 0.1700414 0.1465914 0.5368347 0.2032495 0.2451087 0.1561597 0.4128267 0.1556006 0.1890440 0.0880468 0.0000000 0.0603816 0.1102287 0.1454442 0.1564494 0.1446916 0.1675270 0.1584331 0.1464628 0.0107459 0.0807982 0.0477304 0.2014402 0.0106621 0.1437369 0.0904031 0.1631592 0.1032831 0.0870505 0.1378287 0.1716543 0.1603167 0.1517818 0.1312655 0.1614079 0.2209824 0.1457973 0.0654073 0.0500061 0.1508209 0.0154172 0.1535248 0.1701922 0.1327965 0.1743183 0.0140221 0.1582981 0.1561073 0.1735610 0.3117313 0.1297124 0.1697141 0.1513767 0.1142292 0.1517061 0.0110969 0.0103201 0.2587387 0.0640432 0.1394203 0.0461338 0.0622477 0.1402387 0.1255901 0.2235118 0.1946102 0.0866139 0.1656491 0.0481976 0.1400981 0.0080791 0.0107174 0.1542625 0.0088193 0.2203058 0.1460990 0.1509618 0.0685712 0.2212386 0.0110829 0.0921554 0.0998985 0.1663784 
Perityle_ambrosiifolia_67_green            0.1726248 0.1989373 0.1242529 0.5546739 0.1521536 0.2370715 0.1746769 0.4150599 0.1187804 0.1839187 0.0349679 0.0603816 0.0000000 0.0622370 0.1622366 0.1192140 0.1339854 0.1345706 0.1127153 0.0937751 0.0697152 0.0559429 0.0140311 0.1121851 0.0568659 0.1107639 0.0595745 0.1085119 0.1021649 0.1006431 0.1163096 0.1375454 0.1107131 0.1100690 0.1299924 0.1264456 0.1685771 0.1847991 0.0168967 0.0141351 0.1233181 0.0701132 0.1250061 0.1802935 0.1121737 0.1562847 0.0593065 0.1273156 0.1820497 0.1140810 0.3774966 0.1222099 0.1343064 0.1113782 0.0531645 0.0946606 0.0579299 0.0457145 0.1579756 0.0679064 0.1282470 0.0630224 0.0301717 0.1083311 0.1190659 0.1951144 0.1795724 0.0590248 0.1106291 0.0146373 0.1071835 0.0335201 0.0697954 0.1161750 0.0157231 0.2093548 0.1228211 0.1149271 0.0342030 0.2306234 0.0609292 0.0701033 0.0894311 0.0894698 
Perityle_angustifolia_13_Eagle_creek       0.1741410 0.2064072 0.1636945 0.5363089 0.1906375 0.1975791 0.1549981 0.3401338 0.1441525 0.1643072 0.0572901 0.1102287 0.0622370 0.0000000 0.1933382 0.1046540 0.1206172 0.1451440 0.1349279 0.1069769 0.0961678 0.0254489 0.0841778 0.1575119 0.1045908 0.1324735 0.1036732 0.1477787 0.1447042 0.0942141 0.1405437 0.1650208 0.1288936 0.1333471 0.1474904 0.1494962 0.1909029 0.2008099 0.0827774 0.0834791 0.1418208 0.0953948 0.1355343 0.1905280 0.1389663 0.0842842 0.1095425 0.1457811 0.1515715 0.1706515 0.3628759 0.1571389 0.1112635 0.1479024 0.0876493 0.0985310 0.1069935 0.1060413 0.1951383 0.0351119 0.1595881 0.0825178 0.0818672 0.1514990 0.1534298 0.1423601 0.1434956 0.0144723 0.1189199 0.0841318 0.1482104 0.1032441 0.0935339 0.1440466 0.0923652 0.1280957 0.1631815 0.1196863 0.0830419 0.2548846 0.1067545 0.1240082 0.0999872 0.1048114 
Perityle_batopilensis_97                   0.1859610 0.1828765 0.1709343 0.5736331 0.2191889 0.2513970 0.1480040 0.4103475 0.1968111 0.2066366 0.1729930 0.1454442 0.1622366 0.1933382 0.0000000 0.1497324 0.1612787 0.1490333 0.1374351 0.1523954 0.1494234 0.0849824 0.1578397 0.2037517 0.1387099 0.1469965 0.1695470 0.1870668 0.1477856 0.1246344 0.1673813 0.1883679 0.1829252 0.1300214 0.1222584 0.1731973 0.1998257 0.0212776 0.1768472 0.1615410 0.1628350 0.1488831 0.1628566 0.1705848 0.1065571 0.2578944 0.1386544 0.1629994 0.1733497 0.1902130 0.3417320 0.1832492 0.1655052 0.2032882 0.1686908 0.1914561 0.1429062 0.1390688 0.3679995 0.0595896 0.1803494 0.0980947 0.1643559 0.2005991 0.1809408 0.2382056 0.2158482 0.0763299 0.1637097 0.1589877 0.1643506 0.1408692 0.1433982 0.1278614 0.1035051 0.2245748 0.2061695 0.1408055 0.1612570 0.2982554 0.1428603 0.1610982 0.1108890 0.1681080 
Perityle_bisetosa_9                        0.1630169 0.1876950 0.1231257 0.4966970 0.1417429 0.1768829 0.1370190 0.3246302 0.1225855 0.1331981 0.1116832 0.1564494 0.1192140 0.1046540 0.1497324 0.0000000 0.1163613 0.1055265 0.0751996 0.0595965 0.1730524 0.0322031 0.1212609 0.0786849 0.1528064 0.0597273 0.1344557 0.1278589 0.1300156 0.0852205 0.1170030 0.1248183 0.1140037 0.0824567 0.1194818 0.1187239 0.1487098 0.1728838 0.1280833 0.1213509 0.1073526 0.1720358 0.1101022 0.1713162 0.0965299 0.1137701 0.1567735 0.1124740 0.1305776 0.0864281 0.3403294 0.1378689 0.0456214 0.1375004 0.1093349 0.0637862 0.1551154 0.1446469 0.1431264 0.0450978 0.1506573 0.0884659 0.1300977 0.1344032 0.1362744 0.1332355 0.1325797 0.0068650 0.0242464 0.1219792 0.1193807 0.1294179 0.1658254 0.0859317 0.1005597 0.1295708 0.1452111 0.0731109 0.1210188 0.2306888 0.1572699 0.1068868 0.1004896 0.0670721 
Perityle_californica_76_positas            0.1807885 0.1575587 0.1441752 0.5377651 0.1670249 0.2507761 0.1341651 0.3446304 0.1957382 0.2294358 0.1073264 0.1446916 0.1339854 0.1206172 0.1612787 0.1163613 0.0000000 0.1289698 0.1464063 0.1322687 0.1238777 0.0582155 0.1412118 0.1612429 0.1393105 0.1490934 0.1350678 0.1782141 0.1534017 0.0702254 0.1601494 0.1630497 0.1382796 0.1476236 0.1213508 0.1265855 0.1930729 0.1670075 0.1599922 0.1445029 0.1267642 0.1062882 0.1286113 0.1643499 0.1674651 0.2315194 0.1404685 0.1263595 0.1633741 0.1856456 0.2979211 0.1561792 0.1337300 0.1227993 0.1064419 0.1126773 0.1399864 0.1378184 0.0906178 0.0499755 0.1220865 0.0826675 0.1529837 0.1573127 0.1539571 0.2218618 0.2187412 0.0702005 0.1265671 0.1411259 0.1316272 0.1421354 0.1102426 0.1496621 0.0860851 0.2346742 0.1583084 0.1514380 0.1448596 0.1789597 0.1361527 0.1478613 0.0730143 0.0693453 
Perityle_canescens_77                      0.1990795 0.1747531 0.1178760 0.5388621 0.1710009 0.2426608 0.1563291 0.4064623 0.1666536 0.2040992 0.1404517 0.1675270 0.1345706 0.1451440 0.1490333 0.1055265 0.1289698 0.0000000 0.1072044 0.0983270 0.2123919 0.0542258 0.1322719 0.1542136 0.1657379 0.1155580 0.1420543 0.1406572 0.1302700 0.0823521 0.1291171 0.1206009 0.1454159 0.1050637 0.1348886 0.1205590 0.1546936 0.1696598 0.1528396 0.1331529 0.1161000 0.2077149 0.1190434 0.1740847 0.1207093 0.2312775 0.1651953 0.1188852 0.1543926 0.1634403 0.3164907 0.1507951 0.1153694 0.1566587 0.1158950 0.1042101 0.1665022 0.1574037 0.1444263 0.0456073 0.1516485 0.0783890 0.1440100 0.1387990 0.1494405 0.2029121 0.1970222 0.0656957 0.1113848 0.1322016 0.1328301 0.1431810 0.2092639 0.1061324 0.0924926 0.2217687 0.1516264 0.1092220 0.1426950 0.2255984 0.1683919 0.1198948 0.1195021 0.0794000 
Perityle_castillonii_96                    0.1842382 0.1767793 0.1320659 0.5214475 0.1246305 0.2652964 0.1463532 0.4010292 0.1569301 0.1958845 0.1199402 0.1584331 0.1127153 0.1349279 0.1374351 0.0751996 0.1464063 0.1072044 0.0000000 0.0192144 0.1680781 0.0392449 0.1282071 0.1410921 0.1537398 0.0982831 0.1285863 0.1468520 0.1383977 0.0888324 0.1188078 0.1242652 0.1116796 0.0209797 0.1182005 0.1303105 0.1881718 0.1572695 0.1338894 0.1273784 0.1248846 0.1684960 0.1302057 0.1643281 0.0162502 0.2216785 0.1573497 0.1315949 0.1841302 0.1427292 0.2959797 0.1410159 0.1010543 0.1193854 0.1035008 0.0870169 0.1562373 0.1463620 0.1149647 0.0764008 0.1360628 0.0880161 0.1320594 0.1243916 0.1384954 0.1985488 0.1942717 0.0727872 0.0694740 0.1293805 0.1288316 0.1319967 0.1662022 0.0235423 0.1065846 0.2250440 0.1206215 0.0253914 0.1349836 0.2150293 0.1578759 0.1230314 0.1073429 0.0608185 
Perityle_cernua_84                         0.2035936 0.1477057 0.1360692 0.4763185 0.0784306 0.2823803 0.1455938 0.4589770 0.1692988 0.2390981 0.1080657 0.1464628 0.0937751 0.1069769 0.1523954 0.0595965 0.1322687 0.0983270 0.0192144 0.0000000 0.1711017 0.0355008 0.1212232 0.1542255 0.1444488 0.0912922 0.1218584 0.1473144 0.1288392 0.0691424 0.1109462 0.1242392 0.0798503 0.0153820 0.1015450 0.1260640 0.1946891 0.1675491 0.1391674 0.1181874 0.1123958 0.1559940 0.1208565 0.1705787 0.0214900 0.2412239 0.1462428 0.1239776 0.1965944 0.1613136 0.2484673 0.1356254 0.0851827 0.0888490 0.0950182 0.0837786 0.1458549 0.1442633 0.1156627 0.0662789 0.1261422 0.0798577 0.1218983 0.1160728 0.1340213 0.2064523 0.2065122 0.0655990 0.0308218 0.1228636 0.1188599 0.1222313 0.1658627 0.0132770 0.0987606 0.2700660 0.1032681 0.0196886 0.1306319 0.1062033 0.1489900 0.1126038 0.0940277 0.0554855 
Perityle_cfvillosa_25_tin                  0.1656632 0.2307518 0.1793012 0.6703011 0.2018848 0.2112833 0.4749317 0.4330920 0.1277149 0.1472104 0.1047140 0.0107459 0.0697152 0.0961678 0.1494234 0.1730524 0.1238777 0.2123919 0.1680781 0.1711017 0.0000000 0.0000010 0.0656643 0.1742720 0.0076136 0.1572321 0.1040260 0.1434061 0.1027344 0.1126731 0.1351466 0.2115413 0.1643289 0.1573748 0.1368015 0.1813084 0.2144729 0.1498740 0.0719082 0.0689952 0.1692998 0.0103491 0.1710623 0.2061439 0.1109383 0.0730521 0.0123054 0.1735483 0.1289540 0.1296292 0.6309861 0.1323791 0.1879413 0.1511401 0.1859007 0.1584412 0.0091023 0.0069928 0.2874080 0.0000010 0.1492421 0.0000010 0.0821963 0.1456946 0.1226074 0.1926751 0.1393364 0.0000010 0.1698796 0.0656276 0.1590413 0.0097080 0.0097305 0.1618322 0.0000010 0.1546569 0.1491103 0.1542663 0.0743715 0.2173325 0.0015014 0.1084100 0.0870829 0.2342545 
Perityle_cinerea_113_Powell1310            0.0989133 0.0564657 0.0904240 0.1850835 1.2064740 0.0963317 0.1295944 0.2406614 0.0476397 0.1229283 0.0618025 0.0807982 0.0559429 0.0254489 0.0849824 0.0322031 0.0582155 0.0542258 0.0392449 0.0355008 0.0000010 0.0000000 0.0772638 0.0466770 0.0731238 0.0619536 0.0852153 0.0657929 0.0766384 0.0538740 0.0580255 0.0771194 0.0000010 0.0355370 0.0883388 0.0582280 0.1045209 0.0889978 0.2438573 0.0772638 0.0728813 0.0000010 0.0689204 0.1049548 0.0392036 0.1216616 0.0770126 0.0728426 0.0514073 0.0466770 0.0295123 0.0850196 0.0538758 0.0000010 0.0887846 0.0372281 0.0731238 0.0731238 0.0000010 0.0477662 0.0770072 0.0692761 0.0770002 0.7091442 0.0850196 0.1282573 0.1416859 0.0338066 0.0000010 0.0810235 0.0766384 0.0768914 0.0000010 0.0392048 0.0770127 0.1282573 0.0000010 0.0466070 0.0655017 0.7011170 0.0731238 0.0695648 0.0554680 0.0554680 
Perityle_coahuilensis_24                   0.1780928 0.1758217 0.1201940 0.5185184 0.1503624 0.2436733 0.1606416 0.3958615 0.1477846 0.1965378 0.0442820 0.0477304 0.0140311 0.0841778 0.1578397 0.1212609 0.1412118 0.1322719 0.1282071 0.1212232 0.0656643 0.0772638 0.0000000 0.1615939 0.0437234 0.1192394 0.0622496 0.1395172 0.1020544 0.0955254 0.1347086 0.1483322 0.1099619 0.1231159 0.1276286 0.1349362 0.1971881 0.1752596 0.0103656 0.0067782 0.1268379 0.0658449 0.1283844 0.1672124 0.1316839 0.1858759 0.0469847 0.1322129 0.1810286 0.1571903 0.2976593 0.1209936 0.1352539 0.1115846 0.0546337 0.1246225 0.0457416 0.0362236 0.1751821 0.0644890 0.1320213 0.0412175 0.0301486 0.1068249 0.1172199 0.2154250 0.2035059 0.0868705 0.1084811 0.0013415 0.1091768 0.0277333 0.0663321 0.1268327 0.0177744 0.2244500 0.1219797 0.1297943 0.0387941 0.2314212 0.0476347 0.0698482 0.0984094 0.0959273 
Perityle_cochisensis_44_cave_creek         0.2355258 0.1852375 0.1646846 0.5405114 0.1400377 0.2533755 0.2137326 0.4196134 0.1944124 0.2546530 0.1482151 0.2014402 0.1121851 0.1575119 0.2037517 0.0786849 0.1612429 0.1542136 0.1410921 0.1542255 0.1742720 0.0466770 0.1615939 0.0000000 0.1976887 0.1182019 0.1737200 0.1644817 0.1777657 0.0906112 0.1761560 0.1900674 0.1170186 0.1383279 0.1357986 0.1603518 0.2132366 0.2253472 0.1215949 0.1622345 0.1473123 0.1672787 0.1522276 0.2403436 0.1776428 0.2398654 0.2014079 0.1534208 0.1676537 0.0011950 0.2428917 0.1850233 0.0834495 0.1327307 0.1862698 0.1771355 0.1962268 0.1883008 0.1420842 0.0596830 0.1770235 0.2518553 0.1705598 0.1356846 0.1838855 0.2414584 0.2424637 0.0902253 0.0360849 0.1623431 0.1655727 0.1745476 0.1709418 0.1381905 0.2707263 0.2800709 0.1367932 0.1428589 0.1508272 0.2331502 0.2012431 0.1471509 0.1564167 0.1082890 
Perityle_congesta_202                      0.1699460 0.1627600 0.1436580 0.5343641 0.1988899 0.2492891 0.1493205 0.4026912 0.1557023 0.1881090 0.0857571 0.0106621 0.0568659 0.1045908 0.1387099 0.1528064 0.1393105 0.1657379 0.1537398 0.1444488 0.0076136 0.0731238 0.0437234 0.1976887 0.0000000 0.1406933 0.0874827 0.1596684 0.0940512 0.0830763 0.1398981 0.1707227 0.1561520 0.1479491 0.1294285 0.1584823 0.2187614 0.1398158 0.0615624 0.0464240 0.1493682 0.0079454 0.1512957 0.1666466 0.1300021 0.1680396 0.0091493 0.1545043 0.1517251 0.1676128 0.2973709 0.1249830 0.1678076 0.1466065 0.1114058 0.1401683 0.0072546 0.0073424 0.2651663 0.0545882 0.1357372 0.0386163 0.0585050 0.1347098 0.1185504 0.2247674 0.1983914 0.0830518 0.1648410 0.0441844 0.1320485 0.0084637 0.0105386 0.1499616 0.0021930 0.2240711 0.1405532 0.1475011 0.0662061 0.2183203 0.0068212 0.0884259 0.0945961 0.1644088 
Perityle_cordifolia_27                     0.1876329 0.1755533 0.1375359 0.5243865 0.1539885 0.2656331 0.1473407 0.3780681 0.1692498 0.2115289 0.1147158 0.1437369 0.1107639 0.1324735 0.1469965 0.0597273 0.1490934 0.1155580 0.0982831 0.0912922 0.1572321 0.0619536 0.1192394 0.1182019 0.1406933 0.0000000 0.1407496 0.1472892 0.1380277 0.0876791 0.1357365 0.1432770 0.1306513 0.0937956 0.1267266 0.1374339 0.1788230 0.1650295 0.1364129 0.1188711 0.1256577 0.1604257 0.1309474 0.1709606 0.1076093 0.2225759 0.1442600 0.1315895 0.1687745 0.1165821 0.2981973 0.1559856 0.0845836 0.1401592 0.1039162 0.0881154 0.1422012 0.1329377 0.1386198 0.0550328 0.1459915 0.0827634 0.1259799 0.1491853 0.1537367 0.1998953 0.2002098 0.0490103 0.0566767 0.1191903 0.1363970 0.1215821 0.1586229 0.0961314 0.0965139 0.2199314 0.1459801 0.1007435 0.1283304 0.2237434 0.1426766 0.1200140 0.1073653 0.0623346 
Perityle_cordifolia_68_tecolote            0.1931243 0.1703132 0.1269753 0.5261785 0.1638454 0.2565871 0.1571156 0.4119363 0.1596294 0.2116954 0.0679842 0.0904031 0.0595745 0.1036732 0.1695470 0.1344557 0.1350678 0.1420543 0.1285863 0.1218584 0.1040260 0.0852153 0.0622496 0.1737200 0.0874827 0.1407496 0.0000000 0.1517142 0.1150013 0.0890604 0.1447717 0.1602045 0.1220132 0.1268177 0.1363821 0.1363415 0.2035769 0.1831676 0.0568452 0.0625506 0.1256765 0.1023254 0.1304736 0.1724292 0.1377040 0.2307999 0.0904775 0.1303203 0.1974243 0.1744597 0.3027872 0.1333081 0.1452276 0.1270840 0.0152712 0.1401061 0.0883303 0.0781858 0.1633725 0.0605437 0.1404750 0.0513661 0.0717536 0.1207155 0.1305073 0.2224220 0.2071829 0.0910720 0.1227484 0.0627377 0.1192668 0.0701116 0.1058942 0.1307254 0.0548685 0.2326950 0.1304321 0.1312092 0.0683371 0.2405866 0.0915156 0.0780828 0.1008783 0.1089668 
Perityle_coronopifolia_28_patagonia        0.1979985 0.1713671 0.1649634 0.5549145 0.1504471 0.3069127 0.1536047 0.4023601 0.1579138 0.2301248 0.1275910 0.1631592 0.1085119 0.1477787 0.1870668 0.1278589 0.1782141 0.1406572 0.1468520 0.1473144 0.1434061 0.0657929 0.1395172 0.1644817 0.1596684 0.1472892 0.1517142 0.0000000 0.1353073 0.0826045 0.1591667 0.1851794 0.1078418 0.1468561 0.1337210 0.1611072 0.2135892 0.2039996 0.1469961 0.1392392 0.1584169 0.1437367 0.1597932 0.2009802 0.1692419 0.2458326 0.1621808 0.1655938 0.2374230 0.1642730 0.3253066 0.0777830 0.1375761 0.0370299 0.1269343 0.1326778 0.1628289 0.1514860 0.0661671 0.0645711 0.0794750 0.0936455 0.1485743 0.0621705 0.0761085 0.2379316 0.2380201 0.0662367 0.1208267 0.1399918 0.1347451 0.1427717 0.1469568 0.1554037 0.0965149 0.2738872 0.0428426 0.1557299 0.1453873 0.1769188 0.1628213 0.1312959 0.1286532 0.0754082 
Perityle_crassifolia_70_ventanas           0.1455153 0.1652537 0.1199184 0.5101424 0.1510011 0.2214015 0.1299952 0.3547766 0.0688883 0.1631344 0.1217873 0.1032831 0.1021649 0.1447042 0.1477856 0.1300156 0.1534017 0.1302700 0.1383977 0.1288392 0.1027344 0.0766384 0.1020544 0.1777657 0.0940512 0.1380277 0.1150013 0.1353073 0.0000000 0.0143410 0.1215937 0.1394357 0.0109228 0.1308377 0.1298381 0.1306470 0.1769493 0.1499239 0.1065229 0.1015012 0.1241165 0.0974214 0.1256479 0.1440163 0.1438579 0.1864450 0.0982741 0.1281670 0.1765031 0.1686047 0.3179541 0.1298830 0.1349658 0.1180015 0.1075355 0.1276777 0.0963713 0.0969790 0.1270291 0.0592478 0.1136185 0.0688291 0.1121048 0.1304274 0.1267277 0.1775764 0.1794979 0.0690470 0.1245228 0.1025864 0.0123109 0.1000153 0.1027337 0.1368351 0.0831563 0.1935539 0.1345395 0.1404360 0.1042064 0.2074657 0.1000982 0.1077004 0.1274607 0.0791632 
Perityle_crassifolia_74_playa_balandra     0.0977031 0.0801554 0.1119647 0.3814485 0.1131368 0.1178870 0.1392215 0.4538525 0.0612124 0.1327414 0.0820406 0.0870505 0.1006431 0.0942141 0.1246344 0.0852205 0.0702254 0.0823521 0.0888324 0.0691424 0.1126731 0.0538740 0.0955254 0.0906112 0.0830763 0.0876791 0.0890604 0.0826045 0.0143410 0.0000000 0.0851978 0.0814277 0.0229998 0.0789131 0.0957719 0.0841765 0.1098622 0.1289872 0.1168614 0.0913878 0.0816953 0.0972188 0.0797380 0.1187749 0.0901119 0.1539935 0.0872444 0.0839698 0.0757222 0.0958361 0.2539026 0.0970703 0.0952238 0.1083665 0.0815043 0.0659692 0.0830763 0.0850277 0.1095638 0.0529958 0.0797300 0.0470283 0.1056029 0.1259485 0.0970703 0.1394155 0.1400981 0.0517853 0.0876423 0.0953709 0.0090603 0.0849794 0.1065754 0.0888922 0.0688293 0.1794457 0.1414277 0.0816562 0.0875786 0.1095762 0.0871243 0.0909636 0.0504850 0.0602993 
Perityle_cuneata_34_cuneata_San_antonio    0.1874628 0.1586545 0.1306067 0.5154725 0.1446880 0.2571736 0.1260197 0.3810007 0.1589893 0.2009497 0.1537916 0.1378287 0.1163096 0.1405437 0.1673813 0.1170030 0.1601494 0.1291171 0.1188078 0.1109462 0.1351466 0.0580255 0.1347086 0.1761560 0.1398981 0.1357365 0.1447717 0.1591667 0.1215937 0.0851978 0.0000000 0.1519373 0.1196029 0.1203375 0.1339033 0.1546553 0.2139537 0.1705685 0.1261966 0.1356844 0.1427412 0.1340792 0.1422535 0.1803146 0.1339591 0.2203250 0.1439406 0.1373233 0.2069937 0.1817581 0.3271949 0.1511811 0.1343447 0.1268576 0.1203620 0.1081454 0.1471514 0.1446971 0.1672275 0.0500793 0.1420899 0.0852786 0.1428309 0.1383161 0.1503786 0.1924292 0.1965101 0.0489059 0.1136995 0.1357496 0.1365075 0.1375920 0.1349799 0.1223266 0.1015693 0.2142776 0.1387541 0.1248930 0.1402964 0.2172115 0.1465156 0.1353223 0.1201089 0.0711745 
Perityle_cuneata_4                         0.2254420 0.1700221 0.1448656 0.5064709 0.1751576 0.2729827 0.1560543 0.4441291 0.1942390 0.2436106 0.1432167 0.1716543 0.1375454 0.1650208 0.1883679 0.1248183 0.1630497 0.1206009 0.1242652 0.1242392 0.2115413 0.0771194 0.1483322 0.1900674 0.1707227 0.1432770 0.1602045 0.1851794 0.1394357 0.0814277 0.1519373 0.0000000 0.1238358 0.1228667 0.1320130 0.1415089 0.2133979 0.2075693 0.1614103 0.1488431 0.1299726 0.2153010 0.1352975 0.1853520 0.1422521 0.3015460 0.1741069 0.1345804 0.2407630 0.1928447 0.2903448 0.1680585 0.1324132 0.1560626 0.1251272 0.1212472 0.1754509 0.1628782 0.1517160 0.0591525 0.1542568 0.0873117 0.1528113 0.1666517 0.1685570 0.2278557 0.2308370 0.0659164 0.1135346 0.1489461 0.1322518 0.1446858 0.2201497 0.1237126 0.0993751 0.2453733 0.1845552 0.1276791 0.1528830 0.1549912 0.1735829 0.1345263 0.1218195 0.0799857 
Perityle_discoidea_81                      0.1775315 0.2365022 0.1117445 0.6020022 0.1374371 0.2164601 0.4449927 0.3992898 0.0157920 0.1338734 0.1381250 0.1603167 0.1107131 0.1288936 0.1829252 0.1140037 0.1382796 0.1454159 0.1116796 0.0798503 0.1643289 0.0000010 0.1099619 0.1170186 0.1561520 0.1306513 0.1220132 0.1078418 0.0109228 0.0229998 0.1196029 0.1238358 0.0000000 0.1149627 0.1416967 0.1404711 0.1441234 0.2188463 0.1078350 0.1079075 0.1268383 0.1564550 0.1348556 0.1982041 0.1377609 0.1503660 0.1620187 0.1344559 0.1894572 0.1241151 0.6713649 0.1267971 0.1135965 0.1140097 0.1295519 0.1139794 0.1606841 0.1429418 0.1346249 0.0000010 0.1362035 0.0000010 0.1189425 0.1056447 0.1254466 0.1551938 0.1360632 0.0000010 0.1129364 0.1088888 0.0126835 0.1208403 0.1586052 0.1216654 0.0000010 0.1569011 0.1245325 0.1152796 0.1156583 0.1988532 0.1661251 0.1049369 0.1256463 0.0917824 
Perityle_dissecta_201                      0.1760177 0.1723712 0.1288508 0.5260259 0.1218362 0.2593146 0.1497685 0.3939683 0.1560804 0.1959523 0.1149359 0.1517818 0.1100690 0.1333471 0.1300214 0.0824567 0.1476236 0.1050637 0.0209797 0.0153820 0.1573748 0.0355370 0.1231159 0.1383279 0.1479491 0.0937956 0.1268177 0.1468561 0.1308377 0.0789131 0.1203375 0.1228667 0.1149627 0.0000000 0.1185095 0.1260308 0.1799658 0.1492127 0.1296113 0.1217615 0.1196769 0.1619065 0.1254570 0.1631044 0.0178220 0.2229299 0.1510668 0.1258351 0.1898705 0.1341824 0.2843572 0.1392868 0.1037145 0.1252421 0.0998765 0.0871134 0.1499781 0.1406301 0.1215205 0.0712469 0.1341204 0.0824703 0.1262454 0.1281541 0.1370655 0.1951461 0.1910309 0.0656617 0.0658759 0.1242206 0.1234134 0.1275793 0.1612095 0.0203709 0.1038437 0.2171417 0.1247164 0.0216913 0.1278398 0.2130879 0.1504229 0.1182882 0.1091558 0.0552106 
Perityle_emoryi_47_punta_san_jose          0.1424101 0.1396446 0.1122966 0.5196638 0.1566207 0.2535368 0.1379215 0.3883332 0.1850976 0.1979346 0.1366920 0.1312655 0.1299924 0.1474904 0.1222584 0.1194818 0.1213508 0.1348886 0.1182005 0.1015450 0.1368015 0.0883388 0.1276286 0.1357986 0.1294285 0.1267266 0.1363821 0.1337210 0.1298381 0.0957719 0.1339033 0.1320130 0.1416967 0.1185095 0.0000000 0.1271674 0.1319849 0.1236483 0.1419295 0.1304707 0.1284876 0.1408009 0.1277351 0.1345011 0.1274821 0.2282416 0.1303876 0.1243429 0.1302354 0.1347713 0.3360359 0.1412594 0.1365319 0.1442136 0.0981115 0.1429712 0.1308081 0.1276225 0.1148160 0.0797957 0.1308238 0.0919767 0.1379444 0.1457458 0.1390209 0.2207248 0.2134890 0.0874691 0.1327995 0.1275468 0.1259168 0.1332418 0.1344869 0.1243928 0.1043779 0.2428424 0.1521791 0.1203894 0.1367186 0.2549577 0.1284256 0.1310362 0.1187767 0.1025005 
Perityle_feddemae_99                       0.1872005 0.1650699 0.1379286 0.5369483 0.1721984 0.2375121 0.1319960 0.3883304 0.1793064 0.1998115 0.1350914 0.1614079 0.1264456 0.1494962 0.1731973 0.1187239 0.1265855 0.1205590 0.1303105 0.1260640 0.1813084 0.0582280 0.1349362 0.1603518 0.1584823 0.1374339 0.1363415 0.1611072 0.1306470 0.0841765 0.1546553 0.1415089 0.1404711 0.1260308 0.1271674 0.0000000 0.1909612 0.1940137 0.1422377 0.1349237 0.0496613 0.1813805 0.0519331 0.1861036 0.1321594 0.2156584 0.1615706 0.0431796 0.1781041 0.1630819 0.3160368 0.1516809 0.1313574 0.1485577 0.1323577 0.1357457 0.1618329 0.1527274 0.1902531 0.0454947 0.1536820 0.0853764 0.1439952 0.1430822 0.1505861 0.2103144 0.1981549 0.0523493 0.1166104 0.1348730 0.1359745 0.1407978 0.1777675 0.1318728 0.0965097 0.2127038 0.1492217 0.1317844 0.1368705 0.2386168 0.1636299 0.1314701 0.1102081 0.0907068 
Perityle_gamon_221                         0.2216430 0.1712167 0.1904004 0.5636404 0.1952835 0.2938993 0.1496047 0.4227264 0.2155608 0.2912068 0.1576109 0.2209824 0.1685771 0.1909029 0.1998257 0.1487098 0.1930729 0.1546936 0.1881718 0.1946891 0.2144729 0.1045209 0.1971881 0.2132366 0.2187614 0.1788230 0.2035769 0.2135892 0.1769493 0.1098622 0.2139537 0.2133979 0.1441234 0.1799658 0.1319849 0.1909612 0.0000000 0.2127922 0.2259412 0.1979786 0.1794379 0.2045511 0.1791085 0.1264461 0.2074327 0.2998261 0.2201449 0.1891094 0.2422034 0.2068330 0.3204138 0.2010110 0.1637084 0.1486842 0.1391719 0.1628488 0.2202862 0.2119734 0.1927658 0.0893288 0.1585295 0.0898394 0.1997250 0.2304642 0.1987121 0.2947804 0.2856094 0.0973657 0.1347474 0.1964206 0.1580700 0.1985162 0.2074795 0.1815691 0.1137059 0.3055316 0.2103575 0.1926334 0.1993659 0.2224715 0.2206703 0.1804966 0.1795084 0.1052505 
Perityle_gentryi_8_san_francisco           0.1959961 0.1844876 0.1881981 0.5666414 0.2526140 0.2514486 0.1517028 0.4342325 0.2030830 0.2151785 0.1986164 0.1457973 0.1847991 0.2008099 0.0212776 0.1728838 0.1670075 0.1696598 0.1572695 0.1675491 0.1498740 0.0889978 0.1752596 0.2253472 0.1398158 0.1650295 0.1831676 0.2039996 0.1499239 0.1289872 0.1705685 0.2075693 0.2188463 0.1492127 0.1236483 0.1940137 0.2127922 0.0000000 0.2015574 0.1798372 0.1856962 0.1483470 0.1871986 0.1823608 0.1116286 0.2571266 0.1379823 0.1884346 0.1795482 0.1916569 0.3324049 0.1882039 0.1855696 0.2299674 0.1974318 0.1930057 0.1421307 0.1386410 0.4096195 0.0595896 0.1879542 0.1035788 0.1831549 0.2242423 0.1817376 0.2473431 0.2173281 0.0834688 0.1974002 0.1764124 0.1814793 0.1433580 0.1440381 0.1469601 0.1089018 0.2245937 0.2270860 0.1553843 0.1794337 0.3068844 0.1414751 0.1788920 0.1184515 0.2129160 
Perityle_gilensis_22_Superstition          0.1632352 0.2404696 0.1239772 0.5737772 0.1493320 0.2005528 0.4467778 0.4158765 0.1042188 0.1455903 0.0280743 0.0654073 0.0168967 0.0827774 0.1768472 0.1280833 0.1599922 0.1528396 0.1338894 0.1391674 0.0719082 0.2438573 0.0103656 0.1215949 0.0615624 0.1364129 0.0568452 0.1469961 0.1065229 0.1168614 0.1261966 0.1614103 0.1078350 0.1296113 0.1419295 0.1422377 0.2259412 0.2015574 0.0000000 0.0110201 0.1322092 0.0731546 0.1361021 0.1874318 0.1445424 0.1308435 0.0664015 0.1391477 0.2139601 0.1207486 0.6066965 0.1192072 0.1431075 0.1118947 0.0449017 0.1155594 0.0641307 0.0496733 0.1647431 0.2694265 0.1374922 0.2438573 0.0342265 0.1043021 0.1150572 0.1626892 0.1445586 0.2438573 0.1100291 0.0103610 0.1097468 0.0381557 0.0728949 0.1345082 0.2438573 0.1493982 0.1188314 0.1401654 0.0256950 0.2266036 0.0669074 0.0720840 0.1090650 0.1110058 
Perityle_gilensis_salensis_225             0.1795402 0.1784019 0.1198357 0.5253247 0.1491669 0.2453854 0.1639720 0.3939250 0.1472271 0.1958371 0.0446088 0.0500061 0.0141351 0.0834791 0.1615410 0.1213509 0.1445029 0.1331529 0.1273784 0.1181874 0.0689952 0.0772638 0.0067782 0.1622345 0.0464240 0.1188711 0.0625506 0.1392392 0.1015012 0.0913878 0.1356844 0.1488431 0.1079075 0.1217615 0.1304707 0.1349237 0.1979786 0.1798372 0.0110201 0.0000000 0.1256773 0.0693550 0.1277629 0.1671410 0.1314130 0.1869491 0.0497361 0.1309671 0.1852617 0.1577549 0.2977847 0.1217359 0.1356308 0.1106812 0.0518725 0.1234266 0.0479522 0.0388686 0.1679699 0.0644890 0.1302088 0.0412175 0.0307864 0.1076388 0.1185066 0.2147618 0.2042382 0.0868705 0.1107436 0.0072287 0.1080366 0.0293696 0.0699148 0.1254817 0.0177744 0.2247184 0.1211025 0.1289329 0.0390115 0.2310305 0.0498571 0.0697097 0.1010399 0.0913500 
Perityle_glaucescens_94                    0.1829097 0.1659246 0.1267291 0.5368525 0.1540295 0.2484845 0.1313161 0.3857515 0.1667072 0.1978335 0.1259257 0.1508209 0.1233181 0.1418208 0.1628350 0.1073526 0.1267642 0.1161000 0.1248846 0.1123958 0.1692998 0.0728813 0.1268379 0.1473123 0.1493682 0.1256577 0.1256765 0.1584169 0.1241165 0.0816953 0.1427412 0.1299726 0.1268383 0.1196769 0.1284876 0.0496613 0.1794379 0.1856962 0.1322092 0.1256773 0.0000000 0.1692440 0.0151588 0.1738845 0.1335560 0.2121747 0.1529281 0.0148310 0.1709044 0.1494132 0.3099600 0.1424146 0.1238395 0.1385280 0.1235335 0.1223357 0.1509649 0.1430747 0.1528879 0.0595170 0.1458093 0.0823353 0.1346726 0.1322311 0.1401098 0.2065952 0.1977429 0.0588660 0.1063293 0.1267794 0.1236036 0.1287833 0.1676262 0.1244299 0.0961185 0.2204748 0.1397318 0.1255656 0.1264284 0.2188143 0.1539505 0.1200717 0.1085311 0.0836053 
Perityle_gracilis_11                       0.1618535 0.2181126 0.1736166 0.6600052 0.1959327 0.2144615 0.4749317 0.4337956 0.1221788 0.1402495 0.0997414 0.0154172 0.0701132 0.0953948 0.1488831 0.1720358 0.1062882 0.2077149 0.1684960 0.1559940 0.0103491 0.0000010 0.0658449 0.1672787 0.0079454 0.1604257 0.1023254 0.1437367 0.0974214 0.0972188 0.1340792 0.2153010 0.1564550 0.1619065 0.1408009 0.1813805 0.2045511 0.1483470 0.0731546 0.0693550 0.1692440 0.0000000 0.1699140 0.2098388 0.1251049 0.0469109 0.0120360 0.1735375 0.1173959 0.1302387 0.6221240 0.1331718 0.1861034 0.1486183 0.1681397 0.1424628 0.0111462 0.0122105 0.2567384 0.0000010 0.1481956 0.0000010 0.0832198 0.1439048 0.1228188 0.1878351 0.1367177 0.0000010 0.1674781 0.0649518 0.1536395 0.0152903 0.0138380 0.1644654 0.0000010 0.1615420 0.1456924 0.1523073 0.0749984 0.2099033 0.0103502 0.1090102 0.0930408 0.2190778 
Perityle_harkerae_31                       0.1801873 0.1663190 0.1290471 0.5344161 0.1586112 0.2433206 0.1312999 0.3872798 0.1665845 0.1988012 0.1296805 0.1535248 0.1250061 0.1355343 0.1628566 0.1101022 0.1286113 0.1190434 0.1302057 0.1208565 0.1710623 0.0689204 0.1283844 0.1522276 0.1512957 0.1309474 0.1304736 0.1597932 0.1256479 0.0797380 0.1422535 0.1352975 0.1348556 0.1254570 0.1277351 0.0519331 0.1791085 0.1871986 0.1361021 0.1277629 0.0151588 0.1699140 0.0000000 0.1747883 0.1382193 0.2143363 0.1549469 0.0145402 0.1750846 0.1525207 0.3117407 0.1443034 0.1219559 0.1416994 0.1275026 0.1263279 0.1525695 0.1444568 0.1671299 0.0546227 0.1455259 0.0822452 0.1370059 0.1341321 0.1417763 0.2081739 0.1978906 0.0587826 0.1110101 0.1283237 0.1257601 0.1305013 0.1693647 0.1289277 0.0936172 0.2226881 0.1420287 0.1325927 0.1285679 0.2168098 0.1556281 0.1226985 0.1096685 0.0928273 
Perityle_hofmeisteria_4_nombre_de_dios     0.1988435 0.1753749 0.1753479 0.5599655 0.2519830 0.2748684 0.1572189 0.4286724 0.2032008 0.2255376 0.1883867 0.1701922 0.1802935 0.1905280 0.1705848 0.1713162 0.1643499 0.1740847 0.1643281 0.1705787 0.2061439 0.1049548 0.1672124 0.2403436 0.1666466 0.1709606 0.1724292 0.2009802 0.1440163 0.1187749 0.1803146 0.1853520 0.1982041 0.1631044 0.1345011 0.1861036 0.1264461 0.1823608 0.1874318 0.1671410 0.1738845 0.2098388 0.1747883 0.0000000 0.1413567 0.3048632 0.1668916 0.1828579 0.2104235 0.2112180 0.3473866 0.1715693 0.1852766 0.1966235 0.1804986 0.1903761 0.1732292 0.1630000 0.3038501 0.0897947 0.1788187 0.0876182 0.1724513 0.1947884 0.1689031 0.2472861 0.2261821 0.0978697 0.1919481 0.1677386 0.1644599 0.1527393 0.2125589 0.1655503 0.0963296 0.2448576 0.2041551 0.1699054 0.1708155 0.2622747 0.1735583 0.1654646 0.1315634 0.1799414 
Perityle_huecosensis_48                    0.1641755 0.1666216 0.1382046 0.4892369 0.1592123 0.2880531 0.1219251 0.2896017 0.1828578 0.2018756 0.1263661 0.1327965 0.1121737 0.1389663 0.1065571 0.0965299 0.1674651 0.1207093 0.0162502 0.0214900 0.1109383 0.0392036 0.1316839 0.1776428 0.1300021 0.1076093 0.1377040 0.1692419 0.1438579 0.0901119 0.1339591 0.1422521 0.1377609 0.0178220 0.1274821 0.1321594 0.2074327 0.1116286 0.1445424 0.1314130 0.1335560 0.1251049 0.1382193 0.1413567 0.0000000 0.2415080 0.1328526 0.1357957 0.1825622 0.1581282 0.2007717 0.1497966 0.1242267 0.1432201 0.1017511 0.1158394 0.1325425 0.1311464 0.0000010 0.0712469 0.1324083 0.0879544 0.1342625 0.1542467 0.1453905 0.2221391 0.2247455 0.0727190 0.1005588 0.1330877 0.1440005 0.1311808 0.1191964 0.0228632 0.1065156 0.2225230 0.1384495 0.0259738 0.1351354 0.3990735 0.1273628 0.1382619 0.1270118 0.0633353 
