83
Amauria_brandeegeana_62                    0.0000000 0.0000010 0.0401838 0.3660997 0.1293752 0.1596210 0.2155641 0.2500895 0.0568625 0.8597244 0.1190117 0.1317616 0.1259260 0.1513449 0.0621718 0.0877652 1.4324161 0.1715823 0.1165654 0.1230987 0.1253227 0.1531804 0.1177629 0.1314535 0.1409516 0.1270325 0.0793562 0.0980347 0.1589913 0.1160660 0.2961958 0.0540550 0.1123178 0.1570201 0.1563463 0.1376573 0.1853941 0.0727986 0.9422470 0.1156636 0.1611907 0.1251182 0.1666920 0.1855210 0.1570494 0.1251182 0.1251182 0.1601546 0.1245654 0.1097298 0.1130859 1.0354811 0.1319609 0.1419351 0.1522507 0.1573345 0.1251182 0.1251182 0.1586066 0.4297244 0.1630353 0.1597886 0.9422470 0.1668402 1.0354811 0.1572322 0.1504776 0.2669153 0.1350566 0.1601409 0.1528516 0.1281181 0.1251182 0.1408029 0.1262232 0.1638198 0.1895063 0.1263544 0.3017843 0.3276109 0.1221869 0.1363128 0.1982552 
Amauria_carterae_99_mesa                   0.0000010 0.0000000 1.3102733 1.0214548 1.4038615 1.2105769 0.3680642 1.3302300 1.5813758 0.1820389 1.1257673 1.2156441 1.0945461 0.0000010 0.9991224 0.0000010 0.1272127 1.1192426 1.0247761 1.1118942 1.2118820 1.1919032 1.0020154 1.1764102 1.3395196 1.2107924 0.3235338 0.0000010 0.0000010 1.1334738 1.3091226 1.5273848 1.0355777 1.0591414 1.0308868 1.3874878 0.9391711 0.9774915 0.1716193 1.0542700 1.0843362 0.0000010 1.1496318 0.9772105 1.0195637 1.1764102 1.2187879 1.0488606 1.0870716 0.9649324 1.0021531 0.2201851 1.3178436 1.0023000 1.3000287 0.0000010 1.1891421 1.1764102 1.1810121 0.0000010 1.0391940 0.0000010 0.1809382 1.2321295 0.2442405 1.2032301 0.9102002 0.0000010 1.2163241 1.1919032 0.0000010 1.1764102 1.1575557 1.1407187 0.0000010 1.1860068 1.1843580 1.0157703 1.8581839 1.9488679 1.2142665 1.0314094 1.2068191 
Amauria_rotundifolia_SRR9119150            0.0401838 1.3102733 0.0000000 0.6237791 0.3428394 0.3192231 0.3524733 0.4710763 0.2194601 1.0915422 0.2730967 0.3750751 0.3212403 0.1630685 0.2545846 0.1819407 1.3812824 0.3782719 0.2712454 0.2823488 0.3749433 0.3365779 0.2477105 0.3352201 0.2823477 0.3477442 0.3489406 0.1405934 0.2153867 0.3208604 0.5065090 0.0750771 0.2611935 0.2717900 0.3398156 0.3014523 0.3640397 0.2707997 1.3032774 0.2711379 0.3542482 0.2153682 0.3325795 0.3972320 0.3760375 0.3349083 0.3319625 0.3425980 0.2677061 0.2881012 0.2637129 1.7594086 0.2637124 0.3171313 0.2549190 0.1788673 0.3011850 0.3394823 0.4282447 0.4840874 0.2788322 0.1750921 1.2196848 0.3191243 1.7838214 0.3297579 0.3924102 0.3295185 0.3016862 0.3388951 0.2210537 0.3332674 0.3083411 0.3576070 0.1335505 0.3519997 0.3839458 0.3056455 0.4917468 0.3509655 0.3195916 0.3156797 0.3753775 
Conoclinium_coelestinum_SRR9119114         0.3660997 1.0214548 0.6237791 0.0000000 0.6207983 0.5313228 0.5619150 0.6004842 0.6193407 0.8498644 0.5482656 0.6102218 0.5324670 0.3232633 0.5038436 0.4051061 0.8732601 0.5374125 0.5207476 0.5349094 0.6091590 0.5436500 0.5005115 0.6101046 0.5240869 0.5938463 0.5222893 0.3406855 0.4649924 0.5462797 0.5395133 0.5976681 0.5283642 0.5092226 0.5647183 0.5932098 0.5651060 0.5251108 1.0939495 0.5283462 0.5762139 0.4900351 0.5611725 0.5807092 0.5451726 0.6084452 0.6068503 0.5726301 0.5402433 0.5641825 0.5346529 0.9884881 0.5378170 0.5767680 0.4200118 0.4048000 0.5875007 0.6137072 0.6332511 0.5502603 0.4855618 0.3935310 1.0033253 0.5207863 1.0044790 0.5669285 0.5851407 0.3252875 0.5496811 0.5412551 0.4759530 0.6086260 0.6057847 0.5859420 0.3217639 0.5628233 0.6010845 0.5482678 0.5214378 0.3224948 0.5870290 0.5736810 0.5494261 
Eutetras_palmeri_63                        0.1293752 1.4038615 0.3428394 0.6207983 0.0000000 0.0640375 0.3257217 0.4674094 0.4493387 1.1380766 0.2694182 0.3279597 0.2864839 0.1061163 0.2866328 0.1794302 1.3925254 0.3308396 0.2712028 0.2758827 0.3219030 0.3143088 0.2086030 0.3103913 0.2627914 0.3865923 0.3000046 0.1370365 0.2295291 0.2951459 0.5064242 0.3169889 0.2606098 0.2830382 0.3242108 0.2864963 0.3083181 0.2976834 1.2426358 0.2750467 0.3005143 0.1836308 0.2991073 0.3505784 0.3556681 0.3083810 0.3020098 0.3030178 0.2652491 0.2690395 0.2595519 1.5303722 0.2471552 0.2880102 0.2394790 0.1197790 0.2595032 0.3070137 0.3289430 0.4806881 0.1894737 0.1046243 1.1167722 0.2351457 1.5778422 0.2733420 0.3438101 0.3396394 0.2796270 0.3138992 0.1924099 0.3098143 0.2821054 0.3265838 0.0895783 0.2806775 0.3590367 0.3305493 0.5066406 0.3385589 0.2917647 0.3229222 0.3295369 
Eutetras_pringlei_149_quer                 0.1596210 1.2105769 0.3192231 0.5313228 0.0640375 0.0000000 0.3549848 0.4171003 0.2905978 1.1197912 0.2362373 0.2591644 0.2305164 0.1309158 0.2142545 0.0990795 1.2427937 0.3504807 0.2368038 0.2387042 0.2634295 0.2273169 0.1904458 0.2627139 0.2564531 0.3575802 0.2954393 0.1688592 0.2931381 0.2928587 0.4232291 0.2899738 0.2259906 0.2765710 0.2056567 0.1917605 0.3787270 0.2299631 1.1414626 0.2053074 0.1926695 0.1434247 0.2023980 0.3845657 0.2360060 0.2583861 0.2587198 0.1979987 0.2162647 0.2082791 0.2103883 1.9592677 0.2422957 0.2507669 0.3363920 0.1436050 0.2504585 0.2538939 0.2779174 0.2066167 0.2610042 0.1491104 1.0030802 0.2915483 2.2112337 0.2621895 0.2576872 0.2799596 0.2234929 0.2322338 0.2396964 0.2626795 0.2583861 0.2229396 0.1269340 0.2544343 0.2908742 0.2585474 0.4247055 0.4024034 0.2156605 0.2950546 0.4275972 
Eutrochium_fistulosum_SRR9119106           0.2155641 0.3680642 0.3524733 0.5619150 0.3257217 0.3549848 0.0000000 0.4743912 0.4307721 0.4821277 0.3159282 0.3663788 0.3334769 0.2108546 0.3135839 0.1756664 0.3926959 0.3216340 0.3324153 0.2698372 0.3068157 0.3503192 0.2074699 0.3407790 0.3040396 0.3318922 0.2156992 0.1867100 0.2325751 0.2580041 0.4766297 0.3455835 0.2956187 0.2918207 0.3399068 0.3006448 0.3558578 0.3189932 0.4475276 0.3156401 0.3403256 0.2154819 0.3067212 0.3557316 0.3663020 0.3347634 0.3324979 0.3395230 0.3188747 0.2765350 0.3085458 0.5016169 0.3147675 0.3267983 0.2482085 0.2112073 0.3226461 0.3375532 0.3426476 0.5426139 0.2510452 0.2309004 0.5078120 0.2266326 0.4944195 0.3264203 0.3396055 0.3149376 0.3230191 0.3533280 0.2452750 0.3297504 0.3225334 0.3829557 0.1867854 0.3326593 0.3493338 0.3204379 0.4879159 0.3338897 0.3111329 0.3336800 0.3466111 
Helianthus_annuus_SRR9119062               0.2500895 1.3302300 0.4710763 0.6004842 0.4674094 0.4171003 0.4743912 0.0000000 0.5383526 1.2399643 0.4561282 0.5113176 0.4553456 0.2371575 0.4360545 0.3430222 1.1785619 0.4521018 0.4312470 0.4041467 0.5362474 0.4900543 0.3880044 0.4954352 0.4493770 0.5073453 0.4265772 0.2750216 0.3791686 0.4459538 0.5856349 0.4505309 0.4469005 0.4415886 0.4446467 0.4431567 0.4741339 0.4363900 1.2838150 0.4337115 0.4311856 0.3990860 0.4143389 0.4856391 0.4521824 0.4870111 0.4864499 0.4394743 0.4136043 0.4416881 0.4232349 1.3306276 0.4558197 0.4340882 0.3797563 0.3023039 0.4743574 0.4867260 0.5073169 0.5806751 0.3459345 0.2703922 1.3489336 0.4007055 1.4262987 0.4449486 0.4755420 0.3531729 0.4477558 0.4838314 0.3620090 0.4790750 0.4882422 0.5452854 0.2248819 0.4518893 0.4776417 0.4527563 0.5719600 0.3555694 0.4657555 0.4849873 0.4373027 
Lycapsus_tenuifolius_17                    0.0568625 1.5813758 0.2194601 0.6193407 0.4493387 0.2905978 0.4307721 0.5383526 0.0000000 1.2739952 0.3753651 0.4289768 0.3766792 0.1700077 0.3566526 0.2959648 1.4246091 0.4299278 0.3507169 0.3557577 0.4218337 0.4103971 0.3158899 0.4239147 0.3691743 0.4466463 0.4014731 0.1817859 0.3226011 0.4150761 0.5372632 0.1208479 0.3686619 0.3714964 0.4024831 0.4186114 0.4460877 0.3638935 1.4207413 0.3716273 0.4158793 0.3041443 0.3990985 0.4778322 0.4344015 0.4124868 0.4133681 0.4001059 0.3847801 0.3587137 0.3731947 1.7092695 0.3464584 0.4062553 0.2694079 0.2465394 0.3913482 0.4121332 0.4996508 0.5273815 0.3170474 0.1768877 1.3626615 0.3835390 1.6572956 0.4287438 0.4614068 0.3840958 0.3698288 0.4131755 0.3113404 0.4147844 0.3865042 0.3875230 0.1289329 0.4271039 0.4774661 0.3779193 0.5162846 0.3678789 0.4091716 0.4100772 0.4321682 
Pericome_caudata_50_silver                 0.8597244 0.1820389 1.0915422 0.8498644 1.1380766 1.1197912 0.4821277 1.2399643 1.2739952 0.0000000 0.8058588 0.9457251 0.7346471 0.0000010 0.7886040 0.6085350 0.1389712 0.8802943 0.7494217 0.7724615 0.9677170 0.7435440 0.6359961 0.9260487 0.8672946 0.8624002 0.3904637 0.8537633 0.9377239 0.8443477 1.1382227 1.2501856 0.7169877 0.7633415 0.7217541 0.9832251 0.9705700 0.7647129 0.1801014 0.7092221 0.7700141 0.7690606 0.8079833 0.9968905 0.7188816 0.9260487 0.9667614 0.7882125 0.7526195 0.7655703 0.6779963 0.2246541 0.7922849 0.7129743 0.9069842 0.9136475 0.9378620 0.9456387 1.1195269 9.0000000 0.8098553 0.7421703 0.1610414 0.8784058 0.2256395 0.8679100 0.8131119 1.0505771 0.7746255 0.7435440 1.0043752 0.9232586 0.9213515 0.7522446 0.2423378 0.8405101 0.9125810 0.7358836 1.4111651 1.9488679 0.9326034 0.8249914 0.8205273 
Perityle_aglossa_84_dead_horse             0.1190117 1.1257673 0.2730967 0.5482656 0.2694182 0.2362373 0.3159282 0.4561282 0.3753651 0.8058588 0.0000000 0.2540770 0.1331269 0.0581903 0.1469168 0.1419630 0.9439197 0.2924047 0.1131675 0.1114829 0.2624050 0.1718180 0.1206890 0.2236273 0.1491826 0.3109072 0.3075912 0.1315943 0.1733958 0.2643306 0.4875601 0.2521170 0.1017985 0.1369335 0.2641773 0.1544703 0.3036728 0.1499050 0.8883788 0.1227528 0.2361176 0.1489963 0.2398816 0.3320799 0.1890973 0.2237338 0.2236025 0.2285003 0.1184030 0.1249458 0.1057413 1.0089989 0.0757081 0.1826010 0.2438485 0.1195280 0.1940435 0.2221864 0.3038524 0.4585258 0.1705650 0.0769543 0.8867261 0.2287462 0.9997729 0.2622753 0.3059448 0.3154983 0.1149817 0.1716327 0.1590341 0.2234398 0.2114889 0.1617842 0.0699159 0.2704412 0.3051485 0.1537506 0.4616264 0.3286407 0.2088922 0.2646735 0.3166209 
Perityle_ajoensis_204                      0.1317616 1.2156441 0.3750751 0.6102218 0.3279597 0.2591644 0.3663788 0.5113176 0.4289768 0.9457251 0.2540770 0.0000000 0.2491273 0.0952382 0.2871218 0.2082941 0.9934068 0.3746245 0.2293523 0.2417393 0.1210745 0.3156909 0.2180134 0.0963736 0.2939357 0.3690755 0.3402518 0.1290274 0.1922031 0.3377169 0.4923678 0.3322232 0.2579511 0.2921238 0.3184926 0.3075077 0.3757255 0.2972725 0.9683657 0.2870569 0.3073473 0.0998840 0.3042732 0.4072422 0.3397649 0.0907826 0.0949744 0.2979114 0.2919437 0.2611387 0.2732861 1.2470945 0.2400003 0.2625580 0.2423212 0.1236358 0.0761674 0.0981531 0.3309993 0.4646566 0.2109666 0.0949901 0.9874559 0.2763668 1.1717040 0.3428634 0.3663844 0.3112213 0.2518248 0.3177971 0.1701066 0.1007147 0.0795396 0.3083190 0.0086734 0.3483112 0.3465685 0.2709730 0.5186406 0.3508582 0.0996061 0.3475102 0.3560594 
Perityle_ambrosiifolia_67_green            0.1259260 1.0945461 0.3212403 0.5324670 0.2864839 0.2305164 0.3334769 0.4553456 0.3766792 0.7346471 0.1331269 0.2491273 0.0000000 0.0544204 0.1744503 0.2001145 0.9349072 0.3055522 0.0997404 0.1383498 0.2847623 0.1831799 0.1575393 0.2658938 0.1776841 0.3443364 0.3196447 0.1279392 0.1813835 0.2936480 0.4863852 0.2822104 0.1375655 0.1725961 0.2702241 0.2231906 0.3277420 0.1750938 0.8784457 0.1498081 0.2747559 0.1845504 0.2682456 0.3606360 0.2148929 0.2643702 0.2643176 0.2669446 0.1552014 0.1641187 0.1438323 1.0546209 0.1120094 0.2073704 0.2521389 0.1282481 0.2210382 0.2631183 0.3263996 0.4498147 0.1492462 0.0753706 0.8765332 0.2598280 1.0210421 0.2805248 0.3037850 0.3069865 0.1394714 0.1848958 0.1638845 0.2605912 0.2400347 0.1675887 0.0626531 0.2808186 0.3107597 0.1468223 0.4518778 0.3267435 0.2520811 0.2860725 0.3256736 
Perityle_angustifolia_13_Eagle_creek       0.1513449 0.0000010 0.1630685 0.3232633 0.1061163 0.1309158 0.2108546 0.2371575 0.1700077 0.0000010 0.0581903 0.0952382 0.0544204 0.0000000 0.0757906 0.0490250 0.7623004 0.2083563 0.0582291 0.0498879 0.0951646 0.0543319 0.0759261 0.0950498 0.0982719 0.1345753 0.0950290 0.1038603 0.1304470 0.0864420 0.2406393 0.1700077 0.0543911 0.0979702 0.1208071 0.0371583 0.1511257 0.0555241 0.0000010 0.0582760 0.1334531 0.0913808 0.1293350 0.1547291 0.0370228 0.0913808 0.0913808 0.1256715 0.0589087 0.0544818 0.0514008 0.7623004 0.0584340 0.0909792 0.1558645 0.1138013 0.0913808 0.0913808 0.1106268 0.2528391 0.1009089 0.0916984 0.0000010 0.1150917 0.7623004 0.1292149 0.1181581 0.2215351 0.0405798 0.0580023 0.1166981 0.0950193 0.0913808 0.0337074 0.0920254 0.1255772 0.1057138 0.0797218 0.2390117 0.3077631 0.0951646 0.0939606 0.2526375 
Perityle_batopilensis_97                   0.0621718 0.9991224 0.2545846 0.5038436 0.2866328 0.2142545 0.3135839 0.4360545 0.3566526 0.7886040 0.1469168 0.2871218 0.1744503 0.0757906 0.0000000 0.1750427 0.8865649 0.2675095 0.1510669 0.1818411 0.2986589 0.1759467 0.1865261 0.2632720 0.1026254 0.2796268 0.3090040 0.1196856 0.1564450 0.2648877 0.4499427 0.2399132 0.0848728 0.0956615 0.2778591 0.2211918 0.3391408 0.0350589 0.8428953 0.0807008 0.2626783 0.1906060 0.2562905 0.3597255 0.2040191 0.2625895 0.2612360 0.2584296 0.0860792 0.1776494 0.0721169 0.9985705 0.1385402 0.1937436 0.1965192 0.1317611 0.2392914 0.2617833 0.3094646 0.4885158 0.1712002 0.0867098 0.8336303 0.2457670 1.0282446 0.2699511 0.3147065 0.3001316 0.1726571 0.1777710 0.1343032 0.2596527 0.2495816 0.2154266 0.0646327 0.2860350 0.3200019 0.1848937 0.4387699 0.2766746 0.2438169 0.2414297 0.2618218 
Perityle_bisetosa_9                        0.0877652 0.0000010 0.1819407 0.4051061 0.1794302 0.0990795 0.1756664 0.3430222 0.2959648 0.6085350 0.1419630 0.2082941 0.2001145 0.0490250 0.1750427 0.0000000 1.0095927 0.2181543 0.1493640 0.1626356 0.2011698 0.1582980 0.1849881 0.1782312 0.1707605 0.2123500 0.1882278 0.1341217 0.1735776 0.2164176 0.3365821 0.1231588 0.1506200 0.1675359 0.2286058 0.1420457 0.1722988 0.1761803 0.6199440 0.1652214 0.2415550 0.1444457 0.2151145 0.2121967 0.1989513 0.1783668 0.1706396 0.2243762 0.1644572 0.1861750 0.1544964 1.1058140 0.1016910 0.1965973 0.1307630 0.0860562 0.1226031 0.1787106 0.2047243 0.4526455 0.1054041 0.0786209 0.7630691 0.1907897 0.9171945 0.1995570 0.2346538 0.2958729 0.1618767 0.1608201 0.1395398 0.1734142 0.1463012 0.2460414 0.0741248 0.2021034 0.2472525 0.2303403 0.3434129 0.2424306 0.1777506 0.2010149 0.2184966 
Perityle_californica_76_positas            1.4324161 0.1272127 1.3812824 0.8732601 1.3925254 1.2427937 0.3926959 1.1785619 1.4246091 0.1389712 0.9439197 0.9934068 0.9349072 0.7623004 0.8865649 1.0095927 0.0000000 0.9403330 0.8936731 0.9164148 1.0479815 0.9077301 0.8273888 0.9697064 1.0278155 0.9267934 0.3742872 1.1864685 1.2388769 1.0198115 1.0649026 1.3912013 0.8739970 0.9121442 0.8238960 1.0871343 1.0028278 0.8532433 0.1023881 0.8818498 0.9734399 0.9196736 0.9849457 1.0326013 0.9223899 0.9697064 1.0189813 0.9727511 0.8883423 0.9450331 0.8324501 0.1533270 0.9990962 0.8273368 0.8969571 1.4466767 1.0003134 0.9933346 1.1930341 9.0000000 0.8568792 1.2141649 0.1237544 0.8888349 0.1535591 0.9864759 0.7391653 0.9788810 0.9729757 0.9077301 1.1166947 0.9697064 0.9697064 0.9202873 0.4503971 1.0197453 1.0791541 0.8736708 1.4747091 1.9488679 0.9712243 0.9165346 0.9431854 
Perityle_canescens_77                      0.1715823 1.1192426 0.3782719 0.5374125 0.3308396 0.3504807 0.3216340 0.4521018 0.4299278 0.8802943 0.2924047 0.3746245 0.3055522 0.2083563 0.2675095 0.2181543 0.9403330 0.0000000 0.2868759 0.3103398 0.3518841 0.3218679 0.3026372 0.3706158 0.2888072 0.3399976 0.2484861 0.1442551 0.2423444 0.3448967 0.5223783 0.3128941 0.2782835 0.2846538 0.2763453 0.3073264 0.3299543 0.2773677 0.7856552 0.2938312 0.2642430 0.3016634 0.2576998 0.3774199 0.3578285 0.3660845 0.3635108 0.2575440 0.2908033 0.3229904 0.2750056 1.0333754 0.2739661 0.2876554 0.2547144 0.1944459 0.3101560 0.3670218 0.3345911 0.4955953 0.1703395 0.2034202 0.8224012 0.2672614 1.0026817 0.2971349 0.3107471 0.3641833 0.3220978 0.3214352 0.2415873 0.3564549 0.3376772 0.3661515 0.1572976 0.3073114 0.3415023 0.3195199 0.4986034 0.3980115 0.3509952 0.3237064 0.3189410 
Perityle_castillonii_96                    0.1165654 1.0247761 0.2712454 0.5207476 0.2712028 0.2368038 0.3324153 0.4312470 0.3507169 0.7494217 0.1131675 0.2293523 0.0997404 0.0582291 0.1510669 0.1493640 0.8936731 0.2868759 0.0000000 0.1151184 0.2320758 0.1330245 0.1135320 0.2295692 0.1531780 0.3351771 0.3005718 0.1314443 0.1876159 0.2337646 0.4922191 0.2792598 0.1087076 0.1445665 0.2302032 0.1971213 0.3267718 0.1510582 0.8590598 0.1171823 0.2186970 0.1551481 0.2182604 0.3288506 0.1500531 0.2254793 0.2276746 0.2181301 0.1236983 0.1163510 0.1117608 1.0483160 0.1091416 0.1878178 0.2597931 0.1173716 0.2223619 0.2268935 0.3080241 0.4632884 0.1637505 0.0677107 0.8721162 0.2365295 1.0605286 0.2564768 0.2704143 0.3169901 0.0993415 0.1347420 0.1673186 0.2273986 0.2228406 0.1746550 0.0637490 0.2612411 0.2793560 0.1273672 0.4507753 0.3218940 0.2138188 0.2678373 0.3349932 
Perityle_cernua_84                         0.1230987 1.1118942 0.2823488 0.5349094 0.2758827 0.2387042 0.2698372 0.4041467 0.3557577 0.7724615 0.1114829 0.2417393 0.1383498 0.0498879 0.1818411 0.1626356 0.9164148 0.3103398 0.1151184 0.0000000 0.2365155 0.2081094 0.0835130 0.1824104 0.1638921 0.3273597 0.2802865 0.1283061 0.1794786 0.2836215 0.4735107 0.2240990 0.1354163 0.1633730 0.2812349 0.1447643 0.3044728 0.1747036 0.7683911 0.1561741 0.2617650 0.1051162 0.2645098 0.3439239 0.2255592 0.1754940 0.1806646 0.2488490 0.1543290 0.0983012 0.1423501 0.9217694 0.0865004 0.2008198 0.2580541 0.1296975 0.1609237 0.1814343 0.3098217 0.4559279 0.1419013 0.0732316 0.7816040 0.2566987 0.9188887 0.2551907 0.2726840 0.3121521 0.0956015 0.2100714 0.1607866 0.1775730 0.1694833 0.1667169 0.0652557 0.2683274 0.2960572 0.1315777 0.4570278 0.3228844 0.1644140 0.2602133 0.3029965 
Perityle_cfvillosa_25_tin                  0.1253227 1.2118820 0.3749433 0.6091590 0.3219030 0.2634295 0.3068157 0.5362474 0.4218337 0.9677170 0.2624050 0.1210745 0.2847623 0.0951646 0.2986589 0.2011698 1.0479815 0.3518841 0.2320758 0.2365155 0.0000000 0.3284180 0.1970319 0.0857662 0.2760151 0.3713027 0.3326284 0.1345250 0.2047936 0.3336496 0.5129794 0.3038841 0.2731274 0.2927614 0.3053628 0.2875141 0.3945222 0.3059355 0.9822826 0.2935896 0.3190755 0.0784847 0.3109347 0.4446598 0.3575099 0.0771732 0.0799384 0.3083077 0.3039919 0.2286941 0.2845554 1.1825790 0.2318899 0.2791395 0.2302947 0.1232402 0.0498766 0.0831234 0.3395319 0.4683575 0.2169858 0.0946911 0.9332271 0.2902643 1.1777405 0.3381431 0.3218745 0.3104259 0.2272377 0.3306760 0.1846087 0.0842134 0.0659341 0.2997487 0.0086501 0.3347982 0.3757221 0.3060789 0.5240873 0.3614503 0.0857713 0.3402952 0.3339979 
Perityle_coahuilensis_24                   0.1531804 1.1919032 0.3365779 0.5436500 0.3143088 0.2273169 0.3503192 0.4900543 0.4103971 0.7435440 0.1718180 0.3156909 0.1831799 0.0543319 0.1759467 0.1582980 0.9077301 0.3218679 0.1330245 0.2081094 0.3284180 0.0000000 0.2028697 0.3060695 0.1717291 0.3554874 0.3200096 0.1394752 0.1944398 0.2882617 0.5166119 0.2945562 0.1478351 0.1684102 0.3076242 0.2693808 0.3495865 0.1764712 0.8933765 0.1495545 0.3061967 0.2382418 0.2939349 0.3936349 0.1688189 0.2986783 0.3001742 0.2957524 0.1576098 0.2035814 0.1443015 1.0721521 0.1248396 0.2281007 0.2403462 0.0928619 0.2676829 0.3046573 0.3447522 0.4774012 0.1744605 0.0980604 0.8929854 0.2512486 1.0739864 0.3178019 0.3369218 0.3597931 0.1644417 0.0063430 0.1680802 0.3000435 0.2844660 0.1858811 0.1048363 0.3200058 0.3395065 0.2023144 0.5016177 0.3375637 0.2883045 0.3228041 0.3321933 
Perityle_cochisensis_44_cave_creek         0.1177629 1.0020154 0.2477105 0.5005115 0.2086030 0.1904458 0.2074699 0.3880044 0.3158899 0.6359961 0.1206890 0.2180134 0.1575393 0.0759261 0.1865261 0.1849881 0.8273888 0.3026372 0.1135320 0.0835130 0.1970319 0.2028697 0.0000000 0.1198986 0.1859109 0.2865657 0.2032317 0.1247469 0.1816572 0.2443934 0.4472105 0.1957198 0.1423564 0.1706524 0.2358152 0.1210719 0.2421654 0.1869326 0.7085282 0.1539783 0.2145599 0.0918715 0.2130532 0.3018990 0.2448885 0.1145309 0.1180585 0.2071174 0.1610760 0.0712683 0.1555986 0.7863498 0.0848544 0.1804505 0.2262044 0.1158326 0.0988939 0.1222269 0.2593632 0.4724193 0.1325975 0.0757706 0.7126385 0.2120036 0.8091076 0.2426845 0.2564670 0.3225243 0.0778862 0.2050446 0.1644976 0.1199613 0.1081695 0.1905666 0.0566473 0.2429302 0.2832385 0.1501187 0.4073586 0.3265319 0.1142736 0.2290473 0.2851806 
Perityle_congesta_202                      0.1314535 1.1764102 0.3352201 0.6101046 0.3103913 0.2627139 0.3407790 0.4954352 0.4239147 0.9260487 0.2236273 0.0963736 0.2658938 0.0950498 0.2632720 0.1782312 0.9697064 0.3706158 0.2295692 0.1824104 0.0857662 0.3060695 0.1198986 0.0000000 0.2617020 0.3343600 0.3374301 0.1376233 0.2023144 0.3015442 0.5083517 0.3014624 0.2323225 0.2573726 0.2904516 0.2570541 0.3675787 0.2750435 0.9223606 0.2571523 0.2869289 0.0119016 0.2801854 0.4064644 0.3469426 0.0099142 0.0149038 0.2817728 0.2655470 0.1895822 0.2469423 1.1081718 0.2035359 0.2390133 0.2417540 0.1363851 0.0161663 0.0162156 0.3216168 0.4865320 0.2269878 0.0947644 0.9137173 0.2690688 1.1074586 0.3328437 0.3426744 0.3106865 0.1808864 0.3081354 0.1822713 0.0199755 0.0104018 0.2942789 0.0086521 0.3299752 0.3463050 0.2552617 0.5337997 0.3499564 0.0140825 0.3272966 0.3480126 
Perityle_cordifolia_27                     0.1409516 1.3395196 0.2823477 0.5240869 0.2627914 0.2564531 0.3040396 0.4493770 0.3691743 0.8672946 0.1491826 0.2939357 0.1776841 0.0982719 0.1026254 0.1707605 1.0278155 0.2888072 0.1531780 0.1638921 0.2760151 0.1717291 0.1859109 0.2617020 0.0000000 0.2908525 0.2643718 0.1147832 0.1726857 0.2726054 0.4646578 0.2535731 0.0924245 0.0707779 0.2422659 0.1764894 0.3214863 0.1107437 0.9368436 0.0975997 0.2518249 0.1968341 0.2358580 0.3370857 0.2131641 0.2571431 0.2654357 0.2376333 0.1004178 0.1652348 0.0916188 1.0437944 0.1417964 0.2007072 0.2486341 0.1136700 0.2346185 0.2622233 0.2722612 0.4342474 0.1605159 0.0385549 0.9549499 0.2399301 1.0630807 0.2471929 0.2954069 0.3204162 0.1607980 0.1737101 0.1583308 0.2552614 0.2410114 0.1985875 0.1044187 0.2545731 0.3072926 0.1915156 0.4557875 0.3455722 0.2468034 0.2379274 0.3224665 
Perityle_cordifolia_68_tecolote            0.1270325 1.2107924 0.3477442 0.5938463 0.3865923 0.3575802 0.3318922 0.5073453 0.4466463 0.8624002 0.3109072 0.3690755 0.3443364 0.1345753 0.2796268 0.2123500 0.9267934 0.3399976 0.3351771 0.3273597 0.3713027 0.3554874 0.2865657 0.3343600 0.2908525 0.0000000 0.3396810 0.1583670 0.2084398 0.2990665 0.5099169 0.3208788 0.2820322 0.2810788 0.3137678 0.3306004 0.4078850 0.2953318 0.8865363 0.2912911 0.3153984 0.2268834 0.3129540 0.4297394 0.3833825 0.3323200 0.3256596 0.3142523 0.2915105 0.3592392 0.2840456 0.9455718 0.3146369 0.3017937 0.0193301 0.1659426 0.3086335 0.3309112 0.4065335 0.4969520 0.2425791 0.1412800 0.8975174 0.2816558 0.9453088 0.3473880 0.3626804 0.3629216 0.3386089 0.3578495 0.2124638 0.3282734 0.3153703 0.4073227 0.1315564 0.3556988 0.3502503 0.3589242 0.4895883 0.3472816 0.3040079 0.3438821 0.2263070 
Perityle_coronopifolia_28_patagonia        0.0793562 0.3235338 0.3489406 0.5222893 0.3000046 0.2954393 0.2156992 0.4265772 0.4014731 0.3904637 0.3075912 0.3402518 0.3196447 0.0950290 0.3090040 0.1882278 0.3742872 0.2484861 0.3005718 0.2802865 0.3326284 0.3200096 0.2032317 0.3374301 0.2643718 0.3396810 0.0000000 0.1205907 0.1696286 0.2446016 0.4748796 0.3029421 0.2790619 0.2646343 0.2795586 0.3195217 0.3120212 0.3119237 0.3665897 0.3050573 0.2578702 0.1768905 0.2313471 0.3405878 0.3578006 0.3338880 0.3273498 0.2405151 0.2962503 0.2969424 0.2821853 0.3982216 0.2987372 0.2764303 0.1864757 0.1184168 0.3028940 0.3333420 0.3421342 0.4753459 0.1991469 0.0809980 0.3754190 0.0375495 0.3838022 0.2771614 0.3223072 0.2840919 0.3176939 0.3195491 0.1467444 0.3275513 0.3052716 0.3776326 0.0612997 0.2812255 0.2668763 0.3200943 0.4970826 0.2310680 0.3093317 0.3236102 0.2239887 
Perityle_crassifolia_70_ventanas           0.0980347 0.0000010 0.1405934 0.3406855 0.1370365 0.1688592 0.1867100 0.2750216 0.1817859 0.8537633 0.1315943 0.1290274 0.1279392 0.1038603 0.1196856 0.1341217 1.1864685 0.1442551 0.1314443 0.1283061 0.1345250 0.1394752 0.1247469 0.1376233 0.1147832 0.1583670 0.1205907 0.0000000 0.0882699 0.1065852 0.2899807 0.1543519 0.1099619 0.1082993 0.1374079 0.1373834 0.1753586 0.1195020 0.8751867 0.1224553 0.1423801 0.1216221 0.1339444 0.1754747 0.1521773 0.1283246 0.1283246 0.1377617 0.1228614 0.1128899 0.1200639 0.8971653 0.1257726 0.1317151 0.1389034 0.1455226 0.1283246 0.1292707 0.1327854 0.4444269 0.1345403 0.1109008 0.9147810 0.1349485 0.7836516 0.1384356 0.1456137 0.2899311 0.1290581 0.1426619 0.0259190 0.1315776 0.1252465 0.1338567 0.0924030 0.1352394 0.1485991 0.1375615 0.2857171 0.3082464 0.1254469 0.1133984 0.2180879 
Perityle_crassifolia_74_playa_balandra     0.1589913 0.0000010 0.2153867 0.4649924 0.2295291 0.2931381 0.2325751 0.3791686 0.3226011 0.9377239 0.1733958 0.1922031 0.1813835 0.1304470 0.1564450 0.1735776 1.2388769 0.2423444 0.1876159 0.1794786 0.2047936 0.1944398 0.1816572 0.2023144 0.1726857 0.2084398 0.1696286 0.0882699 0.0000000 0.1799707 0.4071813 0.2412227 0.1571498 0.1623208 0.1916498 0.1704979 0.2398119 0.1574943 0.9175734 0.1626887 0.2142885 0.1838594 0.1997913 0.2399465 0.2216168 0.1963302 0.1966219 0.2031171 0.1645511 0.1644807 0.1591104 1.0344329 0.1713796 0.2006767 0.2034699 0.1876553 0.1938160 0.2010299 0.1768346 0.5217538 0.1509563 0.1449879 0.8922209 0.2116956 0.9512367 0.2069494 0.2024710 0.3189995 0.1774101 0.1973975 0.0620360 0.1968104 0.1910325 0.2258201 0.1293736 0.2046779 0.1947844 0.1904663 0.3956470 0.3117608 0.1913048 0.1666189 0.2890778 
Perityle_cuneata_34_cuneata_San_antonio    0.1160660 1.1334738 0.3208604 0.5462797 0.2951459 0.2928587 0.2580041 0.4459538 0.4150761 0.8443477 0.2643306 0.3377169 0.2936480 0.0864420 0.2648877 0.2164176 1.0198115 0.3448967 0.2337646 0.2836215 0.3336496 0.2882617 0.2443934 0.3015442 0.2726054 0.2990665 0.2446016 0.1065852 0.1799707 0.0000000 0.4548764 0.2853934 0.2464250 0.2762299 0.2803878 0.2628648 0.3389382 0.2581834 0.9063048 0.2587093 0.2846053 0.2147349 0.2758441 0.3824964 0.3394518 0.3014614 0.3056129 0.2720156 0.2660740 0.2589318 0.2552835 0.9352531 0.2226657 0.2800337 0.2128553 0.1278140 0.2551530 0.3089556 0.2952759 0.4691367 0.1728807 0.1181202 0.9088835 0.2458460 0.9273006 0.2994088 0.2830681 0.2899710 0.2735709 0.2907105 0.1531503 0.2991663 0.2818983 0.3422409 0.0982878 0.2986854 0.3314979 0.3268027 0.4387222 0.2872481 0.2808602 0.2388879 0.2436460 
Perityle_cuneata_4                         0.2961958 1.3091226 0.5065090 0.5395133 0.5064242 0.4232291 0.4766297 0.5856349 0.5372632 1.1382227 0.4875601 0.4923678 0.4863852 0.2406393 0.4499427 0.3365821 1.0649026 0.5223783 0.4922191 0.4735107 0.5129794 0.5166119 0.4472105 0.5083517 0.4646578 0.5099169 0.4748796 0.2899807 0.4071813 0.4548764 0.0000000 0.4873241 0.4485405 0.4527828 0.4764375 0.4903765 0.5197471 0.4447922 1.1968730 0.4636606 0.4643923 0.4361384 0.4434956 0.5281455 0.5100723 0.5030477 0.5057104 0.4658026 0.4622475 0.4882784 0.4529866 1.4171213 0.4978936 0.4794181 0.4216925 0.3533319 0.4977661 0.4981072 0.5189107 0.5303561 0.4031713 0.3224919 1.2036053 0.4416126 1.4472943 0.4922188 0.5102000 0.2143705 0.5213913 0.5143054 0.3795463 0.4993618 0.4969956 0.5463308 0.2660235 0.4983679 0.5143280 0.5029010 0.3545621 0.2626883 0.4878175 0.4897390 0.5011087 
Perityle_discoidea_81                      0.0540550 1.5273848 0.0750771 0.5976681 0.3169889 0.2899738 0.3455835 0.4505309 0.1208479 1.2501856 0.2521170 0.3322232 0.2822104 0.1700077 0.2399132 0.1231588 1.3912013 0.3128941 0.2792598 0.2240990 0.3038841 0.2945562 0.1957198 0.3014624 0.2535731 0.3208788 0.3029421 0.1543519 0.2412227 0.2853934 0.4873241 0.0000000 0.2454632 0.2593832 0.2881447 0.2770008 0.3571149 0.2487379 1.3263005 0.2499147 0.3070243 0.1993362 0.2829225 0.3615210 0.3263163 0.2952177 0.2967319 0.3029943 0.2613643 0.2414515 0.2529139 1.6044479 0.2550493 0.3162998 0.2521299 0.1963523 0.2968436 0.2961778 0.3769710 0.5100531 0.2561090 0.1734724 1.3169975 0.2718561 1.5484155 0.3097372 0.3238838 0.3556757 0.2690243 0.2969525 0.2374857 0.2968889 0.2906211 0.3370362 0.1289329 0.3104246 0.3469421 0.2710952 0.5108752 0.3678789 0.2876599 0.2859059 0.3713317 
Perityle_dissecta_201                      0.1123178 1.0355777 0.2611935 0.5283642 0.2606098 0.2259906 0.2956187 0.4469005 0.3686619 0.7169877 0.1017985 0.2579511 0.1375655 0.0543911 0.0848728 0.1506200 0.8739970 0.2782835 0.1087076 0.1354163 0.2731274 0.1478351 0.1423564 0.2323225 0.0924245 0.2820322 0.2790619 0.1099619 0.1571498 0.2464250 0.4485405 0.2454632 0.0000000 0.0772667 0.2450437 0.1640610 0.3101540 0.0935343 0.8382876 0.0497215 0.2326284 0.1559724 0.2221765 0.3374162 0.1788882 0.2333465 0.2355293 0.2246972 0.0558269 0.1283543 0.0419313 0.9792604 0.0886947 0.1671539 0.2373731 0.1109940 0.2080555 0.2343154 0.2860884 0.4526828 0.1590294 0.0734276 0.8298800 0.2196784 0.9853228 0.2467283 0.2857555 0.3034578 0.1205067 0.1494568 0.1384109 0.2303370 0.2165030 0.1663596 0.0540311 0.2581078 0.2811729 0.1545210 0.4338907 0.3157144 0.2227213 0.2311306 0.3151234 
Perityle_emoryi_47_punta_san_jose          0.1570201 1.0591414 0.2717900 0.5092226 0.2830382 0.2765710 0.2918207 0.4415886 0.3714964 0.7633415 0.1369335 0.2921238 0.1725961 0.0979702 0.0956615 0.1675359 0.9121442 0.2846538 0.1445665 0.1633730 0.2927614 0.1684102 0.1706524 0.2573726 0.0707779 0.2810788 0.2646343 0.1082993 0.1623208 0.2762299 0.4527828 0.2593832 0.0772667 0.0000000 0.2542378 0.1834830 0.3209726 0.1064301 0.8443093 0.0805018 0.2500421 0.1881292 0.2271558 0.3466924 0.2084497 0.2567703 0.2609839 0.2304786 0.0842247 0.1548204 0.0705664 0.9443018 0.1364634 0.1878953 0.2362144 0.0951779 0.2380366 0.2574215 0.2906358 0.4377065 0.1471494 0.0555583 0.8399729 0.2417272 0.9133051 0.2416429 0.2803268 0.3084598 0.1650517 0.1736662 0.1504448 0.2532121 0.2437875 0.2131406 0.0882720 0.2438162 0.2971561 0.1857163 0.4389164 0.3337600 0.2474724 0.2130936 0.3161993 
Perityle_feddemae_99                       0.1563463 1.0308868 0.3398156 0.5647183 0.3242108 0.2056567 0.3399068 0.4446467 0.4024831 0.7217541 0.2641773 0.3184926 0.2702241 0.1208071 0.2778591 0.2286058 0.8238960 0.2763453 0.2302032 0.2812349 0.3053628 0.3076242 0.2358152 0.2904516 0.2422659 0.3137678 0.2795586 0.1374079 0.1916498 0.2803878 0.4764375 0.2881447 0.2450437 0.2542378 0.0000000 0.3174179 0.2902740 0.2846779 0.7982405 0.2458822 0.0887564 0.2032210 0.0774748 0.3288514 0.3100213 0.2885018 0.2825099 0.0799650 0.2534303 0.2763414 0.2403897 0.9317375 0.2417835 0.2269372 0.2141200 0.1272364 0.2411093 0.2889728 0.2978167 0.4612145 0.1636078 0.1197790 0.8085620 0.2293306 0.9498878 0.2720627 0.3393248 0.3295130 0.2726486 0.3053483 0.1732204 0.2884569 0.2593142 0.3304261 0.1013851 0.2738752 0.2449286 0.2808083 0.4808886 0.3598664 0.2742081 0.3199493 0.3142899 
Perityle_fosteri_93                        0.1376573 1.3874878 0.3014523 0.5932098 0.2864963 0.1917605 0.3006448 0.4431567 0.4186114 0.9832251 0.1544703 0.3075077 0.2231906 0.0371583 0.2211918 0.1420457 1.0871343 0.3073264 0.1971213 0.1447643 0.2875141 0.2693808 0.1210719 0.2570541 0.1764894 0.3306004 0.3195217 0.1373834 0.1704979 0.2628648 0.4903765 0.2770008 0.1640610 0.1834830 0.3174179 0.0000000 0.3182131 0.2242455 1.0123303 0.1847852 0.2886136 0.1338323 0.2845110 0.3530026 0.2835679 0.2588622 0.2605011 0.2845646 0.1774459 0.1973628 0.1728138 1.1745530 0.1415416 0.2308203 0.2671940 0.1387916 0.2167710 0.2609531 0.3246831 0.4633340 0.1958133 0.0830640 1.0056468 0.2529407 1.1917157 0.3288847 0.3191938 0.3127172 0.1673897 0.2714337 0.1614554 0.2548916 0.2354811 0.2526834 0.0731483 0.3358783 0.3290514 0.2380297 0.4601910 0.3232356 0.2579418 0.2601113 0.3332067 
Perityle_gamon_221                         0.1853941 0.9391711 0.3640397 0.5651060 0.3083181 0.3787270 0.3558578 0.4741339 0.4460877 0.9705700 0.3036728 0.3757255 0.3277420 0.1511257 0.3391408 0.1722988 1.0028278 0.3299543 0.3267718 0.3044728 0.3945222 0.3495865 0.2421654 0.3675787 0.3214863 0.4078850 0.3120212 0.1753586 0.2398119 0.3389382 0.5197471 0.3571149 0.3101540 0.3209726 0.2902740 0.3182131 0.0000000 0.3473978 0.9646852 0.3324689 0.2979357 0.2471142 0.2798178 0.0104720 0.3631160 0.3677196 0.3621702 0.2987301 0.3473792 0.3350011 0.3367255 1.1032917 0.3291780 0.2968690 0.3048072 0.1967313 0.3560734 0.3717085 0.3598854 0.4995128 0.2644675 0.1609352 0.9751914 0.2545734 1.0751890 0.3237960 0.4011795 0.3825580 0.3181390 0.3490667 0.2398199 0.3650308 0.3563810 0.3797282 0.1507445 0.3364285 0.3524844 0.3342769 0.5253366 0.3463442 0.3477556 0.3728792 0.3985411 
Perityle_gentryi_8_san_francisco           0.0727986 0.9774915 0.2707997 0.5251108 0.2976834 0.2299631 0.3189932 0.4363900 0.3638935 0.7647129 0.1499050 0.2972725 0.1750938 0.0555241 0.0350589 0.1761803 0.8532433 0.2773677 0.1510582 0.1747036 0.3059355 0.1764712 0.1869326 0.2750435 0.1107437 0.2953318 0.3119237 0.1195020 0.1574943 0.2581834 0.4447922 0.2487379 0.0935343 0.1064301 0.2846779 0.2242455 0.3473978 0.0000000 0.8022296 0.0924221 0.2779702 0.2003003 0.2717852 0.3697057 0.2078190 0.2743379 0.2749995 0.2738179 0.0967993 0.1854506 0.0839617 0.9567956 0.1485164 0.2010218 0.2230055 0.1249718 0.2502097 0.2766021 0.3280816 0.4920470 0.1753930 0.0898821 0.7953610 0.2490827 0.9812627 0.2770164 0.3190712 0.2932131 0.1821301 0.1782546 0.1367150 0.2715568 0.2619891 0.2170111 0.0651641 0.2886107 0.3214012 0.1903767 0.4295354 0.3061711 0.2582057 0.2407258 0.2989980 
Perityle_gilensis_22_Superstition          0.9422470 0.1716193 1.3032774 1.0939495 1.2426358 1.1414626 0.4475276 1.2838150 1.4207413 0.1801014 0.8883788 0.9683657 0.8784457 0.0000010 0.8428953 0.6199440 0.1023881 0.7856552 0.8590598 0.7683911 0.9822826 0.8933765 0.7085282 0.9223606 0.9368436 0.8865363 0.3665897 0.8751867 0.9175734 0.9063048 1.1968730 1.3263005 0.8382876 0.8443093 0.7982405 1.0123303 0.9646852 0.8022296 0.0000000 0.8207139 0.8501207 0.7668448 0.8331369 0.9900523 0.8194912 0.9223606 0.9625575 0.7988978 0.8209708 0.8419365 0.7804330 0.1783550 0.8630447 0.7811766 0.8397307 0.9528169 0.8956791 0.9417104 1.0890156 4.0208525 0.7013483 0.6842319 0.0383367 0.7699980 0.1790716 0.9221659 0.7157150 0.7918778 0.8713489 0.8933765 0.8486277 0.9426897 0.8986947 0.8333456 0.2292506 0.9714635 0.9097787 0.7990608 1.3992466 1.9488679 0.9195217 0.8240451 0.7812493 
Perityle_gilensis_salensis_225             0.1156636 1.0542700 0.2711379 0.5283462 0.2750467 0.2053074 0.3156401 0.4337115 0.3716273 0.7092221 0.1227528 0.2870569 0.1498081 0.0582760 0.0807008 0.1652214 0.8818498 0.2938312 0.1171823 0.1561741 0.2935896 0.1495545 0.1539783 0.2571523 0.0975997 0.2912911 0.3050573 0.1224553 0.1626887 0.2587093 0.4636606 0.2499147 0.0497215 0.0805018 0.2458822 0.1847852 0.3324689 0.0924221 0.8207139 0.0000000 0.2372018 0.1822577 0.2225137 0.3633148 0.1729766 0.2581373 0.2604377 0.2273880 0.0407145 0.1447049 0.0233536 0.9636837 0.1059169 0.1807345 0.2475229 0.1106598 0.2323308 0.2592311 0.2962265 0.4862499 0.1579961 0.0949355 0.7856867 0.2385762 0.9688785 0.2469720 0.2971095 0.3079727 0.1306489 0.1511824 0.1435232 0.2566833 0.2436185 0.1840690 0.0790810 0.2566492 0.2878016 0.1709624 0.4461700 0.3381080 0.2443631 0.2335282 0.3171377 
Perityle_glaucescens_94                    0.1611907 1.0843362 0.3542482 0.5762139 0.3005143 0.1926695 0.3403256 0.4311856 0.4158793 0.7700141 0.2361176 0.3073473 0.2747559 0.1334531 0.2626783 0.2415550 0.9734399 0.2642430 0.2186970 0.2617650 0.3190755 0.3061967 0.2145599 0.2869289 0.2518249 0.3153984 0.2578702 0.1423801 0.2142885 0.2846053 0.4643923 0.3070243 0.2326284 0.2500421 0.0887564 0.2886136 0.2979357 0.2779702 0.8501207 0.2372018 0.0000000 0.2000307 0.0608022 0.3292589 0.3101329 0.2852305 0.2783589 0.0199837 0.2414920 0.2547761 0.2298967 1.0640514 0.2351130 0.2399977 0.2177254 0.1419446 0.2541266 0.2818052 0.3082285 0.4852099 0.1640561 0.1294313 0.8353268 0.2045093 1.0866435 0.2712311 0.3373374 0.3283760 0.2611294 0.3015762 0.1907988 0.2870993 0.2571121 0.3283559 0.1016614 0.2734624 0.2536094 0.2770425 0.4534006 0.3550627 0.2677327 0.3192080 0.3099254 
Perityle_gracilis_11                       0.1251182 0.0000010 0.2153682 0.4900351 0.1836308 0.1434247 0.2154819 0.3990860 0.3041443 0.7690606 0.1489963 0.0998840 0.1845504 0.0913808 0.1906060 0.1444457 0.9196736 0.3016634 0.1551481 0.1051162 0.0784847 0.2382418 0.0918715 0.0119016 0.1968341 0.2268834 0.1768905 0.1216221 0.1838594 0.2147349 0.4361384 0.1993362 0.1559724 0.1881292 0.2032210 0.1338323 0.2471142 0.2003003 0.7668448 0.1822577 0.2000307 0.0000000 0.1893037 0.2701095 0.2766156 0.0033863 0.0067753 0.1964955 0.1888373 0.1094158 0.1818691 0.9306102 0.1347423 0.1850123 0.1849220 0.1282439 0.0069972 0.0068166 0.2124550 0.4697591 0.1504014 0.0885882 0.7366183 0.2085464 0.8663696 0.2445871 0.2226488 0.3029861 0.0995661 0.2407889 0.1623405 0.0136104 0.0033753 0.2396765 0.0028704 0.2450478 0.2572797 0.1702086 0.4110536 0.3333017 0.0050743 0.2366050 0.2805781 
Perityle_harkerae_31                       0.1666920 1.1496318 0.3325795 0.5611725 0.2991073 0.2023980 0.3067212 0.4143389 0.3990985 0.8079833 0.2398816 0.3042732 0.2682456 0.1293350 0.2562905 0.2151145 0.9849457 0.2576998 0.2182604 0.2645098 0.3109347 0.2939349 0.2130532 0.2801854 0.2358580 0.3129540 0.2313471 0.1339444 0.1997913 0.2758441 0.4434956 0.2829225 0.2221765 0.2271558 0.0774748 0.2845110 0.2798178 0.2717852 0.8331369 0.2225137 0.0608022 0.1893037 0.0000000 0.3115509 0.3025365 0.2761179 0.2732040 0.0489507 0.2306892 0.2555026 0.2149354 1.0424905 0.2306529 0.2211527 0.2291992 0.1326035 0.2442267 0.2726569 0.2870997 0.4655719 0.1503549 0.1260009 0.8322011 0.1935530 1.0653308 0.2518467 0.2987732 0.3368295 0.2588788 0.2935374 0.1777993 0.2756383 0.2493169 0.3275857 0.1015124 0.2503173 0.2481231 0.2763815 0.4449386 0.3477789 0.2582313 0.3077903 0.2962976 
Perityle_hofmeisteria_4_nombre_de_dios     0.1855210 0.9772105 0.3972320 0.5807092 0.3505784 0.3845657 0.3557316 0.4856391 0.4778322 0.9968905 0.3320799 0.4072422 0.3606360 0.1547291 0.3597255 0.2121967 1.0326013 0.3774199 0.3288506 0.3439239 0.4446598 0.3936349 0.3018990 0.4064644 0.3370857 0.4297394 0.3405878 0.1754747 0.2399465 0.3824964 0.5281455 0.3615210 0.3374162 0.3466924 0.3288514 0.3530026 0.0104720 0.3697057 0.9900523 0.3633148 0.3292589 0.2701095 0.3115509 0.0000000 0.4057564 0.4065830 0.3987641 0.3244453 0.3690598 0.3829467 0.3612544 1.1305384 0.3380518 0.3259526 0.3009584 0.1968468 0.3588143 0.4126570 0.3745856 0.4947616 0.2672258 0.1610489 0.9994093 0.2832152 1.1029286 0.3398218 0.4430092 0.3828124 0.3668228 0.3930653 0.2399501 0.3999402 0.3766814 0.4017259 0.1508581 0.3569626 0.3996346 0.3710318 0.5285696 0.3407924 0.3897638 0.3929537 0.4049728 
Perityle_huecosensis_48                    0.1570494 1.0195637 0.3760375 0.5451726 0.3556681 0.2360060 0.3663020 0.4521824 0.4344015 0.7188816 0.1890973 0.3397649 0.2148929 0.0370228 0.2040191 0.1989513 0.9223899 0.3578285 0.1500531 0.2255592 0.3575099 0.1688189 0.2448885 0.3469426 0.2131641 0.3833825 0.3578006 0.1521773 0.2216168 0.3394518 0.5100723 0.3263163 0.1788882 0.2084497 0.3100213 0.2835679 0.3631160 0.2078190 0.8194912 0.1729766 0.3101329 0.2766156 0.3025365 0.4057564 0.0000000 0.3394017 0.3424640 0.2996707 0.1766392 0.2170343 0.1645745 0.8865702 0.1649296 0.2754113 0.2584053 0.1171412 0.3065052 0.3420887 0.3599868 0.4499363 0.1918612 0.0953476 0.8072700 0.2867013 0.9078778 0.3244749 0.3626274 0.3390392 0.1709665 0.1705278 0.1949123 0.3445151 0.3202831 0.2057865 0.1118544 0.3298516 0.3544479 0.2362077 0.4662056 0.3439269 0.3276048 0.3481459 0.3438697 
