85
Amauria_brandeegeana_62                    0.0000000 0.1502190 0.0888648 0.2435953 0.2143000 0.2208718 0.2354091 0.2550287 0.2403566 0.1821336 0.1686844 0.1751564 0.1703945 0.1723432 0.1698390 0.1787210 0.2274140 0.1612812 0.1689684 0.1843174 0.1808483 0.1224605 0.1678822 0.1149306 0.1774862 0.1832592 0.1985938 0.1868972 0.2204554 0.1319679 0.1558813 0.1993494 0.1992081 0.1596525 0.1487993 0.1886351 0.1846279 0.2093112 0.1716407 0.1588685 0.1765225 0.1863189 0.1809532 0.1888532 0.2055318 0.1743336 0.1857029 0.1814877 0.1412619 0.1748234 0.1786748 0.1653761 0.1626696 0.1590092 0.1830468 0.1499525 0.1451278 0.1845940 0.1319742 0.1479659 0.1817430 0.2106237 0.1473681 0.1766269 0.1856979 0.1831449 0.2064398 0.2067912 0.1301820 0.1828716 0.1487564 0.1754781 0.1772786 0.1790549 0.1743356 0.1379581 0.1985055 0.1504207 0.1561020 0.1709647 0.1412612 0.1768308 0.1487993 0.1637783 0.1582028 
Amauria_carterae_99_mesa                   0.1502190 0.0000000 0.0685951 0.1762788 0.1232482 0.1848137 0.2115966 0.1728736 0.0985958 0.1071477 0.1392225 0.1089342 0.1230597 0.1120748 0.1180271 0.1217650 0.1089878 0.0905889 0.0785431 0.1104617 0.1147661 0.0937275 0.2074617 0.1118987 0.1088482 0.1259683 0.1306316 0.1282542 0.2307451 0.1084136 0.0948288 0.1371775 0.1004632 0.1198005 0.1341968 0.0972286 0.1219452 0.1339874 0.1236191 0.1177283 0.1235959 0.0933175 0.1128580 0.0925112 0.1297143 0.1257241 0.1148290 0.0957562 0.1358776 0.1216629 0.1194561 0.1245287 0.1297259 0.0851175 0.1063848 0.1427659 0.1242211 0.1175599 0.1128585 0.1025331 0.2662878 0.1120965 0.0782754 0.1440794 0.1262471 0.1218195 0.1763687 0.1208695 0.2215506 0.1298773 0.2100761 0.1010342 0.1147218 0.1200483 0.1157910 0.0776031 0.1173110 0.1975731 0.1099325 0.1460162 0.0538012 0.1149525 0.1341968 0.1189125 0.1169196 
Amauria_rotundifolia_SRR9119150            0.0888648 0.0685951 0.0000000 0.1863277 0.2058366 0.2265874 0.1914712 0.2697882 0.1867917 0.1883700 0.2395309 0.1980503 0.2112421 0.1728262 0.2010550 0.2061175 0.1725636 0.1348636 0.1945688 0.1635329 0.1993781 0.0753054 0.2200878 0.1037394 0.2013418 0.2036585 0.2295893 0.2268779 0.2632445 0.0911590 0.1698298 0.2155763 0.1474114 0.1682233 0.1677102 0.1922913 0.2147333 0.2340171 0.2014865 0.1658881 0.2116365 0.1863466 0.2022757 0.1880838 0.2337711 0.2130962 0.2058056 0.1545693 0.2032443 0.2010566 0.2092289 0.2013717 0.1770965 0.1310427 0.1674281 0.1514008 0.1135739 0.2065067 0.1417400 0.1244850 0.2534376 0.1834887 0.0551017 0.2452910 0.2295654 0.2069059 0.2376462 0.1964167 0.2124878 0.2050994 0.2081217 0.1385426 0.2056234 0.2034816 0.2026004 0.0542390 0.1836490 0.2070498 0.1725410 0.2310348 0.0628533 0.2025981 0.1677102 0.1214601 0.1142708 
Conoclinium_coelestinum_SRR9119114         0.2435953 0.1762788 0.1863277 0.0000000 0.2068956 0.1229940 0.1902893 0.2421311 0.2056531 0.2311951 0.2290356 0.2325148 0.2191797 0.2244025 0.2242054 0.2267902 0.2183653 0.1957220 0.3699885 0.2318320 0.2343648 0.1635629 0.2690216 0.2267178 0.2324551 0.2231830 0.2270111 0.2215051 0.3989812 0.1892867 0.2070417 0.2140569 0.1772476 0.2170062 0.1703101 0.2196484 0.2241056 0.2486220 0.2216250 0.2130730 0.2289989 0.2147935 0.2321432 0.2143126 0.2330363 0.2287310 0.2372406 0.2351134 0.2747511 0.2179330 0.2318617 0.2142571 0.2027478 0.1958600 0.2172225 0.1880757 0.1938590 0.2342050 0.1890680 0.1619094 0.3191506 0.2338772 0.1643763 0.2266621 0.2226525 0.2229319 0.2473245 0.2400896 0.2633177 0.2322241 0.2533501 0.2264107 0.2299612 0.2369265 0.2291435 0.1735028 0.2357883 0.2508036 0.2165164 0.2314437 0.1526857 0.2343880 0.1703101 0.1871838 0.1752401 
Eutetras_palmeri_63                        0.2143000 0.1232482 0.2058366 0.2068956 0.0000000 0.2681796 0.1385533 0.2458065 0.1581883 0.1782487 0.2695843 0.2419198 0.2547697 0.2119768 0.2444654 0.2551884 0.1282044 0.1631381 0.2117839 0.1671179 0.2476766 0.1339038 0.2598244 0.1652102 0.2433814 0.2421475 0.2662092 0.2501344 0.3030442 0.1485489 0.1550181 0.1553791 0.1458891 0.2536469 0.2145258 0.1820549 0.2275318 0.2470728 0.2167381 0.2658947 0.2518837 0.1834737 0.2461558 0.1777005 0.2515214 0.2543275 0.2435087 0.1753336 0.1916982 0.2532424 0.2468695 0.2463454 0.2495577 0.1536430 0.1690230 0.1965535 0.1884743 0.2524361 0.2430203 0.1405677 0.2753342 0.1720883 0.1224027 0.2770910 0.2499963 0.2499955 0.2357003 0.1843524 0.2192364 0.2571344 0.2260330 0.1608256 0.2461333 0.2512720 0.2472198 0.1273937 0.1703055 0.2216465 0.2384340 0.2711166 0.0908841 0.2479830 0.2145258 0.1669052 0.1620205 
Eutrochium_fistulosum_SRR9119106           0.2208718 0.1848137 0.2265874 0.1229940 0.2681796 0.0000000 0.2322787 0.3001880 0.2932136 0.2948656 0.3060354 0.2913427 0.3005610 0.2843446 0.2985745 0.3033578 0.2902250 0.2836475 0.4041269 0.2793546 0.2984780 0.1487751 0.3083044 0.2434438 0.2931339 0.3092540 0.2930367 0.2997926 0.4751578 0.2267350 0.2614173 0.2655469 0.2721374 0.2942872 0.2307372 0.2879080 0.3008365 0.3285080 0.3057282 0.2926217 0.3088101 0.2877457 0.2947957 0.2895510 0.3224801 0.3067658 0.2923216 0.2897627 0.2755913 0.2933139 0.3043290 0.3013337 0.2993346 0.2671978 0.2852614 0.2368203 0.2909588 0.3041106 0.2416103 0.2153794 0.3160282 0.2965073 0.1383487 0.3109255 0.3008014 0.3071917 0.3485170 0.3153390 0.2502042 0.3125059 0.2615687 0.2850832 0.2930543 0.3034101 0.2954315 0.1517726 0.2915618 0.2501203 0.2921275 0.3115073 0.1267894 0.2961519 0.2307372 0.2635132 0.2600808 
Galeana_pratensis_104_mex                  0.2354091 0.2115966 0.1914712 0.1902893 0.1385533 0.2322787 0.0000000 0.2056637 0.1812332 0.2338150 0.2470313 0.1841858 0.2157145 0.2168258 0.2160901 0.2284473 0.1916536 0.2134256 0.0000010 0.2024509 0.1957428 0.1877463 0.2465586 0.2155860 0.1958722 0.2173845 0.2450118 0.2682254 0.4375562 0.2053733 0.1717845 0.2013426 0.1812332 0.2215021 0.2044617 0.1807772 0.2162939 0.2447618 0.2207473 0.2222308 0.2214917 0.1769422 0.1958019 0.1881416 0.2447774 0.2216727 0.1958221 0.2007174 0.2351173 0.2274276 0.2221389 0.2241987 0.2210858 0.1455850 0.2100858 0.2694392 0.2082009 0.1958722 0.1897223 0.2048946 0.2919175 0.1952359 0.1466861 0.2496950 0.2490804 0.2103155 0.1981956 0.1881225 0.2625435 0.2413530 0.2534229 0.1904860 0.1897223 0.2221389 0.2274690 0.1872843 0.1772426 0.2872942 0.2100456 0.2496950 0.1203179 0.2019852 0.2044617 0.2287471 0.2287471 
Helianthus_annuus_SRR9119062               0.2550287 0.1728736 0.2697882 0.2421311 0.2458065 0.3001880 0.2056637 0.0000000 0.2396706 0.2654003 0.2826271 0.2424459 0.2574039 0.2532388 0.2519948 0.2491873 0.2321683 0.2204136 0.3273184 0.2362022 0.2508492 0.1556090 0.2523858 0.1919507 0.2462227 0.2620903 0.2740768 0.2720974 0.4581118 0.1850216 0.2314784 0.2429901 0.2138700 0.2117169 0.1929485 0.2551118 0.2656804 0.2635150 0.2568332 0.2270811 0.2535498 0.2535329 0.2507399 0.2505012 0.2636006 0.2677666 0.2478317 0.2230196 0.2644550 0.2495085 0.2526957 0.2522685 0.2166214 0.1841816 0.2396279 0.2174003 0.2319214 0.2563110 0.1892265 0.1817652 0.2733261 0.2575207 0.1453143 0.2831867 0.2710459 0.2600837 0.2903709 0.2574128 0.2357255 0.2626183 0.2345024 0.2193193 0.2495481 0.2529305 0.2568688 0.1418326 0.2545738 0.2523445 0.2104824 0.2728840 0.1213718 0.2512032 0.1929485 0.2014199 0.1940391 
Lycapsus_tenuifolius_17                    0.2403566 0.0985958 0.1867917 0.2056531 0.1581883 0.2932136 0.1812332 0.2396706 0.0000000 0.1777051 0.2495272 0.2136547 0.2222291 0.1696193 0.2171487 0.2142821 0.1359662 0.1463201 0.1953038 0.1564581 0.2120774 0.1134446 0.2545823 0.1529969 0.2140059 0.2205829 0.2395785 0.2442872 0.2846463 0.1511643 0.1645128 0.1670510 0.0073372 0.2182084 0.2131134 0.1791091 0.1980459 0.2406289 0.1968546 0.2387991 0.2225583 0.1738241 0.2120195 0.1748380 0.2406906 0.2240674 0.2139551 0.1570161 0.1745236 0.2199767 0.2156875 0.2267498 0.2145208 0.1529105 0.1711953 0.1812646 0.1728433 0.2133175 0.2151216 0.1513817 0.2866688 0.1877714 0.0945557 0.2488818 0.2457269 0.2298688 0.2172849 0.1873615 0.2185011 0.2244297 0.2177134 0.1670708 0.2168033 0.2157417 0.2193889 0.0962466 0.1688902 0.2288804 0.2160161 0.2525171 0.0640051 0.2094833 0.2131134 0.1606423 0.1534179 
Pericome_caudata_50_silver                 0.1821336 0.1071477 0.1883700 0.2311951 0.1782487 0.2948656 0.2338150 0.2654003 0.1777051 0.0000000 0.2170746 0.1882391 0.2038189 0.1484088 0.1822281 0.1998330 0.1748716 0.1427792 0.0839567 0.1279797 0.1894719 0.0866764 0.2824147 0.1244233 0.1912154 0.2077618 0.2283018 0.2173217 0.2950772 0.1223746 0.1446738 0.1881492 0.1794781 0.2080715 0.2362575 0.1577650 0.1703919 0.2143598 0.1633148 0.2270140 0.1978771 0.1592179 0.1923727 0.1575782 0.2225478 0.2027332 0.1912293 0.1445017 0.1399937 0.2022712 0.1893400 0.2008071 0.2112763 0.1386489 0.1438954 0.1777494 0.1533351 0.1919874 0.2011820 0.1509039 0.3154370 0.1600580 0.0896193 0.2222399 0.2237969 0.2088562 0.1988893 0.1639412 0.2475363 0.2090956 0.2415203 0.1624663 0.1937017 0.1987227 0.1925880 0.0847821 0.1396912 0.2438426 0.1875484 0.2211577 0.0559308 0.1895859 0.2362575 0.1645575 0.1601880 
Perityle_aglossa_84_dead_horse             0.1686844 0.1392225 0.2395309 0.2290356 0.2695843 0.3060354 0.2470313 0.2826271 0.2495272 0.2170746 0.0000000 0.1198012 0.1313476 0.0918377 0.1380386 0.1271287 0.2210623 0.1662616 0.0323093 0.1164340 0.1172530 0.0447330 0.2577557 0.0766943 0.1185606 0.1389840 0.1992162 0.1214832 0.6332276 0.1229107 0.1837311 0.2260822 0.2462759 0.1350152 0.2294383 0.2182023 0.1174713 0.1917477 0.1187820 0.1539010 0.1297137 0.2140589 0.1211013 0.2198749 0.1986501 0.1299903 0.1249254 0.1424833 0.1297974 0.1304960 0.1246430 0.1313505 0.1499652 0.1722062 0.2100506 0.1572623 0.1518884 0.1229253 0.1335010 0.2229227 0.2783582 0.2129402 0.0388758 0.0179097 0.1256735 0.1351284 0.2163846 0.2448705 0.2316350 0.1476687 0.2241726 0.2387513 0.1248530 0.1288137 0.1241987 0.0269590 0.1564471 0.2187798 0.1375972 0.0107309 0.0536023 0.1210498 0.2294383 0.1399540 0.1348886 
Perityle_ajoensis_204                      0.1751564 0.1089342 0.1980503 0.2325148 0.2419198 0.2913427 0.1841858 0.2424459 0.2136547 0.1882391 0.1198012 0.0000000 0.0386502 0.0433750 0.0492220 0.0319622 0.1888772 0.1407211 0.0224898 0.0950548 0.0083552 0.0467151 0.2667820 0.0711654 0.0062721 0.0501508 0.0947160 0.1399006 0.4699178 0.1034418 0.1556126 0.1906678 0.2071537 0.0306341 0.2062287 0.1805312 0.0333539 0.1085438 0.0536168 0.0553062 0.0319763 0.1752196 0.0083634 0.1792262 0.1188728 0.0376069 0.0115286 0.0990592 0.1321923 0.0332266 0.0352050 0.0364675 0.0455305 0.1595916 0.1774063 0.0816693 0.1275481 0.0094552 0.0049696 0.1864497 0.2612912 0.1899269 0.0409172 0.1264477 0.1443232 0.0512119 0.1975024 0.2030733 0.2335249 0.0456425 0.2257207 0.1931137 0.0094173 0.0147113 0.0243197 0.0152669 0.1399966 0.2253809 0.0465556 0.1244158 0.0559076 0.0083602 0.2062287 0.1157042 0.1100910 
Perityle_ambrosiifolia_67_green            0.1703945 0.1230597 0.2112421 0.2191797 0.2547697 0.3005610 0.2157145 0.2574039 0.2222291 0.2038189 0.1313476 0.0386502 0.0000000 0.0472104 0.0525969 0.0356431 0.2052702 0.1575127 0.0193010 0.0991419 0.0397296 0.0406664 0.2542315 0.0676729 0.0398118 0.0513190 0.1011692 0.1357489 0.4988958 0.0953246 0.1642111 0.2067244 0.2236276 0.0379766 0.2067141 0.1982736 0.0427317 0.1162235 0.0512816 0.0540551 0.0334927 0.1954792 0.0375306 0.1996425 0.1175722 0.0357275 0.0398196 0.1309170 0.1339247 0.0401312 0.0410858 0.0433422 0.0433438 0.1707149 0.1912504 0.0823024 0.1432149 0.0410519 0.0330258 0.1976387 0.2676642 0.2049759 0.0366693 0.1392943 0.1375839 0.0501653 0.2107465 0.2163328 0.2264677 0.0513318 0.2203370 0.1989642 0.0430842 0.0389601 0.0344497 0.0190860 0.1448383 0.2173729 0.0466818 0.1363076 0.0465556 0.0397542 0.2067141 0.1289129 0.1217839 
Perityle_angustifolia_13_Eagle_creek       0.1723432 0.1120748 0.1728262 0.2244025 0.2119768 0.2843446 0.2168258 0.2532388 0.1696193 0.1484088 0.0918377 0.0433750 0.0472104 0.0000000 0.0473738 0.0271823 0.1730750 0.1230430 0.0387423 0.1029151 0.0409507 0.0327042 0.2492373 0.0692889 0.0434156 0.0523832 0.0934181 0.1028789 0.3355802 0.1031049 0.1155604 0.1511898 0.1648791 0.0352818 0.1589106 0.1437016 0.0407244 0.1162607 0.0466966 0.0554885 0.0434992 0.1382046 0.0446034 0.1421171 0.1246782 0.0424470 0.0470430 0.0782250 0.1332843 0.0437087 0.0255075 0.0412851 0.0512743 0.1173146 0.1421409 0.0759120 0.1318204 0.0460314 0.0396465 0.1248408 0.2646998 0.1462988 0.0262996 0.0871153 0.1083838 0.0535589 0.2002449 0.1637295 0.2175981 0.0535214 0.2105847 0.1556703 0.0470197 0.0412530 0.0363228 0.0133003 0.1374962 0.2125429 0.0511507 0.0931742 0.0443236 0.0445845 0.1589106 0.1250839 0.1197945 
Perityle_batopilensis_97                   0.1698390 0.1180271 0.2010550 0.2242054 0.2444654 0.2985745 0.2160901 0.2519948 0.2171487 0.1822281 0.1380386 0.0492220 0.0525969 0.0473738 0.0000000 0.0437332 0.1934233 0.1472144 0.0326836 0.0940980 0.0503231 0.0488302 0.2524037 0.0701097 0.0526856 0.0598407 0.1063720 0.1348422 0.4318196 0.0941422 0.1503599 0.1938162 0.2143968 0.0513293 0.2042819 0.1884772 0.0498343 0.1162787 0.0185034 0.0728578 0.0502905 0.1817570 0.0526284 0.1858088 0.1176662 0.0482311 0.0560681 0.1384114 0.1271106 0.0562044 0.0506828 0.0527958 0.0569688 0.1582285 0.1760487 0.0910105 0.1416591 0.0540034 0.0537034 0.1853084 0.2625177 0.1905201 0.0431591 0.1421945 0.1404938 0.0608944 0.1974104 0.2010800 0.2218327 0.0644165 0.2158721 0.1945473 0.0549143 0.0526848 0.0480022 0.0308925 0.1340710 0.2103158 0.0415300 0.1405467 0.0536669 0.0514905 0.2042819 0.1264543 0.1210920 
Perityle_bisetosa_9                        0.1787210 0.1217650 0.2061175 0.2267902 0.2551884 0.3033578 0.2284473 0.2491873 0.2142821 0.1998330 0.1271287 0.0319622 0.0356431 0.0271823 0.0437332 0.0000000 0.1992976 0.1515595 0.0354622 0.1016606 0.0308654 0.0346702 0.2497892 0.0711285 0.0331002 0.0424375 0.0935903 0.1391807 0.4698374 0.1066506 0.1567644 0.1946886 0.2096083 0.0242614 0.2126765 0.1886155 0.0381462 0.1121017 0.0431903 0.0412652 0.0323544 0.1845681 0.0330654 0.1886020 0.1196127 0.0334672 0.0341846 0.1334751 0.1351400 0.0325580 0.0159273 0.0281497 0.0455949 0.1691330 0.1817505 0.0773458 0.1381768 0.0332005 0.0291138 0.1878998 0.2681835 0.1922638 0.0325341 0.1226500 0.1435031 0.0413073 0.2059331 0.2137628 0.2265474 0.0336765 0.2158325 0.2045215 0.0363403 0.0292196 0.0227208 0.0190910 0.1419023 0.2105365 0.0477766 0.1320450 0.0511696 0.0330528 0.2126765 0.1342071 0.1272670 
Perityle_californica_76_positas            0.2274140 0.1089878 0.1725636 0.2183653 0.1282044 0.2902250 0.1916536 0.2321683 0.1359662 0.1748716 0.2210623 0.1888772 0.2052702 0.1730750 0.1934233 0.1992976 0.0000000 0.1541372 0.2155018 0.1532763 0.1857576 0.1181692 0.2453302 0.1611250 0.1857279 0.1983095 0.2229064 0.2168870 0.3058775 0.1481297 0.1403358 0.1178776 0.1347865 0.1962645 0.1776600 0.1590243 0.2006295 0.2172800 0.1953449 0.2212478 0.1990790 0.1530763 0.1860549 0.1573942 0.2147254 0.2009412 0.1861969 0.1635781 0.1717157 0.2015922 0.1994509 0.2065826 0.1975752 0.1418414 0.1549546 0.1867557 0.1834733 0.1931792 0.1909890 0.1305094 0.2553266 0.1644318 0.1132755 0.2217316 0.2228396 0.2013114 0.2308743 0.1697608 0.2053942 0.1995844 0.2057398 0.1554646 0.1887077 0.1945524 0.1908494 0.1117333 0.1569997 0.2004711 0.1933767 0.2236600 0.0859169 0.1889568 0.1776600 0.1475765 0.1400599 
Perityle_canescens_77                      0.1612812 0.0905889 0.1348636 0.1957220 0.1631381 0.2836475 0.2134256 0.2204136 0.1463201 0.1427792 0.1662616 0.1407211 0.1575127 0.1230430 0.1472144 0.1515595 0.1541372 0.0000000 0.1155682 0.0913520 0.1392050 0.0803816 0.2721641 0.1099361 0.1408669 0.1564326 0.1640935 0.1604343 0.2373742 0.0894113 0.0954526 0.1401676 0.1522709 0.1485938 0.1509307 0.1030801 0.1575242 0.1595274 0.1457963 0.1558670 0.1558225 0.0960912 0.1406646 0.0913739 0.1614970 0.1560578 0.1407490 0.0966241 0.1190408 0.1483149 0.1557650 0.1493774 0.1523990 0.0820089 0.0948925 0.1424523 0.1308416 0.1415676 0.1407013 0.0595709 0.2726759 0.0847909 0.0738965 0.1742613 0.1621123 0.1560892 0.1863097 0.1308527 0.2280319 0.1618530 0.2333173 0.1138808 0.1436896 0.1446948 0.1427427 0.0677503 0.1223653 0.2323547 0.1416803 0.1702558 0.0290018 0.1393836 0.1509307 0.1028797 0.0988701 
Perityle_castillonii_96                    0.1689684 0.0785431 0.1945688 0.3699885 0.2117839 0.4041269 0.0000010 0.3273184 0.1953038 0.0839567 0.0323093 0.0224898 0.0193010 0.0387423 0.0326836 0.0354622 0.2155018 0.1155682 0.0000000 0.0562113 0.0256926 0.0204910 0.3767527 0.0235700 0.0225257 0.0539803 0.1482070 0.0942801 0.2216998 0.1088038 0.0938308 0.1749410 0.2019272 0.0437998 0.0953141 0.1203064 0.0353479 0.1206120 0.0359751 0.0943965 0.0322623 0.1203431 0.0289699 0.1148041 0.1349592 0.0390433 0.0357127 0.0309647 0.1160900 0.0324680 0.0454387 0.0289441 0.0537530 0.0840169 0.1264918 0.1294770 0.0403991 0.0257563 0.0211706 0.1006569 0.5081418 0.1395605 0.0478403 0.0422879 0.1025515 0.0504693 0.1562414 0.1287559 0.4304688 0.0456197 0.2645764 0.1402169 0.0225257 0.0256926 0.0256052 0.0168706 0.1284126 0.2990644 0.0324186 0.0324912 0.0856305 0.0224556 0.0953141 0.1195160 0.0969523 
Perityle_cernua_84                         0.1843174 0.1104617 0.1635329 0.2318320 0.1671179 0.2793546 0.2024509 0.2362022 0.1564581 0.1279797 0.1164340 0.0950548 0.0991419 0.1029151 0.0940980 0.1016606 0.1532763 0.0913520 0.0562113 0.0000000 0.0949838 0.0951071 0.2493707 0.0929942 0.0951510 0.1125553 0.1406923 0.1256886 0.0560804 0.0115666 0.0894142 0.1498875 0.1563517 0.1141650 0.0394337 0.1021411 0.1056276 0.1244629 0.0981051 0.1381909 0.1028473 0.1034061 0.0964712 0.1097965 0.1284866 0.1074246 0.0965972 0.0888269 0.1280157 0.1034057 0.1051899 0.1017674 0.1176419 0.0721087 0.1099060 0.1435952 0.1311851 0.0941527 0.1078657 0.0923004 0.2669739 0.1141121 0.1007813 0.1169113 0.1304489 0.1139314 0.1640449 0.1162388 0.2113029 0.1083550 0.2127981 0.0489677 0.0964807 0.0991546 0.1012893 0.0911183 0.1166486 0.2120986 0.1011587 0.1186660 0.0580745 0.0937646 0.0394337 0.1143624 0.1125022 
Perityle_cfvillosa_25_tin                  0.1808483 0.1147661 0.1993781 0.2343648 0.2476766 0.2984780 0.1957428 0.2508492 0.2120774 0.1894719 0.1172530 0.0083552 0.0397296 0.0409507 0.0503231 0.0308654 0.1857576 0.1392050 0.0256926 0.0949838 0.0000000 0.0427142 0.2664833 0.0745966 0.0083664 0.0490089 0.0971808 0.1397656 0.4712734 0.1050415 0.1566389 0.1902919 0.2071223 0.0294675 0.2063271 0.1791029 0.0322078 0.1108865 0.0524181 0.0540935 0.0308803 0.1738024 0.0083579 0.1777906 0.1200553 0.0364948 0.0115210 0.0963354 0.1356034 0.0321218 0.0340689 0.0375455 0.0467054 0.1563883 0.1746319 0.0833997 0.1243196 0.0094489 0.0062141 0.1865301 0.2723112 0.1884498 0.0367278 0.1238669 0.1441828 0.0500694 0.2004142 0.2013622 0.2397179 0.0467338 0.2281888 0.1915662 0.0115151 0.0147015 0.0253808 0.0133490 0.1427668 0.2253399 0.0500322 0.1217845 0.0558819 0.0083548 0.2063271 0.1174080 0.1118343 
Perityle_cinerea_113_Powell1310            0.1224605 0.0937275 0.0753054 0.1635629 0.1339038 0.1487751 0.1877463 0.1556090 0.1134446 0.0866764 0.0447330 0.0467151 0.0406664 0.0327042 0.0488302 0.0346702 0.1181692 0.0803816 0.0204910 0.0951071 0.0427142 0.0000000 0.1895501 0.0651947 0.0467501 0.0487058 0.0884632 0.0692747 0.3351204 0.0951071 0.0900800 0.1228827 0.1156051 0.0445735 0.0893190 0.0927188 0.0466990 0.0881781 0.0467662 0.0326820 0.0446529 0.0925405 0.0467433 0.0915747 0.0837223 0.0405967 0.0467433 0.0417776 0.1185865 0.0406493 0.0411531 0.0427532 0.0486926 0.0567816 0.0901317 0.0955676 0.0557744 0.0511854 0.0467429 0.0829661 0.2578826 0.0912857 0.0348096 0.0447146 0.0650221 0.0426216 0.1083185 0.1132166 0.2179361 0.0326829 0.1895501 0.0868539 0.0447158 0.0447524 0.0405385 0.0355889 0.1023201 0.1772657 0.0386192 0.0466880 0.0500943 0.0487825 0.0893190 0.0880493 0.0819142 
Perityle_coahuilensis_24                   0.1678822 0.2074617 0.2200878 0.2690216 0.2598244 0.3083044 0.2465586 0.2523858 0.2545823 0.2824147 0.2577557 0.2667820 0.2542315 0.2492373 0.2524037 0.2497892 0.2453302 0.2721641 0.3767527 0.2493707 0.2664833 0.1895501 0.0000000 0.1807914 0.2688728 0.2712961 0.2375256 0.2700347 0.2793967 0.2307639 0.2336185 0.2612079 0.2382988 0.2537042 0.1915835 0.2466374 0.2612633 0.2655415 0.2543929 0.2572694 0.2536003 0.2467858 0.2689490 0.2343352 0.2504330 0.2585436 0.2692429 0.2785502 0.1834118 0.2566697 0.2676564 0.2572210 0.2712958 0.2536273 0.2547574 0.2106309 0.2598343 0.2735626 0.2295124 0.2033542 0.1690408 0.2827976 0.2090676 0.2571450 0.2695124 0.2635769 0.2595661 0.2589444 0.0402380 0.2756566 0.0018350 0.2496010 0.2662504 0.2666601 0.2583628 0.2163014 0.2564631 0.0850083 0.2492121 0.2606832 0.1613426 0.2661912 0.1915835 0.2318361 0.2247379 
Perityle_cochisensis_44_cave_creek         0.1149306 0.1118987 0.1037394 0.2267178 0.1652102 0.2434438 0.2155860 0.1919507 0.1529969 0.1244233 0.0766943 0.0711654 0.0676729 0.0692889 0.0701097 0.0711285 0.1611250 0.1099361 0.0235700 0.0929942 0.0745966 0.0651947 0.1807914 0.0000000 0.0764889 0.0869500 0.1349029 0.1068336 0.2275309 0.1077687 0.1018719 0.1563941 0.1570285 0.0744883 0.1103389 0.1057130 0.0763260 0.1307865 0.0717660 0.0729831 0.0762275 0.1020788 0.0763540 0.0991740 0.1267117 0.0727573 0.0783100 0.0798533 0.1006335 0.0782429 0.0789577 0.0730210 0.0851913 0.0935579 0.1158190 0.1320671 0.0917234 0.0769209 0.0741027 0.1148332 0.2108918 0.1289890 0.0858146 0.0822837 0.1012798 0.0850245 0.1378312 0.1272507 0.1266807 0.0904406 0.1406725 0.1188890 0.0746927 0.0746327 0.0726626 0.0845065 0.1196606 0.1586945 0.0658634 0.0804335 0.0774287 0.0711000 0.1103389 0.1215254 0.1124803 
Perityle_congesta_202                      0.1774862 0.1088482 0.2013418 0.2324551 0.2433814 0.2931339 0.1958722 0.2462227 0.2140059 0.1912154 0.1185606 0.0062721 0.0398118 0.0434156 0.0526856 0.0331002 0.1857279 0.1408669 0.0225257 0.0951510 0.0083664 0.0467501 0.2688728 0.0764889 0.0000000 0.0513564 0.0948595 0.1386048 0.4712424 0.1052645 0.1585352 0.1906653 0.2092780 0.0318430 0.2061410 0.1821225 0.0345448 0.1098265 0.0536655 0.0553879 0.0331148 0.1767952 0.0083746 0.1808247 0.1176300 0.0387671 0.0115441 0.0978650 0.1378394 0.0343742 0.0363876 0.0376231 0.0468106 0.1598746 0.1776836 0.0817193 0.1293823 0.0094680 0.0062289 0.1866883 0.2689098 0.1902261 0.0409496 0.1251929 0.1430146 0.0524192 0.2008021 0.2061945 0.2397946 0.0468342 0.2281500 0.1934303 0.0073176 0.0147311 0.0254324 0.0152784 0.1430306 0.2278074 0.0501419 0.1231358 0.0559554 0.0083715 0.2061410 0.1176756 0.1120952 
Perityle_cordifolia_27                     0.1832592 0.1259683 0.2036585 0.2231830 0.2421475 0.3092540 0.2173845 0.2620903 0.2205829 0.2077618 0.1389840 0.0501508 0.0513190 0.0523832 0.0598407 0.0424375 0.1983095 0.1564326 0.0539803 0.1125553 0.0490089 0.0487058 0.2712961 0.0869500 0.0513564 0.0000000 0.0996630 0.1482040 0.4801368 0.1148910 0.1585718 0.1992989 0.2138831 0.0475479 0.2304496 0.1958303 0.0545581 0.1244710 0.0611419 0.0628575 0.0456770 0.1890708 0.0513009 0.1917649 0.1260535 0.0480613 0.0535907 0.1363250 0.1390664 0.0493319 0.0471390 0.0492515 0.0384331 0.1711026 0.1930820 0.0925543 0.1319273 0.0526628 0.0461140 0.1966820 0.2687826 0.1999876 0.0099911 0.1444243 0.1500665 0.0155914 0.2129334 0.2127850 0.2459417 0.0562059 0.2354898 0.2109683 0.0546920 0.0491535 0.0445276 0.0328122 0.1448772 0.2273397 0.0617138 0.1443627 0.0558340 0.0512807 0.2304496 0.1303658 0.1215836 
Perityle_cordifolia_68_tecolote            0.1985938 0.1306316 0.2295893 0.2270111 0.2662092 0.2930367 0.2450118 0.2740768 0.2395785 0.2283018 0.1992162 0.0947160 0.1011692 0.0934181 0.1063720 0.0935903 0.2229064 0.1640935 0.1482070 0.1406923 0.0971808 0.0884632 0.2375256 0.1349029 0.0948595 0.0996630 0.0000000 0.1682798 0.4482471 0.1143390 0.1821604 0.2294109 0.2245377 0.0883097 0.2236342 0.2087282 0.1041888 0.1094032 0.1057615 0.1053718 0.0910697 0.2014046 0.0972887 0.2073867 0.1082209 0.0900669 0.0960242 0.1941470 0.1558069 0.0980083 0.0978849 0.0976621 0.0911494 0.1894814 0.1994856 0.0166827 0.1945782 0.0977931 0.0859539 0.1892300 0.2842758 0.2197409 0.0848206 0.2012268 0.1689293 0.0995338 0.1979813 0.2158285 0.2146293 0.0994518 0.2231257 0.2291994 0.0998131 0.0939480 0.0909636 0.0737924 0.1474647 0.2240215 0.1069052 0.2023577 0.0518030 0.0960183 0.2236342 0.1397003 0.1365968 
Perityle_coronopifolia_28_patagonia        0.1868972 0.1282542 0.2268779 0.2215051 0.2501344 0.2997926 0.2682254 0.2720974 0.2442872 0.2173217 0.1214832 0.1399006 0.1357489 0.1028789 0.1348422 0.1391807 0.2168870 0.1604343 0.0942801 0.1256886 0.1397656 0.0692747 0.2700347 0.1068336 0.1386048 0.1482040 0.1682798 0.0000000 0.6127390 0.1087625 0.1716797 0.2189827 0.2337502 0.1372944 0.2255405 0.2076297 0.1333764 0.1575351 0.1141787 0.1548592 0.1353196 0.1979398 0.1412155 0.2022054 0.1609606 0.1421925 0.1413765 0.1806131 0.1337378 0.1396930 0.1368865 0.1388267 0.1369064 0.1678449 0.2035597 0.1281759 0.1710254 0.1406000 0.1418883 0.2056925 0.2878975 0.2038557 0.0757105 0.1266760 0.0157405 0.1429361 0.2177329 0.2425713 0.2379767 0.1536431 0.2318048 0.2246803 0.1450607 0.1358307 0.1362572 0.0653777 0.1566479 0.2246983 0.1293976 0.1196886 0.0556544 0.1387021 0.2255405 0.1254749 0.1166119 
Perityle_crassifolia_70_ventanas           0.2204554 0.2307451 0.2632445 0.3989812 0.3030442 0.4751578 0.4375562 0.4581118 0.2846463 0.2950772 0.6332276 0.4699178 0.4988958 0.3355802 0.4318196 0.4698374 0.3058775 0.2373742 0.2216998 0.0560804 0.4712734 0.3351204 0.2793967 0.2275309 0.4712424 0.4801368 0.4482471 0.6127390 0.0000000 0.0401684 0.1672127 0.2760607 0.2950045 0.4735963 0.3035681 0.1789592 0.3840696 0.4747011 0.3793850 0.4635562 0.4657020 0.1673008 0.4700462 0.1702459 0.4341492 0.4942054 0.4584825 0.2870104 0.1314645 0.4922860 0.4489067 0.4730152 0.4826393 0.2363264 0.2175377 0.2924841 0.3741683 0.4721990 0.4768607 0.1840590 0.3501619 0.1990749 0.2998067 0.6161221 0.6241719 0.4813755 0.3231211 0.2455866 0.2847722 0.4533741 0.2793967 0.0821751 0.4706266 0.4800984 0.4619346 0.2822729 0.2983914 0.2664166 0.4582609 0.6275838 0.1472509 0.4647336 0.3035681 0.2487899 0.2725708 
Perityle_crassifolia_74_playa_balandra     0.1319679 0.1084136 0.0911590 0.1892867 0.1485489 0.2267350 0.2053733 0.1850216 0.1511643 0.1223746 0.1229107 0.1034418 0.0953246 0.1031049 0.0941422 0.1066506 0.1481297 0.0894113 0.1088038 0.0115666 0.1050415 0.0951071 0.2307639 0.1077687 0.1052645 0.1148910 0.1143390 0.1087625 0.0401684 0.0000000 0.0787803 0.1444935 0.1528947 0.1033641 0.0191421 0.0804735 0.1117623 0.1033147 0.0957661 0.0999606 0.1066951 0.0837270 0.1018317 0.0877373 0.1011644 0.1067427 0.1054083 0.1003494 0.1119614 0.1051378 0.1075823 0.0989470 0.1083668 0.0775225 0.0951911 0.1178154 0.1449464 0.1042008 0.0989716 0.0859754 0.2599656 0.1064055 0.1007813 0.1283458 0.1070622 0.1148282 0.1459335 0.1169497 0.2113029 0.1117151 0.2127666 0.0219686 0.1035444 0.1002127 0.1016303 0.0911183 0.1153831 0.2122447 0.0901806 0.1234291 0.0580745 0.1019237 0.0191421 0.1061815 0.1039917 
Perityle_cuneata_34_cuneata_San_antonio    0.1558813 0.0948288 0.1698298 0.2070417 0.1550181 0.2614173 0.1717845 0.2314784 0.1645128 0.1446738 0.1837311 0.1556126 0.1642111 0.1155604 0.1503599 0.1567644 0.1403358 0.0954526 0.0938308 0.0894142 0.1566389 0.0900800 0.2336185 0.1018719 0.1585352 0.1585718 0.1821604 0.1716797 0.1672127 0.0787803 0.0000000 0.0981690 0.1648292 0.1514446 0.1639447 0.0935272 0.1372716 0.1590268 0.1346150 0.1752288 0.1525442 0.0885722 0.1597207 0.0891679 0.1606917 0.1599457 0.1611392 0.1128774 0.0923636 0.1575241 0.1508450 0.1600288 0.1643199 0.0981196 0.1111305 0.1283688 0.1365596 0.1592090 0.1585529 0.0971531 0.2311707 0.1240441 0.0889510 0.1869869 0.1766700 0.1626617 0.1668179 0.1407186 0.1970494 0.1668884 0.2008395 0.1094404 0.1570506 0.1555065 0.1535757 0.0840785 0.1275480 0.1955835 0.1501926 0.1817169 0.0606963 0.1556865 0.1639447 0.1147616 0.1128495 
Perityle_cuneata_4                         0.1993494 0.1371775 0.2155763 0.2140569 0.1553791 0.2655469 0.2013426 0.2429901 0.1670510 0.1881492 0.2260822 0.1906678 0.2067244 0.1511898 0.1938162 0.1946886 0.1178776 0.1401676 0.1749410 0.1498875 0.1902919 0.1228827 0.2612079 0.1563941 0.1906653 0.1992989 0.2294109 0.2189827 0.2760607 0.1444935 0.0981690 0.0000000 0.1643330 0.1921293 0.2267013 0.1571478 0.1677504 0.2007339 0.1752538 0.2218455 0.1941364 0.1530240 0.1935251 0.1475863 0.2075266 0.1979674 0.1964747 0.1537796 0.1608549 0.1915291 0.1833033 0.1924328 0.2040835 0.1329175 0.1398082 0.1659911 0.1868108 0.1932466 0.1987873 0.1350811 0.2619957 0.1674972 0.1136344 0.2296962 0.2213453 0.2098048 0.2086264 0.1747610 0.2187459 0.2059734 0.2254825 0.1547709 0.1904678 0.1906811 0.1897964 0.1143649 0.1627371 0.2270534 0.1977022 0.2270072 0.0913404 0.1876536 0.2267013 0.1578729 0.1503976 
Perityle_discoidea_81                      0.1992081 0.1004632 0.1474114 0.1772476 0.1458891 0.2721374 0.1812332 0.2138700 0.0073372 0.1794781 0.2462759 0.2071537 0.2236276 0.1648791 0.2143968 0.2096083 0.1347865 0.1522709 0.2019272 0.1563517 0.2071223 0.1156051 0.2382988 0.1570285 0.2092780 0.2138831 0.2245377 0.2337502 0.2950045 0.1528947 0.1648292 0.1643330 0.0000000 0.2128367 0.2026656 0.1708639 0.2029589 0.2296208 0.1942810 0.2142000 0.2173373 0.1709478 0.2055674 0.1673600 0.2253823 0.2193408 0.2076402 0.1490584 0.1678859 0.2212436 0.2163749 0.2204398 0.2083928 0.1544070 0.1675932 0.1792920 0.1745014 0.2067466 0.2053959 0.1522592 0.2903416 0.1795078 0.0967903 0.2469711 0.2304575 0.2224213 0.2119430 0.1852183 0.2213827 0.2224711 0.2200470 0.1653900 0.2090650 0.2128900 0.2141040 0.0983771 0.1627255 0.2312307 0.2104145 0.2509732 0.0663524 0.2041999 0.2026656 0.1624699 0.1552767 
Perityle_dissecta_201                      0.1596525 0.1198005 0.1682233 0.2170062 0.2536469 0.2942872 0.2215021 0.2117169 0.2182084 0.2080715 0.1350152 0.0306341 0.0379766 0.0352818 0.0513293 0.0242614 0.1962645 0.1485938 0.0437998 0.1141650 0.0294675 0.0445735 0.2537042 0.0744883 0.0318430 0.0475479 0.0883097 0.1372944 0.4735963 0.1033641 0.1514446 0.1921293 0.2128367 0.0000000 0.2147097 0.1822846 0.0312624 0.1109857 0.0473857 0.0391077 0.0367150 0.1794950 0.0318074 0.1837280 0.1151681 0.0242662 0.0318479 0.1342978 0.1254583 0.0357790 0.0296768 0.0311626 0.0443727 0.1675444 0.1877590 0.0789557 0.1444730 0.0331202 0.0239661 0.1912106 0.2720237 0.2014130 0.0345418 0.1408155 0.1392582 0.0451575 0.2088204 0.2224426 0.2263572 0.0425001 0.2201464 0.2064908 0.0341276 0.0277116 0.0208804 0.0152385 0.1445546 0.2196304 0.0439278 0.1369834 0.0534425 0.0317944 0.2147097 0.1165429 0.1110684 
Perityle_emoryi_47_punta_san_jose          0.1487993 0.1341968 0.1677102 0.1703101 0.2145258 0.2307372 0.2044617 0.1929485 0.2131134 0.2362575 0.2294383 0.2062287 0.2067141 0.1589106 0.2042819 0.2126765 0.1776600 0.1509307 0.0953141 0.0394337 0.2063271 0.0893190 0.1915835 0.1103389 0.2061410 0.2304496 0.2236342 0.2255405 0.3035681 0.0191421 0.1639447 0.2267013 0.2026656 0.2147097 0.0000000 0.1919675 0.1897499 0.1902377 0.1766354 0.2143656 0.2163944 0.1913851 0.2063229 0.2010462 0.1833945 0.2170333 0.2063510 0.1949365 0.1259534 0.2151571 0.2061295 0.2112053 0.2181933 0.1721338 0.2067179 0.1721275 0.1735834 0.2117802 0.2063271 0.1909736 0.2618409 0.1944048 0.1008559 0.2287012 0.2259226 0.2285550 0.1790600 0.2132308 0.2143504 0.2133435 0.1939875 0.1305573 0.2061851 0.2131241 0.2125317 0.0911816 0.1295253 0.1820929 0.2088392 0.2308864 0.0606408 0.2084731 0.0000010 0.1284902 0.1290004 
Perityle_feddemae_99                       0.1886351 0.0972286 0.1922913 0.2196484 0.1820549 0.2879080 0.1807772 0.2551118 0.1791091 0.1577650 0.2182023 0.1805312 0.1982736 0.1437016 0.1884772 0.1886155 0.1590243 0.1030801 0.1203064 0.1021411 0.1791029 0.0927188 0.2466374 0.1057130 0.1821225 0.1958303 0.2087282 0.2076297 0.1789592 0.0804735 0.0935272 0.1571478 0.1708639 0.1822846 0.1919675 0.0000000 0.1674969 0.1922802 0.1643615 0.2056441 0.1867941 0.0274747 0.1832784 0.0341780 0.1921280 0.1983762 0.1833296 0.1198156 0.0801025 0.1884461 0.1790482 0.1921907 0.1990312 0.1034573 0.0964403 0.1473534 0.1232061 0.1840509 0.1786968 0.1091521 0.2731678 0.1353272 0.0845188 0.2229204 0.2086820 0.1942774 0.1922561 0.1433181 0.2065125 0.1989073 0.2115923 0.1125817 0.1859619 0.1832853 0.1827704 0.0842839 0.1358140 0.2238029 0.1867041 0.2156654 0.0633014 0.1806256 0.1919675 0.1034270 0.1012884 
Perityle_fosteri_93                        0.1846279 0.1219452 0.2147333 0.2241056 0.2275318 0.3008365 0.2162939 0.2656804 0.1980459 0.1703919 0.1174713 0.0333539 0.0427317 0.0407244 0.0498343 0.0381462 0.2006295 0.1575242 0.0353479 0.1056276 0.0322078 0.0466990 0.2612633 0.0763260 0.0345448 0.0545581 0.1041888 0.1333764 0.3840696 0.1117623 0.1372716 0.1677504 0.2029589 0.0312624 0.1897499 0.1674969 0.0000000 0.1231546 0.0556872 0.0650951 0.0380972 0.1658645 0.0345069 0.1699426 0.1216811 0.0282267 0.0368050 0.1044319 0.1383711 0.0440892 0.0417638 0.0462112 0.0538103 0.1504604 0.1653167 0.0925645 0.1450364 0.0358075 0.0293108 0.1653651 0.2761167 0.1762269 0.0388217 0.1203459 0.1376736 0.0533509 0.2116505 0.1948261 0.2360941 0.0533616 0.2279538 0.1761247 0.0367838 0.0382765 0.0325345 0.0210644 0.1502206 0.2251085 0.0546820 0.1208302 0.0534599 0.0344931 0.1897499 0.1326086 0.1274581 
Perityle_gamon_221                         0.2093112 0.1339874 0.2340171 0.2486220 0.2470728 0.3285080 0.2447618 0.2635150 0.2406289 0.2143598 0.1917477 0.1085438 0.1162235 0.1162607 0.1162787 0.1121017 0.2172800 0.1595274 0.1206120 0.1244629 0.1108865 0.0881781 0.2655415 0.1307865 0.1098265 0.1244710 0.1094032 0.1575351 0.4747011 0.1033147 0.1590268 0.2007339 0.2296208 0.1109857 0.1902377 0.1922802 0.1231546 0.0000000 0.1044910 0.1318491 0.1097571 0.1839059 0.1110051 0.1868396 0.0310046 0.1150706 0.1123355 0.1869776 0.1356217 0.1165251 0.1145731 0.1113007 0.1140377 0.1702668 0.1936970 0.0986052 0.1924569 0.1102133 0.0985167 0.1910074 0.2897191 0.2014848 0.0911702 0.1950624 0.1606889 0.1218908 0.1938864 0.2069495 0.2269907 0.1194200 0.2349591 0.2121471 0.1147005 0.1075453 0.1083567 0.0757922 0.1389626 0.2321212 0.1022987 0.1930768 0.0537942 0.1085794 0.1902377 0.1343733 0.1330628 
Perityle_gentryi_8_san_francisco           0.1716407 0.1236191 0.2014865 0.2216250 0.2167381 0.3057282 0.2207473 0.2568332 0.1968546 0.1633148 0.1187820 0.0536168 0.0512816 0.0466966 0.0185034 0.0431903 0.1953449 0.1457963 0.0359751 0.0981051 0.0524181 0.0467662 0.2543929 0.0717660 0.0536655 0.0611419 0.1057615 0.1141787 0.3793850 0.0957661 0.1346150 0.1752538 0.1942810 0.0473857 0.1766354 0.1643615 0.0556872 0.1044910 0.0000000 0.0659497 0.0488815 0.1627121 0.0548245 0.1668011 0.1079052 0.0467041 0.0584146 0.1073398 0.1304973 0.0549917 0.0497728 0.0502865 0.0556400 0.1250000 0.1541061 0.0874881 0.1446925 0.0562691 0.0535315 0.1551732 0.2616507 0.1658607 0.0410015 0.1229423 0.1197905 0.0587256 0.2015813 0.1816950 0.2212319 0.0635092 0.2179861 0.1728851 0.0560205 0.0490016 0.0464959 0.0288942 0.1381514 0.2124189 0.0385373 0.1194661 0.0512916 0.0536374 0.1766354 0.1280733 0.1227509 
Perityle_gilensis_22_Superstition          0.1588685 0.1177283 0.1658881 0.2130730 0.2658947 0.2926217 0.2222308 0.2270811 0.2387991 0.2270140 0.1539010 0.0553062 0.0540551 0.0554885 0.0728578 0.0412652 0.2212478 0.1558670 0.0943965 0.1381909 0.0540935 0.0326820 0.2572694 0.0729831 0.0553879 0.0628575 0.1053718 0.1548592 0.4635562 0.0999606 0.1752288 0.2218455 0.2142000 0.0391077 0.2143656 0.2056441 0.0650951 0.1318491 0.0659497 0.0000000 0.0575847 0.2041766 0.0540821 0.2056251 0.1323374 0.0563050 0.0566020 0.1542561 0.1563950 0.0507741 0.0497190 0.0518655 0.0611865 0.1694686 0.2077438 0.0772577 0.1349243 0.0556086 0.0291023 0.1811937 0.2681835 0.2149524 0.0242593 0.1611717 0.1541182 0.0568692 0.2257514 0.2357161 0.2234738 0.0599477 0.2156455 0.2256478 0.0565414 0.0494970 0.0434653 0.0152206 0.1600912 0.2151388 0.0570519 0.1589106 0.0465756 0.0541323 0.2143656 0.1217489 0.1163834 
Perityle_gilensis_salensis_225             0.1765225 0.1235959 0.2116365 0.2289989 0.2518837 0.3088101 0.2214917 0.2535498 0.2225583 0.1978771 0.1297137 0.0319763 0.0334927 0.0434992 0.0502905 0.0323544 0.1990790 0.1558225 0.0322623 0.1028473 0.0308803 0.0446529 0.2536003 0.0762275 0.0331148 0.0456770 0.0910697 0.1353196 0.4657020 0.1066951 0.1525442 0.1941364 0.2173373 0.0367150 0.2163944 0.1867941 0.0380972 0.1097571 0.0488815 0.0575847 0.0000000 0.1827659 0.0330800 0.1867692 0.1160819 0.0334921 0.0363757 0.1302839 0.1259722 0.0347023 0.0388225 0.0389139 0.0397038 0.1720431 0.1853810 0.0773437 0.1478993 0.0343193 0.0291335 0.1907537 0.2527812 0.1973095 0.0407699 0.1351455 0.1396031 0.0445400 0.2100403 0.2174085 0.2234053 0.0490092 0.2175756 0.2074317 0.0363565 0.0324115 0.0322626 0.0268336 0.1445679 0.2147807 0.0443128 0.1334012 0.0556872 0.0330674 0.2163944 0.1252521 0.1200864 
Perityle_glaucescens_94                    0.1863189 0.0933175 0.1863466 0.2147935 0.1834737 0.2877457 0.1769422 0.2535329 0.1738241 0.1592179 0.2140589 0.1752196 0.1954792 0.1382046 0.1817570 0.1845681 0.1530763 0.0960912 0.1203431 0.1034061 0.1738024 0.0925405 0.2467858 0.1020788 0.1767952 0.1890708 0.2014046 0.1979398 0.1673008 0.0837270 0.0885722 0.1530240 0.1709478 0.1794950 0.1913851 0.0274747 0.1658645 0.1839059 0.1627121 0.2041766 0.1827659 0.0000000 0.1779496 0.0233416 0.1864973 0.1942732 0.1779989 0.1130905 0.0765062 0.1843772 0.1778830 0.1881082 0.1947418 0.0936717 0.0891155 0.1450711 0.1297299 0.1786969 0.1756110 0.0985118 0.2693795 0.1275155 0.0867124 0.2187483 0.1989363 0.1901700 0.1891872 0.1370325 0.2007450 0.1934464 0.2091564 0.1099303 0.1806172 0.1820808 0.1787637 0.0841118 0.1344467 0.2213798 0.1824351 0.2129636 0.0561091 0.1753110 0.1913851 0.1014866 0.0993021 
Perityle_gracilis_11                       0.1809532 0.1128580 0.2022757 0.2321432 0.2461558 0.2947957 0.1958019 0.2507399 0.2120195 0.1923727 0.1211013 0.0083634 0.0375306 0.0446034 0.0526284 0.0330654 0.1860549 0.1406646 0.0289699 0.0964712 0.0083579 0.0467433 0.2689490 0.0763540 0.0083746 0.0513009 0.0972887 0.1412155 0.4700462 0.1018317 0.1597207 0.1935251 0.2055674 0.0318074 0.2063229 0.1832784 0.0345069 0.1110051 0.0548245 0.0540821 0.0330800 0.1779496 0.0000000 0.1819884 0.1201863 0.0387260 0.0115323 0.0990930 0.1396067 0.0321156 0.0363481 0.0375833 0.0467565 0.1579764 0.1761772 0.0817095 0.1259656 0.0094582 0.0024813 0.1865273 0.2723524 0.1914075 0.0409432 0.1277649 0.1456513 0.0523625 0.1975775 0.2031430 0.2397511 0.0490162 0.2307325 0.1900559 0.0115264 0.0147160 0.0254059 0.0152761 0.1400479 0.2278723 0.0500854 0.1257588 0.0559460 0.0083629 0.2063229 0.1139558 0.1083049 
Perityle_harkerae_31                       0.1888532 0.0925112 0.1880838 0.2143126 0.1777005 0.2895510 0.1881416 0.2505012 0.1748380 0.1575782 0.2198749 0.1792262 0.1996425 0.1421171 0.1858088 0.1886020 0.1573942 0.0913739 0.1148041 0.1097965 0.1777906 0.0915747 0.2343352 0.0991740 0.1808247 0.1917649 0.2073867 0.2022054 0.1702459 0.0877373 0.0891679 0.1475863 0.1673600 0.1837280 0.2010462 0.0341780 0.1699426 0.1868396 0.1668011 0.2056251 0.1867692 0.0233416 0.1819884 0.0000000 0.1894983 0.1984249 0.1820394 0.1140024 0.0738830 0.1884315 0.1792518 0.1909181 0.1976955 0.0899976 0.0896459 0.1503605 0.1226036 0.1827601 0.1754797 0.0964224 0.2601916 0.1284755 0.0902686 0.2246370 0.2032331 0.1928717 0.1847809 0.1353569 0.1977719 0.1989599 0.1989854 0.1132095 0.1846868 0.1860891 0.1827203 0.0853382 0.1341392 0.2106594 0.1851942 0.2189100 0.0522165 0.1793205 0.2010462 0.1020695 0.0994471 
