85
Amauria_brandeegeana_62                    0.0000000 0.0780248 0.0547868 0.2481108 0.0892303 0.0870137 0.1860811 0.2018638 0.2222843 0.1148392 0.0875084 0.0746567 0.0572193 0.3820378 0.0619458 0.0758939 0.0788868 0.0806979 0.0835545 0.0673596 0.0592563 0.0658845 0.2897202 0.0641827 0.0602476 0.0127376 0.0869282 0.0701664 0.0793328 0.0719488 0.0939473 0.0897490 0.1132665 0.0667570 0.0766946 0.0873961 0.0771292 0.3389474 0.0787137 0.0718002 0.0725763 0.0938466 0.0733021 0.0896193 0.0971332 0.0715528 0.0603411 0.0613206 0.0927281 0.0722400 0.0705246 0.0716412 0.0765481 0.0628236 0.0654803 0.0638471 0.0666675 0.0593662 0.0703543 0.0536443 0.0914477 0.0952771 0.0764802 0.0788885 0.0718037 0.0724061 0.1115402 0.1073100 0.0696589 0.2216379 0.2910944 0.0922061 0.0614289 0.0635438 0.0679615 0.0538569 0.1080354 0.0991659 0.0727955 0.0795758 0.0552929 0.0613206 0.0948365 0.1474556 0.0721768 
Amauria_carterae_99_mesa                   0.0780248 0.0000000 0.0948919 0.2226242 0.0509729 0.0461362 0.1588462 0.1572008 0.2834951 0.0426782 0.0668469 0.0579763 0.0651361 0.0793505 0.0689512 0.0686582 0.0613119 0.0733328 0.0951577 0.0542383 0.0648411 0.0717857 0.0687017 0.0799452 0.0618516 0.0953224 0.0725250 0.0798089 0.0771560 0.0771560 0.0724774 0.0776212 0.0463549 0.0518030 0.0587611 0.0764397 0.0543854 0.0579248 0.0760491 0.0799452 0.0613449 0.0838922 0.0682743 0.0838922 0.0655586 0.0722698 0.0683609 0.0651612 0.0801572 0.0799452 0.0799452 0.0799452 0.0685053 0.0546309 0.0802430 0.0837965 0.0731278 0.0615537 0.0682743 0.0785156 0.0829123 0.0835011 0.0881973 0.0719715 0.0727057 0.0721211 0.0792603 0.0794955 0.0452635 0.0611185 0.0687017 0.0771560 0.0651669 0.0797770 0.0544768 0.0724294 0.0793031 0.0802973 0.0720217 0.0755020 0.0893694 0.0651612 0.0771560 0.0910986 0.0834491 
Amauria_rotundifolia_SRR9119150            0.0547868 0.0948919 0.0000000 0.2446899 0.1077564 0.1190150 0.1613697 0.1785910 0.2430716 0.1349438 0.1076431 0.0845613 0.0711456 0.4119457 0.0680950 0.0893011 0.0857830 0.0946542 0.1144200 0.0772517 0.0636044 0.0782975 0.3148718 0.0818423 0.0736691 0.0527290 0.1012168 0.0775450 0.0976224 0.0821828 0.1029980 0.0992206 0.1319459 0.0789534 0.0949474 0.1002786 0.0865239 0.3482073 0.0953493 0.0814647 0.0820200 0.1078440 0.0843979 0.1021860 0.0957385 0.0847971 0.0741410 0.0747427 0.1068318 0.0831933 0.0805889 0.0817820 0.0872698 0.0748293 0.0791323 0.0743757 0.0800848 0.0716591 0.0799744 0.0635086 0.1129960 0.1088199 0.0856605 0.0894755 0.0790511 0.0843859 0.1313714 0.1209358 0.0818570 0.2146316 0.3162123 0.1051424 0.0748204 0.0790023 0.0826725 0.0577443 0.1272242 0.1119437 0.0832736 0.0913055 0.0620414 0.0747427 0.1053016 0.1478558 0.0944182 
Conoclinium_coelestinum_SRR9119114         0.2481108 0.2226242 0.2446899 0.0000000 0.2142403 0.2674689 0.1626503 0.2546356 0.2550259 0.2269068 0.2220827 0.2726825 0.2144931 0.4609659 0.2726080 0.2359187 0.2407488 0.2149677 0.2815530 0.2331184 0.2356773 0.2332440 0.4836043 0.2330824 0.2329679 0.2415791 0.2416911 0.2394842 0.2545811 0.2483370 0.2157052 0.2241967 0.2242663 0.2195232 0.2173650 0.2299787 0.2235147 0.4297534 0.2413639 0.2503490 0.2260001 0.2354115 0.2867159 0.2326665 0.2362761 0.2393106 0.2371877 0.2372334 0.2326679 0.2383595 0.2499023 0.2503490 0.2264463 0.2109346 0.2310276 0.2818283 0.2648724 0.2322363 0.2438331 0.2121442 0.2596783 0.2368712 0.2673088 0.2435728 0.2428351 0.2238512 0.2365080 0.2345901 0.1942559 0.2624282 0.4827917 0.2252174 0.2348710 0.2243556 0.2380006 0.2579231 0.2302989 0.2498136 0.2305805 0.2345039 0.2411053 0.2372334 0.2199479 0.2833619 0.2055200 
Eutetras_palmeri_63                        0.0892303 0.0509729 0.1077564 0.2142403 0.0000000 0.0061488 0.1493629 0.1422779 0.2412945 0.0878054 0.0828618 0.0867106 0.0685692 0.3767713 0.0718373 0.0824955 0.0848861 0.0863113 0.1004098 0.0769524 0.0759943 0.0755522 0.2885665 0.0738874 0.0711461 0.0856447 0.0961998 0.0796011 0.0900931 0.0903075 0.0822563 0.0852103 0.0851975 0.0738577 0.0866445 0.0940164 0.0830261 0.3030929 0.0861066 0.0775091 0.0744648 0.1036883 0.0806865 0.0975271 0.0889834 0.0793556 0.0763866 0.0733460 0.1013586 0.0739943 0.0766749 0.0801603 0.0852202 0.0684243 0.0746325 0.0831090 0.0833265 0.0692255 0.0759732 0.0892338 0.1021853 0.0864410 0.0973945 0.0850225 0.0751863 0.0824891 0.0598029 0.0545439 0.0564157 0.2293969 0.2927517 0.0927494 0.0722409 0.0751643 0.0795451 0.0662522 0.0596076 0.1061431 0.0800648 0.0842609 0.0875114 0.0733460 0.0915238 0.1402996 0.0917297 
Eutetras_pringlei_149_quer                 0.0870137 0.0461362 0.1190150 0.2674689 0.0061488 0.0000000 0.2010033 0.1461471 0.3075022 0.1030932 0.0745482 0.0820166 0.0684622 0.1226806 0.0759478 0.0802606 0.0863523 0.0965037 0.1088633 0.0727296 0.0842691 0.0817749 0.0617021 0.0865954 0.0664187 0.0932076 0.0917187 0.0875860 0.0927683 0.0923223 0.1000212 0.0930676 0.0982198 0.0625027 0.0967836 0.1018877 0.0773301 0.0941932 0.0865571 0.0828287 0.0706306 0.1066443 0.0772747 0.1089265 0.1011064 0.0751263 0.0817211 0.0707750 0.1091257 0.0828287 0.0828287 0.0828287 0.0840801 0.0685447 0.0784934 0.0784102 0.0800762 0.0662187 0.0772747 0.0782481 0.1022155 0.0864563 0.0838972 0.0819997 0.0829945 0.0840801 0.0735310 0.0618131 0.0297689 0.2432134 0.0638154 0.0998376 0.0708162 0.0845924 0.0755765 0.0715253 0.0713542 0.1047064 0.0842627 0.0863968 0.0893469 0.0707750 0.0998376 0.1394679 0.0944914 
Eutrochium_fistulosum_SRR9119106           0.1860811 0.1588462 0.1613697 0.1626503 0.1493629 0.2010033 0.0000000 0.1714215 0.2091044 0.1778879 0.1619629 0.2042191 0.1488378 0.3834560 0.1861093 0.1530635 0.1608220 0.1480447 0.2092830 0.1607498 0.1585413 0.1690887 0.4007009 0.1724595 0.1485165 0.1687832 0.1627273 0.1651655 0.2050088 0.2004320 0.1653858 0.1680481 0.1753096 0.1497218 0.1551046 0.1600012 0.1708353 0.3837098 0.1661468 0.1727652 0.1541991 0.1651235 0.2056527 0.1626344 0.1748542 0.1595754 0.1605204 0.1526474 0.1601018 0.1752558 0.1718041 0.1727652 0.1543724 0.1442150 0.1692215 0.2044729 0.1932241 0.1480742 0.1658718 0.1626755 0.1668386 0.1794526 0.1952524 0.1679407 0.1680295 0.1520034 0.1634727 0.1754435 0.1601685 0.1958788 0.4000647 0.1702679 0.1504396 0.1642833 0.1623748 0.1552204 0.1683885 0.1695480 0.1652975 0.1749202 0.1856261 0.1526474 0.1551024 0.1699594 0.1672926 
Galeana_pratensis_104_mex                  0.2018638 0.1572008 0.1785910 0.2546356 0.1422779 0.1461471 0.1714215 0.0000000 0.3295048 0.2008543 0.1742713 0.1792305 0.1711228 0.1792406 0.1752100 0.1788812 0.1742466 0.1657183 0.2040868 0.1740164 0.1699438 0.1740164 0.1705805 0.1891057 0.1721035 0.2247472 0.1666597 0.1843856 0.1796016 0.1796016 0.1800581 0.1893335 0.1961296 0.1610117 0.1740898 0.1906118 0.1781281 0.1662964 0.1837678 0.1891057 0.1747150 0.1958091 0.1740164 0.1958091 0.1755769 0.1795971 0.1697871 0.1711228 0.1910363 0.1891057 0.1891057 0.1891057 0.1746647 0.1623713 0.1916726 0.1720493 0.1908391 0.1711228 0.1740164 0.1964108 0.1782979 0.1890988 0.1819591 0.1699547 0.1802014 0.1746647 0.1675703 0.1638267 0.1673585 0.1822720 0.1705805 0.1796016 0.1757251 0.1808722 0.1722430 0.1866973 0.1676823 0.1817763 0.1743479 0.1741879 0.1966436 0.1711228 0.1796016 0.1692610 0.2206676 
Helianthus_annuus_SRR9119062               0.2222843 0.2834951 0.2430716 0.2550259 0.2412945 0.3075022 0.2091044 0.3295048 0.0000000 0.2602080 0.2554125 0.2929381 0.2286958 0.5683087 0.2994513 0.2368983 0.2458673 0.2227981 0.3035257 0.2428916 0.2428916 0.2358608 0.5846431 0.2460115 0.2257275 0.2269942 0.2400658 0.2571370 0.2669892 0.2716683 0.2252215 0.2291193 0.2602080 0.2288999 0.2283908 0.2450274 0.2499848 0.5062660 0.2432549 0.2708531 0.2470951 0.2494482 0.2881432 0.2490788 0.2457878 0.2441129 0.2377755 0.2318303 0.2490796 0.2663250 0.2669920 0.2708531 0.2376996 0.2312727 0.2564434 0.2895792 0.2938525 0.2257275 0.2366711 0.2661095 0.3269401 0.2504559 0.3254367 0.2401951 0.2541352 0.2344556 0.2514691 0.2456417 0.2603537 0.2786270 0.5886826 0.2397123 0.2260588 0.2377726 0.2483777 0.2861185 0.2518786 0.2667245 0.2493556 0.2407442 0.3128889 0.2318303 0.2288020 0.3424285 0.2769473 
Lycapsus_tenuifolius_17                    0.1148392 0.0426782 0.1349438 0.2269068 0.0878054 0.1030932 0.1778879 0.2008543 0.2602080 0.0000000 0.1130562 0.1148002 0.0975335 0.3887465 0.1054425 0.1088442 0.1108135 0.1214347 0.1385704 0.1003674 0.0958047 0.1045614 0.2905797 0.1061459 0.0969881 0.1072104 0.1219625 0.1041799 0.1261000 0.1211832 0.1187426 0.1182015 0.0044295 0.1033459 0.1140758 0.1214054 0.1078286 0.3458994 0.1134871 0.1015809 0.1019995 0.1333377 0.1147678 0.1269086 0.1221329 0.1062575 0.1095846 0.0993698 0.1282049 0.1007649 0.1016453 0.1042155 0.1074942 0.1004534 0.1040570 0.1117892 0.1107984 0.0962926 0.1036361 0.0975895 0.1229456 0.1134950 0.1041828 0.1110294 0.1028293 0.1069969 0.1111724 0.1025260 0.1020987 0.2552007 0.2919251 0.1227219 0.0981714 0.1131864 0.0999371 0.0881880 0.1097120 0.1344358 0.1071895 0.1122530 0.1188478 0.0993698 0.1220156 0.1522653 0.1094251 
Pericome_caudata_50_silver                 0.0875084 0.0668469 0.1076431 0.2220827 0.0828618 0.0745482 0.1619629 0.1742713 0.2554125 0.1130562 0.0000000 0.0691814 0.0526125 0.3065804 0.0403362 0.0745467 0.0757287 0.0818103 0.0903520 0.0637076 0.0560330 0.0662063 0.2428334 0.0694294 0.0622671 0.0878555 0.0876203 0.0746080 0.0711480 0.0654081 0.0775651 0.0820158 0.1115520 0.0638714 0.0808200 0.0826404 0.0702662 0.2864302 0.0855901 0.0750648 0.0669476 0.0928803 0.0686839 0.0886565 0.0968108 0.0744308 0.0612376 0.0646269 0.0917168 0.0698224 0.0741518 0.0744148 0.0755751 0.0569485 0.0692519 0.0631443 0.0638322 0.0611808 0.0694977 0.0844484 0.0879743 0.0737926 0.0614128 0.0694704 0.0713382 0.0717482 0.1035203 0.0977206 0.0765843 0.2352593 0.2456340 0.0842354 0.0634421 0.0591783 0.0696528 0.0433454 0.0999094 0.0943485 0.0701485 0.0705468 0.0675306 0.0646269 0.0866375 0.1287602 0.0924622 
Perityle_aglossa_84_dead_horse             0.0746567 0.0579763 0.0845613 0.2726825 0.0867106 0.0820166 0.2042191 0.1792305 0.2929381 0.1148002 0.0691814 0.0000000 0.0342874 0.2412234 0.0360544 0.0380306 0.0285130 0.0824029 0.0839241 0.0193040 0.0200443 0.0236431 0.1590250 0.0700197 0.0325820 0.0749070 0.0531835 0.0647235 0.0772034 0.0719658 0.0773123 0.0762522 0.1115546 0.0368146 0.0731189 0.0818402 0.0206494 0.2498057 0.0445452 0.0615860 0.0298835 0.0920126 0.0221709 0.0870041 0.0828250 0.0406807 0.0313786 0.0338735 0.0892249 0.0615860 0.0615860 0.0622149 0.0378698 0.0352473 0.0712128 0.0444198 0.0467554 0.0313293 0.0205946 0.0682805 0.0721113 0.0763860 0.0449101 0.0285202 0.0630829 0.0338050 0.1154630 0.1126364 0.0432711 0.1850074 0.1604406 0.0786783 0.0338854 0.0487831 0.0300713 0.0419347 0.1125349 0.0935756 0.0245688 0.0311074 0.0837131 0.0338735 0.0801279 0.1040154 0.0705936 
Perityle_ajoensis_204                      0.0572193 0.0651361 0.0711456 0.2144931 0.0685692 0.0684622 0.1488378 0.1711228 0.2286958 0.0975335 0.0526125 0.0342874 0.0000000 0.3019004 0.0277037 0.0289674 0.0312052 0.0622320 0.0719498 0.0252997 0.0227595 0.0268695 0.2182530 0.0508822 0.0034036 0.0557253 0.0433700 0.0461685 0.0628456 0.0552747 0.0640261 0.0608511 0.0961777 0.0114668 0.0628819 0.0583232 0.0312071 0.2960453 0.0347304 0.0470823 0.0253220 0.0695328 0.0305244 0.0650477 0.0679791 0.0242380 0.0205352 0.0045368 0.0671090 0.0483084 0.0483408 0.0472675 0.0324853 0.0183367 0.0542979 0.0322101 0.0336292 0.0022802 0.0253853 0.0485390 0.0768099 0.0612255 0.0550327 0.0335673 0.0470957 0.0287924 0.0946366 0.0950406 0.0432290 0.1844183 0.2195795 0.0659147 0.0045382 0.0271736 0.0254490 0.0126663 0.0945804 0.0670954 0.0312078 0.0382629 0.0501273 0.0045368 0.0644314 0.1141397 0.0665000 
Perityle_ambrosiifolia_67_green            0.3820378 0.0793505 0.4119457 0.4609659 0.3767713 0.1226806 0.3834560 0.1792406 0.5683087 0.3887465 0.3065804 0.2412234 0.3019004 0.0000000 0.0504129 0.3207823 0.3267951 0.3637357 0.2868329 0.3096978 0.2968482 0.3157077 0.0371464 0.3573943 0.3171179 0.4010507 0.3286651 0.3503689 0.2913564 0.2400942 0.3708055 0.3578981 0.3865808 0.3221346 0.3540146 0.3460954 0.3053799 0.4606379 0.3257007 0.3520825 0.3186751 0.3592915 0.2354965 0.3592915 0.3638832 0.3255494 0.3239234 0.3186651 0.3598780 0.3426826 0.3524253 0.3520825 0.3206872 0.3060610 0.3445619 0.1933224 0.1479146 0.3106641 0.3146946 0.3332874 0.0812000 0.3677053 0.0548441 0.3243235 0.3523092 0.3226696 0.3772861 0.3551527 0.1714277 0.3216702 0.0385117 0.3295819 0.3185205 0.3203282 0.3319311 0.0654636 0.3420317 0.3699820 0.3143933 0.3330669 0.1621794 0.3186651 0.3660259 0.1347434 0.2555660 
Perityle_angustifolia_13_Eagle_creek       0.0619458 0.0689512 0.0680950 0.2726080 0.0718373 0.0759478 0.1861093 0.1752100 0.2994513 0.1054425 0.0403362 0.0360544 0.0277037 0.0504129 0.0000000 0.0336141 0.0446767 0.0543930 0.0788324 0.0330943 0.0331378 0.0444520 0.0447592 0.0601525 0.0249805 0.0721472 0.0361863 0.0600691 0.0574558 0.0574558 0.0597400 0.0605170 0.1022114 0.0195513 0.0484188 0.0569339 0.0388140 0.0656750 0.0447522 0.0601525 0.0304676 0.0629521 0.0416280 0.0629521 0.0751360 0.0304337 0.0360068 0.0277131 0.0629846 0.0601525 0.0601525 0.0601525 0.0389557 0.0164967 0.0582743 0.0449929 0.0364268 0.0248838 0.0416280 0.0511593 0.0722248 0.0681726 0.0557122 0.0416746 0.0603722 0.0360865 0.0804282 0.0993772 0.0516855 0.0386616 0.0418629 0.0574558 0.0277145 0.0391963 0.0222005 0.0357380 0.0775357 0.0577106 0.0275317 0.0473842 0.0587998 0.0277131 0.0574558 0.0709456 0.0556958 
Perityle_batopilensis_97                   0.0758939 0.0686582 0.0893011 0.2359187 0.0824955 0.0802606 0.1530635 0.1788812 0.2368983 0.1088442 0.0745467 0.0380306 0.0289674 0.3207823 0.0336141 0.0000000 0.0354320 0.0759770 0.0839037 0.0291449 0.0282306 0.0309054 0.2409397 0.0653449 0.0300486 0.0737955 0.0502760 0.0645428 0.0753055 0.0638986 0.0793392 0.0749264 0.1073985 0.0346175 0.0751219 0.0712608 0.0347793 0.3194998 0.0126539 0.0649280 0.0299649 0.0830392 0.0323160 0.0774829 0.0838113 0.0422207 0.0310423 0.0321993 0.0795455 0.0623016 0.0628900 0.0666163 0.0355492 0.0313752 0.0707841 0.0364340 0.0338953 0.0291091 0.0300575 0.0595454 0.0816997 0.0779685 0.0454423 0.0354410 0.0637792 0.0320976 0.1067589 0.1045539 0.0527933 0.1853034 0.2435528 0.0809048 0.0311217 0.0403625 0.0356945 0.0386555 0.1039325 0.0817891 0.0335922 0.0377786 0.0666935 0.0321993 0.0793667 0.1187715 0.0669390 
Perityle_bisetosa_9                        0.0788868 0.0613119 0.0857830 0.2407488 0.0848861 0.0863523 0.1608220 0.1742466 0.2458673 0.1108135 0.0757287 0.0285130 0.0312052 0.3267951 0.0446767 0.0354320 0.0000000 0.0768083 0.0853140 0.0127375 0.0185639 0.0237988 0.2339267 0.0681162 0.0293109 0.0755336 0.0523083 0.0620083 0.0798778 0.0733187 0.0773429 0.0779078 0.1081293 0.0337588 0.0746806 0.0762349 0.0184580 0.3216099 0.0442585 0.0635159 0.0303015 0.0854959 0.0249724 0.0808660 0.0815375 0.0411983 0.0270804 0.0324828 0.0832677 0.0620785 0.0626566 0.0654133 0.0357569 0.0323470 0.0681571 0.0499032 0.0488314 0.0294673 0.0229178 0.0593277 0.0768386 0.0805531 0.0582691 0.0270889 0.0623930 0.0323850 0.1062606 0.1067511 0.0242618 0.1730361 0.2364638 0.0811356 0.0314307 0.0428146 0.0326410 0.0419025 0.1048006 0.0878480 0.0238514 0.0301831 0.0767805 0.0324828 0.0804562 0.1155437 0.0702564 
Perityle_californica_76_positas            0.0806979 0.0733328 0.0946542 0.2149677 0.0863113 0.0965037 0.1480447 0.1657183 0.2227981 0.1214347 0.0818103 0.0824029 0.0622320 0.3637357 0.0543930 0.0759770 0.0768083 0.0000000 0.1089907 0.0674952 0.0606782 0.0677189 0.3262647 0.0746131 0.0625560 0.0782984 0.0841239 0.0751806 0.0093213 0.0092456 0.0545455 0.0624163 0.1198731 0.0669044 0.0255383 0.0843522 0.0740368 0.3395758 0.0822220 0.0773292 0.0716394 0.0925768 0.0767176 0.0884953 0.0842708 0.0757847 0.0692413 0.0663815 0.0925930 0.0778201 0.0763730 0.0773292 0.0758874 0.0644178 0.0797178 0.0687026 0.0720039 0.0616345 0.0691618 0.0756328 0.0824981 0.0897152 0.0730172 0.0741524 0.0746553 0.0715140 0.1042092 0.1144816 0.0728802 0.1749369 0.3294442 0.0120309 0.0637642 0.0765342 0.0732132 0.0528686 0.1068693 0.0940950 0.0739693 0.0813832 0.0804853 0.0663815 0.0120473 0.1261600 0.0915347 
Perityle_canescens_77                      0.0835545 0.0951577 0.1144200 0.2815530 0.1004098 0.1088633 0.2092830 0.2040868 0.3035257 0.1385704 0.0903520 0.0839241 0.0719498 0.2868329 0.0788324 0.0839037 0.0853140 0.1089907 0.0000000 0.0768937 0.0732858 0.0785438 0.2339897 0.0861119 0.0704599 0.0858805 0.1044576 0.0914003 0.0904504 0.0873100 0.1055939 0.1025812 0.1366511 0.0776339 0.1017603 0.0678828 0.0769230 0.2933909 0.0854531 0.0927097 0.0771112 0.0762684 0.0785349 0.0745919 0.1031337 0.0805720 0.0858663 0.0736458 0.0712929 0.0927097 0.0927097 0.0927097 0.0854417 0.0719626 0.0876196 0.0839110 0.0813546 0.0706776 0.0785349 0.0875351 0.0352686 0.1023986 0.0874946 0.0836483 0.0893488 0.0802672 0.1238961 0.1316687 0.0860968 0.1828253 0.2357147 0.1054217 0.0719652 0.0797738 0.0826108 0.0730068 0.1239293 0.0858647 0.0820378 0.0936762 0.0839016 0.0736458 0.1054217 0.0637149 0.0224883 
Perityle_castillonii_96                    0.0673596 0.0542383 0.0772517 0.2331184 0.0769524 0.0727296 0.1607498 0.1740164 0.2428916 0.1003674 0.0637076 0.0193040 0.0252997 0.3096978 0.0330943 0.0291449 0.0127375 0.0674952 0.0768937 0.0000000 0.0092117 0.0157679 0.2303553 0.0595721 0.0236215 0.0628096 0.0448435 0.0546137 0.0695129 0.0631358 0.0679161 0.0677492 0.0976410 0.0292483 0.0654898 0.0669179 0.0088588 0.3161970 0.0356019 0.0551955 0.0224782 0.0751833 0.0154205 0.0708237 0.0759590 0.0346491 0.0220495 0.0268691 0.0740619 0.0545113 0.0542847 0.0560313 0.0269134 0.0258270 0.0615485 0.0360526 0.0378378 0.0237507 0.0138592 0.0566900 0.0718508 0.0690594 0.0447271 0.0192097 0.0540504 0.0235229 0.1000298 0.0999558 0.0242831 0.1619172 0.2329648 0.0710617 0.0257908 0.0348009 0.0248133 0.0384255 0.0993656 0.0776266 0.0166884 0.0232267 0.0732411 0.0268691 0.0703070 0.1085238 0.0772309 
Perityle_cernua_84                         0.0592563 0.0648411 0.0636044 0.2356773 0.0759943 0.0842691 0.1585413 0.1699438 0.2428916 0.0958047 0.0560330 0.0200443 0.0227595 0.2968482 0.0331378 0.0282306 0.0185639 0.0606782 0.0732858 0.0092117 0.0000000 0.0137917 0.3081691 0.0603432 0.0227166 0.0569191 0.0406445 0.0581084 0.0655933 0.0593528 0.0598228 0.0631111 0.0958047 0.0283209 0.0549780 0.0591654 0.0182165 0.3754747 0.0349098 0.0620335 0.0240079 0.0650041 0.0134526 0.0621083 0.0676616 0.0336657 0.0215843 0.0267555 0.0635804 0.0616055 0.0609256 0.0620335 0.0281774 0.0210939 0.0674285 0.0362118 0.0336613 0.0228692 0.0132615 0.0513690 0.0764780 0.0752607 0.0447959 0.0185568 0.0591575 0.0239478 0.0873829 0.0968979 0.0304924 0.0406932 0.3116353 0.0620502 0.0240354 0.0327305 0.0269194 0.0351961 0.0869209 0.0624966 0.0111314 0.0250069 0.0632803 0.0267555 0.0606589 0.0739139 0.0632962 
Perityle_cfvillosa_25_tin                  0.0658845 0.0717857 0.0782975 0.2332440 0.0755522 0.0817749 0.1690887 0.1740164 0.2358608 0.1045614 0.0662063 0.0236431 0.0268695 0.3157077 0.0444520 0.0309054 0.0237988 0.0677189 0.0785438 0.0157679 0.0137917 0.0000000 0.2289031 0.0640554 0.0250260 0.0644190 0.0463743 0.0576087 0.0715574 0.0655120 0.0684984 0.0683849 0.1031875 0.0298282 0.0669811 0.0662429 0.0229471 0.3171948 0.0354297 0.0573771 0.0261434 0.0736962 0.0039261 0.0686587 0.0770223 0.0344095 0.0137475 0.0273049 0.0725545 0.0597120 0.0586467 0.0573771 0.0330903 0.0265095 0.0615456 0.0421380 0.0421281 0.0239223 0.0022333 0.0597453 0.0764242 0.0691716 0.0479595 0.0226558 0.0573935 0.0295552 0.0986809 0.1029617 0.0398026 0.1761223 0.2302163 0.0731064 0.0261635 0.0336281 0.0251528 0.0449850 0.0995971 0.0800855 0.0217568 0.0272984 0.0764436 0.0273049 0.0697648 0.1017072 0.0736188 
Perityle_coahuilensis_24                   0.2897202 0.0687017 0.3148718 0.4836043 0.2885665 0.0617021 0.4007009 0.1705805 0.5846431 0.2905797 0.2428334 0.1590250 0.2182530 0.0371464 0.0447592 0.2409397 0.2339267 0.3262647 0.2339897 0.2303553 0.3081691 0.2289031 0.0000000 0.3135132 0.2328493 0.3086528 0.2486693 0.2622968 0.2521348 0.2350986 0.2864745 0.2644938 0.2851722 0.2344155 0.3155670 0.2745342 0.2059533 0.3683274 0.2414559 0.2587550 0.2278929 0.2883719 0.1480130 0.3062049 0.2887481 0.2403044 0.2696348 0.2339660 0.2876491 0.2374243 0.2569101 0.2723299 0.2318299 0.2177574 0.2418426 0.1860702 0.1403968 0.2265094 0.2269358 0.3249605 0.0672871 0.2712760 0.0449819 0.2321504 0.2588097 0.2335861 0.3125171 0.2582129 0.1636506 0.3873091 0.0042414 0.2416482 0.2341143 0.2669504 0.2382843 0.0554152 0.2660812 0.2970433 0.2138598 0.2216738 0.1508351 0.2339660 0.2911433 0.1088982 0.2462472 
Perityle_cochisensis_44_cave_creek         0.0641827 0.0799452 0.0818423 0.2330824 0.0738874 0.0865954 0.1724595 0.1891057 0.2460115 0.1061459 0.0694294 0.0700197 0.0508822 0.3573943 0.0601525 0.0653449 0.0681162 0.0746131 0.0861119 0.0595721 0.0603432 0.0640554 0.3135132 0.0000000 0.0498713 0.0639800 0.0801827 0.0198651 0.0788371 0.0722166 0.0627197 0.0611423 0.1061459 0.0558206 0.0716691 0.0733205 0.0689970 0.3444764 0.0710469 0.0078268 0.0610557 0.0806427 0.0674366 0.0777558 0.0699978 0.0569502 0.0651851 0.0539771 0.0777579 0.0079709 0.0091483 0.0078268 0.0698984 0.0517978 0.0443695 0.0687437 0.0767158 0.0502099 0.0626585 0.0486690 0.0919464 0.0783060 0.0835552 0.0709635 0.0170802 0.0652157 0.0899783 0.0927018 0.0763474 0.1295881 0.3151235 0.0740069 0.0511819 0.0649031 0.0643528 0.0557122 0.0903175 0.0732909 0.0660658 0.0782392 0.0373859 0.0539771 0.0731142 0.1250400 0.0883922 
Perityle_congesta_202                      0.0602476 0.0618516 0.0736691 0.2329679 0.0711461 0.0664187 0.1485165 0.1721035 0.2257275 0.0969881 0.0622671 0.0325820 0.0034036 0.3171179 0.0249805 0.0300486 0.0293109 0.0625560 0.0704599 0.0236215 0.0227166 0.0250260 0.2328493 0.0498713 0.0000000 0.0584393 0.0436040 0.0474839 0.0613009 0.0534376 0.0658491 0.0599499 0.0943624 0.0093383 0.0631673 0.0592958 0.0285129 0.3053865 0.0368004 0.0479870 0.0250506 0.0706071 0.0288726 0.0659796 0.0704103 0.0261498 0.0184124 0.0041110 0.0684052 0.0458139 0.0470824 0.0491336 0.0326040 0.0176779 0.0524389 0.0303546 0.0315724 0.0010322 0.0240407 0.0485390 0.0773029 0.0680876 0.0519092 0.0325247 0.0480262 0.0292529 0.0945770 0.0912336 0.0432290 0.1833923 0.2353886 0.0662218 0.0030829 0.0256610 0.0251665 0.0095203 0.0908629 0.0717626 0.0283448 0.0346861 0.0503492 0.0041110 0.0655744 0.1156743 0.0665000 
Perityle_cordifolia_27                     0.0127376 0.0953224 0.0527290 0.2415791 0.0856447 0.0932076 0.1687832 0.2247472 0.2269942 0.1072104 0.0878555 0.0749070 0.0557253 0.4010507 0.0721472 0.0737955 0.0755336 0.0782984 0.0858805 0.0628096 0.0569191 0.0644190 0.3086528 0.0639800 0.0584393 0.0000000 0.0847192 0.0656244 0.0817732 0.0746217 0.0915100 0.0899612 0.1056367 0.0636181 0.0758852 0.0837364 0.0758967 0.3491964 0.0778374 0.0685405 0.0680841 0.0900776 0.0735125 0.0869959 0.0908807 0.0695677 0.0591862 0.0595042 0.0902685 0.0684363 0.0663580 0.0682219 0.0707656 0.0613493 0.0677046 0.0685380 0.0694322 0.0575582 0.0671722 0.0536210 0.1098118 0.0936655 0.0885460 0.0742909 0.0672878 0.0667243 0.1090257 0.1038171 0.0812432 0.2292390 0.3115863 0.0913852 0.0571611 0.0649208 0.0672279 0.0577259 0.1088937 0.0940041 0.0715045 0.0784014 0.0630653 0.0595042 0.0912193 0.1509554 0.0721340 
Perityle_cordifolia_68_tecolote            0.0869282 0.0725250 0.1012168 0.2416911 0.0961998 0.0917187 0.1627273 0.1666597 0.2400658 0.1219625 0.0876203 0.0531835 0.0433700 0.3286651 0.0361863 0.0502760 0.0523083 0.0841239 0.1044576 0.0448435 0.0406445 0.0463743 0.2486693 0.0801827 0.0436040 0.0847192 0.0000000 0.0762203 0.0910018 0.0776905 0.0919126 0.0919320 0.1192094 0.0482410 0.0858120 0.0884038 0.0492030 0.3289004 0.0544447 0.0776406 0.0435250 0.1002342 0.0512595 0.0928440 0.0962072 0.0546297 0.0451579 0.0457375 0.0979631 0.0756501 0.0768172 0.0789972 0.0513584 0.0452300 0.0847405 0.0206057 0.0446169 0.0405290 0.0458423 0.0814327 0.0866214 0.0962349 0.0550746 0.0534250 0.0764892 0.0500028 0.1168203 0.1129813 0.0530247 0.1985136 0.2483029 0.0932007 0.0446676 0.0538739 0.0493061 0.0387918 0.1147797 0.1015252 0.0477512 0.0563771 0.0668544 0.0457375 0.0916682 0.1379784 0.0847246 
Perityle_coronopifolia_28_patagonia        0.0701664 0.0798089 0.0775450 0.2394842 0.0796011 0.0875860 0.1651655 0.1843856 0.2571370 0.1041799 0.0746080 0.0647235 0.0461685 0.3503689 0.0600691 0.0645428 0.0620083 0.0751806 0.0914003 0.0546137 0.0581084 0.0576087 0.2622968 0.0198651 0.0474839 0.0656244 0.0762203 0.0000000 0.0777307 0.0686506 0.0716717 0.0635405 0.1014702 0.0510901 0.0756740 0.0754686 0.0605232 0.3163351 0.0722262 0.0125807 0.0574874 0.0860679 0.0628004 0.0821629 0.0715100 0.0587823 0.0586966 0.0484852 0.0814206 0.0132198 0.0136988 0.0130937 0.0654702 0.0494817 0.0372567 0.0672815 0.0743508 0.0464213 0.0586949 0.0359820 0.0966204 0.0716662 0.0799102 0.0654322 0.0094181 0.0618873 0.1035690 0.0958030 0.0662148 0.2043316 0.2649329 0.0750270 0.0485631 0.0626826 0.0612670 0.0521355 0.1005632 0.0859033 0.0613001 0.0677081 0.0340878 0.0484852 0.0736887 0.1206655 0.0810455 
Perityle_crassifolia_70_ventanas           0.0793328 0.0771560 0.0976224 0.2545811 0.0900931 0.0927683 0.2050088 0.1796016 0.2669892 0.1261000 0.0711480 0.0772034 0.0628456 0.2913564 0.0574558 0.0753055 0.0798778 0.0093213 0.0904504 0.0695129 0.0655933 0.0715574 0.2521348 0.0788371 0.0613009 0.0817732 0.0910018 0.0777307 0.0000000 0.0000010 0.0611619 0.0709139 0.1261000 0.0634921 0.0155693 0.0826872 0.0747330 0.2889787 0.0782958 0.0788897 0.0731811 0.0915113 0.0711648 0.0880378 0.0860075 0.0733821 0.0729754 0.0645761 0.0915572 0.0788897 0.0788897 0.0788897 0.0787649 0.0628613 0.0826259 0.0666926 0.0720634 0.0618002 0.0715490 0.0675734 0.0731155 0.0936950 0.0766490 0.0764283 0.0771790 0.0730733 0.1140159 0.1164749 0.0728397 0.1385147 0.2539459 0.0000010 0.0628596 0.0785659 0.0751771 0.0563992 0.1105316 0.0899619 0.0730989 0.0850236 0.0771759 0.0645761 0.0000010 0.1264294 0.0880394 
Perityle_crassifolia_74_playa_balandra     0.0719488 0.0771560 0.0821828 0.2483370 0.0903075 0.0923223 0.2004320 0.1796016 0.2716683 0.1211832 0.0654081 0.0719658 0.0552747 0.2400942 0.0574558 0.0638986 0.0733187 0.0092456 0.0873100 0.0631358 0.0593528 0.0655120 0.2350986 0.0722166 0.0534376 0.0746217 0.0776905 0.0686506 0.0000010 0.0000000 0.0533549 0.0582752 0.1211832 0.0519342 0.0166893 0.0720544 0.0692327 0.2701848 0.0675586 0.0722166 0.0654022 0.0783533 0.0655029 0.0762840 0.0762982 0.0656285 0.0651816 0.0552868 0.0803984 0.0722166 0.0722166 0.0722166 0.0739210 0.0533102 0.0760167 0.0686497 0.0710598 0.0539530 0.0655029 0.0677919 0.0731155 0.0917914 0.0766490 0.0712828 0.0701923 0.0672478 0.1091137 0.1170192 0.0728397 0.0674392 0.2348735 0.0000010 0.0552893 0.0716094 0.0676514 0.0563992 0.1050570 0.0746393 0.0633741 0.0794394 0.0771759 0.0552868 0.0000010 0.0810899 0.0880394 
Perityle_cuneata_34_cuneata_San_antonio    0.0939473 0.0724774 0.1029980 0.2157052 0.0822563 0.1000212 0.1653858 0.1800581 0.2252215 0.1187426 0.0775651 0.0773123 0.0640261 0.3708055 0.0597400 0.0793392 0.0773429 0.0545455 0.1055939 0.0679161 0.0598228 0.0684984 0.2864745 0.0627197 0.0658491 0.0915100 0.0919126 0.0716717 0.0611619 0.0533549 0.0000000 0.0576949 0.1159625 0.0695837 0.0644039 0.0840285 0.0764033 0.3242544 0.0854050 0.0720296 0.0703252 0.0935692 0.0771932 0.0895306 0.0968158 0.0763200 0.0703277 0.0680535 0.0900964 0.0720162 0.0711755 0.0731663 0.0786903 0.0665227 0.0765614 0.0765831 0.0736990 0.0650571 0.0706349 0.0784126 0.0774527 0.0883756 0.0823570 0.0773600 0.0708675 0.0748353 0.1038917 0.1108162 0.0762143 0.2065423 0.2891676 0.0574365 0.0669465 0.0776042 0.0729448 0.0559145 0.1046585 0.1007518 0.0735384 0.0800098 0.0703520 0.0680535 0.0564276 0.1098039 0.0808976 
Perityle_cuneata_4                         0.0897490 0.0776212 0.0992206 0.2241967 0.0852103 0.0930676 0.1680481 0.1893335 0.2291193 0.1182015 0.0820158 0.0762522 0.0608511 0.3578981 0.0605170 0.0749264 0.0779078 0.0624163 0.1025812 0.0677492 0.0631111 0.0683849 0.2644938 0.0611423 0.0599499 0.0899612 0.0919320 0.0635405 0.0709139 0.0582752 0.0576949 0.0000000 0.1154347 0.0650732 0.0700228 0.0849993 0.0760208 0.3055964 0.0826967 0.0615867 0.0695085 0.0936918 0.0767124 0.0889385 0.0870849 0.0708972 0.0720491 0.0634559 0.0925798 0.0631960 0.0628303 0.0606379 0.0780987 0.0625667 0.0635469 0.0651665 0.0656902 0.0603400 0.0708933 0.0683830 0.0985948 0.0836782 0.0838963 0.0779223 0.0591721 0.0741851 0.1069781 0.1104565 0.0702184 0.2282636 0.2657930 0.0585760 0.0623136 0.0724890 0.0686933 0.0634563 0.1057028 0.0961231 0.0755220 0.0813501 0.0712193 0.0634559 0.0576143 0.1385772 0.0892179 
Perityle_discoidea_81                      0.1132665 0.0463549 0.1319459 0.2242663 0.0851975 0.0982198 0.1753096 0.1961296 0.2602080 0.0044295 0.1115520 0.1115546 0.0961777 0.3865808 0.1022114 0.1073985 0.1081293 0.1198731 0.1366511 0.0976410 0.0958047 0.1031875 0.2851722 0.1061459 0.0943624 0.1056367 0.1192094 0.1014702 0.1261000 0.1211832 0.1159625 0.1154347 0.0000000 0.1006908 0.1125467 0.1186390 0.1051383 0.3399254 0.1133025 0.0989151 0.0993526 0.1305151 0.1116399 0.1254243 0.1193759 0.1035807 0.1080462 0.0967370 0.1254026 0.0980914 0.0989776 0.1028465 0.1048130 0.0977569 0.1010744 0.1117892 0.1132656 0.0936555 0.1009729 0.1004102 0.1179877 0.1107956 0.1041828 0.1083394 0.1001585 0.1043295 0.1084494 0.0997002 0.0986724 0.2528426 0.2865133 0.1198351 0.0955424 0.1116325 0.0972879 0.0845387 0.1069073 0.1316127 0.1045169 0.1095588 0.1153877 0.0967370 0.1192339 0.1454668 0.1131181 
Perityle_dissecta_201                      0.0667570 0.0518030 0.0789534 0.2195232 0.0738577 0.0625027 0.1497218 0.1610117 0.2288999 0.1033459 0.0638714 0.0368146 0.0114668 0.3221346 0.0195513 0.0346175 0.0337588 0.0669044 0.0776339 0.0292483 0.0283209 0.0298282 0.2344155 0.0558206 0.0093383 0.0636181 0.0482410 0.0510901 0.0634921 0.0519342 0.0695837 0.0650732 0.1006908 0.0000000 0.0661669 0.0641248 0.0343057 0.3101464 0.0413298 0.0515537 0.0294543 0.0732878 0.0329165 0.0713208 0.0741989 0.0305717 0.0235330 0.0114150 0.0733442 0.0495360 0.0506550 0.0528783 0.0371014 0.0222802 0.0540654 0.0345354 0.0340400 0.0083377 0.0284429 0.0593152 0.0722122 0.0718506 0.0457515 0.0370103 0.0515962 0.0336938 0.0975056 0.0905273 0.0465171 0.1879469 0.2369717 0.0678571 0.0103759 0.0324154 0.0295917 0.0128646 0.0939816 0.0755675 0.0329728 0.0393391 0.0502251 0.0114150 0.0670809 0.1094108 0.0737892 
Perityle_emoryi_47_punta_san_jose          0.0766946 0.0587611 0.0949474 0.2173650 0.0866445 0.0967836 0.1551046 0.1740898 0.2283908 0.1140758 0.0808200 0.0731189 0.0628819 0.3540146 0.0484188 0.0751219 0.0746806 0.0255383 0.1017603 0.0654898 0.0549780 0.0669811 0.3155670 0.0716691 0.0631673 0.0758852 0.0858120 0.0756740 0.0155693 0.0166893 0.0644039 0.0700228 0.1125467 0.0661669 0.0000000 0.0847531 0.0691232 0.3464047 0.0812972 0.0777983 0.0695752 0.0955752 0.0706783 0.0901452 0.0846356 0.0776073 0.0705704 0.0669550 0.0929112 0.0783109 0.0741115 0.0777983 0.0711596 0.0664200 0.0816174 0.0604499 0.0561258 0.0635616 0.0671251 0.0673968 0.0587293 0.0914569 0.0523936 0.0734335 0.0751506 0.0668802 0.1058008 0.1080290 0.0562617 0.1719649 0.3186851 0.0158643 0.0657043 0.0779313 0.0764238 0.0459877 0.1067827 0.0930849 0.0717734 0.0750484 0.0668734 0.0669550 0.0179531 0.1037212 0.0665992 
Perityle_feddemae_99                       0.0873961 0.0764397 0.1002786 0.2299787 0.0940164 0.1018877 0.1600012 0.1906118 0.2450274 0.1214054 0.0826404 0.0818402 0.0583232 0.3460954 0.0569339 0.0712608 0.0762349 0.0843522 0.0678828 0.0669179 0.0591654 0.0662429 0.2745342 0.0733205 0.0592958 0.0837364 0.0884038 0.0754686 0.0826872 0.0720544 0.0840285 0.0849993 0.1186390 0.0641248 0.0847531 0.0000000 0.0742759 0.3424570 0.0785163 0.0780787 0.0682566 0.0145863 0.0760680 0.0090328 0.0954071 0.0717427 0.0638401 0.0614608 0.0114504 0.0773692 0.0761280 0.0807279 0.0764470 0.0609579 0.0823557 0.0665294 0.0693366 0.0584873 0.0673667 0.0767363 0.0534774 0.0908186 0.0793952 0.0751224 0.0769206 0.0726628 0.1158897 0.1175945 0.0796366 0.2207305 0.2771777 0.0911355 0.0603741 0.0666320 0.0720619 0.0523448 0.1152232 0.0550548 0.0726170 0.0777858 0.0770310 0.0614608 0.0884769 0.0914889 0.0666173 
Perityle_fosteri_93                        0.0771292 0.0543854 0.0865239 0.2235147 0.0830261 0.0773301 0.1708353 0.1781281 0.2499848 0.1078286 0.0702662 0.0206494 0.0312071 0.3053799 0.0388140 0.0347793 0.0184580 0.0740368 0.0769230 0.0088588 0.0182165 0.0229471 0.2059533 0.0689970 0.0285129 0.0758967 0.0492030 0.0605232 0.0747330 0.0692327 0.0764033 0.0760208 0.1051383 0.0343057 0.0691232 0.0742759 0.0000000 0.3069784 0.0408226 0.0609274 0.0284717 0.0839300 0.0212948 0.0785283 0.0799656 0.0387242 0.0306833 0.0318349 0.0816440 0.0612561 0.0621564 0.0624608 0.0330639 0.0323507 0.0681115 0.0420160 0.0444419 0.0275575 0.0207245 0.0675480 0.0674212 0.0756940 0.0514327 0.0251096 0.0609442 0.0295504 0.1044704 0.1023166 0.0243495 0.1699869 0.2071997 0.0765429 0.0307328 0.0414562 0.0263757 0.0451057 0.1042598 0.0852155 0.0228954 0.0295242 0.0869477 0.0318349 0.0757867 0.1137796 0.0774587 
Perityle_gamon_221                         0.3389474 0.0579248 0.3482073 0.4297534 0.3030929 0.0941932 0.3837098 0.1662964 0.5062660 0.3458994 0.2864302 0.2498057 0.2960453 0.4606379 0.0656750 0.3194998 0.3216099 0.3395758 0.2933909 0.3161970 0.3754747 0.3171948 0.3683274 0.3444764 0.3053865 0.3491964 0.3289004 0.3163351 0.2889787 0.2701848 0.3242544 0.3055964 0.3399254 0.3101464 0.3464047 0.3424570 0.3069784 0.0000000 0.3294507 0.3062535 0.3129385 0.3514415 0.2480292 0.3574489 0.2412438 0.3140240 0.3378866 0.3066365 0.3520371 0.2966188 0.3081779 0.3127796 0.3188725 0.2978324 0.3110295 0.2489807 0.2029534 0.2990460 0.3151789 0.3827102 0.0823897 0.3154401 0.0872219 0.3193610 0.3134196 0.3204521 0.3222734 0.3038040 0.1832488 0.4713358 0.3660846 0.2988430 0.3067309 0.3225593 0.3048176 0.0696447 0.3108496 0.3463883 0.3098330 0.3121669 0.1334013 0.3066365 0.3250791 0.1507122 0.2512372 
Perityle_gentryi_8_san_francisco           0.0787137 0.0760491 0.0953493 0.2413639 0.0861066 0.0865571 0.1661468 0.1837678 0.2432549 0.1134871 0.0855901 0.0445452 0.0347304 0.3257007 0.0447522 0.0126539 0.0442585 0.0822220 0.0854531 0.0356019 0.0349098 0.0354297 0.2414559 0.0710469 0.0368004 0.0778374 0.0544447 0.0722262 0.0782958 0.0675586 0.0854050 0.0826967 0.1133025 0.0413298 0.0812972 0.0785163 0.0408226 0.3294507 0.0000000 0.0725212 0.0366998 0.0889771 0.0390996 0.0821369 0.0931953 0.0487837 0.0346931 0.0389085 0.0867426 0.0691472 0.0705357 0.0736649 0.0422148 0.0368801 0.0747384 0.0420798 0.0423227 0.0359104 0.0368206 0.0676279 0.0770211 0.0884962 0.0516402 0.0399389 0.0713855 0.0387879 0.1135138 0.1093961 0.0625788 0.1922846 0.2440073 0.0849250 0.0378518 0.0455038 0.0423837 0.0486937 0.1100211 0.0936662 0.0372122 0.0412797 0.0768147 0.0389085 0.0851511 0.1309982 0.0776070 
Perityle_gilensis_22_Superstition          0.0718002 0.0799452 0.0814647 0.2503490 0.0775091 0.0828287 0.1727652 0.1891057 0.2708531 0.1015809 0.0750648 0.0615860 0.0470823 0.3520825 0.0601525 0.0649280 0.0635159 0.0773292 0.0927097 0.0551955 0.0620335 0.0573771 0.2587550 0.0078268 0.0479870 0.0685405 0.0776406 0.0125807 0.0788897 0.0722166 0.0720296 0.0615867 0.0989151 0.0515537 0.0777983 0.0780787 0.0609274 0.3062535 0.0725212 0.0000000 0.0567865 0.0885994 0.0607416 0.0854639 0.0661531 0.0569387 0.0622738 0.0501266 0.0839891 0.0010792 0.0010318 0.0000010 0.0659667 0.0488634 0.0357448 0.0687437 0.0767158 0.0471355 0.0592499 0.0486690 0.0919464 0.0730884 0.0835552 0.0658002 0.0093119 0.0622920 0.1011429 0.0932094 0.0763474 0.2097126 0.2613550 0.0765867 0.0490534 0.0650413 0.0605576 0.0557122 0.0979387 0.0872469 0.0605439 0.0668775 0.0373859 0.0501266 0.0739196 0.1189119 0.0883922 
Perityle_gilensis_salensis_225             0.0725763 0.0613449 0.0820200 0.2260001 0.0744648 0.0706306 0.1541991 0.1747150 0.2470951 0.1019995 0.0669476 0.0298835 0.0253220 0.3186751 0.0304676 0.0299649 0.0303015 0.0716394 0.0771112 0.0224782 0.0240079 0.0261434 0.2278929 0.0610557 0.0250506 0.0680841 0.0435250 0.0574874 0.0731811 0.0654022 0.0703252 0.0695085 0.0993526 0.0294543 0.0695752 0.0682566 0.0284717 0.3129385 0.0366998 0.0567865 0.0000000 0.0774171 0.0262841 0.0709287 0.0782396 0.0346991 0.0283806 0.0271417 0.0752040 0.0550324 0.0559081 0.0583556 0.0303828 0.0255301 0.0615010 0.0361794 0.0336716 0.0241144 0.0240075 0.0567117 0.0718508 0.0714104 0.0416051 0.0303092 0.0568244 0.0249499 0.0978728 0.0988793 0.0431342 0.1860935 0.2304179 0.0761215 0.0260943 0.0348811 0.0272933 0.0287382 0.0970734 0.0774502 0.0271921 0.0335253 0.0632918 0.0271417 0.0747065 0.1147933 0.0633321 
Perityle_glaucescens_94                    0.0938466 0.0838922 0.1078440 0.2354115 0.1036883 0.1066443 0.1651235 0.1958091 0.2494482 0.1333377 0.0928803 0.0920126 0.0695328 0.3592915 0.0629521 0.0830392 0.0854959 0.0925768 0.0762684 0.0751833 0.0650041 0.0736962 0.2883719 0.0806427 0.0706071 0.0900776 0.1002342 0.0860679 0.0915113 0.0783533 0.0935692 0.0936918 0.1305151 0.0732878 0.0955752 0.0145863 0.0839300 0.3514415 0.0889771 0.0885994 0.0774171 0.0000000 0.0871746 0.0045013 0.1061483 0.0797825 0.0732694 0.0727902 0.0093374 0.0871460 0.0866693 0.0905801 0.0857351 0.0693612 0.0933382 0.0749187 0.0762612 0.0698453 0.0765483 0.0853321 0.0581578 0.1015096 0.0829660 0.0832467 0.0874250 0.0818611 0.1221570 0.1230229 0.0933797 0.2294211 0.2910360 0.0989365 0.0716936 0.0736510 0.0813188 0.0626891 0.1218753 0.0663077 0.0821920 0.0861645 0.0839097 0.0727902 0.0992718 0.1035317 0.0808387 
Perityle_gracilis_11                       0.0733021 0.0682743 0.0843979 0.2867159 0.0806865 0.0772747 0.2056527 0.1740164 0.2881432 0.1147678 0.0686839 0.0221709 0.0305244 0.2354965 0.0416280 0.0323160 0.0249724 0.0767176 0.0785349 0.0154205 0.0134526 0.0039261 0.1480130 0.0674366 0.0288726 0.0735125 0.0512595 0.0628004 0.0711648 0.0655029 0.0771932 0.0767124 0.1116399 0.0329165 0.0706783 0.0760680 0.0212948 0.2480292 0.0390996 0.0607416 0.0262841 0.0871746 0.0000000 0.0771173 0.0853255 0.0366878 0.0149363 0.0301179 0.0831308 0.0607416 0.0607416 0.0614433 0.0352532 0.0295238 0.0629197 0.0401920 0.0399880 0.0276603 0.0012283 0.0597453 0.0764242 0.0762692 0.0447053 0.0237123 0.0607608 0.0313445 0.1066737 0.1082373 0.0398026 0.1801801 0.1493705 0.0799342 0.0301280 0.0366811 0.0251597 0.0417190 0.1038743 0.0928048 0.0211800 0.0287578 0.0764436 0.0301179 0.0796593 0.1150516 0.0736188 
Perityle_harkerae_31                       0.0896193 0.0838922 0.1021860 0.2326665 0.0975271 0.1089265 0.1626344 0.1958091 0.2490788 0.1269086 0.0886565 0.0870041 0.0650477 0.3592915 0.0629521 0.0774829 0.0808660 0.0884953 0.0745919 0.0708237 0.0621083 0.0686587 0.3062049 0.0777558 0.0659796 0.0869959 0.0928440 0.0821629 0.0880378 0.0762840 0.0895306 0.0889385 0.1254243 0.0713208 0.0901452 0.0090328 0.0785283 0.3574489 0.0821369 0.0854639 0.0709287 0.0045013 0.0771173 0.0000000 0.0979007 0.0746064 0.0718666 0.0683468 0.0056330 0.0850898 0.0833543 0.0854639 0.0786230 0.0615488 0.0886413 0.0728414 0.0739632 0.0651296 0.0686616 0.0797892 0.0581578 0.0956380 0.0829660 0.0784297 0.0841901 0.0744813 0.1134709 0.1151579 0.0899436 0.2021089 0.3091584 0.0950660 0.0671580 0.0722408 0.0763208 0.0626891 0.1139680 0.0601610 0.0757861 0.0814747 0.0804887 0.0683468 0.0906274 0.0901882 0.0772783 
