85
Amauria_brandeegeana_62                    0.0000000 0.0837558 0.1310282 0.1990402 0.1058985 0.1341212 0.1451805 0.1557895 0.3255128 0.1085249 0.3781779 0.1253817 0.1041103 0.1090695 0.1164960 0.1340712 0.1190761 0.1446374 0.1249947 0.1048836 0.1045657 0.1166895 0.2912585 0.1269755 0.1111977 0.1147568 0.1890032 0.1391095 0.1521715 0.0779020 0.1262234 0.1435397 0.1331477 0.1227431 0.1102571 0.1093854 0.1155089 0.1095872 0.1340767 0.1311209 0.1024606 0.1018693 0.1102397 0.1057481 0.1270803 0.1074035 0.1188443 0.1188517 0.1284981 0.1270572 0.1063177 0.0998812 0.1086214 0.1173613 0.2164380 0.1223502 0.1371851 0.1146470 0.1167033 0.1425293 0.1767565 0.1485136 0.1178329 0.1265361 0.1619109 0.1484136 0.1067301 0.1367892 0.0773222 0.1004420 0.0997964 0.0918980 0.1103455 0.1166252 0.1052876 0.1210133 0.1119040 0.1574674 0.1669889 0.1478063 0.1721377 0.1124562 0.1093854 0.1099807 0.1056166 
Amauria_carterae_99_mesa                   0.0837558 0.0000000 0.1199971 0.1800837 0.0938083 0.1488419 0.1254019 0.1588587 0.2962609 0.1271342 0.3317726 0.1085404 0.0981278 0.0952858 0.0958362 0.1305079 0.0807873 0.1201408 0.0954559 0.1041072 0.0968335 0.1224001 0.2707484 0.1073492 0.1197809 0.1267961 0.1865397 0.1328366 0.1159795 0.0704721 0.1329311 0.1258146 0.1120650 0.1268995 0.0983612 0.0817311 0.1078830 0.0936951 0.1185966 0.1320490 0.1004736 0.1004736 0.1008841 0.1008053 0.1162239 0.0982948 0.1267412 0.1224197 0.1127659 0.1099316 0.0938506 0.0960828 0.1200249 0.0959018 0.2141778 0.1156621 0.1055321 0.1268059 0.1224156 0.1205925 0.1251309 0.1223304 0.1217679 0.1102807 0.1212965 0.1159169 0.1085643 0.1244203 0.0543150 0.0832114 0.1028434 0.0553473 0.1199230 0.1200457 0.0959962 0.1217606 0.1078853 0.1398353 0.1432484 0.1250352 0.1184059 0.1177091 0.0817311 0.0991923 0.1045409 
Amauria_rotundifolia_SRR9119150            0.1310282 0.1199971 0.0000000 0.2028654 0.1592180 0.1405627 0.1972653 0.2095827 0.5033690 0.1892793 0.3776299 0.2129944 0.2123664 0.2145024 0.1685681 0.1709550 0.2024230 0.0254449 0.1867948 0.1637957 0.1972511 0.1574931 0.3094122 0.2010771 0.1927827 0.1623157 0.2364902 0.1753317 0.1471273 0.1663676 0.1944277 0.0935239 0.2100271 0.2931534 0.2224516 0.2054845 0.1623499 0.2005415 0.1538139 0.1693151 0.2180077 0.2152615 0.1587396 0.1590007 0.1584038 0.1708765 0.1558701 0.1574465 0.1439070 0.1934598 0.2166166 0.2107170 0.0998468 0.2050858 0.2111417 0.1150976 0.1380497 0.1589057 0.1545331 0.1390806 0.1766790 0.1391983 0.0889015 0.1932152 0.1537261 0.2392642 0.1022461 0.1127048 0.0715026 0.2038515 0.2121664 0.1634087 0.1558497 0.1544241 0.1697234 0.1159089 0.1091682 0.1340244 0.3100848 0.2780692 0.1539287 0.1573559 0.1841670 0.1525636 0.1124568 
Conoclinium_coelestinum_SRR9119114         0.1990402 0.1800837 0.2028654 0.0000000 0.1673229 0.2004568 0.1262766 0.2465942 0.4204403 0.2013063 0.4154750 0.1944687 0.1749687 0.1710292 0.1885498 0.2035344 0.1843822 0.2073679 0.1964188 0.1791354 0.1679678 0.1988029 0.3618095 0.1678945 0.1895970 0.1962949 0.2681561 0.1990129 0.2292376 0.1873448 0.2370420 0.2226063 0.1694712 0.2136855 0.1751533 0.1834573 0.2051511 0.1861402 0.2009519 0.1965235 0.1676870 0.1692444 0.2003089 0.2088806 0.1917437 0.1700327 0.1985676 0.1988224 0.1914451 0.1708254 0.1698586 0.1669178 0.2122159 0.1871752 0.2657617 0.2215724 0.1931792 0.1908835 0.1988224 0.2188458 0.2076015 0.2268649 0.2040030 0.1930104 0.2241011 0.2072279 0.1947870 0.2168316 0.1497045 0.1947938 0.1695201 0.1901662 0.1903981 0.1960256 0.1673123 0.2111122 0.1905623 0.2039069 0.2211013 0.2038719 0.2256799 0.1931961 0.1834573 0.1711094 0.1826217 
Eutetras_palmeri_63                        0.1058985 0.0938083 0.1592180 0.1673229 0.0000000 0.0775785 0.1269244 0.1563048 0.4647798 0.1281953 0.4331217 0.1602171 0.1245822 0.1265580 0.1567695 0.1796177 0.1162352 0.1394154 0.1246198 0.1237767 0.1137737 0.1628162 0.2978911 0.1227144 0.1148549 0.1500940 0.1297253 0.1490289 0.1617408 0.1045862 0.1869905 0.1685876 0.1146622 0.1642094 0.1317499 0.1639929 0.1877559 0.1867359 0.1677455 0.1621232 0.1258187 0.1266341 0.1696321 0.1637158 0.1666804 0.1671518 0.1681291 0.1665581 0.1818447 0.1236798 0.1251610 0.1205815 0.1594173 0.1794492 0.2394939 0.0987540 0.1220033 0.1682077 0.1664169 0.1619693 0.1382546 0.1433042 0.0934480 0.1545554 0.1465885 0.1616051 0.1194853 0.1566903 0.0694394 0.1616933 0.1251893 0.0853636 0.1647450 0.1680196 0.1321984 0.0933817 0.1512469 0.1566296 0.1741919 0.1619146 0.1195564 0.1679963 0.1096811 0.1166936 0.0906667 
Eutetras_pringlei_149_quer                 0.1341212 0.1488419 0.1405627 0.2004568 0.0775785 0.0000000 0.1454261 0.1905431 0.2121861 0.1460271 0.1451978 0.1449557 0.1309058 0.1310184 0.1352627 0.1743938 0.2027193 0.1405627 0.1557340 0.1403118 0.1209394 0.1369692 0.3337339 0.1492054 0.1369692 0.1369692 0.1266150 0.1133175 0.1590742 0.0845839 0.2101373 0.1501738 0.1412148 0.1844297 0.1219400 0.1307607 0.1517281 0.1450075 0.0999662 0.1786259 0.1212405 0.1212405 0.1369692 0.1570709 0.0902443 0.1260027 0.1369692 0.1369692 0.0848182 0.1442105 0.1261582 0.1212436 0.1549200 0.1449067 0.1452412 0.1223036 0.1535580 0.1417893 0.1369692 0.1449099 0.1548904 0.1539889 0.1549200 0.1401897 0.1543422 0.1306355 0.1139741 0.1322465 0.1029771 0.1317914 0.1260484 0.0753244 0.1369692 0.1369692 0.1212405 0.1369692 0.1183043 0.1446664 0.1265796 0.1402469 0.1498822 0.1369692 0.1307607 0.1359352 0.1455765 
Eutrochium_fistulosum_SRR9119106           0.1451805 0.1254019 0.1972653 0.1262766 0.1269244 0.1454261 0.0000000 0.2039061 0.4189591 0.1792487 0.4585545 0.1747461 0.1569182 0.1562227 0.1173575 0.2172647 0.1437651 0.1674291 0.1643819 0.1326057 0.1535056 0.2067340 0.2775721 0.1455446 0.1671759 0.1893991 0.2381439 0.2354244 0.2062023 0.1572149 0.1673328 0.2122911 0.1412637 0.2146897 0.1659324 0.1778651 0.2134446 0.1460977 0.2158147 0.1956152 0.1608032 0.1604985 0.2124035 0.1903591 0.2092236 0.1867722 0.2115361 0.2100867 0.1930170 0.1452401 0.1626573 0.1605413 0.2062687 0.1484087 0.2866642 0.1181597 0.1063747 0.2115232 0.2083102 0.1940154 0.1481554 0.1527481 0.1438923 0.1605048 0.1703385 0.1743059 0.1626884 0.2229991 0.1017589 0.1329586 0.1622577 0.1326176 0.2026958 0.2063616 0.1427953 0.1292254 0.1947852 0.1915884 0.2321077 0.2088526 0.1003829 0.2045348 0.1334732 0.1074192 0.1275921 
Galeana_pratensis_104_mex                  0.1557895 0.1588587 0.2095827 0.2465942 0.1563048 0.1905431 0.2039061 0.0000000 0.1770057 0.2090437 0.2480195 0.2199314 0.2044025 0.1964636 0.2066864 0.2476276 0.1805857 0.1835143 0.2092298 0.1932850 0.1929805 0.2242230 0.3056862 0.1953605 0.2188853 0.2188566 0.3904491 0.2499340 0.1876803 0.1555578 0.2119646 0.2198654 0.1932897 0.3274696 0.2074111 0.2109907 0.2023068 0.1765847 0.2125719 0.2239774 0.2099820 0.2070397 0.2050595 0.1988858 0.2054017 0.1987244 0.2184397 0.2217142 0.1688372 0.2013581 0.2001338 0.2045057 0.1932901 0.2000787 0.3044670 0.1804379 0.1949663 0.2242713 0.2216976 0.1599780 0.1944698 0.1632366 0.1776568 0.2223165 0.1854557 0.2081079 0.1620447 0.2197866 0.1348516 0.1994144 0.2015679 0.1639531 0.2160742 0.2214678 0.1959777 0.1794262 0.1689389 0.1873055 0.3877640 0.3787512 0.1603828 0.2188853 0.2070052 0.1690267 0.1717063 
Helianthus_annuus_SRR9119062               0.3255128 0.2962609 0.5033690 0.4204403 0.4647798 0.2121861 0.4189591 0.1770057 0.0000000 0.4450301 0.6033684 0.4668517 0.4406259 0.4881553 0.4447926 0.4937501 0.5345067 0.5138080 0.3551086 0.4053819 0.4401228 0.4463344 0.3517602 0.4185101 0.4376409 0.4461400 0.4936777 0.4567544 0.4697968 0.4667423 0.2567460 0.5067374 0.4418654 0.4541828 0.4364119 0.4807949 0.3654835 0.4763408 0.4577397 0.4757595 0.4357430 0.4428560 0.4875725 0.3189126 0.4560971 0.4447054 0.4425286 0.4400532 0.4452816 0.4196296 0.4847218 0.4460051 0.4815321 0.4688285 0.5780443 0.3358900 0.3453084 0.4350264 0.4463256 0.4649054 0.2076579 0.4654329 0.2473947 0.4366513 0.4789745 0.4797842 0.4815970 0.4748691 0.1613980 0.4837004 0.4493766 0.4493175 0.4425662 0.4458507 0.4372714 0.2473515 0.4720932 0.4167350 0.5113218 0.4779999 0.2395877 0.4428626 0.4791606 0.4324997 0.4308477 
Lycapsus_tenuifolius_17                    0.1085249 0.1271342 0.1892793 0.2013063 0.1281953 0.1460271 0.1792487 0.2090437 0.4450301 0.0000000 0.3982978 0.1689623 0.1016782 0.1015451 0.1605699 0.2171603 0.1415719 0.1709527 0.1728044 0.1059347 0.0964326 0.1493999 0.3167163 0.1207535 0.1051389 0.1344716 0.2200972 0.2085912 0.2202127 0.1420531 0.2117400 0.1887410 0.1605847 0.2573111 0.1017799 0.1604613 0.1957198 0.1842169 0.1640706 0.1980358 0.0996905 0.0979795 0.1496868 0.1685837 0.1516854 0.1469716 0.1482161 0.1508136 0.1553890 0.1231514 0.1003755 0.0956330 0.1796205 0.1735146 0.2893646 0.1134410 0.1358229 0.1482173 0.1482006 0.2083326 0.2032688 0.1958842 0.0972843 0.1606800 0.2102382 0.1904453 0.1617283 0.2177349 0.0937492 0.1632439 0.1016779 0.1508986 0.1443171 0.1493564 0.1238384 0.1076663 0.1922207 0.2157669 0.2658058 0.2674733 0.1685503 0.1481325 0.1118988 0.1316511 0.0931188 
Pericome_caudata_50_silver                 0.3781779 0.3317726 0.3776299 0.4154750 0.4331217 0.1451978 0.4585545 0.2480195 0.6033684 0.3982978 0.0000000 0.3335699 0.4172244 0.4477894 0.3102263 0.4742777 0.6703417 0.4241823 0.3774040 0.3404408 0.3926273 0.4469896 0.3117787 0.3940737 0.4164075 0.4174262 0.5523952 0.4334106 0.4261907 0.4728567 0.4046176 0.4364866 0.4795972 0.5429089 0.4270332 0.4312594 0.4473608 0.3563371 0.4598306 0.4238984 0.4106315 0.4121484 0.4657724 0.4012232 0.4597119 0.4176058 0.4492411 0.4499540 0.4240275 0.3890269 0.4342030 0.4101012 0.4221994 0.3446359 0.5276136 0.2935680 0.2767958 0.4532090 0.4495414 0.4746194 0.2107038 0.4659958 0.1638370 0.2925652 0.4085810 0.4945485 0.3894914 0.3341556 0.2140738 0.3971132 0.4082874 0.4101924 0.4473647 0.4474869 0.3653929 0.2123796 0.4268026 0.4264363 0.6742838 0.4965136 0.2222979 0.4477786 0.4224977 0.3908498 0.3373972 
Perityle_aglossa_84_dead_horse             0.1253817 0.1085404 0.2129944 0.1944687 0.1602171 0.1449557 0.1747461 0.2199314 0.4668517 0.1689623 0.3335699 0.0000000 0.1604217 0.1532547 0.0274330 0.2444851 0.0823322 0.2045418 0.1763032 0.1776225 0.1575140 0.2393820 0.3153216 0.1892817 0.1672910 0.2238628 0.2398219 0.2552765 0.2567657 0.1619073 0.1443082 0.2298478 0.1765899 0.2603212 0.1580363 0.1978430 0.2236501 0.0430127 0.2594506 0.2218089 0.1648815 0.1645492 0.2434688 0.2060277 0.2560741 0.2319515 0.2452237 0.2453835 0.2452465 0.1899594 0.1638340 0.1576162 0.2172686 0.0363347 0.3068360 0.1519012 0.1583610 0.2437431 0.2451915 0.2431905 0.2088322 0.2380276 0.0919416 0.0127840 0.2421903 0.2421481 0.2105034 0.2110241 0.0858087 0.0683194 0.1618845 0.1520975 0.2403813 0.2465188 0.1978179 0.1732286 0.2490577 0.2489204 0.2655614 0.1343545 0.2074541 0.2420158 0.1432797 0.1234646 0.1348860 
Perityle_ajoensis_204                      0.1041103 0.0981278 0.2123664 0.1749687 0.1245822 0.1309058 0.1569182 0.2044025 0.4406259 0.1016782 0.4172244 0.1604217 0.0000000 0.0221687 0.1800554 0.2014580 0.1223170 0.1793368 0.1552160 0.0310650 0.0182699 0.1478900 0.2763105 0.0872579 0.0865278 0.1306629 0.2168017 0.1923511 0.2129655 0.1199954 0.1571980 0.2054200 0.1359016 0.2346763 0.0253761 0.1514988 0.1809250 0.1981689 0.1583828 0.1869051 0.0147004 0.0156870 0.1505314 0.1647953 0.1472816 0.0791922 0.1476860 0.1477720 0.1585315 0.0900246 0.0141948 0.0146403 0.2043904 0.1892951 0.2679175 0.0875297 0.1394696 0.1489434 0.1489758 0.2083017 0.1637667 0.1962150 0.0950901 0.1565543 0.2021804 0.2089489 0.1593666 0.2105415 0.0111112 0.1506937 0.0231471 0.1392769 0.1438021 0.1488225 0.0460707 0.0715534 0.1990493 0.2112558 0.1894364 0.2640486 0.1539283 0.1451112 0.1033139 0.1213140 0.1120787 
Perityle_ambrosiifolia_67_green            0.1090695 0.0952858 0.2145024 0.1710292 0.1265580 0.1310184 0.1562227 0.1964636 0.4881553 0.1015451 0.4477894 0.1532547 0.0221687 0.0000000 0.1683494 0.2013842 0.1179708 0.1700472 0.1563289 0.0350251 0.0154937 0.1484316 0.2643281 0.1024238 0.0832545 0.1293055 0.1673433 0.2066215 0.2187086 0.1236231 0.1571931 0.2072383 0.1362118 0.2413524 0.0292160 0.1569686 0.1945837 0.1885481 0.1702865 0.1844370 0.0268499 0.0290767 0.1598355 0.1774539 0.1577435 0.0852613 0.1557199 0.1543677 0.1686871 0.0997062 0.0278927 0.0255537 0.2049649 0.1805514 0.2257428 0.0875193 0.1393936 0.1571855 0.1541601 0.2101923 0.1678346 0.1942881 0.0951504 0.1537596 0.2040136 0.2071272 0.1556034 0.2038118 0.0111112 0.1541451 0.0219927 0.1413211 0.1528208 0.1569754 0.0410879 0.0715917 0.1955330 0.2229754 0.1480492 0.2385884 0.1539388 0.1570533 0.0995543 0.1117525 0.1079968 
Perityle_angustifolia_13_Eagle_creek       0.1164960 0.0958362 0.1685681 0.1885498 0.1567695 0.1352627 0.1173575 0.2066864 0.4447926 0.1605699 0.3102263 0.0274330 0.1800554 0.1683494 0.0000000 0.2041268 0.0569753 0.1863643 0.1568827 0.1843482 0.1674502 0.1862462 0.3518402 0.1832267 0.1664822 0.1885510 0.1707846 0.1807981 0.2048227 0.1576005 0.1540100 0.1836011 0.1777450 0.2126347 0.1723619 0.1455550 0.1474396 0.0381460 0.1844720 0.1979144 0.1732672 0.1720419 0.1880973 0.1414905 0.1873007 0.1827944 0.1882494 0.1901781 0.2028708 0.1831520 0.1774831 0.1684594 0.1710678 0.0429216 0.2321149 0.1643257 0.1674204 0.1864349 0.1862462 0.1861667 0.2153088 0.2201575 0.0916520 0.0304969 0.2134228 0.2049198 0.1966191 0.1947196 0.0855021 0.0694145 0.1722149 0.1515775 0.1842957 0.1899102 0.1808333 0.1760074 0.1956956 0.2010722 0.2224548 0.0673793 0.2126123 0.1843291 0.1455550 0.1339640 0.1383187 
Perityle_batopilensis_97                   0.1340712 0.1305079 0.1709550 0.2035344 0.1796177 0.1743938 0.2172647 0.2476276 0.4937501 0.2171603 0.4742777 0.2444851 0.2014580 0.2013842 0.2041268 0.0000000 0.1962872 0.1542777 0.2095267 0.1680464 0.1942210 0.1315036 0.3444018 0.2152723 0.1788646 0.1361769 0.2779386 0.1836874 0.1873131 0.1760462 0.1824470 0.1580022 0.1767551 0.3159507 0.2095577 0.2154095 0.1770491 0.2201864 0.2006915 0.0174957 0.2006211 0.2010935 0.1260475 0.1784711 0.1881276 0.1505640 0.1301215 0.1328385 0.1894108 0.2159633 0.2021024 0.1940508 0.1577292 0.2332980 0.1878603 0.1023771 0.1530358 0.1315368 0.1314767 0.1549230 0.1710794 0.1774061 0.1072454 0.2273746 0.1868299 0.2615760 0.1602082 0.2005409 0.0821218 0.2080557 0.1967838 0.2085817 0.1273917 0.1313328 0.1568312 0.0725515 0.1603210 0.1860947 0.3210215 0.3173149 0.1604357 0.1313947 0.1811441 0.1518489 0.0978257 
Perityle_bisetosa_9                        0.1190761 0.0807873 0.2024230 0.1843822 0.1162352 0.2027193 0.1437651 0.1805857 0.5345067 0.1415719 0.6703417 0.0823322 0.1223170 0.1179708 0.0569753 0.1962872 0.0000000 0.1673413 0.1256043 0.1059621 0.1185538 0.1970317 0.0100607 0.1016327 0.1301064 0.1667937 0.1265751 0.2173199 0.2435130 0.1395761 0.1247500 0.2242505 0.1387292 0.1438411 0.1232673 0.2044645 0.2418416 0.0900799 0.2138207 0.1700793 0.1193417 0.1255394 0.2157507 0.1723658 0.2072253 0.1918593 0.2105040 0.2133316 0.2167456 0.1016005 0.1230990 0.1158366 0.2014691 0.0822271 0.2535191 0.0995465 0.0906235 0.2051413 0.2104570 0.2336115 0.1571173 0.1924268 0.0926131 0.0859942 0.2172632 0.2029948 0.1348857 0.2025871 0.0958532 0.0635977 0.1206200 0.1047220 0.2046937 0.2102691 0.1186296 0.1112343 0.2034727 0.2292381 0.1138921 0.0341998 0.1586918 0.2075541 0.1163420 0.0470984 0.0773313 
Perityle_californica_76_positas            0.1446374 0.1201408 0.0254449 0.2073679 0.1394154 0.1405627 0.1674291 0.1835143 0.5138080 0.1709527 0.4241823 0.2045418 0.1793368 0.1700472 0.1863643 0.1542777 0.1673413 0.0000000 0.1810860 0.1630165 0.1688618 0.1387719 0.3099296 0.1669079 0.1536249 0.1442856 0.1757882 0.1480954 0.1547633 0.1793269 0.1900382 0.1038213 0.1940299 0.2240371 0.1812471 0.1674952 0.1617282 0.2134381 0.1358799 0.1521529 0.1763590 0.1770552 0.1422153 0.1526771 0.1355026 0.1683053 0.1404942 0.1424273 0.1424083 0.1649500 0.1788438 0.1716895 0.1011282 0.2233713 0.2063244 0.1126209 0.1356016 0.1459717 0.1387719 0.1325765 0.1758246 0.1449211 0.0890642 0.2000278 0.1491332 0.1790719 0.1153436 0.1264052 0.0676064 0.1942743 0.1733910 0.1530232 0.1404713 0.1387088 0.1671588 0.1129379 0.1153559 0.1362570 0.1955685 0.1986409 0.1507666 0.1405023 0.1474002 0.1416739 0.1188281 
Perityle_canescens_77                      0.1249947 0.0954559 0.1867948 0.1964188 0.1246198 0.1557340 0.1643819 0.2092298 0.3551086 0.1728044 0.3774040 0.1763032 0.1552160 0.1563289 0.1568827 0.2095267 0.1256043 0.1810860 0.0000000 0.1573000 0.1483190 0.1768768 0.2733103 0.1622834 0.1628816 0.1752195 0.2838410 0.2020414 0.2069917 0.1251089 0.1687415 0.1795800 0.1288990 0.2505447 0.1570899 0.1531919 0.1053378 0.1490603 0.1952772 0.2008303 0.1559501 0.1549757 0.1677745 0.0984278 0.1839312 0.1541005 0.1730456 0.1770675 0.1735412 0.1665660 0.1496618 0.1477673 0.1649046 0.1538519 0.2344761 0.1392110 0.1472198 0.1696312 0.1751350 0.1986104 0.1674917 0.1771415 0.1416940 0.1739346 0.2069684 0.1874291 0.1579500 0.1931062 0.1062801 0.1530458 0.1514516 0.1129706 0.1694322 0.1750072 0.1522396 0.1616156 0.1653080 0.2095756 0.2888148 0.2577954 0.1892853 0.1732290 0.1495887 0.1313232 0.1293682 
Perityle_castillonii_96                    0.1048836 0.1041072 0.1637957 0.1791354 0.1237767 0.1403118 0.1326057 0.1932850 0.4053819 0.1059347 0.3404408 0.1776225 0.0310650 0.0350251 0.1843482 0.1680464 0.1059621 0.1630165 0.1573000 0.0000000 0.0324381 0.1040975 0.2884260 0.0730347 0.0921892 0.1029326 0.2184487 0.1626077 0.1693988 0.1301724 0.1766665 0.1623555 0.1425469 0.2398582 0.0372029 0.0955477 0.1371783 0.1936531 0.1145841 0.1666158 0.0349229 0.0359604 0.0977663 0.1336649 0.1044828 0.0432956 0.1028242 0.1041825 0.1130106 0.0770749 0.0391229 0.0359948 0.1602017 0.2026196 0.2300020 0.0907864 0.1382757 0.1028134 0.1028146 0.1558476 0.1623698 0.1795690 0.0966780 0.1664881 0.1781291 0.1698370 0.1484971 0.1693911 0.0425124 0.1601999 0.0347424 0.1380856 0.0987533 0.1040652 0.0420524 0.0753118 0.1498110 0.1750130 0.2242063 0.2780933 0.1436932 0.1027620 0.0930743 0.1224850 0.1086691 
Perityle_cernua_84                         0.1045657 0.0968335 0.1972511 0.1679678 0.1137737 0.1209394 0.1535056 0.1929805 0.4401228 0.0964326 0.3926273 0.1575140 0.0182699 0.0154937 0.1674502 0.1942210 0.1185538 0.1688618 0.1483190 0.0324381 0.0000000 0.1376483 0.2766930 0.0838107 0.0821521 0.1268882 0.2180038 0.1896652 0.2060662 0.1171105 0.1570593 0.1944210 0.1290771 0.2281661 0.0259573 0.1395435 0.1711185 0.1897969 0.1466846 0.1829896 0.0205209 0.0193329 0.1371391 0.1467453 0.1355179 0.0655336 0.1377546 0.1365386 0.1484461 0.0865605 0.0191222 0.0182578 0.1888216 0.1814609 0.2636922 0.0811023 0.1316200 0.1390200 0.1364442 0.1913619 0.1639085 0.1929538 0.0916815 0.1515298 0.2011183 0.1904863 0.1523779 0.2004005 0.0111210 0.1475104 0.0171647 0.1291672 0.1338565 0.1376081 0.0402180 0.0687555 0.1865367 0.2030871 0.1885024 0.2634089 0.1478057 0.1363807 0.0912377 0.1107554 0.1048299 
Perityle_cfvillosa_25_tin                  0.1166895 0.1224001 0.1574931 0.1988029 0.1628162 0.1369692 0.2067340 0.2242230 0.4463344 0.1493999 0.4469896 0.2393820 0.1478900 0.1484316 0.1862462 0.1315036 0.1970317 0.1387719 0.1768768 0.1040975 0.1376483 0.0000000 0.3354342 0.1507877 0.0533901 0.0129336 0.2627728 0.1501416 0.1641729 0.1668036 0.1715572 0.1457174 0.1805996 0.2869088 0.1531425 0.1857909 0.1493207 0.2109848 0.1373726 0.1292916 0.1495050 0.1474505 0.0055616 0.1479063 0.1268505 0.0969235 0.0093347 0.0051700 0.1186091 0.1502146 0.1482555 0.1437946 0.1481903 0.2277584 0.2113261 0.0746037 0.1154702 0.0145583 0.0041327 0.1437865 0.1656276 0.1567000 0.0933313 0.2177232 0.1666864 0.2215734 0.1405838 0.1837063 0.0611569 0.2023656 0.1462148 0.1912721 0.0041303 0.0041289 0.0988174 0.0024854 0.1401261 0.1668816 0.3065653 0.3176553 0.1367474 0.0051676 0.1526645 0.1289980 0.0944274 
Perityle_cinerea_113_Powell1310            0.2912585 0.2707484 0.3094122 0.3618095 0.2978911 0.3337339 0.2775721 0.3056862 0.3517602 0.3167163 0.3117787 0.3153216 0.2763105 0.2643281 0.3518402 0.3444018 0.0100607 0.3099296 0.2733103 0.2884260 0.2766930 0.3354342 0.0000000 0.3006238 0.3354342 0.3354342 0.3271607 0.3127583 0.3342251 0.2592772 0.1462922 0.3324692 0.3125138 0.2587682 0.2598190 0.2978378 0.2734831 0.3212029 0.2950602 0.3360454 0.2702777 0.2702777 0.3354342 0.2727949 0.2943662 0.2760524 0.3354342 0.3354342 0.3337434 0.3006238 0.2702777 0.2702777 0.3463748 0.3210181 0.3362475 0.2992156 0.3326812 0.3420309 0.3354342 0.3300690 0.3544567 0.3482222 0.3106972 0.3280566 0.3483221 0.3334632 0.2989283 0.3122048 0.1795747 0.3209206 0.2772047 0.2904755 0.3354342 0.3354342 0.2702632 0.3228974 0.3062875 0.3221423 0.3097808 0.3217185 0.3370679 0.3354342 0.2978378 0.3033217 0.3150933 
Perityle_coahuilensis_24                   0.1269755 0.1073492 0.2010771 0.1678945 0.1227144 0.1492054 0.1455446 0.1953605 0.4185101 0.1207535 0.3940737 0.1892817 0.0872579 0.1024238 0.1832267 0.2152723 0.1016327 0.1669079 0.1622834 0.0730347 0.0838107 0.1507877 0.3006238 0.0000000 0.1138668 0.1371792 0.2491961 0.2111869 0.1930437 0.1511758 0.2140009 0.2154990 0.1400336 0.2337331 0.0964829 0.1985511 0.1989725 0.2013243 0.1529202 0.2001255 0.0918183 0.0913507 0.1541526 0.1718290 0.1432812 0.1174178 0.1534882 0.1561270 0.1565535 0.0053764 0.0934556 0.0890177 0.2087199 0.1958204 0.3029370 0.1096737 0.1098319 0.1547689 0.1534716 0.1866772 0.1714901 0.1768869 0.1303983 0.1804818 0.1823685 0.1661422 0.1604061 0.2026147 0.0781529 0.1817074 0.0914633 0.1364034 0.1495262 0.1520952 0.0868050 0.1005641 0.1818546 0.1906609 0.2576642 0.2501572 0.1158803 0.1520839 0.1444078 0.1015399 0.1222020 
Perityle_cochisensis_44_cave_creek         0.1111977 0.1197809 0.1927827 0.1895970 0.1148549 0.1369692 0.1671759 0.2188853 0.4376409 0.1051389 0.4164075 0.1672910 0.0865278 0.0832545 0.1664822 0.1788646 0.1301064 0.1536249 0.1628816 0.0921892 0.0821521 0.0533901 0.3354342 0.1138668 0.0000000 0.0455306 0.2073187 0.1797319 0.1986717 0.1353848 0.1715572 0.1837473 0.1382903 0.2468457 0.0915207 0.1469519 0.1838811 0.1811985 0.1616868 0.1640764 0.0856587 0.0840389 0.0577053 0.1588022 0.1535060 0.1351937 0.0546159 0.0545653 0.1444159 0.1156992 0.0844157 0.0805728 0.1840116 0.1758793 0.2681839 0.0722850 0.1175639 0.0579496 0.0522886 0.1761309 0.1656276 0.1787162 0.0933313 0.1600008 0.1864624 0.1784314 0.1555208 0.2182829 0.0611569 0.1623697 0.0828740 0.1509357 0.0488927 0.0533760 0.1136264 0.0024854 0.1869788 0.1965416 0.2357333 0.2728270 0.1367474 0.0522646 0.0974424 0.1213414 0.0944875 
Perityle_congesta_202                      0.1147568 0.1267961 0.1623157 0.1962949 0.1500940 0.1369692 0.1893991 0.2188566 0.4461400 0.1344716 0.4174262 0.2238628 0.1306629 0.1293055 0.1885510 0.1361769 0.1667937 0.1442856 0.1752195 0.1029326 0.1268882 0.0129336 0.3354342 0.1371792 0.0455306 0.0000000 0.2603502 0.1501447 0.1735412 0.1746943 0.1763434 0.1548535 0.1651412 0.2788240 0.1346715 0.1738823 0.1508850 0.2133123 0.1362316 0.1301892 0.1310324 0.1290375 0.0151461 0.1440561 0.1253419 0.1034170 0.0075192 0.0140331 0.1173172 0.1399155 0.1303585 0.1253091 0.1509952 0.2299832 0.2199210 0.0747665 0.1220446 0.0140208 0.0118534 0.1530994 0.1765506 0.1657441 0.0900460 0.2110633 0.1716628 0.2017115 0.1443744 0.1885302 0.0609126 0.1901771 0.1277794 0.1795281 0.0107668 0.0129303 0.1014758 0.0125188 0.1490305 0.1741986 0.3009997 0.3044413 0.1423401 0.0140263 0.1482099 0.1329553 0.0944486 
Perityle_cordifolia_27                     0.1890032 0.1865397 0.2364902 0.2681561 0.1297253 0.1266150 0.2381439 0.3904491 0.4936777 0.2200972 0.5523952 0.2398219 0.2168017 0.1673433 0.1707846 0.2779386 0.1265751 0.1757882 0.2838410 0.2184487 0.2180038 0.2627728 0.3271607 0.2491961 0.2073187 0.2603502 0.0000000 0.2842313 0.2524140 0.1368356 0.1831011 0.2062183 0.1533513 0.3171550 0.2151331 0.1371671 0.2918879 0.1820378 0.2709621 0.2875003 0.2144485 0.2175928 0.2232061 0.2774517 0.2720859 0.2803601 0.2699061 0.2700774 0.2852185 0.2538387 0.1976608 0.2148624 0.2108937 0.1957260 0.3075066 0.1072494 0.1454323 0.2699223 0.2682947 0.2329929 0.1886633 0.1887840 0.0926733 0.2589707 0.2193547 0.1063012 0.1608235 0.2939638 0.0673306 0.1922381 0.2161876 0.1740541 0.2635671 0.2695891 0.2605286 0.0983320 0.1830962 0.2826404 0.2826299 0.2807927 0.1574414 0.2652713 0.0823981 0.1321625 0.1164757 
Perityle_cordifolia_68_tecolote            0.1391095 0.1328366 0.1753317 0.1990129 0.1490289 0.1133175 0.2354244 0.2499340 0.4567544 0.2085912 0.4334106 0.2552765 0.1923511 0.2066215 0.1807981 0.1836874 0.2173199 0.1480954 0.2020414 0.1626077 0.1896652 0.1501416 0.3127583 0.2111869 0.1797319 0.1501447 0.2842313 0.0000000 0.1497555 0.1534916 0.1902693 0.1366679 0.1767379 0.2851494 0.2140660 0.2080850 0.1727263 0.2004174 0.1776929 0.1782561 0.2017198 0.1992792 0.1444407 0.1737308 0.1700547 0.1615639 0.1488592 0.1515110 0.1610391 0.2075061 0.1994315 0.2007337 0.1503697 0.2142102 0.2215418 0.0168308 0.1413140 0.1501867 0.1488884 0.1653762 0.1681279 0.1532388 0.0847956 0.2309561 0.1659815 0.2400187 0.1452863 0.2082801 0.0578121 0.2170468 0.2063110 0.1937610 0.1448788 0.1500226 0.1624469 0.0744110 0.1509836 0.1375358 0.3294542 0.3149070 0.1412653 0.1462204 0.1906858 0.1305448 0.0970660 
Perityle_coronopifolia_28_patagonia        0.1521715 0.1159795 0.1471273 0.2292376 0.1617408 0.1590742 0.2062023 0.1876803 0.4697968 0.2202127 0.4261907 0.2567657 0.2129655 0.2187086 0.2048227 0.1873131 0.2435130 0.1547633 0.2069917 0.1693988 0.2060662 0.1641729 0.3342251 0.1930437 0.1986717 0.1735412 0.2524140 0.1497555 0.0000000 0.1852906 0.2642260 0.1517122 0.1796434 0.3009677 0.2304970 0.2103723 0.1823600 0.2313783 0.1682444 0.1862515 0.2184459 0.2171282 0.1675480 0.1910828 0.1622567 0.1756035 0.1639733 0.1654346 0.1525450 0.1937145 0.2170129 0.2142792 0.1509599 0.2502981 0.2053394 0.1433850 0.1399670 0.1682107 0.1625933 0.0471719 0.1853502 0.0533363 0.1681394 0.2316777 0.0268991 0.2245851 0.1437371 0.1669773 0.1386749 0.2445599 0.2206637 0.1822260 0.1638709 0.1652603 0.1765424 0.1379620 0.1446740 0.0580629 0.3535053 0.3343380 0.0213797 0.1653423 0.1832578 0.1616060 0.1338532 
Perityle_crassifolia_70_ventanas           0.0779020 0.0704721 0.1663676 0.1873448 0.1045862 0.0845839 0.1572149 0.1555578 0.4667423 0.1420531 0.4728567 0.1619073 0.1199954 0.1236231 0.1576005 0.1760462 0.1395761 0.1793269 0.1251089 0.1301724 0.1171105 0.1668036 0.2592772 0.1511758 0.1353848 0.1746943 0.1368356 0.1534916 0.1852906 0.0000000 0.0970140 0.1584519 0.1514848 0.1767198 0.1182904 0.1670522 0.1440680 0.1818095 0.1830966 0.1758654 0.1185500 0.1178751 0.1725412 0.0951093 0.1783055 0.1574680 0.1725982 0.1649634 0.1947879 0.1512812 0.1217761 0.1142859 0.1703301 0.1741609 0.1995057 0.1099018 0.1606887 0.1687857 0.1668036 0.1763467 0.1799752 0.1991611 0.1064809 0.1595908 0.1877372 0.1895371 0.1338146 0.1614167 0.0513674 0.1377619 0.1198000 0.0766085 0.1648111 0.1686863 0.1409875 0.1033542 0.1563002 0.1836524 0.1430151 0.1733712 0.1639220 0.1686863 0.1212940 0.1290584 0.1240949 
Perityle_crassifolia_74_playa_balandra     0.1262234 0.1329311 0.1944277 0.2370420 0.1869905 0.2101373 0.1673328 0.2119646 0.2567460 0.2117400 0.4046176 0.1443082 0.1571980 0.1571931 0.1540100 0.1824470 0.1247500 0.1900382 0.1687415 0.1766665 0.1570593 0.1715572 0.1462922 0.2140009 0.1715572 0.1763434 0.1831011 0.1902693 0.2642260 0.0970140 0.0000000 0.1808587 0.1918851 0.1790523 0.1568633 0.1312382 0.1559724 0.1969591 0.2033493 0.1828286 0.1479332 0.1479332 0.1813743 0.1356436 0.2098024 0.1618686 0.1810713 0.1715572 0.2042372 0.2140009 0.1572714 0.1527275 0.1510239 0.1969952 0.1686928 0.1461745 0.2224534 0.1762238 0.1715572 0.2563386 0.2127786 0.2716430 0.1288958 0.1543855 0.2717841 0.2710895 0.1893335 0.2054381 0.1039362 0.1034900 0.1528785 0.1705029 0.1715572 0.1762936 0.1569997 0.1173738 0.2251294 0.2721801 0.1385833 0.1390593 0.2281783 0.1715572 0.1312382 0.1751759 0.1567292 
Perityle_cuneata_34_cuneata_San_antonio    0.1435397 0.1258146 0.0935239 0.2226063 0.1685876 0.1501738 0.2122911 0.2198654 0.5067374 0.1887410 0.4364866 0.2298478 0.2054200 0.2072383 0.1836011 0.1580022 0.2242505 0.1038213 0.1795800 0.1623555 0.1944210 0.1457174 0.3324692 0.2154990 0.1837473 0.1548535 0.2062183 0.1366679 0.1517122 0.1584519 0.1808587 0.0000000 0.1995608 0.2705548 0.2158405 0.1963163 0.1529608 0.2278641 0.1511222 0.1555792 0.2112309 0.2119050 0.1426586 0.1410906 0.1502013 0.1531614 0.1486404 0.1471946 0.1613898 0.2094871 0.2133152 0.2088421 0.1196108 0.2171364 0.1965077 0.0977040 0.1518895 0.1502424 0.1441899 0.1530724 0.1849771 0.1727289 0.0936159 0.2076030 0.1619382 0.2445340 0.1259127 0.1287529 0.0810245 0.2108193 0.2085910 0.1632474 0.1426227 0.1440849 0.1538898 0.1039786 0.1246720 0.1493889 0.2858845 0.2561972 0.1657892 0.1471065 0.1770586 0.1703317 0.0962123 
Perityle_cuneata_4                         0.1331477 0.1120650 0.2100271 0.1694712 0.1146622 0.1412148 0.1412637 0.1932897 0.4418654 0.1605847 0.4795972 0.1765899 0.1359016 0.1362118 0.1777450 0.1767551 0.1387292 0.1940299 0.1288990 0.1425469 0.1290771 0.1805996 0.3125138 0.1400336 0.1382903 0.1651412 0.1533513 0.1767379 0.1796434 0.1514848 0.1918851 0.1995608 0.0000000 0.1782488 0.1432759 0.1834910 0.1922032 0.2075991 0.1916182 0.1634562 0.1434504 0.1459429 0.1887514 0.1758626 0.1851318 0.1812285 0.1854800 0.1855862 0.2063887 0.1428229 0.1459725 0.1411132 0.1924672 0.1899957 0.2341931 0.1163858 0.1399939 0.1855685 0.1854983 0.1847843 0.1558365 0.1625217 0.1205774 0.1762612 0.1644576 0.2042069 0.1758200 0.2061369 0.0817952 0.1771862 0.1444609 0.1391602 0.1836880 0.1886889 0.1434766 0.1130991 0.2038544 0.1887872 0.1642972 0.1842187 0.1382265 0.1870564 0.1235941 0.1456932 0.1267817 
Perityle_discoidea_81                      0.1227431 0.1268995 0.2931534 0.2136855 0.1642094 0.1844297 0.2146897 0.3274696 0.4541828 0.2573111 0.5429089 0.2603212 0.2346763 0.2413524 0.2126347 0.3159507 0.1438411 0.2240371 0.2505447 0.2398582 0.2281661 0.2869088 0.2587682 0.2337331 0.2468457 0.2788240 0.3171550 0.2851494 0.3009677 0.1767198 0.1790523 0.2705548 0.1782488 0.0000000 0.2398257 0.2959655 0.2648066 0.2203907 0.2900073 0.2989331 0.2366488 0.2360909 0.3015840 0.2494024 0.2750706 0.2723216 0.2870844 0.2901333 0.2970330 0.2362850 0.2438977 0.2316943 0.2542391 0.2340794 0.3059350 0.1625316 0.2035700 0.2887457 0.2887169 0.2673022 0.2063164 0.2217774 0.1365277 0.2474236 0.2836672 0.2510354 0.2105946 0.3173695 0.0690783 0.2145661 0.2347144 0.2115735 0.2835638 0.2884730 0.2464439 0.1576634 0.2387738 0.2829559 0.2996226 0.3067719 0.2097794 0.2853034 0.2306040 0.1669532 0.1579420 
Perityle_dissecta_201                      0.1102571 0.0983612 0.2224516 0.1751533 0.1317499 0.1219400 0.1659324 0.2074111 0.4364119 0.1017799 0.4270332 0.1580363 0.0253761 0.0292160 0.1723619 0.2095577 0.1232673 0.1812471 0.1570899 0.0372029 0.0259573 0.1531425 0.2598190 0.0964829 0.0915207 0.1346715 0.2151331 0.2140660 0.2304970 0.1182904 0.1568633 0.2158405 0.1432759 0.2398257 0.0000000 0.1597692 0.1896483 0.1926556 0.1656378 0.1962002 0.0306789 0.0326848 0.1608263 0.1704790 0.1543824 0.0953265 0.1584370 0.1585292 0.1753645 0.0951047 0.0297309 0.0305524 0.2146811 0.1827702 0.2914127 0.0876858 0.1351370 0.1597044 0.1597393 0.2188591 0.1760598 0.2059007 0.0952857 0.1565238 0.2112260 0.2111041 0.1667729 0.2169343 0.0148365 0.1468614 0.0348705 0.1355665 0.1545109 0.1595745 0.0569945 0.0745815 0.2085893 0.2289742 0.1924557 0.2642286 0.1542477 0.1583476 0.1011689 0.1138551 0.1082134 
Perityle_emoryi_47_punta_san_jose          0.1093854 0.0817311 0.2054845 0.1834573 0.1639929 0.1307607 0.1778651 0.2109907 0.4807949 0.1604613 0.4312594 0.1978430 0.1514988 0.1569686 0.1455550 0.2154095 0.2044645 0.1674952 0.1531919 0.0955477 0.1395435 0.1857909 0.2978378 0.1985511 0.1469519 0.1738823 0.1371671 0.2080850 0.2103723 0.1670522 0.1312382 0.1963163 0.1834910 0.2959655 0.1597692 0.0000000 0.2051451 0.1542710 0.2105225 0.2037024 0.1586810 0.1561909 0.1952111 0.1597085 0.2052637 0.1925012 0.1920999 0.1936982 0.1959965 0.1959829 0.1576628 0.1517289 0.1846881 0.1814624 0.2310702 0.0886674 0.1132868 0.1938202 0.1904373 0.1926269 0.1642266 0.1895395 0.0886527 0.1759481 0.1922004 0.1619685 0.1488706 0.1920202 0.0570529 0.1924439 0.1516664 0.1679901 0.1888185 0.1919788 0.1421605 0.0921916 0.1811642 0.1991088 0.2502616 0.2858358 0.1256542 0.1935795 0.0427664 0.0982130 0.0859156 
Perityle_feddemae_99                       0.1155089 0.1078830 0.1623499 0.2051511 0.1877559 0.1517281 0.2134446 0.2023068 0.3654835 0.1957198 0.4473608 0.2236501 0.1809250 0.1945837 0.1474396 0.1770491 0.2418416 0.1617282 0.1053378 0.1371783 0.1711185 0.1493207 0.2734831 0.1989725 0.1838811 0.1508850 0.2918879 0.1727263 0.1823600 0.1440680 0.1559724 0.1529608 0.1922032 0.2648066 0.1896483 0.2051451 0.0000000 0.1535984 0.1699470 0.1739274 0.1936580 0.1891732 0.1474499 0.0340254 0.1539062 0.1414956 0.1477917 0.1463428 0.1388375 0.1981345 0.1923976 0.1858851 0.1509309 0.1769128 0.1969314 0.1040599 0.1272179 0.1432563 0.1462739 0.1877064 0.2045149 0.1712293 0.1257933 0.1995374 0.1954039 0.2650745 0.1302196 0.1884723 0.0865945 0.1888687 0.1859637 0.1772227 0.1415603 0.1476118 0.1412827 0.1272140 0.1441984 0.1897156 0.3067548 0.3017633 0.1792880 0.1431110 0.1738116 0.1223893 0.1132384 
Perityle_fosteri_93                        0.1095872 0.0936951 0.2005415 0.1861402 0.1867359 0.1450075 0.1460977 0.1765847 0.4763408 0.1842169 0.3563371 0.0430127 0.1981689 0.1885481 0.0381460 0.2201864 0.0900799 0.2134381 0.1490603 0.1936531 0.1897969 0.2109848 0.3212029 0.2013243 0.1811985 0.2133123 0.1820378 0.2004174 0.2313783 0.1818095 0.1969591 0.2278641 0.2075991 0.2203907 0.1926556 0.1542710 0.1535984 0.0000000 0.2235226 0.2176631 0.1951748 0.1938418 0.2145674 0.1303853 0.2181811 0.2226026 0.2129795 0.2111854 0.2221238 0.2012458 0.2010835 0.1924605 0.1978567 0.0454546 0.2751168 0.1523357 0.1695750 0.2111923 0.2109848 0.2117327 0.2115913 0.2448723 0.0885282 0.0477044 0.2379713 0.2264054 0.2298979 0.2349889 0.0816561 0.0739105 0.1921547 0.1931027 0.2090485 0.2145915 0.2133783 0.1694171 0.2307947 0.2198401 0.2396568 0.0621771 0.2151744 0.2090853 0.1462914 0.1415391 0.1492609 
Perityle_gamon_221                         0.1340767 0.1185966 0.1538139 0.2009519 0.1677455 0.0999662 0.2158147 0.2125719 0.4577397 0.1640706 0.4598306 0.2594506 0.1583828 0.1702865 0.1844720 0.2006915 0.2138207 0.1358799 0.1952772 0.1145841 0.1466846 0.1373726 0.2950602 0.1529202 0.1616868 0.1362316 0.2709621 0.1776929 0.1682444 0.1830966 0.2033493 0.1511222 0.1916182 0.2900073 0.1656378 0.2105225 0.1699470 0.2235226 0.0000000 0.1978863 0.1675176 0.1639063 0.1337757 0.1693663 0.0276869 0.1253182 0.1374167 0.1387806 0.1043756 0.1465916 0.1684012 0.1613036 0.1469321 0.2328138 0.2265212 0.1036061 0.1370378 0.1348461 0.1374444 0.1622665 0.1558970 0.1540075 0.1077009 0.2268684 0.1611881 0.2395106 0.1272453 0.1711268 0.0719428 0.2432872 0.1638269 0.1902016 0.1334278 0.1385950 0.1221285 0.0933049 0.1233682 0.1771391 0.3290239 0.3250640 0.1453806 0.1360119 0.1897972 0.1326183 0.1180473 
Perityle_gentryi_8_san_francisco           0.1311209 0.1320490 0.1693151 0.1965235 0.1621232 0.1786259 0.1956152 0.2239774 0.4757595 0.1980358 0.4238984 0.2218089 0.1869051 0.1844370 0.1979144 0.0174957 0.1700793 0.1521529 0.2008303 0.1666158 0.1829896 0.1292916 0.3360454 0.2001255 0.1640764 0.1301892 0.2875003 0.1782561 0.1862515 0.1758654 0.1828286 0.1555792 0.1634562 0.2989331 0.1962002 0.2037024 0.1739274 0.2176631 0.1978863 0.0000000 0.1877848 0.1851921 0.1240133 0.1692288 0.1867751 0.1542361 0.1280249 0.1307713 0.1867913 0.2018626 0.1862972 0.1795649 0.1585021 0.2256360 0.2118824 0.1094612 0.1527637 0.1294100 0.1280116 0.1556571 0.1631281 0.1788919 0.1070814 0.2109757 0.1851224 0.2333151 0.1617832 0.1919951 0.0859876 0.1930651 0.1808969 0.1913366 0.1252662 0.1292515 0.1557478 0.0780423 0.1633184 0.1803373 0.3224894 0.3117617 0.1630812 0.1293131 0.1773199 0.1535297 0.0997310 
Perityle_gilensis_22_Superstition          0.1024606 0.1004736 0.2180077 0.1676870 0.1258187 0.1212405 0.1608032 0.2099820 0.4357430 0.0996905 0.4106315 0.1648815 0.0147004 0.0268499 0.1732672 0.2006211 0.1193417 0.1763590 0.1559501 0.0349229 0.0205209 0.1495050 0.2702777 0.0918183 0.0856587 0.1310324 0.2144485 0.2017198 0.2184459 0.1185500 0.1479332 0.2112309 0.1434504 0.2366488 0.0306789 0.1586810 0.1936580 0.1951748 0.1675176 0.1877848 0.0000000 0.0020659 0.1583700 0.1746422 0.1562990 0.0836121 0.1549489 0.1574086 0.1675341 0.0892017 0.0119635 0.0083013 0.2101532 0.1893546 0.2783966 0.0852381 0.1417615 0.1560680 0.1561020 0.2127001 0.1677248 0.1971216 0.0884543 0.1567117 0.1963354 0.2061160 0.1601228 0.2129457 0.0148760 0.1517471 0.0124924 0.1447254 0.1508939 0.1559412 0.0450372 0.0659308 0.1999441 0.2192910 0.1988453 0.2598015 0.1539304 0.1522128 0.1014763 0.1161810 0.1040304 
Perityle_gilensis_salensis_225             0.1018693 0.1004736 0.2152615 0.1692444 0.1266341 0.1212405 0.1604985 0.2070397 0.4428560 0.0979795 0.4121484 0.1645492 0.0156870 0.0290767 0.1720419 0.2010935 0.1255394 0.1770552 0.1549757 0.0359604 0.0193329 0.1474505 0.2702777 0.0913507 0.0840389 0.1290375 0.2175928 0.1992792 0.2171282 0.1178751 0.1479332 0.2119050 0.1459429 0.2360909 0.0326848 0.1561909 0.1891732 0.1938418 0.1639063 0.1851921 0.0020659 0.0000000 0.1547808 0.1702555 0.1527981 0.0809114 0.1516413 0.1540816 0.1639749 0.0875155 0.0119053 0.0082628 0.2073967 0.1890081 0.2768495 0.0852381 0.1417615 0.1527540 0.1527870 0.2131026 0.1677248 0.1957622 0.0884543 0.1550112 0.1951381 0.2052716 0.1589988 0.2101538 0.0148760 0.1554426 0.0124342 0.1472061 0.1476260 0.1526306 0.0436214 0.0659308 0.1986016 0.2180460 0.1991379 0.2633020 0.1539304 0.1489325 0.1008515 0.1155819 0.1040304 
Perityle_gracilis_11                       0.1102397 0.1008841 0.1587396 0.2003089 0.1696321 0.1369692 0.2124035 0.2050595 0.4875725 0.1496868 0.4657724 0.2434688 0.1505314 0.1598355 0.1880973 0.1260475 0.2157507 0.1422153 0.1677745 0.0977663 0.1371391 0.0055616 0.3354342 0.1541526 0.0577053 0.0151461 0.2232061 0.1444407 0.1675480 0.1725412 0.1813743 0.1426586 0.1887514 0.3015840 0.1608263 0.1952111 0.1474499 0.2145674 0.1337757 0.1240133 0.1583700 0.1547808 0.0000000 0.1460120 0.1225778 0.0912434 0.0121865 0.0066252 0.1178774 0.1493144 0.1572388 0.1508396 0.1480443 0.2311256 0.1638554 0.0768725 0.1176058 0.0155453 0.0055162 0.1467524 0.1654494 0.1600960 0.0965798 0.2203296 0.1682278 0.2313415 0.1440745 0.1730348 0.0650898 0.2117009 0.1520824 0.1988763 0.0055128 0.0066192 0.0924202 0.0049861 0.1417701 0.1607321 0.2932034 0.3148125 0.1394998 0.0066219 0.1652599 0.1308486 0.0963596 
Perityle_harkerae_31                       0.1057481 0.1008053 0.1590007 0.2088806 0.1637158 0.1570709 0.1903591 0.1988858 0.3189126 0.1685837 0.4012232 0.2060277 0.1647953 0.1774539 0.1414905 0.1784711 0.1723658 0.1526771 0.0984278 0.1336649 0.1467453 0.1479063 0.2727949 0.1718290 0.1588022 0.1440561 0.2774517 0.1737308 0.1910828 0.0951093 0.1356436 0.1410906 0.1758626 0.2494024 0.1704790 0.1597085 0.0340254 0.1303853 0.1693663 0.1692288 0.1746422 0.1702555 0.1460120 0.0000000 0.1550515 0.1336477 0.1480225 0.1480281 0.1347117 0.1701939 0.1782709 0.1685258 0.1379646 0.1433577 0.2110310 0.1040911 0.1330969 0.1430075 0.1463439 0.1872681 0.2005550 0.1814549 0.1222061 0.1765837 0.1956847 0.2391983 0.1215225 0.1820987 0.0824371 0.1641356 0.1650065 0.1496695 0.1411335 0.1461871 0.1310631 0.1166450 0.1343670 0.1913014 0.2989906 0.2962164 0.1757013 0.1445625 0.1477903 0.1256442 0.1081337 
