85
Amauria_brandeegeana_62                    0.0000000 0.0602563 0.0672576 0.2521367 0.2654338 0.2546819 0.2147669 0.2782966 0.0110602 0.2080847 0.1072539 0.1068338 0.2165697 0.0809343 0.1141232 0.1031044 0.1938922 0.1132126 0.1141832 0.1437184 0.1652183 0.1231111 0.2185402 0.1067710 0.1059491 0.1563690 0.1802501 0.1000870 0.0804339 0.0839985 0.0909632 0.0823364 0.1332524 0.2120931 0.0894489 0.0971205 0.1582677 0.1136496 0.1095777 0.2159025 0.2140336 0.0922793 0.1085263 0.0962346 0.1166823 0.0926399 0.1158054 0.1078864 0.0928400 0.2081070 0.2321392 0.1069557 0.0947477 0.0887006 0.1396800 0.0830947 0.0845631 0.1176461 0.1133000 0.1010507 0.0555180 0.1689698 0.0780573 0.1120224 0.0928489 0.1398333 0.1285787 0.2292734 0.0853566 0.1150587 0.2194694 0.0756596 0.1087951 0.1150339 0.1033111 0.1054210 0.1280371 0.0947445 0.1096720 0.1097324 0.1437251 0.1116260 0.0847102 0.0983213 0.0835219 
Amauria_carterae_99_mesa                   0.0602563 0.0000000 0.0641190 0.1884169 0.1387819 0.1858321 0.1789291 0.2322200 0.0582922 0.1539803 0.0976185 0.0851431 0.1687678 0.0708762 0.1051520 0.0873131 0.1076365 0.0948620 0.0927412 0.1080549 0.0989847 0.1222346 0.1367367 0.0950740 0.0904159 0.0906528 0.0936722 0.1003778 0.0853767 0.0951514 0.0770828 0.0699659 0.1428272 0.1288114 0.0727921 0.1005205 0.1044086 0.0972862 0.1036830 0.1338559 0.1352543 0.0914013 0.1012617 0.0916792 0.1067909 0.0884901 0.0934851 0.0958960 0.0904887 0.1323193 0.1429994 0.0916047 0.0873011 0.0905153 0.1047822 0.0761470 0.0776727 0.0927776 0.0926308 0.0985812 0.0694146 0.0966755 0.0970708 0.0986900 0.0958460 0.0935667 0.1055760 0.2306671 0.0807843 0.0915448 0.1341580 0.0883045 0.0926180 0.0971417 0.0905767 0.0981334 0.1058845 0.1038068 0.0956780 0.0957321 0.0987271 0.0958600 0.0852348 0.1008824 0.0981537 
Amauria_rotundifolia_SRR9119150            0.0672576 0.0641190 0.0000000 0.2463328 0.2476711 0.2517733 0.1900307 0.2741878 0.0677970 0.1881243 0.1035312 0.1010997 0.1678467 0.0747138 0.1238694 0.0982982 0.2269007 0.1210935 0.1041624 0.1319267 0.1601291 0.1130572 0.1863991 0.0964753 0.1011060 0.1544683 0.1732594 0.1123432 0.0847444 0.0914374 0.1123562 0.0995305 0.1969277 0.1806587 0.0297907 0.1080004 0.1505560 0.1047953 0.1171001 0.1825694 0.1803927 0.1045337 0.1121629 0.1097513 0.1074732 0.1018220 0.1160598 0.1051885 0.1004160 0.1789554 0.1996528 0.0969041 0.0858371 0.0978757 0.1483625 0.0803485 0.0835477 0.1101225 0.1064282 0.1161985 0.0728903 0.1686764 0.0749909 0.1069591 0.1132158 0.1368652 0.1412843 0.2712166 0.1048502 0.1106142 0.1866769 0.0969834 0.1026159 0.1093310 0.0983262 0.1064390 0.1329899 0.1120502 0.1047549 0.1058798 0.1509338 0.1071221 0.1066257 0.1099121 0.1062907 
Conoclinium_coelestinum_SRR9119114         0.2521367 0.1884169 0.2463328 0.0000000 0.2384474 0.1515587 0.2752950 0.3013353 0.2545442 0.2614020 0.2597230 0.2631627 0.3477598 0.3128086 0.2740379 0.2561794 0.2836421 0.2465067 0.2710953 0.2505843 0.2576481 0.1853917 0.3419098 0.2679004 0.2576761 0.2488829 0.2717675 0.2789430 0.2607871 0.2047161 0.2501237 0.2564087 0.4526117 0.3313881 0.2519589 0.2626804 0.2763666 0.2806333 0.2645662 0.3348592 0.3451891 0.2639045 0.3752948 0.2564926 0.2780050 0.2564761 0.4051419 0.2732799 0.2649917 0.3315642 0.3420094 0.2660305 0.2379374 0.2526697 0.3220004 0.1998184 0.2147662 0.2728252 0.2655817 0.2556828 0.2217532 0.2925293 0.0000010 0.2662911 0.2597160 0.2336440 0.2850889 0.4934512 0.2332323 0.2616726 0.3419098 0.2621526 0.2621620 0.2643556 0.2629722 0.1880245 0.3011653 0.2750106 0.2729319 0.2566565 0.2367974 0.2750937 0.2592694 0.2008061 0.1620527 
Eutetras_palmeri_63                        0.2654338 0.1387819 0.2476711 0.2384474 0.0000000 0.2909137 0.1175578 0.2873510 0.2741761 0.1623780 0.2638981 0.2736026 0.2534691 0.1545639 0.2874731 0.2659084 0.3090112 0.2049576 0.2564635 0.1822728 0.2753315 0.1142622 0.2695994 0.2592746 0.2651500 0.2777614 0.2861933 0.2787618 0.2086424 0.1540128 0.2657417 0.2655332 0.4467913 0.2666930 0.2379308 0.2852827 0.2710134 0.2731375 0.2859840 0.2681417 0.2637288 0.2853026 0.3814654 0.2892012 0.2700745 0.2713798 0.4114735 0.2647791 0.2684238 0.2530472 0.2683855 0.2547930 0.2128193 0.2528716 0.2807589 0.1908937 0.1859506 0.2768286 0.2718450 0.2673172 0.1682000 0.3169804 0.1822859 0.2700687 0.2756370 0.2545858 0.3131846 0.4635405 0.2325935 0.2825064 0.2685933 0.2665469 0.2692981 0.2681178 0.2553437 0.1457307 0.2875063 0.2872446 0.2708806 0.2687604 0.1950633 0.2755782 0.2614171 0.2102349 0.1856105 
Eutrochium_fistulosum_SRR9119106           0.2546819 0.1858321 0.2517733 0.1515587 0.2909137 0.0000000 0.2440095 0.3503442 0.2561966 0.2739527 0.2560927 0.2478650 0.2948194 0.2290174 0.2657145 0.2475515 0.2579312 0.2379424 0.2603791 0.2346114 0.2919927 0.1443802 0.3210890 0.2498001 0.2499465 0.2802448 0.2960856 0.2719077 0.2517008 0.1863704 0.2489349 0.2594395 0.3944584 0.3105106 0.2395164 0.2476485 0.2686436 0.2751307 0.2731491 0.3141512 0.3146837 0.2583093 0.2934915 0.2476193 0.2647462 0.2429407 0.3311617 0.2553858 0.2520440 0.3070817 0.3226711 0.2477739 0.2404357 0.2420717 0.2919948 0.1858081 0.1933830 0.2594688 0.2558315 0.2603631 0.1634210 0.2868943 0.1185947 0.2603154 0.2519321 0.2627620 0.2733021 0.3613757 0.2530693 0.2538427 0.3199105 0.2520534 0.2500200 0.2537181 0.2592661 0.1741342 0.2760610 0.2699018 0.2599263 0.2539686 0.1833806 0.2585006 0.2488811 0.2073929 0.1446976 
Galeana_pratensis_104_mex                  0.2147669 0.1789291 0.1900307 0.2752950 0.1175578 0.2440095 0.0000000 0.2725178 0.2125065 0.1556150 0.2348175 0.2234730 0.1375548 0.1863919 0.2174400 0.2259558 0.2047630 0.2371516 0.2356012 0.2141497 0.2318142 0.1746094 0.1752243 0.2309690 0.2214362 0.2077151 0.2397165 0.2379654 0.2344036 0.2190938 0.2162718 0.2223776 0.2100508 0.1684552 0.1953917 0.2138733 0.2160009 0.2312215 0.2136692 0.1746986 0.1727176 0.2201149 0.2309910 0.2225067 0.2074821 0.2053806 0.2557240 0.2345875 0.2202635 0.1742916 0.1707118 0.2330054 0.2091589 0.2027282 0.2469401 0.2127058 0.1864108 0.2329416 0.2281810 0.2277933 0.1561116 0.2164491 0.1601751 0.2350875 0.2273659 0.2108843 0.2443408 0.2694550 0.1867588 0.2300097 0.1729281 0.2319331 0.2257271 0.2268945 0.2335547 0.1873207 0.2208282 0.2317603 0.2257589 0.2325223 0.1902229 0.2345875 0.2134689 0.1822955 0.1463643 
Helianthus_annuus_SRR9119062               0.2782966 0.2322200 0.2741878 0.3013353 0.2873510 0.3503442 0.2725178 0.0000000 0.2752555 0.3042235 0.2867825 0.2852515 0.3206955 0.2119787 0.2991632 0.2870891 0.2643504 0.2848063 0.2860692 0.2928064 0.3426200 0.2269828 0.3453691 0.2846692 0.2926327 0.3188002 0.3203570 0.3105146 0.2979751 0.2639181 0.2736335 0.2783935 0.4071943 0.3371442 0.2661522 0.3049462 0.2910381 0.3095091 0.2963582 0.3385777 0.3303799 0.3024289 0.2986041 0.2827126 0.3056042 0.2761495 0.3352461 0.3029220 0.2846313 0.3292036 0.3506771 0.2975875 0.2830310 0.2734930 0.3065590 0.2523219 0.2600730 0.3021362 0.3006099 0.3046455 0.2015170 0.3073255 0.3188535 0.2887798 0.2811947 0.3100656 0.3122680 0.3984471 0.2405086 0.2955907 0.3465902 0.2724010 0.2965396 0.3029921 0.2817498 0.2507581 0.2988821 0.2983478 0.2974002 0.2892108 0.2590741 0.3090726 0.2797914 0.2749148 0.2466412 
Lycapsus_tenuifolius_17                    0.0110602 0.0582922 0.0677970 0.2545442 0.2741761 0.2561966 0.2125065 0.2752555 0.0000000 0.2105234 0.1098607 0.1095771 0.2189339 0.0809531 0.1160722 0.1051142 0.2047786 0.1091493 0.1136655 0.1422824 0.1738241 0.1234104 0.2208032 0.1062257 0.1085470 0.1557633 0.1853315 0.1021405 0.0783841 0.0851226 0.0924304 0.0832953 0.1357698 0.2133937 0.0895711 0.0998175 0.1578064 0.1150270 0.1115964 0.2181729 0.2155282 0.0949028 0.1117125 0.0978489 0.1198185 0.0953083 0.1204056 0.1086135 0.0934994 0.2100271 0.2327632 0.1070270 0.0947957 0.0899776 0.1388591 0.0820106 0.0838077 0.1214301 0.1165156 0.1018994 0.0631011 0.1704404 0.0818481 0.1146003 0.0917047 0.1405682 0.1273126 0.2284696 0.0938191 0.1176444 0.2217207 0.0738745 0.1113869 0.1157741 0.1033788 0.1084853 0.1296110 0.0985896 0.1122516 0.1123131 0.1463681 0.1148529 0.0857373 0.0958766 0.0849241 
Pericome_caudata_50_silver                 0.2080847 0.1539803 0.1881243 0.2614020 0.1623780 0.2739527 0.1556150 0.3042235 0.2105234 0.0000000 0.2080567 0.2012574 0.0962589 0.2319875 0.2279581 0.2012825 0.2629671 0.2022376 0.2028041 0.1393207 0.2910596 0.1430077 0.1649171 0.2003341 0.2049072 0.2752230 0.3010975 0.2225101 0.2115047 0.1491011 0.2103707 0.2121016 0.3681393 0.1640678 0.1800474 0.2240605 0.2329043 0.2255508 0.2222619 0.1579450 0.1553265 0.2264966 0.2755715 0.2175387 0.2107000 0.2118362 0.2840636 0.2098320 0.2143762 0.1526199 0.1613377 0.2018753 0.2000612 0.2006465 0.2401950 0.1824950 0.1701625 0.2145983 0.2112972 0.2136802 0.1858590 0.2936403 0.1762877 0.2155671 0.2233692 0.2612082 0.2379738 0.3500058 0.2533198 0.2096499 0.1644204 0.1988329 0.2066427 0.2086792 0.2071670 0.1464022 0.2310488 0.2285929 0.2089311 0.2119625 0.2058695 0.2113126 0.2243685 0.1511161 0.1573750 
Perityle_aglossa_84_dead_horse             0.1072539 0.0976185 0.1035312 0.2597230 0.2638981 0.2560927 0.2348175 0.2867825 0.1098607 0.2080567 0.0000000 0.0240364 0.2200455 0.0812327 0.1164706 0.0227888 0.2396934 0.1188113 0.0409158 0.1242252 0.0941643 0.1311688 0.2139448 0.0345265 0.0237682 0.1415480 0.1703751 0.1043786 0.1058243 0.1118562 0.1256202 0.1076395 0.2224245 0.2084545 0.1022659 0.1017037 0.1052812 0.0944822 0.1103120 0.2064436 0.2045274 0.0981675 0.0190277 0.0997712 0.0944059 0.1032773 0.0287496 0.0304747 0.0963011 0.1981394 0.2217332 0.0294005 0.0857667 0.0944344 0.1457755 0.0898415 0.0833287 0.0410447 0.0320782 0.1056357 0.0739498 0.1624830 0.1174770 0.0217769 0.1080719 0.1347339 0.1366817 0.2605704 0.0294849 0.0378803 0.2149178 0.1107651 0.0279879 0.0330566 0.0249217 0.0258753 0.1325091 0.1081963 0.0304942 0.0145530 0.1522369 0.0347319 0.1142038 0.1039849 0.0988124 
Perityle_ajoensis_204                      0.1068338 0.0851431 0.1010997 0.2631627 0.2736026 0.2478650 0.2234730 0.2852515 0.1095771 0.2012574 0.0240364 0.0000000 0.2160042 0.0708248 0.0976031 0.0105368 0.2349608 0.1108434 0.0284161 0.1275748 0.0793756 0.1293744 0.1868008 0.0227178 0.0094448 0.1410696 0.1507255 0.1009052 0.0958409 0.1086420 0.1211091 0.1037608 0.1995604 0.1812721 0.0961781 0.0959258 0.0889911 0.0890097 0.0958920 0.1809102 0.1856931 0.0935680 0.0137500 0.0936401 0.0903139 0.0926845 0.0203579 0.0139203 0.0907982 0.1793821 0.1950143 0.0136325 0.0850372 0.0869755 0.1413772 0.0792984 0.0765147 0.0266263 0.0174345 0.1028460 0.0640826 0.1574462 0.1017684 0.0261717 0.1051910 0.1353656 0.1284996 0.2449142 0.0257269 0.0169096 0.1878928 0.1016259 0.0110694 0.0176897 0.0278520 0.0116099 0.1212893 0.1019121 0.0158107 0.0228142 0.1414246 0.0179852 0.1120361 0.1021355 0.0939754 
Perityle_ambrosiifolia_67_green            0.2165697 0.1687678 0.1678467 0.3477598 0.2534691 0.2948194 0.1375548 0.3206955 0.2189339 0.0962589 0.2200455 0.2160042 0.0000000 0.2267808 0.2314927 0.2163648 0.3102218 0.2549808 0.2203073 0.1170275 0.3872359 0.1914676 0.0041412 0.2197688 0.2191455 0.3552183 0.3452612 0.2235773 0.2326319 0.1767517 0.2056017 0.2274646 0.2514940 0.0062906 0.1725591 0.2086815 0.2316504 0.2238558 0.2299124 0.0030915 0.0031485 0.2157640 0.2211189 0.2122949 0.2092896 0.2205825 0.2241957 0.2222593 0.2130388 0.0088858 0.0103668 0.2168577 0.2160983 0.2192255 0.2528125 0.1651921 0.1832619 0.2324444 0.2310804 0.2323841 0.1527387 0.3126126 0.1537623 0.2263127 0.2453697 0.3501181 0.2572849 0.2404017 0.1996994 0.2180880 0.0041270 0.2277329 0.2192535 0.2258697 0.2233741 0.1607009 0.2433746 0.2360226 0.2188647 0.2190630 0.2070019 0.2255905 0.2489995 0.1705088 0.1598460 
Perityle_angustifolia_13_Eagle_creek       0.0809343 0.0708762 0.0747138 0.3128086 0.1545639 0.2290174 0.1863919 0.2119787 0.0809531 0.2319875 0.0812327 0.0708248 0.2267808 0.0000000 0.0659371 0.0725015 0.1364685 0.0903812 0.0842392 0.1751536 0.0779429 0.1015061 0.2316386 0.0826961 0.0778363 0.0368677 0.0766902 0.0797366 0.0765211 0.0790869 0.0688264 0.0787992 0.0751892 0.2270991 0.0764604 0.0720508 0.1169086 0.0898078 0.0641440 0.2291075 0.2270138 0.0667940 0.0833002 0.0653888 0.0842156 0.0109668 0.0918296 0.0851699 0.0667432 0.2288754 0.2450682 0.0814341 0.0669031 0.0093838 0.1083519 0.0510472 0.0515283 0.0938677 0.0938531 0.0728336 0.0423587 0.0793726 0.0719295 0.0847143 0.0831335 0.0384327 0.0741369 0.1141044 0.0763600 0.0776258 0.2270138 0.0847127 0.0778436 0.0963179 0.0827580 0.0797872 0.0706011 0.0855841 0.0794061 0.0795437 0.0913316 0.0885919 0.0998847 0.0672931 0.0574484 
Perityle_batopilensis_97                   0.1141232 0.1051520 0.1238694 0.2740379 0.2874731 0.2657145 0.2174400 0.2991632 0.1160722 0.2279581 0.1164706 0.0976031 0.2314927 0.0659371 0.0000000 0.1052702 0.2237362 0.1244088 0.1131969 0.1559277 0.1685058 0.0985617 0.2258444 0.0892396 0.1074735 0.1600737 0.1822706 0.1081389 0.1202309 0.1044909 0.1273972 0.1175816 0.2175889 0.2209048 0.1099917 0.1171395 0.1558588 0.1275074 0.0193789 0.2202349 0.2138545 0.1122220 0.0996066 0.0955020 0.1334176 0.0886040 0.1185690 0.1088052 0.0968506 0.2103430 0.2371152 0.1077801 0.1123261 0.0774456 0.1374821 0.0819368 0.0818429 0.1268901 0.1140600 0.1117462 0.0648350 0.1521890 0.1141206 0.1200414 0.1145918 0.1460906 0.1378343 0.2323101 0.0849608 0.1065582 0.2260522 0.1026007 0.1114570 0.1146540 0.1084617 0.0923338 0.1276105 0.0996443 0.1134393 0.1195001 0.1442967 0.1147893 0.1224433 0.0916336 0.0909540 
Perityle_bisetosa_9                        0.1031044 0.0873131 0.0982982 0.2561794 0.2659084 0.2475515 0.2259558 0.2870891 0.1051142 0.2012825 0.0227888 0.0105368 0.2163648 0.0725015 0.1052702 0.0000000 0.2305225 0.1101864 0.0247763 0.1262534 0.0766894 0.1229545 0.2056013 0.0210444 0.0099789 0.1357122 0.1625212 0.0946984 0.0991748 0.1022746 0.1184856 0.1006890 0.2139212 0.2001272 0.0965874 0.0921525 0.0907230 0.0886247 0.1002786 0.1982400 0.1967914 0.0900219 0.0129246 0.0896693 0.0910760 0.0916070 0.0219060 0.0142268 0.0889701 0.1908310 0.2133828 0.0129033 0.0823830 0.0842699 0.1366010 0.0794237 0.0767802 0.0252577 0.0170544 0.0991446 0.0665140 0.1518250 0.1063321 0.0284584 0.1016730 0.1287596 0.1292726 0.2489650 0.0219966 0.0198563 0.2065769 0.1012691 0.0130456 0.0183160 0.0248283 0.0151757 0.1226436 0.0973423 0.0165479 0.0216375 0.1464272 0.0196181 0.1077856 0.0954236 0.0904784 
Perityle_californica_76_positas            0.1938922 0.1076365 0.2269007 0.2836421 0.3090112 0.2579312 0.2047630 0.2643504 0.2047786 0.2629671 0.2396934 0.2349608 0.3102218 0.1364685 0.2237362 0.2305225 0.0000000 0.1567762 0.2325825 0.1968704 0.2887494 0.1061932 0.3054340 0.2270490 0.2348353 0.2648987 0.2804806 0.2156518 0.1739648 0.0971847 0.1653998 0.2014089 0.2942836 0.3020874 0.2145021 0.1924505 0.2270246 0.2230294 0.2221432 0.3041288 0.3072955 0.2114465 0.2791345 0.2039983 0.2330911 0.2004316 0.3083893 0.2319475 0.2010546 0.2895962 0.3087119 0.2271633 0.1882890 0.1924590 0.2425122 0.1232626 0.1269208 0.2417040 0.2393871 0.2098212 0.0675771 0.2557154 0.0900974 0.2467761 0.2230005 0.2360485 0.2386964 0.3292616 0.0849144 0.2388681 0.3066652 0.1899098 0.2367708 0.2371427 0.2326637 0.1061965 0.2052744 0.2145711 0.2454907 0.2419471 0.1375658 0.2394853 0.1872511 0.1008750 0.0637524 
Perityle_canescens_77                      0.1132126 0.0948620 0.1210935 0.2465067 0.2049576 0.2379424 0.2371516 0.2848063 0.1091493 0.2022376 0.1188113 0.1108434 0.2549808 0.0903812 0.1244088 0.1101864 0.1567762 0.0000000 0.1121115 0.1575547 0.1575245 0.1006112 0.1963943 0.1174428 0.1108521 0.1281490 0.1370025 0.0901940 0.1278826 0.0970372 0.1123418 0.1203213 0.1762526 0.1930561 0.1220806 0.1089027 0.1199701 0.1115926 0.1198206 0.1945394 0.1976797 0.1088254 0.1380898 0.1008426 0.1164260 0.0977562 0.1553558 0.1225381 0.1081395 0.1914191 0.2069882 0.1132766 0.0986003 0.1004309 0.1255218 0.0788367 0.0893852 0.1301498 0.1191136 0.0681315 0.0639051 0.1092607 0.0943417 0.1204048 0.1110256 0.1213708 0.1167372 0.2211265 0.0800368 0.1142065 0.1968006 0.1199875 0.1174707 0.1227159 0.1147534 0.0832900 0.1060437 0.0892377 0.1189744 0.1213110 0.0737682 0.1249622 0.1228778 0.0606266 0.0649094 
Perityle_castillonii_96                    0.1141832 0.0927412 0.1041624 0.2710953 0.2564635 0.2603791 0.2356012 0.2860692 0.1136655 0.2028041 0.0409158 0.0284161 0.2203073 0.0842392 0.1131969 0.0247763 0.2325825 0.1121115 0.0000000 0.1265697 0.0834748 0.1335570 0.2163552 0.0254316 0.0284284 0.1431888 0.1618182 0.1062670 0.1054765 0.1076396 0.1291619 0.1090270 0.2167791 0.2100695 0.1055236 0.1073941 0.0902896 0.0954275 0.1100522 0.2086813 0.2076141 0.1023474 0.0395944 0.0945154 0.1019405 0.1021302 0.0428681 0.0332147 0.1019262 0.2011798 0.2263920 0.0298560 0.0915357 0.0970802 0.1473622 0.0815680 0.0904650 0.0407496 0.0337341 0.1041802 0.0689528 0.1529579 0.1096794 0.0435803 0.1102541 0.1403375 0.1398598 0.2553461 0.0331678 0.0369551 0.2173446 0.1043017 0.0317140 0.0370685 0.0370405 0.0234627 0.1354093 0.1048975 0.0331992 0.0390750 0.1510102 0.0374986 0.1170686 0.0996049 0.0977482 
Perityle_cernua_84                         0.1437184 0.1080549 0.1319267 0.2505843 0.1822728 0.2346114 0.2141497 0.2928064 0.1422824 0.1393207 0.1242252 0.1275748 0.1170275 0.1751536 0.1559277 0.1262534 0.1968704 0.1575547 0.1265697 0.0000000 0.1641851 0.1410373 0.1357625 0.1316287 0.1291331 0.1472563 0.1907054 0.1341631 0.1541773 0.1277907 0.1479237 0.1511637 0.2635312 0.1291314 0.1395177 0.1434926 0.1345852 0.1442096 0.1551426 0.1297936 0.1326100 0.1352133 0.1801062 0.1375978 0.1277046 0.1322333 0.1843326 0.1333479 0.1325314 0.1299788 0.1415263 0.1292490 0.1142263 0.1287743 0.1494875 0.1156587 0.1081639 0.1391534 0.1356921 0.1320009 0.1209070 0.1834227 0.1054530 0.1274047 0.1493191 0.1548299 0.1550212 0.2927525 0.1441058 0.1346130 0.1353356 0.1632069 0.1323497 0.1358865 0.1224268 0.1061346 0.1685816 0.1331059 0.1315373 0.1281589 0.1366812 0.1381194 0.1546506 0.1196287 0.1165278 
Perityle_cfvillosa_25_tin                  0.1652183 0.0989847 0.1601291 0.2576481 0.2753315 0.2919927 0.2318142 0.3426200 0.1738241 0.2910596 0.0941643 0.0793756 0.3872359 0.0779429 0.1685058 0.0766894 0.2887494 0.1575245 0.0834748 0.1641851 0.0000000 0.1309874 0.2858890 0.0775517 0.0713611 0.1470185 0.1922449 0.1574141 0.1451343 0.1253789 0.1807457 0.1651147 0.2837817 0.2767615 0.1488689 0.1593643 0.1574193 0.1475399 0.1641346 0.2778574 0.2711593 0.1507391 0.1078706 0.1666450 0.1688957 0.1516144 0.1231194 0.0673599 0.1380757 0.2556274 0.2938057 0.0671838 0.1276208 0.1398465 0.2002067 0.0965674 0.1190072 0.0919096 0.0829676 0.1640840 0.0665140 0.1950213 0.1407521 0.0969703 0.1522207 0.1307533 0.1914553 0.3791860 0.0219966 0.0926236 0.2865069 0.1763254 0.0725056 0.0754159 0.0812428 0.0332300 0.1803148 0.1610358 0.0829108 0.0929906 0.1761033 0.0807168 0.1724386 0.1528365 0.1624537 
Perityle_cinerea_113_Powell1310            0.1231111 0.1222346 0.1130572 0.1853917 0.1142622 0.1443802 0.1746094 0.2269828 0.1234104 0.1430077 0.1311688 0.1293744 0.1914676 0.1015061 0.0985617 0.1229545 0.1061932 0.1006112 0.1335570 0.1410373 0.1309874 0.0000000 0.1481166 0.1278165 0.1250054 0.0918781 0.0970941 0.1036568 0.1215384 0.1147717 0.1054663 0.1166195 0.2212101 0.1383395 0.1159204 0.1018403 0.1219368 0.1091880 0.0920115 0.1410537 0.1433023 0.1053802 0.1653860 0.0848457 0.1293114 0.0658731 0.1830779 0.1310633 0.0994777 0.1383591 0.1386070 0.1273923 0.1071794 0.0638520 0.1269052 0.0823770 0.0957914 0.1311836 0.1269117 0.1007601 0.1152706 0.0907751 0.0667391 0.1288960 0.1009814 0.0859466 0.1207597 0.2919100 0.6371896 0.1248564 0.1456978 0.1297787 0.1312830 0.1352399 0.1231638 0.1100716 0.1113675 0.1108343 0.1328486 0.1288752 0.0822867 0.1288607 0.1090277 0.0982592 0.0786676 
Perityle_coahuilensis_24                   0.2185402 0.1367367 0.1863991 0.3419098 0.2695994 0.3210890 0.1752243 0.3453691 0.2208032 0.1649171 0.2139448 0.1868008 0.0041412 0.2316386 0.2258444 0.2056013 0.3054340 0.1963943 0.2163552 0.1357625 0.2858890 0.1481166 0.0000000 0.1938510 0.2082760 0.2738685 0.2807903 0.2072169 0.2223196 0.1835900 0.2174005 0.2210168 0.3119003 0.0150812 0.1667600 0.2066325 0.2579968 0.2189920 0.2184726 0.0088015 0.0096831 0.2124759 0.1998285 0.1671497 0.2031446 0.2096002 0.2005641 0.2110822 0.1970409 0.0160791 0.0189782 0.2069883 0.2007874 0.2005862 0.2491197 0.1395681 0.1577533 0.2261853 0.2139966 0.2146431 0.1532140 0.2589767 0.1625177 0.2137270 0.2298944 0.2678866 0.2352145 0.3248320 0.2052048 0.2096429 0.0032878 0.2135327 0.2082952 0.2124342 0.2073424 0.1418118 0.2225380 0.2083339 0.2119657 0.2151316 0.2171477 0.2139611 0.2300602 0.1930340 0.1454122 
Perityle_cochisensis_44_cave_creek         0.1067710 0.0950740 0.0964753 0.2679004 0.2592746 0.2498001 0.2309690 0.2846692 0.1062257 0.2003341 0.0345265 0.0227178 0.2197688 0.0826961 0.0892396 0.0210444 0.2270490 0.1174428 0.0254316 0.1316287 0.0775517 0.1278165 0.1938510 0.0000000 0.0232162 0.1360878 0.1301448 0.1027318 0.1021289 0.1092310 0.1168509 0.1022572 0.1972741 0.1884775 0.0980585 0.0982562 0.0799388 0.0902155 0.0856435 0.1886240 0.1945782 0.0932030 0.0256443 0.0968623 0.0955116 0.0922229 0.0339002 0.0287447 0.0940392 0.1916158 0.2054003 0.0248833 0.0838437 0.0874885 0.1461316 0.0821197 0.0814752 0.0382744 0.0281824 0.1058515 0.0690388 0.1374148 0.1217879 0.0344845 0.1051443 0.1332544 0.1334907 0.2529182 0.0332318 0.0232200 0.1949685 0.1029271 0.0260697 0.0322014 0.0226665 0.0271173 0.1266291 0.0992114 0.0304000 0.0326703 0.1536841 0.0320934 0.1085181 0.1007427 0.0967167 
Perityle_congesta_202                      0.1059491 0.0904159 0.1011060 0.2576761 0.2651500 0.2499465 0.2214362 0.2926327 0.1085470 0.2049072 0.0237682 0.0094448 0.2191455 0.0778363 0.1074735 0.0099789 0.2348353 0.1108521 0.0284284 0.1291331 0.0713611 0.1250054 0.2082760 0.0232162 0.0000000 0.1341723 0.1649570 0.0979943 0.1024491 0.1064386 0.1212937 0.1046903 0.2164768 0.2028101 0.0996544 0.0937883 0.0918470 0.0903579 0.1025168 0.2008880 0.1995323 0.0916605 0.0128962 0.0943675 0.0920702 0.0938103 0.0218443 0.0121596 0.0906992 0.1938804 0.2160408 0.0139271 0.0828511 0.0865709 0.1403006 0.0815026 0.0757982 0.0241798 0.0155010 0.1038647 0.0665140 0.1554975 0.1017684 0.0268189 0.1038423 0.1306559 0.1302496 0.2472339 0.0219966 0.0239852 0.2092484 0.1073451 0.0089778 0.0152115 0.0274373 0.0139750 0.1246888 0.1006383 0.0154853 0.0231190 0.1438152 0.0165363 0.1115154 0.0997389 0.0939732 
Perityle_cordifolia_27                     0.1563690 0.0906528 0.1544683 0.2488829 0.2777614 0.2802448 0.2077151 0.3188002 0.1557633 0.2752230 0.1415480 0.1410696 0.3552183 0.0368677 0.1600737 0.1357122 0.2648987 0.1281490 0.1431888 0.1472563 0.1470185 0.0918781 0.2738685 0.1360878 0.1341723 0.0000000 0.1814713 0.1499371 0.1268356 0.0862265 0.1627023 0.1643311 0.2735765 0.2663378 0.1616626 0.1425483 0.1866204 0.1492079 0.1527234 0.2666472 0.2646910 0.1358928 0.1925068 0.1454245 0.1517158 0.1191473 0.1927967 0.1402982 0.1345315 0.2578157 0.2800998 0.1351514 0.0816804 0.1142817 0.2019137 0.0855382 0.0722144 0.1495275 0.1420684 0.1533231 0.0495643 0.1940536 0.0785969 0.1434745 0.1475621 0.0520047 0.1745548 0.3422776 0.0846666 0.1503624 0.2739792 0.1750756 0.1379710 0.1465409 0.1400345 0.0750495 0.1707378 0.1524196 0.1393939 0.1434815 0.1361988 0.1434702 0.1657095 0.1386674 0.1352148 
Perityle_cordifolia_68_tecolote            0.1802501 0.0936722 0.1732594 0.2717675 0.2861933 0.2960856 0.2397165 0.3203570 0.1853315 0.3010975 0.1703751 0.1507255 0.3452612 0.0766902 0.1822706 0.1625212 0.2804806 0.1370025 0.1618182 0.1907054 0.1922449 0.0970941 0.2807903 0.1301448 0.1649570 0.1814713 0.0000000 0.1669645 0.1433203 0.0932864 0.1954855 0.1730660 0.3004813 0.2725951 0.1424582 0.1742387 0.2182790 0.1710291 0.1685221 0.2749044 0.2636957 0.1694504 0.1819188 0.1581604 0.1896900 0.1716492 0.1966139 0.1604289 0.1500913 0.2493449 0.2827613 0.1525320 0.1464566 0.1564024 0.2213261 0.0243171 0.1041049 0.1806231 0.1709912 0.1802345 0.0427363 0.1776787 0.1072416 0.1729388 0.1719642 0.1567598 0.2001409 0.3670450 0.0638307 0.1584069 0.2799236 0.1670154 0.1664835 0.1687365 0.1549338 0.0839499 0.1765788 0.1662073 0.1713036 0.1736135 0.1280762 0.1725613 0.1835599 0.1307194 0.1136842 
Perityle_coronopifolia_28_patagonia        0.1000870 0.1003778 0.1123432 0.2789430 0.2787618 0.2719077 0.2379654 0.3105146 0.1021405 0.2225101 0.1043786 0.1009052 0.2235773 0.0797366 0.1081389 0.0946984 0.2156518 0.0901940 0.1062670 0.1341631 0.1574141 0.1036568 0.2072169 0.1027318 0.0979943 0.1499371 0.1669645 0.0000000 0.1143836 0.1023324 0.1095601 0.1033235 0.2149695 0.2009665 0.1167975 0.0918092 0.1510933 0.1097310 0.1028080 0.2019021 0.1990514 0.0931693 0.1005181 0.0929422 0.1063411 0.0847794 0.1199515 0.1013803 0.0929712 0.1949103 0.2163357 0.0996428 0.0993524 0.0803323 0.1125968 0.0729962 0.0806051 0.1140028 0.1055934 0.0637775 0.0669483 0.1560862 0.0874089 0.1072350 0.1001970 0.1352281 0.1163662 0.2354251 0.0766521 0.1078166 0.2074547 0.1108018 0.1018469 0.1082825 0.1004722 0.0857420 0.1213583 0.0558787 0.1043678 0.1055738 0.1037923 0.1062077 0.1036453 0.0527779 0.0530213 
Perityle_crassifolia_70_ventanas           0.0804339 0.0853767 0.0847444 0.2607871 0.2086424 0.2517008 0.2344036 0.2979751 0.0783841 0.2115047 0.1058243 0.0958409 0.2326319 0.0765211 0.1202309 0.0991748 0.1739648 0.1278826 0.1054765 0.1541773 0.1451343 0.1215384 0.2223196 0.1021289 0.1024491 0.1268356 0.1433203 0.1143836 0.0000000 0.0524409 0.1127129 0.0847431 0.1661919 0.2172325 0.0507180 0.1061765 0.1378254 0.1047646 0.1164060 0.2149509 0.2140022 0.1027196 0.1139598 0.0998353 0.1153894 0.0972995 0.1248969 0.1068144 0.1043098 0.2097329 0.2302680 0.1046603 0.0934926 0.0951029 0.1256876 0.0794050 0.0849528 0.1166838 0.1102344 0.1076348 0.0576827 0.1227888 0.0999833 0.1066249 0.1028626 0.1206705 0.1194228 0.2237867 0.0966702 0.1124261 0.2234741 0.0247606 0.1038862 0.1146490 0.1033453 0.1039407 0.1386725 0.1056020 0.1066900 0.1066486 0.1363086 0.1096836 0.0791844 0.1074848 0.0997987 
Perityle_crassifolia_74_playa_balandra     0.0839985 0.0951514 0.0914374 0.2047161 0.1540128 0.1863704 0.2190938 0.2639181 0.0851226 0.1491011 0.1118562 0.1086420 0.1767517 0.0790869 0.1044909 0.1022746 0.0971847 0.0970372 0.1076396 0.1277907 0.1253789 0.1147717 0.1835900 0.1092310 0.1064386 0.0862265 0.0932864 0.1023324 0.0524409 0.0000000 0.0848737 0.0915917 0.2225012 0.1745228 0.0841928 0.0979257 0.1045077 0.1068574 0.1021202 0.1794683 0.1843566 0.0942503 0.1356324 0.0909275 0.0995466 0.0831668 0.1529566 0.1151081 0.0942833 0.1791180 0.1848385 0.1107170 0.0886703 0.0819773 0.1111979 0.0828091 0.0855381 0.1161860 0.1149296 0.0976879 0.0689133 0.1020052 0.1195644 0.1117656 0.1032905 0.0866006 0.1118451 0.2039264 0.1038624 0.1072718 0.1798601 0.0724756 0.1095767 0.1185233 0.1076453 0.1091233 0.1130616 0.0976984 0.1127808 0.1158127 0.1089172 0.1151572 0.0839749 0.0908452 0.0907982 
Perityle_cuneata_34_cuneata_San_antonio    0.0909632 0.0770828 0.1123562 0.2501237 0.2657417 0.2489349 0.2162718 0.2736335 0.0924304 0.2103707 0.1256202 0.1211091 0.2056017 0.0688264 0.1273972 0.1184856 0.1653998 0.1123418 0.1291619 0.1479237 0.1807457 0.1054663 0.2174005 0.1168509 0.1212937 0.1627023 0.1954855 0.1095601 0.1127129 0.0848737 0.0000000 0.0954478 0.2016827 0.2111772 0.1059860 0.1125908 0.1677137 0.1250518 0.1195074 0.2126766 0.2116109 0.1066423 0.1248175 0.1054544 0.1241266 0.1039770 0.1422374 0.1251582 0.1039064 0.2048441 0.2281905 0.1202335 0.1062928 0.1028033 0.1428328 0.0882872 0.0916973 0.1378394 0.1297527 0.1078127 0.0641317 0.1915949 0.0862558 0.1279295 0.1143241 0.1482811 0.1378792 0.2323853 0.0644830 0.1312674 0.2183780 0.1045969 0.1240756 0.1291935 0.1189218 0.0808653 0.1254368 0.1093274 0.1255305 0.1262133 0.1225979 0.1285907 0.0856169 0.0810170 0.0679157 
Perityle_cuneata_4                         0.0823364 0.0699659 0.0995305 0.2564087 0.2655332 0.2594395 0.2223776 0.2783935 0.0832953 0.2121016 0.1076395 0.1037608 0.2274646 0.0787992 0.1175816 0.1006890 0.2014089 0.1203213 0.1090270 0.1511637 0.1651147 0.1166195 0.2210168 0.1022572 0.1046903 0.1643311 0.1730660 0.1033235 0.0847431 0.0915917 0.0954478 0.0000000 0.1914628 0.2152831 0.0919490 0.1006360 0.1535528 0.1112645 0.1119151 0.2147373 0.2122778 0.1017247 0.1170254 0.1045861 0.1223734 0.0991463 0.1228258 0.1046217 0.1018670 0.2060632 0.2308782 0.1024562 0.1007787 0.0931603 0.1384566 0.0804925 0.0828899 0.1185693 0.1124974 0.1034107 0.0715288 0.1644844 0.0939377 0.1100479 0.1045959 0.1418236 0.1263071 0.2267572 0.0801967 0.1148515 0.2220030 0.0891129 0.1050025 0.1129433 0.1037536 0.0978369 0.1255667 0.0995216 0.1101531 0.1077228 0.1341646 0.1107277 0.0715042 0.0872634 0.0783446 
Perityle_discoidea_81                      0.1332524 0.1428272 0.1969277 0.4526117 0.4467913 0.3944584 0.2100508 0.4071943 0.1357698 0.3681393 0.2224245 0.1995604 0.2514940 0.0751892 0.2175889 0.2139212 0.2942836 0.1762526 0.2167791 0.2635312 0.2837817 0.2212101 0.3119003 0.1972741 0.2164768 0.2735765 0.3004813 0.2149695 0.1661919 0.2225012 0.2016827 0.1914628 0.0000000 0.3020057 0.1670409 0.2243519 0.2645673 0.1869200 0.2166922 0.3065387 0.2981697 0.2127739 0.1218398 0.1745949 0.2289362 0.2115308 0.1386655 0.2128132 0.1950354 0.2820593 0.3260154 0.2042793 0.1993741 0.2017444 0.2619299 0.1396932 0.1563441 0.2311718 0.2242626 0.2185971 0.0580362 0.2339927 0.0778925 0.2274739 0.1972684 0.2533828 0.2346891 0.2721604 0.0854977 0.2160833 0.3120237 0.1808928 0.2212357 0.2259666 0.2031193 0.1526465 0.2085331 0.2116302 0.2189256 0.2248135 0.2027809 0.2231581 0.2050515 0.2115233 0.1293387 
Perityle_dissecta_201                      0.2120931 0.1288114 0.1806587 0.3313881 0.2666930 0.3105106 0.1684552 0.3371442 0.2133937 0.1640678 0.2084545 0.1812721 0.0062906 0.2270991 0.2209048 0.2001272 0.3020874 0.1930561 0.2100695 0.1291314 0.2767615 0.1383395 0.0150812 0.1884775 0.2028101 0.2663378 0.2725951 0.2009665 0.2172325 0.1745228 0.2111772 0.2152831 0.3020057 0.0000000 0.1605538 0.1992482 0.2505378 0.2109509 0.2118563 0.0105572 0.0154372 0.2045942 0.1957923 0.1624987 0.1961972 0.2046621 0.1987545 0.2042594 0.1906893 0.0136428 0.0162067 0.2000517 0.1948421 0.1953089 0.2391138 0.1368480 0.1537148 0.2214946 0.2092216 0.2062934 0.1562634 0.2543044 0.1492606 0.2075683 0.2242493 0.2605898 0.2318734 0.3225297 0.2061570 0.2041498 0.0139463 0.2079175 0.2028122 0.2071048 0.2018989 0.1355047 0.2164907 0.2043282 0.2057796 0.2104122 0.2089778 0.2091867 0.2252137 0.1837950 0.1376896 
Perityle_emoryi_47_punta_san_jose          0.0894489 0.0727921 0.0297907 0.2519589 0.2379308 0.2395164 0.1953917 0.2661522 0.0895711 0.1800474 0.1022659 0.0961781 0.1725591 0.0764604 0.1099917 0.0965874 0.2145021 0.1220806 0.1055236 0.1395177 0.1488689 0.1159204 0.1667600 0.0980585 0.0996544 0.1616626 0.1424582 0.1167975 0.0507180 0.0841928 0.1059860 0.0919490 0.1670409 0.1605538 0.0000000 0.1105913 0.1540351 0.1004892 0.1068784 0.1607012 0.1657791 0.1094389 0.1126862 0.1115029 0.1058933 0.1030172 0.1171824 0.1034956 0.1110698 0.1670144 0.1824451 0.0988262 0.0913706 0.1009303 0.1561258 0.0876373 0.0870382 0.1101297 0.1047780 0.1154001 0.0728903 0.1494243 0.0786662 0.1065536 0.1154641 0.1454633 0.1365139 0.2641280 0.1048502 0.0995801 0.1671497 0.0590953 0.0999727 0.1072701 0.1015077 0.1002652 0.1323973 0.1109797 0.1042522 0.1042342 0.1557384 0.1055375 0.0946790 0.1123076 0.1056503 
Perityle_feddemae_99                       0.0971205 0.1005205 0.1080004 0.2626804 0.2852827 0.2476485 0.2138733 0.3049462 0.0998175 0.2240605 0.1017037 0.0959258 0.2086815 0.0720508 0.1171395 0.0921525 0.1924505 0.1089027 0.1073941 0.1434926 0.1593643 0.1018403 0.2066325 0.0982562 0.0937883 0.1425483 0.1742387 0.0918092 0.1061765 0.0979257 0.1125908 0.1006360 0.2243519 0.1992482 0.1105913 0.0000000 0.1496355 0.1116348 0.1086644 0.2017702 0.1994936 0.0297838 0.0913991 0.0315775 0.1151422 0.0765865 0.1063055 0.0953966 0.0318789 0.1930424 0.2169590 0.0942870 0.0883637 0.0739924 0.1372631 0.0687884 0.0750197 0.1103900 0.1010718 0.1042788 0.0619621 0.1638324 0.0605794 0.1021330 0.1012404 0.1307386 0.1266809 0.2485487 0.0892948 0.1071119 0.2076770 0.1041084 0.0971948 0.1020633 0.0962451 0.0782577 0.1244045 0.0885387 0.1017225 0.1017129 0.1322957 0.1004710 0.1047184 0.0988111 0.0855175 
Perityle_fosteri_93                        0.1582677 0.1044086 0.1505560 0.2763666 0.2710134 0.2686436 0.2160009 0.2910381 0.1578064 0.2329043 0.1052812 0.0889911 0.2316504 0.1169086 0.1558588 0.0907230 0.2270246 0.1199701 0.0902896 0.1345852 0.1574193 0.1219368 0.2579968 0.0799388 0.0918470 0.1866204 0.2182790 0.1510933 0.1378254 0.1045077 0.1677137 0.1535528 0.2645673 0.2505378 0.1540351 0.1496355 0.0000000 0.1429561 0.1456766 0.2510548 0.2437500 0.1430161 0.1081032 0.1349985 0.1416052 0.1309032 0.1127458 0.0973355 0.1359259 0.2306128 0.2614322 0.0934799 0.1347523 0.1094611 0.1613741 0.0831434 0.0862161 0.1084032 0.0966853 0.1492137 0.0716253 0.2040894 0.1177480 0.1075821 0.1495046 0.1871309 0.1752217 0.2791297 0.0409385 0.0949287 0.2590004 0.1238171 0.0958673 0.1001832 0.0961875 0.0331476 0.1864309 0.1507682 0.0997263 0.1046661 0.1746634 0.0997710 0.1688731 0.1016147 0.0955801 
Perityle_gamon_221                         0.1136496 0.0972862 0.1047953 0.2806333 0.2731375 0.2751307 0.2312215 0.3095091 0.1150270 0.2255508 0.0944822 0.0890097 0.2238558 0.0898078 0.1275074 0.0886247 0.2230294 0.1115926 0.0954275 0.1442096 0.1475399 0.1091880 0.2189920 0.0902155 0.0903579 0.1492079 0.1710291 0.1097310 0.1047646 0.1068574 0.1250518 0.1112645 0.1869200 0.2109509 0.1004892 0.1116348 0.1429561 0.0000000 0.1197700 0.2147386 0.2074882 0.1088344 0.0962552 0.1032463 0.0872526 0.1091867 0.1036063 0.0958726 0.1093145 0.2027980 0.2299623 0.0915743 0.0971701 0.1046419 0.1550370 0.0885936 0.0840536 0.1058854 0.0970486 0.1121146 0.0794679 0.1547346 0.1019764 0.0981713 0.1087194 0.1405660 0.1331896 0.2595874 0.1134793 0.1013244 0.2207624 0.1075083 0.0937490 0.1025353 0.0911348 0.0917497 0.1290162 0.1058112 0.0940901 0.0971423 0.1481425 0.0995872 0.1199877 0.1044131 0.0951965 
Perityle_gentryi_8_san_francisco           0.1095777 0.1036830 0.1171001 0.2645662 0.2859840 0.2731491 0.2136692 0.2963582 0.1115964 0.2222619 0.1103120 0.0958920 0.2299124 0.0641440 0.0193789 0.1002786 0.2221432 0.1198206 0.1100522 0.1551426 0.1641346 0.0920115 0.2184726 0.0856435 0.1025168 0.1527234 0.1685221 0.1028080 0.1164060 0.1021202 0.1195074 0.1119151 0.2166922 0.2118563 0.1068784 0.1086644 0.1456766 0.1197700 0.0000000 0.2129333 0.2103776 0.1014734 0.0975011 0.0924250 0.1244974 0.0814491 0.1160557 0.1031942 0.0926667 0.2059941 0.2275474 0.1026536 0.1055017 0.0740434 0.1368909 0.0798125 0.0772655 0.1209506 0.1086033 0.1072283 0.0674489 0.1482573 0.1141206 0.1151534 0.1139103 0.1383489 0.1295002 0.2339199 0.0892767 0.0967725 0.2187746 0.1008891 0.1059518 0.1097130 0.1009093 0.0909542 0.1199548 0.0963129 0.1091506 0.1140473 0.1392611 0.1093012 0.1167243 0.0910778 0.0917241 
Perityle_gilensis_22_Superstition          0.2159025 0.1338559 0.1825694 0.3348592 0.2681417 0.3141512 0.1746986 0.3385777 0.2181729 0.1579450 0.2064436 0.1809102 0.0030915 0.2291075 0.2202349 0.1982400 0.3041288 0.1945394 0.2086813 0.1297936 0.2778574 0.1410537 0.0088015 0.1886240 0.2008880 0.2666472 0.2749044 0.2019021 0.2149509 0.1794683 0.2126766 0.2147373 0.3065387 0.0105572 0.1607012 0.2017702 0.2510548 0.2147386 0.2129333 0.0000000 0.0079439 0.2062317 0.1966700 0.1640287 0.1971181 0.2033997 0.1977971 0.2035485 0.1922244 0.0106599 0.0160890 0.1993562 0.1941010 0.1942727 0.2439056 0.1393172 0.1542301 0.2185579 0.2072122 0.2090234 0.1558483 0.2538486 0.1578356 0.2062575 0.2234430 0.2605258 0.2318707 0.3232752 0.1948824 0.2035935 0.0093333 0.2082889 0.2016154 0.2048865 0.2005775 0.1342475 0.2190274 0.2051484 0.2045284 0.2076461 0.2107029 0.2071781 0.2234703 0.1875433 0.1429639 
Perityle_gilensis_salensis_225             0.2140336 0.1352543 0.1803927 0.3451891 0.2637288 0.3146837 0.1727176 0.3303799 0.2155282 0.1553265 0.2045274 0.1856931 0.0031485 0.2270138 0.2138545 0.1967914 0.3072955 0.1976797 0.2076141 0.1326100 0.2711593 0.1433023 0.0096831 0.1945782 0.1995323 0.2646910 0.2636957 0.1990514 0.2140022 0.1843566 0.2116109 0.2122778 0.2981697 0.0154372 0.1657791 0.1994936 0.2437500 0.2074882 0.2103776 0.0079439 0.0000000 0.2034454 0.1966320 0.1681625 0.1926710 0.2021102 0.1996366 0.2016842 0.1992088 0.0142571 0.0206603 0.1973458 0.1907011 0.1971194 0.2471336 0.1406676 0.1600760 0.2171130 0.2053076 0.2060022 0.1529578 0.2552564 0.1537623 0.2035564 0.2255457 0.2587794 0.2283351 0.3283876 0.2001921 0.2016360 0.0068093 0.2139203 0.2002805 0.2052950 0.1962454 0.1372107 0.2144297 0.2039559 0.2032986 0.2057790 0.2109748 0.2052726 0.2218565 0.1932197 0.1433254 
Perityle_glaucescens_94                    0.0922793 0.0914013 0.1045337 0.2639045 0.2853026 0.2583093 0.2201149 0.3024289 0.0949028 0.2264966 0.0981675 0.0935680 0.2157640 0.0667940 0.1122220 0.0900219 0.2114465 0.1088254 0.1023474 0.1352133 0.1507391 0.1053802 0.2124759 0.0932030 0.0916605 0.1358928 0.1694504 0.0931693 0.1027196 0.0942503 0.1066423 0.1017247 0.2127739 0.2045942 0.1094389 0.0297838 0.1430161 0.1088344 0.1014734 0.2062317 0.2034454 0.0000000 0.0950801 0.0187667 0.1080338 0.0719388 0.1018711 0.0950681 0.0163812 0.1976240 0.2217936 0.0914679 0.0837649 0.0681906 0.1400125 0.0679256 0.0715926 0.1095980 0.1011081 0.1040207 0.0617158 0.1645596 0.0787997 0.0985487 0.0992952 0.1211496 0.1231666 0.2364535 0.0844450 0.1043975 0.2134848 0.1032845 0.0949567 0.1009098 0.0933658 0.0838682 0.1200041 0.0882679 0.0993202 0.0987762 0.1388163 0.1012149 0.1072057 0.0992920 0.0876559 
Perityle_gracilis_11                       0.1085263 0.1012617 0.1121629 0.3752948 0.3814654 0.2934915 0.2309910 0.2986041 0.1117125 0.2755715 0.0190277 0.0137500 0.2211189 0.0833002 0.0996066 0.0129246 0.2791345 0.1380898 0.0395944 0.1801062 0.1078706 0.1653860 0.1998285 0.0256443 0.0128962 0.1925068 0.1819188 0.1005181 0.1139598 0.1356324 0.1248175 0.1170254 0.1218398 0.1957923 0.1126862 0.0913991 0.1081032 0.0962552 0.0975011 0.1966700 0.1966320 0.0950801 0.0000000 0.0997747 0.0931971 0.1074036 0.0094062 0.0051192 0.0940277 0.1997363 0.2202212 0.0140322 0.1061639 0.0992064 0.1594952 0.0865642 0.0886058 0.0277428 0.0137130 0.1099656 0.0642290 0.1591688 0.0981125 0.0189923 0.1097200 0.1864007 0.1388668 0.1922029 0.0295999 0.0207418 0.2015065 0.1102207 0.0094812 0.0199498 0.0252186 0.0033657 0.1116830 0.1016614 0.0207494 0.0164103 0.1557981 0.0085515 0.1243036 0.1113271 0.0914227 
Perityle_harkerae_31                       0.0962346 0.0916792 0.1097513 0.2564926 0.2892012 0.2476193 0.2225067 0.2827126 0.0978489 0.2175387 0.0997712 0.0936401 0.2122949 0.0653888 0.0955020 0.0896693 0.2039983 0.1008426 0.0945154 0.1375978 0.1666450 0.0848457 0.1671497 0.0968623 0.0943675 0.1454245 0.1581604 0.0929422 0.0998353 0.0909275 0.1054544 0.1045861 0.1745949 0.1624987 0.1115029 0.0315775 0.1349985 0.1032463 0.0924250 0.1640287 0.1681625 0.0187667 0.0997747 0.0000000 0.1061285 0.0694333 0.1072014 0.0990739 0.0180126 0.1630420 0.1795723 0.0928176 0.0862932 0.0692906 0.1358365 0.0628644 0.0700032 0.1047425 0.1032526 0.1004527 0.0647124 0.1471878 0.0786570 0.1009956 0.1002903 0.1290574 0.1237148 0.2181345 0.0774387 0.0962406 0.1683882 0.0997997 0.0975579 0.1031552 0.0954160 0.0777275 0.1022181 0.0870002 0.0997860 0.1005382 0.1179893 0.1033695 0.1088814 0.0950659 0.0820890 
