84
Amauria_brandeegeana_62                    0.0000000 0.2415898 0.2707297 0.8950350 0.2669516 0.7894749 0.4161199 0.3956242 0.2627516 0.3004490 0.2475507 0.2780932 0.2675104 0.8246183 0.2813256 0.8450978 0.3256763 0.2839255 0.8369810 0.2856033 0.2880821 1.0153187 0.2694577 0.8718002 0.2526338 0.2509911 0.2808725 0.2740852 0.2876069 0.3924840 0.1674105 0.8771265 0.8637004 0.2695633 0.8541481 0.2736000 0.2747346 0.3428747 0.2905972 0.8714094 0.2724298 0.2719653 0.2679672 0.2739099 0.2941718 0.7717707 0.2877221 0.2748095 0.2766290 0.2704411 0.8632765 0.8362434 0.2481826 0.2609255 0.2954914 0.3409246 0.2978655 0.3154353 0.2661868 0.8093993 0.3579645 0.8649553 0.2835716 0.2661647 0.2753493 0.2778838 0.1820930 0.7888897 0.2541359 0.2623126 0.2484127 0.2557155 0.8412857 0.8669514 0.3503024 0.8593966 0.2582028 0.3011618 0.2667040 0.2981487 0.2605451 0.2591456 0.9350706 0.2788432 
Amauria_carterae_99_mesa                   0.2415898 0.0000000 0.1110650 0.2991586 0.1171557 0.1963612 0.1844811 0.2140786 0.1149111 0.1303167 0.1003502 0.1171068 0.1144051 0.3665233 0.1210267 0.1568785 0.0991071 0.1179767 0.1568354 0.1177541 0.1248525 0.1683303 0.1129300 0.1294026 0.1162605 0.1215340 0.1128910 0.1094899 0.1214725 0.1886068 0.2164912 0.1051011 0.1528878 0.1186707 0.1552214 0.1118107 0.1208042 0.1212316 0.1211444 0.1480692 0.1167714 0.1185228 0.1263718 0.1184486 0.1146894 0.1608450 0.1233478 0.1314086 0.1181091 0.1214287 0.1520642 0.3638045 0.1171942 0.1236425 0.1196148 0.1068836 0.1374820 0.1332353 0.1249621 0.0773147 0.1217358 0.0839799 0.0836249 0.1251806 0.1153626 0.1140883 0.2619225 0.1920959 0.0976307 0.1082961 0.1199335 0.1202413 0.1238956 0.1651608 0.1178933 0.1224036 0.1103697 0.1214478 0.1230461 0.0785668 0.1216172 0.1229842 0.0936382 0.0811783 
Amauria_rotundifolia_SRR9119150            0.2707297 0.1110650 0.0000000 0.3333900 0.1531654 0.3793954 0.2426038 0.2266931 0.1534202 0.1877961 0.1834098 0.1791985 0.1785740 0.4338298 0.1813844 0.2194019 0.1542025 0.1992415 0.2289333 0.1562194 0.1835507 0.1336143 0.1916567 0.1469076 0.1722247 0.1734688 0.1760390 0.1812780 0.1853842 0.2307826 0.2091561 0.1442842 0.1612609 0.1902065 0.2081291 0.1789629 0.1762424 0.2110903 0.1823047 0.2087837 0.1797376 0.1779928 0.1761193 0.1656190 0.1961856 0.2582708 0.1828415 0.1803717 0.1810750 0.1953926 0.1871992 0.3404091 0.1684313 0.1823196 0.2188708 0.1674131 0.1775115 0.1837736 0.1722449 0.1141800 0.2044262 0.1021965 0.1050774 0.1724786 0.1699857 0.1877060 0.2968362 0.2154964 0.1320010 0.1828331 0.1686937 0.1804534 0.1354976 0.2090092 0.1321778 0.1301896 0.1829750 0.2031042 0.1578684 0.1764802 0.1748270 0.1608584 0.1320415 0.1184542 
Conoclinium_coelestinum_SRR9119114         0.8950350 0.2991586 0.3333900 0.0000000 0.2794779 0.2606652 0.3091965 0.2726846 0.2715200 0.2771447 0.2552802 0.2940840 0.2785752 0.4294649 0.2953444 0.2393606 0.3640838 0.4336749 0.2485261 0.3008642 0.2886674 0.5170649 0.2911772 0.3010222 0.2791655 0.2978236 0.2716628 0.2969191 0.3540221 0.3104090 0.7821651 0.2480867 0.2448164 0.2850541 0.2544430 0.2926564 0.2837627 0.2937571 0.2929956 0.2341913 0.2829726 0.2906655 0.2864871 0.3117065 0.2836370 0.2254901 0.2845675 0.2862508 0.2901422 0.2855778 0.2406865 0.3016303 0.2969872 0.2891040 0.2818313 0.2873974 0.3042764 0.2812772 0.2809835 0.1250152 0.3700444 0.1420548 0.2950420 0.2772085 0.2948110 0.2950423 0.9759843 0.2351033 0.2900715 0.2846007 0.2751006 0.2915887 0.2609238 0.2356924 0.3213251 0.2331434 0.2861404 0.2827540 0.2809148 0.3790208 0.2920495 0.3132065 0.2601212 0.2785901 
Eutetras_palmeri_63                        0.2669516 0.1171557 0.1531654 0.2794779 0.0000000 0.3008973 0.2043783 0.1874879 0.1069729 0.1470288 0.1055310 0.1081956 0.0994946 0.3964135 0.1144192 0.0945363 0.1627978 0.1743804 0.0961800 0.0889746 0.1120390 0.1072984 0.1095737 0.0791208 0.1131888 0.1140065 0.1095382 0.1399082 0.1270226 0.2120275 0.1909623 0.1025987 0.1023630 0.1175159 0.1048178 0.1120760 0.0928383 0.1252251 0.1160437 0.0930720 0.1017723 0.1249236 0.1059471 0.1306388 0.1214754 0.1240821 0.1120585 0.1062044 0.1076911 0.1332614 0.1092744 0.2417019 0.0927107 0.1513557 0.1563705 0.1369351 0.1467893 0.1112084 0.1027643 0.0464360 0.1699530 0.0493201 0.0732039 0.0911920 0.1319618 0.1224655 0.2803997 0.1421293 0.0846374 0.0995020 0.0970602 0.1033996 0.0866735 0.0952415 0.1110000 0.0890216 0.1099640 0.1184994 0.0969041 0.1614575 0.1052491 0.1004216 0.0748525 0.0860773 
Eutrochium_fistulosum_SRR9119106           0.7894749 0.1963612 0.3793954 0.2606652 0.3008973 0.0000000 0.2439683 0.1862647 0.3090164 0.3135750 0.2223416 0.3179686 0.3135491 0.4278569 0.3064939 0.3057759 0.3586431 0.4460759 0.3197026 0.3122618 0.3202811 0.4269364 0.3211194 0.3112965 0.3176903 0.3214605 0.2492737 0.3061598 0.3644983 0.2523146 0.7291215 0.3044835 0.3116946 0.3100735 0.3298466 0.2904732 0.3163587 0.3165562 0.3061935 0.2935182 0.3165116 0.2869985 0.3156454 0.2988923 0.3163298 0.2899121 0.3183647 0.3212952 0.2913128 0.3019141 0.3229359 0.3375122 0.3303338 0.3212278 0.3016119 0.2877370 0.1757857 0.3116485 0.3234895 0.1137070 0.4113915 0.1398424 0.1611720 0.3014927 0.2961585 0.3154886 1.1436643 0.3240808 0.3202356 0.3011690 0.2685924 0.3179197 0.3258738 0.3075921 0.2325202 0.3097836 0.2999931 0.3118946 0.3055772 0.2723730 0.3174428 0.3364733 0.1726936 0.1792817 
Galeana_pratensis_104_mex                  0.4161199 0.1844811 0.2426038 0.3091965 0.2043783 0.2439683 0.0000000 0.2025052 0.1868919 0.2207276 0.1943133 0.2137015 0.2132334 0.4774371 0.2182939 0.2357776 0.2245967 0.2167403 0.2377908 0.2160170 0.2157587 0.3676114 0.2171546 0.2377113 0.2164175 0.2123692 0.2228978 0.2194033 0.2016700 0.3172186 0.3910440 0.2401026 0.1956676 0.2187929 0.2266331 0.2187013 0.2223909 0.2181215 0.2224658 0.2333435 0.2180019 0.2150105 0.2114135 0.2173632 0.2124046 0.2049926 0.2135732 0.2178337 0.2151375 0.2196169 0.2490829 0.4138946 0.2148309 0.2225705 0.2005693 0.2164931 0.2168592 0.2175366 0.2195593 0.1503612 0.2326249 0.2000633 0.2024454 0.2113705 0.2156875 0.2208234 0.3240302 0.2738439 0.2039765 0.2118057 0.1918739 0.2116946 0.1871957 0.2448806 0.2154948 0.2223301 0.2181552 0.2070321 0.2091270 0.2420742 0.2095360 0.2168173 0.2681358 0.2205209 
Helianthus_annuus_SRR9119062               0.3956242 0.2140786 0.2266931 0.2726846 0.1874879 0.1862647 0.2025052 0.0000000 0.1765643 0.1921391 0.1977768 0.1990165 0.1981316 0.4268481 0.1882512 0.1979977 0.1832045 0.2365963 0.1907829 0.2027202 0.2080577 0.3091432 0.2023625 0.1919002 0.1913225 0.2032477 0.2063737 0.1965123 0.1929457 0.2471961 0.3308159 0.2004584 0.1588200 0.2010992 0.1878413 0.1986476 0.1932050 0.2187024 0.1912882 0.1734800 0.1957514 0.1958900 0.2001760 0.1932415 0.2030083 0.1742432 0.1997126 0.2012757 0.1959884 0.1920919 0.1873038 0.3891758 0.1955043 0.1986249 0.1954008 0.1717110 0.2172444 0.2051825 0.1969123 0.1532528 0.2072003 0.1637285 0.1968414 0.1869307 0.1938239 0.2092819 0.3553746 0.2255556 0.1942843 0.1905978 0.1945976 0.1920749 0.1679845 0.1788361 0.1857111 0.1897727 0.2027633 0.2024012 0.1888480 0.2544198 0.1952094 0.1967298 0.2195738 0.2081110 
Lycapsus_tenuifolius_17                    0.2627516 0.1149111 0.1534202 0.2715200 0.1069729 0.3090164 0.1868919 0.1765643 0.0000000 0.1949803 0.1230446 0.1431878 0.1198996 0.4099221 0.1356825 0.1142036 0.1551410 0.1953313 0.1239914 0.1187402 0.1331305 0.1003912 0.1392440 0.1028810 0.1407050 0.1584602 0.1302984 0.1646562 0.0608466 0.1266059 0.2123627 0.1091799 0.0070415 0.1330321 0.1210982 0.1346733 0.1284820 0.1410572 0.1341145 0.1081548 0.1193824 0.1555017 0.1328151 0.1540360 0.1340830 0.1464684 0.1395906 0.1329133 0.1313202 0.1660153 0.1365812 0.2736008 0.1144097 0.1797343 0.1791339 0.1352593 0.1574931 0.1402503 0.1259291 0.0683721 0.1923342 0.0619925 0.0888727 0.1219190 0.1584793 0.1555836 0.2884864 0.1854753 0.1140502 0.1244417 0.0913130 0.1331717 0.1069832 0.1197731 0.1220052 0.1113474 0.1208254 0.1414234 0.1223797 0.1572010 0.1311193 0.1193517 0.0705082 0.0973632 
Pericome_caudata_50_silver                 0.3004490 0.1303167 0.1877961 0.2771447 0.1470288 0.3135750 0.2207276 0.1921391 0.1949803 0.0000000 0.1774776 0.1684822 0.1585115 0.4130883 0.1854814 0.1875152 0.1952137 0.1881133 0.1917257 0.1553190 0.1836168 0.0819572 0.1812000 0.0896392 0.1735702 0.1831344 0.1919203 0.1855016 0.2243084 0.2386486 0.2507689 0.1389520 0.1770433 0.1827902 0.2200179 0.1897138 0.1625466 0.1957946 0.1899506 0.1725071 0.1697579 0.1837465 0.1752912 0.1762919 0.1811214 0.2303041 0.1806799 0.1858620 0.1863224 0.1714923 0.1723114 0.3173163 0.1846992 0.1877364 0.2114367 0.1965824 0.1868505 0.1863090 0.1785701 0.0619370 0.1603187 0.0573925 0.1246781 0.1690729 0.1623120 0.1804962 0.3028197 0.2216608 0.1248323 0.1615937 0.1640682 0.1829666 0.1299778 0.1853938 0.1169953 0.1263743 0.1729412 0.1876121 0.1524920 0.1771985 0.1786177 0.1960012 0.0780869 0.0991682 
Perityle_aglossa_84_dead_horse             0.2475507 0.1003502 0.1834098 0.2552802 0.1055310 0.2223416 0.1943133 0.1977768 0.1230446 0.1774776 0.0000000 0.0858146 0.0698378 0.3794769 0.1175436 0.0933527 0.1327417 0.1077287 0.0974049 0.1039946 0.1085631 0.0939285 0.0882265 0.0641512 0.1135952 0.1535812 0.1188927 0.1480376 0.1600589 0.2193113 0.2359431 0.1043575 0.1072387 0.0364459 0.1158018 0.1061983 0.1032187 0.0970622 0.1119378 0.0691048 0.0677548 0.1327824 0.1117281 0.1225788 0.0914270 0.0869768 0.1036928 0.1101444 0.1071568 0.1067761 0.0858370 0.2449097 0.1099313 0.1433467 0.1857021 0.1321267 0.1556053 0.1197648 0.1038322 0.0551089 0.1597699 0.0562841 0.1076610 0.1079781 0.1415323 0.1113761 0.2240912 0.1782337 0.0844326 0.0794539 0.1043545 0.1001640 0.0692655 0.0688489 0.1187919 0.0981542 0.0863352 0.1158072 0.1014901 0.1463841 0.1092334 0.1253982 0.0949281 0.0892039 
Perityle_ajoensis_204                      0.2780932 0.1171068 0.1791985 0.2940840 0.1081956 0.3179686 0.2137015 0.1990165 0.1431878 0.1684822 0.0858146 0.0000000 0.0507016 0.3362223 0.1428320 0.0918222 0.1729843 0.1398850 0.0865135 0.0741948 0.1016294 0.0493754 0.0666000 0.0384317 0.0768076 0.1420851 0.1299849 0.1538051 0.1501677 0.2310987 0.2211075 0.1056483 0.1122785 0.0945780 0.1214399 0.1380702 0.0859883 0.0992078 0.1383716 0.0701568 0.0497724 0.1499091 0.0998582 0.1326314 0.1076945 0.0793978 0.1004429 0.1024533 0.1363378 0.0860277 0.0346105 0.2350232 0.1208544 0.1414080 0.1885555 0.1292648 0.1379665 0.1125877 0.0981936 0.0575271 0.1469917 0.0553663 0.0855534 0.1122336 0.1468389 0.0656761 0.2853323 0.1974627 0.0599661 0.0705483 0.1257387 0.1026016 0.0480255 0.0502412 0.0849936 0.1113507 0.0878161 0.1081695 0.0923934 0.1508897 0.1007718 0.1212683 0.0874119 0.0772518 
Perityle_ambrosiifolia_67_green            0.2675104 0.1144051 0.1785740 0.2785752 0.0994946 0.3135491 0.2132334 0.1981316 0.1198996 0.1585115 0.0698378 0.0507016 0.0000000 0.3477964 0.1144582 0.0700861 0.1690329 0.1273385 0.0747150 0.0767213 0.0882510 0.0632723 0.0283753 0.0363019 0.0790738 0.1338045 0.1028478 0.1404485 0.1550227 0.2335167 0.2061961 0.1120288 0.1216849 0.0731013 0.1041958 0.1043410 0.0773082 0.0895514 0.1047956 0.0399396 0.0328103 0.1259105 0.0838424 0.1196961 0.0896111 0.0500299 0.0868542 0.0881762 0.1019419 0.0861750 0.0397637 0.2095750 0.1001520 0.1294333 0.1838425 0.1280248 0.1264424 0.0978573 0.0825105 0.0550917 0.1403897 0.0547575 0.0768279 0.0922292 0.1312712 0.0657265 0.2812338 0.1803271 0.0566081 0.0351980 0.1050667 0.0859755 0.0586207 0.0273986 0.0863894 0.1138895 0.0732451 0.0881038 0.0920702 0.1525199 0.0833260 0.1066587 0.0807617 0.0713998 
Perityle_angustifolia_13_Eagle_creek       0.8246183 0.3665233 0.4338298 0.4294649 0.3964135 0.4278569 0.4774371 0.4268481 0.4099221 0.4130883 0.3794769 0.3362223 0.3477964 0.0000000 0.3914143 0.1749574 0.3804889 0.4017130 0.1773926 0.3237443 0.3276807 0.0219642 0.3505984 0.0713760 0.3457983 0.3697561 0.3671857 0.3673662 0.4051736 0.4314232 0.7835177 0.2250362 0.2680060 0.3907673 0.2419568 0.3879245 0.3193090 0.3996402 0.3802891 0.1944165 0.3414598 0.3850805 0.3370355 0.3830847 0.4085666 0.2653144 0.3370264 0.3304225 0.3931175 0.3575767 0.1986080 0.1724132 0.3706979 0.2223407 0.4302619 0.3642395 0.3579692 0.3423075 0.3334059 0.0603165 0.4180600 0.0869030 0.2495946 0.3502211 0.3633655 0.3650476 0.7724538 0.3206938 0.2904167 0.3347181 0.3674530 0.3299933 0.1469272 0.2080932 0.2309971 0.2362505 0.3731764 0.3359739 0.3559050 0.3645848 0.3343988 0.3733028 0.1001749 0.2980928 
Perityle_batopilensis_97                   0.2813256 0.1210267 0.1813844 0.2953444 0.1144192 0.3064939 0.2182939 0.1882512 0.1356825 0.1854814 0.1175436 0.1428320 0.1144582 0.3914143 0.0000000 0.1054312 0.1502753 0.1698405 0.1067252 0.1229507 0.1292752 0.0967286 0.1320054 0.0933087 0.1491310 0.1648599 0.0658903 0.1117557 0.1598776 0.2135653 0.2467133 0.1040673 0.1116686 0.1278562 0.1236793 0.0622951 0.1228815 0.1521771 0.0162984 0.1043541 0.1166917 0.0905033 0.1309659 0.0737160 0.1423335 0.1497134 0.1290525 0.1370491 0.0639781 0.1607073 0.1166431 0.2493160 0.1256243 0.1704069 0.1932645 0.0763080 0.1701253 0.1369982 0.1258589 0.0639005 0.1803106 0.0639350 0.1077043 0.1198445 0.1050831 0.1449850 0.2827710 0.1752329 0.1043647 0.1219319 0.1193462 0.1311555 0.1054900 0.1156356 0.1221542 0.0908508 0.1286260 0.1294288 0.1178473 0.1425309 0.1292611 0.1334715 0.0809639 0.0912930 
Perityle_bisetosa_9                        0.8450978 0.1568785 0.2194019 0.2393606 0.0945363 0.3057759 0.2357776 0.1979977 0.1142036 0.1875152 0.0933527 0.0918222 0.0700861 0.1749574 0.1054312 0.0000000 0.1784685 0.1725962 0.0218285 0.0271646 0.0547472 0.0219586 0.0800256 0.0145393 0.0947124 0.1410711 0.0937253 0.1556524 0.1668596 0.2435217 0.8314051 0.0947794 0.1041830 0.1002453 0.0796884 0.0923687 0.0215647 0.1148133 0.0880316 0.0731812 0.0704136 0.1363551 0.0593078 0.1226985 0.1058707 0.0865678 0.0580579 0.0581137 0.0947094 0.1310197 0.0691304 0.0631404 0.0897246 0.1350722 0.2015160 0.1098617 0.1180794 0.0592765 0.0533769 0.0572862 0.1390270 0.0584329 0.0462489 0.0712139 0.1446463 0.1058366 0.6890812 0.1640007 0.0277958 0.0775950 0.0985056 0.0556986 0.0370894 0.0693584 0.0183433 0.1098701 0.1073911 0.0627464 0.0702776 0.1737129 0.0604992 0.0858047 0.0901133 0.0541168 
Perityle_californica_76_positas            0.3256763 0.0991071 0.1542025 0.3640838 0.1627978 0.3586431 0.2245967 0.1832045 0.1551410 0.1952137 0.1327417 0.1729843 0.1690329 0.3804889 0.1502753 0.1784685 0.0000000 0.1911779 0.1965496 0.1600021 0.1666002 0.0871638 0.1791555 0.1289223 0.1587812 0.1633321 0.1398541 0.1588031 0.1402421 0.2218060 0.2109823 0.1905455 0.1663212 0.1703428 0.1885641 0.1541438 0.1788753 0.1770622 0.1516661 0.1726137 0.1721058 0.1561320 0.1648682 0.1567879 0.1867276 0.2201115 0.1811229 0.1677740 0.1544835 0.1635106 0.1888952 0.3450891 0.1495027 0.1727955 0.1808222 0.1212192 0.1256464 0.1680216 0.1609163 0.0550448 0.2142987 0.0631095 0.0728525 0.1514859 0.1588999 0.1812669 0.3529821 0.2173500 0.1544323 0.1600251 0.1418486 0.1667788 0.1981452 0.1880685 0.0912344 0.1945353 0.1668972 0.1739737 0.1523517 0.1171693 0.1664865 0.1258356 0.0629717 0.0860358 
Perityle_canescens_77                      0.2839255 0.1179767 0.1992415 0.4336749 0.1743804 0.4460759 0.2167403 0.2365963 0.1953313 0.1881133 0.1077287 0.1398850 0.1273385 0.4017130 0.1698405 0.1725962 0.1911779 0.0000000 0.1820230 0.1718103 0.1869117 0.1252090 0.1554089 0.1467463 0.1800907 0.1761425 0.1646143 0.1597229 0.1747416 0.2792140 0.2563074 0.2233876 0.1805472 0.1473203 0.1786018 0.1743882 0.1811436 0.1631901 0.1715005 0.1619721 0.1327799 0.1712509 0.1899411 0.1811901 0.1777296 0.1956318 0.1774436 0.1884098 0.1708229 0.1396075 0.1630867 0.3842248 0.1820490 0.1951059 0.2020220 0.1339222 0.1578237 0.1936973 0.1864908 0.0578002 0.1858078 0.0680177 0.1128988 0.1752366 0.1616691 0.1518567 0.3391985 0.2571243 0.1632377 0.1456033 0.1899176 0.1869834 0.1893686 0.1744274 0.1453883 0.2157263 0.1519521 0.1814884 0.1637846 0.1296840 0.1901033 0.1726294 0.0756269 0.1257164 
Perityle_castillonii_96                    0.8369810 0.1568354 0.2289333 0.2485261 0.0961800 0.3197026 0.2377908 0.1907829 0.1239914 0.1917257 0.0974049 0.0865135 0.0747150 0.1773926 0.1067252 0.0218285 0.1965496 0.1820230 0.0000000 0.0292294 0.0505510 0.0176399 0.0866496 0.0119380 0.0984559 0.1484251 0.1006331 0.1660349 0.1603949 0.2469564 0.7905953 0.0980371 0.1106898 0.1113332 0.0865511 0.1037972 0.0248776 0.1119296 0.0943210 0.0760914 0.0815381 0.1513377 0.0517937 0.1279172 0.1120840 0.0885821 0.0529929 0.0518018 0.1049707 0.1347078 0.0766331 0.0609033 0.0945359 0.1408600 0.2114354 0.1232653 0.1200527 0.0517565 0.0480506 0.0627176 0.1380431 0.0680610 0.0536364 0.0681826 0.1558840 0.1131939 0.6505910 0.1735519 0.0268602 0.0760684 0.0971158 0.0492818 0.0428235 0.0759268 0.0160396 0.1139356 0.1134276 0.0554039 0.0663996 0.1598927 0.0530367 0.0890496 0.0941280 0.0570281 
Perityle_cernua_84                         0.2856033 0.1177541 0.1562194 0.3008642 0.0889746 0.3122618 0.2160170 0.2027202 0.1187402 0.1553190 0.1039946 0.0741948 0.0767213 0.3237443 0.1229507 0.0271646 0.1600021 0.1718103 0.0292294 0.0000000 0.0647860 0.0312297 0.0955968 0.0160094 0.0754758 0.1041925 0.1176891 0.1478461 0.1185884 0.2160922 0.2093985 0.0919675 0.1043687 0.1181487 0.0722246 0.1205574 0.0443477 0.1320641 0.1179511 0.0651342 0.0821416 0.1347344 0.0619905 0.1360521 0.1365076 0.0812299 0.0751982 0.0656416 0.1226896 0.1255248 0.0622160 0.1995324 0.0780102 0.1296963 0.1698810 0.1183267 0.1182692 0.0702112 0.0601969 0.0607321 0.1629803 0.0621663 0.0487724 0.0783306 0.1473150 0.1086563 0.2868856 0.1669888 0.0556645 0.0906210 0.0937605 0.0656593 0.0410569 0.0622752 0.0538334 0.1078037 0.1156258 0.0861514 0.0783058 0.1581318 0.0656240 0.0794850 0.0848618 0.0648072 
Perityle_cfvillosa_25_tin                  0.2880821 0.1248525 0.1835507 0.2886674 0.1120390 0.3202811 0.2157587 0.2080577 0.1331305 0.1836168 0.1085631 0.1016294 0.0882510 0.3276807 0.1292752 0.0547472 0.1666002 0.1869117 0.0505510 0.0647860 0.0000000 0.0175483 0.1057892 0.0139235 0.0753942 0.1311214 0.1282101 0.1533969 0.1600821 0.2396232 0.2109823 0.0916768 0.1253425 0.1247832 0.1007834 0.1283757 0.0613001 0.1389508 0.1267727 0.0726757 0.0920940 0.1538501 0.0220510 0.1447970 0.1373674 0.1010866 0.0377837 0.0242996 0.1266722 0.1308799 0.0846109 0.1723279 0.0964147 0.1027683 0.1820656 0.1346398 0.1175741 0.0265758 0.0205381 0.0621411 0.1823660 0.0588091 0.0796595 0.0418737 0.1410859 0.1366976 0.2887070 0.1802622 0.0270455 0.0977401 0.1064543 0.0200840 0.0552520 0.0701189 0.0327493 0.1114747 0.1265081 0.0454064 0.0435148 0.1622014 0.0161087 0.1035747 0.0879929 0.0662020 
Perityle_cinerea_113_Powell1310            1.0153187 0.1683303 0.1336143 0.5170649 0.1072984 0.4269364 0.3676114 0.3091432 0.1003912 0.0819572 0.0939285 0.0493754 0.0632723 0.0219642 0.0967286 0.0219586 0.0871638 0.1252090 0.0176399 0.0312297 0.0175483 0.0000000 0.0729337 0.0131249 0.0871333 0.1120919 0.0903702 0.0776897 0.1175342 0.7695899 0.5843281 0.1145747 0.0887025 0.1049786 0.0971345 0.0809829 0.0131787 0.1074687 0.0918486 0.0219411 0.0728821 0.1014645 0.0264692 0.0871886 0.1125911 0.0961214 0.0175483 0.0175483 0.0911095 0.0681775 0.0585837 0.0264493 0.1222441 0.0175676 0.1181837 0.0794428 0.1414792 0.0175667 0.0264692 0.0421686 0.1012991 0.1005129 0.0728008 0.0265006 0.0778972 0.0871832 0.6538253 0.1229212 0.0131249 0.0219411 0.0806883 0.0265114 0.0538237 0.0635832 0.0327964 0.1231169 0.0868774 0.0219963 0.0219667 0.1180964 0.0310277 0.0971345 0.1113819 0.0827790 
Perityle_coahuilensis_24                   0.2694577 0.1129300 0.1916567 0.2911772 0.1095737 0.3211194 0.2171546 0.2023625 0.1392440 0.1812000 0.0882265 0.0666000 0.0283753 0.3505984 0.1320054 0.0800256 0.1791555 0.1554089 0.0866496 0.0955968 0.1057892 0.0729337 0.0000000 0.0593639 0.0957527 0.1515474 0.1206189 0.1617259 0.1731975 0.2445701 0.2345760 0.1151840 0.1287051 0.0930799 0.1115489 0.1218087 0.0935630 0.1035922 0.1261229 0.0446967 0.0275936 0.1444200 0.1023509 0.1369508 0.1001007 0.0540379 0.1016234 0.1066146 0.1194644 0.1038815 0.0480611 0.2206141 0.1164588 0.1457060 0.1957650 0.1293354 0.1414418 0.1158715 0.1008993 0.0703901 0.1694258 0.0638401 0.0788512 0.1051415 0.1509956 0.0832953 0.2885203 0.1874824 0.0776709 0.0503340 0.1206219 0.1006558 0.0693863 0.0319542 0.1033470 0.1214451 0.0921446 0.1044255 0.1060850 0.1603463 0.1017240 0.1234368 0.0868645 0.0821951 
Perityle_cochisensis_44_cave_creek         0.8718002 0.1294026 0.1469076 0.3010222 0.0791208 0.3112965 0.2377113 0.1919002 0.1028810 0.0896392 0.0641512 0.0384317 0.0363019 0.0713760 0.0933087 0.0145393 0.1289223 0.1467463 0.0119380 0.0160094 0.0139235 0.0131249 0.0593639 0.0000000 0.0529676 0.0792025 0.0678134 0.0772090 0.1001054 0.2794402 0.7665137 0.0974084 0.0978459 0.0867488 0.0745866 0.0906962 0.0059397 0.0991973 0.0746976 0.0362911 0.0488488 0.0956905 0.0138980 0.0865701 0.1014888 0.0611429 0.0199469 0.0179241 0.0883107 0.0488547 0.0445850 0.0240768 0.0903294 0.0649404 0.0919793 0.0651353 0.0893012 0.0179109 0.0139139 0.0590740 0.1431452 0.0763274 0.0501212 0.0425251 0.0773084 0.0701391 0.6040405 0.1223878 0.0059288 0.0383382 0.0828305 0.0139056 0.0393776 0.0467633 0.0160739 0.1177462 0.0919223 0.0239606 0.0445874 0.0913773 0.0179266 0.0767500 0.0939616 0.0500520 
Perityle_congesta_202                      0.2526338 0.1162605 0.1722247 0.2791655 0.1131888 0.3176903 0.2164175 0.1913225 0.1407050 0.1735702 0.1135952 0.0768076 0.0790738 0.3457983 0.1491310 0.0947124 0.1587812 0.1800907 0.0984559 0.0754758 0.0753942 0.0871333 0.0957527 0.0529676 0.0000000 0.1336493 0.1386572 0.1583292 0.1554573 0.2324430 0.1833174 0.1068943 0.1165179 0.1195674 0.1269383 0.1453887 0.0842063 0.1381315 0.1451825 0.0810844 0.0827030 0.1517874 0.0760934 0.1417056 0.1315777 0.0814218 0.0985598 0.0780580 0.1429902 0.1198140 0.0421154 0.2469068 0.1072399 0.1129588 0.1871541 0.1378428 0.1181655 0.0884038 0.0741357 0.0572663 0.1717011 0.0583449 0.0668010 0.0939858 0.1475746 0.0901853 0.2874280 0.1809533 0.0494943 0.0933904 0.1268699 0.0774482 0.0567418 0.0605243 0.0445091 0.1136678 0.1161605 0.1060664 0.0750870 0.1580454 0.0733562 0.1114008 0.0869647 0.0615347 
Perityle_cordifolia_27                     0.2509911 0.1215340 0.1734688 0.2978236 0.1140065 0.3214605 0.2123692 0.2032477 0.1584602 0.1831344 0.1535812 0.1420851 0.1338045 0.3697561 0.1648599 0.1410711 0.1633321 0.1761425 0.1484251 0.1041925 0.1311214 0.1120919 0.1515474 0.0792025 0.1336493 0.0000000 0.1598603 0.1676254 0.1682536 0.2086568 0.1988556 0.1191099 0.1590352 0.1579132 0.1209428 0.1598624 0.1245634 0.1782369 0.1587967 0.1639212 0.1346631 0.1501164 0.1282564 0.1453319 0.1745220 0.1969358 0.1427054 0.1352348 0.1580964 0.1512127 0.1349578 0.2624258 0.0732841 0.1447595 0.1759092 0.1522022 0.1048011 0.1397207 0.1274048 0.0549626 0.1694576 0.0563932 0.0189407 0.1268103 0.1467745 0.1375766 0.2890455 0.2048649 0.0910528 0.1513626 0.1320491 0.1283727 0.0829221 0.1590958 0.0903586 0.1109670 0.1565652 0.1548669 0.1164861 0.1743164 0.1318231 0.1041632 0.0958906 0.0754271 
Perityle_cordifolia_68_tecolote            0.2808725 0.1128910 0.1760390 0.2716628 0.1095382 0.2492737 0.2228978 0.2063737 0.1302984 0.1919203 0.1188927 0.1299849 0.1028478 0.3671857 0.0658903 0.0937253 0.1398541 0.1646143 0.1006331 0.1176891 0.1282101 0.0903702 0.1206189 0.0678134 0.1386572 0.1598603 0.0000000 0.1099745 0.1667790 0.2217948 0.2549686 0.0894477 0.1011282 0.1296914 0.1182401 0.0719628 0.1208795 0.1402274 0.0593560 0.0907840 0.1004842 0.0995888 0.1255324 0.0920182 0.1407590 0.1300290 0.1163670 0.1282982 0.0753127 0.1569444 0.1017786 0.2556814 0.1211521 0.1647648 0.1880022 0.0411786 0.1707609 0.1343280 0.1203819 0.0441839 0.1774451 0.0493357 0.0905645 0.1179608 0.1067935 0.1392901 0.2767582 0.1746812 0.0933810 0.1120373 0.1119505 0.1257051 0.0875146 0.0983718 0.1235262 0.0929652 0.1177608 0.1301627 0.1136919 0.1364520 0.1264476 0.1327011 0.0719660 0.0850398 
Perityle_coronopifolia_28_patagonia        0.2740852 0.1094899 0.1812780 0.2969191 0.1399082 0.3061598 0.2194033 0.1965123 0.1646562 0.1855016 0.1480376 0.1538051 0.1404485 0.3673662 0.1117557 0.1556524 0.1588031 0.1597229 0.1660349 0.1478461 0.1533969 0.0776897 0.1617259 0.0772090 0.1583292 0.1676254 0.1099745 0.0000000 0.1857158 0.2155045 0.2408706 0.1033570 0.1576809 0.1587004 0.1808590 0.1132718 0.1504892 0.1740518 0.1118614 0.1431820 0.1416637 0.1070921 0.1544853 0.0953251 0.1726365 0.2070975 0.1517923 0.1635856 0.1169758 0.1587460 0.1510753 0.2990279 0.1569689 0.1546711 0.1613102 0.1193784 0.1720424 0.1726916 0.1570669 0.0228081 0.1665960 0.0413545 0.0846351 0.1509366 0.0233366 0.1596054 0.2851178 0.1944725 0.0942203 0.1465706 0.1452464 0.1518329 0.0956483 0.1524482 0.1244163 0.1047232 0.1470290 0.1674353 0.1478149 0.0731631 0.1569901 0.1609183 0.0569830 0.0812648 
Perityle_crassifolia_70_ventanas           0.2876069 0.1214725 0.1853842 0.3540221 0.1270226 0.3644983 0.2016700 0.1929457 0.0608466 0.2243084 0.1600589 0.1501677 0.1550227 0.4051736 0.1598776 0.1668596 0.1402421 0.1747416 0.1603949 0.1185884 0.1600821 0.1175342 0.1731975 0.1001054 0.1554573 0.1682536 0.1667790 0.1857158 0.0000000 0.1539964 0.2404787 0.1160377 0.0150887 0.1705895 0.1605477 0.1633253 0.1500054 0.1577685 0.1611625 0.1452478 0.1604102 0.1727063 0.1597877 0.1635315 0.1650494 0.1890079 0.1775148 0.1636001 0.1611897 0.1923078 0.1538294 0.3324994 0.1327483 0.2097703 0.2210527 0.1520002 0.1489171 0.1685233 0.1548025 0.0501338 0.1936077 0.0614120 0.0695839 0.1439103 0.1754620 0.1710841 0.3033888 0.2304260 0.1275636 0.1478223 0.1343606 0.1623427 0.1122486 0.1718716 0.1041516 0.1275779 0.1478998 0.1671716 0.1410959 0.1412798 0.1596420 0.1339834 0.0636469 0.1091620 
Perityle_crassifolia_74_playa_balandra     0.3924840 0.1886068 0.2307826 0.3104090 0.2120275 0.2523146 0.3172186 0.2471961 0.1266059 0.2386486 0.2193113 0.2310987 0.2335167 0.4314232 0.2135653 0.2435217 0.2218060 0.2792140 0.2469564 0.2160922 0.2396232 0.7695899 0.2445701 0.2794402 0.2324430 0.2086568 0.2217948 0.2155045 0.1539964 0.0000000 0.4842291 0.2353595 0.1694949 0.2237095 0.2465964 0.2229451 0.2410077 0.2217085 0.2182795 0.2224618 0.2344491 0.2302616 0.2394902 0.2302373 0.2364780 0.2093306 0.2674343 0.2466679 0.2258565 0.2280313 0.2497194 0.3706689 0.2043862 0.2296206 0.1979516 0.2133290 0.2481412 0.2487158 0.2352312 0.1376159 0.3410562 0.1910597 0.2224960 0.2146573 0.2208734 0.2425956 0.4561912 0.2415129 0.2189647 0.2205031 0.1554883 0.2419415 0.2105327 0.2443030 0.2528652 0.2320047 0.2121029 0.2464811 0.2217051 0.2544132 0.2394980 0.2194659 0.3014636 0.2388254 
Perityle_cuneata_34_cuneata_San_antonio    0.1674105 0.2164912 0.2091561 0.7821651 0.1909623 0.7291215 0.3910440 0.3308159 0.2123627 0.2507689 0.2359431 0.2211075 0.2061961 0.7835177 0.2467133 0.8314051 0.2109823 0.2563074 0.7905953 0.2093985 0.2109823 0.5843281 0.2345760 0.7665137 0.1833174 0.1988556 0.2549686 0.2408706 0.2404787 0.4842291 0.0000000 0.7607350 0.8471326 0.2372628 0.7871380 0.2490966 0.2175694 0.3194300 0.2518440 0.7932758 0.2149795 0.2498034 0.2013109 0.2500226 0.2696651 0.6742751 0.2308310 0.2095040 0.2525479 0.2115289 0.7692241 0.8047467 0.1845250 0.1760336 0.2513029 0.2854598 0.2647540 0.2457389 0.1985141 0.8856204 0.3456014 0.8844639 0.2340424 0.1907093 0.2440993 0.2554385 0.2270440 0.7634760 0.2016150 0.2295370 0.2235360 0.1920795 0.7754092 0.7533011 0.2743001 0.8071952 0.2296764 0.2476692 0.1921282 0.2412559 0.1938025 0.1584747 0.8016853 0.2081543 
Perityle_cuneata_4                         0.8771265 0.1051011 0.1442842 0.2480867 0.1025987 0.3044835 0.2401026 0.2004584 0.1091799 0.1389520 0.1043575 0.1056483 0.1120288 0.2250362 0.1040673 0.0947794 0.1905455 0.2233876 0.0980371 0.0919675 0.0916768 0.1145747 0.1151840 0.0974084 0.1068943 0.1191099 0.0894477 0.1033570 0.1160377 0.2353595 0.7607350 0.0000000 0.1054172 0.1159034 0.1045364 0.0988380 0.0916343 0.1073808 0.1060035 0.0979232 0.1152341 0.1061531 0.0963818 0.1089690 0.1059291 0.1151404 0.0996555 0.0996970 0.1057336 0.1462645 0.1069891 0.1031439 0.1093531 0.1972186 0.1406125 0.1000210 0.1344106 0.0980369 0.0931764 0.0658953 0.1661711 0.0780657 0.0935589 0.0883804 0.1090419 0.1085674 0.7231774 0.1061805 0.0932140 0.0978866 0.0861222 0.0915865 0.1037192 0.1119706 0.0947678 0.0991233 0.1160299 0.0946881 0.0931392 0.1468433 0.0997602 0.1075717 0.1011078 0.0813347 
Perityle_discoidea_81                      0.8637004 0.1528878 0.1612609 0.2448164 0.1023630 0.3116946 0.1956676 0.1588200 0.0070415 0.1770433 0.1072387 0.1122785 0.1216849 0.2680060 0.1116686 0.1041830 0.1663212 0.1805472 0.1106898 0.1043687 0.1253425 0.0887025 0.1287051 0.0978459 0.1165179 0.1590352 0.1011282 0.1576809 0.0150887 0.1694949 0.8471326 0.1054172 0.0000000 0.1225098 0.1026246 0.1167324 0.1011222 0.1169848 0.1101617 0.0995724 0.1253283 0.1295776 0.1238566 0.1478127 0.1170827 0.1215792 0.1268087 0.1222162 0.1149830 0.1853997 0.1166358 0.1340227 0.1072453 0.2246279 0.1957465 0.1292347 0.1470310 0.1189032 0.1172496 0.0689623 0.1657675 0.0649380 0.0747818 0.1071497 0.1572172 0.1133377 0.7093602 0.1496603 0.1124523 0.0995351 0.0771232 0.1253835 0.1069832 0.1220734 0.0867806 0.1115353 0.1060911 0.1203944 0.1121117 0.1647967 0.1237562 0.1010416 0.0672011 0.0733489 
Perityle_dissecta_201                      0.2695633 0.1186707 0.1902065 0.2850541 0.1175159 0.3100735 0.2187929 0.2010992 0.1330321 0.1827902 0.0364459 0.0945780 0.0731013 0.3907673 0.1278562 0.1002453 0.1703428 0.1473203 0.1113332 0.1181487 0.1247832 0.1049786 0.0930799 0.0867488 0.1195674 0.1579132 0.1296914 0.1587004 0.1705895 0.2237095 0.2372628 0.1159034 0.1225098 0.0000000 0.1294227 0.1258772 0.1162400 0.0929583 0.1209471 0.0732216 0.0736801 0.1510496 0.1255534 0.1441388 0.0942999 0.0903009 0.1190496 0.1248337 0.1251594 0.1203404 0.0876063 0.2415522 0.1222929 0.1667725 0.1864932 0.1393299 0.1673312 0.1338305 0.1197794 0.0528719 0.1440772 0.0582925 0.0981093 0.1177378 0.1537053 0.1074898 0.2894514 0.1863771 0.0974602 0.0867572 0.1136171 0.1174096 0.0927544 0.0740686 0.1308617 0.1177949 0.0816540 0.1280408 0.1180407 0.1531038 0.1206403 0.1358859 0.0933101 0.0894792 
Perityle_emoryi_47_punta_san_jose          0.8541481 0.1552214 0.2081291 0.2544430 0.1048178 0.3298466 0.2266331 0.1878413 0.1210982 0.2200179 0.1158018 0.1214399 0.1041958 0.2419568 0.1236793 0.0796884 0.1885641 0.1786018 0.0865511 0.0722246 0.1007834 0.0971345 0.1115489 0.0745866 0.1269383 0.1209428 0.1182401 0.1808590 0.1605477 0.2465964 0.7871380 0.1045364 0.1026246 0.1294227 0.0000000 0.1089623 0.0879782 0.1297566 0.1092352 0.1175001 0.1116152 0.1638398 0.0977360 0.1364364 0.1299445 0.1167127 0.1017184 0.1004588 0.1073754 0.1642942 0.1038965 0.1103485 0.0484401 0.1962392 0.2048206 0.1286848 0.0927857 0.0963095 0.0949465 0.0648676 0.1322940 0.0680752 0.0564632 0.1101390 0.1626956 0.1341154 0.6863805 0.1702817 0.0770793 0.1174617 0.1097540 0.0988620 0.0718603 0.1085640 0.0614350 0.0986509 0.1342293 0.1029390 0.1063419 0.1637810 0.1018096 0.0012182 0.0931381 0.0609284 
Perityle_feddemae_99                       0.2736000 0.1118107 0.1789629 0.2926564 0.1120760 0.2904732 0.2187013 0.1986476 0.1346733 0.1897138 0.1061983 0.1380702 0.1043410 0.3879245 0.0622951 0.0923687 0.1541438 0.1743882 0.1037972 0.1205574 0.1283757 0.0809829 0.1218087 0.0906962 0.1453887 0.1598624 0.0719628 0.1132718 0.1633253 0.2229451 0.2490966 0.0988380 0.1167324 0.1258772 0.1089623 0.0000000 0.1211053 0.1416444 0.0607573 0.0978546 0.1107922 0.0558302 0.1283506 0.0373440 0.1326507 0.1329174 0.1211752 0.1335328 0.0248560 0.1523572 0.1153924 0.2384939 0.1164721 0.1714367 0.1844090 0.0832567 0.1662901 0.1380900 0.1224588 0.0618474 0.1836599 0.0603479 0.0949676 0.1141530 0.1015728 0.1329621 0.2747828 0.1798260 0.0983668 0.1151389 0.1186647 0.1268334 0.1015003 0.1063808 0.1311091 0.1017191 0.1223599 0.1321296 0.1213270 0.1221294 0.1274171 0.1232860 0.0720250 0.0890113 
Perityle_fosteri_93                        0.2747346 0.1208042 0.1762424 0.2837627 0.0928383 0.3163587 0.2223909 0.1932050 0.1284820 0.1625466 0.1032187 0.0859883 0.0773082 0.3193090 0.1228815 0.0215647 0.1788753 0.1811436 0.0248776 0.0443477 0.0613001 0.0131787 0.0935630 0.0059397 0.0842063 0.1245634 0.1208795 0.1504892 0.1500054 0.2410077 0.2175694 0.0916343 0.1011222 0.1162400 0.0879782 0.1211053 0.0000000 0.1338179 0.1166678 0.0666974 0.0788024 0.1370635 0.0625254 0.1325361 0.1268471 0.0920337 0.0735333 0.0652979 0.1193623 0.1177817 0.0657979 0.1971762 0.0893445 0.1188880 0.1825522 0.1209780 0.1191880 0.0731327 0.0606178 0.0554103 0.1695815 0.0578540 0.0757178 0.0715244 0.1431525 0.1188777 0.2821029 0.1781522 0.0393459 0.0876905 0.1109703 0.0611065 0.0305822 0.0641604 0.0658054 0.1054079 0.1109156 0.0834675 0.0672307 0.1644676 0.0636983 0.0994771 0.0908975 0.0703283 
Perityle_gamon_221                         0.3428747 0.1212316 0.2110903 0.2937571 0.1252251 0.3165562 0.2181215 0.2187024 0.1410572 0.1957946 0.0970622 0.0992078 0.0895514 0.3996402 0.1521771 0.1148133 0.1770622 0.1631901 0.1119296 0.1320641 0.1389508 0.1074687 0.1035922 0.0991973 0.1381315 0.1782369 0.1402274 0.1740518 0.1577685 0.2217085 0.3194300 0.1073808 0.1169848 0.0929583 0.1297566 0.1416444 0.1338179 0.0000000 0.1477911 0.0799526 0.0901102 0.1691629 0.1412758 0.1653793 0.0271265 0.1023813 0.1349793 0.1450157 0.1435605 0.1343892 0.0993636 0.2293368 0.1374050 0.1935262 0.2018706 0.1407925 0.1764909 0.1450333 0.1375781 0.0705488 0.1536355 0.0770018 0.1094832 0.1326380 0.1678356 0.1256192 0.3686501 0.1832476 0.1168031 0.1001083 0.1200545 0.1369859 0.0977760 0.0855071 0.1377463 0.1006667 0.0727054 0.1315482 0.1285018 0.1509255 0.1404290 0.1507547 0.0871383 0.1040298 
Perityle_gentryi_8_san_francisco           0.2905972 0.1211444 0.1823047 0.2929956 0.1160437 0.3061935 0.2224658 0.1912882 0.1341145 0.1899506 0.1119378 0.1383716 0.1047956 0.3802891 0.0162984 0.0880316 0.1516661 0.1715005 0.0943210 0.1179511 0.1267727 0.0918486 0.1261229 0.0746976 0.1451825 0.1587967 0.0593560 0.1118614 0.1611625 0.2182795 0.2518440 0.1060035 0.1101617 0.1209471 0.1092352 0.0607573 0.1166678 0.1477911 0.0000000 0.0936268 0.1088413 0.0918456 0.1232997 0.0755541 0.1380759 0.1333098 0.1230665 0.1312180 0.0624572 0.1513362 0.1057584 0.2378904 0.1193938 0.1684555 0.1892784 0.0751124 0.1684139 0.1289258 0.1208084 0.0528813 0.1781684 0.0526300 0.0946957 0.1197520 0.1048316 0.1398554 0.2872905 0.1818441 0.0966956 0.1158929 0.1166147 0.1252702 0.0895348 0.1010913 0.1174300 0.0971315 0.1233271 0.1315180 0.1221171 0.1364523 0.1233787 0.1251095 0.0838442 0.0888625 
Perityle_gilensis_22_Superstition          0.8714094 0.1480692 0.2087837 0.2341913 0.0930720 0.2935182 0.2333435 0.1734800 0.1081548 0.1725071 0.0691048 0.0701568 0.0399396 0.1944165 0.1043541 0.0731812 0.1726137 0.1619721 0.0760914 0.0651342 0.0726757 0.0219411 0.0446967 0.0362911 0.0810844 0.1639212 0.0907840 0.1431820 0.1452478 0.2224618 0.7932758 0.0979232 0.0995724 0.0732216 0.1175001 0.0978546 0.0666974 0.0799526 0.0936268 0.0000000 0.0470043 0.1282274 0.0748536 0.1164323 0.0752499 0.0447612 0.0747669 0.0748236 0.0939791 0.1355012 0.0578142 0.0727895 0.1118165 0.1403369 0.1814050 0.1066260 0.1255742 0.0759952 0.0712366 0.0489555 0.1069637 0.0533907 0.0537292 0.0678442 0.1278273 0.0884552 0.6769853 0.1549680 0.0489346 0.0032446 0.0816212 0.0726759 0.0551991 0.0445308 0.0347671 0.1023365 0.0809587 0.0687274 0.0679617 0.1393245 0.0748662 0.1204582 0.0819428 0.0592731 
Perityle_gilensis_salensis_225             0.2724298 0.1167714 0.1797376 0.2829726 0.1017723 0.3165116 0.2180019 0.1957514 0.1193824 0.1697579 0.0677548 0.0497724 0.0328103 0.3414598 0.1166917 0.0704136 0.1721058 0.1327799 0.0815381 0.0821416 0.0920940 0.0728821 0.0275936 0.0488488 0.0827030 0.1346631 0.1004842 0.1416637 0.1604102 0.2344491 0.2149795 0.1152341 0.1253283 0.0736801 0.1116152 0.1107922 0.0788024 0.0901102 0.1088413 0.0470043 0.0000000 0.1311663 0.0906940 0.1239207 0.0885565 0.0500712 0.0920282 0.0934166 0.1065952 0.0809994 0.0434361 0.2087802 0.1060385 0.1364448 0.1792411 0.1212583 0.1302559 0.1017646 0.0877332 0.0616735 0.1323405 0.0639600 0.0829146 0.0945745 0.1308182 0.0718762 0.2867945 0.1833254 0.0656486 0.0433619 0.1038936 0.0849116 0.0622404 0.0297187 0.0986016 0.1214031 0.0729689 0.0919748 0.0892809 0.1587094 0.0901945 0.1136149 0.0837845 0.0767806 
Perityle_glaucescens_94                    0.2719653 0.1185228 0.1779928 0.2906655 0.1249236 0.2869985 0.2150105 0.1958900 0.1555017 0.1837465 0.1327824 0.1499091 0.1259105 0.3850805 0.0905033 0.1363551 0.1561320 0.1712509 0.1513377 0.1347344 0.1538501 0.1014645 0.1444200 0.0956905 0.1517874 0.1501164 0.0995888 0.1070921 0.1727063 0.2302616 0.2498034 0.1061531 0.1295776 0.1510496 0.1638398 0.0558302 0.1370635 0.1691629 0.0918456 0.1282274 0.1311663 0.0000000 0.1530125 0.0312510 0.1570668 0.1706082 0.1445929 0.1601529 0.0495345 0.1406538 0.1254521 0.2791285 0.1459783 0.1611471 0.1835118 0.0976195 0.1562191 0.1679100 0.1483944 0.0639755 0.1802351 0.0677028 0.0994933 0.1341955 0.0985421 0.1417207 0.2773406 0.1781590 0.0985381 0.1334621 0.1372383 0.1525275 0.0935933 0.1400909 0.1382868 0.1034928 0.1478590 0.1629742 0.1299206 0.1161704 0.1518670 0.1576185 0.0872804 0.0951398 
Perityle_gracilis_11                       0.2679672 0.1263718 0.1761193 0.2864871 0.1059471 0.3156454 0.2114135 0.2001760 0.1328151 0.1752912 0.1117281 0.0998582 0.0838424 0.3370355 0.1309659 0.0593078 0.1648682 0.1899411 0.0517937 0.0619905 0.0220510 0.0264692 0.1023509 0.0138980 0.0760934 0.1282564 0.1255324 0.1544853 0.1597877 0.2394902 0.2013109 0.0963818 0.1238566 0.1255534 0.0977360 0.1283506 0.0625254 0.1412758 0.1232997 0.0748536 0.0906940 0.1530125 0.0000000 0.1443394 0.1378390 0.0980014 0.0313723 0.0199173 0.1250134 0.1270553 0.0883599 0.1800922 0.0931727 0.1077120 0.1827541 0.1308375 0.1281784 0.0203572 0.0141660 0.0576288 0.1821992 0.0624475 0.0754168 0.0405764 0.1408795 0.1337756 0.2817013 0.1784498 0.0277159 0.0922358 0.1061310 0.0216592 0.0551464 0.0699489 0.0083989 0.1098145 0.1281084 0.0523077 0.0429578 0.1689024 0.0141958 0.0972513 0.0971499 0.0617669 
Perityle_harkerae_31                       0.2739099 0.1184486 0.1656190 0.3117065 0.1306388 0.2988923 0.2173632 0.1932415 0.1540360 0.1762919 0.1225788 0.1326314 0.1196961 0.3830847 0.0737160 0.1226985 0.1567879 0.1811901 0.1279172 0.1360521 0.1447970 0.0871886 0.1369508 0.0865701 0.1417056 0.1453319 0.0920182 0.0953251 0.1635315 0.2302373 0.2500226 0.1089690 0.1478127 0.1441388 0.1364364 0.0373440 0.1325361 0.1653793 0.0755541 0.1164323 0.1239207 0.0312510 0.1443394 0.0000000 0.1589115 0.1511450 0.1347966 0.1483790 0.0340184 0.1451089 0.1265551 0.2728450 0.1393048 0.1686638 0.1673615 0.1028111 0.1712271 0.1565396 0.1397662 0.0665070 0.1772374 0.0694334 0.1014263 0.1303539 0.0935498 0.1301020 0.2689098 0.1733240 0.1016480 0.1274548 0.1304824 0.1397439 0.0918908 0.1285463 0.1329380 0.1037207 0.1394935 0.1505126 0.1376174 0.1294481 0.1433398 0.1399654 0.0842523 0.0947563 
Perityle_hofmeisteria_4_nombre_de_dios     0.2941718 0.1146894 0.1961856 0.2836370 0.1214754 0.3163298 0.2124046 0.2030083 0.1340830 0.1811214 0.0914270 0.1076945 0.0896111 0.4085666 0.1423335 0.1058707 0.1867276 0.1777296 0.1120840 0.1365076 0.1373674 0.1125911 0.1001007 0.1014888 0.1315777 0.1745220 0.1407590 0.1726365 0.1650494 0.2364780 0.2696651 0.1059291 0.1170827 0.0942999 0.1299445 0.1326507 0.1268471 0.0271265 0.1380759 0.0752499 0.0885565 0.1570668 0.1378390 0.1589115 0.0000000 0.1037522 0.1312066 0.1396311 0.1336025 0.1340475 0.0957384 0.2425269 0.1338256 0.1830162 0.1848214 0.1530362 0.1871854 0.1433353 0.1336568 0.0706528 0.1486436 0.0639120 0.1202778 0.1239124 0.1631700 0.1235657 0.3314862 0.1738464 0.1141348 0.0961032 0.1193433 0.1313443 0.0998266 0.0783434 0.1521617 0.0976472 0.0766041 0.1310834 0.1235205 0.1651895 0.1345196 0.1483935 0.0842039 0.1131260 
