85
Amauria_brandeegeana_62                    0.0000000 0.2687132 0.1987657 0.2636051 0.1254098 0.1740788 0.2671211 0.2573437 0.3297496 0.1352148 0.1492048 0.2454841 0.2465002 0.1512697 0.2374531 0.2564835 0.2685525 0.2471019 0.1371107 0.1590713 0.2198180 0.2470716 0.1025866 0.2426976 0.2460211 0.2680167 0.2496356 0.2416950 0.1553221 0.2515118 0.0804075 0.1958953 0.3422628 0.4096322 0.2371847 0.1381027 0.2599786 0.2518649 0.1602228 0.2384147 0.2413048 0.2438869 0.2767790 0.1943451 0.1774528 0.1699613 0.1459988 0.2642089 0.2434969 0.1661402 0.1472795 0.2497310 0.2351738 0.2166866 0.3190674 0.1517849 0.1160179 0.2422557 0.2456438 0.1308735 0.0738132 0.1613157 0.1625704 0.1574075 0.2298844 0.2354686 0.1588999 0.3008789 0.1619163 0.2291335 0.2426994 0.2945159 0.2271413 0.2414742 0.2387095 0.0677864 0.1611265 0.1788882 0.2491433 0.2659590 0.1467942 0.2446934 0.1388188 0.2652745 0.0761890 
Amauria_carterae_99_mesa                   0.2687132 0.0000000 0.2448164 0.3945786 0.1496306 0.1553074 0.4286095 0.2440564 0.3805377 0.2819128 0.2988890 0.3985365 0.4050035 0.3095617 0.3864596 0.4405404 0.4879051 0.2834563 0.1604308 0.3023550 0.3509762 0.3984154 0.1470404 0.4017173 0.3891338 0.4090192 0.3991219 0.2823846 0.2960329 0.2940803 0.1182052 0.2275082 0.3128695 0.4643318 0.3879562 0.2964986 0.3147415 0.4078307 0.3473272 0.3967057 0.3984965 0.4050203 0.3147444 0.3386291 0.2411091 0.3538536 0.3062288 0.4207514 0.3978194 0.2320568 0.3059900 0.4017629 0.3969110 0.2595001 0.3516362 0.2170972 0.1721255 0.3952746 0.4015305 0.2597778 0.1618163 0.2235324 0.2309152 0.3142634 0.3884341 0.4026289 0.2060249 0.2864207 0.1656342 0.3934727 0.4028107 0.4047303 0.3879318 0.3970327 0.3966209 0.0893036 0.2028210 0.3627881 0.3891352 0.3776654 0.1296519 0.3995888 0.2994694 0.3656804 0.0770229 
Amauria_rotundifolia_SRR9119150            0.1987657 0.2448164 0.0000000 0.3504497 0.1301452 0.1930176 0.3668880 0.2669002 0.3671489 0.2438473 0.2320320 0.3581654 0.3534406 0.2472893 0.3569496 0.3856111 0.3838881 0.2260779 0.1196558 0.2429480 0.2803393 0.3617354 0.1319781 0.3532341 0.3472433 0.3943943 0.3603306 0.2351738 0.2663923 0.2692387 0.0658242 0.1683493 0.3486299 0.4524056 0.3643046 0.2418350 0.2811140 0.3556831 0.2739459 0.3526515 0.3647210 0.3707818 0.2889855 0.2709904 0.1608394 0.2858604 0.2541831 0.3823869 0.3570112 0.1468177 0.2398194 0.3549962 0.3526058 0.2131576 0.3370569 0.1381376 0.0961959 0.3583713 0.3595131 0.2123676 0.0735034 0.1455460 0.1535979 0.2613591 0.3443446 0.3519435 0.1406631 0.3164335 0.1500724 0.3696878 0.3533267 0.3771094 0.3587819 0.3492591 0.3281543 0.0715965 0.1445831 0.2838588 0.3458314 0.3452933 0.1308004 0.3605749 0.2424406 0.3097609 0.0674923 
Conoclinium_coelestinum_SRR9119114         0.2636051 0.3945786 0.3504497 0.0000000 0.2722625 0.2883740 0.1544052 0.3655253 0.3496472 0.2595521 0.2485814 0.3095370 0.3152148 0.2625416 0.3109765 0.3594815 0.3191444 0.3232663 0.2305366 0.2586182 0.3034089 0.3124998 0.1687220 0.3152179 0.3139750 0.3562652 0.3072309 0.3458270 0.2558876 0.3250672 0.2305888 0.2961545 0.4484421 0.5048986 0.3303682 0.2563047 0.3575753 0.3418254 0.2280400 0.3155768 0.3070651 0.3155032 0.3240076 0.2708610 0.2240455 0.2417216 0.2575491 0.3579703 0.3106779 0.1998503 0.2564313 0.3158322 0.3046498 0.3247118 0.3933782 0.2574572 0.2219105 0.3139760 0.3080303 0.2356728 0.1444768 0.2448611 0.2057132 0.2685272 0.2989871 0.3034307 0.2507643 0.4067670 0.2124644 0.3161605 0.3123554 0.3647574 0.3190562 0.3143413 0.3082969 0.1655857 0.2509246 0.2596823 0.3081105 0.3176072 0.2840846 0.3145637 0.2576362 0.3338493 0.1706104 
Eutetras_palmeri_63                        0.1254098 0.1496306 0.1301452 0.2722625 0.0000000 0.1180676 0.3040894 0.2158838 0.2670340 0.1030330 0.1238596 0.2695030 0.2692111 0.1263665 0.2361365 0.3335057 0.2391596 0.1212278 0.0731763 0.1371441 0.2403494 0.2706263 0.0929003 0.2646489 0.2632300 0.3450354 0.2755814 0.1403970 0.1279177 0.2367885 0.0541959 0.1142342 0.1951430 0.2737449 0.2757463 0.1375876 0.1406772 0.2735539 0.1377045 0.2592142 0.2859673 0.2848087 0.1501766 0.1948770 0.1114394 0.1464161 0.1336433 0.3109790 0.2670817 0.0795924 0.1301404 0.2698948 0.2614915 0.1174711 0.2665886 0.0963274 0.0999157 0.2688956 0.2696049 0.1157440 0.0572461 0.0886972 0.1437742 0.1464514 0.2598596 0.2407005 0.1102833 0.2400842 0.1311775 0.2769873 0.2656401 0.3033475 0.2748138 0.2454256 0.2496336 0.0593265 0.1263007 0.1528849 0.2497125 0.2710901 0.0849326 0.2688208 0.1374796 0.2972214 0.0617450 
Eutetras_pringlei_149_quer                 0.1740788 0.1553074 0.1930176 0.2883740 0.1180676 0.0000000 0.3059214 0.1894493 0.1980871 0.2111068 0.1963549 0.2179754 0.2191267 0.2248160 0.2119588 0.2197264 0.2333074 0.2695674 0.1204254 0.2095260 0.1681456 0.2157015 0.1050901 0.2158739 0.2091538 0.2124096 0.2139613 0.1737348 0.2066049 0.1479782 0.1957749 0.1553821 0.2240406 0.2669013 0.2161938 0.2019134 0.1597402 0.2192453 0.2311996 0.2162857 0.2069406 0.2125983 0.1772963 0.1627467 0.1221416 0.2388184 0.2109947 0.2093570 0.2155333 0.1273021 0.2121306 0.2123101 0.2089054 0.2171298 0.1925509 0.1648816 0.0748954 0.2073380 0.2172295 0.2067678 0.2035003 0.1403464 0.0914589 0.2124442 0.2276681 0.2240489 0.1344929 0.1796831 0.0911571 0.2111593 0.2157054 0.2061067 0.2090388 0.2088443 0.2093412 0.1250957 0.1389613 0.2281764 0.2057241 0.2061525 0.1244606 0.2137532 0.2020745 0.2010486 0.1051010 
Eutrochium_fistulosum_SRR9119106           0.2671211 0.4286095 0.3668880 0.1544052 0.3040894 0.3059214 0.0000000 0.3079597 0.3246615 0.2651241 0.2465879 0.2630815 0.2651177 0.2571349 0.2627610 0.3183440 0.2835865 0.2979128 0.2672192 0.2515131 0.2619433 0.2676122 0.2655283 0.2690318 0.2557277 0.3085597 0.2714546 0.3615657 0.2501151 0.3153726 0.1966139 0.3199712 0.4712924 0.4339600 0.2754040 0.2481509 0.3581244 0.2802012 0.2348839 0.2693249 0.2631676 0.2769371 0.3198641 0.2923661 0.2666574 0.2459070 0.2542126 0.3030389 0.2633064 0.2490760 0.2530387 0.2727248 0.2597612 0.3621376 0.3600125 0.3094136 0.3469464 0.2649761 0.2575977 0.2608351 0.1377447 0.2898581 0.2202905 0.2648466 0.2611052 0.2786564 0.2923247 0.3723939 0.1972638 0.2733660 0.2666697 0.3204728 0.2718037 0.2672598 0.2667532 0.2261985 0.3050169 0.2552071 0.2635010 0.2735860 0.3439602 0.2677774 0.2460590 0.3264381 0.2037637 
Galeana_pratensis_104_mex                  0.2573437 0.2440564 0.2669002 0.3655253 0.2158838 0.1894493 0.3079597 0.0000000 0.2447947 0.2835943 0.2859486 0.2456681 0.2471847 0.3055675 0.2433506 0.2684466 0.3083914 0.3288409 0.2232822 0.2981412 0.2176580 0.2432415 0.1615468 0.2375969 0.2411418 0.2512074 0.2448599 0.2773845 0.2779120 0.1937243 0.2461012 0.2543807 0.2899029 0.2767100 0.2537747 0.2904292 0.2695137 0.2554782 0.2972760 0.2560443 0.2436429 0.2435355 0.2728878 0.2674491 0.2181481 0.2961122 0.2898596 0.2444957 0.2393374 0.2166602 0.3014454 0.2499441 0.2341374 0.2900893 0.2143157 0.2416809 0.2191227 0.2355492 0.2394437 0.2806509 0.2316513 0.2452093 0.1638937 0.2899156 0.2636243 0.2526017 0.2529617 0.2851781 0.1188793 0.2399081 0.2357545 0.2636809 0.2377539 0.2357149 0.2399324 0.2051478 0.2621102 0.2969332 0.2365188 0.2120322 0.1953204 0.2411607 0.3019403 0.3076768 0.1650852 
Helianthus_annuus_SRR9119062               0.3297496 0.3805377 0.3671489 0.3496472 0.2670340 0.1980871 0.3246615 0.2447947 0.0000000 0.3104371 0.3073036 0.3094659 0.3098764 0.3153952 0.2816228 0.3637511 0.2913656 0.3201459 0.2443350 0.3215274 0.3022192 0.3108068 0.1646909 0.3091239 0.3042680 0.3199337 0.3206064 0.3815446 0.3229122 0.2163564 0.1402836 0.3430423 0.4511850 0.4225904 0.2977433 0.2879215 0.3779346 0.3207283 0.3098978 0.3044738 0.3021140 0.2994893 0.3740579 0.3141746 0.2838589 0.3228314 0.2879108 0.3655834 0.3066196 0.2556015 0.3124301 0.3149675 0.2981418 0.3654397 0.3362943 0.2694407 0.4252489 0.3061260 0.3098637 0.2996163 0.1566046 0.2740429 0.1039149 0.3133886 0.3104709 0.2991871 0.2940739 0.3799592 0.1125229 0.3082098 0.3068171 0.3335352 0.2962776 0.3095098 0.3018208 0.2075688 0.2926660 0.3241461 0.3176247 0.3079452 0.2959673 0.3088776 0.2911193 0.2686441 0.2489348 
Lycapsus_tenuifolius_17                    0.1352148 0.2819128 0.2438473 0.2595521 0.1030330 0.2111068 0.2651241 0.2835943 0.3104371 0.0000000 0.1520266 0.2239101 0.2391400 0.1453635 0.2150019 0.2571748 0.2515869 0.2495668 0.0988440 0.1472384 0.2234432 0.2237393 0.1337075 0.2243434 0.2318849 0.2627778 0.2316897 0.2477908 0.1442978 0.2471206 0.0129154 0.1631395 0.3337083 0.3987774 0.2129940 0.0840775 0.2366226 0.2565803 0.1696901 0.2287532 0.2248760 0.2182864 0.2672838 0.2004413 0.1243863 0.1702025 0.1325510 0.2700901 0.2246149 0.1178248 0.1370967 0.2466667 0.2150656 0.1891347 0.3305596 0.1369029 0.1190462 0.2239809 0.2287950 0.1613720 0.0673599 0.1145439 0.1489202 0.1443243 0.2471124 0.2294527 0.1127354 0.2895943 0.1422451 0.2179265 0.2235931 0.2335477 0.2239558 0.2292074 0.2292805 0.0765682 0.1231395 0.1957375 0.2419668 0.2368418 0.1121934 0.2282417 0.0830488 0.2441320 0.0852743 
Pericome_caudata_50_silver                 0.1492048 0.2988890 0.2320320 0.2485814 0.1238596 0.1963549 0.2465879 0.2859486 0.3073036 0.1520266 0.0000000 0.2748847 0.2788076 0.1571220 0.2509234 0.3168228 0.3024020 0.2328040 0.0975126 0.1636239 0.2625812 0.2787555 0.1254418 0.2743061 0.2841899 0.3204944 0.2758864 0.2247339 0.1395742 0.2501694 0.0737174 0.1430464 0.3445186 0.4184624 0.2742497 0.1714915 0.2093691 0.2992983 0.1510287 0.2725883 0.2852525 0.2897685 0.2081240 0.2269411 0.1186016 0.1590003 0.1522299 0.2997370 0.2719206 0.0922377 0.1508300 0.2880499 0.2687437 0.1693993 0.3421823 0.1196183 0.1132172 0.2750052 0.2768348 0.1507454 0.0617626 0.0994740 0.1622515 0.1626145 0.2619870 0.2653157 0.0660791 0.2900381 0.1473318 0.2851163 0.2735536 0.3295970 0.2686152 0.2666457 0.2659481 0.0665707 0.0810988 0.1643733 0.2811988 0.2823023 0.1245408 0.2750809 0.1684592 0.2773868 0.0478962 
Perityle_aglossa_84_dead_horse             0.2454841 0.3985365 0.3581654 0.3095370 0.2695030 0.2179754 0.2630815 0.2456681 0.3094659 0.2239101 0.2748847 0.0000000 0.0372331 0.1965132 0.0393518 0.1010643 0.0804290 0.3142061 0.2665008 0.2113388 0.0521296 0.0252766 0.1227533 0.0334230 0.0572972 0.0923942 0.0451802 0.3577484 0.2610078 0.1287302 0.2003587 0.3176285 0.4567830 0.2808529 0.0322300 0.2247793 0.3525957 0.0704926 0.2454160 0.0557809 0.0549527 0.0585594 0.3812781 0.1466128 0.3257542 0.2477764 0.1802002 0.0884274 0.0241430 0.2865350 0.2000710 0.0520065 0.0207725 0.3460984 0.1543255 0.2910357 0.2585670 0.0263857 0.0258914 0.2497474 0.1871211 0.2705314 0.0180620 0.1994330 0.1936516 0.0490989 0.3027111 0.4156904 0.0359615 0.0487058 0.0325457 0.1700231 0.0424778 0.0296968 0.0484184 0.1983515 0.3199143 0.2744631 0.0588420 0.0187760 0.2724105 0.0241386 0.2274221 0.1707925 0.2156745 
Perityle_ajoensis_204                      0.2465002 0.4050035 0.3534406 0.3152148 0.2692111 0.2191267 0.2651177 0.2471847 0.3098764 0.2391400 0.2788076 0.0372331 0.0000000 0.1825545 0.0451793 0.1117372 0.0595636 0.3063436 0.2681106 0.1938299 0.0364900 0.0269467 0.1224799 0.0434466 0.0480008 0.0721709 0.0569334 0.3417580 0.2614620 0.1256867 0.2030438 0.3221414 0.4763812 0.2804130 0.0381357 0.2371727 0.3622421 0.0530746 0.2493781 0.0631766 0.0621772 0.0644576 0.3916412 0.1322498 0.3299694 0.2523732 0.1942853 0.1027029 0.0287569 0.2898207 0.1891314 0.0394055 0.0324469 0.3474807 0.1353450 0.2911233 0.2294652 0.0306456 0.0310252 0.2419242 0.1949567 0.2749364 0.0204238 0.2163369 0.1789811 0.0612665 0.3080339 0.3977181 0.0321338 0.0586647 0.0430026 0.1712446 0.0555582 0.0418713 0.0324237 0.2004809 0.3215526 0.2800589 0.0425436 0.0375515 0.2747168 0.0287517 0.2363842 0.1768524 0.2245369 
Perityle_ambrosiifolia_67_green            0.1512697 0.3095617 0.2472893 0.2625416 0.1263665 0.2248160 0.2571349 0.3055675 0.3153952 0.1453635 0.1571220 0.1965132 0.1825545 0.0000000 0.1675966 0.2500058 0.1782359 0.2314214 0.1051136 0.0425300 0.1841063 0.1932678 0.1047597 0.1995607 0.1901291 0.2019119 0.2199317 0.1543290 0.1260153 0.2719200 0.0794291 0.1518513 0.3412476 0.4308377 0.1878324 0.1038518 0.2190112 0.2150016 0.1270302 0.2095902 0.2030174 0.2033193 0.2504367 0.1270121 0.1376711 0.1310545 0.0410785 0.2242214 0.1938680 0.0958862 0.0282071 0.1978993 0.1886451 0.1018487 0.3196136 0.0790109 0.0435896 0.1927176 0.1954630 0.1350867 0.0534467 0.1192329 0.1749220 0.0556712 0.2294047 0.2016674 0.1322476 0.2690086 0.1631178 0.1888856 0.1983285 0.2859954 0.1928312 0.1897414 0.1766028 0.0380642 0.1479968 0.1996082 0.2028531 0.2169647 0.1369349 0.1950233 0.1048943 0.2325834 0.0598397 
Perityle_angustifolia_13_Eagle_creek       0.2374531 0.3864596 0.3569496 0.3109765 0.2361365 0.2119588 0.2627610 0.2433506 0.2816228 0.2150019 0.2509234 0.0393518 0.0451793 0.1675966 0.0000000 0.1048074 0.0884299 0.3257308 0.2610920 0.1775311 0.0416449 0.0402522 0.1141571 0.0448061 0.0498555 0.0850586 0.0588203 0.3477024 0.2353082 0.1153278 0.1935741 0.2832832 0.4368674 0.2539338 0.0382816 0.2133113 0.2999057 0.0593123 0.2128032 0.0541125 0.0442104 0.0470679 0.3248089 0.1166875 0.2907149 0.2163246 0.1466695 0.0743388 0.0392755 0.2591350 0.1648879 0.0571302 0.0338954 0.2932493 0.1301212 0.2693336 0.2786748 0.0384117 0.0405327 0.2534204 0.1881014 0.2536623 0.0126833 0.1718008 0.1710671 0.0622370 0.2728141 0.3896493 0.0223529 0.0429492 0.0443136 0.1382924 0.0436371 0.0412061 0.0483758 0.1908571 0.3017185 0.2678497 0.0549262 0.0418561 0.2582309 0.0392566 0.2142195 0.1670045 0.2136412 
Perityle_batopilensis_97                   0.2564835 0.4405404 0.3856111 0.3594815 0.3335057 0.2197264 0.3183440 0.2684466 0.3637511 0.2571748 0.3168228 0.1010643 0.1117372 0.2500058 0.1048074 0.0000000 0.1755337 0.4079338 0.3524210 0.2667486 0.1176879 0.1010808 0.1341119 0.1022593 0.1117028 0.1738400 0.1100395 0.4161691 0.3176325 0.1746916 0.3254254 0.4044934 0.5232388 0.3295553 0.1053323 0.2592239 0.4214075 0.1349642 0.2958169 0.0609891 0.1261337 0.1245330 0.4514982 0.2013019 0.4080463 0.3036473 0.2292735 0.1124796 0.0998579 0.3933984 0.2517082 0.1203018 0.0945106 0.4227793 0.2299435 0.4015860 0.2760210 0.1011564 0.1023647 0.2820524 0.3654174 0.3766574 0.1340077 0.2499837 0.2167797 0.1170618 0.4022586 0.4670220 0.1355308 0.1215436 0.1012609 0.1985946 0.1009502 0.1040051 0.1164200 0.2525243 0.4184974 0.3234864 0.1182169 0.1077829 0.2821042 0.1003205 0.2616326 0.2418712 0.2388819 
Perityle_bisetosa_9                        0.2685525 0.4879051 0.3838881 0.3191444 0.2391596 0.2333074 0.2835865 0.3083914 0.2913656 0.2515869 0.3024020 0.0804290 0.0595636 0.1782359 0.0884299 0.1755337 0.0000000 0.3062689 0.2459222 0.1733166 0.0704027 0.0754533 0.0634779 0.0816587 0.0836065 0.0601355 0.0858983 0.3513053 0.2691031 0.1230960 0.2007119 0.3236407 0.5245639 0.3829826 0.0672863 0.2450917 0.3862872 0.0718338 0.2550980 0.1011671 0.0744063 0.0796104 0.4418607 0.0913089 0.3428782 0.2591706 0.1948215 0.1684206 0.0767349 0.3188171 0.1782493 0.0659912 0.0675734 0.3638085 0.1589354 0.3047800 0.1014382 0.0777276 0.0793699 0.2451078 0.1911914 0.2833345 0.0101382 0.2109664 0.2319346 0.0857352 0.2867899 0.3715505 0.0223573 0.0666155 0.0810021 0.2269328 0.0734988 0.0728696 0.0640422 0.1853618 0.2919256 0.2942581 0.0685030 0.0836528 0.2908763 0.0799638 0.2454800 0.1055709 0.1727370 
Perityle_californica_76_positas            0.2471019 0.2834563 0.2260779 0.3232663 0.1212278 0.2695674 0.2979128 0.3288409 0.3201459 0.2495668 0.2328040 0.3142061 0.3063436 0.2314214 0.3257308 0.4079338 0.3062689 0.0000000 0.0694448 0.2318879 0.2334357 0.3176891 0.1958790 0.3109660 0.3019427 0.3038087 0.3103976 0.2087928 0.2401539 0.2091497 0.0497746 0.1715865 0.2603997 0.4451419 0.3170139 0.2672805 0.2550611 0.3141620 0.2686134 0.3274946 0.3013723 0.3166673 0.2956819 0.2914856 0.0944890 0.2705124 0.2449023 0.3912112 0.3159964 0.0975067 0.2322145 0.3065755 0.3076909 0.2145385 0.2345508 0.0978679 0.1363682 0.3134550 0.3161146 0.2493470 0.0820945 0.1062255 0.1633720 0.2528889 0.2458729 0.3171242 0.0792252 0.1611912 0.1595016 0.3122984 0.3107833 0.3376110 0.3141622 0.3120181 0.2958908 0.0772164 0.0901550 0.2643891 0.2923006 0.3188954 0.0976120 0.3174789 0.2578925 0.2231800 0.0670023 
Perityle_canescens_77                      0.1371107 0.1604308 0.1196558 0.2305366 0.0731763 0.1204254 0.2672192 0.2232822 0.2443350 0.0988440 0.0975126 0.2665008 0.2681106 0.1051136 0.2610920 0.3524210 0.2459222 0.0694448 0.0000000 0.0997159 0.2521714 0.2723373 0.1069209 0.2598730 0.2595210 0.3162115 0.2690437 0.1139457 0.1031850 0.2544021 0.0732409 0.1115392 0.1565360 0.2775915 0.2710118 0.1064941 0.0586671 0.2695052 0.0853925 0.2851585 0.2688502 0.2614778 0.0657768 0.1804836 0.0561001 0.0889044 0.0980802 0.3550720 0.2669044 0.0593191 0.0987132 0.2687731 0.2610669 0.0999893 0.2552737 0.1181593 0.1124280 0.2663896 0.2704161 0.1100542 0.0601800 0.0875414 0.1399007 0.1173277 0.2457675 0.2549655 0.1094227 0.1740381 0.1436199 0.2748455 0.2598671 0.2897011 0.2724656 0.2701153 0.2710210 0.0621787 0.1240015 0.1241155 0.2635098 0.2744339 0.0730721 0.2668955 0.1066630 0.3088923 0.0804927 
Perityle_castillonii_96                    0.1590713 0.3023550 0.2429480 0.2586182 0.1371441 0.2095260 0.2515131 0.2981412 0.3215274 0.1472384 0.1636239 0.2113388 0.1938299 0.0425300 0.1775311 0.2667486 0.1733166 0.2318879 0.0997159 0.0000000 0.1907558 0.2105267 0.0805558 0.2137740 0.2031652 0.2198929 0.2294111 0.1545742 0.1311229 0.2616138 0.0770884 0.1439587 0.3442132 0.4193355 0.2049808 0.1069782 0.2141708 0.2069095 0.1311821 0.2172357 0.2257033 0.2236507 0.2436757 0.1147245 0.1382839 0.1367136 0.0443567 0.2429779 0.2098659 0.0910968 0.0361829 0.2031734 0.2045009 0.0994464 0.3283231 0.0722445 0.0387533 0.2102322 0.2126043 0.1296723 0.0560209 0.1128025 0.1709338 0.0660103 0.2398548 0.2042092 0.1334902 0.2758931 0.1542099 0.2067322 0.2125078 0.3029207 0.2059311 0.1975491 0.1828067 0.0282233 0.1469766 0.2026377 0.1912878 0.2368786 0.1275658 0.2124092 0.1069463 0.2269430 0.0525383 
Perityle_cernua_84                         0.2198180 0.3509762 0.2803393 0.3034089 0.2403494 0.1681456 0.2619433 0.2176580 0.3022192 0.2234432 0.2625812 0.0521296 0.0364900 0.1841063 0.0416449 0.1176879 0.0704027 0.2334357 0.2521714 0.1907558 0.0000000 0.0470930 0.1132660 0.0508813 0.0263427 0.0660184 0.0626566 0.2687415 0.2515192 0.1111916 0.1882877 0.3062065 0.4087489 0.2270353 0.0480591 0.2195972 0.3484917 0.0659457 0.2357115 0.0650649 0.0550961 0.0528603 0.3789235 0.1074615 0.2867601 0.2448879 0.1871935 0.1026641 0.0507761 0.2679484 0.1818350 0.0495178 0.0443581 0.3064076 0.0630405 0.2744512 0.2242491 0.0488063 0.0540663 0.2210981 0.1846007 0.2692528 0.0203780 0.2099271 0.1621519 0.0637608 0.2846257 0.3076649 0.0255642 0.0472293 0.0508971 0.1421889 0.0529582 0.0462172 0.0357846 0.1858601 0.3020964 0.2703415 0.0400255 0.0518131 0.2450775 0.0512955 0.2189932 0.1723406 0.2008654 
Perityle_cfvillosa_25_tin                  0.2470716 0.3984154 0.3617354 0.3124998 0.2706263 0.2157015 0.2676122 0.2432415 0.3108068 0.2237393 0.2787555 0.0252766 0.0269467 0.1932678 0.0402522 0.1010808 0.0754533 0.3176891 0.2723373 0.2105267 0.0470930 0.0000000 0.1224742 0.0301810 0.0591604 0.0773125 0.0455266 0.3569774 0.2627241 0.1224077 0.2055478 0.3244629 0.4672020 0.2743060 0.0321983 0.2263820 0.3539254 0.0681806 0.2475807 0.0548072 0.0526659 0.0573771 0.3819511 0.1345875 0.3293677 0.2486969 0.1792457 0.0805377 0.0067425 0.2884821 0.2010145 0.0511126 0.0195999 0.3450760 0.1496489 0.2887798 0.2557533 0.0088913 0.0081564 0.2525531 0.2051207 0.2750557 0.0282479 0.2013277 0.1908026 0.0499743 0.3097629 0.4123473 0.0354983 0.0454423 0.0306163 0.1584438 0.0352831 0.0217649 0.0420046 0.2006537 0.3248385 0.2777789 0.0555262 0.0293535 0.2793489 0.0080098 0.2296774 0.1745691 0.2245476 
Perityle_cinerea_113_Powell1310            0.1025866 0.1470404 0.1319781 0.1687220 0.0929003 0.1050901 0.2655283 0.1615468 0.1646909 0.1337075 0.1254418 0.1227533 0.1224799 0.1047597 0.1141571 0.1341119 0.0634779 0.1958790 0.1069209 0.0805558 0.1132660 0.1224742 0.0000000 0.1202925 0.1177979 0.1179075 0.1315368 0.1023636 0.0961436 0.1500642 0.1540242 0.1247722 0.1661457 0.1655908 0.1204127 0.0893304 0.1066131 0.1174227 0.0939839 0.1319396 0.1248257 0.1224403 0.1168544 0.0291262 0.0903749 0.0989980 0.0825463 0.1156585 0.1222192 0.0954046 0.0914900 0.1156026 0.1158434 0.1077310 0.1284301 0.1119471 0.0398451 0.1148612 0.1267627 0.0955297 0.1411181 0.1051960 0.0236602 0.1004281 0.1658633 0.1299148 0.1241121 0.1391390 0.0050745 0.1204274 0.1180263 0.1551378 0.1158049 0.1156585 0.1246345 0.0698900 0.1328564 0.1320680 0.1156265 0.1253501 0.0997951 0.1200480 0.0893304 0.2051214 0.0876440 
Perityle_coahuilensis_24                   0.2426976 0.4017173 0.3532341 0.3152179 0.2646489 0.2158739 0.2690318 0.2375969 0.3091239 0.2243434 0.2743061 0.0334230 0.0434466 0.1995607 0.0448061 0.1022593 0.0816587 0.3109660 0.2598730 0.2137740 0.0508813 0.0301810 0.1202925 0.0000000 0.0608937 0.0981716 0.0469601 0.3538629 0.2616642 0.1290508 0.1867170 0.3168737 0.4677297 0.2759052 0.0340900 0.2213498 0.3556501 0.0708933 0.2501719 0.0548304 0.0398453 0.0445901 0.3834886 0.1464567 0.3251462 0.2537926 0.1807106 0.0923770 0.0289309 0.2873748 0.2053150 0.0542287 0.0238394 0.3439883 0.1522981 0.2860726 0.2603557 0.0312512 0.0316526 0.2499852 0.1912337 0.2755289 0.0152673 0.2011629 0.1940208 0.0509617 0.3032918 0.4118117 0.0288898 0.0500890 0.0029214 0.1694310 0.0415690 0.0310761 0.0455120 0.1953396 0.3179772 0.2735822 0.0612335 0.0386948 0.2662795 0.0297901 0.2245754 0.1718963 0.2095925 
Perityle_cochisensis_44_cave_creek         0.2460211 0.3891338 0.3472433 0.3139750 0.2632300 0.2091538 0.2557277 0.2411418 0.3042680 0.2318849 0.2841899 0.0572972 0.0480008 0.1901291 0.0498555 0.1117028 0.0836065 0.3019427 0.2595210 0.2031652 0.0263427 0.0591604 0.1177979 0.0608937 0.0000000 0.1062054 0.0705262 0.3444496 0.2671212 0.1200803 0.2008791 0.3398106 0.4571583 0.2717435 0.0460760 0.2381692 0.3660176 0.0595362 0.2524837 0.0623219 0.0811096 0.0823420 0.3920371 0.1301508 0.3002754 0.2561034 0.2004120 0.1122377 0.0602261 0.2757004 0.1957363 0.0561657 0.0522450 0.3564422 0.1504232 0.3001225 0.2255797 0.0623640 0.0617687 0.2390415 0.1949477 0.2773033 0.0178739 0.2212484 0.1847654 0.0760164 0.3071812 0.4010137 0.0256582 0.0705166 0.0604303 0.1633800 0.0750446 0.0643081 0.0401129 0.1931832 0.3197188 0.2847331 0.0487991 0.0614115 0.2548669 0.0615706 0.2367473 0.1683825 0.2138695 
Perityle_congesta_202                      0.2680167 0.4090192 0.3943943 0.3562652 0.3450354 0.2124096 0.3085597 0.2512074 0.3199337 0.2627778 0.3204944 0.0923942 0.0721709 0.2019119 0.0850586 0.1738400 0.0601355 0.3038087 0.3162115 0.2198929 0.0660184 0.0773125 0.1179075 0.0981716 0.1062054 0.0000000 0.1127326 0.3770822 0.2891583 0.1474428 0.1984091 0.3775994 0.5087622 0.3433228 0.0956094 0.2681173 0.4124006 0.1150534 0.2905271 0.1058947 0.1106507 0.1114850 0.4497079 0.1478232 0.4147658 0.2918760 0.2148521 0.1571940 0.0786071 0.3090263 0.2155807 0.0932380 0.0872208 0.3957467 0.2005567 0.3046185 0.2962512 0.0785760 0.0814717 0.2683148 0.1951256 0.2981629 0.0178670 0.2410209 0.2253796 0.0773902 0.3885205 0.4183391 0.0289209 0.0989337 0.0986363 0.2327363 0.0769957 0.0704163 0.0678384 0.2152700 0.3924973 0.3192721 0.0965789 0.0985908 0.3485713 0.0799700 0.2660903 0.1911397 0.2785217 
Perityle_cordifolia_27                     0.2496356 0.3991219 0.3603306 0.3072309 0.2755814 0.2139613 0.2714546 0.2448599 0.3206064 0.2316897 0.2758864 0.0451802 0.0569334 0.2199317 0.0588203 0.1100395 0.0858983 0.3103976 0.2690437 0.2294111 0.0626566 0.0455266 0.1315368 0.0469601 0.0705262 0.1127326 0.0000000 0.3597748 0.2651844 0.1239759 0.1897507 0.3215869 0.4621992 0.2724942 0.0493091 0.2307697 0.3630985 0.0804388 0.2546614 0.0621944 0.0658173 0.0658251 0.3931608 0.1658497 0.3305588 0.2607672 0.2032997 0.1068215 0.0440328 0.2909360 0.2220009 0.0690968 0.0387638 0.3515933 0.1480700 0.2947586 0.2643747 0.0460658 0.0466875 0.2488685 0.1750432 0.2755278 0.0103867 0.2232527 0.1974212 0.0174509 0.3143547 0.4154934 0.0268097 0.0671080 0.0469595 0.1740828 0.0586541 0.0478645 0.0583384 0.1941801 0.3308732 0.2785300 0.0674460 0.0487564 0.2793324 0.0444815 0.2367352 0.1763800 0.2147856 
Perityle_cordifolia_68_tecolote            0.2416950 0.2823846 0.2351738 0.3458270 0.1403970 0.1737348 0.3615657 0.2773845 0.3815446 0.2477908 0.2247339 0.3577484 0.3417580 0.1543290 0.3477024 0.4161691 0.3513053 0.2087928 0.1139457 0.1545742 0.2687415 0.3569774 0.1023636 0.3538629 0.3444496 0.3770822 0.3597748 0.0000000 0.2198777 0.2731043 0.0896777 0.1754523 0.3251794 0.4307804 0.3636296 0.1910879 0.2163315 0.3434543 0.2357342 0.3548758 0.3625038 0.3730213 0.2384194 0.2317862 0.1384297 0.2418355 0.1671965 0.3954957 0.3559133 0.1130584 0.1502819 0.3423484 0.3529044 0.1110072 0.3198470 0.0886434 0.0449458 0.3580526 0.3597437 0.1952140 0.0531828 0.1267726 0.1809686 0.1773519 0.3338720 0.3494058 0.1474165 0.2534461 0.1705291 0.3668139 0.3537519 0.4001202 0.3530707 0.3465674 0.3124961 0.0323400 0.1541489 0.2968525 0.3401940 0.3475250 0.1362058 0.3561417 0.1907796 0.2963718 0.0594850 
Perityle_coronopifolia_28_patagonia        0.1553221 0.2960329 0.2663923 0.2558876 0.1279177 0.2066049 0.2501151 0.2779120 0.3229122 0.1442978 0.1395742 0.2610078 0.2614620 0.1260153 0.2353082 0.3176325 0.2691031 0.2401539 0.1031850 0.1311229 0.2515192 0.2627241 0.0961436 0.2616642 0.2671212 0.2891583 0.2651844 0.2198777 0.0000000 0.2551275 0.0660328 0.1456468 0.3503572 0.4199778 0.2650631 0.1561386 0.2105010 0.2767500 0.1236893 0.2613924 0.2583754 0.2644039 0.2324851 0.2183734 0.1438994 0.1286054 0.1276821 0.2956601 0.2596595 0.0960410 0.1315896 0.2794679 0.2597013 0.1553761 0.3437778 0.1023384 0.1023579 0.2607184 0.2627404 0.0917905 0.0399194 0.1053421 0.1714587 0.1398773 0.1969540 0.2447464 0.1279580 0.2844213 0.1698673 0.2551786 0.2602295 0.3344836 0.2392479 0.2507114 0.2522116 0.0542748 0.1389820 0.2006222 0.2651926 0.2749288 0.1343559 0.2615650 0.1569917 0.2591781 0.0575454 
Perityle_crassifolia_70_ventanas           0.2515118 0.2940803 0.2692387 0.3250672 0.2367885 0.1479782 0.3153726 0.1937243 0.2163564 0.2471206 0.2501694 0.1287302 0.1256867 0.2719200 0.1153278 0.1746916 0.1230960 0.2091497 0.2544021 0.2616138 0.1111916 0.1224077 0.1500642 0.1290508 0.1200803 0.1474428 0.1239759 0.2731043 0.2551275 0.0000000 0.2042524 0.2654222 0.2742537 0.0271974 0.1275152 0.2516525 0.2561614 0.1308720 0.2333144 0.1341729 0.1353889 0.1281544 0.2468985 0.1732229 0.2424169 0.2464128 0.2579397 0.1729325 0.1212460 0.2425744 0.2598948 0.1251767 0.1180134 0.2599387 0.1215025 0.2712825 0.2867479 0.1198418 0.1273563 0.2640294 0.1951068 0.2464788 0.0893251 0.2698820 0.1709183 0.1231538 0.2603783 0.2728895 0.0698891 0.1247374 0.1279395 0.0064256 0.1198440 0.1148561 0.1204758 0.2022745 0.2691176 0.2531392 0.1189397 0.1277718 0.2451364 0.1212351 0.2518054 0.1993482 0.1976481 
Perityle_crassifolia_74_playa_balandra     0.0804075 0.1182052 0.0658242 0.2305888 0.0541959 0.1957749 0.1966139 0.2461012 0.1402836 0.0129154 0.0737174 0.2003587 0.2030438 0.0794291 0.1935741 0.3254254 0.2007119 0.0497746 0.0732409 0.0770884 0.1882877 0.2055478 0.1540242 0.1867170 0.2008791 0.1984091 0.1897507 0.0896777 0.0660328 0.2042524 0.0000000 0.1019387 0.0905724 0.1895130 0.1904984 0.0748140 0.0851927 0.2005125 0.0798963 0.2284978 0.1882958 0.1897453 0.0627770 0.1860818 0.0610978 0.0858915 0.0813638 0.2945832 0.1980667 0.0551042 0.0772549 0.1978395 0.1864495 0.0686370 0.1864648 0.0843591 0.5577635 0.1983093 0.2027736 0.0863693 0.0703205 0.0740157 0.1460198 0.0856260 0.1174769 0.1975921 0.0680554 0.0752969 0.1386687 0.1862464 0.1889353 0.2042137 0.1887519 0.1883357 0.1890874 0.0613406 0.0869349 0.0805597 0.1910504 0.2027881 0.0972090 0.2005715 0.0726113 0.1869623 0.0543157 
Perityle_cuneata_34_cuneata_San_antonio    0.1958953 0.2275082 0.1683493 0.2961545 0.1142342 0.1553821 0.3199712 0.2543807 0.3430423 0.1631395 0.1430464 0.3176285 0.3221414 0.1518513 0.2832832 0.4044934 0.3236407 0.1715865 0.1115392 0.1439587 0.3062065 0.3244629 0.1247722 0.3168737 0.3398106 0.3775994 0.3215869 0.1754523 0.1456468 0.2654222 0.1019387 0.0000000 0.2384316 0.3590445 0.3149365 0.1817314 0.1488175 0.3240486 0.1374794 0.3353704 0.3202686 0.3195090 0.1495687 0.2516241 0.1167494 0.1351153 0.1429014 0.3516482 0.3214673 0.0901828 0.1452823 0.3206717 0.3117902 0.1485484 0.3117604 0.1301735 0.1098825 0.3222591 0.3270823 0.1540320 0.1047157 0.1113748 0.1752971 0.1636875 0.3015880 0.3191554 0.1104379 0.2481579 0.1715071 0.3236390 0.3155215 0.3675476 0.3094654 0.3226577 0.3170336 0.0935193 0.1322117 0.2151762 0.3336364 0.3220273 0.1389936 0.3229613 0.1808515 0.3116409 0.0980668 
Perityle_cuneata_4                         0.3422628 0.3128695 0.3486299 0.4484421 0.1951430 0.2240406 0.4712924 0.2899029 0.4511850 0.3337083 0.3445186 0.4567830 0.4763812 0.3412476 0.4368674 0.5232388 0.5245639 0.2603997 0.1565360 0.3442132 0.4087489 0.4672020 0.1661457 0.4677297 0.4571583 0.5087622 0.4621992 0.3251794 0.3503572 0.2742537 0.0905724 0.2384316 0.0000000 0.5119186 0.4562575 0.3447752 0.3230635 0.4719562 0.3728188 0.4650207 0.4659422 0.4722605 0.3671400 0.4027624 0.2215747 0.3753134 0.3400626 0.5211303 0.4681753 0.1639518 0.3414621 0.4689277 0.4645642 0.2585774 0.3966846 0.1596387 0.1892262 0.4684635 0.4771844 0.3106627 0.0994343 0.1747572 0.1857809 0.3544783 0.4499013 0.4441545 0.2079953 0.3589721 0.1790664 0.4621792 0.4661935 0.4814548 0.4467580 0.4652884 0.4626424 0.1116999 0.2141756 0.3453054 0.4540656 0.4425622 0.1734610 0.4698792 0.3418110 0.3801319 0.1169468 
Perityle_discoidea_81                      0.4096322 0.4643318 0.4524056 0.5048986 0.2737449 0.2669013 0.4339600 0.2767100 0.4225904 0.3987774 0.4184624 0.2808529 0.2804130 0.4308377 0.2539338 0.3295553 0.3829826 0.4451419 0.2775915 0.4193355 0.2270353 0.2743060 0.1655908 0.2759052 0.2717435 0.3433228 0.2724942 0.4307804 0.4199778 0.0271974 0.1895130 0.3590445 0.5119186 0.0000000 0.2629074 0.4023958 0.4087630 0.2719866 0.4346353 0.2731921 0.2795352 0.2776818 0.4377666 0.3494792 0.3059673 0.4443872 0.4142489 0.3221047 0.2754398 0.2982186 0.4261593 0.2831026 0.2703032 0.3677102 0.2401784 0.2986548 0.3388669 0.2741186 0.2819520 0.4141006 0.1745395 0.2950468 0.0748200 0.4313263 0.3236472 0.2997484 0.3098779 0.4881285 0.0664707 0.2852713 0.2773184 0.1709870 0.2930361 0.2806077 0.2762811 0.2008027 0.3152693 0.4469689 0.2655388 0.2615741 0.2772565 0.2766575 0.4035769 0.2701885 0.2305853 
Perityle_dissecta_201                      0.2371847 0.3879562 0.3643046 0.3303682 0.2757463 0.2161938 0.2754040 0.2537747 0.2977433 0.2129940 0.2742497 0.0322300 0.0381357 0.1878324 0.0382816 0.1053323 0.0672863 0.3170139 0.2710118 0.2049808 0.0480591 0.0321983 0.1204127 0.0340900 0.0460760 0.0956094 0.0493091 0.3636296 0.2650631 0.1275152 0.1904984 0.3149365 0.4562575 0.2629074 0.0000000 0.2172894 0.3408339 0.0662925 0.2393338 0.0532184 0.0533373 0.0586847 0.3673437 0.1308974 0.3228138 0.2417617 0.1750479 0.0878987 0.0303484 0.2863688 0.1952853 0.0465451 0.0244257 0.3363090 0.1535496 0.2848319 0.2822394 0.0327232 0.0323004 0.2584168 0.1872427 0.2761641 0.0126519 0.1987583 0.1841581 0.0517281 0.3109797 0.4119808 0.0254983 0.0498786 0.0340923 0.1432807 0.0461739 0.0331355 0.0444260 0.1919650 0.3218765 0.2801887 0.0519472 0.0365787 0.2725045 0.0307858 0.2200060 0.1677454 0.2274129 
Perityle_emoryi_47_punta_san_jose          0.1381027 0.2964986 0.2418350 0.2563047 0.1375876 0.2019134 0.2481509 0.2904292 0.2879215 0.0840775 0.1714915 0.2247793 0.2371727 0.1038518 0.2133113 0.2592239 0.2450917 0.2672805 0.1064941 0.1069782 0.2195972 0.2263820 0.0893304 0.2213498 0.2381692 0.2681173 0.2307697 0.1910879 0.1561386 0.2516525 0.0748140 0.1817314 0.3447752 0.4023958 0.2172894 0.0000000 0.2467546 0.2615418 0.1590193 0.2231556 0.2350158 0.2365519 0.2785104 0.1615960 0.1406998 0.1625763 0.0901883 0.2681817 0.2200799 0.1178596 0.0971437 0.2539938 0.2171329 0.1406023 0.3471743 0.1038085 0.0609123 0.2249172 0.2234311 0.1504446 0.0615872 0.1163961 0.1676049 0.1015554 0.2600584 0.2126921 0.1440270 0.3145904 0.1627205 0.2193021 0.2212808 0.2411195 0.2140455 0.2107000 0.2146811 0.0241301 0.1561125 0.1919979 0.2376786 0.2440967 0.1267026 0.2230446 0.0088760 0.2445282 0.0524445 
Perityle_feddemae_99                       0.2599786 0.3147415 0.2811140 0.3575753 0.1406772 0.1597402 0.3581244 0.2695137 0.3779346 0.2366226 0.2093691 0.3525957 0.3622421 0.2190112 0.2999057 0.4214075 0.3862872 0.2550611 0.0586671 0.2141708 0.3484917 0.3539254 0.1066131 0.3556501 0.3660176 0.4124006 0.3630985 0.2163315 0.2105010 0.2561614 0.0851927 0.1488175 0.3230635 0.4087630 0.3408339 0.2467546 0.0000000 0.3677758 0.1940583 0.3664660 0.3703717 0.3700818 0.0563000 0.3113956 0.0438819 0.2004492 0.2119737 0.3816371 0.3567375 0.0345098 0.2107320 0.3639346 0.3474710 0.1677414 0.3398464 0.1225791 0.1870450 0.3590932 0.3592937 0.2167603 0.0627852 0.0857631 0.1547859 0.2250979 0.3599738 0.3509016 0.1226791 0.2975694 0.1611505 0.3664500 0.3556585 0.4038014 0.3580721 0.3508221 0.3482007 0.0590455 0.1403012 0.2805373 0.3718049 0.3516547 0.0879208 0.3572284 0.2482161 0.3026738 0.0844870 
Perityle_fosteri_93                        0.2518649 0.4078307 0.3556831 0.3418254 0.2735539 0.2192453 0.2802012 0.2554782 0.3207283 0.2565803 0.2992983 0.0704926 0.0530746 0.2150016 0.0593123 0.1349642 0.0718338 0.3141620 0.2695052 0.2069095 0.0659457 0.0681806 0.1174227 0.0708933 0.0595362 0.1150534 0.0804388 0.3434543 0.2767500 0.1308720 0.2005125 0.3240486 0.4719562 0.2719866 0.0662925 0.2615418 0.3677758 0.0000000 0.2730731 0.0839184 0.0863969 0.0868060 0.3944716 0.1413995 0.3077238 0.2768398 0.2203309 0.1240316 0.0696792 0.2749213 0.2175361 0.0591443 0.0635627 0.3465617 0.1330869 0.2868133 0.2335182 0.0680149 0.0745861 0.2733290 0.1946765 0.2754712 0.0152721 0.2437376 0.1810171 0.0878742 0.3096096 0.3940312 0.0094379 0.0835489 0.0709127 0.1804177 0.0863500 0.0720921 0.0610650 0.2001347 0.3272277 0.2975970 0.0471826 0.0726239 0.2604521 0.0706410 0.2607769 0.1829923 0.2227288 
Perityle_gamon_221                         0.1602228 0.3473272 0.2739459 0.2280400 0.1377045 0.2311996 0.2348839 0.2972760 0.3098978 0.1696901 0.1510287 0.2454160 0.2493781 0.1270302 0.2128032 0.2958169 0.2550980 0.2686134 0.0853925 0.1311821 0.2357115 0.2475807 0.0939839 0.2501719 0.2524837 0.2905271 0.2546614 0.2357342 0.1236893 0.2333144 0.0798963 0.1374794 0.3728188 0.4346353 0.2393338 0.1590193 0.1940583 0.2730731 0.0000000 0.2373876 0.2546305 0.2599261 0.2160353 0.1984236 0.1064791 0.0411541 0.1210109 0.2822333 0.2475452 0.0777175 0.1177910 0.2610735 0.2388366 0.1655575 0.3675705 0.0841586 0.1066298 0.2499566 0.2501544 0.1376198 0.0731993 0.0952695 0.1693198 0.1295516 0.2310138 0.2335006 0.1212536 0.3302995 0.1596426 0.2583358 0.2472312 0.3175139 0.2395058 0.2361290 0.2321827 0.0525132 0.1373002 0.1875602 0.2549176 0.2560624 0.1028209 0.2482127 0.1605520 0.2380952 0.0835329 
Perityle_gentryi_8_san_francisco           0.2384147 0.3967057 0.3526515 0.3155768 0.2592142 0.2162857 0.2693249 0.2560443 0.3044738 0.2287532 0.2725883 0.0557809 0.0631766 0.2095902 0.0541125 0.0609891 0.1011671 0.3274946 0.2851585 0.2172357 0.0650649 0.0548072 0.1319396 0.0548304 0.0623219 0.1058947 0.0621944 0.3548758 0.2613924 0.1341729 0.2284978 0.3353704 0.4650207 0.2731921 0.0532184 0.2231556 0.3664660 0.0839184 0.2373876 0.0000000 0.0549106 0.0520697 0.3964648 0.1374270 0.3070380 0.2436113 0.1840711 0.1043339 0.0546971 0.2927767 0.2044927 0.0774790 0.0494199 0.3477646 0.1393839 0.3083428 0.2740600 0.0538692 0.0572729 0.2565671 0.2217742 0.2920629 0.0361370 0.2047623 0.1742634 0.0648120 0.3076554 0.3948280 0.0521596 0.0577401 0.0558333 0.1603586 0.0623529 0.0560240 0.0606826 0.2121063 0.3285831 0.2740869 0.0670101 0.0579764 0.2757215 0.0551618 0.2253728 0.1858187 0.2367649 
Perityle_gilensis_22_Superstition          0.2413048 0.3984965 0.3647210 0.3070651 0.2859673 0.2069406 0.2631676 0.2436429 0.3021140 0.2248760 0.2852525 0.0549527 0.0621772 0.2030174 0.0442104 0.1261337 0.0744063 0.3013723 0.2688502 0.2257033 0.0550961 0.0526659 0.1248257 0.0398453 0.0811096 0.1106507 0.0658173 0.3625038 0.2583754 0.1353889 0.1882958 0.3202686 0.4659422 0.2795352 0.0533373 0.2350158 0.3703717 0.0863969 0.2546305 0.0549106 0.0000000 0.0198682 0.4023647 0.1574046 0.3538015 0.2539902 0.1960045 0.1174876 0.0519692 0.2960777 0.2168991 0.0711282 0.0458084 0.3588907 0.1459607 0.2916698 0.2643184 0.0513089 0.0529298 0.2445461 0.1917773 0.2823128 0.0153028 0.2120200 0.1987294 0.0475240 0.3316887 0.4188145 0.0289749 0.0557463 0.0421043 0.1884081 0.0475556 0.0344524 0.0444549 0.1973473 0.3441923 0.2824298 0.0723339 0.0577875 0.2717431 0.0519597 0.2391057 0.1721479 0.2171224 
Perityle_gilensis_salensis_225             0.2438869 0.4050203 0.3707818 0.3155032 0.2848087 0.2125983 0.2769371 0.2435355 0.2994893 0.2182864 0.2897685 0.0585594 0.0644576 0.2033193 0.0470679 0.1245330 0.0796104 0.3166673 0.2614778 0.2236507 0.0528603 0.0573771 0.1224403 0.0445901 0.0823420 0.1114850 0.0658251 0.3730213 0.2644039 0.1281544 0.1897453 0.3195090 0.4722605 0.2776818 0.0586847 0.2365519 0.3700818 0.0868060 0.2599261 0.0520697 0.0198682 0.0000000 0.4038970 0.1577348 0.3527174 0.2594498 0.1979550 0.1236008 0.0570528 0.2912094 0.2153003 0.0779344 0.0498262 0.3593966 0.1560647 0.2865870 0.2626842 0.0563153 0.0590211 0.2539653 0.1920427 0.2761479 0.0153191 0.2160641 0.2024210 0.0477803 0.3280549 0.4290955 0.0290141 0.0595741 0.0468314 0.1782512 0.0516950 0.0375956 0.0447515 0.1955986 0.3415162 0.2925511 0.0712499 0.0614205 0.2675273 0.0565880 0.2380807 0.1718552 0.2145513 
Perityle_glaucescens_94                    0.2767790 0.3147444 0.2889855 0.3240076 0.1501766 0.1772963 0.3198641 0.2728878 0.3740579 0.2672838 0.2081240 0.3812781 0.3916412 0.2504367 0.3248089 0.4514982 0.4418607 0.2956819 0.0657768 0.2436757 0.3789235 0.3819511 0.1168544 0.3834886 0.3920371 0.4497079 0.3931608 0.2384194 0.2324851 0.2468985 0.0627770 0.1495687 0.3671400 0.4377666 0.3673437 0.2785104 0.0563000 0.3944716 0.2160353 0.3964648 0.4023647 0.4038970 0.0000000 0.3347262 0.0446146 0.2240814 0.2355925 0.4092491 0.3865968 0.0251571 0.2396753 0.3927615 0.3783180 0.1807023 0.3596835 0.1156273 0.1818438 0.3906651 0.3876024 0.2415838 0.0730986 0.0853536 0.1573800 0.2539870 0.3775014 0.3827419 0.1161740 0.3271520 0.1684814 0.4055170 0.3823334 0.4408474 0.3986707 0.3854968 0.3784203 0.0617493 0.1282834 0.2738895 0.4091042 0.3711180 0.0961339 0.3870382 0.2796036 0.3210602 0.0911513 
Perityle_gracilis_11                       0.1943451 0.3386291 0.2709904 0.2708610 0.1948770 0.1627467 0.2923661 0.2674491 0.3141746 0.2004413 0.2269411 0.1466128 0.1322498 0.1270121 0.1166875 0.2013019 0.0913089 0.2914856 0.1804836 0.1147245 0.1074615 0.1345875 0.0291262 0.1464567 0.1301508 0.1478232 0.1658497 0.2317862 0.2183734 0.1732229 0.1860818 0.2516241 0.4027624 0.3494792 0.1308974 0.1615960 0.3113956 0.1413995 0.1984236 0.1374270 0.1574046 0.1577348 0.3347262 0.0000000 0.2272611 0.2081522 0.1270828 0.1852989 0.1362683 0.2081625 0.1180960 0.1327053 0.1338724 0.2168282 0.2329007 0.2100365 0.0542670 0.1376025 0.1359881 0.1711002 0.1872930 0.2085075 0.0075868 0.1461185 0.2433510 0.1375115 0.2183398 0.3512269 0.0158859 0.1353589 0.1480954 0.2385264 0.1266033 0.1150974 0.1084553 0.0961690 0.2231436 0.2424137 0.1100442 0.1564878 0.1811877 0.1378160 0.1624621 0.1721196 0.1077172 
