83
Amauria_brandeegeana_62                    0.0000000 0.0858469 0.1126400 0.2313857 0.1604986 0.1808127 0.5471138 0.0110074 0.1709052 0.1600902 0.2255412 0.2010783 0.1022093 0.3356799 0.2403536 0.1563042 0.2549252 0.2301803 0.1292993 0.2174032 0.2276418 0.2008211 0.2599308 0.3838192 0.3279851 0.2010288 0.1141449 0.2019613 0.1564287 0.3451417 0.2152129 0.2351939 0.0916366 0.1727281 0.1927437 0.3222590 0.2609957 0.2440484 0.1945400 0.1694105 0.2585879 0.1474763 0.3346477 0.2330139 0.2787940 0.2562612 0.1763282 0.1723750 0.2152030 0.2439062 0.3458428 0.2389254 0.0304779 0.1172123 0.1430755 0.2657551 0.2341762 0.1494525 0.1545178 0.2660961 0.1015420 0.2248709 0.1809095 0.3397989 0.1641933 0.1656615 0.1631682 0.2287550 0.2404234 0.1500696 0.2665502 0.1062302 0.1184093 0.1117188 0.1648861 0.1923701 0.2293516 0.2524267 0.1756003 0.2254092 0.1552711 0.1627285 0.1735476 
Amauria_carterae_99_mesa                   0.0858469 0.0000000 0.1074318 0.2386155 0.1791900 0.1906183 0.3973215 0.0883413 0.1759081 0.1235580 0.1262096 0.1212254 0.0994897 0.2487948 0.1257001 0.1598800 0.2557560 0.1257432 0.1007120 0.1307448 0.1323337 0.1168629 0.1326336 0.2541614 0.2263001 0.2033164 0.1336331 0.1877452 0.1555587 0.2574023 0.1576091 0.1351813 0.1097015 0.1822620 0.1978737 0.2846718 0.2442436 0.1347615 0.1235981 0.1742788 0.1302965 0.1842317 0.2810372 0.1210666 0.1489984 0.1347751 0.1922160 0.1239265 0.1263239 0.1204537 0.2347972 0.2183978 0.0408926 0.1456657 0.1151769 0.1373304 0.1306018 0.1554159 0.1549079 0.2750460 0.1054816 0.1346363 0.1942452 0.2396193 0.1761034 0.1735464 0.1111600 0.2139953 0.1256480 0.1378006 0.1305526 0.1049002 0.1216271 0.1064991 0.1674688 0.2008260 0.1304202 0.1348232 0.1938050 0.1307448 0.1496837 0.1445841 0.1767194 
Amauria_rotundifolia_SRR9119150            0.1126400 0.1074318 0.0000000 0.2990884 0.1572912 0.1904210 0.5209325 0.0907117 0.1703894 0.1442632 0.2137933 0.1946406 0.1075018 0.3242928 0.2245250 0.1415873 0.2306014 0.2176255 0.1296565 0.2129001 0.2255841 0.1908979 0.2317162 0.3640660 0.3323269 0.1905562 0.1247628 0.2139343 0.1424576 0.3391369 0.1985942 0.2225544 0.0180645 0.1729658 0.1958068 0.3044956 0.2442634 0.2432190 0.1806284 0.1751686 0.2326378 0.1683839 0.3535976 0.2208745 0.2574083 0.2260449 0.1799552 0.1640194 0.2261687 0.2282554 0.3186949 0.2206431 0.0304779 0.1194790 0.1590070 0.2427020 0.2279924 0.1522268 0.1497981 0.2596044 0.0964019 0.2068773 0.1877526 0.3177469 0.1604646 0.1652576 0.1525745 0.2273289 0.2294047 0.1385600 0.2609588 0.1111807 0.1256380 0.1092371 0.1580796 0.1783136 0.2219049 0.2376151 0.1816280 0.2193499 0.1409159 0.1604845 0.1733836 
Conoclinium_coelestinum_SRR9119114         0.2313857 0.2386155 0.2990884 0.0000000 0.2387536 0.1067586 0.6127144 0.2332570 0.2414143 0.1843885 0.2837871 0.2796975 0.1948813 0.5257161 0.3087662 0.2819037 0.3894520 0.2908588 0.2719336 0.2946610 0.2622242 0.2607951 0.3103268 0.4692006 0.4118812 0.3158929 0.2344657 0.1469680 0.3005311 0.4684095 0.2451731 0.2808550 0.2936441 0.3421508 0.4691132 0.5120583 0.5420107 0.2734604 0.2739603 0.3340080 0.3101250 0.3427676 0.4882606 0.2667272 0.3307363 0.3218445 0.3219265 0.2635726 0.2787206 0.2922307 0.4383164 0.4730985 0.0000010 0.2288674 0.2883642 0.3109606 0.3000967 0.2827452 0.1826158 0.5312963 0.1603688 0.2847847 0.3158942 0.4493962 0.2904737 0.2890293 0.2243776 0.4554400 0.2675677 0.2418583 0.2980191 0.2269092 0.1641348 0.2209308 0.2900323 0.3602357 0.2849095 0.2852016 0.2925448 0.3007318 0.2487316 0.2898590 0.3508011 
Eutetras_palmeri_63                        0.1604986 0.1791900 0.1572912 0.2387536 0.0000000 0.1712086 0.5543962 0.1645147 0.1035008 0.1486531 0.2231197 0.2093860 0.1405408 0.3866151 0.2411614 0.1510560 0.2325766 0.2286829 0.1684420 0.2178847 0.2297331 0.1824650 0.2614590 0.4104046 0.3715925 0.1868986 0.1478999 0.2391016 0.1611554 0.3738249 0.2190953 0.2440312 0.1555099 0.2169789 0.2379120 0.3551841 0.2699033 0.2457380 0.1959402 0.2251914 0.2578586 0.2224488 0.3711360 0.2346458 0.2810811 0.2573003 0.2194634 0.1737131 0.2303734 0.2312844 0.3753765 0.2644291 0.0514414 0.1437377 0.2191163 0.2659254 0.2449131 0.1842787 0.2032388 0.3171797 0.1236153 0.2334833 0.1952335 0.3632253 0.1725845 0.1707211 0.2212092 0.2435253 0.2344925 0.1622214 0.2641240 0.1459889 0.1326872 0.1418345 0.1750438 0.2038923 0.2260211 0.2331224 0.2130016 0.2270218 0.1588795 0.1858384 0.2281810 
Eutrochium_fistulosum_SRR9119106           0.1808127 0.1906183 0.1904210 0.1067586 0.1712086 0.0000000 0.6155501 0.1526910 0.1899359 0.2122840 0.2954064 0.2847850 0.1523893 0.3942576 0.3104920 0.1935206 0.3104717 0.3077471 0.1985620 0.2801305 0.3091619 0.2767328 0.3340366 0.4090524 0.3888516 0.2518586 0.1555398 0.2431511 0.2153470 0.3909135 0.2686251 0.3003047 0.1759858 0.2378915 0.2614681 0.3532445 0.3273550 0.3269817 0.2668073 0.2316898 0.3379641 0.2172195 0.4177201 0.3078217 0.3593764 0.3382705 0.2660453 0.2350045 0.3012426 0.3138836 0.3915093 0.3040413 0.0752482 0.1665340 0.2120970 0.3385528 0.3067723 0.1962191 0.2140809 0.3281837 0.1361860 0.2761257 0.2409269 0.3921044 0.1966517 0.1968234 0.2442433 0.3144233 0.3176597 0.2059046 0.3330889 0.1643936 0.1757318 0.1678873 0.2031590 0.2525539 0.2868035 0.3119452 0.2265867 0.2861840 0.1945148 0.2315730 0.2030395 
Helianthus_annuus_SRR9119062               0.5471138 0.3973215 0.5209325 0.6127144 0.5543962 0.6155501 0.0000000 0.5654586 0.5841147 0.2277560 0.5963209 0.5762632 0.2238319 0.6042885 0.6410610 0.5626435 0.3385383 0.6152158 0.4622746 0.5896661 0.6496199 0.5370017 0.6708918 0.7027514 0.6625275 0.5651074 0.4102763 0.2157780 0.5446091 0.7174295 0.5280002 0.6258115 0.5221886 0.5500383 0.3786747 0.6187515 0.4412632 0.6661232 0.5468132 0.5668948 0.6607605 0.5490147 0.5646186 0.6283771 0.6652222 0.6668794 0.3955180 0.4803561 0.5775071 0.6396864 0.6886599 0.4584235 0.0561506 0.2047458 0.4191967 0.6724746 0.6045940 0.5270837 0.1200881 0.4608453 0.1293224 0.5876552 0.5683414 0.6683476 0.5903957 0.5827651 0.4996191 0.4305734 0.6698171 0.4492344 0.6164491 0.3187948 0.1460323 0.2633103 0.5859223 0.5350178 0.6156676 0.5800424 0.3337555 0.6158012 0.5697024 0.4684745 0.2953716 
Lycapsus_tenuifolius_17                    0.0110074 0.0883413 0.0907117 0.2332570 0.1645147 0.1526910 0.5654586 0.0000000 0.1462649 0.1263706 0.1977343 0.1807670 0.1022093 0.3089080 0.2142527 0.1528140 0.2079641 0.2030823 0.1298252 0.1941194 0.2095810 0.1644037 0.2412492 0.3583257 0.3053189 0.1633475 0.1101995 0.1985299 0.1432428 0.3233587 0.1889867 0.2054587 0.0885965 0.1467898 0.1960802 0.3146270 0.2304979 0.2181190 0.1731715 0.1369813 0.2321941 0.1443894 0.3007723 0.2083136 0.2508981 0.2314695 0.1463602 0.1623984 0.2159840 0.2056766 0.3279232 0.2091572 0.0304779 0.1097737 0.1357818 0.2451129 0.2130001 0.1412085 0.1542555 0.2621158 0.0963231 0.1939022 0.1600304 0.3139321 0.1474492 0.1507938 0.1677660 0.1983476 0.2179552 0.1160628 0.2564779 0.1114243 0.1106167 0.1145797 0.1479901 0.1705912 0.2024125 0.2018750 0.1762593 0.2028769 0.1251828 0.1668521 0.1623982 
Pericome_caudata_50_silver                 0.1709052 0.1759081 0.1703894 0.2414143 0.1035008 0.1899359 0.5841147 0.1462649 0.0000000 0.1873408 0.2670460 0.2541325 0.1510213 0.4005382 0.2730107 0.1625383 0.2771679 0.2713964 0.1821500 0.2661735 0.2565588 0.2363810 0.3032860 0.3892008 0.3760207 0.2046271 0.1436877 0.2315930 0.1826877 0.3769221 0.2391666 0.2758765 0.1491652 0.2427422 0.2639222 0.3757895 0.2939756 0.2672643 0.2325666 0.2484515 0.2976790 0.2331725 0.3835040 0.2764263 0.3200807 0.2995544 0.2520363 0.2070822 0.2800700 0.2650520 0.3778578 0.3061569 0.0621183 0.1322784 0.2318859 0.3093917 0.2863538 0.1743640 0.2443449 0.3276234 0.1313350 0.2574779 0.2055119 0.3517838 0.1799571 0.1765291 0.2328660 0.2769832 0.2551218 0.1843737 0.3167008 0.1612709 0.1588496 0.1606483 0.1790632 0.2340180 0.2614508 0.2844350 0.2288490 0.2719365 0.1748202 0.2091467 0.2218967 
Perityle_aglossa_84_dead_horse             0.1600902 0.1235580 0.1442632 0.1843885 0.1486531 0.2122840 0.2277560 0.1263706 0.1873408 0.0000000 0.0302154 0.0785030 0.0443912 0.1279908 0.0445278 0.1446650 0.2402026 0.0445628 0.0381048 0.0358464 0.0829689 0.0804805 0.0817623 0.1333053 0.1456707 0.2082653 0.1257574 0.1962121 0.1677698 0.1973558 0.1798674 0.0372646 0.1261528 0.1761669 0.0901972 0.1836507 0.1306076 0.0940761 0.0784548 0.1820846 0.0521045 0.1525078 0.2637879 0.0518972 0.0554660 0.0876775 0.1706598 0.0430556 0.1022686 0.0852220 0.1186171 0.0798916 0.0509229 0.1036920 0.0555892 0.0837870 0.0740657 0.1521056 0.1349959 0.2017248 0.0431281 0.0227393 0.1951677 0.1376010 0.1625992 0.1671692 0.0375852 0.0816434 0.0746612 0.1732748 0.1130294 0.0547122 0.0444565 0.0519530 0.1637736 0.1861757 0.0426850 0.0940425 0.1697835 0.0358464 0.1797603 0.1392649 0.1240853 
Perityle_ajoensis_204                      0.2255412 0.1262096 0.2137933 0.2837871 0.2231197 0.2954064 0.5963209 0.1977343 0.2670460 0.0302154 0.0000000 0.0965364 0.0374769 0.2922899 0.0549908 0.2454769 0.2503299 0.0813621 0.0484781 0.0256738 0.0895582 0.0908253 0.1280412 0.3031246 0.2917452 0.2797037 0.1191589 0.2077865 0.2517786 0.3421410 0.2132915 0.0684843 0.1959967 0.2800343 0.1579134 0.3521249 0.1903251 0.0966937 0.0908287 0.2819995 0.0879265 0.2598704 0.3748894 0.0698986 0.1097076 0.1223388 0.1973382 0.0534552 0.0988120 0.0958841 0.2759667 0.1691806 0.0404313 0.0843703 0.1067725 0.1252272 0.0624810 0.2450371 0.1259216 0.2800011 0.0379020 0.0649240 0.2721462 0.2909474 0.2657647 0.2710437 0.0522732 0.1338588 0.0838840 0.1727820 0.1747764 0.0447673 0.0403553 0.0394780 0.2671483 0.2684762 0.0571681 0.1211495 0.1613738 0.0322467 0.2468778 0.1616841 0.1345639 
Perityle_ambrosiifolia_67_green            0.2010783 0.1212254 0.1946406 0.2796975 0.2093860 0.2847850 0.5762632 0.1807670 0.2541325 0.0785030 0.0965364 0.0000000 0.0348093 0.2529744 0.0895340 0.2202419 0.2467889 0.0909883 0.0475553 0.0939540 0.0942353 0.0970488 0.0631545 0.2778657 0.2319513 0.2733369 0.1206868 0.2209243 0.2338095 0.3167410 0.2200094 0.0969978 0.1719569 0.2599510 0.1774137 0.3346840 0.1598199 0.0846152 0.0594404 0.2507585 0.0770877 0.2424415 0.3532808 0.0877943 0.0830893 0.0602310 0.1880419 0.0425815 0.1129275 0.0882445 0.2522531 0.2003821 0.0300975 0.0815011 0.1058613 0.0632229 0.0991351 0.2344919 0.1345433 0.2852195 0.0451165 0.0981661 0.2646072 0.2406014 0.2598629 0.2574109 0.0439670 0.1680372 0.0714963 0.1755222 0.1163376 0.0400394 0.0441233 0.0391511 0.2554701 0.2580228 0.0867653 0.1162379 0.1570566 0.0909916 0.2421818 0.1771012 0.1332925 
Perityle_angustifolia_13_Eagle_creek       0.1022093 0.0994897 0.1075018 0.1948813 0.1405408 0.1523893 0.2238319 0.1022093 0.1510213 0.0443912 0.0374769 0.0348093 0.0000000 0.1044682 0.0396314 0.1218380 0.1800116 0.0395908 0.0348452 0.0398569 0.0515512 0.0420901 0.0187076 0.1076168 0.1255096 0.1575873 0.1108165 0.1775174 0.1180680 0.1439629 0.1313779 0.0444038 0.1076636 0.1207509 0.0838134 0.1756840 0.0970822 0.0639462 0.0444101 0.1120108 0.0207104 0.1190417 0.2116675 0.0300093 0.0458854 0.0234324 0.1150460 0.0467432 0.0469029 0.0304656 0.0989337 0.0680135 0.0514178 0.1042087 0.0661952 0.0234805 0.0307811 0.1483273 0.1498010 0.1816722 0.0519412 0.0491849 0.1565047 0.1133003 0.1184932 0.1241581 0.0659351 0.0654117 0.0443737 0.1102756 0.0230325 0.0258830 0.0514308 0.0187076 0.1194484 0.1360366 0.0421385 0.0491849 0.1553362 0.0398569 0.1209088 0.1052567 0.1277694 
Perityle_batopilensis_97                   0.3356799 0.2487948 0.3242928 0.5257161 0.3866151 0.3942576 0.6042885 0.3089080 0.4005382 0.1279908 0.2922899 0.2529744 0.1044682 0.0000000 0.2835257 0.4108128 0.3059776 0.2855885 0.2226801 0.2977837 0.2860158 0.2941078 0.2485832 0.3170077 0.2943409 0.4042756 0.2529988 0.2421770 0.3983771 0.3856689 0.3599480 0.2787631 0.3203269 0.3816591 0.2276215 0.3947412 0.0579321 0.2670218 0.2097710 0.3855931 0.2744140 0.3827085 0.4527302 0.2866429 0.2624888 0.2427931 0.3062163 0.1930987 0.3336164 0.2774045 0.3174492 0.2464546 0.0618235 0.0926502 0.2339454 0.2521063 0.2792491 0.4010910 0.1624441 0.3412721 0.0427327 0.2911764 0.3912234 0.2997291 0.3911809 0.4001420 0.2495981 0.2055240 0.2444571 0.3067568 0.3276641 0.1400323 0.0482020 0.1165470 0.3925915 0.4086126 0.2680438 0.3120577 0.2917201 0.2977067 0.3723434 0.3407225 0.1079163 
Perityle_bisetosa_9                        0.2403536 0.1257001 0.2245250 0.3087662 0.2411614 0.3104920 0.6410610 0.2142527 0.2730107 0.0445278 0.0549908 0.0895340 0.0396314 0.2835257 0.0000000 0.2548844 0.2448955 0.0611963 0.0313986 0.0537769 0.0795039 0.0763256 0.1252906 0.3326691 0.2970600 0.2961159 0.1116948 0.2003293 0.2564632 0.3343830 0.2218237 0.0595250 0.2118287 0.2869074 0.1664329 0.3333569 0.1844281 0.0961878 0.0852093 0.2884461 0.0934913 0.2739852 0.3815170 0.0545213 0.1285611 0.1197727 0.1891632 0.0471080 0.0959791 0.0884967 0.2919992 0.1595260 0.0303861 0.0813739 0.0949437 0.1269733 0.0933404 0.2675615 0.1352255 0.2641187 0.0402445 0.0652937 0.2887572 0.2990047 0.2822607 0.2802303 0.0506281 0.1313567 0.0742582 0.1638715 0.1744963 0.0401592 0.0318088 0.0392791 0.2780470 0.2854423 0.0527923 0.1209662 0.1597340 0.0489000 0.2577226 0.1633677 0.1364059 
Perityle_californica_76_positas            0.1563042 0.1598800 0.1415873 0.2819037 0.1510560 0.1935206 0.5626435 0.1528140 0.1625383 0.1446650 0.2454769 0.2202419 0.1218380 0.4108128 0.2548844 0.0000000 0.2178011 0.2488106 0.1643687 0.2457601 0.2512582 0.2069171 0.2667541 0.4159412 0.3789974 0.1702170 0.1218067 0.1981209 0.0511786 0.3322289 0.1995147 0.2647766 0.1435494 0.1925697 0.2464634 0.3416834 0.2824116 0.2579083 0.2101101 0.1871346 0.2583555 0.1900055 0.3193837 0.2545179 0.2858750 0.2579989 0.2082612 0.1843731 0.2122100 0.2510354 0.3718935 0.2874619 0.0303332 0.1278452 0.1892579 0.2643183 0.2633845 0.1597358 0.1441795 0.2759394 0.1154858 0.2476361 0.1635155 0.3571739 0.1930389 0.1889836 0.1864035 0.2651032 0.2582402 0.1421917 0.2539049 0.1242491 0.1440301 0.1237779 0.1918549 0.1534076 0.2436140 0.2474466 0.1808217 0.2523753 0.1388451 0.1172174 0.1934185 
Perityle_canescens_77                      0.2549252 0.2557560 0.2306014 0.3894520 0.2325766 0.3104717 0.3385383 0.2079641 0.2771679 0.2402026 0.2503299 0.2467889 0.1800116 0.3059776 0.2448955 0.2178011 0.0000000 0.2492781 0.2036935 0.2522600 0.2616533 0.2400092 0.2446075 0.2813268 0.2739409 0.2344727 0.2225547 0.2488713 0.2449116 0.2645814 0.2619838 0.2560535 0.2066909 0.2068069 0.1885416 0.1514520 0.2970957 0.2516891 0.2566293 0.2162621 0.2492694 0.1670690 0.2153971 0.2581593 0.2479098 0.2493989 0.2179475 0.2128013 0.2537732 0.2463226 0.2762078 0.2518202 0.0302273 0.1893969 0.2156676 0.2449967 0.2474442 0.2165902 0.1129942 0.2257534 0.1481015 0.2511166 0.2101554 0.2753609 0.2540898 0.2615080 0.2510168 0.2875508 0.2564035 0.2668307 0.2521322 0.1861273 0.1731917 0.1695749 0.2608669 0.2026006 0.2560437 0.2813223 0.2184315 0.2522600 0.2755427 0.1959692 0.2252965 
Perityle_castillonii_96                    0.2301803 0.1257432 0.2176255 0.2908588 0.2286829 0.3077471 0.6152158 0.2030823 0.2713964 0.0445628 0.0813621 0.0909883 0.0395908 0.2855885 0.0611963 0.2488106 0.2492781 0.0000000 0.0385857 0.0815908 0.1029301 0.0807438 0.1173303 0.3273635 0.3036114 0.2872170 0.1249953 0.2156414 0.2510000 0.3467232 0.2312874 0.0693266 0.2043000 0.2824116 0.1574665 0.3544002 0.1834267 0.1085077 0.1014231 0.2752154 0.0855445 0.2610770 0.3812948 0.0609078 0.1220978 0.1086750 0.1872464 0.0692674 0.0925923 0.0920150 0.2993264 0.1517988 0.0300975 0.0909085 0.0992298 0.1129791 0.1159254 0.2491852 0.1260114 0.2855053 0.0452109 0.0739382 0.2811586 0.3062367 0.2690639 0.2670872 0.0538808 0.1275502 0.0970141 0.1738258 0.1572562 0.0378774 0.0380774 0.0415156 0.2630577 0.2749805 0.0705905 0.1318939 0.1689143 0.0760544 0.2566210 0.1753882 0.1361886 
Perityle_cernua_84                         0.1292993 0.1007120 0.1296565 0.2719336 0.1684420 0.1985620 0.4622746 0.1298252 0.1821500 0.0381048 0.0484781 0.0475553 0.0348452 0.2226801 0.0313986 0.1643687 0.2036935 0.0385857 0.0000000 0.0465350 0.0437871 0.0420394 0.0464440 0.2360506 0.2267248 0.1894074 0.1191627 0.1943472 0.1579123 0.2519598 0.1683938 0.0476043 0.1298133 0.1730092 0.1411199 0.2680700 0.1629862 0.0621797 0.0345880 0.1678278 0.0404143 0.1705618 0.2735929 0.0331217 0.0668557 0.0391023 0.1365318 0.0339549 0.0373715 0.0462852 0.2111851 0.1697424 0.0404313 0.0972008 0.0656664 0.0446875 0.0558650 0.1736874 0.1255167 0.2327554 0.0469791 0.0491673 0.1902895 0.2076104 0.1927750 0.1926770 0.0343453 0.1453171 0.0384369 0.1293794 0.0385696 0.0341359 0.0392322 0.0321236 0.1915777 0.1780817 0.0377994 0.0499450 0.1570466 0.0483781 0.1615168 0.1607501 0.1359408 
Perityle_cfvillosa_25_tin                  0.2174032 0.1307448 0.2129001 0.2946610 0.2178847 0.2801305 0.5896661 0.1941194 0.2661735 0.0358464 0.0256738 0.0939540 0.0398569 0.2977837 0.0537769 0.2457601 0.2522600 0.0815908 0.0465350 0.0000000 0.0868157 0.0910964 0.1239127 0.2987893 0.2947079 0.2777436 0.1235049 0.2102402 0.2474118 0.3523501 0.2139399 0.0743093 0.1964695 0.2794030 0.1669845 0.3567923 0.1795463 0.0998510 0.0896271 0.2778021 0.0940938 0.2564685 0.3742995 0.0672678 0.1239894 0.1182096 0.1964881 0.0534868 0.1022930 0.0947958 0.2766637 0.1756489 0.0300975 0.0822689 0.1131144 0.1210968 0.0530741 0.2491264 0.1255983 0.2778447 0.0404089 0.0636964 0.2675885 0.2879886 0.2573744 0.2626214 0.0454912 0.1347711 0.0854895 0.1733985 0.1715903 0.0448950 0.0445597 0.0394573 0.2587109 0.2679363 0.0573283 0.1137138 0.1638682 0.0088653 0.2514596 0.1683216 0.1397434 
Perityle_coahuilensis_24                   0.2276418 0.1323337 0.2255841 0.2622242 0.2297331 0.3091619 0.6496199 0.2095810 0.2565588 0.0829689 0.0895582 0.0942353 0.0515512 0.2860158 0.0795039 0.2512582 0.2616533 0.1029301 0.0437871 0.0868157 0.0000000 0.0927958 0.1329795 0.3344003 0.2974613 0.2951585 0.1312796 0.2210064 0.2538085 0.3682144 0.2354483 0.0961383 0.2014073 0.2934864 0.1660764 0.3263461 0.1988037 0.0617080 0.0760974 0.3090300 0.1254482 0.2740360 0.3764662 0.0838736 0.1587935 0.1272930 0.2010448 0.0490189 0.0939221 0.0913625 0.3014291 0.2057298 0.0404313 0.0909153 0.0990921 0.1362460 0.1131675 0.2492403 0.1388363 0.2724718 0.0427098 0.0936570 0.2741582 0.2993117 0.2725210 0.2684654 0.0535146 0.1822172 0.0301483 0.1802948 0.1762096 0.0530672 0.0424818 0.0509229 0.2733652 0.2907547 0.0770490 0.1079546 0.1683853 0.0909794 0.2653834 0.1856893 0.1359804 
Perityle_cochisensis_44_cave_creek         0.2008211 0.1168629 0.1908979 0.2607951 0.1824650 0.2767328 0.5370017 0.1644037 0.2363810 0.0804805 0.0908253 0.0970488 0.0420901 0.2941078 0.0763256 0.2069171 0.2400092 0.0807438 0.0420394 0.0910964 0.0927958 0.0000000 0.0998491 0.3042050 0.2712848 0.2634145 0.1186383 0.2122537 0.2132689 0.3234114 0.2295803 0.0867123 0.1672105 0.2440800 0.1684779 0.3084921 0.1929016 0.0925340 0.0819118 0.2476357 0.0804063 0.2325698 0.3512954 0.0763154 0.1210720 0.0952105 0.2048111 0.0525708 0.1012413 0.0826054 0.2671733 0.2043524 0.0199712 0.0931986 0.1014286 0.0999124 0.1165191 0.2073399 0.1254373 0.2832659 0.0426580 0.0849793 0.2450384 0.2723228 0.2421373 0.2419032 0.0439352 0.1713113 0.0834871 0.1857051 0.1248484 0.0422322 0.0503992 0.0439766 0.2392152 0.2363676 0.0749756 0.1213265 0.1544301 0.0911264 0.2309260 0.1777034 0.1391094 
Perityle_congesta_202                      0.2599308 0.1326336 0.2317162 0.3103268 0.2614590 0.3340366 0.6708918 0.2412492 0.3032860 0.0817623 0.1280412 0.0631545 0.0187076 0.2485832 0.1252906 0.2667541 0.2446075 0.1173303 0.0464440 0.1239127 0.1329795 0.0998491 0.0000000 0.3256282 0.2783915 0.3027800 0.1249664 0.2011304 0.2668644 0.3303460 0.2366116 0.1402341 0.2191758 0.2903444 0.1759506 0.3536524 0.1674646 0.1348161 0.1012472 0.2900762 0.0413212 0.2825417 0.3895117 0.1239862 0.0908924 0.0188890 0.1890049 0.0957822 0.1192222 0.1158738 0.2892448 0.1971162 0.0404313 0.0923766 0.1040107 0.0227249 0.1101826 0.2910478 0.1302112 0.2744143 0.0484847 0.1231766 0.3006047 0.2719027 0.2891786 0.2908157 0.0579164 0.1584164 0.1099087 0.1705770 0.1435450 0.0103011 0.0385340 0.0044921 0.2890276 0.2928909 0.1245646 0.1449595 0.1483223 0.1326938 0.2746075 0.1804254 0.1459171 
Perityle_cordifolia_27                     0.3838192 0.2541614 0.3640660 0.4692006 0.4104046 0.4090524 0.7027514 0.3583257 0.3892008 0.1333053 0.3031246 0.2778657 0.1076168 0.3170077 0.3326691 0.4159412 0.2813268 0.3273635 0.2360506 0.2987893 0.3344003 0.3042050 0.3256282 0.0000000 0.3176618 0.4493107 0.2233637 0.1987288 0.4111107 0.4114316 0.3726566 0.3496139 0.3464440 0.4144125 0.2548085 0.4141013 0.2188168 0.3391932 0.2833082 0.4298981 0.3289244 0.4073528 0.4499859 0.3343975 0.3392594 0.3183742 0.3314757 0.2528112 0.3393832 0.3332081 0.3080184 0.2585845 0.0404455 0.0743332 0.2482652 0.3279767 0.3281011 0.4608242 0.1571721 0.3556585 0.0354657 0.3198284 0.4391246 0.2664978 0.4133104 0.4188222 0.2406816 0.2344669 0.3200882 0.3136439 0.4000144 0.1395235 0.0546605 0.1192668 0.4214304 0.4334222 0.3234591 0.3480916 0.2525659 0.3092862 0.4194900 0.3257545 0.1499343 
Perityle_cordifolia_68_tecolote            0.3279851 0.2263001 0.3323269 0.4118812 0.3715925 0.3888516 0.6625275 0.3053189 0.3760207 0.1456707 0.2917452 0.2319513 0.1255096 0.2943409 0.2970600 0.3789974 0.2739409 0.3036114 0.2267248 0.2947079 0.2974613 0.2712848 0.2783915 0.3176618 0.0000000 0.4114494 0.1991981 0.2131592 0.3785018 0.4131813 0.3193119 0.2913253 0.3225755 0.3912034 0.2223788 0.4056620 0.1893108 0.2966412 0.2352372 0.3866087 0.3047491 0.3780264 0.4060603 0.2962569 0.2916692 0.2716652 0.2827709 0.1977706 0.3196893 0.2900254 0.3346578 0.2714938 0.0408522 0.0062586 0.2438157 0.2787515 0.2878300 0.4132275 0.1593190 0.3229303 0.0728705 0.2766225 0.3987556 0.3019172 0.3923124 0.3935869 0.2664117 0.2058587 0.2779961 0.2668688 0.3684127 0.1453945 0.0717147 0.1353411 0.3942691 0.4174038 0.2751581 0.3027300 0.2672331 0.2958504 0.3669817 0.2428027 0.1384529 
Perityle_coronopifolia_28_patagonia        0.2010288 0.2033164 0.1905562 0.3158929 0.1868986 0.2518586 0.5651074 0.1633475 0.2046271 0.2082653 0.2797037 0.2733369 0.1575873 0.4042756 0.2961159 0.1702170 0.2344727 0.2872170 0.1894074 0.2777436 0.2951585 0.2634145 0.3027800 0.4493107 0.4114494 0.0000000 0.1583052 0.2818802 0.1693847 0.3592403 0.2540875 0.2956586 0.1760803 0.1908578 0.2869826 0.3173251 0.3072674 0.2960787 0.2493846 0.1913715 0.3075042 0.1665482 0.3400154 0.3010268 0.3262907 0.3010149 0.1924895 0.2242847 0.2769370 0.2797403 0.4060426 0.3369655 0.0199951 0.1750569 0.2255275 0.3071376 0.2817007 0.1062939 0.1177057 0.2720361 0.1519400 0.2824357 0.0438839 0.4035696 0.2095855 0.2110997 0.2338061 0.2972513 0.2942061 0.2017120 0.3139202 0.1640025 0.1744026 0.1628933 0.2104270 0.1445772 0.2876352 0.3031970 0.1573980 0.2833848 0.2043736 0.1896059 0.2419905 
Perityle_crassifolia_70_ventanas           0.1141449 0.1336331 0.1247628 0.2344657 0.1478999 0.1555398 0.4102763 0.1101995 0.1436877 0.1257574 0.1191589 0.1206868 0.1108165 0.2529988 0.1116948 0.1218067 0.2225547 0.1249953 0.1191627 0.1235049 0.1312796 0.1186383 0.1249664 0.2233637 0.1991981 0.1583052 0.0000000 0.0866322 0.1248935 0.1994055 0.0687808 0.1290026 0.1248779 0.1881092 0.1959785 0.2673604 0.2295620 0.1377484 0.1315240 0.1756576 0.1296235 0.1850079 0.2431024 0.1164510 0.1377441 0.1313419 0.1856332 0.1164967 0.1286594 0.1179718 0.2042915 0.2140403 0.0513171 0.1242122 0.1442353 0.1338315 0.1295390 0.1691364 0.1900958 0.2286021 0.1072674 0.1332695 0.1592411 0.2098683 0.1495118 0.1515817 0.1346590 0.1865143 0.1291873 0.0000010 0.1317239 0.1182330 0.1150137 0.1142134 0.1503794 0.1795344 0.1145850 0.1355555 0.1618730 0.1235049 0.0128741 0.1048755 0.1711183 
Perityle_crassifolia_74_playa_balandra     0.2019613 0.1877452 0.2139343 0.1469680 0.2391016 0.2431511 0.2157780 0.1985299 0.2315930 0.1962121 0.2077865 0.2209243 0.1775174 0.2421770 0.2003293 0.1981209 0.2488713 0.2156414 0.1943472 0.2102402 0.2210064 0.2122537 0.2011304 0.1987288 0.2131592 0.2818802 0.0866322 0.0000000 0.2057626 0.2440502 0.1421157 0.2151858 0.2144424 0.2521652 0.2169957 0.2244905 0.2006885 0.2391135 0.1919600 0.2545110 0.2096805 0.2423218 0.2581831 0.2063570 0.2128019 0.2043151 0.2223635 0.1881404 0.2096390 0.2062264 0.2091574 0.1951365 0.0513171 0.1861355 0.1591018 0.2078030 0.2180439 0.2238109 0.1953930 0.2546014 0.1809916 0.2330814 0.2655447 0.2083914 0.2261377 0.2322963 0.1715775 0.2209236 0.2210064 0.0866322 0.2179213 0.1964153 0.1767051 0.1861599 0.2185107 0.2484990 0.2044839 0.2330814 0.1826895 0.2102402 0.0967185 0.1724617 0.1537643 
Perityle_cuneata_34_cuneata_San_antonio    0.1564287 0.1555587 0.1424576 0.3005311 0.1611554 0.2153470 0.5446091 0.1432428 0.1826877 0.1677698 0.2517786 0.2338095 0.1180680 0.3983771 0.2564632 0.0511786 0.2449116 0.2510000 0.1579123 0.2474118 0.2538085 0.2132689 0.2668644 0.4111107 0.3785018 0.1693847 0.1248935 0.2057626 0.0000000 0.3160865 0.2299325 0.2598065 0.1352317 0.1878275 0.2428888 0.3437449 0.2917078 0.2604934 0.2199416 0.1866107 0.2669645 0.1851118 0.3386159 0.2627003 0.2948240 0.2631462 0.2048779 0.1946587 0.2481910 0.2548060 0.3612234 0.2863658 0.0406353 0.1317207 0.2038511 0.2725485 0.2583804 0.1487168 0.1596631 0.2781861 0.1313514 0.2414320 0.1834914 0.3606032 0.1916630 0.1947006 0.1835506 0.2700276 0.2590249 0.1578256 0.2766254 0.1253665 0.1560180 0.1197786 0.1871740 0.1645805 0.2484219 0.2654913 0.1910262 0.2533679 0.1547700 0.1194565 0.2018974 
Perityle_cuneata_4                         0.3451417 0.2574023 0.3391369 0.4684095 0.3738249 0.3909135 0.7174295 0.3233587 0.3769221 0.1973558 0.3421410 0.3167410 0.1439629 0.3856689 0.3343830 0.3322289 0.2645814 0.3467232 0.2519598 0.3523501 0.3682144 0.3234114 0.3303460 0.4114316 0.4131813 0.3592403 0.1994055 0.2440502 0.3160865 0.0000000 0.3138293 0.3668718 0.3273652 0.3359799 0.2909787 0.3739735 0.3095982 0.3607058 0.3174052 0.3472094 0.3418159 0.3343530 0.4034026 0.3543314 0.3439685 0.3423456 0.2515993 0.2813637 0.3533830 0.3313923 0.4307034 0.3286928 0.0510534 0.1526647 0.2526813 0.3429033 0.3552894 0.3632241 0.1501460 0.3053686 0.1368571 0.3524673 0.3602108 0.4240845 0.3629730 0.3689021 0.2840307 0.2875718 0.3526723 0.2601057 0.3955286 0.1798686 0.1611567 0.1558377 0.3704355 0.3459805 0.3460953 0.3638799 0.2067805 0.3601368 0.3550248 0.2552845 0.2220965 
Perityle_discoidea_81                      0.2152129 0.1576091 0.1985942 0.2451731 0.2190953 0.2686251 0.5280002 0.1889867 0.2391666 0.1798674 0.2132915 0.2200094 0.1313779 0.3599480 0.2218237 0.1995147 0.2619838 0.2312874 0.1683938 0.2139399 0.2354483 0.2295803 0.2366116 0.3726566 0.3193119 0.2540875 0.0687808 0.1421157 0.2299325 0.3138293 0.0000000 0.2307133 0.1872966 0.2710058 0.2514305 0.3384501 0.2707238 0.2451259 0.1988847 0.2724900 0.2326547 0.2454892 0.3393314 0.2258984 0.2589413 0.2444338 0.2187199 0.1494045 0.2353090 0.2261516 0.3305300 0.2886017 0.0513171 0.1343488 0.1919488 0.2444980 0.2200984 0.2144635 0.1606274 0.2589899 0.1204199 0.2264538 0.2318465 0.3278899 0.2370518 0.2425008 0.1892342 0.2447296 0.2363024 0.1125754 0.2434703 0.1263215 0.1556703 0.1259126 0.2386175 0.2415263 0.2056106 0.2635634 0.1830503 0.2139234 0.1492048 0.1497806 0.1925048 
Perityle_dissecta_201                      0.2351939 0.1351813 0.2225544 0.2808550 0.2440312 0.3003047 0.6258115 0.2054587 0.2758765 0.0372646 0.0684843 0.0969978 0.0444038 0.2787631 0.0595250 0.2647766 0.2560535 0.0693266 0.0476043 0.0743093 0.0961383 0.0867123 0.1402341 0.3496139 0.2913253 0.2956586 0.1290026 0.2151858 0.2598065 0.3668718 0.2307133 0.0000000 0.2081218 0.2832970 0.1687992 0.3486398 0.1963762 0.1003322 0.0883915 0.2816256 0.1077115 0.2685845 0.3967158 0.0624268 0.1283292 0.1315314 0.1935778 0.0533801 0.1039932 0.0967624 0.3028384 0.1650974 0.0514178 0.0883633 0.1125953 0.1388199 0.1128961 0.2561364 0.1354107 0.2816480 0.0476455 0.0478270 0.2902299 0.3114481 0.2761201 0.2758182 0.0607422 0.1296225 0.0905079 0.1816340 0.1764458 0.0489137 0.0359118 0.0488646 0.2701721 0.2796476 0.0675563 0.1004017 0.1663153 0.0703393 0.2632514 0.1783378 0.1423524 
Perityle_emoryi_47_punta_san_jose          0.0916366 0.1097015 0.0180645 0.2936441 0.1555099 0.1759858 0.5221886 0.0885965 0.1491652 0.1261528 0.1959967 0.1719569 0.1076636 0.3203269 0.2118287 0.1435494 0.2066909 0.2043000 0.1298133 0.1964695 0.2014073 0.1672105 0.2191758 0.3464440 0.3225755 0.1760803 0.1248779 0.2144424 0.1352317 0.3273652 0.1872966 0.2081218 0.0000000 0.1731713 0.1960846 0.3024958 0.2297520 0.2205865 0.1663734 0.1633893 0.2177453 0.1688694 0.3330608 0.2022107 0.2419881 0.2152656 0.1643141 0.1493255 0.2273625 0.2064172 0.3134351 0.2091730 0.0304779 0.1221275 0.1566626 0.2267133 0.2154559 0.1462576 0.1408184 0.2629400 0.1045591 0.1930244 0.1765905 0.3009256 0.1501090 0.1519376 0.1530476 0.2120134 0.2098173 0.1307137 0.2468225 0.1089400 0.1102321 0.1067609 0.1456371 0.1726278 0.2089426 0.1979129 0.1792598 0.2034790 0.1408739 0.1602933 0.1677590 
Perityle_feddemae_99                       0.1727281 0.1822620 0.1729658 0.3421508 0.2169789 0.2378915 0.5500383 0.1467898 0.2427422 0.1761669 0.2800343 0.2599510 0.1207509 0.3816591 0.2869074 0.1925697 0.2068069 0.2824116 0.1730092 0.2794030 0.2934864 0.2440800 0.2903444 0.4144125 0.3912034 0.1908578 0.1881092 0.2521652 0.1878275 0.3359799 0.2710058 0.2832970 0.1731713 0.0000000 0.2507288 0.3036244 0.2667547 0.2820295 0.2420466 0.0581171 0.2965767 0.0364252 0.3243181 0.2813451 0.3146395 0.2903754 0.0647347 0.2210976 0.2775801 0.2799346 0.3878014 0.2997970 0.0099242 0.1548442 0.2043624 0.2997991 0.2821672 0.1690062 0.0908757 0.2837547 0.1329277 0.2666123 0.1820910 0.3891101 0.2167310 0.2166398 0.1912462 0.2681237 0.2905415 0.2265873 0.3263746 0.1252153 0.1309757 0.1167228 0.2178708 0.1640740 0.2786201 0.2911603 0.1532541 0.2848744 0.2148957 0.2148974 0.1820136 
Perityle_fosteri_93                        0.1927437 0.1978737 0.1958068 0.4691132 0.2379120 0.2614681 0.3786747 0.1960802 0.2639222 0.0901972 0.1579134 0.1774137 0.0838134 0.2276215 0.1664329 0.2464634 0.1885416 0.1574665 0.1411199 0.1669845 0.1660764 0.1684779 0.1759506 0.2548085 0.2223788 0.2869826 0.1959785 0.2169957 0.2428888 0.2909787 0.2514305 0.1687992 0.1960846 0.2507288 0.0000000 0.2922685 0.1734390 0.1826551 0.1606057 0.2469354 0.1729042 0.2476957 0.2389543 0.1662261 0.1643775 0.1689515 0.2462408 0.1470012 0.1491684 0.1683935 0.1722157 0.0675500 0.0509110 0.0930941 0.1783025 0.1761785 0.1717467 0.2561615 0.1390571 0.2110220 0.0494222 0.1819543 0.2850403 0.1957868 0.2673526 0.2700873 0.1767953 0.1729429 0.1595236 0.2346255 0.1773490 0.0979171 0.0517878 0.0931081 0.2631994 0.2638113 0.1699335 0.1802459 0.2447757 0.1669845 0.2463136 0.2307713 0.1252780 
Perityle_gamon_221                         0.3222590 0.2846718 0.3044956 0.5120583 0.3551841 0.3532445 0.6187515 0.3146270 0.3757895 0.1836507 0.3521249 0.3346840 0.1756840 0.3947412 0.3333569 0.3416834 0.1514520 0.3544002 0.2680700 0.3567923 0.3263461 0.3084921 0.3536524 0.4141013 0.4056620 0.3173251 0.2673604 0.2244905 0.3437449 0.3739735 0.3384501 0.3486398 0.3024958 0.3036244 0.2922685 0.0000000 0.3134840 0.3418988 0.3188275 0.2967920 0.3609309 0.3003127 0.2921275 0.3421414 0.3524257 0.3621917 0.2510085 0.2940230 0.3433542 0.3371927 0.3511622 0.3177169 0.0199951 0.1673778 0.3179236 0.3597185 0.3496645 0.3146422 0.0990297 0.3219432 0.1297470 0.3432485 0.3191241 0.3304446 0.3739537 0.3828581 0.2943807 0.3107319 0.3342355 0.3006628 0.3607687 0.1951399 0.1143929 0.1789791 0.3857311 0.2935874 0.3485962 0.3303792 0.2224213 0.3594385 0.3405554 0.2878997 0.2392293 
Perityle_gentryi_8_san_francisco           0.2609957 0.2442436 0.2442634 0.5420107 0.2699033 0.3273550 0.4412632 0.2304979 0.2939756 0.1306076 0.1903251 0.1598199 0.0970822 0.0579321 0.1844281 0.2824116 0.2970957 0.1834267 0.1629862 0.1795463 0.1988037 0.1929016 0.1674646 0.2188168 0.1893108 0.3072674 0.2295620 0.2006885 0.2917078 0.3095982 0.2707238 0.1963762 0.2297520 0.2667547 0.1734390 0.3134840 0.0000000 0.1797472 0.1684054 0.2776109 0.1950804 0.2636059 0.3628652 0.1880769 0.1819275 0.1620414 0.2564910 0.1451528 0.2290798 0.1875809 0.2040206 0.2107234 0.0511629 0.0929237 0.1747914 0.1658327 0.1679149 0.2851013 0.1396287 0.2975333 0.0476679 0.2009921 0.2887745 0.1876826 0.2832738 0.2944722 0.2124187 0.1847299 0.1572875 0.2664701 0.2177578 0.1305293 0.0503684 0.1063471 0.2847267 0.3009130 0.1787707 0.2212974 0.2762333 0.1846406 0.2775345 0.2574151 0.0977334 
Perityle_gilensis_22_Superstition          0.2440484 0.1347615 0.2432190 0.2734604 0.2457380 0.3269817 0.6661232 0.2181190 0.2672643 0.0940761 0.0966937 0.0846152 0.0639462 0.2670218 0.0961878 0.2579083 0.2516891 0.1085077 0.0621797 0.0998510 0.0617080 0.0925340 0.1348161 0.3391932 0.2966412 0.2960787 0.1377484 0.2391135 0.2604934 0.3607058 0.2451259 0.1003322 0.2205865 0.2820295 0.1826551 0.3418988 0.1797472 0.0000000 0.0761163 0.2839996 0.1427131 0.2714354 0.3855608 0.0895058 0.1700020 0.1292924 0.1880078 0.0564169 0.1070737 0.0924573 0.3049295 0.2159485 0.0301801 0.1123171 0.1106724 0.1396490 0.1126752 0.2642633 0.1630971 0.2727009 0.0676168 0.0974873 0.2756717 0.2944064 0.2971966 0.2930220 0.0703224 0.1885075 0.0322546 0.1845442 0.2029029 0.0710907 0.0629933 0.0681563 0.2931176 0.3002442 0.0912111 0.1144466 0.1722578 0.1023986 0.2828825 0.1872500 0.1558917 
Perityle_gilensis_salensis_225             0.1945400 0.1235981 0.1806284 0.2739603 0.1959402 0.2668073 0.5468132 0.1731715 0.2325666 0.0784548 0.0908287 0.0594404 0.0444101 0.2097710 0.0852093 0.2101101 0.2566293 0.1014231 0.0345880 0.0896271 0.0760974 0.0819118 0.1012472 0.2833082 0.2352372 0.2493846 0.1315240 0.1919600 0.2199416 0.3174052 0.1988847 0.0883915 0.1663734 0.2420466 0.1606057 0.3188275 0.1684054 0.0761163 0.0000000 0.2462666 0.1254642 0.2340783 0.3478293 0.0812266 0.1369856 0.0971067 0.1976005 0.0440857 0.1039256 0.0784186 0.2281027 0.1998020 0.0404313 0.1003247 0.0853762 0.1061030 0.0701413 0.2008061 0.1389467 0.2478038 0.0330164 0.0879544 0.2404984 0.2297641 0.2466182 0.2461239 0.0497988 0.1743672 0.0531350 0.1753507 0.1451119 0.0400313 0.0400809 0.0462724 0.2477953 0.2456225 0.0884496 0.1062430 0.1597899 0.0939920 0.2165643 0.1533440 0.1361318 
Perityle_glaucescens_94                    0.1694105 0.1742788 0.1751686 0.3340080 0.2251914 0.2316898 0.5668948 0.1369813 0.2484515 0.1820846 0.2819995 0.2507585 0.1120108 0.3855931 0.2884461 0.1871346 0.2162621 0.2752154 0.1678278 0.2778021 0.3090300 0.2476357 0.2900762 0.4298981 0.3866087 0.1913715 0.1756576 0.2545110 0.1866107 0.3472094 0.2724900 0.2816256 0.1633893 0.0581171 0.2469354 0.2967920 0.2776109 0.2839996 0.2462666 0.0000000 0.2972644 0.0447798 0.3443538 0.2796196 0.3273936 0.2901111 0.0593974 0.2242711 0.2786816 0.2748918 0.3923770 0.2948678 0.0100196 0.1641067 0.2017880 0.2994762 0.2780276 0.1598074 0.0908648 0.2861156 0.1356257 0.2689358 0.1713544 0.4011438 0.2201944 0.2218650 0.1751925 0.2658511 0.2940283 0.2242864 0.3130650 0.1174795 0.1432147 0.1109811 0.2228265 0.1695951 0.2802446 0.2989499 0.1436219 0.2832635 0.2151107 0.1975962 0.1927956 
Perityle_gracilis_11                       0.2585879 0.1302965 0.2326378 0.3101250 0.2578586 0.3379641 0.6607605 0.2321941 0.2976790 0.0521045 0.0879265 0.0770877 0.0207104 0.2744140 0.0934913 0.2583555 0.2492694 0.0855445 0.0404143 0.0940938 0.1254482 0.0804063 0.0413212 0.3289244 0.3047491 0.3075042 0.1296235 0.2096805 0.2669645 0.3418159 0.2326547 0.1077115 0.2177453 0.2965767 0.1729042 0.3609309 0.1950804 0.1427131 0.1254642 0.2972644 0.0000000 0.2742065 0.3705826 0.0951565 0.0600575 0.0414307 0.1948047 0.0899361 0.1105983 0.1139519 0.3042528 0.1665539 0.0404313 0.0956686 0.1059700 0.0440647 0.1292572 0.2806443 0.1302112 0.2652457 0.0501039 0.0934753 0.2959946 0.3076452 0.3047955 0.3026575 0.0540307 0.1388460 0.1206192 0.1860451 0.1387816 0.0124052 0.0420743 0.0067575 0.3020251 0.2889642 0.0952620 0.1481741 0.1547734 0.1013798 0.2789635 0.1654112 0.1474766 
Perityle_harkerae_31                       0.1474763 0.1842317 0.1683839 0.3427676 0.2224488 0.2172195 0.5490147 0.1443894 0.2331725 0.1525078 0.2598704 0.2424415 0.1190417 0.3827085 0.2739852 0.1900055 0.1670690 0.2610770 0.1705618 0.2564685 0.2740360 0.2325698 0.2825417 0.4073528 0.3780264 0.1665482 0.1850079 0.2423218 0.1851118 0.3343530 0.2454892 0.2685845 0.1688694 0.0364252 0.2476957 0.3003127 0.2636059 0.2714354 0.2340783 0.0447798 0.2742065 0.0000000 0.3026556 0.2639529 0.2993292 0.2785205 0.0357237 0.2200289 0.2846425 0.2608347 0.3960286 0.2816977 0.0099242 0.1559411 0.2064153 0.2864685 0.2706805 0.1723297 0.0775772 0.2763973 0.1289493 0.2526776 0.1718876 0.3985666 0.2163278 0.2162323 0.1908604 0.2446818 0.2819671 0.2017647 0.3040480 0.1190567 0.1380651 0.1123524 0.2172114 0.1502555 0.2648172 0.2624063 0.1418807 0.2624922 0.2014973 0.2099764 0.1895581 
Perityle_hofmeisteria_4_nombre_de_dios     0.3346477 0.2810372 0.3535976 0.4882606 0.3711360 0.4177201 0.5646186 0.3007723 0.3835040 0.2637879 0.3748894 0.3532808 0.2116675 0.4527302 0.3815170 0.3193837 0.2153971 0.3812948 0.2735929 0.3742995 0.3764662 0.3512954 0.3895117 0.4499859 0.4060603 0.3400154 0.2431024 0.2581831 0.3386159 0.4034026 0.3393314 0.3967158 0.3330608 0.3243181 0.2389543 0.2921275 0.3628652 0.3855608 0.3478293 0.3443538 0.3705826 0.3026556 0.0000000 0.3861856 0.3773018 0.3875106 0.2910922 0.2755571 0.4047532 0.3823537 0.4263977 0.2797103 0.0199088 0.1858216 0.2861543 0.3880328 0.3948341 0.3361945 0.1308265 0.2308061 0.1655996 0.3691727 0.3116500 0.4131948 0.3852233 0.3874026 0.3271729 0.3245559 0.3862791 0.2989204 0.3991443 0.2225317 0.1776596 0.2095639 0.3947206 0.3073564 0.3743415 0.4089290 0.2464867 0.3744979 0.3591437 0.2684218 0.2476730 
Perityle_huecosensis_48                    0.2330139 0.1210666 0.2208745 0.2667272 0.2346458 0.3078217 0.6283771 0.2083136 0.2764263 0.0518972 0.0698986 0.0877943 0.0300093 0.2866429 0.0545213 0.2545179 0.2581593 0.0609078 0.0331217 0.0672678 0.0838736 0.0763154 0.1239862 0.3343975 0.2962569 0.3010268 0.1164510 0.2063570 0.2627003 0.3543314 0.2258984 0.0624268 0.2022107 0.2813451 0.1662261 0.3421414 0.1880769 0.0895058 0.0812266 0.2796196 0.0951565 0.2639529 0.3861856 0.0000000 0.1333783 0.1184663 0.1818197 0.0536251 0.0940520 0.0723463 0.2985870 0.1624612 0.0404313 0.0932961 0.0946720 0.1271105 0.0977238 0.2593249 0.1306430 0.2748224 0.0451338 0.0600765 0.2936535 0.3088152 0.2829994 0.2790665 0.0311829 0.1402448 0.0758417 0.1681768 0.1685362 0.0357179 0.0380808 0.0391081 0.2806827 0.2856423 0.0610363 0.1094855 0.1601616 0.0692070 0.2619689 0.1796313 0.1277502 
Perityle_intricata_59_Clark_mtns           0.2787940 0.1489984 0.2574083 0.3307363 0.2810811 0.3593764 0.6652222 0.2508981 0.3200807 0.0554660 0.1097076 0.0830893 0.0458854 0.2624888 0.1285611 0.2858750 0.2479098 0.1220978 0.0668557 0.1239894 0.1587935 0.1210720 0.0908924 0.3392594 0.2916692 0.3262907 0.1377441 0.2128019 0.2948240 0.3439685 0.2589413 0.1283292 0.2419881 0.3146395 0.1643775 0.3524257 0.1819275 0.1700020 0.1369856 0.3273936 0.0600575 0.2993292 0.3773018 0.1333783 0.0000000 0.0896054 0.2064693 0.0971418 0.1392085 0.1459851 0.2910137 0.1654762 0.0404313 0.0841187 0.1181134 0.0864613 0.1787653 0.3020342 0.1259216 0.2904599 0.0402824 0.1140732 0.3171759 0.2894389 0.3156355 0.3129279 0.0799528 0.1293750 0.1544458 0.1994412 0.1619987 0.0536001 0.0360091 0.0463402 0.3069779 0.3121012 0.1230842 0.1690450 0.1702203 0.1328743 0.3078311 0.1904630 0.1179078 
