86
Amauria_brandeegeana_62                    0.0000000 0.0653196 0.1708143 0.2288359 0.1899299 0.0979463 0.2001389 0.3205838 0.2527842 0.0958444 0.1807063 0.1765406 0.1822640 0.1830579 0.1255232 0.1818248 0.1767933 0.4800058 0.1570865 0.1090665 0.2090466 0.1148007 0.1249071 0.1794804 0.1968201 0.1802253 0.1810261 0.1877228 0.1843126 0.1407385 0.2411390 0.1167682 0.1263536 0.1001472 0.1814715 0.1281483 0.1308435 0.2588103 0.1123025 0.1698149 0.2998486 0.1726027 0.1236297 0.1816400 0.1684001 0.1838879 0.1821331 0.1773284 0.1841227 0.2563545 0.1736224 0.1796664 0.1802662 0.1762697 0.1474025 0.1455405 0.1221268 0.1236137 0.1795020 0.2577474 0.2121470 0.0911789 0.1296218 0.0928656 0.1859999 0.1792365 0.1809503 0.1886256 0.2236208 0.3414741 0.1721872 0.1785320 0.1422799 0.1825580 0.1819004 0.1662328 0.2429951 0.1738294 0.1248901 0.1738896 0.1800754 0.1432926 0.1811359 0.1349427 0.2599134 0.0990175 
Amauria_carterae_99_mesa                   0.0653196 0.0000000 0.0706220 0.1695282 0.0759984 0.0694518 0.1715926 0.2060861 0.1732266 0.0963040 0.0861187 0.0727624 0.0756360 0.0808667 0.0823235 0.0825952 0.0689700 0.2462841 0.0913559 0.0689640 0.0732351 0.0757442 0.1459426 0.0768975 0.2246631 0.0756565 0.0866858 0.0842231 0.1058514 0.0964583 0.2172419 0.0690801 0.0933972 0.0896262 0.0783469 0.0759266 0.1023954 0.1930695 0.0746273 0.0920825 0.2442796 0.0756109 0.0968719 0.0731383 0.0982979 0.0783566 0.0769430 0.0731383 0.0809243 0.0981117 0.0728319 0.0756726 0.0828224 0.0865259 0.0770811 0.0808761 0.0827774 0.0796148 0.0755737 0.1109986 0.0996049 0.1014898 0.0932762 0.0796876 0.0741244 0.1019811 0.0865919 0.0795446 0.0799641 0.2714730 0.0689661 0.0743017 0.0965378 0.0770278 0.0730387 0.0727372 0.1924153 0.0811837 0.0970648 0.0843786 0.0741355 0.0860514 0.0794448 0.1007029 0.2043489 0.0993874 
Amauria_rotundifolia_SRR9119150            0.1708143 0.0706220 0.0000000 0.3439040 0.0906404 0.0768730 0.2655320 0.3790754 0.2609333 0.1814034 0.1125695 0.0974542 0.1036032 0.1004542 0.1053782 0.1014771 0.0959381 0.5145119 0.1259161 0.0869750 0.0973547 0.0937692 0.1167974 0.0989468 0.2210203 0.0978277 0.1308436 0.1231820 0.1249611 0.1677517 0.3128220 0.2140898 0.1692168 0.1702999 0.0997797 0.1219413 0.2139061 0.2847752 0.0959398 0.1078527 0.3810552 0.0968715 0.2092411 0.0976586 0.2450256 0.1073463 0.0989509 0.0956204 0.0997867 0.3233853 0.1035998 0.0990652 0.1625815 0.1211498 0.0936756 0.1127490 0.1054600 0.1080701 0.0974639 0.1270207 0.1387949 0.0958332 0.2123761 0.1067804 0.1035843 0.1180900 0.1307644 0.1136374 0.1109285 0.3050145 0.0965915 0.0974551 0.1734470 0.0983650 0.0985500 0.0912091 0.2649651 0.1062261 0.1977893 0.0989450 0.0974104 0.1082576 0.1013836 0.2113869 0.3161459 0.1024832 
Conoclinium_coelestinum_SRR9119114         0.2288359 0.1695282 0.3439040 0.0000000 0.3207087 0.2061697 0.1936654 0.3915325 0.3107369 0.2458528 0.3460126 0.3505539 0.3621521 0.3557549 0.2667767 0.3672779 0.3543605 0.5796669 0.2783353 0.2766299 0.3488625 0.2817004 0.2704090 0.3547025 0.3204359 0.3577259 0.3462476 0.3333380 0.3576325 0.2417654 0.3268945 0.2192533 0.2885666 0.2543773 0.3584881 0.2760656 0.2694648 0.3619948 0.2606852 0.3649393 0.3748619 0.3558181 0.2636147 0.3555638 0.2698072 0.3536199 0.3595811 0.3555638 0.3611532 0.3249865 0.2882982 0.3561417 0.3616603 0.3441674 0.3301062 0.2878408 0.2111850 0.2278568 0.3586620 0.3939196 0.3487385 0.1685899 0.2600833 0.2093952 0.3596913 0.3521404 0.3496884 0.3338649 0.3521181 0.4635189 0.3488934 0.3530394 0.2626558 0.3608198 0.3569494 0.3434637 0.3242946 0.3174620 0.2605272 0.3607335 0.3555199 0.2364861 0.3610792 0.2602719 0.3403994 0.1732961 
Eutetras_palmeri_63                        0.1899299 0.0759984 0.0906404 0.3207087 0.0000000 0.0035262 0.2493758 0.3573940 0.2080876 0.2011166 0.1038247 0.0875307 0.0946833 0.0928139 0.0895996 0.0925397 0.0893850 0.4872380 0.1158740 0.0821152 0.0898292 0.0900207 0.1123245 0.0911122 0.2061031 0.0902749 0.0941544 0.0875388 0.1196229 0.1616009 0.2912346 0.2139523 0.1321245 0.1731753 0.0930023 0.1514071 0.2207202 0.2644497 0.0830014 0.0996423 0.3620537 0.0940458 0.2161622 0.0888095 0.2176271 0.0953532 0.0920147 0.0888095 0.0929329 0.2663915 0.0890458 0.0912167 0.1628752 0.0842783 0.0890212 0.0930467 0.0616827 0.0685131 0.0910328 0.1222855 0.1051904 0.0958298 0.2040976 0.0676277 0.0902693 0.1142063 0.0949445 0.1052542 0.0964185 0.3016933 0.0877604 0.0902376 0.1609445 0.0929677 0.0894768 0.0852589 0.2458494 0.0971819 0.2182346 0.0935668 0.0883539 0.1009622 0.0929181 0.2071036 0.3017027 0.0933380 
Eutetras_pringlei_149_quer                 0.0979463 0.0694518 0.0768730 0.2061697 0.0035262 0.0000000 0.2094158 0.2209004 0.1902044 0.1013648 0.0771647 0.0796051 0.0875147 0.0887980 0.0903764 0.0907119 0.0809270 0.3219255 0.0956699 0.0822496 0.0834183 0.0877185 0.1123245 0.0861700 0.2342305 0.0862921 0.0736349 0.0610089 0.1016919 0.1002633 0.2100322 0.0916923 0.0606513 0.1002924 0.0904154 0.0894745 0.1183373 0.1819404 0.0825385 0.0948119 0.2625238 0.0878489 0.1128053 0.0799883 0.1142629 0.0828882 0.0862519 0.0799883 0.0876246 0.1141857 0.0821385 0.0850241 0.0817821 0.0656058 0.0864270 0.0918423 0.0609351 0.0586258 0.0874844 0.1126174 0.0956390 0.0916458 0.1139496 0.0689949 0.0783927 0.0966119 0.0722545 0.0764398 0.0811785 0.2418063 0.0812160 0.0835890 0.1017139 0.0889573 0.0810605 0.0796021 0.2166974 0.0739676 0.1027402 0.0897240 0.0782620 0.1012992 0.0901596 0.1057153 0.2285355 0.0897922 
Eutrochium_fistulosum_SRR9119106           0.2001389 0.1715926 0.2655320 0.1936654 0.2493758 0.2094158 0.0000000 0.3091852 0.2631723 0.1944280 0.2557078 0.2544274 0.2571505 0.2601571 0.2233515 0.2563175 0.2535713 0.5421506 0.2574146 0.2269053 0.2718717 0.2384511 0.2650302 0.2535310 0.2564579 0.2572328 0.2452301 0.2217231 0.2578880 0.2053437 0.2940446 0.1975358 0.2414689 0.1900409 0.2610233 0.2450955 0.2132728 0.3245062 0.2022900 0.2650880 0.3350018 0.2511705 0.2108057 0.2589171 0.2141881 0.2510553 0.2595507 0.2589171 0.2618877 0.3016843 0.2165882 0.2584828 0.2411215 0.2425876 0.2573631 0.2429511 0.1807730 0.2005160 0.2595091 0.3240371 0.2803108 0.1374088 0.2027811 0.1990131 0.2603215 0.2535243 0.2439646 0.2412476 0.2697046 0.4393939 0.2504812 0.2545075 0.2066599 0.2609019 0.2577542 0.2524445 0.3314914 0.2398250 0.2164030 0.2669066 0.2557054 0.2235251 0.2605451 0.2086951 0.3212399 0.1543248 
Galeana_pratensis_104_mex                  0.3205838 0.2060861 0.3790754 0.3915325 0.3573940 0.2209004 0.3091852 0.0000000 0.2943303 0.3259277 0.3680143 0.3887059 0.4044344 0.4069180 0.2662320 0.4024170 0.3967873 0.4988772 0.2958511 0.2586707 0.3938184 0.2604319 0.2285167 0.3990276 0.2700454 0.3979729 0.3752355 0.3773675 0.3820335 0.2677704 0.2140780 0.3339638 0.3831578 0.2817203 0.4000353 0.2835980 0.3667722 0.2534591 0.2301387 0.3616341 0.3461415 0.3697947 0.3633118 0.3962008 0.3401718 0.3864067 0.4000292 0.3962008 0.3997332 0.3244919 0.3280295 0.4033934 0.3655963 0.3698664 0.3378842 0.3238202 0.2162067 0.2316917 0.3995705 0.4511921 0.3873112 0.1409732 0.3555754 0.2129697 0.3869125 0.3754104 0.3758353 0.3758652 0.3965307 0.4329057 0.3881781 0.4006078 0.2684727 0.4039522 0.3982301 0.3773954 0.2027749 0.3336858 0.3632076 0.3763454 0.3969090 0.2569195 0.3968416 0.3452376 0.1925524 0.1965894 
Helianthus_annuus_SRR9119062               0.2527842 0.1732266 0.2609333 0.3107369 0.2080876 0.1902044 0.2631723 0.2943303 0.0000000 0.2553584 0.2438020 0.2395748 0.2493046 0.2479066 0.2539920 0.2502440 0.2444290 0.4540858 0.2354149 0.2420423 0.2153235 0.2449159 0.2549103 0.2420319 0.3004256 0.2455299 0.2324829 0.2092010 0.2547259 0.2290293 0.3082464 0.2303371 0.2402724 0.2518090 0.2543738 0.2430075 0.2631798 0.3243291 0.2302284 0.2562390 0.3434850 0.2463903 0.2589952 0.2461894 0.2639139 0.2444919 0.2455817 0.2461894 0.2465717 0.3353391 0.2162368 0.2468311 0.2337620 0.2349456 0.2484360 0.2191137 0.1809316 0.2040852 0.2478403 0.2648470 0.2344231 0.1361478 0.2490771 0.1921909 0.2420587 0.2509414 0.2371555 0.2400765 0.2260191 0.4311027 0.2435148 0.2405241 0.2511506 0.2484946 0.2461966 0.2404754 0.2950184 0.2356029 0.2603674 0.2553393 0.2382873 0.2239201 0.2502505 0.2550062 0.3152786 0.1496889 
Lycapsus_tenuifolius_17                    0.0958444 0.0963040 0.1814034 0.2458528 0.2011166 0.1013648 0.1944280 0.3259277 0.2553584 0.0000000 0.1901350 0.1844957 0.1927638 0.1908040 0.1307237 0.1925964 0.1865945 0.4832260 0.1700413 0.1181711 0.2205252 0.1281458 0.1679953 0.1872853 0.2249017 0.1880961 0.1988010 0.1997829 0.1895828 0.0654626 0.2513044 0.0867706 0.1519365 0.0248429 0.1900284 0.1344956 0.1107420 0.2622750 0.1128371 0.1873974 0.3101489 0.1846799 0.1074604 0.1897277 0.1508247 0.1928667 0.1924556 0.1853965 0.1900424 0.2240607 0.1642123 0.1875188 0.1938900 0.1950951 0.1612957 0.1512447 0.1246245 0.1307753 0.1873026 0.2615786 0.2142325 0.1095941 0.1074873 0.1127897 0.1926959 0.1855859 0.2005087 0.1952497 0.2296329 0.3285502 0.1856708 0.1864303 0.0730839 0.1894863 0.1897106 0.1711048 0.2608400 0.1823722 0.1052693 0.1865169 0.1861999 0.1137896 0.1908462 0.0705967 0.2795283 0.1059976 
Pericome_caudata_50_silver                 0.1807063 0.0861187 0.1125695 0.3460126 0.1038247 0.0771647 0.2557078 0.3680143 0.2438020 0.1901350 0.0000000 0.1143168 0.1159454 0.1158690 0.1099056 0.1194255 0.1144490 0.4667714 0.1110320 0.0916609 0.1130093 0.0974630 0.1260217 0.1142424 0.2194054 0.1138466 0.0962544 0.1003962 0.1307629 0.1735197 0.2973623 0.2342924 0.1913680 0.1735104 0.1166673 0.1385104 0.2338625 0.2797851 0.1011140 0.1156113 0.3707824 0.1081223 0.2261118 0.1141346 0.2565031 0.1209656 0.1158310 0.1124818 0.1157504 0.3097061 0.1091592 0.1151790 0.1777464 0.0908830 0.1019802 0.1124730 0.0829766 0.0794313 0.1142748 0.1476395 0.1111991 0.0953628 0.2292008 0.0738860 0.1175216 0.1254025 0.0993292 0.0610760 0.0584518 0.2980356 0.1129626 0.1151390 0.1763722 0.1159685 0.1137956 0.1051850 0.2548813 0.0543563 0.2212863 0.1081085 0.1173537 0.1045016 0.1159421 0.2202785 0.2943688 0.1113154 
Perityle_aglossa_84_dead_horse             0.1765406 0.0727624 0.0974542 0.3505539 0.0875307 0.0796051 0.2544274 0.3887059 0.2395748 0.1844957 0.1143168 0.0000000 0.0231887 0.0211495 0.0247246 0.0412579 0.0178312 0.4862766 0.0937262 0.0104288 0.0188514 0.0202569 0.0555049 0.0178178 0.1620095 0.0178792 0.1219161 0.1215366 0.1178675 0.1588372 0.3030827 0.2256768 0.1856492 0.1691831 0.0205009 0.1341039 0.1884057 0.2736670 0.0642244 0.0414483 0.3796531 0.0176096 0.1829681 0.0190697 0.2084059 0.0749084 0.0191436 0.0193775 0.0231957 0.2796124 0.0151561 0.0205063 0.1037778 0.1157010 0.0140323 0.0934735 0.0899235 0.0904305 0.0191631 0.0539372 0.1172300 0.0788530 0.1953626 0.0908467 0.0191377 0.1142117 0.1250838 0.1115710 0.1071650 0.2268499 0.0182161 0.0171500 0.1680809 0.0211913 0.0205608 0.0154826 0.2552573 0.0964171 0.1856886 0.0185198 0.0111453 0.0895015 0.0218611 0.2192578 0.2993653 0.0900808 
Perityle_ajoensis_204                      0.1822640 0.0756360 0.1036032 0.3621521 0.0946833 0.0875147 0.2571505 0.4044344 0.2493046 0.1927638 0.1159454 0.0231887 0.0000000 0.0211591 0.0247355 0.0440836 0.0158383 0.5088626 0.0997127 0.0149750 0.0231981 0.0187272 0.0487490 0.0191578 0.1722230 0.0125234 0.1235374 0.1240819 0.1226376 0.1705113 0.3171252 0.2318797 0.1976442 0.1761150 0.0164906 0.1433394 0.2010505 0.2802601 0.0668287 0.0495120 0.3822348 0.0169314 0.1955196 0.0156136 0.2196070 0.0786035 0.0211525 0.0153116 0.0184811 0.2912117 0.0183779 0.0118217 0.1078849 0.1197709 0.0147383 0.1019504 0.0939636 0.0941563 0.0144786 0.0529333 0.1175126 0.0879376 0.2065007 0.0951470 0.0272513 0.1189650 0.1267123 0.1172415 0.1116837 0.2322759 0.0182248 0.0171577 0.1801590 0.0151531 0.0158474 0.0223374 0.2612876 0.1023037 0.1961943 0.0199305 0.0251966 0.0980012 0.0164900 0.2296267 0.3098000 0.0996632 
Perityle_ambrosiifolia_67_green            0.1830579 0.0808667 0.1004542 0.3557549 0.0928139 0.0887980 0.2601571 0.4069180 0.2479066 0.1908040 0.1158690 0.0211495 0.0211591 0.0000000 0.0238829 0.0426412 0.0158187 0.5170018 0.0976986 0.0164794 0.0214164 0.0217818 0.0588254 0.0164718 0.1696254 0.0165304 0.1242083 0.1180756 0.1224669 0.1681669 0.3188183 0.2299597 0.1929082 0.1749419 0.0184804 0.1432329 0.1980922 0.2806180 0.0710245 0.0479963 0.3863175 0.0176082 0.1925892 0.0176807 0.2183842 0.0792689 0.0197919 0.0173383 0.0204941 0.2910738 0.0151361 0.0184852 0.1077199 0.1179816 0.0154519 0.0980996 0.0871957 0.0951764 0.0171468 0.0483809 0.1210545 0.0848839 0.2061369 0.0949771 0.0258712 0.1187996 0.1273826 0.1146947 0.1103535 0.2347031 0.0168414 0.0131459 0.1779250 0.0191666 0.0185343 0.0216300 0.2614837 0.1005469 0.1959691 0.0178150 0.0238239 0.0967294 0.0205125 0.2283762 0.3132200 0.1042454 
Perityle_angustifolia_13_Eagle_creek       0.1255232 0.0823235 0.1053782 0.2667767 0.0895996 0.0903764 0.2233515 0.2662320 0.2539920 0.1307237 0.1099056 0.0247246 0.0247355 0.0238829 0.0000000 0.0465084 0.0197363 0.4167487 0.1001277 0.0205785 0.0280216 0.0239426 0.0622386 0.0197293 0.1735217 0.0197382 0.1135457 0.1060829 0.1065778 0.1364680 0.2796489 0.1224587 0.1285325 0.1357607 0.0239274 0.1406965 0.1114229 0.2509037 0.0729001 0.0544139 0.3110305 0.0214454 0.1055336 0.0208588 0.1084298 0.0750945 0.0272372 0.0208588 0.0256080 0.1986144 0.0173577 0.0222373 0.0277029 0.1066807 0.0155928 0.0885007 0.0940641 0.1001862 0.0214133 0.0676051 0.0977202 0.0968437 0.1194739 0.1037862 0.0331980 0.1069626 0.1134051 0.1005323 0.0864512 0.2403920 0.0216652 0.0164089 0.1480844 0.0239344 0.0206325 0.0264072 0.2545557 0.0987169 0.1142019 0.0234299 0.0255588 0.1017965 0.0222410 0.1521623 0.2794440 0.1020200 
Perityle_batopilensis_97                   0.1818248 0.0825952 0.1014771 0.3672779 0.0925397 0.0907119 0.2563175 0.4024170 0.2502440 0.1925964 0.1194255 0.0412579 0.0440836 0.0426412 0.0465084 0.0000000 0.0385304 0.4982425 0.0964583 0.0344416 0.0340100 0.0415183 0.0694505 0.0391917 0.1972574 0.0386389 0.1304465 0.1254810 0.1214175 0.1715907 0.3165096 0.2305900 0.1951566 0.1757872 0.0399095 0.1420347 0.1941770 0.2806046 0.0673641 0.0179693 0.3925126 0.0381169 0.1895146 0.0390215 0.2162555 0.0778451 0.0419440 0.0382477 0.0433949 0.2870774 0.0391987 0.0413036 0.1292344 0.1225587 0.0351958 0.0997773 0.0933673 0.1029127 0.0399056 0.0647328 0.1268252 0.0898643 0.2020857 0.1014417 0.0433649 0.1177167 0.1321129 0.1196737 0.1144378 0.2450650 0.0400936 0.0385016 0.1809966 0.0399480 0.0400166 0.0400737 0.2642133 0.1062737 0.1894463 0.0378862 0.0419392 0.0999857 0.0427505 0.2254198 0.3087027 0.1002869 
Perityle_bisetosa_9                        0.1767933 0.0689700 0.0959381 0.3543605 0.0893850 0.0809270 0.2535713 0.3967873 0.2444290 0.1865945 0.1144490 0.0178312 0.0158383 0.0158187 0.0197363 0.0385304 0.0000000 0.5046358 0.0928685 0.0097022 0.0171155 0.0142106 0.0487520 0.0138287 0.1673945 0.0118812 0.1220397 0.1174501 0.1163657 0.1632752 0.3121842 0.2282026 0.1896696 0.1713981 0.0145022 0.1352544 0.1957117 0.2736683 0.0634676 0.0429596 0.3816423 0.0128402 0.1902174 0.0135831 0.2149941 0.0742167 0.0144860 0.0133203 0.0171754 0.2847591 0.0111318 0.0145059 0.1015697 0.1158176 0.0098072 0.0936043 0.0846510 0.0929005 0.0131734 0.0475394 0.1193097 0.0819651 0.2038659 0.0909512 0.0218635 0.1143190 0.1252111 0.1132346 0.1082878 0.2255655 0.0060181 0.0118406 0.1733208 0.0151821 0.0145444 0.0168637 0.2564846 0.0981836 0.1919504 0.0143782 0.0198283 0.0907823 0.0165216 0.2251843 0.3062831 0.0949238 
Perityle_californica_76_positas            0.4800058 0.2462841 0.5145119 0.5796669 0.4872380 0.3219255 0.5421506 0.4988772 0.4540858 0.4832260 0.4667714 0.4862766 0.5088626 0.5170018 0.4167487 0.4982425 0.5046358 0.0000000 0.4179603 0.3849109 0.5015181 0.3982323 0.2819229 0.5043448 0.4500667 0.5081493 0.4820713 0.5007072 0.5217546 0.4416589 0.2971855 0.4915792 0.5263379 0.4262972 0.5056423 0.4275227 0.5243675 0.3835958 0.3388572 0.4629950 0.5265060 0.5005231 0.5112906 0.5040052 0.4952084 0.4770585 0.5068320 0.5040052 0.5106448 0.4769469 0.4777435 0.5054694 0.5047972 0.4779106 0.4472539 0.4351553 0.3084838 0.3187649 0.5096395 0.5065766 0.4946573 0.2147084 0.5040377 0.2756760 0.4939582 0.5076849 0.4930050 0.4975158 0.4986379 0.3566507 0.4894196 0.5085054 0.4415692 0.5086961 0.4980824 0.4890094 0.3053244 0.4674660 0.5029223 0.4895284 0.5038076 0.3614543 0.5077299 0.5233238 0.3155927 0.2276832 
Perityle_canescens_77                      0.1570865 0.0913559 0.1259161 0.2783353 0.1158740 0.0956699 0.2574146 0.2958511 0.2354149 0.1700413 0.1110320 0.0937262 0.0997127 0.0976986 0.1001277 0.0964583 0.0928685 0.4179603 0.0000000 0.0876198 0.0818189 0.0945079 0.1174137 0.0967683 0.2243331 0.0948936 0.1140426 0.1076597 0.1399317 0.1825870 0.3067141 0.1734221 0.1543836 0.1724631 0.0968676 0.1605567 0.1865315 0.2825091 0.0909960 0.1074510 0.3339484 0.0970073 0.1794770 0.0942659 0.1806655 0.0984017 0.0987145 0.0942659 0.1016353 0.2385406 0.0879389 0.0978416 0.1208235 0.1079535 0.0949852 0.1303550 0.0847234 0.0916698 0.0976107 0.1136656 0.1295182 0.0955343 0.1829274 0.0952799 0.0929099 0.1363448 0.1107479 0.1030070 0.0900418 0.2978807 0.0951203 0.0948700 0.1815525 0.0968767 0.0949777 0.0947808 0.2701082 0.0992121 0.1831309 0.1015366 0.0946551 0.1207621 0.1015951 0.1860729 0.3227678 0.1141538 
Perityle_castillonii_96                    0.1090665 0.0689640 0.0869750 0.2766299 0.0821152 0.0822496 0.2269053 0.2586707 0.2420423 0.1181711 0.0916609 0.0104288 0.0149750 0.0164794 0.0205785 0.0344416 0.0097022 0.3849109 0.0876198 0.0000000 0.0151877 0.0157800 0.0555624 0.0127051 0.1647571 0.0104893 0.1006843 0.0981310 0.0914045 0.1341019 0.2823035 0.1179508 0.1116771 0.1295818 0.0142276 0.1298844 0.1053749 0.2407433 0.0608444 0.0415683 0.2923689 0.0119793 0.0998851 0.0123856 0.1467132 0.0648317 0.0164736 0.0121132 0.0157462 0.2326618 0.0103746 0.0127160 0.0245011 0.0963397 0.0105626 0.0783331 0.0900409 0.0928826 0.0112102 0.0535115 0.0928010 0.0804790 0.1160210 0.0937186 0.0179908 0.0917019 0.1023619 0.0844244 0.0691800 0.2243736 0.0114797 0.0096984 0.1447284 0.0134778 0.0127498 0.0089315 0.2529729 0.0819468 0.1049366 0.0144240 0.0119253 0.0894946 0.0142226 0.1420613 0.2822892 0.0937106 
Perityle_cernua_84                         0.2090466 0.0732351 0.0973547 0.3488625 0.0898292 0.0834183 0.2718717 0.3938184 0.2153235 0.2205252 0.1130093 0.0188514 0.0231981 0.0214164 0.0280216 0.0340100 0.0171155 0.5015181 0.0818189 0.0151877 0.0000000 0.0202841 0.0554188 0.0171146 0.2145902 0.0179858 0.1253595 0.1247877 0.1375586 0.1719434 0.3071521 0.2296630 0.2107946 0.1842996 0.0188636 0.1467681 0.2206877 0.2931010 0.0601522 0.0367202 0.4251338 0.0186261 0.2156220 0.0164786 0.1964157 0.0747262 0.0162365 0.0164786 0.0205935 0.1756331 0.0149205 0.0171195 0.1380810 0.1170657 0.0174917 0.1055431 0.0933943 0.0930840 0.0179712 0.0473980 0.1259690 0.0862807 0.2300610 0.0963606 0.0171306 0.1327394 0.1285216 0.1061318 0.1080949 0.1680177 0.0173212 0.0171129 0.1774822 0.0197248 0.0154029 0.0203061 0.2570262 0.0885926 0.2151633 0.0216645 0.0205737 0.0954466 0.0223676 0.2494226 0.3045995 0.0932749 
Perityle_cfvillosa_25_tin                  0.1148007 0.0757442 0.0937692 0.2817004 0.0900207 0.0877185 0.2384511 0.2604319 0.2449159 0.1281458 0.0974630 0.0202569 0.0187272 0.0217818 0.0239426 0.0415183 0.0142106 0.3982323 0.0945079 0.0157800 0.0202841 0.0000000 0.0556171 0.0179851 0.1713805 0.0134751 0.1068632 0.1026839 0.0965337 0.1427628 0.2875437 0.1252029 0.1208342 0.1415011 0.0179912 0.1363134 0.1137067 0.2430237 0.0660804 0.0487205 0.2962310 0.0157398 0.1080644 0.0061440 0.1560312 0.0689283 0.0217741 0.0067657 0.0164636 0.2401249 0.0147481 0.0164634 0.0309746 0.1024869 0.0151015 0.0831364 0.0927702 0.1001983 0.0149537 0.0477742 0.0970952 0.0880548 0.1200163 0.0967169 0.0279367 0.0968490 0.1076972 0.0940433 0.0779812 0.2312711 0.0153395 0.0149609 0.1550767 0.0141897 0.0104473 0.0217831 0.2566011 0.0906584 0.1139012 0.0197923 0.0217699 0.0958283 0.0157056 0.1518225 0.2917975 0.0963392 
Perityle_cinerea_113_Powell1310            0.1249071 0.1459426 0.1167974 0.2704090 0.1123245 0.1123245 0.2650302 0.2285167 0.2549103 0.1679953 0.1260217 0.0555049 0.0487490 0.0588254 0.0622386 0.0694505 0.0487520 0.2819229 0.1174137 0.0555624 0.0554188 0.0556171 0.0000000 0.0487465 0.5755668 0.0454541 0.1563725 0.0852985 0.1788278 0.1557943 0.2405063 0.1375819 0.1634759 0.1883540 0.0520834 0.1452852 0.1263553 0.2659232 0.1049952 0.0729044 0.3518759 0.0520612 0.1224995 0.0504530 0.1224995 0.1009796 0.0555604 0.0504530 0.0554980 0.1264561 0.0453306 0.0522007 0.0553264 0.1375400 0.0556184 0.1425768 0.0808199 0.1202562 0.0454541 0.0487490 0.1384322 0.0705212 0.1172873 0.1409922 0.0589760 0.1829231 0.1522918 0.1224030 0.1227898 0.0795045 0.0486165 0.0487671 0.1685576 0.0488853 0.0488214 0.0589508 0.2597356 0.1193927 0.1273064 0.0586543 0.0658420 0.1665127 0.0522095 0.1725499 0.2523468 0.1510212 
Perityle_coahuilensis_24                   0.1794804 0.0768975 0.0989468 0.3547025 0.0911122 0.0861700 0.2535310 0.3990276 0.2420319 0.1872853 0.1142424 0.0178178 0.0191578 0.0164718 0.0197293 0.0391917 0.0138287 0.5043448 0.0967683 0.0127051 0.0171146 0.0179851 0.0487465 0.0000000 0.1683355 0.0132030 0.1265901 0.1204999 0.1209031 0.1642266 0.3159975 0.2222636 0.1901572 0.1712128 0.0164852 0.1394947 0.1945119 0.2783558 0.0651351 0.0436570 0.3808152 0.0148760 0.1890341 0.0156259 0.2130490 0.0763784 0.0164666 0.0153235 0.0178296 0.2819299 0.0111334 0.0164895 0.1037884 0.1203470 0.0126220 0.0954306 0.0885444 0.0963978 0.0138271 0.0493432 0.1181846 0.0848402 0.2026584 0.0963624 0.0225177 0.1172405 0.1297735 0.1131020 0.1081816 0.2241684 0.0148065 0.0072027 0.1751662 0.0158365 0.0158642 0.0195838 0.2617356 0.0980912 0.1898371 0.0150606 0.0204819 0.0944239 0.0171763 0.2256388 0.3102561 0.0959659 
Perityle_cochisensis_44_cave_creek         0.1968201 0.2246631 0.2210203 0.3204359 0.2061031 0.2342305 0.2564579 0.2700454 0.3004256 0.2249017 0.2194054 0.1620095 0.1722230 0.1696254 0.1735217 0.1972574 0.1673945 0.4500667 0.2243331 0.1647571 0.2145902 0.1713805 0.5755668 0.1683355 0.0000000 0.1711614 0.2195562 0.2007158 0.2161858 0.2259884 0.2863012 0.2517855 0.2320781 0.2185339 0.1720338 0.2143410 0.2118737 0.2579370 0.1972283 0.1986922 0.2727386 0.1655075 0.2066585 0.1606329 0.2106716 0.2019296 0.1683801 0.1606329 0.1762633 0.3283342 0.1691536 0.1710831 0.1731168 0.2182686 0.1675410 0.2064868 0.2154790 0.2217488 0.1723026 0.2847007 0.2277618 0.2491270 0.2063408 0.2538777 0.1720130 0.2130787 0.2231719 0.2080403 0.2457047 0.5177942 0.1662274 0.1673389 0.2217214 0.1738927 0.1728787 0.1657611 0.2611389 0.2007663 0.2150987 0.1799053 0.1585009 0.2525761 0.1747075 0.2270966 0.2825295 0.2241836 
Perityle_congesta_202                      0.1802253 0.0756565 0.0978277 0.3577259 0.0902749 0.0862921 0.2572328 0.3979729 0.2455299 0.1880961 0.1138466 0.0178792 0.0125234 0.0165304 0.0197382 0.0386389 0.0118812 0.5081493 0.0948936 0.0104893 0.0179858 0.0134751 0.0454541 0.0132030 0.1711614 0.0000000 0.1255787 0.1211230 0.1198668 0.1653480 0.3168290 0.2270625 0.1929067 0.1723068 0.0132030 0.1370400 0.1947647 0.2779456 0.0593939 0.0438309 0.3860735 0.0128742 0.1892788 0.0108198 0.2138866 0.0737071 0.0165252 0.0106426 0.0105341 0.2861385 0.0119401 0.0098715 0.1011355 0.1193160 0.0104992 0.0954926 0.0900314 0.0965467 0.0059108 0.0456440 0.1183924 0.0864783 0.2028008 0.0966813 0.0225983 0.1169782 0.1287719 0.1135021 0.1071436 0.2256735 0.0134595 0.0125382 0.1753093 0.0065746 0.0105530 0.0176019 0.2610947 0.0992827 0.1898227 0.0130444 0.0205548 0.0932815 0.0078988 0.2250689 0.3096998 0.0962027 
Perityle_cordifolia_27                     0.1810261 0.0866858 0.1308436 0.3462476 0.0941544 0.0736349 0.2452301 0.3752355 0.2324829 0.1988010 0.0962544 0.1219161 0.1235374 0.1242083 0.1135457 0.1304465 0.1220397 0.4820713 0.1140426 0.1006843 0.1253595 0.1068632 0.1563725 0.1265901 0.2195562 0.1255787 0.0000000 0.0399130 0.1338993 0.1784802 0.2993463 0.2452862 0.1680273 0.1877532 0.1283064 0.1519055 0.2396575 0.2788725 0.1100090 0.1236233 0.3596642 0.1175179 0.2336253 0.1262295 0.2659215 0.1282032 0.1258595 0.1251514 0.1283320 0.3452544 0.1148189 0.1276317 0.1913650 0.0239903 0.1131988 0.1055252 0.0387000 0.0377141 0.1266832 0.1622108 0.1013276 0.1032095 0.2198967 0.0074539 0.1291051 0.1299536 0.0149647 0.0964333 0.0793354 0.3303736 0.1214198 0.1242561 0.1722271 0.1293150 0.1270652 0.1126592 0.2467015 0.0914095 0.2323938 0.1173391 0.1258473 0.1000052 0.1284462 0.2144492 0.2960395 0.1138540 
Perityle_cordifolia_68_tecolote            0.1877228 0.0842231 0.1231820 0.3333380 0.0875388 0.0610089 0.2217231 0.3773675 0.2092010 0.1997829 0.1003962 0.1215366 0.1240819 0.1180756 0.1060829 0.1254810 0.1174501 0.5007072 0.1076597 0.0981310 0.1247877 0.1026839 0.0852985 0.1204999 0.2007158 0.1211230 0.0399130 0.0000000 0.1348680 0.1794484 0.2997672 0.2481166 0.1622808 0.1872898 0.1223350 0.1449951 0.2458105 0.2664210 0.1126243 0.1232640 0.3359249 0.1142025 0.2374258 0.1216664 0.2733604 0.1322902 0.1222242 0.1206370 0.1223624 0.3532741 0.1106319 0.1215876 0.1871487 0.0347537 0.1069615 0.1050945 0.0059463 0.0330544 0.1214919 0.1592191 0.1026601 0.1012300 0.2239386 0.0313092 0.1290655 0.1307312 0.0429335 0.0973382 0.0832818 0.3276409 0.1167096 0.1180263 0.1717984 0.1250227 0.1236134 0.1151814 0.2405768 0.0901910 0.2349990 0.1089787 0.1231807 0.1017570 0.1241666 0.2170962 0.2973024 0.1146238 
Perityle_coronopifolia_28_patagonia        0.1843126 0.1058514 0.1249611 0.3576325 0.1196229 0.1016919 0.2578880 0.3820335 0.2547259 0.1895828 0.1307629 0.1178675 0.1226376 0.1224669 0.1065778 0.1214175 0.1163657 0.5217546 0.1399317 0.0914045 0.1375586 0.0965337 0.1788278 0.1209031 0.2161858 0.1198668 0.1338993 0.1348680 0.0000000 0.1770066 0.2931389 0.2443061 0.2002964 0.1746642 0.1218467 0.1471791 0.2050604 0.2656014 0.0935035 0.1192330 0.3572171 0.1141878 0.2022732 0.1187332 0.2329555 0.1208926 0.1200335 0.1162294 0.1218517 0.3250220 0.1212944 0.1234047 0.1793445 0.1307304 0.1074922 0.1057353 0.1150500 0.1167094 0.1202001 0.1710472 0.1384706 0.1328058 0.2044601 0.1139580 0.1226099 0.0093285 0.1396914 0.1315433 0.1339145 0.3275636 0.1205247 0.1202011 0.1808968 0.1219478 0.1213752 0.1125554 0.2461013 0.1219208 0.2017989 0.1171942 0.1201342 0.1152421 0.1226177 0.2248145 0.2960899 0.0490963 
Perityle_crassifolia_70_ventanas           0.1407385 0.0964583 0.1677517 0.2417654 0.1616009 0.1002633 0.2053437 0.2677704 0.2290293 0.0654626 0.1735197 0.1588372 0.1705113 0.1681669 0.1364680 0.1715907 0.1632752 0.4416589 0.1825870 0.1341019 0.1719434 0.1427628 0.1557943 0.1642266 0.2259884 0.1653480 0.1784802 0.1794484 0.1770066 0.0000000 0.2493252 0.0975754 0.1762051 0.0927763 0.1695994 0.1494476 0.1182468 0.2588776 0.1166529 0.1752187 0.3145211 0.1647009 0.1161105 0.1635426 0.1181544 0.1649179 0.1643208 0.1635426 0.1704446 0.1640636 0.1246563 0.1675197 0.1685971 0.1751978 0.1665815 0.1566270 0.1373498 0.1308846 0.1681467 0.2104140 0.1841827 0.1125454 0.1120185 0.1145185 0.1611183 0.1731845 0.1803830 0.1771355 0.1825854 0.3408418 0.1587843 0.1631450 0.0059411 0.1664787 0.1623967 0.1508612 0.2601347 0.1720031 0.1240260 0.1704989 0.1618822 0.1191697 0.1682887 0.0084777 0.2784718 0.1101232 
Perityle_crassifolia_74_playa_balandra     0.2411390 0.2172419 0.3128220 0.3268945 0.2912346 0.2100322 0.2940446 0.2140780 0.3082464 0.2513044 0.2973623 0.3030827 0.3171252 0.3188183 0.2796489 0.3165096 0.3121842 0.2971855 0.3067141 0.2823035 0.3071521 0.2875437 0.2405063 0.3159975 0.2863012 0.3168290 0.2993463 0.2997672 0.2931389 0.2493252 0.0000000 0.2344705 0.2819188 0.2544465 0.3188593 0.2901601 0.2516781 0.2028646 0.2380763 0.3263107 0.2369958 0.3139296 0.2452341 0.3106639 0.2468641 0.2938079 0.3139323 0.3106639 0.3217041 0.2468873 0.2624564 0.3184516 0.2975075 0.2886327 0.3140073 0.2968240 0.2334942 0.2419600 0.3194489 0.3634286 0.3051308 0.1352920 0.2563351 0.2066383 0.3079969 0.2875175 0.3041983 0.2978576 0.3073092 0.4595392 0.3045546 0.3138192 0.2487941 0.3186179 0.3105955 0.3106522 0.1754636 0.2984982 0.2519365 0.3245202 0.3136385 0.2479349 0.3213335 0.2492527 0.1115874 0.1897369 
Perityle_cuneata_34_cuneata_San_antonio    0.1167682 0.0690801 0.2140898 0.2192533 0.2139523 0.0916923 0.1975358 0.3339638 0.2303371 0.0867706 0.2342924 0.2256768 0.2318797 0.2299597 0.1224587 0.2305900 0.2282026 0.4915792 0.1734221 0.1179508 0.2296630 0.1252029 0.1375819 0.2222636 0.2517855 0.2270625 0.2452862 0.2481166 0.2443061 0.0975754 0.2344705 0.0000000 0.1625428 0.1016830 0.2296264 0.1425395 0.1088744 0.2728536 0.1080833 0.2059188 0.3302328 0.2071185 0.1046764 0.2271016 0.1022154 0.2444362 0.2291735 0.2271016 0.2245713 0.1005829 0.1754311 0.2282617 0.2369433 0.2363129 0.1776524 0.1513552 0.1209344 0.1149871 0.2231968 0.2657493 0.2298125 0.1027375 0.1028239 0.0994569 0.2232682 0.2376026 0.2386171 0.2239019 0.2428321 0.2507846 0.2231215 0.2268307 0.1001449 0.2248474 0.2246562 0.2071071 0.2400257 0.1955961 0.1040769 0.2110494 0.2267546 0.1022124 0.2260055 0.1013687 0.2549183 0.0944531 
Perityle_cuneata_4                         0.1263536 0.0933972 0.1692168 0.2885666 0.1321245 0.0606513 0.2414689 0.3831578 0.2402724 0.1519365 0.1913680 0.1856492 0.1976442 0.1929082 0.1285325 0.1951566 0.1896696 0.5263379 0.1543836 0.1116771 0.2107946 0.1208342 0.1634759 0.1901572 0.2320781 0.1929067 0.1680273 0.1622808 0.2002964 0.1762051 0.2819188 0.1625428 0.0000000 0.1632656 0.1948900 0.1664804 0.1791398 0.2894540 0.1260116 0.1766457 0.3270443 0.1740249 0.1735605 0.1953069 0.2229132 0.1987943 0.1937599 0.1917615 0.1930584 0.3014417 0.1819622 0.1941666 0.2090680 0.1682447 0.1476522 0.1331071 0.0931747 0.1046886 0.1921632 0.2516757 0.2019763 0.1212261 0.1703231 0.1015730 0.1974641 0.1997733 0.1688014 0.1921189 0.2112388 0.3466266 0.1870709 0.1892435 0.1800294 0.1933565 0.1880502 0.1706010 0.2754256 0.1615030 0.1733699 0.1698816 0.1864029 0.1236525 0.1905602 0.1649281 0.3079144 0.1250196 
Perityle_discoidea_81                      0.1001472 0.0896262 0.1702999 0.2543773 0.1731753 0.1002924 0.1900409 0.2817203 0.2518090 0.0248429 0.1735104 0.1691831 0.1761150 0.1749419 0.1357607 0.1757872 0.1713981 0.4262972 0.1724631 0.1295818 0.1842996 0.1415011 0.1883540 0.1712128 0.2185339 0.1723068 0.1877532 0.1872898 0.1746642 0.0927763 0.2544465 0.1016830 0.1632656 0.0000000 0.1752012 0.1385913 0.1161119 0.2740396 0.1212964 0.1828790 0.3293255 0.1726209 0.1124567 0.1718555 0.1188072 0.1791487 0.1788176 0.1718555 0.1752389 0.2053783 0.1318825 0.1713313 0.1666272 0.1836991 0.1724453 0.1562061 0.1249824 0.1285887 0.1722413 0.2293757 0.1938672 0.1067903 0.1177698 0.1159865 0.1779949 0.1712890 0.1884171 0.1722314 0.1859461 0.3334159 0.1682843 0.1702747 0.0988346 0.1745128 0.1736945 0.1540854 0.2609892 0.1704628 0.1167336 0.1751359 0.1720308 0.1124035 0.1750641 0.1002857 0.2684609 0.1087153 
Perityle_dissecta_201                      0.1814715 0.0783469 0.0997797 0.3584881 0.0930023 0.0904154 0.2610233 0.4000353 0.2543738 0.1900284 0.1166673 0.0205009 0.0164906 0.0184804 0.0239274 0.0399095 0.0145022 0.5056423 0.0968676 0.0142276 0.0188636 0.0179912 0.0520834 0.0164852 0.1720338 0.0132030 0.1283064 0.1223350 0.1218467 0.1695994 0.3188593 0.2296264 0.1948900 0.1752012 0.0000000 0.1397352 0.1967069 0.2791917 0.0677043 0.0451481 0.3847198 0.0141970 0.1912033 0.0135699 0.2170547 0.0763792 0.0184746 0.0139772 0.0184954 0.2855062 0.0151634 0.0144948 0.1053878 0.1211933 0.0119185 0.0983022 0.0927611 0.0990125 0.0144898 0.0475427 0.1184412 0.0894270 0.2035185 0.1008088 0.0245474 0.1181767 0.1307267 0.1156248 0.1084388 0.2287086 0.0148177 0.0144916 0.1793016 0.0165012 0.0158656 0.0202806 0.2599204 0.1006680 0.1927350 0.0164507 0.0225030 0.0970583 0.0178422 0.2277406 0.3113164 0.1044447 
Perityle_emoryi_47_punta_san_jose          0.1281483 0.0759266 0.1219413 0.2760656 0.1514071 0.0894745 0.2450955 0.2835980 0.2430075 0.1344956 0.1385104 0.1341039 0.1433394 0.1432329 0.1406965 0.1420347 0.1352544 0.4275227 0.1605567 0.1298844 0.1467681 0.1363134 0.1452852 0.1394947 0.2143410 0.1370400 0.1519055 0.1449951 0.1471791 0.1494476 0.2901601 0.1425395 0.1664804 0.1385913 0.1397352 0.0000000 0.1472171 0.2567204 0.1079890 0.1532257 0.3030669 0.1381074 0.1393851 0.1357888 0.1791409 0.1454913 0.1432982 0.1353096 0.1424667 0.2721079 0.1299701 0.1406921 0.1379330 0.1453865 0.1380102 0.1485817 0.1243428 0.1357410 0.1396701 0.1899298 0.1739329 0.0882796 0.1503237 0.0951697 0.1432624 0.1412414 0.1527640 0.1376420 0.1478066 0.3121999 0.1288794 0.1359929 0.1539098 0.1398986 0.1401867 0.1385299 0.2682112 0.1359447 0.1370874 0.1446678 0.1394354 0.1381401 0.1405473 0.1489226 0.3123051 0.0972150 
Perityle_feddemae_99                       0.1308435 0.1023954 0.2139061 0.2694648 0.2207202 0.1183373 0.2132728 0.3667722 0.2631798 0.1107420 0.2338625 0.1884057 0.2010505 0.1980922 0.1114229 0.1941770 0.1957117 0.5243675 0.1865315 0.1053749 0.2206877 0.1137067 0.1263553 0.1945119 0.2118737 0.1947647 0.2396575 0.2458105 0.2050604 0.1182468 0.2516781 0.1088744 0.1791398 0.1161119 0.1967069 0.1472171 0.0000000 0.2883140 0.1070276 0.1782703 0.3244811 0.1774102 0.0111702 0.1928073 0.0269615 0.2116028 0.1981823 0.1928073 0.1984126 0.1207132 0.1576797 0.1965324 0.1964680 0.2329599 0.1495308 0.1675907 0.1451644 0.1428471 0.1955902 0.2668327 0.2558442 0.1070236 0.0884719 0.1323553 0.1966127 0.2017645 0.2436072 0.2327110 0.2582154 0.3024152 0.1930290 0.1936351 0.1280620 0.1968425 0.1960927 0.1737811 0.2677261 0.2072882 0.0722264 0.1782940 0.1901510 0.1336447 0.1974479 0.1253251 0.2898848 0.1052295 
Perityle_fosteri_93                        0.2588103 0.1930695 0.2847752 0.3619948 0.2644497 0.1819404 0.3245062 0.2534591 0.3243291 0.2622750 0.2797851 0.2736670 0.2802601 0.2806180 0.2509037 0.2806046 0.2736683 0.3835958 0.2825091 0.2407433 0.2931010 0.2430237 0.2659232 0.2783558 0.2579370 0.2779456 0.2788725 0.2664210 0.2656014 0.2588776 0.2028646 0.2728536 0.2894540 0.2740396 0.2791917 0.2567204 0.2883140 0.0000000 0.2187719 0.2819894 0.1775354 0.2736694 0.2786778 0.2718543 0.3220863 0.2736777 0.2813675 0.2713456 0.2780391 0.4150896 0.2351344 0.2802999 0.2729999 0.2720123 0.2673366 0.2664716 0.2146033 0.2334911 0.2789734 0.3454392 0.2942094 0.1244350 0.2765302 0.2020514 0.2778240 0.2629913 0.2860381 0.2775234 0.2977226 0.4532777 0.2599981 0.2760995 0.2752513 0.2791897 0.2755302 0.2677894 0.0832096 0.2668397 0.2760161 0.2790264 0.2758089 0.2350452 0.2778933 0.2653486 0.1894165 0.1722762 
Perityle_gamon_221                         0.1123025 0.0746273 0.0959398 0.2606852 0.0830014 0.0825385 0.2022900 0.2301387 0.2302284 0.1128371 0.1011140 0.0642244 0.0668287 0.0710245 0.0729001 0.0673641 0.0634676 0.3388572 0.0909960 0.0608444 0.0601522 0.0660804 0.1049952 0.0651351 0.1972283 0.0593939 0.1100090 0.1126243 0.0935035 0.1166529 0.2380763 0.1080833 0.1260116 0.1212964 0.0677043 0.1079890 0.1070276 0.2187719 0.0000000 0.0735260 0.2741558 0.0635294 0.1031828 0.0623797 0.1528993 0.0181633 0.0668456 0.0617282 0.0659658 0.2479648 0.0576866 0.0651402 0.0703400 0.1034617 0.0633200 0.0800795 0.1011208 0.0987422 0.0625515 0.1027818 0.0992696 0.0957279 0.1084007 0.0969928 0.0677624 0.0929085 0.1128266 0.0981418 0.0800480 0.2725355 0.0662804 0.0642931 0.1327733 0.0626338 0.0627544 0.0625404 0.2337138 0.0955421 0.1037509 0.0678611 0.0617022 0.0963349 0.0650886 0.1288529 0.2403487 0.0869168 
Perityle_gentryi_8_san_francisco           0.1698149 0.0920825 0.1078527 0.3649393 0.0996423 0.0948119 0.2650880 0.3616341 0.2562390 0.1873974 0.1156113 0.0414483 0.0495120 0.0479963 0.0544139 0.0179693 0.0429596 0.4629950 0.1074510 0.0415683 0.0367202 0.0487205 0.0729044 0.0436570 0.1986922 0.0438309 0.1236233 0.1232640 0.1192330 0.1752187 0.3263107 0.2059188 0.1766457 0.1828790 0.0451481 0.1532257 0.1782703 0.2819894 0.0735260 0.0000000 0.3798656 0.0452158 0.1735353 0.0443818 0.2185340 0.0841390 0.0436494 0.0434636 0.0487924 0.2995399 0.0432032 0.0458829 0.1144451 0.1162408 0.0426315 0.1103140 0.1015406 0.1080123 0.0451396 0.0721411 0.1214001 0.0928780 0.1834617 0.1044432 0.0473109 0.1162259 0.1261178 0.1083732 0.0981444 0.2552555 0.0446972 0.0429362 0.1843768 0.0451899 0.0452708 0.0431220 0.2699690 0.1086639 0.1668661 0.0442665 0.0421559 0.1062473 0.0466128 0.2030865 0.3141374 0.1099415 
Perityle_gilensis_22_Superstition          0.2998486 0.2442796 0.3810552 0.3748619 0.3620537 0.2625238 0.3350018 0.3461415 0.3434850 0.3101489 0.3707824 0.3796531 0.3822348 0.3863175 0.3110305 0.3925126 0.3816423 0.5265060 0.3339484 0.2923689 0.4251338 0.2962310 0.3518759 0.3808152 0.2727386 0.3860735 0.3596642 0.3359249 0.3572171 0.3145211 0.2369958 0.3302328 0.3270443 0.3293255 0.3847198 0.3030669 0.3244811 0.1775354 0.2741558 0.3798656 0.0000000 0.3711534 0.3218513 0.3786248 0.3583375 0.3723944 0.3872543 0.3786248 0.3818858 0.4633510 0.3452588 0.3873120 0.3710011 0.3570196 0.3436743 0.3148960 0.2467634 0.2710693 0.3869665 0.4892189 0.3962675 0.1338886 0.3142208 0.2557458 0.3909141 0.3508885 0.3707158 0.3704400 0.4234746 0.5668817 0.3724657 0.3839554 0.3371601 0.3861444 0.3836850 0.3693542 0.1710527 0.3559222 0.3126562 0.3805012 0.3785080 0.2977368 0.3845334 0.3253965 0.2475956 0.1960892 
Perityle_gilensis_salensis_225             0.1726027 0.0756109 0.0968715 0.3558181 0.0940458 0.0878489 0.2511705 0.3697947 0.2463903 0.1846799 0.1081223 0.0176096 0.0169314 0.0176082 0.0214454 0.0381169 0.0128402 0.5005231 0.0970073 0.0119793 0.0186261 0.0157398 0.0520612 0.0148760 0.1655075 0.0128742 0.1175179 0.1142025 0.1141878 0.1647009 0.3139296 0.2071185 0.1740249 0.1726209 0.0141970 0.1381074 0.1774102 0.2736694 0.0635294 0.0452158 0.3711534 0.0000000 0.1727565 0.0139472 0.2152710 0.0747743 0.0176026 0.0136703 0.0176229 0.2864999 0.0129943 0.0135193 0.0926347 0.1103408 0.0112251 0.0938517 0.0889546 0.0979768 0.0135156 0.0501858 0.1147131 0.0882722 0.1870819 0.0955813 0.0238298 0.1104427 0.1199294 0.1065463 0.0999214 0.2275865 0.0138277 0.0128335 0.1746851 0.0155774 0.0149236 0.0186898 0.2566573 0.0997533 0.1740939 0.0164828 0.0196576 0.0935463 0.0155654 0.2080860 0.3080461 0.0964678 
Perityle_glaucescens_94                    0.1236297 0.0968719 0.2092411 0.2636147 0.2161622 0.1128053 0.2108057 0.3633118 0.2589952 0.1074604 0.2261118 0.1829681 0.1955196 0.1925892 0.1055336 0.1895146 0.1902174 0.5112906 0.1794770 0.0998851 0.2156220 0.1080644 0.1224995 0.1890341 0.2066585 0.1892788 0.2336253 0.2374258 0.2022732 0.1161105 0.2452341 0.1046764 0.1735605 0.1124567 0.1912033 0.1393851 0.0111702 0.2786778 0.1031828 0.1735353 0.3218513 0.1727565 0.0000000 0.1871304 0.0166256 0.2077916 0.1926762 0.1871304 0.1928993 0.1127316 0.1534666 0.1919561 0.1926487 0.2269775 0.1459532 0.1610796 0.1363179 0.1360890 0.1901007 0.2600735 0.2519908 0.1024558 0.0820391 0.1233726 0.1911123 0.1971886 0.2375444 0.2256461 0.2494333 0.2986869 0.1875321 0.1881632 0.1224086 0.1911909 0.1904433 0.1683394 0.2626490 0.2001991 0.0675640 0.1727192 0.1847017 0.1256422 0.1919432 0.1204401 0.2803703 0.1052629 
Perityle_gracilis_11                       0.1816400 0.0731383 0.0976586 0.3555638 0.0888095 0.0799883 0.2589171 0.3962008 0.2461894 0.1897277 0.1141346 0.0190697 0.0156136 0.0176807 0.0208588 0.0390215 0.0135831 0.5040052 0.0942659 0.0123856 0.0164786 0.0061440 0.0504530 0.0156259 0.1606329 0.0108198 0.1262295 0.1216664 0.1187332 0.1635426 0.3106639 0.2271016 0.1953069 0.1718555 0.0135699 0.1357888 0.1928073 0.2718543 0.0623797 0.0443818 0.3786248 0.0139472 0.1871304 0.0000000 0.2030039 0.0728798 0.0176750 0.0000010 0.0115116 0.2785585 0.0129089 0.0135593 0.1059029 0.1189814 0.0121920 0.0940023 0.0878494 0.0958874 0.0108280 0.0398988 0.1181134 0.0854641 0.1971675 0.0930159 0.0225379 0.1149580 0.1295179 0.1145928 0.1066490 0.2272996 0.0144052 0.0135729 0.1758660 0.0115068 0.0081175 0.0188140 0.2536713 0.0999698 0.1924613 0.0169895 0.0211306 0.0912913 0.0135732 0.2251576 0.3042755 0.0930740 
