84
Amauria_brandeegeana_62                    0.0000000 0.0728138 0.2037337 0.3714638 0.2060371 0.1377885 0.2983442 0.3295808 0.4639809 0.2507573 0.2018647 0.3261766 0.2358904 0.2609550 0.1305843 0.1879614 0.1583204 0.1444126 0.1771641 0.1569576 0.2533380 0.2261094 0.2672181 0.2689290 0.2427219 0.1731120 0.2164387 0.1617795 0.1743295 0.1737676 0.1550979 0.1831542 0.2540881 0.3158042 0.1455832 0.2240687 0.1749928 0.1832654 0.2214433 0.3647514 0.1773769 0.1813268 0.2185552 0.1756659 0.2143974 0.2791186 0.2489822 0.2424720 0.1767763 0.2650155 0.2638918 0.2657861 0.1832051 0.2596924 0.1956272 0.2464122 0.1306373 0.2416831 0.2378286 0.2353300 0.1311626 0.1876129 0.1489045 0.2817048 0.1629254 0.1613990 0.3421494 0.3207158 0.2418346 0.2656700 0.2586397 0.2163549 0.2270813 0.1820428 0.1306113 0.2708976 0.1771517 0.1700138 0.2691337 0.1644240 0.2356016 0.1529499 0.2051851 0.1437667 
Amauria_carterae_99_mesa                   0.0728138 0.0000000 0.1522557 0.3098004 0.0931526 0.1011685 0.2592308 0.2666179 0.3028253 0.1467025 0.1593768 0.1383658 0.1256799 0.1174817 0.1211745 0.1333722 0.1276211 0.1203917 0.1287846 0.1323496 0.1242693 0.1300086 0.1162343 0.1466060 0.1251970 0.1397195 0.1969566 0.1031912 0.1182118 0.1668409 0.1188977 0.1114967 0.1467228 0.1199559 0.1131713 0.1357615 0.1353996 0.1416493 0.1426362 0.1351626 0.1157439 0.1381683 0.1205663 0.1322074 0.1311743 0.1330909 0.1243782 0.1207996 0.1410113 0.1277377 0.1363762 0.1207046 0.1446050 0.1578959 0.1228919 0.2001408 0.1133700 0.1228964 0.1230138 0.1518441 0.1117436 0.1328015 0.1466144 0.1293414 0.1125480 0.1407557 0.2034497 0.1949713 0.1129766 0.1162343 0.1517843 0.1347647 0.1185844 0.1277660 0.1309039 0.1730829 0.1185386 0.1194605 0.1216200 0.1371518 0.1205663 0.1127675 0.0999864 0.1194545 
Amauria_rotundifolia_SRR9119150            0.2037337 0.1522557 0.0000000 0.3989994 0.2192879 0.2045968 0.3631565 0.3280472 0.4255821 0.2232249 0.1907527 0.3038452 0.2712619 0.2103278 0.1386357 0.2002924 0.1843169 0.1625382 0.1921664 0.1815318 0.2053797 0.2613090 0.2173591 0.2641947 0.2737617 0.1898700 0.2210369 0.2064051 0.2179171 0.1311672 0.2006887 0.2448096 0.2226139 0.2992912 0.2164289 0.2441170 0.1403631 0.1958936 0.2494510 0.3159627 0.1380115 0.2145478 0.2554195 0.2089717 0.2136016 0.2180651 0.2799079 0.2713977 0.2024731 0.2287004 0.2504924 0.2184600 0.1860317 0.2550858 0.1513341 0.1746778 0.1316172 0.2765211 0.2706168 0.2188969 0.1096818 0.2127865 0.1294854 0.2371124 0.2075317 0.1685534 0.3049236 0.2881336 0.2337697 0.2139084 0.2211519 0.2459549 0.2619787 0.1781461 0.1131152 0.2505422 0.2214846 0.1317074 0.2282696 0.1720516 0.2660345 0.2199916 0.2691056 0.1327574 
Conoclinium_coelestinum_SRR9119114         0.3714638 0.3098004 0.3989994 0.0000000 0.3935579 0.2631093 0.1658316 0.3552070 0.4534651 0.3855121 0.3863256 0.3556797 0.3625019 0.3578977 0.3409190 0.4001819 0.3478994 0.3814807 0.3798807 0.3524265 0.4129092 0.3635234 0.3646696 0.3790130 0.3799140 0.3586972 0.3836041 0.3768115 0.3955136 0.2597016 0.3610703 0.3500909 0.4010482 0.3531473 0.3918663 0.3937511 0.3671235 0.4206688 0.4080764 0.4022087 0.3702196 0.3830550 0.3556397 0.3896173 0.4422858 0.3914946 0.3542256 0.3775663 0.3851205 0.3686835 0.3650066 0.3665188 0.3587807 0.3652179 0.3485931 0.3183808 0.3688974 0.3786203 0.3769152 0.2643789 0.2058332 0.4019495 0.3056207 0.3771878 0.3760709 0.3592537 0.4445280 0.4463796 0.3386497 0.3572021 0.3845369 0.3561690 0.3712382 0.3557142 0.2429455 0.3697658 0.3732449 0.3825856 0.3852700 0.3321346 0.3760389 0.4131866 0.3709202 0.3169011 
Eutetras_palmeri_63                        0.2060371 0.0931526 0.2192879 0.3935579 0.0000000 0.0234865 0.4040263 0.3611238 0.4935831 0.2138770 0.2810409 0.3281044 0.3237371 0.3156649 0.1241547 0.2351988 0.1908393 0.1868835 0.2293900 0.2089853 0.3272941 0.3173754 0.3160410 0.3034574 0.3254695 0.2272986 0.2713830 0.2018910 0.2117516 0.1541829 0.2081735 0.3073562 0.2120367 0.3203517 0.2007192 0.2519737 0.2063776 0.1660211 0.2836435 0.3515508 0.1985471 0.2331464 0.3072499 0.2290616 0.2185876 0.3406236 0.3336121 0.3234757 0.2283280 0.3105257 0.2707182 0.3203570 0.2284820 0.2920930 0.1907030 0.2382732 0.1226759 0.3211852 0.3223172 0.2589292 0.0946919 0.2184948 0.1248754 0.2602304 0.2101432 0.2040414 0.3209438 0.3330253 0.2848697 0.3142163 0.2173357 0.3045440 0.2755205 0.1681003 0.1267144 0.2488864 0.2172272 0.1972077 0.3090904 0.1444036 0.3199977 0.2264373 0.2626203 0.1067705 
Eutetras_pringlei_149_quer                 0.1377885 0.1011685 0.2045968 0.2631093 0.0234865 0.0000000 0.2533884 0.2835771 0.2525001 0.1882235 0.2978134 0.1867052 0.1862326 0.1932203 0.1223919 0.2306790 0.1876388 0.1882905 0.1901092 0.1891234 0.2092436 0.2025025 0.1925614 0.2059454 0.1986729 0.2057623 0.3024422 0.1225328 0.1578374 0.1451817 0.2207338 0.1470356 0.1880588 0.1862018 0.1585654 0.1916287 0.2030913 0.1742887 0.2342072 0.1939925 0.1878514 0.1794029 0.1916556 0.1759721 0.2367783 0.2274623 0.1878297 0.1891839 0.1877980 0.1797368 0.1482625 0.1875429 0.2088516 0.2094075 0.1809155 0.2812708 0.1308001 0.1883754 0.1962820 0.1948548 0.1255708 0.1560793 0.1318338 0.1904262 0.1396461 0.2119473 0.3034074 0.3231516 0.1589496 0.1889652 0.1955720 0.2001079 0.2035431 0.2011239 0.1617757 0.2017986 0.1697619 0.1864092 0.1958359 0.1270831 0.1916556 0.1585654 0.1667886 0.1221840 
Eutrochium_fistulosum_SRR9119106           0.2983442 0.2592308 0.3631565 0.1658316 0.4040263 0.2533884 0.0000000 0.3000567 0.4448351 0.3558811 0.3477191 0.3634461 0.3352044 0.3517360 0.2931474 0.3213236 0.3025290 0.3254584 0.3248844 0.2942294 0.3636322 0.3360400 0.3603778 0.3387800 0.3396850 0.2994701 0.3479537 0.3174338 0.3834427 0.2117820 0.3027997 0.2972795 0.3638778 0.3602819 0.3444288 0.3323779 0.3127358 0.3704884 0.3305082 0.3908074 0.3250298 0.3293871 0.3294262 0.3312629 0.3705314 0.3703284 0.3183043 0.3375004 0.3278779 0.3509674 0.3237316 0.3558439 0.3053819 0.3186839 0.3269079 0.2686104 0.2990398 0.3332689 0.3340861 0.2175061 0.1631254 0.3550013 0.2447666 0.3666527 0.3217272 0.3030986 0.4039346 0.3985075 0.3050349 0.3531368 0.3447935 0.3158929 0.3326435 0.2966998 0.2215893 0.3500996 0.3282819 0.3302293 0.3584708 0.2827311 0.3333853 0.3528151 0.3256104 0.2519618 
Galeana_pratensis_104_mex                  0.3295808 0.2666179 0.3280472 0.3552070 0.3611238 0.2835771 0.3000567 0.0000000 0.3524976 0.2940276 0.3214040 0.3528044 0.3274358 0.3162901 0.2748401 0.3312619 0.2934830 0.2906794 0.2978076 0.2858402 0.3190201 0.3023015 0.3229993 0.3097725 0.3322984 0.3061120 0.3308953 0.3466820 0.3033118 0.2145659 0.2744163 0.3226526 0.3194390 0.3155579 0.3150965 0.3598000 0.3173400 0.2787960 0.3596687 0.3377730 0.3234735 0.3567974 0.3049573 0.3349748 0.3577749 0.3532187 0.3064599 0.3236124 0.3529760 0.3162696 0.2681500 0.3118445 0.3100053 0.3100962 0.2962761 0.2717515 0.2745443 0.3220233 0.3259185 0.2459350 0.1721486 0.3246310 0.2555882 0.3321969 0.3555810 0.2904821 0.3138493 0.3218829 0.3243053 0.3151484 0.3081274 0.2959296 0.3114434 0.2844114 0.2042295 0.3269063 0.2987102 0.3137408 0.3254645 0.2197597 0.3270702 0.3323261 0.3210608 0.2555413 
Helianthus_annuus_SRR9119062               0.4639809 0.3028253 0.4255821 0.4534651 0.4935831 0.2525001 0.4448351 0.3524976 0.0000000 0.4152166 0.4577782 0.5487455 0.5240716 0.5037876 0.3930615 0.5115280 0.4483935 0.4376301 0.4522430 0.4608793 0.5092452 0.5065432 0.4890129 0.4760669 0.5190758 0.4514689 0.4897419 0.4772669 0.4489378 0.2347645 0.4398101 0.4836694 0.4405198 0.5354377 0.4389542 0.5087237 0.4469944 0.4320028 0.5364060 0.5358204 0.4502493 0.4829113 0.5090939 0.4777917 0.4671548 0.4905284 0.4952653 0.5115527 0.4818335 0.4912464 0.4668449 0.4918116 0.4579693 0.4568465 0.4536453 0.3695348 0.3983786 0.5189001 0.5165144 0.3698398 0.1733055 0.4384199 0.3066949 0.5173118 0.4795551 0.4275607 0.4711464 0.4989512 0.4659281 0.4899071 0.4116265 0.4676215 0.4834738 0.4392402 0.2749507 0.4652280 0.4369977 0.4616124 0.4955269 0.3422797 0.5171381 0.4583479 0.4513685 0.2917229 
Lycapsus_tenuifolius_17                    0.2507573 0.1467025 0.2232249 0.3855121 0.2138770 0.1882235 0.3558811 0.2940276 0.4152166 0.0000000 0.2512453 0.2830686 0.2554982 0.2387636 0.1142163 0.2169757 0.1487346 0.1284334 0.1712154 0.1986029 0.2394669 0.2604977 0.2453016 0.2275784 0.2672733 0.2207151 0.2184940 0.2307295 0.1930756 0.0550463 0.1636780 0.2612825 0.0058155 0.2819211 0.1878529 0.2627636 0.1787001 0.1636446 0.2287226 0.2945343 0.1827218 0.2233527 0.2634142 0.1935262 0.2213379 0.2763936 0.2766505 0.2603251 0.2336682 0.2310809 0.2139158 0.2435716 0.2052464 0.2350286 0.1599672 0.1977302 0.1126230 0.2675891 0.2639647 0.2019982 0.1156080 0.2042463 0.1118284 0.2364155 0.2392731 0.1664764 0.3037368 0.3164791 0.2279574 0.2455176 0.0265977 0.2117736 0.2098604 0.1496784 0.1133991 0.2392093 0.2026103 0.1584823 0.2500044 0.1581916 0.2548842 0.2456871 0.2114761 0.1262512 
Pericome_caudata_50_silver                 0.2018647 0.1593768 0.1907527 0.3863256 0.2810409 0.2978134 0.3477191 0.3214040 0.4577782 0.2512453 0.0000000 0.3239830 0.2483553 0.2415495 0.1480949 0.2056306 0.2015958 0.1853348 0.2127585 0.1961164 0.2265002 0.2363229 0.2526714 0.1926483 0.2577045 0.2124245 0.2121470 0.2277014 0.2568793 0.1717432 0.1819306 0.2395969 0.2464452 0.3284555 0.2349576 0.2487578 0.1757520 0.1339074 0.2611668 0.3332720 0.1782635 0.2238872 0.2333829 0.2220226 0.2175296 0.2450774 0.2613544 0.2594445 0.2144336 0.2440145 0.2095927 0.2477330 0.2136347 0.1842268 0.2039302 0.1968163 0.1516758 0.2568877 0.2509570 0.2884335 0.1469329 0.2509448 0.1236017 0.2758590 0.2350173 0.2068562 0.2981519 0.3296136 0.2512181 0.2509835 0.2488913 0.2387684 0.2408531 0.1879729 0.1027509 0.2886151 0.2215086 0.1730293 0.2538129 0.1223147 0.2529531 0.2383026 0.2782745 0.1254034 
Perityle_aglossa_84_dead_horse             0.3261766 0.1383658 0.3038452 0.3556797 0.3281044 0.1867052 0.3634461 0.3528044 0.5487455 0.2830686 0.3239830 0.0000000 0.1615040 0.1759250 0.1726960 0.3018043 0.1960721 0.2424381 0.2884771 0.2554082 0.2332315 0.1830015 0.1742426 0.1450982 0.1811878 0.2980934 0.2854564 0.2980196 0.3077201 0.1303460 0.2578873 0.3382575 0.2992065 0.0575982 0.2800780 0.3748289 0.2696022 0.2372144 0.3047549 0.1957770 0.2651040 0.3357130 0.1764031 0.3105883 0.3223485 0.1876552 0.1805143 0.1744047 0.3382888 0.1544408 0.1159124 0.1821074 0.2931065 0.1541515 0.2406157 0.1668785 0.1381055 0.1800603 0.1798523 0.2346946 0.0928430 0.2748696 0.1028769 0.1063378 0.3031401 0.2456953 0.4132102 0.4212419 0.1396615 0.1745985 0.3032671 0.1749014 0.0936258 0.1978219 0.0675629 0.3433474 0.2998562 0.2387048 0.1657981 0.1800163 0.1678622 0.3341046 0.2779657 0.1184615 
Perityle_ajoensis_204                      0.2358904 0.1256799 0.2712619 0.3625019 0.3237371 0.1862326 0.3352044 0.3274358 0.5240716 0.2554982 0.2483553 0.1615040 0.0000000 0.1127376 0.2093656 0.1935234 0.1614043 0.2216051 0.2735624 0.1569586 0.1999311 0.0148643 0.1250071 0.0835706 0.0263649 0.1779195 0.2159285 0.2335754 0.2800595 0.1301580 0.1987122 0.2278509 0.2809929 0.1596042 0.2559909 0.3056466 0.2469994 0.2411360 0.1924311 0.1817526 0.2434236 0.2757879 0.0086314 0.2749800 0.2811838 0.1369744 0.0061018 0.0083264 0.2617377 0.1083936 0.0694792 0.1243720 0.1875538 0.1033462 0.2536159 0.1618096 0.1546024 0.0106908 0.0106691 0.1972585 0.1030749 0.2244863 0.1093818 0.2269949 0.2387367 0.1935223 0.3795255 0.3725480 0.0896946 0.1252548 0.2823986 0.0350890 0.0153517 0.2126019 0.0304384 0.2960842 0.2081548 0.2320978 0.1298924 0.1875065 0.0094793 0.2641899 0.2312706 0.1175007 
Perityle_ambrosiifolia_67_green            0.2609550 0.1174817 0.2103278 0.3578977 0.3156649 0.1932203 0.3517360 0.3162901 0.5037876 0.2387636 0.2415495 0.1759250 0.1127376 0.0000000 0.2027693 0.2578482 0.2196687 0.2507532 0.2850363 0.2153592 0.1172566 0.1289139 0.0314085 0.0707996 0.1297307 0.2500474 0.2589630 0.2515172 0.2897732 0.1185186 0.2591097 0.2576485 0.2639610 0.1715294 0.2898698 0.3408515 0.1548775 0.2331029 0.2563859 0.1445738 0.1525489 0.3046954 0.1284459 0.3127978 0.2516303 0.0664659 0.1269515 0.1199321 0.2825981 0.0516470 0.0478516 0.0421356 0.2473792 0.0775270 0.2124937 0.1596073 0.1572097 0.1241962 0.1269421 0.2107584 0.0986235 0.2538084 0.0956399 0.2395815 0.2488060 0.2249369 0.3616311 0.3554599 0.0796085 0.0314310 0.2694597 0.1413937 0.0939685 0.1992103 0.0514902 0.2936856 0.2628966 0.1584592 0.0590613 0.1857249 0.1209634 0.2791375 0.2726354 0.1136834 
Perityle_angustifolia_13_Eagle_creek       0.1305843 0.1211745 0.1386357 0.3409190 0.1241547 0.1223919 0.2931474 0.2748401 0.3930615 0.1142163 0.1480949 0.1726960 0.2093656 0.2027693 0.0000000 0.0900537 0.0815223 0.1048538 0.1223038 0.0309126 0.2062163 0.1908021 0.2174365 0.2343089 0.2109021 0.0884148 0.1287359 0.1209808 0.1446195 0.1236040 0.1148313 0.2234606 0.1255282 0.1677924 0.1451574 0.1503191 0.0541995 0.1427758 0.1301074 0.2191203 0.0653617 0.1530672 0.1849060 0.1521812 0.1588858 0.2100797 0.2142919 0.2138183 0.1407801 0.2067831 0.2227921 0.2029762 0.0882640 0.2261590 0.1342086 0.1369741 0.0594220 0.2112559 0.2090261 0.1078631 0.0966472 0.1354188 0.0869111 0.1212550 0.1206411 0.0883209 0.1746220 0.1913285 0.1979070 0.2134255 0.1272641 0.1411708 0.2091657 0.0641706 0.0761101 0.1364302 0.1420182 0.0823444 0.2102736 0.1464526 0.2048030 0.1552526 0.2323213 0.1357689 
Perityle_batopilensis_97                   0.1879614 0.1333722 0.2002924 0.4001819 0.2351988 0.2306790 0.3213236 0.3312619 0.5115280 0.2169757 0.2056306 0.3018043 0.1935234 0.2578482 0.0900537 0.0000000 0.0896514 0.1397327 0.1933840 0.0841738 0.2551432 0.1919976 0.2700189 0.2349409 0.2050061 0.1002454 0.1344424 0.2003381 0.1971609 0.1522328 0.1568162 0.2558713 0.2246199 0.3074209 0.1683922 0.2532784 0.1445156 0.1515121 0.0503041 0.3421960 0.1491700 0.2117897 0.1867051 0.2085813 0.2007380 0.2656842 0.2091532 0.2055972 0.2048371 0.2547377 0.2372536 0.2649594 0.0877653 0.2298660 0.1960275 0.1748673 0.0701586 0.2035377 0.1999992 0.1935407 0.1140054 0.1926241 0.1050665 0.2250227 0.1950910 0.0847050 0.3252351 0.3286542 0.2449811 0.2683659 0.2247662 0.1706291 0.2141862 0.0996093 0.0755810 0.2642422 0.1461052 0.1104339 0.2598445 0.1561166 0.1946644 0.2019201 0.2387165 0.1333662 
Perityle_bisetosa_9                        0.1583204 0.1276211 0.1843169 0.3478994 0.1908393 0.1876388 0.3025290 0.2934830 0.4483935 0.1487346 0.2015958 0.1960721 0.1614043 0.2196687 0.0815223 0.0896514 0.0000000 0.1239766 0.1685276 0.0565302 0.2165141 0.1460252 0.2325964 0.2105105 0.1614021 0.0841400 0.1358279 0.1488602 0.1724358 0.1216754 0.1289004 0.2012236 0.1666440 0.1961752 0.1442475 0.1751497 0.1178854 0.1448778 0.1315781 0.2426455 0.1199961 0.1724089 0.1428383 0.1766980 0.1703667 0.2252646 0.1691875 0.1668036 0.1519815 0.2079371 0.2033648 0.2209929 0.0854466 0.2130428 0.1728206 0.1527624 0.0824844 0.1677735 0.1642427 0.1357849 0.0934116 0.1482165 0.0993808 0.1403200 0.1552248 0.0852340 0.2598006 0.2668392 0.1843440 0.2291174 0.1649203 0.1061403 0.1705625 0.0799872 0.0594066 0.1824064 0.1238832 0.0934495 0.2231842 0.1485946 0.1612098 0.1557543 0.2030249 0.1224630 
Perityle_californica_76_positas            0.1444126 0.1203917 0.1625382 0.3814807 0.1868835 0.1882905 0.3254584 0.2906794 0.4376301 0.1284334 0.1853348 0.2424381 0.2216051 0.2507532 0.1048538 0.1397327 0.1239766 0.0000000 0.1656496 0.1088714 0.2340396 0.1922995 0.2560949 0.2513069 0.2218460 0.1294290 0.1554436 0.1506052 0.1814860 0.1243129 0.1179160 0.2137708 0.1431656 0.2340394 0.1541383 0.1570551 0.1354687 0.1544903 0.1782426 0.2976582 0.1289083 0.1481666 0.1888768 0.1584870 0.1920969 0.2629945 0.2207892 0.2214934 0.1422605 0.2496238 0.2538382 0.2485339 0.1360630 0.2352733 0.1601688 0.1757602 0.0830109 0.2226308 0.2206036 0.1590090 0.1060815 0.1476154 0.1040398 0.1879055 0.1605686 0.1210135 0.2478536 0.2322190 0.2281053 0.2524559 0.1504030 0.1563467 0.2184019 0.1273284 0.0846524 0.1678072 0.1500571 0.1314489 0.2540705 0.1267389 0.2185764 0.1629979 0.1712759 0.1061766 
Perityle_canescens_77                      0.1771641 0.1287846 0.1921664 0.3798807 0.2293900 0.1901092 0.3248844 0.2978076 0.4522430 0.1712154 0.2127585 0.2884771 0.2735624 0.2850363 0.1223038 0.1933840 0.1685276 0.1656496 0.0000000 0.1584921 0.2861868 0.2597649 0.2775437 0.2802321 0.2743396 0.1850459 0.2081572 0.1543825 0.1828921 0.1542110 0.1790740 0.2475402 0.1744928 0.2855645 0.1789053 0.1630197 0.1688255 0.1460401 0.2401498 0.3198769 0.1642925 0.1569521 0.2541227 0.1575272 0.1869779 0.2949030 0.2803043 0.2720172 0.1523969 0.2776025 0.2648919 0.2753476 0.1842473 0.2728660 0.1604991 0.2053924 0.1282421 0.2768258 0.2723269 0.1561441 0.0689065 0.2081739 0.1339603 0.2328710 0.1608817 0.1771099 0.2882946 0.2597268 0.2512215 0.2777725 0.1818552 0.2289889 0.2335359 0.1453660 0.1206875 0.2207522 0.1505921 0.1651387 0.2791403 0.1300178 0.2689270 0.1909270 0.2284054 0.0780762 
Perityle_castillonii_96                    0.1569576 0.1323496 0.1815318 0.3524265 0.2089853 0.1891234 0.2942294 0.2858402 0.4608793 0.1986029 0.1961164 0.2554082 0.1569586 0.2153592 0.0309126 0.0841738 0.0565302 0.1088714 0.1584921 0.0000000 0.2423769 0.1656242 0.2223075 0.2138520 0.1621814 0.0651899 0.1257813 0.1639651 0.1661200 0.1341041 0.1248498 0.2171473 0.1925897 0.2681035 0.1376921 0.2235679 0.1046939 0.1447446 0.1151766 0.2873233 0.1036047 0.1880575 0.1620116 0.1833109 0.1891252 0.2338267 0.1656423 0.1644068 0.1961198 0.2156558 0.1962253 0.2222429 0.0708095 0.2131042 0.1675297 0.1684845 0.0663428 0.1635788 0.1623258 0.1741730 0.0970928 0.1684453 0.0944134 0.2067861 0.1671560 0.0728327 0.2919066 0.3001371 0.1950680 0.2189695 0.1907558 0.1424146 0.1640404 0.0780794 0.0819601 0.2359145 0.1263007 0.1042475 0.2204124 0.1522132 0.1577267 0.1551819 0.1850190 0.1379483 
Perityle_cernua_84                         0.2533380 0.1242693 0.2053797 0.4129092 0.3272941 0.2092436 0.3636322 0.3190201 0.5092452 0.2394669 0.2265002 0.2332315 0.1999311 0.1172566 0.2062163 0.2551432 0.2165141 0.2340396 0.2861868 0.2423769 0.0000000 0.1959137 0.1213953 0.1598052 0.1988840 0.2583830 0.2848167 0.2376224 0.3156383 0.1330539 0.2442737 0.2856595 0.2625299 0.2332280 0.3078197 0.3261654 0.1579237 0.2723646 0.2637050 0.1999567 0.1479721 0.3021144 0.1971080 0.3113664 0.2619323 0.1237207 0.2021786 0.1926541 0.2930282 0.1177803 0.1296245 0.1116684 0.2549056 0.1807625 0.2057931 0.1636430 0.1780546 0.2005235 0.1975306 0.2050173 0.0977605 0.2675502 0.0853521 0.2337203 0.2412315 0.2465016 0.3440701 0.3339395 0.1386886 0.1197138 0.2687001 0.1823153 0.1965832 0.2160363 0.0541565 0.2926652 0.2611305 0.1627385 0.1202132 0.1836782 0.1970855 0.2885164 0.2735642 0.1131689 
Perityle_cfvillosa_25_tin                  0.2261094 0.1300086 0.2613090 0.3635234 0.3173754 0.2025025 0.3360400 0.3023015 0.5065432 0.2604977 0.2363229 0.1830015 0.0148643 0.1289139 0.1908021 0.1919976 0.1460252 0.1922995 0.2597649 0.1656242 0.1959137 0.0000000 0.1400681 0.1035288 0.0256186 0.1668038 0.1973782 0.2306495 0.2748922 0.1239729 0.1974799 0.2415208 0.2706395 0.1745933 0.2455474 0.3080746 0.2368272 0.2398978 0.1926181 0.1949225 0.2375428 0.2577904 0.0108742 0.2561622 0.2764323 0.1538777 0.0124329 0.0109204 0.2702044 0.1215329 0.0847001 0.1396857 0.1703801 0.1124763 0.2428107 0.1581980 0.1495200 0.0133425 0.0133286 0.1945436 0.1023103 0.2255288 0.1036678 0.2331951 0.2381700 0.1809222 0.3718523 0.3708639 0.0975704 0.1434186 0.2706051 0.0295014 0.0189010 0.2081431 0.0277957 0.2969570 0.2045235 0.2139816 0.1497608 0.1848041 0.0109772 0.2565197 0.2144940 0.1191069 
Perityle_coahuilensis_24                   0.2672181 0.1162343 0.2173591 0.3646696 0.3160410 0.1925614 0.3603778 0.3229993 0.4890129 0.2453016 0.2526714 0.1742426 0.1250071 0.0314085 0.2174365 0.2700189 0.2325964 0.2560949 0.2775437 0.2223075 0.1213953 0.1400681 0.0000000 0.0857025 0.1395709 0.2606625 0.2800865 0.2512227 0.2849468 0.1270148 0.2665333 0.2627862 0.2757720 0.1713642 0.2845076 0.3386932 0.1578743 0.2280959 0.2647098 0.1483184 0.1409241 0.2996176 0.1380860 0.3087934 0.2516260 0.0720704 0.1386544 0.1298865 0.2719909 0.0604716 0.0608543 0.0466633 0.2599420 0.0896058 0.2118351 0.1616881 0.1558355 0.1340401 0.1367915 0.2147976 0.0971161 0.2465218 0.0964502 0.2375705 0.2522545 0.2327352 0.3637033 0.3494969 0.0888411 0.0048746 0.2864335 0.1570530 0.1042933 0.2012768 0.0622637 0.2889800 0.2551032 0.1671793 0.0596170 0.1853277 0.1294260 0.2782405 0.2776184 0.1046469 
Perityle_cochisensis_44_cave_creek         0.2689290 0.1466060 0.2641947 0.3790130 0.3034574 0.2059454 0.3387800 0.3097725 0.4760669 0.2275784 0.1926483 0.1450982 0.0835706 0.0707996 0.2343089 0.2349409 0.2105105 0.2513069 0.2802321 0.2138520 0.1598052 0.1035288 0.0857025 0.0000000 0.0996457 0.2364517 0.2314813 0.2503689 0.3107375 0.1380175 0.2479930 0.2718773 0.2587667 0.1469751 0.3095872 0.3377734 0.2152699 0.2421454 0.2318032 0.1145725 0.2025578 0.3016910 0.0946502 0.3119528 0.2493187 0.0809180 0.1002414 0.0962996 0.2887437 0.0734148 0.0638135 0.0727659 0.2421323 0.0492489 0.2594567 0.1197474 0.1869439 0.0980020 0.0978613 0.1825712 0.1476798 0.2424960 0.1261790 0.2231684 0.2501490 0.2287674 0.2704215 0.2772453 0.0961862 0.0857803 0.2639050 0.1093660 0.0836517 0.2091869 0.0516421 0.2772162 0.2639894 0.2135942 0.0759584 0.2035987 0.0939884 0.2945396 0.2732001 0.1489386 
Perityle_congesta_202                      0.2427219 0.1251970 0.2737617 0.3799140 0.3254695 0.1986729 0.3396850 0.3322984 0.5190758 0.2672733 0.2577045 0.1811878 0.0263649 0.1297307 0.2109021 0.2050061 0.1614021 0.2218460 0.2743396 0.1621814 0.1988840 0.0256186 0.1395709 0.0996457 0.0000000 0.1904159 0.2196045 0.2469613 0.2750377 0.1313093 0.2102613 0.2420218 0.2970265 0.1817913 0.2499281 0.3243545 0.2441832 0.2396557 0.2000769 0.1919739 0.2465960 0.2833879 0.0218654 0.2788915 0.2929680 0.1485067 0.0263864 0.0256645 0.2740931 0.1253547 0.0907415 0.1360612 0.1914674 0.1179737 0.2460844 0.1626242 0.1576198 0.0279884 0.0267727 0.1912147 0.0987974 0.2269959 0.1059050 0.2446418 0.2518260 0.1923572 0.3983137 0.3860748 0.0989601 0.1427480 0.2974109 0.0404544 0.0337100 0.2063134 0.0485264 0.3055168 0.2192578 0.2273498 0.1430411 0.1758105 0.0246242 0.2674529 0.2368664 0.1135103 
Perityle_cordifolia_27                     0.1731120 0.1397195 0.1898700 0.3586972 0.2272986 0.2057623 0.2994701 0.3061120 0.4514689 0.2207151 0.2124245 0.2980934 0.1779195 0.2500474 0.0884148 0.1002454 0.0841400 0.1294290 0.1850459 0.0651899 0.2583830 0.1668038 0.2606625 0.2364517 0.1904159 0.0000000 0.1520854 0.1898498 0.1832372 0.1424103 0.1430557 0.1873074 0.2238674 0.3006986 0.1594531 0.2289667 0.1525689 0.1337254 0.1468694 0.3433466 0.1541621 0.1952045 0.1613738 0.1870979 0.1821444 0.2710271 0.1879727 0.1882823 0.1820451 0.2559410 0.2373569 0.2643879 0.0187643 0.2217721 0.1973059 0.1962252 0.0960753 0.1832458 0.1844652 0.1929952 0.1059077 0.1864351 0.0696291 0.2063527 0.1929792 0.0112820 0.3373660 0.3213419 0.2464370 0.2589370 0.2275436 0.1495017 0.1950099 0.1064157 0.0991167 0.2650958 0.1377756 0.1408537 0.2652106 0.1641099 0.1784661 0.1829346 0.2247774 0.1453773 
Perityle_cordifolia_68_tecolote            0.2164387 0.1969566 0.2210369 0.3836041 0.2713830 0.3024422 0.3479537 0.3308953 0.4897419 0.2184940 0.2121470 0.2854564 0.2159285 0.2589630 0.1287359 0.1344424 0.1358279 0.1554436 0.2081572 0.1257813 0.2848167 0.1973782 0.2800865 0.2314813 0.2196045 0.1520854 0.0000000 0.2047898 0.2348471 0.1890601 0.1552170 0.2523827 0.2197230 0.2809561 0.2112949 0.2064865 0.1821463 0.1708521 0.1831484 0.3271120 0.1886617 0.2122492 0.1934499 0.2039842 0.2470248 0.2791823 0.2216346 0.2121453 0.1933825 0.2773947 0.2427774 0.2763241 0.1542420 0.2235240 0.2358507 0.1043605 0.1417676 0.2136272 0.2133541 0.2375039 0.1886421 0.2293376 0.1484054 0.2320423 0.2078704 0.1466093 0.2985702 0.3157075 0.2505952 0.2782418 0.2271713 0.1680593 0.2325570 0.1568114 0.0921423 0.2522366 0.1847856 0.1740644 0.2911419 0.1598540 0.2130588 0.2274822 0.2698089 0.1530975 
Perityle_coronopifolia_28_patagonia        0.1617795 0.1031912 0.2064051 0.3768115 0.2018910 0.1225328 0.3174338 0.3466820 0.4772669 0.2307295 0.2277014 0.2980196 0.2335754 0.2515172 0.1209808 0.2003381 0.1488602 0.1506052 0.1543825 0.1639651 0.2376224 0.2306495 0.2512227 0.2503689 0.2469613 0.1898498 0.2047898 0.0000000 0.1528505 0.1520008 0.1749893 0.2048648 0.2351963 0.3027114 0.1399637 0.1759718 0.1700754 0.1565640 0.2373488 0.3381355 0.1760872 0.1514351 0.2232991 0.1421526 0.2038299 0.2637220 0.2565628 0.2481189 0.1335360 0.2528641 0.2433238 0.2493354 0.1957936 0.2453417 0.1754974 0.1982919 0.1091409 0.2524567 0.2488490 0.1992924 0.0942648 0.1375242 0.1352149 0.2684452 0.0165766 0.1582670 0.3558567 0.3345489 0.2471052 0.2496989 0.2434101 0.2042288 0.2006899 0.1471044 0.1158038 0.2835303 0.1843322 0.1666893 0.2550657 0.1478458 0.2396247 0.1673880 0.2065469 0.1225652 
Perityle_crassifolia_70_ventanas           0.1743295 0.1182118 0.2179171 0.3955136 0.2117516 0.1578374 0.3834427 0.3033118 0.4489378 0.1930756 0.2568793 0.3077201 0.2800595 0.2897732 0.1446195 0.1971609 0.1724358 0.1814860 0.1828921 0.1661200 0.3156383 0.2748922 0.2849468 0.3107375 0.2750377 0.1832372 0.2348471 0.1528505 0.0000000 0.1779460 0.1859408 0.2193686 0.1990252 0.3149476 0.0392441 0.2006251 0.1901800 0.1823272 0.2196857 0.3430111 0.1795184 0.1941719 0.2749543 0.1969734 0.2188462 0.3077698 0.2787245 0.2763908 0.1934967 0.2956892 0.2823686 0.2902842 0.1902053 0.3093471 0.1971194 0.2274048 0.1454059 0.2812818 0.2771690 0.1990777 0.1201156 0.1823306 0.1463687 0.2606829 0.1614899 0.1974431 0.3261844 0.2854798 0.2685363 0.2851904 0.2022078 0.2328583 0.2459916 0.1666910 0.1484505 0.2354066 0.1842074 0.1758785 0.2975344 0.1712189 0.2748693 0.0413688 0.2189082 0.1416527 
Perityle_crassifolia_74_playa_balandra     0.1737676 0.1668409 0.1311672 0.2597016 0.1541829 0.1451817 0.2117820 0.2145659 0.2347645 0.0550463 0.1717432 0.1303460 0.1301580 0.1185186 0.1236040 0.1522328 0.1216754 0.1243129 0.1542110 0.1341041 0.1330539 0.1239729 0.1270148 0.1380175 0.1313093 0.1424103 0.1890601 0.1520008 0.1779460 0.0000000 0.1265131 0.1519302 0.0550553 0.1162114 0.1785618 0.1638649 0.1183632 0.1995218 0.1527557 0.1272940 0.1162491 0.1630940 0.1239912 0.1554938 0.1660028 0.1486564 0.1160062 0.1197405 0.1607209 0.1240826 0.1302409 0.1218815 0.1433526 0.1425966 0.1490410 0.1828580 0.1286043 0.1316548 0.1295279 0.1312996 0.1193706 0.1637349 0.1273115 0.1282311 0.1600428 0.1473548 0.2100179 0.2284612 0.1145588 0.1245681 0.0347455 0.1193699 0.1344928 0.1227688 0.1285331 0.1542579 0.1427857 0.1223935 0.1333642 0.1621183 0.1265726 0.1785618 0.1670383 0.1511208 
Perityle_cuneata_34_cuneata_San_antonio    0.1550979 0.1188977 0.2006887 0.3610703 0.2081735 0.2207338 0.3027997 0.2744163 0.4398101 0.1636780 0.1819306 0.2578873 0.1987122 0.2591097 0.1148313 0.1568162 0.1289004 0.1179160 0.1790740 0.1248498 0.2442737 0.1974799 0.2665333 0.2479930 0.2102613 0.1430557 0.1552170 0.1749893 0.1859408 0.1265131 0.0000000 0.2321348 0.1743103 0.2494833 0.1638187 0.2007030 0.1674321 0.1735986 0.1862833 0.2901467 0.1760374 0.1867089 0.1918396 0.1767585 0.2065904 0.2801393 0.2155955 0.2152527 0.1798464 0.2630120 0.2435434 0.2633768 0.1349830 0.2359503 0.1882537 0.1793640 0.1099043 0.2164196 0.2161414 0.1644399 0.1063777 0.1720584 0.1214633 0.2248020 0.1797992 0.1295619 0.2626463 0.2701917 0.2294461 0.2629700 0.1724999 0.1468020 0.1903891 0.1465465 0.0985480 0.2070712 0.1782748 0.1560436 0.2686569 0.1595822 0.2058567 0.1888564 0.2080012 0.1131997 
Perityle_cuneata_4                         0.1831542 0.1114967 0.2448096 0.3500909 0.3073562 0.1470356 0.2972795 0.3226526 0.4836694 0.2612825 0.2395969 0.3382575 0.2278509 0.2576485 0.2234606 0.2558713 0.2012236 0.2137708 0.2475402 0.2171473 0.2856595 0.2415208 0.2627862 0.2718773 0.2420218 0.1873074 0.2523827 0.2048648 0.2193686 0.1519302 0.2321348 0.0000000 0.2759218 0.3437197 0.1904392 0.3100738 0.2372979 0.2717930 0.2770846 0.3744340 0.2399550 0.2611771 0.2321022 0.2678653 0.2755847 0.2661180 0.2415319 0.2343580 0.2679225 0.2588019 0.2694682 0.2589782 0.1992387 0.2736192 0.2668980 0.2248561 0.2153169 0.2385069 0.2355350 0.2156936 0.1132717 0.2343628 0.1449309 0.3357565 0.2148102 0.1910866 0.3951730 0.3671583 0.2385697 0.2611409 0.2693880 0.2439787 0.2291429 0.2499576 0.1311559 0.3353393 0.2301358 0.2347305 0.2593706 0.2391362 0.2326776 0.1726469 0.2097212 0.1585935 
Perityle_discoidea_81                      0.2540881 0.1467228 0.2226139 0.4010482 0.2120367 0.1880588 0.3638778 0.3194390 0.4405198 0.0058155 0.2464452 0.2992065 0.2809929 0.2639610 0.1255282 0.2246199 0.1666440 0.1431656 0.1744928 0.1925897 0.2625299 0.2706395 0.2757720 0.2587667 0.2970265 0.2238674 0.2197230 0.2351963 0.1990252 0.0550553 0.1743103 0.2759218 0.0000000 0.2878668 0.1979909 0.2548211 0.1827474 0.1582524 0.2602503 0.3227724 0.1932290 0.2364447 0.2734206 0.1968698 0.2325555 0.3015876 0.3066277 0.2925927 0.2321882 0.2623821 0.2513407 0.2724626 0.2142329 0.2601074 0.1674632 0.1997008 0.1134725 0.2962828 0.2916239 0.2043596 0.1156302 0.2017176 0.1118451 0.2405177 0.2402404 0.1736862 0.3026251 0.3050810 0.2702342 0.2739708 0.0209567 0.2096362 0.2377525 0.1645513 0.1163511 0.2388600 0.2169687 0.1714982 0.2859174 0.1551977 0.2834222 0.2616418 0.2817084 0.1262705 
Perityle_dissecta_201                      0.3158042 0.1199559 0.2992912 0.3531473 0.3203517 0.1862018 0.3602819 0.3155579 0.5354377 0.2819211 0.3284555 0.0575982 0.1596042 0.1715294 0.1677924 0.3074209 0.1961752 0.2340394 0.2855645 0.2681035 0.2332280 0.1745933 0.1713642 0.1469751 0.1817913 0.3006986 0.2809561 0.3027114 0.3149476 0.1162114 0.2494833 0.3437197 0.2878668 0.0000000 0.2844885 0.3587529 0.2632465 0.2329270 0.3069000 0.1880397 0.2697369 0.3206604 0.1696359 0.2936998 0.3165189 0.1817655 0.1779947 0.1702761 0.3303550 0.1381779 0.1012631 0.1728543 0.2942504 0.1391608 0.2437304 0.1559106 0.1402277 0.1758075 0.1753959 0.2241387 0.0869455 0.2801951 0.0965235 0.1045060 0.3079721 0.2401249 0.3770545 0.4082717 0.1361242 0.1717198 0.2939504 0.1627385 0.0892674 0.2085416 0.0486374 0.3285104 0.3083580 0.2340606 0.1667537 0.1807413 0.1620538 0.3487871 0.2813847 0.1093143 
Perityle_emoryi_47_punta_san_jose          0.1455832 0.1131713 0.2164289 0.3918663 0.2007192 0.1585654 0.3444288 0.3150965 0.4389542 0.1878529 0.2349576 0.2800780 0.2559909 0.2898698 0.1451574 0.1683922 0.1442475 0.1541383 0.1789053 0.1376921 0.3078197 0.2455474 0.2845076 0.3095872 0.2499281 0.1594531 0.2112949 0.1399637 0.0392441 0.1785618 0.1638187 0.1904392 0.1979909 0.2844885 0.0000000 0.1906986 0.1822275 0.1755023 0.1918516 0.3341980 0.1709794 0.1825848 0.2456030 0.1836189 0.2170829 0.3043281 0.2547827 0.2548141 0.1809726 0.2894806 0.2845548 0.2865436 0.1618789 0.3086086 0.1914033 0.2251381 0.1435913 0.2536701 0.2513276 0.1729630 0.1206360 0.1507915 0.1415499 0.2353791 0.1465649 0.1730756 0.3047053 0.2767380 0.2664451 0.2847505 0.2008364 0.1970033 0.2486860 0.1652633 0.1484505 0.2123561 0.1573142 0.1670545 0.2971159 0.1682656 0.2478985 0.0012851 0.1945308 0.1335659 
Perityle_feddemae_99                       0.2240687 0.1357615 0.2441170 0.3937511 0.2519737 0.1916287 0.3323779 0.3598000 0.5087237 0.2627636 0.2487578 0.3748289 0.3056466 0.3408515 0.1503191 0.2532784 0.1751497 0.1570551 0.1630197 0.2235679 0.3261654 0.3080746 0.3386932 0.3377734 0.3243545 0.2289667 0.2064865 0.1759718 0.2006251 0.1638649 0.2007030 0.3100738 0.2548211 0.3587529 0.1906986 0.0000000 0.2221123 0.1663437 0.3000440 0.3964707 0.2256013 0.0654234 0.3015638 0.0370487 0.2304147 0.3357300 0.3283434 0.3223520 0.0601711 0.3156836 0.3121905 0.3312136 0.2181938 0.3305075 0.1999588 0.2131286 0.1484213 0.3269779 0.3224201 0.2515053 0.1178411 0.2216606 0.1394861 0.3035233 0.1854250 0.1721041 0.3323948 0.3239204 0.3097109 0.3368763 0.2632295 0.2722708 0.2489859 0.1686736 0.1217537 0.2863880 0.2159859 0.1993096 0.3428246 0.1582297 0.3082580 0.2472066 0.2401998 0.1125867 
Perityle_fosteri_93                        0.1749928 0.1353996 0.1403631 0.3671235 0.2063776 0.2030913 0.3127358 0.3173400 0.4469944 0.1787001 0.1757520 0.2696022 0.2469994 0.1548775 0.0541995 0.1445156 0.1178854 0.1354687 0.1688255 0.1046939 0.1579237 0.2368272 0.1578743 0.2152699 0.2441832 0.1525689 0.1821463 0.1700754 0.1901800 0.1183632 0.1674321 0.2372979 0.1827474 0.2632465 0.1822275 0.2221123 0.0000000 0.1452278 0.1850623 0.2567403 0.0418621 0.1967157 0.2327388 0.2038212 0.1695007 0.1683544 0.2511668 0.2466415 0.1918608 0.1676716 0.1822058 0.1488457 0.1498605 0.2081076 0.1383480 0.1614789 0.0906428 0.2496705 0.2477793 0.2183764 0.1026589 0.2002906 0.0776031 0.1976147 0.1767624 0.1302271 0.2813242 0.2749265 0.1844665 0.1563733 0.1827306 0.2192300 0.2349322 0.0862502 0.0763819 0.2401001 0.1745074 0.0663657 0.1577211 0.1522858 0.2456893 0.1758014 0.2469014 0.1277222 
Perityle_gamon_221                         0.1832654 0.1416493 0.1958936 0.4206688 0.1660211 0.1742887 0.3704884 0.2787960 0.4320028 0.1636446 0.1339074 0.2372144 0.2411360 0.2331029 0.1427758 0.1515121 0.1448778 0.1544903 0.1460401 0.1447446 0.2723646 0.2398978 0.2280959 0.2421454 0.2396557 0.1337254 0.1708521 0.1565640 0.1823272 0.1995218 0.1735986 0.2717930 0.1582524 0.2329270 0.1755023 0.1663437 0.1452278 0.0000000 0.1947371 0.2337725 0.1276265 0.1630368 0.2347947 0.1737814 0.0182002 0.2332739 0.2434699 0.2352258 0.1632521 0.2258095 0.2338389 0.2267450 0.1433998 0.2543993 0.1511281 0.1781494 0.1433145 0.2345690 0.2348734 0.1394251 0.1262025 0.1510872 0.1705648 0.1767168 0.1540633 0.1367633 0.1633706 0.1720292 0.2321551 0.2254310 0.1676297 0.2065212 0.2314753 0.1350519 0.1512141 0.2159194 0.1449253 0.1360475 0.2278789 0.1753072 0.2325924 0.1770127 0.2068359 0.1042774 
Perityle_gentryi_8_san_francisco           0.2214433 0.1426362 0.2494510 0.4080764 0.2836435 0.2342072 0.3305082 0.3596687 0.5364060 0.2287226 0.2611668 0.3047549 0.1924311 0.2563859 0.1301074 0.0503041 0.1315781 0.1782426 0.2401498 0.1151766 0.2637050 0.1926181 0.2647098 0.2318032 0.2000769 0.1468694 0.1831484 0.2373488 0.2196857 0.1527557 0.1862833 0.2770846 0.2602503 0.3069000 0.1918516 0.3000440 0.1850623 0.1947371 0.0000000 0.3347046 0.1905945 0.2518228 0.1872652 0.2508515 0.2584516 0.2637299 0.2026323 0.1989508 0.2369919 0.2537592 0.2256227 0.2577690 0.1360133 0.2224436 0.2489319 0.1827723 0.0750658 0.1998945 0.1971003 0.2001810 0.1217102 0.1986840 0.1110108 0.2904878 0.2372153 0.1353178 0.3773469 0.3864360 0.2245684 0.2649406 0.2596985 0.1774650 0.2129976 0.1421775 0.0754067 0.2639141 0.1861414 0.1556585 0.2580479 0.1692511 0.1927672 0.2137679 0.2329977 0.1393252 
Perityle_gilensis_22_Superstition          0.3647514 0.1351626 0.3159627 0.4022087 0.3515508 0.1939925 0.3908074 0.3377730 0.5358204 0.2945343 0.3332720 0.1957770 0.1817526 0.1445738 0.2191203 0.3421960 0.2426455 0.2976582 0.3198769 0.2873233 0.1999567 0.1949225 0.1483184 0.1145725 0.1919739 0.3433466 0.3271120 0.3381355 0.3430111 0.1272940 0.2901467 0.3744340 0.3227724 0.1880397 0.3341980 0.3964707 0.2567403 0.2337725 0.3347046 0.0000000 0.2571564 0.3664102 0.1882230 0.3460460 0.3231163 0.1442155 0.1926386 0.1833062 0.3592688 0.1149263 0.0709390 0.1373815 0.3300004 0.1301219 0.2742121 0.1603997 0.1681217 0.1876404 0.1874495 0.2706537 0.1000830 0.2868880 0.0799587 0.2603634 0.3413259 0.2583434 0.4073677 0.4065027 0.1326293 0.1484345 0.3319671 0.1881390 0.1138135 0.2107152 0.0513989 0.3319039 0.3417538 0.2463554 0.1578336 0.1794216 0.1896948 0.3915940 0.3295583 0.1120784 
Perityle_gilensis_salensis_225             0.1773769 0.1157439 0.1380115 0.3702196 0.1985471 0.1878514 0.3250298 0.3234735 0.4502493 0.1827218 0.1782635 0.2651040 0.2434236 0.1525489 0.0653617 0.1491700 0.1199961 0.1289083 0.1642925 0.1036047 0.1479721 0.2375428 0.1409241 0.2025578 0.2465960 0.1541621 0.1886617 0.1760872 0.1795184 0.1162491 0.1760374 0.2399550 0.1932290 0.2697369 0.1709794 0.2256013 0.0418621 0.1276265 0.1905945 0.2571564 0.0000000 0.1931863 0.2332405 0.1996140 0.1522645 0.1661671 0.2578348 0.2507027 0.1783478 0.1561494 0.1768612 0.1461521 0.1473925 0.1989508 0.1184546 0.1540539 0.0736923 0.2536054 0.2500394 0.2105923 0.0936208 0.1799552 0.0635456 0.2007660 0.1755494 0.1175565 0.2824708 0.2780308 0.1911339 0.1395154 0.2024485 0.2148632 0.2230187 0.0656020 0.0707076 0.2231629 0.1755290 0.0526434 0.1586225 0.1361315 0.2459927 0.1843339 0.2542223 0.1119461 
Perityle_glaucescens_94                    0.1813268 0.1381683 0.2145478 0.3830550 0.2331464 0.1794029 0.3293871 0.3567974 0.4829113 0.2233527 0.2238872 0.3357130 0.2757879 0.3046954 0.1530672 0.2117897 0.1724089 0.1481666 0.1569521 0.1880575 0.3021144 0.2577904 0.2996176 0.3016910 0.2833879 0.1952045 0.2122492 0.1514351 0.1941719 0.1630940 0.1867089 0.2611771 0.2364447 0.3206604 0.1825848 0.0654234 0.1967157 0.1630368 0.2518228 0.3664102 0.1931863 0.0000000 0.2501306 0.0421676 0.1995578 0.3134680 0.2863582 0.2760045 0.0199386 0.3053712 0.2808421 0.2939550 0.2044825 0.2881830 0.1966665 0.2042290 0.1410128 0.2805549 0.2780855 0.2335929 0.1046375 0.2120501 0.1336542 0.2721577 0.1622901 0.1693783 0.3188498 0.3181835 0.2766485 0.2995732 0.2445447 0.2492398 0.2477496 0.1674390 0.1211718 0.2546330 0.1824337 0.1934443 0.3033342 0.1568425 0.2748459 0.2070627 0.2262829 0.1020303 
Perityle_gracilis_11                       0.2185552 0.1205663 0.2554195 0.3556397 0.3072499 0.1916556 0.3294262 0.3049573 0.5090939 0.2634142 0.2333829 0.1764031 0.0086314 0.1284459 0.1849060 0.1867051 0.1428383 0.1888768 0.2541227 0.1620116 0.1971080 0.0108742 0.1380860 0.0946502 0.0218654 0.1613738 0.1934499 0.2232991 0.2749543 0.1239912 0.1918396 0.2321022 0.2734206 0.1696359 0.2456030 0.3015638 0.2327388 0.2347947 0.1872652 0.1882230 0.2332405 0.2501306 0.0000000 0.2498437 0.2693422 0.1503178 0.0061814 0.0048268 0.2640862 0.1181008 0.0796236 0.1362567 0.1649277 0.1105827 0.2406805 0.1557879 0.1455246 0.0072377 0.0072302 0.1917263 0.0991827 0.2211817 0.0989316 0.2243199 0.2323025 0.1753646 0.3695875 0.3622422 0.0926663 0.1383666 0.2733868 0.0294541 0.0130553 0.2043493 0.0201275 0.2978292 0.1958661 0.2099593 0.1401197 0.1846185 0.0072948 0.2556095 0.2125947 0.1114810 
Perityle_harkerae_31                       0.1756659 0.1322074 0.2089717 0.3896173 0.2290616 0.1759721 0.3312629 0.3349748 0.4777917 0.1935262 0.2220226 0.3105883 0.2749800 0.3127978 0.1521812 0.2085813 0.1766980 0.1584870 0.1575272 0.1833109 0.3113664 0.2561622 0.3087934 0.3119528 0.2788915 0.1870979 0.2039842 0.1421526 0.1969734 0.1554938 0.1767585 0.2678653 0.1968698 0.2936998 0.1836189 0.0370487 0.2038212 0.1737814 0.2508515 0.3460460 0.1996140 0.0421676 0.2498437 0.0000000 0.2048779 0.3239247 0.2798160 0.2730369 0.0170804 0.3110562 0.2829999 0.3050068 0.1928112 0.3031999 0.2037015 0.2022404 0.1482411 0.2778196 0.2733413 0.2138399 0.1113868 0.2053966 0.1343176 0.2521111 0.1535205 0.1735938 0.2851785 0.2626943 0.2809390 0.3050062 0.2047040 0.2303254 0.2529400 0.1722347 0.1217641 0.2238575 0.1711899 0.1953867 0.3129405 0.1635624 0.2699460 0.2036023 0.2324468 0.1048662 
Perityle_hofmeisteria_4_nombre_de_dios     0.2143974 0.1311743 0.2136016 0.4422858 0.2185876 0.2367783 0.3705314 0.3577749 0.4671548 0.2213379 0.2175296 0.3223485 0.2811838 0.2516303 0.1588858 0.2007380 0.1703667 0.1920969 0.1869779 0.1891252 0.2619323 0.2764323 0.2516260 0.2493187 0.2929680 0.1821444 0.2470248 0.2038299 0.2188462 0.1660028 0.2065904 0.2755847 0.2325555 0.3165189 0.2170829 0.2304147 0.1695007 0.0182002 0.2584516 0.3231163 0.1522645 0.1995578 0.2693422 0.2048779 0.0000000 0.2619752 0.3033947 0.2883328 0.1804975 0.2523530 0.2441945 0.2488498 0.1781899 0.2509938 0.1789491 0.2367214 0.1461080 0.2898959 0.2913417 0.2263425 0.0960236 0.2044713 0.1410829 0.2364398 0.2013511 0.1537405 0.3159158 0.3118646 0.2581750 0.2512550 0.2430475 0.2583943 0.2714312 0.1625468 0.1237595 0.2748116 0.1894090 0.1560385 0.2480937 0.1510573 0.2853952 0.2249145 0.2646004 0.0989898 
