86
Amauria_brandeegeana_62                    0.0000000 0.3319130 0.0155093 0.2988498 0.0540194 0.1596795 0.1491457 0.0996311 0.4210285 0.1013263 0.0695191 0.0855279 0.0733578 0.0730361 0.0689751 0.1554756 0.0631039 0.2189579 0.0828232 0.1921111 0.0921307 0.0670009 0.0478774 0.0690722 0.0710833 0.0669462 0.0701719 0.0999971 0.1027602 0.1031118 0.0523882 0.2143059 0.0665931 0.0124321 0.0858342 0.0663293 0.0733147 0.0707152 0.0798298 0.1631013 0.0678984 0.0700321 0.0677555 0.0688386 0.0734632 0.0869593 0.0712455 0.0692293 0.0702597 0.0700706 0.0679442 0.0711716 0.0689637 0.0701157 0.0644626 0.1029897 0.1775148 0.0616799 0.0669275 0.0670438 0.0782595 0.1035796 0.1000058 0.0554152 0.0744439 0.1033747 0.0712986 0.1354204 0.0635114 0.1763078 0.0679258 0.0679759 0.0597494 0.0689850 0.0692989 0.0722018 0.0493125 0.0759353 0.1010082 0.0845122 0.0778823 0.0723639 0.0680470 0.1776929 0.0680159 0.0789482 
Amauria_carterae_99_mesa                   0.3319130 0.0000000 0.3216989 0.3211129 0.3142048 0.1337250 0.3477464 0.3279583 0.4040089 0.3569564 0.3623888 0.3688265 0.3409681 0.3413649 0.3399350 0.3504039 0.3410270 0.3612220 0.3458974 0.3766817 0.3308127 0.3411354 0.1780886 0.3463449 0.3430569 0.3429251 0.3299106 0.3479408 0.3375733 0.3768779 0.1731697 0.3793334 0.3427173 0.3303261 0.3469139 0.3219544 0.2874185 0.3501774 0.3391857 0.3548738 0.3368329 0.3398382 0.2895604 0.3458669 0.2903256 0.2681974 0.3494064 0.3366956 0.3424988 0.2897125 0.3399321 0.3429102 0.3399321 0.3299106 0.3387820 0.2688670 0.3236216 0.3086082 0.3399437 0.3411354 0.3383297 0.1012964 0.3492450 0.1879744 0.3418130 0.3405869 0.3582823 0.3548521 0.3401675 0.1803232 0.3399321 0.3429480 0.3475969 0.3455004 0.3432672 0.3426554 0.1555918 0.3400279 0.2628203 0.3405519 0.3524003 0.2523285 0.3399437 0.3543517 0.3366964 0.3078388 
Amauria_rotundifolia_SRR9119150            0.0155093 0.3216989 0.0000000 0.2782857 0.0518607 0.1553140 0.1558269 0.1059754 0.4404828 0.1316743 0.0669772 0.0915099 0.0735623 0.0735217 0.0694517 0.1550482 0.0629102 0.2261101 0.0798438 0.1942094 0.0931130 0.0676008 0.0508617 0.0715275 0.0714290 0.0675491 0.0665666 0.0940628 0.0976646 0.1046190 0.0542621 0.2069891 0.0642011 0.0192484 0.0852497 0.0635201 0.0694142 0.0742342 0.0776241 0.1541231 0.0684415 0.0706320 0.0662875 0.0692105 0.0692616 0.0831175 0.0705430 0.0696917 0.0717009 0.0684463 0.0694137 0.0715122 0.0709427 0.0665168 0.0707629 0.0973563 0.1813026 0.0650082 0.0675314 0.0676414 0.0810906 0.1034255 0.0918207 0.0578558 0.0779591 0.1043262 0.0674619 0.1365142 0.0642948 0.1679222 0.0684674 0.0704955 0.0595869 0.0694611 0.0697638 0.0727364 0.0514049 0.0757610 0.0955650 0.0882196 0.0796001 0.0747164 0.0685820 0.1739865 0.0710913 0.0787015 
Conoclinium_coelestinum_SRR9119114         0.2988498 0.3211129 0.2782857 0.0000000 0.2829744 0.2566737 0.2295376 0.1858967 0.5155940 0.4174154 0.2662771 0.3313391 0.2689198 0.2814412 0.2690991 0.2999542 0.2674660 0.4534658 0.3391075 0.4042594 0.3284639 0.2716342 0.1648433 0.2695745 0.2710628 0.2695753 0.2686444 0.2590323 0.2521858 0.3270505 0.2707314 0.3973201 0.2706053 0.3270795 0.2853126 0.2465568 0.2686670 0.3138295 0.2733995 0.2779617 0.2671449 0.2702851 0.2640758 0.2808904 0.2646566 0.2652178 0.2651052 0.2692536 0.2756191 0.2585593 0.2841829 0.2693081 0.2908143 0.2684150 0.2208668 0.2647217 0.2460003 0.2404534 0.2692536 0.2721048 0.2526317 0.2367552 0.2489348 0.2057160 0.2978084 0.2982511 0.2490461 0.3255684 0.2627004 0.2710909 0.2712164 0.2693413 0.3110510 0.2709161 0.2712017 0.2709232 0.2039116 0.3103199 0.2608271 0.3340634 0.2748865 0.1942158 0.2678226 0.3169225 0.2940189 0.3278760 
Eutetras_palmeri_63                        0.0540194 0.3142048 0.0518607 0.2829744 0.0000000 0.1476449 0.1526232 0.1048004 0.4399741 0.1334234 0.0558093 0.0721198 0.0592658 0.0572181 0.0552130 0.1423011 0.0469498 0.2301034 0.0654283 0.1804831 0.0793740 0.0553162 0.0346730 0.0572545 0.0571762 0.0533096 0.0503747 0.0820969 0.0856459 0.1098232 0.0606180 0.2096621 0.0650087 0.0597865 0.0697919 0.0443069 0.0525049 0.0596036 0.0612571 0.1389652 0.0542145 0.0542324 0.0514864 0.0538547 0.0522901 0.0698378 0.0542635 0.0554036 0.0594012 0.0525826 0.0550345 0.0572428 0.0551672 0.0503370 0.0451524 0.0828429 0.1512929 0.0459324 0.0532953 0.0533824 0.0616185 0.0914452 0.0830297 0.0363876 0.0610650 0.0947364 0.0525844 0.1184366 0.0521050 0.1680148 0.0542351 0.0562381 0.0656132 0.0552203 0.0542713 0.0582067 0.0376644 0.0642453 0.0823191 0.0702673 0.0641167 0.0528208 0.0543257 0.1805325 0.0767358 0.0635589 
Eutetras_pringlei_149_quer                 0.1596795 0.1337250 0.1553140 0.2566737 0.1476449 0.0000000 0.1915863 0.1483322 0.1503219 0.1504979 0.1665299 0.1718244 0.1506392 0.1506392 0.1506392 0.1678150 0.1508616 0.1548702 0.1638947 0.1550213 0.1465849 0.1473472 0.0247114 0.1589113 0.1547172 0.1465849 0.1598293 0.1710147 0.1549352 0.1504979 0.1470601 0.1558282 0.1458607 0.1598475 0.1470964 0.1516574 0.1596299 0.1434160 0.1513583 0.1596273 0.1465849 0.1506392 0.1639927 0.1502734 0.1681857 0.1553871 0.1511548 0.1465849 0.1545828 0.1677672 0.1506392 0.1546424 0.1506392 0.1598293 0.1472881 0.1584088 0.1765087 0.1442075 0.1465849 0.1473472 0.1551986 0.2139722 0.1787361 0.1389718 0.1549120 0.1628354 0.0629637 0.1550305 0.1512895 0.0574164 0.1506392 0.1546399 0.1504979 0.1502734 0.1505682 0.1503799 0.1431364 0.1503309 0.1546901 0.1465849 0.1626460 0.1124813 0.1465849 0.1590774 0.1517786 0.1478800 
Eutrochium_fistulosum_SRR9119106           0.1491457 0.3477464 0.1558269 0.2295376 0.1526232 0.1915863 0.0000000 0.1505674 0.3023019 0.1632216 0.1586593 0.1762092 0.1660590 0.1565322 0.1565340 0.1765161 0.1586037 0.2095716 0.1692359 0.1872321 0.1746423 0.1606373 0.1022723 0.1603500 0.1584175 0.1605497 0.1612356 0.1841664 0.1787820 0.1881365 0.1427016 0.2908452 0.1669311 0.1511664 0.1851635 0.1640475 0.1592216 0.1605158 0.1707393 0.1769401 0.1546514 0.1582926 0.1647047 0.1621731 0.1670538 0.1878271 0.1568539 0.1591500 0.1623250 0.1631949 0.1565322 0.1565322 0.1567326 0.1627348 0.1521393 0.1639869 0.2195206 0.1492670 0.1584860 0.1590716 0.1714830 0.1625800 0.1935008 0.1135965 0.1622331 0.1781605 0.1722601 0.1995081 0.1495866 0.2010624 0.1584187 0.1583811 0.1597726 0.1601984 0.1602160 0.1585059 0.1280705 0.1634669 0.1599117 0.1583467 0.1621330 0.1264857 0.1605471 0.2224921 0.1776055 0.1520661 
Galeana_pratensis_104_mex                  0.0996311 0.3279583 0.1059754 0.1858967 0.1048004 0.1483322 0.1505674 0.0000000 0.1865791 0.1166721 0.1177294 0.1473701 0.1300898 0.1205943 0.1205963 0.1229000 0.1183877 0.1018371 0.1180224 0.1733226 0.1418530 0.1185927 0.0731405 0.1230492 0.1229425 0.1183191 0.1241083 0.1385463 0.1192834 0.1311012 0.1154826 0.2745645 0.1251927 0.1042456 0.1510689 0.1197047 0.1234304 0.1208623 0.1200120 0.1294226 0.1182527 0.1228199 0.1209978 0.1181823 0.1210661 0.1246777 0.1232500 0.1121491 0.1250690 0.1184059 0.1205943 0.1229097 0.1205943 0.1218968 0.1186796 0.1118499 0.2186895 0.1157058 0.1160161 0.1163708 0.1338400 0.1538391 0.1313320 0.0974020 0.1253929 0.1329157 0.1161330 0.1247157 0.1067278 0.1638179 0.1205943 0.1229062 0.1168896 0.1181823 0.1183918 0.1274275 0.0978762 0.1219714 0.1094140 0.1276500 0.1275967 0.1137315 0.1160161 0.1113989 0.1076868 0.1061977 
Helianthus_annuus_SRR9119062               0.4210285 0.4040089 0.4404828 0.5155940 0.4399741 0.1503219 0.3023019 0.1865791 0.0000000 0.4665447 0.4275244 0.4193596 0.4510871 0.4466801 0.4419968 0.4337305 0.4348069 0.5236036 0.3909783 0.5037169 0.4094309 0.4359828 0.1689847 0.4440518 0.4443344 0.4333835 0.4474482 0.4530525 0.4515936 0.4052744 0.2431592 0.5519219 0.4479945 0.3871581 0.4495836 0.4011018 0.4385717 0.4044879 0.4408350 0.4600048 0.4396795 0.4419955 0.4458903 0.4362339 0.4459231 0.4448197 0.4381110 0.4348151 0.4367699 0.4427137 0.4347716 0.4443195 0.4262325 0.4469101 0.2570445 0.4472018 0.3070679 0.2465245 0.4307015 0.4324951 0.3123342 0.1698758 0.4328268 0.1937818 0.4260048 0.4207921 0.4366773 0.4324526 0.4498333 0.2280651 0.4417464 0.4443331 0.4054682 0.4346835 0.4350831 0.4375482 0.1728398 0.4436592 0.4479914 0.3658926 0.4487156 0.1946100 0.4312176 0.4687692 0.3220205 0.3514331 
Lycapsus_tenuifolius_17                    0.1013263 0.3569564 0.1316743 0.4174154 0.1334234 0.1504979 0.1632216 0.1166721 0.4665447 0.0000000 0.1536607 0.1222983 0.1619835 0.1559326 0.1581414 0.2112966 0.1584469 0.2437232 0.0943380 0.1843371 0.1003854 0.1584674 0.0479261 0.1606837 0.1604286 0.1560353 0.1585525 0.1985519 0.2019314 0.0618094 0.0097808 0.2157434 0.1495153 0.0726249 0.1786595 0.1708421 0.1658929 0.0926872 0.1715616 0.2610434 0.1569417 0.1574941 0.1659005 0.1435664 0.1764642 0.1899588 0.1609434 0.1576243 0.1586964 0.1661664 0.1307265 0.1594318 0.1181169 0.1584233 0.0781968 0.2060316 0.1832634 0.0767155 0.1559977 0.1562733 0.1004132 0.1078538 0.2077479 0.0616869 0.1299791 0.1391885 0.1607546 0.1814074 0.1463822 0.1875956 0.1570062 0.1594305 0.0325128 0.1581671 0.1602904 0.1600746 0.0568440 0.1360377 0.2031753 0.0952204 0.1678587 0.0733194 0.1573004 0.2606677 0.0800695 0.0912765 
Pericome_caudata_50_silver                 0.0695191 0.3623888 0.0669772 0.2662771 0.0558093 0.1665299 0.1586593 0.1177294 0.4275244 0.1536607 0.0000000 0.0817356 0.0656867 0.0658487 0.0625926 0.1467818 0.0536695 0.2539383 0.0758565 0.1877038 0.0879895 0.0627092 0.0477246 0.0646446 0.0645563 0.0606962 0.0567135 0.0845747 0.0881244 0.1256433 0.0779787 0.2379244 0.0735012 0.0792113 0.0782342 0.0530857 0.0631838 0.0705944 0.0686048 0.1420709 0.0615916 0.0637468 0.0600853 0.0630400 0.0615107 0.0808300 0.0607064 0.0618124 0.0678250 0.0622177 0.0632244 0.0646312 0.0656991 0.0566713 0.0693862 0.0844208 0.1686227 0.0633657 0.0606803 0.0607789 0.0736669 0.1035313 0.0859372 0.0469859 0.0695300 0.1009947 0.0581878 0.1248800 0.0399813 0.1717964 0.0616148 0.0636238 0.0803530 0.0626009 0.0627610 0.0658259 0.0516706 0.0567787 0.0839033 0.0791450 0.0712575 0.0527408 0.0617175 0.1979916 0.0979856 0.0710342 
Perityle_aglossa_84_dead_horse             0.0855279 0.3688265 0.0915099 0.3313391 0.0721198 0.1718244 0.1762092 0.1473701 0.4193596 0.1222983 0.0817356 0.0000000 0.0336219 0.0299079 0.0301270 0.1540871 0.0256032 0.2254033 0.0817885 0.1267410 0.0460422 0.0302004 0.0317981 0.0313162 0.0312667 0.0267797 0.0709772 0.0740308 0.0706590 0.1442001 0.1006460 0.2444764 0.1074372 0.0929061 0.0467972 0.0715088 0.0731366 0.0242046 0.0831504 0.1468198 0.0278547 0.0290037 0.0692790 0.0278895 0.0760819 0.0969356 0.0244903 0.0279806 0.0325420 0.0706591 0.0278752 0.0313093 0.0290870 0.0709574 0.0335112 0.0633007 0.1569340 0.0706313 0.0256189 0.0268224 0.0608798 0.0978651 0.0957377 0.0558525 0.0350876 0.0783212 0.0722517 0.1497252 0.0747444 0.1738823 0.0278672 0.0312905 0.1076184 0.0290151 0.0303041 0.0359018 0.0304510 0.0903563 0.0604661 0.0318854 0.0335640 0.0589449 0.0267782 0.2114472 0.1229125 0.0704019 
Perityle_ajoensis_204                      0.0733578 0.3409681 0.0735623 0.2689198 0.0592658 0.1506392 0.1660590 0.1300898 0.4510871 0.1619835 0.0656867 0.0336219 0.0000000 0.0091119 0.0063306 0.1461424 0.0153862 0.2548439 0.0720120 0.1413502 0.0381431 0.0155111 0.0062041 0.0072485 0.0072394 0.0127488 0.0550048 0.0711855 0.0756699 0.1333244 0.0760312 0.2404947 0.0860341 0.0812228 0.0325510 0.0532215 0.0592359 0.0171594 0.0658739 0.1439342 0.0063326 0.0063478 0.0541168 0.0144066 0.0594882 0.0767589 0.0239239 0.0146176 0.0192556 0.0562314 0.0047787 0.0072474 0.0058590 0.0549637 0.0104389 0.0719301 0.1286687 0.0543376 0.0127453 0.0127654 0.0486820 0.0719573 0.0739310 0.0365972 0.0100719 0.0810565 0.0573904 0.1286682 0.0628962 0.1538977 0.0063374 0.0072438 0.0917915 0.0145714 0.0157744 0.0201910 0.0085459 0.0764638 0.0703274 0.0296254 0.0124210 0.0475788 0.0136746 0.1958317 0.1102074 0.0603654 
Perityle_ambrosiifolia_67_green            0.0730361 0.3413649 0.0735217 0.2814412 0.0572181 0.1506392 0.1565322 0.1205943 0.4466801 0.1559326 0.0658487 0.0299079 0.0091119 0.0000000 0.0040295 0.1080993 0.0132103 0.2461292 0.0651931 0.1505622 0.0358302 0.0162957 0.0030937 0.0070740 0.0040313 0.0132113 0.0547542 0.0568074 0.0560738 0.1311791 0.0738407 0.2569203 0.0851377 0.0759543 0.0321985 0.0503040 0.0594687 0.0138381 0.0646119 0.0977660 0.0040309 0.0050412 0.0548835 0.0143985 0.0595543 0.0803174 0.0225673 0.0142668 0.0194327 0.0572454 0.0031073 0.0070727 0.0042408 0.0547088 0.0029624 0.0480965 0.1286716 0.0454939 0.0121756 0.0132304 0.0412522 0.0719573 0.0703390 0.0339052 0.0055719 0.0644534 0.0574035 0.1160736 0.0603604 0.1462212 0.0060580 0.0070688 0.0909567 0.0142185 0.0162753 0.0214462 0.0063975 0.0720884 0.0468617 0.0261652 0.0111363 0.0420526 0.0132105 0.1598528 0.1014679 0.0540936 
Perityle_angustifolia_13_Eagle_creek       0.0689751 0.3399350 0.0694517 0.2690991 0.0552130 0.1506392 0.1565340 0.1205963 0.4419968 0.1581414 0.0625926 0.0301270 0.0063306 0.0040295 0.0000000 0.1384469 0.0124545 0.2468312 0.0651939 0.1399016 0.0345183 0.0127285 0.0030937 0.0045144 0.0027026 0.0099815 0.0509947 0.0668830 0.0713205 0.1304365 0.0738407 0.2402249 0.0817745 0.0760466 0.0306219 0.0461505 0.0560830 0.0148176 0.0588426 0.1370620 0.0018012 0.0036145 0.0509919 0.0114822 0.0560958 0.0723534 0.0210875 0.0118346 0.0164459 0.0530910 0.0019044 0.0045137 0.0029184 0.0509567 0.0014789 0.0683478 0.1306701 0.0437552 0.0099787 0.0099944 0.0412528 0.0719573 0.0676996 0.0339052 0.0055697 0.0759666 0.0531964 0.1210509 0.0588403 0.1462212 0.0036086 0.0045114 0.0880349 0.0117973 0.0129439 0.0164549 0.0063975 0.0702960 0.0667762 0.0259496 0.0095192 0.0420526 0.0109009 0.1902024 0.1014693 0.0552451 
Perityle_batopilensis_97                   0.1554756 0.3504039 0.1550482 0.2999542 0.1423011 0.1678150 0.1765161 0.1229000 0.4337305 0.2112966 0.1467818 0.1540871 0.1461424 0.1080993 0.1384469 0.0000000 0.1233401 0.2464496 0.0777381 0.2831715 0.1780109 0.1447779 0.0413151 0.1435798 0.1409231 0.1435242 0.1175829 0.1314038 0.1321417 0.2242918 0.0812917 0.3492777 0.1580057 0.1506147 0.1600318 0.0347534 0.1235008 0.1236186 0.1174930 0.0154002 0.1396162 0.1384868 0.1209916 0.1446338 0.0942964 0.1322316 0.1447671 0.1463959 0.1500475 0.1237096 0.1397335 0.1435356 0.1413413 0.1164438 0.0565023 0.1269937 0.1579332 0.0405458 0.1421432 0.1437600 0.0692071 0.0857411 0.0955363 0.0368020 0.0807385 0.1455369 0.1193802 0.1343924 0.1413652 0.1683854 0.1409184 0.1422559 0.1763248 0.1458193 0.1452668 0.1509676 0.0400515 0.0980942 0.1278459 0.1580535 0.1354254 0.0667040 0.1435217 0.2391892 0.1033457 0.1406882 
Perityle_bisetosa_9                        0.0631039 0.3410270 0.0629102 0.2674660 0.0469498 0.1508616 0.1586037 0.1183877 0.4348069 0.1584469 0.0536695 0.0256032 0.0153862 0.0132103 0.0124545 0.1233401 0.0000000 0.2473948 0.0598908 0.1459444 0.0334819 0.0144157 0.0093389 0.0134393 0.0134213 0.0115000 0.0425809 0.0490296 0.0460823 0.1232137 0.0740203 0.2399403 0.0714510 0.0686351 0.0303719 0.0427151 0.0485879 0.0113902 0.0548896 0.1040761 0.0105254 0.0115251 0.0422177 0.0109950 0.0462687 0.0654708 0.0124852 0.0125003 0.0173676 0.0443976 0.0091249 0.0134370 0.0103726 0.0425476 0.0074458 0.0389568 0.1310504 0.0455846 0.0105339 0.0115158 0.0413216 0.0748519 0.0652432 0.0339396 0.0146080 0.0598420 0.0445125 0.1241711 0.0497318 0.1539300 0.0105295 0.0134299 0.0820450 0.0134281 0.0144581 0.0193396 0.0085508 0.0635962 0.0378098 0.0228892 0.0184435 0.0420957 0.0114994 0.1692332 0.1000337 0.0460052 
Perityle_californica_76_positas            0.2189579 0.3612220 0.2261101 0.4534658 0.2301034 0.1548702 0.2095716 0.1018371 0.5236036 0.2437232 0.2539383 0.2254033 0.2548439 0.2461292 0.2468312 0.2464496 0.2473948 0.0000000 0.1773762 0.3235975 0.2014365 0.2476292 0.0489526 0.2485503 0.2484176 0.2445620 0.2458341 0.2448637 0.2425363 0.2335848 0.0795186 0.3253760 0.2195790 0.1611891 0.2762137 0.2234279 0.2539341 0.1912791 0.2553849 0.2652428 0.2452472 0.2462496 0.2577732 0.2433998 0.2563804 0.2811175 0.2537942 0.2481219 0.2448260 0.2583328 0.2419993 0.2469869 0.2346361 0.2455704 0.0838678 0.2687027 0.1866547 0.0731628 0.2441471 0.2450267 0.1186841 0.0815985 0.2392953 0.0485115 0.2301020 0.1987289 0.2630485 0.2037479 0.2482209 0.1728788 0.2484157 0.2483734 0.2056085 0.2440812 0.2443503 0.2515554 0.0596367 0.2517723 0.2649755 0.1909983 0.2519007 0.0656838 0.2430645 0.0974134 0.0223359 0.1752663 
Perityle_canescens_77                      0.0828232 0.3458974 0.0798438 0.3391075 0.0654283 0.1638947 0.1692359 0.1180224 0.3909783 0.0943380 0.0758565 0.0817885 0.0720120 0.0651931 0.0651939 0.0777381 0.0598908 0.1773762 0.0000000 0.1360362 0.0866390 0.0666596 0.0414029 0.0692765 0.0665468 0.0652878 0.0387475 0.0774873 0.0723843 0.1350107 0.0888186 0.2607702 0.0884524 0.0829102 0.0822965 0.0302148 0.0408539 0.0640052 0.0400329 0.0673306 0.0638411 0.0665076 0.0367518 0.0665538 0.0381874 0.0549745 0.0680851 0.0668031 0.0681367 0.0395158 0.0651931 0.0678955 0.0653354 0.0374497 0.0561804 0.0740972 0.1696559 0.0403200 0.0638790 0.0640610 0.0598858 0.0995619 0.0858282 0.0259037 0.0719849 0.0795190 0.0328422 0.1303596 0.0678607 0.1691960 0.0651708 0.0678914 0.1000238 0.0665177 0.0679127 0.0719226 0.0443767 0.0743859 0.0708326 0.0688772 0.0718686 0.0530724 0.0652845 0.1755861 0.0996910 0.0464206 
Perityle_castillonii_96                    0.1921111 0.3766817 0.1942094 0.4042594 0.1804831 0.1550213 0.1872321 0.1733226 0.5037169 0.1843371 0.1877038 0.1267410 0.1413502 0.1505622 0.1399016 0.2831715 0.1459444 0.3235975 0.1360362 0.0000000 0.0851684 0.1426616 0.0093424 0.1425844 0.1423428 0.1414385 0.1766599 0.2018826 0.1983733 0.1687438 0.0739418 0.2362104 0.2062749 0.1548204 0.1658236 0.2044252 0.1868829 0.1047199 0.1910974 0.2931710 0.1411541 0.1399328 0.1855314 0.1413140 0.1976745 0.2166877 0.1467365 0.1431000 0.1479605 0.1858899 0.1387360 0.1400089 0.1389653 0.1764999 0.1067187 0.1648411 0.1218075 0.0718536 0.1400587 0.1416712 0.1492554 0.0747950 0.2309012 0.0365761 0.1581858 0.1662394 0.1862564 0.2774489 0.1832772 0.1567296 0.1386913 0.1424605 0.1812490 0.1437367 0.1447278 0.1438727 0.0107112 0.2191665 0.1610749 0.0654663 0.1502391 0.0530798 0.1414359 0.3598857 0.1917605 0.0809736 
Perityle_cernua_84                         0.0921307 0.3308127 0.0931130 0.3284639 0.0793740 0.1465849 0.1746423 0.1418530 0.4094309 0.1003854 0.0879895 0.0460422 0.0381431 0.0358302 0.0345183 0.1780109 0.0334819 0.2014365 0.0866390 0.0851684 0.0000000 0.0345936 0.0062018 0.0357555 0.0356971 0.0322393 0.0757464 0.0832961 0.0758029 0.1276764 0.0716071 0.2338953 0.1108917 0.0948138 0.0543310 0.0776946 0.0782290 0.0292502 0.0870261 0.1704733 0.0321684 0.0333586 0.0769744 0.0321897 0.0836947 0.1002791 0.0358736 0.0323253 0.0358781 0.0784283 0.0321928 0.0345585 0.0322561 0.0756748 0.0393701 0.0527420 0.1308042 0.0500642 0.0310317 0.0311111 0.0677888 0.0691298 0.0993788 0.0312256 0.0417467 0.0824493 0.0799645 0.1598580 0.0769586 0.1537179 0.0333559 0.0357252 0.1042913 0.0345472 0.0359105 0.0416863 0.0063910 0.1005252 0.0496607 0.0329714 0.0390680 0.0393331 0.0322375 0.2470920 0.1232486 0.0606781 
Perityle_cfvillosa_25_tin                  0.0670009 0.3411354 0.0676008 0.2716342 0.0553162 0.1473472 0.1606373 0.1185927 0.4359828 0.1584674 0.0627092 0.0302004 0.0155111 0.0162957 0.0127285 0.1447779 0.0144157 0.2476292 0.0666596 0.1426616 0.0345936 0.0000000 0.0062293 0.0136636 0.0136461 0.0045267 0.0520861 0.0691188 0.0735861 0.1307494 0.0761803 0.2408702 0.0829786 0.0737397 0.0306840 0.0497622 0.0572274 0.0148545 0.0629115 0.1416626 0.0108974 0.0127633 0.0521183 0.0057272 0.0573271 0.0746550 0.0211297 0.0063579 0.0109386 0.0542262 0.0115337 0.0136613 0.0127678 0.0520471 0.0119466 0.0708024 0.1329876 0.0491113 0.0045254 0.0045267 0.0472093 0.0777137 0.0752095 0.0313421 0.0180242 0.0786240 0.0543416 0.1242592 0.0589499 0.1506521 0.0109014 0.0136545 0.0882277 0.0063379 0.0073792 0.0118609 0.0064032 0.0692515 0.0692080 0.0248078 0.0192168 0.0394811 0.0054379 0.1908432 0.1018418 0.0565951 
Perityle_cinerea_113_Powell1310            0.0478774 0.1780886 0.0508617 0.1648433 0.0346730 0.0247114 0.1022723 0.0731405 0.1689847 0.0479261 0.0477246 0.0317981 0.0062041 0.0030937 0.0030937 0.0413151 0.0093389 0.0489526 0.0414029 0.0093424 0.0062018 0.0062293 0.0000000 0.0093338 0.0062035 0.0062018 0.0381109 0.0348001 0.0316005 0.0512444 0.0512755 0.1095561 0.0379460 0.0511992 0.0284707 0.0380367 0.0321284 0.0031090 0.0251487 0.0381113 0.0062018 0.0030937 0.0358062 0.0093088 0.0358062 0.0303596 0.0124793 0.0062018 0.0124524 0.0394171 0.0030937 0.0062018 0.0030937 0.0381109 0.0030937 0.0379700 0.0412989 0.0283589 0.0062018 0.0062293 0.0219676 0.0961599 0.0410069 0.0381109 0.0093405 0.0319572 0.0325848 0.0512573 0.0283299 0.1547371 0.0030937 0.0062009 0.0479261 0.0093088 0.0093247 0.0093141 0.0062018 0.0445696 0.0315456 0.0062018 0.0093230 0.0282873 0.0062018 0.0523789 0.0473506 0.0251587 
Perityle_coahuilensis_24                   0.0690722 0.3463449 0.0715275 0.2695745 0.0572545 0.1589113 0.1603500 0.1230492 0.4440518 0.1606837 0.0646446 0.0313162 0.0072485 0.0070740 0.0045144 0.1435798 0.0134393 0.2485503 0.0692765 0.1425844 0.0357555 0.0136636 0.0093338 0.0000000 0.0054206 0.0109095 0.0530166 0.0669441 0.0713313 0.1333023 0.0782484 0.2421791 0.0839300 0.0736045 0.0316114 0.0496733 0.0581954 0.0159954 0.0638536 0.1416466 0.0045159 0.0045266 0.0530844 0.0124638 0.0583686 0.0756642 0.0220466 0.0127691 0.0173927 0.0551943 0.0028622 0.0054266 0.0038990 0.0529770 0.0059412 0.0695775 0.1308576 0.0490195 0.0109065 0.0109236 0.0442158 0.0748767 0.0701888 0.0393118 0.0078177 0.0759800 0.0553118 0.1240991 0.0608846 0.1538639 0.0045192 0.0018044 0.0905234 0.0127288 0.0138951 0.0183248 0.0107044 0.0739904 0.0679943 0.0271964 0.0104918 0.0475427 0.0118316 0.1904424 0.1032663 0.0578231 
Perityle_cochisensis_44_cave_creek         0.0710833 0.3430569 0.0714290 0.2710628 0.0571762 0.1547172 0.1584175 0.1229425 0.4443344 0.1604286 0.0645563 0.0312667 0.0072394 0.0040313 0.0027026 0.1409231 0.0134213 0.2484176 0.0665468 0.1423428 0.0356971 0.0136461 0.0062035 0.0054206 0.0000000 0.0108956 0.0529448 0.0689549 0.0734104 0.1330593 0.0760287 0.2431862 0.0838111 0.0785265 0.0315698 0.0484889 0.0581131 0.0148252 0.0617977 0.1403532 0.0027035 0.0045209 0.0530098 0.0124471 0.0572064 0.0755523 0.0220180 0.0127528 0.0173703 0.0551165 0.0028584 0.0054197 0.0038937 0.0529053 0.0044493 0.0706374 0.1307872 0.0472481 0.0108926 0.0109097 0.0427276 0.0747950 0.0689365 0.0365950 0.0055725 0.0784054 0.0552336 0.1239608 0.0608015 0.1499910 0.0045135 0.0054170 0.0903759 0.0127126 0.0138771 0.0183012 0.0085454 0.0726932 0.0690479 0.0271510 0.0104778 0.0447823 0.0118165 0.1927639 0.1031992 0.0577233 
Perityle_congesta_202                      0.0669462 0.3429251 0.0675491 0.2695753 0.0533096 0.1465849 0.1605497 0.1183191 0.4333835 0.1560353 0.0606962 0.0267797 0.0127488 0.0132113 0.0099815 0.1435242 0.0115000 0.2445620 0.0652878 0.1414385 0.0322393 0.0045267 0.0062018 0.0109095 0.0108956 0.0000000 0.0500995 0.0669679 0.0714116 0.1279897 0.0739589 0.2378831 0.0798790 0.0736691 0.0278385 0.0485669 0.0551052 0.0113984 0.0608915 0.1393567 0.0081571 0.0100087 0.0500556 0.0028577 0.0539868 0.0724645 0.0183373 0.0036260 0.0081879 0.0521540 0.0086324 0.0109077 0.0098006 0.0500622 0.0089415 0.0684832 0.1289330 0.0490879 0.0018067 0.0018082 0.0442593 0.0719573 0.0726714 0.0312256 0.0146091 0.0760796 0.0522648 0.1226888 0.0569425 0.1499244 0.0081601 0.0109022 0.0858041 0.0036146 0.0046029 0.0091059 0.0021251 0.0691895 0.0669076 0.0224113 0.0163005 0.0420400 0.0027117 0.1894092 0.0984338 0.0541024 
Perityle_cordifolia_27                     0.0701719 0.3299106 0.0665666 0.2686444 0.0503747 0.1598293 0.1612356 0.1241083 0.4474482 0.1585525 0.0567135 0.0709772 0.0550048 0.0547542 0.0509947 0.1175829 0.0425809 0.2458341 0.0387475 0.1766599 0.0757464 0.0520861 0.0381109 0.0530166 0.0529448 0.0500995 0.0000000 0.0761628 0.0828847 0.1402773 0.0781639 0.2399317 0.0789223 0.0775324 0.0663278 0.0186623 0.0297973 0.0571767 0.0362566 0.1149747 0.0500143 0.0521133 0.0249225 0.0518521 0.0257810 0.0406791 0.0500651 0.0521678 0.0571275 0.0278671 0.0509572 0.0530060 0.0531403 0.0027188 0.0495300 0.0787512 0.1584359 0.0214675 0.0500861 0.0501675 0.0624748 0.0935043 0.0767058 0.0025396 0.0594859 0.0909000 0.0047294 0.1245528 0.0539973 0.1726715 0.0500331 0.0520129 0.0881612 0.0519964 0.0527989 0.0561192 0.0397560 0.0673029 0.0770735 0.0677628 0.0589423 0.0530353 0.0511047 0.1911038 0.0974791 0.0332420 
Perityle_cordifolia_68_tecolote            0.0999971 0.3479408 0.0940628 0.2590323 0.0820969 0.1710147 0.1841664 0.1385463 0.4530525 0.1985519 0.0845747 0.0740308 0.0711855 0.0568074 0.0668830 0.1314038 0.0490296 0.2448637 0.0774873 0.2018826 0.0832961 0.0691188 0.0348001 0.0669441 0.0689549 0.0669679 0.0761628 0.0000000 0.0360545 0.1526688 0.0892178 0.2898083 0.1052041 0.0913558 0.0824573 0.0589619 0.0804362 0.0606300 0.0869020 0.1357027 0.0658255 0.0670746 0.0782665 0.0621989 0.0644568 0.0993452 0.0702605 0.0692718 0.0745923 0.0806092 0.0678145 0.0690391 0.0705424 0.0771345 0.0505233 0.0489960 0.1004215 0.0631202 0.0670022 0.0670641 0.0324039 0.0861440 0.0577060 0.0530268 0.0595172 0.0444356 0.0807936 0.1324190 0.0783983 0.1682738 0.0669268 0.0668944 0.1060861 0.0690308 0.0598591 0.0714034 0.0414320 0.0883566 0.0441724 0.0750875 0.0631083 0.0313139 0.0680524 0.1929293 0.1114817 0.0787878 
Perityle_coronopifolia_28_patagonia        0.1027602 0.3375733 0.0976646 0.2521858 0.0856459 0.1549352 0.1787820 0.1192834 0.4515936 0.2019314 0.0881244 0.0706590 0.0756699 0.0560738 0.0713205 0.1321417 0.0460823 0.2425363 0.0723843 0.1983733 0.0758029 0.0735861 0.0316005 0.0713313 0.0734104 0.0714116 0.0828847 0.0360545 0.0000000 0.1404706 0.0748502 0.2894080 0.1021517 0.0837370 0.0892407 0.0581846 0.0875147 0.0571970 0.0904488 0.1338559 0.0702523 0.0715262 0.0830539 0.0635685 0.0661352 0.1032117 0.0726429 0.0737501 0.0791228 0.0865660 0.0725337 0.0735007 0.0753959 0.0838600 0.0447495 0.0458688 0.1286949 0.0531598 0.0714486 0.0715149 0.0298248 0.0759293 0.0569218 0.0394252 0.0587445 0.0156810 0.0854900 0.1306543 0.0840916 0.1653190 0.0713676 0.0723918 0.1027226 0.0734919 0.0611893 0.0759030 0.0329281 0.0837506 0.0443939 0.0700605 0.0612638 0.0260765 0.0725088 0.1938807 0.1042470 0.0834408 
Perityle_crassifolia_70_ventanas           0.1031118 0.3768779 0.1046190 0.3270505 0.1098232 0.1504979 0.1881365 0.1311012 0.4052744 0.0618094 0.1256433 0.1442001 0.1333244 0.1311791 0.1304365 0.2242918 0.1232137 0.2335848 0.1350107 0.1687438 0.1276764 0.1307494 0.0512444 0.1333023 0.1330593 0.1279897 0.1402773 0.1526688 0.1404706 0.0000000 0.0160548 0.2302135 0.1178084 0.1042840 0.1523835 0.1382969 0.1391244 0.1226413 0.1443827 0.2204613 0.1290721 0.1283100 0.1363605 0.1260891 0.1452057 0.1572340 0.1309811 0.1297248 0.1283050 0.1380204 0.1260798 0.1318886 0.1250491 0.1401430 0.1219018 0.1173335 0.1995718 0.0895972 0.1265290 0.1268731 0.1307261 0.1140093 0.1603774 0.0645001 0.1355855 0.1456458 0.1392053 0.2051090 0.1183380 0.1917544 0.1277733 0.1318855 0.0521904 0.1278344 0.1298179 0.1325085 0.0647511 0.1353297 0.1152675 0.1090061 0.1344760 0.0761932 0.1279866 0.2541684 0.1287425 0.1038296 
Perityle_crassifolia_74_playa_balandra     0.0523882 0.1731697 0.0542621 0.2707314 0.0606180 0.1470601 0.1427016 0.1154826 0.2431592 0.0097808 0.0779787 0.1006460 0.0760312 0.0738407 0.0738407 0.0812917 0.0740203 0.0795186 0.0888186 0.0739418 0.0716071 0.0761803 0.0512755 0.0782484 0.0760287 0.0739589 0.0781639 0.0892178 0.0748502 0.0160548 0.0000000 0.0943993 0.0614050 0.0523795 0.0921662 0.0784975 0.0709499 0.0676442 0.0843224 0.0816168 0.0716583 0.0738407 0.0778342 0.0759260 0.0803555 0.0982849 0.0762158 0.0738396 0.0740258 0.0804020 0.0738407 0.0782091 0.0719088 0.0801285 0.0693989 0.0846891 0.0990956 0.0673978 0.0738396 0.0741778 0.0827623 0.1141897 0.1166433 0.0656173 0.0804459 0.0745406 0.0757829 0.1042543 0.0694929 0.1775127 0.0760312 0.0760069 0.0038963 0.0759260 0.0760115 0.0759556 0.0640963 0.0908110 0.0803938 0.0781583 0.0824895 0.0675832 0.0761288 0.0894701 0.0848440 0.0827532 
Perityle_cuneata_34_cuneata_San_antonio    0.2143059 0.3793334 0.2069891 0.3973201 0.2096621 0.1558282 0.2908452 0.2745645 0.5519219 0.2157434 0.2379244 0.2444764 0.2404947 0.2569203 0.2402249 0.3492777 0.2399403 0.3253760 0.2607702 0.2362104 0.2338953 0.2408702 0.1095561 0.2421791 0.2431862 0.2378831 0.2399317 0.2898083 0.2894080 0.2302135 0.0943993 0.0000000 0.2101871 0.2156546 0.2535151 0.2738772 0.2231203 0.2342010 0.2550522 0.3624346 0.2386977 0.2403283 0.2254515 0.2401925 0.2381338 0.2522481 0.2384162 0.2368379 0.2384818 0.2273798 0.2389110 0.2405826 0.2378609 0.2396957 0.2812467 0.2343747 0.2559277 0.2183568 0.2391769 0.2368101 0.2922957 0.0824970 0.3202137 0.1168969 0.2691582 0.2736134 0.2537042 0.3466298 0.2357583 0.1967004 0.2388167 0.2420077 0.2125853 0.2389406 0.2449238 0.2388059 0.1004635 0.2588004 0.2305211 0.2097611 0.2566767 0.1691164 0.2395856 0.3755482 0.2429193 0.2066856 
Perityle_cuneata_4                         0.0665931 0.3427173 0.0642011 0.2706053 0.0650087 0.1458607 0.1669311 0.1251927 0.4479945 0.1495153 0.0735012 0.1074372 0.0860341 0.0851377 0.0817745 0.1580057 0.0714510 0.2195790 0.0884524 0.2062749 0.1108917 0.0829786 0.0379460 0.0839300 0.0838111 0.0798790 0.0789223 0.1052041 0.1021517 0.1178084 0.0614050 0.2101871 0.0000000 0.0734370 0.0962078 0.0713750 0.0834945 0.0886055 0.0850415 0.1544750 0.0807299 0.0809783 0.0791450 0.0833373 0.0797861 0.0955904 0.0818814 0.0831133 0.0851907 0.0813946 0.0835759 0.0829022 0.0854666 0.0788620 0.0842252 0.1048646 0.1867570 0.0816270 0.0808500 0.0799911 0.0860846 0.1127305 0.0970354 0.0530783 0.0904208 0.1135834 0.0766782 0.1380077 0.0747512 0.1799528 0.0807611 0.0828597 0.0725803 0.0828317 0.0823389 0.0862663 0.0562490 0.0788732 0.1041923 0.1022391 0.0907532 0.0642478 0.0809524 0.1691931 0.0724881 0.0951322 
Perityle_discoidea_81                      0.0124321 0.3303261 0.0192484 0.3270795 0.0597865 0.1598475 0.1511664 0.1042456 0.3871581 0.0726249 0.0792113 0.0929061 0.0812228 0.0759543 0.0760466 0.1506147 0.0686351 0.1611891 0.0829102 0.1548204 0.0948138 0.0737397 0.0511992 0.0736045 0.0785265 0.0736691 0.0775324 0.0913558 0.0837370 0.1042840 0.0523795 0.2156546 0.0734370 0.0000000 0.0947260 0.0717953 0.0802887 0.0726224 0.0902287 0.1432153 0.0747776 0.0760629 0.0762578 0.0748426 0.0806675 0.0996922 0.0788583 0.0751026 0.0750604 0.0790226 0.0748368 0.0773663 0.0737191 0.0774597 0.0677263 0.0823993 0.1774945 0.0616714 0.0723461 0.0725375 0.0799722 0.1006839 0.1053867 0.0554032 0.0812735 0.0903174 0.0806188 0.1418279 0.0734287 0.1841067 0.0748128 0.0748778 0.0660610 0.0760594 0.0751978 0.0798500 0.0493032 0.0880272 0.0793942 0.0791926 0.0810723 0.0723487 0.0736659 0.1694181 0.0714257 0.0792941 
Perityle_dissecta_201                      0.0858342 0.3469139 0.0852497 0.2853126 0.0697919 0.1470964 0.1851635 0.1510689 0.4495836 0.1786595 0.0782342 0.0467972 0.0325510 0.0321985 0.0306219 0.1600318 0.0303719 0.2762137 0.0822965 0.1658236 0.0543310 0.0306840 0.0284707 0.0316114 0.0315698 0.0278385 0.0663278 0.0824573 0.0892407 0.1523835 0.0921662 0.2535151 0.0962078 0.0947260 0.0000000 0.0668199 0.0668397 0.0291109 0.0774954 0.1585490 0.0287314 0.0288157 0.0616411 0.0303727 0.0642994 0.0816088 0.0355160 0.0297935 0.0345773 0.0637982 0.0304472 0.0316056 0.0321322 0.0662776 0.0369369 0.0880438 0.1460005 0.0731716 0.0278309 0.0278755 0.0627615 0.0836068 0.0910155 0.0564968 0.0356915 0.0957445 0.0692460 0.1481567 0.0714001 0.1534039 0.0287420 0.0315898 0.1082512 0.0296974 0.0312150 0.0355450 0.0305601 0.0906921 0.0862941 0.0447721 0.0372829 0.0622821 0.0287992 0.2165779 0.1309053 0.0712936 
Perityle_emoryi_47_punta_san_jose          0.0663293 0.3219544 0.0635201 0.2465568 0.0443069 0.1516574 0.1640475 0.1197047 0.4011018 0.1708421 0.0530857 0.0715088 0.0532215 0.0503040 0.0461505 0.0347534 0.0427151 0.2234279 0.0302148 0.2044252 0.0776946 0.0497622 0.0380367 0.0496733 0.0484889 0.0485669 0.0186623 0.0589619 0.0581846 0.1382969 0.0784975 0.2738772 0.0713750 0.0717953 0.0668199 0.0000000 0.0290020 0.0555941 0.0287315 0.0289395 0.0461422 0.0486180 0.0254412 0.0498171 0.0266276 0.0355340 0.0485565 0.0498501 0.0545894 0.0278380 0.0482229 0.0508401 0.0507934 0.0186623 0.0464852 0.0516631 0.1591052 0.0232045 0.0473539 0.0486456 0.0566879 0.0877213 0.0769291 0.0153696 0.0549912 0.0742013 0.0172027 0.1099458 0.0461845 0.1685645 0.0484900 0.0484813 0.0830096 0.0496623 0.0508669 0.0546197 0.0397414 0.0603394 0.0504015 0.0665567 0.0560782 0.0502007 0.0485645 0.1232695 0.0945575 0.0377152 
Perityle_feddemae_99                       0.0733147 0.2874185 0.0694142 0.2686670 0.0525049 0.1596299 0.1592216 0.1234304 0.4385717 0.1658929 0.0631838 0.0731366 0.0592359 0.0594687 0.0560830 0.1235008 0.0485879 0.2539341 0.0408539 0.1868829 0.0782290 0.0572274 0.0321284 0.0581954 0.0581131 0.0551052 0.0297973 0.0804362 0.0875147 0.1391244 0.0709499 0.2231203 0.0834945 0.0802887 0.0668397 0.0290020 0.0000000 0.0587679 0.0427057 0.1224051 0.0550503 0.0572586 0.0181380 0.0572679 0.0184826 0.0500109 0.0551362 0.0573211 0.0625100 0.0191191 0.0563450 0.0581831 0.0587558 0.0297900 0.0494215 0.0861863 0.1556450 0.0321533 0.0551327 0.0551830 0.0599860 0.0906980 0.0766399 0.0200645 0.0624908 0.0914546 0.0311480 0.1337628 0.0582557 0.0896165 0.0550719 0.0571438 0.0900339 0.0571248 0.0559807 0.0604412 0.0360464 0.0683515 0.0856198 0.0700431 0.0657849 0.0592587 0.0561578 0.2063163 0.0935968 0.0401409 
Perityle_fosteri_93                        0.0707152 0.3501774 0.0742342 0.3138295 0.0596036 0.1434160 0.1605158 0.1208623 0.4044879 0.0926872 0.0705944 0.0242046 0.0171594 0.0138381 0.0148176 0.1236186 0.0113902 0.1912791 0.0640052 0.1047199 0.0292502 0.0148545 0.0031090 0.0159954 0.0148252 0.0113984 0.0571767 0.0606300 0.0571970 0.1226413 0.0676442 0.2342010 0.0886055 0.0726224 0.0291109 0.0555941 0.0587679 0.0000000 0.0683308 0.1202760 0.0125194 0.0136742 0.0535553 0.0125354 0.0588523 0.0825578 0.0172047 0.0125772 0.0171960 0.0562323 0.0125288 0.0159921 0.0125532 0.0571230 0.0134857 0.0466607 0.1311459 0.0474284 0.0102402 0.0102662 0.0443060 0.0694198 0.0806620 0.0313549 0.0181972 0.0650124 0.0602078 0.1300716 0.0619634 0.1507033 0.0125252 0.0159821 0.0877099 0.0136797 0.0149065 0.0206309 0.0042715 0.0779038 0.0437721 0.0185789 0.0182866 0.0422281 0.0113977 0.1806225 0.1034397 0.0512007 
Perityle_gamon_221                         0.0798298 0.3391857 0.0776241 0.2733995 0.0612571 0.1513583 0.1707393 0.1200120 0.4408350 0.1715616 0.0686048 0.0831504 0.0658739 0.0646119 0.0588426 0.1174930 0.0548896 0.2553849 0.0400329 0.1910974 0.0870261 0.0629115 0.0251487 0.0638536 0.0617977 0.0608915 0.0362566 0.0869020 0.0904488 0.1443827 0.0843224 0.2550522 0.0850415 0.0902287 0.0774954 0.0287315 0.0427057 0.0683308 0.0000000 0.1161105 0.0588337 0.0629528 0.0357466 0.0621776 0.0417394 0.0136247 0.0608293 0.0630110 0.0680455 0.0397600 0.0602576 0.0638403 0.0626660 0.0362480 0.0559744 0.0880281 0.1662594 0.0383794 0.0608754 0.0609747 0.0640478 0.0876130 0.0880705 0.0153904 0.0692647 0.0983913 0.0318294 0.1260012 0.0658940 0.1573371 0.0608183 0.0628310 0.0977041 0.0628025 0.0637779 0.0670770 0.0307004 0.0673089 0.0862788 0.0741326 0.0714928 0.0420425 0.0619164 0.1990934 0.1060968 0.0516286 
Perityle_gentryi_8_san_francisco           0.1631013 0.3548738 0.1541231 0.2779617 0.1389652 0.1596273 0.1769401 0.1294226 0.4600048 0.2610434 0.1420709 0.1468198 0.1439342 0.0977660 0.1370620 0.0154002 0.1040761 0.2652428 0.0673306 0.2931710 0.1704733 0.1416626 0.0381113 0.1416466 0.1403532 0.1393567 0.1149747 0.1357027 0.1338559 0.2204613 0.0816168 0.3624346 0.1544750 0.1432153 0.1585490 0.0289395 0.1224051 0.1202760 0.1161105 0.0000000 0.1381077 0.1383393 0.1168333 0.1370171 0.0770067 0.1278269 0.1414380 0.1430292 0.1453770 0.1202696 0.1444885 0.1416078 0.1491415 0.1139580 0.0547907 0.1260953 0.1579456 0.0372369 0.1393223 0.1395610 0.0663212 0.0851371 0.0850714 0.0312759 0.0728429 0.1539211 0.1165781 0.1311207 0.1384565 0.1685186 0.1392709 0.1404650 0.1751813 0.1425258 0.1308313 0.1474360 0.0398726 0.0898657 0.1327275 0.1512142 0.1217962 0.0585369 0.1394306 0.2337409 0.0987149 0.1545030 
Perityle_gilensis_22_Superstition          0.0678984 0.3368329 0.0684415 0.2671449 0.0542145 0.1465849 0.1546514 0.1182527 0.4396795 0.1569417 0.0615916 0.0278547 0.0063326 0.0040309 0.0018012 0.1396162 0.0105254 0.2452472 0.0638411 0.1411541 0.0321684 0.0108974 0.0062018 0.0045159 0.0027035 0.0081571 0.0500143 0.0658255 0.0702523 0.1290721 0.0716583 0.2386977 0.0807299 0.0747776 0.0287314 0.0461422 0.0550503 0.0125194 0.0588337 0.1381077 0.0000000 0.0036157 0.0499672 0.0095566 0.0549850 0.0723419 0.0192309 0.0100021 0.0146013 0.0520617 0.0019051 0.0045151 0.0029194 0.0499770 0.0044487 0.0671788 0.1265614 0.0437434 0.0081549 0.0081677 0.0397793 0.0691298 0.0689276 0.0312256 0.0055719 0.0747187 0.0521720 0.1195417 0.0578417 0.1499244 0.0036098 0.0045129 0.0868322 0.0099707 0.0110815 0.0155280 0.0042571 0.0690714 0.0656168 0.0235543 0.0095224 0.0393331 0.0090734 0.1888472 0.0997396 0.0539854 
Perityle_gilensis_salensis_225             0.0700321 0.3398382 0.0706320 0.2702851 0.0542324 0.1506392 0.1582926 0.1228199 0.4419955 0.1574941 0.0637468 0.0290037 0.0063478 0.0050412 0.0036145 0.1384868 0.0115251 0.2462496 0.0665076 0.1399328 0.0333586 0.0127633 0.0030937 0.0045266 0.0045209 0.0100087 0.0521133 0.0670746 0.0715262 0.1283100 0.0738407 0.2403283 0.0809783 0.0760629 0.0288157 0.0486180 0.0572586 0.0136742 0.0629528 0.1383393 0.0036157 0.0000000 0.0521466 0.0105230 0.0562737 0.0747076 0.0211456 0.0118670 0.0164910 0.0542557 0.0019047 0.0045259 0.0029189 0.0520743 0.0044464 0.0685737 0.1306701 0.0472118 0.0100059 0.0100217 0.0427000 0.0719573 0.0691263 0.0365517 0.0055697 0.0759827 0.0543712 0.1224810 0.0589898 0.1462212 0.0036184 0.0045237 0.0880528 0.0118295 0.0120481 0.0173783 0.0063975 0.0714822 0.0669860 0.0247633 0.0085654 0.0447287 0.0109306 0.1902456 0.1031228 0.0552484 
Perityle_glaucescens_94                    0.0677555 0.2895604 0.0662875 0.2640758 0.0514864 0.1639927 0.1647047 0.1209978 0.4458903 0.1659005 0.0600853 0.0692790 0.0541168 0.0548835 0.0509919 0.1209916 0.0422177 0.2577732 0.0367518 0.1855314 0.0769744 0.0521183 0.0358062 0.0530844 0.0530098 0.0500556 0.0249225 0.0782665 0.0830539 0.1363605 0.0778342 0.2254515 0.0791450 0.0762578 0.0616411 0.0254412 0.0181380 0.0535553 0.0357466 0.1168333 0.0499672 0.0521466 0.0000000 0.0518766 0.0091808 0.0438390 0.0510650 0.0522032 0.0573543 0.0047303 0.0509455 0.0530734 0.0532190 0.0249164 0.0510688 0.0811514 0.1625242 0.0339155 0.0500417 0.0501261 0.0662940 0.0965731 0.0791922 0.0171418 0.0598532 0.0915237 0.0270577 0.1335636 0.0561751 0.0934948 0.0499868 0.0520422 0.0875858 0.0520251 0.0507638 0.0552997 0.0409896 0.0682654 0.0819055 0.0672560 0.0603486 0.0561463 0.0510992 0.2003720 0.0986246 0.0401312 
Perityle_gracilis_11                       0.0688386 0.3458669 0.0692105 0.2808904 0.0538547 0.1502734 0.1621731 0.1181823 0.4362339 0.1435664 0.0630400 0.0278895 0.0144066 0.0143985 0.0114822 0.1446338 0.0109950 0.2433998 0.0665538 0.1413140 0.0321897 0.0057272 0.0093088 0.0124638 0.0124471 0.0028577 0.0518521 0.0621989 0.0635685 0.1260891 0.0759260 0.2401925 0.0833373 0.0748426 0.0303727 0.0498171 0.0572679 0.0125354 0.0621776 0.1370171 0.0095566 0.0105230 0.0518766 0.0000000 0.0565659 0.0757004 0.0173758 0.0047791 0.0076571 0.0541005 0.0097083 0.0124616 0.0109148 0.0518113 0.0104286 0.0593777 0.1306216 0.0507648 0.0019023 0.0028616 0.0456751 0.0691329 0.0740055 0.0338470 0.0157293 0.0750249 0.0542220 0.1240287 0.0580365 0.1533692 0.0095603 0.0124551 0.0869032 0.0047633 0.0057577 0.0105265 0.0042522 0.0703289 0.0579795 0.0235854 0.0168574 0.0419797 0.0028576 0.1893087 0.0999775 0.0548802 
