82
Amauria_brandeegeana_62                    0.0000000 0.1083504 0.1289700 0.4160456 0.4994776 0.1298501 0.3789860 0.1681869 0.3324390 0.1196441 0.2388755 0.1374285 0.1369703 0.3113757 0.2787691 0.1508986 0.1366343 0.2357931 0.3532637 0.4071191 0.2525812 0.1366477 0.2457863 0.1326155 0.3153049 0.1370369 0.1321136 0.1801017 0.5401715 0.3792515 0.1837468 0.4182997 0.4578715 0.1092361 0.4219160 0.1423508 0.1584675 0.1329178 0.2854134 0.3392488 0.1295572 0.1510406 0.1250481 0.1506949 0.2569885 0.1394629 0.1368476 0.1357567 0.1441673 0.1439154 0.1310573 0.1331860 0.2451966 0.3101779 0.3044885 0.1467126 0.1131322 0.1363856 0.1358840 0.1536779 0.1412120 0.5359735 0.1026245 0.5963656 0.3086982 0.4168487 0.5852499 0.2175259 0.1312347 0.1319498 0.4298144 0.1345089 0.1508136 0.1304239 0.0901506 0.3950015 0.1495203 0.1352576 0.2426921 0.1376126 0.1311734 0.1290598 
Amauria_carterae_99_mesa                   0.1083504 0.0000000 0.1321933 0.2601741 0.4128797 0.1244816 0.2729003 0.1551805 0.1979036 0.1195017 0.2008364 0.1093932 0.1092758 0.2798431 0.2597866 0.1191925 0.1022626 0.1382813 0.2515039 0.3485771 0.2057679 0.1071772 0.1052349 0.1041085 0.2826962 0.1171894 0.1108580 0.1299408 0.4123480 0.2915949 0.1550603 0.2548631 0.3666673 0.1026501 0.3473855 0.1175185 0.1145820 0.0983821 0.2819256 0.2847204 0.1068565 0.1175664 0.1147897 0.1146038 0.2035774 0.1105207 0.1148498 0.1080700 0.1242628 0.1375367 0.1046730 0.1078756 0.2334900 0.2761109 0.1085058 0.1218451 0.1039036 0.1172585 0.1080014 0.1451102 0.1123369 0.4378488 0.1010380 0.4553181 0.3208083 0.3050887 0.4179807 0.2164053 0.1067995 0.1041085 0.2953657 0.1104210 0.1159224 0.1024056 0.0880876 0.2989109 0.1189419 0.1056375 0.2320457 0.1113403 0.1088284 0.0826524 
Amauria_rotundifolia_SRR9119150            0.1289700 0.1321933 0.0000000 0.4064446 0.4302871 0.1202698 0.3336316 0.1588268 0.3340779 0.1434099 0.2345583 0.1974317 0.1980908 0.2315317 0.2215092 0.2176326 0.1969331 0.1950453 0.2620960 0.3446927 0.2164341 0.1920474 0.2951648 0.1936887 0.2458439 0.2000877 0.1912398 0.2330903 0.4590726 0.2989186 0.1469926 0.3479949 0.3840359 0.1156602 0.3607017 0.1485578 0.2112597 0.1968219 0.2663312 0.2400586 0.1908876 0.1960656 0.2030766 0.2014859 0.2761285 0.2021052 0.1972927 0.1980511 0.1269912 0.1226874 0.1923148 0.1919187 0.2118136 0.2487236 0.2791869 0.1757150 0.1672816 0.2007941 0.1962279 0.1342943 0.1172397 0.4538421 0.1375468 0.5324389 0.2787693 0.3484488 0.5383654 0.1141573 0.1972028 0.1936887 0.3650988 0.1977205 0.1691332 0.1915067 0.0877947 0.3162269 0.2018652 0.2017624 0.1523608 0.2004388 0.1908418 0.1686913 
Conoclinium_coelestinum_SRR9119114         0.4160456 0.2601741 0.4064446 0.0000000 0.4021770 0.1984022 0.3877404 0.2164122 0.3301319 0.3733469 0.4535074 0.4156474 0.4143049 0.4621313 0.4420238 0.4265650 0.4134583 0.4062131 0.3937280 0.4763367 0.4389587 0.4188065 0.3345070 0.4085476 0.4672136 0.4150154 0.4086250 0.4069268 0.4283184 0.3765295 0.3093701 0.4256789 0.4859720 0.3516656 0.4864024 0.3802291 0.4217966 0.4097332 0.4585109 0.4595029 0.4133078 0.4172900 0.3741065 0.4183406 0.3810257 0.4137844 0.4130636 0.4165668 0.4194555 0.4042191 0.4094526 0.4009082 0.4973002 0.4570652 0.2257413 0.2951124 0.3913732 0.4121080 0.4166095 0.2661482 0.1299579 0.5247175 0.2215856 0.6240342 0.5413993 0.4754030 0.5656942 0.2850152 0.4068591 0.4085476 0.4300535 0.4090258 0.3843030 0.4107252 0.1398592 0.4536653 0.3875263 0.4115438 0.2845127 0.4195759 0.4114030 0.3167369 
Eutetras_palmeri_63                        0.4994776 0.4128797 0.4302871 0.4021770 0.0000000 0.3470374 0.2372289 0.4127824 0.4288662 0.4715973 0.4696219 0.5045635 0.4926532 0.1912822 0.2254286 0.5107725 0.4969742 0.3333170 0.2052989 0.2413450 0.3947575 0.4918152 0.3567479 0.4900515 0.2240196 0.5001933 0.5022756 0.5049431 0.1322332 0.2208138 0.3615917 0.2339072 0.1585278 0.3962213 0.2274530 0.4694236 0.5393846 0.4916336 0.4362058 0.2328657 0.4968956 0.5330667 0.4933544 0.5343321 0.4269323 0.5136453 0.4890014 0.5017162 0.3424491 0.3521882 0.4979940 0.5054079 0.4104511 0.2187773 0.3446372 0.4421750 0.4322277 0.4934990 0.4959496 0.3400940 0.3020738 0.1086992 0.4119091 0.1715597 0.4501571 0.2080873 0.1463294 0.3322313 0.5013942 0.4918835 0.2309467 0.4902423 0.4446869 0.4954490 0.3132829 0.2234441 0.5269263 0.4782979 0.3057429 0.5106833 0.5031176 0.4074372 
Eutetras_pringlei_149_quer                 0.1298501 0.1244816 0.1202698 0.1984022 0.3470374 0.0000000 0.2264603 0.1272150 0.1860910 0.1151137 0.1478254 0.1390957 0.1425956 0.2332507 0.1935344 0.1345562 0.1258517 0.2427934 0.1997734 0.2670366 0.2037859 0.1345908 0.1557147 0.1363328 0.2302621 0.1391275 0.1338264 0.1299543 0.3129883 0.1985649 0.0955577 0.2057483 0.2784422 0.1144421 0.2755248 0.1166569 0.1674359 0.1253211 0.2584135 0.2294395 0.1374390 0.1535345 0.1357658 0.1591593 0.1995961 0.1409756 0.1355384 0.1407870 0.1733877 0.1690380 0.1374010 0.1458571 0.2194950 0.2213592 0.1812775 0.1215191 0.1714760 0.1392735 0.1373964 0.1573826 0.1229038 0.4724760 0.1220571 0.4344782 0.2979344 0.2476362 0.3916059 0.1350705 0.1306860 0.1363328 0.2009966 0.1341436 0.1301007 0.1356736 0.0788718 0.2480428 0.1394885 0.1330052 0.1221823 0.1425200 0.1339328 0.1394758 
Eutrochium_fistulosum_SRR9119106           0.3789860 0.2729003 0.3336316 0.3877404 0.2372289 0.2264603 0.0000000 0.2542190 0.3672573 0.3124566 0.3357077 0.3584412 0.3650840 0.1946698 0.2195521 0.3777932 0.3606792 0.3163620 0.2162922 0.2548054 0.2566966 0.3626319 0.3816228 0.3542049 0.2283998 0.3543503 0.3633314 0.4009794 0.2251379 0.1736901 0.2574994 0.1957270 0.2490265 0.2562151 0.2655485 0.3046171 0.3919899 0.3574381 0.2622963 0.2412530 0.3539442 0.3692889 0.3547954 0.3812122 0.4367318 0.3668323 0.3518183 0.3601124 0.1946688 0.1987715 0.3562310 0.3544659 0.2868224 0.2215379 0.2588697 0.3218027 0.2802513 0.3540684 0.3573751 0.1730977 0.1781984 0.1592944 0.2724385 0.3158005 0.3134990 0.2117575 0.3112154 0.2614126 0.3454575 0.3542049 0.2027887 0.3529967 0.3092200 0.3548107 0.1873747 0.2189931 0.3628865 0.3482962 0.2534972 0.3639781 0.3604164 0.2427204 
Galeana_pratensis_104_mex                  0.1681869 0.1551805 0.1588268 0.2164122 0.4127824 0.1272150 0.2542190 0.0000000 0.2305935 0.1438221 0.1613611 0.1557761 0.1638642 0.2437668 0.1970647 0.1640118 0.1534354 0.1329559 0.1890686 0.3630138 0.2967903 0.1564435 0.1494592 0.1545811 0.2516815 0.1655954 0.1651863 0.1509417 0.4342069 0.2982421 0.1589011 0.2538975 0.4068584 0.1510366 0.3941195 0.1526698 0.1718957 0.1554898 0.3362252 0.2218570 0.1554283 0.1694332 0.1510832 0.1689522 0.2261730 0.1639309 0.1590086 0.1604809 0.1738905 0.1791516 0.1590935 0.1589508 0.2362409 0.2417230 0.1742495 0.1331282 0.1634246 0.1639102 0.1619098 0.1592116 0.1133929 0.6495781 0.1238483 0.4505240 0.3433119 0.2905724 0.4477055 0.1353873 0.1543736 0.1545811 0.3042451 0.1530987 0.1607658 0.1574676 0.0993739 0.2724278 0.1574346 0.1554768 0.1828476 0.1619086 0.1539176 0.1651255 
Helianthus_annuus_SRR9119062               0.3324390 0.1979036 0.3340779 0.3301319 0.4288662 0.1860910 0.3672573 0.2305935 0.0000000 0.3372245 0.3326571 0.3193754 0.3195650 0.4031336 0.3626609 0.3230156 0.3131985 0.3116989 0.3400278 0.4814818 0.3774561 0.3096703 0.2295013 0.3115014 0.4127451 0.3212183 0.3140579 0.3498287 0.5577400 0.3818660 0.3155598 0.4237945 0.4539107 0.3192643 0.5188161 0.3149974 0.3402265 0.3080061 0.4611988 0.4260089 0.3139462 0.3235305 0.2902728 0.3334224 0.3366386 0.3271978 0.3221235 0.3195106 0.2967662 0.3224382 0.3152905 0.3133764 0.3835131 0.3954319 0.3251458 0.2169235 0.2804598 0.3191303 0.3135178 0.1876887 0.1732154 0.5324130 0.1879708 0.6191014 0.4894131 0.4679838 0.5819924 0.2751016 0.3205466 0.3116232 0.4169704 0.3170396 0.3109898 0.3087614 0.1518540 0.4411740 0.3380646 0.3211269 0.2917787 0.3229632 0.3182002 0.2822396 
Lycapsus_tenuifolius_17                    0.1196441 0.1195017 0.1434099 0.3733469 0.4715973 0.1151137 0.3124566 0.1438221 0.3372245 0.0000000 0.1718072 0.1470482 0.1498098 0.2092030 0.1838357 0.1610387 0.1447297 0.2998799 0.2281475 0.3394390 0.2343705 0.1461309 0.2750871 0.1443695 0.2226481 0.1459576 0.1452089 0.1849556 0.5061920 0.2222883 0.0800054 0.3640869 0.4273915 0.0068984 0.3730098 0.1015887 0.1602572 0.1436875 0.2629266 0.2371378 0.1406667 0.1533560 0.1409519 0.1493596 0.2423971 0.1482304 0.1463776 0.1464493 0.1338457 0.1218687 0.1438397 0.1438396 0.1929524 0.2175039 0.2389958 0.1404090 0.1257577 0.1458892 0.1458985 0.1010771 0.1128481 0.5721260 0.1293273 0.6091864 0.2704913 0.3326052 0.6078794 0.1248221 0.1428087 0.1443695 0.2962911 0.1458868 0.1368824 0.1422125 0.0884514 0.2962260 0.1522281 0.1431776 0.1312220 0.1480269 0.1449452 0.1588733 
Pericome_caudata_50_silver                 0.2388755 0.2008364 0.2345583 0.4535074 0.4696219 0.1478254 0.3357077 0.1613611 0.3326571 0.1718072 0.0000000 0.2377674 0.2431701 0.3126609 0.2627365 0.2465740 0.2326868 0.2404870 0.2628681 0.3778415 0.2543189 0.2402665 0.3666164 0.2306459 0.3208691 0.2437094 0.2393227 0.2234375 0.5318061 0.3440155 0.2010265 0.3826753 0.5180587 0.1707063 0.4263244 0.1998135 0.2587088 0.2337202 0.3459876 0.3259705 0.2271102 0.2533953 0.2060233 0.2499349 0.3134262 0.2400911 0.2401854 0.2430806 0.1726772 0.1659792 0.2351609 0.2406056 0.3104971 0.2666355 0.2637797 0.1890324 0.2255980 0.2433519 0.2411025 0.1313645 0.0961331 0.7006267 0.1854854 0.6285693 0.3793864 0.2794758 0.6032864 0.1903304 0.2363454 0.2306459 0.4116923 0.2384266 0.1851679 0.2350088 0.1000254 0.2689364 0.2282907 0.2397076 0.2114328 0.2458931 0.2312758 0.2220787 
Perityle_aglossa_84_dead_horse             0.1374285 0.1093932 0.1974317 0.4156474 0.5045635 0.1390957 0.3584412 0.1557761 0.3193754 0.1470482 0.2377674 0.0000000 0.0351577 0.2150117 0.1652949 0.0527743 0.0263178 0.2793929 0.3118229 0.3470568 0.1626660 0.0340820 0.2023094 0.0301287 0.2169014 0.0310589 0.0459467 0.1648009 0.5415997 0.3613333 0.1761360 0.4134651 0.4565739 0.1333528 0.3545671 0.0760391 0.1133450 0.0270650 0.2676073 0.2400157 0.0289953 0.1075438 0.0281839 0.1064604 0.2384916 0.0341517 0.0310329 0.0330862 0.0926202 0.0498507 0.0294238 0.0275209 0.1401906 0.2118563 0.2465997 0.1409291 0.0353577 0.0315717 0.0321967 0.1421516 0.1103224 0.5546593 0.0381575 0.5863947 0.2131032 0.4157977 0.5891506 0.1332071 0.0332767 0.0296003 0.4198056 0.0284659 0.0337657 0.0278533 0.0308045 0.3709593 0.1195348 0.0226124 0.2084350 0.0362172 0.0404358 0.1090174 
Perityle_ajoensis_204                      0.1369703 0.1092758 0.1980908 0.4143049 0.4926532 0.1425956 0.3650840 0.1638642 0.3195650 0.1498098 0.2431701 0.0351577 0.0000000 0.2136884 0.1705853 0.0557127 0.0297893 0.2891908 0.3197503 0.3438649 0.1553786 0.0100928 0.2015269 0.0253132 0.2188066 0.0345128 0.0478787 0.1723112 0.5435017 0.3631886 0.1771257 0.4165077 0.4501935 0.1387379 0.3556190 0.0807551 0.1199316 0.0305711 0.2717204 0.2440788 0.0252302 0.1155780 0.0308636 0.1137210 0.2400623 0.0371145 0.0355174 0.0089549 0.0997861 0.0512226 0.0164977 0.0284288 0.1525053 0.2151724 0.2703110 0.1459291 0.0412709 0.0350243 0.0084955 0.1571038 0.1122677 0.5477721 0.0401907 0.5879656 0.2249204 0.4240345 0.5787605 0.1416085 0.0363074 0.0247922 0.4243590 0.0319223 0.0125887 0.0154746 0.0258798 0.3772569 0.1241730 0.0311803 0.2090405 0.0124666 0.0407333 0.0993943 
Perityle_ambrosiifolia_67_green            0.3113757 0.2798431 0.2315317 0.4621313 0.1912822 0.2332507 0.1946698 0.2437668 0.4031336 0.2092030 0.3126609 0.2150117 0.2136884 0.0000000 0.0551160 0.2345007 0.2166426 0.2809193 0.1315250 0.1190099 0.1619184 0.2098118 0.3714150 0.1970730 0.0338526 0.2186288 0.2269577 0.3157322 0.1448870 0.1722073 0.2195091 0.2280791 0.2262909 0.1847359 0.1210696 0.1444586 0.2761855 0.2166812 0.2448523 0.0822646 0.1981033 0.2679015 0.2412163 0.2693503 0.4058088 0.2227689 0.2171542 0.2119528 0.0931606 0.0566790 0.2054570 0.2135235 0.1336003 0.0446922 0.2513937 0.3094143 0.1807000 0.2179539 0.2095443 0.1291063 0.1450076 0.1413202 0.2284119 0.2457165 0.1820514 0.1959222 0.2941238 0.1317974 0.2190882 0.1971309 0.2206218 0.2164986 0.1176049 0.2022086 0.1837532 0.1860012 0.3001196 0.2248218 0.2163046 0.2158926 0.2218906 0.2737571 
Perityle_angustifolia_13_Eagle_creek       0.2787691 0.2597866 0.2215092 0.4420238 0.2254286 0.1935344 0.2195521 0.1970647 0.3626609 0.1838357 0.2627365 0.1652949 0.1705853 0.0551160 0.0000000 0.1928337 0.1675213 0.2823667 0.1311512 0.1525293 0.1534861 0.1692592 0.3874818 0.1652569 0.0613483 0.1694069 0.1825040 0.2945902 0.1923321 0.1674864 0.1841375 0.2571793 0.2466795 0.1643669 0.1570279 0.1164539 0.2408669 0.1672311 0.2249407 0.0981602 0.1673236 0.2382704 0.1803972 0.2327399 0.3842931 0.1705225 0.1694501 0.1673256 0.0911523 0.0460216 0.1632397 0.1649885 0.1307395 0.0336607 0.2142835 0.2796420 0.1592085 0.1703043 0.1649001 0.1174827 0.1372371 0.1402415 0.1903304 0.2838973 0.1513304 0.2114910 0.3415218 0.0941295 0.1690796 0.1652569 0.2187534 0.1689236 0.0861460 0.1624607 0.1215173 0.2065470 0.2533826 0.1690333 0.1853352 0.1688246 0.1769773 0.2372504 
Perityle_batopilensis_97                   0.1508986 0.1191925 0.2176326 0.4265650 0.5107725 0.1345562 0.3777932 0.1640118 0.3230156 0.1610387 0.2465740 0.0527743 0.0557127 0.2345007 0.1928337 0.0000000 0.0487057 0.3023286 0.3357133 0.3677322 0.1781575 0.0543565 0.2290889 0.0495259 0.2378557 0.0504089 0.0581549 0.1694490 0.5658661 0.3726759 0.1869831 0.4458403 0.4775548 0.1504591 0.3766243 0.0962200 0.1233758 0.0452828 0.2949087 0.2422745 0.0483147 0.1169926 0.0456290 0.1171225 0.2519629 0.0525951 0.0503652 0.0535748 0.1042757 0.0640453 0.0497609 0.0490082 0.1590802 0.2343032 0.2611488 0.1357164 0.0474522 0.0509349 0.0527707 0.1290435 0.0942214 0.5767501 0.0462098 0.6108823 0.2337802 0.4481851 0.6059674 0.1594230 0.0508662 0.0489745 0.4380539 0.0477298 0.0600706 0.0470599 0.0560141 0.3942549 0.1284610 0.0488086 0.2269555 0.0573588 0.0523846 0.1201572 
Perityle_bisetosa_9                        0.1366343 0.1022626 0.1969331 0.4134583 0.4969742 0.1258517 0.3606792 0.1534354 0.3131985 0.1447297 0.2326868 0.0263178 0.0297893 0.2166426 0.1675213 0.0487057 0.0000000 0.2696183 0.3158068 0.3460988 0.1515129 0.0297053 0.1836847 0.0258324 0.2218308 0.0272812 0.0415283 0.1664882 0.5404265 0.3640457 0.1729907 0.4172996 0.4459582 0.1323256 0.3510581 0.0720150 0.1132027 0.0125487 0.2658972 0.2376985 0.0257480 0.1080916 0.0251511 0.1064124 0.2389132 0.0231323 0.0277699 0.0287796 0.0896886 0.0444216 0.0251613 0.0237700 0.1342010 0.2097917 0.2545642 0.1374036 0.0342395 0.0283015 0.0284040 0.1470993 0.1015832 0.5538045 0.0311229 0.5852974 0.2073985 0.4172896 0.5871871 0.1370927 0.0210143 0.0253109 0.4221490 0.0252249 0.0274952 0.0236108 0.0209054 0.3720662 0.1154561 0.0231041 0.2027850 0.0323917 0.0339481 0.0994076 
Perityle_californica_76_positas            0.2357931 0.1382813 0.1950453 0.4062131 0.3333170 0.2427934 0.3163620 0.1329559 0.3116989 0.2998799 0.2404870 0.2793929 0.2891908 0.2809193 0.2823667 0.3023286 0.2696183 0.0000000 0.2371381 0.2915109 0.2946684 0.2856221 0.0601487 0.3049288 0.2791632 0.3270900 0.2531277 0.2674957 0.2422170 0.1533826 0.2896857 0.2247538 0.2813009 0.2998799 0.3223581 0.2696183 0.3202453 0.2797388 0.2149833 0.2355298 0.2908113 0.2995352 0.3270900 0.2983213 0.4059741 0.3002042 0.3183981 0.2891908 0.3103118 0.2704749 0.3002042 0.2709117 0.2628882 0.2903533 0.2585900 0.2063712 0.2708793 0.3401146 0.2891908 0.2214804 0.1427569 1.2620252 0.0954464 1.1287801 0.2786431 0.2705923 0.6948054 0.2706893 0.2892171 0.3049288 0.1533826 0.3098965 0.2891908 0.2896373 0.0893415 0.2619670 0.2485287 0.2784330 0.2944737 0.2891908 0.2696183 0.2370767 
Perityle_canescens_77                      0.3532637 0.2515039 0.2620960 0.3937280 0.2052989 0.1997734 0.2162922 0.1890686 0.3400278 0.2281475 0.2628681 0.3118229 0.3197503 0.1315250 0.1311512 0.3357133 0.3158068 0.2371381 0.0000000 0.2011144 0.2561842 0.3138153 0.3386582 0.3085085 0.1392236 0.3168449 0.3192315 0.3607037 0.1640709 0.1480402 0.1970699 0.1891122 0.2135258 0.1956661 0.2139740 0.2352052 0.3424636 0.3148183 0.2595623 0.1824736 0.3125588 0.3429181 0.3094493 0.3367456 0.4158903 0.3240819 0.3097438 0.3200042 0.1330739 0.1228241 0.3151794 0.3157241 0.2523450 0.1353391 0.0683616 0.2762165 0.2698922 0.3173420 0.3152948 0.0770170 0.1345118 0.1189607 0.2295297 0.2238786 0.2682944 0.1863254 0.2609795 0.1658502 0.3185161 0.3096496 0.1656480 0.3165166 0.2007918 0.3115359 0.1186837 0.1910503 0.2659322 0.3306852 0.2049876 0.3210223 0.3136636 0.2970004 
Perityle_castillonii_96                    0.4071191 0.3485771 0.3446927 0.4763367 0.2413450 0.2670366 0.2548054 0.3630138 0.4814818 0.3394390 0.3778415 0.3470568 0.3438649 0.1190099 0.1525293 0.3677322 0.3460988 0.2915109 0.2011144 0.0000000 0.0418325 0.3444568 0.3785142 0.3484507 0.1162522 0.3569723 0.3612855 0.4308480 0.1608568 0.2336394 0.3159507 0.2990573 0.2490034 0.3035052 0.0309434 0.3063063 0.3993733 0.3443908 0.3084673 0.1732111 0.3489795 0.3864401 0.3835948 0.3929427 0.5335085 0.3669539 0.3548744 0.3464027 0.2101778 0.1518064 0.3494596 0.3485777 0.2315679 0.1152410 0.3494004 0.4096096 0.2790270 0.3571325 0.3443487 0.2612927 0.1616362 0.1334168 0.3481620 0.2669986 0.2958841 0.2223907 0.3064045 0.2093734 0.3490059 0.3485746 0.2731827 0.3552744 0.2785827 0.3464662 0.2118324 0.2339517 0.3962069 0.3249882 0.2409192 0.3502033 0.3524261 0.2746737 
Perityle_cernua_84                         0.2525812 0.2057679 0.2164341 0.4389587 0.3947575 0.2037859 0.2566966 0.2967903 0.3774561 0.2343705 0.2543189 0.1626660 0.1553786 0.1619184 0.1534861 0.1781575 0.1515129 0.2946684 0.2561842 0.0418325 0.0000000 0.1614557 0.5557589 0.1637459 0.1570512 0.1715242 0.1729062 0.2671882 0.2360357 0.3234877 0.2371435 0.3390261 0.3662585 0.2301185 0.0393676 0.1540789 0.2253664 0.1449833 0.1791889 0.1795467 0.1666101 0.2164101 0.2049774 0.2156195 0.4727514 0.1680311 0.1714744 0.1573460 0.2040851 0.1285397 0.1658741 0.1607255 0.1390835 0.1589232 0.3442180 0.2695040 0.1668383 0.1748870 0.1590761 0.2464640 0.1003434 0.7889428 0.2291354 0.6245635 0.1404780 0.3068329 0.5254648 0.1788536 0.1641889 0.1654527 0.3773936 0.1700014 0.1496964 0.1609624 0.0644993 0.3012365 0.2401108 0.1154946 0.1545731 0.1605422 0.1632299 0.1291547 
Perityle_cfvillosa_25_tin                  0.1366477 0.1071772 0.1920474 0.4188065 0.4918152 0.1345908 0.3626319 0.1564435 0.3096703 0.1461309 0.2402665 0.0340820 0.0100928 0.2098118 0.1692592 0.0543565 0.0297053 0.2856221 0.3138153 0.3444568 0.1614557 0.0000000 0.1945410 0.0246309 0.2151062 0.0323800 0.0464057 0.1714957 0.5236286 0.3567332 0.1756924 0.4138346 0.4486546 0.1355581 0.3515240 0.0793678 0.1155234 0.0294385 0.2778408 0.2423166 0.0245491 0.1103490 0.0278669 0.1098474 0.2398976 0.0355395 0.0328705 0.0060401 0.1001051 0.0472433 0.0157058 0.0272669 0.1492268 0.2099092 0.2636132 0.1421699 0.0398412 0.0328978 0.0035145 0.1478431 0.1086336 0.5501096 0.0361206 0.5741502 0.2219599 0.4215984 0.5766789 0.1363847 0.0346931 0.0241033 0.4131178 0.0297604 0.0086736 0.0146702 0.0209419 0.3744969 0.1223258 0.0294869 0.1957799 0.0095863 0.0408072 0.0999358 
Perityle_cinerea_113_Powell1310            0.2457863 0.1052349 0.2951648 0.3345070 0.3567479 0.1557147 0.3816228 0.1494592 0.2295013 0.2750871 0.3666164 0.2023094 0.2015269 0.3714150 0.3874818 0.2290889 0.1836847 0.0601487 0.3386582 0.3785142 0.5557589 0.1945410 0.0000000 0.1887609 0.3815941 0.1949653 0.2033319 0.2359560 0.3210715 0.3175733 0.2987251 0.4246359 0.3838950 0.2111169 0.3771022 0.2917073 0.1796144 0.1922672 0.7139442 0.4067951 0.1906280 0.1720694 0.1948677 0.1675742 0.2667011 0.1918952 0.1952023 0.1954665 0.6145508 0.5373288 0.1924927 0.1948061 0.6765371 0.3794971 0.6763592 0.1713520 0.1682877 0.2043438 0.1955469 0.4252193 0.1466671 0.3445001 0.1073925 0.3728024 0.7553297 0.3844204 0.4507096 0.2080360 0.1946606 0.1887609 0.3219905 0.1921992 0.2627540 0.1952288 0.0639683 0.4050245 0.2182773 0.1864805 0.2209803 0.1986613 0.2077292 0.1788523 
Perityle_coahuilensis_24                   0.1326155 0.1041085 0.1936887 0.4085476 0.4900515 0.1363328 0.3542049 0.1545811 0.3115014 0.1443695 0.2306459 0.0301287 0.0253132 0.1970730 0.1652569 0.0495259 0.0258324 0.3049288 0.3085085 0.3484507 0.1637459 0.0246309 0.1887609 0.0000000 0.2134312 0.0294767 0.0417492 0.1646231 0.5386428 0.3532704 0.1731423 0.4064488 0.4398024 0.1320031 0.3521156 0.0754612 0.1120533 0.0265680 0.2719880 0.2374380 0.0079993 0.1068871 0.0258616 0.1052426 0.2336491 0.0310649 0.0304842 0.0227406 0.0902432 0.0474700 0.0191488 0.0249523 0.1410194 0.2088420 0.2486116 0.1383616 0.0305556 0.0299883 0.0228633 0.1432888 0.1066799 0.5264921 0.0322747 0.5780251 0.2144543 0.4130860 0.5800106 0.1379518 0.0311874 0.0004968 0.4102411 0.0268911 0.0276126 0.0181153 0.0341830 0.3638430 0.1185806 0.0270367 0.2078346 0.0263413 0.0362549 0.1002624 
Perityle_cochisensis_44_cave_creek         0.3153049 0.2826962 0.2458439 0.4672136 0.2240196 0.2302621 0.2283998 0.2516815 0.4127451 0.2226481 0.3208691 0.2169014 0.2188066 0.0338526 0.0613483 0.2378557 0.2218308 0.2791632 0.1392236 0.1162522 0.1570512 0.2151062 0.3815941 0.2134312 0.0000000 0.2244685 0.2331235 0.3418607 0.1884185 0.1680701 0.2225555 0.2634540 0.2461792 0.1899596 0.1213987 0.1551440 0.2921469 0.2213623 0.2565664 0.0991940 0.2158453 0.2908709 0.2450027 0.2819784 0.3978705 0.2285374 0.2229971 0.2180113 0.0896177 0.0477388 0.2140755 0.2181328 0.1341061 0.0360857 0.2578847 0.3071057 0.1805056 0.2238369 0.2156869 0.1422699 0.1447247 0.1405918 0.2237400 0.2794259 0.1877223 0.2245385 0.3329014 0.1203360 0.2269584 0.2134907 0.2374997 0.2232621 0.1315577 0.2117834 0.1804470 0.1978558 0.3066696 0.2244579 0.2167140 0.2217129 0.2251903 0.2827137 
Perityle_congesta_202                      0.1370369 0.1171894 0.2000877 0.4150154 0.5001933 0.1391275 0.3543503 0.1655954 0.3212183 0.1459576 0.2437094 0.0310589 0.0345128 0.2186288 0.1694069 0.0504089 0.0272812 0.3270900 0.3168449 0.3569723 0.1715242 0.0323800 0.1949653 0.0294767 0.2244685 0.0000000 0.0426743 0.1685994 0.5527132 0.3596207 0.1753361 0.4157946 0.4592383 0.1337800 0.3594086 0.0809315 0.1153209 0.0280306 0.2779303 0.2428824 0.0283513 0.1096183 0.0077200 0.1072639 0.2394518 0.0330232 0.0109580 0.0324501 0.0940643 0.0528230 0.0288041 0.0274365 0.1478696 0.2157969 0.2488782 0.1432555 0.0393887 0.0094625 0.0315707 0.1444294 0.1142407 0.5503188 0.0401978 0.5848028 0.2211150 0.4192897 0.5837809 0.1437980 0.0337194 0.0289513 0.4190531 0.0074615 0.0357785 0.0272408 0.0241716 0.3747592 0.1206489 0.0285463 0.2134026 0.0360865 0.0387258 0.1126526 
Perityle_cordifolia_27                     0.1321136 0.1108580 0.1912398 0.4086250 0.5022756 0.1338264 0.3633314 0.1651863 0.3140579 0.1452089 0.2393227 0.0459467 0.0478787 0.2269577 0.1825040 0.0581549 0.0415283 0.2531277 0.3192315 0.3612855 0.1729062 0.0464057 0.2033319 0.0417492 0.2331235 0.0426743 0.0000000 0.1681254 0.5539069 0.3585604 0.1768724 0.4135582 0.4609291 0.1330984 0.3670502 0.0812597 0.1148185 0.0413504 0.2779679 0.2491179 0.0405783 0.1108091 0.0398495 0.1066675 0.2368698 0.0453282 0.0426382 0.0452483 0.0984525 0.0528637 0.0425548 0.0401705 0.1402640 0.2301240 0.2502550 0.1412850 0.0374067 0.0431936 0.0454530 0.1450411 0.1172118 0.5649412 0.0321306 0.6005933 0.2159638 0.4213372 0.5958335 0.1548546 0.0468355 0.0412088 0.4216298 0.0400364 0.0507441 0.0404194 0.0460604 0.3760279 0.1214426 0.0428636 0.2116323 0.0489683 0.0325295 0.1072867 
Perityle_cordifolia_68_tecolote            0.1801017 0.1299408 0.2330903 0.4069268 0.5049431 0.1299543 0.4009794 0.1509417 0.3498287 0.1849556 0.2234375 0.1648009 0.1723112 0.3157322 0.2945902 0.1694490 0.1664882 0.2674957 0.3607037 0.4308480 0.2671882 0.1714957 0.2359560 0.1646231 0.3418607 0.1685994 0.1681254 0.0000000 0.5818781 0.3774210 0.1883036 0.4369019 0.4656753 0.1578688 0.4440517 0.1861040 0.1828140 0.1635258 0.2693694 0.3448177 0.1633844 0.1614159 0.1659439 0.1742369 0.2856397 0.1721886 0.1697171 0.1703935 0.1419288 0.1417826 0.1635527 0.1650188 0.2349508 0.3410356 0.2319250 0.0168635 0.1303885 0.1686511 0.1713317 0.1149721 0.1128118 0.5918546 0.1146306 0.6333799 0.3048959 0.4182567 0.6219607 0.2255669 0.1569350 0.1639149 0.4454558 0.1666842 0.1765781 0.1642362 0.1003913 0.3935804 0.1520076 0.1692138 0.2456841 0.1730762 0.1614609 0.1371962 
Perityle_coronopifolia_28_patagonia        0.5401715 0.4123480 0.4590726 0.4283184 0.1322332 0.3129883 0.2251379 0.4342069 0.5577400 0.5061920 0.5318061 0.5415997 0.5435017 0.1448870 0.1923321 0.5658661 0.5404265 0.2422170 0.1640709 0.1608568 0.2360357 0.5236286 0.3210715 0.5386428 0.1884185 0.5527132 0.5539069 0.5818781 0.0000000 0.1777458 0.3684073 0.2473691 0.1382999 0.4490197 0.1635872 0.5851954 0.5603478 0.5413332 0.5480280 0.2213814 0.5406889 0.5379502 0.5451683 0.5536541 0.5123737 0.5584596 0.5478884 0.5414148 0.1900255 0.2528888 0.5373086 0.5441837 0.4098592 0.1838327 0.1743930 0.4635732 0.4066644 0.5451161 0.5277698 0.1983380 0.3020659 0.1074732 0.3870154 0.0157145 0.5276262 0.1830101 0.1478054 0.2732468 0.5333146 0.5389886 0.2082300 0.5419597 0.5201733 0.5447617 0.3479355 0.1876726 0.5626758 0.5434611 0.2716944 0.5466279 0.5469760 0.4156013 
Perityle_crassifolia_70_ventanas           0.3792515 0.2915949 0.2989186 0.3765295 0.2208138 0.1985649 0.1736901 0.2982421 0.3818660 0.2222883 0.3440155 0.3613333 0.3631886 0.1722073 0.1674864 0.3726759 0.3640457 0.1533826 0.1480402 0.2336394 0.3234877 0.3567332 0.3175733 0.3532704 0.1680701 0.3596207 0.3585604 0.3774210 0.1777458 0.0000000 0.1920172 0.1836245 0.2017815 0.1984595 0.2416316 0.3086287 0.3935293 0.3639793 0.3926438 0.1980243 0.3527206 0.3895317 0.3362353 0.3861512 0.4431764 0.3719588 0.3572661 0.3616924 0.1842057 0.2027565 0.3595790 0.3538636 0.2923827 0.1671496 0.1714874 0.3070175 0.2720684 0.3592370 0.3569351 0.1080924 0.1547962 0.1316130 0.2622963 0.2598369 0.3675094 0.1802050 0.2362784 0.2291484 0.3661174 0.3544584 0.0128594 0.3603398 0.2813684 0.3583662 0.2268359 0.1851036 0.3763559 0.3694073 0.2442639 0.3661271 0.3643449 0.2890017 
Perityle_crassifolia_74_playa_balandra     0.1837468 0.1550603 0.1469926 0.3093701 0.3615917 0.0955577 0.2574994 0.1589011 0.3155598 0.0800054 0.2010265 0.1761360 0.1771257 0.2195091 0.1841375 0.1869831 0.1729907 0.2896857 0.1970699 0.3159507 0.2371435 0.1756924 0.2987251 0.1731423 0.2225555 0.1753361 0.1768724 0.1883036 0.3684073 0.1920172 0.0000000 0.2514120 0.3651813 0.0605324 0.3313558 0.1454032 0.1988173 0.1739818 0.3204436 0.2155532 0.1727932 0.1865860 0.1760651 0.1878387 0.2678651 0.1778742 0.1739557 0.1790859 0.1166157 0.1260271 0.1731254 0.1789726 0.2071612 0.2101738 0.1563499 0.1659636 0.1797871 0.1771089 0.1750437 0.1027232 0.1170186 0.4572246 0.1539607 0.4375726 0.2939323 0.2596184 0.4458986 0.1233254 0.1704344 0.1731423 0.2008186 0.1741526 0.1378788 0.1721915 0.0905727 0.2555419 0.1806487 0.1767671 0.1370457 0.1830691 0.1772893 0.2120997 
Perityle_cuneata_34_cuneata_San_antonio    0.4182997 0.2548631 0.3479949 0.4256789 0.2339072 0.2057483 0.1957270 0.2538975 0.4237945 0.3640869 0.3826753 0.4134651 0.4165077 0.2280791 0.2571793 0.4458403 0.4172996 0.2247538 0.1891122 0.2990573 0.3390261 0.4138346 0.4246359 0.4064488 0.2634540 0.4157946 0.4135582 0.4369019 0.2473691 0.1836245 0.2514120 0.0000000 0.1736623 0.2927475 0.2961593 0.3654414 0.4345968 0.4206946 0.3245014 0.2728160 0.4111743 0.4110794 0.4161079 0.4356763 0.4822787 0.4203717 0.4168114 0.4163657 0.2585309 0.2698145 0.4135258 0.4091088 0.3242425 0.2578073 0.3020095 0.2917701 0.3289630 0.4152412 0.4128449 0.1665034 0.1826578 0.1375896 0.2400655 0.3268751 0.3438419 0.2828873 0.3511868 0.2348753 0.4052997 0.4076147 0.2594718 0.4164946 0.3570167 0.4119840 0.1643207 0.2632137 0.4132664 0.4136215 0.2473490 0.4190007 0.4113820 0.3243250 
Perityle_cuneata_4                         0.4578715 0.3666673 0.3840359 0.4859720 0.1585278 0.2784422 0.2490265 0.4068584 0.4539107 0.4273915 0.5180587 0.4565739 0.4501935 0.2262909 0.2466795 0.4775548 0.4459582 0.2813009 0.2135258 0.2490034 0.3662585 0.4486546 0.3838950 0.4398024 0.2461792 0.4592383 0.4609291 0.4656753 0.1382999 0.2017815 0.3651813 0.1736623 0.0000000 0.3950131 0.2348475 0.4342198 0.4927562 0.4489514 0.4456567 0.2624385 0.4449319 0.4722363 0.4611623 0.4779344 0.4908912 0.4594507 0.4518492 0.4511785 0.3630158 0.3569883 0.4541600 0.4502575 0.3998002 0.2390189 0.4603697 0.4024265 0.4083164 0.4566158 0.4488037 0.3062918 0.2330991 0.1406334 0.3436181 0.2325483 0.4654689 0.2560740 0.2608343 0.3238396 0.4519117 0.4399885 0.2494980 0.4545309 0.4145513 0.4487652 0.2668499 0.2411190 0.4935055 0.4403601 0.2786106 0.4575327 0.4537993 0.3611096 
Perityle_discoidea_81                      0.1092361 0.1026501 0.1156602 0.3516656 0.3962213 0.1144421 0.2562151 0.1510366 0.3192643 0.0068984 0.1707063 0.1333528 0.1387379 0.1847359 0.1643669 0.1504591 0.1323256 0.2998799 0.1956661 0.3035052 0.2301185 0.1355581 0.2111169 0.1320031 0.1899596 0.1337800 0.1330984 0.1578688 0.4490197 0.1984595 0.0605324 0.2927475 0.3950131 0.0000000 0.3306956 0.0996091 0.1573110 0.1310950 0.2580711 0.1979862 0.1280730 0.1450851 0.1293903 0.1417745 0.2190007 0.1360658 0.1342640 0.1369132 0.1351365 0.1232083 0.1323745 0.1332674 0.1764761 0.1816995 0.2637655 0.1237954 0.0983210 0.1345573 0.1352881 0.1174710 0.1169471 0.5543226 0.1130578 0.5727205 0.2543844 0.2982868 0.5635343 0.1042569 0.1325526 0.1320031 0.2747051 0.1336375 0.1387874 0.1305641 0.0929476 0.2624049 0.1404566 0.1302526 0.1148261 0.1395247 0.1302290 0.1234190 
Perityle_dissecta_201                      0.4219160 0.3473855 0.3607017 0.4864024 0.2274530 0.2755248 0.2655485 0.3941195 0.5188161 0.3730098 0.4263244 0.3545671 0.3556190 0.1210696 0.1570279 0.3766243 0.3510581 0.3223581 0.2139740 0.0309434 0.0393676 0.3515240 0.3771022 0.3521156 0.1213987 0.3594086 0.3670502 0.4440517 0.1635872 0.2416316 0.3313558 0.2961593 0.2348475 0.3306956 0.0000000 0.3176539 0.4092384 0.3485345 0.3019371 0.1722639 0.3557305 0.3938901 0.4096811 0.4016103 0.5620409 0.3666326 0.3579223 0.3562542 0.2091849 0.1487778 0.3589656 0.3562410 0.2137474 0.1296913 0.3806120 0.4071782 0.2778015 0.3599459 0.3512009 0.2673113 0.1638700 0.1380645 0.3455342 0.2552060 0.2723321 0.2426983 0.3029847 0.2094147 0.3532980 0.3522277 0.3131246 0.3572822 0.3096469 0.3552382 0.2197289 0.2476164 0.4139543 0.3359170 0.2396432 0.3606209 0.3554261 0.2811182 
Perityle_emoryi_47_punta_san_jose          0.1423508 0.1175185 0.1485578 0.3802291 0.4694236 0.1166569 0.3046171 0.1526698 0.3149974 0.1015887 0.1998135 0.0760391 0.0807551 0.1444586 0.1164539 0.0962200 0.0720150 0.2696183 0.2352052 0.3063063 0.1540789 0.0793678 0.2917073 0.0754612 0.1551440 0.0809315 0.0812597 0.1861040 0.5851954 0.3086287 0.1454032 0.3654414 0.4342198 0.0996091 0.3176539 0.0000000 0.1355482 0.0728617 0.2495092 0.1674045 0.0744301 0.1259677 0.0861770 0.1253011 0.2250557 0.0779915 0.0793325 0.0777838 0.0921406 0.0418503 0.0748272 0.0749038 0.0868776 0.1475070 0.2527447 0.1531209 0.0539654 0.0801725 0.0783977 0.1393847 0.1075147 0.6205954 0.0796885 0.6650874 0.1677132 0.3850157 0.6228559 0.0804281 0.0788703 0.0754612 0.3887407 0.0779854 0.0726891 0.0740691 0.0712412 0.3223428 0.1405130 0.0766660 0.1349554 0.0799397 0.0517230 0.1295535 
Perityle_feddemae_99                       0.1584675 0.1145820 0.2112597 0.4217966 0.5393846 0.1674359 0.3919899 0.1718957 0.3402265 0.1602572 0.2587088 0.1133450 0.1199316 0.2761855 0.2408669 0.1233758 0.1132027 0.3202453 0.3424636 0.3993733 0.2253664 0.1155234 0.1796144 0.1120533 0.2921469 0.1153209 0.1148185 0.1828140 0.5603478 0.3935293 0.1988173 0.4345968 0.4927562 0.1573110 0.4092384 0.1355482 0.0000000 0.1063982 0.2964587 0.2992707 0.1104302 0.0259606 0.1044166 0.0198610 0.2688441 0.1158546 0.1151419 0.1151335 0.0232723 0.1078953 0.1131907 0.1098258 0.2070223 0.2813324 0.2699572 0.1561336 0.0775680 0.1164845 0.1156958 0.1585756 0.1127865 0.5961686 0.0848015 0.6332169 0.2755579 0.4271336 0.6313865 0.1942909 0.1118040 0.1114213 0.4391387 0.1122561 0.1298531 0.1095911 0.1088998 0.3797723 0.1251879 0.1132682 0.2241280 0.1193516 0.1116094 0.1249197 
Perityle_fosteri_93                        0.1329178 0.0983821 0.1968219 0.4097332 0.4916336 0.1253211 0.3574381 0.1554898 0.3080061 0.1436875 0.2337202 0.0270650 0.0305711 0.2166812 0.1672311 0.0452828 0.0125487 0.2797388 0.3148183 0.3443908 0.1449833 0.0294385 0.1922672 0.0265680 0.2213623 0.0280306 0.0413504 0.1635258 0.5413332 0.3639793 0.1739818 0.4206946 0.4489514 0.1310950 0.3485345 0.0728617 0.1063982 0.0000000 0.2720158 0.2377644 0.0254479 0.1028275 0.0242281 0.1006102 0.2370462 0.0233291 0.0290412 0.0290254 0.0928929 0.0480875 0.0248629 0.0224196 0.1391421 0.2105538 0.2475241 0.1346121 0.0347917 0.0285434 0.0286477 0.1343482 0.1019041 0.5510511 0.0346692 0.5781792 0.2133381 0.4190755 0.5875513 0.1415999 0.0170227 0.0260415 0.4230605 0.0254402 0.0305273 0.0238114 0.0275022 0.3743058 0.1133987 0.0243470 0.2016003 0.0326690 0.0347697 0.1024925 
Perityle_gamon_221                         0.2854134 0.2819256 0.2663312 0.4585109 0.4362058 0.2584135 0.2622963 0.3362252 0.4611988 0.2629266 0.3459876 0.2676073 0.2717204 0.2448523 0.2249407 0.2949087 0.2658972 0.2149833 0.2595623 0.3084673 0.1791889 0.2778408 0.7139442 0.2719880 0.2565664 0.2779303 0.2779679 0.2693694 0.5480280 0.3926438 0.3204436 0.3245014 0.4456567 0.2580711 0.3019371 0.2495092 0.2964587 0.2720158 0.0000000 0.2417949 0.2745573 0.2814577 0.3138668 0.2846991 0.4956010 0.2731699 0.2785907 0.2735008 0.1492680 0.1596054 0.2720196 0.2762019 0.2175363 0.2536727 0.2879441 0.2875980 0.1818041 0.2808155 0.2735636 0.1244649 0.2067562 0.9566958 0.3094205 0.7248432 0.3164900 0.3655081 0.6432529 0.2956608 0.2696874 0.2719880 0.4794175 0.2757740 0.2562285 0.2671516 0.2759925 0.3047968 0.2280227 0.2707859 0.2962892 0.2718860 0.2703876 0.1606860 
Perityle_gentryi_8_san_francisco           0.3392488 0.2847204 0.2400586 0.4595029 0.2328657 0.2294395 0.2412530 0.2218570 0.4260089 0.2371378 0.3259705 0.2400157 0.2440788 0.0822646 0.0981602 0.2422745 0.2376985 0.2355298 0.1824736 0.1732111 0.1795467 0.2423166 0.4067951 0.2374380 0.0991940 0.2428824 0.2491179 0.3448177 0.2213814 0.1980243 0.2155532 0.2728160 0.2624385 0.1979862 0.1722639 0.1674045 0.2992707 0.2377644 0.2417949 0.0000000 0.2408241 0.2787569 0.2740188 0.2925391 0.4311709 0.2457759 0.2426258 0.2449778 0.1028619 0.0674327 0.2389477 0.2355011 0.1419173 0.0957717 0.2665937 0.3098552 0.1975050 0.2417321 0.2434060 0.1450042 0.1738475 0.1804566 0.2122670 0.3143443 0.1665985 0.2468912 0.3790248 0.1287340 0.2273326 0.2375101 0.2751513 0.2412281 0.1543219 0.2363480 0.1549274 0.2430481 0.3250860 0.2484474 0.1960195 0.2490436 0.2461389 0.2918186 
Perityle_gilensis_salensis_225             0.1295572 0.1068565 0.1908876 0.4133078 0.4968956 0.1374390 0.3539442 0.1554283 0.3139462 0.1406667 0.2271102 0.0289953 0.0252302 0.1981033 0.1673236 0.0483147 0.0257480 0.2908113 0.3125588 0.3489795 0.1666101 0.0245491 0.1906280 0.0079993 0.2158453 0.0283513 0.0405783 0.1633844 0.5406889 0.3527206 0.1727932 0.4111743 0.4449319 0.1280730 0.3557305 0.0744301 0.1104302 0.0254479 0.2745573 0.2408241 0.0000000 0.1052136 0.0234845 0.1036285 0.2340440 0.0309624 0.0293552 0.0226662 0.0899373 0.0501674 0.0190863 0.0243520 0.1432115 0.2120875 0.2489613 0.1405549 0.0313642 0.0288608 0.0227881 0.1449981 0.1039441 0.5356807 0.0342569 0.5809603 0.2151467 0.4126989 0.5775507 0.1405255 0.0310828 0.0074950 0.4095393 0.0257774 0.0261980 0.0180563 0.0308237 0.3594327 0.1168897 0.0269442 0.2090563 0.0262548 0.0350980 0.1024312 
Perityle_glaucescens_94                    0.1510406 0.1175664 0.1960656 0.4172900 0.5330667 0.1535345 0.3692889 0.1694332 0.3235305 0.1533560 0.2533953 0.1075438 0.1155780 0.2679015 0.2382704 0.1169926 0.1080916 0.2995352 0.3429181 0.3864401 0.2164101 0.1103490 0.1720694 0.1068871 0.2908709 0.1096183 0.1108091 0.1614159 0.5379502 0.3895317 0.1865860 0.4110794 0.4722363 0.1450851 0.3938901 0.1259677 0.0259606 0.1028275 0.2814577 0.2787569 0.1052136 0.0000000 0.1004654 0.0206248 0.2684055 0.1125765 0.1100322 0.1106223 0.0258049 0.0971861 0.1074059 0.1045439 0.1980035 0.2853966 0.2592388 0.1496545 0.0794955 0.1107579 0.1111820 0.1500781 0.0982539 0.5942119 0.0890959 0.6127946 0.2667085 0.4068136 0.6132930 0.1910551 0.1110708 0.1062359 0.4523670 0.1064694 0.1217174 0.1043069 0.1066937 0.3664556 0.1209211 0.1079362 0.2212081 0.1149780 0.1082568 0.1170110 
Perityle_gracilis_11                       0.1250481 0.1147897 0.2030766 0.3741065 0.4933544 0.1357658 0.3547954 0.1510832 0.2902728 0.1409519 0.2060233 0.0281839 0.0308636 0.2412163 0.1803972 0.0456290 0.0251511 0.3270900 0.3094493 0.3835948 0.2049774 0.0278669 0.1948677 0.0258616 0.2450027 0.0077200 0.0398495 0.1659439 0.5451683 0.3362353 0.1760651 0.4161079 0.4611623 0.1293903 0.4096811 0.0861770 0.1044166 0.0242281 0.3138668 0.2740188 0.0234845 0.1004654 0.0000000 0.0989029 0.2321485 0.0303572 0.0099283 0.0285873 0.0693252 0.0568532 0.0251398 0.0247559 0.1785873 0.2272519 0.1543599 0.1431289 0.0391729 0.0066133 0.0275965 0.1378166 0.1143343 0.5447263 0.0351548 0.5512755 0.2670725 0.3924401 0.5539688 0.1426247 0.0298876 0.0252827 0.3580201 0.0060584 0.0304591 0.0239886 0.0144040 0.3704243 0.1117615 0.0264699 0.2121220 0.0320222 0.0372624 0.1130850 
Perityle_harkerae_31                       0.1506949 0.1146038 0.2014859 0.4183406 0.5343321 0.1591593 0.3812122 0.1689522 0.3334224 0.1493596 0.2499349 0.1064604 0.1137210 0.2693503 0.2327399 0.1171225 0.1064124 0.2983213 0.3367456 0.3929427 0.2156195 0.1098474 0.1675742 0.1052426 0.2819784 0.1072639 0.1066675 0.1742369 0.5536541 0.3861512 0.1878387 0.4356763 0.4779344 0.1417745 0.4016103 0.1253011 0.0198610 0.1006102 0.2846991 0.2925391 0.1036285 0.0206248 0.0989029 0.0000000 0.2646301 0.1102521 0.1070970 0.1077383 0.0180468 0.0912100 0.1064008 0.1018089 0.1969299 0.2771942 0.2568827 0.1471482 0.0732430 0.1084269 0.1094554 0.1347557 0.1106518 0.5898996 0.0826995 0.6257213 0.2679190 0.4237217 0.6243573 0.1857106 0.1066729 0.1046127 0.4343753 0.1042109 0.1227228 0.1033965 0.1032107 0.3764632 0.1213442 0.1055386 0.2150029 0.1119508 0.1036308 0.1171803 
Perityle_hofmeisteria_4_nombre_de_dios     0.2569885 0.2035774 0.2761285 0.3810257 0.4269323 0.1995961 0.4367318 0.2261730 0.3366386 0.2423971 0.3134262 0.2384916 0.2400623 0.4058088 0.3842931 0.2519629 0.2389132 0.4059741 0.4158903 0.5335085 0.4727514 0.2398976 0.2667011 0.2336491 0.3978705 0.2394518 0.2368698 0.2856397 0.5123737 0.4431764 0.2678651 0.4822787 0.4908912 0.2190007 0.5620409 0.2250557 0.2688441 0.2370462 0.4956010 0.4311709 0.2340440 0.2684055 0.2321485 0.2646301 0.0000000 0.2480766 0.2373450 0.2399155 0.2775042 0.2770163 0.2345046 0.2298415 0.3977184 0.4019847 0.3255215 0.2514256 0.2546265 0.2385175 0.2418324 0.2960217 0.2440983 0.5608651 0.1713699 0.5535209 0.4822669 0.4791288 0.4741146 0.2903331 0.2448578 0.2326642 0.4636010 0.2340674 0.2197442 0.2332393 0.1597190 0.4740032 0.2489201 0.2537628 0.3101458 0.2426349 0.2418311 0.2593532 
Perityle_huecosensis_48                    0.1394629 0.1105207 0.2021052 0.4137844 0.5136453 0.1409756 0.3668323 0.1639309 0.3271978 0.1482304 0.2400911 0.0341517 0.0371145 0.2227689 0.1705225 0.0525951 0.0231323 0.3002042 0.3240819 0.3669539 0.1680311 0.0355395 0.1918952 0.0310649 0.2285374 0.0330232 0.0453282 0.1721886 0.5584596 0.3719588 0.1778742 0.4203717 0.4594507 0.1360658 0.3666326 0.0779915 0.1158546 0.0233291 0.2731699 0.2457759 0.0309624 0.1125765 0.0303572 0.1102521 0.2480766 0.0000000 0.0329951 0.0350456 0.0941271 0.0500222 0.0313846 0.0294939 0.1440287 0.2135872 0.2566122 0.1455146 0.0413556 0.0335351 0.0341742 0.1452648 0.1169278 0.5526309 0.0371568 0.5984234 0.2168639 0.4263719 0.5952685 0.1462752 0.0252002 0.0305374 0.4276417 0.0299010 0.0336868 0.0298141 0.0375005 0.3796825 0.1212827 0.0317793 0.2127115 0.0376558 0.0403017 0.1116475 
