85
Amauria_brandeegeana_62                    0.0000000 0.0681427 0.0375376 0.2011484 0.1515286 0.8210990 0.1496066 0.1166962 0.3413270 0.7233316 0.1174289 0.0870477 0.0791375 0.0831942 0.0873994 0.0844280 0.0832016 0.1612145 0.1117845 0.0872705 0.0906341 0.0873489 0.3213460 0.0959617 0.0922916 0.0857192 0.0940217 0.0989982 0.1072309 0.1173818 0.1489542 0.1409594 0.1233724 0.6911011 0.5587923 0.3617446 0.1150848 0.0962837 0.0981977 0.0857446 0.0896095 0.0796003 0.1088238 0.0933002 0.1224666 0.0993224 0.2622141 0.0923786 0.0874877 0.1061021 0.0886785 0.0937928 0.0856716 0.0861232 0.0928384 0.1197382 0.1004277 0.0821153 0.0834645 0.0954257 0.1316753 0.1010648 0.0714970 0.0894600 0.1065565 0.0000010 0.0904656 0.0916309 0.1076093 0.0833223 0.0896095 0.1283554 0.0924566 0.0921957 0.0797771 0.1345255 0.0997850 0.0919933 0.0871128 0.0932345 0.1160244 0.0821536 0.0758865 0.1215947 0.1167395 
Amauria_carterae_99_mesa                   0.0681427 0.0000000 0.0871374 0.1194181 0.1070023 0.1491409 0.1328655 0.1072278 0.2047913 0.2230881 0.0987302 0.0891665 0.0918165 0.0966308 0.0905319 0.0916697 0.0916452 0.1185425 0.1066488 0.0678530 0.0917345 0.0927979 0.1486238 0.0955476 0.0918174 0.0903366 0.1118290 0.1047671 0.1114596 0.1169979 0.1083457 0.1032422 0.0995000 0.1870082 0.1259640 0.1402270 0.0994763 0.1019928 0.1073767 0.0918254 0.0966950 0.0893686 0.1042963 0.0676839 0.1006343 0.1100053 0.1018795 0.0969099 0.0902281 0.1018874 0.0940927 0.0914573 0.0996009 0.0928891 0.1016373 0.1125586 0.1279145 0.0878449 0.0902416 0.1014536 0.1043703 0.1039828 0.1039731 0.0928710 0.1039748 0.1286464 0.0952224 0.0726139 0.0764475 0.1003165 0.0929866 0.1181182 0.0939632 0.0942314 0.0601390 0.0844100 0.1050945 0.1020358 0.0929831 0.1015989 0.1328958 0.0926430 0.0745239 0.0937284 0.1034868 
Amauria_rotundifolia_SRR9119150            0.0375376 0.0871374 0.0000000 0.1874863 0.1577624 0.1982994 0.1736475 0.1139083 0.2783088 0.1895745 0.1370728 0.1277166 0.1277925 0.1181368 0.1154613 0.1101586 0.1121484 0.2254430 0.1279803 0.0813754 0.1128344 0.1257425 0.2827253 0.1211572 0.1096852 0.1244044 0.1566661 0.1323730 0.1287206 0.1203972 0.1212336 0.1396067 0.1601535 0.1588527 0.2013260 0.1414864 0.1316562 0.1141710 0.1556237 0.1093566 0.1165963 0.1259843 0.1340451 0.0883443 0.1271715 0.1280510 0.2076125 0.1200345 0.1290031 0.1245508 0.1104231 0.1300876 0.1251613 0.1078231 0.1136556 0.1163156 0.1568498 0.1282049 0.1263660 0.1326174 0.1379194 0.1354354 0.1060145 0.1283527 0.1323969 0.2286370 0.1170406 0.0987096 0.1048626 0.1818500 0.1179947 0.1423253 0.1339285 0.1272841 0.0777704 0.1001750 0.1103489 0.1215067 0.1236881 0.1333400 0.1337607 0.1274971 0.0975728 0.1040768 0.1040172 
Conoclinium_coelestinum_SRR9119114         0.2011484 0.1194181 0.1874863 0.0000000 0.2113788 0.2162450 0.1227101 0.1294662 0.3025073 0.2575135 0.1820080 0.1798016 0.1798169 0.1938257 0.1778582 0.1790868 0.1825770 0.2395323 0.2008552 0.1964300 0.1837669 0.1750337 0.2293134 0.1904181 0.1801657 0.1805973 0.2174052 0.1993725 0.2097656 0.1815183 0.1663052 0.2041993 0.1889413 0.2007043 0.1933801 0.1751317 0.1970353 0.1920471 0.2095379 0.1876065 0.1933859 0.1811801 0.1975241 0.1940250 0.2077941 0.2010149 0.2476301 0.1831556 0.1789638 0.1976051 0.1761218 0.1822089 0.1939939 0.1821484 0.1899331 0.1648618 0.2172279 0.1806085 0.1796988 0.1963068 0.1824639 0.1820621 0.1778684 0.1880383 0.2230536 0.2287664 0.1932189 0.2036936 0.1725873 0.2055757 0.1866375 0.2041896 0.1805928 0.1821094 0.1914719 0.1586316 0.1828073 0.1949023 0.1789160 0.1830783 0.2113275 0.1789881 0.2002810 0.1734218 0.1854500 
Eutetras_palmeri_63                        0.1515286 0.1070023 0.1577624 0.2113788 0.0000000 0.0915125 0.2070449 0.1038567 0.2913919 0.2008607 0.1698135 0.1580073 0.1610612 0.1526836 0.1351950 0.1450408 0.1480042 0.2242287 0.1484149 0.1493117 0.1388095 0.1518499 0.2674654 0.1562133 0.1301472 0.1555195 0.1995446 0.1631288 0.1721363 0.1253146 0.1091188 0.1689668 0.1809301 0.1696827 0.1674177 0.1412599 0.1640644 0.1557398 0.1787883 0.1442198 0.1520127 0.1546275 0.1614863 0.1517887 0.1543045 0.1659524 0.1830039 0.1524638 0.1558770 0.1515450 0.1488771 0.1566844 0.1715350 0.1457026 0.1394736 0.1227030 0.1772148 0.1605805 0.1542897 0.1752146 0.1539642 0.1576597 0.1334433 0.1558456 0.1785182 0.2354958 0.1642573 0.1526200 0.1136143 0.2189034 0.1532583 0.1488143 0.1591655 0.1525265 0.1546972 0.1082098 0.1389190 0.1606439 0.1459725 0.1594850 0.1552671 0.1562991 0.1838243 0.1187442 0.1368005 
Eutetras_pringlei_149_quer                 0.8210990 0.1491409 0.1982994 0.2162450 0.0915125 0.0000000 0.2076712 0.1130232 0.2184538 0.1369623 0.1817712 0.1837444 0.1764704 0.2371241 0.2255323 0.2227427 0.2147704 0.1283379 0.1915787 0.8649935 0.2149037 0.1971063 0.1471152 0.2296423 0.1794555 0.1769007 0.2268229 0.1977540 0.2123404 0.1830062 0.1494405 0.1782445 0.1881556 0.0892868 0.1026302 0.0929697 0.2024860 0.2235711 0.2151419 0.2195065 0.2366639 0.1904068 0.2034161 0.7358448 0.2034161 0.2187224 0.1407369 0.2217263 0.1934810 0.2070249 0.2189120 0.1627969 0.2184523 0.2275517 0.2051684 0.1532477 0.2171397 0.1832671 0.1934810 0.2051971 0.5114988 0.2084652 0.1582565 0.1867370 0.2088068 0.1421168 0.2130907 0.8646476 0.6751569 0.2263287 0.2257374 0.1825513 0.1912475 0.1815833 0.8889243 0.1284858 0.2127833 0.2109359 0.1901427 0.1941885 0.1988980 0.1934810 0.6870291 0.1860181 0.2093338 
Eutrochium_fistulosum_SRR9119106           0.1496066 0.1328655 0.1736475 0.1227101 0.2070449 0.2076712 0.0000000 0.1517497 0.2815610 0.2812271 0.1891255 0.1737265 0.1755892 0.1730155 0.1688134 0.1656706 0.1688249 0.2476106 0.1812383 0.1494404 0.1700764 0.1724909 0.2295349 0.1745143 0.1666688 0.1693980 0.1988690 0.1876696 0.1866542 0.1661155 0.1562108 0.1824435 0.1907356 0.2490378 0.2400136 0.2056077 0.1911063 0.1675134 0.1943986 0.1764102 0.1761761 0.1749933 0.1970981 0.1450642 0.1939030 0.1822788 0.2524434 0.1720202 0.1693655 0.1866805 0.1641795 0.1752699 0.1724150 0.1675266 0.1763225 0.1651010 0.2001874 0.1749758 0.1718366 0.1845722 0.1493447 0.1862293 0.1770735 0.1779289 0.1884482 0.2503890 0.1825877 0.1520866 0.1276306 0.1788312 0.1694102 0.1808501 0.1725832 0.1655842 0.1443332 0.1421727 0.1781790 0.1812098 0.1724258 0.1816523 0.2021742 0.1719217 0.1441133 0.1627755 0.1747008 
Galeana_pratensis_104_mex                  0.1166962 0.1072278 0.1139083 0.1294662 0.1038567 0.1130232 0.1517497 0.0000000 0.2182289 0.2815193 0.1116827 0.1087604 0.1056441 0.1120580 0.1067691 0.0929142 0.1084496 0.1313942 0.1157015 0.1127681 0.1000323 0.1054048 0.1558819 0.0999759 0.1051116 0.1067990 0.1136470 0.1191916 0.1231170 0.1354602 0.1158103 0.1273065 0.1009997 0.2125384 0.1134696 0.1359663 0.1086873 0.1156591 0.1047605 0.0966009 0.0999630 0.1074281 0.1105515 0.1221156 0.1053037 0.1030994 0.0755048 0.1147641 0.1069625 0.1053037 0.1103794 0.1032619 0.1213536 0.1105184 0.1020596 0.1341325 0.1137764 0.1069074 0.1069853 0.1141052 0.1237252 0.1279900 0.1156135 0.1035960 0.1175502 0.1068994 0.1117190 0.0938306 0.1328026 0.1128941 0.0981368 0.1352688 0.1104315 0.1052625 0.1129833 0.1017144 0.1206772 0.1044995 0.1073354 0.1004444 0.1352864 0.1104781 0.1086464 0.1204598 0.1144854 
Helianthus_annuus_SRR9119062               0.3413270 0.2047913 0.2783088 0.3025073 0.2913919 0.2184538 0.2815610 0.2182289 0.0000000 0.2874285 0.2705377 0.2681035 0.2658086 0.2737433 0.2722435 0.2727675 0.2646660 0.3091452 0.2816787 0.3413200 0.2745616 0.2672654 0.2533569 0.2806368 0.2519598 0.2680403 0.3187629 0.2698060 0.2867730 0.2702391 0.2290002 0.2624304 0.2701977 0.2398298 0.2390144 0.2005055 0.2789346 0.2758940 0.2846452 0.2789690 0.2859323 0.2667618 0.2743452 0.3330024 0.2797900 0.2815847 0.3392556 0.2737937 0.2667652 0.2696293 0.2691082 0.2597514 0.2767976 0.2725314 0.2690278 0.2526553 0.3445859 0.2672527 0.2667859 0.3000161 0.1849613 0.2858060 0.3191444 0.2668305 0.2916596 0.3035330 0.2844620 0.3159107 0.3822110 0.2649123 0.2755524 0.2875752 0.2724411 0.2682619 0.3184106 0.2272152 0.2755727 0.2779065 0.2641133 0.2774031 0.3592092 0.2637197 0.3523530 0.2525047 0.2711974 
Lycapsus_tenuifolius_17                    0.7233316 0.2230881 0.1895745 0.2575135 0.2008607 0.1369623 0.2812271 0.2815193 0.2874285 0.0000000 0.2429542 0.2222902 0.2291616 0.2323130 0.2203934 0.2246408 0.2253361 0.3248784 0.2209249 0.6761020 0.2240727 0.2123300 0.3762636 0.2356861 0.2063127 0.2196688 0.3196821 0.2405888 0.2561428 0.0823928 0.1228324 0.2332930 0.2608834 0.0047541 0.1911853 0.0059464 0.2452436 0.2290281 0.2958543 0.2297205 0.2379828 0.2225062 0.2507995 0.7009688 0.2382158 0.2420527 0.2224192 0.2251585 0.2206407 0.2391343 0.2237934 0.2225157 0.2542040 0.2090538 0.2319940 0.2103845 0.3476408 0.2256669 0.2206498 0.2651857 0.7372294 0.2467573 0.2659361 0.2263674 0.2529422 0.2725617 0.2424983 0.8201798 0.7906568 0.3889050 0.2355683 0.0738387 0.2242594 0.2201777 0.7002253 0.1835775 0.2268908 0.2371975 0.2202702 0.2309709 0.2797970 0.2206498 0.6830860 0.2118944 0.2088131 
Pericome_caudata_50_silver                 0.1174289 0.0987302 0.1370728 0.1820080 0.1698135 0.1817712 0.1891255 0.1116827 0.2705377 0.2429542 0.0000000 0.1332842 0.1337305 0.1327196 0.1285367 0.1224190 0.1246372 0.2110389 0.1435302 0.1039912 0.1261110 0.1303682 0.2991188 0.1276867 0.1185124 0.1302119 0.1571836 0.1384564 0.1424584 0.1312411 0.1269994 0.0927602 0.1503504 0.2086936 0.1895169 0.1878901 0.1334180 0.1433723 0.1803457 0.1260159 0.1304376 0.1316424 0.1360361 0.1058250 0.1416043 0.1379558 0.2159820 0.1348417 0.1352980 0.1303236 0.1231328 0.1321786 0.1374094 0.1339241 0.1269867 0.1327147 0.1708106 0.1368854 0.1338892 0.1551887 0.0995153 0.1228607 0.1286400 0.1332882 0.1511696 0.2114593 0.1262416 0.1095857 0.0929125 0.2067045 0.1257762 0.1561487 0.1376979 0.1380526 0.0999738 0.1075967 0.1281453 0.1337075 0.1339070 0.1353452 0.1627456 0.1326161 0.1141676 0.0810334 0.1246632 
Perityle_aglossa_84_dead_horse             0.0870477 0.0891665 0.1277166 0.1798016 0.1580073 0.1837444 0.1737265 0.1087604 0.2681035 0.2222902 0.1332842 0.0000000 0.0355333 0.0790926 0.0687462 0.0886301 0.0674325 0.2433052 0.1116349 0.0244022 0.0761674 0.0254087 0.2717210 0.0853784 0.0374968 0.0241355 0.1238124 0.0915074 0.1208899 0.1138977 0.0970243 0.1388305 0.1477385 0.1913973 0.0464408 0.1730325 0.1088063 0.0833107 0.1450126 0.0883621 0.0880120 0.0243939 0.1090363 0.0266387 0.1199608 0.1051272 0.1905648 0.0763958 0.0236783 0.1050947 0.0489405 0.0390730 0.0872280 0.0665473 0.0891505 0.0913189 0.1443579 0.0306684 0.0231436 0.1189209 0.1054927 0.1074504 0.0917929 0.0216078 0.1255858 0.1879376 0.1016678 0.0765059 0.0289665 0.1430909 0.0842618 0.1454648 0.0256710 0.0294952 0.0219929 0.0340807 0.1008317 0.0949751 0.0308344 0.0298001 0.1306764 0.0231363 0.0669540 0.1150156 0.1024468 
Perityle_ajoensis_204                      0.0791375 0.0918165 0.1277925 0.1798169 0.1610612 0.1764704 0.1755892 0.1056441 0.2658086 0.2291616 0.1337305 0.0355333 0.0000000 0.0824771 0.0694801 0.0926657 0.0721559 0.2445574 0.1148196 0.0204135 0.0795202 0.0403860 0.2792415 0.0893006 0.0229439 0.0339551 0.1304763 0.0977461 0.1262492 0.1170736 0.0969841 0.1338423 0.1486536 0.2035111 0.0737030 0.1839385 0.1152670 0.0872521 0.1475813 0.0930908 0.0908862 0.0362024 0.1149411 0.0195557 0.1220466 0.1086010 0.1980966 0.0812940 0.0370505 0.1087194 0.0517231 0.0279533 0.0958445 0.0736683 0.0954634 0.0945492 0.1388574 0.0314092 0.0365211 0.1224717 0.1008928 0.1134436 0.0945140 0.0432413 0.1305343 0.2069101 0.1051672 0.0740768 0.0216368 0.1478313 0.0881708 0.1512919 0.0376019 0.0369491 0.0199612 0.0416278 0.1022701 0.1028941 0.0156398 0.0486342 0.1355268 0.0359979 0.0694871 0.1075334 0.1064122 
Perityle_ambrosiifolia_67_green            0.0831942 0.0966308 0.1181368 0.1938257 0.1526836 0.2371241 0.1730155 0.1120580 0.2737433 0.2323130 0.1327196 0.0790926 0.0824771 0.0000000 0.0275197 0.0501104 0.0203313 0.2224051 0.0857964 0.0198439 0.0285852 0.0677771 0.2122999 0.0451141 0.0683617 0.0761377 0.1125101 0.0736538 0.1059300 0.1220657 0.1106039 0.1331202 0.1430289 0.2056254 0.1523023 0.1846123 0.0918710 0.0288187 0.1228000 0.0527127 0.0445292 0.0711617 0.0894845 0.0242815 0.0887391 0.0822438 0.0922065 0.0257510 0.0733867 0.0843528 0.0371504 0.0842165 0.0786252 0.0229500 0.0795689 0.0751546 0.1195499 0.0807079 0.0710174 0.1030760 0.0971661 0.0983164 0.0640945 0.0779390 0.1037877 0.1585061 0.0836768 0.0716924 0.0192130 0.1089609 0.0434256 0.1481149 0.0790588 0.0762584 0.0144770 0.0742033 0.0835397 0.0717903 0.0743806 0.0888016 0.1072087 0.0732333 0.0600387 0.1124818 0.0878267 
Perityle_angustifolia_13_Eagle_creek       0.0873994 0.0905319 0.1154613 0.1778582 0.1351950 0.2255323 0.1688134 0.1067691 0.2722435 0.2203934 0.1285367 0.0687462 0.0694801 0.0275197 0.0000000 0.0447403 0.0204199 0.2095242 0.0809495 0.0300812 0.0254596 0.0654451 0.1928765 0.0454325 0.0711433 0.0660920 0.0795650 0.0686041 0.0963944 0.1219117 0.1104692 0.1239468 0.1272671 0.1971294 0.1247948 0.1655145 0.0858362 0.0284839 0.1309510 0.0466473 0.0460524 0.0662379 0.0840325 0.0342649 0.0801777 0.0809624 0.0773260 0.0262553 0.0660996 0.0787049 0.0401849 0.0782115 0.0597943 0.0199429 0.0738292 0.0692753 0.0967404 0.0707815 0.0634121 0.0734545 0.1008132 0.0867998 0.0675247 0.0674728 0.0894345 0.0824271 0.0710525 0.0805167 0.0313673 0.1278837 0.0441040 0.1436749 0.0669225 0.0670459 0.0273028 0.0761094 0.0734679 0.0678957 0.0659929 0.0809186 0.1027275 0.0660972 0.0577012 0.1027903 0.0842897 
Perityle_batopilensis_97                   0.0844280 0.0916697 0.1101586 0.1790868 0.1450408 0.2227427 0.1656706 0.0929142 0.2727675 0.2246408 0.1224190 0.0886301 0.0926657 0.0501104 0.0447403 0.0000000 0.0436300 0.2269215 0.0678190 0.0600100 0.0372051 0.0818675 0.2078774 0.0399419 0.0814280 0.0851982 0.0869112 0.0785029 0.0914930 0.1168622 0.1199248 0.1271636 0.1364863 0.2001515 0.1478679 0.1738161 0.0783402 0.0532156 0.1071888 0.0139825 0.0389783 0.0850628 0.0806152 0.0634376 0.0869183 0.0660885 0.1275352 0.0507297 0.0848094 0.0739538 0.0501715 0.0920023 0.0664992 0.0495891 0.0629710 0.0789357 0.0912588 0.0908656 0.0836428 0.0854733 0.0765989 0.0902216 0.0713684 0.0898131 0.0834394 0.1351200 0.0694203 0.0556471 0.0698698 0.1350419 0.0372974 0.1453901 0.0926523 0.0896985 0.0557469 0.0997758 0.0688992 0.0584507 0.0897249 0.0822402 0.0849702 0.0841386 0.0725782 0.1053156 0.0743432 
Perityle_bisetosa_9                        0.0832016 0.0916452 0.1121484 0.1825770 0.1480042 0.2147704 0.1688249 0.1084496 0.2646660 0.2253361 0.1246372 0.0674325 0.0721559 0.0203313 0.0204199 0.0436300 0.0000000 0.2355195 0.0792995 0.0182147 0.0191252 0.0651695 0.1981018 0.0415061 0.0637975 0.0673547 0.1006283 0.0657359 0.0975517 0.1166820 0.1012636 0.1292292 0.1366021 0.1984305 0.1425166 0.1763856 0.0864081 0.0179367 0.1114361 0.0479369 0.0421807 0.0669935 0.0837376 0.0245052 0.0910730 0.0726439 0.1165813 0.0192727 0.0685348 0.0796026 0.0313696 0.0742980 0.0715890 0.0120892 0.0721611 0.0671858 0.1129568 0.0737797 0.0673753 0.0934092 0.0847194 0.0891329 0.0603165 0.0695704 0.0969613 0.1433939 0.0737091 0.0731989 0.0119388 0.0978335 0.0399207 0.1450955 0.0706672 0.0692616 0.0179296 0.0728271 0.0775942 0.0650858 0.0690637 0.0780312 0.0974409 0.0673534 0.0597020 0.1084242 0.0804473 
Perityle_californica_76_positas            0.1612145 0.1185425 0.2254430 0.2395323 0.2242287 0.1283379 0.2476106 0.1313942 0.3091452 0.3248784 0.2110389 0.2433052 0.2445574 0.2224051 0.2095242 0.2269215 0.2355195 0.0000000 0.2069890 0.1840240 0.2135508 0.2343371 0.3221954 0.2462780 0.1725917 0.2411919 0.2720971 0.2453139 0.2456836 0.1641855 0.1127930 0.1337708 0.2512280 0.3014530 0.3020234 0.2777419 0.2345314 0.2088968 0.2651741 0.2224464 0.2363738 0.2382095 0.2373816 0.1825441 0.1818478 0.2409245 0.3176224 0.2416101 0.2401975 0.2093392 0.2354664 0.2331006 0.2501521 0.2081397 0.2063413 0.1630901 0.1888153 0.2471012 0.2399263 0.2107599 0.1295763 0.2476530 0.1531470 0.2425713 0.2383616 0.3319027 0.2350329 0.1938972 0.1171903 0.2649310 0.2427317 0.2286738 0.2431369 0.2349374 0.1834178 0.1146004 0.1825757 0.2371271 0.2202897 0.2361572 0.1836354 0.2409146 0.2110306 0.0284910 0.1310375 
Perityle_canescens_77                      0.1117845 0.1066488 0.1279803 0.2008552 0.1484149 0.1915787 0.1812383 0.1157015 0.2816787 0.2209249 0.1435302 0.1116349 0.1148196 0.0857964 0.0809495 0.0678190 0.0792995 0.2069890 0.0000000 0.1036228 0.0734620 0.1081821 0.2045290 0.0785866 0.1105534 0.1087903 0.1076580 0.0990911 0.1058784 0.1483391 0.1391768 0.1441552 0.1485890 0.1975076 0.1524238 0.1615689 0.0874026 0.0886014 0.1037001 0.0731693 0.0799420 0.1097581 0.0937351 0.1053913 0.0978043 0.0783277 0.1321920 0.0881888 0.1064717 0.0872740 0.0877548 0.1130259 0.0993718 0.0806169 0.0792567 0.1067685 0.1222956 0.1088049 0.1043143 0.0936733 0.1142563 0.1043102 0.0990650 0.1087920 0.0970584 0.1250037 0.0809232 0.0803697 0.1103077 0.1597326 0.0770781 0.1579098 0.1101834 0.1142590 0.0991796 0.1235988 0.0824210 0.0682802 0.1120178 0.1071451 0.1072475 0.1072959 0.1038858 0.1258941 0.0893888 
Perityle_castillonii_96                    0.0872705 0.0678530 0.0813754 0.1964300 0.1493117 0.8649935 0.1494404 0.1127681 0.3413200 0.6761020 0.1039912 0.0244022 0.0204135 0.0198439 0.0300812 0.0600100 0.0182147 0.1840240 0.1036228 0.0000000 0.0355577 0.0234137 0.3198091 0.0487162 0.0335691 0.0264268 0.0721444 0.0696723 0.0964078 0.1010521 0.1000033 0.1226474 0.1090153 0.6515873 0.5541649 0.3617446 0.0998583 0.0255120 0.0761804 0.0604947 0.0468652 0.0225803 0.0922174 0.0287966 0.1022249 0.0759680 0.2976987 0.0339196 0.0223756 0.0886864 0.0255217 0.0380727 0.0519326 0.0216721 0.0741035 0.0733111 0.0807048 0.0275046 0.0223578 0.0858983 0.0869265 0.0908520 0.0431084 0.0295272 0.0970080 0.0000010 0.0715283 0.0823779 0.0290488 0.0151575 0.0454717 0.1119468 0.0224024 0.0223540 0.0194794 0.0516105 0.0847725 0.0705140 0.0173782 0.0426114 0.1213898 0.0202895 0.0423597 0.1003189 0.0941960 
Perityle_cernua_84                         0.0906341 0.0917345 0.1128344 0.1837669 0.1388095 0.2149037 0.1700764 0.1000323 0.2745616 0.2240727 0.1261110 0.0761674 0.0795202 0.0285852 0.0254596 0.0372051 0.0191252 0.2135508 0.0734620 0.0355577 0.0000000 0.0721621 0.2048050 0.0350696 0.0727436 0.0761005 0.0924648 0.0707086 0.0924050 0.1160497 0.1232674 0.1286745 0.1394653 0.1981884 0.1422859 0.1729122 0.0807242 0.0275109 0.1104848 0.0405877 0.0345102 0.0752675 0.0819306 0.0398919 0.0838559 0.0703221 0.0891897 0.0239549 0.0745799 0.0769083 0.0382225 0.0857935 0.0699532 0.0219081 0.0659674 0.0750388 0.0883463 0.0806784 0.0722211 0.0863176 0.0847648 0.0923179 0.0737860 0.0767286 0.0865930 0.1316738 0.0679592 0.0634752 0.0540345 0.1136340 0.0334415 0.1447674 0.0779148 0.0776765 0.0338142 0.0900665 0.0695993 0.0573727 0.0738507 0.0709301 0.0912115 0.0738681 0.0797229 0.0995098 0.0722096 
Perityle_cfvillosa_25_tin                  0.0873489 0.0927979 0.1257425 0.1750337 0.1518499 0.1971063 0.1724909 0.1054048 0.2672654 0.2123300 0.1303682 0.0254087 0.0403860 0.0677771 0.0654451 0.0818675 0.0651695 0.2343371 0.1081821 0.0234137 0.0721621 0.0000000 0.2792550 0.0774447 0.0356970 0.0223175 0.1120836 0.0892303 0.1153985 0.1116610 0.0970559 0.1306945 0.1434042 0.1895268 0.0530207 0.1606887 0.1064333 0.0768575 0.1419069 0.0807481 0.0777595 0.0204324 0.1055628 0.0287955 0.1143297 0.1010239 0.1819071 0.0731985 0.0105722 0.1002692 0.0510692 0.0403037 0.0795307 0.0692746 0.0904908 0.0893266 0.1371839 0.0228039 0.0080214 0.1080780 0.1015355 0.1090291 0.0831895 0.0238489 0.1135126 0.1641286 0.0955631 0.0807402 0.0266076 0.1407690 0.0763207 0.1389954 0.0182063 0.0283378 0.0222178 0.0315553 0.1036206 0.0900515 0.0306026 0.0354973 0.1287036 0.0100429 0.0518346 0.1049658 0.1049740 
Perityle_cinerea_113_Powell1310            0.3213460 0.1486238 0.2827253 0.2293134 0.2674654 0.1471152 0.2295349 0.1558819 0.2533569 0.3762636 0.2991188 0.2717210 0.2792415 0.2122999 0.1928765 0.2078774 0.1981018 0.3221954 0.2045290 0.3198091 0.2048050 0.2792550 0.0000000 0.2299667 0.2305817 0.2771933 0.2423879 0.2425674 0.2515762 0.2519764 0.1306132 0.2445325 0.2843069 0.3175340 0.2641342 0.3144888 0.2298432 0.1747623 0.2851707 0.2004857 0.2294774 0.2797187 0.2449481 0.3272086 0.1914027 0.2535666 0.1958371 0.2053564 0.2741516 0.2119814 0.1953706 0.2738662 0.2199931 0.1798005 0.2181591 0.1386275 0.1308939 0.2768113 0.2741150 0.1811471 0.1245033 0.2552093 0.0563972 0.2747471 0.2438961 0.1912542 0.2356049 0.3499697 0.0622737 0.2537198 0.2245085 0.3166466 0.2755001 0.2779538 0.3213130 0.1129441 0.1819348 0.2405297 0.2764835 0.2726290 0.1363227 0.2741150 0.3203420 0.1814665 0.1512049 
Perityle_coahuilensis_24                   0.0959617 0.0955476 0.1211572 0.1904181 0.1562133 0.2296423 0.1745143 0.0999759 0.2806368 0.2356861 0.1276867 0.0853784 0.0893006 0.0451141 0.0454325 0.0399419 0.0415061 0.2462780 0.0785866 0.0487162 0.0350696 0.0774447 0.2299667 0.0000000 0.0782538 0.0830675 0.0944086 0.0809888 0.0956353 0.1241880 0.1313888 0.1307088 0.1437232 0.2102219 0.1517805 0.1811269 0.0831085 0.0513929 0.1152203 0.0452038 0.0065902 0.0767070 0.0891705 0.0577167 0.0934083 0.0747248 0.1362748 0.0495747 0.0799326 0.0823105 0.0494900 0.0926473 0.0703734 0.0460334 0.0703554 0.0780690 0.0934902 0.0880542 0.0792540 0.0903683 0.1021170 0.0956464 0.0751536 0.0847887 0.0901573 0.1468212 0.0752992 0.0692186 0.0672122 0.1225831 0.0034399 0.1562022 0.0853829 0.0841202 0.0458103 0.0913632 0.0736662 0.0665248 0.0839941 0.0784160 0.0923122 0.0803155 0.0710142 0.1072568 0.0811357 
Perityle_cochisensis_44_cave_creek         0.0922916 0.0918174 0.1096852 0.1801657 0.1301472 0.1794555 0.1666688 0.1051116 0.2519598 0.2063127 0.1185124 0.0374968 0.0229439 0.0683617 0.0711433 0.0814280 0.0637975 0.1725917 0.1105534 0.0335691 0.0727436 0.0356970 0.2305817 0.0782538 0.0000000 0.0344101 0.1003479 0.0819909 0.1090492 0.1130129 0.0953592 0.1208159 0.1221870 0.1750021 0.0610683 0.1408361 0.1032934 0.0764778 0.1147660 0.0805535 0.0795981 0.0322367 0.0977923 0.0391405 0.0970101 0.1018278 0.1568279 0.0712254 0.0326220 0.0963894 0.0519187 0.0107108 0.0787723 0.0731468 0.0937305 0.0904543 0.1319878 0.0350333 0.0307227 0.0963733 0.1063166 0.1015943 0.0945667 0.0374912 0.1080193 0.1388105 0.0939422 0.0814890 0.0342981 0.1218030 0.0762676 0.1239497 0.0357214 0.0350968 0.0340369 0.0429927 0.0977393 0.0913527 0.0204998 0.0484389 0.1332155 0.0331724 0.0512480 0.0978560 0.0976638 
Perityle_congesta_202                      0.0857192 0.0903366 0.1244044 0.1805973 0.1555195 0.1769007 0.1693980 0.1067990 0.2680403 0.2196688 0.1302119 0.0241355 0.0339551 0.0761377 0.0660920 0.0851982 0.0673547 0.2411919 0.1087903 0.0264268 0.0761005 0.0223175 0.2771933 0.0830675 0.0344101 0.0000000 0.1213733 0.0884530 0.1166806 0.1086237 0.1001081 0.1329166 0.1444718 0.1900574 0.0504273 0.1702751 0.1080719 0.0826520 0.1436545 0.0842277 0.0845145 0.0223715 0.1066467 0.0152218 0.1185224 0.1033280 0.1908922 0.0784946 0.0186666 0.1037985 0.0472023 0.0374849 0.0878691 0.0685004 0.0891634 0.0832810 0.1388341 0.0216275 0.0176456 0.1152361 0.1010149 0.1068073 0.0879194 0.0261466 0.1175523 0.1866237 0.0975147 0.0774493 0.0216096 0.1409351 0.0819557 0.1402234 0.0216493 0.0213483 0.0229690 0.0278327 0.0993429 0.0965614 0.0302633 0.0353921 0.1286201 0.0176401 0.0657214 0.1098085 0.1031508 
Perityle_cordifolia_27                     0.0940217 0.1118290 0.1566661 0.2174052 0.1995446 0.2268229 0.1988690 0.1136470 0.3187629 0.3196821 0.1571836 0.1238124 0.1304763 0.1125101 0.0795650 0.0869112 0.1006283 0.2720971 0.1076580 0.0721444 0.0924648 0.1120836 0.2423879 0.0944086 0.1003479 0.1213733 0.0000000 0.1172257 0.1306598 0.1451175 0.1508727 0.1640768 0.1660377 0.2762012 0.2093484 0.2677803 0.1213175 0.1230042 0.1641474 0.0854260 0.0955726 0.1218162 0.1250537 0.0759230 0.1346956 0.1273569 0.2142232 0.1119890 0.1210358 0.1196969 0.0719889 0.1274652 0.0760496 0.1050630 0.0873927 0.1035217 0.0871975 0.1260282 0.1202578 0.1164620 0.1267914 0.1353433 0.0948273 0.1261826 0.1328148 0.0118791 0.1081542 0.0739120 0.1101067 0.1859012 0.0915238 0.1958530 0.1245008 0.1247612 0.0687072 0.1182711 0.1016012 0.1132798 0.1296168 0.1184571 0.1073916 0.1213615 0.0830790 0.1535499 0.1115519 
Perityle_cordifolia_68_tecolote            0.0989982 0.1047671 0.1323730 0.1993725 0.1631288 0.1977540 0.1876696 0.1191916 0.2698060 0.2405888 0.1384564 0.0915074 0.0977461 0.0736538 0.0686041 0.0785029 0.0657359 0.2453139 0.0990911 0.0696723 0.0707086 0.0892303 0.2425674 0.0809888 0.0819909 0.0884530 0.1172257 0.0000000 0.1228745 0.1258756 0.1209072 0.1358461 0.1509778 0.2095271 0.1485694 0.1885994 0.1007008 0.0820374 0.1378534 0.0817833 0.0811548 0.0929809 0.1031861 0.0712304 0.1102986 0.1004716 0.1674776 0.0745531 0.0926170 0.0988102 0.0712183 0.0917494 0.0900619 0.0719500 0.0929985 0.0134349 0.1325841 0.0959796 0.0913950 0.1150389 0.1264811 0.1056896 0.0830692 0.0919843 0.1208692 0.1473607 0.0961473 0.1022128 0.0674367 0.1487319 0.0775052 0.1589623 0.0961464 0.0931402 0.0631535 0.1010043 0.0942286 0.0896232 0.0958222 0.1030127 0.1270295 0.0919366 0.0946722 0.1120491 0.0976180 
Perityle_coronopifolia_28_patagonia        0.1072309 0.1114596 0.1287206 0.2097656 0.1721363 0.2123404 0.1866542 0.1231170 0.2867730 0.2561428 0.1424584 0.1208899 0.1262492 0.1059300 0.0963944 0.0914930 0.0975517 0.2456836 0.1058784 0.0964078 0.0924050 0.1153985 0.2515762 0.0956353 0.1090492 0.1166806 0.1306598 0.1228745 0.0000000 0.1410121 0.1461463 0.1505178 0.1685984 0.2241809 0.1740303 0.2014649 0.0994036 0.1070171 0.1454299 0.0949488 0.0962178 0.1138554 0.1032815 0.1005143 0.1097664 0.1075420 0.1970904 0.1076191 0.1186615 0.0946010 0.0926930 0.1224867 0.1108055 0.0977676 0.0723779 0.1140461 0.1372331 0.1241935 0.1184761 0.0812760 0.1051473 0.1095607 0.0991303 0.1231427 0.0180741 0.1759794 0.0859420 0.0801115 0.1070540 0.1661998 0.0938739 0.1738889 0.1226853 0.1219525 0.0914488 0.1208353 0.0844806 0.0855698 0.1232308 0.1197219 0.0805529 0.1184363 0.1100738 0.1196610 0.0931804 
Perityle_crassifolia_70_ventanas           0.1173818 0.1169979 0.1203972 0.1815183 0.1253146 0.1830062 0.1661155 0.1354602 0.2702391 0.0823928 0.1312411 0.1138977 0.1170736 0.1220657 0.1219117 0.1168622 0.1166820 0.1641855 0.1483391 0.1010521 0.1160497 0.1116610 0.2519764 0.1241880 0.1130129 0.1086237 0.1451175 0.1258756 0.1410121 0.0000000 0.0471126 0.1206741 0.1310516 0.0472097 0.1619675 0.0069297 0.1402909 0.1264984 0.1351093 0.1161491 0.1249536 0.1149399 0.1362232 0.0938959 0.1321801 0.1293695 0.1682140 0.1229165 0.1124324 0.1330157 0.1184525 0.1198745 0.1171459 0.1220268 0.1296802 0.1302782 0.1685557 0.1109530 0.1093266 0.1247961 0.1222296 0.1331740 0.1322191 0.1154744 0.1388053 0.1832765 0.1309049 0.1023927 0.1098559 0.1578853 0.1210253 0.0045623 0.1149935 0.1133202 0.0969547 0.1156360 0.1314923 0.1260209 0.1128200 0.1188957 0.1702911 0.1101051 0.0997298 0.1024699 0.1223586 
Perityle_crassifolia_74_playa_balandra     0.1489542 0.1083457 0.1212336 0.1663052 0.1091188 0.1494405 0.1562108 0.1158103 0.2290002 0.1228324 0.1269994 0.0970243 0.0969841 0.1106039 0.1104692 0.1199248 0.1012636 0.1127930 0.1391768 0.1000033 0.1232674 0.0970559 0.1306132 0.1313888 0.0953592 0.1001081 0.1508727 0.1209072 0.1461463 0.0471126 0.0000000 0.1235435 0.1113262 0.0641601 0.1162661 0.0048710 0.1311120 0.1097737 0.1267398 0.1202301 0.1328573 0.1050844 0.1300507 0.1032729 0.1268225 0.1291703 0.1082674 0.1061626 0.0953862 0.1284523 0.1026971 0.0938460 0.1110088 0.1043742 0.1320389 0.1161098 0.1536566 0.0938448 0.0969490 0.1358461 0.1399867 0.1360071 0.1081834 0.1049998 0.1363177 0.1254609 0.1297274 0.1372925 0.0815349 0.1046238 0.1279754 0.0470574 0.1015528 0.0988156 0.0999993 0.0841461 0.1359736 0.1241050 0.1003218 0.1273090 0.1597056 0.0969490 0.0892809 0.1260483 0.1266856 
Perityle_cuneata_34_cuneata_San_antonio    0.1409594 0.1032422 0.1396067 0.2041993 0.1689668 0.1782445 0.1824435 0.1273065 0.2624304 0.2332930 0.0927602 0.1388305 0.1338423 0.1331202 0.1239468 0.1271636 0.1292292 0.1337708 0.1441552 0.1226474 0.1286745 0.1306945 0.2445325 0.1307088 0.1208159 0.1329166 0.1640768 0.1358461 0.1505178 0.1206741 0.1235435 0.0000000 0.1518477 0.1937842 0.1884675 0.1664365 0.1375659 0.1431494 0.1572399 0.1315189 0.1326309 0.1329312 0.1368227 0.1201283 0.1390168 0.1475157 0.2150970 0.1402611 0.1343070 0.1334354 0.1316348 0.1360991 0.1523980 0.1314178 0.1258706 0.1197315 0.1715614 0.1348647 0.1323185 0.1547614 0.1212075 0.1340558 0.1413486 0.1380394 0.1537006 0.2188836 0.1328259 0.1267941 0.1089519 0.1727342 0.1273811 0.1454001 0.1377009 0.1357648 0.1117995 0.1167423 0.1279903 0.1381586 0.1325085 0.1330777 0.1528365 0.1329172 0.1394811 0.0469736 0.1225809 
Perityle_cuneata_4                         0.1233724 0.0995000 0.1601535 0.1889413 0.1809301 0.1881556 0.1907356 0.1009997 0.2701977 0.2608834 0.1503504 0.1477385 0.1486536 0.1430289 0.1272671 0.1364863 0.1366021 0.2512280 0.1485890 0.1090153 0.1394653 0.1434042 0.2843069 0.1437232 0.1221870 0.1444718 0.1660377 0.1509778 0.1685984 0.1310516 0.1113262 0.1518477 0.0000000 0.2284478 0.2109857 0.2122511 0.1519957 0.1489735 0.1934497 0.1387927 0.1445987 0.1462855 0.1555104 0.1120826 0.1512287 0.1545765 0.2351596 0.1427702 0.1466277 0.1449770 0.1189805 0.1453872 0.1386305 0.1395651 0.1395384 0.1254600 0.1605466 0.1524034 0.1469666 0.1597486 0.1298293 0.1523275 0.1162097 0.1477365 0.1763370 0.2256238 0.1514262 0.1224217 0.0876592 0.2025033 0.1393655 0.1688387 0.1461411 0.1470852 0.1037476 0.0911492 0.1440049 0.1516396 0.1459835 0.1514161 0.1518342 0.1451013 0.1210921 0.1319104 0.1302651 
Perityle_discoidea_81                      0.6911011 0.1870082 0.1588527 0.2007043 0.1696827 0.0892868 0.2490378 0.2125384 0.2398298 0.0047541 0.2086936 0.1913973 0.2035111 0.2056254 0.1971294 0.2001515 0.1984305 0.3014530 0.1975076 0.6515873 0.1981884 0.1895268 0.3175340 0.2102219 0.1750021 0.1900574 0.2762012 0.2095271 0.2241809 0.0472097 0.0641601 0.1937842 0.2284478 0.0000000 0.1797993 0.0071887 0.2133331 0.1977700 0.2669141 0.2012529 0.2126345 0.1938311 0.2183603 0.6868001 0.2023347 0.2079160 0.1972456 0.1992172 0.1922698 0.2043121 0.2011963 0.1926698 0.2228042 0.1860157 0.2063510 0.1827867 0.3097740 0.1999532 0.1922785 0.2190710 0.5043695 0.2168028 0.2280029 0.1916510 0.2164682 0.2483576 0.2110551 0.8306140 0.6859919 0.3667031 0.2101113 0.0491678 0.1960598 0.1886489 0.6515873 0.1459823 0.2005688 0.2093666 0.1939486 0.2004835 0.2433758 0.1922785 0.5755668 0.1611856 0.1716181 
Perityle_dissecta_201                      0.5587923 0.1259640 0.2013260 0.1933801 0.1674177 0.1026302 0.2400136 0.1134696 0.2390144 0.1911853 0.1895169 0.0464408 0.0737030 0.1523023 0.1247948 0.1478679 0.1425166 0.3020234 0.1524238 0.5541649 0.1422859 0.0530207 0.2641342 0.1517805 0.0610683 0.0504273 0.2093484 0.1485694 0.1740303 0.1619675 0.1162661 0.1884675 0.2109857 0.1797993 0.0000000 0.1856389 0.1536185 0.1584375 0.2468518 0.1456114 0.1553819 0.0497827 0.1570438 0.5561394 0.1633303 0.1607155 0.1431649 0.1476746 0.0474053 0.1537495 0.1125258 0.0616205 0.1677319 0.1400871 0.1369486 0.1343873 0.2574298 0.0593095 0.0484199 0.2073522 0.3181318 0.1568450 0.1941645 0.0474742 0.1779746 0.1986798 0.1664029 0.5194807 0.4821449 0.3399001 0.1530531 0.2099499 0.0533114 0.0544151 0.5167745 0.0295248 0.1453288 0.1539648 0.0642294 0.0515077 0.1744898 0.0503713 0.6857626 0.1504111 0.1537763 
Perityle_emoryi_47_punta_san_jose          0.3617446 0.1402270 0.1414864 0.1751317 0.1412599 0.0929697 0.2056077 0.1359663 0.2005055 0.0059464 0.1878901 0.1730325 0.1839385 0.1846123 0.1655145 0.1738161 0.1763856 0.2777419 0.1615689 0.3617446 0.1729122 0.1606887 0.3144888 0.1811269 0.1408361 0.1702751 0.2677803 0.1885994 0.2014649 0.0069297 0.0048710 0.1664365 0.2122511 0.0071887 0.1856389 0.0000000 0.1891637 0.1749728 0.2448618 0.1723614 0.1835827 0.1729694 0.1949303 0.3617446 0.1757443 0.1877545 0.1847666 0.1784725 0.1713794 0.1817604 0.1660789 0.1728190 0.1966212 0.1560773 0.1719161 0.1505038 0.2719670 0.1779507 0.1713876 0.1935183 0.3222345 0.1984565 0.1736131 0.1758585 0.1967203 0.2681347 0.1900544 0.3617446 0.3617446 0.3442490 0.1810296 0.0193335 0.1752071 0.1709941 0.3617446 0.0909833 0.1679550 0.1841990 0.1727891 0.1755301 0.1917686 0.1713876 0.6673584 0.1297849 0.1316603 
Perityle_feddemae_99                       0.1150848 0.0994763 0.1316562 0.1970353 0.1640644 0.2024860 0.1911063 0.1086873 0.2789346 0.2452436 0.1334180 0.1088063 0.1152670 0.0918710 0.0858362 0.0783402 0.0864081 0.2345314 0.0874026 0.0998583 0.0807242 0.1064333 0.2298432 0.0831085 0.1032934 0.1080719 0.1213175 0.1007008 0.0994036 0.1402909 0.1311120 0.1375659 0.1519957 0.2133331 0.1536185 0.1891637 0.0000000 0.0951367 0.1248820 0.0804847 0.0827783 0.1070163 0.0431508 0.1039082 0.0558112 0.0897858 0.1739248 0.0952072 0.1082757 0.0421245 0.0844242 0.1139397 0.1013855 0.0892722 0.0759477 0.0942523 0.1291467 0.1138432 0.1086814 0.1084428 0.1173826 0.1040863 0.1018720 0.1111692 0.0977195 0.1616248 0.0771514 0.0755693 0.1095663 0.1633903 0.0802721 0.1659385 0.1151794 0.1117692 0.0948876 0.1155277 0.0745346 0.0871212 0.1104098 0.1062927 0.0949140 0.1086449 0.1131155 0.1128055 0.0637739 
Perityle_fosteri_93                        0.0962837 0.1019928 0.1141710 0.1920471 0.1557398 0.2235711 0.1675134 0.1156591 0.2758940 0.2290281 0.1433723 0.0833107 0.0872521 0.0288187 0.0284839 0.0532156 0.0179367 0.2088968 0.0886014 0.0255120 0.0275109 0.0768575 0.1747623 0.0513929 0.0764778 0.0826520 0.1230042 0.0820374 0.1070171 0.1264984 0.1097737 0.1431494 0.1489735 0.1977700 0.1584375 0.1749728 0.0951367 0.0000000 0.1178470 0.0585170 0.0519787 0.0798848 0.0923330 0.0333059 0.0972242 0.0849939 0.1030163 0.0268406 0.0800475 0.0885025 0.0388871 0.0919753 0.0798504 0.0210930 0.0832523 0.0770318 0.1178159 0.0877700 0.0787884 0.0993721 0.1093942 0.0973706 0.0723796 0.0840790 0.1011832 0.1576397 0.0858897 0.0848854 0.0216310 0.0978357 0.0501193 0.1527911 0.0845604 0.0828274 0.0281066 0.0789765 0.0881603 0.0778212 0.0814954 0.0943409 0.1075641 0.0813571 0.0793228 0.1175638 0.0843641 
Perityle_gamon_221                         0.0981977 0.1073767 0.1556237 0.2095379 0.1787883 0.2151419 0.1943986 0.1047605 0.2846452 0.2958543 0.1803457 0.1450126 0.1475813 0.1228000 0.1309510 0.1071888 0.1114361 0.2651741 0.1037001 0.0761804 0.1104848 0.1419069 0.2851707 0.1152203 0.1147660 0.1436545 0.1641474 0.1378534 0.1454299 0.1351093 0.1267398 0.1572399 0.1934497 0.2669141 0.2468518 0.2448618 0.1248820 0.1178470 0.0000000 0.1119164 0.1157880 0.1415066 0.1309854 0.0836254 0.1144181 0.0631001 0.2155096 0.1211836 0.1437491 0.1157225 0.1098502 0.1480460 0.1499093 0.1026985 0.1194368 0.1092735 0.1276138 0.1484725 0.1431268 0.1121981 0.1032317 0.1493429 0.1074589 0.1456990 0.1464235 0.2727772 0.1202701 0.0659469 0.1030244 0.1690894 0.1128311 0.1904611 0.1481295 0.1430504 0.0761306 0.1247564 0.1053848 0.0969997 0.1508135 0.1428073 0.1073252 0.1430779 0.0926123 0.1148646 0.0768149 
Perityle_gentryi_8_san_francisco           0.0857446 0.0918254 0.1093566 0.1876065 0.1442198 0.2195065 0.1764102 0.0966009 0.2789690 0.2297205 0.1260159 0.0883621 0.0930908 0.0527127 0.0466473 0.0139825 0.0479369 0.2224464 0.0731693 0.0604947 0.0405877 0.0807481 0.2004857 0.0452038 0.0805535 0.0842277 0.0854260 0.0817833 0.0949488 0.1161491 0.1202301 0.1315189 0.1387927 0.2012529 0.1456114 0.1723614 0.0804847 0.0585170 0.1119164 0.0000000 0.0435366 0.0858699 0.0813144 0.0637270 0.0825555 0.0724597 0.1263647 0.0542270 0.0844563 0.0754053 0.0513977 0.0918044 0.0671428 0.0522414 0.0643629 0.0790355 0.0958016 0.0900821 0.0826196 0.0882390 0.0765989 0.0949291 0.0708769 0.0901549 0.0873141 0.1285806 0.0703013 0.0601024 0.0673376 0.1387175 0.0424451 0.1470889 0.0913371 0.0889210 0.0579348 0.1027027 0.0679157 0.0610962 0.0889314 0.0817684 0.0892504 0.0831325 0.0784265 0.1059333 0.0718117 
Perityle_gilensis_22_Superstition          0.0896095 0.0966950 0.1165963 0.1933859 0.1520127 0.2366639 0.1761761 0.0999630 0.2859323 0.2379828 0.1304376 0.0880120 0.0908862 0.0445292 0.0460524 0.0389783 0.0421807 0.2363738 0.0799420 0.0468652 0.0345102 0.0777595 0.2294774 0.0065902 0.0795981 0.0845145 0.0955726 0.0811548 0.0962178 0.1249536 0.1328573 0.1326309 0.1445987 0.2126345 0.1553819 0.1835827 0.0827783 0.0519787 0.1157880 0.0435366 0.0000000 0.0779677 0.0890168 0.0555924 0.0901539 0.0735487 0.1219933 0.0493973 0.0807092 0.0818835 0.0486791 0.0954752 0.0691682 0.0471567 0.0697135 0.0790074 0.0954719 0.0885262 0.0794616 0.0908591 0.0977116 0.0990198 0.0763249 0.0868521 0.0905991 0.1492228 0.0758902 0.0655410 0.0645232 0.1273434 0.0040466 0.1543497 0.0874391 0.0867419 0.0441484 0.0927549 0.0742823 0.0645882 0.0839827 0.0791664 0.0922729 0.0810879 0.0687578 0.1080533 0.0803578 
Perityle_gilensis_salensis_225             0.0796003 0.0893686 0.1259843 0.1811801 0.1546275 0.1904068 0.1749933 0.1074281 0.2667618 0.2225062 0.1316424 0.0243939 0.0362024 0.0711617 0.0662379 0.0850628 0.0669935 0.2382095 0.1097581 0.0225803 0.0752675 0.0204324 0.2797187 0.0767070 0.0322367 0.0223715 0.1218162 0.0929809 0.1138554 0.1149399 0.1050844 0.1329312 0.1462855 0.1938311 0.0497827 0.1729694 0.1070163 0.0798848 0.1415066 0.0858699 0.0779677 0.0000000 0.1078961 0.0291597 0.1167870 0.1038904 0.1901543 0.0766174 0.0178568 0.1020929 0.0493909 0.0378049 0.0849580 0.0687947 0.0886857 0.0915533 0.1446534 0.0274334 0.0173474 0.1147069 0.1108941 0.1076429 0.0896849 0.0248991 0.1181512 0.1852460 0.0997915 0.0776818 0.0292067 0.1392965 0.0755942 0.1455738 0.0244143 0.0251543 0.0199967 0.0353636 0.0996247 0.0947917 0.0279394 0.0321696 0.1278802 0.0183424 0.0611528 0.1063510 0.1034066 
Perityle_glaucescens_94                    0.1088238 0.1042963 0.1340451 0.1975241 0.1614863 0.2034161 0.1970981 0.1105515 0.2743452 0.2507995 0.1360361 0.1090363 0.1149411 0.0894845 0.0840325 0.0806152 0.0837376 0.2373816 0.0937351 0.0922174 0.0819306 0.1055628 0.2449481 0.0891705 0.0977923 0.1066467 0.1250537 0.1031861 0.1032815 0.1362232 0.1300507 0.1368227 0.1555104 0.2183603 0.1570438 0.1949303 0.0431508 0.0923330 0.1309854 0.0813144 0.0890168 0.1078961 0.0000000 0.0962001 0.0239460 0.0998008 0.1710385 0.0906601 0.1091179 0.0116754 0.0823032 0.1130173 0.1018013 0.0826222 0.0821904 0.0912806 0.1280025 0.1140731 0.1084027 0.1044189 0.1139480 0.1098284 0.0967070 0.1102494 0.1029892 0.1629050 0.0868583 0.0846289 0.0938661 0.1687078 0.0868981 0.1679468 0.1141955 0.1096773 0.0885247 0.1061106 0.0831197 0.0897344 0.1112952 0.1088841 0.1043009 0.1083667 0.1071517 0.1143725 0.0709859 
Perityle_gracilis_11                       0.0933002 0.0676839 0.0883443 0.1940250 0.1517887 0.7358448 0.1450642 0.1221156 0.3330024 0.7009688 0.1058250 0.0266387 0.0195557 0.0242815 0.0342649 0.0634376 0.0245052 0.1825441 0.1053913 0.0287966 0.0398919 0.0287955 0.3272086 0.0577167 0.0391405 0.0152218 0.0759230 0.0712304 0.1005143 0.0938959 0.1032729 0.1201283 0.1120826 0.6868001 0.5561394 0.3617446 0.1039082 0.0333059 0.0836254 0.0637270 0.0555924 0.0291597 0.0962001 0.0000000 0.1056234 0.0809858 0.2848581 0.0394233 0.0246207 0.0937755 0.0309170 0.0427043 0.0587366 0.0290972 0.0762573 0.0731019 0.0752102 0.0203866 0.0255899 0.0897483 0.0773880 0.0872383 0.0430773 0.0360419 0.0993431 0.0000010 0.0744983 0.0850835 0.0264967 0.0234971 0.0544047 0.1081271 0.0288264 0.0287642 0.0249445 0.0572008 0.0873125 0.0753611 0.0239506 0.0472518 0.1193721 0.0235010 0.0468845 0.0892677 0.0963904 
