85
Amauria_brandeegeana_62                    0.0000000 0.2120079 0.0494921 0.3595463 0.0913526 0.2197872 0.2874369 0.4038990 0.1355225 0.1222658 0.3013611 0.0886302 0.1077402 0.0941050 0.2959953 0.2345846 0.0905249 0.0928802 0.3130600 0.2969676 0.1119197 0.1748301 0.3176289 0.0973359 0.0894660 0.1203571 0.1304589 0.1095096 0.1348580 0.1191939 0.3270662 0.3264449 0.2550892 0.1020185 0.2990199 0.3142585 0.3001207 0.3097629 0.1744365 0.1141380 0.3186271 0.3130982 0.3184054 0.3069108 0.2875550 0.2768123 0.3150895 0.3096875 0.3122962 0.0976200 0.1006801 0.2910032 0.3033951 0.1033744 0.1403964 0.5725401 0.1115210 0.3146700 0.1135243 0.1192939 0.1687510 0.1399510 0.2302280 0.1040821 0.1117956 0.2901662 0.2543543 0.1114462 0.1182947 0.3015495 0.3229222 0.1128540 0.3165345 0.3476093 0.0904577 0.1764174 0.2660876 0.1161980 0.3209419 0.0960046 0.1286014 0.3138430 0.2991896 0.0865229 0.0819998 
Amauria_carterae_99_mesa                   0.2120079 0.0000000 0.2107979 0.2129037 0.2377691 0.1553374 0.1606278 0.2945452 0.2393467 0.2199087 0.1051780 0.2408761 0.2455593 0.2284287 0.1360422 0.1360077 0.2126959 0.2477105 0.1193819 0.1204711 0.2376183 0.1614685 0.1159843 0.2469240 0.2290740 0.2421045 0.2522286 0.2334138 0.2442962 0.2344593 0.1443825 0.1501034 0.1312007 0.2467611 0.1254802 0.1585231 0.1170015 0.1457446 0.2376487 0.2522779 0.1125715 0.1463569 0.1229001 0.1427052 0.1262245 0.1253506 0.1251850 0.1223520 0.1336944 0.2444159 0.2387352 0.1140259 0.1183464 0.2525740 0.2513730 0.4123261 0.2292552 0.1224135 0.2347255 0.2672453 0.1034008 0.2532587 0.1502754 0.2335413 0.2265804 0.1219470 0.1290392 0.2022547 0.2148506 0.1151392 0.1309403 0.2356438 0.1274544 0.4375969 0.2194466 0.1142625 0.1235574 0.2670269 0.1297684 0.2339060 0.2619001 0.1195426 0.1348439 0.2289472 0.1992124 
Amauria_rotundifolia_SRR9119150            0.0494921 0.2107979 0.0000000 0.3534687 0.0999229 0.2083976 0.3035017 0.3972736 0.1463908 0.1262795 0.3203331 0.1083302 0.1205820 0.1119719 0.3037375 0.2504018 0.1054131 0.1081424 0.3398898 0.3104237 0.1247410 0.1474835 0.3573378 0.1099398 0.1057515 0.1275716 0.1458308 0.1395357 0.1608081 0.1462152 0.3558421 0.3684990 0.2705220 0.1088617 0.3024999 0.3395423 0.3258324 0.3119908 0.1950639 0.1270279 0.3604407 0.3331894 0.3375801 0.3357846 0.3159400 0.2923474 0.3330174 0.3114659 0.3423908 0.1092891 0.1082511 0.3061250 0.3347708 0.1097102 0.1481204 0.5352389 0.1288916 0.3325818 0.1295369 0.1323653 0.1954158 0.1472795 0.1990438 0.1189528 0.1228135 0.3324539 0.2831973 0.1641545 0.0919720 0.3217701 0.3553442 0.1268105 0.3326319 0.3587962 0.1015680 0.1976851 0.2954791 0.1310622 0.3430266 0.1074796 0.1352189 0.3272166 0.3024124 0.1088324 0.1071533 
Conoclinium_coelestinum_SRR9119114         0.3595463 0.2129037 0.3534687 0.0000000 0.3580608 0.2597555 0.1863248 0.4123345 0.3572808 0.3730264 0.2398047 0.3597458 0.3822877 0.2658720 0.2774816 0.2227472 0.2430379 0.3205604 0.2363845 0.2243657 0.3800778 0.1924160 0.2660239 0.3402740 0.3737826 0.3780989 0.3676750 0.3769203 0.3400486 0.3091678 0.3297641 0.2820706 0.2039525 0.3759997 0.2341625 0.2704898 0.2234298 0.2573309 0.3924251 0.3872808 0.2715395 0.2531526 0.2598937 0.2581519 0.2468639 0.2355073 0.2521307 0.2576375 0.2397638 0.3739019 0.3653759 0.2191207 0.2385540 0.3597447 0.3763530 0.5768518 0.3127229 0.2570522 0.3749183 0.3673263 0.2442706 0.3687376 0.2424322 0.3639836 0.3633338 0.2278984 0.2412623 0.3439883 0.2908882 0.2381971 0.2737948 0.3352045 0.2636751 0.4743036 0.3564278 0.2105671 0.2421564 0.3822193 0.2637915 0.3688903 0.3966147 0.2513553 0.2523272 0.2542489 0.2394393 
Eutetras_palmeri_63                        0.0913526 0.2377691 0.0999229 0.3580608 0.0000000 0.2071334 0.3035591 0.3763763 0.1282295 0.0952640 0.3133422 0.0758586 0.0871970 0.0741964 0.2997893 0.2430421 0.0855519 0.0572787 0.3188789 0.3055225 0.0879239 0.1858179 0.3420206 0.0851838 0.0642117 0.0981863 0.1079570 0.0882314 0.1456615 0.1540909 0.3486376 0.3533159 0.2577277 0.0676858 0.2939776 0.3210784 0.3098203 0.3162662 0.1451076 0.0897566 0.3469081 0.3253862 0.3172562 0.3222716 0.3075145 0.2905219 0.3147067 0.3012166 0.3282258 0.0679233 0.0754629 0.2982686 0.3189786 0.0721207 0.1262577 0.5661674 0.0897570 0.3124757 0.0889434 0.0753341 0.2030180 0.1347144 0.2162598 0.0835986 0.0791612 0.3091721 0.2867617 0.1157728 0.0898606 0.3132462 0.3466211 0.1100206 0.3244281 0.3075457 0.0602917 0.1922047 0.2907598 0.1006749 0.3312209 0.0722067 0.0722101 0.3136466 0.2937746 0.0779043 0.0714267 
Eutetras_pringlei_149_quer                 0.2197872 0.1553374 0.2083976 0.2597555 0.2071334 0.0000000 0.2178179 0.2196342 0.2231254 0.2247312 0.1558811 0.2159318 0.2405099 0.2135213 0.1669546 0.1471632 0.2269986 0.2251683 0.1502954 0.1486329 0.2068437 0.2372107 0.1458799 0.2376627 0.2252059 0.2389034 0.2340028 0.2041062 0.2367127 0.2367127 0.1805266 0.1657771 0.1540111 0.2337805 0.1642620 0.1729268 0.1466937 0.1515655 0.2138412 0.2398396 0.1420725 0.1598617 0.1591516 0.1596123 0.1508872 0.1684500 0.1583063 0.1585985 0.1252811 0.2304326 0.2177524 0.1423277 0.1553986 0.2427089 0.2347287 0.3448978 0.2073159 0.1587138 0.2068437 0.2548094 0.1569681 0.2231868 0.1425134 0.2384247 0.1941830 0.1519484 0.1819809 0.2416154 0.1804639 0.1500014 0.1590456 0.2231254 0.1504839 0.4255861 0.1895985 0.1543317 0.1535151 0.2306422 0.1628846 0.2289980 0.2522861 0.1543317 0.1672661 0.2271906 0.2271906 
Eutrochium_fistulosum_SRR9119106           0.2874369 0.1606278 0.3035017 0.1863248 0.3035591 0.2178179 0.0000000 0.3559858 0.2880879 0.3065392 0.1588364 0.2908689 0.3115491 0.2267516 0.2289693 0.1600725 0.2002613 0.2778059 0.1716932 0.1429091 0.3156866 0.1951022 0.1959153 0.2796561 0.3037482 0.3117502 0.3153677 0.3207579 0.2350091 0.2121763 0.2807392 0.1980961 0.1559390 0.3090342 0.1603680 0.1577811 0.1627233 0.1850799 0.3250088 0.3169493 0.2022195 0.1585822 0.1702634 0.1540742 0.1596419 0.1639406 0.1680907 0.1705743 0.1393387 0.3086617 0.2983058 0.1392537 0.1602775 0.2909649 0.3208793 0.5763322 0.2555146 0.1687546 0.3127762 0.3189059 0.1968262 0.3011103 0.1961575 0.3085901 0.3137991 0.1584810 0.1324268 0.2865922 0.2390675 0.1547942 0.2073943 0.2454250 0.1741251 0.4325373 0.2860328 0.1648316 0.1390182 0.3226716 0.1844504 0.3022241 0.3209168 0.1707736 0.1626724 0.2057876 0.1926868 
Helianthus_annuus_SRR9119062               0.4038990 0.2945452 0.3972736 0.4123345 0.3763763 0.2196342 0.3559858 0.0000000 0.3927020 0.3946347 0.3311799 0.3816033 0.3811839 0.2841309 0.3359833 0.3165736 0.2559266 0.3704575 0.3400012 0.3426248 0.3571742 0.0579695 0.3475916 0.3662884 0.3677038 0.4170528 0.4313619 0.4016006 0.3886148 0.3456731 0.3769820 0.3788798 0.3660568 0.3962135 0.2792153 0.3398804 0.3235709 0.3589010 0.4241688 0.3779116 0.3459272 0.3393161 0.3521341 0.3607047 0.3229665 0.3101690 0.3499436 0.3529793 0.3376209 0.3824361 0.3870738 0.3136583 0.3394882 0.3791108 0.3844650 0.6973126 0.3579600 0.3528181 0.3634292 0.3818905 0.2056281 0.4194013 0.1953711 0.4035892 0.3936801 0.3460292 0.2848215 0.3412208 0.3635562 0.3277340 0.3494642 0.3516170 0.3477779 0.4837710 0.3830275 0.2242638 0.2799710 0.4207422 0.3654074 0.4031380 0.4710242 0.3457721 0.3429784 0.2504954 0.1904887 
Lycapsus_tenuifolius_17                    0.1355225 0.2393467 0.1463908 0.3572808 0.1282295 0.2231254 0.2880879 0.3927020 0.0000000 0.1431024 0.3148963 0.1320457 0.1263800 0.1057424 0.2726202 0.2280615 0.1187935 0.1296621 0.3192545 0.3044361 0.1432217 0.1884463 0.3367402 0.1197487 0.1196815 0.1175478 0.1334738 0.1796089 0.0907890 0.1008370 0.3770542 0.3444181 0.2798145 0.1315149 0.3031321 0.3359853 0.3210812 0.2858678 0.2036605 0.1381376 0.3446687 0.3377178 0.3115486 0.3395514 0.2981715 0.2674450 0.3108337 0.2892300 0.3387810 0.1290712 0.1343647 0.3072720 0.3198667 0.1206414 0.1291971 0.5746860 0.1033055 0.3070423 0.1502277 0.1551872 0.2226008 0.1322612 0.2130773 0.1334679 0.1549246 0.3174604 0.2749177 0.1889704 0.1329607 0.3063998 0.3322607 0.0059660 0.3100164 0.3818029 0.1219917 0.1999139 0.2845171 0.1623034 0.3285343 0.1186042 0.1597070 0.2996289 0.3118959 0.0997079 0.0901369 
Pericome_caudata_50_silver                 0.1222658 0.2199087 0.1262795 0.3730264 0.0952640 0.2247312 0.3065392 0.3946347 0.1431024 0.0000000 0.3170601 0.0970166 0.0994646 0.0758147 0.2955813 0.2505942 0.1042558 0.0996599 0.3234393 0.3037935 0.1108851 0.1769562 0.3366478 0.0936640 0.0968865 0.1179709 0.1320393 0.1473907 0.1348204 0.1450174 0.3564696 0.3425700 0.2815914 0.0964613 0.2931631 0.3281873 0.3056915 0.3047401 0.1600898 0.1132088 0.3357689 0.3312857 0.3170346 0.3287011 0.3101109 0.2990564 0.3179654 0.2914145 0.3392645 0.0968686 0.0996751 0.3037325 0.3169211 0.0954414 0.1330840 0.5784341 0.1084183 0.3139574 0.1136020 0.1281787 0.2176829 0.1380003 0.2142937 0.1078978 0.1229206 0.3227423 0.2682597 0.1643557 0.1080682 0.3113294 0.3359485 0.1091049 0.3199131 0.3052424 0.0823371 0.2069007 0.2798948 0.1458569 0.3283047 0.0946050 0.1269954 0.3080410 0.2931222 0.0874237 0.0837137 
Perityle_aglossa_84_dead_horse             0.3013611 0.1051780 0.3203331 0.2398047 0.3133422 0.1558811 0.1588364 0.3311799 0.3148963 0.3170601 0.0000000 0.3121554 0.3283823 0.2227224 0.1112717 0.0625363 0.1971901 0.2787151 0.0704245 0.0404844 0.3192667 0.1521936 0.1241436 0.2768863 0.3224286 0.3319907 0.3264769 0.3432751 0.2632002 0.2415016 0.2647687 0.1281889 0.1212241 0.3306274 0.0989827 0.1167622 0.0719972 0.1257665 0.3512134 0.3430517 0.1246866 0.1173032 0.0744074 0.1451542 0.1136626 0.0459701 0.0714131 0.0695716 0.1188931 0.3263690 0.3249406 0.0464439 0.0765820 0.2884084 0.3432887 0.4688573 0.2482100 0.0737831 0.3392523 0.3096639 0.1281950 0.3353831 0.1597579 0.3386334 0.3283627 0.0786217 0.0874885 0.3448737 0.2130165 0.0369106 0.1358646 0.2611248 0.0777418 0.4503011 0.3107517 0.0560295 0.0907867 0.3372506 0.0936206 0.3178769 0.3076486 0.0698658 0.1149258 0.2115401 0.1867880 
Perityle_ajoensis_204                      0.0886302 0.2408761 0.1083302 0.3597458 0.0758586 0.2159318 0.2908689 0.3816033 0.1320457 0.0970166 0.3121554 0.0000000 0.0834486 0.0819201 0.3083297 0.2469704 0.0912177 0.0814879 0.3200957 0.2971138 0.0560367 0.1953773 0.3264296 0.0756192 0.0563101 0.1081972 0.1111722 0.1273788 0.1455216 0.1454960 0.3322079 0.3495733 0.2816752 0.0499545 0.2793495 0.3238236 0.3073704 0.2929389 0.1226577 0.0920687 0.3276316 0.3237436 0.3127535 0.3041293 0.3064465 0.2972595 0.3100143 0.2758688 0.3243947 0.0462027 0.0577295 0.2983785 0.3121474 0.0526938 0.1286937 0.5556800 0.1077168 0.3116170 0.0669382 0.1085786 0.2160256 0.1328931 0.2284310 0.0670813 0.1048230 0.3093016 0.2836371 0.1326116 0.0593568 0.3054602 0.3223802 0.1147807 0.3200058 0.2594519 0.0459357 0.1948919 0.2940047 0.1145332 0.3186617 0.0557594 0.1101833 0.2999156 0.2824453 0.0875698 0.0924598 
Perityle_ambrosiifolia_67_green            0.1077402 0.2455593 0.1205820 0.3822877 0.0871970 0.2405099 0.3115491 0.3811839 0.1263800 0.0994646 0.3283823 0.0834486 0.0000000 0.0417667 0.3046132 0.2524309 0.1070874 0.0961370 0.3319434 0.3180005 0.0679873 0.2066710 0.3512740 0.0215162 0.0883326 0.1007458 0.1245313 0.1180500 0.1281042 0.1252156 0.3487096 0.3582092 0.2702900 0.0868885 0.3118602 0.3466227 0.3213376 0.3346671 0.1556840 0.0318523 0.3524664 0.3459772 0.3266751 0.3461204 0.3282075 0.2938188 0.3256309 0.3102436 0.3426911 0.0858658 0.0975585 0.3162614 0.3280280 0.0800633 0.1277642 0.5525102 0.0925532 0.3235013 0.0738843 0.1192582 0.2311059 0.1273167 0.2297896 0.0901282 0.1128990 0.3177811 0.2847787 0.1451126 0.1211151 0.3232002 0.3544797 0.0995531 0.3410936 0.3039785 0.0824118 0.1994054 0.2949106 0.1266655 0.3485115 0.0794166 0.1188174 0.3245187 0.3085876 0.0840360 0.0907518 
Perityle_angustifolia_13_Eagle_creek       0.0941050 0.2284287 0.1119719 0.2658720 0.0741964 0.2135213 0.2267516 0.2841309 0.1057424 0.0758147 0.2227224 0.0819201 0.0417667 0.0000000 0.2362859 0.1998989 0.1025943 0.0826989 0.2038267 0.2129338 0.0760629 0.2011199 0.2127612 0.0471616 0.0706869 0.0731766 0.0794106 0.1052721 0.1194086 0.1269012 0.2410627 0.2264468 0.2041088 0.0739031 0.2186268 0.2454020 0.1975023 0.2245527 0.0745068 0.0478250 0.2188934 0.2397075 0.2111371 0.2343295 0.2141850 0.2217884 0.2127554 0.2058323 0.2252292 0.0720917 0.0666292 0.2187439 0.2130938 0.0854723 0.1202304 0.5147112 0.0814016 0.2104793 0.0761572 0.1161135 0.2164250 0.1055671 0.2205251 0.0818215 0.0999024 0.2074186 0.2125283 0.0995116 0.1025936 0.2112993 0.2132770 0.1056668 0.2133497 0.2484301 0.0601735 0.1973554 0.2176639 0.1212546 0.2263251 0.0698366 0.1216222 0.2080667 0.2118691 0.0760800 0.0776381 
Perityle_batopilensis_97                   0.2959953 0.1360422 0.3037375 0.2774816 0.2997893 0.1669546 0.2289693 0.3359833 0.2726202 0.2955813 0.1112717 0.3083297 0.3046132 0.2362859 0.0000000 0.1051640 0.2110383 0.2942158 0.1170778 0.1150275 0.3035452 0.1797423 0.1084383 0.3038148 0.3041509 0.3046224 0.3065623 0.3093945 0.2942048 0.2498861 0.2048443 0.1720734 0.1686680 0.3145183 0.1382617 0.1675114 0.1173905 0.1492565 0.3063180 0.3131051 0.1112342 0.1595759 0.1120723 0.1635102 0.1379089 0.1004194 0.1122223 0.1116883 0.1690665 0.3109326 0.2962438 0.1081780 0.1141289 0.3027712 0.3080843 0.4981823 0.2612261 0.1118078 0.3061926 0.3144876 0.1482333 0.3163371 0.1635452 0.3193120 0.3005033 0.1130126 0.1228028 0.2896578 0.2332577 0.1024550 0.1209584 0.2813108 0.1244442 0.4083703 0.2948085 0.0761389 0.1265118 0.3136705 0.1239402 0.3119045 0.3461144 0.1118173 0.1603002 0.2273474 0.2065166 
Perityle_bisetosa_9                        0.2345846 0.1360077 0.2504018 0.2227472 0.2430421 0.1471632 0.1600725 0.3165736 0.2280615 0.2505942 0.0625363 0.2469704 0.2524309 0.1998989 0.1051640 0.0000000 0.1834235 0.2235431 0.0300091 0.0483385 0.2537427 0.1809840 0.0454787 0.2447375 0.2480882 0.2570403 0.2573292 0.2564405 0.2558537 0.2242182 0.1651966 0.1108958 0.1041174 0.2559965 0.0787465 0.1125392 0.0270545 0.0922478 0.2571860 0.2557061 0.0456297 0.0879211 0.0508289 0.0837578 0.0816402 0.0504835 0.0526032 0.0493820 0.0891800 0.2468866 0.2306772 0.0603688 0.0540894 0.2356207 0.2741897 0.4841687 0.2267392 0.0519409 0.2561086 0.2426206 0.1210715 0.2644763 0.1500684 0.2527192 0.2480461 0.0506897 0.0773398 0.2493926 0.1898696 0.0375363 0.0588175 0.2506115 0.0515152 0.3793474 0.2368541 0.0579390 0.0826759 0.2580676 0.0542463 0.2442471 0.2659614 0.0509187 0.1042244 0.1936793 0.1831664 
Perityle_californica_76_positas            0.0905249 0.2126959 0.1054131 0.2430379 0.0855519 0.2269986 0.2002613 0.2559266 0.1187935 0.1042558 0.1971901 0.0912177 0.1070874 0.1025943 0.2110383 0.1834235 0.0000000 0.1013765 0.1825262 0.1893402 0.0981273 0.2130739 0.1766221 0.1049240 0.1006045 0.1100827 0.1078227 0.1106843 0.1352322 0.1468128 0.2056463 0.2029028 0.1716776 0.1041802 0.1935452 0.2133926 0.1773017 0.1946805 0.1130077 0.1174246 0.1841783 0.2043472 0.1839396 0.2022998 0.1855854 0.2012324 0.1899425 0.1827986 0.1942447 0.0969560 0.0939283 0.1820790 0.1953316 0.1048475 0.1229986 0.5146540 0.1233265 0.1875585 0.1001570 0.1251400 0.2028279 0.1294606 0.2339002 0.1042447 0.1056955 0.1946361 0.1906371 0.0921005 0.0918489 0.1932956 0.1774302 0.1179141 0.1831436 0.2459846 0.0881217 0.2039109 0.1924198 0.1258411 0.1933292 0.0964339 0.1314431 0.1848226 0.1927786 0.1079636 0.1084706 
Perityle_canescens_77                      0.0928802 0.2477105 0.1081424 0.3205604 0.0572787 0.2251683 0.2778059 0.3704575 0.1296621 0.0996599 0.2787151 0.0814879 0.0961370 0.0826989 0.2942158 0.2235431 0.1013765 0.0000000 0.2700901 0.2765518 0.0990332 0.1581309 0.2802218 0.0962149 0.0671209 0.0991263 0.1039804 0.0933557 0.1557409 0.1716944 0.2929938 0.3020482 0.2545197 0.0825558 0.2747300 0.2933471 0.2672070 0.2782438 0.1222795 0.1053448 0.2884100 0.2921229 0.2748082 0.2866779 0.2671986 0.2462010 0.2761200 0.2698192 0.2822844 0.0795764 0.0832109 0.2758489 0.2729505 0.0879716 0.1387125 0.5787427 0.1099496 0.2740556 0.1006359 0.0919392 0.2096851 0.1318393 0.2236661 0.0860599 0.0889986 0.2667263 0.2401336 0.0927059 0.1006211 0.2756845 0.2862490 0.1196346 0.2791059 0.3118297 0.0622250 0.2203545 0.2433696 0.1002822 0.2892050 0.0777744 0.1013802 0.2718360 0.2785895 0.1004628 0.0935096 
Perityle_castillonii_96                    0.3130600 0.1193819 0.3398898 0.2363845 0.3188789 0.1502954 0.1716932 0.3400012 0.3192545 0.3234393 0.0704245 0.3200957 0.3319434 0.2038267 0.1170778 0.0300091 0.1825262 0.2700901 0.0000000 0.0740830 0.3230580 0.1257965 0.1207425 0.2709570 0.3456876 0.3502796 0.3423442 0.3599691 0.2472469 0.2121896 0.2540457 0.1285907 0.1064811 0.3444713 0.0941053 0.1073467 0.0111791 0.1084489 0.3597934 0.3511684 0.1184819 0.1011037 0.0715076 0.1246081 0.0968695 0.0645078 0.0660468 0.0651423 0.1055674 0.3382836 0.3372351 0.0652989 0.1049109 0.2774119 0.3523717 0.4833721 0.2260239 0.0709207 0.3491086 0.3154299 0.1305429 0.3451022 0.1433324 0.3537741 0.3385965 0.1061668 0.0871201 0.3547790 0.1812909 0.0605357 0.1308891 0.2556875 0.0673938 0.4453188 0.3117608 0.0391949 0.0856716 0.3463862 0.0863882 0.3260958 0.3011823 0.0685118 0.1157474 0.1907085 0.1812688 
Perityle_cernua_84                         0.2969676 0.1204711 0.3104237 0.2243657 0.3055225 0.1486329 0.1429091 0.3426248 0.3044361 0.3037935 0.0404844 0.2971138 0.3180005 0.2129338 0.1150275 0.0483385 0.1893402 0.2765518 0.0740830 0.0000000 0.3010783 0.1759551 0.1353684 0.2634775 0.3108020 0.3265219 0.3206816 0.3306415 0.2554793 0.2351313 0.2627963 0.1230487 0.1152561 0.3260197 0.0984512 0.1048755 0.0738662 0.0977420 0.3400421 0.3349131 0.1352704 0.0958546 0.0766176 0.1310513 0.0909894 0.0376766 0.0738131 0.0690408 0.0929542 0.3211370 0.3239758 0.0421607 0.0615583 0.2877838 0.3345223 0.4591649 0.2338654 0.0735482 0.3261767 0.3053942 0.1232385 0.3252516 0.1539653 0.3277064 0.3150709 0.0655470 0.0838827 0.3292228 0.2144421 0.0247976 0.1440915 0.2379202 0.0820080 0.4434522 0.2913891 0.0620709 0.0923060 0.3254987 0.0976222 0.3039755 0.2995083 0.0722350 0.0995099 0.2045767 0.1847446 
Perityle_cfvillosa_25_tin                  0.1119197 0.2376183 0.1247410 0.3800778 0.0879239 0.2068437 0.3156866 0.3571742 0.1432217 0.1108851 0.3192667 0.0560367 0.0679873 0.0760629 0.3035452 0.2537427 0.0981273 0.0990332 0.3230580 0.3010783 0.0000000 0.1948921 0.3320696 0.0742494 0.0749331 0.1133021 0.1148170 0.1121141 0.1515689 0.1481340 0.3352295 0.3417042 0.2622569 0.0755449 0.3139423 0.3312319 0.3158219 0.3364421 0.1325128 0.0669091 0.3332838 0.3307520 0.3244860 0.3314168 0.3178755 0.2858374 0.3196147 0.3142138 0.3314975 0.0650377 0.0928317 0.3044751 0.3001236 0.0828323 0.1409578 0.5669982 0.0809256 0.3194475 0.0109951 0.1202516 0.2156590 0.1501458 0.2238767 0.0948766 0.1126355 0.2888055 0.2614246 0.1167260 0.1079487 0.3095132 0.3275215 0.1180071 0.3310051 0.2357367 0.0816745 0.1918962 0.2697182 0.1299304 0.3288546 0.0878590 0.1295971 0.3185008 0.3095978 0.0856550 0.0840218 
Perityle_cinerea_113_Powell1310            0.1748301 0.1614685 0.1474835 0.1924160 0.1858179 0.2372107 0.1951022 0.0579695 0.1884463 0.1769562 0.1521936 0.1953773 0.2066710 0.2011199 0.1797423 0.1809840 0.2130739 0.1581309 0.1257965 0.1759551 0.1948921 0.0000000 0.1351572 0.2196512 0.1899269 0.2062064 0.1950486 0.1714988 0.2017937 0.2017937 0.1766553 0.2122020 0.1595038 0.2114531 0.1565678 0.1718546 0.1169882 0.1504104 0.1877017 0.2056627 0.1257965 0.1773989 0.1354315 0.1510084 0.1503958 0.1699776 0.1306595 0.1355616 0.0726052 0.1899269 0.1892809 0.1349998 0.1968062 0.2000101 0.1858118 0.3665828 0.1897759 0.1306595 0.1948921 0.2110681 0.1856304 0.1936814 0.2207698 0.2135821 0.1720087 0.1805754 0.1605875 0.1918754 0.1691554 0.1699210 0.1256772 0.1829421 0.1307843 0.4198143 0.1833954 0.1206725 0.1653913 0.1858026 0.1400729 0.1898884 0.1834771 0.1306595 0.1660768 0.1946937 0.1946937 
Perityle_coahuilensis_24                   0.3176289 0.1159843 0.3573378 0.2660239 0.3420206 0.1458799 0.1959153 0.3475916 0.3367402 0.3366478 0.1241436 0.3264296 0.3512740 0.2127612 0.1084383 0.0454787 0.1766221 0.2802218 0.1207425 0.1353684 0.3320696 0.1351572 0.0000000 0.2682627 0.3627561 0.3715581 0.3709600 0.3745742 0.2529847 0.2261973 0.2636836 0.1891274 0.1322545 0.3719533 0.1413384 0.1812377 0.1197413 0.1393933 0.3584717 0.3693239 0.0212925 0.1666280 0.1065764 0.1679236 0.1594205 0.1041531 0.1082877 0.0739842 0.1783246 0.3618594 0.3517594 0.1254273 0.1377123 0.2770946 0.3561302 0.4877573 0.2316641 0.1070391 0.3716952 0.3188156 0.1273928 0.3720149 0.1585242 0.3682404 0.3650718 0.1368838 0.1278413 0.3584479 0.1784945 0.1239954 0.0200301 0.2464123 0.1006908 0.4764548 0.3282128 0.0323434 0.1313090 0.3731930 0.0976600 0.3446928 0.3119985 0.0973892 0.1613379 0.1910617 0.1758006 
Perityle_cochisensis_44_cave_creek         0.0973359 0.2469240 0.1099398 0.3402740 0.0851838 0.2376627 0.2796561 0.3662884 0.1197487 0.0936640 0.2768863 0.0756192 0.0215162 0.0471616 0.3038148 0.2447375 0.1049240 0.0962149 0.2709570 0.2634775 0.0742494 0.2196512 0.2682627 0.0000000 0.0764173 0.0884273 0.1026169 0.1022685 0.1285487 0.1286489 0.2769978 0.2987228 0.2531160 0.0880831 0.2620991 0.2916638 0.2588136 0.2656695 0.1019539 0.0365113 0.2737382 0.2878278 0.2718498 0.2828789 0.2572239 0.2709957 0.2703895 0.2688323 0.2780851 0.0868439 0.0804671 0.2592301 0.2716247 0.0816441 0.1229574 0.5655687 0.1036241 0.2711226 0.0726680 0.1094440 0.2288355 0.1199580 0.2359604 0.0774625 0.1061161 0.2660503 0.2354104 0.1119916 0.1252923 0.2710303 0.2766721 0.1076574 0.2840106 0.2654302 0.0756820 0.1970660 0.2478026 0.1189452 0.2898068 0.0678816 0.1134193 0.2711676 0.2672862 0.0811894 0.0878468 
Perityle_congesta_202                      0.0894660 0.2290740 0.1057515 0.3737826 0.0642117 0.2252059 0.3037482 0.3677038 0.1196815 0.0968865 0.3224286 0.0563101 0.0883326 0.0706869 0.3041509 0.2480882 0.1006045 0.0671209 0.3456876 0.3108020 0.0749331 0.1899269 0.3627561 0.0764173 0.0000000 0.0958925 0.0947036 0.1133729 0.1290554 0.1436353 0.3584891 0.3698366 0.2712366 0.0404039 0.3050915 0.3479267 0.3339120 0.3133473 0.1464303 0.0966760 0.3639523 0.3451678 0.3313579 0.3384662 0.3262186 0.3054703 0.3267783 0.3020493 0.3484657 0.0380136 0.0476040 0.3091012 0.3318458 0.0430453 0.1202948 0.5321500 0.0967436 0.3263129 0.0822856 0.0985547 0.2082682 0.1241094 0.2377277 0.0586132 0.0927259 0.3262413 0.2861927 0.1434547 0.0725280 0.3245825 0.3580564 0.0973392 0.3373205 0.2778003 0.0353006 0.1831615 0.3026571 0.1134972 0.3349891 0.0419958 0.1050573 0.3185151 0.3065483 0.0828463 0.0857407 
Perityle_cordifolia_27                     0.1203571 0.2421045 0.1275716 0.3780989 0.0981863 0.2389034 0.3117502 0.4170528 0.1175478 0.1179709 0.3319907 0.1081972 0.1007458 0.0731766 0.3046224 0.2570403 0.1100827 0.0991263 0.3502796 0.3265219 0.1133021 0.2062064 0.3715581 0.0884273 0.0958925 0.0000000 0.0569501 0.1503444 0.1283289 0.1280427 0.3778539 0.3848586 0.2886185 0.0966432 0.3239311 0.3468322 0.3374122 0.3274617 0.1235037 0.1114185 0.3756117 0.3539445 0.3399280 0.3448235 0.3337695 0.3121787 0.3386176 0.3144737 0.3660896 0.0983347 0.1097705 0.3180586 0.3359908 0.0906762 0.1338050 0.5816676 0.0960927 0.3348952 0.1186612 0.1317092 0.2431365 0.1049551 0.2444169 0.1038661 0.1280111 0.3299059 0.2968169 0.1714855 0.1269047 0.3340605 0.3738980 0.1007422 0.3467723 0.3278850 0.0905834 0.1971527 0.3107650 0.1528311 0.3551334 0.0895157 0.1290063 0.3288287 0.3135911 0.0794036 0.0814809 
Perityle_cordifolia_68_tecolote            0.1304589 0.2522286 0.1458308 0.3676750 0.1079570 0.2340028 0.3153677 0.4313619 0.1334738 0.1320393 0.3264769 0.1111722 0.1245313 0.0794106 0.3065623 0.2573292 0.1078227 0.1039804 0.3423442 0.3206816 0.1148170 0.1950486 0.3709600 0.1026169 0.0947036 0.0569501 0.0000000 0.1587611 0.1435526 0.1478070 0.3780728 0.3754328 0.2891271 0.1060768 0.3194955 0.3466616 0.3261455 0.3154143 0.1289063 0.1319495 0.3819311 0.3498486 0.3395647 0.3382134 0.3288746 0.3091935 0.3369356 0.3128561 0.3578847 0.1038616 0.1067070 0.3122617 0.3336015 0.1094854 0.1377562 0.5599656 0.1069707 0.3345876 0.1241805 0.1414198 0.2423784 0.1217718 0.2512652 0.1172501 0.1364696 0.3240591 0.2968715 0.1678382 0.1264683 0.3284801 0.3679323 0.1229682 0.3450118 0.3258863 0.0955282 0.2049170 0.3123513 0.1475667 0.3583658 0.1045976 0.1425264 0.3288274 0.3124521 0.0833839 0.0858212 
Perityle_coronopifolia_28_patagonia        0.1095096 0.2334138 0.1395357 0.3769203 0.0882314 0.2041062 0.3207579 0.4016006 0.1796089 0.1473907 0.3432751 0.1273788 0.1180500 0.1052721 0.3093945 0.2564405 0.1106843 0.0933557 0.3599691 0.3306415 0.1121141 0.1714988 0.3745742 0.1022685 0.1133729 0.1503444 0.1587611 0.0000000 0.1616535 0.1606226 0.3811684 0.3845945 0.2929155 0.1227780 0.3186747 0.3671398 0.3428621 0.3235675 0.1972093 0.1400412 0.3757325 0.3668895 0.3567723 0.3473835 0.3398498 0.3190913 0.3531768 0.3119763 0.3655889 0.1205695 0.1250149 0.3440318 0.3532696 0.1005572 0.1575908 0.5337690 0.1108492 0.3533389 0.1339518 0.1120567 0.2113578 0.1777282 0.1946127 0.1302238 0.0295690 0.3419633 0.3201954 0.1665139 0.0965606 0.3329081 0.3815582 0.1332888 0.3635985 0.3521238 0.0882491 0.1804465 0.3279064 0.1356994 0.3508912 0.1063914 0.1054782 0.3420543 0.3162372 0.1142056 0.1087566 
Perityle_crassifolia_70_ventanas           0.1348580 0.2442962 0.1608081 0.3400486 0.1456615 0.2367127 0.2350091 0.3886148 0.0907890 0.1348204 0.2632002 0.1455216 0.1281042 0.1194086 0.2942048 0.2558537 0.1352322 0.1557409 0.2472469 0.2554793 0.1515689 0.2017937 0.2529847 0.1285487 0.1290554 0.1283289 0.1435526 0.1616535 0.0000000 0.0021929 0.3000676 0.2803318 0.2541986 0.1513363 0.2575821 0.2846259 0.2504758 0.2721132 0.1410290 0.1230269 0.2618034 0.2895650 0.2563326 0.2817908 0.2599759 0.2671872 0.2531415 0.2507103 0.2850365 0.1309995 0.1321198 0.2592743 0.2516042 0.1331134 0.1563151 0.5834214 0.1420214 0.2555260 0.1498537 0.1635691 0.2297665 0.1379557 0.2184944 0.1355279 0.1546270 0.2476568 0.2586215 0.1373372 0.1546155 0.2496351 0.2577071 0.0870190 0.2564456 0.3328945 0.1277325 0.2067879 0.2674630 0.1704760 0.2718808 0.1269664 0.1649943 0.2531114 0.2668504 0.1110664 0.1031159 
Perityle_crassifolia_74_playa_balandra     0.1191939 0.2344593 0.1462152 0.3091678 0.1540909 0.2367127 0.2121763 0.3456731 0.1008370 0.1450174 0.2415016 0.1454960 0.1252156 0.1269012 0.2498861 0.2242182 0.1468128 0.1716944 0.2121896 0.2351313 0.1481340 0.2017937 0.2261973 0.1286489 0.1436353 0.1280427 0.1478070 0.1606226 0.0021929 0.0000000 0.2430913 0.2548725 0.2229076 0.1642947 0.2377224 0.2584291 0.2129473 0.2432053 0.1439578 0.1294396 0.2282542 0.2701255 0.2265804 0.2529900 0.2274558 0.2432403 0.2227382 0.2197411 0.2488763 0.1372083 0.1409058 0.2337356 0.2295919 0.1371564 0.1458368 0.5484632 0.1411936 0.2256848 0.1456376 0.1781354 0.2229151 0.1406146 0.2119353 0.1429671 0.1629043 0.2249099 0.2329655 0.1245532 0.1509513 0.2242484 0.2326660 0.0983965 0.2269931 0.3532145 0.1305207 0.2067879 0.2437624 0.1795143 0.2381541 0.1318949 0.1689195 0.2225912 0.2436220 0.1171079 0.1078376 
Perityle_cuneata_34_cuneata_San_antonio    0.3270662 0.1443825 0.3558421 0.3297641 0.3486376 0.1805266 0.2807392 0.3769820 0.3770542 0.3564696 0.2647687 0.3322079 0.3487096 0.2410627 0.2048443 0.1651966 0.2056463 0.2929938 0.2540457 0.2627963 0.3352295 0.1766553 0.2636836 0.2769978 0.3584891 0.3778539 0.3780728 0.3811684 0.3000676 0.2430913 0.0000000 0.2822935 0.2197842 0.3705798 0.2609237 0.2608784 0.2451525 0.2350976 0.3991088 0.3778379 0.2646711 0.2572257 0.2591984 0.2643074 0.2546389 0.2411276 0.2621568 0.2288474 0.2598426 0.3653964 0.3737313 0.2585789 0.2838711 0.2923007 0.3568471 0.5508526 0.2570384 0.2640072 0.3706647 0.3451140 0.1853761 0.3869923 0.1990047 0.3838861 0.3712140 0.2947635 0.2435607 0.3574845 0.2352151 0.2619860 0.2620667 0.2771850 0.2621678 0.5185001 0.3351529 0.1307491 0.2437953 0.3834408 0.2552913 0.3522486 0.3376998 0.2527885 0.2473917 0.2226143 0.2078312 
Perityle_cuneata_4                         0.3264449 0.1501034 0.3684990 0.2820706 0.3533159 0.1657771 0.1980961 0.3788798 0.3444181 0.3425700 0.1281889 0.3495733 0.3582092 0.2264468 0.1720734 0.1108958 0.2029028 0.3020482 0.1285907 0.1230487 0.3417042 0.2122020 0.1891274 0.2987228 0.3698366 0.3848586 0.3754328 0.3845945 0.2803318 0.2548725 0.2822935 0.0000000 0.1497661 0.3762510 0.1397233 0.1695801 0.1232048 0.1577689 0.3890160 0.3753964 0.1854985 0.1556444 0.1392710 0.1920617 0.1430688 0.1218148 0.1361248 0.1294607 0.1459882 0.3680443 0.3604170 0.1313144 0.1513982 0.3150683 0.3676564 0.5210733 0.2554663 0.1380712 0.3703712 0.3400373 0.1585937 0.3708640 0.1920777 0.3840815 0.3697495 0.1562354 0.1272421 0.3650696 0.2533406 0.1210543 0.1974206 0.2778968 0.1402870 0.5050774 0.3360295 0.1407002 0.1241584 0.3726202 0.1566366 0.3582537 0.3605084 0.1326287 0.1661482 0.2194741 0.1985429 
Perityle_discoidea_81                      0.2550892 0.1312007 0.2705220 0.2039525 0.2577277 0.1540111 0.1559390 0.3660568 0.2798145 0.2815914 0.1212241 0.2816752 0.2702900 0.2041088 0.1686680 0.1041174 0.1716776 0.2545197 0.1064811 0.1152561 0.2622569 0.1595038 0.1322545 0.2531160 0.2712366 0.2886185 0.2891271 0.2929155 0.2541986 0.2229076 0.2197842 0.1497661 0.0000000 0.2919024 0.1273283 0.1383892 0.1033697 0.1245395 0.2855437 0.2935112 0.1353963 0.1258399 0.1159458 0.1388440 0.1188264 0.1173149 0.1156432 0.1121721 0.1166666 0.2869421 0.2866119 0.1085640 0.1236636 0.2714077 0.2666635 0.5006003 0.2111776 0.1156704 0.2746025 0.2711005 0.1517284 0.2904111 0.1676384 0.2882949 0.2722992 0.1285398 0.1087201 0.2597926 0.2141496 0.1173181 0.1420496 0.2307154 0.1166568 0.3942057 0.2483981 0.0914452 0.1051852 0.2963999 0.1232125 0.2596199 0.3017050 0.1116652 0.1349774 0.1885917 0.1696216 
Perityle_dissecta_201                      0.1020185 0.2467611 0.1088617 0.3759997 0.0676858 0.2337805 0.3090342 0.3962135 0.1315149 0.0964613 0.3306274 0.0499545 0.0868885 0.0739031 0.3145183 0.2559965 0.1041802 0.0825558 0.3444713 0.3260197 0.0755449 0.2114531 0.3719533 0.0880831 0.0404039 0.0966432 0.1060768 0.1227780 0.1513363 0.1642947 0.3705798 0.3762510 0.2919024 0.0000000 0.3169320 0.3509257 0.3353269 0.3277808 0.1566122 0.0975341 0.3750762 0.3486443 0.3344056 0.3459323 0.3331897 0.3145092 0.3315227 0.3104795 0.3538843 0.0364136 0.0598128 0.3220910 0.3396357 0.0525213 0.1285386 0.5812465 0.1076632 0.3295346 0.0774358 0.1103881 0.2233222 0.1290585 0.2414047 0.0596949 0.1015240 0.3374977 0.3049069 0.1441180 0.0683033 0.3325355 0.3693025 0.1096920 0.3402846 0.3022161 0.0349296 0.2047360 0.3130031 0.1176301 0.3480035 0.0438586 0.1175763 0.3240077 0.3127294 0.0931378 0.0986003 
Perityle_emoryi_47_punta_san_jose          0.2990199 0.1254802 0.3024999 0.2341625 0.2939776 0.1642620 0.1603680 0.2792153 0.3031321 0.2931631 0.0989827 0.2793495 0.3118602 0.2186268 0.1382617 0.0787465 0.1935452 0.2747300 0.0941053 0.0984512 0.3139423 0.1565678 0.1413384 0.2620991 0.3050915 0.3239311 0.3194955 0.3186747 0.2575821 0.2377224 0.2609237 0.1397233 0.1273283 0.3169320 0.0000000 0.1153069 0.0947810 0.1132938 0.3291117 0.3221931 0.1406860 0.1101053 0.0948147 0.1021576 0.1048187 0.0985652 0.0949608 0.0937442 0.1006114 0.3117192 0.2841916 0.0855302 0.1044897 0.2787239 0.3148913 0.4996435 0.2439710 0.0946392 0.3195914 0.3128485 0.1263631 0.3098939 0.1650831 0.3144107 0.3080393 0.1046053 0.0952019 0.3190329 0.1676691 0.0939601 0.1488321 0.2489023 0.0938569 0.4319243 0.2901172 0.0872678 0.0936318 0.3147391 0.0928982 0.2985694 0.2974913 0.0960792 0.0536476 0.2115562 0.2027767 
Perityle_feddemae_99                       0.3142585 0.1585231 0.3395423 0.2704898 0.3210784 0.1729268 0.1577811 0.3398804 0.3359853 0.3281873 0.1167622 0.3238236 0.3466227 0.2454020 0.1675114 0.1125392 0.2133926 0.2933471 0.1073467 0.1048755 0.3312319 0.1718546 0.1812377 0.2916638 0.3479267 0.3468322 0.3466616 0.3671398 0.2846259 0.2584291 0.2608784 0.1695801 0.1383892 0.3509257 0.1153069 0.0000000 0.0998882 0.1341937 0.3713579 0.3656579 0.1793051 0.0501934 0.1200104 0.0746632 0.1070800 0.1175346 0.1186457 0.1169599 0.0521668 0.3472472 0.3483968 0.0986568 0.1541383 0.3040909 0.3543777 0.5538220 0.2614032 0.1190039 0.3544761 0.3216853 0.1714725 0.3527958 0.1819830 0.3677388 0.3449906 0.1560017 0.1191483 0.3630835 0.2058704 0.1092290 0.1911888 0.2723330 0.1204698 0.4712458 0.3136919 0.1120149 0.1159495 0.3462047 0.1370113 0.3405063 0.3157034 0.1178304 0.1119199 0.2240420 0.2109050 
Perityle_fosteri_93                        0.3001207 0.1170015 0.3258324 0.2234298 0.3098203 0.1466937 0.1627233 0.3235709 0.3210812 0.3056915 0.0719972 0.3073704 0.3213376 0.1975023 0.1173905 0.0270545 0.1773017 0.2672070 0.0111791 0.0738662 0.3158219 0.1169882 0.1197413 0.2588136 0.3339120 0.3374122 0.3261455 0.3428621 0.2504758 0.2129473 0.2451525 0.1232048 0.1033697 0.3353269 0.0947810 0.0998882 0.0000000 0.0945392 0.3467878 0.3383881 0.1188717 0.0879706 0.0714108 0.1173567 0.0883372 0.0643036 0.0672997 0.0640970 0.0905535 0.3290034 0.3322104 0.0649043 0.1055223 0.2772427 0.3423577 0.4837572 0.2188482 0.0712677 0.3382030 0.3153220 0.1312798 0.3331672 0.1479749 0.3411863 0.3272724 0.1028012 0.0822792 0.3322846 0.1827125 0.0643028 0.1320531 0.2463174 0.0673911 0.4409481 0.3035801 0.0392941 0.0807342 0.3365234 0.0876252 0.3189160 0.3009514 0.0675842 0.1048893 0.1846133 0.1769026 
Perityle_gamon_221                         0.3097629 0.1457446 0.3119908 0.2573309 0.3162662 0.1515655 0.1850799 0.3589010 0.2858678 0.3047401 0.1257665 0.2929389 0.3346671 0.2245527 0.1492565 0.0922478 0.1946805 0.2782438 0.1084489 0.0977420 0.3364421 0.1504104 0.1393933 0.2656695 0.3133473 0.3274617 0.3154143 0.3235675 0.2721132 0.2432053 0.2350976 0.1577689 0.1245395 0.3277808 0.1132938 0.1341937 0.0945392 0.0000000 0.3354653 0.3408179 0.1404889 0.1076349 0.1168557 0.1073532 0.0430595 0.1127581 0.1181856 0.1133555 0.0993257 0.3210477 0.2930025 0.0958142 0.1269657 0.2757333 0.3379845 0.4986708 0.2503101 0.1165999 0.3404072 0.3213216 0.1102662 0.3205864 0.1478927 0.3167028 0.3171715 0.1239739 0.0948305 0.3126962 0.1893438 0.1111288 0.1530939 0.2622932 0.1140998 0.4676506 0.3051671 0.0962271 0.0966828 0.3239992 0.1185822 0.3062649 0.3073373 0.1162441 0.1416378 0.2091915 0.1980144 
Perityle_gentryi_8_san_francisco           0.1744365 0.2376487 0.1950639 0.3924251 0.1451076 0.2138412 0.3250088 0.4241688 0.2036605 0.1600898 0.3512134 0.1226577 0.1556840 0.0745068 0.3063180 0.2571860 0.1130077 0.1222795 0.3597934 0.3400421 0.1325128 0.1877017 0.3584717 0.1019539 0.1464303 0.1235037 0.1289063 0.1972093 0.1410290 0.1439578 0.3991088 0.3890160 0.2855437 0.1566122 0.3291117 0.3713579 0.3467878 0.3354653 0.0000000 0.1769212 0.3699667 0.3724065 0.3573331 0.3720664 0.3486712 0.3206063 0.3590731 0.3139723 0.3787729 0.1530590 0.1583987 0.3406897 0.3565083 0.0914489 0.1947610 0.5497643 0.1036705 0.3577891 0.1528679 0.1649327 0.2191573 0.1645553 0.2322320 0.1617516 0.1878711 0.3475854 0.3208549 0.1997082 0.1250265 0.3511702 0.3559888 0.1099668 0.3654024 0.3328209 0.1298579 0.2010461 0.3273881 0.2141632 0.3603191 0.1387131 0.1438257 0.3470987 0.3261369 0.0883024 0.0890869 
Perityle_gilensis_22_Superstition          0.1141380 0.2522779 0.1270279 0.3872808 0.0897566 0.2398396 0.3169493 0.3779116 0.1381376 0.1132088 0.3430517 0.0920687 0.0318523 0.0478250 0.3131051 0.2557061 0.1174246 0.1053448 0.3511684 0.3349131 0.0669091 0.2056627 0.3693239 0.0365113 0.0966760 0.1114185 0.1319495 0.1400412 0.1230269 0.1294396 0.3778379 0.3753964 0.2935112 0.0975341 0.3221931 0.3656579 0.3383881 0.3408179 0.1769212 0.0000000 0.3742741 0.3629875 0.3490658 0.3631076 0.3478786 0.3115599 0.3437571 0.3181083 0.3703548 0.0780864 0.0935732 0.3330171 0.3372475 0.0822982 0.1317887 0.5857177 0.1096397 0.3439351 0.0719173 0.1186823 0.2306352 0.1390834 0.2430591 0.1034467 0.1235001 0.3333909 0.2969023 0.1617751 0.1246240 0.3397189 0.3745299 0.1160756 0.3545597 0.3071207 0.0879131 0.2025483 0.3129237 0.1341148 0.3548904 0.0876856 0.1178792 0.3340483 0.3203383 0.0788637 0.0850686 
Perityle_gilensis_salensis_225             0.3186271 0.1125715 0.3604407 0.2715395 0.3469081 0.1420725 0.2022195 0.3459272 0.3446687 0.3357689 0.1246866 0.3276316 0.3524664 0.2188934 0.1112342 0.0456297 0.1841783 0.2884100 0.1184819 0.1352704 0.3332838 0.1257965 0.0212925 0.2737382 0.3639523 0.3756117 0.3819311 0.3757325 0.2618034 0.2282542 0.2646711 0.1854985 0.1353963 0.3750762 0.1406860 0.1793051 0.1188717 0.1404889 0.3699667 0.3742741 0.0000000 0.1693211 0.1083560 0.1707274 0.1588441 0.1023750 0.1086157 0.0742159 0.1795851 0.3630085 0.3551615 0.1298479 0.1394782 0.2806332 0.3561093 0.4954294 0.2380502 0.1088066 0.3728461 0.3290445 0.1297456 0.3731821 0.1565951 0.3693913 0.3642910 0.1386021 0.1305609 0.3547933 0.1822815 0.1245429 0.0272288 0.2534543 0.1024605 0.4875883 0.3268293 0.0297604 0.1324853 0.3723874 0.0993126 0.3458764 0.3193346 0.0990786 0.1606713 0.2012289 0.1868312 
Perityle_glaucescens_94                    0.3130982 0.1463569 0.3331894 0.2531526 0.3253862 0.1598617 0.1585822 0.3393161 0.3377178 0.3312857 0.1173032 0.3237436 0.3459772 0.2397075 0.1595759 0.0879211 0.2043472 0.2921229 0.1011037 0.0958546 0.3307520 0.1773989 0.1666280 0.2878278 0.3451678 0.3539445 0.3498486 0.3668895 0.2895650 0.2701255 0.2572257 0.1556444 0.1258399 0.3486443 0.1101053 0.0501934 0.0879706 0.1076349 0.3724065 0.3629875 0.1693211 0.0000000 0.1097557 0.0561305 0.0832111 0.1063105 0.1056900 0.1033031 0.0191580 0.3449845 0.3448331 0.0951653 0.1470159 0.2958724 0.3479322 0.5373271 0.2626690 0.1088446 0.3538761 0.3205962 0.1392960 0.3544262 0.1812549 0.3634112 0.3448462 0.1504791 0.0975850 0.3668971 0.2056222 0.1043432 0.1779338 0.2760210 0.1104303 0.4853369 0.3092864 0.0965374 0.0992415 0.3434256 0.1262313 0.3382258 0.3141130 0.1075598 0.1213375 0.2251958 0.2118523 
Perityle_gracilis_11                       0.3184054 0.1229001 0.3375801 0.2598937 0.3172562 0.1591516 0.1702634 0.3521341 0.3115486 0.3170346 0.0744074 0.3127535 0.3266751 0.2111371 0.1120723 0.0508289 0.1839396 0.2748082 0.0715076 0.0766176 0.3244860 0.1354315 0.1065764 0.2718498 0.3313579 0.3399280 0.3395647 0.3567723 0.2563326 0.2265804 0.2591984 0.1392710 0.1159458 0.3344056 0.0948147 0.1200104 0.0714108 0.1168557 0.3573331 0.3490658 0.1083560 0.1097557 0.0000000 0.1348263 0.1108433 0.0742455 0.0059986 0.0038414 0.1151070 0.3336240 0.3284332 0.0574702 0.1087084 0.2730689 0.3437445 0.5081325 0.2387971 0.0047815 0.3428644 0.3191117 0.1495293 0.3414907 0.1658722 0.3513762 0.3362646 0.1116066 0.0797387 0.3615818 0.1834319 0.0751321 0.1152396 0.2544315 0.0292653 0.4609644 0.3096321 0.0026510 0.0861645 0.3468388 0.0568701 0.3230013 0.3142971 0.0048673 0.1172661 0.1981418 0.1834076 
Perityle_harkerae_31                       0.3069108 0.1427052 0.3357846 0.2581519 0.3222716 0.1596123 0.1540742 0.3607047 0.3395514 0.3287011 0.1451542 0.3041293 0.3461204 0.2343295 0.1635102 0.0837578 0.2022998 0.2866779 0.1246081 0.1310513 0.3314168 0.1510084 0.1679236 0.2828789 0.3384662 0.3448235 0.3382134 0.3473835 0.2817908 0.2529900 0.2643074 0.1920617 0.1388440 0.3459323 0.1021576 0.0746632 0.1173567 0.1073532 0.3720664 0.3631076 0.1707274 0.0561305 0.1348263 0.0000000 0.1220158 0.1417747 0.1335500 0.1025731 0.0543753 0.3438605 0.3375363 0.1192392 0.1493879 0.2931022 0.3453574 0.5318572 0.2503029 0.1316609 0.3547171 0.3176782 0.1457320 0.3477765 0.1684994 0.3458377 0.3346603 0.1428826 0.1328244 0.3332009 0.2041303 0.1301930 0.1811922 0.2658451 0.1336348 0.4974720 0.3115286 0.0779563 0.1379648 0.3364371 0.1255086 0.3287510 0.3085318 0.1295486 0.1109927 0.2197523 0.2063909 
