86
Amauria_brandeegeana_62                    0.0000000 0.1529727 0.1459486 0.2258496 0.1692119 0.2527569 0.1740318 0.2238113 0.2176624 0.0123054 0.1541586 0.0691492 0.2985739 0.1357122 0.0665819 0.0824903 0.0589827 0.1501984 0.0807408 0.0555117 0.0603839 0.1512445 0.2387118 0.1285317 0.1346387 0.1329374 0.1361256 0.1435218 0.1419554 0.1829010 0.2959736 0.1358479 0.1338653 0.0179630 0.0622182 0.1383384 0.1323110 0.1332969 0.1451748 0.0680511 0.1268781 0.1297826 0.1199507 0.1325722 0.0924378 0.0820797 0.0649935 0.1411745 0.1274743 0.1305250 0.1327672 0.1523359 0.1324773 0.1385031 0.0627676 0.0940669 0.2539868 0.0540071 0.1274743 0.1302576 0.0785943 0.0457911 0.1043628 0.1439813 0.1366393 0.1338114 0.1437691 0.1653834 0.1627621 0.0499766 0.0601043 0.1271974 0.1645343 0.1313789 0.1307794 0.1294490 0.2116311 0.1626208 0.1613613 0.1912472 0.0700364 0.1366879 0.0705162 0.1377738 0.1422158 0.0800324 
Amauria_carterae_99_mesa                   0.1529727 0.0000000 0.0753788 0.1954752 0.1259787 0.0939555 0.1539199 0.1772720 0.2148148 0.1472987 0.0864289 0.1642079 0.1389513 0.0595116 0.1388364 0.1665344 0.1463085 0.0880370 0.1527378 0.1470752 0.1512802 0.0655665 0.2255861 0.0595239 0.0615225 0.0635147 0.0616350 0.1118090 0.1002802 0.0905749 0.1941128 0.0842916 0.0824790 0.1495774 0.1538072 0.0758165 0.1063269 0.0571387 0.0948953 0.1602568 0.0632612 0.0632612 0.0924999 0.0665917 0.1536491 0.1687660 0.1487840 0.0577472 0.0616941 0.1187607 0.0613705 0.1510757 0.0614090 0.0596625 0.1492410 0.1603506 0.2482362 0.1828068 0.0616941 0.0655665 0.1563730 0.1603234 0.1485765 0.0770508 0.0670264 0.0982302 0.0735672 0.0926862 0.0774878 0.1687690 0.1420995 0.0576064 0.1187163 0.0597924 0.0558648 0.0615625 0.1500313 0.0885169 0.0910587 0.1233806 0.1568162 0.0877972 0.1583067 0.0777054 0.0791335 0.1616048 
Amauria_rotundifolia_SRR9119150            0.1459486 0.0753788 0.0000000 0.1964026 0.1342540 0.1566526 0.1526851 0.1840649 0.2053523 0.1425709 0.0880414 0.1520415 0.2425749 0.0541242 0.1440031 0.1614312 0.1308387 0.0479632 0.1302603 0.1258664 0.1354936 0.0756150 0.2472871 0.0697284 0.0704839 0.0806800 0.0735588 0.1391234 0.1089987 0.0868370 0.1944680 0.0310155 0.0642094 0.1449090 0.1419716 0.0692102 0.1263391 0.0591296 0.1075847 0.1418532 0.0709645 0.0744449 0.1145257 0.0699887 0.1276719 0.1431326 0.1322880 0.0744323 0.0734099 0.1145647 0.0781177 0.2261253 0.0744350 0.0782693 0.1321593 0.1488486 0.2939222 0.1599450 0.0734099 0.0758437 0.1361213 0.1821341 0.1562230 0.0403138 0.0816058 0.1027614 0.0879111 0.1027827 0.0984911 0.1969745 0.1281698 0.0708643 0.1011187 0.0769202 0.0673297 0.0691720 0.1441589 0.0968832 0.1205690 0.1227805 0.1412101 0.0608376 0.1360068 0.0783585 0.0533313 0.1544866 
Conoclinium_coelestinum_SRR9119114         0.2258496 0.1954752 0.1964026 0.0000000 0.1463255 0.2098430 0.1571222 0.1472658 0.2250129 0.2257680 0.1831870 0.2289458 0.3263990 0.1662010 0.2122143 0.2294883 0.2125422 0.1920487 0.2299000 0.2072652 0.2218517 0.1875907 0.3025239 0.1827029 0.1789605 0.1843648 0.1930879 0.2122632 0.2023986 0.2053359 0.2741698 0.1972319 0.1928449 0.2074901 0.2213771 0.1854228 0.1899392 0.1747212 0.2078840 0.2204759 0.1754588 0.1847600 0.1880649 0.1767805 0.2363868 0.2091600 0.2179841 0.1720688 0.1809089 0.2020783 0.1883589 0.3342597 0.1812025 0.1904564 0.2149135 0.2250016 0.2797276 0.2211796 0.1809089 0.1827209 0.2121962 0.2335383 0.2149983 0.1831684 0.1936555 0.1969860 0.1934573 0.1810623 0.1835056 0.2162013 0.2120736 0.1848022 0.1790720 0.1807611 0.1691827 0.1845314 0.2196658 0.1931573 0.1971060 0.2324094 0.2254583 0.1671306 0.2220213 0.1936935 0.1842650 0.2224768 
Eutetras_palmeri_63                        0.1692119 0.1259787 0.1342540 0.1463255 0.0000000 0.1984062 0.1315915 0.1835043 0.1919744 0.1680795 0.1294307 0.1650750 0.2896133 0.1071472 0.1487747 0.1713106 0.1571597 0.1550222 0.1734919 0.1545675 0.1619954 0.1242079 0.2521826 0.1206386 0.1165871 0.1252557 0.1298321 0.1691851 0.1391032 0.1621142 0.1973537 0.1473070 0.1293383 0.1572875 0.1666178 0.1257245 0.1401700 0.1100250 0.1594763 0.1689241 0.1227056 0.1249741 0.1384252 0.1379328 0.1645511 0.1623218 0.1573434 0.1176463 0.1238526 0.1538513 0.1250202 0.2500883 0.1221700 0.1324071 0.1571679 0.1794195 0.3172685 0.1802412 0.1238526 0.1268042 0.1606843 0.1880808 0.1729883 0.1101611 0.1321282 0.1389814 0.1372656 0.1344591 0.1202103 0.1911285 0.1570427 0.1220548 0.1646402 0.1252082 0.1116725 0.1250903 0.2099898 0.1342840 0.1334370 0.1884900 0.1712065 0.1267656 0.1648644 0.1329105 0.1393661 0.1729830 
Eutetras_pringlei_149_quer                 0.2527569 0.0939555 0.1566526 0.2098430 0.1984062 0.0000000 0.1889025 0.1495820 0.2555150 0.2477810 0.1335196 0.2448914 0.2872534 0.1181700 0.1732829 0.2530697 0.2447356 0.1520111 0.2356068 0.2336613 0.2479333 0.1283369 0.2061479 0.1244396 0.1121804 0.1346048 0.1214324 0.1694936 0.1686725 0.1376251 0.1460444 0.1591246 0.1590765 0.2517169 0.2415821 0.1274466 0.1496861 0.1086006 0.1431173 0.2569209 0.0984783 0.1244396 0.1341586 0.1250105 0.2349293 0.2639968 0.2437021 0.1155959 0.1250105 0.1774663 0.1242949 0.2516233 0.1244396 0.1096329 0.2352268 0.2392014 0.3524476 0.2157004 0.1250105 0.1283369 0.2415895 0.1803878 0.2192807 0.0725097 0.1247869 0.1656187 0.1211248 0.1413830 0.1534910 0.2154389 0.2362949 0.1153601 0.1903361 0.1279550 0.1152486 0.1277379 0.1674198 0.1492961 0.1673282 0.1244739 0.2523791 0.1571247 0.2533478 0.1302661 0.1369066 0.1893475 
Eutrochium_fistulosum_SRR9119106           0.1740318 0.1539199 0.1526851 0.1571222 0.1315915 0.1889025 0.0000000 0.1610580 0.1812542 0.1695261 0.1475025 0.1550959 0.2796267 0.1237026 0.1507634 0.1651546 0.1506580 0.1695327 0.1786361 0.1448786 0.1599957 0.1299611 0.2716334 0.1362503 0.1347267 0.1393148 0.1492821 0.1736440 0.1486946 0.1720616 0.2590901 0.1645538 0.1545576 0.1629502 0.1651090 0.1499940 0.1469399 0.1272360 0.1580928 0.1637393 0.1370772 0.1379444 0.1452711 0.1435834 0.1678307 0.1572105 0.1552394 0.1291104 0.1349669 0.1561532 0.1426896 0.2493288 0.1349191 0.1523256 0.1557988 0.1749659 0.2840223 0.1830610 0.1349669 0.1381524 0.1616406 0.1955151 0.1860886 0.1493179 0.1455439 0.1454714 0.1604423 0.1400634 0.1382106 0.1682851 0.1490004 0.1395116 0.1671991 0.1379694 0.1272841 0.1395006 0.1987429 0.1505364 0.1430677 0.2009290 0.1596948 0.1436914 0.1569306 0.1574591 0.1486357 0.1744709 
Galeana_pratensis_104_mex                  0.2238113 0.1772720 0.1840649 0.1472658 0.1835043 0.1495820 0.1610580 0.0000000 0.1780683 0.2249472 0.1867125 0.2111748 0.3007664 0.1652928 0.1972527 0.2200876 0.2090963 0.1789493 0.2342345 0.1986512 0.2172555 0.1736877 0.2415570 0.1657187 0.1590458 0.1663484 0.1689423 0.2054096 0.1918327 0.1824275 0.1857826 0.1800221 0.1848567 0.2249472 0.2170625 0.1669344 0.1510346 0.1522310 0.1970503 0.2344775 0.1657187 0.1657187 0.1511073 0.1702368 0.2306900 0.2273647 0.2126448 0.1697031 0.1700638 0.1995060 0.1624739 0.2206186 0.1657187 0.1564238 0.2145731 0.2399972 0.3708058 0.2155431 0.1700638 0.1736877 0.2270824 0.1896581 0.2037150 0.1548279 0.1792753 0.1850579 0.1690798 0.1611431 0.1610946 0.1847924 0.1982766 0.1622726 0.2252463 0.1731442 0.1626502 0.1697171 0.2598257 0.1817816 0.1797163 0.1627559 0.2126954 0.1672837 0.2287778 0.1698548 0.1727305 0.2194647 
Helianthus_annuus_SRR9119062               0.2176624 0.2148148 0.2053523 0.2250129 0.1919744 0.2555150 0.1812542 0.1780683 0.0000000 0.2220187 0.2094576 0.2258653 0.2746218 0.1989346 0.1934032 0.2277255 0.2170948 0.2193401 0.2532404 0.2145534 0.2095137 0.2027151 0.2564195 0.1890253 0.2006325 0.2034272 0.1990560 0.2139250 0.1817025 0.2187282 0.2307303 0.2393569 0.2111901 0.2284589 0.2175044 0.2074356 0.2150438 0.1978409 0.2062849 0.2117642 0.1782239 0.1915737 0.2024847 0.2096300 0.2369907 0.2149720 0.1970770 0.2043360 0.1986281 0.2241986 0.1915763 0.2115725 0.1892510 0.1894089 0.2244105 0.2625563 0.3683247 0.2217043 0.1986281 0.2011813 0.2090668 0.2062355 0.2263964 0.1624835 0.2144794 0.1795579 0.2047437 0.2103031 0.2052042 0.2449453 0.2167214 0.1960968 0.2389836 0.2007468 0.1993889 0.1973280 0.2887728 0.2108976 0.2210095 0.2786474 0.2074392 0.2037318 0.2132900 0.2125404 0.2186011 0.2228891 
Lycapsus_tenuifolius_17                    0.0123054 0.1472987 0.1425709 0.2257680 0.1680795 0.2477810 0.1695261 0.2249472 0.2220187 0.0000000 0.1504085 0.0662966 0.3005885 0.1317002 0.0644486 0.0808489 0.0574771 0.1472682 0.0773891 0.0539955 0.0600307 0.1503285 0.2508276 0.1293134 0.1323057 0.1309191 0.1368898 0.1426113 0.1397914 0.1751745 0.2942997 0.1336315 0.1316188 0.0063259 0.0618459 0.1375994 0.1300800 0.1340284 0.1442474 0.0663849 0.1276780 0.1305603 0.1178372 0.1301128 0.0893631 0.0816290 0.0634461 0.1403768 0.1268052 0.1284782 0.1335378 0.1488491 0.1332472 0.1392587 0.0611091 0.0918382 0.2490739 0.0535074 0.1268052 0.1295720 0.0765468 0.0451053 0.0995683 0.1461905 0.1359188 0.1317116 0.1415066 0.1629575 0.1632153 0.0497528 0.0585927 0.1279830 0.1593429 0.1306880 0.1300544 0.1287315 0.2093120 0.1601986 0.1590406 0.1900125 0.0696254 0.1340254 0.0689153 0.1371011 0.1413238 0.0777170 
Pericome_caudata_50_silver                 0.1541586 0.0864289 0.0880414 0.1831870 0.1294307 0.1335196 0.1475025 0.1867125 0.2094576 0.1504085 0.0000000 0.1572837 0.2559177 0.0689350 0.1452197 0.1706722 0.1392366 0.0855792 0.1174160 0.1385093 0.1449369 0.0946083 0.2505649 0.0885586 0.0887634 0.1016286 0.0927328 0.1367314 0.0966779 0.0890379 0.1648278 0.0890362 0.0935125 0.1426406 0.1467843 0.0943295 0.1151070 0.0841581 0.1045359 0.1436827 0.0877157 0.0923966 0.1034072 0.0794629 0.1163827 0.1542093 0.1434759 0.0880606 0.0900684 0.1132263 0.0925523 0.2184569 0.0886347 0.0989582 0.1366933 0.1309007 0.2772228 0.1611376 0.0900684 0.0926640 0.1416798 0.1765225 0.1634688 0.0681350 0.0974317 0.0903665 0.1052006 0.0996059 0.0956503 0.2046097 0.1391631 0.0898081 0.1058060 0.0937799 0.0820980 0.0819588 0.1609251 0.0990781 0.1036181 0.1241953 0.1530427 0.0822152 0.1474556 0.1039890 0.0919946 0.1360754 
Perityle_aglossa_84_dead_horse             0.0691492 0.1642079 0.1520415 0.2289458 0.1650750 0.2448914 0.1550959 0.2111748 0.2258653 0.0662966 0.1572837 0.0000000 0.3104467 0.1376992 0.0436104 0.0801830 0.0411951 0.1427155 0.0863265 0.0375810 0.0313802 0.1517052 0.2107782 0.1357809 0.1424560 0.1387328 0.1409653 0.1438225 0.1373894 0.1724203 0.2804185 0.1410488 0.1357418 0.0662369 0.0573217 0.1463283 0.1254170 0.1366290 0.1438298 0.0622718 0.1342307 0.1370438 0.1134433 0.1396485 0.0961103 0.0859718 0.0388155 0.1443437 0.1333035 0.1307387 0.1402287 0.1263767 0.1384900 0.1445863 0.0454538 0.0871521 0.2648511 0.0464024 0.1333035 0.1334555 0.0858200 0.0562294 0.0994395 0.1570210 0.1439421 0.1292454 0.1471147 0.1527550 0.1626936 0.0226049 0.0411499 0.1345182 0.1632370 0.1372447 0.1323680 0.1354112 0.2007765 0.1572718 0.1562141 0.1884170 0.0538837 0.1350342 0.0646037 0.1479145 0.1447038 0.0706585 
Perityle_ajoensis_204                      0.2985739 0.1389513 0.2425749 0.3263990 0.2896133 0.2872534 0.2796267 0.3007664 0.2746218 0.3005885 0.2559177 0.3104467 0.0000000 0.2218591 0.1590008 0.3114326 0.2831727 0.3179384 0.3147254 0.2832426 0.2871143 0.1322276 0.2362357 0.1936000 0.1962241 0.2006093 0.1990353 0.2609513 0.2583988 0.2439028 0.1704891 0.2655930 0.2437331 0.3140964 0.3023457 0.2426042 0.2354730 0.1706061 0.2509493 0.3138797 0.1856634 0.1953073 0.2221272 0.2491580 0.2908949 0.2835310 0.2846841 0.1957112 0.1958617 0.2666158 0.1957111 0.3128456 0.1951594 0.2002851 0.2822839 0.3178994 0.3098986 0.3321993 0.1958617 0.1972695 0.3085923 0.2134086 0.2742014 0.0372368 0.2071067 0.2517836 0.2209355 0.2535368 0.2173446 0.3314942 0.2814625 0.1951993 0.2393925 0.1943350 0.1947947 0.2047306 0.1468382 0.2360624 0.2465880 0.3027548 0.2873513 0.2833694 0.2885985 0.2296095 0.2720015 0.2261354 
Perityle_ambrosiifolia_67_green            0.1357122 0.0595116 0.0541242 0.1662010 0.1071472 0.1181700 0.1237026 0.1652928 0.1989346 0.1317002 0.0689350 0.1376992 0.2218591 0.0000000 0.1272002 0.1373944 0.1165802 0.0589102 0.1222683 0.1154376 0.1197437 0.0262997 0.2388411 0.0178909 0.0212888 0.0337101 0.0271099 0.1151295 0.0772940 0.0860749 0.1787161 0.0559763 0.0537839 0.1355280 0.1214674 0.0414312 0.0810030 0.0186047 0.0850178 0.1324636 0.0222533 0.0230918 0.0731388 0.0258298 0.1159050 0.1262469 0.1165040 0.0233393 0.0218527 0.0886600 0.0244273 0.1976367 0.0217979 0.0231430 0.1250235 0.1370975 0.2794252 0.1497770 0.0218527 0.0244869 0.1192373 0.1718211 0.1479104 0.0400624 0.0309642 0.0729788 0.0344918 0.0717541 0.0555408 0.1847031 0.1119982 0.0204835 0.0971724 0.0257553 0.0179466 0.0205146 0.1188332 0.0635227 0.0680878 0.0684695 0.1264881 0.0528642 0.1194496 0.0427645 0.0598796 0.1379711 
Perityle_angustifolia_13_Eagle_creek       0.0665819 0.1388364 0.1440031 0.2122143 0.1487747 0.1732829 0.1507634 0.1972527 0.1934032 0.0644486 0.1452197 0.0436104 0.1590008 0.1272002 0.0000000 0.0552523 0.0169226 0.1611855 0.0642257 0.0176499 0.0263815 0.1262338 0.2174679 0.1276369 0.1270841 0.1280333 0.1269756 0.1218442 0.1199317 0.1694380 0.2665479 0.1356499 0.1298848 0.0619932 0.0461560 0.1400362 0.1295727 0.1114181 0.1327504 0.0334739 0.1313962 0.1313962 0.1129407 0.1251624 0.0901064 0.0684050 0.0310709 0.1321622 0.1224406 0.1357444 0.1260372 0.0327096 0.1277836 0.1338788 0.0218352 0.0840087 0.1655702 0.0367893 0.1224406 0.1262338 0.0674580 0.0343289 0.0785882 0.1195533 0.1367927 0.1127169 0.1417601 0.1340868 0.1347594 0.0243089 0.0137964 0.1259073 0.1454863 0.1224406 0.1227511 0.1162994 0.1630040 0.1469104 0.1325589 0.1907628 0.0446391 0.1409101 0.0594116 0.1444161 0.1387214 0.0417349 
Perityle_batopilensis_97                   0.0824903 0.1665344 0.1614312 0.2294883 0.1713106 0.2530697 0.1651546 0.2200876 0.2277255 0.0808489 0.1706722 0.0801830 0.3114326 0.1373944 0.0552523 0.0000000 0.0566440 0.1596056 0.0798324 0.0451673 0.0603510 0.1625722 0.2431044 0.1436019 0.1431857 0.1477744 0.1528051 0.1375244 0.1559743 0.1901952 0.2877899 0.1439539 0.1353629 0.0716350 0.0681583 0.1458572 0.1433405 0.1329488 0.1573418 0.0266210 0.1433774 0.1463103 0.1398412 0.1407008 0.0915299 0.0782249 0.0613750 0.1556029 0.1435679 0.1504381 0.1466485 0.1495403 0.1462877 0.1537483 0.0456591 0.0911988 0.2207265 0.0403528 0.1435679 0.1463738 0.0671841 0.0306271 0.0941828 0.1446875 0.1529567 0.1478039 0.1566091 0.1672358 0.1875539 0.0455949 0.0590511 0.1409978 0.1675408 0.1474724 0.1447365 0.1319388 0.2059969 0.1768992 0.1710392 0.2003891 0.0758603 0.1417505 0.0693179 0.1601077 0.1585396 0.0494623 
Perityle_bisetosa_9                        0.0589827 0.1463085 0.1308387 0.2125422 0.1571597 0.2447356 0.1506580 0.2090963 0.2170948 0.0574771 0.1392366 0.0411951 0.2831727 0.1165802 0.0169226 0.0566440 0.0000000 0.1323693 0.0664696 0.0181547 0.0225746 0.1334710 0.2036884 0.1153098 0.1235403 0.1206495 0.1213748 0.1227891 0.1230528 0.1697957 0.2784809 0.1182179 0.1135952 0.0590168 0.0371503 0.1302595 0.1149590 0.1135360 0.1320712 0.0402361 0.1148950 0.1179012 0.1035536 0.1174296 0.0770328 0.0666674 0.0254526 0.1265047 0.1141860 0.1208953 0.1194855 0.1092241 0.1166553 0.1235895 0.0071897 0.0827552 0.2128578 0.0403576 0.1141860 0.1168519 0.0610937 0.0343552 0.0805288 0.1261318 0.1230629 0.1152566 0.1305673 0.1414397 0.1530902 0.0036953 0.0087520 0.1140981 0.1480842 0.1179513 0.1151114 0.1136716 0.1877374 0.1431274 0.1374413 0.1741078 0.0420032 0.1201064 0.0476072 0.1304828 0.1293656 0.0421277 
Perityle_californica_76_positas            0.1501984 0.0880370 0.0479632 0.1920487 0.1550222 0.1520111 0.1695327 0.1789493 0.2193401 0.1472682 0.0855792 0.1427155 0.3179384 0.0589102 0.1611855 0.1596056 0.1323693 0.0000000 0.1336413 0.1288825 0.1365468 0.0733517 0.2464915 0.0652432 0.0602423 0.0769362 0.0703739 0.1215952 0.1072575 0.0906114 0.1978497 0.0523608 0.0622728 0.1543362 0.1347125 0.0693319 0.1048681 0.0584033 0.1103101 0.1535737 0.0602092 0.0652161 0.0931370 0.0704042 0.1417140 0.1416827 0.1342906 0.0631060 0.0671126 0.1016273 0.0702490 0.2703964 0.0636233 0.0669282 0.1436845 0.1534083 0.3473851 0.1556948 0.0671126 0.0704599 0.1411554 0.1716509 0.1707547 0.0448888 0.0734494 0.1019732 0.0784368 0.0992404 0.0844763 0.1953608 0.1267263 0.0652270 0.1141752 0.0719548 0.0586312 0.0695650 0.1392655 0.0873216 0.1241612 0.0800373 0.1433594 0.0554845 0.1361844 0.0704569 0.0299337 0.1779539 
Perityle_canescens_77                      0.0807408 0.1527378 0.1302603 0.2299000 0.1734919 0.2356068 0.1786361 0.2342345 0.2532404 0.0773891 0.1174160 0.0863265 0.3147254 0.1222683 0.0642257 0.0798324 0.0664696 0.1336413 0.0000000 0.0667890 0.0727916 0.1364601 0.2523240 0.1183534 0.1231411 0.1264669 0.1285298 0.1454020 0.1402196 0.1649724 0.3011582 0.1187915 0.1283129 0.0818343 0.0696900 0.1431285 0.1238166 0.1308286 0.1313495 0.0739717 0.1131835 0.1183059 0.1154276 0.1215095 0.0601101 0.0853297 0.0693172 0.1253489 0.1170290 0.1203237 0.1214520 0.1726272 0.1183603 0.1297860 0.0707637 0.0695361 0.2382743 0.0760125 0.1170290 0.1202403 0.0742190 0.0861908 0.0910354 0.1263109 0.1230553 0.1337205 0.1419869 0.1591385 0.1625614 0.0664647 0.0708568 0.1214882 0.1516016 0.1215574 0.1215683 0.1234483 0.1692577 0.1419195 0.1591638 0.1784883 0.0826989 0.1228064 0.0731853 0.1382919 0.1393662 0.0542831 
Perityle_castillonii_96                    0.0555117 0.1470752 0.1258664 0.2072652 0.1545675 0.2336613 0.1448786 0.1986512 0.2145534 0.0539955 0.1385093 0.0375810 0.2832426 0.1154376 0.0176499 0.0451673 0.0181547 0.1288825 0.0667890 0.0000000 0.0256839 0.1276401 0.2245806 0.1102113 0.1264417 0.1143836 0.1176842 0.1145964 0.1219100 0.1646891 0.2632391 0.1185311 0.1111820 0.0537645 0.0371530 0.1276680 0.1147499 0.1173667 0.1296445 0.0391104 0.1096929 0.1128719 0.1072693 0.1162097 0.0742099 0.0615152 0.0309231 0.1213571 0.1077394 0.1210565 0.1130720 0.1208378 0.1115729 0.1186947 0.0193971 0.0816065 0.2208453 0.0331800 0.1077394 0.1104675 0.0628224 0.0309202 0.0847033 0.1201121 0.1181556 0.1138766 0.1270047 0.1435571 0.1489389 0.0150100 0.0181522 0.1089639 0.1488313 0.1116052 0.1095384 0.1170350 0.1770314 0.1369594 0.1380407 0.1746524 0.0446143 0.1187067 0.0455635 0.1241728 0.1238868 0.0423398 
Perityle_cernua_84                         0.0603839 0.1512802 0.1354936 0.2218517 0.1619954 0.2479333 0.1599957 0.2172555 0.2095137 0.0600307 0.1449369 0.0313802 0.2871143 0.1197437 0.0263815 0.0603510 0.0225746 0.1365468 0.0727916 0.0256839 0.0000000 0.1354175 0.2307994 0.1181457 0.1252726 0.1250207 0.1257461 0.1285555 0.1288349 0.1759474 0.2846479 0.1281727 0.1195880 0.0617549 0.0427248 0.1332935 0.1192619 0.1153571 0.1367338 0.0438499 0.1191869 0.1222047 0.1074695 0.1241599 0.0841766 0.0744483 0.0191081 0.1279597 0.1183698 0.1239216 0.1225100 0.0977116 0.1195968 0.1292405 0.0299521 0.0798038 0.2308664 0.0404362 0.1183698 0.1211158 0.0669859 0.0557382 0.0806697 0.1360826 0.1288051 0.1208011 0.1333744 0.1339563 0.1427313 0.0302103 0.0248667 0.1195717 0.1504388 0.1222400 0.1179963 0.1165794 0.1968282 0.1447749 0.1369492 0.1814168 0.0369648 0.1255822 0.0498293 0.1350681 0.1317597 0.0495834 
Perityle_cfvillosa_25_tin                  0.1512445 0.0655665 0.0756150 0.1875907 0.1242079 0.1283369 0.1299611 0.1736877 0.2027151 0.1503285 0.0946083 0.1517052 0.1322276 0.0262997 0.1262338 0.1625722 0.1334710 0.0733517 0.1364601 0.1276401 0.1354175 0.0000000 0.2406369 0.0159888 0.0277382 0.0201040 0.0269772 0.1078284 0.0992268 0.0872717 0.1798006 0.0653307 0.0605039 0.1491125 0.1474321 0.0438157 0.1098073 0.0240278 0.0925613 0.1444097 0.0204928 0.0200555 0.0972859 0.0034543 0.1301964 0.1296457 0.1336643 0.0201204 0.0026368 0.1080602 0.0187118 0.1386414 0.0173425 0.0297378 0.1381716 0.1390252 0.2760904 0.1707434 0.0026368 0.0000010 0.1453018 0.1720801 0.1404634 0.0375230 0.0241270 0.0916172 0.0448278 0.0742380 0.0567025 0.2003636 0.1301636 0.0214250 0.1057749 0.0039567 0.0120030 0.0111259 0.0885002 0.0693367 0.0876782 0.0629961 0.1375073 0.0585160 0.1331716 0.0463292 0.0725132 0.1382371 
Perityle_cinerea_113_Powell1310            0.2387118 0.2255861 0.2472871 0.3025239 0.2521826 0.2061479 0.2716334 0.2415570 0.2564195 0.2508276 0.2505649 0.2107782 0.2362357 0.2388411 0.2174679 0.2431044 0.2036884 0.2464915 0.2523240 0.2245806 0.2307994 0.2406369 0.0000000 0.2348813 0.2405865 0.2294744 0.2364907 0.2299317 0.2367908 0.2210568 0.2347666 0.2466296 0.2352180 0.2508276 0.2285549 0.2431689 0.2259247 0.2354330 0.2355681 0.2397978 0.2348813 0.2348813 0.2201151 0.2406369 0.2596989 0.2398624 0.2194601 0.2512095 0.2406369 0.2727733 0.2348813 0.2298575 0.2348813 0.2410369 0.2099619 0.2611320 0.2560903 0.2118965 0.2406369 0.2406369 0.2458301 0.2159384 0.2408730 0.2424283 0.2452240 0.2367908 0.2493995 0.2477043 0.2413309 0.1033468 0.1982745 0.2457327 0.2314899 0.2406369 0.2458603 0.2398935 0.2723123 0.2459916 0.2484198 0.2296070 0.2232216 0.2363510 0.2358136 0.2476971 0.2466091 0.2592764 
Perityle_coahuilensis_24                   0.1285317 0.0595239 0.0697284 0.1827029 0.1206386 0.1244396 0.1362503 0.1657187 0.1890253 0.1293134 0.0885586 0.1357809 0.1936000 0.0178909 0.1276369 0.1436019 0.1153098 0.0652432 0.1183534 0.1102113 0.1181457 0.0159888 0.2348813 0.0000000 0.0230024 0.0249839 0.0238940 0.1036911 0.0959629 0.0837628 0.1786917 0.0606797 0.0588309 0.1327896 0.1273166 0.0393625 0.0974771 0.0194761 0.0942221 0.1276015 0.0098067 0.0096391 0.0878829 0.0187320 0.1159808 0.1161898 0.1167038 0.0218562 0.0150759 0.0966939 0.0139758 0.2159478 0.0107117 0.0249754 0.1180733 0.1334730 0.2762078 0.1495967 0.0150759 0.0172667 0.1248816 0.1670302 0.1412934 0.0290337 0.0215868 0.0886174 0.0364779 0.0931726 0.0773132 0.1945046 0.1114707 0.0161350 0.0955197 0.0183337 0.0147187 0.0148237 0.1052763 0.0712128 0.0960386 0.0730062 0.1251964 0.0544404 0.1176813 0.0426433 0.0598588 0.1355417 
Perityle_cochisensis_44_cave_creek         0.1346387 0.0615225 0.0704839 0.1789605 0.1165871 0.1121804 0.1347267 0.1590458 0.2006325 0.1323057 0.0887634 0.1424560 0.1962241 0.0212888 0.1270841 0.1431857 0.1235403 0.0602423 0.1231411 0.1264417 0.1252726 0.0277382 0.2405865 0.0230024 0.0000000 0.0343189 0.0292749 0.1119398 0.0805610 0.0791348 0.1746195 0.0616037 0.0563525 0.1350207 0.1313277 0.0446657 0.0957661 0.0181630 0.0895812 0.1438686 0.0247358 0.0242571 0.0833563 0.0224376 0.1247863 0.1289559 0.1236405 0.0255593 0.0242979 0.0955331 0.0267313 0.1733882 0.0230173 0.0317846 0.1333020 0.1391580 0.2799982 0.1527204 0.0242979 0.0267930 0.1330012 0.1675302 0.1458240 0.0320004 0.0328995 0.0765733 0.0428019 0.0793574 0.0600357 0.1903979 0.1205989 0.0229942 0.1006669 0.0255215 0.0205994 0.0259155 0.1087978 0.0754327 0.0773041 0.0659223 0.1273858 0.0521482 0.1204508 0.0454595 0.0599090 0.1443677 
Perityle_congesta_202                      0.1329374 0.0635147 0.0806800 0.1843648 0.1252557 0.1346048 0.1393148 0.1663484 0.2034272 0.1309191 0.1016286 0.1387328 0.2006093 0.0337101 0.1280333 0.1477744 0.1206495 0.0769362 0.1264669 0.1143836 0.1250207 0.0201040 0.2294744 0.0249839 0.0343189 0.0000000 0.0340360 0.1108180 0.1023907 0.0961268 0.1697457 0.0705645 0.0652010 0.1375887 0.1328839 0.0483333 0.1018307 0.0275218 0.1060743 0.1305228 0.0265343 0.0260743 0.0920954 0.0200975 0.1231878 0.1177591 0.1221121 0.0313814 0.0150941 0.1044674 0.0283208 0.2210835 0.0271650 0.0328540 0.1238415 0.1459346 0.2850137 0.1407442 0.0150941 0.0172877 0.1347445 0.1580294 0.1525647 0.0458180 0.0327172 0.0975361 0.0448112 0.1079173 0.0897300 0.1897587 0.1193549 0.0249849 0.1027064 0.0140048 0.0263398 0.0194737 0.1192844 0.0774697 0.1101752 0.0817704 0.1307639 0.0733281 0.1231399 0.0485466 0.0741041 0.1446907 
Perityle_cordifolia_27                     0.1361256 0.0616350 0.0735588 0.1930879 0.1298321 0.1214324 0.1492821 0.1689423 0.1990560 0.1368898 0.0927328 0.1409653 0.1990353 0.0271099 0.1269756 0.1528051 0.1213748 0.0703739 0.1285298 0.1176842 0.1257461 0.0269772 0.2364907 0.0238940 0.0292749 0.0340360 0.0000000 0.1137680 0.1000995 0.0839944 0.1845905 0.0664054 0.0640800 0.1398694 0.1336402 0.0470836 0.1078679 0.0248567 0.1022813 0.1402087 0.0276682 0.0271881 0.0966179 0.0270324 0.1249166 0.1210227 0.1227950 0.0254409 0.0239425 0.1019775 0.0272114 0.2205712 0.0282800 0.0339972 0.1261858 0.1411424 0.2805505 0.1507331 0.0239425 0.0261762 0.1338283 0.1683313 0.1421236 0.0264962 0.0349902 0.0926853 0.0436676 0.1013484 0.0836518 0.1868065 0.1187461 0.0205536 0.1009050 0.0272486 0.0205114 0.0242157 0.1160407 0.0752213 0.1002745 0.0834504 0.1341481 0.0607427 0.1237352 0.0497048 0.0652016 0.1386815 
Perityle_cordifolia_68_tecolote            0.1435218 0.1118090 0.1391234 0.2122632 0.1691851 0.1694936 0.1736440 0.2054096 0.2139250 0.1426113 0.1367314 0.1438225 0.2609513 0.1151295 0.1218442 0.1375244 0.1227891 0.1215952 0.1454020 0.1145964 0.1285555 0.1078284 0.2299317 0.1036911 0.1119398 0.1108180 0.1137680 0.0000000 0.1082718 0.1231559 0.2022929 0.1283605 0.1282242 0.1402859 0.1260636 0.1277965 0.1428179 0.1119843 0.1053807 0.1256409 0.1016981 0.1064289 0.1310814 0.1140162 0.1560316 0.1089991 0.1284166 0.1149141 0.1092985 0.1352733 0.1080107 0.1767763 0.1063525 0.1109574 0.1281003 0.1569280 0.1861082 0.1556313 0.1092985 0.1106035 0.1290321 0.1246042 0.1637878 0.1252872 0.1184603 0.1055913 0.1201982 0.1345023 0.1249203 0.1684946 0.1213869 0.1051852 0.1375828 0.1105937 0.1042258 0.1140780 0.2035894 0.1343396 0.1391825 0.1537153 0.1306781 0.1203216 0.1241230 0.1246603 0.1241414 0.1225620 
Perityle_coronopifolia_28_patagonia        0.1419554 0.1002802 0.1089987 0.2023986 0.1391032 0.1686725 0.1486946 0.1918327 0.1817025 0.1397914 0.0966779 0.1373894 0.2583988 0.0772940 0.1199317 0.1559743 0.1230528 0.1072575 0.1402196 0.1219100 0.1288349 0.0992268 0.2367908 0.0959629 0.0805610 0.1023907 0.1000995 0.1082718 0.0000000 0.1056901 0.1749370 0.1093675 0.1002276 0.1321628 0.1339545 0.0975220 0.1261371 0.0739967 0.1077341 0.1405534 0.0915545 0.0960050 0.1115480 0.0998223 0.1489766 0.1390384 0.1285160 0.0853930 0.0974169 0.1124753 0.1023127 0.2171114 0.0959917 0.0999826 0.1261261 0.1488035 0.2863037 0.1654817 0.0974169 0.0999749 0.1260957 0.1602426 0.1695026 0.0943906 0.1058194 0.0064423 0.1067800 0.1159421 0.1250281 0.1906036 0.1203918 0.0934546 0.1129095 0.1010609 0.0845563 0.0932338 0.1948313 0.1109720 0.1117848 0.1450268 0.1386020 0.0939788 0.1254636 0.1057372 0.0956157 0.1413421 
Perityle_crassifolia_70_ventanas           0.1829010 0.0905749 0.0868370 0.2053359 0.1621142 0.1376251 0.1720616 0.1824275 0.2187282 0.1751745 0.0890379 0.1724203 0.2439028 0.0860749 0.1694380 0.1901952 0.1697957 0.0906114 0.1649724 0.1646891 0.1759474 0.0872717 0.2210568 0.0837628 0.0791348 0.0961268 0.0839944 0.1231559 0.1056901 0.0000000 0.1289823 0.0956683 0.0837619 0.1780247 0.1679021 0.0976743 0.0998362 0.0811247 0.0930241 0.1933212 0.0794742 0.0837628 0.0858233 0.0865983 0.1725588 0.1920146 0.1700767 0.0816052 0.0865983 0.1078727 0.0861694 0.1757084 0.0837628 0.0817657 0.1850863 0.1696387 0.3314559 0.1870787 0.0865983 0.0890797 0.1728777 0.1777562 0.1735572 0.0737706 0.0955669 0.1009208 0.1046060 0.0963872 0.0986831 0.2025694 0.1615053 0.0813529 0.0464141 0.0888757 0.0746794 0.0863710 0.1678901 0.1007816 0.1107623 0.0861602 0.1783332 0.0890432 0.1705186 0.0999372 0.0837703 0.1800096 
Perityle_crassifolia_74_playa_balandra     0.2959736 0.1941128 0.1944680 0.2741698 0.1973537 0.1460444 0.2590901 0.1857826 0.2307303 0.2942997 0.1648278 0.2804185 0.1704891 0.1787161 0.2665479 0.2877899 0.2784809 0.1978497 0.3011582 0.2632391 0.2846479 0.1798006 0.2347666 0.1786917 0.1746195 0.1697457 0.1845905 0.2022929 0.1749370 0.1289823 0.0000000 0.2115197 0.1883143 0.2942997 0.2779655 0.1848233 0.1940876 0.1733799 0.2032308 0.2887577 0.1786917 0.1786917 0.1890490 0.1798006 0.2984204 0.2955855 0.2726329 0.1842146 0.1798006 0.2291922 0.1786917 0.2836478 0.1786917 0.1658129 0.2765817 0.3087286 0.2776460 0.2634904 0.1798006 0.1798006 0.2803571 0.2603831 0.2707089 0.1938963 0.1833256 0.1796668 0.1694233 0.1891385 0.2032764 0.1704676 0.2717669 0.1746981 0.1293253 0.1798006 0.1793868 0.1694482 0.2776910 0.1652159 0.1945958 0.1738664 0.2769424 0.1842541 0.2940054 0.1889978 0.1935038 0.2713978 
Perityle_cuneata_34_cuneata_San_antonio    0.1358479 0.0842916 0.0310155 0.1972319 0.1473070 0.1591246 0.1645538 0.1800221 0.2393569 0.1336315 0.0890362 0.1410488 0.2655930 0.0559763 0.1356499 0.1439539 0.1182179 0.0523608 0.1187915 0.1185311 0.1281727 0.0653307 0.2466296 0.0606797 0.0616037 0.0705645 0.0664054 0.1283605 0.1093675 0.0956683 0.2115197 0.0000000 0.0650365 0.1427582 0.1232869 0.0604154 0.1058501 0.0567800 0.1088230 0.1405802 0.0591146 0.0633905 0.0960534 0.0666726 0.1241104 0.1385649 0.1244249 0.0624871 0.0622472 0.1057209 0.0676570 0.2343927 0.0634175 0.0607848 0.1268838 0.1396338 0.2833523 0.1473537 0.0622472 0.0650718 0.1279757 0.1720720 0.1487181 0.0372202 0.0662795 0.1064380 0.0770926 0.1016362 0.0884930 0.1817874 0.1166549 0.0606669 0.1083251 0.0663443 0.0572058 0.0637705 0.1359606 0.0832701 0.1157832 0.1173997 0.1350219 0.0635584 0.1214197 0.0607227 0.0563289 0.1551740 
Perityle_cuneata_4                         0.1338653 0.0824790 0.0642094 0.1928449 0.1293383 0.1590765 0.1545576 0.1848567 0.2111901 0.1316188 0.0935125 0.1357418 0.2437331 0.0537839 0.1298848 0.1353629 0.1135952 0.0622728 0.1283129 0.1111820 0.1195880 0.0605039 0.2352180 0.0588309 0.0563525 0.0652010 0.0640800 0.1282242 0.1002276 0.0837619 0.1883143 0.0650365 0.0000000 0.1362077 0.1222525 0.0664604 0.1008911 0.0535288 0.1042226 0.1355017 0.0574232 0.0613439 0.0920873 0.0624183 0.1225100 0.1361401 0.1135929 0.0589308 0.0576682 0.1026748 0.0614094 0.2180336 0.0576244 0.0553219 0.1209520 0.1441945 0.2921179 0.1555022 0.0576682 0.0602185 0.1316430 0.1753453 0.1529511 0.0456012 0.0664219 0.0962372 0.0710898 0.1019181 0.0906302 0.1854327 0.1135322 0.0550915 0.0990475 0.0600647 0.0528521 0.0590646 0.1325878 0.0839635 0.1061046 0.1162546 0.1300839 0.0634712 0.1189487 0.0681079 0.0546990 0.1508842 
Perityle_discoidea_81                      0.0179630 0.1495774 0.1449090 0.2074901 0.1572875 0.2517169 0.1629502 0.2249472 0.2284589 0.0063259 0.1426406 0.0662369 0.3140964 0.1355280 0.0619932 0.0716350 0.0590168 0.1543362 0.0818343 0.0537645 0.0617549 0.1491125 0.2508276 0.1327896 0.1350207 0.1375887 0.1398694 0.1402859 0.1321628 0.1780247 0.2942997 0.1427582 0.1362077 0.0000000 0.0578502 0.1404485 0.1305888 0.1397597 0.1562898 0.0668001 0.1326255 0.1358472 0.1255661 0.1388801 0.0889438 0.0782634 0.0630348 0.1385809 0.1315308 0.1377137 0.1360838 0.1205556 0.1359203 0.1410824 0.0652300 0.0934631 0.2493946 0.0560550 0.1315308 0.1347232 0.0780576 0.0487158 0.1016097 0.1494928 0.1389723 0.1290404 0.1415224 0.1414605 0.1343479 0.0537506 0.0602887 0.1343572 0.1612748 0.1359995 0.1301459 0.1360802 0.2093120 0.1488037 0.1428325 0.1915941 0.0728735 0.1372968 0.0749683 0.1402810 0.1434144 0.0796457 
Perityle_dissecta_201                      0.0622182 0.1538072 0.1419716 0.2213771 0.1666178 0.2415821 0.1651090 0.2170625 0.2175044 0.0618459 0.1467843 0.0573217 0.3023457 0.1214674 0.0461560 0.0681583 0.0371503 0.1347125 0.0696900 0.0371530 0.0427248 0.1474321 0.2285549 0.1273166 0.1313277 0.1328839 0.1336402 0.1260636 0.1339545 0.1679021 0.2779655 0.1232869 0.1222525 0.0578502 0.0000000 0.1334307 0.1275428 0.1296596 0.1432819 0.0441357 0.1256597 0.1285554 0.1129185 0.1194651 0.0891076 0.0712247 0.0418452 0.1395879 0.1248840 0.1238845 0.1316406 0.1342803 0.1299634 0.1358823 0.0392299 0.0847763 0.2060731 0.0455228 0.1248840 0.1276299 0.0655674 0.0487267 0.0846855 0.1356327 0.1352893 0.1272427 0.1406410 0.1588665 0.1650332 0.0459995 0.0383542 0.1260779 0.1542787 0.1287413 0.1277561 0.1249057 0.1880530 0.1580722 0.1540823 0.1780766 0.0531677 0.1239139 0.0444998 0.1389856 0.1318762 0.0495815 
Perityle_emoryi_47_punta_san_jose          0.1383384 0.0758165 0.0692102 0.1854228 0.1257245 0.1274466 0.1499940 0.1669344 0.2074356 0.1375994 0.0943295 0.1463283 0.2426042 0.0414312 0.1400362 0.1458572 0.1302595 0.0693319 0.1431285 0.1276680 0.1332935 0.0438157 0.2431689 0.0393625 0.0446657 0.0483333 0.0470836 0.1277965 0.0975220 0.0976743 0.1848233 0.0604154 0.0664604 0.1404485 0.1334307 0.0000000 0.1097488 0.0406967 0.1043428 0.1495411 0.0453705 0.0444767 0.1005021 0.0482875 0.1270963 0.1414708 0.1333466 0.0460220 0.0420196 0.1080790 0.0444978 0.2174420 0.0431896 0.0343534 0.1391820 0.1382992 0.3162279 0.1530758 0.0420196 0.0433249 0.1513455 0.1637307 0.1569606 0.0394895 0.0508498 0.0948532 0.0267568 0.0861615 0.0629649 0.1859782 0.1272727 0.0393739 0.1127742 0.0458063 0.0376214 0.0432345 0.1465434 0.0833572 0.0938781 0.0971857 0.1416232 0.0594045 0.1281993 0.0000010 0.0635592 0.1620152 
Perityle_feddemae_99                       0.1323110 0.1063269 0.1263391 0.1899392 0.1401700 0.1496861 0.1469399 0.1510346 0.2150438 0.1300800 0.1151070 0.1254170 0.2354730 0.0810030 0.1295727 0.1433405 0.1149590 0.1048681 0.1238166 0.1147499 0.1192619 0.1098073 0.2259247 0.0974771 0.0957661 0.1018307 0.1078679 0.1428179 0.1261371 0.0998362 0.1940876 0.1058501 0.1008911 0.1305888 0.1275428 0.1097488 0.0000000 0.0944781 0.1258100 0.1364100 0.0964334 0.0987802 0.0131612 0.0877481 0.1388730 0.1442149 0.1206810 0.1015124 0.0976391 0.1197236 0.1018173 0.2211912 0.1015423 0.1075977 0.1186988 0.1404824 0.2161918 0.1387836 0.0976391 0.0990180 0.1446802 0.1839976 0.1454120 0.1037719 0.1056721 0.1176315 0.1140299 0.1404932 0.1440423 0.1569704 0.1134837 0.0962250 0.0988302 0.1003533 0.0931311 0.0902725 0.1545898 0.1194162 0.1313147 0.1393933 0.1339086 0.0945903 0.1313432 0.1203527 0.1097593 0.1459223 
Perityle_fosteri_93                        0.1332969 0.0571387 0.0591296 0.1747212 0.1100250 0.1086006 0.1272360 0.1522310 0.1978409 0.1340284 0.0841581 0.1366290 0.1706061 0.0186047 0.1114181 0.1329488 0.1135360 0.0584033 0.1308286 0.1173667 0.1153571 0.0240278 0.2354330 0.0194761 0.0181630 0.0275218 0.0248567 0.1119843 0.0739967 0.0811247 0.1733799 0.0567800 0.0535288 0.1397597 0.1296596 0.0406967 0.0944781 0.0000000 0.0775716 0.1303033 0.0185590 0.0194923 0.0826911 0.0210490 0.1225808 0.1239083 0.1152183 0.0182257 0.0195178 0.0872220 0.0221255 0.1358592 0.0168666 0.0261518 0.1256790 0.1329440 0.2781851 0.1433048 0.0195178 0.0221781 0.1308128 0.1579984 0.1358733 0.0356975 0.0300713 0.0712326 0.0377809 0.0721234 0.0563991 0.1753991 0.1104109 0.0194686 0.0975631 0.0208267 0.0155551 0.0223889 0.1055968 0.0671425 0.0706234 0.0699384 0.1236853 0.0551212 0.1165218 0.0405558 0.0588574 0.1349479 
Perityle_gamon_221                         0.1451748 0.0948953 0.1075847 0.2078840 0.1594763 0.1431173 0.1580928 0.1970503 0.2062849 0.1442474 0.1045359 0.1438298 0.2509493 0.0850178 0.1327504 0.1573418 0.1320712 0.1103101 0.1313495 0.1296445 0.1367338 0.0925613 0.2355681 0.0942221 0.0895812 0.1060743 0.1022813 0.1053807 0.1077341 0.0930241 0.2032308 0.1088230 0.1042226 0.1562898 0.1432819 0.1043428 0.1258100 0.0775716 0.0000000 0.1478863 0.0896430 0.0942642 0.1123817 0.0958390 0.1538657 0.1474722 0.1335502 0.0995787 0.0969895 0.0970031 0.1006210 0.2294128 0.0942509 0.1035213 0.1377070 0.1438622 0.2644147 0.1938854 0.0969895 0.0970944 0.1460142 0.1935447 0.1425339 0.0856849 0.1042724 0.1013586 0.1107160 0.1241494 0.1358262 0.2004454 0.1292017 0.0917453 0.1184171 0.0994887 0.0903111 0.0872728 0.1721431 0.1204026 0.1299425 0.1507506 0.1290079 0.0981005 0.1322004 0.1071222 0.1043745 0.1455615 
Perityle_gentryi_8_san_francisco           0.0680511 0.1602568 0.1418532 0.2204759 0.1689241 0.2569209 0.1637393 0.2344775 0.2117642 0.0663849 0.1436827 0.0622718 0.3138797 0.1324636 0.0334739 0.0266210 0.0402361 0.1535737 0.0739717 0.0391104 0.0438499 0.1444097 0.2397978 0.1276015 0.1438686 0.1305228 0.1402087 0.1256409 0.1405534 0.1933212 0.2887577 0.1405802 0.1355017 0.0668001 0.0441357 0.1495411 0.1364100 0.1303033 0.1478863 0.0000000 0.1286409 0.1319527 0.1301915 0.1388959 0.0787920 0.0560381 0.0427532 0.1395134 0.1276343 0.1407172 0.1322044 0.1332991 0.1305414 0.1397181 0.0469885 0.0863496 0.2263353 0.0403141 0.1276343 0.1306243 0.0670916 0.0307607 0.0923779 0.1455161 0.1391573 0.1374614 0.1483789 0.1684866 0.1717599 0.0495302 0.0415473 0.1262536 0.1621745 0.1290041 0.1278435 0.1339250 0.2109029 0.1562764 0.1611307 0.1959249 0.0578309 0.1435357 0.0535054 0.1477939 0.1502812 0.0440929 
Perityle_gilensis_22_Superstition          0.1268781 0.0632612 0.0709645 0.1754588 0.1227056 0.0984783 0.1370772 0.1657187 0.1782239 0.1276780 0.0877157 0.1342307 0.1856634 0.0222533 0.1313962 0.1433774 0.1148950 0.0602092 0.1131835 0.1096929 0.1191869 0.0204928 0.2348813 0.0098067 0.0247358 0.0265343 0.0276682 0.1016981 0.0915545 0.0794742 0.1786917 0.0591146 0.0574232 0.1326255 0.1256597 0.0453705 0.0964334 0.0185590 0.0896430 0.1286409 0.0000000 0.0000010 0.0867123 0.0177235 0.1169442 0.1144952 0.1163124 0.0198897 0.0164378 0.0923079 0.0153161 0.2203730 0.0065088 0.0288057 0.1176673 0.1282075 0.2729215 0.1495967 0.0164378 0.0186704 0.1213188 0.1670302 0.1418976 0.0290337 0.0219329 0.0841190 0.0419695 0.0963460 0.0775699 0.1945046 0.1109908 0.0164067 0.0961224 0.0197553 0.0173219 0.0174480 0.1052763 0.0688786 0.0965152 0.0745462 0.1249467 0.0525979 0.1160432 0.0469748 0.0543720 0.1384158 
Perityle_gilensis_salensis_225             0.1297826 0.0632612 0.0744449 0.1847600 0.1249741 0.1244396 0.1379444 0.1657187 0.1915737 0.1305603 0.0923966 0.1370438 0.1953073 0.0230918 0.1313962 0.1463103 0.1179012 0.0652161 0.1183059 0.1128719 0.1222047 0.0200555 0.2348813 0.0096391 0.0242571 0.0260743 0.0271881 0.1064289 0.0960050 0.0837628 0.1786917 0.0633905 0.0613439 0.1358472 0.1285554 0.0444767 0.0987802 0.0194923 0.0942642 0.1319527 0.0000010 0.0000000 0.0891561 0.0173460 0.1200697 0.1175927 0.1193024 0.0206906 0.0161552 0.0967356 0.0150532 0.2219305 0.0063980 0.0283054 0.1209405 0.1334730 0.2786427 0.1495967 0.0161552 0.0183488 0.1265374 0.1670302 0.1433428 0.0290337 0.0215556 0.0886562 0.0412035 0.0997041 0.0821609 0.1945046 0.1140486 0.0172133 0.0988298 0.0194152 0.0170084 0.0171299 0.1052763 0.0749513 0.1009727 0.0729417 0.1278645 0.0559878 0.1190611 0.0461321 0.0598588 0.1396709 
Perityle_glaucescens_94                    0.1199507 0.0924999 0.1145257 0.1880649 0.1384252 0.1341586 0.1452711 0.1511073 0.2024847 0.1178372 0.1034072 0.1134433 0.2221272 0.0731388 0.1129407 0.1398412 0.1035536 0.0931370 0.1154276 0.1072693 0.1074695 0.0972859 0.2201151 0.0878829 0.0833563 0.0920954 0.0966179 0.1310814 0.1115480 0.0858233 0.1890490 0.0960534 0.0920873 0.1255661 0.1129185 0.1005021 0.0131612 0.0826911 0.1123817 0.1301915 0.0867123 0.0891561 0.0000000 0.0776797 0.1284071 0.1359357 0.1090943 0.0911745 0.0880258 0.1055838 0.0935004 0.2060398 0.0918411 0.0976829 0.1140745 0.1330614 0.2024825 0.1292689 0.0880258 0.0893661 0.1376100 0.1741532 0.1406792 0.0911587 0.0958576 0.1033240 0.1035409 0.1310248 0.1330304 0.1508773 0.1021293 0.0866542 0.0911891 0.0906685 0.0831437 0.0814652 0.1357090 0.1088232 0.1152050 0.1289384 0.1205415 0.0836916 0.1180397 0.1098478 0.0969992 0.1366290 
Perityle_gracilis_11                       0.1325722 0.0665917 0.0699887 0.1767805 0.1379328 0.1250105 0.1435834 0.1702368 0.2096300 0.1301128 0.0794629 0.1396485 0.2491580 0.0258298 0.1251624 0.1407008 0.1174296 0.0704042 0.1215095 0.1162097 0.1241599 0.0034543 0.2406369 0.0187320 0.0224376 0.0200975 0.0270324 0.1140162 0.0998223 0.0865983 0.1798006 0.0666726 0.0624183 0.1388801 0.1194651 0.0482875 0.0877481 0.0210490 0.0958390 0.1388959 0.0177235 0.0173460 0.0776797 0.0000000 0.1204240 0.1346739 0.1175105 0.0143523 0.0026406 0.0945901 0.0214584 0.2410614 0.0160125 0.0283966 0.1264955 0.1375229 0.2768892 0.1439826 0.0026406 0.0052952 0.1287058 0.1672897 0.1452003 0.0319887 0.0214505 0.0935848 0.0429880 0.1022751 0.0931266 0.1949785 0.1141808 0.0214562 0.0964263 0.0066137 0.0141350 0.0095160 0.0885002 0.0745681 0.1059232 0.0525277 0.1282567 0.0623627 0.1172822 0.0492480 0.0635760 0.1437063 
