84
Amauria_brandeegeana_62                    0.0000000 0.2202319 0.0871412 0.2784043 0.3347207 0.1291309 0.4724636 0.1646639 0.4093554 0.0682214 0.2486875 0.2162082 0.2055296 0.2508977 0.1541416 0.2671524 0.3163414 0.3800437 0.2572240 0.2088696 0.2079958 0.2034164 0.1885532 0.2107165 0.1962091 0.2020174 0.2196602 0.4189002 0.3150360 0.2795754 0.1163807 0.2579776 0.3132518 0.1855920 0.1948911 0.1641341 0.2394815 0.2229023 0.3196924 0.2191595 0.2098464 0.2159978 0.1983899 0.2374221 0.2593991 0.2106621 0.2010660 0.1984639 0.1575144 0.2252128 0.2121350 0.2262550 0.2097783 0.2037577 0.2418263 0.1688436 0.1303222 0.2005461 0.2011610 0.1237915 0.0926162 0.2719366 0.1727423 0.2021360 0.4310928 0.2449618 0.1485275 0.2550153 0.2406284 0.2121031 0.2107165 0.2349376 0.2934497 0.2465885 0.2990721 0.1777658 0.2754244 0.2577283 0.2195923 0.4297891 0.1477660 0.2025710 0.2635329 0.0958162 
Amauria_carterae_99_mesa                   0.2202319 0.0000000 0.1110911 0.4651448 0.1432875 0.0000010 0.4034367 0.1187536 0.3875325 0.0000010 0.0581169 0.0635572 0.0562948 0.0608860 0.0636144 0.1581950 0.0635420 0.1358376 0.0839218 0.0712420 0.0744973 0.0568325 0.0713332 0.0747755 0.0598926 0.0608776 0.0628695 0.0731995 0.0795660 0.0968910 0.0000010 0.1454010 0.1383828 0.5753918 0.0673928 0.0865557 0.0731733 0.0701919 0.1613868 0.0747755 0.0747755 0.0985703 0.0607557 0.0986063 0.0670715 0.0671689 0.0599842 0.0562020 0.0986193 0.0639014 0.0673928 0.0610782 0.0552193 0.0780704 0.0828931 0.0825478 0.0694103 0.0636893 0.0562020 0.0889153 0.0828069 0.0614335 0.0674197 0.0635572 0.0795660 0.0642872 0.0000010 0.1083281 0.0673118 0.0711902 0.0747755 0.0855959 0.0668590 0.0597615 0.0669175 0.0598926 0.0921354 0.0642795 0.0671850 0.2515643 0.0938591 0.0562020 0.0785417 0.0485933 
Amauria_rotundifolia_SRR9119150            0.0871412 0.1110911 0.0000000 0.3642527 0.2565409 0.1358077 0.2519289 0.1429023 0.3157722 0.0395295 0.1135522 0.1091312 0.1118880 0.0900451 0.0930515 0.1786337 0.2276257 0.3000596 0.1047084 0.0992299 0.0997036 0.1065324 0.1261275 0.1105065 0.1066576 0.1072218 0.1139612 0.4835624 0.2291995 0.1270272 0.0593425 0.1464101 0.2367276 0.0427009 0.0965014 0.1145768 0.1290556 0.1337468 0.2168873 0.1140946 0.1177026 0.1350903 0.1074603 0.1334678 0.1337089 0.1029308 0.1069713 0.1074210 0.1205237 0.0958830 0.1291463 0.0959757 0.1102220 0.1054008 0.1396781 0.1253497 0.2905594 0.1042498 0.1056790 0.1443638 0.1110911 0.2440729 0.0511567 0.1047951 0.1110911 0.0877898 0.1922484 0.1584121 0.1110911 0.1103203 0.1105065 0.1419840 0.4295229 0.1850098 0.2150374 0.1094965 0.1514252 0.1327396 0.0961326 0.3012466 0.1368483 0.1085392 0.2028727 0.2599746 
Conoclinium_coelestinum_SRR9119114         0.2784043 0.4651448 0.3642527 0.0000000 0.3378164 0.2324436 0.5137961 0.3133989 0.4625120 0.3349008 0.5176042 0.4261433 0.4552172 0.5269506 0.3090803 0.3274116 0.3266966 0.6330774 0.4887506 0.3830791 0.4150374 0.4464502 0.2007967 0.4258335 0.4511096 0.4366125 0.4354562 0.8507331 0.3245880 0.5703463 0.2180887 0.5284419 0.3615345 0.3368336 0.4169815 0.5248379 0.4491272 0.4642059 0.5577959 0.3220500 0.4454486 0.4653744 0.4382176 0.5225014 0.5247503 0.4335405 0.4538143 0.4523225 0.5102273 0.4664089 0.4194557 0.4754712 0.4396563 0.4544809 0.4862486 0.3440397 0.3685060 0.4316704 0.4532618 0.4823635 0.2167911 0.4261335 0.3395544 0.4185497 0.2167911 0.4678438 0.5450832 0.4741062 0.4651448 0.4327691 0.4282228 0.3683018 0.4938049 0.4491395 0.3520973 0.3938023 0.5074518 0.5023873 0.4298719 0.3884632 0.4428118 0.4575015 0.4894034 0.3266506 
Eutetras_palmeri_63                        0.3347207 0.1432875 0.2565409 0.3378164 0.0000000 0.0000010 0.6112487 0.1910589 0.4525594 0.1797029 0.2020504 0.1819985 0.1642612 0.2179290 0.1261084 0.2101050 0.1731439 0.2620697 0.1683778 0.1678068 0.1736694 0.1486533 0.1181531 0.1830699 0.1407642 0.1775525 0.1751282 0.2129729 0.1919449 0.1604549 0.0000010 0.1784849 0.1633638 0.4055146 0.1709685 0.1321797 0.1882887 0.2059844 0.3218479 0.1842693 0.1824808 0.1891096 0.1538435 0.2105251 0.2379077 0.1761475 0.1644384 0.1625853 0.1466532 0.1812285 0.1792757 0.1782474 0.1691440 0.1585617 0.1837349 0.1585424 0.1475865 0.1673513 0.1629424 0.1680607 0.1470329 0.1502280 0.1431084 0.1757942 0.2112406 0.2069794 0.0000010 0.2192713 0.1196702 0.2148860 0.1830699 0.1889702 0.1791203 0.1375781 0.1812187 0.1102844 0.2665021 0.2848993 0.1656239 0.4235854 0.1827683 0.1642458 0.1495107 0.1327848 
Eutetras_pringlei_149_quer                 0.1291309 0.0000010 0.1358077 0.2324436 0.0000010 0.0000000 0.1854667 0.1856221 0.1991084 0.1261375 0.0915125 0.1394046 0.1255562 0.1299663 0.1352073 0.1320114 0.0000010 0.1501344 0.1261630 0.1071646 0.0992937 0.1224191 0.0000010 0.0609605 0.1255562 0.1337504 0.1208859 1.0841906 0.0000010 0.1718926 0.1042898 0.1499261 0.0000010 0.1255750 0.1039320 0.1298704 0.1380660 0.1685204 0.1320114 0.0609605 0.1302073 0.1300044 0.1431156 0.1303545 0.1735556 0.1162331 0.1284280 0.1312064 0.1213421 0.1299663 0.1173276 0.1299663 0.1248925 0.1434279 0.1434364 0.1358595 0.0000010 0.1255562 0.1255562 0.1446873 0.0000010 0.4952065 0.1244520 0.1168805 0.0000010 0.1344109 0.1733470 0.1747459 0.0000010 0.1257266 0.0609605 0.1258975 0.1526539 0.1255562 0.0000010 0.1249199 0.1709108 0.1684001 0.1221886 0.0000010 0.1190345 0.1330455 0.1332081 0.0000010 
Eutrochium_fistulosum_SRR9119106           0.4724636 0.4034367 0.2519289 0.5137961 0.6112487 0.1854667 0.0000000 0.2855431 0.5581844 0.3495290 0.4713018 0.4101463 0.4085290 0.4496705 0.2818315 0.3942924 0.5124151 0.5022173 0.4339041 0.3850186 0.4049485 0.3969224 0.3789144 0.4093017 0.3988382 0.4249294 0.4449816 0.5740204 0.5765176 0.4961957 0.2037550 0.4796607 0.6159391 0.4550437 0.4178245 0.3721283 0.4105437 0.4498482 0.4539123 0.3622344 0.4119985 0.4278849 0.4295718 0.4108263 0.4565216 0.4065497 0.4062129 0.3959309 0.3642027 0.4353012 0.4328875 0.4351983 0.4490846 0.4190277 0.4759663 0.3110733 0.3217416 0.4027709 0.4003975 0.3707750 0.3089928 0.5268088 0.3432880 0.4121845 0.5782873 0.4370809 0.4274365 0.4818909 0.3152233 0.4264604 0.4087806 0.4238928 0.5412534 0.3996129 0.5709030 0.3591984 0.4737144 0.4559763 0.4087782 0.6594323 0.3536031 0.4053072 0.3921997 0.3049963 
Galeana_pratensis_104_mex                  0.1646639 0.1187536 0.1429023 0.3133989 0.1910589 0.1856221 0.2855431 0.0000000 0.3109310 0.1753729 0.1798788 0.1425610 0.1689652 0.1850845 0.0995099 0.1471656 0.1222877 0.2474353 0.2014656 0.1310231 0.1425864 0.1672501 0.1158203 0.1853297 0.1726213 0.1833243 0.1143150 0.1924229 0.1228456 0.1996788 0.1617700 0.2117401 0.1476484 0.2491683 0.1372693 0.2083677 0.1951032 0.1804535 0.2214559 0.1825303 0.1853206 0.1878037 0.1816113 0.2010742 0.2051710 0.1374322 0.1679844 0.1707919 0.2034776 0.1713664 0.1400157 0.1713682 0.1198783 0.1836815 0.1980162 0.1939319 0.1479367 0.1708767 0.1709243 0.1856444 0.1188503 0.1346324 0.1171232 0.1352706 0.1178649 0.1334244 0.2541307 0.2163759 0.1300028 0.1298895 0.1853297 0.1799042 0.1947278 0.1724168 0.1314284 0.1665074 0.2155490 0.1968832 0.1380000 0.1672061 0.1856067 0.1660019 0.1905070 0.1154677 
Helianthus_annuus_SRR9119062               0.4093554 0.3875325 0.3157722 0.4625120 0.4525594 0.1991084 0.5581844 0.3109310 0.0000000 0.3254157 0.4439203 0.4248757 0.4043293 0.4589448 0.2543904 0.3950949 0.4227084 0.4656195 0.4489733 0.3870333 0.4147972 0.3859602 0.3002890 0.4249555 0.4040487 0.4204281 0.4448851 0.5763383 0.4462356 0.4544518 0.2183818 0.4837237 0.4483304 0.4208953 0.4097592 0.4201771 0.4394452 0.4458312 0.5241644 0.3885332 0.4148787 0.4363900 0.3942860 0.4338734 0.5009072 0.4215049 0.4042918 0.3988127 0.4203318 0.4381255 0.4084626 0.4366992 0.4493315 0.4197411 0.4592615 0.3485001 0.2694551 0.4088938 0.4015820 0.3645311 0.3418833 0.3773680 0.3140738 0.4110297 0.5728503 0.4987365 0.3935479 0.4618224 0.3336103 0.4377803 0.4249555 0.4121206 0.4963736 0.3881242 0.4782303 0.2906440 0.4853550 0.4600758 0.4046407 0.5385470 0.3294351 0.4028274 0.3583112 0.2310484 
Lycapsus_tenuifolius_17                    0.0682214 0.0000010 0.0395295 0.3349008 0.1797029 0.1261375 0.3495290 0.1753729 0.3254157 0.0000000 0.1966142 0.1053515 0.1093141 0.2244310 0.0811392 0.1584289 0.1069129 0.4273587 0.1162674 0.0933428 0.1052722 0.0938304 0.1054569 0.0938723 0.1042068 0.1206358 0.1228867 0.3016660 0.1255765 0.2770034 0.1057889 0.2464844 0.1899344 0.0056531 0.0974365 0.2003938 0.1422600 0.1596549 0.1787210 0.0899226 0.0965334 0.1515870 0.1156515 0.1089523 0.1791474 0.1031459 0.1092659 0.1052916 0.1870461 0.1894560 0.1024649 0.1895852 0.1200505 0.1013324 0.1894448 0.0981270 0.1442974 0.1004730 0.1099089 0.1991965 0.0000010 0.1942304 0.0811622 0.1003186 0.0000010 0.1234947 0.1580358 0.2551553 0.0505801 0.1058365 0.0936238 0.1511514 0.2342834 0.1635713 0.0875421 0.0946382 0.2155920 0.1711900 0.0997918 0.2374872 0.2229179 0.1145868 0.1696188 0.1387717 
Pericome_caudata_50_silver                 0.2486875 0.0581169 0.1135522 0.5176042 0.2020504 0.0915125 0.4713018 0.1798788 0.4439203 0.1966142 0.0000000 0.1678115 0.1524877 0.1052529 0.0784633 0.1681055 0.1200758 0.2901627 0.1566443 0.1189736 0.1612582 0.1418051 0.0707379 0.1626591 0.1530616 0.1464683 0.1648696 0.1060599 0.1224697 0.1343188 0.1285637 0.1913089 0.1961819 0.2804947 0.1564666 0.1747781 0.1432771 0.1786448 0.2188624 0.1164709 0.1693670 0.1717972 0.1463407 0.1469377 0.1816903 0.1439440 0.1532968 0.1489133 0.1833638 0.0971991 0.1723810 0.0958540 0.1647517 0.1635180 0.1977482 0.0963030 0.1414414 0.1502257 0.1502382 0.2292087 0.0581720 0.1436810 0.0862322 0.1636454 0.0722767 0.1526199 0.3020055 0.2096239 0.0510509 0.1852171 0.1651608 0.1297498 0.2481179 0.1752143 0.1039057 0.1177731 0.2012377 0.1735029 0.1672863 0.3820644 0.1756214 0.1516801 0.1947611 0.0968828 
Perityle_aglossa_84_dead_horse             0.2162082 0.0635572 0.1091312 0.4261433 0.1819985 0.1394046 0.4101463 0.1425610 0.4248757 0.1053515 0.1678115 0.0000000 0.0670109 0.1518973 0.0413459 0.1099222 0.0315429 0.2894300 0.1161346 0.0568196 0.0475493 0.0567357 0.0305718 0.0563217 0.0605421 0.0917955 0.0812171 0.1016995 0.0880702 0.1902643 0.1127688 0.2054803 0.1522822 0.1777528 0.0534612 0.1562871 0.1042988 0.1366768 0.1435806 0.0536479 0.0559983 0.1292144 0.0900142 0.1346663 0.1584057 0.0749342 0.0636878 0.0609195 0.1582834 0.1303539 0.0634060 0.1295668 0.0810263 0.0570045 0.1495080 0.0978650 0.0661115 0.0629639 0.0627406 0.1512086 0.0246189 0.1144394 0.0500368 0.0268558 0.0836249 0.0771256 0.1860401 0.1810077 0.0165208 0.1026262 0.0558315 0.1097495 0.1927927 0.0910758 0.0690951 0.0346195 0.1610351 0.1741581 0.0810514 0.3454973 0.1779651 0.0656363 0.1300132 0.0373710 
Perityle_ajoensis_204                      0.2055296 0.0562948 0.1118880 0.4552172 0.1642612 0.1255562 0.4085290 0.1689652 0.4043293 0.1093141 0.1524877 0.0670109 0.0000000 0.1331620 0.0406874 0.1057805 0.0557928 0.2597143 0.1064350 0.0482485 0.0644003 0.0145566 0.0327216 0.0677092 0.0134872 0.0801912 0.0820009 0.0885007 0.0703373 0.1726882 0.1086331 0.1920131 0.1514922 0.1860048 0.0631507 0.1282792 0.0969029 0.1270374 0.1411638 0.0734110 0.0707417 0.1141920 0.0777351 0.1173017 0.1523055 0.0648976 0.0159549 0.0147420 0.1369709 0.1156770 0.0746710 0.1156314 0.0783894 0.0726569 0.1378784 0.0880484 0.0508066 0.0154990 0.0147000 0.1434833 0.0296336 0.0784600 0.0522838 0.0577899 0.0718743 0.0848667 0.1871261 0.1774584 0.0334747 0.1022046 0.0671446 0.1099734 0.1979996 0.0433472 0.0599997 0.0086384 0.1560398 0.1737820 0.0638077 0.3506407 0.1609605 0.0159485 0.1305679 0.0374138 
Perityle_ambrosiifolia_67_green            0.2508977 0.0608860 0.0900451 0.5269506 0.2179290 0.1299663 0.4496705 0.1850845 0.4589448 0.2244310 0.1052529 0.1518973 0.1331620 0.0000000 0.0642350 0.1445709 0.1037806 0.2564518 0.1464536 0.1063726 0.1516152 0.1265207 0.0950520 0.1404874 0.1331839 0.1303162 0.1531234 0.0946777 0.1130613 0.1171613 0.0974809 0.2121802 0.1890549 0.3216930 0.1416038 0.1701030 0.1290718 0.1820078 0.1694854 0.0909156 0.1481110 0.1677693 0.1338692 0.1296146 0.1780681 0.1321147 0.1324642 0.1281657 0.1730275 0.0174999 0.1664448 0.0194740 0.1517055 0.1408428 0.1873955 0.0878197 0.1255162 0.1323155 0.1293453 0.2280784 0.0661846 0.1344226 0.0756853 0.1475465 0.0784955 0.1567908 0.2878986 0.2015741 0.0990571 0.1845680 0.1432004 0.1231288 0.2632330 0.1630453 0.0860158 0.1180975 0.1806387 0.1988956 0.1351331 0.5202396 0.1600372 0.1284357 0.1749612 0.1273273 
Perityle_angustifolia_13_Eagle_creek       0.1541416 0.0636144 0.0930515 0.3090803 0.1261084 0.1352073 0.2818315 0.0995099 0.2543904 0.0811392 0.0784633 0.0413459 0.0406874 0.0642350 0.0000000 0.0562307 0.0319814 0.1454592 0.0804728 0.0155232 0.0383387 0.0373351 0.0080357 0.0457772 0.0383617 0.0513792 0.0484549 0.0796048 0.0656682 0.0926195 0.0752373 0.1010859 0.1204266 0.2180471 0.0396773 0.0670678 0.0646234 0.0716857 0.1396632 0.0457772 0.0465355 0.0693864 0.0490458 0.0811146 0.0882655 0.0166816 0.0395718 0.0383716 0.0765540 0.0504609 0.0490028 0.0492504 0.0478344 0.0489542 0.0841493 0.0884049 0.0515918 0.0407128 0.0372175 0.0868863 0.0295760 0.0793762 0.0374135 0.0348795 0.0579634 0.0537818 0.2000501 0.1164115 0.0334786 0.0110793 0.0457772 0.0679830 0.1446076 0.0383326 0.0507404 0.0365394 0.1354518 0.0768296 0.0201088 0.1541949 0.0892574 0.0383655 0.0914607 0.0428863 
Perityle_batopilensis_97                   0.2671524 0.1581950 0.1786337 0.3274116 0.2101050 0.1320114 0.3942924 0.1471656 0.3950949 0.1584289 0.1681055 0.1099222 0.1057805 0.1445709 0.0562307 0.0000000 0.0712581 0.2645634 0.1164871 0.0971941 0.0991542 0.0685787 0.0673598 0.1123885 0.0872133 0.1139072 0.1196187 0.1518683 0.1093954 0.1339589 0.1056460 0.1992506 0.1917004 0.2573434 0.1037978 0.1791023 0.1392091 0.1514362 0.0914309 0.1161867 0.1121494 0.1453804 0.1060221 0.1704709 0.1734321 0.0998356 0.1072295 0.1054468 0.1735674 0.1248227 0.1080069 0.1233120 0.1148208 0.1097453 0.1650379 0.1357212 0.0825247 0.1076867 0.1060418 0.1310346 0.1534781 0.1489831 0.1068888 0.1010957 0.1232911 0.1290052 0.1808850 0.1862605 0.0749119 0.1345880 0.1123885 0.1451312 0.2006851 0.1097815 0.0936418 0.0620205 0.1793738 0.2039786 0.0703768 0.3597618 0.1810586 0.1077510 0.1313925 0.0594508 
Perityle_bisetosa_9                        0.3163414 0.0635420 0.2276257 0.3266966 0.1731439 0.0000010 0.5124151 0.1222877 0.4227084 0.1069129 0.1200758 0.0315429 0.0557928 0.1037806 0.0319814 0.0712581 0.0000000 0.1979733 0.0896119 0.0487687 0.0197877 0.0486006 0.0305921 0.0376724 0.0499753 0.0616628 0.0624242 0.0913986 0.0815903 0.1072395 0.0000010 0.1631949 0.1431479 0.3070026 0.0273083 0.0725010 0.0907541 0.0983108 0.1758822 0.0353414 0.0349895 0.0879486 0.0630528 0.1305704 0.1375366 0.0583323 0.0505661 0.0505450 0.0835824 0.0719053 0.0311535 0.0704595 0.0595195 0.0368788 0.0961164 0.0765101 0.0551430 0.0544858 0.0505876 0.0825679 0.0346470 0.0851367 0.0447905 0.0264737 0.0902679 0.0711489 0.3265298 0.1376507 0.0109781 0.1143984 0.0376724 0.0897215 0.0696930 0.0450345 0.0642621 0.0267483 0.1472743 0.1848421 0.0583539 0.3141958 0.0505618 0.0505144 0.0834749 0.0422657 
Perityle_californica_76_positas            0.3800437 0.1358376 0.3000596 0.6330774 0.2620697 0.1501344 0.5022173 0.2474353 0.4656195 0.4273587 0.2901627 0.2894300 0.2597143 0.2564518 0.1454592 0.2645634 0.1979733 0.0000000 0.2284550 0.2389706 0.2786233 0.2097429 0.1755506 0.2883636 0.2596833 0.2780199 0.2978817 0.1917770 0.2335935 0.2167500 0.1320902 0.2163759 0.1850616 0.4652440 0.2856738 0.2917222 0.2513411 0.3253018 0.3202655 0.2248310 0.2806620 0.2948346 0.2751301 0.2616494 0.3213042 0.2749557 0.2590895 0.2580863 0.2907658 0.2762383 0.2635221 0.2763490 0.2957727 0.2784441 0.3248098 0.1455420 0.2381530 0.2622773 0.2553432 0.3119577 0.1412036 0.2298135 0.1707778 0.2801501 0.1540018 0.2800119 0.3558311 0.3165532 0.1207368 0.2805960 0.2896649 0.2460242 0.3918655 0.2491522 0.2040986 0.1752699 0.3021562 0.2635347 0.2505442 0.5289371 0.2315979 0.2586506 0.2174148 0.2080377 
Perityle_canescens_77                      0.2572240 0.0839218 0.1047084 0.4887506 0.1683778 0.1261630 0.4339041 0.2014656 0.4489733 0.1162674 0.1566443 0.1161346 0.1064350 0.1464536 0.0804728 0.1164871 0.0896119 0.2284550 0.0000000 0.0965797 0.1078148 0.1054768 0.0693516 0.1189847 0.1041050 0.1088057 0.1094292 0.1203099 0.0899128 0.2018305 0.1354754 0.2246486 0.1551107 0.2494247 0.1108931 0.1479248 0.1036270 0.1416872 0.1309356 0.1157609 0.1203905 0.1364005 0.1090727 0.1407772 0.1406760 0.1016299 0.1103554 0.1042079 0.1499483 0.1473926 0.1161324 0.1465615 0.1035785 0.1250540 0.1646397 0.1147546 0.0743658 0.1079719 0.1046973 0.1729160 0.0845070 0.1094705 0.0839891 0.1106936 0.0935516 0.1091998 0.2058209 0.1854113 0.0660714 0.1538152 0.1204610 0.1226239 0.1990678 0.1034749 0.0708063 0.0903765 0.1444078 0.1860518 0.1099863 0.4986803 0.1794596 0.1085033 0.1154499 0.0387869 
Perityle_castillonii_96                    0.2088696 0.0712420 0.0992299 0.3830791 0.1678068 0.1071646 0.3850186 0.1310231 0.3870333 0.0933428 0.1189736 0.0568196 0.0482485 0.1063726 0.0155232 0.0971941 0.0487687 0.2389706 0.0965797 0.0000000 0.0564537 0.0425751 0.0100724 0.0630211 0.0442528 0.0646015 0.0591646 0.0767499 0.0680590 0.1490910 0.0927115 0.1768249 0.1481555 0.1787339 0.0599723 0.1121822 0.0821177 0.0972750 0.1194318 0.0613637 0.0631882 0.0932365 0.0632182 0.1132561 0.1092534 0.0325078 0.0482313 0.0468456 0.1093727 0.0930276 0.0710648 0.0922762 0.0563798 0.0605777 0.1089753 0.0877047 0.0538221 0.0467070 0.0460443 0.1087746 0.0346659 0.0878884 0.0441284 0.0549452 0.0721920 0.0622903 0.1664210 0.1589596 0.0393012 0.0696889 0.0624475 0.1037788 0.1732425 0.0759810 0.0500679 0.0384553 0.1271540 0.1425327 0.0407187 0.3469190 0.1606560 0.0502522 0.1149240 0.0452573 
Perityle_cernua_84                         0.2079958 0.0744973 0.0997036 0.4150374 0.1736694 0.0992937 0.4049485 0.1425864 0.4147972 0.1052722 0.1612582 0.0475493 0.0644003 0.1516152 0.0383387 0.0991542 0.0197877 0.2786233 0.1078148 0.0564537 0.0000000 0.0488398 0.0347603 0.0578343 0.0572423 0.0851447 0.0769884 0.1133170 0.0827396 0.1881131 0.0900403 0.2062511 0.1485903 0.1763736 0.0313113 0.1485555 0.0982703 0.1267062 0.1347917 0.0515887 0.0582115 0.1213034 0.0826328 0.1319732 0.1512491 0.0715259 0.0643734 0.0596624 0.1492715 0.1298622 0.0413629 0.1290910 0.0719880 0.0546287 0.1392317 0.0895614 0.0572140 0.0610745 0.0615604 0.1365877 0.0447510 0.1027426 0.0552446 0.0439083 0.0960857 0.0793057 0.1869118 0.1886361 0.0192862 0.1004326 0.0574324 0.1111214 0.1927087 0.0802296 0.0667924 0.0362394 0.1601314 0.1753305 0.0677936 0.3399896 0.1592250 0.0642990 0.1296953 0.0421727 
Perityle_cfvillosa_25_tin                  0.2034164 0.0568325 0.1065324 0.4464502 0.1486533 0.1224191 0.3969224 0.1672501 0.3859602 0.0938304 0.1418051 0.0567357 0.0145566 0.1265207 0.0373351 0.0685787 0.0486006 0.2097429 0.1054768 0.0425751 0.0488398 0.0000000 0.0266200 0.0629913 0.0112923 0.0776625 0.0742614 0.0813319 0.0706314 0.1651095 0.1087951 0.1786614 0.1488003 0.1871959 0.0555175 0.1196125 0.0872885 0.1122349 0.1403745 0.0646907 0.0643869 0.1018957 0.0725591 0.1075614 0.1384842 0.0596937 0.0113127 0.0066079 0.1214174 0.1059378 0.0633569 0.1058905 0.0703020 0.0661070 0.1290073 0.0870013 0.0489345 0.0094019 0.0092445 0.1313881 0.0296336 0.0769617 0.0525226 0.0457565 0.0703547 0.0775249 0.1845583 0.1712081 0.0251500 0.1002917 0.0638671 0.0976381 0.1592192 0.0074268 0.0569557 0.0060715 0.1458898 0.1665897 0.0642492 0.3175398 0.1562951 0.0113127 0.1093607 0.0326403 
Perityle_cinerea_113_Powell1310            0.1885532 0.0713332 0.1261275 0.2007967 0.1181531 0.0000010 0.3789144 0.1158203 0.3002890 0.1054569 0.0707379 0.0305718 0.0327216 0.0950520 0.0080357 0.0673598 0.0305921 0.1755506 0.0693516 0.0100724 0.0347603 0.0266200 0.0000000 0.0475227 0.0306230 0.0561538 0.0552772 0.0651567 0.0716719 0.0946777 0.0000010 0.1201828 0.1151690 0.3261189 0.0369557 0.0643525 0.0844765 0.0609354 0.1940106 0.0475227 0.0453769 0.0616314 0.0496477 0.0772526 0.0888051 0.0223788 0.0285578 0.0264490 0.0748352 0.0584949 0.0348563 0.0563299 0.0541299 0.0519436 0.0829524 0.0731004 0.0571127 0.0306469 0.0285592 0.0698566 0.0295760 0.0669403 0.0475936 0.0264580 0.0688823 0.0647980 0.0000010 0.1204303 0.0422374 0.0019977 0.0475227 0.0693433 0.0583108 0.0305812 0.0533444 0.0285324 0.1542521 0.0531396 0.0223279 0.1416811 0.0308233 0.0285108 0.0993729 0.0482066 
Perityle_coahuilensis_24                   0.2107165 0.0747755 0.1105065 0.4258335 0.1830699 0.0609605 0.4093017 0.1853297 0.4249555 0.0938723 0.1626591 0.0563217 0.0677092 0.1404874 0.0457772 0.1123885 0.0376724 0.2883636 0.1189847 0.0630211 0.0578343 0.0629913 0.0475227 0.0000000 0.0642357 0.0890569 0.0832621 0.1070067 0.0900651 0.1958016 0.1186790 0.2028632 0.1583723 0.1714093 0.0439566 0.1457440 0.1055529 0.1363434 0.1426480 0.0033813 0.0095833 0.1249332 0.0893281 0.1311658 0.1608363 0.0764037 0.0697459 0.0656637 0.1475661 0.1217971 0.0580207 0.1224939 0.0788684 0.0343423 0.1430652 0.1046269 0.0529563 0.0650682 0.0668304 0.1427758 0.0396922 0.1079816 0.0471325 0.0504901 0.1006522 0.0864083 0.1880516 0.1869731 0.0277502 0.1078245 0.0000010 0.1227593 0.2046648 0.0903081 0.0767934 0.0466731 0.1681921 0.1770529 0.0771456 0.3576122 0.1681598 0.0716302 0.1384314 0.0422491 
Perityle_cochisensis_44_cave_creek         0.1962091 0.0598926 0.1066576 0.4511096 0.1407642 0.1255562 0.3988382 0.1726213 0.4040487 0.1042068 0.1530616 0.0605421 0.0134872 0.1331839 0.0383617 0.0872133 0.0499753 0.2596833 0.1041050 0.0442528 0.0572423 0.0112923 0.0306230 0.0642357 0.0000000 0.0785597 0.0790639 0.0808597 0.0692585 0.1701498 0.1087951 0.1878788 0.1412408 0.1837391 0.0594032 0.1290745 0.0880537 0.1142054 0.1386474 0.0656079 0.0655265 0.1103461 0.0758953 0.1118113 0.1376118 0.0619028 0.0129412 0.0104585 0.1339761 0.1141509 0.0688318 0.1141037 0.0745831 0.0660380 0.1344350 0.0866048 0.0465081 0.0124551 0.0085802 0.1411682 0.0347175 0.0786174 0.0522812 0.0496588 0.0724448 0.0817168 0.1867800 0.1680337 0.0277645 0.0984414 0.0636760 0.1007402 0.2011457 0.0327375 0.0555884 0.0043127 0.1475229 0.1609816 0.0625734 0.3256423 0.1580901 0.0129360 0.1135403 0.0326872 
Perityle_congesta_202                      0.2020174 0.0608776 0.1072218 0.4366125 0.1775525 0.1337504 0.4249294 0.1833243 0.4204281 0.1206358 0.1464683 0.0917955 0.0801912 0.1303162 0.0513792 0.1139072 0.0616628 0.2780199 0.1088057 0.0646015 0.0851447 0.0776625 0.0561538 0.0890569 0.0785597 0.0000000 0.0804651 0.0962897 0.0769313 0.1726876 0.1087116 0.1900916 0.1524095 0.2201946 0.0844606 0.1279817 0.0440863 0.1206083 0.1472420 0.0793868 0.0911671 0.1116017 0.0081336 0.1146981 0.1394624 0.0818672 0.0822259 0.0814053 0.1326440 0.1164045 0.0958030 0.1157732 0.0775331 0.0910776 0.1368447 0.0945767 0.0821309 0.0823506 0.0785935 0.1511679 0.0743652 0.0960211 0.0552437 0.0832863 0.0755861 0.0832129 0.1838964 0.1643500 0.0480014 0.1167523 0.0890062 0.1062183 0.1156228 0.1076474 0.0105748 0.0658338 0.1452142 0.1702675 0.0799815 0.3655303 0.1701090 0.0834920 0.1377550 0.0718096 
Perityle_cordifolia_27                     0.2196602 0.0628695 0.1139612 0.4354562 0.1751282 0.1208859 0.4449816 0.1143150 0.4448851 0.1228867 0.1648696 0.0812171 0.0820009 0.1531234 0.0484549 0.1196187 0.0624242 0.2978817 0.1094292 0.0591646 0.0769884 0.0742614 0.0552772 0.0832621 0.0790639 0.0804651 0.0000000 0.1020009 0.0804631 0.1866853 0.0864139 0.2140675 0.1598473 0.2224500 0.0810925 0.1593160 0.0962847 0.1349023 0.1501948 0.0762762 0.0850133 0.1326991 0.0778263 0.1406889 0.1516354 0.0767005 0.0823534 0.0811755 0.1561172 0.1346230 0.0888937 0.1354261 0.0156605 0.0817131 0.1423535 0.0915651 0.0780595 0.0821088 0.0823518 0.1525358 0.0690008 0.0992030 0.0102669 0.0785072 0.0815928 0.0132130 0.1961315 0.1925027 0.0646388 0.1166634 0.0825183 0.1175194 0.1808720 0.1033254 0.0616728 0.0671165 0.1567714 0.1830979 0.0726781 0.3545734 0.1844752 0.0845493 0.1288161 0.0607830 
Perityle_cordifolia_68_tecolote            0.4189002 0.0731995 0.4835624 0.8507331 0.2129729 1.0841906 0.5740204 0.1924229 0.5763383 0.3016660 0.1060599 0.1016995 0.0885007 0.0946777 0.0796048 0.1518683 0.0913986 0.1917770 0.1203099 0.0767499 0.1133170 0.0813319 0.0651567 0.1070067 0.0808597 0.0962897 0.1020009 0.0000000 0.1098956 0.1365428 0.6053333 0.1952246 0.1817033 0.5690459 0.1076599 0.1215840 0.0902201 0.1420291 0.1536590 0.1110038 0.1215098 0.1385335 0.0890860 0.1380213 0.1382300 0.0782979 0.0828018 0.0808565 0.1420506 0.0914660 0.1077388 0.0899285 0.0971793 0.1167235 0.1390403 0.0600740 0.0686923 0.0847316 0.0827778 0.1532542 0.0869854 0.0979595 0.0918901 0.1079621 0.1100090 0.1002992 0.4505818 0.1524586 0.0718682 0.1673886 0.1070067 0.1196748 0.1049387 0.0797310 0.0744003 0.0794840 0.1457664 0.1881103 0.0881011 0.4823778 0.1722686 0.0845634 0.0831097 0.0681756 
Perityle_coronopifolia_28_patagonia        0.3150360 0.0795660 0.2291995 0.3245880 0.1919449 0.0000010 0.5765176 0.1228456 0.4462356 0.1255765 0.1224697 0.0880702 0.0703373 0.1130613 0.0656682 0.1093954 0.0815903 0.2335935 0.0899128 0.0680590 0.0827396 0.0706314 0.0716719 0.0900651 0.0692585 0.0769313 0.0804631 0.1098956 0.0000000 0.1130716 0.0000010 0.1781591 0.1760525 0.3814223 0.0800286 0.0849544 0.1106571 0.1152168 0.2066885 0.0911752 0.0883301 0.0985448 0.0727500 0.1255978 0.1517897 0.0766130 0.0704231 0.0703923 0.0891167 0.0881476 0.0843698 0.0868830 0.0801809 0.0919633 0.0298441 0.1059988 0.0755069 0.0744972 0.0704541 0.0309039 0.0150341 0.0976876 0.0764448 0.0799703 0.0064998 0.0879222 0.0000010 0.1283691 0.0685729 0.1510479 0.0900651 0.0963485 0.0782547 0.0676711 0.0750337 0.0555801 0.1443776 0.2008636 0.0771367 0.3269341 0.0516740 0.0703487 0.1113040 0.0620372 
Perityle_crassifolia_70_ventanas           0.2795754 0.0968910 0.1270272 0.5703463 0.1604549 0.1718926 0.4961957 0.1996788 0.4544518 0.2770034 0.1343188 0.1902643 0.1726882 0.1171613 0.0926195 0.1339589 0.1072395 0.2167500 0.2018305 0.1490910 0.1881131 0.1651095 0.0946777 0.1958016 0.1701498 0.1726876 0.1866853 0.1365428 0.1130716 0.0000000 0.0100843 0.2078747 0.1550643 0.3787718 0.1871741 0.2111724 0.1683953 0.2092970 0.2122946 0.1286227 0.1972433 0.1958332 0.1766239 0.1709171 0.2094256 0.1803923 0.1732912 0.1693118 0.2172125 0.1217466 0.1887438 0.1209055 0.1831661 0.1937509 0.2192551 0.1308472 0.0877754 0.1771962 0.1709532 0.2449333 0.0785496 0.1373039 0.1154735 0.1863098 0.1059532 0.1832516 0.3269785 0.2294548 0.0741906 0.2346262 0.1987876 0.1206145 0.2603336 0.1689261 0.0941295 0.1439601 0.2105831 0.2347876 0.1904385 0.5216455 0.1990567 0.1669662 0.1983588 0.0638528 
Perityle_crassifolia_74_playa_balandra     0.1163807 0.0000010 0.0593425 0.2180887 0.0000010 0.1042898 0.2037550 0.1617700 0.2183818 0.1057889 0.1285637 0.1127688 0.1086331 0.0974809 0.0752373 0.1056460 0.0000010 0.1320902 0.1354754 0.0927115 0.0900403 0.1087951 0.0000010 0.1186790 0.1087951 0.1087116 0.0864139 0.6053333 0.0000010 0.0100843 0.0000000 0.1123586 0.0000010 0.0977378 0.0861764 0.1167540 0.1127260 0.1296467 0.1151797 0.1176126 0.1238888 0.1124643 0.1126774 0.1047967 0.1340775 0.0936585 0.0955869 0.1056559 0.1011062 0.0974809 0.0901710 0.0974809 0.0864139 0.1283629 0.1443097 0.1057395 0.0000010 0.1087951 0.1127683 0.1405612 0.0000010 0.5618882 0.0864139 0.1010826 0.0000010 0.0907940 0.1411902 0.1375631 0.0000010 0.1055836 0.1186790 0.1206701 0.1167106 0.1087951 0.0000010 0.1087951 0.1154059 0.1456066 0.1028749 0.4187109 0.1249394 0.0987667 0.1246970 0.0000010 
Perityle_cuneata_34_cuneata_San_antonio    0.2579776 0.1454010 0.1464101 0.5284419 0.1784849 0.1499261 0.4796607 0.2117401 0.4837237 0.2464844 0.1913089 0.2054803 0.1920131 0.2121802 0.1010859 0.1992506 0.1631949 0.2163759 0.2246486 0.1768249 0.2062511 0.1786614 0.1201828 0.2028632 0.1878788 0.1900916 0.2140675 0.1952246 0.1781591 0.2078747 0.1123586 0.0000000 0.1167827 0.3223993 0.1959701 0.2237510 0.1830936 0.2309112 0.2450074 0.1527983 0.2101193 0.2226567 0.1747080 0.1959845 0.2348290 0.1998006 0.1956416 0.1884531 0.2281307 0.1960226 0.2173279 0.1969747 0.2168401 0.2044660 0.2503819 0.1462380 0.1096152 0.1909224 0.1912978 0.2482985 0.1444413 0.1713928 0.1338076 0.2031503 0.1869804 0.2224432 0.3158656 0.2366439 0.1180255 0.2320930 0.2061530 0.1868755 0.3097623 0.2036323 0.1618392 0.1416274 0.2658495 0.2284016 0.2038882 0.4155230 0.2054572 0.1887298 0.2194984 0.1092718 
Perityle_cuneata_4                         0.3132518 0.1383828 0.2367276 0.3615345 0.1633638 0.0000010 0.6159391 0.1476484 0.4483304 0.1899344 0.1961819 0.1522822 0.1514922 0.1890549 0.1204266 0.1917004 0.1431479 0.1850616 0.1551107 0.1481555 0.1485903 0.1488003 0.1151690 0.1583723 0.1412408 0.1524095 0.1598473 0.1817033 0.1760525 0.1550643 0.0000010 0.1167827 0.0000000 0.4103793 0.1456790 0.1384221 0.1666683 0.1945607 0.2901933 0.1551929 0.1547960 0.1713792 0.1479569 0.2027456 0.2242346 0.1546037 0.1500258 0.1499536 0.1319222 0.1575557 0.1517976 0.1531833 0.1611697 0.1520304 0.1897469 0.1493968 0.1302699 0.1513577 0.1500963 0.1592920 0.1262328 0.1431909 0.1326188 0.1480158 0.1826074 0.1789436 0.3273655 0.1908456 0.1217468 0.2018047 0.1583723 0.1610054 0.1565914 0.1381001 0.1497608 0.1085570 0.2363287 0.2714259 0.1587707 0.4142140 0.1853197 0.1498601 0.1419957 0.1245664 
Perityle_discoidea_81                      0.1855920 0.5753918 0.0427009 0.3368336 0.4055146 0.1255750 0.4550437 0.2491683 0.4208953 0.0056531 0.2804947 0.1777528 0.1860048 0.3216930 0.2180471 0.2573434 0.3070026 0.4652440 0.2494247 0.1787339 0.1763736 0.1871959 0.3261189 0.1714093 0.1837391 0.2201946 0.2224500 0.5690459 0.3814223 0.3787718 0.0977378 0.3223993 0.4103793 0.0000000 0.1697714 0.2833961 0.2537554 0.2482235 0.2682956 0.1840310 0.1716913 0.2310514 0.2215136 0.2261400 0.2722440 0.1787936 0.1847687 0.1811107 0.2734461 0.2801208 0.1834838 0.2806096 0.2175883 0.1793929 0.2711676 0.3225734 0.3373486 0.1765390 0.1849057 0.2678265 0.5321773 0.4149590 0.2715785 0.1723358 0.5841918 0.2315087 0.1601592 0.3299493 0.4017712 0.1866084 0.1705191 0.2495389 0.3257611 0.2356391 0.3753751 0.1938339 0.3042942 0.2674851 0.1904339 0.3911054 0.3182206 0.1893483 0.2579743 0.2898868 
Perityle_dissecta_201                      0.1948911 0.0673928 0.0965014 0.4169815 0.1709685 0.1039320 0.4178245 0.1372693 0.4097592 0.0974365 0.1564666 0.0534612 0.0631507 0.1416038 0.0396773 0.1037978 0.0273083 0.2856738 0.1108931 0.0599723 0.0313113 0.0555175 0.0369557 0.0439566 0.0594032 0.0844606 0.0810925 0.1076599 0.0800286 0.1871741 0.0861764 0.1959701 0.1456790 0.1697714 0.0000000 0.1415051 0.0950364 0.1282375 0.1333051 0.0360251 0.0453191 0.1177675 0.0820744 0.1237186 0.1528906 0.0729045 0.0650675 0.0596880 0.1421471 0.1203029 0.0247837 0.1195414 0.0774481 0.0446534 0.1371404 0.0917075 0.0442935 0.0617709 0.0622446 0.1379369 0.0246189 0.1013453 0.0524081 0.0491085 0.0900220 0.0838301 0.1796950 0.1831391 0.0277622 0.1034808 0.0436540 0.1127510 0.1912901 0.0819141 0.0667682 0.0362684 0.1625788 0.1782115 0.0758184 0.3397452 0.1573209 0.0656542 0.1264447 0.0302791 
Perityle_feddemae_99                       0.1641341 0.0865557 0.1145768 0.5248379 0.1321797 0.1298704 0.3721283 0.2083677 0.4201771 0.2003938 0.1747781 0.1562871 0.1282792 0.1701030 0.0670678 0.1791023 0.0725010 0.2917222 0.1479248 0.1121822 0.1485555 0.1196125 0.0643525 0.1457440 0.1290745 0.1279817 0.1593160 0.1215840 0.0849544 0.2111724 0.1167540 0.2237510 0.1384221 0.2833961 0.1415051 0.0000000 0.1304326 0.1227235 0.1791378 0.1039440 0.1535984 0.0434817 0.1265398 0.0486743 0.1253852 0.1459374 0.1363445 0.1319957 0.0422683 0.1710933 0.1535373 0.1702342 0.1504977 0.1458773 0.1404437 0.1200954 0.0784330 0.1341498 0.1285282 0.1266221 0.0911750 0.1052404 0.0857220 0.1507813 0.0849544 0.1544238 0.2551297 0.2171811 0.0679032 0.1500275 0.1471072 0.1464223 0.2929593 0.1590551 0.0640563 0.0905477 0.1787701 0.1599979 0.1441324 0.3482025 0.1486387 0.1323616 0.1735788 0.0433042 
Perityle_fosteri_93                        0.2394815 0.0731733 0.1290556 0.4491272 0.1882887 0.1380660 0.4105437 0.1951032 0.4394452 0.1422600 0.1432771 0.1042988 0.0969029 0.1290718 0.0646234 0.1392091 0.0907541 0.2513411 0.1036270 0.0821177 0.0982703 0.0872885 0.0844765 0.1055529 0.0880537 0.0440863 0.0962847 0.0902201 0.1106571 0.1683953 0.1127260 0.1830936 0.1666683 0.2537554 0.0950364 0.1304326 0.0000000 0.1293403 0.1235718 0.1033131 0.1090082 0.1398476 0.0352021 0.1176861 0.1277607 0.0920962 0.0992526 0.0965203 0.1313109 0.1319692 0.1115587 0.1303793 0.0912358 0.1089903 0.1620453 0.1001871 0.1314429 0.0987601 0.0962406 0.1682892 0.0782602 0.1286995 0.0539565 0.0996176 0.0727238 0.0884654 0.1725604 0.1750436 0.0706397 0.1286853 0.1070431 0.1147052 0.1778799 0.1256254 0.0563702 0.0849330 0.1388281 0.1521531 0.0895652 0.4618607 0.1651535 0.0999275 0.1245239 0.1159052 
Perityle_gamon_221                         0.2229023 0.0701919 0.1337468 0.4642059 0.2059844 0.1685204 0.4498482 0.1804535 0.4458312 0.1596549 0.1786448 0.1366768 0.1270374 0.1820078 0.0716857 0.1514362 0.0983108 0.3253018 0.1416872 0.0972750 0.1267062 0.1122349 0.0609354 0.1363434 0.1142054 0.1206083 0.1349023 0.1420291 0.1152168 0.2092970 0.1296467 0.2309112 0.1945607 0.2482235 0.1282375 0.1227235 0.1293403 0.0000000 0.1904001 0.1125813 0.1345438 0.1277695 0.1138672 0.1317778 0.0293480 0.1276394 0.1257634 0.1226972 0.1215684 0.1610877 0.1396064 0.1611537 0.1287684 0.1212553 0.1275490 0.1183375 0.0743939 0.1247423 0.1217106 0.1215804 0.0829610 0.1007246 0.0832849 0.1295537 0.1293590 0.1431596 0.2417038 0.2266296 0.0479527 0.1606241 0.1351212 0.1457713 0.2335781 0.1325752 0.0925710 0.0841400 0.1892564 0.1924056 0.1279981 0.3794159 0.1760816 0.1242800 0.1593224 0.0600493 
Perityle_gentryi_8_san_francisco           0.3196924 0.1613868 0.2168873 0.5577959 0.3218479 0.1320114 0.4539123 0.2214559 0.5241644 0.1787210 0.2188624 0.1435806 0.1411638 0.1694854 0.1396632 0.0914309 0.1758822 0.3202655 0.1309356 0.1194318 0.1347917 0.1403745 0.1940106 0.1426480 0.1386474 0.1472420 0.1501948 0.1536590 0.2066885 0.2122946 0.1151797 0.2450074 0.2901933 0.2682956 0.1333051 0.1791378 0.1235718 0.1904001 0.0000000 0.1428066 0.1427217 0.1864141 0.1500039 0.1556810 0.1675530 0.1289887 0.1435215 0.1386500 0.1726786 0.1853455 0.1491066 0.1820096 0.1459317 0.1460287 0.2099031 0.1428714 0.2518454 0.1403744 0.1413476 0.2453276 0.1578207 0.2714162 0.1140361 0.1399956 0.1250726 0.1077859 0.1969352 0.2505578 0.0808428 0.1732292 0.1421308 0.1885571 0.2626392 0.1678778 0.1921561 0.1487258 0.1984075 0.2284799 0.1323656 0.5074782 0.2077128 0.1419488 0.1529862 0.2429887 
Perityle_gilensis_22_Superstition          0.2191595 0.0747755 0.1140946 0.3220500 0.1842693 0.0609605 0.3622344 0.1825303 0.3885332 0.0899226 0.1164709 0.0536479 0.0734110 0.0909156 0.0457772 0.1161867 0.0353414 0.2248310 0.1157609 0.0613637 0.0515887 0.0646907 0.0475227 0.0033813 0.0656079 0.0793868 0.0762762 0.1110038 0.0911752 0.1286227 0.1176126 0.1527983 0.1551929 0.1840310 0.0360251 0.1039440 0.1033131 0.1125813 0.1428066 0.0000000 0.0088182 0.1045521 0.0811558 0.1207260 0.1368123 0.0709340 0.0704299 0.0695098 0.1091872 0.0762082 0.0486076 0.0769728 0.0737522 0.0328495 0.1113792 0.1059423 0.0529563 0.0704798 0.0694204 0.1036843 0.0396922 0.1081738 0.0489223 0.0493490 0.1022369 0.0818063 0.1816408 0.1443191 0.0277502 0.1056362 0.0033813 0.1121035 0.2036916 0.0974292 0.0779335 0.0485328 0.1495186 0.1587057 0.0696420 0.3444931 0.1115835 0.0724817 0.1370723 0.0422491 
Perityle_gilensis_salensis_225             0.2098464 0.0747755 0.1177026 0.4454486 0.1824808 0.1302073 0.4119985 0.1853206 0.4148787 0.0965334 0.1693670 0.0559983 0.0707417 0.1481110 0.0465355 0.1121494 0.0349895 0.2806620 0.1203905 0.0631882 0.0582115 0.0643869 0.0453769 0.0095833 0.0655265 0.0911671 0.0850133 0.1215098 0.0883301 0.1972433 0.1238888 0.2101193 0.1547960 0.1716913 0.0453191 0.1535984 0.1090082 0.1345438 0.1427217 0.0088182 0.0000000 0.1307204 0.0899562 0.1400388 0.1597572 0.0795058 0.0722660 0.0689706 0.1554878 0.1283218 0.0598392 0.1290035 0.0813503 0.0359026 0.1476074 0.1133558 0.0507462 0.0690145 0.0694093 0.1467965 0.0396922 0.1061750 0.0522815 0.0516277 0.1001398 0.0889818 0.1787597 0.1898484 0.0277502 0.1070936 0.0095072 0.1230963 0.2023000 0.0888688 0.0751210 0.0470229 0.1657750 0.1821604 0.0789193 0.3503334 0.1731452 0.0735104 0.1350897 0.0398225 
Perityle_glaucescens_94                    0.2159978 0.0985703 0.1350903 0.4653744 0.1891096 0.1300044 0.4278849 0.1878037 0.4363900 0.1515870 0.1717972 0.1292144 0.1141920 0.1677693 0.0693864 0.1453804 0.0879486 0.2948346 0.1364005 0.0932365 0.1213034 0.1018957 0.0616314 0.1249332 0.1103461 0.1116017 0.1326991 0.1385335 0.0985448 0.1958332 0.1124643 0.2226567 0.1713792 0.2310514 0.1177675 0.0434817 0.1398476 0.1277695 0.1864141 0.1045521 0.1307204 0.0000000 0.1111951 0.0379659 0.1501925 0.1163063 0.1150228 0.1119971 0.0195634 0.1459945 0.1335860 0.1453512 0.1264574 0.1228212 0.1310007 0.1307802 0.0852468 0.1125344 0.1110105 0.1267996 0.0958814 0.1056444 0.0902357 0.1243608 0.1039610 0.1386697 0.2220610 0.1937893 0.0728741 0.1581610 0.1267679 0.1320379 0.2257712 0.1292814 0.0833203 0.0843322 0.1720149 0.1895219 0.1144358 0.3724793 0.1536830 0.1135622 0.1752444 0.0698156 
Perityle_gracilis_11                       0.1983899 0.0607557 0.1074603 0.4382176 0.1538435 0.1431156 0.4295718 0.1816113 0.3942860 0.1156515 0.1463407 0.0900142 0.0777351 0.1338692 0.0490458 0.1060221 0.0630528 0.2751301 0.1090727 0.0632182 0.0826328 0.0725591 0.0496477 0.0893281 0.0758953 0.0081336 0.0778263 0.0890860 0.0727500 0.1766239 0.1126774 0.1747080 0.1479569 0.2215136 0.0820744 0.1265398 0.0352021 0.1138672 0.1500039 0.0811558 0.0899562 0.1111951 0.0000000 0.1124776 0.1337783 0.0791246 0.0775397 0.0766478 0.1274323 0.1175167 0.0924560 0.1168299 0.0761905 0.0897033 0.1360351 0.0919352 0.0775848 0.0761836 0.0736160 0.1484299 0.0660683 0.0925557 0.0534888 0.0815666 0.0652269 0.0813553 0.1787679 0.1609028 0.0449904 0.0897728 0.0892706 0.0954533 0.1224349 0.1056459 0.0080079 0.0615903 0.1469322 0.1363206 0.0774936 0.3051999 0.1669727 0.0781749 0.1281968 0.0642277 
Perityle_harkerae_31                       0.2374221 0.0986063 0.1334678 0.5225014 0.2105251 0.1303545 0.4108263 0.2010742 0.4338734 0.1089523 0.1469377 0.1346663 0.1173017 0.1296146 0.0811146 0.1704709 0.1305704 0.2616494 0.1407772 0.1132561 0.1319732 0.1075614 0.0772526 0.1311658 0.1118113 0.1146981 0.1406889 0.1380213 0.1255978 0.1709171 0.1047967 0.1959845 0.2027456 0.2261400 0.1237186 0.0486743 0.1176861 0.1317778 0.1556810 0.1207260 0.1400388 0.0379659 0.1124776 0.0000000 0.1295927 0.1171829 0.1180416 0.1130964 0.0312724 0.1275360 0.1394268 0.1275420 0.1356332 0.1321281 0.1519405 0.1310507 0.1218795 0.1124762 0.1127334 0.1463987 0.0959285 0.1375846 0.0873809 0.1340485 0.0978654 0.1263010 0.2406664 0.1769669 0.0723297 0.1356563 0.1333503 0.1493080 0.2612538 0.1443003 0.1047792 0.1038511 0.1696158 0.1537712 0.1261285 0.4544329 0.1550319 0.1151306 0.1602519 0.0970506 
Perityle_hofmeisteria_4_nombre_de_dios     0.2593991 0.0670715 0.1337089 0.5247503 0.2379077 0.1735556 0.4565216 0.2051710 0.5009072 0.1791474 0.1816903 0.1584057 0.1523055 0.1780681 0.0882655 0.1734321 0.1375366 0.3213042 0.1406760 0.1092534 0.1512491 0.1384842 0.0888051 0.1608363 0.1376118 0.1394624 0.1516354 0.1382300 0.1517897 0.2094256 0.1340775 0.2348290 0.2242346 0.2722440 0.1528906 0.1253852 0.1277607 0.0293480 0.1675530 0.1368123 0.1597572 0.1501925 0.1337783 0.1295927 0.0000000 0.1385567 0.1501053 0.1475510 0.1233323 0.1690688 0.1676525 0.1692559 0.1473023 0.1417874 0.1462399 0.1184167 0.1245663 0.1500100 0.1463152 0.1519597 0.0871003 0.1386156 0.0817822 0.1520587 0.1252680 0.1401173 0.2500518 0.2342513 0.0491109 0.1769844 0.1600861 0.1565270 0.2634798 0.1587045 0.1275430 0.1004277 0.1789713 0.2023011 0.1551244 0.4947200 0.1789877 0.1484470 0.1594618 0.0946329 
