85
Amauria_brandeegeana_62                    0.0000000 0.0804223 0.0995405 0.3966118 0.1385993 0.0599973 0.3524344 0.1185007 0.2250480 0.1039909 0.1407075 0.2234837 0.1839482 0.1649850 0.3074204 0.1839354 0.3968167 0.2028943 0.1420281 0.1837489 0.2529912 0.1568470 0.2866736 0.2089222 0.1664560 0.4270496 0.4045418 0.4109912 0.0906646 0.0347748 0.1484440 0.1681135 0.1060366 0.3568235 0.1270843 0.1501040 0.2878086 0.1341354 0.1735966 0.2926650 0.3601359 0.1376239 0.1611063 0.1358923 0.1565429 0.2853156 0.1687330 0.3804061 0.1345057 0.3320306 0.1825178 0.1680209 0.2083976 0.2482120 0.1486702 0.2514103 0.1436312 0.1692366 0.1692521 0.1486670 0.2510841 0.1366779 0.1933695 0.3835265 0.3090302 0.2118733 0.3138663 0.1682218 0.2168838 0.1628700 0.1821003 0.1210966 0.4222429 0.1652447 0.4077317 0.1852534 0.3176150 0.1080910 0.3751306 0.1723517 0.1626338 0.1743812 0.1694371 0.3732794 0.2362575 
Amauria_carterae_99_mesa                   0.0804223 0.0000000 0.0694067 0.1603314 0.1208326 0.0885670 0.1649581 0.1028087 0.1600289 0.1089701 0.0901750 0.0665657 0.1098084 0.0915963 0.2383494 0.1087063 0.2243949 0.1198764 0.0982509 0.1047776 0.1073517 0.1086127 0.0950864 0.1097781 0.1047353 0.1478218 0.1614638 0.1523873 0.1126912 0.0927275 0.1799119 0.1272657 0.1089701 0.1519430 0.1205421 0.1019481 0.1087247 0.1125479 0.1017920 0.1098430 0.1485775 0.1055024 0.1020350 0.0983753 0.1087383 0.1006065 0.1006870 0.1524791 0.0982682 0.1573822 0.1126824 0.1047353 0.1184825 0.1057836 0.0919129 0.1660852 0.1009064 0.1045920 0.1006870 0.0908828 0.0895466 0.1161929 0.1377024 0.1654076 0.1131482 0.1172644 0.0530038 0.0973095 0.1498261 0.1007831 0.0950491 0.1277822 0.1941051 0.1014777 0.1596170 0.1044391 0.0591606 0.0733715 0.1664951 0.0984407 0.1570312 0.1046514 0.0975373 0.1563945 0.1563945 
Amauria_rotundifolia_SRR9119150            0.0995405 0.0694067 0.0000000 0.3853751 0.1472527 0.0837957 0.3525324 0.1268157 0.2432028 0.1380642 0.1333059 0.2316744 0.1894111 0.1614019 0.3214823 0.1823738 0.4195842 0.2034834 0.1432042 0.1851643 0.2543264 0.1659050 0.2760516 0.2066504 0.1639934 0.4393562 0.4258226 0.4065190 0.1136438 0.0750381 0.1798238 0.1407795 0.1344494 0.3839725 0.1585952 0.1418655 0.2824234 0.1494073 0.1706523 0.2827353 0.3803293 0.1349526 0.1684357 0.1378877 0.1568486 0.2819303 0.1695252 0.3972862 0.1321560 0.3343537 0.2059092 0.1686075 0.2135397 0.2471547 0.1448256 0.2626506 0.1364061 0.1666198 0.1666341 0.1315287 0.2425611 0.1378701 0.1913764 0.4042038 0.3228202 0.2121237 0.2945572 0.1680276 0.2126354 0.1651659 0.1873777 0.1592297 0.4368865 0.1720376 0.4168408 0.1798548 0.2846205 0.1092146 0.3909625 0.1949697 0.1614719 0.1715018 0.1765590 0.3772806 0.2462133 
Conoclinium_coelestinum_SRR9119114         0.3966118 0.1603314 0.3853751 0.0000000 0.3456218 0.1287761 0.1927511 0.1752520 0.3527170 0.2978569 0.3827374 0.3944692 0.3814770 0.3763395 0.2852091 0.3666741 0.3302399 0.3340083 0.3238874 0.3643000 0.4155953 0.3445648 0.4289865 0.3705337 0.3667753 0.3450793 0.2895532 0.2748376 0.2620082 0.2016178 0.3515800 0.3637316 0.2952359 0.2764895 0.2985583 0.3623132 0.4089284 0.3645809 0.3943450 0.4254977 0.2638654 0.3728843 0.3780262 0.3693765 0.3717504 0.4146588 0.3564590 0.2720673 0.3663759 0.2704362 0.3804592 0.3715331 0.3804964 0.4241751 0.3707283 0.2239607 0.3107493 0.3703936 0.3703936 0.2559465 0.3886878 0.3047252 0.1421924 0.2830042 0.4402397 0.3847424 0.4281528 0.3567605 0.2228186 0.3738300 0.3748830 0.3578805 0.3708580 0.3817904 0.2800522 0.2509145 0.4155931 0.3571857 0.2782993 0.3884140 0.1156676 0.3737140 0.3060459 0.2804745 0.1930569 
Eutetras_palmeri_63                        0.1385993 0.1208326 0.1472527 0.3456218 0.0000000 0.0119231 0.3162401 0.1138272 0.2331176 0.1367847 0.1320588 0.2065643 0.1503778 0.1321297 0.2749093 0.1411341 0.3478709 0.2063042 0.1206693 0.1495166 0.2281690 0.1307360 0.2383443 0.1877167 0.1302862 0.3726092 0.3680537 0.3475263 0.1342114 0.0808412 0.1563276 0.1383616 0.1343348 0.3104993 0.1574221 0.1269416 0.2396807 0.1415360 0.1534997 0.2379570 0.3045910 0.1181389 0.1477871 0.1164640 0.1424172 0.2395605 0.1351749 0.3325900 0.1150221 0.3111481 0.1552782 0.1302071 0.1760196 0.2313648 0.1233650 0.2435251 0.1215024 0.1345984 0.1346313 0.1696626 0.2608077 0.1560554 0.1919128 0.3372254 0.2590137 0.1738606 0.2808980 0.1375449 0.1903131 0.1313352 0.1400660 0.1510580 0.3766611 0.1486803 0.3382026 0.1737106 0.2733516 0.1493242 0.3200669 0.1427947 0.1464274 0.1379656 0.1734461 0.3326419 0.2146845 
Eutetras_pringlei_149_quer                 0.0599973 0.0885670 0.0837957 0.1287761 0.0119231 0.0000000 0.1304800 0.0681913 0.0792445 0.0578982 0.0490261 0.0520077 0.0478943 0.0489906 0.1431046 0.0474366 0.1284586 0.0667162 0.0490765 0.0519591 0.0510973 0.0518278 0.0488084 0.0570339 0.0474426 0.1455073 0.1353361 0.1263010 0.0622402 0.0766947 0.0706521 0.0977637 0.0578982 0.1154090 0.0667853 0.0576250 0.0519093 0.0705495 0.0478299 0.0570505 0.1309308 0.0577543 0.0478943 0.0534125 0.0661105 0.0518854 0.0474426 0.1305895 0.0577543 0.1402015 0.0563303 0.0474426 0.0609243 0.0525138 0.0532855 0.1355219 0.0609818 0.0474426 0.0474426 0.0618047 0.0533082 0.0750061 0.1437820 0.1398667 0.0706969 0.0657008 0.0413920 0.0405910 0.1354056 0.0564654 0.0488084 0.0755234 0.1760108 0.0478943 0.1501536 0.0563509 0.0478774 0.0619802 0.1406020 0.0564654 0.1490506 0.0518854 0.0442986 0.1445356 0.1445356 
Eutrochium_fistulosum_SRR9119106           0.3524344 0.1649581 0.3525324 0.1927511 0.3162401 0.1304800 0.0000000 0.1380917 0.3367878 0.2368201 0.3682653 0.3808023 0.4040645 0.3425882 0.2536573 0.3890842 0.3093815 0.3140167 0.2552386 0.3729220 0.3815021 0.2904250 0.4493166 0.3336383 0.3733120 0.3382110 0.2467577 0.2519156 0.1850061 0.1271589 0.3330172 0.3677139 0.2354194 0.2245848 0.2613582 0.3474322 0.4349186 0.3490511 0.3927038 0.4351933 0.2335160 0.3572043 0.3530334 0.3500023 0.3808756 0.4316855 0.3753811 0.2401355 0.3522956 0.2396042 0.3866097 0.3727885 0.3970584 0.3768927 0.3558252 0.1715599 0.2598669 0.3835818 0.3813034 0.2348377 0.3530314 0.2741016 0.1301285 0.2511079 0.4370817 0.3842669 0.4348681 0.3483811 0.1686087 0.3793968 0.3828108 0.3430570 0.3539255 0.3596225 0.2644656 0.2348872 0.4073491 0.2923803 0.2448414 0.3975689 0.1066438 0.3839173 0.3007002 0.2896626 0.1724806 
Galeana_pratensis_104_mex                  0.1185007 0.1028087 0.1268157 0.1752520 0.1138272 0.0681913 0.1380917 0.0000000 0.1109667 0.1103949 0.1017445 0.1105102 0.1033512 0.0964872 0.1655744 0.1065288 0.1514206 0.1150407 0.1016552 0.0979206 0.1001065 0.0979206 0.1004815 0.1074315 0.0979206 0.1760782 0.1517136 0.1563743 0.0898770 0.0893943 0.1144491 0.1280337 0.1103949 0.1656945 0.1192059 0.1060423 0.1021224 0.1314807 0.1031050 0.1074548 0.1560340 0.1105757 0.0989523 0.1103244 0.1269518 0.0938423 0.0979206 0.1462985 0.1062402 0.1605686 0.1104094 0.0979206 0.1155240 0.0985270 0.1058405 0.1481836 0.1105254 0.0979206 0.0979206 0.0823261 0.1270139 0.1021941 0.1551664 0.1368719 0.1276298 0.1195234 0.0853351 0.0892200 0.1338999 0.1064523 0.1004815 0.1277109 0.1628335 0.1032443 0.1701525 0.0813745 0.0937940 0.1099935 0.1655311 0.0938565 0.1214122 0.0978811 0.0766787 0.1339933 0.1339933 
Helianthus_annuus_SRR9119062               0.2250480 0.1600289 0.2432028 0.3527170 0.2331176 0.0792445 0.3367878 0.1109667 0.0000000 0.1684804 0.2200362 0.2201838 0.2016773 0.2122495 0.2896204 0.2201522 0.3072994 0.1661495 0.1649448 0.2128748 0.2575803 0.1887098 0.2607733 0.2112592 0.2082504 0.3283875 0.3356211 0.3407127 0.1402581 0.1457262 0.2501381 0.2303407 0.1743945 0.3262883 0.1705899 0.2067052 0.2540824 0.2074842 0.2269218 0.2636993 0.3238593 0.1967925 0.1983943 0.1962573 0.2042684 0.2537803 0.1876270 0.3159593 0.1945300 0.3271248 0.2039781 0.2148097 0.2387891 0.2541090 0.1901308 0.2371199 0.1507732 0.2123728 0.2101202 0.1563424 0.1977376 0.2124873 0.2047512 0.3500226 0.2973617 0.2361157 0.2696005 0.1917588 0.2037507 0.2142824 0.2134847 0.2255376 0.3515969 0.1966506 0.3388078 0.1365833 0.2802923 0.2132171 0.3381299 0.2190719 0.1416626 0.2148707 0.1668699 0.3142586 0.2127439 
Lycapsus_tenuifolius_17                    0.1039909 0.1089701 0.1380642 0.2978569 0.1367847 0.0578982 0.2368201 0.1103949 0.1684804 0.0000000 0.1166350 0.1218282 0.1205569 0.0966933 0.3123035 0.1121890 0.3612299 0.0547940 0.1176990 0.1035169 0.1400015 0.1112841 0.1414607 0.1453270 0.0999166 0.3192366 0.2790204 0.2641231 0.0074803 0.0132665 0.1453660 0.1347512 0.0000010 0.2576235 0.0205259 0.1428587 0.1418458 0.1452045 0.1043680 0.1501223 0.2376200 0.1393385 0.1183417 0.1374640 0.1467184 0.1358858 0.0964593 0.2811669 0.1337862 0.2222034 0.1071562 0.0998631 0.1175629 0.1486728 0.1293839 0.2224826 0.1096598 0.1042742 0.1006928 0.1429874 0.2315052 0.1143809 0.1577466 0.2754142 0.2328107 0.1127279 0.2294260 0.1307899 0.1760513 0.0970483 0.1029271 0.0106401 0.2679641 0.1183466 0.2638997 0.1061567 0.2053723 0.1154516 0.2543909 0.1460097 0.1422687 0.1043862 0.0092130 0.2256157 0.2013373 
Pericome_caudata_50_silver                 0.1407075 0.0901750 0.1333059 0.3827374 0.1320588 0.0490261 0.3682653 0.1017445 0.2200362 0.1166350 0.0000000 0.1865818 0.1466639 0.1388708 0.2945498 0.1442590 0.3928813 0.2069879 0.1120175 0.1474972 0.2045874 0.1138616 0.2264035 0.1571652 0.1254942 0.4762763 0.4265883 0.4205495 0.1158122 0.0836702 0.1309689 0.1270874 0.1151904 0.3723662 0.1362297 0.1141720 0.2297392 0.1190881 0.1434250 0.2383802 0.3735217 0.1146916 0.1210580 0.1146299 0.1330525 0.2256113 0.1297500 0.3909883 0.1102573 0.3464322 0.1530415 0.1284945 0.1780792 0.2068112 0.1110835 0.2502828 0.1065518 0.1276718 0.1261950 0.1167758 0.2325988 0.1200587 0.2122548 0.4017092 0.3081643 0.1781517 0.2760861 0.1405122 0.1909129 0.1202822 0.1437602 0.1389153 0.4238499 0.1275762 0.4079325 0.1693468 0.2619213 0.1144038 0.3912016 0.1524590 0.1520935 0.1308627 0.1552040 0.3732633 0.2292232 
Perityle_aglossa_84_dead_horse             0.2234837 0.0665657 0.2316744 0.3944692 0.2065643 0.0520077 0.3808023 0.1105102 0.2201838 0.1218282 0.1865818 0.0000000 0.1369306 0.1347160 0.2769500 0.1532459 0.3126935 0.1405005 0.1447879 0.1365651 0.0808804 0.0806617 0.1143820 0.0376192 0.1261208 0.4282359 0.4237536 0.4311556 0.1012533 0.1202075 0.1603650 0.2203850 0.1343364 0.3855296 0.1201247 0.2249461 0.1153213 0.1706829 0.1437568 0.1175974 0.3749094 0.2209907 0.1060541 0.2163361 0.2020078 0.1189709 0.1202607 0.3620486 0.2137530 0.3934736 0.1578608 0.1260163 0.1691343 0.0743328 0.2255294 0.2653795 0.0278194 0.1332542 0.1312599 0.1050676 0.1704966 0.1745305 0.1672461 0.4084889 0.2839067 0.1781049 0.2733363 0.2043121 0.2607266 0.1325375 0.1477465 0.2177523 0.4427141 0.1075125 0.4317727 0.0574160 0.2926085 0.1605497 0.3941592 0.1412822 0.1528831 0.1332678 0.0945118 0.3904350 0.2030713 
Perityle_ajoensis_204                      0.1839482 0.1098084 0.1894111 0.3814770 0.1503778 0.0478943 0.4040645 0.1033512 0.2016773 0.1205569 0.1466639 0.1369306 0.0000000 0.0578350 0.3103819 0.0549138 0.4034569 0.2111097 0.1499145 0.0600399 0.1036154 0.0531056 0.1229513 0.0655094 0.0320951 0.4805919 0.4131874 0.4131350 0.1198138 0.0871441 0.1319250 0.1638049 0.1188121 0.3854125 0.1350353 0.1721617 0.1220098 0.1464096 0.0532881 0.1336027 0.3885618 0.1658669 0.0099805 0.1691688 0.1496216 0.1263897 0.0214324 0.3854399 0.1590070 0.3408268 0.0749505 0.0320619 0.0854774 0.1091524 0.1762509 0.2436699 0.0356080 0.0363980 0.0322919 0.1759741 0.2282292 0.1374553 0.1989986 0.3988748 0.3292400 0.0909604 0.2895087 0.1612025 0.1853703 0.0323348 0.0595711 0.1520613 0.4069057 0.0083272 0.4076803 0.1018025 0.2661223 0.1445169 0.4054908 0.0747011 0.1435329 0.0364355 0.1483087 0.3490363 0.2270580 
Perityle_ambrosiifolia_67_green            0.1649850 0.0915963 0.1614019 0.3763395 0.1321297 0.0489906 0.3425882 0.0964872 0.2122495 0.0966933 0.1388708 0.1347160 0.0578350 0.0000000 0.3099387 0.0553594 0.3775395 0.1754929 0.1261403 0.0358169 0.0965071 0.0291390 0.1260061 0.0624759 0.0387905 0.4197157 0.3999700 0.3762393 0.0964606 0.0803323 0.1074503 0.1497869 0.0988954 0.3456959 0.1074063 0.1454550 0.1294592 0.1036634 0.0558031 0.1299028 0.3421648 0.1356203 0.0349518 0.1338175 0.1254811 0.1309510 0.0416647 0.3542346 0.1303142 0.3254388 0.0538230 0.0343809 0.0773620 0.1056272 0.1487702 0.2432117 0.0184709 0.0419951 0.0390462 0.1624685 0.2251774 0.1162499 0.1892925 0.3628085 0.2677145 0.0784607 0.2565006 0.1184593 0.2020688 0.0361663 0.0056010 0.1411274 0.4050406 0.0326999 0.3879252 0.0757934 0.2496023 0.1199720 0.3609843 0.0485044 0.1526249 0.0435207 0.1323306 0.3469258 0.2159249 
Perityle_angustifolia_13_Eagle_creek       0.3074204 0.2383494 0.3214823 0.2852091 0.2749093 0.1431046 0.2536573 0.1655744 0.2896204 0.3123035 0.2945498 0.2769500 0.3103819 0.3099387 0.0000000 0.3170628 0.0206465 0.3238394 0.2878489 0.3097456 0.3044684 0.2985643 0.3157011 0.3193012 0.3169080 0.2152102 0.1801305 0.1913042 0.2963384 0.1557841 0.3018623 0.3270516 0.3123035 0.1523768 0.3069562 0.2957554 0.3070471 0.3173556 0.3124269 0.3152683 0.1517432 0.2990807 0.3001856 0.2914470 0.3211187 0.3097568 0.3132410 0.1641571 0.2951222 0.1476106 0.2881674 0.3097418 0.3146363 0.3052687 0.2946864 0.1688684 0.3202756 0.3164813 0.3132410 0.2917351 0.3850102 0.3043575 0.1162522 0.1880280 0.3468748 0.3169275 0.3211404 0.2833608 0.1426248 0.3111993 0.3119670 0.3198920 0.1997790 0.3135216 0.2087009 0.2377656 0.3112791 0.2886500 0.1522652 0.2998079 0.0688735 0.3169684 0.3593825 0.1690903 0.1688965 
Perityle_batopilensis_97                   0.1839354 0.1087063 0.1823738 0.3666741 0.1411341 0.0474366 0.3890842 0.1065288 0.2201522 0.1121890 0.1442590 0.1532459 0.0549138 0.0553594 0.3170628 0.0000000 0.4066293 0.2012717 0.1400953 0.0565844 0.1118351 0.0435872 0.1338462 0.0789159 0.0323026 0.4914847 0.4262505 0.4074283 0.1107857 0.0850248 0.1197519 0.1549006 0.1120766 0.3845426 0.1243035 0.1629619 0.1344593 0.1276635 0.0319975 0.1422078 0.3868817 0.1568201 0.0483087 0.1599773 0.1305337 0.1372150 0.0388231 0.4009824 0.1502724 0.3603538 0.0713873 0.0336113 0.0866615 0.1204171 0.1649532 0.2555183 0.0329960 0.0351247 0.0311654 0.1748185 0.2414779 0.1215739 0.1874897 0.4007384 0.3133584 0.0897551 0.2873117 0.1442867 0.2081414 0.0338799 0.0631284 0.1486744 0.4254526 0.0504687 0.4210373 0.0902066 0.2659635 0.1346281 0.4065023 0.0710374 0.1579646 0.0351595 0.1394763 0.3709432 0.2292405 
Perityle_bisetosa_9                        0.3968167 0.2243949 0.4195842 0.3302399 0.3478709 0.1284586 0.3093815 0.1514206 0.3072994 0.3612299 0.3928813 0.3126935 0.4034569 0.3775395 0.0206465 0.4066293 0.0000000 0.4242567 0.3453615 0.3982231 0.3813112 0.3838996 0.4045655 0.3945618 0.4045167 0.3673543 0.2082905 0.2148541 0.2930798 0.1434276 0.3936536 0.4244825 0.3630473 0.2048386 0.3561630 0.4033699 0.3955045 0.4287996 0.4133098 0.3823236 0.1550666 0.3971803 0.3914561 0.3936376 0.4315757 0.4014094 0.4012269 0.1885097 0.3938530 0.1547415 0.3919763 0.3984444 0.4043028 0.3861458 0.3941637 0.1621762 0.3717981 0.4068869 0.4012269 0.2846023 0.4429015 0.3018823 0.1065991 0.2410916 0.4647566 0.3865006 0.4323178 0.3990377 0.1272909 0.4034468 0.4042939 0.3683891 0.2044334 0.4061624 0.2510587 0.3266352 0.4016959 0.3615979 0.1764881 0.4167965 0.0556888 0.4009508 0.4262419 0.1643288 0.1641425 
Perityle_californica_76_positas            0.2028943 0.1198764 0.2034834 0.3340083 0.2063042 0.0667162 0.3140167 0.1150407 0.1661495 0.0547940 0.2069879 0.1405005 0.2111097 0.1754929 0.3238394 0.2012717 0.4242567 0.0000000 0.1840821 0.2049500 0.1930053 0.2129922 0.2033894 0.2086707 0.2050624 0.3699235 0.3385594 0.3156414 0.0306790 0.0461931 0.2393522 0.2215365 0.0547940 0.3008986 0.0728054 0.2300369 0.2035139 0.2163411 0.2039019 0.2028326 0.2777416 0.2210484 0.2137862 0.2166161 0.2159405 0.1962824 0.2004577 0.2952121 0.2164079 0.2206844 0.2105801 0.1981668 0.2079745 0.2060256 0.2252777 0.2286129 0.1813038 0.2027408 0.2004976 0.1519307 0.2950956 0.1155151 0.1682711 0.3199363 0.3342682 0.1999297 0.3034388 0.2123406 0.1742502 0.2024052 0.1986913 0.0647430 0.3032221 0.2081787 0.3425499 0.1764700 0.3024031 0.1835376 0.3236311 0.1980057 0.1580244 0.2006904 0.0659568 0.2204018 0.2168886 
Perityle_canescens_77                      0.1420281 0.0982509 0.1432042 0.3238874 0.1206693 0.0490765 0.2552386 0.1016552 0.1649448 0.1176990 0.1120175 0.1447879 0.1499145 0.1261403 0.2878489 0.1400953 0.3453615 0.1840821 0.0000000 0.1281692 0.1654006 0.1348301 0.1704127 0.1676079 0.1301104 0.3108753 0.2948847 0.2846248 0.1236245 0.0691762 0.1734051 0.1417374 0.1255697 0.2486487 0.1291853 0.0508934 0.1644244 0.0905214 0.1503720 0.1733117 0.2533394 0.0298587 0.1501953 0.0282006 0.0914748 0.1640854 0.1296156 0.2790044 0.0266416 0.2458498 0.1250827 0.1281791 0.1428914 0.1737345 0.0272429 0.2344634 0.1126136 0.1349506 0.1330620 0.1116877 0.2173395 0.1341648 0.1819124 0.2785747 0.1614710 0.1398160 0.2323517 0.0558571 0.1981372 0.1236108 0.1316644 0.1395170 0.3002770 0.1475008 0.2685885 0.1584813 0.2423505 0.1420131 0.2635856 0.1303919 0.1517872 0.1369966 0.1350584 0.2330105 0.2070776 
Perityle_castillonii_96                    0.1837489 0.1047776 0.1851643 0.3643000 0.1495166 0.0519591 0.3729220 0.0979206 0.2128748 0.1035169 0.1474972 0.1365651 0.0600399 0.0358169 0.3097456 0.0565844 0.3982231 0.2049500 0.1281692 0.0000000 0.1017392 0.0352052 0.1219979 0.0589745 0.0386037 0.4946372 0.4133853 0.3918660 0.1015099 0.0818837 0.1155574 0.1606312 0.1039565 0.3706770 0.1127230 0.1690492 0.1256061 0.1259864 0.0594606 0.1309530 0.3751437 0.1566388 0.0377112 0.1597641 0.1414400 0.1253527 0.0411953 0.3812102 0.1517956 0.3410398 0.0492238 0.0425440 0.0859167 0.1050539 0.1662052 0.2384346 0.0217232 0.0427923 0.0388315 0.1648489 0.2203243 0.1215239 0.1938684 0.3814741 0.3056938 0.0868284 0.2762359 0.1456747 0.1978144 0.0402163 0.0445719 0.1520421 0.4195707 0.0381603 0.3954459 0.0824536 0.2577409 0.1273558 0.3921258 0.0804190 0.1420873 0.0428347 0.1371163 0.3623611 0.2147676 
Perityle_cernua_84                         0.2529912 0.1073517 0.2543264 0.4155953 0.2281690 0.0510973 0.3815021 0.1001065 0.2575803 0.1400015 0.2045874 0.0808804 0.1036154 0.0965071 0.3044684 0.1118351 0.3813112 0.1930053 0.1654006 0.1017392 0.0000000 0.0799303 0.0129519 0.0143513 0.1016613 0.4971646 0.4407716 0.4265162 0.1198494 0.1429536 0.1835332 0.2133241 0.1500377 0.4253845 0.1386738 0.2225503 0.0085344 0.2057674 0.1160099 0.0186686 0.4134449 0.2231678 0.0916756 0.2192892 0.2139694 0.0128180 0.0886086 0.4214597 0.2169604 0.4053557 0.1061131 0.0983491 0.1197830 0.0192203 0.2214965 0.2689892 0.0168011 0.1055962 0.1023689 0.1664693 0.2385255 0.1947741 0.1924786 0.4425447 0.3746333 0.1238182 0.3527052 0.1970471 0.2508359 0.1007885 0.0952337 0.2143726 0.4504336 0.0984354 0.4265043 0.0811900 0.3562928 0.2083977 0.4590425 0.1216424 0.1486081 0.1040730 0.1300483 0.3763511 0.2184204 
Perityle_cfvillosa_25_tin                  0.1568470 0.1086127 0.1659050 0.3445648 0.1307360 0.0518278 0.2904250 0.0979206 0.1887098 0.1112841 0.1138616 0.0806617 0.0531056 0.0291390 0.2985643 0.0435872 0.3838996 0.2129922 0.1348301 0.0352052 0.0799303 0.0000000 0.0911032 0.0841915 0.0238175 0.4016260 0.3327088 0.3125309 0.1042930 0.0892684 0.1237858 0.1246012 0.1111776 0.2866941 0.1182794 0.1451316 0.0920991 0.1338815 0.0470264 0.0918891 0.2867080 0.1409972 0.0549582 0.1389758 0.1327212 0.0902371 0.0298054 0.3361929 0.1370216 0.2476539 0.0357891 0.0302832 0.0438653 0.0924079 0.1298798 0.2500785 0.0347927 0.0254180 0.0222083 0.1547501 0.2018277 0.1043593 0.1711868 0.3100337 0.2544155 0.0375212 0.2383072 0.1162975 0.2112022 0.0335586 0.0372889 0.1199195 0.2976225 0.0547836 0.3239388 0.0866295 0.2388211 0.1461528 0.3119701 0.0516257 0.1522995 0.0238173 0.1341592 0.2406708 0.2225631 
Perityle_coahuilensis_24                   0.2866736 0.0950864 0.2760516 0.4289865 0.2383443 0.0488084 0.4493166 0.1004815 0.2607733 0.1414607 0.2264035 0.1143820 0.1229513 0.1260061 0.3157011 0.1338462 0.4045655 0.2033894 0.1704127 0.1219979 0.0129519 0.0911032 0.0000000 0.0167462 0.1142672 0.5589889 0.4836801 0.4716152 0.1195197 0.1418713 0.1839052 0.2461198 0.1493054 0.4737580 0.1400047 0.2480676 0.0206335 0.2125782 0.1344554 0.0053596 0.4605105 0.2464133 0.0903095 0.2483954 0.2401827 0.0232044 0.1012059 0.4339769 0.2388048 0.4486669 0.1321405 0.1187169 0.1497378 0.0277013 0.2488632 0.2753542 0.0238812 0.1179335 0.1149883 0.1619215 0.2240616 0.2000351 0.1893933 0.4862095 0.3902834 0.1552952 0.3909192 0.2281227 0.2579188 0.1227846 0.1210482 0.2403016 0.4901999 0.0988530 0.4617701 0.0861689 0.3858164 0.2101338 0.4979796 0.1673259 0.1520246 0.1165534 0.1308963 0.4112105 0.2159957 
Perityle_cochisensis_44_cave_creek         0.2089222 0.1097781 0.2066504 0.3705337 0.1877167 0.0570339 0.3336383 0.1074315 0.2112592 0.1453270 0.1571652 0.0376192 0.0655094 0.0624759 0.3193012 0.0789159 0.3945618 0.2086707 0.1676079 0.0589745 0.0143513 0.0841915 0.0167462 0.0000000 0.0573901 0.4565824 0.3729058 0.3497438 0.1278754 0.1432462 0.1656189 0.1683020 0.1547895 0.3382917 0.1441633 0.1807964 0.0227575 0.1848957 0.0781804 0.0185828 0.3361280 0.1805797 0.0673106 0.1767433 0.1854852 0.0242687 0.0446252 0.3664550 0.1746169 0.3142433 0.0593206 0.0606006 0.0744582 0.0299455 0.1752483 0.2758727 0.0274475 0.0610121 0.0577986 0.1663159 0.2368624 0.1706409 0.2005758 0.3617822 0.3214919 0.0795027 0.3135348 0.1628702 0.2622640 0.0643755 0.0596607 0.1650287 0.3612069 0.0671060 0.3478384 0.0883291 0.3280951 0.1890238 0.3720820 0.0881979 0.1540901 0.0610714 0.1359643 0.2984562 0.2274293 
Perityle_congesta_202                      0.1664560 0.1047353 0.1639934 0.3667753 0.1302862 0.0474426 0.3733120 0.0979206 0.2082504 0.0999166 0.1254942 0.1261208 0.0320951 0.0387905 0.3169080 0.0323026 0.4045167 0.2050624 0.1301104 0.0386037 0.1016613 0.0238175 0.1142672 0.0573901 0.0000000 0.4774165 0.4058530 0.3925486 0.1038533 0.0785427 0.1122355 0.1365579 0.0985558 0.3687425 0.1108871 0.1484361 0.1209613 0.1226354 0.0304057 0.1259270 0.3660804 0.1411081 0.0317980 0.1441653 0.1213162 0.1236693 0.0103907 0.3756337 0.1347898 0.3397964 0.0520261 0.0113357 0.0715962 0.1051904 0.1500491 0.2419533 0.0236017 0.0088508 0.0050488 0.1620972 0.2228689 0.1173150 0.1888868 0.3912517 0.3024949 0.0732938 0.2788335 0.1345401 0.1936469 0.0139892 0.0432659 0.1292865 0.4031168 0.0323960 0.4010438 0.0849241 0.2563925 0.1255146 0.3852894 0.0562057 0.1474554 0.0088592 0.1314342 0.3543328 0.2183254 
Perityle_cordifolia_27                     0.4270496 0.1478218 0.4393562 0.3450793 0.3726092 0.1455073 0.3382110 0.1760782 0.3283875 0.3192366 0.4762763 0.4282359 0.4805919 0.4197157 0.2152102 0.4914847 0.3673543 0.3699235 0.3108753 0.4946372 0.4971646 0.4016260 0.5589889 0.4565824 0.4774165 0.0000000 0.2056700 0.1627675 0.2063422 0.1750858 0.4392219 0.4383556 0.3208465 0.2000300 0.3329639 0.4308405 0.5511680 0.4545479 0.5114821 0.5296184 0.1879635 0.4344793 0.4420598 0.4264752 0.4762324 0.5530163 0.4668867 0.2400313 0.4322887 0.1188618 0.4903760 0.4767111 0.4958567 0.4932510 0.4273214 0.1209243 0.3430169 0.4821315 0.4851299 0.2448094 0.3836512 0.3017620 0.0233932 0.2368931 0.4491777 0.4560435 0.4877847 0.4533099 0.1014307 0.4806270 0.4882682 0.3943430 0.2127218 0.4471892 0.2081016 0.3002206 0.4631068 0.3813677 0.2159854 0.4926779 0.0600315 0.4884222 0.3630115 0.1472881 0.1177357 
Perityle_cordifolia_68_tecolote            0.4045418 0.1614638 0.4258226 0.2895532 0.3680537 0.1353361 0.2467577 0.1517136 0.3356211 0.2790204 0.4265883 0.4237536 0.4131874 0.3999700 0.1801305 0.4262505 0.2082905 0.3385594 0.2948847 0.4133853 0.4407716 0.3327088 0.4836801 0.3729058 0.4058530 0.2056700 0.0000000 0.0995239 0.2122010 0.1865618 0.3511809 0.4057131 0.2809739 0.1246429 0.2879802 0.3987874 0.4751173 0.3993151 0.4371641 0.4729679 0.1100489 0.4026545 0.3761863 0.4002792 0.4199563 0.4771863 0.3971568 0.1281262 0.3980139 0.1185718 0.4262659 0.4079829 0.4447181 0.4201179 0.4106985 0.0091890 0.2883275 0.4175501 0.4125346 0.2207080 0.3438811 0.3019892 0.0864007 0.1444762 0.4662737 0.4293492 0.4742348 0.4186598 0.0861867 0.4140277 0.4322732 0.3730035 0.1992182 0.3833174 0.1218130 0.2314869 0.4348328 0.3554902 0.1165773 0.4414840 0.0602819 0.4154348 0.2852630 0.1569085 0.1106598 
Perityle_coronopifolia_28_patagonia        0.4109912 0.1523873 0.4065190 0.2748376 0.3475263 0.1263010 0.2519156 0.1563743 0.3407127 0.2641231 0.4205495 0.4311556 0.4131350 0.3762393 0.1913042 0.4074283 0.2148541 0.3156414 0.2846248 0.3918660 0.4265162 0.3125309 0.4716152 0.3497438 0.3925486 0.1627675 0.0995239 0.0000000 0.1941596 0.1763720 0.3406471 0.3991218 0.2662190 0.1188847 0.2798714 0.3901884 0.4631719 0.3774461 0.4231685 0.4542490 0.0896103 0.3935350 0.3666178 0.3887128 0.4098267 0.4652540 0.3949725 0.1041989 0.3888894 0.1080366 0.4095495 0.3896111 0.4220824 0.4069936 0.4090308 0.1008540 0.2773927 0.4064595 0.4014623 0.2209871 0.3284232 0.2732615 0.0475229 0.1334553 0.4587955 0.3990896 0.4545914 0.3902721 0.0802217 0.3972345 0.4052363 0.3780719 0.1838239 0.3722773 0.1063132 0.2556831 0.4171040 0.3251965 0.1041435 0.4301308 0.0424166 0.4043427 0.2890655 0.1340269 0.0838379 
Perityle_crassifolia_70_ventanas           0.0906646 0.1126912 0.1136438 0.2620082 0.1342114 0.0622402 0.1850061 0.0898770 0.1402581 0.0074803 0.1158122 0.1012533 0.1198138 0.0964606 0.2963384 0.1107857 0.2930798 0.0306790 0.1236245 0.1015099 0.1198494 0.1042930 0.1195197 0.1278754 0.1038533 0.2063422 0.2122010 0.1941596 0.0000000 0.0202302 0.1533040 0.1360648 0.0074803 0.1876755 0.0169666 0.1237773 0.1225783 0.1146441 0.0973790 0.1232140 0.1831538 0.1240508 0.1200483 0.1193710 0.1173122 0.1154245 0.0993190 0.1978837 0.1195501 0.2023838 0.0986277 0.0992425 0.1142289 0.1257829 0.1184730 0.2122670 0.1111645 0.1071114 0.1048643 0.1487616 0.2055615 0.1137008 0.1625466 0.2137812 0.1883650 0.1154930 0.1653928 0.1081968 0.1767604 0.1002873 0.1006822 0.0150417 0.2725024 0.1148864 0.2050615 0.0938113 0.1645451 0.1187778 0.1923563 0.1057010 0.1474131 0.1095105 0.0057886 0.2202095 0.2080793 
Perityle_crassifolia_74_playa_balandra     0.0347748 0.0927275 0.0750381 0.2016178 0.0808412 0.0766947 0.1271589 0.0893943 0.1457262 0.0132665 0.0836702 0.1202075 0.0871441 0.0803323 0.1557841 0.0850248 0.1434276 0.0461931 0.0691762 0.0818837 0.1429536 0.0892684 0.1418713 0.1432462 0.0785427 0.1750858 0.1865618 0.1763720 0.0202302 0.0000000 0.1052976 0.0941577 0.0132665 0.1362650 0.0218380 0.0664196 0.1389012 0.0867813 0.0675506 0.1471616 0.1565626 0.0635475 0.0871748 0.0634643 0.0837293 0.1354303 0.0708907 0.2099808 0.0635475 0.1635356 0.0864267 0.0848538 0.0913988 0.1371146 0.0631492 0.1814826 0.0885947 0.0860996 0.0860996 0.0715330 0.1036640 0.1140221 0.1369149 0.1730808 0.0751229 0.0981921 0.0767492 0.0870077 0.1739494 0.0818030 0.0867568 0.0132797 0.2244465 0.0871441 0.1893526 0.0798746 0.0855704 0.0691378 0.1604854 0.0821016 0.1683199 0.0893409 0.0049456 0.2009908 0.1745990 
Perityle_cuneata_34_cuneata_San_antonio    0.1484440 0.1799119 0.1798238 0.3515800 0.1563276 0.0706521 0.3330172 0.1144491 0.2501381 0.1453660 0.1309689 0.1603650 0.1319250 0.1074503 0.3018623 0.1197519 0.3936536 0.2393522 0.1734051 0.1155574 0.1835332 0.1237858 0.1839052 0.1656189 0.1122355 0.4392219 0.3511809 0.3406471 0.1533040 0.1052976 0.0000000 0.1508710 0.1429799 0.3058382 0.1715103 0.1721189 0.1804150 0.1804662 0.1336432 0.1930662 0.3049024 0.1611191 0.1274631 0.1643109 0.1793515 0.1819648 0.1095758 0.3471118 0.1577093 0.2741122 0.1242929 0.1138053 0.1280445 0.2016012 0.1633424 0.2561870 0.1201079 0.1161863 0.1130055 0.2336327 0.2633613 0.1867312 0.2423579 0.3277944 0.3115579 0.1253944 0.3115988 0.1521272 0.1815155 0.1113886 0.1151534 0.1451789 0.3200377 0.1317883 0.3151932 0.1598767 0.2895026 0.1700748 0.3205886 0.1484781 0.1576033 0.1179198 0.2161799 0.2751220 0.2392968 
Perityle_cuneata_4                         0.1681135 0.1272657 0.1407795 0.3637316 0.1383616 0.0977637 0.3677139 0.1280337 0.2303407 0.1347512 0.1270874 0.2203850 0.1638049 0.1497869 0.3270516 0.1549006 0.4244825 0.2215365 0.1417374 0.1606312 0.2133241 0.1246012 0.2461198 0.1683020 0.1365579 0.4383556 0.4057131 0.3991218 0.1360648 0.0941577 0.1508710 0.0000000 0.1368434 0.3560234 0.1588286 0.1501324 0.2513042 0.1465259 0.1520789 0.2482473 0.3682948 0.1474561 0.1427016 0.1488979 0.1592663 0.2507579 0.1412908 0.3716097 0.1427198 0.3489549 0.1645622 0.1380307 0.1877775 0.2120093 0.1608580 0.2491281 0.1174660 0.1405163 0.1390018 0.1799075 0.2740035 0.1624115 0.2205134 0.3775179 0.3235184 0.1815585 0.3109280 0.1812010 0.2235622 0.1360791 0.1591989 0.1607648 0.4162904 0.1486211 0.3974766 0.1723070 0.3022261 0.1597046 0.3802945 0.1643495 0.1628835 0.1420931 0.1795700 0.3810576 0.2422210 
Perityle_discoidea_81                      0.1060366 0.1089701 0.1344494 0.2952359 0.1343348 0.0578982 0.2354194 0.1103949 0.1743945 0.0000010 0.1151904 0.1343364 0.1188121 0.0988954 0.3123035 0.1120766 0.3630473 0.0547940 0.1255697 0.1039565 0.1500377 0.1111776 0.1493054 0.1547895 0.0985558 0.3208465 0.2809739 0.2662190 0.0074803 0.0132665 0.1429799 0.1368434 0.0000000 0.2580820 0.0205259 0.1392238 0.1496133 0.1452683 0.1046931 0.1598495 0.2410564 0.1357580 0.1181185 0.1339151 0.1449241 0.1436503 0.0950998 0.2824086 0.1302983 0.2254230 0.1111608 0.0985036 0.1140747 0.1584400 0.1272185 0.2224826 0.1096598 0.1028407 0.0993109 0.1429874 0.2315052 0.1142172 0.1577466 0.2765829 0.2286610 0.1126005 0.2271333 0.1272481 0.1788555 0.0957197 0.1033786 0.0105142 0.2691198 0.1166400 0.2628775 0.1061567 0.2058636 0.1134332 0.2576480 0.1478327 0.1422687 0.1029497 0.0092551 0.2246429 0.2013373 
Perityle_dissecta_201                      0.3568235 0.1519430 0.3839725 0.2764895 0.3104993 0.1154090 0.2245848 0.1656945 0.3262883 0.2576235 0.3723662 0.3855296 0.3854125 0.3456959 0.1523768 0.3845426 0.2048386 0.3008986 0.2486487 0.3706770 0.4253845 0.2866941 0.4737580 0.3382917 0.3687425 0.2000300 0.1246429 0.1188847 0.1876755 0.1362650 0.3058382 0.3560234 0.2580820 0.0000000 0.2642390 0.3483937 0.4655268 0.3477238 0.4033860 0.4597723 0.0653515 0.3492872 0.3334108 0.3466454 0.3843434 0.4690584 0.3672016 0.1203177 0.3467947 0.0363712 0.3840184 0.3729354 0.4035682 0.4015082 0.3532757 0.0935803 0.2698439 0.3815276 0.3768682 0.2045428 0.3304111 0.2811664 0.0743277 0.0586076 0.4180485 0.3787977 0.4508483 0.3742310 0.0759880 0.3752026 0.3842443 0.3492438 0.1848293 0.3494633 0.1048537 0.2162296 0.4093941 0.2965463 0.0778041 0.4056960 0.0431929 0.3795347 0.3043116 0.1625616 0.1000468 
Perityle_emoryi_47_punta_san_jose          0.1270843 0.1205421 0.1585952 0.2985583 0.1574221 0.0667853 0.2613582 0.1192059 0.1705899 0.0205259 0.1362297 0.1201247 0.1350353 0.1074063 0.3069562 0.1243035 0.3561630 0.0728054 0.1291853 0.1127230 0.1386738 0.1182794 0.1400047 0.1441633 0.1108871 0.3329639 0.2879802 0.2798714 0.0169666 0.0218380 0.1715103 0.1588286 0.0205259 0.2642390 0.0000000 0.1522360 0.1404149 0.1542108 0.1098644 0.1490054 0.2552444 0.1522339 0.1351909 0.1502579 0.1555583 0.1342974 0.1089763 0.2902439 0.1463856 0.2392253 0.1110212 0.1108260 0.1217091 0.1433885 0.1445424 0.2342780 0.1282609 0.1155253 0.1117825 0.1491994 0.2436553 0.1278322 0.1775375 0.2855740 0.2483649 0.1194794 0.2235596 0.1334933 0.1918676 0.1079668 0.1141334 0.0253789 0.2847081 0.1327090 0.2733057 0.1289922 0.2061185 0.1407199 0.2642808 0.1512117 0.1532651 0.1156547 0.0000010 0.2412635 0.2189224 
Perityle_feddemae_99                       0.1501040 0.1019481 0.1418655 0.3623132 0.1269416 0.0576250 0.3474322 0.1060423 0.2067052 0.1428587 0.1141720 0.2249461 0.1721617 0.1454550 0.2957554 0.1629619 0.4033699 0.2300369 0.0508934 0.1690492 0.2225503 0.1451316 0.2480676 0.1807964 0.1484361 0.4308405 0.3987874 0.3901884 0.1237773 0.0664196 0.1721189 0.1501324 0.1392238 0.3483937 0.1522360 0.0000000 0.2530243 0.0929581 0.1691346 0.2548134 0.3514034 0.0362300 0.1464604 0.0374905 0.1082256 0.2523309 0.1518381 0.3651989 0.0336506 0.3142306 0.1661286 0.1497771 0.1953854 0.2116917 0.0472326 0.2321167 0.1208775 0.1509044 0.1509166 0.1115323 0.2526568 0.1411534 0.1681225 0.3774373 0.2433398 0.1942297 0.2809750 0.0938644 0.1847740 0.1434347 0.1625831 0.1579724 0.4068434 0.1486594 0.3939913 0.1945453 0.2705503 0.1359994 0.3623965 0.1845383 0.1572288 0.1556430 0.1742361 0.3455635 0.2122663 
Perityle_fosteri_93                        0.2878086 0.1087247 0.2824234 0.4089284 0.2396807 0.0519093 0.4349186 0.1021224 0.2540824 0.1418458 0.2297392 0.1153213 0.1220098 0.1294592 0.3070471 0.1344593 0.3955045 0.2035139 0.1644244 0.1256061 0.0085344 0.0920991 0.0206335 0.0227575 0.1209613 0.5511680 0.4751173 0.4631719 0.1225783 0.1389012 0.1804150 0.2513042 0.1496133 0.4655268 0.1404149 0.2530243 0.0000000 0.2145074 0.1335597 0.0270264 0.4551678 0.2495838 0.0927348 0.2515618 0.2420212 0.0178499 0.1095757 0.4277539 0.2419945 0.4360702 0.1360575 0.1194040 0.1502280 0.0230792 0.2521112 0.2597461 0.0236491 0.1246744 0.1217234 0.1588799 0.2299030 0.1954397 0.1935805 0.4778396 0.3919074 0.1557729 0.3896368 0.2281388 0.2427561 0.1204934 0.1242051 0.2435442 0.4793513 0.0996113 0.4532481 0.0848644 0.3845137 0.2095363 0.4922380 0.1661168 0.1525735 0.1232969 0.1316792 0.4044203 0.2116142 
Perityle_gamon_221                         0.1341354 0.1125479 0.1494073 0.3645809 0.1415360 0.0705495 0.3490511 0.1314807 0.2074842 0.1452045 0.1190881 0.1706829 0.1464096 0.1036634 0.3173556 0.1276635 0.4287996 0.2163411 0.0905214 0.1259864 0.2057674 0.1338815 0.2125782 0.1848957 0.1226354 0.4545479 0.3993151 0.3774461 0.1146441 0.0867813 0.1804662 0.1465259 0.1452683 0.3477238 0.1542108 0.0929581 0.2145074 0.0000000 0.1361038 0.2087841 0.3603487 0.0775613 0.1413151 0.0819595 0.0145239 0.2140232 0.1288199 0.4021737 0.0761033 0.2996832 0.1334749 0.1259288 0.1475415 0.2072504 0.0877717 0.2471222 0.1178204 0.1266533 0.1250554 0.1522699 0.1950747 0.1235584 0.1768223 0.3766220 0.2700742 0.1342154 0.2372793 0.0662544 0.2080878 0.1203327 0.1290366 0.1566588 0.3769752 0.1462163 0.3769698 0.1740941 0.2227891 0.1266496 0.3787777 0.1590015 0.1518694 0.1299509 0.1823691 0.3029592 0.2196019 
Perityle_gentryi_8_san_francisco           0.1735966 0.1017920 0.1706523 0.3943450 0.1534997 0.0478299 0.3927038 0.1031050 0.2269218 0.1043680 0.1434250 0.1437568 0.0532881 0.0558031 0.3124269 0.0319975 0.4133098 0.2039019 0.1503720 0.0594606 0.1160099 0.0470264 0.1344554 0.0781804 0.0304057 0.5114821 0.4371641 0.4231685 0.0973790 0.0675506 0.1336432 0.1520789 0.1046931 0.4033860 0.1098644 0.1691346 0.1335597 0.1361038 0.0000000 0.1456489 0.4042236 0.1643491 0.0530348 0.1644289 0.1322777 0.1363457 0.0370115 0.4097885 0.1575604 0.3709850 0.0751274 0.0290571 0.0888045 0.1198454 0.1695791 0.2589994 0.0344618 0.0332643 0.0292183 0.1668207 0.2515056 0.1207727 0.1875986 0.4144511 0.3185606 0.0899015 0.2910184 0.1529245 0.2167183 0.0320032 0.0604434 0.1393509 0.4342661 0.0546282 0.4365667 0.0954475 0.2741231 0.1363638 0.4180017 0.0714589 0.1480295 0.0319402 0.1255887 0.3781889 0.2274842 
Perityle_gilensis_22_Superstition          0.2926650 0.1098430 0.2827353 0.4254977 0.2379570 0.0570505 0.4351933 0.1074548 0.2636993 0.1501223 0.2383802 0.1175974 0.1336027 0.1299028 0.3152683 0.1422078 0.3823236 0.2028326 0.1733117 0.1309530 0.0186686 0.0918891 0.0053596 0.0185828 0.1259270 0.5296184 0.4729679 0.4542490 0.1232140 0.1471616 0.1930662 0.2482473 0.1598495 0.4597723 0.1490054 0.2548134 0.0270264 0.2087841 0.1456489 0.0000000 0.4521661 0.2476696 0.1005334 0.2439033 0.2395412 0.0297180 0.1124338 0.4183093 0.2416044 0.4433161 0.1400854 0.1259432 0.1570930 0.0334613 0.2558280 0.2753441 0.0274315 0.1298790 0.1267626 0.1629341 0.2320647 0.2030273 0.2006082 0.4728998 0.3873531 0.1609338 0.3834274 0.2323048 0.2623331 0.1350568 0.1344812 0.2517608 0.4925626 0.1086574 0.4620942 0.0882971 0.3875915 0.2127207 0.4914972 0.1511408 0.1541212 0.1284284 0.1394289 0.4169405 0.2240604 
Perityle_gilensis_salensis_225             0.3601359 0.1485775 0.3803293 0.2638654 0.3045910 0.1309308 0.2335160 0.1560340 0.3238593 0.2376200 0.3735217 0.3749094 0.3885618 0.3421648 0.1517432 0.3868817 0.1550666 0.2777416 0.2533394 0.3751437 0.4134449 0.2867080 0.4605105 0.3361280 0.3660804 0.1879635 0.1100489 0.0896103 0.1831538 0.1565626 0.3049024 0.3682948 0.2410564 0.0653515 0.2552444 0.3514034 0.4551678 0.3603487 0.4042236 0.4521661 0.0000000 0.3609160 0.3376158 0.3563708 0.3904044 0.4623998 0.3693666 0.0571708 0.3565274 0.0604015 0.3790484 0.3703494 0.4024204 0.3895656 0.3635516 0.0971992 0.2643905 0.3766996 0.3743304 0.2172388 0.3403915 0.2772199 0.0724628 0.1024941 0.4280472 0.3821047 0.4292304 0.3735825 0.0749547 0.3726298 0.3768490 0.3314724 0.1929084 0.3496350 0.1204238 0.2117109 0.3974109 0.2871925 0.0282822 0.4066356 0.0557500 0.3770430 0.2748975 0.1491323 0.0867956 
Perityle_glaucescens_94                    0.1376239 0.1055024 0.1349526 0.3728843 0.1181389 0.0577543 0.3572043 0.1105757 0.1967925 0.1393385 0.1146916 0.2209907 0.1658669 0.1356203 0.2990807 0.1568201 0.3971803 0.2210484 0.0298587 0.1566388 0.2231678 0.1409972 0.2464133 0.1805797 0.1411081 0.4344793 0.4026545 0.3935350 0.1240508 0.0635475 0.1611191 0.1474561 0.1357580 0.3492872 0.1522339 0.0362300 0.2495838 0.0775613 0.1643491 0.2476696 0.3609160 0.0000000 0.1419395 0.0122273 0.0975274 0.2488687 0.1458356 0.3765340 0.0060882 0.3219630 0.1645590 0.1396274 0.1886280 0.2181947 0.0271047 0.2350278 0.1144458 0.1434948 0.1435060 0.1119530 0.2349034 0.1347137 0.1826317 0.3800402 0.2372277 0.1873950 0.2833030 0.0874741 0.1910330 0.1361374 0.1563790 0.1506334 0.4187101 0.1444565 0.4009920 0.1888043 0.2732702 0.1236218 0.3742238 0.1747389 0.1575753 0.1481502 0.1689912 0.3521938 0.2157195 
Perityle_gracilis_11                       0.1611063 0.1020350 0.1684357 0.3780262 0.1477871 0.0478943 0.3530334 0.0989523 0.1983943 0.1183417 0.1210580 0.1060541 0.0099805 0.0349518 0.3001856 0.0483087 0.3914561 0.2137862 0.1501953 0.0377112 0.0916756 0.0549582 0.0903095 0.0673106 0.0317980 0.4420598 0.3761863 0.3666178 0.1200483 0.0871748 0.1274631 0.1427016 0.1181185 0.3334108 0.1351909 0.1464604 0.0927348 0.1413151 0.0530348 0.1005334 0.3376158 0.1419395 0.0000000 0.1453886 0.1481635 0.0957760 0.0232587 0.3764964 0.1348173 0.2896674 0.0410761 0.0317624 0.0518429 0.1043014 0.1505230 0.2443602 0.0376046 0.0349661 0.0320089 0.1833818 0.2229359 0.1326008 0.1989986 0.3477240 0.3014890 0.0523052 0.2518927 0.1217468 0.1818571 0.0305221 0.0321034 0.1274825 0.3460237 0.0128451 0.3495802 0.1019584 0.2351609 0.1427002 0.3549500 0.0713228 0.1435329 0.0364882 0.1486191 0.2888230 0.2233624 
Perityle_harkerae_31                       0.1358923 0.0983753 0.1378877 0.3693765 0.1164640 0.0534125 0.3500023 0.1103244 0.1962573 0.1374640 0.1146299 0.2163361 0.1691688 0.1338175 0.2914470 0.1599773 0.3936376 0.2166161 0.0282006 0.1597641 0.2192892 0.1389758 0.2483954 0.1767433 0.1441653 0.4264752 0.4002792 0.3887128 0.1193710 0.0634643 0.1643109 0.1488979 0.1339151 0.3466454 0.1502579 0.0374905 0.2515618 0.0819595 0.1644289 0.2439033 0.3563708 0.0122273 0.1453886 0.0000000 0.1017156 0.2508395 0.1490055 0.3715977 0.0109951 0.3161022 0.1662191 0.1396911 0.1919172 0.2143326 0.0244391 0.2286135 0.1102214 0.1465786 0.1465902 0.1060749 0.2314544 0.1305123 0.1728987 0.3795979 0.2367606 0.1855389 0.2769598 0.0887822 0.1840021 0.1391970 0.1595555 0.1474813 0.4075913 0.1478250 0.3946556 0.1863750 0.2704097 0.1217029 0.3697514 0.1763814 0.1572288 0.1512542 0.1689616 0.3488415 0.2090370 
