84
Amauria_brandeegeana_62                    0.0000000 0.0388012 0.0582873 0.1423882 0.0730142 0.0321819 0.1263028 0.1449659 0.1580607 0.0690467 0.0764347 0.0780948 0.0824217 0.0761853 0.0744757 0.0813189 0.0774496 0.0524783 0.0715778 0.0732945 0.0789566 0.0781205 0.0556589 0.0781822 0.0789719 0.0809626 0.0836323 0.0867488 0.0919316 0.0506430 0.0605712 0.0972755 0.0753650 0.0469842 0.0771835 0.0889847 0.0847230 0.0910487 0.0803589 0.1663547 0.0796827 0.0866141 0.0782415 0.1083069 0.0949174 0.0790236 0.0790869 0.0790867 0.0872972 0.0818362 0.0836355 0.0771712 0.0836877 0.0784736 0.0828510 0.0575361 0.0786212 0.0800395 0.0781205 0.0919185 0.1351382 0.1049824 0.0640074 0.0771343 0.0885066 0.0826954 0.0903093 0.0808471 0.1051023 0.0783817 0.0781822 0.0551805 0.0846703 0.0800426 0.0805807 0.0447192 0.0918725 0.0826413 0.0810484 0.0752607 0.0824950 0.0781205 0.0447923 0.0640235 
Amauria_carterae_99_mesa                   0.0388012 0.0000000 0.0296288 0.1404335 0.0506458 0.0450611 0.0985425 0.1305973 0.1405723 0.0437829 0.0598007 0.0561956 0.0608209 0.0540235 0.0517362 0.0566233 0.0551802 0.0502877 0.0550073 0.0517152 0.0505983 0.0551243 0.0459499 0.0528428 0.0561813 0.0574023 0.0593489 0.0675018 0.0617388 0.0503022 0.0650522 0.0606946 0.0506830 0.0296080 0.0517038 0.0627131 0.0551517 0.0561218 0.0554704 0.1579959 0.0539918 0.0617573 0.0551243 0.0650627 0.0618359 0.0551463 0.0551623 0.0562819 0.0640696 0.0561979 0.0595915 0.0539717 0.0628595 0.0539582 0.0699667 0.0646902 0.0601225 0.0574294 0.0551243 0.0652083 0.1433404 0.0885366 0.0609430 0.0550430 0.0583782 0.0593380 0.0643984 0.0586474 0.1032504 0.0564242 0.0528428 0.0567050 0.0619218 0.0562333 0.0595773 0.0464472 0.0690485 0.0572257 0.0552026 0.0517289 0.0646891 0.0551243 0.0488434 0.0564262 
Amauria_rotundifolia_SRR9119150            0.0582873 0.0296288 0.0000000 0.1514016 0.0450553 0.0255551 0.1517255 0.1332975 0.1599349 0.0475968 0.0831163 0.0938661 0.1033091 0.0956387 0.0871046 0.0962540 0.0924336 0.0458038 0.0543432 0.0947481 0.0989676 0.0964873 0.0555891 0.0965676 0.0954920 0.0990748 0.1014984 0.1027549 0.0707332 0.0462178 0.0620927 0.1332149 0.0634627 0.0380759 0.0938889 0.1050360 0.1033011 0.1067917 0.0916026 0.1656828 0.1307675 0.1019681 0.0920334 0.0934394 0.1028510 0.0948591 0.0804116 0.0973915 0.0616959 0.1006114 0.0998050 0.0945447 0.1024513 0.0994817 0.0924042 0.0622957 0.0657833 0.0973962 0.0964873 0.1088040 0.1395893 0.1330692 0.0627016 0.0929717 0.0605273 0.1015020 0.0678874 0.0942962 0.0986243 0.0967346 0.0965676 0.0473045 0.1025353 0.0982841 0.1001449 0.0389720 0.0700033 0.0680968 0.0999589 0.0904092 0.0890715 0.0964873 0.0491969 0.0540662 
Conoclinium_coelestinum_SRR9119114         0.1423882 0.1404335 0.1514016 0.0000000 0.1356579 0.1471196 0.1093585 0.1410797 0.1902937 0.1561486 0.1465391 0.1395230 0.1477424 0.1407733 0.1377515 0.1373190 0.1385370 0.1347367 0.1323047 0.1394312 0.1405377 0.1430272 0.1391934 0.1395447 0.1428790 0.1465856 0.1438215 0.1453882 0.1549423 0.1448650 0.1739435 0.1535313 0.1566987 0.1411138 0.1405303 0.1631660 0.1442091 0.1622619 0.1361858 0.2290309 0.1496535 0.1627363 0.1430825 0.1551239 0.1611164 0.1395948 0.1465917 0.1453388 0.1518624 0.1407409 0.1452575 0.1406201 0.1497561 0.1418639 0.1546845 0.1419793 0.1455210 0.1441957 0.1430272 0.1532573 0.2355938 0.1684209 0.1447906 0.1405436 0.1521035 0.1449888 0.1540978 0.1535336 0.2034778 0.1433033 0.1395447 0.1403003 0.1477282 0.1441352 0.1452905 0.1566962 0.1542007 0.1468558 0.1420475 0.1416935 0.1394272 0.1441957 0.1406459 0.1418798 
Eutetras_palmeri_63                        0.0730142 0.0506458 0.0450553 0.1356579 0.0000000 0.0029920 0.1092586 0.1216777 0.1510901 0.0512522 0.0380885 0.0455226 0.0535349 0.0451637 0.0455647 0.0549991 0.0464633 0.0427053 0.0336998 0.0434618 0.0496649 0.0455800 0.0383637 0.0488882 0.0463434 0.0472363 0.0560747 0.0582214 0.0461406 0.0439593 0.0670299 0.1027409 0.0390918 0.0449091 0.0471876 0.0458698 0.0572481 0.0483379 0.0547274 0.1404965 0.0682917 0.0446205 0.0456108 0.0754325 0.0512038 0.0496752 0.0464030 0.0472381 0.0476610 0.0520864 0.0504897 0.0450676 0.0569611 0.0479044 0.0613761 0.0430663 0.0490030 0.0455882 0.0455800 0.0449824 0.1300755 0.0963819 0.0435074 0.0455090 0.0384275 0.0560769 0.0504326 0.0413237 0.0810378 0.0497917 0.0488882 0.0457833 0.0521881 0.0464496 0.0498435 0.0304418 0.0540192 0.0429130 0.0489599 0.0455071 0.0621912 0.0464123 0.0326552 0.0341630 
Eutetras_pringlei_149_quer                 0.0321819 0.0450611 0.0255551 0.1471196 0.0029920 0.0000000 0.0844170 0.1608817 0.1201647 0.0386975 0.0273986 0.0273206 0.0366849 0.0273718 0.0273376 0.0243532 0.0242199 0.0304075 0.0212274 0.0242510 0.0273564 0.0242776 0.0211400 0.0305085 0.0242510 0.0273803 0.0242782 0.0367141 0.0272901 0.0305063 0.0273690 0.0303879 0.0272238 0.0386510 0.0242510 0.0272720 0.0241778 0.0305209 0.0243532 0.0825170 0.0304895 0.0242351 0.0242776 0.0272845 0.0368413 0.0305653 0.0242776 0.0242776 0.0242351 0.0335207 0.0305071 0.0242359 0.0242789 0.0273376 0.0304870 0.0431638 0.0336301 0.0274303 0.0242776 0.0336797 0.1018810 0.0386410 0.0211767 0.0272855 0.0211673 0.0211767 0.0224045 0.0256936 0.0256351 0.0243273 0.0305085 0.0248126 0.0336170 0.0242776 0.0273502 0.0242776 0.0224045 0.0181600 0.0273504 0.0303926 0.0304370 0.0273852 0.0335794 0.0275664 
Eutrochium_fistulosum_SRR9119106           0.1263028 0.0985425 0.1517255 0.1093585 0.1092586 0.0844170 0.0000000 0.1118835 0.1719761 0.1612721 0.1385182 0.1265354 0.1319535 0.1236922 0.1213694 0.1376814 0.1261081 0.0966976 0.1024144 0.1254773 0.1274524 0.1296714 0.0955285 0.1256057 0.1295631 0.1329578 0.1303533 0.1334434 0.1348267 0.0959370 0.1278590 0.1442160 0.1446315 0.1483829 0.1254483 0.1424201 0.1319882 0.1456712 0.1341464 0.2114035 0.1247386 0.1462992 0.1271553 0.1286578 0.1490173 0.1256444 0.1294643 0.1297225 0.1292128 0.1296665 0.1348899 0.1265101 0.1348090 0.1278163 0.1169870 0.0893726 0.1123195 0.1298585 0.1296714 0.1507040 0.1926404 0.1568353 0.1043433 0.1274794 0.1327478 0.1314557 0.1355914 0.1443580 0.1486974 0.1311809 0.1256057 0.1012867 0.1318396 0.1306997 0.1330801 0.1013113 0.1250597 0.1207389 0.1298835 0.1284688 0.1248248 0.1307512 0.0924357 0.0898594 
Galeana_pratensis_104_mex                  0.1449659 0.1305973 0.1332975 0.1410797 0.1216777 0.1608817 0.1118835 0.0000000 0.1481502 0.1376701 0.1389879 0.1281995 0.1284395 0.1269342 0.1242997 0.1280495 0.1311038 0.1210132 0.1174259 0.1255226 0.1255247 0.1282914 0.1184123 0.1283651 0.1281358 0.1310095 0.1315326 0.1350654 0.1413888 0.1325283 0.1529801 0.1365908 0.1307502 0.1374680 0.1229690 0.1359121 0.1282625 0.1333119 0.1266623 0.2376022 0.1301557 0.1363300 0.1282914 0.1404984 0.1390295 0.1270769 0.1297263 0.1309608 0.1339612 0.1294943 0.1334623 0.1256130 0.1329991 0.1256113 0.1349257 0.1252375 0.1171567 0.1282935 0.1282914 0.1378176 0.1970624 0.1489512 0.1249758 0.1280783 0.1340900 0.1330058 0.1297270 0.1268543 0.1697488 0.1316378 0.1283651 0.1296495 0.1323848 0.1295756 0.1282404 0.1366725 0.1325610 0.1320577 0.1254175 0.1280419 0.1419946 0.1282004 0.1274005 0.1269450 
Helianthus_annuus_SRR9119062               0.1580607 0.1405723 0.1599349 0.1902937 0.1510901 0.1201647 0.1719761 0.1481502 0.0000000 0.1606881 0.1656683 0.1454762 0.1522470 0.1427149 0.1444880 0.1556424 0.1492717 0.1294181 0.1486140 0.1433545 0.1478441 0.1466111 0.1148432 0.1412138 0.1454064 0.1500004 0.1529742 0.1512893 0.1663409 0.1389835 0.1525779 0.1729086 0.1577968 0.1612106 0.1433429 0.1573211 0.1566670 0.1639494 0.1544745 0.2382218 0.1468242 0.1570232 0.1467402 0.1559833 0.1676476 0.1454604 0.1499511 0.1465495 0.1549344 0.1488060 0.1477057 0.1433171 0.1543198 0.1467638 0.1558497 0.1268993 0.1552535 0.1477238 0.1466111 0.1620950 0.2020741 0.1785035 0.1350461 0.1464464 0.1593118 0.1541103 0.1690097 0.1645827 0.1732621 0.1505185 0.1412138 0.1386735 0.1478462 0.1476650 0.1464726 0.1029711 0.1697873 0.1618012 0.1491446 0.1475375 0.1479962 0.1477238 0.1197156 0.1468300 
Lycapsus_tenuifolius_17                    0.0690467 0.0437829 0.0475968 0.1561486 0.0512522 0.0386975 0.1612721 0.1376701 0.1606881 0.0000000 0.0655651 0.0772752 0.0854631 0.0778029 0.0729849 0.0872637 0.0767079 0.0528070 0.0568307 0.0746028 0.0806717 0.0782113 0.0638447 0.0791032 0.0772599 0.0776558 0.0828146 0.0860742 0.0716499 0.0329184 0.0508519 0.1279830 0.0495899 0.0220064 0.0748356 0.0863926 0.0873511 0.0878792 0.0843720 0.1671486 0.1181918 0.0862332 0.0770016 0.0994423 0.0887727 0.0782608 0.0739396 0.0790898 0.0629031 0.0835458 0.0814862 0.0762450 0.0837352 0.0801720 0.0966956 0.0689046 0.0731547 0.0798950 0.0782113 0.0842446 0.1519503 0.1228031 0.0633004 0.0747802 0.0638839 0.0828176 0.0669271 0.0744591 0.1051276 0.0786204 0.0791032 0.0285344 0.0858154 0.0805656 0.0801563 0.0466872 0.0706170 0.0690402 0.0807678 0.0747741 0.0946677 0.0782113 0.0543207 0.0566975 
Pericome_caudata_50_silver                 0.0764347 0.0598007 0.0831163 0.1465391 0.0380885 0.0273986 0.1385182 0.1389879 0.1656683 0.0655651 0.0000000 0.0796894 0.0883482 0.0811451 0.0806390 0.0916544 0.0792069 0.0488938 0.0484891 0.0802821 0.0837479 0.0797285 0.0558432 0.0830824 0.0812977 0.0830275 0.0876442 0.0923223 0.0607123 0.0536093 0.0783778 0.1500708 0.0495414 0.0621689 0.0813481 0.0782814 0.0948436 0.0765772 0.0934769 0.1593837 0.1312397 0.0766458 0.0822683 0.0886793 0.0744074 0.0831199 0.0740666 0.0813439 0.0581995 0.0865827 0.0829412 0.0795430 0.0885298 0.0868962 0.0925989 0.0608556 0.0634019 0.0830628 0.0797285 0.0665730 0.1473611 0.1267948 0.0585071 0.0796556 0.0553671 0.0877018 0.0480282 0.0381492 0.0979988 0.0823345 0.0830824 0.0530394 0.0878281 0.0837027 0.0877440 0.0434478 0.0497720 0.0599342 0.0855506 0.0797050 0.0906985 0.0805418 0.0458324 0.0496672 
Perityle_aglossa_84_dead_horse             0.0780948 0.0561956 0.0938661 0.1395230 0.0455226 0.0273206 0.1265354 0.1281995 0.1454762 0.0772752 0.0796894 0.0000000 0.0175380 0.0102035 0.0122351 0.0349210 0.0121375 0.0498346 0.0402256 0.0087567 0.0193113 0.0135260 0.0336416 0.0135387 0.0120783 0.0157333 0.0262563 0.0296387 0.0710763 0.0460283 0.0733791 0.1401958 0.0672407 0.0773294 0.0120851 0.0946629 0.0234671 0.0982062 0.0333216 0.1377968 0.0905187 0.0942345 0.0143792 0.0974547 0.0929711 0.0149815 0.0152697 0.0149663 0.0600425 0.0173481 0.0156725 0.0092915 0.0270169 0.0121326 0.0750485 0.0268459 0.0240254 0.0149735 0.0135260 0.0972969 0.1417448 0.1143921 0.0252486 0.0063697 0.0670549 0.0248011 0.0754513 0.0907206 0.0734522 0.0150487 0.0135387 0.0448064 0.0200194 0.0137613 0.0147428 0.0141230 0.0698446 0.0678429 0.0149867 0.0092179 0.0779363 0.0142468 0.0402888 0.0289133 
Perityle_ajoensis_204                      0.0824217 0.0608209 0.1033091 0.1477424 0.0535349 0.0366849 0.1319535 0.1284395 0.1522470 0.0854631 0.0883482 0.0175380 0.0000000 0.0116885 0.0140204 0.0380753 0.0183587 0.0509241 0.0467398 0.0131875 0.0212678 0.0153384 0.0352557 0.0138692 0.0138496 0.0176118 0.0307435 0.0364444 0.0786781 0.0524373 0.0767739 0.1465685 0.0723077 0.0837622 0.0123748 0.1024264 0.0273784 0.1014291 0.0368836 0.1430138 0.0955621 0.1024742 0.0169770 0.0943097 0.0952628 0.0197957 0.0179261 0.0168182 0.0677935 0.0109127 0.0175420 0.0145841 0.0300013 0.0159857 0.0806580 0.0383854 0.0294415 0.0168264 0.0153384 0.1009406 0.1359527 0.1202934 0.0297713 0.0160548 0.0734577 0.0315391 0.0822903 0.0975075 0.0751551 0.0191458 0.0138692 0.0514050 0.0212666 0.0160701 0.0155233 0.0159421 0.0776045 0.0729229 0.0205454 0.0167843 0.0820680 0.0160792 0.0458065 0.0371559 
Perityle_ambrosiifolia_67_green            0.0761853 0.0540235 0.0956387 0.1407733 0.0451637 0.0273718 0.1236922 0.1269342 0.1427149 0.0778029 0.0811451 0.0102035 0.0116885 0.0000000 0.0073627 0.0305166 0.0109632 0.0467511 0.0394077 0.0058358 0.0138965 0.0094776 0.0305435 0.0050890 0.0080033 0.0117193 0.0224230 0.0281280 0.0722065 0.0460300 0.0718019 0.1379893 0.0666418 0.0757374 0.0050822 0.0951730 0.0204357 0.0949370 0.0292667 0.1335142 0.0865052 0.0960458 0.0103031 0.0884564 0.0904749 0.0124303 0.0119280 0.0094805 0.0619281 0.0109345 0.0116729 0.0072729 0.0231979 0.0083353 0.0737401 0.0291239 0.0219951 0.0109533 0.0094776 0.0948922 0.1339264 0.1134871 0.0230964 0.0087342 0.0662997 0.0232040 0.0764595 0.0919217 0.0690251 0.0117507 0.0050890 0.0459738 0.0153720 0.0102074 0.0103169 0.0123578 0.0715670 0.0672849 0.0131638 0.0094618 0.0767460 0.0102132 0.0392092 0.0269015 
Perityle_angustifolia_13_Eagle_creek       0.0744757 0.0517362 0.0871046 0.1377515 0.0455647 0.0273376 0.1213694 0.1242997 0.1444880 0.0729849 0.0806390 0.0122351 0.0140204 0.0073627 0.0000000 0.0323369 0.0130229 0.0466993 0.0384115 0.0044060 0.0195585 0.0122464 0.0305313 0.0100748 0.0107841 0.0144302 0.0235900 0.0307672 0.0746231 0.0428793 0.0685977 0.1370547 0.0624234 0.0717913 0.0071738 0.0938976 0.0214387 0.0941746 0.0326483 0.1311074 0.0856662 0.0912406 0.0137081 0.0983895 0.0917593 0.0151721 0.0139833 0.0137025 0.0626020 0.0138677 0.0144177 0.0101356 0.0243556 0.0061009 0.0733668 0.0291159 0.0208712 0.0137091 0.0122464 0.0951503 0.1359881 0.1114906 0.0208074 0.0115074 0.0680032 0.0236120 0.0763730 0.0877465 0.0704555 0.0151945 0.0100748 0.0430539 0.0180748 0.0124601 0.0119288 0.0123522 0.0707721 0.0673508 0.0159090 0.0107792 0.0753815 0.0129751 0.0370393 0.0289116 
Perityle_batopilensis_97                   0.0813189 0.0566233 0.0962540 0.1373190 0.0549991 0.0243532 0.1376814 0.1280495 0.1556424 0.0872637 0.0916544 0.0349210 0.0380753 0.0305166 0.0323369 0.0000000 0.0290888 0.0510100 0.0507156 0.0298212 0.0341887 0.0319840 0.0384812 0.0342417 0.0319456 0.0328239 0.0407654 0.0433353 0.0864450 0.0527160 0.0756265 0.1499839 0.0759758 0.0851790 0.0327054 0.1036398 0.0384748 0.1099166 0.0028959 0.1536689 0.1078436 0.1064213 0.0330284 0.1095640 0.1044032 0.0349707 0.0326455 0.0334757 0.0707321 0.0376487 0.0356732 0.0306988 0.0415556 0.0333197 0.0844247 0.0409471 0.0371566 0.0334920 0.0319840 0.1114012 0.1404134 0.1248632 0.0402336 0.0326880 0.0775214 0.0415664 0.0837013 0.1040911 0.0833853 0.0306306 0.0342417 0.0513814 0.0364480 0.0325243 0.0346374 0.0252513 0.0781888 0.0823469 0.0350119 0.0304607 0.0795459 0.0327319 0.0460681 0.0404451 
Perityle_bisetosa_9                        0.0774496 0.0551802 0.0924336 0.1385370 0.0464633 0.0242199 0.1261081 0.1311038 0.1492717 0.0767079 0.0792069 0.0121375 0.0183587 0.0109632 0.0130229 0.0290888 0.0000000 0.0488722 0.0412776 0.0102725 0.0150298 0.0128670 0.0289404 0.0136006 0.0114147 0.0143598 0.0211431 0.0252787 0.0728571 0.0450164 0.0701922 0.1380131 0.0666616 0.0776492 0.0121403 0.0933931 0.0158561 0.0986431 0.0288897 0.1373734 0.0926239 0.0938149 0.0144477 0.0985769 0.0933897 0.0121629 0.0153219 0.0143126 0.0610537 0.0181580 0.0150220 0.0093317 0.0218974 0.0137284 0.0735547 0.0268428 0.0219695 0.0143194 0.0128670 0.0968482 0.1338155 0.1146684 0.0219772 0.0114152 0.0681110 0.0219030 0.0756530 0.0893111 0.0674171 0.0064299 0.0136006 0.0448786 0.0179348 0.0138216 0.0148085 0.0176990 0.0708947 0.0696606 0.0157677 0.0114100 0.0780504 0.0135904 0.0391648 0.0289458 
Perityle_californica_76_positas            0.0524783 0.0502877 0.0458038 0.1347367 0.0427053 0.0304075 0.0966976 0.1210132 0.1294181 0.0528070 0.0488938 0.0498346 0.0509241 0.0467511 0.0466993 0.0510100 0.0488722 0.0000000 0.0499618 0.0456362 0.0456528 0.0456286 0.0363512 0.0478121 0.0476881 0.0477471 0.0537832 0.0572503 0.0560208 0.0509976 0.0606520 0.0352155 0.0456350 0.0479163 0.0456261 0.0538048 0.0509531 0.0518056 0.0510100 0.1495696 0.0488593 0.0518750 0.0456286 0.0550026 0.0550221 0.0488550 0.0456286 0.0477317 0.0532237 0.0487428 0.0519080 0.0467003 0.0548745 0.0487867 0.0592948 0.0581267 0.0548538 0.0477682 0.0456286 0.0592717 0.1211926 0.0815152 0.0568254 0.0487580 0.0518605 0.0537740 0.0585145 0.0518580 0.0918530 0.0500252 0.0478121 0.0525676 0.0498329 0.0466644 0.0519191 0.0345198 0.0628338 0.0538989 0.0499626 0.0487817 0.0489091 0.0466842 0.0294462 0.0558300 
Perityle_canescens_77                      0.0715778 0.0550073 0.0543432 0.1323047 0.0336998 0.0212274 0.1024144 0.1174259 0.1486140 0.0568307 0.0484891 0.0402256 0.0467398 0.0394077 0.0384115 0.0507156 0.0412776 0.0499618 0.0000000 0.0393082 0.0411479 0.0430192 0.0406024 0.0411720 0.0429498 0.0448725 0.0491637 0.0534896 0.0264305 0.0450339 0.0655109 0.0825910 0.0447290 0.0562602 0.0374784 0.0316971 0.0523219 0.0300208 0.0497623 0.1440884 0.0542808 0.0336012 0.0411657 0.0353787 0.0336737 0.0411714 0.0430257 0.0448743 0.0354346 0.0430045 0.0475834 0.0383910 0.0510521 0.0411847 0.0364982 0.0476607 0.0538997 0.0448665 0.0430192 0.0285811 0.1322230 0.0693815 0.0469458 0.0411153 0.0244327 0.0482258 0.0577385 0.0521320 0.0902798 0.0449834 0.0411720 0.0464007 0.0494806 0.0429826 0.0466660 0.0340480 0.0606407 0.0166228 0.0467874 0.0420362 0.0309867 0.0439501 0.0346932 0.0383122 
Perityle_castillonii_96                    0.0732945 0.0517152 0.0947481 0.1394312 0.0434618 0.0242510 0.1254773 0.1255226 0.1433545 0.0746028 0.0802821 0.0087567 0.0131875 0.0058358 0.0044060 0.0298212 0.0102725 0.0456362 0.0393082 0.0000000 0.0124492 0.0094971 0.0289595 0.0080314 0.0080197 0.0117073 0.0232311 0.0289890 0.0707261 0.0439050 0.0701332 0.1382662 0.0651887 0.0731082 0.0050926 0.0943138 0.0196946 0.0931978 0.0300093 0.1353796 0.0866920 0.0928957 0.0102926 0.0891355 0.0898809 0.0124560 0.0112004 0.0109706 0.0610192 0.0124282 0.0116970 0.0072878 0.0240090 0.0060412 0.0719055 0.0279637 0.0198064 0.0109759 0.0094971 0.0959481 0.1339702 0.1114544 0.0219033 0.0087521 0.0661596 0.0232531 0.0755451 0.0896924 0.0689143 0.0117387 0.0080314 0.0423546 0.0161432 0.0102284 0.0110688 0.0087999 0.0706157 0.0649955 0.0131993 0.0080161 0.0740505 0.0102342 0.0380989 0.0278858 
Perityle_cernua_84                         0.0789566 0.0505983 0.0989676 0.1405377 0.0496649 0.0273564 0.1274524 0.1255247 0.1478441 0.0806717 0.0837479 0.0193113 0.0212678 0.0138965 0.0195585 0.0341887 0.0150298 0.0456528 0.0411479 0.0124492 0.0000000 0.0186042 0.0274282 0.0193466 0.0171391 0.0208462 0.0247861 0.0288905 0.0751036 0.0449808 0.0685616 0.1402584 0.0672898 0.0781958 0.0178712 0.0954997 0.0234675 0.0965568 0.0333230 0.1379532 0.0981329 0.0951157 0.0209750 0.1009551 0.0930751 0.0200772 0.0197281 0.0200576 0.0634062 0.0217815 0.0207653 0.0150893 0.0255446 0.0175210 0.0724584 0.0257124 0.0208666 0.0200672 0.0186042 0.0973049 0.1340709 0.1123282 0.0219313 0.0171399 0.0669975 0.0255512 0.0771375 0.0915421 0.0689212 0.0172354 0.0193466 0.0475342 0.0251542 0.0189214 0.0177475 0.0177332 0.0707093 0.0710991 0.0200843 0.0164129 0.0764941 0.0193320 0.0370049 0.0258811 
Perityle_cfvillosa_25_tin                  0.0781205 0.0551243 0.0964873 0.1430272 0.0455800 0.0242776 0.1296714 0.1282914 0.1466111 0.0782113 0.0797285 0.0135260 0.0153384 0.0094776 0.0122464 0.0319840 0.0128670 0.0456286 0.0430192 0.0094971 0.0186042 0.0000000 0.0320903 0.0121149 0.0042454 0.0035504 0.0255383 0.0296522 0.0727518 0.0471107 0.0686870 0.1384938 0.0681318 0.0791958 0.0106646 0.0955940 0.0234824 0.0982778 0.0310794 0.1370695 0.0914820 0.0935925 0.0035719 0.0984129 0.0930525 0.0142744 0.0036114 0.0014129 0.0617872 0.0151724 0.0078040 0.0092972 0.0262984 0.0129059 0.0716197 0.0314179 0.0251250 0.0028319 0.0000010 0.0965737 0.1323341 0.1134304 0.0275025 0.0113733 0.0680016 0.0263052 0.0780377 0.0932177 0.0720521 0.0143384 0.0121149 0.0448448 0.0078089 0.0021576 0.0073414 0.0052814 0.0734194 0.0679042 0.0157193 0.0113682 0.0766183 0.0007061 0.0403315 0.0330004 
Perityle_cinerea_113_Powell1310            0.0556589 0.0459499 0.0555891 0.1391934 0.0383637 0.0211400 0.0955285 0.1184123 0.1148432 0.0638447 0.0558432 0.0336416 0.0352557 0.0305435 0.0305313 0.0384812 0.0289404 0.0363512 0.0406024 0.0289595 0.0274282 0.0320903 0.0000000 0.0321390 0.0305313 0.0352687 0.0383133 0.0399296 0.0558942 0.0466034 0.0459536 0.0494409 0.0526431 0.0547909 0.0289501 0.0557414 0.0230262 0.0542332 0.0384812 0.1068193 0.0336896 0.0494878 0.0320903 0.0560320 0.0591572 0.0321582 0.0320903 0.0352291 0.0511162 0.0336087 0.0336835 0.0274260 0.0398959 0.0262568 0.0577342 0.0286264 0.0205221 0.0352696 0.0320903 0.0519098 0.0609197 0.0687889 0.0188809 0.0289341 0.0470549 0.0383038 0.0575447 0.0592604 0.0215576 0.0306258 0.0321390 0.0564656 0.0383982 0.0336416 0.0336718 0.0125296 0.0641984 0.0510848 0.0290029 0.0304947 0.0350794 0.0336632 0.0318836 0.0270805 
Perityle_coahuilensis_24                   0.0781822 0.0528428 0.0965676 0.1395447 0.0488882 0.0305085 0.1256057 0.1283651 0.1412138 0.0791032 0.0830824 0.0135387 0.0138692 0.0050890 0.0100748 0.0342417 0.0136006 0.0478121 0.0411720 0.0080314 0.0193466 0.0121149 0.0321390 0.0000000 0.0106685 0.0143182 0.0263053 0.0311663 0.0751914 0.0471389 0.0734889 0.1385982 0.0698167 0.0783807 0.0085228 0.0980625 0.0227425 0.1008734 0.0333756 0.1285146 0.0840869 0.0968205 0.0136793 0.0984266 0.0955979 0.0150088 0.0145661 0.0135552 0.0643295 0.0129908 0.0142628 0.0100262 0.0270674 0.0106185 0.0768493 0.0314437 0.0240850 0.0135617 0.0121149 0.0974080 0.1341535 0.1143956 0.0252859 0.0113840 0.0689262 0.0270743 0.0798095 0.0950752 0.0720677 0.0150762 0.0000010 0.0466304 0.0178870 0.0123241 0.0117872 0.0141582 0.0725272 0.0695215 0.0164565 0.0120953 0.0794178 0.0128357 0.0392150 0.0309828 
Perityle_cochisensis_44_cave_creek         0.0789719 0.0561813 0.0954920 0.1428790 0.0463434 0.0242510 0.1295631 0.1281358 0.1454064 0.0772599 0.0812977 0.0120783 0.0138496 0.0080033 0.0107841 0.0319456 0.0114147 0.0476881 0.0429498 0.0080197 0.0171391 0.0042454 0.0305313 0.0106685 0.0000000 0.0063971 0.0240302 0.0288927 0.0742708 0.0481154 0.0701721 0.1383940 0.0664427 0.0781787 0.0092244 0.0970989 0.0219212 0.0998916 0.0310414 0.1350057 0.0905534 0.0950788 0.0064359 0.0999864 0.0946407 0.0128215 0.0065071 0.0056668 0.0608731 0.0136999 0.0063725 0.0078513 0.0247870 0.0098406 0.0715613 0.0314009 0.0229609 0.0056695 0.0042454 0.0981711 0.1359881 0.1162699 0.0263580 0.0099321 0.0696927 0.0247933 0.0762613 0.0940128 0.0704555 0.0128789 0.0106685 0.0456917 0.0106592 0.0050396 0.0058612 0.0105752 0.0742030 0.0694204 0.0142619 0.0099276 0.0778984 0.0049561 0.0413753 0.0299224 
Perityle_congesta_202                      0.0809626 0.0574023 0.0990748 0.1465856 0.0472363 0.0273803 0.1329578 0.1310095 0.1500004 0.0776558 0.0830275 0.0157333 0.0176118 0.0117193 0.0144302 0.0328239 0.0143598 0.0477471 0.0448725 0.0117073 0.0208462 0.0035504 0.0352687 0.0143182 0.0063971 0.0000000 0.0278575 0.0319701 0.0738054 0.0492532 0.0719463 0.1407138 0.0699999 0.0785632 0.0128560 0.0972617 0.0243275 0.1000612 0.0333533 0.1390091 0.0917507 0.0938364 0.0057240 0.1001485 0.0959287 0.0164909 0.0058051 0.0049760 0.0634919 0.0174203 0.0099776 0.0114953 0.0286239 0.0152097 0.0742794 0.0337330 0.0261847 0.0042628 0.0035504 0.0977931 0.1363173 0.1174419 0.0297638 0.0135675 0.0698138 0.0286312 0.0797437 0.0961484 0.0751371 0.0157900 0.0143182 0.0475518 0.0071154 0.0043352 0.0095888 0.0070521 0.0752036 0.0681489 0.0172193 0.0135614 0.0792726 0.0042631 0.0425386 0.0340144 
Perityle_cordifolia_27                     0.0836323 0.0593489 0.1014984 0.1438215 0.0560747 0.0242782 0.1303533 0.1315326 0.1529742 0.0828146 0.0876442 0.0262563 0.0307435 0.0224230 0.0235900 0.0407654 0.0211431 0.0537832 0.0491637 0.0232311 0.0247861 0.0255383 0.0383133 0.0263053 0.0240302 0.0278575 0.0000000 0.0353552 0.0825498 0.0527418 0.0765096 0.1329552 0.0732426 0.0841541 0.0233078 0.1004443 0.0324963 0.1016488 0.0400034 0.1346542 0.1005738 0.0982314 0.0280320 0.1045767 0.0987507 0.0277876 0.0275883 0.0270283 0.0675536 0.0288960 0.0277469 0.0219833 0.0057561 0.0256883 0.0800229 0.0359689 0.0208217 0.0270415 0.0255383 0.1028184 0.1495834 0.1134225 0.0010800 0.0240314 0.0751824 0.0035914 0.0830713 0.0991294 0.0763134 0.0234113 0.0263053 0.0525815 0.0322483 0.0259939 0.0264618 0.0267197 0.0768251 0.0784693 0.0263289 0.0232846 0.0805390 0.0262849 0.0435222 0.0313756 
Perityle_cordifolia_68_tecolote            0.0867488 0.0675018 0.1027549 0.1453882 0.0582214 0.0367141 0.1334434 0.1350654 0.1512893 0.0860742 0.0923223 0.0296387 0.0364444 0.0281280 0.0307672 0.0433353 0.0252787 0.0572503 0.0534896 0.0289890 0.0288905 0.0296522 0.0399296 0.0311663 0.0288927 0.0319701 0.0353552 0.0000000 0.0820820 0.0566846 0.0782259 0.1460685 0.0757479 0.0875649 0.0296454 0.1043160 0.0383787 0.1097034 0.0403347 0.1519728 0.1093128 0.1062475 0.0299155 0.1092266 0.1042539 0.0304210 0.0317740 0.0311337 0.0714371 0.0352912 0.0325928 0.0268926 0.0361341 0.0332392 0.0849899 0.0088255 0.0349099 0.0311488 0.0296522 0.1093184 0.1437334 0.1280588 0.0332923 0.0288941 0.0783045 0.0361434 0.0877722 0.1047011 0.0809716 0.0290572 0.0311663 0.0538227 0.0348397 0.0309180 0.0330015 0.0304011 0.0835597 0.0772034 0.0311794 0.0281494 0.0792009 0.0303948 0.0534900 0.0401754 
Perityle_coronopifolia_28_patagonia        0.0919316 0.0617388 0.0707332 0.1549423 0.0461406 0.0272901 0.1348267 0.1413888 0.1663409 0.0716499 0.0607123 0.0710763 0.0786781 0.0722065 0.0746231 0.0864450 0.0728571 0.0560208 0.0264305 0.0707261 0.0751036 0.0727518 0.0558942 0.0751914 0.0742708 0.0738054 0.0825498 0.0820820 0.0000000 0.0545473 0.0750028 0.1412774 0.0574458 0.0703183 0.0727086 0.0443741 0.0841525 0.0531061 0.0850775 0.1617939 0.1180852 0.0430728 0.0722148 0.0722915 0.0540639 0.0735924 0.0722172 0.0743899 0.0429896 0.0778854 0.0783670 0.0683870 0.0817314 0.0744946 0.0711846 0.0618455 0.0656304 0.0743786 0.0727518 0.0282886 0.1262473 0.0935308 0.0620782 0.0726550 0.0073715 0.0826047 0.0702441 0.0669778 0.1042009 0.0747560 0.0751914 0.0565898 0.0792560 0.0732743 0.0779797 0.0488915 0.0686847 0.0375779 0.0777438 0.0726668 0.0647996 0.0735760 0.0368374 0.0505659 
Perityle_crassifolia_70_ventanas           0.0506430 0.0503022 0.0462178 0.1448650 0.0439593 0.0305063 0.0959370 0.1325283 0.1389835 0.0329184 0.0536093 0.0460283 0.0524373 0.0460300 0.0428793 0.0527160 0.0450164 0.0509976 0.0450339 0.0439050 0.0449808 0.0471107 0.0466034 0.0471389 0.0481154 0.0492532 0.0527418 0.0566846 0.0545473 0.0000000 0.0327041 0.0588460 0.0481536 0.0461491 0.0438953 0.0533235 0.0459868 0.0513508 0.0516260 0.1462936 0.0450196 0.0566829 0.0471107 0.0587380 0.0545869 0.0460754 0.0471415 0.0470907 0.0588709 0.0513003 0.0523739 0.0449850 0.0560237 0.0428793 0.0655309 0.0641866 0.0553360 0.0492752 0.0471107 0.0578174 0.1440057 0.0781993 0.0548940 0.0470449 0.0534808 0.0527328 0.0655080 0.0578983 0.1022661 0.0483118 0.0471389 0.0059978 0.0545683 0.0481574 0.0502764 0.0490733 0.0677392 0.0482370 0.0481161 0.0470678 0.0591270 0.0481781 0.0545492 0.0515353 
Perityle_crassifolia_74_playa_balandra     0.0605712 0.0650522 0.0620927 0.1739435 0.0670299 0.0273690 0.1278590 0.1529801 0.1525779 0.0508519 0.0783778 0.0733791 0.0767739 0.0718019 0.0685977 0.0756265 0.0701922 0.0606520 0.0655109 0.0701332 0.0685616 0.0686870 0.0459536 0.0734889 0.0701721 0.0719463 0.0765096 0.0782259 0.0750028 0.0327041 0.0000000 0.0622770 0.0669728 0.0620896 0.0685596 0.0748725 0.0715925 0.0733957 0.0739609 0.1260742 0.0718848 0.0685657 0.0686870 0.0700533 0.0783200 0.0719065 0.0687540 0.0686432 0.0685657 0.0750477 0.0734639 0.0717744 0.0764404 0.0685977 0.0866811 0.0774220 0.0797564 0.0719948 0.0686870 0.0768819 0.1194381 0.0806365 0.0748588 0.0717269 0.0717498 0.0764898 0.0823659 0.0824259 0.0488865 0.0736657 0.0734889 0.0299515 0.0784403 0.0702635 0.0702428 0.0437421 0.0856891 0.0734970 0.0733707 0.0732582 0.0828226 0.0703081 0.0577219 0.0753235 
Perityle_cuneata_34_cuneata_San_antonio    0.0972755 0.0606946 0.1332149 0.1535313 0.1027409 0.0303879 0.1442160 0.1365908 0.1729086 0.1279830 0.1500708 0.1401958 0.1465685 0.1379893 0.1370547 0.1499839 0.1380131 0.0352155 0.0825910 0.1382662 0.1402584 0.1384938 0.0494409 0.1385982 0.1383940 0.1407138 0.1329552 0.1460685 0.1412774 0.0588460 0.0622770 0.0000000 0.1269755 0.1264621 0.1374489 0.1569717 0.1498958 0.1551422 0.1484398 0.1895637 0.1541245 0.1509495 0.1390467 0.1575047 0.1588293 0.1404527 0.1280618 0.1402733 0.1125807 0.1395099 0.1427808 0.1378422 0.1329704 0.1410649 0.1148763 0.0580882 0.0886000 0.1385996 0.1384938 0.1665151 0.1297271 0.1395349 0.0677463 0.1375488 0.1364826 0.1313797 0.1365792 0.1639801 0.0964118 0.1409638 0.1385982 0.0647206 0.1446516 0.1421052 0.1420504 0.0397056 0.1236927 0.1367564 0.1440096 0.1400734 0.1008596 0.1393933 0.0391066 0.0676977 
Perityle_cuneata_4                         0.0753650 0.0506830 0.0634627 0.1566987 0.0390918 0.0272238 0.1446315 0.1307502 0.1577968 0.0495899 0.0495414 0.0672407 0.0723077 0.0666418 0.0624234 0.0759758 0.0666616 0.0456350 0.0447290 0.0651887 0.0672898 0.0681318 0.0526431 0.0698167 0.0664427 0.0699999 0.0732426 0.0757479 0.0574458 0.0481536 0.0669728 0.1269755 0.0000000 0.0478236 0.0664805 0.0740765 0.0808637 0.0763043 0.0716409 0.1602356 0.1045238 0.0732097 0.0663608 0.0878296 0.0706670 0.0697275 0.0668126 0.0697650 0.0526307 0.0715403 0.0712993 0.0653475 0.0741234 0.0695916 0.0788730 0.0558045 0.0600224 0.0698005 0.0681318 0.0660468 0.1492001 0.1145343 0.0538808 0.0656206 0.0539036 0.0732452 0.0615466 0.0606348 0.0949258 0.0701069 0.0698167 0.0467077 0.0746428 0.0693871 0.0723910 0.0396097 0.0666288 0.0582256 0.0706239 0.0664273 0.0886156 0.0689532 0.0434939 0.0453823 
Perityle_discoidea_81                      0.0469842 0.0296080 0.0380759 0.1411138 0.0449091 0.0386510 0.1483829 0.1374680 0.1612106 0.0220064 0.0621689 0.0773294 0.0837622 0.0757374 0.0717913 0.0851790 0.0776492 0.0479163 0.0562602 0.0731082 0.0781958 0.0791958 0.0547909 0.0783807 0.0781787 0.0785632 0.0841541 0.0875649 0.0703183 0.0461491 0.0620896 0.1264621 0.0478236 0.0000000 0.0746755 0.0865082 0.0882629 0.0856382 0.0810774 0.1707638 0.1173067 0.0884282 0.0769180 0.0717837 0.0883971 0.0774740 0.0746431 0.0801342 0.0628277 0.0800296 0.0826913 0.0764356 0.0851398 0.0771699 0.0930132 0.0622843 0.0680933 0.0809935 0.0791958 0.0829905 0.1417947 0.1206616 0.0615383 0.0755323 0.0633677 0.0841574 0.0658842 0.0696364 0.1049691 0.0787222 0.0783807 0.0449393 0.0873163 0.0800539 0.0801425 0.0446695 0.0687443 0.0684519 0.0801699 0.0746277 0.0944405 0.0791958 0.0491794 0.0572225 
Perityle_dissecta_201                      0.0771835 0.0517038 0.0938889 0.1405303 0.0471876 0.0242510 0.1254483 0.1229690 0.1433429 0.0748356 0.0813481 0.0120851 0.0123748 0.0050822 0.0071738 0.0327054 0.0121403 0.0456261 0.0374784 0.0050926 0.0178712 0.0106646 0.0289501 0.0085228 0.0092244 0.0128560 0.0233078 0.0296454 0.0727086 0.0438953 0.0685596 0.1374489 0.0664805 0.0746755 0.0000000 0.0955384 0.0203988 0.0974705 0.0318139 0.1332237 0.0881817 0.0943308 0.0122104 0.0957536 0.0922568 0.0135474 0.0130780 0.0120999 0.0609015 0.0115204 0.0128064 0.0085737 0.0240640 0.0083149 0.0716424 0.0279571 0.0198020 0.0121056 0.0106646 0.0956127 0.1320962 0.1076735 0.0196856 0.0099377 0.0643604 0.0240701 0.0754655 0.0915671 0.0688922 0.0136081 0.0085228 0.0448034 0.0171372 0.0101191 0.0102922 0.0105645 0.0707460 0.0678638 0.0149901 0.0106473 0.0727614 0.0113827 0.0380902 0.0268735 
Perityle_feddemae_99                       0.0889847 0.0627131 0.1050360 0.1631660 0.0458698 0.0272720 0.1424201 0.1359121 0.1573211 0.0863926 0.0782814 0.0946629 0.1024264 0.0951730 0.0938976 0.1036398 0.0933931 0.0538048 0.0316971 0.0943138 0.0954997 0.0955940 0.0557414 0.0980625 0.0970989 0.0972617 0.1004443 0.1043160 0.0443741 0.0533235 0.0748725 0.1569717 0.0740765 0.0865082 0.0955384 0.0000000 0.1094754 0.0664401 0.0983566 0.1719111 0.1361949 0.0203702 0.0936833 0.0421276 0.0647586 0.0980944 0.0891097 0.0972538 0.0180462 0.1013956 0.1004120 0.0914374 0.0988023 0.1014541 0.0756954 0.0581704 0.0655067 0.0973027 0.0955940 0.0757295 0.1263878 0.1152863 0.0584197 0.0954088 0.0410806 0.1005109 0.0733644 0.0943768 0.0994141 0.0974145 0.0980625 0.0534653 0.1013826 0.0969049 0.1011432 0.0487554 0.0721014 0.0405120 0.0982292 0.0962605 0.0776354 0.0964306 0.0367764 0.0473638 
Perityle_fosteri_93                        0.0847230 0.0551517 0.1033011 0.1442091 0.0572481 0.0241778 0.1319882 0.1282625 0.1566670 0.0873511 0.0948436 0.0234671 0.0273784 0.0204357 0.0214387 0.0384748 0.0158561 0.0509531 0.0523219 0.0196946 0.0234675 0.0234824 0.0230262 0.0227425 0.0219212 0.0243275 0.0324963 0.0383787 0.0841525 0.0459868 0.0715925 0.1498958 0.0808637 0.0882629 0.0203988 0.1094754 0.0000000 0.1049820 0.0380612 0.1517375 0.1040450 0.1093579 0.0236949 0.0893039 0.1012356 0.0250540 0.0255782 0.0250269 0.0738530 0.0257768 0.0257738 0.0196296 0.0333109 0.0229424 0.0818674 0.0324657 0.0240499 0.0250395 0.0234824 0.1097652 0.1356325 0.1232053 0.0252804 0.0203940 0.0752533 0.0333199 0.0844810 0.1027408 0.0630769 0.0166627 0.0227425 0.0513446 0.0288943 0.0242419 0.0250393 0.0158900 0.0778050 0.0798547 0.0250014 0.0219117 0.0806723 0.0242561 0.0434535 0.0289554 
Perityle_gamon_221                         0.0910487 0.0561218 0.1067917 0.1622619 0.0483379 0.0305209 0.1456712 0.1333119 0.1639494 0.0878792 0.0765772 0.0982062 0.1014291 0.0949370 0.0941746 0.1099166 0.0986431 0.0518056 0.0300208 0.0931978 0.0965568 0.0982778 0.0542332 0.1008734 0.0998916 0.1000612 0.1016488 0.1097034 0.0531061 0.0513508 0.0733957 0.1551422 0.0763043 0.0856382 0.0974705 0.0664401 0.1049820 0.0000000 0.1065505 0.1772244 0.1343943 0.0702840 0.0982062 0.0700984 0.0257705 0.1009239 0.0919387 0.0999607 0.0423033 0.0988009 0.1041001 0.0949779 0.1016598 0.0978764 0.0824575 0.0547145 0.0646177 0.1001348 0.0982778 0.0674011 0.1336268 0.1079701 0.0573957 0.0973326 0.0410190 0.1024984 0.0753741 0.0770755 0.0919437 0.1010229 0.1008734 0.0579668 0.1049700 0.0975716 0.1009430 0.0396373 0.0697544 0.0450684 0.1034893 0.0982254 0.0836673 0.0991262 0.0368588 0.0443607 
Perityle_gentryi_8_san_francisco           0.0803589 0.0554704 0.0916026 0.1361858 0.0547274 0.0243532 0.1341464 0.1266623 0.1544745 0.0843720 0.0934769 0.0333216 0.0368836 0.0292667 0.0326483 0.0028959 0.0288897 0.0510100 0.0497623 0.0300093 0.0333230 0.0310794 0.0384812 0.0333756 0.0310414 0.0333533 0.0400034 0.0403347 0.0850775 0.0516260 0.0739609 0.1484398 0.0716409 0.0810774 0.0318139 0.0983566 0.0380612 0.1065505 0.0000000 0.1538802 0.1070450 0.1000537 0.0333673 0.1018664 0.1005159 0.0341176 0.0317339 0.0325969 0.0690002 0.0364669 0.0348335 0.0295415 0.0408071 0.0335382 0.0818383 0.0397619 0.0360549 0.0326130 0.0310794 0.1070467 0.1384208 0.1238541 0.0390701 0.0317967 0.0774954 0.0408179 0.0859025 0.1033124 0.0817944 0.0311247 0.0333756 0.0508768 0.0356211 0.0312994 0.0334070 0.0234024 0.0800103 0.0801400 0.0341586 0.0295309 0.0796257 0.0318402 0.0427539 0.0393920 
Perityle_gilensis_22_Superstition          0.1663547 0.1579959 0.1656828 0.2290309 0.1404965 0.0825170 0.2114035 0.2376022 0.2382218 0.1671486 0.1593837 0.1377968 0.1430138 0.1335142 0.1311074 0.1536689 0.1373734 0.1495696 0.1440884 0.1353796 0.1379532 0.1370695 0.1068193 0.1285146 0.1350057 0.1390091 0.1346542 0.1519728 0.1617939 0.1462936 0.1260742 0.1895637 0.1602356 0.1707638 0.1332237 0.1719111 0.1517375 0.1772244 0.1538802 0.0000000 0.1432479 0.1630224 0.1393525 0.1837326 0.1703096 0.1361889 0.1389966 0.1389978 0.1526720 0.1402352 0.1378913 0.1362190 0.1367206 0.1445249 0.1560206 0.1240554 0.1427086 0.1370940 0.1370695 0.1835409 0.1976030 0.1803182 0.1382515 0.1349842 0.1642893 0.1357411 0.1613300 0.1736877 0.1142669 0.1402519 0.1285146 0.1339652 0.1437759 0.1399454 0.1426994 0.0701673 0.1628191 0.1612098 0.1411560 0.1367898 0.1799550 0.1380440 0.1179546 0.1314395 
Perityle_gilensis_salensis_225             0.0796827 0.0539918 0.1307675 0.1496535 0.0682917 0.0304895 0.1247386 0.1301557 0.1468242 0.1181918 0.1312397 0.0905187 0.0955621 0.0865052 0.0856662 0.1078436 0.0926239 0.0488593 0.0542808 0.0866920 0.0981329 0.0914820 0.0336896 0.0840869 0.0905534 0.0917507 0.1005738 0.1093128 0.1180852 0.0450196 0.0718848 0.1541245 0.1045238 0.1173067 0.0881817 0.1361949 0.1040450 0.1343943 0.1070450 0.1432479 0.0000000 0.1351338 0.0894841 0.1324356 0.1375349 0.0931558 0.0793594 0.0931328 0.0845662 0.0936176 0.0938351 0.0888285 0.1023265 0.0928136 0.0908905 0.0291483 0.0470373 0.0907255 0.0914820 0.1454056 0.1360217 0.1252652 0.0253218 0.0896765 0.1079409 0.0998566 0.1211920 0.1497859 0.0735526 0.0944441 0.0840869 0.0519968 0.0972392 0.0923818 0.0915213 0.0159288 0.0964702 0.1171700 0.0907735 0.0921233 0.0898849 0.0923139 0.0381607 0.0299706 
Perityle_glaucescens_94                    0.0866141 0.0617573 0.1019681 0.1627363 0.0446205 0.0242351 0.1462992 0.1363300 0.1570232 0.0862332 0.0766458 0.0942345 0.1024742 0.0960458 0.0912406 0.1064213 0.0938149 0.0518750 0.0336012 0.0928957 0.0951157 0.0935925 0.0494878 0.0968205 0.0950788 0.0938364 0.0982314 0.1062475 0.0430728 0.0566829 0.0685657 0.1509495 0.0732097 0.0884282 0.0943308 0.0203702 0.1093579 0.0702840 0.1000537 0.1630224 0.1351338 0.0000000 0.0902889 0.0329365 0.0710315 0.0976615 0.0864596 0.0952285 0.0031013 0.1006156 0.0983444 0.0917839 0.0974668 0.0999893 0.0773912 0.0559987 0.0612629 0.0952757 0.0935925 0.0774669 0.1341565 0.1127857 0.0551265 0.0942044 0.0386439 0.0982996 0.0695958 0.0951513 0.0934130 0.0947778 0.0968205 0.0557278 0.1009169 0.0961235 0.1011128 0.0414271 0.0705498 0.0438536 0.0977505 0.0950339 0.0728453 0.0944170 0.0325682 0.0475470 
Perityle_gracilis_11                       0.0782415 0.0551243 0.0920334 0.1430825 0.0456108 0.0242776 0.1271553 0.1282914 0.1467402 0.0770016 0.0822683 0.0143792 0.0169770 0.0103031 0.0137081 0.0330284 0.0144477 0.0456286 0.0411657 0.0102926 0.0209750 0.0035719 0.0320903 0.0136793 0.0064359 0.0057240 0.0280320 0.0299155 0.0722148 0.0471107 0.0686870 0.1390467 0.0663608 0.0769180 0.0122104 0.0936833 0.0236949 0.0982062 0.0333673 0.1393525 0.0894841 0.0902889 0.0000000 0.0984820 0.0932443 0.0165917 0.0051077 0.0050062 0.0618302 0.0167902 0.0100383 0.0115658 0.0288033 0.0137565 0.0725279 0.0314179 0.0251098 0.0050086 0.0035719 0.0940133 0.1323341 0.1154622 0.0275025 0.0122040 0.0671084 0.0288108 0.0780917 0.0942245 0.0720521 0.0166162 0.0136793 0.0457628 0.0100447 0.0043620 0.0088976 0.0052814 0.0734729 0.0665662 0.0180546 0.0136439 0.0779594 0.0042890 0.0403315 0.0330004 
Perityle_harkerae_31                       0.1083069 0.0650627 0.0934394 0.1551239 0.0754325 0.0272845 0.1286578 0.1404984 0.1559833 0.0994423 0.0886793 0.0974547 0.0943097 0.0884564 0.0983895 0.1095640 0.0985769 0.0550026 0.0353787 0.0891355 0.1009551 0.0984129 0.0560320 0.0984266 0.0999864 0.1001485 0.1045767 0.1092266 0.0722915 0.0587380 0.0700533 0.1575047 0.0878296 0.0717837 0.0957536 0.0421276 0.0893039 0.0700984 0.1018664 0.1837326 0.1324356 0.0329365 0.0984820 0.0000000 0.0752985 0.1026378 0.0992705 0.1001533 0.0302450 0.0945726 0.1034600 0.0905265 0.1055045 0.0755474 0.0998922 0.0582778 0.0622584 0.1001373 0.0984129 0.0508752 0.1359784 0.0993743 0.0561763 0.0991178 0.0420898 0.1063898 0.0960412 0.0856947 0.0932154 0.1012243 0.0984266 0.0839162 0.1053007 0.0930525 0.0926555 0.0432020 0.0946346 0.0740307 0.1019617 0.0991113 0.0717362 0.0992903 0.0357711 0.0485847 
Perityle_hofmeisteria_4_nombre_de_dios     0.0949174 0.0618359 0.1028510 0.1611164 0.0512038 0.0368413 0.1490173 0.1390295 0.1676476 0.0887727 0.0744074 0.0929711 0.0952628 0.0904749 0.0917593 0.1044032 0.0933897 0.0550221 0.0336737 0.0898809 0.0930751 0.0930525 0.0591572 0.0955979 0.0946407 0.0959287 0.0987507 0.1042539 0.0540639 0.0545869 0.0783200 0.1588293 0.0706670 0.0883971 0.0922568 0.0647586 0.1012356 0.0257705 0.1005159 0.1703096 0.1375349 0.0710315 0.0932443 0.0752985 0.0000000 0.0956559 0.0858956 0.0947054 0.0414337 0.0943382 0.0987748 0.0880437 0.0987613 0.0953026 0.0825226 0.0607436 0.0691749 0.0956572 0.0930525 0.0588009 0.1397747 0.1098596 0.0633619 0.0921280 0.0410238 0.0995876 0.0766989 0.0735982 0.0983127 0.0960502 0.0955979 0.0594508 0.1005416 0.0931190 0.0972550 0.0490654 0.0714632 0.0468839 0.0981633 0.0937933 0.0877049 0.0938855 0.0412545 0.0485727 
