83
Amauria_brandeegeana_62                    0.0000000 0.0548779 0.1479429 0.4951633 0.4001355 0.2023462 0.4160412 0.2161414 0.5293764 0.3600742 0.3388185 0.5946533 0.6081583 0.6850975 0.5458734 0.4339786 0.4368765 0.4813909 0.3912045 0.6017167 0.5163843 0.4534849 0.2275651 0.5757237 0.5455986 0.5633518 0.5847173 0.3602521 0.4462198 0.2053053 0.3560193 0.5212863 0.3554482 0.6150057 0.1380762 0.3088760 0.6102870 0.5969422 0.3658669 0.5840687 0.7366546 0.3134210 0.5600615 0.3432857 0.5880457 0.5639159 0.5557082 0.5048909 0.2977666 0.5831177 0.5575612 0.5687379 0.5551402 0.4895345 0.3450398 0.2837701 0.4688299 0.5729151 0.5799043 0.5128262 0.3730433 0.5989570 0.3286163 0.5747286 0.5233288 0.2600038 0.0783687 0.6019769 0.5583068 0.4081124 0.5757750 0.3564980 0.4694622 0.1674952 0.5360449 0.3607490 0.5177487 0.6132238 0.3217408 0.5687290 0.3446588 0.3326063 0.2333763 
Amauria_carterae_99_mesa                   0.0548779 0.0000000 0.0470807 0.2519398 0.1563198 0.0720544 0.2391954 0.1864488 0.2764795 0.1779333 0.1519437 0.1928917 0.2066721 0.2478568 0.2058086 0.2483827 0.0776877 0.1664033 0.2708147 0.2017238 0.1970488 0.1178148 0.1995631 0.2074203 0.1972150 0.1984217 0.2170072 0.2114927 0.1644996 0.0933233 0.1956954 0.1955081 0.1730856 0.2278275 0.0545415 0.1612035 0.2011680 0.2184144 0.2601286 0.2010762 0.2426536 0.1626106 0.1835615 0.1622455 0.2002137 0.1848838 0.1798407 0.1936868 0.1573969 0.1628597 0.2011277 0.2163724 0.2146658 0.2058086 0.2074535 0.2079952 0.1612172 0.1879711 0.1980385 0.1797922 0.2407626 0.2029521 0.1885234 0.2025686 0.2014936 0.0306897 0.1121568 0.2486434 0.1598052 0.1876853 0.1880635 0.2011812 0.2769240 0.1343109 0.2098841 0.2449248 0.1933912 0.2118854 0.1860043 0.1834206 0.1874749 0.2340120 0.1499583 
Amauria_rotundifolia_SRR9119150            0.1479429 0.0470807 0.0000000 0.3405618 0.2157092 0.1859585 0.2644321 0.1980989 0.3945552 0.2054945 0.1991150 0.4290746 0.4365141 0.6129315 0.3796157 0.2644915 0.0693909 0.4445272 0.2606128 0.4351641 0.3259660 0.4556318 0.2146596 0.4357958 0.3964252 0.4172758 0.4261224 0.2169156 0.4014639 0.1880702 0.2130310 0.3411374 0.1996821 0.4484582 0.1255376 0.2650692 0.4421722 0.5016014 0.3010826 0.4365711 0.6278710 0.2566099 0.3923548 0.2887686 0.5146778 0.4032900 0.3983035 0.3123411 0.2613012 0.4185862 0.4007964 0.4151367 0.3858526 0.3675756 0.1982993 0.2758701 0.3032419 0.4100697 0.4166962 0.4204060 0.2315492 0.4234781 0.2023606 0.4177630 0.3367863 0.0371330 0.0825806 0.4677077 0.3896518 0.3435564 0.4154852 0.1748898 0.2659929 0.1731388 0.3612400 0.2132865 0.3477086 0.4344829 0.3406262 0.4080243 0.2247924 0.2846362 0.2115577 
Conoclinium_coelestinum_SRR9119114         0.4951633 0.2519398 0.3405618 0.0000000 0.3236610 0.2549954 0.2548143 0.2220711 0.3915178 0.3547616 0.3723772 0.4354755 0.4301525 0.7162973 0.3886078 0.3496629 0.3149871 0.3876145 0.3941246 0.4149793 0.4426786 0.4743904 0.3315602 0.4362588 0.3944695 0.4200220 0.4436214 0.4306456 0.5630887 0.3436546 0.3497281 0.3773205 0.3339652 0.4421803 0.3953999 0.5994658 0.4153444 0.6492793 0.3285902 0.4344839 0.7500748 0.6022980 0.4162623 0.5598088 0.6388375 0.4267095 0.4310802 0.4519001 0.5664991 0.4108756 0.3911563 0.4393310 0.4443460 0.4125386 0.3125318 0.4614056 0.3819671 0.4422054 0.3795990 0.6839487 0.3951122 0.4397945 0.3991547 0.4504855 0.4052742 0.2755605 0.1947507 0.4726713 0.3968726 0.4481728 0.4386099 0.3284010 0.3756593 0.2823929 0.4182011 0.3607271 0.4257860 0.4502789 0.4336990 0.4285585 0.3678617 0.3227908 0.4392843 
Eutetras_palmeri_63                        0.4001355 0.1563198 0.2157092 0.3236610 0.0000000 0.0334070 0.2532297 0.1860482 0.3165561 0.1814828 0.1149637 0.2514747 0.2577111 0.5858297 0.2102434 0.1905066 0.0657617 0.3986868 0.2687612 0.2719586 0.1867939 0.3502013 0.1971101 0.2819014 0.2434242 0.2813433 0.2716043 0.2704255 0.4317019 0.2117896 0.2094754 0.2876210 0.1739630 0.2655342 0.2935804 0.4354284 0.2729465 0.4899524 0.2485257 0.2831213 0.6045054 0.4370648 0.2495046 0.4538024 0.5081416 0.2680530 0.2496184 0.2464514 0.4025958 0.2438612 0.2512421 0.2525825 0.2482437 0.2189997 0.1662005 0.2865348 0.1943813 0.2602539 0.3103011 0.5409153 0.2437201 0.2510407 0.2348867 0.2695962 0.1918089 0.0854503 0.0543715 0.3494384 0.2390761 0.3765512 0.2647726 0.1256726 0.1864036 0.1772920 0.2019589 0.2309226 0.1888395 0.2653500 0.2962972 0.2595508 0.1760939 0.2320562 0.2806960 
Eutetras_pringlei_149_quer                 0.2023462 0.0720544 0.1859585 0.2549954 0.0334070 0.0000000 0.2156155 0.1108668 0.3146931 0.1648188 0.1200888 0.2946962 0.2971656 0.3175522 0.2992389 0.2719838 0.0240020 0.1992834 0.2759527 0.2987616 0.2852661 0.3095968 0.1506431 0.3040846 0.2905494 0.2986894 0.2936939 0.2751700 0.1272311 0.1771643 0.2139429 0.2123217 0.1653134 0.3209312 0.1279766 0.1947670 0.2746638 0.2406646 0.2727728 0.2904229 0.2902819 0.1895372 0.3033841 0.1985456 0.2476244 0.2730823 0.2989626 0.3117357 0.1895372 0.2161844 0.2917154 0.3221337 0.2308906 0.2995389 0.1944107 0.2459160 0.2858184 0.3144639 0.3027825 0.3073256 0.1689317 0.2883559 0.2172632 0.2856434 0.2011081 0.0000010 0.0467817 0.2929495 0.2075907 0.1764076 0.3024351 0.1619931 0.2649923 0.1929516 0.2121992 0.2212982 0.2911627 0.3109731 0.0818658 0.3027825 0.2046222 0.2291887 0.1435260 
Eutrochium_fistulosum_SRR9119106           0.4160412 0.2391954 0.2644321 0.2548143 0.2532297 0.2156155 0.0000000 0.1985109 0.2691147 0.2530509 0.2404912 0.3860770 0.3827997 0.6860264 0.3477594 0.2932447 0.2274932 0.3071500 0.2802180 0.3764806 0.3864364 0.4815696 0.3136968 0.4028746 0.3811816 0.3923332 0.3992650 0.3459935 0.4887940 0.2406050 0.2536422 0.3219476 0.2515271 0.3968788 0.3574517 0.4473869 0.3834441 0.5664500 0.2924568 0.4099102 0.7226038 0.4385390 0.3902733 0.4404544 0.5461730 0.4003881 0.3876875 0.3947950 0.4085609 0.3907185 0.3655730 0.4061829 0.3879492 0.3727696 0.2292793 0.4271946 0.3509225 0.3990129 0.3791396 0.6531732 0.2905396 0.3783720 0.2796934 0.4031518 0.3555761 0.1848709 0.1464117 0.4482009 0.3757442 0.4076969 0.3927067 0.2675254 0.3117228 0.2628754 0.3648996 0.2643086 0.3676234 0.3914660 0.4232828 0.4013817 0.2670769 0.2475985 0.3156062 
Galeana_pratensis_104_mex                  0.2161414 0.1864488 0.1980989 0.2220711 0.1860482 0.1108668 0.1985109 0.0000000 0.2742865 0.1965466 0.1857406 0.2711644 0.2835432 0.3333516 0.2557859 0.3020516 0.0794383 0.2152839 0.3133694 0.2887429 0.2594284 0.2343260 0.2749977 0.2697064 0.2530358 0.2762938 0.2798945 0.3350713 0.2469016 0.1542343 0.2275553 0.2431693 0.1954054 0.2880387 0.1932394 0.2597603 0.2689053 0.3572227 0.3026273 0.2684221 0.3219369 0.2559355 0.2646739 0.2472944 0.3495653 0.2632133 0.2698248 0.2660319 0.2556654 0.2174710 0.2548431 0.2740491 0.3006628 0.2518959 0.2362500 0.3254085 0.2569077 0.2813242 0.2744905 0.3189479 0.2445237 0.3033060 0.2375566 0.2790615 0.2746329 0.0469503 0.1137427 0.3388117 0.2109842 0.2250897 0.2861575 0.2338203 0.2169368 0.2061427 0.3076011 0.2887108 0.2722720 0.3065083 0.2526255 0.2719542 0.2335467 0.2435759 0.2066266 
Helianthus_annuus_SRR9119062               0.5293764 0.2764795 0.3945552 0.3915178 0.3165561 0.3146931 0.2691147 0.2742865 0.0000000 0.2951730 0.3105222 0.4379134 0.4061107 0.7017000 0.3761356 0.2600887 0.2031296 0.4838211 0.3355186 0.4380255 0.3398724 0.5342975 0.2970767 0.4137878 0.4358117 0.4166520 0.4056461 0.3583974 0.5497902 0.3266052 0.3222040 0.3227070 0.2636201 0.4219935 0.4542598 0.5298011 0.4382880 0.5799815 0.3885855 0.4198707 0.7344865 0.5256467 0.4148388 0.4482875 0.5727877 0.3989053 0.4185502 0.3973123 0.5006415 0.4029260 0.4091871 0.3976732 0.4026301 0.3891815 0.2495270 0.3415738 0.3659154 0.4258907 0.4594468 0.6096975 0.3343486 0.4336747 0.3273303 0.4071350 0.3515206 0.1881056 0.2035862 0.4614119 0.3866890 0.4590678 0.4217227 0.2378244 0.2479548 0.2564481 0.3691063 0.3156226 0.3408305 0.4412190 0.4318982 0.4349383 0.2781510 0.2699021 0.3601010 
Lycapsus_tenuifolius_17                    0.3600742 0.1779333 0.2054945 0.3547616 0.1814828 0.1648188 0.2530509 0.1965466 0.2951730 0.0000000 0.1259131 0.2862797 0.2974644 0.6039189 0.2722715 0.1913301 0.0718631 0.3900143 0.2587854 0.3125240 0.2390053 0.3793095 0.2249012 0.2913910 0.3025330 0.2948958 0.2795799 0.2529547 0.4875241 0.1399706 0.1866458 0.2497920 0.0062888 0.3033632 0.2791038 0.4207042 0.3133866 0.4995434 0.2844948 0.3002445 0.6355573 0.4139223 0.2805312 0.4210976 0.4968919 0.2829667 0.2771646 0.2667458 0.3859998 0.2694479 0.2800931 0.2660235 0.2766989 0.2775684 0.1966976 0.2885886 0.2610105 0.2832491 0.3400115 0.5420273 0.2120643 0.2814847 0.1941228 0.2898590 0.2333097 0.1014559 0.0835614 0.3570007 0.2560392 0.3649111 0.2943381 0.1440295 0.1925315 0.1872013 0.2520206 0.1919245 0.2127079 0.2913572 0.3410961 0.2911325 0.1282661 0.2240489 0.2392028 
Pericome_caudata_50_silver                 0.3388185 0.1519437 0.1991150 0.3723772 0.1149637 0.1200888 0.2404912 0.1857406 0.3105222 0.1259131 0.0000000 0.2768798 0.2786812 0.5586450 0.2626629 0.1778409 0.0546780 0.3998427 0.2575655 0.2984290 0.2160481 0.3777970 0.1860393 0.3017207 0.3045826 0.3034850 0.2947029 0.2539908 0.4762473 0.1448368 0.1977929 0.2713477 0.1147255 0.2844857 0.2719020 0.4217194 0.3007731 0.5039994 0.2479871 0.3104161 0.6007602 0.4216585 0.2722861 0.4192005 0.5251844 0.2873458 0.2662491 0.2738868 0.3877704 0.2907714 0.2934215 0.2758537 0.3098280 0.2648180 0.1710567 0.2839039 0.2465399 0.2785560 0.3357420 0.5458443 0.2294059 0.2784237 0.2050401 0.2900293 0.2339889 0.0845484 0.0786269 0.3694409 0.2753691 0.3816667 0.2830626 0.1175468 0.1931246 0.1504473 0.2408900 0.2070385 0.2208097 0.2949755 0.3437376 0.2799064 0.1241720 0.1953683 0.2059974 
Perityle_aglossa_84_dead_horse             0.5946533 0.1928917 0.4290746 0.4354755 0.2514747 0.2946962 0.3860770 0.2711644 0.4379134 0.2862797 0.2768798 0.0000000 0.0798668 0.2681042 0.0733658 0.2550041 0.0170396 0.6407719 0.3918628 0.0765475 0.0601196 0.0740648 0.1858930 0.0943389 0.0795690 0.1070440 0.1145493 0.4342087 0.5675922 0.4220796 0.3678428 0.3539393 0.2685630 0.0694865 0.3331333 0.6565189 0.0587826 0.6261546 0.4149126 0.0872184 0.2981650 0.6472464 0.0700434 0.5614772 0.6176072 0.0983915 0.0670899 0.1248608 0.6124600 0.0942260 0.0712064 0.0887492 0.2989296 0.0612689 0.2580180 0.2924786 0.0648328 0.0711167 0.0800849 0.5546373 0.3693138 0.0400328 0.3599420 0.1208763 0.2970825 0.0849148 0.0542338 0.1641238 0.1182760 0.4614157 0.0806343 0.0643631 0.1685287 0.0487017 0.2813444 0.3384343 0.0919123 0.0399031 0.3871045 0.0739097 0.3004419 0.2961154 0.4337736 
Perityle_ajoensis_204                      0.6081583 0.2066721 0.4365141 0.4301525 0.2577111 0.2971656 0.3827997 0.2835432 0.4061107 0.2974644 0.2786812 0.0798668 0.0000000 0.2320484 0.0447176 0.2339964 0.0318751 0.6561035 0.3781448 0.0558717 0.0551934 0.0832522 0.1965181 0.0589719 0.0737058 0.0692490 0.1082808 0.4108691 0.5629026 0.4435261 0.3747419 0.3537805 0.2751447 0.0653179 0.3325230 0.6468632 0.0630113 0.6024222 0.4331067 0.0813315 0.2823581 0.6429908 0.0697069 0.5423351 0.5955003 0.0982998 0.0723131 0.1011131 0.6118544 0.0986173 0.0657221 0.0573412 0.2986141 0.0400141 0.2504977 0.2960646 0.0672897 0.0750380 0.0898147 0.5253903 0.3508947 0.0913596 0.3455833 0.1116184 0.2980049 0.0756886 0.0637022 0.1318173 0.0965377 0.4782428 0.0858796 0.0509497 0.1472168 0.0357231 0.2893194 0.3329087 0.0607160 0.0997829 0.3648762 0.0820417 0.3099150 0.2795540 0.3993346 
Perityle_ambrosiifolia_67_green            0.6850975 0.2478568 0.6129315 0.7162973 0.5858297 0.3175522 0.6860264 0.3333516 0.7017000 0.6039189 0.5586450 0.2681042 0.2320484 0.0000000 0.2268102 0.5524722 0.5430877 0.6789992 0.5814672 0.2493854 0.2915967 0.0878433 0.2131597 0.2152618 0.2343961 0.2344710 0.2838539 0.6302072 0.5764417 0.4445003 0.6630346 0.7249447 0.5770564 0.2520802 0.4275337 0.7053260 0.2438700 0.7421380 0.5283816 0.2409023 0.0620527 0.6985073 0.2626832 0.6103063 0.7136909 0.2593562 0.2523931 0.2928277 0.6805996 0.2744275 0.2472730 0.2398893 0.6198156 0.1998401 0.4877621 0.3272729 0.2268512 0.2605838 0.2351356 0.5772665 0.6385161 0.2570592 0.5940726 0.2886379 0.6326289 0.3610638 0.0777097 0.2552409 0.2940160 0.6101384 0.2660207 0.3565289 0.4960330 0.0521020 0.6287001 0.6598019 0.2778823 0.2686915 0.4290208 0.2653467 0.6189766 0.4634013 0.4970030 
Perityle_angustifolia_13_Eagle_creek       0.5458734 0.2058086 0.3796157 0.3886078 0.2102434 0.2992389 0.3477594 0.2557859 0.3761356 0.2722715 0.2626629 0.0733658 0.0447176 0.2268102 0.0000000 0.2658783 0.0641017 0.4740398 0.3222181 0.0652413 0.0543666 0.0551640 0.1887260 0.0246723 0.0595815 0.0484638 0.0768880 0.3606219 0.4211408 0.3586664 0.3409347 0.3048478 0.2751331 0.0518333 0.3375450 0.5547482 0.0520363 0.5135152 0.3265187 0.0318369 0.2194395 0.5486816 0.0577924 0.4813643 0.5160078 0.0693340 0.0598694 0.0579501 0.5383818 0.0620178 0.0318561 0.0318613 0.2550576 0.0117220 0.2545772 0.2953854 0.0453434 0.0634028 0.0628285 0.4624469 0.3246585 0.0834986 0.3010699 0.0797348 0.2835264 0.0507398 0.0494160 0.0768725 0.0697608 0.4239174 0.0653430 0.0538219 0.1285902 0.0195387 0.2654729 0.3111162 0.0530273 0.0813313 0.3271259 0.0713156 0.2737543 0.2966601 0.4063023 
Perityle_batopilensis_97                   0.4339786 0.2483827 0.2644915 0.3496629 0.1905066 0.2719838 0.2932447 0.3020516 0.2600887 0.1913301 0.1778409 0.2550041 0.2339964 0.5524722 0.2658783 0.0000000 0.0939233 0.2760938 0.2087986 0.2680600 0.2171771 0.3694926 0.2614534 0.2262616 0.2646534 0.2120525 0.2204977 0.2118623 0.4705230 0.2542051 0.1667481 0.1700072 0.1997623 0.2497756 0.4242322 0.4288470 0.2681165 0.4103503 0.0071935 0.2268527 0.5770112 0.4361398 0.2504598 0.4477661 0.4117543 0.2070273 0.2418914 0.2263084 0.4050878 0.1773417 0.2506428 0.2356597 0.2037539 0.2608150 0.1910336 0.3003999 0.2370836 0.2476344 0.2555504 0.5206283 0.1416860 0.2427456 0.1798327 0.2293900 0.2301759 0.1081778 0.1317294 0.2792372 0.1706248 0.3799392 0.2540493 0.1532340 0.1444219 0.2058259 0.2516613 0.1346589 0.1962133 0.2501454 0.3455054 0.2452999 0.1809069 0.2093312 0.3536768 
Perityle_bisetosa_9                        0.4368765 0.0776877 0.0693909 0.3149871 0.0657617 0.0240020 0.2274932 0.0794383 0.2031296 0.0718631 0.0546780 0.0170396 0.0318751 0.5430877 0.0641017 0.0939233 0.0000000 0.0434000 0.0873363 0.0133527 0.0499019 0.0000010 0.0752053 0.0851236 0.0531390 0.0890415 0.0655215 0.1097315 0.5317540 0.0118731 0.0998923 0.0991296 0.0778882 0.0376932 0.3336809 0.5624018 0.0307747 0.4486637 0.0417333 0.0826996 0.5751819 0.5539467 0.0392734 0.5519849 0.4535806 0.1003430 0.0347834 0.1510029 0.5024502 0.0972059 0.0576268 0.0825913 0.0745936 0.0112341 0.0443357 0.0636476 0.0449488 0.0377709 0.0566699 0.5846547 0.1035907 0.0258200 0.0988227 0.0684699 0.0742037 0.0929358 0.0118908 0.1322306 0.1040460 0.3365916 0.0436246 0.0376104 0.0939466 0.0000010 0.0740166 0.1110004 0.0851399 0.0404719 0.3172260 0.0407715 0.0745411 0.0646283 0.2807577 
Perityle_californica_76_positas            0.4813909 0.1664033 0.4445272 0.3876145 0.3986868 0.1992834 0.3071500 0.2152839 0.4838211 0.3900143 0.3998427 0.6407719 0.6561035 0.6789992 0.4740398 0.2760938 0.0434000 0.0000000 0.4191920 0.6426393 0.4323901 0.6072898 0.2603168 0.6493080 0.5738158 0.6527617 0.6268510 0.4267746 0.5267953 0.3215578 0.3047909 0.4006634 0.3323090 0.6693032 0.2220136 0.3794719 0.6577453 0.5688616 0.4428842 0.6640784 0.6889667 0.3876394 0.6138871 0.1357922 0.5597885 0.6375537 0.6516258 0.4368894 0.3907968 0.6308021 0.5690832 0.5714655 0.5004219 0.4652984 0.2254059 0.2113371 0.4242163 0.6747231 0.6756205 0.4336326 0.3956760 0.6324674 0.4301534 0.6319975 0.3940503 0.0288843 0.1458762 0.6280723 0.6067656 0.4311385 0.6582055 0.1986682 0.2672359 0.2135566 0.4449888 0.3820227 0.4813659 0.6554023 0.2803556 0.6687463 0.3723614 0.0478223 0.2454716 
Perityle_canescens_77                      0.3912045 0.2708147 0.2606128 0.3941246 0.2687612 0.2759527 0.2802180 0.3133694 0.3355186 0.2587854 0.2575655 0.3918628 0.3781448 0.5814672 0.3222181 0.2087986 0.0873363 0.4191920 0.0000000 0.3955112 0.2947123 0.4236863 0.2587220 0.3665333 0.3528896 0.3715468 0.3612585 0.2424346 0.4998835 0.2661507 0.2153644 0.2863138 0.2626586 0.3792072 0.4183914 0.3167636 0.3817765 0.5908243 0.2447439 0.3840147 0.5786828 0.3143743 0.3644722 0.3553977 0.5653326 0.3746113 0.3604389 0.2840628 0.3031973 0.3758356 0.3417721 0.3646610 0.3309189 0.3352211 0.1883259 0.3552212 0.2649150 0.3731128 0.3746052 0.5608386 0.1492777 0.3811637 0.1707163 0.3681493 0.3264727 0.0477019 0.1399517 0.3951013 0.3586183 0.4441202 0.3768605 0.1758236 0.2255499 0.1723572 0.3383957 0.1043960 0.3152268 0.3824283 0.3723053 0.3756054 0.2554327 0.2968360 0.3576381 
Perityle_castillonii_96                    0.6017167 0.2017238 0.4351641 0.4149793 0.2719586 0.2987616 0.3764806 0.2887429 0.4380255 0.3125240 0.2984290 0.0765475 0.0558717 0.2493854 0.0652413 0.2680600 0.0133527 0.6426393 0.3955112 0.0000000 0.0726082 0.0886256 0.2019169 0.0737097 0.0866057 0.0944685 0.1198946 0.4406874 0.5249552 0.4195761 0.3815625 0.3842059 0.2784282 0.0715132 0.3377696 0.6518966 0.0658630 0.6161677 0.4291352 0.0930628 0.2938280 0.6371963 0.0760068 0.5400373 0.6074179 0.1102959 0.0792368 0.1273370 0.6006468 0.1188224 0.0776524 0.0730573 0.3317255 0.0461136 0.2628886 0.3100456 0.0785071 0.0821490 0.0966052 0.5319139 0.3984982 0.0874436 0.3789235 0.1251458 0.3155477 0.0708064 0.0541225 0.1519122 0.1155480 0.4583086 0.0879724 0.0603311 0.1737414 0.0356433 0.3099099 0.3836072 0.0869561 0.1009444 0.3843084 0.0913009 0.3161341 0.2956900 0.4223728 
Perityle_cernua_84                         0.5163843 0.1970488 0.3259660 0.4426786 0.1867939 0.2852661 0.3864364 0.2594284 0.3398724 0.2390053 0.2160481 0.0601196 0.0551934 0.2915967 0.0543666 0.2171771 0.0499019 0.4323901 0.2947123 0.0726082 0.0000000 0.0621046 0.1723707 0.0740850 0.0707780 0.0866394 0.1021935 0.3226643 0.5098370 0.3616227 0.2722653 0.2577663 0.2534951 0.0356125 0.3389017 0.6105420 0.0320084 0.5489758 0.2801356 0.0690323 0.3164256 0.6122407 0.0604578 0.5606044 0.5511735 0.0755097 0.0618999 0.1111775 0.5793235 0.0847381 0.0574522 0.0690467 0.2349014 0.0511070 0.2627259 0.2961703 0.0565177 0.0682816 0.0659727 0.5423494 0.2695273 0.0756687 0.2595724 0.1006353 0.2091219 0.0889327 0.0311073 0.1322980 0.0919956 0.4198706 0.0717082 0.0606067 0.1474554 0.0439789 0.2106980 0.2748822 0.0861908 0.0804457 0.3243422 0.0719265 0.2372871 0.2962230 0.4097091 
Perityle_cfvillosa_25_tin                  0.4534849 0.1178148 0.4556318 0.4743904 0.3502013 0.3095968 0.4815696 0.2343260 0.5342975 0.3793095 0.3777970 0.0740648 0.0832522 0.0878433 0.0551640 0.3694926 0.0000010 0.6072898 0.4236863 0.0886256 0.0621046 0.0000000 0.1891439 0.0680984 0.0671803 0.0781997 0.1020320 0.4670251 0.3846553 0.4298924 0.5099078 0.4580535 0.3838974 0.0605506 0.1846034 0.4518987 0.0679372 0.4758728 0.4228012 0.0579800 0.0701296 0.4505214 0.0112856 0.2987571 0.4615133 0.0757394 0.0136188 0.0197414 0.4385588 0.0721197 0.0582121 0.0654376 0.4036383 0.0572339 0.3074758 0.2142369 0.0687039 0.0181313 0.0135519 0.3133892 0.4490803 0.0710557 0.4231856 0.1081996 0.4502788 0.0230051 0.0551216 0.0705111 0.0313887 0.3750095 0.0204645 0.0350540 0.2059763 0.0396470 0.4177522 0.4454797 0.0561955 0.0783743 0.2070881 0.0044899 0.4112395 0.3336326 0.3184033 
Perityle_cinerea_113_Powell1310            0.2275651 0.1995631 0.2146596 0.3315602 0.1971101 0.1506431 0.3136968 0.2749977 0.2970767 0.2249012 0.1860393 0.1858930 0.1965181 0.2131597 0.1887260 0.2614534 0.0752053 0.2603168 0.2587220 0.2019169 0.1723707 0.1891439 0.0000000 0.2087830 0.1879504 0.2074077 0.2180014 0.2447672 0.2098851 0.2440589 0.2021928 0.2286347 0.2103385 0.2122701 0.2177746 0.2085962 0.1685395 0.2974624 0.2763370 0.1960666 0.1952384 0.2103412 0.1891439 0.2014874 0.2890941 0.1685395 0.1966771 0.1940610 0.2032015 0.1135309 0.1825249 0.1951885 0.2226139 0.1887260 0.2244231 0.2492074 0.1947908 0.2127562 0.2010787 0.2477026 0.2081901 0.1950457 0.2199102 0.2133729 0.2829958 0.0075998 0.1111948 0.1810867 0.1316900 0.2464559 0.2072117 0.1889111 0.2321029 0.1952938 0.3217833 0.2054311 0.1883650 0.1892790 0.1466513 0.2015146 0.2276255 0.2222307 0.2161876 
Perityle_coahuilensis_24                   0.5757237 0.2074203 0.4357958 0.4362588 0.2819014 0.3040846 0.4028746 0.2697064 0.4137878 0.2913910 0.3017207 0.0943389 0.0589719 0.2152618 0.0246723 0.2262616 0.0851236 0.6493080 0.3665333 0.0737097 0.0740850 0.0680984 0.2087830 0.0000000 0.0644180 0.0524315 0.0932096 0.4106526 0.5407302 0.4267669 0.3728286 0.3552942 0.2708377 0.0725021 0.3418814 0.6258203 0.0676875 0.5890020 0.4291004 0.0360954 0.2623280 0.6192078 0.0776833 0.5330649 0.5793901 0.0701297 0.0798009 0.0907100 0.5891153 0.0593456 0.0424993 0.0371184 0.2873529 0.0297064 0.2596741 0.3015527 0.0514925 0.0812018 0.0742877 0.5246323 0.3302636 0.1033169 0.3228797 0.0982127 0.3246609 0.1096146 0.0544356 0.0967220 0.0589357 0.4748549 0.0921954 0.0768771 0.1046879 0.0277143 0.3157206 0.3160227 0.0480993 0.1061359 0.3695929 0.0896923 0.3080957 0.2932040 0.3996290 
Perityle_cochisensis_44_cave_creek         0.5455986 0.1972150 0.3964252 0.3944695 0.2434242 0.2905494 0.3811816 0.2530358 0.4358117 0.3025330 0.3045826 0.0795690 0.0737058 0.2343961 0.0595815 0.2646534 0.0531390 0.5738158 0.3528896 0.0866057 0.0707780 0.0671803 0.1879504 0.0644180 0.0000000 0.0590273 0.0933413 0.3975979 0.4398001 0.4077255 0.3864626 0.3614266 0.3053787 0.0658590 0.3296351 0.5712241 0.0678830 0.5417332 0.3590542 0.0641339 0.2252333 0.5459319 0.0643040 0.4451952 0.5431750 0.0534773 0.0663307 0.0430909 0.5392394 0.0452387 0.0375196 0.0643463 0.3000602 0.0653136 0.2479855 0.2780118 0.0579200 0.0697206 0.0517362 0.4745239 0.3652471 0.0720180 0.3618736 0.1019911 0.3314789 0.0391060 0.0492391 0.1079767 0.0540666 0.4184817 0.0716001 0.0584005 0.1576526 0.0356241 0.3066101 0.3536982 0.0448029 0.0718008 0.3391824 0.0772274 0.3181871 0.2941926 0.3952581 
Perityle_congesta_202                      0.5633518 0.1984217 0.4172758 0.4200220 0.2813433 0.2986894 0.3923332 0.2762938 0.4166520 0.2948958 0.3034850 0.1070440 0.0692490 0.2344710 0.0484638 0.2120525 0.0890415 0.6527617 0.3715468 0.0944685 0.0866394 0.0781997 0.2074077 0.0524315 0.0590273 0.0000000 0.1063575 0.3949012 0.5362339 0.4335935 0.3691960 0.3441436 0.2726055 0.0873409 0.3342742 0.6258941 0.0850869 0.5852280 0.4094114 0.0690313 0.2782857 0.6182086 0.0877904 0.5125301 0.5755787 0.0677359 0.0875842 0.0616971 0.5896010 0.0597487 0.0693661 0.0459523 0.2984434 0.0545476 0.2498768 0.2829657 0.0513504 0.0890103 0.0612470 0.5365590 0.3300071 0.0965515 0.3373012 0.1080643 0.3164471 0.1108967 0.0634384 0.0961215 0.0608008 0.4850970 0.0973304 0.0812911 0.1293236 0.0314925 0.3071987 0.3037034 0.0207697 0.0992512 0.3685216 0.0960874 0.3055588 0.2947911 0.3896358 
Perityle_cordifolia_27                     0.5847173 0.2170072 0.4261224 0.4436214 0.2716043 0.2936939 0.3992650 0.2798945 0.4056461 0.2795799 0.2947029 0.1145493 0.1082808 0.2838539 0.0768880 0.2204977 0.0655215 0.6268510 0.3612585 0.1198946 0.1021935 0.1020320 0.2180014 0.0932096 0.0933413 0.1063575 0.0000000 0.4159324 0.6000784 0.4222789 0.3316585 0.3294721 0.2603772 0.1027554 0.3487855 0.6275569 0.1051172 0.6167865 0.4044039 0.0935027 0.3205468 0.6107377 0.0934711 0.5429766 0.5853841 0.1008748 0.0929659 0.1239065 0.5851461 0.0982995 0.0797911 0.0764275 0.2239031 0.0805530 0.2729392 0.3338801 0.0785473 0.0973118 0.1089987 0.5614995 0.3218106 0.1215524 0.3280666 0.0227184 0.3109868 0.1154178 0.0898651 0.1673298 0.1042266 0.4851407 0.1046349 0.0748298 0.1554968 0.0541012 0.3014344 0.3110190 0.0854624 0.1243687 0.3978390 0.1020677 0.2875494 0.2901724 0.4250787 
Perityle_cordifolia_68_tecolote            0.3602521 0.2114927 0.2169156 0.4306456 0.2704255 0.2751700 0.3459935 0.3350713 0.3583974 0.2529547 0.2539908 0.4342087 0.4108691 0.6302072 0.3606219 0.2118623 0.1097315 0.4267746 0.2424346 0.4406874 0.3226643 0.4670251 0.2447672 0.4106526 0.3975979 0.3949012 0.4159324 0.0000000 0.5317133 0.3139082 0.2041658 0.3180273 0.2556602 0.4247463 0.3711464 0.2879134 0.4301713 0.4498608 0.2710961 0.4221161 0.6593258 0.2982767 0.3840448 0.3339132 0.4678416 0.3819339 0.3945389 0.2935781 0.2918465 0.3641163 0.3774009 0.3879664 0.3610622 0.3777908 0.1986154 0.0367397 0.3055996 0.4080170 0.4066844 0.4357713 0.1739474 0.4182355 0.2059856 0.4166642 0.3235783 0.0607585 0.1396142 0.4315568 0.3382586 0.5064153 0.4034249 0.2050941 0.2319222 0.2255118 0.3472216 0.1899985 0.3255787 0.4276702 0.3351184 0.4016796 0.2765127 0.2915255 0.3475418 
Perityle_coronopifolia_28_patagonia        0.4462198 0.1644996 0.4014639 0.5630887 0.4317019 0.1272311 0.4887940 0.2469016 0.5497902 0.4875241 0.4762473 0.5675922 0.5629026 0.5764417 0.4211408 0.4705230 0.5317540 0.5267953 0.4998835 0.5249552 0.5098370 0.3846553 0.2098851 0.5407302 0.4398001 0.5362339 0.6000784 0.5317133 0.0000000 0.2885796 0.5566053 0.5788583 0.4375930 0.5630092 0.1830075 0.3851920 0.5485110 0.6065957 0.4758411 0.5566440 0.6498724 0.3837182 0.5407027 0.2823798 0.5679713 0.5421763 0.5581235 0.4810174 0.3654461 0.5670008 0.4921577 0.5398387 0.5805140 0.3874749 0.3042550 0.2537383 0.3783088 0.5661487 0.4961721 0.5241707 0.5240621 0.5633792 0.4912818 0.5929394 0.5346672 0.3858020 0.0734295 0.5695163 0.5264573 0.4781497 0.5920890 0.4109795 0.4544567 0.1377759 0.5270617 0.5456809 0.4568722 0.5662253 0.1128511 0.5698221 0.5164458 0.3378262 0.2233960 
Perityle_crassifolia_70_ventanas           0.2053053 0.0933233 0.1880702 0.3436546 0.2117896 0.1771643 0.2406050 0.1542343 0.3266052 0.1399706 0.1448368 0.4220796 0.4435261 0.4445003 0.3586664 0.2542051 0.0118731 0.3215578 0.2661507 0.4195761 0.3616227 0.4298924 0.2440589 0.4267669 0.4077255 0.4335935 0.4222789 0.3139082 0.2885796 0.0000000 0.2613060 0.3182708 0.1347778 0.4395252 0.1121792 0.2288704 0.4454678 0.4319583 0.2746130 0.4554980 0.4557095 0.2222307 0.4098422 0.1672336 0.4349164 0.3970751 0.4130010 0.3542427 0.2136869 0.3978119 0.4167235 0.4356280 0.4214706 0.3522591 0.2134136 0.2569860 0.3420095 0.4263779 0.4335533 0.3030567 0.2426350 0.4138714 0.2362122 0.4207853 0.3829355 0.0230170 0.0835480 0.4178111 0.3833970 0.2219132 0.4245128 0.1723788 0.2785366 0.1938198 0.4307979 0.2239879 0.3422100 0.4271169 0.2215357 0.4353894 0.1722153 0.2003318 0.0905979 
Perityle_cuneata_34_cuneata_San_antonio    0.3560193 0.1956954 0.2130310 0.3497281 0.2094754 0.2139429 0.2536422 0.2275553 0.3222040 0.1866458 0.1977929 0.3678428 0.3747419 0.6630346 0.3409347 0.1667481 0.0998923 0.3047909 0.2153644 0.3815625 0.2722653 0.5099078 0.2021928 0.3728286 0.3864626 0.3691960 0.3316585 0.2041658 0.5566053 0.2613060 0.0000000 0.2478918 0.1848210 0.3878254 0.3585848 0.3605486 0.3895811 0.5370277 0.2081605 0.3802900 0.7103612 0.3596631 0.3526228 0.4161394 0.5375966 0.3463166 0.3626585 0.3036086 0.3322080 0.3503762 0.3545585 0.3411321 0.3045449 0.3303305 0.1828653 0.2683341 0.2981168 0.3799908 0.4184327 0.5830017 0.1941626 0.3618629 0.1811386 0.3388148 0.3010573 0.1178748 0.1391879 0.4226574 0.3392142 0.4337114 0.3802856 0.1549014 0.1727312 0.1928048 0.3309151 0.1767660 0.2940793 0.3746591 0.3619099 0.3702327 0.1698688 0.0790845 0.3215665 
Perityle_cuneata_4                         0.5212863 0.1955081 0.3411374 0.3773205 0.2876210 0.2123217 0.3219476 0.2431693 0.3227070 0.2497920 0.2713477 0.3539393 0.3537805 0.7249447 0.3048478 0.1700072 0.0991296 0.4006634 0.2863138 0.3842059 0.2577663 0.4580535 0.2286347 0.3552942 0.3614266 0.3441436 0.3294721 0.3180273 0.5788583 0.3182708 0.2478918 0.0000000 0.2377117 0.3644883 0.3437066 0.4967415 0.3799852 0.5775672 0.3383863 0.3569053 0.7415767 0.4916042 0.3508330 0.4095783 0.5475103 0.3405263 0.3512412 0.2926610 0.4700279 0.3287476 0.3388896 0.3100495 0.2936563 0.3071976 0.2119032 0.2955917 0.2876087 0.3544208 0.4253052 0.5458362 0.2525824 0.3563110 0.2561848 0.3373961 0.2664512 0.1133282 0.1587143 0.4263424 0.2903857 0.4746759 0.3482359 0.1761934 0.1979319 0.1899346 0.2922486 0.2477283 0.2276334 0.3711558 0.3814078 0.3580532 0.2385482 0.2181305 0.3296971 
Perityle_discoidea_81                      0.3554482 0.1730856 0.1996821 0.3339652 0.1739630 0.1653134 0.2515271 0.1954054 0.2636201 0.0062888 0.1147255 0.2685630 0.2751447 0.5770564 0.2751331 0.1997623 0.0778882 0.3323090 0.2626586 0.2784282 0.2534951 0.3838974 0.2103385 0.2708377 0.3053787 0.2726055 0.2603772 0.2556602 0.4375930 0.1347778 0.1848210 0.2377117 0.0000000 0.2890669 0.2713879 0.4154103 0.2828221 0.4729528 0.2663929 0.2790872 0.6302188 0.4068137 0.2647422 0.4095829 0.4866816 0.2597339 0.2607322 0.2819923 0.3787955 0.2489886 0.2851397 0.2772665 0.2751365 0.2808117 0.1995726 0.2885886 0.2674338 0.2674115 0.3038853 0.5253682 0.2058989 0.2585389 0.1975756 0.2695080 0.2426308 0.0932347 0.0835614 0.3340644 0.2319094 0.3465884 0.2730513 0.1516233 0.1993278 0.1927668 0.2632578 0.1963401 0.2273705 0.2717320 0.3409655 0.2760844 0.1193929 0.2240489 0.2426357 
Perityle_dissecta_201                      0.6150057 0.2278275 0.4484582 0.4421803 0.2655342 0.3209312 0.3968788 0.2880387 0.4219935 0.3033632 0.2844857 0.0694865 0.0653179 0.2520802 0.0518333 0.2497756 0.0376932 0.6693032 0.3792072 0.0715132 0.0356125 0.0605506 0.2122701 0.0725021 0.0658590 0.0873409 0.1027554 0.4247463 0.5630092 0.4395252 0.3878254 0.3644883 0.2890669 0.0000000 0.3619532 0.6655010 0.0482599 0.6196184 0.4397268 0.0753113 0.2875109 0.6654893 0.0590911 0.5671794 0.6118348 0.0766454 0.0598322 0.1024253 0.6244564 0.0830436 0.0554267 0.0657219 0.2932775 0.0521472 0.2699872 0.3206699 0.0578003 0.0651203 0.0642872 0.5457981 0.3583703 0.0796073 0.3488144 0.1060963 0.2991526 0.0918105 0.0444642 0.1410681 0.0916455 0.4860762 0.0731877 0.0583724 0.1466198 0.0478790 0.2923915 0.3322484 0.0749477 0.0835806 0.3902780 0.0665504 0.3154565 0.3201323 0.4132835 
Perityle_emoryi_47_punta_san_jose          0.1380762 0.0545415 0.1255376 0.3953999 0.2935804 0.1279766 0.3574517 0.1932394 0.4542598 0.2791038 0.2719020 0.3331333 0.3325230 0.4275337 0.3375450 0.4242322 0.3336809 0.2220136 0.4183914 0.3377696 0.3389017 0.1846034 0.2177746 0.3418814 0.3296351 0.3342742 0.3487855 0.3711464 0.1830075 0.1121792 0.3585848 0.3437066 0.2713879 0.3619532 0.0000000 0.2729422 0.3285548 0.3799616 0.3336096 0.3352883 0.4537125 0.2666289 0.3202497 0.2702458 0.3734103 0.3343845 0.3240001 0.3450694 0.2657834 0.3177244 0.3406953 0.3569611 0.3545082 0.3052889 0.3356400 0.2660593 0.3117964 0.3340417 0.3346906 0.3506180 0.3793483 0.3375211 0.3386633 0.3446096 0.3218259 0.2507561 0.0870486 0.3824245 0.2902853 0.3019619 0.3301999 0.3159522 0.3820108 0.1668105 0.3435086 0.4082208 0.3380669 0.3579274 0.1900051 0.3262209 0.3121427 0.2651151 0.1442983 
Perityle_feddemae_99                       0.3088760 0.1612035 0.2650692 0.5994658 0.4354284 0.1947670 0.4473869 0.2597603 0.5298011 0.4207042 0.4217194 0.6565189 0.6468632 0.7053260 0.5547482 0.4288470 0.5624018 0.3794719 0.3167636 0.6518966 0.6105420 0.4518987 0.2085962 0.6258203 0.5712241 0.6258941 0.6275569 0.2879134 0.3851920 0.2288704 0.3605486 0.4967415 0.4154103 0.6655010 0.2729422 0.0000000 0.6495726 0.5340333 0.2739879 0.6283020 0.7766751 0.0328432 0.6061466 0.0278196 0.4876853 0.6136422 0.6112861 0.5827746 0.0317264 0.6308910 0.5832957 0.6141436 0.6041819 0.5098528 0.2860545 0.1963773 0.4851569 0.6231414 0.5844414 0.5708304 0.3656128 0.6176319 0.3392859 0.6301318 0.5570632 0.4270924 0.1340236 0.6650344 0.6011454 0.4883530 0.6377291 0.4641073 0.5134025 0.1838799 0.5665907 0.3469463 0.5768452 0.6532423 0.2783153 0.6208876 0.4229235 0.2430769 0.3065241 
Perityle_fosteri_93                        0.6102870 0.2011680 0.4421722 0.4153444 0.2729465 0.2746638 0.3834441 0.2689053 0.4382880 0.3133866 0.3007731 0.0587826 0.0630113 0.2438700 0.0520363 0.2681165 0.0307747 0.6577453 0.3817765 0.0658630 0.0320084 0.0679372 0.1685395 0.0676875 0.0678830 0.0850869 0.1051172 0.4301713 0.5485110 0.4454678 0.3895811 0.3799852 0.2828221 0.0482599 0.3285548 0.6495726 0.0000000 0.5913494 0.4326136 0.0704068 0.2599639 0.6413197 0.0574664 0.5272016 0.5761345 0.0824967 0.0585851 0.1141531 0.6124603 0.0852473 0.0538142 0.0696054 0.3329646 0.0502570 0.2623099 0.2869723 0.0557407 0.0629195 0.0742064 0.5333600 0.3991137 0.0767595 0.3746290 0.1119029 0.2971249 0.0605071 0.0220483 0.1344762 0.0927530 0.4537312 0.0700137 0.0461778 0.1574675 0.0317354 0.2917646 0.3696618 0.0784585 0.0825589 0.3768136 0.0688119 0.3289192 0.2908780 0.4123365 
Perityle_gamon_221                         0.5969422 0.2184144 0.5016014 0.6492793 0.4899524 0.2406646 0.5664500 0.3572227 0.5799815 0.4995434 0.5039994 0.6261546 0.6024222 0.7421380 0.5135152 0.4103503 0.4486637 0.5688616 0.5908243 0.6161677 0.5489758 0.4758728 0.2974624 0.5890020 0.5417332 0.5852280 0.6167865 0.4498608 0.6065957 0.4319583 0.5370277 0.5775672 0.4729528 0.6196184 0.3799616 0.5340333 0.5913494 0.0000000 0.4051618 0.5762154 0.8190424 0.5243055 0.5594202 0.4379975 0.0665968 0.5750535 0.5859729 0.5481218 0.4926028 0.5234825 0.5381821 0.5596014 0.5849760 0.5234194 0.3869512 0.2506845 0.4909329 0.5967689 0.5880660 0.5810866 0.5140707 0.6323153 0.5035906 0.6126249 0.5150472 0.3147429 0.1529416 0.6131061 0.4923314 0.5875771 0.5935844 0.4446873 0.4415383 0.2648700 0.5173163 0.5336576 0.5189895 0.6424316 0.3279684 0.5994714 0.5586486 0.3771098 0.4021525 
Perityle_gentryi_8_san_francisco           0.3658669 0.2601286 0.3010826 0.3285902 0.2485257 0.2727728 0.2924568 0.3026273 0.3885855 0.2844948 0.2479871 0.4149126 0.4331067 0.5283816 0.3265187 0.0071935 0.0417333 0.4428842 0.2447439 0.4291352 0.2801356 0.4228012 0.2763370 0.4291004 0.3590542 0.4094114 0.4044039 0.2710961 0.4758411 0.2746130 0.2081605 0.3383863 0.2663929 0.4397268 0.3336096 0.2739879 0.4326136 0.4051618 0.0000000 0.4340651 0.5299489 0.2667439 0.3966521 0.2874687 0.4111346 0.3851287 0.4216565 0.2637319 0.2600419 0.3577306 0.3591576 0.3846485 0.3447341 0.3077729 0.2344838 0.3064148 0.3040084 0.4320658 0.4146898 0.3899123 0.2221242 0.4003245 0.2360143 0.4171475 0.3446401 0.0152717 0.1378410 0.4981209 0.3389485 0.3781025 0.4370822 0.1868180 0.1931548 0.2175061 0.3886346 0.2098187 0.2933329 0.4074998 0.3362799 0.4258969 0.2793640 0.2140527 0.3268008 
Perityle_gilensis_22_Superstition          0.5840687 0.2010762 0.4365711 0.4344839 0.2831213 0.2904229 0.4099102 0.2684221 0.4198707 0.3002445 0.3104161 0.0872184 0.0813315 0.2409023 0.0318369 0.2268527 0.0826996 0.6640784 0.3840147 0.0930628 0.0690323 0.0579800 0.1960666 0.0360954 0.0641339 0.0690313 0.0935027 0.4221161 0.5566440 0.4554980 0.3802900 0.3569053 0.2790872 0.0753113 0.3352883 0.6283020 0.0704068 0.5762154 0.4340651 0.0000000 0.2526759 0.6282244 0.0684728 0.5250956 0.5610373 0.0699861 0.0688171 0.0833769 0.6017205 0.0520663 0.0424018 0.0455998 0.2930159 0.0377826 0.2597343 0.2994263 0.0489390 0.0729529 0.0592593 0.5273779 0.3418772 0.0932583 0.3363226 0.0998947 0.3024996 0.1103518 0.0540702 0.1166466 0.0529424 0.4650201 0.0810968 0.0732196 0.1052502 0.0315561 0.2931670 0.3289485 0.0496998 0.0973866 0.3586815 0.0770846 0.3132006 0.2909424 0.4130944 
Perityle_gilensis_salensis_225             0.7366546 0.2426536 0.6278710 0.7500748 0.6045054 0.2902819 0.7226038 0.3219369 0.7344865 0.6355573 0.6007602 0.2981650 0.2823581 0.0620527 0.2194395 0.5770112 0.5751819 0.6889667 0.5786828 0.2938280 0.3164256 0.0701296 0.1952384 0.2623280 0.2252333 0.2782857 0.3205468 0.6593258 0.6498724 0.4557095 0.7103612 0.7415767 0.6302188 0.2875109 0.4537125 0.7766751 0.2599639 0.8190424 0.5299489 0.2526759 0.0000000 0.7746926 0.2936154 0.6954593 0.7806804 0.3042589 0.2881953 0.3540535 0.7259666 0.3210233 0.2364734 0.2738461 0.6354539 0.1945332 0.4908361 0.3268420 0.2093054 0.2933871 0.2237040 0.6853834 0.6909388 0.2951302 0.6419288 0.3202521 0.6419210 0.4627809 0.0632394 0.2989553 0.3211922 0.6009529 0.3022765 0.3875042 0.5361789 0.0275175 0.6258257 0.6922320 0.3137800 0.3004475 0.4257226 0.2999494 0.6423789 0.4536068 0.5092192 
Perityle_glaucescens_94                    0.3134210 0.1626106 0.2566099 0.6022980 0.4370648 0.1895372 0.4385390 0.2559355 0.5256467 0.4139223 0.4216585 0.6472464 0.6429908 0.6985073 0.5486816 0.4361398 0.5539467 0.3876394 0.3143743 0.6371963 0.6122407 0.4505214 0.2103412 0.6192078 0.5459319 0.6182086 0.6107377 0.2982767 0.3837182 0.2222307 0.3596631 0.4916042 0.4068137 0.6654893 0.2666289 0.0328432 0.6413197 0.5243055 0.2667439 0.6282244 0.7746926 0.0000000 0.6018541 0.0184301 0.4815288 0.6102640 0.6079308 0.5856551 0.0208633 0.6262444 0.5647951 0.6076429 0.6051607 0.4996622 0.2766518 0.2103974 0.4697097 0.6220909 0.5776761 0.5711181 0.3680002 0.6147592 0.3454112 0.6196033 0.5446460 0.4394385 0.1349882 0.6593155 0.6010167 0.4784897 0.6332358 0.4653888 0.5177641 0.1851998 0.5558047 0.3508332 0.5826128 0.6476622 0.2677769 0.6209890 0.4211338 0.2442303 0.3034945 
Perityle_gracilis_11                       0.5600615 0.1835615 0.3923548 0.4162623 0.2495046 0.3033841 0.3902733 0.2646739 0.4148388 0.2805312 0.2722861 0.0700434 0.0697069 0.2626832 0.0577924 0.2504598 0.0392734 0.6138871 0.3644722 0.0760068 0.0604578 0.0112856 0.1891439 0.0776833 0.0643040 0.0877904 0.0934711 0.3840448 0.5407027 0.4098422 0.3526228 0.3508330 0.2647422 0.0590911 0.3202497 0.6061466 0.0574664 0.5594202 0.3966521 0.0684728 0.2936154 0.6018541 0.0000000 0.5180660 0.5561575 0.0884821 0.0027165 0.0799814 0.5743325 0.0823982 0.0557812 0.0713117 0.2745289 0.0522951 0.2359602 0.2646228 0.0579145 0.0081618 0.0351219 0.5190745 0.3463631 0.0717722 0.3323715 0.0987596 0.2875889 0.0748036 0.0588328 0.1254202 0.0699287 0.4391026 0.0136523 0.0171805 0.1576274 0.0355776 0.2701718 0.3383379 0.0747352 0.0776109 0.3599013 0.0123034 0.2884702 0.2791726 0.3968073 
Perityle_harkerae_31                       0.3432857 0.1622455 0.2887686 0.5598088 0.4538024 0.1985456 0.4404544 0.2472944 0.4482875 0.4210976 0.4192005 0.5614772 0.5423351 0.6103063 0.4813643 0.4477661 0.5519849 0.1357922 0.3553977 0.5400373 0.5606044 0.2987571 0.2014874 0.5330649 0.4451952 0.5125301 0.5429766 0.3339132 0.2823798 0.1672336 0.4161394 0.4095783 0.4095829 0.5671794 0.2702458 0.0278196 0.5272016 0.4379975 0.2874687 0.5250956 0.6954593 0.0184301 0.5180660 0.0000000 0.3858510 0.5263748 0.5187737 0.5377106 0.0118332 0.5127450 0.4812775 0.5331179 0.5347163 0.4230135 0.2839339 0.2142064 0.4085240 0.5295614 0.4524456 0.5371972 0.3968689 0.5216472 0.4045032 0.5517792 0.4535731 0.4332929 0.1348152 0.5559003 0.4970759 0.4258636 0.5375784 0.4641040 0.5166323 0.1849777 0.4796674 0.3996700 0.5134591 0.5550967 0.2392198 0.5261136 0.4296761 0.2520643 0.2991704 
Perityle_hofmeisteria_4_nombre_de_dios     0.5880457 0.2002137 0.5146778 0.6388375 0.5081416 0.2476244 0.5461730 0.3495653 0.5727877 0.4968919 0.5251844 0.6176072 0.5955003 0.7136909 0.5160078 0.4117543 0.4535806 0.5597885 0.5653326 0.6074179 0.5511735 0.4615133 0.2890941 0.5793901 0.5431750 0.5755787 0.5853841 0.4678416 0.5679713 0.4349164 0.5375966 0.5475103 0.4866816 0.6118348 0.3734103 0.4876853 0.5761345 0.0665968 0.4111346 0.5610373 0.7806804 0.4815288 0.5561575 0.3858510 0.0000000 0.5646401 0.5705629 0.5422581 0.4439506 0.5255240 0.5353029 0.5585879 0.5641969 0.5305873 0.3965495 0.2646189 0.4896044 0.5779185 0.5724091 0.5492880 0.4922012 0.6142691 0.5102451 0.5870253 0.5269803 0.3125511 0.1521312 0.6186015 0.4879324 0.5838659 0.5748642 0.4266669 0.4542624 0.2472839 0.5309256 0.5172822 0.5214636 0.6305947 0.3049672 0.5805754 0.5613323 0.3868634 0.3991845 
