83
Amauria_brandeegeana_62                    0.0000000 0.0000010 2.0123364 0.0000010 1.3952280 0.0000010 1.3696132 0.0000010 8.9999987 9.0000000 1.0753576 0.8232398 1.7370559 0.0000010 0.0000010 0.0491643 0.2977223 1.3601099 0.4582585 0.0000010 0.7146978 1.0547222 0.0000010 1.2365554 1.1400551 1.0547222 0.7941836 0.8474141 1.3683143 0.0000010 0.0000010 1.3242499 0.4585622 0.0000010 0.9454740 1.0613161 0.0000010 0.0000010 1.0774826 1.2085149 0.5945257 0.5945257 0.1584191 1.0547222 0.0000010 1.2682812 0.9193257 0.7323744 1.0547222 0.4516476 0.0000010 0.8386086 0.9535021 1.3897054 0.8132786 0.0000010 0.0000010 1.0547222 0.9918085 0.0000010 0.0000010 0.0000010 0.8741595 0.8990721 0.7237985 0.0668854 0.4597205 0.7876666 0.9535021 0.0000010 1.0547222 0.9360299 0.9009313 0.0000010 9.0000000 1.0590833 0.8985211 0.0663008 1.3696132 1.0992573 0.0000010 0.0000010 0.5198996 
Amauria_carterae_99_mesa                   0.0000010 0.0000000 0.0648111 0.3138713 0.0951601 0.4261911 0.1610153 0.4600320 0.2841240 0.0753432 0.0915026 0.0825944 0.1258895 0.8083955 0.0710344 0.0000010 0.5061358 0.1257615 0.8154821 0.5506121 0.0758000 0.1282372 0.1192454 0.3740664 0.1281502 0.1309602 0.5156284 0.0735508 0.3449542 0.5987555 0.0705721 0.1403032 0.7099381 1.1871874 0.4959750 0.0727011 0.5764252 0.9107144 0.1557895 0.1385259 0.7396137 0.7396137 0.6252789 0.1311660 0.5547949 0.1647431 0.1352649 0.1338501 0.1408909 0.5663343 0.6176441 0.5027889 0.1356231 0.5206648 0.1304329 0.0827807 0.6516497 0.1384711 0.1276053 0.1336705 0.1233771 0.0708125 0.5177683 0.1230031 0.0690152 0.1261751 0.7860881 0.5172446 0.1981022 0.0777277 0.1258895 0.1164144 0.0712261 0.1159403 0.0625308 0.1638137 0.0713428 0.6535349 0.5130066 0.1332014 0.0594695 0.0624639 0.6621241 
Amauria_rotundifolia_SRR9119150            2.0123364 0.0648111 0.0000000 0.3529403 0.1524583 0.4442465 0.2098780 0.4718321 0.3704278 0.1018000 0.1849412 0.1606410 0.2485960 0.8746491 0.0830720 1.3090949 0.6966127 0.2367720 0.8542548 0.5298291 0.1175096 0.1977231 0.1229720 0.5171548 0.2256630 0.1998262 0.6879272 0.1642789 0.4860434 0.5935894 0.0837782 0.2094318 0.8352280 1.1528740 0.6750730 0.1210693 0.5645651 0.9796969 0.2213663 0.1914163 0.7962960 0.7877038 0.7373838 0.2016963 0.5425819 0.2266695 0.2099932 0.1737945 0.2089428 0.5701491 0.6132215 0.6885865 0.2066450 0.7082149 0.2051758 0.0961616 0.6298470 0.2072586 0.1998982 0.1318802 0.1157730 0.0858827 0.6965441 0.1870493 0.1298802 0.2922477 0.8091530 0.6729430 0.2714317 0.1029567 0.1998333 0.2032758 0.1431627 0.1194885 0.1664476 0.2244997 0.1591211 0.8365107 0.5375321 0.2030961 0.0718933 0.0745911 0.6422764 
Conoclinium_coelestinum_SRR9119114         0.0000010 0.3138713 0.3529403 0.0000000 0.4049859 0.4770411 0.3538795 0.5089195 0.6303616 0.3931018 0.4067636 0.3957428 0.4189666 0.9679448 0.4063454 0.9416145 0.5230129 0.4465321 0.7329968 0.4911649 0.3847997 0.3676481 0.2597892 0.4782854 0.4104435 0.3729736 0.5038526 0.4207603 0.4843025 0.5535124 0.2957902 0.3942977 0.6551244 1.0646404 0.5232192 0.3543612 0.5728207 1.0389551 0.3810450 0.3885704 0.6272983 0.6224497 0.6233887 0.3729806 0.5311937 0.4064536 0.3791767 0.3780485 0.3825945 0.5423376 0.5895356 0.5201511 0.3770239 0.5245762 0.3671824 0.3726046 0.5777413 0.3783389 0.3700176 0.3642858 0.2385405 0.3127470 0.5248195 0.3865137 0.3652620 0.4164604 0.6661366 0.5174588 0.3307199 0.3908400 0.3704702 0.2788611 0.3783496 0.2980252 0.3691436 0.3945346 0.3491075 0.7526962 0.5762560 0.3726631 0.4433014 0.3724609 0.5948163 
Eutetras_palmeri_63                        1.3952280 0.0951601 0.1524583 0.4049859 0.0000000 0.4266252 0.2097439 0.4843691 0.3876133 0.1390695 0.1181448 0.1325996 0.2184603 0.9919063 0.1085570 1.0588921 0.6761080 0.2599132 0.8094454 0.5127462 0.1180668 0.1698054 0.1615667 0.5573072 0.2557986 0.1716185 0.6715525 0.1364032 0.5331052 0.5732072 0.0892595 0.1770214 0.9159460 1.1349603 0.6424490 0.1231098 0.5528534 0.9735806 0.1863287 0.1747716 0.8800392 0.8780104 0.6698723 0.1790446 0.5220877 0.2102567 0.1812483 0.1718695 0.1795165 0.5423492 0.5884094 0.6572540 0.1713562 0.7481275 0.1751843 0.1177657 0.6035578 0.1781232 0.1695503 0.1218435 0.1316094 0.1068760 0.6641858 0.1474076 0.1152929 0.3160509 0.7939963 0.6518005 0.2111738 0.1220759 0.1683051 0.1504433 0.1174557 0.1276311 0.1411148 0.1933049 0.1324156 0.7879043 0.5429221 0.1730285 0.0952675 0.0909994 0.6887834 
Eutetras_pringlei_149_quer                 0.0000010 0.4261911 0.4442465 0.4770411 0.4266252 0.0000000 0.4511668 0.4951481 0.4873732 0.4255195 0.4436101 0.4313369 0.4140878 0.7373766 0.4244471 0.0000010 0.4549267 0.5015713 0.7786990 0.6115054 0.4267120 0.4200875 0.3323574 0.4456996 0.4304904 0.4089919 0.4545991 0.4425564 0.3969106 0.6754421 0.4101226 0.4419273 0.6941726 1.0483547 0.4478236 0.4055246 0.6562375 1.0086361 0.4273893 0.4178327 0.6852474 0.6852474 0.6382119 0.4254889 0.6209969 0.3958831 0.4377295 0.4440139 0.4202082 0.6371278 0.6823842 0.4491272 0.4338905 0.4603335 0.4129725 0.4340921 0.6751859 0.4200612 0.4089919 0.4168755 0.3510369 0.4039917 0.4538208 0.4322667 0.4080954 0.4249341 0.7163555 0.4559824 0.3889425 0.4258976 0.4140878 0.4091429 0.4313107 0.4158532 0.4162053 0.4025824 0.4312450 0.6903279 0.4299976 0.4192269 0.2852851 0.3996848 0.6269813 
Eutrochium_fistulosum_SRR9119106           1.3696132 0.1610153 0.2098780 0.3538795 0.2097439 0.4511668 0.0000000 0.4802228 0.4189056 0.2266874 0.2229121 0.2205067 0.2416222 1.0066868 0.2022923 0.8959207 0.6719115 0.2598187 0.7880257 0.5066970 0.2135556 0.1999988 0.1891683 0.5591644 0.2822298 0.2021004 0.6714854 0.2389288 0.5555789 0.5621676 0.1647412 0.2088561 0.9233009 1.0909795 0.6631309 0.2048231 0.5343945 0.9810055 0.2044091 0.2122986 0.8152287 0.8023385 0.6146394 0.2052347 0.5120994 0.2208422 0.2132782 0.2106772 0.2110886 0.5228579 0.5814380 0.6649862 0.1968126 0.7026975 0.1944734 0.2036073 0.5925297 0.2076560 0.2002026 0.2118958 0.1507433 0.1764274 0.6817485 0.2230068 0.2094896 0.3456829 0.7476665 0.6707728 0.2347578 0.2149954 0.1983118 0.1727659 0.2093112 0.1597235 0.2109916 0.2357934 0.2061918 0.7375384 0.5501373 0.2036611 0.2026747 0.1707458 0.6241957 
Galeana_pratensis_104_mex                  0.0000010 0.4600320 0.4718321 0.5089195 0.4843691 0.4951481 0.4802228 0.0000000 0.4461149 0.4898311 0.4867538 0.4868916 0.4633640 0.6870956 0.4824168 0.0000010 0.2628098 0.4730094 0.6397119 0.5594116 0.4824168 0.4632668 0.3705534 0.5326298 0.4919716 0.4685910 0.2705190 0.4838474 0.5388789 0.5835377 0.4298157 0.4692687 0.6479407 1.2068843 0.2539529 0.4915524 0.5985755 1.1149361 0.4824033 0.4622281 0.7426418 0.7426418 0.6165832 0.4568446 0.5979714 0.4842440 0.4799048 0.4674691 0.4660949 0.6031072 0.6143022 0.2669603 0.4509771 0.2705712 0.4641402 0.4580173 0.6561301 0.4782892 0.4491558 0.4684526 0.3948579 0.4547463 0.2755064 0.4803797 0.4986449 0.4828037 0.6186618 0.2678816 0.4534633 0.4832784 0.4633640 0.4531519 0.5002013 0.4432128 0.4817049 0.4769026 0.4720678 0.6857243 0.2868142 0.4676725 0.2946340 0.4542255 0.6552847 
Helianthus_annuus_SRR9119062               8.9999987 0.2841240 0.3704278 0.6303616 0.3876133 0.4873732 0.4189056 0.4461149 0.0000000 0.4218695 0.3936079 0.4013912 0.4052890 0.9253676 0.3231364 1.6062192 0.7746224 0.4082665 0.8002629 0.4955788 0.3935872 0.3823162 0.2553357 0.5740508 0.3776882 0.3776976 0.7826966 0.4049847 0.5766317 0.5719291 0.2899007 0.3751537 0.8317543 1.1579630 0.7531992 0.3735440 0.5070948 1.0392094 0.3960198 0.3719876 0.8028221 0.8080254 0.6366464 0.3878782 0.4789412 0.4040331 0.3746594 0.3932640 0.3883661 0.4813949 0.5771591 0.7773849 0.3795498 0.8145714 0.3774872 0.2925929 0.6046837 0.3821659 0.3796354 0.3129875 0.1811749 0.2433287 0.7855173 0.4216313 0.3862511 0.5129593 0.7615836 0.7697158 0.4540453 0.4060801 0.3769883 0.3515447 0.3912253 0.2729275 0.4104391 0.3947516 0.3686112 0.8583154 0.5444424 0.3846303 0.2137176 0.2410923 0.6176516 
Lycapsus_tenuifolius_17                    9.0000000 0.0753432 0.1018000 0.3931018 0.1390695 0.4255195 0.2266874 0.4898311 0.4218695 0.0000000 0.1494649 0.1200537 0.2111625 1.0124375 0.0896403 1.2249217 0.7064165 0.2054684 0.7393495 0.5407532 0.1173149 0.1757201 0.1441878 0.5637302 0.2567662 0.1793548 0.7062967 0.1354522 0.5273705 0.5637546 0.0119928 0.1744181 0.8399509 1.0099561 0.6952051 0.1168268 0.5259421 0.9833325 0.1856262 0.1603976 0.7975884 0.7950658 0.5850776 0.1755252 0.5064078 0.2035283 0.1775497 0.1790921 0.1917428 0.5122516 0.5624419 0.7000135 0.1756999 0.7090344 0.1767785 0.1031181 0.6289317 0.1795154 0.1773587 0.1453674 0.1152663 0.0863463 0.7122144 0.1578966 0.1173081 0.3012859 0.7492592 0.7075575 0.2132098 0.0083469 0.1757201 0.1557856 0.1093375 0.1298291 0.1231129 0.1971095 0.1101485 0.7553593 0.5416826 0.1792406 0.0869319 0.0897623 0.5280127 
Pericome_caudata_50_silver                 1.0753576 0.0915026 0.1849412 0.4067636 0.1181448 0.4436101 0.2229121 0.4867538 0.3936079 0.1494649 0.0000000 0.1260490 0.2291329 1.0119267 0.1084565 0.9719013 0.6751929 0.2640210 0.8639623 0.5433079 0.1180185 0.1500537 0.1423397 0.5416853 0.2463268 0.1501384 0.6838193 0.1216032 0.5328982 0.6000025 0.0885649 0.1613027 0.8955341 1.1245390 0.6643410 0.1197739 0.5535702 0.9932971 0.1562373 0.1649260 0.8166667 0.8179406 0.6860787 0.1558446 0.5310498 0.1799923 0.1467792 0.1543985 0.1610423 0.5430771 0.6435010 0.6878145 0.1390286 0.7524937 0.1458349 0.0974499 0.6382771 0.1564085 0.1481837 0.1161395 0.0733387 0.0959915 0.6918900 0.1477921 0.1153903 0.3125953 0.8199009 0.6586319 0.1828312 0.1373462 0.1469538 0.1208226 0.1153642 0.1034494 0.1508813 0.1823391 0.1181131 0.7739856 0.5203034 0.1529830 0.1045934 0.0827777 0.6612982 
Perityle_aglossa_84_dead_horse             0.8232398 0.0825944 0.1606410 0.3957428 0.1325996 0.4313369 0.2205067 0.4868916 0.4013912 0.1200537 0.1260490 0.0000000 0.2321809 0.9777019 0.0156846 0.8269877 0.6890245 0.2718732 0.8375214 0.5444022 0.0170037 0.1678089 0.0833105 0.5502746 0.2484749 0.1694926 0.6909731 0.0974400 0.5277841 0.6121432 0.0862558 0.1727594 0.8602262 1.0568409 0.6815680 0.0584043 0.5809922 1.0029000 0.1724718 0.1710101 0.8183169 0.8105315 0.6749352 0.1721595 0.5505723 0.2001885 0.1696277 0.1660821 0.1805388 0.5696229 0.5987969 0.6923608 0.1616566 0.7796165 0.1724779 0.0976062 0.6453069 0.1758511 0.1645894 0.1367115 0.1266210 0.0416156 0.6993999 0.1437427 0.0525627 0.3144612 0.7926420 0.6774885 0.1996041 0.1096625 0.1662541 0.1458053 0.0365312 0.1244391 0.1373903 0.1727388 0.0563108 0.7904366 0.5410103 0.1708734 0.0326230 0.0922863 0.6156358 
Perityle_ajoensis_204                      1.7370559 0.1258895 0.2485960 0.4189666 0.2184603 0.4140878 0.2416222 0.4633640 0.4052890 0.2111625 0.2291329 0.2321809 0.0000000 1.0193282 0.1476166 1.4387793 0.7018022 0.2663931 0.8916725 0.5086384 0.1950715 0.0843959 0.1595580 0.5706384 0.1725640 0.0830350 0.6952055 0.2488298 0.5648610 0.5718144 0.1258935 0.2140576 0.9232057 1.0104461 0.6581895 0.1892861 0.5350051 0.9552788 0.1648907 0.0895844 0.8659019 0.8510850 0.6850239 0.1030044 0.5124572 0.1778036 0.1126517 0.0855251 0.0928910 0.5170258 0.5779855 0.6875597 0.1043037 0.7439447 0.0974474 0.1486700 0.5996820 0.0886819 0.0822394 0.1260594 0.0934038 0.1208504 0.7018803 0.2150435 0.1973096 0.3939288 0.8328410 0.6680619 0.2187341 0.1917550 0.0801942 0.1135940 0.2185764 0.0022401 0.2513817 0.1897497 0.2445913 0.8295497 0.5164053 0.0843504 0.1399100 0.1461406 0.6499875 
Perityle_ambrosiifolia_67_green            0.0000010 0.8083955 0.8746491 0.9679448 0.9919063 0.7373766 1.0066868 0.6870956 0.9253676 1.0124375 1.0119267 0.9777019 1.0193282 0.0000000 0.9579215 0.0000010 0.9421764 1.0367982 0.3172884 0.0130118 0.9610846 1.0348914 0.6062476 1.0141664 1.0200841 1.0293498 0.9315233 1.0021389 0.9320592 0.1181876 0.7176842 0.9853674 0.4063937 1.6679259 0.9367818 0.9301232 0.1485753 1.4329037 1.0097900 1.0387502 0.6995074 0.6871245 0.1528788 1.0087831 0.1381848 1.0540623 1.0024969 1.0085001 1.0530187 0.1432353 0.1276157 0.9235363 0.9956391 0.9467927 0.9464201 0.8393896 0.1182293 1.0404404 1.0369032 0.8699946 0.6159948 0.7155414 0.9662297 1.0034538 0.9868179 0.8550654 0.2643803 0.9474176 0.8214566 1.0262326 1.0193282 0.6911990 0.9693381 0.7117141 0.9224105 1.0473158 0.8900432 0.0945407 0.6825746 1.0404522 0.9349205 0.9003487 0.4180221 
Perityle_angustifolia_13_Eagle_creek       0.0000010 0.0710344 0.0830720 0.4063454 0.1085570 0.4244471 0.2022923 0.4824168 0.3231364 0.0896403 0.1084565 0.0156846 0.1476166 0.9579215 0.0000000 0.0000010 0.6172376 0.1777683 0.8033813 0.5354922 0.0093763 0.1495416 0.0726762 0.4517858 0.2469883 0.1516102 0.6128960 0.0818814 0.4336237 0.5949990 0.0836857 0.1669055 0.8310018 1.0954271 0.6087757 0.0418732 0.5726289 1.0099693 0.1525694 0.1524000 0.8032035 0.8032035 0.6296322 0.1511905 0.5421577 0.1681696 0.1528876 0.1533024 0.1653165 0.5535418 0.5912558 0.6137962 0.1438486 0.6231895 0.1554846 0.0839903 0.6355389 0.1574931 0.1473211 0.1315605 0.1187642 0.0320932 0.6264688 0.1235925 0.0414762 0.2851778 0.7567917 0.6106299 0.1960873 0.0933133 0.1476166 0.1193479 0.0188669 0.1188594 0.0829772 0.1648104 0.0346285 0.6572098 0.5534610 0.1515088 0.0206640 0.0779019 0.6153761 
Perityle_batopilensis_97                   0.0491643 0.0000010 1.3090949 0.9416145 1.0588921 0.0000010 0.8959207 0.0000010 1.6062192 1.2249217 0.9719013 0.8269877 1.4387793 0.0000010 0.0000010 0.0000000 0.6694743 1.2884267 0.4582585 0.0000010 0.8131074 1.0208892 0.0000010 1.4034871 1.0054416 1.0208892 0.9709959 0.8466183 1.6601713 0.0000010 0.0000010 1.0933035 0.4585622 0.0000010 1.0492801 0.8412692 0.0000010 0.0000010 1.0253239 1.1130188 0.7238507 0.7238507 0.1808381 1.0490568 0.0000010 1.1227831 0.9934467 0.9623243 1.0208892 0.4516476 0.0000010 0.9978976 0.9766873 1.4108616 0.9193216 0.0000010 0.0000010 1.0208892 0.9936532 1.0828502 0.0000010 0.0000010 1.0269087 0.9140258 0.7687853 0.3344675 0.4597205 1.0257214 0.9766873 0.9927113 1.0208892 0.9685918 0.8444805 0.0000010 1.5217153 1.0170359 0.8668216 0.1119520 1.0678565 1.0398421 0.0000010 0.0000010 0.8488491 
Perityle_bisetosa_9                        0.2977223 0.5061358 0.6966127 0.5230129 0.6761080 0.4549267 0.6719115 0.2628098 0.7746224 0.7064165 0.6751929 0.6890245 0.7018022 0.9421764 0.6172376 0.6694743 0.0000000 0.7342487 0.7213313 0.5659709 0.6617743 0.6668296 0.3567259 0.5854331 0.7093209 0.6738795 0.0709595 0.6958545 0.4324214 0.5669817 0.4569004 0.7225928 0.6846468 1.1473688 0.0228457 0.6366989 0.5997752 1.1580810 0.6927071 0.6926967 0.7138610 0.7097976 0.5875719 0.6757273 0.5795794 0.6704902 0.6828111 0.6570486 0.6748639 0.5929029 0.6347831 0.0320755 0.6623940 0.1070569 0.6602689 0.5408866 0.6924052 0.6738137 0.6724699 0.5366699 0.3453062 0.4586655 0.0422024 0.6884944 0.6711235 0.6006381 0.6981994 0.0172622 0.6065776 0.6997666 0.6695480 0.5566243 0.6853754 0.4357294 0.7159510 0.7115169 0.6395818 0.7700299 0.2835638 0.6723164 0.5386487 0.5406476 0.6604975 
Perityle_californica_76_positas            1.3601099 0.1257615 0.2367720 0.4465321 0.2599132 0.5015713 0.2598187 0.4730094 0.4082665 0.2054684 0.2640210 0.2718732 0.2663931 1.0367982 0.1777683 1.2884267 0.7342487 0.0000000 0.8237004 0.5355550 0.2283592 0.2361009 0.1700232 0.5962215 0.2839276 0.2382179 0.7326141 0.2828659 0.5804698 0.5871369 0.1344119 0.2350546 0.9289527 0.9992135 0.7241805 0.2055998 0.5560043 0.9580615 0.2475199 0.2062617 0.8572513 0.8514876 0.6658655 0.2341590 0.5270435 0.2699893 0.2278777 0.2053785 0.2456947 0.5473233 0.5841051 0.7365586 0.2325476 0.7679816 0.2220628 0.1628615 0.6454193 0.2455327 0.2313596 0.1457894 0.1163075 0.1372062 0.7592900 0.2436074 0.2315490 0.3914398 0.8068053 0.7334249 0.2953704 0.1930340 0.2344594 0.2303939 0.2533231 0.1293472 0.2670191 0.2740094 0.2431083 0.8422159 0.5324014 0.2379037 0.1836702 0.1611454 0.6761227 
Perityle_canescens_77                      0.4582585 0.8154821 0.8542548 0.7329968 0.8094454 0.7786990 0.7880257 0.6397119 0.8002629 0.7393495 0.8639623 0.8375214 0.8916725 0.3172884 0.8033813 0.4582585 0.7213313 0.8237004 0.0000000 0.0876494 0.8069048 0.8530939 0.6046511 0.8067547 0.8362142 0.8469162 0.7526673 0.8485929 0.8564736 0.1023465 0.7017932 0.8458151 0.1588014 1.4068875 0.7748724 0.8041033 0.1035355 1.2509079 0.8316659 0.8831325 0.4053713 0.4053713 0.1497364 0.8332701 0.1032306 0.8448109 0.8220433 0.8045679 0.8622263 0.1069691 0.1255630 0.7612611 0.8363397 0.7826211 0.8096975 0.8359442 0.2033246 0.8404692 0.8509695 0.7992636 0.6470600 0.7640062 0.7929460 0.8143354 0.8276132 0.7290660 0.1181150 0.7677545 0.8152851 0.7459520 0.8445319 0.7532001 0.8334935 0.7238307 0.8174851 0.8689441 0.8338119 0.1767738 0.6604605 0.8655236 0.7303007 0.8375286 0.3404471 
Perityle_castillonii_96                    0.0000010 0.5506121 0.5298291 0.4911649 0.5127462 0.6115054 0.5066970 0.5594116 0.4955788 0.5407532 0.5433079 0.5444022 0.5086384 0.0130118 0.5354922 0.0000010 0.5659709 0.5355550 0.0876494 0.0000000 0.5399088 0.5086384 0.4846913 0.5946052 0.5188404 0.5086384 0.5718252 0.5761932 0.5752808 0.0734222 0.5572183 0.5181552 0.0730401 1.1599950 0.5743925 0.5433203 0.1035324 1.0454640 0.5290855 0.5444486 0.3107362 0.3107362 0.1037241 0.5086384 0.0936104 0.5490570 0.4988086 0.5098397 0.5297959 0.0987143 0.0131315 0.5575920 0.5157201 0.5828043 0.5157201 0.5587831 0.0962015 0.5158915 0.5188665 0.5518943 0.5026340 0.5354924 0.5870460 0.5319866 0.5727605 0.5340521 0.0580989 0.5832225 0.5119082 0.5483914 0.5086384 0.5088073 0.5390720 0.5086384 0.5340521 0.5558503 0.5447103 0.0488701 0.5234974 0.5158915 0.3943596 0.5621645 0.2358122 
Perityle_cernua_84                         0.7146978 0.0758000 0.1175096 0.3847997 0.1180668 0.4267120 0.2135556 0.4824168 0.3935872 0.1173149 0.1180185 0.0170037 0.1950715 0.9610846 0.0093763 0.8131074 0.6617743 0.2283592 0.8069048 0.5399088 0.0000000 0.1538851 0.0765070 0.5078309 0.2359464 0.1556208 0.6618279 0.0926317 0.4937968 0.5995851 0.0866810 0.1584570 0.8432872 1.0666224 0.6581185 0.0521239 0.5769740 0.9918075 0.1615049 0.1622750 0.7956977 0.7880191 0.6252432 0.1584224 0.5463647 0.1784315 0.1601823 0.1617437 0.1670748 0.5578890 0.6030827 0.6588090 0.1506404 0.7191857 0.1617388 0.0954336 0.6409886 0.1622083 0.1504322 0.1341520 0.1192936 0.0345502 0.6660817 0.1347281 0.0454010 0.2759663 0.7639303 0.6561246 0.1942378 0.1067690 0.1522734 0.1281120 0.0263666 0.1219073 0.0959640 0.1636183 0.0440698 0.7587870 0.5473895 0.1555329 0.0284657 0.0828997 0.5974597 
Perityle_cfvillosa_25_tin                  1.0547222 0.1282372 0.1977231 0.3676481 0.1698054 0.4200875 0.1999988 0.4632668 0.3823162 0.1757201 0.1500537 0.1678089 0.0843959 1.0348914 0.1495416 1.0208892 0.6668296 0.2361009 0.8530939 0.5086384 0.1538851 0.0000000 0.1592783 0.5447752 0.1221475 0.0036774 0.6621524 0.1781369 0.5259380 0.5786378 0.1228842 0.1385266 0.8940426 1.0298151 0.6381298 0.1447408 0.5416117 0.9673708 0.0946724 0.0613433 0.7844374 0.7722568 0.6401898 0.0236624 0.5124572 0.1122324 0.0341391 0.0327893 0.0123337 0.5254844 0.5840314 0.6547436 0.0261704 0.7444215 0.0263113 0.1534645 0.5996820 0.0086136 0.0061827 0.1330148 0.0969765 0.1207039 0.6613840 0.1467509 0.1455660 0.3479625 0.7824643 0.6487177 0.1033661 0.1552196 0.0036776 0.0098387 0.1476218 0.0067367 0.2059246 0.1084093 0.1584806 0.7863252 0.4945823 0.0036740 0.1448548 0.1486194 0.6318470 
Perityle_cinerea_113_Powell1310            0.0000010 0.1192454 0.1229720 0.2597892 0.1615667 0.3323574 0.1891683 0.3705534 0.2553357 0.1441878 0.1423397 0.0833105 0.1595580 0.6062476 0.0726762 0.0000010 0.3567259 0.1700232 0.6046511 0.4846913 0.0765070 0.1592783 0.0000000 0.2944598 0.1585685 0.1595580 0.3769082 0.1417196 0.2512142 0.5341093 0.1417315 0.1462599 0.5138901 1.2196003 0.3504974 0.1154741 0.5288529 1.0107035 0.1440427 0.1668431 0.7137668 0.7137668 0.5330870 0.1588824 0.4958797 0.1630702 0.1579058 0.1634684 0.1717140 0.5056299 0.5657899 0.3513578 0.1551847 0.3815537 0.1634759 0.1494939 0.5877823 0.1675354 0.1548653 0.1687119 0.1740841 0.0867523 0.3621106 0.1616866 0.1084764 0.1446326 0.5711905 0.3567280 0.1673129 0.1403387 0.1595580 0.1668008 0.0977007 0.1633054 0.1382195 0.1493094 0.1012296 0.5180619 0.4357255 0.1633147 0.1105441 0.1329382 0.7112783 
Perityle_coahuilensis_24                   1.2365554 0.3740664 0.5171548 0.4782854 0.5573072 0.4456996 0.5591644 0.5326298 0.5740508 0.5637302 0.5416853 0.5502746 0.5706384 1.0141664 0.4517858 1.4034871 0.5854331 0.5962215 0.8067547 0.5946052 0.5078309 0.5447752 0.2944598 0.0000000 0.5643729 0.5425198 0.6248715 0.5858836 0.3189652 0.6226128 0.3226208 0.5842061 0.7290499 1.2071403 0.5947491 0.4992244 0.5794432 1.0023587 0.5751505 0.5360161 0.7377037 0.7326521 0.7342178 0.5429497 0.5492175 0.5999977 0.5510981 0.5131975 0.5501055 0.5505401 0.6419157 0.5965423 0.5475110 0.6573484 0.5422185 0.3928843 0.7068561 0.5430138 0.5340869 0.3973983 0.2450696 0.3049971 0.6258616 0.5580500 0.5305628 0.5497104 0.8132111 0.5879379 0.5206314 0.5452767 0.5392246 0.4429714 0.5561620 0.2964334 0.5540558 0.6077851 0.5467337 0.8848577 0.5866147 0.5465431 0.4233762 0.3938192 0.6778226 
Perityle_cochisensis_44_cave_creek         1.1400551 0.1281502 0.2256630 0.4104435 0.2557986 0.4304904 0.2822298 0.4919716 0.3776882 0.2567662 0.2463268 0.2484749 0.1725640 1.0200841 0.2469883 1.0054416 0.7093209 0.2839276 0.8362142 0.5188404 0.2359464 0.1221475 0.1585685 0.5643729 0.0000000 0.1206790 0.7298662 0.2610584 0.5416994 0.5645052 0.1255368 0.2199403 0.8948875 0.9870622 0.7192442 0.1789615 0.5377749 0.9693545 0.1908193 0.1431801 0.8889811 0.8746218 0.6158369 0.1361421 0.5151758 0.2202535 0.1389183 0.1299080 0.1314571 0.5164026 0.5807199 0.7225604 0.1251932 0.7873212 0.0993922 0.1533337 0.6109992 0.1268666 0.1169855 0.1281706 0.0896195 0.1233301 0.7334661 0.2377160 0.2382973 0.3498478 0.7653705 0.7349339 0.1224261 0.2373782 0.1175499 0.0351305 0.2387149 0.0112681 0.2657235 0.2095244 0.1858036 0.7717939 0.4955609 0.1220735 0.2717474 0.1485113 0.6409267 
Perityle_congesta_202                      1.0547222 0.1309602 0.1998262 0.3729736 0.1716185 0.4089919 0.2021004 0.4685910 0.3776976 0.1793548 0.1501384 0.1694926 0.0830350 1.0293498 0.1516102 1.0208892 0.6738795 0.2382179 0.8469162 0.5086384 0.1556208 0.0036774 0.1595580 0.5425198 0.1206790 0.0000000 0.6690365 0.1783710 0.5237535 0.5718144 0.1287679 0.1386049 0.8942036 1.0298151 0.6450254 0.1485082 0.5350051 0.9768361 0.0947224 0.0599486 0.7847299 0.7725369 0.6349083 0.0224063 0.5124572 0.1122937 0.0341557 0.0314619 0.0110951 0.5254844 0.5779855 0.6615805 0.0249123 0.7521328 0.0249133 0.1537792 0.5996820 0.0073796 0.0049438 0.1307990 0.0934038 0.1182823 0.6682764 0.1453164 0.1488048 0.3506885 0.7905069 0.6557871 0.1016348 0.1588112 0.0024506 0.0081938 0.1507597 0.0044873 0.2079328 0.1113744 0.1620825 0.7818508 0.4903366 0.0049027 0.1425146 0.1515567 0.6320317 
Perityle_cordifolia_27                     0.7941836 0.5156284 0.6879272 0.5038526 0.6715525 0.4545991 0.6714854 0.2705190 0.7826966 0.7062967 0.6838193 0.6909731 0.6952055 0.9315233 0.6128960 0.9709959 0.0709595 0.7326141 0.7526673 0.5718252 0.6618279 0.6621524 0.3769082 0.6248715 0.7298662 0.6690365 0.0000000 0.6980275 0.4569139 0.5749179 0.4772784 0.6978419 0.7027190 1.0827037 0.0598065 0.6384412 0.6062464 1.1107244 0.6959858 0.6885528 0.7393129 0.7390291 0.7047082 0.6647586 0.5857559 0.6679558 0.6731040 0.6594175 0.6699927 0.6116042 0.6127322 0.0506870 0.6612022 0.0637658 0.6701885 0.5539944 0.7018271 0.6716536 0.6676678 0.5462396 0.3683552 0.4826331 0.0595962 0.6931925 0.6653741 0.6557800 0.7273774 0.0543189 0.6102836 0.6996416 0.6648108 0.5692641 0.6901606 0.4629287 0.7190528 0.7076814 0.6534538 0.8993642 0.2859723 0.6675190 0.5472162 0.5536300 0.7023206 
Perityle_cordifolia_68_tecolote            0.8474141 0.0735508 0.1642789 0.4207603 0.1364032 0.4425564 0.2389288 0.4838474 0.4049847 0.1354522 0.1216032 0.0974400 0.2488298 1.0021389 0.0818814 0.8466183 0.6958545 0.2828659 0.8485929 0.5761932 0.0926317 0.1781369 0.1417196 0.5858836 0.2610584 0.1783710 0.6980275 0.0000000 0.5562904 0.6239390 0.0949433 0.1603417 0.8989638 1.1024346 0.6843869 0.0885602 0.5937684 1.0284173 0.1763861 0.1764190 0.8475024 0.8388741 0.6809604 0.1794631 0.5721633 0.2049319 0.1765928 0.1790494 0.1880709 0.5916679 0.6148783 0.6954792 0.1780973 0.7835470 0.1771562 0.0139780 0.6807312 0.1848980 0.1733053 0.1304903 0.1162935 0.0837455 0.7056043 0.1458948 0.0891786 0.3044579 0.8059780 0.6846340 0.2175395 0.1216421 0.1750432 0.1542059 0.0858981 0.1384671 0.1347819 0.1672686 0.0842093 0.7980313 0.5550993 0.1812813 0.0636643 0.0550640 0.6759176 
Perityle_coronopifolia_28_patagonia        1.3683143 0.3449542 0.4860434 0.4843025 0.5331052 0.3969106 0.5555789 0.5388789 0.5766317 0.5273705 0.5328982 0.5277841 0.5648610 0.9320592 0.4336237 1.6601713 0.4324214 0.5804698 0.8564736 0.5752808 0.4937968 0.5259380 0.2512142 0.3189652 0.5416994 0.5237535 0.4569139 0.5562904 0.0000000 0.6059060 0.2913640 0.5540329 0.7231842 1.1276970 0.4341820 0.4653162 0.5571277 1.0301133 0.5542357 0.5384006 0.7164781 0.7162372 0.7155817 0.5280491 0.5254048 0.5593076 0.5217185 0.5030245 0.5313168 0.5286114 0.6138708 0.4333234 0.5281110 0.4851230 0.5069107 0.3712498 0.6566837 0.5296437 0.5207251 0.3927925 0.2470842 0.2831987 0.4583865 0.5443480 0.5079527 0.5298752 0.8311041 0.4220748 0.4736535 0.5202237 0.5205966 0.4048925 0.5258072 0.2880791 0.5513075 0.5504816 0.4918781 0.8998654 0.5775912 0.5254289 0.4369779 0.3621465 0.6838684 
Perityle_crassifolia_70_ventanas           0.0000010 0.5987555 0.5935894 0.5535124 0.5732072 0.6754421 0.5621676 0.5835377 0.5719291 0.5637546 0.6000025 0.6121432 0.5718144 0.1181876 0.5949990 0.0000010 0.5669817 0.5871369 0.1023465 0.0734222 0.5995851 0.5786378 0.5341093 0.6226128 0.5645052 0.5718144 0.5749179 0.6239390 0.6059060 0.0000000 0.5804413 0.5873117 0.1244532 1.1400618 0.5743733 0.6203034 0.1125903 0.9620669 0.5597750 0.5886016 0.3882419 0.3882419 0.1125517 0.5650208 0.1035162 0.5845479 0.5561355 0.5662761 0.5836570 0.1086704 0.0900031 0.5596247 0.5714635 0.5845846 0.5423755 0.6165167 0.1654818 0.5802137 0.5655669 0.6056864 0.5519857 0.6021550 0.5929915 0.5954296 0.6273052 0.5858328 0.0754325 0.5821039 0.5766530 0.5713620 0.5718144 0.5719895 0.6039820 0.5718144 0.5844159 0.6126513 0.6035399 0.1065026 0.5661407 0.5854913 0.4459280 0.6201877 0.3218110 
Perityle_crassifolia_74_playa_balandra     0.0000010 0.0705721 0.0837782 0.2957902 0.0892595 0.4101226 0.1647412 0.4298157 0.2899007 0.0119928 0.0885649 0.0862558 0.1258935 0.7176842 0.0836857 0.0000010 0.4569004 0.1344119 0.7017932 0.5572183 0.0866810 0.1228842 0.1417315 0.3226208 0.1255368 0.1287679 0.4772784 0.0949433 0.2913640 0.5804413 0.0000000 0.1333709 0.5902054 1.0276948 0.4456897 0.0888918 0.5416456 0.9081903 0.1534007 0.1431885 0.6561742 0.6561742 0.5778096 0.1257565 0.5219066 0.1520518 0.1307999 0.1261018 0.1463813 0.5278431 0.5768878 0.4530510 0.1312750 0.4898584 0.1236118 0.1060843 0.6475541 0.1344527 0.1276023 0.1448566 0.1122505 0.0822481 0.4579278 0.1401044 0.0841321 0.1041257 0.6857329 0.4634030 0.1771804 0.0071682 0.1258935 0.1269725 0.0840293 0.1231513 0.0812700 0.1641410 0.0785499 0.6249243 0.5087523 0.1286322 0.0588643 0.0865350 0.5358547 
Perityle_cuneata_34_cuneata_San_antonio    1.3242499 0.1403032 0.2094318 0.3942977 0.1770214 0.4419273 0.2088561 0.4692687 0.3751537 0.1744181 0.1613027 0.1727594 0.2140576 0.9853674 0.1669055 1.0933035 0.7225928 0.2350546 0.8458151 0.5181552 0.1584570 0.1385266 0.1462599 0.5842061 0.2199403 0.1386049 0.6978419 0.1603417 0.5540329 0.5873117 0.1333709 0.0000000 0.9119634 1.0477046 0.6823617 0.1314645 0.5413028 0.9989464 0.1339821 0.1438221 0.8071085 0.7939097 0.6370027 0.1321856 0.5091168 0.1497229 0.1335953 0.1312638 0.1448816 0.5212381 0.5776480 0.7033671 0.1293123 0.7828257 0.1285771 0.1520490 0.6146330 0.1448662 0.1364947 0.1196239 0.0715271 0.1216600 0.7137247 0.1431412 0.1386480 0.3660987 0.8167622 0.6880375 0.1786907 0.1584590 0.1354304 0.1176789 0.1597343 0.1123302 0.2007470 0.1401801 0.1448094 0.8382103 0.5085800 0.1414656 0.1559829 0.1415195 0.6134572 
Perityle_cuneata_4                         0.4585622 0.7099381 0.8352280 0.6551244 0.9159460 0.6941726 0.9233009 0.6479407 0.8317543 0.8399509 0.8955341 0.8602262 0.9232057 0.4063937 0.8310018 0.4585622 0.6846468 0.9289527 0.1588014 0.0730401 0.8432872 0.8940426 0.5138901 0.7290499 0.8948875 0.8942036 0.7027190 0.8989638 0.7231842 0.1244532 0.5902054 0.9119634 0.0000000 1.3129169 0.7177636 0.7814821 0.1452088 1.1933523 0.8716336 0.9070297 0.4012164 0.4012164 0.1758671 0.8880762 0.1174165 0.9077123 0.8642145 0.8754662 0.9200610 0.1211216 0.1101459 0.7219117 0.8732932 0.7315637 0.8037014 0.7042578 0.1756881 0.9008198 0.8986225 0.7346693 0.5740545 0.6283957 0.7424412 0.8912926 0.8737996 0.7332558 0.1342930 0.7181290 0.7278754 0.8403400 0.8858959 0.6246403 0.8529429 0.6039095 0.8790616 0.9302170 0.7817704 0.1689736 0.6267749 0.9037893 0.8234874 0.7590319 0.4263045 
Perityle_discoidea_81                      0.0000010 1.1871874 1.1528740 1.0646404 1.1349603 1.0483547 1.0909795 1.2068843 1.1579630 1.0099561 1.1245390 1.0568409 1.0104461 1.6679259 1.0954271 0.0000010 1.1473688 0.9992135 1.4068875 1.1599950 1.0666224 1.0298151 1.2196003 1.2071403 0.9870622 1.0298151 1.0827037 1.1024346 1.1276970 1.1400618 1.0276948 1.0477046 1.3129169 0.0000000 1.1284924 1.1349287 1.1400618 0.4413047 1.0618243 1.0235477 1.0218033 1.0218033 1.0926244 1.0363995 1.0926244 1.0732198 1.0301282 1.0565741 1.0497272 1.0926244 1.2210900 1.1284924 1.0290069 1.0827037 1.0259912 1.2139246 0.9910918 1.0405836 1.0104461 1.1414864 1.1815994 1.2009368 1.1504009 1.1333121 1.1128506 1.3221938 1.3420794 1.1592310 1.2435427 1.0408780 1.0104461 1.1344255 1.0879859 1.1153980 1.1278154 1.0614123 1.1296292 1.1444506 1.3041300 1.0298151 1.1125417 1.1274140 1.0776850 
Perityle_dissecta_201                      0.9454740 0.4959750 0.6750730 0.5232192 0.6424490 0.4478236 0.6631309 0.2539529 0.7531992 0.6952051 0.6643410 0.6815680 0.6581895 0.9367818 0.6087757 1.0492801 0.0228457 0.7241805 0.7748724 0.5743925 0.6581185 0.6381298 0.3504974 0.5947491 0.7192442 0.6450254 0.0598065 0.6843869 0.4341820 0.5743733 0.4456897 0.6823617 0.7177636 1.1284924 0.0000000 0.6326174 0.5903777 1.1487422 0.6676848 0.6599951 0.7318716 0.7273309 0.6827316 0.6468868 0.5700456 0.6501990 0.6544325 0.6483859 0.6459587 0.5949389 0.6419432 0.0168135 0.6337144 0.1036352 0.6451758 0.5305868 0.7015218 0.6449578 0.6436933 0.5319084 0.3389062 0.4481048 0.0268528 0.6708826 0.6698471 0.6483035 0.7491796 0.0242152 0.5710618 0.6884010 0.6408120 0.5233381 0.6769910 0.4257414 0.6824587 0.6860811 0.6296376 0.8800367 0.2830616 0.6408374 0.5386257 0.5298114 0.6607359 
Perityle_emoryi_47_punta_san_jose          1.0613161 0.0727011 0.1210693 0.3543612 0.1231098 0.4055246 0.2048231 0.4915524 0.3735440 0.1168268 0.1197739 0.0584043 0.1892861 0.9301232 0.0418732 0.8412692 0.6366989 0.2055998 0.8041033 0.5433203 0.0521239 0.1447408 0.1154741 0.4992244 0.1789615 0.1485082 0.6384412 0.0885602 0.4653162 0.6203034 0.0888918 0.1314645 0.7814821 1.1349287 0.6326174 0.0000000 0.5731931 1.0155630 0.1474093 0.1496526 0.7850154 0.7787767 0.6140647 0.1481137 0.5489431 0.1706769 0.1493632 0.1535808 0.1596924 0.5533489 0.6004216 0.6343316 0.1446193 0.6816912 0.1480556 0.0928281 0.6349515 0.1559466 0.1461759 0.1184762 0.1233290 0.0328527 0.6383875 0.1164048 0.0104062 0.2236180 0.7753157 0.6377755 0.1771686 0.1030567 0.1447363 0.1122455 0.0457459 0.1138527 0.0823524 0.1556276 0.0450841 0.7610021 0.5215335 0.1484134 0.0296507 0.0896367 0.6020659 
Perityle_feddemae_99                       0.0000010 0.5764252 0.5645651 0.5728207 0.5528534 0.6562375 0.5343945 0.5985755 0.5070948 0.5259421 0.5535702 0.5809922 0.5350051 0.1485753 0.5726289 0.0000010 0.5997752 0.5560043 0.1035355 0.1035324 0.5769740 0.5416117 0.5288529 0.5794432 0.5377749 0.5350051 0.6062464 0.5937684 0.5571277 0.1125903 0.5416456 0.5413028 0.1452088 1.1400618 0.5903777 0.5731931 0.0000000 1.1384628 0.5101570 0.5544687 0.3604867 0.3604867 0.0193044 0.5284263 0.0200819 0.5475568 0.5283574 0.5295602 0.5461640 0.0242723 0.1131224 0.5921604 0.5344846 0.6163240 0.4994504 0.5849288 0.2106106 0.5364512 0.5270275 0.5440015 0.5140749 0.5726299 0.6269342 0.5580499 0.5882036 0.5503762 0.1198169 0.6159082 0.5315018 0.5333159 0.5350051 0.5430406 0.5743265 0.5350051 0.5490846 0.5823769 0.5741575 0.1439120 0.5803822 0.5482463 0.4235607 0.5897234 0.3036226 
Perityle_fosteri_93                        0.0000010 0.9107144 0.9796969 1.0389551 0.9735806 1.0086361 0.9810055 1.1149361 1.0392094 0.9833325 0.9932971 1.0029000 0.9552788 1.4329037 1.0099693 0.0000010 1.1580810 0.9580615 1.2509079 1.0454640 0.9918075 0.9673708 1.0107035 1.0023587 0.9693545 0.9768361 1.1107244 1.0284173 1.0301133 0.9620669 0.9081903 0.9989464 1.1933523 0.4413047 1.1487422 1.0155630 1.1384628 0.0000000 0.9734930 0.9850767 1.2522799 1.2522799 1.1328588 1.0081233 1.0942649 0.9890639 0.9734128 0.9981712 0.9995371 1.1246215 1.0683953 1.1704478 0.9730540 1.1190773 0.9583861 1.0101703 1.0276726 0.9742354 0.9646010 0.9910690 0.9817894 0.9865312 1.1776692 0.9650198 0.9865706 0.9929198 1.1768940 1.1658215 0.9947366 0.9833325 0.9552788 0.9163046 0.9723691 0.9104457 0.9885065 1.0281023 1.0075878 1.2602371 1.1043972 0.9742481 1.0329300 0.9648540 1.2662632 
Perityle_gamon_221                         1.0774826 0.1557895 0.2213663 0.3810450 0.1863287 0.4273893 0.2044091 0.4824033 0.3960198 0.1856262 0.1562373 0.1724718 0.1648907 1.0097900 0.1525694 1.0253239 0.6927071 0.2475199 0.8316659 0.5290855 0.1615049 0.0946724 0.1440427 0.5751505 0.1908193 0.0947224 0.6959858 0.1763861 0.5542357 0.5597750 0.1534007 0.1339821 0.8716336 1.0618243 0.6676848 0.1474093 0.5101570 0.9734930 0.0000000 0.0880703 0.7629930 0.7512782 0.5950497 0.0946358 0.4934723 0.0942514 0.0923398 0.0920642 0.1032601 0.5139263 0.5946519 0.6878534 0.0862238 0.7867780 0.0840099 0.1499701 0.6171481 0.0991021 0.0947258 0.1433401 0.0387664 0.1417767 0.6978445 0.1538693 0.1494274 0.3759093 0.7793812 0.6848592 0.1747424 0.1699207 0.0918168 0.0950986 0.1545746 0.0763804 0.2166134 0.0994961 0.1598530 0.8317183 0.4957397 0.0974294 0.1440195 0.1490445 0.5956288 
Perityle_gentryi_8_san_francisco           1.2085149 0.1385259 0.1914163 0.3885704 0.1747716 0.4178327 0.2122986 0.4622281 0.3719876 0.1603976 0.1649260 0.1710101 0.0895844 1.0387502 0.1524000 1.1130188 0.6926967 0.2062617 0.8831325 0.5444486 0.1622750 0.0613433 0.1668431 0.5360161 0.1431801 0.0599486 0.6885528 0.1764190 0.5384006 0.5886016 0.1431885 0.1438221 0.9070297 1.0235477 0.6599951 0.1496526 0.5544687 0.9850767 0.0880703 0.0000000 0.8058737 0.7921981 0.6640162 0.0598596 0.5321364 0.1146328 0.0604890 0.0496034 0.0699729 0.5526571 0.6025500 0.6851053 0.0556484 0.7499496 0.0467448 0.1585885 0.6468586 0.0656836 0.0589292 0.1281915 0.0861681 0.1263623 0.6962856 0.1483187 0.1485251 0.3741786 0.8310442 0.6709849 0.1449873 0.1602980 0.0570742 0.0609888 0.1575342 0.0391227 0.2191796 0.1106130 0.1650503 0.8145017 0.4956332 0.0626997 0.1458156 0.1510962 0.6194464 
Perityle_gilensis_22_Superstition          0.5945257 0.7396137 0.7962960 0.6272983 0.8800392 0.6852474 0.8152287 0.7426418 0.8028221 0.7975884 0.8166667 0.8183169 0.8659019 0.6995074 0.8032035 0.7238507 0.7138610 0.8572513 0.4053713 0.3107362 0.7956977 0.7844374 0.7137668 0.7377037 0.8889811 0.7847299 0.7393129 0.8475024 0.7164781 0.3882419 0.6561742 0.8071085 0.4012164 1.0218033 0.7318716 0.7850154 0.3604867 1.2522799 0.7629930 0.8058737 0.0000000 0.0016892 0.4324628 0.7826715 0.2998255 0.7717637 0.7584686 0.7975807 0.7920959 0.3100535 0.4164195 0.7444862 0.7857221 0.8031047 0.7537152 0.7330903 0.4350888 0.7820099 0.7758862 0.7133584 0.6120629 0.7187595 0.7709088 0.8245536 0.8191399 0.7823033 0.4145698 0.7312345 0.7373732 0.7661402 0.7846029 0.6980536 0.8171423 0.6753206 0.8732382 0.8131944 0.7901378 0.4860365 0.7325675 0.7870510 0.7512724 0.7728556 0.1558169 
Perityle_gilensis_salensis_225             0.5945257 0.7396137 0.7877038 0.6224497 0.8780104 0.6852474 0.8023385 0.7426418 0.8080254 0.7950658 0.8179406 0.8105315 0.8510850 0.6871245 0.8032035 0.7238507 0.7097976 0.8514876 0.4053713 0.3107362 0.7880191 0.7722568 0.7137668 0.7326521 0.8746218 0.7725369 0.7390291 0.8388741 0.7162372 0.3882419 0.6561742 0.7939097 0.4012164 1.0218033 0.7273309 0.7787767 0.3604867 1.2522799 0.7512782 0.7921981 0.0016892 0.0000000 0.4324628 0.7742519 0.2998255 0.7598111 0.7468957 0.7883869 0.7796683 0.3100535 0.4164195 0.7399102 0.7735035 0.8019758 0.7481671 0.7255782 0.4350888 0.7698660 0.7637915 0.7133584 0.6120629 0.7187595 0.7659031 0.8232774 0.8109296 0.7768453 0.4145698 0.7266251 0.7311451 0.7640801 0.7724146 0.6921266 0.8093548 0.6753206 0.8766732 0.8002865 0.7842276 0.4860623 0.7325675 0.7748255 0.7489363 0.7728556 0.1518650 
Perityle_glaucescens_94                    0.1584191 0.6252789 0.7373838 0.6233887 0.6698723 0.6382119 0.6146394 0.6165832 0.6366464 0.5850776 0.6860787 0.6749352 0.6850239 0.1528788 0.6296322 0.1808381 0.5875719 0.6658655 0.1497364 0.1037241 0.6252432 0.6401898 0.5330870 0.7342178 0.6158369 0.6349083 0.7047082 0.6809604 0.7155817 0.1125517 0.5778096 0.6370027 0.1758671 1.0926244 0.6827316 0.6140647 0.0193044 1.1328588 0.5950497 0.6640162 0.4324628 0.4324628 0.0000000 0.6296444 0.0242092 0.6436106 0.6330280 0.5803997 0.6441367 0.0322697 0.1220937 0.6976619 0.6290289 0.7736157 0.6037763 0.6432077 0.2113437 0.6446383 0.6231091 0.5907258 0.5182684 0.5854355 0.7355173 0.6246536 0.6535306 0.5055681 0.1604452 0.6716894 0.6271307 0.5982719 0.6349083 0.6346003 0.6846043 0.5711408 0.7427793 0.6585430 0.6913798 0.2328748 0.6214018 0.6508062 0.4290276 0.6021466 0.3245265 
Perityle_gracilis_11                       1.0547222 0.1311660 0.2016963 0.3729806 0.1790446 0.4254889 0.2052347 0.4568446 0.3878782 0.1755252 0.1558446 0.1721595 0.1030044 1.0087831 0.1511905 1.0490568 0.6757273 0.2341590 0.8332701 0.5086384 0.1584224 0.0236624 0.1588824 0.5429497 0.1361421 0.0224063 0.6647586 0.1794631 0.5280491 0.5650208 0.1257565 0.1321856 0.8880762 1.0363995 0.6468868 0.1481137 0.5284263 1.0081233 0.0946358 0.0598596 0.7826715 0.7742519 0.6296444 0.0000000 0.5057227 0.1150303 0.0354096 0.0103094 0.0313162 0.5186902 0.5646210 0.6633949 0.0286904 0.7472698 0.0262882 0.1488343 0.5996820 0.0274931 0.0225511 0.1281485 0.0859134 0.1209982 0.6700931 0.1419631 0.1515404 0.3568356 0.7873374 0.6576746 0.0979885 0.1532905 0.0198699 0.0215146 0.1532276 0.0181640 0.2093064 0.1113133 0.1634309 0.7833374 0.4904793 0.0249053 0.1468106 0.1538118 0.6330681 
Perityle_harkerae_31                       0.0000010 0.5547949 0.5425819 0.5311937 0.5220877 0.6209969 0.5120994 0.5979714 0.4789412 0.5064078 0.5310498 0.5505723 0.5124572 0.1381848 0.5421577 0.0000010 0.5795794 0.5270435 0.1032306 0.0936104 0.5463647 0.5124572 0.4958797 0.5492175 0.5151758 0.5124572 0.5857559 0.5721633 0.5254048 0.1035162 0.5219066 0.5091168 0.1174165 1.0926244 0.5700456 0.5489431 0.0200819 1.0942649 0.4934723 0.5321364 0.2998255 0.2998255 0.0242092 0.5057227 0.0000000 0.5153123 0.5056635 0.5068313 0.5236939 0.0120660 0.1085053 0.5718030 0.5119416 0.5959797 0.4748862 0.5631704 0.2052198 0.5138775 0.5038747 0.5371360 0.4898415 0.5421580 0.6071823 0.5359057 0.5578733 0.5327499 0.1157184 0.5957655 0.5087408 0.5137999 0.5124572 0.5206233 0.5437918 0.5124572 0.5327499 0.5513038 0.5496541 0.1403542 0.5570804 0.5192210 0.4038751 0.5677676 0.2512649 
