85
Amauria_brandeegeana_62                    0.0000000 0.0758255 0.0803026 0.2004519 0.1397544 0.1385818 0.1146309 0.1397563 0.3195197 0.1186660 0.1864004 0.0803611 0.0891106 0.0678498 0.0649938 0.0960462 0.0969951 0.1009940 0.1751590 0.0815523 0.0764232 0.0862743 0.0725224 0.0823794 0.0795600 0.0803948 0.1120459 0.0991168 0.1467529 1.2179635 0.0929993 0.1836212 0.1131109 0.0763950 0.1114213 0.2231542 0.0764220 0.1310142 0.0937799 0.0731890 0.0843562 0.1705712 0.0839757 0.0000010 0.1426964 0.0924750 0.0878615 0.0889695 0.1708081 0.0763970 0.0722048 0.0777298 0.1149262 0.0732098 0.1562101 0.1572275 0.0661962 0.0927056 0.0869525 0.2632830 0.1404850 0.1085571 0.0820070 0.0841841 0.1625776 0.1078046 0.1550985 0.1936821 0.0528169 0.0874425 0.0701481 0.1274736 0.0869190 0.0760046 0.0765249 0.0733091 0.1918755 0.1539163 0.0971537 0.0858433 0.0000010 0.0885145 0.1148935 0.1960518 0.1175187 
Amauria_carterae_99_mesa                   0.0758255 0.0000000 0.0879559 0.2109745 0.1337911 0.1429707 0.1905097 0.1960563 0.3768024 0.1094140 0.1760697 0.0839994 0.0838884 0.0751474 0.0748236 0.0963874 0.0916549 0.0945481 0.1709124 0.0822852 0.2909062 0.0776618 0.1531741 0.0846705 0.0729004 0.0807999 0.0829674 0.1080838 0.2129944 0.3264073 0.1044257 0.1716818 0.0929157 0.0954775 0.0997447 0.1623480 0.0838669 0.1760944 0.0896184 0.0759672 0.0829635 0.1648232 0.0751608 0.1820978 0.1730455 0.0776467 0.0837744 0.0809793 0.1672877 0.0779367 0.0825566 0.0828628 0.0899901 0.0800052 0.1768677 0.1681790 0.0802718 0.0811658 0.0786691 0.2306169 0.1338882 0.1661315 0.1293654 0.0856787 0.1685497 0.0948463 0.1230211 0.1361960 0.0696951 0.0868468 0.0739933 0.1333095 0.0816572 0.0827280 0.0809751 0.0904262 0.1320759 0.1730677 0.0849938 0.0940304 0.2531647 0.0805738 0.0983395 0.1830654 0.1005577 
Amauria_rotundifolia_SRR9119150            0.0803026 0.0879559 0.0000000 0.1954898 0.1323371 0.1492994 0.1778671 0.2099693 0.4388151 0.1641779 0.1695402 0.1003455 0.0962389 0.0920305 0.1039463 0.1044566 0.1057350 0.1061478 0.1818837 0.0971343 0.2720070 0.0875558 0.1570940 0.0953223 0.0906805 0.0924714 0.1043607 0.1066008 0.2499890 0.3486859 0.1048622 0.2118728 0.1456925 0.0904777 0.1138775 0.1967057 0.0844279 0.1574295 0.1016919 0.0892153 0.0948414 0.1654869 0.0916537 0.1927016 0.1599387 0.0951070 0.0946894 0.0975282 0.1671390 0.0926939 0.0967399 0.0926918 0.1114526 0.0994220 0.1643455 0.1675187 0.0892331 0.0975182 0.0945371 0.2116152 0.1342209 0.1679449 0.1357328 0.1014522 0.1608459 0.1073048 0.1216921 0.1330971 0.0803025 0.0975781 0.0871735 0.1322987 0.0966320 0.0932624 0.0835591 0.0919151 0.1323707 0.1638386 0.0958047 0.1060264 0.2410956 0.0972140 0.0944266 0.1924316 0.1062834 
Conoclinium_coelestinum_SRR9119114         0.2004519 0.2109745 0.1954898 0.0000000 0.2000151 0.2298710 0.1188060 0.2597514 0.5740008 0.2586616 0.2130776 0.1879641 0.1934116 0.1818818 0.2100940 0.1999462 0.2097388 0.2390967 0.2216939 0.1962282 0.4627201 0.1926050 0.2310145 0.1874721 0.1826965 0.1813573 0.1837418 0.2053835 0.2401810 0.2714115 0.1906774 0.2455435 0.2271659 0.1883959 0.2271659 0.2148098 0.1945148 0.2143525 0.1964249 0.1813573 0.1892241 0.2061905 0.1937491 0.2165302 0.2200002 0.1946356 0.1882538 0.1910181 0.2076889 0.1847462 0.1849224 0.1866303 0.1936777 0.1993747 0.2091484 0.3132940 0.2180600 0.1914327 0.1926898 0.2571339 0.1930710 0.2030451 0.2571414 0.1894916 0.2065559 0.1824349 0.2075102 0.2034644 0.2098639 0.1910855 0.1812140 0.2160297 0.1876746 0.1850168 0.1929057 0.1993640 0.2035273 0.2020038 0.1904495 0.2069589 0.2827150 0.1873723 0.1760572 0.2698340 0.2056932 
Eutetras_palmeri_63                        0.1397544 0.1337911 0.1323371 0.2000151 0.0000000 0.0991403 0.1397108 0.1478184 0.3768467 0.1116660 0.0986799 0.1223370 0.0995306 0.0989452 0.1196135 0.1038897 0.0765252 0.1089358 0.0774532 0.0932312 0.1065645 0.1004720 0.1045820 0.1082145 0.0936795 0.1097896 0.1264524 0.1231936 0.1133396 1.0409807 0.1185617 0.0347466 0.1121903 0.1048835 0.1232503 0.0829031 0.1009562 0.0612056 0.1073135 0.0994078 0.0959760 0.0659335 0.0969251 0.0000010 0.0863822 0.1054225 0.1096588 0.1010828 0.0643202 0.1048555 0.1128671 0.1063055 0.1355415 0.1129207 0.0571093 0.1143673 0.1225692 0.1018861 0.1004720 0.2227262 0.0569843 0.0686762 0.1276718 0.1138913 0.0497295 0.1255882 0.1492665 0.1889428 0.1116827 0.1104067 0.0976070 0.0679471 0.1006095 0.1100708 0.1050253 0.1085443 0.1931297 0.0682878 0.0914837 0.1158500 0.0000010 0.1039780 0.1226566 0.1080354 0.0459536 
Eutetras_pringlei_149_quer                 0.1385818 0.1429707 0.1492994 0.2298710 0.0991403 0.0000000 0.1727693 0.1746512 0.4500984 0.1337957 0.1160941 0.1292849 0.1470716 0.1346183 0.1359751 0.1523822 0.1463082 0.1137972 0.1336654 0.1413836 0.2274127 0.1438418 0.1087028 0.1407887 0.1440070 0.1437481 0.1467967 0.1512078 0.1047693 0.1369277 0.1406628 0.0743328 0.1337957 0.1162259 0.1476219 0.1015368 0.1504616 0.1116998 0.1472105 0.1378326 0.1470936 0.1100217 0.1438418 0.1071414 0.1223390 0.1221116 0.1498924 0.1438418 0.1127690 0.1442273 0.1378326 0.1437481 0.1502220 0.1444510 0.1137597 0.1517274 0.1218757 0.1469027 0.1438418 0.1084609 0.1133545 0.1233724 0.1251547 0.1537006 0.1052215 0.1433113 0.1577601 0.1575598 0.1057430 0.1503952 0.1378326 0.1258519 0.1438418 0.1437695 0.1442763 0.1444949 0.1548895 0.1147151 0.1442139 0.1505058 0.1227865 0.1502881 0.1366523 0.1362709 0.1324929 
Eutrochium_fistulosum_SRR9119106           0.1146309 0.1905097 0.1778671 0.1188060 0.1397108 0.1727693 0.0000000 0.2159806 0.4521800 0.1536709 0.1961215 0.1799098 0.1814406 0.1730146 0.1938097 0.1836198 0.1885746 0.1331135 0.1915914 0.1798201 0.4022485 0.1708618 0.1806069 0.1683396 0.1666216 0.1757017 0.1658561 0.1863432 0.1995920 0.2611259 0.1797638 0.1905928 0.1143244 0.1158289 0.1190304 0.1941131 0.1741859 0.1982585 0.1779503 0.1700368 0.1754853 0.1867187 0.1733123 0.2131560 0.2056040 0.1759679 0.1799736 0.1709785 0.1863975 0.1729716 0.1730996 0.1801428 0.1755912 0.1836493 0.1841451 0.2861696 0.1958444 0.1772364 0.1709250 0.2207150 0.1257451 0.1902233 0.2012502 0.1825916 0.1810338 0.1684567 0.1743486 0.1735467 0.1804159 0.1726694 0.1655662 0.1235332 0.1753443 0.1728081 0.1786995 0.1640634 0.1735956 0.1879600 0.1736876 0.1953745 0.2674223 0.1696447 0.1531145 0.1975182 0.1885952 
Galeana_pratensis_104_mex                  0.1397563 0.1960563 0.2099693 0.2597514 0.1478184 0.1746512 0.2159806 0.0000000 0.4620084 0.1674260 0.2132037 0.2209542 0.2100763 0.2016265 0.2177234 0.2215478 0.2164165 0.1791659 0.2274644 0.2058062 0.3833756 0.1995144 0.1698789 0.2075695 0.2030177 0.2079831 0.2101164 0.2246106 0.1954838 0.2657837 0.2157853 0.2760480 0.1350421 0.1374318 0.1461898 0.2067596 0.2154416 0.2251931 0.2177698 0.2014919 0.1997010 0.2066020 0.2034590 0.2552727 0.2218515 0.1954831 0.2147825 0.2034408 0.2113943 0.2048418 0.2120985 0.2117280 0.2170740 0.2046901 0.2063699 0.2883909 0.2099657 0.2083579 0.2011591 0.2130944 0.1329160 0.1815080 0.2524289 0.2128868 0.2071506 0.2066905 0.2175574 0.2151257 0.2221969 0.2137127 0.2014919 0.1347529 0.2044017 0.2077872 0.2134288 0.1907174 0.2125721 0.2158432 0.2015566 0.2185481 0.2593794 0.2078876 0.1820759 0.2229619 0.2045485 
Helianthus_annuus_SRR9119062               0.3195197 0.3768024 0.4388151 0.5740008 0.3768467 0.4500984 0.4521800 0.4620084 0.0000000 0.2304147 0.5071074 0.4761655 0.4419181 0.3636361 0.3985519 0.4560400 0.4490330 0.3219422 0.3792722 0.4436104 0.5394970 0.4418791 0.2509647 0.4369536 0.4374005 0.4448662 0.4724338 0.3621741 0.4927867 0.9599966 0.3748348 0.2865670 0.3387537 0.3461080 0.3496390 0.4705238 0.4452238 0.4215520 0.4361795 0.4428442 0.4394701 0.4751205 0.3782480 0.6758978 0.4756263 0.4383797 0.4432797 0.4391549 0.4759152 0.4456783 0.3436997 0.4478344 0.4650756 0.3414295 0.4661103 0.3959496 0.3788545 0.4400442 0.4445957 0.4914705 0.2471813 0.3715796 0.4268334 0.4470664 0.4632273 0.4110962 0.4563158 0.3923031 0.3510310 0.4508602 0.4401860 0.2786847 0.4444017 0.3832498 0.4458289 0.3417397 0.3859514 0.4694660 0.4517661 0.4519192 1.1395536 0.4492864 0.4351470 0.2642846 0.3662572 
Lycapsus_tenuifolius_17                    0.1186660 0.1094140 0.1641779 0.2586616 0.1116660 0.1337957 0.1536709 0.1674260 0.2304147 0.0000000 0.2260161 0.1949558 0.1750746 0.1620983 0.1986028 0.1654367 0.1734693 0.1205612 0.2053676 0.1633109 0.1771629 0.1623648 0.0829749 0.1781913 0.1527154 0.1691864 0.1853567 0.1940804 0.2125235 1.2613657 0.1723504 0.2018191 0.0043161 0.1272004 0.0111315 0.2525077 0.1386501 0.1481639 0.1674076 0.1656395 0.1675190 0.1910815 0.1706449 0.8226051 0.1523346 0.1613686 0.1835455 0.1824492 0.1913618 0.1676569 0.1720371 0.1691864 0.1998176 0.1665668 0.1801233 0.2404470 0.1284487 0.1718402 0.1757824 0.3231163 0.1198785 0.1391124 0.2114376 0.1806588 0.1709783 0.1875858 0.1774573 0.1963322 0.1221394 0.1809617 0.1639441 0.1104051 0.1739350 0.1710628 0.1447594 0.1407845 0.1942882 0.1844421 0.1799520 0.1807679 1.6392207 0.1850484 0.1514618 0.1980314 0.1737414 
Pericome_caudata_50_silver                 0.1864004 0.1760697 0.1695402 0.2130776 0.0986799 0.1160941 0.1961215 0.2132037 0.5071074 0.2260161 0.0000000 0.1573419 0.1619194 0.1596691 0.1713512 0.1639826 0.1556744 0.1509141 0.0940299 0.1566258 0.3414819 0.1478756 0.1817789 0.1525076 0.1500836 0.1573086 0.1612481 0.1819431 0.1697267 0.2000294 0.1627412 0.0789932 0.1921050 0.1446317 0.1669760 0.1132407 0.1500303 0.0908424 0.1661779 0.1508669 0.1547886 0.0879349 0.1641077 0.0590957 0.0951662 0.1553766 0.1594394 0.1569106 0.0900945 0.1541331 0.1599953 0.1572257 0.1713348 0.1730369 0.0935237 0.1992070 0.1669782 0.1652326 0.1563056 0.1176988 0.0995731 0.0994379 0.1680999 0.1619291 0.0910156 0.1688668 0.1719087 0.1808570 0.1439936 0.1589754 0.1492946 0.1258923 0.1587496 0.1606124 0.1483181 0.1432037 0.1853218 0.0787679 0.1471412 0.1704481 0.1508849 0.1601575 0.1450891 0.1339778 0.1517070 
Perityle_aglossa_84_dead_horse             0.0803611 0.0839994 0.1003455 0.1879641 0.1223370 0.1292849 0.1799098 0.2209542 0.4761655 0.1949558 0.1573419 0.0000000 0.0322604 0.0152005 0.0152873 0.0505976 0.0225161 0.0972124 0.1772313 0.0309437 0.2397512 0.0326293 0.0986872 0.0241091 0.0250402 0.0177809 0.0481300 0.0636313 0.2490050 0.3390249 0.0873667 0.2106509 0.1676722 0.0079283 0.1307395 0.1902765 0.0259926 0.1525410 0.0471468 0.0132175 0.0329639 0.1590166 0.0263266 0.1855054 0.1553197 0.0478361 0.0248982 0.0320210 0.1631356 0.0157811 0.0236607 0.0202468 0.0539545 0.0221378 0.1598649 0.1142606 0.0409588 0.0319113 0.0306250 0.2249226 0.0701078 0.1562809 0.1029209 0.0075243 0.1587562 0.0545937 0.1313150 0.1499179 0.0259743 0.0306083 0.0145001 0.1509056 0.0280211 0.0233773 0.0190709 0.0230390 0.1488237 0.1590111 0.0181667 0.0111033 0.2520065 0.0306030 0.0914400 0.1926939 0.0878785 
Perityle_ajoensis_204                      0.0891106 0.0838884 0.0962389 0.1934116 0.0995306 0.1470716 0.1814406 0.2100763 0.4419181 0.1750746 0.1619194 0.0322604 0.0000000 0.0230371 0.0251722 0.0512690 0.0269811 0.0954489 0.1752325 0.0359253 0.2317876 0.0165112 0.1035682 0.0272197 0.0169344 0.0254834 0.0448331 0.0608488 0.2501012 0.3406601 0.0871767 0.2041235 0.1507405 0.0356986 0.1195310 0.1828942 0.0323975 0.1496528 0.0514022 0.0222768 0.0198454 0.1526477 0.0101050 0.1901854 0.1515092 0.0491641 0.0235475 0.0168190 0.1557755 0.0241378 0.0287205 0.0210356 0.0529220 0.0264206 0.1541787 0.1065016 0.0340785 0.0173194 0.0155629 0.2059299 0.0981955 0.1552041 0.0927382 0.0333626 0.1539699 0.0520156 0.1283502 0.1396814 0.0259956 0.0365502 0.0204548 0.1399414 0.0155558 0.0279652 0.0237887 0.0206806 0.1411098 0.1543997 0.0212748 0.0316617 0.2571395 0.0173723 0.0883504 0.1701296 0.0828450 
Perityle_ambrosiifolia_67_green            0.0678498 0.0751474 0.0920305 0.1818818 0.0989452 0.1346183 0.1730146 0.2016265 0.3636361 0.1620983 0.1596691 0.0152005 0.0230371 0.0000000 0.0101643 0.0402074 0.0172744 0.1035314 0.1637934 0.0203749 0.2271770 0.0226353 0.0806771 0.0148805 0.0150644 0.0057834 0.0383007 0.0546422 0.2438441 0.3335145 0.0781117 0.1992300 0.1467719 0.0078944 0.1096363 0.1861380 0.0162333 0.1491419 0.0368522 0.0032081 0.0237356 0.1521998 0.0164649 0.1826551 0.1520063 0.0409930 0.0149148 0.0228643 0.1555936 0.0038530 0.0118167 0.0096715 0.0463528 0.0104693 0.1592977 0.1026516 0.0309410 0.0226835 0.0208189 0.2105851 0.0784379 0.1524271 0.0870854 0.0142234 0.1492985 0.0464477 0.1270613 0.1368091 0.0161415 0.0228101 0.0051450 0.1398968 0.0181744 0.0122729 0.0114332 0.0107876 0.1388324 0.1566066 0.0109860 0.0134665 0.2478620 0.0221161 0.0883115 0.1666751 0.0761472 
Perityle_angustifolia_13_Eagle_creek       0.0649938 0.0748236 0.1039463 0.2100940 0.1196135 0.1359751 0.1938097 0.2177234 0.3985519 0.1986028 0.1713512 0.0152873 0.0251722 0.0101643 0.0000000 0.0489743 0.0258961 0.1026845 0.1828470 0.0260802 0.3215457 0.0224916 0.0895995 0.0187436 0.0161816 0.0135744 0.0362632 0.0646728 0.2540251 0.3375525 0.0854981 0.1953243 0.1776317 0.0081167 0.1267203 0.1716188 0.0225049 0.1676672 0.0454402 0.0084588 0.0278723 0.1623272 0.0173038 0.1966373 0.1699421 0.0408262 0.0230753 0.0231802 0.1669269 0.0101646 0.0222585 0.0178894 0.0433077 0.0178766 0.1808958 0.1214177 0.0374714 0.0226861 0.0204939 0.2362183 0.0655856 0.1683244 0.0847197 0.0161402 0.1638345 0.0461542 0.1357059 0.1487302 0.0259354 0.0239709 0.0127396 0.1498652 0.0187527 0.0196072 0.0188940 0.0190693 0.1479091 0.1742446 0.0160190 0.0139958 0.2481530 0.0213350 0.0929845 0.1736948 0.0868865 
Perityle_batopilensis_97                   0.0960462 0.0963874 0.1044566 0.1999462 0.1038897 0.1523822 0.1836198 0.2215478 0.4560400 0.1654367 0.1639826 0.0505976 0.0512690 0.0402074 0.0489743 0.0000000 0.0458355 0.1016489 0.1774607 0.0449371 0.2305691 0.0451779 0.1077981 0.0436215 0.0408439 0.0438700 0.0535759 0.0667718 0.2503227 0.3443879 0.0910049 0.2108500 0.1487455 0.0415040 0.1180843 0.1865433 0.0444179 0.1566226 0.0142263 0.0398367 0.0436378 0.1556800 0.0451717 0.2008017 0.1553371 0.0585123 0.0496010 0.0462375 0.1580261 0.0411518 0.0458304 0.0436568 0.0630543 0.0481482 0.1562880 0.1204701 0.0531455 0.0488290 0.0448648 0.2084920 0.0869745 0.1729689 0.1027690 0.0493465 0.1545327 0.0578682 0.1382012 0.1519102 0.0415848 0.0474820 0.0366962 0.1437845 0.0474194 0.0425891 0.0440262 0.0441693 0.1525430 0.1572559 0.0482242 0.0515436 0.2610778 0.0454597 0.0983888 0.1709377 0.0910463 
Perityle_bisetosa_9                        0.0969951 0.0916549 0.1057350 0.2097388 0.0765252 0.1463082 0.1885746 0.2164165 0.4490330 0.1734693 0.1556744 0.0225161 0.0269811 0.0172744 0.0258961 0.0458355 0.0000000 0.1055497 0.1668175 0.0166516 0.2552965 0.0244618 0.1128502 0.0241495 0.0175742 0.0196094 0.0436249 0.0586826 0.2384582 0.3159817 0.0884987 0.1730130 0.1405407 0.0131169 0.1142198 0.1496316 0.0207871 0.1491618 0.0387686 0.0147702 0.0232583 0.1395718 0.0211147 0.1992364 0.1516624 0.0399160 0.0246261 0.0231760 0.1397155 0.0166432 0.0229873 0.0175790 0.0453647 0.0210383 0.1391738 0.1129503 0.0289513 0.0271224 0.0241382 0.1419307 0.0901873 0.1582883 0.0664088 0.0232105 0.1396650 0.0482197 0.1137087 0.1194204 0.0195303 0.0222823 0.0147694 0.1243043 0.0250945 0.0230471 0.0186419 0.0183338 0.1186918 0.1501994 0.0176449 0.0224312 0.2670735 0.0250503 0.0865318 0.1326297 0.0832360 
Perityle_californica_76_positas            0.1009940 0.0945481 0.1061478 0.2390967 0.1089358 0.1137972 0.1331135 0.1791659 0.3219422 0.1205612 0.1509141 0.0972124 0.0954489 0.1035314 0.1026845 0.1016489 0.1055497 0.0000000 0.1623573 0.0906876 0.1957293 0.0948389 0.1286482 0.0951626 0.0897559 0.1037155 0.1208092 0.1223064 0.3105312 1.1506571 0.1104460 0.1492746 0.1162071 0.0993296 0.0936421 0.1385603 0.0969894 0.1399729 0.0999361 0.0916679 0.0955376 0.1324588 0.0952636 0.2652062 0.1481758 0.0942997 0.1072237 0.0999263 0.1327842 0.1006019 0.1138031 0.1003664 0.1183465 0.1068245 0.1356647 0.1431766 0.0921895 0.0945620 0.0983622 0.1970261 0.1235017 0.1427197 0.1146688 0.1056902 0.1257399 0.1206983 0.1116508 0.1209149 0.0798472 0.0988561 0.0952175 0.1010988 0.0984056 0.1097407 0.1017227 0.1024229 0.1147921 0.1478199 0.1029120 0.1041039 1.7579769 0.1018799 0.0210929 0.1543996 0.1110907 
Perityle_canescens_77                      0.1751590 0.1709124 0.1818837 0.2216939 0.0774532 0.1336654 0.1915914 0.2274644 0.3792722 0.2053676 0.0940299 0.1772313 0.1752325 0.1637934 0.1828470 0.1774607 0.1668175 0.1623573 0.0000000 0.1678699 0.3544249 0.1646604 0.2058442 0.1643964 0.1663696 0.1680394 0.1791091 0.1913239 0.1803078 0.2467797 0.1712403 0.0956545 0.1883549 0.1486788 0.1556125 0.1019556 0.1611209 0.0748484 0.1772899 0.1636980 0.1663486 0.0730713 0.1660030 0.0537910 0.0771230 0.1679999 0.1703607 0.1736596 0.0738396 0.1663692 0.1678550 0.1699104 0.1896912 0.1720393 0.0729887 0.2136092 0.1743338 0.1711100 0.1720423 0.1276143 0.0886988 0.0905332 0.2039095 0.1741434 0.0638309 0.1848089 0.1871059 0.1962941 0.1466502 0.1683474 0.1610585 0.1142164 0.1767397 0.1671556 0.1604310 0.1465288 0.2005789 0.0763670 0.1618580 0.1812328 0.0943394 0.1764059 0.1606728 0.1242772 0.1504864 
Perityle_castillonii_96                    0.0815523 0.0822852 0.0971343 0.1962282 0.0932312 0.1413836 0.1798201 0.2058062 0.4436104 0.1633109 0.1566258 0.0309437 0.0359253 0.0203749 0.0260802 0.0449371 0.0166516 0.0906876 0.1678699 0.0000000 0.2187946 0.0309375 0.0853218 0.0247364 0.0256207 0.0230221 0.0455689 0.0637778 0.2464957 0.3379049 0.0852248 0.1985306 0.1402186 0.0183553 0.1118607 0.1788402 0.0239955 0.1520961 0.0428281 0.0192330 0.0291146 0.1514468 0.0280455 0.1918130 0.1538141 0.0479691 0.0281528 0.0303760 0.1545753 0.0210838 0.0274092 0.0229124 0.0504971 0.0227925 0.1506119 0.1028586 0.0397079 0.0338150 0.0296892 0.2018869 0.0819985 0.1591699 0.0915577 0.0302768 0.1489564 0.0507819 0.1238194 0.1366399 0.0161807 0.0272230 0.0161951 0.1309257 0.0334128 0.0221481 0.0244309 0.0223219 0.1379103 0.1472093 0.0242808 0.0232547 0.2565941 0.0302822 0.0877575 0.1596725 0.0790930 
Perityle_cernua_84                         0.0764232 0.2909062 0.2720070 0.4627201 0.1065645 0.2274127 0.4022485 0.3833756 0.5394970 0.1771629 0.3414819 0.2397512 0.2317876 0.2271770 0.3215457 0.2305691 0.2552965 0.1957293 0.3544249 0.2187946 0.0000000 0.2311227 0.0457088 0.2190642 0.2272314 0.2145256 0.2438518 0.2741634 0.4674541 0.8247117 0.2834387 0.3094758 0.1492517 0.0151427 0.1171826 0.3738520 0.1957603 0.3682986 0.2410546 0.2085361 0.2284470 0.3210967 0.2475810 0.7421968 0.3365381 0.2567127 0.2409442 0.2311919 0.3213630 0.2109022 0.2387978 0.2093730 0.2462161 0.2358380 0.3138862 0.3416979 0.2655375 0.2367533 0.2293356 0.4245383 0.0784379 0.2951187 0.2984689 0.2160853 0.3185377 0.2611939 0.3364641 0.3890196 0.1692805 0.2238079 0.2064629 0.1411863 0.2305901 0.2325865 0.1976734 0.1615347 0.3965394 0.3206366 0.2725961 0.1968353 0.7751734 0.2312132 0.3375923 0.2509557 0.3692692 
Perityle_cfvillosa_25_tin                  0.0862743 0.0776618 0.0875558 0.1926050 0.1004720 0.1438418 0.1708618 0.1995144 0.4418791 0.1623648 0.1478756 0.0326293 0.0165112 0.0226353 0.0224916 0.0451779 0.0244618 0.0948389 0.1646604 0.0309375 0.2311227 0.0000000 0.1032621 0.0225275 0.0138851 0.0257528 0.0440156 0.0608463 0.2438634 0.3310628 0.0795564 0.1777255 0.1395043 0.0358408 0.1199115 0.1672726 0.0323098 0.1465132 0.0477469 0.0218963 0.0177496 0.1474756 0.0082556 0.1747097 0.1485492 0.0497189 0.0251486 0.0066316 0.1505827 0.0237755 0.0303870 0.0256286 0.0535578 0.0274998 0.1504756 0.1079350 0.0281555 0.0097777 0.0029985 0.2080053 0.0914124 0.1534365 0.0961578 0.0330935 0.1494260 0.0492558 0.1261390 0.1379358 0.0226847 0.0325319 0.0175819 0.1378220 0.0108585 0.0217369 0.0264657 0.0232859 0.1393080 0.1458099 0.0215069 0.0305319 0.2448354 0.0066118 0.0857465 0.1769560 0.0769638 
Perityle_cinerea_113_Powell1310            0.0725224 0.1531741 0.1570940 0.2310145 0.1045820 0.1087028 0.1806069 0.1698789 0.2509647 0.0829749 0.1817789 0.0986872 0.1035682 0.0806771 0.0895995 0.1077981 0.1128502 0.1286482 0.2058442 0.0853218 0.0457088 0.1032621 0.0000000 0.0893225 0.0854051 0.0939037 0.1037803 0.1286148 0.1842192 0.7750064 0.1132728 0.1662713 0.0829749 0.0138948 0.0986025 0.1890460 0.0806771 0.1847494 0.1127618 0.0806771 0.0988505 0.1576766 0.0949542 0.8818643 0.1911833 0.1182666 0.1031269 0.1076309 0.1580399 0.0897972 0.0896427 0.0939037 0.1037803 0.0806771 0.1736237 0.2571535 0.0946839 0.0961963 0.1032621 0.2412932 0.0698592 0.1305674 0.1023168 0.0941242 0.1532185 0.1005576 0.1640698 0.1676888 0.0716254 0.0895995 0.0806771 0.1267824 0.1030371 0.0939037 0.0944301 0.0279491 0.1633804 0.1728748 0.0942420 0.0850953 0.5604963 0.0984825 0.1662711 0.1887799 0.1502272 
Perityle_coahuilensis_24                   0.0823794 0.0846705 0.0953223 0.1874721 0.1082145 0.1407887 0.1683396 0.2075695 0.4369536 0.1781913 0.1525076 0.0241091 0.0272197 0.0148805 0.0187436 0.0436215 0.0241495 0.0951626 0.1643964 0.0247364 0.2190642 0.0225275 0.0893225 0.0000000 0.0198418 0.0185211 0.0444227 0.0565400 0.2404437 0.3232173 0.0799199 0.2083484 0.1556975 0.0220722 0.1253751 0.1781727 0.0262661 0.1458407 0.0414662 0.0148194 0.0253807 0.1503836 0.0183232 0.1763994 0.1480086 0.0480891 0.0226852 0.0227459 0.1534733 0.0166348 0.0211864 0.0184341 0.0531002 0.0182375 0.1501837 0.1052042 0.0336123 0.0245358 0.0214734 0.2075074 0.0880140 0.1552117 0.0947652 0.0256774 0.1492503 0.0508973 0.1272170 0.1416107 0.0161109 0.0251154 0.0118319 0.1468713 0.0251173 0.0161970 0.0203906 0.0154139 0.1430684 0.1505842 0.0190539 0.0229204 0.2425505 0.0220606 0.0874913 0.1719343 0.0789366 
Perityle_cochisensis_44_cave_creek         0.0795600 0.0729004 0.0906805 0.1826965 0.0936795 0.1440070 0.1666216 0.2030177 0.4374005 0.1527154 0.1500836 0.0250402 0.0169344 0.0150644 0.0161816 0.0408439 0.0175742 0.0897559 0.1663696 0.0256207 0.2272314 0.0138851 0.0854051 0.0198418 0.0000000 0.0175029 0.0358885 0.0556969 0.2401666 0.3315976 0.0750553 0.1883914 0.1310384 0.0298722 0.1133297 0.1664447 0.0245445 0.1427648 0.0405569 0.0137718 0.0144975 0.1434354 0.0081561 0.1795050 0.1441429 0.0422278 0.0190562 0.0131737 0.1465195 0.0156032 0.0220870 0.0186331 0.0439920 0.0220878 0.1455248 0.1012141 0.0245992 0.0142151 0.0119342 0.2027679 0.0816281 0.1552935 0.0884503 0.0247327 0.1437984 0.0425853 0.1182594 0.1303204 0.0194082 0.0266184 0.0107553 0.1301509 0.0131449 0.0182955 0.0187222 0.0154662 0.1324188 0.1458989 0.0124084 0.0247791 0.2472117 0.0137351 0.0818241 0.1695127 0.0731484 
Perityle_congesta_202                      0.0803948 0.0807999 0.0924714 0.1813573 0.1097896 0.1437481 0.1757017 0.2079831 0.4448662 0.1691864 0.1573086 0.0177809 0.0254834 0.0057834 0.0135744 0.0438700 0.0196094 0.1037155 0.1680394 0.0230221 0.2145256 0.0257528 0.0939037 0.0185211 0.0175029 0.0000000 0.0415075 0.0551322 0.2491638 0.3372434 0.0799527 0.2082312 0.1513150 0.0167004 0.1185619 0.1852872 0.0187600 0.1487424 0.0401494 0.0059193 0.0255040 0.1542525 0.0176404 0.1841310 0.1536963 0.0438912 0.0106173 0.0253010 0.1573750 0.0077123 0.0127528 0.0059211 0.0489319 0.0132788 0.1542323 0.1038438 0.0345355 0.0253412 0.0240113 0.2074834 0.0881921 0.1602852 0.0949842 0.0179109 0.1501786 0.0482222 0.1216903 0.1330410 0.0226679 0.0252430 0.0077119 0.1428631 0.0203505 0.0080524 0.0136000 0.0030613 0.1369382 0.1537666 0.0124827 0.0178171 0.2500597 0.0246013 0.0920733 0.1777724 0.0789908 
Perityle_cordifolia_27                     0.1120459 0.0829674 0.1043607 0.1837418 0.1264524 0.1467967 0.1658561 0.2101164 0.4724338 0.1853567 0.1612481 0.0481300 0.0448331 0.0383007 0.0362632 0.0535759 0.0436249 0.1208092 0.1791091 0.0455689 0.2438518 0.0440156 0.1037803 0.0444227 0.0358885 0.0415075 0.0000000 0.0646900 0.2396583 0.3306619 0.0876550 0.2189253 0.1671702 0.0661340 0.1430490 0.1911148 0.0464589 0.1556858 0.0523789 0.0393747 0.0429365 0.1636483 0.0349867 0.1888641 0.1580860 0.0581250 0.0410028 0.0438981 0.1653050 0.0413168 0.0439217 0.0432082 0.0167855 0.0445978 0.1626245 0.1156955 0.0426442 0.0433177 0.0425070 0.2123206 0.1027044 0.1588382 0.0786656 0.0501907 0.1629591 0.0228961 0.1353868 0.1450481 0.0428694 0.0490003 0.0362230 0.1627597 0.0463292 0.0414298 0.0421005 0.0491375 0.1456394 0.1608986 0.0339963 0.0526013 0.2523978 0.0443916 0.0967716 0.1979992 0.0793024 
Perityle_cordifolia_68_tecolote            0.0991168 0.1080838 0.1066008 0.2053835 0.1231936 0.1512078 0.1863432 0.2246106 0.3621741 0.1940804 0.1819431 0.0636313 0.0608488 0.0546422 0.0646728 0.0667718 0.0586826 0.1223064 0.1913239 0.0637778 0.2741634 0.0608463 0.1286148 0.0565400 0.0556969 0.0551322 0.0646900 0.0000000 0.2614092 0.3571249 0.1004722 0.2294525 0.1783391 0.0611107 0.1352658 0.2044405 0.0616582 0.1732392 0.0635212 0.0544443 0.0629706 0.1800003 0.0566237 0.2108339 0.1740136 0.0721368 0.0578289 0.0601498 0.1817311 0.0558905 0.0576366 0.0565881 0.0729141 0.0604028 0.1855831 0.0654287 0.0626353 0.0640614 0.0599550 0.2191236 0.0947156 0.1748700 0.1177488 0.0635837 0.1772315 0.0697627 0.1509753 0.1567227 0.0593689 0.0643993 0.0495606 0.1689415 0.0627900 0.0558351 0.0550612 0.0494010 0.1560109 0.1789824 0.0550788 0.0608761 0.2927723 0.0620320 0.1126592 0.1954870 0.0998464 
Perityle_crassifolia_70_ventanas           0.1467529 0.2129944 0.2499890 0.2401810 0.1133396 0.1047693 0.1995920 0.1954838 0.4927867 0.2125235 0.1697267 0.2490050 0.2501012 0.2438441 0.2540251 0.2503227 0.2384582 0.3105312 0.1803078 0.2464957 0.4674541 0.2438634 0.1842192 0.2404437 0.2401666 0.2491638 0.2396583 0.2614092 0.0000000 0.0943352 0.2473095 0.4110259 0.1852118 0.1531458 0.1285244 0.1690382 0.2497485 0.1540083 0.2500533 0.2450180 0.2433529 0.1636949 0.2390853 0.1850907 0.1538791 0.2365062 0.2504360 0.2454839 0.1649769 0.2493156 0.2469968 0.2509102 0.2493086 0.2480353 0.1823427 0.3261280 0.2204002 0.2435069 0.2439681 0.2005055 0.0875933 0.1090917 0.3202992 0.2518091 0.1694396 0.2421183 0.2531016 0.2516089 0.2709442 0.2505973 0.2393669 0.0514333 0.2515440 0.2463106 0.2429563 0.1653780 0.2517852 0.1630603 0.2398270 0.2579006 0.1385154 0.2468919 0.2370525 0.3514347 0.2239299 
Perityle_crassifolia_74_playa_balandra     1.2179635 0.3264073 0.3486859 0.2714115 1.0409807 0.1369277 0.2611259 0.2657837 0.9599966 1.2613657 0.2000294 0.3390249 0.3406601 0.3335145 0.3375525 0.3443879 0.3159817 1.1506571 0.2467797 0.3379049 0.8247117 0.3310628 0.7750064 0.3232173 0.3315976 0.3372434 0.3306619 0.3571249 0.0943352 0.0000000 0.3388261 1.2127299 1.3005027 1.2050468 1.2222906 0.2517480 0.3351497 0.2056753 0.3480365 0.3350494 0.3315915 0.2463868 0.3267655 0.1840241 0.2089780 0.3396434 0.3389752 0.3311597 0.2478253 0.3347893 0.3323418 0.3398133 0.3464638 0.3370125 0.2894639 0.4233943 0.3167046 0.3335131 0.3312827 0.2860405 0.5111222 0.1354336 0.5153202 0.3445419 0.2575547 0.3370398 0.3734611 0.3692361 0.5764720 0.3402528 0.3268904 0.9908307 0.3417370 0.3348837 0.3204478 0.3319263 0.3751522 0.2525548 0.3077311 0.3962105 0.1270144 0.3310313 0.3339169 1.2386866 0.2777734 
Perityle_cuneata_34_cuneata_San_antonio    0.0929993 0.1044257 0.1048622 0.1906774 0.1185617 0.1406628 0.1797638 0.2157853 0.3748348 0.1723504 0.1627412 0.0873667 0.0871767 0.0781117 0.0854981 0.0910049 0.0884987 0.1104460 0.1712403 0.0852248 0.2834387 0.0795564 0.1132728 0.0799199 0.0750553 0.0799527 0.0876550 0.1004722 0.2473095 0.3388261 0.0000000 0.2001614 0.1572869 0.0779941 0.1211400 0.1955611 0.0843538 0.1568714 0.0889030 0.0771615 0.0821485 0.1595841 0.0796198 0.1874488 0.1575225 0.0869773 0.0869555 0.0836626 0.1627721 0.0786349 0.0844964 0.0814220 0.0979865 0.0859870 0.1616102 0.1506435 0.0917703 0.0848329 0.0805950 0.2171038 0.1157712 0.1646124 0.1296798 0.0884145 0.1559680 0.0893834 0.1320113 0.1344839 0.0693087 0.0886186 0.0743437 0.1397965 0.0848439 0.0806420 0.0833605 0.0850355 0.1372188 0.1610564 0.0834721 0.0880933 0.2516794 0.0840621 0.1011868 0.1867812 0.0663349 
Perityle_cuneata_4                         0.1836212 0.1716818 0.2118728 0.2455435 0.0347466 0.0743328 0.1905928 0.2760480 0.2865670 0.2018191 0.0789932 0.2106509 0.2041235 0.1992300 0.1953243 0.2108500 0.1730130 0.1492746 0.0956545 0.1985306 0.3094758 0.1777255 0.1662713 0.2083484 0.1883914 0.2082312 0.2189253 0.2294525 0.4110259 1.2127299 0.2001614 0.0000000 0.1989031 0.1907825 0.1486785 0.1555000 0.1728760 0.0657342 0.2109183 0.1990437 0.1951635 0.0987625 0.1959900 0.0866435 0.0739389 0.2136244 0.2073189 0.2086671 0.0988632 0.2037906 0.2094509 0.2082312 0.2271061 0.2130106 0.0905605 0.2409967 0.1717262 0.1968805 0.2074300 0.2704085 0.0198133 0.1052780 0.1783779 0.2155530 0.0856251 0.2194945 0.2196208 0.2462456 0.1404050 0.2132630 0.2037435 0.0531375 0.2078882 0.2103249 0.1883831 0.1572500 0.2452608 0.0708236 0.2077053 0.2184056 1.2311218 0.2119393 0.1631472 0.1241130 0.1684458 
Perityle_discoidea_81                      0.1131109 0.0929157 0.1456925 0.2271659 0.1121903 0.1337957 0.1143244 0.1350421 0.3387537 0.0043161 0.1921050 0.1676722 0.1507405 0.1467719 0.1776317 0.1487455 0.1405407 0.1162071 0.1883549 0.1402186 0.1492517 0.1395043 0.0829749 0.1556975 0.1310384 0.1513150 0.1671702 0.1783391 0.1852118 1.3005027 0.1572869 0.1989031 0.0000000 0.1187295 0.0126464 0.2217297 0.1213426 0.1245393 0.1565521 0.1428373 0.1458339 0.1741542 0.1540754 0.7327632 0.1372464 0.1442303 0.1633521 0.1576533 0.1743848 0.1463001 0.1562518 0.1459820 0.1802037 0.1526576 0.1603881 0.2179212 0.1084032 0.1529803 0.1518942 0.2893907 0.1196300 0.1048068 0.1881416 0.1594211 0.1583369 0.1731646 0.1556749 0.1849706 0.0986397 0.1579405 0.1413247 0.1051522 0.1502651 0.1530760 0.1233815 0.1154715 0.1832239 0.1581661 0.1469672 0.1578774 0.0000010 0.1600638 0.1282734 0.1975821 0.1516438 
Perityle_dissecta_201                      0.0763950 0.0954775 0.0904777 0.1883959 0.1048835 0.1162259 0.1158289 0.1374318 0.3461080 0.1272004 0.1446317 0.0079283 0.0356986 0.0078944 0.0081167 0.0415040 0.0131169 0.0993296 0.1486788 0.0183553 0.0151427 0.0358408 0.0138948 0.0220722 0.0298722 0.0167004 0.0661340 0.0611107 0.1531458 1.2050468 0.0779941 0.1907825 0.1187295 0.0000000 0.1189003 0.1993403 0.0154341 0.1027873 0.0424728 0.0095800 0.0327915 0.1436250 0.0323528 0.0000010 0.1074405 0.0717067 0.0236235 0.0378994 0.1438227 0.0123586 0.0164719 0.0137100 0.0672700 0.0200790 0.1288663 0.0991909 0.0358614 0.0373063 0.0362857 0.2468477 0.0817984 0.0796560 0.0578780 0.0068322 0.1279679 0.0638201 0.1512184 0.2038974 0.0258013 0.0235231 0.0068326 0.1313883 0.0362729 0.0169938 0.0151606 0.0175259 0.2111641 0.1321174 0.0186240 0.0082141 0.0000010 0.0376672 0.1112415 0.1736229 0.0610591 
Perityle_emoryi_47_punta_san_jose          0.1114213 0.0997447 0.1138775 0.2271659 0.1232503 0.1476219 0.1190304 0.1461898 0.3496390 0.0111315 0.1669760 0.1307395 0.1195310 0.1096363 0.1267203 0.1180843 0.1142198 0.0936421 0.1556125 0.1118607 0.1171826 0.1199115 0.0986025 0.1253751 0.1133297 0.1185619 0.1430490 0.1352658 0.1285244 1.2222906 0.1211400 0.1486785 0.0126464 0.1189003 0.0000000 0.1970798 0.1135604 0.1271581 0.1204743 0.1136392 0.1161366 0.1524528 0.1143647 0.0000010 0.1475014 0.1107185 0.1249799 0.1255834 0.1526688 0.1172162 0.1160347 0.1169475 0.1515050 0.1117450 0.1412606 0.1677952 0.1184816 0.1217891 0.1197475 0.2754184 0.1299285 0.1153300 0.1425481 0.1274418 0.1332501 0.1345841 0.1270279 0.1501719 0.1102862 0.1260722 0.1103362 0.1153223 0.1180531 0.1164656 0.1157395 0.1239915 0.1482735 0.1371375 0.1189345 0.1293148 0.0000010 0.1282553 0.1076182 0.1755990 0.1043385 
Perityle_feddemae_99                       0.2231542 0.1623480 0.1967057 0.2148098 0.0829031 0.1015368 0.1941131 0.2067596 0.4705238 0.2525077 0.1132407 0.1902765 0.1828942 0.1861380 0.1716188 0.1865433 0.1496316 0.1385603 0.1019556 0.1788402 0.3738520 0.1672726 0.1890460 0.1781727 0.1664447 0.1852872 0.1911148 0.2044405 0.1690382 0.2517480 0.1955611 0.1555000 0.2217297 0.1993403 0.1970798 0.0000000 0.1756309 0.0407972 0.1882010 0.1779577 0.1766488 0.0773843 0.1874618 0.0229930 0.0507441 0.1748086 0.1706796 0.1814318 0.0807486 0.1804138 0.1880407 0.1842736 0.1988267 0.1993194 0.1072634 0.1986150 0.1695685 0.1852735 0.1800347 0.1344007 0.0678251 0.0873505 0.1947407 0.1904148 0.0995937 0.2001329 0.1758236 0.1870109 0.1438864 0.1845039 0.1764714 0.1167180 0.1840260 0.1884150 0.1754699 0.1408472 0.1911459 0.0899381 0.1510423 0.2054085 0.1289498 0.1839056 0.1451031 0.1090646 0.1360524 
Perityle_fosteri_93                        0.0764220 0.0838669 0.0844279 0.1945148 0.1009562 0.1504616 0.1741859 0.2154416 0.4452238 0.1386501 0.1500303 0.0259926 0.0323975 0.0162333 0.0225049 0.0444179 0.0207871 0.0969894 0.1611209 0.0239955 0.1957603 0.0323098 0.0806771 0.0262661 0.0245445 0.0187600 0.0464589 0.0616582 0.2497485 0.3351497 0.0843538 0.1728760 0.1213426 0.0154341 0.1135604 0.1756309 0.0000000 0.1510326 0.0419184 0.0155134 0.0285475 0.1522080 0.0264362 0.1723807 0.1520081 0.0470889 0.0250187 0.0321337 0.1553830 0.0174157 0.0228086 0.0205591 0.0537315 0.0221196 0.1515923 0.1132032 0.0400232 0.0320152 0.0314081 0.2168529 0.0785905 0.1675708 0.1018802 0.0237011 0.1511887 0.0539817 0.1235130 0.1405817 0.0161229 0.0256754 0.0142709 0.1350499 0.0301171 0.0228566 0.0206414 0.0248860 0.1418829 0.1442870 0.0216192 0.0267114 0.2640620 0.0313859 0.0928063 0.1614121 0.0846665 
Perityle_gamon_221                         0.1310142 0.1760944 0.1574295 0.2143525 0.0612056 0.1116998 0.1982585 0.2251931 0.4215520 0.1481639 0.0908424 0.1525410 0.1496528 0.1491419 0.1676672 0.1566226 0.1491618 0.1399729 0.0748484 0.1520961 0.3682986 0.1465132 0.1847494 0.1458407 0.1427648 0.1487424 0.1556858 0.1732392 0.1540083 0.2056753 0.1568714 0.0657342 0.1245393 0.1027873 0.1271581 0.0407972 0.1510326 0.0000000 0.1561075 0.1459051 0.1456194 0.0485301 0.1496427 0.0344293 0.0181566 0.1394762 0.1526525 0.1457612 0.0518644 0.1479572 0.1492193 0.1508983 0.1644827 0.1583000 0.0802955 0.2104176 0.1638684 0.1518309 0.1465558 0.0981630 0.0578426 0.0979920 0.1917858 0.1534983 0.0715974 0.1589211 0.1648907 0.1639324 0.1239226 0.1508677 0.1420550 0.1171553 0.1495613 0.1478944 0.1489294 0.1333123 0.1680146 0.0655471 0.1555191 0.1565732 0.1454162 0.1485615 0.1528085 0.0803584 0.1401201 
Perityle_gentryi_8_san_francisco           0.0937799 0.0896184 0.1016919 0.1964249 0.1073135 0.1472105 0.1779503 0.2177698 0.4361795 0.1674076 0.1661779 0.0471468 0.0514022 0.0368522 0.0454402 0.0142263 0.0387686 0.0999361 0.1772899 0.0428281 0.2410546 0.0477469 0.1127618 0.0414662 0.0405569 0.0401494 0.0523789 0.0635212 0.2500533 0.3480365 0.0889030 0.2109183 0.1565521 0.0424728 0.1204743 0.1882010 0.0419184 0.1561075 0.0000000 0.0375420 0.0434815 0.1581535 0.0438506 0.1955885 0.1563567 0.0569320 0.0462288 0.0474845 0.1614249 0.0382119 0.0444952 0.0415011 0.0608418 0.0430019 0.1589975 0.1126641 0.0504171 0.0495776 0.0460519 0.2059915 0.0838741 0.1689659 0.0994595 0.0467213 0.1520265 0.0580345 0.1382732 0.1467945 0.0432789 0.0454673 0.0342865 0.1480603 0.0487134 0.0412260 0.0417888 0.0407974 0.1466565 0.1590795 0.0442597 0.0475610 0.2560672 0.0466705 0.0947935 0.1692021 0.0864816 
Perityle_gilensis_22_Superstition          0.0731890 0.0759672 0.0892153 0.1813573 0.0994078 0.1378326 0.1700368 0.2014919 0.4428442 0.1656395 0.1508669 0.0132175 0.0222768 0.0032081 0.0084588 0.0398367 0.0147702 0.0916679 0.1636980 0.0192330 0.2085361 0.0218963 0.0806771 0.0148194 0.0137718 0.0059193 0.0393747 0.0544443 0.2450180 0.3350494 0.0771615 0.1990437 0.1428373 0.0095800 0.1136392 0.1779577 0.0155134 0.1459051 0.0375420 0.0000000 0.0223039 0.1473007 0.0155840 0.1824708 0.1479807 0.0405437 0.0150336 0.0215152 0.1503752 0.0041205 0.0127637 0.0094495 0.0461064 0.0097619 0.1478627 0.1012875 0.0291315 0.0219102 0.0202489 0.2065104 0.0818011 0.1554294 0.0902404 0.0142166 0.1454640 0.0455434 0.1184697 0.1330890 0.0128799 0.0214663 0.0041203 0.1370109 0.0166277 0.0118030 0.0098108 0.0092334 0.1352564 0.1475371 0.0087326 0.0132330 0.2498070 0.0208358 0.0850650 0.1682511 0.0761293 
Perityle_gilensis_salensis_225             0.0843562 0.0829635 0.0948414 0.1892241 0.0959760 0.1470936 0.1754853 0.1997010 0.4394701 0.1675190 0.1547886 0.0329639 0.0198454 0.0237356 0.0278723 0.0436378 0.0232583 0.0955376 0.1663486 0.0291146 0.2284470 0.0177496 0.0988505 0.0253807 0.0144975 0.0255040 0.0429365 0.0629706 0.2433529 0.3315915 0.0821485 0.1951635 0.1458339 0.0327915 0.1161366 0.1766488 0.0285475 0.1456194 0.0434815 0.0223039 0.0000000 0.1487604 0.0114742 0.1810938 0.1496125 0.0435427 0.0281364 0.0162259 0.1518690 0.0241672 0.0287648 0.0272312 0.0504079 0.0293961 0.1501061 0.1125519 0.0359341 0.0173311 0.0155721 0.1990601 0.0948272 0.1504317 0.0913339 0.0334038 0.1491747 0.0479143 0.1243077 0.1352237 0.0243454 0.0291198 0.0192507 0.1336878 0.0167921 0.0266662 0.0270046 0.0239431 0.1366249 0.1512366 0.0243112 0.0340434 0.2451089 0.0173826 0.0875216 0.1700279 0.0828663 
Perityle_glaucescens_94                    0.1705712 0.1648232 0.1654869 0.2061905 0.0659335 0.1100217 0.1867187 0.2066020 0.4751205 0.1910815 0.0879349 0.1590166 0.1526477 0.1521998 0.1623272 0.1556800 0.1395718 0.1324588 0.0730713 0.1514468 0.3210967 0.1474756 0.1576766 0.1503836 0.1434354 0.1542525 0.1636483 0.1800003 0.1636949 0.2463868 0.1595841 0.0987625 0.1741542 0.1436250 0.1524528 0.0773843 0.1522080 0.0485301 0.1581535 0.1473007 0.1487604 0.0000000 0.1555050 0.0368044 0.0533967 0.1505595 0.1537475 0.1528868 0.0091031 0.1512132 0.1554987 0.1534173 0.1736280 0.1632856 0.0643762 0.1988052 0.1610075 0.1569056 0.1523652 0.1363472 0.0585221 0.0843616 0.1972460 0.1593972 0.0529409 0.1687550 0.1693943 0.1840575 0.1340634 0.1528705 0.1458484 0.0896580 0.1562177 0.1550909 0.1490423 0.1313137 0.1861930 0.0680682 0.1421492 0.1672827 0.1174473 0.1546554 0.1399474 0.0996667 0.1290153 
Perityle_gracilis_11                       0.0839757 0.0751608 0.0916537 0.1937491 0.0969251 0.1438418 0.1733123 0.2034590 0.3782480 0.1706449 0.1641077 0.0263266 0.0101050 0.0164649 0.0173038 0.0451717 0.0211147 0.0952636 0.1660030 0.0280455 0.2475810 0.0082556 0.0949542 0.0183232 0.0081561 0.0176404 0.0349867 0.0566237 0.2390853 0.3267655 0.0796198 0.1959900 0.1540754 0.0323528 0.1143647 0.1874618 0.0264362 0.1496427 0.0438506 0.0155840 0.0114742 0.1555050 0.0000000 0.1800205 0.1527131 0.0443246 0.0177999 0.0087707 0.1574210 0.0162767 0.0217142 0.0190261 0.0440925 0.0214349 0.1619191 0.1043727 0.0249612 0.0087801 0.0067182 0.2019502 0.0887966 0.1530129 0.0817212 0.0252166 0.1531018 0.0448384 0.1270098 0.1349836 0.0194676 0.0273509 0.0121685 0.1353106 0.0107869 0.0176318 0.0184143 0.0158958 0.1374974 0.1600766 0.0152434 0.0256584 0.2424572 0.0087397 0.0836948 0.1646992 0.0734062 
Perityle_harkerae_31                       0.0000010 0.1820978 0.1927016 0.2165302 0.0000010 0.1071414 0.2131560 0.2552727 0.6758978 0.8226051 0.0590957 0.1855054 0.1901854 0.1826551 0.1966373 0.2008017 0.1992364 0.2652062 0.0537910 0.1918130 0.7421968 0.1747097 0.8818643 0.1763994 0.1795050 0.1841310 0.1888641 0.2108339 0.1850907 0.1840241 0.1874488 0.0866435 0.7327632 0.0000010 0.0000010 0.0229930 0.1723807 0.0344293 0.1955885 0.1824708 0.1810938 0.0368044 0.1800205 0.0000000 0.0413720 0.1846579 0.1840076 0.1843753 0.0486470 0.1824708 0.1846148 0.1874551 0.2034017 0.1896254 0.0788671 0.2597394 0.1784110 0.1817827 0.1842210 0.0631113 0.0000010 0.0919559 0.2422154 0.1914996 0.0676125 0.2010601 0.1917553 0.1829019 0.1528972 0.1843099 0.1795050 0.3528466 0.1905795 0.1857102 0.1657507 0.1666251 0.1878111 0.0450111 0.1833620 0.2057441 0.1175017 0.1855811 0.1714078 0.1316964 0.1865891 
