85
Amauria_brandeegeana_62                    0.0000000 0.0944400 0.1580966 0.3053664 0.1977719 0.1822009 0.1990986 0.4414923 0.1476649 0.3372183 0.1420984 0.1833102 0.1456506 0.1213408 0.1929030 0.1365838 0.1405896 0.1127603 0.1410152 0.1338079 0.1360007 0.0966336 0.1387422 0.1271098 0.1354556 0.1464728 0.1316787 0.2051721 0.1360971 0.1145092 0.1584995 0.1569140 0.0907338 0.1381964 0.1942851 0.1844823 0.1418877 0.1833502 0.1459110 0.1361813 0.1398020 0.1931810 0.1391831 0.1533460 0.1924275 0.1453038 0.1400039 0.2714320 0.1892719 0.1377151 0.1326459 0.1345753 0.1441168 0.1239670 0.2189161 0.1114527 0.1882626 0.2369673 0.1413422 0.2122900 0.2245836 0.1817002 0.0939774 0.1404607 0.2095843 0.1264716 0.1765279 0.2118674 0.0795903 0.1334755 0.1359243 0.1569383 0.1722784 0.1340258 0.1416989 0.0698099 0.1536688 0.1369634 0.1341809 0.1395470 0.3346719 0.1359571 0.1605390 0.1997870 0.0712156 
Amauria_carterae_99_mesa                   0.0944400 0.0000000 0.1056610 0.2108168 0.0908167 0.1387109 0.1572190 0.2232744 0.0836912 0.1258859 0.0960384 0.1026711 0.1068637 0.1069354 0.1073195 0.0869889 0.1045213 0.0890788 0.1101467 0.1014751 0.0963069 0.1197263 0.0989543 0.1078794 0.1013077 0.1149884 0.1100178 0.1182263 0.0808594 0.0809326 0.1056874 0.0875582 0.0988366 0.0990530 0.0808594 0.1247608 0.1016266 0.1274933 0.1105142 0.1019747 0.1013444 0.1248894 0.0988973 0.1083052 0.1310840 0.0933435 0.0989543 0.1043683 0.1107140 0.0961357 0.0985980 0.1018010 0.1095193 0.1096916 0.1362985 0.1157847 0.1539142 0.0988973 0.0944956 0.1236549 0.2522204 0.1446967 0.0869122 0.0990263 0.1237222 0.1217267 0.1192610 0.1117998 0.0960101 0.0958010 0.0991512 0.0835257 0.1044980 0.1044235 0.0990530 0.0985552 0.1222841 0.0866609 0.1013280 0.1018241 0.2439341 0.0963069 0.0808594 0.1328827 0.0810611 
Amauria_rotundifolia_SRR9119150            0.1580966 0.1056610 0.0000000 0.3186050 0.1948971 0.1820723 0.2047229 0.4304652 0.1686788 0.3276912 0.1603873 0.1969212 0.1641937 0.1519241 0.1833395 0.1574303 0.1298058 0.1275281 0.1599336 0.1509873 0.1567479 0.1055408 0.1596936 0.1483752 0.1607249 0.1642863 0.1526747 0.2215187 0.1515958 0.1288785 0.1549590 0.1510280 0.1350364 0.1636948 0.2245464 0.1996167 0.1573716 0.1952571 0.1625318 0.1605020 0.1595390 0.2085181 0.1670122 0.1705221 0.2046010 0.1659605 0.1611659 0.3003015 0.2079180 0.1565003 0.1569732 0.1575992 0.1620510 0.1291095 0.2278168 0.1093915 0.2057983 0.2692772 0.1565723 0.2336077 0.2139617 0.1972200 0.1087195 0.1581288 0.2221571 0.1499920 0.1768258 0.1941944 0.0950800 0.1631214 0.1567077 0.1699114 0.1940302 0.1471590 0.1570371 0.0871798 0.1630159 0.1382003 0.1479668 0.1589063 0.3244062 0.1582886 0.1916193 0.2074354 0.0977393 
Conoclinium_coelestinum_SRR9119114         0.3053664 0.2108168 0.3186050 0.0000000 0.2595214 0.1768946 0.2667194 0.4682611 0.2406427 0.4088133 0.3035652 0.3366958 0.3135448 0.2940485 0.3305103 0.3042326 0.2202571 0.2053373 0.3198307 0.3052200 0.3012952 0.2437035 0.3066620 0.2132326 0.3053745 0.3032324 0.2277326 0.3218432 0.2442021 0.2153223 0.2857665 0.2798838 0.2494383 0.3070497 0.2793562 0.3378247 0.3131977 0.3203113 0.2465081 0.3086309 0.3008649 0.3457945 0.2978465 0.2241902 0.3314850 0.3125888 0.3018950 0.3807818 0.3392803 0.3060122 0.3104560 0.3126466 0.3003748 0.1891207 0.3251067 0.2472448 0.2428114 0.3415954 0.3094778 0.3406430 0.3570585 0.2674504 0.1640199 0.3068077 0.3417483 0.3314420 0.2419090 0.3270240 0.2175345 0.3091929 0.3043829 0.2840236 0.3213677 0.3110435 0.2960017 0.1707050 0.2046975 0.2748494 0.2509874 0.3038147 0.3524868 0.3061786 0.2803653 0.3069450 0.1738215 
Eutetras_palmeri_63                        0.1977719 0.0908167 0.1948971 0.2595214 0.0000000 0.1534482 0.2133133 0.4472566 0.1487249 0.3446040 0.1806453 0.2023034 0.1869495 0.1419642 0.1855018 0.1736005 0.1034064 0.1373792 0.1658419 0.1477248 0.1603151 0.0993807 0.1632366 0.1560775 0.1614321 0.1940730 0.1643223 0.1804278 0.1140004 0.1028056 0.1683410 0.1668019 0.1679590 0.1820074 0.1850537 0.2019515 0.1856542 0.2017221 0.1769619 0.1742364 0.1631077 0.2027930 0.1600982 0.1588511 0.2099507 0.1857522 0.1632720 0.3179407 0.1965171 0.1716665 0.1843038 0.1795834 0.1888096 0.1321302 0.1891415 0.1103985 0.2081801 0.2617151 0.1792649 0.1860955 0.2097451 0.1745620 0.1007447 0.1760789 0.1674342 0.1651042 0.1563328 0.1811943 0.0888822 0.1861303 0.1600997 0.1451861 0.1728092 0.1522863 0.1835641 0.0798035 0.1577310 0.1621956 0.1594327 0.1861473 0.2909018 0.1617742 0.1688043 0.1774777 0.0796941 
Eutrochium_fistulosum_SRR9119106           0.1822009 0.1387109 0.1820723 0.1768946 0.1534482 0.0000000 0.1881444 0.3487753 0.1950888 0.2623439 0.1757647 0.1781343 0.1848540 0.1614604 0.1892734 0.1656503 0.1394375 0.1439804 0.1808301 0.1715642 0.1730332 0.1448822 0.1746867 0.1822196 0.1760481 0.1704452 0.1826771 0.1997614 0.1731320 0.1473405 0.1844971 0.1593297 0.1681721 0.1791073 0.2101429 0.1902695 0.1824490 0.2026564 0.1857627 0.1730318 0.1806615 0.1971623 0.1665784 0.1732465 0.2106164 0.1739547 0.1746951 0.2155879 0.1768173 0.1722422 0.1720841 0.1763988 0.1828085 0.1514348 0.2006931 0.1677800 0.1996231 0.1725090 0.1760029 0.2078436 0.2817698 0.1733698 0.0999533 0.1684686 0.2060509 0.1921856 0.1799393 0.1805910 0.1194934 0.1749033 0.1728718 0.1991040 0.1868968 0.1748790 0.1711111 0.0941736 0.1778484 0.1621147 0.1543318 0.1742705 0.3737888 0.1767285 0.2053584 0.2438978 0.0970371 
Galeana_pratensis_104_mex                  0.1990986 0.1572190 0.2047229 0.2667194 0.2133133 0.1881444 0.0000000 0.4420422 0.1935163 0.3762223 0.1782669 0.2561951 0.1993333 0.1466749 0.1783699 0.1675299 0.1524602 0.1580343 0.1878285 0.1726592 0.1722264 0.1419181 0.1719131 0.1789573 0.1754754 0.2199191 0.2152833 0.1964577 0.1628287 0.1450454 0.1490940 0.1766619 0.1804557 0.1964559 0.1959376 0.2132043 0.1980040 0.2594774 0.2039794 0.1941733 0.1725468 0.2107573 0.1785730 0.1830443 0.2619629 0.2034808 0.1724163 0.3546947 0.1977360 0.1961108 0.1958167 0.1813715 0.2086257 0.1733494 0.2218484 0.1603300 0.2610337 0.3793604 0.1904427 0.2039432 0.2760295 0.2077163 0.1362733 0.1848832 0.1953789 0.2080618 0.1899010 0.1904383 0.1283006 0.1973955 0.1722264 0.1922937 0.1819950 0.1612737 0.1904462 0.1057554 0.1901244 0.1874225 0.1926499 0.1858254 0.2095840 0.1725767 0.1959376 0.1420942 0.1223526 
Helianthus_annuus_SRR9119062               0.4414923 0.2232744 0.4304652 0.4682611 0.4472566 0.3487753 0.4420422 0.0000000 0.4110486 0.4990258 0.4427049 0.4160655 0.4462582 0.3706183 0.4344226 0.4180542 0.3571395 0.3816577 0.4295476 0.4138496 0.3992004 0.2585459 0.4013689 0.3893432 0.4079728 0.4467497 0.3782827 0.4855541 0.3349350 0.2695194 0.4594712 0.4738726 0.3741588 0.4301191 0.4441910 0.4570475 0.4327566 0.4660340 0.3906748 0.4391540 0.4109667 0.4850851 0.3879042 0.3913020 0.4755242 0.4397182 0.4043871 0.4848338 0.4718942 0.4448042 0.4401843 0.4049933 0.4455892 0.3283649 0.5073599 0.2784805 0.2807690 0.4508406 0.4280925 0.4849032 0.4152907 0.4265378 0.2027745 0.4330630 0.4808897 0.4409619 0.4135523 0.4808933 0.1950708 0.4428339 0.3995005 0.4144921 0.4080651 0.3856023 0.4354753 0.1428454 0.4097347 0.3991169 0.3822406 0.4476347 0.4410512 0.4043777 0.4623618 0.3036492 0.1867334 
Lycapsus_tenuifolius_17                    0.1476649 0.0836912 0.1686788 0.2406427 0.1487249 0.1950888 0.1935163 0.4110486 0.0000000 0.3508823 0.1382991 0.1660858 0.1378980 0.1086066 0.1352804 0.1236522 0.1553484 0.1206650 0.1351844 0.1215051 0.1278026 0.0795372 0.1292773 0.1363580 0.1271381 0.1431609 0.1338215 0.1720441 0.0047790 0.0099699 0.1324431 0.1253117 0.1393829 0.1348526 0.0579787 0.1620644 0.1382907 0.1880036 0.1484810 0.1266893 0.1304491 0.1667550 0.1305966 0.1475410 0.1951051 0.1370571 0.1323747 0.2840169 0.1637820 0.1271660 0.1343131 0.1392015 0.1401630 0.1261516 0.1854989 0.0952441 0.1650860 0.2455801 0.1242618 0.1897057 0.1915615 0.1796676 0.0816280 0.1289524 0.1664822 0.1230241 0.1644346 0.1734122 0.0658385 0.1307339 0.1260765 0.0097780 0.1342997 0.1297366 0.1289263 0.0663039 0.1493480 0.1264980 0.1352768 0.1325563 0.3002534 0.1276663 0.0157412 0.1804165 0.0683593 
Pericome_caudata_50_silver                 0.3372183 0.1258859 0.3276912 0.4088133 0.3446040 0.2623439 0.3762223 0.4990258 0.3508823 0.0000000 0.2793705 0.2802411 0.3121047 0.1370888 0.2931016 0.2524350 0.1748202 0.2586420 0.2450071 0.2194320 0.2616741 0.1231844 0.2649770 0.2587608 0.2697763 0.3254974 0.3350599 0.3767844 0.2067904 0.1553845 0.2871325 0.3549461 0.3047044 0.3117673 0.4105372 0.3798324 0.2767594 0.3478550 0.3422087 0.3026602 0.2684149 0.3730744 0.2776186 0.2703419 0.3472909 0.3108648 0.2653785 0.3383876 0.3257226 0.3058282 0.2874556 0.3149195 0.3158839 0.2402556 0.3978864 0.1329620 0.2320185 0.3161739 0.3145226 0.3768150 0.2014666 0.3687046 0.1642544 0.3107494 0.3679778 0.1490591 0.3218114 0.3047039 0.1098587 0.3090265 0.2617639 0.2673855 0.3313783 0.2062400 0.3146045 0.0996420 0.3038316 0.3044272 0.3120305 0.3045342 0.3463114 0.2653560 0.3362415 0.1787938 0.1199278 
Perityle_aglossa_84_dead_horse             0.1420984 0.0960384 0.1603873 0.3035652 0.1806453 0.1757647 0.1782669 0.4427049 0.1382991 0.2793705 0.0000000 0.0543620 0.0342891 0.0228366 0.1018380 0.0268175 0.1347015 0.1185350 0.0310616 0.0232413 0.0242442 0.0094756 0.0254424 0.0366871 0.0315646 0.0473246 0.0399674 0.1987306 0.1116832 0.0975776 0.1452061 0.1489853 0.1230495 0.0287127 0.1909440 0.1780080 0.0197198 0.1526476 0.0513609 0.0245398 0.0315954 0.1805943 0.0291158 0.1498118 0.1586071 0.0263294 0.0279057 0.1341475 0.1775175 0.0230354 0.0274917 0.0340293 0.0445199 0.0172981 0.2064812 0.0382849 0.1280678 0.1151108 0.0254229 0.2048106 0.2367393 0.1757362 0.0420474 0.0286860 0.1967034 0.0578720 0.1698500 0.2235809 0.0088417 0.0264776 0.0242304 0.1426468 0.0667207 0.0297948 0.0267250 0.0256208 0.1493642 0.1250602 0.0339064 0.0208364 0.3192473 0.0266744 0.1469797 0.1796640 0.0398859 
Perityle_ajoensis_204                      0.1833102 0.1026711 0.1969212 0.3366958 0.2023034 0.1781343 0.2561951 0.4160655 0.1660858 0.2802411 0.0543620 0.0000000 0.0711426 0.0294773 0.1213704 0.0424663 0.1534130 0.1448757 0.0462526 0.0418711 0.0496250 0.0158057 0.0521550 0.0572964 0.0587176 0.0809158 0.0911736 0.2279070 0.1109872 0.0933334 0.1857523 0.1861339 0.1717400 0.0644897 0.2290885 0.2060037 0.0550588 0.1640440 0.0967558 0.0575562 0.0614629 0.2075539 0.0632630 0.1565678 0.1739281 0.0656893 0.0534788 0.1246699 0.1855773 0.0629819 0.0629643 0.0632203 0.0802825 0.0535183 0.2488717 0.0472179 0.1521074 0.0849860 0.0603953 0.2276017 0.2471187 0.2154489 0.0765067 0.0670533 0.2344203 0.0577427 0.2201652 0.2536047 0.0147743 0.0572607 0.0508816 0.1682550 0.1081400 0.0272420 0.0710663 0.0321159 0.1969482 0.1611545 0.0870770 0.0684682 0.3120870 0.0534704 0.1739157 0.1539415 0.0483229 
Perityle_ambrosiifolia_67_green            0.1456506 0.1068637 0.1641937 0.3135448 0.1869495 0.1848540 0.1993333 0.4462582 0.1378980 0.3121047 0.0342891 0.0711426 0.0000000 0.0259536 0.1014954 0.0208373 0.1441296 0.1274534 0.0297509 0.0256276 0.0228051 0.0190604 0.0251110 0.0367980 0.0296884 0.0514211 0.0401565 0.2034378 0.1115448 0.1021063 0.1479613 0.1539889 0.1326950 0.0271225 0.1912911 0.1857551 0.0339741 0.1573536 0.0518087 0.0285246 0.0044786 0.1905967 0.0323679 0.1520894 0.1643624 0.0344766 0.0262479 0.1698919 0.1822517 0.0259993 0.0276764 0.0404891 0.0431466 0.0269827 0.2094530 0.0382953 0.1615980 0.1227345 0.0283946 0.2079459 0.2365776 0.1836414 0.0608311 0.0281786 0.2148550 0.0572825 0.1730310 0.2201730 0.0207815 0.0241704 0.0227928 0.1397850 0.0750843 0.0296454 0.0242835 0.0387932 0.1548626 0.1278031 0.0395971 0.0304117 0.3255158 0.0262598 0.1466815 0.1908316 0.0509202 
Perityle_angustifolia_13_Eagle_creek       0.1213408 0.1069354 0.1519241 0.2940485 0.1419642 0.1614604 0.1466749 0.3706183 0.1086066 0.1370888 0.0228366 0.0294773 0.0259536 0.0000000 0.1023632 0.0253178 0.1086292 0.0965682 0.0322590 0.0212883 0.0197571 0.0223169 0.0213136 0.0293325 0.0305418 0.0404822 0.0338955 0.1889341 0.1029546 0.0940934 0.1327574 0.1357229 0.1097313 0.0260091 0.1796660 0.1648889 0.0197810 0.1103485 0.0454347 0.0244550 0.0259660 0.1704701 0.0266192 0.1123785 0.1162384 0.0243518 0.0228610 0.0243928 0.1569032 0.0243776 0.0259014 0.0395289 0.0369072 0.0062021 0.2144506 0.0474711 0.1219067 0.0213201 0.0244902 0.1919908 0.2368356 0.1617069 0.0379352 0.0275958 0.1911591 0.0576647 0.1503612 0.1992359 0.0268750 0.0244820 0.0213388 0.1186087 0.0683907 0.0291065 0.0275730 0.0454749 0.1199781 0.1037831 0.0417345 0.0291276 0.2595204 0.0228535 0.1244619 0.1827083 0.0509789 
Perityle_batopilensis_97                   0.1929030 0.1073195 0.1833395 0.3305103 0.1855018 0.1892734 0.1783699 0.4344226 0.1352804 0.2931016 0.1018380 0.1213704 0.1014954 0.1023632 0.0000000 0.0935023 0.1427331 0.1242656 0.0973669 0.0942721 0.0926252 0.0420630 0.0924014 0.0495643 0.0991339 0.1128499 0.0509495 0.2280082 0.1157691 0.1074158 0.2007410 0.2098805 0.1311078 0.0948241 0.2099396 0.2051157 0.0999347 0.1939285 0.0232438 0.0977060 0.1020589 0.2340401 0.0771294 0.1395828 0.2029304 0.1024836 0.0938804 0.1682514 0.2192227 0.0916953 0.0876014 0.0847963 0.1055828 0.0450976 0.2329893 0.0567530 0.1489716 0.1383488 0.0987133 0.2204765 0.2600908 0.1728108 0.0553046 0.0947731 0.2367858 0.1631238 0.1667806 0.2204834 0.0360153 0.0948651 0.0911146 0.1487602 0.1089037 0.1012421 0.0921120 0.0487747 0.1404207 0.1744683 0.0506421 0.0988492 0.3475358 0.0952259 0.1866944 0.1972714 0.0538812 
Perityle_bisetosa_9                        0.1365838 0.0869889 0.1574303 0.3042326 0.1736005 0.1656503 0.1675299 0.4180542 0.1236522 0.2524350 0.0268175 0.0424663 0.0208373 0.0253178 0.0935023 0.0000000 0.1276102 0.1123276 0.0244318 0.0187883 0.0162322 0.0068006 0.0174709 0.0266121 0.0237606 0.0376410 0.0342141 0.1883612 0.0999183 0.0874609 0.1286992 0.1381591 0.1149638 0.0220374 0.1821637 0.1707026 0.0267070 0.1393892 0.0447430 0.0199718 0.0174383 0.1800851 0.0223581 0.1420190 0.1470105 0.0254806 0.0199964 0.1179118 0.1761215 0.0219679 0.0207892 0.0297049 0.0362349 0.0264099 0.1927049 0.0313832 0.1298627 0.0880795 0.0207142 0.1908560 0.2229908 0.1642896 0.0521886 0.0232147 0.1967482 0.0539652 0.1564262 0.2110206 0.0147911 0.0173477 0.0162226 0.1272941 0.0692712 0.0224825 0.0188120 0.0288994 0.1340169 0.1202623 0.0336163 0.0243434 0.3106766 0.0187336 0.1375283 0.1697143 0.0454094 
Perityle_californica_76_positas            0.1405896 0.1045213 0.1298058 0.2202571 0.1034064 0.1394375 0.1524602 0.3571395 0.1553484 0.1748202 0.1347015 0.1534130 0.1441296 0.1086292 0.1427331 0.1276102 0.0000000 0.1111741 0.1416656 0.1342143 0.1322334 0.1174884 0.1299728 0.1379154 0.1372387 0.1433042 0.1514845 0.1352251 0.1268774 0.1234790 0.1128112 0.1202773 0.1355716 0.1366076 0.1739471 0.1560621 0.1405542 0.1662757 0.1515010 0.1382931 0.1396952 0.1496974 0.1339800 0.1396226 0.1688261 0.1357243 0.1319281 0.1633832 0.1393769 0.1211213 0.1320750 0.1370949 0.1415714 0.1352406 0.1442540 0.1380610 0.1963038 0.1575339 0.1368549 0.1495158 0.1983520 0.1462945 0.1118548 0.1342322 0.1307533 0.1231074 0.1227277 0.1137194 0.1126233 0.1367701 0.1301524 0.1564148 0.1379641 0.1280047 0.1345825 0.1058896 0.1246960 0.1168893 0.1443263 0.1324213 0.2833771 0.1320406 0.1630706 0.1639935 0.0977968 
Perityle_canescens_77                      0.1127603 0.0890788 0.1275281 0.2053373 0.1373792 0.1439804 0.1580343 0.3816577 0.1206650 0.2586420 0.1185350 0.1448757 0.1274534 0.0965682 0.1242656 0.1123276 0.1111741 0.0000000 0.1154026 0.1131966 0.1108558 0.0965168 0.1106002 0.1148384 0.1120526 0.1254627 0.1317421 0.1412038 0.1026393 0.0850033 0.1181981 0.1199967 0.1155265 0.1207358 0.1352008 0.1258693 0.1219205 0.1657273 0.1459118 0.1162823 0.1159893 0.1262836 0.1123460 0.1287064 0.1703814 0.1233058 0.1087893 0.2436516 0.1280554 0.1135382 0.1184344 0.1234297 0.1220839 0.1165699 0.1546210 0.1087529 0.1807649 0.2209417 0.1145964 0.1521074 0.1893437 0.1499466 0.1097090 0.1104097 0.1502297 0.1092690 0.1310781 0.1338904 0.0898093 0.1155719 0.1088921 0.1255927 0.1180877 0.1099897 0.1188507 0.0770174 0.1343994 0.1099610 0.1214340 0.1137303 0.3074570 0.1069650 0.1255974 0.1698825 0.0805839 
Perityle_castillonii_96                    0.1410152 0.1101467 0.1599336 0.3198307 0.1658419 0.1808301 0.1878285 0.4295476 0.1351844 0.2450071 0.0310616 0.0462526 0.0297509 0.0322590 0.0973669 0.0244318 0.1416656 0.1154026 0.0000000 0.0231573 0.0169362 0.0222495 0.0181359 0.0279761 0.0279790 0.0384213 0.0376544 0.1906633 0.1139513 0.0980643 0.1450723 0.1474499 0.1242936 0.0212847 0.1928873 0.1773888 0.0272769 0.1372233 0.0476694 0.0228428 0.0292754 0.1850244 0.0241884 0.1533533 0.1464175 0.0308811 0.0205834 0.0913051 0.1841694 0.0200436 0.0212349 0.0276953 0.0370134 0.0318202 0.2054412 0.0412621 0.1430179 0.0644273 0.0236774 0.1981335 0.2416723 0.1694696 0.0545508 0.0212748 0.1990232 0.0575638 0.1635448 0.2121215 0.0238054 0.0213421 0.0169265 0.1381992 0.0708668 0.0243962 0.0253149 0.0355187 0.1403131 0.1212616 0.0344652 0.0273277 0.3339692 0.0193597 0.1469066 0.1857837 0.0540673 
Perityle_cernua_84                         0.1338079 0.1014751 0.1509873 0.3052200 0.1477248 0.1715642 0.1726592 0.4138496 0.1215051 0.2194320 0.0232413 0.0418711 0.0256276 0.0212883 0.0942721 0.0187883 0.1342143 0.1131966 0.0231573 0.0000000 0.0158913 0.0190604 0.0171041 0.0305524 0.0220164 0.0369893 0.0314048 0.1840417 0.1007013 0.0953493 0.1356062 0.1430326 0.1173271 0.0207076 0.1878005 0.1689419 0.0218823 0.1206962 0.0432288 0.0219934 0.0257905 0.1787432 0.0231794 0.1308297 0.1269916 0.0255685 0.0195758 0.0726649 0.1664405 0.0181662 0.0181608 0.0269177 0.0343213 0.0273770 0.1973371 0.0413197 0.1370372 0.0514979 0.0205403 0.1860990 0.2372104 0.1612822 0.0457138 0.0219244 0.1878126 0.0515187 0.1610317 0.2042900 0.0177937 0.0158003 0.0158821 0.1288674 0.0730884 0.0218755 0.0223350 0.0289111 0.1369149 0.1110686 0.0326940 0.0243921 0.3267704 0.0183399 0.1363729 0.1826927 0.0454046 
Perityle_cfvillosa_25_tin                  0.1360007 0.0963069 0.1567479 0.3012952 0.1603151 0.1730332 0.1722264 0.3992004 0.1278026 0.2616741 0.0242442 0.0496250 0.0228051 0.0197571 0.0926252 0.0162322 0.1322334 0.1108558 0.0169362 0.0158913 0.0000000 0.0094524 0.0067262 0.0259928 0.0146343 0.0404661 0.0372390 0.1875240 0.1084207 0.0981509 0.1356273 0.1388224 0.1181666 0.0158405 0.1886930 0.1743936 0.0227682 0.1253016 0.0435451 0.0195739 0.0204084 0.1789330 0.0177119 0.1316633 0.1325890 0.0273258 0.0089750 0.1214917 0.1660790 0.0169543 0.0162447 0.0265249 0.0343095 0.0256813 0.2050120 0.0292344 0.1467554 0.0610073 0.0178686 0.1927273 0.2250244 0.1702389 0.0337313 0.0169705 0.1970480 0.0459124 0.1582301 0.1979799 0.0118042 0.0160486 0.0044774 0.1334050 0.0561534 0.0114436 0.0207502 0.0256208 0.1376891 0.1151150 0.0313115 0.0216863 0.3151029 0.0078495 0.1398482 0.1724819 0.0455018 
Perityle_cinerea_113_Powell1310            0.0966336 0.1197263 0.1055408 0.2437035 0.0993807 0.1448822 0.1419181 0.2585459 0.0795372 0.1231844 0.0094756 0.0158057 0.0190604 0.0223169 0.0420630 0.0068006 0.1174884 0.0965168 0.0222495 0.0190604 0.0094524 0.0000000 0.0094524 0.0256372 0.0126412 0.0518608 0.0322505 0.1400926 0.0794790 0.0795431 0.1277242 0.1099875 0.1023960 0.0190610 0.0794790 0.1270424 0.0190599 0.1190964 0.0415409 0.0191724 0.0190793 0.1272456 0.0126120 0.1198488 0.1207909 0.0094638 0.0094524 0.0126358 0.1118049 0.0158763 0.0222181 0.0222813 0.0451964 0.0255638 0.1649139 0.0388721 0.1269382 0.0094524 0.0126205 0.1412262 0.2307904 0.1530828 0.0211771 0.0190425 0.1435750 0.0964118 0.1315059 0.1207291 0.0106392 0.0094652 0.0094524 0.0831246 0.0222585 0.0158380 0.0126358 0.0345086 0.1276384 0.1081348 0.0190265 0.0191286 0.1748611 0.0126358 0.0794790 0.1449768 0.0531816 
Perityle_coahuilensis_24                   0.1387422 0.0989543 0.1596936 0.3066620 0.1632366 0.1746867 0.1719131 0.4013689 0.1292773 0.2649770 0.0254424 0.0521550 0.0251110 0.0213136 0.0924014 0.0174709 0.1299728 0.1106002 0.0181359 0.0171041 0.0067262 0.0094524 0.0000000 0.0259413 0.0169024 0.0428925 0.0386169 0.1904320 0.1100661 0.0955748 0.1369225 0.1415720 0.1179248 0.0181215 0.1902331 0.1773646 0.0239535 0.1251917 0.0434614 0.0207275 0.0226987 0.1817464 0.0200944 0.1313784 0.1324722 0.0296330 0.0112297 0.1225868 0.1673732 0.0192340 0.0173959 0.0277912 0.0366343 0.0272359 0.2080510 0.0292344 0.1465800 0.0621943 0.0214705 0.1957664 0.2250244 0.1718282 0.0337313 0.0192524 0.1965308 0.0478494 0.1615025 0.2012485 0.0118042 0.0183598 0.0044728 0.1348067 0.0585557 0.0127076 0.0230793 0.0256208 0.1410191 0.1182880 0.0312504 0.0239933 0.3181103 0.0101021 0.1426992 0.1777719 0.0455286 
Perityle_cochisensis_44_cave_creek         0.1271098 0.1078794 0.1483752 0.2132326 0.1560775 0.1822196 0.1789573 0.3893432 0.1363580 0.2587608 0.0366871 0.0572964 0.0367980 0.0293325 0.0495643 0.0266121 0.1379154 0.1148384 0.0279761 0.0305524 0.0259928 0.0256372 0.0259413 0.0000000 0.0333068 0.0437723 0.0441483 0.1526093 0.1180706 0.1077095 0.1311661 0.1367818 0.1153479 0.0215221 0.1739212 0.1684203 0.0338925 0.1466271 0.0539104 0.0233149 0.0348724 0.1625944 0.0318618 0.1563652 0.1524316 0.0297218 0.0274010 0.1306111 0.1611681 0.0283809 0.0283449 0.0288953 0.0395146 0.0385162 0.1685611 0.0506517 0.1400731 0.1066555 0.0331303 0.1669120 0.2274651 0.1541537 0.0609284 0.0242466 0.1582334 0.0628195 0.1390384 0.1570814 0.0269711 0.0271276 0.0244995 0.1379750 0.0363290 0.0293081 0.0269964 0.0390187 0.1388754 0.1212578 0.0369111 0.0297999 0.3252643 0.0288885 0.1379268 0.1901215 0.0514089 
Perityle_congesta_202                      0.1354556 0.1013077 0.1607249 0.3053745 0.1614321 0.1760481 0.1754754 0.4079728 0.1271381 0.2697763 0.0315646 0.0587176 0.0296884 0.0305418 0.0991339 0.0237606 0.1372387 0.1120526 0.0279790 0.0220164 0.0146343 0.0126412 0.0169024 0.0333068 0.0000000 0.0476468 0.0371156 0.1885873 0.1116285 0.0929519 0.1366209 0.1439554 0.1192662 0.0261599 0.1860906 0.1738434 0.0312156 0.1301710 0.0491466 0.0265201 0.0272491 0.1783993 0.0260869 0.1345816 0.1374888 0.0342057 0.0168953 0.1305333 0.1655475 0.0226194 0.0244119 0.0368150 0.0423924 0.0304374 0.2060853 0.0322476 0.1435744 0.0698566 0.0262844 0.1938272 0.2308637 0.1695695 0.0368222 0.0272950 0.1980498 0.0533260 0.1641606 0.2006030 0.0177693 0.0206375 0.0146265 0.1295502 0.0646163 0.0178578 0.0301205 0.0288437 0.1438001 0.1209221 0.0369847 0.0285750 0.3215355 0.0157615 0.1378208 0.1848715 0.0453277 
Perityle_cordifolia_27                     0.1464728 0.1149884 0.1642863 0.3032324 0.1940730 0.1704452 0.2199191 0.4467497 0.1431609 0.3254974 0.0473246 0.0809158 0.0514211 0.0404822 0.1128499 0.0376410 0.1433042 0.1254627 0.0384213 0.0369893 0.0404661 0.0518608 0.0428925 0.0437723 0.0476468 0.0000000 0.0562577 0.2083658 0.1177566 0.1111741 0.1450989 0.1538937 0.1379394 0.0468590 0.1680386 0.1791998 0.0468681 0.1678021 0.0621865 0.0451806 0.0502183 0.1846231 0.0488258 0.1589556 0.1727694 0.0556837 0.0453132 0.1863997 0.1759793 0.0444488 0.0421974 0.0543330 0.0106232 0.0464419 0.2141422 0.0628216 0.1615638 0.1349648 0.0467574 0.2077740 0.2426176 0.1975095 0.0389172 0.0479144 0.2225177 0.0386384 0.1584776 0.2249209 0.0484000 0.0462221 0.0404437 0.1474036 0.0919962 0.0419296 0.0498386 0.0452375 0.1461588 0.1401001 0.0553875 0.0458638 0.3473816 0.0440978 0.1557871 0.1852257 0.0535171 
Perityle_cordifolia_68_tecolote            0.1316787 0.1100178 0.1526747 0.2277326 0.1643223 0.1826771 0.2152833 0.3782827 0.1338215 0.3350599 0.0399674 0.0911736 0.0401565 0.0338955 0.0509495 0.0342141 0.1514845 0.1317421 0.0376544 0.0314048 0.0372390 0.0322505 0.0386169 0.0441483 0.0371156 0.0562577 0.0000000 0.1772935 0.1172602 0.1050759 0.1384224 0.1388764 0.1305148 0.0375282 0.1508339 0.1624906 0.0424839 0.1624344 0.0582891 0.0341249 0.0442470 0.1571856 0.0442889 0.1568196 0.1678990 0.0386445 0.0399935 0.2011378 0.1503502 0.0373977 0.0359033 0.0358889 0.0476879 0.0454303 0.1830462 0.0057469 0.1640282 0.1379703 0.0396491 0.1868295 0.2329293 0.1749896 0.0671144 0.0348958 0.1724290 0.0646949 0.1440630 0.1731677 0.0359497 0.0341162 0.0357910 0.1351112 0.0414489 0.0318646 0.0349112 0.0553731 0.1440203 0.1329767 0.0452505 0.0376240 0.3454955 0.0386234 0.1352224 0.2000576 0.0647294 
Perityle_coronopifolia_28_patagonia        0.2051721 0.1182263 0.2215187 0.3218432 0.1804278 0.1997614 0.1964577 0.4855541 0.1720441 0.3767844 0.1987306 0.2279070 0.2034378 0.1889341 0.2280082 0.1883612 0.1352251 0.1412038 0.1906633 0.1840417 0.1875240 0.1400926 0.1904320 0.1526093 0.1885873 0.2083658 0.1772935 0.0000000 0.1580104 0.1352504 0.1829632 0.2069121 0.1750003 0.1956758 0.2149073 0.1940580 0.2021385 0.2259375 0.1963016 0.1959722 0.1932098 0.1926790 0.1893460 0.1566965 0.2313778 0.2010765 0.1874533 0.3471399 0.1888970 0.1924301 0.1954133 0.2097683 0.2084519 0.1420100 0.0800502 0.1529677 0.1826775 0.2928906 0.1909329 0.0470715 0.2377064 0.0496867 0.1164430 0.1943323 0.0349771 0.2131624 0.1892184 0.2371615 0.1370126 0.1956865 0.1872751 0.1818577 0.2194902 0.1890160 0.1989389 0.0949307 0.1718467 0.1718209 0.1752845 0.2029370 0.2450217 0.1904909 0.1919943 0.2022365 0.1190910 
Perityle_crassifolia_70_ventanas           0.1360971 0.0808594 0.1515958 0.2442021 0.1140004 0.1731320 0.1628287 0.3349350 0.0047790 0.2067904 0.1116832 0.1109872 0.1115448 0.1029546 0.1157691 0.0999183 0.1268774 0.1026393 0.1139513 0.1007013 0.1084207 0.0794790 0.1100661 0.1180706 0.1116285 0.1177566 0.1172602 0.1580104 0.0000000 0.0127570 0.1289288 0.1062313 0.1281412 0.1101042 0.0568952 0.1484556 0.1117116 0.1412296 0.1228271 0.1049531 0.1078026 0.1546487 0.1100288 0.1199595 0.1498745 0.1132892 0.1099975 0.1596444 0.1370885 0.1078347 0.1096299 0.1193258 0.1173249 0.1041455 0.1752858 0.0915250 0.1458095 0.1312321 0.1009073 0.1726370 0.1860226 0.1598759 0.0575574 0.1083107 0.1472771 0.1130480 0.1515949 0.1449561 0.0656779 0.1029305 0.1083401 0.0063743 0.1195633 0.1096637 0.1044682 0.0661329 0.1343801 0.0980922 0.1114057 0.1138845 0.2787368 0.1063941 0.0063748 0.1774167 0.0654201 
Perityle_crassifolia_74_playa_balandra     0.1145092 0.0809326 0.1288785 0.2153223 0.1028056 0.1473405 0.1450454 0.2695194 0.0099699 0.1553845 0.0975776 0.0933334 0.1021063 0.0940934 0.1074158 0.0874609 0.1234790 0.0850033 0.0980643 0.0953493 0.0981509 0.0795431 0.0955748 0.1077095 0.0929519 0.1111741 0.1050759 0.1352504 0.0127570 0.0000000 0.1185553 0.1116065 0.1043039 0.1004079 0.0159892 0.1221273 0.1045117 0.1407134 0.1146989 0.0957863 0.0975066 0.1245701 0.0979358 0.1107366 0.1443988 0.0975107 0.1000975 0.0999666 0.1081728 0.0865093 0.0997569 0.1048223 0.1066247 0.1032796 0.1387345 0.0915943 0.1528815 0.0979358 0.0887734 0.1456947 0.1973993 0.1464431 0.0506048 0.0980864 0.1222551 0.1081323 0.1198071 0.1411012 0.0624674 0.0958339 0.0957339 0.0119607 0.1003002 0.1003149 0.0956851 0.0627390 0.1172191 0.0794754 0.0975877 0.0980094 0.2752722 0.0956738 0.0159892 0.1354582 0.0682809 
Perityle_cuneata_34_cuneata_San_antonio    0.1584995 0.1056874 0.1549590 0.2857665 0.1683410 0.1844971 0.1490940 0.4594712 0.1324431 0.2871325 0.1452061 0.1857523 0.1479613 0.1327574 0.2007410 0.1286992 0.1128112 0.1181981 0.1450723 0.1356062 0.1356273 0.1277242 0.1369225 0.1311661 0.1366209 0.1450989 0.1384224 0.1829632 0.1289288 0.1185553 0.0000000 0.1305829 0.1223215 0.1401049 0.1839017 0.1662964 0.1437813 0.1774999 0.1509591 0.1407839 0.1409080 0.1740545 0.1391736 0.1338915 0.1815627 0.1444920 0.1382726 0.2758004 0.1694991 0.1369389 0.1422359 0.1480282 0.1422046 0.1238652 0.1866608 0.1409323 0.1942780 0.2403968 0.1376254 0.1823373 0.2339836 0.1718796 0.1222499 0.1397633 0.1916485 0.1453207 0.1413951 0.1908450 0.1108595 0.1404705 0.1355520 0.1489825 0.1830414 0.1414704 0.1474017 0.0991422 0.1223734 0.1134579 0.1402617 0.1380310 0.3178542 0.1369175 0.1436586 0.1200594 0.0922324 
Perityle_cuneata_4                         0.1569140 0.0875582 0.1510280 0.2798838 0.1668019 0.1593297 0.1766619 0.4738726 0.1253117 0.3549461 0.1489853 0.1861339 0.1539889 0.1357229 0.2098805 0.1381591 0.1202773 0.1199967 0.1474499 0.1430326 0.1388224 0.1099875 0.1415720 0.1367818 0.1439554 0.1538937 0.1388764 0.2069121 0.1062313 0.1116065 0.1305829 0.0000000 0.1370469 0.1473131 0.1738757 0.1802348 0.1460781 0.1905125 0.1470597 0.1440568 0.1501003 0.1785147 0.1455903 0.1481357 0.1967406 0.1507329 0.1429088 0.2899878 0.1808409 0.1363973 0.1443935 0.1422495 0.1493270 0.1300777 0.2084863 0.1205334 0.1958112 0.2360894 0.1385400 0.2113594 0.2265494 0.1905396 0.1171314 0.1405945 0.2118225 0.1401071 0.1559252 0.2062103 0.0878455 0.1421863 0.1387444 0.1412050 0.1906984 0.1339798 0.1456122 0.0934901 0.1460164 0.1249051 0.1421159 0.1413463 0.3102038 0.1401311 0.1396247 0.1963185 0.0784402 
Perityle_discoidea_81                      0.0907338 0.0988366 0.1350364 0.2494383 0.1679590 0.1681721 0.1804557 0.3741588 0.1393829 0.3047044 0.1230495 0.1717400 0.1326950 0.1097313 0.1311078 0.1149638 0.1355716 0.1155265 0.1242936 0.1173271 0.1181666 0.1023960 0.1179248 0.1153479 0.1192662 0.1379394 0.1305148 0.1750003 0.1281412 0.1043039 0.1223215 0.1370469 0.0000000 0.1240912 0.1745639 0.1745010 0.1238138 0.1799570 0.1458998 0.1243865 0.1210114 0.1676327 0.1214365 0.1422039 0.1853168 0.1218091 0.1195252 0.2533024 0.1622334 0.1207330 0.1249672 0.1343146 0.1339305 0.1122469 0.1866837 0.1133637 0.1809859 0.2407043 0.1223758 0.1843387 0.2487112 0.1726815 0.0909813 0.1191954 0.1734529 0.1114532 0.1473840 0.1608844 0.0856302 0.1227035 0.1164064 0.1416112 0.1279847 0.1198653 0.1281590 0.0697718 0.1439621 0.1206167 0.1254241 0.1223152 0.3271511 0.1164379 0.1439266 0.1862374 0.0683669 
Perityle_dissecta_201                      0.1381964 0.0990530 0.1636948 0.3070497 0.1820074 0.1791073 0.1964559 0.4301191 0.1348526 0.3117673 0.0287127 0.0644897 0.0271225 0.0260091 0.0948241 0.0220374 0.1366076 0.1207358 0.0212847 0.0207076 0.0158405 0.0190610 0.0181215 0.0215221 0.0261599 0.0468590 0.0375282 0.1956758 0.1101042 0.1004079 0.1401049 0.1473131 0.1240912 0.0000000 0.1880000 0.1809886 0.0273263 0.1508356 0.0466868 0.0242247 0.0250256 0.1863449 0.0249439 0.1502708 0.1552324 0.0302047 0.0204022 0.1656158 0.1809875 0.0228013 0.0212349 0.0251051 0.0387890 0.0286015 0.1998885 0.0382965 0.1566955 0.1201228 0.0206053 0.2027489 0.2307757 0.1784981 0.0514007 0.0217655 0.2061863 0.0556302 0.1668125 0.2105772 0.0178014 0.0209681 0.0158320 0.1382474 0.0649325 0.0218138 0.0210137 0.0322100 0.1470263 0.1235773 0.0330985 0.0240205 0.3237301 0.0192595 0.1439497 0.1781504 0.0455180 
Perityle_emoryi_47_punta_san_jose          0.1942851 0.0808594 0.2245464 0.2793562 0.1850537 0.2101429 0.1959376 0.4441910 0.0579787 0.4105372 0.1909440 0.2290885 0.1912911 0.1796660 0.2099396 0.1821637 0.1739471 0.1352008 0.1928873 0.1878005 0.1886930 0.0794790 0.1902331 0.1739212 0.1860906 0.1680386 0.1508339 0.2149073 0.0568952 0.0159892 0.1839017 0.1738757 0.1745639 0.1880000 0.0000000 0.2078547 0.1909230 0.2438323 0.1892724 0.1786708 0.1912799 0.2150574 0.1880212 0.1755613 0.2515284 0.1901919 0.1935232 0.3519180 0.2109519 0.1796198 0.1888764 0.1893699 0.1950362 0.1261617 0.2291285 0.0915250 0.1673700 0.3077655 0.1781702 0.2313735 0.1860226 0.1941350 0.0814204 0.1816488 0.2121665 0.2138702 0.1928510 0.2314641 0.0656779 0.1836790 0.1867787 0.0671454 0.1977221 0.1992266 0.1831619 0.0661329 0.1751064 0.1799589 0.1432588 0.1812221 0.3086736 0.1884858 0.0482389 0.1905260 0.0654201 
Perityle_feddemae_99                       0.1844823 0.1247608 0.1996167 0.3378247 0.2019515 0.1902695 0.2132043 0.4570475 0.1620644 0.3798324 0.1780080 0.2060037 0.1857551 0.1648889 0.2051157 0.1707026 0.1560621 0.1258693 0.1773888 0.1689419 0.1743936 0.1270424 0.1773646 0.1684203 0.1738434 0.1791998 0.1624906 0.1940580 0.1484556 0.1221273 0.1662964 0.1802348 0.1745010 0.1809886 0.2078547 0.0000000 0.1829127 0.2140972 0.1872314 0.1710604 0.1786928 0.0221701 0.1739234 0.0427524 0.2191566 0.1831673 0.1772793 0.3192188 0.0332603 0.1733589 0.1774019 0.1858166 0.1831482 0.1531275 0.1957706 0.1438314 0.2013352 0.2728158 0.1714197 0.2011965 0.2250227 0.1735036 0.1156248 0.1752546 0.1890448 0.1778737 0.1878543 0.2344174 0.1065180 0.1778053 0.1742924 0.1772678 0.1971747 0.1693223 0.1796819 0.1020424 0.1741886 0.1616640 0.1697530 0.1804303 0.3151102 0.1728069 0.1767815 0.2113550 0.1102612 
Perityle_fosteri_93                        0.1418877 0.1016266 0.1573716 0.3131977 0.1856542 0.1824490 0.1980040 0.4327566 0.1382907 0.2767594 0.0197198 0.0550588 0.0339741 0.0197810 0.0999347 0.0267070 0.1405542 0.1219205 0.0272769 0.0218823 0.0227682 0.0190599 0.0239535 0.0338925 0.0312156 0.0468681 0.0424839 0.2021385 0.1117116 0.1045117 0.1437813 0.1460781 0.1238138 0.0273263 0.1909230 0.1829127 0.0000000 0.1456530 0.0497157 0.0254236 0.0325037 0.1883105 0.0315463 0.1515197 0.1528636 0.0316598 0.0263864 0.1340962 0.1819048 0.0239020 0.0250126 0.0376355 0.0418207 0.0173136 0.2130777 0.0504736 0.1427135 0.1151908 0.0239975 0.2097842 0.2429521 0.1831663 0.0483074 0.0272832 0.2068442 0.0573576 0.1677897 0.2238600 0.0148024 0.0251958 0.0227553 0.1409986 0.0777982 0.0283207 0.0300095 0.0322649 0.1469297 0.1235628 0.0377003 0.0250998 0.3315007 0.0251702 0.1445721 0.1802784 0.0454857 
Perityle_gamon_221                         0.1833502 0.1274933 0.1952571 0.3203113 0.2017221 0.2026564 0.2594774 0.4660340 0.1880036 0.3478550 0.1526476 0.1640440 0.1573536 0.1103485 0.1939285 0.1393892 0.1662757 0.1657273 0.1372233 0.1206962 0.1253016 0.1190964 0.1251917 0.1466271 0.1301710 0.1678021 0.1624344 0.2259375 0.1412296 0.1407134 0.1774999 0.1905125 0.1799570 0.1508356 0.2438323 0.2140972 0.1456530 0.0000000 0.1697998 0.1452128 0.1304482 0.2203769 0.1355282 0.1778471 0.0137492 0.1527689 0.1279062 0.2807085 0.2087244 0.1501681 0.1428690 0.1547200 0.1566441 0.1338640 0.2404887 0.1253005 0.1910161 0.2206139 0.1515679 0.2395645 0.2397871 0.2146934 0.0968069 0.1454474 0.2231010 0.1090650 0.2024286 0.2520536 0.0926328 0.1436402 0.1238335 0.1815013 0.1793524 0.1142913 0.1596973 0.0659233 0.1889428 0.1629682 0.1637839 0.1564416 0.3598916 0.1239008 0.1978374 0.2107421 0.0855931 
Perityle_gentryi_8_san_francisco           0.1459110 0.1105142 0.1625318 0.2465081 0.1769619 0.1857627 0.2039794 0.3906748 0.1484810 0.3422087 0.0513609 0.0967558 0.0518087 0.0454347 0.0232438 0.0447430 0.1515010 0.1459118 0.0476694 0.0432288 0.0435451 0.0415409 0.0434614 0.0539104 0.0491466 0.0621865 0.0582891 0.1963016 0.1228271 0.1146989 0.1509591 0.1470597 0.1458998 0.0466868 0.1892724 0.1872314 0.0497157 0.1697998 0.0000000 0.0433872 0.0492055 0.1814426 0.0507782 0.1620533 0.1751625 0.0503623 0.0448934 0.2061966 0.1797466 0.0452282 0.0404284 0.0553641 0.0543965 0.0464937 0.2046379 0.0600400 0.1422653 0.1668234 0.0465820 0.2075977 0.2630309 0.1896409 0.0704824 0.0453006 0.2015557 0.0752513 0.1587675 0.1744594 0.0396956 0.0433552 0.0420578 0.1443578 0.0478837 0.0461436 0.0478919 0.0625329 0.1548411 0.1347166 0.0484024 0.0492203 0.3454506 0.0478374 0.1514754 0.1981864 0.0594984 
Perityle_gilensis_22_Superstition          0.1361813 0.1019747 0.1605020 0.3086309 0.1742364 0.1730318 0.1941733 0.4391540 0.1266893 0.3026602 0.0245398 0.0575562 0.0285246 0.0244550 0.0977060 0.0199718 0.1382931 0.1162823 0.0228428 0.0219934 0.0195739 0.0191724 0.0207275 0.0233149 0.0265201 0.0451806 0.0341249 0.1959722 0.1049531 0.0957863 0.1407839 0.1440568 0.1243865 0.0242247 0.1786708 0.1710604 0.0254236 0.1452128 0.0433872 0.0000000 0.0265448 0.1767851 0.0302869 0.1413089 0.1508657 0.0284040 0.0242230 0.1586805 0.1722460 0.0230732 0.0225775 0.0321295 0.0403326 0.0258843 0.2061253 0.0383608 0.1489121 0.1193606 0.0231119 0.2031657 0.2435907 0.1787342 0.0514897 0.0231303 0.2017707 0.0555419 0.1601267 0.2092529 0.0088760 0.0201609 0.0195633 0.1342962 0.0696448 0.0246776 0.0256450 0.0322687 0.1415337 0.1199420 0.0296017 0.0253554 0.3195300 0.0230582 0.1379254 0.1888277 0.0455986 
Perityle_gilensis_salensis_225             0.1398020 0.1013444 0.1595390 0.3008649 0.1631077 0.1806615 0.1725468 0.4109667 0.1304491 0.2684149 0.0315954 0.0614629 0.0044786 0.0259660 0.1020589 0.0174383 0.1396952 0.1159893 0.0292754 0.0257905 0.0204084 0.0190793 0.0226987 0.0348724 0.0272491 0.0502183 0.0442470 0.1932098 0.1078026 0.0975066 0.1409080 0.1501003 0.1210114 0.0250256 0.1912799 0.1786928 0.0325037 0.1304482 0.0492055 0.0265448 0.0000000 0.1843421 0.0310137 0.1365562 0.1377827 0.0342370 0.0249876 0.1389397 0.1718740 0.0249644 0.0256413 0.0382134 0.0436501 0.0272425 0.2078264 0.0383308 0.1576644 0.0764773 0.0287586 0.1955578 0.2250220 0.1715936 0.0464559 0.0261934 0.2027807 0.0553500 0.1645236 0.2040433 0.0208007 0.0206317 0.0203974 0.1377443 0.0722671 0.0296573 0.0230771 0.0388326 0.1441317 0.1194692 0.0385433 0.0286013 0.3174824 0.0238403 0.1423216 0.1852893 0.0509634 
Perityle_glaucescens_94                    0.1931810 0.1248894 0.2085181 0.3457945 0.2027930 0.1971623 0.2107573 0.4850851 0.1667550 0.3730744 0.1805943 0.2075539 0.1905967 0.1704701 0.2340401 0.1800851 0.1496974 0.1262836 0.1850244 0.1787432 0.1789330 0.1272456 0.1817464 0.1625944 0.1783993 0.1846231 0.1571856 0.1926790 0.1546487 0.1245701 0.1740545 0.1785147 0.1676327 0.1863449 0.2150574 0.0221701 0.1883105 0.2203769 0.1814426 0.1767851 0.1843421 0.0000000 0.1693535 0.0335886 0.2252115 0.1897232 0.1788340 0.3176781 0.0226259 0.1764731 0.1829078 0.1824818 0.1896498 0.1447261 0.1879305 0.1394487 0.2043557 0.2704448 0.1731800 0.1939163 0.2106679 0.1651179 0.1222906 0.1766138 0.1964973 0.1872386 0.1853101 0.2377057 0.1066537 0.1818315 0.1788352 0.1860715 0.2210314 0.1765567 0.1812553 0.1021791 0.1688649 0.1722357 0.1691261 0.1802150 0.3121562 0.1802540 0.1851697 0.2088385 0.1103843 
Perityle_gracilis_11                       0.1391831 0.0988973 0.1670122 0.2978465 0.1600982 0.1665784 0.1785730 0.3879042 0.1305966 0.2776186 0.0291158 0.0632630 0.0323679 0.0266192 0.0771294 0.0223581 0.1339800 0.1123460 0.0241884 0.0231794 0.0177119 0.0126120 0.0200944 0.0318618 0.0260869 0.0488258 0.0442889 0.1893460 0.1100288 0.0979358 0.1391736 0.1455903 0.1214365 0.0249439 0.1880212 0.1739234 0.0315463 0.1355282 0.0507782 0.0302869 0.0310137 0.1693535 0.0000000 0.1278329 0.1432730 0.0346189 0.0177008 0.1347092 0.1553432 0.0261313 0.0268698 0.0342804 0.0420219 0.0288900 0.2084081 0.0321784 0.1440244 0.0638808 0.0186641 0.1910959 0.2300554 0.1741834 0.0337313 0.0261593 0.1894893 0.0535749 0.1650279 0.1969811 0.0147649 0.0265270 0.0177020 0.1398467 0.0435463 0.0160848 0.0310135 0.0256208 0.1478557 0.1295012 0.0370929 0.0312017 0.3141606 0.0212827 0.1458243 0.1776718 0.0427994 
Perityle_harkerae_31                       0.1533460 0.1083052 0.1705221 0.2241902 0.1588511 0.1732465 0.1830443 0.3913020 0.1475410 0.2703419 0.1498118 0.1565678 0.1520894 0.1123785 0.1395828 0.1420190 0.1396226 0.1287064 0.1533533 0.1308297 0.1316633 0.1198488 0.1313784 0.1563652 0.1345816 0.1589556 0.1568196 0.1566965 0.1199595 0.1107366 0.1338915 0.1481357 0.1422039 0.1502708 0.1755613 0.0427524 0.1515197 0.1778471 0.1620533 0.1413089 0.1365562 0.0335886 0.1278329 0.0000000 0.1788021 0.1527853 0.1330852 0.2322187 0.0096335 0.1415524 0.1446018 0.1517437 0.1548160 0.1373484 0.1575704 0.1326314 0.1732053 0.1985019 0.1405263 0.1671494 0.2066262 0.1542062 0.1182668 0.1415856 0.1560882 0.1277289 0.1552148 0.1646303 0.0999403 0.1438332 0.1297686 0.1500197 0.1404655 0.1249323 0.1449156 0.0875653 0.1604348 0.1189576 0.1537406 0.1433764 0.3051178 0.1314883 0.1490798 0.1901954 0.0924568 
