82
Amauria_brandeegeana_62                    0.0000000 0.1618070 0.1198695 0.3983994 0.1793650 0.2405493 0.2040098 0.2686403 0.1354907 0.2080597 0.3703996 0.1689675 0.1666630 0.1414225 0.1605913 0.1821449 0.4573684 0.2156948 0.1803038 0.1576522 0.1877108 0.1429314 0.1671020 0.1728792 0.1630004 0.1820851 0.2530453 0.2378195 0.3111397 0.1470408 0.1198363 0.4265483 0.1095939 0.3189031 0.2286146 0.1689783 0.3938187 0.2190223 0.1568373 0.1668497 0.2508936 0.1510287 0.1986591 0.2628958 0.1248819 0.1640795 0.1523409 0.1395445 0.1663074 0.1723071 0.1614704 0.1853167 0.1700887 0.2503867 0.2373257 0.1632860 0.1249510 0.1492026 0.2925912 0.1396819 0.4326648 0.1949119 0.3469304 0.2688115 0.1807574 0.1621053 0.1608421 0.1181660 0.1860115 0.1697384 0.3180068 0.1679040 0.1152129 0.1678049 0.1626800 0.1794305 0.2393960 0.1189643 0.1641678 0.2450628 0.1180657 0.2406974 
Amauria_carterae_99_mesa                   0.1618070 0.0000000 0.1466638 0.3913345 0.1641695 0.2280048 0.2038519 0.2850439 0.1407409 0.1998500 0.3675160 0.1613963 0.1543368 0.1807476 0.1399970 0.1710732 0.4605385 0.1755797 0.1595602 0.1568470 0.1727964 0.1596705 0.1580037 0.1649189 0.1567193 0.1700909 0.2830663 0.1826256 0.2859440 0.1815148 0.1232906 0.5014136 0.1482238 0.1824245 0.1941850 0.1612255 0.2416379 0.2145839 0.1515094 0.1560146 0.1955162 0.1499183 0.1723576 0.2103820 0.1621670 0.1647168 0.1210598 0.1365214 0.1637959 0.1638908 0.1608298 0.1712669 0.1523916 0.2100794 0.1604809 0.1802215 0.1495094 0.1433356 0.2603237 0.1600399 0.2408410 0.1684652 0.4434977 0.1907906 0.1704865 0.1680806 0.1347206 0.1892261 0.1765940 0.1583228 0.2752552 0.1596750 0.1282264 0.1592253 0.1458009 0.1695189 0.2038053 0.1743661 0.1523033 0.2431615 0.1466948 0.1891901 
Amauria_rotundifolia_SRR9119150            0.1198695 0.1466638 0.0000000 0.3448080 0.1287733 0.2112490 0.1790775 0.2536448 0.0978388 0.1828259 0.3609550 0.1182801 0.1186381 0.1155370 0.1318461 0.1420629 0.4798685 0.1770419 0.1434606 0.1353484 0.1502921 0.1228980 0.1272676 0.1312572 0.1154639 0.1421057 0.2342259 0.1974166 0.2941577 0.1224259 0.1176878 0.3938992 0.0842262 0.2974562 0.2017550 0.1291734 0.3377225 0.1912681 0.1199166 0.1270404 0.2128272 0.1056791 0.1655497 0.2312037 0.1162004 0.1161786 0.1063021 0.1287960 0.1236928 0.1320875 0.1191234 0.1447111 0.1261698 0.2083364 0.1854190 0.1287182 0.1233264 0.1072043 0.2646733 0.1270688 0.3366610 0.1479480 0.2901472 0.2149978 0.1408660 0.1294212 0.1590910 0.1345769 0.1425092 0.1270998 0.2942560 0.1181695 0.0808134 0.1200481 0.1197652 0.1264501 0.2179088 0.1249707 0.1260017 0.2350323 0.1126629 0.1753583 
Conoclinium_coelestinum_SRR9119114         0.3983994 0.3913345 0.3448080 0.0000000 0.3180069 0.2564708 0.3602382 0.4351896 0.3367828 0.3404989 0.9533482 0.3353018 0.3354195 0.2812047 0.8179226 0.2536736 1.0824864 0.4461571 0.3473754 0.3382202 0.3520898 0.3556456 0.3311176 0.3298638 0.3263610 0.3252587 0.3654571 0.4193732 0.9036723 0.7861253 0.7642637 0.4779895 0.3214477 0.8048289 0.4564814 0.3269117 0.3678079 0.3729126 0.3309891 0.3249132 0.4796052 0.3034010 0.4488229 0.4453563 0.7437880 0.3183795 0.3074582 0.7396936 0.3352290 0.3213947 0.3133913 0.3252587 0.3310738 0.5256969 0.3888278 0.2997440 0.7041796 0.3084218 0.5756777 0.7447543 0.3975956 0.3653245 0.3584980 0.4661592 0.3253529 0.2944795 0.7430910 0.7730052 0.3361624 0.3311176 0.7305958 0.3288155 0.1818793 0.3301170 0.3495307 0.2002070 0.5793320 0.6845612 0.3242450 0.8441399 0.7041796 0.2657621 
Eutetras_palmeri_63                        0.1793650 0.1641695 0.1287733 0.3180069 0.0000000 0.1692715 0.1733945 0.2543851 0.1338818 0.1467699 0.3313248 0.0844054 0.0771075 0.0825168 0.1362734 0.0853785 0.4253275 0.1844279 0.1014148 0.0908629 0.1143650 0.0798435 0.0792662 0.0844265 0.0792555 0.1005231 0.2111091 0.2032555 0.2578817 0.1139583 0.1164541 0.3858208 0.1340337 0.2727709 0.2095029 0.0781754 0.3200820 0.1591734 0.0771083 0.0816699 0.2361883 0.0683825 0.1863941 0.2368052 0.0862052 0.0806044 0.0735078 0.1323683 0.0857805 0.0806754 0.0753152 0.1040487 0.0819736 0.2205928 0.1839122 0.0941229 0.0758802 0.0658908 0.2319358 0.1495334 0.3124116 0.1124327 0.2486638 0.2155980 0.1005965 0.1144147 0.1440324 0.0741915 0.0962249 0.0828709 0.2814991 0.0806152 0.0599148 0.0819161 0.0978240 0.1009977 0.2124960 0.0799632 0.0869221 0.2519696 0.0656765 0.1311731 
Eutrochium_fistulosum_SRR9119106           0.2405493 0.2280048 0.2112490 0.2564708 0.1692715 0.0000000 0.2168401 0.2826151 0.2054983 0.2284265 0.3793750 0.1848714 0.1836861 0.1720874 0.1522424 0.2061933 0.5023121 0.2349326 0.1891573 0.1756186 0.2067791 0.1680072 0.1776072 0.1804265 0.1818122 0.1871799 0.2778115 0.2566365 0.3300823 0.1319533 0.1420801 0.5175997 0.1939537 0.3302408 0.2539847 0.1762460 0.4547366 0.2186082 0.1799125 0.1772381 0.2855577 0.1710717 0.2146414 0.2912611 0.1211597 0.1742889 0.1772567 0.1526357 0.1809230 0.1769194 0.1662728 0.1919656 0.1831756 0.2622815 0.2529789 0.1750673 0.1214275 0.1745905 0.3317557 0.1688134 0.3891704 0.1983965 0.3705538 0.2763597 0.1859041 0.1687598 0.1901116 0.1458536 0.1983157 0.1787413 0.2940495 0.1812798 0.1550724 0.1892677 0.1890800 0.1850524 0.2498801 0.1307243 0.1804269 0.2878511 0.1036458 0.2495672 
Galeana_pratensis_104_mex                  0.2040098 0.2038519 0.1790775 0.3602382 0.1733945 0.2168401 0.0000000 0.2398165 0.1829764 0.2397774 0.3915187 0.1889435 0.1686703 0.2117284 0.1712470 0.1931929 0.4535354 0.1808945 0.1936120 0.1824721 0.1847012 0.1892843 0.1773796 0.1838920 0.1841664 0.1740675 0.3080281 0.1982351 0.3170445 0.1527104 0.1346957 0.5090799 0.1780999 0.2143876 0.2224451 0.1800332 0.2057711 0.2177201 0.1789620 0.1792259 0.2281693 0.1888562 0.1811084 0.2219706 0.1740303 0.1882133 0.1857778 0.1535775 0.1764479 0.1724644 0.1755552 0.1765014 0.1774596 0.2093340 0.1943635 0.1950118 0.1662491 0.1909389 0.2069820 0.1611528 0.2533966 0.1752217 0.4481431 0.1880216 0.1721369 0.1893452 0.1813326 0.1776060 0.2104028 0.1792428 0.3182775 0.1921588 0.1994501 0.1900121 0.1855134 0.2076042 0.1910929 0.1923056 0.1840155 0.2672025 0.1644898 0.1872986 
Helianthus_annuus_SRR9119062               0.2686403 0.2850439 0.2536448 0.4351896 0.2543851 0.2826151 0.2398165 0.0000000 0.2306038 0.2922586 0.4800629 0.2569079 0.2558982 0.2404584 0.2691687 0.2632321 0.6104415 0.2786680 0.2656500 0.2536545 0.2691834 0.2415022 0.2540030 0.2544208 0.2529292 0.2520122 0.3735224 0.3192340 0.3563144 0.2225790 0.2023001 0.4597569 0.2297852 0.4043530 0.3460633 0.2564612 0.3725799 0.2883688 0.2490366 0.2470478 0.3611357 0.2432849 0.3143175 0.3450375 0.2418150 0.2514979 0.2400406 0.2659857 0.2502433 0.2590755 0.2461896 0.2549015 0.2582955 0.3146885 0.3107240 0.2543613 0.2420439 0.2328480 0.3552157 0.2218001 0.4223466 0.2523480 0.4358197 0.3344828 0.2505331 0.2486790 0.2722074 0.2486868 0.2824659 0.2536089 0.3866866 0.2584240 0.2064577 0.2538967 0.2678125 0.2614383 0.3002301 0.2092610 0.2667776 0.3677083 0.2254542 0.2723692 
Lycapsus_tenuifolius_17                    0.1354907 0.1407409 0.0978388 0.3367828 0.1338818 0.2054983 0.1829764 0.2306038 0.0000000 0.1833407 0.3912675 0.1083707 0.1000656 0.1242344 0.1052884 0.1028777 0.3188405 0.1656507 0.1336931 0.1181400 0.1420501 0.1225013 0.1108725 0.1083052 0.1041639 0.1299763 0.2212399 0.1865097 0.2592178 0.0099554 0.0953887 0.3509781 0.0198342 0.3191038 0.2066401 0.1124687 0.2628970 0.1739684 0.1033787 0.1106801 0.2191163 0.1098807 0.1654719 0.2223349 0.1227661 0.1082824 0.1132220 0.1244280 0.1056938 0.1100827 0.1026303 0.1282023 0.1165240 0.2004978 0.1810998 0.1306307 0.1117417 0.1095929 0.2290694 0.1402749 0.2844199 0.1327990 0.2815770 0.2021432 0.1299433 0.1381362 0.1409606 0.1236722 0.1180171 0.1119228 0.2900096 0.1043256 0.0946580 0.1110373 0.1240801 0.1291481 0.1919942 0.1317416 0.1218832 0.2472258 0.1044064 0.1596769 
Pericome_caudata_50_silver                 0.2080597 0.1998500 0.1828259 0.3404989 0.1467699 0.2284265 0.2397774 0.2922586 0.1833407 0.0000000 0.4464270 0.1434434 0.1232109 0.1190076 0.1162055 0.1118439 0.3655739 0.2630633 0.1752010 0.1547369 0.1601159 0.1840348 0.1376679 0.1415229 0.1376372 0.1795508 0.2106075 0.2192734 0.2861508 0.2052356 0.1171038 0.4293382 0.1705892 0.3964479 0.2261837 0.1447190 0.3553405 0.1603741 0.1368508 0.1385357 0.2439369 0.1328907 0.2059867 0.2820435 0.2244214 0.1432274 0.1172582 0.1308256 0.1404946 0.1418448 0.1319479 0.1782365 0.1442967 0.2893248 0.1879171 0.1629425 0.2080470 0.1313864 0.2847803 0.1507402 0.3636532 0.2277193 0.2934431 0.2162910 0.1780255 0.1386392 0.1303746 0.2448980 0.1492469 0.1399880 0.2604127 0.1418753 0.0711893 0.1405884 0.1457545 0.1071257 0.2922992 0.2296324 0.1542428 0.2601262 0.2087275 0.1630041 
Perityle_aglossa_84_dead_horse             0.3703996 0.3675160 0.3609550 0.9533482 0.3313248 0.3793750 0.3915187 0.4800629 0.3912675 0.4464270 0.0000000 0.3091874 0.3243938 0.4202985 0.1068374 1.0713485 0.4520267 0.2919411 0.3111607 0.3011381 0.3161478 0.3035468 0.3051478 0.3198404 0.3026490 0.3120788 0.5399588 0.3864238 0.2735979 0.1039738 0.1094574 1.0709021 0.3760560 0.1269818 0.2939991 0.3095167 1.0732246 0.4347397 0.2975271 0.3078780 0.3118167 0.3115020 0.2391976 0.3350848 0.0506238 0.3144917 0.3283223 0.0961936 0.3158685 0.3049924 0.3145706 0.3206959 0.3009450 0.2463943 0.3948242 0.3371130 0.0410092 0.3121156 0.3131720 0.1090049 0.8259492 0.3096706 0.9627860 0.2798196 0.3096724 0.3612394 0.1090489 0.0575522 0.3486204 0.3070781 0.2809794 0.3238022 1.0800707 0.2854216 0.3628605 1.1894535 0.2360482 0.0392751 0.2908585 0.2165739 0.0323296 1.0138146 
Perityle_ajoensis_204                      0.1689675 0.1613963 0.1182801 0.3353018 0.0844054 0.1848714 0.1889435 0.2569079 0.1083707 0.1434434 0.3091874 0.0000000 0.0407604 0.0637535 0.1156833 0.0371181 0.4373219 0.1796562 0.0610348 0.0446168 0.0660927 0.0444662 0.0439854 0.0463777 0.0067467 0.0990798 0.1852766 0.1887130 0.2802324 0.1005233 0.1189710 0.3967023 0.1148579 0.2147922 0.1863668 0.0345150 0.2899099 0.1484042 0.0370496 0.0403745 0.2262898 0.0186323 0.1625026 0.2299237 0.0310862 0.0182002 0.0335615 0.1047518 0.0381471 0.0357223 0.0320348 0.1013169 0.0414093 0.2097925 0.1457519 0.0798943 0.0345636 0.0313196 0.2528321 0.1331797 0.2857191 0.1045512 0.2056477 0.2024967 0.0978777 0.0860619 0.1367453 0.0405360 0.0450635 0.0451154 0.2783221 0.0148475 0.0208650 0.0525856 0.0363413 0.0683331 0.1947773 0.0392887 0.0523332 0.2394893 0.0257598 0.1266131 
Perityle_ambrosiifolia_67_green            0.1666630 0.1543368 0.1186381 0.3354195 0.0771075 0.1836861 0.1686703 0.2558982 0.1000656 0.1232109 0.3243938 0.0407604 0.0000000 0.0635186 0.0934197 0.0316905 0.4297135 0.1908235 0.0760209 0.0514130 0.0646193 0.0611722 0.0152308 0.0296365 0.0333685 0.0881230 0.1729841 0.1917642 0.2536532 0.0904317 0.0999612 0.3918946 0.1072011 0.2480054 0.1692157 0.0357982 0.3353093 0.1443017 0.0058562 0.0200262 0.2306309 0.0369394 0.1765650 0.2168150 0.0413210 0.0396439 0.0363588 0.1074775 0.0177060 0.0345811 0.0357027 0.0882370 0.0418380 0.2141143 0.1461116 0.0700441 0.0411149 0.0377341 0.2523365 0.1119829 0.3012182 0.0962342 0.2131511 0.2066370 0.0882528 0.0827083 0.1256906 0.0674834 0.0334107 0.0152308 0.2646853 0.0337088 0.0341520 0.0457415 0.0636710 0.0691591 0.2024228 0.0598334 0.0480954 0.2071119 0.0423617 0.1163764 
Perityle_angustifolia_13_Eagle_creek       0.1414225 0.1807476 0.1155370 0.2812047 0.0825168 0.1720874 0.2117284 0.2404584 0.1242344 0.1190076 0.4202985 0.0637535 0.0635186 0.0000000 0.1318280 0.0421685 0.2091601 0.1800592 0.0618419 0.0577927 0.0670882 0.0786073 0.0652528 0.0668595 0.0579149 0.0812144 0.1232129 0.1752230 0.2043984 0.1756682 0.1678492 0.3632538 0.1323696 0.3156694 0.2138732 0.0638013 0.2381223 0.0944984 0.0628517 0.0653098 0.2144231 0.0637432 0.1898816 0.2133607 0.0892650 0.0622609 0.0383942 0.1381493 0.0655093 0.0666560 0.0637800 0.0812144 0.0381512 0.2272055 0.1069481 0.0793817 0.1111472 0.0592971 0.2412008 0.1738596 0.2666581 0.0988974 0.2182656 0.1654320 0.0812144 0.1054634 0.1463188 0.1308407 0.0565715 0.0652528 0.3004146 0.0579375 0.0445769 0.0652798 0.0646076 0.0636588 0.2136113 0.1348046 0.0739448 0.1995457 0.1157727 0.0483765 
Perityle_batopilensis_97                   0.1605913 0.1399970 0.1318461 0.8179226 0.1362734 0.1522424 0.1712470 0.2691687 0.1052884 0.1162055 0.1068374 0.1156833 0.0934197 0.1318280 0.0000000 0.0000010 0.4442499 0.0889225 0.1153356 0.1122960 0.1028747 0.1236575 0.0889736 0.1105789 0.1110731 0.0810117 0.2250799 0.1015595 0.2499089 0.1095936 0.0930023 0.9660826 0.1100068 0.1068972 0.0854376 0.1067902 0.0000010 0.0236969 0.0929906 0.1103278 0.1163932 0.1153315 0.0854128 0.0932141 0.1151741 0.1172349 0.1177626 0.0768195 0.1122037 0.1028747 0.0940430 0.0813384 0.1108720 0.1014650 0.0464482 0.1015881 0.1020332 0.1142822 0.1721827 0.0871670 0.0000010 0.0829499 0.9610519 0.1056535 0.0813384 0.0734389 0.0901339 0.1457977 0.1113821 0.0893336 0.2073807 0.1108292 0.0000010 0.0980545 0.1142442 0.0000010 0.0854109 0.1216289 0.0985514 0.1813237 0.1058134 0.0000010 
Perityle_bisetosa_9                        0.1821449 0.1710732 0.1420629 0.2536736 0.0853785 0.2061933 0.1931929 0.2632321 0.1028777 0.1118439 1.0713485 0.0371181 0.0316905 0.0421685 0.0000010 0.0000000 0.0000010 0.3021289 0.0824824 0.0458069 0.0770802 0.0424955 0.0295562 0.0276268 0.0332952 0.1060092 0.0924262 0.2352040 0.0000010 0.0000010 0.0000010 0.2247892 0.1177545 0.8206298 0.2314823 0.0109009 0.3078237 0.1134475 0.0279941 0.0294742 0.2782263 0.0289618 0.2562682 0.3004291 0.0000010 0.0313784 0.0371187 0.0000010 0.0313675 0.0239136 0.0313658 0.1060092 0.0504875 0.3476724 0.1540583 0.0534332 0.0000010 0.0371116 0.2739074 0.0000010 0.2993012 0.1347438 0.0544278 0.2648017 0.1060092 0.0848401 0.0000010 0.0000010 0.0258199 0.0295562 0.6078582 0.0332952 0.0230180 0.0586754 0.0530322 0.0784451 0.3534134 0.0000010 0.0563881 0.0000010 0.0000010 0.1066209 
Perityle_californica_76_positas            0.4573684 0.4605385 0.4798685 1.0824864 0.4253275 0.5023121 0.4535354 0.6104415 0.3188405 0.3655739 0.4520267 0.4373219 0.4297135 0.2091601 0.4442499 0.0000010 0.0000000 0.3973584 0.4372326 0.4258258 0.4343890 0.3635287 0.4274813 0.4375525 0.4373219 0.4146457 0.1438561 0.4121579 0.3516466 0.3811076 0.2448612 1.6410234 0.4418231 0.4541735 0.4237696 0.4297135 0.0000010 0.3393385 0.4396256 0.4526862 0.4103920 0.4508635 0.4271779 0.4348552 0.4395662 0.4266533 0.4373219 0.4237696 0.4427061 0.4343890 0.4304656 0.4063643 0.4395662 0.4153000 0.3578703 0.4113101 0.4526862 0.3498294 0.2411425 0.1932527 0.0000010 0.2225734 1.4700962 0.3973270 0.4063643 0.4561211 0.3666437 0.2015486 0.4395662 0.4176123 0.3442752 0.3796043 0.0000010 0.4377220 0.3363982 0.0000010 0.3979077 0.1720993 0.4372684 0.2826281 0.3947650 0.0000010 
Perityle_canescens_77                      0.2156948 0.1755797 0.1770419 0.4461571 0.1844279 0.2349326 0.1808945 0.2786680 0.1656507 0.2630633 0.2919411 0.1796562 0.1908235 0.1800592 0.0889225 0.3021289 0.3973584 0.0000000 0.1790433 0.1911868 0.2025431 0.1443462 0.1813525 0.1875678 0.1752231 0.1687850 0.3038923 0.0839732 0.2476110 0.1286530 0.0828676 0.4894187 0.1315101 0.1097063 0.1172303 0.1821134 0.1751507 0.2263781 0.1806411 0.1830548 0.1330297 0.1712228 0.0726999 0.1344352 0.1036468 0.1830083 0.1737614 0.0479210 0.1824252 0.1781928 0.1771257 0.1733104 0.1793049 0.0897339 0.1992316 0.1666043 0.1004412 0.1719131 0.1398793 0.0541429 0.1767468 0.1738339 0.4864211 0.0933419 0.1689276 0.1215400 0.0813136 0.1231377 0.2053608 0.1809886 0.2645503 0.1827353 0.1655893 0.1824047 0.1505967 0.2112048 0.0864771 0.0991507 0.1800369 0.1389353 0.0895455 0.2707947 
Perityle_castillonii_96                    0.1803038 0.1595602 0.1434606 0.3473754 0.1014148 0.1891573 0.1936120 0.2656500 0.1336931 0.1752010 0.3111607 0.0610348 0.0760209 0.0618419 0.1153356 0.0824824 0.4372326 0.1790433 0.0000000 0.0602510 0.0829695 0.0357415 0.0740603 0.0770366 0.0567314 0.0927388 0.2097234 0.2014143 0.2803096 0.1042290 0.1233455 0.4498474 0.1057202 0.1256316 0.1967635 0.0597763 0.3206909 0.1376085 0.0716443 0.0725694 0.2143991 0.0481688 0.1647155 0.2325018 0.0310723 0.0571302 0.0529311 0.1128018 0.0728990 0.0685428 0.0682571 0.0952691 0.0681125 0.2244556 0.1383667 0.0725068 0.0409614 0.0525371 0.2640853 0.1327693 0.3572294 0.0945692 0.2876678 0.2164607 0.0913220 0.1081487 0.1266315 0.0280275 0.0679992 0.0753778 0.2675140 0.0617661 0.0324074 0.0743815 0.0511104 0.1017349 0.1994050 0.0465997 0.0857350 0.2213246 0.0322913 0.1121605 
Perityle_cernua_84                         0.1576522 0.1568470 0.1353484 0.3382202 0.0908629 0.1756186 0.1824721 0.2536545 0.1181400 0.1547369 0.3011381 0.0446168 0.0514130 0.0577927 0.1122960 0.0458069 0.4258258 0.1911868 0.0602510 0.0000000 0.0697994 0.0445679 0.0507767 0.0495971 0.0397494 0.0952375 0.1829034 0.2061719 0.2681386 0.1002153 0.1140281 0.4059515 0.1028919 0.2195926 0.2089044 0.0470681 0.3056630 0.1372720 0.0497910 0.0506686 0.2390341 0.0452614 0.1849862 0.2418396 0.0248710 0.0470472 0.0400702 0.1011814 0.0495869 0.0471914 0.0506895 0.0960527 0.0444317 0.2340108 0.1462675 0.0805488 0.0251650 0.0375805 0.2692941 0.1277180 0.3508134 0.1117494 0.2262660 0.2023446 0.0939034 0.0930235 0.1284874 0.0445295 0.0519139 0.0518615 0.2628914 0.0461173 0.0424402 0.0533307 0.0501554 0.0848787 0.2135284 0.0391579 0.0618387 0.2328165 0.0224192 0.1106985 
Perityle_cfvillosa_25_tin                  0.1877108 0.1727964 0.1502921 0.3520898 0.1143650 0.2067791 0.1847012 0.2691834 0.1420501 0.1601159 0.3161478 0.0660927 0.0646193 0.0670882 0.1028747 0.0770802 0.4343890 0.2025431 0.0829695 0.0697994 0.0000000 0.0615026 0.0674016 0.0686378 0.0596521 0.1079164 0.2168346 0.2122764 0.2664870 0.0962744 0.1048584 0.4275157 0.1207294 0.1935749 0.1947754 0.0672989 0.3339096 0.1404081 0.0703644 0.0661107 0.2150782 0.0511465 0.1619636 0.2532672 0.0509397 0.0674636 0.0596591 0.0921819 0.0675182 0.0545884 0.0646971 0.1045733 0.0724590 0.2384508 0.1638325 0.0742181 0.0250798 0.0565178 0.2638386 0.1176646 0.3074655 0.1175852 0.2598999 0.2302024 0.1093526 0.0985728 0.1181991 0.0573566 0.0672529 0.0710833 0.2566085 0.0640578 0.0225169 0.0766733 0.0518260 0.0891463 0.2063603 0.0540560 0.0829439 0.2202632 0.0224714 0.1295223 
Perityle_cinerea_113_Powell1310            0.1429314 0.1596705 0.1228980 0.3556456 0.0798435 0.1680072 0.1892843 0.2415022 0.1225013 0.1840348 0.3035468 0.0444662 0.0611722 0.0786073 0.1236575 0.0424955 0.3635287 0.1443462 0.0357415 0.0445679 0.0615026 0.0000000 0.0557110 0.0519539 0.0389177 0.0687364 0.1968347 0.1712481 0.2492663 0.0986130 0.1252977 0.4872776 0.1194603 0.0516601 0.2014077 0.0353824 0.2251077 0.1249288 0.0561994 0.0481857 0.2167018 0.0371779 0.1742165 0.2238020 0.0360342 0.0373812 0.0325624 0.1159897 0.0559525 0.0522170 0.0500448 0.0716337 0.0480410 0.1852296 0.1272369 0.0769518 0.0465428 0.0302172 0.2146111 0.1329670 0.2803313 0.0614185 0.3298042 0.1641972 0.0669167 0.1202142 0.1269111 0.0279854 0.0647483 0.0574544 0.2780913 0.0414400 0.0236553 0.0593823 0.0446962 0.1302323 0.1649476 0.0465359 0.0613570 0.2134907 0.0305487 0.0580836 
Perityle_coahuilensis_24                   0.1671020 0.1580037 0.1272676 0.3311176 0.0792662 0.1776072 0.1773796 0.2540030 0.1108725 0.1376679 0.3051478 0.0439854 0.0152308 0.0652528 0.0889736 0.0295562 0.4274813 0.1813525 0.0740603 0.0507767 0.0674016 0.0557110 0.0000000 0.0297372 0.0368271 0.0886696 0.1745552 0.1887174 0.2537957 0.0919110 0.1000023 0.3889845 0.1141583 0.2326514 0.1949970 0.0333579 0.3247365 0.1435602 0.0102009 0.0238993 0.2245909 0.0403835 0.1716746 0.2367296 0.0442480 0.0417782 0.0361860 0.0990332 0.0216709 0.0368961 0.0321074 0.0931487 0.0415002 0.2161744 0.1467032 0.0770946 0.0472635 0.0375144 0.2414917 0.1029333 0.3000261 0.0932595 0.2103593 0.2027454 0.0887957 0.0835322 0.1163219 0.0616111 0.0452204 0.0011198 0.2651892 0.0396433 0.0403052 0.0464528 0.0624745 0.0726238 0.1988581 0.0541304 0.0463280 0.2018789 0.0387494 0.1152476 
Perityle_cochisensis_44_cave_creek         0.1728792 0.1649189 0.1312572 0.3298638 0.0844265 0.1804265 0.1838920 0.2544208 0.1083052 0.1415229 0.3198404 0.0463777 0.0296365 0.0668595 0.1105789 0.0276268 0.4375525 0.1875678 0.0770366 0.0495971 0.0686378 0.0519539 0.0297372 0.0000000 0.0391936 0.0937477 0.1835864 0.2017634 0.2607117 0.0853270 0.1049841 0.3976609 0.1130609 0.2329591 0.1933468 0.0333304 0.3253334 0.1467097 0.0287051 0.0226665 0.2199778 0.0379353 0.1697758 0.2397662 0.0540657 0.0393769 0.0336708 0.0956931 0.0239394 0.0264164 0.0251065 0.0945991 0.0462432 0.2162601 0.1526027 0.0799580 0.0379112 0.0326951 0.2453904 0.1177163 0.2992402 0.0935603 0.2119099 0.2124318 0.0938435 0.0886574 0.1263043 0.0492259 0.0476148 0.0308647 0.2759609 0.0396665 0.0359132 0.0536827 0.0643040 0.0767100 0.1970460 0.0541855 0.0559240 0.2203863 0.0291414 0.1127132 
Perityle_congesta_202                      0.1630004 0.1567193 0.1154639 0.3263610 0.0792555 0.1818122 0.1841664 0.2529292 0.1041639 0.1376372 0.3026490 0.0067467 0.0333685 0.0579149 0.1110731 0.0332952 0.4373219 0.1752231 0.0567314 0.0397494 0.0596521 0.0389177 0.0368271 0.0391936 0.0000000 0.0912717 0.1794844 0.1859321 0.2678036 0.0965885 0.1097700 0.3895886 0.1116588 0.2067306 0.1833687 0.0274551 0.2899099 0.1423847 0.0299306 0.0332615 0.2176180 0.0127472 0.1593753 0.2244255 0.0247028 0.0113115 0.0272035 0.0961717 0.0310330 0.0298313 0.0250282 0.0934150 0.0343106 0.2069236 0.1456467 0.0754617 0.0280879 0.0251675 0.2523000 0.1230878 0.2794056 0.0971941 0.1989373 0.1945949 0.0900767 0.0782006 0.1269932 0.0362516 0.0379116 0.0379548 0.2676134 0.0079500 0.0166416 0.0464838 0.0328947 0.0601921 0.1924406 0.0318975 0.0450937 0.2332211 0.0191861 0.1197108 
Perityle_cordifolia_27                     0.1820851 0.1700909 0.1421057 0.3252587 0.1005231 0.1871799 0.1740675 0.2520122 0.1299763 0.1795508 0.3120788 0.0990798 0.0881230 0.0812144 0.0810117 0.1060092 0.4146457 0.1687850 0.0927388 0.0952375 0.1079164 0.0687364 0.0886696 0.0937477 0.0912717 0.0000000 0.1992309 0.1826352 0.2657566 0.0923485 0.1090704 0.3873268 0.1133286 0.2568042 0.1906412 0.0862729 0.3536249 0.1370960 0.0852848 0.0897749 0.2178913 0.0731853 0.1645748 0.2268394 0.0639471 0.0890789 0.0747823 0.0915926 0.0939656 0.0903059 0.0872154 0.0045573 0.0989267 0.2075582 0.1523981 0.0654826 0.0540871 0.0737534 0.2507363 0.1032753 0.3038031 0.0000010 0.2683310 0.1860572 0.0022592 0.1123583 0.1082365 0.0661370 0.1030981 0.0922726 0.2601195 0.0935621 0.0466543 0.0915920 0.0880737 0.1124527 0.1903393 0.0690195 0.0939136 0.2081184 0.0455044 0.0358069 
Perityle_cordifolia_68_tecolote            0.2530453 0.2830663 0.2342259 0.3654571 0.2111091 0.2778115 0.3080281 0.3735224 0.2212399 0.2106075 0.5399588 0.1852766 0.1729841 0.1232129 0.2250799 0.0924262 0.1438561 0.3038923 0.2097234 0.1829034 0.2168346 0.1968347 0.1745552 0.1835864 0.1794844 0.1992309 0.0000000 0.2635979 0.3059232 0.3473029 0.2349706 0.4409031 0.2282436 0.4820129 0.2867548 0.1755997 0.3826475 0.1781672 0.1759628 0.1848059 0.3270370 0.1810706 0.2651027 0.3293792 0.3571436 0.1790878 0.1655811 0.2493140 0.1813749 0.1814822 0.1807805 0.1991674 0.1904762 0.3423463 0.1762660 0.1852993 0.3561721 0.1667562 0.2775294 0.1737837 0.3248693 0.2116812 0.2906129 0.2961573 0.1980390 0.1898915 0.2323786 0.2271698 0.1901868 0.1719407 0.3839898 0.1758835 0.0534112 0.1875528 0.1713380 0.1130182 0.3317208 0.2547711 0.1822540 0.2360182 0.3194288 0.1318283 
Perityle_coronopifolia_28_patagonia        0.2378195 0.1826256 0.1974166 0.4193732 0.2032555 0.2566365 0.1982351 0.3192340 0.1865097 0.2192734 0.3864238 0.1887130 0.1917642 0.1752230 0.1015595 0.2352040 0.4121579 0.0839732 0.2014143 0.2061719 0.2122764 0.1712481 0.1887174 0.2017634 0.1859321 0.1826352 0.2635979 0.0000000 0.2755610 0.1600276 0.1027485 0.4872911 0.1609855 0.1685502 0.1171571 0.1932040 0.1843481 0.2017284 0.1880683 0.1968818 0.1477028 0.1838522 0.1038158 0.1016754 0.1616436 0.1918637 0.1865784 0.0947503 0.1984972 0.1895132 0.1881927 0.1809100 0.1925875 0.0845464 0.1875639 0.1664248 0.1498941 0.1923188 0.1043725 0.0522651 0.1824029 0.1844853 0.4435737 0.0259926 0.1806781 0.1445199 0.1089347 0.1900563 0.2045040 0.1883190 0.2622949 0.1895462 0.1395560 0.1940501 0.1652659 0.1948621 0.1151061 0.1571661 0.1939049 0.1575974 0.1379174 0.2335437 
Perityle_crassifolia_70_ventanas           0.3111397 0.2859440 0.2941577 0.9036723 0.2578817 0.3300823 0.3170445 0.3563144 0.2592178 0.2861508 0.2735979 0.2802324 0.2536532 0.2043984 0.2499089 0.0000010 0.3516466 0.2476110 0.2803096 0.2681386 0.2664870 0.2492663 0.2537957 0.2607117 0.2678036 0.2657566 0.3059232 0.2755610 0.0000000 0.2858894 0.1816636 1.2242612 0.2864199 0.2740297 0.2619428 0.2668912 0.0000010 0.2633869 0.2589267 0.2662815 0.2368732 0.2625741 0.2547034 0.2709961 0.2846255 0.2625741 0.2369123 0.2491300 0.2701985 0.2664870 0.2553704 0.2657566 0.2788408 0.2554262 0.2422021 0.2727254 0.2664870 0.2429961 0.2577269 0.2124023 0.0000010 0.2080355 1.0187187 0.2698817 0.2657566 0.2402067 0.2412696 0.2246719 0.2801356 0.2537957 0.2392145 0.2622669 0.0000010 0.2719423 0.2543542 0.0000010 0.2607651 0.1999291 0.2735783 0.2255981 0.2664870 0.0000010 
Perityle_crassifolia_74_playa_balandra     0.1470408 0.1815148 0.1224259 0.7861253 0.1139583 0.1319533 0.1527104 0.2225790 0.0099554 0.2052356 0.1039738 0.1005233 0.0904317 0.1756682 0.1095936 0.0000010 0.3811076 0.1286530 0.1042290 0.1002153 0.0962744 0.0986130 0.0919110 0.0853270 0.0965885 0.0923485 0.3473029 0.1600276 0.2858894 0.0000000 0.0912200 1.0179230 0.0162646 0.0893656 0.1902601 0.0966530 0.0000010 0.1673197 0.0883161 0.0851604 0.2163652 0.1004319 0.1412188 0.2197821 0.0967724 0.1004319 0.0917637 0.1279890 0.0788582 0.0889528 0.0815072 0.0959531 0.0966037 0.1598742 0.1520641 0.0999444 0.0924917 0.0946555 0.2174005 0.1355525 0.0000010 0.0962349 0.9451282 0.1507024 0.0923485 0.1255738 0.1439283 0.1113987 0.1188319 0.0919110 0.2425177 0.0930960 0.0000010 0.0927052 0.1068964 0.0000010 0.1291270 0.1116787 0.1005723 0.2540126 0.0890037 0.0000010 
Perityle_cuneata_34_cuneata_San_antonio    0.1198363 0.1232906 0.1176878 0.7642637 0.1164541 0.1420801 0.1346957 0.2023001 0.0953887 0.1171038 0.1094574 0.1189710 0.0999612 0.1678492 0.0930023 0.0000010 0.2448612 0.0828676 0.1233455 0.1140281 0.1048584 0.1252977 0.1000023 0.1049841 0.1097700 0.1090704 0.2349706 0.1027485 0.1816636 0.0912200 0.0000000 1.0195145 0.0997174 0.1098850 0.0908303 0.1186308 0.0000010 0.1454293 0.1041759 0.1003863 0.1753916 0.1141321 0.0950362 0.1227691 0.1184063 0.1141321 0.1149500 0.0819111 0.1016569 0.1048584 0.0918981 0.1090704 0.1139726 0.0746570 0.1197850 0.1139369 0.1091199 0.1072400 0.1410982 0.0806380 0.0000010 0.1095747 0.9511417 0.1025986 0.1090704 0.0793020 0.0912597 0.1290014 0.1188044 0.1000023 0.1792367 0.1054310 0.0000010 0.1048307 0.1128122 0.0000010 0.0748407 0.1183037 0.1099396 0.1821738 0.1048584 0.0000010 
Perityle_cuneata_4                         0.4265483 0.5014136 0.3938992 0.4779895 0.3858208 0.5175997 0.5090799 0.4597569 0.3509781 0.4293382 1.0709021 0.3967023 0.3918946 0.3632538 0.9660826 0.2247892 1.6410234 0.4894187 0.4498474 0.4059515 0.4275157 0.4872776 0.3889845 0.3976609 0.3895886 0.3873268 0.4409031 0.4872911 1.2242612 1.0179230 1.0195145 0.0000000 0.3714296 1.0082009 0.5588036 0.3988110 0.2962288 0.4484995 0.3820296 0.3843779 0.5704738 0.3826787 0.5752509 0.5626806 1.0118677 0.3922601 0.3783921 0.9702731 0.3865085 0.4034344 0.3920343 0.3921094 0.3918403 0.5852955 0.5093874 0.4361799 1.0098579 0.3701258 0.5641075 0.9887387 0.2403303 0.4482134 0.3820882 0.5583852 0.3880776 0.3833054 1.0026469 0.9934542 0.3969611 0.3896501 1.1769043 0.3865475 0.1898440 0.3902054 0.4510365 0.2031909 0.5968432 0.9348412 0.3870850 1.1447752 0.9929935 0.2296468 
Perityle_discoidea_81                      0.1095939 0.1482238 0.0842262 0.3214477 0.1340337 0.1939537 0.1780999 0.2297852 0.0198342 0.1705892 0.3760560 0.1148579 0.1072011 0.1323696 0.1100068 0.1177545 0.4418231 0.1315101 0.1057202 0.1028919 0.1207294 0.1194603 0.1141583 0.1130609 0.1116588 0.1133286 0.2282436 0.1609855 0.2864199 0.0162646 0.0997174 0.3714296 0.0000000 0.2561362 0.1902031 0.1180334 0.2456012 0.1545229 0.1078043 0.1143305 0.2050103 0.1101424 0.1626848 0.1904501 0.1016881 0.1139195 0.1105164 0.1278138 0.1090265 0.1151052 0.1100743 0.1134921 0.1132708 0.1768322 0.1600514 0.1097876 0.0976418 0.1156257 0.2221665 0.1452368 0.2350878 0.1111602 0.3189813 0.1710447 0.1134921 0.1380705 0.1526111 0.1313621 0.1191038 0.1128581 0.2862527 0.1101796 0.0965212 0.1147211 0.1098185 0.1358144 0.1663855 0.1212198 0.1251232 0.2545097 0.0971544 0.1322892 
Perityle_dissecta_201                      0.3189031 0.1824245 0.2974562 0.8048289 0.2727709 0.3302408 0.2143876 0.4043530 0.3191038 0.3964479 0.1269818 0.2147922 0.2480054 0.3156694 0.1068972 0.8206298 0.4541735 0.1097063 0.1256316 0.2195926 0.1935749 0.0516601 0.2326514 0.2329591 0.2067306 0.2568042 0.4820129 0.1685502 0.2740297 0.0893656 0.1098850 1.0082009 0.2561362 0.0000000 0.1844361 0.2243364 0.5506441 0.3655625 0.2287523 0.2290773 0.2057447 0.2077356 0.1401939 0.2131985 0.0184696 0.2114311 0.2368169 0.0960808 0.2308163 0.2220642 0.2159633 0.2643261 0.2119044 0.1475280 0.2282399 0.2014495 0.0280886 0.2232047 0.2471334 0.1232265 0.4959736 0.0953737 0.8140545 0.1689531 0.2544113 0.2756600 0.1315375 0.0321865 0.2495048 0.2346616 0.2415989 0.2192185 0.7712445 0.2275330 0.1066371 0.7433214 0.1271738 0.0355357 0.2395710 0.2276541 0.0191866 0.7948422 
Perityle_feddemae_99                       0.2286146 0.1941850 0.2017550 0.4564814 0.2095029 0.2539847 0.2224451 0.3460633 0.2066401 0.2261837 0.2939991 0.1863668 0.1692157 0.2138732 0.0854376 0.2314823 0.4237696 0.1172303 0.1967635 0.2089044 0.1947754 0.2014077 0.1949970 0.1933468 0.1833687 0.1906412 0.2867548 0.1171571 0.2619428 0.1902601 0.0908303 0.5588036 0.1902031 0.1844361 0.0000000 0.1964381 0.1648721 0.1793400 0.1927144 0.1903650 0.0900052 0.1910520 0.0353412 0.1067663 0.1613942 0.1928307 0.2041899 0.0072136 0.1920232 0.1886044 0.1803477 0.1901240 0.1959005 0.1206678 0.1762946 0.2038049 0.1609617 0.2119960 0.1451559 0.0765521 0.1664477 0.2024101 0.5398812 0.1187042 0.1911500 0.1560725 0.0776121 0.2322234 0.1839417 0.1954562 0.2811560 0.1924392 0.1814904 0.2090125 0.1642393 0.2454860 0.1149472 0.1883563 0.1991631 0.1719866 0.1663927 0.2480984 
Perityle_fosteri_93                        0.1689783 0.1612255 0.1291734 0.3269117 0.0781754 0.1762460 0.1800332 0.2564612 0.1124687 0.1447190 0.3095167 0.0345150 0.0357982 0.0638013 0.1067902 0.0109009 0.4297135 0.1821134 0.0597763 0.0470681 0.0672989 0.0353824 0.0333579 0.0333304 0.0274551 0.0862729 0.1755997 0.1932040 0.2668912 0.0966530 0.1186308 0.3988110 0.1180334 0.2243364 0.1964381 0.0000000 0.3333246 0.1346327 0.0323314 0.0309386 0.2156934 0.0246778 0.1645219 0.2331594 0.0377061 0.0252241 0.0272864 0.1001135 0.0322026 0.0263395 0.0285830 0.0883603 0.0403507 0.2171803 0.1547896 0.0699266 0.0345728 0.0314672 0.2644801 0.1273286 0.2869611 0.0974667 0.2013439 0.2002516 0.0850804 0.0836482 0.1265709 0.0240965 0.0380291 0.0344460 0.2607905 0.0312699 0.0208836 0.0489551 0.0587774 0.0705506 0.2003119 0.0391756 0.0464420 0.2200904 0.0256810 0.1153669 
Perityle_gamon_221                         0.3938187 0.2416379 0.3377225 0.3678079 0.3200820 0.4547366 0.2057711 0.3725799 0.2628970 0.3553405 1.0732246 0.2899099 0.3353093 0.2381223 0.0000010 0.3078237 0.0000010 0.1751507 0.3206909 0.3056630 0.3339096 0.2251077 0.3247365 0.3253334 0.2899099 0.3536249 0.3826475 0.1843481 0.0000010 0.0000010 0.0000010 0.2962288 0.2456012 0.5506441 0.1648721 0.3333246 0.0000000 0.3774371 0.3149731 0.3322030 0.1505854 0.2546520 0.1321221 0.1015817 0.0000010 0.2896564 0.2834798 0.0000010 0.3315138 0.2958712 0.2897702 0.3536249 0.3238842 0.1588600 0.3438620 0.2382978 0.0000010 0.2753457 0.1847259 0.0000010 0.2422311 0.3312906 0.3173512 0.1745421 0.3609600 0.2899312 0.0000010 0.0000010 0.3333239 0.3247365 1.0024227 0.2899099 0.1993920 0.3449261 0.2291588 0.2970590 0.1495436 0.0000010 0.3476090 0.0000010 0.0000010 0.3465680 
Perityle_gentryi_8_san_francisco           0.2190223 0.2145839 0.1912681 0.3729126 0.1591734 0.2186082 0.2177201 0.2883688 0.1739684 0.1603741 0.4347397 0.1484042 0.1443017 0.0944984 0.0236969 0.1134475 0.3393385 0.2263781 0.1376085 0.1372720 0.1404081 0.1249288 0.1435602 0.1467097 0.1423847 0.1370960 0.1781672 0.2017284 0.2633869 0.1673197 0.1454293 0.4484995 0.1545229 0.3655625 0.1793400 0.1346327 0.3774371 0.0000000 0.1431395 0.1492313 0.2208636 0.1182059 0.1811324 0.2164998 0.1729411 0.1394270 0.1085776 0.1150401 0.1530152 0.1392460 0.1320257 0.1370960 0.1497564 0.2484107 0.1291111 0.1006284 0.1630114 0.1235456 0.2863909 0.1278133 0.3808080 0.1684705 0.3107246 0.2133321 0.1385165 0.1287255 0.0801452 0.2023390 0.1380657 0.1435602 0.2525606 0.1409344 0.0358119 0.1424817 0.1138675 0.1311283 0.2410206 0.1828713 0.1540856 0.1760630 0.1585916 0.1398234 
Perityle_gilensis_22_Superstition          0.1568373 0.1515094 0.1199166 0.3309891 0.0771083 0.1799125 0.1789620 0.2490366 0.1033787 0.1368508 0.2975271 0.0370496 0.0058562 0.0628517 0.0929906 0.0279941 0.4396256 0.1806411 0.0716443 0.0497910 0.0703644 0.0561994 0.0102009 0.0287051 0.0299306 0.0852848 0.1759628 0.1880683 0.2589267 0.0883161 0.1041759 0.3820296 0.1078043 0.2287523 0.1927144 0.0323314 0.3149731 0.1431395 0.0000000 0.0159383 0.2255418 0.0332668 0.1689246 0.2391910 0.0439451 0.0348239 0.0350839 0.1030046 0.0113964 0.0324088 0.0310582 0.0860963 0.0392948 0.2109282 0.1445475 0.0790466 0.0472529 0.0365447 0.2428896 0.1074143 0.2903203 0.0871734 0.2085629 0.2021166 0.0840893 0.0825848 0.1206860 0.0573566 0.0454225 0.0090515 0.2696759 0.0326597 0.0298889 0.0466660 0.0593743 0.0672579 0.1965420 0.0537073 0.0441269 0.2071119 0.0387405 0.1099119 
Perityle_gilensis_salensis_225             0.1668497 0.1560146 0.1270404 0.3249132 0.0816699 0.1772381 0.1792259 0.2470478 0.1106801 0.1385357 0.3078780 0.0403745 0.0200262 0.0653098 0.1103278 0.0294742 0.4526862 0.1830548 0.0725694 0.0506686 0.0661107 0.0481857 0.0238993 0.0226665 0.0332615 0.0897749 0.1848059 0.1968818 0.2662815 0.0851604 0.1003863 0.3843779 0.1143305 0.2290773 0.1903650 0.0309386 0.3322030 0.1492313 0.0159383 0.0000000 0.2196704 0.0318340 0.1695356 0.2415852 0.0377062 0.0345988 0.0335718 0.0954831 0.0113037 0.0298645 0.0273707 0.0906263 0.0426071 0.2065194 0.1524048 0.0813553 0.0345730 0.0350633 0.2453775 0.1223552 0.2930086 0.0952555 0.2101121 0.2019947 0.0885838 0.0808398 0.1216690 0.0492024 0.0486994 0.0227209 0.2610405 0.0360245 0.0294268 0.0511180 0.0624122 0.0704246 0.1945720 0.0393472 0.0510255 0.2258897 0.0257670 0.1082376 
Perityle_glaucescens_94                    0.2508936 0.1955162 0.2128272 0.4796052 0.2361883 0.2855577 0.2281693 0.3611357 0.2191163 0.2439369 0.3118167 0.2262898 0.2306309 0.2144231 0.1163932 0.2782263 0.4103920 0.1330297 0.2143991 0.2390341 0.2150782 0.2167018 0.2245909 0.2199778 0.2176180 0.2178913 0.3270370 0.1477028 0.2368732 0.2163652 0.1753916 0.5704738 0.2050103 0.2057447 0.0900052 0.2156934 0.1505854 0.2208636 0.2255418 0.2196704 0.0000000 0.2203544 0.0754731 0.1135640 0.1833357 0.2225230 0.1844911 0.0970673 0.2275180 0.2124961 0.2094086 0.2184345 0.2229760 0.1438649 0.2392066 0.2298645 0.1693532 0.2377466 0.2236433 0.1292726 0.1753852 0.2353667 0.5979920 0.1416995 0.2185060 0.1837619 0.1049961 0.2582709 0.2202701 0.2251500 0.2923618 0.2196646 0.2021808 0.2260043 0.2118295 0.2563094 0.1416453 0.2125117 0.2267405 0.1465785 0.1756388 0.2977745 
Perityle_gracilis_11                       0.1510287 0.1499183 0.1056791 0.3034010 0.0683825 0.1710717 0.1888562 0.2432849 0.1098807 0.1328907 0.3115020 0.0186323 0.0369394 0.0637432 0.1153315 0.0289618 0.4508635 0.1712228 0.0481688 0.0452614 0.0511465 0.0371779 0.0403835 0.0379353 0.0127472 0.0731853 0.1810706 0.1838522 0.2625741 0.1004319 0.1141321 0.3826787 0.1101424 0.2077356 0.1910520 0.0246778 0.2546520 0.1182059 0.0332668 0.0318340 0.2203544 0.0000000 0.1620451 0.2128363 0.0278866 0.0011560 0.0297565 0.1002627 0.0343991 0.0282822 0.0257484 0.0751745 0.0353450 0.2050449 0.1378376 0.0686092 0.0377026 0.0263995 0.2346974 0.1278454 0.2798381 0.0812523 0.2046632 0.1769288 0.0719709 0.0714216 0.1407099 0.0322348 0.0414473 0.0415452 0.2680578 0.0140623 0.0124521 0.0403498 0.0412916 0.0525953 0.1857023 0.0392020 0.0476860 0.2389834 0.0223817 0.0839849 
Perityle_harkerae_31                       0.1986591 0.1723576 0.1655497 0.4488229 0.1863941 0.2146414 0.1811084 0.3143175 0.1654719 0.2059867 0.2391976 0.1625026 0.1765650 0.1898816 0.0854128 0.2562682 0.4271779 0.0726999 0.1647155 0.1849862 0.1619636 0.1742165 0.1716746 0.1697758 0.1593753 0.1645748 0.2651027 0.1038158 0.2547034 0.1412188 0.0950362 0.5752509 0.1626848 0.1401939 0.0353412 0.1645219 0.1321221 0.1811324 0.1689246 0.1695356 0.0754731 0.1620451 0.0000000 0.0602910 0.1170898 0.1632490 0.1763605 0.0144649 0.1735232 0.1563743 0.1506980 0.1649925 0.1698779 0.0867405 0.1811192 0.1666817 0.1041507 0.1831300 0.1451612 0.0805646 0.1551319 0.1752268 0.5474869 0.1076222 0.1650486 0.1298259 0.0732169 0.1587881 0.1702267 0.1716746 0.2762904 0.1598282 0.2023458 0.1778340 0.1572713 0.2636539 0.0749293 0.1280531 0.1680541 0.1655360 0.1074933 0.2754978 
Perityle_hofmeisteria_4_nombre_de_dios     0.2628958 0.2103820 0.2312037 0.4453563 0.2368052 0.2912611 0.2219706 0.3450375 0.2223349 0.2820435 0.3350848 0.2299237 0.2168150 0.2133607 0.0932141 0.3004291 0.4348552 0.1344352 0.2325018 0.2418396 0.2532672 0.2238020 0.2367296 0.2397662 0.2244255 0.2268394 0.3293792 0.1016754 0.2709961 0.2197821 0.1227691 0.5626806 0.1904501 0.2131985 0.1067663 0.2331594 0.1015817 0.2164998 0.2391910 0.2415852 0.1135640 0.2128363 0.0602910 0.0000000 0.2043639 0.2241567 0.2065426 0.0479732 0.2466140 0.2202893 0.2216633 0.2302028 0.2318006 0.1553400 0.1930347 0.2029442 0.1847609 0.2258793 0.1613762 0.0938889 0.1618832 0.2394482 0.5757132 0.1073476 0.2271868 0.1720335 0.0857916 0.2330217 0.2482419 0.2392307 0.2863491 0.2191189 0.1826150 0.2386577 0.1682332 0.2482301 0.1220783 0.2281165 0.2379994 0.1659119 0.1908755 0.3014883 
Perityle_huecosensis_48                    0.1248819 0.1621670 0.1162004 0.7437880 0.0862052 0.1211597 0.1740303 0.2418150 0.1227661 0.2244214 0.0506238 0.0310862 0.0413210 0.0892650 0.1151741 0.0000010 0.4395662 0.1036468 0.0310723 0.0248710 0.0509397 0.0360342 0.0442480 0.0540657 0.0247028 0.0639471 0.3571436 0.1616436 0.2846255 0.0967724 0.1184063 1.0118677 0.1016881 0.0184696 0.1613942 0.0377061 0.0000010 0.1729411 0.0439451 0.0377062 0.1833357 0.0278866 0.1170898 0.2043639 0.0000000 0.0282424 0.0285100 0.1040801 0.0348503 0.0411536 0.0376662 0.0622188 0.0030431 0.1400771 0.1410709 0.0841715 0.0408546 0.0262266 0.2233926 0.1324935 0.0000010 0.0571341 0.8403481 0.1614207 0.0607323 0.1052030 0.1405007 0.0445822 0.0634977 0.0473306 0.2271120 0.0319983 0.0000010 0.0440431 0.0403233 0.0000010 0.1113196 0.0501466 0.0507552 0.2385422 0.0322053 0.0000010 
Perityle_intricata_59_Clark_mtns           0.1640795 0.1647168 0.1161786 0.3183795 0.0806044 0.1742889 0.1882133 0.2514979 0.1082824 0.1432274 0.3144917 0.0182002 0.0396439 0.0622609 0.1172349 0.0313784 0.4266533 0.1830083 0.0571302 0.0470472 0.0674636 0.0373812 0.0417782 0.0393769 0.0113115 0.0890789 0.1790878 0.1918637 0.2625741 0.1004319 0.1141321 0.3922601 0.1139195 0.2114311 0.1928307 0.0252241 0.2896564 0.1394270 0.0348239 0.0345988 0.2225230 0.0011560 0.1632490 0.2241567 0.0282424 0.0000000 0.0286215 0.1018651 0.0358846 0.0322349 0.0251132 0.0910895 0.0392094 0.2159075 0.1512005 0.0701470 0.0381906 0.0252891 0.2551174 0.1278454 0.2852879 0.0954445 0.2040117 0.1962772 0.0877710 0.0774093 0.1432072 0.0322348 0.0428629 0.0428607 0.2680578 0.0125209 0.0103531 0.0527633 0.0412916 0.0622452 0.1964309 0.0392020 0.0513383 0.2389834 0.0223817 0.1128862 
