86
Amauria_brandeegeana_62                    0.0000000 0.3070460 0.0797119 0.2158314 0.1299344 0.1069603 0.4687689 0.3827563 0.4946735 0.4352705 0.4659291 0.1274943 0.1436712 0.1310400 0.1051669 0.4726003 0.1367718 0.4277258 0.4652111 0.1347674 0.1273228 0.1453328 0.0976518 0.1274386 0.1408258 0.1777956 0.4526548 0.5547938 0.2962608 0.2541079 0.1478443 0.3273024 0.2577965 0.4254795 0.1333517 0.2292027 0.5476724 0.1229238 0.5274954 0.4700731 0.1128050 0.1305167 0.5786208 0.1370435 0.3574255 0.5113927 0.1297414 0.1356729 0.1764233 0.4534951 0.1189443 0.1348653 0.1214393 0.4540821 0.1285203 0.3164494 0.3555469 0.2183808 0.1342635 0.1384652 0.2804362 0.3585426 0.2312575 0.0940651 0.1366136 0.5027978 0.4680385 0.1537607 0.1702275 0.3757127 0.1361674 0.1343111 0.3070131 0.1749507 0.1464278 0.1178628 0.0000010 0.1800510 0.2896329 0.1084870 0.1286790 0.1772606 0.1332208 0.4964235 0.6654405 0.0000010 
Amauria_carterae_99_mesa                   0.3070460 0.0000000 0.2790183 0.3199499 0.3419918 0.2303583 0.1016358 0.1234232 0.3329284 0.0968326 0.1006371 0.2659605 0.3413039 0.3223017 0.1761711 0.0754255 0.3124710 0.1580496 0.1046669 0.3350356 0.3086176 0.3476135 0.1569570 0.3443994 0.3500942 0.2926781 0.0733607 0.0984947 0.3339086 0.1981736 0.2020523 0.3573174 0.2739704 0.0994839 0.3271608 0.3281052 0.1061991 0.3074428 0.0900042 0.0777777 0.3313862 0.3379587 0.0892579 0.3406500 0.0890676 0.0953583 0.3307802 0.3543719 0.3093952 0.0938985 0.3168704 0.3022114 0.3342432 0.0735899 0.3164087 0.3012930 0.0875794 0.3083719 0.3504261 0.3410019 0.3092606 0.2192571 0.2819072 0.2122827 0.2998737 0.0975656 0.1816905 0.2848648 0.3064425 0.0794476 0.3310967 0.3416224 0.2022341 0.3126221 0.3455496 0.3217900 0.0000010 0.3103667 0.0852591 0.3074046 0.3003971 0.1819501 0.3450938 0.0849266 1.1013370 0.0000010 
Amauria_rotundifolia_SRR9119150            0.0797119 0.2790183 0.0000000 0.2247219 0.1361419 0.0983570 0.4495189 0.3687917 0.4578934 0.4296582 0.4639608 0.1162485 0.1567710 0.1342209 0.1084101 0.4570071 0.1241620 0.4011575 0.4529485 0.1267584 0.1334137 0.1380741 0.1058055 0.1249262 0.1463732 0.1835718 0.4427175 0.5524841 0.2853500 0.2875682 0.1742376 0.3346388 0.2721449 0.4185292 0.1282837 0.2433460 0.5399442 0.1158361 0.5191594 0.4514842 0.1175972 0.1281327 0.5576297 0.1349578 0.3295552 0.4986498 0.1313868 0.1379225 0.1930494 0.4176255 0.1257081 0.1212367 0.1128438 0.4392280 0.1304851 0.3157317 0.3237624 0.2225623 0.1364188 0.1350723 0.2960162 0.3356713 0.2496131 0.1006299 0.1269823 0.4909711 0.4083679 0.1660022 0.1728489 0.3512615 0.1324636 0.1336299 0.3298562 0.1914478 0.1448776 0.1162502 0.0000010 0.1895732 0.3142379 0.1144902 0.1230161 0.1776180 0.1322859 0.4872149 0.6463338 0.0000010 
Conoclinium_coelestinum_SRR9119114         0.2158314 0.3199499 0.2247219 0.0000000 0.2128884 0.1319696 0.4340242 0.3294842 0.4540622 0.4340043 0.4609774 0.2143250 0.2117324 0.2231441 0.1577463 0.4822492 0.2026181 0.3842185 0.4668443 0.2182248 0.2127429 0.2215222 0.1441207 0.2060459 0.2232062 0.2302436 0.4637684 0.5857168 0.4083476 0.2821732 0.1954845 0.4195495 0.2896765 0.4281204 0.2119147 0.2587807 0.4993239 0.2121528 0.5287893 0.4791732 0.1949948 0.2099763 0.5537231 0.2095917 0.3436570 0.5140969 0.2115069 0.2162830 0.2199956 0.4114490 0.1982053 0.2152369 0.1964455 0.4684113 0.2222885 0.4108100 0.3481322 0.2833198 0.2112334 0.2147364 0.3682515 0.3595511 0.2886015 0.1438517 0.2159128 0.5365550 0.4611206 0.2150284 0.2505400 0.3727866 0.2155333 0.2033059 0.3567239 0.2286702 0.2192090 0.2056105 0.0000010 0.2187579 0.2661519 0.2036498 0.2120910 0.2313829 0.2113617 0.5209046 0.8587061 0.0000010 
Eutetras_palmeri_63                        0.1299344 0.3419918 0.1361419 0.2128884 0.0000000 0.0371271 0.4787697 0.3822606 0.4847784 0.4543630 0.4893822 0.1232293 0.1003087 0.1188457 0.0965484 0.4945469 0.1051096 0.4274270 0.4873372 0.1081534 0.1094559 0.1087613 0.0695420 0.1005324 0.1251827 0.1583615 0.4784911 0.5799853 0.2790826 0.2780319 0.1807979 0.3250004 0.2774601 0.4477998 0.1055664 0.1864165 0.5452442 0.1034506 0.5446925 0.4970349 0.0779302 0.1038205 0.5638127 0.1011711 0.3746830 0.5146207 0.1056157 0.1000394 0.1455142 0.4525794 0.0810972 0.1211299 0.0979412 0.4867227 0.1071076 0.3224421 0.3830498 0.1820021 0.0987547 0.1049190 0.2884722 0.3503808 0.2225725 0.0914793 0.1226437 0.5381138 0.4455838 0.1627835 0.1440183 0.4012052 0.0982525 0.0958753 0.3398780 0.1468068 0.1097448 0.0892530 0.1167731 0.1836884 0.3029342 0.1086472 0.1188708 0.2009092 0.1025286 0.5165826 0.6608979 0.4678154 
Eutetras_pringlei_149_quer                 0.1069603 0.2303583 0.0983570 0.1319696 0.0371271 0.0000000 0.2588959 0.2196343 0.3024030 0.2418445 0.2318115 0.1147237 0.0713788 0.0944031 0.0731587 0.2437941 0.1008190 0.2332759 0.2352954 0.0785580 0.0766222 0.0724449 0.0736644 0.0838161 0.0687520 0.0724309 0.2519744 0.2767032 0.1798581 0.1722689 0.1618523 0.1803904 0.1656356 0.2458656 0.0736085 0.1181354 0.2475858 0.0781782 0.2462649 0.2474211 0.0735218 0.0702271 0.2437378 0.0627539 0.2384395 0.2360115 0.0762203 0.0801367 0.0702570 0.2499868 0.0682981 0.0918391 0.0783579 0.2493313 0.0745673 0.1991227 0.2847741 0.1129531 0.0775553 0.0675786 0.1934270 0.2323782 0.1470269 0.0949153 0.1020061 0.2640170 0.3101435 0.1257091 0.0936010 0.2758612 0.0758602 0.0842081 0.1880292 0.0775850 0.0775156 0.0657490 0.1167731 0.1309005 0.1399358 0.0966920 0.0905804 0.1446732 0.0676538 0.2627646 0.5633594 0.4678154 
Eutrochium_fistulosum_SRR9119106           0.4687689 0.1016358 0.4495189 0.4340242 0.4787697 0.2588959 0.0000000 0.1775353 0.4554645 0.2323642 0.2205377 0.4195691 0.3276738 0.4763232 0.3917951 0.2006287 0.4386509 0.2109321 0.2280455 0.4652498 0.4730629 0.4786774 0.1528473 0.4793418 0.4727006 0.4770843 0.1969462 0.2428079 0.4547583 0.3593050 0.2576766 0.5204980 0.3585368 0.2350357 0.4693871 0.4621700 0.2699995 0.4545318 0.2366361 0.2029664 0.4032941 0.4745631 0.2356723 0.4808022 0.0943078 0.2403418 0.4691308 0.4956424 0.4750682 0.1964427 0.4210679 0.4537250 0.4726490 0.1986627 0.4625387 0.4651032 0.1281265 0.4795423 0.4917988 0.4718270 0.4501334 0.3963566 0.4117561 0.2069695 0.4520372 0.2213537 0.2272727 0.4410580 0.4623879 0.1368877 0.4697752 0.4793418 0.3712918 0.4738455 0.4763382 0.4698953 0.0000010 0.4485812 0.0755264 0.4490071 0.4463140 0.2038595 0.4772325 0.2178652 0.9572154 0.0000010 
Galeana_pratensis_104_mex                  0.3827563 0.1234232 0.3687917 0.3294842 0.3822606 0.2196343 0.1775353 0.0000000 0.3975765 0.2022963 0.1769762 0.3466436 0.3232633 0.3693250 0.2330435 0.1523909 0.3754046 0.2665024 0.1629423 0.3657236 0.3578322 0.3729990 0.1619785 0.3861977 0.3951822 0.3433696 0.1626891 0.1707262 0.3764946 0.2296419 0.2417339 0.4239338 0.3004952 0.2022963 0.3680831 0.3875777 0.2097550 0.3639768 0.1543583 0.1549469 0.3644354 0.3801944 0.1736996 0.3816725 0.1404014 0.1540305 0.3833648 0.3980271 0.3780775 0.1808412 0.3554666 0.3561512 0.3654455 0.1475544 0.3770486 0.3274914 0.1583771 0.3379011 0.3940957 0.3721625 0.3342134 0.2907951 0.3284530 0.1815931 0.3642471 0.1997019 0.1834313 0.3435597 0.3895113 0.1538932 0.3738016 0.3861977 0.2340153 0.3777083 0.3794828 0.3684816 0.0000010 0.3714699 0.0923561 0.3514433 0.3618585 0.1742348 0.3795069 0.1586747 1.2126501 0.0000010 
Helianthus_annuus_SRR9119062               0.4946735 0.3329284 0.4578934 0.4540622 0.4847784 0.3024030 0.4554645 0.3975765 0.0000000 0.4762480 0.4902636 0.4222891 0.4351855 0.4599561 0.3244498 0.4909911 0.4947806 0.4718894 0.5135051 0.4691316 0.4416562 0.4600391 0.2260308 0.4672846 0.5031503 0.4480207 0.4818332 0.5301635 0.5978933 0.3984612 0.3248544 0.6459215 0.4843567 0.4715038 0.4613805 0.5048538 0.5572063 0.4753591 0.5265159 0.4937190 0.4900169 0.4640216 0.5889747 0.4552621 0.3808660 0.5003053 0.4668146 0.4793662 0.4691635 0.4711893 0.4787568 0.4617030 0.4682161 0.4852800 0.4354302 0.5778317 0.3417891 0.5360956 0.4744458 0.4526095 0.5487451 0.4607087 0.5174339 0.3174034 0.4606814 0.5437249 0.3892036 0.4720794 0.4909017 0.4111428 0.4770331 0.4829626 0.4696147 0.4767836 0.4697368 0.4633107 0.0000010 0.4897051 0.3046625 0.4625980 0.4595900 0.3406262 0.4678376 0.5136056 0.8566599 0.0000010 
Lycapsus_tenuifolius_17                    0.4352705 0.0968326 0.4296582 0.4340043 0.4543630 0.2418445 0.2323642 0.2022963 0.4762480 0.0000000 0.1486353 0.3928725 0.3190039 0.4361333 0.3723873 0.1166574 0.4032884 0.1671029 0.1528433 0.4336241 0.4397230 0.4499476 0.1491951 0.4501033 0.4533792 0.4403117 0.1219529 0.2350124 0.4593771 0.3169637 0.2546602 0.5037107 0.3750745 0.0015276 0.4360039 0.4160593 0.2788743 0.4342368 0.2263850 0.1185618 0.3798041 0.4532128 0.2520068 0.4425311 0.1212059 0.2399380 0.4504037 0.4723334 0.4532260 0.1867741 0.3860707 0.4192315 0.4447164 0.1154317 0.4342270 0.4730465 0.1299762 0.4309118 0.4689957 0.4562501 0.4088696 0.3887157 0.4122496 0.1999681 0.4237467 0.1652530 0.3286032 0.4387259 0.4370262 0.1207389 0.4389050 0.4434408 0.3295067 0.4475613 0.4631226 0.4285551 0.0000010 0.4600629 0.1128490 0.4161456 0.4190265 0.2185267 0.4541334 0.1258115 1.1194697 0.0000010 
Pericome_caudata_50_silver                 0.4659291 0.1006371 0.4639608 0.4609774 0.4893822 0.2318115 0.2205377 0.1769762 0.4902636 0.1486353 0.0000000 0.4370164 0.3274396 0.4700381 0.4030256 0.0945801 0.3870241 0.1567728 0.1054341 0.4636826 0.4745865 0.4724177 0.1340439 0.4738017 0.4740902 0.4689670 0.0975127 0.2247519 0.5306840 0.3420951 0.2633761 0.5571293 0.4093307 0.1400310 0.4627017 0.4764358 0.2180282 0.4639734 0.1954266 0.0962570 0.3667002 0.4694855 0.2676362 0.4762516 0.1088839 0.2009836 0.4737413 0.5010499 0.4828503 0.1697064 0.3686896 0.4528115 0.4639964 0.0946225 0.4743522 0.5102598 0.1129114 0.3995005 0.4976318 0.4727284 0.4531535 0.3802985 0.3999772 0.1906095 0.4497747 0.1399810 0.3169681 0.4705502 0.4797505 0.1011614 0.4485689 0.4288506 0.4010524 0.4852947 0.4590389 0.4552266 0.2481517 0.4830291 0.0649390 0.4554763 0.4513062 0.2208825 0.4768206 0.1184767 0.8649921 0.2947963 
Perityle_aglossa_84_dead_horse             0.1274943 0.2659605 0.1162485 0.2143250 0.1232293 0.1147237 0.4195691 0.3466436 0.4222891 0.3928725 0.4370164 0.0000000 0.0849907 0.0510290 0.0635170 0.4338925 0.0532752 0.3688285 0.4341628 0.0649027 0.0514527 0.1043985 0.0732396 0.0858239 0.0895880 0.1412451 0.4194070 0.5229866 0.2999125 0.2865873 0.1855088 0.3122402 0.2774989 0.3850995 0.0699076 0.2087463 0.4941684 0.0356200 0.4836732 0.4339117 0.0546597 0.0848954 0.5359470 0.0887243 0.3217650 0.4851591 0.0749998 0.0900223 0.1305928 0.4177807 0.0645926 0.0561144 0.0674365 0.4269371 0.0598252 0.3346062 0.3021630 0.1956539 0.0886917 0.0978008 0.2830742 0.3452444 0.2132591 0.0875717 0.0385191 0.4762323 0.4141003 0.1492731 0.1503669 0.3397010 0.0733509 0.0910320 0.3321514 0.1364392 0.1068270 0.0685200 0.6586509 0.1768204 0.2361391 0.0363990 0.0331217 0.1677344 0.1019367 0.4568719 0.7175205 1.2023409 
Perityle_ajoensis_204                      0.1436712 0.3413039 0.1567710 0.2117324 0.1003087 0.0713788 0.3276738 0.3232633 0.4351855 0.3190039 0.3274396 0.0849907 0.0000000 0.0379982 0.0291538 0.3500249 0.1065943 0.3567648 0.3654100 0.0836224 0.0426129 0.0340794 0.0415729 0.0818535 0.0910525 0.1186888 0.3579673 0.3872918 0.1645517 0.1264591 0.1207871 0.1560091 0.1842447 0.3225160 0.0713779 0.0945137 0.3512760 0.0763266 0.3701070 0.3533583 0.0701093 0.0324601 0.3340588 0.0291336 0.3388193 0.3538108 0.0905446 0.0258160 0.0968334 0.3455729 0.0656312 0.0942127 0.0558419 0.3634264 0.0379434 0.1696483 0.3577293 0.0845820 0.0257904 0.0291335 0.1866678 0.1739959 0.1462269 0.0656761 0.0966828 0.3851706 0.2772975 0.1867246 0.1357669 0.3760401 0.0730653 0.0820166 0.1395325 0.0969557 0.0408585 0.0472620 0.0000010 0.2030880 0.2990193 0.0817262 0.0982070 0.1461219 0.0324942 0.3763552 0.6150078 0.0000010 
Perityle_ambrosiifolia_67_green            0.1310400 0.3223017 0.1342209 0.2231441 0.1188457 0.0944031 0.4763232 0.3693250 0.4599561 0.4361333 0.4700381 0.0510290 0.0379982 0.0000000 0.0447509 0.4696690 0.0925254 0.4196267 0.4735493 0.1006007 0.0312440 0.0742960 0.0594533 0.0960481 0.0997832 0.1312633 0.4585737 0.5791155 0.2815534 0.2916281 0.1834063 0.3373893 0.2870546 0.4292792 0.0931915 0.2120848 0.5232047 0.0589058 0.5141380 0.4696889 0.0688377 0.0576459 0.5543229 0.0622923 0.3694521 0.5088363 0.1043260 0.0539932 0.1134833 0.4438178 0.0886618 0.0894215 0.0845763 0.4671570 0.0290133 0.3206786 0.3602879 0.2020038 0.0528058 0.0682870 0.2835482 0.3427822 0.2226340 0.0879356 0.0772395 0.5153285 0.4035915 0.1661614 0.1531835 0.3897413 0.0996110 0.0990022 0.3406984 0.1134657 0.0754682 0.0770486 0.2481517 0.1840698 0.3033707 0.0537148 0.0777299 0.1792027 0.0695080 0.4985456 0.5884009 0.4694263 
Perityle_angustifolia_13_Eagle_creek       0.1051669 0.1761711 0.1084101 0.1577463 0.0965484 0.0731587 0.3917951 0.2330435 0.3244498 0.3723873 0.4030256 0.0635170 0.0291538 0.0447509 0.0000000 0.3927179 0.0846855 0.3158674 0.3799374 0.0744884 0.0299608 0.0699374 0.0240862 0.0774876 0.0447610 0.0697109 0.3738473 0.4960670 0.3290123 0.2867225 0.1569014 0.3760005 0.2710491 0.3623059 0.0761675 0.2254872 0.4375691 0.0419771 0.4224897 0.3927391 0.0322001 0.0474797 0.4773830 0.0560356 0.1911296 0.4279750 0.0620110 0.0423124 0.0406793 0.3149585 0.0513898 0.0820454 0.0673948 0.3723410 0.0145502 0.3697529 0.2461525 0.1999283 0.0389535 0.0663558 0.2936498 0.3807282 0.2238134 0.0750809 0.0610783 0.4192097 0.3821688 0.1052044 0.1139266 0.2529173 0.0660207 0.0793446 0.3317636 0.0389635 0.0745555 0.0603146 0.3019494 0.1148163 0.1215390 0.0515355 0.0509524 0.1494356 0.0611523 0.4115362 0.4932215 0.4996187 
Perityle_batopilensis_97                   0.4726003 0.0754255 0.4570071 0.4822492 0.4945469 0.2437941 0.2006287 0.1523909 0.4909911 0.1166574 0.0945801 0.4338925 0.3500249 0.4696690 0.3927179 0.0000000 0.4044861 0.1390602 0.0949818 0.4673776 0.4672959 0.4740246 0.1429647 0.4785492 0.4860920 0.4703739 0.0294456 0.1886925 0.5113065 0.3438465 0.2625963 0.5634391 0.3819071 0.1039968 0.4686819 0.4722611 0.2040439 0.4686153 0.1651534 0.0056898 0.3897602 0.4768373 0.2389735 0.4772764 0.0894993 0.1799081 0.4867724 0.4997745 0.4847271 0.1498200 0.3906796 0.4535159 0.4717245 0.0292722 0.4702021 0.5033032 0.0775465 0.4333730 0.4964661 0.4734018 0.4560025 0.3755244 0.4015611 0.1954436 0.4548243 0.1088982 0.3031244 0.4674977 0.4757079 0.0589383 0.4604193 0.4489727 0.3993871 0.4866014 0.4663291 0.4560080 0.4207980 0.4868487 0.0676862 0.4626247 0.4539310 0.2138296 0.4797230 0.0437680 1.1422483 0.5164947 
Perityle_bisetosa_9                        0.1367718 0.3124710 0.1241620 0.2026181 0.1051096 0.1008190 0.4386509 0.3754046 0.4947806 0.4032884 0.3870241 0.0532752 0.1065943 0.0925254 0.0846855 0.4044861 0.0000000 0.4076915 0.4392555 0.0636178 0.0822548 0.1084598 0.0843020 0.0833773 0.0921310 0.1582579 0.3999810 0.4461075 0.2216301 0.2660451 0.1945111 0.2609518 0.2511254 0.4066458 0.0676672 0.1572802 0.4721406 0.0407242 0.4246318 0.4074878 0.0566146 0.0893352 0.4260521 0.0952318 0.3421360 0.4198609 0.0513301 0.1068845 0.1635633 0.4338319 0.0527333 0.0434445 0.0539429 0.4124133 0.1062724 0.2333020 0.3579069 0.1736184 0.1053608 0.1010904 0.2425264 0.3256842 0.1981724 0.0950198 0.0673924 0.4484279 0.3422363 0.1775763 0.1393195 0.3761347 0.0553557 0.0833773 0.2693566 0.1685496 0.1056397 0.0690082 0.0000010 0.2036241 0.2872148 0.0557336 0.0668708 0.1661809 0.1011895 0.4335034 0.6964689 0.0000010 
Perityle_californica_76_positas            0.4277258 0.1580496 0.4011575 0.3842185 0.4274270 0.2332759 0.2109321 0.2665024 0.4718894 0.1671029 0.1567728 0.3688285 0.3567648 0.4196267 0.3158674 0.1390602 0.4076915 0.0000000 0.1968990 0.4046449 0.4124225 0.4226417 0.1602914 0.4045540 0.4206545 0.4248277 0.1436658 0.1741099 0.4143120 0.2717658 0.2699098 0.4541552 0.3447262 0.1696049 0.4161928 0.4142100 0.2546679 0.4046380 0.1927523 0.1413018 0.4060134 0.4284245 0.2305742 0.4257084 0.1673994 0.1935016 0.4202021 0.4549089 0.4485536 0.2293455 0.3816430 0.3887644 0.4160880 0.1439684 0.4340648 0.4045734 0.1214893 0.3967164 0.4542409 0.4228114 0.3962962 0.3447873 0.3995543 0.2080581 0.3887850 0.1936023 0.1860785 0.3920595 0.4066219 0.1475860 0.4028737 0.4045540 0.2905549 0.4546783 0.4269294 0.3969422 0.0000010 0.4255546 0.1582320 0.3947384 0.3777509 0.2471587 0.4290992 0.1567952 1.1154921 0.0000010 
Perityle_canescens_77                      0.4652111 0.1046669 0.4529485 0.4668443 0.4873372 0.2352954 0.2280455 0.1629423 0.5135051 0.1528433 0.1054341 0.4341628 0.3654100 0.4735493 0.3799374 0.0949818 0.4392555 0.1968990 0.0000000 0.4768201 0.4612394 0.4788701 0.1720773 0.4855115 0.4930402 0.4731476 0.0995586 0.1772971 0.5046605 0.3462616 0.2723262 0.5318776 0.4053701 0.1443745 0.4730472 0.4566644 0.1651954 0.4701212 0.1263826 0.0949818 0.4144982 0.4861089 0.2046012 0.4852241 0.0898960 0.1410602 0.4835331 0.5067028 0.4877297 0.1429848 0.4086902 0.4669583 0.4839970 0.0913558 0.4724487 0.4546980 0.1003576 0.4288766 0.5032578 0.4813463 0.4182471 0.3996172 0.4425602 0.2178178 0.4602673 0.1155048 0.3401618 0.4364967 0.4880813 0.0935347 0.4843691 0.4722036 0.3826696 0.4874472 0.4900346 0.4674673 0.0000010 0.4674329 0.0302293 0.4556504 0.4477058 0.2452383 0.4934898 0.1000038 1.0639762 0.0000010 
Perityle_castillonii_96                    0.1347674 0.3350356 0.1267584 0.2182248 0.1081534 0.0785580 0.4652498 0.3657236 0.4691316 0.4336241 0.4636826 0.0649027 0.0836224 0.1006007 0.0744884 0.4673776 0.0636178 0.4046449 0.4768201 0.0000000 0.1012040 0.0811662 0.0551363 0.0615893 0.0798962 0.1210964 0.4507284 0.5764674 0.2952128 0.3008590 0.1938886 0.3366011 0.2951886 0.4268660 0.0318846 0.1856161 0.5376759 0.0698014 0.5286513 0.4673974 0.0400845 0.0799628 0.5467419 0.0668385 0.3535542 0.5158288 0.0535027 0.0958313 0.1375016 0.4409429 0.0283493 0.0426312 0.0307677 0.4615780 0.0937712 0.3288201 0.3699039 0.1708996 0.0945613 0.0751266 0.2932919 0.3540037 0.2131718 0.0708475 0.0559699 0.5109561 0.4200443 0.1843575 0.1472497 0.3817233 0.0373722 0.0647266 0.3492360 0.1432157 0.0826688 0.0415626 0.0000010 0.2087092 0.2921421 0.0711444 0.0529288 0.1653988 0.0777066 0.4930414 0.7142998 0.0000010 
Perityle_cernua_84                         0.1273228 0.3086176 0.1334137 0.2127429 0.1094559 0.0766222 0.4730629 0.3578322 0.4416562 0.4397230 0.4745865 0.0514527 0.0426129 0.0312440 0.0299608 0.4672959 0.0822548 0.4124225 0.4612394 0.1012040 0.0000000 0.0543019 0.0460248 0.0949616 0.0921886 0.0959884 0.4584538 0.5712595 0.2850454 0.2807549 0.1733910 0.3318286 0.2752205 0.4329067 0.0959968 0.2113471 0.5114909 0.0517247 0.5077487 0.4673163 0.0839027 0.0421340 0.5373410 0.0397125 0.3256635 0.5007942 0.0959261 0.0360846 0.0797247 0.4147790 0.0878743 0.0853708 0.0869717 0.4671473 0.0227688 0.3252096 0.3569748 0.2049385 0.0348780 0.0481872 0.2784412 0.3637571 0.2135032 0.0864002 0.0803010 0.5010664 0.4413465 0.1552202 0.1426313 0.3820979 0.0920833 0.1006679 0.3251849 0.0784036 0.0561153 0.0716047 0.0000010 0.1692780 0.2899098 0.0626307 0.0801656 0.1851653 0.0494228 0.4979088 0.5863156 0.0000010 
Perityle_cfvillosa_25_tin                  0.1453328 0.3476135 0.1380741 0.2215222 0.1087613 0.0724449 0.4786774 0.3729990 0.4600391 0.4499476 0.4724177 0.1043985 0.0340794 0.0742960 0.0699374 0.4740246 0.1084598 0.4226417 0.4788701 0.0811662 0.0543019 0.0000000 0.0446870 0.0755389 0.1101674 0.0828739 0.4639940 0.5891929 0.2971020 0.2958566 0.1955387 0.3423067 0.2807156 0.4433657 0.0751713 0.2064388 0.5419231 0.0986686 0.5324375 0.4740446 0.0862027 0.0328635 0.5562129 0.0173526 0.3756301 0.5155555 0.0945603 0.0396597 0.0936850 0.4492714 0.0698385 0.0898715 0.0644433 0.4752916 0.0526195 0.3305851 0.3714445 0.1933600 0.0385134 0.0151464 0.3017444 0.3798822 0.2249295 0.0839562 0.1081769 0.5285331 0.4586342 0.1827135 0.1512392 0.3911767 0.0760255 0.0797607 0.3471220 0.0989558 0.0235804 0.0522693 0.0000010 0.2031408 0.3146772 0.1089166 0.1041395 0.1953075 0.0228894 0.5036453 0.5409336 0.2937874 
Perityle_cinerea_113_Powell1310            0.0976518 0.1569570 0.1058055 0.1441207 0.0695420 0.0736644 0.1528473 0.1619785 0.2260308 0.1491951 0.1340439 0.0732396 0.0415729 0.0594533 0.0240862 0.1429647 0.0843020 0.1602914 0.1720773 0.0551363 0.0460248 0.0446870 0.0000000 0.0600910 0.0362130 0.0354711 0.1545009 0.1812641 0.1230750 0.1037693 0.1008664 0.0971786 0.1436566 0.1531422 0.0523944 0.0801215 0.1783975 0.0454363 0.1658516 0.1466766 0.0551751 0.0366816 0.1614019 0.0366357 0.1645192 0.1667788 0.0577914 0.0475255 0.0367022 0.1720736 0.0335211 0.0537899 0.0524213 0.1470159 0.0477055 0.1230749 0.1848177 0.0523862 0.0447411 0.0419919 0.1162630 0.1572418 0.1112132 0.0747607 0.0662983 0.1685618 0.3180514 0.1177255 0.0898008 0.1686011 0.0362918 0.0600910 0.1233638 0.0420856 0.0475187 0.0309366 0.0000010 0.1204924 0.1147205 0.0705610 0.0572461 0.1355563 0.0393732 0.1581306 0.5248813 0.0000010 
Perityle_coahuilensis_24                   0.1274386 0.3443994 0.1249262 0.2060459 0.1005324 0.0838161 0.4793418 0.3861977 0.4672846 0.4501033 0.4738017 0.0858239 0.0818535 0.0960481 0.0774876 0.4785492 0.0833773 0.4045540 0.4855115 0.0615893 0.0949616 0.0755389 0.0600910 0.0000000 0.0949564 0.1243791 0.4636220 0.5673710 0.2692488 0.2867625 0.1833837 0.3109872 0.2488902 0.4435515 0.0639179 0.1631280 0.5370435 0.0845652 0.5274968 0.4785693 0.0674864 0.0695652 0.5595942 0.0612472 0.3732116 0.5118150 0.0722881 0.0852310 0.1324038 0.4496608 0.0488722 0.0749814 0.0509248 0.4691872 0.0901170 0.3134427 0.3586573 0.1577980 0.0839772 0.0683324 0.2767334 0.3318953 0.2079751 0.0730329 0.0823397 0.5216964 0.3762668 0.1596441 0.1327979 0.3908014 0.0536106 0.0000010 0.3413496 0.1394196 0.0743720 0.0409579 0.2481517 0.1779993 0.2961649 0.0812031 0.0830267 0.1736708 0.0744569 0.4970004 0.6657196 0.4694263 
Perityle_cochisensis_44_cave_creek         0.1408258 0.3500942 0.1463732 0.2232062 0.1251827 0.0687520 0.4727006 0.3951822 0.5031503 0.4533792 0.4740902 0.0895880 0.0910525 0.0997832 0.0447610 0.4860920 0.0921310 0.4206545 0.4930402 0.0798962 0.0921886 0.1101674 0.0362130 0.0949564 0.0000000 0.1449618 0.4705037 0.5905761 0.3202528 0.2897440 0.1768371 0.3638398 0.2839028 0.4468409 0.0702987 0.2097183 0.5391961 0.0771655 0.5412018 0.4861127 0.0547563 0.0902053 0.5631612 0.0963055 0.3692772 0.5353755 0.0761661 0.0987054 0.1326820 0.4522201 0.0479591 0.0857492 0.0609484 0.4788123 0.0978901 0.3289232 0.3843442 0.1676719 0.0986355 0.1038441 0.2865298 0.3400970 0.2180178 0.0682378 0.0859268 0.5330092 0.4024062 0.1566893 0.1690783 0.4166914 0.0734428 0.1006350 0.3443933 0.1313361 0.1127022 0.0738219 0.0000010 0.1844389 0.3112467 0.0725515 0.0817821 0.1709862 0.1002397 0.5096295 0.6672625 0.0000010 
Perityle_congesta_202                      0.1777956 0.2926781 0.1835718 0.2302436 0.1583615 0.0724309 0.4770843 0.3433696 0.4480207 0.4403117 0.4689670 0.1412451 0.1186888 0.1312633 0.0697109 0.4703739 0.1582579 0.4248277 0.4731476 0.1210964 0.0959884 0.0828739 0.0354711 0.1243791 0.1449618 0.0000000 0.4626063 0.5653361 0.3725998 0.3085381 0.1909913 0.4070775 0.2865500 0.4291756 0.1141648 0.2859404 0.5354006 0.1418564 0.5147273 0.4703958 0.1467519 0.0868467 0.5616713 0.0722932 0.3507652 0.4984251 0.1397284 0.1016890 0.0302979 0.4430889 0.1109993 0.1352569 0.1099480 0.4788401 0.1051417 0.3828037 0.3304285 0.2444646 0.0976142 0.0671782 0.3312339 0.3443295 0.2508986 0.0770833 0.1505040 0.5013944 0.4232777 0.1628995 0.1956191 0.3666380 0.1191487 0.1333656 0.3469956 0.0452722 0.0804924 0.0989511 0.0000010 0.1820252 0.2706866 0.1547134 0.1380030 0.1643693 0.0803087 0.5061068 0.5409336 0.2937874 
Perityle_cordifolia_27                     0.4526548 0.0733607 0.4427175 0.4637684 0.4784911 0.2519744 0.1969462 0.1626891 0.4818332 0.1219529 0.0975127 0.4194070 0.3579673 0.4585737 0.3738473 0.0294456 0.3999810 0.1436658 0.0995586 0.4507284 0.4584538 0.4639940 0.1545009 0.4636220 0.4705037 0.4626063 0.0000000 0.1656172 0.4751654 0.3297281 0.2674385 0.5238556 0.3921755 0.1110807 0.4521510 0.4498534 0.1999863 0.4507817 0.1607477 0.0294456 0.3934767 0.4701225 0.1920367 0.4680061 0.0850510 0.1774218 0.4634642 0.4920956 0.4784803 0.1435696 0.3942768 0.4357277 0.4553575 0.0216354 0.4622911 0.4588215 0.0822628 0.4276159 0.4885634 0.4669407 0.4126684 0.3760581 0.4017123 0.2073015 0.4459856 0.1087285 0.2839011 0.4335682 0.4504118 0.0589660 0.4526862 0.4442774 0.3606703 0.4805084 0.4674517 0.4448911 0.4207980 0.4541025 0.0649025 0.4427823 0.4383792 0.2220486 0.4676371 0.0405881 1.1145170 0.5164947 
Perityle_cordifolia_68_tecolote            0.5547938 0.0984947 0.5524841 0.5857168 0.5799853 0.2767032 0.2428079 0.1707262 0.5301635 0.2350124 0.2247519 0.5229866 0.3872918 0.5791155 0.4960670 0.1886925 0.4461075 0.1741099 0.1772971 0.5764674 0.5712595 0.5891929 0.1812641 0.5673710 0.5905761 0.5653361 0.1656172 0.0000000 0.5586356 0.3928057 0.2926810 0.6216076 0.4290409 0.2225531 0.5677237 0.5046924 0.2244962 0.5709773 0.1451188 0.1909167 0.4056929 0.5928515 0.3084492 0.5808816 0.0896053 0.1475482 0.5949371 0.6024339 0.5913725 0.1613443 0.4266731 0.5524917 0.5807562 0.1579806 0.5685514 0.5511951 0.0159085 0.4907199 0.5986704 0.5744508 0.4835886 0.4573654 0.4203091 0.2334854 0.5551158 0.2155368 0.4296499 0.5352904 0.5735441 0.0588019 0.5520004 0.5166647 0.4486438 0.5915459 0.5586126 0.5654496 0.2481517 0.5453899 0.0659682 0.5566745 0.5548350 0.2322347 0.5793204 0.1952295 0.8663308 0.2947963 
Perityle_coronopifolia_28_patagonia        0.2962608 0.3339086 0.2853500 0.4083476 0.2790826 0.1798581 0.4547583 0.3764946 0.5978933 0.4593771 0.5306840 0.2999125 0.1645517 0.2815534 0.3290123 0.5113065 0.2216301 0.4143120 0.5046605 0.2952128 0.2850454 0.2971020 0.1230750 0.2692488 0.3202528 0.3725998 0.4751654 0.5586356 0.0000000 0.2687610 0.2212424 0.3566641 0.2941573 0.4513331 0.2948147 0.2793360 0.5365083 0.2651788 0.5133725 0.5143946 0.2228824 0.2893426 0.5488507 0.2877305 0.3616931 0.4896352 0.3009472 0.2950638 0.3722839 0.4556114 0.2149221 0.2933193 0.2843170 0.4808405 0.2741201 0.0813361 0.3945484 0.2345150 0.2947876 0.2932550 0.1222935 0.3344856 0.2907480 0.1528745 0.2781779 0.5626932 0.4633834 0.3420004 0.3086929 0.4249850 0.2753162 0.2315388 0.3284211 0.3740216 0.2807337 0.2707996 0.7998714 0.3576158 0.2957256 0.2663129 0.2829625 0.1254587 0.2915166 0.5342429 0.7831656 1.0316925 
Perityle_crassifolia_70_ventanas           0.2541079 0.1981736 0.2875682 0.2821732 0.2780319 0.1722689 0.3593050 0.2296419 0.3984612 0.3169637 0.3420951 0.2865873 0.1264591 0.2916281 0.2867225 0.3438465 0.2660451 0.2717658 0.3462616 0.3008590 0.2807549 0.2958566 0.1037693 0.2867625 0.2897440 0.3085381 0.3297281 0.3928057 0.2687610 0.0000000 0.0135607 0.1816224 0.1509341 0.3065464 0.2975454 0.2197681 0.3732595 0.2784317 0.3728738 0.3475724 0.2020381 0.2859469 0.3179840 0.2903916 0.2141998 0.3747093 0.2768416 0.3001589 0.2886236 0.2718432 0.2413700 0.2898220 0.2916670 0.3393279 0.2665861 0.2835601 0.2669181 0.2366409 0.2969417 0.2992083 0.2812598 0.3696433 0.2867019 0.1138320 0.3022551 0.3419808 0.4501073 0.3041046 0.2942336 0.2900768 0.2976730 0.2764339 0.0507997 0.2915171 0.3029412 0.2887857 0.6511046 0.2970436 0.1284843 0.2746082 0.3029952 0.1423870 0.2998800 0.3592672 0.6000745 0.7440453 
Perityle_crassifolia_74_playa_balandra     0.1478443 0.2020523 0.1742376 0.1954845 0.1807979 0.1618523 0.2576766 0.2417339 0.3248544 0.2546602 0.2633761 0.1855088 0.1207871 0.1834063 0.1569014 0.2625963 0.1945111 0.2699098 0.2723262 0.1938886 0.1733910 0.1955387 0.1008664 0.1833837 0.1768371 0.1909913 0.2674385 0.2926810 0.2212424 0.0135607 0.0000000 0.1115780 0.1371175 0.2587964 0.1963001 0.1391647 0.2660120 0.1690732 0.2642168 0.2664186 0.1824291 0.1752175 0.2480454 0.1895731 0.2053747 0.2793544 0.1779548 0.1898912 0.1814355 0.2546651 0.1821643 0.1807506 0.1939562 0.2611524 0.1570832 0.2401583 0.2784084 0.1566684 0.1867245 0.1954496 0.2406867 0.2687562 0.2413007 0.1142758 0.1986225 0.2670614 0.3022919 0.2060096 0.1835244 0.2915533 0.1939265 0.1833837 0.0438429 0.1783285 0.1960758 0.1850131 0.0000010 0.2090943 0.1328147 0.1719017 0.1951830 0.1307083 0.1957031 0.2788596 0.4982638 0.0000010 
Perityle_cuneata_34_cuneata_San_antonio    0.3273024 0.3573174 0.3346388 0.4195495 0.3250004 0.1803904 0.5204980 0.4239338 0.6459215 0.5037107 0.5571293 0.3122402 0.1560091 0.3373893 0.3760005 0.5634391 0.2609518 0.4541552 0.5318776 0.3366011 0.3318286 0.3423067 0.0971786 0.3109872 0.3638398 0.4070775 0.5238556 0.6216076 0.3566641 0.1816224 0.1115780 0.0000000 0.2824944 0.4920203 0.3303555 0.2687307 0.5556965 0.3104000 0.5840419 0.5562049 0.2242624 0.3322650 0.5962442 0.3310928 0.3860607 0.5790397 0.3224506 0.3307832 0.3817319 0.4747253 0.2578318 0.3369229 0.3195156 0.5195998 0.3113687 0.3757749 0.4133553 0.2655097 0.3304835 0.3368490 0.3408485 0.4198558 0.3054110 0.1284048 0.3364920 0.5805860 0.5150417 0.4051786 0.3597828 0.4605376 0.3186285 0.2769753 0.2094132 0.3910460 0.3262669 0.3244021 0.8998501 0.4137786 0.3065432 0.3157719 0.3342486 0.1661228 0.3373601 0.5890647 0.6283547 1.2271537 
Perityle_cuneata_4                         0.2577965 0.2739704 0.2721449 0.2896765 0.2774601 0.1656356 0.3585368 0.3004952 0.4843567 0.3750745 0.4093307 0.2774989 0.1842447 0.2870546 0.2710491 0.3819071 0.2511254 0.3447262 0.4053701 0.2951886 0.2752205 0.2807156 0.1436566 0.2488902 0.2839028 0.2865500 0.3921755 0.4290409 0.2941573 0.1509341 0.1371175 0.2824944 0.0000000 0.3640005 0.2883645 0.2396035 0.4356742 0.2877663 0.4205566 0.3819071 0.2420357 0.2755311 0.3882181 0.2751741 0.2589675 0.4074535 0.2907514 0.2871952 0.2874171 0.3298960 0.2443759 0.2871300 0.2682316 0.3867644 0.2700400 0.3000460 0.3326533 0.2466621 0.2821183 0.2755807 0.2705322 0.3364799 0.2974909 0.1400165 0.3006973 0.4164239 0.4780246 0.2264653 0.2962823 0.3463920 0.2752258 0.2363152 0.1780511 0.2869717 0.2858559 0.2677321 0.0000010 0.2283951 0.2426841 0.2636228 0.2976742 0.2279584 0.2802187 0.4151253 0.8076313 0.0000010 
Perityle_discoidea_81                      0.4254795 0.0994839 0.4185292 0.4281204 0.4477998 0.2458656 0.2350357 0.2022963 0.4715038 0.0015276 0.1400310 0.3850995 0.3225160 0.4292792 0.3623059 0.1039968 0.4066458 0.1696049 0.1443745 0.4268660 0.4329067 0.4433657 0.1531422 0.4435515 0.4468409 0.4291756 0.1110807 0.2225531 0.4513331 0.3065464 0.2587964 0.4920203 0.3640005 0.0000000 0.4292795 0.4194757 0.2662993 0.4273843 0.2182902 0.1059063 0.3832345 0.4461455 0.2418393 0.4358427 0.1238949 0.2295658 0.4438857 0.4660429 0.4462986 0.1894040 0.3893785 0.4121752 0.4380949 0.1045875 0.4271365 0.4669359 0.1301584 0.4346038 0.4626668 0.4497393 0.4126027 0.3887157 0.4066242 0.2037787 0.4165839 0.1592026 0.3030126 0.4285265 0.4304319 0.1231813 0.4322141 0.4419802 0.3168014 0.4405522 0.4537456 0.4217298 0.0000010 0.4504615 0.1128490 0.4090538 0.4117928 0.2226447 0.4475876 0.1152559 1.1194697 0.0000010 
Perityle_dissecta_201                      0.1333517 0.3271608 0.1282837 0.2119147 0.1055664 0.0736085 0.4693871 0.3680831 0.4613805 0.4360039 0.4627017 0.0699076 0.0713779 0.0931915 0.0761675 0.4686819 0.0676672 0.4161928 0.4730472 0.0318846 0.0959968 0.0751713 0.0523944 0.0639179 0.0702987 0.1141648 0.4521510 0.5677237 0.2948147 0.2975454 0.1963001 0.3303555 0.2883645 0.4292795 0.0000000 0.1833493 0.5237221 0.0709496 0.5218606 0.4687017 0.0344475 0.0751531 0.5420877 0.0609512 0.3489795 0.5091309 0.0523292 0.0884063 0.1265179 0.4362117 0.0296904 0.0437555 0.0229722 0.4629693 0.0886801 0.3305775 0.3689936 0.1688544 0.0871526 0.0691801 0.2931045 0.3539595 0.2241492 0.0781672 0.0511062 0.5117300 0.4062767 0.1767554 0.1431292 0.3776971 0.0385070 0.0672241 0.3513401 0.1321310 0.0764696 0.0438338 0.0000010 0.2041777 0.2875358 0.0639995 0.0529038 0.1742015 0.0717270 0.4943131 0.6603240 0.0000010 
Perityle_emoryi_47_punta_san_jose          0.2292027 0.3281052 0.2433460 0.2587807 0.1864165 0.1181354 0.4621700 0.3875777 0.5048538 0.4160593 0.4764358 0.2087463 0.0945137 0.2120848 0.2254872 0.4722611 0.1572802 0.4142100 0.4566644 0.1856161 0.2113471 0.2064388 0.0801215 0.1631280 0.2097183 0.2859404 0.4498534 0.5046924 0.2793360 0.2197681 0.1391647 0.2687307 0.2396035 0.4194757 0.1833493 0.0000000 0.4836486 0.1791965 0.4715917 0.4754430 0.1276004 0.2047072 0.4979527 0.2017431 0.3643269 0.4478784 0.1771859 0.2044077 0.2630128 0.4175766 0.1300858 0.2042785 0.1724866 0.4482907 0.2099414 0.2861007 0.3971980 0.1509858 0.2026671 0.2066885 0.3046148 0.3136167 0.2370744 0.0805461 0.2057083 0.5134155 0.4143090 0.2883527 0.2331283 0.4282906 0.1691938 0.1547423 0.2764971 0.2684585 0.2039060 0.1700868 0.7836522 0.3113586 0.2924608 0.1752816 0.2013225 0.1590727 0.2050387 0.4870405 0.6992324 0.7981432 
Perityle_feddemae_99                       0.5476724 0.1061991 0.5399442 0.4993239 0.5452442 0.2475858 0.2699995 0.2097550 0.5572063 0.2788743 0.2180282 0.4941684 0.3512760 0.5232047 0.4375691 0.2040439 0.4721406 0.2546679 0.1651954 0.5376759 0.5114909 0.5419231 0.1783975 0.5370435 0.5391961 0.5354006 0.1999863 0.2244962 0.5365083 0.3732595 0.2660120 0.5556965 0.4356742 0.2662993 0.5237221 0.4836486 0.0000000 0.5189128 0.1671662 0.2062116 0.4388175 0.5430940 0.2506354 0.5391154 0.1330483 0.1841047 0.5256410 0.5511064 0.5402483 0.2040770 0.4327520 0.5357994 0.5401016 0.1931511 0.5328023 0.5155569 0.1366926 0.4501415 0.5473134 0.5388812 0.4641965 0.4567004 0.4642069 0.2198544 0.5118729 0.2178309 0.3989521 0.4865286 0.5332767 0.1428312 0.5403845 0.5311170 0.3867449 0.5259731 0.5483280 0.5227613 0.4210458 0.5138123 0.0377771 0.5124511 0.5043970 0.2553297 0.5450583 0.2020362 0.9824799 0.5168349 
Perityle_fosteri_93                        0.1229238 0.3074428 0.1158361 0.2121528 0.1034506 0.0781782 0.4545318 0.3639768 0.4753591 0.4342368 0.4639734 0.0356200 0.0763266 0.0589058 0.0419771 0.4686153 0.0407242 0.4046380 0.4701212 0.0698014 0.0517247 0.0986686 0.0454363 0.0845652 0.0771655 0.1418564 0.4507817 0.5709773 0.2651788 0.2784317 0.1690732 0.3104000 0.2877663 0.4273843 0.0709496 0.1791965 0.5189128 0.0000000 0.5121793 0.4686354 0.0392781 0.0812204 0.5420956 0.0873242 0.3438766 0.5015889 0.0673634 0.0786148 0.1231852 0.4317931 0.0414737 0.0577496 0.0602593 0.4592885 0.0692552 0.3078055 0.3561718 0.1781417 0.0773643 0.0874985 0.2654145 0.3318832 0.1999537 0.0776727 0.0450715 0.5145943 0.4173534 0.1541637 0.1355342 0.3748303 0.0607110 0.0866320 0.3253555 0.1285478 0.0943375 0.0709027 0.0000010 0.1774578 0.2879560 0.0356341 0.0455934 0.1459709 0.0924446 0.4914676 0.6385743 0.0000010 
Perityle_gamon_221                         0.5274954 0.0900042 0.5191594 0.5287893 0.5446925 0.2462649 0.2366361 0.1543583 0.5265159 0.2263850 0.1954266 0.4836732 0.3701070 0.5141380 0.4224897 0.1651534 0.4246318 0.1927523 0.1263826 0.5286513 0.5077487 0.5324375 0.1658516 0.5274968 0.5412018 0.5147273 0.1607477 0.1451188 0.5133725 0.3728738 0.2642168 0.5840419 0.4205566 0.2182902 0.5218606 0.4715917 0.1671662 0.5121793 0.0000000 0.1651534 0.3841283 0.5298540 0.2460707 0.5333337 0.0943912 0.0221101 0.5295515 0.5487566 0.5265989 0.1488117 0.3967523 0.5210666 0.5278455 0.1589000 0.5211677 0.4821698 0.0856031 0.4483584 0.5451644 0.5268112 0.4213215 0.4236516 0.4488926 0.2144009 0.5025602 0.1823614 0.4064787 0.4950866 0.5341341 0.0849945 0.5276612 0.5093785 0.4071266 0.5338897 0.5330886 0.5168826 0.4210458 0.5150927 0.0406904 0.4984833 0.4952661 0.2089713 0.5385116 0.1685318 1.0105074 0.5168349 
Perityle_gentryi_8_san_francisco           0.4700731 0.0777777 0.4514842 0.4791732 0.4970349 0.2474211 0.2029664 0.1549469 0.4937190 0.1185618 0.0962570 0.4339117 0.3533583 0.4696889 0.3927391 0.0056898 0.4074878 0.1413018 0.0949818 0.4673974 0.4673163 0.4740446 0.1466766 0.4785693 0.4861127 0.4703958 0.0294456 0.1909167 0.5143946 0.3475724 0.2664186 0.5562049 0.3819071 0.1059063 0.4687017 0.4754430 0.2062116 0.4686354 0.1651534 0.0000000 0.3928791 0.4768574 0.2389888 0.4772965 0.0917828 0.1839217 0.4867931 0.4997956 0.4847486 0.1520024 0.3936813 0.4535351 0.4717445 0.0292722 0.4702230 0.5064744 0.0797719 0.4367756 0.4964870 0.4734217 0.4592818 0.3792495 0.4046948 0.1992279 0.4548439 0.1072629 0.3031244 0.4645734 0.4810009 0.0609290 0.4631386 0.4518903 0.4063209 0.4866230 0.4696004 0.4560273 0.4207980 0.4839813 0.0704306 0.4626443 0.4539508 0.2177618 0.4797432 0.0422718 1.1422483 0.5164947 
Perityle_gilensis_22_Superstition          0.1128050 0.3313862 0.1175972 0.1949948 0.0779302 0.0735218 0.4032941 0.3644354 0.4900169 0.3798041 0.3667002 0.0546597 0.0701093 0.0688377 0.0322001 0.3897602 0.0566146 0.4060134 0.4144982 0.0400845 0.0839027 0.0862027 0.0551751 0.0674864 0.0547563 0.1467519 0.3934767 0.4056929 0.2228824 0.2020381 0.1824291 0.2242624 0.2420357 0.3832345 0.0344475 0.1276004 0.4388175 0.0392781 0.3841283 0.3928791 0.0000000 0.0636338 0.4169625 0.0756340 0.3533265 0.3751021 0.0415340 0.0725705 0.1260611 0.4274766 0.0344404 0.0479783 0.0274529 0.3952731 0.0640469 0.2311076 0.3817623 0.1200194 0.0710404 0.0816367 0.2396618 0.2617338 0.1853847 0.0707318 0.0498823 0.4256140 0.2960036 0.1637794 0.1092877 0.3901239 0.0358869 0.0675995 0.2084149 0.1311451 0.0818023 0.0466839 0.0000010 0.1898826 0.2915313 0.0394413 0.0506069 0.1715516 0.0818032 0.4089897 0.6672625 0.0000010 
Perityle_gilensis_salensis_225             0.1305167 0.3379587 0.1281327 0.2099763 0.1038205 0.0702271 0.4745631 0.3801944 0.4640216 0.4532128 0.4694855 0.0848954 0.0324601 0.0576459 0.0474797 0.4768373 0.0893352 0.4284245 0.4861089 0.0799628 0.0421340 0.0328635 0.0366816 0.0695652 0.0902053 0.0868467 0.4701225 0.5928515 0.2893426 0.2859469 0.1752175 0.3322650 0.2755311 0.4461455 0.0751531 0.2047072 0.5430940 0.0812204 0.5298540 0.4768574 0.0636338 0.0000000 0.5628521 0.0239727 0.3731933 0.5181672 0.0726941 0.0295158 0.0784548 0.4552071 0.0683500 0.0875012 0.0645015 0.4808580 0.0357866 0.3287320 0.3780534 0.1895363 0.0283900 0.0284096 0.2916613 0.3648627 0.2186769 0.0666483 0.1017009 0.5285297 0.4440783 0.1667722 0.1361943 0.4011021 0.0699503 0.0720178 0.3305317 0.0848385 0.0350969 0.0487671 0.1282287 0.1893727 0.2998489 0.0938858 0.0949278 0.1894682 0.0329461 0.5119659 0.5367821 0.2782814 
Perityle_glaucescens_94                    0.5786208 0.0892579 0.5576297 0.5537231 0.5638127 0.2437378 0.2356723 0.1736996 0.5889747 0.2520068 0.2676362 0.5359470 0.3340588 0.5543229 0.4773830 0.2389735 0.4260521 0.2305742 0.2046012 0.5467419 0.5373410 0.5562129 0.1614019 0.5595942 0.5631612 0.5616713 0.1920367 0.3084492 0.5488507 0.3179840 0.2480454 0.5962442 0.3882181 0.2418393 0.5420877 0.4979527 0.2506354 0.5420956 0.2460707 0.2389888 0.4169625 0.5628521 0.0000000 0.5664953 0.0094802 0.2338473 0.5517604 0.5704760 0.5522900 0.0165929 0.4004390 0.5421646 0.5389820 0.1879869 0.5535955 0.5131430 0.1253952 0.4365106 0.5668607 0.5602085 0.4903775 0.3892326 0.4465574 0.2172267 0.5408658 0.2728886 0.3260135 0.5068350 0.5599577 0.1276571 0.5244798 0.5075464 0.3572681 0.5606923 0.5424461 0.5298710 1.0382575 0.5467337 0.0758448 0.5346421 0.5241482 0.2173647 0.5673679 0.2436257 1.3146780 1.0184402 
Perityle_gracilis_11                       0.1370435 0.3406500 0.1349578 0.2095917 0.1011711 0.0627539 0.4808022 0.3816725 0.4552621 0.4425311 0.4762516 0.0887243 0.0291336 0.0622923 0.0560356 0.4772764 0.0952318 0.4257084 0.4852241 0.0668385 0.0397125 0.0173526 0.0366357 0.0612472 0.0963055 0.0722932 0.4680061 0.5808816 0.2877305 0.2903916 0.1895731 0.3310928 0.2751741 0.4358427 0.0609512 0.2017431 0.5391154 0.0873242 0.5333337 0.4772965 0.0756340 0.0239727 0.5664953 0.0000000 0.3721878 0.5164674 0.0799834 0.0329081 0.0848219 0.4526871 0.0582217 0.0789113 0.0574034 0.4787597 0.0393684 0.3301254 0.3719943 0.1823115 0.0317745 0.0140583 0.2893007 0.3701665 0.2170467 0.0739739 0.0927270 0.5234809 0.4465862 0.1731451 0.1429283 0.3917210 0.0614168 0.0644025 0.3470182 0.0912729 0.0178994 0.0405911 0.0000010 0.1937648 0.3034905 0.0987274 0.0884427 0.1861486 0.0184723 0.5070331 0.5409336 0.2937874 
