85
Amauria_brandeegeana_62                    0.0000000 0.4612680 0.3210184 0.2648098 0.1575321 0.3087734 0.2567250 0.1376817 0.4488378 0.0869505 0.1867835 0.1678574 0.1125753 0.3380888 0.1195289 0.3300606 0.2140652 0.2973318 0.1798758 0.1213147 0.1598874 0.1673516 0.3047479 0.1748120 0.1923551 0.2511085 0.1755174 0.1755735 0.2376816 0.1571201 0.3070349 0.2457617 0.1569994 0.1664076 0.1480653 0.2482557 0.1974687 0.1829490 0.2139100 0.1717449 0.1626025 0.7964122 0.1730828 0.1997244 0.2355885 0.1768547 0.1686347 0.1671687 0.2115543 0.1773258 0.1593038 0.1660301 0.1788396 0.1015723 0.1867084 0.1317813 0.1471417 0.1906091 0.1682745 0.4905875 0.3156196 0.2209034 0.4116545 0.1632968 0.2561941 0.4001129 0.1477325 0.1646069 0.2608341 0.1569331 0.1740301 0.1809715 0.1684937 0.1660251 0.2066080 0.4917014 0.1553788 0.2452087 0.1622175 0.1773315 0.1430381 0.1693296 0.1689809 0.2991067 0.1271406 
Amauria_carterae_99_mesa                   0.4612680 0.0000000 0.9641544 0.3604677 0.4847335 0.0636622 0.5010508 0.2274202 0.2788324 0.4353528 0.4604765 0.4956326 0.3845854 0.5954301 0.3337172 0.5370511 0.4510517 0.3972126 0.3650172 0.4148622 0.4370803 0.5088801 0.1194117 0.4328495 0.3936683 0.4916607 0.4425936 0.4204893 0.3517802 0.3661341 0.1809298 0.3700178 0.3997158 0.4450403 0.4142088 0.3798251 0.4455575 0.3328274 0.4314179 0.4715175 0.4614187 0.4776375 0.4281161 0.3712906 0.3917286 0.4550827 0.4511771 0.4483123 0.3689479 0.4415500 0.4253727 0.4880840 0.4362631 0.3753794 0.3838200 0.3144405 0.2500796 0.5225995 0.4431069 0.1773653 0.0797570 0.3634411 0.1024160 0.4362300 0.3840522 0.6714977 0.3556260 0.3650966 0.1439671 0.4187197 0.4328197 0.3738593 0.4550791 0.4406230 0.4734352 0.1058781 0.3589871 0.3692202 0.4936616 0.4959198 0.2466141 0.4491068 0.4098199 0.2731550 0.3112905 
Amauria_rotundifolia_SRR9119150            0.3210184 0.9641544 0.0000000 0.3453662 0.3206152 0.8937840 0.3289633 0.7642609 0.9712531 0.7692290 0.3654587 0.3139381 0.7663790 0.5454908 0.7644496 0.8743193 0.6811731 0.5716326 0.3987922 0.7022452 0.7236724 0.3290941 0.5167689 0.3650575 0.5977268 0.4584130 0.3746366 0.3562296 0.3011921 0.4831732 0.4671673 0.3220840 0.7083280 0.5299584 0.3809257 0.7881296 0.7049925 0.3873194 0.6972013 0.3222344 0.3188371 1.1313205 0.3788936 0.4052925 0.3192063 0.3445405 0.3693164 0.3547304 0.4389505 0.3550677 0.3499725 0.3066840 0.3551013 0.7091431 0.4150230 0.7408002 0.7628492 0.3217708 0.3654238 1.0159103 0.9567446 0.7577895 0.5981408 0.3578834 0.4463506 0.7161825 0.8326421 0.3698497 0.2855253 0.7140699 0.3666806 0.3795912 0.3651831 0.3520369 0.6989715 1.0002392 0.8155535 0.5130153 0.3264448 0.3162104 0.3233764 0.3659083 0.3645828 0.4214457 0.8084421 
Conoclinium_coelestinum_SRR9119114         0.2648098 0.3604677 0.3453662 0.0000000 0.2749062 0.2966638 0.1680546 0.2120801 0.4255823 0.2764572 0.2749146 0.2675965 0.1707023 0.3872671 0.1968559 0.5089517 0.3457847 0.3468800 0.2709314 0.2387734 0.2951350 0.2891405 0.3109500 0.2627886 0.2694372 0.3455768 0.2588931 0.2660806 0.3462742 0.2824969 0.3162167 0.2880544 0.3025304 0.3184595 0.2638486 0.3509149 0.3463929 0.3036615 0.3456603 0.2743840 0.2869412 0.6382496 0.2842722 0.2992069 0.2590196 0.2734600 0.2777162 0.2755354 0.3126572 0.2723646 0.2547678 0.2861147 0.2568317 0.1755614 0.2920059 0.1943861 0.1799278 0.2798898 0.2740159 0.3799730 0.2800558 0.3003326 0.3861937 0.2560853 0.3832429 0.4294289 0.2697875 0.2847323 0.2331767 0.2496966 0.2616553 0.3153131 0.2722711 0.2633028 0.3441767 0.3824155 0.2941299 0.3608760 0.2672991 0.2897047 0.2496044 0.2743846 0.2667163 0.4091935 0.1945823 
Eutetras_palmeri_63                        0.1575321 0.4847335 0.3206152 0.2749062 0.0000000 0.2985519 0.2550741 0.1238631 0.4099887 0.1706816 0.1195958 0.0937558 0.0970189 0.1919539 0.1089809 0.2652816 0.1154977 0.3088465 0.1889829 0.0908887 0.1121638 0.0833608 0.2903552 0.0913026 0.1550800 0.1522424 0.0943586 0.1028769 0.2504053 0.1594599 0.2759324 0.2590953 0.1772827 0.1883879 0.1358019 0.2377499 0.1215516 0.2280681 0.1305510 0.0875691 0.0850517 0.8112838 0.0898885 0.1361989 0.2507373 0.0962910 0.0882472 0.0860374 0.1372028 0.0914354 0.0797227 0.0899252 0.0964992 0.0809520 0.2016463 0.1253238 0.1170428 0.1096787 0.0853818 0.5120457 0.2777840 0.1964237 0.4100274 0.0945949 0.2646612 0.2566156 0.1292836 0.0928082 0.2606520 0.1147951 0.0906234 0.2004567 0.0887670 0.0873650 0.1164653 0.4663914 0.1069750 0.2474762 0.0852701 0.0898410 0.1519108 0.0873104 0.0937008 0.2996021 0.0934114 
Eutetras_pringlei_149_quer                 0.3087734 0.0636622 0.8937840 0.2966638 0.2985519 0.0000000 0.3081616 0.3388565 0.3807758 0.3138645 0.3111959 0.3252365 0.2744287 0.3602792 0.2799703 0.3186416 0.3184745 0.3086482 0.2838942 0.3141519 0.3120302 0.3212009 0.0589611 0.3171878 0.3103889 0.3203374 0.3324707 0.3106098 0.7169651 0.2829000 0.0551553 0.3020233 0.3007325 0.3147798 0.2906922 0.2771477 0.3187978 0.3158400 0.3029275 0.3151634 0.3208307 0.7053817 0.3009522 0.2930070 0.3066238 0.3232891 0.3166617 0.3212009 0.2935611 0.3107012 0.2698835 0.3328404 0.3332946 0.2609443 0.3276992 0.2270077 0.2255872 0.3208651 0.3212009 0.0762444 0.0404853 0.2845426 0.0523828 0.3312210 0.3151288 0.4062183 0.3115857 0.3171696 0.1003229 0.3152431 0.3171878 0.2943565 0.3203374 0.3203374 0.3371822 0.0600295 0.3166946 0.3056592 0.3260768 0.3142339 0.1009205 0.3212009 0.3054174 0.2555379 0.2111990 
Eutrochium_fistulosum_SRR9119106           0.2567250 0.5010508 0.3289633 0.1680546 0.2550741 0.3081616 0.0000000 0.2919403 0.5834214 0.3124696 0.2958494 0.2572812 0.1716360 0.4037500 0.2276470 0.4544773 0.3285268 0.3755368 0.3034887 0.2104196 0.2450638 0.2791957 0.3658586 0.2988098 0.2986130 0.3167400 0.3078639 0.3022930 0.4580891 0.2891868 0.4173435 0.3154139 0.3001343 0.2641621 0.2984433 0.3670149 0.2843907 0.3471367 0.3009612 0.2722043 0.2816038 0.9575084 0.3216497 0.3266755 0.2867961 0.2845565 0.3168700 0.2971721 0.3440796 0.2922884 0.2882557 0.2792096 0.3023118 0.1189132 0.3187487 0.1227364 0.2120242 0.2725060 0.3158396 0.5284217 0.4537501 0.3141964 0.3815163 0.2919728 0.4073911 0.4673463 0.3205038 0.3142780 0.2806244 0.2110369 0.2976766 0.3212843 0.2989407 0.2922621 0.2996649 0.4805630 0.3407208 0.4182934 0.2598269 0.2782236 0.4003262 0.3090601 0.3025866 0.5944695 0.1034482 
Galeana_pratensis_104_mex                  0.1376817 0.2274202 0.7642609 0.2120801 0.1238631 0.3388565 0.2919403 0.0000000 0.3100190 0.1415550 0.1503914 0.1264218 0.1347974 0.1898770 0.0986223 0.2132143 0.1308813 0.1893658 0.1220585 0.1165873 0.1235185 0.1357268 0.2283589 0.1449048 0.1139253 0.1271271 0.1421529 0.1461044 0.2892737 0.1163273 0.2330521 0.1298318 0.1526144 0.1197057 0.1203402 0.1238092 0.1306122 0.1334094 0.1308302 0.1176401 0.1165842 0.4204847 0.1168673 0.1206880 0.1471086 0.1372428 0.1442125 0.1331880 0.1258883 0.1297090 0.1192141 0.1298361 0.1367974 0.1124646 0.1283916 0.1435988 0.1156153 0.1234050 0.1362864 0.2272110 0.2354839 0.1340324 0.3198748 0.1424723 0.3973590 0.1983190 0.1419661 0.1535697 0.2087531 0.1268719 0.1449048 0.1163273 0.1394193 0.1256274 0.1169185 0.2829750 0.1445536 0.1296612 0.1200625 0.1199588 0.1057237 0.1417214 0.1225657 0.2761179 0.1359380 
Helianthus_annuus_SRR9119062               0.4488378 0.2788324 0.9712531 0.4255823 0.4099887 0.3807758 0.5834214 0.3100190 0.0000000 0.3807782 0.3863926 0.4191301 0.3302683 0.5302287 0.2804057 0.5111871 0.3541196 0.3786040 0.3217995 0.3811863 0.3860538 0.4068474 0.3334523 0.3936312 0.3963857 0.4571709 0.3791218 0.3704936 0.4638003 0.3586498 0.3382119 0.3877209 0.3717220 0.4632817 0.3728345 0.3276338 0.3843810 0.3837782 0.3456809 0.3924597 0.3939140 0.5837584 0.3425832 0.3369632 0.4075486 0.4076274 0.3727289 0.3669068 0.3338133 0.3680799 0.3670207 0.3997751 0.3777637 0.3406794 0.3579122 0.2960017 0.3045601 0.4013031 0.3743623 0.2885332 0.2669624 0.3506867 0.4523567 0.3903810 0.4391483 0.5097206 0.3391331 0.3830572 0.3420399 0.3858384 0.3936312 0.3596663 0.3897903 0.3773992 0.3825302 0.3053105 0.3358001 0.3290147 0.4061998 0.4015693 0.2968119 0.3771614 0.3634217 0.4288792 0.2449196 
Lycapsus_tenuifolius_17                    0.0869505 0.4353528 0.7692290 0.2764572 0.1706816 0.3138645 0.3124696 0.1415550 0.3807782 0.0000000 0.1768764 0.1590358 0.0974269 0.3830178 0.1503059 0.2378927 0.1556567 0.2607351 0.2304209 0.1206863 0.1559719 0.1667695 0.3570511 0.1643860 0.1924164 0.1659604 0.1734255 0.1815216 0.4494925 0.1177014 0.3947404 0.1948844 0.1264755 0.0616050 0.1737131 0.1895500 0.1610987 0.1505890 0.1808246 0.1826075 0.1685987 0.6036056 0.1832703 0.2097424 0.1609772 0.1624452 0.1708655 0.1613144 0.2120077 0.1708171 0.1585525 0.1741013 0.1818999 0.0908224 0.1865244 0.1218233 0.1757145 0.2266768 0.1690986 0.4305788 0.2915418 0.1849644 0.4264251 0.1630490 0.3049479 0.4124072 0.1537162 0.1727911 0.3289016 0.1508840 0.1632297 0.1367093 0.1742430 0.1702767 0.1637925 0.4176850 0.1567228 0.2251191 0.1552488 0.1762645 0.3407116 0.1700511 0.1702087 0.4908871 0.1061877 
Pericome_caudata_50_silver                 0.1867835 0.4604765 0.3654587 0.2749146 0.1195958 0.3111959 0.2958494 0.1503914 0.3863926 0.1768764 0.0000000 0.1335783 0.1324755 0.2555545 0.1487885 0.3337273 0.1425752 0.3148494 0.2142645 0.1151275 0.1414711 0.1335026 0.2949194 0.1299863 0.1823471 0.2124006 0.1311880 0.1378570 0.2732660 0.1836329 0.3138452 0.2857505 0.1905937 0.2081862 0.1508858 0.2707062 0.1569486 0.2315242 0.1673130 0.1372592 0.1293563 0.6760555 0.1399215 0.1772356 0.2582428 0.1310422 0.1319392 0.1321185 0.1876299 0.1336076 0.1264201 0.1335986 0.1307507 0.1201601 0.2241105 0.1520128 0.1701166 0.1587485 0.1318133 0.4583843 0.2937734 0.2304859 0.4285112 0.1326176 0.2866615 0.3262163 0.1031682 0.1116131 0.2644505 0.1393842 0.1293227 0.2195157 0.1320801 0.1280508 0.1505005 0.4575698 0.0808809 0.2790114 0.1322766 0.1354753 0.1666599 0.1347726 0.1375833 0.3426883 0.1456025 
Perityle_aglossa_84_dead_horse             0.1678574 0.4956326 0.3139381 0.2675965 0.0937558 0.3252365 0.2572812 0.1264218 0.4191301 0.1590358 0.1335783 0.0000000 0.0561293 0.1649880 0.1043710 0.2731040 0.0744466 0.3150654 0.2029609 0.0375996 0.0648618 0.0676380 0.2941697 0.0922152 0.0866233 0.1530142 0.0776344 0.1024098 0.2722410 0.1692337 0.3389477 0.2770349 0.1872674 0.1816968 0.1278378 0.2313932 0.0793704 0.2409038 0.1275540 0.0886149 0.0701160 0.7737461 0.0771462 0.1488985 0.2612162 0.0634096 0.0692354 0.0677409 0.1529940 0.0918774 0.0588336 0.0657861 0.0669539 0.0574239 0.2010653 0.1007567 0.1060936 0.1003866 0.0685480 0.4755796 0.3175334 0.2002966 0.4083883 0.0205128 0.2625389 0.2540222 0.1090203 0.1104910 0.2666604 0.0693098 0.0915518 0.2005697 0.0755437 0.0735783 0.0815120 0.4668688 0.1202569 0.2517446 0.0695745 0.0576540 0.1600970 0.0690027 0.0704138 0.3439193 0.1121833 
Perityle_ajoensis_204                      0.1125753 0.3845854 0.7663790 0.1707023 0.0970189 0.2744287 0.1716360 0.1347974 0.3302683 0.0974269 0.1324755 0.0561293 0.0000000 0.3215748 0.0881902 0.1971698 0.1074846 0.2233460 0.1823071 0.0535414 0.0938345 0.0449841 0.3524118 0.0951991 0.0908840 0.0775151 0.0890165 0.0954231 0.3598561 0.1215951 0.3274642 0.1689226 0.1060279 0.0911150 0.0989935 0.1388259 0.1071249 0.0993424 0.1174775 0.0935264 0.0522783 0.6333703 0.0752696 0.1217826 0.0976941 0.1040072 0.0503861 0.0437590 0.1230969 0.0963205 0.0313171 0.0656342 0.0755453 0.0368094 0.1191349 0.0799256 0.1244203 0.1033975 0.0426967 0.3890241 0.2775427 0.1532571 0.3613020 0.0585062 0.2510979 0.3575272 0.0856782 0.0901054 0.2766307 0.0950109 0.0939958 0.1213857 0.0734198 0.0733133 0.1027298 0.3512686 0.0895175 0.1757414 0.0164888 0.0601951 0.2759910 0.0437777 0.0669372 0.4354468 0.1010266 
Perityle_ambrosiifolia_67_green            0.3380888 0.5954301 0.5454908 0.3872671 0.1919539 0.3602792 0.4037500 0.1898770 0.5302287 0.3830178 0.2555545 0.1649880 0.3215748 0.0000000 0.2477728 0.3296845 0.2023783 0.4568410 0.3493640 0.1883849 0.1721913 0.2131058 0.3451459 0.2163786 0.2790131 0.2919039 0.2119226 0.2422349 0.4758089 0.3013268 0.4387249 0.4763235 0.3510474 0.3444380 0.3251103 0.3713105 0.1648408 0.3525665 0.2375885 0.1825986 0.1879335 0.8765904 0.2400532 0.2797299 0.3965921 0.1741130 0.2390079 0.2288337 0.2820484 0.2199003 0.2304720 0.1882517 0.2130603 0.2474638 0.3945090 0.2523312 0.3196874 0.1928089 0.2415833 0.5875854 0.4745686 0.3561444 0.4406751 0.2164123 0.4822922 0.1051074 0.2376576 0.1953936 0.4233186 0.1909168 0.2153164 0.3807814 0.2222841 0.2175863 0.1957703 0.5537525 0.2144920 0.3986205 0.1898010 0.2023294 0.3887283 0.2451202 0.2297753 0.4594660 0.3120513 
Perityle_angustifolia_13_Eagle_creek       0.1195289 0.3337172 0.7644496 0.1968559 0.1089809 0.2799703 0.2276470 0.0986223 0.2804057 0.1503059 0.1487885 0.1043710 0.0881902 0.2477728 0.0000000 0.1887490 0.1295277 0.1586238 0.0751349 0.0500269 0.0949264 0.0710271 0.2987941 0.1251626 0.1184362 0.1127432 0.1199345 0.1417817 0.1825307 0.0868687 0.2628877 0.1263312 0.1588596 0.1295986 0.1256062 0.1016045 0.1003574 0.1069099 0.0637202 0.0613369 0.0250110 0.3969734 0.0739621 0.0617872 0.1596663 0.1297557 0.0997527 0.0839838 0.0603169 0.0960492 0.1160973 0.0619480 0.1318362 0.0069009 0.0612652 0.0808602 0.0887121 0.0705378 0.0963228 0.2350545 0.2098143 0.1032816 0.3635495 0.1426601 0.2516454 0.2557802 0.1182493 0.1223412 0.2197784 0.0662797 0.1236515 0.0868516 0.1321181 0.1240209 0.1205481 0.3312111 0.1200113 0.0706416 0.0872301 0.0855779 0.0401396 0.1006360 0.1108917 0.1851529 0.0960224 
Perityle_batopilensis_97                   0.3300606 0.5370511 0.8743193 0.5089517 0.2652816 0.3186416 0.4544773 0.2132143 0.5111871 0.2378927 0.3337273 0.2731040 0.1971698 0.3296845 0.1887490 0.0000000 0.1790628 0.3852874 0.3542696 0.0863411 0.1114513 0.2807124 0.6084296 0.2965477 0.2293870 0.2232780 0.3133251 0.3297351 0.9589285 0.2867092 0.6166655 0.4025374 0.2588654 0.2281835 0.3207364 0.3326812 0.1273244 0.4021814 0.1465737 0.2748096 0.2598030 0.8560216 0.3076408 0.3180574 0.4337000 0.3014249 0.3060369 0.3054508 0.3208265 0.3140141 0.2939103 0.2705687 0.3069768 0.1190467 0.3605826 0.1418921 0.1990099 0.2744778 0.3015611 0.5128140 0.4227684 0.2755551 0.6177751 0.3084788 0.5246394 0.3834905 0.1923092 0.3372247 0.6256445 0.1090216 0.2953080 0.3736930 0.2994839 0.2956883 0.1461909 0.5477972 0.1625178 0.3611243 0.2735801 0.2833296 0.9130690 0.3043525 0.2866888 0.8705561 0.1412646 
Perityle_bisetosa_9                        0.2140652 0.4510517 0.6811731 0.3457847 0.1154977 0.3184745 0.3285268 0.1308813 0.3541196 0.1556567 0.1425752 0.0744466 0.1074846 0.2023783 0.1295277 0.1790628 0.0000000 0.3003289 0.2263346 0.0603045 0.0317186 0.1176074 0.3902859 0.0706174 0.1052736 0.0890081 0.0760767 0.1020164 0.6541181 0.1635248 0.4399746 0.2991794 0.1684152 0.1707631 0.1512461 0.1602708 0.0333313 0.2777487 0.0861569 0.0769268 0.1139797 0.7030312 0.1282658 0.1668564 0.2778651 0.0241896 0.1204603 0.1219858 0.1711397 0.0766342 0.1129043 0.0987712 0.1002026 0.0978560 0.2262245 0.0892864 0.1321796 0.1594959 0.1214140 0.4822830 0.3167514 0.1635299 0.4098386 0.0857281 0.3422942 0.2477908 0.1163931 0.1285584 0.3532519 0.0447021 0.0697088 0.2594974 0.0788462 0.0741415 0.0345857 0.4502539 0.1065261 0.2788389 0.1177504 0.1220956 0.3263099 0.1209359 0.1049861 0.6527694 0.1399229 
Perityle_californica_76_positas            0.2973318 0.3972126 0.5716326 0.3468800 0.3088465 0.3086482 0.3755368 0.1893658 0.3786040 0.2607351 0.3148494 0.3150654 0.2233460 0.4568410 0.1586238 0.3852874 0.3003289 0.0000000 0.2362772 0.2090340 0.2638984 0.3187571 0.2905660 0.3279015 0.2636036 0.3611725 0.3283698 0.3282717 0.3053677 0.1964229 0.3144104 0.2300536 0.2766192 0.2758974 0.2658815 0.3026699 0.2716401 0.2332513 0.2845264 0.3274200 0.3017022 0.4599179 0.3054292 0.2512069 0.3114264 0.3251742 0.3139974 0.3091133 0.2560110 0.3346344 0.2956555 0.3168751 0.3140356 0.1828501 0.2276766 0.1751019 0.1915545 0.3247339 0.3129312 0.3459758 0.2029042 0.2640728 0.4059908 0.3049628 0.3293879 0.5151389 0.2011829 0.2848739 0.3435481 0.2371984 0.3267483 0.2141450 0.3168870 0.3072318 0.3102252 0.3677703 0.2094238 0.2395129 0.3166880 0.3333237 0.1313528 0.3159773 0.2941622 0.2702188 0.1660930 
Perityle_canescens_77                      0.1798758 0.3650172 0.3987922 0.2709314 0.1889829 0.2838942 0.3034887 0.1220585 0.3217995 0.2304209 0.2142645 0.2029609 0.1823071 0.3493640 0.0751349 0.3542696 0.2263346 0.2362772 0.0000000 0.1388501 0.1931773 0.1889188 0.2560099 0.2105579 0.2131407 0.2645207 0.1974161 0.2074510 0.1229383 0.1630184 0.2581010 0.2290838 0.2513199 0.2335066 0.1757643 0.2599466 0.2185617 0.1423437 0.1549846 0.1867913 0.1663742 0.4302674 0.1838053 0.1486549 0.2342649 0.2118058 0.1916702 0.1868606 0.1628257 0.1992822 0.2027279 0.1766043 0.2062165 0.1154833 0.1299759 0.1286299 0.1563997 0.1948069 0.1921331 0.2925932 0.1751375 0.2161323 0.3897660 0.2088553 0.2103034 0.3835493 0.1852054 0.1853651 0.2457110 0.1489036 0.2097473 0.1382354 0.2050156 0.2008307 0.2270635 0.3526333 0.1906834 0.0785061 0.1997185 0.1978742 0.0823410 0.1941747 0.1965178 0.1142640 0.1245686 
Perityle_castillonii_96                    0.1213147 0.4148622 0.7022452 0.2387734 0.0908887 0.3141519 0.2104196 0.1165873 0.3811863 0.1206863 0.1151275 0.0375996 0.0535414 0.1883849 0.0500269 0.0863411 0.0603045 0.2090340 0.1388501 0.0000000 0.0553669 0.0585229 0.3589828 0.0767630 0.0257130 0.0829069 0.0749621 0.1100227 1.0527739 0.0919019 0.3370689 0.1677753 0.1221901 0.1219099 0.0564084 0.0855067 0.0655080 0.1346679 0.1150119 0.0923703 0.0559377 0.8168764 0.0621603 0.1021244 0.1425403 0.0603296 0.0634240 0.0597366 0.1036861 0.0945849 0.0519914 0.0716512 0.0635586 0.0484570 0.1076374 0.1011399 0.0538004 0.0793272 0.0635832 0.4485461 0.3023991 0.1134401 0.3939375 0.0438305 0.2758404 0.2505969 0.0848768 0.1016547 0.3205757 0.0709800 0.0754723 0.1185742 0.0814632 0.0826891 0.0562910 0.4060924 0.0827539 0.1409134 0.0659948 0.0746341 0.3962312 0.0597788 0.0467056 0.7148907 0.1035520 
Perityle_cernua_84                         0.1598874 0.4370803 0.7236724 0.2951350 0.1121638 0.3120302 0.2450638 0.1235185 0.3860538 0.1559719 0.1414711 0.0648618 0.0938345 0.1721913 0.0949264 0.1114513 0.0317186 0.2638984 0.1931773 0.0553669 0.0000000 0.1058713 0.3626338 0.0676446 0.0803216 0.0664112 0.0830535 0.0987535 1.0468834 0.1309445 0.3877785 0.2302204 0.1490117 0.1519874 0.1005761 0.1369022 0.0293017 0.1834889 0.0984006 0.0631283 0.1068577 0.8268165 0.1067275 0.1432193 0.1919870 0.0255407 0.1092579 0.1116916 0.1459765 0.0661747 0.1003590 0.1114366 0.0951421 0.0891450 0.1442211 0.0783185 0.0986238 0.1441362 0.1118383 0.4877789 0.3136331 0.1433420 0.3889232 0.0708143 0.3087556 0.2370572 0.1117052 0.1190033 0.3503327 0.0361850 0.0665325 0.1847188 0.0663495 0.0674099 0.0286085 0.4315766 0.0997821 0.2160561 0.1070834 0.1088288 0.0000010 0.1105746 0.0973754 0.7958535 0.1333224 
Perityle_cfvillosa_25_tin                  0.1673516 0.5088801 0.3290941 0.2891405 0.0833608 0.3212009 0.2791957 0.1357268 0.4068474 0.1667695 0.1335026 0.0676380 0.0449841 0.2131058 0.0710271 0.2807124 0.1176074 0.3187571 0.1889188 0.0585229 0.1058713 0.0000000 0.3024111 0.0796692 0.1296382 0.1284397 0.0764336 0.0938389 0.2785344 0.1677101 0.3343155 0.2790316 0.1891672 0.1823769 0.1311836 0.2208888 0.1154621 0.2497191 0.0979566 0.0605504 0.0348248 0.7893105 0.0222093 0.1412656 0.2683649 0.0946894 0.0101337 0.0067214 0.1475799 0.0736644 0.0385804 0.0370444 0.0715701 0.0182181 0.1893810 0.1069349 0.1255905 0.0428232 0.0061690 0.4883050 0.3292654 0.2027416 0.4201094 0.0725905 0.2710658 0.2552907 0.1334246 0.1113386 0.2768807 0.0939902 0.0790379 0.2107416 0.0571240 0.0552498 0.1122067 0.4802909 0.1205566 0.2497920 0.0507801 0.0474949 0.1679830 0.0078495 0.0631177 0.3449975 0.1079070 
Perityle_cinerea_113_Powell1310            0.3047479 0.1194117 0.5167689 0.3109500 0.2903552 0.0589611 0.3658586 0.2283589 0.3334523 0.3570511 0.2949194 0.2941697 0.3524118 0.3451459 0.2987941 0.6084296 0.3902859 0.2905660 0.2560099 0.3589828 0.3626338 0.3024111 0.0000000 0.2861141 0.3513109 0.3669369 0.3030344 0.2945508 0.2318935 0.2331112 0.1053334 0.3169663 0.3846032 0.3711835 0.2980416 0.4224399 0.3757114 0.2784519 0.3590402 0.2775086 0.2816882 0.4882776 0.2643317 0.2730333 0.3187841 0.2975110 0.2923151 0.2919049 0.2595704 0.2854644 0.2797363 0.2824617 0.2876457 0.3508661 0.2738717 0.3472588 0.2841830 0.2887218 0.2872618 0.0994922 0.0696167 0.3784833 0.1550960 0.2978525 0.2739806 0.4969969 0.3249107 0.2665000 0.1311135 0.3562135 0.2860987 0.2562274 0.2931180 0.2843699 0.3967962 0.0704433 0.3286115 0.2529408 0.2917981 0.3027470 0.1395748 0.2982843 0.2788550 0.1344873 0.3286447 
Perityle_coahuilensis_24                   0.1748120 0.4328495 0.3650575 0.2627886 0.0913026 0.3171878 0.2988098 0.1449048 0.3936312 0.1643860 0.1299863 0.0922152 0.0951991 0.2163786 0.1251626 0.2965477 0.0706174 0.3279015 0.2105579 0.0767630 0.0676446 0.0796692 0.2861141 0.0000000 0.1620116 0.1330632 0.0801991 0.0787370 0.2676288 0.1868590 0.3229556 0.2922002 0.1836630 0.1936852 0.1458165 0.2542948 0.0730173 0.2300392 0.0789368 0.0482085 0.0750787 0.6211878 0.0980349 0.1557123 0.2504040 0.0575032 0.0862892 0.0816584 0.1625311 0.0520723 0.0748203 0.0830971 0.0986039 0.0883034 0.2143923 0.0768475 0.1353802 0.1006480 0.0829603 0.4494616 0.3085946 0.2209244 0.4227651 0.0948831 0.2818585 0.2878000 0.1193233 0.1034381 0.2659238 0.0500178 0.0005293 0.2183584 0.0634632 0.0616378 0.0613070 0.4445032 0.1058094 0.2650368 0.0691435 0.0950935 0.1839666 0.0870080 0.0934954 0.3449374 0.1245383 
Perityle_cochisensis_44_cave_creek         0.1923551 0.3936683 0.5977268 0.2694372 0.1550800 0.3103889 0.2986130 0.1139253 0.3963857 0.1924164 0.1823471 0.0866233 0.0908840 0.2790131 0.1184362 0.2293870 0.1052736 0.2636036 0.2131407 0.0257130 0.0803216 0.1296382 0.3513109 0.1620116 0.0000000 0.1419855 0.1548436 0.1852529 0.3828936 0.1753960 0.3582400 0.2401034 0.1907002 0.1867771 0.1302080 0.1574832 0.0870555 0.1960368 0.1288200 0.1535140 0.1042885 0.5780532 0.1336902 0.1770380 0.2265068 0.1257803 0.1407453 0.1312483 0.1771588 0.1629389 0.1298772 0.1232726 0.1378663 0.0507119 0.1782451 0.1069344 0.1080767 0.1608223 0.1423333 0.4373299 0.2473715 0.1866368 0.4100431 0.1068375 0.2956105 0.3460929 0.1300246 0.1777989 0.2935369 0.0694370 0.1610112 0.1929349 0.1552712 0.1501462 0.1076964 0.3763476 0.1406546 0.2237481 0.1205372 0.1316750 0.2596414 0.1411919 0.1131951 0.3814059 0.1101872 
Perityle_congesta_202                      0.2511085 0.4916607 0.4584130 0.3455768 0.1522424 0.3203374 0.3167400 0.1271271 0.4571709 0.1659604 0.2124006 0.1530142 0.0775151 0.2919039 0.1127432 0.2232780 0.0890081 0.3611725 0.2645207 0.0829069 0.0664112 0.1284397 0.3669369 0.1330632 0.1419855 0.0000000 0.1624647 0.1500227 0.6092817 0.1966706 0.4673415 0.3310681 0.1856579 0.1807314 0.1778726 0.1713699 0.0772687 0.3119897 0.0796055 0.1282828 0.1388776 0.7638978 0.1432501 0.2081649 0.2961536 0.1339161 0.1309261 0.1287899 0.2158977 0.1296395 0.1211520 0.1307189 0.1513347 0.0820186 0.2399268 0.0671218 0.1141668 0.1756443 0.1283954 0.4889286 0.3242804 0.1829031 0.4150879 0.1529918 0.3728156 0.3245812 0.1159254 0.2073298 0.3451663 0.0511392 0.1322215 0.2869295 0.0733694 0.0717635 0.0737066 0.4958555 0.1024340 0.3116464 0.1450379 0.1342846 0.3440566 0.1279640 0.1383583 0.5250053 0.1313880 
Perityle_cordifolia_27                     0.1755174 0.4425936 0.3746366 0.2588931 0.0943586 0.3324707 0.3078639 0.1421529 0.3791218 0.1734255 0.1311880 0.0776344 0.0890165 0.2119226 0.1199345 0.3133251 0.0760767 0.3283698 0.1974161 0.0749621 0.0830535 0.0764336 0.3030344 0.0801991 0.1548436 0.1624647 0.0000000 0.0957715 0.2578354 0.1906244 0.3208844 0.2962015 0.1977419 0.2071839 0.1523080 0.2471897 0.0935339 0.2409639 0.0976920 0.0696401 0.0723373 0.6296499 0.0913663 0.1523372 0.2614001 0.0725759 0.0813952 0.0779183 0.1597925 0.0721973 0.0800279 0.0628705 0.0518575 0.0615997 0.2146182 0.1167486 0.1426054 0.0979290 0.0798010 0.4540346 0.3059378 0.2219354 0.4194280 0.0824992 0.2764084 0.2205793 0.1429120 0.1107702 0.2695914 0.0957738 0.0795948 0.2239214 0.0876648 0.0827182 0.0763701 0.4510533 0.1290948 0.2521094 0.0793380 0.0795190 0.1837879 0.0827321 0.0935794 0.3264359 0.1230140 
Perityle_cordifolia_68_tecolote            0.1755735 0.4204893 0.3562296 0.2660806 0.1028769 0.3106098 0.3022930 0.1461044 0.3704936 0.1815216 0.1378570 0.1024098 0.0954231 0.2422349 0.1417817 0.3297351 0.1020164 0.3282717 0.2074510 0.1100227 0.0987535 0.0938389 0.2945508 0.0787370 0.1852529 0.1500227 0.0957715 0.0000000 0.2688972 0.1888153 0.3109721 0.2961342 0.2024945 0.2099327 0.1521266 0.2613509 0.1090885 0.2407589 0.1134239 0.0745249 0.0894031 0.6396730 0.1081857 0.1672918 0.2535421 0.0805589 0.0971775 0.0928066 0.1732244 0.0756745 0.0854211 0.0909284 0.1049428 0.1029579 0.2215397 0.0152099 0.1401827 0.1194753 0.0950312 0.4432499 0.2910313 0.2392393 0.4270109 0.1031599 0.2829993 0.2973779 0.1395615 0.1135331 0.2604145 0.0873710 0.0781226 0.2247874 0.0753051 0.0727663 0.1018452 0.4419800 0.1350365 0.2769306 0.0853305 0.0989328 0.1820411 0.0966689 0.1072847 0.3171727 0.1373994 
Perityle_coronopifolia_28_patagonia        0.2376816 0.3517802 0.3011921 0.3462742 0.2504053 0.7169651 0.4580891 0.2892737 0.4638003 0.4494925 0.2732660 0.2722410 0.3598561 0.4758089 0.1825307 0.9589285 0.6541181 0.3053677 0.1229383 1.0527739 1.0468834 0.2785344 0.2318935 0.2676288 0.3828936 0.6092817 0.2578354 0.2688972 0.0000000 0.2073534 0.2286320 0.3279334 0.5554021 0.5937111 0.2193728 0.4778756 1.1190231 0.2072527 0.9979035 0.2577864 0.2428995 0.1801709 0.2499673 0.1872773 0.3610528 0.2729308 0.2735604 0.2687197 0.2140024 0.2698238 0.2474908 0.2526940 0.2617753 0.8250041 0.1963732 0.0000010 0.2394152 0.2847919 0.2803185 0.1598023 0.1827138 0.3580272 0.4148650 0.2684482 0.0113824 0.5507389 0.4823781 0.2593271 0.2548989 1.1271392 0.2676288 0.1591402 0.2775750 0.2634189 0.6752664 0.3491376 0.4914863 0.1234136 0.2605850 0.2759568 0.0315346 0.2857687 0.2681436 0.1178393 0.0000010 
Perityle_crassifolia_70_ventanas           0.1571201 0.3661341 0.4831732 0.2824969 0.1594599 0.2829000 0.2891868 0.1163273 0.3586498 0.1177014 0.1836329 0.1692337 0.1215951 0.3013268 0.0868687 0.2867092 0.1635248 0.1964229 0.1630184 0.0919019 0.1309445 0.1677101 0.2331112 0.1868590 0.1753960 0.1966706 0.1906244 0.1888153 0.2073534 0.0000000 0.1800170 0.1943951 0.1822032 0.1013866 0.1186814 0.2059376 0.1302815 0.1326625 0.1318077 0.1659775 0.1477435 0.4100388 0.1613941 0.1412997 0.2301818 0.1830634 0.1764668 0.1689566 0.1442809 0.1802026 0.1692401 0.1610872 0.1868530 0.0833729 0.1387884 0.1157733 0.1457823 0.1950476 0.1750540 0.2916261 0.2152190 0.1879518 0.3493002 0.1843472 0.2228887 0.3718322 0.1304316 0.1734471 0.2850517 0.1138804 0.1859485 0.0230898 0.1781153 0.1760136 0.1546730 0.3400540 0.1286316 0.1445095 0.1600255 0.1771160 0.0753184 0.1799545 0.1672291 0.1874001 0.0946559 
Perityle_crassifolia_74_playa_balandra     0.3070349 0.1809298 0.4671673 0.3162167 0.2759324 0.0551553 0.4173435 0.2330521 0.3382119 0.3947404 0.3138452 0.3389477 0.3274642 0.4387249 0.2628877 0.6166655 0.4399746 0.3144104 0.2581010 0.3370689 0.3877785 0.3343155 0.1053334 0.3229556 0.3582400 0.4673415 0.3208844 0.3109721 0.2286320 0.1800170 0.0000000 0.3476057 0.3963658 0.4083386 0.2352171 0.3690636 0.4047005 0.2428916 0.3513266 0.3160605 0.3031425 0.4423207 0.2965945 0.2717862 0.3698595 0.3238754 0.3249433 0.3194387 0.2726633 0.3222084 0.3080068 0.3085799 0.3240641 0.2644993 0.2710479 0.2496757 0.2577909 0.3276967 0.3234824 0.1408735 0.0608577 0.3542361 0.1924102 0.3294687 0.2650756 0.5222681 0.3149976 0.2824371 0.1765545 0.3496908 0.3229556 0.1970333 0.3361053 0.3223830 0.4348426 0.1432177 0.3185506 0.2710013 0.3233660 0.3401148 0.1145907 0.3345649 0.3150283 0.2011906 0.2383229 
Perityle_cuneata_34_cuneata_San_antonio    0.2457617 0.3700178 0.3220840 0.2880544 0.2590953 0.3020233 0.3154139 0.1298318 0.3877209 0.1948844 0.2857505 0.2770349 0.1689226 0.4763235 0.1263312 0.4025374 0.2991794 0.2300536 0.2290838 0.1677753 0.2302204 0.2790316 0.3169663 0.2922002 0.2401034 0.3310681 0.2962015 0.2961342 0.3279334 0.1943951 0.3476057 0.0000000 0.1988081 0.2168609 0.2332673 0.2645924 0.2481498 0.2173516 0.2720677 0.2898786 0.2634105 0.4355616 0.2732025 0.2484190 0.2080117 0.2935771 0.2763483 0.2723027 0.2564757 0.2935881 0.2706974 0.2687216 0.2804232 0.1302179 0.1934464 0.1617377 0.1795399 0.3068435 0.2792043 0.3300237 0.2202028 0.2077938 0.4111160 0.2739753 0.3184100 0.5229834 0.2051961 0.2714422 0.2407450 0.1996080 0.2913148 0.1968232 0.2811348 0.2715132 0.2878638 0.3931342 0.2195216 0.2484736 0.2726622 0.2826074 0.2099607 0.2785898 0.2633170 0.3421854 0.1621686 
Perityle_cuneata_4                         0.1569994 0.3997158 0.7083280 0.3025304 0.1772827 0.3007325 0.3001343 0.1526144 0.3717220 0.1264755 0.1905937 0.1872674 0.1060279 0.3510474 0.1588596 0.2588654 0.1684152 0.2766192 0.2513199 0.1221901 0.1490117 0.1891672 0.3846032 0.1836630 0.1907002 0.1856579 0.1977419 0.2024945 0.5554021 0.1822032 0.3963658 0.1988081 0.0000000 0.1344098 0.1911412 0.1729085 0.1688488 0.1570720 0.1850166 0.2002061 0.1939029 0.6913674 0.2013487 0.2229402 0.1810795 0.1809800 0.1906606 0.1852586 0.2159533 0.1944742 0.1773807 0.2017972 0.1848000 0.0898969 0.1754530 0.1248970 0.1524493 0.2558404 0.1880437 0.4443418 0.2848797 0.1454210 0.4160879 0.1849111 0.3307647 0.3857967 0.1487837 0.1830172 0.3429570 0.1428669 0.1836630 0.2081575 0.1851108 0.1834368 0.1804392 0.3927739 0.1502632 0.2531731 0.1839361 0.1992368 0.3517716 0.1864309 0.1842788 0.5307677 0.0989774 
Perityle_discoidea_81                      0.1664076 0.4450403 0.5299584 0.3184595 0.1883879 0.3147798 0.2641621 0.1197057 0.4632817 0.0616050 0.2081862 0.1816968 0.0911150 0.3444380 0.1295986 0.2281835 0.1707631 0.2758974 0.2335066 0.1219099 0.1519874 0.1823769 0.3711835 0.1936852 0.1867771 0.1807314 0.2071839 0.2099327 0.5937111 0.1013866 0.4083386 0.2168609 0.1344098 0.0000000 0.1966757 0.1932420 0.1596297 0.1910587 0.1862233 0.2029756 0.1899589 0.7607767 0.1988393 0.2213649 0.1843776 0.1910167 0.1880306 0.1853144 0.2247959 0.1972720 0.1807862 0.1896524 0.2012756 0.0829956 0.2009832 0.1134360 0.1492328 0.2387088 0.1867834 0.4761058 0.3170486 0.1959885 0.3823300 0.1872359 0.3411542 0.4073228 0.1439020 0.2031582 0.3484243 0.1496738 0.1925476 0.1290474 0.1848487 0.1846217 0.1683762 0.4370696 0.1475679 0.2497520 0.1759266 0.1973243 0.3234457 0.1844785 0.1864529 0.4861424 0.0918765 
Perityle_emoryi_47_punta_san_jose          0.1480653 0.4142088 0.3809257 0.2638486 0.1358019 0.2906922 0.2984433 0.1203402 0.3728345 0.1737131 0.1508858 0.1278378 0.0989935 0.3251103 0.1256062 0.3207364 0.1512461 0.2658815 0.1757643 0.0564084 0.1005761 0.1311836 0.2980416 0.1458165 0.1302080 0.1778726 0.1523080 0.1521266 0.2193728 0.1186814 0.2352171 0.2332673 0.1911412 0.1966757 0.0000000 0.2262920 0.1208590 0.1693717 0.1382389 0.1368686 0.1146571 0.6005268 0.1351902 0.1598577 0.2296417 0.1456625 0.1376547 0.1306990 0.1703141 0.1490089 0.1297612 0.1198882 0.1465377 0.0633729 0.1714448 0.1129777 0.1252791 0.1533504 0.1381820 0.4441972 0.2715775 0.2144753 0.3819465 0.1416051 0.2434370 0.3943028 0.1422191 0.1641703 0.2531956 0.0941538 0.1451058 0.1353860 0.1370732 0.1341503 0.1341530 0.4229859 0.1456409 0.2221772 0.1266535 0.1331154 0.1393685 0.1399224 0.0906633 0.3032199 0.1083670 
Perityle_feddemae_99                       0.2482557 0.3798251 0.7881296 0.3509149 0.2377499 0.2771477 0.3670149 0.1238092 0.3276338 0.1895500 0.2707062 0.2313932 0.1388259 0.3713105 0.1016045 0.3326812 0.1602708 0.3026699 0.2599466 0.0855067 0.1369022 0.2208888 0.4224399 0.2542948 0.1574832 0.1713699 0.2471897 0.2613509 0.4778756 0.2059376 0.3690636 0.2645924 0.1729085 0.1932420 0.2262920 0.0000000 0.1412357 0.2637863 0.1288749 0.2284458 0.1952179 0.4499255 0.2086172 0.1512631 0.2893881 0.2552295 0.2286265 0.2225989 0.1399592 0.2457603 0.2383237 0.2065340 0.2420213 0.0916150 0.2206922 0.1270448 0.1547680 0.2624765 0.2273320 0.3282991 0.2084109 0.1222617 0.5200297 0.2443011 0.3418813 0.4094145 0.1373883 0.2605436 0.4012162 0.1208651 0.2531065 0.2230421 0.2434133 0.2417242 0.1631855 0.3540408 0.1392163 0.2236178 0.2267132 0.2326157 0.3560243 0.2307478 0.2209077 0.4350690 0.1338524 
Perityle_fosteri_93                        0.1974687 0.4455575 0.7049925 0.3463929 0.1215516 0.3187978 0.2843907 0.1306122 0.3843810 0.1610987 0.1569486 0.0793704 0.1071249 0.1648408 0.1003574 0.1273244 0.0333313 0.2716401 0.2185617 0.0655080 0.0293017 0.1154621 0.3757114 0.0730173 0.0870555 0.0772687 0.0935339 0.1090885 1.1190231 0.1302815 0.4047005 0.2481498 0.1688488 0.1596297 0.1208590 0.1412357 0.0000000 0.2521196 0.1086331 0.0773134 0.1192818 0.8368472 0.1146289 0.1536098 0.2638058 0.0273601 0.1146863 0.1222813 0.1538194 0.0802373 0.1104887 0.1208317 0.0986537 0.1001999 0.1745398 0.0982402 0.1104571 0.1479989 0.1212555 0.4957663 0.3154823 0.1478534 0.4047847 0.0841261 0.3240640 0.2260775 0.1197794 0.1301293 0.3685619 0.0482334 0.0719458 0.2183485 0.0761269 0.0760514 0.0404206 0.4405149 0.1070958 0.2603492 0.1155654 0.1233380 0.0000010 0.1200240 0.1055001 0.8500644 0.1577439 
Perityle_gamon_221                         0.1829490 0.3328274 0.3873194 0.3036615 0.2280681 0.3158400 0.3471367 0.1334094 0.3837782 0.1505890 0.2315242 0.2409038 0.0993424 0.3525665 0.1069099 0.4021814 0.2777487 0.2332513 0.1423437 0.1346679 0.1834889 0.2497191 0.2784519 0.2300392 0.1960368 0.3119897 0.2409639 0.2407589 0.2072527 0.1326625 0.2428916 0.2173516 0.1570720 0.1910587 0.1693717 0.2637863 0.2521196 0.0000000 0.2662887 0.2455876 0.2450836 0.5680275 0.2430027 0.2208267 0.1955742 0.2475443 0.2396677 0.2380173 0.2357627 0.2433426 0.2197991 0.2456810 0.2232303 0.0911463 0.1715325 0.1273405 0.1040311 0.2448040 0.2404221 0.3401263 0.2594901 0.1926097 0.4032248 0.2244107 0.2398080 0.4077919 0.1579312 0.2205063 0.2699295 0.1604369 0.2300333 0.1864300 0.2311002 0.2215332 0.2661120 0.3531255 0.1715288 0.2139681 0.2343059 0.2592026 0.1179837 0.2377479 0.2339912 0.2346637 0.1128408 
Perityle_gentryi_8_san_francisco           0.2139100 0.4314179 0.6972013 0.3456603 0.1305510 0.3029275 0.3009612 0.1308302 0.3456809 0.1808246 0.1673130 0.1275540 0.1174775 0.2375885 0.0637202 0.1465737 0.0861569 0.2845264 0.1549846 0.1150119 0.0984006 0.0979566 0.3590402 0.0789368 0.1288200 0.0796055 0.0976920 0.1134239 0.9979035 0.1318077 0.3513266 0.2720677 0.1850166 0.1862233 0.1382389 0.1288749 0.1086331 0.2662887 0.0000000 0.0570605 0.0884327 0.8516714 0.0993357 0.1383081 0.2749376 0.0967291 0.1005270 0.1026589 0.1436954 0.0615213 0.1149723 0.0826189 0.1210311 0.0875092 0.1881162 0.0947898 0.0918715 0.0994051 0.1002755 0.4598491 0.3058881 0.1359049 0.4078044 0.1358364 0.3402329 0.2246916 0.1603647 0.1659378 0.3510941 0.0823253 0.0777889 0.2400087 0.0772569 0.0771240 0.0990866 0.4247312 0.1443425 0.2295177 0.1109447 0.1025273 0.0000010 0.1003291 0.1184790 0.6822263 0.1561285 
Perityle_gilensis_22_Superstition          0.1717449 0.4715175 0.3222344 0.2743840 0.0875691 0.3151634 0.2722043 0.1176401 0.3924597 0.1826075 0.1372592 0.0886149 0.0935264 0.1825986 0.0613369 0.2748096 0.0769268 0.3274200 0.1867913 0.0923703 0.0631283 0.0605504 0.2775086 0.0482085 0.1535140 0.1282828 0.0696401 0.0745249 0.2577864 0.1659775 0.3160605 0.2898786 0.2002061 0.2029756 0.1368686 0.2284458 0.0773134 0.2455876 0.0570605 0.0000000 0.0599670 0.8719365 0.0672290 0.1341942 0.2697074 0.0604181 0.0657262 0.0637269 0.1405964 0.0098985 0.0706718 0.0647080 0.0875652 0.0591472 0.1967964 0.0725604 0.1064010 0.0796665 0.0612666 0.5008233 0.3142691 0.2026798 0.4129214 0.0928702 0.2694330 0.2202547 0.1339050 0.1090980 0.2669013 0.0525521 0.0475836 0.2095321 0.0510897 0.0504303 0.0739033 0.4450603 0.1147718 0.2514509 0.0653478 0.0751469 0.1367809 0.0643132 0.0851493 0.3249525 0.1237153 
Perityle_gilensis_salensis_225             0.1626025 0.4614187 0.3188371 0.2869412 0.0850517 0.3208307 0.2816038 0.1165842 0.3939140 0.1685987 0.1293563 0.0701160 0.0522783 0.1879335 0.0250110 0.2598030 0.1139797 0.3017022 0.1663742 0.0559377 0.1068577 0.0348248 0.2816882 0.0750787 0.1042885 0.1388776 0.0723373 0.0894031 0.2428995 0.1477435 0.3031425 0.2634105 0.1939029 0.1899589 0.1146571 0.1952179 0.1192818 0.2450836 0.0884327 0.0599670 0.0000000 0.8515251 0.0399818 0.1221155 0.2649342 0.0905751 0.0385873 0.0372920 0.1263105 0.0694317 0.0462278 0.0392882 0.0719003 0.0234734 0.1749093 0.0986767 0.1027364 0.0565038 0.0361233 0.4765573 0.3081731 0.1768603 0.4092667 0.0755943 0.2474917 0.2301661 0.1268767 0.1101306 0.2681190 0.0936980 0.0757118 0.1914112 0.0573329 0.0566622 0.1155588 0.4399166 0.1117939 0.2236251 0.0569269 0.0446550 0.1332760 0.0378835 0.0636576 0.2934565 0.1006569 
Perityle_glaucescens_94                    0.7964122 0.4776375 1.1313205 0.6382496 0.8112838 0.7053817 0.9575084 0.4204847 0.5837584 0.6036056 0.6760555 0.7737461 0.6333703 0.8765904 0.3969734 0.8560216 0.7030312 0.4599179 0.4302674 0.8168764 0.8268165 0.7893105 0.4882776 0.6211878 0.5780532 0.7638978 0.6296499 0.6396730 0.1801709 0.4100388 0.4423207 0.4355616 0.6913674 0.7607767 0.6005268 0.4499255 0.8368472 0.5680275 0.8516714 0.8719365 0.8515251 0.0000000 0.5738360 0.3771754 0.6073471 0.6912342 0.6494491 0.6583737 0.3724519 0.6926234 0.6285568 0.8274326 0.6089036 0.8223340 0.4380619 0.8171606 0.5234113 0.9526553 0.6509097 0.3358428 0.3602038 0.4798033 0.7128624 0.6156911 0.4900379 0.8991202 0.5690077 0.5785974 0.3809653 0.8363190 0.6249892 0.4100388 0.6405790 0.6245524 0.7459756 0.5388956 0.5744162 0.3987857 0.8502573 0.8278337 0.0673831 0.6586903 0.5733594 0.2069898 0.7568427 
Perityle_gracilis_11                       0.1730828 0.4281161 0.3788936 0.2842722 0.0898885 0.3009522 0.3216497 0.1168673 0.3425832 0.1832703 0.1399215 0.0771462 0.0752696 0.2400532 0.0739621 0.3076408 0.1282658 0.3054292 0.1838053 0.0621603 0.1067275 0.0222093 0.2643317 0.0980349 0.1336902 0.1432501 0.0913663 0.1081857 0.2499673 0.1613941 0.2965945 0.2732025 0.2013487 0.1988393 0.1351902 0.2086172 0.1146289 0.2430027 0.0993357 0.0672290 0.0399818 0.5738360 0.0000000 0.1368621 0.2726908 0.1031089 0.0237534 0.0302033 0.1433783 0.0870973 0.0590081 0.0384743 0.0880061 0.0247816 0.1841170 0.1142470 0.1378149 0.0471736 0.0330968 0.3974137 0.2515777 0.1813398 0.4068914 0.0915980 0.2598639 0.2780464 0.1489500 0.1213352 0.2535164 0.0936562 0.0974176 0.2024734 0.0757132 0.0726458 0.1243798 0.4292834 0.1366403 0.2333852 0.0607721 0.0552807 0.1420888 0.0352791 0.0751693 0.2977692 0.1118825 
Perityle_harkerae_31                       0.1997244 0.3712906 0.4052925 0.2992069 0.1361989 0.2930070 0.3266755 0.1206880 0.3369632 0.2097424 0.1772356 0.1488985 0.1217826 0.2797299 0.0617872 0.3180574 0.1668564 0.2512069 0.1486549 0.1021244 0.1432193 0.1412656 0.2730333 0.1557123 0.1770380 0.2081649 0.1523372 0.1672918 0.1872773 0.1412997 0.2717862 0.2484190 0.2229402 0.2213649 0.1598577 0.1512631 0.1536098 0.2208267 0.1383081 0.1341942 0.1221155 0.3771754 0.1368621 0.0000000 0.2819469 0.1587482 0.1505599 0.1462848 0.0225723 0.1484735 0.1458162 0.1307537 0.1461218 0.0784585 0.1574220 0.1087447 0.1384649 0.1617860 0.1478383 0.2850258 0.2106090 0.1709789 0.3861238 0.1620162 0.2195540 0.3319392 0.1815957 0.1548172 0.2408668 0.1337299 0.1550204 0.1752728 0.1549870 0.1484947 0.1697841 0.3816779 0.1625850 0.2117126 0.1344132 0.1490400 0.1087316 0.1529378 0.1399620 0.1937863 0.1055653 
