86
Amauria_brandeegeana_62                    0.0000000 0.0464293 0.0971877 0.2934560 0.2456335 0.1269024 0.2252367 0.1706148 0.3860897 0.3082928 0.1172719 0.2248762 0.3078255 0.1184752 0.2311695 0.1605446 0.2244733 0.1569855 0.1316108 0.1411533 0.1120917 0.2238178 0.1563870 0.2253654 0.3277972 0.2244557 0.1263646 0.2776264 0.2844201 0.1495984 0.1331837 0.1223823 0.2306107 0.2633359 0.1779407 0.2766683 0.2012273 0.1547371 0.1308898 0.1691574 0.2753800 0.2216348 0.2130562 0.1197950 0.2933868 0.1326957 0.2743596 0.2250424 0.2249990 0.2056303 0.2850307 0.2714096 0.2204696 0.1065210 0.2323741 0.2470474 0.1101057 0.3029285 0.2216850 0.2240610 0.2543940 0.2474256 0.1703396 0.2146698 0.2326462 0.2232942 0.3133047 0.2277005 0.2233032 0.2863906 0.2934027 0.2246319 0.1631981 0.2534302 0.2176015 0.2981993 0.1516346 0.2619200 0.2784568 0.1101875 0.1168108 0.2571094 0.2742313 0.2657667 0.1386689 0.2182355 
Amauria_carterae_99_mesa                   0.0464293 0.0000000 0.0198300 0.1294447 0.0000010 0.0000010 0.1512127 0.0823773 0.1413363 0.1905833 0.0609113 0.1508839 0.0000010 0.1397123 0.0000010 0.1955202 0.1251632 0.2056791 0.0404264 0.1399571 0.1248799 0.1248799 0.0000010 0.1397082 0.0000010 0.1454311 0.1149707 0.0000010 0.0000010 0.1798171 0.0000010 0.0404391 0.1103114 0.0000010 0.0609113 0.2335738 0.0686030 0.2051889 0.1509644 0.2377775 0.0000010 0.1301760 0.0685126 0.1298799 0.0000010 0.1274335 0.0000010 0.1297388 0.1248799 0.0732640 0.0000010 0.0000010 0.1294522 0.1093766 0.2059260 0.0000010 0.0000010 0.0000010 0.1299538 0.1248799 0.0000010 0.0000010 0.2198242 0.1029364 0.1501662 0.1408691 0.0815728 0.1387796 0.1209817 0.0000010 0.0000010 0.1450365 0.1974281 0.0000010 0.1248799 0.0000010 0.1996965 0.1390441 0.0000010 0.1346590 0.1400466 0.0000010 0.0000010 0.0000010 0.3481611 0.2154878 
Amauria_rotundifolia_SRR9119150            0.0971877 0.0198300 0.0000000 0.2942308 0.2658187 0.1172217 0.2515023 0.1961590 0.3871146 0.3066245 0.1240503 0.2446531 0.3112030 0.0964572 0.2305417 0.1159483 0.2420286 0.1522615 0.1235333 0.1062350 0.0942312 0.2448937 0.1526802 0.2476085 0.3413061 0.2408845 0.1242516 0.2833896 0.2977790 0.1636630 0.1392214 0.1266289 0.2481765 0.2817267 0.1928765 0.2796910 0.2206349 0.1531503 0.1308533 0.1187599 0.2856632 0.2432848 0.2360104 0.1085101 0.3265789 0.1299034 0.2876342 0.2403485 0.2455216 0.2298486 0.2962199 0.2858195 0.2389138 0.1041523 0.2276645 0.2595972 0.1258237 0.3191226 0.2389498 0.2439948 0.2906331 0.3064112 0.1306352 0.2373477 0.2483875 0.2395099 0.3223662 0.2494434 0.2482542 0.3325387 0.3158818 0.2453748 0.1703668 0.2698580 0.2415715 0.3008727 0.1064258 0.2929182 0.2895302 0.0944718 0.0871236 0.3156639 0.2923105 0.2722535 0.1163072 0.2112212 
Conoclinium_coelestinum_SRR9119114         0.2934560 0.1294447 0.2942308 0.0000000 0.2041158 0.3158912 0.2080085 0.3118961 0.3906037 0.2736220 0.2963876 0.2264979 0.2613017 0.2153037 0.2541508 0.2901142 0.2169071 0.3003601 0.3244402 0.2280042 0.2054059 0.2189583 0.3896699 0.2203848 0.2675226 0.2191029 0.2926638 0.2131268 0.2257379 0.2985210 0.3849533 0.3343292 0.2282877 0.2229996 0.3609226 0.2303933 0.2208410 0.2768406 0.3054308 0.2927793 0.2174560 0.2223690 0.2351452 0.2094153 0.3174503 0.3094525 0.2075877 0.2214413 0.2170309 0.2304845 0.2345394 0.2180757 0.2229473 0.2816161 0.4525582 0.2470799 0.3137988 0.2708661 0.2175432 0.2206905 0.2764384 0.1817388 0.2887630 0.2752291 0.2244392 0.2440744 0.3882970 0.2770823 0.2606512 0.2712391 0.2677348 0.2176500 0.2773483 0.2115621 0.2211776 0.2400449 0.3111686 0.4376324 0.2065168 0.2055792 0.2097749 0.2388547 0.2188088 0.2230892 0.3303541 0.3240336 
Eutetras_palmeri_63                        0.2456335 0.0000010 0.2658187 0.2041158 0.0000000 0.2846365 0.1828501 0.3263989 0.5185124 0.2011415 0.2777905 0.1157175 0.1076489 0.0708944 0.1482228 0.2586700 0.0994870 0.2542225 0.2979985 0.0000010 0.1374589 0.1099844 0.3573960 0.1050526 0.1155802 0.1022858 0.2825285 0.1145278 0.0972850 0.2893080 0.3447144 0.2839329 0.1182861 0.1251596 0.3218243 0.1254488 0.1014510 0.2589229 0.2823480 0.2595724 0.0977665 0.1044192 0.1116714 0.1398490 0.1890926 0.2990870 0.0979477 0.1099037 0.1012499 0.1130299 0.1015953 0.1034753 0.1026348 0.2765176 0.4111167 0.1299488 0.3552851 0.2081195 0.1041394 0.1083964 0.1332892 0.0310235 0.2546774 0.2231080 0.1150274 0.1049689 0.3897486 0.1368795 0.0964517 0.1168051 0.1183189 0.1026522 0.2631100 0.1051799 0.1072798 0.1000412 0.3487586 0.4195682 0.0982668 0.1286137 0.1199363 0.1287050 0.0964257 0.1086767 0.2837735 0.3412093 
Eutetras_pringlei_149_quer                 0.1269024 0.0000010 0.1172217 0.3158912 0.2846365 0.0000000 0.2620168 0.1752911 0.2411760 0.3193847 0.1119035 0.2923725 0.2824333 0.3708398 0.1952002 0.1015898 0.2786955 0.0903652 0.1145258 0.2341805 0.3708398 0.2877835 0.1714527 0.2777454 0.2765535 0.2709394 0.1093085 0.3009772 0.2989678 0.1506444 0.1222183 0.0667789 0.2860292 0.2706733 0.1444399 0.2755299 0.2757889 0.1295098 0.1044860 0.1012330 0.2894924 0.2782087 0.2852842 0.3708398 0.2840681 0.1112404 0.2903452 0.2800731 0.2711903 0.2875035 0.2861401 0.2813319 0.2833013 0.1189059 0.3506462 0.2786834 0.1015041 0.2011603 0.2713121 0.2824523 0.2828515 0.2617285 0.1157659 0.2220719 0.2923725 0.2823682 0.2559212 0.3192567 0.2985464 0.2818327 0.2763253 0.2771998 0.1253029 0.2822473 0.2832513 0.2824346 0.1372076 1.0270431 0.2623338 0.3708398 0.3708398 0.2845211 0.2846614 0.2734101 0.0968606 0.2204736 
Eutrochium_fistulosum_SRR9119106           0.2252367 0.1512127 0.2515023 0.2080085 0.1828501 0.2620168 0.0000000 0.2618516 0.3742279 0.2548926 0.2383837 0.1887210 0.2214736 0.1942680 0.1744795 0.2456915 0.1794898 0.2358212 0.2460091 0.1963963 0.1650884 0.1820006 0.3198371 0.1832154 0.2190517 0.1856386 0.2286506 0.2168411 0.1834352 0.2678535 0.3162640 0.2392367 0.2193068 0.1983724 0.2366331 0.1966217 0.1831146 0.2298080 0.2570719 0.2452907 0.1868802 0.1906012 0.1977332 0.1853877 0.1637495 0.2677710 0.1847793 0.1923056 0.1805342 0.1921376 0.1857715 0.1859555 0.1783187 0.2059014 0.3541112 0.1596911 0.2599644 0.1919022 0.1777427 0.1836483 0.1531318 0.0969446 0.2492227 0.2205755 0.1937155 0.1746141 0.4161745 0.1857748 0.2221906 0.1697183 0.1807686 0.1817269 0.2489100 0.1778073 0.1783465 0.2063938 0.2608113 0.3165814 0.1955081 0.1751542 0.1842469 0.1098617 0.1813415 0.1975732 0.2435669 0.2989992 
Galeana_pratensis_104_mex                  0.1706148 0.0823773 0.1961590 0.3118961 0.3263989 0.1752911 0.2618516 0.0000000 0.2631643 0.3439306 0.1628193 0.3220451 0.3701859 0.0656000 0.2500164 0.1829460 0.3083453 0.1668707 0.2018393 0.0661871 0.0516840 0.3120390 0.1570661 0.3121840 0.3573942 0.3069086 0.1877278 0.3638614 0.3841303 0.1713634 0.1631691 0.1650250 0.2815215 0.3417125 0.1705900 0.3026771 0.2775163 0.1831609 0.1675423 0.1788163 0.3734197 0.3121487 0.3043891 0.0521272 0.3505579 0.1737835 0.3686478 0.3113246 0.3013206 0.3016682 0.3642104 0.3685573 0.3147102 0.1998869 0.3257984 0.3245046 0.1583558 0.2822270 0.2948802 0.3046798 0.3377276 0.2611721 0.1830268 0.2437516 0.3272720 0.3261102 0.2845001 0.3101201 0.3211172 0.3177336 0.3625056 0.3116630 0.1670095 0.3531931 0.3079391 0.3605699 0.1218881 0.5093318 0.3264746 0.0386627 0.0386627 0.3259845 0.3679966 0.3432106 0.1691781 0.2374996 
Helianthus_annuus_SRR9119062               0.3860897 0.1413363 0.3871146 0.3906037 0.5185124 0.2411760 0.3742279 0.2631643 0.0000000 0.4818034 0.3663676 0.4731641 0.5638036 0.2203188 0.4396863 0.3894255 0.4491307 0.3679484 0.3651905 0.1022353 0.3109594 0.4354713 0.2770149 0.4451857 0.5344529 0.4479508 0.4249915 0.4880389 0.5245792 0.3361659 0.3642934 0.3736166 0.5031224 0.5067049 0.3695170 0.4762402 0.4216013 0.3870082 0.4005519 0.3805673 0.4998937 0.4497747 0.4695260 0.3051996 0.5233373 0.4096098 0.4972332 0.4508487 0.4509468 0.4755129 0.4888770 0.5063378 0.4523182 0.4167051 0.4508314 0.4760062 0.3173504 0.5188833 0.4239394 0.4391332 0.4794883 0.3605922 0.4043661 0.3812989 0.4557568 0.4867966 0.5292363 0.4736900 0.4858760 0.4938139 0.5214235 0.4457914 0.3931556 0.4830804 0.4410386 0.5277294 0.2283964 0.5007850 0.4916426 0.3033646 0.2962670 0.3987288 0.4726922 0.5057412 0.3590564 0.3837204 
Lycapsus_tenuifolius_17                    0.3082928 0.1905833 0.3066245 0.2736220 0.2011415 0.3193847 0.2548926 0.3439306 0.4818034 0.0000000 0.3089463 0.2267163 0.2261164 0.1792595 0.2917425 0.2862958 0.2085866 0.2749340 0.3227738 0.1842236 0.1783048 0.2214386 0.3949041 0.2149485 0.2599443 0.2106855 0.2659818 0.2203247 0.2133404 0.3283597 0.3672532 0.3216335 0.2051608 0.0888507 0.3705713 0.2016534 0.2217174 0.2717379 0.3226804 0.2854408 0.2061072 0.2144976 0.2222703 0.1893507 0.3027515 0.3389330 0.2099519 0.2186825 0.2069157 0.2240347 0.2267748 0.2068815 0.2081911 0.2615243 0.3386181 0.2611415 0.3300923 0.3528415 0.2159946 0.2223685 0.2841787 0.2970420 0.2847687 0.3043792 0.2260952 0.2200359 0.4070200 0.2645781 0.2192050 0.2568590 0.2500983 0.2127877 0.2973955 0.2219231 0.2213229 0.2243800 0.2080362 0.3596883 0.2149986 0.1814841 0.1797406 0.2765657 0.2220048 0.2123457 0.3065732 0.2494457 
Pericome_caudata_50_silver                 0.1172719 0.0609113 0.1240503 0.2963876 0.2777905 0.1119035 0.2383837 0.1628193 0.3663676 0.3089463 0.0000000 0.2575242 0.3406790 0.0963924 0.2006874 0.1485831 0.2475659 0.1264365 0.1336514 0.0838076 0.0912930 0.2549302 0.1619818 0.2530994 0.3754557 0.2455623 0.1178006 0.2862052 0.3008795 0.1571933 0.1490390 0.1246689 0.2650475 0.2919904 0.1731890 0.2877086 0.2100793 0.1458681 0.1246781 0.1540669 0.2947282 0.2519804 0.2312890 0.0986874 0.3187813 0.1270773 0.2955070 0.2505906 0.2480602 0.2236686 0.3094652 0.2958111 0.2491375 0.1156465 0.2133149 0.2727528 0.1419468 0.2955684 0.2484740 0.2540086 0.2891073 0.2627623 0.1634511 0.2393331 0.2589440 0.2439007 0.3545973 0.2427338 0.2537291 0.3071585 0.3218365 0.2507593 0.1547894 0.2879606 0.2534839 0.3344384 0.1099559 0.2422441 0.2841104 0.0913449 0.0873289 0.2884333 0.3007019 0.2814344 0.0942988 0.2093764 
Perityle_aglossa_84_dead_horse             0.2248762 0.1508839 0.2446531 0.2264979 0.1157175 0.2923725 0.1887210 0.3220451 0.4731641 0.2267163 0.2575242 0.0000000 0.0516956 0.0262065 0.1445519 0.2746954 0.0261307 0.2679923 0.2846980 0.0484599 0.0259477 0.0263210 0.4026414 0.0386064 0.0469584 0.0334898 0.2325349 0.1028642 0.0886858 0.2725268 0.3781583 0.2687777 0.1361702 0.1492718 0.3122800 0.1316263 0.1038047 0.2561698 0.2568689 0.2762474 0.0397854 0.0380692 0.1112467 0.0364056 0.1858799 0.2745936 0.0464830 0.0368888 0.0324049 0.1125986 0.0314802 0.0486828 0.0327787 0.2251296 0.3309176 0.1229284 0.3538754 0.1886176 0.0291739 0.0257529 0.1296700 0.0560962 0.2714648 0.2369719 0.0128242 0.0928949 0.3877718 0.1367809 0.1138414 0.0892964 0.0581408 0.0391873 0.2700673 0.0288273 0.0268611 0.0463435 0.2434722 0.3020086 0.1033630 0.0383284 0.0238595 0.1316962 0.0267077 0.0925781 0.2811593 0.3124477 
Perityle_ajoensis_204                      0.3078255 0.0000010 0.3112030 0.2613017 0.1076489 0.2824333 0.2214736 0.3701859 0.5638036 0.2261164 0.3406790 0.0516956 0.0000000 0.0912749 0.1733888 0.3063068 0.0644613 0.3180473 0.3594082 0.0000010 0.1428852 0.0727406 0.3826850 0.0782186 0.0715828 0.0639523 0.3497534 0.1195507 0.0997981 0.2955453 0.3495484 0.3525256 0.1455694 0.1279240 0.3770923 0.0998645 0.1316374 0.2934291 0.3474917 0.3131401 0.0573194 0.0796874 0.1370044 0.1374688 0.2132803 0.3644392 0.0610931 0.0645306 0.0666888 0.1318041 0.0479204 0.0637846 0.0629195 0.3480991 0.4799931 0.1548191 0.3372099 0.1726019 0.0626935 0.0732687 0.1576046 0.0655820 0.3119180 0.2313550 0.0764609 0.0897844 0.4043694 0.1736631 0.1176306 0.0808651 0.0675131 0.0767245 0.3155011 0.0489917 0.0471291 0.0610208 0.3526322 0.5295076 0.1084014 0.1431385 0.1422968 0.1248741 0.0550508 0.1073302 0.3485483 0.3429919 
Perityle_ambrosiifolia_67_green            0.1184752 0.1397123 0.0964572 0.2153037 0.0708944 0.3708398 0.1942680 0.0656000 0.2203188 0.1792595 0.0963924 0.0262065 0.0912749 0.0000000 0.0805833 0.1739621 0.0179072 0.2112055 0.0932605 0.0358201 0.0129217 0.0172527 0.0000010 0.0193960 0.0000010 0.0283435 0.1159454 0.0820187 0.0708897 0.1438052 0.0000010 0.1103021 0.0909324 0.1151445 0.3577408 0.1934097 0.1108320 0.1788728 0.0760309 0.2015719 0.0805833 0.0107453 0.1052274 0.0216500 0.7104355 0.0841250 0.0805833 0.0216373 0.0197942 0.1106987 0.0000010 0.0805644 0.0128876 0.1056535 0.1370153 0.0816726 0.0000010 0.0329078 0.0242987 0.0172527 0.0000010 0.0000010 0.1896607 0.0978263 0.0328181 0.1151867 0.1585109 0.1121994 0.1210656 0.0000010 0.3832235 0.0172536 0.1863222 0.0801791 0.0216503 0.0805833 0.1376043 0.1313887 0.1035488 0.0216964 0.0260347 0.0000010 0.0000010 0.0805833 0.2057110 0.2277732 
Perityle_angustifolia_13_Eagle_creek       0.2311695 0.0000010 0.2305417 0.2541508 0.1482228 0.1952002 0.1744795 0.2500164 0.4396863 0.2917425 0.2006874 0.1445519 0.1733888 0.0805833 0.0000000 0.1995512 0.1497351 0.1891761 0.2504594 0.0000010 0.1064797 0.1597583 0.1169843 0.1683019 0.1955958 0.1463131 0.1904005 0.1575582 0.1595356 0.2180193 0.1718142 0.1896305 0.2063595 0.1834385 0.2022002 0.1659935 0.1714379 0.1553115 0.2134339 0.2035563 0.1446483 0.1676921 0.1858528 0.1055268 0.2237231 0.2230808 0.1448834 0.1559804 0.1449523 0.1732033 0.1557237 0.1460693 0.1450758 0.1894796 0.2504705 0.1395979 0.1358465 0.1066385 0.1524094 0.1601185 0.1423149 0.0618380 0.1977596 0.1621152 0.1588809 0.1580456 0.3449242 0.1748657 0.1758893 0.1153815 0.1699188 0.1651164 0.2095260 0.1411991 0.1485350 0.1594486 0.0846023 0.4032429 0.1469575 0.1059981 0.0963565 0.1548224 0.1547085 0.1466259 0.1974765 0.1987650 
Perityle_batopilensis_97                   0.1605446 0.1955202 0.1159483 0.2901142 0.2586700 0.1015898 0.2456915 0.1829460 0.3894255 0.2862958 0.1485831 0.2746954 0.3063068 0.1739621 0.1995512 0.0000000 0.2649379 0.1007355 0.1369487 0.1810423 0.1699627 0.2672522 0.1052127 0.2691829 0.3585534 0.2643943 0.1576210 0.2853678 0.2882450 0.1710507 0.0948996 0.1203949 0.2626105 0.2848699 0.1664043 0.2533511 0.2546532 0.0847769 0.1644537 0.0130653 0.2741191 0.2652669 0.2696832 0.1741370 0.3248134 0.1670985 0.2755067 0.2680973 0.2646106 0.2618538 0.3102701 0.2756163 0.2671777 0.1516830 0.1718256 0.2625331 0.1229404 0.3125606 0.2586988 0.2656245 0.2956622 0.2855508 0.0665161 0.2744153 0.2797033 0.2664651 0.3027394 0.2811433 0.2766547 0.3230763 0.3210040 0.2691639 0.1336986 0.2778498 0.2644071 0.3014971 0.0577525 0.3250691 0.2765505 0.1731575 0.1766187 0.2890358 0.3013863 0.2708473 0.1063248 0.1038288 
Perityle_bisetosa_9                        0.2244733 0.1251632 0.2420286 0.2169071 0.0994870 0.2786955 0.1794898 0.3083453 0.4491307 0.2085866 0.2475659 0.0261307 0.0644613 0.0179072 0.1497351 0.2649379 0.0000000 0.2643625 0.2744883 0.0210553 0.0081137 0.0164710 0.3877262 0.0227067 0.0554151 0.0167428 0.2320310 0.0934037 0.0711599 0.2672882 0.3614987 0.2685219 0.1226697 0.1358291 0.3042650 0.1192701 0.0864290 0.2555545 0.2593271 0.2703096 0.0279883 0.0210693 0.0959647 0.0205936 0.1736948 0.2738852 0.0308327 0.0199823 0.0156775 0.0961260 0.0150900 0.0355591 0.0153388 0.2237793 0.3306242 0.1292034 0.3364760 0.1747689 0.0173335 0.0164228 0.1246399 0.0510012 0.2651111 0.2143495 0.0244781 0.0759764 0.3854736 0.1328833 0.1020163 0.0691791 0.0492374 0.0221500 0.2679517 0.0218804 0.0165110 0.0531910 0.2358431 0.2994686 0.0890230 0.0246571 0.0225093 0.1155245 0.0087348 0.0879794 0.2755842 0.2960057 
Perityle_californica_76_positas            0.1569855 0.2056791 0.1522615 0.3003601 0.2542225 0.0903652 0.2358212 0.1668707 0.3679484 0.2749340 0.1264365 0.2679923 0.3180473 0.2112055 0.1891761 0.1007355 0.2643625 0.0000000 0.1340680 0.2121713 0.1957341 0.2716478 0.1458563 0.2662863 0.3470877 0.2627055 0.1622566 0.2863939 0.2894235 0.1688924 0.0959438 0.0940745 0.2550103 0.2735341 0.1647978 0.2452639 0.2459932 0.0949836 0.1543443 0.1011100 0.2817100 0.2675188 0.2646905 0.2135387 0.2917838 0.1589809 0.2785828 0.2687051 0.2587907 0.2563878 0.2920768 0.2799131 0.2618438 0.1560552 0.1909110 0.2506187 0.1362250 0.2672961 0.2593241 0.2708246 0.2773586 0.2386635 0.1042789 0.2285834 0.2760367 0.2706705 0.3082500 0.2691092 0.2706242 0.2971706 0.2927921 0.2670113 0.1240980 0.2680761 0.2642800 0.3075738 0.0841549 0.3129820 0.2706022 0.2056677 0.2043090 0.2673613 0.2869587 0.2733708 0.0536555 0.1353252 
Perityle_canescens_77                      0.1316108 0.0404264 0.1235333 0.3244402 0.2979985 0.1145258 0.2460091 0.2018393 0.3651905 0.3227738 0.1336514 0.2846980 0.3594082 0.0932605 0.2504594 0.1369487 0.2744883 0.1340680 0.0000000 0.0935631 0.0764290 0.2765144 0.2339814 0.2810128 0.3688693 0.2688193 0.1402589 0.3296438 0.3321638 0.1697534 0.1887892 0.1027451 0.2891095 0.3045584 0.1407055 0.2993340 0.2450843 0.1564243 0.1036143 0.1368924 0.3146979 0.2794680 0.2660521 0.0768208 0.2867941 0.1118657 0.3150255 0.2721421 0.2695722 0.2670276 0.3158373 0.3204635 0.2782381 0.1404819 0.2445313 0.2731872 0.1181943 0.3261819 0.2716787 0.2769558 0.2907271 0.3035493 0.1599922 0.2658082 0.2874184 0.2812901 0.3337918 0.2771399 0.2860627 0.3420860 0.3227725 0.2792576 0.1530967 0.3128393 0.2789720 0.3428925 0.1409624 0.2899368 0.3123807 0.0686732 0.0764290 0.3267523 0.3071756 0.3032763 0.1282808 0.1684731 
Perityle_castillonii_96                    0.1411533 0.1399571 0.1062350 0.2280042 0.0000010 0.2341805 0.1963963 0.0661871 0.1022353 0.1842236 0.0838076 0.0484599 0.0000010 0.0358201 0.0000010 0.1810423 0.0210553 0.2121713 0.0935631 0.0000000 0.0266187 0.0236460 0.0000010 0.0327396 0.0000010 0.0390094 0.1273896 0.0000010 0.0000010 0.1993271 0.0000010 0.0988950 0.0995414 0.0000010 0.1295633 0.2189221 0.1167062 0.1806027 0.0831233 0.1960438 0.0000010 0.0206625 0.1229218 0.0297167 0.0000010 0.0827562 0.0000010 0.0296929 0.0273305 0.1168080 0.0000010 0.0000010 0.0295952 0.1163693 0.1301006 0.0000010 0.0000010 0.0000010 0.0273785 0.0236460 0.0000010 0.0000010 0.1992366 0.0987788 0.0451817 0.1222487 0.1341450 0.1290868 0.1309659 0.0000010 0.0000010 0.0388857 0.1874620 0.0000010 0.0266770 0.0000010 0.1379328 0.1297023 0.0000010 0.0358186 0.0418722 0.0000010 0.0000010 0.0000010 0.1901930 0.1976007 
Perityle_cernua_84                         0.1120917 0.1248799 0.0942312 0.2054059 0.1374589 0.3708398 0.1650884 0.0516840 0.3109594 0.1783048 0.0912930 0.0259477 0.1428852 0.0129217 0.1064797 0.1699627 0.0081137 0.1957341 0.0764290 0.0266187 0.0000000 0.0137738 0.0000010 0.0217604 0.0000010 0.0238486 0.1080082 0.1372471 0.1374966 0.1434666 0.0000010 0.1053687 0.0824159 0.1389887 0.3709317 0.1882111 0.1077193 0.1689492 0.0755428 0.1915315 0.1346559 0.0098307 0.1027727 0.0178934 0.7700574 0.0756520 0.1346559 0.0177626 0.0160256 0.1054443 0.0000010 0.1346327 0.0078317 0.0988756 0.1259469 0.1271239 0.0000010 0.0692006 0.0208586 0.0137738 0.0000010 0.0000010 0.1876421 0.0685709 0.0299325 0.1101515 0.1601134 0.1067187 0.1099286 0.0000010 0.4174207 0.0218263 0.1889814 0.0708449 0.0177725 0.1346559 0.1250129 0.1250871 0.1535942 0.0198306 0.0217750 0.0000010 0.0000010 0.1269826 0.1880325 0.2128406 
Perityle_cfvillosa_25_tin                  0.2238178 0.1248799 0.2448937 0.2189583 0.1099844 0.2877835 0.1820006 0.3120390 0.4354713 0.2214386 0.2549302 0.0263210 0.0727406 0.0172527 0.1597583 0.2672522 0.0164710 0.2716478 0.2765144 0.0236460 0.0137738 0.0000000 0.3961275 0.0290634 0.0635717 0.0185822 0.2322367 0.1044302 0.0786473 0.2585611 0.3679317 0.2690063 0.1278835 0.1456703 0.3172718 0.1301637 0.0971746 0.2587099 0.2607915 0.2754484 0.0349450 0.0285367 0.1049966 0.0039351 0.1829763 0.2768333 0.0407608 0.0207469 0.0175060 0.1071497 0.0225348 0.0435045 0.0227348 0.2252036 0.3317845 0.1346851 0.3455597 0.1881376 0.0093589 0.0021517 0.1336234 0.0616653 0.2719130 0.2291536 0.0235818 0.0847960 0.3730804 0.1396009 0.1094182 0.0850346 0.0619828 0.0273812 0.2679795 0.0104871 0.0050259 0.0624673 0.2327388 0.3027497 0.0973683 0.0258470 0.0277867 0.1211283 0.0165467 0.0960830 0.2811774 0.3065322 
Perityle_cinerea_113_Powell1310            0.1563870 0.0000010 0.1526802 0.3896699 0.3573960 0.1714527 0.3198371 0.1570661 0.2770149 0.3949041 0.1619818 0.4026414 0.3826850 0.0000010 0.1169843 0.1052127 0.3877262 0.1458563 0.2339814 0.0000010 0.0000010 0.3961275 0.0000000 0.3815456 0.3869845 0.3826850 0.0891979 0.3463229 0.3873579 0.1680263 0.0891799 0.1313501 0.3607836 0.3891183 0.0735873 0.3719264 0.3319279 0.0661641 0.1556369 0.1052127 0.4037890 0.3873296 0.3550935 0.0000010 0.3635080 0.1689278 0.4175373 0.3895236 0.3763243 0.3421753 0.3810927 0.3984566 0.4066213 0.0968532 0.0676924 0.3841616 0.1049158 0.2162941 0.3763243 0.3863832 0.3697738 1.5962448 0.1338487 0.3094721 0.4026414 0.3638915 0.3701896 0.3970624 0.3690162 0.4352229 0.3883408 0.3801271 0.1635561 0.3814875 0.3932233 0.4136298 0.0225862 1.4526963 0.3018243 0.0000010 0.0000010 0.3609887 0.3939363 0.3657750 0.1562056 0.1408178 
Perityle_coahuilensis_24                   0.2253654 0.1397082 0.2476085 0.2203848 0.1050526 0.2777454 0.1832154 0.3121840 0.4451857 0.2149485 0.2530994 0.0386064 0.0782186 0.0193960 0.1683019 0.2691829 0.0227067 0.2662863 0.2810128 0.0327396 0.0217604 0.0290634 0.3815456 0.0000000 0.0699884 0.0308061 0.2405598 0.1032045 0.0785235 0.2705982 0.3581866 0.2727765 0.1260675 0.1383653 0.3154847 0.1356678 0.0943401 0.2642991 0.2624204 0.2746312 0.0389460 0.0165552 0.1024067 0.0300119 0.1831694 0.2768543 0.0467480 0.0334837 0.0297532 0.1027750 0.0297243 0.0480298 0.0245673 0.2335056 0.3355187 0.1352030 0.3367930 0.1936023 0.0296071 0.0295634 0.1344678 0.0511808 0.2694349 0.2218864 0.0369716 0.0863607 0.3758222 0.1407140 0.1106362 0.0945496 0.0689676 0.0058204 0.2723915 0.0370672 0.0313259 0.0681625 0.2384234 0.3015368 0.0960181 0.0278460 0.0257668 0.1249676 0.0227999 0.0999706 0.2773484 0.3069007 
Perityle_cochisensis_44_cave_creek         0.3277972 0.0000010 0.3413061 0.2675226 0.1155802 0.2765535 0.2190517 0.3573942 0.5344529 0.2599443 0.3754557 0.0469584 0.0715828 0.0000010 0.1955958 0.3585534 0.0554151 0.3470877 0.3688693 0.0000010 0.0000010 0.0635717 0.3869845 0.0699884 0.0000000 0.0628170 0.4079575 0.1289765 0.1015384 0.3187673 0.3681678 0.3688966 0.1503590 0.1450819 0.3564762 0.1045710 0.1351806 0.3359803 0.3906096 0.3567982 0.0617889 0.0724267 0.1407011 0.0000010 0.1753324 0.4128901 0.0659753 0.0676134 0.0642575 0.1286284 0.0489028 0.0693169 0.0565861 0.4013325 0.4974648 0.1655304 0.3381803 0.1785934 0.0621801 0.0659373 0.1574243 0.0370145 0.3455732 0.2375654 0.0686164 0.0835562 0.4961499 0.1851836 0.1252676 0.0743466 0.0514994 0.0682619 0.3510254 0.0449826 0.0426238 0.0347638 0.3634670 0.5657775 0.1137183 0.0000010 0.0000010 0.1258975 0.0562065 0.1174315 0.3566028 0.3540300 
Perityle_congesta_202                      0.2244557 0.1454311 0.2408845 0.2191029 0.1022858 0.2709394 0.1856386 0.3069086 0.4479508 0.2106855 0.2455623 0.0334898 0.0639523 0.0283435 0.1463131 0.2643943 0.0167428 0.2627055 0.2688193 0.0390094 0.0238486 0.0185822 0.3826850 0.0308061 0.0628170 0.0000000 0.2375263 0.0962004 0.0772649 0.2614451 0.3534361 0.2653410 0.1231495 0.1336131 0.3139094 0.1214467 0.0899151 0.2560816 0.2583268 0.2722835 0.0328564 0.0308266 0.1026831 0.0139105 0.1753380 0.2715964 0.0385230 0.0182448 0.0074776 0.1030613 0.0204881 0.0349534 0.0168765 0.2283726 0.3238566 0.1329938 0.3333736 0.1729978 0.0138481 0.0185281 0.1301280 0.0511726 0.2678413 0.2182975 0.0304020 0.0847234 0.3836360 0.1378294 0.1090648 0.0725482 0.0562446 0.0291458 0.2678071 0.0248305 0.0198580 0.0597544 0.2295170 0.3030317 0.0909595 0.0361528 0.0339320 0.1222905 0.0131604 0.0875786 0.2697052 0.3001318 
Perityle_cordifolia_27                     0.1263646 0.1149707 0.1242516 0.2926638 0.2825285 0.1093085 0.2286506 0.1877278 0.4249915 0.2659818 0.1178006 0.2325349 0.3497534 0.1159454 0.1904005 0.1576210 0.2320310 0.1622566 0.1402589 0.1273896 0.1080082 0.2322367 0.0891979 0.2405598 0.4079575 0.2375263 0.0000000 0.2897873 0.2980120 0.1458261 0.1349573 0.1321522 0.2455295 0.2872097 0.1680779 0.2766722 0.1909518 0.1377731 0.1170764 0.1700087 0.3010351 0.2374533 0.2099191 0.1172676 0.3323589 0.1208234 0.3003221 0.2363717 0.2396844 0.1974831 0.3292837 0.3068833 0.2372330 0.0599501 0.1354139 0.2566078 0.0726007 0.2889840 0.2313560 0.2312485 0.2758091 0.4533010 0.1751598 0.2665203 0.2363889 0.2118958 0.3592930 0.2164948 0.2089909 0.3876677 0.3507564 0.2394096 0.1701352 0.2817241 0.2285078 0.3351705 0.1157114 0.2260424 0.2997694 0.1127190 0.0962751 0.2918520 0.3226943 0.2841238 0.1409582 0.1540669 
Perityle_cordifolia_68_tecolote            0.2776264 0.0000010 0.2833896 0.2131268 0.1145278 0.3009772 0.2168411 0.3638614 0.4880389 0.2203247 0.2862052 0.1028642 0.1195507 0.0820187 0.1575582 0.2853678 0.0934037 0.2863939 0.3296438 0.0000010 0.1372471 0.1044302 0.3463229 0.1032045 0.1289765 0.0962004 0.2897873 0.0000000 0.1016624 0.2816162 0.3510505 0.3125311 0.1509913 0.1351772 0.3379603 0.0972871 0.1205586 0.2698495 0.3124950 0.2908410 0.0885171 0.1041985 0.1302148 0.1309115 0.2102131 0.3223667 0.0913092 0.1008387 0.1000432 0.1252481 0.0944964 0.0992870 0.0964956 0.3010992 0.4179373 0.1386484 0.2906958 0.1934007 0.0986527 0.1049159 0.1487044 0.0764218 0.2906942 0.2313451 0.1079480 0.1034686 0.3819522 0.1578470 0.1198615 0.1177620 0.1184590 0.1014771 0.2761561 0.0975512 0.0965080 0.1111206 0.3275001 0.4570718 0.1054968 0.1374945 0.1366759 0.1492992 0.0914101 0.0793106 0.3138751 0.3463936 
Perityle_coronopifolia_28_patagonia        0.2844201 0.0000010 0.2977790 0.2257379 0.0972850 0.2989678 0.1834352 0.3841303 0.5245792 0.2133404 0.3008795 0.0886858 0.0997981 0.0708897 0.1595356 0.2882450 0.0711599 0.2894235 0.3321638 0.0000010 0.1374966 0.0786473 0.3873579 0.0785235 0.1015384 0.0772649 0.2980120 0.1016624 0.0000000 0.3157067 0.3754169 0.3198498 0.1383290 0.1377400 0.3525195 0.1139520 0.1009560 0.2810250 0.3184720 0.2879828 0.0696137 0.0801374 0.0977419 0.1398890 0.1844375 0.3328151 0.0728027 0.0808201 0.0770821 0.0998016 0.0707716 0.0800969 0.0794086 0.2959287 0.4382696 0.1341381 0.3342412 0.2033962 0.0743491 0.0786582 0.0940633 0.0765838 0.2784921 0.2594267 0.0840848 0.0346134 0.4173740 0.1510758 0.1180646 0.1050593 0.0996905 0.0762585 0.2944504 0.0788733 0.0794597 0.0930864 0.3645240 0.4165790 0.0737304 0.1286454 0.1199626 0.0918287 0.0653551 0.1021273 0.3235299 0.3547743 
Perityle_crassifolia_70_ventanas           0.1495984 0.1798171 0.1636630 0.2985210 0.2893080 0.1506444 0.2678535 0.1713634 0.3361659 0.3283597 0.1571933 0.2725268 0.2955453 0.1438052 0.2180193 0.1710507 0.2672882 0.1688924 0.1697534 0.1993271 0.1434666 0.2585611 0.1680263 0.2705982 0.3187673 0.2614451 0.1458261 0.2816162 0.3157067 0.0000000 0.0332446 0.1510675 0.2935680 0.3054340 0.1751292 0.3006333 0.2466386 0.1502255 0.1648545 0.1730905 0.2945661 0.2676855 0.2722442 0.1379569 0.3450790 0.1719269 0.2982760 0.2634562 0.2590030 0.2725892 0.3078510 0.2979028 0.2675702 0.1273369 0.2290532 0.3024685 0.1356911 0.3283658 0.2574609 0.2559527 0.3238737 0.3002351 0.1797758 0.2703607 0.2765865 0.2820310 0.3212668 0.2735493 0.2773591 0.3440516 0.3050847 0.2678237 0.1014817 0.2820058 0.2594160 0.3001312 0.1338804 0.3430414 0.2758419 0.1435863 0.1374911 0.2915017 0.3047862 0.2879891 0.1552277 0.2152303 
Perityle_crassifolia_74_playa_balandra     0.1331837 0.0000010 0.1392214 0.3849533 0.3447144 0.1222183 0.3162640 0.1631691 0.3642934 0.3672532 0.1490390 0.3781583 0.3495484 0.0000010 0.1718142 0.0948996 0.3614987 0.0959438 0.1887892 0.0000010 0.0000010 0.3679317 0.0891799 0.3581866 0.3681678 0.3534361 0.1349573 0.3510505 0.3754169 0.0332446 0.0000000 0.1192191 0.3392679 0.3672532 0.0773731 0.3498633 0.2847378 0.0857886 0.1696480 0.0948996 0.3647338 0.3532617 0.3612317 0.0000010 0.3613469 0.1790714 0.3794176 0.3496832 0.3531319 0.3496514 0.3528636 0.3823042 0.3689504 0.1241897 0.0831524 0.3867430 0.1428195 0.3328775 0.3534361 0.3608865 0.3713129 0.0000010 0.1246756 0.2440106 0.3735391 0.3546591 0.2800676 0.3674331 0.3742078 0.3966016 0.3623319 0.3533114 0.0177203 0.3573373 0.3620455 0.3749956 0.0842687 0.7341691 0.3201940 0.0000010 0.0000010 0.3586474 0.3532718 0.3453271 0.1069470 0.1423310 
Perityle_cuneata_34_cuneata_San_antonio    0.1223823 0.0404391 0.1266289 0.3343292 0.2839329 0.0667789 0.2392367 0.1650250 0.3736166 0.3216335 0.1246689 0.2687777 0.3525256 0.1103021 0.1896305 0.1203949 0.2685219 0.0940745 0.1027451 0.0988950 0.1053687 0.2690063 0.1313501 0.2727765 0.3688966 0.2653410 0.1321522 0.3125311 0.3198498 0.1510675 0.1192191 0.0000000 0.2818974 0.2962364 0.1504158 0.2991737 0.2457307 0.1321756 0.1109361 0.1274282 0.3092305 0.2740963 0.2643887 0.1053575 0.3044013 0.1179138 0.3100870 0.2728489 0.2675514 0.2543830 0.3152639 0.3073223 0.2657381 0.1265081 0.1914933 0.2745209 0.1052756 0.2824188 0.2608042 0.2679906 0.2957183 0.2556309 0.1347120 0.2333760 0.2824145 0.2646274 0.3274395 0.2637929 0.2712707 0.3181295 0.2961499 0.2702707 0.1541957 0.2906673 0.2556401 0.3310762 0.0838353 0.3013099 0.2874886 0.0908214 0.1001035 0.3111467 0.3127118 0.2993175 0.0730823 0.1508699 
Perityle_cuneata_4                         0.2306107 0.1103114 0.2481765 0.2282877 0.1182861 0.2860292 0.2193068 0.2815215 0.5031224 0.2051608 0.2650475 0.1361702 0.1455694 0.0909324 0.2063595 0.2626105 0.1226697 0.2550103 0.2891095 0.0995414 0.0824159 0.1278835 0.3607836 0.1260675 0.1503590 0.1231495 0.2455295 0.1509913 0.1383290 0.2935680 0.3392679 0.2818974 0.0000000 0.1400229 0.3278147 0.1658005 0.1308684 0.2600446 0.2679129 0.2663116 0.1378897 0.1229046 0.1310682 0.0876222 0.2258349 0.2798749 0.1391620 0.1282514 0.1207324 0.1327271 0.1403843 0.1461979 0.1221400 0.2333013 0.3452675 0.1820861 0.3345763 0.2540796 0.1259034 0.1271432 0.1837106 0.0873419 0.2657613 0.2523913 0.1341654 0.1331973 0.4033802 0.1793768 0.1443462 0.1823850 0.1613809 0.1241366 0.2661261 0.1377743 0.1257736 0.1423163 0.2388371 0.3556704 0.1418795 0.0919047 0.0962536 0.1689757 0.1366334 0.1436318 0.2776672 0.2873512 
Perityle_discoidea_81                      0.2633359 0.0000010 0.2817267 0.2229996 0.1251596 0.2706733 0.1983724 0.3417125 0.5067049 0.0888507 0.2919904 0.1492718 0.1279240 0.1151445 0.1834385 0.2848699 0.1358291 0.2735341 0.3045584 0.0000010 0.1389887 0.1456703 0.3891183 0.1383653 0.1450819 0.1336131 0.2872097 0.1351772 0.1377400 0.3054340 0.3672532 0.2962364 0.1400229 0.0000000 0.3323990 0.1530464 0.1437803 0.2703622 0.3035586 0.2869428 0.1303245 0.1352639 0.1520470 0.1569189 0.2280609 0.3209090 0.1339707 0.1402456 0.1333214 0.1566078 0.1394211 0.1313893 0.1346930 0.2762049 0.4289730 0.1676621 0.3300923 0.2356475 0.1432995 0.1457825 0.1749389 0.0990738 0.2850035 0.2684646 0.1495803 0.1429976 0.4084948 0.1822079 0.1504282 0.1619510 0.1525488 0.1348515 0.2809798 0.1431124 0.1443439 0.1353971 0.3889674 0.4725929 0.1351417 0.1479525 0.1380839 0.1762881 0.1356837 0.1372864 0.2992022 0.3626565 
Perityle_dissecta_201                      0.1779407 0.0609113 0.1928765 0.3609226 0.3218243 0.1444399 0.2366331 0.1705900 0.3695170 0.3705713 0.1731890 0.3122800 0.3770923 0.3577408 0.2022002 0.1664043 0.3042650 0.1647978 0.1407055 0.1295633 0.3709317 0.3172718 0.0735873 0.3154847 0.3564762 0.3139094 0.1680779 0.3379603 0.3525195 0.1751292 0.0773731 0.1504158 0.3278147 0.3323990 0.0000000 0.3375713 0.3082599 0.0925646 0.1957623 0.1755465 0.3325975 0.3199906 0.3234438 0.3806685 0.3247559 0.2004325 0.3400158 0.3156547 0.3155054 0.3119800 0.3008134 0.3408010 0.3135215 0.1664276 0.1144690 0.3203197 0.0999474 0.3137266 0.3113093 0.3172700 0.2905426 0.3051717 0.1853880 0.2492604 0.3220760 0.3291339 0.3950914 0.3119763 0.3357346 0.3159051 0.3393102 0.3138026 0.1774043 0.3401839 0.3128702 0.3677037 0.0438238 0.3156242 0.3288613 0.3611128 0.3712110 0.3011777 0.2970198 0.3293622 0.1224247 0.1719363 
Perityle_emoryi_47_punta_san_jose          0.2766683 0.2335738 0.2796910 0.2303933 0.1254488 0.2755299 0.1966217 0.3026771 0.4762402 0.2016534 0.2877086 0.1316263 0.0998645 0.1934097 0.1659935 0.2533511 0.1192701 0.2452639 0.2993340 0.2189221 0.1882111 0.1301637 0.3719264 0.1356678 0.1045710 0.1214467 0.2766722 0.0972871 0.1139520 0.3006333 0.3498633 0.2991737 0.1658005 0.1530464 0.3375713 0.0000000 0.1491591 0.2393453 0.2996361 0.2601962 0.0950879 0.1304379 0.1596797 0.1950362 0.1946458 0.3128792 0.0985958 0.1291802 0.1190885 0.1596443 0.0984748 0.1047338 0.1243912 0.2680711 0.3649831 0.1530470 0.3426728 0.1915790 0.1219950 0.1294153 0.1594193 0.0583061 0.2594315 0.1948499 0.1303438 0.1435033 0.3757664 0.1890676 0.1576064 0.1111588 0.1234444 0.1336998 0.2584363 0.1080087 0.1280726 0.1000225 0.2438480 0.3649491 0.1175289 0.2025080 0.2011383 0.1469915 0.0958799 0.0246536 0.2964427 0.2842527 
Perityle_feddemae_99                       0.2012273 0.0686030 0.2206349 0.2208410 0.1014510 0.2757889 0.1831146 0.2775163 0.4216013 0.2217174 0.2100793 0.1038047 0.1316374 0.1108320 0.1714379 0.2546532 0.0864290 0.2459932 0.2450843 0.1167062 0.1077193 0.0971746 0.3319279 0.0943401 0.1351806 0.0899151 0.1909518 0.1205586 0.1009560 0.2466386 0.2847378 0.2457307 0.1308684 0.1437803 0.3082599 0.1491591 0.0000000 0.2565830 0.2237298 0.2669937 0.0919507 0.0937500 0.0241498 0.1153627 0.1489298 0.2303823 0.0972168 0.0949692 0.0894524 0.0216967 0.0848499 0.0984044 0.0878410 0.1936724 0.3204148 0.1281801 0.2767918 0.1865629 0.0935969 0.0962285 0.1258526 0.0773804 0.2644394 0.1662359 0.1027804 0.0840573 0.3497740 0.1151755 0.0910724 0.1188004 0.1177849 0.0936421 0.2565107 0.0916801 0.0947289 0.1232555 0.2004016 0.2515413 0.0970531 0.1125036 0.1146249 0.1224172 0.0789106 0.1078764 0.2436348 0.2754113 
Perityle_fosteri_93                        0.1547371 0.2051889 0.1531503 0.2768406 0.2589229 0.1295098 0.2298080 0.1831609 0.3870082 0.2717379 0.1458681 0.2561698 0.2934291 0.1788728 0.1553115 0.0847769 0.2555545 0.0949836 0.1564243 0.1806027 0.1689492 0.2587099 0.0661641 0.2642991 0.3359803 0.2560816 0.1377731 0.2698495 0.2810250 0.1502255 0.0857886 0.1321756 0.2600446 0.2703622 0.0925646 0.2393453 0.2565830 0.0000000 0.1598926 0.0899529 0.2622079 0.2594044 0.2707895 0.1833092 0.3098328 0.1634822 0.2645620 0.2603671 0.2535279 0.2611552 0.2948013 0.2659113 0.2539491 0.1306815 0.1146048 0.2514740 0.1052702 0.2900603 0.2508866 0.2587420 0.2793795 0.2630509 0.0998996 0.2524353 0.2655150 0.2658761 0.2915598 0.2611297 0.2666134 0.3012555 0.3029861 0.2642800 0.1078460 0.2640706 0.2526288 0.2866183 0.0383127 0.2997465 0.2643628 0.1776809 0.1759915 0.2742595 0.2881097 0.2510183 0.1144342 0.0928566 
Perityle_gamon_221                         0.1308898 0.1509644 0.1308533 0.3054308 0.2823480 0.1044860 0.2570719 0.1675423 0.4005519 0.3226804 0.1246781 0.2568689 0.3474917 0.0760309 0.2134339 0.1644537 0.2593271 0.1543443 0.1036143 0.0831233 0.0755428 0.2607915 0.1556369 0.2624204 0.3906096 0.2583268 0.1170764 0.3124950 0.3184720 0.1648545 0.1696480 0.1109361 0.2679129 0.3035586 0.1957623 0.2996361 0.2237298 0.1598926 0.0000000 0.1693541 0.3083204 0.2634752 0.2478875 0.0833004 0.3404875 0.0229115 0.3094529 0.2638451 0.2615574 0.2364086 0.3307128 0.3108033 0.2561285 0.1215765 0.2292957 0.2595893 0.1013056 0.2881026 0.2582336 0.2611332 0.3000431 0.2218801 0.1798319 0.2390685 0.2637435 0.2523582 0.3194004 0.2484984 0.2490264 0.3133861 0.3355127 0.2612738 0.1671224 0.2836247 0.2538561 0.3347430 0.1174534 0.3036205 0.2954747 0.0757690 0.0754129 0.3031123 0.3266192 0.2957419 0.1325485 0.1781665 
Perityle_gentryi_8_san_francisco           0.1691574 0.2377775 0.1187599 0.2927793 0.2595724 0.1012330 0.2452907 0.1788163 0.3805673 0.2854408 0.1540669 0.2762474 0.3131401 0.2015719 0.2035563 0.0130653 0.2703096 0.1011100 0.1368924 0.1960438 0.1915315 0.2754484 0.1052127 0.2746312 0.3567982 0.2722835 0.1700087 0.2908410 0.2879828 0.1730905 0.0948996 0.1274282 0.2663116 0.2869428 0.1755465 0.2601962 0.2669937 0.0899529 0.1693541 0.0000000 0.2794512 0.2708591 0.2802630 0.2043567 0.3258252 0.1720012 0.2807832 0.2751205 0.2725272 0.2718196 0.3086506 0.2809739 0.2737365 0.1623129 0.1759559 0.2633456 0.1229336 0.3108381 0.2677594 0.2737918 0.2953626 0.2898465 0.0675063 0.2683555 0.2811123 0.2764893 0.3091501 0.2898308 0.2841199 0.3173276 0.3243312 0.2736431 0.1382678 0.2801888 0.2738228 0.3060572 0.0612833 0.3361707 0.2808195 0.1944947 0.1901511 0.2910861 0.2998458 0.2783115 0.1076410 0.1068879 
Perityle_gilensis_22_Superstition          0.2753800 0.0000010 0.2856632 0.2174560 0.0977665 0.2894924 0.1868802 0.3734197 0.4998937 0.2061072 0.2947282 0.0397854 0.0573194 0.0805833 0.1446483 0.2741191 0.0279883 0.2817100 0.3146979 0.0000010 0.1346559 0.0349450 0.4037890 0.0389460 0.0617889 0.0328564 0.3010351 0.0885171 0.0696137 0.2945661 0.3647338 0.3092305 0.1378897 0.1303245 0.3325975 0.0950879 0.0919507 0.2622079 0.3083204 0.2794512 0.0000000 0.0396551 0.1014878 0.1291415 0.1820282 0.3231088 0.0267026 0.0382683 0.0334686 0.1026388 0.0211973 0.0307473 0.0328158 0.2984915 0.4298304 0.1231284 0.3386295 0.1734297 0.0334032 0.0355584 0.1274727 0.0581021 0.2793385 0.2386381 0.0418798 0.0763744 0.3924318 0.1478729 0.1115891 0.0789371 0.0581942 0.0368568 0.2825713 0.0312834 0.0336646 0.0467834 0.3659289 0.4232731 0.0851546 0.1348940 0.1341074 0.1232937 0.0175766 0.0805953 0.3040662 0.3522958 
Perityle_gilensis_salensis_225             0.2216348 0.1301760 0.2432848 0.2223690 0.1044192 0.2782087 0.1906012 0.3121487 0.4497747 0.2144976 0.2519804 0.0380692 0.0796874 0.0107453 0.1676921 0.2652669 0.0210693 0.2675188 0.2794680 0.0206625 0.0098307 0.0285367 0.3873296 0.0165552 0.0724267 0.0308266 0.2374533 0.1041985 0.0801374 0.2676855 0.3532617 0.2740963 0.1229046 0.1352639 0.3199906 0.1304379 0.0937500 0.2594044 0.2634752 0.2708591 0.0396551 0.0000000 0.1018049 0.0199174 0.1833695 0.2779282 0.0488919 0.0329683 0.0297730 0.1022198 0.0312883 0.0529741 0.0273831 0.2282903 0.3347711 0.1337277 0.3369994 0.1895010 0.0302053 0.0290244 0.1364374 0.0546293 0.2673422 0.2204196 0.0370131 0.0827867 0.3769464 0.1382994 0.1076045 0.0878459 0.0698013 0.0160097 0.2693117 0.0371024 0.0290420 0.0696483 0.2384388 0.2990897 0.0961634 0.0218529 0.0197871 0.1235809 0.0265488 0.0977961 0.2807945 0.3021203 
Perityle_glaucescens_94                    0.2130562 0.0685126 0.2360104 0.2351452 0.1116714 0.2852842 0.1977332 0.3043891 0.4695260 0.2222703 0.2312890 0.1112467 0.1370044 0.1052274 0.1858528 0.2696832 0.0959647 0.2646905 0.2660521 0.1229218 0.1027727 0.1049966 0.3550935 0.1024067 0.1407011 0.1026831 0.2099191 0.1302148 0.0977419 0.2722442 0.3612317 0.2643887 0.1310682 0.1520470 0.3234438 0.1596797 0.0241498 0.2707895 0.2478875 0.2802630 0.1014878 0.1018049 0.0000000 0.1125142 0.1366965 0.2593931 0.1093225 0.1073172 0.1010408 0.0226315 0.0976690 0.1125442 0.0990651 0.2058261 0.3346269 0.1530161 0.3286564 0.2157071 0.1032031 0.1041333 0.1475587 0.0800624 0.2785155 0.2264148 0.1106615 0.0834372 0.4147406 0.1397114 0.1048614 0.1308052 0.1271856 0.1017789 0.2781885 0.1027542 0.1030965 0.1297437 0.2430877 0.2762231 0.0954281 0.1074978 0.1096054 0.1288781 0.0947252 0.1223272 0.2680902 0.3007072 
Perityle_gracilis_11                       0.1197950 0.1298799 0.1085101 0.2094153 0.1398490 0.3708398 0.1853877 0.0521272 0.3051996 0.1893507 0.0986874 0.0364056 0.1374688 0.0216500 0.1055268 0.1741370 0.0205936 0.2135387 0.0768208 0.0297167 0.0178934 0.0039351 0.0000010 0.0300119 0.0000010 0.0139105 0.1172676 0.1309115 0.1398890 0.1379569 0.0000010 0.1053575 0.0876222 0.1569189 0.3806685 0.1950362 0.1153627 0.1833092 0.0833004 0.2043567 0.1291415 0.0199174 0.1125142 0.0000000 0.7543370 0.0904285 0.1291415 0.0039386 0.0060093 0.1152748 0.0000010 0.1291189 0.0178497 0.1080368 0.1298565 0.1352216 0.0000010 0.0329078 0.0103536 0.0039351 0.0000010 0.0000010 0.2015595 0.0687269 0.0363145 0.1195554 0.1635747 0.1164860 0.1175159 0.0000010 0.3945911 0.0280299 0.1976780 0.0498974 0.0078983 0.1291415 0.1294560 0.1343883 0.1562815 0.0280806 0.0320899 0.0000010 0.0000010 0.1291415 0.1886734 0.2231659 
