86
Amauria_brandeegeana_62                    0.0000000 0.1138723 0.4920262 0.3027583 0.5852638 0.4393702 0.3354342 0.3273450 0.4269098 0.3455831 0.2018029 0.4348705 0.3212479 0.4798435 0.3877973 0.3397000 0.2130914 0.4055176 0.5693400 0.5438897 0.5868450 0.3134457 0.1707980 0.3026489 0.5149664 0.2953854 0.5415816 0.5461258 0.5868658 0.2586954 0.1237722 0.2948332 0.6071013 0.3073704 0.5405329 0.3428888 0.3006725 0.5375638 0.4907802 0.3383751 0.3583212 0.2919519 0.2935960 0.1827655 0.5061730 0.2313832 0.2984056 0.3297633 0.3171632 0.2964781 0.2425157 0.5280571 0.5566121 0.4316054 0.3146294 0.3047063 0.2042065 0.4376080 0.3122402 0.6116840 0.6484234 0.3696598 0.3411285 0.1284554 0.3074626 0.6007934 0.4810411 0.3197682 0.2281734 0.1612793 0.4555584 0.3109987 0.3412407 0.2943229 0.3054711 0.2558905 0.1128995 0.6213042 0.5904264 0.5548884 0.5928451 0.3219045 0.2366794 0.3067041 0.3744260 0.3748958 
Amauria_carterae_99_mesa                   0.1138723 0.0000000 0.2119350 0.1715979 0.1980536 0.3803708 0.1961001 0.2186355 0.2182429 0.1377490 0.1098258 0.2050211 0.0726926 0.2243520 0.1993656 0.1213837 0.0924350 0.2351631 0.2245156 0.2007588 0.1965566 0.0806826 0.1948191 0.1128865 0.2103862 0.1012596 0.2057852 0.2088168 0.2353917 0.1455021 0.1455021 0.1091741 0.2573708 0.1459779 0.1964377 0.1489116 0.1575976 0.2002997 0.1961852 0.1060416 0.1105484 0.1049845 0.1435625 0.0930709 0.2004913 0.1017562 0.1126837 0.0969166 0.0806826 0.1447142 0.0935537 0.1973509 0.2000956 0.2056328 0.1160234 0.1061070 0.2031331 0.2145118 0.1011879 0.2951232 0.3471491 0.3745570 0.1150299 0.1158100 0.0897710 0.2356619 0.2055542 0.1301412 0.1133424 0.1966951 0.2010582 0.1167099 0.1369837 0.1011879 0.1178693 0.0985628 0.1014096 0.2222205 0.2852173 0.2112059 0.2022230 0.2189879 0.0856351 0.1256488 0.2503561 0.2503561 
Amauria_rotundifolia_SRR9119150            0.4920262 0.2119350 0.0000000 0.4768333 0.1600736 0.3984975 0.4678638 0.3403869 0.2803031 0.4591808 0.4806778 0.0831559 0.4345251 0.0806646 0.0779160 0.4634472 0.5133878 0.0993138 0.2295440 0.1817189 0.1779703 0.4143144 0.0893420 0.4332565 0.1215854 0.4342404 0.1361817 0.2351625 0.1978945 0.3345797 0.2283327 0.3408127 0.2414154 0.3989221 0.1339308 0.3624833 0.4211699 0.1285494 0.2337822 0.4611598 0.3720416 0.4130014 0.4076310 0.2998297 0.1880571 0.4697988 0.4171471 0.4588594 0.4485098 0.4142638 0.3665392 0.1336932 0.1373949 0.0807141 0.3276991 0.4249826 0.0613763 0.0810533 0.4559168 0.1894316 0.3132502 0.3449204 0.4029576 0.0523525 0.4265772 0.1892994 0.1363411 0.4158356 0.4809957 0.0632723 0.1267471 0.4512702 0.4421448 0.4437574 0.4285782 0.3813357 0.2026335 0.2106558 0.4118114 0.1356824 0.1772495 0.1212020 0.3578158 0.4572017 0.1399949 0.1418826 
Conoclinium_coelestinum_SRR9119114         0.3027583 0.1715979 0.4768333 0.0000000 0.4678254 0.5074813 0.1633938 0.2540714 0.4115880 0.3451326 0.2840169 0.3697198 0.3397012 0.4338603 0.2952562 0.3477094 0.2670879 0.3586534 0.4165334 0.4321167 0.4761539 0.3330129 0.1942293 0.3427394 0.4719843 0.3611884 0.4712269 0.4768292 0.4249865 0.2777316 0.1861427 0.2412892 0.5219613 0.3473620 0.4522674 0.2537507 0.3002597 0.4799729 0.4661790 0.3557574 0.3649242 0.3319775 0.3016892 0.2496488 0.3956708 0.2768353 0.3388875 0.3554298 0.3559905 0.3005404 0.2696871 0.4429240 0.4696894 0.3885246 0.2689308 0.3212512 0.2768893 0.4382584 0.3653956 0.5144843 0.4995880 0.4024485 0.3538531 0.1386776 0.3241482 0.5071052 0.3875302 0.3165533 0.2813670 0.2503007 0.4086286 0.3706957 0.3274656 0.3429008 0.3431521 0.3406145 0.1880814 0.4681479 0.4820982 0.4752279 0.5099674 0.4254663 0.3007007 0.3293608 0.3284244 0.3295505 
Eutetras_palmeri_63                        0.5852638 0.1980536 0.1600736 0.4678254 0.0000000 0.3859558 0.4835353 0.3308365 0.3223698 0.5500307 0.5636793 0.1875880 0.4833934 0.1655683 0.1592361 0.5231308 0.5530650 0.1972614 0.2676016 0.2576885 0.3107867 0.4760417 0.0979454 0.4847000 0.1924451 0.4875160 0.2036498 0.3105096 0.1620147 0.4331507 0.2524191 0.4642902 0.2774162 0.5045733 0.2027823 0.4926185 0.4823746 0.2099645 0.2657136 0.5312629 0.4971066 0.4759400 0.4654666 0.3521696 0.2367429 0.5243210 0.4772321 0.5003703 0.4914640 0.4697467 0.3963487 0.2050639 0.2058678 0.1894317 0.4373746 0.4699724 0.0674818 0.1249299 0.4996639 0.2643151 0.2743656 0.3310169 0.4975833 0.0451041 0.5036810 0.1716550 0.1569930 0.4700257 0.5518151 0.0671721 0.1393437 0.4943251 0.5196538 0.5073132 0.4991871 0.4519033 0.1994315 0.1451134 0.4261245 0.2136428 0.2669054 0.1105361 0.4329085 0.5063070 0.1477816 0.1497283 
Eutetras_pringlei_149_quer                 0.4393702 0.3803708 0.3984975 0.5074813 0.3859558 0.0000000 0.4618241 0.4136821 0.4756975 0.4589564 0.4712420 0.3424394 0.4546869 0.4063941 0.4114581 0.4601158 0.4891978 0.3813035 0.4620210 0.4275282 0.2238033 0.4545350 0.3697955 0.4643014 0.4127011 0.4648913 0.4340120 0.4178367 0.4079600 0.4470420 0.3703232 0.3783337 0.4378303 0.4715353 0.4204900 0.2932060 0.4631073 0.4296057 0.4271659 0.4508397 0.2809140 0.4698529 0.4689159 0.4596644 0.4068597 0.4805018 0.4772329 0.4747809 0.4655077 0.4660204 0.4525995 0.4222309 0.4242034 0.4139001 0.2890714 0.4114675 0.3943681 0.4135296 0.4702757 0.4500027 0.4197924 0.3882997 0.4434478 0.1792878 0.4825829 0.4210032 0.4262595 0.4395689 0.4545034 0.3476745 0.4293332 0.4643014 0.4470635 0.4890553 0.4691943 0.4644406 0.3966810 0.4197231 0.4077289 0.4205567 0.4399885 0.4116565 0.4748017 0.4644434 0.3403192 0.3362711 
Eutrochium_fistulosum_SRR9119106           0.3354342 0.1961001 0.4678638 0.1633938 0.4835353 0.4618241 0.0000000 0.3122339 0.3894366 0.4000716 0.3364489 0.3759342 0.3450530 0.4002731 0.2769338 0.3708834 0.2841385 0.3694555 0.4565482 0.4543561 0.5002140 0.3452930 0.1768751 0.3732177 0.4506126 0.3486263 0.4871525 0.4963846 0.4726575 0.2883650 0.2367651 0.2770559 0.5331516 0.3748142 0.4670023 0.3363987 0.3282173 0.4835101 0.4764155 0.3818717 0.4550835 0.3625273 0.3235633 0.2342858 0.4428153 0.3036850 0.3680558 0.3578796 0.3616454 0.3188071 0.3096359 0.4681606 0.4875556 0.3603672 0.3769953 0.3462427 0.2942018 0.4395847 0.3642548 0.5103817 0.5035007 0.4512865 0.3698169 0.1380101 0.3700591 0.5037212 0.4201316 0.3289194 0.3246638 0.2230517 0.4298829 0.3907460 0.3702802 0.3495187 0.3497306 0.3297090 0.1932455 0.4884308 0.5130900 0.4775007 0.5181238 0.4105078 0.2949530 0.3679504 0.3611259 0.3627040 
Galeana_pratensis_104_mex                  0.3273450 0.2186355 0.3403869 0.2540714 0.3308365 0.4136821 0.3122339 0.0000000 0.3491282 0.3316141 0.3286722 0.3729638 0.2515110 0.3772835 0.3241939 0.3452558 0.2483989 0.3530853 0.3964058 0.3641864 0.4793603 0.2710370 0.2021083 0.2963840 0.3639122 0.2703010 0.3710891 0.3557513 0.3716543 0.3326922 0.2817561 0.3097267 0.3925118 0.3362953 0.3642005 0.3534755 0.3290951 0.3507718 0.3513508 0.3347292 0.4388092 0.2981357 0.3264941 0.2549297 0.3262078 0.3337402 0.3006937 0.2825250 0.2627834 0.3360780 0.3096372 0.3522713 0.3633096 0.3574143 0.4384702 0.3316016 0.3122377 0.3674913 0.2624374 0.4122164 0.3986595 0.4273305 0.2967567 0.1229658 0.3016916 0.3596057 0.3566195 0.3363047 0.3099243 0.2531818 0.3471261 0.3039467 0.3151270 0.2624374 0.2780872 0.2620327 0.2132943 0.3539587 0.3898821 0.3778175 0.3675565 0.3179378 0.2615142 0.3000508 0.3679194 0.3747213 
Helianthus_annuus_SRR9119062               0.4269098 0.2182429 0.2803031 0.4115880 0.3223698 0.4756975 0.3894366 0.3491282 0.0000000 0.4867437 0.4509613 0.2753265 0.4289836 0.3310469 0.2535857 0.4576944 0.4439073 0.2343017 0.3736797 0.3468351 0.3890735 0.4353470 0.1444183 0.4375010 0.3324159 0.4297219 0.3221260 0.3730304 0.3640844 0.4437867 0.2397375 0.3786229 0.3519360 0.4851262 0.3094154 0.4601085 0.4491334 0.3291441 0.3194793 0.4612912 0.4940660 0.4338724 0.4368117 0.4071089 0.2958037 0.4521260 0.4432442 0.4399439 0.4424490 0.4527977 0.4393982 0.3210833 0.3280732 0.2484957 0.4761959 0.4353961 0.1388142 0.2717918 0.4164008 0.3423755 0.4057554 0.3047328 0.4559899 0.1074449 0.4642291 0.3685886 0.3102311 0.4317266 0.4540629 0.1313785 0.3034145 0.4302192 0.4781471 0.4426940 0.4335716 0.4184474 0.2245265 0.3246693 0.4145705 0.3367157 0.3472452 0.2695152 0.4377841 0.4591917 0.2594974 0.2637755 
Lycapsus_tenuifolius_17                    0.3455831 0.1377490 0.4591808 0.3451326 0.5500307 0.4589564 0.4000716 0.3316141 0.4867437 0.0000000 0.3194256 0.4271314 0.2166829 0.4371235 0.3910516 0.2247002 0.2919769 0.4469662 0.5383375 0.5126421 0.5592988 0.1770890 0.1762751 0.1410683 0.4900651 0.1853242 0.5231830 0.5479695 0.5803736 0.0496948 0.0285397 0.2728984 0.5890254 0.0055932 0.5116528 0.0130635 0.1786050 0.5005026 0.5143724 0.2251774 0.1499629 0.1341380 0.1712468 0.1391608 0.5015879 0.2944703 0.1350154 0.2307543 0.2223290 0.1716799 0.1383065 0.4927355 0.5194967 0.4319857 0.1478970 0.1483361 0.2440843 0.4155253 0.1827110 0.5693181 0.6198886 0.4470648 0.2676318 0.1092187 0.1509619 0.6028729 0.4428846 0.1495570 0.2756603 0.2058722 0.4151458 0.1922046 0.0187597 0.1438287 0.1421751 0.1406841 0.1034709 0.5917868 0.5780106 0.5252694 0.5578209 0.3648822 0.1298930 0.1208440 0.4019095 0.3992070 
Pericome_caudata_50_silver                 0.2018029 0.1098258 0.4806778 0.2840169 0.5636793 0.4712420 0.3364489 0.3286722 0.4509613 0.3194256 0.0000000 0.4141486 0.2859456 0.4390929 0.3735958 0.3540639 0.1657780 0.4377494 0.5247258 0.4957909 0.5626958 0.2910371 0.1815342 0.2788362 0.5022439 0.2584420 0.5107270 0.5301439 0.5347327 0.2316105 0.1184119 0.2822442 0.6052672 0.2766718 0.5027297 0.3556497 0.2584787 0.4971479 0.4988069 0.3576533 0.3656453 0.2708193 0.2498982 0.1561001 0.4956142 0.2046295 0.2693452 0.2933285 0.2885511 0.2547633 0.1877632 0.4988839 0.5080276 0.4128346 0.3223795 0.2825880 0.2134105 0.4019593 0.2735069 0.5818786 0.6138238 0.4291439 0.3778117 0.1316790 0.2844698 0.5744191 0.4573693 0.2744080 0.1681605 0.2059366 0.4263410 0.2811387 0.3049666 0.2737758 0.2757454 0.2384044 0.0928468 0.5827142 0.5924276 0.5425562 0.5345823 0.3522263 0.2335202 0.2852287 0.3961190 0.3978267 
Perityle_aglossa_84_dead_horse             0.4348705 0.2050211 0.0831559 0.3697198 0.1875880 0.3424394 0.3759342 0.3729638 0.2753265 0.4271314 0.4141486 0.0000000 0.3973404 0.0389282 0.0383514 0.3881203 0.4354513 0.1761303 0.1572775 0.0235930 0.1265901 0.3890471 0.0451633 0.3971229 0.1018687 0.3958938 0.0414879 0.2789555 0.1669017 0.3848481 0.2400845 0.4250888 0.2190126 0.4276282 0.0295703 0.4185933 0.3773865 0.0354769 0.1513004 0.3818528 0.4219006 0.3800507 0.3593967 0.3106773 0.0779411 0.4072122 0.3823329 0.4149382 0.4178449 0.3710790 0.3074928 0.0295631 0.0294118 0.0376337 0.3906195 0.3633912 0.0638245 0.0730169 0.3900543 0.1194968 0.3989441 0.3658251 0.3864133 0.0191172 0.3789217 0.2458013 0.0457322 0.3879675 0.4286516 0.0215712 0.0248105 0.3973078 0.4007265 0.3983558 0.3953349 0.3729569 0.1938892 0.2327904 0.4132851 0.1536178 0.0557798 0.1086619 0.4019253 0.4104169 0.1612910 0.1602643 
Perityle_ajoensis_204                      0.3212479 0.0726926 0.4345251 0.3397012 0.4833934 0.4546869 0.3450530 0.2515110 0.4289836 0.2166829 0.2859456 0.3973404 0.0000000 0.3943371 0.3219938 0.2157757 0.2925317 0.3889664 0.4872801 0.4695312 0.5119321 0.0657947 0.1609336 0.1263284 0.4426512 0.0571850 0.4763552 0.5339522 0.4998850 0.1491269 0.0874430 0.2440116 0.5333354 0.1772103 0.4642398 0.1950758 0.1837075 0.4521914 0.4806356 0.2312763 0.1234265 0.1188893 0.1852914 0.0206323 0.4625946 0.2968397 0.1185787 0.0279173 0.0253457 0.1854317 0.0708155 0.4526744 0.4729509 0.3761595 0.0857354 0.1753641 0.2036588 0.3771765 0.0720995 0.5168094 0.5540240 0.3628083 0.2428857 0.1084757 0.1577778 0.5104448 0.3930345 0.1802371 0.2976558 0.1799406 0.3705287 0.0803180 0.2154038 0.1234167 0.1216340 0.0924138 0.0307739 0.5668856 0.5228386 0.4835355 0.5096412 0.3104632 0.0651778 0.1939182 0.3549394 0.3561956 
Perityle_ambrosiifolia_67_green            0.4798435 0.2243520 0.0806646 0.4338603 0.1655683 0.4063941 0.4002731 0.3772835 0.3310469 0.4371235 0.4390929 0.0389282 0.3943371 0.0000000 0.0502116 0.4302588 0.4758483 0.1501886 0.1788713 0.0983007 0.0893677 0.3964393 0.0539016 0.4086300 0.1015141 0.4059301 0.0517408 0.2315852 0.1701937 0.4017896 0.2412765 0.4355499 0.2129938 0.4375184 0.0445747 0.4227393 0.4177858 0.0487349 0.2130562 0.4256488 0.4263889 0.3946301 0.4016398 0.3354738 0.1471260 0.4416883 0.3970242 0.4096341 0.4100867 0.4104904 0.3524298 0.0414193 0.0476146 0.0471902 0.4254607 0.3958484 0.0818334 0.0793025 0.3969369 0.1033257 0.3165550 0.3981135 0.4643653 0.0322536 0.4212978 0.2272898 0.0504040 0.4047697 0.4456817 0.0438101 0.0413314 0.4045646 0.4203621 0.4173192 0.4074121 0.3900781 0.2064669 0.2175108 0.3638541 0.1200846 0.1104503 0.1314034 0.3997322 0.4331012 0.1650789 0.1641056 
Perityle_angustifolia_13_Eagle_creek       0.3877973 0.1993656 0.0779160 0.2952562 0.1592361 0.4114581 0.2769338 0.3241939 0.2535857 0.3910516 0.3735958 0.0383514 0.3219938 0.0502116 0.0000000 0.3489653 0.4004958 0.1401895 0.1558915 0.0434054 0.0547833 0.3274928 0.0367129 0.3319457 0.0802610 0.3271682 0.0463038 0.2358678 0.1522578 0.3940625 0.2464391 0.4143787 0.1845623 0.3975596 0.0219739 0.4174549 0.3496047 0.0330520 0.1234967 0.3405653 0.3954821 0.3223841 0.3344618 0.2878256 0.0822728 0.3728476 0.3304241 0.3363454 0.3285967 0.3442573 0.2943469 0.0275841 0.0330601 0.0339363 0.4026886 0.3347012 0.0702020 0.0620172 0.3190123 0.1129565 0.3140164 0.3515005 0.3610402 0.0126850 0.3539772 0.1854393 0.0520826 0.3370083 0.3772597 0.0179262 0.0298310 0.3294517 0.3834323 0.3348018 0.3360506 0.3187883 0.1839605 0.2171389 0.3033078 0.1292321 0.0482714 0.0859726 0.3352234 0.3685078 0.1633942 0.1623409 
Perityle_batopilensis_97                   0.3397000 0.1213837 0.4634472 0.3477094 0.5231308 0.4601158 0.3708834 0.3452558 0.4576944 0.2247002 0.3540639 0.3881203 0.2157757 0.4302588 0.3489653 0.0000000 0.3781115 0.4122721 0.5369047 0.5089411 0.4944307 0.1652940 0.1961510 0.1710673 0.4766486 0.2037514 0.5462415 0.5643650 0.5588564 0.1893175 0.1392184 0.2644708 0.5524551 0.1842406 0.5003087 0.1682168 0.2386992 0.5118591 0.5119927 0.0362284 0.0809585 0.1567878 0.2281876 0.1037685 0.4710131 0.3457674 0.1612179 0.2210482 0.2196297 0.2347875 0.1612131 0.4899754 0.5371518 0.4055424 0.0719839 0.1722160 0.2235736 0.4119553 0.2215144 0.5885215 0.6581212 0.4348448 0.2175243 0.1447222 0.1593917 0.5958454 0.4649547 0.1964196 0.3547323 0.1940615 0.4461316 0.2244551 0.2250001 0.1701002 0.1682726 0.1305938 0.1031226 0.5860082 0.6107681 0.5467101 0.5543878 0.3675281 0.0893706 0.2082607 0.3698508 0.3629217 
Perityle_bisetosa_9                        0.2130914 0.0924350 0.5133878 0.2670879 0.5530650 0.4891978 0.2841385 0.2483989 0.4439073 0.2919769 0.1657780 0.4354513 0.2925317 0.4758483 0.4004958 0.3781115 0.0000000 0.4290766 0.5596185 0.5345157 0.6521853 0.3030813 0.1528468 0.2520016 0.5131099 0.2457201 0.5304688 0.5519268 0.5627696 0.2615544 0.0969678 0.3051619 0.6150652 0.2971609 0.5299035 0.3718090 0.2540316 0.5133699 0.5387660 0.3895122 0.4607043 0.2620994 0.2514132 0.1999536 0.5455440 0.1653637 0.2585813 0.3056048 0.2999152 0.2521201 0.1988500 0.5234891 0.5333004 0.4369365 0.3853189 0.2603580 0.2339867 0.4201067 0.2473760 0.5494801 0.5536540 0.3265542 0.3835467 0.1030933 0.2128919 0.5634058 0.4839664 0.2511761 0.1683881 0.2043300 0.4549414 0.2517602 0.2849966 0.2529291 0.2563378 0.2672572 0.0959633 0.5713449 0.5006338 0.5392741 0.5704186 0.3725835 0.2716852 0.2689720 0.4004976 0.4026386 
Perityle_californica_76_positas            0.4055176 0.2351631 0.0993138 0.3586534 0.1972614 0.3813035 0.3694555 0.3530853 0.2343017 0.4469662 0.4377494 0.1761303 0.3889664 0.1501886 0.1401895 0.4122721 0.4290766 0.0000000 0.1544559 0.1478553 0.2806815 0.3930119 0.0986569 0.4026228 0.1615197 0.3907613 0.1676710 0.2533529 0.1585816 0.3937870 0.2487935 0.4349282 0.2467579 0.4474506 0.1623148 0.4788961 0.3805680 0.1705228 0.1634259 0.4096193 0.5153713 0.3899476 0.3672139 0.3129018 0.1150875 0.4057194 0.4034918 0.4037380 0.3976713 0.3750026 0.3163264 0.1608263 0.1598875 0.1712582 0.4658765 0.3888829 0.0768796 0.1288348 0.3905302 0.2418569 0.3443882 0.3062212 0.4211266 0.0526743 0.4157022 0.2232133 0.1217783 0.3998629 0.4295080 0.0710346 0.0809121 0.4030533 0.4182452 0.4073104 0.3981115 0.3866441 0.2147276 0.2206151 0.3451506 0.1723217 0.1662072 0.0904985 0.3977381 0.4234128 0.1355981 0.1373681 
Perityle_canescens_77                      0.5693400 0.2245156 0.2295440 0.4165334 0.2676016 0.4620210 0.4565482 0.3964058 0.3736797 0.5383375 0.5247258 0.1572775 0.4872801 0.1788713 0.1558915 0.5369047 0.5596185 0.1544559 0.0000000 0.2828753 0.1618689 0.4929530 0.1148596 0.4938804 0.1806969 0.4686900 0.2608431 0.3255029 0.1732116 0.4483770 0.2671693 0.3666639 0.3165742 0.4622458 0.2218930 0.3998101 0.4881542 0.2372530 0.3362176 0.5268127 0.3952243 0.4692993 0.4880084 0.3809465 0.3064968 0.4985325 0.4797078 0.5045647 0.5031640 0.4888865 0.4707155 0.2163094 0.2424576 0.1328115 0.4008915 0.4785224 0.0936470 0.1546990 0.4868228 0.3057139 0.4048681 0.3513848 0.4513088 0.0616900 0.5004371 0.1857764 0.2586540 0.4568329 0.5114416 0.0874408 0.2339616 0.4879299 0.5331967 0.5002622 0.4868591 0.4425020 0.2050066 0.2955314 0.3833632 0.2216108 0.2855850 0.1951484 0.4090671 0.5077367 0.2016594 0.2044973 
Perityle_castillonii_96                    0.5438897 0.2007588 0.1817189 0.4321167 0.2576885 0.4275282 0.4543561 0.3641864 0.3468351 0.5126421 0.4957909 0.0235930 0.4695312 0.0983007 0.0434054 0.5089411 0.5345157 0.1478553 0.2828753 0.0000000 0.0524144 0.4759386 0.0325943 0.4670689 0.1301752 0.4467162 0.1526638 0.3199980 0.2807204 0.4235958 0.2400395 0.4065323 0.2523644 0.4464306 0.1174105 0.3935785 0.4829692 0.1507700 0.2530527 0.4966062 0.3761782 0.4561805 0.4650570 0.3556926 0.1422850 0.5062311 0.4645009 0.4869633 0.4741488 0.4686639 0.4281531 0.1125753 0.1478055 0.0387213 0.3881622 0.4850321 0.0740403 0.0789425 0.4606731 0.2203782 0.4554807 0.3837559 0.4795535 0.0126806 0.4677798 0.2466268 0.1549154 0.4682255 0.5048239 0.0107134 0.1521827 0.4619698 0.4975302 0.4776345 0.4701879 0.4060404 0.1901682 0.3187593 0.4187424 0.2123555 0.0353726 0.2114283 0.3959782 0.5045359 0.1531910 0.1520939 
Perityle_cernua_84                         0.5868450 0.1965566 0.1779703 0.4761539 0.3107867 0.2238033 0.5002140 0.4793603 0.3890735 0.5592988 0.5626958 0.1265901 0.5119321 0.0893677 0.0547833 0.4944307 0.6521853 0.2806815 0.1618689 0.0524144 0.0000000 0.5189864 0.0166435 0.5126922 0.1673591 0.5160160 0.1379913 0.4464437 0.1882843 0.4963018 0.2543845 0.5914073 0.3265411 0.5545292 0.1266275 0.5171673 0.4670322 0.1292638 0.2474849 0.4936058 0.4940591 0.4828264 0.4517136 0.3761075 0.0838050 0.5704376 0.4927235 0.5233217 0.5461920 0.4554494 0.3663173 0.1302606 0.1117815 0.1331865 0.4353716 0.4432399 0.0770151 0.1779152 0.5078584 0.2286571 0.5611358 0.3955186 0.5130446 0.0126282 0.4855147 0.3548401 0.0665295 0.4573127 0.5733828 0.0245745 0.0335304 0.4961340 0.5136094 0.5377770 0.5275624 0.4991389 0.1907025 0.3840469 0.6497647 0.2412578 0.1598588 0.1229378 0.5179972 0.5308109 0.1919135 0.1919135 
Perityle_cfvillosa_25_tin                  0.3134457 0.0806826 0.4143144 0.3330129 0.4760417 0.4545350 0.3452930 0.2710370 0.4353470 0.1770890 0.2910371 0.3890471 0.0657947 0.3964393 0.3274928 0.1652940 0.3030813 0.3930119 0.4929530 0.4759386 0.5189864 0.0000000 0.1659216 0.0763952 0.4419157 0.1041421 0.4678185 0.5262518 0.5078426 0.1548872 0.0906685 0.2338520 0.5377628 0.1339024 0.4504190 0.1386356 0.1736098 0.4477279 0.5041312 0.1794346 0.0306917 0.0737152 0.1751734 0.0329135 0.4690890 0.3066312 0.0735291 0.0642985 0.0640728 0.1772833 0.0689556 0.4413478 0.4614808 0.3745186 0.0225313 0.1493959 0.2071560 0.3654659 0.1219673 0.5026663 0.5628867 0.3621231 0.2176305 0.1157840 0.1081665 0.5420661 0.3945031 0.1497545 0.2945603 0.1846694 0.3808553 0.1289179 0.1875581 0.0750592 0.0735313 0.0417039 0.0275991 0.5543442 0.5115478 0.4836317 0.5108833 0.3138553 0.0102872 0.1593992 0.3540537 0.3552955 
Perityle_cinerea_113_Powell1310            0.1707980 0.1948191 0.0893420 0.1942293 0.0979454 0.3697955 0.1768751 0.2021083 0.1444183 0.1762751 0.1815342 0.0451633 0.1609336 0.0539016 0.0367129 0.1961510 0.1528468 0.0986569 0.1148596 0.0325943 0.0166435 0.1659216 0.0000000 0.1758856 0.0409313 0.1605272 0.0367031 0.0590199 0.1205192 0.1862838 0.1862838 0.1662837 0.1297150 0.1870484 0.0367700 0.1068318 0.1943294 0.0325433 0.0752117 0.1864437 0.1031463 0.1706715 0.1777113 0.1555854 0.0843648 0.1673780 0.1752756 0.1858482 0.1659216 0.1790570 0.1651478 0.0368570 0.0450637 0.0326054 0.0953054 0.1917056 0.0623731 0.0410329 0.1605272 0.0535062 0.1295213 0.1871061 0.1830777 0.0063089 0.1662803 0.1157348 0.0368029 0.1749892 0.1807271 0.0128036 0.0326389 0.1756665 0.1755371 0.1703055 0.1703234 0.1570671 0.1604896 0.1112648 0.1313808 0.0672239 0.0336782 0.1211658 0.1731866 0.1624068 0.1311825 0.1316641 
Perityle_coahuilensis_24                   0.3026489 0.1128865 0.4332565 0.3427394 0.4847000 0.4643014 0.3732177 0.2963840 0.4375010 0.1410683 0.2788362 0.3971229 0.1263284 0.4086300 0.3319457 0.1710673 0.2520016 0.4026228 0.4938804 0.4670689 0.5126922 0.0763952 0.1758856 0.0000000 0.4478005 0.0748134 0.4786366 0.5159724 0.5263132 0.1692927 0.1182354 0.2476552 0.5612136 0.1395441 0.4685927 0.1398012 0.1345761 0.4521695 0.4866989 0.1780790 0.0384820 0.0319820 0.1295542 0.0346767 0.4640849 0.2589716 0.0318503 0.1308222 0.1285796 0.1297001 0.0484252 0.4510035 0.4668556 0.3817513 0.0289207 0.1112619 0.2136516 0.3919003 0.0777419 0.5312330 0.5988423 0.4545490 0.1993144 0.1157840 0.0730137 0.5536192 0.3973819 0.1168808 0.2440827 0.1959636 0.3873009 0.0535529 0.1497393 0.0330393 0.0370299 0.0384999 0.0244759 0.5360330 0.5250241 0.4931439 0.5073049 0.3289746 0.0359136 0.1279806 0.3668440 0.3681645 
Perityle_cochisensis_44_cave_creek         0.5149664 0.2103862 0.1215854 0.4719843 0.1924451 0.4127011 0.4506126 0.3639122 0.3324159 0.4900651 0.5022439 0.1018687 0.4426512 0.1015141 0.0802610 0.4766486 0.5131099 0.1615197 0.1806969 0.1301752 0.1673591 0.4419157 0.0409313 0.4478005 0.0000000 0.4546306 0.1261093 0.2586819 0.1721678 0.4221355 0.2447905 0.4528739 0.2849935 0.4905300 0.0975347 0.4597442 0.4515988 0.1212888 0.2267149 0.4736410 0.4730253 0.4330671 0.4319695 0.3322888 0.1635615 0.4848722 0.4396515 0.4558693 0.4643022 0.4411790 0.3696086 0.0975956 0.1290622 0.1096486 0.4420815 0.4628758 0.0561016 0.0997391 0.4473165 0.1770738 0.3373375 0.3567434 0.5019718 0.0190606 0.4533175 0.2522423 0.0700487 0.4420797 0.4959256 0.0143147 0.0585055 0.4501613 0.4713146 0.4633377 0.4449237 0.4354193 0.1941575 0.2324017 0.3739930 0.1521807 0.1590982 0.1368233 0.4211184 0.4737185 0.1500034 0.1488758 
Perityle_congesta_202                      0.2953854 0.1012596 0.4342404 0.3611884 0.4875160 0.4648913 0.3486263 0.2703010 0.4297219 0.1853242 0.2584420 0.3958938 0.0571850 0.4059301 0.3271682 0.2037514 0.2457201 0.3907613 0.4686900 0.4467162 0.5160160 0.1041421 0.1605272 0.0748134 0.4546306 0.0000000 0.4671712 0.5010750 0.5122046 0.1593906 0.1043248 0.2517095 0.5391783 0.1821567 0.4638229 0.1973386 0.1450217 0.4480175 0.4703063 0.2192898 0.1081307 0.0737626 0.1430534 0.0188864 0.4363705 0.2601938 0.0735690 0.0615219 0.0588770 0.1431602 0.0457518 0.4438701 0.4644089 0.3791620 0.0700931 0.1405051 0.2001219 0.3907182 0.0177023 0.5114104 0.5451818 0.3721708 0.2257945 0.1084757 0.1128051 0.5251361 0.3815395 0.1391556 0.2616211 0.1797189 0.3729707 0.0313566 0.1816952 0.0631256 0.0616588 0.0658106 0.0090681 0.5504897 0.5158325 0.4980195 0.4897420 0.3285177 0.0783431 0.1648038 0.3492898 0.3504641 
Perityle_cordifolia_27                     0.5415816 0.2057852 0.1361817 0.4712269 0.2036498 0.4340120 0.4871525 0.3710891 0.3221260 0.5231830 0.5107270 0.0414879 0.4763552 0.0517408 0.0463038 0.5462415 0.5304688 0.1676710 0.2608431 0.1526638 0.1379913 0.4678185 0.0367031 0.4786366 0.1261093 0.4671712 0.0000000 0.2790164 0.2252614 0.4170020 0.2482219 0.4567299 0.2516399 0.4851722 0.0574993 0.4689680 0.4566122 0.0481129 0.2561807 0.5438832 0.4845796 0.4626818 0.4464025 0.3436395 0.2066552 0.5061458 0.4639904 0.4884744 0.4811891 0.4522806 0.3912422 0.0505497 0.0436900 0.0328384 0.4391288 0.4799526 0.0687355 0.0646862 0.4740169 0.0928697 0.3665081 0.3613145 0.5111751 0.0000010 0.4894160 0.2541440 0.0388524 0.4655508 0.5268302 0.0142920 0.0490509 0.4780884 0.4986985 0.4854899 0.4800081 0.4453026 0.1981104 0.2680303 0.4453328 0.1481959 0.1597148 0.1277669 0.4313908 0.5189510 0.1617056 0.1606986 
Perityle_cordifolia_68_tecolote            0.5461258 0.2088168 0.2351625 0.4768292 0.3105096 0.4178367 0.4963846 0.3557513 0.3730304 0.5479695 0.5301439 0.2789555 0.5339522 0.2315852 0.2358678 0.5643650 0.5519268 0.2533529 0.3255029 0.3199980 0.4464437 0.5262518 0.0590199 0.5159724 0.2586819 0.5010750 0.2790164 0.0000000 0.3097521 0.4393396 0.2549714 0.4476957 0.3504301 0.5063151 0.2857135 0.5146356 0.5042121 0.2734274 0.3427195 0.5545307 0.5495099 0.5007657 0.4839363 0.3873203 0.3137074 0.5245640 0.5081698 0.5452933 0.5452590 0.4852723 0.4279019 0.2886930 0.2859726 0.2579115 0.4777508 0.5119739 0.0290403 0.1807041 0.5184146 0.3441125 0.4199358 0.3253813 0.5406327 0.0126358 0.5312473 0.3367684 0.2205479 0.5217636 0.5280488 0.0406799 0.1825389 0.5208471 0.5295190 0.5238302 0.5154986 0.4881677 0.1926665 0.3760056 0.4672327 0.2690298 0.3536212 0.1314137 0.4703600 0.5487822 0.2132167 0.2161769 
Perityle_coronopifolia_28_patagonia        0.5868658 0.2353917 0.1978945 0.4249865 0.1620147 0.4079600 0.4726575 0.3716543 0.3640844 0.5803736 0.5347327 0.1669017 0.4998850 0.1701937 0.1522578 0.5588564 0.5627696 0.1585816 0.1732116 0.2807204 0.1882843 0.5078426 0.1205192 0.5263132 0.1721678 0.5122046 0.2252614 0.3097521 0.0000000 0.4767918 0.2805353 0.4171308 0.2347741 0.5076947 0.1944011 0.4746721 0.5300985 0.2305729 0.2776918 0.5694104 0.4404768 0.5018023 0.5112845 0.4180229 0.2598898 0.5129768 0.5071257 0.5108325 0.5203717 0.5174829 0.4852883 0.1910888 0.2110562 0.1559611 0.4457509 0.5094039 0.0862330 0.1220453 0.5069012 0.2829303 0.3601019 0.3412076 0.4829035 0.0653487 0.5116493 0.0261729 0.2253470 0.4994169 0.5351293 0.0980149 0.2131890 0.5217871 0.5752499 0.5408082 0.5146869 0.4736028 0.2349944 0.2080637 0.3356012 0.2415508 0.2721897 0.1419806 0.4456147 0.5273444 0.1378705 0.1396645 
Perityle_crassifolia_70_ventanas           0.2586954 0.1455021 0.3345797 0.2777316 0.4331507 0.4470420 0.2883650 0.3326922 0.4437867 0.0496948 0.2316105 0.3848481 0.1491269 0.4017896 0.3940625 0.1893175 0.2615544 0.3937870 0.4483770 0.4235958 0.4963018 0.1548872 0.1862838 0.1692927 0.4221355 0.1593906 0.4170020 0.4393396 0.4767918 0.0000000 0.0000010 0.2502227 0.4790379 0.0497206 0.4112352 0.0598389 0.1747190 0.4052189 0.4179190 0.1879078 0.1949163 0.1560399 0.1678102 0.1433371 0.4290114 0.2772584 0.1549348 0.1590337 0.1533320 0.1662673 0.1329397 0.4065229 0.4082984 0.3799424 0.1858717 0.1747856 0.2572501 0.3693925 0.1610463 0.4698805 0.5430034 0.4341214 0.2793606 0.1237911 0.1815963 0.5000773 0.3897011 0.1795485 0.2382911 0.2151855 0.3406518 0.1692803 0.0445483 0.1632902 0.1636980 0.1582472 0.1068021 0.4981050 0.4659667 0.4411079 0.4209660 0.3187434 0.1515265 0.1573068 0.3973041 0.3945669 
Perityle_crassifolia_74_playa_balandra     0.1237722 0.1455021 0.2283327 0.1861427 0.2524191 0.3703232 0.2367651 0.2817561 0.2397375 0.0285397 0.1184119 0.2400845 0.0874430 0.2412765 0.2464391 0.1392184 0.0969678 0.2487935 0.2671693 0.2400395 0.2543845 0.0906685 0.1862838 0.1182354 0.2447905 0.1043248 0.2482219 0.2549714 0.2805353 0.0000010 0.0000000 0.1153462 0.2945780 0.0285646 0.2407886 0.0275322 0.1410429 0.2437178 0.2356223 0.1291072 0.1327760 0.1085120 0.1266169 0.1010783 0.2493978 0.1352057 0.1114263 0.1044554 0.0906685 0.1274114 0.0955572 0.2380511 0.2357971 0.2406900 0.1226754 0.1260130 0.2247845 0.2541189 0.1042629 0.3274625 0.4133365 0.4235482 0.1272308 0.1237911 0.1017498 0.2800000 0.2443755 0.1285735 0.1317079 0.2151855 0.2367570 0.1180656 0.0169515 0.1042629 0.1182358 0.1021030 0.1085040 0.2899902 0.3205704 0.2586331 0.2385064 0.2452375 0.0949459 0.0994004 0.2940144 0.2890592 
Perityle_cuneata_34_cuneata_San_antonio    0.2948332 0.1091741 0.3408127 0.2412892 0.4642902 0.3783337 0.2770559 0.3097267 0.3786229 0.2728984 0.2822442 0.4250888 0.2440116 0.4355499 0.4143787 0.2644708 0.3051619 0.4349282 0.3666639 0.4065323 0.5914073 0.2338520 0.1662837 0.2476552 0.4528739 0.2517095 0.4567299 0.4476957 0.4171308 0.2502227 0.1153462 0.0000000 0.5292015 0.2731480 0.4566232 0.2997083 0.2448786 0.4522344 0.3934846 0.2561724 0.3035927 0.2389630 0.2353142 0.1721138 0.3916897 0.2884288 0.2370728 0.2548959 0.2511217 0.2449509 0.1501086 0.4474703 0.4517035 0.4449460 0.2518947 0.2178017 0.2079934 0.3411038 0.2484190 0.5402508 0.5629860 0.4064139 0.2348195 0.1006318 0.2267658 0.5111016 0.3660562 0.2176028 0.2827976 0.1860500 0.3051505 0.2436090 0.2483249 0.2452868 0.2507393 0.2249431 0.0795838 0.4722655 0.5624721 0.4790386 0.4448112 0.2137419 0.2352603 0.2263019 0.3680939 0.3684771 
Perityle_cuneata_4                         0.6071013 0.2573708 0.2414154 0.5219613 0.2774162 0.4378303 0.5331516 0.3925118 0.3519360 0.5890254 0.6052672 0.2190126 0.5333354 0.2129938 0.1845623 0.5524551 0.6150652 0.2467579 0.3165742 0.2523644 0.3265411 0.5377628 0.1297150 0.5612136 0.2849935 0.5391783 0.2516399 0.3504301 0.2347741 0.4790379 0.2945780 0.5292015 0.0000000 0.5690599 0.2337530 0.5170820 0.5268427 0.2502954 0.3288291 0.5665455 0.5498457 0.5438415 0.5199762 0.4194233 0.2406361 0.5823567 0.5478529 0.5345616 0.5398786 0.5216810 0.4683073 0.2224900 0.2522336 0.2361046 0.5269998 0.5302332 0.1315847 0.2111220 0.5376018 0.3099450 0.3941383 0.3339162 0.5523494 0.0653756 0.5416422 0.3110657 0.2248112 0.5511375 0.6025909 0.1143039 0.2107368 0.5528346 0.5572225 0.5637498 0.5521538 0.5135476 0.2541234 0.3236956 0.4582042 0.3193800 0.2935817 0.2011229 0.4958703 0.5717452 0.1805907 0.1800645 
Perityle_discoidea_81                      0.3073704 0.1459779 0.3989221 0.3473620 0.5045733 0.4715353 0.3748142 0.3362953 0.4851262 0.0055932 0.2766718 0.4276282 0.1772103 0.4375184 0.3975596 0.1842406 0.2971609 0.4474506 0.4622458 0.4464306 0.5545292 0.1339024 0.1870484 0.1395441 0.4905300 0.1821567 0.4851722 0.5063151 0.5076947 0.0497206 0.0285646 0.2731480 0.5690599 0.0000000 0.4632175 0.0130720 0.1845435 0.4604494 0.4808561 0.1847860 0.1500988 0.1337202 0.1764034 0.1414105 0.4374623 0.3135625 0.1329712 0.1901268 0.1835606 0.1788812 0.1331212 0.4477329 0.4758703 0.4324170 0.1480441 0.1466024 0.2443512 0.4194458 0.1849610 0.5296076 0.5696159 0.4358333 0.2630608 0.1245506 0.1505720 0.6038087 0.3950583 0.1549694 0.2878473 0.2061867 0.3661641 0.1952849 0.0160716 0.1406410 0.1406492 0.1288452 0.1070992 0.5513058 0.5489539 0.4933645 0.4954166 0.3656065 0.1317878 0.1189255 0.4024940 0.3997920 
Perityle_dissecta_201                      0.5405329 0.1964377 0.1339308 0.4522674 0.2027823 0.4204900 0.4670023 0.3642005 0.3094154 0.5116528 0.5027297 0.0295703 0.4642398 0.0445747 0.0219739 0.5003087 0.5299035 0.1623148 0.2218930 0.1174105 0.1266275 0.4504190 0.0367700 0.4685927 0.0975347 0.4638229 0.0574993 0.2857135 0.1944011 0.4112352 0.2407886 0.4566232 0.2337530 0.4632175 0.0000000 0.4465977 0.4491858 0.0412883 0.2361752 0.4921020 0.4611138 0.4499045 0.4376516 0.3491336 0.1823367 0.5104962 0.4513383 0.4774114 0.4731950 0.4438194 0.3776196 0.0380853 0.0522236 0.0263558 0.4127042 0.4515044 0.0690917 0.0688760 0.4648894 0.1004928 0.3640399 0.3775502 0.5011220 0.0191007 0.4796757 0.2294935 0.0643956 0.4501290 0.5099745 0.0143187 0.0425956 0.4706095 0.4833998 0.4752961 0.4723430 0.4252439 0.2023815 0.2689426 0.4086159 0.1555191 0.1282194 0.1043900 0.4250961 0.5004105 0.1588168 0.1577793 
Perityle_emoryi_47_punta_san_jose          0.3428888 0.1489116 0.3624833 0.2537507 0.4926185 0.2932060 0.3363987 0.3534755 0.4601085 0.0130635 0.3556497 0.4185933 0.1950758 0.4227393 0.4174549 0.1682168 0.3718090 0.4788961 0.3998101 0.3935785 0.5171673 0.1386356 0.1068318 0.1398012 0.4597442 0.1973386 0.4689680 0.5146356 0.4746721 0.0598389 0.0275322 0.2997083 0.5170820 0.0130720 0.4465977 0.0000000 0.2018135 0.4419833 0.4284868 0.1683869 0.1500889 0.1361127 0.1928353 0.1319855 0.3896513 0.3754895 0.1271646 0.2097222 0.2037660 0.1959563 0.1174082 0.4449522 0.4416742 0.4468669 0.1413052 0.1459520 0.2262238 0.3833220 0.1959381 0.5368959 0.5901195 0.3800798 0.1765629 0.0871698 0.1320129 0.6042443 0.3491533 0.1692782 0.3544558 0.1714247 0.2960148 0.2085505 0.0109872 0.1359839 0.1444844 0.1313992 0.0918703 0.5688051 0.5298335 0.4851308 0.4416197 0.2187420 0.1358211 0.1122391 0.3978758 0.3978758 
Perityle_feddemae_99                       0.3006725 0.1575976 0.4211699 0.3002597 0.4823746 0.4631073 0.3282173 0.3290951 0.4491334 0.1786050 0.2584787 0.3773865 0.1837075 0.4177858 0.3496047 0.2386992 0.2540316 0.3805680 0.4881542 0.4829692 0.4670322 0.1736098 0.1943294 0.1345761 0.4515988 0.1450217 0.4566122 0.5042121 0.5300985 0.1747190 0.1410429 0.2448786 0.5268427 0.1845435 0.4491858 0.2018135 0.0000000 0.4408744 0.4549062 0.2391470 0.1479872 0.1323179 0.0189346 0.1155723 0.4646889 0.2355250 0.1269080 0.1870065 0.1764820 0.0175686 0.1140589 0.4399329 0.4562038 0.3460510 0.1330124 0.1571035 0.2106746 0.3497621 0.1421790 0.4983388 0.5924222 0.4302826 0.2596110 0.1555158 0.1531572 0.5292712 0.4290755 0.1525260 0.2133074 0.2232421 0.4061341 0.1448957 0.1871195 0.1338745 0.1322124 0.1422375 0.1087273 0.5164003 0.5454716 0.4794242 0.5021424 0.3483571 0.1337941 0.1690804 0.3703181 0.3725297 
Perityle_fosteri_93                        0.5375638 0.2002997 0.1285494 0.4799729 0.2099645 0.4296057 0.4835101 0.3507718 0.3291441 0.5005026 0.4971479 0.0354769 0.4521914 0.0487349 0.0330520 0.5118591 0.5133699 0.1705228 0.2372530 0.1507700 0.1292638 0.4477279 0.0325433 0.4521695 0.1212888 0.4480175 0.0481129 0.2734274 0.2305729 0.4052189 0.2437178 0.4522344 0.2502954 0.4604494 0.0412883 0.4419833 0.4408744 0.0000000 0.2598316 0.5069091 0.4446531 0.4408310 0.4306804 0.3246119 0.2056887 0.4884451 0.4378627 0.4641708 0.4602227 0.4365289 0.3724847 0.0370661 0.0485171 0.0312732 0.3996027 0.4565179 0.0740336 0.0704961 0.4439786 0.0843191 0.3470812 0.3700092 0.4801856 0.0126496 0.4633659 0.2627195 0.0579643 0.4478890 0.5092842 0.0142769 0.0339200 0.4503006 0.4747463 0.4625347 0.4549229 0.4147847 0.1897918 0.2571136 0.4352291 0.1518701 0.1596408 0.1321350 0.4112475 0.4949949 0.1587146 0.1576768 
Perityle_gamon_221                         0.4907802 0.1961852 0.2337822 0.4661790 0.2657136 0.4271659 0.4764155 0.3513508 0.3194793 0.5143724 0.4988069 0.1513004 0.4806356 0.2130562 0.1234967 0.5119927 0.5387660 0.1634259 0.3362176 0.2530527 0.2474849 0.5041312 0.0752117 0.4866989 0.2267149 0.4703063 0.2561807 0.3427195 0.2776918 0.4179190 0.2356223 0.3934846 0.3288291 0.4808561 0.2361752 0.4284868 0.4549062 0.2598316 0.0000000 0.5025539 0.4903362 0.4720599 0.4400838 0.3776901 0.1979191 0.4877371 0.4875587 0.5021610 0.5019115 0.4440036 0.4401058 0.2329872 0.2444565 0.1553075 0.4115447 0.4568832 0.0816917 0.1841544 0.4703615 0.3256789 0.4475962 0.3464843 0.4512848 0.0385430 0.4794613 0.2801606 0.2352445 0.4705492 0.4849657 0.0550405 0.2247027 0.4758763 0.4864067 0.4991148 0.4853728 0.4561391 0.2089021 0.3059505 0.4097992 0.2703887 0.2730506 0.2085797 0.4399635 0.4793251 0.1338560 0.1355799 
Perityle_gentryi_8_san_francisco           0.3383751 0.1060416 0.4611598 0.3557574 0.5312629 0.4508397 0.3818717 0.3347292 0.4612912 0.2251774 0.3576533 0.3818528 0.2312763 0.4256488 0.3405653 0.0362284 0.3895122 0.4096193 0.5268127 0.4966062 0.4936058 0.1794346 0.1864437 0.1780790 0.4736410 0.2192898 0.5438832 0.5545307 0.5694104 0.1879078 0.1291072 0.2561724 0.5665455 0.1847860 0.4921020 0.1683869 0.2391470 0.5069091 0.5025539 0.0000000 0.0862572 0.1619908 0.2266937 0.1187439 0.4673668 0.3512911 0.1681217 0.2366472 0.2314558 0.2352258 0.1770852 0.4818644 0.5320885 0.4009447 0.0807258 0.1708545 0.2075500 0.4130275 0.2390623 0.5857679 0.6725497 0.4430272 0.2141037 0.1374334 0.1664549 0.6028021 0.4680598 0.1985233 0.3600393 0.1852105 0.4463932 0.2357484 0.2254956 0.1843087 0.1824365 0.1433073 0.1032235 0.6051274 0.6094296 0.5465340 0.5451122 0.3605351 0.1018462 0.2045329 0.3613427 0.3587206 
Perityle_gilensis_22_Superstition          0.3583212 0.1105484 0.3720416 0.3649242 0.4971066 0.2809140 0.4550835 0.4388092 0.4940660 0.1499629 0.3656453 0.4219006 0.1234265 0.4263889 0.3954821 0.0809585 0.4607043 0.5153713 0.3952243 0.3761782 0.4940591 0.0306917 0.1031463 0.0384820 0.4730253 0.1081307 0.4845796 0.5495099 0.4404768 0.1949163 0.1327760 0.3035927 0.5498457 0.1500988 0.4611138 0.1500889 0.1479872 0.4446531 0.4903362 0.0862572 0.0000000 0.0338399 0.1416705 0.0360683 0.3841219 0.4032911 0.0287137 0.1231604 0.1218779 0.1512480 0.0273205 0.4513625 0.4534134 0.4625412 0.0290844 0.0997806 0.2032724 0.3879738 0.1122804 0.5653325 0.6412136 0.4190510 0.1180844 0.0834179 0.0336041 0.5907665 0.3424882 0.1136995 0.3635686 0.1722778 0.2983469 0.1252767 0.1552606 0.0386934 0.0308074 0.0233374 0.0140301 0.5873009 0.6131128 0.5214837 0.4491151 0.2048412 0.0280751 0.1343668 0.3975167 0.3975167 
Perityle_gilensis_salensis_225             0.2919519 0.1049845 0.4130014 0.3319775 0.4759400 0.4698529 0.3625273 0.2981357 0.4338724 0.1341380 0.2708193 0.3800507 0.1188893 0.3946301 0.3223841 0.1567878 0.2620994 0.3899476 0.4692993 0.4561805 0.4828264 0.0737152 0.1706715 0.0319820 0.4330671 0.0737626 0.4626818 0.5007657 0.5018023 0.1560399 0.1085120 0.2389630 0.5438415 0.1337202 0.4499045 0.1361127 0.1323179 0.4408310 0.4720599 0.1619908 0.0338399 0.0000000 0.1272818 0.0241873 0.4598238 0.2560547 0.0228818 0.1218508 0.1212503 0.1307349 0.0361224 0.4326226 0.4533222 0.3700670 0.0292079 0.1057440 0.1943898 0.3636960 0.0722468 0.5149577 0.5613917 0.4214605 0.1983920 0.1161586 0.0678454 0.5340347 0.3778864 0.1140173 0.2360796 0.1821475 0.3719606 0.0761769 0.1392290 0.0358936 0.0304453 0.0314150 0.0244229 0.5223452 0.5306874 0.4831301 0.4954410 0.3067252 0.0298996 0.1243481 0.3491391 0.3502360 
Perityle_glaucescens_94                    0.2935960 0.1435625 0.4076310 0.3016892 0.4654666 0.4689159 0.3235633 0.3264941 0.4368117 0.1712468 0.2498982 0.3593967 0.1852914 0.4016398 0.3344618 0.2281876 0.2514132 0.3672139 0.4880084 0.4650570 0.4517136 0.1751734 0.1777113 0.1295542 0.4319695 0.1430534 0.4464025 0.4839363 0.5112845 0.1678102 0.1266169 0.2353142 0.5199762 0.1764034 0.4376516 0.1928353 0.0189346 0.4306804 0.4400838 0.2266937 0.1416705 0.1272818 0.0000000 0.1130947 0.4537662 0.2246934 0.1186934 0.1848331 0.1780577 0.0148219 0.1086140 0.4260073 0.4459232 0.3314827 0.1267752 0.1552084 0.2002145 0.3358009 0.1402567 0.4955914 0.5740009 0.4283318 0.2539951 0.1390380 0.1478027 0.5074093 0.4206318 0.1488012 0.2071079 0.1980056 0.3975323 0.1382110 0.1796117 0.1320045 0.1303488 0.1401771 0.0939728 0.5003982 0.5396715 0.4682176 0.4812669 0.3382960 0.1314492 0.1653274 0.3528686 0.3547925 
Perityle_gracilis_11                       0.1827655 0.0930709 0.2998297 0.2496488 0.3521696 0.4596644 0.2342858 0.2549297 0.4071089 0.1391608 0.1561001 0.3106773 0.0206323 0.3354738 0.2878256 0.1037685 0.1999536 0.3129018 0.3809465 0.3556926 0.3761075 0.0329135 0.1555854 0.0346767 0.3322888 0.0188864 0.3436395 0.3873203 0.4180229 0.1433371 0.1010783 0.1721138 0.4194233 0.1414105 0.3491336 0.1319855 0.1155723 0.3246119 0.3776901 0.1187439 0.0360683 0.0241873 0.1130947 0.0000000 0.3600462 0.1926481 0.0258524 0.0382443 0.0401154 0.1154223 0.0350040 0.3327056 0.3366301 0.2831162 0.0325840 0.1021137 0.1969398 0.3198692 0.0190638 0.3809954 0.4544066 0.3589418 0.1792085 0.1012355 0.0808210 0.4165944 0.3311075 0.1146702 0.1830906 0.1750262 0.3060732 0.0329565 0.1411283 0.0258533 0.0223301 0.0139152 0.0121328 0.3994360 0.3901520 0.3688483 0.3482332 0.2719503 0.0295196 0.1169829 0.3455728 0.3466972 
