83
Amauria_brandeegeana_62                    0.0000000 0.2154382 0.0185808 0.2978925 0.1017327 0.1867706 0.2174567 0.2246408 0.3297658 0.0845352 0.1042701 0.2258511 0.1516685 0.2423564 0.1045254 0.2642380 0.0870686 0.1003816 0.2439622 0.2475138 0.1585854 0.2465767 0.2292195 0.1084773 0.0817412 0.1117959 0.1151869 0.4683282 0.2325164 0.0929440 0.2009108 0.0970344 0.0822450 0.1301394 0.0585543 0.2529595 0.1911243 0.2341250 0.2333862 0.1604357 0.1277941 0.2347526 0.2405606 0.2334475 0.2184225 0.1645921 0.1207235 0.1028224 0.2267574 0.2317070 0.1153991 0.2309424 0.1150109 0.2291582 0.2560697 0.2668831 0.2850706 0.1123511 0.0952116 0.2487074 0.1927092 0.1753215 0.2170553 0.2572016 0.2488124 0.2238914 0.0931533 0.1970554 0.1957370 0.2119806 0.0898930 0.1115408 0.2428247 0.2492213 0.1245876 0.2338102 0.2650212 0.1046958 0.3424364 0.2038883 0.0919220 0.0824187 0.2058108 
Amauria_carterae_99_mesa                   0.2154382 0.0000000 0.2117801 0.3412983 0.2048408 0.1335990 0.2091790 0.1426858 0.3604349 0.2211012 0.2675447 0.1225303 0.2553156 0.0930919 0.2387011 0.1425819 0.2387878 0.2488156 0.0941468 0.1294465 0.2056826 0.1265932 0.0971134 0.2540868 0.0817412 0.2557792 0.2753868 0.4268320 0.1039780 0.2204204 0.0647334 0.2402430 0.2940205 0.2834472 0.2483220 0.1192296 0.1106368 0.1152562 0.1469298 0.3110318 0.2326516 0.1174949 0.1176105 0.1124663 0.1115188 0.3301713 0.2853832 0.2475180 0.1129471 0.1185716 0.2356500 0.1075900 0.2693653 0.1065458 0.1473336 0.1598986 0.1514491 0.2639893 0.2445393 0.1126102 0.1683404 0.1468557 0.1702297 0.4018393 0.1092220 0.1224145 0.2775932 0.1530130 0.1010148 0.1788460 0.2223444 0.2569745 0.1167857 0.1396545 0.2366131 0.1636899 0.1199806 0.2877452 0.4581657 0.1042830 0.2591289 0.2422252 0.0763925 
Amauria_rotundifolia_SRR9119150            0.0185808 0.2117801 0.0000000 0.2938754 0.1029943 0.1876467 0.2182321 0.2232144 0.3417294 0.0815413 0.1031836 0.2262920 0.1500143 0.2466431 0.1074530 0.2656466 0.0903067 0.1016928 0.2523819 0.2504580 0.1536072 0.2507860 0.2277041 0.1096571 0.0817412 0.1140212 0.1152030 0.4671383 0.2352979 0.0919124 0.1972997 0.0962362 0.0814752 0.1340431 0.0448459 0.2585623 0.1851155 0.2369541 0.2319970 0.1632779 0.1314610 0.2413097 0.2411240 0.2390859 0.2157676 0.1681059 0.1216612 0.1050397 0.2323258 0.2358403 0.1141869 0.2367962 0.1162012 0.2309929 0.2613300 0.2674312 0.2837495 0.1157739 0.0994613 0.2530864 0.1966647 0.1710576 0.2156904 0.2654079 0.2517202 0.2287127 0.0935221 0.1955417 0.2007274 0.2201887 0.0868281 0.1152085 0.2433964 0.2521726 0.1249267 0.2355333 0.2635834 0.1106930 0.3471750 0.2024289 0.0937931 0.0824868 0.2060660 
Conoclinium_coelestinum_SRR9119114         0.2978925 0.3412983 0.2938754 0.0000000 0.2991835 0.3848697 0.3291591 0.3169837 0.3527600 0.2953310 0.3150124 0.3587106 0.3282050 0.3674995 0.3374119 0.3807253 0.2619698 0.3229806 0.3597292 0.3653593 0.3752735 0.3669748 0.3360924 0.3123556 0.1252914 0.2911503 0.3277125 0.5423813 0.3178378 0.2959193 0.3376265 0.3282995 0.2997207 0.3502694 0.2588781 0.3760544 0.3667214 0.3326413 0.3601907 0.2236153 0.3091360 0.3411409 0.3682292 0.3416432 0.2967657 0.3962257 0.3283108 0.3114958 0.3414683 0.3453734 0.3256277 0.3701094 0.3729956 0.3664910 0.3616412 0.3833373 0.4213252 0.3337411 0.3255269 0.3569453 0.3549017 0.3649229 0.3653653 0.3118898 0.3527739 0.3695691 0.3252190 0.3722757 0.3686922 0.3689491 0.2959193 0.3284894 0.3708787 0.3679073 0.3269787 0.3779986 0.3645481 0.3136330 0.3390953 0.3299755 0.2376716 0.3028318 0.3613039 
Eutetras_palmeri_63                        0.1017327 0.2048408 0.1029943 0.2991835 0.0000000 0.1405603 0.2146382 0.1980379 0.3332828 0.1084193 0.1329248 0.2207846 0.1708721 0.2250515 0.1086262 0.2530002 0.1071699 0.1346090 0.2515266 0.2429512 0.1776181 0.2445764 0.2025071 0.1175763 0.0605507 0.1237818 0.1324941 0.4611311 0.2373099 0.1181345 0.1753711 0.1134313 0.1215833 0.1353276 0.1481889 0.2293579 0.1895851 0.2341848 0.2046199 0.2005491 0.1391077 0.2205126 0.2410594 0.2285479 0.2150024 0.1752105 0.1266716 0.1164178 0.2233876 0.2351358 0.1248171 0.2278653 0.1164978 0.2290509 0.2397612 0.2298977 0.2620915 0.1298162 0.1057129 0.2529663 0.1937409 0.1647703 0.1884072 0.2682705 0.2515923 0.2146485 0.1163214 0.1690599 0.1885039 0.2178318 0.1118540 0.1260680 0.2416051 0.2460021 0.1129650 0.2482961 0.2635933 0.1207861 0.3468495 0.1966286 0.1133204 0.1256689 0.1906824 
Eutetras_pringlei_149_quer                 0.1867706 0.1335990 0.1876467 0.3848697 0.1405603 0.0000000 0.1563031 0.1349726 0.3884565 0.1901452 0.1785562 0.1242504 0.1828430 0.1243695 0.1804996 0.1404620 0.1813142 0.1945058 0.1256212 0.1286164 0.1393859 0.1263538 0.1225830 0.1896017 0.0000010 0.1946419 0.2001527 0.4884979 0.1251981 0.1973701 0.1178389 0.1889916 0.1903611 0.1793801 0.2528039 0.1188652 0.1095942 0.1230627 0.1317048 0.2066720 0.1862925 0.1159679 0.1212502 0.0996272 0.1148783 0.1888908 0.1980461 0.1877234 0.1021234 0.1219835 0.1947230 0.1231052 0.1944759 0.1278834 0.1213259 0.1659379 0.1666381 0.1946540 0.1827113 0.1305439 0.1605439 0.1566984 0.1385583 0.3376635 0.1263408 0.1221024 0.1779429 0.1596241 0.1075999 0.1823207 0.1964040 0.1984455 0.1211673 0.1284160 0.1997059 0.1323464 0.1242405 0.1807754 0.4111206 0.1062215 0.1963947 0.2052806 0.1157764 
Eutrochium_fistulosum_SRR9119106           0.2174567 0.2091790 0.2182321 0.3291591 0.2146382 0.1563031 0.0000000 0.1915768 0.3583686 0.2123748 0.2705854 0.2401467 0.2429388 0.1974600 0.2435596 0.2497515 0.2560659 0.2525063 0.2371612 0.2433470 0.2908201 0.2437172 0.1558044 0.2607244 0.1022764 0.2541860 0.2789787 0.4779381 0.2259672 0.2059942 0.1085352 0.2318218 0.2577119 0.2769347 0.2477803 0.2586778 0.2188902 0.2397737 0.2520224 0.3330923 0.2458941 0.2460209 0.2366648 0.2488107 0.2658610 0.3098788 0.2898227 0.2478508 0.2486782 0.2303012 0.2253205 0.2144133 0.2703581 0.2179505 0.2232054 0.2297725 0.2209447 0.2621809 0.2452795 0.2440925 0.2161683 0.2021455 0.2417870 0.3876473 0.2374543 0.1916146 0.2880967 0.2022104 0.2032157 0.2229140 0.2094261 0.2545340 0.2359458 0.2366365 0.2414125 0.2738368 0.2540561 0.2787095 0.4396829 0.2510853 0.2670883 0.2524037 0.2063691 
Galeana_pratensis_104_mex                  0.2246408 0.1426858 0.2232144 0.3169837 0.1980379 0.1349726 0.1915768 0.0000000 0.3271559 0.2269122 0.2488847 0.1214718 0.2428577 0.1277996 0.2281116 0.1465891 0.2011506 0.2519802 0.1311371 0.1278853 0.1867121 0.1228807 0.1113458 0.2254953 0.0000010 0.2259981 0.2816750 0.4558616 0.1324303 0.2309372 0.1077207 0.2387416 0.2655153 0.2240870 0.2649863 0.1504458 0.1208486 0.1400918 0.1420630 0.2945854 0.2208125 0.1558811 0.1235015 0.1407882 0.1400422 0.2839216 0.2745914 0.2086336 0.1422330 0.1219073 0.2356721 0.1230794 0.2778895 0.1220245 0.1518611 0.1472450 0.1439353 0.2472892 0.2132785 0.1343040 0.1945650 0.1710750 0.1561887 0.3574739 0.1339376 0.1321245 0.2492326 0.1613163 0.1242568 0.2148950 0.2309372 0.2190441 0.1233336 0.1343369 0.2535881 0.1490527 0.1445263 0.2679336 0.3717387 0.1357189 0.1890365 0.2471460 0.1408634 
Helianthus_annuus_SRR9119062               0.3297658 0.3604349 0.3417294 0.3527600 0.3332828 0.3884565 0.3583686 0.3271559 0.0000000 0.3316275 0.3140867 0.4007395 0.3391652 0.3824667 0.3455919 0.4085870 0.2631850 0.3685276 0.3987448 0.4160817 0.4059183 0.4090821 0.3314387 0.3293535 0.0820346 0.3051815 0.3632114 0.5714640 0.3620445 0.3223159 0.3450205 0.3630789 0.3298468 0.4228177 0.2890514 0.3801618 0.3534485 0.3505189 0.3597766 0.1797865 0.3132626 0.3404565 0.4026202 0.3609853 0.3063848 0.4605087 0.3467751 0.3286890 0.3451523 0.3736534 0.3550649 0.3857783 0.3882099 0.3736363 0.3917986 0.3881147 0.3969581 0.3429351 0.3074878 0.3920073 0.3969516 0.3596913 0.3597206 0.2849532 0.3934919 0.3933114 0.3753688 0.3173203 0.3678788 0.3726374 0.3356744 0.3345846 0.4011273 0.4044004 0.3516502 0.4152933 0.4135830 0.3610858 0.3642623 0.3187553 0.2527178 0.3238914 0.3637218 
Lycapsus_tenuifolius_17                    0.0845352 0.2211012 0.0815413 0.2953310 0.1084193 0.1901452 0.2123748 0.2269122 0.3316275 0.0000000 0.1028866 0.2189023 0.1391609 0.2354528 0.0980416 0.2558680 0.0848082 0.0953290 0.2468129 0.2462458 0.1561695 0.2437859 0.2038548 0.0986003 0.0601983 0.0962944 0.1194295 0.4507741 0.2326410 0.0141747 0.1937530 0.0955948 0.0075523 0.1316918 0.1092775 0.2508885 0.1817088 0.2386113 0.2163176 0.1604665 0.1284400 0.2362332 0.2322585 0.2442087 0.2153191 0.1590173 0.1010380 0.0974798 0.2384066 0.2261645 0.0979147 0.2237574 0.1161570 0.2206196 0.2584478 0.2520355 0.2487059 0.1081472 0.0943409 0.2479688 0.1957931 0.1633942 0.1914696 0.2591781 0.2480844 0.2240539 0.1032073 0.1508489 0.1884214 0.2195200 0.0132742 0.1052275 0.2345471 0.2423645 0.1048651 0.2297694 0.2610016 0.1077868 0.3487540 0.1886603 0.0929110 0.0656809 0.2034389 
Pericome_caudata_50_silver                 0.1042701 0.2675447 0.1031836 0.3150124 0.1329248 0.1785562 0.2705854 0.2488847 0.3140867 0.1028866 0.0000000 0.2927464 0.1425517 0.2712924 0.1468811 0.3166655 0.1265457 0.1326577 0.2893306 0.2980961 0.2395981 0.2958330 0.2195260 0.1430110 0.0811340 0.1291008 0.1683998 0.4870887 0.2707824 0.1053897 0.1955353 0.1251670 0.1725777 0.1933365 0.1358526 0.2947025 0.2763533 0.2714233 0.3140644 0.1875571 0.1452462 0.2741517 0.2896951 0.2800944 0.2873937 0.2068875 0.1493516 0.1316606 0.2727802 0.2770553 0.1252671 0.2817207 0.1716747 0.2825019 0.2959744 0.2766598 0.2982714 0.1519258 0.1253161 0.2928632 0.2441743 0.2004834 0.2569109 0.2479881 0.2897091 0.2577905 0.0900111 0.1974039 0.2597900 0.2029983 0.1053897 0.1328662 0.2927877 0.3149128 0.1400921 0.3196088 0.3075019 0.1518839 0.3094438 0.2797764 0.1309798 0.1298348 0.2560170 
Perityle_aglossa_84_dead_horse             0.2258511 0.1225303 0.2262920 0.3587106 0.2207846 0.1242504 0.2401467 0.1214718 0.4007395 0.2189023 0.2927464 0.0000000 0.2718827 0.0213324 0.2283467 0.0399575 0.2623601 0.2717078 0.0925314 0.0241785 0.1111449 0.0199785 0.0347098 0.2564829 0.0000010 0.2655454 0.2980190 0.4585663 0.0992578 0.2118526 0.0790190 0.2477974 0.3180458 0.2599087 0.2859579 0.1403335 0.0226869 0.1509360 0.0407412 0.3547271 0.2367111 0.1465817 0.0219110 0.1387646 0.1536366 0.2712192 0.2915790 0.2525071 0.1430649 0.0236333 0.2341234 0.0226430 0.2670458 0.0234318 0.1355666 0.0788524 0.0891340 0.2685963 0.2409120 0.1025747 0.1680588 0.1681072 0.1128068 0.4258715 0.0991664 0.0773173 0.3084395 0.0806766 0.0237432 0.1683338 0.2232133 0.2595817 0.0245298 0.0824389 0.2212745 0.1769872 0.1065706 0.2949914 0.4769044 0.1022925 0.2760639 0.2623768 0.1002443 
Perityle_ajoensis_204                      0.1516685 0.2553156 0.1500143 0.3282050 0.1708721 0.1828430 0.2429388 0.2428577 0.3391652 0.1391609 0.1425517 0.2718827 0.0000000 0.2479734 0.1049904 0.2903870 0.0930362 0.1826028 0.2725213 0.2787685 0.2476565 0.2740483 0.2155290 0.1199249 0.0817412 0.1197002 0.1917609 0.4887807 0.2601672 0.1312948 0.1770992 0.1704640 0.1894047 0.2318098 0.1855997 0.2935575 0.2580943 0.2787342 0.2879533 0.1815647 0.1207677 0.2784813 0.2774057 0.2696406 0.2877712 0.2257929 0.1587395 0.1162351 0.2664571 0.2664730 0.1631554 0.2671642 0.1883296 0.2672877 0.2744988 0.2767467 0.2635878 0.1281161 0.1015032 0.2781055 0.2342086 0.1989836 0.2438819 0.2222542 0.2757121 0.2456878 0.1717031 0.1977348 0.2487320 0.1959085 0.1438615 0.1178030 0.2791364 0.2960503 0.1566737 0.3085640 0.2932004 0.1805401 0.2929386 0.2682570 0.1038080 0.1680840 0.2398602 
Perityle_ambrosiifolia_67_green            0.2423564 0.0930919 0.2466431 0.3674995 0.2250515 0.1243695 0.1974600 0.1277996 0.3824667 0.2354528 0.2712924 0.0213324 0.2479734 0.0000000 0.2213281 0.0357395 0.2260674 0.2663983 0.0862557 0.0275459 0.1233770 0.0249465 0.0264359 0.2525720 0.0000010 0.2598623 0.2936060 0.4483497 0.0923105 0.2113435 0.0802289 0.2497861 0.3017729 0.2614520 0.2864301 0.1122520 0.0184780 0.1221990 0.0385914 0.2994379 0.2311941 0.1160651 0.0192548 0.1055227 0.1218478 0.2825400 0.2898341 0.2477784 0.1086596 0.0181800 0.2312673 0.0190143 0.2880726 0.0174775 0.1132939 0.0760540 0.0873051 0.2552869 0.2125109 0.0992975 0.1671686 0.1704560 0.1096560 0.3911942 0.0932815 0.0766135 0.2986421 0.0816732 0.0197273 0.1221141 0.2397459 0.2467092 0.0165930 0.0397819 0.2247146 0.1485215 0.0978732 0.2780464 0.4630967 0.1037149 0.2385848 0.2397721 0.1033128 
Perityle_angustifolia_13_Eagle_creek       0.1045254 0.2387011 0.1074530 0.3374119 0.1086262 0.1804996 0.2435596 0.2281116 0.3455919 0.0980416 0.1468811 0.2283467 0.1049904 0.2213281 0.0000000 0.2495930 0.0000010 0.1310026 0.2509110 0.2371486 0.1775882 0.2347140 0.1894292 0.0208491 0.0000010 0.0260101 0.1335262 0.4872181 0.2398993 0.1053733 0.1818724 0.1044818 0.1571448 0.1483922 0.1503697 0.2572351 0.2387547 0.2535416 0.2737404 0.0898171 0.0297863 0.2535949 0.2317309 0.2497807 0.2721125 0.1217178 0.0835832 0.0190892 0.2453880 0.2347877 0.0698749 0.2346146 0.1280084 0.2338490 0.2450724 0.2514956 0.2500607 0.0271063 0.0177848 0.2477601 0.2458800 0.1508687 0.2289456 0.2161100 0.2414375 0.2363511 0.1492209 0.1431577 0.2263208 0.1401272 0.1053733 0.0190951 0.2362536 0.2477928 0.0909452 0.2974716 0.2629676 0.1301224 0.2752594 0.2598847 0.0155204 0.1299197 0.2317093 
Perityle_batopilensis_97                   0.2642380 0.1425819 0.2656466 0.3807253 0.2530002 0.1404620 0.2497515 0.1465891 0.4085870 0.2558680 0.3166655 0.0399575 0.2903870 0.0357395 0.2495930 0.0000000 0.2765483 0.3055093 0.1097355 0.0488276 0.1375755 0.0445777 0.0555539 0.2876911 0.0000010 0.3030944 0.3328636 0.4875571 0.1153821 0.2359392 0.0907856 0.2817325 0.3518936 0.3020727 0.3095847 0.1609705 0.0384375 0.1708142 0.0122324 0.3531424 0.2764688 0.1662004 0.0368494 0.1567206 0.1804881 0.3133898 0.3361744 0.2860425 0.1610119 0.0339301 0.2713919 0.0385439 0.3035501 0.0369979 0.1534403 0.0932459 0.1050502 0.2939444 0.2625866 0.1205090 0.1906701 0.2070068 0.1375994 0.4420649 0.1153638 0.1018021 0.3426631 0.1080080 0.0408147 0.1663775 0.2602317 0.2875476 0.0325455 0.0910891 0.2485665 0.1953265 0.1208257 0.3286281 0.5035145 0.1299711 0.2974046 0.2907260 0.1271154 
Perityle_bisetosa_9                        0.0870686 0.2387878 0.0903067 0.2619698 0.1071699 0.1813142 0.2560659 0.2011506 0.2631850 0.0848082 0.1265457 0.2623601 0.0930362 0.2260674 0.0000010 0.2765483 0.0000000 0.1436961 0.2775401 0.2655397 0.2196803 0.2666665 0.1622348 0.0235895 0.0805822 0.0243786 0.1423215 0.4165148 0.2525339 0.0864883 0.1645006 0.1208718 0.1614713 0.1983238 0.1088833 0.2802259 0.2487499 0.2632842 0.2619919 0.0703302 0.0321900 0.2617930 0.2620523 0.2659560 0.2596901 0.1957977 0.0890320 0.0136350 0.2601988 0.2406465 0.1021878 0.2483925 0.1317451 0.2488488 0.2704773 0.1938588 0.2091383 0.0257440 0.0189966 0.2745091 0.2282207 0.1786938 0.2277948 0.1428818 0.2747728 0.2417158 0.1447339 0.1331742 0.2339041 0.0967551 0.0864883 0.0194080 0.2629944 0.2872720 0.1013910 0.3356718 0.2937991 0.1369000 0.1559761 0.2651237 0.0165684 0.1411060 0.2299622 
Perityle_californica_76_positas            0.1003816 0.2488156 0.1016928 0.3229806 0.1346090 0.1945058 0.2525063 0.2519802 0.3685276 0.0953290 0.1326577 0.2717078 0.1826028 0.2663983 0.1310026 0.3055093 0.1436961 0.0000000 0.2860352 0.2950096 0.2095943 0.2880642 0.2418023 0.1477239 0.1045944 0.1460255 0.1513467 0.5124630 0.2677411 0.0982421 0.2140299 0.0913815 0.1212834 0.1612681 0.1414440 0.2779370 0.2362639 0.2689436 0.2674005 0.2310269 0.1569486 0.2686315 0.2842726 0.2704697 0.2709860 0.1960866 0.1532037 0.1408420 0.2685519 0.2783013 0.1289774 0.2654784 0.1365763 0.2686521 0.2866601 0.2804591 0.2953920 0.1558469 0.1284886 0.2848654 0.2170520 0.2004979 0.2225654 0.3231365 0.2859458 0.2497220 0.1427892 0.2064803 0.2300643 0.2479383 0.1007873 0.1453527 0.2882007 0.2871255 0.1241971 0.2845626 0.3035422 0.1554021 0.4010139 0.2496723 0.1558389 0.0434410 0.2297091 
Perityle_canescens_77                      0.2439622 0.0941468 0.2523819 0.3597292 0.2515266 0.1256212 0.2371612 0.1311371 0.3987448 0.2468129 0.2893306 0.0925314 0.2725213 0.0862557 0.2509110 0.1097355 0.2775401 0.2860352 0.0000000 0.0937091 0.1763753 0.0919498 0.0881918 0.2973676 0.0000010 0.2969835 0.3115771 0.4461013 0.0428913 0.2197130 0.0746738 0.2629312 0.3349147 0.2862216 0.2713883 0.1183684 0.0871803 0.1134980 0.1178136 0.3536982 0.2812076 0.1182759 0.0864553 0.1071860 0.1078251 0.3097705 0.3263233 0.2847995 0.1092186 0.0836989 0.2639762 0.0858277 0.2924159 0.0863972 0.1336112 0.1403478 0.1383179 0.3051754 0.2524395 0.0482402 0.1290159 0.1712663 0.1585990 0.4376978 0.0428771 0.1256457 0.3299751 0.1290768 0.0846622 0.1794457 0.2493538 0.2800355 0.0845700 0.1307495 0.2359639 0.1598767 0.0395852 0.3269025 0.5091805 0.0409323 0.2860127 0.2532470 0.0452832 
Perityle_castillonii_96                    0.2475138 0.1294465 0.2504580 0.3653593 0.2429512 0.1286164 0.2433470 0.1278853 0.4160817 0.2462458 0.2980961 0.0241785 0.2787685 0.0275459 0.2371486 0.0488276 0.2655397 0.2950096 0.0937091 0.0000000 0.1227144 0.0087685 0.0414062 0.2777950 0.0000010 0.2940085 0.3227757 0.4574380 0.0973517 0.2228263 0.0896559 0.2760709 0.3438546 0.2918777 0.2905289 0.1420465 0.0322252 0.1544446 0.0524742 0.3498899 0.2662719 0.1481320 0.0314451 0.1406065 0.1603516 0.2964452 0.3182341 0.2739989 0.1447719 0.0311663 0.2587165 0.0321875 0.2928525 0.0315303 0.1423762 0.0809199 0.0926102 0.2895561 0.2549472 0.1042648 0.1743629 0.1928765 0.1209987 0.4326815 0.0982991 0.0802449 0.3324020 0.0843697 0.0336598 0.1658420 0.2505222 0.2776006 0.0315129 0.0868799 0.2320021 0.1826307 0.1072758 0.3096166 0.4851239 0.1054610 0.2800929 0.2759900 0.1045528 
Perityle_cernua_84                         0.1585854 0.2056826 0.1536072 0.3752735 0.1776181 0.1393859 0.2908201 0.1867121 0.4059183 0.1561695 0.2395981 0.1111449 0.2476565 0.1233770 0.1775882 0.1375755 0.2196803 0.2095943 0.1763753 0.1227144 0.0000000 0.1166333 0.1192991 0.2009857 0.0000010 0.1951824 0.2239305 0.4524248 0.1786171 0.1709887 0.1510790 0.1785549 0.2549022 0.1840671 0.2356014 0.2120545 0.0999720 0.2210459 0.1230219 0.3395264 0.2058861 0.2218163 0.1129869 0.2179872 0.2171835 0.1928818 0.2330601 0.1955329 0.2154668 0.1167070 0.1708124 0.1219857 0.1907575 0.1200217 0.2396870 0.1437448 0.1638925 0.2145333 0.1977016 0.1819590 0.2594580 0.1471294 0.1559251 0.4267759 0.1794761 0.1908331 0.2351629 0.0737295 0.1032430 0.2825241 0.1628789 0.2048307 0.1143051 0.1916558 0.1503183 0.2730264 0.1905351 0.2270607 0.4781620 0.1581066 0.2451142 0.2208557 0.1655653 
Perityle_cfvillosa_25_tin                  0.2465767 0.1265932 0.2507860 0.3669748 0.2445764 0.1263538 0.2437172 0.1228807 0.4090821 0.2437859 0.2958330 0.0199785 0.2740483 0.0249465 0.2347140 0.0445777 0.2666665 0.2880642 0.0919498 0.0087685 0.1166333 0.0000000 0.0359881 0.2781346 0.0000010 0.2916150 0.3205399 0.4562713 0.0974735 0.2173453 0.0851523 0.2723953 0.3416102 0.2880073 0.2917123 0.1411844 0.0274146 0.1537087 0.0449744 0.3512185 0.2624873 0.1463467 0.0281107 0.1387798 0.1572174 0.2914078 0.3160584 0.2769210 0.1429385 0.0286870 0.2562601 0.0296265 0.2902849 0.0280548 0.1415952 0.0775485 0.0876884 0.2899113 0.2525780 0.1034189 0.1721530 0.1895930 0.1151495 0.4338010 0.0974585 0.0793795 0.3273252 0.0792712 0.0298989 0.1683182 0.2480550 0.2752980 0.0281713 0.0842130 0.2256646 0.1821605 0.1083758 0.3103075 0.4880550 0.1045560 0.2855399 0.2755670 0.0963237 
Perityle_cinerea_113_Powell1310            0.2292195 0.0971134 0.2277041 0.3360924 0.2025071 0.1225830 0.1558044 0.1113458 0.3314387 0.2038548 0.2195260 0.0347098 0.2155290 0.0264359 0.1894292 0.0555539 0.1622348 0.2418023 0.0881918 0.0414062 0.1192991 0.0359881 0.0000000 0.1857360 0.0000010 0.1958873 0.2451532 0.4202363 0.0875642 0.2059778 0.0926786 0.2385589 0.2112689 0.2142807 0.2509126 0.0909646 0.0251085 0.0984896 0.0540995 0.2452818 0.1823082 0.0966012 0.0251194 0.0829273 0.1015117 0.2370426 0.2233410 0.1849262 0.0844103 0.0237658 0.2183484 0.0277635 0.2388592 0.0264222 0.1012656 0.0562606 0.0558793 0.1996881 0.1853843 0.0969325 0.1637269 0.1448564 0.0556948 0.3149340 0.0907300 0.0500284 0.2257026 0.0790832 0.0306352 0.1510295 0.2059778 0.1956388 0.0237658 0.0305685 0.2271354 0.1083178 0.0971467 0.2145476 0.3267117 0.0758925 0.1662193 0.2319847 0.0966461 
Perityle_coahuilensis_24                   0.1084773 0.2540868 0.1096571 0.3123556 0.1175763 0.1896017 0.2607244 0.2254953 0.3293535 0.0986003 0.1430110 0.2564829 0.1199249 0.2525720 0.0208491 0.2876911 0.0235895 0.1477239 0.2973676 0.2777950 0.2009857 0.2781346 0.1857360 0.0000000 0.0817412 0.0339076 0.1332158 0.4512360 0.2737774 0.1113077 0.1809910 0.1246036 0.1576183 0.1846392 0.1549071 0.2924355 0.2433577 0.2891263 0.2716147 0.0802239 0.0488059 0.2824509 0.2740487 0.2877287 0.2760395 0.1895362 0.0807671 0.0295933 0.2815790 0.2596406 0.0801950 0.2691078 0.1197347 0.2663151 0.2950909 0.2449044 0.2475187 0.0343260 0.0272833 0.2913018 0.2432919 0.1532681 0.2296530 0.1810736 0.2899898 0.2674497 0.1445435 0.1470309 0.2337743 0.1562064 0.1044286 0.0293941 0.2762156 0.2996481 0.0911420 0.3370030 0.3099266 0.1320490 0.2651939 0.2622927 0.0246282 0.1457098 0.2318134 
Perityle_cochisensis_44_cave_creek         0.0817412 0.0817412 0.0817412 0.1252914 0.0605507 0.0000010 0.1022764 0.0000010 0.0820346 0.0601983 0.0811340 0.0000010 0.0817412 0.0000010 0.0000010 0.0000010 0.0805822 0.1045944 0.0000010 0.0000010 0.0000010 0.0000010 0.0000010 0.0817412 0.0000000 0.0805822 0.0396395 0.1977844 0.0815475 0.0601983 0.0000010 0.0817412 0.1030670 0.0000010 0.0817412 0.0000010 0.0000010 0.1021483 0.0000010 0.1276043 0.0805822 0.1251222 0.0000010 0.1695252 0.1034844 1.1527739 0.1023470 0.0805822 0.1179901 0.0805822 0.0196758 0.0000010 0.0000010 0.0000010 0.0000010 0.0000010 0.0000010 0.1035305 0.1206763 0.0000010 0.0000010 0.1484292 0.0000010 0.1019997 0.0000010 0.0000010 0.0811340 0.0000010 0.0000010 0.0805822 0.0601983 0.1023470 0.0000010 0.0000010 0.0000010 0.0000010 0.0000010 0.0195214 0.1731023 0.0000010 0.1030770 0.0817412 0.0000010 
Perityle_congesta_202                      0.1117959 0.2557792 0.1140212 0.2911503 0.1237818 0.1946419 0.2541860 0.2259981 0.3051815 0.0962944 0.1291008 0.2655454 0.1197002 0.2598623 0.0260101 0.3030944 0.0243786 0.1460255 0.2969835 0.2940085 0.1951824 0.2916150 0.1958873 0.0339076 0.0805822 0.0000000 0.1282219 0.4471481 0.2725587 0.1080457 0.1926039 0.1211704 0.1474997 0.1901321 0.1727024 0.3000500 0.2488504 0.2906919 0.2899818 0.0610154 0.0546403 0.2887744 0.2827023 0.2900899 0.2753734 0.1886653 0.0546483 0.0225097 0.2862915 0.2689555 0.0659977 0.2776854 0.1144994 0.2747925 0.2965575 0.2614318 0.2647800 0.0299478 0.0163328 0.2931538 0.2359517 0.1496110 0.2247561 0.1541423 0.2904823 0.2684663 0.1317777 0.1509964 0.2434126 0.1493291 0.1023250 0.0296662 0.2879412 0.3094966 0.0818885 0.3349389 0.3099635 0.1208707 0.2426117 0.2556228 0.0233422 0.1416799 0.2250835 
Perityle_cordifolia_27                     0.1151869 0.2753868 0.1152030 0.3277125 0.1324941 0.2001527 0.2789787 0.2816750 0.3632114 0.1194295 0.1683998 0.2980190 0.1917609 0.2936060 0.1335262 0.3328636 0.1423215 0.1513467 0.3115771 0.3227757 0.2239305 0.3205399 0.2451532 0.1332158 0.0396395 0.1282219 0.0000000 0.4955831 0.2913122 0.1321424 0.2086110 0.1332023 0.1722919 0.1746822 0.1634786 0.3045928 0.2712873 0.2923017 0.3123286 0.2268645 0.1548375 0.2932800 0.3132180 0.2977365 0.2906821 0.2039524 0.1363603 0.1244049 0.2958025 0.3043430 0.0905622 0.2973955 0.0139448 0.2966122 0.3406998 0.3072992 0.3247838 0.1439172 0.1323525 0.3107371 0.2397887 0.1921925 0.2886220 0.2749915 0.3120055 0.2813775 0.1604969 0.2207154 0.2697147 0.2450566 0.1240088 0.1290200 0.3145699 0.3255400 0.1062134 0.3469298 0.3247952 0.1198470 0.3555546 0.2690248 0.1383678 0.1418333 0.2747331 
Perityle_cordifolia_68_tecolote            0.4683282 0.4268320 0.4671383 0.5423813 0.4611311 0.4884979 0.4779381 0.4558616 0.5714640 0.4507741 0.4870887 0.4585663 0.4887807 0.4483497 0.4872181 0.4875571 0.4165148 0.5124630 0.4461013 0.4574380 0.4524248 0.4562713 0.4202363 0.4512360 0.1977844 0.4471481 0.4955831 0.0000000 0.4193824 0.4643568 0.4880525 0.4933808 0.4508722 0.5500225 0.4501590 0.4567481 0.4510487 0.4250273 0.4572861 0.4279623 0.4634221 0.4141994 0.4585051 0.4077741 0.4203536 0.5734070 0.4941356 0.4512738 0.4002020 0.4442594 0.4967958 0.4591143 0.5298037 0.4573195 0.4798547 0.4530443 0.4681935 0.4799380 0.4593036 0.4573407 0.5369389 0.4087802 0.4324190 0.4304018 0.4487328 0.4645530 0.4713646 0.4160384 0.4525819 0.5411953 0.4637332 0.4655849 0.4708313 0.4677619 0.5167673 0.5017716 0.4679790 0.4987165 0.5025887 0.4301033 0.3921264 0.4882026 0.4353965 
Perityle_coronopifolia_28_patagonia        0.2325164 0.1039780 0.2352979 0.3178378 0.2373099 0.1251981 0.2259672 0.1324303 0.3620445 0.2326410 0.2707824 0.0992578 0.2601672 0.0923105 0.2398993 0.1153821 0.2525339 0.2677411 0.0428913 0.0973517 0.1786171 0.0974735 0.0875642 0.2737774 0.0815475 0.2725587 0.2913122 0.4193824 0.0000000 0.2064121 0.0760449 0.2540197 0.3197416 0.3013767 0.2502084 0.1211138 0.0948502 0.1214823 0.1286754 0.3211234 0.2589314 0.1221748 0.0913047 0.1148435 0.1217447 0.3377621 0.3055165 0.2629690 0.1162310 0.0946055 0.2447387 0.0925478 0.2829160 0.0921560 0.1378272 0.1474004 0.1388028 0.2806921 0.2346945 0.0179442 0.1272494 0.1725965 0.1660477 0.3823263 0.0047990 0.1328595 0.3093446 0.1313987 0.0911817 0.1800751 0.2351793 0.2634838 0.0895754 0.1438986 0.2222050 0.1643284 0.0463683 0.3046058 0.4508892 0.0139636 0.2633097 0.2416286 0.0508756 
Perityle_crassifolia_70_ventanas           0.0929440 0.2204204 0.0919124 0.2959193 0.1181345 0.1973701 0.2059942 0.2309372 0.3223159 0.0141747 0.1053897 0.2118526 0.1312948 0.2113435 0.1053733 0.2359392 0.0864883 0.0982421 0.2197130 0.2228263 0.1709887 0.2173453 0.2059778 0.1113077 0.0601983 0.1080457 0.1321424 0.4643568 0.2064121 0.0000000 0.1938385 0.1070731 0.0224234 0.1504444 0.1107177 0.2276245 0.1833876 0.2104644 0.2201755 0.1580533 0.1179480 0.2101422 0.2092277 0.2157410 0.2187285 0.1702213 0.1144403 0.1098450 0.2071271 0.2038706 0.1111871 0.2000335 0.1300670 0.1961668 0.2340623 0.2550482 0.2510308 0.1215479 0.1028164 0.2183606 0.1978798 0.1787402 0.1933286 0.2620439 0.2202228 0.1938070 0.1094302 0.1581630 0.1828162 0.1976640 0.0000010 0.1137511 0.2130027 0.2201204 0.1147788 0.2064359 0.2342113 0.1170511 0.3324154 0.1906450 0.0947052 0.0735036 0.2070418 
Perityle_crassifolia_74_playa_balandra     0.2009108 0.0647334 0.1972997 0.3376265 0.1753711 0.1178389 0.1085352 0.1077207 0.3450205 0.1937530 0.1955353 0.0790190 0.1770992 0.0802289 0.1818724 0.0907856 0.1645006 0.2140299 0.0746738 0.0896559 0.1510790 0.0851523 0.0926786 0.1809910 0.0000010 0.1926039 0.2086110 0.4880525 0.0760449 0.1938385 0.0000000 0.2100088 0.1938388 0.1724115 0.2504217 0.0848331 0.0803582 0.0740843 0.0938950 0.2004359 0.1786414 0.0863409 0.0884403 0.0651602 0.0739785 0.1795676 0.1859444 0.1796125 0.0714888 0.0852177 0.1858928 0.0834635 0.2009818 0.0818741 0.0791729 0.1158505 0.1269437 0.1940483 0.1803266 0.0793912 0.1193580 0.1195069 0.1062688 0.3169297 0.0776410 0.0850183 0.1924573 0.1437081 0.0821122 0.1406676 0.1938385 0.1923412 0.0867887 0.0819552 0.1875153 0.0957127 0.0777638 0.1907224 0.3300952 0.0803324 0.1739042 0.2121648 0.0775173 
Perityle_cuneata_4                         0.0970344 0.2402430 0.0962362 0.3282995 0.1134313 0.1889916 0.2318218 0.2387416 0.3630789 0.0955948 0.1251670 0.2477974 0.1704640 0.2497861 0.1044818 0.2817325 0.1208718 0.0913815 0.2629312 0.2760709 0.1785549 0.2723953 0.2385589 0.1246036 0.0817412 0.1211704 0.1332023 0.4933808 0.2540197 0.1070731 0.2100088 0.0000000 0.1030572 0.1493879 0.1453944 0.2578821 0.2128494 0.2529776 0.2363856 0.2088507 0.1481311 0.2485166 0.2627291 0.2523407 0.2458184 0.1718528 0.1267045 0.1186422 0.2481060 0.2615322 0.1153210 0.2477580 0.1219567 0.2509295 0.2707852 0.2723682 0.2977802 0.1325496 0.1191231 0.2729607 0.2064979 0.1859461 0.2100235 0.2946326 0.2699622 0.2488833 0.1182552 0.1947732 0.2083232 0.2443753 0.1008931 0.1279977 0.2665378 0.2660990 0.1117987 0.2589517 0.2814438 0.1318518 0.3835604 0.2130871 0.1308907 0.0752876 0.2127517 
Perityle_discoidea_81                      0.0822450 0.2940205 0.0814752 0.2997207 0.1215833 0.1903611 0.2577119 0.2655153 0.3298468 0.0075523 0.1725777 0.3180458 0.1894047 0.3017729 0.1571448 0.3518936 0.1614713 0.1212834 0.3349147 0.3438546 0.2549022 0.3416102 0.2112689 0.1576183 0.1030670 0.1474997 0.1722919 0.4508722 0.3197416 0.0224234 0.1938388 0.1030572 0.0000000 0.1783892 0.1074518 0.3448097 0.2887677 0.3254518 0.3297225 0.2556173 0.1751463 0.3239579 0.3273421 0.3358308 0.3229900 0.1998290 0.1613662 0.1438211 0.3301136 0.3160633 0.1074343 0.3167337 0.1676622 0.3185808 0.3245443 0.2849644 0.2732342 0.1650651 0.1425595 0.3370962 0.2268135 0.1703310 0.2926737 0.3158879 0.3398469 0.2913026 0.1644154 0.1775120 0.2703411 0.2681587 0.0209900 0.1532596 0.3311864 0.3335379 0.1144742 0.3549023 0.3525126 0.1739452 0.3894444 0.3099018 0.1635662 0.0947161 0.2750830 
Perityle_dissecta_201                      0.1301394 0.2834472 0.1340431 0.3502694 0.1353276 0.1793801 0.2769347 0.2240870 0.4228177 0.1316918 0.1933365 0.2599087 0.2318098 0.2614520 0.1483922 0.3020727 0.1983238 0.1612681 0.2862216 0.2918777 0.1840671 0.2880073 0.2142807 0.1846392 0.0000010 0.1901321 0.1746822 0.5500225 0.3013767 0.1504444 0.1724115 0.1493879 0.1783892 0.0000000 0.1958289 0.2783127 0.2314024 0.2911221 0.2594441 0.3092996 0.1957705 0.2943314 0.2892525 0.2931228 0.2909044 0.1203360 0.1676841 0.1830659 0.2935268 0.3163034 0.1240221 0.2714535 0.1386039 0.2715243 0.2928013 0.2607795 0.2791215 0.1981061 0.1895659 0.2919522 0.2184069 0.2060061 0.2143920 0.3899628 0.2891632 0.2600445 0.1821297 0.1748644 0.2305576 0.2836852 0.1397871 0.1901206 0.2903474 0.2645324 0.0783865 0.2959392 0.2980659 0.1544867 0.4676162 0.2373698 0.2167192 0.1785227 0.2319522 
Perityle_emoryi_47_punta_san_jose          0.0585543 0.2483220 0.0448459 0.2588781 0.1481889 0.2528039 0.2477803 0.2649863 0.2890514 0.1092775 0.1358526 0.2859579 0.1855997 0.2864301 0.1503697 0.3095847 0.1088833 0.1414440 0.2713883 0.2905289 0.2356014 0.2917123 0.2509126 0.1549071 0.0817412 0.1727024 0.1634786 0.4501590 0.2502084 0.1107177 0.2504217 0.1453944 0.1074518 0.1958289 0.0000000 0.3019910 0.2614518 0.2475317 0.2912950 0.1655273 0.1613463 0.2643509 0.2857307 0.2637786 0.2505988 0.2417029 0.1713821 0.1487502 0.2512247 0.2694279 0.1642978 0.2695297 0.1713800 0.2703250 0.2924166 0.2931179 0.2594590 0.1670561 0.1503367 0.2738213 0.2290086 0.2432075 0.2606910 0.2194017 0.2728128 0.2578794 0.1407279 0.2589297 0.2615730 0.2469352 0.1107177 0.1613723 0.2896993 0.2920132 0.1768461 0.2684132 0.2899387 0.1541533 0.2354531 0.2306699 0.0968757 0.1228677 0.2600455 
Perityle_feddemae_99                       0.2529595 0.1192296 0.2585623 0.3760544 0.2293579 0.1188652 0.2586778 0.1504458 0.3801618 0.2508885 0.2947025 0.1403335 0.2935575 0.1122520 0.2572351 0.1609705 0.2802259 0.2779370 0.1183684 0.1420465 0.2120545 0.1411844 0.0909646 0.2924355 0.0000010 0.3000500 0.3045928 0.4567481 0.1211138 0.2276245 0.0848331 0.2578821 0.3448097 0.2783127 0.3019910 0.0000000 0.1299575 0.0882491 0.1606090 0.3452768 0.2795523 0.0145294 0.1383359 0.0216935 0.0782631 0.2990475 0.3294501 0.2859097 0.0191515 0.1358386 0.2570702 0.1306354 0.2946607 0.1337050 0.1701180 0.1607397 0.1557419 0.3005044 0.2648316 0.1202891 0.1890446 0.1721274 0.1728324 0.4425298 0.1210037 0.1424842 0.3269023 0.1414480 0.1191672 0.2069440 0.2551074 0.2828734 0.1352591 0.1618402 0.2478544 0.1948734 0.1307296 0.3201072 0.4922821 0.1154014 0.2959538 0.2598956 0.0935739 
Perityle_fosteri_93                        0.1911243 0.1106368 0.1851155 0.3667214 0.1895851 0.1095942 0.2188902 0.1208486 0.3534485 0.1817088 0.2763533 0.0226869 0.2580943 0.0184780 0.2387547 0.0384375 0.2487499 0.2362639 0.0871803 0.0322252 0.0999720 0.0274146 0.0251085 0.2433577 0.0000010 0.2488504 0.2712873 0.4510487 0.0948502 0.1833876 0.0803582 0.2128494 0.2887677 0.2314024 0.2614518 0.1299575 0.0000000 0.1281666 0.0413107 0.3412438 0.2264756 0.1341978 0.0150102 0.1252873 0.1414970 0.2392657 0.2827786 0.2366157 0.1286536 0.0140588 0.2048391 0.0168597 0.2594249 0.0083801 0.1286186 0.0709478 0.0892667 0.2520004 0.2318347 0.1006050 0.1689002 0.1390673 0.1168781 0.4303563 0.0948331 0.0782553 0.2770179 0.0794134 0.0144194 0.1681597 0.1833876 0.2447125 0.0150073 0.0715279 0.2176496 0.1764276 0.1004723 0.2636194 0.4485888 0.1039697 0.2612001 0.2468098 0.0968069 
Perityle_gamon_221                         0.2341250 0.1152562 0.2369541 0.3326413 0.2341848 0.1230627 0.2397737 0.1400918 0.3505189 0.2386113 0.2714233 0.1509360 0.2787342 0.1221990 0.2535416 0.1708142 0.2632842 0.2689436 0.1134980 0.1544446 0.2210459 0.1537087 0.0984896 0.2891263 0.1021483 0.2906919 0.2923017 0.4250273 0.1214823 0.2104644 0.0740843 0.2529776 0.3254518 0.2911221 0.2475317 0.0882491 0.1281666 0.0000000 0.1588276 0.3223225 0.2708949 0.0865912 0.1498899 0.0787962 0.0216381 0.3368822 0.3099518 0.2766586 0.0750726 0.1457367 0.2445799 0.1347417 0.2951247 0.1389122 0.1608116 0.1640585 0.1556653 0.2946178 0.2461496 0.1230006 0.1636492 0.1693155 0.1732852 0.3974427 0.1206780 0.1505565 0.3054690 0.1469434 0.1152415 0.2015658 0.2399410 0.2720390 0.1478606 0.1777937 0.2272134 0.1940508 0.1252367 0.3177406 0.4604839 0.1068033 0.2692907 0.2363574 0.0869134 
Perityle_gentryi_8_san_francisco           0.2333862 0.1469298 0.2319970 0.3601907 0.2046199 0.1317048 0.2520224 0.1420630 0.3597766 0.2163176 0.3140644 0.0407412 0.2879533 0.0385914 0.2737404 0.0122324 0.2619919 0.2674005 0.1178136 0.0524742 0.1230219 0.0449744 0.0540995 0.2716147 0.0000010 0.2899818 0.3123286 0.4572861 0.1286754 0.2201755 0.0938950 0.2363856 0.3297225 0.2594441 0.2912950 0.1606090 0.0413107 0.1588276 0.0000000 0.3266526 0.2554432 0.1653690 0.0402216 0.1576014 0.1646437 0.2855016 0.3256534 0.2658348 0.1588665 0.0369237 0.2341123 0.0411856 0.3034919 0.0390595 0.1701667 0.0760539 0.0922502 0.2832500 0.2602534 0.1304335 0.1936043 0.1652687 0.1325291 0.4341575 0.1286492 0.1096857 0.3172141 0.1050523 0.0421516 0.1869573 0.2201755 0.2772970 0.0369237 0.0866962 0.2504601 0.2079164 0.1340969 0.3129738 0.4408321 0.1266877 0.2813762 0.2636505 0.1303686 
Perityle_gilensis_22_Superstition          0.1604357 0.3110318 0.1632779 0.2236153 0.2005491 0.2066720 0.3330923 0.2945854 0.1797865 0.1604665 0.1875571 0.3547271 0.1815647 0.2994379 0.0898171 0.3531424 0.0703302 0.2310269 0.3536982 0.3498899 0.3395264 0.3512185 0.2452818 0.0802239 0.1276043 0.0610154 0.2268645 0.4279623 0.3211234 0.1580533 0.2004359 0.2088507 0.2556173 0.3092996 0.1655273 0.3452768 0.3412438 0.3223225 0.3266526 0.0000000 0.0781751 0.3142754 0.3533571 0.3283969 0.3184581 0.3580930 0.1695938 0.0530366 0.3178989 0.3101954 0.2009698 0.3428178 0.2306286 0.3396390 0.4054769 0.2688603 0.2696834 0.0824199 0.0622946 0.3511767 0.2847812 0.2836026 0.3325447 0.1647896 0.3612324 0.3360498 0.1982436 0.2522462 0.3198433 0.0047217 0.1580533 0.0630535 0.3519587 0.3759747 0.1923100 0.4082539 0.3781497 0.2169495 0.1759771 0.3430346 0.0570408 0.2260214 0.2932540 
Perityle_gilensis_salensis_225             0.1277941 0.2326516 0.1314610 0.3091360 0.1391077 0.1862925 0.2458941 0.2208125 0.3132626 0.1284400 0.1452462 0.2367111 0.1207677 0.2311941 0.0297863 0.2764688 0.0321900 0.1569486 0.2812076 0.2662719 0.2058861 0.2624873 0.1823082 0.0488059 0.0805822 0.0546403 0.1548375 0.4634221 0.2589314 0.1179480 0.1786414 0.1481311 0.1751463 0.1957705 0.1613463 0.2795523 0.2264756 0.2708949 0.2554432 0.0781751 0.0000000 0.2687213 0.2598422 0.2711386 0.2601231 0.2147555 0.0965221 0.0478857 0.2649379 0.2426079 0.1052495 0.2530668 0.1456968 0.2484122 0.2868366 0.2396802 0.2452255 0.0536846 0.0297795 0.2764942 0.2247863 0.1811257 0.1967403 0.1918495 0.2750990 0.2368557 0.1612292 0.1540223 0.2152579 0.1450803 0.1347734 0.0388984 0.2620741 0.2768041 0.0929742 0.3191570 0.2998765 0.1537226 0.2597307 0.2517272 0.0318238 0.1509571 0.2121678 
Perityle_glaucescens_94                    0.2347526 0.1174949 0.2413097 0.3411409 0.2205126 0.1159679 0.2460209 0.1558811 0.3404565 0.2362332 0.2741517 0.1465817 0.2784813 0.1160651 0.2535949 0.1662004 0.2617930 0.2686315 0.1182759 0.1481320 0.2218163 0.1463467 0.0966012 0.2824509 0.1251222 0.2887744 0.2932800 0.4141994 0.1221748 0.2101422 0.0863409 0.2485166 0.3239579 0.2943314 0.2643509 0.0145294 0.1341978 0.0865912 0.1653690 0.3142754 0.2687213 0.0000000 0.1425761 0.0225839 0.0853786 0.3350606 0.3176062 0.2763972 0.0198841 0.1414118 0.2473497 0.1334981 0.2970268 0.1355673 0.1691199 0.1671944 0.1640666 0.2914831 0.2535979 0.1235332 0.1858011 0.1691788 0.1763870 0.4022973 0.1223611 0.1445294 0.3161968 0.1515875 0.1234296 0.1985370 0.2400740 0.2708208 0.1394947 0.1679213 0.2397118 0.1946201 0.1339982 0.3037876 0.4587780 0.1140633 0.2766034 0.2473320 0.0945391 
Perityle_gracilis_11                       0.2405606 0.1176105 0.2411240 0.3682292 0.2410594 0.1212502 0.2366648 0.1235015 0.4026202 0.2322585 0.2896951 0.0219110 0.2774057 0.0192548 0.2317309 0.0368494 0.2620523 0.2842726 0.0864553 0.0314451 0.1129869 0.0281107 0.0251194 0.2740487 0.0000010 0.2827023 0.3132180 0.4585051 0.0913047 0.2092277 0.0884403 0.2627291 0.3273421 0.2892525 0.2857307 0.1383359 0.0150102 0.1498899 0.0402216 0.3533571 0.2598422 0.1425761 0.0000000 0.1337502 0.1559294 0.2902104 0.3070499 0.2697621 0.1389266 0.0040481 0.2511659 0.0092507 0.2810366 0.0151518 0.1307114 0.0713319 0.0865972 0.2814721 0.2424108 0.0954561 0.1747722 0.1851049 0.1167458 0.4394277 0.0912904 0.0822380 0.3237778 0.0751263 0.0092963 0.1648210 0.2365518 0.2698659 0.0048677 0.0764951 0.2128442 0.1794699 0.0974735 0.3079083 0.4924043 0.1000153 0.2762940 0.2615695 0.0955911 
Perityle_harkerae_31                       0.2334475 0.1124663 0.2390859 0.3416432 0.2285479 0.0996272 0.2488107 0.1407882 0.3609853 0.2442087 0.2800944 0.1387646 0.2696406 0.1055227 0.2497807 0.1567206 0.2659560 0.2704697 0.1071860 0.1406065 0.2179872 0.1387798 0.0829273 0.2877287 0.1695252 0.2900899 0.2977365 0.4077741 0.1148435 0.2157410 0.0651602 0.2523407 0.3358308 0.2931228 0.2637786 0.0216935 0.1252873 0.0787962 0.1576014 0.3283969 0.2711386 0.0225839 0.1337502 0.0000000 0.0756082 0.3160020 0.3211267 0.2786885 0.0120270 0.1340470 0.2476411 0.1234133 0.2934021 0.1264858 0.1571397 0.1589937 0.1521304 0.2926272 0.2527443 0.1155535 0.1761557 0.1614865 0.1693123 0.4178557 0.1143738 0.1332106 0.3268390 0.1281640 0.1122425 0.1928855 0.2482782 0.2756977 0.1306222 0.1563133 0.2398136 0.1827879 0.1221718 0.3112246 0.4673024 0.1084138 0.2781728 0.2450674 0.0800814 
Perityle_hofmeisteria_4_nombre_de_dios     0.2184225 0.1115188 0.2157676 0.2967657 0.2150024 0.1148783 0.2658610 0.1400422 0.3063848 0.2153191 0.2873937 0.1536366 0.2877712 0.1218478 0.2721125 0.1804881 0.2596901 0.2709860 0.1078251 0.1603516 0.2171835 0.1572174 0.1015117 0.2760395 0.1034844 0.2753734 0.2906821 0.4203536 0.1217447 0.2187285 0.0739785 0.2458184 0.3229900 0.2909044 0.2505988 0.0782631 0.1414970 0.0216381 0.1646437 0.3184581 0.2601231 0.0853786 0.1559294 0.0756082 0.0000000 0.3546282 0.3003868 0.2586314 0.0733387 0.1506047 0.2409763 0.1384935 0.2831270 0.1404600 0.1620435 0.1362021 0.1390164 0.2846291 0.2626166 0.1214737 0.1672941 0.1557804 0.1762665 0.3750795 0.1211349 0.1549647 0.2982054 0.1468701 0.1302841 0.2215348 0.2187285 0.2684980 0.1549853 0.1959981 0.2367102 0.2085550 0.1288559 0.3217399 0.3923311 0.1053650 0.2702323 0.2588820 0.0929573 
