85
Amauria_brandeegeana_62                    0.0000000 0.1248729 0.2851217 0.3462248 0.3309690 0.3223093 0.6684940 0.3422772 0.2113247 0.0124329 0.2484884 0.4938185 0.4923805 0.4926242 0.4109585 0.5562169 0.5765080 0.6270825 0.3929246 0.6571927 0.4937113 0.4563477 0.0939728 0.4941750 0.4381599 0.5136082 0.4971883 0.4560270 0.3462941 0.1050374 0.3832155 0.2493827 0.0817350 0.5154432 0.4956164 0.4208035 0.5158690 0.3016684 0.5436898 0.4800939 0.4756747 0.4256273 0.4490779 0.4122225 0.4643244 0.4844423 0.4583093 0.5538224 0.3762387 0.5208999 0.4936287 0.4933739 0.3885354 0.4174862 0.4533908 0.2807373 0.3319968 0.3974451 0.4713418 0.4718515 0.5506395 0.3973363 0.1915570 0.4857734 0.4623327 0.7487263 0.4581939 0.5313167 0.5765080 0.8535542 0.4795172 0.4191343 0.4744442 0.4748778 0.4946263 0.6406196 0.4720915 0.5361648 0.5014564 0.4726963 0.1701534 0.4782660 0.4725617 0.7295170 0.3320213 
Amauria_carterae_99_mesa                   0.1248729 0.0000000 0.1425282 0.3873926 0.2275182 0.2997076 0.3834228 0.1945906 0.2418727 0.1250277 0.2738032 0.1946172 0.1814305 0.1992106 0.1781264 0.2121014 0.6628586 0.5299409 0.2055823 0.6628586 0.1698045 0.1707397 0.0860913 0.1872831 0.1908572 0.1915230 0.1805337 0.2282502 0.1778199 0.1359899 0.1834029 0.2145891 0.1336766 0.1668777 0.2004538 0.2220579 0.1864992 0.2326571 0.2212167 0.3895829 0.1614373 0.2142631 0.1933883 0.2074734 0.2205531 0.1732422 0.1959192 0.1817005 0.2163169 0.2005077 0.1943204 0.1759964 0.2071007 0.1809879 0.2346502 0.1797296 0.1707969 0.1710220 0.1707397 0.1964017 0.4196179 0.1974056 0.1472875 0.1585912 0.2305169 2.1478435 0.1971290 0.2208121 1.7554602 1.8092706 0.2116238 0.1929451 0.1819407 0.1793573 0.1609518 0.0000010 0.2065179 0.1835044 0.1847395 0.1652835 0.1535772 0.1737119 0.1965730 0.0000010 0.1866053 
Amauria_rotundifolia_SRR9119150            0.2851217 0.1425282 0.0000000 0.2621053 0.2504325 0.3129674 0.5027109 0.2790266 0.3100375 0.1941636 0.2972607 0.3328932 0.3089760 0.3068335 0.3213845 0.3566770 0.2489156 0.2687357 0.3002135 0.2059102 0.3635918 0.3223319 0.0946369 0.3437677 0.2754842 0.3629441 0.5068700 0.5112958 0.2469140 0.1275316 0.3234641 0.3106139 0.2364127 0.3372187 0.3313882 0.5416705 0.3390639 0.3885951 0.3582896 0.3199192 0.3033622 0.5100347 0.3244588 0.4496808 0.6312271 0.3828477 0.3331258 0.3799539 0.4498141 0.3601626 0.3268858 0.3110547 0.3151442 0.2738756 0.4606476 0.2347778 0.2787379 0.3224078 0.3266052 0.3774943 0.1964964 0.2735276 0.1645170 0.4890617 0.3580915 0.1933034 0.3860964 0.3170865 0.1905432 0.2510765 0.3933465 0.3870597 0.3379769 0.3410978 0.3206732 0.1321931 0.3825623 0.6005971 0.3190452 0.3795586 0.2591105 0.3277601 0.2977236 0.1535423 0.3420533 
Conoclinium_coelestinum_SRR9119114         0.3462248 0.3873926 0.2621053 0.0000000 0.2184920 0.4173847 0.2282345 0.3666050 0.4441240 0.3168224 0.2953369 0.3519294 0.3507598 0.3416123 0.3381600 0.3643830 0.1274698 0.3469516 0.3382753 0.1269084 0.4799169 0.3340087 0.1964318 0.3756161 0.3328707 0.3521702 0.5522932 0.4966934 0.3661593 0.3129872 0.2881992 0.4369893 0.2410511 0.3110168 0.3389752 0.5985745 0.3461635 0.4530611 0.3656179 0.3137462 0.3444793 0.5290554 0.3467632 0.4915899 0.6674319 0.4934673 0.3553021 0.3545991 0.5043873 0.3521318 0.3594984 0.3333934 0.4109505 0.3369825 0.5152094 0.4134781 0.4649003 0.3374885 0.3313565 0.3822380 0.1758566 0.3650208 0.3419761 0.5992947 0.3673382 0.1333882 0.3816145 0.3755742 0.1573605 0.2244220 0.3944645 0.4915188 0.3441132 0.3384392 0.3380646 0.1431319 0.3976723 0.6222313 0.3286437 0.4878075 0.4366415 0.3350425 0.3575326 0.1540224 0.4983022 
Eutetras_palmeri_63                        0.3309690 0.2275182 0.2504325 0.2184920 0.0000000 0.1099269 0.4387968 0.2976002 0.3145527 0.2495958 0.2786652 0.3307622 0.3215578 0.3273592 0.3350009 0.3605163 0.2501130 0.3100588 0.2843512 0.2365317 0.3760678 0.3370083 0.0943193 0.3651799 0.3111553 0.3448994 0.5182300 0.4875558 0.2708455 0.1918399 0.2833238 0.3101218 0.2512685 0.3125549 0.3061104 0.5293544 0.3310145 0.4460766 0.3557555 0.3389955 0.3061950 0.4866531 0.3412300 0.4044493 0.6068136 0.4033185 0.3329940 0.3406442 0.4395826 0.3548487 0.3253652 0.3232334 0.3374972 0.2976617 0.4937732 0.2655368 0.3163346 0.3194300 0.3324137 0.3708227 0.2005806 0.2729785 0.1922396 0.5273985 0.3302353 0.1365996 0.3659866 0.2984174 0.1550130 0.2742077 0.3777020 0.3824503 0.3285206 0.3408238 0.3090757 0.1237120 0.3655755 0.5727114 0.3148971 0.3950715 0.2814632 0.3338865 0.2823917 0.1461011 0.3518932 
Eutetras_pringlei_149_quer                 0.3223093 0.2997076 0.3129674 0.4173847 0.1099269 0.0000000 0.3760071 0.3536791 0.3957667 0.3177744 0.3138370 0.3659784 0.3503430 0.3959457 0.3560721 0.3870206 0.0000010 0.4962149 0.3009700 0.0000010 0.3439356 0.3292177 0.1117983 0.3772111 0.3526189 0.3801402 0.3358168 0.3627743 0.2946305 0.2959473 0.3134361 0.3010011 0.3177744 0.3383824 0.3331239 0.3285938 0.3439356 0.4141077 0.4009638 0.2149875 0.3316123 0.3160244 0.3841692 0.3037680 0.2869970 0.3599640 0.3869886 0.3634989 0.3238023 0.3412977 0.3524006 0.3760057 0.3801524 0.3561149 0.3554257 0.3461675 0.3522465 0.3488309 0.3292177 0.3418853 0.4196179 0.3144388 0.3184796 0.3439508 0.3636390 0.0000010 0.3045517 0.3150578 0.0000010 0.0000010 0.3774332 0.3207218 0.3521279 0.3612048 0.3300908 0.0000010 0.3114527 0.3340598 0.3332821 0.3495413 0.3092100 0.3334750 0.3331239 0.0000010 0.2936665 
Eutrochium_fistulosum_SRR9119106           0.6684940 0.3834228 0.5027109 0.2282345 0.4387968 0.3760071 0.0000000 0.3727730 0.5238133 0.6240904 0.5777125 0.5207929 0.5135408 0.5068437 0.4877896 0.5376495 0.2693123 0.4480034 0.5548926 0.2801723 0.6423405 0.4954855 0.1564626 0.5368106 0.4399642 0.5331066 0.7053905 0.7735816 0.4186878 0.3444508 0.4495830 0.7094398 0.4633133 0.5190152 0.5635869 0.7895418 0.5207335 0.6954829 0.5374539 0.4323289 0.4900784 0.7646426 0.4970575 0.7134681 0.8077378 0.6521312 0.5045327 0.5528398 0.6662922 0.5260045 0.5058784 0.4923037 0.5288885 0.4618958 0.7852433 0.4344365 0.5455819 0.4876894 0.4869256 0.5464781 0.2701525 0.5038054 0.3605941 0.7127809 0.6025248 0.2007335 0.5681188 0.5436485 0.2206282 0.3863319 0.5519900 0.6121615 0.5110686 0.5015720 0.5148991 0.1721410 0.5857605 0.7381873 0.5291159 0.6527872 0.4545271 0.4974905 0.5230112 0.1834094 0.6175423 
Galeana_pratensis_104_mex                  0.3422772 0.1945906 0.2790266 0.3666050 0.2976002 0.3536791 0.3727730 0.0000000 0.2325405 0.2954973 0.3039481 0.2102758 0.1995823 0.2045355 0.1880293 0.2184104 0.1784458 0.3599407 0.2195584 0.2078078 0.2066964 0.1924313 0.0860620 0.2157758 0.2027092 0.1949569 0.3157965 0.2910946 0.1898763 0.1590261 0.2043119 0.3762546 0.2547065 0.2106484 0.2170895 0.3864573 0.1861443 0.5125895 0.2138594 0.2306849 0.1955722 0.2805841 0.1921202 0.2353805 0.4072080 0.2090234 0.1928561 0.2020220 0.2355028 0.2138029 0.2026111 0.2077052 0.2158995 0.1885498 0.2738428 0.2031046 0.2003391 0.1742778 0.1877111 0.2433493 0.2672823 0.2334599 0.1942110 0.3814428 0.2508281 0.2009749 0.2122302 0.2206012 0.1775520 0.1980387 0.2068544 0.2373380 0.1991613 0.1899356 0.1975486 0.1797718 0.2348210 0.3877356 0.2078106 0.2249135 0.1851164 0.1934611 0.2189070 0.1876550 0.2322561 
Helianthus_annuus_SRR9119062               0.2113247 0.2418727 0.3100375 0.4441240 0.3145527 0.3957667 0.5238133 0.2325405 0.0000000 0.2169471 0.3283073 0.1913785 0.1717026 0.1842672 0.1771001 0.1730811 0.0000010 0.5221792 0.2085639 0.0000010 0.1636995 0.1497576 0.1140721 0.1671729 0.1860883 0.1825937 0.1943184 0.2445334 0.1474244 0.1581855 0.2081993 0.2472277 0.2169471 0.1674634 0.1814959 0.2436329 0.1636995 0.3554319 0.1780989 0.3427446 0.1628743 0.2265872 0.1802407 0.2337892 0.2383814 0.1810887 0.1873062 0.1772962 0.2484534 0.1918838 0.1776230 0.1660776 0.2106446 0.1768258 0.2369050 0.1992955 0.1816573 0.1737017 0.1497576 0.2368228 0.4196179 0.2343580 0.1631128 0.1826825 0.2337774 0.0000010 0.1912704 0.2155622 0.0000010 0.0000010 0.1906820 0.1881816 0.1775816 0.1703617 0.1762502 0.0000010 0.1962805 0.1983128 0.1774141 0.1767219 0.2177170 0.1581608 0.1814959 0.0000010 0.2072652 
Lycapsus_tenuifolius_17                    0.0124329 0.1250277 0.1941636 0.3168224 0.2495958 0.3177744 0.6240904 0.2954973 0.2169471 0.0000000 0.2149310 0.4225392 0.4151604 0.4112836 0.3777070 0.4768701 0.0000010 0.6069277 0.2967943 0.0000010 0.4190340 0.3952666 0.0859926 0.4134725 0.3465525 0.4697026 0.4167191 0.3689629 0.3161325 0.1012172 0.2893468 0.1877317 0.0020076 0.4346079 0.4178892 0.3481175 0.4368666 0.2025455 0.4624202 0.4460978 0.3954524 0.3522859 0.3890296 0.3361458 0.3753803 0.4086669 0.3903425 0.4944747 0.3062125 0.4204946 0.4283787 0.4117665 0.3337277 0.3860481 0.3654095 0.2774551 0.3289520 0.3510238 0.4047854 0.3924943 0.4196179 0.2999769 0.1879535 0.4003229 0.3614434 1.7528442 0.4246158 0.4655947 0.0000010 1.2784875 0.4154468 0.3476427 0.4073667 0.4074269 0.4162619 0.0000010 0.4362737 0.4345004 0.4257373 0.4091611 0.1662605 0.4088773 0.3971677 0.0000010 0.3168437 
Pericome_caudata_50_silver                 0.2484884 0.2738032 0.2972607 0.2953369 0.2786652 0.3138370 0.5777125 0.3039481 0.3283073 0.2149310 0.0000000 0.4208487 0.4112335 0.4179756 0.4047288 0.4572284 0.2650598 0.3246020 0.3699221 0.2345179 0.5482086 0.4036883 0.1019442 0.4795381 0.3775542 0.4187471 0.6335481 0.6462729 0.2336935 0.2723313 0.4019809 0.3586607 0.2481973 0.4088739 0.4019570 0.6706039 0.4334140 0.4929517 0.4526961 0.3441804 0.3852977 0.6549008 0.3953813 0.5699209 0.6767203 0.5703180 0.3969242 0.4305153 0.5897487 0.4259678 0.4087957 0.4087738 0.4557004 0.3668867 0.6274300 0.3636987 0.4197143 0.3605462 0.3966605 0.4264997 0.1620601 0.3514207 0.2921620 0.6525049 0.4316360 0.1459237 0.3369857 0.3911940 0.1447577 0.2898240 0.4508752 0.5228654 0.3982191 0.4042408 0.4091058 0.1622800 0.3331838 0.6342327 0.4330433 0.5601932 0.2723855 0.3946815 0.3594587 0.1720979 0.3945311 
Perityle_aglossa_84_dead_horse             0.4938185 0.1946172 0.3328932 0.3519294 0.3307622 0.3659784 0.5207929 0.2102758 0.1913785 0.4225392 0.4208487 0.0000000 0.0855287 0.0771051 0.0834089 0.1642449 0.1096221 0.3585092 0.2370074 0.0506431 0.1467908 0.0959400 0.0697148 0.1020798 0.0722145 0.1453832 0.2340214 0.2854102 0.1461746 0.1443802 0.2882042 0.4349442 0.3526629 0.1392647 0.2556678 0.3153912 0.1531037 0.4997716 0.1629771 0.2092471 0.0731685 0.2803611 0.0999842 0.2130949 0.3927721 0.0827443 0.0940792 0.1757691 0.2333974 0.1542106 0.0820316 0.0585359 0.0881474 0.0606854 0.2530855 0.0609653 0.0593111 0.0866476 0.1011242 0.2540605 0.2464168 0.2157127 0.0656634 0.1532531 0.2503492 0.1727407 0.2733068 0.2184924 0.0901785 0.1422503 0.1280700 0.1875773 0.1041344 0.1028434 0.0891712 0.0882675 0.2885287 0.3784670 0.1548645 0.0345563 0.1535568 0.0925737 0.1933949 0.1287650 0.2319543 
Perityle_ajoensis_204                      0.4923805 0.1814305 0.3089760 0.3507598 0.3215578 0.3503430 0.5135408 0.1995823 0.1717026 0.4151604 0.4112335 0.0855287 0.0000000 0.0691576 0.0787000 0.1616756 0.1084155 0.3590118 0.2298165 0.0937745 0.1284038 0.0983487 0.0377790 0.0927421 0.0773399 0.1385473 0.2411219 0.2707110 0.1365269 0.1265633 0.2799198 0.4235772 0.3429921 0.1604995 0.2498742 0.3124716 0.1423230 0.4920678 0.1606991 0.2277558 0.0623886 0.2753395 0.0928848 0.2137452 0.3977252 0.0565830 0.0832445 0.1753265 0.2291617 0.1643150 0.0497211 0.0546310 0.0637613 0.0563401 0.2388720 0.0583280 0.0567227 0.0816885 0.1013751 0.2497263 0.2066779 0.2062430 0.0656889 0.1722150 0.2366945 0.1740751 0.2612738 0.1958334 0.0889797 0.1529425 0.1001471 0.1882589 0.1043863 0.1012268 0.0666503 0.0750365 0.2785401 0.3559194 0.1452290 0.0562297 0.1528584 0.0908079 0.1848217 0.1029213 0.2245298 
Perityle_ambrosiifolia_67_green            0.4926242 0.1992106 0.3068335 0.3416123 0.3273592 0.3959457 0.5068437 0.2045355 0.1842672 0.4112836 0.4179756 0.0771051 0.0691576 0.0000000 0.0924747 0.1153290 0.1349215 0.3292870 0.2259960 0.1188929 0.1268034 0.1003086 0.0715501 0.0353428 0.0842490 0.1364676 0.2268432 0.2687820 0.1281967 0.1274012 0.2821187 0.4235930 0.3370589 0.1604190 0.2326325 0.2957486 0.1297852 0.4983427 0.1181564 0.1411293 0.0635110 0.2617076 0.1003113 0.1991109 0.3927952 0.0542157 0.0881863 0.1743481 0.2188083 0.1159007 0.0801790 0.0511886 0.0643633 0.0614547 0.2300007 0.0554556 0.0493220 0.0812433 0.1009001 0.2387420 0.1828064 0.2040471 0.0625345 0.1569107 0.2310499 0.1572627 0.2411075 0.1855635 0.0386023 0.0594825 0.1237961 0.1787094 0.1059420 0.1016503 0.0652927 0.0555665 0.2646948 0.3587016 0.1757027 0.0359396 0.1575226 0.0892373 0.1734519 0.1029649 0.2179286 
Perityle_angustifolia_13_Eagle_creek       0.4109585 0.1781264 0.3213845 0.3381600 0.3350009 0.3560721 0.4877896 0.1880293 0.1771001 0.3777070 0.4047288 0.0834089 0.0787000 0.0924747 0.0000000 0.1608149 0.0665113 0.3811857 0.2649386 0.0602435 0.1322246 0.0617466 0.0537759 0.1132807 0.0625599 0.0844207 0.2095967 0.3049914 0.1336688 0.1189733 0.2503751 0.3929412 0.3279777 0.1316720 0.2067744 0.3365610 0.1545346 0.5329983 0.1669070 0.2563526 0.0748033 0.3012416 0.0637630 0.2350332 0.4205463 0.0647543 0.0597250 0.1127289 0.2634742 0.1515409 0.0712684 0.0605510 0.1012408 0.0262517 0.2770403 0.0508964 0.0476852 0.0631177 0.0630747 0.2344051 0.2023244 0.2249122 0.0528248 0.2015260 0.2663547 0.1921238 0.2483854 0.2311254 0.0774637 0.1559211 0.0671050 0.1463502 0.0631811 0.0636063 0.0974428 0.0828794 0.2647211 0.3516521 0.1634145 0.0806601 0.1382420 0.0549895 0.1682020 0.1107442 0.2330266 
Perityle_batopilensis_97                   0.5562169 0.2121014 0.3566770 0.3643830 0.3605163 0.3870206 0.5376495 0.2184104 0.1730811 0.4768701 0.4572284 0.1642449 0.1616756 0.1153290 0.1608149 0.0000000 0.1846114 0.3750625 0.2569553 0.1382419 0.0640393 0.1769202 0.0778005 0.1451236 0.1103406 0.1977783 0.3361642 0.3859482 0.1408202 0.1395840 0.3432862 0.4598077 0.3634858 0.1898213 0.2961270 0.4131847 0.0943850 0.5562200 0.0187428 0.1887974 0.1445394 0.3889613 0.1721077 0.3228897 0.5017613 0.1642747 0.1857218 0.2172479 0.2648096 0.1698602 0.1518423 0.1519268 0.1476297 0.1224794 0.3485307 0.0633400 0.0679061 0.1821676 0.1913839 0.3228266 0.1940015 0.2308774 0.0789131 0.2764420 0.3040468 0.1749308 0.3474519 0.2688974 0.0475332 0.0838386 0.2323116 0.1914525 0.1932771 0.1949754 0.1580135 0.0831316 0.3716661 0.4562003 0.1932613 0.1512935 0.1523760 0.1869289 0.2559960 0.1147708 0.2346770 
Perityle_bisetosa_9                        0.5765080 0.6628586 0.2489156 0.1274698 0.2501130 0.0000010 0.2693123 0.1784458 0.0000010 0.0000010 0.2650598 0.1096221 0.1084155 0.1349215 0.0665113 0.1846114 0.0000000 0.2837548 0.2315248 0.0917735 0.0000010 0.0928025 0.0000010 0.1635982 0.0950554 0.0902038 0.7608036 0.9868878 0.1662217 0.0000010 0.3244903 0.7820903 0.1879502 0.1204147 0.2008328 0.8105700 0.1814722 0.9106673 0.1874034 0.1677934 0.0969559 0.8381554 0.0826374 0.0000010 1.0141867 0.0000010 0.0827894 0.0926053 0.8658948 0.1818825 0.0898926 0.0751825 1.0588705 0.0737739 1.1024218 0.0000010 0.0000010 0.0851481 0.0809376 0.2671918 0.1860534 0.1868654 0.0000010 1.0157666 0.2446721 0.1904838 0.2122898 0.2298704 0.0752765 0.1579457 0.0959929 0.0000010 0.1007216 0.0903731 0.1648871 0.0714783 0.2387042 0.9650540 0.0778609 0.0000010 0.4779568 0.0817474 0.2133425 0.1315055 0.6353225 
Perityle_californica_76_positas            0.6270825 0.5299409 0.2687357 0.3469516 0.3100588 0.4962149 0.4480034 0.3599407 0.5221792 0.6069277 0.3246020 0.3585092 0.3590118 0.3292870 0.3811857 0.3750625 0.2837548 0.0000000 0.2576441 0.2496575 0.5694858 0.3388548 0.3349468 0.3942107 0.3368509 0.3618684 0.6911322 0.6069045 0.1659165 0.5028817 0.3551516 0.6892112 0.2820311 0.3569597 0.2671502 0.7257127 0.3578491 0.7348079 0.3883320 0.2567293 0.3237036 0.6915538 0.3637395 0.5851704 0.8285744 0.5454505 0.3637395 0.3557350 0.6158645 0.3435895 0.3594786 0.3271237 0.5667906 0.3358625 0.5797832 0.5434896 0.5523216 0.3326190 0.3439417 0.3774537 0.2159066 0.2653990 0.5283822 0.7510279 0.2964403 0.2117722 0.2929689 0.3026363 0.1938621 0.2599248 0.4373609 0.5085421 0.3593081 0.3613532 0.3364936 0.1729715 0.2804676 0.7562611 0.3547917 0.5227815 0.5695864 0.3360329 0.2569427 0.1269918 0.5942566 
Perityle_canescens_77                      0.3929246 0.2055823 0.3002135 0.3382753 0.2843512 0.3009700 0.5548926 0.2195584 0.2085639 0.2967943 0.3699221 0.2370074 0.2298165 0.2259960 0.2649386 0.2569553 0.2315248 0.2576441 0.0000000 0.1951203 0.2745835 0.2613235 0.0695281 0.2619648 0.2139455 0.2679379 0.4325427 0.1920891 0.1181361 0.1058511 0.2784008 0.4211843 0.2600648 0.2736116 0.2462687 0.2350438 0.2484809 0.4425344 0.2593308 0.2922127 0.2119482 0.1801319 0.2689736 0.1357376 0.3279325 0.2626143 0.2628480 0.2784720 0.1177667 0.3075496 0.2477395 0.2267081 0.2358653 0.2206781 0.1664811 0.1710442 0.1830266 0.2446715 0.2689291 0.3076927 0.1886943 0.1162910 0.1718626 0.3783294 0.1522186 0.1484602 0.2834229 0.2259882 0.1559636 0.2302281 0.3110561 0.2173582 0.2662699 0.2717307 0.2325011 0.1302174 0.2762258 0.4108044 0.2938083 0.2471410 0.1576558 0.2574528 0.2067242 0.0570480 0.2045972 
Perityle_castillonii_96                    0.6571927 0.6628586 0.2059102 0.1269084 0.2365317 0.0000010 0.2801723 0.2078078 0.0000010 0.0000010 0.2345179 0.0506431 0.0937745 0.1188929 0.0602435 0.1382419 0.0917735 0.2496575 0.1951203 0.0000000 0.0000010 0.0779039 0.0000010 0.1822445 0.0697763 0.0854516 0.7417142 0.9685134 0.1350570 0.0000010 0.2980926 0.7585448 0.1874022 0.0211763 0.1878967 0.8436543 0.1482448 0.9031732 0.1465203 0.1138213 0.0735571 0.8439781 0.0802708 0.0000010 0.9830775 0.0000010 0.0804229 0.0851511 0.0000010 0.1332874 0.0825406 0.0675015 0.3143549 0.0420215 0.0000010 0.0000010 0.0000010 0.0828529 0.0776727 0.2628673 0.2034224 0.1992805 0.0000010 1.0668470 0.2444221 0.1572872 0.1929557 0.2127278 0.0982134 0.1386171 0.1224331 0.0000010 0.0912862 0.0854393 0.1305931 0.0867956 0.2323699 0.8908554 0.0728838 0.0000010 0.4779568 0.0761436 0.2048683 0.1067026 0.7040838 
Perityle_cernua_84                         0.4937113 0.1698045 0.3635918 0.4799169 0.3760678 0.3439356 0.6423405 0.2066964 0.1636995 0.4190340 0.5482086 0.1467908 0.1284038 0.1268034 0.1322246 0.0640393 0.0000010 0.5694858 0.2745835 0.0000010 0.0000000 0.1687514 0.0148819 0.1401033 0.0620008 0.1742685 0.2071894 0.3185177 0.1149947 0.1182971 0.2618993 0.3522885 0.4496848 0.1939752 0.3047348 0.2951022 0.0099233 0.4283520 0.0631296 0.4014619 0.1180712 0.3020862 0.1610096 0.2890613 0.3462317 0.1493431 0.1602042 0.2289356 0.2450792 0.1990996 0.1328243 0.1280824 0.1151747 0.1181432 0.3151383 0.0483433 0.0521013 0.1591148 0.1829561 0.3028444 0.4196179 0.2301105 0.0560086 0.1395365 0.3160968 1.7528442 0.3841809 0.2394168 0.0000010 0.2832362 0.1877677 0.1799750 0.1737032 0.1788439 0.1350258 0.0000010 0.3907317 0.3067050 0.2197078 0.1405878 0.1306874 0.1737802 0.2538343 0.0000010 0.1831919 
Perityle_cfvillosa_25_tin                  0.4563477 0.1707397 0.3223319 0.3340087 0.3370083 0.3292177 0.4954855 0.1924313 0.1497576 0.3952666 0.4036883 0.0959400 0.0983487 0.1003086 0.0617466 0.1769202 0.0928025 0.3388548 0.2613235 0.0779039 0.1687514 0.0000000 0.0421384 0.1277214 0.0861362 0.0558435 0.2518429 0.3186523 0.1209425 0.1172416 0.2810531 0.4213919 0.3285196 0.1829280 0.2294899 0.3652781 0.1771522 0.5620787 0.1874604 0.2393228 0.0947516 0.3295119 0.0225250 0.2662193 0.4698200 0.1115856 0.0214065 0.0807529 0.2782892 0.1392824 0.0991354 0.0788639 0.1280979 0.0598486 0.3050338 0.0532045 0.0568142 0.0201736 0.0154514 0.2574856 0.2181794 0.2274091 0.0529554 0.2264906 0.2638530 0.1629289 0.2537650 0.2530137 0.0753192 0.1487253 0.0611474 0.1801567 0.0255679 0.0163332 0.1283312 0.0218284 0.2675600 0.3825202 0.1843045 0.1058841 0.1328091 0.0201842 0.1767095 0.1227671 0.2294803 
Perityle_cinerea_113_Powell1310            0.0939728 0.0860913 0.0946369 0.1964318 0.0943193 0.1117983 0.1564626 0.0860620 0.1140721 0.0859926 0.1019442 0.0697148 0.0377790 0.0715501 0.0537759 0.0778005 0.0000010 0.3349468 0.0695281 0.0000010 0.0148819 0.0421384 0.0000000 0.0623299 0.0703371 0.0539521 0.0701227 0.1669455 0.0944572 0.0635356 0.0696749 0.0948649 0.0859926 0.0618417 0.0857955 0.0865065 0.0148819 0.1122882 0.0781312 0.0623097 0.0380919 0.0800564 0.0539521 0.0778460 0.0940475 0.0856136 0.0539521 0.0537074 0.0865784 0.0459081 0.0622734 0.0623299 0.0950339 0.0537759 0.1188213 0.0617777 0.0458262 0.0459081 0.0421384 0.1217317 0.4196179 0.0857251 0.0456180 0.0620058 0.1573159 0.0000010 0.1233233 0.1268644 0.0000010 0.0000010 0.0692180 0.0857955 0.0459081 0.0459081 0.0618622 0.0000010 0.1323661 0.1031701 0.0457140 0.0617656 0.0788080 0.0509757 0.0857955 0.0000010 0.0854670 
Perityle_coahuilensis_24                   0.4941750 0.1872831 0.3437677 0.3756161 0.3651799 0.3772111 0.5368106 0.2157758 0.1671729 0.4134725 0.4795381 0.1020798 0.0927421 0.0353428 0.1132807 0.1451236 0.1635982 0.3942107 0.2619648 0.1822445 0.1401033 0.1277214 0.0623299 0.0000000 0.0909880 0.1731573 0.2032741 0.2774969 0.1310876 0.1143026 0.2674110 0.4058848 0.3764945 0.1964025 0.2604038 0.3086547 0.1603792 0.4880534 0.1464321 0.1833773 0.0702078 0.2738529 0.1195560 0.2114318 0.3669012 0.0640407 0.1140451 0.2046248 0.2194803 0.1224755 0.1073244 0.0807514 0.0618762 0.0816665 0.2377555 0.0453733 0.0496300 0.1060272 0.1271408 0.2482453 0.1952795 0.2216415 0.0523879 0.1456610 0.2641707 0.2368628 0.2864417 0.2108933 0.0656144 0.0827277 0.1389330 0.1749344 0.1325722 0.1269278 0.0934875 0.0511916 0.3136975 0.3366885 0.2123125 0.0563781 0.1475895 0.1136974 0.1831172 0.1215591 0.2276503 
Perityle_cochisensis_44_cave_creek         0.4381599 0.1908572 0.2754842 0.3328707 0.3111553 0.3526189 0.4399642 0.2027092 0.1860883 0.3465525 0.3775542 0.0722145 0.0773399 0.0842490 0.0625599 0.1103406 0.0950554 0.3368509 0.2139455 0.0697763 0.0620008 0.0861362 0.0703371 0.0909880 0.0000000 0.0878808 0.2588733 0.2956798 0.1339862 0.1316485 0.2777692 0.3558573 0.3315269 0.0714134 0.2127824 0.3441268 0.1069812 0.4926555 0.1102771 0.2131217 0.0586914 0.3031843 0.0899495 0.2231019 0.4581518 0.0644387 0.0792505 0.0911725 0.2527132 0.1518234 0.0640856 0.0478541 0.0874356 0.0499920 0.2589236 0.0488288 0.0579422 0.0701641 0.0851309 0.2550172 0.2213035 0.1991295 0.0594688 0.2007094 0.2489579 0.1422519 0.2801078 0.2005609 0.0606308 0.1350265 0.1137990 0.1943413 0.0949747 0.0923329 0.0883200 0.0981049 0.2927337 0.3997460 0.0814244 0.0576583 0.1492892 0.0845495 0.1958491 0.1181168 0.2361580 
Perityle_congesta_202                      0.5136082 0.1915230 0.3629441 0.3521702 0.3448994 0.3801402 0.5331066 0.1949569 0.1825937 0.4697026 0.4187471 0.1453832 0.1385473 0.1364676 0.0844207 0.1977783 0.0902038 0.3618684 0.2679379 0.0854516 0.1742685 0.0558435 0.0539521 0.1731573 0.0878808 0.0000000 0.3133609 0.3774155 0.1304152 0.1321696 0.3080269 0.4700893 0.3310339 0.2067378 0.2497464 0.4228192 0.1859079 0.6345862 0.2013695 0.2325157 0.1364291 0.3951392 0.0252514 0.3250714 0.5202657 0.1886626 0.0532859 0.0939153 0.2950285 0.1468842 0.1288271 0.1252313 0.1795252 0.0780099 0.3689754 0.0650426 0.0625289 0.0681314 0.0645413 0.2860430 0.2117786 0.2295785 0.0663179 0.2932948 0.2994803 0.1802352 0.3004819 0.2819793 0.0795285 0.1428289 0.1049012 0.1915596 0.0741401 0.0651097 0.1801184 0.0217710 0.3167506 0.4395993 0.1904143 0.1695434 0.1467770 0.0565466 0.2336220 0.1183839 0.2377345 
Perityle_cordifolia_68_tecolote            0.4971883 0.1805337 0.5068700 0.5522932 0.5182300 0.3358168 0.7053905 0.3157965 0.1943184 0.4167191 0.6335481 0.2340214 0.2411219 0.2268432 0.2095967 0.3361642 0.7608036 0.6911322 0.4325427 0.7417142 0.2071894 0.2518429 0.0701227 0.2032741 0.2588733 0.3133609 0.0000000 0.3212559 0.2974094 0.1230967 0.3997209 0.4198800 0.5685425 0.3612233 0.3625202 0.3692088 0.3184880 0.6339651 0.3246579 0.5793156 0.2245019 0.3197802 0.2590402 0.2950609 0.4604001 0.1337508 0.2270343 0.3494768 0.3075222 0.2760998 0.2349009 0.2186169 0.1256014 0.1826533 0.3075784 0.0212677 0.0640798 0.2170002 0.2448106 0.3480930 0.8956400 0.3954829 0.0626011 0.2140001 0.4102213 0.8322439 0.3636146 0.3429431 0.7277262 0.6757769 0.2125628 0.2042152 0.2397882 0.2402413 0.2320041 0.8448291 0.3856851 0.3578897 0.3851898 0.1339427 0.1358612 0.2294463 0.2693047 0.8263969 0.2274858 
Perityle_coronopifolia_28_patagonia        0.4560270 0.2282502 0.5112958 0.4966934 0.4875558 0.3627743 0.7735816 0.2910946 0.2445334 0.3689629 0.6462729 0.2854102 0.2707110 0.2687820 0.3049914 0.3859482 0.9868878 0.6069045 0.1920891 0.9685134 0.3185177 0.3186523 0.1669455 0.2774969 0.2956798 0.3774155 0.3212559 0.0000000 0.2029134 0.1479338 0.3506501 0.3977000 0.4300909 0.4254067 0.3572597 0.1225354 0.3574261 0.4080278 0.3885661 0.5896139 0.2613794 0.1221308 0.3155228 0.1343361 0.1541468 0.2484809 0.2999092 0.4591396 0.1314487 0.3870727 0.2880108 0.2648704 0.2349817 0.2633301 0.0950918 0.2129204 0.2151300 0.2953913 0.3230689 0.3348961 0.5486654 0.1190428 0.2037518 0.2429830 0.0189339 1.7284018 0.3620513 0.3059878 0.0000010 1.1364107 0.3109757 0.2527894 0.3086345 0.3164577 0.2777886 0.0000010 0.3803767 0.2634739 0.4617766 0.2401964 0.2089750 0.2863837 0.2585597 0.0000010 0.2146711 
Perityle_crassifolia_70_ventanas           0.3462941 0.1778199 0.2469140 0.3661593 0.2708455 0.2946305 0.4186878 0.1898763 0.1474244 0.3161325 0.2336935 0.1461746 0.1365269 0.1281967 0.1336688 0.1408202 0.1662217 0.1659165 0.1181361 0.1350570 0.1149947 0.1209425 0.0944572 0.1310876 0.1339862 0.1304152 0.2974094 0.2029134 0.0000000 0.0533209 0.1795308 0.4179912 0.2015950 0.1527192 0.0662668 0.2987222 0.1319422 0.5841700 0.1492992 0.2207631 0.1297164 0.2322009 0.1391849 0.1801559 0.4422514 0.1261470 0.1339830 0.1318826 0.1877024 0.1415635 0.1427447 0.1186846 0.1383007 0.1253739 0.1830094 0.1253323 0.1205348 0.1304575 0.1208372 0.1996618 0.1772589 0.1391827 0.1238325 0.3283810 0.1531940 0.1504315 0.1205917 0.1346816 0.1681893 0.1776715 0.1436044 0.0371715 0.1305706 0.1356869 0.1454235 0.1606250 0.1181521 0.3716198 0.1756631 0.1315070 0.1615861 0.1174351 0.0366079 0.1406065 0.2011484 
Perityle_crassifolia_74_playa_balandra     0.1050374 0.1359899 0.1275316 0.3129872 0.1918399 0.2959473 0.3444508 0.1590261 0.1581855 0.1012172 0.2723313 0.1443802 0.1265633 0.1274012 0.1189733 0.1395840 0.0000010 0.5028817 0.1058511 0.0000010 0.1182971 0.1172416 0.0635356 0.1143026 0.1316485 0.1321696 0.1230967 0.1479338 0.0533209 0.0000000 0.0980245 0.1415153 0.1012172 0.1143732 0.0432011 0.1309584 0.1182971 0.1992345 0.1483728 0.2027391 0.1097356 0.1155580 0.1361784 0.1159772 0.1300675 0.1227939 0.1321696 0.1274927 0.1265557 0.1362001 0.1315921 0.1142379 0.1446523 0.1230945 0.1298516 0.1189647 0.1274399 0.1201740 0.1172416 0.1323846 0.4196179 0.1196574 0.1392438 0.1273490 0.1434939 0.0000010 0.1685757 0.1562154 0.0000010 0.0000010 0.1440759 0.0396241 0.1272794 0.1274219 0.1185805 0.0000010 0.1738173 0.1364445 0.1265054 0.1353932 0.1285309 0.1175964 0.0432011 0.0000010 0.1176401 
Perityle_cuneata_34_cuneata_San_antonio    0.3832155 0.1834029 0.3234641 0.2881992 0.2833238 0.3134361 0.4495830 0.2043119 0.2081993 0.2893468 0.4019809 0.2882042 0.2799198 0.2821187 0.2503751 0.3432862 0.3244903 0.3551516 0.2784008 0.2980926 0.2618993 0.2810531 0.0696749 0.2674110 0.2777692 0.3080269 0.3997209 0.3506501 0.1795308 0.0980245 0.0000000 0.3814005 0.3005987 0.3250841 0.2747290 0.4051055 0.3139421 0.5408418 0.3466721 0.3754849 0.2701525 0.3536224 0.2903834 0.2896679 0.5165322 0.2631843 0.2699828 0.3189783 0.3081885 0.3371922 0.2883694 0.2688874 0.2451141 0.2338937 0.3142987 0.1805424 0.1692263 0.2573502 0.2749074 0.2534997 0.2078784 0.2438802 0.1459308 0.4066702 0.3126383 0.3020038 0.3263894 0.2712027 0.1862017 0.3291125 0.2700560 0.2069123 0.2742572 0.2776959 0.2750005 0.1760726 0.3392616 0.4400529 0.2928316 0.2391489 0.1502619 0.2734366 0.2278980 0.1496849 0.2287656 
Perityle_cuneata_4                         0.2493827 0.2145891 0.3106139 0.4369893 0.3101218 0.3010011 0.7094398 0.3762546 0.2472277 0.1877317 0.3586607 0.4349442 0.4235772 0.4235930 0.3929412 0.4598077 0.7820903 0.6892112 0.4211843 0.7585448 0.3522885 0.4213919 0.0948649 0.4058848 0.3558573 0.4700893 0.4198800 0.3977000 0.4179912 0.1415153 0.3814005 0.0000000 0.3238976 0.4301602 0.4330937 0.4538254 0.4312599 0.3567402 0.4487149 0.5804311 0.4027940 0.3876522 0.4127355 0.3614361 0.5557075 0.3375498 0.4284061 0.4883946 0.3262335 0.4408301 0.4275893 0.4193344 0.2675899 0.3929006 0.4011673 0.1946939 0.2436879 0.4499158 0.4323689 0.4582567 0.7365785 0.4326275 0.1604818 0.4397159 0.4761350 0.7214842 0.4960496 0.4494502 0.6809557 0.7632428 0.4147573 0.2718180 0.4270042 0.4328323 0.4220632 0.7525464 0.5022622 0.5408861 0.4202331 0.3474410 0.1983385 0.4294674 0.4164667 0.8189245 0.2875841 
Perityle_discoidea_81                      0.0817350 0.1336766 0.2364127 0.2410511 0.2512685 0.3177744 0.4633133 0.2547065 0.2169471 0.0020076 0.2481973 0.3526629 0.3429921 0.3370589 0.3279777 0.3634858 0.1879502 0.2820311 0.2600648 0.1874022 0.4496848 0.3285196 0.0859926 0.3764945 0.3315269 0.3310339 0.5685425 0.4300909 0.2015950 0.1012172 0.3005987 0.3238976 0.0000000 0.3356714 0.2979391 0.4725474 0.3466882 0.3951411 0.3598386 0.2903525 0.3301173 0.4345309 0.3325055 0.3827701 0.5603657 0.4764734 0.3112625 0.3384092 0.3877577 0.3865506 0.3557659 0.3467081 0.3796242 0.3102341 0.4263404 0.2774551 0.3289520 0.2652680 0.3254802 0.3400133 0.1632736 0.2800749 0.1879535 0.5839659 0.3024450 0.1822810 0.3398323 0.3612302 0.1749293 0.2251029 0.3715571 0.4099836 0.3314558 0.3341868 0.3593413 0.1490886 0.3316060 0.5912928 0.3582952 0.4708590 0.1779416 0.3279920 0.2939690 0.1583768 0.3450429 
Perityle_dissecta_201                      0.5154432 0.1668777 0.3372187 0.3110168 0.3125549 0.3383824 0.5190152 0.2106484 0.1674634 0.4346079 0.4088739 0.1392647 0.1604995 0.1604190 0.1316720 0.1898213 0.1204147 0.3569597 0.2736116 0.0211763 0.1939752 0.1829280 0.0618417 0.1964025 0.0714134 0.2067378 0.3612233 0.4254067 0.1527192 0.1143732 0.3250841 0.4301602 0.3356714 0.0000000 0.2980876 0.4563681 0.1809690 0.5249699 0.1910859 0.2141699 0.1474881 0.4199342 0.1728288 0.3412014 0.5284228 0.1928759 0.1967820 0.2232559 0.2958085 0.2084198 0.1306273 0.1466849 0.1447571 0.0981822 0.3934208 0.0382986 0.0569955 0.1956886 0.2016112 0.3377622 0.2290647 0.2388448 0.0462887 0.3032693 0.3336232 0.1401014 0.3471028 0.2892172 0.0851738 0.1475807 0.2342195 0.2000068 0.2069012 0.2037702 0.1687758 0.1111119 0.3742336 0.4866368 0.1398857 0.1784786 0.1273271 0.1996962 0.2894769 0.1105735 0.2228873 
Perityle_emoryi_47_punta_san_jose          0.4956164 0.2004538 0.3313882 0.3389752 0.3061104 0.3331239 0.5635869 0.2170895 0.1814959 0.4178892 0.4019570 0.2556678 0.2498742 0.2326325 0.2067744 0.2961270 0.2008328 0.2671502 0.2462687 0.1878967 0.3047348 0.2294899 0.0857955 0.2604038 0.2127824 0.2497464 0.3625202 0.3572597 0.0662668 0.0432011 0.2747290 0.4330937 0.2979391 0.2980876 0.0000000 0.4018716 0.2822724 0.6009273 0.2956431 0.2896737 0.2249540 0.3689467 0.2229089 0.3375971 0.4994098 0.2732546 0.2341046 0.2690002 0.2689601 0.2460323 0.2392057 0.2374610 0.2726549 0.1879835 0.3410966 0.1444051 0.1335827 0.2150020 0.2380574 0.3007810 0.1674530 0.2177169 0.1582467 0.3809760 0.2738865 0.1939571 0.2719507 0.2518118 0.1719105 0.2387087 0.2707144 0.0703812 0.2457609 0.2471121 0.2379488 0.1334615 0.2821801 0.4571996 0.3100940 0.2711984 0.1639944 0.2276982 0.1188839 0.1434401 0.2053169 
Perityle_feddemae_99                       0.4208035 0.2220579 0.5416705 0.5985745 0.5293544 0.3285938 0.7895418 0.3864573 0.2436329 0.3481175 0.6706039 0.3153912 0.3124716 0.2957486 0.3365610 0.4131847 0.8105700 0.7257127 0.2350438 0.8436543 0.2951022 0.3652781 0.0865065 0.3086547 0.3441268 0.4228192 0.3692088 0.1225354 0.2987222 0.1309584 0.4051055 0.4538254 0.4725474 0.4563681 0.4018716 0.0000000 0.3906554 0.4268403 0.4220488 0.6811640 0.3013869 0.0189422 0.3682220 0.0235217 0.1884115 0.2185618 0.3549027 0.4717097 0.0196152 0.4263207 0.3338275 0.2936532 0.2161882 0.3150811 0.1163097 0.2017181 0.2112236 0.3391353 0.3660114 0.3833879 0.8503212 0.2171670 0.1971951 0.2863491 0.1874577 0.9681153 0.3968687 0.3363137 0.8099097 0.8701979 0.3700771 0.2361573 0.3499676 0.3589874 0.3130859 0.8914165 0.4151002 0.3412036 0.4870250 0.2081158 0.1909015 0.3437117 0.3053875 0.8231931 0.2050430 
Perityle_fosteri_93                        0.5158690 0.1864992 0.3390639 0.3461635 0.3310145 0.3439356 0.5207335 0.1861443 0.1636995 0.4368666 0.4334140 0.1531037 0.1423230 0.1297852 0.1545346 0.0943850 0.1814722 0.3578491 0.2484809 0.1482448 0.0099233 0.1771522 0.0148819 0.1603792 0.1069812 0.1859079 0.3184880 0.3574261 0.1319422 0.1182971 0.3139421 0.4312599 0.3466882 0.1809690 0.2822724 0.3906554 0.0000000 0.5177574 0.0919373 0.2223347 0.1348501 0.3592474 0.1732997 0.2911764 0.4733840 0.1517266 0.1757079 0.2178155 0.2559956 0.1956579 0.1480221 0.1456067 0.1188373 0.1171271 0.3269274 0.0483433 0.0543593 0.1764745 0.1885988 0.3044521 0.2110332 0.2145213 0.0560086 0.2569491 0.2899955 0.1536411 0.3277690 0.2619873 0.0088069 0.1260235 0.2144535 0.1799750 0.1894081 0.1909843 0.1386077 0.0701703 0.3520551 0.4315956 0.1973370 0.1348007 0.1378295 0.1791922 0.2406764 0.1078204 0.2122865 
Perityle_gamon_221                         0.3016684 0.2326571 0.3885951 0.4530611 0.4460766 0.4141077 0.6954829 0.5125895 0.3554319 0.2025455 0.4929517 0.4997716 0.4920678 0.4983427 0.5329983 0.5562200 0.9106673 0.7348079 0.4425344 0.9031732 0.4283520 0.5620787 0.1122882 0.4880534 0.4926555 0.6345862 0.6339651 0.4080278 0.5841700 0.1992345 0.5408418 0.3567402 0.3951411 0.5249699 0.6009273 0.4268403 0.5177574 0.0000000 0.5469363 0.7285420 0.4900949 0.3885819 0.5689622 0.3476631 0.5401310 0.4273052 0.5735444 0.6541807 0.3226801 0.6410497 0.5272555 0.4867126 0.3439265 0.5230846 0.4093272 0.3075025 0.3764245 0.5763012 0.5688303 0.5971208 0.9150500 0.4781698 0.2625951 0.4916003 0.4975723 0.8758636 0.6467762 0.5506960 0.8827409 1.0655190 0.5891015 0.4242765 0.5693743 0.5707147 0.4840459 0.8930796 0.6544578 0.6471656 0.5338572 0.3961809 0.3037131 0.5697530 0.5683333 0.8946118 0.4051101 
Perityle_gentryi_8_san_francisco           0.5436898 0.2212167 0.3582896 0.3656179 0.3557555 0.4009638 0.5374539 0.2138594 0.1780989 0.4624202 0.4526961 0.1629771 0.1606991 0.1181564 0.1669070 0.0187428 0.1874034 0.3883320 0.2593308 0.1465203 0.0631296 0.1874604 0.0781312 0.1464321 0.1102771 0.2013695 0.3246579 0.3885661 0.1492992 0.1483728 0.3466721 0.4487149 0.3598386 0.1910859 0.2956431 0.4220488 0.0919373 0.5469363 0.0000000 0.1844307 0.1454870 0.3887672 0.1814334 0.3301293 0.5089409 0.1627242 0.1904306 0.2211636 0.2718868 0.1774904 0.1518105 0.1571830 0.1455163 0.1271662 0.3507373 0.0685044 0.0725668 0.1872569 0.1984962 0.3312040 0.2180680 0.2279455 0.0788992 0.2780170 0.3132440 0.1747536 0.3425095 0.2695720 0.0474648 0.0811868 0.2288015 0.1965267 0.1979928 0.1997485 0.1504621 0.0989791 0.3713217 0.4626685 0.1954795 0.1496021 0.1599578 0.1928712 0.2648493 0.1264672 0.2449305 
Perityle_gilensis_22_Superstition          0.4800939 0.3895829 0.3199192 0.3137462 0.3389955 0.2149875 0.4323289 0.2306849 0.3427446 0.4460978 0.3441804 0.2092471 0.2277558 0.1411293 0.2563526 0.1887974 0.1677934 0.2567293 0.2922127 0.1138213 0.4014619 0.2393228 0.0623097 0.1833773 0.2131217 0.2325157 0.5793156 0.5896139 0.2207631 0.2027391 0.3754849 0.5804311 0.2903525 0.2141699 0.2896737 0.6811640 0.2223347 0.7285420 0.1844307 0.0000000 0.2131120 0.6060360 0.2370554 0.4742607 0.7651433 0.4173922 0.2363280 0.2492655 0.4889438 0.1523747 0.2305226 0.2296667 0.4620683 0.1699865 0.4962211 0.3528512 0.3606533 0.2387919 0.2360391 0.3589967 0.2185709 0.2532541 0.2098968 0.6691007 0.3101582 0.1483098 0.3151275 0.3221676 0.0342049 0.0471131 0.2881882 0.3990806 0.2552989 0.2451558 0.2167030 0.0870182 0.3303471 0.7187031 0.2297480 0.4313672 0.4052917 0.2339863 0.2635217 0.1148860 0.4705572 
Perityle_gilensis_salensis_225             0.4756747 0.1614373 0.3033622 0.3444793 0.3061950 0.3316123 0.4900784 0.1955722 0.1628743 0.3954524 0.3852977 0.0731685 0.0623886 0.0635110 0.0748033 0.1445394 0.0969559 0.3237036 0.2119482 0.0735571 0.1180712 0.0947516 0.0380919 0.0702078 0.0586914 0.1364291 0.2245019 0.2613794 0.1297164 0.1097356 0.2701525 0.4027940 0.3301173 0.1474881 0.2249540 0.3013869 0.1348501 0.4900949 0.1454870 0.2131120 0.0000000 0.2633752 0.0951319 0.2007912 0.3961484 0.0616026 0.0867132 0.1612770 0.2167762 0.1421328 0.0642122 0.0475046 0.0620298 0.0563014 0.2339654 0.0482267 0.0522384 0.0730586 0.0948908 0.2294543 0.2103404 0.1874437 0.0463602 0.1669474 0.2232142 0.1322577 0.2363866 0.1879546 0.0898780 0.1344998 0.1163714 0.1771557 0.1000238 0.0968283 0.0797211 0.0710493 0.2573342 0.3491733 0.1504081 0.0553744 0.1341288 0.0851551 0.1664507 0.1067406 0.2239799 
Perityle_glaucescens_94                    0.4256273 0.2142631 0.5100347 0.5290554 0.4866531 0.3160244 0.7646426 0.2805841 0.2265872 0.3522859 0.6549008 0.2803611 0.2753395 0.2617076 0.3012416 0.3889613 0.8381554 0.6915538 0.1801319 0.8439781 0.3020862 0.3295119 0.0800564 0.2738529 0.3031843 0.3951392 0.3197802 0.1221308 0.2322009 0.1155580 0.3536224 0.3876522 0.4345309 0.4199342 0.3689467 0.0189422 0.3592474 0.3885819 0.3887672 0.6060360 0.2633752 0.0000000 0.3322461 0.0233946 0.1205380 0.2285265 0.3206317 0.4407237 0.0195011 0.4008053 0.2946894 0.2620397 0.2242584 0.2772558 0.1191479 0.2098116 0.2183821 0.2998737 0.3314018 0.3430369 0.9330855 0.1508147 0.2066616 0.2286959 0.1388558 1.3870164 0.3678983 0.3031503 0.8506135 0.9419136 0.3349677 0.2451644 0.3179060 0.3249421 0.2775574 0.9290354 0.3899654 0.2611830 0.4546491 0.2181279 0.1724468 0.3079048 0.2667225 0.8804258 0.1976601 
Perityle_gracilis_11                       0.4490779 0.1933883 0.3244588 0.3467632 0.3412300 0.3841692 0.4970575 0.1921202 0.1802407 0.3890296 0.3953813 0.0999842 0.0928848 0.1003113 0.0637630 0.1721077 0.0826374 0.3637395 0.2689736 0.0802708 0.1610096 0.0225250 0.0539521 0.1195560 0.0899495 0.0252514 0.2590402 0.3155228 0.1391849 0.1361784 0.2903834 0.4127355 0.3325055 0.1728288 0.2229089 0.3682220 0.1732997 0.5689622 0.1814334 0.2370554 0.0951319 0.3322461 0.0000000 0.2652693 0.4643381 0.1206308 0.0083787 0.0563516 0.2986363 0.1390906 0.1010855 0.0788350 0.1284666 0.0630228 0.3071934 0.0747857 0.0711303 0.0183769 0.0149875 0.2543352 0.2179947 0.2357924 0.0695247 0.2350210 0.2613819 0.1636954 0.2558711 0.2550938 0.0842781 0.1482900 0.0525812 0.2042353 0.0343867 0.0156049 0.1352254 0.0144902 0.2695202 0.3858879 0.1859300 0.1112694 0.1472780 0.0103195 0.1906831 0.1186778 0.2439152 
Perityle_harkerae_31                       0.4122225 0.2074734 0.4496808 0.4915899 0.4044493 0.3037680 0.7134681 0.2353805 0.2337892 0.3361458 0.5699209 0.2130949 0.2137452 0.1991109 0.2350332 0.3228897 0.0000010 0.5851704 0.1357376 0.0000010 0.2890613 0.2662193 0.0778460 0.2114318 0.2231019 0.3250714 0.2950609 0.1343361 0.1801559 0.1159772 0.2896679 0.3614361 0.3827701 0.3412014 0.3375971 0.0235217 0.2911764 0.3476631 0.3301293 0.4742607 0.2007912 0.0233946 0.2652693 0.0000000 0.1008750 0.2259928 0.2703661 0.3866622 0.0184337 0.3184210 0.2275026 0.1967671 0.2245839 0.2061142 0.1181151 0.2002310 0.2094623 0.2429773 0.2785920 0.2873378 0.4196179 0.1153886 0.1950869 0.1995687 0.1270097 9.0000000 0.3281203 0.2548606 0.0000010 0.4501891 0.2775100 0.2346023 0.2702144 0.2730025 0.2105730 0.0000010 0.3457983 0.2589748 0.3894079 0.2042357 0.1671082 0.2603823 0.2435889 0.0000010 0.1809835 
