85
Amauria_brandeegeana_62                    0.0000000 0.2127002 0.0514789 0.1923907 0.1493570 0.0700933 0.1589136 0.1687239 0.3288215 0.1740751 0.1527718 0.1639433 0.1218597 0.1466655 0.2107620 0.2703428 0.1382787 0.1596658 0.1193988 0.1347924 0.1415172 0.1483805 0.1485979 0.1560708 0.1475139 0.1581570 0.0856265 0.1730817 0.1641300 0.1289737 0.1825144 0.1526468 0.1667257 0.1500796 0.1163715 0.1166962 0.1363326 0.1225219 0.2713323 0.1500939 0.1571254 0.1118476 0.1654655 0.1168200 0.1134457 0.1495499 0.1442234 0.1531736 0.1270357 0.1339098 0.1376080 0.1506882 0.1626041 0.1520775 0.1270317 0.0724766 0.2451977 0.1510953 0.1503952 0.1395681 0.1462887 0.1747059 0.1642717 0.1479242 0.1213779 0.1542768 0.1664119 0.1366228 0.1329247 0.1443301 0.1515191 0.1595342 0.1490127 0.3477745 0.1548343 0.1562574 0.1618832 0.1110748 0.1528598 0.1340533 0.3331334 0.1502182 0.1631782 0.0996876 0.1413363 
Amauria_carterae_99_mesa                   0.2127002 0.0000000 0.2201669 0.2492288 0.1794345 0.1281876 0.2083731 0.1614750 0.3819831 0.1993778 0.1939508 0.1857290 0.1710818 0.1899397 0.2370153 0.2207555 0.1899037 0.2420014 0.2577259 0.1898333 0.2025916 0.2030592 0.1886021 0.1796902 0.1980936 0.2052574 0.2022000 0.2236981 0.1678207 0.1624524 0.1582236 0.2283006 0.1993778 0.1851688 0.1681911 0.1889855 0.2001477 0.2274608 0.2206879 0.1886021 0.1988691 0.1872922 0.1956767 0.1923167 0.2238784 0.2004058 0.2003955 0.2034735 0.2006110 0.1881968 0.1817436 0.1938420 0.2021430 0.1926484 0.2108451 0.1902767 0.2267097 0.2030807 0.2010612 0.2303254 0.1908932 0.2639130 0.2019770 0.2085469 0.2154687 0.2047453 0.2021659 0.1888551 0.1551905 0.1954611 0.1910026 0.1690838 0.2060087 0.3217517 0.2048630 0.1839114 0.2023753 0.2024732 0.2054156 0.1791463 0.3661583 0.2060874 0.1693189 0.1974279 0.1997217 
Amauria_rotundifolia_SRR9119150            0.0514789 0.2201669 0.0000000 0.2001999 0.1542063 0.0862125 0.1728683 0.1749995 0.3447161 0.1308630 0.1819238 0.1805381 0.1140221 0.1431980 0.2158982 0.3075766 0.1446201 0.1846548 0.1357496 0.1376372 0.1405987 0.1544970 0.1530311 0.1738331 0.1551928 0.1624833 0.1133281 0.1708737 0.1936783 0.1463853 0.1943454 0.1774700 0.1646451 0.1545403 0.1215731 0.1481245 0.1389465 0.1397515 0.3046531 0.1544695 0.1611537 0.1475853 0.1854052 0.1570756 0.1416059 0.1526089 0.1532540 0.1588834 0.1262550 0.1271920 0.1449649 0.1622191 0.1681624 0.1655683 0.1497370 0.0787780 0.2535020 0.1553970 0.1547659 0.1689020 0.1419937 0.2222876 0.1721318 0.1550414 0.1530997 0.1602494 0.1904810 0.1470319 0.1439861 0.1537719 0.1556509 0.1954010 0.1565566 0.3376424 0.1562960 0.1561581 0.1974056 0.1412898 0.1592161 0.1473331 0.3446110 0.1577180 0.1876902 0.1073448 0.1403211 
Conoclinium_coelestinum_SRR9119114         0.1923907 0.2492288 0.2001999 0.0000000 0.2041150 0.1325646 0.1395293 0.1470749 0.3389068 0.2189183 0.2098188 0.1840963 0.1725382 0.2024611 0.2659826 0.3854239 0.1854869 0.1919090 0.2115730 0.1889001 0.1916811 0.1942209 0.1963109 0.1760795 0.2008224 0.1997544 0.1939876 0.2382711 0.2034032 0.1873006 0.2104773 0.2585245 0.2254978 0.1965878 0.1548963 0.2196281 0.1888458 0.1970553 0.3834668 0.1982954 0.2044020 0.2153136 0.1912965 0.2212002 0.1981798 0.1981730 0.2000572 0.1972441 0.2391579 0.1878291 0.1894645 0.1956650 0.2038563 0.1817648 0.2415622 0.1833448 0.2178959 0.1964263 0.1956625 0.2608734 0.1826159 0.2855088 0.1363704 0.1919539 0.2347167 0.2016599 0.2176666 0.2365017 0.1797214 0.1945767 0.1998486 0.2182788 0.2044869 0.3995025 0.2031747 0.1392307 0.2185861 0.2214122 0.2044787 0.1929682 0.3706129 0.2006033 0.2187807 0.1904889 0.1488157 
Eutetras_palmeri_63                        0.1493570 0.1794345 0.1542063 0.2041150 0.0000000 0.0090093 0.2081728 0.0863548 0.3579596 0.1743408 0.1949579 0.1663945 0.1558918 0.1941623 0.1847932 0.1271657 0.1825712 0.2300786 0.1631617 0.1850199 0.1959830 0.1883131 0.1868398 0.1623370 0.1886923 0.2048961 0.1383924 0.2401403 0.1695628 0.1375824 0.1829487 0.1736990 0.1743408 0.1856947 0.1489580 0.0816884 0.1908665 0.1400675 0.1293621 0.1868398 0.1947689 0.0751854 0.1711152 0.0913518 0.1349771 0.1908013 0.1883247 0.1916144 0.0857255 0.1781051 0.1686605 0.1922250 0.2076701 0.1858422 0.0928544 0.1104365 0.2125093 0.1912221 0.1886924 0.1037950 0.0783190 0.2417435 0.1953861 0.1971434 0.1005600 0.2043495 0.2186968 0.0750898 0.1624681 0.1994298 0.1893998 0.1787793 0.1887478 0.2222487 0.1926968 0.1618274 0.2159045 0.0869860 0.1907950 0.1788700 0.3087700 0.1914549 0.1817236 0.0683800 0.1552270 
Eutetras_pringlei_149_quer                 0.0700933 0.1281876 0.0862125 0.1325646 0.0090093 0.0000000 0.1281386 0.0521146 0.1275234 0.1531165 0.1431501 0.1476884 0.0731503 0.1429625 0.1314184 0.0460391 0.1317626 0.1276546 0.0704559 0.1374554 0.1471750 0.1423689 0.1371893 0.1344414 0.1381762 0.1228467 0.0603320 0.2103859 0.1152705 0.1205335 0.1485307 0.0952691 0.1531165 0.1375077 0.1440862 0.0554355 0.1321577 0.0655950 0.0506012 0.1371893 0.1438172 0.0365022 0.1534976 0.0458525 0.0667873 0.1423689 0.1423689 0.1482814 0.0427259 0.1319742 0.1096993 0.1377495 0.1333192 0.1322998 0.0460100 0.0556120 0.1743583 0.1482814 0.1482814 0.0652836 0.0744217 0.0979293 0.1332770 0.1423271 0.0469666 0.1277988 0.1439783 0.0426092 0.1276602 0.1426820 0.1423391 0.1205335 0.1381762 0.1368492 0.1420187 0.1304012 0.1385824 0.0657403 0.1475382 0.1374278 0.0459149 0.1478593 0.1205335 0.0610081 0.1424820 
Eutrochium_fistulosum_SRR9119106           0.1589136 0.2083731 0.1728683 0.1395293 0.2081728 0.1281386 0.0000000 0.1640199 0.3124525 0.1630575 0.1619158 0.1550125 0.1615485 0.1789394 0.2674360 0.2827484 0.1566907 0.1520676 0.1755345 0.1694019 0.1690081 0.1698423 0.1644347 0.1386749 0.1687862 0.1718250 0.1547536 0.2124993 0.1838683 0.1594453 0.1896991 0.2249197 0.1728902 0.1663793 0.1368093 0.1740256 0.1613358 0.1780694 0.2808390 0.1664634 0.1586769 0.1771887 0.1588317 0.1805298 0.1695082 0.1720732 0.1720029 0.1708730 0.2066050 0.1670497 0.1605100 0.1667456 0.1758937 0.1536909 0.1829933 0.1439358 0.2485136 0.1682152 0.1653656 0.2133344 0.1989123 0.2378085 0.1837197 0.1671736 0.1760671 0.1737627 0.1736295 0.2038171 0.1611365 0.1606452 0.1681134 0.1875637 0.1725423 0.4360878 0.1696247 0.1657581 0.1740468 0.1734205 0.1699489 0.1562871 0.3464435 0.1722819 0.1887817 0.1587217 0.1519246 
Galeana_pratensis_104_mex                  0.1687239 0.1614750 0.1749995 0.1470749 0.0863548 0.0521146 0.1640199 0.0000000 0.1673770 0.1511754 0.1761199 0.1427029 0.1258035 0.1545896 0.1805409 0.1178516 0.1547694 0.2119729 0.1664254 0.1702881 0.1810121 0.1704852 0.1550087 0.1393938 0.1650081 0.1704147 0.1635649 0.1965174 0.1373915 0.1235295 0.1537198 0.2088682 0.1511754 0.1653928 0.1152612 0.1646358 0.1552244 0.1665963 0.1329313 0.1550087 0.1763850 0.1536949 0.1376066 0.1638864 0.1598550 0.1704628 0.1650477 0.1708800 0.1506596 0.1547694 0.1563580 0.1657440 0.1758178 0.1553442 0.1340709 0.1262357 0.1163470 0.1708800 0.1708800 0.1268323 0.0807226 0.1883061 0.1026506 0.1862715 0.1229151 0.1758178 0.1786304 0.1568325 0.1137189 0.1592937 0.1550087 0.1648918 0.1650081 0.1753029 0.1647438 0.1082396 0.1785114 0.1500795 0.1650477 0.1603376 0.1235257 0.1704084 0.1708846 0.0914133 0.1379892 
Helianthus_annuus_SRR9119062               0.3288215 0.3819831 0.3447161 0.3389068 0.3579596 0.1275234 0.3124525 0.1673770 0.0000000 0.2947174 0.3385251 0.3184092 0.3601020 0.3230867 0.4673873 0.4155248 0.3443934 0.2820756 0.3087843 0.3179808 0.3235870 0.3413670 0.3429383 0.3115007 0.3333263 0.3445640 0.3384138 0.3624233 0.3343915 0.2380411 0.3313533 0.3493577 0.2731910 0.3436054 0.1905059 0.3275082 0.3214219 0.3268706 0.4061369 0.3429383 0.3442763 0.3369906 0.2873072 0.3249610 0.3344694 0.3471697 0.3232896 0.3471291 0.3908126 0.3296405 0.3250524 0.3424357 0.3454981 0.3438139 0.3342762 0.2848032 0.3614002 0.3426977 0.3428311 0.3434745 0.3352554 0.3632869 0.2620671 0.3595616 0.3386142 0.3371468 0.3341294 0.3393032 0.1977415 0.3428946 0.3407840 0.3608895 0.3363268 0.6580968 0.3496781 0.2906373 0.3606613 0.3271831 0.3302156 0.3500490 0.4336801 0.3291486 0.3717713 0.2858057 0.2828317 
Lycapsus_tenuifolius_17                    0.1740751 0.1993778 0.1308630 0.2189183 0.1743408 0.1531165 0.1630575 0.1511754 0.2947174 0.0000000 0.1883897 0.1858685 0.1416269 0.1741006 0.2752684 0.3023517 0.1634364 0.1606417 0.1694940 0.1682003 0.1672348 0.1721199 0.1725826 0.1781065 0.1783190 0.1780924 0.1679347 0.1914465 0.1555927 0.1397666 0.1609562 0.1768724 0.0000010 0.1749705 0.1488967 0.1739633 0.1498683 0.1877135 0.2956420 0.1743522 0.1865302 0.1729613 0.1865503 0.1731671 0.1951628 0.1760970 0.1772685 0.1784827 0.1716363 0.1690381 0.1550995 0.1750350 0.1815410 0.1788492 0.1728693 0.1692861 0.3119048 0.1743348 0.1767503 0.2014598 0.1751759 0.2074929 0.1941378 0.1819306 0.1748426 0.1723989 0.1740779 0.1755778 0.2044190 0.1737399 0.1741964 0.1685162 0.1800019 0.4213413 0.1820721 0.1769101 0.1853360 0.1653606 0.1792503 0.1768889 0.2312038 0.1757563 0.1775116 0.1688341 0.1394756 
Pericome_caudata_50_silver                 0.1527718 0.1939508 0.1819238 0.2098188 0.1949579 0.1431501 0.1619158 0.1761199 0.3385251 0.1883897 0.0000000 0.1316675 0.1312094 0.1297842 0.1906170 0.2833025 0.1169959 0.1930588 0.1771529 0.0960305 0.1070321 0.1308098 0.1311545 0.1231849 0.1315582 0.1398064 0.1501340 0.1673815 0.1692590 0.1345233 0.1654070 0.1782275 0.1820496 0.1287382 0.0539475 0.1626239 0.1047607 0.1862076 0.2797158 0.1324712 0.1460897 0.1583113 0.1256744 0.1460678 0.1673631 0.1347019 0.1337125 0.1353184 0.2021087 0.1148963 0.1106840 0.1195900 0.1437277 0.1238144 0.1559191 0.1589138 0.1935456 0.1322023 0.1339496 0.1846112 0.1943114 0.2237587 0.1078115 0.1379236 0.1586338 0.1360047 0.0974570 0.1924007 0.0819291 0.1325076 0.1337321 0.1570534 0.1303177 0.3183630 0.1393817 0.0958351 0.0973266 0.1546912 0.1371694 0.1238916 0.3852541 0.1299002 0.1621211 0.1682973 0.0950202 
Perityle_aglossa_84_dead_horse             0.1639433 0.1857290 0.1805381 0.1840963 0.1663945 0.1476884 0.1550125 0.1427029 0.3184092 0.1858685 0.1316675 0.0000000 0.0249678 0.0336037 0.1361831 0.1816338 0.0267375 0.2087581 0.2061053 0.0309079 0.0340009 0.0369723 0.0369804 0.0402028 0.0327089 0.0662921 0.1722816 0.1010189 0.2000128 0.1659857 0.1845901 0.1949480 0.1699634 0.0314791 0.0681970 0.1753832 0.0342073 0.2144577 0.1813729 0.0369804 0.0417343 0.1759808 0.0345089 0.1789119 0.2171696 0.0384742 0.0340985 0.0344862 0.1850600 0.0320846 0.0492821 0.0329357 0.0648657 0.0356732 0.1900357 0.1691762 0.1255478 0.0315105 0.0330405 0.2036754 0.1975156 0.2175018 0.0728943 0.0615228 0.1825298 0.0641227 0.1476966 0.1788102 0.0473573 0.0356759 0.0370215 0.2000758 0.0341777 0.3303768 0.0426196 0.0400701 0.1585514 0.1792634 0.0384260 0.0249639 0.3080395 0.0356008 0.2163066 0.1644882 0.0400027 
Perityle_ajoensis_204                      0.1218597 0.1710818 0.1140221 0.1725382 0.1558918 0.0731503 0.1615485 0.1258035 0.3601020 0.1416269 0.1312094 0.0249678 0.0000000 0.0332778 0.0227913 0.3924181 0.0178687 0.2357727 0.1447724 0.0122100 0.0255117 0.0286567 0.0215565 0.0154353 0.0070654 0.0457856 0.1256303 0.0861529 0.1928961 0.1268867 0.1677088 0.1712975 0.1416269 0.0233040 0.0400856 0.1338563 0.0202296 0.1304274 0.3864388 0.0234033 0.0272884 0.1262975 0.0127174 0.1481754 0.1179969 0.0195916 0.0250488 0.0232792 0.1391332 0.0088429 0.0170100 0.0223797 0.0458275 0.0126136 0.1490853 0.1545155 0.0364395 0.0232210 0.0232409 0.1489118 0.1513096 0.3182611 0.0300275 0.0196256 0.1384838 0.0438974 0.1440396 0.1345742 0.0151349 0.0240320 0.0251995 0.1681514 0.0088510 0.0070823 0.0177651 0.0104455 0.1449405 0.1285415 0.0254004 0.0181814 0.4123622 0.0269106 0.1448267 0.1259966 0.0238683 
Perityle_ambrosiifolia_67_green            0.1466655 0.1899397 0.1431980 0.2024611 0.1941623 0.1429625 0.1789394 0.1545896 0.3230867 0.1741006 0.1297842 0.0336037 0.0332778 0.0000000 0.1130467 0.3480053 0.0312056 0.2000778 0.1875577 0.0241630 0.0326065 0.0431387 0.0259122 0.0358798 0.0325124 0.0657008 0.1540449 0.0983276 0.1924216 0.1613255 0.1688683 0.2021785 0.1741006 0.0365290 0.0612806 0.1612212 0.0370287 0.1706933 0.3436186 0.0272501 0.0338800 0.1558758 0.0342216 0.1784429 0.1562799 0.0351132 0.0404736 0.0366658 0.1798405 0.0237961 0.0378810 0.0327220 0.0670939 0.0263842 0.1755908 0.1761410 0.1368548 0.0364601 0.0366829 0.1782105 0.2004173 0.2883621 0.0665408 0.0472999 0.1578121 0.0655957 0.1372698 0.1637899 0.0410348 0.0332514 0.0285435 0.1757876 0.0365098 0.1650599 0.0364139 0.0317907 0.1411358 0.1579998 0.0435846 0.0316008 0.3390872 0.0418349 0.1656152 0.1694805 0.0335234 
Perityle_angustifolia_13_Eagle_creek       0.2107620 0.2370153 0.2158982 0.2659826 0.1847932 0.1314184 0.2674360 0.1805409 0.4673873 0.2752684 0.1906170 0.1361831 0.0227913 0.1130467 0.0000000 0.3925167 0.0850151 0.3715522 0.2734076 0.1019273 0.1006446 0.1070672 0.1058631 0.1264866 0.0960395 0.1174430 0.2261954 0.1475397 0.2820992 0.2750535 0.2663159 0.2665394 0.2752684 0.0873819 0.2824869 0.2297875 0.0937468 0.2683454 0.3912877 0.1082627 0.1069317 0.2289953 0.1270185 0.2377729 0.2294944 0.0960266 0.1050155 0.1030126 0.2032248 0.0838460 0.0962463 0.0965322 0.1152242 0.0927299 0.2471316 0.2721165 0.0648068 0.1027111 0.1005514 0.2308532 0.1983087 0.3892409 0.0681266 0.0984717 0.2391597 0.1151324 0.2159767 0.2364079 0.0547187 0.1008217 0.1103596 0.2375033 0.0937294 0.0805673 0.0892948 0.0394810 0.2129635 0.2245675 0.0982827 0.0880947 0.5091346 0.1073609 0.2356922 0.2610586 0.1282236 
Perityle_batopilensis_97                   0.2703428 0.2207555 0.3075766 0.3854239 0.1271657 0.0460391 0.2827484 0.1178516 0.4155248 0.3023517 0.2833025 0.1816338 0.3924181 0.3480053 0.3925167 0.0000000 0.3140310 0.2088817 0.2897622 0.2333123 0.2652898 0.3206224 0.3144401 0.1781204 0.3190073 0.3317898 0.2698648 0.3456041 0.1722064 0.1386588 0.2296334 0.2760054 0.3213845 0.3111762 0.1471747 0.2128822 0.2872536 0.2757039 0.0221733 0.3163657 0.3310548 0.2123995 0.1854354 0.1810197 0.2746857 0.3222324 0.3219398 0.3260398 0.2506026 0.3458985 0.2780910 0.2912781 0.3321030 0.2323787 0.1188285 0.1252483 0.2374153 0.3227101 0.3228899 0.2035684 0.0813369 0.2316023 0.2050981 0.3247146 0.1832757 0.3321011 0.3081767 0.2582458 0.1800557 0.3110476 0.3161572 0.2355079 0.3160229 0.5764003 0.3212794 0.1738217 0.2973804 0.2244873 0.3193210 0.3150640 0.3539180 0.3203845 0.2919827 0.0846893 0.1585638 
Perityle_bisetosa_9                        0.1382787 0.1899037 0.1446201 0.1854869 0.1825712 0.1317626 0.1566907 0.1547694 0.3443934 0.1634364 0.1169959 0.0267375 0.0178687 0.0312056 0.0850151 0.3140310 0.0000000 0.1890124 0.1692492 0.0148477 0.0126985 0.0285842 0.0264372 0.0297974 0.0194939 0.0508918 0.1449219 0.0837324 0.1904847 0.1507757 0.1719799 0.1875752 0.1554204 0.0200288 0.0564858 0.1548739 0.0125703 0.1677704 0.3094751 0.0275296 0.0364920 0.1505930 0.0161789 0.1634770 0.1649662 0.0231835 0.0238513 0.0243769 0.1614453 0.0154917 0.0314094 0.0180899 0.0509273 0.0178216 0.1704728 0.1643872 0.1126794 0.0221281 0.0232801 0.1796153 0.2017312 0.2635711 0.0533199 0.0384097 0.1631871 0.0497951 0.1369243 0.1603729 0.0249415 0.0236381 0.0275164 0.1811070 0.0205904 0.2225599 0.0231421 0.0182298 0.1415317 0.1496272 0.0251548 0.0159250 0.3518428 0.0227808 0.1710481 0.1669863 0.0263503 
Perityle_californica_76_positas            0.1596658 0.2420014 0.1846548 0.1919090 0.2300786 0.1276546 0.1520676 0.2119729 0.2820756 0.1606417 0.1930588 0.2087581 0.2357727 0.2000778 0.3715522 0.2088817 0.1890124 0.0000000 0.1908088 0.1921912 0.2017195 0.1989352 0.2010729 0.1879193 0.2041245 0.1962596 0.1818141 0.2312921 0.1257793 0.0652944 0.1138913 0.2145110 0.1551626 0.1921802 0.1197319 0.1920025 0.1833067 0.2171706 0.2019795 0.2010729 0.2016156 0.1906746 0.1998914 0.1948640 0.2052599 0.2036673 0.2013387 0.1933160 0.2346167 0.2093462 0.2004991 0.1964970 0.1961638 0.1897924 0.1948822 0.1970093 0.3505260 0.1919514 0.1932946 0.2298093 0.2943927 0.2061317 0.2593490 0.2049554 0.1917033 0.1934858 0.1939169 0.1867861 0.1913618 0.1893591 0.2032966 0.1209713 0.2068600 0.5430889 0.2071996 0.2499397 0.1997728 0.1802473 0.2037514 0.1913981 0.2545913 0.2015241 0.1231189 0.2080559 0.2059667 
Perityle_canescens_77                      0.1193988 0.2577259 0.1357496 0.2115730 0.1631617 0.0704559 0.1755345 0.1664254 0.3087843 0.1694940 0.1771529 0.2061053 0.1447724 0.1875577 0.2734076 0.2897622 0.1692492 0.1908088 0.0000000 0.1854231 0.1882160 0.1743153 0.1786740 0.1969184 0.1735257 0.1803185 0.1050480 0.2024459 0.1824492 0.1466715 0.1839085 0.1828830 0.1769480 0.1716854 0.1491085 0.1379509 0.1733262 0.0929720 0.2865293 0.1805977 0.1714078 0.1355833 0.1993792 0.1329701 0.0829752 0.1782776 0.1763589 0.1685690 0.1572277 0.1764186 0.1698576 0.1809088 0.1802633 0.1900190 0.1340359 0.1114267 0.2951527 0.1676634 0.1686579 0.1613681 0.1788766 0.2057708 0.2224646 0.1754475 0.1420559 0.1819100 0.1945053 0.1420678 0.1861143 0.1673361 0.1821356 0.1795011 0.1770488 0.3858480 0.1758175 0.2136866 0.1909902 0.1393769 0.1782610 0.1695230 0.2934287 0.1695290 0.1733206 0.1530328 0.1881549 
Perityle_castillonii_96                    0.1347924 0.1898333 0.1376372 0.1889001 0.1850199 0.1374554 0.1694019 0.1702881 0.3179808 0.1682003 0.0960305 0.0309079 0.0122100 0.0241630 0.1019273 0.2333123 0.0148477 0.1921912 0.1854231 0.0000000 0.0223944 0.0269713 0.0225029 0.0258900 0.0194088 0.0507336 0.1479055 0.0897201 0.1822822 0.1504004 0.1613461 0.1873050 0.1693899 0.0239727 0.0507269 0.1640915 0.0223869 0.1785464 0.2329665 0.0225029 0.0289097 0.1612446 0.0243443 0.1698027 0.1653869 0.0254554 0.0254613 0.0225554 0.1856500 0.0144897 0.0199314 0.0194553 0.0523412 0.0151602 0.1663056 0.1596972 0.1157022 0.0224279 0.0210550 0.1814307 0.2016484 0.2645724 0.0565716 0.0394206 0.1584964 0.0521993 0.1217333 0.1529574 0.0313131 0.0239532 0.0240153 0.1644843 0.0239724 0.2171769 0.0284529 0.0244275 0.1272360 0.1616994 0.0269651 0.0149521 0.3514618 0.0270243 0.1665483 0.1646860 0.0263429 
Perityle_cernua_84                         0.1415172 0.2025916 0.1405987 0.1916811 0.1959830 0.1471750 0.1690081 0.1810121 0.3235870 0.1672348 0.1070321 0.0340009 0.0255117 0.0326065 0.1006446 0.2652898 0.0126985 0.2017195 0.1882160 0.0223944 0.0000000 0.0285213 0.0301086 0.0325257 0.0213406 0.0572175 0.1608624 0.0930566 0.1945943 0.1611198 0.1707261 0.1978730 0.1739519 0.0213471 0.0536095 0.1694746 0.0198503 0.1868726 0.2649033 0.0315967 0.0348543 0.1704297 0.0240261 0.1726837 0.1746165 0.0084379 0.0285443 0.0243430 0.1937033 0.0201184 0.0293429 0.0228055 0.0557344 0.0104673 0.1754822 0.1763082 0.1189588 0.0241937 0.0228971 0.1918279 0.2162885 0.2795384 0.0696141 0.0345172 0.1667508 0.0555904 0.1310357 0.1629833 0.0408811 0.0256775 0.0330276 0.1788030 0.0242294 0.2183643 0.0227241 0.0337466 0.1346525 0.1622978 0.0256251 0.0142304 0.3546150 0.0285746 0.1783867 0.1766674 0.0367236 
Perityle_cfvillosa_25_tin                  0.1483805 0.2030592 0.1544970 0.1942209 0.1883131 0.1423689 0.1698423 0.1704852 0.3413670 0.1721199 0.1308098 0.0369723 0.0286567 0.0431387 0.1070672 0.3206224 0.0285842 0.1989352 0.1743153 0.0269713 0.0285213 0.0000000 0.0329482 0.0357762 0.0305537 0.0634209 0.1556594 0.0980817 0.1945614 0.1559938 0.1848412 0.2006581 0.1696123 0.0318681 0.0655772 0.1655836 0.0278930 0.1699443 0.3163650 0.0340545 0.0464608 0.1651435 0.0177278 0.1781233 0.1739302 0.0318090 0.0128813 0.0168661 0.1754882 0.0272549 0.0435801 0.0249794 0.0634656 0.0283002 0.1774495 0.1671367 0.1190655 0.0136160 0.0136645 0.1904393 0.2022061 0.2720365 0.0633128 0.0472393 0.1692989 0.0622299 0.1508635 0.1730388 0.0411068 0.0346233 0.0340334 0.1910222 0.0316659 0.2282410 0.0327930 0.0243998 0.1527972 0.1589621 0.0184497 0.0278170 0.3649930 0.0128975 0.1836190 0.1720141 0.0387979 
Perityle_coahuilensis_24                   0.1485979 0.1886021 0.1530311 0.1963109 0.1868398 0.1371893 0.1644347 0.1550087 0.3429383 0.1725826 0.1311545 0.0369804 0.0215565 0.0259122 0.1058631 0.3144401 0.0264372 0.2010729 0.1786740 0.0225029 0.0301086 0.0329482 0.0000000 0.0358907 0.0286706 0.0551210 0.1539296 0.0921534 0.1932142 0.1639918 0.1801223 0.1989973 0.1599423 0.0299991 0.0535989 0.1610006 0.0266879 0.1827746 0.3106236 0.0010097 0.0355265 0.1580141 0.0360099 0.1699958 0.1814042 0.0288901 0.0329526 0.0311493 0.1640159 0.0181563 0.0409862 0.0221109 0.0585339 0.0299702 0.1842325 0.1631783 0.1230170 0.0289072 0.0290088 0.1799415 0.2030965 0.2747648 0.0670335 0.0428067 0.1697230 0.0566869 0.1470613 0.1654520 0.0379596 0.0251639 0.0050614 0.1885342 0.0297517 0.2200949 0.0288565 0.0372255 0.1562831 0.1559881 0.0364946 0.0273691 0.3593722 0.0329935 0.1828817 0.1677375 0.0326681 
Perityle_cochisensis_44_cave_creek         0.1560708 0.1796902 0.1738331 0.1760795 0.1623370 0.1344414 0.1386749 0.1393938 0.3115007 0.1781065 0.1231849 0.0402028 0.0154353 0.0358798 0.1264866 0.1781204 0.0297974 0.1879193 0.1969184 0.0258900 0.0325257 0.0357762 0.0358907 0.0000000 0.0373263 0.0535975 0.1684874 0.0892899 0.1860944 0.1430036 0.1785190 0.1933250 0.1583883 0.0359104 0.0425370 0.1719618 0.0311159 0.1987206 0.1778624 0.0358907 0.0463896 0.1742246 0.0378117 0.1771791 0.2039408 0.0302623 0.0387247 0.0389718 0.1817594 0.0245932 0.0326501 0.0331670 0.0522114 0.0288686 0.1817048 0.1568952 0.1037233 0.0359382 0.0318581 0.2061129 0.1971763 0.2180768 0.0506141 0.0388343 0.1774853 0.0495041 0.1329974 0.1772619 0.0156561 0.0373330 0.0387535 0.1869710 0.0388157 0.3218813 0.0443325 0.0310131 0.1413675 0.1775001 0.0431020 0.0293936 0.2932329 0.0402522 0.2021111 0.1571741 0.0250957 
Perityle_congesta_202                      0.1475139 0.1980936 0.1551928 0.2008224 0.1886923 0.1381762 0.1687862 0.1650081 0.3333263 0.1783190 0.1315582 0.0327089 0.0070654 0.0325124 0.0960395 0.3190073 0.0194939 0.2041245 0.1735257 0.0194088 0.0213406 0.0305537 0.0286706 0.0373263 0.0000000 0.0556101 0.1509268 0.0949105 0.1955559 0.1597096 0.1791903 0.1987440 0.1662821 0.0233050 0.0626553 0.1687417 0.0202608 0.1815957 0.3202981 0.0297703 0.0354929 0.1617650 0.0228944 0.1774565 0.1818738 0.0264739 0.0254028 0.0255333 0.1707476 0.0167861 0.0355465 0.0250831 0.0556398 0.0218161 0.1851873 0.1673210 0.1125196 0.0232479 0.0244305 0.1828577 0.2063399 0.2733460 0.0633892 0.0385095 0.1729283 0.0560057 0.1475979 0.1687750 0.0378908 0.0269955 0.0297815 0.1914149 0.0073055 0.2027137 0.0285895 0.0121366 0.1573803 0.1610468 0.0288560 0.0204903 0.3563094 0.0254343 0.1841812 0.1676617 0.0326489 
Perityle_cordifolia_27                     0.1581570 0.2052574 0.1624833 0.1997544 0.2048961 0.1228467 0.1718250 0.1704147 0.3445640 0.1780924 0.1398064 0.0662921 0.0457856 0.0657008 0.1174430 0.3317898 0.0508918 0.1962596 0.1803185 0.0507336 0.0572175 0.0634209 0.0551210 0.0535975 0.0556101 0.0000000 0.1590750 0.1094001 0.1960378 0.1523378 0.1941873 0.2035049 0.1632967 0.0540105 0.0602048 0.1791629 0.0533237 0.1928827 0.3237111 0.0562534 0.0655597 0.1746446 0.0574340 0.1817395 0.1917031 0.0551053 0.0588915 0.0597943 0.1813402 0.0520248 0.0606476 0.0534191 0.0071969 0.0537427 0.1995223 0.1708709 0.1098040 0.0573196 0.0575272 0.1899868 0.2080568 0.2736752 0.0310731 0.0619761 0.1827295 0.0052676 0.1463458 0.1656004 0.0515422 0.0572549 0.0562823 0.1982447 0.0544909 0.2477795 0.0616035 0.0567040 0.1561565 0.1677061 0.0604292 0.0540561 0.3684212 0.0589663 0.1924330 0.1790403 0.0432961 
Perityle_cordifolia_68_tecolote            0.0856265 0.2022000 0.1133281 0.1939876 0.1383924 0.0603320 0.1547536 0.1635649 0.3384138 0.1679347 0.1501340 0.1722816 0.1256303 0.1540449 0.2261954 0.2698648 0.1449219 0.1818141 0.1050480 0.1479055 0.1608624 0.1556594 0.1539296 0.1684874 0.1509268 0.1590750 0.0000000 0.1774893 0.1624936 0.1306792 0.1754012 0.1320294 0.1522519 0.1478671 0.1259346 0.1041972 0.1408276 0.0888933 0.2607595 0.1540159 0.1643006 0.0999818 0.1729182 0.1091845 0.0906842 0.1560776 0.1505616 0.1608939 0.1109417 0.1356855 0.1488033 0.1622340 0.1644131 0.1715231 0.1162732 0.0076418 0.2487107 0.1575775 0.1594650 0.1268107 0.1219063 0.1628531 0.1995026 0.1571089 0.1134814 0.1544830 0.1610356 0.1212711 0.1705937 0.1569281 0.1565859 0.1578756 0.1509212 0.3375951 0.1570973 0.1737492 0.1550445 0.0976839 0.1556519 0.1508817 0.3066883 0.1520955 0.1474102 0.1040085 0.1490018 
Perityle_coronopifolia_28_patagonia        0.1730817 0.2236981 0.1708737 0.2382711 0.2401403 0.2103859 0.2124993 0.1965174 0.3624233 0.1914465 0.1673815 0.1010189 0.0861529 0.0983276 0.1475397 0.3456041 0.0837324 0.2312921 0.2024459 0.0897201 0.0930566 0.0980817 0.0921534 0.0892899 0.0949105 0.1094001 0.1774893 0.0000000 0.2190003 0.1837572 0.2051015 0.2189933 0.1942495 0.0910381 0.0777061 0.1852351 0.0933940 0.1919338 0.3401038 0.0933617 0.1034271 0.1876137 0.0968858 0.1973802 0.1956149 0.0908387 0.0994871 0.0948289 0.2053433 0.0870662 0.0977770 0.0930935 0.1119413 0.0929352 0.2072058 0.1950654 0.1425011 0.0943710 0.0958773 0.2109720 0.2360664 0.2773725 0.1438729 0.0980930 0.1782537 0.1075023 0.1775945 0.1995731 0.0916537 0.0949932 0.0944326 0.2113755 0.0937459 0.2946767 0.0964646 0.1177535 0.1817021 0.1859469 0.1039017 0.0858211 0.3951423 0.0996161 0.1983732 0.1926837 0.1029699 
Perityle_crassifolia_70_ventanas           0.1641300 0.1678207 0.1936783 0.2034032 0.1695628 0.1152705 0.1838683 0.1373915 0.3343915 0.1555927 0.1692590 0.2000128 0.1928961 0.1924216 0.2820992 0.1722064 0.1904847 0.1257793 0.1824492 0.1822822 0.1945943 0.1945614 0.1932142 0.1860944 0.1955559 0.1960378 0.1624936 0.2190003 0.0000000 0.0062284 0.0843664 0.1729445 0.1535075 0.1911317 0.1374390 0.1675398 0.1850316 0.1749582 0.1800212 0.1932142 0.1979002 0.1661622 0.1934660 0.1735982 0.1775785 0.1990596 0.1967445 0.1979402 0.2038284 0.1953272 0.1852381 0.1931722 0.1962562 0.1891974 0.1649940 0.1683913 0.2784271 0.1949414 0.1942424 0.1909690 0.1935281 0.1979053 0.1993894 0.2020883 0.1562572 0.1959335 0.1896394 0.1653620 0.1837600 0.1871312 0.1931736 0.0045494 0.1978052 0.4401264 0.1979694 0.2122373 0.1943341 0.1469990 0.2005379 0.1843567 0.3661150 0.1990311 0.0030253 0.1713200 0.1872282 
Perityle_crassifolia_74_playa_balandra     0.1289737 0.1624524 0.1463853 0.1873006 0.1375824 0.1205335 0.1594453 0.1235295 0.2380411 0.1397666 0.1345233 0.1659857 0.1268867 0.1613255 0.2750535 0.1386588 0.1507757 0.0652944 0.1466715 0.1504004 0.1611198 0.1559938 0.1639918 0.1430036 0.1597096 0.1523378 0.1306792 0.1837572 0.0062284 0.0000000 0.0652480 0.1613054 0.1458636 0.1564523 0.1338164 0.1434278 0.1463569 0.1469789 0.1364354 0.1639918 0.1646366 0.1464219 0.1584829 0.1463894 0.1449135 0.1613717 0.1585781 0.1569457 0.1737042 0.1666046 0.1504959 0.1588067 0.1522617 0.1462486 0.1353245 0.1371500 0.2496126 0.1536278 0.1548181 0.1745768 0.1769156 0.1430801 0.1689538 0.1699509 0.1237382 0.1520638 0.1530109 0.1473016 0.1742639 0.1507831 0.1639455 0.0020656 0.1650279 0.4902443 0.1655795 0.1747283 0.1593756 0.1369966 0.1609880 0.1536561 0.2075826 0.1587392 0.0041425 0.1536939 0.1463221 
Perityle_cuneata_34_cuneata_San_antonio    0.1825144 0.1582236 0.1943454 0.2104773 0.1829487 0.1485307 0.1896991 0.1537198 0.3313533 0.1609562 0.1654070 0.1845901 0.1677088 0.1688683 0.2663159 0.2296334 0.1719799 0.1138913 0.1839085 0.1613461 0.1707261 0.1848412 0.1801223 0.1785190 0.1791903 0.1941873 0.1754012 0.2051015 0.0843664 0.0652480 0.0000000 0.1999331 0.1502484 0.1762824 0.1333796 0.1779322 0.1650663 0.1815985 0.2317751 0.1801223 0.1764051 0.1771241 0.1812651 0.1784726 0.1848406 0.1868088 0.1825679 0.1843096 0.1894114 0.1713144 0.1686326 0.1800414 0.1943907 0.1744602 0.1700293 0.1734910 0.2731188 0.1797281 0.1808830 0.1991291 0.1869477 0.2444995 0.2100675 0.1879934 0.1829600 0.1940902 0.1931524 0.1859040 0.1675057 0.1757169 0.1818348 0.0776510 0.1812446 0.4331257 0.1823950 0.1886218 0.1983684 0.1693220 0.1842743 0.1676953 0.3932427 0.1846691 0.0819252 0.1776305 0.1787808 
Perityle_cuneata_4                         0.1526468 0.2283006 0.1774700 0.2585245 0.1736990 0.0952691 0.2249197 0.2088682 0.3493577 0.1768724 0.1782275 0.1949480 0.1712975 0.2021785 0.2665394 0.2760054 0.1875752 0.2145110 0.1828830 0.1873050 0.1978730 0.2006581 0.1989973 0.1933250 0.1987440 0.2035049 0.1320294 0.2189933 0.1729445 0.1613054 0.1999331 0.0000000 0.1625370 0.1966989 0.1568939 0.1473722 0.1943157 0.1586489 0.2668046 0.1989973 0.2147053 0.1430450 0.2009167 0.1460194 0.1530607 0.2012523 0.1994313 0.2052929 0.1695637 0.1857691 0.1909481 0.1999292 0.2066027 0.2013543 0.1408911 0.1351360 0.2513240 0.2016490 0.2025604 0.1710099 0.1738571 0.2127732 0.2186980 0.2051329 0.1534736 0.1984382 0.1818544 0.1611552 0.1932900 0.2031761 0.2005095 0.1752269 0.1974248 0.3944454 0.2048547 0.2060743 0.1785847 0.1409945 0.2055532 0.1934040 0.3552730 0.2012681 0.1756246 0.1428088 0.1729862 
Perityle_discoidea_81                      0.1667257 0.1993778 0.1646451 0.2254978 0.1743408 0.1531165 0.1728902 0.1511754 0.2731910 0.0000010 0.1820496 0.1699634 0.1416269 0.1741006 0.2752684 0.3213845 0.1554204 0.1551626 0.1769480 0.1693899 0.1739519 0.1696123 0.1599423 0.1583883 0.1662821 0.1632967 0.1522519 0.1942495 0.1535075 0.1458636 0.1502484 0.1625370 0.0000000 0.1662832 0.1488967 0.1496782 0.1628361 0.1706337 0.3081249 0.1621814 0.1709286 0.1521329 0.1703752 0.1544562 0.1643230 0.1637080 0.1694728 0.1645424 0.1716363 0.1690381 0.1490814 0.1611263 0.1672538 0.1679945 0.1665435 0.1692861 0.3119048 0.1634839 0.1668971 0.1793177 0.1751759 0.1926984 0.1941378 0.1685570 0.1580820 0.1649318 0.1678669 0.1584930 0.2044190 0.1628065 0.1620033 0.1491668 0.1704776 0.3447718 0.1737130 0.1769101 0.1672039 0.1510200 0.1718453 0.1683119 0.2252389 0.1675989 0.1542058 0.1688341 0.1394756 
Perityle_dissecta_201                      0.1500796 0.1851688 0.1545403 0.1965878 0.1856947 0.1375077 0.1663793 0.1653928 0.3436054 0.1749705 0.1287382 0.0314791 0.0233040 0.0365290 0.0873819 0.3111762 0.0200288 0.1921802 0.1716854 0.0239727 0.0213471 0.0318681 0.0299991 0.0359104 0.0233050 0.0540105 0.1478671 0.0910381 0.1911317 0.1564523 0.1762824 0.1966989 0.1662832 0.0000000 0.0595001 0.1638810 0.0189469 0.1798682 0.3070975 0.0310721 0.0388207 0.1608902 0.0243256 0.1701482 0.1801363 0.0257637 0.0275711 0.0269452 0.1672267 0.0207242 0.0395792 0.0220851 0.0551749 0.0223541 0.1811986 0.1647211 0.1094580 0.0247313 0.0258686 0.1803437 0.2020469 0.2672514 0.0598617 0.0417582 0.1671705 0.0543522 0.1455705 0.1702993 0.0377871 0.0262575 0.0310835 0.1835030 0.0243800 0.2241215 0.0278228 0.0275455 0.1536327 0.1575918 0.0288779 0.0199305 0.3566184 0.0276053 0.1817958 0.1650557 0.0325472 
Perityle_emoryi_47_punta_san_jose          0.1163715 0.1681911 0.1215731 0.1548963 0.1489580 0.1440862 0.1368093 0.1152612 0.1905059 0.1488967 0.0539475 0.0681970 0.0400856 0.0612806 0.2824869 0.1471747 0.0564858 0.1197319 0.1491085 0.0507269 0.0536095 0.0655772 0.0535989 0.0425370 0.0626553 0.0602048 0.1259346 0.0777061 0.1374390 0.1338164 0.1333796 0.1568939 0.1488967 0.0595001 0.0000000 0.1287687 0.0595276 0.1556438 0.1473040 0.0535989 0.0657114 0.1353668 0.0655031 0.1353808 0.1504581 0.0566496 0.0684954 0.0601153 0.1555455 0.0647296 0.0470772 0.0537412 0.0630856 0.0537360 0.1425174 0.1298282 0.2082488 0.0596184 0.0603362 0.1666883 0.1885354 0.1561748 0.0930469 0.0626613 0.1334561 0.0629837 0.0708527 0.1362730 0.0623318 0.0565475 0.0564746 0.1338164 0.0657459 0.4053123 0.0714537 0.0805008 0.0678318 0.1463387 0.0714105 0.0536095 0.1763692 0.0655772 0.1338164 0.1505794 0.0503711 
Perityle_feddemae_99                       0.1166962 0.1889855 0.1481245 0.2196281 0.0816884 0.0554355 0.1740256 0.1646358 0.3275082 0.1739633 0.1626239 0.1753832 0.1338563 0.1612212 0.2297875 0.2128822 0.1548739 0.1920025 0.1379509 0.1640915 0.1694746 0.1655836 0.1610006 0.1719618 0.1687417 0.1791629 0.1041972 0.1852351 0.1675398 0.1434278 0.1779322 0.1473722 0.1496782 0.1638810 0.1287687 0.0000000 0.1590660 0.1217544 0.2039370 0.1623653 0.1748968 0.0363264 0.1854878 0.0395001 0.1237365 0.1655849 0.1709233 0.1718796 0.0363786 0.1478378 0.1645389 0.1756350 0.1794474 0.1770793 0.0769289 0.0998704 0.2400045 0.1685002 0.1679509 0.0940412 0.0813309 0.1983013 0.2118342 0.1666983 0.0870318 0.1712261 0.1791225 0.1143367 0.1792525 0.1693583 0.1661491 0.1594066 0.1687347 0.3468354 0.1729641 0.1740583 0.1750022 0.0781377 0.1748699 0.1632479 0.3023725 0.1711536 0.1523476 0.0720884 0.1467158 
Perityle_fosteri_93                        0.1363326 0.2001477 0.1389465 0.1888458 0.1908665 0.1321577 0.1613358 0.1552244 0.3214219 0.1498683 0.1047607 0.0342073 0.0202296 0.0370287 0.0937468 0.2872536 0.0125703 0.1833067 0.1733262 0.0223869 0.0198503 0.0278930 0.0266879 0.0311159 0.0202608 0.0533237 0.1408276 0.0933940 0.1850316 0.1463569 0.1650663 0.1943157 0.1628361 0.0189469 0.0595276 0.1590660 0.0000000 0.1760759 0.2875411 0.0280013 0.0308640 0.1570035 0.0213293 0.1637091 0.1630833 0.0214822 0.0279431 0.0228825 0.1728164 0.0197832 0.0281507 0.0215273 0.0520100 0.0129605 0.1638146 0.1666954 0.1190698 0.0227830 0.0228928 0.1802202 0.1984712 0.2728691 0.0632175 0.0358114 0.1559403 0.0519471 0.1261895 0.1624575 0.0345556 0.0201938 0.0292698 0.1693240 0.0241211 0.2157714 0.0240030 0.0244280 0.1294213 0.1509812 0.0227681 0.0126306 0.3550356 0.0253786 0.1636571 0.1671884 0.0388156 
Perityle_gamon_221                         0.1225219 0.2274608 0.1397515 0.1970553 0.1400675 0.0655950 0.1780694 0.1665963 0.3268706 0.1877135 0.1862076 0.2144577 0.1304274 0.1706933 0.2683454 0.2757039 0.1677704 0.2171706 0.0929720 0.1785464 0.1868726 0.1699443 0.1827746 0.1987206 0.1815957 0.1928827 0.0888933 0.1919338 0.1749582 0.1469789 0.1815985 0.1586489 0.1706337 0.1798682 0.1556438 0.1217544 0.1760759 0.0000000 0.2626406 0.1844817 0.1973547 0.1221110 0.2142846 0.1357250 0.0287560 0.1836323 0.1810091 0.1838043 0.1317280 0.1588217 0.1753085 0.1969187 0.1928456 0.2051600 0.1283374 0.0879925 0.2756332 0.1811881 0.1820414 0.1398764 0.1564256 0.1705416 0.2114642 0.1865163 0.1370988 0.1813020 0.1844880 0.1433357 0.1929979 0.1824989 0.1860914 0.1689122 0.1830947 0.3608876 0.1897753 0.2022615 0.1842857 0.1250570 0.1894353 0.1819304 0.2606495 0.1815333 0.1567060 0.1295437 0.1753916 
Perityle_gentryi_8_san_francisco           0.2713323 0.2206879 0.3046531 0.3834668 0.1293621 0.0506012 0.2808390 0.1329313 0.4061369 0.2956420 0.2797158 0.1813729 0.3864388 0.3436186 0.3912877 0.0221733 0.3094751 0.2019795 0.2865293 0.2329665 0.2649033 0.3163650 0.3106236 0.1778624 0.3202981 0.3237111 0.2607595 0.3401038 0.1800212 0.1364354 0.2317751 0.2668046 0.3081249 0.3070975 0.1473040 0.2039370 0.2875411 0.2626406 0.0000000 0.3125601 0.3255337 0.2062923 0.1869321 0.1775979 0.2601768 0.3166399 0.3193707 0.3220377 0.2502663 0.3413998 0.2783384 0.2906758 0.3240178 0.2300170 0.1216325 0.1183684 0.2294443 0.3187046 0.3188654 0.1992710 0.0809257 0.2180082 0.1959823 0.3170947 0.1751018 0.3235466 0.3094161 0.2485132 0.1799473 0.3121586 0.3123523 0.2445715 0.3172744 0.5664138 0.3172805 0.1695281 0.2947478 0.2226252 0.3174825 0.3100226 0.3563488 0.3178027 0.2958761 0.0847185 0.1655726 
Perityle_gilensis_22_Superstition          0.1500939 0.1886021 0.1544695 0.1982954 0.1868398 0.1371893 0.1664634 0.1550087 0.3429383 0.1743522 0.1324712 0.0369804 0.0234033 0.0272501 0.1082627 0.3163657 0.0275296 0.2010729 0.1805977 0.0225029 0.0315967 0.0340545 0.0010097 0.0358907 0.0297703 0.0562534 0.1540159 0.0933617 0.1932142 0.1639918 0.1801223 0.1989973 0.1621814 0.0310721 0.0535989 0.1623653 0.0280013 0.1844817 0.3125601 0.0000000 0.0366174 0.1593779 0.0360099 0.1715042 0.1829334 0.0299590 0.0340590 0.0322278 0.1659597 0.0194833 0.0423757 0.0232472 0.0596754 0.0299702 0.1859696 0.1631783 0.1230170 0.0299768 0.0300822 0.1814360 0.2030965 0.2747648 0.0670335 0.0439061 0.1712394 0.0578536 0.1470613 0.1669343 0.0379596 0.0262454 0.0060810 0.1885342 0.0308535 0.2217390 0.0299241 0.0372255 0.1562831 0.1573608 0.0376165 0.0284577 0.3621279 0.0341014 0.1828817 0.1677375 0.0326681 
Perityle_gilensis_salensis_225             0.1571254 0.1988691 0.1611537 0.2044020 0.1947689 0.1438172 0.1586769 0.1763850 0.3442763 0.1865302 0.1460897 0.0417343 0.0272884 0.0338800 0.1069317 0.3310548 0.0364920 0.2016156 0.1714078 0.0289097 0.0348543 0.0464608 0.0355265 0.0463896 0.0354929 0.0655597 0.1643006 0.1034271 0.1979002 0.1646366 0.1764051 0.2147053 0.1709286 0.0388207 0.0657114 0.1748968 0.0308640 0.1973547 0.3255337 0.0366174 0.0000000 0.1735449 0.0410070 0.1827557 0.1958475 0.0419545 0.0409717 0.0410943 0.1711346 0.0262992 0.0441294 0.0336679 0.0668242 0.0392990 0.1958167 0.1705048 0.1289038 0.0387614 0.0399772 0.1887794 0.2226329 0.2796582 0.0670239 0.0562647 0.1810402 0.0662773 0.1497876 0.1795121 0.0445521 0.0307570 0.0366309 0.1917712 0.0365924 0.2291328 0.0397652 0.0347221 0.1618883 0.1716196 0.0424016 0.0352303 0.3674524 0.0409848 0.1924710 0.1826358 0.0374762 
Perityle_glaucescens_94                    0.1118476 0.1872922 0.1475853 0.2153136 0.0751854 0.0365022 0.1771887 0.1536949 0.3369906 0.1729613 0.1583113 0.1759808 0.1262975 0.1558758 0.2289953 0.2123995 0.1505930 0.1906746 0.1355833 0.1612446 0.1704297 0.1651435 0.1580141 0.1742246 0.1617650 0.1746446 0.0999818 0.1876137 0.1661622 0.1464219 0.1771241 0.1430450 0.1521329 0.1608902 0.1353668 0.0363264 0.1570035 0.1221110 0.2062923 0.1593779 0.1735449 0.0000000 0.1808331 0.0235692 0.1216825 0.1652859 0.1640091 0.1662454 0.0261621 0.1408981 0.1657153 0.1711088 0.1775220 0.1779303 0.0843402 0.0959031 0.2294258 0.1642899 0.1649950 0.0933968 0.0815360 0.1957295 0.2087229 0.1662130 0.0926118 0.1679512 0.1725563 0.1098354 0.1757718 0.1663249 0.1631648 0.1634894 0.1617586 0.3458571 0.1699984 0.1706882 0.1700910 0.0750814 0.1678942 0.1602044 0.2857256 0.1642305 0.1569443 0.0724923 0.1445190 
Perityle_gracilis_11                       0.1654655 0.1956767 0.1854052 0.1912965 0.1711152 0.1534976 0.1588317 0.1376066 0.2873072 0.1865503 0.1256744 0.0345089 0.0127174 0.0342216 0.1270185 0.1854354 0.0161789 0.1998914 0.1993792 0.0243443 0.0240261 0.0177278 0.0360099 0.0378117 0.0228944 0.0574340 0.1729182 0.0968858 0.1934660 0.1584829 0.1812651 0.2009167 0.1703752 0.0243256 0.0655031 0.1854878 0.0213293 0.2142846 0.1869321 0.0360099 0.0410070 0.1808331 0.0000000 0.1857934 0.2166365 0.0316097 0.0156268 0.0142765 0.1951106 0.0209792 0.0415706 0.0243039 0.0544473 0.0243114 0.1947452 0.1715924 0.1157846 0.0113268 0.0128223 0.2119513 0.2091491 0.2173434 0.0664519 0.0495324 0.1833505 0.0533094 0.1364146 0.1786642 0.0442489 0.0301537 0.0345864 0.1950411 0.0243587 0.3104700 0.0359401 0.0243605 0.1536385 0.1804749 0.0199222 0.0203436 0.3007560 0.0170865 0.2127250 0.1668406 0.0298202 
Perityle_harkerae_31                       0.1168200 0.1923167 0.1570756 0.2212002 0.0913518 0.0458525 0.1805298 0.1638864 0.3249610 0.1731671 0.1460678 0.1789119 0.1481754 0.1784429 0.2377729 0.1810197 0.1634770 0.1948640 0.1329701 0.1698027 0.1726837 0.1781233 0.1699958 0.1771791 0.1774565 0.1817395 0.1091845 0.1973802 0.1735982 0.1463894 0.1784726 0.1460194 0.1544562 0.1701482 0.1353808 0.0395001 0.1637091 0.1357250 0.1775979 0.1715042 0.1827557 0.0235692 0.1857934 0.0000000 0.1309833 0.1749546 0.1798407 0.1820216 0.0351813 0.1614833 0.1711687 0.1771577 0.1834384 0.1833565 0.0810098 0.1069025 0.2477918 0.1782486 0.1776564 0.0995759 0.0875221 0.2001264 0.2156752 0.1790664 0.0934076 0.1745948 0.1738921 0.1096536 0.1757936 0.1740393 0.1756706 0.1674455 0.1774478 0.3830341 0.1817056 0.1815782 0.1686237 0.0768793 0.1795625 0.1654934 0.3076357 0.1770779 0.1695496 0.0766176 0.1565690 
