86
Amauria_brandeegeana_62                    0.0000000 0.0649053 0.1795889 0.5436987 0.1608790 0.0912668 0.5207046 0.3565784 0.6973083 0.0557141 0.1756571 0.1643809 0.1789927 0.7210561 0.1257622 0.1814831 0.1646781 0.2135449 0.1813949 0.1936696 0.1618531 0.1628197 0.0446626 0.1604330 0.1342311 0.1643475 0.1685623 0.1911353 0.1768697 0.1741896 0.0711717 0.1664208 0.1662471 0.0545565 0.1695798 0.1716502 0.1830899 0.1621578 0.1287976 0.1811010 0.1695035 0.1644037 0.1738832 0.1640618 0.1768388 0.1416752 0.1713308 0.1601794 0.1642287 0.1770253 0.2420878 0.1592750 0.1647613 0.1725606 0.1305997 0.1972385 0.1481324 0.0889327 0.1617324 0.1669333 0.1359021 0.1100649 0.0838491 0.0611016 0.1873718 0.1742262 0.1764262 0.1599017 0.1703667 0.0688904 0.1647886 0.1604330 0.1682314 0.1598615 0.1601938 0.1441478 0.0687194 0.1793275 0.4647630 0.7610432 0.1709462 0.2485918 0.1763168 0.1723980 0.5044005 0.2415185 
Amauria_carterae_99_mesa                   0.0649053 0.0000000 0.0618670 0.4735348 0.0434334 0.0818493 0.2900546 0.3207992 0.5933291 0.0480700 0.0572529 0.0505791 0.0574053 0.5787518 0.0549107 0.0756093 0.0549828 0.0513933 0.1108205 0.0437468 0.0478265 0.0437813 0.0417173 0.0503423 0.0619293 0.0460802 0.0616257 0.0759043 0.0986551 0.0570235 0.0647745 0.0691190 0.0599341 0.0435222 0.0572265 0.0662392 0.0778958 0.0549393 0.0641062 0.0716016 0.0549233 0.0549660 0.0661292 0.0438214 0.0684249 0.0716497 0.0641842 0.0415425 0.0460909 0.0685600 0.0716406 0.0525957 0.0460534 0.0638531 0.0571087 0.1262024 0.0712030 0.0661372 0.0415752 0.0437813 0.1192354 0.0644830 0.0943769 0.0493303 0.0641858 0.1038024 0.0639040 0.0546181 0.0704409 0.0589439 0.0526767 0.0503423 0.0641011 0.0438214 0.0461243 0.0571926 0.0575016 0.0550835 0.2192471 0.5793410 0.0640686 0.1628901 0.0711766 0.0662392 0.4658656 0.1316407 
Amauria_rotundifolia_SRR9119150            0.1795889 0.0618670 0.0000000 0.5385146 0.2002849 0.0829930 0.5849787 0.3394117 0.7193481 0.2681462 0.1806848 0.2044914 0.1499157 0.6757003 0.1092253 0.1953930 0.1925015 0.2589222 0.1611199 0.2398816 0.1924497 0.1928935 0.0237056 0.1956236 0.1053690 0.1845009 0.1606311 0.2150305 0.2047185 0.1518507 0.0510878 0.2018150 0.1960119 0.1512656 0.2001044 0.1807756 0.2121522 0.1998285 0.1690864 0.1951946 0.2203195 0.1840746 0.2045587 0.1713453 0.2059761 0.1549715 0.1419746 0.1867102 0.1942803 0.2076317 0.2201705 0.1705080 0.1484404 0.1950621 0.1827623 0.2087190 0.1198212 0.0964288 0.1974472 0.1983768 0.1043400 0.1212435 0.0760483 0.0454290 0.2193673 0.1855054 0.1849381 0.1912557 0.2119809 0.0785671 0.1925932 0.1956236 0.1998798 0.1971787 0.1267956 0.1381787 0.0392651 0.1548465 0.4977956 0.7582319 0.1793248 0.2053843 0.2100025 0.2177614 0.4723343 0.1835035 
Conoclinium_coelestinum_SRR9119114         0.5436987 0.4735348 0.5385146 0.0000000 0.5065513 0.2799071 0.6404374 0.1917861 0.5560850 0.5361454 0.5268060 0.5314847 0.5248079 0.5729561 0.5294084 0.5529409 0.5243584 0.5131451 0.5233354 0.4862185 0.5162091 0.5188941 0.4360049 0.5120182 0.5258471 0.5282585 0.5477266 0.5294635 0.5540456 0.5168744 0.4258078 0.5234116 0.5404236 0.5253359 0.5160896 0.5470393 0.5368858 0.5279339 0.5417067 0.5307904 0.5156000 0.5279980 0.5268110 0.5249290 0.5276152 0.5601448 0.5454732 0.5232020 0.5278766 0.5280704 0.3389312 0.5234921 0.5292166 0.5494026 0.5367597 0.5680699 0.4708792 0.3907725 0.5259786 0.5305760 0.5522237 0.4386747 0.5252880 0.3457428 0.5263670 0.5558408 0.5433669 0.5067571 0.5433200 0.4106144 0.5208166 0.5120182 0.5401512 0.5232020 0.5292789 0.5246186 0.4047109 0.5217632 0.6992008 0.5773148 0.5327521 0.5009233 0.5266628 0.5440826 0.4062247 0.4546398 
Eutetras_palmeri_63                        0.1608790 0.0434334 0.2002849 0.5065513 0.0000000 0.0870361 0.3704023 0.3131909 0.6632615 0.2325808 0.0401189 0.0351521 0.0329163 0.6499585 0.0344015 0.0526587 0.0269692 0.0462854 0.0767856 0.0307095 0.0235765 0.0293956 0.0265008 0.0235817 0.0280557 0.0322323 0.0394871 0.0585980 0.0803869 0.0401066 0.0451319 0.0422980 0.0352555 0.1435755 0.0270196 0.0408285 0.0479195 0.0281162 0.0525294 0.0446585 0.0288625 0.0278205 0.0396649 0.0257847 0.0408261 0.0535924 0.0326849 0.0250860 0.0282134 0.0420283 0.0346418 0.0284316 0.0247502 0.0442181 0.0362503 0.0884099 0.0493613 0.0433187 0.0259546 0.0270792 0.0810852 0.0394748 0.0660941 0.0416294 0.1377686 0.0791806 0.0486302 0.0510483 0.0488572 0.0353512 0.0269816 0.0235817 0.0442683 0.0259395 0.0269768 0.0296705 0.0423940 0.0408559 0.2608028 0.7023298 0.0332039 0.1368274 0.0408485 0.0407775 0.4509759 0.1046966 
Eutetras_pringlei_149_quer                 0.0912668 0.0818493 0.0829930 0.2799071 0.0870361 0.0000000 0.0744121 0.3157747 0.4135465 0.1157988 0.0738357 0.1118992 0.0906407 0.4321523 0.0864785 0.1203346 0.0997322 0.0646220 0.1317448 0.0917361 0.0950591 0.1035759 0.0207153 0.0997322 0.0867271 0.0953739 0.1075353 0.1123957 0.1230802 0.0904409 0.1030819 0.1299480 0.1161766 0.0863364 0.1081381 0.1116896 0.1243449 0.0997322 0.1034640 0.1040421 0.0997322 0.0997322 0.1159464 0.0997244 0.1200891 0.1026246 0.0950476 0.0995270 0.1037286 0.1205093 0.1264126 0.1079435 0.0851843 0.0932342 0.1120309 0.1581748 0.0993778 0.0955885 0.1035759 0.0995270 0.1059707 0.0867589 0.1370682 0.0727631 0.1085852 0.1239588 0.1116156 0.0978004 0.1233568 0.0782245 0.0997322 0.0997322 0.1204122 0.0995270 0.0822286 0.0821280 0.0192388 0.0952578 0.0508712 0.4475455 0.1084423 0.1013273 0.1122571 0.1116896 0.3381879 0.1096029 
Eutrochium_fistulosum_SRR9119106           0.5207046 0.2900546 0.5849787 0.6404374 0.3704023 0.0744121 0.0000000 0.3031593 0.7617593 0.5860785 0.3974952 0.3751930 0.3544446 0.7299924 0.4373996 0.3958738 0.3626227 0.3236093 0.4330706 0.2730853 0.3598666 0.3614491 0.2371304 0.3680515 0.4191821 0.3664206 0.4083453 0.3925872 0.3667323 0.3633461 0.2533424 0.3861359 0.3771853 0.5078044 0.3635431 0.3911755 0.3815436 0.3560331 0.4098804 0.3844473 0.3446345 0.3742171 0.3731665 0.3686465 0.3780659 0.4234148 0.3994412 0.3623126 0.3660905 0.3783358 0.0513293 0.3775758 0.3890394 0.3935864 0.3917021 0.3979032 0.3376090 0.1644873 0.3588048 0.3680411 0.4659034 0.2409512 0.4528982 0.0872454 0.5788018 0.3861307 0.3990133 0.3747213 0.3770163 0.2029179 0.3608995 0.3680515 0.3818402 0.3633962 0.4030219 0.4008610 0.2333698 0.4052506 0.4310689 0.7626812 0.3829425 0.2571921 0.3758305 0.3821072 0.5446351 0.2289372 
Galeana_pratensis_104_mex                  0.3565784 0.3207992 0.3394117 0.1917861 0.3131909 0.3157747 0.3031593 0.0000000 0.2630964 0.3514574 0.3262316 0.3306075 0.3250149 0.2026410 0.3162958 0.3379037 0.3189004 0.3168151 0.3268334 0.3189004 0.3252329 0.3190323 0.3019492 0.3189004 0.3132227 0.3189004 0.3297794 0.3282575 0.3279555 0.3427890 0.3477522 0.3185584 0.3208600 0.3514574 0.3254316 0.3357998 0.3227355 0.3189004 0.3267365 0.3377518 0.3189004 0.3189004 0.3172802 0.3252679 0.3166749 0.3284744 0.3375733 0.3189004 0.3252802 0.3116222 0.3889885 0.3248529 0.3248529 0.3297794 0.3222943 0.3419727 0.3177906 0.3215048 0.3245995 0.3189004 0.3357915 0.3185987 0.3394682 0.3276724 0.3677035 0.3279555 0.3355369 0.3411864 0.3429243 0.3102616 0.3189004 0.3189004 0.3392244 0.3189004 0.3124131 0.3183203 0.2573225 0.3158311 0.2934832 0.2155458 0.3249977 0.3240234 0.3245995 0.3357998 0.1621665 0.3217260 
Helianthus_annuus_SRR9119062               0.6973083 0.5933291 0.7193481 0.5560850 0.6632615 0.4135465 0.7617593 0.2630964 0.0000000 0.7897258 0.6516894 0.6537551 0.6448940 0.6150474 0.6375393 0.6579927 0.6612619 0.6499558 0.6555027 0.6475578 0.6463806 0.6475970 0.4954059 0.6564379 0.6516820 0.6560435 0.6678774 0.6746466 0.6674677 0.6315959 0.5335657 0.6473480 0.6573128 0.6945149 0.6573292 0.6767888 0.6775848 0.6645336 0.6825897 0.6554089 0.6573001 0.6483654 0.6683340 0.6393491 0.6702677 0.6758181 0.6532354 0.6386656 0.6426720 0.6717921 0.6161160 0.6594243 0.6359675 0.6755137 0.6733491 0.6994731 0.6477446 0.5004171 0.6505461 0.6503803 0.6503579 0.5786603 0.6710241 0.3843606 0.7242619 0.6655217 0.6850092 0.6670280 0.6513404 0.5074605 0.6537189 0.6564379 0.6677888 0.6435552 0.6175084 0.6330995 0.4081931 0.6550246 0.7121872 0.6581556 0.6638226 0.6409066 0.6613172 0.6776749 0.4002168 0.5791808 
Lycapsus_tenuifolius_17                    0.0557141 0.0480700 0.2681462 0.5361454 0.2325808 0.1157988 0.5860785 0.3514574 0.7897258 0.0000000 0.2269074 0.2364710 0.1735923 0.7042449 0.1259248 0.2668286 0.2402962 0.2878450 0.1935963 0.2612856 0.2361642 0.2399208 0.0296090 0.2342770 0.1422357 0.2366587 0.2025863 0.2744194 0.2505779 0.1725007 0.0564099 0.2487149 0.2449340 0.0093420 0.2408671 0.2137597 0.2572458 0.2405284 0.1989481 0.2638495 0.2346910 0.2231523 0.2502456 0.2201249 0.2518416 0.1836662 0.1828842 0.2287148 0.2381360 0.2537655 0.2641036 0.2104049 0.1920722 0.2336916 0.2087972 0.2569989 0.1526009 0.0725350 0.2353522 0.2364881 0.1302839 0.1084939 0.0708398 0.0415856 0.2720354 0.2261687 0.2370707 0.2196099 0.2510585 0.0705302 0.2388047 0.2342770 0.2339425 0.2333733 0.1654693 0.1759264 0.0538615 0.1794168 0.5222347 0.8145707 0.2220865 0.2401379 0.2470219 0.2436931 0.4961319 0.2340528 
Pericome_caudata_50_silver                 0.1756571 0.0572529 0.1806848 0.5268060 0.0401189 0.0738357 0.3974952 0.3262316 0.6516894 0.2269074 0.0000000 0.0501502 0.0422872 0.6939872 0.0532385 0.0633241 0.0456959 0.0501046 0.0829293 0.0379703 0.0347480 0.0448067 0.0235079 0.0400507 0.0443409 0.0478957 0.0518359 0.0716647 0.0865391 0.0494974 0.0591620 0.0517195 0.0461358 0.1544359 0.0435194 0.0510063 0.0586140 0.0454603 0.0622946 0.0565772 0.0417393 0.0459766 0.0527186 0.0421006 0.0538768 0.0648774 0.0504108 0.0406664 0.0424656 0.0550880 0.0420385 0.0433799 0.0407444 0.0521826 0.0528405 0.0943612 0.0587893 0.0490416 0.0410369 0.0458964 0.0930120 0.0469336 0.0755353 0.0338309 0.1244896 0.0841976 0.0586269 0.0629536 0.0583096 0.0433527 0.0422811 0.0400507 0.0565268 0.0448165 0.0465205 0.0458895 0.0499557 0.0583778 0.2753040 0.7143823 0.0493689 0.1492645 0.0549319 0.0449960 0.4881244 0.1051102 
Perityle_aglossa_84_dead_horse             0.1643809 0.0505791 0.2044914 0.5314847 0.0351521 0.1118992 0.3751930 0.3306075 0.6537551 0.2364710 0.0501502 0.0000000 0.0331015 0.6869322 0.0326973 0.0538821 0.0302367 0.0539721 0.0830210 0.0265677 0.0328698 0.0247714 0.0177362 0.0248036 0.0306046 0.0273912 0.0463571 0.0642943 0.0868250 0.0495928 0.0568673 0.0485423 0.0450927 0.1441050 0.0303035 0.0474645 0.0550555 0.0306063 0.0639070 0.0461973 0.0289520 0.0266359 0.0470022 0.0213174 0.0492965 0.0576482 0.0361626 0.0195405 0.0236532 0.0492981 0.0382111 0.0283529 0.0199716 0.0521263 0.0372323 0.0933588 0.0553171 0.0467069 0.0239627 0.0258499 0.0901026 0.0496213 0.0664545 0.0494319 0.1366035 0.0874836 0.0548836 0.0523812 0.0536825 0.0279080 0.0280564 0.0248036 0.0517930 0.0247768 0.0219088 0.0331634 0.0357431 0.0459392 0.2739761 0.7255430 0.0318118 0.1468510 0.0425106 0.0469527 0.4929687 0.1162684 
Perityle_ajoensis_204                      0.1789927 0.0574053 0.1499157 0.5248079 0.0329163 0.0906407 0.3544446 0.3250149 0.6448940 0.1735923 0.0422872 0.0331015 0.0000000 0.6389040 0.0241794 0.0531056 0.0192299 0.0410568 0.0850282 0.0203223 0.0283287 0.0269692 0.0205232 0.0147703 0.0216689 0.0300105 0.0500739 0.0627205 0.0817203 0.0417691 0.0594239 0.0409025 0.0362734 0.1659165 0.0177726 0.0438221 0.0514316 0.0192415 0.0628213 0.0440581 0.0162744 0.0162828 0.0435836 0.0254282 0.0451277 0.0578891 0.0252900 0.0238981 0.0284603 0.0451882 0.0206131 0.0147739 0.0239142 0.0515854 0.0307374 0.0950002 0.0607738 0.0549071 0.0254619 0.0254365 0.0945954 0.0542959 0.0739831 0.0534425 0.0693204 0.0853698 0.0531983 0.0524939 0.0543354 0.0225534 0.0162477 0.0147703 0.0468391 0.0254422 0.0316114 0.0195531 0.0315834 0.0409000 0.2468910 0.6684026 0.0222254 0.1458735 0.0328906 0.0438221 0.4810772 0.1053328 
Perityle_ambrosiifolia_67_green            0.7210561 0.5787518 0.6757003 0.5729561 0.6499585 0.4321523 0.7299924 0.2026410 0.6150474 0.7042449 0.6939872 0.6869322 0.6389040 0.0000000 0.6885258 0.6999209 0.6794717 0.6086834 0.7031267 0.6266243 0.6764866 0.6772656 0.4684512 0.6754398 0.6751719 0.6809952 0.6825126 0.7005629 0.6766869 0.6418117 0.5220333 0.6743077 0.6842693 0.7276544 0.6793426 0.6989192 0.6619105 0.6847382 0.6849659 0.6904054 0.6595291 0.6802094 0.6607161 0.6834814 0.6508542 0.6998398 0.6918567 0.6793694 0.6764670 0.6509289 0.6482110 0.6727418 0.6834920 0.6750746 0.6749229 0.7028870 0.6295829 0.5254596 0.6723757 0.6788376 0.6912663 0.5589423 0.6866396 0.4198799 0.6693232 0.6815304 0.6792903 0.6843737 0.6803423 0.5260343 0.6790482 0.6754398 0.6889745 0.6807430 0.6838401 0.6731144 0.4368674 0.6687768 0.7723572 0.0272111 0.6941640 0.6446576 0.6924629 0.6839462 0.0737419 0.6090709 
Perityle_angustifolia_13_Eagle_creek       0.1257622 0.0549107 0.1092253 0.5294084 0.0344015 0.0864785 0.4373996 0.3162958 0.6375393 0.1259248 0.0532385 0.0326973 0.0241794 0.6885258 0.0000000 0.0558931 0.0202395 0.0505289 0.0855250 0.0270354 0.0375853 0.0307987 0.0145785 0.0189810 0.0211825 0.0334174 0.0533377 0.0655165 0.0818053 0.0512372 0.0535962 0.0507068 0.0441627 0.1113957 0.0215642 0.0560667 0.0625198 0.0207295 0.0583534 0.0454939 0.0206246 0.0215813 0.0556904 0.0310098 0.0570301 0.0629321 0.0266852 0.0294656 0.0320989 0.0584351 0.0355274 0.0202602 0.0294958 0.0565801 0.0106845 0.0959144 0.0622171 0.0518100 0.0315536 0.0294740 0.0880538 0.0492021 0.0662115 0.0495053 0.0479585 0.0847926 0.0560203 0.0499208 0.0610105 0.0199364 0.0189741 0.0189810 0.0577152 0.0347563 0.0347887 0.0207038 0.0279906 0.0630705 0.3057160 0.7038229 0.0254007 0.1709893 0.0345186 0.0458202 0.4917878 0.1257767 
Perityle_batopilensis_97                   0.1814831 0.0756093 0.1953930 0.5529409 0.0526587 0.1203346 0.3958738 0.3379037 0.6579927 0.2668286 0.0633241 0.0538821 0.0531056 0.6999209 0.0558931 0.0000000 0.0517240 0.0706258 0.0956119 0.0528657 0.0501840 0.0497870 0.0385944 0.0484634 0.0454154 0.0516899 0.0637212 0.0839835 0.0993257 0.0666775 0.0675325 0.0624093 0.0533917 0.1657800 0.0473829 0.0667702 0.0724001 0.0516351 0.0701791 0.0179532 0.0487325 0.0475463 0.0654377 0.0450253 0.0665722 0.0732965 0.0526474 0.0458279 0.0464029 0.0677701 0.0599082 0.0485748 0.0459872 0.0687267 0.0570444 0.1018172 0.0774990 0.0632115 0.0462526 0.0519644 0.0962885 0.0662939 0.0716915 0.0573661 0.1493218 0.0938662 0.0715502 0.0706213 0.0789046 0.0483689 0.0484208 0.0484634 0.0683745 0.0486803 0.0514291 0.0518377 0.0572006 0.0699240 0.2943704 0.7498140 0.0520278 0.1639145 0.0641492 0.0651394 0.5255166 0.1223029 
Perityle_bisetosa_9                        0.1646781 0.0549828 0.1925015 0.5243584 0.0269692 0.0997322 0.3626227 0.3189004 0.6612619 0.2402962 0.0456959 0.0302367 0.0192299 0.6794717 0.0202395 0.0517240 0.0000000 0.0432252 0.0811309 0.0225599 0.0289546 0.0254846 0.0000010 0.0136313 0.0197827 0.0280792 0.0441880 0.0574131 0.0801884 0.0431726 0.0481227 0.0453253 0.0376062 0.1450484 0.0147044 0.0476813 0.0517232 0.0085040 0.0589067 0.0419954 0.0166473 0.0172892 0.0450021 0.0221155 0.0461034 0.0589166 0.0198239 0.0214078 0.0243810 0.0472482 0.0136015 0.0143081 0.0231663 0.0487917 0.0236645 0.0889116 0.0514106 0.0490449 0.0226950 0.0233130 0.0794691 0.0468227 0.0680438 0.0416877 0.1214289 0.0815143 0.0503243 0.0497847 0.0559767 0.0049284 0.0062520 0.0136313 0.0485174 0.0254901 0.0288624 0.0172033 0.0244887 0.0542362 0.2572978 0.7081646 0.0198586 0.1482055 0.0307243 0.0407519 0.4884765 0.1051790 
Perityle_californica_76_positas            0.2135449 0.0513933 0.2589222 0.5131451 0.0462854 0.0646220 0.3236093 0.3168151 0.6499558 0.2878450 0.0501046 0.0539721 0.0410568 0.6086834 0.0505289 0.0706258 0.0432252 0.0000000 0.0869319 0.0416750 0.0403540 0.0465039 0.0416790 0.0403445 0.0394370 0.0489803 0.0636840 0.0783887 0.0894877 0.0535614 0.0684085 0.0480872 0.0481733 0.1994319 0.0403474 0.0564008 0.0675968 0.0432372 0.0725639 0.0603454 0.0433637 0.0418671 0.0583309 0.0441741 0.0598418 0.0659367 0.0498787 0.0426303 0.0479201 0.0599198 0.0503401 0.0383596 0.0407773 0.0664429 0.0488404 0.1009923 0.0672187 0.0571778 0.0450119 0.0464549 0.0916217 0.0532797 0.0699365 0.0435003 0.1869109 0.0920211 0.0695518 0.0677364 0.0640823 0.0527966 0.0432506 0.0403445 0.0632168 0.0434663 0.0480642 0.0454609 0.0481763 0.0540015 0.2278405 0.6665604 0.0413618 0.1389384 0.0535894 0.0600184 0.4972785 0.0950156 
Perityle_canescens_77                      0.1813949 0.1108205 0.1611199 0.5233354 0.0767856 0.1317448 0.4330706 0.3268334 0.6555027 0.1935963 0.0829293 0.0830210 0.0850282 0.7031267 0.0855250 0.0956119 0.0811309 0.0869319 0.0000000 0.0861411 0.0727133 0.0745010 0.0694753 0.0756509 0.0755290 0.0773495 0.0813100 0.1041633 0.0532414 0.0930011 0.1160033 0.0875831 0.0719641 0.1730765 0.0813474 0.0798408 0.0866301 0.0811775 0.0928816 0.0961481 0.0786125 0.0771304 0.0808628 0.0759219 0.0809073 0.0901813 0.0854198 0.0744938 0.0786876 0.0823915 0.1590745 0.0770875 0.0759772 0.0826631 0.0906824 0.0655259 0.1122828 0.1114494 0.0760143 0.0787043 0.0695465 0.1055616 0.0567630 0.0979784 0.1191560 0.0561738 0.0841014 0.0832617 0.0850283 0.1132117 0.0783646 0.0756509 0.0864836 0.0759600 0.0817181 0.0779433 0.0991448 0.0900709 0.3031631 0.7158256 0.0769710 0.1214830 0.0911289 0.0777804 0.5057232 0.0879971 
Perityle_castillonii_96                    0.1936696 0.0437468 0.2398816 0.4862185 0.0307095 0.0917361 0.2730853 0.3189004 0.6475578 0.2612856 0.0379703 0.0265677 0.0203223 0.6266243 0.0270354 0.0528657 0.0225599 0.0416750 0.0861411 0.0000000 0.0253183 0.0212061 0.0058672 0.0212365 0.0228798 0.0229848 0.0417225 0.0587237 0.0880308 0.0363080 0.0430016 0.0448204 0.0392146 0.1746558 0.0225923 0.0417773 0.0487518 0.0212068 0.0574565 0.0406188 0.0239607 0.0247858 0.0403415 0.0180054 0.0417202 0.0524573 0.0304127 0.0160645 0.0198383 0.0417702 0.0240375 0.0225716 0.0147437 0.0428819 0.0288190 0.0929855 0.0479423 0.0409966 0.0185186 0.0158273 0.0903937 0.0398640 0.0747901 0.0416496 0.1533831 0.0890811 0.0511091 0.0491760 0.0525418 0.0201674 0.0185203 0.0212365 0.0444087 0.0171801 0.0185203 0.0222418 0.0248384 0.0402775 0.1942119 0.6825302 0.0254277 0.1387299 0.0375521 0.0432004 0.4840888 0.1034024 
Perityle_cernua_84                         0.1618531 0.0478265 0.1924497 0.5162091 0.0235765 0.0950591 0.3598666 0.3252329 0.6463806 0.2361642 0.0347480 0.0328698 0.0283287 0.6764866 0.0375853 0.0501840 0.0289546 0.0403540 0.0727133 0.0253183 0.0000000 0.0258305 0.0234215 0.0235520 0.0302759 0.0295214 0.0386342 0.0547399 0.0738033 0.0385572 0.0478031 0.0391778 0.0314220 0.1382027 0.0268411 0.0411333 0.0456619 0.0292477 0.0485897 0.0414670 0.0264351 0.0297840 0.0378074 0.0245019 0.0389131 0.0481013 0.0358139 0.0227990 0.0246928 0.0400560 0.0275350 0.0281243 0.0246447 0.0409711 0.0345924 0.0824927 0.0493098 0.0431577 0.0238840 0.0290836 0.0792126 0.0393489 0.0640025 0.0375942 0.1283357 0.0775640 0.0461976 0.0458985 0.0476429 0.0352287 0.0267902 0.0235520 0.0421559 0.0236359 0.0304762 0.0305190 0.0423549 0.0428529 0.2589326 0.7042849 0.0338324 0.1395858 0.0433297 0.0360420 0.4844069 0.0996905 
Perityle_cfvillosa_25_tin                  0.1628197 0.0437813 0.1928935 0.5188941 0.0293956 0.1035759 0.3614491 0.3190323 0.6475970 0.2399208 0.0448067 0.0247714 0.0269692 0.6772656 0.0307987 0.0497870 0.0254846 0.0465039 0.0745010 0.0212061 0.0258305 0.0000000 0.0088150 0.0255224 0.0275212 0.0106929 0.0432419 0.0566630 0.0717988 0.0434164 0.0484738 0.0445055 0.0389456 0.1387580 0.0287952 0.0456085 0.0520432 0.0281888 0.0554564 0.0422302 0.0289536 0.0273666 0.0452787 0.0054775 0.0463871 0.0553767 0.0343699 0.0063694 0.0094624 0.0475394 0.0382030 0.0256501 0.0103492 0.0479225 0.0323259 0.0843419 0.0516850 0.0410370 0.0096565 0.0126410 0.0797789 0.0423413 0.0608981 0.0415915 0.1310654 0.0778824 0.0494442 0.0472247 0.0506387 0.0227444 0.0254957 0.0255224 0.0442262 0.0105339 0.0119193 0.0290667 0.0284424 0.0481912 0.2557362 0.7122060 0.0279237 0.1382536 0.0407901 0.0433541 0.4789716 0.1058144 
Perityle_cinerea_113_Powell1310            0.0446626 0.0417173 0.0237056 0.4360049 0.0265008 0.0207153 0.2371304 0.3019492 0.4954059 0.0296090 0.0235079 0.0177362 0.0205232 0.4684512 0.0145785 0.0385944 0.0000010 0.0416790 0.0694753 0.0058672 0.0234215 0.0088150 0.0000000 0.0087163 0.0146216 0.0058672 0.0355669 0.0480960 0.0541967 0.0324786 0.0466218 0.0419262 0.0329247 0.0295879 0.0175619 0.0416754 0.0571673 0.0000010 0.0356821 0.0298833 0.0145992 0.0116545 0.0415780 0.0058672 0.0446295 0.0451417 0.0235025 0.0058672 0.0117946 0.0447480 0.0076545 0.0087361 0.0088150 0.0385530 0.0205008 0.0823322 0.0450132 0.0390009 0.0088150 0.0058672 0.0699950 0.0372000 0.0667351 0.0359204 0.0235014 0.0605663 0.0385942 0.0459241 0.0414717 0.0031808 0.0000010 0.0087163 0.0416450 0.0058672 0.0118061 0.0087027 0.0144574 0.0480917 0.1336413 0.4689282 0.0175221 0.1272212 0.0265069 0.0416754 0.4539378 0.0740429 
Perityle_coahuilensis_24                   0.1604330 0.0503423 0.1956236 0.5120182 0.0235817 0.0997322 0.3680515 0.3189004 0.6564379 0.2342770 0.0400507 0.0248036 0.0147703 0.6754398 0.0189810 0.0484634 0.0136313 0.0403445 0.0756509 0.0212365 0.0235520 0.0255224 0.0087163 0.0000000 0.0148088 0.0281215 0.0406489 0.0575628 0.0815250 0.0401707 0.0452959 0.0398596 0.0365826 0.1424713 0.0115474 0.0430640 0.0507267 0.0138979 0.0553410 0.0387430 0.0047169 0.0053589 0.0440005 0.0221420 0.0451030 0.0564741 0.0174825 0.0203522 0.0244170 0.0462480 0.0067934 0.0098890 0.0220173 0.0454380 0.0224988 0.0878506 0.0478080 0.0407399 0.0227293 0.0233475 0.0828958 0.0396496 0.0680477 0.0416877 0.1165211 0.0815777 0.0480687 0.0472709 0.0505056 0.0099200 0.0115261 0.0000010 0.0463160 0.0255279 0.0252325 0.0160671 0.0244801 0.0491637 0.2545866 0.7054843 0.0176434 0.1425226 0.0275310 0.0384242 0.4819008 0.1053448 
Perityle_cochisensis_44_cave_creek         0.1342311 0.0619293 0.1053690 0.5258471 0.0280557 0.0867271 0.4191821 0.3132227 0.6516820 0.1422357 0.0443409 0.0306046 0.0216689 0.6751719 0.0211825 0.0454154 0.0197827 0.0394370 0.0755290 0.0228798 0.0302759 0.0275212 0.0146216 0.0148088 0.0000000 0.0300606 0.0454531 0.0546865 0.0753328 0.0414670 0.0509286 0.0431346 0.0353738 0.1256377 0.0198440 0.0480844 0.0518918 0.0189565 0.0576212 0.0379021 0.0157316 0.0173313 0.0453127 0.0264204 0.0466071 0.0605869 0.0261026 0.0249543 0.0287661 0.0479535 0.0240879 0.0173113 0.0275332 0.0472007 0.0269101 0.0879505 0.0551304 0.0492158 0.0255619 0.0262362 0.0847554 0.0493734 0.0662211 0.0496414 0.0427998 0.0779616 0.0480454 0.0515403 0.0530438 0.0225491 0.0172888 0.0148088 0.0495667 0.0288119 0.0313963 0.0197937 0.0317221 0.0521051 0.2898925 0.6830134 0.0222890 0.1542158 0.0311948 0.0373923 0.4756998 0.1054519 
Perityle_congesta_202                      0.1643475 0.0460802 0.1845009 0.5282585 0.0322323 0.0953739 0.3664206 0.3189004 0.6560435 0.2366587 0.0478957 0.0273912 0.0300105 0.6809952 0.0334174 0.0516899 0.0280792 0.0489803 0.0773495 0.0229848 0.0295214 0.0106929 0.0058672 0.0281215 0.0300606 0.0000000 0.0432369 0.0598516 0.0781826 0.0480490 0.0513182 0.0474921 0.0406996 0.1444646 0.0314582 0.0491392 0.0551583 0.0308861 0.0614418 0.0440354 0.0319755 0.0318449 0.0482578 0.0065792 0.0493875 0.0589878 0.0367837 0.0064703 0.0117601 0.0505646 0.0452511 0.0290590 0.0126634 0.0487219 0.0352292 0.0869881 0.0534756 0.0439046 0.0098111 0.0149971 0.0833165 0.0423066 0.0609845 0.0416749 0.1268894 0.0820880 0.0506171 0.0472399 0.0548893 0.0253416 0.0280916 0.0281215 0.0473056 0.0128542 0.0119179 0.0259383 0.0248384 0.0507254 0.2653847 0.7224031 0.0313429 0.1413248 0.0436782 0.0465602 0.4840888 0.1059938 
Perityle_cordifolia_27                     0.1685623 0.0616257 0.1606311 0.5477266 0.0394871 0.1075353 0.4083453 0.3297794 0.6678774 0.2025863 0.0518359 0.0463571 0.0500739 0.6825126 0.0533377 0.0637212 0.0441880 0.0636840 0.0813100 0.0417225 0.0386342 0.0432419 0.0355669 0.0406489 0.0454531 0.0432369 0.0000000 0.0687417 0.0823726 0.0588023 0.0618489 0.0567123 0.0470325 0.1541881 0.0467009 0.0205842 0.0598765 0.0426469 0.0684794 0.0567128 0.0425175 0.0430996 0.0549275 0.0422975 0.0561360 0.0708169 0.0514781 0.0408048 0.0444019 0.0574021 0.0454435 0.0418728 0.0400170 0.0057541 0.0513924 0.0977662 0.0605741 0.0349351 0.0392804 0.0468108 0.0860747 0.0514935 0.0772877 0.0036689 0.1086620 0.0876045 0.0045132 0.0570728 0.0671793 0.0484666 0.0430289 0.0406489 0.0617779 0.0456678 0.0477158 0.0394754 0.0462262 0.0634663 0.2822426 0.7159890 0.0502075 0.1422890 0.0563327 0.0111571 0.4870869 0.1150646 
Perityle_cordifolia_68_tecolote            0.1911353 0.0759043 0.2150305 0.5294635 0.0585980 0.1123957 0.3925872 0.3282575 0.6746466 0.2744194 0.0716647 0.0642943 0.0627205 0.7005629 0.0655165 0.0839835 0.0574131 0.0783887 0.1041633 0.0587237 0.0547399 0.0566630 0.0480960 0.0575628 0.0546865 0.0598516 0.0687417 0.0000000 0.0982484 0.0682014 0.0679523 0.0715867 0.0670343 0.1704809 0.0621036 0.0644209 0.0712168 0.0632146 0.0750893 0.0739212 0.0590328 0.0604111 0.0619636 0.0533043 0.0654026 0.0744436 0.0652120 0.0538479 0.0577192 0.0642804 0.0640105 0.0569000 0.0534065 0.0747080 0.0673337 0.1058353 0.0137726 0.0664434 0.0589494 0.0599874 0.0947703 0.0766981 0.0773171 0.0577015 0.1535547 0.1008850 0.0740361 0.0775130 0.0813012 0.0674740 0.0597365 0.0575628 0.0718447 0.0589254 0.0591661 0.0618037 0.0648474 0.0726561 0.2922348 0.7271367 0.0603891 0.1597379 0.0734357 0.0676983 0.4938926 0.1206927 
Perityle_coronopifolia_28_patagonia        0.1768697 0.0986551 0.2047185 0.5540456 0.0803869 0.1230802 0.3667323 0.3279555 0.6674677 0.2505779 0.0865391 0.0868250 0.0817203 0.6766869 0.0818053 0.0993257 0.0801884 0.0894877 0.0532414 0.0880308 0.0738033 0.0717988 0.0541967 0.0815250 0.0753328 0.0781826 0.0823726 0.0982484 0.0000000 0.0851007 0.1019066 0.0910948 0.0797631 0.1478554 0.0854256 0.0838798 0.0931091 0.0819598 0.0919740 0.0935082 0.0895080 0.0854204 0.0891619 0.0741325 0.0866520 0.0906959 0.0816970 0.0725589 0.0791951 0.0879902 0.1345376 0.0780807 0.0696975 0.0870126 0.0898971 0.0298003 0.0980620 0.0916307 0.0785077 0.0829241 0.0213531 0.0931894 0.0551780 0.0734282 0.1876423 0.0109251 0.0930009 0.0898673 0.0951481 0.0978656 0.0790291 0.0815250 0.0880526 0.0805516 0.0737029 0.0803761 0.0652404 0.0842829 0.2672357 0.6998550 0.0832592 0.0625307 0.0927358 0.0882786 0.4892240 0.0315244 
Perityle_crassifolia_70_ventanas           0.1741896 0.0570235 0.1518507 0.5168744 0.0401066 0.0904409 0.3633461 0.3427890 0.6315959 0.1725007 0.0494974 0.0495928 0.0417691 0.6418117 0.0512372 0.0666775 0.0431726 0.0535614 0.0930011 0.0363080 0.0385572 0.0434164 0.0324786 0.0401707 0.0414670 0.0480490 0.0588023 0.0682014 0.0851007 0.0000000 0.0289149 0.0576047 0.0435161 0.1565822 0.0432654 0.0509628 0.0601230 0.0447297 0.0663039 0.0592374 0.0417286 0.0417505 0.0522683 0.0434056 0.0538103 0.0648655 0.0509457 0.0418486 0.0464658 0.0538821 0.0525840 0.0417161 0.0418765 0.0603033 0.0570245 0.0978936 0.0567936 0.0545616 0.0434638 0.0434199 0.0928476 0.0535174 0.0766677 0.0611467 0.1014548 0.0886168 0.0634500 0.0613978 0.0615061 0.0457749 0.0432165 0.0401707 0.0102481 0.0434298 0.0458151 0.0418882 0.0498238 0.0574302 0.2710697 0.6847624 0.0462320 0.1475950 0.0587397 0.0509628 0.4911457 0.1041809 
Perityle_crassifolia_74_playa_balandra     0.0711717 0.0647745 0.0510878 0.4258078 0.0451319 0.1030819 0.2533424 0.3477522 0.5335657 0.0564099 0.0591620 0.0568673 0.0594239 0.5220333 0.0535962 0.0675325 0.0481227 0.0684085 0.1160033 0.0430016 0.0478031 0.0484738 0.0466218 0.0452959 0.0509286 0.0513182 0.0618489 0.0679523 0.1019066 0.0289149 0.0000000 0.0766608 0.0597801 0.0563731 0.0509091 0.0618086 0.0732302 0.0481227 0.0619983 0.0598264 0.0452959 0.0480848 0.0645548 0.0485284 0.0673553 0.0681391 0.0621227 0.0457128 0.0513328 0.0675177 0.0621842 0.0481323 0.0484738 0.0618489 0.0563667 0.1289395 0.0622650 0.0604876 0.0484738 0.0457128 0.1143718 0.0624307 0.1106988 0.0691395 0.0621740 0.1081615 0.0646347 0.0736508 0.0726098 0.0445912 0.0481227 0.0452959 0.0371449 0.0485284 0.0513787 0.0508570 0.0608282 0.0707165 0.1315366 0.5324142 0.0564018 0.1659103 0.0649911 0.0618086 0.4666225 0.1138534 
Perityle_cuneata_34_cuneata_San_antonio    0.1664208 0.0691190 0.2018150 0.5234116 0.0422980 0.1299480 0.3861359 0.3185584 0.6473480 0.2487149 0.0517195 0.0485423 0.0409025 0.6743077 0.0507068 0.0624093 0.0453253 0.0480872 0.0875831 0.0448204 0.0391778 0.0445055 0.0419262 0.0398596 0.0431346 0.0474921 0.0567123 0.0715867 0.0910948 0.0576047 0.0766608 0.0000000 0.0468883 0.1537499 0.0454324 0.0575747 0.0635284 0.0462390 0.0666002 0.0570292 0.0427381 0.0432983 0.0577568 0.0418633 0.0588853 0.0669421 0.0480014 0.0404920 0.0433435 0.0600699 0.0680828 0.0442173 0.0426563 0.0572690 0.0509148 0.0974903 0.0664303 0.0696421 0.0419978 0.0455618 0.0985680 0.0668074 0.0720339 0.0619808 0.1439688 0.0946545 0.0613256 0.0632872 0.0586912 0.0622455 0.0420192 0.0398596 0.0593381 0.0445150 0.0442079 0.0448139 0.0572295 0.0598692 0.2731302 0.7131884 0.0476586 0.1665759 0.0588176 0.0543822 0.4706793 0.1184082 
Perityle_cuneata_4                         0.1662471 0.0599341 0.1960119 0.5404236 0.0352555 0.1161766 0.3771853 0.3208600 0.6573128 0.2449340 0.0461358 0.0450927 0.0362734 0.6842693 0.0441627 0.0533917 0.0376062 0.0481733 0.0719641 0.0392146 0.0314220 0.0389456 0.0329247 0.0365826 0.0353738 0.0406996 0.0470325 0.0670343 0.0797631 0.0435161 0.0597801 0.0468883 0.0000000 0.1464207 0.0387824 0.0469278 0.0534260 0.0383608 0.0544097 0.0469084 0.0364706 0.0376364 0.0466157 0.0326106 0.0477311 0.0554727 0.0430949 0.0349008 0.0366849 0.0488920 0.0452585 0.0338136 0.0329716 0.0492220 0.0447748 0.0847858 0.0590959 0.0465806 0.0363460 0.0411195 0.0766155 0.0471668 0.0703837 0.0532639 0.1389210 0.0782768 0.0531249 0.0527171 0.0587707 0.0436255 0.0354312 0.0365826 0.0478230 0.0378456 0.0378994 0.0412300 0.0582258 0.0508504 0.2752895 0.7161338 0.0372203 0.1387633 0.0532466 0.0458494 0.4921998 0.1035085 
Perityle_discoidea_81                      0.0545565 0.0435222 0.1512656 0.5253359 0.1435755 0.0863364 0.5078044 0.3514574 0.6945149 0.0093420 0.1544359 0.1441050 0.1659165 0.7276544 0.1113957 0.1657800 0.1450484 0.1994319 0.1730765 0.1746558 0.1382027 0.1387580 0.0295879 0.1424713 0.1256377 0.1444646 0.1541881 0.1704809 0.1478554 0.1565822 0.0563731 0.1537499 0.1464207 0.0000000 0.1498525 0.1482198 0.1636619 0.1500637 0.1154523 0.1624272 0.1561088 0.1455527 0.1576589 0.1396867 0.1590855 0.1249384 0.1509181 0.1386797 0.1401269 0.1606984 0.2588289 0.1422808 0.1430624 0.1525939 0.1202679 0.1805404 0.1482412 0.0724011 0.1421791 0.1442494 0.1223593 0.1056760 0.0643031 0.0415477 0.1614046 0.1543866 0.1570388 0.1490154 0.1520426 0.0676815 0.1451443 0.1424713 0.1364209 0.1402387 0.1449665 0.1311930 0.0538146 0.1612050 0.4596841 0.7635854 0.1523587 0.2397094 0.1566731 0.1513008 0.4955831 0.2343631 
Perityle_dissecta_201                      0.1695798 0.0572265 0.2001044 0.5160896 0.0270196 0.1081381 0.3635431 0.3254316 0.6573292 0.2408671 0.0435194 0.0303035 0.0177726 0.6793426 0.0215642 0.0473829 0.0147044 0.0403474 0.0813474 0.0225923 0.0268411 0.0287952 0.0175619 0.0115474 0.0198440 0.0314582 0.0467009 0.0621036 0.0854256 0.0432654 0.0509091 0.0454324 0.0387824 0.1498525 0.0000000 0.0489808 0.0541233 0.0139075 0.0589925 0.0398884 0.0142705 0.0173300 0.0473579 0.0266817 0.0484658 0.0602844 0.0210622 0.0247270 0.0276810 0.0496194 0.0101917 0.0154587 0.0279567 0.0489102 0.0224939 0.0942991 0.0550805 0.0491626 0.0249408 0.0266072 0.0863067 0.0468409 0.0718363 0.0495956 0.1192360 0.0871620 0.0527645 0.0447653 0.0561087 0.0174376 0.0125950 0.0115474 0.0497735 0.0288014 0.0338711 0.0172464 0.0316641 0.0517903 0.2580897 0.7089752 0.0165481 0.1542214 0.0307954 0.0384265 0.4933844 0.1128550 
Perityle_emoryi_47_punta_san_jose          0.1716502 0.0662392 0.1807756 0.5470393 0.0408285 0.1116896 0.3911755 0.3357998 0.6767888 0.2137597 0.0510063 0.0474645 0.0438221 0.6989192 0.0560667 0.0667702 0.0476813 0.0564008 0.0798408 0.0417773 0.0411333 0.0456085 0.0416754 0.0430640 0.0480844 0.0491392 0.0205842 0.0644209 0.0838798 0.0509628 0.0618086 0.0575747 0.0469278 0.1482198 0.0489808 0.0000000 0.0582638 0.0486906 0.0703774 0.0587721 0.0359210 0.0430962 0.0534432 0.0446995 0.0546179 0.0708069 0.0539852 0.0432251 0.0467397 0.0558470 0.0418263 0.0419118 0.0412470 0.0218295 0.0537834 0.0962397 0.0624254 0.0349257 0.0441877 0.0490932 0.0827183 0.0539141 0.0715736 0.0073572 0.1277140 0.0862963 0.0268254 0.0566426 0.0641074 0.0483960 0.0465500 0.0430640 0.0514440 0.0479795 0.0477069 0.0445667 0.0536172 0.0621964 0.2852124 0.7340708 0.0524019 0.1477367 0.0607290 0.0000010 0.4977899 0.1201811 
Perityle_feddemae_99                       0.1830899 0.0778958 0.2121522 0.5368858 0.0479195 0.1243449 0.3815436 0.3227355 0.6775848 0.2572458 0.0586140 0.0550555 0.0514316 0.6619105 0.0625198 0.0724001 0.0517232 0.0675968 0.0866301 0.0487518 0.0456619 0.0520432 0.0571673 0.0507267 0.0518918 0.0551583 0.0598765 0.0712168 0.0931091 0.0601230 0.0732302 0.0635284 0.0534260 0.1636619 0.0541233 0.0582638 0.0000000 0.0527894 0.0740303 0.0658625 0.0462987 0.0556655 0.0104687 0.0485005 0.0073058 0.0733629 0.0599256 0.0480422 0.0508690 0.0104642 0.0489685 0.0507952 0.0446628 0.0616464 0.0608785 0.0990688 0.0642057 0.0602724 0.0473847 0.0542248 0.0929234 0.0539753 0.0848980 0.0572994 0.1537397 0.0882815 0.0680515 0.0641658 0.0720064 0.0590993 0.0517969 0.0507267 0.0636678 0.0520541 0.0537981 0.0542552 0.0686492 0.0632283 0.2844663 0.6958641 0.0554297 0.1481932 0.0687293 0.0541168 0.4734315 0.1200182 
Perityle_fosteri_93                        0.1621578 0.0549393 0.1998285 0.5279339 0.0281162 0.0997322 0.3560331 0.3189004 0.6645336 0.2405284 0.0454603 0.0306063 0.0192415 0.6847382 0.0207295 0.0516351 0.0085040 0.0432372 0.0811775 0.0212068 0.0292477 0.0281888 0.0000010 0.0138979 0.0189565 0.0308861 0.0426469 0.0632146 0.0819598 0.0447297 0.0481227 0.0462390 0.0383608 0.1500637 0.0139075 0.0486906 0.0527894 0.0000000 0.0589746 0.0428400 0.0154518 0.0176380 0.0447982 0.0258469 0.0459212 0.0589877 0.0214672 0.0240476 0.0270572 0.0470883 0.0170342 0.0157389 0.0272780 0.0470092 0.0212800 0.0909847 0.0568985 0.0489970 0.0248908 0.0248581 0.0812075 0.0467834 0.0699783 0.0416877 0.1252416 0.0815684 0.0489535 0.0485191 0.0547991 0.0049241 0.0063735 0.0138979 0.0505747 0.0248770 0.0332773 0.0175721 0.0244887 0.0555352 0.2559237 0.7114947 0.0202703 0.1481502 0.0302202 0.0395715 0.4884765 0.1052737 
Perityle_gamon_221                         0.1287976 0.0641062 0.1690864 0.5417067 0.0525294 0.1034640 0.4098804 0.3267365 0.6825897 0.1989481 0.0622946 0.0639070 0.0628213 0.6849659 0.0583534 0.0701791 0.0589067 0.0725639 0.0928816 0.0574565 0.0485897 0.0554564 0.0356821 0.0553410 0.0576212 0.0614418 0.0684794 0.0750893 0.0919740 0.0663039 0.0619983 0.0666002 0.0544097 0.1154523 0.0589925 0.0703774 0.0740303 0.0589746 0.0000000 0.0643471 0.0580956 0.0620954 0.0664449 0.0543309 0.0676800 0.0252052 0.0658229 0.0536704 0.0566348 0.0689855 0.0591710 0.0569842 0.0558330 0.0673422 0.0596680 0.1016895 0.0659547 0.0576245 0.0529920 0.0590671 0.0931162 0.0425063 0.0775484 0.0376659 0.1196112 0.0914271 0.0756400 0.0780354 0.0723157 0.0566406 0.0552499 0.0553410 0.0689339 0.0555057 0.0592645 0.0596252 0.0537088 0.0677515 0.3001696 0.6999136 0.0647599 0.1534656 0.0675072 0.0647769 0.4942877 0.1164204 
Perityle_gentryi_8_san_francisco           0.1811010 0.0716016 0.1951946 0.5307904 0.0446585 0.1040421 0.3844473 0.3377518 0.6554089 0.2638495 0.0565772 0.0461973 0.0440581 0.6904054 0.0454939 0.0179532 0.0419954 0.0603454 0.0961481 0.0406188 0.0414670 0.0422302 0.0298833 0.0387430 0.0379021 0.0440354 0.0567128 0.0739212 0.0935082 0.0592374 0.0598264 0.0570292 0.0469084 0.1624272 0.0398884 0.0587721 0.0658625 0.0428400 0.0643471 0.0000000 0.0389692 0.0387208 0.0589339 0.0371843 0.0600649 0.0684709 0.0455275 0.0382082 0.0410751 0.0612532 0.0454406 0.0384000 0.0389628 0.0620067 0.0460636 0.0985333 0.0685803 0.0580578 0.0396876 0.0433014 0.0884713 0.0619623 0.0701742 0.0495767 0.1360366 0.0903496 0.0636634 0.0645048 0.0712637 0.0435758 0.0398122 0.0387430 0.0617269 0.0411270 0.0441406 0.0448045 0.0430946 0.0651456 0.2804253 0.7397814 0.0429938 0.1601883 0.0531837 0.0568652 0.5030842 0.1208918 
Perityle_gilensis_22_Superstition          0.1695035 0.0549233 0.2203195 0.5156000 0.0288625 0.0997322 0.3446345 0.3189004 0.6573001 0.2346910 0.0417393 0.0289520 0.0162744 0.6595291 0.0206246 0.0487325 0.0166473 0.0433637 0.0786125 0.0239607 0.0264351 0.0289536 0.0145992 0.0047169 0.0157316 0.0319755 0.0425175 0.0590328 0.0895080 0.0417286 0.0452959 0.0427381 0.0364706 0.1561088 0.0142705 0.0359210 0.0462987 0.0154518 0.0580956 0.0389692 0.0000000 0.0024260 0.0399883 0.0237932 0.0412302 0.0565554 0.0200977 0.0231109 0.0276932 0.0425165 0.0067934 0.0125326 0.0225568 0.0474033 0.0243725 0.0924751 0.0515034 0.0435711 0.0252833 0.0264832 0.0881097 0.0444912 0.0689474 0.0416877 0.1362002 0.0856409 0.0508803 0.0507215 0.0497770 0.0099200 0.0142578 0.0047169 0.0461787 0.0252676 0.0262809 0.0197725 0.0316629 0.0412152 0.2476151 0.7066296 0.0162985 0.1480725 0.0300119 0.0400406 0.4930618 0.1104747 
Perityle_gilensis_salensis_225             0.1644037 0.0549660 0.1840746 0.5279980 0.0278205 0.0997322 0.3742171 0.3189004 0.6483654 0.2231523 0.0459766 0.0266359 0.0162828 0.6802094 0.0215813 0.0475463 0.0172892 0.0418671 0.0771304 0.0247858 0.0297840 0.0273666 0.0116545 0.0053589 0.0173313 0.0318449 0.0430996 0.0604111 0.0854204 0.0417505 0.0480848 0.0432983 0.0376364 0.1455527 0.0173300 0.0430962 0.0556655 0.0176380 0.0620954 0.0387208 0.0024260 0.0000000 0.0486992 0.0244251 0.0498394 0.0622440 0.0198725 0.0243014 0.0284560 0.0510280 0.0067934 0.0121203 0.0244069 0.0491878 0.0255598 0.0905017 0.0515358 0.0435711 0.0267963 0.0273518 0.0846906 0.0420774 0.0700243 0.0416877 0.1111639 0.0816634 0.0504488 0.0499173 0.0554152 0.0124310 0.0151171 0.0053589 0.0476473 0.0296094 0.0252524 0.0177539 0.0280725 0.0505107 0.2651853 0.7178178 0.0199046 0.1453365 0.0316553 0.0420867 0.4938574 0.1079358 
Perityle_glaucescens_94                    0.1738832 0.0661292 0.2045587 0.5268110 0.0396649 0.1159464 0.3731665 0.3172802 0.6683340 0.2502456 0.0527186 0.0470022 0.0435836 0.6607161 0.0556904 0.0654377 0.0450021 0.0583309 0.0808628 0.0403415 0.0378074 0.0452787 0.0415780 0.0440005 0.0453127 0.0482578 0.0549275 0.0619636 0.0891619 0.0522683 0.0645548 0.0577568 0.0466157 0.1576589 0.0473579 0.0534432 0.0104687 0.0447982 0.0664449 0.0589339 0.0399883 0.0486992 0.0000000 0.0414859 0.0031197 0.0680875 0.0536518 0.0412537 0.0441232 0.0020788 0.0381456 0.0437615 0.0409795 0.0569131 0.0519802 0.0925094 0.0511531 0.0517018 0.0394130 0.0474464 0.0910293 0.0441933 0.0751592 0.0454130 0.1483490 0.0840493 0.0620394 0.0549479 0.0661826 0.0509869 0.0450658 0.0440005 0.0566313 0.0452883 0.0474308 0.0481098 0.0609168 0.0554429 0.2747361 0.6912754 0.0483535 0.1476642 0.0618272 0.0491772 0.4771888 0.1171346 
Perityle_gracilis_11                       0.1640618 0.0438214 0.1713453 0.5249290 0.0257847 0.0997244 0.3686465 0.3252679 0.6393491 0.2201249 0.0421006 0.0213174 0.0254282 0.6834814 0.0310098 0.0450253 0.0221155 0.0441741 0.0759219 0.0180054 0.0245019 0.0054775 0.0058672 0.0221420 0.0264204 0.0065792 0.0422975 0.0533043 0.0741325 0.0434056 0.0485284 0.0418633 0.0326106 0.1396867 0.0266817 0.0446995 0.0485005 0.0258469 0.0543309 0.0371843 0.0237932 0.0244251 0.0414859 0.0000000 0.0426362 0.0542155 0.0333643 0.0011051 0.0065718 0.0438287 0.0381260 0.0246598 0.0092477 0.0450888 0.0335470 0.0837701 0.0498024 0.0410840 0.0066702 0.0098778 0.0815929 0.0423055 0.0609437 0.0416573 0.1136507 0.0793294 0.0486105 0.0450667 0.0505684 0.0227684 0.0232513 0.0221420 0.0402796 0.0054780 0.0083781 0.0242792 0.0248384 0.0468901 0.2664091 0.7265750 0.0269435 0.1413248 0.0380170 0.0414167 0.4840888 0.1059938 
