85
Amauria_brandeegeana_62                    0.0000000 0.1696047 0.2209178 0.2600217 0.1970961 0.2953362 0.2518852 0.2326118 0.6003980 0.1198137 0.1082629 0.2076902 0.1804268 0.2100064 0.2880743 0.1331532 0.1785391 0.1741085 0.1917933 0.1033534 0.1923754 0.2151108 0.1139009 0.2271636 0.1890694 0.1353414 0.1217303 0.1353583 0.1169397 0.1208738 0.1841056 0.2378256 0.1410490 0.1774375 0.2289389 0.1864140 0.2329658 0.1798415 0.2109571 0.0876882 0.2256288 0.2275493 0.2202823 0.1747914 0.2259354 0.2229360 0.1855530 0.1276512 0.1291335 0.1888199 0.1696754 0.1264016 0.1187334 0.2270413 0.1740461 0.1940961 0.1684608 0.2907801 0.2140857 0.1263918 0.1369269 0.0879528 0.2134227 0.0715296 0.2123366 0.2295115 0.2205099 0.2227428 0.2237104 0.1245323 0.2271636 0.1898532 0.1263918 0.2130871 0.2023555 0.1715077 0.2090289 0.2322490 0.1945618 0.2212188 0.1445445 0.1836518 0.2268568 0.1583389 0.1832661 
Amauria_carterae_99_mesa                   0.1696047 0.0000000 0.0439448 0.1162176 0.0685332 0.1851321 0.0809134 0.1459074 0.4866722 0.1665650 0.1658233 0.0533667 0.0532786 0.0738475 0.0554773 0.1693392 0.0649137 0.0747368 0.0452635 0.1641813 0.0536019 0.0511449 0.2137522 0.0714628 0.0716326 0.1772718 0.1635046 0.1748619 0.1874985 0.1689083 0.0675894 0.0847824 0.1741300 0.0511521 0.0717903 0.0675894 0.0626892 0.0532540 0.0464273 0.1777002 0.0690342 0.0665594 0.0626065 0.0556336 0.0626227 0.0560438 0.0558787 0.1662729 0.1639699 0.0602889 0.0510235 0.1858174 0.1631402 0.0651612 0.0554773 0.0674477 0.0724049 0.0511267 0.0509478 0.1643194 0.2021338 0.1626873 0.0623543 0.1820536 0.0491802 0.0695829 0.0701232 0.0557632 0.0605414 0.1739468 0.0714628 0.0770775 0.1643194 0.0488298 0.0486553 0.0530776 0.0578877 0.0591921 0.0580103 0.0579600 0.2128587 0.0532110 0.0700365 0.0733743 0.0643094 
Amauria_rotundifolia_SRR9119150            0.2209178 0.0439448 0.0000000 0.2095638 0.0813943 0.1890716 0.1631774 0.1502415 0.5511318 0.1628684 0.2509588 0.0937846 0.0886403 0.0933840 0.1982141 0.2527017 0.0831734 0.0768255 0.0750043 0.2154975 0.0876190 0.0926629 0.2352252 0.0938181 0.0921053 0.2533269 0.2499814 0.2591359 0.2388760 0.2216162 0.0786350 0.1094017 0.2629464 0.0539159 0.1043381 0.0877619 0.0916495 0.0894402 0.1174131 0.1982939 0.0885029 0.0925898 0.0901875 0.0929613 0.0944592 0.0958213 0.0897485 0.2565842 0.2567113 0.0856293 0.0834960 0.2434983 0.2313078 0.0923642 0.0868147 0.0866520 0.0784813 0.2118267 0.0909163 0.2538422 0.2592103 0.1654958 0.0735432 0.1897064 0.0915461 0.1133050 0.0980633 0.0798280 0.0794706 0.2546625 0.0938181 0.1003124 0.2538422 0.0911970 0.0874486 0.0555900 0.0849533 0.0856879 0.0967418 0.0964271 0.2756701 0.0888652 0.1036030 0.0701449 0.0945435 
Conoclinium_coelestinum_SRR9119114         0.2600217 0.1162176 0.2095638 0.0000000 0.1561167 0.1800692 0.1801511 0.1512223 0.5577252 0.2619195 0.2698506 0.1823452 0.1773447 0.1829809 0.2185257 0.2777104 0.1459869 0.1337775 0.1662990 0.2766663 0.1903201 0.1868287 0.2143684 0.2023180 0.1634930 0.2592923 0.2789613 0.2705456 0.2707590 0.2468022 0.1319881 0.1919499 0.2861042 0.1653633 0.2047596 0.1515079 0.1986290 0.1709247 0.2055445 0.2653479 0.1980999 0.1980669 0.1863874 0.1533638 0.1904715 0.1918288 0.2038034 0.2768961 0.2768844 0.1647635 0.1608986 0.2798879 0.2818115 0.2097975 0.1460222 0.1556034 0.1241507 0.2332697 0.1895523 0.2733474 0.2598792 0.1843879 0.1709606 0.1927552 0.1873674 0.1744359 0.1978133 0.1919790 0.1962292 0.2837122 0.2023180 0.1811523 0.2729286 0.1860189 0.1697572 0.1161010 0.1839395 0.1856815 0.1790863 0.1997191 0.2368074 0.1671892 0.1950104 0.1289467 0.1536451 
Eutetras_palmeri_63                        0.1970961 0.0685332 0.0813943 0.1561167 0.0000000 0.1040735 0.1105530 0.1238036 0.4770654 0.1402409 0.2163555 0.0603414 0.0587158 0.0693423 0.1892650 0.2143018 0.0667368 0.0627744 0.0709052 0.1789817 0.0615275 0.0604722 0.1823709 0.0674198 0.0697761 0.2174922 0.2096559 0.2192989 0.1984242 0.2076441 0.0808982 0.0892827 0.2158719 0.0745810 0.0753197 0.0761154 0.0741877 0.0591657 0.0871209 0.1662187 0.0629463 0.0675447 0.0723860 0.0549295 0.0770442 0.0758577 0.0636305 0.2132487 0.2135198 0.0740529 0.0518282 0.2090052 0.1953298 0.0679595 0.0618497 0.0687168 0.0604900 0.2021957 0.0603219 0.2120461 0.2386234 0.1452517 0.0714878 0.1745107 0.0592323 0.0671170 0.0681168 0.0618739 0.0588551 0.2149308 0.0674198 0.0804420 0.2120461 0.0604742 0.0543775 0.0566011 0.0690913 0.0765550 0.0655186 0.0694244 0.2476248 0.0528624 0.0791098 0.0712089 0.0608952 
Eutetras_pringlei_149_quer                 0.2953362 0.1851321 0.1890716 0.1800692 0.1040735 0.0000000 0.1963155 0.2985416 0.5645652 0.3123122 0.2977383 0.1713253 0.1760323 0.1746467 0.1715489 0.3434610 0.1760953 0.2275527 0.1722150 0.3107851 0.1780540 0.1640791 0.3345568 0.1842003 0.1851450 0.3481153 0.3199529 0.3270839 0.3212742 0.3008654 0.1870199 0.1780753 0.3283017 0.1637428 0.1719614 0.1870199 0.1943951 0.1627787 0.1879155 0.3494886 0.1795199 0.1795199 0.1940246 0.1762703 0.1849592 0.1971350 0.1509648 0.3157753 0.3226356 0.1853367 0.1713531 0.3480372 0.3147183 0.1905571 0.1715489 0.1878068 0.1955086 0.1723911 0.1715084 0.3238818 0.3340833 0.3215781 0.1769495 0.3294362 0.1747887 0.1978222 0.2014284 0.1511925 0.1512110 0.3243306 0.1842003 0.1912862 0.3179693 0.1726835 0.1715084 0.1699271 0.1640724 0.1923846 0.1849660 0.1898489 0.3370793 0.1756961 0.1870199 0.1958863 0.2012915 
Eutrochium_fistulosum_SRR9119106           0.2518852 0.0809134 0.1631774 0.1801511 0.1105530 0.1963155 0.0000000 0.1458591 0.5660526 0.2237165 0.2750542 0.1498842 0.1182825 0.1044175 0.2150705 0.2713933 0.0882291 0.0902515 0.1247557 0.2378655 0.1238174 0.1459851 0.1969020 0.1609716 0.1052359 0.2624769 0.2693282 0.2742919 0.2614309 0.2343898 0.0987594 0.1621134 0.2986183 0.1182213 0.1627087 0.0984996 0.1443029 0.1194168 0.1738738 0.2306045 0.1552211 0.1597134 0.1459644 0.0979762 0.1506514 0.1582276 0.1233339 0.2746063 0.2742070 0.1025835 0.0994267 0.2726704 0.2622238 0.1662821 0.0868791 0.1146973 0.0956870 0.2223730 0.1482225 0.2709690 0.2729472 0.1607213 0.1296638 0.2036131 0.1463140 0.1511225 0.1653027 0.1532810 0.1551642 0.2705912 0.1609716 0.1498553 0.2694619 0.1444208 0.1192904 0.0684988 0.1352043 0.1573330 0.1149329 0.1618947 0.2707302 0.1152066 0.1581564 0.0850137 0.1275439 
Galeana_pratensis_104_mex                  0.2326118 0.1459074 0.1502415 0.1512223 0.1238036 0.2985416 0.1458591 0.0000000 0.5552100 0.2340751 0.2280642 0.1339768 0.1308682 0.1281268 0.1362826 0.2290166 0.1450510 0.1445960 0.1350601 0.2324826 0.1347506 0.1342071 0.1985045 0.1282124 0.1256890 0.2380655 0.2314367 0.2445919 0.2462459 0.2399973 0.1765161 0.1346163 0.2423898 0.1513134 0.1586253 0.1686491 0.1452373 0.1364175 0.1274863 0.2323325 0.1253962 0.1224772 0.1422233 0.1335332 0.1394597 0.1448721 0.1342755 0.2284599 0.2260016 0.1394597 0.1338411 0.2441477 0.2308554 0.1481206 0.1362826 0.1602254 0.1456335 0.1368438 0.1336260 0.2265268 0.2562309 0.1826617 0.1461965 0.2465204 0.1296882 0.1648322 0.1348101 0.1308667 0.1393982 0.2431615 0.1282124 0.1713861 0.2265268 0.1342172 0.1308599 0.1419448 0.1415420 0.1431251 0.1393137 0.1366379 0.2720407 0.1308720 0.1686491 0.1473363 0.1286038 
Helianthus_annuus_SRR9119062               0.6003980 0.4866722 0.5511318 0.5577252 0.4770654 0.5645652 0.5660526 0.5552100 0.0000000 0.5078842 0.5862566 0.5086621 0.5288027 0.5436454 0.5956271 0.5718724 0.4999466 0.4749232 0.5184354 0.5570126 0.5381853 0.5110053 0.3913508 0.5129539 0.5417368 0.5961512 0.5909332 0.5878263 0.5786717 0.5625834 0.4753494 0.5188236 0.5709217 0.5478874 0.5114107 0.4769856 0.5252839 0.5208168 0.4956374 0.5287692 0.5072828 0.5252295 0.5304002 0.5143906 0.5338441 0.5114258 0.5457872 0.5855000 0.5876479 0.5449689 0.5178572 0.5732300 0.5646054 0.5364950 0.5192346 0.5269102 0.5213701 0.5968270 0.5128760 0.5887119 0.6020771 0.4463044 0.4589322 0.3870183 0.5188744 0.5310387 0.5192328 0.5207886 0.5202737 0.5937871 0.5129539 0.5447932 0.5887119 0.5078339 0.5062491 0.4177610 0.5392068 0.5387052 0.5323071 0.5110365 0.4560485 0.5213948 0.5246001 0.3988053 0.5017897 
Lycapsus_tenuifolius_17                    0.1198137 0.1665650 0.1628684 0.2619195 0.1402409 0.3123122 0.2237165 0.2340751 0.5078842 0.0000000 0.1417169 0.1660041 0.1667619 0.1735555 0.2906637 0.1418665 0.1535747 0.1698600 0.1504756 0.1001982 0.1716791 0.1680711 0.0992224 0.1721349 0.1740322 0.1393499 0.1318010 0.1437671 0.1221205 0.1039270 0.1861704 0.1886616 0.1334233 0.1750682 0.1761493 0.1797375 0.1675740 0.1730444 0.1620739 0.0843586 0.1676952 0.1709575 0.1593605 0.1673782 0.1642637 0.1733963 0.1698668 0.1405133 0.1391592 0.1572676 0.1560683 0.1278002 0.1129091 0.1741693 0.1645004 0.1800297 0.1724587 0.2989585 0.1657499 0.1364674 0.1497583 0.0570926 0.1442926 0.0536509 0.1669990 0.2072974 0.1712236 0.1660709 0.1637159 0.1359474 0.1721349 0.1926280 0.1364674 0.1663032 0.1555193 0.1572524 0.1779694 0.1761827 0.1749789 0.1781311 0.1606791 0.1733633 0.1811611 0.1633092 0.1889760 
Pericome_caudata_50_silver                 0.1082629 0.1658233 0.2509588 0.2698506 0.2163555 0.2977383 0.2750542 0.2280642 0.5862566 0.1417169 0.0000000 0.2379060 0.1865313 0.1977727 0.2827274 0.1020170 0.1738058 0.1710942 0.2123080 0.0908487 0.2113158 0.2423587 0.1378885 0.2495483 0.1810801 0.0849167 0.0840891 0.0995234 0.0886230 0.0896390 0.1827132 0.2547782 0.1036915 0.1770338 0.2509337 0.1850832 0.2528480 0.1924783 0.2455845 0.0906801 0.2463440 0.2482298 0.2424497 0.1726843 0.2479792 0.2507678 0.1960997 0.0976452 0.0934813 0.1748582 0.1658082 0.0946542 0.0947017 0.2543225 0.1695542 0.1912963 0.1702067 0.2850165 0.2412432 0.0909446 0.0834488 0.0661253 0.2239915 0.0739568 0.2359716 0.2196689 0.2529267 0.2487874 0.2522214 0.0962774 0.2495483 0.2029654 0.0909446 0.2403346 0.2113266 0.1703483 0.2157648 0.2515058 0.1903790 0.2495632 0.0918777 0.1933859 0.2508148 0.1633906 0.1928869 
Perityle_aglossa_84_dead_horse             0.2076902 0.0533667 0.0937846 0.1823452 0.0603414 0.1713253 0.1498842 0.1339768 0.5086621 0.1660041 0.2379060 0.0000000 0.0218225 0.0481332 0.1603609 0.2407307 0.0241705 0.0639760 0.0678038 0.2008893 0.0289214 0.0178226 0.2082769 0.0466054 0.0491546 0.2283668 0.2381652 0.2414410 0.2466529 0.2142011 0.0742638 0.1108921 0.2563024 0.0746813 0.0371109 0.0809106 0.0835381 0.0193356 0.1242485 0.1876712 0.0416236 0.0454070 0.0780131 0.0165916 0.0821479 0.0858872 0.0382807 0.2479307 0.2462973 0.0766697 0.0182324 0.2283706 0.2165819 0.0459917 0.0189097 0.0847537 0.0431722 0.1775216 0.0189609 0.2417470 0.2515592 0.1532342 0.0636334 0.1665298 0.0070898 0.1006118 0.0461267 0.0776383 0.0769997 0.2408424 0.0466054 0.0858879 0.2434940 0.0178047 0.0128020 0.0128494 0.0823048 0.0748642 0.0207231 0.0226205 0.2625502 0.0185515 0.0884217 0.0575531 0.0623853 
Perityle_ajoensis_204                      0.1804268 0.0532786 0.0886403 0.1773447 0.0587158 0.1760323 0.1182825 0.1308682 0.5288027 0.1667619 0.1865313 0.0218225 0.0000000 0.0433725 0.1063906 0.1946346 0.0275222 0.0583370 0.0662052 0.1889832 0.0271408 0.0192822 0.1967871 0.0409303 0.0431245 0.1786808 0.1899763 0.1947310 0.2112562 0.1665486 0.0697542 0.1151285 0.2178911 0.0761768 0.0388095 0.0771930 0.0893887 0.0245796 0.1326719 0.1928639 0.0369316 0.0409962 0.0804089 0.0207722 0.0849024 0.0935597 0.0310383 0.2018033 0.2000179 0.0759611 0.0210252 0.2037631 0.1900059 0.0444164 0.0233122 0.0880985 0.0451473 0.1211568 0.0204864 0.1952958 0.2111008 0.1531241 0.0632267 0.1662856 0.0193194 0.1035993 0.0459000 0.0742390 0.0792627 0.1944248 0.0409303 0.0843271 0.1970647 0.0192611 0.0150684 0.0102312 0.0818242 0.0769464 0.0237632 0.0310487 0.1967999 0.0239122 0.0872355 0.0549557 0.0621503 
Perityle_ambrosiifolia_67_green            0.2100064 0.0738475 0.0933840 0.1829809 0.0693423 0.1746467 0.1044175 0.1281268 0.5436454 0.1735555 0.1977727 0.0481332 0.0433725 0.0000000 0.1451997 0.2062940 0.0532323 0.0727899 0.0766436 0.2004789 0.0409213 0.0483070 0.2073632 0.0137849 0.0141546 0.2095468 0.2017990 0.2133189 0.1989771 0.1953586 0.0897653 0.1137965 0.2138436 0.0907662 0.0582584 0.0912867 0.0938534 0.0497992 0.1069865 0.1888023 0.0124241 0.0124153 0.0904510 0.0500794 0.0953018 0.0982537 0.0497392 0.2089252 0.2091898 0.0868684 0.0440049 0.2133342 0.1975043 0.0555120 0.0498201 0.0975961 0.0545642 0.1610322 0.0480704 0.2057648 0.2323976 0.1688638 0.0751762 0.2010152 0.0469738 0.1052417 0.0586958 0.0884477 0.0879625 0.2032098 0.0137849 0.1038857 0.2077195 0.0482492 0.0451270 0.0432322 0.0935119 0.0883796 0.0542719 0.0615397 0.2309605 0.0466108 0.1016251 0.0784914 0.0826862 
Perityle_angustifolia_13_Eagle_creek       0.2880743 0.0554773 0.1982141 0.2185257 0.1892650 0.1715489 0.2150705 0.1362826 0.5956271 0.2906637 0.2827274 0.1603609 0.1063906 0.1451997 0.0000000 0.2808292 0.1038946 0.1252790 0.1867036 0.2384602 0.1241723 0.1472422 0.2071724 0.1761449 0.1329086 0.2834949 0.2748434 0.2900330 0.2817718 0.2773836 0.0718408 0.2161663 0.2839289 0.1149017 0.1583437 0.1637169 0.2059652 0.0935096 0.1976964 0.2190777 0.1763547 0.1710021 0.2017205 0.0791781 0.2037533 0.2057485 0.1237256 0.2788222 0.2772830 0.1597840 0.0795733 0.2719123 0.2608532 0.1717874 0.0808933 0.1164074 0.0439749 0.0534941 0.1497020 0.2736017 0.3073318 0.1529490 0.2080683 0.1694833 0.1578650 0.1210466 0.1716922 0.1915212 0.1958537 0.2828629 0.1761449 0.1209078 0.2757833 0.1486789 0.1351226 0.0076568 0.1595908 0.2047336 0.1250116 0.1624028 0.3388297 0.0803362 0.2218642 0.0903989 0.1124064 
Perityle_batopilensis_97                   0.1331532 0.1693392 0.2527017 0.2777104 0.2143018 0.3434610 0.2713933 0.2290166 0.5718724 0.1418665 0.1020170 0.2407307 0.1946346 0.2062940 0.2808292 0.0000000 0.1828340 0.1666772 0.2156460 0.0185952 0.2133098 0.2453389 0.0750707 0.2540805 0.1856676 0.0311170 0.0251362 0.0342767 0.0785298 0.0779914 0.1836394 0.2482831 0.0982071 0.1773516 0.2541572 0.1910284 0.2593157 0.1924558 0.2488104 0.0124785 0.2542428 0.2543762 0.2460760 0.1708816 0.2518113 0.2489103 0.2000013 0.0302603 0.0276882 0.1785186 0.1678926 0.0390195 0.0218588 0.2521732 0.1724820 0.1835838 0.1757267 0.2759870 0.2459125 0.0251782 0.0934768 0.0659747 0.2254262 0.0192170 0.2422725 0.2203637 0.2495947 0.2492906 0.2510627 0.0302473 0.2540805 0.2011576 0.0251782 0.2432455 0.2087970 0.1742923 0.2133791 0.2536095 0.1916677 0.2524817 0.0865684 0.1959520 0.2486469 0.1607021 0.1860627 
Perityle_bisetosa_9                        0.1785391 0.0649137 0.0831734 0.1459869 0.0667368 0.1760953 0.0882291 0.1450510 0.4999466 0.1535747 0.1738058 0.0241705 0.0275222 0.0532323 0.1038946 0.1828340 0.0000000 0.0623092 0.0646515 0.1750293 0.0320072 0.0165923 0.2129179 0.0515838 0.0540207 0.1822750 0.1760924 0.1902637 0.1861534 0.1794222 0.0809599 0.0839601 0.1880327 0.0671373 0.0287444 0.0864386 0.0752340 0.0153236 0.0741888 0.1769393 0.0484495 0.0501247 0.0716581 0.0207688 0.0766695 0.0864772 0.0398101 0.1838316 0.1840809 0.0716863 0.0273442 0.1863967 0.1778247 0.0556675 0.0108656 0.0726637 0.0517940 0.1347404 0.0165057 0.1804540 0.2086751 0.1528649 0.0748994 0.1802457 0.0212321 0.0734903 0.0542397 0.0692864 0.0705944 0.1834585 0.0515838 0.0896136 0.1824939 0.0165711 0.0134721 0.0180437 0.0734929 0.0727916 0.0256901 0.0272979 0.2122553 0.0222249 0.0922110 0.0549165 0.0571543 
Perityle_californica_76_positas            0.1741085 0.0747368 0.0768255 0.1337775 0.0627744 0.2275527 0.0902515 0.1445960 0.4749232 0.1698600 0.1710942 0.0639760 0.0583370 0.0727899 0.1252790 0.1666772 0.0623092 0.0000000 0.0618034 0.1629820 0.0641145 0.0586468 0.1669318 0.0746826 0.0767748 0.1689285 0.1642244 0.1687331 0.1761878 0.1797654 0.0719726 0.0438569 0.1729771 0.0630461 0.0767338 0.0732401 0.0752130 0.0566165 0.0730971 0.1733084 0.0707988 0.0689015 0.0711902 0.0564103 0.0711849 0.0848636 0.0696916 0.1707517 0.1689367 0.0693359 0.0656512 0.1686810 0.1640806 0.0807644 0.0582029 0.0805067 0.0779031 0.1397175 0.0582883 0.1692208 0.1894933 0.1590416 0.0850397 0.1817407 0.0625643 0.0718853 0.0810835 0.0592434 0.0645553 0.1703636 0.0746826 0.0691024 0.1692208 0.0583775 0.0545990 0.0664458 0.0696532 0.0693665 0.0639305 0.0639888 0.1920509 0.0600968 0.0735305 0.0757450 0.0714252 
Perityle_canescens_77                      0.1917933 0.0452635 0.0750043 0.1662990 0.0709052 0.1722150 0.1247557 0.1350601 0.5184354 0.1504756 0.2123080 0.0678038 0.0662052 0.0766436 0.1867036 0.2156460 0.0646515 0.0618034 0.0000000 0.1701636 0.0687592 0.0664872 0.1515644 0.0731505 0.0756279 0.2224165 0.2130010 0.2223721 0.2041774 0.2064273 0.0601598 0.1004080 0.2163077 0.0576019 0.0834768 0.0696392 0.0564179 0.0604848 0.0739590 0.1571399 0.0688493 0.0732803 0.0533683 0.0562859 0.0576955 0.0648749 0.0646773 0.2180562 0.2184580 0.0485582 0.0532834 0.1994610 0.1899561 0.0750753 0.0677686 0.0635755 0.0525027 0.1991894 0.0675795 0.2170417 0.2353371 0.1360153 0.0646971 0.1581445 0.0681445 0.0636440 0.0797045 0.0728433 0.0724754 0.2196818 0.0731505 0.0661446 0.2170417 0.0649492 0.0628506 0.0295053 0.0764575 0.0539999 0.0726270 0.0765468 0.2557841 0.0591621 0.0723912 0.0352858 0.0504627 
Perityle_castillonii_96                    0.1033534 0.1641813 0.2154975 0.2766663 0.1789817 0.3107851 0.2378655 0.2324826 0.5570126 0.1001982 0.0908487 0.2008893 0.1889832 0.2004789 0.2384602 0.0185952 0.1750293 0.1629820 0.1701636 0.0000000 0.2063607 0.2050308 0.0799721 0.2151849 0.1799228 0.0253516 0.0180617 0.0247596 0.0723819 0.0680316 0.1762532 0.2073575 0.0876111 0.1704530 0.2172983 0.1827724 0.2208997 0.1884444 0.2143069 0.0238408 0.2154562 0.2154438 0.2079699 0.1679447 0.2135634 0.2120428 0.1941131 0.0193764 0.0180657 0.1761239 0.1644791 0.0352071 0.0180559 0.2170156 0.1668215 0.1806611 0.1685498 0.2443002 0.2040518 0.0154894 0.0831939 0.0524787 0.1827535 0.0137324 0.2021851 0.2168319 0.2156836 0.2173767 0.2191787 0.0180428 0.2151849 0.1968670 0.0141826 0.2030298 0.1795168 0.1715421 0.2157348 0.2220375 0.1878234 0.2124617 0.0698931 0.1906025 0.2108540 0.1642240 0.1879743 
Perityle_cernua_84                         0.1923754 0.0536019 0.0876190 0.1903201 0.0615275 0.1780540 0.1238174 0.1347506 0.5381853 0.1716791 0.2113158 0.0289214 0.0271408 0.0409213 0.1241723 0.2133098 0.0320072 0.0641145 0.0687592 0.2063607 0.0000000 0.0238932 0.1988344 0.0411166 0.0402718 0.2025670 0.2098485 0.2147324 0.2145847 0.1813256 0.0701556 0.1112792 0.2379041 0.0797076 0.0430444 0.0739526 0.0882057 0.0286600 0.1269568 0.1916259 0.0385643 0.0398576 0.0794883 0.0236886 0.0810298 0.0863736 0.0277708 0.2182670 0.2180987 0.0751912 0.0254480 0.2237658 0.2114899 0.0379533 0.0279019 0.0919944 0.0474927 0.1332636 0.0250536 0.2134178 0.2164159 0.1487968 0.0645576 0.1708285 0.0264927 0.1073157 0.0340384 0.0791116 0.0798009 0.2126321 0.0411166 0.0861837 0.2151884 0.0238677 0.0200725 0.0129552 0.0809389 0.0746838 0.0313945 0.0354316 0.2104369 0.0213001 0.0890720 0.0553137 0.0640526 
Perityle_cfvillosa_25_tin                  0.2151108 0.0511449 0.0926629 0.1868287 0.0604722 0.1640791 0.1459851 0.1342071 0.5110053 0.1680711 0.2423587 0.0178226 0.0192822 0.0483070 0.1472422 0.2453389 0.0165923 0.0586468 0.0664872 0.2050308 0.0238932 0.0000000 0.2091976 0.0454501 0.0447273 0.2328479 0.2426242 0.2459575 0.2496636 0.2189269 0.0677473 0.1081030 0.2570715 0.0748075 0.0310958 0.0741028 0.0796351 0.0154664 0.1187004 0.1956376 0.0404628 0.0442491 0.0727835 0.0027475 0.0768921 0.0805268 0.0357780 0.2524767 0.2508279 0.0692248 0.0154319 0.2326076 0.2207195 0.0449066 0.0130898 0.0815382 0.0432502 0.1655925 0.0011721 0.2462426 0.2476546 0.1537625 0.0573344 0.1636026 0.0154940 0.1026141 0.0424972 0.0751073 0.0759338 0.2453157 0.0454501 0.0845446 0.2480071 0.0000010 0.0051088 0.0000010 0.0825037 0.0683013 0.0181584 0.0202892 0.2557751 0.0039446 0.0845260 0.0526680 0.0625864 
Perityle_cinerea_113_Powell1310            0.1139009 0.2137522 0.2352252 0.2143684 0.1823709 0.3345568 0.1969020 0.1985045 0.3913508 0.0992224 0.1378885 0.2082769 0.1967871 0.2073632 0.2071724 0.0750707 0.2129179 0.1669318 0.1515644 0.0799721 0.1988344 0.2091976 0.0000000 0.2016965 0.2029129 0.0749009 0.0704205 0.0752330 0.1283792 0.1037917 0.2037282 0.1771584 0.1134724 0.2081233 0.2296007 0.2037282 0.1975347 0.2074769 0.1777823 0.0893553 0.1961490 0.1906883 0.1867882 0.2074574 0.1762890 0.1947249 0.1994132 0.0797138 0.0751528 0.1869200 0.2025076 0.0936856 0.0747837 0.2313363 0.2071724 0.1934567 0.1862597 0.2079486 0.2074769 0.0751528 0.1333248 0.1135650 0.2161685 0.0562299 0.2066900 0.2264963 0.2108072 0.2022918 0.2090426 0.0840727 0.2016965 0.2094998 0.0754408 0.2074769 0.2019126 0.1764454 0.2074447 0.2217656 0.2021959 0.2135847 0.1183129 0.2074769 0.2037282 0.1660078 0.1828772 
Perityle_coahuilensis_24                   0.2271636 0.0714628 0.0938181 0.2023180 0.0674198 0.1842003 0.1609716 0.1282124 0.5129539 0.1721349 0.2495483 0.0466054 0.0409303 0.0137849 0.1761449 0.2540805 0.0515838 0.0746826 0.0731505 0.2151849 0.0411166 0.0454501 0.2016965 0.0000000 0.0126345 0.2435126 0.2532772 0.2550155 0.2546526 0.2276007 0.0897864 0.1110660 0.2697194 0.0875059 0.0604456 0.0895296 0.0917326 0.0481173 0.1292063 0.2056183 0.0071428 0.0107492 0.0831950 0.0473351 0.0874176 0.0913371 0.0481300 0.2616307 0.2599413 0.0841223 0.0420156 0.2467336 0.2275061 0.0516541 0.0482730 0.1004977 0.0524941 0.1938357 0.0465031 0.2552588 0.2617258 0.1634128 0.0728907 0.1935072 0.0442925 0.1201720 0.0543834 0.0788690 0.0821584 0.2526945 0.0000010 0.1016083 0.2570690 0.0454030 0.0423494 0.0376713 0.0865077 0.0842161 0.0523850 0.0568597 0.2794546 0.0437937 0.0966206 0.0707304 0.0820798 
Perityle_cochisensis_44_cave_creek         0.1890694 0.0716326 0.0921053 0.1634930 0.0697761 0.1851450 0.1052359 0.1256890 0.5417368 0.1740322 0.1810801 0.0491546 0.0431245 0.0141546 0.1329086 0.1856676 0.0540207 0.0767748 0.0756279 0.1799228 0.0402718 0.0447273 0.2029129 0.0126345 0.0000000 0.1889367 0.1812772 0.1907759 0.1907480 0.1796183 0.0923204 0.1156274 0.1954526 0.0935711 0.0640010 0.0932999 0.0900254 0.0495107 0.1016274 0.1837767 0.0126655 0.0126563 0.0865595 0.0466360 0.0915104 0.0944164 0.0476303 0.1883768 0.1886175 0.0816829 0.0437410 0.1926882 0.1753180 0.0551103 0.0499233 0.0960540 0.0568314 0.1429933 0.0445602 0.1851930 0.2223439 0.1694545 0.0775842 0.1909314 0.0464361 0.1098573 0.0598782 0.0855158 0.0882674 0.1844905 0.0126345 0.1085769 0.1871243 0.0447287 0.0445588 0.0433765 0.0910907 0.0893410 0.0535723 0.0612833 0.2195670 0.0432288 0.1054163 0.0710383 0.0805297 
Perityle_congesta_202                      0.1353414 0.1772718 0.2533269 0.2592923 0.2174922 0.3481153 0.2624769 0.2380655 0.5961512 0.1393499 0.0849167 0.2283668 0.1786808 0.2095468 0.2834949 0.0311170 0.1822750 0.1689285 0.2224165 0.0253516 0.2025670 0.2328479 0.0749009 0.2435126 0.1889367 0.0000000 0.0238557 0.0328395 0.0688053 0.0792151 0.1881240 0.2573774 0.0851751 0.1793877 0.2415960 0.1921676 0.2495705 0.1764507 0.2404759 0.0333746 0.2436290 0.2437961 0.2367083 0.1729235 0.2389017 0.2398389 0.1925568 0.0302521 0.0276744 0.1830687 0.1694907 0.0337133 0.0231977 0.2500818 0.1721246 0.1902107 0.1807127 0.2877416 0.2317532 0.0251656 0.0908755 0.0567309 0.2309486 0.0219715 0.2298163 0.2221494 0.2437171 0.2443239 0.2453887 0.0276586 0.2435126 0.1897062 0.0251656 0.2308053 0.2117339 0.1806052 0.2043089 0.2532877 0.1906767 0.2416478 0.0777565 0.1817880 0.2535266 0.1755076 0.1849452 
Perityle_cordifolia_27                     0.1217303 0.1635046 0.2499814 0.2789613 0.2096559 0.3199529 0.2693282 0.2314367 0.5909332 0.1318010 0.0840891 0.2381652 0.1899763 0.2017990 0.2748434 0.0251362 0.1760924 0.1642244 0.2130010 0.0180617 0.2098485 0.2426242 0.0704205 0.2532772 0.1812772 0.0238557 0.0000000 0.0258174 0.0668593 0.0656858 0.1780495 0.2469456 0.0898118 0.1716053 0.2544855 0.1858952 0.2596407 0.1894439 0.2525451 0.0265890 0.2533945 0.2535644 0.2450122 0.1673633 0.2505784 0.2498890 0.1985188 0.0231930 0.0194716 0.1755288 0.1639051 0.0327051 0.0200024 0.2528928 0.1662074 0.1838888 0.1727674 0.2769636 0.2415063 0.0170424 0.0794846 0.0545211 0.2285572 0.0027134 0.2396469 0.2198006 0.2480015 0.2531840 0.2548946 0.0231892 0.2532772 0.1982008 0.0170424 0.2405974 0.2063052 0.1707443 0.2149310 0.2596047 0.1872033 0.2495642 0.0718271 0.1916240 0.2481764 0.1635600 0.1892309 
Perityle_cordifolia_68_tecolote            0.1353583 0.1748619 0.2591359 0.2705456 0.2192989 0.3270839 0.2742919 0.2445919 0.5878263 0.1437671 0.0995234 0.2414410 0.1947310 0.2133189 0.2900330 0.0342767 0.1902637 0.1687331 0.2223721 0.0247596 0.2147324 0.2459575 0.0752330 0.2550155 0.1907759 0.0328395 0.0258174 0.0000000 0.0793936 0.0762638 0.1807296 0.2553003 0.0959747 0.1810713 0.2562367 0.1902689 0.2577395 0.1942176 0.2505191 0.0353757 0.2551342 0.2553064 0.2451661 0.1763057 0.2507721 0.2518240 0.2016285 0.0358808 0.0320694 0.1831073 0.1728943 0.0446221 0.0265096 0.2563330 0.1776274 0.1938479 0.1755125 0.2880241 0.2448155 0.0296107 0.0937010 0.0659931 0.2349282 0.0220459 0.2429549 0.2277031 0.2533365 0.2561970 0.2583577 0.0308180 0.2550155 0.1957887 0.0296107 0.2439063 0.2169690 0.1813763 0.2199472 0.2616110 0.1976736 0.2529506 0.0799468 0.1947084 0.2517192 0.1635934 0.1862655 
Perityle_coronopifolia_28_patagonia        0.1169397 0.1874985 0.2388760 0.2707590 0.1984242 0.3212742 0.2614309 0.2462459 0.5786717 0.1221205 0.0886230 0.2466529 0.2112562 0.1989771 0.2817718 0.0785298 0.1861534 0.1761878 0.2041774 0.0723819 0.2145847 0.2496636 0.1283792 0.2546526 0.1907480 0.0688053 0.0668593 0.0793936 0.0000000 0.0733624 0.1929729 0.2444563 0.1047365 0.1816504 0.2601353 0.1930518 0.2555106 0.2041721 0.2489798 0.0741182 0.2548468 0.2552889 0.2422489 0.1824832 0.2478740 0.2421976 0.2096463 0.0748972 0.0735609 0.1787536 0.1826371 0.0797041 0.0742107 0.2581785 0.1761777 0.1885308 0.1942670 0.2861069 0.2484874 0.0709996 0.0448968 0.0192420 0.2242695 0.0598028 0.2482230 0.2337641 0.2602946 0.2498498 0.2549892 0.0735531 0.2546526 0.2141462 0.0709996 0.2475727 0.2072378 0.1830688 0.2281450 0.2629023 0.1993846 0.2550746 0.0226962 0.2106400 0.2439210 0.1681144 0.2077537 
Perityle_crassifolia_70_ventanas           0.1208738 0.1689083 0.2216162 0.2468022 0.2076441 0.3008654 0.2343898 0.2399973 0.5625834 0.1039270 0.0896390 0.2142011 0.1665486 0.1953586 0.2773836 0.0779914 0.1794222 0.1797654 0.2064273 0.0680316 0.1813256 0.2189269 0.1037917 0.2276007 0.1796183 0.0792151 0.0656858 0.0762638 0.0733624 0.0000000 0.1831452 0.2495571 0.0826926 0.1679809 0.2284363 0.1916325 0.2261573 0.1640798 0.2160031 0.0723118 0.2263346 0.2263072 0.2157652 0.1621741 0.2215625 0.2262781 0.1720571 0.0746243 0.0701940 0.1714746 0.1583421 0.0854831 0.0700373 0.2242908 0.1632295 0.1717673 0.1773395 0.2775872 0.2196475 0.0688147 0.1026411 0.0708851 0.2307616 0.0534327 0.2139725 0.1788386 0.2206365 0.2191533 0.2220499 0.0730539 0.2276007 0.1673238 0.0688147 0.2167371 0.2085122 0.1671881 0.1820194 0.2270222 0.1797201 0.2248223 0.0933689 0.1640211 0.2367322 0.1687008 0.1652896 
Perityle_crassifolia_74_playa_balandra     0.1841056 0.0675894 0.0786350 0.1319881 0.0808982 0.1870199 0.0987594 0.1765161 0.4753494 0.1861704 0.1827132 0.0742638 0.0697542 0.0897653 0.0718408 0.1836394 0.0809599 0.0719726 0.0601598 0.1762532 0.0701556 0.0677473 0.2037282 0.0897864 0.0923204 0.1881240 0.1780495 0.1807296 0.1929729 0.1831452 0.0000000 0.0813205 0.1905954 0.0434842 0.0830660 0.0000010 0.0878849 0.0696687 0.0750867 0.1916109 0.0874477 0.0850499 0.0877739 0.0651591 0.0877955 0.0820155 0.0656971 0.1806903 0.1785269 0.0855208 0.0698213 0.1993242 0.1776723 0.0812550 0.0718408 0.0837766 0.0934230 0.0699022 0.0675002 0.1788860 0.2070243 0.1701633 0.0834391 0.1877984 0.0726477 0.0900457 0.0815821 0.0788301 0.0811467 0.1879642 0.0897864 0.0182892 0.1788860 0.0655141 0.0652913 0.0672826 0.0808198 0.0827260 0.0698217 0.0745534 0.2072124 0.0696687 0.0020132 0.0814734 0.0769823 
Perityle_cuneata_34_cuneata_San_antonio    0.2378256 0.0847824 0.1094017 0.1919499 0.0892827 0.1780753 0.1621134 0.1346163 0.5188236 0.1886616 0.2547782 0.1108921 0.1151285 0.1137965 0.2161663 0.2482831 0.0839601 0.0438569 0.1004080 0.2073575 0.1112792 0.1081030 0.1771584 0.1110660 0.1156274 0.2573774 0.2469456 0.2553003 0.2444563 0.2495571 0.0813205 0.0000000 0.2445479 0.1031913 0.1154163 0.0791706 0.1062733 0.1126905 0.1074986 0.1918024 0.1064856 0.1065378 0.1041840 0.1134697 0.1057511 0.1148747 0.1156769 0.2527950 0.2532813 0.1098295 0.1161265 0.2415446 0.2256186 0.1158676 0.1144393 0.1090794 0.1017412 0.2338007 0.1091394 0.2518292 0.2591900 0.1529980 0.0854549 0.1833367 0.1100483 0.1039730 0.1112141 0.0902030 0.0851186 0.2507881 0.1110660 0.1139317 0.2518292 0.1092762 0.1047001 0.0783380 0.0968787 0.1076038 0.1193691 0.1110188 0.2561983 0.1128404 0.1047981 0.0835025 0.1016391 
Perityle_cuneata_4                         0.1410490 0.1741300 0.2629464 0.2861042 0.2158719 0.3283017 0.2986183 0.2423898 0.5709217 0.1334233 0.1036915 0.2563024 0.2178911 0.2138436 0.2839289 0.0982071 0.1880327 0.1729771 0.2163077 0.0876111 0.2379041 0.2570715 0.1134724 0.2697194 0.1954526 0.0851751 0.0898118 0.0959747 0.1047365 0.0826926 0.1905954 0.2445479 0.0000000 0.1859250 0.2715832 0.1960880 0.2621410 0.2192715 0.2560449 0.0918070 0.2631567 0.2633017 0.2524791 0.1867142 0.2581827 0.2580987 0.2225997 0.1009819 0.0939773 0.1914237 0.1779281 0.1099516 0.0888372 0.2693110 0.1827120 0.1889428 0.1771328 0.2904845 0.2558603 0.0927850 0.0969647 0.0546240 0.2267111 0.0475164 0.2579398 0.2287505 0.2643672 0.2643611 0.2657457 0.0924947 0.2697194 0.2217628 0.0941319 0.2549609 0.2257460 0.1733716 0.2355975 0.2639380 0.2203346 0.2665016 0.0850766 0.2108873 0.2613276 0.1720199 0.2143142 
Perityle_discoidea_81                      0.1774375 0.0511521 0.0539159 0.1653633 0.0745810 0.1637428 0.1182213 0.1513134 0.5478874 0.1750682 0.1770338 0.0746813 0.0761768 0.0907662 0.1149017 0.1773516 0.0671373 0.0630461 0.0576019 0.1704530 0.0797076 0.0748075 0.2081233 0.0875059 0.0935711 0.1793877 0.1716053 0.1810713 0.1816504 0.1679809 0.0434842 0.1031913 0.1859250 0.0000000 0.0873337 0.0396966 0.0793787 0.0761496 0.0980176 0.1812012 0.0873943 0.0890122 0.0775559 0.0745803 0.0809742 0.0853736 0.0828434 0.1788513 0.1790830 0.0741982 0.0746700 0.1810782 0.1694624 0.0911540 0.0755109 0.0843074 0.0767544 0.1190507 0.0746108 0.1775644 0.2054826 0.1553168 0.0702609 0.1764904 0.0735249 0.0928822 0.0897427 0.0606170 0.0637352 0.1784957 0.0875059 0.0588166 0.1775644 0.0731876 0.0713673 0.0531554 0.0652879 0.0718585 0.0763444 0.0847000 0.2001336 0.0761799 0.0557995 0.0679321 0.0788846 
Perityle_dissecta_201                      0.2289389 0.0717903 0.1043381 0.2047596 0.0753197 0.1719614 0.1627087 0.1586253 0.5114107 0.1761493 0.2509337 0.0371109 0.0388095 0.0582584 0.1583437 0.2541572 0.0287444 0.0767338 0.0834768 0.2172983 0.0430444 0.0310958 0.2296007 0.0604456 0.0640010 0.2415960 0.2544855 0.2562367 0.2601353 0.2284363 0.0830660 0.1154163 0.2715832 0.0873337 0.0000000 0.0914069 0.0969159 0.0311462 0.1401546 0.2065509 0.0554085 0.0592482 0.0926019 0.0320019 0.0968151 0.0982092 0.0513401 0.2644142 0.2627506 0.0947571 0.0338752 0.2447233 0.2311471 0.0622377 0.0218013 0.1032852 0.0613765 0.1858604 0.0321734 0.2581442 0.2637770 0.1686333 0.0667287 0.1831285 0.0348243 0.1177895 0.0585603 0.0894007 0.0899584 0.2522785 0.0604456 0.0965610 0.2599276 0.0310643 0.0257268 0.0258419 0.0975592 0.0895400 0.0378593 0.0433567 0.2621187 0.0346930 0.0978242 0.0699027 0.0747737 
Perityle_emoryi_47_punta_san_jose          0.1864140 0.0675894 0.0877619 0.1515079 0.0761154 0.1870199 0.0984996 0.1686491 0.4769856 0.1797375 0.1850832 0.0809106 0.0771930 0.0912867 0.1637169 0.1910284 0.0864386 0.0732401 0.0696392 0.1827724 0.0739526 0.0741028 0.2037282 0.0895296 0.0932999 0.1921676 0.1858952 0.1902689 0.1930518 0.1916325 0.0000010 0.0791706 0.1960880 0.0396966 0.0914069 0.0000000 0.0897754 0.0756182 0.0777176 0.1927154 0.0895365 0.0876991 0.0859460 0.0727084 0.0878160 0.0906782 0.0756673 0.1922514 0.1905237 0.0841739 0.0732874 0.2010816 0.1857371 0.0899908 0.0818530 0.0826811 0.0893388 0.1678942 0.0753904 0.1908309 0.2084548 0.1671336 0.0831264 0.1877984 0.0796654 0.0868716 0.0885043 0.0730432 0.0778649 0.1938518 0.0895296 0.0192814 0.1908309 0.0739322 0.0736257 0.0672826 0.0757114 0.0838707 0.0772522 0.0810570 0.2151669 0.0741334 0.0015894 0.0811416 0.0832715 
Perityle_feddemae_99                       0.2329658 0.0626892 0.0916495 0.1986290 0.0741877 0.1943951 0.1443029 0.1452373 0.5252839 0.1675740 0.2528480 0.0835381 0.0893887 0.0938534 0.2059652 0.2593157 0.0752340 0.0752130 0.0564179 0.2208997 0.0882057 0.0796351 0.1975347 0.0917326 0.0900254 0.2495705 0.2596407 0.2577395 0.2555106 0.2261573 0.0878849 0.1062733 0.2621410 0.0793787 0.0969159 0.0897754 0.0000000 0.0901039 0.1049485 0.2061427 0.0863156 0.0918242 0.0309235 0.0860092 0.0347546 0.0691360 0.0905015 0.2683758 0.2666343 0.0293571 0.0857643 0.2530581 0.2369865 0.0958177 0.0871794 0.0774855 0.0831563 0.2148180 0.0819179 0.2636874 0.2496811 0.1530556 0.0685016 0.1660398 0.0812341 0.0932106 0.0960899 0.0871662 0.0863864 0.2606615 0.0917326 0.1027683 0.2636874 0.0781798 0.0731697 0.0530239 0.0998713 0.0587036 0.0917812 0.0917647 0.2539517 0.0850050 0.0974412 0.0526605 0.0799215 
Perityle_fosteri_93                        0.1798415 0.0532540 0.0894402 0.1709247 0.0591657 0.1627787 0.1194168 0.1364175 0.5208168 0.1730444 0.1924783 0.0193356 0.0245796 0.0497992 0.0935096 0.1924558 0.0153236 0.0566165 0.0604848 0.1884444 0.0286600 0.0154664 0.2074769 0.0481173 0.0495107 0.1764507 0.1894439 0.1942176 0.2041721 0.1640798 0.0696687 0.1126905 0.2192715 0.0761496 0.0311462 0.0756182 0.0901039 0.0000000 0.1257000 0.1947095 0.0440617 0.0481956 0.0810478 0.0165906 0.0855796 0.0882630 0.0352904 0.2013268 0.1995332 0.0750935 0.0224932 0.2014876 0.1878614 0.0488388 0.0101358 0.0847270 0.0450796 0.1151038 0.0167262 0.1947879 0.2071056 0.1504574 0.0621389 0.1661971 0.0181236 0.0991300 0.0475888 0.0719799 0.0743340 0.1939148 0.0481173 0.0842442 0.1965650 0.0154668 0.0068727 0.0051042 0.0768723 0.0716279 0.0225883 0.0233593 0.1830278 0.0198940 0.0850267 0.0499387 0.0655430 
Perityle_gamon_221                         0.2109571 0.0464273 0.1174131 0.2055445 0.0871209 0.1879155 0.1738738 0.1274863 0.4956374 0.1620739 0.2455845 0.1242485 0.1326719 0.1069865 0.1976964 0.2488104 0.0741888 0.0730971 0.0739590 0.2143069 0.1269568 0.1187004 0.1777823 0.1292063 0.1016274 0.2404759 0.2525451 0.2505191 0.2489798 0.2160031 0.0750867 0.1074986 0.2560449 0.0980176 0.1401546 0.0777176 0.1049485 0.1257000 0.0000000 0.1955868 0.1248649 0.1279608 0.1005195 0.1047942 0.1063991 0.0879349 0.1329745 0.2614705 0.2596919 0.0791785 0.1059127 0.2437829 0.2271714 0.1256858 0.1004014 0.1012018 0.0733526 0.2119685 0.1180873 0.2566677 0.2422704 0.1438900 0.0640730 0.1513635 0.1204214 0.1219222 0.1305700 0.1172014 0.1188931 0.2536749 0.1292063 0.1477117 0.2566677 0.1170639 0.0860422 0.0504130 0.1295918 0.1139410 0.1241237 0.1304145 0.2407113 0.1245778 0.1141803 0.0597889 0.1225893 
Perityle_gentryi_8_san_francisco           0.0876882 0.1777002 0.1982939 0.2653479 0.1662187 0.3494886 0.2306045 0.2323325 0.5287692 0.0843586 0.0906801 0.1876712 0.1928639 0.1888023 0.2190777 0.0124785 0.1769393 0.1733084 0.1571399 0.0238408 0.1916259 0.1956376 0.0893553 0.2056183 0.1837767 0.0333746 0.0265890 0.0353757 0.0741182 0.0723118 0.1916109 0.1918024 0.0918070 0.1812012 0.2065509 0.1927154 0.2061427 0.1947095 0.1955868 0.0000000 0.2034619 0.2016571 0.1925002 0.1744469 0.1964509 0.1983996 0.1828800 0.0294280 0.0294381 0.1673134 0.1714571 0.0366253 0.0251407 0.1988840 0.1767120 0.1917823 0.1832215 0.2173713 0.1962676 0.0266429 0.0861123 0.0615130 0.1646573 0.0220137 0.1888397 0.2220373 0.1976710 0.1994684 0.2013059 0.0279708 0.2056183 0.2045884 0.0266429 0.1935221 0.1698436 0.1844343 0.2038306 0.1994866 0.1772510 0.2015867 0.0723388 0.1973590 0.1933947 0.1728585 0.1877612 
Perityle_gilensis_22_Superstition          0.2256288 0.0690342 0.0885029 0.1980999 0.0629463 0.1795199 0.1552211 0.1253962 0.5072828 0.1676952 0.2463440 0.0416236 0.0369316 0.0124241 0.1763547 0.2542428 0.0484495 0.0707988 0.0688493 0.2154562 0.0385643 0.0404628 0.1961490 0.0071428 0.0126655 0.2436290 0.2533945 0.2551342 0.2548468 0.2263346 0.0874477 0.1064856 0.2631567 0.0873943 0.0554085 0.0895365 0.0863156 0.0440617 0.1248649 0.2034619 0.0000000 0.0107449 0.0778398 0.0428761 0.0806407 0.0857860 0.0455489 0.2617512 0.2600611 0.0780260 0.0375320 0.2468512 0.2276157 0.0492153 0.0451295 0.0968848 0.0503964 0.1940712 0.0415324 0.2553770 0.2601668 0.1607459 0.0680471 0.1897955 0.0392993 0.1167216 0.0519335 0.0762790 0.0769538 0.2528114 0.0071428 0.0999550 0.2571880 0.0404209 0.0383381 0.0349078 0.0851840 0.0787934 0.0469177 0.0518192 0.2772120 0.0395511 0.0939126 0.0706662 0.0771292 
Perityle_gilensis_salensis_225             0.2275493 0.0665594 0.0925898 0.1980669 0.0675447 0.1795199 0.1597134 0.1224772 0.5252295 0.1709575 0.2482298 0.0454070 0.0409962 0.0124153 0.1710021 0.2543762 0.0501247 0.0689015 0.0732803 0.2154438 0.0398576 0.0442491 0.1906883 0.0107492 0.0126563 0.2437961 0.2535644 0.2553064 0.2552889 0.2263072 0.0850499 0.1065378 0.2633017 0.0890122 0.0592482 0.0876991 0.0918242 0.0481956 0.1279608 0.2016571 0.0107449 0.0000000 0.0847531 0.0458058 0.0875865 0.0914910 0.0468598 0.2619269 0.2602356 0.0858777 0.0404823 0.2470206 0.2277708 0.0504553 0.0466627 0.1003838 0.0482705 0.1885211 0.0453072 0.2555484 0.2624053 0.1581430 0.0698197 0.1861030 0.0430889 0.1217685 0.0518529 0.0802980 0.0809438 0.2529805 0.0107492 0.1014967 0.2573607 0.0442032 0.0410535 0.0321558 0.0894848 0.0829527 0.0510760 0.0556578 0.2782079 0.0423415 0.0981434 0.0707216 0.0819929 
Perityle_glaucescens_94                    0.2202823 0.0626065 0.0901875 0.1863874 0.0723860 0.1940246 0.1459644 0.1422233 0.5304002 0.1593605 0.2424497 0.0780131 0.0804089 0.0904510 0.2017205 0.2460760 0.0716581 0.0711902 0.0533683 0.2079699 0.0794883 0.0727835 0.1867882 0.0831950 0.0865595 0.2367083 0.2450122 0.2451661 0.2422489 0.2157652 0.0877739 0.1041840 0.2524791 0.0775559 0.0926019 0.0859460 0.0309235 0.0810478 0.1005195 0.1925002 0.0778398 0.0847531 0.0000000 0.0795177 0.0085105 0.0621983 0.0831134 0.2518192 0.2501160 0.0110166 0.0823011 0.2347586 0.2241821 0.0902834 0.0837192 0.0756819 0.0786436 0.2104453 0.0750762 0.2472007 0.2437992 0.1472815 0.0683770 0.1626871 0.0757027 0.0931445 0.0878275 0.0843912 0.0836377 0.2477958 0.0831950 0.0944499 0.2472007 0.0713516 0.0715523 0.0530193 0.0939202 0.0586665 0.0857055 0.0861565 0.2479454 0.0757783 0.0943839 0.0501076 0.0731199 
Perityle_gracilis_11                       0.1747914 0.0556336 0.0929613 0.1533638 0.0549295 0.1762703 0.0979762 0.1335332 0.5143906 0.1673782 0.1726843 0.0165916 0.0207722 0.0500794 0.0791781 0.1708816 0.0207688 0.0564103 0.0562859 0.1679447 0.0236886 0.0027475 0.2074574 0.0473351 0.0466360 0.1729235 0.1673633 0.1763057 0.1824832 0.1621741 0.0651591 0.1134697 0.1867142 0.0745803 0.0320019 0.0727084 0.0860092 0.0165906 0.1047942 0.1744469 0.0428761 0.0458058 0.0795177 0.0000000 0.0827637 0.0823062 0.0307856 0.1778070 0.1761227 0.0730093 0.0182008 0.1779998 0.1707706 0.0451891 0.0162795 0.0830689 0.0472127 0.0934719 0.0041039 0.1728464 0.2011144 0.1531354 0.0648420 0.1627329 0.0152786 0.1018229 0.0409031 0.0757479 0.0784336 0.1738881 0.0473351 0.0845895 0.1746806 0.0027443 0.0085462 0.0051116 0.0811519 0.0711221 0.0193809 0.0222423 0.1833983 0.0054747 0.0832149 0.0549925 0.0640590 
