84
Amauria_brandeegeana_62                    0.0000000 0.3249012 0.0649138 0.3537405 0.2917959 0.0899841 0.2798630 0.3419977 0.4406505 0.2242153 0.2430124 0.2627500 0.2247669 0.2371965 0.2222255 0.2683225 0.0427152 0.2277480 0.2504912 0.2381722 0.2335751 0.2451991 0.2402973 0.2407868 0.2416519 0.1766132 0.2386436 0.1695939 0.2008031 0.1946895 0.5442916 0.3500484 0.2230888 0.2777536 0.2208351 0.2487373 0.2295536 0.2261473 0.2633127 0.2364566 0.2467459 0.2505428 0.2364387 0.2460060 0.2066366 0.2305784 0.2425876 0.2433349 0.2463054 0.2513832 0.2666502 0.2258186 0.1739598 0.2187092 0.2253880 0.2065572 0.3658549 0.2864140 0.2461156 0.2475513 0.1183260 0.2034738 0.2324694 0.1746383 0.1726643 0.2397861 0.2535949 0.2619051 0.2295439 0.2385444 0.2110746 0.2452335 0.2221717 0.2337037 0.1351630 0.2550523 0.2587368 0.3040305 0.0530145 0.1788583 0.2431816 0.2373268 0.1938238 0.0709910 
Amauria_carterae_99_mesa                   0.3249012 0.0000000 0.3257820 0.3705654 0.1411300 0.1045317 0.1632359 0.1744674 0.2818692 0.1239554 0.1136433 0.1440040 0.1014978 0.1019412 0.0984456 0.1083433 0.0649513 0.1236281 0.1139605 0.0915418 0.0919204 0.0886910 0.0885564 0.0915712 0.0883448 0.1042980 0.1073654 0.1192169 0.1307413 0.2782265 0.4432929 0.2693735 0.1205821 0.0979977 0.1365955 0.1239479 0.0952546 0.1232864 0.0981443 0.0853641 0.0952726 0.1278299 0.0913279 0.1272893 0.1276437 0.0949703 0.0884278 0.0853641 0.1104796 0.1013486 0.0916181 0.0885801 0.1042980 0.0951550 0.1304391 0.0984494 0.4000156 0.1574601 0.0950213 0.1104394 0.0856604 0.1115932 0.1045752 0.1241544 0.1042980 0.1180694 0.1214061 0.0919103 0.0887092 0.0885564 0.1271248 0.0978321 0.0983640 0.0914039 0.0810437 0.1386063 0.1043766 0.0952815 0.0884489 0.0882611 0.0853641 0.1103200 0.0926318 0.0971988 
Amauria_rotundifolia_SRR9119150            0.0649138 0.3257820 0.0000000 0.3635895 0.2816216 0.0946264 0.2671364 0.3188525 0.4294466 0.2134539 0.2200290 0.2420616 0.2078855 0.2457674 0.2143177 0.3135598 0.0656253 0.2231997 0.2449857 0.2330563 0.2325015 0.2202099 0.2265621 0.2257851 0.2244143 0.1702112 0.2212223 0.1862079 0.2011329 0.1884934 0.5085027 0.3766775 0.2222242 0.2780434 0.2154055 0.2352198 0.2171248 0.2806451 0.3153093 0.2216719 0.2251457 0.2385657 0.2195654 0.2304801 0.2736080 0.2180843 0.2267509 0.2255256 0.2293097 0.2294895 0.2902283 0.2105216 0.1654194 0.2063575 0.2259821 0.1984500 0.3802131 0.2687446 0.2470456 0.2440078 0.1273239 0.2093436 0.2231741 0.1845497 0.1642728 0.2195613 0.2465540 0.2710224 0.2915755 0.2250206 0.2120107 0.2274691 0.2028883 0.2269066 0.1322223 0.2379148 0.2699275 0.3136847 0.0594473 0.1769026 0.2254006 0.2309381 0.1740103 0.0762683 
Conoclinium_coelestinum_SRR9119114         0.3537405 0.3705654 0.3635895 0.0000000 0.4038962 0.1585687 0.2662588 0.4012407 0.4836454 0.3921530 0.3833070 0.3880971 0.3590778 0.3582493 0.3283499 0.4152740 0.1711874 0.3019665 0.3914450 0.3329639 0.3458608 0.3671623 0.3597369 0.3566211 0.3642548 0.3352310 0.3743137 0.3287758 0.3379862 0.3281983 0.6068818 0.6379986 0.3752705 0.4089875 0.3853270 0.3817671 0.3553306 0.3975122 0.4095416 0.3577131 0.3728863 0.3852809 0.3601136 0.3822733 0.3120891 0.3663100 0.3627521 0.3645498 0.3801063 0.3603053 0.3825224 0.3530925 0.3311395 0.3281616 0.3760018 0.2645352 0.4871813 0.4329063 0.3457888 0.3928495 0.2029913 0.3272810 0.3620151 0.3323436 0.3275572 0.3791650 0.3834708 0.3642699 0.3612224 0.3577131 0.3789860 0.3709189 0.3519601 0.3268446 0.2206372 0.3918010 0.3959383 0.4370709 0.1702868 0.2550584 0.3668597 0.3354054 0.2660746 0.1839797 
Eutetras_palmeri_63                        0.2917959 0.1411300 0.2816216 0.4038962 0.0000000 0.0191395 0.2874607 0.2149253 0.4728203 0.1913850 0.1985036 0.2055302 0.1809030 0.2023607 0.1640740 0.2523172 0.0485414 0.1804088 0.2207839 0.2009255 0.2067444 0.1947590 0.2003395 0.2048936 0.1999836 0.1747792 0.2096867 0.2285062 0.1675212 0.1867929 0.5311340 0.4577252 0.1961432 0.2393209 0.1909912 0.2209135 0.2113993 0.2387454 0.2481999 0.1970620 0.2073679 0.2258224 0.1971620 0.2164225 0.1978457 0.1959851 0.2005277 0.2007847 0.2104313 0.2120519 0.2413958 0.1999841 0.1696503 0.1654967 0.2379224 0.1053627 0.3856152 0.2625746 0.2063213 0.2161259 0.1009612 0.1817893 0.2090142 0.2314973 0.1686699 0.1785459 0.1967934 0.1674701 0.2220748 0.1988212 0.2017043 0.2026814 0.1749966 0.1638435 0.0817076 0.1937827 0.2097137 0.2550937 0.0665384 0.1109001 0.1990603 0.1986881 0.0790869 0.0587484 
Eutetras_pringlei_149_quer                 0.0899841 0.1045317 0.0946264 0.1585687 0.0191395 0.0000000 0.0971934 0.1577699 0.2224276 0.0736095 0.0831835 0.0798892 0.0624765 0.0697031 0.0696138 0.0833703 0.0541181 0.0803912 0.0936416 0.0624105 0.0701270 0.0714257 0.0659000 0.0758822 0.0698500 0.0694042 0.0816000 0.0822612 0.0657251 0.1704951 0.4576893 0.0901495 0.0736095 0.0742870 0.0725019 0.0864338 0.0694209 0.0865886 0.0834454 0.0624105 0.0834430 0.0837466 0.0622506 0.0792088 0.0826610 0.0693625 0.0658331 0.0671250 0.0706553 0.0727581 0.0742100 0.0698002 0.0770613 0.0730387 0.0834653 0.0816000 0.2334359 0.0671250 0.0744069 0.0836136 0.1010773 0.0941142 0.0761169 0.0822226 0.0770613 0.0991732 0.0909602 0.0758055 0.0764270 0.0659000 0.0658513 0.0727521 0.0691150 0.0636266 0.0635721 0.1018129 0.1118476 0.0811948 0.0580634 0.0835871 0.0671250 0.0871925 0.0662375 0.0595955 
Eutrochium_fistulosum_SRR9119106           0.2798630 0.1632359 0.2671364 0.2662588 0.2874607 0.0971934 0.0000000 0.2313103 0.4206490 0.2564495 0.2700547 0.2716823 0.2682978 0.2944073 0.2004872 0.3709101 0.1191823 0.2142173 0.2801527 0.2975736 0.3004844 0.2826556 0.2990624 0.3075274 0.3017814 0.2964879 0.2937972 0.2930380 0.2044797 0.2035964 0.5296922 0.5004048 0.2479445 0.3458159 0.2470350 0.2975404 0.3006700 0.3512733 0.3760155 0.2973872 0.2966444 0.3106759 0.2999164 0.2938479 0.2901744 0.2982080 0.3030638 0.2991077 0.2940397 0.3010268 0.3476975 0.2921707 0.2928976 0.2318872 0.3135827 0.1214968 0.4130128 0.3837806 0.3006310 0.3033598 0.1412513 0.2398152 0.3086231 0.2913423 0.2897275 0.2344744 0.2750370 0.1828321 0.3235162 0.2973872 0.2526105 0.3031873 0.2472221 0.2362806 0.1044442 0.2551372 0.2931448 0.3758545 0.1013331 0.1561087 0.3029207 0.2450448 0.1133226 0.1041170 
Galeana_pratensis_104_mex                  0.3419977 0.1744674 0.3188525 0.4012407 0.2149253 0.1577699 0.2313103 0.0000000 0.3215155 0.1902761 0.1801196 0.2206281 0.1882111 0.1660084 0.1748030 0.1901049 0.1347163 0.1791881 0.2034231 0.1749185 0.1730742 0.1790448 0.1776554 0.1795866 0.1759966 0.1806940 0.1883231 0.1823554 0.1860360 0.2708617 0.5671295 0.3492905 0.1874612 0.1806268 0.1882740 0.2156742 0.1746153 0.1946577 0.1776757 0.1749185 0.1887934 0.2159318 0.1821045 0.2123909 0.2042168 0.1744492 0.1800682 0.1746091 0.2074215 0.2048532 0.1775523 0.1752166 0.1907551 0.1745465 0.1820103 0.1780551 0.3962541 0.2339562 0.1811137 0.1905459 0.1696038 0.1765070 0.1872673 0.1800542 0.1907551 0.1660393 0.1677371 0.1732283 0.1771489 0.1776554 0.1805028 0.1879778 0.1841068 0.1770235 0.1656266 0.1788541 0.2027514 0.1791040 0.1623269 0.1690147 0.1774342 0.1782209 0.1651072 0.1655498 
Helianthus_annuus_SRR9119062               0.4406505 0.2818692 0.4294466 0.4836454 0.4728203 0.2224276 0.4206490 0.3215155 0.0000000 0.3965582 0.4395187 0.4316542 0.4270055 0.4427887 0.3745601 0.5159159 0.1677545 0.3668108 0.4628997 0.4268521 0.4404721 0.4354433 0.4361910 0.4302670 0.4444882 0.4207410 0.4265445 0.4503327 0.3541649 0.3316773 0.6032234 0.5645334 0.4165761 0.4420898 0.4059030 0.4384482 0.4391129 0.4894765 0.5166392 0.4346710 0.4442911 0.4502920 0.4318967 0.4419289 0.4012787 0.4401834 0.4419971 0.4397252 0.4343570 0.4443876 0.4884123 0.4245832 0.4171830 0.3997065 0.4647886 0.2966797 0.6000566 0.4827777 0.4450688 0.4136601 0.1940481 0.4209053 0.4467428 0.4502555 0.4136675 0.3999412 0.4159438 0.2833029 0.4678862 0.4341880 0.4115802 0.4382675 0.4081556 0.3994080 0.2129322 0.4256267 0.4533816 0.4451621 0.2294288 0.2518052 0.4394228 0.3753533 0.2852086 0.1902588 
Lycapsus_tenuifolius_17                    0.2242153 0.1239554 0.2134539 0.3921530 0.1913850 0.0736095 0.2564495 0.1902761 0.3965582 0.0000000 0.1140465 0.1835726 0.1310667 0.1447073 0.0973947 0.1925326 0.0482862 0.0951415 0.1118180 0.1240030 0.1161158 0.1284967 0.1325515 0.1249468 0.1317382 0.1310623 0.1324355 0.1140099 0.0294734 0.1208241 0.5528363 0.3803986 0.0013267 0.1296362 0.0496527 0.1241138 0.1308802 0.1805315 0.1987998 0.1298446 0.1347702 0.1267478 0.1276894 0.1214972 0.2064055 0.1237871 0.1298159 0.1294497 0.1139261 0.1368299 0.1742764 0.1212833 0.1283446 0.1129618 0.1319697 0.0991013 0.3266236 0.2288231 0.1217648 0.1907052 0.1141556 0.1232145 0.1320715 0.1159502 0.1255742 0.1186846 0.1174465 0.0924470 0.1764917 0.1312129 0.0270550 0.1358168 0.1117374 0.1064594 0.0784668 0.1303650 0.1254705 0.1284570 0.0664684 0.1097693 0.1293856 0.1096490 0.0883111 0.0718503 
Pericome_caudata_50_silver                 0.2430124 0.1136433 0.2200290 0.3833070 0.1985036 0.0831835 0.2700547 0.1801196 0.4395187 0.1140465 0.0000000 0.1929907 0.1478036 0.1844875 0.1057341 0.2499799 0.0374140 0.0999389 0.1338189 0.1757345 0.1659482 0.1621409 0.1640939 0.1579235 0.1647269 0.1609489 0.1606856 0.1333604 0.1151008 0.1823363 0.5099386 0.3736243 0.1120916 0.1940942 0.1343946 0.1347720 0.1583465 0.1766710 0.2500054 0.1614910 0.1619366 0.1426318 0.1630568 0.1398565 0.2052247 0.1580489 0.1669427 0.1613626 0.1331953 0.1637804 0.2152595 0.1530143 0.1502452 0.1213369 0.1475875 0.0941620 0.3844035 0.2534561 0.1741148 0.1966915 0.0951409 0.1292561 0.1647457 0.1336586 0.1476724 0.0674124 0.0824634 0.0975669 0.2159195 0.1628103 0.1176924 0.1710450 0.1224155 0.1197931 0.0861297 0.0866767 0.1473919 0.1964243 0.0690397 0.1162733 0.1626274 0.1059786 0.0756673 0.0625189 
Perityle_aglossa_84_dead_horse             0.2627500 0.1440040 0.2420616 0.3880971 0.2055302 0.0798892 0.2716823 0.2206281 0.4316542 0.1835726 0.1929907 0.0000000 0.1388440 0.1711712 0.0844131 0.2543099 0.0105120 0.1801582 0.1914942 0.1553885 0.1447895 0.1545170 0.1509762 0.1459610 0.1548682 0.1511249 0.1594395 0.2162125 0.1441300 0.1954767 0.5026297 0.4163365 0.1820964 0.1928627 0.1847919 0.1754301 0.1391824 0.2525495 0.2544638 0.1482102 0.1512803 0.1885308 0.1458251 0.1913418 0.2109585 0.1445282 0.1524603 0.1523238 0.1761305 0.1550930 0.2066502 0.1377523 0.1491805 0.1026760 0.2238521 0.0457122 0.3673033 0.1754495 0.1648881 0.2282420 0.0682397 0.1640768 0.1273459 0.2167715 0.1446652 0.1884983 0.1909418 0.0811116 0.2010478 0.1496106 0.1804234 0.1587353 0.1059246 0.1113239 0.0322814 0.2112607 0.2092471 0.2203002 0.0085968 0.1113194 0.1522473 0.1880983 0.0839149 0.0664428 
Perityle_ajoensis_204                      0.2247669 0.1014978 0.2078855 0.3590778 0.1809030 0.0624765 0.2682978 0.1882111 0.4270055 0.1310667 0.1478036 0.1388440 0.0000000 0.0555370 0.0221581 0.1224933 0.0104612 0.1496100 0.1222321 0.0374335 0.0181941 0.0392434 0.0399803 0.0417358 0.0389615 0.0572692 0.0448280 0.1424930 0.1005207 0.1740666 0.5075049 0.4201407 0.1232582 0.0286305 0.1361997 0.1241249 0.0323621 0.1993119 0.1225400 0.0376075 0.0289357 0.1335324 0.0382756 0.1353503 0.2240833 0.0240984 0.0387880 0.0378742 0.1280221 0.0395541 0.0760935 0.0218275 0.0510541 0.0260635 0.1553599 0.0364084 0.3364141 0.1866580 0.0304963 0.1699055 0.0681450 0.1003979 0.0370190 0.1428222 0.0512329 0.1425385 0.1442220 0.0145326 0.0755496 0.0387976 0.1301044 0.0455154 0.0157664 0.0300068 0.0323707 0.1631534 0.1490652 0.0301030 0.0144224 0.1036246 0.0378570 0.1606623 0.0800043 0.0666721 
Perityle_ambrosiifolia_67_green            0.2371965 0.1019412 0.2457674 0.3582493 0.2023607 0.0697031 0.2944073 0.1660084 0.4427887 0.1447073 0.1844875 0.1711712 0.0555370 0.0000000 0.0256033 0.1172186 0.0159657 0.1606513 0.1217039 0.0345349 0.0237345 0.0555787 0.0523187 0.0910106 0.0525030 0.0781720 0.0595211 0.1931160 0.0964293 0.1733002 0.5013995 0.4389360 0.1148202 0.0286742 0.1517009 0.1645598 0.0482244 0.2119167 0.1155385 0.0487901 0.0531004 0.1797635 0.0539820 0.1538167 0.2459901 0.0481662 0.0546981 0.0514857 0.1714032 0.0612998 0.0847682 0.0459737 0.0766359 0.0236030 0.1902082 0.0348363 0.3704566 0.2277081 0.0263789 0.1669735 0.0731861 0.1032613 0.0587045 0.1935610 0.0768950 0.1476427 0.1858078 0.0220436 0.0809241 0.0511726 0.1218003 0.0602876 0.0421672 0.0303407 0.0299709 0.1924705 0.1714571 0.0282705 0.0205017 0.0995028 0.0526948 0.2081968 0.0849714 0.0680611 
Perityle_angustifolia_13_Eagle_creek       0.2222255 0.0984456 0.2143177 0.3283499 0.1640740 0.0696138 0.2004872 0.1748030 0.3745601 0.0973947 0.1057341 0.0844131 0.0221581 0.0256033 0.0000000 0.0485966 0.0158320 0.0988924 0.0987888 0.0319120 0.0110135 0.0290970 0.0237832 0.0253067 0.0255187 0.0502198 0.0375081 0.1042892 0.1042425 0.1786427 0.4825791 0.3266802 0.0955602 0.0184178 0.1119780 0.0935847 0.0220851 0.0899099 0.0342265 0.0205761 0.0320287 0.0945363 0.0301969 0.0970323 0.0965499 0.0188974 0.0254052 0.0240180 0.0909100 0.0417637 0.0371919 0.0189773 0.0469904 0.0062518 0.1057876 0.0322958 0.2729017 0.1400549 0.0257145 0.1251066 0.0682256 0.1021458 0.0252617 0.1002896 0.0469904 0.1102321 0.0994376 0.0169898 0.0157308 0.0221924 0.1005351 0.0335399 0.0205956 0.0288271 0.0268718 0.1192949 0.1002591 0.0230196 0.0144448 0.0993772 0.0256633 0.1018914 0.0785613 0.0669728 
Perityle_batopilensis_97                   0.2683225 0.1083433 0.3135598 0.4152740 0.2523172 0.0833703 0.3709101 0.1901049 0.5159159 0.1925326 0.2499799 0.2543099 0.1224933 0.1172186 0.0485966 0.0000000 0.0158787 0.1908165 0.1345622 0.0801981 0.0535719 0.1224165 0.1178293 0.1582256 0.1170188 0.1435711 0.1233526 0.2432388 0.1383874 0.1842788 0.5121207 0.4417834 0.1485173 0.0441333 0.2049340 0.2255641 0.1126164 0.2555498 0.0136712 0.1152166 0.1200317 0.2354395 0.1203665 0.2207334 0.2915026 0.1098599 0.1165182 0.1160678 0.2308871 0.1248460 0.1104710 0.1037019 0.1364688 0.0948799 0.2429011 0.0591457 0.3731801 0.3180655 0.0494592 0.1737092 0.0596705 0.1099157 0.1178880 0.2438453 0.1369676 0.2077454 0.2365225 0.0370317 0.1185825 0.1165804 0.1562420 0.1211780 0.1251457 0.0855612 0.0466579 0.2411625 0.2224358 0.0473084 0.0264006 0.0996245 0.1174615 0.2594747 0.0923901 0.0629348 
Perityle_bisetosa_9                        0.0427152 0.0649513 0.0656253 0.1711874 0.0485414 0.0541181 0.1191823 0.1347163 0.1677545 0.0482862 0.0374140 0.0105120 0.0104612 0.0159657 0.0158320 0.0158787 0.0000000 0.0375779 0.0316797 0.0157683 0.0052270 0.0105051 0.0105051 0.0052063 0.0157683 0.0320039 0.0105051 0.0545549 0.0428202 0.1908958 0.3177502 0.0428778 0.0482862 0.0000010 0.0535975 0.0537903 0.0052268 0.0428781 0.0212507 0.0105051 0.0052243 0.0371325 0.0210386 0.0371325 0.0427792 0.0104964 0.0105051 0.0105051 0.0371325 0.0210835 0.0000010 0.0000010 0.0320039 0.0158320 0.0539181 0.0158236 0.1192015 0.0105051 0.0266601 0.0599527 0.0449427 0.0596821 0.0104629 0.0603185 0.0320039 0.0775265 0.0775265 0.0000010 0.0000010 0.0105051 0.0428202 0.0105051 0.0000010 0.0000010 0.0157683 0.0895018 0.0480094 0.0104780 0.0057028 0.0543529 0.0105051 0.0430837 0.0375981 0.0393694 
Perityle_californica_76_positas            0.2277480 0.1236281 0.2231997 0.3019665 0.1804088 0.0803912 0.2142173 0.1791881 0.3668108 0.0951415 0.0999389 0.1801582 0.1496100 0.1606513 0.0988924 0.1908165 0.0375779 0.0000000 0.1206790 0.1605424 0.1537621 0.1638139 0.1612675 0.1549094 0.1601136 0.1563888 0.1639245 0.0788934 0.0988074 0.1696418 0.4883197 0.3727923 0.0935354 0.1791566 0.1198639 0.1147422 0.1576067 0.1050440 0.1864652 0.1577901 0.1654497 0.1198921 0.1603356 0.1189653 0.1417121 0.1550768 0.1648817 0.1630943 0.1080557 0.1665886 0.1801506 0.1555026 0.1528060 0.1148040 0.1170043 0.1011810 0.3342402 0.2310885 0.1605031 0.1563093 0.0834975 0.0968322 0.1635640 0.0809992 0.1494774 0.0946549 0.0869443 0.0857274 0.1590220 0.1596322 0.0912512 0.1685945 0.1220136 0.1153548 0.0813007 0.1038625 0.1051589 0.1829183 0.0688313 0.1103819 0.1629964 0.0319604 0.0543027 0.0675342 
Perityle_canescens_77                      0.2504912 0.1139605 0.2449857 0.3914450 0.2207839 0.0936416 0.2801527 0.2034231 0.4628997 0.1118180 0.1338189 0.1914942 0.1222321 0.1217039 0.0987888 0.1345622 0.0316797 0.1206790 0.0000000 0.1204692 0.1158543 0.1188687 0.1152389 0.1217971 0.1158855 0.1375161 0.1236040 0.0858653 0.1225204 0.2019193 0.5133979 0.4072207 0.1100999 0.1203765 0.1441931 0.0879845 0.1235051 0.1118342 0.1245680 0.1153715 0.1316465 0.0863228 0.1234104 0.0886127 0.1191086 0.1235889 0.1187092 0.1198689 0.0848755 0.1307705 0.1284045 0.1190180 0.1327366 0.1135307 0.0992363 0.0936146 0.3603250 0.2378892 0.1172488 0.1657087 0.0678715 0.1030817 0.1299445 0.0841496 0.1293700 0.1380773 0.1331617 0.0922706 0.1170157 0.1136966 0.1181656 0.1259458 0.1171426 0.1125962 0.0802400 0.1501661 0.0449426 0.1298844 0.0592671 0.1190471 0.1181779 0.1195461 0.1093706 0.0620730 
Perityle_castillonii_96                    0.2381722 0.0915418 0.2330563 0.3329639 0.2009255 0.0624105 0.2975736 0.1749185 0.4268521 0.1240030 0.1757345 0.1553885 0.0374335 0.0345349 0.0319120 0.0801981 0.0157683 0.1605424 0.1204692 0.0000000 0.0273470 0.0203977 0.0232925 0.0752192 0.0259245 0.0638574 0.0425148 0.1772804 0.1037680 0.1702958 0.4741264 0.4205282 0.1216049 0.0284451 0.1326733 0.1519682 0.0393069 0.1775880 0.0701629 0.0208127 0.0408143 0.1653835 0.0107929 0.1466391 0.1883664 0.0329589 0.0245596 0.0234882 0.1642266 0.0419230 0.0525397 0.0317995 0.0575288 0.0287811 0.1714767 0.0363909 0.3850285 0.2163769 0.0155376 0.1675617 0.0591979 0.1056828 0.0429350 0.1777324 0.0577444 0.1391258 0.1668670 0.0219197 0.0305257 0.0220626 0.1315574 0.0287392 0.0351353 0.0286816 0.0105903 0.1692401 0.1495210 0.0416731 0.0173903 0.0956862 0.0222289 0.1893001 0.0798848 0.0620613 
Perityle_cernua_84                         0.2335751 0.0919204 0.2325015 0.3458608 0.2067444 0.0701270 0.3004844 0.1730742 0.4404721 0.1161158 0.1659482 0.1447895 0.0181941 0.0237345 0.0110135 0.0535719 0.0052270 0.1537621 0.1158543 0.0273470 0.0000000 0.0287828 0.0276867 0.0648100 0.0277407 0.0521514 0.0328551 0.1730979 0.0949187 0.1681663 0.5084702 0.4277282 0.1144826 0.0163024 0.1247501 0.1449333 0.0210222 0.1622596 0.0434344 0.0251349 0.0249311 0.1570658 0.0260154 0.1395082 0.1905634 0.0147417 0.0277050 0.0252292 0.1524528 0.0325209 0.0338702 0.0147278 0.0468463 0.0110709 0.1522855 0.0289579 0.3622973 0.2233334 0.0194952 0.1662121 0.0592288 0.0970540 0.0196991 0.1735490 0.0470252 0.1329648 0.1597826 0.0072276 0.0085862 0.0264233 0.1203106 0.0333680 0.0163655 0.0236104 0.0268140 0.1653144 0.1468672 0.0212877 0.0086959 0.0989934 0.0265265 0.1787940 0.0784228 0.0667321 
Perityle_cfvillosa_25_tin                  0.2451991 0.0886910 0.2202099 0.3671623 0.1947590 0.0714257 0.2826556 0.1790448 0.4354433 0.1284967 0.1621409 0.1545170 0.0392434 0.0555787 0.0290970 0.1224165 0.0105051 0.1638139 0.1188687 0.0203977 0.0287828 0.0000000 0.0125119 0.0539468 0.0102409 0.0560007 0.0435325 0.1625073 0.1087324 0.1755450 0.4859713 0.4342230 0.1219428 0.0247327 0.1364174 0.1397509 0.0359816 0.2119903 0.1224631 0.0102316 0.0421877 0.1504589 0.0229211 0.1455408 0.2360669 0.0347407 0.0067993 0.0033927 0.1453908 0.0371727 0.0783884 0.0311688 0.0494561 0.0294960 0.1764230 0.0368857 0.3694913 0.1647252 0.0106834 0.1725969 0.0636724 0.1030489 0.0454657 0.1628896 0.0496284 0.1411631 0.1595267 0.0219601 0.0820204 0.0113726 0.1338667 0.0126933 0.0353355 0.0320170 0.0133764 0.1707534 0.1691733 0.0362192 0.0239098 0.1032185 0.0033912 0.1692136 0.0748218 0.0623839 
Perityle_coahuilensis_24                   0.2402973 0.0885564 0.2265621 0.3597369 0.2003395 0.0659000 0.2990624 0.1776554 0.4361910 0.1325515 0.1640939 0.1509762 0.0399803 0.0523187 0.0237832 0.1178293 0.0105051 0.1612675 0.1152389 0.0232925 0.0276867 0.0125119 0.0000000 0.0696448 0.0132385 0.0588964 0.0433615 0.1793571 0.1069661 0.1704320 0.4848754 0.4330106 0.1249296 0.0238675 0.1390957 0.1467082 0.0357942 0.2220044 0.1174793 0.0043698 0.0429227 0.1617250 0.0243261 0.1450881 0.2491080 0.0345986 0.0109629 0.0121460 0.1564756 0.0415936 0.0796336 0.0324004 0.0542182 0.0264032 0.1786423 0.0328580 0.3771444 0.1810186 0.0090122 0.1654133 0.0636791 0.0994784 0.0461022 0.1797678 0.0544005 0.1412020 0.1702694 0.0194790 0.0813174 0.0010881 0.1334088 0.0156037 0.0323375 0.0289997 0.0132709 0.1699170 0.1648326 0.0365249 0.0144538 0.0983037 0.0088147 0.1872157 0.0773894 0.0667657 
Perityle_cochisensis_44_cave_creek         0.2407868 0.0915712 0.2257851 0.3566211 0.2048936 0.0758822 0.3075274 0.1795866 0.4302670 0.1249468 0.1579235 0.1459610 0.0417358 0.0910106 0.0253067 0.1582256 0.0052063 0.1549094 0.1217971 0.0752192 0.0648100 0.0539468 0.0696448 0.0000000 0.0735580 0.0962520 0.0784805 0.1876041 0.0953639 0.1849455 0.4935143 0.4227529 0.1180304 0.0722653 0.1324647 0.1541805 0.0737080 0.2301543 0.1604924 0.0673249 0.0692306 0.1648232 0.0722922 0.1445879 0.2573748 0.0652553 0.0732545 0.0689810 0.1577682 0.0678558 0.1143075 0.0572009 0.0900358 0.0233453 0.1714437 0.0344342 0.3874589 0.2190969 0.0698008 0.1733232 0.0545732 0.1017896 0.0747367 0.1880300 0.0903415 0.1345946 0.1749971 0.0096385 0.1200993 0.0684914 0.1263444 0.0791960 0.0231356 0.0202634 0.0212887 0.1658654 0.1667268 0.0872703 0.0231650 0.1057249 0.0701525 0.1951570 0.0758510 0.0664406 
Perityle_congesta_202                      0.2416519 0.0883448 0.2244143 0.3642548 0.1999836 0.0698500 0.3017814 0.1759966 0.4444882 0.1317382 0.1647269 0.1548682 0.0389615 0.0525030 0.0255187 0.1170188 0.0157683 0.1601136 0.1158855 0.0259245 0.0277407 0.0102409 0.0132385 0.0735580 0.0000000 0.0605254 0.0434694 0.1771847 0.1075261 0.1794212 0.4795955 0.4277431 0.1238683 0.0238579 0.1368243 0.1486071 0.0359600 0.2212373 0.1166699 0.0088002 0.0431236 0.1625776 0.0267235 0.1457554 0.2501235 0.0347585 0.0088025 0.0099412 0.1557450 0.0406284 0.0744138 0.0324792 0.0545214 0.0292281 0.1767035 0.0347889 0.3809009 0.1813886 0.0116267 0.1662627 0.0634617 0.0982276 0.0463171 0.1775920 0.0547058 0.1371995 0.1705391 0.0169774 0.0779479 0.0121333 0.1323894 0.0134245 0.0350332 0.0304269 0.0159177 0.1691697 0.1684301 0.0348121 0.0234436 0.1015283 0.0066134 0.1863034 0.0778250 0.0712593 
Perityle_cordifolia_27                     0.1766132 0.1042980 0.1702112 0.3352310 0.1747792 0.0694042 0.2964879 0.1806940 0.4207410 0.1310623 0.1609489 0.1511249 0.0572692 0.0781720 0.0502198 0.1435711 0.0320039 0.1563888 0.1375161 0.0638574 0.0521514 0.0560007 0.0588964 0.0962520 0.0605254 0.0000000 0.0604664 0.1787622 0.1095974 0.1769862 0.5197313 0.3668651 0.1294345 0.0538861 0.1384351 0.1544436 0.0607322 0.2290221 0.1476767 0.0563569 0.0572396 0.1661208 0.0606199 0.1479330 0.2487517 0.0529918 0.0576485 0.0567823 0.1573040 0.0674409 0.1058472 0.0531332 0.0174484 0.0520466 0.1647621 0.0557550 0.3351451 0.2011244 0.0491941 0.1758383 0.0725978 0.1047316 0.0644022 0.1791907 0.0175052 0.1429974 0.1750264 0.0464857 0.1042333 0.0576326 0.1353159 0.0625090 0.0556125 0.0564895 0.0559905 0.1695245 0.1782982 0.0564622 0.0412784 0.1125650 0.0554616 0.1817752 0.0836209 0.0575307 
Perityle_cordifolia_68_tecolote            0.2386436 0.1073654 0.2212223 0.3743137 0.2096867 0.0816000 0.2937972 0.1883231 0.4265445 0.1324355 0.1606856 0.1594395 0.0448280 0.0595211 0.0375081 0.1233526 0.0105051 0.1639245 0.1236040 0.0425148 0.0328551 0.0435325 0.0433615 0.0784805 0.0434694 0.0604664 0.0000000 0.1735918 0.1070338 0.1777488 0.5060764 0.4328465 0.1264458 0.0383479 0.1362157 0.1522042 0.0440631 0.2248303 0.1243513 0.0410571 0.0419709 0.1645423 0.0439342 0.1476774 0.2592621 0.0382090 0.0433883 0.0411789 0.1575020 0.0511173 0.0851608 0.0358776 0.0555275 0.0359041 0.1671025 0.0089075 0.3786994 0.2145364 0.0346595 0.1711846 0.0677951 0.1075115 0.0509569 0.1739891 0.0557143 0.1386265 0.1669695 0.0368960 0.0854229 0.0422132 0.1317935 0.0487907 0.0385854 0.0416980 0.0358839 0.1655682 0.1635253 0.0388056 0.0240431 0.1038118 0.0411789 0.1840734 0.0876355 0.0640905 
Perityle_coronopifolia_28_patagonia        0.1695939 0.1192169 0.1862079 0.3287758 0.2285062 0.0822612 0.2930380 0.1823554 0.4503327 0.1140099 0.1333604 0.2162125 0.1424930 0.1931160 0.1042892 0.2432388 0.0545549 0.0788934 0.0858653 0.1772804 0.1730979 0.1625073 0.1793571 0.1876041 0.1771847 0.1787622 0.1735918 0.0000000 0.1098864 0.1902113 0.4451369 0.3534799 0.0975488 0.2072573 0.1415858 0.1036913 0.1753219 0.1983371 0.2536002 0.1780488 0.1846496 0.1049277 0.1733963 0.1001720 0.2164081 0.1721603 0.1763332 0.1796494 0.1058518 0.1823119 0.2336990 0.1679829 0.1608102 0.1158850 0.0602141 0.0872057 0.3540279 0.2977780 0.1834057 0.1128725 0.0966707 0.0455215 0.1830400 0.0050474 0.1579932 0.1241788 0.1429345 0.0956538 0.2290625 0.1778830 0.1027113 0.1796331 0.1156952 0.1123189 0.0863708 0.1411280 0.0993752 0.2189423 0.0719592 0.0385649 0.1795682 0.1186677 0.0883278 0.0129379 
Perityle_crassifolia_70_ventanas           0.2008031 0.1307413 0.2011329 0.3379862 0.1675212 0.0657251 0.2044797 0.1860360 0.3541649 0.0294734 0.1151008 0.1441300 0.1005207 0.0964293 0.1042425 0.1383874 0.0428202 0.0988074 0.1225204 0.1037680 0.0949187 0.1087324 0.1069661 0.0953639 0.1075261 0.1095974 0.1070338 0.1098864 0.0000000 0.1175279 0.5388776 0.3378575 0.0270794 0.1019912 0.0186260 0.1283209 0.1086276 0.1270838 0.1319365 0.1036847 0.1061991 0.1257688 0.1034512 0.1227709 0.1216339 0.0986692 0.1087534 0.1064781 0.1188841 0.1158809 0.1447165 0.0925983 0.1075275 0.1038462 0.1451140 0.0964660 0.3171309 0.1880220 0.0995457 0.1385343 0.1146666 0.1337853 0.1034673 0.1102053 0.1075275 0.1155165 0.1083095 0.0896992 0.1025015 0.1053905 0.0116505 0.1123544 0.0941703 0.1026222 0.0748864 0.1187876 0.1177707 0.1001430 0.0594970 0.1064937 0.1064154 0.1024449 0.0996386 0.0668549 
Perityle_crassifolia_74_playa_balandra     0.1946895 0.2782265 0.1884934 0.3281983 0.1867929 0.1704951 0.2035964 0.2708617 0.3316773 0.1208241 0.1823363 0.1954767 0.1740666 0.1733002 0.1786427 0.1842788 0.1908958 0.1696418 0.2019193 0.1702958 0.1681663 0.1755450 0.1704320 0.1849455 0.1794212 0.1769862 0.1777488 0.1902113 0.1175279 0.0000000 0.6549513 0.2259569 0.1208241 0.1777916 0.1128171 0.2036899 0.1809787 0.2003837 0.1804829 0.1704320 0.1860492 0.1868149 0.1737176 0.1831310 0.2054961 0.1780157 0.1741617 0.1776469 0.1866125 0.2058846 0.1815878 0.1752558 0.1851133 0.1817628 0.1894537 0.1712383 0.2141703 0.1891689 0.1820186 0.2100170 0.2546576 0.2099405 0.1730937 0.1876360 0.1851133 0.2157925 0.2031198 0.1982419 0.1778946 0.1704320 0.1086649 0.1785563 0.1678836 0.1699022 0.1724975 0.2219992 0.2090232 0.2083096 0.1290026 0.1882484 0.1737296 0.1867738 0.1800715 0.1743732 
Perityle_cuneata_34_cuneata_San_antonio    0.5442916 0.4432929 0.5085027 0.6068818 0.5311340 0.4576893 0.5296922 0.5671295 0.6032234 0.5528363 0.5099386 0.5026297 0.5075049 0.5013995 0.4825791 0.5121207 0.3177502 0.4883197 0.5133979 0.4741264 0.5084702 0.4859713 0.4848754 0.4935143 0.4795955 0.5197313 0.5060764 0.4451369 0.5388776 0.6549513 0.0000000 0.4559586 0.5528363 0.4977277 0.5477831 0.5332935 0.5065850 0.4994417 0.4972992 0.4848754 0.5086130 0.5132159 0.4778154 0.5225033 0.5201309 0.4954411 0.4849864 0.4855901 0.5177113 0.5293117 0.4899221 0.5123134 0.4991629 0.4814968 0.5108369 0.5117846 0.6214294 0.5025052 0.4758727 0.4823831 0.3637581 0.4650727 0.5001776 0.4543334 0.4991629 0.5405569 0.5365990 0.4286991 0.5072863 0.4848754 0.5435069 0.4835849 0.5085014 0.4897499 0.4594175 0.5455475 0.5047769 0.4493770 0.4258552 0.4767058 0.4855901 0.5108665 0.4989265 0.3368089 
Perityle_cuneata_4                         0.3500484 0.2693735 0.3766775 0.6379986 0.4577252 0.0901495 0.5004048 0.3492905 0.5645334 0.3803986 0.3736243 0.4163365 0.4201407 0.4389360 0.3266802 0.4417834 0.0428778 0.3727923 0.4072207 0.4205282 0.4277282 0.4342230 0.4330106 0.4227529 0.4277431 0.3668651 0.4328465 0.3534799 0.3378575 0.2259569 0.4559586 0.0000000 0.3765596 0.4275929 0.3940742 0.4192978 0.4301968 0.3706407 0.4355535 0.4291276 0.4264722 0.4344012 0.4243724 0.4295293 0.3049626 0.4233569 0.4288795 0.4256071 0.4273408 0.4312231 0.4213324 0.4168735 0.3636422 0.3854121 0.4145837 0.2485813 0.6534743 0.4680486 0.4375762 0.4136677 0.1206587 0.3275377 0.4377673 0.3578966 0.3546823 0.3781738 0.3970282 0.2905757 0.4246809 0.4330106 0.4036793 0.4310578 0.4101490 0.3815342 0.1621532 0.4152750 0.4201712 0.4325630 0.0510977 0.2084007 0.4256071 0.3766327 0.2073883 0.0491919 
Perityle_discoidea_81                      0.2230888 0.1205821 0.2222242 0.3752705 0.1961432 0.0736095 0.2479445 0.1874612 0.4165761 0.0013267 0.1120916 0.1820964 0.1232582 0.1148202 0.0955602 0.1485173 0.0482862 0.0935354 0.1100999 0.1216049 0.1144826 0.1219428 0.1249296 0.1180304 0.1238683 0.1294345 0.1264458 0.0975488 0.0270794 0.1208241 0.5528363 0.3765596 0.0000000 0.1275852 0.0504127 0.1232822 0.1247385 0.1179358 0.1425321 0.1217885 0.1306604 0.1247686 0.1213093 0.1219789 0.1416490 0.1198582 0.1250663 0.1230340 0.1135658 0.1298492 0.1424674 0.1155265 0.1265542 0.1100344 0.1208637 0.0970170 0.3266236 0.2331413 0.1200218 0.1907052 0.1141556 0.1232145 0.1243401 0.0996787 0.1233743 0.1158909 0.1026123 0.0896577 0.1170750 0.1234319 0.0257352 0.1285279 0.1069048 0.1057267 0.0784668 0.1236129 0.1063742 0.1261687 0.0664684 0.1097693 0.1229656 0.0958413 0.0862762 0.0718503 
Perityle_dissecta_201                      0.2777536 0.0979977 0.2780434 0.4089875 0.2393209 0.0742870 0.3458159 0.1806268 0.4420898 0.1296362 0.1940942 0.1928627 0.0286305 0.0286742 0.0184178 0.0441333 0.0000010 0.1791566 0.1203765 0.0284451 0.0163024 0.0247327 0.0238675 0.0722653 0.0238579 0.0538861 0.0383479 0.2072573 0.1019912 0.1777916 0.4977277 0.4275929 0.1275852 0.0000000 0.1388139 0.1644154 0.0238504 0.1878338 0.0321697 0.0223443 0.0300546 0.1739765 0.0268383 0.1519761 0.2261063 0.0223666 0.0238594 0.0208161 0.1701696 0.0330400 0.0346767 0.0223240 0.0493248 0.0153448 0.1682832 0.0459721 0.4244942 0.2560620 0.0238913 0.1751260 0.0591122 0.1029610 0.0314032 0.2055574 0.0495599 0.1507731 0.1887804 0.0120613 0.0148084 0.0238675 0.1344769 0.0273782 0.0269586 0.0220669 0.0267810 0.1947057 0.1667663 0.0247319 0.0173732 0.1071771 0.0208351 0.1998883 0.0838152 0.0620303 
Perityle_emoryi_47_punta_san_jose          0.2208351 0.1365955 0.2154055 0.3853270 0.1909912 0.0725019 0.2470350 0.1882740 0.4059030 0.0496527 0.1343946 0.1847919 0.1361997 0.1517009 0.1119780 0.2049340 0.0535975 0.1198639 0.1441931 0.1326733 0.1247501 0.1364174 0.1390957 0.1324647 0.1368243 0.1384351 0.1362157 0.1415858 0.0186260 0.1128171 0.5477831 0.3940742 0.0504127 0.1388139 0.0000000 0.1346576 0.1373553 0.2014827 0.2081877 0.1363056 0.1399199 0.1428394 0.1325013 0.1390133 0.2051801 0.1285502 0.1360950 0.1343101 0.1308563 0.1482737 0.1815626 0.1259788 0.1341253 0.1290169 0.1581473 0.1024238 0.3650591 0.2195756 0.1310931 0.1861523 0.1091652 0.1410100 0.1357000 0.1419359 0.1311722 0.1373073 0.1403800 0.0946976 0.1862362 0.1377168 0.0320241 0.1412095 0.1243292 0.1268569 0.0804807 0.1447389 0.1558266 0.1347143 0.0720173 0.1211363 0.1342420 0.1306812 0.1015813 0.0713542 
Perityle_feddemae_99                       0.2487373 0.1239479 0.2352198 0.3817671 0.2209135 0.0864338 0.2975404 0.2156742 0.4384482 0.1241138 0.1347720 0.1754301 0.1241249 0.1645598 0.0935847 0.2255641 0.0537903 0.1147422 0.0879845 0.1519682 0.1449333 0.1397509 0.1467082 0.1541805 0.1486071 0.1544436 0.1522042 0.1036913 0.1283209 0.2036899 0.5332935 0.4192978 0.1232822 0.1644154 0.1346576 0.0000000 0.1453710 0.1768833 0.2295820 0.1425909 0.1502841 0.0321611 0.1460729 0.0311723 0.1768089 0.1357309 0.1480305 0.1492951 0.0322541 0.1550893 0.1998667 0.1414626 0.1504707 0.1054619 0.1193151 0.0784269 0.3920366 0.2543406 0.1500481 0.1662556 0.0548129 0.0996973 0.1516563 0.1039181 0.1478946 0.1273101 0.1393039 0.0784836 0.2003990 0.1454373 0.1273385 0.1559285 0.1055277 0.1014988 0.0695341 0.1378689 0.1057145 0.1688438 0.0662307 0.1203350 0.1492364 0.1304411 0.0984297 0.0819628 
Perityle_fosteri_93                        0.2295536 0.0952546 0.2171248 0.3553306 0.2113993 0.0694209 0.3006700 0.1746153 0.4391129 0.1308802 0.1583465 0.1391824 0.0323621 0.0482244 0.0220851 0.1126164 0.0052268 0.1576067 0.1235051 0.0393069 0.0210222 0.0359816 0.0357942 0.0737080 0.0359600 0.0607322 0.0440631 0.1753219 0.1086276 0.1809787 0.5065850 0.4301968 0.1247385 0.0238504 0.1373553 0.1453710 0.0000000 0.2103191 0.1122857 0.0335393 0.0355864 0.1573397 0.0376346 0.1436196 0.2336398 0.0274760 0.0358160 0.0325867 0.1534380 0.0377218 0.0814832 0.0253042 0.0549394 0.0219997 0.1687836 0.0345203 0.3691728 0.1995364 0.0301143 0.1751550 0.0592223 0.1016468 0.0387498 0.1757172 0.0551223 0.1379803 0.1655250 0.0120888 0.0742174 0.0346699 0.1315634 0.0409799 0.0281307 0.0314470 0.0268129 0.1652023 0.1631003 0.0314180 0.0143995 0.1032573 0.0337510 0.1837874 0.0858520 0.0667236 
Perityle_gamon_221                         0.2261473 0.1232864 0.2806451 0.3975122 0.2387454 0.0865886 0.3512733 0.1946577 0.4894765 0.1805315 0.1766710 0.2525495 0.1993119 0.2119167 0.0899099 0.2555498 0.0428781 0.1050440 0.1118342 0.1775880 0.1622596 0.2119903 0.2220044 0.2301543 0.2212373 0.2290221 0.2248303 0.1983371 0.1270838 0.2003837 0.4994417 0.3706407 0.1179358 0.1878338 0.2014827 0.1768833 0.2103191 0.0000000 0.2577007 0.2190825 0.2242164 0.1773803 0.2235226 0.1520387 0.0697505 0.2100160 0.2218311 0.2173436 0.1748272 0.2188831 0.2229169 0.2074709 0.2321042 0.1274910 0.1982995 0.0824342 0.4003818 0.3264832 0.1743876 0.2209270 0.0729115 0.1369843 0.2204804 0.2023481 0.2293997 0.1618440 0.1889315 0.0919438 0.2200014 0.2205964 0.1303457 0.2226993 0.1638258 0.1161137 0.0676316 0.1884860 0.1729506 0.2070830 0.0492527 0.1305165 0.2190484 0.1751165 0.1015238 0.0858671 
Perityle_gentryi_8_san_francisco           0.2633127 0.0981443 0.3153093 0.4095416 0.2481999 0.0834454 0.3760155 0.1776757 0.5166392 0.1987998 0.2500054 0.2544638 0.1225400 0.1155385 0.0342265 0.0136712 0.0212507 0.1864652 0.1245680 0.0701629 0.0434344 0.1224631 0.1174793 0.1604924 0.1166699 0.1476767 0.1243513 0.2536002 0.1319365 0.1804829 0.4972992 0.4355535 0.1425321 0.0321697 0.2081877 0.2295820 0.1122857 0.2577007 0.0000000 0.1148745 0.1196761 0.2394479 0.1187170 0.2185194 0.3016512 0.1095378 0.1161722 0.1157207 0.2351367 0.1246025 0.1029462 0.1059464 0.1436945 0.0844768 0.2455984 0.0466218 0.3737506 0.3208321 0.0388282 0.1711329 0.0639080 0.1025188 0.1175413 0.2542285 0.1442205 0.2040189 0.2401959 0.0225150 0.1181074 0.1162341 0.1504356 0.1208122 0.1193009 0.0746177 0.0381373 0.2442758 0.2307028 0.0355839 0.0264210 0.0993542 0.1171100 0.2656541 0.0820001 0.0723654 
Perityle_gilensis_22_Superstition          0.2364566 0.0853641 0.2216719 0.3577131 0.1970620 0.0624105 0.2973872 0.1749185 0.4346710 0.1298446 0.1614910 0.1482102 0.0376075 0.0487901 0.0205761 0.1152166 0.0105051 0.1577901 0.1153715 0.0208127 0.0251349 0.0102316 0.0043698 0.0673249 0.0088002 0.0563569 0.0410571 0.1780488 0.1036847 0.1704320 0.4848754 0.4291276 0.1217885 0.0223443 0.1363056 0.1425909 0.0335393 0.2190825 0.1148745 0.0000000 0.0406418 0.1591409 0.0221031 0.1423145 0.2456767 0.0323493 0.0087658 0.0099325 0.1538998 0.0393244 0.0744082 0.0301499 0.0516049 0.0237282 0.1758213 0.0291484 0.3727403 0.1783593 0.0064282 0.1632339 0.0591979 0.0959252 0.0438301 0.1784568 0.0517784 0.1382170 0.1689935 0.0170049 0.0764328 0.0032768 0.1302955 0.0133676 0.0298092 0.0261978 0.0105903 0.1671531 0.1665100 0.0348099 0.0144538 0.0956862 0.0066075 0.1842753 0.0734608 0.0667657 
Perityle_gilensis_salensis_225             0.2467459 0.0952726 0.2251457 0.3728863 0.2073679 0.0834430 0.2966444 0.1887934 0.4442911 0.1347702 0.1619366 0.1512803 0.0289357 0.0531004 0.0320287 0.1200317 0.0052243 0.1654497 0.1316465 0.0408143 0.0249311 0.0421877 0.0429227 0.0692306 0.0431236 0.0572396 0.0419709 0.1846496 0.1061991 0.1860492 0.5086130 0.4264722 0.1306604 0.0300546 0.1399199 0.1502841 0.0355864 0.2242164 0.1196761 0.0406418 0.0000000 0.1622171 0.0412444 0.1456517 0.2582325 0.0298595 0.0429490 0.0409185 0.1552963 0.0413862 0.0806343 0.0288047 0.0526527 0.0315808 0.1775906 0.0424167 0.3775823 0.2144149 0.0330630 0.1786140 0.0593618 0.1085692 0.0411838 0.1850718 0.0528289 0.1419203 0.1747162 0.0170246 0.0784565 0.0417862 0.1358708 0.0482883 0.0257745 0.0372908 0.0407417 0.1704314 0.1697255 0.0280781 0.0323891 0.1116720 0.0397438 0.1890137 0.0867314 0.0763586 
Perityle_glaucescens_94                    0.2505428 0.1278299 0.2385657 0.3852809 0.2258224 0.0837466 0.3106759 0.2159318 0.4502920 0.1267478 0.1426318 0.1885308 0.1335324 0.1797635 0.0945363 0.2354395 0.0371325 0.1198921 0.0863228 0.1653835 0.1570658 0.1504589 0.1617250 0.1648232 0.1625776 0.1661208 0.1645423 0.1049277 0.1257688 0.1868149 0.5132159 0.4344012 0.1247686 0.1739765 0.1428394 0.0321611 0.1573397 0.1773803 0.2394479 0.1591409 0.1622171 0.0000000 0.1593892 0.0093375 0.1861313 0.1503868 0.1617100 0.1603026 0.0283989 0.1656600 0.2136174 0.1534223 0.1651889 0.1092154 0.1289967 0.0823955 0.3915449 0.2758218 0.1631896 0.1901538 0.0593552 0.1079766 0.1678993 0.1051539 0.1626457 0.1355931 0.1449428 0.0814630 0.2145470 0.1604504 0.1287566 0.1684907 0.1089185 0.1053587 0.0737976 0.1417666 0.1097398 0.1808823 0.0574605 0.1302093 0.1616648 0.1331210 0.1055451 0.0685997 
Perityle_gracilis_11                       0.2364387 0.0913279 0.2195654 0.3601136 0.1971620 0.0622506 0.2999164 0.1821045 0.4318967 0.1276894 0.1630568 0.1458251 0.0382756 0.0539820 0.0301969 0.1203665 0.0210386 0.1603356 0.1234104 0.0107929 0.0260154 0.0229211 0.0243261 0.0722922 0.0267235 0.0606199 0.0439342 0.1733963 0.1034512 0.1737176 0.4778154 0.4243724 0.1213093 0.0268383 0.1325013 0.1460729 0.0376346 0.2235226 0.1187170 0.0221031 0.0412444 0.1593892 0.0000000 0.1457045 0.2427416 0.0341749 0.0243409 0.0233749 0.1542203 0.0411087 0.0721055 0.0320032 0.0534858 0.0300230 0.1728843 0.0363398 0.3837602 0.1927880 0.0141926 0.1629287 0.0590031 0.1035666 0.0443573 0.1737861 0.0536633 0.1419093 0.1676894 0.0243182 0.0826893 0.0232165 0.1312405 0.0292506 0.0356781 0.0299469 0.0105690 0.1687250 0.1639132 0.0398245 0.0202972 0.0955047 0.0222410 0.1859100 0.0797678 0.0665336 
Perityle_harkerae_31                       0.2460060 0.1272893 0.2304801 0.3822733 0.2164225 0.0792088 0.2938479 0.2123909 0.4419289 0.1214972 0.1398565 0.1913418 0.1353503 0.1538167 0.0970323 0.2207334 0.0371325 0.1189653 0.0886127 0.1466391 0.1395082 0.1455408 0.1450881 0.1445879 0.1457554 0.1479330 0.1476774 0.1001720 0.1227709 0.1831310 0.5225033 0.4295293 0.1219789 0.1519761 0.1390133 0.0311723 0.1436196 0.1520387 0.2185194 0.1423145 0.1456517 0.0093375 0.1457045 0.0000000 0.1573912 0.1377993 0.1466030 0.1434842 0.0284619 0.1508033 0.1890980 0.1394991 0.1485744 0.1096214 0.1268077 0.0842018 0.3711811 0.2499754 0.1430178 0.1899305 0.0591057 0.1086011 0.1515757 0.1003986 0.1459026 0.1349853 0.1310800 0.0811772 0.1870601 0.1437761 0.1259639 0.1532364 0.1081480 0.1058581 0.0723619 0.1436791 0.0993516 0.1561010 0.0596114 0.1307948 0.1434150 0.1238266 0.1083152 0.0721738 
Perityle_hofmeisteria_4_nombre_de_dios     0.2066366 0.1276437 0.2736080 0.3120891 0.1978457 0.0826610 0.2901744 0.2042168 0.4012787 0.2064055 0.2052247 0.2109585 0.2240833 0.2459901 0.0965499 0.2915026 0.0427792 0.1417121 0.1191086 0.1883664 0.1905634 0.2360669 0.2491080 0.2573748 0.2501235 0.2487517 0.2592621 0.2164081 0.1216339 0.2054961 0.5201309 0.3049626 0.1416490 0.2261063 0.2051801 0.1768089 0.2336398 0.0697505 0.3016512 0.2456767 0.2582325 0.1861313 0.2427416 0.1573912 0.0000000 0.2378881 0.2488788 0.2496133 0.1763749 0.2498647 0.2486127 0.2349187 0.2529577 0.1441703 0.2136476 0.1024851 0.3610733 0.2816425 0.1988379 0.2092592 0.0679493 0.1377148 0.2443154 0.2169825 0.2499465 0.1836842 0.2096091 0.0841640 0.2564952 0.2474626 0.1442132 0.2548774 0.1802575 0.1247754 0.0642636 0.2095673 0.1810133 0.2447605 0.0568510 0.1253655 0.2494901 0.2132930 0.1089033 0.0761736 
