83
Amauria_brandeegeana_62                    0.0000000 0.0567637 0.0126358 0.2605638 0.0840828 0.1787247 0.2147518 0.3695835 0.0813001 0.0855775 0.0817402 0.2131951 0.2470913 0.0554716 0.0995043 0.2444225 0.0752167 0.2831078 0.2113211 0.2173410 0.0548662 0.2491205 0.2077498 0.2166677 0.2229429 0.0887104 0.0774739 0.2388487 0.0836230 0.0924176 0.0794671 0.2052609 0.0788568 0.0990747 0.2075059 0.0871665 0.0989994 0.2539613 0.2514127 0.0917652 0.2112652 0.0965344 0.0885701 0.2124585 0.2149451 0.2108420 0.0639082 0.2534615 0.2472351 0.2515850 0.0604687 0.2107731 0.0759147 0.1530629 0.0838664 0.2113484 0.2092708 0.0992081 0.3636784 0.1279878 0.1122879 0.0522356 0.0913082 0.0797103 0.0913485 0.0835708 0.0633698 0.2114422 0.2511290 0.0803280 0.2092708 0.2129023 0.2058635 0.1048616 0.0843588 0.2002845 0.2094079 0.0510383 0.1161975 0.2151236 0.0788568 0.0805047 0.0743788 
Amauria_carterae_99_mesa                   0.0567637 0.0000000 0.0516435 0.2682222 0.0616818 0.1128857 0.0928269 0.2328785 0.0781052 0.0793126 0.0573482 0.0531055 0.0696540 0.0451641 0.0838012 0.1236151 0.0603257 0.1201114 0.0589218 0.0674444 0.0477812 0.0736797 0.0588701 0.0651073 0.0687543 0.0817135 0.0642466 0.2321213 0.0715590 0.0756599 0.0779919 0.0549587 0.0664549 0.0672529 0.0589988 0.0631362 0.0897661 0.0802247 0.0737810 0.0572712 0.0588701 0.0632250 0.0572676 0.0529920 0.0649343 0.0608654 0.0528199 0.0779158 0.0716956 0.0739302 0.0568027 0.0588275 0.0568692 0.0649882 0.0549638 0.0569330 0.0569330 0.0857999 0.2218436 0.0772738 0.0631398 0.0388574 0.0816219 0.0690496 0.0644030 0.0659958 0.0519211 0.0589217 0.0757270 0.0685000 0.0588701 0.0608574 0.0531172 0.0805258 0.0637010 0.0542786 0.0589857 0.0404900 0.0960973 0.0648711 0.0664549 0.0574654 0.0556760 
Amauria_rotundifolia_SRR9119150            0.0126358 0.0516435 0.0000000 0.3934181 0.0975818 0.2092492 0.2141994 0.4142555 0.1084293 0.0920739 0.0990770 0.2027622 0.2476646 0.0696728 0.1377673 0.4303181 0.2063480 0.2305669 0.1999280 0.3554177 0.0515197 0.2480270 0.2031923 0.2078846 0.3799758 0.1344566 0.0737835 0.2236382 0.2326446 0.1003507 0.0883983 0.1944945 0.0904088 0.1275490 0.1934336 0.0991210 0.1362493 0.2514339 0.2490992 0.1200721 0.2241757 0.1197532 0.1087086 0.2026191 0.2063891 0.2017696 0.0683390 0.2573830 0.2444109 0.2485413 0.0688092 0.2058972 0.0859524 0.1447688 0.0787746 0.1827961 0.2006715 0.1221179 0.3552494 0.1335939 0.1091228 0.0495147 0.1405519 0.0763258 0.1062380 0.1012391 0.0606623 0.1985815 0.2493129 0.0979614 0.2029573 0.2030384 0.1897814 0.1000530 0.1004937 0.2211827 0.1975845 0.0483851 0.1145764 0.2067259 0.1009118 0.1611623 0.0821906 
Conoclinium_coelestinum_SRR9119114         0.2605638 0.2682222 0.3934181 0.0000000 0.3995131 0.2497046 0.2601562 0.5118683 0.4083468 0.3938418 0.3994820 0.4110552 0.3883553 0.2739236 0.4005892 0.4696710 0.4456532 0.4012690 0.3971116 0.4139563 0.2417276 0.3883171 0.4052891 0.4012885 0.4507104 0.3970833 0.3023371 0.4289540 0.4688969 0.3852264 0.4053314 0.4014240 0.3701814 0.4054090 0.3928970 0.4076896 0.4116398 0.3895007 0.3864447 0.3941541 0.3877805 0.3944856 0.4067212 0.4024444 0.3979970 0.4045483 0.1673156 0.3917336 0.3883373 0.3862691 0.3921967 0.4015023 0.3836295 0.3460036 0.2903429 0.4074903 0.4048810 0.3982038 0.4331068 0.4121973 0.2863456 0.1454448 0.3744587 0.4021685 0.3951528 0.3918166 0.3218445 0.4030445 0.3882263 0.3770361 0.4095764 0.4069896 0.3946667 0.3364748 0.4003692 0.3459158 0.4021575 0.1572137 0.2511203 0.4077134 0.3745773 0.3726333 0.3467360 
Eutetras_palmeri_63                        0.0840828 0.0616818 0.0975818 0.3995131 0.0000000 0.1976672 0.1906846 0.4420601 0.1239089 0.1218502 0.0924039 0.1968072 0.2320027 0.0814602 0.1283618 0.4138492 0.2227962 0.2431815 0.2064360 0.3325712 0.0529763 0.2319751 0.2075958 0.2064472 0.3445615 0.1291425 0.0772467 0.2354277 0.2480321 0.0938539 0.1112082 0.1982937 0.0918660 0.1115503 0.1899399 0.0990562 0.1296973 0.2378981 0.2355922 0.0975232 0.2258401 0.0991286 0.1039545 0.2030320 0.2123773 0.2073388 0.0584174 0.2357281 0.2304387 0.2337065 0.0804884 0.2036921 0.1056295 0.1390479 0.0893100 0.1885019 0.2060514 0.1215441 0.3442584 0.1321176 0.1037623 0.0416358 0.1346477 0.0957211 0.0897775 0.0965136 0.0747053 0.2049324 0.2344719 0.0962457 0.2073388 0.2073584 0.1920816 0.1091636 0.0902426 0.2180004 0.1999959 0.0406956 0.1039738 0.2125071 0.0944506 0.1613732 0.0871560 
Eutrochium_fistulosum_SRR9119106           0.1787247 0.1128857 0.2092492 0.2497046 0.1976672 0.0000000 0.1208102 0.3305522 0.2360729 0.2199671 0.2013637 0.1611111 0.1432513 0.1213775 0.2091352 0.2508795 0.2075319 0.2487829 0.1664090 0.2037590 0.1102878 0.1476813 0.1732959 0.1685569 0.2431076 0.2026516 0.1709634 0.2815856 0.2422021 0.1783894 0.2231736 0.1679917 0.2100331 0.2399188 0.1556587 0.2054888 0.2171759 0.1481643 0.1448307 0.2264025 0.1648668 0.2230032 0.2091106 0.1677960 0.1698522 0.1731161 0.1061141 0.1496208 0.1427783 0.1498811 0.1409540 0.1623781 0.1816438 0.1642040 0.1524670 0.1732424 0.1697297 0.2099387 0.3026159 0.2134550 0.1491410 0.0865722 0.1945696 0.1584656 0.2055846 0.2030440 0.1394039 0.1652270 0.1477955 0.2213861 0.1713572 0.1714289 0.1599743 0.1645496 0.2043963 0.1486372 0.1653254 0.0820003 0.1760180 0.1802382 0.2176148 0.2138320 0.1612868 
Galeana_pratensis_104_mex                  0.2147518 0.0928269 0.2141994 0.2601562 0.1906846 0.1208102 0.0000000 0.3590177 0.2238925 0.2084031 0.2053736 0.1108906 0.1251971 0.0985758 0.2092012 0.1396795 0.2193607 0.2451120 0.1092275 0.1122219 0.0970518 0.1269884 0.1125746 0.1141346 0.1204868 0.2063619 0.1634465 0.2861211 0.2246304 0.1997571 0.2230847 0.1089758 0.2142571 0.2306184 0.1056113 0.2132450 0.2119277 0.1309604 0.1287339 0.2139325 0.1125227 0.2121894 0.2133897 0.1072134 0.1125587 0.1124463 0.1264649 0.1324745 0.1306584 0.1307632 0.1082905 0.1071066 0.2064107 0.1157974 0.1042277 0.1125696 0.1107231 0.2001931 0.3768677 0.2156292 0.1090231 0.0908924 0.1777683 0.1028021 0.2016736 0.2012623 0.1069309 0.1091192 0.1269884 0.2146636 0.1107231 0.1107326 0.1023014 0.1249216 0.1957226 0.0977776 0.1056851 0.0889690 0.2325986 0.1195063 0.2142571 0.1966671 0.1501632 
Helianthus_annuus_SRR9119062               0.3695835 0.2328785 0.4142555 0.5118683 0.4420601 0.3305522 0.3590177 0.0000000 0.4475520 0.4270483 0.4202709 0.4446837 0.4654625 0.2316530 0.4661619 0.6078023 0.5458911 0.5215065 0.4604445 0.5454290 0.2254227 0.4672880 0.4528826 0.4496553 0.4856750 0.4383196 0.2736602 0.4088081 0.5351205 0.4099535 0.4456824 0.4557518 0.4101051 0.4290066 0.4460623 0.4210589 0.4555384 0.4687494 0.4697768 0.4256100 0.4358705 0.4220293 0.4167139 0.4471262 0.4561175 0.4527061 0.2468005 0.4743921 0.4675982 0.4639868 0.3165671 0.4474509 0.4121608 0.3225831 0.2749607 0.4454394 0.4529172 0.4311117 0.5463468 0.4488634 0.2909361 0.1873343 0.4241980 0.3205107 0.4383840 0.4291173 0.2502975 0.4458920 0.4671052 0.4137588 0.4567495 0.4549640 0.4418841 0.2834433 0.4239202 0.4405503 0.4534994 0.1796303 0.4140205 0.4499748 0.4101051 0.4653944 0.2965623 
Lycapsus_tenuifolius_17                    0.0813001 0.0781052 0.1084293 0.4083468 0.1239089 0.2360729 0.2238925 0.4475520 0.0000000 0.1159211 0.1279508 0.2528199 0.2646206 0.0993204 0.1471260 0.4694363 0.2270825 0.2655932 0.2498930 0.4054302 0.0722948 0.2635889 0.2533207 0.2592562 0.4400216 0.1480540 0.0917349 0.2474500 0.2502136 0.1294890 0.0051863 0.2462015 0.1043243 0.1575257 0.2423385 0.1347538 0.1521883 0.2642889 0.2648631 0.1474045 0.2619800 0.1498397 0.1435922 0.2526179 0.2581886 0.2529506 0.0820681 0.2735787 0.2611989 0.2641362 0.1147170 0.2568620 0.1181480 0.1834179 0.1010583 0.2351033 0.2517715 0.1192781 0.3714677 0.1598734 0.1321180 0.0700210 0.1594875 0.1064767 0.1259602 0.1290975 0.0874328 0.2532468 0.2649223 0.1204047 0.2542479 0.2506785 0.2408851 0.1210702 0.1269374 0.2559704 0.2497941 0.0684067 0.1114487 0.2583523 0.1183600 0.1712646 0.1007999 
Pericome_caudata_50_silver                 0.0855775 0.0793126 0.0920739 0.3938418 0.1218502 0.2199671 0.2084031 0.4270483 0.1159211 0.0000000 0.1221776 0.2261968 0.2320997 0.0962910 0.1392135 0.3874859 0.1999052 0.2756583 0.2265632 0.3429209 0.0723710 0.2306429 0.2275993 0.2293784 0.3051134 0.1281249 0.1020840 0.2508973 0.2124789 0.1249209 0.1125617 0.2212045 0.1058318 0.1377017 0.2247728 0.1198606 0.1357122 0.2344663 0.2323708 0.1297369 0.2315268 0.1298544 0.1333436 0.2269967 0.2317685 0.2272644 0.0676445 0.2353693 0.2306346 0.2323748 0.1009406 0.2271108 0.1172244 0.1678076 0.0925470 0.2242777 0.2259125 0.1344813 0.3905321 0.1488024 0.1173173 0.0568659 0.1375792 0.1129258 0.1318837 0.1257171 0.0884423 0.2247690 0.2320103 0.1094709 0.2274024 0.2274273 0.2189569 0.1361229 0.1209277 0.2272104 0.2232896 0.0555701 0.1341411 0.2319186 0.1058318 0.1907286 0.1193636 
Perityle_aglossa_84_dead_horse             0.0817402 0.0573482 0.0990770 0.3994820 0.0924039 0.2013637 0.2053736 0.4202709 0.1279508 0.1221776 0.0000000 0.1865151 0.2511562 0.0017417 0.1316041 0.4319362 0.2363092 0.2410001 0.1901785 0.3288694 0.0681229 0.2477391 0.1923823 0.2016724 0.3582103 0.1403396 0.0768553 0.2195995 0.2633784 0.1056412 0.1096284 0.1858495 0.0996788 0.1175209 0.1829879 0.0899438 0.1376836 0.2549866 0.2526169 0.1099627 0.2152051 0.1095636 0.0986874 0.1894936 0.1958106 0.1897740 0.0630993 0.2595734 0.2478410 0.2520424 0.0851168 0.1945618 0.0954761 0.1580937 0.0925356 0.1774253 0.1898321 0.1178090 0.3438376 0.1220672 0.1228532 0.0023875 0.1469755 0.0899373 0.0995747 0.0939172 0.0731407 0.1922312 0.2515878 0.1082263 0.1921551 0.1898519 0.1821491 0.1150918 0.0972914 0.2080445 0.1913468 0.0023350 0.0981289 0.1959228 0.1109402 0.1068396 0.0616075 
Perityle_ajoensis_204                      0.2131951 0.0531055 0.2027622 0.4110552 0.1968072 0.1611111 0.1108906 0.4446837 0.2528199 0.2261968 0.1865151 0.0000000 0.1398116 0.0791281 0.2525787 0.2045847 0.3792896 0.2194504 0.0231627 0.1605317 0.0099161 0.1409189 0.0278433 0.0250271 0.1575757 0.2422961 0.1278421 0.2375254 0.3888678 0.2187541 0.2300709 0.0202854 0.2365259 0.2132414 0.0207429 0.2025610 0.2511115 0.1459352 0.1426122 0.2047450 0.0281412 0.2029599 0.2157792 0.0119096 0.0278446 0.0240712 0.0729699 0.1458413 0.1422189 0.1422844 0.0181445 0.0193497 0.1686947 0.0461519 0.0129777 0.0281904 0.0231205 0.2476932 0.3607724 0.1820085 0.0206223 0.0648097 0.2378122 0.0306740 0.2076132 0.2096562 0.0178741 0.0221987 0.1420104 0.2220427 0.0249986 0.0250062 0.0129571 0.0443979 0.1872361 0.0762456 0.0193771 0.0633205 0.2295537 0.0288028 0.2317696 0.3177831 0.1142911 
Perityle_ambrosiifolia_67_green            0.2470913 0.0696540 0.2476646 0.3883553 0.2320027 0.1432513 0.1251971 0.4654625 0.2646206 0.2320997 0.2511562 0.1398116 0.0000000 0.0888772 0.2426204 0.3056874 0.3786517 0.2618443 0.1478648 0.2601963 0.0791083 0.0082633 0.1509125 0.1475139 0.2971012 0.2425621 0.1526914 0.2437397 0.3884570 0.2527357 0.2342232 0.1407361 0.2582997 0.2687609 0.1335958 0.2442256 0.2417677 0.0119941 0.0073674 0.2592711 0.1449882 0.2531861 0.2522061 0.1451520 0.1466786 0.1476788 0.0724522 0.0076484 0.0064275 0.0073547 0.1115199 0.1393385 0.2279476 0.1382354 0.1059709 0.1503957 0.1464876 0.2433040 0.3618583 0.2296221 0.1066197 0.0567022 0.2297418 0.1344553 0.2402968 0.2558320 0.0980961 0.1430965 0.0091872 0.2414019 0.1487012 0.1454594 0.1377187 0.1338225 0.2237550 0.1226995 0.1445689 0.0530727 0.2460916 0.1533622 0.2518244 0.3231443 0.1606349 
Perityle_angustifolia_13_Eagle_creek       0.0554716 0.0451641 0.0696728 0.2739236 0.0814602 0.1213775 0.0985758 0.2316530 0.0993204 0.0962910 0.0017417 0.0791281 0.0888772 0.0000000 0.1030894 0.2510623 0.1692777 0.0767915 0.0770643 0.1845479 0.0586979 0.0868399 0.0808977 0.0851344 0.0923336 0.0946739 0.0704560 0.1362288 0.1643467 0.0927000 0.0951952 0.0788206 0.0810106 0.0799546 0.0760006 0.0787258 0.1023717 0.0932540 0.0868328 0.0740584 0.0808113 0.0818714 0.0767251 0.0770782 0.0846108 0.0827756 0.0630993 0.0950871 0.0868482 0.0890743 0.0807061 0.0749469 0.0758320 0.0802599 0.0640315 0.0826867 0.0808037 0.1007277 0.1368989 0.0831639 0.0720990 0.0024347 0.0948966 0.0888979 0.0822651 0.0692011 0.0619317 0.0751505 0.0867693 0.0848485 0.0827756 0.0807964 0.0693846 0.0759543 0.0831302 0.0718872 0.0790123 0.0023802 0.0736541 0.0848170 0.0810106 0.1323363 0.0696765 
Perityle_batopilensis_97                   0.0995043 0.0838012 0.1377673 0.4005892 0.1283618 0.2091352 0.2092012 0.4661619 0.1471260 0.1392135 0.1316041 0.2525787 0.2426204 0.1030894 0.0000000 0.4437471 0.2328139 0.2877581 0.2616715 0.3631332 0.0814080 0.2438770 0.2651369 0.2682114 0.4254869 0.0316856 0.1026246 0.2415866 0.2490108 0.1366276 0.1232033 0.2551979 0.1228958 0.1606652 0.2448773 0.1373853 0.0104641 0.2485190 0.2446107 0.1476424 0.2674254 0.1477606 0.1498442 0.2594563 0.2663851 0.2634213 0.0731566 0.2488944 0.2412772 0.2455334 0.1352301 0.2634015 0.1326272 0.1841318 0.1021498 0.2383472 0.2609714 0.0346641 0.3437113 0.1671884 0.1297072 0.0621304 0.0364185 0.1260646 0.1251298 0.1288655 0.1048582 0.2637782 0.2465140 0.1306272 0.2647945 0.2610281 0.2482965 0.1430751 0.1307590 0.2670111 0.2613510 0.0607070 0.0311548 0.2691488 0.1304091 0.1545234 0.1163276 
Perityle_bisetosa_9                        0.2444225 0.1236151 0.4303181 0.4696710 0.4138492 0.2508795 0.1396795 0.6078023 0.4694363 0.3874859 0.4319362 0.2045847 0.3056874 0.2510623 0.4437471 0.0000000 0.2692784 0.4711121 0.2110521 0.2313718 0.0554982 0.3090403 0.2115792 0.2167433 0.3032714 0.4563615 0.2294600 0.3255087 0.2810087 0.4536766 0.4211890 0.2103001 0.4216448 0.4546235 0.2017087 0.4267081 0.4551718 0.3128816 0.3032740 0.4475733 0.1554074 0.4446508 0.4440836 0.2092553 0.2115552 0.2102837 0.0585075 0.3088500 0.3082019 0.3098725 0.2669565 0.1917897 0.3784374 0.1624668 0.0801716 0.2209550 0.2067197 0.4042820 0.4465481 0.4061137 0.0762033 0.0569250 0.4319098 0.2332036 0.3973231 0.4432474 0.1441328 0.2075101 0.3075319 0.4381523 0.2078091 0.2114057 0.2060383 0.1920613 0.4055633 0.2013185 0.2121824 0.0659366 0.2289344 0.2162969 0.4501288 0.3212595 0.2625280 
Perityle_californica_76_positas            0.0752167 0.0603257 0.2063480 0.4456532 0.2227962 0.2075319 0.2193607 0.5458911 0.2270825 0.1999052 0.2363092 0.3792896 0.3786517 0.1692777 0.2328139 0.2692784 0.0000000 0.4371653 0.3820071 0.3969144 0.0730291 0.3801822 0.3747118 0.3843307 0.4617115 0.2478095 0.1172611 0.2439774 0.0421310 0.2335219 0.2008003 0.3719920 0.2028501 0.2388304 0.3720053 0.2240044 0.2438214 0.3846320 0.3768581 0.2282706 0.3315322 0.2272159 0.2301926 0.3809237 0.3777667 0.3769786 0.0656679 0.3814184 0.3721311 0.3794368 0.2668359 0.3794957 0.2229765 0.2307111 0.0911695 0.3603105 0.3740655 0.1921270 0.3606274 0.2592721 0.1235297 0.0478327 0.2392812 0.2257769 0.2247316 0.2268071 0.1326775 0.3735960 0.3816397 0.2224546 0.3740604 0.3789845 0.3724500 0.1898224 0.2368476 0.3356800 0.3747410 0.0467236 0.1133936 0.3842666 0.2188741 0.0976604 0.1633679 
Perityle_canescens_77                      0.2831078 0.1201114 0.2305669 0.4012690 0.2431815 0.2487829 0.2451120 0.5215065 0.2655932 0.2756583 0.2410001 0.2194504 0.2618443 0.0767915 0.2877581 0.4711121 0.4371653 0.0000000 0.2156625 0.3927170 0.0927323 0.2607489 0.2246384 0.2237866 0.4057542 0.2768885 0.1864420 0.2023193 0.4458433 0.2452264 0.2554254 0.2148271 0.2690353 0.2253167 0.2158981 0.2387976 0.2867982 0.2643612 0.2646442 0.2171650 0.2473257 0.2179416 0.2451007 0.2243486 0.2232306 0.2216932 0.0771043 0.2676297 0.2595882 0.2628615 0.0958910 0.2146348 0.2169743 0.1918732 0.1453840 0.2130262 0.2204577 0.2788699 0.3635910 0.2338422 0.1641665 0.0542137 0.2637620 0.1295070 0.2471768 0.2483421 0.1090090 0.2196622 0.2608516 0.2619591 0.2218033 0.2205988 0.2122500 0.1270063 0.2376412 0.2324431 0.2195892 0.0529823 0.3147272 0.2244616 0.2656248 0.3656580 0.1747021 
Perityle_castillonii_96                    0.2113211 0.0589218 0.1999280 0.3971116 0.2064360 0.1664090 0.1092275 0.4604445 0.2498930 0.2265632 0.1901785 0.0231627 0.1478648 0.0770643 0.2616715 0.2110521 0.3820071 0.2156625 0.0000000 0.1694572 0.0079095 0.1484721 0.0256068 0.0256043 0.1755882 0.2556911 0.1307568 0.2365019 0.3931087 0.2183121 0.2285947 0.0193101 0.2403795 0.2347852 0.0207451 0.2045401 0.2542818 0.1511559 0.1490484 0.2250005 0.0237306 0.2179124 0.2179211 0.0202084 0.0256080 0.0220229 0.0585746 0.1557015 0.1486564 0.1498630 0.0168135 0.0192280 0.1724851 0.0432507 0.0113109 0.0250489 0.0211204 0.2586636 0.3599468 0.1852263 0.0173871 0.0595498 0.2505374 0.0265615 0.2130134 0.2113222 0.0161859 0.0211348 0.1485133 0.2249383 0.0229052 0.0229119 0.0133217 0.0392611 0.1847776 0.0758856 0.0193763 0.0581879 0.2338816 0.0265173 0.2324094 0.3175009 0.1200961 
Perityle_cfvillosa_25_tin                  0.2173410 0.0674444 0.3554177 0.4139563 0.3325712 0.2037590 0.1122219 0.5454290 0.4054302 0.3429209 0.3288694 0.1605317 0.2601963 0.1845479 0.3631332 0.2313718 0.3969144 0.3927170 0.1694572 0.0000000 0.0293284 0.2673806 0.1570232 0.1695940 0.2475038 0.3805789 0.1973622 0.2726432 0.4171922 0.3712253 0.3706251 0.1593628 0.3527376 0.3613625 0.1552577 0.3576493 0.3868300 0.2713160 0.2686848 0.3563694 0.1063097 0.3563629 0.3697263 0.1692470 0.1595425 0.1534613 0.0680961 0.2581077 0.2664347 0.2694532 0.1963120 0.1563374 0.3299455 0.1309957 0.0356999 0.1543533 0.1510836 0.3343748 0.3989848 0.3475360 0.0296838 0.0647876 0.3622554 0.1714550 0.3499964 0.3673357 0.0973206 0.1705980 0.2675063 0.3739179 0.1534035 0.1522791 0.1633416 0.1372729 0.3449577 0.1671396 0.1706892 0.0632994 0.2336982 0.1583065 0.3720859 0.3262253 0.2315072 
Perityle_cinerea_113_Powell1310            0.0548662 0.0477812 0.0515197 0.2417276 0.0529763 0.1102878 0.0970518 0.2254227 0.0722948 0.0723710 0.0681229 0.0099161 0.0791083 0.0586979 0.0814080 0.0554982 0.0730291 0.0927323 0.0079095 0.0293284 0.0000000 0.0812338 0.0099111 0.0139106 0.0361576 0.0727173 0.0693634 0.1946369 0.0762363 0.0682852 0.0722948 0.0059228 0.0716374 0.0603338 0.0059357 0.0700071 0.0834208 0.0859960 0.0813544 0.0518192 0.0079132 0.0582647 0.0657775 0.0059243 0.0139129 0.0098983 0.0585746 0.0836776 0.0768922 0.0815309 0.0098933 0.0059181 0.0500786 0.0321686 0.0060457 0.0079132 0.0079132 0.0726364 0.2080956 0.0660092 0.0121478 0.0543826 0.0703999 0.0219933 0.0733735 0.0701094 0.0079183 0.0079252 0.0834452 0.0738504 0.0079132 0.0098983 0.0019735 0.0260485 0.0638256 0.0548980 0.0099125 0.0531437 0.0968875 0.0139150 0.0716374 0.0795204 0.0686266 
Perityle_coahuilensis_24                   0.2491205 0.0736797 0.2480270 0.3883171 0.2319751 0.1476813 0.1269884 0.4672880 0.2635889 0.2306429 0.2477391 0.1409189 0.0082633 0.0868399 0.2438770 0.3090403 0.3801822 0.2607489 0.1484721 0.2673806 0.0812338 0.0000000 0.1515114 0.1481205 0.2974628 0.2429471 0.1508641 0.2382767 0.3914618 0.2530856 0.2326822 0.1413581 0.2582837 0.2731041 0.1359232 0.2445979 0.2421575 0.0091782 0.0101148 0.2635563 0.1449797 0.2563918 0.2525552 0.1457637 0.1472883 0.1482858 0.0771058 0.0105303 0.0091683 0.0100974 0.1129740 0.1404334 0.2264929 0.1365836 0.1058634 0.1510280 0.1470971 0.2432881 0.3613827 0.2300598 0.1084584 0.0592183 0.2314248 0.1359697 0.2402820 0.2573704 0.0979960 0.1437136 0.0045653 0.2426345 0.1493054 0.1460715 0.1383582 0.1316103 0.2242016 0.1260264 0.1451840 0.0555317 0.2483745 0.1539562 0.2533943 0.3268308 0.1606229 
Perityle_congesta_202                      0.2077498 0.0588701 0.2031923 0.4052891 0.2075958 0.1732959 0.1125746 0.4528826 0.2533207 0.2275993 0.1923823 0.0278433 0.1509125 0.0808977 0.2651369 0.2115792 0.3747118 0.2246384 0.0256068 0.1570232 0.0099111 0.1515114 0.0000000 0.0318704 0.1819295 0.2590176 0.1306618 0.2411006 0.3863885 0.2193165 0.2327832 0.0166273 0.2408193 0.2331617 0.0283901 0.2032279 0.2589155 0.1542089 0.1521000 0.2246763 0.0060993 0.2188246 0.2188978 0.0264295 0.0087124 0.0069545 0.0680051 0.1577544 0.1516998 0.1529103 0.0207504 0.0247730 0.1697157 0.0502547 0.0162226 0.0119295 0.0060788 0.2581174 0.3598135 0.1864143 0.0222149 0.0622116 0.2536980 0.0306332 0.2100747 0.2146024 0.0178174 0.0264517 0.1515535 0.2293406 0.0043385 0.0078261 0.0204953 0.0291965 0.1849970 0.0789994 0.0256101 0.0607846 0.2313189 0.0113381 0.2354564 0.3138333 0.1186084 
Perityle_cordifolia_27                     0.2166677 0.0651073 0.2078846 0.4012885 0.2064472 0.1685569 0.1141346 0.4496553 0.2592562 0.2293784 0.2016724 0.0250271 0.1475139 0.0851344 0.2682114 0.2167433 0.3843307 0.2237866 0.0256043 0.1695940 0.0139106 0.1481205 0.0318704 0.0000000 0.1730967 0.2655473 0.1310746 0.2424280 0.4010195 0.2230215 0.2355654 0.0237379 0.2427098 0.2356142 0.0236012 0.2124951 0.2655319 0.1507958 0.1486939 0.2260350 0.0268434 0.2190891 0.2259775 0.0246421 0.0318717 0.0282624 0.0729132 0.1519087 0.1483039 0.1495070 0.0142521 0.0210688 0.1780432 0.0447750 0.0146177 0.0335767 0.0273511 0.2614374 0.3719764 0.1853052 0.0142177 0.0647830 0.2594554 0.0266352 0.2182447 0.2158882 0.0195368 0.0255802 0.1481615 0.2284769 0.0291473 0.0291559 0.0186937 0.0444600 0.1909576 0.0757240 0.0238193 0.0658623 0.2400006 0.0327897 0.2381261 0.3243969 0.1235579 
Perityle_cordifolia_68_tecolote            0.2229429 0.0687543 0.3799758 0.4507104 0.3445615 0.2431076 0.1204868 0.4856750 0.4400216 0.3051134 0.3582103 0.1575757 0.2971012 0.0923336 0.4254869 0.3032714 0.4617115 0.4057542 0.1755882 0.2475038 0.0361576 0.2974628 0.1819295 0.1730967 0.0000000 0.4262475 0.1436329 0.2522587 0.4921031 0.4006501 0.3490923 0.1749608 0.3550854 0.3865682 0.1576036 0.3931886 0.4288802 0.3038541 0.2957830 0.3821036 0.0861777 0.3788255 0.4011836 0.1729314 0.1819226 0.1796652 0.0670860 0.2791746 0.3031868 0.3031782 0.1879216 0.1504162 0.3199094 0.0052546 0.0394635 0.1902257 0.1784689 0.3291402 0.3717084 0.3478237 0.0450199 0.0667461 0.4047550 0.1365023 0.3466887 0.3861841 0.0410520 0.1743802 0.3001857 0.3984689 0.1806595 0.1774227 0.1703858 0.0682938 0.3657091 0.1915416 0.1709473 0.0677928 0.2449407 0.1842061 0.4182469 0.3297524 0.1532688 
Perityle_coronopifolia_28_patagonia        0.0887104 0.0817135 0.1344566 0.3970833 0.1291425 0.2026516 0.2063619 0.4383196 0.1480540 0.1281249 0.1403396 0.2422961 0.2425621 0.0946739 0.0316856 0.4563615 0.2478095 0.2768885 0.2556911 0.3805789 0.0727173 0.2429471 0.2590176 0.2655473 0.4262475 0.0000000 0.0914072 0.2363207 0.2650586 0.1379410 0.1152581 0.2506829 0.1144041 0.1668097 0.2361842 0.1407515 0.0316344 0.2461693 0.2440167 0.1565202 0.2607236 0.1557371 0.1484085 0.2508491 0.2626867 0.2573833 0.0728532 0.2435316 0.2405861 0.2433122 0.1273132 0.2557985 0.1242218 0.1721056 0.0980394 0.2329414 0.2561911 0.0320271 0.3308397 0.1698995 0.1254503 0.0544310 0.0287996 0.1193501 0.1190023 0.1325033 0.0981497 0.2577180 0.2442545 0.1276351 0.2586966 0.2550877 0.2413664 0.1290498 0.1255085 0.2660212 0.2568536 0.0531898 0.0330465 0.2628556 0.1296574 0.1639266 0.1084731 
Perityle_crassifolia_70_ventanas           0.0774739 0.0642466 0.0737835 0.3023371 0.0772467 0.1709634 0.1634465 0.2736602 0.0917349 0.1020840 0.0768553 0.1278421 0.1526914 0.0704560 0.1026246 0.2294600 0.1172611 0.1864420 0.1307568 0.1973622 0.0693634 0.1508641 0.1306618 0.1310746 0.1436329 0.0914072 0.0000000 0.1577828 0.1190258 0.0881173 0.0899280 0.1287914 0.0042756 0.0861490 0.1268728 0.0890175 0.0992095 0.1568796 0.1527302 0.0740491 0.1341573 0.0757010 0.0889261 0.1274383 0.1375604 0.1341071 0.0628838 0.1582226 0.1509571 0.1529103 0.0756368 0.1237711 0.0829450 0.1405965 0.0903890 0.1358058 0.1323604 0.0943127 0.3165416 0.1089344 0.1211581 0.0570501 0.0956285 0.0898077 0.0713298 0.0820313 0.0832287 0.1274644 0.1509367 0.0057061 0.1323716 0.1341241 0.1223922 0.0970016 0.0722392 0.1279739 0.1274222 0.0557457 0.0936996 0.1393913 0.0042756 0.1126785 0.0793446 
Perityle_crassifolia_74_playa_balandra     0.2388487 0.2321213 0.2236382 0.4289540 0.2354277 0.2815856 0.2861211 0.4088081 0.2474500 0.2508973 0.2195995 0.2375254 0.2437397 0.1362288 0.2415866 0.3255087 0.2439774 0.2023193 0.2365019 0.2726432 0.1946369 0.2382767 0.2411006 0.2424280 0.2522587 0.2363207 0.1577828 0.0000000 0.2349052 0.2330246 0.2394038 0.2314563 0.1556687 0.2394124 0.2348189 0.2378969 0.2434570 0.2469768 0.2413994 0.2245776 0.2413235 0.2317737 0.2356980 0.2368961 0.2460954 0.2438489 0.0873024 0.2459266 0.2386564 0.2443426 0.2001416 0.2266342 0.2220897 0.2482710 0.2363194 0.2412924 0.2390531 0.2413488 0.2722698 0.2451904 0.2482523 0.1633840 0.2340178 0.2520015 0.2261824 0.2318615 0.2307507 0.2318624 0.2382767 0.1622542 0.2413235 0.2438273 0.2296708 0.2028248 0.2299062 0.2458344 0.2393588 0.1593387 0.2851125 0.2441442 0.1556687 0.2319493 0.2301469 
Perityle_cuneata_34_cuneata_San_antonio    0.0836230 0.0715590 0.2326446 0.4688969 0.2480321 0.2422021 0.2246304 0.5351205 0.2502136 0.2124789 0.2633784 0.3888678 0.3884570 0.1643467 0.2490108 0.2810087 0.0421310 0.4458433 0.3931087 0.4171922 0.0762363 0.3914618 0.3863885 0.4010195 0.4921031 0.2650586 0.1190258 0.2349052 0.0000000 0.2543207 0.2102705 0.3842385 0.2118098 0.2715424 0.3805859 0.2440936 0.2610149 0.3940779 0.3869585 0.2583110 0.3349081 0.2562410 0.2548597 0.3947831 0.3919905 0.3867901 0.0605634 0.3969027 0.3875148 0.3890066 0.2715453 0.3890358 0.2298794 0.2314131 0.0998822 0.3730746 0.3856478 0.1979463 0.3687729 0.2858276 0.1306483 0.0503242 0.2554602 0.2358783 0.2293823 0.2577768 0.1341389 0.3866388 0.3897158 0.2475791 0.3856192 0.3902150 0.3871820 0.1899879 0.2580208 0.3434105 0.3915928 0.0491578 0.1192957 0.3951250 0.2485320 0.1020042 0.1681266 
Perityle_cuneata_4                         0.0924176 0.0756599 0.1003507 0.3852264 0.0938539 0.1783894 0.1997571 0.4099535 0.1294890 0.1249209 0.1056412 0.2187541 0.2527357 0.0927000 0.1366276 0.4536766 0.2335219 0.2452264 0.2183121 0.3712253 0.0682852 0.2530856 0.2193165 0.2230215 0.4006501 0.1379410 0.0881173 0.2330246 0.2543207 0.0000000 0.1132484 0.2116699 0.0931924 0.1403662 0.2079107 0.1048436 0.1396986 0.2565437 0.2541892 0.1261807 0.2471084 0.1293203 0.1103751 0.2186574 0.2204499 0.2178250 0.0870041 0.2627623 0.2508847 0.2523886 0.0916326 0.2216339 0.1051626 0.1756810 0.1060268 0.1992138 0.2166931 0.1232522 0.3745192 0.1428418 0.1367312 0.0621665 0.1415580 0.0984819 0.1021426 0.1035805 0.0944639 0.2122099 0.2531601 0.1061344 0.2190560 0.2167162 0.2058129 0.1314458 0.1020056 0.2441222 0.2147648 0.0557357 0.1164245 0.2229247 0.1026184 0.1667566 0.1032825 
Perityle_discoidea_81                      0.0794671 0.0779919 0.0883983 0.4053314 0.1112082 0.2231736 0.2230847 0.4456824 0.0051863 0.1125617 0.1096284 0.2300709 0.2342232 0.0951952 0.1232033 0.4211890 0.2008003 0.2554254 0.2285947 0.3706251 0.0722948 0.2326822 0.2327832 0.2355654 0.3490923 0.1152581 0.0899280 0.2394038 0.2102705 0.1132484 0.0000000 0.2264477 0.0958807 0.1275878 0.2287189 0.1159029 0.1214294 0.2363529 0.2360205 0.1214505 0.2374113 0.1227702 0.1243141 0.2308861 0.2369651 0.2324823 0.0771456 0.2390061 0.2327674 0.2344989 0.1033267 0.2323263 0.1110269 0.1828871 0.1048613 0.2340160 0.2311394 0.1095685 0.3676269 0.1516999 0.1359763 0.0673481 0.1275656 0.1064041 0.1177078 0.1166237 0.0892295 0.2327706 0.2340395 0.0971075 0.2339502 0.2298867 0.2242248 0.1210702 0.1125976 0.2276328 0.2284164 0.0657995 0.1091473 0.2371182 0.0958807 0.1729425 0.0990770 
Perityle_dissecta_201                      0.2052609 0.0549587 0.1944945 0.4014240 0.1982937 0.1679917 0.1089758 0.4557518 0.2462015 0.2212045 0.1858495 0.0202854 0.1407361 0.0788206 0.2551979 0.2103001 0.3719920 0.2148271 0.0193101 0.1593628 0.0059228 0.1413581 0.0166273 0.0237379 0.1749608 0.2506829 0.1287914 0.2314563 0.3842385 0.2116699 0.2264477 0.0000000 0.2350782 0.2263921 0.0197264 0.1979252 0.2505513 0.1439895 0.1419016 0.2168267 0.0153390 0.2109350 0.2100980 0.0183738 0.0166281 0.0139750 0.0679160 0.1481837 0.1392553 0.1427202 0.0141837 0.0173208 0.1682139 0.0460190 0.0080608 0.0193681 0.0122110 0.2530306 0.3562685 0.1785862 0.0157961 0.0594819 0.2453447 0.0238315 0.2068925 0.2056674 0.0145299 0.0192921 0.1413971 0.2201160 0.0139703 0.0139743 0.0123889 0.0425250 0.1772436 0.0745883 0.0175407 0.0581231 0.2309652 0.0175204 0.2264390 0.3109527 0.1183020 
Perityle_emoryi_47_punta_san_jose          0.0788568 0.0664549 0.0904088 0.3701814 0.0918660 0.2100331 0.2142571 0.4101051 0.1043243 0.1058318 0.0996788 0.2365259 0.2582997 0.0810106 0.1228958 0.4216448 0.2028501 0.2690353 0.2403795 0.3527376 0.0716374 0.2582837 0.2408193 0.2427098 0.3550854 0.1144041 0.0042756 0.1556687 0.2118098 0.0931924 0.0958807 0.2350782 0.0000000 0.1153732 0.2256572 0.1003018 0.1195076 0.2633762 0.2614971 0.1039884 0.2463584 0.1068826 0.1126760 0.2407425 0.2450622 0.2408098 0.0676002 0.2629213 0.2569054 0.2600784 0.0880082 0.2368147 0.0971833 0.1688602 0.0924523 0.2180425 0.2395396 0.1126436 0.3707731 0.1426281 0.1231320 0.0570501 0.1295823 0.0916136 0.0947330 0.0973521 0.0845588 0.2372413 0.2582058 0.0039862 0.2422019 0.2409717 0.2277477 0.1155114 0.0907716 0.2541654 0.2342905 0.0557457 0.1003039 0.2452277 0.0000010 0.1496351 0.0811485 
Perityle_feddemae_99                       0.0990747 0.0672529 0.1275490 0.4054090 0.1115503 0.2399188 0.2306184 0.4290066 0.1575257 0.1377017 0.1175209 0.2132414 0.2687609 0.0799546 0.1606652 0.4546235 0.2388304 0.2253167 0.2347852 0.3613625 0.0603338 0.2731041 0.2331617 0.2356142 0.3865682 0.1668097 0.0861490 0.2394124 0.2715424 0.1403662 0.1275878 0.2263921 0.1153732 0.0000000 0.2062695 0.1256737 0.1691770 0.2751399 0.2743382 0.0189636 0.2354710 0.0201689 0.1357600 0.2313958 0.2378192 0.2329147 0.0043109 0.2628355 0.2693134 0.2720706 0.0770917 0.2187065 0.1088962 0.1667676 0.0921335 0.2156632 0.2317564 0.1388770 0.3607921 0.1300910 0.1227866 0.0501211 0.1756118 0.0818013 0.1211270 0.1331246 0.0679825 0.2295952 0.2731866 0.1332583 0.2330228 0.2330576 0.2232482 0.1078445 0.1331405 0.2287057 0.2296356 0.0514497 0.1230257 0.2381709 0.1419717 0.1711541 0.0906940 
Perityle_fosteri_93                        0.2075059 0.0589988 0.1934336 0.3928970 0.1899399 0.1556587 0.1056113 0.4460623 0.2423385 0.2247728 0.1829879 0.0207429 0.1335958 0.0760006 0.2448773 0.2017087 0.3720053 0.2158981 0.0207451 0.1552577 0.0059357 0.1359232 0.0283901 0.0236012 0.1576036 0.2361842 0.1268728 0.2348189 0.3805859 0.2079107 0.2287189 0.0197264 0.2256572 0.2062695 0.0000000 0.1960907 0.2440490 0.1398040 0.1376237 0.1954111 0.0255264 0.1967640 0.2077600 0.0187635 0.0283914 0.0245427 0.0682631 0.1408733 0.1372377 0.1373023 0.0143412 0.0102820 0.1684677 0.0435984 0.0114273 0.0293098 0.0235728 0.2343888 0.3634118 0.1853458 0.0174058 0.0596473 0.2296342 0.0267917 0.2089951 0.1989974 0.0130416 0.0131162 0.1370334 0.2205322 0.0254882 0.0254962 0.0093456 0.0396192 0.1869468 0.0731746 0.0178539 0.0582810 0.2334568 0.0284020 0.2225832 0.3060956 0.1147958 
Perityle_gamon_221                         0.0871665 0.0631362 0.0991210 0.4076896 0.0990562 0.2054888 0.2132450 0.4210589 0.1347538 0.1198606 0.0899438 0.2025610 0.2442256 0.0787258 0.1373853 0.4267081 0.2240044 0.2387976 0.2045401 0.3576493 0.0700071 0.2445979 0.2032279 0.2124951 0.3931886 0.1407515 0.0890175 0.2378969 0.2440936 0.1048436 0.1159029 0.1979252 0.1003018 0.1256737 0.1960907 0.0000000 0.1424107 0.2479847 0.2454358 0.1141087 0.2278276 0.1148999 0.0481154 0.2050100 0.2043290 0.2018049 0.0818649 0.2521232 0.2409895 0.2451044 0.0726024 0.2066915 0.0857318 0.1651188 0.0958529 0.1845542 0.1996519 0.1289948 0.3225938 0.1296908 0.1204950 0.0516836 0.1503626 0.0829356 0.0969255 0.0932775 0.0791949 0.2008632 0.2458801 0.1080612 0.2029928 0.2019228 0.1945935 0.1227759 0.0965206 0.2115993 0.2012037 0.0505112 0.1064236 0.2067145 0.1096915 0.1574248 0.0509913 
Perityle_gentryi_8_san_francisco           0.0989994 0.0897661 0.1362493 0.4116398 0.1296973 0.2171759 0.2119277 0.4555384 0.1521883 0.1357122 0.1376836 0.2511115 0.2417677 0.1023717 0.0104641 0.4551718 0.2438214 0.2867982 0.2542818 0.3868300 0.0834208 0.2421575 0.2589155 0.2655319 0.4288802 0.0316344 0.0992095 0.2434570 0.2610149 0.1396986 0.1214294 0.2505513 0.1195076 0.1691770 0.2440490 0.1424107 0.0000000 0.2453961 0.2416302 0.1597147 0.2571640 0.1602106 0.1522318 0.2534674 0.2601164 0.2572754 0.0775436 0.2439757 0.2397825 0.2425236 0.1346526 0.2568905 0.1318747 0.1814783 0.1033611 0.2407701 0.2560790 0.0321721 0.3481092 0.1743085 0.1307687 0.0646876 0.0381770 0.1236919 0.1246377 0.1342036 0.1050067 0.2575746 0.2434723 0.1352724 0.2585934 0.2549715 0.2517507 0.1419981 0.1332303 0.2653993 0.2578196 0.0632039 0.0359830 0.2627524 0.1360873 0.1700712 0.1157045 
Perityle_gilensis_22_Superstition          0.2539613 0.0802247 0.2514339 0.3895007 0.2378981 0.1481643 0.1309604 0.4687494 0.2642889 0.2344663 0.2549866 0.1459352 0.0119941 0.0932540 0.2485190 0.3128816 0.3846320 0.2643612 0.1511559 0.2713160 0.0859960 0.0091782 0.1542089 0.1507958 0.3038541 0.2461693 0.1568796 0.2469768 0.3940779 0.2565437 0.2363529 0.1439895 0.2633762 0.2751399 0.1398040 0.2479847 0.2453961 0.0000000 0.0138604 0.2655302 0.1480432 0.2583640 0.2559874 0.1484220 0.1499632 0.1509651 0.0774655 0.0154001 0.0128982 0.0101062 0.1194666 0.1453912 0.2344510 0.1419794 0.1119868 0.1538675 0.1497676 0.2468905 0.3674401 0.2319766 0.1144575 0.0646805 0.2347182 0.1396904 0.2453257 0.2595296 0.1041038 0.1463622 0.0101024 0.2474159 0.1519894 0.1487372 0.1410153 0.1381110 0.2263441 0.1300536 0.1478478 0.0608454 0.2534272 0.1555879 0.2568735 0.3316824 0.1646309 
Perityle_gilensis_salensis_225             0.2514127 0.0737810 0.2490992 0.3864447 0.2355922 0.1448307 0.1287339 0.4697768 0.2648631 0.2323708 0.2526169 0.1426122 0.0073674 0.0868328 0.2446107 0.3032740 0.3768581 0.2646442 0.1490484 0.2686848 0.0813544 0.0101148 0.1521000 0.1486939 0.2957830 0.2440167 0.1527302 0.2413994 0.3869585 0.2541892 0.2360205 0.1419016 0.2614971 0.2743382 0.1376237 0.2454358 0.2416302 0.0138604 0.0000000 0.2647266 0.1450661 0.2575410 0.2536490 0.1463263 0.1478591 0.1488606 0.0724522 0.0086368 0.0082764 0.0092072 0.1134656 0.1421056 0.2302840 0.1350995 0.1059968 0.1516460 0.1476663 0.2451236 0.3592566 0.2311015 0.1103469 0.0619044 0.2298797 0.1361652 0.2426215 0.2584978 0.0981198 0.1442678 0.0110413 0.2463141 0.1498843 0.1466367 0.1388976 0.1338587 0.2251941 0.1290045 0.1457460 0.0581467 0.2486725 0.1545564 0.2558064 0.3271125 0.1606741 
Perityle_glaucescens_94                    0.0917652 0.0572712 0.1200721 0.3941541 0.0975232 0.2264025 0.2139325 0.4256100 0.1474045 0.1297369 0.1099627 0.2047450 0.2592711 0.0740584 0.1476424 0.4475733 0.2282706 0.2171650 0.2250005 0.3563694 0.0518192 0.2635563 0.2246763 0.2260350 0.3821036 0.1565202 0.0740491 0.2245776 0.2583110 0.1261807 0.1214505 0.2168267 0.1039884 0.0189636 0.1954111 0.1141087 0.1597147 0.2655302 0.2647266 0.0000000 0.2299847 0.0081129 0.1229149 0.2229527 0.2292507 0.2244422 0.0000010 0.2531117 0.2598351 0.2625349 0.0681744 0.2089081 0.0979367 0.1566761 0.0809548 0.2059724 0.2233046 0.1288267 0.3501095 0.1154866 0.1134287 0.0450953 0.1629337 0.0770256 0.1096630 0.1201105 0.0590933 0.2199321 0.2636348 0.1210425 0.2245447 0.2245775 0.2124701 0.1002477 0.1184493 0.2180517 0.2187886 0.0465361 0.1106943 0.2295836 0.1277913 0.1586531 0.0810448 
Perityle_gracilis_11                       0.2112652 0.0588701 0.2241757 0.3877805 0.2258401 0.1648668 0.1125227 0.4358705 0.2619800 0.2315268 0.2152051 0.0281412 0.1449882 0.0808113 0.2674254 0.1554074 0.3315322 0.2473257 0.0237306 0.1063097 0.0079132 0.1449797 0.0060993 0.0268434 0.0861777 0.2607236 0.1341573 0.2413235 0.3349081 0.2471084 0.2374113 0.0153390 0.2463584 0.2354710 0.0255264 0.2278276 0.2571640 0.1480432 0.1450661 0.2299847 0.0000000 0.2257452 0.2468281 0.0247079 0.0091736 0.0060978 0.0680051 0.1490815 0.1477017 0.1464455 0.0177595 0.0226004 0.1805477 0.0474511 0.0162234 0.0108223 0.0050753 0.2634305 0.3588955 0.2046736 0.0222160 0.0621217 0.2530592 0.0275738 0.2274165 0.2338627 0.0161713 0.0247181 0.1462046 0.2305762 0.0040594 0.0071166 0.0166719 0.0275293 0.2018167 0.0819544 0.0216067 0.0606988 0.2356916 0.0060973 0.2422905 0.3184678 0.1201425 
Perityle_harkerae_31                       0.0965344 0.0632250 0.1197532 0.3944856 0.0991286 0.2230032 0.2121894 0.4220293 0.1498397 0.1298544 0.1095636 0.2029599 0.2531861 0.0818714 0.1477606 0.4446508 0.2272159 0.2179416 0.2179124 0.3563629 0.0582647 0.2563918 0.2188246 0.2190891 0.3788255 0.1557371 0.0757010 0.2317737 0.2562410 0.1293203 0.1227702 0.2109350 0.1068826 0.0201689 0.1967640 0.1148999 0.1602106 0.2583640 0.2575410 0.0081129 0.2257452 0.0000000 0.1227162 0.2171015 0.2234386 0.2185944 0.0130180 0.2467440 0.2526392 0.2553565 0.0696688 0.2049315 0.1004451 0.1583224 0.0846313 0.2062508 0.2174471 0.1260961 0.3567684 0.1167143 0.1154238 0.0528577 0.1633635 0.0785667 0.1108736 0.1199858 0.0643636 0.2151616 0.2564692 0.1222039 0.2186953 0.2187275 0.2127488 0.1057829 0.1175352 0.2085928 0.2139348 0.0541305 0.1144619 0.2237535 0.1291484 0.1603175 0.0825154 
Perityle_hofmeisteria_4_nombre_de_dios     0.0885701 0.0572676 0.1087086 0.4067212 0.1039545 0.2091106 0.2133897 0.4167139 0.1435922 0.1333436 0.0986874 0.2157792 0.2522061 0.0767251 0.1498442 0.4440836 0.2301926 0.2451007 0.2179211 0.3697263 0.0657775 0.2525552 0.2188978 0.2259775 0.4011836 0.1484085 0.0889261 0.2356980 0.2548597 0.1103751 0.1243141 0.2100980 0.1126760 0.1357600 0.2077600 0.0481154 0.1522318 0.2559874 0.2536490 0.1229149 0.2468281 0.1227162 0.0000000 0.2194431 0.2211885 0.2174313 0.0818827 0.2618547 0.2489305 0.2530797 0.0855054 0.2210294 0.0914154 0.1712273 0.1032694 0.1956220 0.2163177 0.1402130 0.3213016 0.1400955 0.1298667 0.0517056 0.1570832 0.0978683 0.1067229 0.1039695 0.0810418 0.2118799 0.2538455 0.1181020 0.2186420 0.2175597 0.2067082 0.1246117 0.1043320 0.2214148 0.2144493 0.0505322 0.1154320 0.2224468 0.1205402 0.1652710 0.0551790 
Perityle_huecosensis_48                    0.2124585 0.0529920 0.2026191 0.4024444 0.2030320 0.1677960 0.1072134 0.4471262 0.2526179 0.2269967 0.1894936 0.0119096 0.1451520 0.0770782 0.2594563 0.2092553 0.3809237 0.2243486 0.0202084 0.1692470 0.0059243 0.1457637 0.0264295 0.0246421 0.1729314 0.2508491 0.1274383 0.2368961 0.3947831 0.2186574 0.2308861 0.0183738 0.2407425 0.2313958 0.0187635 0.2050100 0.2534674 0.1484220 0.1463263 0.2229527 0.0247079 0.2171015 0.2194431 0.0000000 0.0264307 0.0228519 0.0633198 0.1528234 0.1459435 0.1471408 0.0155077 0.0173343 0.1708302 0.0404963 0.0096990 0.0259461 0.0219506 0.2564309 0.3598570 0.1812621 0.0157905 0.0569711 0.2455151 0.0252143 0.2084115 0.2139852 0.0129292 0.0201895 0.1458040 0.2264731 0.0237322 0.0237391 0.0114951 0.0409329 0.1820197 0.0745788 0.0184365 0.0556704 0.2330104 0.0273387 0.2326483 0.3215468 0.1139580 
Perityle_intricata_59_Clark_mtns           0.2149451 0.0649343 0.2063891 0.3979970 0.2123773 0.1698522 0.1125587 0.4561175 0.2581886 0.2317685 0.1958106 0.0278446 0.1466786 0.0846108 0.2663851 0.2115552 0.3777667 0.2232306 0.0256080 0.1595425 0.0139129 0.1472883 0.0087124 0.0318717 0.1819226 0.2626867 0.1375604 0.2460954 0.3919905 0.2204499 0.2369651 0.0166281 0.2450622 0.2378192 0.0283914 0.2043290 0.2601164 0.1499632 0.1478591 0.2292507 0.0091736 0.2234386 0.2211885 0.0264307 0.0000000 0.0087090 0.0726881 0.1533180 0.1474708 0.1486744 0.0233972 0.0247742 0.1749565 0.0516543 0.0195100 0.0137914 0.0078298 0.2637511 0.3596645 0.1914015 0.0254430 0.0698409 0.2563055 0.0320080 0.2126558 0.2157252 0.0211033 0.0273739 0.1473291 0.2332191 0.0078309 0.0095827 0.0204963 0.0358833 0.1861338 0.0811621 0.0256113 0.0682350 0.2357606 0.0113403 0.2392433 0.3202207 0.1232734 
