85
Amauria_brandeegeana_62                    0.0000000 0.0506506 0.0321006 0.3560066 0.1151993 0.2734991 0.3198732 0.0845047 0.2414569 0.0030653 0.1269943 0.1220171 0.1111453 0.1725099 0.0728370 0.1068232 0.1118446 0.4173937 0.1312662 0.0943193 0.2512907 0.1009725 0.0575538 0.1852226 0.1228540 0.1095345 0.1427803 0.1606370 0.4654862 0.1126919 0.0800204 0.1043979 0.3893601 0.0025792 0.1246372 0.2692359 0.1518799 0.1017270 0.1645139 0.0978259 0.1055070 0.1770527 0.3153226 0.0983229 0.2846795 0.1613014 0.1142916 0.1184535 0.1205927 0.2943774 0.1558177 0.1298698 0.1309695 0.1417315 0.1159791 0.1036254 0.0769329 0.1072370 0.1084073 0.1042834 0.0993804 0.0932712 0.1528190 0.0808983 0.1221273 0.1305416 0.1088159 0.1947823 0.1566006 0.0544852 0.0454101 0.0516424 0.1371889 0.1337889 0.0954047 0.1365346 0.0577020 0.1516300 0.1206687 0.1097705 0.1236489 0.1007542 0.1074435 0.2709099 0.2148757 
Amauria_carterae_99_mesa                   0.0506506 0.0000000 0.0419053 0.3059601 0.0849569 0.2649671 0.2545205 0.0904543 0.1575324 0.0488653 0.0931200 0.0755244 0.0717243 0.0729639 0.0636389 0.0755173 0.0608674 0.4631521 0.0746627 0.0661429 0.2264904 0.0663089 0.0632660 0.0697827 0.0680278 0.0664261 0.0918567 0.0709207 0.3421381 0.0770039 0.0734989 0.0635933 0.2861015 0.0471465 0.0643517 0.2418199 0.0901302 0.0573514 0.1013823 0.0667603 0.0747411 0.0662296 0.2419145 0.0661250 0.2382431 0.0998142 0.0661606 0.0625411 0.0697851 0.2457363 0.0716413 0.0590769 0.0661576 0.0902846 0.0644181 0.0651832 0.0706841 0.0861289 0.0682584 0.0663867 0.0742070 0.0975897 0.1140660 0.0740412 0.0624296 0.0751617 0.0620009 0.1069815 0.1073479 0.0619865 0.0520996 0.0649014 0.0900665 0.0663381 0.0636502 0.0660828 0.0635085 0.1139061 0.0611949 0.0645738 0.0681375 0.0905922 0.0663591 0.1235090 0.0760237 
Amauria_rotundifolia_SRR9119150            0.0321006 0.0419053 0.0000000 0.3408300 0.1185733 0.2735034 0.3015777 0.0756557 0.2337738 0.0312777 0.1201615 0.1151557 0.1106342 0.1695650 0.0722401 0.1000212 0.1125398 0.4152086 0.1216087 0.0884455 0.2421338 0.1005248 0.0606859 0.1805105 0.1195677 0.1028434 0.1413505 0.1530781 0.4530567 0.1106636 0.0718627 0.0973450 0.3730207 0.0262491 0.1253439 0.2733260 0.1542534 0.1000600 0.1614477 0.0895149 0.0995385 0.1710772 0.3154324 0.0927767 0.2862813 0.1556725 0.1149657 0.1190187 0.1200879 0.2882730 0.1498426 0.1279998 0.1290930 0.1390031 0.1104498 0.1015184 0.0689603 0.1021097 0.1079494 0.1038219 0.0843259 0.0885902 0.1478128 0.0763649 0.1204215 0.1263281 0.1060979 0.2018125 0.1603510 0.0491183 0.0353500 0.0480937 0.1314370 0.1318870 0.0906394 0.1308791 0.0571266 0.1552670 0.1115493 0.1093150 0.1242794 0.0948764 0.1083145 0.2728895 0.2063350 
Conoclinium_coelestinum_SRR9119114         0.3560066 0.3059601 0.3408300 0.0000000 0.3219100 0.3190859 0.0999523 0.1931473 0.3839737 0.3604361 0.3004160 0.3682993 0.3479017 0.3695123 0.2904413 0.3530913 0.3526733 0.4410497 0.3821985 0.3397240 0.2677264 0.3542975 0.2461478 0.3844188 0.3550189 0.3464049 0.3122950 0.3845420 0.3963519 0.2474343 0.2518977 0.3367218 0.3112937 0.3446033 0.3482858 0.4414359 0.3299192 0.3458089 0.3588110 0.3541625 0.3323086 0.3895389 0.3474131 0.3529632 0.3115087 0.3598439 0.3458481 0.3552867 0.3541216 0.2975312 0.3957247 0.3510117 0.3511459 0.3086963 0.3364832 0.2258703 0.3399667 0.2933477 0.3437160 0.3488962 0.3524947 0.1626154 0.3241754 0.2389576 0.3270546 0.3437552 0.3511390 0.3266766 0.3309343 0.1780085 0.1057564 0.1431189 0.3568670 0.3519833 0.3514108 0.3611208 0.2145086 0.3352655 0.3599313 0.3472413 0.3413488 0.3229281 0.3479060 0.3690127 0.3857151 
Eutetras_palmeri_63                        0.1151993 0.0849569 0.1185733 0.3219100 0.0000000 0.2781410 0.2900056 0.0789436 0.2177698 0.1098116 0.1088797 0.1439537 0.1285282 0.1783657 0.0969138 0.1163878 0.1289534 0.4353622 0.1449475 0.1201288 0.2283764 0.1226137 0.0668483 0.1915239 0.1387033 0.1309551 0.1301987 0.1873204 0.4297856 0.1018433 0.0956906 0.1098432 0.3639283 0.0933661 0.1359969 0.2516429 0.1272282 0.1296030 0.1383675 0.1098869 0.1163515 0.1816261 0.3025342 0.1213436 0.2725690 0.1390612 0.1311183 0.1408680 0.1340161 0.2801782 0.1664342 0.1404570 0.1441419 0.1304167 0.1393310 0.1095488 0.1155957 0.0848014 0.1238410 0.1273456 0.1209754 0.0883918 0.1341830 0.0688559 0.1320303 0.1435535 0.1155341 0.1652302 0.1349293 0.0569507 0.0486026 0.0650644 0.1377998 0.1496153 0.1175962 0.1489914 0.0632047 0.1329163 0.1306400 0.1315918 0.1426745 0.1231130 0.1244884 0.2900424 0.2368855 
Eutetras_pringlei_149_quer                 0.2734991 0.2649671 0.2735034 0.3190859 0.2781410 0.0000000 0.2224156 0.2592511 0.2948098 0.2734991 0.2895545 0.3048040 0.2916836 0.2930457 0.2986982 0.3078372 0.2915724 0.0000010 0.3216762 0.2854718 0.1785113 0.3032733 0.2700607 0.3225908 0.2862625 0.2920297 0.2885317 0.2756657 0.4196907 0.2611931 0.2337892 0.3034131 0.2079874 0.2734991 0.2854718 0.3660383 0.2818879 0.2861236 0.2893956 0.3024264 0.3097615 0.3108258 0.2451173 0.2862924 0.2326432 0.2964367 0.2862007 0.2864289 0.3032733 0.2323980 0.3226808 0.2863740 0.2864659 0.2885317 0.3023640 0.2876518 0.2807426 0.2948586 0.2878806 0.2978684 0.2838696 0.2398144 0.3242618 0.2943462 0.2924034 0.3108529 0.3349821 0.2986454 0.3099861 0.2612423 0.2130980 0.2731260 0.2620729 0.3043812 0.2922252 0.3094137 0.2761508 0.3162846 0.3259141 0.2801631 0.2990141 0.2838198 0.2860467 0.2761204 0.3267861 
Eutrochium_fistulosum_SRR9119106           0.3198732 0.2545205 0.3015777 0.0999523 0.2900056 0.2224156 0.0000000 0.1512948 0.3370281 0.3214736 0.2756434 0.3207097 0.3101437 0.3468917 0.2523459 0.3145168 0.3143119 0.4313492 0.3296279 0.2880215 0.2260134 0.3136804 0.2022406 0.3741045 0.3183000 0.3091259 0.3135304 0.3442181 0.3587194 0.2323002 0.2106276 0.2829499 0.2602382 0.2999649 0.3104071 0.3860676 0.3037718 0.3117757 0.3214134 0.3087755 0.2922698 0.3656645 0.2815076 0.3087923 0.2570276 0.3221798 0.3105559 0.3187131 0.3139054 0.2348486 0.3685794 0.3150469 0.3193608 0.3078245 0.3080105 0.2024409 0.2890889 0.2843288 0.3059894 0.3068495 0.2901093 0.1690892 0.3128102 0.2343650 0.3095009 0.3190144 0.3256921 0.3088465 0.3082910 0.1758193 0.0982397 0.1563811 0.3286901 0.3140854 0.3000325 0.3272338 0.1870337 0.3121198 0.3207438 0.3098321 0.2980158 0.2687120 0.3099248 0.3045449 0.3260012 
Galeana_pratensis_104_mex                  0.0845047 0.0904543 0.0756557 0.1931473 0.0789436 0.2592511 0.1512948 0.0000000 0.1168493 0.0872437 0.0856922 0.0926674 0.0982049 0.0865199 0.0902612 0.0906439 0.0896437 0.4036308 0.0918376 0.0870640 0.1569645 0.0952171 0.1134429 0.1040929 0.0956283 0.0926097 0.0904188 0.1066818 0.2649634 0.0776350 0.0763615 0.0926953 0.1538538 0.0795351 0.0842331 0.1601599 0.0960677 0.0868900 0.1045920 0.0851183 0.0923568 0.0984085 0.1763177 0.0898478 0.1789137 0.1020162 0.0950402 0.0869455 0.0924470 0.1832309 0.0984085 0.0869305 0.0953652 0.0912134 0.0923029 0.0904924 0.0962202 0.0823013 0.0899134 0.0896526 0.0870005 0.1407720 0.1066247 0.0881450 0.0693932 0.0955804 0.1046168 0.0928332 0.1055684 0.0618720 0.0625122 0.0896815 0.0769473 0.0840247 0.0897534 0.0926124 0.0847903 0.1064575 0.1044355 0.0869510 0.0842318 0.1075224 0.0926155 0.1060525 0.1100167 
Helianthus_annuus_SRR9119062               0.2414569 0.1575324 0.2337738 0.3839737 0.2177698 0.2948098 0.3370281 0.1168493 0.0000000 0.2380822 0.2225110 0.2335441 0.2121409 0.2825824 0.1485122 0.2214133 0.2293238 0.4720061 0.2425989 0.1964696 0.2704940 0.2288002 0.1306629 0.2970155 0.2363170 0.2023596 0.2555729 0.2450908 0.4517042 0.1701947 0.1308382 0.2016770 0.3860861 0.2038605 0.2277850 0.3459446 0.2518454 0.2300905 0.2695540 0.2055915 0.1978964 0.2860374 0.3562168 0.2109048 0.3243934 0.2619533 0.2342796 0.2416486 0.2271171 0.3128913 0.2645726 0.2343512 0.2373754 0.2561033 0.2061307 0.1218904 0.1746428 0.1990739 0.2260730 0.2317713 0.2418273 0.1347796 0.2256236 0.1440431 0.2286810 0.2572624 0.2354858 0.2613205 0.2700724 0.1004219 0.0799364 0.1051321 0.2187575 0.2346894 0.2074418 0.2365465 0.1102341 0.2710022 0.2429587 0.2251851 0.2280282 0.1925861 0.2292079 0.2793222 0.2476351 
Lycapsus_tenuifolius_17                    0.0030653 0.0488653 0.0312777 0.3604361 0.1098116 0.2734991 0.3214736 0.0872437 0.2380822 0.0000000 0.1254753 0.1231880 0.1122791 0.1711473 0.0747383 0.1023928 0.1129511 0.4278343 0.1311283 0.0955819 0.2509499 0.1021351 0.0575538 0.1839384 0.1240681 0.1078395 0.1441256 0.1577982 0.4661433 0.1107273 0.0800204 0.0986111 0.3880476 0.0012877 0.1230827 0.2692359 0.1518625 0.1028716 0.1620593 0.0932947 0.1035662 0.1757158 0.3131391 0.0994963 0.2822683 0.1588203 0.1127018 0.1195905 0.1190257 0.2939355 0.1569984 0.1271049 0.1282153 0.1430685 0.1156838 0.0998129 0.0787075 0.1072370 0.1095133 0.1054434 0.1011691 0.0932712 0.1528071 0.0808983 0.1192553 0.1290149 0.1060748 0.1953751 0.1592884 0.0569457 0.0487184 0.0516424 0.1328638 0.1322803 0.0933651 0.1350098 0.0599948 0.1516105 0.1153832 0.1081586 0.1220874 0.1007542 0.1085628 0.2651313 0.2121181 
Pericome_caudata_50_silver                 0.1269943 0.0931200 0.1201615 0.3004160 0.1088797 0.2895545 0.2756434 0.0856922 0.2225110 0.1254753 0.0000000 0.1534505 0.1429329 0.2104330 0.1175148 0.1383335 0.1414959 0.4255811 0.1419564 0.1286395 0.2363317 0.1384585 0.1076353 0.2089538 0.1515107 0.1397401 0.1227135 0.1996339 0.4287925 0.1226490 0.1143303 0.1291367 0.3345632 0.1097508 0.1567882 0.2786199 0.1337427 0.1386441 0.1453704 0.1339953 0.1328073 0.1972922 0.3100071 0.1346800 0.2774673 0.1420910 0.1476552 0.1502888 0.1492921 0.2872922 0.1852241 0.1519641 0.1517532 0.1217001 0.1455679 0.1228148 0.1288372 0.0729137 0.1390461 0.1377468 0.1307988 0.0939312 0.1284446 0.0684612 0.1490963 0.1547164 0.1332680 0.1587050 0.1298652 0.0678378 0.0419588 0.0620834 0.1639505 0.1597579 0.1339918 0.1583054 0.0898687 0.1294716 0.1433016 0.1400051 0.1539871 0.1421271 0.1425871 0.3118615 0.2051366 
Perityle_aglossa_84_dead_horse             0.1220171 0.0755244 0.1151557 0.3682993 0.1439537 0.3048040 0.3207097 0.0926674 0.2335441 0.1231880 0.1534505 0.0000000 0.0582404 0.1171165 0.0431597 0.1186715 0.0534592 0.4140977 0.1481271 0.0384615 0.2460245 0.0534372 0.0377601 0.1269447 0.0788738 0.0401323 0.1690768 0.1048836 0.4395226 0.1209108 0.0566836 0.1000819 0.3768084 0.0983081 0.0580681 0.2851449 0.1785028 0.0546668 0.1949991 0.1006000 0.0434833 0.1139815 0.3321778 0.0457855 0.2994602 0.1942835 0.0660909 0.0754840 0.0565918 0.3106673 0.1031891 0.0720703 0.0744066 0.1709127 0.0458110 0.0740503 0.0472489 0.1223801 0.0555778 0.0543377 0.0651235 0.1160839 0.1619086 0.1053832 0.0549563 0.0943066 0.1079785 0.2023172 0.1873077 0.0293834 0.0321949 0.0451029 0.1145280 0.0745163 0.0317770 0.0712186 0.0317144 0.1855520 0.1211300 0.0566759 0.0557244 0.0813441 0.0555740 0.2456941 0.1918398 
Perityle_ajoensis_204                      0.1111453 0.0717243 0.1106342 0.3479017 0.1285282 0.2916836 0.3101437 0.0982049 0.2121409 0.1122791 0.1429329 0.0582404 0.0000000 0.0998231 0.0296936 0.0954642 0.0326920 0.4444877 0.1469134 0.0317050 0.2361345 0.0345168 0.0416054 0.0983201 0.0504835 0.0310672 0.1512541 0.0800977 0.4181027 0.0853741 0.0565467 0.1020686 0.3638688 0.0981539 0.0382554 0.2855783 0.1659833 0.0316179 0.1767185 0.0879582 0.0407398 0.0925985 0.3115447 0.0339757 0.2938186 0.1731193 0.0358364 0.0471774 0.0380919 0.2902789 0.0956891 0.0436253 0.0458560 0.1529669 0.0364956 0.0565595 0.0416197 0.1222210 0.0336779 0.0331788 0.0650428 0.1206815 0.1558856 0.1005567 0.0290502 0.0750238 0.0901695 0.2004274 0.1640802 0.0218485 0.0190737 0.0383389 0.1037142 0.0470303 0.0323716 0.0486020 0.0224148 0.1669460 0.1054870 0.0281164 0.0371155 0.0836818 0.0341301 0.2698719 0.2222754 
Perityle_ambrosiifolia_67_green            0.1725099 0.0729639 0.1695650 0.3695123 0.1783657 0.2930457 0.3468917 0.0865199 0.2825824 0.1711473 0.2104330 0.1171165 0.0998231 0.0000000 0.0418758 0.1643565 0.1007292 0.4236376 0.1911456 0.0578312 0.2997013 0.1151173 0.0635747 0.0726233 0.1085535 0.0808371 0.2183881 0.1465755 0.4722734 0.1944302 0.0617534 0.1185741 0.4218073 0.1184906 0.1227526 0.2680501 0.2304099 0.1026631 0.2302262 0.1406440 0.0061062 0.0618593 0.3642545 0.0650328 0.3245107 0.2292160 0.1144454 0.1010498 0.1158130 0.3540101 0.0561983 0.1000156 0.0940618 0.2190179 0.0900638 0.0998007 0.0462503 0.1315669 0.1094752 0.1157547 0.0768238 0.1115877 0.2069145 0.0917343 0.1124850 0.1441094 0.1472690 0.2767074 0.2272319 0.0267844 0.0320942 0.0287190 0.1549498 0.1074687 0.0320506 0.0841478 0.0346128 0.2353483 0.1649551 0.1120926 0.1166607 0.0949977 0.1123916 0.2957918 0.2219275 
Perityle_angustifolia_13_Eagle_creek       0.0728370 0.0636389 0.0722401 0.2904413 0.0969138 0.2986982 0.2523459 0.0902612 0.1485122 0.0747383 0.1175148 0.0431597 0.0296936 0.0418758 0.0000000 0.0845201 0.0239589 0.4220256 0.0775781 0.0277342 0.2165785 0.0240206 0.0414276 0.0315445 0.0296898 0.0240665 0.1018078 0.0366870 0.3107209 0.0592308 0.0524845 0.0835712 0.2578205 0.0727624 0.0258439 0.2258396 0.0921428 0.0183772 0.1157067 0.0767536 0.0418344 0.0296951 0.2525629 0.0277720 0.2460473 0.1159539 0.0165374 0.0239896 0.0258842 0.2608602 0.0353739 0.0240063 0.0296600 0.1024032 0.0091403 0.0467561 0.0308439 0.0973129 0.0259710 0.0259320 0.0463319 0.1208576 0.1155983 0.0993858 0.0295791 0.0527844 0.0696760 0.1089606 0.1275343 0.0169300 0.0094780 0.0348800 0.0568788 0.0259116 0.0277755 0.0296455 0.0178380 0.1348593 0.0768468 0.0240412 0.0335589 0.0710861 0.0259678 0.1061726 0.0868930 
Perityle_batopilensis_97                   0.1068232 0.0755173 0.1000212 0.3530913 0.1163878 0.3078372 0.3145168 0.0906439 0.2214133 0.1023928 0.1383335 0.1186715 0.0954642 0.1643565 0.0845201 0.0000000 0.0911764 0.4370568 0.1049172 0.0872398 0.2663528 0.0986740 0.0491294 0.1667091 0.1155962 0.0901347 0.0903048 0.1429008 0.4095540 0.1278254 0.0615903 0.0780002 0.3700239 0.0827626 0.1069436 0.2605448 0.1265366 0.0951598 0.1423107 0.0107594 0.0811305 0.1597807 0.3211486 0.0941699 0.2905037 0.1414936 0.1023675 0.1165642 0.0998981 0.3204679 0.1498638 0.1078832 0.1104743 0.0863249 0.0935405 0.1111768 0.0859731 0.0864149 0.0981408 0.1000101 0.0766642 0.0797097 0.1479302 0.0717754 0.1010037 0.1190271 0.0587296 0.1423785 0.1473030 0.0886039 0.0520882 0.0648570 0.1237555 0.1145871 0.0768046 0.1142729 0.0792720 0.1451342 0.0828657 0.0988172 0.1033007 0.0905857 0.0998190 0.1948068 0.1326990 
Perityle_bisetosa_9                        0.1118446 0.0608674 0.1125398 0.3526733 0.1289534 0.2915724 0.3143119 0.0896437 0.2293238 0.1129511 0.1414959 0.0534592 0.0326920 0.1007292 0.0239589 0.0911764 0.0000000 0.4236376 0.1364578 0.0293936 0.2372479 0.0280422 0.0261527 0.1002431 0.0517772 0.0276935 0.1525423 0.0902912 0.4458701 0.0862126 0.0463472 0.0963839 0.3742331 0.0928159 0.0372761 0.2806636 0.1682651 0.0162954 0.1787019 0.0792157 0.0301425 0.0918564 0.3227644 0.0271738 0.2893181 0.1752766 0.0360092 0.0495692 0.0338818 0.3052360 0.0848922 0.0447407 0.0468987 0.1542172 0.0353973 0.0580902 0.0292544 0.1145277 0.0286388 0.0278972 0.0563407 0.1066355 0.1591559 0.0891133 0.0316417 0.0765471 0.0938432 0.2064839 0.1706801 0.0119984 0.0158451 0.0253095 0.0958899 0.0536316 0.0191244 0.0490556 0.0155919 0.1719831 0.1115036 0.0317779 0.0362072 0.0696903 0.0301412 0.2621458 0.2109288 
Perityle_californica_76_positas            0.4173937 0.4631521 0.4152086 0.4410497 0.4353622 0.0000010 0.4313492 0.4036308 0.4720061 0.4278343 0.4255811 0.4140977 0.4444877 0.4236376 0.4220256 0.4370568 0.4236376 0.0000000 0.4061730 0.4141456 0.3915052 0.4218352 0.0000010 0.4236376 0.4256400 0.4480875 0.4265623 0.4451903 0.4073227 0.4348446 0.4163535 0.4152086 0.3829238 0.4173937 0.4123828 0.2411281 0.4072730 0.4236376 0.4300524 0.4135603 0.4356803 0.4236376 0.4305505 0.4236376 0.4406658 0.4172904 0.4327471 0.4236376 0.4333731 0.4422116 0.4236376 0.4213529 0.4363981 0.4158692 0.4123828 0.4007098 0.4236376 0.4490113 0.4218352 0.4220256 0.4123828 0.1882604 0.4406319 0.4265623 0.4123828 0.4368116 0.4370568 0.4366777 0.4303461 0.4128464 0.4124942 0.2831851 0.4244199 0.4220256 0.4236376 0.4236376 0.4220256 0.4196096 0.4403148 0.4220256 0.4123828 0.3342395 0.4218352 0.2272369 0.4171881 
Perityle_canescens_77                      0.1312662 0.0746627 0.1216087 0.3821985 0.1449475 0.3216762 0.3296279 0.0918376 0.2425989 0.1311283 0.1419564 0.1481271 0.1469134 0.1911456 0.0775781 0.1049172 0.1364578 0.4061730 0.0000000 0.1295318 0.2550813 0.1375181 0.0770919 0.2022894 0.1477048 0.1404149 0.1246522 0.1670073 0.4160112 0.1171079 0.0782832 0.1255481 0.3775208 0.1266856 0.1335229 0.2694903 0.1356018 0.1381876 0.1557700 0.1006658 0.1297338 0.1988979 0.3612377 0.1447860 0.3386774 0.1531763 0.1416189 0.1470919 0.1389389 0.3013933 0.2012899 0.1459090 0.1457787 0.1243336 0.1389197 0.1069360 0.0970130 0.1394253 0.1422791 0.1345190 0.1475610 0.0539087 0.1559970 0.0749861 0.1388392 0.1529228 0.1119161 0.1487630 0.1469336 0.0765813 0.0561346 0.0755820 0.1686854 0.1491410 0.1280544 0.1580909 0.0705258 0.1442063 0.1077700 0.1372841 0.1381878 0.0911157 0.1422700 0.2134216 0.0181912 
Perityle_castillonii_96                    0.0943193 0.0661429 0.0884455 0.3397240 0.1201288 0.2854718 0.2880215 0.0870640 0.1964696 0.0955819 0.1286395 0.0384615 0.0317050 0.0578312 0.0277342 0.0872398 0.0293936 0.4141456 0.1295318 0.0000000 0.2132321 0.0297435 0.0376594 0.0480705 0.0348226 0.0305100 0.1456282 0.0428313 0.3951661 0.0710908 0.0489269 0.0956730 0.3426534 0.0914512 0.0035753 0.2850739 0.1611321 0.0269340 0.1625427 0.0813384 0.0385447 0.0455309 0.2944804 0.0316321 0.2838007 0.1646128 0.0316501 0.0340974 0.0329492 0.2647552 0.0493652 0.0291612 0.0328929 0.1477396 0.0329425 0.0567776 0.0327160 0.1194485 0.0317873 0.0308434 0.0528901 0.1204227 0.1611577 0.0957603 0.0342311 0.0570257 0.0737969 0.1770845 0.1612467 0.0144344 0.0126905 0.0383084 0.0937118 0.0342694 0.0297812 0.0403245 0.0223902 0.1630205 0.0888563 0.0304576 0.0417323 0.0720337 0.0317848 0.2480181 0.1886245 
Perityle_cernua_84                         0.2512907 0.2264904 0.2421338 0.2677264 0.2283764 0.1785113 0.2260134 0.1569645 0.2704940 0.2509499 0.2363317 0.2460245 0.2361345 0.2997013 0.2165785 0.2663528 0.2372479 0.3915052 0.2550813 0.2132321 0.0000000 0.2424584 0.2069444 0.3265489 0.2565454 0.2327273 0.2183781 0.2931916 0.2830193 0.1956336 0.1710116 0.2298577 0.1606123 0.2300097 0.2377825 0.3504487 0.2347132 0.2390739 0.2546802 0.2610243 0.2179683 0.3177480 0.1772455 0.2351595 0.1384538 0.2571876 0.2452416 0.2591769 0.2384138 0.1792817 0.3073235 0.2538556 0.2616466 0.2131778 0.2298825 0.1822648 0.2395069 0.1970496 0.2370280 0.2400933 0.2236375 0.1352610 0.2105616 0.1901618 0.2278007 0.2459123 0.2488428 0.2274910 0.2419671 0.1440302 0.0940169 0.1413742 0.2242091 0.2600691 0.2281402 0.2620547 0.1771789 0.2535948 0.2613763 0.2439005 0.2397945 0.2609720 0.2406357 0.2509583 0.2337567 
Perityle_cfvillosa_25_tin                  0.1009725 0.0663089 0.1005248 0.3542975 0.1226137 0.3032733 0.3136804 0.0952171 0.2288002 0.1021351 0.1384585 0.0534372 0.0345168 0.1151173 0.0240206 0.0986740 0.0280422 0.4218352 0.1375181 0.0297435 0.2424584 0.0000000 0.0299796 0.1106288 0.0588255 0.0104481 0.1558850 0.0843491 0.4314332 0.0912825 0.0488721 0.0893163 0.3596033 0.0938874 0.0314486 0.2873006 0.1640696 0.0280662 0.1831804 0.0892348 0.0338955 0.1016420 0.3312400 0.0327106 0.2975328 0.1824651 0.0335606 0.0554702 0.0087999 0.3112825 0.0907427 0.0509169 0.0543855 0.1576648 0.0303561 0.0579108 0.0363221 0.1240144 0.0054972 0.0099146 0.0614568 0.1158041 0.1619255 0.1005265 0.0347774 0.0763452 0.0933661 0.1900900 0.1767096 0.0193870 0.0222641 0.0317628 0.0997472 0.0451404 0.0178429 0.0580841 0.0089042 0.1765940 0.1102918 0.0222484 0.0407435 0.0741891 0.0054968 0.2350415 0.1845379 
Perityle_cinerea_113_Powell1310            0.0575538 0.0632660 0.0606859 0.2461478 0.0668483 0.2700607 0.2022406 0.1134429 0.1306629 0.0575538 0.1076353 0.0377601 0.0416054 0.0635747 0.0414276 0.0491294 0.0261527 0.0000010 0.0770919 0.0376594 0.2069444 0.0299796 0.0000000 0.0534266 0.0376754 0.0262064 0.0908164 0.0493608 0.3345917 0.0647460 0.0513355 0.0728876 0.2247128 0.0575538 0.0376594 0.2123717 0.0877806 0.0375759 0.1133844 0.0413680 0.0552665 0.0455650 0.2154179 0.0377218 0.2242581 0.1184714 0.0337372 0.0299737 0.0261905 0.2241735 0.0455650 0.0299719 0.0415176 0.0908164 0.0530155 0.0641240 0.0454377 0.0766582 0.0224801 0.0300317 0.0453664 0.1001496 0.1180041 0.0954825 0.0295840 0.0493252 0.0694961 0.0998645 0.1151911 0.0278095 0.0368423 0.0636867 0.0513355 0.0300713 0.0300402 0.0454093 0.0262064 0.1193161 0.0734967 0.0301197 0.0376563 0.0492420 0.0262494 0.0649462 0.0892827 
Perityle_coahuilensis_24                   0.1852226 0.0697827 0.1805105 0.3844188 0.1915239 0.3225908 0.3741045 0.1040929 0.2970155 0.1839384 0.2089538 0.1269447 0.0983201 0.0726233 0.0315445 0.1667091 0.1002431 0.4236376 0.2022894 0.0480705 0.3265489 0.1106288 0.0534266 0.0000000 0.1024204 0.0856674 0.2320869 0.1302505 0.4921067 0.1885280 0.0516302 0.1079126 0.4412463 0.1281134 0.1083284 0.2947022 0.2334551 0.1021325 0.2373740 0.1582835 0.0246230 0.0030776 0.3552368 0.0766518 0.3246643 0.2408021 0.1100238 0.0943228 0.1091836 0.3522002 0.0140162 0.0912086 0.0853625 0.2340502 0.0947727 0.1047306 0.0399516 0.1345447 0.1077124 0.1087536 0.0650323 0.1164923 0.2082189 0.0980991 0.1102309 0.1335907 0.1435015 0.2958304 0.2213312 0.0292131 0.0321366 0.0000010 0.1503543 0.1030225 0.0226136 0.0856446 0.0292990 0.2449595 0.1623538 0.1080334 0.1098617 0.0837532 0.1105533 0.2804926 0.2187364 
Perityle_cochisensis_44_cave_creek         0.1228540 0.0680278 0.1195677 0.3550189 0.1387033 0.2862625 0.3183000 0.0956283 0.2363170 0.1240681 0.1515107 0.0788738 0.0504835 0.1085535 0.0296898 0.1155962 0.0517772 0.4256400 0.1477048 0.0348226 0.2565454 0.0588255 0.0376754 0.1024204 0.0000000 0.0379610 0.1561113 0.0915351 0.4308014 0.1207353 0.0566582 0.0928676 0.3736119 0.0967614 0.0590729 0.2842589 0.1609118 0.0518529 0.1741069 0.1048529 0.0251870 0.0932948 0.3164129 0.0203609 0.2807090 0.1790419 0.0550369 0.0205264 0.0625165 0.3052749 0.0859838 0.0170989 0.0147921 0.1563963 0.0351113 0.0588537 0.0381840 0.1140386 0.0601547 0.0575883 0.0650077 0.1069412 0.1566333 0.0914990 0.0647171 0.0916613 0.1083156 0.1821739 0.1740555 0.0217933 0.0255968 0.0221754 0.1080852 0.0358782 0.0258447 0.0330543 0.0247140 0.1756989 0.1191057 0.0588378 0.0678635 0.0837120 0.0601504 0.2244735 0.1680683 
Perityle_congesta_202                      0.1095345 0.0664261 0.1028434 0.3464049 0.1309551 0.2920297 0.3091259 0.0926097 0.2023596 0.1078395 0.1397401 0.0401323 0.0310672 0.0808371 0.0240665 0.0901347 0.0276935 0.4480875 0.1404149 0.0305100 0.2327273 0.0104481 0.0262064 0.0856674 0.0379610 0.0000000 0.1581685 0.0668521 0.4093522 0.0829112 0.0565843 0.1000313 0.3467429 0.0939784 0.0362331 0.2810846 0.1683381 0.0253699 0.1813261 0.0847012 0.0360787 0.0832457 0.3061663 0.0318570 0.2962026 0.1777507 0.0371497 0.0342661 0.0129075 0.2801924 0.0855020 0.0337782 0.0348870 0.1599226 0.0382940 0.0583078 0.0363872 0.1258126 0.0131555 0.0127196 0.0616399 0.1157353 0.1709482 0.1007467 0.0338597 0.0649059 0.0882494 0.2084017 0.1700292 0.0169700 0.0190938 0.0350433 0.1041142 0.0227341 0.0162947 0.0404081 0.0089247 0.1712297 0.0958930 0.0216810 0.0396827 0.0743214 0.0111144 0.2776678 0.2194979 
Perityle_cordifolia_27                     0.1427803 0.0918567 0.1413505 0.3122950 0.1301987 0.2885317 0.3135304 0.0904188 0.2555729 0.1441256 0.1227135 0.1690768 0.1512541 0.2183881 0.1018078 0.0903048 0.1525423 0.4265623 0.1246522 0.1456282 0.2183781 0.1558850 0.0908164 0.2320869 0.1561113 0.1581685 0.0000000 0.2133775 0.4212264 0.1200295 0.1012326 0.1362224 0.3753244 0.1019581 0.1718739 0.2125553 0.0768892 0.1542984 0.0941451 0.0863141 0.1512311 0.2215704 0.3221819 0.1503401 0.2911111 0.0880661 0.1692851 0.1701442 0.1642890 0.2836582 0.2084058 0.1709690 0.1736623 0.0066187 0.1581658 0.1476444 0.1172165 0.0279117 0.1540151 0.1529278 0.1394980 0.0839106 0.1026657 0.0078822 0.1639713 0.1770889 0.1156508 0.1399774 0.0895165 0.0765915 0.0554662 0.0823016 0.1767296 0.1850801 0.1600198 0.1750358 0.0832966 0.0912109 0.1380795 0.1642056 0.1666751 0.1233691 0.1566599 0.3094754 0.2378918 
Perityle_cordifolia_68_tecolote            0.1606370 0.0709207 0.1530781 0.3845420 0.1873204 0.2756657 0.3442181 0.1066818 0.2450908 0.1577982 0.1996339 0.1048836 0.0800977 0.1465755 0.0366870 0.1429008 0.0902912 0.4451903 0.1670073 0.0428313 0.2931916 0.0843491 0.0493608 0.1302505 0.0915351 0.0668521 0.2133775 0.0000000 0.4896075 0.1414362 0.0616887 0.1214571 0.4146186 0.1001917 0.0853863 0.2914349 0.2237674 0.0790233 0.2309185 0.1289793 0.0627663 0.1214946 0.3514786 0.0556785 0.3181815 0.2208887 0.0946495 0.0863829 0.0969985 0.3233900 0.1071500 0.0908370 0.0931980 0.2152288 0.0738771 0.0736896 0.0050953 0.1298004 0.0903403 0.0839690 0.0691069 0.1209357 0.1923459 0.1079185 0.1031562 0.1228274 0.1275349 0.2728115 0.2157877 0.0318785 0.0223261 0.0416450 0.1257856 0.1004714 0.0503570 0.0867626 0.0316713 0.2200062 0.1428115 0.0898541 0.0976647 0.0881739 0.0904122 0.2795028 0.2354517 
Perityle_coronopifolia_28_patagonia        0.4654862 0.3421381 0.4530567 0.3963519 0.4297856 0.4196907 0.3587194 0.2649634 0.4517042 0.4661433 0.4287925 0.4395226 0.4181027 0.4722734 0.3107209 0.4095540 0.4458701 0.4073227 0.4160112 0.3951661 0.2830193 0.4314332 0.3345917 0.4921067 0.4308014 0.4093522 0.4212264 0.4896075 0.0000000 0.2676017 0.2567099 0.4258848 0.4129605 0.3792744 0.4510605 0.4908406 0.4472870 0.4400071 0.4379669 0.3951154 0.4012672 0.4770270 0.4638157 0.4159480 0.4160194 0.4388060 0.4401129 0.4523526 0.4405552 0.3742675 0.4801451 0.4483367 0.4566783 0.4139016 0.4153265 0.3056062 0.3731018 0.3359128 0.4372325 0.4235608 0.4054383 0.2107549 0.3877314 0.2925959 0.4254502 0.4385718 0.4347373 0.4488933 0.4298262 0.2153054 0.1230320 0.2199534 0.3957893 0.4438330 0.4260137 0.4423676 0.2561526 0.4432750 0.4437530 0.4370119 0.4409551 0.3684376 0.4411382 0.5403550 0.4921936 
Perityle_crassifolia_70_ventanas           0.1126919 0.0770039 0.1106636 0.2474343 0.1018433 0.2611931 0.2323002 0.0776350 0.1701947 0.1107273 0.1226490 0.1209108 0.0853741 0.1944302 0.0592308 0.1278254 0.0862126 0.4348446 0.1171079 0.0710908 0.1956336 0.0912825 0.0647460 0.1885280 0.1207353 0.0829112 0.1200295 0.1414362 0.2676017 0.0000000 0.0112361 0.0773955 0.2325227 0.0967404 0.0938027 0.0893691 0.1133568 0.0862454 0.1404368 0.1231619 0.0684548 0.1776677 0.2575802 0.0877423 0.2094736 0.1405391 0.0926991 0.1183769 0.0894860 0.2582327 0.1598474 0.1150111 0.1185402 0.1224331 0.0761610 0.0786510 0.0619543 0.0986511 0.0931279 0.0893167 0.0575812 0.0981260 0.1143456 0.0925190 0.0953269 0.1063530 0.1281329 0.1225897 0.1340986 0.0494638 0.0419054 0.0503714 0.0068807 0.1185510 0.0632406 0.1247769 0.0505942 0.1315374 0.1311352 0.0855372 0.0969254 0.0744036 0.0932964 0.0535282 0.0897978 
Perityle_crassifolia_74_playa_balandra     0.0800204 0.0734989 0.0718627 0.2518977 0.0956906 0.2337892 0.2106276 0.0763615 0.1308382 0.0800204 0.1143303 0.0566836 0.0565467 0.0617534 0.0524845 0.0615903 0.0463472 0.4163535 0.0782832 0.0489269 0.1710116 0.0488721 0.0513355 0.0516302 0.0566582 0.0565843 0.1012326 0.0616887 0.2567099 0.0112361 0.0000000 0.0669145 0.2237081 0.0800204 0.0463829 0.2005540 0.1055470 0.0513785 0.1143558 0.0591497 0.0591842 0.0515990 0.1965801 0.0540165 0.1990756 0.1112403 0.0591272 0.0488912 0.0463814 0.2023831 0.0541403 0.0463919 0.0565639 0.1020709 0.0539724 0.0435812 0.0591159 0.1042109 0.0539910 0.0514931 0.0540373 0.0984959 0.1222970 0.1019477 0.0494742 0.0694642 0.0750419 0.1085198 0.1121596 0.0416551 0.0394129 0.0503714 0.0000010 0.0540294 0.0540385 0.0565272 0.0420825 0.1100528 0.0751833 0.0566267 0.0515225 0.0743344 0.0566286 0.1014426 0.0749439 
Perityle_cuneata_34_cuneata_San_antonio    0.1043979 0.0635933 0.0973450 0.3367218 0.1098432 0.3034131 0.2829499 0.0926953 0.2016770 0.0986111 0.1291367 0.1000819 0.1020686 0.1185741 0.0835712 0.0780002 0.0963839 0.4152086 0.1255481 0.0956730 0.2298577 0.0893163 0.0728876 0.1079126 0.0928676 0.1000313 0.1362224 0.1214571 0.4258848 0.0773955 0.0669145 0.0000000 0.3630342 0.0753943 0.1075055 0.2663305 0.1503369 0.0940529 0.1470933 0.0723303 0.1074492 0.1052847 0.3070459 0.0994089 0.2984269 0.1475995 0.1037206 0.1024066 0.1011969 0.2676373 0.1096838 0.0945962 0.1010647 0.1366371 0.1105156 0.0979011 0.0907387 0.0966863 0.0940598 0.0930117 0.0924165 0.0887222 0.1629919 0.0706942 0.1024431 0.1144912 0.0947441 0.1948881 0.1526879 0.0735010 0.0453662 0.0650689 0.1184011 0.1026844 0.0971125 0.1073780 0.0702258 0.1528497 0.0960698 0.0986951 0.1077550 0.1073342 0.0969600 0.2504528 0.2146444 
Perityle_cuneata_4                         0.3893601 0.2861015 0.3730207 0.3112937 0.3639283 0.2079874 0.2602382 0.1538538 0.3860861 0.3880476 0.3345632 0.3768084 0.3638688 0.4218073 0.2578205 0.3700239 0.3742331 0.3829238 0.3775208 0.3426534 0.1606123 0.3596033 0.2247128 0.4412463 0.3736119 0.3467429 0.3753244 0.4146186 0.4129605 0.2325227 0.2237081 0.3630342 0.0000000 0.3355646 0.3677020 0.3877615 0.3897733 0.3675993 0.3992274 0.3499220 0.3541633 0.4299029 0.3538138 0.3608669 0.3089666 0.4084312 0.3702528 0.3869056 0.3535083 0.2488677 0.4118780 0.3823034 0.3868268 0.3684796 0.3577121 0.2294047 0.3097879 0.2980120 0.3546755 0.3559008 0.3644583 0.1516364 0.3570678 0.2241490 0.3687841 0.3874565 0.3822597 0.4152596 0.3875854 0.1571333 0.0907150 0.1349395 0.3717012 0.3803406 0.3650848 0.3786809 0.1876510 0.3978053 0.4026894 0.3644824 0.3774340 0.3026246 0.3580350 0.4140070 0.4237765 
Perityle_discoidea_81                      0.0025792 0.0471465 0.0262491 0.3446033 0.0933661 0.2734991 0.2999649 0.0795351 0.2038605 0.0012877 0.1097508 0.0983081 0.0981539 0.1184906 0.0727624 0.0827626 0.0928159 0.4173937 0.1266856 0.0914512 0.2300097 0.0938874 0.0575538 0.1281134 0.0967614 0.0939784 0.1019581 0.1001917 0.3792744 0.0967404 0.0800204 0.0753943 0.3355646 0.0000000 0.0928578 0.2630640 0.1183633 0.0930734 0.1249812 0.0768783 0.0894349 0.1250594 0.2774679 0.0920633 0.2642137 0.1302086 0.0936705 0.0905633 0.0982685 0.2617468 0.1283060 0.0921438 0.0950451 0.1006007 0.0934563 0.0819622 0.0768593 0.1056103 0.0955532 0.0953117 0.0993332 0.0932712 0.1313392 0.0787543 0.0978878 0.1089993 0.0805614 0.1183463 0.1306193 0.0544134 0.0454101 0.0516424 0.1182807 0.0938991 0.0787192 0.1036729 0.0576312 0.1263459 0.0939550 0.0878537 0.0996231 0.1007542 0.0939448 0.1652718 0.1302591 
Perityle_dissecta_201                      0.1246372 0.0643517 0.1253439 0.3482858 0.1359969 0.2854718 0.3104071 0.0842331 0.2277850 0.1230827 0.1567882 0.0580681 0.0382554 0.1227526 0.0258439 0.1069436 0.0372761 0.4123828 0.1335229 0.0035753 0.2377825 0.0314486 0.0376594 0.1083284 0.0590729 0.0362331 0.1718739 0.0853863 0.4510605 0.0938027 0.0463829 0.1075055 0.3677020 0.0928578 0.0000000 0.2818561 0.1805971 0.0297607 0.1965844 0.0980959 0.0474081 0.0999688 0.3304780 0.0352369 0.3011736 0.1945062 0.0462883 0.0575053 0.0409058 0.3027046 0.0909804 0.0582886 0.0615565 0.1737889 0.0439113 0.0660076 0.0309478 0.1201903 0.0383974 0.0301592 0.0511636 0.1204227 0.1719372 0.0935093 0.0433554 0.0808059 0.0911838 0.2095163 0.1839921 0.0120038 0.0094922 0.0350200 0.1101532 0.0638923 0.0354018 0.0640413 0.0201124 0.1864217 0.1084614 0.0377312 0.0498412 0.0697186 0.0367345 0.2811176 0.2233020 
Perityle_emoryi_47_punta_san_jose          0.2692359 0.2418199 0.2733260 0.4414359 0.2516429 0.3660383 0.3860676 0.1601599 0.3459446 0.2692359 0.2786199 0.2851449 0.2855783 0.2680501 0.2258396 0.2605448 0.2806636 0.2411281 0.2694903 0.2850739 0.3504487 0.2873006 0.2123717 0.2947022 0.2842589 0.2810846 0.2125553 0.2914349 0.4908406 0.0893691 0.2005540 0.2663305 0.3877615 0.2630640 0.2818561 0.0000000 0.2578576 0.2737936 0.2764332 0.2516811 0.2709916 0.2884850 0.3540711 0.2911915 0.3650099 0.2733758 0.2845823 0.2846018 0.2931932 0.3466446 0.2881305 0.2788275 0.2907493 0.2125553 0.2927557 0.1582624 0.2765227 0.2060234 0.2760125 0.2814585 0.2850825 0.0559142 0.2297464 0.1394146 0.2530296 0.3008959 0.2615403 0.2640206 0.2799385 0.0770710 0.0553633 0.0787991 0.2559478 0.2845049 0.2813849 0.2873275 0.1617592 0.2792526 0.2674228 0.2812817 0.2885720 0.2615089 0.2820776 0.2347256 0.2715717 
Perityle_feddemae_99                       0.1518799 0.0901302 0.1542534 0.3299192 0.1272282 0.2818879 0.3037718 0.0960677 0.2518454 0.1518625 0.1337427 0.1785028 0.1659833 0.2304099 0.0921428 0.1265366 0.1682651 0.4072730 0.1356018 0.1611321 0.2347132 0.1640696 0.0877806 0.2334551 0.1609118 0.1683381 0.0768892 0.2237674 0.4472870 0.1133568 0.1055470 0.1503369 0.3897733 0.1183633 0.1805971 0.2578576 0.0000000 0.1636918 0.0677472 0.1190951 0.1645774 0.2219963 0.3091162 0.1601377 0.2845702 0.0668898 0.1725046 0.1776052 0.1766147 0.2769063 0.2115292 0.1796053 0.1835091 0.0771028 0.1632986 0.1436812 0.1189922 0.0584038 0.1654803 0.1612018 0.1550056 0.0795486 0.0976653 0.0382810 0.1733220 0.1834043 0.1459543 0.1428461 0.0785362 0.0702085 0.0554194 0.0823629 0.1758520 0.1928566 0.1633859 0.1851777 0.0808062 0.0803011 0.1504021 0.1743333 0.1751903 0.1319939 0.1678263 0.3014056 0.2484988 
Perityle_fosteri_93                        0.1017270 0.0573514 0.1000600 0.3458089 0.1296030 0.2861236 0.3117757 0.0868900 0.2300905 0.1028716 0.1386441 0.0546668 0.0316179 0.1026631 0.0183772 0.0951598 0.0162954 0.4236376 0.1381876 0.0269340 0.2390739 0.0280662 0.0375759 0.1021325 0.0518529 0.0253699 0.1542984 0.0790233 0.4400071 0.0862454 0.0513785 0.0940529 0.3675993 0.0930734 0.0297607 0.2737936 0.1636918 0.0000000 0.1757480 0.0841946 0.0302753 0.0934038 0.3277610 0.0239674 0.2927434 0.1749874 0.0262742 0.0476358 0.0319068 0.3073267 0.0851436 0.0443222 0.0465675 0.1560549 0.0228510 0.0546198 0.0257367 0.1180640 0.0285917 0.0290638 0.0564832 0.1067371 0.1570268 0.0913667 0.0329706 0.0738248 0.0867920 0.1958562 0.1693692 0.0120045 0.0094827 0.0253266 0.0992757 0.0535663 0.0187213 0.0476307 0.0223489 0.1694176 0.1063976 0.0296930 0.0365683 0.0718578 0.0285897 0.2449389 0.1940147 
Perityle_gamon_221                         0.1645139 0.1013823 0.1614477 0.3588110 0.1383675 0.2893956 0.3214134 0.1045920 0.2695540 0.1620593 0.1453704 0.1949991 0.1767185 0.2302262 0.1157067 0.1423107 0.1787019 0.4300524 0.1557700 0.1625427 0.2546802 0.1831804 0.1133844 0.2373740 0.1741069 0.1813261 0.0941451 0.2309185 0.4379669 0.1404368 0.1143558 0.1470933 0.3992274 0.1249812 0.1965844 0.2764332 0.0677472 0.1757480 0.0000000 0.1365074 0.1639184 0.2244841 0.3190092 0.1669523 0.2908487 0.0259312 0.1895292 0.1829121 0.1900442 0.2915973 0.2089160 0.1873442 0.1924218 0.0931343 0.1810878 0.1551600 0.1313666 0.0680282 0.1776020 0.1802260 0.1571560 0.0840923 0.1088416 0.0507440 0.1841681 0.1962745 0.1529980 0.1578171 0.0931002 0.0915214 0.0690983 0.0964823 0.1943480 0.2054584 0.1694606 0.1918268 0.1035711 0.0969785 0.1562331 0.1848889 0.1867598 0.1476997 0.1788234 0.3095905 0.2382423 
Perityle_gentryi_8_san_francisco           0.0978259 0.0667603 0.0895149 0.3541625 0.1098869 0.3024264 0.3087755 0.0851183 0.2055915 0.0932947 0.1339953 0.1006000 0.0879582 0.1406440 0.0767536 0.0107594 0.0792157 0.4135603 0.1006658 0.0813384 0.2610243 0.0892348 0.0413680 0.1582835 0.1048529 0.0847012 0.0863141 0.1289793 0.3951154 0.1231619 0.0591497 0.0723303 0.3499220 0.0768783 0.0980959 0.2516811 0.1190951 0.0841946 0.1365074 0.0000000 0.0718023 0.1554894 0.3070475 0.0885145 0.2852816 0.1327022 0.0920322 0.1058670 0.0909291 0.3047020 0.1438270 0.0989546 0.1002414 0.0822725 0.0881285 0.1022923 0.0787270 0.0817215 0.0875507 0.0905853 0.0729377 0.0753825 0.1432773 0.0634906 0.0917654 0.1114577 0.0545943 0.1378615 0.1382003 0.0836700 0.0521644 0.0616192 0.1191273 0.1043669 0.0689333 0.1088720 0.0722343 0.1377795 0.0761394 0.0911822 0.0929635 0.0860584 0.0890627 0.1874220 0.1249228 
Perityle_gilensis_22_Superstition          0.1055070 0.0747411 0.0995385 0.3323086 0.1163515 0.3097615 0.2922698 0.0923568 0.1978964 0.1035662 0.1328073 0.0434833 0.0407398 0.0061062 0.0418344 0.0811305 0.0301425 0.4356803 0.1297338 0.0385447 0.2179683 0.0338955 0.0552665 0.0246230 0.0251870 0.0360787 0.1512311 0.0627663 0.4012672 0.0684548 0.0591842 0.1074492 0.3541633 0.0894349 0.0474081 0.2709916 0.1645774 0.0302753 0.1639184 0.0718023 0.0000000 0.0221238 0.3035601 0.0245729 0.2983608 0.1561583 0.0384616 0.0259535 0.0385651 0.2719189 0.0240538 0.0246021 0.0233585 0.1517229 0.0476236 0.0598373 0.0462075 0.1022854 0.0329423 0.0350778 0.0750116 0.1025339 0.1722765 0.0895204 0.0331788 0.0658892 0.0763144 0.2073263 0.1558761 0.0243096 0.0288232 0.0254735 0.0983235 0.0373741 0.0281251 0.0258201 0.0322452 0.1656812 0.0899972 0.0360839 0.0476114 0.0948845 0.0348186 0.2951975 0.2169430 
Perityle_gilensis_salensis_225             0.1770527 0.0662296 0.1710772 0.3895389 0.1816261 0.3108258 0.3656645 0.0984085 0.2860374 0.1757158 0.1972922 0.1139815 0.0925985 0.0618593 0.0296951 0.1597807 0.0918564 0.4236376 0.1988979 0.0455309 0.3177480 0.1016420 0.0455650 0.0030776 0.0932948 0.0832457 0.2215704 0.1214946 0.4770270 0.1776677 0.0515990 0.1052847 0.4299029 0.1250594 0.0999688 0.2884850 0.2219963 0.0934038 0.2244841 0.1554894 0.0221238 0.0000000 0.3407212 0.0741761 0.3192587 0.2277960 0.1017606 0.0857712 0.1008465 0.3362954 0.0107570 0.0830199 0.0771795 0.2235118 0.0936082 0.1015341 0.0363946 0.1310968 0.0992238 0.0998141 0.0615620 0.1072572 0.2048996 0.0936665 0.1004525 0.1264641 0.1350862 0.2819811 0.2081525 0.0242679 0.0256040 0.0062586 0.1488979 0.0948275 0.0200677 0.0832856 0.0247193 0.2319586 0.1509500 0.0997432 0.1003109 0.0791153 0.1019435 0.2758015 0.2156295 
Perityle_glaucescens_94                    0.3153226 0.2419145 0.3154324 0.3474131 0.3025342 0.2451173 0.2815076 0.1763177 0.3562168 0.3131391 0.3100071 0.3321778 0.3115447 0.3642545 0.2525629 0.3211486 0.3227644 0.4305505 0.3612377 0.2944804 0.1772455 0.3312400 0.2154179 0.3552368 0.3164129 0.3061663 0.3221819 0.3514786 0.4638157 0.2575802 0.1965801 0.3070459 0.3538138 0.2774679 0.3304780 0.3540711 0.3091162 0.3277610 0.3190092 0.3070475 0.3035601 0.3407212 0.0000000 0.3019068 0.0268864 0.3149656 0.3289232 0.3298421 0.3297479 0.0189088 0.3303366 0.3194957 0.3303114 0.3142634 0.3083647 0.2618307 0.2645330 0.2580313 0.3205274 0.3271013 0.2861562 0.1709358 0.3028886 0.2198608 0.3235589 0.3411971 0.3340852 0.3546634 0.3092357 0.1819966 0.1238608 0.1738032 0.2992352 0.3397345 0.3004015 0.3159630 0.2075659 0.3148314 0.3392965 0.3322993 0.3350246 0.2766321 0.3265635 0.4233601 0.4398798 
Perityle_gracilis_11                       0.0983229 0.0661250 0.0927767 0.3529632 0.1213436 0.2862924 0.3087923 0.0898478 0.2109048 0.0994963 0.1346800 0.0457855 0.0339757 0.0650328 0.0277720 0.0941699 0.0271738 0.4236376 0.1447860 0.0316321 0.2351595 0.0327106 0.0377218 0.0766518 0.0203609 0.0318570 0.1503401 0.0556785 0.4159480 0.0877423 0.0540165 0.0994089 0.3608669 0.0920633 0.0352369 0.2911915 0.1601377 0.0239674 0.1669523 0.0885145 0.0245729 0.0741761 0.3019068 0.0000000 0.2915750 0.1674726 0.0316020 0.0066544 0.0362770 0.2761547 0.0754913 0.0167464 0.0133489 0.1506111 0.0327827 0.0535792 0.0345831 0.1203660 0.0328675 0.0325403 0.0614063 0.1162979 0.1564178 0.0934537 0.0339455 0.0661451 0.0827798 0.2004667 0.1581605 0.0144243 0.0223403 0.0318625 0.1073771 0.0258958 0.0171066 0.0246422 0.0201473 0.1614107 0.0972999 0.0293731 0.0400118 0.0789261 0.0340233 0.2520726 0.1990606 
