83
Amauria_brandeegeana_62                    0.0000000 0.2329162 0.1417149 0.0000010 0.2306069 0.0000010 0.4098538 0.2094973 0.3741350 0.0146217 0.3676067 0.3154051 0.3239878 0.0000010 0.3055207 1.1211027 0.2573557 0.2599629 0.2324249 0.0000010 0.3309157 0.1512788 0.3132068 0.2176752 0.3111553 0.3026108 0.3394419 0.5240244 0.0000010 0.1005389 0.2322759 0.0154267 0.2592595 0.2419247 0.3743696 0.0000010 0.3650542 0.3107341 0.3210633 0.3367438 0.4000366 0.3164331 0.3424249 0.3525066 0.3592903 0.3180332 0.3262440 0.2546008 0.6288855 0.2749418 0.3463940 0.0000010 0.3924580 0.1186789 0.1603194 1.0643424 0.2865080 0.2147606 0.1217506 0.0000010 0.1552314 0.3245991 0.2922014 1.6273619 0.3812415 1.8184204 0.3635691 0.3171975 0.3120942 0.2942692 0.2896861 0.1144381 0.0000010 0.1464187 0.2786573 0.3621164 0.3031238 0.3210317 0.8528332 0.3033699 0.3379025 0.2924091 0.1732220 
Amauria_carterae_99_mesa                   0.2329162 0.0000000 0.2198266 0.2931345 0.1530574 0.1282300 0.2567308 0.2795212 0.3015233 0.2214280 0.2651299 0.2819770 0.2935275 0.2989103 0.2678524 0.3863370 0.2080797 0.2784171 0.2366309 0.3537410 0.2985136 0.2593189 0.2233069 0.2917979 0.3057716 0.3215652 0.3708093 0.3320573 0.2087280 0.1891309 0.2025073 0.1962436 0.3712680 0.2593616 0.2518461 0.3111452 0.2710934 0.3167052 0.2386811 0.3069131 0.2496961 0.3023722 0.2466021 0.2829463 0.2440851 0.3055720 0.2926076 0.2361956 0.2742840 0.2985289 0.2448738 0.2148867 0.3200421 0.2971435 0.2094362 0.3744588 0.3013810 0.2640535 0.2358721 0.4088335 0.1813898 0.3133026 0.2827755 0.5189670 0.2903969 0.3304186 0.2645115 0.2604745 0.3731890 0.2518607 0.2682581 0.2269773 0.2608495 0.2221220 0.2731620 0.2363302 0.2960723 0.2769386 0.2197838 0.3160229 0.2146382 0.1947812 0.2014047 
Amauria_rotundifolia_SRR9119150            0.1417149 0.2198266 0.0000000 0.2200393 0.1964565 0.0920648 0.2445443 0.2151656 0.3274719 0.1131212 0.2793742 0.2830950 0.3801235 0.3089682 0.2503508 0.3523177 0.1767361 0.2871948 0.2423922 0.3893759 0.3950540 0.2239838 0.3626845 0.3602785 0.3653099 0.4295585 0.5086360 0.2700408 0.1395203 0.1436712 0.1859174 0.0989783 0.4417022 0.2466744 0.2309350 0.3252878 0.2266729 0.3092596 0.2645478 0.3829610 0.2517192 0.3588756 0.2299993 0.2387982 0.2682350 0.3834552 0.3690106 0.2064316 0.2732271 0.3733746 0.2354089 0.1832724 0.2448879 0.2601746 0.2068948 0.4354775 0.3934309 0.2738487 0.2382414 0.3135750 0.1558721 0.3927701 0.2305192 0.4877316 0.3035045 0.2423254 0.3039334 0.3560804 0.5454090 0.2164014 0.3638455 0.2519498 0.2306610 0.1529921 0.3013678 0.2479442 0.3733970 0.2801692 0.2173962 0.4012241 0.2009064 0.1791694 0.2272444 
Conoclinium_coelestinum_SRR9119114         0.0000010 0.2931345 0.2200393 0.0000000 0.2632221 0.1856308 0.0979730 0.3065274 0.2842790 0.2318554 0.2673074 0.2663113 0.3691468 0.3750954 0.2305126 0.2146366 0.2037965 0.3517417 0.2453455 0.3640993 0.3649457 0.2885429 1.3931019 0.3816503 0.3633765 0.4634200 0.5739036 0.1954097 0.2244485 0.2186251 0.2367684 0.2439591 0.5815780 0.2059784 0.2061970 0.3240423 0.2045199 0.3698912 0.2205875 0.3633566 0.2111153 0.3640628 0.2084942 0.2173919 0.2346014 0.3650069 0.3500241 0.2117461 0.2936195 0.3697237 0.2080430 0.2065696 0.2216736 0.3784513 0.2517246 0.3671629 0.3828416 0.2556976 0.3884283 0.3261637 0.0000010 0.3769358 0.1932572 0.2902177 0.2294061 0.2466427 0.2387241 0.3824260 0.5257509 0.2145152 0.3483892 0.2906308 0.2339004 0.0000010 0.2661499 0.2560687 0.3546181 0.2579358 0.2461870 0.3683613 0.2311478 0.1642952 0.2835509 
Eutetras_palmeri_63                        0.2306069 0.1530574 0.1964565 0.2632221 0.0000000 0.1116029 0.2865134 0.2960756 0.3200712 0.2075555 0.3218142 0.2947689 0.3856395 0.3184032 0.3030155 0.3794787 0.2414045 0.3132496 0.2599497 0.3891811 0.3905821 0.2333695 0.4060102 0.3628228 0.3899326 0.4233698 0.5193297 0.3232627 0.1879654 0.1940527 0.2090383 0.1819043 0.4618213 0.2861483 0.2570297 0.3053632 0.2906238 0.2820955 0.2752621 0.3975965 0.2768921 0.3884467 0.2589345 0.2988723 0.2854878 0.3946798 0.3621845 0.2349111 0.2406071 0.3879902 0.2714232 0.1829932 0.2939501 0.2928317 0.2481275 0.4254969 0.3897627 0.3074754 0.2443133 0.3138932 0.2018640 0.3983540 0.3007856 0.4782780 0.3462347 0.3027304 0.3000477 0.3449155 0.5380899 0.2767015 0.3743171 0.2318962 0.2166627 0.2452157 0.3305358 0.2785920 0.3837725 0.2795338 0.2166893 0.4070215 0.2554959 0.1976176 0.2382769 
Eutetras_pringlei_149_quer                 0.0000010 0.1282300 0.0920648 0.1856308 0.1116029 0.0000000 0.1366435 0.1285597 0.1436016 0.1312327 0.1315126 0.1501238 0.2078876 0.2141856 0.1449058 0.7083103 0.0911909 0.3615701 0.1872942 0.2067362 0.2148344 0.2739956 0.5476495 0.2062835 0.2074975 0.1506585 0.1607705 0.0576013 0.1452749 0.1458717 0.1049848 0.1312327 0.1963845 0.0949895 0.0436962 0.1597902 0.0809852 0.1820948 0.1716917 0.2260571 0.0437410 0.2095771 0.0392125 0.0743788 0.1557098 0.2207985 0.2261744 0.0436156 0.1722158 0.2082215 0.0848932 0.1447876 0.1448601 0.1655561 0.1144985 0.2148344 0.2148344 0.1616473 0.0674986 0.1937598 0.0000010 0.2190525 0.0620996 0.1501788 0.0669530 0.0765366 0.1605064 0.1574992 0.1768723 0.1399555 0.2256707 0.1782178 0.1560796 0.0000010 0.0669330 0.1395952 0.2306098 0.1501238 0.1358420 0.2095771 0.1058472 0.0917802 0.1606939 
Eutrochium_fistulosum_SRR9119106           0.4098538 0.2567308 0.2445443 0.0979730 0.2865134 0.1366435 0.0000000 0.2373852 0.2916711 0.2688556 0.3300132 0.2673329 0.3144742 0.3329345 0.2359066 0.2294537 0.1800180 0.2728558 0.2507074 0.3047441 0.3269178 0.2392491 0.4293897 0.3251653 0.3154753 0.4239401 0.4876424 0.2536729 0.1543663 0.1694764 0.1890164 0.2669527 0.4617565 0.1869181 0.2473871 0.2895768 0.2458771 0.3075099 0.2406585 0.3491038 0.2508023 0.3118599 0.2425270 0.2616981 0.2707711 0.3190755 0.3259565 0.2311819 0.2482361 0.3458500 0.2422745 0.1573614 0.2598654 0.2875960 0.2212840 0.3155297 0.3362954 0.2241384 0.2866308 0.2768052 0.2420154 0.3398858 0.2334328 0.5268345 0.2800120 0.2716951 0.3096976 0.3665584 0.4773466 0.2140646 0.3112390 0.2496645 0.1940395 0.2429444 0.2794178 0.2541116 0.3089358 0.2637665 0.1943525 0.3548328 0.2248522 0.1639626 0.2561657 
Galeana_pratensis_104_mex                  0.2094973 0.2795212 0.2151656 0.3065274 0.2960756 0.1285597 0.2373852 0.0000000 0.2625788 0.2323504 0.2101037 0.3067215 0.2828241 0.2855546 0.2404747 0.3891747 0.2098003 0.3024449 0.2492839 0.3003523 0.2759802 0.2628116 0.2383352 0.2892762 0.2754018 0.3557025 0.3894477 0.2188731 0.1784180 0.2017317 0.2127259 0.2297489 0.3596232 0.2369816 0.2448086 0.2911054 0.2335335 0.3831491 0.2587625 0.2840928 0.2484076 0.2737706 0.2534556 0.2429222 0.2672742 0.2788267 0.2869490 0.2479974 0.2431517 0.2833800 0.2356175 0.2297382 0.2360238 0.3467540 0.2464085 0.2935938 0.2824037 0.2557539 0.2763619 0.4288819 0.2329924 0.2902564 0.2245815 0.5415426 0.2795186 0.3124437 0.2885567 0.2750100 0.3857242 0.2152158 0.2784564 0.2488355 0.2881122 0.2234666 0.2812642 0.2576455 0.2830514 0.3042572 0.2565520 0.2716355 0.2114703 0.1559071 0.2322862 
Helianthus_annuus_SRR9119062               0.3741350 0.3015233 0.3274719 0.2842790 0.3200712 0.1436016 0.2916711 0.2625788 0.0000000 0.3337154 0.3901465 0.3724531 0.4185520 0.3201721 0.3620920 0.5012394 0.2736140 0.3518489 0.3526951 0.4149898 0.4312465 0.2895169 0.4131064 0.4045442 0.4140351 0.4745623 0.4960024 0.4269150 0.2017666 0.2321475 0.3090550 0.2840303 0.4215562 0.3785253 0.3580373 0.2776613 0.3572320 0.4188149 0.3535601 0.4144517 0.3710625 0.3939285 0.3598032 0.3506722 0.3431524 0.4409352 0.4152196 0.3358956 0.3833291 0.4246795 0.3631133 0.2448067 0.3915266 0.2852476 0.3536577 0.5046209 0.4375899 0.3663338 0.2314139 0.2240110 0.3503470 0.4259392 0.3253994 0.6445023 0.3569037 0.3679206 0.3944260 0.4241873 0.5830209 0.3051779 0.4215167 0.3726039 0.3265220 0.3895807 0.3592701 0.3495900 0.4166892 0.3650812 0.2711079 0.4659207 0.3081672 0.2517548 0.2928797 
Lycapsus_tenuifolius_17                    0.0146217 0.2214280 0.1131212 0.2318554 0.2075555 0.1312327 0.2688556 0.2323504 0.3337154 0.0000000 0.2968062 0.2962206 0.3976048 0.3174203 0.2634851 0.3680763 0.2050766 0.3067004 0.2601662 0.3933528 0.3868783 0.2345864 0.3277185 0.3620173 0.3760725 0.4223348 0.5285077 0.2802641 0.1680736 0.1607394 0.1894063 0.0036428 0.4423470 0.2616980 0.2444328 0.3258518 0.2571574 0.3174221 0.2785068 0.3781190 0.2622323 0.3693156 0.2383327 0.2492572 0.2768416 0.3876968 0.3714087 0.2142847 0.2780465 0.3836221 0.2455522 0.1847420 0.2626761 0.2858340 0.2110300 0.4364127 0.3919522 0.2835928 0.2571430 0.3239977 0.1550195 0.4041418 0.2433786 0.4868315 0.3250140 0.2578091 0.3312014 0.3623916 0.5510071 0.2386141 0.3694822 0.2543784 0.2376626 0.1648339 0.3042426 0.2516538 0.3798716 0.2961864 0.2052987 0.3829901 0.2160289 0.2058506 0.2307405 
Pericome_caudata_50_silver                 0.3676067 0.2651299 0.2793742 0.2673074 0.3218142 0.1315126 0.3300132 0.2101037 0.3901465 0.2968062 0.0000000 0.3022391 0.3889230 0.3388990 0.3003191 0.4109940 0.2619307 0.2740497 0.2436591 0.4466917 0.3943519 0.2354492 0.2842413 0.3746582 0.3744227 0.3965198 0.4511197 0.3200535 0.2468985 0.1894931 0.2464809 0.2707427 0.4558889 0.3084458 0.2540891 0.3338079 0.2510297 0.3426665 0.2804852 0.3847480 0.2508853 0.3793983 0.2425851 0.2563277 0.2618825 0.3910291 0.3789580 0.2224745 0.3264728 0.3832527 0.2505683 0.2187067 0.2943046 0.2815124 0.2449992 0.5003029 0.3967618 0.3026044 0.2517723 0.3306406 0.2031751 0.3971557 0.2573182 0.5306087 0.3339287 0.3451961 0.3208161 0.3618626 0.5156438 0.2595778 0.3650226 0.2906529 0.2864696 0.2312286 0.3254912 0.2810159 0.3903930 0.2941070 0.2444527 0.3999091 0.2439361 0.2201297 0.2362741 
Perityle_aglossa_84_dead_horse             0.3154051 0.2819770 0.2830950 0.2663113 0.2947689 0.1501238 0.2673329 0.3067215 0.3724531 0.2962206 0.3022391 0.0000000 0.2198067 0.3547225 0.1544631 0.1171930 0.2098900 0.2259751 0.0818444 0.3276373 0.2340267 0.1019660 0.1763822 0.2254408 0.2192692 0.2142268 0.3646289 0.2203639 0.2427908 0.2002559 0.2274870 0.2668232 0.3678677 0.1950411 0.1885891 0.2447599 0.2003292 0.1703617 0.0810313 0.2310755 0.1829422 0.2079878 0.1787094 0.2157250 0.1115926 0.2363355 0.2076842 0.1742961 0.0763327 0.2532634 0.1371697 0.0612353 0.2121382 0.1790262 0.1686204 0.3337513 0.2425002 0.2659060 0.2702116 0.2998980 0.0975837 0.2202825 0.1870179 0.2903388 0.2981918 0.3462048 0.2202784 0.1448500 0.3629564 0.1803174 0.2144970 0.0869650 0.0677103 0.0863819 0.2986498 0.2397320 0.2241745 0.0220755 0.2449808 0.2810694 0.2211087 0.1678801 0.0804858 
Perityle_ajoensis_204                      0.3239878 0.2935275 0.3801235 0.3691468 0.3856395 0.2078876 0.3144742 0.2828241 0.4185520 0.3976048 0.3889230 0.2198067 0.0000000 0.1228541 0.2979918 0.0321195 0.2256319 0.2150512 0.2240621 0.0210214 0.0424814 0.1990675 0.1593160 0.0334718 0.0392441 0.4314887 0.4505309 0.3206629 0.3566974 0.2241167 0.3302345 0.3372720 0.2765555 0.2245380 0.2798753 0.2849524 0.2726003 0.5680099 0.1824704 0.0635085 0.2737463 0.0406660 0.2718404 0.2913195 0.2319217 0.0426978 0.1568222 0.2714348 0.5652451 0.0426039 0.2033508 0.2871352 0.3834873 0.2555190 0.2174067 0.0331389 0.0426494 0.3713591 0.3060876 0.3661937 0.0851496 0.0394017 0.2015395 0.7491115 0.3661760 0.5376488 0.2785968 0.3658931 0.4505320 0.2264307 0.0292062 0.3541773 0.3061594 0.0812954 0.3558507 0.3455614 0.0412670 0.2090824 0.3354998 0.0786464 0.2967688 0.2558642 0.2932385 
Perityle_ambrosiifolia_67_green            0.0000010 0.2989103 0.3089682 0.3750954 0.3184032 0.2141856 0.3329345 0.2855546 0.3201721 0.3174203 0.3388990 0.3547225 0.1228541 0.0000000 0.3769550 0.0428654 0.2831690 0.3724583 0.2853994 0.0984338 0.1070446 0.3408571 0.4471781 0.1285725 0.0872600 0.4935824 0.4162739 0.2887637 0.2993745 0.2726051 0.3022343 0.2923471 0.1853929 0.2986943 0.2821663 0.2340193 0.2812857 0.4620992 0.2340614 0.0543214 0.2929596 0.0606329 0.2918635 0.2949600 0.2449861 0.1160565 0.1798752 0.2904689 0.4122468 0.1183268 0.2812562 0.2494885 0.3969825 0.4084853 0.2412922 0.1159249 0.1299142 0.3460672 0.3890844 0.4532941 0.0000010 0.1252742 0.2555362 0.3937761 0.4177129 0.3886696 0.2035959 0.4484807 0.5205058 0.2659197 0.1262117 0.4182771 0.3044497 0.0000010 0.3899218 0.3702116 0.1225288 0.3303198 0.3090106 0.1223283 0.3356030 0.3630406 0.3248379 
Perityle_batopilensis_97                   0.3055207 0.2678524 0.2503508 0.2305126 0.3030155 0.1449058 0.2359066 0.2404747 0.3620920 0.2634851 0.3003191 0.1544631 0.2979918 0.3769550 0.0000000 0.2880332 0.1954728 0.2578039 0.1259099 0.3917785 0.3029413 0.1558267 0.1779803 0.2974651 0.2814574 0.2703841 0.4072822 0.2800535 0.1644680 0.1655623 0.2125194 0.2298900 0.3965175 0.2218651 0.2216635 0.2887556 0.2208999 0.1938624 0.1493357 0.2900118 0.2260089 0.2744799 0.2160751 0.2306626 0.1597216 0.2986585 0.2741381 0.2095287 0.1123317 0.3108632 0.1842017 0.0926157 0.2211985 0.2304034 0.1976354 0.4178025 0.3107253 0.2770477 0.2744048 0.3522699 0.1416708 0.3198702 0.2213660 0.3426368 0.2813660 0.3429780 0.2604340 0.1953402 0.3970086 0.1749871 0.2872007 0.1403611 0.1342006 0.1207043 0.2826915 0.2431288 0.3000633 0.1559623 0.2523561 0.3400575 0.2173972 0.1748924 0.1267550 
Perityle_bisetosa_9                        1.1211027 0.3863370 0.3523177 0.2146366 0.3794787 0.7083103 0.2294537 0.3891747 0.5012394 0.3680763 0.4109940 0.1171930 0.0321195 0.0428654 0.2880332 0.0000000 0.2466322 0.3099930 0.0927470 0.0162650 0.0544085 0.7682085 1.2784829 0.0473725 0.0403843 0.8560695 0.8554274 0.1419435 0.2964861 0.2369576 0.2739952 0.3116433 0.8025733 0.1013908 0.1700815 0.0491069 0.1947684 0.5076072 0.0383050 0.1146980 0.1519902 0.0343757 0.1628432 0.2074887 0.1336385 0.0321551 0.0370912 0.1305967 0.4917783 0.0896539 0.1431277 0.0189045 0.1917296 0.8214833 0.1627629 0.0366290 0.0473052 0.2352045 1.0851518 0.4236149 0.2120121 0.0392354 0.1908984 0.6163165 0.4001505 0.4659096 0.4561322 0.7609579 1.0072808 0.1627040 0.0271672 0.6423181 0.0524146 0.0000010 0.4245422 0.2937521 0.0468874 0.1120963 0.5032094 0.1391301 0.2583432 0.2421599 0.4464681 
Perityle_californica_76_positas            0.2573557 0.2080797 0.1767361 0.2037965 0.2414045 0.0911909 0.1800180 0.2098003 0.2736140 0.2050766 0.2619307 0.2098900 0.2256319 0.2831690 0.1954728 0.2466322 0.0000000 0.2496579 0.1920551 0.2583323 0.2482413 0.1877348 0.2735640 0.2287336 0.2317741 0.4361948 0.4515277 0.1928574 0.1280369 0.1306750 0.1689370 0.1630471 0.4219362 0.1573062 0.1969435 0.2607503 0.1842668 0.3177653 0.1811443 0.2731512 0.1904528 0.2260337 0.1814622 0.1804365 0.2128439 0.2324473 0.2459624 0.1656255 0.2599177 0.2497941 0.1851621 0.1646169 0.1885399 0.2921893 0.1675060 0.2740232 0.2393244 0.2020143 0.1925124 0.3192658 0.1235641 0.2371322 0.1845909 0.4760963 0.2360361 0.2860022 0.3141910 0.3304684 0.4836197 0.1544191 0.2130474 0.2294607 0.2140266 0.1055960 0.2491335 0.1989052 0.2225660 0.2015960 0.1953672 0.2716849 0.0883008 0.1024794 0.2061588 
Perityle_canescens_77                      0.2599629 0.2784171 0.2871948 0.3517417 0.3132496 0.3615701 0.2728558 0.3024449 0.3518489 0.3067004 0.2740497 0.2259751 0.2150512 0.3724583 0.2578039 0.3099930 0.2496579 0.0000000 0.2306062 0.3201523 0.2414805 0.2852416 0.2646385 0.2116195 0.2211661 0.3744366 0.3477373 0.3325668 0.4237438 0.2404410 0.2302001 0.2792093 0.3095388 0.2292664 0.2600908 0.3263956 0.2551772 0.4132293 0.2058738 0.2755526 0.2461240 0.2120820 0.2567117 0.2518030 0.2713144 0.2178061 0.2203553 0.2170412 0.3788470 0.2394417 0.2661957 0.2804922 0.3368950 0.2731841 0.2717843 0.3187003 0.2268763 0.2336184 0.3125953 0.3974981 0.1814666 0.2178511 0.2351855 0.7918826 0.3285611 0.4577256 0.3829942 0.3072941 0.3598925 0.2274386 0.2094878 0.2105069 0.3360112 0.1588288 0.2745391 0.2413703 0.2114499 0.2161565 0.4167886 0.2896613 0.2333797 0.2342536 0.2200797 
Perityle_castillonii_96                    0.2324249 0.2366309 0.2423922 0.2453455 0.2599497 0.1872942 0.2507074 0.2492839 0.3526951 0.2601662 0.2436591 0.0818444 0.2240621 0.2853994 0.1259099 0.0927470 0.1920551 0.2306062 0.0000000 0.3107336 0.2206395 0.1086200 0.0704671 0.2263837 0.2149495 0.1864183 0.3209609 0.2300675 0.1967757 0.1838728 0.2018120 0.2277020 0.3207813 0.2150436 0.1804842 0.2196384 0.1869133 0.1476167 0.0794705 0.2049329 0.1865089 0.2035306 0.1803913 0.1977793 0.0779303 0.2358964 0.1975915 0.1850855 0.0811701 0.2225956 0.1248481 0.0341826 0.2020955 0.1798076 0.1506181 0.3411505 0.2301433 0.2471919 0.2636728 0.3123503 0.0731622 0.2242563 0.1753914 0.2803544 0.2634559 0.3168393 0.1417134 0.1085729 0.2932132 0.1701714 0.2149776 0.0731776 0.0564104 0.1010287 0.2707038 0.2182324 0.2267600 0.0837712 0.2374650 0.2354572 0.2060329 0.1587594 0.0747944 
Perityle_cernua_84                         0.0000010 0.3537410 0.3893759 0.3640993 0.3891811 0.2067362 0.3047441 0.3003523 0.4149898 0.3933528 0.4466917 0.3276373 0.0210214 0.0984338 0.3917785 0.0162650 0.2583323 0.3201523 0.3107336 0.0000000 0.0151417 0.3332067 0.4471781 0.0245825 0.0154542 0.6511299 0.7015622 0.3499474 0.3664628 0.2841149 0.4141017 0.3588470 0.3764200 0.2551044 0.3123297 0.2561967 0.3192953 0.5432961 0.2616595 0.0215184 0.3368279 0.0246287 0.3278410 0.3401232 0.2740821 0.0151374 0.2060448 0.3328512 0.5343028 0.0210479 0.2690468 0.2765659 0.3841483 0.3948437 0.2903788 0.0186617 0.0242918 0.4411345 0.3936826 0.3622643 0.0000010 0.0232397 0.2148863 0.5431746 0.4514322 0.4668293 0.2603227 0.6042240 0.6525023 0.2816231 0.0254564 0.5608029 0.2818304 0.0000010 0.4457505 0.4523779 0.0234470 0.3110482 0.3075275 0.0270311 0.3878541 0.3317902 0.4799476 
Perityle_cfvillosa_25_tin                  0.3309157 0.2985136 0.3950540 0.3649457 0.3905821 0.2148344 0.3269178 0.2759802 0.4312465 0.3868783 0.3943519 0.2340267 0.0424814 0.1070446 0.3029413 0.0544085 0.2482413 0.2414805 0.2206395 0.0151417 0.0000000 0.1831836 0.1513063 0.0351543 0.0388724 0.4358854 0.4550455 0.3256646 0.3537244 0.2357513 0.3394450 0.3349931 0.2676540 0.2356882 0.2770513 0.2779775 0.2873200 0.5595177 0.1863204 0.0528050 0.2777498 0.0334039 0.2762259 0.2957829 0.2379425 0.0351241 0.1253980 0.2704247 0.5418429 0.0473200 0.2013474 0.2803342 0.4017659 0.2553240 0.2122603 0.0095050 0.0274866 0.3766323 0.3033839 0.3666072 0.0932844 0.0500294 0.2063054 0.7219993 0.3802517 0.5285003 0.2754639 0.3753688 0.4399273 0.2455328 0.0338557 0.3524832 0.2973489 0.0913332 0.3675323 0.3603516 0.0365520 0.2215210 0.3283465 0.0617720 0.3114833 0.2753562 0.2917922 
Perityle_cinerea_113_Powell1310            0.1512788 0.2593189 0.2239838 0.2885429 0.2333695 0.2739956 0.2392491 0.2628116 0.2895169 0.2345864 0.2354492 0.1019660 0.1990675 0.3408571 0.1558267 0.7682085 0.1877348 0.2852416 0.1086200 0.3332067 0.1831836 0.0000000 0.1164693 0.2009704 0.2135354 0.1350131 0.1425702 0.1958656 0.3063096 0.2372526 0.1960502 0.2345864 0.2228935 0.2331165 0.2188730 0.2805541 0.2525135 0.2057182 0.1043803 0.2162622 0.2270556 0.2053766 0.2296990 0.2437484 0.1558345 0.2199174 0.1818926 0.2132671 0.1365073 0.1825476 0.1651016 0.1337770 0.2095891 0.1500434 0.1725808 0.3234978 0.1896261 0.2179225 0.2006762 0.2755904 0.0944993 0.1909100 0.2002512 0.4425529 0.2529745 0.2691605 0.1698771 0.1099153 0.1363443 0.2574223 0.1994340 0.1126202 0.1657603 0.1073346 0.2410848 0.2218284 0.1962383 0.0953280 0.2963727 0.2027223 0.1836489 0.1824990 0.1245860 
Perityle_coahuilensis_24                   0.3132068 0.2233069 0.3626845 1.3931019 0.4060102 0.5476495 0.4293897 0.2383352 0.4131064 0.3277185 0.2842413 0.1763822 0.1593160 0.4471781 0.1779803 1.2784829 0.2735640 0.2646385 0.0704671 0.4471781 0.1513063 0.1164693 0.0000000 0.0646717 0.1191018 0.1379023 0.1700895 0.4201404 0.5476495 0.1529430 0.2425225 0.3205045 0.1259039 0.3036188 0.2307182 0.4471781 0.2688504 0.4435277 0.1554401 0.1071006 0.2624754 0.1212235 0.1960647 0.2514474 0.1834206 0.1258331 0.1485362 0.1555364 0.4245883 0.1123776 0.1779521 0.4727367 0.4011880 0.1087164 0.1119633 0.8763721 0.0942025 0.2266200 0.1345756 0.3145090 0.0975200 0.1770771 0.1905073 1.5965432 0.2734344 1.4744085 0.2848761 0.1356912 0.0135845 0.2504416 0.1307349 0.0961448 0.4727367 0.0042588 0.1988058 0.2485269 0.1640553 0.1693455 0.6736541 0.0505506 0.2320356 0.2819639 0.0787361 
Perityle_cochisensis_44_cave_creek         0.2176752 0.2917979 0.3602785 0.3816503 0.3628228 0.2062835 0.3251653 0.2892762 0.4045442 0.3620173 0.3746582 0.2254408 0.0334718 0.1285725 0.2974651 0.0473725 0.2287336 0.2116195 0.2263837 0.0245825 0.0351543 0.2009704 0.0646717 0.0000000 0.0374630 0.4205917 0.4340844 0.3364467 0.3661592 0.2270541 0.3388762 0.3056347 0.2589558 0.2337057 0.2692333 0.2807020 0.2783787 0.5733906 0.1879292 0.0371642 0.2814743 0.0357442 0.2686880 0.2928535 0.2053372 0.0380618 0.1591448 0.2795664 0.5625182 0.0412050 0.1945917 0.2871744 0.3882163 0.2505868 0.2140826 0.0314951 0.0358271 0.3729807 0.3071628 0.3782147 0.0808196 0.0416269 0.2012836 0.7385689 0.3593914 0.5245605 0.2734931 0.3547233 0.4120641 0.2404940 0.0326689 0.3389437 0.3011383 0.0669250 0.3649662 0.3581118 0.0388265 0.2173766 0.3460421 0.0437536 0.3089472 0.2609759 0.2806282 
Perityle_congesta_202                      0.3111553 0.3057716 0.3653099 0.3633765 0.3899326 0.2074975 0.3154753 0.2754018 0.4140351 0.3760725 0.3744227 0.2192692 0.0392441 0.0872600 0.2814574 0.0403843 0.2317741 0.2211661 0.2149495 0.0154542 0.0388724 0.2135354 0.1191018 0.0374630 0.0000000 0.4243296 0.4450437 0.3079737 0.3554534 0.2269148 0.3066474 0.3352504 0.2571409 0.2097834 0.2646974 0.2677021 0.2647951 0.5348688 0.1705987 0.0475477 0.2640305 0.0226018 0.2682443 0.2839674 0.2296815 0.0099506 0.1426481 0.2530011 0.5248469 0.0530656 0.2076497 0.2750460 0.3720670 0.2529910 0.2165800 0.0153014 0.0273157 0.3643036 0.2960469 0.3695310 0.0975467 0.0491107 0.2106384 0.7427539 0.3677920 0.5165921 0.2676625 0.3567314 0.4117204 0.2293772 0.0392416 0.3405857 0.2782541 0.0085488 0.3678817 0.3344807 0.0407614 0.2054823 0.3343691 0.0539354 0.2866759 0.2460459 0.2857505 
Perityle_cordifolia_27                     0.3026108 0.3215652 0.4295585 0.4634200 0.4233698 0.1506585 0.4239401 0.3557025 0.4745623 0.4223348 0.3965198 0.2142268 0.4314887 0.4935824 0.2703841 0.8560695 0.4361948 0.3744366 0.1864183 0.6511299 0.4358854 0.1350131 0.1379023 0.4205917 0.4243296 0.0000000 0.4018187 0.4085063 0.3058137 0.2779331 0.3839848 0.3697636 0.4235369 0.4271485 0.3343877 0.5084539 0.3621874 0.1897706 0.2434939 0.4230565 0.3536226 0.4194484 0.3341511 0.3615274 0.2441023 0.4445224 0.4028357 0.3482005 0.1004578 0.4293468 0.2856802 0.2621786 0.3547675 0.1702784 0.2622379 0.6797257 0.4169157 0.4112886 0.2502132 0.5658166 0.0385984 0.4300207 0.3349000 0.2744832 0.3979963 0.5072892 0.2095175 0.1899094 0.3865499 0.3557532 0.4224701 0.1123066 0.2680395 0.1145874 0.3970849 0.3777471 0.4264382 0.2299468 0.2858802 0.4541655 0.3519074 0.2830727 0.0828917 
Perityle_cordifolia_68_tecolote            0.3394419 0.3708093 0.5086360 0.5739036 0.5193297 0.1607705 0.4876424 0.3894477 0.4960024 0.5285077 0.4511197 0.3646289 0.4505309 0.4162739 0.4072822 0.8554274 0.4515277 0.3477373 0.3209609 0.7015622 0.4550455 0.1425702 0.1700895 0.4340844 0.4450437 0.4018187 0.0000000 0.5069200 0.4715756 0.3255271 0.4301232 0.4506125 0.3630450 0.4812746 0.4132850 0.5493681 0.4319224 0.4676199 0.3414599 0.4275962 0.4069341 0.4270252 0.4161103 0.4321074 0.3716511 0.4568405 0.4378902 0.3999402 0.3795630 0.4436062 0.3669448 0.5104874 0.5340884 0.0166307 0.3020587 0.7351949 0.4365757 0.3863617 0.2948105 0.5796715 0.1091014 0.4449844 0.3798649 0.5945172 0.5059132 0.6755419 0.1662947 0.3257754 0.4759964 0.4276579 0.4326839 0.2890117 0.5410044 0.0943968 0.4907980 0.4520329 0.4514265 0.3587060 0.3590176 0.4954516 0.4168621 0.3506199 0.2133483 
Perityle_coronopifolia_28_patagonia        0.5240244 0.3320573 0.2700408 0.1954097 0.3232627 0.0576013 0.2536729 0.2188731 0.4269150 0.2802641 0.3200535 0.2203639 0.3206629 0.2887637 0.2800535 0.1419435 0.1928574 0.3325668 0.2300675 0.3499474 0.3256646 0.1958656 0.4201404 0.3364467 0.3079737 0.4085063 0.5069200 0.0000000 0.1375628 0.1669329 0.2334179 0.2586343 0.4770119 0.2039196 0.1752144 0.3066357 0.2027483 0.3193708 0.1980173 0.3406992 0.1639775 0.3053136 0.1754887 0.1976608 0.2510631 0.3231276 0.3003826 0.1557512 0.2655812 0.3556037 0.1616140 0.1575276 0.2377696 0.2928304 0.1577587 0.3415789 0.3384405 0.2600098 0.1991120 0.2940933 0.1935925 0.3349514 0.1045587 0.4921096 0.3122487 0.2335883 0.2726712 0.3425678 0.5570157 0.2057957 0.3127136 0.2998217 0.1788211 0.1314607 0.3223570 0.2456711 0.3178660 0.2163490 0.1888428 0.3764673 0.2373889 0.1303190 0.2578290 
Perityle_crassifolia_70_ventanas           0.0000010 0.2087280 0.1395203 0.2244485 0.1879654 0.1452749 0.1543663 0.1784180 0.2017666 0.1680736 0.2468985 0.2427908 0.3566974 0.2993745 0.1644680 0.2964861 0.1280369 0.4237438 0.1967757 0.3664628 0.3537244 0.3063096 0.5476495 0.3661592 0.3554534 0.3058137 0.4715756 0.1375628 0.0000000 0.0280632 0.1484557 0.1682458 0.4687997 0.1476866 0.1189494 0.3441435 0.1289730 0.3283979 0.1943479 0.3703850 0.1391911 0.3612969 0.1214882 0.1480374 0.2011826 0.3575049 0.3525414 0.1285527 0.2082557 0.3566902 0.1268906 0.1724009 0.1709863 0.3774827 0.1829863 0.3575627 0.4005914 0.2012560 0.3040943 0.3693047 0.0000010 0.3655470 0.1652174 0.2044797 0.1452174 0.1782436 0.2122597 0.2111487 0.3309325 0.0149743 0.3405129 0.2192296 0.2090349 0.0000010 0.1537720 0.1848226 0.3639794 0.2438145 0.1837336 0.3586653 0.1631454 0.1414578 0.2110219 
Perityle_crassifolia_74_playa_balandra     0.1005389 0.1891309 0.1436712 0.2186251 0.1940527 0.1458717 0.1694764 0.2017317 0.2321475 0.1607394 0.1894931 0.2002559 0.2241167 0.2726051 0.1655623 0.2369576 0.1306750 0.2404410 0.1838728 0.2841149 0.2357513 0.2372526 0.1529430 0.2270541 0.2269148 0.2779331 0.3255271 0.1669329 0.0280632 0.0000000 0.1557621 0.1608471 0.3380501 0.1015018 0.1318611 0.3012242 0.1392607 0.3316138 0.1716743 0.2312010 0.1434638 0.2257402 0.1368529 0.1410424 0.1778865 0.2297166 0.2501792 0.1314970 0.2328574 0.2226878 0.1357153 0.1715710 0.1994696 0.2868646 0.1578855 0.2757177 0.2421961 0.1792349 0.2472791 0.4170345 0.1710844 0.2313564 0.1487220 0.4480638 0.1742127 0.1935917 0.2733883 0.2073836 0.2891140 0.0340058 0.2121605 0.1900551 0.2047400 0.1563000 0.1742672 0.1803577 0.2297346 0.1922531 0.2036943 0.2281790 0.1547738 0.1346621 0.1935917 
Perityle_cuneata_4                         0.2322759 0.2025073 0.1859174 0.2367684 0.2090383 0.1049848 0.1890164 0.2127259 0.3090550 0.1894063 0.2464809 0.2274870 0.3302345 0.3022343 0.2125194 0.2739952 0.1689370 0.2302001 0.2018120 0.4141017 0.3394450 0.1960502 0.2425225 0.3388762 0.3066474 0.3839848 0.4301232 0.2334179 0.1484557 0.1557621 0.0000000 0.1562509 0.4072106 0.2372159 0.1895066 0.3333538 0.1972959 0.2900154 0.2030887 0.3423141 0.1859838 0.3067394 0.1839007 0.2015497 0.2290220 0.3268173 0.3103573 0.1639757 0.2538902 0.3623636 0.1960224 0.1890884 0.2710011 0.2192495 0.1823241 0.4386804 0.3522859 0.2877132 0.2397280 0.3275791 0.1357538 0.3526153 0.2063751 0.4262670 0.2711348 0.2637323 0.2490472 0.2856217 0.4945260 0.1893381 0.3258644 0.2263891 0.2414641 0.1019719 0.2698075 0.1731315 0.3227898 0.2229812 0.1696232 0.3717552 0.1537217 0.1680512 0.1861249 
Perityle_discoidea_81                      0.0154267 0.1962436 0.0989783 0.2439591 0.1819043 0.1312327 0.2669527 0.2297489 0.2840303 0.0036428 0.2707427 0.2668232 0.3372720 0.2923471 0.2298900 0.3116433 0.1630471 0.2792093 0.2277020 0.3588470 0.3349931 0.2345864 0.3205045 0.3056347 0.3352504 0.3697636 0.4506125 0.2586343 0.1682458 0.1608471 0.1562509 0.0000000 0.3895628 0.1823659 0.2227643 0.3206541 0.2341694 0.3131585 0.2434620 0.3411352 0.2470983 0.3328176 0.2316086 0.2354395 0.2661848 0.3335786 0.3227626 0.2001549 0.2392532 0.3144396 0.2219193 0.1904754 0.2490404 0.2835174 0.2007253 0.3584676 0.3320857 0.2186884 0.2576332 0.3561775 0.1550195 0.3483633 0.2192063 0.4755574 0.2973798 0.2418605 0.2564770 0.2968145 0.4316229 0.2000193 0.3044208 0.1949066 0.2187489 0.1648339 0.2609187 0.2491485 0.3252781 0.2603160 0.2056246 0.3316469 0.2003667 0.1991316 0.2123301 
Perityle_dissecta_201                      0.2592595 0.3712680 0.4417022 0.5815780 0.4618213 0.1963845 0.4617565 0.3596232 0.4215562 0.4423470 0.4558889 0.3678677 0.2765555 0.1853929 0.3965175 0.8025733 0.4219362 0.3095388 0.3207813 0.3764200 0.2676540 0.2228935 0.1259039 0.2589558 0.2571409 0.4235369 0.3630450 0.4770119 0.4687997 0.3380501 0.4072106 0.3895628 0.0000000 0.4639843 0.3929961 0.5199765 0.4104163 0.4926643 0.3433731 0.2375098 0.3925228 0.2405634 0.3977647 0.4074150 0.3803695 0.2762525 0.3125400 0.3863408 0.4617707 0.2582283 0.3616749 0.5421745 0.5495420 0.2740282 0.3208524 0.4115656 0.2619424 0.4411193 0.3333596 0.6204414 0.0928623 0.2605106 0.3798301 0.7255462 0.4653417 0.6495048 0.2947146 0.3096415 0.4395121 0.3997420 0.2761194 0.2935294 0.5915405 0.0813451 0.4390139 0.4352325 0.2641005 0.3512265 0.3825857 0.2909408 0.3857994 0.3609363 0.2155359 
Perityle_emoryi_47_punta_san_jose          0.2419247 0.2593616 0.2466744 0.2059784 0.2861483 0.0949895 0.1869181 0.2369816 0.3785253 0.2616980 0.3084458 0.1950411 0.2245380 0.2986943 0.2218651 0.1013908 0.1573062 0.2292664 0.2150436 0.2551044 0.2356882 0.2331165 0.3036188 0.2337057 0.2097834 0.4271485 0.4812746 0.2039196 0.1476866 0.1015018 0.2372159 0.1823659 0.4639843 0.0000000 0.1640655 0.2474601 0.1874705 0.3797864 0.1747976 0.2333493 0.1641117 0.1963745 0.1593001 0.1847178 0.1962902 0.2288281 0.2332492 0.1497302 0.3458241 0.2560613 0.1334062 0.1523694 0.2635721 0.2761099 0.1290943 0.2515898 0.2436236 0.2428819 0.2379831 0.3029326 0.2066487 0.2520456 0.1302701 0.5899707 0.2673991 0.3295855 0.3248791 0.3635696 0.4883939 0.1024121 0.2116287 0.2925145 0.1938691 0.2006175 0.2621836 0.2358568 0.2283436 0.1908511 0.1947909 0.2730558 0.2154708 0.1302223 0.2277152 
Perityle_feddemae_99                       0.3743696 0.2518461 0.2309350 0.2061970 0.2570297 0.0436962 0.2473871 0.2448086 0.3580373 0.2444328 0.2540891 0.1885891 0.2798753 0.2821663 0.2216635 0.1700815 0.1969435 0.2600908 0.1804842 0.3123297 0.2770513 0.2188730 0.2307182 0.2692333 0.2646974 0.3343877 0.4132850 0.1752144 0.1189494 0.1318611 0.1895066 0.2227643 0.3929961 0.1640655 0.0000000 0.2751260 0.1538816 0.2934435 0.1698545 0.2594059 0.0477791 0.2605562 0.0386671 0.1453929 0.1691937 0.2806669 0.2576368 0.0328715 0.2465487 0.2808702 0.1277124 0.1350211 0.2596019 0.2681239 0.1457638 0.3260596 0.2765830 0.2393046 0.2240442 0.2945893 0.1846248 0.3062290 0.1382183 0.4354418 0.2322268 0.2174470 0.3022463 0.2838271 0.4569344 0.1573899 0.2506228 0.2354637 0.1542287 0.1924242 0.2326105 0.2052579 0.2787477 0.1824060 0.1894862 0.2903371 0.2070404 0.1481674 0.1924462 
Perityle_fosteri_93                        0.0000010 0.3111452 0.3252878 0.3240423 0.3053632 0.1597902 0.2895768 0.2911054 0.2776613 0.3258518 0.3338079 0.2447599 0.2849524 0.2340193 0.2887556 0.0491069 0.2607503 0.3263956 0.2196384 0.2561967 0.2779775 0.2805541 0.4471781 0.2807020 0.2677021 0.5084539 0.5493681 0.3066357 0.3441435 0.3012242 0.3333538 0.3206541 0.5199765 0.2474601 0.2751260 0.0000000 0.2659845 0.3954877 0.1892257 0.2815185 0.2835359 0.2706517 0.2643706 0.2821648 0.1848383 0.2876508 0.2626986 0.2792070 0.3446033 0.2893985 0.2407021 0.1709904 0.2844312 0.3421310 0.2897281 0.2831652 0.2929629 0.3519847 0.4153741 0.3916832 0.0000010 0.2981720 0.2351616 0.3146900 0.3846988 0.4013983 0.1439149 0.4179107 0.5823345 0.2572123 0.2759305 0.3323064 0.2081743 0.0000010 0.3917345 0.3559058 0.2961046 0.2163712 0.3107431 0.2855188 0.3337310 0.3327586 0.3174249 
Perityle_gamon_221                         0.3650542 0.2710934 0.2266729 0.2045199 0.2906238 0.0809852 0.2458771 0.2335335 0.3572320 0.2571574 0.2510297 0.2003292 0.2726003 0.2812857 0.2208999 0.1947684 0.1842668 0.2551772 0.1869133 0.3192953 0.2873200 0.2525135 0.2688504 0.2783787 0.2647951 0.3621874 0.4319224 0.2027483 0.1289730 0.1392607 0.1972959 0.2341694 0.4104163 0.1874705 0.1538816 0.2659845 0.0000000 0.3002841 0.1759998 0.2764260 0.1520955 0.2493155 0.1439217 0.0811123 0.1968558 0.2750287 0.2610066 0.1215862 0.2523761 0.2924767 0.1530689 0.1431918 0.2328577 0.3037845 0.1598986 0.3293769 0.2879319 0.2306852 0.2262950 0.3205009 0.2414330 0.2906726 0.1641804 0.5045627 0.2629354 0.2488105 0.3315337 0.2868991 0.4720375 0.1475108 0.2647883 0.2513697 0.1694193 0.2338074 0.2705237 0.1865819 0.2761911 0.1953348 0.1905029 0.3076611 0.1872211 0.1726366 0.2025075 
Perityle_gentryi_8_san_francisco           0.3107341 0.3167052 0.3092596 0.3698912 0.2820955 0.1820948 0.3075099 0.3831491 0.4188149 0.3174221 0.3426665 0.1703617 0.5680099 0.4620992 0.1938624 0.5076072 0.3177653 0.4132293 0.1476167 0.5432961 0.5595177 0.2057182 0.4435277 0.5733906 0.5348688 0.1897706 0.4676199 0.3193708 0.3283979 0.3316138 0.2900154 0.3131585 0.4926643 0.3797864 0.2934435 0.3954877 0.3002841 0.0000000 0.1959033 0.5209334 0.2956003 0.5385979 0.2835263 0.3207086 0.1789452 0.5702199 0.5116467 0.2947578 0.0979885 0.5619645 0.2571925 0.1275208 0.2358658 0.2976921 0.3199901 0.5781431 0.5745362 0.3802141 0.4057354 0.3969626 0.4417502 0.5759853 0.3233071 0.0892776 0.3987248 0.3229634 0.1475945 0.1036541 0.3992068 0.3050172 0.5760643 0.1171291 0.1513649 0.4417502 0.3937510 0.3308236 0.5723167 0.1848192 0.2709480 0.5771129 0.3133377 0.2404929 0.1170197 
Perityle_gilensis_22_Superstition          0.3210633 0.2386811 0.2645478 0.2205875 0.2752621 0.1716917 0.2406585 0.2587625 0.3535601 0.2785068 0.2804852 0.0810313 0.1824704 0.2340614 0.1493357 0.0383050 0.1811443 0.2058738 0.0794705 0.2616595 0.1863204 0.1043803 0.1554401 0.1879292 0.1705987 0.2434939 0.3414599 0.1980173 0.1943479 0.1716743 0.2030887 0.2434620 0.3433731 0.1747976 0.1698545 0.1892257 0.1759998 0.1959033 0.0000000 0.1904417 0.1617237 0.1609776 0.1618476 0.1950289 0.0905827 0.1828066 0.1600860 0.1500313 0.1344287 0.2065149 0.1159337 0.0355655 0.2080253 0.1666064 0.1374296 0.2596057 0.1928549 0.2289426 0.2662432 0.3160096 0.0689918 0.1963871 0.1651650 0.3465676 0.2797461 0.3216268 0.1807754 0.1778712 0.3195821 0.1571931 0.1762425 0.1213916 0.0674148 0.0533092 0.2805780 0.2144107 0.1855199 0.0787352 0.2423200 0.2335148 0.1974258 0.1632948 0.0754931 
Perityle_gilensis_salensis_225             0.3367438 0.3069131 0.3829610 0.3633566 0.3975965 0.2260571 0.3491038 0.2840928 0.4144517 0.3781190 0.3847480 0.2310755 0.0635085 0.0543214 0.2900118 0.1146980 0.2731512 0.2755526 0.2049329 0.0215184 0.0528050 0.2162622 0.1071006 0.0371642 0.0475477 0.4230565 0.4275962 0.3406992 0.3703850 0.2312010 0.3423141 0.3411352 0.2375098 0.2333493 0.2594059 0.2815185 0.2764260 0.5209334 0.1904417 0.0000000 0.2712923 0.0436997 0.2602457 0.2910011 0.2375161 0.0459966 0.1456461 0.2421058 0.5227521 0.0590722 0.2089219 0.2689301 0.3879283 0.2571576 0.2299659 0.0254952 0.0420382 0.3600742 0.3067700 0.3621247 0.1015553 0.0744221 0.2105416 0.7422776 0.3692354 0.5324978 0.2858700 0.3514214 0.3910353 0.2585614 0.0519924 0.3275023 0.2784619 0.0346008 0.3660139 0.3585246 0.0618767 0.2179384 0.3149985 0.0598109 0.3032650 0.3053922 0.2903069 
Perityle_glaucescens_94                    0.4000366 0.2496961 0.2517192 0.2111153 0.2768921 0.0437410 0.2508023 0.2484076 0.3710625 0.2622323 0.2508853 0.1829422 0.2737463 0.2929596 0.2260089 0.1519902 0.1904528 0.2461240 0.1865089 0.3368279 0.2777498 0.2270556 0.2624754 0.2814743 0.2640305 0.3536226 0.4069341 0.1639775 0.1391911 0.1434638 0.1859838 0.2470983 0.3925228 0.1641117 0.0477791 0.2835359 0.1520955 0.2956003 0.1617237 0.2712923 0.0000000 0.2565092 0.0410026 0.1440895 0.1816733 0.2776729 0.2502646 0.0186692 0.2618881 0.2954972 0.1286821 0.1499234 0.2693578 0.2663360 0.1600115 0.3387478 0.2853309 0.2528382 0.2267072 0.3091557 0.1909594 0.2956768 0.1411862 0.4409720 0.2392268 0.2279218 0.3129926 0.2940512 0.4727814 0.1564512 0.2516763 0.2435832 0.1696004 0.1880952 0.2398114 0.1985866 0.2768927 0.1757386 0.2049329 0.3179229 0.1959368 0.1368816 0.1937255 
Perityle_gracilis_11                       0.3164331 0.3023722 0.3588756 0.3640628 0.3884467 0.2095771 0.3118599 0.2737706 0.3939285 0.3693156 0.3793983 0.2079878 0.0406660 0.0606329 0.2744799 0.0343757 0.2260337 0.2120820 0.2035306 0.0246287 0.0334039 0.2053766 0.1212235 0.0357442 0.0226018 0.4194484 0.4270252 0.3053136 0.3612969 0.2257402 0.3067394 0.3328176 0.2405634 0.1963745 0.2605562 0.2706517 0.2493155 0.5385979 0.1609776 0.0436997 0.2565092 0.0000000 0.2604107 0.2670946 0.2275893 0.0189143 0.1237114 0.2484480 0.5228052 0.0563933 0.1976914 0.2716318 0.3695147 0.2584060 0.2189891 0.0078102 0.0262364 0.3525531 0.2946815 0.3708413 0.1018541 0.0475242 0.2044583 0.7561262 0.3533647 0.5158728 0.2760271 0.3489632 0.4080801 0.2281765 0.0320720 0.3316054 0.2777905 0.0259211 0.3539324 0.3254892 0.0384036 0.1957952 0.3366262 0.0557027 0.2755403 0.2446422 0.2926282 
Perityle_harkerae_31                       0.3424249 0.2466021 0.2299993 0.2084942 0.2589345 0.0392125 0.2425270 0.2534556 0.3598032 0.2383327 0.2425851 0.1787094 0.2718404 0.2918635 0.2160751 0.1628432 0.1814622 0.2567117 0.1803913 0.3278410 0.2762259 0.2296990 0.1960647 0.2686880 0.2682443 0.3341511 0.4161103 0.1754887 0.1214882 0.1368529 0.1839007 0.2316086 0.3977647 0.1593001 0.0386671 0.2643706 0.1439217 0.2835263 0.1618476 0.2602457 0.0410026 0.2604107 0.0000000 0.1402419 0.1662972 0.2767767 0.2529927 0.0316391 0.2407540 0.2704633 0.1314690 0.1413170 0.2504877 0.2647552 0.1520667 0.3192419 0.2713336 0.2362899 0.2235392 0.3068784 0.1963163 0.3014738 0.1384514 0.4367612 0.2254129 0.1960771 0.2913598 0.2749534 0.4373862 0.1599143 0.2529124 0.2317376 0.1546236 0.2001592 0.2341655 0.2025493 0.2748168 0.1740160 0.2038688 0.2852962 0.1944103 0.1374841 0.1877639 
Perityle_hofmeisteria_4_nombre_de_dios     0.3525066 0.2829463 0.2387982 0.2173919 0.2988723 0.0743788 0.2616981 0.2429222 0.3506722 0.2492572 0.2563277 0.2157250 0.2913195 0.2949600 0.2306626 0.2074887 0.1804365 0.2518030 0.1977793 0.3401232 0.2957829 0.2437484 0.2514474 0.2928535 0.2839674 0.3615274 0.4321074 0.1976608 0.1480374 0.1410424 0.2015497 0.2354395 0.4074150 0.1847178 0.1453929 0.2821648 0.0811123 0.3207086 0.1950289 0.2910011 0.1440895 0.2670946 0.1402419 0.0000000 0.2056026 0.2926378 0.2699894 0.1276462 0.2791192 0.3067600 0.1475589 0.1568352 0.2620163 0.2905395 0.1714866 0.3506006 0.3011523 0.2396241 0.2249366 0.3241151 0.2177125 0.3071865 0.1556207 0.5250864 0.2507266 0.2401173 0.3325907 0.2997529 0.4656287 0.1509906 0.2733325 0.2562680 0.1939192 0.2269492 0.2535978 0.1962928 0.2939906 0.2117497 0.1910011 0.3195579 0.1922005 0.1571549 0.2000890 
Perityle_huecosensis_48                    0.3592903 0.2440851 0.2682350 0.2346014 0.2854878 0.1557098 0.2707711 0.2672742 0.3431524 0.2768416 0.2618825 0.1115926 0.2319217 0.2449861 0.1597216 0.1336385 0.2128439 0.2713144 0.0779303 0.2740821 0.2379425 0.1558345 0.1834206 0.2053372 0.2296815 0.2441023 0.3716511 0.2510631 0.2011826 0.1778865 0.2290220 0.2661848 0.3803695 0.1962902 0.1691937 0.1848383 0.1968558 0.1789452 0.0905827 0.2375161 0.1816733 0.2275893 0.1662972 0.2056026 0.0000000 0.2311532 0.2086527 0.1506912 0.1002252 0.2269348 0.1474827 0.0322987 0.1959150 0.1986534 0.1806703 0.2841890 0.2234205 0.2200880 0.2785279 0.3206914 0.1287699 0.2467350 0.1857163 0.3098814 0.2956618 0.3065931 0.2018720 0.1746860 0.3291926 0.1939254 0.2149571 0.1131318 0.0376006 0.1274272 0.2775938 0.2419287 0.2339506 0.1143998 0.2355485 0.2509024 0.2138473 0.2097548 0.0885244 
