86
Amauria_brandeegeana_62                    0.0000000 0.3407724 0.3959687 0.5083997 0.3813093 0.0432240 0.4567621 0.4672340 0.4089723 0.4055374 0.3608332 0.4593792 0.4519167 0.4663087 0.4636088 1.1386716 0.3977912 0.4139845 0.4053583 0.4183453 0.4163044 0.4054483 0.4220868 0.3753480 0.4163362 0.4056881 0.3882648 0.3798037 0.3946212 0.3496213 0.3662355 0.3556834 0.4157962 0.4278574 0.5067997 0.1852231 0.4715050 0.4531986 0.4241108 0.4097761 0.3754591 0.4536876 0.4732884 0.4765503 0.4733476 0.1473891 0.3841519 0.4004732 0.4023627 0.4737682 0.4066983 0.3964626 0.4656932 0.4167948 0.4585340 0.4099818 0.2295435 0.3563298 0.3991190 0.4004732 0.4100541 0.4598351 0.4268050 0.3179675 0.3937490 0.3843882 0.1955542 0.3798795 0.3960923 0.1761510 0.3964794 0.2341375 0.3984805 0.4048117 0.4496326 0.4533368 0.3813259 0.4632765 0.4091190 0.4008210 0.3848127 0.2342896 0.4048875 0.1414667 0.3770125 0.2976635 
Amauria_carterae_99_mesa                   0.3407724 0.0000000 0.1596968 0.4178362 0.1363714 0.1799679 0.2534557 0.1957406 0.2069612 0.1414977 0.1598548 0.4385418 0.4407828 0.4149947 0.4548543 1.0544312 0.1371301 0.1612517 0.3889821 0.3071625 0.2139149 0.1362599 0.4444230 0.1297264 0.4088842 0.1385527 0.1417885 0.1498332 0.1579587 0.1512223 0.3857139 0.4557757 0.1400947 0.3946135 0.4457162 0.3440659 0.1485727 0.4337597 0.2010513 0.1360395 0.1339136 0.4297379 0.1370859 0.4475189 0.1370859 0.3681744 0.1360808 0.1381227 0.1361189 0.1370859 0.1439696 0.1403749 0.4495317 0.1526074 0.4481336 0.1575886 0.1152847 0.1292462 0.1383483 0.1361385 0.1588019 0.3412287 0.4170507 0.1205621 0.1351568 0.1514731 0.3616042 0.1632202 0.1683122 0.1017660 0.1384154 0.3896339 0.4153198 0.1403417 0.4439122 0.4570287 0.3757531 0.1731433 0.1561358 0.1282589 0.1358452 0.1369300 0.1420045 0.3709559 0.2017519 0.1244094 
Amauria_rotundifolia_SRR9119150            0.3959687 0.1596968 0.0000000 0.4743636 0.1184324 0.1536289 0.2688994 0.1880430 0.2956235 0.1211163 0.2295250 0.5040528 0.5060777 0.5377043 0.5193629 0.9698471 0.1961248 0.1363030 0.4516429 0.3078662 0.2054235 0.1954517 0.4608030 0.1986047 0.4694477 0.1977629 0.1996616 0.2194468 0.1749369 0.1913034 0.4251466 0.5013697 0.1566542 0.4653597 0.5805826 0.4823366 0.2278571 0.4970423 0.1926578 0.2004255 0.1918709 0.4971888 0.2222896 0.5312310 0.2219533 0.4632972 0.1927433 0.1918569 0.1918387 0.2193674 0.1967158 0.1920020 0.5062471 0.2038697 0.5141313 0.1869677 0.1507239 0.1292816 0.1950351 0.1918569 0.1027001 0.4539335 0.4739990 0.1384361 0.2016886 0.1623440 0.5120044 0.2573513 0.2506988 0.1298931 0.1941357 0.5585746 0.4758270 0.1960386 0.5022756 0.5123133 0.4419315 0.2739322 0.1711474 0.2173499 0.1953477 0.0825909 0.1980221 0.4228038 0.2634230 0.2307502 
Conoclinium_coelestinum_SRR9119114         0.5083997 0.4178362 0.4743636 0.0000000 0.4854122 0.3448361 0.5573770 0.3859549 0.5528395 0.5081072 0.5160045 0.2624406 0.2770974 0.2616797 0.2737720 1.1843745 0.4763444 0.5240011 0.2618185 0.4878834 0.5016626 0.4796800 0.5449349 0.4921991 0.2578509 0.5060229 0.5049160 0.4882524 0.5048078 0.4708529 0.2620491 0.3688927 0.5054909 0.2833966 0.3964373 0.5192652 0.5374863 0.2595875 0.5261785 0.5001982 0.4958437 0.2666245 0.5467440 0.2917697 0.5491037 0.4956584 0.4823147 0.5050127 0.5021155 0.5474278 0.4974575 0.5059899 0.2632162 0.4957827 0.2731734 0.5264950 0.4404780 0.4452931 0.5013982 0.5050127 0.4958578 0.5045331 0.2712276 0.4436785 0.4936139 0.4974023 0.5361880 0.5295763 0.5061663 0.3639773 0.4983637 0.5357794 0.2721827 0.5050980 0.2588734 0.2677495 0.2532599 0.4781051 0.4958716 0.4936948 0.4963968 0.4333100 0.5110902 0.5070809 0.4856344 0.4720340 
Eutetras_palmeri_63                        0.3813093 0.1363714 0.1184324 0.4854122 0.0000000 0.1545084 0.2047381 0.1705711 0.2424040 0.0900564 0.1367187 0.5000245 0.4971662 0.4126488 0.5059150 0.9608487 0.1227145 0.0993014 0.4348792 0.2840060 0.1878850 0.1165946 0.4586819 0.1198752 0.4445629 0.1236518 0.1278676 0.1411891 0.0929603 0.1211822 0.4052888 0.4790547 0.1040914 0.4520615 0.5779713 0.4552789 0.1753289 0.4813438 0.1367216 0.1255227 0.1211265 0.4898103 0.1558906 0.5171723 0.1556744 0.3946223 0.1191752 0.1197962 0.1197531 0.1559929 0.1244896 0.1199509 0.4991761 0.1442609 0.5032112 0.1013661 0.1365329 0.1220471 0.1212473 0.1185876 0.0741901 0.4554812 0.4471309 0.1275809 0.1251169 0.0885312 0.4488196 0.1673607 0.1648504 0.1113855 0.1257268 0.4755427 0.4684301 0.1235374 0.4851111 0.5015310 0.4072810 0.2103411 0.0797595 0.1293679 0.1212403 0.0695473 0.1221657 0.4021764 0.1711430 0.1300012 
Eutetras_pringlei_149_quer                 0.0432240 0.1799679 0.1536289 0.3448361 0.1545084 0.0000000 0.2377561 0.3145566 0.2100794 0.1924612 0.1371941 0.2782793 0.2725359 0.2570809 0.2722194 1.0215207 0.1800679 0.1339328 0.2721909 0.1644851 0.1748393 0.1561905 0.2009018 0.1865066 0.2704815 0.1893482 0.1800479 0.1701731 0.1637803 0.1682366 0.2785652 0.2829350 0.1508254 0.3370096 0.2707261 0.0752112 0.1796929 0.2727641 0.1878681 0.1695407 0.1807378 0.2665113 0.1744737 0.2926434 0.1744737 0.0568268 0.1695877 0.1777470 0.1776783 0.1744737 0.1754950 0.1779913 0.2740000 0.1806502 0.2717502 0.1745407 0.1754662 0.1591288 0.1732090 0.1777470 0.1563291 0.2036667 0.2788142 0.1804976 0.1753219 0.1602535 0.0565831 0.1728208 0.1640987 0.1265446 0.1813037 0.0475773 0.2851881 0.1777470 0.2724654 0.2659828 0.2718878 0.1777178 0.1865021 0.1758177 0.1748600 0.1421326 0.1944256 0.0751020 0.1433696 0.1727065 
Eutrochium_fistulosum_SRR9119106           0.4567621 0.2534557 0.2688994 0.5573770 0.2047381 0.2377561 0.0000000 0.2966236 0.2817301 0.2241997 0.1868374 0.5478440 0.5361673 0.4229865 0.5610245 0.9481754 0.2234679 0.2208199 0.4993159 0.4031887 0.2918924 0.2281484 0.5159217 0.2261083 0.4818764 0.2259555 0.2281483 0.2374825 0.2285355 0.2116044 0.4641975 0.5211052 0.2212682 0.5120685 0.5946437 0.5173753 0.2891290 0.5267914 0.2577992 0.2266815 0.2256175 0.5378165 0.2798385 0.5602392 0.2847673 0.4371654 0.2191391 0.2197639 0.2225645 0.2834195 0.2317268 0.2229761 0.5466847 0.2346500 0.5664069 0.2196962 0.2586512 0.2501051 0.2228957 0.2211745 0.2464059 0.5954829 0.4702660 0.2464564 0.2200604 0.2192140 0.4486363 0.2029908 0.2048873 0.2518496 0.2236707 0.4704530 0.4982657 0.2244010 0.5387493 0.5495621 0.4763229 0.2469301 0.2289420 0.2251274 0.2226985 0.2314576 0.2265087 0.4686922 0.2908454 0.2317838 
Galeana_pratensis_104_mex                  0.4672340 0.1957406 0.1880430 0.3859549 0.1705711 0.3145566 0.2966236 0.0000000 0.2800472 0.1896460 0.2372019 0.4932700 0.4855630 0.4640261 0.4948844 1.0635872 0.2001411 0.2028137 0.4210521 0.4029462 0.2803533 0.1878233 0.5013022 0.1976737 0.4427438 0.2010223 0.2058166 0.2089440 0.1955050 0.2144551 0.4105316 0.5056617 0.2010435 0.4231353 0.4981664 0.4536840 0.1768503 0.4810665 0.2086013 0.1986323 0.1956750 0.4842787 0.1712658 0.4849209 0.1732492 0.5105242 0.1965968 0.2004459 0.2003577 0.1732492 0.2070289 0.1988600 0.4909690 0.2079287 0.4911594 0.1982773 0.2413923 0.2071243 0.2030822 0.1984451 0.1864765 0.4452817 0.4404916 0.2053694 0.2020926 0.1852763 0.4549474 0.2496599 0.2395458 0.2204904 0.1988597 0.5010332 0.4489774 0.2027639 0.4796733 0.4936227 0.4103313 0.2495112 0.2087717 0.1929354 0.2034193 0.2196864 0.2043159 0.4975658 0.2570806 0.2276367 
Helianthus_annuus_SRR9119062               0.4089723 0.2069612 0.2956235 0.5528395 0.2424040 0.2100794 0.2817301 0.2800472 0.0000000 0.2455538 0.2303521 0.4582235 0.4348147 0.3887693 0.4547208 1.0470651 0.2329305 0.2536625 0.4637520 0.3634713 0.2822124 0.2306299 0.4913503 0.2338485 0.4557995 0.2370205 0.2369516 0.2213954 0.2507096 0.1972093 0.4281468 0.5127224 0.2540024 0.4637052 0.5683040 0.4321242 0.2916209 0.4517203 0.2673836 0.2429095 0.2287374 0.4477779 0.2800534 0.4582708 0.2833559 0.3738279 0.2232584 0.2303008 0.2317796 0.2785312 0.2375244 0.2336177 0.4569080 0.2443831 0.4590838 0.2694829 0.1663710 0.1811153 0.2339303 0.2318040 0.2626383 0.5327768 0.4764836 0.2016807 0.2207594 0.2428864 0.4216409 0.2374537 0.2375414 0.1460602 0.2361513 0.4340480 0.4537947 0.2304906 0.4377187 0.4544406 0.4316195 0.2738021 0.2528528 0.2278634 0.2213908 0.1584204 0.2343167 0.4403550 0.2839363 0.2242018 
Lycapsus_tenuifolius_17                    0.4055374 0.1414977 0.1211163 0.5081072 0.0900564 0.1924612 0.2241997 0.1896460 0.2455538 0.0000000 0.1750361 0.5264406 0.5268229 0.4161002 0.5357356 0.9514015 0.1417044 0.1139323 0.4770864 0.3171161 0.2050491 0.1390898 0.4786514 0.1410049 0.4919651 0.1402037 0.1514998 0.1646653 0.1355674 0.1438277 0.4440170 0.5092849 0.1370629 0.4832673 0.6064088 0.4809754 0.1845525 0.5255642 0.1707276 0.1467922 0.1338913 0.5276922 0.1847768 0.5496971 0.1845276 0.4128157 0.1336230 0.1376133 0.1364298 0.1848945 0.1458980 0.1414485 0.5314007 0.1605776 0.5330337 0.1440720 0.1606467 0.1344704 0.1390655 0.1364298 0.1268281 0.4913371 0.4941946 0.1488315 0.1431413 0.1257819 0.4541847 0.1960101 0.1978742 0.1346403 0.1410717 0.4793203 0.5082150 0.1412880 0.5172366 0.5309467 0.4610743 0.2356894 0.1287712 0.1565909 0.1402920 0.0875001 0.1403656 0.4090421 0.2140678 0.1499543 
Pericome_caudata_50_silver                 0.3608332 0.1598548 0.2295250 0.5160045 0.1367187 0.1371941 0.1868374 0.2372019 0.2303521 0.1750361 0.0000000 0.5023324 0.4981410 0.3853961 0.5060481 0.9741264 0.1615054 0.1529919 0.4719598 0.3028238 0.2301964 0.1636902 0.4740140 0.1699936 0.4761855 0.1569079 0.1644335 0.1585329 0.1567658 0.1281940 0.4331344 0.4836361 0.1622210 0.4770455 0.5734667 0.4461187 0.2480751 0.5021610 0.1888037 0.1563319 0.1594906 0.4982567 0.2315099 0.5226418 0.2356887 0.3701123 0.1564680 0.1529482 0.1541431 0.2346471 0.1633959 0.1579917 0.4939477 0.1706001 0.5064923 0.1729115 0.1207966 0.1564098 0.1557089 0.1541569 0.1833702 0.5047277 0.4681718 0.1318636 0.1572527 0.1526627 0.3995569 0.0854963 0.0676537 0.1022689 0.1561426 0.4211060 0.4834761 0.1580395 0.4973326 0.5013513 0.4487184 0.1240424 0.1649265 0.1554770 0.1573416 0.1067004 0.1609594 0.3944010 0.2213238 0.1390462 
Perityle_aglossa_84_dead_horse             0.4593792 0.4385418 0.5040528 0.2624406 0.5000245 0.2782793 0.5478440 0.4932700 0.4582235 0.5264406 0.5023324 0.0000000 0.0408390 0.1004316 0.0412124 1.2300251 0.5355749 0.5455379 0.0549558 0.5797883 0.5697392 0.5049512 0.5799126 0.5186309 0.0260303 0.5320006 0.5496181 0.5354859 0.5338123 0.5165502 0.0817556 0.0852034 0.5235370 0.1156636 0.0235338 0.4755256 0.5096591 0.0413261 0.5375100 0.5445725 0.5229854 0.0370588 0.5112964 0.0331593 0.5118900 0.4881944 0.5401558 0.5272442 0.5240937 0.5118900 0.5490727 0.5281067 0.0283805 0.5327712 0.0398259 0.5119787 0.3605012 0.4917485 0.5255921 0.5272442 0.5137689 0.5525894 0.0770352 0.4619760 0.5497239 0.5199739 0.4638219 0.5265169 0.5198593 0.3168735 0.5333796 0.4868688 0.0780459 0.5334599 0.0338798 0.0428310 0.0366607 0.5148104 0.5043613 0.5380894 0.5231336 0.3986238 0.5308743 0.4700984 0.4552417 0.4216864 
Perityle_ajoensis_204                      0.4519167 0.4407828 0.5060777 0.2770974 0.4971662 0.2725359 0.5361673 0.4855630 0.4348147 0.5268229 0.4981410 0.0408390 0.0000000 0.0756306 0.0095918 1.2514698 0.5269002 0.5296009 0.0567277 0.5766823 0.5554098 0.4813905 0.6151146 0.5128592 0.0277195 0.5232289 0.5397384 0.5206832 0.5188074 0.4953324 0.0836795 0.0877129 0.5024581 0.1133346 0.0390860 0.4707756 0.5103077 0.0412756 0.5332847 0.5298038 0.5172862 0.0357981 0.5077639 0.0241677 0.5083609 0.4734093 0.5315715 0.5151848 0.5120016 0.5083609 0.5340681 0.5160388 0.0258996 0.5268166 0.0080338 0.5111867 0.3616092 0.4843785 0.5134899 0.5151848 0.4891988 0.5491530 0.0768524 0.4714298 0.5345586 0.5048841 0.4626430 0.5054196 0.5020442 0.3176090 0.5213272 0.4859913 0.0740424 0.5179592 0.0241517 0.0111993 0.0272298 0.4962767 0.4962040 0.5294830 0.5198388 0.4125824 0.5188442 0.4830268 0.4611647 0.4101759 
Perityle_ambrosiifolia_67_green            0.4663087 0.4149947 0.5377043 0.2616797 0.4126488 0.2570809 0.4229865 0.4640261 0.3887693 0.4161002 0.3853961 0.1004316 0.0756306 0.0000000 0.0930218 1.2494585 0.3833436 0.4097359 0.0498693 0.6017421 0.5629456 0.3611381 0.6048556 0.3978058 0.0302714 0.3880611 0.4058383 0.3849258 0.4120633 0.3927750 0.0803489 0.1549197 0.3958104 0.0992254 0.0984097 0.4742324 0.3957332 0.0766666 0.4766880 0.4010291 0.3826331 0.0855961 0.3950281 0.0912107 0.3979929 0.4451711 0.3925169 0.3849947 0.3806190 0.3979931 0.4056050 0.3833119 0.0896185 0.3979211 0.0935573 0.4143251 0.3524733 0.4641225 0.3814325 0.3828029 0.4889567 0.6285236 0.0708975 0.4561890 0.3933290 0.4045900 0.4240878 0.3838805 0.3914277 0.3153671 0.3912352 0.4397789 0.0897596 0.3857350 0.0750279 0.0965273 0.0255793 0.3816227 0.3876825 0.3927479 0.3826542 0.3961761 0.3853272 0.4835833 0.3567892 0.3163106 
Perityle_angustifolia_13_Eagle_creek       0.4636088 0.4548543 0.5193629 0.2737720 0.5059150 0.2722194 0.5610245 0.4948844 0.4547208 0.5357356 0.5060481 0.0412124 0.0095918 0.0930218 0.0000000 1.2479362 0.5368341 0.5401090 0.0510398 0.5916451 0.5772055 0.4999409 0.5995425 0.5263975 0.0259384 0.5365302 0.5563567 0.5340717 0.5364170 0.5133082 0.0794083 0.0883972 0.5269427 0.1111458 0.0395100 0.4700229 0.5220282 0.0412523 0.5467612 0.5397725 0.5307970 0.0353410 0.5154866 0.0234478 0.5160822 0.4859107 0.5406935 0.5317502 0.5285905 0.5160822 0.5470604 0.5326216 0.0251246 0.5400336 0.0046696 0.5218645 0.3642443 0.4864465 0.5301026 0.5317502 0.5043936 0.5599767 0.0748746 0.4736404 0.5477066 0.5226208 0.4647825 0.5306402 0.5245055 0.3203508 0.5346391 0.4875687 0.0722134 0.5379814 0.0239521 0.0108679 0.0253647 0.5216020 0.5045033 0.5427484 0.5304791 0.4080872 0.5353939 0.4772989 0.4715500 0.4288358 
Perityle_batopilensis_97                   1.1386716 1.0544312 0.9698471 1.1843745 0.9608487 1.0215207 0.9481754 1.0635872 1.0470651 0.9514015 0.9741264 1.2300251 1.2514698 1.2494585 1.2479362 0.0000000 0.9954029 1.0011994 1.2837729 1.0822425 0.9933001 0.9832103 1.1916864 0.9713740 1.3029911 0.9983183 0.9639175 1.0440217 0.9819449 1.0299784 1.2999879 1.1737179 0.9903317 1.2893227 1.3285045 1.1379290 1.0150036 1.3007855 0.9637864 1.0031098 0.9840584 1.2602384 1.0183570 1.2798747 1.0227838 1.1075302 0.9835890 0.9865848 0.9812001 1.0183570 0.9915359 0.9783830 1.2478143 1.0005481 1.2601837 0.9749906 1.0546453 1.0439813 0.9945281 0.9865848 0.9794847 1.1867141 1.3179019 1.0363142 0.9649645 0.9579540 1.1312260 0.9512205 0.9439779 1.0456454 0.9871216 1.1722548 1.2522288 0.9865848 1.2628259 1.2246822 1.2895959 1.0112903 0.9505850 0.9837729 0.9832839 1.0304569 0.9859283 1.1212770 1.0007531 0.9806662 
Perityle_bisetosa_9                        0.3977912 0.1371301 0.1961248 0.4763444 0.1227145 0.1800679 0.2234679 0.2001411 0.2329305 0.1417044 0.1615054 0.5355749 0.5269002 0.3833436 0.5368341 0.9954029 0.0000000 0.1352014 0.4785980 0.1896435 0.1038458 0.0299811 0.5312522 0.0404191 0.4802789 0.0295281 0.0401380 0.0451088 0.1462245 0.1100837 0.4424182 0.5377179 0.1341175 0.4884062 0.6101603 0.5002454 0.2203784 0.5296062 0.1770951 0.0514917 0.0287446 0.5338152 0.2073394 0.5451617 0.2099868 0.4163423 0.0243835 0.0253558 0.0263812 0.2103406 0.0287475 0.0284813 0.5352278 0.0526391 0.5318231 0.1652347 0.0345747 0.0351059 0.0264351 0.0243258 0.1694268 0.5009458 0.4870161 0.0447615 0.0277933 0.1435400 0.4548838 0.1766904 0.1689210 0.0097643 0.0274085 0.4941245 0.4946204 0.0274537 0.5253964 0.5320297 0.4426140 0.1861890 0.1505324 0.0465724 0.0326855 0.1255587 0.0284737 0.4544022 0.2256767 0.0258442 
Perityle_californica_76_positas            0.4139845 0.1612517 0.1363030 0.5240011 0.0993014 0.1339328 0.2208199 0.2028137 0.2536625 0.1139323 0.1529919 0.5455379 0.5296009 0.4097359 0.5401090 1.0011994 0.1352014 0.0000000 0.4800220 0.3214405 0.2172063 0.1333290 0.4435390 0.1526600 0.4915473 0.1425839 0.1494658 0.1529580 0.1308029 0.1344835 0.4497008 0.5163372 0.1073912 0.5135612 0.6226527 0.4746306 0.1782652 0.5279417 0.1751133 0.1445408 0.1426714 0.5332182 0.1776106 0.5554204 0.1787611 0.3850704 0.1366947 0.1374604 0.1386353 0.1762347 0.1404965 0.1388525 0.5391922 0.1526034 0.5440751 0.1394820 0.1613282 0.1240289 0.1401752 0.1374725 0.1256749 0.5030630 0.4938549 0.1450921 0.1394556 0.1249125 0.4311142 0.1862970 0.1722342 0.1214128 0.1422839 0.4636390 0.5085362 0.1412188 0.5259282 0.5320814 0.4569664 0.2254007 0.1279046 0.1422140 0.1475110 0.0962077 0.1378911 0.4112101 0.2056805 0.1613796 
Perityle_canescens_77                      0.4053583 0.3889821 0.4516429 0.2618185 0.4348792 0.2721909 0.4993159 0.4210521 0.4637520 0.4770864 0.4719598 0.0549558 0.0567277 0.0498693 0.0510398 1.2837729 0.4785980 0.4800220 0.0000000 0.5087361 0.4870086 0.4360826 0.5907963 0.4555662 0.0472576 0.4727571 0.5003944 0.4696965 0.4650209 0.4657531 0.0748617 0.0815540 0.4624392 0.0992907 0.0510030 0.4122464 0.4530513 0.0530085 0.4763092 0.4795336 0.4599292 0.0473487 0.4523409 0.0491793 0.4528965 0.4143864 0.4706877 0.4645663 0.4645675 0.4528965 0.4857037 0.4648946 0.0455350 0.4749286 0.0491157 0.4539747 0.3625178 0.4741973 0.4627023 0.4645663 0.4404815 0.5197764 0.0840646 0.4768917 0.4802953 0.4520837 0.4072932 0.4774481 0.4896185 0.3322183 0.4665462 0.4228312 0.0624551 0.4645663 0.0510373 0.0585738 0.0519001 0.4712590 0.4436309 0.4762286 0.4697588 0.4030072 0.4708275 0.4334048 0.4086716 0.3693274 
Perityle_castillonii_96                    0.4183453 0.3071625 0.3078662 0.4878834 0.2840060 0.1644851 0.4031887 0.4029462 0.3634713 0.3171161 0.3028238 0.5797883 0.5766823 0.6017421 0.5916451 1.0822425 0.1896435 0.3214405 0.5087361 0.0000000 0.1756175 0.2083182 0.6225582 0.1960526 0.5337961 0.1922517 0.2084200 0.2253270 0.3107505 0.2938166 0.4626047 0.5827295 0.3049486 0.5134103 0.6381422 0.4860302 0.4244836 0.5590197 0.3280300 0.2169074 0.1883166 0.5646328 0.3962808 0.6044721 0.3977804 0.4509307 0.1912515 0.1863186 0.1876916 0.3989066 0.1822812 0.1934026 0.5887983 0.2101916 0.5865105 0.3262328 0.0304835 0.1474982 0.1895334 0.1876916 0.2796090 0.5413239 0.5246301 0.1081522 0.1924778 0.3082151 0.5323968 0.3310628 0.3173538 0.0097799 0.1905909 0.5541933 0.5315639 0.1880335 0.5770540 0.5963689 0.4927576 0.3504852 0.3140695 0.1994276 0.1918950 0.1314149 0.1936218 0.4510606 0.3774444 0.1286701 
Perityle_cernua_84                         0.4163044 0.2139149 0.2054235 0.5016626 0.1878850 0.1748393 0.2918924 0.2803533 0.2822124 0.2050491 0.2301964 0.5697392 0.5554098 0.5629456 0.5772055 0.9933001 0.1038458 0.2172063 0.4870086 0.1756175 0.0000000 0.1032363 0.5297950 0.1024639 0.5052763 0.0963979 0.1039775 0.1277143 0.2077565 0.1810104 0.4467734 0.5397809 0.2114243 0.5006613 0.6347730 0.5284933 0.3067427 0.5520749 0.2201687 0.1322711 0.0973203 0.5529015 0.2928504 0.5813013 0.2941760 0.4628105 0.1001961 0.0926257 0.0950026 0.2947399 0.0924797 0.0963940 0.5660288 0.1212795 0.5694893 0.2318200 0.0402856 0.0458371 0.0952194 0.0926257 0.2018072 0.4887867 0.4989920 0.0370125 0.0964882 0.2020281 0.5396422 0.2565709 0.2513039 0.0221106 0.0962002 0.5664009 0.5088621 0.0951972 0.5568708 0.5692449 0.4572493 0.3023005 0.2211513 0.1115001 0.0950681 0.1191760 0.0965616 0.4431390 0.3249831 0.1041243 
Perityle_cfvillosa_25_tin                  0.4054483 0.1362599 0.1954517 0.4796800 0.1165946 0.1561905 0.2281484 0.1878233 0.2306299 0.1390898 0.1636902 0.5049512 0.4813905 0.3611381 0.4999409 0.9832103 0.0299811 0.1333290 0.4360826 0.2083182 0.1032363 0.0000000 0.5175604 0.0421663 0.4447122 0.0163574 0.0386209 0.0424044 0.1490454 0.1075595 0.4259906 0.4924713 0.1293636 0.4360692 0.5828183 0.4922388 0.2062948 0.4944042 0.1786430 0.0535218 0.0270781 0.4961124 0.1958781 0.5107766 0.1971406 0.4093283 0.0267458 0.0122201 0.0132440 0.1974745 0.0303157 0.0225670 0.5042390 0.0492171 0.4946036 0.1620755 0.0336819 0.0287021 0.0132592 0.0111945 0.1682085 0.5024612 0.4462333 0.0345007 0.0314421 0.1474685 0.4463793 0.1723630 0.1731116 0.0172751 0.0267957 0.4868980 0.4533368 0.0142930 0.4908034 0.4986079 0.4060386 0.2090395 0.1396849 0.0385728 0.0319053 0.1275952 0.0184596 0.4368808 0.2368949 0.0290472 
Perityle_cinerea_113_Powell1310            0.4220868 0.4444230 0.4608030 0.5449349 0.4586819 0.2009018 0.5159217 0.5013022 0.4913503 0.4786514 0.4740140 0.5799126 0.6151146 0.6048556 0.5995425 1.1916864 0.5312522 0.4435390 0.5907963 0.6225582 0.5297950 0.5175604 0.0000000 0.5297940 0.6057491 0.5257194 0.5319840 0.5087244 0.4871111 0.4318137 0.5873373 0.5953131 0.4529103 0.6089066 0.6156488 0.3769189 0.4562486 0.6027024 0.4694741 0.5118590 0.5220817 0.6087606 0.4691504 0.6009200 0.4691504 0.4334439 0.5237611 0.5163866 0.5163866 0.4691504 0.5186124 0.5171953 0.5985561 0.5188646 0.6073922 0.5078739 0.3296586 0.5030819 0.5225514 0.5163866 0.4603394 0.4128521 0.6214108 0.4919168 0.5014397 0.4661549 0.4120987 0.5098836 0.5306053 0.3301812 0.5014913 0.4245161 0.5968345 0.5163866 0.6072401 0.6010848 0.6048207 0.5135894 0.5035337 0.5012437 0.5060095 0.3487091 0.5121338 0.4811601 0.4759862 0.3697452 
Perityle_coahuilensis_24                   0.3753480 0.1297264 0.1986047 0.4921991 0.1198752 0.1865066 0.2261083 0.1976737 0.2338485 0.1410049 0.1699936 0.5186309 0.5128592 0.3978058 0.5263975 0.9713740 0.0404191 0.1526600 0.4555662 0.1960526 0.1024639 0.0421663 0.5297940 0.0000000 0.4703866 0.0401120 0.0517100 0.0586938 0.1558014 0.1181907 0.4250916 0.4972679 0.1460209 0.4673983 0.5855619 0.4838247 0.2207427 0.5053756 0.1696432 0.0705485 0.0176810 0.5096000 0.2081780 0.5378209 0.2091944 0.3766358 0.0329274 0.0369751 0.0369751 0.2111108 0.0414616 0.0411385 0.5215484 0.0643904 0.5213557 0.1686625 0.0385475 0.0396094 0.0380668 0.0359526 0.1715436 0.5067515 0.4713326 0.0447087 0.0447796 0.1532251 0.4233000 0.1844633 0.1850398 0.0273856 0.0421026 0.4546610 0.4771322 0.0390712 0.5115264 0.5244205 0.4324913 0.2309791 0.1621746 0.0580645 0.0464046 0.1275022 0.0422532 0.4323428 0.2442742 0.0426100 
Perityle_cochisensis_44_cave_creek         0.4163362 0.4088842 0.4694477 0.2578509 0.4445629 0.2704815 0.4818764 0.4427438 0.4557995 0.4919651 0.4761855 0.0260303 0.0277195 0.0302714 0.0259384 1.3029911 0.4802789 0.4915473 0.0472576 0.5337961 0.5052763 0.4447122 0.6057491 0.4703866 0.0000000 0.4801267 0.5071922 0.4681710 0.4798607 0.4763833 0.0773277 0.0809113 0.4752197 0.0994935 0.0224622 0.4244355 0.4659366 0.0260528 0.4849265 0.4834374 0.4747411 0.0277540 0.4649704 0.0206993 0.4655331 0.4397419 0.4853366 0.4720742 0.4720752 0.4655331 0.4928212 0.4695162 0.0189966 0.4788241 0.0259855 0.4662392 0.3576025 0.4815569 0.4702624 0.4720742 0.4464659 0.5468076 0.0636324 0.4709642 0.4875316 0.4679691 0.4163151 0.4848477 0.4940377 0.3246551 0.4718040 0.4378598 0.0723079 0.4720742 0.0224394 0.0294595 0.0236106 0.4788220 0.4518799 0.4835371 0.4805496 0.4024509 0.4753116 0.4489901 0.4077603 0.3639456 
Perityle_congesta_202                      0.4056881 0.1385527 0.1977629 0.5060229 0.1236518 0.1893482 0.2259555 0.2010223 0.2370205 0.1402037 0.1569079 0.5320006 0.5232289 0.3880611 0.5365302 0.9983183 0.0295281 0.1425839 0.4727571 0.1922517 0.0963979 0.0163574 0.5257194 0.0401120 0.4801267 0.0000000 0.0398672 0.0491563 0.1506274 0.1136710 0.4472173 0.5166531 0.1377491 0.4788791 0.5999873 0.4976507 0.2183995 0.5291943 0.1726770 0.0581992 0.0257737 0.5268936 0.2043279 0.5444641 0.2068744 0.4125662 0.0264517 0.0057934 0.0067617 0.2072101 0.0329076 0.0175200 0.5316578 0.0541823 0.5282733 0.1659202 0.0387359 0.0331930 0.0067748 0.0048249 0.1683592 0.5158597 0.4777959 0.0373445 0.0329756 0.1468764 0.4514527 0.1717309 0.1668855 0.0222590 0.0264988 0.4931048 0.4914965 0.0087132 0.5185569 0.5285202 0.4426684 0.2082259 0.1440051 0.0419372 0.0325785 0.1295975 0.0116655 0.4447640 0.2361142 0.0309995 
Perityle_cordifolia_27                     0.3882648 0.1417885 0.1996616 0.5049160 0.1278676 0.1800479 0.2281483 0.2058166 0.2369516 0.1514998 0.1644335 0.5496181 0.5397384 0.4058383 0.5563567 0.9639175 0.0401380 0.1494658 0.5003944 0.2084200 0.1039775 0.0386209 0.5319840 0.0517100 0.5071922 0.0398672 0.0000000 0.0585048 0.1493083 0.1180828 0.4507106 0.5298438 0.1383732 0.5001680 0.6248162 0.4908303 0.2230378 0.5415198 0.1790568 0.0711231 0.0412115 0.5473692 0.2080638 0.5673049 0.2106342 0.3953393 0.0349275 0.0377678 0.0377678 0.2109786 0.0401641 0.0408703 0.5520852 0.0607233 0.5513220 0.1740908 0.0541770 0.0344856 0.0378352 0.0367503 0.1768535 0.5225884 0.4924316 0.0156839 0.0413449 0.1490734 0.4439275 0.1772925 0.1723090 0.0296028 0.0418444 0.4788461 0.5143571 0.0398195 0.5413506 0.5512971 0.4704064 0.2151968 0.1566697 0.0566746 0.0442952 0.1364473 0.0409414 0.4474922 0.2396220 0.0469046 
Perityle_cordifolia_68_tecolote            0.3798037 0.1498332 0.2194468 0.4882524 0.1411891 0.1701731 0.2374825 0.2089440 0.2213954 0.1646653 0.1585329 0.5354859 0.5206832 0.3849258 0.5340717 1.0440217 0.0451088 0.1529580 0.4696965 0.2253270 0.1277143 0.0424044 0.5087244 0.0586938 0.4681710 0.0491563 0.0585048 0.0000000 0.1518813 0.1234436 0.4362168 0.5454685 0.1477520 0.4821080 0.5545320 0.4515146 0.1741760 0.5201414 0.1859541 0.0707825 0.0460556 0.5272341 0.1613144 0.5458914 0.1639538 0.4040707 0.0449085 0.0445986 0.0434803 0.1641402 0.0484709 0.0491482 0.5292868 0.0684387 0.5290791 0.1736654 0.0151435 0.0458881 0.0458074 0.0434803 0.1956124 0.5052457 0.4703140 0.0536247 0.0446921 0.1476739 0.4115230 0.1584970 0.1668954 0.0296964 0.0490805 0.4571139 0.4882916 0.0457897 0.5253114 0.5318944 0.4429130 0.2105527 0.1643120 0.0551032 0.0491539 0.1388544 0.0492370 0.4565477 0.1994626 0.0471296 
Perityle_coronopifolia_28_patagonia        0.3946212 0.1579587 0.1749369 0.5048078 0.0929603 0.1637803 0.2285355 0.1955050 0.2507096 0.1355674 0.1567658 0.5338123 0.5188074 0.4120633 0.5364170 0.9819449 0.1462245 0.1308029 0.4650209 0.3107505 0.2077565 0.1490454 0.4871111 0.1558014 0.4798607 0.1506274 0.1493083 0.1518813 0.0000000 0.1194031 0.4134104 0.4961895 0.1461182 0.4792329 0.6212634 0.4786341 0.2048093 0.5121211 0.1607224 0.1487536 0.1460867 0.5146033 0.1822210 0.5397331 0.1859700 0.4066003 0.1391219 0.1468294 0.1467781 0.1849754 0.1508903 0.1480001 0.5269092 0.1648040 0.5311246 0.1346023 0.1484114 0.1318300 0.1482901 0.1456517 0.1177399 0.4978460 0.4761230 0.1332565 0.1464535 0.0417253 0.4452554 0.1777903 0.1741790 0.1260647 0.1478953 0.4805942 0.4738512 0.1482414 0.5061187 0.5290718 0.4401965 0.2297602 0.1289912 0.1597793 0.1460446 0.0471140 0.1496160 0.4140788 0.2290278 0.1654823 
Perityle_crassifolia_70_ventanas           0.3496213 0.1512223 0.1913034 0.4708529 0.1211822 0.1682366 0.2116044 0.2144551 0.1972093 0.1438277 0.1281940 0.5165502 0.4953324 0.3927750 0.5133082 1.0299784 0.1100837 0.1344835 0.4657531 0.2938166 0.1810104 0.1075595 0.4318137 0.1181907 0.4763833 0.1136710 0.1180828 0.1234436 0.1194031 0.0000000 0.4324492 0.4870592 0.1129410 0.4910250 0.5153885 0.3695166 0.1610376 0.5111027 0.1632543 0.1157496 0.1090046 0.5036754 0.1518784 0.5228746 0.1560163 0.3356312 0.1027139 0.1095702 0.1095280 0.1547775 0.1121567 0.1084789 0.5065204 0.1238841 0.5149806 0.1464614 0.1144913 0.1155881 0.1098046 0.1082797 0.1580440 0.4555191 0.4891867 0.1192919 0.1058923 0.1195805 0.3446609 0.1334833 0.1357496 0.0943417 0.1147158 0.3822666 0.4870377 0.1109848 0.5072522 0.5062075 0.4458010 0.1893646 0.1400706 0.1068895 0.1052156 0.1228198 0.1125634 0.3735978 0.1739038 0.1148604 
Perityle_crassifolia_74_playa_balandra     0.3662355 0.3857139 0.4251466 0.2620491 0.4052888 0.2785652 0.4641975 0.4105316 0.4281468 0.4440170 0.4331344 0.0817556 0.0836795 0.0803489 0.0794083 1.2999879 0.4424182 0.4497008 0.0748617 0.4626047 0.4467734 0.4259906 0.5873373 0.4250916 0.0773277 0.4472173 0.4507106 0.4362168 0.4134104 0.4324492 0.0000000 0.0791205 0.4361952 0.1038984 0.0814763 0.3657688 0.4104100 0.0753960 0.4368043 0.4396481 0.4295133 0.0753298 0.4069962 0.0774560 0.4069962 0.3735476 0.4312942 0.4387945 0.4387961 0.4069962 0.4482900 0.4391144 0.0734369 0.4485652 0.0794965 0.4211097 0.3174318 0.4374402 0.4368005 0.4387945 0.3920884 0.4986584 0.0989575 0.4384021 0.4397111 0.4042798 0.3577015 0.4358171 0.4444477 0.3121822 0.4367393 0.3704012 0.0524199 0.4387945 0.0795045 0.0794353 0.0806032 0.4292411 0.4146841 0.4349892 0.4321281 0.3484422 0.4487463 0.3910343 0.3842506 0.3157469 
Perityle_cuneata_34_cuneata_San_antonio    0.3556834 0.4557757 0.5013697 0.3688927 0.4790547 0.2829350 0.5211052 0.5056617 0.5127224 0.5092849 0.4836361 0.0852034 0.0877129 0.1549197 0.0883972 1.1737179 0.5377179 0.5163372 0.0815540 0.5827295 0.5397809 0.4924713 0.5953131 0.4972679 0.0809113 0.5166531 0.5298438 0.5454685 0.4961895 0.4870592 0.0791205 0.0000000 0.5302942 0.1166490 0.1977729 0.5114947 0.5856285 0.0902995 0.5229374 0.5289322 0.5021922 0.0795677 0.5896114 0.1086865 0.5902207 0.3919582 0.5198508 0.5113006 0.5090439 0.5907591 0.5334005 0.5137370 0.0765521 0.5324873 0.0872064 0.5147447 0.3923775 0.5073169 0.5100943 0.5113006 0.5071398 0.6179906 0.1006640 0.4871153 0.5259268 0.4761714 0.5148876 0.5141490 0.5180429 0.3433423 0.5264955 0.5404312 0.0608077 0.5153762 0.0834577 0.0866796 0.0830945 0.6259091 0.4986411 0.5316770 0.4977745 0.4093877 0.5159369 0.3164710 0.5318171 0.4519966 
Perityle_cuneata_4                         0.4157962 0.1400947 0.1566542 0.5054909 0.1040914 0.1508254 0.2212682 0.2010435 0.2540024 0.1370629 0.1622210 0.5235370 0.5024581 0.3958104 0.5269427 0.9903317 0.1341175 0.1073912 0.4624392 0.3049486 0.2114243 0.1293636 0.4529103 0.1460209 0.4752197 0.1377491 0.1383732 0.1477520 0.1461182 0.1129410 0.4361952 0.5302942 0.0000000 0.4849917 0.6258297 0.4810108 0.2066672 0.5139305 0.1846550 0.1394990 0.1363912 0.5157840 0.1892922 0.5460553 0.1919031 0.4210419 0.1331930 0.1340021 0.1339556 0.1894128 0.1400930 0.1352937 0.5220877 0.1482099 0.5318777 0.1561838 0.1304738 0.1152787 0.1354289 0.1328342 0.1264528 0.5243018 0.4834914 0.1188285 0.1308562 0.1453167 0.4463513 0.1677640 0.1720393 0.0996144 0.1396667 0.4803363 0.4875470 0.1376259 0.5110225 0.5250228 0.4402930 0.2121895 0.1372100 0.1515638 0.1284709 0.1342944 0.1344079 0.4440229 0.2358207 0.1474872 
Perityle_discoidea_81                      0.4278574 0.3946135 0.4653597 0.2833966 0.4520615 0.3370096 0.5120685 0.4231353 0.4637052 0.4832673 0.4770455 0.1156636 0.1133346 0.0992254 0.1111458 1.2893227 0.4884062 0.5135612 0.0992907 0.5134103 0.5006613 0.4360692 0.6089066 0.4673983 0.0994935 0.4788791 0.5001680 0.4821080 0.4792329 0.4910250 0.1038984 0.1166490 0.4849917 0.0000000 0.1069390 0.4294814 0.4678448 0.1072110 0.4862675 0.4923416 0.4719592 0.1029328 0.4636264 0.1009668 0.4642148 0.4489105 0.4830882 0.4738767 0.4738777 0.4642148 0.4987521 0.4770843 0.0968372 0.4951493 0.1078991 0.4634375 0.3920700 0.4874491 0.4719655 0.4738767 0.4527050 0.5345530 0.1273482 0.4975122 0.4931477 0.4728992 0.4238279 0.4879634 0.4849247 0.3492538 0.4788423 0.4230946 0.0991230 0.4738767 0.1028925 0.1153246 0.1019626 0.4820698 0.4642162 0.4889055 0.4851804 0.4348508 0.4838129 0.4596950 0.4516957 0.3995063 
Perityle_dissecta_201                      0.5067997 0.4457162 0.5805826 0.3964373 0.5779713 0.2707261 0.5946437 0.4981664 0.5683040 0.6064088 0.5734667 0.0235338 0.0390860 0.0984097 0.0395100 1.3285045 0.6101603 0.6226527 0.0510030 0.6381422 0.6347730 0.5828183 0.6156488 0.5855619 0.0224622 0.5999873 0.6248162 0.5545320 0.6212634 0.5153885 0.0814763 0.1977729 0.6258297 0.1069390 0.0000000 0.3448612 0.6330969 0.0294404 0.6331706 0.6244280 0.5886609 0.0271653 0.6406188 0.0537005 0.6384613 0.5339560 0.6035943 0.5958370 0.5932494 0.6379121 0.6240606 0.5965227 0.0267252 0.5996831 0.0381192 0.5888899 0.3749977 0.4796768 0.5945934 0.5958370 0.6078548 0.6479166 0.0710422 0.4487188 0.6129010 0.6092999 0.3374741 0.5880787 0.5997865 0.3165246 0.6080712 0.3490303 0.0796933 0.6036167 0.0321695 0.0411225 0.0309968 0.6426869 0.5870756 0.6146977 0.5852549 0.4072688 0.6046584 0.5362043 0.5648616 0.5284334 
Perityle_emoryi_47_punta_san_jose          0.1852231 0.3440659 0.4823366 0.5192652 0.4552789 0.0752112 0.5173753 0.4536840 0.4321242 0.4809754 0.4461187 0.4755256 0.4707756 0.4742324 0.4700229 1.1379290 0.5002454 0.4746306 0.4122464 0.4860302 0.5284933 0.4922388 0.3769189 0.4838247 0.4244355 0.4976507 0.4908303 0.4515146 0.4786341 0.3695166 0.3657688 0.5114947 0.4810108 0.4294814 0.3448612 0.0000000 0.5032016 0.4679542 0.5185436 0.5119901 0.4806997 0.4726190 0.5115147 0.4973004 0.5090494 0.2346161 0.4829764 0.4940051 0.4960656 0.5086462 0.5006004 0.4920150 0.4786019 0.4946090 0.4779193 0.4738499 0.2361439 0.3589030 0.4926412 0.4940051 0.4967524 0.4369518 0.4235874 0.3186744 0.4854473 0.4710895 0.0456242 0.4533376 0.4796542 0.1728961 0.4920227 0.0868254 0.4004162 0.4978582 0.4625326 0.4687833 0.3866435 0.5101681 0.4705276 0.4926326 0.4550478 0.2123363 0.4968527 0.2369412 0.4323552 0.4053508 
Perityle_feddemae_99                       0.4715050 0.1485727 0.2278571 0.5374863 0.1753289 0.1796929 0.2891290 0.1768503 0.2916209 0.1845525 0.2480751 0.5096591 0.5103077 0.3957332 0.5220282 1.0150036 0.2203784 0.1782652 0.4530513 0.4244836 0.3067427 0.2062948 0.4562486 0.2207427 0.4659366 0.2183995 0.2230378 0.1741760 0.2048093 0.1610376 0.4104100 0.5856285 0.2066672 0.4678448 0.6330969 0.5032016 0.0000000 0.5095512 0.2575072 0.2181664 0.2111848 0.5069574 0.0411239 0.5280551 0.0400956 0.4543251 0.2053467 0.2141916 0.2128638 0.0390488 0.2247248 0.2144491 0.5125032 0.2369555 0.5138994 0.1997834 0.1474355 0.1314005 0.2159366 0.2128826 0.2144170 0.5394672 0.4548784 0.1453237 0.2096728 0.1954316 0.4685096 0.2164919 0.2595422 0.1052850 0.2142874 0.5043265 0.4777358 0.2156153 0.5008887 0.5148028 0.4310824 0.2982715 0.2011928 0.2242847 0.2049596 0.0966283 0.2159944 0.4856672 0.2678970 0.2494998 
Perityle_fosteri_93                        0.4531986 0.4337597 0.4970423 0.2595875 0.4813438 0.2727641 0.5267914 0.4810665 0.4517203 0.5255642 0.5021610 0.0413261 0.0412756 0.0766666 0.0412523 1.3007855 0.5296062 0.5279417 0.0530085 0.5590197 0.5520749 0.4944042 0.6027024 0.5053756 0.0260528 0.5291943 0.5415198 0.5201414 0.5121211 0.5111027 0.0753960 0.0902995 0.5139305 0.1072110 0.0294404 0.4679542 0.5095512 0.0000000 0.5241081 0.5325300 0.5097803 0.0311912 0.5016545 0.0429524 0.5022448 0.4773871 0.5269825 0.5210132 0.5177811 0.5022448 0.5368472 0.5190757 0.0312321 0.5307721 0.0398088 0.5033016 0.3606981 0.4930450 0.5193048 0.5210132 0.4782590 0.5542478 0.0654064 0.4746604 0.5373448 0.4981650 0.4559734 0.5193386 0.5205817 0.3203931 0.5244413 0.4701573 0.0799379 0.5238253 0.0429232 0.0429373 0.0366622 0.5112789 0.4825790 0.5259226 0.5162001 0.4019293 0.5214418 0.4706913 0.4505973 0.4035616 
Perityle_gamon_221                         0.4241108 0.2010513 0.1926578 0.5261785 0.1367216 0.1878681 0.2577992 0.2086013 0.2673836 0.1707276 0.1888037 0.5375100 0.5332847 0.4766880 0.5467612 0.9637864 0.1770951 0.1751133 0.4763092 0.3280300 0.2201687 0.1786430 0.4694741 0.1696432 0.4849265 0.1726770 0.1790568 0.1859541 0.1607224 0.1632543 0.4368043 0.5229374 0.1846550 0.4862675 0.6331706 0.5185436 0.2575072 0.5241081 0.0000000 0.1821559 0.1724211 0.5247713 0.2437133 0.5478682 0.2463144 0.4713167 0.1685476 0.1711958 0.1723671 0.2481202 0.1813536 0.1748915 0.5365805 0.1989714 0.5441788 0.1953206 0.1360776 0.1199368 0.1740071 0.1711946 0.1479130 0.5251068 0.4799045 0.1215074 0.1801273 0.1574601 0.5121067 0.2147932 0.2118081 0.1112457 0.1801514 0.5393448 0.4992636 0.1738573 0.5229466 0.5386507 0.4506613 0.2490128 0.1757990 0.1928746 0.1703312 0.0941108 0.1778468 0.4527679 0.2741463 0.1960871 
Perityle_gentryi_8_san_francisco           0.4097761 0.1360395 0.2004255 0.5001982 0.1255227 0.1695407 0.2266815 0.1986323 0.2429095 0.1467922 0.1563319 0.5445725 0.5298038 0.4010291 0.5397725 1.0031098 0.0514917 0.1445408 0.4795336 0.2169074 0.1322711 0.0535218 0.5118590 0.0705485 0.4834374 0.0581992 0.0711231 0.0707825 0.1487536 0.1157496 0.4396481 0.5289322 0.1394990 0.4923416 0.6244280 0.5119901 0.2181664 0.5325300 0.1821559 0.0000000 0.0597967 0.5360320 0.2092786 0.5475900 0.2131830 0.4223824 0.0494436 0.0519208 0.0549981 0.2121819 0.0598159 0.0581626 0.5381756 0.0777910 0.5347832 0.1714050 0.0628783 0.0460863 0.0551089 0.0529415 0.1659999 0.5035116 0.4845311 0.0445193 0.0609489 0.1450758 0.4704261 0.1760755 0.1740323 0.0172143 0.0591911 0.5020165 0.4977841 0.0561144 0.5343361 0.5382527 0.4492758 0.2113487 0.1517881 0.0754111 0.0611497 0.1270124 0.0582869 0.4433364 0.2439046 0.0634351 
Perityle_gilensis_22_Superstition          0.3754591 0.1339136 0.1918709 0.4958437 0.1211265 0.1807378 0.2256175 0.1956750 0.2287374 0.1338913 0.1594906 0.5229854 0.5172862 0.3826331 0.5307970 0.9840584 0.0287446 0.1426714 0.4599292 0.1883166 0.0973203 0.0270781 0.5220817 0.0176810 0.4747411 0.0257737 0.0412115 0.0460556 0.1460867 0.1090046 0.4295133 0.5021922 0.1363912 0.4719592 0.5886609 0.4806997 0.2111848 0.5097803 0.1724211 0.0597967 0.0000000 0.5139281 0.1961261 0.5421185 0.1986723 0.3927884 0.0214062 0.0227220 0.0227220 0.1989960 0.0321481 0.0267800 0.5259239 0.0524997 0.5257439 0.1649344 0.0325892 0.0347015 0.0237669 0.0217204 0.1700323 0.4973028 0.4712212 0.0409568 0.0322505 0.1434852 0.4331926 0.1724879 0.1733793 0.0222747 0.0277461 0.4692005 0.4815614 0.0247588 0.5158938 0.5287747 0.4367463 0.2166090 0.1512288 0.0443473 0.0295052 0.1249130 0.0278446 0.4259517 0.2350011 0.0314039 
Perityle_gilensis_salensis_225             0.4536876 0.4297379 0.4971888 0.2666245 0.4898103 0.2665113 0.5378165 0.4842787 0.4477779 0.5276922 0.4982567 0.0370588 0.0357981 0.0855961 0.0353410 1.2602384 0.5338152 0.5332182 0.0473487 0.5646328 0.5529015 0.4961124 0.6087606 0.5096000 0.0277540 0.5268936 0.5473692 0.5272341 0.5146033 0.5036754 0.0753298 0.0795677 0.5157840 0.1029328 0.0271653 0.4726190 0.5069574 0.0311912 0.5247713 0.5360320 0.5139281 0.0000000 0.5046438 0.0337166 0.5075897 0.4888372 0.5312051 0.5221314 0.5189697 0.5052312 0.5409112 0.5229896 0.0223692 0.5369238 0.0339061 0.5059859 0.3586625 0.4847802 0.5204626 0.5221314 0.4943252 0.5529775 0.0692467 0.4653461 0.5414017 0.5018716 0.4634588 0.5201503 0.5202778 0.3136049 0.5282647 0.4839872 0.0740827 0.5283722 0.0338451 0.0369768 0.0328940 0.5111412 0.4939944 0.5297925 0.5174602 0.3955738 0.5257708 0.4723988 0.4622213 0.4129864 
Perityle_glaucescens_94                    0.4732884 0.1370859 0.2222896 0.5467440 0.1558906 0.1744737 0.2798385 0.1712658 0.2800534 0.1847768 0.2315099 0.5112964 0.5077639 0.3950281 0.5154866 1.0183570 0.2073394 0.1776106 0.4523409 0.3962808 0.2928504 0.1958781 0.4691504 0.2081780 0.4649704 0.2043279 0.2080638 0.1613144 0.1822210 0.1518784 0.4069962 0.5896114 0.1892922 0.4636264 0.6406188 0.5115147 0.0411239 0.5016545 0.2437133 0.2092786 0.1961261 0.5046438 0.0000000 0.5216217 0.0029250 0.4537142 0.1912158 0.2002034 0.2001278 0.0039030 0.2120260 0.2005651 0.5104099 0.2283210 0.5074278 0.1926022 0.1315758 0.1225502 0.2018960 0.1989160 0.1965842 0.5403528 0.4635427 0.1266936 0.1969914 0.1730719 0.4734677 0.2059686 0.2446040 0.0941822 0.2002138 0.5027991 0.4767298 0.2015991 0.4941022 0.5083921 0.4229046 0.2808437 0.1825079 0.2101996 0.1908826 0.0899084 0.2032768 0.4930934 0.2591180 0.2400582 
Perityle_gracilis_11                       0.4765503 0.4475189 0.5312310 0.2917697 0.5171723 0.2926434 0.5602392 0.4849209 0.4582708 0.5496971 0.5226418 0.0331593 0.0241677 0.0912107 0.0234478 1.2798747 0.5451617 0.5554204 0.0491793 0.6044721 0.5813013 0.5107766 0.6009200 0.5378209 0.0206993 0.5444641 0.5673049 0.5458914 0.5397331 0.5228746 0.0774560 0.1086865 0.5460553 0.1009668 0.0537005 0.4973004 0.5280551 0.0429524 0.5478682 0.5475900 0.5421185 0.0337166 0.5216217 0.0000000 0.5222100 0.5076962 0.5527295 0.5396723 0.5366125 0.5222100 0.5581944 0.5378793 0.0235422 0.5471796 0.0203964 0.5229927 0.3689822 0.4829278 0.5380928 0.5396723 0.5218834 0.5822606 0.0692089 0.4701257 0.5588301 0.5251827 0.4831521 0.5463613 0.5407183 0.3162649 0.5430157 0.5053734 0.0741566 0.5457009 0.0031555 0.0234567 0.0017872 0.5288592 0.5182063 0.5519219 0.5421911 0.3894403 0.5464146 0.5056642 0.4804163 0.4432880 
