83
Amauria_brandeegeana_62                    0.0000000 0.3215866 0.1979982 0.5264040 0.1972731 0.0619272 0.5444525 0.1552730 0.4269406 0.1851468 0.1960104 0.1720480 0.1697540 0.1699921 0.0631340 0.1792714 0.1703564 0.6732639 0.1626542 0.2177823 0.1888677 0.1790858 0.2395642 0.1679462 0.1714889 0.4181268 0.3947262 0.4221088 0.1922350 0.2600838 0.2055727 0.5621671 0.1706107 0.0813624 0.5129277 0.3409142 0.2633173 0.2069373 0.1740909 0.1570335 0.4841492 0.1580413 0.2936350 0.2171547 0.2696399 0.1791087 0.1728221 0.2898277 0.1391220 0.1504791 0.1740364 0.2062661 0.1832965 0.3581249 0.3075844 0.1362983 0.1740422 0.4878751 0.3816993 0.1677290 0.2107270 0.3634502 0.1636382 0.4086999 0.1999868 0.3553726 0.3251330 0.1825055 0.1730169 0.1756720 0.1960258 0.1733980 0.1375226 0.2977103 0.3678062 0.3334428 0.5141738 0.1725101 0.2155909 0.1232047 0.1742226 0.1656001 0.3583427 
Amauria_carterae_99_mesa                   0.3215866 0.0000000 0.3025161 0.4762777 0.3158432 0.1378882 0.4949751 0.1503895 0.3715170 0.3215050 0.3486281 0.3121400 0.3163353 0.3251126 0.2422367 0.2372695 0.3106617 0.7005041 0.2862122 0.3114683 0.1969312 0.3082824 0.2610342 0.3188822 0.2944722 0.4323039 0.4105670 0.4491816 0.3031444 0.3631623 0.2742602 0.4151131 0.3092958 0.3096232 0.4537990 0.3785676 0.3659756 0.3060366 0.3151211 0.3024398 0.4811750 0.3098636 0.3705205 0.2489591 0.3531671 0.3109184 0.3093182 0.3677891 0.2933087 0.3156927 0.2996037 0.3216782 0.2954446 0.4090349 0.2479069 0.2203700 0.3162775 0.4382821 0.4445083 0.1796481 0.3040324 0.4440372 0.3177513 0.4410517 0.3188163 0.3772952 0.3774071 0.1778001 0.3140857 0.2147929 0.3306807 0.3058535 0.3043576 0.3543402 0.4020324 0.4159282 0.5036581 0.3126343 0.0807602 0.0949593 0.3114434 0.3186785 0.2858454 
Amauria_rotundifolia_SRR9119150            0.1979982 0.3025161 0.0000000 0.5180052 0.1149432 0.0664407 0.5310074 0.1470732 0.4068484 0.1228326 0.2463534 0.1672369 0.1581227 0.1719655 0.0722073 0.1725107 0.1577644 0.6480973 0.0960219 0.1983074 0.1665429 0.1565300 0.2160210 0.1613603 0.1572462 0.4281266 0.3939616 0.3896158 0.1304949 0.2307746 0.1366685 0.5759422 0.1593049 0.0927676 0.4981452 0.2905126 0.2065950 0.1710268 0.1423441 0.1549069 0.4867591 0.1522390 0.2126224 0.1822974 0.2511398 0.1667330 0.1590962 0.2144753 0.1397056 0.1609630 0.1664963 0.2393767 0.1721374 0.3627072 0.2577747 0.0884227 0.1656511 0.4343156 0.3952131 0.1609933 0.1889211 0.3468612 0.1111975 0.3748184 0.2253518 0.3048996 0.2779288 0.1635020 0.1648106 0.1768772 0.1833275 0.1625620 0.0888037 0.2372657 0.3582657 0.3270696 0.4833470 0.1698139 0.1759572 0.0827357 0.1633816 0.1349651 0.3173685 
Conoclinium_coelestinum_SRR9119114         0.5264040 0.4762777 0.5180052 0.0000000 0.4721322 0.2061124 0.1458819 0.1068835 0.5072952 0.4743579 0.5473759 0.5006759 0.4932634 0.5039085 0.3232525 0.4472650 0.4939352 0.7783354 0.4672430 0.4984941 0.4130091 0.5034274 0.2284718 0.5102412 0.5103452 0.4721440 0.4786310 0.4625157 0.4798393 0.2731819 0.5274543 0.5811929 0.4952045 0.3952349 0.4394608 0.5582696 0.5789572 0.5096430 0.4952854 0.4944430 0.4673527 0.4997388 0.5416826 0.4938299 0.5249268 0.5042519 0.5091869 0.5370463 0.4654709 0.4933680 0.4959959 0.5458943 0.4868546 0.4029462 0.2412406 0.3583012 0.5068828 0.4648763 0.4761818 0.1193261 0.5416117 0.3524748 0.4755870 0.4547576 0.5395825 0.5059223 0.5480136 0.1556263 0.5003889 0.4281590 0.5330627 0.5003022 0.4531802 0.5173563 0.5066447 0.4356738 0.4594749 0.5071294 0.3763570 0.2450599 0.5077732 0.4892152 0.2883828 
Eutetras_palmeri_63                        0.1972731 0.3158432 0.1149432 0.4721322 0.0000000 0.0283066 0.4945257 0.1439993 0.3960379 0.1025094 0.1517050 0.1157936 0.1122710 0.1212602 0.0599638 0.1130862 0.1120553 0.6840141 0.0861672 0.1398776 0.1246322 0.1152965 0.2202899 0.1101119 0.1165146 0.3906450 0.3636939 0.3858456 0.1206477 0.2408898 0.1042591 0.5412564 0.1144442 0.0872637 0.4950741 0.2464048 0.1796711 0.1236885 0.1094472 0.1137207 0.4796219 0.1167641 0.1700074 0.1166075 0.1992487 0.1191542 0.1154171 0.1846377 0.1008771 0.1182971 0.1180106 0.1991841 0.1123019 0.3560432 0.2631146 0.0732904 0.1154459 0.4186779 0.3586285 0.1650476 0.1445484 0.3440589 0.0956509 0.3623255 0.1807216 0.2950054 0.2041429 0.1718610 0.1175176 0.1105927 0.1497122 0.1187950 0.0836253 0.2215960 0.3661992 0.3146936 0.4905625 0.1159650 0.1042906 0.0678765 0.1154262 0.1204736 0.3190191 
Eutetras_pringlei_149_quer                 0.0619272 0.1378882 0.0664407 0.2061124 0.0283066 0.0000000 0.2052256 0.1133439 0.2193273 0.0558575 0.0450943 0.0533035 0.0577676 0.0600392 0.0427089 0.0532354 0.0511493 0.6776775 0.0538713 0.0706017 0.0504287 0.0597071 0.1715423 0.0574457 0.0599110 0.1704227 0.1620855 0.1981436 0.0750509 0.1996627 0.0496034 0.3367693 0.0555979 0.0493671 0.1500495 0.1308856 0.0519280 0.0534247 0.0575770 0.0554074 0.1861329 0.0597262 0.0603769 0.0569432 0.0619589 0.0532780 0.0618811 0.0714288 0.0575424 0.0620021 0.0511819 0.0576605 0.0621945 0.1906182 0.1679580 0.0683702 0.0511361 0.1655004 0.2039297 0.1646172 0.0614389 0.2176590 0.0555200 0.1812697 0.0576246 0.1322112 0.0221568 0.1591838 0.0512141 0.0553755 0.0624085 0.0577264 0.0555352 0.0535124 0.3350038 0.1586883 0.1932000 0.0554112 0.0329062 0.0475545 0.0534000 0.0538246 0.1969596 
Eutrochium_fistulosum_SRR9119106           0.5444525 0.4949751 0.5310074 0.1458819 0.4945257 0.2052256 0.0000000 0.0962100 0.5583778 0.4859745 0.5549292 0.5140497 0.5127623 0.5075234 0.3225583 0.4401134 0.5075461 0.8367545 0.4608848 0.4820265 0.4357559 0.5157638 0.2163427 0.5187842 0.5257960 0.5071481 0.4693595 0.4392460 0.4954632 0.2834706 0.5247063 0.6097726 0.5146455 0.4276940 0.4313471 0.5472081 0.5580756 0.5087835 0.5017994 0.5041064 0.4409613 0.5119064 0.5742839 0.4876649 0.5261006 0.5090037 0.5177853 0.5497259 0.4692332 0.5053817 0.5116167 0.5563482 0.5024310 0.3665426 0.2131113 0.3384890 0.5162766 0.4577609 0.4431230 0.1203436 0.5365289 0.3649932 0.4700606 0.4284562 0.5640696 0.4940989 0.5473466 0.1519446 0.5150331 0.4240102 0.5383908 0.5178233 0.4525406 0.5324065 0.5923345 0.4263546 0.4474423 0.5206042 0.3791361 0.2259355 0.5177573 0.5023301 0.2761388 
Galeana_pratensis_104_mex                  0.1552730 0.1503895 0.1470732 0.1068835 0.1439993 0.1133439 0.0962100 0.0000000 0.1729667 0.1523157 0.1523711 0.1640883 0.1609519 0.1582045 0.1557332 0.1493906 0.1608016 0.7745971 0.1573869 0.1578019 0.1608016 0.1608917 0.1113006 0.1632249 0.1673285 0.0977205 0.1109811 0.1184232 0.1523157 0.1213083 0.1489463 0.3867895 0.1554207 0.1576537 0.0913351 0.1553433 0.1589930 0.1412158 0.1607683 0.1607683 0.1017357 0.1637280 0.1607976 0.1637208 0.1497816 0.1666669 0.1666669 0.1607879 0.1697988 0.1665732 0.1609964 0.1635610 0.1608016 0.0946629 0.1163902 0.1519687 0.1638199 0.1114424 0.0943059 0.0893088 0.1601617 0.1086676 0.1695226 0.1212445 0.1634241 0.1636379 0.1399493 0.1229441 0.1580782 0.1690412 0.1550262 0.1642684 0.1666954 0.1637926 0.2970856 0.1250859 0.0796545 0.1663646 0.1298711 0.1441664 0.1667607 0.1603365 0.1030071 
Helianthus_annuus_SRR9119062               0.4269406 0.3715170 0.4068484 0.5072952 0.3960379 0.2193273 0.5583778 0.1729667 0.0000000 0.3720987 0.4104566 0.4129355 0.4054323 0.4035235 0.2534702 0.3617755 0.4036186 0.7225108 0.3704158 0.4073673 0.3185308 0.4014364 0.2825816 0.3979657 0.3985924 0.4802862 0.4920174 0.4937940 0.3782947 0.3244848 0.4060057 0.5547973 0.4144844 0.3179112 0.4740494 0.4829628 0.4527213 0.4085285 0.3917114 0.3919485 0.4895919 0.3887571 0.4501489 0.3785078 0.4283705 0.3968859 0.4020322 0.4338511 0.3678353 0.3972580 0.4032558 0.4613630 0.4045615 0.5316162 0.3422876 0.2891554 0.3981032 0.4904025 0.5201233 0.1911973 0.4547651 0.4254346 0.3581359 0.4894266 0.4461187 0.4354424 0.4471340 0.2104867 0.4104247 0.3642601 0.4364865 0.3955566 0.3551767 0.4012684 0.4439740 0.4336389 0.5061399 0.3965063 0.2936489 0.1996095 0.4018094 0.3867417 0.3500821 
Lycapsus_tenuifolius_17                    0.1851468 0.3215050 0.1228326 0.4743579 0.1025094 0.0558575 0.4859745 0.1523157 0.3720987 0.0000000 0.1758708 0.1167910 0.1131905 0.1177461 0.0715310 0.1083297 0.1095019 0.7123330 0.1108203 0.1352067 0.1104592 0.1182974 0.2275492 0.1141777 0.1124202 0.3704780 0.3328964 0.3735983 0.0303193 0.2589860 0.1048855 0.4800877 0.1119935 0.0902548 0.4591045 0.2519289 0.1750541 0.1227346 0.1141658 0.1115678 0.4352984 0.1142419 0.1820211 0.1142106 0.2005305 0.1169222 0.1153330 0.1922682 0.1022900 0.1147965 0.1128632 0.1641768 0.1076487 0.3164810 0.2589497 0.0928382 0.1129942 0.4203326 0.3514881 0.1729703 0.1365934 0.3653719 0.1174595 0.3508293 0.1361126 0.2812714 0.2447635 0.1900469 0.1147917 0.1025134 0.0933846 0.1177590 0.0983219 0.2332220 0.4117743 0.3123691 0.4701871 0.1158199 0.0948645 0.0799311 0.1119732 0.1135506 0.3149837 
Pericome_caudata_50_silver                 0.1960104 0.3486281 0.2463534 0.5473759 0.1517050 0.0450943 0.5549292 0.1523711 0.4104566 0.1758708 0.0000000 0.1916482 0.1820646 0.1981138 0.0689077 0.1903021 0.1888591 0.6819380 0.1438511 0.2187363 0.2077055 0.1902584 0.2301454 0.1834131 0.1928036 0.4575664 0.4461761 0.4372899 0.1809842 0.2324430 0.2332799 0.5593130 0.1915994 0.1094865 0.5662289 0.3379486 0.2716913 0.1995195 0.1662485 0.1782138 0.5506706 0.1822568 0.2945935 0.2296700 0.2742582 0.1904987 0.1866974 0.2966297 0.1663510 0.1725073 0.1906385 0.2423828 0.1910973 0.3861185 0.3089196 0.1330498 0.1902771 0.4821711 0.4307586 0.1739918 0.2344990 0.3765027 0.1599229 0.4107939 0.2404699 0.3669703 0.3267579 0.1829796 0.1892191 0.1779397 0.2061098 0.1890011 0.1417207 0.2983891 0.3727548 0.3698379 0.5458200 0.1890285 0.2204717 0.1105159 0.1903145 0.1762544 0.3567011 
Perityle_aglossa_84_dead_horse             0.1720480 0.3121400 0.1672369 0.5006759 0.1157936 0.0533035 0.5140497 0.1640883 0.4129355 0.1167910 0.1916482 0.0000000 0.0299380 0.0381293 0.0255694 0.0363104 0.0245375 0.6618612 0.0911545 0.0643487 0.0255749 0.0358111 0.2252968 0.0317310 0.0253281 0.4260674 0.3992381 0.3945148 0.1232716 0.2414747 0.1619832 0.5184158 0.0254467 0.0365741 0.5017117 0.1727748 0.1920246 0.0794396 0.0368432 0.0247149 0.5012135 0.0332051 0.2101432 0.1295042 0.1162282 0.0284609 0.0272030 0.1953216 0.0312770 0.0345168 0.0288691 0.2016885 0.0313830 0.3685326 0.2598109 0.0369245 0.0281094 0.4437551 0.3735615 0.1585531 0.1620467 0.3793613 0.0365386 0.3754375 0.1826715 0.2990926 0.2653481 0.1743887 0.0337186 0.0287891 0.1475723 0.0317463 0.0289485 0.1464019 0.3303577 0.3432554 0.5031246 0.0363744 0.0282250 0.0618402 0.0334962 0.0422186 0.3044851 
Perityle_ajoensis_204                      0.1697540 0.3163353 0.1581227 0.4932634 0.1122710 0.0577676 0.5127623 0.1609519 0.4054323 0.1131905 0.1820646 0.0299380 0.0000000 0.0326662 0.0271285 0.0396574 0.0209476 0.6698570 0.0900503 0.0665189 0.0221396 0.0275830 0.2236737 0.0272035 0.0216629 0.4051270 0.3837151 0.3808521 0.1208647 0.2329701 0.1607318 0.5236870 0.0254019 0.0292629 0.4959455 0.1741706 0.1917962 0.0796013 0.0283552 0.0219328 0.4965916 0.0276846 0.2060507 0.1332515 0.1140774 0.0293049 0.0227154 0.1880595 0.0263085 0.0270640 0.0279620 0.1959423 0.0275293 0.3618892 0.2584212 0.0369757 0.0244998 0.4335910 0.3649792 0.1498029 0.1585552 0.3673877 0.0304356 0.3649910 0.1767382 0.3034514 0.2686290 0.1688175 0.0300719 0.0288286 0.1405125 0.0263040 0.0195107 0.1545806 0.3407674 0.3208615 0.4953635 0.0291038 0.0310974 0.0695974 0.0271662 0.0382101 0.3034271 
Perityle_ambrosiifolia_67_green            0.1699921 0.3251126 0.1719655 0.5039085 0.1212602 0.0600392 0.5075234 0.1582045 0.4035235 0.1177461 0.1981138 0.0381293 0.0326662 0.0000000 0.0256613 0.0418705 0.0281258 0.6731837 0.0950242 0.0623197 0.0346465 0.0377075 0.2202106 0.0317379 0.0300074 0.4022182 0.3826024 0.3792738 0.1259182 0.2288677 0.1662151 0.5077203 0.0326301 0.0413607 0.4945276 0.1818383 0.1922689 0.0846745 0.0340138 0.0322662 0.4949705 0.0378307 0.2100675 0.1374201 0.1121072 0.0375673 0.0308042 0.1916246 0.0293622 0.0392038 0.0317166 0.2030937 0.0275769 0.3599102 0.2571859 0.0343140 0.0353076 0.4308881 0.3597305 0.1499221 0.1646433 0.3583611 0.0265142 0.3633454 0.1862999 0.3086590 0.2682293 0.1741857 0.0383211 0.0299921 0.1432720 0.0362859 0.0321885 0.1560767 0.3392192 0.3263361 0.4978988 0.0400632 0.0311308 0.0715485 0.0389405 0.0461502 0.2963917 
Perityle_angustifolia_13_Eagle_creek       0.0631340 0.2422367 0.0722073 0.3232525 0.0599638 0.0427089 0.3225583 0.1557332 0.2534702 0.0715310 0.0689077 0.0255694 0.0271285 0.0256613 0.0000000 0.0348049 0.0179226 0.6606623 0.0521602 0.0380257 0.0162046 0.0254978 0.2122087 0.0255211 0.0240464 0.2345162 0.2191508 0.2878687 0.0811068 0.2197804 0.0514335 0.4075542 0.0270940 0.0301748 0.2478092 0.1283733 0.0637034 0.0518870 0.0240058 0.0224722 0.2783927 0.0224681 0.0636315 0.0692376 0.0333423 0.0259463 0.0239926 0.0685922 0.0270561 0.0286358 0.0194252 0.0472103 0.0149318 0.2348688 0.2271056 0.0416406 0.0239721 0.2262698 0.2555173 0.1467558 0.0596675 0.3016005 0.0285605 0.2595853 0.0504020 0.1756647 0.0903562 0.1654865 0.0149249 0.0310263 0.0715520 0.0225101 0.0255290 0.0245685 0.3167470 0.2086091 0.2766337 0.0240103 0.0214247 0.0581793 0.0225005 0.0348363 0.2366263 
Perityle_batopilensis_97                   0.1792714 0.2372695 0.1725107 0.4472650 0.1130862 0.0532354 0.4401134 0.1493906 0.3617755 0.1083297 0.1903021 0.0363104 0.0396574 0.0418705 0.0348049 0.0000000 0.0351788 0.6669072 0.0805757 0.0452895 0.0349674 0.0422108 0.2220937 0.0395578 0.0385440 0.3599926 0.3603085 0.3752688 0.1196675 0.2412314 0.1602895 0.5215467 0.0418187 0.0256165 0.3806118 0.1188495 0.1358257 0.0756765 0.0381517 0.0371657 0.4178687 0.0460393 0.1441073 0.1427661 0.0418378 0.0411743 0.0373773 0.1295790 0.0394886 0.0432865 0.0428453 0.2160481 0.0418919 0.3507264 0.2524414 0.0356076 0.0384899 0.3301164 0.3480825 0.1496455 0.1487668 0.2959185 0.0365735 0.3566828 0.2080164 0.2240955 0.1747880 0.1684411 0.0418048 0.0436585 0.1570560 0.0429563 0.0313386 0.0501494 0.3259773 0.3055708 0.3857363 0.0406712 0.0517784 0.0697174 0.0428969 0.0422592 0.2928691 
Perityle_bisetosa_9                        0.1703564 0.3106617 0.1577644 0.4939352 0.1120553 0.0511493 0.5075461 0.1608016 0.4036186 0.1095019 0.1888591 0.0245375 0.0209476 0.0281258 0.0179226 0.0351788 0.0000000 0.6535679 0.0861248 0.0611102 0.0199049 0.0266341 0.2200194 0.0253851 0.0207196 0.3999898 0.3769355 0.3864305 0.1193648 0.2341076 0.1533393 0.5195447 0.0182837 0.0303901 0.5014187 0.1714236 0.1835495 0.0743995 0.0292521 0.0200542 0.5016452 0.0276420 0.2032993 0.1304987 0.1087232 0.0274588 0.0182642 0.1829175 0.0233084 0.0270472 0.0187988 0.1886195 0.0197972 0.3682949 0.2549326 0.0354905 0.0262354 0.4311620 0.3705794 0.1525575 0.1500466 0.3602050 0.0263947 0.3690777 0.1707969 0.2946092 0.2671201 0.1768065 0.0264455 0.0276504 0.1437104 0.0262885 0.0205137 0.1471490 0.3196504 0.3223984 0.5044892 0.0299690 0.0296785 0.0656484 0.0280297 0.0381409 0.3021828 
Perityle_californica_76_positas            0.6732639 0.7005041 0.6480973 0.7783354 0.6840141 0.6776775 0.8367545 0.7745971 0.7225108 0.7123330 0.6819380 0.6618612 0.6698570 0.6731837 0.6606623 0.6669072 0.6535679 0.0000000 0.6736108 0.6490082 0.6144148 0.6432793 0.7788326 0.6717753 0.6545465 0.7330357 0.7788021 0.7424822 0.7016543 0.7196570 0.6401398 0.8240406 0.6538098 0.6563640 0.7284142 0.6733430 0.6908740 0.6753958 0.6589975 0.6600801 0.7518548 0.6455142 0.6789347 0.6950116 0.6758570 0.6663355 0.6455142 0.7078096 0.6614834 0.6508625 0.6535679 0.6708225 0.6499258 0.7518220 0.7940017 0.6655356 0.6617091 0.7498054 0.7718276 0.7509932 0.6753191 0.7375062 0.6704296 0.7228068 0.6758878 0.6746165 0.7124497 0.7453031 0.6623595 0.6734813 0.7093711 0.6455142 0.6535679 0.6628749 0.0533275 0.7570588 0.7416587 0.6673871 0.6018173 0.6394526 0.6617091 0.6509737 0.7281362 
Perityle_canescens_77                      0.1626542 0.2862122 0.0960219 0.4672430 0.0861672 0.0538713 0.4608848 0.1573869 0.3704158 0.1108203 0.1438511 0.0911545 0.0900503 0.0950242 0.0521602 0.0805757 0.0861248 0.6736108 0.0000000 0.1259444 0.0769099 0.0945815 0.2293801 0.0923173 0.0911780 0.3225679 0.3401028 0.3543213 0.1205064 0.2237500 0.0957231 0.4935728 0.0899304 0.0797354 0.3971946 0.2339193 0.1549668 0.1028897 0.0911561 0.0757644 0.3961134 0.0874171 0.1582468 0.0846681 0.1596539 0.0962137 0.0898352 0.1664780 0.0891515 0.0793789 0.0947730 0.1285448 0.0952956 0.3314764 0.2610910 0.0756508 0.0910809 0.3666086 0.3317214 0.1636349 0.1002901 0.3583822 0.0984315 0.3351586 0.1188778 0.2456435 0.1787089 0.1820209 0.0934564 0.0793005 0.1250601 0.0936267 0.0940463 0.1738818 0.3491568 0.3109079 0.4070386 0.0911058 0.0598791 0.0560450 0.0934954 0.1054201 0.2802208 
Perityle_castillonii_96                    0.2177823 0.3114683 0.1983074 0.4984941 0.1398776 0.0706017 0.4820265 0.1578019 0.4073673 0.1352067 0.2187363 0.0643487 0.0665189 0.0623197 0.0380257 0.0452895 0.0611102 0.6490082 0.1259444 0.0000000 0.0590377 0.0616646 0.2321711 0.0664073 0.0611992 0.4060941 0.4109491 0.4074329 0.1506235 0.2437094 0.1901790 0.5350988 0.0654103 0.0725449 0.4310494 0.1705722 0.1773114 0.1031247 0.0628574 0.0591557 0.4451750 0.0666660 0.1830681 0.1493164 0.0328613 0.0628716 0.0589952 0.1647282 0.0627315 0.0697710 0.0621950 0.2428236 0.0612434 0.3806488 0.2660976 0.0465833 0.0631850 0.3604504 0.3875804 0.1735438 0.1744193 0.3584497 0.0685330 0.3838620 0.2238893 0.2802266 0.2107381 0.1825173 0.0610695 0.0460647 0.1822121 0.0654945 0.0655152 0.1018291 0.3272058 0.3529442 0.4298448 0.0653049 0.0443783 0.0719721 0.0685493 0.0773735 0.3167583 
Perityle_cernua_84                         0.1888677 0.1969312 0.1665429 0.4130091 0.1246322 0.0504287 0.4357559 0.1608016 0.3185308 0.1104592 0.2077055 0.0255749 0.0221396 0.0346465 0.0162046 0.0349674 0.0199049 0.6144148 0.0769099 0.0590377 0.0000000 0.0258655 0.1854045 0.0232866 0.0184293 0.3997735 0.3593792 0.3390216 0.1137775 0.1837960 0.1718105 0.5087160 0.0232687 0.0355906 0.4257698 0.0723682 0.2053544 0.0670713 0.0327248 0.0198604 0.4265192 0.0180500 0.2263052 0.1503078 0.1196427 0.0278559 0.0210237 0.1973942 0.0202696 0.0206064 0.0252691 0.2104766 0.0232323 0.3270164 0.2392499 0.0335725 0.0266587 0.4218335 0.3291071 0.1341068 0.1758989 0.2597061 0.0358149 0.3399015 0.1897366 0.2098700 0.2448109 0.1550870 0.0302958 0.0242883 0.1600797 0.0267215 0.0203120 0.1260047 0.1247240 0.3037657 0.4274911 0.0268197 0.0270507 0.0573007 0.0289087 0.0469552 0.2878273 
Perityle_cfvillosa_25_tin                  0.1790858 0.3082824 0.1565300 0.5034274 0.1152965 0.0597071 0.5157638 0.1608917 0.4014364 0.1182974 0.1902584 0.0358111 0.0275830 0.0377075 0.0254978 0.0422108 0.0266341 0.6432793 0.0945815 0.0616646 0.0258655 0.0000000 0.2270207 0.0330195 0.0181172 0.3902119 0.3773598 0.3964437 0.1253627 0.2337981 0.1632785 0.5189432 0.0266437 0.0366684 0.4866332 0.1786610 0.1924328 0.0812199 0.0341258 0.0267486 0.4956942 0.0198090 0.1992364 0.1412187 0.1126595 0.0352295 0.0131964 0.1948768 0.0355490 0.0358785 0.0290587 0.1897291 0.0325865 0.3735959 0.2613163 0.0395697 0.0284364 0.4316696 0.3739753 0.1582472 0.1627892 0.3712296 0.0336247 0.3776004 0.1760412 0.2961746 0.2577543 0.1710776 0.0329833 0.0336537 0.1483095 0.0230692 0.0132573 0.1494980 0.3077460 0.3160247 0.4935005 0.0386938 0.0359703 0.0637004 0.0185547 0.0423313 0.3061656 
Perityle_cinerea_113_Powell1310            0.2395642 0.2610342 0.2160210 0.2284718 0.2202899 0.1715423 0.2163427 0.1113006 0.2825816 0.2275492 0.2301454 0.2252968 0.2236737 0.2202106 0.2122087 0.2220937 0.2200194 0.7788326 0.2293801 0.2321711 0.1854045 0.2270207 0.0000000 0.2294051 0.2329717 0.1098148 0.0484348 0.1640150 0.2318698 0.1375615 0.2278019 0.4438702 0.2329384 0.2034840 0.1353100 0.2554179 0.2285373 0.2344414 0.2297087 0.2272493 0.1406641 0.2297121 0.2372997 0.2392326 0.2204092 0.2257165 0.2322170 0.2301001 0.2250467 0.2296568 0.2272533 0.2467530 0.2209646 0.1311713 0.0530870 0.2170564 0.2247987 0.0524729 0.1285528 0.0919211 0.2518154 0.1462520 0.2394209 0.1509640 0.2414881 0.2696697 0.2228548 0.0244491 0.2203284 0.2295263 0.2357186 0.2303326 0.2346864 0.2229525 0.4276895 0.1391519 0.1501396 0.2272758 0.1703412 0.2076496 0.2300522 0.2237045 0.1205483 
Perityle_coahuilensis_24                   0.1679462 0.3188822 0.1613603 0.5102412 0.1101119 0.0574457 0.5187842 0.1632249 0.3979657 0.1141777 0.1834131 0.0317310 0.0272035 0.0317379 0.0255211 0.0395578 0.0253851 0.6717753 0.0923173 0.0664073 0.0232866 0.0330195 0.2294051 0.0000000 0.0244008 0.4054825 0.3823311 0.3828242 0.1230677 0.2406414 0.1571392 0.5110480 0.0262648 0.0315530 0.4898923 0.1763302 0.1916619 0.0804734 0.0283238 0.0191381 0.4918850 0.0285692 0.2098815 0.1344246 0.1169923 0.0301937 0.0253668 0.1936876 0.0302757 0.0261396 0.0307102 0.1932682 0.0304114 0.3678884 0.2635050 0.0341502 0.0298501 0.4283421 0.3614206 0.1549545 0.1560632 0.3722171 0.0314288 0.3670390 0.1776527 0.3054174 0.2646982 0.1791159 0.0327695 0.0175700 0.1438075 0.0281025 0.0257622 0.1483459 0.3191432 0.3197083 0.4975852 0.0327226 0.0311256 0.0655895 0.0316317 0.0410669 0.3003211 
Perityle_congesta_202                      0.1714889 0.2944722 0.1572462 0.5103452 0.1165146 0.0599110 0.5257960 0.1673285 0.3985924 0.1124202 0.1928036 0.0253281 0.0216629 0.0300074 0.0240464 0.0385440 0.0207196 0.6545465 0.0911780 0.0611992 0.0184293 0.0181172 0.2329717 0.0244008 0.0000000 0.3983046 0.4005687 0.4038358 0.1208448 0.2392090 0.1634971 0.5191117 0.0216370 0.0304570 0.4834415 0.1688491 0.1935785 0.0765122 0.0273731 0.0192590 0.5009682 0.0118545 0.1898331 0.1397454 0.1005339 0.0246700 0.0089297 0.1763488 0.0263020 0.0270293 0.0234778 0.1934894 0.0265489 0.3748518 0.2669291 0.0382968 0.0216286 0.4084832 0.3792750 0.1619281 0.1448813 0.3767740 0.0284151 0.3844282 0.1773612 0.2867740 0.2498811 0.1774847 0.0280637 0.0254400 0.1426359 0.0080386 0.0144334 0.1350864 0.3203354 0.3306820 0.4839181 0.0272845 0.0268655 0.0658713 0.0197999 0.0364214 0.3071850 
Perityle_cordifolia_27                     0.4181268 0.4323039 0.4281266 0.4721440 0.3906450 0.1704227 0.5071481 0.0977205 0.4802862 0.3704780 0.4575664 0.4260674 0.4051270 0.4022182 0.2345162 0.3599926 0.3999898 0.7330357 0.3225679 0.4060941 0.3997735 0.3902119 0.1098148 0.4054825 0.3983046 0.0000000 0.1603142 0.2524614 0.3696690 0.1260218 0.4379310 0.6039919 0.4050121 0.3078164 0.2886181 0.5035702 0.4735935 0.3942813 0.3871654 0.3853269 0.3555528 0.4024625 0.4673944 0.3934874 0.4588668 0.4143284 0.4075848 0.4781170 0.3606612 0.3924072 0.3861177 0.4512021 0.3670736 0.1976873 0.1003138 0.2660110 0.4080798 0.2156065 0.2384713 0.0786421 0.4046043 0.2001928 0.3673410 0.2403896 0.4727995 0.4682671 0.5090793 0.0891253 0.4033699 0.3501830 0.3847817 0.4040881 0.3342110 0.4766614 0.4609092 0.1989127 0.3059344 0.4109525 0.3517772 0.2156720 0.4045472 0.3850125 0.1289912 
Perityle_cordifolia_68_tecolote            0.3947262 0.4105670 0.3939616 0.4786310 0.3636939 0.1620855 0.4693595 0.1109811 0.4920174 0.3328964 0.4461761 0.3992381 0.3837151 0.3826024 0.2191508 0.3603085 0.3769355 0.7788021 0.3401028 0.4109491 0.3593792 0.3773598 0.0484348 0.3823311 0.4005687 0.1603142 0.0000000 0.1794104 0.3383968 0.1465796 0.4204609 0.5933533 0.3850787 0.2705572 0.2730229 0.4880045 0.4584029 0.4086480 0.3714851 0.3834779 0.3492843 0.3739270 0.4784563 0.4029458 0.4464770 0.3949371 0.3849103 0.4766601 0.3569072 0.3792694 0.3960419 0.4374021 0.3837920 0.2062148 0.0063681 0.2527796 0.3901426 0.1444944 0.1724342 0.1005024 0.4149971 0.2319136 0.3401002 0.1643771 0.4499061 0.4374184 0.5224547 0.0380190 0.3990896 0.3596409 0.3964426 0.3825746 0.3287284 0.4755194 0.4165485 0.1509426 0.3032667 0.3904714 0.3565422 0.2294318 0.3880925 0.3574479 0.1240257 
Perityle_coronopifolia_28_patagonia        0.4221088 0.4491816 0.3896158 0.4625157 0.3858456 0.1981436 0.4392460 0.1184232 0.4937940 0.3735983 0.4372899 0.3945148 0.3808521 0.3792738 0.2878687 0.3752688 0.3864305 0.7424822 0.3543213 0.4074329 0.3390216 0.3964437 0.1640150 0.3828242 0.4038358 0.2524614 0.1794104 0.0000000 0.3714680 0.1465818 0.3882876 0.5506112 0.3901158 0.2991224 0.2858558 0.4789717 0.4558816 0.3978470 0.3803139 0.3787593 0.3149611 0.3792812 0.4746028 0.4122409 0.4489806 0.3897819 0.3914796 0.4654755 0.3652082 0.3683641 0.3959548 0.4516862 0.3998926 0.1461056 0.1559758 0.3058560 0.3885449 0.2459443 0.1134450 0.0448942 0.4236014 0.2819875 0.3624472 0.0272105 0.4622103 0.4786011 0.4926735 0.1231929 0.3985074 0.3711097 0.4208120 0.3906219 0.3528726 0.4777155 0.4582377 0.1942281 0.2921426 0.3942178 0.3418866 0.2316166 0.3917033 0.3775319 0.1138137 
Perityle_crassifolia_70_ventanas           0.1922350 0.3031444 0.1304949 0.4798393 0.1206477 0.0750509 0.4954632 0.1523157 0.3782947 0.0303193 0.1809842 0.1232716 0.1208647 0.1259182 0.0811068 0.1196675 0.1193648 0.7016543 0.1205064 0.1506235 0.1137775 0.1253627 0.2318698 0.1230677 0.1208448 0.3696690 0.3383968 0.3714680 0.0000000 0.2581798 0.1175270 0.5019138 0.1208152 0.0916311 0.4431158 0.2513755 0.1893360 0.1315565 0.1255872 0.1200845 0.4306051 0.1233034 0.1877514 0.1305635 0.2059125 0.1260746 0.1230697 0.1990887 0.1167224 0.1240114 0.1200177 0.1672377 0.1229122 0.3231756 0.2675985 0.1149465 0.1242543 0.4100318 0.3421957 0.1699688 0.1394111 0.3531599 0.1293908 0.3481445 0.1407106 0.2783324 0.2487121 0.1843727 0.1229252 0.1200400 0.0857470 0.1255606 0.1096533 0.2376950 0.4002265 0.3102467 0.4552919 0.1284444 0.1043491 0.0857396 0.1195604 0.1169638 0.3114026 
Perityle_crassifolia_74_playa_balandra     0.2600838 0.3631623 0.2307746 0.2731819 0.2408898 0.1996627 0.2834706 0.1213083 0.3244848 0.2589860 0.2324430 0.2414747 0.2329701 0.2288677 0.2197804 0.2412314 0.2341076 0.7196570 0.2237500 0.2437094 0.1837960 0.2337981 0.1375615 0.2406414 0.2392090 0.1260218 0.1465796 0.1465818 0.2581798 0.0000000 0.2346589 0.4059258 0.2323729 0.2360992 0.1702370 0.3513318 0.2606038 0.2389887 0.2338582 0.2364092 0.1806167 0.2363651 0.2448935 0.2591776 0.2309478 0.2437740 0.2408015 0.2516738 0.2330034 0.2422576 0.2318484 0.2497968 0.2424395 0.1312768 0.1539737 0.2188348 0.2362767 0.1454142 0.1534430 0.0804932 0.2545050 0.1918120 0.2332829 0.1357753 0.2592397 0.3594695 0.2602476 0.1290001 0.2344103 0.2285728 0.2627684 0.2367935 0.2337183 0.2581638 0.4836214 0.1145016 0.1851175 0.2344463 0.1563175 0.1662476 0.2323931 0.2418752 0.1077741 
Perityle_cuneata_34_cuneata_San_antonio    0.2055727 0.2742602 0.1366685 0.5274543 0.1042591 0.0496034 0.5247063 0.1489463 0.4060057 0.1048855 0.2332799 0.1619832 0.1607318 0.1662151 0.0514335 0.1602895 0.1533393 0.6401398 0.0957231 0.1901790 0.1718105 0.1632785 0.2278019 0.1571392 0.1634971 0.4379310 0.4204609 0.3882876 0.1175270 0.2346589 0.0000000 0.5401156 0.1617364 0.0932095 0.5015837 0.2750528 0.2105869 0.1729154 0.1342144 0.1526274 0.4917067 0.1606820 0.2052532 0.1600189 0.2547947 0.1623121 0.1615517 0.2114994 0.1457828 0.1588071 0.1634419 0.2283842 0.1547456 0.3597605 0.2685843 0.0729412 0.1605518 0.4429018 0.3795691 0.1692955 0.1971239 0.3362980 0.1120648 0.3804734 0.2119944 0.2543408 0.2585680 0.1787878 0.1667236 0.1629156 0.1699576 0.1642611 0.0992719 0.2415184 0.3301632 0.3790131 0.5034672 0.1622905 0.1568714 0.0635625 0.1675734 0.1297731 0.3089024 
Perityle_discoidea_81                      0.5621671 0.4151131 0.5759422 0.5811929 0.5412564 0.3367693 0.6097726 0.3867895 0.5547973 0.4800877 0.5593130 0.5184158 0.5236870 0.5077203 0.4075542 0.5215467 0.5195447 0.8240406 0.4935728 0.5350988 0.5087160 0.5189432 0.4438702 0.5110480 0.5191117 0.6039919 0.5933533 0.5506112 0.5019138 0.4059258 0.5401156 0.0000000 0.5194904 0.4066443 0.6295908 0.5331608 0.5559673 0.5464560 0.5092693 0.5112491 0.6416836 0.5180053 0.5612327 0.5523134 0.5368524 0.5155015 0.5172679 0.5284408 0.4924412 0.4917017 0.5206169 0.6316386 0.5184372 0.5758171 0.4978544 0.4816906 0.5227676 0.5438395 0.5509103 0.3504569 0.5345156 0.5101972 0.4828228 0.5583080 0.6393743 0.5285052 0.5562659 0.3714798 0.5298212 0.5108857 0.5561416 0.5160049 0.4692037 0.4992623 0.4663711 0.6061286 0.5890186 0.5129847 0.4888055 0.4138107 0.5304152 0.5132341 0.5300694 
Perityle_dissecta_201                      0.1706107 0.3092958 0.1593049 0.4952045 0.1144442 0.0555979 0.5146455 0.1554207 0.4144844 0.1119935 0.1915994 0.0254467 0.0254019 0.0326301 0.0270940 0.0418187 0.0182837 0.6538098 0.0899304 0.0654103 0.0232687 0.0266437 0.2329384 0.0262648 0.0216370 0.4050121 0.3850787 0.3901158 0.1208152 0.2323729 0.1617364 0.5194904 0.0000000 0.0339902 0.4973225 0.1787121 0.1929525 0.0775175 0.0311220 0.0209819 0.5019602 0.0276519 0.2096290 0.1370925 0.1139012 0.0310966 0.0182706 0.1913435 0.0272855 0.0288884 0.0224438 0.1943951 0.0246056 0.3708358 0.2668930 0.0396281 0.0298230 0.4370287 0.3674781 0.1471121 0.1583958 0.3751694 0.0294094 0.3727163 0.1800462 0.3059206 0.2686456 0.1798536 0.0309572 0.0276493 0.1449056 0.0262978 0.0226122 0.1519192 0.3196504 0.3187425 0.5035135 0.0317896 0.0339970 0.0736246 0.0280396 0.0401040 0.3069728 
Perityle_emoryi_47_punta_san_jose          0.0813624 0.3096232 0.0927676 0.3952349 0.0872637 0.0493671 0.4276940 0.1576537 0.3179112 0.0902548 0.1094865 0.0365741 0.0292629 0.0413607 0.0301748 0.0256165 0.0303901 0.6563640 0.0797354 0.0725449 0.0355906 0.0366684 0.2034840 0.0315530 0.0304570 0.3078164 0.2705572 0.2991224 0.0916311 0.2360992 0.0932095 0.4066443 0.0339902 0.0000000 0.3906572 0.2324451 0.1593783 0.0857337 0.0340319 0.0289771 0.3730892 0.0327870 0.1713700 0.0699332 0.1375182 0.0369235 0.0327645 0.1825331 0.0381118 0.0352846 0.0328072 0.0802117 0.0337571 0.2536431 0.1966402 0.0345544 0.0363596 0.3526954 0.2801437 0.1535126 0.0973943 0.3523799 0.0448368 0.2779595 0.0842014 0.2688752 0.2355783 0.1640999 0.0354968 0.0284596 0.0724919 0.0328124 0.0301924 0.1951789 0.3287386 0.2541301 0.4119734 0.0377839 0.0232085 0.0532462 0.0315710 0.0057603 0.2127047 
Perityle_feddemae_99                       0.5129277 0.4537990 0.4981452 0.4394608 0.4950741 0.1500495 0.4313471 0.0913351 0.4740494 0.4591045 0.5662289 0.5017117 0.4959455 0.4945276 0.2478092 0.3806118 0.5014187 0.7284142 0.3971946 0.4310494 0.4257698 0.4866332 0.1353100 0.4898923 0.4834415 0.2886181 0.2730229 0.2858558 0.4431158 0.1702370 0.5015837 0.6295908 0.4973225 0.3906572 0.0000000 0.4634600 0.5446636 0.4739791 0.4859535 0.4618102 0.1069776 0.4899817 0.5316565 0.4451265 0.4774941 0.5136701 0.5031737 0.5280725 0.4372785 0.4758104 0.4838473 0.5553651 0.4409224 0.2448993 0.1144192 0.2734598 0.5103159 0.2978841 0.2772788 0.0421205 0.4919421 0.2498292 0.4711033 0.2908031 0.5631697 0.4570255 0.5361363 0.1049841 0.5024892 0.3561486 0.4774854 0.5005886 0.4308996 0.4187681 0.4582000 0.2885917 0.0573641 0.4924462 0.3470055 0.2283517 0.5011137 0.4645015 0.0820718 
Perityle_fosteri_93                        0.3409142 0.3785676 0.2905126 0.5582696 0.2464048 0.1308856 0.5472081 0.1553433 0.4829628 0.2519289 0.3379486 0.1727748 0.1741706 0.1818383 0.1283733 0.1188495 0.1714236 0.6733430 0.2339193 0.1705722 0.0723682 0.1786610 0.2554179 0.1763302 0.1688491 0.5035702 0.4880045 0.4789717 0.2513755 0.3513318 0.2750528 0.5331608 0.1787121 0.2324451 0.4634600 0.0000000 0.2803931 0.1812093 0.1827923 0.1655012 0.5242947 0.1803359 0.2846025 0.2258505 0.1769210 0.1702136 0.1713657 0.2645002 0.1821512 0.1825350 0.1736950 0.3573357 0.1655581 0.4591680 0.2901806 0.1223688 0.1716278 0.4624246 0.4815642 0.1440870 0.2871941 0.4140559 0.1931196 0.4687531 0.3275415 0.3166810 0.3087838 0.1714270 0.1769881 0.1035511 0.3171231 0.1788747 0.1928315 0.2087487 0.3557597 0.4256216 0.5205393 0.1785068 0.0343002 0.0740375 0.1763261 0.2004892 0.3413652 
Perityle_gamon_221                         0.2633173 0.3659756 0.2065950 0.5789572 0.1796711 0.0519280 0.5580756 0.1589930 0.4527213 0.1750541 0.2716913 0.1920246 0.1917962 0.1922689 0.0637034 0.1358257 0.1835495 0.6908740 0.1549668 0.1773114 0.2053544 0.1924328 0.2285373 0.1916619 0.1935785 0.4735935 0.4584029 0.4558816 0.1893360 0.2606038 0.2105869 0.5559673 0.1929525 0.1593783 0.5446636 0.2803931 0.0000000 0.2016871 0.1917625 0.1868998 0.5063325 0.1968523 0.1179823 0.0393124 0.2357496 0.1968074 0.1914440 0.1203452 0.1688105 0.1994429 0.1914277 0.2828657 0.1820779 0.4043526 0.2668676 0.0779147 0.1905771 0.4788845 0.4429414 0.1805829 0.2198451 0.4001957 0.1605652 0.4376396 0.2637957 0.3364043 0.2856652 0.1914317 0.1913206 0.1409892 0.2195159 0.1962693 0.1433092 0.2460976 0.3836841 0.4357088 0.5438649 0.1986028 0.1413042 0.0754854 0.1962991 0.1792702 0.3536125 
Perityle_gentryi_8_san_francisco           0.2069373 0.3060366 0.1710268 0.5096430 0.1236885 0.0534247 0.5087835 0.1412158 0.4085285 0.1227346 0.1995195 0.0794396 0.0796013 0.0846745 0.0518870 0.0756765 0.0743995 0.6753958 0.1028897 0.1031247 0.0670713 0.0812199 0.2344414 0.0804734 0.0765122 0.3942813 0.4086480 0.3978470 0.1315565 0.2389887 0.1729154 0.5464560 0.0775175 0.0857337 0.4739791 0.1812093 0.2016871 0.0000000 0.0852341 0.0719289 0.4958489 0.0831022 0.2030771 0.1462459 0.1422906 0.0835776 0.0744046 0.1872782 0.0835576 0.0831251 0.0784871 0.1987175 0.0756272 0.3596179 0.2748415 0.0727923 0.0774848 0.4064927 0.3875208 0.1671700 0.1517440 0.3514047 0.0841774 0.3825747 0.1844580 0.2905000 0.2451134 0.1793197 0.0804420 0.0621553 0.1636282 0.0816067 0.0806984 0.1648302 0.3411639 0.3181016 0.4754648 0.0845595 0.0531542 0.0715618 0.0815347 0.0908690 0.3165262 
Perityle_gilensis_22_Superstition          0.1740909 0.3151211 0.1423441 0.4952854 0.1094472 0.0575770 0.5017994 0.1607683 0.3917114 0.1141658 0.1662485 0.0368432 0.0283552 0.0340138 0.0240058 0.0381517 0.0292521 0.6589975 0.0911561 0.0628574 0.0327248 0.0341258 0.2297087 0.0283238 0.0273731 0.3871654 0.3714851 0.3803139 0.1255872 0.2338582 0.1342144 0.5092693 0.0311220 0.0340319 0.4859535 0.1827923 0.1917625 0.0852341 0.0000000 0.0228731 0.4679002 0.0278778 0.1881938 0.1338265 0.1223994 0.0342994 0.0282993 0.1954588 0.0337826 0.0301512 0.0339903 0.1756747 0.0267070 0.3699540 0.2661554 0.0395965 0.0320162 0.4434609 0.3579595 0.1524415 0.1411441 0.3720757 0.0374776 0.3595571 0.1646753 0.3071222 0.2552245 0.1766153 0.0350984 0.0255918 0.1384891 0.0330112 0.0299785 0.1568879 0.3191432 0.3244190 0.4919432 0.0359866 0.0332907 0.0716214 0.0301382 0.0450899 0.3085916 
Perityle_gilensis_salensis_225             0.1570335 0.3024398 0.1549069 0.4944430 0.1137207 0.0554074 0.5041064 0.1607683 0.3919485 0.1115678 0.1782138 0.0247149 0.0219328 0.0322662 0.0224722 0.0371657 0.0200542 0.6600801 0.0757644 0.0591557 0.0198604 0.0267486 0.2272493 0.0191381 0.0192590 0.3853269 0.3834779 0.3787593 0.1200845 0.2364092 0.1526274 0.5112491 0.0209819 0.0289771 0.4618102 0.1655012 0.1868998 0.0719289 0.0228731 0.0000000 0.4847727 0.0258090 0.1881121 0.1288605 0.1091851 0.0240462 0.0181963 0.1730486 0.0253616 0.0221280 0.0247391 0.1771191 0.0241276 0.3636248 0.2615182 0.0370009 0.0256111 0.3985912 0.3599957 0.1553429 0.1472387 0.3696822 0.0309196 0.3590160 0.1628559 0.2880250 0.2509921 0.1738563 0.0265375 0.0225821 0.1422990 0.0247142 0.0219242 0.1419422 0.3097446 0.3127139 0.4664012 0.0276232 0.0291316 0.0656504 0.0265335 0.0380390 0.2855857 
Perityle_glaucescens_94                    0.4841492 0.4811750 0.4867591 0.4673527 0.4796219 0.1861329 0.4409613 0.1017357 0.4895919 0.4352984 0.5506706 0.5012135 0.4965916 0.4949705 0.2783927 0.4178687 0.5016452 0.7518548 0.3961134 0.4451750 0.4265192 0.4956942 0.1406641 0.4918850 0.5009682 0.3555528 0.3492843 0.3149611 0.4306051 0.1806167 0.4917067 0.6416836 0.5019602 0.3730892 0.1069776 0.5242947 0.5063325 0.4958489 0.4679002 0.4847727 0.0000000 0.4889075 0.5123354 0.4374741 0.4838473 0.5067592 0.5039320 0.5104929 0.4557257 0.4850829 0.5002809 0.5312389 0.4713403 0.2414291 0.1355226 0.2917721 0.5035291 0.3290728 0.3166319 0.0493984 0.4801219 0.2870136 0.4435030 0.3180106 0.5232949 0.4697281 0.5047181 0.1101557 0.5002429 0.3777079 0.4618195 0.5032012 0.4353883 0.4323892 0.4930347 0.3759345 0.1123715 0.4974892 0.3623604 0.2195212 0.4983935 0.4508330 0.0906458 
Perityle_gracilis_11                       0.1580413 0.3098636 0.1522390 0.4997388 0.1167641 0.0597262 0.5119064 0.1637280 0.3887571 0.1142419 0.1822568 0.0332051 0.0276846 0.0378307 0.0224681 0.0460393 0.0276420 0.6455142 0.0874171 0.0666660 0.0180500 0.0198090 0.2297121 0.0285692 0.0118545 0.4024625 0.3739270 0.3792812 0.1233034 0.2363651 0.1606820 0.5180053 0.0276519 0.0327870 0.4899817 0.1803359 0.1968523 0.0831022 0.0278778 0.0258090 0.4889075 0.0000000 0.2070857 0.1415717 0.1182165 0.0270412 0.0141365 0.1932103 0.0292945 0.0318915 0.0303346 0.1819970 0.0329740 0.3703161 0.2638278 0.0382142 0.0294446 0.4234157 0.3576682 0.1612787 0.1583483 0.3729984 0.0299915 0.3601559 0.1758382 0.2972506 0.2705376 0.1740285 0.0352118 0.0328994 0.1432948 0.0168408 0.0133728 0.1527333 0.3093451 0.3083618 0.4912540 0.0342199 0.0335068 0.0637191 0.0186033 0.0398690 0.2955590 
Perityle_harkerae_31                       0.2936350 0.3705205 0.2126224 0.5416826 0.1700074 0.0603769 0.5742839 0.1607976 0.4501489 0.1820211 0.2945935 0.2101432 0.2060507 0.2100675 0.0636315 0.1441073 0.2032993 0.6789347 0.1582468 0.1830681 0.2263052 0.1992364 0.2372997 0.2098815 0.1898331 0.4673944 0.4784563 0.4746028 0.1877514 0.2448935 0.2052532 0.5612327 0.2096290 0.1713700 0.5316565 0.2846025 0.1179823 0.2030771 0.1881938 0.1881121 0.5123354 0.2070857 0.0000000 0.1277335 0.2349027 0.2076432 0.2060023 0.0608906 0.1812882 0.2184392 0.2005493 0.2855539 0.1820924 0.3720349 0.2755933 0.0938578 0.2013167 0.4744081 0.4367694 0.1730183 0.2128883 0.3997420 0.1789242 0.4602287 0.2676943 0.3373008 0.2607220 0.1820008 0.2053484 0.1444802 0.2251176 0.2039183 0.1553221 0.2443067 0.3558685 0.4745116 0.5156770 0.2169797 0.1392325 0.0735084 0.2050402 0.1998839 0.3399438 
Perityle_hofmeisteria_4_nombre_de_dios     0.2171547 0.2489591 0.1822974 0.4938299 0.1166075 0.0569432 0.4876649 0.1637208 0.3785078 0.1142106 0.2296700 0.1295042 0.1332515 0.1374201 0.0692376 0.1427661 0.1304987 0.6950116 0.0846681 0.1493164 0.1503078 0.1412187 0.2392326 0.1344246 0.1397454 0.3934874 0.4029458 0.4122409 0.1305635 0.2591776 0.1600189 0.5523134 0.1370925 0.0699332 0.4451265 0.2258505 0.0393124 0.1462459 0.1338265 0.1288605 0.4374741 0.1415717 0.1277335 0.0000000 0.1462205 0.1403072 0.1356896 0.1157983 0.1130003 0.1436334 0.1431977 0.2564785 0.1423546 0.3832868 0.2795442 0.0812478 0.1333269 0.3493221 0.4064637 0.1875514 0.1656700 0.3248561 0.0928624 0.3913996 0.2276344 0.2601308 0.1787151 0.1948072 0.1395131 0.1459163 0.1803354 0.1422351 0.0790982 0.1323318 0.3658990 0.3658303 0.4315263 0.1330941 0.1496668 0.0776104 0.1461038 0.1165424 0.3473539 
Perityle_huecosensis_48                    0.2696399 0.3531671 0.2511398 0.5249268 0.1992487 0.0619589 0.5261006 0.1497816 0.4283705 0.2005305 0.2742582 0.1162282 0.1140774 0.1121072 0.0333423 0.0418378 0.1087232 0.6758570 0.1596539 0.0328613 0.1196427 0.1126595 0.2204092 0.1169923 0.1005339 0.4588668 0.4464770 0.4489806 0.2059125 0.2309478 0.2547947 0.5368524 0.1139012 0.1375182 0.4774941 0.1769210 0.2357496 0.1422906 0.1223994 0.1091851 0.4838473 0.1182165 0.2349027 0.1462205 0.0000000 0.1164675 0.1097288 0.2261830 0.1055223 0.1230068 0.1030397 0.2912542 0.0725622 0.3729222 0.2576830 0.0397274 0.1107490 0.4251660 0.4262500 0.1529608 0.2376024 0.3570000 0.1266417 0.4279549 0.2745665 0.3270786 0.2860315 0.1743866 0.1116195 0.0378883 0.2040134 0.1151642 0.1196877 0.1665205 0.3597230 0.3988367 0.4723342 0.1102821 0.0398116 0.0716346 0.1200781 0.1265808 0.3006629 
