85
Amauria_brandeegeana_62                    0.0000000 0.0788838 0.0829306 0.2064472 0.1355978 0.1304769 0.1676357 0.1601824 0.3113657 0.0158211 0.1451749 0.1316930 0.1541623 0.1728726 0.1203097 0.1813713 0.1525238 0.2275296 0.1652771 0.1450284 0.1564471 0.1351796 0.1125744 0.1503045 0.1509739 0.1495877 0.2524208 0.1739877 0.2371939 0.1712612 0.1949711 0.2846115 0.1932842 0.0823015 0.1526576 0.1535100 0.1828743 0.1557349 0.1771344 0.1826326 0.1462871 0.1496844 0.1857160 0.1442955 0.1703442 0.1687720 0.1481895 0.1426820 0.1925186 0.1771741 0.1478933 0.1743841 0.1421842 0.2533301 0.1746891 0.2620006 0.1375463 0.1333582 0.1666878 0.1810956 0.1424815 0.0977596 0.1607750 0.1942065 0.1502456 0.2432307 0.2316137 0.1664537 0.1601287 0.0990260 0.1855960 0.1520622 0.1809181 0.1520898 0.1505678 0.1469890 0.1689615 0.1899597 0.1698616 0.1634644 0.1549971 0.1597916 0.2409198 0.1874004 0.1619002 
Amauria_carterae_99_mesa                   0.0788838 0.0000000 0.0972196 0.1862213 0.1293012 0.1842981 0.1486575 0.1251509 0.3185128 0.0774794 0.1392476 0.1331634 0.1442654 0.1403189 0.1200437 0.1586801 0.1452948 0.1860173 0.1473355 0.1405478 0.1271425 0.1375157 0.1547429 0.1442641 0.1554393 0.1421295 0.2902770 0.1239339 0.1738386 0.1436646 0.1684816 0.2779520 0.1592946 0.1179779 0.1415182 0.1621994 0.1627918 0.1327590 0.1550184 0.1669094 0.1452296 0.1446248 0.1576025 0.1398919 0.1659152 0.1637756 0.1408089 0.1423247 0.1380870 0.1540537 0.1365968 0.1476207 0.1305455 0.2781311 0.1495619 0.2880944 0.1247714 0.1503306 0.1375272 0.1464198 0.1360340 0.1397917 0.1712638 0.1918099 0.1386083 0.1688314 0.2448418 0.1750726 0.1579267 0.1162037 0.1473297 0.1466104 0.1996145 0.1569421 0.1381922 0.1430517 0.1310639 0.2055095 0.1603815 0.1425088 0.1474471 0.1414515 0.2509762 0.1400856 0.1536037 
Amauria_rotundifolia_SRR9119150            0.0829306 0.0972196 0.0000000 0.2220718 0.1392050 0.1274252 0.1680319 0.1445679 0.3256191 0.0857305 0.1463234 0.1345477 0.1469182 0.1703314 0.1243596 0.1720718 0.1509232 0.2100563 0.1650272 0.1410803 0.1495181 0.1360879 0.1237596 0.1466194 0.1503608 0.1496256 0.2648871 0.1883967 0.2438734 0.1625151 0.1972957 0.2715916 0.1950587 0.1387467 0.1491842 0.1543425 0.1857574 0.1592759 0.1793089 0.1695861 0.1469477 0.1459978 0.1858030 0.1472809 0.1763536 0.1636047 0.1441820 0.1453661 0.1966203 0.1789894 0.1455854 0.1795045 0.1446953 0.2635282 0.1631000 0.2543873 0.1449220 0.1437636 0.1670651 0.1780125 0.1446959 0.1032795 0.1808173 0.2358353 0.1475345 0.2493585 0.2340280 0.1759953 0.1680379 0.1135892 0.1828622 0.1488930 0.1752456 0.1527437 0.1493880 0.1458661 0.1825028 0.2042253 0.1646261 0.1612144 0.1559850 0.1545845 0.2369592 0.1769909 0.1831789 
Conoclinium_coelestinum_SRR9119114         0.2064472 0.1862213 0.2220718 0.0000000 0.2253189 0.2044469 0.1315917 0.1590808 0.3941309 0.1960800 0.2116804 0.2054360 0.2130608 0.2135472 0.1766086 0.2353100 0.2172971 0.6635327 0.2019434 0.2058696 0.1953968 0.2107935 0.1657819 0.2106002 0.2029673 0.2169528 0.4371649 0.2439846 0.2818367 0.5574819 0.2260706 0.7538838 0.2332422 0.2171170 0.2204751 0.2106638 0.2540947 0.2002305 0.2395161 0.2223677 0.1982370 0.2079600 0.2546431 0.2076449 0.2412467 0.2427699 0.2167502 0.1994484 0.2729031 0.2534289 0.2317063 0.2351839 0.2050353 0.4274912 0.7058802 0.3427927 0.2089963 0.2186700 0.2119926 0.2351924 0.2112995 0.1947212 0.2579537 0.2476352 0.2273754 0.3117166 0.4079814 0.2250001 0.2312761 0.1715401 0.2285883 0.2129455 0.2356364 0.2143463 0.2140033 0.2076673 0.2059142 0.2268222 0.2537168 0.2222186 0.1964062 0.2299826 0.2946038 0.4540958 0.2390947 
Eutetras_palmeri_63                        0.1355978 0.1293012 0.1392050 0.2253189 0.0000000 0.1233309 0.1466788 0.1618913 0.3040257 0.1297057 0.1373546 0.1290585 0.1524492 0.1719866 0.0954542 0.1640740 0.1507960 0.1509021 0.1737451 0.1419217 0.1576741 0.1223940 0.0954507 0.1506872 0.1484789 0.1351782 0.2535022 0.1772723 0.2368616 0.1276740 0.1833661 0.2241411 0.1830744 0.1518407 0.1349379 0.1757038 0.1727301 0.1512432 0.1721971 0.1747849 0.1482941 0.1481766 0.1749821 0.1411489 0.1621410 0.1641795 0.1459824 0.1242305 0.1865739 0.1735236 0.1304951 0.1727908 0.1456596 0.2479272 0.1144526 0.2684154 0.1220026 0.1225877 0.1493995 0.1615224 0.1310460 0.0794815 0.1569535 0.2322100 0.1436201 0.2548940 0.2338473 0.1649269 0.1582424 0.1291239 0.1656593 0.1517731 0.1589654 0.1488246 0.1327083 0.1338799 0.1642563 0.1939902 0.1695255 0.1487094 0.1367852 0.1427078 0.2350147 0.1230038 0.1699169 
Eutetras_pringlei_149_quer                 0.1304769 0.1842981 0.1274252 0.2044469 0.1233309 0.0000000 0.1623426 0.5820352 1.1494518 0.1404969 0.1094694 0.0895160 0.1210921 0.0860917 0.0927363 0.1021102 0.1019314 0.0000010 0.1946264 0.1068413 0.7379590 0.1008331 0.0523138 0.1033873 0.0904499 0.1137726 0.8241795 0.0890434 0.1216258 0.0000010 0.1635920 0.9604245 0.1817522 0.8860615 0.1078953 0.3981280 0.1446889 0.0998406 0.0774182 0.5382158 0.0947609 0.1037361 0.1716047 0.1095853 0.1534258 0.0774182 0.1076632 0.1094444 0.1007344 0.1807574 0.5418193 0.1064265 0.0881032 0.8533215 0.0000010 0.7686869 0.0890434 0.1145874 0.0966167 0.0966167 0.5043762 0.0045817 0.1420105 0.6713684 0.0895160 0.1351557 0.9837044 0.1318436 0.1181135 0.5418193 0.1015203 0.1033873 0.1770236 0.1078923 0.1135668 0.0953143 0.0910263 0.1406269 0.1060958 0.1227361 0.0487788 0.1009378 0.1502359 0.0000010 0.1531943 
Eutrochium_fistulosum_SRR9119106           0.1676357 0.1486575 0.1680319 0.1315917 0.1466788 0.1623426 0.0000000 0.1320309 0.3199810 0.1508479 0.1619683 0.1529709 0.1613388 0.1761303 0.1371477 0.1718711 0.1634554 0.1626110 0.1558625 0.1534778 0.1611634 0.1639157 0.1320135 0.1624319 0.1674291 0.1614688 0.2856642 0.1718387 0.2100825 0.1497041 0.1944672 0.2650543 0.1882463 0.1696972 0.1557407 0.1779233 0.1793936 0.1624015 0.1758408 0.1823619 0.1495463 0.1612689 0.1764073 0.1569572 0.1654690 0.1717350 0.1568282 0.1601245 0.2137096 0.1770950 0.1677619 0.1806661 0.1474840 0.2734073 0.1646909 0.2580613 0.1682762 0.1696334 0.1598122 0.1940360 0.1578673 0.1411701 0.1826681 0.2075489 0.1620413 0.2269838 0.2604528 0.1718229 0.1687756 0.1608259 0.1892868 0.1625035 0.1946423 0.1561071 0.1561626 0.1528598 0.1471626 0.1967032 0.1851450 0.1636327 0.1585949 0.1649132 0.2558032 0.1459269 0.1866115 
Galeana_pratensis_104_mex                  0.1601824 0.1251509 0.1445679 0.1590808 0.1618913 0.5820352 0.1320309 0.0000000 0.2219634 0.1071200 0.1523257 0.1331332 0.1551490 0.1421409 0.1464774 0.1668628 0.1840451 0.2218694 0.1365550 0.1521861 0.1581277 0.1388604 0.0000010 0.1554788 0.1152790 0.1478917 0.1554597 0.1136310 0.1682548 0.2004098 0.1166087 0.3124155 0.1886901 0.1479541 0.1493429 0.1805031 0.1722412 0.1115913 0.1651924 0.1661971 0.1151125 0.1555986 0.1648999 0.1174084 0.1636049 0.1770363 0.1528479 0.1381631 0.1373415 0.1587484 0.1372930 0.1763148 0.1458727 0.1434934 0.2073473 0.1168174 0.1448764 0.1592890 0.1266553 0.1373415 0.1376547 0.0000010 0.1617359 0.1842024 0.1589840 0.1696290 0.1481420 0.1755981 0.1823426 0.1210529 0.1471139 0.1554788 0.2294329 0.1112457 0.1326856 0.1343662 0.1340922 0.1969462 0.1440252 0.1614695 0.1626790 0.1302803 0.3593539 0.1713168 0.1155895 
Helianthus_annuus_SRR9119062               0.3113657 0.3185128 0.3256191 0.3941309 0.3040257 1.1494518 0.3199810 0.2219634 0.0000000 0.3014079 0.3253794 0.3117957 0.3376978 0.3961606 0.2518775 0.3374826 0.3100742 0.6583735 0.3205877 0.3110655 0.2283697 0.3442779 1.0315649 0.3253022 0.3799565 0.3148885 0.3395968 0.3348591 0.3541910 0.4816545 0.3756093 0.8197654 0.3188202 0.2276237 0.3238405 0.2322103 0.3266203 0.2869301 0.3342292 0.2758844 0.3126723 0.3263997 0.3150564 0.3157956 0.3146130 0.3333036 0.3234997 0.3082166 0.3998658 0.3224566 0.2553604 0.3892987 0.3271717 0.3367399 0.4428016 0.3031303 0.3323382 0.3687060 0.3566039 0.4145491 0.2035870 1.0604311 0.3419566 0.3030572 0.3236865 0.3680582 0.2988682 0.3537941 0.3518400 0.1871430 0.4055854 0.3296002 0.3259412 0.3157598 0.3537741 0.3137331 0.3279275 0.3476442 0.3295308 0.3362562 0.3799716 0.3202789 0.5219479 0.5687224 0.3281012 
Lycapsus_tenuifolius_17                    0.0158211 0.0774794 0.0857305 0.1960800 0.1297057 0.1404969 0.1508479 0.1071200 0.3014079 0.0000000 0.1215330 0.1288558 0.1539734 0.1657565 0.0978499 0.1818696 0.1391840 0.3881308 0.1686480 0.1377519 0.1406525 0.1276867 0.1125744 0.1468455 0.1569578 0.1444718 0.3048752 0.1848856 0.2606051 0.0000010 0.1787584 0.6060092 0.1696099 0.0408741 0.1476260 0.1265621 0.1740091 0.1620796 0.1688059 0.1748462 0.1487255 0.1454050 0.1814632 0.1503807 0.1634565 0.1591396 0.1409779 0.1347135 0.2057144 0.1715051 0.1343956 0.1679184 0.1319120 0.2985949 0.0000010 0.2736387 0.1333262 0.1252352 0.1638564 0.1859397 0.1523671 0.0977596 0.1559234 0.1784551 0.1422940 0.2641808 0.2763452 0.1625776 0.1540873 0.1145786 0.1862190 0.1483579 0.1409091 0.1577749 0.1514445 0.1397630 0.1832824 0.1567435 0.1683924 0.1537389 0.1388596 0.1502983 0.2171189 0.0000010 0.1700647 
Pericome_caudata_50_silver                 0.1451749 0.1392476 0.1463234 0.2116804 0.1373546 0.1094694 0.1619683 0.1523257 0.3253794 0.1215330 0.0000000 0.1260690 0.1426313 0.1663109 0.1199304 0.1648593 0.1366797 0.1162084 0.0923476 0.1349784 0.1388425 0.1232188 0.1313974 0.1439846 0.1370734 0.1365158 0.2640820 0.1689548 0.2211511 0.1589170 0.2099603 0.1766679 0.1372293 0.1469948 0.1378587 0.1410394 0.1077099 0.1241786 0.1703744 0.1720086 0.1311418 0.1428406 0.1073929 0.1342439 0.1112563 0.1596352 0.1414587 0.1333769 0.1919095 0.1018043 0.1415673 0.1716924 0.1390854 0.2614216 0.1632808 0.2347326 0.1336454 0.1508969 0.1442826 0.1707108 0.1524639 0.0875651 0.1824518 0.2124106 0.1426028 0.2286276 0.2394546 0.1734346 0.1593482 0.1138807 0.1664789 0.1450624 0.1631704 0.1396489 0.1405347 0.1379234 0.1619698 0.1987619 0.1598901 0.1499935 0.1545956 0.1461829 0.2279461 0.1684542 0.1562937 
Perityle_aglossa_84_dead_horse             0.1316930 0.1331634 0.1345477 0.2054360 0.1290585 0.0895160 0.1529709 0.1331332 0.3117957 0.1288558 0.1260690 0.0000000 0.0564901 0.0651886 0.0816318 0.1009108 0.0620730 0.1683068 0.1515622 0.0559264 0.0441167 0.0763433 0.1524262 0.0527792 0.0627676 0.0789361 0.1921912 0.0747322 0.1993737 0.1673633 0.2015833 0.2564959 0.1512086 0.1545600 0.0907627 0.0793526 0.1547995 0.0626119 0.0894521 0.1061660 0.0474620 0.0526577 0.1502627 0.0631761 0.1368796 0.1038918 0.0562844 0.0823795 0.0934081 0.1531972 0.0986974 0.1005299 0.0432225 0.1814913 0.1601350 0.1812493 0.0863364 0.1111271 0.0840183 0.1030773 0.1527984 0.0754989 0.1405883 0.1513962 0.0129407 0.1613464 0.1609977 0.1474269 0.1296169 0.0721485 0.1130104 0.0526750 0.1796660 0.0733470 0.0816469 0.0667854 0.1051096 0.1765091 0.0972304 0.0880714 0.1221337 0.0764392 0.1540072 0.2016597 0.1765955 
Perityle_ajoensis_204                      0.1541623 0.1442654 0.1469182 0.2130608 0.1524492 0.1210921 0.1613388 0.1551490 0.3376978 0.1539734 0.1426313 0.0564901 0.0000000 0.0567686 0.1056802 0.1198326 0.0702403 0.1689865 0.1773134 0.0410658 0.0429698 0.0973399 0.1184860 0.0240406 0.0476277 0.0787213 0.1876177 0.1352673 0.2451786 0.1745927 0.2036680 0.2462540 0.1898238 0.1738995 0.0799281 0.0827120 0.1659518 0.0855376 0.1093941 0.1033024 0.0375182 0.0235084 0.1681068 0.0543012 0.1608898 0.1036777 0.0330726 0.0830833 0.1441913 0.1660274 0.1061305 0.0906931 0.0491428 0.1891217 0.1822194 0.1940354 0.1240290 0.1187021 0.1206805 0.1152125 0.1620718 0.0975341 0.1578799 0.1717911 0.0513932 0.2342013 0.1516875 0.1605093 0.1481038 0.0721732 0.1135753 0.0250243 0.1885232 0.0516821 0.0782915 0.0648217 0.1397344 0.2014995 0.0889897 0.1002708 0.1373907 0.0937275 0.1411184 0.1965834 0.1746938 
Perityle_ambrosiifolia_67_green            0.1728726 0.1403189 0.1703314 0.2135472 0.1719866 0.0860917 0.1761303 0.1421409 0.3961606 0.1657565 0.1663109 0.0651886 0.0567686 0.0000000 0.1099824 0.1376747 0.0839043 0.2156573 0.1956670 0.0752237 0.0815446 0.0862514 0.0776682 0.0539646 0.0320351 0.0986678 0.2557090 0.1266997 0.2642799 0.2293152 0.1758356 0.2889763 0.2027020 0.2149935 0.1049013 0.1389337 0.1976558 0.1008913 0.1260491 0.1375444 0.0536913 0.0548833 0.1975568 0.0693986 0.1841784 0.1273571 0.0625632 0.1015871 0.1369462 0.1980470 0.1552981 0.1068228 0.0538664 0.2488210 0.2295070 0.2505053 0.1146748 0.1168003 0.1092116 0.1118218 0.1499631 0.0721257 0.1790442 0.1490087 0.0683319 0.2394064 0.2278774 0.1859946 0.1745400 0.0614673 0.1019327 0.0550170 0.2075640 0.0673647 0.0823601 0.0846543 0.1265284 0.2283743 0.1154915 0.0884244 0.1280104 0.1031693 0.1309872 0.2075948 0.1772649 
Perityle_angustifolia_13_Eagle_creek       0.1203097 0.1200437 0.1243596 0.1766086 0.0954542 0.0927363 0.1371477 0.1464774 0.2518775 0.0978499 0.1199304 0.0816318 0.1056802 0.1099824 0.0000000 0.1232314 0.0887868 0.1632827 0.1171354 0.1052499 0.1137790 0.0464083 0.0511815 0.1008974 0.0635007 0.0539539 0.1877961 0.0407314 0.1454216 0.1097484 0.1732927 0.2145507 0.1696260 0.1242163 0.0646837 0.1091387 0.1245374 0.0585338 0.1304036 0.1535164 0.0579399 0.1004893 0.1232368 0.0475181 0.1234664 0.1356016 0.1049481 0.0491983 0.0490938 0.1255589 0.0507834 0.0815546 0.0916294 0.1862857 0.0651402 0.1942799 0.0461605 0.0588120 0.0469070 0.0531991 0.1365004 0.0560600 0.1249599 0.1533186 0.0951963 0.1535895 0.1872242 0.1507919 0.1261015 0.0607952 0.0579285 0.1019071 0.1996875 0.0802629 0.0523512 0.0560806 0.0457453 0.1924916 0.1142021 0.0685879 0.1278372 0.0537638 0.2254842 0.0975016 0.0927577 
Perityle_batopilensis_97                   0.1813713 0.1586801 0.1720718 0.2353100 0.1640740 0.1021102 0.1718711 0.1668628 0.3374826 0.1818696 0.1648593 0.1009108 0.1198326 0.1376747 0.1232314 0.0000000 0.1353808 0.1886547 0.2029134 0.1198923 0.1221404 0.1235346 0.1494950 0.1202683 0.1300397 0.1418414 0.1994041 0.1951914 0.2401549 0.1988092 0.2241408 0.2785300 0.2172823 0.2128320 0.1467620 0.1099535 0.1979773 0.1211920 0.1609399 0.0405757 0.1279763 0.1170261 0.1977511 0.1327146 0.1760725 0.1502818 0.1171820 0.1213429 0.2026131 0.1957975 0.1578422 0.1744679 0.1130704 0.1993022 0.2029276 0.2255930 0.1512345 0.1313399 0.1662582 0.1776612 0.1758586 0.0905757 0.1686167 0.2170678 0.1169482 0.2223080 0.1758354 0.1732041 0.1735486 0.1174514 0.1756503 0.1201397 0.1961889 0.1449866 0.1472864 0.1338638 0.1746223 0.2087875 0.1390613 0.1542900 0.1186163 0.1526506 0.2204725 0.2075574 0.2078084 
Perityle_bisetosa_9                        0.1525238 0.1452948 0.1509232 0.2172971 0.1507960 0.1019314 0.1634554 0.1840451 0.3100742 0.1391840 0.1366797 0.0620730 0.0702403 0.0839043 0.0887868 0.1353808 0.0000000 0.7199743 0.1750691 0.0619786 0.0458186 0.0877789 0.1465813 0.0678423 0.0626528 0.0724604 0.2827700 0.1360632 0.2943030 0.9107282 0.2107005 0.7557582 0.1785146 0.1944945 0.0804572 0.0625727 0.1815870 0.0734834 0.1277258 0.1610491 0.0541788 0.0683919 0.1846569 0.0618020 0.1762942 0.1121245 0.0645915 0.0813609 0.1445039 0.1800573 0.1058912 0.0994067 0.0640268 0.2719708 0.7973101 0.1944060 0.1202083 0.1346370 0.1167052 0.1098223 0.1590929 0.0940211 0.1781921 0.1533999 0.0562390 0.2593985 0.2453173 0.1868269 0.1656989 0.0688380 0.1092029 0.0683950 0.1611625 0.0716880 0.0751743 0.0637821 0.1522149 0.1829184 0.1137135 0.0789239 0.1477512 0.0803302 0.1095909 1.0643673 0.1907807 
Perityle_californica_76_positas            0.2275296 0.1860173 0.2100563 0.6635327 0.1509021 0.0000010 0.1626110 0.2218694 0.6583735 0.3881308 0.1162084 0.1683068 0.1689865 0.2156573 0.1632827 0.1886547 0.7199743 0.0000000 0.5943695 0.1750206 0.1676484 0.1566092 0.0000010 0.1802337 0.5813443 0.1689662 0.1829709 0.1246791 0.2053267 0.1436749 0.2534229 0.0062111 0.2079567 0.1747582 0.1764304 0.5950446 0.1092428 0.5813443 0.2134676 0.1901063 0.5813443 0.1765819 0.0865179 0.5813443 0.0905607 0.2174824 0.1844159 0.1558744 0.1776892 0.0882134 0.1676208 0.2137825 0.1723650 0.1460516 0.1574930 0.5813443 0.1491141 0.1378575 0.1765244 0.1879727 0.8121083 0.0000010 0.1850713 0.6306672 0.1817241 0.2154954 0.1600099 0.1774259 0.1988594 0.5813443 0.1782768 0.1802722 0.8237986 0.5943695 0.1620801 0.1756051 0.1646322 0.4554534 0.1739847 0.1980982 0.1668038 0.1856558 0.5586666 0.1566897 0.4599930 
Perityle_canescens_77                      0.1652771 0.1473355 0.1650272 0.2019434 0.1737451 0.1946264 0.1558625 0.1365550 0.3205877 0.1686480 0.0923476 0.1515622 0.1773134 0.1956670 0.1171354 0.2029134 0.1750691 0.5943695 0.0000000 0.1663348 0.1675441 0.1528010 0.1970694 0.1734591 0.1858400 0.1710834 0.3410913 0.2215781 0.3147177 0.0000010 0.1868496 1.1048268 0.1355203 0.1959028 0.1756530 0.1425100 0.1226108 0.1856252 0.2050551 0.1722803 0.1727856 0.1738334 0.1213794 0.1767478 0.1188804 0.2048192 0.1723409 0.1462713 0.2493495 0.1166926 0.1435293 0.1985546 0.1684392 0.3184662 0.0000010 0.2495832 0.1576267 0.1890952 0.1858377 0.2144847 0.1687947 0.1407449 0.1862940 0.2304591 0.1682445 0.2949657 0.2992172 0.1691267 0.1796080 0.1354525 0.2135679 0.1740289 0.1356252 0.1809354 0.1767664 0.1621000 0.1973968 0.1612604 0.1688435 0.1797939 0.1844969 0.1773653 0.2490170 0.0000010 0.1942288 
Perityle_castillonii_96                    0.1450284 0.1405478 0.1410803 0.2058696 0.1419217 0.1068413 0.1534778 0.1521861 0.3110655 0.1377519 0.1349784 0.0559264 0.0410658 0.0752237 0.1052499 0.1198923 0.0619786 0.1750206 0.1663348 0.0000000 0.0274461 0.0921702 0.1188713 0.0406873 0.0605648 0.0862196 0.1880981 0.1222257 0.2297736 0.1646960 0.2018264 0.2587271 0.1769710 0.1578005 0.0773494 0.0697103 0.1666178 0.0865878 0.0997169 0.1105291 0.0487650 0.0380185 0.1686601 0.0631739 0.1550396 0.0987491 0.0438073 0.0906679 0.1340780 0.1665354 0.1036195 0.0952037 0.0540844 0.1785308 0.1864170 0.1894254 0.1193180 0.1113947 0.1168963 0.1135380 0.1427287 0.0757793 0.1538910 0.1616979 0.0525002 0.2260353 0.1522274 0.1510621 0.1448969 0.0660365 0.1147647 0.0406515 0.1753869 0.0493545 0.0885945 0.0728906 0.1395921 0.1849442 0.0924805 0.0966353 0.1395140 0.0898148 0.1459663 0.1935227 0.1714276 
Perityle_cernua_84                         0.1564471 0.1271425 0.1495181 0.1953968 0.1576741 0.7379590 0.1611634 0.1581277 0.2283697 0.1406525 0.1388425 0.0441167 0.0429698 0.0815446 0.1137790 0.1221404 0.0458186 0.1676484 0.1675441 0.0274461 0.0000000 0.1007160 0.0000010 0.0431532 0.0608023 0.1020757 0.0903672 0.0935137 0.1726127 0.1673469 0.2211344 0.2441479 0.1832806 0.1585900 0.1053785 0.0743521 0.1633769 0.0691267 0.0857114 0.1087374 0.0396607 0.0404302 0.1516098 0.0641409 0.1412795 0.0896845 0.0475115 0.1026744 0.1297113 0.1496581 0.0967751 0.1280844 0.0510524 0.0914147 0.1841818 0.0736587 0.1154706 0.1308093 0.1269845 0.1457886 0.1543433 0.0000010 0.1413876 0.1606909 0.0423599 0.1812747 0.0844143 0.1629641 0.1466643 0.0627645 0.1449846 0.0422479 0.1656724 0.0590122 0.1063722 0.0878621 0.1555850 0.2282363 0.0650206 0.1130246 0.1505129 0.1067573 0.2202476 0.1886961 0.1008224 
Perityle_cfvillosa_25_tin                  0.1351796 0.1375157 0.1360879 0.2107935 0.1223940 0.1008331 0.1639157 0.1388604 0.3442779 0.1276867 0.1232188 0.0763433 0.0973399 0.0862514 0.0464083 0.1235346 0.0877789 0.1566092 0.1528010 0.0921702 0.1007160 0.0000000 0.1479475 0.0958617 0.0505293 0.0414649 0.2807967 0.0643895 0.2118400 0.1115075 0.1847166 0.2250494 0.1673808 0.1357874 0.0441735 0.0995523 0.1587816 0.0711152 0.1317887 0.1629306 0.0637279 0.0948447 0.1596672 0.0452749 0.1552692 0.1419769 0.0999826 0.0414489 0.0083235 0.1628491 0.0288351 0.0486645 0.0712344 0.2672651 0.0170702 0.2247263 0.0721079 0.0889772 0.0132718 0.0076927 0.1543220 0.0883355 0.1717649 0.1583753 0.0869800 0.1714254 0.2498989 0.1662042 0.1434496 0.0263479 0.0360761 0.0958174 0.1995950 0.0824000 0.0429439 0.0496344 0.0250015 0.2055652 0.1410053 0.0388211 0.1443472 0.0128981 0.1622666 0.0974410 0.1873737 
Perityle_cinerea_113_Powell1310            0.1125744 0.1547429 0.1237596 0.1657819 0.0954507 0.0523138 0.1320135 0.0000010 1.0315649 0.1125744 0.1313974 0.1524262 0.1184860 0.0776682 0.0511815 0.1494950 0.1465813 0.0000010 0.1970694 0.1188713 0.0000010 0.1479475 0.0000000 0.1281483 0.1010111 0.1335227 0.8144162 0.2228691 0.2476835 0.0000010 0.1260255 0.5757210 0.2030270 1.3934298 0.0920491 0.0000010 0.2157003 0.1360985 0.1493868 0.0000010 0.1219914 0.1311153 0.2349019 0.1365131 0.2072524 0.1529001 0.0948369 0.1303997 0.2139943 0.2319773 0.6547308 0.1323634 0.1310570 0.8876880 0.0000010 0.7917750 0.1921357 0.1354969 0.1594681 0.1600974 0.0000010 0.0775947 0.2241474 0.0000010 0.1321166 0.2705773 0.9189855 0.1287971 0.1171760 0.0000010 0.1078317 0.1344190 0.2152504 0.1007546 0.1366427 0.1188208 0.0727773 0.1289474 0.1559556 0.1246344 0.0448795 0.1534409 0.1510777 0.0000010 0.1945371 
Perityle_coahuilensis_24                   0.1503045 0.1442641 0.1466194 0.2106002 0.1506872 0.1033873 0.1624319 0.1554788 0.3253022 0.1468455 0.1439846 0.0527792 0.0240406 0.0539646 0.1008974 0.1202683 0.0678423 0.1802337 0.1734591 0.0406873 0.0431532 0.0958617 0.1281483 0.0000000 0.0439654 0.0799872 0.1920868 0.1317985 0.2462762 0.1787995 0.2041797 0.2564637 0.1862384 0.1696483 0.0790596 0.0768047 0.1734435 0.0807757 0.1083284 0.1057114 0.0294560 0.0084499 0.1742900 0.0561409 0.1599920 0.1004970 0.0332580 0.0838578 0.1430995 0.1715565 0.1048050 0.0932048 0.0468980 0.1889325 0.1884499 0.1824774 0.1217975 0.1136845 0.1195357 0.1144683 0.1431143 0.1019269 0.1572646 0.1614935 0.0498726 0.2311351 0.1561018 0.1593354 0.1494668 0.0604844 0.1143539 0.0018669 0.1815780 0.0463139 0.0818121 0.0582415 0.1388697 0.1952861 0.0914855 0.0997085 0.1343205 0.0922073 0.1417129 0.1931207 0.1772001 
Perityle_cochisensis_44_cave_creek         0.1509739 0.1554393 0.1503608 0.2029673 0.1484789 0.0904499 0.1674291 0.1152790 0.3799565 0.1569578 0.1370734 0.0627676 0.0476277 0.0320351 0.0635007 0.1300397 0.0626528 0.5813443 0.1858400 0.0605648 0.0608023 0.0505293 0.1010111 0.0439654 0.0000000 0.0400918 0.3204796 0.1304818 0.2843040 0.0000010 0.1766832 0.7061257 0.1747017 0.1878213 0.0496453 0.0646542 0.1675416 0.0793898 0.1185590 0.1244371 0.0358809 0.0454814 0.1721238 0.0445438 0.1717404 0.1089712 0.0506325 0.0443097 0.0983521 0.1702282 0.0480412 0.0474576 0.0416490 0.3060633 0.0000010 0.2228942 0.0958677 0.0980782 0.0746625 0.0568481 0.1639315 0.0904495 0.1828660 0.1532395 0.0558884 0.2668632 0.2801508 0.1878724 0.1652348 0.0404712 0.0421980 0.0447297 0.1694323 0.0599246 0.0403043 0.0343880 0.1032706 0.1845187 0.0894987 0.0463401 0.1263664 0.0498068 0.0994566 0.0000010 0.1574861 
Perityle_congesta_202                      0.1495877 0.1421295 0.1496256 0.2169528 0.1351782 0.1137726 0.1614688 0.1478917 0.3148885 0.1444718 0.1365158 0.0789361 0.0787213 0.0986678 0.0539539 0.1418414 0.0724604 0.1689662 0.1710834 0.0862196 0.1020757 0.0414649 0.1335227 0.0799872 0.0400918 0.0000000 0.2474500 0.1077410 0.2531794 0.1131955 0.2114696 0.2540263 0.1800497 0.1554056 0.0474329 0.0944611 0.1655942 0.0787541 0.1439197 0.1581199 0.0482855 0.0798157 0.1692271 0.0103896 0.1600881 0.1292755 0.0887037 0.0089787 0.0886660 0.1683020 0.0306518 0.0719194 0.0775660 0.2346908 0.0426966 0.2057016 0.0831623 0.0945325 0.0595955 0.0652844 0.1509925 0.0969060 0.1691377 0.1636534 0.0835472 0.2340639 0.2101648 0.1709923 0.1630141 0.0372274 0.0631244 0.0810492 0.1921594 0.0684875 0.0100212 0.0401966 0.1069826 0.1987717 0.1243439 0.0503521 0.1406052 0.0409766 0.1285731 0.1006986 0.1875033 
Perityle_cordifolia_27                     0.2524208 0.2902770 0.2648871 0.4371649 0.2535022 0.8241795 0.2856642 0.1554597 0.3395968 0.3048752 0.2640820 0.1921912 0.1876177 0.2557090 0.1877961 0.1994041 0.2827700 0.1829709 0.3410913 0.1880981 0.0903672 0.2807967 0.8144162 0.1920868 0.3204796 0.2474500 0.0000000 0.2991981 0.2543559 0.1932423 0.3454833 0.2411734 0.3002706 0.1810366 0.2530389 0.1496002 0.2715952 0.2733750 0.2178084 0.1348517 0.2793499 0.1879401 0.2598144 0.2950444 0.2528435 0.2209126 0.1896658 0.2448743 0.2920772 0.2600337 0.1684092 0.3159229 0.1809636 0.0150238 0.1939842 0.2572059 0.2819024 0.2587496 0.2678453 0.3013836 0.1854735 0.8891465 0.2579045 0.1723500 0.1858826 0.2670557 0.0564002 0.2538335 0.2586911 0.0955664 0.2947184 0.1926384 0.3690079 0.2997479 0.2670292 0.2411546 0.2670313 0.3467264 0.1958187 0.2830136 0.2588864 0.2570511 0.5077776 0.2046801 0.3624672 
Perityle_cordifolia_68_tecolote            0.1739877 0.1239339 0.1883967 0.2439846 0.1772723 0.0890434 0.1718387 0.1136310 0.3348591 0.1848856 0.1689548 0.0747322 0.1352673 0.1266997 0.0407314 0.1951914 0.1360632 0.1246791 0.2215781 0.1222257 0.0935137 0.0643895 0.2228691 0.1317985 0.1304818 0.1077410 0.2991981 0.0000000 0.2723009 0.1094359 0.1679537 0.2740161 0.1993555 0.1537343 0.1146989 0.1191168 0.2130087 0.1259466 0.1532623 0.1612590 0.1185362 0.1306656 0.2066950 0.1218924 0.2081058 0.1770667 0.1341213 0.0994623 0.1022422 0.2062377 0.0662600 0.1335530 0.1070279 0.2854864 0.0392492 0.2205952 0.0217165 0.1139217 0.0804614 0.1125575 0.1487236 0.0669082 0.2050186 0.1576542 0.1198842 0.2173644 0.2716149 0.2145328 0.1984168 0.0772141 0.1285513 0.1323181 0.2233665 0.1398504 0.1115569 0.1069995 0.1229957 0.2128259 0.1744396 0.1116661 0.1287093 0.1044453 0.2110740 0.0861862 0.2277595 
Perityle_coronopifolia_28_patagonia        0.2371939 0.1738386 0.2438734 0.2818367 0.2368616 0.1216258 0.2100825 0.1682548 0.3541910 0.2606051 0.2211511 0.1993737 0.2451786 0.2642799 0.1454216 0.2401549 0.2943030 0.2053267 0.3147177 0.2297736 0.1726127 0.2118400 0.2476835 0.2462762 0.2843040 0.2531794 0.2543559 0.2723009 0.0000000 0.1936300 0.2227825 0.3160165 0.3141972 0.2295725 0.2473516 0.1566278 0.2800675 0.2520451 0.2605875 0.1466298 0.2713123 0.2438971 0.2736554 0.2823026 0.2596600 0.2680227 0.2469801 0.2204725 0.2904778 0.2788344 0.1777278 0.3093829 0.2338979 0.2473761 0.2004115 0.2731198 0.2116449 0.2388455 0.2414628 0.2995183 0.1778844 0.1148566 0.2702256 0.2504363 0.2427202 0.1295964 0.2308892 0.2293025 0.2441690 0.1603311 0.2895228 0.2466317 0.3096865 0.2789718 0.2696713 0.2482520 0.2195368 0.2686041 0.2396363 0.2788916 0.0818122 0.2631241 0.3896167 0.2136188 0.2870687 
Perityle_crassifolia_70_ventanas           0.1712612 0.1436646 0.1625151 0.5574819 0.1276740 0.0000010 0.1497041 0.2004098 0.4816545 0.0000010 0.1589170 0.1673633 0.1745927 0.2293152 0.1097484 0.1988092 0.9107282 0.1436749 0.0000010 0.1646960 0.1673469 0.1115075 0.0000010 0.1787995 0.0000010 0.1131955 0.1932423 0.1094359 0.1936300 0.0000000 0.1209983 0.1371766 0.2628744 0.0250609 0.1141323 0.6936739 0.1534834 0.0000010 0.2125883 0.2011783 0.0000010 0.1777822 0.1423545 0.0000010 0.1496950 0.2181860 0.1743256 0.1003121 0.1213288 0.1426741 0.1120192 0.1212119 0.1753951 0.1726998 0.1034505 0.0000010 0.1162819 0.0991946 0.1058943 0.1198608 0.0000010 0.0000010 0.1822114 0.4849630 0.2028738 0.2175916 0.1825833 0.1696049 0.1781566 0.0000010 0.1123456 0.1752197 0.8150444 0.0000010 0.1100648 0.1124144 0.1155040 0.3853496 0.1858798 0.1431924 0.1774442 0.1278533 0.5847831 0.1081151 0.0000010 
Perityle_crassifolia_74_playa_balandra     0.1949711 0.1684816 0.1972957 0.2260706 0.1833661 0.1635920 0.1944672 0.1166087 0.3756093 0.1787584 0.2099603 0.2015833 0.2036680 0.1758356 0.1732927 0.2241408 0.2107005 0.2534229 0.1868496 0.2018264 0.2211344 0.1847166 0.1260255 0.2041797 0.1766832 0.2114696 0.3454833 0.1679537 0.2227825 0.1209983 0.0000000 0.3328033 0.1829115 0.2210172 0.2150237 0.2638954 0.2198068 0.1970636 0.2307469 0.2649123 0.1949751 0.2039051 0.2016872 0.2064678 0.2072554 0.2378045 0.2003238 0.2119353 0.1930578 0.2021767 0.2405659 0.1954130 0.1969760 0.3307917 0.2522151 0.3468749 0.1761438 0.1561179 0.1743789 0.2080284 0.1655975 0.1301368 0.2294408 0.2380450 0.2072412 0.2228429 0.3370780 0.2337752 0.2356455 0.1439685 0.2107844 0.2041797 0.1492422 0.1861173 0.1828186 0.2025167 0.1174220 0.2190625 0.2246892 0.2106840 0.1335915 0.2119332 0.2735739 0.2855153 0.1374338 
Perityle_cuneata_34_cuneata_San_antonio    0.2846115 0.2779520 0.2715916 0.7538838 0.2241411 0.9604245 0.2650543 0.3124155 0.8197654 0.6060092 0.1766679 0.2564959 0.2462540 0.2889763 0.2145507 0.2785300 0.7557582 0.0062111 1.1048268 0.2587271 0.2441479 0.2250494 0.5757210 0.2564637 0.7061257 0.2540263 0.2411734 0.2740161 0.3160165 0.1371766 0.3328033 0.0000000 0.2781194 0.2424384 0.2609599 0.6839344 0.1995797 0.7300824 0.2924748 0.2379950 0.6842724 0.2533041 0.1814688 0.8087561 0.1882984 0.2929460 0.2614755 0.2158075 0.2587313 0.1805312 0.2179484 0.3141910 0.2551259 0.2176692 0.1547699 0.7820736 0.2029808 0.2141983 0.2829848 0.2713622 0.8653832 0.5757210 0.2393016 1.2739715 0.2698991 0.3372107 0.2190536 0.2347661 0.2753382 0.7176910 0.2602685 0.2565076 0.7805063 0.7113895 0.2430901 0.2405395 0.2665772 0.5271615 0.2491515 0.2875579 0.2525374 0.2736486 0.7312172 0.1493682 0.7554397 
Perityle_cuneata_4                         0.1932842 0.1592946 0.1950587 0.2332422 0.1830744 0.1817522 0.1882463 0.1886901 0.3188202 0.1696099 0.1372293 0.1512086 0.1898238 0.2027020 0.1696260 0.2172823 0.1785146 0.2079567 0.1355203 0.1769710 0.1832806 0.1673808 0.2030270 0.1862384 0.1747017 0.1800497 0.3002706 0.1993555 0.3141972 0.2628744 0.1829115 0.2781194 0.0000000 0.2040324 0.1772875 0.1581286 0.1519988 0.1714882 0.2154691 0.1964285 0.1651189 0.1843107 0.1469442 0.1702157 0.1565780 0.2011205 0.1833417 0.1724068 0.2342055 0.1459288 0.1729759 0.2156819 0.1895074 0.2652911 0.2382142 0.2463094 0.1825956 0.1753637 0.1889796 0.2167244 0.1418498 0.1370065 0.2068948 0.2280248 0.1830310 0.2785933 0.2701913 0.1936865 0.2064009 0.1358688 0.2153224 0.1872450 0.1680757 0.1730734 0.1867434 0.1822295 0.2205554 0.2004426 0.1938905 0.1943823 0.1798481 0.1832433 0.2576695 0.1826922 0.2133072 
Perityle_discoidea_81                      0.0823015 0.1179779 0.1387467 0.2171170 0.1518407 0.8860615 0.1696972 0.1479541 0.2276237 0.0408741 0.1469948 0.1545600 0.1738995 0.2149935 0.1242163 0.2128320 0.1944945 0.1747582 0.1959028 0.1578005 0.1585900 0.1357874 1.3934298 0.1696483 0.1878213 0.1554056 0.1810366 0.1537343 0.2295725 0.0250609 0.2210172 0.2424384 0.2040324 0.0000000 0.1575915 0.1537344 0.1648724 0.1914738 0.1900500 0.1826639 0.1622176 0.1687696 0.1614639 0.1710352 0.1487492 0.1963531 0.1709955 0.1396274 0.1841054 0.1570577 0.1262905 0.2059769 0.1680192 0.1772835 0.1401991 0.1564158 0.1314389 0.1388560 0.1706550 0.1994435 0.1481966 1.3934298 0.1539697 0.1944252 0.1774222 0.2323879 0.1784171 0.1822459 0.1780266 0.1024733 0.1959135 0.1695170 0.1993154 0.1701940 0.1551454 0.1436350 0.1889380 0.2203564 0.1649083 0.1651631 0.2042053 0.1646291 0.3565166 0.1351105 0.1671608 
Perityle_dissecta_201                      0.1526576 0.1415182 0.1491842 0.2204751 0.1349379 0.1078953 0.1557407 0.1493429 0.3238405 0.1476260 0.1378587 0.0907627 0.0799281 0.1049013 0.0646837 0.1467620 0.0804572 0.1764304 0.1756530 0.0773494 0.1053785 0.0441735 0.0920491 0.0790596 0.0496453 0.0474329 0.2530389 0.1146989 0.2473516 0.1141323 0.2150237 0.2609599 0.1772875 0.1575915 0.0000000 0.1002533 0.1683680 0.0910141 0.1414600 0.1676988 0.0659841 0.0793978 0.1735692 0.0489501 0.1626651 0.1300826 0.0760962 0.0447642 0.0949326 0.1708994 0.0355294 0.0654657 0.0888793 0.2375564 0.0260090 0.2108969 0.0937465 0.0853522 0.0624436 0.0700676 0.1559691 0.0797298 0.1720390 0.1641810 0.0926069 0.2348744 0.2225651 0.1735976 0.1626355 0.0344937 0.0608989 0.0800243 0.1919902 0.0493523 0.0498086 0.0549494 0.1033430 0.1932940 0.1246525 0.0419976 0.1473171 0.0474113 0.1407421 0.1002278 0.1740217 
Perityle_emoryi_47_punta_san_jose          0.1535100 0.1621994 0.1543425 0.2106638 0.1757038 0.3981280 0.1779233 0.1805031 0.2322103 0.1265621 0.1410394 0.0793526 0.0827120 0.1389337 0.1091387 0.1099535 0.0625727 0.5950446 0.1425100 0.0697103 0.0743521 0.0995523 0.0000010 0.0768047 0.0646542 0.0944611 0.1496002 0.1191168 0.1566278 0.6936739 0.2638954 0.6839344 0.1581286 0.1537344 0.1002533 0.0000000 0.1559367 0.0587888 0.0958976 0.1393973 0.0649084 0.0811801 0.1468516 0.0771462 0.1522550 0.1007569 0.0829208 0.1026160 0.1450121 0.1448434 0.0915921 0.1188594 0.0785381 0.1477543 0.6177568 0.0791915 0.1293232 0.1689081 0.1016050 0.1629843 0.1478972 0.0000010 0.1778287 0.1454535 0.0809426 0.1633185 0.1453598 0.1884660 0.1610069 0.0668408 0.1537656 0.0752426 0.1433340 0.0792818 0.0960909 0.0858838 0.1005289 0.2006218 0.0939833 0.0973782 0.2102829 0.1011453 0.1542565 0.8263478 0.1173039 
Perityle_feddemae_99                       0.1828743 0.1627918 0.1857574 0.2540947 0.1727301 0.1446889 0.1793936 0.1722412 0.3266203 0.1740091 0.1077099 0.1547995 0.1659518 0.1976558 0.1245374 0.1979773 0.1815870 0.1092428 0.1226108 0.1666178 0.1633769 0.1587816 0.2157003 0.1734435 0.1675416 0.1655942 0.2715952 0.2130087 0.2800675 0.1534834 0.2198068 0.1995797 0.1519988 0.1648724 0.1683680 0.1559367 0.0000000 0.1917514 0.1981363 0.1782046 0.1766227 0.1728924 0.0362160 0.1772113 0.0491709 0.1959979 0.1764885 0.1590455 0.2229142 0.0343826 0.1502160 0.1994129 0.1728832 0.2552240 0.1523385 0.2576326 0.1518440 0.1722221 0.1741332 0.2001254 0.1742785 0.1299188 0.1830788 0.2452978 0.1683991 0.2751320 0.2438203 0.1952651 0.1877315 0.1545969 0.1915557 0.1744392 0.1884174 0.1707004 0.1705386 0.1627195 0.2025275 0.2307662 0.1708962 0.1826826 0.1578229 0.1749610 0.2527922 0.1545578 0.2036666 
Perityle_fosteri_93                        0.1557349 0.1327590 0.1592759 0.2002305 0.1512432 0.0998406 0.1624015 0.1115913 0.2869301 0.1620796 0.1241786 0.0626119 0.0855376 0.1008913 0.0585338 0.1211920 0.0734834 0.5813443 0.1856252 0.0865878 0.0691267 0.0711152 0.1360985 0.0807757 0.0793898 0.0787541 0.2733750 0.1259466 0.2520451 0.0000010 0.1970636 0.7300824 0.1714882 0.1914738 0.0910141 0.0587888 0.1917514 0.0000000 0.1241127 0.1419408 0.0753089 0.0823251 0.1936629 0.0868825 0.1635933 0.1294166 0.0830380 0.0687818 0.1493130 0.1925186 0.0853641 0.1226233 0.0874844 0.2561516 0.0000010 0.1945316 0.0867978 0.1091314 0.1125086 0.1395497 0.1489639 0.1208883 0.1789762 0.1330709 0.0837194 0.2153207 0.2259524 0.1718324 0.1752435 0.0608746 0.1269537 0.0829542 0.1546919 0.1021398 0.0870525 0.0645077 0.1048709 0.1748418 0.1204482 0.0932861 0.1349543 0.1023540 0.1554298 0.0000010 0.1825635 
Perityle_gamon_221                         0.1771344 0.1550184 0.1793089 0.2395161 0.1721971 0.0774182 0.1758408 0.1651924 0.3342292 0.1688059 0.1703744 0.0894521 0.1093941 0.1260491 0.1304036 0.1609399 0.1277258 0.2134676 0.2050551 0.0997169 0.0857114 0.1317887 0.1493868 0.1083284 0.1185590 0.1439197 0.2178084 0.1532623 0.2605875 0.2125883 0.2307469 0.2924748 0.2154691 0.1900500 0.1414600 0.0958976 0.1981363 0.1241127 0.0000000 0.1332450 0.1108624 0.1062279 0.1941551 0.1220309 0.1892737 0.0684471 0.1097711 0.1406921 0.1707444 0.1933694 0.1371301 0.1689384 0.1105867 0.2036855 0.2436467 0.1735654 0.1346365 0.1451250 0.1503306 0.1769037 0.1729440 0.0265575 0.1835153 0.2045439 0.1069786 0.2345278 0.1762540 0.1837641 0.1769731 0.0927331 0.1734636 0.1098762 0.2167484 0.1214218 0.1458464 0.1385291 0.1685828 0.2085845 0.0902694 0.1550447 0.1302047 0.1490924 0.2071489 0.2236081 0.1956919 
Perityle_gentryi_8_san_francisco           0.1826326 0.1669094 0.1695861 0.2223677 0.1747849 0.5382158 0.1823619 0.1661971 0.2758844 0.1748462 0.1720086 0.1061660 0.1033024 0.1375444 0.1535164 0.0405757 0.1610491 0.1901063 0.1722803 0.1105291 0.1087374 0.1629306 0.0000010 0.1057114 0.1244371 0.1581199 0.1348517 0.1612590 0.1466298 0.2011783 0.2649123 0.2379950 0.1964285 0.1826639 0.1676988 0.1393973 0.1782046 0.1419408 0.1332450 0.0000000 0.1283572 0.1030296 0.1683402 0.1406845 0.1788390 0.1413742 0.1119735 0.1574633 0.1948228 0.1691869 0.1549765 0.1980001 0.1006344 0.1372251 0.2056427 0.1195875 0.1669551 0.1722828 0.1714117 0.2055182 0.1765743 0.0000010 0.1688865 0.2342879 0.1123084 0.1471737 0.1279461 0.1780480 0.1588881 0.1210144 0.2050994 0.1034592 0.2316136 0.1530039 0.1641673 0.1558559 0.1801938 0.2505933 0.1122671 0.1719009 0.1415626 0.1689788 0.3471364 0.2175700 0.1548102 
Perityle_gilensis_22_Superstition          0.1462871 0.1452296 0.1469477 0.1982370 0.1482941 0.0947609 0.1495463 0.1151125 0.3126723 0.1487255 0.1311418 0.0474620 0.0375182 0.0536913 0.0579399 0.1279763 0.0541788 0.5813443 0.1727856 0.0487650 0.0396607 0.0637279 0.1219914 0.0294560 0.0358809 0.0482855 0.2793499 0.1185362 0.2713123 0.0000010 0.1949751 0.6842724 0.1651189 0.1622176 0.0659841 0.0649084 0.1766227 0.0753089 0.1108624 0.1283572 0.0000000 0.0274841 0.1812202 0.0487613 0.1693412 0.0975402 0.0426352 0.0519246 0.1274432 0.1788726 0.0705894 0.0791240 0.0490021 0.2596364 0.0000010 0.1866075 0.0844703 0.1010113 0.0857901 0.0902402 0.1426191 0.0863710 0.1677946 0.1412138 0.0444323 0.2474545 0.2325316 0.1719499 0.1560460 0.0721725 0.0847075 0.0294169 0.1575673 0.0547209 0.0471071 0.0195734 0.1311525 0.1667732 0.0988007 0.0607865 0.1282574 0.0638666 0.1091186 0.0000010 0.1801873 
Perityle_gilensis_salensis_225             0.1496844 0.1446248 0.1459978 0.2079600 0.1481766 0.1037361 0.1612689 0.1555986 0.3263997 0.1454050 0.1428406 0.0526577 0.0235084 0.0548833 0.1004893 0.1170261 0.0683919 0.1765819 0.1738334 0.0380185 0.0404302 0.0948447 0.1311153 0.0084499 0.0454814 0.0798157 0.1879401 0.1306656 0.2438971 0.1777822 0.2039051 0.2533041 0.1843107 0.1687696 0.0793978 0.0811801 0.1728924 0.0823251 0.1062279 0.1030296 0.0274841 0.0000000 0.1742603 0.0546469 0.1617604 0.0995663 0.0311762 0.0835413 0.1407338 0.1722108 0.1050434 0.0942138 0.0452484 0.1871610 0.1846326 0.1860947 0.1205794 0.1134966 0.1182332 0.1140928 0.1484822 0.1019269 0.1571978 0.1670958 0.0496893 0.2272992 0.1537689 0.1607547 0.1494980 0.0664700 0.1146743 0.0093848 0.1854705 0.0468517 0.0793190 0.0590445 0.1407617 0.1976286 0.0901931 0.0992843 0.1345052 0.0929549 0.1366055 0.1891442 0.1778098 
Perityle_glaucescens_94                    0.1857160 0.1576025 0.1858030 0.2546431 0.1749821 0.1716047 0.1764073 0.1648999 0.3150564 0.1814632 0.1073929 0.1502627 0.1681068 0.1975568 0.1232368 0.1977511 0.1846569 0.0865179 0.1213794 0.1686601 0.1516098 0.1596672 0.2349019 0.1742900 0.1721238 0.1692271 0.2598144 0.2066950 0.2736554 0.1423545 0.2016872 0.1814688 0.1469442 0.1614639 0.1735692 0.1468516 0.0362160 0.1936629 0.1941551 0.1683402 0.1812202 0.1742603 0.0000000 0.1818128 0.0465294 0.1950913 0.1773136 0.1611279 0.2231665 0.0199583 0.1413692 0.2014366 0.1691718 0.2412693 0.1427298 0.2474067 0.1460515 0.1631923 0.1720676 0.2030788 0.1529047 0.1442242 0.1795102 0.2293663 0.1677208 0.2659749 0.2309955 0.1912823 0.1921051 0.1375018 0.1922029 0.1752779 0.1776959 0.1750567 0.1726936 0.1655013 0.2043161 0.2270531 0.1652817 0.1897306 0.1544420 0.1804933 0.2596725 0.1474149 0.2179869 
Perityle_gracilis_11                       0.1442955 0.1398919 0.1472809 0.2076449 0.1411489 0.1095853 0.1569572 0.1174084 0.3157956 0.1503807 0.1342439 0.0631761 0.0543012 0.0693986 0.0475181 0.1327146 0.0618020 0.5813443 0.1767478 0.0631739 0.0641409 0.0452749 0.1365131 0.0561409 0.0445438 0.0103896 0.2950444 0.1218924 0.2823026 0.0000010 0.2064678 0.8087561 0.1702157 0.1710352 0.0489501 0.0771462 0.1772113 0.0868825 0.1220309 0.1406845 0.0487613 0.0546469 0.1818128 0.0000000 0.1732432 0.1065054 0.0645945 0.0067265 0.1055362 0.1809354 0.0316583 0.0632548 0.0468502 0.2776799 0.0000010 0.2142883 0.0950397 0.1058863 0.0695964 0.0695740 0.1543203 0.0932533 0.1712959 0.1611194 0.0577439 0.2507606 0.2438429 0.1822635 0.1570369 0.0399555 0.0677661 0.0567282 0.1630838 0.0734167 0.0092190 0.0452825 0.1295107 0.1754635 0.1074515 0.0433289 0.1370750 0.0399868 0.1063225 0.0000010 0.1911475 
