84
Amauria_brandeegeana_62                    0.0000000 0.3775527 0.1377190 0.3152242 0.1511586 0.2763782 0.4028673 0.3667622 0.0645885 0.2664763 0.2825572 0.2737814 0.2406846 0.3331943 0.2860476 0.2358146 0.3815185 0.2749089 0.2701450 0.4211144 0.3117598 0.2415989 0.2762816 0.2580723 0.3458444 0.2379302 0.3182389 0.2916593 0.3763954 0.2842995 0.3054618 0.3806812 0.0176413 0.2780355 0.3008722 0.2889450 0.2600029 0.3311318 0.2547072 0.2787611 0.2732791 0.2919681 0.2837402 0.2871927 0.4397834 0.2871775 0.3046721 0.3185849 0.2946834 0.2981945 0.2750630 0.2750951 0.2754234 0.2210376 0.2956665 0.1949319 0.2542409 0.2692066 0.3101258 0.2490774 0.1243325 0.4095982 0.1570003 0.4158761 0.3773246 0.3627043 0.3114959 0.1181772 0.2314764 0.2727925 0.1852304 0.2927142 0.2886052 0.2710789 0.2372129 0.3069980 0.3757653 0.2674227 0.2868472 0.1576041 0.3169009 0.2979831 0.2532366 0.1193484 
Amauria_carterae_99_mesa                   0.3775527 0.0000000 0.3810566 0.3718445 0.1535326 0.1817627 0.2078812 0.7860358 0.3538226 0.3572975 0.3497357 0.3581006 0.1636270 0.8096157 0.3414594 0.3577513 0.2848191 0.3174143 0.3521092 0.5663953 0.3036814 0.1302926 0.3540813 0.1833241 0.4180834 0.1873476 0.3341816 0.3769337 0.3692911 0.2226628 0.4124892 0.1818684 0.1078339 0.3380784 0.8542904 0.3724834 0.3534151 0.8674756 0.1657505 0.3583361 0.3434358 0.3731171 0.2858196 0.3726913 0.9542096 0.3486956 0.3164744 0.2404232 0.3838899 0.6637492 0.3538243 0.3376826 0.4511262 0.2973432 0.3776665 0.8676573 0.2190675 0.3502195 0.3179338 0.3527571 0.3084411 0.7960491 0.9048716 0.3204098 0.4225029 0.7942110 0.1985548 0.1447069 0.3086449 0.3434358 0.3570952 0.3350700 0.3651194 0.3541343 0.8200808 0.3587655 0.8507101 0.3272311 0.3557250 0.4818327 0.3036814 0.3986514 0.0844270 0.1493011 
Amauria_rotundifolia_SRR9119150            0.1377190 0.3810566 0.0000000 0.2910920 0.1476972 0.2705363 0.4143661 0.3561028 0.1925945 0.2408736 0.2375073 0.2317284 0.2119789 0.3100116 0.2488201 0.2379158 0.3220378 0.2265426 0.2332632 0.4375412 0.2518018 0.2576703 0.2335680 0.2000941 0.2988701 0.2260479 0.2825190 0.2695831 0.3901108 0.2807083 0.2748995 0.3252817 0.2353787 0.2364136 0.3138385 0.2548443 0.2249980 0.3584444 0.2546808 0.2368171 0.2328237 0.2545556 0.2879966 0.2719291 0.4623198 0.2416619 0.2467985 0.2490726 0.2537058 0.2833085 0.2390405 0.2385498 0.2131937 0.1817356 0.2596606 0.1981921 0.2594453 0.2306073 0.2518633 0.2155762 0.1187201 0.4151138 0.1632912 0.3545224 0.3450939 0.3442438 0.2552898 0.0965592 0.1645301 0.2304008 0.1963414 0.2451745 0.2537926 0.2309986 0.2332262 0.2651461 0.3829732 0.2386146 0.2474125 0.1603500 0.2566832 0.2818228 0.1724274 0.1251387 
Eutetras_palmeri_63                        0.3152242 0.3718445 0.2910920 0.0000000 0.0443872 0.2277459 0.3859500 0.3223359 0.2313083 0.2217033 0.1984282 0.1922167 0.1660849 0.2915005 0.2151834 0.2010059 0.3128695 0.1932645 0.2008231 0.3970455 0.2061969 0.2629043 0.2004289 0.1770284 0.2564499 0.1808588 0.2408595 0.2063415 0.3133493 0.3309039 0.2111366 0.1644377 0.2883491 0.2004570 0.2453637 0.2196100 0.1992767 0.2389392 0.2031247 0.2037386 0.1995675 0.2216201 0.2235292 0.2462099 0.3638094 0.2126152 0.2043685 0.2092647 0.2258941 0.2733575 0.2091619 0.2037089 0.2012387 0.1546677 0.1987238 0.1511833 0.2116600 0.1937635 0.2109442 0.1735249 0.1134400 0.3387572 0.1512207 0.3460928 0.2826504 0.3078192 0.2213196 0.1040927 0.1537591 0.1962849 0.2082973 0.2077132 0.2332343 0.2058695 0.1848406 0.1946676 0.2754341 0.1946944 0.2123607 0.1160401 0.2108245 0.2835308 0.1420685 0.0899130 
Eutetras_pringlei_149_quer                 0.1511586 0.1535326 0.1476972 0.0443872 0.0000000 0.1918123 0.2234273 0.6712297 0.1336716 0.1226298 0.1023858 0.1221205 0.1106490 0.0000010 0.1223499 0.1262569 0.2180279 0.1143671 0.1256949 0.3733828 0.1145728 0.1193209 0.1192350 0.1106506 0.2145453 0.1215278 0.1325923 0.1378601 0.3615827 0.1436906 0.1129925 0.1158767 0.1326097 0.1028358 0.0000010 0.1344311 0.1261272 0.8193563 0.1343184 0.1189705 0.1193795 0.1424550 0.1227612 0.1345311 0.9404906 0.1302037 0.1145728 0.1227102 0.1424513 0.5720293 0.1152945 0.1261820 0.1331176 0.1268037 0.1186742 0.0000010 0.2660051 0.1224889 0.1264882 0.1528990 0.1142800 0.6771202 0.0000010 0.1186354 0.2593771 0.4940566 0.1310697 0.1217814 0.1184169 0.1152122 0.1338038 0.1128953 0.1154153 0.1185197 0.0000010 0.1230974 0.6930387 0.1147137 0.1321222 0.0509961 0.1145728 0.1275025 0.1386777 0.1005044 
Eutrochium_fistulosum_SRR9119106           0.2763782 0.1817627 0.2705363 0.2277459 0.1918123 0.0000000 0.3404710 0.8160785 0.2524768 0.2049765 0.2427108 0.2308492 0.2267160 0.0000010 0.2425453 0.2000579 0.3121282 0.2096125 0.2377887 0.4103056 0.2489323 0.1760709 0.2314294 0.2392159 0.4033434 0.2459788 0.2707596 0.2386727 0.6464655 0.1565524 0.2148711 0.2553669 0.2550627 0.2295529 0.0000010 0.2404953 0.2160982 0.7636398 0.2304528 0.2309254 0.2288013 0.2450385 0.2056363 0.2560013 0.8896395 0.2444436 0.2464623 0.2510952 0.2471838 0.6350760 0.2352252 0.2334811 0.2201758 0.2365246 0.2363259 0.0000010 0.2944947 0.2263291 0.2582846 0.2288799 0.1600693 0.7992833 0.0000010 0.2074388 0.3596866 0.7067179 0.2282366 0.1691898 0.1984554 0.2290376 0.2137119 0.2352158 0.3081364 0.2348871 0.0000010 0.2402316 0.6597455 0.2206264 0.2395422 0.0648992 0.2467189 0.2372564 0.2331742 0.1422036 
Galeana_pratensis_104_mex                  0.4028673 0.2078812 0.4143661 0.3859500 0.2234273 0.3404710 0.0000000 0.6468713 0.3717973 0.3835771 0.3438073 0.3864716 0.3450607 0.6251016 0.3830542 0.3771282 0.3779451 0.3578488 0.3850751 0.5805388 0.3731333 0.1666018 0.3769921 0.3563583 0.4032574 0.3491475 0.4115573 0.3927220 0.3636728 0.1300391 0.3886428 0.3899638 0.3374605 0.3626276 0.5334901 0.3925994 0.3811702 0.7548141 0.3321620 0.3760368 0.3715568 0.3889822 0.3483280 0.3914279 0.8470831 0.4016989 0.3857822 0.3790214 0.3948563 0.5419684 0.3773056 0.3811068 0.4530150 0.3659196 0.3709621 0.6360218 0.3207248 0.3607556 0.3974339 0.3883428 0.3078721 0.9323397 0.5738736 0.3973390 0.4365507 0.6823226 0.3191842 0.3045700 0.3889182 0.3715568 0.3794526 0.3595219 0.3911017 0.3750521 0.5585538 0.3520528 0.7796660 0.3592729 0.3587688 0.2516296 0.3792983 0.4198021 0.2788562 0.2369921 
Helianthus_annuus_SRR9119062               0.3667622 0.7860358 0.3561028 0.3223359 0.6712297 0.8160785 0.6468713 0.0000000 0.3476180 0.3478525 0.3346079 0.3351754 0.6229602 0.2238707 0.3358028 0.3204837 0.7101113 0.3347915 0.3322352 0.4860026 0.3717688 0.5582342 0.3278873 0.6300087 0.3554094 0.6026192 0.3543732 0.3351142 0.3212827 0.7307223 0.3749155 0.6645300 0.6615340 0.3357275 0.2622977 0.3449222 0.3057126 0.2605857 0.6630706 0.3328667 0.3312895 0.3481365 0.3555621 0.3461761 0.3473937 0.3465987 0.3663682 0.4407417 0.3491300 0.2659285 0.3413204 0.3275250 0.3271086 0.3497384 0.3372426 0.1956872 0.6532052 0.3232911 0.3822712 0.3439816 0.2359112 0.3327118 0.1314895 0.8801993 0.3386818 0.3209114 0.5729403 0.5495905 0.6344932 0.3250970 0.3156025 0.3175694 0.3160319 0.3414208 0.2062113 0.3457885 0.2590699 0.3572421 0.3249661 0.2196431 0.3855080 0.3685066 0.6191611 0.5807181 
Lycapsus_tenuifolius_17                    0.0645885 0.3538226 0.1925945 0.2313083 0.1336716 0.2524768 0.3717973 0.3476180 0.0000000 0.2125099 0.2272178 0.2296703 0.1791740 0.2677880 0.2388672 0.1813230 0.3150679 0.2394164 0.2224446 0.3521556 0.2438461 0.2383543 0.2254297 0.2035769 0.2351226 0.1651801 0.2386809 0.2423936 0.3456796 0.2865635 0.2779729 0.2415410 0.0162596 0.2257254 0.3490978 0.2361194 0.2157459 0.3038980 0.1714890 0.2291310 0.2227653 0.2475992 0.2186569 0.2263151 0.4281049 0.2396213 0.2407562 0.2477630 0.2514546 0.2690577 0.2226560 0.2241703 0.2385697 0.1601326 0.2501293 0.1825494 0.1176439 0.2179777 0.2456307 0.2223591 0.1241314 0.3579393 0.1585279 0.3899725 0.2471350 0.2828613 0.2476621 0.1192421 0.2300332 0.2213682 0.2078996 0.2324622 0.2172975 0.2132086 0.2036039 0.2303539 0.3328795 0.2194876 0.2267997 0.1654678 0.2482168 0.3034814 0.2489488 0.1253736 
Pericome_caudata_50_silver                 0.2664763 0.3572975 0.2408736 0.2217033 0.1226298 0.2049765 0.3835771 0.3478525 0.2125099 0.0000000 0.2119950 0.2023586 0.1892106 0.2790628 0.2197398 0.2123294 0.2725443 0.2006060 0.2148324 0.4050488 0.2096480 0.2232507 0.2084746 0.1830421 0.2953907 0.2146843 0.2618637 0.2308155 0.3765609 0.2925726 0.2019836 0.2503215 0.2472842 0.2070365 0.3009244 0.2245114 0.2155195 0.3083173 0.2257077 0.2122628 0.2093585 0.2335285 0.2404212 0.2669342 0.4269390 0.2140100 0.2111826 0.2128342 0.2345968 0.2626586 0.2134763 0.2101883 0.1957769 0.1590994 0.2300723 0.1296805 0.2150836 0.1985556 0.2173789 0.1862874 0.1206718 0.3820906 0.1366510 0.3320352 0.3123645 0.3310200 0.2128096 0.1117824 0.1516581 0.2055143 0.1936171 0.2094357 0.2489203 0.2041460 0.1738778 0.1917545 0.3628229 0.1892654 0.2239587 0.1534178 0.2114772 0.2468251 0.1386672 0.1176097 
Perityle_aglossa_84_dead_horse             0.2825572 0.3497357 0.2375073 0.1984282 0.1023858 0.2427108 0.3438073 0.3346079 0.2272178 0.2119950 0.0000000 0.0352007 0.0324479 0.0417867 0.0667989 0.0318790 0.2870713 0.0636531 0.0388862 0.2502999 0.1655322 0.2107385 0.0327418 0.0452493 0.1239029 0.0559056 0.1138297 0.1364532 0.3712095 0.2899928 0.2426777 0.2340164 0.2673846 0.0263953 0.2803967 0.0751704 0.0370801 0.2442552 0.1137826 0.0340761 0.0320384 0.0763880 0.0396797 0.1823209 0.3603498 0.0452398 0.1630795 0.1618405 0.0794859 0.0869009 0.0466820 0.0277018 0.0480915 0.0316613 0.1295727 0.0388942 0.1464251 0.0352171 0.1681519 0.1040604 0.0552544 0.3110160 0.0918313 0.2350120 0.2390290 0.1228749 0.0899571 0.0246360 0.0680228 0.0298726 0.2343876 0.0278114 0.1036718 0.0756576 0.0222670 0.1379961 0.2657291 0.0712405 0.0295720 0.1036506 0.1698548 0.2769916 0.1594078 0.0408624 
Perityle_ajoensis_204                      0.2737814 0.3581006 0.2317284 0.1922167 0.1221205 0.2308492 0.3864716 0.3351754 0.2296703 0.2023586 0.0352007 0.0000000 0.0323744 0.0146728 0.0588086 0.0314828 0.2857208 0.0590125 0.0391081 0.2498766 0.1473965 0.2283683 0.0281046 0.0459113 0.1154376 0.0563270 0.1115504 0.1344222 0.3774654 0.2848501 0.2473912 0.2176426 0.2781268 0.0303704 0.2753394 0.0757538 0.0359834 0.2474729 0.0979903 0.0294255 0.0274250 0.0769144 0.0370062 0.1737198 0.3620463 0.0317410 0.1478319 0.1447778 0.0799652 0.0847874 0.0431805 0.0280540 0.0408085 0.0306482 0.1280651 0.0420169 0.1591957 0.0202868 0.1563916 0.0988464 0.0491593 0.3058301 0.0818152 0.2290020 0.2391786 0.1224398 0.0944552 0.0170535 0.0617496 0.0252940 0.2265346 0.0188460 0.0950100 0.0658674 0.0196449 0.1336818 0.2641177 0.0665690 0.0429486 0.1032982 0.1516164 0.2734278 0.1526685 0.0246672 
Perityle_ambrosiifolia_67_green            0.2406846 0.1636270 0.2119789 0.1660849 0.1106490 0.2267160 0.3450607 0.6229602 0.1791740 0.1892106 0.0324479 0.0323744 0.0000000 0.0000010 0.0757291 0.0244525 0.2478206 0.0495743 0.0387479 0.2827797 0.0836866 0.1366498 0.0312172 0.0449908 0.2341692 0.0522377 0.1579233 0.0878868 0.5715001 0.1332443 0.2095328 0.1843872 0.1815327 0.0273713 0.0000010 0.0706133 0.0247764 0.6499267 0.0893722 0.0284386 0.0311920 0.0764665 0.0238895 0.1574150 0.7508342 0.0407943 0.0819109 0.0854125 0.0778022 0.4127333 0.0396418 0.0297301 0.0521393 0.0287320 0.0716620 0.0000010 0.1595212 0.0270910 0.0922407 0.0821544 0.0511108 0.6330406 0.0000010 0.0709546 0.2659881 0.5969007 0.0676836 0.0148849 0.0248341 0.0272091 0.2022160 0.0264269 0.1692740 0.0310126 0.0000010 0.0736587 0.5779202 0.0218789 0.0415190 0.0383751 0.0853435 0.2397920 0.1592751 0.0247133 
Perityle_angustifolia_13_Eagle_creek       0.3331943 0.8096157 0.3100116 0.2915005 0.0000010 0.0000010 0.6251016 0.2238707 0.2677880 0.2790628 0.0417867 0.0146728 0.0000010 0.0000000 0.0482912 0.0415054 0.7540304 0.0792458 0.0501194 0.0675908 0.3595548 0.6571853 0.0287596 0.0000010 0.0224031 0.0000010 0.0569925 0.2657605 0.2018409 0.8423754 0.2348033 0.8039826 0.9755407 0.0439509 0.2217036 0.0860942 0.0663491 0.2246806 0.0000010 0.0394064 0.0352400 0.0813597 0.0571177 0.2418236 0.2603709 0.0225478 0.3520038 0.4311419 0.0860401 0.0399413 0.0702061 0.0287586 0.0415787 0.0062821 0.2795524 0.0511395 0.2886041 0.0293761 0.3482822 0.1577776 0.0506919 0.2571337 0.0155356 0.8148788 0.2850384 0.0423740 0.4799447 0.0000010 0.6406854 0.0287596 0.2947798 0.0203647 0.0360120 0.1660354 0.0274333 0.2795001 0.3115875 0.1571096 0.0501434 0.1515443 0.3757114 0.3099885 0.5604786 0.0000010 
Perityle_batopilensis_97                   0.2860476 0.3414594 0.2488201 0.2151834 0.1223499 0.2425453 0.3830542 0.3358028 0.2388672 0.2197398 0.0667989 0.0588086 0.0757291 0.0482912 0.0000000 0.0560729 0.2996350 0.0678811 0.0678193 0.2637697 0.1858126 0.2209997 0.0581736 0.0689466 0.1483804 0.0858799 0.1206564 0.1614342 0.3770376 0.2998019 0.2482019 0.2417083 0.2812867 0.0635982 0.2881630 0.0975434 0.0642310 0.2604497 0.0315051 0.0624695 0.0604241 0.0960735 0.0582753 0.1912658 0.3783413 0.0690097 0.1851604 0.1823625 0.1000294 0.1048141 0.0666847 0.0566291 0.0591025 0.0722424 0.1464614 0.0544191 0.1696232 0.0660812 0.1914525 0.1245309 0.0633402 0.3329643 0.0867889 0.2553496 0.2602367 0.1422381 0.1357744 0.0329375 0.0856095 0.0559414 0.2391299 0.0574690 0.1176707 0.0999461 0.0273024 0.1698138 0.3003406 0.0950672 0.0731116 0.1278820 0.1888967 0.2791671 0.1759722 0.0451995 
Perityle_bisetosa_9                        0.2358146 0.3577513 0.2379158 0.2010059 0.1262569 0.2000579 0.3771282 0.3204837 0.1813230 0.2123294 0.0318790 0.0314828 0.0244525 0.0415054 0.0560729 0.0000000 0.3001406 0.0572798 0.0242490 0.2401717 0.1833831 0.2272006 0.0272902 0.0307621 0.1442812 0.0385402 0.1126245 0.1417312 0.3413017 0.2840967 0.2372545 0.2367901 0.1853722 0.0289719 0.2732966 0.0691517 0.0243536 0.2588170 0.0841095 0.0287653 0.0273107 0.0696320 0.0287620 0.1826606 0.3388652 0.0423991 0.1814860 0.1822584 0.0738375 0.0785077 0.0368685 0.0179820 0.0458635 0.0258174 0.1341335 0.0419947 0.1643036 0.0330137 0.1899129 0.0985990 0.0475694 0.3109871 0.0921048 0.2557074 0.2638192 0.1317901 0.0931772 0.0132062 0.0609942 0.0241855 0.2231402 0.0260211 0.1033651 0.0718188 0.0196180 0.1406477 0.2830892 0.0682735 0.0346816 0.1133134 0.1897101 0.2803280 0.1511227 0.0302578 
Perityle_californica_76_positas            0.3815185 0.2848191 0.3220378 0.3128695 0.2180279 0.3121282 0.3779451 0.7101113 0.3150679 0.2725443 0.2870713 0.2857208 0.2478206 0.7540304 0.2996350 0.3001406 0.0000000 0.3184844 0.2917435 0.3942972 0.2835198 0.2644421 0.2881243 0.2399728 0.3128268 0.2653640 0.3103457 0.2951615 0.5447956 0.2358167 0.2462736 0.1949435 0.2482030 0.2862419 0.7987283 0.3088308 0.2975212 0.8654187 0.2614788 0.2873828 0.2854300 0.3243629 0.2740475 0.3543223 0.8470633 0.2939218 0.2942164 0.2595689 0.3266324 0.6278199 0.2940680 0.2923278 0.2580024 0.2699435 0.2793887 0.7338534 0.2445259 0.2695513 0.3015104 0.3129170 0.2457762 0.7710419 0.6650124 0.3061944 0.3263750 0.7604342 0.2329524 0.1840077 0.2811421 0.2836160 0.3030359 0.2421805 0.3042236 0.3011785 0.7092326 0.2908600 0.8706510 0.2845861 0.2734633 0.4402743 0.2857472 0.2220580 0.1120888 0.2403416 
Perityle_canescens_77                      0.2749089 0.3174143 0.2265426 0.1932645 0.1143671 0.2096125 0.3578488 0.3347915 0.2394164 0.2006060 0.0636531 0.0590125 0.0495743 0.0792458 0.0678811 0.0572798 0.3184844 0.0000000 0.0711924 0.2017280 0.1740061 0.2165984 0.0563033 0.0527847 0.1451555 0.0585970 0.0886775 0.1639690 0.3661469 0.2330480 0.2129678 0.2051938 0.2586171 0.0595780 0.2135289 0.0706987 0.0722754 0.3316820 0.0751470 0.0608530 0.0600491 0.0680953 0.0597071 0.1497091 0.4490212 0.0734221 0.1754576 0.1687709 0.0719995 0.1322270 0.0661706 0.0590018 0.0713467 0.0506491 0.1570968 0.0678712 0.1698081 0.0671056 0.1814802 0.1152146 0.0476549 0.3708289 0.0651087 0.2298447 0.2474857 0.1726353 0.0918817 0.0413580 0.0874234 0.0554117 0.2099325 0.0611996 0.1071292 0.1113891 0.0583687 0.1694124 0.3139720 0.0910519 0.0718171 0.1461634 0.1775393 0.2325969 0.1781147 0.0359839 
Perityle_castillonii_96                    0.2701450 0.3521092 0.2332632 0.2008231 0.1256949 0.2377887 0.3850751 0.3322352 0.2224446 0.2148324 0.0388862 0.0391081 0.0387479 0.0501194 0.0678193 0.0242490 0.2917435 0.0711924 0.0000000 0.2505044 0.1700966 0.2193261 0.0366350 0.0511690 0.1384343 0.0644039 0.1195615 0.1422025 0.3746148 0.2881556 0.2412563 0.2292346 0.2636535 0.0375248 0.2851549 0.0812844 0.0330659 0.2415933 0.1132596 0.0393820 0.0366599 0.0838947 0.0429816 0.1866498 0.3561329 0.0469340 0.1675321 0.1654973 0.0870049 0.0881266 0.0483699 0.0316080 0.0530746 0.0366119 0.1391288 0.0480055 0.1675785 0.0399438 0.1738367 0.1075546 0.0525865 0.3023769 0.0918135 0.2319973 0.2511996 0.1357000 0.1061857 0.0151096 0.0635097 0.0337773 0.2250959 0.0353814 0.1057160 0.0778909 0.0321340 0.1530072 0.2795683 0.0748448 0.0474712 0.1089719 0.1743674 0.2781812 0.1543069 0.0337774 
Perityle_cernua_84                         0.4211144 0.5663953 0.4375412 0.3970455 0.3733828 0.4103056 0.5805388 0.4860026 0.3521556 0.4050488 0.2502999 0.2498766 0.2827797 0.0675908 0.2637697 0.2401717 0.3942972 0.2017280 0.2505044 0.0000000 0.2906493 0.4586660 0.2476065 0.3012892 0.2850022 0.3179178 0.2497832 0.3953750 0.5357818 0.5507978 0.3986156 0.4338581 0.2937831 0.2479872 0.4001445 0.2896855 0.2501295 0.4998574 0.3277773 0.2503296 0.2489953 0.2806891 0.1975027 0.3683639 0.5554775 0.2626710 0.2865643 0.3021086 0.2848034 0.2257476 0.2628959 0.2418718 0.1555619 0.2315939 0.3806148 0.0577580 0.2862730 0.2636992 0.2999347 0.3461047 0.1301489 0.4923155 0.0880984 0.4545528 0.4450139 0.2973160 0.3594221 0.1582463 0.2686043 0.2452208 0.3917379 0.2279118 0.2769898 0.3117866 0.0713970 0.3711749 0.4825935 0.2452901 0.2542932 0.3728585 0.2962747 0.4434637 0.2694515 0.2642112 
Perityle_cfvillosa_25_tin                  0.3117598 0.3036814 0.2518018 0.2061969 0.1145728 0.2489323 0.3731333 0.3717688 0.2438461 0.2096480 0.1655322 0.1473965 0.0836866 0.3595548 0.1858126 0.1833831 0.2835198 0.1740061 0.1700966 0.2906493 0.0000000 0.2642011 0.1501830 0.1054953 0.2105301 0.1216907 0.2105939 0.2046914 0.4619038 0.2118325 0.2328523 0.2294764 0.2574958 0.1570443 0.2553909 0.1997266 0.1619905 0.4222040 0.1502767 0.1544325 0.1500757 0.1953896 0.1771528 0.1913894 0.5477628 0.1717272 0.0028918 0.0126572 0.1979578 0.3534853 0.1712422 0.1628545 0.1555803 0.1018629 0.2062758 0.3084465 0.1585975 0.1546172 0.0126177 0.1574657 0.1081037 0.5127257 0.2087672 0.2122795 0.2805274 0.4248760 0.1620179 0.0127265 0.0761345 0.1464241 0.2160568 0.1721257 0.1568418 0.1782635 0.3014071 0.2076029 0.4620840 0.1404792 0.1790851 0.1701256 0.0087163 0.2734082 0.1643441 0.0218820 
Perityle_cinerea_113_Powell1310            0.2415989 0.1302926 0.2576703 0.2629043 0.1193209 0.1760709 0.1666018 0.5582342 0.2383543 0.2232507 0.2107385 0.2283683 0.1366498 0.6571853 0.2209997 0.2272006 0.2644421 0.2165984 0.2193261 0.4586660 0.2642011 0.0000000 0.2233025 0.1481567 0.3272569 0.1610088 0.2230159 0.2403647 0.2884716 0.0694285 0.2674305 0.1747453 0.1181189 0.2231946 0.6034701 0.2424163 0.2221710 0.7427969 0.1386777 0.2274413 0.2181650 0.2389440 0.2038602 0.2430547 0.7770117 0.2384638 0.2761717 0.2587325 0.2441287 0.5122446 0.2290307 0.2133095 0.2600289 0.2202235 0.1978737 0.6227089 0.2513545 0.2149468 0.2828717 0.2197585 0.2143022 0.6911782 0.6466719 0.2445980 0.3035357 0.5900533 0.1355676 0.1368494 0.1852730 0.2181650 0.2240421 0.2169334 0.2099927 0.2325149 0.5805929 0.2200883 0.6681620 0.2181753 0.2218379 0.2653426 0.2702917 0.2378252 0.1238682 0.1163371 
Perityle_coahuilensis_24                   0.2762816 0.3540813 0.2335680 0.2004289 0.1192350 0.2314294 0.3769921 0.3278873 0.2254297 0.2084746 0.0327418 0.0281046 0.0312172 0.0287596 0.0581736 0.0272902 0.2881243 0.0563033 0.0366350 0.2476065 0.1501830 0.2233025 0.0000000 0.0487565 0.1209838 0.0595551 0.1125640 0.1307407 0.3725098 0.2802155 0.2444243 0.2225567 0.2789842 0.0315001 0.2640355 0.0736248 0.0348865 0.2414095 0.1076582 0.0120588 0.0080192 0.0725047 0.0308359 0.1778166 0.3565697 0.0399808 0.1482263 0.1529739 0.0762720 0.0824360 0.0449732 0.0243568 0.0439214 0.0317894 0.1284343 0.0266934 0.1621980 0.0308093 0.1578693 0.0992782 0.0447451 0.3024103 0.0769146 0.2321652 0.2404193 0.1318049 0.0986127 0.0170807 0.0603589 0.0026592 0.2222407 0.0260220 0.0830273 0.0731230 0.0048573 0.1399718 0.2639367 0.0649784 0.0411092 0.1053276 0.1543548 0.2744787 0.1574285 0.0304261 
Perityle_cochisensis_44_cave_creek         0.2580723 0.1833241 0.2000941 0.1770284 0.1106506 0.2392159 0.3563583 0.6300087 0.2035769 0.1830421 0.0452493 0.0459113 0.0449908 0.0000010 0.0689466 0.0307621 0.2399728 0.0527847 0.0511690 0.3012892 0.1054953 0.1481567 0.0487565 0.0000000 0.2262938 0.0528554 0.1454032 0.0858726 0.5929897 0.1521501 0.2065519 0.1838082 0.2032525 0.0400088 0.0000010 0.0682847 0.0442185 0.6475937 0.1005428 0.0459801 0.0487186 0.0738485 0.0330749 0.1525116 0.7684255 0.0530098 0.1021053 0.1039248 0.0751162 0.4327316 0.0401402 0.0434786 0.0532394 0.0479236 0.0616814 0.0000010 0.1594177 0.0396042 0.1072218 0.0830916 0.0510012 0.6634215 0.0000010 0.0894974 0.2432122 0.5913445 0.0723300 0.0301845 0.0434261 0.0448375 0.2114492 0.0391500 0.1723098 0.0319734 0.0000010 0.0809123 0.5783196 0.0362438 0.0569765 0.0252744 0.1054127 0.2271153 0.1562152 0.0275008 
Perityle_congesta_202                      0.3458444 0.4180834 0.2988701 0.2564499 0.2145453 0.4033434 0.4032574 0.3554094 0.2351226 0.2953907 0.1239029 0.1154376 0.2341692 0.0224031 0.1483804 0.1442812 0.3128268 0.1451555 0.1384343 0.2850022 0.2105301 0.3272569 0.1209838 0.2262938 0.0000000 0.2787202 0.1933911 0.2450759 0.3992143 0.3684446 0.3327610 0.3242703 0.2814049 0.1298251 0.2888970 0.1748687 0.1415332 0.2542220 0.3002523 0.1240284 0.1210681 0.1791267 0.1784397 0.2360907 0.3694698 0.1262335 0.2104755 0.2180613 0.1829069 0.0956619 0.1477298 0.1232409 0.0486970 0.1715845 0.2362008 0.0543084 0.1726910 0.1280840 0.2171168 0.1946687 0.0765602 0.3301462 0.0919420 0.3328137 0.2770499 0.1464855 0.2713336 0.0686056 0.1830462 0.1192381 0.2962521 0.0857836 0.1407255 0.1802839 0.0295943 0.2512468 0.2694377 0.1947239 0.1325345 0.1091160 0.2137055 0.3609622 0.1548487 0.1482791 
Perityle_cordifolia_27                     0.2379302 0.1873476 0.2260479 0.1808588 0.1215278 0.2459788 0.3491475 0.6026192 0.1651801 0.2146843 0.0559056 0.0563270 0.0522377 0.0000010 0.0858799 0.0385402 0.2653640 0.0585970 0.0644039 0.3179178 0.1216907 0.1610088 0.0595551 0.0528554 0.2787202 0.0000000 0.1902892 0.0984485 0.6021747 0.1533271 0.2310903 0.2097884 0.1677883 0.0540132 0.0000010 0.0755062 0.0556636 0.6136434 0.1043633 0.0563346 0.0580290 0.0788531 0.0354989 0.1732643 0.7677662 0.0704321 0.1196309 0.1236690 0.0802803 0.4261842 0.0527170 0.0533940 0.0769352 0.0630765 0.0758570 0.0000010 0.1606751 0.0533693 0.1314496 0.0963329 0.0452336 0.6303208 0.0000010 0.1121055 0.2968511 0.6052697 0.0773740 0.0405356 0.0591893 0.0550656 0.2194379 0.0582830 0.2064316 0.0518743 0.0000010 0.0838794 0.5581277 0.0435192 0.0587121 0.0318022 0.1235597 0.2647683 0.1723248 0.0200435 
Perityle_cordifolia_68_tecolote            0.3182389 0.3341816 0.2825190 0.2408595 0.1325923 0.2707596 0.4115573 0.3543732 0.2386809 0.2618637 0.1138297 0.1115504 0.1579233 0.0569925 0.1206564 0.1126245 0.3103457 0.0886775 0.1195615 0.2497832 0.2105939 0.2230159 0.1125640 0.1454032 0.1933911 0.1902892 0.0000000 0.1783611 0.3837589 0.2400931 0.2559758 0.2775402 0.2749058 0.1027411 0.2251955 0.1395433 0.1128553 0.3228103 0.1962507 0.1134263 0.1144684 0.1350858 0.1297375 0.2135022 0.4417838 0.1178343 0.2081523 0.2108916 0.1381828 0.1083770 0.1207474 0.1098519 0.0626121 0.1286881 0.1873251 0.0029179 0.1909957 0.1178449 0.2160366 0.1293853 0.0678465 0.3585509 0.0755932 0.2554587 0.2496912 0.1561731 0.1947662 0.0567958 0.1102397 0.1098621 0.2879671 0.1182453 0.1496940 0.1646663 0.0376578 0.2213424 0.3320407 0.1498748 0.1227632 0.1201806 0.2137670 0.2832926 0.1796243 0.0511235 
Perityle_coronopifolia_28_patagonia        0.2916593 0.3769337 0.2695831 0.2063415 0.1378601 0.2386727 0.3927220 0.3351142 0.2423936 0.2308155 0.1364532 0.1344222 0.0878868 0.2657605 0.1614342 0.1417312 0.2951615 0.1639690 0.1422025 0.3953750 0.2046914 0.2403647 0.1307407 0.0858726 0.2450759 0.0984485 0.1783611 0.0000000 0.3873118 0.2972472 0.2373319 0.2555361 0.2972285 0.1371000 0.2484300 0.1520326 0.1436898 0.2045239 0.1503697 0.1295625 0.1308329 0.1607597 0.1721493 0.2179129 0.3177933 0.1423876 0.2029977 0.2047346 0.1643333 0.2412889 0.1394908 0.1319881 0.1519018 0.0872883 0.0802012 0.1527416 0.1937269 0.1284924 0.2095594 0.0446105 0.1002984 0.2328143 0.1925941 0.2889471 0.1157722 0.2880733 0.1211004 0.0743277 0.1178695 0.1273254 0.2143437 0.1362935 0.2049421 0.1287446 0.1972209 0.1599775 0.1577884 0.1360213 0.1477115 0.0284849 0.2091257 0.2494600 0.1709328 0.0751775 
Perityle_crassifolia_70_ventanas           0.3763954 0.3692911 0.3901108 0.3133493 0.3615827 0.6464655 0.3636728 0.3212827 0.3456796 0.3765609 0.3712095 0.3774654 0.5715001 0.2018409 0.3770376 0.3413017 0.5447956 0.3661469 0.3746148 0.5357818 0.4619038 0.2884716 0.3725098 0.5929897 0.3992143 0.6021747 0.3837589 0.3873118 0.0000000 0.3335631 0.4042254 0.5630595 0.5553707 0.3703108 0.0506250 0.3792993 0.3732518 0.3057101 0.5896220 0.3797098 0.3683012 0.3806165 0.4171658 0.3773666 0.4596435 0.3867198 0.4505465 0.5067109 0.3938629 0.2381291 0.3691483 0.3708586 0.3251782 0.4165493 0.3657774 0.1746277 0.4847662 0.3863233 0.4516789 0.3616165 0.2223795 0.3387277 0.1373907 0.6587029 0.4172887 0.2854380 0.5845077 0.4691029 0.5750862 0.3666639 0.2966325 0.3478051 0.3984452 0.3686396 0.1728880 0.3590429 0.2957405 0.3903985 0.3535909 0.1238269 0.4674701 0.2912486 0.4614004 0.3904362 
Perityle_crassifolia_74_playa_balandra     0.2842995 0.2226628 0.2807083 0.3309039 0.1436906 0.1565524 0.1300391 0.7307223 0.2865635 0.2925726 0.2899928 0.2848501 0.1332443 0.8423754 0.2998019 0.2840967 0.2358167 0.2330480 0.2881556 0.5507978 0.2118325 0.0694285 0.2802155 0.1521501 0.3684446 0.1533271 0.2400931 0.2972472 0.3335631 0.0000000 0.3228010 0.1743809 0.0986752 0.2741347 1.0290925 0.3066338 0.2793436 0.9247162 0.1540690 0.2842246 0.2737612 0.3123031 0.2112433 0.3164644 0.9611796 0.2851998 0.2196446 0.1612038 0.3181073 0.7032931 0.2911766 0.2737905 0.3418228 0.1923179 0.2957664 0.9147798 0.2082155 0.2807359 0.2324079 0.2956124 0.2052878 0.8127602 0.9154567 0.2326020 0.3677949 0.9029309 0.1803633 0.1102461 0.1492613 0.2737612 0.2747989 0.2853864 0.2873217 0.2848942 0.8423754 0.2825830 0.8301563 0.2446162 0.2674984 0.3809318 0.2118325 0.3453360 0.0682091 0.1152785 
Perityle_cuneata_34_cuneata_San_antonio    0.3054618 0.4124892 0.2748995 0.2111366 0.1129925 0.2148711 0.3886428 0.3749155 0.2779729 0.2019836 0.2426777 0.2473912 0.2095328 0.2348033 0.2482019 0.2372545 0.2462736 0.2129678 0.2412563 0.3986156 0.2328523 0.2674305 0.2444243 0.2065519 0.3327610 0.2310903 0.2559758 0.2373319 0.4042254 0.3228010 0.0000000 0.1785281 0.2595175 0.2421287 0.2945708 0.2780877 0.2410797 0.2802530 0.2160303 0.2501232 0.2460929 0.2688968 0.2247835 0.3094172 0.3829580 0.2514708 0.2323036 0.2390878 0.2689207 0.3281700 0.2443035 0.2469704 0.2344934 0.1746742 0.2241895 0.1709120 0.2130117 0.2438363 0.2367126 0.2195625 0.0992959 0.3531690 0.1859673 0.3371706 0.2927526 0.3960520 0.2454345 0.1127639 0.1942217 0.2430929 0.2159543 0.2460964 0.2890758 0.2375116 0.2022058 0.2391439 0.2926931 0.2053195 0.2569068 0.1985912 0.2364418 0.1590830 0.1530859 0.1229829 
Perityle_cuneata_4                         0.3806812 0.1818684 0.3252817 0.1644377 0.1158767 0.2553669 0.3899638 0.6645300 0.2415410 0.2503215 0.2340164 0.2176426 0.1843872 0.8039826 0.2417083 0.2367901 0.1949435 0.2051938 0.2292346 0.4338581 0.2294764 0.1747453 0.2225567 0.1838082 0.3242703 0.2097884 0.2775402 0.2555361 0.5630595 0.1743809 0.1785281 0.0000000 0.2088327 0.2213120 1.3836673 0.2471610 0.2276823 0.7849366 0.2263558 0.2264695 0.2241779 0.2505690 0.2207987 0.3105147 0.8098761 0.2317324 0.2273796 0.2260735 0.2519579 0.6360859 0.2349201 0.2356413 0.1840430 0.1926563 0.2420995 0.5288502 0.1999844 0.2174418 0.2294394 0.2240922 0.1076239 0.7538153 0.0000010 0.2114378 0.3697267 0.7145319 0.1885946 0.1070013 0.1350309 0.2209544 0.3016374 0.2195187 0.3070111 0.2304896 0.7295251 0.2517486 0.8298870 0.1875562 0.2507303 0.1986555 0.2310193 0.2370341 0.1058911 0.1166458 
Perityle_discoidea_81                      0.0176413 0.1078339 0.2353787 0.2883491 0.1326097 0.2550627 0.3374605 0.6615340 0.0162596 0.2472842 0.2673846 0.2781268 0.1815327 0.9755407 0.2812867 0.1853722 0.2482030 0.2586171 0.2636535 0.2937831 0.2574958 0.1181189 0.2789842 0.2032525 0.2814049 0.1677883 0.2749058 0.2972285 0.5553707 0.0986752 0.2595175 0.2088327 0.0000000 0.2665081 1.2228842 0.2539187 0.2475892 0.8579080 0.1740668 0.2757459 0.2753034 0.2770752 0.1978461 0.2313255 0.8800682 0.2965717 0.2518952 0.2548526 0.2796447 0.6117716 0.2652935 0.2751419 0.2882691 0.2115964 0.2917585 1.2503446 0.1169470 0.2803082 0.2573520 0.2698420 0.1300102 0.8705845 0.0000010 0.2241203 0.3001591 0.7207831 0.2385794 0.1218152 0.1916202 0.2734202 0.1899621 0.2792671 0.2771096 0.2927049 0.6634258 0.2882742 0.9567502 0.2690340 0.2674261 0.0639262 0.2549522 0.2837388 0.2412221 0.1292970 
Perityle_dissecta_201                      0.2780355 0.3380784 0.2364136 0.2004570 0.1028358 0.2295529 0.3626276 0.3357275 0.2257254 0.2070365 0.0263953 0.0303704 0.0273713 0.0439509 0.0635982 0.0289719 0.2862419 0.0595780 0.0375248 0.2479872 0.1570443 0.2231946 0.0315001 0.0400088 0.1298251 0.0540132 0.1027411 0.1371000 0.3703108 0.2741347 0.2421287 0.2213120 0.2665081 0.0000000 0.2745037 0.0738570 0.0335044 0.2459669 0.1038786 0.0321124 0.0315214 0.0735053 0.0339904 0.1789844 0.3656338 0.0371450 0.1548973 0.1527134 0.0765355 0.0857488 0.0466458 0.0286445 0.0459414 0.0212948 0.1307355 0.0327882 0.1571113 0.0324531 0.1622627 0.1006551 0.0386830 0.3090711 0.0765620 0.2287903 0.2445289 0.1243973 0.0939797 0.0148849 0.0542896 0.0286831 0.2242185 0.0314199 0.0985481 0.0751172 0.0172924 0.1406951 0.2687554 0.0653871 0.0376029 0.1014475 0.1612186 0.2716869 0.1550762 0.0218727 
Perityle_emoryi_47_punta_san_jose          0.3008722 0.8542904 0.3138385 0.2453637 0.0000010 0.0000010 0.5334901 0.2622977 0.3490978 0.3009244 0.2803967 0.2753394 0.0000010 0.2217036 0.2881630 0.2732966 0.7987283 0.2135289 0.2851549 0.4001445 0.2553909 0.6034701 0.2640355 0.0000010 0.2888970 0.0000010 0.2251955 0.2484300 0.0506250 1.0290925 0.2945708 1.3836673 1.2228842 0.2745037 0.0000000 0.2936895 0.2684036 0.2389455 0.0000010 0.2780669 0.2733473 0.2761575 0.2673716 0.2887044 0.2779603 0.2909753 0.2596852 0.2884727 0.3010275 0.2773542 0.2745327 0.2747147 0.2938066 0.0318310 0.2575773 0.1821560 0.2283304 0.2538994 0.2677268 0.2518899 0.0850113 0.2597907 0.1480640 0.9503273 0.2601459 0.2953825 0.5440591 0.0000010 0.6695727 0.2669010 0.0746722 0.2862819 0.2366960 0.2473981 0.2041483 0.2834672 0.2565691 0.2124577 0.2809501 0.2177769 0.2752526 0.0000010 0.5604786 0.0000010 
Perityle_feddemae_99                       0.2889450 0.3724834 0.2548443 0.2196100 0.1344311 0.2404953 0.3925994 0.3449222 0.2361194 0.2245114 0.0751704 0.0757538 0.0706133 0.0860942 0.0975434 0.0691517 0.3088308 0.0706987 0.0812844 0.2896855 0.1997266 0.2424163 0.0736248 0.0682847 0.1748687 0.0755062 0.1395433 0.1520326 0.3792993 0.3066338 0.2780877 0.2471610 0.2539187 0.0738570 0.2936895 0.0000000 0.0808621 0.2856990 0.1328383 0.0734365 0.0736755 0.0434122 0.0751845 0.1531380 0.3949058 0.0822447 0.2002908 0.2018341 0.0470455 0.1270772 0.0793107 0.0703998 0.0818376 0.0672015 0.1497015 0.0713464 0.1889625 0.0773340 0.2070074 0.1269227 0.0520969 0.3413615 0.0865488 0.2748728 0.2604918 0.1685092 0.1289310 0.0616081 0.0973767 0.0705627 0.2343103 0.0706886 0.1500680 0.0994828 0.0639238 0.1778266 0.2586230 0.0969809 0.0847233 0.1344936 0.2041767 0.2953628 0.1802935 0.0706738 
Perityle_fosteri_93                        0.2600029 0.3534151 0.2249980 0.1992767 0.1261272 0.2160982 0.3811702 0.3057126 0.2157459 0.2155195 0.0370801 0.0359834 0.0247764 0.0663491 0.0642310 0.0243536 0.2975212 0.0722754 0.0330659 0.2501295 0.1619905 0.2221710 0.0348865 0.0442185 0.1415332 0.0556636 0.1128553 0.1436898 0.3732518 0.2793436 0.2410797 0.2276823 0.2475892 0.0335044 0.2684036 0.0808621 0.0000000 0.2573318 0.0915386 0.0369987 0.0349110 0.0842997 0.0451353 0.1783714 0.3732934 0.0469603 0.1596390 0.1592208 0.0882885 0.1058825 0.0514444 0.0318803 0.0574043 0.0242652 0.1344976 0.0357601 0.1596926 0.0344094 0.1671236 0.0996096 0.0490135 0.3259696 0.0815386 0.2340841 0.2507164 0.1472462 0.0961095 0.0063381 0.0588625 0.0319483 0.2200649 0.0350150 0.1035937 0.0728988 0.0456433 0.1439434 0.2836020 0.0618929 0.0436789 0.1156082 0.1662923 0.2710647 0.1578915 0.0301932 
Perityle_gamon_221                         0.3311318 0.8674756 0.3584444 0.2389392 0.8193563 0.7636398 0.7548141 0.2605857 0.3038980 0.3083173 0.2442552 0.2474729 0.6499267 0.2246806 0.2604497 0.2588170 0.8654187 0.3316820 0.2415933 0.4998574 0.4222040 0.7427969 0.2414095 0.6475937 0.2542220 0.6136434 0.3228103 0.2045239 0.3057101 0.9247162 0.2802530 0.7849366 0.8579080 0.2459669 0.2389455 0.2856990 0.2573318 0.0000000 0.6619869 0.2485282 0.2440995 0.2851818 0.4078764 0.3176936 0.0442158 0.2558561 0.4091259 0.4918187 0.2862437 0.1886619 0.2430514 0.2392713 0.2140035 0.2918306 0.1966829 0.1357933 0.8845345 0.2433774 0.4093614 0.1812328 0.2370595 0.1865168 0.1570541 0.8488659 0.2250401 0.2297789 0.6096721 0.7230242 0.6823227 0.2394980 0.3094595 0.2331732 0.2514912 0.2440469 0.1634707 0.2614320 0.1510357 0.3396912 0.2330785 0.0881037 0.4345134 0.3437210 0.9158927 0.7027458 
Perityle_gentryi_8_san_francisco           0.2547072 0.1657505 0.2546808 0.2031247 0.1343184 0.2304528 0.3321620 0.6630706 0.1714890 0.2257077 0.1137826 0.0979903 0.0893722 0.0000010 0.0315051 0.0841095 0.2614788 0.0751470 0.1132596 0.3277773 0.1502767 0.1386777 0.1076582 0.1005428 0.3002523 0.1043633 0.1962507 0.1503697 0.5896220 0.1540690 0.2160303 0.2263558 0.1740668 0.1038786 0.0000010 0.1328383 0.0915386 0.6619869 0.0000000 0.1072152 0.1091251 0.1317054 0.0702398 0.2054720 0.7786077 0.1182025 0.1503351 0.1565798 0.1332285 0.4686190 0.1043923 0.1023458 0.0997915 0.1120640 0.1162184 0.0000010 0.1751975 0.1023624 0.1625966 0.1459106 0.0700880 0.6444861 0.0000010 0.1316940 0.3300942 0.6666949 0.1366565 0.0511501 0.0609451 0.1043909 0.2340865 0.1022091 0.2274849 0.1087580 0.0000010 0.1353433 0.6345303 0.0840478 0.1184229 0.0648027 0.1524961 0.2545442 0.1667649 0.0539997 
Perityle_gilensis_22_Superstition          0.2787611 0.3583361 0.2368171 0.2037386 0.1189705 0.2309254 0.3760368 0.3328667 0.2291310 0.2122628 0.0340761 0.0294255 0.0284386 0.0394064 0.0624695 0.0287653 0.2873828 0.0608530 0.0393820 0.2503296 0.1544325 0.2274413 0.0120588 0.0459801 0.1240284 0.0563346 0.1134263 0.1295625 0.3797098 0.2842246 0.2501232 0.2264695 0.2757459 0.0321124 0.2780669 0.0734365 0.0369987 0.2485282 0.1072152 0.0000000 0.0120668 0.0737900 0.0316885 0.1771356 0.3610322 0.0412888 0.1523623 0.1562539 0.0768036 0.0780102 0.0477191 0.0270510 0.0457584 0.0316692 0.1281036 0.0359728 0.1588617 0.0321538 0.1610549 0.0981217 0.0491549 0.3110007 0.1021077 0.2306390 0.2406858 0.1345793 0.0970364 0.0148893 0.0573170 0.0093535 0.2285778 0.0288997 0.0874752 0.0744372 0.0196677 0.1412470 0.2665917 0.0683715 0.0424521 0.1071994 0.1585971 0.2786616 0.1547244 0.0275249 
Perityle_gilensis_salensis_225             0.2732791 0.3434358 0.2328237 0.1995675 0.1193795 0.2288013 0.3715568 0.3312895 0.2227653 0.2093585 0.0320384 0.0274250 0.0311920 0.0352400 0.0604241 0.0273107 0.2854300 0.0600491 0.0366599 0.2489953 0.1500757 0.2181650 0.0080192 0.0487186 0.1210681 0.0580290 0.1144684 0.1308329 0.3683012 0.2737612 0.2460929 0.2241779 0.2753034 0.0315214 0.2733473 0.0736755 0.0349110 0.2440995 0.1091251 0.0120668 0.0000000 0.0733026 0.0318064 0.1769956 0.3573139 0.0400078 0.1504168 0.1528546 0.0755973 0.0810824 0.0450037 0.0243731 0.0429941 0.0317692 0.1293613 0.0327303 0.1532582 0.0308305 0.1600661 0.0975794 0.0461330 0.3015385 0.0766859 0.2330029 0.2367451 0.1291033 0.1011244 0.0170582 0.0603048 0.0053321 0.2248850 0.0252938 0.0830863 0.0731740 0.0097990 0.1392205 0.2598468 0.0668006 0.0403916 0.1015151 0.1566067 0.2787894 0.1546839 0.0275945 
Perityle_glaucescens_94                    0.2919681 0.3731171 0.2545556 0.2216201 0.1424550 0.2450385 0.3889822 0.3481365 0.2475992 0.2335285 0.0763880 0.0769144 0.0764665 0.0813597 0.0960735 0.0696320 0.3243629 0.0680953 0.0838947 0.2806891 0.1953896 0.2389440 0.0725047 0.0738485 0.1791267 0.0788531 0.1350858 0.1607597 0.3806165 0.3123031 0.2688968 0.2505690 0.2770752 0.0735053 0.2761575 0.0434122 0.0842997 0.2851818 0.1317054 0.0737900 0.0733026 0.0000000 0.0714080 0.1388533 0.3961043 0.0848769 0.1960561 0.1945138 0.0134957 0.1226579 0.0774797 0.0722856 0.0800493 0.0707063 0.1523882 0.0676632 0.2077100 0.0784719 0.2027343 0.1273068 0.0625343 0.3314491 0.0763088 0.2793341 0.2605024 0.1621949 0.1292209 0.0706595 0.1065120 0.0694928 0.2366705 0.0767702 0.1405662 0.1094795 0.0636081 0.1781307 0.2654659 0.1074838 0.0904802 0.1348703 0.1998770 0.2910371 0.1953612 0.0734027 
Perityle_gracilis_11                       0.2837402 0.2858196 0.2879966 0.2235292 0.1227612 0.2056363 0.3483280 0.3555621 0.2186569 0.2404212 0.0396797 0.0370062 0.0238895 0.0571177 0.0582753 0.0287620 0.2740475 0.0597071 0.0429816 0.1975027 0.1771528 0.2038602 0.0308359 0.0330749 0.1784397 0.0354989 0.1297375 0.1721493 0.4171658 0.2112433 0.2247835 0.2207987 0.1978461 0.0339904 0.2673716 0.0751845 0.0451353 0.4078764 0.0702398 0.0316885 0.0318064 0.0714080 0.0000000 0.2075591 0.4935020 0.0461405 0.1801085 0.1626881 0.0745497 0.1103317 0.0431993 0.0267766 0.0607698 0.0219033 0.1625264 0.0656077 0.1612812 0.0275428 0.1784433 0.1223440 0.0525078 0.4336430 0.0117480 0.1787264 0.3194588 0.1865368 0.0825759 0.0137035 0.0400189 0.0278650 0.2528548 0.0231137 0.1208516 0.0884293 0.0305411 0.1575005 0.4211599 0.0742365 0.0432481 0.1868714 0.1858770 0.2769866 0.1641473 0.0247174 
Perityle_harkerae_31                       0.2871927 0.3726913 0.2719291 0.2462099 0.1345311 0.2560013 0.3914279 0.3461761 0.2263151 0.2669342 0.1823209 0.1737198 0.1574150 0.2418236 0.1912658 0.1826606 0.3543223 0.1497091 0.1866498 0.3683639 0.1913894 0.2430547 0.1778166 0.1525116 0.2360907 0.1732643 0.2135022 0.2179129 0.3773666 0.3164644 0.3094172 0.3105147 0.2313255 0.1789844 0.2887044 0.1531380 0.1783714 0.3176936 0.2054720 0.1771356 0.1769956 0.1388533 0.2075591 0.0000000 0.4030311 0.1833962 0.1937426 0.1976002 0.1436924 0.2157712 0.1755131 0.1754707 0.1456060 0.1320712 0.2222586 0.1108431 0.1947720 0.1721992 0.2012554 0.1712320 0.0525683 0.3497848 0.0661296 0.3215677 0.2953365 0.2864839 0.2023351 0.0615525 0.1341471 0.1738207 0.2392743 0.1835483 0.1912042 0.1745556 0.1546635 0.2323989 0.3017983 0.1720774 0.1962123 0.1326392 0.1980156 0.3314812 0.1897341 0.0676715 
Perityle_hofmeisteria_4_nombre_de_dios     0.4397834 0.9542096 0.4623198 0.3638094 0.9404906 0.8896395 0.8470831 0.3473937 0.4281049 0.4269390 0.3603498 0.3620463 0.7508342 0.2603709 0.3783413 0.3388652 0.8470633 0.4490212 0.3561329 0.5554775 0.5477628 0.7770117 0.3565697 0.7684255 0.3694698 0.7677662 0.4417838 0.3177933 0.4596435 0.9611796 0.3829580 0.8098761 0.8800682 0.3656338 0.2779603 0.3949058 0.3732934 0.0442158 0.7786077 0.3610322 0.3573139 0.3961043 0.4935020 0.4030311 0.0000000 0.3716001 0.5279547 0.6143798 0.3907569 0.2615731 0.3529589 0.3574656 0.3487790 0.4882644 0.3086262 0.1676569 0.9429612 0.3635486 0.5262433 0.3135608 0.3682956 0.2653864 0.1967301 0.8720912 0.3380705 0.2982408 0.7067988 0.7172514 0.7378865 0.3529133 0.4057898 0.3545255 0.3681333 0.3733245 0.1969932 0.3782577 0.2081740 0.4646330 0.3616437 0.1091442 0.5531335 0.4500490 0.8400124 0.8242233 
