84
Amauria_brandeegeana_62                    0.0000000 0.2179901 0.0357647 0.1400973 0.1277219 0.1681133 0.3770398 0.3083526 0.2175166 0.0162953 0.1541541 0.4533927 0.2840831 0.1909114 0.4385762 0.1537326 0.1391487 0.3919591 0.1217721 0.4416739 0.4456666 0.3058366 0.2618028 0.1372348 0.4198647 0.4491731 0.1159020 0.0960133 0.1423163 0.2213875 0.2762807 0.1970595 0.2012716 0.0135660 0.4555954 0.0912501 0.1393290 0.4425011 0.1672178 0.1308682 0.1281565 0.1348357 0.1603552 0.4554865 0.0994559 0.1634928 0.4602823 0.4571626 0.3167520 0.1493130 0.1285059 0.4581969 0.1329523 0.1783797 0.4524761 0.1234877 0.3574611 0.0786806 0.2940057 0.4612110 0.0938391 0.1650792 0.2794511 0.1361438 0.1447468 0.2618753 0.3262000 0.4721583 0.1343398 0.1372348 0.2663017 0.4491658 0.1316586 0.4489260 0.3132403 0.4835781 0.1205308 0.1185207 0.1302738 0.1945228 0.3123882 0.2110605 0.3687714 0.0922415 
Amauria_carterae_99_mesa                   0.2179901 0.0000000 0.1921535 0.3117055 0.2359329 0.2563863 0.1074097 0.3440379 0.2324168 0.3534630 0.3650081 0.1724047 0.0841384 0.3185525 0.0810007 0.2369849 0.2362724 0.1466445 0.1231743 0.1680188 0.1768225 0.1037460 0.1842153 0.2455441 0.1744401 0.1609909 0.2316045 0.2338570 0.2472197 0.1032939 0.1120354 0.2555732 0.2520293 0.3537812 0.1682966 0.3795628 0.2193131 0.1703201 0.2431691 0.1393882 0.2346260 0.2357420 0.3572508 0.1689241 0.3513273 0.2467137 0.1514942 0.0829949 0.0930478 0.3513891 0.2288337 0.1650379 0.2355043 0.2299125 0.1664773 0.1328895 0.1782111 0.2152515 0.0933334 0.1610808 0.2433357 0.2402398 0.1403911 0.2300249 0.2472413 0.3036795 0.1265527 0.1744623 0.3667258 0.2455441 0.0988486 0.1650564 0.2358726 0.1685468 0.1730219 0.1991312 0.2505280 0.2328107 0.2219958 0.1996864 0.0849244 0.3325517 0.1853242 0.1962352 
Amauria_rotundifolia_SRR9119150            0.0357647 0.1921535 0.0000000 0.1353397 0.1191015 0.1485401 0.3618084 0.3026976 0.2167544 0.0198597 0.1398596 0.4490206 0.2641922 0.1916671 0.4083226 0.1401630 0.1328417 0.3684905 0.1150021 0.4451885 0.4379549 0.2765868 0.2377751 0.1388535 0.4211171 0.4483991 0.1133821 0.0940270 0.1322917 0.2020510 0.2540580 0.1811382 0.1882299 0.0170050 0.4536582 0.0872174 0.1355798 0.4538327 0.1612435 0.1137930 0.1148880 0.1239980 0.1664325 0.4467708 0.0995949 0.1571413 0.4600546 0.4305116 0.3193010 0.1547083 0.1199716 0.4608925 0.1202361 0.1697030 0.4503622 0.1238844 0.3373171 0.0731631 0.2952488 0.4604435 0.0974446 0.1574751 0.2621003 0.1237170 0.1382042 0.2741137 0.2938461 0.4751200 0.1179397 0.1388535 0.2606738 0.4468784 0.1197402 0.4360157 0.2915780 0.4760798 0.1111499 0.1163551 0.1186657 0.1609415 0.3162886 0.1974053 0.3661061 0.0950284 
Conoclinium_coelestinum_SRR9119114         0.1400973 0.3117055 0.1353397 0.0000000 0.1375019 0.2627033 0.3534118 0.2594266 0.8320969 0.1400973 0.1398043 0.3093233 0.2948431 0.1748638 0.2999221 0.1853720 0.1883238 0.3300150 0.2331751 0.2968997 0.2915005 0.2997409 0.4829960 0.1575451 0.3061799 0.2997409 0.1705735 0.1702991 0.1773995 0.3293190 0.3280862 0.1666341 0.1704372 0.1400973 0.2948324 0.1694281 0.1687219 0.2953328 0.1829545 0.5991780 0.1757054 0.1844525 0.1776691 0.2999221 0.1732764 0.1872402 0.3053963 0.2999221 0.2997409 0.1732764 0.1757054 0.3060132 0.1833811 0.1692985 0.3056997 0.0000010 0.3151676 0.1615415 0.2997409 0.2997409 0.1773533 0.1448540 0.3171556 0.1662257 0.1818098 0.1680367 0.3073441 0.2969998 0.1709778 0.1575451 0.3350191 0.3006007 0.1534402 0.3060132 0.2997409 0.2761426 0.1536713 0.1534890 0.1660587 0.3370268 0.2915275 0.1694281 0.3806092 0.1741891 
Eutetras_palmeri_63                        0.1277219 0.2359329 0.1191015 0.1375019 0.0000000 0.1163343 0.3602618 0.3125188 0.2463656 0.1285477 0.0692354 0.4389516 0.2603192 0.2295396 0.3929052 0.1326398 0.1431618 0.3913636 0.1363583 0.4438082 0.4270261 0.2837238 0.2584552 0.1499848 0.4285376 0.4348230 0.1205740 0.1178807 0.1517770 0.2292384 0.2780595 0.1224218 0.1361038 0.1252250 0.4330923 0.1501034 0.1530850 0.4477358 0.1657436 0.1425325 0.1365106 0.1424147 0.1217607 0.4321453 0.1003375 0.1611641 0.4362802 0.4055458 0.3247560 0.1176946 0.1427814 0.4389858 0.1341302 0.1528819 0.4343777 0.1760208 0.3449792 0.0927854 0.2853845 0.4472607 0.1210124 0.1739814 0.2888688 0.1365701 0.1566093 0.2347378 0.2899981 0.4636671 0.1588066 0.1499848 0.2834322 0.4270384 0.1140125 0.4254674 0.3026089 0.4573092 0.1529901 0.1154930 0.1315113 0.2152864 0.3166058 0.2451548 0.3808807 0.0925437 
Eutetras_pringlei_149_quer                 0.1681133 0.2563863 0.1485401 0.2627033 0.1163343 0.0000000 0.2912694 0.4472808 0.7077102 0.1686502 0.1327929 0.2470657 0.2412931 0.1875332 0.2346116 0.1756651 0.1800504 0.2930661 0.4169803 0.2398036 0.2326687 0.2568694 0.4992601 0.1793441 0.2516157 0.2561782 0.1878423 0.1871867 0.1967617 0.2252435 0.2585184 0.1597351 0.1628292 0.1634666 0.2327280 0.1801446 0.1978251 0.2387101 0.2192636 0.6696070 0.1746437 0.1774112 0.1899460 0.2414866 0.1844025 0.2265583 0.2415873 0.2377870 0.2538280 0.1848198 0.1793680 0.2415963 0.1872099 0.1593067 0.2414613 0.4713650 0.2402799 0.1730195 0.2538905 0.2569664 0.1867274 0.1793465 0.2681887 0.1769597 0.1966620 0.1517783 0.2691780 0.2688960 0.1649235 0.1793441 0.2649397 0.2448177 0.1709919 0.2443706 0.2011661 0.2577366 0.1922218 0.1692373 0.1739692 0.1844873 0.2428100 0.1986046 0.2575443 0.1650433 
Eutrochium_fistulosum_SRR9119106           0.3770398 0.1074097 0.3618084 0.3534118 0.3602618 0.2912694 0.0000000 0.4590489 0.3316033 0.5282280 0.5163013 0.3000995 0.1753666 0.4640135 0.1296078 0.3791254 0.3764642 0.2802730 0.2559131 0.3108869 0.2705335 0.1841875 0.2431061 0.3805601 0.3123091 0.2870063 0.3544580 0.3795962 0.3959155 0.1703257 0.1716925 0.3879326 0.4023620 0.5286719 0.3121447 0.4974031 0.3624252 0.3143343 0.3836241 0.2491169 0.3592966 0.3704978 0.4739365 0.2890282 0.4059833 0.3796328 0.3028247 0.1327702 0.2078452 0.4720850 0.3701027 0.3122497 0.3629872 0.3805103 0.2900141 0.1922929 0.2445886 0.2369260 0.2026848 0.3058544 0.3236496 0.4042008 0.2622074 0.3755746 0.3980971 0.4894215 0.2453635 0.3128390 0.5315909 0.3805601 0.1775690 0.2890155 0.3450967 0.2794955 0.2193262 0.3363992 0.3877721 0.3326781 0.3599820 0.2567552 0.2251396 0.4769358 0.3171419 0.2693312 
Galeana_pratensis_104_mex                  0.3083526 0.3440379 0.3026976 0.2594266 0.3125188 0.4472808 0.4590489 0.0000000 0.3942267 0.2790127 0.3253718 0.3546353 0.3778892 0.2449298 0.4380966 0.3651375 0.3384155 0.3464875 0.3818986 0.3407484 0.3224344 0.3825420 0.1975560 0.3277576 0.3481801 0.3106791 0.3434820 0.3446026 0.3344324 0.3795859 0.3836615 0.2821599 0.3336565 0.2755400 0.3429879 0.3505137 0.3256172 0.3469550 0.3702110 0.3968434 0.3367637 0.3426707 0.3366099 0.3239528 0.3289919 0.3217548 0.3497375 0.4337123 0.3773834 0.3334839 0.3348240 0.3479361 0.3344193 0.3336750 0.3172698 0.3617653 0.2903826 0.2541547 0.3714850 0.3451926 0.3319073 0.3848500 0.4194674 0.3127689 0.3382185 0.2606421 0.4379134 0.3692754 0.3179254 0.3277576 0.4182496 0.3239528 0.3222499 0.3431159 0.2601926 0.3670882 0.3476759 0.3133496 0.3118551 0.4684276 0.3876720 0.3025855 0.3117883 0.2864546 
Helianthus_annuus_SRR9119062               0.2175166 0.2324168 0.2167544 0.8320969 0.2463656 0.7077102 0.3316033 0.3942267 0.0000000 0.5929416 0.5947046 0.4817368 0.2570521 0.3751293 0.6769952 0.2260998 0.2317371 0.4260711 0.1833709 0.4799652 0.4427974 0.2950219 0.2786845 0.2526905 0.4837791 0.4604399 0.2440552 0.2332581 0.2423032 0.2494306 0.2788167 0.2609314 0.2754936 0.5929416 0.4843261 0.5945188 0.2414387 0.4931580 0.2404623 0.1651988 0.2364607 0.2332263 0.6934360 0.4782613 0.6935135 0.2356115 0.4780015 0.7167598 0.3305644 0.6935135 0.2412106 0.4741329 0.2321560 0.2413307 0.4697095 0.2296882 0.4211905 0.2216334 0.3026902 0.4752139 0.2415820 0.2732505 0.2674000 0.2413118 0.2402185 0.4336246 0.2788075 0.4684901 0.6137691 0.2526905 0.2784999 0.4678904 0.2378207 0.4405636 0.3316944 0.5087163 0.2299130 0.2329556 0.2311479 0.6682754 0.3302590 0.4140629 0.4705150 0.2633269 
Lycapsus_tenuifolius_17                    0.0162953 0.3534630 0.0198597 0.1400973 0.1285477 0.1686502 0.5282280 0.2790127 0.5929416 0.0000000 0.1279473 0.4309087 0.4388777 0.1049730 0.4097205 0.1764951 0.1592061 0.3748682 0.5809341 0.4159177 0.4382151 0.4154721 0.3974106 0.1373817 0.3744476 0.4517724 0.1125694 0.0892402 0.1454868 0.3572793 0.3850762 0.2054518 0.2246052 0.0026851 0.4352670 0.0671077 0.1589691 0.4147274 0.1832166 0.5877323 0.1329234 0.1420846 0.1645539 0.4403396 0.1016021 0.1848098 0.4485789 0.4314913 0.4396527 0.1534966 0.1348101 0.4432499 0.1405749 0.2226846 0.4369191 0.0000010 0.3278685 0.0629065 0.4308689 0.4452700 0.0913694 0.1472387 0.4059793 0.1390454 0.1502832 0.1703759 0.4426516 0.4808686 0.1152067 0.1373817 0.4445251 0.4374155 0.1345271 0.4345092 0.3117112 0.4623706 0.0995586 0.1255316 0.1384094 0.2008633 0.4490181 0.0867855 0.3180104 0.0923762 
Pericome_caudata_50_silver                 0.1541541 0.3650081 0.1398596 0.1398043 0.0692354 0.1327929 0.5163013 0.3253718 0.5947046 0.1279473 0.0000000 0.4681893 0.4544212 0.1772113 0.4437178 0.1823155 0.2151413 0.4066099 0.5045821 0.4318174 0.4619619 0.4461241 0.3714780 0.2171559 0.3876520 0.4722291 0.1939236 0.1554425 0.2150754 0.3731149 0.4092330 0.1505698 0.1598486 0.1247959 0.4561391 0.1452724 0.2261392 0.4230952 0.2485578 0.5439884 0.2101477 0.2158132 0.1783913 0.4641648 0.1224583 0.2454005 0.4856402 0.4465060 0.4560400 0.1675694 0.2003065 0.4631625 0.2149002 0.2356836 0.4578190 0.4666113 0.3355402 0.0890128 0.4509698 0.4767627 0.1329168 0.1464650 0.4335802 0.2100767 0.2102875 0.1691710 0.4933814 0.5209254 0.1981820 0.2171559 0.4626715 0.4587400 0.1703398 0.4555727 0.3270794 0.4779954 0.1725245 0.1579097 0.2045194 0.2232553 0.4673549 0.1713804 0.3259760 0.0848811 
Perityle_aglossa_84_dead_horse             0.4533927 0.1724047 0.4490206 0.3093233 0.4389516 0.2470657 0.3000995 0.3546353 0.4817368 0.4309087 0.4681893 0.0000000 0.2148735 0.3071034 0.0681736 0.4938842 0.4787790 0.1339828 0.4971876 0.0560453 0.0513258 0.2028282 0.3758434 0.4837068 0.0607874 0.0732372 0.4722962 0.4723964 0.4789923 0.2620691 0.2650009 0.4282041 0.4387414 0.4312517 0.0560251 0.4428841 0.4707586 0.0540749 0.4603975 0.4676767 0.4382547 0.4692739 0.4276948 0.0567671 0.3740309 0.4341458 0.0812197 0.0611288 0.1995802 0.4281805 0.4424075 0.0610766 0.4681758 0.4757647 0.0520023 0.3551845 0.0643119 0.3106201 0.2254320 0.0743666 0.4212637 0.5172154 0.2868580 0.4616657 0.4838068 0.3256679 0.2877744 0.1228595 0.4512707 0.4837068 0.2778618 0.0560363 0.4457673 0.0529093 0.0783250 0.1255318 0.5046487 0.4637823 0.4669816 0.2387182 0.2040422 0.3357330 0.1049114 0.3063641 
Perityle_ajoensis_204                      0.2840831 0.0841384 0.2641922 0.2948431 0.2603192 0.2412931 0.1753666 0.3778892 0.2570521 0.4388777 0.4544212 0.2148735 0.0000000 0.3796308 0.0126283 0.2909323 0.2535073 0.2444897 0.1422541 0.1891220 0.1816949 0.0496216 0.1968951 0.2600138 0.2025511 0.1561396 0.2628909 0.2788820 0.2950699 0.1022823 0.1411407 0.3350178 0.3166772 0.4392088 0.1830712 0.4257485 0.2930311 0.1950401 0.2851478 0.1301549 0.2457537 0.2530430 0.4137885 0.1656183 0.3624081 0.2932027 0.1841382 0.0110404 0.0749299 0.4141007 0.2482153 0.1795308 0.2516582 0.2670067 0.1646566 0.0883587 0.2096503 0.1767655 0.0400218 0.1758673 0.2396511 0.3387440 0.1745119 0.2591857 0.2934468 0.4196784 0.1786503 0.2459837 0.4603747 0.2600138 0.1215822 0.1660549 0.2260989 0.1582479 0.1388326 0.2646193 0.3055025 0.2164345 0.2487628 0.2343081 0.0684463 0.4052797 0.2732265 0.1996612 
Perityle_ambrosiifolia_67_green            0.1909114 0.3185525 0.1916671 0.1748638 0.2295396 0.1875332 0.4640135 0.2449298 0.3751293 0.1049730 0.1772113 0.3071034 0.3796308 0.0000000 0.4049744 0.2425341 0.1515761 0.2684691 0.3442031 0.3047713 0.2852287 0.3609200 0.3322360 0.1376777 0.2900178 0.2984023 0.1779685 0.1956226 0.1893199 0.3366747 0.3685491 0.1888495 0.2167456 0.1017684 0.3026632 0.0774177 0.1908132 0.3062383 0.1998224 0.3438659 0.1247776 0.1348669 0.0857476 0.2915058 0.0731030 0.1932438 0.3150359 0.4191690 0.3703031 0.0799176 0.1355540 0.3119700 0.1319002 0.2199432 0.2844842 0.4049541 0.2160757 0.1365842 0.3738246 0.3173526 0.1753955 0.2661472 0.3665039 0.1304554 0.1934184 0.1171445 0.4061050 0.3458349 0.0292240 0.1376777 0.3934584 0.2952983 0.1498037 0.2840035 0.1864226 0.3216017 0.2213635 0.1713040 0.1326436 0.1951635 0.3745345 0.1151766 0.2330067 0.1337231 
Perityle_angustifolia_13_Eagle_creek       0.4385762 0.0810007 0.4083226 0.2999221 0.3929052 0.2346116 0.1296078 0.4380966 0.6769952 0.4097205 0.4437178 0.0681736 0.0126283 0.4049744 0.0000000 0.4627014 0.4503434 0.1556783 0.5763435 0.0183779 0.0460427 0.0243515 0.2451044 0.4599367 0.0198743 0.0255056 0.4424746 0.4507797 0.4533474 0.1004315 0.1209865 0.4555463 0.4457913 0.4100374 0.0168809 0.4009202 0.4284753 0.0183054 0.4346136 0.6669586 0.4418208 0.4455043 0.4084348 0.0112221 0.3594833 0.4315484 0.0386559 0.0113375 0.0240993 0.4086831 0.4352525 0.0127534 0.4562423 0.4681136 0.0098060 0.0000010 0.0846780 0.3084462 0.0269935 0.0240993 0.3722146 0.4423440 0.2331370 0.4466714 0.4501127 0.4340768 0.1467225 0.1239299 0.4346545 0.4599367 0.1278028 0.0126460 0.4312396 0.0126283 0.0157494 0.1281743 0.4596489 0.4298521 0.4415468 0.2307995 0.0169756 0.4039338 0.1147358 0.3009292 
Perityle_batopilensis_97                   0.1537326 0.2369849 0.1401630 0.1853720 0.1326398 0.1756651 0.3791254 0.3651375 0.2260998 0.1764951 0.1823155 0.4938842 0.2909323 0.2425341 0.4627014 0.0000000 0.1643841 0.4088175 0.1049756 0.4843803 0.4778669 0.3100317 0.2411370 0.1705372 0.4618714 0.4817971 0.1546800 0.1275481 0.1762365 0.2117952 0.2619398 0.1835413 0.1896115 0.1765894 0.4995672 0.1760766 0.1713060 0.4876792 0.1994505 0.0357949 0.1577564 0.1657762 0.1923980 0.4927604 0.1321050 0.2008716 0.5006170 0.4657401 0.3465846 0.1813787 0.1555834 0.4933487 0.1573919 0.1818712 0.4889248 0.1300324 0.3699241 0.0943090 0.3223269 0.5021731 0.1165980 0.1513860 0.2966191 0.1711878 0.1785738 0.2669413 0.3280776 0.5139241 0.1865957 0.1705372 0.2745825 0.4921838 0.1390395 0.4732663 0.3252141 0.5221409 0.1832609 0.1408438 0.1593052 0.2171841 0.3492724 0.2576353 0.4080140 0.1005293 
Perityle_bisetosa_9                        0.1391487 0.2362724 0.1328417 0.1883238 0.1431618 0.1800504 0.3764642 0.3384155 0.2317371 0.1592061 0.2151413 0.4787790 0.2535073 0.1515761 0.4503434 0.1643841 0.0000000 0.4006411 0.1203858 0.4673156 0.4693569 0.2706415 0.2116245 0.0554580 0.4482576 0.4655788 0.1076942 0.1248613 0.1225892 0.2157643 0.2793193 0.1421040 0.1560676 0.1559947 0.4755298 0.1028401 0.1132438 0.4760635 0.1140702 0.1274888 0.0318063 0.0327233 0.0864357 0.4693003 0.0670321 0.1104278 0.4846395 0.4661818 0.3041753 0.0829158 0.0314657 0.4745087 0.0404695 0.1044496 0.4676673 0.0800517 0.3616918 0.0505706 0.2825562 0.4779171 0.0978033 0.1969418 0.2776443 0.0454417 0.1248001 0.2234677 0.3258004 0.4906565 0.0387616 0.0554580 0.2751991 0.4730601 0.0353701 0.4574075 0.3128930 0.4837071 0.1499387 0.0474989 0.0404286 0.2047322 0.3003748 0.2083971 0.3944539 0.0683979 
Perityle_californica_76_positas            0.3919591 0.1466445 0.3684905 0.3300150 0.3913636 0.2930661 0.2802730 0.3464875 0.4260711 0.3748682 0.4066099 0.1339828 0.2444897 0.2684691 0.1556783 0.4088175 0.4006411 0.0000000 0.3965219 0.1382351 0.1411739 0.2399099 0.3749741 0.3912729 0.1412582 0.1387304 0.3930316 0.4036104 0.4233784 0.2145410 0.2024108 0.3536719 0.3864167 0.3752164 0.1366370 0.4207383 0.3742748 0.1383358 0.3777682 0.3957786 0.3821594 0.3948413 0.4013243 0.1385110 0.3951241 0.3564691 0.1365594 0.1595764 0.2389676 0.3941747 0.3809102 0.1473104 0.3991235 0.3887164 0.1315717 0.2711888 0.1098466 0.3042373 0.2535126 0.1402297 0.3847223 0.4208792 0.2496718 0.3919249 0.4208762 0.2715193 0.2642005 0.1301043 0.4177991 0.3912729 0.2318671 0.1338654 0.3925572 0.1369870 0.1023047 0.1406675 0.4094432 0.3839751 0.3956431 0.1856410 0.2365517 0.2837077 0.0970972 0.3090811 
Perityle_canescens_77                      0.1217721 0.1231743 0.1150021 0.2331751 0.1363583 0.4169803 0.2559131 0.3818986 0.1833709 0.5809341 0.5045821 0.4971876 0.1422541 0.3442031 0.5763435 0.1049756 0.1203858 0.3965219 0.0000000 0.4991769 0.4625169 0.1877490 0.2254580 0.1508868 0.5094084 0.4676481 0.1370685 0.1051947 0.1321792 0.1163766 0.1620564 0.1515306 0.1566872 0.5809341 0.5007642 0.5776798 0.0943493 0.5092552 0.1310539 0.0898557 0.1192739 0.1238241 0.3900987 0.4821572 0.3900987 0.1197859 0.4998437 0.5763435 0.2388553 0.3900987 0.1222956 0.4972058 0.1177243 0.1351597 0.4933663 0.1656720 0.4107600 0.1370519 0.2064864 0.4992504 0.1129145 0.1622149 0.1922923 0.1325288 0.1317351 0.4397504 0.1754956 0.4914333 0.3900987 0.1508868 0.1279089 0.4795892 0.1216802 0.4693123 0.3335435 0.5326841 0.1343604 0.1201006 0.1184758 0.3900987 0.2228329 0.4156251 0.4767731 0.1360763 
Perityle_castillonii_96                    0.4416739 0.1680188 0.4451885 0.2968997 0.4438082 0.2398036 0.3108869 0.3407484 0.4799652 0.4159177 0.4318174 0.0560453 0.1891220 0.3047713 0.0183779 0.4843803 0.4673156 0.1382351 0.4991769 0.0000000 0.0628404 0.1873432 0.3529287 0.4714310 0.0351994 0.0464807 0.4528237 0.4470148 0.4662573 0.2617623 0.2616817 0.4076075 0.4262473 0.4162408 0.0234736 0.4263796 0.4604847 0.0233605 0.4484066 0.4860225 0.4266024 0.4606465 0.3797700 0.0221729 0.3632077 0.4167410 0.0449766 0.0150310 0.1752269 0.3815802 0.4362798 0.0280118 0.4586104 0.4658132 0.0158060 0.3871115 0.0731307 0.3000581 0.2067443 0.0495813 0.4144846 0.5166126 0.2858025 0.4489120 0.4710812 0.2999875 0.3044906 0.1327477 0.4474538 0.4714310 0.2803334 0.0196003 0.4238470 0.0251444 0.0447901 0.1159676 0.4765081 0.4430445 0.4509328 0.2305993 0.1795137 0.3201632 0.1119248 0.3017903 
Perityle_cernua_84                         0.4456666 0.1768225 0.4379549 0.2915005 0.4270261 0.2326687 0.2705335 0.3224344 0.4427974 0.4382151 0.4619619 0.0513258 0.1816949 0.2852287 0.0460427 0.4778669 0.4693569 0.1411739 0.4625169 0.0628404 0.0000000 0.1911728 0.3708426 0.4682297 0.0729538 0.0857746 0.4554213 0.4547774 0.4763996 0.2522514 0.2441612 0.4288187 0.4361998 0.4385465 0.0647249 0.4420337 0.4694395 0.0606534 0.4467255 0.4467355 0.4377922 0.4562889 0.4211472 0.0593325 0.3676770 0.4271766 0.0848032 0.0395128 0.1738903 0.4187847 0.4337011 0.0649029 0.4574149 0.4685315 0.0582872 0.4097311 0.0669597 0.3080053 0.1969249 0.0866106 0.3861212 0.4820912 0.2700888 0.4533132 0.4816921 0.3240167 0.2740859 0.1369147 0.4593443 0.4682297 0.2674906 0.0653292 0.4251930 0.0469907 0.0706467 0.1204692 0.4899654 0.4402895 0.4582946 0.2245082 0.1755060 0.3085117 0.1039948 0.3073208 
Perityle_cfvillosa_25_tin                  0.3058366 0.1037460 0.2765868 0.2997409 0.2837238 0.2568694 0.1841875 0.3825420 0.2950219 0.4154721 0.4461241 0.2028282 0.0496216 0.3609200 0.0243515 0.3100317 0.2706415 0.2399099 0.1877490 0.1873432 0.1911728 0.0000000 0.2147423 0.2745989 0.1927806 0.1485432 0.2828528 0.2929133 0.3032254 0.1316412 0.1505832 0.3447083 0.3112462 0.4157957 0.1796103 0.4166790 0.3134511 0.1916951 0.2962853 0.1774454 0.2558423 0.2600890 0.4276372 0.1681902 0.3797876 0.3049241 0.1840929 0.0257575 0.0606578 0.4281197 0.2391013 0.1761059 0.2600815 0.2843682 0.1642381 0.1047829 0.2113439 0.1841284 0.0674758 0.1505069 0.2673609 0.3392421 0.1913257 0.2748924 0.3076858 0.4160219 0.1905966 0.2457972 0.4399404 0.2745989 0.1470020 0.1676588 0.2639538 0.1607582 0.1383718 0.2581072 0.3221635 0.2448265 0.2719766 0.2494625 0.0655314 0.3783093 0.2667414 0.2134190 
Perityle_cinerea_113_Powell1310            0.2618028 0.1842153 0.2377751 0.4829960 0.2584552 0.4992601 0.2431061 0.1975560 0.2786845 0.3974106 0.3714780 0.3758434 0.1968951 0.3322360 0.2451044 0.2411370 0.2116245 0.3749741 0.2254580 0.3529287 0.3708426 0.2147423 0.0000000 0.2116580 0.3670265 0.3567221 0.2163390 0.2358459 0.2635726 0.2260339 0.2305147 0.2463961 0.2455477 0.3974106 0.3616961 0.5082210 0.2697096 0.3759574 0.2441556 0.2358872 0.2162926 0.2120493 0.4978295 0.3638419 0.4978295 0.2479893 0.3691741 0.3271394 0.2394787 0.4978295 0.1946183 0.3633539 0.2085850 0.2122001 0.3666423 0.0105660 0.3594284 0.2200972 0.2117030 0.3578999 0.2405151 0.2458071 0.1401898 0.2091308 0.2544880 0.3418349 0.2803119 0.3994482 0.4978295 0.2116580 0.2405665 0.3635766 0.2208067 0.3665295 0.2787712 0.4084556 0.2575813 0.2116081 0.2236774 0.3913534 0.2444725 0.2611120 0.3719292 0.1232042 
Perityle_coahuilensis_24                   0.1372348 0.2455441 0.1388535 0.1575451 0.1499848 0.1793441 0.3805601 0.3277576 0.2526905 0.1373817 0.2171559 0.4837068 0.2600138 0.1376777 0.4599367 0.1705372 0.0554580 0.3912729 0.1508868 0.4714310 0.4682297 0.2745989 0.2116580 0.0000000 0.4597328 0.4781292 0.1169487 0.1310110 0.1217924 0.2224614 0.2786423 0.1361477 0.1473567 0.1342789 0.4818795 0.0741744 0.1153201 0.4811322 0.1220630 0.1304696 0.0223682 0.0344830 0.0821244 0.4766887 0.0669684 0.1190948 0.4928694 0.4688699 0.3095627 0.0791426 0.0373473 0.4846819 0.0405756 0.1143198 0.4744695 0.0916657 0.3579652 0.0435490 0.2875229 0.4868236 0.1091090 0.2125396 0.2836465 0.0490581 0.1256312 0.2189969 0.3456724 0.4955919 0.0431358 0.0000010 0.2842998 0.4766317 0.0499765 0.4583598 0.3089429 0.4954095 0.1651534 0.0561482 0.0455127 0.2010791 0.3083425 0.1941152 0.4002271 0.0743654 
Perityle_cochisensis_44_cave_creek         0.4198647 0.1744401 0.4211171 0.3061799 0.4285376 0.2516157 0.3123091 0.3481801 0.4837791 0.3744476 0.3876520 0.0607874 0.2025511 0.2900178 0.0198743 0.4618714 0.4482576 0.1412582 0.5094084 0.0351994 0.0729538 0.1927806 0.3670265 0.4597328 0.0000000 0.0466251 0.4385902 0.4254876 0.4463791 0.2681417 0.2654733 0.3982969 0.4119019 0.3747676 0.0294257 0.4087573 0.4506384 0.0374527 0.4344118 0.4729068 0.4111423 0.4436356 0.3760138 0.0314895 0.3704483 0.4044243 0.0487593 0.0198735 0.1915662 0.3705103 0.4151920 0.0341955 0.4408269 0.4413043 0.0229392 0.3908294 0.0662324 0.3094181 0.2140258 0.0478017 0.4153998 0.4980880 0.2928164 0.4332220 0.4501221 0.2925243 0.3000787 0.1260832 0.4159645 0.4597328 0.2818943 0.0312603 0.4178859 0.0226267 0.0472045 0.1127945 0.4559925 0.4323902 0.4338832 0.2421507 0.1951653 0.3072908 0.1109183 0.3064025 
Perityle_congesta_202                      0.4491731 0.1609909 0.4483991 0.2997409 0.4348230 0.2561782 0.2870063 0.3106791 0.4604399 0.4517724 0.4722291 0.0732372 0.1561396 0.2984023 0.0255056 0.4817971 0.4655788 0.1387304 0.4676481 0.0464807 0.0857746 0.1485432 0.3567221 0.4781292 0.0466251 0.0000000 0.4570389 0.4602447 0.4646066 0.2375799 0.2353912 0.4329389 0.4282180 0.4521182 0.0427546 0.4425261 0.4759621 0.0444978 0.4494917 0.4209620 0.4210588 0.4539963 0.4198207 0.0456171 0.3721221 0.4303087 0.0451948 0.0222542 0.1443812 0.4202060 0.4259664 0.0460093 0.4558461 0.4627012 0.0349451 0.3643491 0.0891511 0.2918701 0.1568300 0.0149489 0.4012192 0.4901657 0.2517118 0.4604513 0.4673503 0.3119485 0.2926069 0.1398613 0.4686277 0.4781292 0.2600204 0.0419262 0.4259147 0.0382422 0.0121066 0.1342073 0.4898206 0.4407243 0.4582808 0.2382901 0.1465259 0.2930562 0.1201142 0.2908738 
Perityle_cordifolia_27                     0.1159020 0.2316045 0.1133821 0.1705735 0.1205740 0.1878423 0.3544580 0.3434820 0.2440552 0.1125694 0.1939236 0.4722962 0.2628909 0.1779685 0.4424746 0.1546800 0.1076942 0.3930316 0.1370685 0.4528237 0.4554213 0.2828528 0.2163390 0.1169487 0.4385902 0.4570389 0.0000000 0.0954399 0.1544871 0.2207079 0.2761002 0.1841857 0.1978549 0.1110400 0.4653247 0.0485931 0.1441098 0.4618386 0.1420848 0.1381278 0.1028346 0.1026255 0.1451672 0.4574272 0.0796193 0.1414236 0.4669012 0.4483043 0.3215352 0.1344987 0.0984269 0.4646934 0.0981340 0.1379708 0.4602142 0.1174861 0.3544543 0.0611643 0.2931753 0.4688596 0.1088568 0.1918576 0.2773562 0.1038912 0.1576146 0.2629672 0.3386238 0.4928116 0.1145083 0.1169487 0.2730704 0.4554214 0.1062638 0.4484637 0.3070151 0.4946549 0.1377086 0.0973711 0.1008949 0.2018297 0.3166540 0.1717851 0.3917124 0.0835855 
Perityle_cordifolia_68_tecolote            0.0960133 0.2338570 0.0940270 0.1702991 0.1178807 0.1871867 0.3795962 0.3446026 0.2332581 0.0892402 0.1554425 0.4723964 0.2788820 0.1956226 0.4507797 0.1275481 0.1248613 0.4036104 0.1051947 0.4470148 0.4547774 0.2929133 0.2358459 0.1310110 0.4254876 0.4602447 0.0954399 0.0000000 0.1426769 0.2167983 0.2783455 0.1861622 0.1908598 0.0862692 0.4655489 0.1013113 0.1414053 0.4513023 0.1487675 0.1252641 0.1147006 0.1201965 0.1490921 0.4578484 0.0924863 0.1474806 0.4729577 0.4625344 0.3318697 0.1385381 0.1142898 0.4704753 0.1172230 0.1610855 0.4613787 0.0853869 0.3526028 0.0603232 0.3059201 0.4729860 0.1013375 0.1677172 0.2833525 0.1238592 0.1432161 0.2611113 0.3305173 0.4991621 0.1301620 0.1310110 0.2813023 0.4570946 0.1121882 0.4544745 0.3228597 0.5028571 0.1201557 0.1053978 0.1156951 0.2065592 0.3296448 0.2165733 0.4073083 0.0954482 
Perityle_coronopifolia_28_patagonia        0.1423163 0.2472197 0.1322917 0.1773995 0.1517770 0.1967617 0.3959155 0.3344324 0.2423032 0.1454868 0.2150754 0.4789923 0.2950699 0.1893199 0.4533474 0.1762365 0.1225892 0.4233784 0.1321792 0.4662573 0.4763996 0.3032254 0.2635726 0.1217924 0.4463791 0.4646066 0.1544871 0.1426769 0.0000000 0.2275818 0.2906628 0.1582100 0.1676932 0.1423588 0.4837889 0.1013419 0.1197674 0.4735610 0.1442140 0.1410407 0.1041137 0.1129540 0.1046425 0.4810767 0.0940900 0.1378151 0.4960450 0.4673626 0.3432031 0.0999607 0.1104503 0.4795983 0.1054181 0.1514666 0.4805211 0.1837912 0.3760250 0.0891982 0.3058354 0.4809247 0.0516974 0.1990766 0.3049705 0.1176792 0.0188636 0.2079980 0.3426010 0.5032596 0.1032253 0.1217924 0.2941699 0.4769089 0.1028694 0.4727441 0.3357147 0.5086468 0.1502172 0.1004264 0.1088679 0.1798693 0.3362709 0.2200888 0.4024915 0.1205404 
Perityle_crassifolia_70_ventanas           0.2213875 0.1032939 0.2020510 0.3293190 0.2292384 0.2252435 0.1703257 0.3795859 0.2494306 0.3572793 0.3731149 0.2620691 0.1022823 0.3366747 0.1004315 0.2117952 0.2157643 0.2145410 0.1163766 0.2617623 0.2522514 0.1316412 0.2260339 0.2224614 0.2681417 0.2375799 0.2207079 0.2167983 0.2275818 0.0000000 0.0711956 0.2620813 0.2505640 0.3576311 0.2651102 0.3981259 0.2060316 0.2700340 0.2137288 0.1292153 0.2144120 0.2168987 0.3623426 0.2509746 0.3550089 0.2120827 0.2554983 0.1026575 0.1350434 0.3559640 0.2157849 0.2619582 0.2161791 0.2070260 0.2485273 0.1650059 0.2402758 0.2206308 0.1088010 0.2600519 0.2122977 0.2541053 0.1583252 0.2215797 0.2210870 0.3430779 0.1701381 0.2648743 0.3717829 0.2224614 0.0473585 0.2473201 0.2177302 0.2627334 0.2142680 0.2773942 0.2235467 0.2138921 0.2130476 0.1971632 0.1275674 0.3832982 0.2406652 0.2222851 
Perityle_crassifolia_74_playa_balandra     0.2762807 0.1120354 0.2540580 0.3280862 0.2780595 0.2585184 0.1716925 0.3836615 0.2788167 0.3850762 0.4092330 0.2650009 0.1411407 0.3685491 0.1209865 0.2619398 0.2793193 0.2024108 0.1620564 0.2616817 0.2441612 0.1505832 0.2305147 0.2786423 0.2654733 0.2353912 0.2761002 0.2783455 0.2906628 0.0711956 0.0000000 0.2725708 0.2976670 0.3854656 0.2638482 0.4316103 0.2382972 0.2663304 0.2645776 0.1746900 0.2763762 0.2763243 0.4086222 0.2448513 0.4013811 0.2481849 0.2554671 0.1255827 0.1503513 0.4024177 0.2782807 0.2603669 0.2754073 0.2653576 0.2419693 0.1297577 0.2311667 0.2190191 0.1517022 0.2590930 0.2455053 0.2643939 0.1488456 0.2844823 0.2870833 0.3477135 0.1583203 0.2682402 0.4080862 0.2786423 0.0550620 0.2409982 0.2634851 0.2514705 0.2049129 0.2798488 0.2733182 0.2712645 0.2674739 0.1966917 0.1621956 0.3756062 0.2260317 0.2490890 
Perityle_cuneata_34_cuneata_San_antonio    0.1970595 0.2555732 0.1811382 0.1666341 0.1224218 0.1597351 0.3879326 0.2821599 0.2609314 0.2054518 0.1505698 0.4282041 0.3350178 0.1888495 0.4555463 0.1835413 0.1421040 0.3536719 0.1515306 0.4076075 0.4288187 0.3447083 0.2463961 0.1361477 0.3982969 0.4329389 0.1841857 0.1861622 0.1582100 0.2620813 0.2725708 0.0000000 0.0423890 0.2019946 0.4279087 0.1628377 0.1506137 0.4141511 0.1664075 0.1657649 0.1351979 0.1369140 0.1171635 0.4316232 0.1078311 0.1669963 0.4463123 0.4600928 0.3553201 0.1163897 0.1389469 0.4281105 0.1399589 0.1574235 0.4279462 0.0970220 0.3215065 0.1116369 0.3522856 0.4367850 0.1445439 0.1872868 0.2989597 0.1389188 0.1551210 0.1712215 0.3255326 0.4492920 0.1509962 0.1361477 0.3157477 0.4264598 0.1072598 0.4195400 0.3020606 0.4356427 0.1958970 0.1155387 0.1321330 0.2215038 0.3662230 0.1962084 0.3401542 0.0892499 
Perityle_cuneata_4                         0.2012716 0.2520293 0.1882299 0.1704372 0.1361038 0.1628292 0.4023620 0.3336565 0.2754936 0.2246052 0.1598486 0.4387414 0.3166772 0.2167456 0.4457913 0.1896115 0.1560676 0.3864167 0.1566872 0.4262473 0.4361998 0.3112462 0.2455477 0.1473567 0.4119019 0.4282180 0.1978549 0.1908598 0.1676932 0.2505640 0.2976670 0.0423890 0.0000000 0.2211752 0.4417463 0.1744092 0.1599555 0.4361356 0.1887218 0.1540892 0.1513719 0.1546144 0.1232830 0.4379243 0.1127802 0.1905799 0.4616603 0.4595402 0.3299174 0.1187113 0.1495779 0.4409841 0.1487790 0.1682147 0.4325794 0.1403769 0.3519083 0.1124933 0.3090695 0.4493386 0.1578570 0.2350856 0.3131640 0.1565002 0.1667808 0.1693531 0.3698464 0.4604772 0.1616084 0.1473567 0.2993066 0.4310846 0.1130271 0.4411438 0.3335107 0.4729632 0.2160303 0.1227220 0.1456781 0.2279588 0.3293814 0.2651537 0.3404447 0.0967637 
Perityle_discoidea_81                      0.0135660 0.3537812 0.0170050 0.1400973 0.1252250 0.1634666 0.5286719 0.2755400 0.5929416 0.0026851 0.1247959 0.4312517 0.4392088 0.1017684 0.4100374 0.1765894 0.1559947 0.3752164 0.5809341 0.4162408 0.4385465 0.4157957 0.3974106 0.1342789 0.3747676 0.4521182 0.1110400 0.0862692 0.1423588 0.3576311 0.3854656 0.2019946 0.2211752 0.0000000 0.4355934 0.0638365 0.1555004 0.4150484 0.1796274 0.5877323 0.1297912 0.1389705 0.1604973 0.4406717 0.0973059 0.1812198 0.4489209 0.4318274 0.4399926 0.1494454 0.1315956 0.4435885 0.1374631 0.2192141 0.4372483 0.0000010 0.3281825 0.0586224 0.4312025 0.4456078 0.0873552 0.1473117 0.4098861 0.1359360 0.1471426 0.1668935 0.4429995 0.4812603 0.1120483 0.1342789 0.4449212 0.4377441 0.1309094 0.4348373 0.3158102 0.4627384 0.0965691 0.1219846 0.1352820 0.1945228 0.4493608 0.0834085 0.3183659 0.0879405 
Perityle_dissecta_201                      0.4555954 0.1682966 0.4536582 0.2948324 0.4330923 0.2327280 0.3121447 0.3429879 0.4843261 0.4352670 0.4561391 0.0560251 0.1830712 0.3026632 0.0168809 0.4995672 0.4755298 0.1366370 0.5007642 0.0234736 0.0647249 0.1796103 0.3616961 0.4818795 0.0294257 0.0427546 0.4653247 0.4655489 0.4837889 0.2651102 0.2638482 0.4279087 0.4417463 0.4355934 0.0000000 0.4271642 0.4758446 0.0270055 0.4608145 0.4736397 0.4352275 0.4681028 0.4079185 0.0212031 0.3589763 0.4339323 0.0506271 0.0152003 0.1690879 0.4081603 0.4415396 0.0261571 0.4704909 0.4735986 0.0144069 0.3835774 0.0653254 0.2990929 0.1929294 0.0458991 0.4144806 0.5204771 0.2866305 0.4610741 0.4882970 0.3127152 0.3031284 0.1324592 0.4549526 0.4818795 0.2810873 0.0209525 0.4342522 0.0232492 0.0432911 0.1231519 0.5012728 0.4474707 0.4616648 0.2309181 0.1744634 0.3244665 0.1091700 0.3001621 
Perityle_emoryi_47_punta_san_jose          0.0912501 0.3795628 0.0872174 0.1694281 0.1501034 0.1801446 0.4974031 0.3505137 0.5945188 0.0671077 0.1452724 0.4428841 0.4257485 0.0774177 0.4009202 0.1760766 0.1028401 0.4207383 0.5776798 0.4263796 0.4420337 0.4166790 0.5082210 0.0741744 0.4087573 0.4425261 0.0485931 0.1013113 0.1013419 0.3981259 0.4316103 0.1628377 0.1744092 0.0638365 0.4271642 0.0000000 0.0989055 0.4284788 0.1141188 0.6173918 0.0759220 0.0819520 0.0774192 0.4345400 0.0733872 0.1135117 0.4405306 0.4155470 0.4238385 0.0733940 0.0804001 0.4330182 0.0725912 0.1779708 0.4307131 0.5858014 0.3804253 0.0745373 0.4139898 0.4401521 0.1004439 0.1846541 0.4686226 0.0804061 0.1043190 0.1197613 0.4544323 0.4818349 0.0654208 0.0741744 0.4852114 0.4320330 0.0742565 0.4282533 0.3686317 0.4659202 0.0897720 0.0905297 0.0781026 0.1977547 0.4292557 0.0479060 0.3682444 0.0927213 
Perityle_feddemae_99                       0.1393290 0.2193131 0.1355798 0.1687219 0.1530850 0.1978251 0.3624252 0.3256172 0.2414387 0.1589691 0.2261392 0.4707586 0.2930311 0.1908132 0.4284753 0.1713060 0.1132438 0.3742748 0.0943493 0.4604847 0.4694395 0.3134511 0.2697096 0.1153201 0.4506384 0.4759621 0.1441098 0.1414053 0.1197674 0.2060316 0.2382972 0.1506137 0.1599555 0.1555004 0.4758446 0.0989055 0.0000000 0.4649607 0.0785919 0.1122139 0.0992070 0.1092100 0.0433607 0.4779835 0.0414409 0.0810143 0.4929080 0.4466896 0.3435593 0.0403083 0.1095856 0.4722116 0.1018133 0.1635492 0.4767469 0.1467220 0.3767837 0.0852543 0.3193300 0.4806184 0.1031686 0.1864979 0.2780250 0.1055676 0.1239897 0.2398970 0.3016983 0.4938849 0.0936231 0.1153201 0.2604892 0.4700299 0.0955546 0.4563396 0.3219748 0.5014372 0.1342963 0.1076230 0.0997942 0.2088960 0.3348125 0.2086628 0.4148482 0.1018041 
Perityle_fosteri_93                        0.4425011 0.1703201 0.4538327 0.2953328 0.4477358 0.2387101 0.3143343 0.3469550 0.4931580 0.4147274 0.4230952 0.0540749 0.1950401 0.3062383 0.0183054 0.4876792 0.4760635 0.1383358 0.5092552 0.0233605 0.0606534 0.1916951 0.3759574 0.4811322 0.0374527 0.0444978 0.4618386 0.4513023 0.4735610 0.2700340 0.2663304 0.4141511 0.4361356 0.4150484 0.0270055 0.4284788 0.4649607 0.0000000 0.4533041 0.4883441 0.4340067 0.4679761 0.3772944 0.0273968 0.3600587 0.4232200 0.0407236 0.0149114 0.1774534 0.3790808 0.4420641 0.0316105 0.4648859 0.4719876 0.0217553 0.4202726 0.0738513 0.3017542 0.2090047 0.0484142 0.4169904 0.5165399 0.2906662 0.4526718 0.4796906 0.2982224 0.3029403 0.1271881 0.4493097 0.4811322 0.2818700 0.0270596 0.4286468 0.0265524 0.0470985 0.1116423 0.4832074 0.4506561 0.4582715 0.2272777 0.1864181 0.3248606 0.1122731 0.3005392 
Perityle_gamon_221                         0.1672178 0.2431691 0.1612435 0.1829545 0.1657436 0.2192636 0.3836241 0.3702110 0.2404623 0.1832166 0.2485578 0.4603975 0.2851478 0.1998224 0.4346136 0.1994505 0.1140702 0.3777682 0.1310539 0.4484066 0.4467255 0.2962853 0.2441556 0.1220630 0.4344118 0.4494917 0.1420848 0.1487675 0.1442140 0.2137288 0.2645776 0.1664075 0.1887218 0.1796274 0.4608145 0.1141188 0.0785919 0.4533041 0.0000000 0.1577242 0.1082400 0.1093629 0.0578957 0.4518082 0.0558001 0.0221474 0.4793204 0.4529937 0.3361649 0.0548827 0.1083588 0.4629363 0.1079377 0.1630495 0.4530099 0.1052340 0.3596905 0.0937254 0.3117533 0.4647064 0.1160876 0.2259116 0.2957669 0.1103614 0.1466392 0.2318788 0.3338312 0.4739202 0.1149781 0.1220630 0.2685339 0.4508610 0.0944988 0.4485304 0.3217140 0.4814428 0.1441715 0.1101518 0.1032977 0.2426297 0.3242491 0.2364265 0.3912523 0.0972811 
Perityle_gentryi_8_san_francisco           0.1308682 0.1393882 0.1137930 0.5991780 0.1425325 0.6696070 0.2491169 0.3968434 0.1651988 0.5877323 0.5439884 0.4676767 0.1301549 0.3438659 0.6669586 0.0357949 0.1274888 0.3957786 0.0898557 0.4860225 0.4467355 0.1774454 0.2358872 0.1304696 0.4729068 0.4209620 0.1381278 0.1252641 0.1410407 0.1292153 0.1746900 0.1657649 0.1540892 0.5877323 0.4736397 0.6173918 0.1122139 0.4883441 0.1577242 0.0000000 0.1291533 0.1312839 0.5473923 0.4584082 0.5473923 0.1532330 0.4718213 0.6669586 0.1842678 0.5473923 0.1317427 0.4732232 0.1195087 0.1418904 0.4564376 0.1299776 0.4174949 0.1434171 0.1492524 0.4693164 0.1250422 0.1792884 0.1992419 0.1423855 0.1426443 0.3913396 0.2088318 0.4557911 0.5473923 0.1304696 0.1258953 0.4479888 0.1253558 0.4683048 0.3555379 0.5008021 0.1585297 0.1253141 0.1239315 0.6792940 0.1796113 0.4183298 0.4218107 0.1637631 
Perityle_gilensis_22_Superstition          0.1281565 0.2346260 0.1148880 0.1757054 0.1365106 0.1746437 0.3592966 0.3367637 0.2364607 0.1329234 0.2101477 0.4382547 0.2457537 0.1247776 0.4418208 0.1577564 0.0318063 0.3821594 0.1192739 0.4266024 0.4377922 0.2558423 0.2162926 0.0223682 0.4111423 0.4210588 0.1028346 0.1147006 0.1041137 0.2144120 0.2763762 0.1351979 0.1513719 0.1297912 0.4352275 0.0759220 0.0992070 0.4340067 0.1082400 0.1291533 0.0000000 0.0108100 0.0856803 0.4338717 0.0691435 0.1026445 0.4486503 0.4510125 0.2686779 0.0808618 0.0105210 0.4373377 0.0284137 0.1012023 0.4282032 0.0861846 0.3533695 0.0459892 0.2422739 0.4343337 0.0902879 0.1928859 0.2780489 0.0343684 0.1070983 0.1744951 0.3289089 0.4581975 0.0282724 0.0223682 0.2703906 0.4288192 0.0328710 0.4388514 0.3021129 0.4602067 0.1410084 0.0411751 0.0284406 0.2017359 0.2653121 0.1898047 0.3601239 0.0672363 
Perityle_gilensis_salensis_225             0.1348357 0.2357420 0.1239980 0.1844525 0.1424147 0.1774112 0.3704978 0.3426707 0.2332263 0.1420846 0.2158132 0.4692739 0.2530430 0.1348669 0.4455043 0.1657762 0.0327233 0.3948413 0.1238241 0.4606465 0.4562889 0.2600890 0.2120493 0.0344830 0.4436356 0.4539963 0.1026255 0.1201965 0.1129540 0.2168987 0.2763243 0.1369140 0.1546144 0.1389705 0.4681028 0.0819520 0.1092100 0.4679761 0.1093629 0.1312839 0.0108100 0.0000000 0.0875006 0.4587855 0.0730660 0.1043156 0.4751742 0.4546448 0.2993462 0.0846767 0.0115124 0.4663351 0.0286330 0.1032130 0.4579656 0.0857553 0.3530790 0.0470826 0.2820912 0.4683540 0.0976525 0.1983428 0.2779245 0.0339052 0.1151454 0.2137703 0.3168497 0.4838444 0.0283066 0.0344830 0.2783527 0.4598984 0.0360955 0.4505570 0.3074160 0.4819663 0.1475266 0.0463235 0.0296862 0.1956643 0.2960901 0.1974636 0.3856139 0.0733423 
Perityle_glaucescens_94                    0.1603552 0.3572508 0.1664325 0.1776691 0.1217607 0.1899460 0.4739365 0.3366099 0.6934360 0.1645539 0.1783913 0.4276948 0.4137885 0.0857476 0.4084348 0.1923980 0.0864357 0.4013243 0.3900987 0.3797700 0.4211472 0.4276372 0.4978295 0.0821244 0.3760138 0.4198207 0.1451672 0.1490921 0.1046425 0.3623426 0.4086222 0.1171635 0.1232830 0.1604973 0.4079185 0.0774192 0.0433607 0.3772944 0.0578957 0.5473923 0.0856803 0.0875006 0.0000000 0.4170660 0.0054816 0.0646385 0.4328565 0.4165811 0.4215195 0.0065382 0.0903528 0.4060075 0.0931456 0.1262250 0.4145366 0.0000010 0.3584628 0.0736998 0.4222213 0.4238469 0.0916599 0.1927092 0.4276122 0.0841302 0.1046909 0.1116949 0.4443210 0.4604299 0.0854638 0.0821244 0.4113648 0.4170660 0.0753787 0.4147643 0.3099039 0.4251795 0.1330276 0.0943583 0.0794050 0.2167344 0.4156829 0.0859773 0.3620468 0.0939114 
Perityle_gracilis_11                       0.4554865 0.1689241 0.4467708 0.2999221 0.4321453 0.2414866 0.2890282 0.3239528 0.4782613 0.4403396 0.4641648 0.0567671 0.1656183 0.2915058 0.0112221 0.4927604 0.4693003 0.1385110 0.4821572 0.0221729 0.0593325 0.1681902 0.3638419 0.4766887 0.0314895 0.0456171 0.4574272 0.4578484 0.4810767 0.2509746 0.2448513 0.4316232 0.4379243 0.4406717 0.0212031 0.4345400 0.4779835 0.0273968 0.4518082 0.4584082 0.4338717 0.4587855 0.4170660 0.0000000 0.3657111 0.4275896 0.0512394 0.0013673 0.1604339 0.4174180 0.4313308 0.0212953 0.4619136 0.4689708 0.0138028 0.3665276 0.0683016 0.3021206 0.1797462 0.0439640 0.4039370 0.5058427 0.2718677 0.4545146 0.4844665 0.3160338 0.2885508 0.1298532 0.4626596 0.4766887 0.2682176 0.0086627 0.4268364 0.0228418 0.0471299 0.1162257 0.4853223 0.4427319 0.4592458 0.2345335 0.1540292 0.3076736 0.1020450 0.3018559 
Perityle_harkerae_31                       0.0994559 0.3513273 0.0995949 0.1732764 0.1003375 0.1844025 0.4059833 0.3289919 0.6935135 0.1016021 0.1224583 0.3740309 0.3624081 0.0731030 0.3594833 0.1321050 0.0670321 0.3951241 0.3900987 0.3632077 0.3676770 0.3797876 0.4978295 0.0669684 0.3704483 0.3721221 0.0796193 0.0924863 0.0940900 0.3550089 0.4013811 0.1078311 0.1127802 0.0973059 0.3589763 0.0733872 0.0414409 0.3600587 0.0558001 0.5473923 0.0691435 0.0730660 0.0054816 0.3657111 0.0000000 0.0613585 0.3659655 0.3657111 0.3728052 0.0018261 0.0727495 0.3607209 0.0710384 0.1114984 0.3659588 0.0000010 0.3517695 0.0693000 0.3739604 0.3728052 0.0875087 0.1354084 0.4247335 0.0651035 0.0920232 0.0976262 0.4004685 0.4054422 0.0712064 0.0669684 0.3961539 0.3657111 0.0569565 0.3661739 0.3054693 0.3764357 0.0769900 0.0772303 0.0618081 0.2067146 0.3666009 0.0819080 0.3542207 0.0897494 
