85
Amauria_brandeegeana_62                    0.0000000 0.3616808 0.0905231 0.5668325 0.1258221 0.3622131 0.5889948 0.6056212 0.5836501 0.0330319 0.2070047 0.5770587 0.1287852 0.1421111 0.4387824 0.5676794 0.6911460 0.4495670 0.2191420 0.5409740 0.5939852 0.1258740 0.4413333 0.1222924 0.1719300 0.1250277 0.2366291 0.1531149 0.1339953 0.1618428 0.1532645 0.6178627 0.5948881 0.5936581 0.5896954 0.5596788 0.5660398 0.5794685 0.1496920 0.5641713 0.1250277 0.1240162 0.1398728 0.1249330 0.5460684 0.1482818 0.1469267 0.3415910 0.1253568 0.5516413 0.1148784 0.1375163 0.1188939 0.5493743 0.7024004 0.2057916 0.1692815 0.3317970 0.1236780 0.1252304 0.1211978 0.1342514 0.2090169 0.1248711 0.5906883 0.1361436 0.5608444 0.5929629 0.1657254 0.1037043 0.1462047 0.1206687 0.1581844 0.1264897 0.1264100 1.1332240 0.1176300 0.5916992 0.1426152 0.9829599 0.5934044 0.1881493 0.1326998 0.1479427 0.1516754 
Amauria_carterae_99_mesa                   0.3616808 0.0000000 0.3226514 0.1892203 0.3541248 0.0587540 0.1479391 0.2158087 0.1515595 0.3865225 0.3525830 0.0855317 0.3514156 0.3364399 0.4974474 0.0613283 0.4638477 0.3065481 0.3568227 0.0891269 0.5079780 0.3533903 0.0683033 0.3506280 0.3403413 0.3514156 0.3583312 0.3397764 0.3419824 0.3531663 0.3580015 0.0674979 0.0751974 0.0819772 0.0745719 0.0527280 0.0638454 0.0818299 0.3407642 0.0613620 0.3514156 0.3557859 0.3608739 0.3514156 0.0710161 0.3565662 0.3624840 0.3866357 0.3533903 0.0710161 0.3450968 0.3508429 0.3505592 0.0721861 0.5158697 0.3605003 0.3242000 0.4055115 0.3525123 0.3533903 0.3097741 0.2703866 0.3661203 0.2701806 0.0968507 0.3469959 0.0834770 0.0921971 0.3192291 0.2305331 0.3550833 0.3396906 0.3682687 0.3514156 0.3565090 2.8717989 0.3443281 0.0922054 0.3529799 0.0000010 0.0855317 0.3704081 0.3614340 0.3573652 0.3519537 
Amauria_rotundifolia_SRR9119150            0.0905231 0.3226514 0.0000000 0.5486266 0.1385487 0.3401875 0.5731491 0.5521769 0.5768012 0.0971739 0.2124437 0.5415384 0.1392385 0.1479171 0.4235754 0.5572684 0.7049968 0.4484046 0.2400464 0.5194418 0.6138761 0.1374021 0.3893587 0.1355202 0.1804778 0.1350378 0.2443796 0.1585499 0.1610960 0.1893488 0.1882156 0.5821664 0.5860966 0.5689564 0.5618598 0.5341033 0.5262766 0.5596875 0.1561262 0.5430643 0.1365013 0.1509464 0.1555477 0.1364005 0.4995327 0.1517222 0.1473946 0.3523377 0.1384014 0.5233654 0.1369656 0.1427571 0.1397270 0.5203258 0.7176792 0.2284232 0.1641970 0.3235658 0.1362656 0.1367177 0.1253634 0.1167627 0.2073140 0.0975378 0.5673534 0.1485555 0.5324104 0.5953645 0.1704607 0.0938620 0.1515151 0.1337731 0.1841689 0.1407956 0.1392960 1.0663289 0.1281506 0.5923328 0.1603063 1.0309674 0.5609797 0.1923784 0.1423809 0.1509869 0.1688022 
Conoclinium_coelestinum_SRR9119114         0.5668325 0.1892203 0.5486266 0.0000000 0.5775996 0.1784849 0.1850311 0.4406427 0.4020790 0.5773229 0.5930259 0.3261403 0.5813538 0.5725935 0.5661708 0.3037891 0.7370173 0.4510647 0.6395922 0.3412244 0.6840023 0.5936176 0.3004417 0.6024274 0.5778555 0.5877390 0.6351271 0.5982099 0.5843215 0.6004743 0.5241238 0.3024989 0.3374394 0.3736220 0.3296270 0.3416732 0.3291987 0.3338233 0.6109063 0.3005388 0.5869021 0.6091009 0.5890742 0.5870316 0.3280177 0.5389114 0.6055415 0.7254098 0.5946433 0.3425250 0.6079423 0.6127486 0.5833220 0.3191659 0.7504683 0.5881217 0.5639400 0.6186503 0.5927448 0.5889623 0.4102321 0.3319701 0.5969042 0.3593292 0.3376696 0.6053382 0.3383859 0.3555739 0.5603677 0.2832016 0.5921082 0.5979794 0.5926005 0.5837122 0.5854958 1.0745720 0.4181083 0.3388640 0.5994732 0.8342247 0.3458001 0.4188688 0.5912225 0.6203465 0.5780437 
Eutetras_palmeri_63                        0.1258221 0.3541248 0.1385487 0.5775996 0.0000000 0.3479459 0.5867711 0.5658483 0.6006191 0.1316415 0.2066194 0.5737743 0.0896417 0.1279625 0.4134312 0.5682771 0.6821339 0.4678221 0.2175502 0.5504114 0.5433998 0.0928032 0.4673224 0.0945407 0.1504714 0.0883944 0.2304761 0.1357241 0.0685850 0.1642090 0.1352128 0.6032646 0.5961804 0.5858473 0.5796843 0.5696315 0.5737644 0.5815964 0.1114950 0.5616022 0.0871172 0.0973561 0.1094030 0.0883349 0.5550765 0.1095461 0.1345797 0.2805900 0.0925349 0.5636110 0.0960278 0.1275965 0.1178949 0.5495371 0.6706688 0.1742628 0.1429250 0.3366342 0.0897662 0.0911029 0.0660067 0.0661003 0.1844672 0.0853782 0.5848527 0.0742442 0.5602308 0.5659657 0.1353852 0.0769758 0.1342687 0.0970229 0.1499754 0.0909295 0.0909361 1.0732661 0.0764066 0.5691627 0.1103919 1.1121978 0.5730328 0.1333491 0.0976051 0.1316453 0.0926263 
Eutetras_pringlei_149_quer                 0.3622131 0.0587540 0.3401875 0.1784849 0.3479459 0.0000000 0.1174421 0.2256091 0.1434271 0.3706354 0.3341885 0.0968120 0.3518020 0.3355899 0.5499186 0.0673966 0.4900277 0.3190396 0.3261049 0.0839635 0.5488551 0.3476919 0.0757399 0.3513692 0.3528131 0.3518020 0.3345365 0.3281404 0.3322110 0.3364004 0.3517683 0.0798309 0.0805473 0.0847619 0.0798217 0.0673712 0.0841705 0.0843568 0.3283031 0.0674349 0.3518020 0.3517406 0.3254730 0.3518020 0.0841629 0.3342750 0.3516754 0.3486122 0.3476919 0.0841629 0.3451466 0.3204796 0.3395358 0.0672417 0.5349222 0.3497104 0.3170773 0.3644587 0.3476919 0.3476919 0.3400132 0.2951909 0.3651703 0.2979451 0.1053412 0.3268677 0.0800357 0.0930085 0.3341165 0.2455349 0.3385530 0.3451466 0.3480657 0.3518020 0.3516300 3.5878604 0.3527077 0.0973684 0.3314480 0.0000010 0.1010450 0.4155495 0.3619156 0.3392742 0.3493961 
Eutrochium_fistulosum_SRR9119106           0.5889948 0.1479391 0.5731491 0.1850311 0.5867711 0.1174421 0.0000000 0.3192653 0.2824660 0.6047687 0.6051007 0.2093835 0.5762771 0.6103176 0.5770204 0.1924834 0.7889232 0.3817169 0.5971739 0.1583693 0.7312102 0.6168064 0.1621609 0.6178855 0.5736487 0.6054181 0.6493488 0.6230742 0.5835249 0.5716439 0.5225591 0.1630633 0.1916154 0.1465361 0.1380138 0.1409182 0.1778548 0.1977173 0.5858516 0.1933417 0.6012573 0.6205394 0.6192056 0.6047123 0.1577530 0.5426945 0.6367925 0.8165441 0.6101161 0.1624329 0.6028368 0.6336720 0.6211399 0.1968688 0.7676501 0.5897124 0.5914397 0.5974230 0.6057689 0.6058858 0.5159220 0.3405302 0.5877585 0.3645498 0.2067884 0.5967966 0.1665501 0.1597800 0.5894964 0.2579986 0.6242815 0.6128856 0.5632117 0.6011057 0.6016467 1.2151604 0.4169641 0.1458839 0.6259974 0.0000010 0.1677128 0.4466445 0.6088885 0.6045091 0.5727536 
Galeana_pratensis_104_mex                  0.6056212 0.2158087 0.5521769 0.4406427 0.5658483 0.2256091 0.3192653 0.0000000 0.3067356 0.5870582 0.5680003 0.3142062 0.5993459 0.5508037 0.6024649 0.2164119 0.6506877 0.3023607 0.5567185 0.3061542 0.7000620 0.6029983 0.3087757 0.5873412 0.5462503 0.5993459 0.5358278 0.5157569 0.5401646 0.5190768 0.5114378 0.2922786 0.2936666 0.3171317 0.3018738 0.2839791 0.2975067 0.3030556 0.5380704 0.2020699 0.5927603 0.5747674 0.5815802 0.5993459 0.3101024 0.5133185 0.5495074 0.5975044 0.6029983 0.3101024 0.5613683 0.5266287 0.5596031 0.3061933 0.6782474 0.5490344 0.5062750 0.5008853 0.6029983 0.6029983 0.3891201 0.3422605 0.5392382 0.3963889 0.3246619 0.5206458 0.3121300 0.2429315 0.5331397 0.2439375 0.5120764 0.5741180 0.5266058 0.5927603 0.5927603 9.0000000 0.5088662 0.2436616 0.5426523 0.0000010 0.3246073 0.4065536 0.6048422 0.5325804 0.5315877 
Helianthus_annuus_SRR9119062               0.5836501 0.1515595 0.5768012 0.4020790 0.6006191 0.1434271 0.2824660 0.3067356 0.0000000 0.5846380 0.6243867 0.2574879 0.6220330 0.5957663 0.5667952 0.2573640 0.7795029 0.3822964 0.6981083 0.2226981 0.7135815 0.6339103 0.1848523 0.6201914 0.5952860 0.6220330 0.6516107 0.5986460 0.5622858 0.6153804 0.5509337 0.2832894 0.2439050 0.2184508 0.2434736 0.2205257 0.2492148 0.2461494 0.5733228 0.2445462 0.6176336 0.6235089 0.6224947 0.6220330 0.2562511 0.5381648 0.6147734 0.6972278 0.6289773 0.2348331 0.6052974 0.6041095 0.6162783 0.2309242 0.7704101 0.6347709 0.6008129 0.5702408 0.6278410 0.6334499 0.4543344 0.4081337 0.6064710 0.3663183 0.2537483 0.5767395 0.2425452 0.2931418 0.5986851 0.2494559 0.6160147 0.6194384 0.6126221 0.6176336 0.6248802 1.2748373 0.4920940 0.2835459 0.6264233 0.0000010 0.2411059 0.4735674 0.6343793 0.6079524 0.6133899 
Lycapsus_tenuifolius_17                    0.0330319 0.3865225 0.0971739 0.5773229 0.1316415 0.3706354 0.6047687 0.5870582 0.5846380 0.0000000 0.2192585 0.5885292 0.1356513 0.1431662 0.4425516 0.5874175 0.6675886 0.4921948 0.2097811 0.5506201 0.5725992 0.1336484 0.4384228 0.1281583 0.1827857 0.1312353 0.2104569 0.1601847 0.1424413 0.1586858 0.1331962 0.6347602 0.6130006 0.5887600 0.6007449 0.5647234 0.5708267 0.5879778 0.1436847 0.5728309 0.1296394 0.1441604 0.1430753 0.1311343 0.5534832 0.1405664 0.1455880 0.3560882 0.1347002 0.5700231 0.1301216 0.1376074 0.1258268 0.5523786 0.6783515 0.2045238 0.1697832 0.2997798 0.1324171 0.1329536 0.1151168 0.1164323 0.2152089 0.1017317 0.6026042 0.1409959 0.5690740 0.6353672 0.1664223 0.0988827 0.1447806 0.1264994 0.1550041 0.1312284 0.1341423 1.1386543 0.1023438 0.6373492 0.1543560 1.0261406 0.5880212 0.1670330 0.1402883 0.1403637 0.1518545 
Pericome_caudata_50_silver                 0.2070047 0.3525830 0.2124437 0.5930259 0.2066194 0.3341885 0.6051007 0.5680003 0.6243867 0.2192585 0.0000000 0.6153046 0.2114504 0.1901201 0.4410687 0.6056470 0.7457992 0.4693133 0.2886939 0.5840530 0.5752082 0.2156005 0.4847218 0.2216858 0.2304794 0.2060713 0.2929066 0.2405010 0.2186356 0.2348239 0.1878619 0.5988640 0.6280930 0.5817487 0.6228435 0.5903523 0.6109810 0.6353059 0.2190231 0.5898166 0.2061512 0.2272107 0.2339921 0.2076691 0.5803253 0.1818923 0.2287939 0.4600705 0.2127871 0.5893364 0.2222757 0.2256382 0.2079340 0.5948400 0.6908028 0.2687594 0.2327727 0.3292302 0.2021402 0.2129476 0.1048437 0.1059943 0.2675835 0.0866996 0.6339113 0.2214225 0.5986447 0.6315457 0.1965973 0.0795753 0.2150211 0.2195881 0.2296890 0.2093597 0.2124588 1.1627327 0.0967015 0.6393193 0.2270796 1.0016174 0.6345554 0.1600896 0.2055855 0.2437492 0.2431354 
Perityle_aglossa_84_dead_horse             0.5770587 0.0855317 0.5415384 0.3261403 0.5737743 0.0968120 0.2093835 0.3142062 0.2574879 0.5885292 0.6153046 0.0000000 0.5984998 0.5862005 0.6357305 0.0433406 0.7957741 0.3337291 0.6460509 0.0467465 0.7349944 0.5945979 0.0595797 0.5937904 0.5924826 0.5939661 0.6583953 0.5922833 0.5580380 0.5755434 0.5120894 0.1340222 0.0978635 0.0789704 0.0223032 0.0553503 0.0515597 0.0372158 0.5467459 0.0446192 0.5940888 0.6056672 0.5809550 0.5934048 0.0385238 0.5193702 0.6065279 0.7632592 0.5969100 0.0402930 0.5853536 0.5940458 0.5902956 0.0463806 0.8156031 0.6260799 0.5717339 0.6394894 0.5889813 0.5892972 0.4676054 0.3758484 0.6092199 0.3228938 0.0170396 0.5758630 0.0583598 0.1064587 0.5849275 0.2502092 0.5945667 0.5937831 0.5803574 0.5990200 0.5935296 1.4101313 0.4376835 0.1043566 0.5849156 1.4391162 0.0150461 0.4960670 0.5971704 0.5924383 0.5713581 
Perityle_ajoensis_204                      0.1287852 0.3514156 0.1392385 0.5813538 0.0896417 0.3518020 0.5762771 0.5993459 0.6220330 0.1356513 0.2114504 0.5984998 0.0000000 0.0923525 0.4182663 0.6093736 0.7061986 0.4582368 0.2347377 0.5664912 0.5486247 0.0071745 0.4523335 0.0508724 0.1255332 0.0035722 0.2173606 0.1483124 0.0979803 0.1496806 0.1076700 0.6012991 0.6187184 0.6051863 0.6015958 0.5804266 0.5857256 0.6192436 0.0888872 0.5904026 0.0047654 0.0640403 0.1260183 0.0035698 0.5575590 0.0922719 0.1365184 0.1945097 0.0071840 0.5788161 0.0619601 0.1278222 0.0977109 0.5831646 0.6726323 0.1730623 0.1397794 0.3085791 0.0048565 0.0059729 0.0800163 0.0741156 0.1905454 0.0788402 0.6216544 0.0995865 0.5822709 0.6037773 0.1392832 0.0541362 0.1403401 0.0520866 0.1354567 0.0083569 0.0071600 1.1493687 0.0027001 0.5978618 0.1303372 1.0890451 0.6011246 0.1312841 0.0122087 0.1412393 0.1218030 
Perityle_ambrosiifolia_67_green            0.1421111 0.3364399 0.1479171 0.5725935 0.1279625 0.3355899 0.6103176 0.5508037 0.5957663 0.1431662 0.1901201 0.5862005 0.0923525 0.0000000 0.3964048 0.5639297 0.7144630 0.4219811 0.2425799 0.5753971 0.5583393 0.0912108 0.4311090 0.1124311 0.0143329 0.0879217 0.1689103 0.0901656 0.1274966 0.1690048 0.1230431 0.5914526 0.5728177 0.5624152 0.5637187 0.5445530 0.5782473 0.5832431 0.1231621 0.5623438 0.0892469 0.1112039 0.1196456 0.0865168 0.5578253 0.1080869 0.0613267 0.3237234 0.0908578 0.5527462 0.1123017 0.0705678 0.0615209 0.5460078 0.6731763 0.1213481 0.1059457 0.3227879 0.0893646 0.0907710 0.0775510 0.0677919 0.1576824 0.0602521 0.5781113 0.1277513 0.5463941 0.5659832 0.1477173 0.0549724 0.0603284 0.1135638 0.1624949 0.0905891 0.0905961 1.2049940 0.0333662 0.5634451 0.1111455 1.2521651 0.5720834 0.1311926 0.0949142 0.1614522 0.1467357 
Perityle_angustifolia_13_Eagle_creek       0.4387824 0.4974474 0.4235754 0.5661708 0.4134312 0.5499186 0.5770204 0.6024649 0.5667952 0.4425516 0.4410687 0.6357305 0.4182663 0.3964048 0.0000000 0.6204493 0.1312149 0.8585218 0.3739872 0.6145382 0.1396571 0.4196352 0.5678308 0.4427271 0.4407858 0.4182663 0.4276424 0.4268377 0.4066448 0.4451875 0.4535862 0.5911136 0.6073131 0.6091813 0.6114636 0.5821190 0.5980731 0.6482367 0.4348549 0.6121170 0.4182663 0.4514385 0.4177276 0.4182663 0.6063357 0.4523153 0.4352432 0.4172491 0.4196352 0.6237763 0.4425110 0.4195430 0.4005298 0.6118888 0.1126917 0.4030741 0.4193607 0.4120498 0.3968308 0.4196352 0.4110760 0.3832273 0.4321771 0.3863118 0.6436777 0.4339954 0.6261603 0.6224564 0.4008440 0.3836273 0.4032920 0.4419604 0.4234844 0.4182663 0.4128401 0.2353747 0.3954724 0.6320784 0.4024143 0.0000010 0.6429709 0.3706367 0.4093095 0.4349807 0.4100841 
Perityle_batopilensis_97                   0.5676794 0.0613283 0.5572684 0.3037891 0.5682771 0.0673966 0.1924834 0.2164119 0.2573640 0.5874175 0.6056470 0.0433406 0.6093736 0.5639297 0.6204493 0.0000000 0.8009695 0.3462912 0.5981050 0.0535435 0.7066299 0.5988431 0.0741318 0.5906147 0.5970199 0.5989430 0.6636275 0.5803333 0.5475360 0.5509745 0.4626362 0.1175869 0.1085313 0.0807213 0.0313733 0.0626009 0.0517178 0.0512138 0.5617676 0.0120438 0.5990654 0.6090947 0.5709103 0.5958898 0.0418281 0.5323632 0.5977784 0.7616701 0.6053972 0.0430067 0.5910035 0.5895452 0.5581076 0.0432858 0.8365755 0.6368925 0.5436841 0.5507405 0.5849952 0.5969816 0.4485446 0.3585116 0.5922036 0.2797241 0.0469022 0.5649686 0.0562546 0.1446746 0.5970618 0.2491669 0.5660239 0.5900513 0.5547739 0.6039648 0.5961157 1.3412109 0.3876255 0.1407604 0.5730551 1.3190839 0.0453297 0.4837984 0.5923691 0.6045041 0.5367139 
Perityle_bisetosa_9                        0.6911460 0.4638477 0.7049968 0.7370173 0.6821339 0.4900277 0.7889232 0.6506877 0.7795029 0.6675886 0.7457992 0.7957741 0.7061986 0.7144630 0.1312149 0.8009695 0.0000000 0.7930482 0.7521086 0.7626745 0.0784198 0.7103229 0.5939363 0.6922036 0.7377086 0.7006197 0.7638349 0.7064913 0.6761048 0.7146621 0.5731995 0.8149705 0.8345130 0.7871398 0.7771655 0.7473867 0.8181649 0.8089761 0.7485396 0.7977595 0.7017518 0.7080677 0.7039935 0.7043282 0.7815478 0.7099266 0.7035862 0.7705038 0.7103794 0.7754693 0.7098622 0.6978305 0.6716537 0.7537001 0.0777148 0.7274991 0.6544944 0.5710624 0.6947331 0.7091032 0.5316710 0.3439652 0.7352496 0.3672829 0.7925185 0.7253084 0.7617773 0.7591408 0.7160358 0.3557381 0.7235386 0.7018668 0.7086769 0.6957367 0.6997471 0.3633933 0.4309892 0.8108091 0.7024570 0.0380054 0.7584002 0.4399578 0.7052824 0.7240474 0.6778844 
Perityle_californica_76_positas            0.4495670 0.3065481 0.4484046 0.4510647 0.4678221 0.3190396 0.3817169 0.3023607 0.3822964 0.4921948 0.4693133 0.3337291 0.4582368 0.4219811 0.8585218 0.3462912 0.7930482 0.0000000 0.5075340 0.3238331 0.7788534 0.4475735 0.3238331 0.4582368 0.4389614 0.4582368 0.4783329 0.4425987 0.4426545 0.4544686 0.4687864 0.3270210 0.3081166 0.3467124 0.3475215 0.3332775 0.4132793 0.3485201 0.4664474 0.3186126 0.4605883 0.4749161 0.4716277 0.4582368 0.4132793 0.5198274 0.4590571 0.4582368 0.4475735 0.4132793 0.4438285 0.4574374 0.4342892 0.3332775 0.7745833 0.4161918 0.4342892 0.5453572 0.4475735 0.4475735 0.4861686 0.4522640 0.3768734 0.4358755 0.3341219 0.4426545 0.3324610 0.3734578 0.4157908 0.4407217 0.4328119 0.4431157 0.4681881 0.4449366 0.4582368 2.2469195 0.4354295 0.3755095 0.4453642 1.9455837 0.3337291 0.4906592 0.4505859 0.4311556 0.4651911 
Perityle_canescens_77                      0.2191420 0.3568227 0.2400464 0.6395922 0.2175502 0.3261049 0.5971739 0.5567185 0.6981083 0.2097811 0.2886939 0.6460509 0.2347377 0.2425799 0.3739872 0.5981050 0.7521086 0.5075340 0.0000000 0.6237586 0.5659707 0.2393867 0.4662740 0.2237714 0.2445993 0.2349528 0.2556897 0.2359530 0.1873337 0.2819899 0.1508258 0.6759735 0.6346202 0.6281360 0.6327573 0.6173448 0.6159423 0.6224623 0.2449283 0.5957362 0.2329789 0.2219842 0.2432480 0.2328539 0.6164275 0.2100188 0.2423230 0.4632421 0.2350066 0.6146983 0.2231274 0.2344221 0.2198637 0.5520683 0.7062187 0.2577186 0.2192769 0.3823476 0.2371753 0.2371149 0.0691788 0.0245341 0.2685144 0.0709518 0.6427636 0.2284235 0.5580057 0.6200034 0.2712564 0.0630512 0.2460651 0.2232086 0.2718386 0.2349060 0.2368101 2.9808818 0.0678804 0.6142527 0.2132434 8.9999984 0.6552346 0.1201430 0.2378177 0.2451364 0.2177049 
Perityle_castillonii_96                    0.5409740 0.0891269 0.5194418 0.3412244 0.5504114 0.0839635 0.1583693 0.3061542 0.2226981 0.5506201 0.5840530 0.0467465 0.5664912 0.5753971 0.6145382 0.0535435 0.7626745 0.3238331 0.6237586 0.0000000 0.6571982 0.5622921 0.0412920 0.5668062 0.5781930 0.5664912 0.6274028 0.5750337 0.5048893 0.5410299 0.4575314 0.1334365 0.1075915 0.0834443 0.0308503 0.0636103 0.0507112 0.0135649 0.5350990 0.0555574 0.5630252 0.5738461 0.5540002 0.5664912 0.0450567 0.5060231 0.5806437 0.6661641 0.5707017 0.0451071 0.5584410 0.5701773 0.5695440 0.0414921 0.7691727 0.5828686 0.5224585 0.6042126 0.5609504 0.5652311 0.4007888 0.3613463 0.6121030 0.3191387 0.0465994 0.5517448 0.0476974 0.1186153 0.5348479 0.2509843 0.5683621 0.5566303 0.5503450 0.5699715 0.5703131 1.3739368 0.4218365 0.1205679 0.5555730 1.6301721 0.0473644 0.4730020 0.5674895 0.5534716 0.5400478 
Perityle_cernua_84                         0.5939852 0.5079780 0.6138761 0.6840023 0.5433998 0.5488551 0.7312102 0.7000620 0.7135815 0.5725992 0.5752082 0.7349944 0.5486247 0.5583393 0.1396571 0.7066299 0.0784198 0.7788534 0.5659707 0.6571982 0.0000000 0.5531600 0.6029669 0.5415729 0.5861321 0.5486247 0.5675021 0.5480357 0.5415736 0.5670906 0.5771008 0.7580883 0.7591630 0.6937243 0.7070072 0.7027808 0.7529703 0.7133283 0.5692193 0.7057278 0.5442772 0.5504768 0.5760185 0.5486247 0.7038877 0.5538620 0.5620176 0.6196504 0.5545824 0.6772153 0.5537384 0.5542524 0.5450071 0.7357394 0.0903942 0.5663308 0.5589363 0.4404929 0.5454324 0.5501953 0.5018943 0.3460577 0.5980701 0.3797538 0.7389422 0.5665483 0.7476419 0.6547356 0.5523736 0.3736238 0.5655547 0.5457719 0.5509820 0.5440950 0.5442772 0.8410021 0.4386399 0.7236931 0.5331277 0.0000010 0.6786183 0.4281028 0.5620149 0.5627863 0.5674246 
Perityle_cfvillosa_25_tin                  0.1258740 0.3533903 0.1374021 0.5936176 0.0928032 0.3476919 0.6168064 0.6029983 0.6339103 0.1336484 0.2156005 0.5945979 0.0071745 0.0912108 0.4196352 0.5988431 0.7103229 0.4475735 0.2393867 0.5622921 0.5531600 0.0000000 0.4446964 0.0508130 0.1263979 0.0056782 0.2142277 0.1416554 0.1051229 0.1499544 0.1101771 0.6124784 0.6232474 0.6105222 0.6006381 0.5786598 0.5888404 0.6121925 0.0959891 0.5808093 0.0068172 0.0646082 0.1275558 0.0056746 0.5563885 0.0983639 0.1305698 0.2117709 0.0068319 0.5761415 0.0613120 0.1196815 0.0940836 0.5765784 0.6778718 0.1697564 0.1400929 0.3079776 0.0046144 0.0056798 0.0840309 0.0778036 0.1945442 0.0828335 0.6153415 0.1036149 0.5781198 0.6047694 0.1445000 0.0588481 0.1326406 0.0507120 0.1357044 0.0102442 0.0091022 1.1473791 0.0081470 0.5988753 0.1329789 1.0733681 0.5966769 0.1386120 0.0115992 0.1436692 0.1237182 
Perityle_cinerea_113_Powell1310            0.4413333 0.0683033 0.3893587 0.3004417 0.4673224 0.0757399 0.1621609 0.3087757 0.1848523 0.4384228 0.4847218 0.0595797 0.4523335 0.4311090 0.5678308 0.0741318 0.5939363 0.3238331 0.4662740 0.0412920 0.6029669 0.4446964 0.0000000 0.4519011 0.4330835 0.4523335 0.4162048 0.4138260 0.4399088 0.4459128 0.4023951 0.0957116 0.0916317 0.0885072 0.0412624 0.0534161 0.0533868 0.0414342 0.4250577 0.0703453 0.4571342 0.4568019 0.4542547 0.4523335 0.0533196 0.3787415 0.4508521 0.4555549 0.4446964 0.0533196 0.4361367 0.4167368 0.4326739 0.0503229 0.5997933 0.4536838 0.3773493 0.4731597 0.4446964 0.4446964 0.3194738 0.3014380 0.4336010 0.2948658 0.0534695 0.4486683 0.0597218 0.1182930 0.4232213 0.2327144 0.4455069 0.4464642 0.4522930 0.4571342 0.4571342 2.3537664 0.3651018 0.1258162 0.4546875 9.0000000 0.0565226 0.3984999 0.4577228 0.4419684 0.4390561 
Perityle_coahuilensis_24                   0.1222924 0.3506280 0.1355202 0.6024274 0.0945407 0.3513692 0.6178855 0.5873412 0.6201914 0.1281583 0.2216858 0.5937904 0.0508724 0.1124311 0.4427271 0.5906147 0.6922036 0.4582368 0.2237714 0.5668062 0.5415729 0.0508130 0.4519011 0.0000000 0.1422126 0.0493562 0.1993485 0.1205378 0.1071558 0.1541647 0.1261836 0.6388544 0.6202794 0.5992300 0.6060943 0.5924672 0.5774523 0.6049999 0.1017068 0.5740043 0.0481461 0.0231521 0.1270247 0.0493239 0.5654264 0.1017539 0.1151496 0.2436694 0.0531626 0.5809995 0.0254971 0.1070553 0.0731537 0.5763224 0.6556214 0.1650208 0.1206967 0.3148331 0.0515021 0.0518630 0.0935021 0.0706593 0.1870484 0.0710843 0.6072153 0.1056069 0.5783287 0.6014224 0.1481945 0.0540691 0.1168152 0.0183802 0.1414216 0.0517675 0.0529867 1.1084856 0.0274532 0.6015531 0.1310623 1.0456635 0.6060033 0.1487465 0.0590173 0.1387045 0.1072803 
Perityle_cochisensis_44_cave_creek         0.1719300 0.3403413 0.1804778 0.5778555 0.1504714 0.3528131 0.5736487 0.5462503 0.5952860 0.1827857 0.2304794 0.5924826 0.1255332 0.0143329 0.4407858 0.5970199 0.7377086 0.4389614 0.2445993 0.5781930 0.5861321 0.1263979 0.4330835 0.1422126 0.0000000 0.1232564 0.2105951 0.1179012 0.1459420 0.1742050 0.1341522 0.6019555 0.6027309 0.5805997 0.5985760 0.5805759 0.5791157 0.6126304 0.1537594 0.5750154 0.1246570 0.1460041 0.1471421 0.1203421 0.5636581 0.1419368 0.0923542 0.3223924 0.1264037 0.5896066 0.1449863 0.1007941 0.0639214 0.5881345 0.7146258 0.1553441 0.1104602 0.3403082 0.1196139 0.1263481 0.0806763 0.0819964 0.1506374 0.0721119 0.6060156 0.1534279 0.5921687 0.6105006 0.1752480 0.0647206 0.0848226 0.1420148 0.1694262 0.1289261 0.1275288 1.2206724 0.0452388 0.6072965 0.1396937 1.2684771 0.5901060 0.1392856 0.1256178 0.1891902 0.1514427 
Perityle_congesta_202                      0.1250277 0.3514156 0.1350378 0.5877390 0.0883944 0.3518020 0.6054181 0.5993459 0.6220330 0.1312353 0.2060713 0.5939661 0.0035722 0.0879217 0.4182663 0.5989430 0.7006197 0.4582368 0.2349528 0.5664912 0.5486247 0.0056782 0.4523335 0.0493562 0.1232564 0.0000000 0.2146128 0.1395169 0.1030850 0.1497998 0.1076700 0.6012991 0.6173564 0.5997314 0.5976168 0.5730523 0.5807646 0.6114669 0.0915749 0.5832568 0.0033817 0.0630557 0.1227067 0.0022519 0.5527287 0.0935806 0.1298944 0.2080851 0.0056628 0.5723318 0.0598002 0.1204122 0.0935570 0.5796314 0.6689004 0.1695897 0.1378767 0.3112252 0.0034421 0.0045196 0.0812150 0.0741156 0.1889939 0.0788402 0.6145963 0.1004442 0.5749987 0.5944193 0.1395111 0.0541362 0.1319369 0.0492587 0.1355645 0.0067767 0.0056449 1.1406586 0.0027001 0.5901027 0.1308082 1.0733681 0.5925904 0.1312841 0.0103824 0.1399763 0.1219091 
Perityle_cordifolia_27                     0.2366291 0.3583312 0.2443796 0.6351271 0.2304761 0.3345365 0.6493488 0.5358278 0.6516107 0.2104569 0.2929066 0.6583953 0.2173606 0.1689103 0.4276424 0.6636275 0.7638349 0.4783329 0.2556897 0.6274028 0.5675021 0.2142277 0.4162048 0.1993485 0.2105951 0.2146128 0.0000000 0.1480552 0.2317689 0.2586428 0.1535709 0.6421273 0.6847649 0.6849325 0.6773095 0.6554593 0.6701677 0.6735208 0.2420434 0.6535612 0.2142690 0.2123897 0.2185873 0.2144495 0.6474408 0.2369198 0.1507957 0.4775830 0.2167378 0.6723593 0.2081622 0.1235353 0.1031375 0.6055194 0.7481920 0.2637703 0.0896728 0.3435534 0.2174048 0.2165233 0.1007498 0.0814999 0.1771687 0.0276231 0.6814027 0.2234665 0.6033289 0.7210086 0.2480205 0.0407357 0.1533780 0.2003645 0.2490258 0.2161346 0.2192284 1.5316871 0.0777999 0.7053169 0.2277209 1.5609842 0.6794446 0.1610532 0.2225839 0.2359779 0.1819173 
Perityle_cordifolia_68_tecolote            0.1531149 0.3397764 0.1585499 0.5982099 0.1357241 0.3281404 0.6230742 0.5157569 0.5986460 0.1601847 0.2405010 0.5922833 0.1483124 0.0901656 0.4268377 0.5803333 0.7064913 0.4425987 0.2359530 0.5750337 0.5480357 0.1416554 0.4138260 0.1205378 0.1179012 0.1395169 0.1480552 0.0000000 0.1398903 0.1833742 0.1449267 0.6073396 0.6080345 0.6007441 0.5940657 0.5877058 0.5621702 0.5843866 0.1569338 0.5669726 0.1422502 0.1263268 0.1384102 0.1408118 0.5660197 0.1433453 0.0572223 0.3457586 0.1455239 0.5806000 0.1231132 0.0399952 0.0566206 0.5571114 0.6675339 0.1623019 0.0208420 0.3236859 0.1375912 0.1439052 0.1062785 0.0778435 0.1488940 0.0382652 0.5986108 0.1513066 0.5557232 0.5975822 0.1650621 0.0359614 0.0560353 0.1242461 0.1768386 0.1463416 0.1450060 1.1110127 0.0834973 0.5946613 0.1313913 0.9529466 0.5940126 0.1524446 0.1433702 0.1741980 0.1356124 
Perityle_coronopifolia_28_patagonia        0.1339953 0.3419824 0.1610960 0.5843215 0.0685850 0.3322110 0.5835249 0.5401646 0.5622858 0.1424413 0.2186356 0.5580380 0.0979803 0.1274966 0.4066448 0.5475360 0.6761048 0.4426545 0.1873337 0.5048893 0.5415736 0.1051229 0.4399088 0.1071558 0.1459420 0.1030850 0.2317689 0.1398903 0.0000000 0.1494264 0.1332006 0.5627202 0.5684549 0.5362171 0.5571717 0.5322360 0.5366293 0.5760317 0.1210557 0.5310105 0.1017138 0.1117388 0.1028210 0.1030111 0.5180980 0.1224428 0.1454291 0.3051595 0.1061556 0.5237491 0.1071748 0.1365674 0.1138691 0.5458757 0.6619557 0.1610735 0.1312115 0.3003372 0.0951971 0.1060183 0.0643269 0.0662887 0.1619231 0.0671207 0.5715100 0.0508019 0.5537287 0.5434651 0.1472661 0.0584688 0.1358001 0.1069824 0.1392240 0.1030790 0.1057661 1.2598654 0.0708090 0.5520558 0.1138024 1.0421242 0.5326846 0.1067783 0.1022648 0.1393584 0.1005988 
Perityle_crassifolia_70_ventanas           0.1618428 0.3531663 0.1893488 0.6004743 0.1642090 0.3364004 0.5716439 0.5190768 0.6153804 0.1586858 0.2348239 0.5755434 0.1496806 0.1690048 0.4451875 0.5509745 0.7146621 0.4544686 0.2819899 0.5410299 0.5670906 0.1499544 0.4459128 0.1541647 0.1742050 0.1497998 0.2586428 0.1833742 0.1494264 0.0000000 0.0290880 0.6213940 0.5680932 0.5702646 0.5550197 0.5392880 0.5750893 0.5494189 0.1461094 0.5467843 0.1465602 0.1542223 0.1767496 0.1481189 0.5611183 0.1453578 0.1821339 0.3455607 0.1533938 0.5545567 0.1492489 0.1786254 0.1616782 0.5222165 0.7108054 0.1909445 0.1847198 0.3562302 0.1515506 0.1532320 0.1171802 0.1148959 0.2362364 0.1151057 0.5600707 0.1635738 0.5343193 0.5672991 0.1842514 0.1027659 0.1880542 0.1555275 0.0276879 0.1513177 0.1511189 1.2811464 0.1056656 0.5667623 0.1567631 2.9729677 0.5578709 0.1807390 0.1565402 0.1642425 0.1714813 
Perityle_crassifolia_74_playa_balandra     0.1532645 0.3580015 0.1882156 0.5241238 0.1352128 0.3517683 0.5225591 0.5114378 0.5509337 0.1331962 0.1878619 0.5120894 0.1076700 0.1230431 0.4535862 0.4626362 0.5731995 0.4687864 0.1508258 0.4575314 0.5771008 0.1101771 0.4023951 0.1261836 0.1341522 0.1076700 0.1535709 0.1449267 0.1332006 0.0290880 0.0000000 0.5212175 0.4867374 0.4652469 0.4844371 0.4681915 0.4935079 0.4813902 0.1170784 0.4530312 0.1076700 0.1262615 0.1577535 0.1076700 0.4747854 0.1138752 0.1604005 0.2946107 0.1126876 0.4650740 0.1236328 0.1504171 0.1274886 0.4854920 0.5756196 0.1532476 0.1528331 0.2760945 0.1127292 0.1103227 0.1177374 0.1081398 0.1747395 0.1273160 0.5064960 0.1359863 0.4884052 0.4856625 0.1687386 0.1079557 0.1588982 0.1189729 0.0143530 0.1100211 0.1123931 2.2256679 0.1059409 0.4924597 0.1312704 0.0000010 0.4907670 0.1791079 0.1177853 0.1519187 0.1479415 
Perityle_cuneata_34_cuneata_San_antonio    0.6178627 0.0674979 0.5821664 0.3024989 0.6032646 0.0798309 0.1630633 0.2922786 0.2832894 0.6347602 0.5988640 0.1340222 0.6012991 0.5914526 0.5911136 0.1175869 0.8149705 0.3270210 0.6759735 0.1334365 0.7580883 0.6124784 0.0957116 0.6388544 0.6019555 0.6012991 0.6421273 0.6073396 0.5627202 0.6213940 0.5212175 0.0000000 0.0761041 0.1291364 0.1166391 0.1063591 0.1290430 0.1265617 0.5675285 0.1112738 0.6044783 0.6375229 0.6033787 0.6012991 0.1236622 0.5290435 0.6188817 0.7276290 0.6107737 0.1217553 0.6226997 0.6063534 0.6055410 0.1002807 0.8281692 0.6375016 0.5766085 0.6080022 0.6023771 0.6068259 0.4298847 0.3723506 0.6106630 0.3212514 0.1355036 0.5875303 0.1130681 0.1488467 0.5795811 0.2371553 0.6087663 0.6273539 0.6271288 0.6043215 0.6014588 1.6882930 0.4527206 0.1444036 0.6122093 9.0000000 0.1321981 0.4767990 0.6092970 0.6203166 0.6086506 
Perityle_cuneata_4                         0.5948881 0.0751974 0.5860966 0.3374394 0.5961804 0.0805473 0.1916154 0.2936666 0.2439050 0.6130006 0.6280930 0.0978635 0.6187184 0.5728177 0.6073131 0.1085313 0.8345130 0.3081166 0.6346202 0.1075915 0.7591630 0.6232474 0.0916317 0.6202794 0.6027309 0.6173564 0.6847649 0.6080345 0.5684549 0.5680932 0.4867374 0.0761041 0.0000000 0.1084224 0.1014130 0.0910370 0.0894878 0.1124813 0.5679646 0.0942604 0.6225962 0.6239891 0.6057357 0.6143955 0.0971357 0.5405455 0.6163475 0.7602618 0.6216112 0.1081842 0.6176054 0.6053922 0.5684566 0.0999016 0.8774736 0.6508228 0.5552118 0.6212966 0.6085139 0.6205466 0.4477085 0.3685863 0.5901352 0.3125034 0.1117862 0.5864810 0.1124131 0.1614976 0.5839275 0.2442140 0.5890950 0.6143790 0.5715663 0.6216682 0.6168020 1.3675146 0.4131998 0.1561520 0.6048576 1.4496346 0.1054694 0.4734340 0.6165349 0.6248932 0.5575095 
Perityle_discoidea_81                      0.5936581 0.0819772 0.5689564 0.3736220 0.5858473 0.0847619 0.1465361 0.3171317 0.2184508 0.5887600 0.5817487 0.0789704 0.6051863 0.5624152 0.6091813 0.0807213 0.7871398 0.3467124 0.6281360 0.0834443 0.6937243 0.6105222 0.0885072 0.5992300 0.5805997 0.5997314 0.6849325 0.6007441 0.5362171 0.5702646 0.4652469 0.1291364 0.1084224 0.0000000 0.0634910 0.0689496 0.0686576 0.0774751 0.5489911 0.0855740 0.6005760 0.6062131 0.5895999 0.5966660 0.0689931 0.5148225 0.6147960 0.6863317 0.6105957 0.0701646 0.5966823 0.6050936 0.5695504 0.0747294 0.8422141 0.6275495 0.5279129 0.6136490 0.6007714 0.6050677 0.3630331 0.3618208 0.5816758 0.3170257 0.0843669 0.5634695 0.0808462 0.1351420 0.5662325 0.2496931 0.5922304 0.5956892 0.5776536 0.6031646 0.6035139 1.4474046 0.4054694 0.1350610 0.5910044 1.6012974 0.0786853 0.4319404 0.6109327 0.6033132 0.5512944 
Perityle_dissecta_201                      0.5896954 0.0745719 0.5618598 0.3296270 0.5796843 0.0798217 0.1380138 0.3018738 0.2434736 0.6007449 0.6228435 0.0223032 0.6015958 0.5637187 0.6114636 0.0313733 0.7771655 0.3475215 0.6327573 0.0308503 0.7070072 0.6006381 0.0412624 0.6060943 0.5985760 0.5976168 0.6773095 0.5940657 0.5571717 0.5550197 0.4844371 0.1166391 0.1014130 0.0634910 0.0000000 0.0482858 0.0327822 0.0361529 0.5527521 0.0357065 0.5977451 0.6256594 0.5930956 0.5944144 0.0253674 0.5301714 0.6086404 0.7155552 0.6043848 0.0266346 0.6092477 0.5926845 0.5702479 0.0359098 0.8129272 0.6458095 0.5427457 0.6104051 0.5829564 0.5960475 0.4347029 0.3597029 0.5915848 0.2998328 0.0289223 0.5819769 0.0471422 0.1389184 0.5900650 0.2439613 0.5830310 0.6032143 0.5606529 0.6028870 0.5972659 1.2856031 0.4169736 0.1318237 0.5962310 1.3902189 0.0268071 0.4789308 0.5915174 0.6120051 0.5507880 
Perityle_emoryi_47_punta_san_jose          0.5596788 0.0527280 0.5341033 0.3416732 0.5696315 0.0673712 0.1409182 0.2839791 0.2205257 0.5647234 0.5903523 0.0553503 0.5804266 0.5445530 0.5821190 0.0626009 0.7473867 0.3332775 0.6173448 0.0636103 0.7027808 0.5786598 0.0534161 0.5924672 0.5805759 0.5730523 0.6554593 0.5877058 0.5322360 0.5392880 0.4681915 0.1063591 0.0910370 0.0689496 0.0482858 0.0000000 0.0533075 0.0688256 0.5358102 0.0697957 0.5737798 0.5989871 0.5706006 0.5761151 0.0481289 0.5061147 0.5914259 0.6919772 0.5864903 0.0480222 0.5731098 0.5807016 0.5635552 0.0360749 0.7765136 0.6371272 0.5268844 0.6000627 0.5690474 0.5746819 0.4132070 0.3421652 0.5837734 0.2988873 0.0637913 0.5472332 0.0478568 0.1223629 0.5659161 0.2315860 0.5722007 0.5854491 0.5476972 0.5759827 0.5731852 1.3688707 0.3993524 0.1231066 0.5590286 1.3157010 0.0565245 0.4458046 0.5779989 0.6028622 0.5369452 
Perityle_feddemae_99                       0.5660398 0.0638454 0.5262766 0.3291987 0.5737644 0.0841705 0.1778548 0.2975067 0.2492148 0.5708267 0.6109810 0.0515597 0.5857256 0.5782473 0.5980731 0.0517178 0.8181649 0.4132793 0.6159423 0.0507112 0.7529703 0.5888404 0.0533868 0.5774523 0.5791157 0.5807646 0.6701677 0.5621702 0.5366293 0.5750893 0.4935079 0.1290430 0.0894878 0.0686576 0.0327822 0.0533075 0.0000000 0.0509130 0.5470845 0.0532806 0.5808847 0.5799883 0.5766386 0.5802199 0.0219241 0.5090294 0.5851135 0.7416384 0.5889040 0.0210227 0.5664848 0.5755449 0.5746944 0.0396194 0.8181531 0.6176426 0.5374109 0.6054668 0.5810411 0.5840312 0.4607332 0.3542659 0.5975728 0.2978857 0.0536496 0.5689628 0.0544447 0.0937768 0.5779778 0.2356021 0.5725814 0.5714653 0.5764037 0.5857728 0.5790356 1.3570671 0.4079133 0.0930568 0.5668898 1.3059515 0.0474134 0.4675976 0.5891558 0.5887906 0.5536584 
Perityle_fosteri_93                        0.5794685 0.0818299 0.5596875 0.3338233 0.5815964 0.0843568 0.1977173 0.3030556 0.2461494 0.5879778 0.6353059 0.0372158 0.6192436 0.5832431 0.6482367 0.0512138 0.8089761 0.3485201 0.6224623 0.0135649 0.7133283 0.6121925 0.0414342 0.6049999 0.6126304 0.6114669 0.6735208 0.5843866 0.5760317 0.5494189 0.4813902 0.1265617 0.1124813 0.0774751 0.0361529 0.0688256 0.0509130 0.0000000 0.5616970 0.0440218 0.6115855 0.6169784 0.6031507 0.6085315 0.0350717 0.5390122 0.6119177 0.7752894 0.6177142 0.0477254 0.6011327 0.5952645 0.5807740 0.0559330 0.8388454 0.6385798 0.5504849 0.6161381 0.5957525 0.6095944 0.4549106 0.3597029 0.6081505 0.3067079 0.0474481 0.5944423 0.0694031 0.1659897 0.5899256 0.2504893 0.5872292 0.6049896 0.5508069 0.6162785 0.6109211 1.4262284 0.4183079 0.1620099 0.5946526 1.5390741 0.0413830 0.4701083 0.6036070 0.6225611 0.5582671 
Perityle_gamon_221                         0.1496920 0.3407642 0.1561262 0.6109063 0.1114950 0.3283031 0.5858516 0.5380704 0.5733228 0.1436847 0.2190231 0.5467459 0.0888872 0.1231621 0.4348549 0.5617676 0.7485396 0.4664474 0.2449283 0.5350990 0.5692193 0.0959891 0.4250577 0.1017068 0.1537594 0.0915749 0.2420434 0.1569338 0.1210557 0.1461094 0.1170784 0.5675285 0.5679646 0.5489911 0.5527521 0.5358102 0.5470845 0.5616970 0.0000000 0.5437707 0.0903014 0.1112879 0.1358660 0.0915135 0.5243126 0.0097418 0.1400702 0.2994474 0.0957130 0.5470325 0.1084073 0.1343933 0.1185240 0.5398281 0.7271063 0.1791188 0.1570624 0.3426402 0.0932362 0.0917432 0.0784853 0.0735470 0.2049896 0.0903570 0.5628339 0.1156462 0.5493533 0.5576639 0.1532396 0.0873564 0.1351144 0.1014659 0.1334402 0.0941018 0.0953877 1.2093706 0.0656161 0.5524548 0.1404900 1.2390353 0.5456782 0.1347171 0.1011864 0.1530441 0.1311153 
Perityle_gentryi_8_san_francisco           0.5641713 0.0613620 0.5430643 0.3005388 0.5616022 0.0674349 0.1933417 0.2020699 0.2445462 0.5728309 0.5898166 0.0446192 0.5904026 0.5623438 0.6121170 0.0120438 0.7977595 0.3186126 0.5957362 0.0555574 0.7057278 0.5808093 0.0703453 0.5740043 0.5750154 0.5832568 0.6535612 0.5669726 0.5310105 0.5467843 0.4530312 0.1112738 0.0942604 0.0855740 0.0357065 0.0697957 0.0532806 0.0440218 0.5437707 0.0000000 0.5833784 0.5828351 0.5532410 0.5827042 0.0436434 0.5165405 0.5837885 0.7527773 0.5861613 0.0464529 0.5744531 0.5755082 0.5564776 0.0446973 0.8338869 0.6163420 0.5343644 0.5454661 0.5782661 0.5812710 0.4515194 0.3542067 0.5806236 0.2746476 0.0496465 0.5497432 0.0550448 0.1181831 0.5831679 0.2435068 0.5645232 0.5734577 0.5505397 0.5883169 0.5803155 1.3338543 0.3831346 0.1167747 0.5557555 1.3471138 0.0497525 0.4793255 0.5856272 0.5869167 0.5292801 
Perityle_gilensis_22_Superstition          0.1250277 0.3514156 0.1365013 0.5869021 0.0871172 0.3518020 0.6012573 0.5927603 0.6176336 0.1296394 0.2061512 0.5940888 0.0047654 0.0892469 0.4182663 0.5990654 0.7017518 0.4605883 0.2329789 0.5630252 0.5442772 0.0068172 0.4571342 0.0481461 0.1246570 0.0033817 0.2142690 0.1422502 0.1017138 0.1465602 0.1076700 0.6044783 0.6225962 0.6005760 0.5977451 0.5737798 0.5808847 0.6115855 0.0903014 0.5833784 0.0000000 0.0618202 0.1253754 0.0033795 0.5534561 0.0935806 0.1312053 0.2095507 0.0067988 0.5730885 0.0585851 0.1217087 0.0934647 0.5797542 0.6730809 0.1695162 0.1397335 0.3112252 0.0045917 0.0056533 0.0791012 0.0741156 0.1904902 0.0788402 0.6147148 0.0991581 0.5790187 0.5985347 0.1367782 0.0541362 0.1332827 0.0480511 0.1323625 0.0045100 0.0067772 1.1458085 0.0027001 0.5932373 0.1321288 1.1352688 0.5934014 0.1312841 0.0103787 0.1400001 0.1184435 
Perityle_gilensis_salensis_225             0.1240162 0.3557859 0.1509464 0.6091009 0.0973561 0.3517406 0.6205394 0.5747674 0.6235089 0.1441604 0.2272107 0.6056672 0.0640403 0.1112039 0.4514385 0.6090947 0.7080677 0.4749161 0.2219842 0.5738461 0.5504768 0.0646082 0.4568019 0.0231521 0.1460041 0.0630557 0.2123897 0.1263268 0.1117388 0.1542223 0.1262615 0.6375229 0.6239891 0.6062131 0.6256594 0.5989871 0.5799883 0.6169784 0.1112879 0.5828351 0.0618202 0.0000000 0.1454321 0.0630140 0.5719381 0.1150227 0.1277681 0.2479184 0.0656955 0.5981139 0.0243312 0.1181718 0.0704347 0.5919185 0.6704065 0.1681759 0.1170009 0.3151071 0.0528010 0.0656367 0.0977637 0.0742208 0.1837864 0.0674252 0.6277504 0.1206104 0.5915650 0.6096124 0.1585101 0.0541151 0.1156260 0.0302001 0.1414744 0.0655141 0.0642938 1.1249684 0.0331158 0.6056095 0.1353748 1.0731600 0.6085835 0.1527240 0.0603383 0.1540185 0.1056521 
Perityle_glaucescens_94                    0.1398728 0.3608739 0.1555477 0.5890742 0.1094030 0.3254730 0.6192056 0.5815802 0.6224947 0.1430753 0.2339921 0.5809550 0.1260183 0.1196456 0.4177276 0.5709103 0.7039935 0.4716277 0.2432480 0.5540002 0.5760185 0.1275558 0.4542547 0.1270247 0.1471421 0.1227067 0.2185873 0.1384102 0.1028210 0.1767496 0.1577535 0.6033787 0.6057357 0.5895999 0.5930956 0.5706006 0.5766386 0.6031507 0.1358660 0.5532410 0.1253754 0.1454321 0.0000000 0.1239787 0.5512247 0.1312825 0.1245385 0.3389454 0.1242294 0.5722304 0.1405350 0.1203644 0.1139190 0.5706592 0.7008895 0.1489440 0.1358783 0.3472468 0.1263861 0.1269595 0.0760079 0.0723375 0.1790216 0.0729729 0.5969183 0.1094476 0.5793872 0.5912680 0.1621621 0.0637665 0.1263765 0.1280850 0.1717642 0.1293711 0.1267378 1.1698174 0.0883217 0.5877831 0.0722656 1.1806164 0.5789352 0.1410337 0.1320620 0.1561706 0.1502633 
Perityle_gracilis_11                       0.1249330 0.3514156 0.1364005 0.5870316 0.0883349 0.3518020 0.6047123 0.5993459 0.6220330 0.1311343 0.2076691 0.5934048 0.0035698 0.0865168 0.4182663 0.5958898 0.7043282 0.4582368 0.2328539 0.5664912 0.5486247 0.0056746 0.4523335 0.0493239 0.1203421 0.0022519 0.2144495 0.1408118 0.1030111 0.1481189 0.1076700 0.6012991 0.6143955 0.5966660 0.5944144 0.5761151 0.5802199 0.6085315 0.0915135 0.5827042 0.0033795 0.0630140 0.1239787 0.0000000 0.5527287 0.0935129 0.1298049 0.2079295 0.0056593 0.5694692 0.0597613 0.1203298 0.0920745 0.5819118 0.6722332 0.1664988 0.1378767 0.3112252 0.0034399 0.0045167 0.0791012 0.0741156 0.1888722 0.0788402 0.6116675 0.1003765 0.5813128 0.5977213 0.1394143 0.0541362 0.1318437 0.0492266 0.1339081 0.0067724 0.0056414 1.1398608 0.0027001 0.5925039 0.1307174 1.0710760 0.5896150 0.1312841 0.0103758 0.1413244 0.1201215 
