83
Amauria_brandeegeana_62                    0.0000000 0.1039833 0.1334453 0.3858934 0.2539303 0.4211389 0.2272654 0.3238965 0.3743357 0.2563874 0.1286902 0.1246590 0.2074506 0.1293701 0.1303927 0.1465090 0.1568485 0.2220885 0.1414724 0.1295720 0.1224824 0.1399244 0.1509865 0.4960063 0.1230161 0.2524398 0.1499067 0.2782944 0.1179608 0.1208618 0.1118365 0.1255907 0.4114154 0.1119689 0.2453366 0.2723083 0.1114098 0.2567775 0.1188751 0.1441267 0.2359732 0.2978964 0.0996306 0.2583409 0.2640770 0.1116116 0.1179559 0.2771035 0.1493747 0.1174989 0.1142223 0.2603288 0.1173711 0.2288937 0.1389717 0.2451862 0.1103798 0.1073170 0.2954019 0.2454278 0.1868342 0.1197113 0.2768246 0.2619046 0.2325397 0.1507540 0.2068350 0.1215501 0.1411419 0.1104564 0.1263900 0.3234107 0.1126771 0.1634957 0.2805736 0.2501100 0.1047357 0.1245031 0.2502106 0.1192075 0.1291965 0.1258095 0.2470316 
Amauria_carterae_99_mesa                   0.1039833 0.0000000 0.0920474 0.2406664 0.2479031 0.2484163 0.1685718 0.3071890 0.2845984 0.2281508 0.1408109 0.1409540 0.1998859 0.1550771 0.1792919 0.1599768 0.1468733 0.2343090 0.1902337 0.1703926 0.1447183 0.1309191 0.1746036 0.2773427 0.1411439 0.2594983 0.1359330 0.2777849 0.1465268 0.0983846 0.1729297 0.1470059 0.2906062 0.1433961 0.2408729 0.2661795 0.1386837 0.2353046 0.1422970 0.1672748 0.1678318 0.2883491 0.1458060 0.2538108 0.2581373 0.1402851 0.1477334 0.2853992 0.1711501 0.1379545 0.1385711 0.2536161 0.1408109 0.2151216 0.1361310 0.2391682 0.1537616 0.1375356 0.2819165 0.2194714 0.1657492 0.1497986 0.2713218 0.2644969 0.2314596 0.1457380 0.2086852 0.1451104 0.1579873 0.1353083 0.1450179 0.1581312 0.1331550 0.1552664 0.2714410 0.2382010 0.1414663 0.1408109 0.2031811 0.1349406 0.1384234 0.1763067 0.2366845 
Amauria_rotundifolia_SRR9119150            0.1334453 0.0920474 0.0000000 0.3997066 0.2408101 0.3960197 0.2164123 0.3014826 0.3890482 0.2456370 0.1348660 0.1205394 0.2106578 0.1437943 0.1709994 0.1386880 0.1354897 0.2163080 0.1646278 0.1425893 0.1272752 0.1383103 0.1415579 0.5038566 0.1187400 0.2485385 0.1279126 0.2657289 0.1357602 0.1120857 0.1394724 0.1247799 0.4149566 0.1244734 0.2432940 0.2539528 0.1222493 0.2428078 0.1296753 0.1389111 0.2521147 0.2788882 0.1294473 0.2527405 0.2435279 0.1167013 0.1209434 0.2686634 0.1437605 0.1204385 0.1190569 0.2540287 0.1185250 0.2307441 0.1316277 0.2488517 0.1289772 0.1259142 0.2916294 0.2437464 0.1576210 0.1224234 0.2664435 0.2612782 0.2197443 0.1414094 0.2147921 0.1277970 0.1317813 0.1254453 0.1254044 0.3372389 0.1192618 0.1757570 0.2573036 0.2390968 0.1269966 0.1237083 0.2263577 0.1165881 0.1296926 0.1495085 0.2345708 
Conoclinium_coelestinum_SRR9119114         0.3858934 0.2406664 0.3997066 0.0000000 0.3038926 0.3562509 0.2200528 0.4352852 0.5418029 0.3202581 0.5178962 0.5039782 0.3478795 0.3426276 0.4861129 0.5171434 0.4940016 0.3401512 0.5233711 0.4548979 0.5364635 0.2466170 0.5066477 0.6823985 0.5193178 0.2794951 0.5203323 0.3289354 0.4239813 0.2585571 0.5041298 0.4386826 0.5691200 0.5088568 0.2476849 0.2840198 0.5112224 0.3668224 0.5179916 0.4993663 0.5410494 0.3059015 0.4855034 0.2984605 0.3244787 0.5055942 0.5177257 0.2984605 0.5002362 0.5107749 0.5222495 0.2842378 0.5150729 0.3167880 0.4349472 0.2288317 0.5141345 0.5044746 0.2683397 0.3322767 0.1571381 0.5145151 0.3882525 0.2809983 0.3797088 0.4830060 0.3296416 0.5265384 0.5031834 0.4459737 0.5160580 0.5346629 0.5076101 0.2006598 0.3227249 0.3326868 0.5227438 0.5055234 0.1669145 0.5064768 0.4271350 0.3027479 0.3334665 
Eutetras_palmeri_63                        0.2539303 0.2479031 0.2408101 0.3038926 0.0000000 0.3140280 0.2371130 0.2743877 0.6576934 0.0561474 0.4140104 0.4073672 0.1783109 0.1674429 0.4706989 0.4246236 0.3121926 0.0602305 0.4122324 0.2937254 0.3550828 0.2615737 0.4091297 0.6910724 0.4079993 0.1326262 0.3803977 0.0594547 0.3026160 0.2787637 0.3807446 0.3408177 0.6494835 0.3924069 0.1332124 0.0801007 0.3554176 0.1424596 0.3614714 0.3977328 0.5016839 0.0754031 0.4026618 0.0649178 0.0646657 0.3986240 0.3995094 0.0654425 0.3919682 0.3938953 0.4003372 0.1531395 0.4018075 0.0680153 0.3255813 0.1149934 0.3955374 0.4192521 0.0864114 0.0602995 0.1235055 0.4046704 0.1551888 0.1568486 0.1336694 0.3778268 0.3962153 0.3982043 0.4122376 0.3125746 0.3929659 0.4763388 0.3734212 0.2581262 0.0639652 0.0661875 0.4008433 0.4069287 0.0362498 0.4063770 0.3675827 0.2518763 0.0667507 
Eutrochium_fistulosum_SRR9119106           0.4211389 0.2484163 0.3960197 0.3562509 0.3140280 0.0000000 0.2335571 0.4123145 0.6463422 0.3053967 0.5471661 0.5365576 0.3086466 0.3702065 0.5289484 0.5585544 0.5402464 0.3057621 0.5715903 0.4852530 0.5584020 0.2557546 0.5654660 0.7048308 0.5399396 0.3167728 0.5661712 0.3281041 0.4574833 0.2895907 0.5392422 0.4823169 0.6597788 0.5474287 0.3057126 0.3166277 0.5228599 0.3311038 0.5341946 0.5573447 0.5749145 0.3219103 0.5274063 0.3129905 0.3352329 0.5374038 0.5387422 0.3150263 0.5548415 0.5365601 0.5307372 0.3172042 0.5366821 0.3001450 0.4110510 0.1899420 0.5355154 0.5387517 0.2963034 0.3371709 0.1147869 0.5498673 0.3429379 0.3143334 0.3477420 0.4836218 0.4060053 0.5355459 0.5635912 0.5019902 0.5277005 0.4975377 0.5280919 0.2587073 0.3134034 0.3538324 0.5435384 0.5350514 0.1549176 0.5322246 0.4893672 0.3109993 0.2935641 
Galeana_pratensis_104_mex                  0.2272654 0.1685718 0.2164123 0.2200528 0.2371130 0.2335571 0.0000000 0.2498000 0.3134004 0.2574862 0.3140796 0.3065814 0.2901838 0.1607730 0.2837088 0.3081095 0.3122297 0.2495834 0.3153052 0.2885816 0.3100170 0.2015928 0.3258616 0.3395148 0.3026218 0.2519326 0.3141899 0.2624342 0.3022402 0.2394500 0.2821893 0.2826603 0.3081761 0.3055502 0.2258316 0.2326226 0.3020470 0.2545256 0.3047928 0.3276488 0.3332032 0.2525271 0.2923228 0.2561631 0.2485680 0.3194923 0.3083079 0.2561631 0.3202581 0.3115198 0.2963635 0.2627629 0.3056752 0.2418315 0.2877717 0.2162151 0.3048374 0.2865227 0.2248313 0.2588660 0.1946631 0.3140756 0.2730554 0.2532718 0.2624227 0.3488707 0.2608104 0.2941959 0.3020680 0.2954490 0.2991843 0.3218993 0.2853604 0.1475790 0.2555557 0.2576015 0.3120521 0.3063734 0.2040197 0.3056183 0.3027841 0.2325635 0.2477705 
Helianthus_annuus_SRR9119062               0.3238965 0.3071890 0.3014826 0.4352852 0.2743877 0.4123145 0.2498000 0.0000000 0.5872902 0.2551784 0.4360283 0.4178975 0.1985275 0.2172170 0.4460732 0.4722595 0.3811527 0.2561489 0.4378164 0.3674989 0.3985993 0.3131173 0.4370244 0.6462917 0.4214155 0.2656423 0.4055928 0.2794512 0.3369742 0.3316018 0.3923576 0.3862758 0.6121202 0.4290396 0.2538693 0.3191805 0.4169753 0.3120423 0.4092410 0.4320788 0.5069953 0.3086562 0.4151792 0.2766518 0.2983624 0.4424841 0.4245411 0.2957122 0.4371704 0.4201634 0.4228925 0.2827256 0.4262313 0.2865366 0.3969330 0.1438722 0.4220244 0.4105421 0.2771847 0.2818565 0.1311572 0.4249520 0.3212403 0.2737437 0.3236069 0.5021274 0.3546316 0.4349224 0.4605207 0.4059383 0.4186631 0.5420042 0.4111231 0.2248858 0.3014978 0.2811073 0.4229388 0.4268908 0.1846076 0.4343037 0.4090119 0.3485987 0.2424359 
Lycapsus_tenuifolius_17                    0.3743357 0.2845984 0.3890482 0.5418029 0.6576934 0.6463422 0.3134004 0.5872902 0.0000000 0.5459146 0.2960158 0.2876694 0.5313622 0.4556142 0.3306022 0.3074098 0.2958250 0.5807574 0.3340284 0.3709540 0.3344710 0.1931477 0.3037014 0.3898875 0.2833202 0.6681758 0.3653551 0.6522516 0.3129077 0.1255642 0.3418792 0.2741511 0.0057812 0.3016744 0.6983860 0.6694524 0.3055824 0.7267603 0.3394730 0.3067636 0.3173777 0.6728156 0.3154101 0.6396826 0.6639253 0.3003445 0.2999691 0.6646313 0.3192876 0.2921788 0.2919618 0.6741482 0.2887715 0.6580666 0.3256877 0.5538450 0.3063610 0.2893951 0.6469840 0.6278972 0.3513419 0.2866697 0.7065017 0.6686791 0.6739965 0.3160961 0.3037987 0.2972324 0.2992245 0.2998229 0.3079143 0.3884302 0.3047381 0.2258783 0.6534400 0.6754528 0.2977249 0.2888380 0.4645297 0.2680681 0.2740742 0.3507264 0.5878610 
Pericome_caudata_50_silver                 0.2563874 0.2281508 0.2456370 0.3202581 0.0561474 0.3053967 0.2574862 0.2551784 0.5459146 0.0000000 0.3582177 0.3392889 0.1880520 0.1995751 0.3706422 0.3713944 0.3140704 0.0852395 0.3977918 0.3188822 0.3472591 0.2688519 0.3613071 0.6913538 0.3435915 0.1550774 0.3666545 0.0695275 0.2988699 0.2811011 0.3515018 0.2877153 0.5618310 0.3313373 0.1509215 0.0835906 0.3245081 0.0817017 0.3540083 0.3612925 0.4720390 0.0855667 0.3441010 0.0858765 0.0728915 0.3382164 0.3343721 0.0833367 0.3596409 0.3395685 0.3368738 0.1707878 0.3385076 0.0795562 0.3509043 0.1325470 0.3277890 0.3446972 0.0930598 0.0781541 0.1226269 0.3451511 0.0923132 0.1738843 0.0959153 0.3269538 0.3934968 0.3397111 0.3647200 0.2998780 0.3412901 0.4827110 0.3303194 0.2711852 0.0762187 0.0773801 0.3304438 0.3479158 0.0479302 0.3471595 0.3041077 0.2798013 0.0772047 
Perityle_aglossa_84_dead_horse             0.1286902 0.1408109 0.1348660 0.5178962 0.4140104 0.5471661 0.3140796 0.4360283 0.2960158 0.3582177 0.0000000 0.0422669 0.2434447 0.1315566 0.0646764 0.1304753 0.1439799 0.3229143 0.1373852 0.1243516 0.0611708 0.1217170 0.0977622 0.3298624 0.0382526 0.4155168 0.1514056 0.4262721 0.1009881 0.0637316 0.1224054 0.1053843 0.3214877 0.0575310 0.4415425 0.4200958 0.0349920 0.4328270 0.0481417 0.0995345 0.1576956 0.4376507 0.0392758 0.3960691 0.4130404 0.0445261 0.0430178 0.4301113 0.1007447 0.0629709 0.0418445 0.4218875 0.0302006 0.4053231 0.1373142 0.2967682 0.0483902 0.0511158 0.4810859 0.4071279 0.1740510 0.0234647 0.4755903 0.4359272 0.4190239 0.1517980 0.1825006 0.0505908 0.1134624 0.1037120 0.0435829 0.2327144 0.0362059 0.0902418 0.4319145 0.4024904 0.0471477 0.0200098 0.3598749 0.0379157 0.1133502 0.1195772 0.3317344 
Perityle_ajoensis_204                      0.1246590 0.1409540 0.1205394 0.5039782 0.4073672 0.5365576 0.3065814 0.4178975 0.2876694 0.3392889 0.0422669 0.0000000 0.2278414 0.1344989 0.0627917 0.1223908 0.1373181 0.3117884 0.1326779 0.1208522 0.0612520 0.1226279 0.0795407 0.3403148 0.0077104 0.4049495 0.1360421 0.4213949 0.0992924 0.0672129 0.1209261 0.0946640 0.3077433 0.0488223 0.4231070 0.4137951 0.0366996 0.4298982 0.0461320 0.0799772 0.1524118 0.4360227 0.0314481 0.3909097 0.4062532 0.0362895 0.0325890 0.4264614 0.0817008 0.0452302 0.0406493 0.4111512 0.0324902 0.4104038 0.1267379 0.2878571 0.0369699 0.0228292 0.4657397 0.4027727 0.1665253 0.0406960 0.4560841 0.4196546 0.4031993 0.1373419 0.1966865 0.0529398 0.1041605 0.0945936 0.0173271 0.1982505 0.0362091 0.1020086 0.4289427 0.3939725 0.0393042 0.0405903 0.3637946 0.0215647 0.1022845 0.1230025 0.3392471 
Perityle_ambrosiifolia_67_green            0.2074506 0.1998859 0.2106578 0.3478795 0.1783109 0.3086466 0.2901838 0.1985275 0.5313622 0.1880520 0.2434447 0.2278414 0.0000000 0.1919757 0.2499139 0.2500384 0.2533258 0.1914159 0.2727206 0.2556421 0.2486190 0.2688361 0.2592311 0.5633063 0.2307539 0.0476604 0.2460421 0.2005091 0.2315475 0.2335280 0.2608024 0.2379782 0.5428457 0.2372745 0.0638295 0.2105892 0.2351284 0.2029225 0.2504337 0.2493794 0.3092625 0.2097376 0.2351276 0.2101295 0.2022045 0.2359885 0.2265670 0.2074108 0.2572402 0.2281754 0.2311208 0.0498480 0.2348024 0.1941885 0.2503285 0.0540269 0.2265670 0.2382607 0.2088529 0.1843176 0.0220682 0.2384897 0.2006668 0.0458062 0.1880853 0.2618555 0.3538038 0.2375776 0.2627509 0.2525893 0.2251031 0.3635652 0.2358325 0.2590872 0.1961081 0.2036615 0.2358093 0.2300002 0.1600784 0.2272481 0.2493736 0.2950653 0.1993547 
Perityle_angustifolia_13_Eagle_creek       0.1293701 0.1550771 0.1437943 0.3426276 0.1674429 0.3702065 0.1607730 0.2172170 0.4556142 0.1995751 0.1315566 0.1344989 0.1919757 0.0000000 0.1343532 0.0263763 0.0992363 0.1934200 0.0418597 0.0229364 0.1079405 0.0470026 0.0540865 0.4532408 0.1346624 0.1788219 0.1215589 0.1778468 0.1327326 0.0822851 0.1222506 0.1234479 0.4789967 0.1377347 0.1926778 0.1973867 0.1238063 0.1913602 0.1419109 0.0491763 0.1108942 0.2047738 0.1259549 0.1958350 0.1847060 0.1213000 0.1270664 0.1928633 0.0491174 0.1029555 0.1270664 0.1907168 0.1262037 0.1834831 0.1388665 0.1863016 0.1270664 0.1112367 0.2203455 0.1820286 0.1933994 0.1343868 0.1779997 0.1912465 0.1831529 0.1501240 0.2049121 0.1079854 0.0354523 0.1239594 0.1344604 0.3221910 0.1292734 0.1884414 0.1891324 0.2012799 0.1288888 0.1262576 0.1729741 0.1314462 0.1349090 0.1458937 0.1996429 
Perityle_batopilensis_97                   0.1303927 0.1792919 0.1709994 0.4861129 0.4706989 0.5289484 0.2837088 0.4460732 0.3306022 0.3706422 0.0646764 0.0627917 0.2499139 0.1343532 0.0000000 0.1555956 0.1449325 0.3475820 0.1424884 0.1300271 0.0544404 0.1192795 0.1145347 0.2502725 0.0632628 0.4826025 0.1648800 0.4910666 0.0924908 0.0593556 0.1564008 0.1281071 0.3333213 0.0434238 0.4575593 0.4534128 0.0431207 0.4654005 0.0072551 0.1169631 0.1323809 0.5166211 0.0446154 0.4259605 0.4721470 0.0638636 0.0690566 0.5069834 0.0884980 0.0745292 0.0704302 0.4815434 0.0674162 0.4382093 0.1314928 0.2889334 0.0719654 0.0758180 0.5175706 0.4487088 0.1666168 0.0689694 0.5219217 0.4962410 0.4346830 0.1804733 0.1878267 0.0684736 0.1368666 0.0925824 0.0415739 0.1627688 0.0751670 0.0985053 0.4879585 0.4409698 0.0704519 0.0675363 0.3656326 0.0750005 0.1224292 0.1204708 0.3553821 
Perityle_bisetosa_9                        0.1465090 0.1599768 0.1386880 0.5171434 0.4246236 0.5585544 0.3081095 0.4722595 0.3074098 0.3713944 0.1304753 0.1223908 0.2500384 0.0263763 0.1555956 0.0000000 0.1175842 0.3237316 0.0282610 0.0134709 0.0995583 0.0270084 0.0790317 0.3892282 0.1207629 0.4351218 0.1331133 0.4314106 0.1266186 0.0964320 0.1173934 0.1172654 0.3343078 0.1125989 0.4749024 0.4374339 0.1253695 0.4633596 0.1328732 0.0732987 0.1649984 0.4617240 0.1167458 0.4132833 0.4398098 0.1180856 0.1186469 0.4460256 0.0706929 0.0986871 0.1185271 0.4392135 0.1180335 0.4377360 0.1448267 0.3092248 0.1261813 0.1067296 0.5132906 0.4314165 0.2001582 0.1224944 0.4804067 0.4449077 0.4221732 0.1324860 0.2635768 0.0987305 0.0371066 0.1170105 0.1211340 0.2888415 0.1287135 0.1772542 0.4447738 0.4377848 0.1272500 0.1274571 0.4011962 0.1245288 0.1230754 0.1525123 0.3611791 
Perityle_californica_76_positas            0.1568485 0.1468733 0.1354897 0.4940016 0.3121926 0.5402464 0.3122297 0.3811527 0.2958250 0.3140704 0.1439799 0.1373181 0.2533258 0.0992363 0.1449325 0.1175842 0.0000000 0.3155612 0.1178082 0.1037374 0.1327298 0.1033251 0.1397573 0.3672960 0.1308216 0.3441435 0.1439265 0.3330736 0.1328378 0.1153892 0.1144860 0.1262172 0.2960787 0.1400270 0.3490029 0.3437587 0.1403593 0.3272855 0.1577008 0.1323618 0.2090824 0.3689510 0.1380211 0.3642658 0.3229742 0.1268678 0.1402735 0.3594447 0.1413281 0.1353859 0.1336744 0.3513565 0.1326684 0.3060262 0.1672559 0.3189981 0.1464649 0.1254763 0.3539580 0.3372965 0.1386921 0.1330240 0.3363427 0.3704026 0.3091374 0.1049037 0.2076955 0.1351526 0.1181048 0.1414553 0.1349160 0.2965891 0.1339483 0.1135876 0.3294332 0.3244393 0.1486153 0.1392538 0.3653230 0.1329103 0.1414839 0.1230675 0.3262017 
Perityle_canescens_77                      0.2220885 0.2343090 0.2163080 0.3401512 0.0602305 0.3057621 0.2495834 0.2561489 0.5807574 0.0852395 0.3229143 0.3117884 0.1914159 0.1934200 0.3475820 0.3237316 0.3155612 0.0000000 0.3659378 0.3126539 0.3047768 0.2725761 0.3215689 0.6269669 0.3076832 0.1548773 0.3019914 0.0794464 0.2766434 0.2895406 0.3154151 0.2557287 0.5830481 0.3168127 0.1604060 0.0874120 0.2952195 0.0775431 0.3201293 0.3197413 0.4133875 0.0998786 0.3208846 0.0947501 0.0766862 0.3059541 0.3000081 0.0930449 0.3203023 0.3012525 0.3069686 0.1643948 0.3047940 0.0706378 0.3210877 0.1457172 0.2983583 0.3168947 0.1022904 0.0862763 0.1419316 0.3016468 0.0826972 0.1688346 0.0788919 0.3124471 0.4005654 0.3007104 0.3209049 0.2771567 0.3053603 0.4924651 0.2929885 0.2852281 0.0753690 0.0815867 0.3036914 0.3116102 0.0831907 0.3111530 0.2745844 0.2595814 0.0820475 
Perityle_castillonii_96                    0.1414724 0.1902337 0.1646278 0.5233711 0.4122324 0.5715903 0.3153052 0.4378164 0.3340284 0.3977918 0.1373852 0.1326779 0.2727206 0.0418597 0.1424884 0.0282610 0.1178082 0.3659378 0.0000000 0.0306139 0.1226898 0.0455148 0.0842185 0.3251966 0.1322336 0.4230165 0.1522460 0.4168809 0.1362123 0.1021746 0.1255348 0.1291337 0.3366212 0.1299531 0.4457579 0.4231920 0.1323347 0.4337213 0.1445533 0.0784702 0.1160343 0.4492080 0.1351627 0.4406638 0.4279321 0.1326841 0.1328009 0.4388376 0.0805517 0.1197403 0.1361910 0.4351050 0.1301887 0.4210393 0.1682521 0.3305270 0.1347008 0.1197920 0.4727163 0.4382728 0.2204845 0.1376754 0.4377551 0.4407585 0.4151556 0.1465053 0.2761502 0.1233780 0.0329685 0.1332822 0.1340189 0.2545191 0.1377736 0.1817666 0.4203325 0.4204196 0.1358932 0.1375275 0.4268154 0.1353876 0.1352962 0.1729664 0.3821557 
Perityle_cernua_84                         0.1295720 0.1703926 0.1425893 0.4548979 0.2937254 0.4852530 0.2885816 0.3674989 0.3709540 0.3188822 0.1243516 0.1208522 0.2556421 0.0229364 0.1300271 0.0134709 0.1037374 0.3126539 0.0306139 0.0000000 0.1064235 0.0270385 0.0724956 0.3462100 0.1209639 0.3218058 0.1248301 0.3119542 0.1294412 0.0955615 0.1128429 0.1135190 0.3757228 0.1283158 0.3354647 0.3094029 0.1210702 0.3192330 0.1326732 0.0666860 0.1084678 0.3294847 0.1283336 0.3241718 0.3181604 0.1232020 0.1255707 0.3214988 0.0684317 0.1049217 0.1214200 0.3300399 0.1186835 0.3087271 0.1463537 0.3099372 0.1277215 0.1071290 0.3585548 0.3347661 0.2086879 0.1248463 0.3145810 0.3318589 0.3008656 0.1332556 0.2613161 0.1089661 0.0238162 0.1199259 0.1229480 0.2427171 0.1192257 0.1773462 0.3064807 0.3180792 0.1288506 0.1208175 0.3578676 0.1244832 0.1217154 0.1599172 0.3277757 
Perityle_cfvillosa_25_tin                  0.1224824 0.1447183 0.1272752 0.5364635 0.3550828 0.5584020 0.3100170 0.3985993 0.3344710 0.3472591 0.0611708 0.0612520 0.2486190 0.1079405 0.0544404 0.0995583 0.1327298 0.3047768 0.1226898 0.1064235 0.0000000 0.1251408 0.0831019 0.3381719 0.0629529 0.3724227 0.1242542 0.3754085 0.0962205 0.0637898 0.1163728 0.0984371 0.3539764 0.0595576 0.4005872 0.3750415 0.0506878 0.3624522 0.0699312 0.0780055 0.1823312 0.3944173 0.0531762 0.3884727 0.3579073 0.0605040 0.0631514 0.3858435 0.0813763 0.0358405 0.0526761 0.3848973 0.0486172 0.3770851 0.1328069 0.3078731 0.0650107 0.0416584 0.4112641 0.3789771 0.1859797 0.0513753 0.3945266 0.3880209 0.3652873 0.1529279 0.1829443 0.0308246 0.0999015 0.0964504 0.0669086 0.2348342 0.0527472 0.0828020 0.3729860 0.3537200 0.0621675 0.0577122 0.3663636 0.0485168 0.0977315 0.1249344 0.3302460 
Perityle_cinerea_113_Powell1310            0.1399244 0.1309191 0.1383103 0.2466170 0.2615737 0.2557546 0.2015928 0.3131173 0.1931477 0.2688519 0.1217170 0.1226279 0.2688361 0.0470026 0.1192795 0.0270084 0.1033251 0.2725761 0.0455148 0.0270385 0.1251408 0.0000000 0.1021806 0.1235587 0.1191029 0.2899257 0.1157995 0.2801647 0.1047466 0.0985416 0.1146356 0.1116614 0.1891803 0.1189527 0.2947068 0.2616913 0.1115540 0.2824663 0.1262421 0.0982415 0.0982415 0.2959634 0.1268500 0.2919995 0.2816321 0.1154448 0.1268500 0.2919995 0.0982415 0.1187345 0.1156798 0.2997928 0.1148882 0.2829411 0.1197057 0.2943473 0.1268500 0.1155958 0.2927625 0.2930756 0.1558047 0.1220209 0.2801647 0.2969147 0.2687899 0.0960354 0.1988022 0.1082065 0.0364998 0.1083391 0.1191029 0.1122127 0.1089185 0.1447706 0.2731058 0.2863527 0.1153122 0.1148975 0.2671894 0.1185434 0.1183232 0.1526433 0.2838192 
Perityle_coahuilensis_24                   0.1509865 0.1746036 0.1415579 0.5066477 0.4091297 0.5654660 0.3258616 0.4370244 0.3037014 0.3613071 0.0977622 0.0795407 0.2592311 0.0540865 0.1145347 0.0790317 0.1397573 0.3215689 0.0842185 0.0724956 0.0831019 0.1021806 0.0000000 0.3546283 0.0771743 0.4325012 0.1459821 0.4174224 0.1241589 0.0845514 0.1493849 0.1225315 0.3275280 0.0801801 0.4721466 0.4272448 0.0931824 0.4467813 0.0992953 0.0186114 0.0930023 0.4507146 0.0741016 0.3979647 0.4245331 0.0830596 0.0787253 0.4347457 0.0120031 0.0570791 0.0800468 0.4346655 0.0886498 0.4339752 0.1565505 0.3204542 0.0822735 0.0601361 0.5062334 0.4064523 0.2077092 0.0929043 0.4526946 0.4465651 0.4066256 0.1567500 0.2363632 0.0782325 0.0483786 0.1162073 0.0807644 0.2565289 0.0912978 0.1358778 0.4342924 0.4095282 0.0873605 0.0990942 0.3910913 0.0960789 0.1269385 0.1695191 0.3466159 
Perityle_cochisensis_44_cave_creek         0.4960063 0.2773427 0.5038566 0.6823985 0.6910724 0.7048308 0.3395148 0.6462917 0.3898875 0.6913538 0.3298624 0.3403148 0.5633063 0.4532408 0.2502725 0.3892282 0.3672960 0.6269669 0.3251966 0.3462100 0.3381719 0.1235587 0.3546283 0.0000000 0.3341759 0.7243781 0.4456507 0.7183838 0.3687006 0.0836209 0.3327982 0.4053143 0.4569568 0.3520556 0.6345765 0.6678603 0.3176863 0.6862763 0.3401676 0.3554489 0.3410056 0.6896142 0.2740809 0.6864469 0.6799925 0.3459203 0.3490021 0.6846075 0.3550730 0.3403176 0.3362282 0.7309982 0.3237563 0.6752606 0.2566701 0.5029885 0.3382677 0.2780734 0.6217280 0.7416954 0.2968212 0.3272784 0.7200294 0.7270530 0.6708082 0.3790975 0.2000516 0.3280688 0.3911142 0.3789769 0.3404461 0.4211188 0.3164491 0.0770502 0.6888667 0.6800624 0.3367175 0.3327324 0.4572984 0.3207410 0.3761908 0.2494017 0.6093702 
Perityle_congesta_202                      0.1230161 0.1411439 0.1187400 0.5193178 0.4079993 0.5399396 0.3026218 0.4214155 0.2833202 0.3435915 0.0382526 0.0077104 0.2307539 0.1346624 0.0632628 0.1207629 0.1308216 0.3076832 0.1322336 0.1209639 0.0629529 0.1191029 0.0771743 0.3341759 0.0000000 0.4098812 0.1355379 0.4199738 0.0942343 0.0640087 0.1206970 0.0934023 0.3053917 0.0457491 0.4344343 0.4166512 0.0324956 0.4282378 0.0454556 0.0775919 0.1472346 0.4384178 0.0296184 0.3941472 0.4069006 0.0335560 0.0287835 0.4289924 0.0792007 0.0423607 0.0378488 0.4160093 0.0286975 0.4212712 0.1247223 0.2882151 0.0341783 0.0187280 0.4774865 0.4080732 0.1707637 0.0367465 0.4659589 0.4270623 0.4053438 0.1335252 0.1934983 0.0511003 0.1027722 0.0916694 0.0136503 0.2021512 0.0345768 0.1020086 0.4295586 0.3948065 0.0364785 0.0366525 0.3691502 0.0212807 0.0995544 0.1231617 0.3370320 
Perityle_cordifolia_27                     0.2524398 0.2594983 0.2485385 0.2794951 0.1326262 0.3167728 0.2519326 0.2656423 0.6681758 0.1550774 0.4155168 0.4049495 0.0476604 0.1788219 0.4826025 0.4351218 0.3441435 0.1548773 0.4230165 0.3218058 0.3724227 0.2899257 0.4325012 0.7243781 0.4098812 0.0000000 0.3973752 0.1564885 0.3130112 0.2884380 0.3997854 0.3593461 0.6685087 0.3986201 0.0213065 0.1660930 0.3738117 0.2452854 0.3745550 0.4185509 0.5377581 0.1603928 0.4232234 0.1550822 0.1534806 0.4092423 0.4059965 0.1499706 0.4168918 0.3969353 0.4087746 0.0273076 0.4104898 0.1473038 0.3649530 0.0237654 0.4034345 0.4282069 0.1687737 0.1491277 0.0253749 0.4112987 0.2563043 0.0341069 0.2287303 0.4162507 0.4183712 0.4114024 0.4353795 0.3328466 0.3926508 0.4562991 0.3803643 0.2809228 0.1575769 0.1489517 0.4144431 0.4116013 0.1073500 0.4050977 0.3909765 0.2851597 0.1536186 
Perityle_cordifolia_68_tecolote            0.1499067 0.1359330 0.1279126 0.5203323 0.3803977 0.5661712 0.3141899 0.4055928 0.3653551 0.3666545 0.1514056 0.1360421 0.2460421 0.1215589 0.1648800 0.1331133 0.1439265 0.3019914 0.1522460 0.1248301 0.1242542 0.1157995 0.1459821 0.4456507 0.1355379 0.3973752 0.0000000 0.4051253 0.1217506 0.1040623 0.1315165 0.1223703 0.3896971 0.1316923 0.4148090 0.4069859 0.1367225 0.3978028 0.1380523 0.1384638 0.2416855 0.4248719 0.1290807 0.4046609 0.3824624 0.1354888 0.1343932 0.4128843 0.1423415 0.1209449 0.1372278 0.4032917 0.1311689 0.3879869 0.0221651 0.3042475 0.1397770 0.1277806 0.4332297 0.3971960 0.1714903 0.1411246 0.4357262 0.4148921 0.3803158 0.1700367 0.2648630 0.1211137 0.1365638 0.1150591 0.1347575 0.2928505 0.1414106 0.1193661 0.3993241 0.3733777 0.1425402 0.1464019 0.3741884 0.1426972 0.1262789 0.1406790 0.3393128 
Perityle_coronopifolia_28_patagonia        0.2782944 0.2777849 0.2657289 0.3289354 0.0594547 0.3281041 0.2624342 0.2794512 0.6522516 0.0695275 0.4262721 0.4213949 0.2005091 0.1778468 0.4910666 0.4314106 0.3330736 0.0794464 0.4168809 0.3119542 0.3754085 0.2801647 0.4174224 0.7183838 0.4199738 0.1564885 0.4051253 0.0000000 0.3314857 0.3128906 0.3817215 0.3555504 0.6527199 0.4049767 0.1503602 0.0919741 0.3731395 0.1557141 0.3888831 0.4095604 0.5019074 0.0891479 0.4131452 0.0814254 0.0790751 0.4112652 0.4118823 0.0804617 0.4003778 0.4078906 0.4106737 0.1752759 0.4136559 0.0731574 0.3653160 0.1381315 0.4099366 0.4266288 0.0881398 0.0897775 0.1445693 0.4107011 0.1120651 0.1779607 0.1573106 0.4098927 0.4187837 0.4124647 0.4206221 0.3347977 0.4072587 0.5178197 0.3827899 0.2873026 0.0809106 0.0796574 0.4147870 0.4154214 0.0539863 0.4164342 0.3869446 0.2791930 0.0801448 
Perityle_crassifolia_70_ventanas           0.1179608 0.1465268 0.1357602 0.4239813 0.3026160 0.4574833 0.3022402 0.3369742 0.3129077 0.2988699 0.1009881 0.0992924 0.2315475 0.1327326 0.0924908 0.1266186 0.1328378 0.2766434 0.1362123 0.1294412 0.0962205 0.1047466 0.1241589 0.3687006 0.0942343 0.3130112 0.1217506 0.3314857 0.0000000 0.0058209 0.1173074 0.0620173 0.3458597 0.0900460 0.3426677 0.3273573 0.0908527 0.3195202 0.1039530 0.1199760 0.1833964 0.3555962 0.0896974 0.3403905 0.3137018 0.0911311 0.0944801 0.3435113 0.1218543 0.0910656 0.0943438 0.3241908 0.0940574 0.3283087 0.1324777 0.2810300 0.0944801 0.0862007 0.3591904 0.3229210 0.1635454 0.0959074 0.3424501 0.3335306 0.3344221 0.1498253 0.2114018 0.0925941 0.1270386 0.0621477 0.0959541 0.2573918 0.0960398 0.1220884 0.3284823 0.3188720 0.0910049 0.0924025 0.3058283 0.0960035 0.0653290 0.1301374 0.2886965 
Perityle_crassifolia_74_playa_balandra     0.1208618 0.0983846 0.1120857 0.2585571 0.2787637 0.2895907 0.2394500 0.3316018 0.1255642 0.2811011 0.0637316 0.0672129 0.2335280 0.0822851 0.0593556 0.0964320 0.1153892 0.2895406 0.1021746 0.0955615 0.0637898 0.0985416 0.0845514 0.0836209 0.0640087 0.2884380 0.1040623 0.3128906 0.0058209 0.0000000 0.0993179 0.0543191 0.1337109 0.0612984 0.3015033 0.2769299 0.0606135 0.2917272 0.0705592 0.0806923 0.0942371 0.3109823 0.0628142 0.3069935 0.2954421 0.0669860 0.0707565 0.3069935 0.0806923 0.0672853 0.0641440 0.3020787 0.0605462 0.2820584 0.0966678 0.2970797 0.0707565 0.0559488 0.2957757 0.3022310 0.1227904 0.0636621 0.3128906 0.3035286 0.2944738 0.1222076 0.1419512 0.0638652 0.0870928 0.0449632 0.0640087 0.0938151 0.0578667 0.0633404 0.2988685 0.2830980 0.0638632 0.0605462 0.2822298 0.0670338 0.0511083 0.1295517 0.2919730 
Perityle_cuneata_34_cuneata_San_antonio    0.1118365 0.1729297 0.1394724 0.5041298 0.3807446 0.5392422 0.2821893 0.3923576 0.3418792 0.3515018 0.1224054 0.1209261 0.2608024 0.1222506 0.1564008 0.1173934 0.1144860 0.3154151 0.1255348 0.1128429 0.1163728 0.1146356 0.1493849 0.3327982 0.1206970 0.3997854 0.1315165 0.3817215 0.1173074 0.0993179 0.0000000 0.1049991 0.3448230 0.1169859 0.4080387 0.4128396 0.1109120 0.3925162 0.1304555 0.1404787 0.1637543 0.4231475 0.1230267 0.4066231 0.3845296 0.1154034 0.1241721 0.4161074 0.1472710 0.1143385 0.1192634 0.4019889 0.1093808 0.3802338 0.1390900 0.3009261 0.1241765 0.1204862 0.4315770 0.4031101 0.1890761 0.1176256 0.4283861 0.4122711 0.3885641 0.1478657 0.2478011 0.1146280 0.1195684 0.1082369 0.1225904 0.2513433 0.1177441 0.1384714 0.4019924 0.3721246 0.1192913 0.1160037 0.3727838 0.1189342 0.1104975 0.1017745 0.3399963 
Perityle_cuneata_4                         0.1255907 0.1470059 0.1247799 0.4386826 0.3408177 0.4823169 0.2826603 0.3862758 0.2741511 0.2877153 0.1053843 0.0946640 0.2379782 0.1234479 0.1281071 0.1172654 0.1262172 0.2557287 0.1291337 0.1135190 0.0984371 0.1116614 0.1225315 0.4053143 0.0934023 0.3593461 0.1223703 0.3555504 0.0620173 0.0543191 0.1049991 0.0000000 0.3003285 0.0945549 0.3934128 0.3673909 0.0895491 0.3650813 0.1060056 0.1190727 0.1991578 0.3789304 0.0887574 0.3421705 0.3366380 0.0917448 0.0937384 0.3688656 0.1209166 0.0910378 0.0934199 0.3709133 0.0892293 0.3470860 0.1253951 0.2888107 0.0962981 0.0869439 0.4090775 0.3355996 0.1656865 0.0934413 0.3997608 0.3827305 0.3401446 0.1435778 0.2177909 0.0906462 0.1176530 0.0626413 0.0924859 0.2806775 0.0932295 0.1302925 0.3557673 0.3438914 0.0935007 0.0944303 0.3095821 0.0900703 0.0733537 0.1349364 0.2853566 
Perityle_discoidea_81                      0.4114154 0.2906062 0.4149566 0.5691200 0.6494835 0.6597788 0.3081761 0.6121202 0.0057812 0.5618310 0.3214877 0.3077433 0.5428457 0.4789967 0.3333213 0.3343078 0.2960787 0.5830481 0.3366212 0.3757228 0.3539764 0.1891803 0.3275280 0.4569568 0.3053917 0.6685087 0.3896971 0.6527199 0.3458597 0.1337109 0.3448230 0.3003285 0.0000000 0.3235821 0.6942011 0.6709887 0.3278064 0.7199589 0.3659698 0.3306114 0.3595447 0.6792872 0.3132131 0.6453297 0.6634832 0.3286328 0.3253338 0.6686429 0.3408095 0.3155871 0.3175724 0.6822826 0.3104289 0.6769354 0.3222907 0.5492249 0.3295933 0.2943650 0.6438818 0.6414182 0.3460640 0.3128015 0.7025611 0.6689732 0.6831189 0.3432533 0.3141778 0.3246845 0.3231163 0.3275354 0.3254694 0.4585915 0.3328469 0.2211313 0.6640500 0.6784650 0.3253075 0.3124894 0.4597458 0.2913708 0.3024972 0.3465642 0.6045437 
Perityle_dissecta_201                      0.1119689 0.1433961 0.1244734 0.5088568 0.3924069 0.5474287 0.3055502 0.4290396 0.3016744 0.3313373 0.0575310 0.0488223 0.2372745 0.1377347 0.0434238 0.1125989 0.1400270 0.3168127 0.1299531 0.1283158 0.0595576 0.1189527 0.0801801 0.3520556 0.0457491 0.3986201 0.1316923 0.4049767 0.0900460 0.0612984 0.1169859 0.0945549 0.3235821 0.0000000 0.4491554 0.3987501 0.0464890 0.4204376 0.0538366 0.0846609 0.1636254 0.4306723 0.0242455 0.4005823 0.3974119 0.0374171 0.0349553 0.4207408 0.0798994 0.0470082 0.0421923 0.4092651 0.0444956 0.4256015 0.1327203 0.2913845 0.0334257 0.0470657 0.4717543 0.3988263 0.1764992 0.0495355 0.4505332 0.4204029 0.4071118 0.1371587 0.1841276 0.0457893 0.0976793 0.0953524 0.0457354 0.2329853 0.0514631 0.1022678 0.4133305 0.4015785 0.0333876 0.0506228 0.3787104 0.0491786 0.1010868 0.1182969 0.3427189 
Perityle_emoryi_47_punta_san_jose          0.2453366 0.2408729 0.2432940 0.2476849 0.1332124 0.3057126 0.2258316 0.2538693 0.6983860 0.1509215 0.4415425 0.4231070 0.0638295 0.1926778 0.4575593 0.4749024 0.3490029 0.1604060 0.4457579 0.3354647 0.4005872 0.2947068 0.4721466 0.6345765 0.4344343 0.0213065 0.4148090 0.1503602 0.3426677 0.3015033 0.4080387 0.3934128 0.6942011 0.4491554 0.0000000 0.1495998 0.4067772 0.2543118 0.4149094 0.4548711 0.4952063 0.1588225 0.4339252 0.1466675 0.1523638 0.4325874 0.4316635 0.1498686 0.4633563 0.4223509 0.4332574 0.0389538 0.4349644 0.1510022 0.3704188 0.0318049 0.4321222 0.4357057 0.1672382 0.1441313 0.0414874 0.4375642 0.2583705 0.0375969 0.2428452 0.4586511 0.4094156 0.4410406 0.4784766 0.3697854 0.4255381 0.3999363 0.3949362 0.2907743 0.1566302 0.1455395 0.4409658 0.4345115 0.1073619 0.4284454 0.3998819 0.2983438 0.1524851 
Perityle_feddemae_99                       0.2723083 0.2661795 0.2539528 0.2840198 0.0801007 0.3166277 0.2326226 0.3191805 0.6694524 0.0835906 0.4200958 0.4137951 0.2105892 0.1973867 0.4534128 0.4374339 0.3437587 0.0874120 0.4231920 0.3094029 0.3750415 0.2616913 0.4272448 0.6678603 0.4166512 0.1660930 0.4069859 0.0919741 0.3273573 0.2769299 0.4128396 0.3673909 0.6709887 0.3987501 0.1495998 0.0000000 0.3770341 0.1520307 0.3758661 0.4204081 0.5451126 0.0505349 0.4111291 0.0335608 0.0864759 0.4103785 0.4115984 0.0455693 0.4025637 0.4116195 0.4104261 0.1832411 0.4163134 0.0883846 0.3393477 0.1445919 0.4045821 0.4346514 0.1222913 0.0880868 0.1558941 0.4172709 0.1744971 0.1977597 0.1616670 0.4056070 0.4029069 0.4061206 0.4231628 0.3282388 0.4016159 0.4681222 0.3967603 0.2587267 0.0897885 0.0790224 0.4167318 0.4158954 0.0602610 0.4145690 0.3848550 0.2534895 0.0910882 
Perityle_fosteri_93                        0.1114098 0.1386837 0.1222493 0.5112224 0.3554176 0.5228599 0.3020470 0.4169753 0.3055824 0.3245081 0.0349920 0.0366996 0.2351284 0.1238063 0.0431207 0.1253695 0.1403593 0.2952195 0.1323347 0.1210702 0.0506878 0.1115540 0.0931824 0.3176863 0.0324956 0.3738117 0.1367225 0.3731395 0.0908527 0.0606135 0.1109120 0.0895491 0.3278064 0.0464890 0.4067772 0.3770341 0.0000000 0.3748890 0.0494771 0.0951956 0.1626082 0.3957261 0.0334931 0.3850122 0.3580623 0.0363238 0.0350538 0.3899270 0.0900411 0.0536899 0.0349616 0.3845003 0.0166131 0.3739954 0.1247670 0.2872888 0.0368204 0.0483998 0.4286682 0.3849965 0.1742727 0.0251565 0.4130421 0.3995623 0.3837330 0.1383601 0.1727296 0.0385799 0.1114812 0.0916411 0.0361982 0.2276499 0.0241427 0.0827998 0.3723091 0.3603876 0.0367839 0.0238497 0.3474863 0.0219505 0.0946411 0.1196905 0.3196690 
Perityle_gamon_221                         0.2567775 0.2353046 0.2428078 0.3668224 0.1424596 0.3311038 0.2545256 0.3120423 0.7267603 0.0817017 0.4328270 0.4298982 0.2029225 0.1913602 0.4654005 0.4633596 0.3272855 0.0775431 0.4337213 0.3192330 0.3624522 0.2824663 0.4467813 0.6862763 0.4282378 0.2452854 0.3978028 0.1557141 0.3195202 0.2917272 0.3925162 0.3650813 0.7199589 0.4204376 0.2543118 0.1520307 0.3748890 0.0000000 0.3703169 0.4357945 0.5565814 0.1733242 0.4358665 0.1326354 0.1004211 0.4212355 0.4215071 0.1751102 0.4351757 0.4210323 0.4202070 0.2565837 0.4159014 0.1651425 0.3337195 0.1361446 0.4173904 0.4474914 0.2015298 0.1467853 0.1448500 0.4250436 0.1680099 0.2653327 0.1629853 0.3853213 0.4023967 0.4248579 0.4476151 0.3274524 0.4164605 0.4891921 0.3861640 0.2624219 0.1555570 0.1560544 0.4243377 0.4233918 0.0828545 0.4226359 0.3903621 0.2598465 0.0870188 
Perityle_gentryi_8_san_francisco           0.1188751 0.1422970 0.1296753 0.5179916 0.3614714 0.5341946 0.3047928 0.4092410 0.3394730 0.3540083 0.0481417 0.0461320 0.2504337 0.1419109 0.0072551 0.1328732 0.1577008 0.3201293 0.1445533 0.1326732 0.0699312 0.1262421 0.0992953 0.3401676 0.0454556 0.3745550 0.1380523 0.3888831 0.1039530 0.0705592 0.1304555 0.1060056 0.3659698 0.0538366 0.4149094 0.3758661 0.0494771 0.3703169 0.0000000 0.1014271 0.1821665 0.3992796 0.0502698 0.3926146 0.3643870 0.0508860 0.0482014 0.3932140 0.0974402 0.0612662 0.0507986 0.3835782 0.0480326 0.3966598 0.1338144 0.2952216 0.0503060 0.0597131 0.4279974 0.3980956 0.1705664 0.0507616 0.4077947 0.3963032 0.3802137 0.1456113 0.2049265 0.0640166 0.1168914 0.1011800 0.0493756 0.2336036 0.0521228 0.1024504 0.3822430 0.3727608 0.0529031 0.0467615 0.3654491 0.0518672 0.1054835 0.1260773 0.3488748 
Perityle_gilensis_22_Superstition          0.1441267 0.1672748 0.1389111 0.4993663 0.3977328 0.5573447 0.3276488 0.4320788 0.3067636 0.3612925 0.0995345 0.0799772 0.2493794 0.0491763 0.1169631 0.0732987 0.1323618 0.3197413 0.0784702 0.0666860 0.0780055 0.0982415 0.0186114 0.3554489 0.0775919 0.4185509 0.1384638 0.4095604 0.1199760 0.0806923 0.1404787 0.1190727 0.3306114 0.0846609 0.4548711 0.4204081 0.0951956 0.4357945 0.1014271 0.0000000 0.0988715 0.4425224 0.0762358 0.3893883 0.4165161 0.0822300 0.0804489 0.4265531 0.0181632 0.0475820 0.0817813 0.4244732 0.0891313 0.4139207 0.1511864 0.3156126 0.0854080 0.0562941 0.4916263 0.3968615 0.2061293 0.0934117 0.4423605 0.4360804 0.3913194 0.1565271 0.2273946 0.0748104 0.0511233 0.1122083 0.0825565 0.2376463 0.0904863 0.1306164 0.4285560 0.4058943 0.0891896 0.0996348 0.3847362 0.0966071 0.1263146 0.1683728 0.3419242 
Perityle_gilensis_salensis_225             0.2359732 0.1678318 0.2521147 0.5410494 0.5016839 0.5749145 0.3332032 0.5069953 0.3173777 0.4720390 0.1576956 0.1524118 0.3092625 0.1108942 0.1323809 0.1649984 0.2090824 0.4133875 0.1160343 0.1084678 0.1823312 0.0982415 0.0930023 0.3410056 0.1472346 0.5377581 0.2416855 0.5019074 0.1833964 0.0942371 0.1637543 0.1991578 0.3595447 0.1636254 0.4952063 0.5451126 0.1626082 0.5565814 0.1821665 0.0988715 0.0000000 0.5568042 0.0927765 0.5111141 0.5310122 0.1556953 0.1518936 0.5353182 0.0944918 0.1442971 0.1589485 0.5401649 0.1571313 0.4640909 0.1537777 0.3156126 0.1412791 0.0841516 0.5008413 0.5226559 0.2061293 0.1592553 0.5469180 0.5370498 0.5075774 0.2330555 0.2242192 0.1641928 0.1355424 0.1883297 0.1546427 0.2561497 0.1634097 0.1306164 0.5404568 0.5091886 0.1483983 0.1687492 0.3853495 0.1662323 0.2103406 0.1683728 0.3892723 
Perityle_glaucescens_94                    0.2978964 0.2883491 0.2788882 0.3059015 0.0754031 0.3219103 0.2525271 0.3086562 0.6728156 0.0855667 0.4376507 0.4360227 0.2097376 0.2047738 0.5166211 0.4617240 0.3689510 0.0998786 0.4492080 0.3294847 0.3944173 0.2959634 0.4507146 0.6896142 0.4384178 0.1603928 0.4248719 0.0891479 0.3555962 0.3109823 0.4231475 0.3789304 0.6792872 0.4306723 0.1588225 0.0505349 0.3957261 0.1733242 0.3992796 0.4425224 0.5568042 0.0000000 0.4375942 0.0119815 0.0881147 0.4380322 0.4286340 0.0096895 0.4320478 0.4338292 0.4287966 0.1843831 0.4360975 0.0938444 0.3787714 0.1392084 0.4270038 0.4551777 0.1071203 0.0993014 0.1613034 0.4371192 0.1931190 0.1873391 0.1658388 0.4327179 0.4128162 0.4441519 0.4507116 0.3535656 0.4267527 0.4975277 0.4111449 0.2999895 0.0870874 0.0876702 0.4364850 0.4315914 0.0741396 0.4308591 0.4163211 0.2797101 0.0932835 
Perityle_gracilis_11                       0.0996306 0.1458060 0.1294473 0.4855034 0.4026618 0.5274063 0.2923228 0.4151792 0.3154101 0.3441010 0.0392758 0.0314481 0.2351276 0.1259549 0.0446154 0.1167458 0.1380211 0.3208846 0.1351627 0.1283336 0.0531762 0.1268500 0.0741016 0.2740809 0.0296184 0.4232234 0.1290807 0.4131452 0.0896974 0.0628142 0.1230267 0.0887574 0.3132131 0.0242455 0.4339252 0.4111291 0.0334931 0.4358665 0.0502698 0.0762358 0.0927765 0.4375942 0.0000000 0.4066505 0.4107884 0.0200588 0.0039517 0.4308119 0.0753839 0.0420317 0.0254732 0.4356422 0.0309318 0.4085597 0.1317741 0.2841891 0.0026317 0.0405434 0.4559485 0.4219155 0.1603656 0.0365374 0.4651886 0.4382140 0.4230788 0.1423163 0.1875943 0.0364988 0.1072403 0.0935493 0.0255085 0.1622105 0.0382012 0.1069292 0.4202658 0.4105995 0.0186582 0.0365053 0.3646547 0.0345697 0.0921502 0.1263353 0.3305247 
Perityle_harkerae_31                       0.2583409 0.2538108 0.2527405 0.2984605 0.0649178 0.3129905 0.2561631 0.2766518 0.6396826 0.0858765 0.3960691 0.3909097 0.2101295 0.1958350 0.4259605 0.4132833 0.3642658 0.0947501 0.4406638 0.3241718 0.3884727 0.2919995 0.3979647 0.6864469 0.3941472 0.1550822 0.4046609 0.0814254 0.3403905 0.3069935 0.4066231 0.3421705 0.6453297 0.4005823 0.1466675 0.0335608 0.3850122 0.1326354 0.3926146 0.3893883 0.5111141 0.0119815 0.4066505 0.0000000 0.0832914 0.3954302 0.3851631 0.0053562 0.3984414 0.3903844 0.3877685 0.1810212 0.3936673 0.0917955 0.3724210 0.1393938 0.3811578 0.4061450 0.1052220 0.0929484 0.1616272 0.3944920 0.1432957 0.1864110 0.1425735 0.3966158 0.4176398 0.4017664 0.4007311 0.3427495 0.3991588 0.5009501 0.3852000 0.3051986 0.0822783 0.0832989 0.3951892 0.3885655 0.0717747 0.3916050 0.3612526 0.2797069 0.0893200 
Perityle_hofmeisteria_4_nombre_de_dios     0.2640770 0.2581373 0.2435279 0.3244787 0.0646657 0.3352329 0.2485680 0.2983624 0.6639253 0.0728915 0.4130404 0.4062532 0.2022045 0.1847060 0.4721470 0.4398098 0.3229742 0.0766862 0.4279321 0.3181604 0.3579073 0.2816321 0.4245331 0.6799925 0.4069006 0.1534806 0.3824624 0.0790751 0.3137018 0.2954421 0.3845296 0.3366380 0.6634832 0.3974119 0.1523638 0.0864759 0.3580623 0.1004211 0.3643870 0.4165161 0.5310122 0.0881147 0.4107884 0.0832914 0.0000000 0.3996681 0.4008457 0.0834898 0.4116638 0.3987204 0.4013468 0.1707601 0.3990204 0.0780307 0.3379162 0.1359037 0.4005306 0.4240623 0.1031273 0.0790348 0.1430156 0.4039116 0.1757705 0.1763980 0.1452530 0.3869136 0.4011833 0.4053379 0.4271142 0.3125529 0.3958348 0.4947394 0.3703335 0.2665988 0.0810038 0.0785778 0.4078171 0.4023069 0.0681615 0.4014249 0.3708286 0.2590100 0.0860416 
