85
Amauria_brandeegeana_62                    0.0000000 0.1033404 0.1356364 0.3342312 0.1841721 0.0298246 0.2920669 0.0979854 0.3318787 0.1450043 0.1582748 0.2100742 0.1543096 0.1859936 0.1771945 0.1970956 0.2284648 0.1608981 0.1575006 0.1827689 0.1678387 0.1754250 0.2305007 0.1804137 0.1771417 0.2079945 0.1786732 0.3207092 0.2034856 0.1338477 0.1016662 0.3834904 0.2859207 0.2707643 0.1350125 0.1407804 0.1978583 0.1785373 0.2146957 0.2139453 0.1640346 0.1777645 0.1690410 0.1569927 0.2006839 0.2372952 0.1847541 0.1725307 0.1764379 0.1717747 0.1748823 0.1742766 0.1866479 0.1777799 0.1014863 0.1463455 0.0962582 0.1028664 0.1741147 0.1764208 0.1868138 0.0928538 0.2199178 0.0540331 0.2103916 0.2053897 0.1800703 0.2048698 0.1254620 0.1839214 0.1796039 0.2119399 0.1743363 0.1707059 0.1774144 0.0532951 0.2043833 0.2155806 0.1919085 0.2029510 0.1910651 0.1816492 0.2776828 0.1423594 0.0730234 
Amauria_carterae_99_mesa                   0.1033404 0.0000000 0.0851710 0.2588640 0.1090042 0.0258461 0.1948246 0.1219574 0.2328774 0.1519001 0.1500204 0.1189582 0.1118283 0.1161280 0.0931956 0.1114566 0.1211328 0.1216913 0.1771026 0.1069768 0.1055842 0.1106762 0.1659936 0.1182423 0.1136636 0.1055580 0.1174531 0.2165840 0.1209361 0.1160777 0.0980426 0.2819681 0.2010529 0.2121079 0.1172556 0.1044812 0.1162550 0.1071197 0.1575995 0.1036807 0.1152205 0.1193035 0.1240557 0.1138992 0.1208682 0.1640857 0.1082326 0.1117233 0.1086225 0.1109389 0.1118487 0.1029595 0.1119281 0.1129405 0.0973881 0.0897461 0.0904295 0.1076823 0.1107482 0.1086225 0.1276044 0.0890047 0.1214246 0.0592166 0.1140859 0.1286464 0.1151022 0.1216614 0.0954404 0.1080952 0.1171288 0.1394728 0.1080608 0.1107077 0.1117730 0.0845267 0.1196799 0.1232309 0.1125763 0.1084478 0.1239331 0.1106741 0.1986153 0.1185266 0.0699190 
Amauria_rotundifolia_SRR9119150            0.1356364 0.0851710 0.0000000 0.3299744 0.1135117 0.0378525 0.2731473 0.1105636 0.2771069 0.1226587 0.1506330 0.1269395 0.0979018 0.1248835 0.0897155 0.1155134 0.1356524 0.0945946 0.1734128 0.1008102 0.0865872 0.0967076 0.2270513 0.0964670 0.0965397 0.1291736 0.1181423 0.2377624 0.1449168 0.1195191 0.0997867 0.3204793 0.2315520 0.2450654 0.0942127 0.0443656 0.1452904 0.1021843 0.1524112 0.1386549 0.0811573 0.0983472 0.1218752 0.0941207 0.1140596 0.1675882 0.0985483 0.0946696 0.0958404 0.0944210 0.0967407 0.0928997 0.1150416 0.1166781 0.0757405 0.1166034 0.0741022 0.0747588 0.0965607 0.0958317 0.1284917 0.0847916 0.1401747 0.0562390 0.1257612 0.1521293 0.1179496 0.1594468 0.1160141 0.1039858 0.0951887 0.1616692 0.0963547 0.0928912 0.0953122 0.0602952 0.1553304 0.1250895 0.1076220 0.1224097 0.1237167 0.0974747 0.1962454 0.0931334 0.0605126 
Conoclinium_coelestinum_SRR9119114         0.3342312 0.2588640 0.3299744 0.0000000 0.3356956 0.0809443 0.2925368 0.1780590 0.3119552 0.3771295 0.3287331 0.3412853 0.3209106 0.3315030 0.1947510 0.3405248 0.3540091 0.2790726 0.3672565 0.2985536 0.3188510 0.3203016 0.2870943 0.3246923 0.3236203 0.3244586 0.3053512 0.3949022 0.3558356 0.3283103 0.2585653 0.4444903 0.4385970 0.4427057 0.3128546 0.3445656 0.3221471 0.3193544 0.3326186 0.3358419 0.3056742 0.3270512 0.3332218 0.3244771 0.3288271 0.3566440 0.3190543 0.3224828 0.3220405 0.3025553 0.3200620 0.3148044 0.3231309 0.2997143 0.2545428 0.3070124 0.2475306 0.2873817 0.3212888 0.3196573 0.3275263 0.2532457 0.3255784 0.1358196 0.3372911 0.3591166 0.3020846 0.3180302 0.2256385 0.3208729 0.3232630 0.3657441 0.3212080 0.3194049 0.3192487 0.2101905 0.3204994 0.3282586 0.3322003 0.3330756 0.2073272 0.3223421 0.3876160 0.3068808 0.2084184 
Eutetras_palmeri_63                        0.1841721 0.1090042 0.1135117 0.3356956 0.0000000 0.0137533 0.2893703 0.1121282 0.2815426 0.1441294 0.1662429 0.1468583 0.1184946 0.1459471 0.0985064 0.1291170 0.1532370 0.0682463 0.1713423 0.1267785 0.1127447 0.1158444 0.2089323 0.1187051 0.1223280 0.1565250 0.1367905 0.2553229 0.1576614 0.1139907 0.1009564 0.3268014 0.2405514 0.2548993 0.1107323 0.1340790 0.1696557 0.1264485 0.1904664 0.1622974 0.0932960 0.1218377 0.1371615 0.1103221 0.1385489 0.2110263 0.1248924 0.1211055 0.1171683 0.1062648 0.1207673 0.1143623 0.1409607 0.1378435 0.0836147 0.1230047 0.0800257 0.0811837 0.1164620 0.1159181 0.1380867 0.0935019 0.1601979 0.0582925 0.1458711 0.1676016 0.1391908 0.1636073 0.1340550 0.1216727 0.1186434 0.1514206 0.1189531 0.1127328 0.1196757 0.0613004 0.1623791 0.1608328 0.1326539 0.1410766 0.1355339 0.1203647 0.2295407 0.0789904 0.0737087 
Eutetras_pringlei_149_quer                 0.0298246 0.0258461 0.0378525 0.0809443 0.0137533 0.0000000 0.0587472 0.0637911 0.0778810 0.1222103 0.0238169 0.0278024 0.0318782 0.0277989 0.0223551 0.0441715 0.0261421 0.0297790 0.0339546 0.0298007 0.0277932 0.0257792 0.0271885 0.0278300 0.0298293 0.0257792 0.0318363 0.1107298 0.0276913 0.0258186 0.0317410 0.1088780 0.1101118 0.1247360 0.0298113 0.0284865 0.0258644 0.0298611 0.0277767 0.0399035 0.0278081 0.0277830 0.0238585 0.0298382 0.0238809 0.0242923 0.0240819 0.0257792 0.0257792 0.0238809 0.0257739 0.0257792 0.0257739 0.0318363 0.0137385 0.0216565 0.0400229 0.0379983 0.0277989 0.0257792 0.0276604 0.0332890 0.0545417 0.0318363 0.0257972 0.0256465 0.0338514 0.0279779 0.0278605 0.0298611 0.0257792 0.0278630 0.0298065 0.0278204 0.0297841 0.0257792 0.0258556 0.0380900 0.0339275 0.0257887 0.0325111 0.0278204 0.0766047 0.0359145 0.0340391 
Eutrochium_fistulosum_SRR9119106           0.2920669 0.1948246 0.2731473 0.2925368 0.2893703 0.0587472 0.0000000 0.1454997 0.3397272 0.2819851 0.2659239 0.2927584 0.2795996 0.2900760 0.1776532 0.2858642 0.3012348 0.2550591 0.2971530 0.2380324 0.2735226 0.2719725 0.2586729 0.2793540 0.2766380 0.2783463 0.2708263 0.3568849 0.2866407 0.2685442 0.1868501 0.4190103 0.3559502 0.3629718 0.2463790 0.2878065 0.2735150 0.2612260 0.2696340 0.2892469 0.2571623 0.2748585 0.2653223 0.2783330 0.2802865 0.2882456 0.2776138 0.2803582 0.2761467 0.2513209 0.2773246 0.2729174 0.2792622 0.2649391 0.2442814 0.2167478 0.1915073 0.2385666 0.2735204 0.2742878 0.2792198 0.1649832 0.2830142 0.1098501 0.2902152 0.2880556 0.2670598 0.3009433 0.2067182 0.2607633 0.2782494 0.2972234 0.2765251 0.2721163 0.2791520 0.1421806 0.2953503 0.2906278 0.2834444 0.2865825 0.2348904 0.2755528 0.3590787 0.2487178 0.1402683 
Galeana_pratensis_104_mex                  0.0979854 0.1219574 0.1105636 0.1780590 0.1121282 0.0637911 0.1454997 0.0000000 0.1340312 0.1556047 0.1218148 0.1077357 0.1091582 0.1063695 0.1085604 0.1153106 0.1141102 0.1084791 0.1371196 0.1059032 0.1032829 0.1061900 0.1489029 0.1078798 0.1077224 0.1011810 0.1124415 0.1956981 0.1225703 0.1353738 0.1348695 0.2017344 0.1702813 0.1833382 0.1110075 0.0977704 0.1160174 0.1095388 0.1379711 0.1148599 0.1107654 0.1047874 0.1192687 0.1062816 0.1161454 0.1395239 0.0998064 0.1047732 0.1047304 0.1177679 0.1031766 0.1000721 0.1091307 0.1064497 0.1011039 0.1326710 0.1127537 0.1218142 0.1048989 0.1047304 0.1272849 0.1278124 0.1314688 0.0877796 0.1092166 0.1254744 0.1078537 0.1071192 0.0996162 0.1065612 0.1063108 0.1413893 0.1034388 0.1048299 0.1032597 0.0983429 0.1038476 0.1218449 0.1188391 0.1077857 0.1659802 0.1062475 0.1618909 0.1083362 0.1051494 
Helianthus_annuus_SRR9119062               0.3318787 0.2328774 0.2771069 0.3119552 0.2815426 0.0778810 0.3397272 0.1340312 0.0000000 0.3266884 0.2799911 0.2841234 0.2606527 0.2781694 0.2577398 0.2625806 0.2805033 0.2505401 0.2972549 0.2634185 0.2654938 0.2620179 0.2553733 0.2670002 0.2741970 0.2704689 0.2835603 0.3883692 0.2962421 0.2607955 0.1948570 0.4418549 0.3887404 0.3982454 0.2579858 0.2358733 0.3272530 0.2623792 0.2752698 0.2760511 0.2496339 0.2648541 0.2807561 0.2608741 0.2705197 0.2908309 0.2669051 0.2712984 0.2720929 0.2525590 0.2646430 0.2690358 0.2932525 0.2807322 0.2578472 0.2358645 0.1896507 0.2165964 0.2636269 0.2720607 0.2745824 0.1909603 0.2935685 0.1231632 0.2789205 0.2978195 0.2813437 0.3288635 0.2251977 0.2706656 0.2658465 0.2901007 0.2703335 0.2581980 0.2719443 0.1531655 0.3326826 0.2810153 0.2838725 0.2816198 0.2824081 0.2751829 0.3138014 0.2549248 0.1446827 
Lycapsus_tenuifolius_17                    0.1450043 0.1519001 0.1226587 0.3771295 0.1441294 0.1222103 0.2819851 0.1556047 0.3266884 0.0000000 0.1469239 0.2108118 0.1548552 0.1619066 0.6418036 0.1715788 0.2309239 0.1171996 0.1999772 0.1704614 0.1403759 0.1572171 0.2689151 0.1620134 0.1634462 0.1546129 0.1774446 0.3979045 0.2307451 0.1656851 0.1327756 0.1948311 0.1459149 0.1455415 0.1446420 0.0863398 0.1777206 0.1685899 0.1865449 0.1643990 0.1327164 0.1596831 0.1690061 0.1519427 0.1628292 0.2366429 0.1570849 0.1574502 0.1558302 0.1314662 0.1580946 0.1559008 0.1809495 0.1800028 0.5622893 0.1387018 0.1237407 0.1180628 0.1573369 0.1573369 0.1952704 0.1343907 0.2100877 0.1345187 0.2133604 0.2346615 0.1815397 0.2038960 0.1608842 0.1673077 0.1603687 0.2089187 0.1522961 0.1545549 0.1545943 0.1176688 0.1998094 0.1733561 0.1684878 0.2036911 0.6109630 0.1589833 0.1557728 0.1152625 0.1212339 
Pericome_caudata_50_silver                 0.1582748 0.1500204 0.1506330 0.3287331 0.1662429 0.0238169 0.2659239 0.1218148 0.2799911 0.1469239 0.0000000 0.1732627 0.1426421 0.1577803 0.2175678 0.1632974 0.2066108 0.1352514 0.1617068 0.1646387 0.1439127 0.1481751 0.1988108 0.1539028 0.1509328 0.1910308 0.1631809 0.2786855 0.1893820 0.1403108 0.1253751 0.2848188 0.2528473 0.2712116 0.1429106 0.1307625 0.1466478 0.1565875 0.1734212 0.1636319 0.1275685 0.1546023 0.1346435 0.1330522 0.1281793 0.2174964 0.1555948 0.1477338 0.1483310 0.1216061 0.1500346 0.1455833 0.1512181 0.1651602 0.1398374 0.1239093 0.0984615 0.1002174 0.1472854 0.1491153 0.1700989 0.1050143 0.2046234 0.0816047 0.1739315 0.1929506 0.1659514 0.1398136 0.0851437 0.1584465 0.1530376 0.1965550 0.1482768 0.1443445 0.1484379 0.0844078 0.1356805 0.1350494 0.1590151 0.1765492 0.2667631 0.1498993 0.2228520 0.1110436 0.0905973 
Perityle_aglossa_84_dead_horse             0.2100742 0.1189582 0.1269395 0.3412853 0.1468583 0.0278024 0.2927584 0.1077357 0.2841234 0.2108118 0.1732627 0.0000000 0.0783808 0.1047859 0.0044381 0.1014882 0.1040764 0.1199169 0.1983910 0.0887255 0.0704422 0.0700992 0.2068411 0.0750407 0.0728093 0.1074259 0.0835816 0.2422329 0.1518725 0.1509968 0.1321635 0.3659003 0.2619193 0.3066309 0.0704417 0.1497201 0.1598030 0.0849774 0.1807527 0.1292105 0.0485323 0.0760610 0.1383580 0.0711769 0.1377169 0.1922736 0.0838051 0.0701608 0.0688946 0.0988738 0.0728492 0.0658319 0.0985021 0.0868399 0.0344105 0.1269160 0.0598293 0.0607083 0.0698839 0.0677642 0.1469428 0.0994228 0.1522074 0.0319108 0.0036628 0.1578790 0.0849272 0.1689734 0.1061064 0.0854794 0.0738579 0.1819736 0.0691754 0.0664613 0.0700613 0.0222778 0.1674982 0.1479583 0.0972231 0.0404403 0.1324498 0.0736753 0.1830255 0.1171547 0.0681184 
Perityle_ajoensis_204                      0.1543096 0.1118283 0.0979018 0.3209106 0.1184946 0.0318782 0.2795996 0.1091582 0.2606527 0.1548552 0.1426421 0.0783808 0.0000000 0.0262803 0.0430431 0.0754674 0.0912737 0.0888554 0.1539571 0.0731683 0.0288892 0.0147741 0.1801821 0.0266727 0.0217040 0.0502498 0.0761076 0.2412451 0.1434577 0.1425662 0.1323990 0.3052354 0.2325918 0.2876307 0.0543937 0.0862624 0.1417571 0.0721685 0.1489506 0.0718985 0.0252791 0.0286190 0.1103007 0.0185119 0.1025204 0.1836174 0.0639279 0.0147715 0.0124765 0.0805522 0.0296519 0.0173120 0.0476451 0.0796835 0.0405987 0.1069033 0.0574055 0.0497187 0.0147723 0.0130486 0.1294466 0.0939868 0.1341638 0.0318222 0.0786312 0.1495029 0.0782806 0.1567659 0.0850162 0.0684083 0.0260742 0.1674536 0.0171322 0.0130586 0.0176417 0.0076837 0.1541687 0.1183531 0.0733971 0.0741070 0.1257035 0.0143431 0.1542674 0.1019431 0.0651431 
Perityle_ambrosiifolia_67_green            0.1859936 0.1161280 0.1248835 0.3315030 0.1459471 0.0277989 0.2900760 0.1063695 0.2781694 0.1619066 0.1577803 0.1047859 0.0262803 0.0000000 0.1328191 0.1043220 0.1208600 0.1256043 0.1775209 0.1025591 0.0550001 0.0353732 0.2213181 0.0350468 0.0535193 0.0852306 0.1089759 0.2725458 0.1729275 0.1385765 0.1388252 0.3530298 0.2443342 0.2953791 0.0839266 0.0861569 0.1775778 0.0773146 0.1815665 0.1094880 0.0372089 0.0386529 0.1393689 0.0266129 0.1340033 0.2202801 0.0911138 0.0514918 0.0492022 0.1086074 0.0447757 0.0464015 0.0688877 0.1115888 0.0346221 0.1199968 0.0555283 0.0466234 0.0326617 0.0491977 0.1406534 0.0978307 0.1557290 0.0326893 0.1046660 0.1784501 0.1109099 0.1793967 0.0892001 0.0967141 0.0339160 0.1907103 0.0534222 0.0280933 0.0509458 0.0117871 0.1871151 0.1563178 0.0994454 0.1002359 0.1510037 0.0527771 0.1497334 0.1121258 0.0675465 
Perityle_angustifolia_13_Eagle_creek       0.1771945 0.0931956 0.0897155 0.1947510 0.0985064 0.0223551 0.1776532 0.1085604 0.2577398 0.6418036 0.2175678 0.0044381 0.0430431 0.1328191 0.0000000 0.0655564 0.0372828 0.1332060 0.1848224 0.0567308 0.0383874 0.0307306 0.1588391 0.0439913 0.0332674 0.0378545 0.0703021 0.0864305 0.1027568 0.1131658 0.0768315 0.5630825 0.7221821 0.6380804 0.0412469 0.0000010 0.0899869 0.0510225 0.2212065 0.1306475 0.0455989 0.0488788 0.0858893 0.0445108 0.0875803 0.1597511 0.0424294 0.0379672 0.0347411 0.0928203 0.0375526 0.0281278 0.0396272 0.0670133 0.0401388 0.1240983 0.0569411 0.0631273 0.0311446 0.0331887 0.1108437 0.0807224 0.0883432 0.0236575 0.0014767 0.1086504 0.0637360 0.0969604 0.0260758 0.0558511 0.0423744 0.1435210 0.0364804 0.0278631 0.0378360 0.0122576 0.1042935 0.0954150 0.0559897 0.0179366 0.1015793 0.0394289 0.6348934 0.1156304 0.0748231 
Perityle_batopilensis_97                   0.1970956 0.1114566 0.1155134 0.3405248 0.1291170 0.0441715 0.2858642 0.1153106 0.2625806 0.1715788 0.1632974 0.1014882 0.0754674 0.1043220 0.0655564 0.0000000 0.1009983 0.1098625 0.1870395 0.0824395 0.0666015 0.0708368 0.2193820 0.0732624 0.0735734 0.1080859 0.0966143 0.2361534 0.1408333 0.1456040 0.1396043 0.3546715 0.2482462 0.2861193 0.0589832 0.1173862 0.1521215 0.0839689 0.1767562 0.0597128 0.0538511 0.0737342 0.1204858 0.0710488 0.1217876 0.1872323 0.0742120 0.0731391 0.0688630 0.0980675 0.0727664 0.0679892 0.0839780 0.0964000 0.0574265 0.1224418 0.0634462 0.0535080 0.0705744 0.0688567 0.1245609 0.1010037 0.1383805 0.0527103 0.1005636 0.1460288 0.0949894 0.1696562 0.1077541 0.0850969 0.0720279 0.1934706 0.0720839 0.0681870 0.0683091 0.0350427 0.1659401 0.1316154 0.0877650 0.1007423 0.1331681 0.0732490 0.1779059 0.1080436 0.0765641 
Perityle_bisetosa_9                        0.2284648 0.1211328 0.1356524 0.3540091 0.1532370 0.0261421 0.3012348 0.1141102 0.2805033 0.2309239 0.2066108 0.1040764 0.0912737 0.1208600 0.0372828 0.1009983 0.0000000 0.1315288 0.2215121 0.0921362 0.0769720 0.0855224 0.1930535 0.0855820 0.0854857 0.1214628 0.1146052 0.2512993 0.1487501 0.1452184 0.1331642 0.3881943 0.2772763 0.3084018 0.0659314 0.1714105 0.1815606 0.0908975 0.1888811 0.1315865 0.0640104 0.0885162 0.1573994 0.0867360 0.1506254 0.1949477 0.0721919 0.0839233 0.0820129 0.1165979 0.0851523 0.0831761 0.1115750 0.1104516 0.0188701 0.1302643 0.0825418 0.0868925 0.0859300 0.0814123 0.1469792 0.1049998 0.1430153 0.0321949 0.0994896 0.1539704 0.1104480 0.1922608 0.1374967 0.0900696 0.0843468 0.1737616 0.0847239 0.0811236 0.0844357 0.0517658 0.1830021 0.1664573 0.1052054 0.1038284 0.1180969 0.0852918 0.2154371 0.1383055 0.0663752 
Perityle_californica_76_positas            0.1608981 0.1216913 0.0945946 0.2790726 0.0682463 0.0297790 0.2550591 0.1084791 0.2505401 0.1171996 0.1352514 0.1199169 0.0888554 0.1256043 0.1332060 0.1098625 0.1315288 0.0000000 0.1698231 0.0996529 0.0895293 0.0916788 0.2165263 0.1028641 0.1006248 0.1044276 0.1130059 0.2634203 0.1434844 0.1181564 0.1063885 0.2663490 0.1919729 0.2365682 0.0899441 0.0766096 0.1531827 0.0953317 0.1776192 0.1351329 0.1027106 0.0991303 0.1182022 0.0913237 0.1202828 0.1696678 0.0939694 0.0972620 0.0957576 0.1106804 0.0973144 0.0944870 0.1231229 0.1136821 0.0909173 0.1178620 0.0830556 0.0855521 0.0901372 0.0950536 0.1407014 0.0860044 0.1360595 0.0589554 0.1192626 0.1502281 0.1137145 0.1479242 0.0979860 0.1004862 0.1014048 0.1468634 0.0975203 0.0873452 0.0978908 0.0656303 0.1495338 0.1215480 0.1040053 0.1191505 0.1636192 0.0957473 0.1699467 0.0591333 0.0784173 
Perityle_canescens_77                      0.1575006 0.1771026 0.1734128 0.3672565 0.1713423 0.0339546 0.2971530 0.1371196 0.2972549 0.1999772 0.1617068 0.1983910 0.1539571 0.1775209 0.1848224 0.1870395 0.2215121 0.1698231 0.0000000 0.1817757 0.1602411 0.1636958 0.2378353 0.1738798 0.1687204 0.1877037 0.1682468 0.2879974 0.2134480 0.1595482 0.1615087 0.3606195 0.3246579 0.3378800 0.1516238 0.1868528 0.1530847 0.1711901 0.2096455 0.1843888 0.1613549 0.1753586 0.1428040 0.1496394 0.1497170 0.2280106 0.1789482 0.1626292 0.1639874 0.1412837 0.1691582 0.1643585 0.1629151 0.1653923 0.1229061 0.1519587 0.1278690 0.1265735 0.1607943 0.1647226 0.2079000 0.1473804 0.2130067 0.0709988 0.1978009 0.2166527 0.1695394 0.1800504 0.1216538 0.1728097 0.1721879 0.2105205 0.1639808 0.1585657 0.1680784 0.1117620 0.1797592 0.1714267 0.1790985 0.1932798 0.2069789 0.1639487 0.2955104 0.1465940 0.0944749 
Perityle_castillonii_96                    0.1827689 0.1069768 0.1008102 0.2985536 0.1267785 0.0298007 0.2380324 0.1059032 0.2634185 0.1704614 0.1646387 0.0887255 0.0731683 0.1025591 0.0567308 0.0824395 0.0921362 0.0996529 0.1817757 0.0000000 0.0608584 0.0680241 0.1942549 0.0701843 0.0678158 0.0867260 0.0825221 0.2361327 0.1430917 0.1401917 0.1370107 0.3359074 0.2409567 0.2672543 0.0665767 0.1024783 0.1445624 0.0159417 0.1646605 0.1138791 0.0460179 0.0724617 0.1208716 0.0628945 0.1168590 0.1804053 0.0709537 0.0661365 0.0654956 0.0852376 0.0690057 0.0621576 0.0947499 0.0820209 0.0430751 0.1254445 0.0558943 0.0468886 0.0670926 0.0654893 0.1374530 0.0953437 0.1219994 0.0295240 0.0890880 0.1471567 0.0799064 0.1666591 0.0432334 0.0297048 0.0689151 0.1724690 0.0663835 0.0646826 0.0661624 0.0276171 0.1601427 0.1392213 0.0658401 0.0864590 0.1034789 0.0687044 0.1722731 0.0980757 0.0662818 
Perityle_cernua_84                         0.1678387 0.1055842 0.0865872 0.3188510 0.1127447 0.0277932 0.2735226 0.1032829 0.2654938 0.1403759 0.1439127 0.0704422 0.0288892 0.0550001 0.0383874 0.0666015 0.0769720 0.0895293 0.1602411 0.0608584 0.0000000 0.0253725 0.1981011 0.0267792 0.0249840 0.0605054 0.0695916 0.2271900 0.1339681 0.1257076 0.1218235 0.3279103 0.2276814 0.2722058 0.0396490 0.0731892 0.1315784 0.0581203 0.1676971 0.0967825 0.0231085 0.0280274 0.1064320 0.0280160 0.1035757 0.1746349 0.0512840 0.0259412 0.0242968 0.0793211 0.0273209 0.0218914 0.0501061 0.0716302 0.0266100 0.1220828 0.0518244 0.0392520 0.0260428 0.0242947 0.1282907 0.0936604 0.1204300 0.0279176 0.0711654 0.1411900 0.0722370 0.1459153 0.0755451 0.0570511 0.0256817 0.1592197 0.0270778 0.0238591 0.0248476 0.0105712 0.1429863 0.1175211 0.0618384 0.0722973 0.1169360 0.0267014 0.1439011 0.0986463 0.0599206 
Perityle_cfvillosa_25_tin                  0.1754250 0.1106762 0.0967076 0.3203016 0.1158444 0.0257792 0.2719725 0.1061900 0.2620179 0.1572171 0.1481751 0.0700992 0.0147741 0.0353732 0.0307306 0.0708368 0.0855224 0.0916788 0.1636958 0.0680241 0.0253725 0.0000000 0.1905063 0.0216424 0.0187894 0.0480479 0.0738833 0.2371864 0.1394231 0.1379362 0.1295780 0.3244966 0.2390079 0.2865182 0.0466351 0.0886139 0.1395041 0.0659788 0.1679635 0.0935914 0.0183060 0.0228704 0.1100582 0.0140496 0.1093937 0.1778031 0.0578872 0.0095550 0.0021091 0.0828368 0.0238581 0.0129254 0.0496385 0.0766051 0.0330703 0.1176076 0.0526742 0.0443941 0.0042444 0.0026373 0.1294222 0.0909885 0.1276575 0.0266407 0.0702478 0.1453360 0.0753027 0.1503545 0.0826971 0.0649026 0.0205391 0.1633205 0.0122599 0.0074534 0.0122200 0.0028700 0.1479283 0.1219272 0.0679405 0.0660934 0.1246910 0.0085635 0.1585786 0.0983465 0.0620257 
Perityle_cinerea_113_Powell1310            0.2305007 0.1659936 0.2270513 0.2870943 0.2089323 0.0271885 0.2586729 0.1489029 0.2553733 0.2689151 0.1988108 0.2068411 0.1801821 0.2213181 0.1588391 0.2193820 0.1930535 0.2165263 0.2378353 0.1942549 0.1981011 0.1905063 0.0000000 0.2004379 0.1956027 0.1953854 0.1642798 0.3227399 0.2220374 0.1907707 0.2024032 0.3278787 0.3634791 0.3012125 0.1650364 0.2346003 0.2517715 0.1837999 0.2260141 0.2253411 0.2016872 0.1985198 0.2007464 0.1762966 0.2138044 0.2247231 0.1875607 0.1991926 0.1953862 0.2154759 0.2005132 0.1941315 0.2014302 0.1629349 0.0719048 0.2068382 0.1547027 0.1522287 0.1846867 0.1952832 0.2108733 0.1899640 0.2151609 0.0723969 0.2063410 0.2254477 0.1641206 0.2309227 0.0965901 0.1969182 0.1989781 0.2242058 0.1967447 0.1824155 0.1940433 0.1176934 0.2340777 0.2438382 0.2121355 0.2041539 0.1975022 0.1993167 0.2749031 0.2173338 0.1611198 
Perityle_coahuilensis_24                   0.1804137 0.1182423 0.0964670 0.3246923 0.1187051 0.0278300 0.2793540 0.1078798 0.2670002 0.1620134 0.1539028 0.0750407 0.0266727 0.0350468 0.0439913 0.0732624 0.0855820 0.1028641 0.1738798 0.0701843 0.0267792 0.0216424 0.2004379 0.0000000 0.0244426 0.0582279 0.0784551 0.2309658 0.1461224 0.1385389 0.1373959 0.3313647 0.2382431 0.2954039 0.0496091 0.0849503 0.1428367 0.0650721 0.1690310 0.1026810 0.0038613 0.0084114 0.1133023 0.0258075 0.1112850 0.1807459 0.0611812 0.0227239 0.0205585 0.0855617 0.0174040 0.0175826 0.0432908 0.0810767 0.0300138 0.1232041 0.0555272 0.0474054 0.0217391 0.0205567 0.1336599 0.0979081 0.1292189 0.0327134 0.0746420 0.1527812 0.0804453 0.1536928 0.0892030 0.0652089 0.0010398 0.1692526 0.0249406 0.0190041 0.0221752 0.0127841 0.1514062 0.1241319 0.0705524 0.0740591 0.1314961 0.0240072 0.1511257 0.1060916 0.0665175 
Perityle_cochisensis_44_cave_creek         0.1771417 0.1136636 0.0965397 0.3236203 0.1223280 0.0298293 0.2766380 0.1077224 0.2741970 0.1634462 0.1509328 0.0728093 0.0217040 0.0535193 0.0332674 0.0735734 0.0854857 0.1006248 0.1687204 0.0678158 0.0249840 0.0187894 0.1956027 0.0244426 0.0000000 0.0533012 0.0779389 0.2286557 0.1420503 0.1379858 0.1336888 0.3353876 0.2412541 0.2916623 0.0471319 0.0846954 0.1396706 0.0664193 0.1663527 0.1021095 0.0230455 0.0251229 0.1096547 0.0233314 0.1102691 0.1766825 0.0618671 0.0183366 0.0167267 0.0815748 0.0255575 0.0147992 0.0500055 0.0793103 0.0305168 0.1237905 0.0527047 0.0473561 0.0188727 0.0167253 0.1339917 0.0952413 0.1269480 0.0305419 0.0729825 0.1485805 0.0786842 0.1551011 0.0827097 0.0641984 0.0233562 0.1685784 0.0205159 0.0177944 0.0183214 0.0076787 0.1520230 0.1219894 0.0700285 0.0752633 0.1324772 0.0174229 0.1574959 0.1029861 0.0650330 
Perityle_congesta_202                      0.2079945 0.1055580 0.1291736 0.3244586 0.1565250 0.0257792 0.2783463 0.1011810 0.2704689 0.1546129 0.1910308 0.1074259 0.0502498 0.0852306 0.0378545 0.1080859 0.1214628 0.1044276 0.1877037 0.0867260 0.0605054 0.0480479 0.1953854 0.0582279 0.0533012 0.0000000 0.1153214 0.2581553 0.1867093 0.1795809 0.1282689 0.3439707 0.2458905 0.2855866 0.0838703 0.0860881 0.1728587 0.1005012 0.1977086 0.1263144 0.0557297 0.0597280 0.1505188 0.0521837 0.1454824 0.2046559 0.0908791 0.0462825 0.0451023 0.1216792 0.0565908 0.0491304 0.0855223 0.1165581 0.0998905 0.1591707 0.0627011 0.0662365 0.0465407 0.0450982 0.1580141 0.0915109 0.1446028 0.0253600 0.1079687 0.1947627 0.1158841 0.1859929 0.0782842 0.1012781 0.0570577 0.2055433 0.0481041 0.0465782 0.0490564 0.0009557 0.1875781 0.1491542 0.1038364 0.1109992 0.1209193 0.0431825 0.1551952 0.1351402 0.0578985 
Perityle_cordifolia_27                     0.1786732 0.1174531 0.1181423 0.3053512 0.1367905 0.0318363 0.2708263 0.1124415 0.2835603 0.1774446 0.1631809 0.0835816 0.0761076 0.1089759 0.0703021 0.0966143 0.1146052 0.1130059 0.1682468 0.0825221 0.0695916 0.0738833 0.1642798 0.0784551 0.0779389 0.1153214 0.0000000 0.2191392 0.1419582 0.1395092 0.1260244 0.3669427 0.2585449 0.2779458 0.0694963 0.1266480 0.1423496 0.0811059 0.1849222 0.1291797 0.0599585 0.0789028 0.1213837 0.0718175 0.1295771 0.1927803 0.0822915 0.0756367 0.0724264 0.0964389 0.0760344 0.0703753 0.1027826 0.0197806 0.0531004 0.1275893 0.0506322 0.0551890 0.0748912 0.0718017 0.1359598 0.0947499 0.1407268 0.0111833 0.0832603 0.1475035 0.0186284 0.1506795 0.0874165 0.0800955 0.0771672 0.1721364 0.0758287 0.0705242 0.0743096 0.0275369 0.1473010 0.1434835 0.0851841 0.0942916 0.1433378 0.0744950 0.1744234 0.1079979 0.0638822 
Perityle_cordifolia_68_tecolote            0.3207092 0.2165840 0.2377624 0.3949022 0.2553229 0.1107298 0.3568849 0.1956981 0.3883692 0.3979045 0.2786855 0.2422329 0.2412451 0.2725458 0.0864305 0.2361534 0.2512993 0.2634203 0.2879974 0.2361327 0.2271900 0.2371864 0.3227399 0.2309658 0.2286557 0.2581553 0.2191392 0.0000000 0.2548276 0.2386113 0.2517991 0.4897652 0.4524059 0.4659127 0.1963080 0.4113462 0.2625745 0.2468927 0.3090859 0.2770784 0.2168129 0.2317049 0.2360535 0.2454903 0.2610427 0.3013100 0.2438236 0.2338958 0.2320982 0.2307516 0.2319634 0.2303890 0.2400885 0.2166970 0.0736723 0.2407815 0.1787579 0.2280157 0.2386675 0.2313155 0.2626121 0.2420046 0.2440620 0.1390808 0.2421499 0.2635028 0.2191391 0.2682833 0.2584144 0.2362129 0.2293260 0.2669261 0.2326592 0.2341621 0.2338497 0.1876253 0.2654497 0.2698341 0.2504882 0.2451877 0.1400049 0.2372888 0.4383061 0.2539575 0.1807605 
Perityle_coronopifolia_28_patagonia        0.2034856 0.1209361 0.1449168 0.3558356 0.1576614 0.0276913 0.2866407 0.1225703 0.2962421 0.2307451 0.1893820 0.1518725 0.1434577 0.1729275 0.1027568 0.1408333 0.1487501 0.1434844 0.2134480 0.1430917 0.1339681 0.1394231 0.2220374 0.1461224 0.1420503 0.1867093 0.1419582 0.2548276 0.0000000 0.1429673 0.1264714 0.3611000 0.2993950 0.3136498 0.1264554 0.2063995 0.1631388 0.1349934 0.1634814 0.1590434 0.1181029 0.1439704 0.1454437 0.1387534 0.1404457 0.1875414 0.1461919 0.1420306 0.1386171 0.1094786 0.1443124 0.1366996 0.1397892 0.1402661 0.0748736 0.0628665 0.0871807 0.1135686 0.1380450 0.1379221 0.0429718 0.0476645 0.1731650 0.0643333 0.1457404 0.0176710 0.1417365 0.1809848 0.1551211 0.1402618 0.1446751 0.1860480 0.1405562 0.1347059 0.1406950 0.0751136 0.1781260 0.1535234 0.1497778 0.1542091 0.0779355 0.1408770 0.2945501 0.1252071 0.0689673 
Perityle_crassifolia_70_ventanas           0.1338477 0.1160777 0.1195191 0.3283103 0.1139907 0.0258186 0.2685442 0.1353738 0.2607955 0.1656851 0.1403108 0.1509968 0.1425662 0.1385765 0.1131658 0.1456040 0.1452184 0.1181564 0.1595482 0.1401917 0.1257076 0.1379362 0.1907707 0.1385389 0.1379858 0.1795809 0.1395092 0.2386113 0.1429673 0.0000000 0.0081114 0.3199458 0.2658596 0.1905990 0.1352024 0.1599510 0.1483957 0.1386335 0.1382764 0.1392484 0.1392671 0.1377547 0.1333251 0.1365960 0.1354185 0.1495372 0.1410694 0.1362288 0.1361687 0.1278840 0.1379129 0.1327470 0.1502084 0.1350795 0.1020528 0.1204700 0.1044244 0.1326433 0.1380228 0.1361687 0.1519375 0.1286727 0.1682998 0.0689226 0.1482646 0.1449500 0.1377190 0.1455094 0.1275383 0.1369642 0.1375858 0.0530938 0.1314741 0.1346292 0.1398126 0.1065168 0.1396375 0.1475442 0.1475229 0.1456185 0.1520774 0.1393977 0.2612644 0.1124850 0.0753357 
Perityle_crassifolia_74_playa_balandra     0.1016662 0.0980426 0.0997867 0.2585653 0.1009564 0.0317410 0.1868501 0.1348695 0.1948570 0.1327756 0.1253751 0.1321635 0.1323990 0.1388252 0.0768315 0.1396043 0.1331642 0.1063885 0.1615087 0.1370107 0.1218235 0.1295780 0.2024032 0.1373959 0.1336888 0.1282689 0.1260244 0.2517991 0.1264714 0.0081114 0.0000000 0.1881874 0.1736613 0.1477569 0.1309208 0.1386761 0.1284130 0.1340148 0.1314108 0.1329053 0.1430652 0.1386923 0.1313500 0.1283850 0.1307896 0.1299994 0.1267529 0.1308753 0.1281941 0.1309236 0.1345655 0.1242783 0.1388053 0.1230536 0.0770761 0.1078970 0.1142628 0.1349818 0.1295780 0.1281941 0.1381976 0.1216060 0.1456681 0.0679694 0.1322310 0.1280417 0.1244121 0.1001541 0.1145262 0.1312115 0.1388532 0.0595262 0.1255502 0.1296439 0.1295115 0.1167142 0.0932563 0.1255738 0.1415385 0.1322991 0.0966187 0.1310697 0.2112304 0.1048749 0.0678805 
Perityle_cuneata_34_cuneata_San_antonio    0.3834904 0.2819681 0.3204793 0.4444903 0.3268014 0.1088780 0.4190103 0.2017344 0.4418549 0.1948311 0.2848188 0.3659003 0.3052354 0.3530298 0.5630825 0.3546715 0.3881943 0.2663490 0.3606195 0.3359074 0.3279103 0.3244966 0.3278787 0.3313647 0.3353876 0.3439707 0.3669427 0.4897652 0.3611000 0.3199458 0.1881874 0.0000000 0.2617847 0.3359154 0.3242275 0.1609919 0.3845685 0.3384203 0.3830340 0.3620082 0.3185205 0.3302645 0.3284844 0.3056577 0.3287785 0.4184828 0.3341126 0.3316955 0.3301777 0.3279909 0.3357756 0.3252350 0.3489072 0.3711600 0.5127765 0.3268715 0.2260966 0.2484161 0.3212882 0.3309428 0.3420635 0.1912589 0.3577767 0.2313650 0.3674415 0.3652376 0.3721323 0.3722442 0.2251829 0.3420105 0.3311395 0.4156022 0.3301839 0.3197536 0.3306778 0.2180743 0.3739735 0.3431443 0.3407830 0.3662388 0.5531521 0.3312246 0.2758666 0.2247015 0.2553030 
Perityle_cuneata_4                         0.2859207 0.2010529 0.2315520 0.4385970 0.2405514 0.1101118 0.3559502 0.1702813 0.3887404 0.1459149 0.2528473 0.2619193 0.2325918 0.2443342 0.7221821 0.2482462 0.2772763 0.1919729 0.3246579 0.2409567 0.2276814 0.2390079 0.3634791 0.2382431 0.2412541 0.2458905 0.2585449 0.4524059 0.2993950 0.2658596 0.1736613 0.2617847 0.0000000 0.2518065 0.2380354 0.1558597 0.3181021 0.2328139 0.2535119 0.2530369 0.1972098 0.2356650 0.2719085 0.2294990 0.2498351 0.3001706 0.2405801 0.2405888 0.2428883 0.2143041 0.2296529 0.2403321 0.2356751 0.2564224 0.5595629 0.2189365 0.1711636 0.1741831 0.2370871 0.2415881 0.2699034 0.1583675 0.2798313 0.1800686 0.2623079 0.3015340 0.2591295 0.3179838 0.2519274 0.2421312 0.2367982 0.3153676 0.2368175 0.2323863 0.2392568 0.1561808 0.3155611 0.2521527 0.2563702 0.2658109 0.8139966 0.2441416 0.1694845 0.1876502 0.1741875 
Perityle_discoidea_81                      0.2707643 0.2121079 0.2450654 0.4427057 0.2548993 0.1247360 0.3629718 0.1833382 0.3982454 0.1455415 0.2712116 0.3066309 0.2876307 0.2953791 0.6380804 0.2861193 0.3084018 0.2365682 0.3378800 0.2672543 0.2722058 0.2865182 0.3012125 0.2954039 0.2916623 0.2855866 0.2779458 0.4659127 0.3136498 0.1905990 0.1477569 0.3359154 0.2518065 0.0000000 0.2860636 0.2193471 0.2856659 0.2685057 0.2665643 0.2751005 0.2430441 0.2946862 0.2933015 0.2869090 0.2835264 0.3271895 0.2879495 0.2905417 0.2850088 0.2232296 0.2881430 0.2886109 0.3152395 0.2820083 0.5280109 0.1834022 0.2043140 0.2291943 0.2867563 0.2834003 0.2965889 0.1682734 0.3079423 0.1310471 0.3026920 0.3173241 0.2818682 0.3167097 0.2738076 0.2597250 0.2933797 0.2397806 0.2777843 0.2888290 0.2817643 0.2063778 0.3041675 0.2955290 0.2941858 0.3112004 0.5935404 0.2887742 0.2521841 0.2246869 0.1275162 
Perityle_dissecta_201                      0.1350125 0.1172556 0.0942127 0.3128546 0.1107323 0.0298113 0.2463790 0.1110075 0.2579858 0.1446420 0.1429106 0.0704417 0.0543937 0.0839266 0.0412469 0.0589832 0.0659314 0.0899441 0.1516238 0.0665767 0.0396490 0.0466351 0.1650364 0.0496091 0.0471319 0.0838703 0.0694963 0.1963080 0.1264554 0.1352024 0.1309208 0.3242275 0.2380354 0.2860636 0.0000000 0.0948482 0.0968660 0.0650584 0.1636981 0.0906629 0.0316575 0.0496024 0.1057442 0.0493782 0.1000135 0.1731871 0.0369070 0.0484119 0.0440957 0.0769425 0.0459402 0.0434726 0.0461589 0.0696987 0.0253285 0.1173897 0.0637218 0.0445144 0.0468785 0.0434862 0.1265375 0.1016036 0.1244756 0.0330973 0.0699641 0.1308662 0.0703714 0.1176572 0.0701403 0.0627038 0.0483581 0.1674119 0.0485308 0.0450464 0.0471295 0.0233873 0.1138081 0.1061071 0.0610136 0.0765041 0.1269810 0.0451919 0.1742487 0.0943267 0.0689018 
Perityle_emoryi_47_punta_san_jose          0.1407804 0.1044812 0.0443656 0.3445656 0.1340790 0.0284865 0.2878065 0.0977704 0.2358733 0.0863398 0.1307625 0.1497201 0.0862624 0.0861569 0.0000010 0.1173862 0.1714105 0.0766096 0.1868528 0.1024783 0.0731892 0.0886139 0.2346003 0.0849503 0.0846954 0.0860881 0.1266480 0.4113462 0.2063995 0.1599510 0.1386761 0.1609919 0.1558597 0.2193471 0.0948482 0.0000000 0.2139985 0.1024021 0.1316230 0.1225167 0.0504756 0.0847225 0.1559269 0.0770101 0.1253320 0.1859153 0.1005538 0.0860146 0.0872824 0.0792024 0.0839928 0.0861129 0.1090154 0.1230558 0.0000010 0.0961631 0.0776822 0.0567963 0.0898140 0.0885687 0.1716110 0.0800819 0.1793695 0.0410953 0.1533742 0.2161587 0.1277542 0.2475526 0.1330048 0.1049728 0.0836088 0.2306861 0.0890828 0.0848113 0.0835545 0.0470905 0.2379416 0.1530041 0.1120252 0.1325735 0.3672461 0.0898655 0.1037671 0.0983970 0.0593834 
Perityle_feddemae_99                       0.1978583 0.1162550 0.1452904 0.3221471 0.1696557 0.0258644 0.2735150 0.1160174 0.3272530 0.1777206 0.1466478 0.1598030 0.1417571 0.1775778 0.0899869 0.1521215 0.1815606 0.1531827 0.1530847 0.1445624 0.1315784 0.1395041 0.2517715 0.1428367 0.1396706 0.1728587 0.1423496 0.2625745 0.1631388 0.1483957 0.1284130 0.3845685 0.3181021 0.2856659 0.0968660 0.2139985 0.0000000 0.1460036 0.1818504 0.1879642 0.1275845 0.1395243 0.0537346 0.1397129 0.0890145 0.1781474 0.1444491 0.1395459 0.1374551 0.0701765 0.1397709 0.1349309 0.1488349 0.1375398 0.0700565 0.1360729 0.0996982 0.1060401 0.1402488 0.1367843 0.1653073 0.0861891 0.1859243 0.0578641 0.1582540 0.1731092 0.1410894 0.1647809 0.1204744 0.1444583 0.1414435 0.1969209 0.1375176 0.1377385 0.1389058 0.0580751 0.1655399 0.1671153 0.1508867 0.1688427 0.1282786 0.1416818 0.2730384 0.1481213 0.0580153 
Perityle_fosteri_93                        0.1785373 0.1071197 0.1021843 0.3193544 0.1264485 0.0298611 0.2612260 0.1095388 0.2623792 0.1685899 0.1565875 0.0849774 0.0721685 0.0773146 0.0510225 0.0839689 0.0908975 0.0953317 0.1711901 0.0159417 0.0581203 0.0659788 0.1837999 0.0650721 0.0664193 0.1005012 0.0811059 0.2468927 0.1349934 0.1386335 0.1340148 0.3384203 0.2328139 0.2685057 0.0650584 0.1024021 0.1460036 0.0000000 0.1616264 0.1046529 0.0444202 0.0685153 0.1177691 0.0624472 0.1140339 0.1772524 0.0707437 0.0648598 0.0635554 0.0839744 0.0675932 0.0608436 0.0910284 0.0826103 0.0492672 0.1212937 0.0586528 0.0487777 0.0659709 0.0641530 0.1338089 0.1010586 0.1232244 0.0347990 0.0852915 0.1381587 0.0805408 0.1580064 0.0379042 0.0217126 0.0650767 0.1681836 0.0661960 0.0630186 0.0659971 0.0305696 0.1533084 0.1362307 0.0676413 0.0770796 0.1199157 0.0674279 0.1708949 0.0983759 0.0651980 
Perityle_gamon_221                         0.2146957 0.1575995 0.1524112 0.3326186 0.1904664 0.0277767 0.2696340 0.1379711 0.2752698 0.1865449 0.1734212 0.1807527 0.1489506 0.1815665 0.2212065 0.1767562 0.1888811 0.1776192 0.2096455 0.1646605 0.1676971 0.1679635 0.2260141 0.1690310 0.1663527 0.1977086 0.1849222 0.3090859 0.1634814 0.1382764 0.1314108 0.3830340 0.2535119 0.2665643 0.1636981 0.1316230 0.1818504 0.1616264 0.0000000 0.1855135 0.1714273 0.1731259 0.1578351 0.1504499 0.1499389 0.0370422 0.1716377 0.1651627 0.1656107 0.1489355 0.1745277 0.1645857 0.1907431 0.1839378 0.1420213 0.1498156 0.1104902 0.1226021 0.1667340 0.1648541 0.1757967 0.0989972 0.1999939 0.0466449 0.1762131 0.1664329 0.1839124 0.2104173 0.1289064 0.1636896 0.1689289 0.1892790 0.1662427 0.1667446 0.1686730 0.1015685 0.2034036 0.1856935 0.1772483 0.1790552 0.2596890 0.1688506 0.2257331 0.1503199 0.0637321 
Perityle_gentryi_8_san_francisco           0.2139453 0.1036807 0.1386549 0.3358419 0.1622974 0.0399035 0.2892469 0.1148599 0.2760511 0.1643990 0.1636319 0.1292105 0.0718985 0.1094880 0.1306475 0.0597128 0.1315865 0.1351329 0.1843888 0.1138791 0.0967825 0.0935914 0.2253411 0.1026810 0.1021095 0.1263144 0.1291797 0.2770784 0.1590434 0.1392484 0.1329053 0.3620082 0.2530369 0.2751005 0.0906629 0.1225167 0.1879642 0.1046529 0.1855135 0.0000000 0.0860678 0.1053021 0.1448102 0.0714249 0.1441266 0.2193765 0.1042861 0.1021550 0.0981578 0.1231806 0.1046603 0.0957187 0.1074797 0.1303721 0.0574404 0.1113533 0.0595162 0.0533337 0.0921642 0.0987702 0.1325100 0.0993223 0.1649297 0.0415855 0.1296336 0.1638086 0.1288381 0.1899219 0.0974900 0.1126730 0.1026264 0.1971476 0.1004085 0.0889892 0.0981614 0.0328196 0.1909458 0.1625406 0.1113540 0.1253374 0.1565409 0.1014291 0.1811507 0.1117182 0.0698904 
Perityle_gilensis_22_Superstition          0.1640346 0.1152205 0.0811573 0.3056742 0.0932960 0.0278081 0.2571623 0.1107654 0.2496339 0.1327164 0.1275685 0.0485323 0.0252791 0.0372089 0.0455989 0.0538511 0.0640104 0.1027106 0.1613549 0.0460179 0.0231085 0.0183060 0.2016872 0.0038613 0.0230455 0.0557297 0.0599585 0.2168129 0.1181029 0.1392671 0.1430652 0.3185205 0.1972098 0.2430441 0.0316575 0.0504756 0.1275845 0.0444202 0.1714273 0.0860678 0.0000000 0.0089070 0.0913958 0.0239844 0.0918433 0.1545902 0.0375376 0.0200998 0.0178193 0.0868180 0.0155980 0.0152128 0.0428552 0.0586685 0.0326991 0.1232189 0.0573728 0.0489160 0.0189787 0.0172544 0.1210669 0.1007744 0.1000093 0.0290492 0.0472733 0.1234813 0.0580205 0.1314187 0.0636170 0.0448578 0.0027552 0.1592563 0.0229615 0.0166665 0.0206504 0.0137618 0.1294596 0.1058338 0.0546473 0.0495483 0.1335029 0.0214300 0.1173539 0.1075886 0.0685874 
Perityle_gilensis_salensis_225             0.1777645 0.1193035 0.0983472 0.3270512 0.1218377 0.0277830 0.2748585 0.1047874 0.2648541 0.1596831 0.1546023 0.0760610 0.0286190 0.0386529 0.0488788 0.0737342 0.0885162 0.0991303 0.1753586 0.0724617 0.0280274 0.0228704 0.1985198 0.0084114 0.0251229 0.0597280 0.0789028 0.2317049 0.1439704 0.1377547 0.1386923 0.3302645 0.2356650 0.2946862 0.0496024 0.0847225 0.1395243 0.0685153 0.1731259 0.1053021 0.0089070 0.0000000 0.1159531 0.0283143 0.1150714 0.1833088 0.0627055 0.0239300 0.0217480 0.0886829 0.0185743 0.0198497 0.0423735 0.0802510 0.0367092 0.1220955 0.0564175 0.0450915 0.0229732 0.0217460 0.1321608 0.0948438 0.1306695 0.0313266 0.0756696 0.1519805 0.0809020 0.1518240 0.0892155 0.0679247 0.0073526 0.1735044 0.0261656 0.0202194 0.0233767 0.0107885 0.1495701 0.1202401 0.0720934 0.0756598 0.1357316 0.0252329 0.1503023 0.1066214 0.0664334 
Perityle_glaucescens_94                    0.1690410 0.1240557 0.1218752 0.3332218 0.1371615 0.0238585 0.2653223 0.1192687 0.2807561 0.1690061 0.1346435 0.1383580 0.1103007 0.1393689 0.0858893 0.1204858 0.1573994 0.1182022 0.1428040 0.1208716 0.1064320 0.1100582 0.2007464 0.1133023 0.1096547 0.1505188 0.1213837 0.2360535 0.1454437 0.1333251 0.1313500 0.3284844 0.2719085 0.2933015 0.1057442 0.1559269 0.0537346 0.1177691 0.1578351 0.1448102 0.0913958 0.1159531 0.0000000 0.1099680 0.0259258 0.1682271 0.1236410 0.1112714 0.1084412 0.0234302 0.1121032 0.1048441 0.1146289 0.1203326 0.0696666 0.1342807 0.0939485 0.0872501 0.1099759 0.1084309 0.1388308 0.0920222 0.1684906 0.0593569 0.1359004 0.1543053 0.1238279 0.1189141 0.1177293 0.1139409 0.1119351 0.1775670 0.1076485 0.1061576 0.1085144 0.0611080 0.1161055 0.1163939 0.1212397 0.1405845 0.1259027 0.1110279 0.2417801 0.1093186 0.0567702 
Perityle_gracilis_11                       0.1569927 0.1138992 0.0941207 0.3244771 0.1103221 0.0298382 0.2783330 0.1062816 0.2608741 0.1519427 0.1330522 0.0711769 0.0185119 0.0266129 0.0445108 0.0710488 0.0867360 0.0913237 0.1496394 0.0628945 0.0280160 0.0140496 0.1762966 0.0258075 0.0233314 0.0521837 0.0718175 0.2454903 0.1387534 0.1365960 0.1283850 0.3056577 0.2294990 0.2869090 0.0493782 0.0770101 0.1397129 0.0624472 0.1504499 0.0714249 0.0239844 0.0283143 0.1099680 0.0000000 0.1083238 0.1747910 0.0562809 0.0140472 0.0117787 0.0860671 0.0287516 0.0165542 0.0542119 0.0739793 0.0403145 0.1123144 0.0562423 0.0466706 0.0140480 0.0123442 0.1334949 0.0938283 0.1312359 0.0305867 0.0707388 0.1427624 0.0719320 0.1529319 0.0850855 0.0638387 0.0252162 0.1613849 0.0158075 0.0123536 0.0174609 0.0076805 0.1494618 0.1242723 0.0693214 0.0663057 0.1369134 0.0170680 0.1505208 0.0997770 0.0651131 
