85
Amauria_brandeegeana_62                    0.0000000 0.0735570 0.2250016 0.1655356 0.1193171 0.1119132 0.1327973 0.4541076 0.6697369 0.0490350 0.0914534 0.0853025 0.1048099 0.1012503 0.0916524 0.1066522 0.1088738 0.1073438 0.1072393 0.0842911 0.0954058 0.1030621 0.0807797 0.1076322 0.0881175 0.1095774 0.1092726 0.1189756 0.0896940 0.0864900 0.1263941 0.1091476 0.0956234 0.0544069 0.1028464 0.0910605 0.1013765 0.0982795 0.1695939 0.1057323 0.1003122 0.1121535 0.1035188 0.1008966 0.0970706 0.1105337 0.1043479 0.1002196 0.1044958 0.0970436 0.0988098 0.1069707 0.0989321 0.1011490 0.1094622 0.0869111 0.0835574 0.1052677 0.1030621 0.0883581 0.1510731 0.0984421 0.0633724 0.0882691 0.0940138 0.3358019 0.0959897 0.5811881 0.0709546 0.0927762 0.1062977 0.0750352 0.1040517 0.1016851 0.0949013 0.4386433 0.1176641 0.1090884 0.1043467 0.0861219 0.0641669 0.1042047 0.0910605 0.0962942 0.1015352 
Amauria_carterae_99_mesa                   0.0735570 0.0000000 0.2071015 0.0987108 0.1228305 0.1285964 0.0790801 0.3353206 0.5132205 0.0791939 0.1062905 0.0707327 0.1013287 0.1077328 0.0787892 0.0845027 0.0900772 0.0704402 0.0971534 0.0788514 0.0850917 0.1012071 0.0687840 0.0984326 0.0981419 0.0927057 0.0873775 0.1013504 0.0961141 0.0712719 0.1145616 0.0844491 0.0930609 0.0820508 0.0902889 0.0871823 0.0966866 0.0843987 0.1297918 0.0901908 0.0988329 0.0937248 0.0883326 0.0845751 0.0922053 0.1042569 0.0814914 0.0982932 0.1042069 0.0864311 0.0957812 0.0983952 0.0846111 0.0789455 0.1112101 0.1259132 0.0807016 0.0957203 0.1012071 0.0873047 0.1517357 0.0744500 0.0901378 0.0680199 0.1013043 0.0928104 0.0834131 0.4512963 0.0809982 0.0733462 0.0984326 0.0822130 0.0928544 0.1013068 0.0732428 0.2734327 0.1110550 0.1020611 0.0900028 0.0464557 0.0826732 0.1038724 0.0871823 0.0991692 0.0829296 
Amauria_rotundifolia_SRR9119150            0.2250016 0.2071015 0.0000000 0.3765264 0.2693189 0.1936584 0.2912017 0.6531940 0.8129083 0.2420005 0.2602917 0.2545371 0.2438338 0.2462882 0.2106432 0.2636612 0.3258632 0.2813327 0.2919378 0.2248681 0.2272951 0.2510279 0.1738712 0.2555471 0.2186411 0.2515613 0.2505586 0.2631986 0.2306906 0.3581958 0.3978882 0.2576508 0.2727190 0.2468749 0.2456584 0.2737052 0.2855137 0.2204919 0.2874925 0.2712017 0.2467239 0.2522067 0.2834881 0.2884028 0.2803017 0.3012842 0.2434027 0.2453732 0.2527712 0.2762422 0.2539667 0.2521140 0.2235104 0.2581757 0.2303994 0.1451331 0.3393525 0.2443320 0.2510220 0.2357149 0.3567060 0.4428392 0.1102396 0.2436092 0.2322134 0.5385496 0.3364058 0.7754791 0.1074046 0.2258641 0.2540066 0.2695773 0.2473504 0.2492911 0.2452850 0.6839651 0.2717865 0.2951660 0.2535802 0.3393856 0.2824244 0.2519955 0.2737052 0.3095916 0.3164206 
Conoclinium_coelestinum_SRR9119114         0.1655356 0.0987108 0.3765264 0.0000000 0.2358404 0.1527564 0.0927175 0.4310911 0.6803154 0.1864965 0.1996341 0.1877470 0.1912688 0.1920301 0.1410819 0.2119353 0.1994341 0.2129761 0.2115228 0.1603250 0.1640344 0.2034036 0.0739220 0.2083261 0.1298078 0.1916309 0.2093468 0.2237097 0.1634768 0.1754070 0.1298774 0.1885188 0.2020888 0.1637482 0.1912438 0.2115487 0.2120510 0.1624937 0.2557852 0.2139116 0.2068409 0.2078574 0.2040843 0.1822240 0.2106820 0.2270710 0.1851521 0.1929980 0.2071171 0.2086575 0.1991442 0.2116545 0.1481142 0.1742050 0.1598927 0.1177619 0.1880190 0.1955361 0.2013815 0.1646578 0.1716495 0.1107964 0.0933166 0.1770434 0.1744736 0.3164015 0.1377476 0.4964710 0.1036962 0.1782770 0.2083261 0.2028352 0.1879741 0.1972246 0.1918061 0.3133624 0.2078237 0.2230298 0.2156262 0.1392117 0.1149380 0.2006527 0.2115487 0.1545836 0.1183789 
Eutetras_palmeri_63                        0.1193171 0.1228305 0.2693189 0.2358404 0.0000000 0.0144708 0.1762991 0.5198758 0.6841695 0.1193575 0.1301531 0.1093962 0.0996262 0.1002552 0.0947678 0.1169806 0.1102137 0.1332222 0.1306430 0.1060972 0.0894020 0.1039712 0.1014482 0.1137230 0.0887950 0.1044373 0.1114798 0.1269350 0.1169628 0.1073574 0.1549523 0.1180642 0.1214621 0.1236185 0.1008885 0.1115481 0.1324331 0.0951680 0.1884630 0.1135268 0.1053639 0.1100434 0.1128173 0.1006859 0.1213987 0.1400892 0.0994416 0.1043822 0.1081031 0.1210753 0.0991253 0.1065208 0.0915656 0.1030125 0.1190369 0.1185722 0.1087292 0.1031996 0.1053020 0.1218307 0.1733991 0.1074898 0.0848749 0.1048423 0.1229246 0.3079146 0.0952826 0.6221047 0.0946109 0.0885695 0.1137230 0.1055948 0.1004909 0.1026310 0.0884469 0.4617001 0.1260901 0.1315183 0.1214156 0.0897272 0.0985467 0.1077146 0.1115481 0.0999826 0.1116501 
Eutetras_pringlei_149_quer                 0.1119132 0.1285964 0.1936584 0.1527564 0.0144708 0.0000000 0.1007027 0.4673080 0.5700087 0.1123153 0.1100162 0.0864622 0.1080621 0.1113431 0.0915805 0.0904491 0.0971151 0.1229518 0.1212907 0.0943622 0.0924413 0.1078626 0.1057297 0.1131442 0.1048797 0.0995424 0.0914883 0.1135060 0.0950027 0.0874761 0.1704249 0.1000499 0.1032191 0.1123998 0.0971525 0.0904059 0.1181461 0.0970089 0.1093187 0.0960950 0.1027559 0.1006674 0.1068817 0.0915995 0.1052478 0.1058641 0.0915805 0.1050361 0.1107756 0.1023703 0.0971405 0.1081909 0.0837155 0.0971175 0.1095662 0.1151034 0.0891119 0.1106861 0.1078626 0.1084443 0.1823185 0.0958244 0.0815965 0.0810655 0.1056454 0.1542960 0.0738330 0.4925654 0.0910333 0.0889672 0.1131442 0.0976460 0.0943523 0.1079655 0.0914733 0.3892862 0.1018120 0.1085033 0.1083128 0.0763844 0.0825694 0.1104330 0.0904059 0.0889522 0.1257166 
Eutrochium_fistulosum_SRR9119106           0.1327973 0.0790801 0.2912017 0.0927175 0.1762991 0.1007027 0.0000000 0.4769436 0.6645007 0.1549463 0.1513272 0.1520156 0.1410479 0.1434814 0.1112563 0.1572161 0.1565297 0.1755039 0.1797816 0.1117319 0.1198429 0.1546153 0.0473760 0.1582141 0.0863131 0.1526454 0.1662861 0.1738383 0.1287447 0.1371097 0.1128961 0.1541002 0.1665729 0.1376668 0.1452375 0.1664884 0.1712319 0.1140024 0.2087807 0.1660625 0.1588924 0.1554973 0.1568389 0.1416958 0.1620784 0.1866230 0.1404549 0.1416111 0.1561522 0.1646061 0.1505294 0.1541913 0.1162262 0.1300546 0.1148505 0.0804860 0.1442061 0.1481525 0.1515842 0.1165941 0.1527066 0.1040583 0.0532979 0.1353147 0.1292566 0.3737706 0.0915065 0.5088284 0.0474670 0.1332902 0.1567658 0.1516965 0.1468232 0.1514997 0.1429491 0.4005521 0.1734176 0.1832688 0.1733230 0.1098118 0.0748159 0.1541678 0.1664884 0.1165456 0.0879439 
Galeana_pratensis_104_mex                  0.4541076 0.3353206 0.6531940 0.4310911 0.5198758 0.4673080 0.4769436 0.0000000 0.8658668 0.4548925 0.4557229 0.4741613 0.4761580 0.4754594 0.4624368 0.4623730 0.3687197 0.4750838 0.4606672 0.4595982 0.4746593 0.4665565 0.2072887 0.4547650 0.4733492 0.4724088 0.4830937 0.4843597 0.4819838 0.3009294 0.2185996 0.4753432 0.4632831 0.4290404 0.4696650 0.4402100 0.4596697 0.4689697 0.5120084 0.4626949 0.4666130 0.4588171 0.4556404 0.4122285 0.4529684 0.5070924 0.4707322 0.4619026 0.4630631 0.4540259 0.4622324 0.4681963 0.4763633 0.4660429 0.4978930 0.3467388 0.2892618 0.4670954 0.4665565 0.4496964 0.2004908 0.1646447 0.3451993 0.4789370 0.4819647 0.5186485 0.2989194 0.7852150 0.3690274 0.4446616 0.4547650 0.4558065 0.4594554 0.4699715 0.4614372 0.2634710 0.4794334 0.5142633 0.4698050 0.2302547 0.2850356 0.4684409 0.4402100 0.3361435 0.2337254 
Helianthus_annuus_SRR9119062               0.6697369 0.5132205 0.8129083 0.6803154 0.6841695 0.5700087 0.6645007 0.8658668 0.0000000 0.6678040 0.6628424 0.6838660 0.6530451 0.6520897 0.6077904 0.6467767 0.6021909 0.6613354 0.6492884 0.6329863 0.6559242 0.6544103 0.3735063 0.6669470 0.6293354 0.6171003 0.6701169 0.6707879 0.6495840 0.5572375 0.4735082 0.6426491 0.6491146 0.6677240 0.6359448 0.6687935 0.6701008 0.6029219 0.6370615 0.6462970 0.6586069 0.6653779 0.6629381 0.5860540 0.6643909 0.6324555 0.6271219 0.6456072 0.6572542 0.6655436 0.6562607 0.6491531 0.6512333 0.6139463 0.6398746 0.4920471 0.5691622 0.6181828 0.6540516 0.6301440 0.4599248 0.4079545 0.5315907 0.6850773 0.6454634 0.7564313 0.5240272 0.7912003 0.4950150 0.6001366 0.6668766 0.6406976 0.6103761 0.6511584 0.6307286 0.7338957 0.6908638 0.6321328 0.6547533 0.4734001 0.5013391 0.6392801 0.6687935 0.5926203 0.4325546 
Lycapsus_tenuifolius_17                    0.0490350 0.0791939 0.2420005 0.1864965 0.1193575 0.1123153 0.1549463 0.4548925 0.6678040 0.0000000 0.1168682 0.0834313 0.0894392 0.0845371 0.0668894 0.1000371 0.0982179 0.1147474 0.0973056 0.0930074 0.0749312 0.0925315 0.0604545 0.0971151 0.0649589 0.0930742 0.1023531 0.0998732 0.0910517 0.0858796 0.1166721 0.0961835 0.1102395 0.0043463 0.0923398 0.1008928 0.1094047 0.0811911 0.2122300 0.1072297 0.0917775 0.0978233 0.0966948 0.0897878 0.1012623 0.1289872 0.0906567 0.0906981 0.0958874 0.0926223 0.0890520 0.0983506 0.0758637 0.0815397 0.1021082 0.0836364 0.0824451 0.0946101 0.0930436 0.0909576 0.1505639 0.0889455 0.0603161 0.0817057 0.0969899 0.2601231 0.0867171 0.5675176 0.0643670 0.0803555 0.0971151 0.0685090 0.0903922 0.0903197 0.0762507 0.3335140 0.1180430 0.1140964 0.0945558 0.0640124 0.0666124 0.0915418 0.1008928 0.0900929 0.0818506 
Pericome_caudata_50_silver                 0.0914534 0.1062905 0.2602917 0.1996341 0.1301531 0.1100162 0.1513272 0.4557229 0.6628424 0.1168682 0.0000000 0.1078206 0.1040408 0.0889823 0.0868303 0.1166515 0.0965624 0.1318234 0.1324749 0.0996741 0.0812487 0.1032322 0.0868330 0.1117152 0.0771008 0.1131208 0.1147997 0.1166691 0.1101453 0.1040900 0.1141089 0.1085160 0.1191662 0.0936263 0.1087094 0.1153754 0.1324447 0.1069319 0.2083150 0.1214178 0.0992865 0.1106097 0.1356911 0.1028236 0.1282740 0.1386349 0.1075472 0.0914799 0.1036365 0.1282692 0.0938505 0.0972017 0.0904528 0.1114596 0.1203717 0.0787591 0.0954738 0.1057456 0.1023517 0.1068691 0.1792079 0.1056080 0.0551086 0.1049395 0.1111393 0.3119137 0.0874791 0.6121844 0.0719847 0.0992207 0.1104755 0.1027023 0.1066749 0.0985401 0.0965937 0.4247407 0.1230059 0.1297866 0.1217542 0.1115694 0.0836111 0.1033823 0.1153754 0.0655616 0.1058173 
Perityle_aglossa_84_dead_horse             0.0853025 0.0707327 0.2545371 0.1877470 0.1093962 0.0864622 0.1520156 0.4741613 0.6838660 0.0834313 0.1078206 0.0000000 0.0645841 0.0719713 0.0472695 0.0796665 0.0768152 0.1167053 0.1117005 0.0575373 0.0533610 0.0699238 0.0411187 0.0755736 0.0494209 0.0770859 0.0752749 0.1065700 0.0839617 0.0792071 0.1134101 0.1098212 0.1043262 0.0728064 0.0631696 0.0607380 0.1066392 0.0616676 0.1875935 0.0842298 0.0718557 0.0759279 0.1036400 0.0690784 0.1015766 0.1199480 0.0619831 0.0684284 0.0717880 0.1002471 0.0702278 0.0787264 0.0736821 0.0630146 0.1057445 0.0594023 0.0594311 0.0684212 0.0693574 0.0765545 0.1510731 0.0920633 0.0251384 0.0277464 0.0874106 0.3005353 0.0752167 0.5610673 0.0298969 0.0606282 0.0767629 0.0783242 0.0747706 0.0670063 0.0600606 0.4144135 0.0976298 0.1106325 0.0669415 0.0672199 0.0663360 0.0715565 0.0607380 0.0670868 0.0882331 
Perityle_ajoensis_204                      0.1048099 0.1013287 0.2438338 0.1912688 0.0996262 0.1080621 0.1410479 0.4761580 0.6530451 0.0894392 0.1040408 0.0645841 0.0000000 0.0391298 0.0304446 0.0638375 0.0413313 0.0876260 0.1098229 0.0408818 0.0233923 0.0241526 0.0296096 0.0445049 0.0311335 0.0432128 0.0590358 0.0996392 0.0884080 0.0822648 0.1218918 0.0980377 0.0977745 0.0944451 0.0309923 0.0761453 0.1069924 0.0325609 0.1845706 0.0688941 0.0353945 0.0410054 0.1091712 0.0287072 0.0977957 0.1259526 0.0347298 0.0230526 0.0265233 0.1002804 0.0301295 0.0454343 0.0651579 0.0277126 0.1031468 0.0711050 0.0704151 0.0202954 0.0241526 0.0741649 0.1687027 0.1014265 0.0392595 0.0670804 0.0919884 0.2959888 0.0821726 0.5991853 0.0328302 0.0326168 0.0457134 0.0801197 0.0395096 0.0229811 0.0276559 0.3945056 0.1024098 0.1207481 0.0687378 0.0366632 0.0848706 0.0252744 0.0761453 0.0696013 0.0846427 
Perityle_ambrosiifolia_67_green            0.1012503 0.1077328 0.2462882 0.1920301 0.1002552 0.1113431 0.1434814 0.4754594 0.6520897 0.0845371 0.0889823 0.0719713 0.0391298 0.0000000 0.0436496 0.0713661 0.0296988 0.0856636 0.1074163 0.0574077 0.0354540 0.0291761 0.0608874 0.0413249 0.0265322 0.0464126 0.0611849 0.0872664 0.0849507 0.0833334 0.1156242 0.0903127 0.0963977 0.0927810 0.0389260 0.0762356 0.1043389 0.0431341 0.1891584 0.0741483 0.0177271 0.0293204 0.1064180 0.0346506 0.0935491 0.1224830 0.0452488 0.0256995 0.0315954 0.0947724 0.0197927 0.0339507 0.0610011 0.0388524 0.0979676 0.0565921 0.0764478 0.0417736 0.0291761 0.0768473 0.1655190 0.0978802 0.0484061 0.0656841 0.0890313 0.2834895 0.0862844 0.6063691 0.0678012 0.0381272 0.0413249 0.0780372 0.0413482 0.0267970 0.0315948 0.3803654 0.0999588 0.1176108 0.0646883 0.0404871 0.0823582 0.0303086 0.0762356 0.0735555 0.0756320 
Perityle_angustifolia_13_Eagle_creek       0.0916524 0.0787892 0.2106432 0.1410819 0.0947678 0.0915805 0.1112563 0.4624368 0.6077904 0.0668894 0.0868303 0.0472695 0.0304446 0.0436496 0.0000000 0.0604498 0.0327122 0.0830209 0.0855517 0.0216582 0.0307188 0.0357532 0.0183455 0.0427397 0.0341763 0.0370514 0.0494704 0.1012672 0.0893989 0.0713625 0.1088767 0.0824061 0.0946944 0.0726130 0.0250317 0.0675103 0.1009553 0.0209241 0.1497729 0.0603520 0.0384596 0.0415044 0.0930637 0.0210554 0.0891519 0.1133647 0.0236431 0.0330044 0.0371369 0.0963267 0.0278963 0.0493343 0.0591278 0.0118903 0.1008167 0.0534426 0.0613969 0.0316599 0.0357532 0.0700157 0.1613705 0.1099950 0.0250731 0.0544824 0.0933961 0.2932679 0.0796593 0.5639055 0.0177267 0.0250000 0.0441163 0.0727434 0.0330578 0.0343922 0.0222522 0.3797577 0.0972221 0.1029492 0.0551521 0.0245703 0.0729938 0.0370295 0.0675103 0.0685723 0.0783803 
Perityle_batopilensis_97                   0.1066522 0.0845027 0.2636612 0.2119353 0.1169806 0.0904491 0.1572161 0.4623730 0.6467767 0.1000371 0.1166515 0.0796665 0.0638375 0.0713661 0.0604498 0.0000000 0.0763217 0.1185688 0.1105132 0.0804173 0.0625312 0.0766960 0.0411395 0.0850354 0.0640016 0.0796045 0.0796743 0.0913980 0.0927962 0.0834210 0.1124400 0.1028110 0.1266446 0.0940591 0.0723776 0.0818236 0.1187785 0.0649837 0.1986944 0.0142078 0.0725243 0.0779019 0.1155007 0.0764367 0.1109543 0.1328067 0.0762476 0.0751179 0.0785785 0.1122822 0.0696299 0.0712084 0.0699124 0.0697882 0.1066985 0.0564524 0.0676780 0.0756186 0.0760558 0.0792953 0.1506800 0.0857881 0.0222991 0.0762328 0.0960385 0.2734767 0.0750589 0.5995345 0.0391457 0.0586789 0.0862716 0.0794863 0.0759300 0.0736225 0.0617803 0.3980248 0.1092555 0.1264571 0.0998388 0.0499308 0.0846260 0.0734610 0.0818236 0.0689653 0.0784758 
Perityle_bisetosa_9                        0.1088738 0.0900772 0.3258632 0.1994341 0.1102137 0.0971151 0.1565297 0.3687197 0.6021909 0.0982179 0.0965624 0.0768152 0.0413313 0.0296988 0.0327122 0.0763217 0.0000000 0.1201913 0.1165970 0.0533021 0.0364903 0.0230280 0.0409629 0.0388418 0.0239693 0.0349111 0.0657010 0.0861172 0.0885462 0.0680997 0.1091829 0.0850228 0.1114070 0.0940244 0.0329456 0.0938815 0.1300929 0.0315034 0.2430817 0.0862151 0.0272075 0.0318055 0.1131784 0.0302366 0.1105713 0.1402770 0.0329414 0.0214552 0.0257271 0.1067227 0.0228390 0.0286510 0.0533889 0.0336531 0.1096680 0.0389599 0.0721993 0.0379876 0.0227909 0.0827644 0.1496282 0.0944058 0.0336363 0.0774351 0.0918578 0.1166869 0.0838491 0.5441705 0.0390238 0.0198413 0.0388418 0.0798760 0.0333634 0.0213541 0.0271164 0.2143849 0.1152395 0.1316639 0.0633980 0.0301189 0.0684891 0.0256485 0.0938815 0.0732808 0.0753320 
Perityle_californica_76_positas            0.1073438 0.0704402 0.2813327 0.2129761 0.1332222 0.1229518 0.1755039 0.4750838 0.6613354 0.1147474 0.1318234 0.1167053 0.0876260 0.0856636 0.0830209 0.1185688 0.1201913 0.0000000 0.1293998 0.1133884 0.0786796 0.1104345 0.0527229 0.1219967 0.0703977 0.1130561 0.1219873 0.1340970 0.1140634 0.0687328 0.1001515 0.0917832 0.1273516 0.1020784 0.1091337 0.1313727 0.1404823 0.0855096 0.1980240 0.1186776 0.1124401 0.1156461 0.1291397 0.1037139 0.1295847 0.1459097 0.1102702 0.1115015 0.1164354 0.1306622 0.1015653 0.1174783 0.0953530 0.0828623 0.1109319 0.0802764 0.0763512 0.1118406 0.1123590 0.1017536 0.1547741 0.0893309 0.0600956 0.0925578 0.1240573 0.3169583 0.0823824 0.5629254 0.0483218 0.0978266 0.1207192 0.0977556 0.1092076 0.1110532 0.0847730 0.4097770 0.1139142 0.1407349 0.1311992 0.0575085 0.0844948 0.1146849 0.1313727 0.0502219 0.0723483 
Perityle_canescens_77                      0.1072393 0.0971534 0.2919378 0.2115228 0.1306430 0.1212907 0.1797816 0.4606672 0.6492884 0.0973056 0.1324749 0.1117005 0.1098229 0.1074163 0.0855517 0.1105132 0.1165970 0.1293998 0.0000000 0.1114091 0.0900541 0.1127583 0.0860108 0.1141520 0.0872056 0.1047991 0.1177434 0.1267739 0.0999130 0.1106463 0.1269313 0.1215505 0.1298941 0.0952802 0.1082216 0.1112227 0.1199400 0.1020138 0.2084850 0.1166580 0.1069320 0.1133319 0.1078447 0.1117970 0.1083394 0.1374842 0.1094315 0.1087119 0.1143672 0.1006551 0.1069436 0.1152276 0.0940482 0.1066704 0.1197571 0.0941391 0.1066703 0.1079210 0.1126939 0.0984917 0.1375373 0.0989393 0.0702959 0.1128123 0.1045379 0.2793041 0.0919504 0.6014447 0.0688142 0.0988833 0.1141520 0.1060717 0.1018606 0.1097519 0.1012881 0.3624276 0.1282900 0.1189318 0.1115362 0.0960742 0.0761002 0.1110218 0.1112227 0.0948371 0.1018062 
Perityle_castillonii_96                    0.0842911 0.0788514 0.2248681 0.1603250 0.1060972 0.0943622 0.1117319 0.4595982 0.6329863 0.0930074 0.0996741 0.0575373 0.0408818 0.0574077 0.0216582 0.0804173 0.0533021 0.1133884 0.1114091 0.0000000 0.0310455 0.0458108 0.0109572 0.0584590 0.0313211 0.0497772 0.0720729 0.1075146 0.0869948 0.0833761 0.1065517 0.0958454 0.1072921 0.0745308 0.0327959 0.0821522 0.1144585 0.0315954 0.1748363 0.0897658 0.0517813 0.0547000 0.1043546 0.0384250 0.1033711 0.1166533 0.0327460 0.0440987 0.0479993 0.1073543 0.0512031 0.0606436 0.0581342 0.0299543 0.0895864 0.0535521 0.0571511 0.0420829 0.0454041 0.0737369 0.1503277 0.0979922 0.0279343 0.0578608 0.0893810 0.3011497 0.0774348 0.5463996 0.0117741 0.0349666 0.0597549 0.0892609 0.0460123 0.0428706 0.0317091 0.3602439 0.1074211 0.1035543 0.0687485 0.0486921 0.0708831 0.0478303 0.0821522 0.0687952 0.0695952 
Perityle_cernua_84                         0.0954058 0.0850917 0.2272951 0.1640344 0.0894020 0.0924413 0.1198429 0.4746593 0.6559242 0.0749312 0.0812487 0.0533610 0.0233923 0.0354540 0.0307188 0.0625312 0.0364903 0.0786796 0.0900541 0.0310455 0.0000000 0.0333585 0.0296013 0.0476611 0.0296213 0.0382941 0.0527276 0.0901742 0.0866406 0.0571580 0.1037480 0.0901781 0.0880542 0.0811111 0.0293469 0.0585343 0.1006613 0.0283388 0.1597976 0.0618926 0.0314861 0.0413207 0.1029462 0.0263582 0.0907580 0.1098522 0.0320008 0.0308000 0.0346458 0.0935247 0.0282428 0.0370823 0.0624802 0.0270156 0.1063095 0.0568016 0.0536504 0.0335505 0.0333585 0.0704360 0.1579190 0.0977241 0.0310066 0.0547775 0.0918757 0.3053089 0.0725792 0.5989727 0.0270280 0.0297435 0.0489582 0.0667351 0.0343334 0.0320909 0.0220848 0.3967927 0.0903666 0.1100386 0.0591638 0.0317881 0.0735266 0.0345524 0.0585343 0.0553199 0.0723070 
Perityle_cfvillosa_25_tin                  0.1030621 0.1012071 0.2510279 0.2034036 0.1039712 0.1078626 0.1546153 0.4665565 0.6544103 0.0925315 0.1032322 0.0699238 0.0241526 0.0291761 0.0357532 0.0766960 0.0230280 0.1104345 0.1127583 0.0458108 0.0333585 0.0000000 0.0333819 0.0293838 0.0219891 0.0439032 0.0610069 0.0931455 0.0916920 0.0832605 0.1217865 0.1014963 0.1040585 0.0908688 0.0336009 0.0812283 0.1161717 0.0323224 0.1885772 0.0824081 0.0274957 0.0327713 0.1142714 0.0278660 0.1024588 0.1231707 0.0359603 0.0075016 0.0042602 0.1060272 0.0244885 0.0325104 0.0689501 0.0366646 0.1040969 0.0503657 0.0780849 0.0246721 0.0021247 0.0799768 0.1530590 0.1004059 0.0450968 0.0641741 0.0921533 0.2755219 0.0838385 0.5850797 0.0390241 0.0317337 0.0304951 0.0853814 0.0392408 0.0064025 0.0268140 0.3698871 0.1020787 0.1205714 0.0622224 0.0341936 0.0819641 0.0106825 0.0812283 0.0811148 0.0752239 
Perityle_cinerea_113_Powell1310            0.0807797 0.0687840 0.1738712 0.0739220 0.1014482 0.1057297 0.0473760 0.2072887 0.3735063 0.0604545 0.0868330 0.0411187 0.0296096 0.0608874 0.0183455 0.0411395 0.0409629 0.0527229 0.0860108 0.0109572 0.0296013 0.0333819 0.0000000 0.0488700 0.0640535 0.0257788 0.0685052 0.0802600 0.0810383 0.0613876 0.0704863 0.0564325 0.0766547 0.0644763 0.0146524 0.0606169 0.0861497 0.0109572 0.1337890 0.0334349 0.0527073 0.0415224 0.0738640 0.0183291 0.0752229 0.0886835 0.0220450 0.0333819 0.0371432 0.0751066 0.0448869 0.0487104 0.0568714 0.0109572 0.0942083 0.0651551 0.0411362 0.0220757 0.0333819 0.0648081 0.1126501 0.1004455 0.0390830 0.0333837 0.0850549 0.0683868 0.0896337 0.3486090 0.0201548 0.0183812 0.0488700 0.0571770 0.0258876 0.0372707 0.0183455 0.1268013 0.0939224 0.0893320 0.0449517 0.0295989 0.0700167 0.0371246 0.0606169 0.0646943 0.0971097 
Perityle_coahuilensis_24                   0.1076322 0.0984326 0.2555471 0.2083261 0.1137230 0.1131442 0.1582141 0.4547650 0.6669470 0.0971151 0.1117152 0.0755736 0.0445049 0.0413249 0.0427397 0.0850354 0.0388418 0.1219967 0.1141520 0.0584590 0.0476611 0.0293838 0.0488700 0.0000000 0.0234356 0.0556839 0.0695969 0.1015685 0.0925753 0.0871509 0.1186061 0.1124786 0.1148599 0.0957323 0.0450014 0.0893630 0.1206673 0.0436218 0.1911297 0.0913422 0.0352110 0.0393150 0.1187407 0.0388292 0.1131380 0.1393286 0.0473599 0.0281504 0.0313949 0.1142742 0.0385015 0.0491136 0.0733063 0.0463927 0.1057376 0.0446703 0.0802046 0.0430225 0.0291544 0.0807451 0.1610731 0.1005121 0.0393437 0.0733314 0.0930439 0.2718499 0.0816884 0.6011463 0.0421914 0.0424032 0.0010549 0.0853622 0.0509897 0.0269510 0.0407433 0.3897865 0.1059999 0.1346263 0.0784225 0.0383192 0.0773783 0.0312979 0.0893630 0.0890761 0.0753134 
Perityle_cochisensis_44_cave_creek         0.0881175 0.0981419 0.2186411 0.1298078 0.0887950 0.1048797 0.0863131 0.4733492 0.6293354 0.0649589 0.0771008 0.0494209 0.0311335 0.0265322 0.0341763 0.0640016 0.0239693 0.0703977 0.0872056 0.0313211 0.0296213 0.0219891 0.0640535 0.0234356 0.0000000 0.0416890 0.0570944 0.0662819 0.0802695 0.0618892 0.1183695 0.0729870 0.0829253 0.0687847 0.0343114 0.0579180 0.0950807 0.0356965 0.1271031 0.0689074 0.0219797 0.0265774 0.0833265 0.0368528 0.0805166 0.1026606 0.0357733 0.0175149 0.0234966 0.0802561 0.0160482 0.0354188 0.0524607 0.0308716 0.0894630 0.0530993 0.0583693 0.0372050 0.0219891 0.0736057 0.1638520 0.1017408 0.0478572 0.0510628 0.0899802 0.2624269 0.0810133 0.5466938 0.0575461 0.0342922 0.0234356 0.0644091 0.0356561 0.0204989 0.0294416 0.3199404 0.0886427 0.0879022 0.0371306 0.0443971 0.0772087 0.0219455 0.0579180 0.0642150 0.0779444 
Perityle_congesta_202                      0.1095774 0.0927057 0.2515613 0.1916309 0.1044373 0.0995424 0.1526454 0.4724088 0.6171003 0.0930742 0.1131208 0.0770859 0.0432128 0.0464126 0.0370514 0.0796045 0.0349111 0.1130561 0.1047991 0.0497772 0.0382941 0.0439032 0.0257788 0.0556839 0.0416890 0.0000000 0.0670616 0.1087118 0.1006223 0.0810545 0.1091773 0.0931442 0.1188090 0.0875167 0.0366336 0.0870316 0.1252171 0.0379132 0.1953316 0.0841117 0.0424164 0.0486497 0.1114451 0.0164096 0.1107433 0.1349465 0.0343355 0.0437390 0.0460172 0.1132118 0.0402028 0.0542276 0.0652175 0.0273419 0.1067496 0.0592561 0.0647987 0.0283288 0.0447617 0.0835823 0.1610924 0.1100183 0.0307411 0.0682346 0.1040242 0.2727996 0.0820959 0.5726975 0.0359042 0.0394183 0.0556784 0.0823098 0.0112159 0.0423930 0.0356632 0.3920455 0.1111482 0.1282277 0.0654652 0.0301665 0.0821700 0.0458537 0.0870316 0.0719295 0.0813855 
Perityle_cordifolia_27                     0.1092726 0.0873775 0.2505586 0.2093468 0.1114798 0.0914883 0.1662861 0.4830937 0.6701169 0.1023531 0.1147997 0.0752749 0.0590358 0.0611849 0.0494704 0.0796743 0.0657010 0.1219873 0.1177434 0.0720729 0.0527276 0.0610069 0.0685052 0.0695969 0.0570944 0.0670616 0.0000000 0.1081576 0.0994381 0.0861898 0.1153766 0.1179492 0.1191805 0.1036896 0.0556987 0.0745334 0.1215100 0.0535263 0.1884860 0.0830828 0.0585586 0.0638145 0.1208047 0.0613464 0.1136793 0.1387474 0.0594088 0.0576167 0.0634087 0.1173531 0.0561167 0.0680446 0.0532066 0.0610068 0.1180578 0.0714358 0.0852008 0.0633778 0.0586480 0.0955496 0.1541334 0.0917647 0.0366392 0.0759963 0.1036111 0.2211923 0.0865304 0.6141255 0.0579751 0.0537373 0.0707947 0.0943209 0.0622132 0.0586200 0.0560602 0.4246654 0.1063575 0.1365599 0.0901674 0.0429088 0.0846724 0.0620076 0.0745334 0.0820788 0.0880053 
Perityle_cordifolia_68_tecolote            0.1189756 0.1013504 0.2631986 0.2237097 0.1269350 0.1135060 0.1738383 0.4843597 0.6707879 0.0998732 0.1166691 0.1065700 0.0996392 0.0872664 0.1012672 0.0913980 0.0861172 0.1340970 0.1267739 0.1075146 0.0901742 0.0931455 0.0802600 0.1015685 0.0662819 0.1087118 0.1081576 0.0000000 0.1008593 0.0929715 0.1316615 0.1234423 0.1320088 0.1037872 0.1098239 0.1141821 0.1124763 0.0995665 0.2207399 0.0856218 0.0891223 0.0919436 0.1070010 0.1000108 0.1049088 0.1458007 0.1096656 0.0902086 0.0962227 0.1048259 0.0816534 0.0935404 0.0924466 0.1008902 0.1133794 0.0503218 0.0799529 0.1093992 0.0924108 0.0895463 0.1755255 0.1045284 0.0450600 0.1021296 0.1100469 0.2962485 0.0840046 0.6377006 0.0639506 0.0950868 0.1003556 0.0865345 0.0983799 0.0911708 0.0899878 0.4182579 0.1190415 0.1288125 0.1125090 0.0853939 0.0959988 0.0934715 0.1141821 0.0833403 0.0967458 
Perityle_coronopifolia_28_patagonia        0.0896940 0.0961141 0.2306906 0.1634768 0.1169628 0.0950027 0.1287447 0.4819838 0.6495840 0.0910517 0.1101453 0.0839617 0.0884080 0.0849507 0.0893989 0.0927962 0.0885462 0.1140634 0.0999130 0.0869948 0.0866406 0.0916920 0.0810383 0.0925753 0.0802695 0.1006223 0.0994381 0.1008593 0.0000000 0.0750318 0.1260988 0.0973397 0.1013297 0.0863471 0.0894859 0.0901423 0.1062428 0.0817382 0.1387534 0.0938162 0.0894684 0.0927307 0.0944193 0.0832069 0.0949025 0.1015192 0.0864376 0.0879389 0.0951144 0.0991197 0.0856942 0.0933970 0.0862763 0.0802092 0.0670700 0.0901850 0.0928753 0.0964476 0.0921791 0.0533805 0.1470689 0.0978517 0.0606436 0.0789811 0.0303335 0.3224957 0.0803679 0.5772315 0.0681291 0.0836668 0.0912062 0.0824501 0.0951539 0.0893671 0.0791590 0.4121410 0.0906757 0.1024828 0.0939548 0.0731572 0.0549368 0.0919873 0.0901423 0.0829298 0.0977908 
Perityle_crassifolia_70_ventanas           0.0864900 0.0712719 0.3581958 0.1754070 0.1073574 0.0874761 0.1371097 0.3009294 0.5572375 0.0858796 0.1040900 0.0792071 0.0822648 0.0833334 0.0713625 0.0834210 0.0680997 0.0687328 0.1106463 0.0833761 0.0571580 0.0832605 0.0613876 0.0871509 0.0618892 0.0810545 0.0861898 0.0929715 0.0750318 0.0000000 0.0797992 0.0776839 0.0942884 0.0908395 0.0820009 0.0820325 0.1019163 0.0833287 0.2304841 0.0852952 0.0759310 0.0837856 0.0881860 0.0730481 0.0945258 0.1155249 0.0838962 0.0817879 0.0872491 0.0885199 0.0796500 0.0815135 0.0684222 0.0820399 0.1127244 0.0748982 0.0725609 0.0831124 0.0832605 0.0724836 0.1491277 0.0804810 0.0373372 0.0836572 0.0792241 0.0994512 0.0827405 0.5155960 0.0489204 0.0710556 0.0871509 0.0476226 0.0770669 0.0813641 0.0663234 0.2316683 0.0967938 0.1146932 0.0989963 0.0698904 0.0546810 0.0831176 0.0820325 0.0683338 0.0827690 
Perityle_crassifolia_74_playa_balandra     0.1263941 0.1145616 0.3978882 0.1298774 0.1549523 0.1704249 0.1128961 0.2185996 0.4735082 0.1166721 0.1141089 0.1134101 0.1218918 0.1156242 0.1088767 0.1124400 0.1091829 0.1001515 0.1269313 0.1065517 0.1037480 0.1217865 0.0704863 0.1186061 0.1183695 0.1091773 0.1153766 0.1316615 0.1260988 0.0797992 0.0000000 0.1126160 0.1159732 0.1200213 0.1156463 0.1131354 0.1245221 0.1090416 0.1728567 0.1123745 0.1064777 0.1097436 0.1147438 0.1095254 0.1213302 0.1463783 0.1089433 0.1217865 0.1217865 0.1147438 0.1093864 0.1153595 0.1193569 0.1061120 0.1441074 0.1471033 0.0891305 0.1156183 0.1217865 0.1033621 0.0727394 0.0784537 0.1080316 0.1134188 0.1293668 0.1216731 0.0991321 0.4018652 0.0985025 0.0965187 0.1186061 0.0660018 0.1031362 0.1252502 0.1028971 0.1753704 0.1535968 0.1465219 0.1290516 0.0469150 0.1134420 0.1248470 0.1131354 0.1136230 0.0972451 
Perityle_cuneata_34_cuneata_San_antonio    0.1091476 0.0844491 0.2576508 0.1885188 0.1180642 0.1000499 0.1541002 0.4753432 0.6426491 0.0961835 0.1085160 0.1098212 0.0980377 0.0903127 0.0824061 0.1028110 0.0850228 0.0917832 0.1215505 0.0958454 0.0901781 0.1014963 0.0564325 0.1124786 0.0729870 0.0931442 0.1179492 0.1234423 0.0973397 0.0776839 0.1126160 0.0000000 0.1263340 0.0912895 0.0954771 0.1194602 0.1302159 0.0899644 0.2152038 0.0951898 0.0990879 0.1052574 0.1257583 0.0725668 0.1186447 0.1336661 0.0905941 0.0988193 0.1046911 0.1173397 0.0830882 0.1032463 0.0897988 0.0825212 0.1065269 0.0768357 0.0859674 0.0964136 0.1021064 0.0855576 0.1690809 0.1143670 0.0421457 0.0988754 0.1072634 0.3037621 0.0839481 0.5954513 0.0544997 0.0860262 0.1112687 0.0879627 0.0908106 0.0984189 0.0935365 0.4242068 0.1168435 0.1326354 0.1251047 0.0660261 0.0731044 0.1031666 0.1194602 0.0291810 0.0844007 
Perityle_cuneata_4                         0.0956234 0.0930609 0.2727190 0.2020888 0.1214621 0.1032191 0.1665729 0.4632831 0.6491146 0.1102395 0.1191662 0.1043262 0.0977745 0.0963977 0.0946944 0.1266446 0.1114070 0.1273516 0.1298941 0.1072921 0.0880542 0.1040585 0.0766547 0.1148599 0.0829253 0.1188090 0.1191805 0.1320088 0.1013297 0.0942884 0.1159732 0.1263340 0.0000000 0.0970083 0.1144126 0.1145477 0.1277033 0.1041763 0.1977311 0.1293968 0.1102513 0.1152809 0.1285240 0.1102343 0.1238760 0.1314460 0.1131453 0.1036212 0.1058052 0.1212690 0.1041541 0.1054992 0.0963789 0.1102269 0.1134562 0.0962438 0.1019086 0.1140165 0.1044759 0.0977441 0.1581831 0.1010119 0.0725096 0.1021047 0.1026482 0.3225042 0.0934644 0.5969456 0.0809449 0.1012021 0.1136482 0.0983787 0.1163970 0.1020014 0.0999508 0.4208768 0.1102946 0.1246407 0.1257703 0.1009301 0.0732786 0.1042856 0.1145477 0.0866240 0.0976942 
Perityle_discoidea_81                      0.0544069 0.0820508 0.2468749 0.1637482 0.1236185 0.1123998 0.1376668 0.4290404 0.6677240 0.0043463 0.0936263 0.0728064 0.0944451 0.0927810 0.0726130 0.0940591 0.0940244 0.1020784 0.0952802 0.0745308 0.0811111 0.0908688 0.0644763 0.0957323 0.0687847 0.0875167 0.1036896 0.1037872 0.0863471 0.0908395 0.1200213 0.0912895 0.0970083 0.0000000 0.0916548 0.0913158 0.1002674 0.0892284 0.1989765 0.0993173 0.0878254 0.0949003 0.0952699 0.0827241 0.0906195 0.1217986 0.0896901 0.0875318 0.0925813 0.0836673 0.0860429 0.0972964 0.0822057 0.0847528 0.1091861 0.0867710 0.0876125 0.0926987 0.0908688 0.0860751 0.1543413 0.0955414 0.0633710 0.0814093 0.0915263 0.2362487 0.0915204 0.5567355 0.0676405 0.0810407 0.0957323 0.0734838 0.0875607 0.0909136 0.0841782 0.2954984 0.1209164 0.1081860 0.0876412 0.0713958 0.0712700 0.0923745 0.0913158 0.0923018 0.0850214 
Perityle_dissecta_201                      0.1028464 0.0902889 0.2456584 0.1912438 0.1008885 0.0971525 0.1452375 0.4696650 0.6359448 0.0923398 0.1087094 0.0631696 0.0309923 0.0389260 0.0250317 0.0723776 0.0329456 0.1091337 0.1082216 0.0327959 0.0293469 0.0336009 0.0146524 0.0450014 0.0343114 0.0366336 0.0556987 0.1098239 0.0894859 0.0820009 0.1156463 0.0954771 0.1144126 0.0916548 0.0000000 0.0820428 0.1153602 0.0202321 0.1867959 0.0766019 0.0362755 0.0427912 0.1121879 0.0206693 0.1039295 0.1211671 0.0209513 0.0323094 0.0356477 0.1050930 0.0361850 0.0470613 0.0674198 0.0133453 0.0995789 0.0565238 0.0681110 0.0290979 0.0333309 0.0793406 0.1579872 0.1041950 0.0308101 0.0600115 0.0927041 0.2765183 0.0844005 0.5711728 0.0207893 0.0237200 0.0461627 0.0802039 0.0331998 0.0299267 0.0206547 0.3901736 0.1039448 0.1249921 0.0662074 0.0241308 0.0776432 0.0355343 0.0820428 0.0789562 0.0785105 
Perityle_emoryi_47_punta_san_jose          0.0910605 0.0871823 0.2737052 0.2115487 0.1115481 0.0904059 0.1664884 0.4402100 0.6687935 0.1008928 0.1153754 0.0607380 0.0761453 0.0762356 0.0675103 0.0818236 0.0938815 0.1313727 0.1112227 0.0821522 0.0585343 0.0812283 0.0606169 0.0893630 0.0579180 0.0870316 0.0745334 0.1141821 0.0901423 0.0820325 0.1131354 0.1194602 0.1145477 0.0913158 0.0820428 0.0000000 0.1161379 0.0767946 0.1912770 0.0838819 0.0809029 0.0848811 0.1142448 0.0853852 0.1073834 0.1287205 0.0821144 0.0833454 0.0868118 0.1098915 0.0837792 0.0817667 0.0564381 0.0784803 0.1049811 0.0624502 0.0585034 0.0841213 0.0842617 0.0858887 0.1362020 0.0828056 0.0280026 0.0614435 0.0921128 0.2760862 0.0709038 0.5838131 0.0484785 0.0647107 0.0905982 0.0732667 0.0833388 0.0818098 0.0714195 0.4090098 0.1060933 0.1204683 0.0794480 0.0709148 0.0598155 0.0865222 0.0000010 0.0737411 0.0822505 
Perityle_feddemae_99                       0.1013765 0.0966866 0.2855137 0.2120510 0.1324331 0.1181461 0.1712319 0.4596697 0.6701008 0.1094047 0.1324447 0.1066392 0.1069924 0.1043389 0.1009553 0.1187785 0.1300929 0.1404823 0.1199400 0.1144585 0.1006613 0.1161717 0.0861497 0.1206673 0.0950807 0.1252171 0.1215100 0.1124763 0.1062428 0.1019163 0.1245221 0.1302159 0.1277033 0.1002674 0.1153602 0.1161379 0.0000000 0.1057975 0.2093634 0.1207944 0.1148079 0.1160242 0.0270630 0.1254698 0.0305055 0.1309234 0.1179295 0.1142921 0.1190431 0.0305686 0.1170382 0.1224099 0.1002094 0.1111634 0.1163403 0.1031274 0.0951976 0.1163946 0.1139544 0.0998477 0.1593445 0.0959815 0.0729843 0.1052259 0.1074252 0.3245030 0.0826374 0.5944125 0.0750643 0.1084953 0.1194528 0.1006881 0.1215211 0.1125766 0.1035458 0.4454179 0.1054156 0.1216209 0.1266175 0.0909651 0.0851299 0.1174498 0.1161379 0.1028771 0.0989742 
Perityle_fosteri_93                        0.0982795 0.0843987 0.2204919 0.1624937 0.0951680 0.0970089 0.1140024 0.4689697 0.6029219 0.0811911 0.1069319 0.0616676 0.0325609 0.0431341 0.0209241 0.0649837 0.0315034 0.0855096 0.1020138 0.0315954 0.0283388 0.0323224 0.0109572 0.0436218 0.0356965 0.0379132 0.0535263 0.0995665 0.0817382 0.0833287 0.1090416 0.0899644 0.1041763 0.0892284 0.0202321 0.0767946 0.1057975 0.0000000 0.1726272 0.0675288 0.0379508 0.0412402 0.1024880 0.0224017 0.0949155 0.1113334 0.0238938 0.0299492 0.0348131 0.0975222 0.0339769 0.0458431 0.0611822 0.0165875 0.0931004 0.0535521 0.0671741 0.0310740 0.0323224 0.0718616 0.1575401 0.1066109 0.0251233 0.0643845 0.0870054 0.2881783 0.0750091 0.5605005 0.0117741 0.0214069 0.0423904 0.0807371 0.0342448 0.0310951 0.0213806 0.3907980 0.1037289 0.1144243 0.0598257 0.0281380 0.0730744 0.0334805 0.0767946 0.0678347 0.0784975 
Perityle_gamon_221                         0.1695939 0.1297918 0.2874925 0.2557852 0.1884630 0.1093187 0.2087807 0.5120084 0.6370615 0.2122300 0.2083150 0.1875935 0.1845706 0.1891584 0.1497729 0.1986944 0.2430817 0.1980240 0.2084850 0.1748363 0.1597976 0.1885772 0.1337890 0.1911297 0.1271031 0.1953316 0.1884860 0.2207399 0.1387534 0.2304841 0.1728567 0.2152038 0.1977311 0.1989765 0.1867959 0.1912770 0.2093634 0.1726272 0.0000000 0.2056936 0.1940644 0.1986143 0.2158989 0.2032925 0.2064760 0.2091802 0.1884688 0.1876840 0.1945795 0.2078476 0.2005394 0.2032745 0.1532524 0.1885985 0.1289519 0.1266493 0.2411911 0.1824615 0.1914870 0.1529448 0.1307609 0.1427586 0.1114419 0.1679255 0.1352435 0.4488945 0.1817065 0.6117172 0.1158861 0.1701968 0.1897592 0.1938208 0.1897605 0.1900245 0.1791031 0.5113765 0.1917440 0.1853098 0.2006942 0.2165082 0.1024186 0.1882202 0.1912770 0.2099201 0.1163427 
Perityle_gentryi_8_san_francisco           0.1057323 0.0901908 0.2712017 0.2139116 0.1135268 0.0960950 0.1660625 0.4626949 0.6462970 0.1072297 0.1214178 0.0842298 0.0688941 0.0741483 0.0603520 0.0142078 0.0862151 0.1186776 0.1166580 0.0897658 0.0618926 0.0824081 0.0334349 0.0913422 0.0689074 0.0841117 0.0830828 0.0856218 0.0938162 0.0852952 0.1123745 0.0951898 0.1293968 0.0993173 0.0766019 0.0838819 0.1207944 0.0675288 0.2056936 0.0000000 0.0803784 0.0823665 0.1078361 0.0859542 0.1084374 0.1387279 0.0805281 0.0820174 0.0857381 0.1109845 0.0774822 0.0764874 0.0594899 0.0759200 0.1013127 0.0594214 0.0716719 0.0841807 0.0830048 0.0869157 0.1503043 0.0857370 0.0251469 0.0767400 0.1026310 0.2643471 0.0796376 0.6164766 0.0422677 0.0605294 0.0913422 0.0879933 0.0801705 0.0803762 0.0637622 0.3671882 0.1049084 0.1245095 0.1005148 0.0564618 0.0915513 0.0801865 0.0838819 0.0769888 0.0846965 
Perityle_gilensis_22_Superstition          0.1003122 0.0988329 0.2467239 0.2068409 0.1053639 0.1027559 0.1588924 0.4666130 0.6586069 0.0917775 0.0992865 0.0718557 0.0353945 0.0177271 0.0384596 0.0725243 0.0272075 0.1124401 0.1069320 0.0517813 0.0314861 0.0274957 0.0527073 0.0352110 0.0219797 0.0424164 0.0585586 0.0891223 0.0894684 0.0759310 0.1064777 0.0990879 0.1102513 0.0878254 0.0362755 0.0809029 0.1148079 0.0379508 0.1940644 0.0803784 0.0000000 0.0296683 0.1018706 0.0346776 0.1072558 0.1310282 0.0397943 0.0262591 0.0295380 0.1083671 0.0230979 0.0339536 0.0636904 0.0380364 0.0981236 0.0448350 0.0703837 0.0400729 0.0272787 0.0792795 0.1504812 0.0913021 0.0366429 0.0642716 0.0905008 0.2579029 0.0838390 0.5971889 0.0548009 0.0358688 0.0363391 0.0773042 0.0401316 0.0250554 0.0284105 0.3706627 0.1024549 0.1218785 0.0699755 0.0341908 0.0731218 0.0294458 0.0809029 0.0695259 0.0662647 
Perityle_gilensis_salensis_225             0.1121535 0.0937248 0.2522067 0.2078574 0.1100434 0.1006674 0.1554973 0.4588171 0.6653779 0.0978233 0.1106097 0.0759279 0.0410054 0.0293204 0.0415044 0.0779019 0.0318055 0.1156461 0.1133319 0.0547000 0.0413207 0.0327713 0.0415224 0.0393150 0.0265774 0.0486497 0.0638145 0.0919436 0.0927307 0.0837856 0.1097436 0.1052574 0.1152809 0.0949003 0.0427912 0.0848811 0.1160242 0.0412402 0.1986143 0.0823665 0.0296683 0.0000000 0.1141170 0.0292221 0.1072680 0.1410886 0.0439944 0.0326488 0.0359096 0.1108490 0.0244136 0.0414344 0.0681026 0.0368475 0.1048166 0.0393156 0.0728880 0.0431562 0.0336458 0.0781795 0.1550363 0.0985127 0.0253748 0.0697408 0.0945714 0.2656201 0.0799051 0.6011962 0.0457734 0.0389947 0.0404378 0.0856329 0.0439701 0.0314237 0.0362095 0.3843626 0.1036007 0.1377134 0.0786709 0.0303183 0.0711950 0.0335606 0.0848811 0.0678690 0.0697040 
Perityle_glaucescens_94                    0.1035188 0.0883326 0.2834881 0.2040843 0.1128173 0.1068817 0.1568389 0.4556404 0.6629381 0.0966948 0.1356911 0.1036400 0.1091712 0.1064180 0.0930637 0.1155007 0.1131784 0.1291397 0.1078447 0.1043546 0.1029462 0.1142714 0.0738640 0.1187407 0.0833265 0.1114451 0.1208047 0.1070010 0.0944193 0.0881860 0.1147438 0.1257583 0.1285240 0.0952699 0.1121879 0.1142448 0.0270630 0.1024880 0.2158989 0.1078361 0.1018706 0.1141170 0.0000000 0.1105675 0.0315201 0.1276504 0.1147338 0.1136941 0.1171340 0.0293093 0.1032704 0.1229326 0.1010912 0.0985938 0.1050408 0.0906190 0.0890088 0.1130961 0.1120858 0.0876038 0.1522134 0.0926442 0.0608286 0.1073393 0.1082431 0.3148384 0.0779500 0.5883098 0.0620297 0.1027173 0.1175350 0.0878222 0.1078003 0.1107206 0.1017126 0.4403909 0.1102435 0.1183910 0.1234398 0.0841743 0.0735678 0.1167442 0.1142448 0.0905899 0.0894783 
Perityle_gracilis_11                       0.1008966 0.0845751 0.2884028 0.1822240 0.1006859 0.0915995 0.1416958 0.4122285 0.5860540 0.0897878 0.1028236 0.0690784 0.0287072 0.0346506 0.0210554 0.0764367 0.0302366 0.1037139 0.1117970 0.0384250 0.0263582 0.0278660 0.0183291 0.0388292 0.0368528 0.0164096 0.0613464 0.1000108 0.0832069 0.0730481 0.1095254 0.0725668 0.1102343 0.0827241 0.0206693 0.0853852 0.1254698 0.0224017 0.2032925 0.0859542 0.0346776 0.0292221 0.1105675 0.0000000 0.1050689 0.1246498 0.0234470 0.0277122 0.0318462 0.1045385 0.0332520 0.0446318 0.0507734 0.0220036 0.0971176 0.0593676 0.0627551 0.0191631 0.0289812 0.0780218 0.1573968 0.1033998 0.0307974 0.0622894 0.0862098 0.1672866 0.0749725 0.5402279 0.0237663 0.0266208 0.0388292 0.0815913 0.0164171 0.0275858 0.0216617 0.2561250 0.1067086 0.1176522 0.0670164 0.0219735 0.0776827 0.0317519 0.0853852 0.0678026 0.0784607 
