84
Amauria_brandeegeana_62                    0.0000000 0.0535399 0.1227287 0.4541361 0.5338779 0.3845182 0.1210094 0.4698326 0.5165172 0.5776367 0.4990672 0.5003614 0.4920995 0.3867913 0.5990486 0.4883708 0.3222348 0.7144084 0.4745021 0.5516172 0.5154266 0.2397628 0.5211790 0.6039035 0.5275594 0.5630051 0.1277185 0.1461616 0.0788968 0.4460677 0.3078524 0.6262106 0.5161738 0.5089357 0.1067604 0.6103204 0.4728572 0.1243807 0.6063051 0.4984272 0.5260963 0.6247055 0.4852805 0.6363981 0.6111607 0.4820389 0.5243404 0.5343591 0.6386743 0.5122525 0.5111802 0.5062890 0.5771933 0.4920939 0.1273036 0.5067771 0.1699494 0.2032070 0.5144952 0.1155745 0.1229158 0.1083992 0.2768441 0.4982935 0.5183291 0.5797865 0.6027837 0.1459205 0.2804513 0.5121114 0.5231150 0.1079616 0.5125030 0.5102186 0.5551807 0.2726704 0.1175367 0.1864319 0.4889369 0.4894062 0.3775084 0.5193112 0.5720434 0.4084521 
Amauria_carterae_99_mesa                   0.0535399 0.0000000 0.0894522 0.2951151 0.4127519 0.1999229 0.1072925 0.4204307 0.3756639 0.4113586 0.3652733 0.3718017 0.3700698 0.3518595 0.3827938 0.3621111 0.3530990 0.5361215 0.3590163 0.3800656 0.3788010 0.2135618 0.3800816 0.4057941 0.4023344 0.3756291 0.0828441 0.1055501 0.0607946 0.3751244 0.1678992 0.4118836 0.3794612 0.3691376 0.0744748 0.4030801 0.3663013 0.0813132 0.3910784 0.3622686 0.3829527 0.4072078 0.3509417 0.4137838 0.3805226 0.3567659 0.3793107 0.3783354 0.4158738 0.3725299 0.3801855 0.3672156 0.3795650 0.3761663 0.0905870 0.3142431 0.1044894 0.0670348 0.3826246 0.1042328 0.0758883 0.1058113 0.3075547 0.3564923 0.3477397 0.3860589 0.4074899 0.1065145 0.3140161 0.3764179 0.3877830 0.0764211 0.3790828 0.3782232 0.3614703 0.2618727 0.0827305 0.0912560 0.3720540 0.3530823 0.3514338 0.3850505 0.3951766 0.3802488 
Amauria_rotundifolia_SRR9119150            0.1227287 0.0894522 0.0000000 0.5830947 0.6109203 0.4239510 0.1759223 0.5309467 0.7110766 0.7153769 0.5740092 0.5509180 0.5390647 0.4294052 0.6832348 0.5762869 0.3763318 0.7559703 0.5618388 0.6307823 0.5694246 0.2930921 0.6027453 0.7103518 0.5937114 0.6473220 0.2378485 0.2553525 0.1504242 0.5133010 0.3778938 0.7072574 0.6981476 0.5806117 0.2425558 0.7014507 0.5517839 0.2192811 0.6867127 0.5680455 0.7035973 0.7211307 0.5290905 0.7103825 0.7151843 0.5635091 0.5707297 0.6521829 0.7092377 0.5547761 0.5833564 0.6240138 0.6620913 0.5767376 0.2325933 0.5366015 0.2072558 0.2858416 0.5908886 0.2491186 0.1798488 0.1751745 0.2954198 0.5945941 0.5925206 0.6659304 0.7692649 0.2628141 0.2997357 0.5714874 0.6044757 0.2372766 0.5803718 0.5858783 0.6206130 0.2794563 0.2495452 0.2514729 0.5740697 0.5681070 0.4306180 0.5914954 0.6582517 0.5309664 
Conoclinium_coelestinum_SRR9119114         0.4541361 0.2951151 0.5830947 0.0000000 0.6630551 0.5506634 0.2130840 0.5639468 0.6820087 0.6314020 0.5842328 0.5790057 0.5700757 0.4261239 0.6466008 0.5803977 0.4300736 0.7078641 0.5712442 0.5979762 0.5309191 0.2283772 0.5756377 0.6780481 0.5742209 0.6106106 0.5667731 0.5634036 0.3105908 0.5408403 0.5714820 0.6488528 0.6800620 0.5771528 0.4990999 0.6392562 0.5758717 0.5709578 0.6076258 0.5736136 0.6120893 0.6817099 0.5513874 0.6553177 0.6945266 0.5963241 0.5649759 0.6169059 0.6672157 0.5547725 0.5712920 0.5976219 0.6551438 0.5715679 0.5190669 0.5175023 0.4332205 0.5713356 0.5779463 0.4761955 0.2383320 0.5004640 0.3043303 0.5931759 0.6066407 0.6550438 0.6698689 0.5500669 0.3134888 0.5911958 0.5664004 0.4887510 0.5738896 0.5669009 0.5797504 0.2439502 0.5392496 0.5998394 0.5725889 0.5853668 0.4171704 0.5731852 0.6073755 0.5228735 
Eutetras_palmeri_63                        0.5338779 0.4127519 0.6109203 0.6630551 0.0000000 0.6181237 0.3526718 0.6009088 0.5201687 0.2710067 0.2970489 0.2928835 0.2709265 0.1630062 0.4321908 0.3157937 0.4173843 0.6478019 0.2769203 0.2881200 0.2748724 0.1719718 0.3220650 0.3846998 0.3242431 0.3009049 0.6340266 0.6199145 0.4642957 0.2805351 0.6480973 0.4451921 0.4999587 0.3169927 0.6010184 0.4504156 0.2883336 0.6433823 0.3860835 0.3108668 0.4059321 0.4409726 0.2881907 0.4468920 0.5109212 0.3090409 0.3161843 0.3541712 0.4390248 0.2698575 0.3072385 0.3485181 0.3481563 0.3005018 0.5995236 0.2563585 0.4600676 0.6581062 0.3162008 0.5196399 0.4177410 0.5199218 0.0861841 0.3085215 0.2962711 0.3923864 0.4363039 0.6364614 0.1027468 0.2777936 0.3217879 0.5763643 0.3112375 0.3166289 0.3278118 0.1289831 0.5963884 0.6309732 0.3042794 0.3075778 0.2463817 0.3165985 0.3632164 0.3035626 
Eutrochium_fistulosum_SRR9119106           0.3845182 0.1999229 0.4239510 0.5506634 0.6181237 0.0000000 0.1784250 0.4976895 0.6439527 0.6245212 0.5498594 0.5415742 0.5750610 0.4700488 0.6092748 0.5634527 0.3862913 0.7137052 0.5289870 0.5721646 0.5376526 0.2157067 0.5633932 0.7204787 0.5784619 0.5574486 0.5083716 0.4925927 0.3466395 0.4972583 0.4787372 0.6583791 0.6332601 0.5480456 0.4327376 0.6898837 0.5418385 0.5073300 0.5653538 0.5369942 0.6025378 0.7078289 0.5408282 0.7265478 0.6721339 0.5593387 0.5594569 0.6435683 0.7057691 0.5568490 0.5564041 0.6048134 0.5788468 0.5642832 0.4582372 0.4979411 0.2898188 0.4757030 0.5575184 0.3751463 0.2147270 0.4154646 0.2665971 0.5503827 0.5797794 0.6080594 0.6962284 0.4744473 0.2810818 0.5460887 0.5598515 0.4299305 0.5691120 0.5650756 0.6187077 0.2631393 0.4784274 0.5240746 0.5405657 0.5405177 0.3876704 0.5675151 0.5868118 0.4514750 
Galeana_pratensis_104_mex                  0.1210094 0.1072925 0.1759223 0.2130840 0.3526718 0.1784250 0.0000000 0.3649719 0.3270340 0.2821111 0.2852887 0.2727898 0.2867501 0.2945724 0.3230552 0.2892979 0.2688610 0.4557818 0.2769122 0.3089873 0.2805955 0.2152116 0.2907473 0.2857431 0.2899444 0.3041570 0.1305478 0.1557840 0.1425024 0.2863251 0.1579482 0.3281818 0.3315186 0.2866222 0.1443755 0.3405203 0.2802863 0.1523431 0.3355445 0.2772657 0.2984921 0.3619954 0.2565436 0.3667481 0.3319024 0.2765596 0.2812115 0.2845438 0.3544742 0.2859748 0.2783713 0.2768589 0.3134777 0.2897230 0.1403699 0.3121136 0.1537006 0.1134131 0.2893504 0.1285337 0.1639340 0.1414867 0.2435162 0.2845733 0.2980473 0.3258072 0.3221324 0.1224247 0.2297250 0.2895848 0.2951390 0.1472598 0.2804244 0.2775747 0.2768731 0.2427497 0.1153327 0.1356199 0.2983122 0.2774851 0.3085804 0.2886982 0.3122003 0.2677866 
Helianthus_annuus_SRR9119062               0.4698326 0.4204307 0.5309467 0.5639468 0.6009088 0.4976895 0.3649719 0.0000000 0.6164849 0.6184693 0.5122985 0.5258241 0.5606257 0.4645578 0.6206853 0.5270427 0.4736967 0.6790761 0.5206148 0.5310364 0.5421465 0.2854946 0.5352335 0.6539479 0.5341164 0.5250408 0.5245093 0.5226701 0.3766866 0.5655981 0.5978816 0.5629104 0.6136833 0.5377650 0.5065570 0.6144786 0.5159669 0.5330518 0.5879162 0.5398034 0.5238508 0.6244212 0.5171367 0.6301162 0.6076455 0.5165051 0.5152298 0.5431851 0.6266781 0.5502670 0.5249182 0.5325126 0.5372434 0.5100180 0.5129182 0.4423015 0.5634287 0.5590764 0.5386682 0.5059142 0.3597226 0.5267143 0.3684484 0.5101958 0.5301794 0.5508149 0.5958133 0.5503076 0.3980354 0.5196745 0.5310184 0.4912430 0.5390363 0.5331719 0.5459988 0.3309581 0.5233174 0.5590029 0.5265862 0.5185436 0.4831560 0.5385784 0.5535107 0.4872417 
Lycapsus_tenuifolius_17                    0.5165172 0.3756639 0.7110766 0.6820087 0.5201687 0.6439527 0.3270340 0.6164849 0.0000000 0.5090561 0.4570318 0.4728619 0.4022591 0.2922449 0.5044889 0.4863446 0.4737359 0.6341193 0.4494110 0.4335408 0.4454307 0.1705666 0.5129623 0.5779955 0.5144218 0.4417934 0.6434109 0.6508539 0.3613584 0.2530337 0.7073361 0.4053186 0.0048311 0.4919533 0.5516487 0.4546166 0.4488393 0.6937673 0.4162580 0.5091481 0.5268972 0.4468509 0.3836705 0.4415966 0.4525030 0.4840408 0.5355944 0.5426060 0.4435867 0.4543534 0.5001519 0.5343235 0.5004974 0.4951297 0.5746613 0.3249448 0.4479105 0.6412565 0.5080650 0.5671801 0.3465706 0.4990895 0.1016454 0.4718507 0.4821830 0.5205182 0.4833553 0.6817852 0.1313857 0.4326278 0.5100912 0.5504543 0.4911902 0.5072037 0.5145382 0.1365758 0.6911975 0.7040532 0.4863222 0.4881473 0.2232190 0.5124157 0.4965957 0.2656961 
Pericome_caudata_50_silver                 0.5776367 0.4113586 0.7153769 0.6314020 0.2710067 0.6245212 0.2821111 0.6184693 0.5090561 0.0000000 0.3191685 0.2828103 0.2801150 0.1662934 0.4035880 0.3209347 0.4610964 0.6873009 0.3100533 0.2575865 0.2562867 0.1834358 0.3226785 0.4314372 0.3275196 0.2838577 0.6984876 0.7308115 0.4371913 0.2645146 0.7187169 0.4380767 0.5001294 0.3066050 0.6402049 0.4365871 0.2811681 0.7661582 0.3152001 0.3176110 0.4232713 0.4395947 0.2378784 0.4062144 0.4945059 0.3115340 0.3331389 0.3776981 0.4114896 0.2938538 0.3103128 0.3422670 0.3489814 0.3023114 0.6465617 0.2658844 0.4456972 0.6874875 0.3149956 0.6038773 0.3577675 0.5516839 0.1009449 0.3125319 0.2944231 0.3684188 0.4191492 0.6860721 0.1117110 0.2663756 0.3223938 0.6195568 0.2990059 0.3197156 0.3454544 0.1411369 0.6761653 0.6941653 0.3103870 0.2995337 0.2171352 0.3236126 0.3585701 0.2907184 
Perityle_aglossa_84_dead_horse             0.4990672 0.3652733 0.5740092 0.5842328 0.2970489 0.5498594 0.2852887 0.5122985 0.4570318 0.3191685 0.0000000 0.0344720 0.0851845 0.0256021 0.2656295 0.0479107 0.3878085 0.5806915 0.0379085 0.1334469 0.0368897 0.1207864 0.0579408 0.1849939 0.0544039 0.1493248 0.5861879 0.5854916 0.4139626 0.2320277 0.6061975 0.3872381 0.4263587 0.0496208 0.5307333 0.3563658 0.0326375 0.6017004 0.2314994 0.0444461 0.2396245 0.3591250 0.0415194 0.3572785 0.4225224 0.0475860 0.0608742 0.1045337 0.3401257 0.0450201 0.0413172 0.0867923 0.2028216 0.0390070 0.5358650 0.2232338 0.4306919 0.5755798 0.0495382 0.4833870 0.3815906 0.4826691 0.0452992 0.0353235 0.1481146 0.2733943 0.3698379 0.5759263 0.0119730 0.0323948 0.0542961 0.5092309 0.0390747 0.0501532 0.0703823 0.0351053 0.5495790 0.5815672 0.0467027 0.0275325 0.1966429 0.0519862 0.3072454 0.2167838 
Perityle_ajoensis_204                      0.5003614 0.3718017 0.5509180 0.5790057 0.2928835 0.5415742 0.2727898 0.5258241 0.4728619 0.2828103 0.0344720 0.0000000 0.1047594 0.0251297 0.2633376 0.0422542 0.3878085 0.5841792 0.0245020 0.1424704 0.0394359 0.0904599 0.0438650 0.2016888 0.0438596 0.1501051 0.5632791 0.5764310 0.3982303 0.2562105 0.6277055 0.3924903 0.4557821 0.0337485 0.5186661 0.3571056 0.0318008 0.5902339 0.2393542 0.0378438 0.2204597 0.3773841 0.0371466 0.3813598 0.4229084 0.0351894 0.0494140 0.1069812 0.3644933 0.0665001 0.0337792 0.0850119 0.1983942 0.0338295 0.5561953 0.2260452 0.4310788 0.5742176 0.0381952 0.4866965 0.3803335 0.4820291 0.0503486 0.0466875 0.1294306 0.2715285 0.3552662 0.5441304 0.0071312 0.0325580 0.0426966 0.5005060 0.0404089 0.0439947 0.1046493 0.0291187 0.5130508 0.5793877 0.0387960 0.0427604 0.2144976 0.0415695 0.3008368 0.2165586 
Perityle_ambrosiifolia_67_green            0.4920995 0.3700698 0.5390647 0.5700757 0.2709265 0.5750610 0.2867501 0.5606257 0.4022591 0.2801150 0.0851845 0.1047594 0.0000000 0.0426607 0.2889288 0.1284771 0.4145638 0.5495483 0.0955233 0.2045258 0.0978674 0.1354683 0.1258903 0.2142240 0.1227400 0.2331852 0.5479434 0.5358252 0.4169791 0.2914803 0.5537851 0.3824733 0.4011959 0.1194380 0.5222932 0.3083313 0.1153875 0.5340884 0.2782883 0.1153837 0.1286705 0.3422306 0.1109143 0.3536222 0.3913190 0.1173605 0.0721212 0.1431488 0.3351647 0.0980233 0.1148414 0.1309590 0.2301657 0.1164531 0.5206985 0.1960976 0.4464391 0.5486230 0.1129003 0.4791643 0.3811719 0.5136828 0.0650850 0.1339621 0.1850730 0.2761930 0.3267350 0.5303914 0.0221002 0.1203645 0.1306783 0.5025797 0.1070943 0.1137111 0.1194555 0.0503157 0.4855404 0.5587178 0.1284553 0.1257722 0.2012894 0.1178207 0.2812151 0.2335742 
Perityle_angustifolia_13_Eagle_creek       0.3867913 0.3518595 0.4294052 0.4261239 0.1630062 0.4700488 0.2945724 0.4645578 0.2922449 0.1662934 0.0256021 0.0251297 0.0426607 0.0000000 0.2125251 0.0313835 0.4149692 0.5203252 0.0183603 0.1283555 0.0343165 0.0933438 0.0436643 0.0595869 0.0455494 0.1390869 0.4079349 0.4256769 0.3999978 0.2527148 0.4629504 0.2857274 0.2950427 0.0343749 0.4245734 0.2582869 0.0197670 0.4043258 0.2036642 0.0253322 0.0589901 0.2705751 0.0466798 0.2812973 0.2849548 0.0272602 0.0326076 0.0418146 0.2658407 0.0325882 0.0233772 0.0360459 0.1411423 0.0106928 0.4468232 0.1627862 0.3914925 0.4348449 0.0343072 0.3667039 0.3821162 0.4191950 0.0438456 0.0349932 0.0971441 0.1869718 0.2511562 0.3946976 0.0219931 0.0214913 0.0436813 0.3997040 0.0361275 0.0380966 0.0288571 0.0387392 0.3611469 0.4182347 0.0332485 0.0343301 0.1927465 0.0379977 0.1740952 0.1287360 
Perityle_batopilensis_97                   0.5990486 0.3827938 0.6832348 0.6466008 0.4321908 0.6092748 0.3230552 0.6206853 0.5044889 0.4035880 0.2656295 0.2633376 0.2889288 0.2125251 0.0000000 0.2811600 0.4006678 0.7118629 0.2585148 0.2050219 0.2838075 0.1662267 0.2820972 0.4391024 0.2860543 0.1913519 0.7523213 0.6821659 0.4481210 0.3094685 0.6944232 0.4527284 0.4753004 0.2716188 0.5899045 0.4102221 0.2310272 0.7333420 0.0403464 0.2782650 0.4089788 0.4206573 0.2164079 0.4242518 0.4325883 0.2740818 0.2875932 0.3756342 0.4071037 0.3286342 0.2689148 0.3516173 0.2390342 0.2672609 0.5959636 0.2718353 0.4585873 0.6716782 0.2808882 0.5747538 0.3808474 0.5431583 0.0400492 0.2750897 0.2823330 0.2845381 0.3929224 0.7079802 0.0748132 0.2257931 0.2836008 0.5720959 0.2785131 0.2877411 0.3654819 0.0914152 0.6990444 0.7150763 0.2603211 0.2705915 0.2741411 0.2859085 0.3293100 0.2694698 
Perityle_bisetosa_9                        0.4883708 0.3621111 0.5762869 0.5803977 0.3157937 0.5634527 0.2892979 0.5270427 0.4863446 0.3209347 0.0479107 0.0422542 0.1284771 0.0313835 0.2811600 0.0000000 0.3758324 0.6011458 0.0227271 0.1605754 0.0449389 0.1076269 0.0584993 0.2292649 0.0495422 0.1628753 0.5825003 0.5828416 0.3982010 0.2528870 0.6287734 0.4107702 0.4634733 0.0462491 0.5230579 0.3449627 0.0350262 0.5924334 0.2581271 0.0493981 0.2472658 0.3659096 0.0377145 0.3851371 0.4279196 0.0355254 0.0705593 0.1393500 0.3702732 0.0796384 0.0429388 0.1107146 0.2060368 0.0429501 0.5279360 0.2258964 0.4244952 0.5785983 0.0472811 0.4944826 0.3606264 0.4611610 0.0537350 0.0591441 0.1540552 0.2851814 0.3881698 0.5669772 0.0223646 0.0335886 0.0573208 0.5071599 0.0453620 0.0511310 0.1173256 0.0351514 0.5489699 0.6256572 0.0412398 0.0512782 0.2167549 0.0495590 0.3106648 0.2417798 
Perityle_californica_76_positas            0.3222348 0.3530990 0.3763318 0.4300736 0.4173843 0.3862913 0.2688610 0.4736967 0.4737359 0.4610964 0.3878085 0.3878085 0.4145638 0.4149692 0.4006678 0.3758324 0.0000000 0.6578521 0.3969476 0.4281398 0.3878085 0.2406797 0.3878085 0.3755841 0.4016473 0.4124095 0.3208595 0.3808978 0.3315019 0.4390813 0.4156127 0.5587423 0.4737359 0.3765603 0.4261307 0.4394754 0.3878085 0.3081931 0.4122007 0.3817978 0.3878085 0.5346722 0.3999410 0.5379950 0.5508048 0.3752687 0.3982170 0.4016473 0.5379950 0.4018507 0.4134520 0.3861852 0.4304807 0.3878085 0.4311224 0.3444164 0.4106142 0.3775973 0.4002391 0.3583483 0.4017033 0.4513267 0.4040955 0.4103122 0.3795653 0.4208902 0.3995496 0.3979382 0.3882838 0.3878085 0.3878085 0.3315019 0.4002391 0.3898966 0.4029939 0.3430044 0.3840350 0.3706950 0.3869519 0.3749970 0.5377854 0.4002391 0.4124095 0.4536467 
Perityle_canescens_77                      0.7144084 0.5361215 0.7559703 0.7078641 0.6478019 0.7137052 0.4557818 0.6790761 0.6341193 0.6873009 0.5806915 0.5841792 0.5495483 0.5203252 0.7118629 0.6011458 0.6578521 0.0000000 0.5737816 0.6013347 0.5978630 0.2723913 0.5870388 0.5789644 0.6086296 0.5728971 0.7699440 0.7312270 0.5509088 0.4526862 0.6969345 0.5128350 0.5981126 0.5931210 0.6242250 0.5918876 0.5636166 0.7689987 0.6619585 0.5752188 0.6899809 0.5834054 0.5175876 0.5917735 0.6096439 0.5865215 0.5590796 0.5968045 0.5728044 0.6122725 0.5909154 0.6015927 0.6535560 0.5691978 0.6865650 0.6064389 0.5762831 0.7420771 0.5969414 0.5507281 0.5074916 0.6706802 0.4206724 0.5708752 0.6398932 0.6983963 0.5607589 0.7026763 0.4343147 0.5705610 0.5874561 0.6049228 0.6019278 0.5922880 0.5872863 0.3922903 0.7247700 0.7693552 0.5738782 0.5875160 0.4226902 0.6079819 0.6826556 0.3887131 
Perityle_castillonii_96                    0.4745021 0.3590163 0.5618388 0.5712442 0.2769203 0.5289870 0.2769122 0.5206148 0.4494110 0.3100533 0.0379085 0.0245020 0.0955233 0.0183603 0.2585148 0.0227271 0.3969476 0.5737816 0.0000000 0.1407414 0.0308224 0.0948576 0.0432042 0.1926527 0.0408939 0.1403408 0.5517356 0.5722564 0.3750684 0.2465738 0.6265959 0.3780120 0.4241877 0.0316163 0.4893380 0.3396904 0.0222341 0.5756360 0.2255218 0.0321687 0.2236239 0.3389992 0.0319803 0.3681618 0.4167678 0.0260940 0.0547465 0.1038175 0.3492551 0.0605720 0.0327947 0.0744918 0.1928562 0.0316664 0.5082975 0.2082034 0.4264776 0.5509304 0.0361752 0.4837236 0.3705493 0.4649799 0.0427752 0.0484963 0.1343389 0.2733092 0.3583048 0.5666410 0.0047800 0.0229261 0.0419941 0.4678310 0.0338665 0.0401231 0.0709483 0.0262013 0.5401279 0.5671985 0.0327714 0.0402115 0.2034541 0.0373776 0.2941054 0.2332914 
Perityle_cernua_84                         0.5516172 0.3800656 0.6307823 0.5979762 0.2881200 0.5721646 0.3089873 0.5310364 0.4335408 0.2575865 0.1334469 0.1424704 0.2045258 0.1283555 0.2050219 0.1605754 0.4281398 0.6013347 0.1407414 0.0000000 0.1594079 0.1360385 0.1580246 0.3232367 0.1606191 0.0328452 0.6130988 0.6165976 0.4261055 0.2518755 0.6202301 0.3682908 0.4320746 0.1538596 0.5327576 0.3464196 0.1436044 0.6601858 0.1933131 0.1597683 0.2909023 0.3503021 0.1449784 0.3580274 0.3619499 0.1551005 0.1670103 0.2175129 0.3424630 0.1932123 0.1509885 0.2030428 0.0800364 0.1498403 0.5781906 0.1237422 0.4236758 0.6456870 0.1561602 0.5007275 0.3755394 0.5310002 0.0024426 0.1538941 0.1668163 0.1961621 0.3647388 0.5766447 0.0465027 0.1483131 0.1564588 0.5104854 0.1558108 0.1594329 0.2304159 0.0752820 0.5571061 0.6036169 0.1476755 0.1497447 0.2122300 0.1604049 0.1995884 0.2099491 
Perityle_cfvillosa_25_tin                  0.5154266 0.3788010 0.5694246 0.5309191 0.2748724 0.5376526 0.2805955 0.5421465 0.4454307 0.2562867 0.0368897 0.0394359 0.0978674 0.0343165 0.2838075 0.0449389 0.3878085 0.5978630 0.0308224 0.1594079 0.0000000 0.0947998 0.0563423 0.1671374 0.0171152 0.1692916 0.5684871 0.5631958 0.4137402 0.2564327 0.6070169 0.4045934 0.4215075 0.0370917 0.5140436 0.3555397 0.0378563 0.5840589 0.2521184 0.0450906 0.1941836 0.3609797 0.0166447 0.3770729 0.4331808 0.0410084 0.0608926 0.0552628 0.3596415 0.0692559 0.0418828 0.0623003 0.2175332 0.0419336 0.5394936 0.2329441 0.4425149 0.5847159 0.0113545 0.4620470 0.3768458 0.4994080 0.0608926 0.0472162 0.1311412 0.2971793 0.3317811 0.5545448 0.0167612 0.0361691 0.0550696 0.4946426 0.0101972 0.0113983 0.0986382 0.0202438 0.5248510 0.5737134 0.0461106 0.0490166 0.2088252 0.0136468 0.3104409 0.1816556 
Perityle_cinerea_113_Powell1310            0.2397628 0.2135618 0.2930921 0.2283772 0.1719718 0.2157067 0.2152116 0.2854946 0.1705666 0.1834358 0.1207864 0.0904599 0.1354683 0.0933438 0.1662267 0.1076269 0.2406797 0.2723913 0.0948576 0.1360385 0.0947998 0.0000000 0.1121214 0.1130160 0.1121041 0.1478130 0.2586440 0.2775992 0.2020147 0.1690266 0.2585504 0.1737751 0.1474885 0.0991719 0.2347746 0.1429238 0.0930588 0.2402469 0.1446335 0.0992596 0.0972250 0.1660547 0.0991923 0.1649853 0.1707740 0.1075804 0.1029779 0.1256359 0.1550246 0.1089067 0.0991195 0.1175450 0.1565962 0.1075216 0.2362995 0.1165596 0.1888898 0.2494149 0.1119213 0.2791466 0.2239700 0.2433871 0.1209800 0.1431895 0.1664428 0.1356504 0.1767004 0.2831546 0.0844070 0.0905106 0.1164375 0.2444032 0.0991923 0.1118815 0.0890078 0.0932783 0.2435302 0.2780058 0.0947533 0.1102572 0.1402355 0.1159483 0.1311151 0.1512206 
Perityle_coahuilensis_24                   0.5211790 0.3800816 0.6027453 0.5756377 0.3220650 0.5633932 0.2907473 0.5352335 0.5129623 0.3226785 0.0579408 0.0438650 0.1258903 0.0436643 0.2820972 0.0584993 0.3878085 0.5870388 0.0432042 0.1580246 0.0563423 0.1121214 0.0000000 0.2297802 0.0564840 0.1660776 0.6037346 0.6086789 0.4140163 0.2633898 0.6457546 0.4151006 0.4912769 0.0487689 0.5466711 0.3508179 0.0511631 0.6247792 0.2585839 0.0485664 0.2207034 0.3798629 0.0509364 0.3942437 0.4318076 0.0536994 0.0704917 0.1518812 0.3751179 0.0848864 0.0476851 0.1126933 0.2139437 0.0488400 0.5638670 0.2287194 0.4369812 0.6063831 0.0531065 0.5115777 0.3916863 0.5031507 0.0610898 0.0673061 0.1642888 0.2959789 0.3871917 0.5982991 0.0216484 0.0514555 0.0030636 0.5268257 0.0548226 0.0570369 0.1207472 0.0382887 0.5722125 0.6366602 0.0483217 0.0527111 0.2180405 0.0553729 0.3122153 0.2549932 
Perityle_cochisensis_44_cave_creek         0.6039035 0.4057941 0.7103518 0.6780481 0.3846998 0.7204787 0.2857431 0.6539479 0.5779955 0.4314372 0.1849939 0.2016888 0.2142240 0.0595869 0.4391024 0.2292649 0.3755841 0.5789644 0.1926527 0.3232367 0.1671374 0.1130160 0.2297802 0.0000000 0.2228266 0.3579040 0.6628461 0.6897815 0.3993624 0.4087866 0.6861916 0.5430078 0.5842413 0.2155116 0.6215357 0.4739457 0.2172120 0.6703368 0.4129398 0.2065231 0.2353175 0.5001037 0.2155849 0.5118257 0.5536534 0.2159983 0.1685118 0.2563329 0.5086256 0.1754441 0.2074556 0.2389131 0.3606055 0.2044792 0.6521393 0.2742365 0.5026416 0.6786600 0.2146933 0.6107119 0.3811606 0.5822434 0.1268614 0.2265831 0.2917111 0.4281053 0.4887846 0.6730419 0.0814618 0.2060095 0.2328837 0.6094844 0.2112426 0.2198737 0.2206370 0.0501808 0.6453457 0.6844811 0.2187639 0.2305311 0.2261525 0.2161592 0.3908127 0.3870849 
Perityle_congesta_202                      0.5275594 0.4023344 0.5937114 0.5742209 0.3242431 0.5784619 0.2899444 0.5341164 0.5144218 0.3275196 0.0544039 0.0438596 0.1227400 0.0455494 0.2860543 0.0495422 0.4016473 0.6086296 0.0408939 0.1606191 0.0171152 0.1121041 0.0564840 0.2228266 0.0000000 0.1643578 0.6130886 0.6084080 0.4221931 0.2719764 0.6627211 0.4322992 0.4924037 0.0433481 0.5509524 0.3530431 0.0439619 0.6102930 0.2625585 0.0473954 0.2428594 0.3713728 0.0156607 0.3877256 0.4315009 0.0470123 0.0680893 0.1098312 0.3665761 0.0732749 0.0400897 0.1114899 0.2078670 0.0434137 0.5560538 0.2473681 0.4605946 0.6202486 0.0155086 0.5205361 0.3908755 0.5036739 0.0770016 0.0639537 0.1583474 0.2879225 0.3884775 0.5884602 0.0339735 0.0440066 0.0553280 0.5310927 0.0149174 0.0188380 0.1208023 0.0291466 0.5793621 0.6367658 0.0482773 0.0571561 0.2209726 0.0155208 0.3192439 0.2436336 
Perityle_cordifolia_27                     0.5630051 0.3756291 0.6473220 0.6106106 0.3009049 0.5574486 0.3041570 0.5250408 0.4417934 0.2838577 0.1493248 0.1501051 0.2331852 0.1390869 0.1913519 0.1628753 0.4124095 0.5728971 0.1403408 0.0328452 0.1692916 0.1478130 0.1660776 0.3579040 0.1643578 0.0000000 0.6369642 0.6346305 0.4256907 0.2539500 0.6093270 0.3671367 0.4422506 0.1632798 0.5560323 0.3348260 0.1461106 0.6601653 0.1831228 0.1631644 0.2711532 0.3460991 0.1525694 0.3582248 0.3646111 0.1588340 0.1793544 0.2630389 0.3437898 0.1939694 0.1560913 0.2396980 0.0489893 0.1548666 0.5802553 0.1406573 0.4218020 0.6318228 0.1655120 0.5173749 0.3792985 0.5328355 0.0073465 0.1718494 0.1890920 0.1776957 0.3834247 0.6049059 0.0515883 0.1582675 0.1644920 0.5354888 0.1599853 0.1673084 0.2469686 0.0784932 0.5953277 0.6303459 0.1485652 0.1571299 0.2147394 0.1656179 0.1583151 0.2456772 
Perityle_cordifolia_68_tecolote            0.1277185 0.0828441 0.2378485 0.5667731 0.6340266 0.5083716 0.1305478 0.5245093 0.6434109 0.6984876 0.5861879 0.5632791 0.5479434 0.4079349 0.7523213 0.5825003 0.3208595 0.7699440 0.5517356 0.6130988 0.5684871 0.2586440 0.6037346 0.6628461 0.6130886 0.6369642 0.0000000 0.1988548 0.1090896 0.4464206 0.4400270 0.6730602 0.6242180 0.5931516 0.1728618 0.7199148 0.5535654 0.1697348 0.6800817 0.5843031 0.6635450 0.7129886 0.5260932 0.7158033 0.6945550 0.5726612 0.6121255 0.6411142 0.7289305 0.5551092 0.5893655 0.6243112 0.6955412 0.5793870 0.1678679 0.5328612 0.1727200 0.2901223 0.6038072 0.2005560 0.1617938 0.1207852 0.2669660 0.5943801 0.6151369 0.6925624 0.7181619 0.2052362 0.2786403 0.5572015 0.6054815 0.1742341 0.5920581 0.5925422 0.6085917 0.2558470 0.1977179 0.2446805 0.5723080 0.5751793 0.3926817 0.6000932 0.6497594 0.4667347 
Perityle_coronopifolia_28_patagonia        0.1461616 0.1055501 0.2553525 0.5634036 0.6199145 0.4925927 0.1557840 0.5226701 0.6508539 0.7308115 0.5854916 0.5764310 0.5358252 0.4256769 0.6821659 0.5828416 0.3808978 0.7312270 0.5722564 0.6165976 0.5631958 0.2775992 0.6086789 0.6897815 0.6084080 0.6346305 0.1988548 0.0000000 0.1091227 0.4924405 0.4034643 0.6711082 0.6457147 0.6023913 0.1492831 0.6798414 0.5621926 0.1718812 0.6470714 0.5935736 0.6938299 0.6786356 0.5457052 0.6630251 0.7111466 0.5824293 0.6270733 0.6634361 0.6727983 0.5505820 0.6063303 0.6113269 0.6431609 0.5906060 0.1023631 0.5354785 0.2070588 0.2669933 0.6013939 0.0901202 0.1748552 0.1497870 0.3167688 0.5803116 0.6077561 0.6388661 0.7220972 0.2017281 0.3329727 0.5738129 0.6103897 0.1568632 0.5820095 0.5905870 0.6018301 0.3022846 0.2044554 0.2729545 0.5803011 0.5696481 0.4393337 0.5980395 0.6086887 0.5230057 
Perityle_crassifolia_70_ventanas           0.0788968 0.0607946 0.1504242 0.3105908 0.4642957 0.3466395 0.1425024 0.3766866 0.3613584 0.4371913 0.4139626 0.3982303 0.4169791 0.3999978 0.4481210 0.3982010 0.3315019 0.5509088 0.3750684 0.4261055 0.4137402 0.2020147 0.4140163 0.3993624 0.4221931 0.4256907 0.1090896 0.1091227 0.0000000 0.3998252 0.2699931 0.4410625 0.3650797 0.4123708 0.0132818 0.4694465 0.3947228 0.0933799 0.4613265 0.3946225 0.4401938 0.4647318 0.3813765 0.4771650 0.4767404 0.3801955 0.4128508 0.4017023 0.4703067 0.4079879 0.4084421 0.3949044 0.4344682 0.3939069 0.0909320 0.4551801 0.1627851 0.1275256 0.4062191 0.0809415 0.1515749 0.0894826 0.2201186 0.4015406 0.4057512 0.4547054 0.5156671 0.0981653 0.2376468 0.4075027 0.4179499 0.0021926 0.4021548 0.4113848 0.3998510 0.2281726 0.1039321 0.1283572 0.3798190 0.3963492 0.3688211 0.4094178 0.4452181 0.2661335 
Perityle_crassifolia_74_playa_balandra     0.4460677 0.3751244 0.5133010 0.5408403 0.2805351 0.4972583 0.2863251 0.5655981 0.2530337 0.2645146 0.2320277 0.2562105 0.2914803 0.2527148 0.3094685 0.2528870 0.4390813 0.4526862 0.2465738 0.2518755 0.2564327 0.1690266 0.2633898 0.4087866 0.2719764 0.2539500 0.4464206 0.4924405 0.3998252 0.0000000 0.4495384 0.2348703 0.2554921 0.2591348 0.4907148 0.1525668 0.2505661 0.4664409 0.2997490 0.2582920 0.2765222 0.1550031 0.2354968 0.1718905 0.1990704 0.2513148 0.2628869 0.2640062 0.1579340 0.2702822 0.2545718 0.2624894 0.2586772 0.2440865 0.4938324 0.2264031 0.4778398 0.4701002 0.2563836 0.4491070 0.3807717 0.4668858 0.1318611 0.2345962 0.2512752 0.2750676 0.2040719 0.4796200 0.1544065 0.2584241 0.2605246 0.4482033 0.2638003 0.2583603 0.2842281 0.1635917 0.4651368 0.4719311 0.2502618 0.2564420 0.1796751 0.2664188 0.2873240 0.1704373 
Perityle_cuneata_34_cuneata_San_antonio    0.3078524 0.1678992 0.3778938 0.5714820 0.6480973 0.4787372 0.1579482 0.5978816 0.7073361 0.7187169 0.6061975 0.6277055 0.5537851 0.4629504 0.6944232 0.6287734 0.4156127 0.6969345 0.6265959 0.6202301 0.6070169 0.2585504 0.6457546 0.6861916 0.6627211 0.6093270 0.4400270 0.4034643 0.2699931 0.4495384 0.0000000 0.6030145 0.6541094 0.6380024 0.3469028 0.6444059 0.5917047 0.3933706 0.6564158 0.6271050 0.6556231 0.6693179 0.5652315 0.6773754 0.7057541 0.6354821 0.6140178 0.6945809 0.6658740 0.6056265 0.6416182 0.6687714 0.6604049 0.6333672 0.3178786 0.4716673 0.2158995 0.4141303 0.6422704 0.2824734 0.1734941 0.2823195 0.2899579 0.6220599 0.6424430 0.6996981 0.6545762 0.4087621 0.3215371 0.5710253 0.6474700 0.3240350 0.6375912 0.6358060 0.6375667 0.2635834 0.4112391 0.4742512 0.6356263 0.6170356 0.3888181 0.6495921 0.7492302 0.5067689 
Perityle_cuneata_4                         0.6262106 0.4118836 0.7072574 0.6488528 0.4451921 0.6583791 0.3281818 0.5629104 0.4053186 0.4380767 0.3872381 0.3924903 0.3824733 0.2857274 0.4527284 0.4107702 0.5587423 0.5128350 0.3780120 0.3682908 0.4045934 0.1737751 0.4151006 0.5430078 0.4322992 0.3671367 0.6730602 0.6711082 0.4410625 0.2348703 0.6030145 0.0000000 0.3620751 0.4148458 0.5755239 0.4009393 0.3731594 0.6881369 0.4060878 0.4181602 0.4527856 0.4016067 0.3474344 0.4039633 0.4412965 0.4127637 0.4182623 0.4424216 0.3939664 0.4278330 0.4109806 0.4312872 0.3931833 0.4034156 0.6095370 0.3545459 0.4626175 0.6668127 0.4153015 0.5394503 0.3884083 0.5757585 0.1064851 0.3869994 0.4085468 0.4468593 0.3600258 0.6606847 0.1359371 0.3754124 0.4123723 0.5544048 0.4245810 0.4259740 0.4332526 0.1647829 0.6446599 0.7043453 0.3877325 0.4087990 0.2019788 0.4254652 0.4733070 0.2069292 
Perityle_discoidea_81                      0.5161738 0.3794612 0.6981476 0.6800620 0.4999587 0.6332601 0.3315186 0.6136833 0.0048311 0.5001294 0.4263587 0.4557821 0.4011959 0.2950427 0.4753004 0.4634733 0.4737359 0.5981126 0.4241877 0.4320746 0.4215075 0.1474885 0.4912769 0.5842413 0.4924037 0.4422506 0.6242180 0.6457147 0.3650797 0.2554921 0.6541094 0.3620751 0.0000000 0.4714351 0.5468471 0.4411251 0.4521022 0.6640497 0.4215039 0.4841400 0.5054802 0.4301719 0.3889017 0.4303878 0.4215774 0.4608968 0.5102870 0.5211839 0.4332844 0.4310692 0.4777674 0.5052876 0.4880423 0.4719805 0.5711896 0.3148594 0.4514032 0.6232529 0.4865129 0.5667755 0.3506896 0.5020851 0.1046047 0.4537523 0.4541976 0.4908888 0.4620333 0.6629443 0.1344209 0.4375845 0.4883391 0.5454997 0.4722641 0.4848269 0.4928149 0.1402099 0.6805266 0.6927372 0.4635155 0.4679359 0.2112975 0.4903324 0.4724633 0.2656641 
Perityle_dissecta_201                      0.5089357 0.3691376 0.5806117 0.5771528 0.3169927 0.5480456 0.2866222 0.5377650 0.4919533 0.3066050 0.0496208 0.0337485 0.1194380 0.0343749 0.2716188 0.0462491 0.3765603 0.5931210 0.0316163 0.1538596 0.0370917 0.0991719 0.0487689 0.2155116 0.0433481 0.1632798 0.5931516 0.6023913 0.4123708 0.2591348 0.6380024 0.4148458 0.4714351 0.0000000 0.5431626 0.3494278 0.0356836 0.6126657 0.2462180 0.0364232 0.2317672 0.3694503 0.0399140 0.3869838 0.4210609 0.0371749 0.0583718 0.1273779 0.3623779 0.0705368 0.0325367 0.1090902 0.2068090 0.0336508 0.5539637 0.2341758 0.4355647 0.6049185 0.0378690 0.5014720 0.3737311 0.4898045 0.0531529 0.0583197 0.1547727 0.2800790 0.3772195 0.5825854 0.0143710 0.0379253 0.0476313 0.5232475 0.0402033 0.0459569 0.1118506 0.0321893 0.5669749 0.6195759 0.0406345 0.0493975 0.2151025 0.0422564 0.3149199 0.2332459 
Perityle_emoryi_47_punta_san_jose          0.1067604 0.0744748 0.2425558 0.4990999 0.6010184 0.4327376 0.1443755 0.5065570 0.5516487 0.6402049 0.5307333 0.5186661 0.5222932 0.4245734 0.5899045 0.5230579 0.4261307 0.6242250 0.4893380 0.5327576 0.5140436 0.2347746 0.5466711 0.6215357 0.5509524 0.5560323 0.1728618 0.1492831 0.0132818 0.4907148 0.3469028 0.5755239 0.5468471 0.5431626 0.0000000 0.5958284 0.5163955 0.1168014 0.5543384 0.5241480 0.5695190 0.5788466 0.5120053 0.5902835 0.5930564 0.5147366 0.5477657 0.6088313 0.5854320 0.4964080 0.5403478 0.5558771 0.5665742 0.5219213 0.1077481 0.4515747 0.1718248 0.2339047 0.5410115 0.1649579 0.1454669 0.1119332 0.2747535 0.5475309 0.5525643 0.5592715 0.6454686 0.1728571 0.2885571 0.5376170 0.5485439 0.0169496 0.5306037 0.5350407 0.5305981 0.2492415 0.1813537 0.2575225 0.5095764 0.5132246 0.3992593 0.5458821 0.5339662 0.5074830 
Perityle_feddemae_99                       0.6103204 0.4030801 0.7014507 0.6392562 0.4504156 0.6898837 0.3405203 0.6144786 0.4546166 0.4365871 0.3563658 0.3571056 0.3083313 0.2582869 0.4102221 0.3449627 0.4394754 0.5918876 0.3396904 0.3464196 0.3555397 0.1429238 0.3508179 0.4739457 0.3530431 0.3348260 0.7199148 0.6798414 0.4694465 0.1525668 0.6444059 0.4009393 0.4411251 0.3494278 0.5958284 0.0000000 0.3132921 0.7061978 0.3827691 0.3447987 0.4482037 0.0333019 0.2721474 0.0402459 0.2146637 0.3456695 0.3498857 0.4508682 0.0252313 0.3738195 0.3468353 0.4191188 0.3650150 0.3440397 0.6475270 0.3362533 0.4864939 0.6641665 0.3487240 0.5567437 0.4124182 0.5817593 0.0886842 0.3509782 0.3790306 0.3993173 0.3363810 0.7067008 0.1109336 0.3220726 0.3505022 0.5655601 0.3592910 0.3576196 0.4125616 0.1168000 0.6723589 0.7195297 0.3303802 0.3579998 0.1486201 0.3550995 0.4520594 0.1787561 
Perityle_fosteri_93                        0.4728572 0.3663013 0.5517839 0.5758717 0.2883336 0.5418385 0.2802863 0.5159669 0.4488393 0.2811681 0.0326375 0.0318008 0.1153875 0.0197670 0.2310272 0.0350262 0.3878085 0.5636166 0.0222341 0.1436044 0.0378563 0.0930588 0.0511631 0.2172120 0.0439619 0.1461106 0.5535654 0.5621926 0.3947228 0.2505661 0.5917047 0.3731594 0.4521022 0.0356836 0.5163955 0.3132921 0.0000000 0.5571977 0.2310172 0.0362980 0.1841330 0.3322652 0.0373305 0.3524205 0.3652299 0.0241642 0.0577811 0.1375566 0.3323068 0.0759349 0.0333445 0.1030167 0.1835460 0.0298180 0.5363989 0.2181204 0.4337090 0.5556541 0.0391606 0.4855606 0.3677170 0.4646309 0.0428170 0.0420365 0.1359057 0.2428914 0.3558222 0.5397739 0.0144289 0.0229687 0.0499113 0.5021810 0.0387628 0.0429077 0.1151166 0.0291501 0.5160428 0.5792487 0.0398101 0.0367978 0.1955417 0.0439606 0.2674068 0.2395993 
Perityle_gamon_221                         0.1243807 0.0813132 0.2192811 0.5709578 0.6433823 0.5073300 0.1523431 0.5330518 0.6937673 0.7661582 0.6017004 0.5902339 0.5340884 0.4043258 0.7333420 0.5924334 0.3081931 0.7689987 0.5756360 0.6601858 0.5840589 0.2402469 0.6247792 0.6703368 0.6102930 0.6601653 0.1697348 0.1718812 0.0933799 0.4664409 0.3933706 0.6881369 0.6640497 0.6126657 0.1168014 0.7061978 0.5571977 0.0000000 0.6801806 0.5947736 0.7115959 0.7113036 0.5470854 0.7132568 0.6973329 0.5874840 0.6329332 0.6739043 0.7163495 0.5662516 0.6014608 0.6310729 0.7024897 0.5925754 0.0993664 0.5528951 0.1651054 0.3074800 0.6061336 0.1782200 0.1415184 0.1089300 0.2952871 0.6100162 0.6188420 0.7089523 0.7348599 0.1840509 0.2790972 0.5644946 0.6264628 0.1217393 0.5967012 0.5897566 0.6274003 0.2665851 0.1872453 0.2624512 0.5982019 0.5879181 0.3834073 0.6055409 0.6453493 0.5287361 
Perityle_gentryi_8_san_francisco           0.6063051 0.3910784 0.6867127 0.6076258 0.3860835 0.5653538 0.3355445 0.5879162 0.4162580 0.3152001 0.2314994 0.2393542 0.2782883 0.2036642 0.0403464 0.2581271 0.4122007 0.6619585 0.2255218 0.1933131 0.2521184 0.1446335 0.2585839 0.4129398 0.2625585 0.1831228 0.6800817 0.6470714 0.4613265 0.2997490 0.6564158 0.4060878 0.4215039 0.2462180 0.5543384 0.3827691 0.2310172 0.6801806 0.0000000 0.2540650 0.3232195 0.3882802 0.2224644 0.3952527 0.3689405 0.2488769 0.2708544 0.3150607 0.3812252 0.2929336 0.2431142 0.2851713 0.2160832 0.2409470 0.5933296 0.2498358 0.4624146 0.6294660 0.2533798 0.5170175 0.3926046 0.5541289 0.0248017 0.2461942 0.2452212 0.2471403 0.3575866 0.6052696 0.0644180 0.2325156 0.2565337 0.5342992 0.2564824 0.2617766 0.3332733 0.0912855 0.5868104 0.6549002 0.2281213 0.2462774 0.2445124 0.2603337 0.2660246 0.2143348 
Perityle_gilensis_22_Superstition          0.4984272 0.3622686 0.5680455 0.5736136 0.3108668 0.5369942 0.2772657 0.5398034 0.5091481 0.3176110 0.0444461 0.0378438 0.1153837 0.0253322 0.2782650 0.0493981 0.3817978 0.5752188 0.0321687 0.1597683 0.0450906 0.0992596 0.0485664 0.2065231 0.0473954 0.1631644 0.5843031 0.5935736 0.3946225 0.2582920 0.6271050 0.4181602 0.4841400 0.0364232 0.5241480 0.3447987 0.0362980 0.5947736 0.2540650 0.0000000 0.2294053 0.3694572 0.0406260 0.3911303 0.4255191 0.0389486 0.0638411 0.1346832 0.3694136 0.0774070 0.0375380 0.1087825 0.2066319 0.0397966 0.5435295 0.2224158 0.4255685 0.5927644 0.0417777 0.4988015 0.3747308 0.4816836 0.0509302 0.0548574 0.1580154 0.2952362 0.3867152 0.5731295 0.0072092 0.0348664 0.0485324 0.5020571 0.0443039 0.0477884 0.1049396 0.0234124 0.5556857 0.6111400 0.0413378 0.0480573 0.2041602 0.0440340 0.3125236 0.2356724 
Perityle_gilensis_salensis_225             0.5260963 0.3829527 0.7035973 0.6120893 0.4059321 0.6025378 0.2984921 0.5238508 0.5268972 0.4232713 0.2396245 0.2204597 0.1286705 0.0589901 0.4089788 0.2472658 0.3878085 0.6899809 0.2236239 0.2909023 0.1941836 0.0972250 0.2207034 0.2353175 0.2428594 0.2711532 0.6635450 0.6938299 0.4401938 0.2765222 0.6556231 0.4527856 0.5054802 0.2317672 0.5695190 0.4482037 0.1841330 0.7115959 0.3232195 0.2294053 0.0000000 0.4592608 0.1515487 0.4566052 0.4900897 0.2324973 0.2403634 0.2436455 0.4341141 0.1894625 0.2397021 0.2428174 0.3426571 0.2303192 0.6121785 0.2126326 0.4435692 0.6058044 0.2359455 0.5224278 0.3992300 0.5269634 0.0582274 0.2461989 0.3120767 0.3707591 0.3905120 0.6811641 0.0143376 0.1643843 0.2238676 0.5501524 0.2316174 0.2329233 0.2223957 0.0382097 0.6235467 0.7452812 0.2320217 0.2463495 0.2264499 0.2378505 0.3664673 0.2367932 
Perityle_glaucescens_94                    0.6247055 0.4072078 0.7211307 0.6817099 0.4409726 0.7078289 0.3619954 0.6244212 0.4468509 0.4395947 0.3591250 0.3773841 0.3422306 0.2705751 0.4206573 0.3659096 0.5346722 0.5834054 0.3389992 0.3503021 0.3609797 0.1660547 0.3798629 0.5001037 0.3713728 0.3460991 0.7129886 0.6786356 0.4647318 0.1550031 0.6693179 0.4016067 0.4301719 0.3694503 0.5788466 0.0333019 0.3322652 0.7113036 0.3882802 0.3694572 0.4592608 0.0000000 0.2956011 0.0363161 0.2053152 0.3616187 0.3770010 0.4551403 0.0223391 0.3993020 0.3652045 0.4235842 0.3795118 0.3600112 0.6276461 0.3325359 0.4872118 0.6594759 0.3632175 0.5691907 0.4064994 0.5776494 0.0917409 0.3668701 0.4040398 0.4198070 0.3252871 0.7077414 0.1191034 0.3381572 0.3775948 0.5602133 0.3760558 0.3722719 0.4313799 0.1323013 0.6897428 0.7274883 0.3514285 0.3755320 0.1520282 0.3712571 0.4581122 0.2136694 
Perityle_gracilis_11                       0.4852805 0.3509417 0.5290905 0.5513874 0.2881907 0.5408282 0.2565436 0.5171367 0.3836705 0.2378784 0.0415194 0.0371466 0.1109143 0.0466798 0.2164079 0.0377145 0.3999410 0.5175876 0.0319803 0.1449784 0.0166447 0.0991923 0.0509364 0.2155849 0.0156607 0.1525694 0.5260932 0.5457052 0.3813765 0.2354968 0.5652315 0.3474344 0.3889017 0.0399140 0.5120053 0.2721474 0.0373305 0.5470854 0.2224644 0.0406260 0.1515487 0.2956011 0.0000000 0.3073446 0.3243902 0.0361992 0.0553222 0.0941078 0.2855866 0.0827775 0.0371841 0.0887123 0.1561985 0.0399667 0.5373072 0.2231031 0.4069681 0.5324005 0.0104014 0.4666314 0.3086759 0.4548512 0.0662365 0.0516689 0.1394354 0.2225496 0.3118976 0.5056564 0.0273005 0.0426386 0.0494945 0.4934624 0.0130041 0.0143971 0.1367767 0.0173298 0.4767113 0.5428659 0.0419735 0.0523293 0.1539497 0.0143361 0.2424694 0.1936811 
Perityle_harkerae_31                       0.6363981 0.4137838 0.7103825 0.6553177 0.4468920 0.7265478 0.3667481 0.6301162 0.4415966 0.4062144 0.3572785 0.3813598 0.3536222 0.2812973 0.4242518 0.3851371 0.5379950 0.5917735 0.3681618 0.3580274 0.3770729 0.1649853 0.3942437 0.5118257 0.3877256 0.3582248 0.7158033 0.6630251 0.4771650 0.1718905 0.6773754 0.4039633 0.4303878 0.3869838 0.5902835 0.0402459 0.3524205 0.7132568 0.3952527 0.3911303 0.4566052 0.0363161 0.3073446 0.0000000 0.2112200 0.3853124 0.3835301 0.4345978 0.0342504 0.4105640 0.3844527 0.4261758 0.3965039 0.3793490 0.6499202 0.3468745 0.5027784 0.6658868 0.3791945 0.5567927 0.4095718 0.5924830 0.1030699 0.3685857 0.3911171 0.4164948 0.3146710 0.6842086 0.1307813 0.3538429 0.3918410 0.5723630 0.3849992 0.3868766 0.4608076 0.1463505 0.6472778 0.7056328 0.3703960 0.3836187 0.1708480 0.3894013 0.4709251 0.1965445 
Perityle_hofmeisteria_4_nombre_de_dios     0.6111607 0.3805226 0.7151843 0.6945266 0.5109212 0.6721339 0.3319024 0.6076455 0.4525030 0.4945059 0.4225224 0.4229084 0.3913190 0.2849548 0.4325883 0.4279196 0.5508048 0.6096439 0.4167678 0.3619499 0.4331808 0.1707740 0.4318076 0.5536534 0.4315009 0.3646111 0.6945550 0.7111466 0.4767404 0.1990704 0.7057541 0.4412965 0.4215774 0.4210609 0.5930564 0.2146637 0.3652299 0.6973329 0.3689405 0.4255191 0.4900897 0.2053152 0.3243902 0.2112200 0.0000000 0.4194099 0.4282909 0.5225362 0.1905190 0.4818592 0.4231370 0.5052723 0.4134317 0.4184929 0.6250228 0.3169738 0.4567200 0.6761428 0.4263482 0.5671297 0.3694399 0.5786411 0.0820256 0.4160883 0.4573248 0.4351062 0.3920190 0.6981441 0.1150839 0.3569539 0.4292237 0.5718380 0.4290479 0.4276087 0.5078058 0.1287677 0.6746779 0.7211758 0.4102913 0.4254425 0.1260406 0.4311691 0.4704903 0.2123447 
