86
Amauria_brandeegeana_62                    0.0000000 0.2504437 0.2398384 0.2449029 0.1099116 0.1022748 0.1411292 0.1247352 0.2465813 0.2389778 0.4966023 0.1798484 0.0972419 0.0519559 0.1320463 0.1214475 0.1179035 0.1363091 0.1133099 0.1004793 0.1194001 0.2280168 0.2200001 0.1969427 0.1303563 0.1756540 0.1822055 0.2006021 0.1098402 0.1649726 0.1702137 0.2125050 0.2090021 0.2184628 0.1255188 0.4213505 0.1261156 0.0775717 0.1276989 0.1888894 0.5325339 0.1633857 0.1231971 0.1169870 0.0833334 0.2219941 0.1676435 0.1983695 0.2061907 0.1291877 0.1121496 0.2040080 0.1755952 0.1641992 0.1396492 0.1292025 0.2037162 0.1404849 0.1185240 0.1968564 0.1503692 0.1859940 0.1943675 0.1153090 0.1271832 0.1152701 0.2329381 0.1273504 0.1407648 0.1296801 0.1058137 0.1969427 0.1184144 0.2394129 0.1420469 0.1930085 0.2286011 0.1410019 0.1734281 0.1102626 0.1580307 0.1761116 0.2209358 0.2039554 0.1203354 0.2635081 
Amauria_carterae_99_mesa                   0.2504437 0.0000000 0.1628498 0.2090586 0.3012599 0.1910582 0.2767920 0.1361536 0.2623295 0.2843964 0.6681153 0.3247565 0.4006830 0.2563385 0.2507028 0.3067342 0.3046898 0.3208791 0.3150274 0.4584733 0.2784014 0.5276504 0.1008041 0.1609202 0.2811222 0.2746724 0.2221708 0.3457131 0.2965918 0.2965707 0.2384161 0.3606152 0.3336517 0.2889410 0.3154876 0.2362020 0.2841039 0.3340772 0.2857478 0.3372417 0.6566533 0.2539167 0.2816666 0.3011441 0.3812181 0.3938930 0.2092835 0.1609923 0.1582450 0.2798348 0.3064621 0.1630304 0.5007915 0.3177322 0.2862311 0.3031429 0.1520604 0.2662392 0.2961580 0.1609923 0.2900341 0.1184603 0.2985275 0.1992656 0.3090974 0.3092154 0.1717091 0.3290113 0.3199265 0.2139168 0.2290298 0.1590892 0.2511932 0.4538348 0.2871696 0.2822631 0.2171873 0.3287197 0.3455999 0.4006557 0.3299094 0.1874301 0.4690914 0.1745524 0.2691601 0.1902595 
Amauria_rotundifolia_SRR9119150            0.2398384 0.1628498 0.0000000 0.2050868 0.3400089 0.1593944 0.3225787 0.1569287 0.2190217 0.2585090 0.6122409 0.3688652 0.3806073 0.2243348 0.3135976 0.3367029 0.3227644 0.3322407 0.3145052 0.3657420 0.2930022 0.6834355 0.1045044 0.1106630 0.2896198 0.3195598 0.1938189 0.3856624 0.3176065 0.3364364 0.1970319 0.4119218 0.3554398 0.2626575 0.3295467 0.1285670 0.3221799 0.3283440 0.3165342 0.3723799 0.6029666 0.2914512 0.2904897 0.3291091 0.3074968 0.3817198 0.1489567 0.1117834 0.1170586 0.2920922 0.3429684 0.1105112 0.4124947 0.3449319 0.3352588 0.3302725 0.0990849 0.3744436 0.3252096 0.1127540 0.3294657 0.1074421 0.3277393 0.1930357 0.3252701 0.3227971 0.1445133 0.3318386 0.3435723 0.2300794 0.2424980 0.1096136 0.2767486 0.5204103 0.3370458 0.3319342 0.2507660 0.3604230 0.3666479 0.3403130 0.3347293 0.2505206 0.4835530 0.1300867 0.3144449 0.2815838 
Conoclinium_coelestinum_SRR9119114         0.2449029 0.2090586 0.2050868 0.0000000 0.2327922 0.2076580 0.1892511 0.1897518 0.1948170 0.3562938 0.6416377 0.2399006 0.7366254 0.3880291 0.2150242 0.2499853 0.2496576 0.2178583 0.2391200 0.4817928 0.2518091 0.2339891 0.1819782 0.1441696 0.2079885 0.2094254 0.2218069 0.2327726 0.2394179 0.2111317 0.2017017 0.2387181 0.2089342 0.3438229 0.2548623 0.4946325 0.2532227 0.3880291 0.2351783 0.2373821 0.6085922 0.2157741 0.2561208 0.2557554 0.4720566 0.2392348 0.1967396 0.1441696 0.1469322 0.2588686 0.2617981 0.1442055 0.5315784 0.2181936 0.2174033 0.2593568 0.1716155 0.2050080 0.2506273 0.1470721 0.2006310 0.1809707 0.2269817 0.2019727 0.2574552 0.2403097 0.2303367 0.2453625 0.2633413 0.2324026 0.2119499 0.1441696 0.2158999 0.8194157 0.2186515 0.2627433 0.2857525 0.2466937 0.2104541 0.5181930 0.2487320 0.2818327 0.6496524 0.1568017 0.1938194 0.3036365 
Eutetras_palmeri_63                        0.1099116 0.3012599 0.3400089 0.2327922 0.0000000 0.0623561 0.1889348 0.0908045 0.2679094 0.3118549 0.5031364 0.1961189 0.1232415 0.0591601 0.1439658 0.1426118 0.1376861 0.1445896 0.1456451 0.1482776 0.1332324 0.3536410 0.2363231 0.3097105 0.1761331 0.2749611 0.2774364 0.2153482 0.1310179 0.1626399 0.1546900 0.2152139 0.2422851 0.2906757 0.1489743 0.4232458 0.1499570 0.1060709 0.1495877 0.2055212 0.5267772 0.2624566 0.1398153 0.1405833 0.0693869 0.2302013 0.2497092 0.3147152 0.3133798 0.1460751 0.1539038 0.3189711 0.2044160 0.1912400 0.1679354 0.1390861 0.3005543 0.1904614 0.1382710 0.3131868 0.1665312 0.1994572 0.2068119 0.0892230 0.1414408 0.1352234 0.3272896 0.1256060 0.1310791 0.0985932 0.0692945 0.3111881 0.1007566 0.2094725 0.1700667 0.2133289 0.2362627 0.1372809 0.2028556 0.1034008 0.1704379 0.1767098 0.1722314 0.3350523 0.1610564 0.2269728 
Eutetras_pringlei_149_quer                 0.1022748 0.1910582 0.1593944 0.2076580 0.0623561 0.0000000 0.1043215 0.1234278 0.1813221 0.3680336 1.0031288 0.1006500 0.0000010 0.0000010 0.1052909 0.1118552 0.0961609 0.0797815 0.0975043 0.5993966 0.1006500 0.0000010 0.2271366 0.1473106 0.1876165 0.1693924 0.1918706 0.1166279 0.0709169 0.1074704 0.2273857 0.0854961 0.1112891 0.3680336 0.1052765 0.6934119 0.1389306 0.0000010 0.1069513 0.1117084 0.8024397 0.1638624 0.1282481 0.1006500 0.0000010 0.1020265 0.1526605 0.1473106 0.1578751 0.1236624 0.1010262 0.1685894 0.8483808 0.1013162 0.1052909 0.1057547 0.1812889 0.0692479 0.1005426 0.1473271 0.0756120 0.1576127 0.0906319 0.0802752 0.1052909 0.0759141 0.1866665 0.0532937 0.0797972 0.1055136 0.0939073 0.1473106 0.1395781 0.7423147 0.1199714 0.1006500 0.1022773 0.0917414 0.0893732 0.0000010 0.1163572 0.0842928 0.7423147 0.1867306 0.0930421 0.1697072 
Eutrochium_fistulosum_SRR9119106           0.1411292 0.2767920 0.3225787 0.1892511 0.1889348 0.1043215 0.0000000 0.0928141 0.2232838 0.2497127 0.6545273 0.1374441 0.6696704 0.4111249 0.1243056 0.1387730 0.1378459 0.1455149 0.1464346 0.6558209 0.1301197 0.2226815 0.1797815 0.2724496 0.1616351 0.3255698 0.3252098 0.1569608 0.1268640 0.1546077 0.1581074 0.1193043 0.1520702 0.2278860 0.1377854 0.7281633 0.1254582 0.6718578 0.1600327 0.1453553 0.6188164 0.3123488 0.1628945 0.1433296 0.3852765 0.1589030 0.2831866 0.2758664 0.2773096 0.1638579 0.1466854 0.2858680 0.6453292 0.1346716 0.1346206 0.1477371 0.2647466 0.1576311 0.1420214 0.2757146 0.1390614 0.1597810 0.1396906 0.1090783 0.1472360 0.1328366 0.2952167 0.1386778 0.1490939 0.1030806 0.0927110 0.2738770 0.1235043 0.6468901 0.1365480 0.1425252 0.1640388 0.1594378 0.1505555 0.6603938 0.1511510 0.1180633 0.7213679 0.3023801 0.1342395 0.2459570 
Galeana_pratensis_104_mex                  0.1247352 0.1361536 0.1569287 0.1897518 0.0908045 0.1234278 0.0928141 0.0000000 0.1928302 0.3705033 1.0510232 0.1207399 0.0000010 0.0000010 0.1105331 0.1193353 0.1117048 0.1125342 0.1156643 0.5993966 0.1145799 0.0000010 0.2186508 0.1592601 0.1884079 0.2016507 0.1895870 0.1247746 0.1039332 0.1126183 0.2194625 0.1043129 0.1069138 0.3414945 0.1206490 0.5788184 0.1262626 0.0000010 0.1191398 0.1187367 0.9604858 0.1946623 0.1107586 0.1145799 0.0000010 0.1125568 0.1698140 0.1592601 0.1628187 0.1137808 0.1118772 0.1662205 0.7109502 0.1242192 0.1175608 0.1151393 0.1659087 0.0840577 0.1145021 0.1592713 0.1161899 0.1735214 0.1049119 0.1224537 0.1208807 0.1162422 0.1862795 0.1080217 0.1143123 0.1282341 0.1104053 0.1592601 0.1272613 0.6653961 0.1207421 0.1145799 0.1253029 0.1272633 0.1249923 0.8767036 0.1245876 0.1039662 0.7152525 0.1799468 0.1127717 0.2482990 
Helianthus_annuus_SRR9119062               0.2465813 0.2623295 0.2190217 0.1948170 0.2679094 0.1813221 0.2232838 0.1928302 0.0000000 0.3048896 0.5587824 0.2762599 0.6130972 0.6381895 0.2439269 0.2708470 0.2585026 0.2368207 0.2668526 0.4095810 0.2612382 0.3821256 0.1556007 0.1661839 0.2280694 0.2422873 0.2140175 0.2755006 0.2502287 0.2328611 0.2190491 0.2930700 0.2699035 0.2937911 0.2433096 0.4930595 0.2412445 0.6381895 0.2646775 0.2702919 0.5528591 0.2389177 0.2470905 0.2629160 0.3583047 0.2628578 0.2025436 0.1633523 0.1683298 0.2570956 0.2785567 0.1618864 0.4589282 0.2517965 0.2376014 0.2659514 0.1848246 0.2763493 0.2666581 0.1677318 0.2386461 0.1465876 0.2885855 0.2120278 0.2629748 0.2587485 0.2012402 0.2630435 0.2684223 0.2354791 0.2065555 0.1661839 0.2142044 0.7072571 0.2368934 0.2886134 0.3091119 0.2679204 0.2770136 0.4481133 0.2443700 0.3107083 0.4981796 0.1709343 0.2221726 0.2480898 
Lycapsus_tenuifolius_17                    0.2389778 0.2843964 0.2585090 0.3562938 0.3118549 0.3680336 0.2497127 0.3705033 0.3048896 0.0000000 0.5558443 0.2859668 0.6692590 0.2892598 0.2514185 0.2854448 0.2850172 0.2962700 0.2841044 0.4511862 0.2947938 0.1281493 0.3187308 0.2928937 0.2941286 0.3805146 0.3752519 0.2558947 0.2833629 0.2734380 0.2884214 0.2966471 0.2806816 0.0069721 0.2905327 0.3178210 0.2910811 0.2892598 0.2620375 0.2825617 0.5642170 0.3716531 0.3039222 0.2897549 0.3983766 0.2719127 0.3541365 0.2956384 0.3184881 0.2974826 0.2575041 0.3067798 0.5104260 0.2718836 0.2471857 0.2893884 0.3262799 0.1170401 0.2865858 0.2956384 0.2662910 0.3272512 0.2879723 0.2248309 0.2946986 0.2805712 0.3853394 0.3174847 0.3246096 0.1880626 0.2423351 0.2928937 0.2537560 0.7897429 0.2424356 0.3135196 0.4673062 0.3213906 0.2535689 0.4935771 0.2997302 0.3651850 0.5324566 0.2983647 0.2471423 0.2945549 
Pericome_caudata_50_silver                 0.4966023 0.6681153 0.6122409 0.6416377 0.5031364 1.0031288 0.6545273 1.0510232 0.5587824 0.5558443 0.0000000 0.6063392 0.2707637 0.0000010 0.6343918 0.4994105 0.4799491 0.6283686 0.4614863 0.1279034 0.5169832 0.2871937 0.5618995 0.5691691 0.4999876 0.5081262 0.5196991 0.6185842 0.4790075 0.7333734 0.7040460 0.6664501 0.6107384 0.5327916 0.4784443 0.6523828 0.4919710 0.0000010 0.5146754 0.6506011 0.2585642 0.5079788 0.4960886 0.4759046 0.0959952 0.5913846 0.5035026 0.5691691 0.6000199 0.4965929 0.4523694 0.5649134 0.2111444 0.6318054 0.6343918 0.4930609 0.6764002 0.4907507 0.4931757 0.5691691 0.6564005 0.6423675 0.6795604 0.6187448 0.4693293 0.4857725 0.6970460 0.5066829 0.5127200 0.6030609 0.6368008 0.5691691 0.7249278 0.5498836 0.6296030 0.6556771 0.7224989 0.5243823 0.6475658 0.1856931 0.4948480 0.7307261 0.2872828 0.5905990 0.6286557 0.6704589 
Perityle_aglossa_84_dead_horse             0.1798484 0.3247565 0.3688652 0.2399006 0.1961189 0.1006500 0.1374441 0.1207399 0.2762599 0.2859668 0.6063392 0.0000000 0.7891152 0.8627776 0.0150091 0.0779278 0.0523887 0.1172738 0.0974401 0.6930370 0.0510301 0.0443883 0.2480970 0.3061846 0.1157514 0.3527966 0.3624218 0.0698348 0.1060614 0.1515493 0.1702115 0.1378217 0.1868082 0.2636797 0.0354711 0.7862039 0.1454841 0.8401742 0.0972434 0.0605609 0.5717180 0.3326252 0.1797278 0.0551799 0.7361940 0.0938451 0.3273394 0.3096141 0.3160011 0.1848256 0.0564520 0.3162447 0.6850215 0.0514441 0.0202277 0.0933032 0.2854631 0.0431522 0.0608424 0.3079238 0.0879549 0.1967057 0.1430589 0.0541463 0.0495478 0.1119199 0.3143500 0.1391052 0.1554694 0.0184524 0.0947269 0.3075907 0.1229344 0.7623885 0.0201725 0.0613781 0.1846352 0.1505129 0.0898034 0.6803650 0.0597909 0.1468505 0.7608364 0.3316513 0.0756186 0.2387953 
Perityle_ajoensis_204                      0.0972419 0.4006830 0.3806073 0.7366254 0.1232415 0.0000010 0.6696704 0.0000010 0.6130972 0.6692590 0.2707637 0.7891152 0.0000000 0.0127313 2.1064387 0.1389156 0.0733123 1.3588355 0.1409571 0.0267058 0.0409223 0.6250206 0.1921219 0.4995344 0.0692414 0.0148056 0.1463552 0.7400380 0.1037845 2.1064387 2.1064387 0.7350105 0.4552049 0.6531967 0.0903568 0.3317990 0.1154318 0.0108343 0.1091113 0.7709532 0.4423962 0.0414009 0.1089373 0.0522129 0.0591877 0.7184809 0.0825657 0.4574264 0.4574264 0.0957079 0.0732427 0.4995344 0.0345939 0.7830840 0.9241313 0.1174416 0.9683354 2.1064387 0.0366249 0.4574264 1.0943878 0.4765477 1.4340390 2.1064387 0.0731671 0.1124158 0.4032921 0.1474708 0.1621949 2.1064387 2.1064387 0.4995344 2.1064387 0.0138110 0.9386522 0.4230019 0.2226535 0.1789419 0.6869652 0.0205914 0.3227794 0.3233971 0.0205456 0.6009443 1.1339423 3.9422335 
Perityle_ambrosiifolia_67_green            0.0519559 0.2563385 0.2243348 0.3880291 0.0591601 0.0000010 0.4111249 0.0000010 0.6381895 0.2892598 0.0000010 0.8627776 0.0127313 0.0000000 0.0000010 0.0605686 0.0257259 2.1800287 0.0452450 0.0257436 0.0128830 0.0000010 0.0000010 0.0000010 0.0256405 0.0191310 0.0453546 0.6919830 0.0386988 0.0000010 0.0000010 0.6457697 0.3133001 0.2892598 0.0000010 0.2243348 0.0454463 0.0194398 0.0323692 0.6962130 0.0000010 0.0256816 0.0388279 0.0127313 0.0320805 0.6062212 0.0127096 0.0000010 0.0000010 0.0387610 0.0255969 0.0000010 0.0192062 0.6684127 0.0000010 0.0611911 0.0000010 0.0000010 0.0192271 0.0000010 0.0000010 0.0000010 1.3180230 0.0000010 0.0191634 0.0386988 0.1773748 0.0863440 0.0956000 0.0000010 0.0000010 0.0000010 0.0000010 0.0191310 0.0000010 0.2956099 0.0067583 0.1224834 0.6105504 0.0257825 0.5806508 0.2057827 0.0063329 0.0000010 0.0000010 0.0000010 
Perityle_angustifolia_13_Eagle_creek       0.1320463 0.2507028 0.3135976 0.2150242 0.1439658 0.1052909 0.1243056 0.1105331 0.2439269 0.2514185 0.6343918 0.0150091 2.1064387 0.0000010 0.0000000 0.0407602 0.0174038 0.1029386 0.0584864 0.7109080 0.0142763 0.0506598 0.2324270 0.2744543 0.0867160 0.3224577 0.3226341 0.0459634 0.0669440 0.1284204 0.1662740 0.1016776 0.1380924 0.2292272 0.0149090 0.7154749 0.1071854 0.0000010 0.0595539 0.0469998 0.5982954 0.3177094 0.1495698 0.0186763 0.9436764 0.0549941 0.2808812 0.2806545 0.2898285 0.1490063 0.0144651 0.2877719 0.6174135 0.0378910 0.0086648 0.0446719 0.2907236 0.0386148 0.0224974 0.2768012 0.0751775 0.1853389 0.1049049 0.0449640 0.0236870 0.0732868 0.3114976 0.1055652 0.1204438 0.0090641 0.0895197 0.2762752 0.1194670 0.7304278 0.0149045 0.0161535 0.1270767 0.1128257 0.0650251 0.6738818 0.0449361 0.0924823 0.7316980 0.3121648 0.0688313 0.1807493 
Perityle_batopilensis_97                   0.1214475 0.3067342 0.3367029 0.2499853 0.1426118 0.1118552 0.1387730 0.1193353 0.2708470 0.2854448 0.4994105 0.0779278 0.1389156 0.0605686 0.0407602 0.0000000 0.0592647 0.1193755 0.0668140 0.1734010 0.0522887 0.0473770 0.2474638 0.2936960 0.0940383 0.2824372 0.2638206 0.1099096 0.0689935 0.1508315 0.1590605 0.1720753 0.2027657 0.2640097 0.0534615 0.4628680 0.1113387 0.1459139 0.0686250 0.0925456 0.5296282 0.2658574 0.1303752 0.0550845 0.0843729 0.1379005 0.2475258 0.2969308 0.3026842 0.1352001 0.0513542 0.3004471 0.2143190 0.0667744 0.0472873 0.0670530 0.2701148 0.0498194 0.0572928 0.2912219 0.0855130 0.1917999 0.1958146 0.0571057 0.0616823 0.0734729 0.3026624 0.0976899 0.1202798 0.0374768 0.0820274 0.2950317 0.1105788 0.2659225 0.0481751 0.1104886 0.2044453 0.1209187 0.1183055 0.1344491 0.0781322 0.1467183 0.2662390 0.3093933 0.0741635 0.2293055 
Perityle_bisetosa_9                        0.1179035 0.3046898 0.3227644 0.2496576 0.1376861 0.0961609 0.1378459 0.1117048 0.2585026 0.2850172 0.4799491 0.0523887 0.0733123 0.0257259 0.0174038 0.0592647 0.0000000 0.1292687 0.0723975 0.1060347 0.0145915 0.0461544 0.2378694 0.2801366 0.0657528 0.2429904 0.2669796 0.1115724 0.0731767 0.1539655 0.1604624 0.1808690 0.1968370 0.2617301 0.0186497 0.4094900 0.1013258 0.1078304 0.0707514 0.0961779 0.5015322 0.2314173 0.1255721 0.0208867 0.0627796 0.1429369 0.2237740 0.2832128 0.2912655 0.1271491 0.0173107 0.2892775 0.1602820 0.0696655 0.0161793 0.0701551 0.2765353 0.0488190 0.0241579 0.2816946 0.0907613 0.1856123 0.1913051 0.0465747 0.0228667 0.0798391 0.3083190 0.1085644 0.1207983 0.0090638 0.0858739 0.2814166 0.1204780 0.2082833 0.0161357 0.0787138 0.1945801 0.1221064 0.1268963 0.0713581 0.0604089 0.1630502 0.1956412 0.3030454 0.0778256 0.2281045 
Perityle_californica_76_positas            0.1363091 0.3208791 0.3322407 0.2178583 0.1445896 0.0797815 0.1455149 0.1125342 0.2368207 0.2962700 0.6283686 0.1172738 1.3588355 2.1800287 0.1029386 0.1193755 0.1292687 0.0000000 0.1212286 0.5340274 0.1205171 0.1869230 0.2401129 0.3002714 0.1707209 0.3398577 0.3364921 0.1253009 0.1042327 0.1459333 0.1548143 0.1066250 0.1722724 0.2777996 0.1230705 0.7738857 0.1364442 2.1800287 0.1342685 0.1196493 0.5941073 0.3324885 0.1594318 0.1261656 0.8909051 0.1375829 0.3095232 0.2974995 0.3021850 0.1631509 0.1389314 0.3015716 0.6040093 0.1120986 0.1167954 0.1273931 0.2963128 0.1251421 0.1297541 0.2971080 0.1068713 0.2093279 0.1191202 0.0784595 0.1329714 0.1076454 0.3087955 0.1112946 0.1201371 0.0964284 0.0683782 0.3017842 0.1066208 0.7211917 0.1175861 0.1194695 0.1827557 0.1177094 0.1148316 0.7902479 0.1261432 0.0947944 0.7852565 0.3052450 0.1071693 0.2622770 
Perityle_canescens_77                      0.1133099 0.3150274 0.3145052 0.2391200 0.1456451 0.0975043 0.1464346 0.1156643 0.2668526 0.2841044 0.4614863 0.0974401 0.1409571 0.0452450 0.0584864 0.0668140 0.0723975 0.1212286 0.0000000 0.1602370 0.0650597 0.1007286 0.2518786 0.2936322 0.1012512 0.2675492 0.2688561 0.1264109 0.0588023 0.1351196 0.1737604 0.1820618 0.2059831 0.2680895 0.0678283 0.4319016 0.1093398 0.1487841 0.0632944 0.1168033 0.4995974 0.2485856 0.1311834 0.0671851 0.0662602 0.1371326 0.2402742 0.2986632 0.3061278 0.1351661 0.0644610 0.3057320 0.2145298 0.0934099 0.0659201 0.0487270 0.2732819 0.0703938 0.0683563 0.2956146 0.0650827 0.1796454 0.2118282 0.0566322 0.0732827 0.0589521 0.3105691 0.1009744 0.1165233 0.0505882 0.0843061 0.2950689 0.1149822 0.2304457 0.0669986 0.1314260 0.2299941 0.1114241 0.1340006 0.1172845 0.0915272 0.1609594 0.1791200 0.3158191 0.0875648 0.1972293 
Perityle_castillonii_96                    0.1004793 0.4584733 0.3657420 0.4817928 0.1482776 0.5993966 0.6558209 0.5993966 0.4095810 0.4511862 0.1279034 0.6930370 0.0267058 0.0257436 0.7109080 0.1734010 0.1060347 0.5340274 0.1602370 0.0000000 0.0704031 0.7687498 0.3935506 0.4040260 0.0965160 0.0611335 0.1765826 0.7150204 0.1261152 0.9413361 0.5214080 0.7068706 0.4213286 0.4334526 0.1255237 0.2970279 0.1531231 0.0151293 0.1450372 0.7150744 0.2624148 0.0352042 0.0889146 0.0883403 0.0539188 0.5622518 0.1227356 0.3930569 0.4658239 0.0884951 0.0999005 0.4164339 0.0437129 0.7274086 0.7162731 0.1438650 0.2880874 0.0000010 0.0742761 0.3832455 0.8000279 0.5481419 1.2297019 0.5993966 0.0998333 0.1381109 0.4371520 0.1730803 0.1803912 0.5993966 0.5993966 0.4040260 0.5993966 0.0232653 0.7201226 0.4647509 0.3875766 0.1997743 0.6860869 0.0098146 0.2546840 0.4204114 0.0164323 0.3758972 0.8136774 0.6017099 
Perityle_cernua_84                         0.1194001 0.2784014 0.2930022 0.2518091 0.1332324 0.1006500 0.1301197 0.1145799 0.2612382 0.2947938 0.5169832 0.0510301 0.0409223 0.0128830 0.0142763 0.0522887 0.0145915 0.1205171 0.0650597 0.0704031 0.0000000 0.0311097 0.2404635 0.2414014 0.0661755 0.2114863 0.2437496 0.1059927 0.0641031 0.1432540 0.1634606 0.1591257 0.1944005 0.2720510 0.0146403 0.4158927 0.0935813 0.0296048 0.0658974 0.0955737 0.5273017 0.2036498 0.1117787 0.0129773 0.0680178 0.1395893 0.1974364 0.2460158 0.2516416 0.1145214 0.0105409 0.2528559 0.1386173 0.0655007 0.0083009 0.0675189 0.2487730 0.0482122 0.0162964 0.2444133 0.0786966 0.1874231 0.1761454 0.0447660 0.0178828 0.0692060 0.2814828 0.0978886 0.1115585 0.0072370 0.0760717 0.2427762 0.1060907 0.1940672 0.0093188 0.0730429 0.1629529 0.1057830 0.1208083 0.0771007 0.0590926 0.1344020 0.2033709 0.2762236 0.0687911 0.2218010 
Perityle_cfvillosa_25_tin                  0.2280168 0.5276504 0.6834355 0.2339891 0.3536410 0.0000010 0.2226815 0.0000010 0.3821256 0.1281493 0.2871937 0.0443883 0.6250206 0.0000010 0.0506598 0.0473770 0.0461544 0.1869230 0.1007286 0.7687498 0.0311097 0.0000000 0.2800667 0.5788671 0.0374166 0.7880927 0.6438105 0.0592528 0.1017108 0.2251088 0.1187804 0.1885401 0.2396567 0.1281493 0.0434443 0.9605107 0.2094810 0.9280268 0.0996882 0.0586475 0.2559159 0.7193846 0.4704867 0.0286749 0.9436764 0.0848672 0.5806756 0.6014865 0.6090374 0.4544805 0.0315436 0.5859779 0.7687498 0.0777624 0.0346558 0.0654321 0.5854278 0.0716992 0.0504212 0.5880850 0.1308892 0.1887441 0.3348834 0.0266066 0.0373628 0.1013442 0.6636715 0.1534164 0.1506307 0.0179252 0.1038253 0.5847486 0.1654679 1.8430747 0.0256210 0.0463073 0.3721963 0.1517193 0.0732001 0.0000010 0.0539128 0.1635974 1.1608157 0.6419250 0.0828367 0.2352200 
Perityle_cinerea_113_Powell1310            0.2200001 0.1008041 0.1045044 0.1819782 0.2363231 0.2271366 0.1797815 0.2186508 0.1556007 0.3187308 0.5618995 0.2480970 0.1921219 0.0000010 0.2324270 0.2474638 0.2378694 0.2401129 0.2518786 0.3935506 0.2404635 0.2800667 0.0000000 0.0432225 0.1791476 0.0887852 0.0994579 0.2484594 0.2370223 0.2262262 0.2193506 0.2241535 0.2270325 0.3316558 0.2381896 0.6092892 0.2355755 0.0000010 0.2466759 0.2446960 0.5508689 0.0988653 0.2330552 0.2465785 0.5241874 0.2457303 0.0455804 0.0432225 0.0502946 0.2354988 0.2277795 0.0479219 0.6403634 0.2453569 0.2423000 0.2592349 0.1150030 0.2533345 0.2436689 0.0455818 0.2233911 0.1406086 0.2192120 0.2226084 0.2379028 0.2304458 0.0996291 0.2359083 0.2400654 0.2435080 0.2133513 0.0432225 0.2228844 0.7134831 0.2471124 0.2381858 0.1210658 0.2496720 0.2241963 0.7164385 0.2549006 0.2142930 0.7174434 0.0893370 0.2249427 0.2403147 
Perityle_coahuilensis_24                   0.1969427 0.1609202 0.1106630 0.1441696 0.3097105 0.1473106 0.2724496 0.1592601 0.1661839 0.2928937 0.5691691 0.3061846 0.4995344 0.0000010 0.2744543 0.2936960 0.2801366 0.3002714 0.2936322 0.4040260 0.2414014 0.5788671 0.0432225 0.0000000 0.2281580 0.2160956 0.1052665 0.3083248 0.2814213 0.3075487 0.1794115 0.3162112 0.2958819 0.2802157 0.2764954 0.3802144 0.2610772 1.1405549 0.3077662 0.3124041 0.5138449 0.2092349 0.2328429 0.2786607 0.1848356 0.3094135 0.0240079 0.0063851 0.0124292 0.2410196 0.2962627 0.0155984 0.5079111 0.2949373 0.2912878 0.2905033 0.0923214 0.3415343 0.2721887 0.0091385 0.3058630 0.0948497 0.2758397 0.1810623 0.2894591 0.2943682 0.1077356 0.2890722 0.3014932 0.2019486 0.2255130 0.0009085 0.2511142 0.8622855 0.2943769 0.2943899 0.1740162 0.3126763 0.2990157 0.3365984 0.2908554 0.2706218 0.5643945 0.0841418 0.2848015 0.2501937 
Perityle_cochisensis_44_cave_creek         0.1303563 0.2811222 0.2896198 0.2079885 0.1761331 0.1876165 0.1616351 0.1884079 0.2280694 0.2941286 0.4999876 0.1157514 0.0692414 0.0256405 0.0867160 0.0940383 0.0657528 0.1707209 0.1012512 0.0965160 0.0661755 0.0374166 0.1791476 0.2281580 0.0000000 0.1935047 0.2322675 0.1484728 0.1013519 0.1780727 0.1217179 0.2212191 0.2231543 0.2721781 0.0655032 0.4008144 0.1195013 0.1019828 0.0974373 0.1367282 0.5303171 0.1781385 0.1483879 0.0649297 0.0592190 0.1732678 0.1803364 0.2311396 0.2352489 0.1522157 0.0516773 0.2346726 0.1658494 0.1203623 0.0777410 0.0917180 0.2534572 0.0532087 0.0706436 0.2310224 0.1263629 0.1563695 0.2524891 0.0968543 0.0682658 0.1021072 0.2798905 0.1295117 0.1386421 0.0951898 0.1410831 0.2294361 0.1600612 0.1884498 0.0775572 0.1370409 0.2683401 0.1433703 0.1593433 0.0650966 0.0949237 0.2042769 0.1480198 0.2711452 0.1161188 0.2741923 
Perityle_congesta_202                      0.1756540 0.2746724 0.3195598 0.2094254 0.2749611 0.1693924 0.3255698 0.2016507 0.2422873 0.3805146 0.5081262 0.3527966 0.0148056 0.0191310 0.3224577 0.2824372 0.2429904 0.3398577 0.2675492 0.0611335 0.2114863 0.7880927 0.0887852 0.2160956 0.1935047 0.0000000 0.2456028 0.3860018 0.2539126 0.3617391 0.1954008 0.3841767 0.3918973 0.3644725 0.2542324 0.4133505 0.2286246 0.0466936 0.2790744 0.3698239 0.5414006 0.0294017 0.2007508 0.2420735 0.0561806 0.3919768 0.1780994 0.2151732 0.2205008 0.2070570 0.2520784 0.2263793 0.1278047 0.3450368 0.3281417 0.2741495 0.2358965 0.3844542 0.2330815 0.2215575 0.3506986 0.1244900 0.3357891 0.1861360 0.2448790 0.2703125 0.2851002 0.2791129 0.2927644 0.1974027 0.2237503 0.2173176 0.2731929 0.2009784 0.3305090 0.3389304 0.1995311 0.3017352 0.3717612 0.0728057 0.3186534 0.2676067 0.1963463 0.2740032 0.3292897 0.2642969 
Perityle_cordifolia_27                     0.1822055 0.2221708 0.1938189 0.2218069 0.2774364 0.1918706 0.3252098 0.1895870 0.2140175 0.3752519 0.5196991 0.3624218 0.1463552 0.0453546 0.3226341 0.2638206 0.2669796 0.3364921 0.2688561 0.1765826 0.2437496 0.6438105 0.0994579 0.1052665 0.2322675 0.2456028 0.0000000 0.3772465 0.2545323 0.3408264 0.2012337 0.3723534 0.3726422 0.3604175 0.2777163 0.4249689 0.2441653 0.1686975 0.2781216 0.3680739 0.5799019 0.2380701 0.2183300 0.2619659 0.0974788 0.3878932 0.0968891 0.1106228 0.1100346 0.2219597 0.2788765 0.1092977 0.2304762 0.3441479 0.3334329 0.2811969 0.0567595 0.3816195 0.2614525 0.1115921 0.3384999 0.1114048 0.3360404 0.2193511 0.2746840 0.2651702 0.0780575 0.2835080 0.2832910 0.2381413 0.2456735 0.1042247 0.2742354 0.2776265 0.3381114 0.3511760 0.2117123 0.3029810 0.3520085 0.1410169 0.3188467 0.2695233 0.2724590 0.0471974 0.3135743 0.2456600 
Perityle_cordifolia_68_tecolote            0.2006021 0.3457131 0.3856624 0.2327726 0.2153482 0.1166279 0.1569608 0.1247746 0.2755006 0.2558947 0.6185842 0.0698348 0.7400380 0.6919830 0.0459634 0.1099096 0.1115724 0.1253009 0.1264109 0.7150204 0.1059927 0.0592528 0.2484594 0.3083248 0.1484728 0.3860018 0.3772465 0.0000000 0.1346990 0.1648380 0.1728396 0.1164756 0.2233818 0.2346196 0.0812617 0.8574524 0.1776699 0.7516526 0.1281466 0.0418557 0.6001785 0.3635955 0.2034840 0.1100800 0.7130979 0.0836891 0.3473905 0.3118301 0.3154343 0.2078446 0.1102775 0.3171485 0.6976204 0.0568248 0.0596774 0.1188595 0.2767685 0.0515997 0.1153893 0.3043318 0.0942003 0.1867146 0.1848812 0.0588039 0.1126466 0.1358416 0.3230279 0.1643692 0.1859970 0.0470339 0.0913581 0.3097602 0.1270533 0.7144875 0.0553879 0.1293006 0.2241614 0.1873615 0.0936669 0.6882343 0.0443076 0.1632745 0.7499449 0.3298423 0.0869215 0.2390545 
Perityle_coronopifolia_28_patagonia        0.1098402 0.2965918 0.3176065 0.2394179 0.1310179 0.0709169 0.1268640 0.1039332 0.2502287 0.2833629 0.4790075 0.1060614 0.1037845 0.0386988 0.0669440 0.0689935 0.0731767 0.1042327 0.0588023 0.1261152 0.0641031 0.1017108 0.2370223 0.2814213 0.1013519 0.2539126 0.2545323 0.1346990 0.0000000 0.1330110 0.1535655 0.1565052 0.1844278 0.2648168 0.0698096 0.4234876 0.0927165 0.1192817 0.0877284 0.1099549 0.5115744 0.2388047 0.1161063 0.0683692 0.0391918 0.1616825 0.2280822 0.2845788 0.2915304 0.1178098 0.0676837 0.2868218 0.1823226 0.0910135 0.0771912 0.0750065 0.2624647 0.0797065 0.0687330 0.2830205 0.0378280 0.1849295 0.1855670 0.0713069 0.0740531 0.0166870 0.3004864 0.0911087 0.1053410 0.0670044 0.0763520 0.2827341 0.1001752 0.2372825 0.0769630 0.1302390 0.2272126 0.1089924 0.1269499 0.0979486 0.0924894 0.1187937 0.2181012 0.2936661 0.0777629 0.2531058 
Perityle_crassifolia_70_ventanas           0.1649726 0.2965707 0.3364364 0.2111317 0.1626399 0.1074704 0.1546077 0.1126183 0.2328611 0.2734380 0.7333734 0.1515493 2.1064387 0.0000010 0.1284204 0.1508315 0.1539655 0.1459333 0.1351196 0.9413361 0.1432540 0.2251088 0.2262262 0.3075487 0.1780727 0.3617391 0.3408264 0.1648380 0.1330110 0.0000000 0.1261885 0.1358058 0.1558679 0.2545936 0.1555911 0.7374160 0.1443200 0.0000010 0.1599997 0.1518195 0.6576880 0.3473926 0.1859448 0.1583962 0.9436764 0.1675857 0.3129782 0.3128382 0.3133889 0.1885849 0.1508326 0.3138776 0.7752585 0.1577497 0.1535543 0.1570902 0.2892751 0.1634095 0.1608718 0.3109875 0.1505109 0.2161125 0.1686610 0.1130224 0.1667292 0.1432744 0.3150410 0.1197593 0.1456668 0.1230245 0.1255302 0.3090832 0.0520851 0.7151781 0.1555405 0.1555388 0.1811968 0.1380041 0.1506160 0.7440706 0.1375463 0.1159995 0.9629569 0.3056232 0.1283224 0.3130881 
Perityle_crassifolia_74_playa_balandra     0.1702137 0.2384161 0.1970319 0.2017017 0.1546900 0.2273857 0.1581074 0.2194625 0.2190491 0.2884214 0.7040460 0.1702115 2.1064387 0.0000010 0.1662740 0.1590605 0.1604624 0.1548143 0.1737604 0.5214080 0.1634606 0.1187804 0.2193506 0.1794115 0.1217179 0.1954008 0.2012337 0.1728396 0.1535655 0.1261885 0.0000000 0.1464249 0.1727585 0.2644332 0.1668667 0.6958683 0.1521126 0.0000010 0.1689175 0.1652203 0.6620744 0.1978459 0.1714810 0.1636126 0.9436764 0.1663563 0.1797281 0.1794115 0.1826269 0.1804679 0.1660432 0.1875030 0.8247870 0.1695446 0.1627144 0.1621109 0.2124166 0.1373865 0.1619433 0.1826376 0.1644639 0.1987685 0.1538054 0.1557619 0.1794435 0.1537917 0.1912298 0.1494855 0.1687718 0.1795448 0.1395638 0.1794115 0.1261236 0.8747414 0.1669525 0.1685169 0.2580791 0.1572536 0.1532541 0.7133421 0.1750742 0.1511826 0.8666139 0.1908832 0.1541232 0.3441652 
Perityle_cuneata_34_cuneata_San_antonio    0.2125050 0.3606152 0.4119218 0.2387181 0.2152139 0.0854961 0.1193043 0.1043129 0.2930700 0.2966471 0.6664501 0.1378217 0.7350105 0.6457697 0.1016776 0.1720753 0.1808690 0.1066250 0.1820618 0.7068706 0.1591257 0.1885401 0.2241535 0.3162112 0.2212191 0.3841767 0.3723534 0.1164756 0.1565052 0.1358058 0.1464249 0.0000000 0.2007164 0.2760327 0.1562422 0.8736935 0.1507274 0.7357597 0.1962227 0.1209180 0.6189049 0.3717357 0.2019090 0.1816180 0.6486002 0.1593733 0.3480719 0.3210535 0.3183502 0.2124224 0.1974690 0.3248100 0.7201091 0.1181943 0.1139569 0.1854044 0.2727854 0.1353683 0.1751875 0.3137187 0.1119011 0.1887342 0.1633131 0.0839165 0.1861684 0.1598426 0.3127739 0.1650654 0.1870204 0.0842273 0.0655423 0.3176117 0.1014456 0.7232868 0.1159118 0.1895789 0.2759157 0.1879584 0.1138669 0.6721264 0.1519163 0.1916133 0.7597707 0.3281582 0.1202864 0.2457637 
Perityle_cuneata_4                         0.2090021 0.3336517 0.3554398 0.2089342 0.2422851 0.1112891 0.1520702 0.1069138 0.2699035 0.2806816 0.6107384 0.1868082 0.4552049 0.3133001 0.1380924 0.2027657 0.1968370 0.1722724 0.2059831 0.4213286 0.1944005 0.2396567 0.2270325 0.2958819 0.2231543 0.3918973 0.3726422 0.2233818 0.1844278 0.1558679 0.1727585 0.2007164 0.0000000 0.2628696 0.1886388 0.4014079 0.1707061 0.4349518 0.2001965 0.2058990 0.5438995 0.3682103 0.2293447 0.1982689 0.3446353 0.2360850 0.3337619 0.2965322 0.3117289 0.2335983 0.1982657 0.3058901 0.4556051 0.1712270 0.1547766 0.1991891 0.3035329 0.1742408 0.2002558 0.2963683 0.1471552 0.1903453 0.2589517 0.1184000 0.2099918 0.1868265 0.3420082 0.2068822 0.2146087 0.1156748 0.0873267 0.2974652 0.1344387 0.4827780 0.1559337 0.1966318 0.3024228 0.2084777 0.2318439 0.3740023 0.1872442 0.1682330 0.4088762 0.3137325 0.1438258 0.1982089 
Perityle_discoidea_81                      0.2184628 0.2889410 0.2626575 0.3438229 0.2906757 0.3680336 0.2278860 0.3414945 0.2937911 0.0069721 0.5327916 0.2636797 0.6531967 0.2892598 0.2292272 0.2640097 0.2617301 0.2777996 0.2680895 0.4334526 0.2720510 0.1281493 0.3316558 0.2802157 0.2721781 0.3644725 0.3604175 0.2346196 0.2648168 0.2545936 0.2644332 0.2760327 0.2628696 0.0000000 0.2689634 0.3155738 0.2698379 0.2892598 0.2483145 0.2681078 0.5505068 0.3562953 0.2819257 0.2685568 0.3832309 0.2541422 0.3337036 0.2829307 0.3043619 0.2779759 0.2478619 0.2939514 0.4953662 0.2505749 0.2254159 0.2706276 0.3304613 0.1148189 0.2645593 0.2829307 0.2471328 0.3268373 0.2766393 0.2192093 0.2755948 0.2640762 0.3714185 0.3005754 0.3077163 0.1830775 0.2233829 0.2802157 0.2345325 0.7298633 0.2209111 0.2931609 0.4523303 0.3034718 0.2347987 0.4704624 0.2801001 0.3459434 0.5079700 0.2888104 0.2314720 0.2935103 
Perityle_dissecta_201                      0.1255188 0.3154876 0.3295467 0.2548623 0.1489743 0.1052765 0.1377854 0.1206490 0.2433096 0.2905327 0.4784443 0.0354711 0.0903568 0.0000010 0.0149090 0.0534615 0.0186497 0.1230705 0.0678283 0.1255237 0.0146403 0.0434443 0.2381896 0.2764954 0.0655032 0.2542324 0.2777163 0.0812617 0.0698096 0.1555911 0.1668667 0.1562422 0.1886388 0.2689634 0.0000000 0.4404068 0.1021279 0.1639391 0.0679841 0.0679555 0.5041280 0.2385413 0.1247190 0.0197140 0.0552211 0.1207880 0.2337029 0.2795561 0.2887866 0.1276589 0.0156944 0.2856070 0.1823556 0.0501267 0.0142922 0.0631568 0.2788443 0.0447613 0.0231159 0.2780452 0.0887265 0.1900294 0.1775989 0.0484153 0.0226124 0.0785856 0.3074087 0.1043032 0.1191005 0.0109036 0.0913354 0.2777715 0.1193886 0.2667789 0.0152150 0.0702111 0.2059649 0.1147303 0.0995453 0.0867664 0.0552764 0.1579135 0.2272810 0.3020864 0.0758169 0.2287186 
Perityle_emoryi_47_punta_san_jose          0.4213505 0.2362020 0.1285670 0.4946325 0.4232458 0.6934119 0.7281633 0.5788184 0.4930595 0.3178210 0.6523828 0.7862039 0.3317990 0.2243348 0.7154749 0.4628680 0.4094900 0.7738857 0.4319016 0.2970279 0.4158927 0.9605107 0.6092892 0.3802144 0.4008144 0.4133505 0.4249689 0.8574524 0.4234876 0.7374160 0.6958683 0.8736935 0.4014079 0.3155738 0.4404068 0.0000000 0.4236232 0.2062091 0.3797606 0.8312248 0.6003128 0.3612132 0.4056564 0.4127534 0.3038865 0.6440722 0.3801417 0.3802144 0.4718103 0.4008688 0.4202764 0.3726694 0.2976161 0.7908924 0.7573220 0.4057010 0.6586602 0.8153188 0.4145180 0.3802144 0.7550288 0.6549400 0.9515588 0.6787420 0.4037020 0.4272776 0.4538489 0.4863228 0.4680941 0.7244159 0.6757609 0.3802144 0.7425451 0.3796941 0.7566321 0.4555638 0.6117187 0.4941308 0.8642000 0.2987560 0.5213610 0.5122057 0.3278057 0.3958378 0.7829670 0.7991661 
Perityle_feddemae_99                       0.1261156 0.2841039 0.3221799 0.2532227 0.1499570 0.1389306 0.1254582 0.1262626 0.2412445 0.2910811 0.4919710 0.1454841 0.1154318 0.0454463 0.1071854 0.1113387 0.1013258 0.1364442 0.1093398 0.1531231 0.0935813 0.2094810 0.2355755 0.2610772 0.1195013 0.2286246 0.2441653 0.1776699 0.0927165 0.1443200 0.1521126 0.1507274 0.1707061 0.2698379 0.1021279 0.4236232 0.0000000 0.1671234 0.1148226 0.1665275 0.5186569 0.2168144 0.0671392 0.0999736 0.0354523 0.2044627 0.2105222 0.2655931 0.2703425 0.0633868 0.0996145 0.2652036 0.1969664 0.1380027 0.1186000 0.1122757 0.2412919 0.1255918 0.0981245 0.2640214 0.1326062 0.1896034 0.2015959 0.0908127 0.1048981 0.0997222 0.2844446 0.1124689 0.1261331 0.0971093 0.0758744 0.2624121 0.1120228 0.2238520 0.1170435 0.1683687 0.2261517 0.1278642 0.1666095 0.1004606 0.1252339 0.1815461 0.1948316 0.2754256 0.1225179 0.2520743 
Perityle_fosteri_93                        0.0775717 0.3340772 0.3283440 0.3880291 0.1060709 0.0000010 0.6718578 0.0000010 0.6381895 0.2892598 0.0000010 0.8401742 0.0108343 0.0194398 0.0000010 0.1459139 0.1078304 2.1800287 0.1487841 0.0151293 0.0296048 0.9280268 0.0000010 1.1405549 0.1019828 0.0466936 0.1686975 0.7516526 0.1192817 0.0000010 0.0000010 0.7357597 0.4349518 0.2892598 0.1639391 0.2062091 0.1671234 0.0000000 0.1201766 0.7111726 0.0000010 0.0463128 0.0941429 0.0735707 0.0433559 0.6702228 0.1258371 1.0445913 1.0445913 0.0878222 0.1073732 1.1405549 0.0306858 0.7367238 0.8018839 0.1080088 0.0000010 0.0000010 0.0237779 1.0445913 0.9199116 0.0000010 1.4767062 0.0000010 0.1018492 0.1311635 0.1773748 0.1767361 0.1788243 0.0000010 0.0000010 1.1405549 0.0000010 0.0121426 0.8108205 0.3300903 0.0647977 0.2021119 0.6810077 0.0184007 0.8676047 0.2194442 0.0121899 1.3140186 0.9551769 0.0000010 
Perityle_gamon_221                         0.1276989 0.2857478 0.3165342 0.2351783 0.1495877 0.1069513 0.1600327 0.1191398 0.2646775 0.2620375 0.5146754 0.0972434 0.1091113 0.0323692 0.0595539 0.0686250 0.0707514 0.1342685 0.0632944 0.1450372 0.0658974 0.0996882 0.2466759 0.3077662 0.0974373 0.2790744 0.2781216 0.1281466 0.0877284 0.1599997 0.1689175 0.1962227 0.2001965 0.2483145 0.0679841 0.3797606 0.1148226 0.1201766 0.0000000 0.1017553 0.5153544 0.2566574 0.1354649 0.0691291 0.0719882 0.0945025 0.2542837 0.3110163 0.3162075 0.1383563 0.0646365 0.3128377 0.2069152 0.0807375 0.0702729 0.0492637 0.2754993 0.0627923 0.0731816 0.3067381 0.1011421 0.1785132 0.1922939 0.0664446 0.0716035 0.0893188 0.2971817 0.1101019 0.1267845 0.0591146 0.0955688 0.3090978 0.1266282 0.2567307 0.0711296 0.1108744 0.2165752 0.1257258 0.1175395 0.1081880 0.0753902 0.1627998 0.2321433 0.3120796 0.0875886 0.2430013 
Perityle_gentryi_8_san_francisco           0.1888894 0.3372417 0.3723799 0.2373821 0.2055212 0.1117084 0.1453553 0.1187367 0.2702919 0.2825617 0.6506011 0.0605609 0.7709532 0.6962130 0.0469998 0.0925456 0.0961779 0.1196493 0.1168033 0.7150744 0.0955737 0.0586475 0.2446960 0.3124041 0.1367282 0.3698239 0.3680739 0.0418557 0.1099549 0.1518195 0.1652203 0.1209180 0.2058990 0.2681078 0.0679555 0.8312248 0.1665275 0.7111726 0.1017553 0.0000000 0.6417617 0.3504481 0.2029285 0.1006672 0.7593737 0.0906439 0.3432885 0.3158609 0.3194456 0.2034767 0.0993207 0.3210883 0.7262745 0.0508610 0.0509583 0.1026547 0.2764955 0.0490468 0.1067693 0.3100109 0.0827069 0.1762823 0.1678286 0.0602116 0.0962415 0.1168930 0.3123889 0.1536589 0.1758667 0.0505531 0.0877239 0.3138166 0.1185085 0.7786791 0.0508158 0.0952705 0.2235849 0.1810956 0.0782990 0.7166062 0.0550893 0.1381064 0.7961940 0.3277034 0.0731168 0.2404041 
Perityle_gilensis_22_Superstition          0.5325339 0.6566533 0.6029666 0.6085922 0.5267772 0.8024397 0.6188164 0.9604858 0.5528591 0.5642170 0.2585642 0.5717180 0.4423962 0.0000010 0.5982954 0.5296282 0.5015322 0.5941073 0.4995974 0.2624148 0.5273017 0.2559159 0.5508689 0.5138449 0.5303171 0.5414006 0.5799019 0.6001785 0.5115744 0.6576880 0.6620744 0.6189049 0.5438995 0.5505068 0.5041280 0.6003128 0.5186569 0.0000010 0.5153544 0.6417617 0.0000000 0.5410832 0.5224943 0.5045016 0.3101101 0.5453050 0.5328379 0.5138449 0.5588166 0.5257207 0.4915302 0.5236369 0.3384089 0.6104873 0.5982954 0.5244749 0.6545091 0.4715478 0.5161748 0.5138449 0.6122104 0.6199973 0.6252136 0.6138182 0.4917464 0.5068081 0.7091942 0.5637007 0.5536393 0.5654877 0.6039192 0.5138449 0.6501452 0.6009009 0.5953203 0.6078242 0.7113178 0.5588220 0.5992969 0.3576831 0.5393685 0.6994879 0.4274931 0.5527803 0.5774940 0.5967114 
Perityle_gilensis_salensis_225             0.1633857 0.2539167 0.2914512 0.2157741 0.2624566 0.1638624 0.3123488 0.1946623 0.2389177 0.3716531 0.5079788 0.3326252 0.0414009 0.0256816 0.3177094 0.2658574 0.2314173 0.3324885 0.2485856 0.0352042 0.2036498 0.7193846 0.0988653 0.2092349 0.1781385 0.0294017 0.2380701 0.3635955 0.2388047 0.3473926 0.1978459 0.3717357 0.3682103 0.3562953 0.2385413 0.3612132 0.2168144 0.0463128 0.2566574 0.3504481 0.5410832 0.0000000 0.1986909 0.2273537 0.0558640 0.3674335 0.1667807 0.2083394 0.2107101 0.2061308 0.2325283 0.2169711 0.0972654 0.3290611 0.3114572 0.2561851 0.2413813 0.3906939 0.2257334 0.2070453 0.3238718 0.1214289 0.3170029 0.1857450 0.2292173 0.2536306 0.2873472 0.2558043 0.2708707 0.2016752 0.2234065 0.2092905 0.2748675 0.2094360 0.3138769 0.3248996 0.2030061 0.2788884 0.3454339 0.0693722 0.2916669 0.2598421 0.1867901 0.2600312 0.3080550 0.2615962 
Perityle_glaucescens_94                    0.1231971 0.2816666 0.2904897 0.2561208 0.1398153 0.1282481 0.1628945 0.1107586 0.2470905 0.3039222 0.4960886 0.1797278 0.1089373 0.0388279 0.1495698 0.1303752 0.1255721 0.1594318 0.1311834 0.0889146 0.1117787 0.4704867 0.2330552 0.2328429 0.1483879 0.2007508 0.2183300 0.2034840 0.1161063 0.1859448 0.1714810 0.2019090 0.2293447 0.2819257 0.1247190 0.4056564 0.0671392 0.0941429 0.1354649 0.2029285 0.5224943 0.1986909 0.0000000 0.1172851 0.0322994 0.2335050 0.1876741 0.2386518 0.2420490 0.0182357 0.1287098 0.2415023 0.1438583 0.1726913 0.1499786 0.1316280 0.2388026 0.2096093 0.1169105 0.2356006 0.1620414 0.1925171 0.1821521 0.1008821 0.1285642 0.1230739 0.2646211 0.1310779 0.1430040 0.1126676 0.0875072 0.2342646 0.1300390 0.2246863 0.1508073 0.1987791 0.2108524 0.1547299 0.1950265 0.1007678 0.1548359 0.1758475 0.1953568 0.2459907 0.1543842 0.2482262 
Perityle_gracilis_11                       0.1169870 0.3011441 0.3291091 0.2557554 0.1405833 0.1006500 0.1433296 0.1145799 0.2629160 0.2897549 0.4759046 0.0551799 0.0522129 0.0127313 0.0186763 0.0550845 0.0208867 0.1261656 0.0671851 0.0883403 0.0129773 0.0286749 0.2465785 0.2786607 0.0649297 0.2420735 0.2619659 0.1100800 0.0683692 0.1583962 0.1636126 0.1816180 0.1982689 0.2685568 0.0197140 0.4127534 0.0999736 0.0735707 0.0691291 0.1006672 0.5045016 0.2273537 0.1172851 0.0000000 0.0490258 0.1409408 0.2224812 0.2804576 0.2911077 0.1198858 0.0140017 0.2896807 0.1430748 0.0717229 0.0184111 0.0661084 0.2841722 0.0531711 0.0092449 0.2801402 0.0924294 0.1934571 0.1954463 0.0447847 0.0231690 0.0725472 0.3117592 0.1067024 0.1170353 0.0127012 0.0884887 0.2799531 0.1236028 0.2006762 0.0183605 0.0806578 0.1916033 0.1174149 0.1258749 0.0682730 0.0652872 0.1657993 0.1896038 0.2966649 0.0763556 0.2302615 
