84
Amauria_brandeegeana_62                    0.0000000 0.2978273 0.4156856 0.5413017 0.4548018 0.1248819 0.4768483 0.2164981 0.4765890 0.3065591 0.4451265 0.4714551 0.9127703 0.3204017 0.3502832 0.6869844 0.4144040 0.2907229 0.4983886 0.1994873 0.5108468 0.4160340 0.3032496 0.4613077 0.3526435 0.9107945 0.2811071 0.4316485 0.4054617 0.3869534 0.3220417 0.2584446 0.0844557 0.4022930 0.2490301 0.4331775 0.8955396 0.4341220 0.6135337 0.9161305 0.6556154 0.2918537 0.4208917 0.4563832 0.4122708 0.4082021 0.1967313 0.2178367 0.9397507 0.4114152 0.3686338 0.2159898 0.4504689 0.5102151 0.4165970 0.4158800 0.4199756 0.4122989 0.3484396 0.1776034 0.5656341 0.5283174 0.4200003 0.8293487 0.2178335 0.4675060 0.2645712 0.1173818 0.8167393 0.4173623 0.3890801 0.9177630 0.2249497 0.4436451 0.3974999 0.4616364 0.4337240 0.9416517 0.5035033 0.9277980 0.4147356 0.6363147 0.3289067 0.5293758 
Amauria_carterae_99_mesa                   0.2978273 0.0000000 0.1066086 0.1929903 0.1344135 0.1288469 0.1806151 0.1699331 0.1934446 0.0841816 0.1429759 0.1271044 0.1045564 0.2385060 0.1077716 0.1520730 0.1183153 0.1142593 0.1685194 0.1135445 0.1844658 0.1078344 0.0945245 0.1957080 0.3289446 0.1072984 0.1816314 0.1343458 0.1371688 0.1604679 0.2177494 0.1517637 0.1203484 0.1147419 0.2193732 0.1441959 0.1048940 0.1574872 0.2090764 0.1140041 0.2888948 0.2194712 0.1458082 0.1574501 0.1017696 0.1098971 0.1102507 0.1257140 0.1095896 0.1078276 0.1219287 0.1271705 0.1230324 0.1810634 0.1797686 0.1086625 0.1128367 0.1209471 0.1389912 0.1541038 0.2262177 0.1165129 0.1142809 0.2433141 0.1291092 0.1566788 0.1688940 0.1281796 0.2131371 0.1138908 0.1387496 0.1072762 0.2144043 0.1255315 0.1202467 0.1524518 0.1585710 0.4448709 0.1788491 0.1539096 0.1129706 0.4641451 0.1047320 0.0893360 
Amauria_rotundifolia_SRR9119150            0.4156856 0.1066086 0.0000000 0.2196078 0.1281559 0.1414084 0.2088799 0.1641070 0.2062583 0.1449133 0.1510208 0.1380267 0.1067556 0.3231658 0.1235891 0.1792464 0.1303019 0.1188814 0.2448571 0.1450534 0.2256661 0.1221817 0.0804106 0.2324851 0.3526514 0.0952034 0.1929388 0.1323865 0.1573857 0.1585837 0.2070187 0.1537558 0.2213931 0.1239419 0.2536010 0.1726593 0.1005232 0.2035757 0.2475208 0.1010121 0.2969752 0.2850825 0.1666422 0.2047613 0.1156531 0.1153852 0.1293889 0.1645594 0.1017232 0.1225141 0.1307786 0.1460976 0.1293334 0.2413031 0.1807640 0.1140075 0.1238798 0.1244558 0.1668654 0.1780309 0.2744718 0.1157034 0.1207846 0.2751660 0.1429769 0.1490343 0.1716693 0.1408163 0.2184742 0.1259723 0.1432787 0.1066481 0.2365767 0.1681667 0.1161790 0.1671660 0.1736902 0.5001854 0.2038426 0.2205833 0.1147944 0.5128216 0.1076050 0.0867915 
Conoclinium_coelestinum_SRR9119114         0.5413017 0.1929903 0.2196078 0.0000000 0.2099506 0.1680031 0.1555777 0.1860717 0.2441669 0.2154554 0.2322115 0.2204218 0.1978607 0.3126498 0.1880967 0.2127926 0.2196809 0.1816497 0.2904660 0.2372406 0.2485092 0.2103139 0.1501225 0.2602336 0.4170555 0.1835285 0.2983415 0.2291189 0.2196894 0.1932851 0.3506935 0.2849270 0.3211490 0.2077190 0.3076310 0.2751834 0.1965433 0.2924580 0.2647045 0.1861487 0.3667366 0.2901310 0.2664352 0.2904016 0.2068688 0.2073206 0.2274797 0.2483914 0.2007756 0.2161311 0.2478179 0.2395341 0.2025750 0.2936367 0.2272934 0.1822796 0.2112272 0.2151104 0.2358221 0.1663639 0.3477054 0.1958406 0.2066059 0.3260228 0.2464501 0.2409967 0.2663904 0.1363997 0.3019017 0.2100960 0.2294721 0.2053651 0.2830540 0.2219630 0.1561204 0.2520252 0.2711594 0.5274756 0.2757540 0.2905298 0.2103661 0.6017499 0.1998238 0.1675118 
Eutetras_palmeri_63                        0.4548018 0.1344135 0.1281559 0.2099506 0.0000000 0.1598740 0.2000057 0.1697931 0.2196763 0.1802391 0.1351970 0.1473019 0.1288851 0.2933672 0.1252063 0.1679744 0.1291041 0.1271994 0.2407681 0.1624948 0.2064785 0.1387424 0.1061986 0.2312968 0.3410483 0.1166541 0.1755060 0.1395177 0.1438345 0.1461999 0.2221923 0.1710429 0.2374378 0.1418153 0.2470902 0.2134403 0.1281322 0.2214546 0.2344577 0.1234160 0.3095857 0.2687873 0.1965705 0.2117797 0.1341507 0.1191466 0.1320930 0.1927579 0.1181353 0.1429381 0.1414210 0.1489596 0.1430537 0.2480190 0.2074902 0.1340380 0.1386381 0.1291550 0.1753818 0.1785839 0.2680562 0.1111349 0.1356175 0.2684619 0.1426182 0.1622348 0.1761708 0.1610299 0.2101573 0.1398994 0.1332430 0.1244833 0.2231264 0.1694946 0.1209161 0.1656415 0.1913956 0.5004804 0.2147120 0.2568570 0.1270664 0.5133305 0.1239638 0.1218303 
Eutetras_pringlei_149_quer                 0.1248819 0.1288469 0.1414084 0.1680031 0.1598740 0.0000000 0.1484437 0.0937138 0.1560782 0.1478280 0.1559231 0.1333523 0.3700833 0.1514432 0.1145785 0.1480106 0.1191143 0.1117500 0.1647522 0.1252486 0.1528774 0.1190279 0.1195821 0.1498081 0.1639196 0.3700833 0.1203908 0.1146312 0.1369265 0.1343416 0.1104570 0.1129161 0.1481185 0.1145785 0.1574691 0.1685329 0.3700833 0.1690789 0.1722433 0.3700833 0.9222070 0.1690460 0.1784276 0.1614046 0.1145785 0.1233881 0.1252486 0.1663333 0.3700833 0.1145785 0.1490699 0.1159321 0.1282425 0.1714137 0.1196714 0.1332096 0.1280562 0.1324169 0.1629087 0.1647334 0.2195086 0.1575515 0.1275457 0.6507880 0.1247711 0.1766045 0.1623448 0.1357314 0.6883852 0.1235330 0.1363876 0.3700833 0.1465302 0.1609769 0.1464124 0.1646168 0.1597139 0.7710185 0.1507350 0.0000010 0.1367408 0.1646009 0.1018344 0.1064801 
Eutrochium_fistulosum_SRR9119106           0.4768483 0.1806151 0.2088799 0.1555777 0.2000057 0.1484437 0.0000000 0.1706603 0.2478547 0.2039417 0.2071147 0.2076161 0.1884715 0.3149417 0.1788075 0.2136860 0.1937133 0.1678364 0.2903129 0.2284531 0.2402195 0.2010945 0.1287183 0.2722253 0.3980842 0.1662954 0.2731871 0.2079109 0.1953517 0.1856811 0.2975173 0.2521602 0.2708656 0.1961321 0.2909511 0.2654493 0.1810568 0.2646843 0.2876030 0.1732250 0.3595485 0.3148894 0.2475147 0.2758474 0.1958496 0.1951337 0.2178588 0.2505763 0.1793242 0.2039649 0.2528811 0.2237196 0.2018818 0.2831849 0.2550715 0.1721270 0.2010867 0.1968924 0.2300437 0.1666728 0.3495031 0.1654300 0.1966719 0.3181596 0.2308665 0.2250559 0.2641212 0.1736395 0.2740521 0.2031070 0.2037237 0.1876111 0.2548385 0.2077805 0.1562463 0.2370343 0.2617376 0.5143423 0.2628093 0.3241480 0.1971030 0.5633435 0.1826929 0.1548959 
Galeana_pratensis_104_mex                  0.2164981 0.1699331 0.1641070 0.1860717 0.1697931 0.0937138 0.1706603 0.0000000 0.1680745 0.1888511 0.1606693 0.1545874 0.7493047 0.1503980 0.1449011 0.1636534 0.1450097 0.1825260 0.1962033 0.1224939 0.1795833 0.1451922 0.1119973 0.1856197 0.1794411 0.7169003 0.1217771 0.1450042 0.1945443 0.1549448 0.1389549 0.1544890 0.1530078 0.1451922 0.1594996 0.2304391 0.7169003 0.2205593 0.1414171 0.9002825 0.8569488 0.1582499 0.2367180 0.2017767 0.1402003 0.1497825 0.1174705 0.1903795 0.7493047 0.1451922 0.1106369 0.1167462 0.1498051 0.1837236 0.1502540 0.1651466 0.1451326 0.1634222 0.2130861 0.0962275 0.1912837 0.1650058 0.1543136 0.5985191 0.1267210 0.1558824 0.1236495 0.0929740 0.7920789 0.1499677 0.1882641 0.9002825 0.1588121 0.1888996 0.1553441 0.1510908 0.2044498 0.7650428 0.1834893 0.9697762 0.1589389 0.1975143 0.1723092 0.1207210 
Helianthus_annuus_SRR9119062               0.4765890 0.1934446 0.2062583 0.2441669 0.2196763 0.1560782 0.2478547 0.1680745 0.0000000 0.2505021 0.2255979 0.2240486 0.2215553 0.3074494 0.1864730 0.2512170 0.2125975 0.1856934 0.2720369 0.1896660 0.2615579 0.2032301 0.1627496 0.2813443 0.3837000 0.2098047 0.2356922 0.2076822 0.1939692 0.2106213 0.2744277 0.2163696 0.2836177 0.2037199 0.3082386 0.2300761 0.2066463 0.2588083 0.2977435 0.2193098 0.3563998 0.2852406 0.2244315 0.2456583 0.1927762 0.1997492 0.1870333 0.1875106 0.2115496 0.2030910 0.2591214 0.1845086 0.2041544 0.2740226 0.2483950 0.1978520 0.2020477 0.2051300 0.2233726 0.1794292 0.3229930 0.2150292 0.2059207 0.3190234 0.1844609 0.2391502 0.2078426 0.1312678 0.3215848 0.1996803 0.1910573 0.2235207 0.2654661 0.2078513 0.1896873 0.2434344 0.2361381 0.5201634 0.2665960 0.2808367 0.2027385 0.6002752 0.1845976 0.1994762 
Lycapsus_tenuifolius_17                    0.3065591 0.0841816 0.1449133 0.2154554 0.1802391 0.1478280 0.2039417 0.1888511 0.2505021 0.0000000 0.1877623 0.1620150 0.1216546 0.2679806 0.1431507 0.2071273 0.1608824 0.1385042 0.2575051 0.1793886 0.2006645 0.1444796 0.1209685 0.2109189 0.3370093 0.1088701 0.2441698 0.1739466 0.1683280 0.1708933 0.2739272 0.2262577 0.0334411 0.1494612 0.2273758 0.2168573 0.1148346 0.2226167 0.2379920 0.1131543 0.2995100 0.2466195 0.2018209 0.2191583 0.1434221 0.1479203 0.1805681 0.2118947 0.1184188 0.1539308 0.3159410 0.1972152 0.1703363 0.2378882 0.2096799 0.1463579 0.1501695 0.1600265 0.1846089 0.1700162 0.2932293 0.1401444 0.1552249 0.2631768 0.2013172 0.1867419 0.2382469 0.1248912 0.2017158 0.1486043 0.1887310 0.1131618 0.2287412 0.1821182 0.1166222 0.2059089 0.2147413 0.4933906 0.2033727 0.2342015 0.1522512 0.5031206 0.1224865 0.0932763 
Pericome_caudata_50_silver                 0.4451265 0.1429759 0.1510208 0.2322115 0.1351970 0.1559231 0.2071147 0.1606693 0.2255979 0.1877623 0.0000000 0.1412758 0.0951572 0.2777693 0.1302816 0.1625982 0.1268726 0.1417419 0.2409173 0.1595815 0.1948226 0.1209215 0.1012614 0.1956781 0.3284689 0.0975628 0.1891329 0.1346734 0.1608110 0.1524116 0.2359271 0.1823344 0.2489695 0.1366123 0.2459669 0.2107535 0.0945757 0.2109816 0.2270257 0.1011752 0.3027708 0.2505345 0.1996508 0.2065135 0.1191820 0.1110435 0.1405431 0.1955161 0.0842191 0.1247428 0.1729814 0.1570883 0.1331300 0.2343998 0.1892059 0.1117969 0.1252033 0.1272221 0.1952727 0.1577345 0.2751640 0.1102361 0.1236508 0.2774250 0.1538563 0.0827575 0.0648233 0.1431437 0.1877955 0.1262817 0.1530668 0.0892275 0.2029828 0.1568741 0.1080846 0.0885599 0.1932298 0.4788452 0.1880408 0.2958789 0.1180643 0.5010621 0.1260000 0.0895551 
Perityle_aglossa_84_dead_horse             0.4714551 0.1271044 0.1380267 0.2204218 0.1473019 0.1333523 0.2076161 0.1545874 0.2240486 0.1620150 0.1412758 0.0000000 0.0352364 0.1971740 0.0943071 0.1515592 0.0895390 0.1217684 0.2016487 0.1306241 0.1455134 0.0809035 0.0455514 0.1471977 0.2845282 0.0194944 0.1601544 0.1013334 0.1502834 0.1539374 0.2413272 0.1955938 0.2618751 0.0875503 0.1735895 0.1879317 0.0377760 0.1810665 0.2003018 0.0270366 0.2987589 0.1859705 0.1739919 0.1565230 0.0819492 0.0593812 0.0888414 0.1966918 0.0284857 0.0867112 0.0230202 0.1177157 0.0346782 0.1928363 0.1185760 0.0662436 0.0767040 0.0755333 0.1801568 0.1126671 0.2395136 0.0802567 0.0559158 0.2531921 0.1143504 0.1389104 0.1937519 0.1319571 0.1673359 0.0773493 0.1675698 0.0394468 0.1248279 0.1441225 0.0596487 0.1651485 0.1830058 0.4762944 0.1289931 0.2651226 0.0590012 0.4530446 0.1293064 0.0382760 
Perityle_ajoensis_204                      0.9127703 0.1045564 0.1067556 0.1978607 0.1288851 0.3700833 0.1884715 0.7493047 0.2215553 0.1216546 0.0951572 0.0352364 0.0000000 0.0000010 0.0535553 0.0887766 0.0900833 0.0656736 0.1933302 0.0000010 0.0959640 0.0242913 0.0205838 0.0288863 0.6811703 0.0267228 0.5218621 0.0910590 0.1560137 0.1168714 0.6874348 0.2376219 0.7302187 0.0516528 0.0000010 0.1812667 0.0259671 0.2009573 0.0812394 0.0341918 0.1208158 0.1565715 0.1450828 0.1813787 0.0243830 0.0201936 0.0000010 0.0000010 0.0182164 0.0398583 0.0000010 0.0000010 0.0250055 0.1988250 0.0886524 0.0437614 0.0210058 0.0498129 0.1547463 0.0000010 0.2734436 0.0809814 0.0352644 0.1497910 0.0000010 0.0905672 0.8321793 0.0000010 0.0457818 0.0227109 0.1324513 0.0259554 0.0000010 0.0487094 0.0243955 0.1401414 0.1850622 0.3934615 0.0629645 0.2155855 0.0243472 0.8417997 0.1174968 0.0428237 
Perityle_ambrosiifolia_67_green            0.3204017 0.2385060 0.3231658 0.3126498 0.2933672 0.1514432 0.3149417 0.1503980 0.3074494 0.2679806 0.2777693 0.1971740 0.0000010 0.0000000 0.2406831 0.3356460 0.2625946 0.2343532 0.2408826 0.2676021 0.0430518 0.2657738 0.1934703 0.0496090 0.1042264 0.0000010 0.2681968 0.2756085 0.2199234 0.2063421 0.2964671 0.3184522 0.2735722 0.2576053 0.1615500 0.3214932 0.0000010 0.2506529 0.3834182 0.0000010 0.5845420 0.0552577 0.3253558 0.2415918 0.2554794 0.2688129 0.2665567 0.3149262 0.0000010 0.2536983 0.5015916 0.2715550 0.1871251 0.1991166 0.2831155 0.2316082 0.2718984 0.2689327 0.3014608 0.0820394 0.2673309 0.2907390 0.2625556 0.7802648 0.2790357 0.2869709 0.2870249 0.1817749 0.6937106 0.2681548 0.2809485 0.0000010 0.0317157 0.2947871 0.0237090 0.2986215 0.3157236 0.7488414 0.1726000 0.6763564 0.2668088 0.1979416 0.1760681 0.0958394 
Perityle_angustifolia_13_Eagle_creek       0.3502832 0.1077716 0.1235891 0.1880967 0.1252063 0.1145785 0.1788075 0.1449011 0.1864730 0.1431507 0.1302816 0.0943071 0.0535553 0.2406831 0.0000000 0.1240233 0.0489643 0.1063756 0.2066870 0.0286556 0.1616026 0.0361879 0.0245726 0.2057768 0.2721502 0.0549635 0.0955104 0.0627073 0.1308873 0.1395539 0.2174027 0.1768561 0.2039918 0.0182877 0.1912983 0.1482931 0.0652981 0.1547001 0.2275916 0.0694897 0.2815031 0.2240724 0.1509277 0.1712872 0.0325832 0.0535801 0.0499083 0.1532428 0.0602076 0.0352628 0.1004622 0.0681023 0.0799114 0.1891657 0.1253070 0.0534535 0.0370784 0.0443312 0.1452485 0.1408815 0.2293369 0.0423496 0.0518527 0.2734691 0.0636673 0.1378399 0.1570925 0.1156053 0.2034146 0.0374219 0.1468983 0.0575062 0.1770701 0.1283177 0.1040450 0.1329797 0.1482229 0.4518567 0.1619578 0.1844054 0.0526407 0.4049572 0.0845018 0.0507445 
Perityle_batopilensis_97                   0.6869844 0.1520730 0.1792464 0.2127926 0.1679744 0.1480106 0.2136860 0.1636534 0.2512170 0.2071273 0.1625982 0.1515592 0.0887766 0.3356460 0.1240233 0.0000000 0.1215048 0.1104503 0.1984294 0.2313986 0.1323178 0.1326553 0.0896610 0.1950131 0.4550883 0.0931327 0.3076546 0.1266011 0.1606261 0.1599018 0.3432315 0.2790109 0.4133626 0.1224376 0.2399812 0.2261700 0.0958091 0.2290937 0.0346130 0.0987303 0.2613256 0.3043466 0.2053561 0.2371582 0.1340198 0.1412246 0.2462106 0.2675762 0.0891313 0.1442414 0.2951083 0.2435756 0.1506197 0.1771564 0.1156935 0.1175082 0.1338298 0.1266705 0.1858434 0.0780912 0.2581108 0.0755711 0.1540503 0.1752746 0.2430709 0.1797019 0.3082099 0.0806085 0.1292626 0.1315979 0.1856841 0.0920754 0.2218099 0.1700740 0.0761969 0.2004388 0.2298836 0.4384946 0.1661635 0.2494515 0.1370970 0.6175275 0.1442486 0.0927167 
Perityle_bisetosa_9                        0.4144040 0.1183153 0.1303019 0.2196809 0.1291041 0.1191143 0.1937133 0.1450097 0.2125975 0.1608824 0.1268726 0.0895390 0.0900833 0.2625946 0.0489643 0.1215048 0.0000000 0.1045200 0.2270213 0.0495087 0.1453404 0.0649396 0.0198945 0.1984316 0.3248808 0.0867674 0.0913089 0.0534648 0.1417888 0.1449673 0.2011090 0.1598686 0.2144508 0.0519099 0.2019606 0.1740336 0.0949415 0.1875088 0.2051091 0.0995937 0.2799037 0.2370392 0.1600117 0.1776630 0.0642113 0.0465091 0.0139552 0.1412951 0.0880312 0.0699872 0.0195881 0.0472689 0.0867953 0.2196152 0.1240791 0.0734455 0.0664899 0.0426438 0.1495875 0.1415886 0.2613172 0.0345731 0.0587004 0.2656395 0.0404885 0.1431603 0.1566695 0.1189914 0.1964593 0.0678297 0.1433376 0.0913101 0.1931241 0.1461663 0.1109850 0.1490493 0.1615907 0.4884261 0.1579969 0.2780137 0.0494007 0.4705827 0.0929361 0.0641378 
Perityle_californica_76_positas            0.2907229 0.1142593 0.1188814 0.1816497 0.1271994 0.1117500 0.1678364 0.1825260 0.1856934 0.1385042 0.1417419 0.1217684 0.0656736 0.2343532 0.1063756 0.1104503 0.1045200 0.0000000 0.1559485 0.1314729 0.1682219 0.1135822 0.0876302 0.2106231 0.2638980 0.0657776 0.1349839 0.1129263 0.1329228 0.1490005 0.1205452 0.0757408 0.1949934 0.1032871 0.2539053 0.1555028 0.0696786 0.1725262 0.2282308 0.0658918 0.3387563 0.2340960 0.1553042 0.1710413 0.1045719 0.1097243 0.1273552 0.1575979 0.0697280 0.1071626 0.1250965 0.1337799 0.1224055 0.1766345 0.1947935 0.1158065 0.1136414 0.1084187 0.1600086 0.1730801 0.2122549 0.0986069 0.1127226 0.2970197 0.1395118 0.1445264 0.1628456 0.1447275 0.2686326 0.1111665 0.1298550 0.0781718 0.2317210 0.1237266 0.1353075 0.1192771 0.1605895 0.4160579 0.1826124 0.1564951 0.1108980 0.3964716 0.0945276 0.0620509 
Perityle_canescens_77                      0.4983886 0.1685194 0.2448571 0.2904660 0.2407681 0.1647522 0.2903129 0.1962033 0.2720369 0.2575051 0.2409173 0.2016487 0.1933302 0.2408826 0.2066870 0.1984294 0.2270213 0.1559485 0.0000000 0.2308612 0.2260585 0.2158811 0.1397189 0.2412873 0.2897489 0.2149155 0.2568141 0.2436841 0.1812445 0.1922088 0.2689477 0.2458161 0.2900460 0.2251828 0.1959228 0.2481178 0.2071218 0.2162950 0.2289840 0.2145042 0.3117101 0.2034973 0.2262201 0.1912584 0.2121103 0.2150238 0.2242380 0.2484936 0.1941835 0.2208510 0.3067419 0.2205763 0.1917804 0.1561606 0.1701075 0.1571293 0.2187201 0.2284188 0.1891817 0.0844951 0.2021828 0.1878189 0.2228630 0.2877788 0.2243726 0.2532550 0.2604553 0.1403059 0.2625815 0.2190626 0.2254303 0.2041303 0.1831870 0.2285403 0.1161969 0.2420655 0.2277482 0.3894494 0.2313015 0.1277591 0.2150704 0.4264376 0.1743159 0.1760678 
Perityle_castillonii_96                    0.1994873 0.1135445 0.1450534 0.2372406 0.1624948 0.1252486 0.2284531 0.1224939 0.1896660 0.1793886 0.1595815 0.1306241 0.0000010 0.2676021 0.0286556 0.2313986 0.0495087 0.1314729 0.2308612 0.0000000 0.2547023 0.0250649 0.0269865 0.2738971 0.2008094 0.0000010 0.0747539 0.0761393 0.1366021 0.1666951 0.1727224 0.1872275 0.1829851 0.0263696 0.2152338 0.1611443 0.0000010 0.1522070 0.3526421 0.0000010 0.4846220 0.2438591 0.1674218 0.1850409 0.0290865 0.0496793 0.0482490 0.1610095 0.0000010 0.0290795 0.1128178 0.0773171 0.1111232 0.2228565 0.1686016 0.0502332 0.0277349 0.0537993 0.1308257 0.1528451 0.2732234 0.0423185 0.0686231 0.6836222 0.0700180 0.1818463 0.1629767 0.1193519 0.5926776 0.0304675 0.1707396 0.0000010 0.1995762 0.1806159 0.1567071 0.1583023 0.1499579 0.6933197 0.2356371 0.5742375 0.0468504 0.2487197 0.0633353 0.0300540 
Perityle_cernua_84                         0.5108468 0.1844658 0.2256661 0.2485092 0.2064785 0.1528774 0.2402195 0.1795833 0.2615579 0.2006645 0.1948226 0.1455134 0.0959640 0.0430518 0.1616026 0.1323178 0.1453404 0.1682219 0.2260585 0.2547023 0.0000000 0.1750337 0.1190998 0.0619165 0.2287579 0.0983298 0.2985518 0.1639783 0.1837140 0.1750394 0.3361514 0.3121999 0.2944870 0.1585845 0.1547665 0.2690899 0.0951431 0.2387802 0.2074131 0.1077781 0.3088403 0.0585764 0.2485590 0.2282653 0.1674611 0.1729313 0.2559609 0.3006104 0.0907894 0.1751968 0.4595160 0.2709371 0.1463878 0.2007336 0.1757427 0.1680390 0.1751180 0.1601462 0.2451204 0.0757179 0.2753295 0.1003721 0.1824434 0.2632790 0.2745779 0.2056915 0.2932200 0.1736813 0.2050526 0.1738215 0.2200950 0.0971432 0.0371503 0.2066774 0.0519475 0.2322566 0.2674392 0.4959279 0.1228243 0.2578894 0.1751454 0.4505241 0.1527788 0.0943573 
Perityle_cfvillosa_25_tin                  0.4160340 0.1078344 0.1221817 0.2103139 0.1387424 0.1190279 0.2010945 0.1451922 0.2032301 0.1444796 0.1209215 0.0809035 0.0242913 0.2657738 0.0361879 0.1326553 0.0649396 0.1135822 0.2158811 0.0250649 0.1750337 0.0000000 0.0245658 0.1710654 0.3149033 0.0327469 0.1061712 0.0780094 0.1403495 0.1338810 0.2255467 0.1833525 0.2129396 0.0380127 0.2063981 0.1652179 0.0270195 0.1654930 0.1986455 0.0304289 0.2593129 0.2370721 0.1528389 0.1756882 0.0230532 0.0317002 0.0372745 0.1560267 0.0210765 0.0327883 0.1008555 0.0687500 0.0697946 0.2132418 0.1400722 0.0465965 0.0171969 0.0446586 0.1377643 0.1527449 0.2689511 0.0666046 0.0513407 0.2621377 0.0615292 0.1369340 0.1701473 0.1191932 0.1498441 0.0122332 0.1480065 0.0189425 0.1907773 0.1168002 0.0815087 0.1467984 0.1591238 0.4666313 0.1453219 0.2414848 0.0311111 0.4795783 0.0787651 0.0338447 
Perityle_cinerea_113_Powell1310            0.3032496 0.0945245 0.0804106 0.1501225 0.1061986 0.1195821 0.1287183 0.1119973 0.1627496 0.1209685 0.1012614 0.0455514 0.0205838 0.1934703 0.0245726 0.0896610 0.0198945 0.0876302 0.1397189 0.0269865 0.1190998 0.0245658 0.0000000 0.1483791 0.2557772 0.0248185 0.0297004 0.0443020 0.1146320 0.1035596 0.1784864 0.1219128 0.1931460 0.0183804 0.1663889 0.1248141 0.0331626 0.1274993 0.1398328 0.0374411 0.3801884 0.2120426 0.1223917 0.1359093 0.0230674 0.0168071 0.0096761 0.1177170 0.0247702 0.0246272 0.0110696 0.0296657 0.0503458 0.1695155 0.1182252 0.0359287 0.0199390 0.0276665 0.1113745 0.1415886 0.1914907 0.0374122 0.0286756 0.2243867 0.0296255 0.1138426 0.1372901 0.1045064 0.1825177 0.0277238 0.1119240 0.0417826 0.1962942 0.0818438 0.1043395 0.1013234 0.1397600 0.3704135 0.1121483 0.1411288 0.0198800 0.3598173 0.0845486 0.0318084 
Perityle_coahuilensis_24                   0.4613077 0.1957080 0.2324851 0.2602336 0.2312968 0.1498081 0.2722253 0.1856197 0.2813443 0.2109189 0.1956781 0.1471977 0.0288863 0.0496090 0.2057768 0.1950131 0.1984316 0.2106231 0.2412873 0.2738971 0.0619165 0.1710654 0.1483791 0.0000000 0.2272211 0.0426068 0.3011632 0.2039509 0.1956906 0.1805570 0.3351582 0.3216766 0.3007787 0.1900008 0.1734095 0.2849230 0.0335521 0.2318964 0.2586331 0.0323613 0.3386181 0.0460417 0.2653892 0.2237494 0.1700940 0.1707924 0.2704644 0.3174627 0.0213234 0.1769168 0.5127772 0.2842184 0.1376311 0.2191870 0.2165356 0.1664279 0.1722453 0.1919834 0.2663994 0.0962863 0.2979594 0.1796783 0.1818730 0.3304161 0.2896366 0.2112306 0.2923788 0.1797291 0.2103120 0.1670336 0.2400732 0.0286251 0.0231365 0.2063111 0.0365629 0.2171923 0.2702993 0.4053732 0.1320167 0.2757026 0.1762660 0.4018423 0.1598564 0.0598365 
Perityle_cochisensis_44_cave_creek         0.3526435 0.3289446 0.3526514 0.4170555 0.3410483 0.1639196 0.3980842 0.1794411 0.3837000 0.3370093 0.3284689 0.2845282 0.6811703 0.1042264 0.2721502 0.4550883 0.3248808 0.2638980 0.2897489 0.2008094 0.2287579 0.3149033 0.2557772 0.2272211 0.0000000 0.7135329 0.2251948 0.3374806 0.3389615 0.3047290 0.3062059 0.2695374 0.2625151 0.3098395 0.1339139 0.3559233 0.7313901 0.3285574 0.4474393 0.7331613 0.6393629 0.1249967 0.3719281 0.3018129 0.3128460 0.3250381 0.2150764 0.2417979 0.6935072 0.3060054 0.3283466 0.2153638 0.2625688 0.2896293 0.2681471 0.3131414 0.3109627 0.3246365 0.3266058 0.0869913 0.3625700 0.4314320 0.3163199 0.7394962 0.2086085 0.3402272 0.2231599 0.1483274 0.6982416 0.3174729 0.3420505 0.7147542 0.0700820 0.3361069 0.2390333 0.3417491 0.3601013 0.8473316 0.2519386 0.8081643 0.3178386 0.3773006 0.2919669 0.3504981 
Perityle_congesta_202                      0.9107945 0.1072984 0.0952034 0.1835285 0.1166541 0.3700833 0.1662954 0.7169003 0.2098047 0.1088701 0.0975628 0.0194944 0.0267228 0.0000010 0.0549635 0.0931327 0.0867674 0.0657776 0.2149155 0.0000010 0.0983298 0.0327469 0.0248185 0.0426068 0.7135329 0.0000000 0.5184019 0.0861176 0.1566686 0.1411128 0.7274120 0.3260459 0.6429311 0.0504237 0.0000010 0.1758487 0.0294302 0.1870588 0.0781673 0.0150794 0.1205259 0.1565715 0.1335420 0.1717006 0.0311527 0.0272273 0.0000010 0.0000010 0.0250882 0.0469278 0.0000010 0.0000010 0.0244920 0.1976380 0.0963331 0.0415664 0.0244351 0.0500707 0.1633268 0.0000010 0.2707126 0.0865273 0.0211461 0.1495961 0.0000010 0.0802742 0.8321793 0.0000010 0.0464101 0.0265294 0.1347878 0.0310874 0.0000010 0.0545659 0.0432527 0.1352016 0.1754305 0.3967026 0.0652187 0.2332903 0.0277992 0.8247623 0.1228891 0.0362760 
Perityle_cordifolia_27                     0.2811071 0.1816314 0.1929388 0.2983415 0.1755060 0.1203908 0.2731871 0.1217771 0.2356922 0.2441698 0.1891329 0.1601544 0.5218621 0.2681968 0.0955104 0.3076546 0.0913089 0.1349839 0.2568141 0.0747539 0.2985518 0.1061712 0.0297004 0.3011632 0.2251948 0.5184019 0.0000000 0.1036118 0.1800353 0.2035251 0.1717203 0.1696781 0.2000270 0.1073445 0.2184130 0.1917020 0.5894693 0.1916186 0.3827250 0.5378876 0.4950191 0.2429629 0.2001545 0.1919816 0.1034067 0.0928653 0.0489391 0.1443793 0.5218621 0.1046968 0.0812222 0.0153819 0.1328786 0.2617924 0.2156683 0.1101498 0.1114772 0.0939683 0.1814603 0.1536011 0.2826311 0.1180963 0.1022180 0.7029241 0.0231818 0.2105825 0.1512016 0.1265550 0.5744532 0.1131364 0.1891586 0.5044484 0.1941290 0.2151072 0.1893531 0.1820735 0.1684992 0.6969968 0.2859983 0.5491945 0.0914957 0.3262972 0.0924675 0.1607097 
Perityle_cordifolia_68_tecolote            0.4316485 0.1343458 0.1323865 0.2291189 0.1395177 0.1146312 0.2079109 0.1450042 0.2076822 0.1739466 0.1346734 0.1013334 0.0910590 0.2756085 0.0627073 0.1266011 0.0534648 0.1129263 0.2436841 0.0761393 0.1639783 0.0780094 0.0443020 0.2039509 0.3374806 0.0861176 0.1036118 0.0000000 0.1504803 0.1561333 0.2169506 0.1749132 0.2353455 0.0631415 0.2297256 0.1868524 0.0906030 0.1943219 0.2078557 0.0893803 0.2951107 0.2554708 0.1710055 0.1921133 0.0740084 0.0631081 0.0488459 0.1568709 0.0840211 0.0807603 0.0746906 0.0559676 0.0911767 0.2265876 0.0999949 0.0787683 0.0771748 0.0588114 0.1707514 0.1505946 0.2697728 0.0405943 0.0750120 0.2766306 0.0532056 0.1433181 0.1626987 0.1228149 0.1950505 0.0770501 0.1529042 0.0924133 0.1970527 0.1556052 0.1198224 0.1527226 0.1708651 0.4922129 0.1663141 0.2847288 0.0657509 0.4858910 0.1043898 0.0650184 
Perityle_crassifolia_70_ventanas           0.4054617 0.1371688 0.1573857 0.2196894 0.1438345 0.1369265 0.1953517 0.1945443 0.1939692 0.1683280 0.1608110 0.1502834 0.1560137 0.2199234 0.1308873 0.1606261 0.1417888 0.1329228 0.1812445 0.1366021 0.1837140 0.1403495 0.1146320 0.1956906 0.3389615 0.1566686 0.1800353 0.1504803 0.0000000 0.0828561 0.1979032 0.1316351 0.2179500 0.1450836 0.2127892 0.1896647 0.1552290 0.1932852 0.2230428 0.1545941 0.3394434 0.2345042 0.1914945 0.2009125 0.1401566 0.1329414 0.1226838 0.1626865 0.1535135 0.1489834 0.1476885 0.1307107 0.1551860 0.1925359 0.2024658 0.1529116 0.1456092 0.1421593 0.1533697 0.1677362 0.2423917 0.1421938 0.1448000 0.2727905 0.1369487 0.1712641 0.1650213 0.1251511 0.2526244 0.1427507 0.0028553 0.1558575 0.2285208 0.1473383 0.1418661 0.1670409 0.1881296 0.5287338 0.1820743 0.2016573 0.1427363 0.4838456 0.0979433 0.1461566 
Perityle_crassifolia_74_playa_balandra     0.3869534 0.1604679 0.1585837 0.1932851 0.1461999 0.1343416 0.1856811 0.1549448 0.2106213 0.1708933 0.1524116 0.1539374 0.1168714 0.2063421 0.1395539 0.1599018 0.1449673 0.1490005 0.1922088 0.1666951 0.1750394 0.1338810 0.1035596 0.1805570 0.3047290 0.1411128 0.2035251 0.1561333 0.0828561 0.0000000 0.2249504 0.1761233 0.2313688 0.1450783 0.2049731 0.1766980 0.1209263 0.2012893 0.2015250 0.1491300 0.3610764 0.2272687 0.1803411 0.2111732 0.1304120 0.1390942 0.1551149 0.1982266 0.1092678 0.1409491 0.2186133 0.1555213 0.1443102 0.1829465 0.2319304 0.1368947 0.1320726 0.1515022 0.1700180 0.1512700 0.2462797 0.1565107 0.1473944 0.2054778 0.1585993 0.1671798 0.1834166 0.1239261 0.2177890 0.1423609 0.0843363 0.1172042 0.1840409 0.1523891 0.1316778 0.1550198 0.1928390 0.3792817 0.1597363 0.1964326 0.1439530 0.4359535 0.1016563 0.1026942 
Perityle_cuneata_34_cuneata_San_antonio    0.3220417 0.2177494 0.2070187 0.3506935 0.2221923 0.1104570 0.2975173 0.1389549 0.2744277 0.2739272 0.2359271 0.2413272 0.6874348 0.2964671 0.2174027 0.3432315 0.2011090 0.1205452 0.2689477 0.1727224 0.3361514 0.2255467 0.1784864 0.3351582 0.3062059 0.7274120 0.1717203 0.2169506 0.1979032 0.2249504 0.0000000 0.0699013 0.2189162 0.2133832 0.2647767 0.2433810 0.7409203 0.2498761 0.4318511 0.6712833 0.5479808 0.2677298 0.2468218 0.2388679 0.2158529 0.2103376 0.1529135 0.1878130 0.6862183 0.2174722 0.1734920 0.1658471 0.2288288 0.2877113 0.2870330 0.2172565 0.2286027 0.2132260 0.2340969 0.1738734 0.3180412 0.2759058 0.2179259 0.6656925 0.1643636 0.2391110 0.1781519 0.1298728 0.6491901 0.2276344 0.1847080 0.7055480 0.2382536 0.2509360 0.2684727 0.2293072 0.2273123 0.7795195 0.3419741 0.7040244 0.2100527 0.3815130 0.1723778 0.2314370 
Perityle_cuneata_4                         0.2584446 0.1517637 0.1537558 0.2849270 0.1710429 0.1129161 0.2521602 0.1544890 0.2163696 0.2262577 0.1823344 0.1955938 0.2376219 0.3184522 0.1768561 0.2790109 0.1598686 0.0757408 0.2458161 0.1872275 0.3121999 0.1833525 0.1219128 0.3216766 0.2695374 0.3260459 0.1696781 0.1749132 0.1316351 0.1761233 0.0699013 0.0000000 0.2306592 0.1748046 0.2755670 0.1994678 0.3260459 0.2035378 0.4152873 0.3260459 0.5512335 0.2898430 0.2004650 0.2097567 0.1731143 0.1680790 0.1635682 0.1966285 0.3260459 0.1746042 0.1723818 0.1719523 0.1861940 0.2533889 0.2646461 0.1585545 0.1865191 0.1727505 0.2061423 0.1962962 0.2975746 0.1511571 0.1735495 0.6507624 0.1735784 0.1955860 0.1823893 0.1501235 0.6131941 0.1885283 0.1403240 0.3260459 0.2520751 0.2146439 0.1937429 0.1815203 0.1844962 0.7687506 0.3057109 0.6917254 0.1662438 0.3254541 0.1090596 0.1027614 
Perityle_discoidea_81                      0.0844557 0.1203484 0.2213931 0.3211490 0.2374378 0.1481185 0.2708656 0.1530078 0.2836177 0.0334411 0.2489695 0.2618751 0.7302187 0.2735722 0.2039918 0.4133626 0.2144508 0.1949934 0.2900460 0.1829851 0.2944870 0.2129396 0.1931460 0.3007787 0.2625151 0.6429311 0.2000270 0.2353455 0.2179500 0.2313688 0.2189162 0.2306592 0.0000000 0.2039006 0.2430686 0.2239684 0.6806136 0.2567470 0.4178007 0.6836604 0.4697437 0.2480634 0.2333005 0.2462876 0.2041249 0.2168441 0.1839708 0.2030739 0.7649636 0.2059026 0.3108557 0.1953815 0.2541965 0.2823391 0.2936895 0.2235262 0.2145845 0.2270076 0.2348019 0.1700162 0.3748348 0.2752275 0.2244637 0.6689101 0.1989219 0.2606297 0.2195153 0.1248912 0.6264282 0.2199403 0.2484284 0.8502292 0.2273071 0.2520815 0.1980749 0.2583162 0.2304553 0.6961283 0.3089760 0.6401406 0.2204005 0.3204789 0.1833406 0.1568514 
Perityle_dissecta_201                      0.4022930 0.1147419 0.1239419 0.2077190 0.1418153 0.1145785 0.1961321 0.1451922 0.2037199 0.1494612 0.1366123 0.0875503 0.0516528 0.2576053 0.0182877 0.1224376 0.0519099 0.1032871 0.2251828 0.0263696 0.1585845 0.0380127 0.0183804 0.1900008 0.3098395 0.0504237 0.1073445 0.0631415 0.1450836 0.1450783 0.2133832 0.1748046 0.2039006 0.0000000 0.2039204 0.1737890 0.0540636 0.1677399 0.2103102 0.0558389 0.2709112 0.2311280 0.1647646 0.1808722 0.0275909 0.0511014 0.0454719 0.1559128 0.0538172 0.0299431 0.0966218 0.0629091 0.0736717 0.2093560 0.1251146 0.0507180 0.0350208 0.0455292 0.1433214 0.1490588 0.2710465 0.0525533 0.0540396 0.2642802 0.0586478 0.1420959 0.1619152 0.1190868 0.1785045 0.0375636 0.1498567 0.0592222 0.1886532 0.1254784 0.1109662 0.1538893 0.1660379 0.4824976 0.1530652 0.2616819 0.0501213 0.4811690 0.0868854 0.0439041 
Perityle_emoryi_47_punta_san_jose          0.2490301 0.2193732 0.2536010 0.3076310 0.2470902 0.1574691 0.2909511 0.1594996 0.3082386 0.2273758 0.2459669 0.1735895 0.0000010 0.1615500 0.1912983 0.2399812 0.2019606 0.2539053 0.1959228 0.2152338 0.1547665 0.2063981 0.1663889 0.1734095 0.1339139 0.0000010 0.2184130 0.2297256 0.2127892 0.2049731 0.2647767 0.2755670 0.2430686 0.2039204 0.0000000 0.2746648 0.0000010 0.2243219 0.3666711 0.0000010 0.6384962 0.1425743 0.2886628 0.1955763 0.2040321 0.2133434 0.2109611 0.2812053 0.0000010 0.2019731 0.2989077 0.2162212 0.1630092 0.1686821 0.2378361 0.2181984 0.2155370 0.2153724 0.2892337 0.1224190 0.2341999 0.2400115 0.2076875 0.7363893 0.2289583 0.2569661 0.2311215 0.1563983 0.7857650 0.2112881 0.2443127 0.0000010 0.1411803 0.2486180 0.0790119 0.2420311 0.2718213 0.7108648 0.1252072 0.0000010 0.2110730 0.0000010 0.1917125 0.1101472 
Perityle_feddemae_99                       0.4331775 0.1441959 0.1726593 0.2751834 0.2134403 0.1685329 0.2654493 0.2304391 0.2300761 0.2168573 0.2107535 0.1879317 0.1812667 0.3214932 0.1482931 0.2261700 0.1740336 0.1555028 0.2481178 0.1611443 0.2690899 0.1652179 0.1248141 0.2849230 0.3559233 0.1758487 0.1917020 0.1868524 0.1896647 0.1766980 0.2433810 0.1994678 0.2239684 0.1737890 0.2746648 0.0000000 0.1742769 0.1579109 0.2956342 0.1852361 0.1887764 0.2870786 0.0282892 0.1793791 0.1664769 0.1598308 0.1479411 0.0166040 0.1788982 0.1757933 0.1819162 0.1486823 0.1713887 0.2360889 0.2164244 0.1296844 0.1689690 0.1699136 0.0971314 0.1945184 0.2908037 0.1350808 0.1658572 0.2887631 0.1487713 0.2115896 0.2096040 0.1631223 0.2619514 0.1721999 0.1820874 0.1783019 0.2504439 0.1942722 0.1627906 0.2157331 0.1462280 0.5121569 0.2499398 0.2911908 0.1588705 0.5485680 0.1475115 0.1646829 
Perityle_fosteri_93                        0.8955396 0.1048940 0.1005232 0.1965433 0.1281322 0.3700833 0.1810568 0.7169003 0.2066463 0.1148346 0.0945757 0.0377760 0.0259671 0.0000010 0.0652981 0.0958091 0.0949415 0.0696786 0.2071218 0.0000010 0.0951431 0.0270195 0.0331626 0.0335521 0.7313901 0.0294302 0.5894693 0.0906030 0.1552290 0.1209263 0.7409203 0.3260459 0.6806136 0.0540636 0.0000010 0.1742769 0.0000000 0.1954805 0.0845571 0.0374273 0.1184285 0.1565715 0.1316245 0.1826909 0.0205756 0.0247921 0.0000010 0.0000010 0.0227539 0.0389167 0.0000010 0.0000010 0.0261433 0.2038083 0.0946964 0.0449686 0.0237889 0.0554164 0.1544618 0.0000010 0.2743209 0.0934019 0.0377967 0.1536587 0.0000010 0.0847833 0.8321793 0.0000010 0.0376285 0.0209166 0.1312962 0.0254133 0.0000010 0.0437890 0.0369259 0.1384141 0.1864959 0.4000888 0.0598601 0.2407536 0.0286669 0.8276706 0.1229039 0.0385621 
Perityle_gamon_221                         0.4341220 0.1574872 0.2035757 0.2924580 0.2214546 0.1690789 0.2646843 0.2205593 0.2588083 0.2226167 0.2109816 0.1810665 0.2009573 0.2506529 0.1547001 0.2290937 0.1875088 0.1725262 0.2162950 0.1522070 0.2387802 0.1654930 0.1274993 0.2318964 0.3285574 0.1870588 0.1916186 0.1943219 0.1932852 0.2012893 0.2498761 0.2035378 0.2567470 0.1677399 0.2243219 0.1579109 0.1954805 0.0000000 0.3017787 0.1968397 0.2955879 0.2154423 0.1501692 0.0855054 0.1600194 0.1679484 0.1537357 0.1050370 0.1780807 0.1638149 0.1807978 0.1527765 0.1585245 0.2150217 0.2133398 0.1584790 0.1666224 0.1826122 0.1191106 0.1982998 0.2602077 0.1659411 0.1794789 0.3135894 0.1559870 0.2255116 0.2111848 0.1779019 0.2898982 0.1679360 0.1940347 0.1891863 0.1998794 0.2021390 0.1734059 0.2257700 0.1242349 0.5289741 0.2259854 0.2368924 0.1728137 0.5077658 0.1578878 0.1723682 
Perityle_gentryi_8_san_francisco           0.6135337 0.2090764 0.2475208 0.2647045 0.2344577 0.1722433 0.2876030 0.1414171 0.2977435 0.2379920 0.2270257 0.2003018 0.0812394 0.3834182 0.2275916 0.0346130 0.2051091 0.2282308 0.2289840 0.3526421 0.2074131 0.1986455 0.1398328 0.2586331 0.4474393 0.0781673 0.3827250 0.2078557 0.2230428 0.2015250 0.4318511 0.4152873 0.4178007 0.2103102 0.3666711 0.2956342 0.0845571 0.3017787 0.0000000 0.0847687 0.3731348 0.3848471 0.2810688 0.2859403 0.2017759 0.2035136 0.3447292 0.3833328 0.0797382 0.2092913 0.2791195 0.3551943 0.1807239 0.2404037 0.2640393 0.1717128 0.2004167 0.2085987 0.2949652 0.0806639 0.3202478 0.1026136 0.2163529 0.2462181 0.3501859 0.2511226 0.4103361 0.2318032 0.2171568 0.2016900 0.2668856 0.0810323 0.3184629 0.2359969 0.0827814 0.2653966 0.3068172 0.4758979 0.2189932 0.2421708 0.2008527 0.5825045 0.2417155 0.0850198 
Perityle_gilensis_salensis_225             0.9161305 0.1140041 0.1010121 0.1861487 0.1234160 0.3700833 0.1732250 0.9002825 0.2193098 0.1131543 0.1011752 0.0270366 0.0341918 0.0000010 0.0694897 0.0987303 0.0995937 0.0658918 0.2145042 0.0000010 0.1077781 0.0304289 0.0374411 0.0323613 0.7331613 0.0150794 0.5378876 0.0893803 0.1545941 0.1491300 0.6712833 0.3260459 0.6836604 0.0558389 0.0000010 0.1852361 0.0374273 0.1968397 0.0847687 0.0000000 0.1292126 0.1565715 0.1424624 0.1809770 0.0357672 0.0277234 0.0000010 0.0000010 0.0295058 0.0521666 0.0000010 0.0000010 0.0305082 0.2036321 0.1090616 0.0472871 0.0304344 0.0554372 0.1720284 0.0000010 0.2754505 0.0929947 0.0287462 0.1587018 0.0000010 0.0889131 0.8321793 0.0000010 0.0503287 0.0219398 0.1375476 0.0356512 0.0000010 0.0646438 0.0431673 0.1319870 0.1825594 0.3924224 0.0697525 0.2416872 0.0305025 0.8440031 0.1314029 0.0393147 
Perityle_glaucescens_94                    0.6556154 0.2888948 0.2969752 0.3667366 0.3095857 0.9222070 0.3595485 0.8569488 0.3563998 0.2995100 0.3027708 0.2987589 0.1208158 0.5845420 0.2815031 0.2613256 0.2799037 0.3387563 0.3117101 0.4846220 0.3088403 0.2593129 0.3801884 0.3386181 0.6393629 0.1205259 0.4950191 0.2951107 0.3394434 0.3610764 0.5479808 0.5512335 0.4697437 0.2709112 0.6384962 0.1887764 0.1184285 0.2955879 0.3731348 0.1292126 0.0000000 0.5583280 0.1848619 0.2938649 0.2538169 0.2703826 0.4924677 0.4298432 0.1179946 0.2698326 0.8562719 0.4720858 0.2782385 0.3325322 0.3729741 0.2859806 0.2622039 0.2765662 0.3737406 0.8258685 0.3875745 0.2465393 0.2715603 0.2848010 0.4636557 0.3011241 0.4807244 0.8863262 0.2361577 0.2657167 0.3199639 0.1205453 0.6152371 0.2734625 0.2943139 0.3118483 0.2889376 0.5120617 0.3138610 0.1608210 0.2686104 0.7617948 0.3060223 0.2237597 
Perityle_gracilis_11                       0.2918537 0.2194712 0.2850825 0.2901310 0.2687873 0.1690460 0.3148894 0.1582499 0.2852406 0.2466195 0.2505345 0.1859705 0.1565715 0.0552577 0.2240724 0.3043466 0.2370392 0.2340960 0.2034973 0.2438591 0.0585764 0.2370721 0.2120426 0.0460417 0.1249967 0.1565715 0.2429629 0.2554708 0.2345042 0.2272687 0.2677298 0.2898430 0.2480634 0.2311280 0.1425743 0.2870786 0.1565715 0.2154423 0.3848471 0.1565715 0.5583280 0.0000000 0.2909715 0.2222350 0.2329103 0.2412163 0.2398859 0.2797419 0.1565715 0.2311259 0.4428918 0.2503616 0.1811140 0.1972172 0.2753545 0.2167300 0.2392786 0.2411327 0.2871807 0.1171371 0.2439131 0.2970535 0.2358544 0.7586394 0.2521481 0.2607388 0.2625511 0.1938738 0.6820980 0.2393823 0.2749994 0.1565715 0.0560679 0.2753137 0.0415423 0.2685718 0.2953758 0.7881647 0.1688533 0.6763564 0.2392445 0.1881212 0.1791011 0.1063198 
Perityle_harkerae_31                       0.4208917 0.1458082 0.1666422 0.2664352 0.1965705 0.1784276 0.2475147 0.2367180 0.2244315 0.2018209 0.1996508 0.1739919 0.1450828 0.3253558 0.1509277 0.2053561 0.1600117 0.1553042 0.2262201 0.1674218 0.2485590 0.1528389 0.1223917 0.2653892 0.3719281 0.1335420 0.2001545 0.1710055 0.1914945 0.1803411 0.2468218 0.2004650 0.2333005 0.1647646 0.2886628 0.0282892 0.1316245 0.1501692 0.2810688 0.1424624 0.1848619 0.2909715 0.0000000 0.1719409 0.1521204 0.1508494 0.1567579 0.0165387 0.1397113 0.1631722 0.1934420 0.1575465 0.1572504 0.2248655 0.2142396 0.1338795 0.1574626 0.1603102 0.1005847 0.2066828 0.2793211 0.1389793 0.1556779 0.2897229 0.1576404 0.1989893 0.2061533 0.1698629 0.2505382 0.1598374 0.1836526 0.1424025 0.2555455 0.1957105 0.1589407 0.2093275 0.1347167 0.5092505 0.2364254 0.2262585 0.1490567 0.5330651 0.1501511 0.1371427 
Perityle_hofmeisteria_4_nombre_de_dios     0.4563832 0.1574501 0.2047613 0.2904016 0.2117797 0.1614046 0.2758474 0.2017767 0.2456583 0.2191583 0.2065135 0.1565230 0.1813787 0.2415918 0.1712872 0.2371582 0.1776630 0.1710413 0.1912584 0.1850409 0.2282653 0.1756882 0.1359093 0.2237494 0.3018129 0.1717006 0.1919816 0.1921133 0.2009125 0.2111732 0.2388679 0.2097567 0.2462876 0.1808722 0.1955763 0.1793791 0.1826909 0.0855054 0.2859403 0.1809770 0.2938649 0.2222350 0.1719409 0.0000000 0.1740865 0.1647923 0.1575900 0.1476669 0.1698368 0.1801309 0.1519674 0.1600165 0.1477852 0.1975292 0.2048226 0.1573627 0.1776228 0.1782860 0.1582008 0.1177597 0.2300190 0.1762583 0.1705079 0.2893902 0.1615078 0.2190791 0.2113653 0.1736856 0.2739679 0.1810287 0.2020443 0.1782252 0.1831875 0.2083229 0.1446952 0.2251940 0.1281128 0.5034211 0.2110624 0.2301856 0.1670011 0.4894560 0.1638321 0.1624288 
Perityle_huecosensis_48                    0.4122708 0.1017696 0.1156531 0.2068688 0.1341507 0.1145785 0.1958496 0.1402003 0.1927762 0.1434221 0.1191820 0.0819492 0.0243830 0.2554794 0.0325832 0.1340198 0.0642113 0.1045719 0.2121103 0.0290865 0.1674611 0.0230532 0.0230674 0.1700940 0.3128460 0.0311527 0.1034067 0.0740084 0.1401566 0.1304120 0.2158529 0.1731143 0.2041249 0.0275909 0.2040321 0.1664769 0.0205756 0.1600194 0.2017759 0.0357672 0.2538169 0.2329103 0.1521204 0.1740865 0.0000000 0.0370550 0.0469196 0.1528134 0.0228022 0.0194965 0.0971009 0.0615120 0.0657623 0.2050826 0.1412110 0.0418881 0.0237851 0.0546097 0.1339406 0.1490588 0.2661941 0.0638359 0.0482783 0.2542459 0.0572566 0.1308297 0.1619739 0.1190868 0.1467889 0.0247148 0.1438703 0.0238332 0.1908045 0.1131603 0.0832760 0.1440753 0.1584452 0.4698924 0.1455982 0.2329229 0.0385990 0.4709844 0.0786953 0.0350852 
