86
Amauria_brandeegeana_62                    0.0000000 0.1730521 0.2386402 0.2028365 0.1398978 0.2323016 0.1867478 0.5092174 0.3115747 0.2255524 0.2467329 0.2168540 0.2423974 0.2760276 0.1275621 0.1284113 0.2400434 0.2118544 0.2559556 0.2452970 0.6735794 0.2617934 0.3381009 0.1227953 0.1206707 0.2484829 0.1229073 0.2525253 0.2423900 0.2150647 0.1318404 0.1915062 0.2474639 0.1607172 0.1425004 0.2490234 0.2595405 0.2527036 0.2457335 0.1264573 0.2477363 0.2476906 0.2593665 0.6087905 0.2620686 0.1560033 0.2433969 0.1299279 0.2385886 0.2591142 0.2245926 0.2332283 0.2440140 0.2496978 0.1236488 0.2528273 0.1405482 0.2655191 0.1231358 0.2401579 0.2503004 0.2072761 0.2692672 0.1126005 0.1230308 0.2440455 0.1656681 0.2698544 0.2606517 0.3102549 0.1242733 0.1230501 0.2375380 0.2404386 0.1270163 0.1229841 0.2087413 0.2740548 0.2623496 0.2120825 0.2481043 0.1415729 0.2426723 0.1194937 0.1898496 0.2654948 
Amauria_carterae_99_mesa                   0.1730521 0.0000000 0.2735018 0.2780409 0.1869251 0.2394950 0.2428719 0.3158901 0.2813770 0.2819037 0.2805396 0.2721026 0.2692621 0.2760378 0.1958203 0.1950468 0.2693095 0.1972105 0.2804216 0.2800342 0.6194190 0.2801810 0.3510597 0.1955211 0.1703199 0.2775344 0.1867229 0.2827522 0.2839907 0.2499795 0.1653354 0.2236220 0.2917698 0.1899744 0.0827815 0.2680824 0.2910346 0.2773948 0.2729132 0.1912327 0.2834190 0.2810154 0.2888184 0.5518883 0.2840426 0.1975655 0.2771038 0.1986572 0.2697469 0.2871785 0.2847275 0.2701074 0.2772941 0.2894883 0.1938814 0.2910253 0.1272874 0.2768613 0.2010923 0.2720104 0.2702697 0.2173572 0.3258571 0.1112753 0.2031964 0.2866791 0.1890115 0.2875534 0.2924475 0.3316993 0.1969254 0.1981908 0.2917960 0.2696554 0.2012742 0.2004971 0.2206122 0.2789540 0.2981386 0.2378871 0.2736434 0.1472471 0.2724766 0.1266358 0.1910813 0.2983384 
Amauria_rotundifolia_SRR9119150            0.2386402 0.2735018 0.0000000 0.3361049 0.2552993 0.0829408 0.2912019 0.5426987 0.2255644 0.1205505 0.0848841 0.1067800 0.0728600 0.1265303 0.2972618 0.2977065 0.0739894 0.2949175 0.0796423 0.0813354 0.6389327 0.0861140 0.2405553 0.2770415 0.2516735 0.0811546 0.2728223 0.1062631 0.0632991 0.3614452 0.2453080 0.2970743 0.0988241 0.2690619 0.0626319 0.0854141 0.0915265 0.0789037 0.0895694 0.2787867 0.0798580 0.0821237 0.0911330 0.5991510 0.0924066 0.2097376 0.0773633 0.2564372 0.0760838 0.0911393 0.1074393 0.0777110 0.0798454 0.1235354 0.2829697 0.0791186 0.2714395 0.1045310 0.2791648 0.0808642 0.0957697 0.0767750 0.0973586 0.2622977 0.2805077 0.0645468 0.2807241 0.0967736 0.1066433 0.2299668 0.2678791 0.2788288 0.1302281 0.0809184 0.2600511 0.2755551 0.0825474 0.0936302 0.1321757 0.1052977 0.0848915 0.2723063 0.0798013 0.2662909 0.2332253 0.1123438 
Conoclinium_coelestinum_SRR9119114         0.2028365 0.2780409 0.3361049 0.0000000 0.2205102 0.2616811 0.1281010 0.5076549 0.3050832 0.3046411 0.3057924 0.3153447 0.3268515 0.4016775 0.2449709 0.2507662 0.3281824 0.2847958 0.3441489 0.3437727 0.6706303 0.3534640 0.3624777 0.2552008 0.1941712 0.3312501 0.2671358 0.3488363 0.3025941 0.3864195 0.2159648 0.2107050 0.3404917 0.2219629 0.4751375 0.2935007 0.3169565 0.3539868 0.3245092 0.2182777 0.3263647 0.3281198 0.3287671 0.5848465 0.3369450 0.2777639 0.3300232 0.2575873 0.3255417 0.3294513 0.3239803 0.3282269 0.3343004 0.3443962 0.2400151 0.3165175 0.2278049 0.2966575 0.2475239 0.3316138 0.3051072 0.2388467 0.3588064 0.1957919 0.2616108 0.3025861 0.2316296 0.3552526 0.3303998 0.3450996 0.2350533 0.2543261 0.3007992 0.3282127 0.2207470 0.2450751 0.2355628 0.3520783 0.3340637 0.2625490 0.3387370 0.1961007 0.3287878 0.2042127 0.2598931 0.3626923 
Eutetras_palmeri_63                        0.1398978 0.1869251 0.2552993 0.2205102 0.0000000 0.2050653 0.1727571 0.4515712 0.2667930 0.2362037 0.2354301 0.2177897 0.2441612 0.2457699 0.1242977 0.1204912 0.2417951 0.2523424 0.2568854 0.2519250 0.6746408 0.2547946 0.3962650 0.1274093 0.1293866 0.2516431 0.1307847 0.2583982 0.2281569 0.2253110 0.1407345 0.2118359 0.2590654 0.1394010 0.4769626 0.2366428 0.2484778 0.2507652 0.2619105 0.1163605 0.2524714 0.2490587 0.2564116 0.5609582 0.2535864 0.1549354 0.2468926 0.1260342 0.2387748 0.2543274 0.2253189 0.2418478 0.2474542 0.2557743 0.1315620 0.2437429 0.1335369 0.2294990 0.1292021 0.2488201 0.2258574 0.1919552 0.2705764 0.1260205 0.1335057 0.2320036 0.1802865 0.2657406 0.2648150 0.3192998 0.1305774 0.1306214 0.2426630 0.2419989 0.1296537 0.1273572 0.2023108 0.2585178 0.2693498 0.2153419 0.2508002 0.1491679 0.2462459 0.1427573 0.1919651 0.2642481 
Eutetras_pringlei_149_quer                 0.2323016 0.2394950 0.0829408 0.2616811 0.2050653 0.0000000 0.2611252 0.4557370 0.2068785 0.1121303 0.0782316 0.0654424 0.0597695 0.0665464 0.2426616 0.2449402 0.0595554 0.2904343 0.0715316 0.0634575 0.6030922 0.0655679 0.1805837 0.2485882 0.2436070 0.0617771 0.2433055 0.1224780 0.0697371 0.2835908 0.2321992 0.2883253 0.0637188 0.2417107 0.0000010 0.0557336 0.0761163 0.0595238 0.0695355 0.2497310 0.0694087 0.0733394 0.0798719 0.5816070 0.0759104 0.2444252 0.0614664 0.2493107 0.0596217 0.0760937 0.0738877 0.0654794 0.0636322 0.1284405 0.2480331 0.0824284 0.2565169 0.0752665 0.2493107 0.0576589 0.0823749 0.0594399 0.0962589 0.2396183 0.2503833 0.0736533 0.2778509 0.0965786 0.0929752 0.1919765 0.2597284 0.2485781 0.1064859 0.0636137 0.2510219 0.2505392 0.0543398 0.0959169 0.1172677 0.1100575 0.0634946 0.2385450 0.0657000 0.2400340 0.2024449 0.0789989 
Eutrochium_fistulosum_SRR9119106           0.1867478 0.2428719 0.2912019 0.1281010 0.1727571 0.2611252 0.0000000 0.4906529 0.3042116 0.2647331 0.2892530 0.2717862 0.2932909 0.3005581 0.1793419 0.1918852 0.2888229 0.2782491 0.3026874 0.2952662 0.7076121 0.3079381 0.3541236 0.1890998 0.1800873 0.3006748 0.1841908 0.2995024 0.2751606 0.2636761 0.1764888 0.1827127 0.3084502 0.1881731 1.0564323 0.2864331 0.2952165 0.2976291 0.2920365 0.1876157 0.2998453 0.2976584 0.3032865 0.5695598 0.3002697 0.1979897 0.2945463 0.1846852 0.2932991 0.2965125 0.2760328 0.2912736 0.2976848 0.3141008 0.1895058 0.2965948 0.2056391 0.2898959 0.1896834 0.2951049 0.2962644 0.2024565 0.3133666 0.1421341 0.1967730 0.2772142 0.2249754 0.3302353 0.3144625 0.3234901 0.1800722 0.1877304 0.2716126 0.2889910 0.1833808 0.1841065 0.1998453 0.3283268 0.3124504 0.2711961 0.2945029 0.1913963 0.2959523 0.1676708 0.2417035 0.3065614 
Galeana_pratensis_104_mex                  0.5092174 0.3158901 0.5426987 0.5076549 0.4515712 0.4557370 0.4906529 0.0000000 0.5716144 0.4979541 0.5274336 0.5271566 0.5080057 0.5243013 0.4552782 0.4421688 0.5170859 0.4570792 0.5169350 0.5248981 0.6462614 0.5128065 0.3276224 0.4568957 0.4667098 0.5233342 0.4455381 0.5211362 0.5118371 0.4951457 0.3227920 0.5424490 0.5249239 0.4996818 0.0000010 0.5166791 0.5352949 0.5171972 0.5206605 0.4606240 0.5234551 0.5244876 0.5372607 0.5143043 0.5304277 0.4704683 0.5200604 0.4473372 0.5145041 0.5302739 0.5454101 0.5212595 0.5279324 0.5397560 0.4696826 0.5256594 0.4395925 0.4666360 0.4547775 0.5216967 0.4410045 0.4152912 0.5307552 0.2605770 0.4724739 0.5146605 0.5173833 0.5220149 0.5420511 0.3566780 0.4599776 0.4576386 0.5077674 0.5229925 0.4508766 0.4570160 0.4116078 0.5151993 0.5203602 0.5395146 0.5217510 0.4645046 0.5230201 0.4697020 0.4037944 0.4556502 
Helianthus_annuus_SRR9119062               0.3115747 0.2813770 0.2255644 0.3050832 0.2667930 0.2068785 0.3042116 0.5716144 0.0000000 0.2106153 0.2112695 0.2217406 0.2008100 0.2442543 0.3067210 0.2949474 0.2001082 0.2972974 0.2133763 0.2107864 0.6397555 0.2137163 0.3528804 0.3196552 0.3169070 0.2057778 0.3027454 0.2014022 0.2031852 0.2957040 0.2601094 0.3663672 0.2053168 0.3034384 0.1338132 0.2073525 0.2298913 0.2056884 0.1961932 0.3147626 0.2051915 0.2077022 0.2220706 0.5874180 0.2245600 0.3138520 0.2025399 0.3017052 0.2051403 0.2256710 0.2263658 0.2096712 0.2027270 0.2178298 0.3196491 0.2202963 0.3287737 0.2095693 0.3143952 0.2073408 0.2180186 0.1928143 0.2246050 0.3079192 0.3294516 0.2029308 0.3440633 0.2384939 0.2169693 0.3591445 0.2996332 0.3167783 0.2140221 0.2126629 0.3193036 0.3084926 0.1843625 0.2395352 0.2247223 0.2178482 0.2072790 0.3058262 0.2049083 0.3150581 0.2923918 0.2024092 
Lycapsus_tenuifolius_17                    0.2255524 0.2819037 0.1205505 0.3046411 0.2362037 0.1121303 0.2647331 0.4979541 0.2106153 0.0000000 0.1164572 0.1269760 0.1151412 0.1717408 0.2665838 0.2776517 0.1161711 0.3079763 0.1279102 0.1258723 0.6249195 0.1340404 0.2167000 0.2689970 0.2418922 0.1237215 0.2572330 0.1012254 0.1116992 0.3497680 0.2265453 0.2713797 0.1315293 0.2567520 0.0849534 0.1176572 0.1157555 0.1239494 0.1280416 0.2536338 0.1197904 0.1221060 0.1197905 0.5946405 0.1199124 0.2175836 0.1209059 0.2436500 0.1145578 0.1198178 0.1293418 0.1201210 0.1198887 0.1159527 0.2668102 0.1263240 0.2550347 0.1486808 0.2684521 0.1220878 0.1438320 0.1035620 0.1375580 0.2533940 0.2697806 0.1142994 0.2549987 0.1494877 0.1435370 0.2289847 0.2465898 0.2711076 0.0123675 0.1221704 0.2459959 0.2606217 0.1056477 0.1444187 0.1726249 0.1600002 0.1265068 0.2322447 0.1199213 0.2411939 0.2162415 0.1420040 
Pericome_caudata_50_silver                 0.2467329 0.2805396 0.0848841 0.3057924 0.2354301 0.0782316 0.2892530 0.5274336 0.2112695 0.1164572 0.0000000 0.0917113 0.0627958 0.1149127 0.2947560 0.2879046 0.0649823 0.2980478 0.0815740 0.0725028 0.6457648 0.0675372 0.2000734 0.2782335 0.2648526 0.0674461 0.2787007 0.0950727 0.0504120 0.3611170 0.2494321 0.3025284 0.0958782 0.2745505 0.0649662 0.0683718 0.0763978 0.0687033 0.0878344 0.2720053 0.0684484 0.0741846 0.0748811 0.6055955 0.0713697 0.2238665 0.0683596 0.2601357 0.0629619 0.0748511 0.0939258 0.0705746 0.0707753 0.1096256 0.2840906 0.0668294 0.2613861 0.0836119 0.2760743 0.0682851 0.0898768 0.0772148 0.0751439 0.2426969 0.2759675 0.0515874 0.2893890 0.0666254 0.0623153 0.2057552 0.2626897 0.2774151 0.1298197 0.0706912 0.2657594 0.2740921 0.0651155 0.0674074 0.1301849 0.1111417 0.0745607 0.2721768 0.0696478 0.2565086 0.2246860 0.0973738 
Perityle_aglossa_84_dead_horse             0.2168540 0.2721026 0.1067800 0.3153447 0.2177897 0.0654424 0.2717862 0.5271566 0.2217406 0.1269760 0.0917113 0.0000000 0.0422986 0.0958444 0.2538894 0.2610293 0.0422645 0.3203195 0.1062759 0.0521989 0.6112330 0.0423265 0.1484515 0.2307015 0.2185249 0.0476267 0.2390486 0.1318478 0.0865267 0.3346865 0.2320282 0.2492153 0.1184450 0.2384000 0.0147545 0.0992658 0.1205618 0.0425102 0.1239827 0.2386644 0.0506694 0.0527423 0.1194899 0.5725718 0.1220681 0.2053414 0.0464121 0.2220855 0.0401838 0.1194354 0.0261308 0.0508161 0.0475305 0.1456392 0.2402209 0.0998416 0.2443210 0.0867829 0.2327871 0.0474488 0.0884446 0.0641997 0.1074198 0.2315827 0.2300672 0.0889593 0.2280937 0.1249405 0.1158317 0.1743440 0.2257618 0.2313524 0.1401417 0.0474781 0.2098878 0.2309320 0.0192257 0.1189340 0.1642872 0.1141050 0.0445853 0.2429860 0.0464960 0.2273082 0.2110427 0.1011931 
Perityle_ajoensis_204                      0.2423974 0.2692621 0.0728600 0.3268515 0.2441612 0.0597695 0.2932909 0.5080057 0.2008100 0.1151412 0.0627958 0.0422986 0.0000000 0.0622783 0.2894909 0.2919745 0.0088285 0.3076726 0.0865184 0.0189530 0.6345567 0.0142617 0.1432019 0.2683991 0.2600817 0.0157846 0.2676572 0.1070149 0.0515688 0.3493959 0.2246820 0.2851036 0.0955850 0.2592735 0.0048784 0.0705848 0.0899389 0.0131385 0.0925815 0.2716758 0.0167894 0.0187805 0.0895919 0.5649789 0.0885902 0.2172051 0.0127849 0.2506185 0.0100725 0.0907245 0.0412541 0.0188336 0.0137991 0.1155908 0.2753131 0.0679960 0.2553682 0.0850115 0.2707036 0.0137760 0.0868208 0.0595753 0.0728504 0.2242445 0.2706430 0.0538725 0.2744452 0.0923073 0.0841687 0.1703911 0.2644486 0.2691836 0.1252351 0.0137842 0.2533664 0.2673263 0.0143824 0.0893163 0.1355633 0.0689447 0.0168631 0.2593724 0.0128075 0.2506711 0.2181491 0.0982582 
Perityle_ambrosiifolia_67_green            0.2760276 0.2760378 0.1265303 0.4016775 0.2457699 0.0665464 0.3005581 0.5243013 0.2442543 0.1717408 0.1149127 0.0958444 0.0622783 0.0000000 0.2934588 0.3018415 0.0579447 0.3704249 0.0955600 0.0661973 0.6281645 0.0197306 0.1484081 0.3370256 0.2642199 0.0689921 0.3318761 0.1672652 0.0993931 0.3688342 0.2179373 0.2852627 0.1482796 0.2630346 0.2997810 0.0758641 0.1476586 0.0418293 0.1435119 0.2755449 0.0699723 0.0721267 0.1435142 0.5699952 0.0974020 0.2828557 0.0644052 0.3322370 0.0636818 0.1410557 0.0946449 0.0698458 0.0666950 0.1672601 0.2810911 0.0821754 0.2635051 0.0923350 0.3365370 0.0665768 0.0915389 0.0644294 0.0845527 0.2292118 0.3349661 0.1031724 0.2768500 0.1003719 0.1363779 0.1787859 0.3115006 0.3380850 0.1281166 0.0666192 0.2577563 0.3343439 0.0192955 0.1019827 0.1903312 0.0730843 0.0702899 0.2668298 0.0656182 0.3205650 0.2268774 0.1050127 
Perityle_angustifolia_13_Eagle_creek       0.1275621 0.1958203 0.2972618 0.2449709 0.1242977 0.2426616 0.1793419 0.4552782 0.3067210 0.2665838 0.2947560 0.2538894 0.2894909 0.2934588 0.0000000 0.0415776 0.2868029 0.2664975 0.2938803 0.2891308 0.6738828 0.3046753 0.3941613 0.0161256 0.0960457 0.2952294 0.0511367 0.2948216 0.2750810 0.2724547 0.1754620 0.2146986 0.2982272 0.1539308 0.5247311 0.2723417 0.2941442 0.2915182 0.2966909 0.0312972 0.2985608 0.2965535 0.3106025 0.5614582 0.3072437 0.1717763 0.2923849 0.0174213 0.2853957 0.3103986 0.2649672 0.2870367 0.2949682 0.2982029 0.0215682 0.2943077 0.1109079 0.2822299 0.0174074 0.2923145 0.2658984 0.2316580 0.3126436 0.0446726 0.0263105 0.2810827 0.1161946 0.3163041 0.3061896 0.3545358 0.0675541 0.0199299 0.2797856 0.2870557 0.0179539 0.0086494 0.2274926 0.3181027 0.3083388 0.2284983 0.2878998 0.1414394 0.2895968 0.1565381 0.1409991 0.3212419 
Perityle_batopilensis_97                   0.1284113 0.1950468 0.2977065 0.2507662 0.1204912 0.2449402 0.1918852 0.4421688 0.2949474 0.2776517 0.2879046 0.2610293 0.2919745 0.3018415 0.0415776 0.0000000 0.2893644 0.2483259 0.3043948 0.2968687 0.7026281 0.3057335 0.3389142 0.0378352 0.1149055 0.2959730 0.0649910 0.3003373 0.2819254 0.3051592 0.1712730 0.2180937 0.3068605 0.1486862 0.4297914 0.2727209 0.3043676 0.2939398 0.3040918 0.0280332 0.2952660 0.2953663 0.3128676 0.6062935 0.3096029 0.1854728 0.2928791 0.0416821 0.2914385 0.3159167 0.2715999 0.2895927 0.2972895 0.2975265 0.0424487 0.2951317 0.1036698 0.2734818 0.0404027 0.2964958 0.2761375 0.2258459 0.3115504 0.0513063 0.0506307 0.2858217 0.1340981 0.3216055 0.3129025 0.3275479 0.0637895 0.0429038 0.2985242 0.2949373 0.0390443 0.0404032 0.2147638 0.3207100 0.3104884 0.2290844 0.2938965 0.1361992 0.2936492 0.1500024 0.1493469 0.3209831 
Perityle_bisetosa_9                        0.2400434 0.2693095 0.0739894 0.3281824 0.2417951 0.0595554 0.2888229 0.5170859 0.2001082 0.1161711 0.0649823 0.0422645 0.0088285 0.0579447 0.2868029 0.2893644 0.0000000 0.3035291 0.0837434 0.0139182 0.6274808 0.0116225 0.1381030 0.2678227 0.2595981 0.0128216 0.2682560 0.1056972 0.0537906 0.3469199 0.2282756 0.2865245 0.0943171 0.2604675 0.0048916 0.0675252 0.0898615 0.0076277 0.0913818 0.2690862 0.0137956 0.0157798 0.0895196 0.5690405 0.0872368 0.2184152 0.0098127 0.2519255 0.0080430 0.0906513 0.0401322 0.0178223 0.0127990 0.1154975 0.2765185 0.0691717 0.2546577 0.0846977 0.2701198 0.0127776 0.0865208 0.0617278 0.0715731 0.2278342 0.2700596 0.0561002 0.2734977 0.0921607 0.0828733 0.1740654 0.2623050 0.2686038 0.1220451 0.0127853 0.2565447 0.2667518 0.0119652 0.0879103 0.1330060 0.0645572 0.0158533 0.2610024 0.0118090 0.2500968 0.2196875 0.0962809 
Perityle_californica_76_positas            0.2118544 0.1972105 0.2949175 0.2847958 0.2523424 0.2904343 0.2782491 0.4570792 0.2972974 0.3079763 0.2980478 0.3203195 0.3076726 0.3704249 0.2664975 0.2483259 0.3035291 0.0000000 0.3243271 0.3161533 0.7638917 0.3504153 0.3659396 0.2325279 0.2429514 0.3146770 0.2463965 0.3213012 0.2932129 0.3290145 0.1478622 0.1732338 0.3078475 0.2531646 0.3274374 0.3218200 0.3262672 0.3139398 0.3100009 0.2608918 0.3141932 0.3125766 0.3171013 0.6148560 0.3210122 0.2651365 0.3135388 0.2532534 0.3088399 0.3176001 0.3394265 0.3037555 0.3159175 0.3160652 0.2700331 0.2930834 0.2013882 0.3334621 0.2389581 0.3134058 0.3282730 0.2343838 0.3264486 0.1540459 0.2387174 0.2929240 0.2158857 0.3190995 0.3160197 0.3319021 0.2463789 0.2403102 0.3361683 0.3120169 0.2514260 0.2344675 0.2299147 0.3068268 0.3097168 0.2588984 0.3068517 0.1673462 0.3108653 0.1187851 0.2918666 0.3833488 
Perityle_canescens_77                      0.2559556 0.2804216 0.0796423 0.3441489 0.2568854 0.0715316 0.3026874 0.5169350 0.2133763 0.1279102 0.0815740 0.1062759 0.0865184 0.0955600 0.2938803 0.3043948 0.0837434 0.3243271 0.0000000 0.0893453 0.6768262 0.0968420 0.1827624 0.2950406 0.2725222 0.0919187 0.2994285 0.1240171 0.0655324 0.3644355 0.2229435 0.3025528 0.0916390 0.2845968 0.0643739 0.0779177 0.1067744 0.0878775 0.1044110 0.2990133 0.0931614 0.0958042 0.1008578 0.6065057 0.0978651 0.2494251 0.0876755 0.2929431 0.0877001 0.1008663 0.1137264 0.0915588 0.0905736 0.1295692 0.3067314 0.0842645 0.2705749 0.0826742 0.2926546 0.0915826 0.0986731 0.0493249 0.1018118 0.2312781 0.2962855 0.0682514 0.2827364 0.1073252 0.1087826 0.1874647 0.2856471 0.2961283 0.1367603 0.0917121 0.2774840 0.2939530 0.0593206 0.1094365 0.1384952 0.1142428 0.0923517 0.2624228 0.0891330 0.2683797 0.2277140 0.0962098 
Perityle_castillonii_96                    0.2452970 0.2800342 0.0813354 0.3437727 0.2519250 0.0634575 0.2952662 0.5248981 0.2107864 0.1258723 0.0725028 0.0521989 0.0189530 0.0661973 0.2891308 0.2968687 0.0139182 0.3161533 0.0893453 0.0000000 0.6367237 0.0221716 0.1381030 0.2772188 0.2685056 0.0230704 0.2792291 0.1144663 0.0589083 0.3568196 0.2356381 0.2908803 0.1013349 0.2694042 0.0261009 0.0750495 0.0940831 0.0176066 0.0980390 0.2784410 0.0230323 0.0250567 0.0958856 0.5697758 0.0945105 0.2292293 0.0179255 0.2595397 0.0173837 0.0958922 0.0501323 0.0271842 0.0230291 0.1261291 0.2870750 0.0718163 0.2598972 0.0867297 0.2795965 0.0229899 0.0923064 0.0666495 0.0822588 0.2351890 0.2795323 0.0612573 0.2787429 0.0999175 0.0941598 0.1738117 0.2709383 0.2780429 0.1311728 0.0230040 0.2601207 0.2732570 0.0167955 0.0943614 0.1469466 0.0717532 0.0251716 0.2683937 0.0220173 0.2617350 0.2243056 0.1014229 
Perityle_cernua_84                         0.6735794 0.6194190 0.6389327 0.6706303 0.6746408 0.6030922 0.7076121 0.6462614 0.6397555 0.6249195 0.6457648 0.6112330 0.6345567 0.6281645 0.6738828 0.7026281 0.6274808 0.7638917 0.6768262 0.6367237 0.0000000 0.6451759 0.4670548 0.6893075 0.7031600 0.6465123 0.6844603 0.6474324 0.6569170 0.7028951 0.4539952 0.6726143 0.6921363 0.6759914 0.2438956 0.6575503 0.6871121 0.6369942 0.6630328 0.6896897 0.6325999 0.6336708 0.6783583 0.0986071 0.6769457 0.6882288 0.6377395 0.6820785 0.6250004 0.6807329 0.6205399 0.6323410 0.6351316 0.6754273 0.6865917 0.6762043 0.6732119 0.6412414 0.6826630 0.6314641 0.6493049 0.5198019 0.6741520 0.4087248 0.6651891 0.6641615 0.6064801 0.6658522 0.6716453 0.4278868 0.6818320 0.6865754 0.6366442 0.6281548 0.6717987 0.6896377 0.4918488 0.6666318 0.7223019 0.6376670 0.6320361 0.6145598 0.6336286 0.6579626 0.6600458 0.6589936 
Perityle_cfvillosa_25_tin                  0.2617934 0.2801810 0.0861140 0.3534640 0.2547946 0.0655679 0.3079381 0.5128065 0.2137163 0.1340404 0.0675372 0.0423265 0.0142617 0.0197306 0.3046753 0.3057335 0.0116225 0.3504153 0.0968420 0.0221716 0.6451759 0.0000000 0.1432578 0.3066666 0.2814219 0.0195437 0.3006634 0.1199170 0.0616560 0.3432710 0.2322605 0.3190945 0.1089343 0.2783050 0.0000010 0.0781478 0.1024272 0.0155774 0.1097063 0.2957170 0.0194979 0.0221354 0.1034465 0.5704013 0.1001969 0.2699678 0.0155402 0.3041244 0.0129357 0.1020607 0.0384256 0.0247711 0.0103171 0.1229412 0.2972752 0.0819920 0.2601771 0.0890026 0.3037874 0.0116317 0.0925160 0.0719456 0.0791134 0.2318142 0.3053595 0.0662028 0.3014554 0.1010923 0.0904906 0.1781274 0.2921695 0.3054405 0.1349784 0.0155581 0.2791514 0.3048033 0.0216890 0.1051087 0.1510719 0.0823431 0.0169854 0.2668375 0.0116227 0.2704306 0.2240792 0.0999764 
Perityle_cinerea_113_Powell1310            0.3381009 0.3510597 0.2405553 0.3624777 0.3962650 0.1805837 0.3541236 0.3276224 0.3528804 0.2167000 0.2000734 0.1484515 0.1432019 0.1484081 0.3941613 0.3389142 0.1381030 0.3659396 0.1827624 0.1381030 0.4670548 0.1432578 0.0000000 0.3888289 0.3628096 0.1435027 0.3540332 0.2755726 0.1826683 0.3036779 0.2710343 0.4628457 0.1861852 0.3122132 0.0000010 0.1922390 0.2189350 0.1430032 0.1916983 0.3860655 0.1482242 0.1482820 0.2122874 0.4752494 0.2180720 0.3811680 0.1430032 0.3844281 0.1537268 0.2238926 0.1448134 0.1587007 0.1432019 0.2788332 0.3872714 0.1823142 0.3757267 0.1853693 0.3917072 0.1432578 0.2276571 0.1841535 0.2310081 0.3561936 0.3877639 0.1876313 0.5195380 0.2210201 0.2203140 0.0489257 0.3245222 0.3814535 0.2205442 0.1534618 0.3888289 0.3949782 0.1127684 0.2069683 0.2355625 0.1484129 0.1533839 0.3944902 0.1537268 0.3314375 0.3643386 0.2084641 
Perityle_coahuilensis_24                   0.1227953 0.1955211 0.2770415 0.2552008 0.1274093 0.2485882 0.1890998 0.4568957 0.3196552 0.2689970 0.2782335 0.2307015 0.2683991 0.3370256 0.0161256 0.0378352 0.2678227 0.2325279 0.2950406 0.2772188 0.6893075 0.3066666 0.3888289 0.0000000 0.1068325 0.2733248 0.0634904 0.2895857 0.2637268 0.3029458 0.1762201 0.2103058 0.2964050 0.1489142 0.3050385 0.2724974 0.2900970 0.2826941 0.2813963 0.0379656 0.2743219 0.2742431 0.2946791 0.5863172 0.2978166 0.1842803 0.2755574 0.0268821 0.2722868 0.2960298 0.2573586 0.2682582 0.2758273 0.2936481 0.0177601 0.2754029 0.1030437 0.2835042 0.0099903 0.2754227 0.2785114 0.2391712 0.2993711 0.0389661 0.0181072 0.2686122 0.1225029 0.3164353 0.2900167 0.3608111 0.0711873 0.0089836 0.2863380 0.2724441 0.0088605 0.0120089 0.2283769 0.3095421 0.2936589 0.2221804 0.2760315 0.1417561 0.2731227 0.1489931 0.1389534 0.3271456 
Perityle_cochisensis_44_cave_creek         0.1206707 0.1703199 0.2516735 0.1941712 0.1293866 0.2436070 0.1800873 0.4667098 0.3169070 0.2418922 0.2648526 0.2185249 0.2600817 0.2642199 0.0960457 0.1149055 0.2595981 0.2429514 0.2725222 0.2685056 0.7031600 0.2814219 0.3628096 0.1068325 0.0000000 0.2682948 0.1027077 0.2757404 0.2536559 0.2272019 0.1620752 0.1967918 0.2757181 0.1533299 1.0633905 0.2661051 0.2753314 0.2696014 0.2646943 0.1041372 0.2634670 0.2634188 0.2732686 0.5573860 0.2706403 0.1452107 0.2610447 0.1115789 0.2568905 0.2730125 0.2255839 0.2507861 0.2617481 0.2741854 0.1094469 0.2697567 0.0851799 0.2845240 0.1042785 0.2652376 0.2652539 0.2257452 0.2859752 0.1021544 0.1085904 0.2571283 0.1207319 0.2957999 0.2865483 0.3257589 0.1051369 0.1070404 0.2377183 0.2580103 0.1064107 0.0998810 0.2220694 0.2888200 0.2753639 0.1969305 0.2658007 0.1327929 0.2588144 0.1580159 0.1679047 0.2918695 
Perityle_congesta_202                      0.2484829 0.2775344 0.0811546 0.3312501 0.2516431 0.0617771 0.3006748 0.5233342 0.2057778 0.1237215 0.0674461 0.0476267 0.0157846 0.0689921 0.2952294 0.2959730 0.0128216 0.3146770 0.0919187 0.0230704 0.6465123 0.0195437 0.1435027 0.2733248 0.2682948 0.0000000 0.2782836 0.1108334 0.0608463 0.3537952 0.2363452 0.2937069 0.1005055 0.2675538 0.0098072 0.0751775 0.0937395 0.0153837 0.1008009 0.2775649 0.0208537 0.0228592 0.0977097 0.5846640 0.0960946 0.2248653 0.0148158 0.2568369 0.0141643 0.0988589 0.0457077 0.0249459 0.0198431 0.1192155 0.2827868 0.0758930 0.2633270 0.0892166 0.2784923 0.0157917 0.0926170 0.0646310 0.0788950 0.2358938 0.2784290 0.0631884 0.2797544 0.0990250 0.0923488 0.1822523 0.2728710 0.2769530 0.1313283 0.0198216 0.2633098 0.2750640 0.0119859 0.0971249 0.1433979 0.0721337 0.0229664 0.2727347 0.0168398 0.2616159 0.2265228 0.1033318 
Perityle_cordifolia_27                     0.1229073 0.1867229 0.2728223 0.2671358 0.1307847 0.2433055 0.1841908 0.4455381 0.3027454 0.2572330 0.2787007 0.2390486 0.2676572 0.3318761 0.0511367 0.0649910 0.2682560 0.2463965 0.2994285 0.2792291 0.6844603 0.3006634 0.3540332 0.0634904 0.1027077 0.2782836 0.0000000 0.2866196 0.2634993 0.3054963 0.1758586 0.2090757 0.2982031 0.1504240 0.3411327 0.2711971 0.2759772 0.2800520 0.2935852 0.0578197 0.2747745 0.2746952 0.2882355 0.5694471 0.2895214 0.1862467 0.2760427 0.0772478 0.2726063 0.2895811 0.2540242 0.2700725 0.2749434 0.2848414 0.0525033 0.2846818 0.1109685 0.2856790 0.0657846 0.2772777 0.2691703 0.2355725 0.2938196 0.0448136 0.0735336 0.2667584 0.1162230 0.3108538 0.2845972 0.3467100 0.0809603 0.0657423 0.2747903 0.2729084 0.0484146 0.0646929 0.2219780 0.3017001 0.2872222 0.2193364 0.2765228 0.1416647 0.2735925 0.1583344 0.1484259 0.3163867 
Perityle_cordifolia_68_tecolote            0.2525253 0.2827522 0.1062631 0.3488363 0.2583982 0.1224780 0.2995024 0.5211362 0.2014022 0.1012254 0.0950727 0.1318478 0.1070149 0.1672652 0.2948216 0.3003373 0.1056972 0.3213012 0.1240171 0.1144663 0.6474324 0.1199170 0.2755726 0.2895857 0.2757404 0.1108334 0.2866196 0.0000000 0.0956989 0.3894610 0.2486086 0.2928556 0.1331908 0.2832701 0.0832712 0.1126019 0.1286955 0.1153193 0.1268219 0.2942914 0.1120031 0.1157052 0.1258349 0.5979085 0.1278771 0.2278352 0.1105593 0.2602692 0.1080927 0.1244924 0.1350335 0.1104932 0.1119901 0.0611505 0.3021813 0.1181052 0.2743568 0.1555990 0.2890641 0.1117052 0.1365954 0.1080754 0.1283979 0.2515067 0.2889477 0.0983765 0.2970391 0.1216809 0.1263282 0.2556542 0.2739363 0.2919142 0.1072271 0.1131097 0.2739530 0.2852997 0.1184622 0.1270363 0.1707116 0.1740498 0.1150121 0.2583503 0.1094454 0.2572420 0.2152431 0.1318893 
Perityle_coronopifolia_28_patagonia        0.2423900 0.2839907 0.0632991 0.3025941 0.2281569 0.0697371 0.2751606 0.5118371 0.2031852 0.1116992 0.0504120 0.0865267 0.0515688 0.0993931 0.2750810 0.2819254 0.0537906 0.2932129 0.0655324 0.0589083 0.6569170 0.0616560 0.1826683 0.2637268 0.2536559 0.0608463 0.2634993 0.0956989 0.0000000 0.3482846 0.2286353 0.2885895 0.0859864 0.2530892 0.0496498 0.0604741 0.0816608 0.0579020 0.0728308 0.2595672 0.0607293 0.0630073 0.0762716 0.6005914 0.0704276 0.2271720 0.0583503 0.2533690 0.0541546 0.0750583 0.0866406 0.0585602 0.0573254 0.1101128 0.2701574 0.0386239 0.2602597 0.0851349 0.2647752 0.0572054 0.0855876 0.0519511 0.0730794 0.2241151 0.2630377 0.0063369 0.2755471 0.0820079 0.0765400 0.1959020 0.2584299 0.2645041 0.1201938 0.0595298 0.2502253 0.2611698 0.0493384 0.0800500 0.1182721 0.0954435 0.0622335 0.2537674 0.0584654 0.2597778 0.2199012 0.0876669 
Perityle_crassifolia_70_ventanas           0.2150647 0.2499795 0.3614452 0.3864195 0.2253110 0.2835908 0.2636761 0.4951457 0.2957040 0.3497680 0.3611170 0.3346865 0.3493959 0.3688342 0.2724547 0.3051592 0.3469199 0.3290145 0.3644355 0.3568196 0.7028951 0.3432710 0.3036779 0.3029458 0.2272019 0.3537952 0.3054963 0.3894610 0.3482846 0.0000000 0.0221258 0.2248182 0.3740560 0.2309329 0.7887312 0.3127507 0.3537422 0.3460552 0.3728933 0.2540586 0.3547830 0.3549152 0.3838371 0.6283991 0.3780857 0.2881282 0.3452405 0.3044793 0.3473890 0.3835521 0.3402436 0.3529066 0.3589880 0.3932452 0.2664157 0.3535570 0.2107750 0.3052964 0.3074161 0.3505962 0.3126406 0.2216673 0.3809248 0.1770290 0.3163539 0.3418703 0.2127907 0.3755684 0.3744859 0.2967052 0.2912445 0.3072377 0.3237722 0.3490168 0.2260561 0.3019944 0.2204968 0.3847300 0.3876723 0.2571415 0.3523927 0.1732614 0.3516622 0.2368278 0.2843762 0.4091521 
Perityle_crassifolia_74_playa_balandra     0.1318404 0.1653354 0.2453080 0.2159648 0.1407345 0.2321992 0.1764888 0.3227920 0.2601094 0.2265453 0.2494321 0.2320282 0.2246820 0.2179373 0.1754620 0.1712730 0.2282756 0.1478622 0.2229435 0.2356381 0.4539952 0.2322605 0.2710343 0.1762201 0.1620752 0.2363452 0.1758586 0.2486086 0.2286353 0.0221258 0.0000000 0.2271201 0.2262166 0.1375643 0.0000010 0.2274488 0.2404632 0.2282756 0.2310843 0.1752975 0.2400070 0.2365511 0.2485187 0.4564086 0.2450285 0.1756475 0.2282756 0.1692244 0.2252024 0.2497634 0.2392587 0.2287894 0.2325452 0.2459235 0.1794225 0.2431611 0.1775435 0.2428732 0.1769299 0.2284830 0.2182631 0.2314894 0.2709740 0.1864174 0.1831098 0.2280933 0.2414196 0.2460882 0.2513737 0.2889742 0.1623258 0.1758563 0.2300246 0.2212694 0.1798034 0.1796173 0.2360905 0.2366282 0.2349173 0.2395559 0.2285989 0.1620485 0.2252024 0.1459658 0.1762162 0.2486884 
Perityle_cuneata_34_cuneata_San_antonio    0.1915062 0.2236220 0.2970743 0.2107050 0.2118359 0.2883253 0.1827127 0.5424490 0.3663672 0.2713797 0.3025284 0.2492153 0.2851036 0.2852627 0.2146986 0.2180937 0.2865245 0.1732338 0.3025528 0.2908803 0.6726143 0.3190945 0.4628457 0.2103058 0.1967918 0.2937069 0.2090757 0.2928556 0.2885895 0.2248182 0.2271201 0.0000000 0.3037926 0.2167078 0.0000010 0.3039707 0.3111537 0.2954586 0.2936433 0.2078424 0.2918955 0.2918246 0.3127630 0.5951066 0.3106794 0.2001353 0.2886092 0.2242423 0.2821748 0.3061798 0.2579685 0.2802424 0.2916525 0.3078382 0.2153197 0.3070438 0.2503988 0.3252380 0.2167270 0.2870807 0.2998526 0.2850545 0.2926202 0.2465391 0.2169525 0.2905754 0.1732506 0.3204553 0.3245282 0.4346156 0.2048925 0.2142602 0.2662036 0.2823404 0.2145433 0.2123203 0.2853786 0.3088142 0.2877764 0.2908177 0.2888046 0.2030863 0.2900134 0.1145157 0.2258473 0.3288466 
Perityle_cuneata_4                         0.2474639 0.2917698 0.0988241 0.3404917 0.2590654 0.0637188 0.3084502 0.5249239 0.2053168 0.1315293 0.0958782 0.1184450 0.0955850 0.1482796 0.2982272 0.3068605 0.0943171 0.3078475 0.0916390 0.1013349 0.6921363 0.1089343 0.1861852 0.2964050 0.2757181 0.1005055 0.2982031 0.1331908 0.0859864 0.3740560 0.2262166 0.3037926 0.0000000 0.2823039 0.1159809 0.0748530 0.0947435 0.0995573 0.1052710 0.2887279 0.1028484 0.1051873 0.0988998 0.6126724 0.0946894 0.2308479 0.0990311 0.2697717 0.0954749 0.0987979 0.1237416 0.1024692 0.0992617 0.1354768 0.3046333 0.0985559 0.2587404 0.0830123 0.2942821 0.1001485 0.1004803 0.0688087 0.1126730 0.2229013 0.2971689 0.0885707 0.2759003 0.1147697 0.1125670 0.2068768 0.2842383 0.2988307 0.1404640 0.1003168 0.2749753 0.2924275 0.0594335 0.1160928 0.1614283 0.1209257 0.1009092 0.2567218 0.0979821 0.2618551 0.2217933 0.1096029 
Perityle_discoidea_81                      0.1607172 0.1899744 0.2690619 0.2219629 0.1394010 0.2417107 0.1881731 0.4996818 0.3034384 0.2567520 0.2745505 0.2384000 0.2592735 0.2630346 0.1539308 0.1486862 0.2604675 0.2531646 0.2845968 0.2694042 0.6759914 0.2783050 0.3122132 0.1489142 0.1533299 0.2675538 0.1504240 0.2832701 0.2530892 0.2309329 0.1375643 0.2167078 0.2823039 0.0000000 0.0000010 0.2758468 0.2807067 0.2686682 0.2664803 0.1462530 0.2627662 0.2594072 0.2786165 0.5712358 0.2759446 0.1700347 0.2603404 0.1508238 0.2540692 0.2741979 0.2372952 0.2517977 0.2625792 0.2812779 0.1459192 0.2714630 0.1576147 0.2548781 0.1507798 0.2607356 0.2559894 0.2130003 0.2796297 0.1252790 0.1553127 0.2549529 0.1943247 0.2947377 0.2797653 0.3346174 0.1526048 0.1506777 0.2692165 0.2553815 0.1500934 0.1534749 0.2083795 0.2838177 0.2864305 0.2413672 0.2631454 0.1689565 0.2634407 0.1738458 0.2138112 0.2770333 
Perityle_dissecta_201                      0.1425004 0.0827815 0.0626319 0.4751375 0.4769626 0.0000010 1.0564323 0.0000010 0.1338132 0.0849534 0.0649662 0.0147545 0.0048784 0.2997810 0.5247311 0.4297914 0.0048916 0.3274374 0.0643739 0.0261009 0.2438956 0.0000010 0.0000010 0.3050385 1.0633905 0.0098072 0.3411327 0.0832712 0.0496498 0.7887312 0.0000010 0.0000010 0.1159809 0.0000010 0.0000000 0.1288059 0.0839520 0.0190688 0.1428534 0.5761267 0.0197820 0.0197688 0.0842972 0.8206353 0.1017733 0.0682522 0.0148046 0.1925698 0.0097678 0.0956636 0.0101694 0.0097706 0.0147845 0.1010246 0.7865280 0.0349167 0.0000010 0.0000010 0.3283642 0.0147100 0.0000010 0.0000010 0.0676658 0.0000010 0.3221004 0.0499315 0.0000010 0.0807626 0.1041274 0.0000010 0.2936102 0.3132352 0.1408971 0.0147134 0.0000010 0.3066551 0.0000010 0.0730699 0.2029321 0.0000010 0.0147158 0.0000010 0.0048639 0.2679611 0.1288059 0.1547084 
Perityle_emoryi_47_punta_san_jose          0.2490234 0.2680824 0.0854141 0.2935007 0.2366428 0.0557336 0.2864331 0.5166791 0.2073525 0.1176572 0.0683718 0.0992658 0.0705848 0.0758641 0.2723417 0.2727209 0.0675252 0.3218200 0.0779177 0.0750495 0.6575503 0.0781478 0.1922390 0.2724974 0.2661051 0.0751775 0.2711971 0.1126019 0.0604741 0.3127507 0.2274488 0.3039707 0.0748530 0.2758468 0.1288059 0.0000000 0.0862635 0.0675678 0.0734842 0.2740016 0.0750090 0.0795013 0.0832390 0.5781417 0.0829568 0.2603088 0.0674784 0.2717172 0.0705110 0.0832375 0.1077607 0.0778179 0.0720919 0.1233953 0.2707009 0.0792981 0.2558886 0.0766740 0.2714142 0.0749074 0.0828560 0.0566763 0.0919831 0.2121777 0.2729090 0.0634510 0.2863683 0.1061925 0.0950369 0.1953456 0.2719332 0.2733017 0.1200506 0.0750271 0.2656685 0.2686184 0.0518755 0.1101694 0.1204207 0.1063107 0.0756071 0.2559917 0.0751140 0.2540836 0.1982812 0.0804544 
Perityle_feddemae_99                       0.2595405 0.2910346 0.0915265 0.3169565 0.2484778 0.0761163 0.2952165 0.5352949 0.2298913 0.1157555 0.0763978 0.1205618 0.0899389 0.1476586 0.2941442 0.3043676 0.0898615 0.3262672 0.1067744 0.0940831 0.6871121 0.1024272 0.2189350 0.2900970 0.2753314 0.0937395 0.2759772 0.1286955 0.0816608 0.3537422 0.2404632 0.3111537 0.0947435 0.2807067 0.0839520 0.0862635 0.0000000 0.0975618 0.0869601 0.2808554 0.0971835 0.0983764 0.0170719 0.6136626 0.0162045 0.2326094 0.0885287 0.2650558 0.0887942 0.0170768 0.1236798 0.0949827 0.0886043 0.1300260 0.2797700 0.0939334 0.2763686 0.0961695 0.2895779 0.0946342 0.1053093 0.0903102 0.1053296 0.2445908 0.2904032 0.0828944 0.2833116 0.1048110 0.0932800 0.2244091 0.2859790 0.2905163 0.1180694 0.0934806 0.2788503 0.2841467 0.0750555 0.1043549 0.1255518 0.1326528 0.0977052 0.2799702 0.0911627 0.2756618 0.2222217 0.0906333 
Perityle_fosteri_93                        0.2527036 0.2773948 0.0789037 0.3539868 0.2507652 0.0595238 0.2976291 0.5171972 0.2056884 0.1239494 0.0687033 0.0425102 0.0131385 0.0418293 0.2915182 0.2939398 0.0076277 0.3139398 0.0878775 0.0176066 0.6369942 0.0155774 0.1430032 0.2826941 0.2696014 0.0153837 0.2800520 0.1153193 0.0579020 0.3460552 0.2282756 0.2954586 0.0995573 0.2686682 0.0190688 0.0675678 0.0975618 0.0000000 0.0924064 0.2844657 0.0187077 0.0209285 0.0978728 0.5739752 0.0922726 0.2302426 0.0087271 0.2727461 0.0131260 0.0991457 0.0473816 0.0231236 0.0175900 0.1246642 0.2919039 0.0766476 0.2569767 0.0846506 0.2853574 0.0164347 0.0884643 0.0617278 0.0753284 0.2278342 0.2852842 0.0617939 0.2822691 0.0921529 0.0905149 0.1740654 0.2740160 0.2836269 0.1285636 0.0164549 0.2690619 0.2799579 0.0119652 0.0941422 0.1411253 0.0701294 0.0176666 0.2657578 0.0153580 0.2549350 0.2218063 0.0999026 
Perityle_gamon_221                         0.2457335 0.2729132 0.0895694 0.3245092 0.2619105 0.0695355 0.2920365 0.5206605 0.1961932 0.1280416 0.0878344 0.1239827 0.0925815 0.1435119 0.2966909 0.3040918 0.0913818 0.3100009 0.1044110 0.0980390 0.6630328 0.1097063 0.1916983 0.2813963 0.2646943 0.1008009 0.2935852 0.1268219 0.0728308 0.3728933 0.2310843 0.2936433 0.1052710 0.2664803 0.1428534 0.0734842 0.0869601 0.0924064 0.0000000 0.2867499 0.0995169 0.1006477 0.0909861 0.5925899 0.0900431 0.2164067 0.0924568 0.2606908 0.0938971 0.0897543 0.1273052 0.0962629 0.0983413 0.1402669 0.2926915 0.0908177 0.2583821 0.0770549 0.2822927 0.0981621 0.0970074 0.0688685 0.1060189 0.2272681 0.2837301 0.0752280 0.2749299 0.1080175 0.1111708 0.2153136 0.2819149 0.2834244 0.1339488 0.0982264 0.2605504 0.2787874 0.0594644 0.1062259 0.1383226 0.1104008 0.0999170 0.2667335 0.0972175 0.2658889 0.2077607 0.1087705 
Perityle_gentryi_8_san_francisco           0.1264573 0.1912327 0.2787867 0.2182777 0.1163605 0.2497310 0.1876157 0.4606240 0.3147626 0.2536338 0.2720053 0.2386644 0.2716758 0.2755449 0.0312972 0.0280332 0.2690862 0.2608918 0.2990133 0.2784410 0.6896897 0.2957170 0.3860655 0.0379656 0.1041372 0.2775649 0.0578197 0.2942914 0.2595672 0.2540586 0.1752975 0.2078424 0.2887279 0.1462530 0.5761267 0.2740016 0.2808554 0.2844657 0.2867499 0.0000000 0.2786505 0.2767006 0.2872690 0.5746928 0.2863016 0.1605001 0.2723783 0.0406861 0.2676843 0.2908387 0.2458130 0.2676085 0.2730516 0.2851009 0.0380028 0.2786414 0.1126330 0.2815443 0.0393268 0.2744821 0.2630040 0.2286741 0.2919164 0.0593349 0.0458788 0.2631751 0.1222839 0.2983480 0.2904312 0.3642297 0.0643995 0.0419415 0.2651501 0.2693182 0.0406355 0.0328195 0.2272977 0.3001311 0.2890920 0.2219214 0.2700139 0.1430786 0.2717731 0.1499553 0.1518243 0.3141386 
Perityle_gilensis_22_Superstition          0.2477363 0.2834190 0.0798580 0.3263647 0.2524714 0.0694087 0.2998453 0.5234551 0.2051915 0.1197904 0.0684484 0.0506694 0.0167894 0.0699723 0.2985608 0.2952660 0.0137956 0.3141932 0.0931614 0.0230323 0.6325999 0.0194979 0.1482242 0.2743219 0.2634670 0.0208537 0.2747745 0.1120031 0.0607293 0.3547830 0.2400070 0.2918955 0.1028484 0.2627662 0.0197820 0.0750090 0.0971835 0.0187077 0.0995169 0.2786505 0.0000000 0.0058787 0.0953056 0.5752598 0.0959722 0.2243369 0.0177830 0.2567658 0.0172228 0.0975900 0.0500418 0.0238866 0.0198107 0.1190900 0.2857928 0.0797868 0.2591785 0.0950972 0.2766623 0.0207817 0.0924538 0.0717759 0.0775606 0.2395743 0.2765997 0.0630666 0.2864683 0.1013611 0.0887767 0.1817243 0.2689900 0.2737632 0.1294068 0.0207942 0.2623930 0.2732478 0.0217034 0.0982867 0.1405864 0.0661029 0.0239434 0.2679931 0.0198161 0.2588145 0.2260216 0.1099429 
Perityle_gilensis_salensis_225             0.2476906 0.2810154 0.0821237 0.3281198 0.2490587 0.0733394 0.2976584 0.5244876 0.2077022 0.1221060 0.0741846 0.0527423 0.0187805 0.0721267 0.2965535 0.2953663 0.0157798 0.3125766 0.0958042 0.0250567 0.6336708 0.0221354 0.1482820 0.2742431 0.2634188 0.0228592 0.2746952 0.1157052 0.0630073 0.3549152 0.2365511 0.2918246 0.1051873 0.2594072 0.0197688 0.0795013 0.0983764 0.0209285 0.1006477 0.2767006 0.0058787 0.0000000 0.0964220 0.5752598 0.0959536 0.2229686 0.0197756 0.2566889 0.0192658 0.0987098 0.0522193 0.0258993 0.0218103 0.1238164 0.2839121 0.0797708 0.2593100 0.0992299 0.2765825 0.0227802 0.0963067 0.0743210 0.0798537 0.2361205 0.2765199 0.0653518 0.2863941 0.1039008 0.0945781 0.1817757 0.2689084 0.2750491 0.1307801 0.0227940 0.2623442 0.2731694 0.0241640 0.1020957 0.1429406 0.0689526 0.0259609 0.2683743 0.0218162 0.2604281 0.2282434 0.1115924 
Perityle_glaucescens_94                    0.2593665 0.2888184 0.0911330 0.3287671 0.2564116 0.0798719 0.3032865 0.5372607 0.2220706 0.1197905 0.0748811 0.1194899 0.0895919 0.1435142 0.3106025 0.3128676 0.0895196 0.3171013 0.1008578 0.0958856 0.6783583 0.1034465 0.2122874 0.2946791 0.2732686 0.0977097 0.2882355 0.1258349 0.0762716 0.3838371 0.2485187 0.3127630 0.0988998 0.2786165 0.0842972 0.0832390 0.0170719 0.0978728 0.0909861 0.2872690 0.0953056 0.0964220 0.0000000 0.6277332 0.0042685 0.2273304 0.0928113 0.2778896 0.0908176 0.0099210 0.1223822 0.0965453 0.0883078 0.1334133 0.3021149 0.0856135 0.2710107 0.1000470 0.2956141 0.0951115 0.1068770 0.0875526 0.1027783 0.2487458 0.2955018 0.0786782 0.2832774 0.1009089 0.0918121 0.2191358 0.2836577 0.2967309 0.1278296 0.0951732 0.2786034 0.2904585 0.0751041 0.0980953 0.1377026 0.1304552 0.0980195 0.2733746 0.0929636 0.2796679 0.2220534 0.1057682 
Perityle_gracilis_11                       0.6087905 0.5518883 0.5991510 0.5848465 0.5609582 0.5816070 0.5695598 0.5143043 0.5874180 0.5946405 0.6055955 0.5725718 0.5649789 0.5699952 0.5614582 0.6062935 0.5690405 0.6148560 0.6065057 0.5697758 0.0986071 0.5704013 0.4752494 0.5863172 0.5573860 0.5846640 0.5694471 0.5979085 0.6005914 0.6283991 0.4564086 0.5951066 0.6126724 0.5712358 0.8206353 0.5781417 0.6136626 0.5739752 0.5925899 0.5746928 0.5752598 0.5752598 0.6277332 0.0000000 0.6304752 0.5917151 0.5780504 0.5766129 0.5699835 0.6302924 0.5706855 0.5617316 0.5784333 0.6010001 0.5734562 0.6255834 0.6149716 0.6093912 0.5785108 0.5696954 0.5937886 0.4958895 0.6262275 0.4066126 0.5677615 0.6040263 0.5602591 0.6147750 0.6207191 0.4283405 0.5978160 0.5807398 0.6024437 0.5697532 0.5736033 0.5859859 0.4900403 0.6038206 0.6100335 0.5747126 0.5779885 0.5620252 0.5727227 0.5581246 0.5836278 0.6276596 
