86
Amauria_brandeegeana_62                    0.0000000 0.0285106 0.0263270 0.4434054 0.2362928 0.4493528 0.3130094 0.2997539 0.3706012 0.1030142 0.0968393 0.0831772 0.1920734 0.0813120 0.1027238 0.0810716 0.0826458 0.3523319 0.3243111 0.0763800 0.1201380 0.1127462 0.1465151 0.0973365 0.2473588 0.1066658 0.1069413 0.1117831 0.3122338 0.1185745 0.1372228 0.0815036 0.1266933 0.1123062 0.0782392 0.1162407 0.4202075 0.0848488 0.6058664 0.0821826 0.0962814 0.3712884 0.1689725 0.1079856 0.3439724 0.3237884 0.0839299 0.1067258 0.0880698 0.4466852 0.0854582 0.0879675 0.1141152 0.3905503 0.0873890 0.3681750 0.4777628 0.0882433 0.1031789 0.1094127 0.3199720 0.2296369 0.3604336 0.0983764 0.0796780 0.3019231 0.3451686 0.1089315 0.1189152 0.2639281 0.0883492 0.0625967 0.1152972 0.1268883 0.0914933 0.0948311 0.0935342 0.1080373 0.2972516 0.0928058 0.1128136 0.1375321 0.0766341 0.1137653 0.0782036 0.0749563 
Amauria_carterae_99_mesa                   0.0285106 0.0000000 0.0196181 0.3919660 0.1919664 0.2978483 0.2275928 0.2988138 0.2953150 0.1199183 0.0871708 0.0863516 0.0865525 0.0919877 0.0989089 0.0722097 0.0676653 0.1402837 0.1410047 0.0791725 0.1216114 0.0791403 0.1309339 0.0963508 0.2723076 0.0818367 0.0914539 0.0882727 0.1455340 0.1168831 0.1396836 0.0871586 0.1430429 0.1150693 0.0791076 0.1227146 0.3786182 0.0946710 0.3888679 0.0722097 0.0651083 0.3458691 0.1235739 0.0795907 0.3743990 0.1294200 0.0772471 0.0820306 0.0967060 0.3669697 0.0891256 0.0891825 0.0964165 0.3247117 0.0770678 0.1456574 0.3284267 0.0845682 0.0771442 0.0841610 0.1563971 0.1406857 0.1622968 0.0749929 0.0790169 0.1388929 0.3288376 0.1086091 0.1111278 0.2763871 0.0973405 0.0718960 0.1275316 0.0843501 0.0843948 0.0939477 0.0817594 0.1112542 0.1311972 0.1037011 0.0843260 0.1395117 0.0771442 0.1227146 0.0731362 0.0731976 
Amauria_rotundifolia_SRR9119150            0.0263270 0.0196181 0.0000000 0.4398769 0.2361074 0.4389954 0.3017110 0.3051553 0.3684121 0.1030808 0.0870850 0.0822027 0.1825258 0.0837160 0.0998485 0.0846527 0.0607908 0.3402295 0.3299716 0.0703754 0.1121141 0.1033482 0.1391400 0.0939229 0.2417993 0.0996800 0.0973988 0.1033946 0.3174655 0.1089754 0.1240780 0.0755950 0.1267331 0.1108361 0.0760661 0.1148397 0.4243189 0.0837773 0.6146761 0.0857682 0.0857499 0.3658772 0.1536318 0.1009811 0.3312372 0.3107173 0.0839926 0.0997354 0.0882244 0.4427255 0.0855515 0.0845507 0.1069457 0.3880851 0.0862506 0.3544922 0.4687117 0.0769489 0.0962148 0.1046388 0.3254143 0.2229148 0.3433201 0.0904066 0.0787011 0.3056291 0.3421095 0.1088959 0.1166464 0.2520147 0.0884284 0.0501301 0.1085855 0.1176435 0.0856742 0.0937622 0.0779279 0.1105141 0.3026970 0.0893798 0.1038130 0.1313261 0.0731107 0.1125344 0.0697448 0.0601137 
Conoclinium_coelestinum_SRR9119114         0.4434054 0.3919660 0.4398769 0.0000000 0.5095728 0.3853049 0.5173673 0.2813185 0.5219901 0.4887647 0.4459152 0.4413197 0.5262964 0.4503001 0.4645612 0.4408493 0.3966931 0.6926909 0.7137752 0.4162726 0.2302355 0.4650354 0.3418474 0.4478081 0.1614088 0.4611836 0.4600791 0.4660981 0.7087687 0.4757390 0.4057241 0.4608378 0.4918019 0.4986379 0.4465566 0.5014287 0.3775707 0.4371734 0.9516336 0.4466614 0.4601181 0.3682376 0.5207588 0.4554243 0.2511880 0.7160749 0.4456117 0.4635444 0.4427305 0.4232807 0.4466193 0.4422413 0.4510386 0.4173827 0.4411535 0.7527819 0.3221647 0.3680183 0.4543213 0.4632616 0.7144762 0.4251253 0.7095053 0.3637073 0.4467138 0.7091214 0.3414193 0.4735800 0.4879116 0.1713480 0.4545421 0.2401745 0.4960317 0.5116723 0.4404295 0.4528344 0.3818556 0.4743165 0.6780042 0.4400871 0.4737291 0.4271208 0.4209983 0.5022414 0.4921452 0.3407477 
Eutetras_palmeri_63                        0.2362928 0.1919664 0.2361074 0.5095728 0.0000000 0.4352532 0.1997600 0.2921789 0.3506253 0.2570278 0.2307875 0.2398775 0.2685581 0.2515037 0.2913838 0.2399452 0.2249643 0.5322930 0.5680263 0.2201829 0.1420864 0.2447177 0.1870491 0.2538851 0.2553630 0.2419273 0.2402869 0.2505502 0.5519459 0.3057321 0.1689913 0.2531701 0.2967191 0.2822063 0.2329113 0.2639798 0.4516057 0.2319493 0.7868121 0.2442089 0.2273016 0.4099020 0.3333371 0.2470993 0.3828073 0.5143145 0.2263379 0.2467380 0.2404932 0.4977701 0.2432286 0.2448571 0.2543755 0.4275580 0.2389305 0.5535619 0.4355741 0.1769830 0.2429695 0.2441126 0.5792823 0.2526998 0.5506376 0.1739334 0.2439647 0.5521275 0.3871456 0.2457935 0.2542830 0.2690426 0.2507707 0.0735304 0.2667008 0.3110895 0.2740705 0.2482458 0.1870451 0.2464091 0.5502128 0.2500522 0.2559443 0.2388774 0.2313113 0.2599705 0.3128111 0.1461448 
Eutetras_pringlei_149_quer                 0.4493528 0.2978483 0.4389954 0.3853049 0.4352532 0.0000000 0.4438951 0.2340189 0.4788809 0.4730880 0.4544983 0.4454701 0.4278229 0.4516815 0.4252247 0.4397234 0.3072575 0.4933336 0.5421729 0.4461487 0.2514499 0.4451109 0.2955809 0.4382157 0.2744316 0.4345883 0.4535929 0.4401603 0.5655052 0.3006975 0.3826359 0.4837638 0.4891056 0.4695948 0.4456461 0.4638587 0.3519191 0.4474273 0.7819771 0.4456845 0.4509084 0.3025800 0.4364332 0.4364513 0.3121286 0.5258036 0.4431446 0.4390586 0.4484017 0.3349693 0.4385309 0.4456603 0.4446955 0.3041252 0.4626386 0.5380568 0.3257322 0.3696030 0.4287481 0.4376184 0.5619406 0.4546485 0.5424752 0.3063450 0.4550299 0.5485423 0.3008593 0.4653413 0.4548470 0.2400175 0.4720060 0.4310952 0.4725604 0.3477634 0.4181311 0.4450883 0.2575123 0.4564041 0.5329384 0.4617881 0.4651419 0.3391272 0.4287481 0.4694614 0.2840805 0.3591081 
Eutrochium_fistulosum_SRR9119106           0.3130094 0.2275928 0.3017110 0.5173673 0.1997600 0.4438951 0.0000000 0.2624808 0.3714047 0.3229407 0.3147964 0.3268206 0.3370466 0.3324046 0.3649537 0.3101255 0.2208976 0.5849478 0.6194921 0.3016770 0.1961395 0.3085994 0.2488554 0.3280468 0.2504161 0.3175425 0.3144946 0.3211463 0.6087500 0.3342749 0.2016780 0.3240208 0.3468878 0.3355542 0.3210112 0.3334441 0.4546409 0.3109439 0.7982778 0.3109384 0.3088316 0.4049634 0.3635254 0.3235630 0.3650471 0.5897584 0.3195142 0.3215584 0.3111613 0.4880769 0.3216337 0.3312120 0.3132128 0.4264138 0.3284866 0.6335283 0.4476916 0.2332396 0.3190203 0.3209774 0.6282179 0.2921946 0.6101350 0.2367257 0.3233619 0.6112199 0.3874144 0.3087493 0.3168773 0.2610563 0.3239935 0.1561968 0.3320822 0.3530548 0.3549969 0.3299992 0.2259457 0.3031723 0.6189092 0.3289494 0.3175994 0.2433514 0.3145982 0.3285278 0.3846985 0.2058798 
Galeana_pratensis_104_mex                  0.2997539 0.2988138 0.3051553 0.2813185 0.2921789 0.2340189 0.2624808 0.0000000 0.2577126 0.3119124 0.2934180 0.2728477 0.2761150 0.2667180 0.2683473 0.2987844 0.2322645 0.2894445 0.3188033 0.2611683 0.2850394 0.2767033 0.3029380 0.2761150 0.1973287 0.2754507 0.2749602 0.2563918 0.3205498 0.2977855 0.3234552 0.2942639 0.3413552 0.3119124 0.2764079 0.3006599 0.2484703 0.2820874 0.4089510 0.2987844 0.2794276 0.2417337 0.2956229 0.2763654 0.2529705 0.2873364 0.2982501 0.2759988 0.2767033 0.2529705 0.2765839 0.2722081 0.2877366 0.2552224 0.2914448 0.3096709 0.2710721 0.3083519 0.2669092 0.2754507 0.3049083 0.3079224 0.2785148 0.2936219 0.2931188 0.3216513 0.2614712 0.2955602 0.3049863 0.2364459 0.2904021 0.2366686 0.3168064 0.2754507 0.2770200 0.2819749 0.2658599 0.2951618 0.2948322 0.2674152 0.2870070 0.3055105 0.2707531 0.3006599 0.2909340 0.2937831 
Helianthus_annuus_SRR9119062               0.3706012 0.2953150 0.3684121 0.5219901 0.3506253 0.4788809 0.3714047 0.2577126 0.0000000 0.3842538 0.3682221 0.3698953 0.3850892 0.3784032 0.4025707 0.3785989 0.2157410 0.5813964 0.6605141 0.3209644 0.1673274 0.3786665 0.2223268 0.3580549 0.2634440 0.3713012 0.3578822 0.3689947 0.6371207 0.3511491 0.2532956 0.3379223 0.3880131 0.4071638 0.3645789 0.3790272 0.4511922 0.3614618 0.8270759 0.3892435 0.3738688 0.4307832 0.4474530 0.3714767 0.3552680 0.6774499 0.3618515 0.3694614 0.3704488 0.4864722 0.3686831 0.3694917 0.3561596 0.4573748 0.3752549 0.6720178 0.4352758 0.2584168 0.3651379 0.3708956 0.6459223 0.3282457 0.6746595 0.2476602 0.3652273 0.6387543 0.4012832 0.3857847 0.3934323 0.2835654 0.3679932 0.1739089 0.3657619 0.4439387 0.3599662 0.3672603 0.2480628 0.3804318 0.6154308 0.3472638 0.3686492 0.2694664 0.3243950 0.3807990 0.4284449 0.2392116 
Lycapsus_tenuifolius_17                    0.1030142 0.1199183 0.1030808 0.4887647 0.2570278 0.4730880 0.3229407 0.3119124 0.3842538 0.0000000 0.1386897 0.1114650 0.2303818 0.1024882 0.1118223 0.1194784 0.0897687 0.3661309 0.3470263 0.0991116 0.1264248 0.1440997 0.1696608 0.1279046 0.2656657 0.1349839 0.1430082 0.1473325 0.3338684 0.1402822 0.0231882 0.1026343 0.1308548 0.0034783 0.1057063 0.0225126 0.4668933 0.1188091 0.6868778 0.1208160 0.1318385 0.3947730 0.1773521 0.1364052 0.3730983 0.3606972 0.1118812 0.1350646 0.1120053 0.4769055 0.1210545 0.1046835 0.1415973 0.4174184 0.1095002 0.3967463 0.4720453 0.1294158 0.1340411 0.1376537 0.3453061 0.2368222 0.3767480 0.1476015 0.1077464 0.3184535 0.3728182 0.1443746 0.1560083 0.2798205 0.1164034 0.0955160 0.0216861 0.1543962 0.1131260 0.1189682 0.1269347 0.1383175 0.3319039 0.1048457 0.1507810 0.1530395 0.1011428 0.0241117 0.1106988 0.1088211 
Pericome_caudata_50_silver                 0.0968393 0.0871708 0.0870850 0.4459152 0.2307875 0.4544983 0.3147964 0.2934180 0.3682221 0.1386897 0.0000000 0.0978229 0.1836438 0.1061738 0.1227088 0.1120024 0.0965061 0.3678829 0.3548274 0.0815087 0.1212280 0.0837159 0.1313110 0.1102926 0.2696421 0.0830520 0.0885265 0.0892839 0.3260357 0.1357029 0.1500379 0.1007216 0.1390778 0.1442218 0.1051229 0.1463552 0.4274940 0.1037847 0.6373271 0.1106993 0.0731825 0.3833889 0.1283531 0.0843534 0.3514575 0.2765173 0.1004830 0.0842546 0.1078438 0.4439830 0.1007810 0.1114209 0.0872472 0.3979693 0.1026389 0.3346175 0.4815867 0.0927923 0.0795192 0.0790230 0.3384210 0.2321548 0.3253942 0.1027294 0.0977056 0.3148735 0.3629080 0.0797125 0.0864000 0.2780963 0.1085860 0.0597656 0.1320500 0.0937090 0.0941511 0.1075810 0.0905330 0.0812193 0.3142979 0.1035300 0.0801407 0.1276905 0.0822634 0.1447720 0.0919788 0.0863950 
Perityle_aglossa_84_dead_horse             0.0831772 0.0863516 0.0822027 0.4413197 0.2398775 0.4454701 0.3268206 0.2728477 0.3698953 0.1114650 0.0978229 0.0000000 0.1748847 0.0671012 0.0846426 0.0707037 0.0468556 0.3323139 0.2993569 0.0429233 0.1000003 0.0704982 0.1183048 0.0740294 0.2503052 0.0864843 0.0798123 0.0890105 0.2965791 0.1088789 0.1290002 0.0777549 0.1325257 0.1175842 0.0567227 0.1225902 0.4463053 0.0551267 0.6190768 0.0718048 0.0752679 0.3731156 0.1504906 0.0877436 0.3471684 0.3013239 0.0651999 0.0876444 0.0492493 0.4601302 0.0698433 0.0682696 0.0948904 0.3909407 0.0699427 0.3512809 0.4531530 0.0711990 0.0830789 0.0874240 0.3058537 0.2192438 0.3229174 0.0724846 0.0198894 0.2793182 0.3485342 0.1064771 0.1177533 0.2609747 0.0560649 0.0316268 0.1177490 0.1037893 0.0669850 0.0659607 0.0676527 0.1067678 0.2766579 0.0737686 0.0848205 0.1315720 0.0562951 0.1199727 0.0461485 0.0457224 
Perityle_ajoensis_204                      0.1920734 0.0865525 0.1825258 0.5262964 0.2685581 0.4278229 0.3370466 0.2761150 0.3850892 0.2303818 0.1836438 0.1748847 0.0000000 0.1755563 0.1828209 0.1791684 0.0130914 0.3844808 0.4585528 0.1190312 0.0962223 0.1755462 0.1085918 0.1248452 0.2513249 0.1764155 0.1789793 0.1775425 0.4491362 0.1366580 0.1419820 0.1733195 0.2319489 0.2470054 0.1648068 0.2371971 0.4728246 0.1704072 0.7155708 0.1833306 0.1651334 0.3880228 0.2583737 0.1795487 0.3491780 0.4295921 0.1696274 0.1793136 0.1889500 0.4949123 0.1201466 0.1698197 0.1815690 0.4362739 0.1682225 0.4736116 0.4360161 0.0778276 0.1757532 0.1792585 0.4729495 0.2166994 0.4523901 0.0769715 0.1762366 0.4392454 0.3473139 0.1933016 0.2046701 0.2559097 0.1882565 0.0392983 0.2173432 0.2206693 0.1548001 0.1816771 0.0092683 0.1881527 0.4334045 0.1569600 0.1737179 0.1198614 0.1352797 0.2317045 0.1950858 0.0475527 
Perityle_ambrosiifolia_67_green            0.0813120 0.0919877 0.0837160 0.4503001 0.2515037 0.4516815 0.3324046 0.2667180 0.3784032 0.1024882 0.1061738 0.0671012 0.1755563 0.0000000 0.0554186 0.0569300 0.0400072 0.3344451 0.2920591 0.0605111 0.1041404 0.0964698 0.1116091 0.0614549 0.2539034 0.0726378 0.0978478 0.1064080 0.2935323 0.1214332 0.1170491 0.0841886 0.1310183 0.1041799 0.0565809 0.1105428 0.4610420 0.0628397 0.6110265 0.0580357 0.0870902 0.3772392 0.1449046 0.0715357 0.3585076 0.3024902 0.0650610 0.0737930 0.0534090 0.4649543 0.0722584 0.0377365 0.0856435 0.4045577 0.0735702 0.3376006 0.4592334 0.0808760 0.0693137 0.0769025 0.3008573 0.2145220 0.3231678 0.0904904 0.0694178 0.2801209 0.3625787 0.1147522 0.1273888 0.2705591 0.0547299 0.0563919 0.1080981 0.0873102 0.0517077 0.0544115 0.0628068 0.1150732 0.2789695 0.0503156 0.1044866 0.1120321 0.0442258 0.1081557 0.0679600 0.0751021 
Perityle_angustifolia_13_Eagle_creek       0.1027238 0.0989089 0.0998485 0.4645612 0.2913838 0.4252247 0.3649537 0.2683473 0.4025707 0.1118223 0.1227088 0.0846426 0.1828209 0.0554186 0.0000000 0.0792967 0.0332391 0.2701690 0.2406485 0.0638528 0.1001097 0.1120394 0.1017357 0.0659215 0.2569465 0.0857405 0.1128869 0.1169172 0.2346603 0.1160736 0.1217088 0.1016141 0.1383982 0.1105499 0.0590762 0.1205695 0.4889198 0.0839331 0.5924476 0.0821214 0.0970858 0.4217336 0.1536786 0.0844593 0.3633887 0.2839100 0.0750829 0.0857539 0.0673087 0.4960384 0.0566593 0.0423812 0.0889123 0.4562112 0.0835556 0.2912161 0.3924257 0.0885246 0.0816542 0.0884273 0.2454200 0.2146624 0.2916851 0.0886147 0.0845494 0.2216019 0.3942641 0.1350010 0.1466059 0.2770339 0.0728406 0.0538788 0.1196935 0.0917403 0.0547708 0.0500809 0.0403637 0.1325271 0.2186131 0.0239624 0.0981939 0.1172472 0.0502561 0.1205695 0.0715623 0.0687491 
Perityle_batopilensis_97                   0.0810716 0.0722097 0.0846527 0.4408493 0.2399452 0.4397234 0.3101255 0.2987844 0.3785989 0.1194784 0.1120024 0.0707037 0.1791684 0.0569300 0.0792967 0.0000000 0.0609628 0.3451310 0.3056819 0.0574391 0.1119132 0.0958331 0.1156392 0.0838834 0.2592442 0.0824245 0.0959720 0.1047052 0.3066542 0.1211090 0.1299255 0.0862298 0.1379299 0.1223512 0.0582020 0.1228419 0.4559556 0.0688285 0.6412893 0.0133701 0.0890385 0.3821989 0.1627489 0.0860267 0.3573501 0.3236243 0.0688474 0.0859303 0.0667850 0.4651720 0.0787499 0.0611110 0.0959115 0.4036365 0.0735435 0.3674613 0.4665278 0.0695449 0.0838117 0.0866908 0.3192164 0.2154406 0.3497908 0.0732113 0.0718063 0.2914289 0.3543170 0.1171780 0.1269230 0.2664503 0.0677286 0.0507110 0.1238038 0.0907666 0.0649742 0.0756695 0.0650782 0.1174967 0.2948955 0.0715827 0.1020217 0.1202289 0.0547784 0.1231215 0.0620846 0.0531085 
Perityle_bisetosa_9                        0.0826458 0.0676653 0.0607908 0.3966931 0.2249643 0.3072575 0.2208976 0.2322645 0.2157410 0.0897687 0.0965061 0.0468556 0.0130914 0.0400072 0.0332391 0.0609628 0.0000000 0.0897934 0.0922522 0.0468556 0.1226595 0.0468556 0.1837421 0.0130914 0.1988880 0.0468556 0.0903060 0.0614258 0.0883436 0.1191677 0.0978470 0.0828403 0.0977524 0.0897687 0.0604539 0.0900847 0.3587915 0.0628732 0.2682993 0.0609628 0.0400690 0.3186237 0.0827897 0.0539002 0.3351080 0.0752410 0.0754901 0.0468556 0.0609609 0.3258807 0.0197819 0.0197531 0.0609808 0.3429952 0.0680112 0.1201743 0.3594452 0.0907900 0.0468556 0.0536430 0.1036027 0.0603444 0.1128665 0.0542471 0.0607426 0.0883436 0.3429952 0.0826458 0.0828840 0.2480243 0.0691891 0.0246300 0.0753512 0.0537427 0.0538736 0.0609808 0.0130914 0.0826458 0.0889594 0.0470971 0.0608287 0.0893643 0.0468556 0.0900847 0.0541081 0.0541081 
Perityle_californica_76_positas            0.3523319 0.1402837 0.3402295 0.6926909 0.5322930 0.4933336 0.5849478 0.2894445 0.5813964 0.3661309 0.3678829 0.3323139 0.3844808 0.3344451 0.2701690 0.3451310 0.0897934 0.0000000 0.3877167 0.3310096 0.0845808 0.3348372 0.1610438 0.3578872 0.5003438 0.3325943 0.3514462 0.3412439 0.3852196 0.1118338 0.2092602 0.3184097 0.3721301 0.3128352 0.3315773 0.3438327 0.7098997 0.3496450 0.7487609 0.3503609 0.3342792 0.6766185 0.2915917 0.3367885 0.5445782 0.3287589 0.3257499 0.3342359 0.3394858 0.6888003 0.3315981 0.3434156 0.3399769 0.6726213 0.3426599 0.3779244 0.6147050 0.2265600 0.3316062 0.3258255 0.4105113 0.2454522 0.3313109 0.1634340 0.3310969 0.3796995 0.6331601 0.3636887 0.3763555 0.4481514 0.3542842 0.3105766 0.3410430 0.2160116 0.2696694 0.3566329 0.1098804 0.3628513 0.3690146 0.3352821 0.3075497 0.1379754 0.3311118 0.3455389 0.1505282 0.1834922 
Perityle_canescens_77                      0.3243111 0.1410047 0.3299716 0.7137752 0.5680263 0.5421729 0.6194921 0.3188033 0.6605141 0.3470263 0.3548274 0.2993569 0.4585528 0.2920591 0.2406485 0.3056819 0.0922522 0.3877167 0.0000000 0.3161584 0.1208444 0.3404462 0.1673284 0.3052362 0.5020426 0.3493646 0.3602601 0.3482216 0.0756831 0.1371434 0.2199579 0.3324421 0.3566399 0.2964165 0.3136769 0.3293479 0.7822713 0.3087987 0.7235122 0.3080080 0.3338334 0.7136390 0.3116426 0.3448777 0.5580587 0.1712359 0.3091127 0.3493353 0.3103980 0.7550696 0.2987493 0.3143491 0.3433554 0.7177325 0.3124617 0.1581884 0.6795775 0.2380885 0.3443239 0.3471750 0.0752750 0.0440345 0.2029523 0.1570486 0.3008483 0.0659195 0.6591534 0.3657281 0.3770021 0.4779991 0.3051664 0.3226915 0.3290109 0.2320324 0.2545113 0.3102633 0.1124127 0.3644603 0.0554933 0.3111157 0.3257371 0.0553106 0.3167005 0.3375508 0.1141046 0.2121936 
Perityle_castillonii_96                    0.0763800 0.0791725 0.0703754 0.4162726 0.2201829 0.4461487 0.3016770 0.2611683 0.3209644 0.0991116 0.0815087 0.0429233 0.1190312 0.0605111 0.0638528 0.0574391 0.0468556 0.3310096 0.3161584 0.0000000 0.0998603 0.0491939 0.1113094 0.0637492 0.2544722 0.0517854 0.0502649 0.0481746 0.3088513 0.1039939 0.1316220 0.0813077 0.1237929 0.1011554 0.0318710 0.0987328 0.4001157 0.0483510 0.6209377 0.0585525 0.0492625 0.3746575 0.1158239 0.0530464 0.3327595 0.2799162 0.0479901 0.0553065 0.0507644 0.4112184 0.0481016 0.0495275 0.0596954 0.3668357 0.0565789 0.3289298 0.4526995 0.0655796 0.0530875 0.0555305 0.3276917 0.2246018 0.3134930 0.0727339 0.0451875 0.2962729 0.3416970 0.0828128 0.0924494 0.2645992 0.0587796 0.0425187 0.1055914 0.0611740 0.0613427 0.0624558 0.0623120 0.0839530 0.2979555 0.0575352 0.0433002 0.1283117 0.0506206 0.0983121 0.0506969 0.0508929 
Perityle_cernua_84                         0.1201380 0.1216114 0.1121141 0.2302355 0.1420864 0.2514499 0.1961395 0.2850394 0.1673274 0.1264248 0.1212280 0.1000003 0.0962223 0.1041404 0.1001097 0.1119132 0.1226595 0.0845808 0.1208444 0.0998603 0.0000000 0.0960976 0.0847038 0.0962223 0.2608830 0.0879928 0.1001693 0.0924092 0.1161623 0.0211479 0.1309438 0.0963693 0.1215054 0.1264248 0.0958948 0.1217125 0.2680074 0.1012435 0.2443413 0.1119132 0.0889805 0.2684852 0.1215374 0.0882250 0.2615155 0.1200957 0.1004296 0.0803195 0.0960976 0.2615155 0.1000184 0.0921927 0.0877654 0.2609635 0.0973455 0.1173499 0.2731112 0.1161386 0.0842474 0.0842474 0.1290297 0.1175287 0.1163592 0.1119219 0.1078670 0.1200129 0.2516178 0.1205544 0.1202223 0.2648048 0.1092924 0.0747786 0.1218666 0.0879928 0.0881350 0.0998932 0.0962223 0.1165362 0.1216249 0.0958387 0.0963881 0.1374069 0.0842474 0.1217125 0.1082400 0.1082400 
Perityle_cfvillosa_25_tin                  0.1127462 0.0791403 0.1033482 0.4650354 0.2447177 0.4451109 0.3085994 0.2767033 0.3786665 0.1440997 0.0837159 0.0704982 0.1755462 0.0964698 0.1120394 0.0958331 0.0468556 0.3348372 0.3404462 0.0491939 0.0960976 0.0000000 0.1115953 0.0891393 0.2669974 0.0388395 0.0549807 0.0689913 0.3332653 0.1039926 0.1321610 0.0922167 0.1657679 0.1511922 0.0836603 0.1489614 0.4453754 0.0892736 0.6363417 0.0980651 0.0311984 0.3861052 0.1139146 0.0410309 0.3542706 0.2543179 0.0954634 0.0409877 0.0860526 0.4610408 0.0990248 0.0940518 0.0659889 0.4088599 0.0905363 0.3114297 0.4490555 0.0639558 0.0367682 0.0386637 0.3476138 0.2150556 0.2960925 0.0680662 0.0704455 0.3229639 0.3552023 0.0872490 0.0946798 0.2692212 0.0985806 0.0327304 0.1234585 0.0370012 0.0430468 0.0986662 0.0598957 0.0875134 0.3191888 0.0937362 0.0334622 0.1226530 0.0363598 0.1541030 0.0634266 0.0428747 
Perityle_cinerea_113_Powell1310            0.1465151 0.1309339 0.1391400 0.3418474 0.1870491 0.2955809 0.2488554 0.3029380 0.2223268 0.1696608 0.1313110 0.1183048 0.1085918 0.1116091 0.1017357 0.1156392 0.1837421 0.1610438 0.1673284 0.1113094 0.0847038 0.1115953 0.0000000 0.1118905 0.2572747 0.1046620 0.1315540 0.1251942 0.1534019 0.1663045 0.1829502 0.1465616 0.2075973 0.1696608 0.1115734 0.1765740 0.3864944 0.0990479 0.3452281 0.1189669 0.0989410 0.3370282 0.1367880 0.0982576 0.3781220 0.1320175 0.1183037 0.1015438 0.1114665 0.3781220 0.1154287 0.0918748 0.1047549 0.3180930 0.1298892 0.1512780 0.2990861 0.1387559 0.0982576 0.0949490 0.1659735 0.1279119 0.1397413 0.1001291 0.1281843 0.1533826 0.3240452 0.1496018 0.1563557 0.2709466 0.1050712 0.0306958 0.1910003 0.0981663 0.1015462 0.0947910 0.1117844 0.1495901 0.1588821 0.1015933 0.1255301 0.1837903 0.0982576 0.1765740 0.1161076 0.1172442 
Perityle_coahuilensis_24                   0.0973365 0.0963508 0.0939229 0.4478081 0.2538851 0.4382157 0.3280468 0.2761150 0.3580549 0.1279046 0.1102926 0.0740294 0.1248452 0.0614549 0.0659215 0.0838834 0.0130914 0.3578872 0.3052362 0.0637492 0.0962223 0.0891393 0.1118905 0.0000000 0.2571045 0.0973457 0.1083219 0.1057775 0.3041725 0.1111469 0.1423067 0.1040574 0.1504580 0.1261713 0.0719549 0.1280279 0.4406268 0.0714830 0.6378356 0.0849887 0.0894809 0.3816195 0.1611417 0.0986258 0.3545821 0.3140484 0.0833156 0.0985137 0.0792786 0.4602205 0.0337948 0.0712074 0.0976879 0.4038559 0.0889096 0.3681713 0.4652930 0.0852934 0.0952593 0.1021788 0.3167428 0.2170232 0.3396784 0.0891657 0.0728475 0.2866064 0.3530611 0.1168032 0.1328483 0.2619947 0.0784237 0.0473905 0.1193622 0.1114636 0.0746656 0.0790798 0.0116000 0.1171253 0.2902500 0.0666879 0.0902733 0.1172890 0.0698971 0.1320952 0.0609896 0.0579019 
Perityle_cochisensis_44_cave_creek         0.2473588 0.2723076 0.2417993 0.1614088 0.2553630 0.2744316 0.2504161 0.1973287 0.2634440 0.2656657 0.2696421 0.2503052 0.2513249 0.2539034 0.2569465 0.2592442 0.1988880 0.5003438 0.5020426 0.2544722 0.2608830 0.2669974 0.2572747 0.2571045 0.0000000 0.2510835 0.2611185 0.2330562 0.5330607 0.2831765 0.2719348 0.2877941 0.2975689 0.2631038 0.2486105 0.2563540 0.1192952 0.2603923 0.6450471 0.2626808 0.2540060 0.0428783 0.2754205 0.2519010 0.1123533 0.5029916 0.2554598 0.2598767 0.2547841 0.1123024 0.2538795 0.2518466 0.2536590 0.0471849 0.2624107 0.5022582 0.1198052 0.2571418 0.2549745 0.2479960 0.5266320 0.4291092 0.4989451 0.2919897 0.2614685 0.5127021 0.0581292 0.2524424 0.2563100 0.0392309 0.2558885 0.2369368 0.2621795 0.2577540 0.2545407 0.2575180 0.2445075 0.2479169 0.4859268 0.2510735 0.2613846 0.2844882 0.2485351 0.2605503 0.2447503 0.2562686 
Perityle_congesta_202                      0.1066658 0.0818367 0.0996800 0.4611836 0.2419273 0.4345883 0.3175425 0.2754507 0.3713012 0.1349839 0.0830520 0.0864843 0.1764155 0.0726378 0.0857405 0.0824245 0.0468556 0.3325943 0.3493646 0.0517854 0.0879928 0.0388395 0.1046620 0.0973457 0.2510835 0.0000000 0.0563842 0.0665815 0.3409942 0.1137896 0.1145862 0.0867129 0.1565622 0.1442104 0.0785314 0.1437439 0.4366029 0.0944726 0.6234586 0.0846396 0.0356768 0.3682537 0.1150067 0.0102877 0.3409520 0.2572525 0.0923488 0.0102772 0.0631595 0.4475121 0.1012794 0.0664095 0.0552005 0.3989128 0.0970095 0.3094018 0.4581713 0.0740228 0.0061640 0.0105290 0.3563591 0.2194065 0.3085764 0.0861741 0.0864186 0.3286608 0.3470740 0.0890667 0.0951878 0.2645137 0.0885091 0.0493098 0.1233303 0.0090706 0.0076365 0.0753309 0.0523873 0.0881480 0.3327730 0.0664977 0.0407185 0.1197856 0.0032260 0.1406608 0.0780445 0.0600965 
Perityle_cordifolia_27                     0.1069413 0.0914539 0.0973988 0.4600791 0.2402869 0.4535929 0.3144946 0.2749602 0.3578822 0.1430082 0.0885265 0.0798123 0.1789793 0.0978478 0.1128869 0.0959720 0.0903060 0.3514462 0.3602601 0.0502649 0.1001693 0.0549807 0.1315540 0.1083219 0.2611185 0.0563842 0.0000000 0.0463926 0.3514297 0.1192102 0.1473825 0.0994571 0.1620524 0.1532506 0.0770829 0.1535718 0.4399203 0.0973676 0.6512321 0.0982073 0.0506390 0.3776202 0.1269127 0.0575897 0.3598155 0.2771781 0.0895450 0.0575276 0.0838519 0.4623040 0.1005558 0.0873237 0.0672162 0.4037418 0.1001675 0.3143178 0.4568959 0.0530581 0.0554346 0.0600652 0.3657986 0.2377672 0.3246036 0.0881583 0.0797519 0.3433280 0.3567532 0.0932151 0.1051716 0.2750175 0.0950455 0.0386194 0.1370798 0.0735494 0.0693313 0.0929968 0.0777789 0.0911180 0.3384754 0.0882076 0.0628015 0.1492305 0.0536053 0.1516072 0.0806150 0.0612382 
Perityle_cordifolia_68_tecolote            0.1117831 0.0882727 0.1033946 0.4660981 0.2505502 0.4401603 0.3211463 0.2563918 0.3689947 0.1473325 0.0892839 0.0890105 0.1775425 0.1064080 0.1169172 0.1047052 0.0614258 0.3412439 0.3482216 0.0481746 0.0924092 0.0689913 0.1251942 0.1057775 0.2330562 0.0665815 0.0463926 0.0000000 0.3446150 0.1116872 0.1397853 0.0949332 0.1591292 0.1524073 0.0838083 0.1586637 0.4249794 0.0942344 0.6164404 0.1058515 0.0600281 0.3725809 0.1233360 0.0689489 0.3243484 0.2674852 0.0970320 0.0677191 0.0915253 0.4443131 0.0989004 0.0950321 0.0759487 0.4029799 0.1041784 0.3048746 0.4528376 0.0591359 0.0643589 0.0717700 0.3508724 0.2258931 0.3127727 0.0832078 0.0900721 0.3320520 0.3479073 0.0922385 0.1069195 0.2511069 0.1012665 0.0468467 0.1402539 0.0810651 0.0810527 0.1056551 0.0654599 0.0899651 0.3277114 0.0965181 0.0709212 0.1263955 0.0654033 0.1551457 0.0796053 0.0635834 
Perityle_coronopifolia_28_patagonia        0.3122338 0.1455340 0.3174655 0.7087687 0.5519459 0.5655052 0.6087500 0.3205498 0.6371207 0.3338684 0.3260357 0.2965791 0.4491362 0.2935323 0.2346603 0.3066542 0.0883436 0.3852196 0.0756831 0.3088513 0.1161623 0.3332653 0.1534019 0.3041725 0.5330607 0.3409942 0.3514297 0.3446150 0.0000000 0.1360874 0.2123692 0.3208148 0.3439174 0.2915996 0.3038790 0.3126017 0.7912184 0.3010495 0.7142522 0.3101114 0.3266388 0.7215126 0.3018765 0.3362718 0.5790455 0.1656327 0.2961943 0.3394134 0.3014184 0.7580342 0.2942969 0.3083182 0.3331622 0.7223859 0.3078085 0.1602046 0.7033398 0.2424847 0.3383581 0.3282419 0.0534095 0.0609878 0.1900273 0.1450311 0.2946172 0.0242440 0.6600371 0.3379843 0.3501453 0.5026624 0.2958768 0.3369492 0.3201836 0.2297038 0.2490392 0.2978380 0.1069073 0.3346319 0.0545095 0.3028309 0.3078766 0.0605585 0.3088158 0.3202787 0.1084470 0.2005388 
Perityle_crassifolia_70_ventanas           0.1185745 0.1168831 0.1089754 0.4757390 0.3057321 0.3006975 0.3342749 0.2977855 0.3511491 0.1402822 0.1357029 0.1088789 0.1366580 0.1214332 0.1160736 0.1211090 0.1191677 0.1118338 0.1371434 0.1039939 0.0211479 0.1039926 0.1663045 0.1111469 0.2831765 0.1137896 0.1192102 0.1116872 0.1360874 0.0000000 0.1368726 0.1093038 0.1313665 0.1378576 0.1037239 0.1430866 0.4018191 0.1176352 0.3734126 0.1236483 0.0974921 0.4484065 0.1433768 0.1139772 0.3806171 0.1400505 0.1165842 0.1139947 0.1292740 0.4536828 0.1135649 0.1236173 0.1134238 0.4623842 0.1144911 0.1508873 0.3512728 0.1195167 0.1114457 0.1164313 0.1525682 0.1331274 0.1735388 0.1150568 0.0990251 0.1385641 0.4524705 0.1316825 0.1414279 0.3015286 0.1171489 0.0866980 0.1377211 0.1113682 0.1213837 0.1310726 0.0974249 0.1290286 0.1373139 0.1161637 0.1065639 0.1352130 0.1114457 0.1430866 0.1118150 0.1140263 
Perityle_crassifolia_74_playa_balandra     0.1372228 0.1396836 0.1240780 0.4057241 0.1689913 0.3826359 0.2016780 0.3234552 0.2532956 0.0231882 0.1500379 0.1290002 0.1419820 0.1170491 0.1217088 0.1299255 0.0978470 0.2092602 0.2199579 0.1316220 0.1309438 0.1321610 0.1829502 0.1423067 0.2719348 0.1145862 0.1473825 0.1397853 0.2123692 0.1368726 0.0000000 0.1132618 0.1334463 0.0210684 0.1342263 0.0414223 0.3797823 0.1567211 0.4538247 0.1299255 0.1201259 0.3164588 0.1363305 0.1123326 0.3637783 0.2389136 0.1326715 0.1173498 0.1249107 0.3571302 0.1498642 0.1247466 0.1325581 0.3003594 0.1304546 0.2403290 0.3200591 0.1406564 0.1150680 0.1144095 0.2304813 0.2118739 0.2447389 0.1654045 0.1288033 0.1931989 0.3108736 0.1429509 0.1478807 0.2823548 0.1312306 0.1283277 0.0211141 0.1197282 0.1172798 0.1270982 0.1326807 0.1304477 0.2086485 0.1320558 0.1349539 0.1648773 0.1097905 0.0407196 0.1427095 0.1398921 
Perityle_cuneata_34_cuneata_San_antonio    0.0815036 0.0871586 0.0755950 0.4608378 0.2531701 0.4837638 0.3240208 0.2942639 0.3379223 0.1026343 0.1007216 0.0777549 0.1733195 0.0841886 0.1016141 0.0862298 0.0828403 0.3184097 0.3324421 0.0813077 0.0963693 0.0922167 0.1465616 0.1040574 0.2877941 0.0867129 0.0994571 0.0949332 0.3208148 0.1093038 0.1132618 0.0000000 0.1092523 0.1008861 0.0916782 0.1094772 0.4327729 0.0926726 0.6387840 0.0873451 0.0876379 0.3954280 0.1290538 0.0892608 0.3574745 0.3023068 0.0870316 0.0879936 0.0844965 0.4487789 0.0969944 0.0916394 0.0982010 0.3966281 0.0967499 0.3407312 0.4886051 0.0957606 0.0869312 0.0878007 0.3402614 0.2376274 0.3445216 0.1170716 0.0753096 0.3084580 0.3795447 0.1064561 0.1162105 0.3007766 0.0902338 0.0841278 0.1055837 0.0971266 0.0921713 0.0988821 0.0964402 0.1076014 0.3127032 0.0993333 0.0959722 0.1288127 0.0832600 0.1073340 0.0802847 0.0929840 
Perityle_cuneata_4                         0.1266933 0.1430429 0.1267331 0.4918019 0.2967191 0.4891056 0.3468878 0.3413552 0.3880131 0.1308548 0.1390778 0.1325257 0.2319489 0.1310183 0.1383982 0.1379299 0.0977524 0.3721301 0.3566399 0.1237929 0.1215054 0.1657679 0.2075973 0.1504580 0.2975689 0.1565622 0.1620524 0.1591292 0.3439174 0.1313665 0.1334463 0.1092523 0.0000000 0.1278888 0.1276126 0.1394747 0.4829791 0.1400338 0.6987793 0.1390880 0.1533537 0.4246421 0.2054810 0.1580417 0.3850771 0.3721335 0.1262816 0.1553674 0.1405112 0.5000223 0.1319395 0.1317888 0.1580901 0.4472083 0.1318434 0.4045575 0.5019169 0.1411047 0.1556469 0.1539204 0.3560811 0.2589787 0.3992820 0.1637846 0.1337907 0.3390291 0.3987567 0.1575982 0.1702628 0.3169644 0.1424753 0.1255195 0.1365620 0.1700614 0.1379097 0.1527145 0.1346381 0.1541942 0.3358533 0.1354751 0.1656524 0.1652440 0.1293649 0.1351514 0.1351252 0.1287993 
Perityle_discoidea_81                      0.1123062 0.1150693 0.1108361 0.4986379 0.2822063 0.4695948 0.3355542 0.3119124 0.4071638 0.0034783 0.1442218 0.1175842 0.2470054 0.1041799 0.1105499 0.1223512 0.0897687 0.3128352 0.2964165 0.1011554 0.1264248 0.1511922 0.1696608 0.1261713 0.2631038 0.1442104 0.1532506 0.1524073 0.2915996 0.1378576 0.0210684 0.1008861 0.1278888 0.0000000 0.1058251 0.0226148 0.4914177 0.1230765 0.6529156 0.1253288 0.1419013 0.4192971 0.1760532 0.1429259 0.3684681 0.3549335 0.1103635 0.1429134 0.1182541 0.4921585 0.1235574 0.1099898 0.1489125 0.4465777 0.1160328 0.3468377 0.4085239 0.1256491 0.1429755 0.1440529 0.2939641 0.2368222 0.3516180 0.1430922 0.1134167 0.2787822 0.3933815 0.1513180 0.1642819 0.2771096 0.1189796 0.0977095 0.0183105 0.1530212 0.1117926 0.1232955 0.1243117 0.1447087 0.2779975 0.1097041 0.1582034 0.1530395 0.1062565 0.0224038 0.1090990 0.1067103 
Perityle_dissecta_201                      0.0782392 0.0791076 0.0760661 0.4465566 0.2329113 0.4456461 0.3210112 0.2764079 0.3645789 0.1057063 0.1051229 0.0567227 0.1648068 0.0565809 0.0590762 0.0582020 0.0604539 0.3315773 0.3136769 0.0318710 0.0958948 0.0836603 0.1115734 0.0719549 0.2486105 0.0785314 0.0770829 0.0838083 0.3038790 0.1037239 0.1342263 0.0916782 0.1276126 0.1058251 0.0000000 0.1082646 0.4296408 0.0561886 0.6300227 0.0592708 0.0792937 0.3662464 0.1619595 0.0808975 0.3438726 0.3155902 0.0427310 0.0808079 0.0607958 0.4421248 0.0562626 0.0409967 0.0839070 0.3878693 0.0552112 0.3627196 0.4652837 0.0566278 0.0787063 0.0839652 0.3211360 0.2214423 0.3376462 0.0653938 0.0578046 0.2920996 0.3462435 0.1057119 0.1191125 0.2648727 0.0661846 0.0385377 0.1114079 0.0992883 0.0619788 0.0640375 0.0598128 0.1072633 0.2935993 0.0515946 0.0793638 0.1309529 0.0509841 0.1076067 0.0585369 0.0448489 
Perityle_emoryi_47_punta_san_jose          0.1162407 0.1227146 0.1148397 0.5014287 0.2639798 0.4638587 0.3334441 0.3006599 0.3790272 0.0225126 0.1463552 0.1225902 0.2371971 0.1105428 0.1205695 0.1228419 0.0900847 0.3438327 0.3293479 0.0987328 0.1217125 0.1489614 0.1765740 0.1280279 0.2563540 0.1437439 0.1535718 0.1586637 0.3126017 0.1430866 0.0414223 0.1094772 0.1394747 0.0226148 0.1082646 0.0000000 0.4495172 0.1263114 0.6667946 0.1256849 0.1374963 0.3858134 0.1827602 0.1452788 0.3559560 0.3595300 0.1138496 0.1423693 0.1191856 0.4596985 0.1255504 0.1087515 0.1481893 0.4152121 0.1154800 0.3825203 0.4365504 0.1333673 0.1425760 0.1435955 0.3296375 0.2432871 0.3837852 0.1445029 0.1172884 0.2998743 0.3635280 0.1477625 0.1614378 0.2761307 0.1223117 0.0991151 0.0245899 0.1626578 0.1207901 0.1253614 0.1297717 0.1414765 0.3069355 0.1098865 0.1550218 0.1589147 0.1092754 0.0000010 0.1176473 0.1151245 
Perityle_feddemae_99                       0.4202075 0.3786182 0.4243189 0.3775707 0.4516057 0.3519191 0.4546409 0.2484703 0.4511922 0.4668933 0.4274940 0.4463053 0.4728246 0.4610420 0.4889198 0.4559556 0.3587915 0.7098997 0.7822713 0.4001157 0.2680074 0.4453754 0.3864944 0.4406268 0.1192952 0.4366029 0.4399203 0.4249794 0.7912184 0.4018191 0.3797823 0.4327729 0.4829791 0.4914177 0.4296408 0.4495172 0.0000000 0.4419814 0.9137102 0.4573815 0.4415136 0.1349494 0.5034334 0.4377581 0.0410650 0.7600820 0.4419268 0.4407203 0.4443223 0.0343757 0.4483913 0.4398030 0.4346282 0.1428510 0.4551181 0.8080848 0.3450044 0.3614014 0.4339163 0.4392083 0.7971806 0.4726948 0.7727889 0.3759782 0.4458763 0.7835623 0.1445382 0.4427989 0.4436655 0.1467072 0.4506455 0.2763284 0.4428276 0.4989154 0.4467111 0.4585437 0.3862879 0.4400453 0.7818636 0.4449430 0.4311338 0.4223470 0.4103268 0.4511533 0.5079870 0.3521039 
Perityle_fosteri_93                        0.0848488 0.0946710 0.0837773 0.4371734 0.2319493 0.4474273 0.3109439 0.2820874 0.3614618 0.1188091 0.1037847 0.0551267 0.1704072 0.0628397 0.0839331 0.0688285 0.0628732 0.3496450 0.3087987 0.0483510 0.1012435 0.0892736 0.0990479 0.0714830 0.2603923 0.0944726 0.0973676 0.0942344 0.3010495 0.1176352 0.1567211 0.0926726 0.1400338 0.1230765 0.0561886 0.1263114 0.4419814 0.0000000 0.6576713 0.0699168 0.0847547 0.3783051 0.1639844 0.0956692 0.3502303 0.3169795 0.0611541 0.0967626 0.0671509 0.4533068 0.0672955 0.0647454 0.0937650 0.3949095 0.0715582 0.3560994 0.4634708 0.0865804 0.0935081 0.0968205 0.3170120 0.2310264 0.3434667 0.0968808 0.0539936 0.2855517 0.3531155 0.1165295 0.1288648 0.2769214 0.0655998 0.0488298 0.1270220 0.1188041 0.0796732 0.0725549 0.0707477 0.1180164 0.2891846 0.0706708 0.0964752 0.1328388 0.0644480 0.1251338 0.0525418 0.0472125 
Perityle_gamon_221                         0.6058664 0.3888679 0.6146761 0.9516336 0.7868121 0.7819771 0.7982778 0.4089510 0.8270759 0.6868778 0.6373271 0.6190768 0.7155708 0.6110265 0.5924476 0.6412893 0.2682993 0.7487609 0.7235122 0.6209377 0.2443413 0.6363417 0.3452281 0.6378356 0.6450471 0.6234586 0.6512321 0.6164404 0.7142522 0.3734126 0.4538247 0.6387840 0.6987793 0.6529156 0.6300227 0.6667946 0.9137102 0.6576713 0.0000000 0.6455614 0.6236633 0.8968772 0.6472317 0.6196677 0.7594227 0.7363292 0.6311087 0.6292229 0.6067420 0.9079289 0.6359274 0.6441072 0.6508972 0.8989648 0.6457281 0.7336902 0.8446880 0.4740524 0.6172492 0.6303165 0.7454366 0.4833344 0.7565703 0.3413466 0.6156566 0.7122477 0.8320952 0.6428825 0.6492913 0.6336282 0.6331989 0.5061872 0.6700237 0.5502452 0.5897371 0.6284972 0.3493534 0.6451654 0.7026091 0.6355430 0.6012506 0.3670432 0.6252758 0.6823913 0.4899919 0.4552505 
Perityle_gentryi_8_san_francisco           0.0821826 0.0722097 0.0857682 0.4466614 0.2442089 0.4456845 0.3109384 0.2987844 0.3892435 0.1208160 0.1106993 0.0718048 0.1833306 0.0580357 0.0821214 0.0133701 0.0609628 0.3503609 0.3080080 0.0585525 0.1119132 0.0980651 0.1189669 0.0849887 0.2626808 0.0846396 0.0982073 0.1058515 0.3101114 0.1236483 0.1299255 0.0873451 0.1390880 0.1253288 0.0592708 0.1256849 0.4573815 0.0699168 0.6455614 0.0000000 0.0912600 0.3821044 0.1674887 0.0882530 0.3631013 0.3278492 0.0711775 0.0881539 0.0678747 0.4663408 0.0812551 0.0611008 0.0981454 0.4035627 0.0758210 0.3716750 0.4664156 0.0750683 0.0860356 0.0915323 0.3226706 0.2155729 0.3480596 0.0732113 0.0729078 0.2948928 0.3555859 0.1183167 0.1280609 0.2664996 0.0688163 0.0527641 0.1252212 0.0952707 0.0664195 0.0767645 0.0675762 0.1173994 0.2982758 0.0715243 0.1059360 0.1230197 0.0558842 0.1245305 0.0621187 0.0571799 
Perityle_gilensis_22_Superstition          0.0962814 0.0651083 0.0857499 0.4601181 0.2273016 0.4509084 0.3088316 0.2794276 0.3738688 0.1318385 0.0731825 0.0752679 0.1651334 0.0870902 0.0970858 0.0890385 0.0400690 0.3342792 0.3338334 0.0492625 0.0889805 0.0311984 0.0989410 0.0894809 0.2540060 0.0356768 0.0506390 0.0600281 0.3266388 0.0974921 0.1201259 0.0876379 0.1533537 0.1419013 0.0792937 0.1374963 0.4415136 0.0847547 0.6236633 0.0912600 0.0000000 0.3790858 0.1042954 0.0389349 0.3485327 0.2442125 0.0886055 0.0388939 0.0885483 0.4551546 0.0858995 0.0826459 0.0582881 0.4019264 0.0894869 0.2983443 0.4600956 0.0607370 0.0346745 0.0387375 0.3411338 0.2037719 0.2986955 0.0609310 0.0729050 0.3144622 0.3566147 0.0816559 0.0890228 0.2588572 0.0848007 0.0037742 0.1212111 0.0412410 0.0418702 0.0871309 0.0477515 0.0807313 0.3113145 0.0797192 0.0381713 0.1120169 0.0341639 0.1360022 0.0521815 0.0350184 
Perityle_gilensis_salensis_225             0.3712884 0.3458691 0.3658772 0.3682376 0.4099020 0.3025800 0.4049634 0.2417337 0.4307832 0.3947730 0.3833889 0.3731156 0.3880228 0.3772392 0.4217336 0.3821989 0.3186237 0.6766185 0.7136390 0.3746575 0.2684852 0.3861052 0.3370282 0.3816195 0.0428783 0.3682537 0.3776202 0.3725809 0.7215126 0.4484065 0.3164588 0.3954280 0.4246421 0.4192971 0.3662464 0.3858134 0.1349494 0.3783051 0.8968772 0.3821044 0.3790858 0.0000000 0.4551075 0.3713814 0.1282487 0.6853247 0.3783485 0.3742965 0.3723501 0.1212107 0.3908697 0.3702000 0.3669849 0.0488534 0.3880296 0.7460191 0.2401935 0.3368153 0.3660078 0.3718678 0.7293070 0.4525262 0.7076261 0.3434469 0.3879767 0.7116743 0.0555390 0.3874466 0.3934570 0.0645081 0.3840450 0.2430402 0.3878446 0.4367672 0.4162122 0.3818095 0.3429098 0.3857064 0.7077676 0.3743846 0.3800907 0.3999216 0.3666526 0.3848481 0.4640467 0.3237079 
Perityle_glaucescens_94                    0.1689725 0.1235739 0.1536318 0.5207588 0.3333371 0.4364332 0.3635254 0.2956229 0.4474530 0.1773521 0.1283531 0.1504906 0.2583737 0.1449046 0.1536786 0.1627489 0.0827897 0.2915917 0.3116426 0.1158239 0.1215374 0.1139146 0.1367880 0.1611417 0.2754205 0.1150067 0.1269127 0.1233360 0.3018765 0.1433768 0.1363305 0.1290538 0.2054810 0.1760532 0.1619595 0.1827602 0.5034334 0.1639844 0.6472317 0.1674887 0.1042954 0.4551075 0.0000000 0.1136846 0.3663685 0.1904407 0.1629203 0.1150271 0.1481842 0.5100848 0.1705929 0.1540041 0.1172230 0.4788066 0.1664386 0.2023069 0.3895328 0.1204710 0.1137268 0.1135483 0.2979180 0.2278519 0.2113771 0.1292558 0.1503180 0.2884057 0.4290629 0.1441100 0.1573529 0.2788757 0.1429213 0.0955636 0.1602559 0.1116798 0.1191405 0.1519324 0.0976137 0.1401714 0.2816604 0.1443188 0.1280816 0.1487855 0.1135703 0.1840832 0.1132443 0.0960868 
Perityle_gracilis_11                       0.1079856 0.0795907 0.1009811 0.4554243 0.2470993 0.4364513 0.3235630 0.2763654 0.3714767 0.1364052 0.0843534 0.0877436 0.1795487 0.0715357 0.0844593 0.0860267 0.0539002 0.3367885 0.3448777 0.0530464 0.0882250 0.0410309 0.0982576 0.0986258 0.2519010 0.0102877 0.0575897 0.0689489 0.3362718 0.1139772 0.1123326 0.0892608 0.1580417 0.1429259 0.0808975 0.1452788 0.4377581 0.0956692 0.6196677 0.0882530 0.0389349 0.3713814 0.1136846 0.0000000 0.3420825 0.2558571 0.0936406 0.0102884 0.0643459 0.4487385 0.1026194 0.0676027 0.0563621 0.3997688 0.0982989 0.3050264 0.4649829 0.0741494 0.0082364 0.0126628 0.3519989 0.2200266 0.3021304 0.0838110 0.0876767 0.3238907 0.3523292 0.0915289 0.0954171 0.2681376 0.0885805 0.0514602 0.1248349 0.0103887 0.0115047 0.0765468 0.0500249 0.0906126 0.3283041 0.0677325 0.0454207 0.1172277 0.0064727 0.1421553 0.0729686 0.0602129 
