85
Amauria_brandeegeana_62                    0.0000000 0.0619015 0.0775499 0.1624396 0.0957412 0.0751029 0.1422649 0.1486925 0.2575282 0.0460102 0.0859496 0.0786037 0.0899165 0.0927883 0.0771665 0.0875094 0.1435245 0.1126003 0.0830083 0.0873091 0.0787052 0.0682164 0.0667375 0.0784767 0.0858914 0.0612221 0.0893310 0.1265917 0.0835451 0.0999580 0.0667339 0.1557306 0.1046762 0.0267569 0.0839330 0.0682711 0.1028789 0.0950490 0.1327724 0.1210030 0.0676698 0.0915414 0.1046103 0.0790898 0.1078215 0.0992986 0.0838861 0.0817980 0.0804656 0.0963729 0.0786554 0.0805782 0.0768356 0.0841743 0.0779669 0.1083574 0.0780211 0.0811209 0.0715067 0.0901713 0.1001385 0.0644449 0.0870007 0.1405877 0.0920451 0.0854381 0.0827981 0.1459393 0.0780698 0.0575184 0.0823253 0.0778173 0.1029307 0.0836871 0.0848381 0.0790172 0.0735016 0.0970361 0.0876004 0.1111241 0.0589417 0.1008794 0.0729299 0.1495636 0.0653634 
Amauria_carterae_99_mesa                   0.0619015 0.0000000 0.0564690 0.1285550 0.0896381 0.0848808 0.1091077 0.1500570 0.1969129 0.0708470 0.0816617 0.0761263 0.0860254 0.0788392 0.0760420 0.0802858 0.0779015 0.0872314 0.0749545 0.0780526 0.0810780 0.0652204 0.0777608 0.0754585 0.0811957 0.0532055 0.0797937 0.0811177 0.0752480 0.0850602 0.0753937 0.1524450 0.0785434 0.0631214 0.0790817 0.0583143 0.0940261 0.0804364 0.0770824 0.1215328 0.0596651 0.0794551 0.0872624 0.0742369 0.0884342 0.0938544 0.0766121 0.0764374 0.0790661 0.0860730 0.0720276 0.0766381 0.0788515 0.0751031 0.0754001 0.1041556 0.0732210 0.0734958 0.0689829 0.0697627 0.0742200 0.0601124 0.0763883 0.1479348 0.0791845 0.0729408 0.0751784 0.1843887 0.0709016 0.0426274 0.0755358 0.0754585 0.0834460 0.0769812 0.0837895 0.0707614 0.0844235 0.0888563 0.0650967 0.0801294 0.0514108 0.0787107 0.0701536 0.1325007 0.0761664 
Amauria_rotundifolia_SRR9119150            0.0775499 0.0564690 0.0000000 0.1332971 0.0918563 0.1007387 0.1203240 0.1528061 0.2437753 0.0978185 0.0960672 0.0770489 0.0978340 0.0741742 0.0764106 0.1071833 0.0844770 0.1585168 0.0937733 0.0822395 0.0740178 0.0584803 0.0559039 0.0805089 0.0898688 0.0600621 0.1102218 0.1107471 0.1062970 0.0990175 0.0688806 0.1613497 0.1060363 0.0882321 0.0824654 0.0698978 0.1177302 0.0871530 0.1590715 0.1648867 0.0805422 0.0901483 0.1090264 0.0803365 0.1141638 0.1034421 0.0850750 0.0628733 0.0835472 0.1006394 0.0867430 0.0795885 0.0831501 0.1092796 0.0778875 0.0962198 0.1028574 0.0819633 0.0821458 0.0698584 0.1250472 0.0667473 0.0779324 0.1570017 0.0926065 0.1073866 0.1082031 0.5282037 0.0688786 0.0400861 0.0794979 0.0805089 0.0921834 0.0856736 0.0829871 0.0750794 0.0469642 0.1098133 0.1021797 0.0925229 0.0521739 0.1565836 0.0851258 0.1532042 0.0703849 
Conoclinium_coelestinum_SRR9119114         0.1624396 0.1285550 0.1332971 0.0000000 0.1630740 0.1164811 0.1264269 0.1543389 0.2162742 0.1627448 0.1653004 0.1557233 0.1428883 0.1673119 0.1477830 0.1696603 0.1600777 0.1719274 0.1647169 0.1618990 0.1573841 0.1466202 0.1171978 0.1548436 0.1614990 0.1378361 0.1702267 0.2169294 0.1624665 0.1694465 0.1466186 0.1618002 0.1770344 0.1458358 0.1595138 0.1668790 0.1685499 0.1747011 0.2022239 0.1832605 0.1283542 0.1682319 0.1612342 0.1508757 0.1614702 0.1993942 0.1617089 0.1546028 0.1596950 0.1611251 0.1514463 0.1542061 0.1534867 0.1741558 0.1488377 0.1780454 0.1551306 0.1576528 0.1475897 0.1484345 0.1541063 0.1555895 0.1428632 0.1661706 0.1626347 0.1621334 0.1703929 0.2058704 0.1432879 0.0913832 0.1545251 0.1536145 0.1842402 0.1526655 0.1527338 0.1518935 0.1147853 0.1610439 0.1544469 0.1512357 0.1352989 0.1851932 0.1491836 0.1409010 0.1304406 
Eutetras_palmeri_63                        0.0957412 0.0896381 0.0918563 0.1630740 0.0000000 0.0261779 0.1370781 0.1325286 0.2587982 0.1029853 0.0836182 0.0804547 0.1035316 0.0922986 0.0794833 0.0954050 0.1310527 0.1466112 0.0957252 0.0961953 0.0857281 0.0732780 0.0660877 0.0849343 0.0883465 0.0705914 0.0922169 0.1330746 0.0907291 0.0975292 0.0678847 0.1479274 0.1047815 0.0836517 0.0870633 0.0655270 0.0945632 0.0973374 0.1609292 0.1341266 0.0744812 0.0992770 0.0901467 0.0842038 0.0973831 0.1134593 0.0867600 0.0778666 0.0875507 0.0844668 0.0844941 0.0851182 0.0826764 0.0878571 0.0837729 0.0977949 0.0825422 0.0907605 0.0784221 0.0855271 0.1126154 0.0580868 0.0682520 0.1410267 0.0987344 0.0899063 0.0851585 0.1470524 0.0772858 0.0454367 0.0815793 0.0842842 0.1212179 0.0852919 0.0900132 0.0815886 0.0815220 0.0924575 0.0953852 0.1112944 0.0670977 0.1065287 0.0804907 0.1607668 0.0417341 
Eutetras_pringlei_149_quer                 0.0751029 0.0848808 0.1007387 0.1164811 0.0261779 0.0000000 0.0789348 0.0934097 0.1203173 0.0850318 0.0662822 0.0607176 0.0784939 0.0655259 0.0583994 0.0775583 0.0992326 0.0685420 0.0851217 0.0596013 0.0734231 0.0526502 0.0473771 0.0647748 0.0577659 0.0435857 0.0663408 0.0757285 0.0816032 0.0686368 0.0752628 0.1141833 0.0956000 0.0563416 0.0576060 0.0287519 0.0719971 0.0656207 0.0827318 0.0926977 0.0552881 0.0624893 0.0678190 0.0598709 0.0661091 0.0806977 0.0559677 0.0502366 0.0648132 0.0644422 0.0598780 0.0614377 0.0672007 0.0679112 0.0665440 0.0981588 0.0631198 0.0820372 0.0624529 0.0552650 0.0906902 0.0546427 0.0334987 0.0678671 0.0736202 0.0814436 0.0680076 0.1071212 0.0495959 0.0133363 0.0591768 0.0647748 0.0737622 0.0626412 0.0720088 0.0597818 0.0647755 0.0700691 0.0708691 0.0649691 0.0324441 0.0840442 0.0625054 0.0456204 0.0398335 
Eutrochium_fistulosum_SRR9119106           0.1422649 0.1091077 0.1203240 0.1264269 0.1370781 0.0789348 0.0000000 0.1243933 0.2222601 0.1423240 0.1319410 0.1247127 0.1202322 0.1229377 0.1246402 0.1429022 0.1244756 0.1520848 0.1404785 0.1333495 0.1276553 0.1177183 0.0968561 0.1252006 0.1289193 0.1243552 0.1493547 0.1605399 0.1399155 0.1331130 0.1077212 0.1319122 0.1506954 0.1294434 0.1262418 0.1332903 0.1414825 0.1497764 0.1518331 0.1552294 0.1150115 0.1389862 0.1380896 0.1231053 0.1383021 0.1721697 0.1281285 0.1243555 0.1296614 0.1378974 0.1220051 0.1255968 0.1226169 0.1403929 0.1250993 0.1542627 0.1005043 0.1298345 0.1150860 0.1228160 0.1220025 0.0980763 0.1048097 0.1486134 0.1418181 0.1425003 0.1367822 0.1509290 0.1131083 0.0919250 0.1230533 0.1252006 0.1828997 0.1214325 0.1298190 0.1184909 0.0950177 0.1239694 0.1284005 0.1313081 0.1151009 0.1621209 0.1177314 0.1099668 0.1111120 
Galeana_pratensis_104_mex                  0.1486925 0.1500570 0.1528061 0.1543389 0.1325286 0.0934097 0.1243933 0.0000000 0.1687740 0.1547610 0.1378134 0.1391138 0.1606941 0.1307832 0.1428032 0.1344623 0.1343267 0.1414099 0.1479024 0.1346115 0.1359891 0.1249842 0.0976107 0.1386992 0.1375111 0.1382364 0.1419092 0.1191399 0.1484067 0.1486101 0.1135628 0.1725926 0.1600783 0.1369568 0.1348008 0.1272992 0.1390261 0.1410949 0.1566898 0.1432304 0.1085649 0.1414461 0.1310823 0.1369252 0.1326103 0.1762024 0.1356148 0.0860970 0.1469584 0.1279910 0.1357319 0.1371152 0.1309948 0.1409754 0.1370420 0.1814425 0.1136859 0.1267264 0.1318275 0.1340934 0.1318833 0.0922079 0.1369561 0.1260801 0.1475216 0.1451197 0.1395409 0.1853763 0.1398473 0.0946294 0.1372430 0.1386992 0.1587680 0.1358940 0.1378363 0.1319365 0.1329085 0.1420644 0.1294511 0.1340096 0.1309790 0.1279201 0.1350885 0.1461345 0.1378829 
Helianthus_annuus_SRR9119062               0.2575282 0.1969129 0.2437753 0.2162742 0.2587982 0.1203173 0.2222601 0.1687740 0.0000000 0.2630449 0.2591496 0.2528342 0.2696251 0.2591448 0.2352831 0.2500696 0.3427891 0.2414998 0.2403333 0.2306173 0.2637566 0.2335861 0.0921105 0.2565678 0.2548294 0.2164646 0.2532171 0.2362102 0.2462519 0.2434905 0.1160673 0.2175809 0.2649695 0.2006553 0.2594564 0.2062679 0.2570317 0.2486376 0.2760591 0.2525223 0.2033732 0.2524372 0.2507149 0.2569241 0.2491984 0.2642449 0.2542581 0.2132939 0.2619793 0.2452117 0.2535600 0.2617711 0.2569047 0.2312650 0.2552369 0.2426385 0.1877158 0.2298867 0.1904789 0.2487667 0.1864779 0.1083573 0.2171657 0.1970187 0.2500825 0.2489743 0.2282686 0.3138589 0.2213657 0.1672105 0.2554355 0.2565678 0.2531256 0.2587170 0.2665056 0.2584015 0.2142011 0.2501179 0.2530154 0.2943909 0.2066302 0.2306712 0.1909142 0.2461245 0.2004853 
Lycapsus_tenuifolius_17                    0.0460102 0.0708470 0.0978185 0.1627448 0.1029853 0.0850318 0.1423240 0.1547610 0.2630449 0.0000000 0.0940509 0.0884308 0.0976687 0.0963282 0.0875988 0.0937001 0.1632090 0.1261220 0.0834423 0.0907741 0.0875372 0.0754227 0.0723064 0.0873673 0.0927190 0.0666977 0.0911702 0.1318586 0.0852846 0.0879897 0.0649002 0.1481644 0.1088398 0.0249997 0.0925991 0.0754938 0.1107553 0.0998299 0.1439285 0.1207390 0.0799560 0.1003165 0.1100452 0.0866781 0.1156456 0.1040826 0.0924810 0.0790405 0.0886460 0.0987159 0.0875909 0.0895391 0.0864467 0.0875387 0.0862220 0.1069578 0.0762055 0.0798945 0.0803008 0.0987095 0.1172037 0.0657375 0.0841681 0.1449187 0.1019984 0.0896559 0.0848515 0.1531931 0.0832261 0.0574055 0.0885472 0.0867161 0.0972028 0.0890309 0.0926192 0.0886317 0.0796618 0.1063737 0.0959851 0.1368934 0.0655327 0.0972546 0.0824574 0.1708265 0.0671098 
Pericome_caudata_50_silver                 0.0859496 0.0816617 0.0960672 0.1653004 0.0836182 0.0662822 0.1319410 0.1378134 0.2591496 0.0940509 0.0000000 0.0599193 0.0679359 0.0727285 0.0619932 0.0947544 0.1206484 0.1383298 0.0891702 0.0850603 0.0655248 0.0547881 0.0617925 0.0647968 0.0691625 0.0633933 0.0939831 0.1291562 0.0885701 0.1023219 0.0815986 0.1456787 0.1137458 0.0824449 0.0664641 0.0701071 0.0829692 0.0879575 0.1299860 0.1286107 0.0657616 0.0855705 0.0796703 0.0662051 0.0847269 0.1084554 0.0665603 0.0641694 0.0671927 0.0710177 0.0629386 0.0673233 0.0635528 0.0891250 0.0641940 0.1067367 0.0866787 0.0854160 0.0676669 0.0736207 0.1046993 0.0754453 0.0867644 0.1534479 0.0893332 0.0938222 0.0884438 0.0972391 0.0569099 0.0338436 0.0602528 0.0642009 0.1139011 0.0644527 0.0695635 0.0620382 0.0517814 0.0650394 0.0822550 0.1132074 0.0593597 0.1111406 0.0689044 0.1626876 0.0563857 
Perityle_aglossa_84_dead_horse             0.0786037 0.0761263 0.0770489 0.1557233 0.0804547 0.0607176 0.1247127 0.1391138 0.2528342 0.0884308 0.0599193 0.0000000 0.0328467 0.0490052 0.0299241 0.0858456 0.0971043 0.1397756 0.0839034 0.0725297 0.0438874 0.0325127 0.0483883 0.0338497 0.0379417 0.0380334 0.0939340 0.1167420 0.0845851 0.1014265 0.0733777 0.1521748 0.1042563 0.0765473 0.0346031 0.0564519 0.0758336 0.0802190 0.1339994 0.1253431 0.0428255 0.0756005 0.0743207 0.0357661 0.0785824 0.0955088 0.0317832 0.0439445 0.0344270 0.0662040 0.0379155 0.0344932 0.0352119 0.0885784 0.0318868 0.1012565 0.0812588 0.0765843 0.0563128 0.0503535 0.0974834 0.0644685 0.0766709 0.1581010 0.0689775 0.0844614 0.0872740 0.1136429 0.0663198 0.0338060 0.0327729 0.0332810 0.1129027 0.0368311 0.0394839 0.0332410 0.0321466 0.0785937 0.0765488 0.0873232 0.0314542 0.1168530 0.0582282 0.1609479 0.0598050 
Perityle_ajoensis_204                      0.0899165 0.0860254 0.0978340 0.1428883 0.1035316 0.0784939 0.1202322 0.1606941 0.2696251 0.0976687 0.0679359 0.0328467 0.0000000 0.0529743 0.0154836 0.1091698 0.1413996 0.1510447 0.1036308 0.0789695 0.0500209 0.0269110 0.0524244 0.0136021 0.0417437 0.0198287 0.1131117 0.1083681 0.0967361 0.1091617 0.0725979 0.1819661 0.1269695 0.0773621 0.0318881 0.0576917 0.0820175 0.0884648 0.1388988 0.1523991 0.0395767 0.0885183 0.0824252 0.0170328 0.0887854 0.1105797 0.0276549 0.0121161 0.0128005 0.0729969 0.0250693 0.0176515 0.0408777 0.1011845 0.0154133 0.1410265 0.0955665 0.0892999 0.0727796 0.0477699 0.1020155 0.0671009 0.0850565 0.1800080 0.0873495 0.0998097 0.1031446 0.1179672 0.0846469 0.0242905 0.0160273 0.0136021 0.1216161 0.0351916 0.0333424 0.0241948 0.0354375 0.0832140 0.0850243 0.0881278 0.0421686 0.1015965 0.0725802 0.2015725 0.0707156 
Perityle_ambrosiifolia_67_green            0.0927883 0.0788392 0.0741742 0.1673119 0.0922986 0.0655259 0.1229377 0.1307832 0.2591448 0.0963282 0.0727285 0.0490052 0.0529743 0.0000000 0.0375795 0.0980970 0.0802772 0.1273134 0.0885364 0.0772430 0.0311205 0.0326247 0.0665812 0.0504931 0.0443103 0.0479171 0.1013352 0.1227917 0.0943088 0.0970320 0.0719758 0.1505894 0.1113042 0.0784539 0.0493350 0.0472166 0.0904246 0.0925691 0.1388727 0.1311950 0.0247925 0.0872298 0.0915387 0.0541653 0.0999817 0.1115981 0.0496799 0.0608645 0.0541939 0.0831329 0.0544093 0.0555271 0.0253098 0.0966524 0.0461324 0.0986663 0.0855127 0.0790067 0.0628846 0.0511054 0.0901200 0.0632388 0.0634308 0.1503829 0.0992315 0.0958465 0.0952762 0.1452194 0.0613517 0.0425188 0.0429876 0.0510964 0.1098787 0.0492846 0.0413503 0.0476612 0.0309974 0.0897784 0.0887461 0.0719886 0.0457148 0.1215683 0.0641896 0.1361890 0.0560910 
Perityle_angustifolia_13_Eagle_creek       0.0771665 0.0760420 0.0764106 0.1477830 0.0794833 0.0583994 0.1246402 0.1428032 0.2352831 0.0875988 0.0619932 0.0299241 0.0154836 0.0375795 0.0000000 0.0836714 0.1039827 0.1470282 0.0869886 0.0636192 0.0405642 0.0241493 0.0486016 0.0193119 0.0354549 0.0273160 0.0931400 0.0896910 0.0832871 0.0941595 0.0728143 0.1489835 0.1146912 0.0705240 0.0270886 0.0492668 0.0817749 0.0735308 0.1214916 0.1340708 0.0378022 0.0705054 0.0816062 0.0200077 0.0869760 0.0927285 0.0289737 0.0326194 0.0211066 0.0712302 0.0287573 0.0222956 0.0361682 0.0864272 0.0184729 0.1056729 0.0803176 0.0776646 0.0543513 0.0400709 0.0971576 0.0606229 0.0700591 0.1572109 0.0753736 0.0845381 0.0864445 0.1356958 0.0682797 0.0195578 0.0145555 0.0193119 0.1051359 0.0361952 0.0340782 0.0208544 0.0270315 0.0828148 0.0783120 0.0827826 0.0363248 0.1159553 0.0549484 0.1690089 0.0599199 
Perityle_batopilensis_97                   0.0875094 0.0802858 0.1071833 0.1696603 0.0954050 0.0775583 0.1429022 0.1344623 0.2500696 0.0937001 0.0947544 0.0858456 0.1091698 0.0980970 0.0836714 0.0000000 0.1575727 0.1287600 0.0764156 0.0952144 0.0951027 0.0758556 0.0665218 0.0904803 0.0926148 0.0750846 0.0513232 0.0808781 0.0776654 0.0963909 0.0528277 0.1377648 0.0947333 0.0906761 0.0909307 0.0629400 0.1139407 0.1005994 0.1412239 0.1058510 0.0770653 0.0941143 0.1111238 0.0921907 0.1170801 0.0958341 0.0934909 0.0920996 0.0917066 0.1046358 0.0897046 0.0913065 0.0885574 0.0508198 0.0867293 0.1139439 0.0353909 0.0579425 0.0695720 0.0917232 0.1165091 0.0405527 0.0921851 0.1090230 0.0935804 0.0813367 0.0489960 0.1629786 0.0806418 0.0661338 0.0879462 0.0898685 0.1060953 0.0916716 0.0961016 0.0925780 0.0873616 0.1052345 0.0856294 0.1336068 0.0670978 0.0777223 0.0714906 0.1881823 0.0746266 
Perityle_bisetosa_9                        0.1435245 0.0779015 0.0844770 0.1600777 0.1310527 0.0992326 0.1244756 0.1343267 0.3427891 0.1632090 0.1206484 0.0971043 0.1413996 0.0802772 0.1039827 0.1575727 0.0000000 0.2008850 0.1268498 0.1064525 0.0398893 0.0235594 0.0484031 0.1044815 0.1101725 0.0434655 0.1609206 0.1954059 0.1355929 0.1136326 0.0736328 0.2289731 0.1121289 0.1431240 0.0996063 0.0472595 0.1468681 0.1397568 0.2111027 0.1885666 0.1146951 0.1303554 0.1356287 0.1039900 0.1422208 0.1624664 0.0948378 0.0370197 0.1057326 0.1351575 0.1095805 0.1078353 0.0891340 0.1583814 0.1030226 0.1091070 0.1688421 0.1028018 0.1234591 0.0525381 0.1359403 0.0589776 0.0698624 0.1702976 0.1401768 0.1547385 0.1569498 0.2447341 0.0657562 0.0309029 0.0943064 0.1038584 0.1730884 0.1042412 0.0983094 0.1019496 0.0251538 0.1341720 0.1402730 0.1169255 0.0421235 0.1417183 0.1269278 0.1759848 0.0580467 
Perityle_californica_76_positas            0.1126003 0.0872314 0.1585168 0.1719274 0.1466112 0.0685420 0.1520848 0.1414099 0.2414998 0.1261220 0.1383298 0.1397756 0.1510447 0.1273134 0.1470282 0.1287600 0.2008850 0.0000000 0.0943043 0.0975487 0.1326946 0.1145978 0.0649491 0.1424384 0.1466836 0.1260891 0.1288024 0.1331242 0.1289942 0.0923448 0.0649121 0.0956471 0.1130182 0.1274609 0.1392510 0.1158165 0.1613418 0.1287540 0.1644593 0.0826076 0.1417550 0.1311122 0.1628390 0.1389400 0.1654025 0.1527871 0.1443238 0.1018872 0.1455997 0.1488980 0.1397817 0.1410110 0.1458551 0.1269617 0.1405736 0.1522347 0.0729637 0.0789784 0.1231931 0.1319509 0.1487768 0.0434778 0.1026187 0.1306644 0.1336022 0.1345607 0.1269885 0.2032765 0.1166328 0.0781865 0.1441693 0.1424384 0.1253827 0.1379960 0.1461038 0.1415334 0.1022027 0.1471943 0.1407246 0.1724714 0.1127189 0.0959013 0.1238607 0.0702188 0.0803537 
Perityle_canescens_77                      0.0830083 0.0749545 0.0937733 0.1647169 0.0957252 0.0851217 0.1404785 0.1479024 0.2403333 0.0834423 0.0891702 0.0839034 0.1036308 0.0885364 0.0869886 0.0764156 0.1268498 0.0943043 0.0000000 0.0889279 0.0894738 0.0763694 0.0706211 0.0832561 0.0937645 0.0622470 0.0846597 0.1055824 0.0699787 0.0966370 0.0615967 0.1478854 0.0900638 0.0859513 0.0914280 0.0530636 0.1041189 0.0889289 0.1250613 0.1114106 0.0769966 0.0891297 0.1019598 0.0862249 0.1104044 0.0991568 0.0870326 0.0854564 0.0862351 0.0916860 0.0870432 0.0886031 0.0865524 0.0809691 0.0854496 0.1023310 0.0681349 0.0605703 0.0744103 0.0850006 0.1015581 0.0378906 0.0781025 0.1419620 0.0888471 0.0747898 0.0794389 0.1777202 0.0674405 0.0574455 0.0875183 0.0832561 0.1070414 0.0902491 0.0949799 0.0890981 0.0890995 0.0949834 0.0891535 0.1082705 0.0588258 0.0873546 0.0757929 0.1330181 0.0544479 
Perityle_castillonii_96                    0.0873091 0.0780526 0.0822395 0.1618990 0.0961953 0.0596013 0.1333495 0.1346115 0.2306173 0.0907741 0.0850603 0.0725297 0.0789695 0.0772430 0.0636192 0.0952144 0.1064525 0.0975487 0.0889279 0.0000000 0.0806613 0.0477813 0.0186232 0.0753208 0.0805122 0.0500494 0.1001023 0.1178305 0.0951180 0.1013261 0.0687584 0.1297958 0.1073548 0.0690449 0.0767906 0.0525168 0.0948222 0.0136881 0.1326002 0.1236078 0.0629070 0.0221981 0.0991095 0.0767130 0.1017268 0.1111825 0.0668326 0.0760825 0.0796671 0.0892838 0.0675177 0.0776167 0.0762977 0.0924928 0.0767156 0.1030467 0.0775795 0.0844335 0.0179009 0.0588409 0.0852929 0.0562092 0.0697318 0.1500821 0.0275980 0.0992862 0.0909470 0.1748317 0.0709866 0.0309122 0.0717692 0.0745977 0.1019697 0.0666823 0.0827301 0.0738164 0.0647532 0.1035816 0.0912903 0.0954285 0.0560428 0.1096658 0.0193387 0.1293259 0.0579196 
Perityle_cernua_84                         0.0787052 0.0810780 0.0740178 0.1573841 0.0857281 0.0734231 0.1276553 0.1359891 0.2637566 0.0875372 0.0655248 0.0438874 0.0500209 0.0311205 0.0405642 0.0951027 0.0398893 0.1326946 0.0894738 0.0806613 0.0000000 0.0356604 0.0721586 0.0485129 0.0366468 0.0545534 0.0966366 0.1316864 0.0903028 0.1036852 0.0701843 0.1571753 0.1094073 0.0803919 0.0423582 0.0503433 0.0831163 0.0853409 0.1476592 0.1277193 0.0298183 0.0808661 0.0778065 0.0497509 0.0861503 0.1060057 0.0440217 0.0483344 0.0497992 0.0719435 0.0501202 0.0498722 0.0181457 0.0916113 0.0455190 0.1032656 0.0913254 0.0828869 0.0630296 0.0420635 0.0954414 0.0662148 0.0650847 0.1539768 0.0897496 0.0915654 0.0901912 0.1353824 0.0609847 0.0454394 0.0378990 0.0478848 0.1112523 0.0461644 0.0500131 0.0417751 0.0345589 0.0830323 0.0808652 0.0462063 0.0432233 0.1274269 0.0652104 0.1356828 0.0579636 
Perityle_cfvillosa_25_tin                  0.0682164 0.0652204 0.0584803 0.1466202 0.0732780 0.0526502 0.1177183 0.1249842 0.2335861 0.0754227 0.0547881 0.0325127 0.0269110 0.0326247 0.0241493 0.0758556 0.0235594 0.1145978 0.0763694 0.0477813 0.0356604 0.0000000 0.0425039 0.0271098 0.0368360 0.0408675 0.0842558 0.1050073 0.0753321 0.0809287 0.0710558 0.1383443 0.0896841 0.0621226 0.0291547 0.0516772 0.0715665 0.0512150 0.1276245 0.1126929 0.0425962 0.0446539 0.0703189 0.0306521 0.0797891 0.0899264 0.0292350 0.0256500 0.0292417 0.0609783 0.0175318 0.0328726 0.0336087 0.0769974 0.0232561 0.0953711 0.0740165 0.0675085 0.0184226 0.0095939 0.0785112 0.0608846 0.0667398 0.1546954 0.0499639 0.0776352 0.0753423 0.1328741 0.0648481 0.0195681 0.0200188 0.0271098 0.1064598 0.0269318 0.0386048 0.0305778 0.0204826 0.0744952 0.0723377 0.0416232 0.0445468 0.1091973 0.0223308 0.1266032 0.0562516 
Perityle_cinerea_113_Powell1310            0.0667375 0.0777608 0.0559039 0.1171978 0.0660877 0.0473771 0.0968561 0.0976107 0.0921105 0.0723064 0.0617925 0.0483883 0.0524244 0.0665812 0.0486016 0.0665218 0.0484031 0.0649491 0.0706211 0.0186232 0.0721586 0.0425039 0.0000000 0.0484395 0.0611997 0.0268521 0.0757642 0.0723030 0.0740779 0.0629203 0.0601986 0.1092810 0.0744363 0.0438929 0.0595253 0.0613010 0.0635223 0.0220800 0.0647579 0.0798598 0.0487832 0.0152365 0.0591201 0.0466308 0.0609463 0.0592199 0.0430972 0.0387682 0.0538519 0.0572996 0.0484205 0.0448466 0.0684246 0.0739529 0.0519604 0.1175795 0.0631363 0.0666272 0.0169091 0.0460763 0.0772356 0.0536168 0.0741149 0.0739212 0.0169056 0.0703530 0.0758787 0.1362022 0.0656032 0.0301498 0.0467242 0.0484395 0.0723275 0.0503605 0.0538151 0.0466025 0.0555685 0.0777280 0.0647956 0.0558815 0.0487319 0.0684117 0.0186419 0.0813368 0.0654751 
Perityle_coahuilensis_24                   0.0784767 0.0754585 0.0805089 0.1548436 0.0849343 0.0647748 0.1252006 0.1386992 0.2565678 0.0873673 0.0647968 0.0338497 0.0136021 0.0504931 0.0193119 0.0904803 0.1044815 0.1424384 0.0832561 0.0753208 0.0485129 0.0271098 0.0484395 0.0000000 0.0413554 0.0150579 0.0958130 0.1186940 0.0877492 0.0973079 0.0735941 0.1506012 0.1124787 0.0730941 0.0330353 0.0605773 0.0832747 0.0876775 0.1386753 0.1295746 0.0300356 0.0846574 0.0811969 0.0135427 0.0869231 0.0976637 0.0352588 0.0159381 0.0096590 0.0720626 0.0236877 0.0156441 0.0414387 0.0898966 0.0110263 0.1122120 0.0817781 0.0722259 0.0615402 0.0441851 0.0994655 0.0602647 0.0698893 0.1574553 0.0809490 0.0893775 0.0885893 0.1235083 0.0686476 0.0223621 0.0200173 0.0005328 0.1132790 0.0316469 0.0250790 0.0220164 0.0274582 0.0810132 0.0802134 0.0762846 0.0297910 0.1180348 0.0628151 0.1698096 0.0634627 
Perityle_cochisensis_44_cave_creek         0.0858914 0.0811957 0.0898688 0.1614990 0.0883465 0.0577659 0.1289193 0.1375111 0.2548294 0.0927190 0.0691625 0.0379417 0.0417437 0.0443103 0.0354549 0.0926148 0.1101725 0.1466836 0.0937645 0.0805122 0.0366468 0.0368360 0.0611997 0.0413554 0.0000000 0.0590162 0.0962027 0.1241803 0.0915706 0.1028934 0.0718436 0.1534469 0.1206549 0.0829580 0.0324380 0.0600962 0.0878770 0.0882509 0.1430213 0.1313224 0.0422242 0.0891189 0.0865016 0.0427642 0.0917433 0.1028529 0.0341336 0.0427025 0.0425102 0.0777473 0.0450354 0.0437434 0.0290188 0.0903187 0.0396520 0.1095000 0.0855539 0.0781475 0.0668171 0.0533535 0.1020043 0.0676649 0.0822089 0.1443573 0.0923785 0.0936952 0.0890222 0.1170277 0.0781684 0.0662523 0.0328120 0.0407795 0.1163502 0.0496374 0.0500928 0.0392888 0.0500632 0.0864292 0.0826624 0.0868540 0.0455512 0.1266323 0.0687446 0.1745891 0.0708586 
Perityle_congesta_202                      0.0612221 0.0532055 0.0600621 0.1378361 0.0705914 0.0435857 0.1243552 0.1382364 0.2164646 0.0666977 0.0633933 0.0380334 0.0198287 0.0479171 0.0273160 0.0750846 0.0434655 0.1260891 0.0622470 0.0500494 0.0545534 0.0408675 0.0268521 0.0150579 0.0590162 0.0000000 0.0855871 0.0814802 0.0685157 0.0740921 0.0537717 0.1334279 0.0874011 0.0731250 0.0438452 0.0648819 0.0835404 0.0513142 0.1285197 0.1354790 0.0304837 0.0510362 0.0768438 0.0179113 0.0822611 0.0688683 0.0494842 0.0185645 0.0169730 0.0651364 0.0414001 0.0122194 0.0566762 0.0866916 0.0135530 0.0909184 0.0710387 0.0524029 0.0435662 0.0454421 0.0955633 0.0563292 0.0714784 0.1429349 0.0508855 0.0684862 0.0834228 0.6207969 0.0641495 0.0223548 0.0314313 0.0150579 0.0614887 0.0321464 0.0131811 0.0224003 0.0074568 0.0829727 0.0596679 0.0543520 0.0363628 0.1192543 0.0445835 0.1384199 0.0529042 
Perityle_cordifolia_27                     0.0893310 0.0797937 0.1102218 0.1702267 0.0922169 0.0663408 0.1493547 0.1419092 0.2532171 0.0911702 0.0939831 0.0939340 0.1131117 0.1013352 0.0931400 0.0513232 0.1609206 0.1288024 0.0846597 0.1001023 0.0966366 0.0842558 0.0757642 0.0958130 0.0962027 0.0855871 0.0000000 0.0945482 0.0767968 0.1009197 0.0683029 0.1386066 0.0974043 0.0912055 0.0997893 0.0685610 0.1178097 0.1044496 0.1434102 0.1145968 0.0857812 0.1002876 0.1137781 0.0950996 0.1212282 0.1010450 0.0961564 0.0933564 0.0983488 0.1016092 0.0946923 0.0972753 0.0927260 0.0078912 0.0976988 0.1205306 0.0439746 0.0632551 0.0820005 0.1011498 0.1187971 0.0516292 0.0947765 0.1014828 0.1007024 0.0805071 0.0056270 0.1579757 0.0825737 0.0841727 0.0935059 0.0951825 0.1151365 0.0989571 0.1046527 0.0972326 0.0949047 0.1034019 0.0842297 0.1298690 0.0750648 0.0864544 0.0826301 0.1814978 0.0761621 
Perityle_cordifolia_68_tecolote            0.1265917 0.0811177 0.1107471 0.2169294 0.1330746 0.0757285 0.1605399 0.1191399 0.2362102 0.1318586 0.1291562 0.1167420 0.1083681 0.1227917 0.0896910 0.0808781 0.1954059 0.1331242 0.1055824 0.1178305 0.1316864 0.1050073 0.0723030 0.1186940 0.1241803 0.0814802 0.0945482 0.0000000 0.1088926 0.1288716 0.0631748 0.1341183 0.1256628 0.0896927 0.1246306 0.0619953 0.1393838 0.1350441 0.1660689 0.1438841 0.0761138 0.1288497 0.1381124 0.1234235 0.1354659 0.1296661 0.1241833 0.1476107 0.1207120 0.1265244 0.1196563 0.1208924 0.1167109 0.0920948 0.1149261 0.1107496 0.0157597 0.0840077 0.0760529 0.1151969 0.1174922 0.0433533 0.0857579 0.0988982 0.1292664 0.1118462 0.0914090 0.2470481 0.0772438 0.0644526 0.1166320 0.1193253 0.1135595 0.1232890 0.1237918 0.1224568 0.0906898 0.1427188 0.1151982 0.1778647 0.0658290 0.0984496 0.0780289 0.1723378 0.0636287 
Perityle_coronopifolia_28_patagonia        0.0835451 0.0752480 0.1062970 0.1624665 0.0907291 0.0816032 0.1399155 0.1484067 0.2462519 0.0852846 0.0885701 0.0845851 0.0967361 0.0943088 0.0832871 0.0776654 0.1355929 0.1289942 0.0699787 0.0951180 0.0903028 0.0753321 0.0740779 0.0877492 0.0915706 0.0685157 0.0767968 0.1088926 0.0000000 0.1024708 0.0700579 0.1429111 0.0921917 0.0865596 0.0884931 0.0438121 0.1086434 0.1011916 0.1410427 0.1143903 0.0784719 0.0983168 0.1046190 0.0882982 0.1121501 0.0964032 0.0887020 0.0898459 0.0865060 0.0969912 0.0912439 0.0891976 0.0879688 0.0734705 0.0845337 0.0991909 0.0559093 0.0627127 0.0803887 0.0881036 0.1079904 0.0474544 0.0807078 0.1277655 0.1003791 0.0137025 0.0721814 0.1672989 0.0707838 0.0693627 0.0825861 0.0871213 0.1089630 0.0930196 0.0970854 0.0848060 0.0823555 0.1003934 0.0781478 0.1132045 0.0597776 0.0464605 0.0823586 0.1683133 0.0634995 
Perityle_crassifolia_70_ventanas           0.0999580 0.0850602 0.0990175 0.1694465 0.0975292 0.0686368 0.1331130 0.1486101 0.2434905 0.0879897 0.1023219 0.1014265 0.1091617 0.0970320 0.0941595 0.0963909 0.1136326 0.0923448 0.0966370 0.1013261 0.1036852 0.0809287 0.0629203 0.0973079 0.1028934 0.0740921 0.1009197 0.1288716 0.1024708 0.0000000 0.0160814 0.1261363 0.1078321 0.0897756 0.1072856 0.0757072 0.1127392 0.1094217 0.1108354 0.1206219 0.0802076 0.1052936 0.1065812 0.0963443 0.1180465 0.1192981 0.1027082 0.0904259 0.1000088 0.1075124 0.0954561 0.0984247 0.0966747 0.0943980 0.0980365 0.1297736 0.0759345 0.0934706 0.0777014 0.0869840 0.1101104 0.0558541 0.0864657 0.1286772 0.1062810 0.1041711 0.0915816 0.1653235 0.0882665 0.0587049 0.0987787 0.0981868 0.0664785 0.1040181 0.1087957 0.0997746 0.0861119 0.1148762 0.1141554 0.0976390 0.0758784 0.1032471 0.0797736 0.1094318 0.0747660 
Perityle_crassifolia_74_playa_balandra     0.0667339 0.0753937 0.0688806 0.1466186 0.0678847 0.0752628 0.1077212 0.1135628 0.1160673 0.0649002 0.0815986 0.0733777 0.0725979 0.0719758 0.0728143 0.0528277 0.0736328 0.0649121 0.0615967 0.0687584 0.0701843 0.0710558 0.0601986 0.0735941 0.0718436 0.0537717 0.0683029 0.0631748 0.0700579 0.0160814 0.0000000 0.1070257 0.0785472 0.0560061 0.0772372 0.0509467 0.0871177 0.0757272 0.0667062 0.0777178 0.0437970 0.0669693 0.0826393 0.0700338 0.0825666 0.0769887 0.0771526 0.0778045 0.0754385 0.0789771 0.0735525 0.0700544 0.0701367 0.0630967 0.0753161 0.1156933 0.0545903 0.0578886 0.0650828 0.0706684 0.0878626 0.0584506 0.0744639 0.0762793 0.0721240 0.0665457 0.0666368 0.1593657 0.0662047 0.0411182 0.0684011 0.0735941 0.0144528 0.0735908 0.0753715 0.0682285 0.0698123 0.0876536 0.0719311 0.0703136 0.0508886 0.0546024 0.0669014 0.0765638 0.0661268 
Perityle_cuneata_34_cuneata_San_antonio    0.1557306 0.1524450 0.1613497 0.1618002 0.1479274 0.1141833 0.1319122 0.1725926 0.2175809 0.1481644 0.1456787 0.1521748 0.1819661 0.1505894 0.1489835 0.1377648 0.2289731 0.0956471 0.1478854 0.1297958 0.1571753 0.1383443 0.1092810 0.1506012 0.1534469 0.1334279 0.1386066 0.1341183 0.1429111 0.1261363 0.1070257 0.0000000 0.1603387 0.1284219 0.1520763 0.1208574 0.1638597 0.1362020 0.1578234 0.1321634 0.1315717 0.1376736 0.1628600 0.1458544 0.1610341 0.1441985 0.1520496 0.1026510 0.1518485 0.1583289 0.1464629 0.1471719 0.1515019 0.1395816 0.1514767 0.1529183 0.1143282 0.1356412 0.1297429 0.1525175 0.1740631 0.0820142 0.1295630 0.1360180 0.1407551 0.1429334 0.1374309 0.2350288 0.1401783 0.0819413 0.1508466 0.1506012 0.1378369 0.1477062 0.1527876 0.1479588 0.1346704 0.1578054 0.1485021 0.1888638 0.1390348 0.1374511 0.1292075 0.0802501 0.1319639 
Perityle_cuneata_4                         0.1046762 0.0785434 0.1060363 0.1770344 0.1047815 0.0956000 0.1506954 0.1600783 0.2649695 0.1088398 0.1137458 0.1042563 0.1269695 0.1113042 0.1146912 0.0947333 0.1121289 0.1130182 0.0900638 0.1073548 0.1094073 0.0896841 0.0744363 0.1124787 0.1206549 0.0874011 0.0974043 0.1256628 0.0921917 0.1078321 0.0785472 0.1603387 0.0000000 0.1144185 0.1162584 0.0831094 0.1300876 0.1176139 0.1367965 0.1289638 0.1069048 0.1136890 0.1232283 0.1107970 0.1338857 0.1371918 0.1104179 0.0981664 0.1142331 0.1240733 0.1115753 0.1143871 0.1129169 0.0938346 0.1100945 0.1278542 0.0846889 0.0893244 0.1025286 0.0971201 0.1281094 0.0612328 0.0875868 0.1578114 0.1158753 0.0935833 0.0930366 0.2087930 0.0834204 0.0637651 0.1090238 0.1116485 0.1443618 0.1086603 0.1199793 0.1055712 0.0949588 0.1228695 0.1195094 0.1115343 0.0782824 0.0986929 0.1061068 0.1256421 0.0704097 
Perityle_discoidea_81                      0.0267569 0.0631214 0.0882321 0.1458358 0.0836517 0.0563416 0.1294434 0.1369568 0.2006553 0.0249997 0.0824449 0.0765473 0.0773621 0.0784539 0.0705240 0.0906761 0.1431240 0.1274609 0.0859513 0.0690449 0.0803919 0.0621226 0.0438929 0.0730941 0.0829580 0.0731250 0.0912055 0.0896927 0.0865596 0.0897756 0.0560061 0.1284219 0.1144185 0.0000000 0.0744168 0.0781936 0.1034189 0.0778028 0.1253718 0.1277182 0.0768345 0.0796384 0.1038664 0.0769549 0.1016922 0.0795664 0.0828895 0.0641175 0.0762931 0.0860689 0.0740314 0.0755292 0.0766851 0.0920798 0.0737080 0.1098902 0.0784144 0.0780966 0.0703917 0.0858181 0.1046554 0.0589845 0.0825722 0.1116602 0.0863074 0.0878988 0.0896592 0.1643433 0.0792424 0.0544204 0.0738879 0.0730941 0.0689112 0.0795715 0.0813249 0.0754701 0.0612264 0.0974450 0.0855766 0.1090136 0.0626625 0.1099082 0.0719090 0.1356611 0.0529097 
Perityle_dissecta_201                      0.0839330 0.0790817 0.0824654 0.1595138 0.0870633 0.0576060 0.1262418 0.1348008 0.2594564 0.0925991 0.0664641 0.0346031 0.0318881 0.0493350 0.0270886 0.0909307 0.0996063 0.1392510 0.0914280 0.0767906 0.0423582 0.0291547 0.0595253 0.0330353 0.0324380 0.0438452 0.0997893 0.1246306 0.0884931 0.1072856 0.0772372 0.1520763 0.1162584 0.0744168 0.0000000 0.0519288 0.0809695 0.0864496 0.1366428 0.1347499 0.0440731 0.0833934 0.0801211 0.0349633 0.0852378 0.0986284 0.0302720 0.0420310 0.0341850 0.0728453 0.0388801 0.0353764 0.0371710 0.0932797 0.0310275 0.1088704 0.0835293 0.0781267 0.0587245 0.0457954 0.0921114 0.0604124 0.0745232 0.1582529 0.0874041 0.0894991 0.0919551 0.1290980 0.0642858 0.0369476 0.0240823 0.0324618 0.1169674 0.0459302 0.0457488 0.0300668 0.0441574 0.0860744 0.0799706 0.0863264 0.0344420 0.1253299 0.0606577 0.1626155 0.0635438 
Perityle_emoryi_47_punta_san_jose          0.0682711 0.0583143 0.0698978 0.1668790 0.0655270 0.0287519 0.1332903 0.1272992 0.2062679 0.0754938 0.0701071 0.0564519 0.0576917 0.0472166 0.0492668 0.0629400 0.0472595 0.1158165 0.0530636 0.0525168 0.0503433 0.0516772 0.0613010 0.0605773 0.0600962 0.0648819 0.0685610 0.0619953 0.0438121 0.0757072 0.0509467 0.1208574 0.0831094 0.0781936 0.0519288 0.0000000 0.0946274 0.0568897 0.1116557 0.1330043 0.0617317 0.0550597 0.0891143 0.0604765 0.0959538 0.0553616 0.0513089 0.0793062 0.0628101 0.0790234 0.0677736 0.0595966 0.0535637 0.0675052 0.0575121 0.0817700 0.0419350 0.0381420 0.0525131 0.0544650 0.0815756 0.0463086 0.0696319 0.1035033 0.0678906 0.0417133 0.0664023 0.6182962 0.0622037 0.0571966 0.0427553 0.0605773 0.0617401 0.0682092 0.0638504 0.0516414 0.0478838 0.0814930 0.0478528 0.0616208 0.0552518 0.0795491 0.0536016 0.1205696 0.0364352 
Perityle_feddemae_99                       0.1028789 0.0940261 0.1177302 0.1685499 0.0945632 0.0719971 0.1414825 0.1390261 0.2570317 0.1107553 0.0829692 0.0758336 0.0820175 0.0904246 0.0817749 0.1139407 0.1468681 0.1613418 0.1041189 0.0948222 0.0831163 0.0715665 0.0635223 0.0832747 0.0878770 0.0835404 0.1178097 0.1393838 0.1086434 0.1127392 0.0871177 0.1638597 0.1300876 0.1034189 0.0809695 0.0946274 0.0000000 0.1063965 0.1525627 0.1419799 0.0870877 0.1017076 0.0353558 0.0837345 0.0482075 0.1285605 0.0826058 0.0742916 0.0851944 0.0366859 0.0817625 0.0815405 0.0818091 0.1108364 0.0787932 0.1226704 0.0994537 0.0979389 0.0892048 0.0904493 0.1195063 0.0722870 0.0942652 0.1741171 0.1040413 0.1084301 0.1115976 0.1242383 0.1092791 0.0429875 0.0813465 0.0832747 0.1196568 0.0804149 0.0874433 0.0776538 0.0606538 0.1006343 0.0979397 0.1303066 0.0810890 0.1220617 0.0911211 0.1884182 0.0752321 
Perityle_fosteri_93                        0.0950490 0.0804364 0.0871530 0.1747011 0.0973374 0.0656207 0.1497764 0.1410949 0.2486376 0.0998299 0.0879575 0.0802190 0.0884648 0.0925691 0.0735308 0.1005994 0.1397568 0.1287540 0.0889289 0.0136881 0.0853409 0.0512150 0.0220800 0.0876775 0.0882509 0.0513142 0.1044496 0.1350441 0.1011916 0.1094217 0.0757272 0.1362020 0.1176139 0.0778028 0.0864496 0.0568897 0.1063965 0.0000000 0.1477295 0.1322994 0.0705402 0.0254847 0.1080690 0.0882212 0.1115066 0.1164036 0.0754654 0.0892278 0.0902512 0.0997803 0.0805777 0.0891022 0.0858935 0.0980196 0.0898194 0.1047365 0.0853995 0.0901988 0.0190379 0.0699941 0.1013376 0.0634505 0.0697216 0.1489590 0.0317737 0.1055001 0.0966753 0.1621766 0.0714250 0.0279977 0.0799780 0.0870416 0.1171358 0.0794595 0.0920820 0.0831003 0.0685105 0.1027017 0.0979939 0.1260999 0.0529027 0.1161273 0.0203126 0.1621905 0.0541961 
Perityle_gamon_221                         0.1327724 0.0770824 0.1590715 0.2022239 0.1609292 0.0827318 0.1518331 0.1566898 0.2760591 0.1439285 0.1299860 0.1339994 0.1388988 0.1388727 0.1214916 0.1412239 0.2111027 0.1644593 0.1250613 0.1326002 0.1476592 0.1276245 0.0647579 0.1386753 0.1430213 0.1285197 0.1434102 0.1660689 0.1410427 0.1108354 0.0667062 0.1578234 0.1367965 0.1253718 0.1366428 0.1116557 0.1525627 0.1477295 0.0000000 0.1591095 0.1186125 0.1510385 0.1455855 0.1403357 0.1450254 0.1222498 0.1382137 0.1164479 0.1400442 0.1199659 0.1377628 0.1402938 0.1367853 0.1401678 0.1315172 0.1210862 0.0808088 0.1186682 0.1165185 0.1464096 0.1407337 0.0431117 0.0978247 0.1473118 0.1508264 0.1407993 0.1393785 0.1983303 0.1416770 0.0692368 0.1360187 0.1386753 0.1409772 0.1383924 0.1430307 0.1363482 0.0860172 0.1464146 0.1398018 0.1859332 0.1289256 0.1021535 0.1194291 0.2204178 0.0782401 
Perityle_gentryi_8_san_francisco           0.1210030 0.1215328 0.1648867 0.1832605 0.1341266 0.0926977 0.1552294 0.1432304 0.2525223 0.1207390 0.1286107 0.1253431 0.1523991 0.1311950 0.1340708 0.1058510 0.1885666 0.0826076 0.1114106 0.1236078 0.1277193 0.1126929 0.0798598 0.1295746 0.1313224 0.1354790 0.1145968 0.1438841 0.1143903 0.1206219 0.0777178 0.1321634 0.1289638 0.1277182 0.1347499 0.1330043 0.1419799 0.1322994 0.1591095 0.0000000 0.1312348 0.1298930 0.1420795 0.1295271 0.1504335 0.1457223 0.1310856 0.0905381 0.1318633 0.1400367 0.1221375 0.1314010 0.1254581 0.1167579 0.1295518 0.1650388 0.0984304 0.1068611 0.1158429 0.1299804 0.1491742 0.0559310 0.1534929 0.1449717 0.1286551 0.1188540 0.1137089 0.1586371 0.1341791 0.1216702 0.1292487 0.1288171 0.1508758 0.1287858 0.1362561 0.1315283 0.1271759 0.1390614 0.1304122 0.1609689 0.1311218 0.1092222 0.1173269 0.1352687 0.1122379 
Perityle_gilensis_22_Superstition          0.0676698 0.0596651 0.0805422 0.1283542 0.0744812 0.0552881 0.1150115 0.1085649 0.2033732 0.0799560 0.0657616 0.0428255 0.0395767 0.0247925 0.0378022 0.0770653 0.1146951 0.1417550 0.0769966 0.0629070 0.0298183 0.0425962 0.0487832 0.0300356 0.0422242 0.0304837 0.0857812 0.0761138 0.0784719 0.0802076 0.0437970 0.1315717 0.1069048 0.0768345 0.0440731 0.0617317 0.0870877 0.0705402 0.1186125 0.1312348 0.0000000 0.0739786 0.0848913 0.0337935 0.0839993 0.0763247 0.0473453 0.0206479 0.0321478 0.0722899 0.0414273 0.0314496 0.0255631 0.0857820 0.0292754 0.1029074 0.0743931 0.0642497 0.0627502 0.0630816 0.1007396 0.0499588 0.0652328 0.1100978 0.0759206 0.0792519 0.0850030 0.1510798 0.0626190 0.0338113 0.0405577 0.0300356 0.0697045 0.0335476 0.0256966 0.0357027 0.0249605 0.0798237 0.0683362 0.0793348 0.0386259 0.1154521 0.0641049 0.1665493 0.0453693 
Perityle_gilensis_salensis_225             0.0915414 0.0794551 0.0901483 0.1682319 0.0992770 0.0624893 0.1389862 0.1414461 0.2524372 0.1003165 0.0855705 0.0756005 0.0885183 0.0872298 0.0705054 0.0941143 0.1303554 0.1311122 0.0891297 0.0221981 0.0808661 0.0446539 0.0152365 0.0846574 0.0891189 0.0510362 0.1002876 0.1288497 0.0983168 0.1052936 0.0669693 0.1376736 0.1136890 0.0796384 0.0833934 0.0550597 0.1017076 0.0254847 0.1510385 0.1298930 0.0739786 0.0000000 0.1050186 0.0863876 0.1087415 0.1115675 0.0777413 0.0803199 0.0870995 0.0978476 0.0759250 0.0859884 0.0824208 0.0950544 0.0866392 0.1043343 0.0826501 0.0850361 0.0170380 0.0634026 0.1060454 0.0577127 0.0777472 0.1553902 0.0267081 0.1019174 0.0944120 0.1683193 0.0708414 0.0338116 0.0772583 0.0840448 0.1142554 0.0758612 0.0894718 0.0815743 0.0637450 0.1042151 0.0932974 0.1320511 0.0545768 0.1116903 0.0182507 0.1675773 0.0580134 
Perityle_glaucescens_94                    0.1046103 0.0872624 0.1090264 0.1612342 0.0901467 0.0678190 0.1380896 0.1310823 0.2507149 0.1100452 0.0796703 0.0743207 0.0824252 0.0915387 0.0816062 0.1111238 0.1356287 0.1628390 0.1019598 0.0991095 0.0778065 0.0703189 0.0591201 0.0811969 0.0865016 0.0768438 0.1137781 0.1381124 0.1046190 0.1065812 0.0826393 0.1628600 0.1232283 0.1038664 0.0801211 0.0891143 0.0353558 0.1080690 0.1455855 0.1420795 0.0848913 0.1050186 0.0000000 0.0804485 0.0188195 0.1271212 0.0793751 0.0636702 0.0825236 0.0123303 0.0802422 0.0788612 0.0809373 0.1080683 0.0774981 0.1120357 0.0992259 0.0928190 0.0925822 0.0879249 0.1113476 0.0645368 0.0873070 0.1631586 0.1041930 0.1071031 0.1067285 0.1347577 0.0999413 0.0309799 0.0786786 0.0811969 0.1220209 0.0792096 0.0860916 0.0781070 0.0564923 0.0994235 0.1002852 0.1218214 0.0747849 0.1155037 0.0945812 0.1816776 0.0673396 
Perityle_gracilis_11                       0.0790898 0.0742369 0.0803365 0.1508757 0.0842038 0.0598709 0.1231053 0.1369252 0.2569241 0.0866781 0.0662051 0.0357661 0.0170328 0.0541653 0.0200077 0.0921907 0.1039900 0.1389400 0.0862249 0.0767130 0.0497509 0.0306521 0.0466308 0.0135427 0.0427642 0.0179113 0.0950996 0.1234235 0.0882982 0.0963443 0.0700338 0.1458544 0.1107970 0.0769549 0.0349633 0.0604765 0.0837345 0.0882212 0.1403357 0.1295271 0.0337935 0.0863876 0.0804485 0.0000000 0.0855687 0.1001180 0.0371713 0.0097010 0.0151940 0.0725515 0.0266793 0.0130100 0.0434320 0.0902771 0.0139135 0.1059260 0.0806943 0.0698668 0.0631938 0.0469372 0.1008865 0.0587022 0.0665716 0.1541020 0.0814491 0.0905183 0.0889638 0.1251286 0.0706111 0.0195209 0.0217898 0.0129958 0.1081974 0.0329829 0.0273450 0.0193332 0.0240370 0.0840986 0.0825367 0.0700949 0.0319684 0.1146855 0.0644765 0.1645286 0.0579624 
