82
Amauria_brandeegeana_62                    0.0000000 0.1302617 1.1713558 0.3780893 0.1136790 0.3061281 0.2026694 0.5499289 0.3034532 0.1556087 0.1057829 0.1075361 0.1184908 0.1476087 0.1305064 0.1130970 0.2870389 0.1945407 0.1116105 0.1098999 0.2184256 0.1236300 0.1160682 0.1324608 0.1188745 0.1588473 0.2941971 0.2920003 0.3144981 0.1098933 0.1742136 0.2990510 0.1078592 0.1180649 0.1857898 0.0970336 0.1738646 0.1141604 0.1234607 0.1447982 0.2068914 0.1384014 0.1705556 0.2012168 0.1150712 0.1382405 0.1326881 0.1765581 0.1143224 0.1380149 0.1106418 0.1346276 0.1012648 0.1288793 0.1682436 0.1643125 0.1340537 0.1324608 0.1869032 0.1277002 1.2387797 0.1130944 0.1043101 0.2950406 0.0976762 0.1582032 0.1874368 0.1020196 0.1250747 0.2875096 0.1421400 0.1399294 0.1311966 0.1279601 0.3834607 0.1273173 0.1621691 0.1143915 0.1361684 0.1143651 0.0741599 0.1212674 
Amauria_carterae_99_mesa                   0.1302617 0.0000000 1.1521882 0.2890298 0.1552533 0.2100097 0.1905295 0.3992234 0.2185293 0.2059187 0.1709789 0.1750529 0.1742373 0.1966512 0.2066018 0.1622209 0.3664593 0.2183940 0.1651468 0.1594357 0.1968951 0.1776318 0.1704805 0.1933724 0.1746202 0.3520097 0.1752449 0.2307542 0.2382396 0.1997546 0.1776176 0.2112435 0.1707502 0.1802089 0.2163960 0.1772095 0.1996787 0.1995951 0.2057083 0.1931834 0.2105119 0.1967935 0.2064826 0.2177256 0.1653719 0.2024871 0.1933724 0.2103089 0.1770320 0.1657747 0.1712229 0.1778034 0.1830785 0.1630963 0.3514934 0.2252561 0.1933724 0.1933724 0.2088324 0.1512498 1.4614743 0.1908586 0.1621304 0.1734537 0.1504962 0.2237106 0.2266421 0.1655977 0.2031987 0.1960620 0.2042947 0.2004778 0.2001235 0.2122760 0.3921378 0.1422328 0.1989743 0.1714190 0.1995026 0.1802089 0.1733946 0.1975320 
Amauria_rotundifolia_SRR9119150            1.1713558 1.1521882 0.0000000 1.2470087 1.2292364 1.4067894 1.3486219 1.7902193 1.1286594 1.1581702 1.1895450 1.1563565 1.3668772 1.2464053 1.1340214 1.1580568 1.5785103 1.1932301 1.1677494 1.1677494 1.6509537 1.1998303 1.1575356 1.1558265 1.1558265 1.2411632 1.1154415 0.5977621 1.3552368 1.1646655 1.2074489 1.1617680 1.1895450 1.1706562 1.2260741 1.1575356 1.2702230 1.1903316 1.1569889 1.1558265 1.1945055 1.1569889 1.1938814 1.3208018 1.1360528 1.1558265 1.1575259 1.1920933 1.1563565 1.1563565 1.1563565 1.2109913 1.1909405 1.1812582 1.3334691 1.4162220 1.1575259 1.1558265 1.2343813 1.3486219 0.1096851 1.4869920 1.1895450 1.1043978 1.2652713 1.2081272 1.1708704 1.1557854 1.1558265 1.1617680 1.1921425 1.3379490 1.1569889 1.3486219 1.1644953 1.2190956 1.3738400 1.2091270 1.1351591 1.1690835 1.1950660 1.1956843 
Conoclinium_coelestinum_SRR9119114         0.3780893 0.2890298 1.2470087 0.0000000 0.4093606 0.2965725 0.2326180 0.5800451 0.4262390 0.3470250 0.3705690 0.3751460 0.3983037 0.3228388 0.4022576 0.3668936 0.5603600 0.3954565 0.3561247 0.3179714 0.4386604 0.3692861 0.3756728 0.4015807 0.3774229 0.4947819 0.4427825 0.4032041 0.4301255 0.3618857 0.3666322 0.4223917 0.2839345 0.3605491 0.3573684 0.3712515 0.3178623 0.3648793 0.3933615 0.4127364 0.3587149 0.3897430 0.3377834 0.3426279 0.3710880 0.4085911 0.4003969 0.3491681 0.3665704 0.3731435 0.3617077 0.3784261 0.3483963 0.3522854 0.4335936 0.3556296 0.4042798 0.4015807 0.4115934 0.3615129 1.3243991 0.2602872 0.3681546 0.4743638 0.2042829 0.3547441 0.3711881 0.3732213 0.4085718 0.4026653 0.4094480 0.4147275 0.4079422 0.2971151 0.4899437 0.3279061 0.4088270 0.3796833 0.3944259 0.3712269 0.1487445 0.3169147 
Eutetras_palmeri_63                        0.1136790 0.1552533 1.2292364 0.4093606 0.0000000 0.3346824 0.1698344 0.5202783 0.3058997 0.1522403 0.1337054 0.1287089 0.1420661 0.1532173 0.1560221 0.1357349 0.2638490 0.1686183 0.1298501 0.1164364 0.2347855 0.1399564 0.1310262 0.1529387 0.1486825 0.1981062 0.3236911 0.3092956 0.3341870 0.1316780 0.1786578 0.3030894 0.1104379 0.1284710 0.2070430 0.1144488 0.1983815 0.1290327 0.1442983 0.1661390 0.2136916 0.1422756 0.1837060 0.2175544 0.1369774 0.1602348 0.1457667 0.1919108 0.1408706 0.1509314 0.1326361 0.1475249 0.1290445 0.1643367 0.1900420 0.1684797 0.1574780 0.1529387 0.1829442 0.1264255 1.3217056 0.1086103 0.1321877 0.3489493 0.1008875 0.1580861 0.1761780 0.1288313 0.1508377 0.2942666 0.1628168 0.1550594 0.1500730 0.1334115 0.3712467 0.1647953 0.1861832 0.1369413 0.1480301 0.1410793 0.0657460 0.1221273 
Eutrochium_fistulosum_SRR9119106           0.3061281 0.2100097 1.4067894 0.2965725 0.3346824 0.0000000 0.1991300 0.5019584 0.3808527 0.3044287 0.3051273 0.2941243 0.3074070 0.2363067 0.3254920 0.2851906 0.4815482 0.3307987 0.2715100 0.2122780 0.3765565 0.2982796 0.3084149 0.3342269 0.2988616 0.4248416 0.3474892 0.3437030 0.3379939 0.3288777 0.2954512 0.3718924 0.1840044 0.2652691 0.3201975 0.2536493 0.2825666 0.2217839 0.3200195 0.3302683 0.3108507 0.2844962 0.3027456 0.3067249 0.2945893 0.3406318 0.3008197 0.3107982 0.3018930 0.2996340 0.2945810 0.2678650 0.2846487 0.3112751 0.3222945 0.2553796 0.3385623 0.3342269 0.3652599 0.3040218 1.3180504 0.2080359 0.3004569 0.3967327 0.1187382 0.3083534 0.3156131 0.2984830 0.3335795 0.3596501 0.3461376 0.2935291 0.3379154 0.2442333 0.4714827 0.3072400 0.3230244 0.3078359 0.2851727 0.3083057 0.1145693 0.2311061 
Galeana_pratensis_104_mex                  0.2026694 0.1905295 1.3486219 0.2326180 0.1698344 0.1991300 0.0000000 0.2116763 0.2075510 0.1715515 0.1679448 0.1777142 0.1492867 0.1674447 0.1718038 0.1734104 0.2157909 0.1577215 0.1361953 0.1312956 0.1845850 0.1568004 0.1312956 0.1840642 0.1634830 0.2193740 0.1788944 0.1751915 0.1708408 0.1788456 0.1995345 0.1809976 0.1470600 0.1422257 0.2113422 0.1414811 0.2069655 0.1518766 0.1902740 0.1956399 0.1977390 0.1453687 0.2078446 0.2070722 0.1261791 0.1947999 0.1453687 0.2200829 0.1636437 0.1780731 0.1362813 0.1478549 0.1934362 0.1851391 0.1583175 0.1578652 0.1840642 0.1840642 0.1989594 0.1683723 1.3320103 0.1381078 0.1727721 0.2105160 0.0996774 0.1400390 0.1859782 0.1782754 0.1855000 0.1961733 0.1966081 0.1510946 0.1840642 0.1453687 0.1785002 0.2220482 0.1776540 0.1741097 0.1453687 0.1789805 0.1072370 0.1509966 
Helianthus_annuus_SRR9119062               0.5499289 0.3992234 1.7902193 0.5800451 0.5202783 0.5019584 0.2116763 0.0000000 0.5661722 0.5175468 0.5326082 0.5379610 0.4871774 0.4609342 0.5711619 0.5438479 0.5909500 0.5546885 0.5365771 0.4891412 0.5744902 0.5549234 0.5528283 0.5580896 0.5351546 0.6592347 0.6225953 0.4737251 0.3339434 0.5099051 0.6019833 0.5334554 0.4187991 0.5121321 0.4803166 0.4963771 0.4752619 0.4530367 0.5613732 0.5491444 0.4843088 0.5277132 0.4660495 0.5022307 0.5553665 0.5711869 0.5584389 0.4868318 0.5364618 0.5488484 0.5335020 0.5330439 0.5031778 0.4295174 0.5253849 0.3568994 0.5563205 0.5580896 0.5932966 0.3195988 1.6828376 0.2652726 0.5252897 0.6382897 0.3404492 0.5087781 0.5401050 0.5125766 0.5774351 0.5533947 0.5745775 0.4955669 0.5326773 0.3100138 0.5721199 0.4258043 0.5430972 0.5323398 0.5364417 0.5411856 0.3144537 0.4423573 
Lycapsus_tenuifolius_17                    0.3034532 0.2185293 1.1286594 0.4262390 0.3058997 0.3808527 0.2075510 0.5661722 0.0000000 0.2705367 0.3201438 0.3210599 0.3545290 0.2559017 0.3347977 0.3254228 0.4608516 0.3345105 0.3205056 0.2673708 0.4440448 0.3283735 0.3338465 0.3262251 0.3278544 0.4206206 0.3487814 0.0882607 0.0135323 0.3298665 0.2768725 0.0080026 0.2411403 0.3021842 0.3114821 0.2886833 0.3261678 0.2733788 0.3224693 0.3333316 0.3224415 0.2841612 0.3054578 0.3598333 0.3075009 0.3299073 0.3081037 0.3155400 0.3248703 0.3403786 0.3184159 0.3101066 0.3332944 0.3240764 0.3823115 0.3658521 0.3305639 0.3262251 0.3260465 0.3796492 1.0969919 0.3167960 0.3120310 0.4013192 0.1557152 0.2782393 0.2978156 0.3199096 0.3326462 0.0247928 0.3369744 0.3166090 0.3326849 0.2764931 0.4671925 0.3094704 0.3763149 0.3361682 0.2879053 0.3343222 0.1170123 0.2722215 
Pericome_caudata_50_silver                 0.1556087 0.2059187 1.1581702 0.3470250 0.1522403 0.3044287 0.1715515 0.5175468 0.2705367 0.0000000 0.1357682 0.1406056 0.1448017 0.1554626 0.1555190 0.1516835 0.2616905 0.2113195 0.1384995 0.1188077 0.2611598 0.1533529 0.1458229 0.1586019 0.1550721 0.2202460 0.2554740 0.2456847 0.2182931 0.1514217 0.1957851 0.2596082 0.1153667 0.1417111 0.1976443 0.1288059 0.1818436 0.1220234 0.1525842 0.1754841 0.2170018 0.1475314 0.1817882 0.2080128 0.1442379 0.1675227 0.1609820 0.1898113 0.1419518 0.1666058 0.1341095 0.1603719 0.1366571 0.1806037 0.2257195 0.1833767 0.1617083 0.1586019 0.1943878 0.1527399 1.2097583 0.1087226 0.1342502 0.2957962 0.1165236 0.0775464 0.0970570 0.1372793 0.1569432 0.2567298 0.1687456 0.1723757 0.1577101 0.1302975 0.3422770 0.1768974 0.2089722 0.1473990 0.1520909 0.1471543 0.0881388 0.1290409 
Perityle_aglossa_84_dead_horse             0.1057829 0.1709789 1.1895450 0.3705690 0.1337054 0.3051273 0.1679448 0.5326082 0.3201438 0.1357682 0.0000000 0.0243726 0.0426359 0.1324973 0.0744228 0.0322644 0.2615258 0.1943640 0.0251328 0.0237297 0.1690928 0.0432726 0.0499725 0.0802119 0.0511503 0.1300349 0.3188160 0.2983077 0.3357681 0.1134985 0.1907014 0.3125944 0.0239046 0.0393101 0.2081925 0.0280331 0.1510778 0.0847881 0.0822287 0.1073970 0.2197973 0.0914314 0.1898315 0.1724924 0.0338704 0.0876034 0.0827855 0.1957296 0.0277091 0.0579903 0.0212670 0.0505423 0.0424100 0.1883790 0.1813881 0.0862477 0.0839865 0.0802119 0.1822722 0.1584654 1.2300457 0.0284853 0.0087313 0.3487013 0.0466764 0.1488272 0.1691221 0.0220091 0.0818477 0.3032580 0.0893943 0.1024770 0.0856881 0.0759793 0.3792322 0.1808028 0.1201763 0.0299505 0.0924927 0.0344494 0.0922889 0.0925953 
Perityle_ajoensis_204                      0.1075361 0.1750529 1.1563565 0.3751460 0.1287089 0.2941243 0.1777142 0.5379610 0.3210599 0.1406056 0.0243726 0.0000000 0.0371724 0.1332192 0.0734580 0.0278376 0.2551820 0.1982419 0.0182727 0.0184554 0.1740322 0.0375794 0.0441618 0.0842095 0.0454778 0.1370275 0.3246955 0.3127352 0.3382141 0.1098164 0.1839437 0.3177357 0.0285914 0.0341421 0.2072271 0.0199944 0.1554037 0.0816385 0.0812464 0.1104577 0.2263503 0.0902536 0.1908040 0.1734769 0.0293794 0.0916559 0.0857115 0.1984673 0.0278240 0.0594720 0.0202249 0.0480594 0.0346858 0.1911397 0.1846049 0.0825485 0.0880162 0.0842095 0.1761119 0.1619347 1.2318829 0.0315541 0.0243498 0.3546221 0.0355422 0.1524656 0.1743188 0.0256150 0.0833636 0.3097604 0.0922507 0.1010524 0.0873633 0.0895339 0.3892459 0.1856123 0.1154379 0.0266666 0.0941781 0.0323216 0.0979496 0.0983400 
Perityle_ambrosiifolia_67_green            0.1184908 0.1742373 1.3668772 0.3983037 0.1420661 0.3074070 0.1492867 0.4871774 0.3545290 0.1448017 0.0426359 0.0371724 0.0000000 0.1507955 0.0950728 0.0428636 0.2419918 0.1892066 0.0333574 0.0314166 0.1039328 0.0398983 0.0527394 0.0974111 0.0577932 0.1592386 0.3649975 0.2802757 0.3387478 0.1214292 0.1815060 0.3487447 0.0491814 0.0494571 0.2225844 0.0387623 0.1751178 0.1023626 0.0964398 0.1158978 0.2156143 0.1071173 0.2008140 0.1923398 0.0470894 0.1020490 0.1023472 0.2082152 0.0383688 0.0412583 0.0203268 0.0626095 0.0531675 0.2135181 0.2145456 0.0784045 0.1021993 0.0974111 0.1985269 0.1833139 1.3697785 0.0504220 0.0425861 0.3947374 0.0423367 0.1595749 0.1845125 0.0412405 0.1008599 0.3378575 0.1044564 0.1155709 0.1024018 0.1123009 0.3695385 0.2085094 0.0881339 0.0398834 0.1124907 0.0483741 0.0756220 0.1062676 
Perityle_angustifolia_13_Eagle_creek       0.1476087 0.1966512 1.2464053 0.3228388 0.1532173 0.2363067 0.1674447 0.4609342 0.2559017 0.1554626 0.1324973 0.1332192 0.1507955 0.0000000 0.0754477 0.1348515 0.3237509 0.1960321 0.1280710 0.1129771 0.0637942 0.1350055 0.1344306 0.0310049 0.1180489 0.1856816 0.3179889 0.3010854 0.3345075 0.1749176 0.1903813 0.2497162 0.1323346 0.1351147 0.1871318 0.1305030 0.1734503 0.0661200 0.0767520 0.0634261 0.1770268 0.0347963 0.1696677 0.1959657 0.1325078 0.0365681 0.0328701 0.1772900 0.1325502 0.1327783 0.1283122 0.1310496 0.1267913 0.1830261 0.1732249 0.1525751 0.0347430 0.0310049 0.2033073 0.1947868 1.3195102 0.0916873 0.1260037 0.3167937 0.1241427 0.1646441 0.1563213 0.1283285 0.0814457 0.2399923 0.0387331 0.0359145 0.0367236 0.0204801 0.3298229 0.1791452 0.1524999 0.1326686 0.0365909 0.1351147 0.1051591 0.0694781 
Perityle_batopilensis_97                   0.1305064 0.2066018 1.1340214 0.4022576 0.1560221 0.3254920 0.1718038 0.5711619 0.3347977 0.1555190 0.0744228 0.0734580 0.0950728 0.0754477 0.0000000 0.0783212 0.2781478 0.2193671 0.0787095 0.0721716 0.1439001 0.0881666 0.0773667 0.0592609 0.0766127 0.1128846 0.3488097 0.3221511 0.3500753 0.1311743 0.2226249 0.3329660 0.0895606 0.0860419 0.2312114 0.0778409 0.1999021 0.0146007 0.0426285 0.0679868 0.2397773 0.0573033 0.2114101 0.2199661 0.0860283 0.0666117 0.0584183 0.2192957 0.0781742 0.1096302 0.0735594 0.0887326 0.0864781 0.2145563 0.1385753 0.1369907 0.0629936 0.0592609 0.2010628 0.1924643 1.2354727 0.0732701 0.0743474 0.3742126 0.1028154 0.1649050 0.1771316 0.0796241 0.0501292 0.3148604 0.0682651 0.0616810 0.0589640 0.0509837 0.3968019 0.2128362 0.1428514 0.0794046 0.0632579 0.0819125 0.1092772 0.0635387 
Perityle_bisetosa_9                        0.1130970 0.1622209 1.1580568 0.3668936 0.1357349 0.2851906 0.1734104 0.5438479 0.3254228 0.1516835 0.0322644 0.0278376 0.0428636 0.1348515 0.0783212 0.0000000 0.2641659 0.1948115 0.0286964 0.0144222 0.1808641 0.0398855 0.0453393 0.0915886 0.0512921 0.1421696 0.3345657 0.3015951 0.3416378 0.1139134 0.1827327 0.3162072 0.0301067 0.0354290 0.2045663 0.0254164 0.1466314 0.0814686 0.0837175 0.1143479 0.2141709 0.0944687 0.1846185 0.1641716 0.0362690 0.0990846 0.0895166 0.1939619 0.0334631 0.0617351 0.0270720 0.0506116 0.0385879 0.1866685 0.1866299 0.0846258 0.0954281 0.0915886 0.1852586 0.1517157 1.2718584 0.0315582 0.0322341 0.3597238 0.0353596 0.1597818 0.1796882 0.0303078 0.0857402 0.3084599 0.0997305 0.1008824 0.0954512 0.0923964 0.3859604 0.1790942 0.1073294 0.0333951 0.0983139 0.0391187 0.1008951 0.0980611 
Perityle_californica_76_positas            0.2870389 0.3664593 1.5785103 0.5603600 0.2638490 0.4815482 0.2157909 0.5909500 0.4608516 0.2616905 0.2615258 0.2551820 0.2419918 0.3237509 0.2781478 0.2641659 0.0000000 0.3040491 0.2578823 0.2602222 0.3249526 0.2647811 0.2655053 0.3030616 0.2654469 0.3689485 0.5033795 0.4196030 0.3547638 0.2564414 0.2968421 0.4473429 0.2843734 0.2695977 0.3191567 0.2552960 0.2949380 0.2702587 0.2832472 0.2934993 0.3176269 0.2963228 0.3142882 0.3108634 0.2697703 0.3028292 0.2991349 0.3237527 0.2602817 0.2711692 0.2560582 0.2869487 0.2631446 0.3219931 0.3794624 0.1977124 0.3033859 0.3030616 0.3290939 0.1962360 1.6733720 0.1794074 0.2658397 0.4945424 0.2910561 0.2791124 0.2784339 0.2478436 0.2834419 0.4496492 0.3074373 0.2662467 0.3005271 0.2017819 0.3887900 0.3203241 0.2868361 0.2628193 0.2978347 0.2763579 0.2889720 0.2824617 
Perityle_canescens_77                      0.1945407 0.2183940 1.1932301 0.3954565 0.1686183 0.3307987 0.1577215 0.5546885 0.3345105 0.2113195 0.1943640 0.1982419 0.1892066 0.1960321 0.2193671 0.1948115 0.3040491 0.0000000 0.1879664 0.1786307 0.3100821 0.2090265 0.1982106 0.2293596 0.2014046 0.2825591 0.3301510 0.3018031 0.2989336 0.1863061 0.2251991 0.3114387 0.1855213 0.1778191 0.2529115 0.1598614 0.2536167 0.1739798 0.2122042 0.2318472 0.2446750 0.2110555 0.2354466 0.2721003 0.1918148 0.2340257 0.2217612 0.2398393 0.1975338 0.1936653 0.1946849 0.2161369 0.1773453 0.2096842 0.2600695 0.2225291 0.2344991 0.2293596 0.1025236 0.2180280 1.3638132 0.1584907 0.1911257 0.3661646 0.1299910 0.2093039 0.2337914 0.1720348 0.2180122 0.3160110 0.2391186 0.2127896 0.2066498 0.1860738 0.4479523 0.1972583 0.1923293 0.2025117 0.2297910 0.2087698 0.1147168 0.1709655 
Perityle_castillonii_96                    0.1116105 0.1651468 1.1677494 0.3561247 0.1298501 0.2715100 0.1361953 0.5365771 0.3205056 0.1384995 0.0251328 0.0182727 0.0333574 0.1280710 0.0787095 0.0286964 0.2578823 0.1879664 0.0000000 0.0170076 0.1774936 0.0373508 0.0449020 0.0857286 0.0481391 0.1388764 0.3282247 0.3028109 0.3434724 0.1137346 0.1820607 0.3216498 0.0299682 0.0354004 0.2008580 0.0199721 0.1491038 0.0796030 0.0867037 0.0934303 0.2165620 0.0929612 0.1802492 0.1658351 0.0263435 0.0934252 0.0881236 0.1844614 0.0274834 0.0577075 0.0193735 0.0505653 0.0346166 0.1748914 0.1763552 0.0797006 0.0896647 0.0857286 0.1692350 0.1619673 1.2439454 0.0284493 0.0227988 0.3520808 0.0330589 0.1493515 0.1747771 0.0264560 0.0899248 0.3051806 0.0940517 0.0989212 0.0891753 0.0888366 0.3818668 0.1733932 0.1180174 0.0286573 0.0939744 0.0345065 0.1062028 0.1010878 
Perityle_cernua_84                         0.1098999 0.1594357 1.1677494 0.3179714 0.1164364 0.2122780 0.1312956 0.4891412 0.2673708 0.1188077 0.0237297 0.0184554 0.0314166 0.1129771 0.0721716 0.0144222 0.2602222 0.1786307 0.0170076 0.0000000 0.1890443 0.0253901 0.0324890 0.0836198 0.0474812 0.1488273 0.2718368 0.2951840 0.3313055 0.1121707 0.1583765 0.2648462 0.0239178 0.0257758 0.1706965 0.0190623 0.1153058 0.0742445 0.0782110 0.0677299 0.1809017 0.0866539 0.1540776 0.1366902 0.0210855 0.0925251 0.0851218 0.1581597 0.0210643 0.0556800 0.0184234 0.0442804 0.0164371 0.1485696 0.1741196 0.0774885 0.0881709 0.0836198 0.1534116 0.1582805 1.2262994 0.0255543 0.0210246 0.2758145 0.0308053 0.1274525 0.1427055 0.0223082 0.0824160 0.2491360 0.0886077 0.0936306 0.0873234 0.0792179 0.3054884 0.1384124 0.1242014 0.0264311 0.0911872 0.0277691 0.0949147 0.0923421 
Perityle_cfvillosa_25_tin                  0.2184256 0.1968951 1.6509537 0.4386604 0.2347855 0.3765565 0.1845850 0.5744902 0.4440448 0.2611598 0.1690928 0.1740322 0.1039328 0.0637942 0.1439001 0.1808641 0.3249526 0.3100821 0.1774936 0.1890443 0.0000000 0.1968646 0.1858955 0.0846856 0.1712726 0.2101874 0.5232180 0.3491687 0.3568398 0.2121948 0.3081167 0.4266325 0.2279410 0.1683815 0.3652528 0.1425965 0.3457149 0.0895506 0.1397513 0.1704049 0.3557207 0.0834349 0.3400015 0.3553888 0.1856296 0.0884884 0.0944715 0.3521207 0.1780063 0.1779789 0.1738476 0.1957036 0.1379613 0.2934965 0.1822138 0.1560118 0.0885710 0.0846856 0.3135104 0.2174309 1.5665873 0.0830828 0.1689017 0.5276363 0.1862297 0.2778335 0.2819248 0.1595755 0.1469595 0.4283923 0.0941565 0.0096251 0.0647381 0.0058136 0.4324604 0.2836019 0.2070130 0.1660311 0.1009655 0.1775707 0.2668533 0.1559359 
Perityle_coahuilensis_24                   0.1236300 0.1776318 1.1998303 0.3692861 0.1399564 0.2982796 0.1568004 0.5549234 0.3283735 0.1533529 0.0432726 0.0375794 0.0398983 0.1350055 0.0881666 0.0398855 0.2647811 0.2090265 0.0373508 0.0253901 0.1968646 0.0000000 0.0489415 0.1049924 0.0642601 0.1558668 0.3309138 0.3141910 0.3438972 0.1342121 0.1934552 0.3248209 0.0336045 0.0490030 0.2227777 0.0391188 0.1656475 0.0922101 0.0842712 0.1203067 0.2288875 0.1080969 0.2038124 0.1807705 0.0472828 0.1113857 0.1015470 0.2099003 0.0373835 0.0725325 0.0226741 0.0578940 0.0495433 0.2011665 0.1954169 0.0865967 0.1089741 0.1049924 0.1954002 0.1663185 1.2644053 0.0314608 0.0409066 0.3582666 0.0422373 0.1541777 0.1834410 0.0475135 0.0858698 0.3112320 0.1134956 0.1174836 0.1115813 0.0956680 0.3998629 0.1952653 0.1241019 0.0433024 0.1083800 0.0503876 0.0979529 0.1087705 
Perityle_cochisensis_44_cave_creek         0.1160682 0.1704805 1.1575356 0.3756728 0.1310262 0.3084149 0.1312956 0.5528283 0.3338465 0.1458229 0.0499725 0.0441618 0.0527394 0.1344306 0.0773667 0.0453393 0.2655053 0.1982106 0.0449020 0.0324890 0.1858955 0.0489415 0.0000000 0.0907891 0.0591387 0.1403667 0.3273317 0.3153935 0.3489473 0.1249331 0.1957870 0.3303957 0.0450587 0.0461732 0.2183313 0.0432190 0.1635907 0.0792178 0.0689337 0.0990070 0.2188456 0.0956452 0.1989404 0.1808476 0.0549098 0.0959032 0.0884729 0.2050936 0.0500005 0.0725381 0.0417363 0.0664975 0.0431154 0.1967851 0.1856303 0.0864041 0.0947474 0.0907891 0.1790560 0.1729066 1.2205872 0.0343097 0.0499231 0.3551663 0.0443934 0.1571932 0.1760329 0.0502843 0.0718307 0.3122812 0.0991814 0.1115746 0.0968095 0.0855971 0.3994919 0.1908950 0.1245122 0.0512021 0.0958466 0.0475966 0.1062061 0.1028183 
Perityle_congesta_202                      0.1324608 0.1933724 1.1558265 0.4015807 0.1529387 0.3342269 0.1840642 0.5580896 0.3262251 0.1586019 0.0802119 0.0842095 0.0974111 0.0310049 0.0592609 0.0915886 0.3030616 0.2293596 0.0857286 0.0836198 0.0846856 0.1049924 0.0907891 0.0000000 0.0862076 0.1093391 0.3734220 0.3077639 0.3517743 0.1455618 0.2067536 0.3143393 0.0998715 0.0955993 0.2491290 0.0845857 0.2167079 0.0517099 0.0549481 0.0702961 0.2630593 0.0039075 0.2289526 0.2373234 0.0943366 0.0067089 0.0035559 0.2370156 0.0865650 0.1167725 0.0816321 0.0937679 0.0947433 0.2287236 0.1476203 0.1420634 0.0033520 0.0000010 0.2149044 0.2130233 1.2151166 0.0797237 0.0801307 0.3926582 0.1078539 0.1703663 0.1816792 0.0870685 0.0534231 0.3127053 0.0078768 0.0047870 0.0072632 0.0028973 0.3963025 0.2264460 0.1531623 0.0827144 0.0063039 0.0888286 0.1147770 0.0703767 
Perityle_cordifolia_27                     0.1188745 0.1746202 1.1558265 0.3774229 0.1486825 0.2988616 0.1634830 0.5351546 0.3278544 0.1550721 0.0511503 0.0454778 0.0577932 0.1180489 0.0766127 0.0512921 0.2654469 0.2014046 0.0481391 0.0474812 0.1712726 0.0642601 0.0591387 0.0862076 0.0000000 0.1342177 0.3360046 0.3114687 0.3390453 0.1274801 0.1852950 0.3206177 0.0631852 0.0496120 0.2200858 0.0494077 0.1668614 0.0845842 0.0779102 0.1127852 0.2334652 0.0897374 0.1993828 0.1853772 0.0544539 0.0912124 0.0892096 0.2072054 0.0524250 0.0819373 0.0461015 0.0457692 0.0592543 0.2029313 0.1853915 0.0907702 0.0900567 0.0862076 0.1921696 0.1728503 1.2378462 0.0430808 0.0511008 0.3611915 0.0174784 0.1745637 0.1867116 0.0501392 0.0840621 0.3123594 0.0943473 0.1042441 0.0855779 0.0830427 0.4153851 0.1870535 0.1340252 0.0523031 0.0980395 0.0465004 0.1093175 0.1125518 
Perityle_cordifolia_68_tecolote            0.1588473 0.3520097 1.2411632 0.4947819 0.1981062 0.4248416 0.2193740 0.6592347 0.4206206 0.2202460 0.1300349 0.1370275 0.1592386 0.1856816 0.1128846 0.1421696 0.3689485 0.2825591 0.1388764 0.1488273 0.2101874 0.1558668 0.1403667 0.1093391 0.1342177 0.0000000 0.3957160 0.4514103 0.3621429 0.1911979 0.2921295 0.4116363 0.1782993 0.1516010 0.3174007 0.1408384 0.3036589 0.1258682 0.1099888 0.1379662 0.3326921 0.1232568 0.2969860 0.3271358 0.1457578 0.1170637 0.1125603 0.3100854 0.1394842 0.1693973 0.1337336 0.1513041 0.1550529 0.3015128 0.0159497 0.2484100 0.1133142 0.1093391 0.2599808 0.1926086 1.3212806 0.0809986 0.1298972 0.4245080 0.2137010 0.2363296 0.2496564 0.1412140 0.1095244 0.4137183 0.1191220 0.1448802 0.1134811 0.0743779 0.4321573 0.3075375 0.1999008 0.1392509 0.1218000 0.1380143 0.1208827 0.1523644 
Perityle_coronopifolia_28_patagonia        0.2941971 0.1752449 1.1154415 0.4427825 0.3236911 0.3474892 0.1788944 0.6225953 0.3487814 0.2554740 0.3188160 0.3246955 0.3649975 0.3179889 0.3488097 0.3345657 0.5033795 0.3301510 0.3282247 0.2718368 0.5232180 0.3309138 0.3273317 0.3734220 0.3360046 0.3957160 0.0000000 0.4051661 0.4489651 0.3399933 0.2771782 0.3561039 0.2333725 0.3391200 0.2362852 0.3224431 0.2422501 0.3151310 0.3435625 0.3287658 0.2724917 0.3773941 0.2248187 0.2671498 0.3201951 0.3820261 0.3734001 0.2298333 0.3214462 0.3674700 0.3233450 0.3206015 0.3282253 0.2242325 0.3457020 0.3756807 0.3737174 0.3734220 0.3197704 0.2815972 1.2783727 0.2863688 0.3187255 0.0179973 0.0993716 0.2760031 0.2870731 0.3380857 0.3439336 0.3293739 0.3826983 0.4170944 0.3900524 0.3316172 0.4278305 0.2076015 0.4216771 0.3364477 0.3586329 0.3330444 0.1293850 0.2752283 
Perityle_crassifolia_70_ventanas           0.2920003 0.2307542 0.5977621 0.4032041 0.3092956 0.3437030 0.1751915 0.4737251 0.0882607 0.2456847 0.2983077 0.3127352 0.2802757 0.3010854 0.3221511 0.3015951 0.4196030 0.3018031 0.3028109 0.2951840 0.3491687 0.3141910 0.3153935 0.3077639 0.3114687 0.4514103 0.4051661 0.0000000 0.0200953 0.3026712 0.2947688 0.0840485 0.2868338 0.3122212 0.3313899 0.3079282 0.3187205 0.3185830 0.3122922 0.3034036 0.3218554 0.3073523 0.3184248 0.3530863 0.2979682 0.3179831 0.3072355 0.3280250 0.3037263 0.3041599 0.3032770 0.3224834 0.3108081 0.3219499 0.4380564 0.3244378 0.3079744 0.3077639 0.3235842 0.3282149 0.7651992 0.2883235 0.2904885 0.3994066 0.2265423 0.2577581 0.2662423 0.2877412 0.3099449 0.0703845 0.3212705 0.2751413 0.3190128 0.2605259 0.3663520 0.3041479 0.3202170 0.3176786 0.3078210 0.3129078 0.2170027 0.3286572 
Perityle_crassifolia_74_playa_balandra     0.3144981 0.2382396 1.3552368 0.4301255 0.3341870 0.3379939 0.1708408 0.3339434 0.0135323 0.2182931 0.3357681 0.3382141 0.3387478 0.3345075 0.3500753 0.3416378 0.3547638 0.2989336 0.3434724 0.3313055 0.3568398 0.3438972 0.3489473 0.3517743 0.3390453 0.3621429 0.4489651 0.0200953 0.0000000 0.3098075 0.2925908 0.0107931 0.3070105 0.3459125 0.3487468 0.3399187 0.3472862 0.3416103 0.3169296 0.3417807 0.3466121 0.3473251 0.3373173 0.3732164 0.3272703 0.3602262 0.3506640 0.3617113 0.3316538 0.3450666 0.3351095 0.3577129 0.3429740 0.3395575 0.3397904 0.3557064 0.3520032 0.3517743 0.3067134 0.3688336 1.1340057 0.3091295 0.3318874 0.4468619 0.1513114 0.2384446 0.2454254 0.3279912 0.3372808 0.0273975 0.3626648 0.3564747 0.3556969 0.2812074 0.2464864 0.3554185 0.3234696 0.3336250 0.3517743 0.3459125 0.1169619 0.3469682 
Perityle_cuneata_34_cuneata_San_antonio    0.1098933 0.1997546 1.1646655 0.3618857 0.1316780 0.3288777 0.1788456 0.5099051 0.3298665 0.1514217 0.1134985 0.1098164 0.1214292 0.1749176 0.1311743 0.1139134 0.2564414 0.1863061 0.1137346 0.1121707 0.2121948 0.1342121 0.1249331 0.1455618 0.1274801 0.1911979 0.3399933 0.3026712 0.3098075 0.0000000 0.1996042 0.3228820 0.1270080 0.1299807 0.2305713 0.1081166 0.2198117 0.1258272 0.1417019 0.1775232 0.2202500 0.1554982 0.2059046 0.2377163 0.1155950 0.1501473 0.1537888 0.2204499 0.1182912 0.1151319 0.1128818 0.1396079 0.1105882 0.1977745 0.2132270 0.1750035 0.1487314 0.1455618 0.1984786 0.1552407 1.2936957 0.1110659 0.1120678 0.3589537 0.1171172 0.1600367 0.1744466 0.1092644 0.1393044 0.3180693 0.1544647 0.1555769 0.1480132 0.1460362 0.3969757 0.2000699 0.1409367 0.1183071 0.1561332 0.1211455 0.0826189 0.1463932 
Perityle_cuneata_4                         0.1742136 0.1776176 1.2074489 0.3666322 0.1786578 0.2954512 0.1995345 0.6019833 0.2768725 0.1957851 0.1907014 0.1839437 0.1815060 0.1903813 0.2226249 0.1827327 0.2968421 0.2251991 0.1820607 0.1583765 0.3081167 0.1934552 0.1957870 0.2067536 0.1852950 0.2921295 0.2771782 0.2947688 0.2925908 0.1996042 0.0000000 0.2655003 0.1662499 0.1749540 0.2225931 0.1568988 0.2024314 0.1745507 0.2197316 0.2294298 0.2580206 0.1877885 0.2135146 0.2225332 0.1902255 0.2131228 0.2088205 0.2183224 0.1912656 0.2132592 0.1838280 0.1887993 0.1726173 0.2200761 0.2973332 0.2151887 0.2101392 0.2067536 0.2207746 0.2182159 1.3582623 0.1891179 0.1874490 0.2896457 0.0858133 0.2063091 0.2153398 0.1833972 0.2191637 0.2664901 0.2146400 0.1950868 0.2016069 0.2106403 0.4804646 0.2025536 0.2524430 0.1941457 0.1976156 0.1969713 0.1113616 0.1729256 
Perityle_discoidea_81                      0.2990510 0.2112435 1.1617680 0.4223917 0.3030894 0.3718924 0.1809976 0.5334554 0.0080026 0.2596082 0.3125944 0.3177357 0.3487447 0.2497162 0.3329660 0.3162072 0.4473429 0.3114387 0.3216498 0.2648462 0.4266325 0.3248209 0.3303957 0.3143393 0.3206177 0.4116363 0.3561039 0.0840485 0.0107931 0.3228820 0.2655003 0.0000000 0.2378151 0.2994043 0.3063231 0.2859087 0.3097574 0.2674158 0.3119185 0.3185963 0.3076486 0.2802867 0.3001488 0.3414700 0.3077708 0.3202362 0.3043935 0.3104468 0.3188181 0.3214585 0.3185273 0.3085625 0.3233559 0.3146585 0.3761258 0.3547280 0.3187696 0.3143393 0.3168952 0.3738718 1.1024973 0.3119124 0.3042669 0.4054608 0.1524663 0.2737088 0.2874846 0.3106754 0.3229070 0.0215601 0.3252575 0.3099638 0.3228583 0.2717670 0.4559144 0.2973835 0.3666343 0.3290590 0.2833307 0.3292571 0.1168724 0.2690646 
Perityle_dissecta_201                      0.1078592 0.1707502 1.1895450 0.2839345 0.1104379 0.1840044 0.1470600 0.4187991 0.2411403 0.1153667 0.0239046 0.0285914 0.0491814 0.1323346 0.0895606 0.0301067 0.2843734 0.1855213 0.0299682 0.0239178 0.2279410 0.0336045 0.0450587 0.0998715 0.0631852 0.1782993 0.2333725 0.2868338 0.3070105 0.1270080 0.1662499 0.2378151 0.0000000 0.0415583 0.1790062 0.0323813 0.1189771 0.0938852 0.0961404 0.0843395 0.1937732 0.1062356 0.1634560 0.1411075 0.0299685 0.1100812 0.1033353 0.1677469 0.0300654 0.0685996 0.0254860 0.0535944 0.0332289 0.1506925 0.1974811 0.0900412 0.1033373 0.0998715 0.1395019 0.1593268 1.1359034 0.0391247 0.0178563 0.2349923 0.0466571 0.1222346 0.1420422 0.0337900 0.0929111 0.2200258 0.1073884 0.1193561 0.1119783 0.0867385 0.2871204 0.1466137 0.1509549 0.0377659 0.1051476 0.0393030 0.1061365 0.1099461 
Perityle_emoryi_47_punta_san_jose          0.1180649 0.1802089 1.1706562 0.3605491 0.1284710 0.2652691 0.1422257 0.5121321 0.3021842 0.1417111 0.0393101 0.0341421 0.0494571 0.1351147 0.0860419 0.0354290 0.2695977 0.1778191 0.0354004 0.0257758 0.1683815 0.0490030 0.0461732 0.0955993 0.0496120 0.1516010 0.3391200 0.3122212 0.3459125 0.1299807 0.1749540 0.2994043 0.0415583 0.0000000 0.1774248 0.0377001 0.1240804 0.0922943 0.0962573 0.0851152 0.1694888 0.1004422 0.1609965 0.1461838 0.0435877 0.1000139 0.0971009 0.1655463 0.0407006 0.0407175 0.0367142 0.0503548 0.0413737 0.1729461 0.1936669 0.0911280 0.1001542 0.0955993 0.1781972 0.1810818 1.2487165 0.0342509 0.0379230 0.3412789 0.0331345 0.1488550 0.1696330 0.0420216 0.1004805 0.2854038 0.1021729 0.1098661 0.0995946 0.0923703 0.3795307 0.1580118 0.1165835 0.0462095 0.1035492 0.0000010 0.0930999 0.0930096 
Perityle_feddemae_99                       0.1857898 0.2163960 1.2260741 0.3573684 0.2070430 0.3201975 0.2113422 0.4803166 0.3114821 0.1976443 0.2081925 0.2072271 0.2225844 0.1871318 0.2312114 0.2045663 0.3191567 0.2529115 0.2008580 0.1706965 0.3652528 0.2227777 0.2183313 0.2491290 0.2200858 0.3174007 0.2362852 0.3313899 0.3487468 0.2305713 0.2225931 0.3063231 0.1790062 0.1774248 0.0000000 0.1447396 0.1386567 0.1725019 0.2237558 0.2407590 0.0575840 0.2100984 0.0281614 0.1615839 0.2104068 0.2548882 0.2228869 0.0339851 0.2128213 0.2468036 0.2130771 0.2026981 0.1909598 0.1426284 0.2744295 0.2409063 0.2493029 0.2491290 0.2448156 0.1390946 1.3116717 0.1585568 0.2027654 0.2479258 0.1235079 0.2123632 0.2244360 0.2156138 0.2236355 0.2932106 0.2563393 0.2217587 0.2403071 0.1728716 0.3613363 0.1251637 0.2786772 0.2210094 0.2146355 0.2253598 0.1218776 0.1855562 
Perityle_fosteri_93                        0.0970336 0.1772095 1.1575356 0.3712515 0.1144488 0.2536493 0.1414811 0.4963771 0.2886833 0.1288059 0.0280331 0.0199944 0.0387623 0.1305030 0.0778409 0.0254164 0.2552960 0.1598614 0.0199721 0.0190623 0.1425965 0.0391188 0.0432190 0.0845857 0.0494077 0.1408384 0.3224431 0.3079282 0.3399187 0.1081166 0.1568988 0.2859087 0.0323813 0.0377001 0.1447396 0.0000000 0.1100100 0.0831935 0.0865585 0.0737733 0.1392819 0.0892924 0.1309428 0.1320990 0.0336311 0.0890651 0.0861058 0.1353738 0.0294270 0.0294395 0.0226524 0.0518145 0.0325783 0.1551085 0.1769259 0.0912097 0.0891922 0.0845857 0.1650779 0.1583322 1.2604241 0.0343972 0.0266434 0.3247723 0.0353645 0.1323840 0.1570148 0.0266712 0.0910004 0.2738285 0.0911834 0.1007426 0.0893639 0.0958656 0.3655556 0.1448639 0.0923896 0.0281030 0.0937318 0.0377001 0.0649937 0.0795880 
Perityle_gamon_221                         0.1738646 0.1996787 1.2702230 0.3178623 0.1983815 0.2825666 0.2069655 0.4752619 0.3261678 0.1818436 0.1510778 0.1554037 0.1751178 0.1734503 0.1999021 0.1466314 0.2949380 0.2536167 0.1491038 0.1153058 0.3457149 0.1656475 0.1635907 0.2167079 0.1668614 0.3036589 0.2422501 0.3187205 0.3472862 0.2198117 0.2024314 0.3097574 0.1189771 0.1240804 0.1386567 0.1100100 0.0000000 0.1691762 0.1993478 0.2158120 0.1446363 0.1823637 0.1256783 0.0342457 0.1539105 0.2276634 0.1928647 0.1308790 0.1518715 0.1887362 0.1529235 0.1447089 0.1565998 0.1375520 0.2922993 0.1886742 0.2168530 0.2167079 0.2281159 0.1344900 1.3492525 0.1258866 0.1494829 0.2574324 0.0738472 0.1926662 0.2004858 0.1546122 0.2052256 0.3077369 0.2216817 0.2092308 0.2241892 0.1599213 0.3587344 0.1296065 0.2651696 0.1596893 0.1885217 0.1618372 0.1229449 0.1815698 
Perityle_gentryi_8_san_francisco           0.1141604 0.1995951 1.1903316 0.3648793 0.1290327 0.2217839 0.1518766 0.4530367 0.2733788 0.1220234 0.0847881 0.0816385 0.1023626 0.0661200 0.0146007 0.0814686 0.2702587 0.1739798 0.0796030 0.0742445 0.0895506 0.0922101 0.0792178 0.0517099 0.0845842 0.1258682 0.3151310 0.3185830 0.3416103 0.1258272 0.1745507 0.2674158 0.0938852 0.0922943 0.1725019 0.0831935 0.1691762 0.0000000 0.0422142 0.0311649 0.1635137 0.0552564 0.1566174 0.1901480 0.0906612 0.0568456 0.0534399 0.1636885 0.0866517 0.0885038 0.0831208 0.0907900 0.0793181 0.1778029 0.1369747 0.1258644 0.0551785 0.0517099 0.1747913 0.1840961 1.3144832 0.0667043 0.0829017 0.3202053 0.0990117 0.1299906 0.1386815 0.0848407 0.0464427 0.2510132 0.0589876 0.0602717 0.0553231 0.0478258 0.2968147 0.1723145 0.0996431 0.0884711 0.0603350 0.0922943 0.0766943 0.0428088 
Perityle_gilensis_22_Superstition          0.1234607 0.2057083 1.1569889 0.3933615 0.1442983 0.3200195 0.1902740 0.5613732 0.3224693 0.1525842 0.0822287 0.0812464 0.0964398 0.0767520 0.0426285 0.0837175 0.2832472 0.2122042 0.0867037 0.0782110 0.1397513 0.0842712 0.0689337 0.0549481 0.0779102 0.1099888 0.3435625 0.3122922 0.3169296 0.1417019 0.2197316 0.3119185 0.0961404 0.0962573 0.2237558 0.0865585 0.1993478 0.0422142 0.0000000 0.0653249 0.2115588 0.0580310 0.2073492 0.2179527 0.0917041 0.0587105 0.0519058 0.2174189 0.0810771 0.1025715 0.0758658 0.0968566 0.0907060 0.2135970 0.1444297 0.1462775 0.0587813 0.0549481 0.2065222 0.1791983 1.1925897 0.0761048 0.0821420 0.3726718 0.1023904 0.1610917 0.1825089 0.0888007 0.0105520 0.3047008 0.0641804 0.0649016 0.0589223 0.0538246 0.4076456 0.2032283 0.1424621 0.0847910 0.0582987 0.0900487 0.1060086 0.0683427 
Perityle_gilensis_salensis_225             0.1447982 0.1931834 1.1558265 0.4127364 0.1661390 0.3302683 0.1956399 0.5491444 0.3333316 0.1754841 0.1073970 0.1104577 0.1158978 0.0634261 0.0679868 0.1143479 0.2934993 0.2318472 0.0934303 0.0677299 0.1704049 0.1203067 0.0990070 0.0702961 0.1127852 0.1379662 0.3287658 0.3034036 0.3417807 0.1775232 0.2294298 0.3185963 0.0843395 0.0851152 0.2407590 0.0737733 0.2158120 0.0311649 0.0653249 0.0000000 0.2521603 0.0421710 0.2242813 0.2390918 0.1109175 0.0779894 0.0472242 0.2342846 0.1101297 0.1467263 0.0985794 0.0843073 0.1258302 0.2275665 0.1297429 0.1319418 0.0742142 0.0702961 0.2271387 0.1810175 1.1972270 0.0603326 0.1059385 0.3709926 0.0947091 0.1733260 0.1860870 0.1118193 0.0670298 0.3229980 0.0770721 0.0444291 0.0766536 0.0416662 0.3904640 0.2190204 0.1830784 0.1141122 0.0441398 0.1166706 0.1004900 0.0498675 
Perityle_glaucescens_94                    0.2068914 0.2105119 1.1945055 0.3587149 0.2136916 0.3108507 0.1977390 0.4843088 0.3224415 0.2170018 0.2197973 0.2263503 0.2156143 0.1770268 0.2397773 0.2141709 0.3176269 0.2446750 0.2165620 0.1809017 0.3557207 0.2288875 0.2188456 0.2630593 0.2334652 0.3326921 0.2724917 0.3218554 0.3466121 0.2202500 0.2580206 0.3076486 0.1937732 0.1694888 0.0575840 0.1392819 0.1446363 0.1635137 0.2115588 0.2521603 0.0000000 0.2034434 0.0497565 0.1711191 0.2222313 0.2646543 0.2335347 0.0600902 0.2245206 0.2429106 0.2249689 0.2173857 0.1890458 0.1338297 0.2627465 0.2292122 0.2593926 0.2630593 0.2317512 0.1228437 1.3010415 0.1450843 0.2143169 0.2814044 0.1244711 0.2291005 0.2449064 0.2059542 0.2390468 0.3016148 0.2704125 0.2079559 0.2292149 0.1582332 0.3701694 0.1184481 0.2701185 0.2327421 0.2275225 0.2408349 0.1108641 0.1790785 
Perityle_gracilis_11                       0.1384014 0.1967935 1.1569889 0.3897430 0.1422756 0.2844962 0.1453687 0.5277132 0.2841612 0.1475314 0.0914314 0.0902536 0.1071173 0.0347963 0.0573033 0.0944687 0.2963228 0.2110555 0.0929612 0.0866539 0.0834349 0.1080969 0.0956452 0.0039075 0.0897374 0.1232568 0.3773941 0.3073523 0.3473251 0.1554982 0.1877885 0.2802867 0.1062356 0.1004422 0.2100984 0.0892924 0.1823637 0.0552564 0.0580310 0.0421710 0.2034434 0.0000000 0.1969489 0.2084454 0.1005826 0.0078290 0.0078327 0.2015310 0.0958234 0.1011207 0.0900703 0.1002566 0.1015250 0.1947775 0.1522641 0.1446993 0.0078390 0.0039075 0.2078714 0.2134802 1.2103806 0.0830801 0.0898500 0.3710088 0.1105606 0.1513779 0.1595305 0.0936330 0.0598680 0.2715176 0.0105136 0.0080071 0.0095239 0.0058134 0.3688200 0.1899676 0.1619662 0.0943953 0.0106226 0.1001787 0.1178143 0.0739279 
Perityle_harkerae_31                       0.1705556 0.2064826 1.1938814 0.3377834 0.1837060 0.3027456 0.2078446 0.4660495 0.3054578 0.1817882 0.1898315 0.1908040 0.2008140 0.1696677 0.2114101 0.1846185 0.3142882 0.2354466 0.1802492 0.1540776 0.3400015 0.2038124 0.1989404 0.2289526 0.1993828 0.2969860 0.2248187 0.3184248 0.3373173 0.2059046 0.2135146 0.3001488 0.1634560 0.1609965 0.0281614 0.1309428 0.1256783 0.1566174 0.2073492 0.2242813 0.0497565 0.1969489 0.0000000 0.1513334 0.1899233 0.2362859 0.2004966 0.0236314 0.1925078 0.2251336 0.1924328 0.1850041 0.1746655 0.1297969 0.2571725 0.2141206 0.2254175 0.2289526 0.2243366 0.1151885 1.2401929 0.1274972 0.1845793 0.2369600 0.1136452 0.1968884 0.2114191 0.1959345 0.2060789 0.2851707 0.2338064 0.1998965 0.2205376 0.1469855 0.3493283 0.1127108 0.2593814 0.2004951 0.1942302 0.2046415 0.1108921 0.1726416 
Perityle_hofmeisteria_4_nombre_de_dios     0.2012168 0.2177256 1.3208018 0.3426279 0.2175544 0.3067249 0.2070722 0.5022307 0.3598333 0.2080128 0.1724924 0.1734769 0.1923398 0.1959657 0.2199661 0.1641716 0.3108634 0.2721003 0.1658351 0.1366902 0.3553888 0.1807705 0.1808476 0.2373234 0.1853772 0.3271358 0.2671498 0.3530863 0.3732164 0.2377163 0.2225332 0.3414700 0.1411075 0.1461838 0.1615839 0.1320990 0.0342457 0.1901480 0.2179527 0.2390918 0.1711191 0.2084454 0.1513334 0.0000000 0.1721530 0.2486022 0.2172070 0.1567778 0.1698362 0.2080914 0.1712193 0.1652128 0.1753583 0.1597924 0.3093390 0.2098494 0.2374869 0.2373234 0.2436090 0.1534232 1.4235927 0.1444761 0.1673033 0.2829909 0.0957579 0.2181658 0.2256175 0.1720381 0.2251055 0.3427371 0.2425623 0.2312590 0.2451583 0.1803029 0.3894716 0.1516205 0.2853202 0.1741526 0.2130721 0.1802962 0.1506415 0.2088168 
Perityle_huecosensis_48                    0.1150712 0.1653719 1.1360528 0.3710880 0.1369774 0.2945893 0.1261791 0.5553665 0.3075009 0.1442379 0.0338704 0.0293794 0.0470894 0.1325078 0.0860283 0.0362690 0.2697703 0.1918148 0.0263435 0.0210855 0.1856296 0.0472828 0.0549098 0.0943366 0.0544539 0.1457578 0.3201951 0.2979682 0.3272703 0.1155950 0.1902255 0.3077708 0.0299685 0.0435877 0.2104068 0.0336311 0.1539105 0.0906612 0.0917041 0.1109175 0.2222313 0.1005826 0.1899233 0.1721530 0.0000000 0.1019690 0.0949604 0.1958365 0.0396919 0.0687562 0.0316323 0.0624936 0.0392564 0.1863988 0.1809011 0.0908178 0.0982488 0.0943366 0.1828038 0.1582805 1.2399416 0.0313254 0.0338380 0.3454395 0.0398365 0.1630071 0.1800943 0.0344292 0.0958882 0.2907309 0.1026454 0.1122702 0.0971702 0.0792262 0.3816602 0.1767289 0.1277225 0.0396959 0.1028051 0.0408709 0.0921051 0.1035102 
Perityle_intricata_59_Clark_mtns           0.1382405 0.2024871 1.1558265 0.4085911 0.1602348 0.3406318 0.1947999 0.5711869 0.3299073 0.1675227 0.0876034 0.0916559 0.1020490 0.0365681 0.0666117 0.0990846 0.3028292 0.2340257 0.0934252 0.0925251 0.0884884 0.1113857 0.0959032 0.0067089 0.0912124 0.1170637 0.3820261 0.3179831 0.3602262 0.1501473 0.2131228 0.3202362 0.1100812 0.1000139 0.2548882 0.0890651 0.2276634 0.0568456 0.0587105 0.0779894 0.2646543 0.0078290 0.2362859 0.2486022 0.1019690 0.0000000 0.0107055 0.2444263 0.0940192 0.1232339 0.0891602 0.1022251 0.0990515 0.2349985 0.1539595 0.1493054 0.0100897 0.0067089 0.2197256 0.2208680 1.2286856 0.0892999 0.0875141 0.4007773 0.1154366 0.1799289 0.1909081 0.0909572 0.0606047 0.3163464 0.0146777 0.0095961 0.0109126 0.0116348 0.4071056 0.2327024 0.1587140 0.0901278 0.0139224 0.0962818 0.1204644 0.0754590 
