83
Amauria_brandeegeana_62                    0.0000000 0.0000010 0.0481830 0.3739242 0.0700046 0.0751148 0.3270113 1.0324209 0.2370393 0.0605626 0.1345030 0.0713653 0.0652074 0.7138474 0.0000010 0.0645759 0.0609180 0.1921018 0.1288651 1.0118660 0.0000010 0.0608115 0.0665117 0.0696652 0.0000010 0.0000010 0.0732750 0.1369303 0.0795751 0.1796611 0.0748154 0.9551500 0.0000010 0.0667694 0.0797231 0.7027011 0.0950992 0.1331177 0.0758980 0.0578614 0.0000010 0.0000010 0.0587415 0.0000010 0.6664171 0.0608594 0.0518645 0.0637743 0.4746380 0.1589488 0.0000010 0.0000010 0.3622985 0.0517952 0.1329365 0.0730639 0.0505155 0.0560775 0.7227080 0.0000010 0.0976279 0.0000010 0.0887261 1.0130859 0.1232939 0.0000010 0.0000010 0.0654394 0.0000010 0.0857981 0.0000010 0.0000010 0.0726966 0.0000010 0.0000010 0.5559148 0.0950422 0.7403948 0.1484201 0.0590806 0.0000010 0.0805703 0.0000010 
Amauria_carterae_99_mesa                   0.0000010 0.0000000 0.0000010 0.9743357 0.1239075 0.0000010 1.1486414 0.1825865 0.6986033 0.0000010 1.5855561 0.0911245 0.0000010 0.1024244 0.1031792 0.7530831 0.1091482 0.5671113 0.1024538 0.1089712 0.1024865 0.0966475 0.1021553 0.1090720 0.0966475 0.0977482 0.5770856 0.4918154 0.0000010 0.0000010 0.0000010 0.0794895 0.1390952 0.1088269 0.0000010 0.1026972 0.0000010 2.5115318 0.3457944 0.1088542 0.1077135 0.0964494 0.0966475 0.0895710 0.0627606 0.1162163 0.0966475 0.0966475 0.0961614 0.1090938 0.1030912 0.1207264 0.1144789 0.0970537 0.1097860 0.0000010 0.1028630 0.0966475 0.0966475 0.1947859 0.0000010 0.1023944 0.0000010 0.0854177 0.0000010 0.0973362 0.1202397 0.0000010 0.1021553 0.0000010 0.1083696 0.1024584 0.1024865 0.0966475 0.0921618 0.1075749 0.7010932 0.1080225 0.0000010 0.0966475 0.0913974 0.0000010 0.0768923 
Amauria_rotundifolia_SRR9119150            0.0481830 0.0000010 0.0000000 0.2946720 0.0722386 0.0647420 0.2511845 1.0785333 0.1913451 0.0407925 0.1041886 0.0534275 0.0539053 0.6036773 0.0000010 0.0374220 0.0485697 0.2260741 0.1166552 0.9168003 0.0000010 0.0523682 0.0481059 0.0559459 0.0000010 0.0000010 0.0524433 0.1137376 0.0369682 0.1431926 0.0829974 0.9569210 0.0000010 0.0520163 0.0523371 0.6752586 0.0681675 0.0999803 0.0477492 0.0371340 0.0000010 0.0000010 0.0446636 0.0000010 0.5774985 0.0524222 0.0408864 0.0484748 0.0000010 0.1398364 0.0000010 0.0000010 0.4207411 0.0446554 0.1089254 0.0524433 0.0451837 0.0539213 0.4856780 0.0000010 0.0811922 0.0000010 0.0547248 0.8935815 0.1048718 0.0000010 0.0000010 0.0676760 0.0000010 0.0804364 0.0000010 0.0000010 0.0557878 0.0000010 0.0000010 0.5274662 0.0800480 1.2614315 0.1221388 0.0499001 0.0000010 0.0828665 0.0000010 
Conoclinium_coelestinum_SRR9119114         0.3739242 0.9743357 0.2946720 0.0000000 0.4578238 0.3500823 0.2579888 1.2766891 0.4061900 0.4057006 0.3190647 0.4426073 0.3968843 0.6013574 0.5572614 0.3863918 0.4355250 0.5096251 0.4502635 0.6880870 0.5733836 0.4478303 0.4365206 0.4280620 0.5721770 0.5614019 0.4225684 0.4595263 0.2357120 0.3410329 0.4000343 0.6171783 1.0744428 0.4345202 0.3835276 0.6977824 0.4025210 0.4507943 0.2709780 0.4374521 0.5589122 0.6014187 0.4521241 0.6014187 0.6977973 0.4395851 0.4435827 0.4542612 0.6496640 0.4804128 0.5808254 0.5858549 0.5617185 0.4106579 0.4828892 0.4093677 0.3862766 0.4340074 0.5887306 0.5660475 0.3277581 0.5866676 0.3143990 0.6597272 0.4328199 0.5495572 0.5810384 0.3246961 0.5681805 0.3591639 0.5843435 0.5843435 0.4492785 0.4789155 0.6144127 0.6840925 0.5851525 0.6463474 0.3433181 0.4518632 0.5993990 0.3988771 0.5518723 
Eutetras_palmeri_63                        0.0700046 0.1239075 0.0722386 0.4578238 0.0000000 0.0030798 0.3665494 0.2978974 0.2947153 0.0698767 0.3200492 0.0932402 0.0742005 0.1549488 0.1013982 0.1745904 0.0884651 0.3606129 0.1237934 0.2134711 0.1001409 0.0870170 0.0950738 0.0741328 0.1167204 0.1199926 0.1036714 0.3092531 0.0620603 0.1724022 0.0817721 0.1062137 0.2749132 0.0883687 0.0706098 0.2277394 0.0858706 0.1679502 0.0727431 0.0847990 0.1241934 0.1330200 0.0991364 0.1245457 0.1883516 0.0967865 0.0858413 0.0883181 0.1330391 0.1292254 0.1168643 0.1144754 0.1388673 0.0842255 0.1321412 0.0809756 0.0811434 0.0862397 0.1260820 0.1395230 0.0942641 0.1380543 0.0634813 0.1590672 0.1170462 0.1195835 0.1244044 0.0694755 0.1193561 0.0825130 0.1191822 0.1100345 0.0910602 0.1195883 0.1209752 0.2772324 0.4657676 0.1320300 0.1455664 0.0864975 0.1169104 0.0943522 0.0976428 
Eutetras_pringlei_149_quer                 0.0751148 0.0000010 0.0647420 0.3500823 0.0030798 0.0000000 0.2435156 1.0138196 0.1645967 0.0714935 0.1261035 0.0558425 0.0526027 0.6636527 0.0000010 0.0514273 0.0414285 0.2006760 0.1023879 0.9714861 0.0000010 0.0447337 0.0578258 0.0545539 0.0000010 0.0000010 0.0758863 0.1360472 0.0620603 0.1272708 0.0737057 0.7657508 0.0000010 0.0512642 0.0617256 0.7417613 0.0614290 0.1277390 0.0569514 0.0448091 0.0000010 0.0000010 0.0412000 0.0000010 0.7117055 0.0481019 0.0382370 0.0479782 0.5944558 0.0893432 0.0000010 0.0000010 0.3598958 0.0413940 0.1316885 0.0716598 0.0462184 0.0526967 0.5340405 0.0000010 0.0975800 0.0000010 0.0676613 0.8476922 0.1243296 0.0000010 0.0000010 0.0630513 0.0000010 0.0891983 0.0000010 0.0000010 0.0546054 0.0000010 0.0000010 0.5220451 0.0717462 0.4811508 0.1500935 0.0458565 0.0000010 0.0877428 0.0000010 
Eutrochium_fistulosum_SRR9119106           0.3270113 1.1486414 0.2511845 0.2579888 0.3665494 0.2435156 0.0000000 1.2546335 0.2732039 0.3126009 0.2833557 0.3811830 0.3033790 0.7304943 0.6543145 0.3073549 0.3534634 0.4391873 0.3815638 0.8279986 0.7828554 0.3685400 0.3741820 0.3675139 0.7304111 0.6354580 0.3350617 0.3446277 0.1296773 0.2760740 0.3090329 0.8117096 1.3119320 0.3674887 0.3120288 0.7387944 0.3094486 0.3991147 0.1674983 0.3603249 0.7545245 0.7833332 0.3781356 0.7833332 0.8616457 0.3672285 0.3680134 0.3712497 0.8305200 0.3667954 0.6734088 0.6543549 0.6170864 0.3570253 0.3960583 0.3279858 0.3373601 0.3803392 0.6351959 0.8447216 0.2806104 0.6845454 0.2084940 0.7950691 0.3227114 0.6354580 0.6992245 0.3128401 0.7545245 0.2768384 0.7304111 0.7304111 0.3826113 0.7506130 0.7652058 0.6431638 0.4237513 0.7099075 0.2612214 0.3723360 0.7209852 0.3099291 0.7655013 
Galeana_pratensis_104_mex                  1.0324209 0.1825865 1.0785333 1.2766891 0.2978974 1.0138196 1.2546335 0.0000000 1.0386410 1.0068651 1.3493900 0.2877876 1.1157650 0.2364008 0.1756160 1.0124647 0.2851086 0.9862080 0.3146711 0.1887861 0.1861656 0.2885804 0.2940670 0.2840533 0.1865252 0.1895359 2.2758594 0.9443989 0.0000010 0.9196845 1.0696645 0.1729606 0.1926222 0.3017081 1.0140266 0.2149114 1.0434168 1.4955226 0.8078988 0.3026518 0.1927291 0.1987264 0.2608622 0.1911042 0.2148573 0.3188157 0.2877876 0.2885804 0.1911042 0.2923471 0.1946130 0.1954068 0.2014977 0.2953457 0.3380854 0.6954644 0.2897191 0.2907625 0.2211588 0.3663085 1.0140266 0.1941479 1.0678825 0.1874278 1.0217536 0.1886766 0.2144129 1.0787283 0.1865418 0.9196845 0.2001734 0.1867500 0.2997927 0.1865252 0.2087453 0.3178860 0.7401861 0.2127112 1.0814025 0.2843082 0.1940035 1.0696645 0.1700721 
Helianthus_annuus_SRR9119062               0.2370393 0.6986033 0.1913451 0.4061900 0.2947153 0.1645967 0.2732039 1.0386410 0.0000000 0.2463205 0.3444921 0.3002494 0.2213512 0.6592340 0.7311983 0.2968904 0.2964378 0.3627951 0.3326990 0.8824452 0.6638319 0.2872490 0.3022536 0.3061080 0.6389329 0.6625545 0.2973565 0.3265477 0.1067862 0.2661264 0.2206585 0.6596599 0.6571905 0.2875887 0.2213523 0.6532709 0.2228204 0.3295134 0.1132712 0.2800143 0.6877979 0.7183487 0.2960073 0.7305905 0.8066223 0.2949713 0.2759508 0.2872706 0.7753803 0.3155006 0.6625545 0.7311983 0.6497044 0.2828640 0.3407592 0.2815317 0.2537344 0.2867817 0.6300558 0.7263799 0.2023250 0.6578854 0.1220982 0.7717915 0.2869522 0.6625545 0.6990745 0.2350910 0.6625545 0.2497988 0.6728906 0.6389329 0.2942431 0.6750054 0.6286986 0.5662196 0.3640521 0.6729895 0.1917009 0.2867817 0.7120362 0.2229318 0.7210303 
Lycapsus_tenuifolius_17                    0.0605626 0.0000010 0.0407925 0.4057006 0.0698767 0.0714935 0.3126009 1.0068651 0.2463205 0.0000000 0.1301230 0.0711913 0.0589422 0.5922259 0.0000010 0.0614450 0.0578360 0.2073597 0.1420135 0.9418474 0.0000010 0.0577351 0.0634217 0.0665531 0.0000010 0.0000010 0.0808287 0.1303996 0.0564734 0.1666744 0.0781812 0.7657508 0.0000010 0.0636662 0.0765236 0.7273830 0.0853386 0.1426497 0.0636398 0.0517864 0.0000010 0.0000010 0.0458669 0.0000010 0.6361341 0.0577806 0.0488319 0.0606853 0.5944558 0.1517614 0.0000010 0.0000010 0.3511792 0.0516708 0.1299008 0.0732951 0.0503796 0.0590368 0.4338040 0.0000010 0.0938951 0.0000010 0.0841071 0.8476922 0.1168865 0.0000010 0.0000010 0.0728785 0.0000010 0.0792573 0.0000010 0.0000010 0.0695694 0.0000010 0.0000010 0.5592070 0.0917721 0.4811508 0.1408515 0.0528716 0.0000010 0.0940764 0.0000010 
Pericome_caudata_50_silver                 0.1345030 1.5855561 0.1041886 0.3190647 0.3200492 0.1261035 0.2833557 1.3493900 0.3444921 0.1301230 0.0000000 0.3180461 0.1443069 0.7075527 0.6819352 0.1427652 0.3024357 0.3950620 0.3274062 0.7634665 0.7049237 0.3016295 0.3146798 0.2677343 0.6647150 0.6984727 0.1554879 0.1847996 0.1165338 0.1979234 0.1350481 0.6954744 1.1716892 0.3016044 0.1318216 0.7053665 0.1403227 0.2448652 0.1199362 0.3045294 0.7053241 0.6395544 0.3011367 0.6521169 0.6750616 0.2959463 0.3022462 0.3016371 0.6752253 0.3960777 0.6767921 0.6921189 0.6802405 0.2779460 0.3427293 0.1345619 0.2025275 0.2650123 0.6420493 0.6558234 0.1185991 0.6638704 0.1000418 0.7140532 0.1447041 0.6909271 0.6967917 0.0805887 0.6912834 0.1359764 0.6773616 0.6773616 0.3119829 0.5821700 0.7317563 0.5455239 0.4073887 0.7189330 0.1653877 0.2982427 0.6989152 0.1482802 0.6407736 
Perityle_aglossa_84_dead_horse             0.0713653 0.0911245 0.0534275 0.4426073 0.0932402 0.0558425 0.3811830 0.2877876 0.3002494 0.0711913 0.3180461 0.0000000 0.0542758 0.0552795 0.0279039 0.1472118 0.0363760 0.3584491 0.0987702 0.1337240 0.0216542 0.0314112 0.0326110 0.0360249 0.0311914 0.0356099 0.0792732 0.3320716 0.0839532 0.1807684 0.0796344 0.1245102 0.2984702 0.0301836 0.0468634 0.2059016 0.0746615 0.1678225 0.0388140 0.0303192 0.0227306 0.1098110 0.0456480 0.1070968 0.1500971 0.0402017 0.0302039 0.0326337 0.1209007 0.0823954 0.0290607 0.0354491 0.0583683 0.0277038 0.0941156 0.0639926 0.0323232 0.0323145 0.0424547 0.0774122 0.0885973 0.0829349 0.0589422 0.0833317 0.1329494 0.0354968 0.1613446 0.0487588 0.0227280 0.0972205 0.0333272 0.0297842 0.0313873 0.0205110 0.0554889 0.2338074 0.4232538 0.0307365 0.1535987 0.0304542 0.0375513 0.0923753 0.0582289 
Perityle_ajoensis_204                      0.0652074 0.0000010 0.0539053 0.3968843 0.0742005 0.0526027 0.3033790 1.1157650 0.2213512 0.0589422 0.1443069 0.0542758 0.0000000 0.6699041 0.6173266 0.0291847 0.0418133 0.1987119 0.1452629 0.9218287 0.5111249 0.0219368 0.0591067 0.0460077 0.3961500 0.5232792 0.0587559 0.1357036 0.0779398 0.1770644 0.0665112 0.6322008 1.0095792 0.0533436 0.0440297 0.7048929 0.0623010 0.1293690 0.0416713 0.0392465 0.5112174 0.6462706 0.0229001 0.6462706 0.6628018 0.0389557 0.0247945 0.0247036 0.6300355 0.1478072 0.5412333 0.5112174 0.4966149 0.0387857 0.1396977 0.0514959 0.0252899 0.0224293 0.4147646 0.5111249 0.0808132 0.6566625 0.0482854 0.7394850 0.1167688 0.6754318 0.4147946 0.0381862 0.5112174 0.0941221 0.3961500 0.3961500 0.0590542 0.0000010 0.5111249 0.5337298 0.0789365 0.6003724 0.1407687 0.0191507 0.5112174 0.0859877 0.0000010 
Perityle_ambrosiifolia_67_green            0.7138474 0.1024244 0.6036773 0.6013574 0.1549488 0.6636527 0.7304943 0.2364008 0.6592340 0.5922259 0.7075527 0.0552795 0.6699041 0.0000000 0.0415156 0.6418287 0.0676862 0.7650482 0.1135294 0.0616515 0.0375463 0.0636298 0.0614223 0.0774026 0.0357652 0.0358911 0.6938547 1.0083805 0.7068723 0.6331655 0.5365301 0.1281464 0.3137537 0.0594315 0.5922259 0.1591094 0.5942106 0.6068174 0.4777619 0.0575651 0.0314196 0.1191910 0.0930053 0.1191316 0.1017141 0.0764825 0.0678764 0.0656599 0.1358090 0.0791221 0.0336014 0.0379112 0.0443574 0.0640466 0.1013778 0.7830416 0.0769311 0.0673548 0.0394543 0.0916547 0.6030533 0.0928059 0.5922259 0.0608655 0.6678639 0.0357762 0.1706991 0.6147419 0.0314158 0.6600668 0.0379338 0.0322237 0.0574366 0.0310023 0.0649532 0.0974284 0.8664940 0.0465042 0.7532378 0.0636298 0.0465452 0.6370741 0.0688838 
Perityle_angustifolia_13_Eagle_creek       0.0000010 0.1031792 0.0000010 0.5572614 0.1013982 0.0000010 0.6543145 0.1756160 0.7311983 0.0000010 0.6819352 0.0279039 0.6173266 0.0415156 0.0000000 0.6723798 0.0256988 0.7954184 0.0712974 0.0325550 0.0282258 0.0389185 0.0279086 0.0141423 0.0411591 0.0345817 0.1827952 1.1762919 0.0000010 0.0000010 0.0000010 0.1140121 0.2982788 0.0366525 0.0000010 0.1175076 0.0000010 0.6227676 0.1881982 0.0346552 0.0322816 0.1093438 0.0672749 0.1037045 0.0761346 0.0503235 0.0412255 0.0389185 0.1090726 0.0383737 0.0301299 0.0235488 0.0411317 0.0291039 0.0672103 0.0000010 0.0413703 0.0391840 0.0411086 0.0902596 0.0000010 0.0782729 0.0000010 0.0477773 0.0000010 0.0345250 0.1708000 0.0000010 0.0279086 0.0000010 0.0434013 0.0399311 0.0279433 0.0344207 0.0575489 0.0687474 0.9430212 0.0412590 0.0000010 0.0389185 0.0388476 0.0000010 0.0634360 
Perityle_batopilensis_97                   0.0645759 0.7530831 0.0374220 0.3863918 0.1745904 0.0514273 0.3073549 1.0124647 0.2968904 0.0614450 0.1427652 0.1472118 0.0291847 0.6418287 0.6723798 0.0000000 0.1378478 0.2558967 0.2316769 0.8015391 0.7243538 0.1399577 0.1473188 0.1478140 0.6803485 0.6900452 0.0822196 0.1465715 0.0843136 0.1673308 0.0593694 0.7299540 0.9139174 0.1449114 0.0198962 0.7475235 0.0525004 0.1301011 0.0545168 0.1276364 0.6964643 0.8702312 0.1425569 0.8368150 0.6736570 0.1358190 0.1323984 0.1424119 0.8168951 0.2329029 0.6602395 0.6915692 0.6250731 0.1346468 0.2316960 0.0597058 0.1472506 0.1451673 0.6399414 0.9069227 0.0748511 0.7236811 0.0469322 0.7934066 0.1184911 0.6831115 0.6853262 0.0411214 0.6965165 0.0931986 0.7039249 0.7022392 0.1523799 0.6803485 0.7986825 0.5810609 0.2021468 0.7454848 0.1407554 0.1398352 0.6891970 0.0783937 0.7622320 
Perityle_bisetosa_9                        0.0609180 0.1091482 0.0485697 0.4355250 0.0884651 0.0414285 0.3534634 0.2851086 0.2964378 0.0578360 0.3024357 0.0363760 0.0418133 0.0676862 0.0256988 0.1378478 0.0000000 0.3693062 0.0991846 0.1230414 0.0416633 0.0287367 0.0398036 0.0269986 0.0354402 0.0355598 0.0669972 0.3115735 0.0728346 0.1678970 0.0717545 0.1364500 0.2992766 0.0335865 0.0402267 0.2156533 0.0611284 0.1589256 0.0351844 0.0276182 0.0418717 0.1126277 0.0452534 0.1125726 0.1510287 0.0374256 0.0275662 0.0299471 0.1263830 0.0722048 0.0290681 0.0227227 0.0583489 0.0287453 0.0920260 0.0554093 0.0320429 0.0307391 0.0465378 0.0946987 0.0751082 0.0876184 0.0427875 0.0853743 0.1174112 0.0354471 0.1721172 0.0443976 0.0397059 0.0891025 0.0375883 0.0319374 0.0348806 0.0379696 0.0711711 0.2414656 0.4308261 0.0540619 0.1316691 0.0277663 0.0461191 0.0842319 0.0660743 
Perityle_californica_76_positas            0.1921018 0.5671113 0.2260741 0.5096251 0.3606129 0.2006760 0.4391873 0.9862080 0.3627951 0.2073597 0.3950620 0.3584491 0.1987119 0.7650482 0.7954184 0.2558967 0.3693062 0.0000000 0.3863583 0.8492407 0.8155700 0.3710872 0.3777459 0.3600297 0.7990770 0.7491770 0.2378292 0.2775556 0.0466893 0.3063594 0.0991724 0.8171890 0.9069824 0.3684077 0.2018424 0.7691311 0.2265636 0.2924265 0.0967439 0.3645198 0.7935441 0.7835268 0.3820177 0.7835268 0.7990827 0.3572271 0.3582464 0.3710911 0.7889471 0.4336208 0.8039819 0.8136449 0.7375482 0.3387187 0.4198431 0.2161782 0.3027714 0.3534901 0.8470463 0.8306622 0.2362338 0.7472096 0.1706288 0.7869752 0.2588250 0.7437173 0.6853356 0.2169021 0.7927331 0.2174193 0.8179453 0.7990770 0.3747914 0.7280802 0.8117985 0.5868679 0.4728786 0.7848826 0.2995335 0.3677756 0.7659312 0.1033110 0.7875087 
Perityle_canescens_77                      0.1288651 0.1024538 0.1166552 0.4502635 0.1237934 0.1023879 0.3815638 0.3146711 0.3326990 0.1420135 0.3274062 0.0987702 0.1452629 0.1135294 0.0712974 0.2316769 0.0991846 0.3863583 0.0000000 0.1829052 0.0674869 0.0911113 0.0899058 0.0929387 0.0707858 0.0825854 0.1430343 0.3507218 0.0726542 0.1874669 0.1424292 0.1558366 0.3300351 0.0885497 0.1370138 0.1911688 0.1599545 0.2014609 0.1108825 0.0929188 0.0731661 0.0730716 0.1100143 0.0704960 0.1465620 0.1036302 0.0899514 0.0924008 0.0868756 0.1359746 0.0753482 0.0776811 0.1022237 0.0857182 0.1193499 0.1448565 0.0890150 0.0876767 0.0833585 0.0811302 0.1524792 0.0927135 0.1318469 0.1247800 0.1590006 0.0823143 0.1751247 0.1059535 0.0686886 0.1197494 0.0730581 0.0699951 0.0912112 0.0631512 0.0805844 0.2451539 0.4853535 0.0855435 0.1672748 0.0906319 0.0798201 0.1448155 0.0743910 
Perityle_castillonii_96                    1.0118660 0.1089712 0.9168003 0.6880870 0.2134711 0.9714861 0.8279986 0.1887861 0.8824452 0.9418474 0.7634665 0.1337240 0.9218287 0.0616515 0.0325550 0.8015391 0.1230414 0.8492407 0.1829052 0.0000000 0.0466528 0.1331379 0.1398691 0.1414494 0.0421897 0.0401780 0.9327853 1.0781767 1.0400005 1.0328414 0.9356796 0.1521362 0.3093904 0.1291453 0.9356796 0.2095976 1.0090896 0.8469900 0.8324407 0.1318012 0.0509383 0.1160278 0.1610779 0.1159704 0.1383875 0.1441997 0.1355962 0.1350961 0.1353484 0.1342122 0.0314402 0.0250227 0.0600522 0.1384732 0.1717721 1.0509317 0.1649965 0.1427239 0.0441727 0.1004946 0.9408628 0.1049100 0.9965055 0.0924771 0.9614460 0.0400493 0.1842082 0.9897650 0.0465786 1.0315081 0.0443750 0.0387858 0.1314832 0.0380678 0.0763608 0.1758624 0.9413384 0.0596579 0.9484690 0.1331379 0.0487341 1.0010389 0.0796723 
Perityle_cernua_84                         0.0000010 0.1024865 0.0000010 0.5733836 0.1001409 0.0000010 0.7828554 0.1861656 0.6638319 0.0000010 0.7049237 0.0216542 0.5111249 0.0375463 0.0282258 0.7243538 0.0416633 0.8155700 0.0674869 0.0466528 0.0000000 0.0304846 0.0216583 0.0315094 0.0327249 0.0373124 0.2837847 1.2086326 0.0000010 0.0000010 0.0000010 0.1028000 0.3047763 0.0305048 0.0000010 0.1137387 0.0000010 0.6227039 0.3086477 0.0329145 0.0260545 0.1054805 0.0587330 0.0997845 0.0747634 0.0487720 0.0327780 0.0304846 0.1052154 0.0555433 0.0327235 0.0394557 0.0394749 0.0314860 0.0633957 0.0000010 0.0385122 0.0321561 0.0326845 0.0817066 0.0000010 0.0770199 0.0000010 0.0461078 0.0000010 0.0372503 0.1594220 0.0000010 0.0216583 0.0000010 0.0349681 0.0312841 0.0216851 0.0239283 0.0513465 0.0673036 0.9299610 0.0328010 0.0000010 0.0304846 0.0371040 0.0000010 0.0606761 
Perityle_cfvillosa_25_tin                  0.0608115 0.0966475 0.0523682 0.4478303 0.0870170 0.0447337 0.3685400 0.2885804 0.2872490 0.0577351 0.3016295 0.0314112 0.0219368 0.0636298 0.0389185 0.1399577 0.0287367 0.3710872 0.0911113 0.1331379 0.0304846 0.0000000 0.0324055 0.0327335 0.0020348 0.0356040 0.0667485 0.3137188 0.0726212 0.1719382 0.0716197 0.1243727 0.3075542 0.0275081 0.0401567 0.2035931 0.0579678 0.1586818 0.0423922 0.0251831 0.0311934 0.0992043 0.0235061 0.0991566 0.1468532 0.0312721 0.0058972 0.0035224 0.1129649 0.0802634 0.0248198 0.0269474 0.0583492 0.0186310 0.0892790 0.0515893 0.0290262 0.0050288 0.0138335 0.0730374 0.0749572 0.0875746 0.0468362 0.0769757 0.1171998 0.0354910 0.1610281 0.0442933 0.0269695 0.0889436 0.0040763 0.0020842 0.0287405 0.0067532 0.0621904 0.2363976 0.4185870 0.0434030 0.1361443 0.0011825 0.0418127 0.0840740 0.0632791 
Perityle_coahuilensis_24                   0.0665117 0.1021553 0.0481059 0.4365206 0.0950738 0.0578258 0.3741820 0.2940670 0.3022536 0.0634217 0.3146798 0.0326110 0.0591067 0.0614223 0.0279086 0.1473188 0.0398036 0.3777459 0.0899058 0.1398691 0.0216583 0.0324055 0.0000000 0.0312316 0.0290974 0.0377733 0.0665046 0.3169506 0.0621502 0.1671759 0.0750408 0.1367438 0.3166770 0.0262438 0.0519273 0.2136473 0.0730153 0.1552684 0.0494639 0.0313252 0.0040715 0.1100047 0.0478700 0.1072861 0.1513740 0.0424371 0.0312357 0.0323639 0.1211083 0.0897586 0.0311932 0.0333466 0.0584300 0.0300575 0.0906558 0.0513971 0.0364681 0.0346688 0.0423873 0.0856702 0.0822458 0.0900267 0.0713413 0.0833286 0.1234328 0.0376532 0.1694009 0.0335948 0.0000010 0.0856439 0.0312283 0.0276427 0.0202012 0.0169905 0.0600947 0.2321642 0.4119164 0.0370333 0.1448081 0.0314630 0.0397092 0.0842862 0.0661606 
Perityle_cochisensis_44_cave_creek         0.0696652 0.1090720 0.0559459 0.4280620 0.0741328 0.0545539 0.3675139 0.2840533 0.3061080 0.0665531 0.2677343 0.0360249 0.0460077 0.0774026 0.0141423 0.1478140 0.0269986 0.3600297 0.0929387 0.1414494 0.0315094 0.0327335 0.0312316 0.0000000 0.0314598 0.0286309 0.0562512 0.2187959 0.0729320 0.1799778 0.0780778 0.1244560 0.2722140 0.0254432 0.0489105 0.2009724 0.0731686 0.1674367 0.0425675 0.0342245 0.0403687 0.0697403 0.0308977 0.0660737 0.1614236 0.0402407 0.0298263 0.0327368 0.0786117 0.0816128 0.0228251 0.0084575 0.0542555 0.0312623 0.1003532 0.0443585 0.0306766 0.0345743 0.0410573 0.0863570 0.0860662 0.0615266 0.0672892 0.0966657 0.1265376 0.0256531 0.1403532 0.0335634 0.0344886 0.0948845 0.0343986 0.0314532 0.0297544 0.0379563 0.0649205 0.2646860 0.3192182 0.0451414 0.1493487 0.0316175 0.0314756 0.0905694 0.0569009 
Perityle_congesta_202                      0.0000010 0.0966475 0.0000010 0.5721770 0.1167204 0.0000010 0.7304111 0.1865252 0.6389329 0.0000010 0.6647150 0.0311914 0.3961500 0.0357652 0.0411591 0.6803485 0.0354402 0.7990770 0.0707858 0.0421897 0.0327249 0.0020348 0.0290974 0.0314598 0.0000000 0.0377684 0.2837847 1.1724437 0.0000010 0.0000010 0.0000010 0.1119602 0.3125377 0.0248365 0.0000010 0.1123530 0.0000010 0.6227676 0.2910541 0.0314144 0.0333341 0.1019119 0.0382402 0.1018627 0.0845760 0.0399493 0.0061355 0.0020348 0.1097201 0.0482102 0.0269373 0.0290735 0.0461832 0.0223662 0.0647797 0.0000010 0.0356395 0.0045115 0.0040721 0.0773757 0.0000010 0.0899411 0.0000010 0.0396163 0.0000010 0.0376483 0.1636716 0.0000010 0.0290974 0.0000010 0.0061253 0.0041761 0.0227892 0.0067532 0.0644580 0.0742587 0.8987597 0.0398643 0.0000010 0.0020348 0.0439848 0.0000010 0.0659585 
Perityle_cordifolia_27                     0.0000010 0.0977482 0.0000010 0.5614019 0.1199926 0.0000010 0.6354580 0.1895359 0.6625545 0.0000010 0.6984727 0.0356099 0.5232792 0.0358911 0.0345817 0.6900452 0.0355598 0.7491770 0.0825854 0.0401780 0.0373124 0.0356040 0.0377733 0.0286309 0.0377684 0.0000000 0.2837847 1.1738026 0.0000010 0.0000010 0.0000010 0.1225182 0.3055022 0.0334179 0.0000010 0.1263266 0.0000010 0.6227676 0.1881982 0.0315209 0.0420727 0.1184677 0.0697367 0.1184091 0.0802338 0.0422740 0.0400033 0.0356040 0.1264421 0.0507426 0.0271040 0.0334559 0.0123416 0.0292603 0.0718886 0.0000010 0.0330731 0.0322461 0.0377235 0.0948548 0.0000010 0.0904291 0.0000010 0.0484792 0.0000010 0.0061599 0.1652256 0.0000010 0.0377733 0.0000010 0.0399345 0.0365010 0.0313764 0.0310359 0.0691936 0.0768551 0.9014304 0.0487300 0.0000010 0.0356040 0.0398569 0.0000010 0.0662148 
Perityle_cordifolia_68_tecolote            0.0732750 0.5770856 0.0524433 0.4225684 0.1036714 0.0758863 0.3350617 2.2758594 0.2973565 0.0808287 0.1554879 0.0792732 0.0587559 0.6938547 0.1827952 0.0822196 0.0669972 0.2378292 0.1430343 0.9327853 0.2837847 0.0667485 0.0665046 0.0562512 0.2837847 0.2837847 0.0000000 0.1348228 0.0898775 0.2357763 0.1014044 0.6365854 0.7814219 0.0596659 0.0818410 0.7345155 0.1043425 0.1554672 0.0618106 0.0669893 0.2837847 0.2996788 0.0598509 0.2996788 0.6793842 0.0670502 0.0600074 0.0701705 0.4749094 0.1876352 0.2837847 0.1827952 0.3282889 0.0564528 0.1290383 0.0066117 0.0706483 0.0666248 0.3890651 0.2996788 0.1002892 0.2996788 0.0940034 0.7276805 0.1228524 0.2837847 0.6352277 0.0334947 0.2837847 0.1301389 0.2837847 0.4154551 0.0700697 0.2837847 0.4422822 0.5079631 0.0922401 0.5356703 0.1214804 0.0632311 0.2837847 0.1166964 0.2996788 
Perityle_coronopifolia_28_patagonia        0.1369303 0.4918154 0.1137376 0.4595263 0.3092531 0.1360472 0.3446277 0.9443989 0.3265477 0.1303996 0.1847996 0.3320716 0.1357036 1.0083805 1.1762919 0.1465715 0.3115735 0.2775556 0.3507218 1.0781767 1.2086326 0.3137188 0.3169506 0.2187959 1.1724437 1.1738026 0.1348228 0.0000000 0.1069019 0.2348635 0.1508263 1.2324395 1.1637341 0.3192608 0.1454166 0.9518412 0.1577685 0.2046965 0.1555090 0.3137337 1.1650019 1.5093722 0.2932500 1.4403901 0.9188170 0.3044287 0.3059689 0.3164484 1.4429533 0.3896828 1.2300264 1.2257713 1.0444134 0.3100189 0.2352931 0.1266210 0.3022613 0.3174037 1.0943425 0.2131726 0.1457019 1.1840463 0.1515838 1.1202872 0.0111935 1.1179240 1.1894279 0.1464124 1.1650019 0.1515434 1.1724437 1.1164563 0.3249641 0.8303192 1.2197313 0.7154984 0.3782006 1.1744907 0.0492896 0.3110231 1.2276220 0.1607176 1.3638912 
Perityle_crassifolia_70_ventanas           0.0795751 0.0000010 0.0369682 0.2357120 0.0620603 0.0620603 0.1296773 0.0000010 0.1067862 0.0564734 0.1165338 0.0839532 0.0779398 0.7068723 0.0000010 0.0843136 0.0728346 0.0466893 0.0726542 1.0400005 0.0000010 0.0726212 0.0621502 0.0729320 0.0000010 0.0000010 0.0898775 0.1069019 0.0000000 0.0204291 0.0849441 1.8421837 0.0000010 0.0731409 0.0961263 0.8614563 0.0839889 0.1361001 0.0786645 0.0727324 0.0000010 0.0000010 0.0673420 0.0000010 1.0183477 0.0728198 0.0673420 0.0779398 1.9767216 0.0619009 0.0000010 0.0000010 0.3598958 0.0671501 0.0954192 0.0953282 0.0827441 0.0781281 0.0000010 0.0000010 0.0821984 0.0000010 0.1044464 0.9808961 0.0952015 0.0000010 0.0000010 0.0355663 0.0000010 0.0201071 0.0000010 0.0000010 0.0786906 0.0000010 0.0000010 0.3142794 0.0842089 0.0000010 0.1070915 0.0726212 0.0000010 0.0954635 0.0000010 
Perityle_crassifolia_74_playa_balandra     0.1796611 0.0000010 0.1431926 0.3410329 0.1724022 0.1272708 0.2760740 0.9196845 0.2661264 0.1666744 0.1979234 0.1807684 0.1770644 0.6331655 0.0000010 0.1673308 0.1678970 0.3063594 0.1874669 1.0328414 0.0000010 0.1719382 0.1671759 0.1799778 0.0000010 0.0000010 0.2357763 0.2348635 0.0204291 0.0000000 0.1750428 0.7588013 0.0000010 0.1630503 0.1721945 0.7485342 0.1711785 0.1790252 0.0769330 0.1593765 0.0000010 0.0000010 0.1792394 0.0000010 0.9064587 0.1720846 0.1593765 0.1675509 8.9999984 0.2113770 0.0000010 0.0000010 0.4207411 0.1673387 0.2437316 0.2295735 0.1457310 0.1816360 0.3530533 0.0000010 0.1655400 0.0000010 0.0851050 0.9172144 0.2293905 0.0000010 0.0000010 0.1716330 0.0000010 0.0902890 0.0000010 0.0000010 0.1713740 0.0000010 0.0000010 0.5822651 0.1987666 0.4811508 0.1901086 0.1725775 0.0000010 0.1710783 0.0000010 
Perityle_cuneata_34_cuneata_San_antonio    0.0748154 0.0000010 0.0829974 0.4000343 0.0817721 0.0737057 0.3090329 1.0696645 0.2206585 0.0781812 0.1350481 0.0796344 0.0665112 0.5365301 0.0000010 0.0593694 0.0717545 0.0991724 0.1424292 0.9356796 0.0000010 0.0716197 0.0750408 0.0780778 0.0000010 0.0000010 0.1014044 0.1508263 0.0849441 0.1750428 0.0000000 0.7657508 0.0000010 0.0685882 0.0786841 0.6942219 0.0886312 0.1506723 0.0524795 0.0649555 0.0000010 0.0000010 0.0596417 0.0000010 0.6796054 0.0650566 0.0617926 0.0748181 0.5590896 0.1596072 0.0000010 0.0000010 0.3511792 0.0648366 0.1536071 0.0932030 0.0543056 0.0632744 0.6385829 0.0000010 0.1185963 0.0000010 0.0739503 0.8830419 0.1359680 0.0000010 0.0000010 0.0948955 0.0000010 0.1181533 0.0000010 0.0000010 0.0812581 0.0000010 0.0000010 0.5205067 0.0954094 0.4811508 0.1449746 0.0599612 0.0000010 0.0270293 0.0000010 
Perityle_cuneata_4                         0.9551500 0.0794895 0.9569210 0.6171783 0.1062137 0.7657508 0.8117096 0.1729606 0.6596599 0.7657508 0.6954744 0.1245102 0.6322008 0.1281464 0.1140121 0.7299540 0.1364500 0.8171890 0.1558366 0.1521362 0.1028000 0.1243727 0.1367438 0.1244560 0.1119602 0.1225182 0.6365854 1.2324395 1.8421837 0.7588013 0.7657508 0.0000000 0.2957951 0.1317906 0.7657508 0.1263050 0.6483717 0.8330430 0.4049492 0.1374125 0.1242092 0.1151313 0.1509149 0.1123998 0.1575191 0.1494237 0.1294576 0.1219692 0.1264814 0.1498443 0.1216826 0.1290960 0.1219762 0.1303567 0.1460939 0.9826261 0.1414648 0.1202531 0.1118162 0.1189888 0.8412974 0.1386908 0.6012146 0.1366703 0.9399870 0.1244293 0.1319195 0.9045597 0.1193704 0.8821634 0.1144076 0.1071474 0.1320500 0.0991043 0.1302516 0.1594824 0.9340974 0.1271244 0.9399870 0.1243727 0.1194275 0.7657508 0.1071746 
Perityle_discoidea_81                      0.0000010 0.1390952 0.0000010 1.0744428 0.2749132 0.0000010 1.3119320 0.1926222 0.6571905 0.0000010 1.1716892 0.2984702 1.0095792 0.3137537 0.2982788 0.9139174 0.2992766 0.9069824 0.3300351 0.3093904 0.3047763 0.3075542 0.3166770 0.2722140 0.3125377 0.3055022 0.7814219 1.1637341 0.0000010 0.0000010 0.0000010 0.2957951 0.0000000 0.3134670 0.0000010 0.3364317 0.0000010 1.6711395 0.2227391 0.3183022 0.3167687 0.3279723 0.3125377 0.3227192 0.3064424 0.3323698 0.3121376 0.3075542 0.3273135 0.3014523 0.3139405 0.2993100 0.3184305 0.3086652 0.3258663 0.0000010 0.2291815 0.2907249 0.3075542 0.4480031 0.0000010 0.3101726 0.0000010 0.3034680 0.0000010 0.3000393 0.2881297 0.0000010 0.3166770 0.0000010 0.3128121 0.3123972 0.3135688 0.2395139 0.3232821 0.3201922 0.9432629 0.3318271 0.0000010 0.3075542 0.3068644 0.0000010 0.2770527 
Perityle_dissecta_201                      0.0667694 0.1088269 0.0520163 0.4345202 0.0883687 0.0512642 0.3674887 0.3017081 0.2875887 0.0636662 0.3016044 0.0301836 0.0533436 0.0594315 0.0366525 0.1449114 0.0335865 0.3684077 0.0885497 0.1291453 0.0305048 0.0275081 0.0262438 0.0254432 0.0248365 0.0334179 0.0596659 0.3192608 0.0731409 0.1630503 0.0685882 0.1317906 0.3134670 0.0000000 0.0430529 0.2129427 0.0733226 0.1585644 0.0423197 0.0288439 0.0311876 0.1071507 0.0453107 0.1070986 0.1489251 0.0361768 0.0263377 0.0287166 0.1208996 0.0803457 0.0227271 0.0247790 0.0541529 0.0249322 0.0905770 0.0444002 0.0305280 0.0294226 0.0361656 0.0818114 0.0861772 0.0898875 0.0589297 0.0790380 0.1201992 0.0333121 0.1615957 0.0234147 0.0290798 0.0888751 0.0269513 0.0211589 0.0250339 0.0274958 0.0600429 0.2331088 0.4072361 0.0455256 0.1401729 0.0265287 0.0396783 0.0810568 0.0634149 
Perityle_emoryi_47_punta_san_jose          0.0797231 0.0000010 0.0523371 0.3835276 0.0706098 0.0617256 0.3120288 1.0140266 0.2213523 0.0765236 0.1318216 0.0468634 0.0440297 0.5922259 0.0000010 0.0198962 0.0402267 0.2018424 0.1370138 0.9356796 0.0000010 0.0401567 0.0519273 0.0489105 0.0000010 0.0000010 0.0818410 0.1454166 0.0961263 0.1721945 0.0786841 0.7657508 0.0000010 0.0430529 0.0000000 0.6946508 0.0706969 0.1308660 0.0522860 0.0343447 0.0000010 0.0000010 0.0336383 0.0000010 0.5920999 0.0343366 0.0313969 0.0430704 0.5944558 0.1463388 0.0000010 0.0000010 0.3511792 0.0342298 0.1412895 0.0742040 0.0153671 0.0440998 0.4312730 0.0000010 0.0751422 0.0000010 0.0470102 0.8476922 0.1314415 0.0000010 0.0000010 0.0620971 0.0000010 0.1088969 0.0000010 0.0000010 0.0548329 0.0000010 0.0000010 0.5799477 0.0672756 0.3036984 0.1407437 0.0380321 0.0000010 0.0979244 0.0000010 
Perityle_feddemae_99                       0.7027011 0.1026972 0.6752586 0.6977824 0.2277394 0.7417613 0.7387944 0.2149114 0.6532709 0.7273830 0.7053665 0.2059016 0.7048929 0.1591094 0.1175076 0.7475235 0.2156533 0.7691311 0.1911688 0.2095976 0.1137387 0.2035931 0.2136473 0.2009724 0.1123530 0.1263266 0.7345155 0.9518412 0.8614563 0.7485342 0.6942219 0.1263050 0.3364317 0.2129427 0.6946508 0.0000000 0.7126765 0.7272748 0.6580035 0.2119340 0.1232325 0.0350531 0.2248530 0.0326545 0.1391740 0.2264645 0.2086395 0.2058140 0.0389172 0.2249150 0.1204288 0.1259064 0.1317273 0.2116939 0.2228353 0.7691255 0.2232163 0.1983766 0.1186487 0.0913929 0.6886828 0.1217902 0.7119974 0.1277369 0.7460884 0.1260927 0.1877897 0.6252875 0.1178477 0.7329581 0.1124079 0.1018767 0.2134630 0.0600421 0.1300679 0.2225402 0.8839550 0.1309239 0.7153675 0.2035931 0.1286557 0.7677083 0.0877474 
Perityle_fosteri_93                        0.0950992 0.0000010 0.0681675 0.4025210 0.0858706 0.0614290 0.3094486 1.0434168 0.2228204 0.0853386 0.1403227 0.0746615 0.0623010 0.5942106 0.0000010 0.0525004 0.0611284 0.2265636 0.1599545 1.0090896 0.0000010 0.0579678 0.0730153 0.0731686 0.0000010 0.0000010 0.1043425 0.1577685 0.0839889 0.1711785 0.0886312 0.6483717 0.0000010 0.0733226 0.0706969 0.7126765 0.0000000 0.1573466 0.0483388 0.0550853 0.0000010 0.0000010 0.0557036 0.0000010 0.7369837 0.0490362 0.0520422 0.0518389 0.8728208 0.1387485 0.0000010 0.0000010 0.3511792 0.0548976 0.1644779 0.0964619 0.0310287 0.0624017 0.4312730 0.0000010 0.0902965 0.0000010 0.0548808 0.9026576 0.1505475 0.0000010 0.0000010 0.0771610 0.0000010 0.1214694 0.0000010 0.0000010 0.0762314 0.0000010 0.0000010 0.5927276 0.0925950 0.4811508 0.1493714 0.0561783 0.0000010 0.1012936 0.0000010 
Perityle_gamon_221                         0.1331177 2.5115318 0.0999803 0.4507943 0.1679502 0.1277390 0.3991147 1.4955226 0.3295134 0.1426497 0.2448652 0.1678225 0.1293690 0.6068174 0.6227676 0.1301011 0.1589256 0.2924265 0.2014609 0.8469900 0.6227039 0.1586818 0.1552684 0.1674367 0.6227676 0.6227676 0.1554672 0.2046965 0.1361001 0.1790252 0.1506723 0.8330430 1.6711395 0.1585644 0.1308660 0.7272748 0.1573466 0.0000000 0.1419877 0.1432960 0.6698055 0.5766978 0.1667039 0.5766978 0.7630652 0.1495061 0.1524575 0.1616271 0.6337066 0.2487670 0.6227676 0.6227676 0.5074762 0.1522403 0.2262235 0.1540312 0.1530915 0.1653707 0.5537347 0.7038742 0.1341578 0.6378056 0.1312294 0.7869142 0.1841255 0.6227676 0.9121334 0.0876345 0.6698055 0.1270875 0.6227676 0.6227676 0.1675903 0.7956304 0.7752836 0.6279650 0.2133254 0.6437103 0.2181527 0.1588922 0.7206831 0.1562943 0.7011655 
Perityle_gentryi_8_san_francisco           0.0758980 0.3457944 0.0477492 0.2709780 0.0727431 0.0569514 0.1674983 0.8078988 0.1132712 0.0636398 0.1199362 0.0388140 0.0416713 0.4777619 0.1881982 0.0545168 0.0351844 0.0967439 0.1108825 0.8324407 0.3086477 0.0423922 0.0494639 0.0425675 0.2910541 0.1881982 0.0618106 0.1555090 0.0786645 0.0769330 0.0524795 0.4049492 0.2227391 0.0423197 0.0522860 0.6580035 0.0483388 0.1419877 0.0000000 0.0351502 0.2910541 0.1881982 0.0422534 0.1881982 0.6712896 0.0319154 0.0316684 0.0459767 0.3160043 0.0315726 0.1881982 0.2910541 0.2943482 0.0351595 0.1368264 0.0568384 0.0368547 0.0511438 0.4555835 0.3989293 0.0842062 0.1881982 0.0589556 0.6334226 0.1380567 0.1881982 0.3274012 0.0370860 0.2910541 0.0807539 0.2910541 0.2910541 0.0459996 0.3457944 0.2398205 0.4639577 0.0726950 0.3481974 0.1457210 0.0435717 0.1881982 0.0686217 0.2398205 
Perityle_gilensis_22_Superstition          0.0578614 0.1088542 0.0371340 0.4374521 0.0847990 0.0448091 0.3603249 0.3026518 0.2800143 0.0517864 0.3045294 0.0303192 0.0392465 0.0575651 0.0346552 0.1276364 0.0276182 0.3645198 0.0929188 0.1318012 0.0329145 0.0251831 0.0313252 0.0342245 0.0314144 0.0315209 0.0669893 0.3137337 0.0727324 0.1593765 0.0649555 0.1374125 0.3183022 0.0288439 0.0343447 0.2119340 0.0550853 0.1432960 0.0351502 0.0000000 0.0356939 0.1080712 0.0428525 0.1080183 0.1476481 0.0301721 0.0240074 0.0263938 0.1219255 0.0777350 0.0250299 0.0313781 0.0504084 0.0224794 0.0896924 0.0517807 0.0246465 0.0268594 0.0406908 0.0870042 0.0676646 0.0858819 0.0429288 0.0817506 0.1140790 0.0314205 0.1656037 0.0443765 0.0314185 0.0827226 0.0335655 0.0300022 0.0300927 0.0379827 0.0626847 0.2352016 0.4189972 0.0476998 0.1321209 0.0241819 0.0378196 0.0805321 0.0633161 
Perityle_gilensis_salensis_225             0.0000010 0.1077135 0.0000010 0.5589122 0.1241934 0.0000010 0.7545245 0.1927291 0.6877979 0.0000010 0.7053241 0.0227306 0.5112174 0.0314196 0.0322816 0.6964643 0.0418717 0.7935441 0.0731661 0.0509383 0.0260545 0.0311934 0.0040715 0.0403687 0.0333341 0.0420727 0.2837847 1.1650019 0.0000010 0.0000010 0.0000010 0.1242092 0.3167687 0.0311876 0.0000010 0.1232325 0.0000010 0.6698055 0.2910541 0.0356939 0.0000000 0.1153495 0.0604243 0.1126117 0.0846671 0.0486556 0.0355380 0.0311934 0.1205673 0.0573442 0.0354375 0.0376056 0.0505116 0.0315152 0.0670778 0.0000010 0.0441946 0.0321865 0.0332948 0.0942847 0.0000010 0.0946658 0.0000010 0.0482470 0.0000010 0.0419386 0.1694158 0.0000010 0.0040715 0.0000010 0.0354774 0.0319737 0.0165046 0.0204098 0.0645494 0.0676077 0.9134812 0.0355238 0.0000010 0.0311934 0.0439958 0.0000010 0.0661705 
Perityle_glaucescens_94                    0.0000010 0.0964494 0.0000010 0.6014187 0.1330200 0.0000010 0.7833332 0.1987264 0.7183487 0.0000010 0.6395544 0.1098110 0.6462706 0.1191910 0.1093438 0.8702312 0.1126277 0.7835268 0.0730716 0.1160278 0.1054805 0.0992043 0.1100047 0.0697403 0.1019119 0.1184677 0.2996788 1.5093722 0.0000010 0.0000010 0.0000010 0.1151313 0.3279723 0.1071507 0.0000010 0.0350531 0.0000010 0.5766978 0.1881982 0.1080712 0.1153495 0.0000000 0.1290866 0.0068939 0.1074897 0.1268075 0.1048267 0.0992043 0.0138328 0.1156661 0.1099006 0.1153142 0.1208818 0.1030488 0.1197728 0.0000010 0.0942265 0.0880559 0.1017667 0.0958612 0.0000010 0.1110534 0.0000010 0.0988324 0.0000010 0.1182489 0.1820450 0.0000010 0.1100047 0.0000010 0.1019611 0.0939998 0.1047400 0.0647098 0.1192565 0.0955675 0.9560561 0.1237731 0.0000010 0.0992043 0.1207315 0.0000010 0.0846778 
Perityle_gracilis_11                       0.0587415 0.0966475 0.0446636 0.4521241 0.0991364 0.0412000 0.3781356 0.2608622 0.2960073 0.0458669 0.3011367 0.0456480 0.0229001 0.0930053 0.0672749 0.1425569 0.0452534 0.3820177 0.1100143 0.1610779 0.0587330 0.0235061 0.0478700 0.0308977 0.0382402 0.0697367 0.0598509 0.2932500 0.0673420 0.1792394 0.0596417 0.1509149 0.3125377 0.0453107 0.0336383 0.2248530 0.0557036 0.1667039 0.0422534 0.0428525 0.0604243 0.1290866 0.0000000 0.1262389 0.1728127 0.0493793 0.0223088 0.0247543 0.1403323 0.0897656 0.0604141 0.0627166 0.0898425 0.0339757 0.0958191 0.0445417 0.0440200 0.0263075 0.0454441 0.0730374 0.0693158 0.1155437 0.0426868 0.1130477 0.1051638 0.0695070 0.1855261 0.0405013 0.0559677 0.0887674 0.0404341 0.0341869 0.0452897 0.0067532 0.0909017 0.2371781 0.4446419 0.0729107 0.1261732 0.0222459 0.0648361 0.0799809 0.0837363 
Perityle_harkerae_31                       0.0000010 0.0895710 0.0000010 0.6014187 0.1245457 0.0000010 0.7833332 0.1911042 0.7305905 0.0000010 0.6521169 0.1070968 0.6462706 0.1191316 0.1037045 0.8368150 0.1125726 0.7835268 0.0704960 0.1159704 0.0997845 0.0991566 0.1072861 0.0660737 0.1018627 0.1184091 0.2996788 1.4403901 0.0000010 0.0000010 0.0000010 0.1123998 0.3227192 0.1070986 0.0000010 0.0326545 0.0000010 0.5766978 0.1881982 0.1080183 0.1126117 0.0068939 0.1262389 0.0000000 0.1047764 0.1267439 0.1047758 0.0991566 0.0068774 0.1156661 0.1098470 0.1152576 0.1208219 0.1000702 0.1169805 0.0000010 0.0905633 0.0850751 0.1017177 0.0913929 0.0000010 0.1083062 0.0000010 0.0987851 0.0000010 0.1181905 0.1790192 0.0000010 0.1072861 0.0000010 0.1019119 0.0939537 0.1046892 0.0601939 0.1164780 0.0901751 0.9474863 0.1209978 0.0000010 0.0991566 0.1179740 0.0000010 0.0784721 
Perityle_hofmeisteria_4_nombre_de_dios     0.6664171 0.0627606 0.5774985 0.6977973 0.1883516 0.7117055 0.8616457 0.2148573 0.8066223 0.6361341 0.6750616 0.1500971 0.6628018 0.1017141 0.0761346 0.6736570 0.1510287 0.7990827 0.1465620 0.1383875 0.0747634 0.1468532 0.1513740 0.1614236 0.0845760 0.0802338 0.6793842 0.9188170 1.0183477 0.9064587 0.6796054 0.1575191 0.3064424 0.1489251 0.5920999 0.1391740 0.7369837 0.7630652 0.6712896 0.1476481 0.0846671 0.1074897 0.1728127 0.1047764 0.0000000 0.1517107 0.1511991 0.1489972 0.1296468 0.1924563 0.0800419 0.0869492 0.0889598 0.1442022 0.1653840 0.6744242 0.1375342 0.1445332 0.0878809 0.1266616 0.5652815 0.0973607 0.7350129 0.0960232 0.6536394 0.0799710 0.1705746 0.5707015 0.0801203 0.6843703 0.0868977 0.0817677 0.1427672 0.0703912 0.0879783 0.1771110 0.8706572 0.0932531 0.6995324 0.1468532 0.0800819 0.7459472 0.0715999 
