83
Amauria_brandeegeana_62                    0.0000000 0.0931254 0.1288853 0.3499907 0.1259269 0.2385046 0.4902814 0.1205461 0.1537568 0.1520310 0.1539553 0.1511569 0.1490380 0.2045672 0.1396170 0.2271586 0.1060483 0.1363331 0.1797555 0.2168657 0.3806831 0.2133158 0.2086883 0.2103772 0.1957291 0.2280592 0.1631869 0.1159449 0.0933355 0.1617884 0.1673356 0.1188474 0.2015323 0.2896479 0.1548495 0.1356469 0.1503256 0.2049410 0.1559835 0.1562947 0.1465442 0.2036796 0.1582581 0.1529049 0.3762276 0.1527949 0.1619385 0.1339385 0.1076428 0.2318845 0.2017498 0.1975146 0.1462219 0.2689701 0.1648574 0.1361634 0.1325845 0.2105023 0.0878583 0.1249080 0.0260738 0.0916004 0.1405391 0.1598680 0.1960057 0.1768634 0.1763700 0.1807890 0.1483644 0.1263505 0.2052012 0.1449937 0.2029587 0.0923862 0.1725287 0.1829344 0.5628071 0.1506868 0.1160853 0.2290988 0.3059552 0.0905565 0.0734458 
Amauria_carterae_99_mesa                   0.0931254 0.0000000 0.1139252 0.1828519 0.1000678 0.1473106 0.3375402 0.1093248 0.1249203 0.1161987 0.1247242 0.1310045 0.1493625 0.1287277 0.1091397 0.2342269 0.1109302 0.1079801 0.1117276 0.1188060 0.3608463 0.1524755 0.1471076 0.1446331 0.1373020 0.1503566 0.1227909 0.0937277 0.1028010 0.0924248 0.1268332 0.1095206 0.1399161 0.1316061 0.1355413 0.1095639 0.1313884 0.1337333 0.1377291 0.1307487 0.1246437 0.1308121 0.1357431 0.1306142 0.3896847 0.1297957 0.1303418 0.1335412 0.1340058 0.1396265 0.1424576 0.1396400 0.1488660 0.1555760 0.1548159 0.1386318 0.1183273 0.1320282 0.0879674 0.1326711 0.0155822 0.0945550 0.1154551 0.1274241 0.1355080 0.1241076 0.1585646 0.1113806 0.1227785 0.1148623 0.1299616 0.1338099 0.1397607 0.1160001 0.1173513 0.1353379 0.4052527 0.1210397 0.0917928 0.1126315 0.1340880 0.1057524 0.0920208 
Amauria_rotundifolia_SRR9119150            0.1288853 0.1139252 0.0000000 0.3639656 0.1449636 0.2454325 0.4837690 0.1492660 0.1728491 0.1590195 0.1699432 0.1746596 0.1595711 0.2454012 0.1537723 0.2277507 0.1146417 0.1410605 0.1820632 0.2494383 0.3607615 0.2579746 0.2353551 0.2502381 0.2280564 0.2699249 0.1789013 0.1566025 0.1215417 0.2207786 0.1750458 0.1325893 0.2444562 0.3199446 0.1805445 0.1542606 0.1681216 0.2422889 0.1829527 0.1796208 0.1665882 0.2142156 0.1677394 0.1729284 0.3595268 0.1697466 0.1760056 0.1407023 0.1159002 0.2706216 0.2419239 0.2186479 0.1766414 0.2797268 0.1760121 0.1398027 0.1339299 0.2345243 0.0970122 0.1144546 0.0313695 0.0944613 0.1596012 0.1771558 0.2286006 0.1831518 0.1931497 0.1917262 0.1637047 0.1552309 0.2494533 0.1672061 0.2424281 0.0942820 0.1788510 0.2012343 0.5594723 0.1636802 0.1257860 0.2584442 0.3441598 0.0870665 0.0761400 
Conoclinium_coelestinum_SRR9119114         0.3499907 0.1828519 0.3639656 0.0000000 0.3331117 0.2570046 0.4862887 0.3744139 0.3649636 0.3583144 0.3734347 0.3133319 0.3153304 0.4234970 0.3670754 0.1947552 0.2359137 0.3459022 0.3618692 0.4853402 0.3848810 0.4853516 0.4711016 0.4836102 0.4229612 0.4885004 0.3541995 0.3844811 0.1599690 0.3435060 0.3767435 0.3563614 0.4707735 0.4918607 0.3804765 0.3623223 0.3884345 0.4250800 0.3301333 0.3278588 0.3539471 0.4171394 0.3840335 0.3639510 0.3711823 0.3550157 0.3772203 0.3337392 0.1764259 0.4907544 0.4705452 0.4239006 0.3781977 0.4383382 0.3314348 0.2158196 0.3080682 0.4660085 0.1371560 0.1892175 0.0708224 0.1431023 0.3784047 0.3488431 0.4289844 0.3640154 0.3713316 0.3754245 0.3715856 0.3869576 0.4715022 0.3931610 0.4760819 0.1406991 0.3454091 0.3776124 0.5976807 0.3645725 0.2555795 0.4715664 0.4957769 0.1288236 0.1253515 
Eutetras_palmeri_63                        0.1259269 0.1000678 0.1449636 0.3331117 0.0000000 0.2125981 0.4548207 0.1558208 0.1634447 0.1290022 0.1336231 0.1282904 0.1300377 0.1773590 0.1214068 0.2349765 0.1014372 0.1083368 0.1678880 0.1888999 0.3806831 0.1990699 0.1829412 0.1945663 0.1827025 0.2079490 0.1591005 0.1345168 0.0965594 0.1825144 0.1300116 0.1453627 0.1836099 0.2312643 0.1447267 0.1116200 0.1467754 0.1775994 0.1331655 0.1334222 0.1392890 0.1797272 0.1362908 0.1356954 0.3797924 0.1430539 0.1519489 0.1269394 0.0997633 0.2165140 0.1948784 0.1844934 0.1407415 0.2385200 0.1576884 0.1239508 0.1219960 0.1804911 0.0683539 0.1018509 0.0313332 0.0648351 0.1331852 0.1525272 0.1845731 0.1499397 0.1570265 0.1940948 0.1423852 0.1523731 0.1873840 0.1400923 0.1843309 0.0920601 0.1423320 0.1793181 0.5805818 0.1275754 0.1079229 0.1983526 0.2606850 0.0941580 0.0806040 
Eutrochium_fistulosum_SRR9119106           0.2385046 0.1473106 0.2454325 0.2570046 0.2125981 0.0000000 0.4177888 0.2576077 0.2486064 0.2501983 0.2643442 0.2099324 0.1850358 0.3160149 0.2537713 0.2218986 0.1766027 0.2405228 0.2501109 0.3885212 0.3743584 0.3703921 0.3530950 0.3564800 0.3073272 0.3797385 0.2686837 0.2399140 0.1187622 0.2662642 0.2705350 0.2331889 0.3459517 0.3613007 0.2748665 0.2562193 0.2603359 0.3233983 0.2262700 0.2243430 0.2619065 0.3215895 0.2683249 0.2482367 0.3679921 0.2428835 0.2627744 0.2216961 0.1367473 0.3679097 0.3401961 0.3063030 0.2506533 0.3276454 0.2310118 0.1504144 0.2002661 0.3338639 0.1143181 0.1426081 0.0645021 0.1116849 0.2616784 0.2663721 0.3080761 0.2536306 0.2635976 0.2581014 0.2484708 0.2436337 0.3487150 0.2607755 0.3514547 0.1068500 0.2483575 0.2930502 0.5740098 0.2570164 0.1669470 0.3685256 0.3661472 0.1164286 0.1020814 
Helianthus_annuus_SRR9119062               0.4902814 0.3375402 0.4837690 0.4862887 0.4548207 0.4177888 0.0000000 0.5084957 0.4683202 0.4688240 0.4731598 0.3938481 0.4083531 0.5033401 0.4763636 0.3096780 0.3426192 0.4369947 0.4407935 0.4869358 0.4065947 0.5605085 0.5526862 0.5518605 0.5189164 0.5423968 0.4997483 0.3751191 0.2279673 0.4228853 0.4741723 0.5064112 0.5418030 0.5526445 0.4917261 0.4519589 0.4751725 0.5048600 0.3983397 0.3990497 0.4789250 0.5055966 0.4864048 0.4732478 0.3811562 0.4900113 0.4831569 0.4423046 0.2905027 0.5388487 0.5530201 0.5251687 0.4449980 0.5328691 0.4249447 0.3465064 0.4300643 0.5219812 0.1951914 0.2833893 0.1126370 0.1778441 0.4937107 0.4990605 0.5184317 0.4479630 0.4754464 0.4853393 0.4910548 0.4410698 0.5344569 0.4548516 0.5418359 0.2185549 0.4418234 0.4805199 0.7149663 0.4842428 0.2716017 0.4889693 0.5589715 0.1925120 0.1734093 
Lycapsus_tenuifolius_17                    0.1205461 0.1093248 0.1492660 0.3744139 0.1558208 0.2576077 0.5084957 0.0000000 0.1984423 0.1621962 0.1612645 0.1685949 0.1608002 0.2191277 0.1572541 0.2326722 0.1205097 0.1601712 0.1954655 0.2151926 0.4061134 0.2273948 0.2232404 0.2212508 0.2032274 0.2422236 0.1738042 0.1494624 0.1114281 0.2373077 0.1817968 0.0041170 0.2162902 0.3083476 0.1808640 0.1476868 0.1862844 0.2177996 0.1807937 0.1811383 0.1663641 0.2070226 0.1830799 0.1842760 0.4144117 0.1696594 0.1754023 0.1626371 0.1333773 0.2539279 0.2183121 0.1934813 0.1641107 0.2627144 0.1531654 0.1316339 0.1436894 0.2162147 0.0907518 0.1368848 0.0530861 0.1048794 0.1612870 0.1688058 0.1996836 0.1796836 0.1978203 0.2193588 0.1603349 0.1737181 0.2120597 0.1548279 0.2153115 0.1037661 0.1769144 0.2164066 0.6148404 0.1630672 0.1266361 0.2245995 0.3314991 0.1259910 0.1021015 
Pericome_caudata_50_silver                 0.1537568 0.1249203 0.1728491 0.3649636 0.1634447 0.2486064 0.4683202 0.1984423 0.0000000 0.1813189 0.1785381 0.1865650 0.1245877 0.2309925 0.1648182 0.2450798 0.1061928 0.1367396 0.1705820 0.2063852 0.3957445 0.2334051 0.2021125 0.2306235 0.2099717 0.2461512 0.1658869 0.1124743 0.0870504 0.2182177 0.1782465 0.1699745 0.2228357 0.2809494 0.1539897 0.1547312 0.1460281 0.2314140 0.1973788 0.1997044 0.1505911 0.1912597 0.1340664 0.1640435 0.3871179 0.1848617 0.1818608 0.1118000 0.1136216 0.2306895 0.2315949 0.2037317 0.1591089 0.2478520 0.1337478 0.1141848 0.1323874 0.2015970 0.0717055 0.1198716 0.0475856 0.0945882 0.1706668 0.1596166 0.2188882 0.1644093 0.1780797 0.2094507 0.1813509 0.1336451 0.2271776 0.1476509 0.2214336 0.0737084 0.1555333 0.2020530 0.5830000 0.1751059 0.0934010 0.2224753 0.3266970 0.1010411 0.0805026 
Perityle_aglossa_84_dead_horse             0.1520310 0.1161987 0.1590195 0.3583144 0.1290022 0.2501983 0.4688240 0.1621962 0.1813189 0.0000000 0.0504399 0.1500986 0.1497895 0.2223552 0.0399051 0.2731254 0.0895810 0.0228285 0.0943126 0.2628870 0.3817733 0.2398141 0.2338666 0.2385515 0.2051014 0.2542140 0.1746996 0.1550585 0.1090563 0.2106555 0.1568968 0.1542168 0.2284512 0.3100744 0.1483997 0.0317436 0.1681617 0.2214656 0.1602075 0.1640520 0.1431122 0.1405366 0.1588260 0.1587626 0.3960950 0.0536231 0.0553612 0.1261983 0.0998364 0.2757041 0.2323354 0.2017606 0.1492181 0.2876292 0.1761256 0.1287724 0.0415261 0.2365388 0.0914570 0.1202249 0.0368286 0.0953326 0.0519794 0.1698531 0.2068400 0.1722127 0.1757176 0.1098985 0.0501811 0.1646238 0.2324946 0.1463562 0.2258219 0.0963063 0.1648770 0.2246790 0.5250074 0.0363246 0.1230916 0.2623515 0.3359687 0.1188816 0.1059457 
Perityle_ajoensis_204                      0.1539553 0.1247242 0.1699432 0.3734347 0.1336231 0.2643442 0.4731598 0.1612645 0.1785381 0.0504399 0.0000000 0.1385789 0.1352212 0.2175809 0.0395408 0.2158144 0.0822192 0.0436876 0.0971076 0.2375000 0.3878798 0.2368598 0.2215280 0.2321353 0.2016456 0.2378617 0.1842415 0.1524348 0.1045297 0.2129947 0.1594516 0.1510723 0.2201169 0.3138818 0.1639958 0.0365841 0.1691260 0.2142628 0.1491277 0.1494215 0.1507741 0.1168211 0.1656707 0.1530900 0.3940879 0.0140020 0.0199627 0.1370408 0.0967860 0.2536982 0.2254197 0.2034408 0.1488508 0.2912242 0.1585908 0.1414671 0.0079939 0.2228391 0.0880754 0.1215859 0.0531399 0.0917921 0.0465122 0.1776215 0.2071752 0.1866168 0.1842211 0.1172685 0.0137623 0.1687980 0.2233738 0.1461310 0.2192960 0.0941449 0.1789383 0.2204807 0.5954580 0.0531542 0.1083207 0.2404045 0.3421566 0.1151072 0.0947498 
Perityle_ambrosiifolia_67_green            0.1511569 0.1310045 0.1746596 0.3133319 0.1282904 0.2099324 0.3938481 0.1685949 0.1865650 0.1500986 0.1385789 0.0000000 0.1661411 0.1867368 0.1234184 0.1905096 0.1257476 0.1209009 0.1725619 0.2117972 0.3658780 0.1934809 0.1986253 0.1972878 0.1803649 0.2129443 0.1771854 0.1368703 0.1215435 0.2144526 0.1471882 0.1642010 0.1919092 0.2273650 0.1574028 0.1125967 0.1582606 0.1870272 0.0364496 0.0365101 0.1484736 0.1560303 0.1642123 0.1511249 0.3845754 0.1438413 0.1307693 0.1371357 0.0242058 0.2380905 0.1983430 0.1728597 0.1641010 0.1832718 0.1635636 0.1659825 0.1246408 0.1918233 0.1054354 0.1263389 0.0645140 0.1170839 0.1352729 0.1713391 0.1826872 0.1414210 0.1823434 0.1949290 0.1386023 0.1447321 0.1885921 0.1465347 0.1888979 0.1186047 0.1361943 0.2160197 0.4466750 0.1338905 0.1188048 0.2135311 0.2556497 0.1031581 0.0855570 
Perityle_angustifolia_13_Eagle_creek       0.1490380 0.1493625 0.1595711 0.3153304 0.1300377 0.1850358 0.4083531 0.1608002 0.1245877 0.1497895 0.1352212 0.1661411 0.0000000 0.0488280 0.1293099 0.2435970 0.1259339 0.1245849 0.1461144 0.0323991 0.3927140 0.0495118 0.0406991 0.0372354 0.0441939 0.0472080 0.1022787 0.1481873 0.1243739 0.1400619 0.1531850 0.1589745 0.0303010 0.0680170 0.0994777 0.1232853 0.0931123 0.0469952 0.1655099 0.1636241 0.0795872 0.0863653 0.0973488 0.0905385 0.3756462 0.1469307 0.1412655 0.0863394 0.1333537 0.0337251 0.0345805 0.0442063 0.0087684 0.1138138 0.0403195 0.0572990 0.1332319 0.0328132 0.0719968 0.0965365 0.0478315 0.0333891 0.1388112 0.0962635 0.0496717 0.1500525 0.1670861 0.1272991 0.1370007 0.1547261 0.0275461 0.0357476 0.0200457 0.0238819 0.1420366 0.0925731 0.5385765 0.1415268 0.0754630 0.0262207 0.0698927 0.1122668 0.0955124 
Perityle_batopilensis_97                   0.2045672 0.1287277 0.2454012 0.4234970 0.1773590 0.3160149 0.5033401 0.2191277 0.2309925 0.2223552 0.2175809 0.1867368 0.0488280 0.0000000 0.2053845 0.2635937 0.1185811 0.1263390 0.1785713 0.0506382 0.3703242 0.0673760 0.0512195 0.0607360 0.1446525 0.0694362 0.1883776 0.1531164 0.1061507 0.2897791 0.2254718 0.2211873 0.0458635 0.0915950 0.1713922 0.1198972 0.1831130 0.0191879 0.1880565 0.1884198 0.1628846 0.0951976 0.1621060 0.1806035 0.3501884 0.2205205 0.1841688 0.1144256 0.1088127 0.0903382 0.0629775 0.1355345 0.0543332 0.1175266 0.0492890 0.0563941 0.1550700 0.0408578 0.0650711 0.0864678 0.0433254 0.0347203 0.2160622 0.1831067 0.1463946 0.2264370 0.2507831 0.2287772 0.2220688 0.2003743 0.0479787 0.0509238 0.0469577 0.0394413 0.2180401 0.2117370 0.5549914 0.2129287 0.0801437 0.0541300 0.1192730 0.1059679 0.0883932 
Perityle_bisetosa_9                        0.1396170 0.1091397 0.1537723 0.3670754 0.1214068 0.2537713 0.4763636 0.1572541 0.1648182 0.0399051 0.0395408 0.1234184 0.1293099 0.2053845 0.0000000 0.2553201 0.0748401 0.0235114 0.0875552 0.2372333 0.3730371 0.2293996 0.2164786 0.2218768 0.1972284 0.2354059 0.1669332 0.1392438 0.0846913 0.2059925 0.1385801 0.1492326 0.2138852 0.2955480 0.1432832 0.0151676 0.1526325 0.2008382 0.1331228 0.1333644 0.1365858 0.1258673 0.1485300 0.1364140 0.3817057 0.0391318 0.0481399 0.1180383 0.0862505 0.2586167 0.2183765 0.1913186 0.1418033 0.2642906 0.1477030 0.1335959 0.0277205 0.2185235 0.0783957 0.1121757 0.0368286 0.0783465 0.0327382 0.1623366 0.2007608 0.1658946 0.1694656 0.0887781 0.0360374 0.1455446 0.2174558 0.1348471 0.2098683 0.0846974 0.1602536 0.2145520 0.5711724 0.0289799 0.0956325 0.2400750 0.3205297 0.1009626 0.0875972 
Perityle_californica_76_positas            0.2271586 0.2342269 0.2277507 0.1947552 0.2349765 0.2218986 0.3096780 0.2326722 0.2450798 0.2731254 0.2158144 0.1905096 0.2435970 0.2635937 0.2553201 0.0000000 0.1817315 0.2124580 0.2188176 0.1483880 0.2568225 0.2575797 0.2520270 0.2655384 0.2575141 0.2850536 0.2551940 0.1477249 0.1251282 0.1282572 0.2568189 0.2333791 0.2605228 0.2447143 0.2361616 0.2070784 0.2394325 0.2588361 0.1826115 0.1787818 0.2282279 0.2410878 0.2363739 0.2304778 0.2786608 0.2493331 0.2424373 0.2322886 0.1773141 0.2574277 0.2482729 0.2617037 0.2237525 0.2868344 0.2767162 0.2274990 0.2380498 0.2605989 0.0762335 0.1683952 0.0487290 0.0755898 0.2429685 0.2383763 0.2556305 0.2176637 0.2435827 0.2381270 0.2498028 0.2450087 0.2567709 0.2459809 0.2688919 0.1280472 0.2190154 0.2080409 0.2363116 0.2343801 0.0780168 0.1483880 0.2451812 0.0550363 0.0173024 
Perityle_canescens_77                      0.1060483 0.1109302 0.1146417 0.2359137 0.1014372 0.1766027 0.3426192 0.1205097 0.1061928 0.0895810 0.0822192 0.1257476 0.1259339 0.1185811 0.0748401 0.1817315 0.0000000 0.0714471 0.0838332 0.1141753 0.4052828 0.1272338 0.1226266 0.1201750 0.1128317 0.1320760 0.1184744 0.1074709 0.0968203 0.1028717 0.1354956 0.1183804 0.1154932 0.1162426 0.1249795 0.0704350 0.1142886 0.1186557 0.1275712 0.1254437 0.1119204 0.0863804 0.1227808 0.1140041 0.4026555 0.0881729 0.0906655 0.1207284 0.1096983 0.1177059 0.1202972 0.1174117 0.1250643 0.1212291 0.1274856 0.1182100 0.0792380 0.1108842 0.0849772 0.1172831 0.0422410 0.0951702 0.0849214 0.1161413 0.1228431 0.1178166 0.1185325 0.0746712 0.0836528 0.1120752 0.1063302 0.1175902 0.1155118 0.0850678 0.1133666 0.1214447 0.4667374 0.0948968 0.1011150 0.1041332 0.1162426 0.1076200 0.0987375 
Perityle_castillonii_96                    0.1363331 0.1079801 0.1410605 0.3459022 0.1083368 0.2405228 0.4369947 0.1601712 0.1367396 0.0228285 0.0436876 0.1209009 0.1245849 0.1263390 0.0235114 0.2124580 0.0714471 0.0000000 0.0677331 0.1411579 0.3730371 0.1577848 0.1339748 0.1507560 0.1328188 0.1600949 0.1542350 0.1506988 0.0942989 0.1394534 0.1464820 0.1517065 0.1434791 0.2120326 0.1343434 0.0207755 0.1382714 0.1265039 0.1240617 0.1262541 0.1260090 0.0637054 0.1330146 0.1299643 0.3750913 0.0455072 0.0524158 0.1120157 0.0813060 0.1561141 0.1413110 0.1346541 0.1424798 0.1999263 0.1303367 0.1267462 0.0250259 0.1316272 0.0757958 0.1049177 0.0368286 0.0790176 0.0404556 0.1486132 0.1369404 0.1539770 0.1574024 0.0745031 0.0415820 0.1440762 0.1424037 0.1391294 0.1363822 0.0846974 0.1470400 0.1538220 0.5286609 0.0191820 0.0989127 0.1383671 0.2233111 0.0949766 0.0813277 
Perityle_cernua_84                         0.1797555 0.1117276 0.1820632 0.3618692 0.1678880 0.2501109 0.4407935 0.1954655 0.1705820 0.0943126 0.0971076 0.1725619 0.1461144 0.1785713 0.0875552 0.2188176 0.0838332 0.0677331 0.0000000 0.1677833 0.3884584 0.2026033 0.1574642 0.1963959 0.1532759 0.2037695 0.1933421 0.1813354 0.0969074 0.1890742 0.1845492 0.1655181 0.1896196 0.2309268 0.1686253 0.0842112 0.1660908 0.1788188 0.1739340 0.1783932 0.1534446 0.1022097 0.1475765 0.1675306 0.3850840 0.1025492 0.1056009 0.1202653 0.0904083 0.1779885 0.1811804 0.1551936 0.1974971 0.1967928 0.1483507 0.1362370 0.0377408 0.1497714 0.0849607 0.1148981 0.0477232 0.0885419 0.0850139 0.1874337 0.1613283 0.2050567 0.1908704 0.1026176 0.0938949 0.1515931 0.1887924 0.1823782 0.1832410 0.0962479 0.1958357 0.2008939 0.5754773 0.1030102 0.1160307 0.1444420 0.2643037 0.1048383 0.0950047 
Perityle_cfvillosa_25_tin                  0.2168657 0.1188060 0.2494383 0.4853402 0.1888999 0.3885212 0.4869358 0.2151926 0.2063852 0.2628870 0.2375000 0.2117972 0.0323991 0.0506382 0.2372333 0.1483880 0.1141753 0.1411579 0.1677833 0.0000000 0.3915525 0.0515888 0.0431359 0.0428277 0.1498703 0.0467064 0.1772981 0.1345306 0.1078129 0.2528282 0.2434606 0.2294468 0.0306410 0.1261619 0.1933461 0.1324055 0.1907014 0.0405760 0.2154581 0.2109925 0.1802439 0.1085018 0.1699966 0.1787138 0.3630317 0.2520901 0.1953392 0.1281015 0.1192929 0.0547804 0.0428986 0.1385674 0.0336129 0.1439422 0.0334594 0.0493847 0.1672044 0.0132495 0.0687137 0.0808179 0.0478315 0.0428085 0.2430836 0.1716964 0.1538274 0.2251921 0.2166984 0.2249734 0.2404368 0.1995012 0.0247439 0.0184883 0.0305913 0.0211069 0.2119574 0.1674638 0.6241255 0.2432923 0.0797112 0.0299863 0.1262212 0.0900239 0.0900239 
Perityle_cinerea_113_Powell1310            0.3806831 0.3608463 0.3607615 0.3848810 0.3806831 0.3743584 0.4065947 0.4061134 0.3957445 0.3817733 0.3878798 0.3658780 0.3927140 0.3703242 0.3730371 0.2568225 0.4052828 0.3730371 0.3884584 0.3915525 0.0000000 0.3938832 0.3858876 0.4029214 0.3935291 0.3941051 0.3754733 0.3813053 0.3742214 0.3656782 0.3575629 0.3998616 0.3865021 0.3911981 0.3804881 0.3807081 0.3827844 0.3702111 0.3595830 0.3595830 0.3812821 0.3744992 0.3884181 0.3817772 0.1116627 0.3790653 0.3867706 0.3897324 0.3444747 0.4002843 0.3924581 0.3937865 0.3927140 0.4360027 0.4013076 0.4179448 0.3867706 0.3760154 0.3669314 0.3950882 0.3385627 0.3630206 0.3730371 0.3689915 0.3654998 0.3588668 0.3903808 0.3730371 0.3867706 0.3813053 0.3937420 0.3840028 0.3936257 0.3740987 0.3634169 0.3804881 0.4893580 0.3710711 0.3756735 0.3937420 0.3911981 0.3506270 0.3506270 
Perityle_coahuilensis_24                   0.2133158 0.1524755 0.2579746 0.4853516 0.1990699 0.3703921 0.5605085 0.2273948 0.2334051 0.2398141 0.2368598 0.1934809 0.0495118 0.0673760 0.2293996 0.2575797 0.1272338 0.1577848 0.2026033 0.0515888 0.3938832 0.0000000 0.0495176 0.0596218 0.1360662 0.0757760 0.1859635 0.1619116 0.1182465 0.3026487 0.2517651 0.2431050 0.0459111 0.1500435 0.1804859 0.1434853 0.1884274 0.0605812 0.2039801 0.2043746 0.1680395 0.1102171 0.1745380 0.1829168 0.3650542 0.2413528 0.1987421 0.1371479 0.1311223 0.0880923 0.0423073 0.1265900 0.0523556 0.1610021 0.0535761 0.0711319 0.1764214 0.0481578 0.0783257 0.0939678 0.0476287 0.0428104 0.2295359 0.1796001 0.1407675 0.2372969 0.2562548 0.2517065 0.2351673 0.2075423 0.0480341 0.0437208 0.0494362 0.0343749 0.2279951 0.2067327 0.6081348 0.2348276 0.0931437 0.0579699 0.1755675 0.1160628 0.0993593 
Perityle_cochisensis_44_cave_creek         0.2086883 0.1471076 0.2353551 0.4711016 0.1829412 0.3530950 0.5526862 0.2232404 0.2021125 0.2338666 0.2215280 0.1986253 0.0406991 0.0512195 0.2164786 0.2520270 0.1226266 0.1339748 0.1574642 0.0431359 0.3858876 0.0495176 0.0000000 0.0510201 0.1233986 0.0588894 0.1809199 0.1561481 0.1149002 0.2443655 0.2348069 0.2310835 0.0401527 0.1128774 0.1744261 0.1275901 0.1790320 0.0453952 0.2017702 0.2000643 0.1627601 0.0823125 0.1507961 0.1740386 0.3686128 0.2270161 0.1809806 0.1192945 0.1248125 0.0590053 0.0362393 0.1134681 0.0412168 0.1467821 0.0396945 0.0617468 0.1586726 0.0358360 0.0687869 0.0861989 0.0476287 0.0302617 0.2197976 0.1741751 0.1297482 0.2269587 0.2299878 0.1950469 0.2207951 0.2055992 0.0356633 0.0340980 0.0335116 0.0238214 0.2152437 0.1746839 0.5638036 0.2266200 0.0783363 0.0439244 0.1173833 0.1117738 0.0950815 
Perityle_congesta_202                      0.2103772 0.1446331 0.2502381 0.4836102 0.1945663 0.3564800 0.5518605 0.2212508 0.2306235 0.2385515 0.2321353 0.1972878 0.0372354 0.0607360 0.2218768 0.2655384 0.1201750 0.1507560 0.1963959 0.0428277 0.4029214 0.0596218 0.0510201 0.0000000 0.1317241 0.0693880 0.1812278 0.1564209 0.1151350 0.2880994 0.2445037 0.2325298 0.0348775 0.1307165 0.1747375 0.1368231 0.1734569 0.0538929 0.2023746 0.2027659 0.1593482 0.1149659 0.1632386 0.1698319 0.3590407 0.2367832 0.1938773 0.1229749 0.1220632 0.0870191 0.0411258 0.1222213 0.0359903 0.1443863 0.0396891 0.0524574 0.1663475 0.0387511 0.0720391 0.0862748 0.0476911 0.0397002 0.2252221 0.1749070 0.1348966 0.2296663 0.2467738 0.2464027 0.2306994 0.2025174 0.0304995 0.0381352 0.0359851 0.0344840 0.2187553 0.2051157 0.6036556 0.2270703 0.0830958 0.0393517 0.1582325 0.1228463 0.1027116 
Perityle_cordifolia_27                     0.1957291 0.1373020 0.2280564 0.4229612 0.1827025 0.3073272 0.5189164 0.2032274 0.2099717 0.2051014 0.2016456 0.1803649 0.0441939 0.1446525 0.1972284 0.2575141 0.1128317 0.1328188 0.1532759 0.1498703 0.3935291 0.1360662 0.1233986 0.1317241 0.0000000 0.1481259 0.1746783 0.1489605 0.1119200 0.2355970 0.2191617 0.2088531 0.1229551 0.1979526 0.1559603 0.1284638 0.1548671 0.1382390 0.1894903 0.1878381 0.1396263 0.1579789 0.1358997 0.1504310 0.3860127 0.2103585 0.1784855 0.1201159 0.1191761 0.1443013 0.1357424 0.0050696 0.0487519 0.2028771 0.0841152 0.0570179 0.1628406 0.1249520 0.0750721 0.0938280 0.0533300 0.0240983 0.2001547 0.1648609 0.0240527 0.2266733 0.2272484 0.2085964 0.2013861 0.1941948 0.1271731 0.0549759 0.1253495 0.0378156 0.2172926 0.1492349 0.5760270 0.2070796 0.0807899 0.1519168 0.2173728 0.1192566 0.1026785 
Perityle_cordifolia_68_tecolote            0.2280592 0.1503566 0.2699249 0.4885004 0.2079490 0.3797385 0.5423968 0.2422236 0.2461512 0.2542140 0.2378617 0.2129443 0.0472080 0.0694362 0.2354059 0.2850536 0.1320760 0.1600949 0.2037695 0.0467064 0.3941051 0.0757760 0.0588894 0.0693880 0.1481259 0.0000000 0.1932490 0.1578981 0.1150505 0.2956654 0.2610962 0.2511324 0.0550157 0.1344356 0.1923881 0.1503124 0.1895418 0.0595235 0.2237611 0.2242055 0.1814276 0.1173007 0.1749482 0.1891353 0.3708996 0.2561935 0.2105233 0.1352859 0.1512374 0.0927635 0.0624379 0.1369131 0.0588222 0.1531891 0.0162352 0.0641296 0.1829541 0.0478489 0.0750184 0.1149675 0.0369497 0.0365058 0.2401898 0.1914681 0.1563764 0.2509943 0.2686481 0.2447546 0.2511688 0.2148045 0.0481143 0.0554021 0.0548083 0.0450387 0.2395413 0.2182369 0.5995114 0.2427129 0.0725878 0.0433851 0.1608588 0.1267290 0.1102795 
Perityle_coronopifolia_28_patagonia        0.1631869 0.1227909 0.1789013 0.3541995 0.1591005 0.2686837 0.4997483 0.1738042 0.1658869 0.1746996 0.1842415 0.1771854 0.1022787 0.1883776 0.1669332 0.2551940 0.1184744 0.1542350 0.1933421 0.1772981 0.3754733 0.1859635 0.1809199 0.1812278 0.1746783 0.1932490 0.0000000 0.1562230 0.1034411 0.2401233 0.1895709 0.1722276 0.1802595 0.2567017 0.1158182 0.1513703 0.1211047 0.1868579 0.1868335 0.1871954 0.1042043 0.2118576 0.1168757 0.1186662 0.3615900 0.1821296 0.1820647 0.1017154 0.1260870 0.2138519 0.1843542 0.1663702 0.1035455 0.2193384 0.1267251 0.0882513 0.1510312 0.1764044 0.0443870 0.0870195 0.0208354 0.0591706 0.1729847 0.0147260 0.1714151 0.1845093 0.1768785 0.2265509 0.1787229 0.1725288 0.1790389 0.1004119 0.1762283 0.0738776 0.1754009 0.1799248 0.5862637 0.1713723 0.0567101 0.1916614 0.2823243 0.0949359 0.0777699 
Perityle_crassifolia_70_ventanas           0.1159449 0.0937277 0.1566025 0.3844811 0.1345168 0.2399140 0.3751191 0.1494624 0.1124743 0.1550585 0.1524348 0.1368703 0.1481873 0.1531164 0.1392438 0.1477249 0.1074709 0.1506988 0.1813354 0.1345306 0.3813053 0.1619116 0.1561481 0.1564209 0.1489605 0.1578981 0.1562230 0.0000000 0.0026526 0.1529322 0.1618739 0.1474379 0.1561608 0.2509026 0.1648649 0.1449351 0.1606877 0.1487702 0.1451571 0.1477854 0.1481037 0.1524913 0.1621072 0.1447876 0.3937299 0.1584299 0.1551304 0.1423416 0.1178234 0.1629967 0.1564302 0.1510997 0.1540192 0.2194061 0.1381597 0.1200214 0.1331284 0.1372414 0.0980122 0.1249826 0.0421827 0.1054604 0.1441622 0.1520997 0.1556571 0.1496190 0.1425669 0.1918542 0.1507342 0.0087674 0.1449260 0.1458381 0.1521093 0.1043362 0.1399435 0.1480266 0.5965723 0.1541373 0.1233796 0.1487125 0.2574020 0.1179421 0.1030414 
Perityle_crassifolia_74_playa_balandra     0.0933355 0.1028010 0.1215417 0.1599690 0.0965594 0.1187622 0.2279673 0.1114281 0.0870504 0.1090563 0.1045297 0.1215435 0.1243739 0.1061507 0.0846913 0.1251282 0.0968203 0.0942989 0.0969074 0.1078129 0.3742214 0.1182465 0.1149002 0.1151350 0.1119200 0.1150505 0.1034411 0.0026526 0.0000000 0.0842289 0.1288830 0.1116943 0.1120921 0.1035902 0.1035701 0.0965682 0.1071974 0.0998082 0.1208074 0.1209817 0.0984116 0.1029947 0.1036393 0.0962624 0.3929568 0.1117466 0.1153581 0.1071072 0.1186897 0.1054869 0.1117565 0.1149611 0.1212766 0.1192357 0.1149933 0.1082326 0.1027206 0.1053563 0.0956986 0.1105825 0.0421827 0.1061417 0.1009926 0.1005197 0.1185592 0.1208553 0.1088718 0.0995001 0.1086033 0.0026526 0.1025935 0.1052795 0.1180634 0.1043362 0.1087162 0.0945391 0.3797530 0.0968568 0.0805162 0.0979979 0.1035902 0.1099228 0.1066885 
Perityle_cuneata_34_cuneata_San_antonio    0.1617884 0.0924248 0.2207786 0.3435060 0.1825144 0.2662642 0.4228853 0.2373077 0.2182177 0.2106555 0.2129947 0.2144526 0.1400619 0.2897791 0.2059925 0.1282572 0.1028717 0.1394534 0.1890742 0.2528282 0.3656782 0.3026487 0.2443655 0.2880994 0.2355970 0.2956654 0.2401233 0.1529322 0.0842289 0.0000000 0.2279876 0.1938347 0.2843416 0.3293105 0.2318216 0.1704935 0.2007743 0.2919051 0.2092626 0.2160220 0.2224085 0.2105401 0.1582296 0.2291757 0.3684622 0.2167978 0.2000073 0.1382226 0.0857767 0.2663014 0.2926776 0.2269344 0.1925172 0.2910444 0.1596379 0.1240134 0.1303952 0.2384657 0.0749457 0.0877041 0.0314098 0.0846592 0.2114499 0.2324518 0.2403456 0.2005482 0.1964955 0.1991229 0.2140587 0.1430954 0.2841572 0.1904111 0.2810143 0.0947830 0.1941087 0.2492595 0.5671022 0.2108982 0.0969044 0.2545119 0.3809666 0.0380831 0.0261728 
Perityle_cuneata_4                         0.1673356 0.1268332 0.1750458 0.3767435 0.1300116 0.2705350 0.4741723 0.1817968 0.1782465 0.1568968 0.1594516 0.1471882 0.1531850 0.2254718 0.1385801 0.2568189 0.1354956 0.1464820 0.1845492 0.2434606 0.3575629 0.2517651 0.2348069 0.2445037 0.2191617 0.2610962 0.1895709 0.1618739 0.1288830 0.2279876 0.0000000 0.1793647 0.2398677 0.3154847 0.1705549 0.1310718 0.1733170 0.2275444 0.1590264 0.1575122 0.1657090 0.2198336 0.1697016 0.1639732 0.3695973 0.1645483 0.1667989 0.1494863 0.1144691 0.2649618 0.2445449 0.2192269 0.1711812 0.2850886 0.1737177 0.1413641 0.1414255 0.2391058 0.1013899 0.1213904 0.0643330 0.1095927 0.1470783 0.1831388 0.2243482 0.1751642 0.1823858 0.2098658 0.1586379 0.1689467 0.2352974 0.1656479 0.2305258 0.1324973 0.1678729 0.2174521 0.5961995 0.1468495 0.1221833 0.2615173 0.3392396 0.1239096 0.1143174 
Perityle_discoidea_81                      0.1188474 0.1095206 0.1325893 0.3563614 0.1453627 0.2331889 0.5064112 0.0041170 0.1699745 0.1542168 0.1510723 0.1642010 0.1589745 0.2211873 0.1492326 0.2333791 0.1183804 0.1517065 0.1655181 0.2294468 0.3998616 0.2431050 0.2310835 0.2325298 0.2088531 0.2511324 0.1722276 0.1474379 0.1116943 0.1938347 0.1793647 0.0000000 0.2274971 0.2868782 0.1806898 0.1412983 0.1806820 0.2215437 0.1737816 0.1720345 0.1627896 0.2014879 0.1769117 0.1810176 0.4092258 0.1589422 0.1668261 0.1609098 0.1309502 0.2400861 0.2232078 0.1985119 0.1694156 0.2512314 0.1513196 0.1318872 0.1419575 0.2193736 0.0878733 0.1345792 0.0530861 0.1018785 0.1519422 0.1667672 0.2069733 0.1784604 0.1891436 0.1566723 0.1508269 0.1777424 0.2218715 0.1624243 0.2256179 0.1003874 0.1753873 0.1940568 0.5904330 0.1568390 0.1242721 0.2341114 0.2872331 0.1263397 0.1023925 
Perityle_dissecta_201                      0.2015323 0.1399161 0.2444562 0.4707735 0.1836099 0.3459517 0.5418030 0.2162902 0.2228357 0.2284512 0.2201169 0.1919092 0.0303010 0.0458635 0.2138852 0.2605228 0.1154932 0.1434791 0.1896196 0.0306410 0.3865021 0.0459111 0.0401527 0.0348775 0.1229551 0.0550157 0.1802595 0.1561608 0.1120921 0.2843416 0.2398677 0.2274971 0.0000000 0.1169271 0.1704961 0.1290839 0.1741471 0.0391909 0.1987566 0.1991400 0.1580336 0.0963958 0.1595487 0.1697299 0.3633075 0.2265835 0.1859057 0.1193526 0.1192755 0.0746345 0.0399266 0.1149746 0.0287491 0.1394382 0.0329382 0.0503045 0.1584995 0.0304481 0.0689212 0.0839197 0.0477099 0.0303208 0.2186036 0.1739282 0.1291495 0.2245657 0.2448745 0.2367192 0.2207507 0.2020027 0.0230854 0.0340784 0.0250206 0.0309053 0.2137153 0.1859399 0.6032639 0.2173643 0.0760669 0.0254026 0.1423628 0.1194621 0.0992334 
Perityle_emoryi_47_punta_san_jose          0.2896479 0.1316061 0.3199446 0.4918607 0.2312643 0.3613007 0.5526445 0.3083476 0.2809494 0.3100744 0.3138818 0.2273650 0.0680170 0.0915950 0.2955480 0.2447143 0.1162426 0.2120326 0.2309268 0.1261619 0.3911981 0.1500435 0.1128774 0.1307165 0.1979526 0.1344356 0.2567017 0.2509026 0.1035902 0.3293105 0.3154847 0.2868782 0.1169271 0.0000000 0.2581975 0.2187495 0.2536606 0.0840211 0.2316984 0.2300007 0.2456431 0.1645349 0.2272045 0.2492132 0.3592936 0.3036784 0.2690827 0.1420288 0.1234611 0.1488779 0.1263007 0.1899366 0.1487874 0.1449078 0.0485197 0.0599237 0.1802760 0.0999458 0.0630153 0.0922864 0.0368032 0.0180608 0.3038658 0.2528446 0.2104447 0.3181446 0.3323959 0.2735759 0.3115183 0.2622392 0.1167579 0.1354844 0.1167418 0.0412810 0.3072374 0.2510036 0.6198752 0.2951391 0.0834739 0.1058014 0.0037364 0.0993038 0.0819112 
Perityle_feddemae_99                       0.1548495 0.1355413 0.1805445 0.3804765 0.1447267 0.2748665 0.4917261 0.1808640 0.1539897 0.1483997 0.1639958 0.1574028 0.0994777 0.1713922 0.1432832 0.2361616 0.1249795 0.1343434 0.1686253 0.1933461 0.3804881 0.1804859 0.1744261 0.1747375 0.1559603 0.1923881 0.1158182 0.1648649 0.1035701 0.2318216 0.1705549 0.1806898 0.1704961 0.2581975 0.0000000 0.1262633 0.0726049 0.1698203 0.1683576 0.1668690 0.0247774 0.2009358 0.0267821 0.0712491 0.3704024 0.1617064 0.1644573 0.0269247 0.0944979 0.1978502 0.1760031 0.1488436 0.0951343 0.2370651 0.1249701 0.1021494 0.1296942 0.1734689 0.0628970 0.0890823 0.0368500 0.0619472 0.1531676 0.1072175 0.1607981 0.1794662 0.1886499 0.1950018 0.1587444 0.1633714 0.1663417 0.0955450 0.1679787 0.0811651 0.1675703 0.1641657 0.5713952 0.1501258 0.0729235 0.2028003 0.2796047 0.0982479 0.0847137 
Perityle_fosteri_93                        0.1356469 0.1095639 0.1542606 0.3623223 0.1116200 0.2562193 0.4519589 0.1476868 0.1547312 0.0317436 0.0365841 0.1125967 0.1232853 0.1198972 0.0151676 0.2070784 0.0704350 0.0207755 0.0842112 0.1324055 0.3807081 0.1434853 0.1275901 0.1368231 0.1284638 0.1503124 0.1513703 0.1449351 0.0965682 0.1704935 0.1310718 0.1412983 0.1290839 0.2187495 0.1262633 0.0000000 0.1350303 0.1200432 0.1211981 0.1214339 0.1166279 0.0558288 0.1318058 0.1201764 0.3893535 0.0399291 0.0450387 0.1125015 0.0887765 0.1608686 0.1334662 0.1302110 0.1334787 0.2023815 0.1269231 0.1260476 0.0251172 0.1250175 0.0783957 0.1120754 0.0422544 0.0816766 0.0338353 0.1443290 0.1272541 0.1529785 0.1616006 0.0921736 0.0348916 0.1409578 0.1288574 0.1227471 0.1251306 0.0810342 0.1464384 0.1725172 0.5721835 0.0323466 0.0979495 0.1293239 0.2485047 0.1044158 0.0911427 
Perityle_gamon_221                         0.1503256 0.1313884 0.1681216 0.3884345 0.1467754 0.2603359 0.4751725 0.1862844 0.1460281 0.1681617 0.1691260 0.1582606 0.0931123 0.1831130 0.1526325 0.2394325 0.1142886 0.1382714 0.1660908 0.1907014 0.3827844 0.1884274 0.1790320 0.1734569 0.1548671 0.1895418 0.1211047 0.1606877 0.1071974 0.2007743 0.1733170 0.1806820 0.1741471 0.2536606 0.0726049 0.1350303 0.0000000 0.1814374 0.1621804 0.1606051 0.0688903 0.2053639 0.0698036 0.0328261 0.3672073 0.1692626 0.1648923 0.0542919 0.1084482 0.1917179 0.1736673 0.1465005 0.0980198 0.2258804 0.1134569 0.1067565 0.1298774 0.1760824 0.0631460 0.0768920 0.0421748 0.0655304 0.1552921 0.1120242 0.1598642 0.1661616 0.1762011 0.1693291 0.1629438 0.1494995 0.1767019 0.0918686 0.1740959 0.0932211 0.1553942 0.1502046 0.5536490 0.1569262 0.0565732 0.1924290 0.2635043 0.0887005 0.0746144 
Perityle_gentryi_8_san_francisco           0.2049410 0.1337333 0.2422889 0.4250800 0.1775994 0.3233983 0.5048600 0.2177996 0.2314140 0.2214656 0.2142628 0.1870272 0.0469952 0.0191879 0.2008382 0.2588361 0.1186557 0.1265039 0.1788188 0.0405760 0.3702111 0.0605812 0.0453952 0.0538929 0.1382390 0.0595235 0.1868579 0.1487702 0.0998082 0.2919051 0.2275444 0.2215437 0.0391909 0.0840211 0.1698203 0.1200432 0.1814374 0.0000000 0.1919964 0.1923689 0.1629120 0.0921442 0.1636902 0.1789671 0.3431859 0.2191977 0.1843162 0.1198492 0.1144858 0.0844421 0.0545660 0.1290800 0.0510250 0.1122865 0.0422050 0.0493743 0.1551945 0.0334119 0.0553142 0.0837459 0.0377582 0.0250479 0.2131393 0.1815937 0.1415551 0.2268624 0.2564361 0.2254908 0.2207465 0.2044233 0.0398034 0.0478301 0.0403123 0.0321012 0.2184473 0.2044416 0.5486977 0.2100270 0.0799397 0.0436875 0.1105210 0.1056879 0.0881531 
Perityle_gilensis_22_Superstition          0.1559835 0.1377291 0.1829527 0.3301333 0.1331655 0.2262700 0.3983397 0.1807937 0.1973788 0.1602075 0.1491277 0.0364496 0.1655099 0.1880565 0.1331228 0.1826115 0.1275712 0.1240617 0.1739340 0.2154581 0.3595830 0.2039801 0.2017702 0.2023746 0.1894903 0.2237611 0.1868335 0.1451571 0.1208074 0.2092626 0.1590264 0.1737816 0.1987566 0.2316984 0.1683576 0.1211981 0.1621804 0.1919964 0.0000000 0.0085447 0.1578608 0.1611138 0.1643743 0.1587673 0.3937340 0.1537206 0.1376281 0.1393320 0.0095365 0.2436727 0.2092885 0.1821169 0.1676125 0.1923623 0.1651455 0.1733025 0.1241103 0.1950793 0.1114612 0.1313110 0.0646792 0.1235650 0.1486404 0.1808860 0.1918505 0.1568730 0.1919587 0.1963027 0.1484303 0.1461217 0.1937445 0.1554026 0.1939250 0.1108397 0.1515754 0.2203640 0.4490685 0.1471262 0.1297857 0.2147947 0.2602888 0.0986598 0.0811450 
Perityle_gilensis_salensis_225             0.1562947 0.1307487 0.1796208 0.3278588 0.1334222 0.2243430 0.3990497 0.1811383 0.1997044 0.1640520 0.1494215 0.0365101 0.1636241 0.1884198 0.1333644 0.1787818 0.1254437 0.1262541 0.1783932 0.2109925 0.3595830 0.2043746 0.2000643 0.2027659 0.1878381 0.2242055 0.1871954 0.1477854 0.1209817 0.2160220 0.1575122 0.1720345 0.1991400 0.2300007 0.1668690 0.1214339 0.1606051 0.1923689 0.0085447 0.0000000 0.1563405 0.1593988 0.1606004 0.1572226 0.3937340 0.1540040 0.1376593 0.1353548 0.0095470 0.2420108 0.2076703 0.1804329 0.1679613 0.1905362 0.1632637 0.1708847 0.1222616 0.1933167 0.1082687 0.1288244 0.0646792 0.1201997 0.1489165 0.1812341 0.1901938 0.1571649 0.1942635 0.1948339 0.1487026 0.1484669 0.1941241 0.1557114 0.1942957 0.1148599 0.1518564 0.2168991 0.4469904 0.1473966 0.1246314 0.2101611 0.2608189 0.0919105 0.0742401 
Perityle_glaucescens_94                    0.1465442 0.1246437 0.1665882 0.3539471 0.1392890 0.2619065 0.4789250 0.1663641 0.1505911 0.1431122 0.1507741 0.1484736 0.0795872 0.1628846 0.1365858 0.2282279 0.1119204 0.1260090 0.1534446 0.1802439 0.3812821 0.1680395 0.1627601 0.1593482 0.1396263 0.1814276 0.1042043 0.1481037 0.0984116 0.2224085 0.1657090 0.1627896 0.1580336 0.2456431 0.0247774 0.1166279 0.0688903 0.1629120 0.1578608 0.1563405 0.0000000 0.1837960 0.0345997 0.0662071 0.3657075 0.1522070 0.1530151 0.0137101 0.0900158 0.1834040 0.1660071 0.1338048 0.0816327 0.2054265 0.1058551 0.0909305 0.1190480 0.1580427 0.0542223 0.0847231 0.0368500 0.0529690 0.1436326 0.0942628 0.1476972 0.1667752 0.1760142 0.1870815 0.1493716 0.1453275 0.1568169 0.0812143 0.1541187 0.0739310 0.1564318 0.1539726 0.5665753 0.1434826 0.0574691 0.1856150 0.2679692 0.0954982 0.0817907 
Perityle_gracilis_11                       0.2036796 0.1308121 0.2142156 0.4171394 0.1797272 0.3215895 0.5055966 0.2070226 0.1912597 0.1405366 0.1168211 0.1560303 0.0863653 0.0951976 0.1258673 0.2410878 0.0863804 0.0637054 0.1022097 0.1085018 0.3744992 0.1102171 0.0823125 0.1149659 0.1579789 0.1173007 0.2118576 0.1524913 0.1029947 0.2105401 0.2198336 0.2014879 0.0963958 0.1645349 0.2009358 0.0558288 0.2053639 0.0921442 0.1611138 0.1593988 0.1837960 0.0000000 0.1994113 0.1972367 0.3772887 0.1222046 0.1008051 0.1542798 0.1169868 0.0941411 0.0930317 0.1597486 0.1079306 0.1705512 0.0842550 0.0906242 0.0885532 0.0895196 0.0883460 0.1182107 0.0476751 0.0623772 0.1365768 0.2046774 0.1651660 0.2198347 0.2514252 0.1547130 0.1205905 0.2048209 0.0990727 0.0828156 0.0935252 0.0415083 0.2114507 0.2010605 0.5659925 0.1359640 0.1165065 0.1087943 0.1703466 0.1155937 0.0989475 
Perityle_harkerae_31                       0.1582581 0.1357431 0.1677394 0.3840335 0.1362908 0.2683249 0.4864048 0.1830799 0.1340664 0.1588260 0.1656707 0.1642123 0.0973488 0.1621060 0.1485300 0.2363739 0.1227808 0.1330146 0.1475765 0.1699966 0.3884181 0.1745380 0.1507961 0.1632386 0.1358997 0.1749482 0.1168757 0.1621072 0.1036393 0.1582296 0.1697016 0.1769117 0.1595487 0.2272045 0.0267821 0.1318058 0.0698036 0.1636902 0.1643743 0.1606004 0.0345997 0.1994113 0.0000000 0.0672551 0.3658110 0.1576080 0.1624537 0.0300114 0.0945536 0.1627926 0.1636057 0.1375761 0.1016592 0.2299606 0.1211312 0.1023053 0.1275655 0.1491405 0.0598501 0.0865637 0.0368500 0.0652054 0.1530198 0.1073687 0.1426493 0.1692198 0.1803815 0.1643914 0.1575902 0.1627691 0.1570659 0.1001121 0.1577756 0.0812307 0.1563158 0.1171444 0.5403911 0.1558640 0.0730619 0.1750334 0.2327161 0.0983224 0.0847796 
Perityle_hofmeisteria_4_nombre_de_dios     0.1529049 0.1306142 0.1729284 0.3639510 0.1356954 0.2482367 0.4732478 0.1842760 0.1640435 0.1587626 0.1530900 0.1511249 0.0905385 0.1806035 0.1364140 0.2304778 0.1140041 0.1299643 0.1675306 0.1787138 0.3817772 0.1829168 0.1740386 0.1698319 0.1504310 0.1891353 0.1186662 0.1447876 0.0962624 0.2291757 0.1639732 0.1810176 0.1697299 0.2492132 0.0712491 0.1201764 0.0328261 0.1789671 0.1587673 0.1572226 0.0662071 0.1972367 0.0672551 0.0000000 0.3534920 0.1522585 0.1502282 0.0493250 0.1069862 0.2014649 0.1753614 0.1421712 0.0892179 0.2381850 0.1153222 0.1005356 0.1189488 0.1723409 0.0545384 0.0829411 0.0373468 0.0633149 0.1429245 0.1097348 0.1553892 0.1681383 0.1706356 0.1943520 0.1494347 0.1410793 0.1699085 0.0851945 0.1689014 0.0749880 0.1591926 0.1651568 0.5584761 0.1462923 0.0516813 0.1841595 0.2730500 0.0826756 0.0719535 
Perityle_huecosensis_48                    0.3762276 0.3896847 0.3595268 0.3711823 0.3797924 0.3679921 0.3811562 0.4144117 0.3871179 0.3960950 0.3940879 0.3845754 0.3756462 0.3501884 0.3817057 0.2786608 0.4026555 0.3750913 0.3850840 0.3630317 0.1116627 0.3650542 0.3686128 0.3590407 0.3860127 0.3708996 0.3615900 0.3937299 0.3929568 0.3684622 0.3695973 0.4092258 0.3633075 0.3592936 0.3704024 0.3893535 0.3672073 0.3431859 0.3937340 0.3937340 0.3657075 0.3772887 0.3658110 0.3534920 0.0000000 0.3867190 0.3931505 0.3780805 0.3844679 0.3748906 0.3689556 0.3862210 0.3756462 0.3890765 0.3766497 0.4048862 0.3931505 0.3616362 0.3630051 0.3943179 0.2829282 0.3552570 0.3637473 0.3562722 0.3612532 0.3458868 0.3883242 0.3817057 0.3931505 0.3924052 0.3629733 0.3677433 0.3751778 0.3342053 0.3558171 0.3760783 0.5419882 0.3866030 0.3754227 0.3648447 0.3592936 0.3531153 0.3531153 
