83
Amauria_brandeegeana_62                    0.0000000 0.1851539 0.2426258 0.2851232 0.1737560 0.1942310 0.2465662 0.2011977 0.2975986 0.1936090 0.2119301 0.1825620 0.1854269 0.1797637 0.1565048 0.2456430 0.1701685 0.1173611 0.2182617 0.1768935 0.1643711 0.1872507 0.4196006 0.1816708 0.1666642 0.1904674 0.2065295 0.2150050 0.2117306 0.1792701 0.1337854 0.1604288 0.1817224 0.2006729 0.2348014 0.1719750 0.2158664 0.2388923 0.1784025 0.1839592 0.2285480 0.1940795 0.2450543 0.2297055 0.1749805 0.1857107 0.1880414 0.2314047 0.1780655 0.1516525 0.1822356 0.2046124 0.1865840 0.2593002 0.1595986 0.1704231 0.1919215 0.1915513 0.1615558 0.1795663 0.2379643 0.1100238 0.1883909 0.1911613 0.1736936 0.2350988 0.0649461 0.1925902 0.1816708 0.1701853 0.1853835 0.1908121 0.1836207 0.1041265 0.2385399 0.2182282 0.1807029 0.1675415 0.1404881 0.1900913 0.2005380 0.1644340 0.1862415 
Amauria_carterae_99_mesa                   0.1851539 0.0000000 0.1451006 0.2445842 0.1708062 0.3793040 0.3072677 0.2680459 0.2992321 0.2070603 0.2143703 0.1986581 0.1978955 0.1892191 0.1782102 0.2447625 0.1842301 0.0787967 0.2250666 0.1970647 0.1932646 0.2088719 0.3024563 0.1846093 0.1563218 0.2029954 0.2193449 0.2255216 0.2324438 0.2122061 0.1898473 0.2049184 0.1922163 0.2324764 0.2304593 0.2018113 0.2239110 0.2403123 0.1767179 0.1770776 0.2280378 0.2068138 0.2350481 0.2117580 0.2067706 0.1986153 0.2019263 0.2366557 0.1872332 0.1905665 0.2250517 0.2297991 0.2007385 0.1535236 0.2046182 0.1195580 0.2097786 0.2068138 0.1382179 0.1925917 0.2231208 0.1819950 0.2044265 0.2245135 0.2350335 0.2086278 0.0714011 0.2031772 0.1846093 0.2143246 0.1974992 0.2029211 0.1982402 0.1635146 0.2124681 0.2204146 0.1991406 0.2109757 0.2001782 0.2073686 0.2324764 0.1099760 0.1413334 
Amauria_rotundifolia_SRR9119150            0.2426258 0.1451006 0.0000000 0.2363370 0.2404833 0.5216135 0.3129968 0.3089173 0.3291630 0.2463061 0.2774876 0.2639680 0.2668894 0.2558829 0.2148168 0.3157184 0.2428811 0.1166258 0.3039693 0.2647659 0.2530783 0.2709005 0.4300830 0.2537556 0.2203520 0.2688156 0.2786298 0.2803002 0.2636558 0.2386448 0.1968685 0.2125616 0.2685387 0.2657430 0.2919892 0.2655356 0.2884290 0.3176053 0.2551369 0.2524853 0.2946055 0.2681412 0.3003932 0.2927155 0.2641726 0.2721476 0.2667417 0.2970711 0.2615719 0.2245753 0.2640018 0.2906576 0.2791684 0.2030078 0.2060641 0.1438619 0.2691989 0.2650033 0.1433093 0.2487922 0.2917049 0.2258566 0.2643287 0.2424990 0.2962075 0.2984479 0.0861760 0.2659886 0.2537556 0.2323793 0.2661415 0.2742845 0.2685551 0.1941629 0.2904071 0.2803027 0.2636251 0.2666258 0.2306853 0.2756997 0.2657430 0.1543027 0.1152295 
Conoclinium_coelestinum_SRR9119114         0.2851232 0.2445842 0.2363370 0.0000000 0.2216434 0.3174599 0.1201335 0.2582749 0.3257994 0.2987552 0.2418827 0.2503082 0.2530539 0.2536573 0.2678909 0.3142690 0.2546906 0.2178579 0.2824305 0.2526790 0.2386059 0.2533136 0.5397807 0.2675556 0.2596638 0.2586831 0.2821294 0.2638332 0.2959202 0.2900498 0.2579601 0.2920710 0.2477955 0.2913285 0.3057068 0.2519269 0.2770529 0.3128579 0.2657169 0.2679183 0.2947660 0.2569581 0.3025883 0.2902548 0.2610922 0.2550033 0.2593809 0.2958413 0.2482981 0.2407517 0.2514767 0.2808426 0.2676208 0.2429865 0.2495715 0.2541285 0.2550697 0.2553676 0.2285702 0.2649231 0.3092497 0.2427794 0.2529268 0.2747117 0.3075625 0.3045993 0.1919468 0.2706689 0.2675556 0.2842480 0.2519059 0.2601628 0.2546156 0.2218289 0.3164850 0.3117647 0.2494852 0.2954706 0.2358555 0.2562873 0.2913285 0.2106245 0.2971022 
Eutetras_palmeri_63                        0.1737560 0.1708062 0.2404833 0.2216434 0.0000000 0.1084590 0.2225133 0.1941590 0.2813876 0.1806442 0.1654857 0.1647154 0.1652031 0.1600549 0.1264673 0.2403763 0.1401919 0.1059315 0.2106012 0.1575031 0.1472893 0.1697873 0.4478363 0.1602313 0.1394594 0.1705309 0.1810588 0.2029433 0.1876067 0.1650385 0.1314171 0.1412869 0.1590939 0.1759243 0.2252455 0.1516565 0.1833662 0.2157439 0.1535240 0.1631806 0.2176015 0.1727727 0.2376775 0.2028986 0.1550669 0.1599407 0.1647599 0.2052527 0.1645787 0.1317653 0.1653512 0.2088242 0.1801198 0.2488098 0.1423113 0.1593139 0.1702497 0.1686311 0.1604255 0.1287783 0.2077483 0.0956208 0.1637881 0.1686264 0.1573054 0.1798822 0.0707600 0.1773044 0.1602313 0.1589316 0.1626975 0.1691340 0.1645811 0.0856937 0.1793607 0.2176328 0.1639908 0.1385291 0.1141149 0.1695943 0.1785043 0.1272634 0.1439920 
Eutetras_pringlei_149_quer                 0.1942310 0.3793040 0.5216135 0.3174599 0.1084590 0.0000000 0.2737318 0.1917226 0.3867709 0.1732825 0.2427467 0.1702418 0.1576460 0.1488170 0.1237918 0.1980537 0.1234683 0.0216027 0.1505510 0.1517141 0.1505119 0.1522124 0.7301971 0.1542637 0.1278883 0.1493620 0.1492785 0.2049119 0.2105343 0.1794463 0.1493198 0.1732825 0.1543622 0.1829406 0.1837123 0.1386249 0.1754012 0.2069154 0.1544714 0.1613609 0.1628602 0.1551361 0.2244153 0.1770689 0.1434808 0.1566678 0.1356615 0.1550319 0.1513177 0.1517813 0.1652180 0.1456117 0.1544435 0.3067142 0.1920077 0.1148612 0.1492471 0.1519634 0.2145745 0.1025515 0.1988822 0.0947533 0.1629089 0.2129857 0.1603499 0.2162419 0.0000010 0.1736038 0.1542637 0.1795813 0.1519140 0.1548176 0.1606468 0.0981281 0.2358490 0.1522432 0.1430207 0.1601801 0.1213021 0.1519867 0.1829406 0.0680642 0.2272634 
Eutrochium_fistulosum_SRR9119106           0.2465662 0.3072677 0.3129968 0.1201335 0.2225133 0.2737318 0.0000000 0.2520863 0.3136580 0.2492152 0.2322634 0.2309855 0.2298012 0.2222130 0.2201263 0.2777964 0.2060066 0.1812916 0.2495992 0.2261822 0.2134269 0.2267559 0.5123138 0.2125880 0.2175959 0.2323834 0.2345551 0.2424087 0.2653887 0.2405019 0.2165513 0.2481428 0.2284543 0.2630382 0.2577499 0.2209476 0.2545248 0.2807984 0.2151057 0.2208891 0.2573565 0.2286107 0.2830575 0.2537379 0.2235747 0.2289341 0.2236717 0.2551725 0.2145374 0.2277831 0.2397099 0.2312140 0.2305160 0.3327359 0.2129466 0.2298984 0.2275277 0.2286965 0.2218639 0.1955881 0.2847000 0.1843832 0.2377658 0.2573059 0.2505801 0.2711654 0.1593856 0.2358945 0.2125880 0.2481678 0.2260605 0.2307191 0.2340068 0.1711883 0.2882636 0.2520294 0.2257712 0.2552127 0.1938456 0.2270905 0.2630382 0.2091368 0.2584976 
Galeana_pratensis_104_mex                  0.2011977 0.2680459 0.3089173 0.2582749 0.1941590 0.1917226 0.2520863 0.0000000 0.2978610 0.2043360 0.2045899 0.2142532 0.1949589 0.1892851 0.1756710 0.2175708 0.1860478 0.1737209 0.2011273 0.1916521 0.1891287 0.1933446 0.1874989 0.1825415 0.1758579 0.1871609 0.2226360 0.2262977 0.2146984 0.1957205 0.1776882 0.2020126 0.1847559 0.1900945 0.1988772 0.1877982 0.1890217 0.2158771 0.1806558 0.1871446 0.1906691 0.1910688 0.2289916 0.1805362 0.1997169 0.1922330 0.1905394 0.1971594 0.1829731 0.1950346 0.2054056 0.2013509 0.1920096 0.2470236 0.2295797 0.2023375 0.1871809 0.1872637 0.2119726 0.1535195 0.2012137 0.1781931 0.2036449 0.2172540 0.2080458 0.2189183 0.1267084 0.2000926 0.1825415 0.1979847 0.1895740 0.1892028 0.1970903 0.1639638 0.2427534 0.2091381 0.2045494 0.2059821 0.1779219 0.1906549 0.1900945 0.2026242 0.2141727 
Helianthus_annuus_SRR9119062               0.2975986 0.2992321 0.3291630 0.3257994 0.2813876 0.3867709 0.3136580 0.2978610 0.0000000 0.3092435 0.2791132 0.2804023 0.2729694 0.2727632 0.2277595 0.3029118 0.2504676 0.1832443 0.2974701 0.2756004 0.2673064 0.2789925 0.5234295 0.2645115 0.2494378 0.2725379 0.2908244 0.2973294 0.2942379 0.2875067 0.2264602 0.3002206 0.2776789 0.3096864 0.3309508 0.2752374 0.3063089 0.2895028 0.2592928 0.2593835 0.3056781 0.2789243 0.3192769 0.2928447 0.2737950 0.2729738 0.2743288 0.3105526 0.2730550 0.2618072 0.2933955 0.2894683 0.2766870 0.3260532 0.2497997 0.2465821 0.2775418 0.2788238 0.2085533 0.2253560 0.3018450 0.1854585 0.2745157 0.2874634 0.3136681 0.3019994 0.1474507 0.2756740 0.2645115 0.2931589 0.2727548 0.2716381 0.2760346 0.1695946 0.3152372 0.3000171 0.2812624 0.2899788 0.1959477 0.2746413 0.3096864 0.2306094 0.2639789 
Lycapsus_tenuifolius_17                    0.1936090 0.2070603 0.2463061 0.2987552 0.1806442 0.1732825 0.2492152 0.2043360 0.3092435 0.0000000 0.2145712 0.1985777 0.1994716 0.1965951 0.1625612 0.2990445 0.1883045 0.1371143 0.2228869 0.1801818 0.1803078 0.1986144 0.4614632 0.1990277 0.1794280 0.2051513 0.2083352 0.2246841 0.2470539 0.0200440 0.0494036 0.0014042 0.1953719 0.0437826 0.2560941 0.1841592 0.2329578 0.2687173 0.1936638 0.2022323 0.2584910 0.2022311 0.2761294 0.2517896 0.1913221 0.1999393 0.1995952 0.2501951 0.1916972 0.1574092 0.1924478 0.2425838 0.2132459 0.2682380 0.1511903 0.1704905 0.1988652 0.1956136 0.1987355 0.1829666 0.2505427 0.1315542 0.2008485 0.2079516 0.1778597 0.2345262 0.0947342 0.2195747 0.1990277 0.0189154 0.2026446 0.2059532 0.2011178 0.1234893 0.2413044 0.2441078 0.1745830 0.1711538 0.1456461 0.1998458 0.0470642 0.1708779 0.2130090 
Pericome_caudata_50_silver                 0.2119301 0.2143703 0.2774876 0.2418827 0.1654857 0.2427467 0.2322634 0.2045899 0.2791132 0.2145712 0.0000000 0.1991787 0.1900193 0.1920290 0.1270446 0.2429008 0.1742717 0.0884196 0.2311593 0.1774551 0.1673138 0.1847673 0.3921142 0.1785173 0.1534219 0.1911312 0.1980262 0.2136138 0.2061579 0.2028976 0.1385745 0.1633011 0.1841903 0.2216197 0.2292901 0.1796211 0.2058482 0.2311380 0.1767316 0.1854072 0.2335904 0.1869184 0.2469129 0.2150217 0.1804689 0.1867308 0.1787796 0.2346943 0.1874045 0.1537033 0.1792860 0.2331959 0.2213798 0.2337540 0.1429899 0.1876780 0.1844323 0.1819715 0.1586497 0.1479009 0.2233245 0.1059522 0.1852850 0.1850723 0.1803932 0.2040540 0.0581911 0.2022859 0.1785173 0.1852598 0.1858391 0.1854223 0.1900056 0.0971350 0.2013929 0.2419689 0.1862680 0.1670359 0.1207815 0.1855430 0.2232994 0.1149753 0.1757476 
Perityle_aglossa_84_dead_horse             0.1825620 0.1986581 0.2639680 0.2503082 0.1647154 0.1702418 0.2309855 0.2142532 0.2804023 0.1985777 0.1991787 0.0000000 0.0639775 0.0557154 0.0899731 0.1922610 0.0587528 0.1184569 0.1570069 0.0832393 0.0640497 0.0755005 0.3744660 0.0638017 0.0569098 0.0736682 0.1106740 0.1451682 0.1834660 0.1771467 0.1387139 0.1558798 0.0642888 0.1849472 0.2248398 0.0642514 0.1939756 0.1719742 0.0574341 0.0636755 0.2116968 0.0777332 0.2337116 0.2080574 0.0819198 0.0663560 0.0750175 0.2076008 0.0588494 0.0594958 0.0733904 0.1347153 0.0960601 0.2198478 0.1079736 0.0682862 0.0753971 0.0767453 0.1408050 0.1442734 0.1713029 0.0707726 0.0357289 0.1594117 0.1000085 0.2224672 0.0465526 0.0976134 0.0638017 0.1657658 0.0685098 0.0681599 0.0709493 0.0499671 0.2244785 0.2206306 0.0783943 0.0242910 0.1018429 0.0776576 0.1874156 0.1613710 0.1428920 
Perityle_ajoensis_204                      0.1854269 0.1978955 0.2668894 0.2530539 0.1652031 0.1576460 0.2298012 0.1949589 0.2729694 0.1994716 0.1900193 0.0639775 0.0000000 0.0525565 0.0650689 0.1906353 0.0416984 0.1305402 0.1560408 0.0575509 0.0484261 0.0453999 0.3944655 0.0506504 0.0496560 0.0227796 0.0972972 0.1502465 0.1789303 0.1828582 0.1444544 0.1573155 0.0279409 0.1879120 0.2183415 0.0444265 0.1830492 0.1704532 0.0499770 0.0498589 0.2051296 0.0457311 0.2241913 0.1953730 0.0653278 0.0150590 0.0433338 0.2018067 0.0512223 0.0375078 0.0471700 0.1212244 0.0786483 0.2162393 0.1148240 0.0793535 0.0446628 0.0459518 0.1288784 0.1387866 0.1708860 0.0559891 0.0703385 0.1531100 0.0818250 0.2198625 0.0398131 0.0818728 0.0506504 0.1686572 0.0198039 0.0215282 0.0178932 0.0089980 0.2242769 0.2149557 0.0511210 0.0574208 0.0984470 0.0468914 0.1879120 0.1706991 0.1460908 
Perityle_ambrosiifolia_67_green            0.1797637 0.1892191 0.2558829 0.2536573 0.1600549 0.1488170 0.2222130 0.1892851 0.2727632 0.1965951 0.1920290 0.0557154 0.0525565 0.0000000 0.0689089 0.1823995 0.0517994 0.1351598 0.1508474 0.0687065 0.0485955 0.0585717 0.3982526 0.0312325 0.0488501 0.0633065 0.0970757 0.1420232 0.1706930 0.1780793 0.1375800 0.1551768 0.0537507 0.1834127 0.2154675 0.0508998 0.1877621 0.1650411 0.0305971 0.0338231 0.2044421 0.0608145 0.2285524 0.1975196 0.0635761 0.0544352 0.0585990 0.1984572 0.0241021 0.0462657 0.0547426 0.1127496 0.0800000 0.2040974 0.1068488 0.0765830 0.0578433 0.0597914 0.1319305 0.1414944 0.1707166 0.0581316 0.0627750 0.1488549 0.0804906 0.2231160 0.0409820 0.0862255 0.0312325 0.1675636 0.0595569 0.0573643 0.0593979 0.0333610 0.2234478 0.2098547 0.0617376 0.0520126 0.0975388 0.0598017 0.1858357 0.1727792 0.1505772 
Perityle_angustifolia_13_Eagle_creek       0.1565048 0.1782102 0.2148168 0.2678909 0.1264673 0.1237918 0.2201263 0.1756710 0.2277595 0.1625612 0.1270446 0.0899731 0.0650689 0.0689089 0.0000000 0.1353054 0.0542121 0.1184061 0.1482142 0.0689138 0.0652469 0.0758392 0.4365457 0.0575532 0.0598476 0.0691637 0.0908779 0.1029614 0.1460120 0.1590197 0.1254369 0.1625612 0.0647895 0.1577699 0.1623853 0.0704839 0.1447104 0.1344333 0.0575531 0.0583324 0.1557701 0.0749793 0.1716898 0.1479008 0.0714017 0.0691357 0.0730560 0.1550161 0.0679765 0.0692425 0.0699317 0.1055010 0.0683201 0.2031371 0.1110279 0.1092231 0.0749635 0.0732479 0.1228452 0.1432344 0.1475828 0.0674911 0.0867333 0.1330609 0.0903617 0.1747170 0.0423180 0.0760487 0.0575532 0.1520801 0.0695241 0.0699875 0.0675880 0.0432241 0.1743492 0.1434587 0.0714685 0.0843362 0.1054918 0.0774165 0.1577699 0.1587201 0.1317694 
Perityle_batopilensis_97                   0.2456430 0.2447625 0.3157184 0.3142690 0.2403763 0.1980537 0.2777964 0.2175708 0.3029118 0.2990445 0.2429008 0.1922610 0.1906353 0.1823995 0.1353054 0.0000000 0.1761322 0.1393305 0.1446717 0.2032039 0.1757705 0.1925494 0.3959276 0.1817848 0.1703341 0.1914953 0.2104876 0.2129514 0.0968635 0.2550056 0.1687851 0.2309553 0.1868111 0.2702209 0.2211475 0.1739601 0.2367479 0.0218316 0.1767546 0.1838778 0.2093068 0.1961132 0.2193273 0.2385092 0.1880266 0.1910687 0.1974465 0.1969175 0.1833045 0.1719751 0.1810122 0.2264835 0.1920000 0.2180301 0.1698606 0.1779349 0.1960026 0.1977343 0.0933742 0.1106327 0.1711724 0.1032366 0.1944853 0.0797405 0.2091285 0.2522187 0.0897075 0.1834704 0.1817848 0.2401039 0.1925285 0.1932562 0.1944758 0.1058468 0.2557037 0.2224835 0.1760765 0.1901719 0.0771246 0.1991336 0.2702209 0.1819115 0.1193299 
Perityle_bisetosa_9                        0.1701685 0.1842301 0.2428811 0.2546906 0.1401919 0.1234683 0.2060066 0.1860478 0.2504676 0.1883045 0.1742717 0.0587528 0.0416984 0.0517994 0.0542121 0.1761322 0.0000000 0.1104931 0.1418584 0.0640764 0.0465142 0.0579972 0.3724023 0.0506143 0.0489371 0.0526393 0.0901470 0.1413159 0.1688211 0.1722794 0.1234320 0.1434853 0.0419240 0.1770473 0.2044242 0.0187612 0.1702852 0.1544052 0.0484181 0.0518742 0.1921939 0.0597179 0.1903391 0.1861345 0.0527612 0.0398738 0.0577189 0.1882488 0.0474625 0.0343115 0.0552495 0.1256862 0.0795715 0.2010610 0.1020211 0.0721377 0.0572395 0.0579433 0.1185605 0.1306528 0.1575560 0.0549481 0.0611880 0.1403639 0.0806917 0.2034835 0.0163618 0.0712255 0.0506143 0.1553237 0.0472055 0.0455421 0.0421908 0.0297442 0.2102662 0.1994255 0.0508799 0.0527667 0.0860481 0.0592203 0.1788045 0.1449588 0.1392782 
Perityle_californica_76_positas            0.1173611 0.0787967 0.1166258 0.2178579 0.1059315 0.0216027 0.1812916 0.1737209 0.1832443 0.1371143 0.0884196 0.1184569 0.1305402 0.1351598 0.1184061 0.1393305 0.1104931 0.0000000 0.1315979 0.1157067 0.1250811 0.1283386 0.4177240 0.1351532 0.1219628 0.1349363 0.1543884 0.1079747 0.1108236 0.1372732 0.1170004 0.1209517 0.1267888 0.1380044 0.1305288 0.1064705 0.1110782 0.1395189 0.1369107 0.1332541 0.1238517 0.1300051 0.1240537 0.1199716 0.1400193 0.1339837 0.1301383 0.1340172 0.1335731 0.0996680 0.1269694 0.1596752 0.1352699 0.1286051 0.0854042 0.1282808 0.1299763 0.1265577 0.1108681 0.0697571 0.1342176 0.0908090 0.1173183 0.0906173 0.0923147 0.1119493 0.0639893 0.1083807 0.1351532 0.1227307 0.1367699 0.1304057 0.1321600 0.0885140 0.1126948 0.1234834 0.1352492 0.0746792 0.1062492 0.1241383 0.1380044 0.0746442 0.0792959 
Perityle_canescens_77                      0.2182617 0.2250666 0.3039693 0.2824305 0.2106012 0.1505510 0.2495992 0.2011273 0.2974701 0.2228869 0.2311593 0.1570069 0.1560408 0.1508474 0.1482142 0.1446717 0.1418584 0.1315979 0.0000000 0.1728354 0.1483810 0.1572033 0.4395256 0.1472329 0.1408430 0.1604641 0.1602593 0.1877987 0.1157225 0.2289867 0.1542084 0.2030339 0.1519511 0.2039454 0.1590247 0.1367549 0.1945007 0.1490086 0.1447003 0.1478078 0.1404853 0.1589728 0.1567337 0.1993101 0.1610632 0.1605323 0.1579830 0.1430041 0.1477835 0.1464148 0.1563094 0.1633607 0.1523903 0.2026034 0.1941045 0.1960493 0.1571075 0.1564006 0.1399266 0.0719055 0.1398420 0.1213755 0.1546124 0.1080840 0.1481029 0.2336564 0.0787756 0.1583397 0.1472329 0.2145936 0.1605020 0.1560267 0.1646924 0.1280330 0.2365857 0.1299896 0.1536666 0.1420955 0.0881649 0.1568899 0.2039454 0.1679693 0.1331043 
Perityle_castillonii_96                    0.1768935 0.1970647 0.2647659 0.2526790 0.1575031 0.1517141 0.2261822 0.1916521 0.2756004 0.1801818 0.1774551 0.0832393 0.0575509 0.0687065 0.0689138 0.2032039 0.0640764 0.1157067 0.1728354 0.0000000 0.0501119 0.0597662 0.4014188 0.0676638 0.0555215 0.0659299 0.1097498 0.1576668 0.1728456 0.1700358 0.1317011 0.1425957 0.0452830 0.1747566 0.2093119 0.0619160 0.1767604 0.1830818 0.0684236 0.0725539 0.1985104 0.0594093 0.2238885 0.1902604 0.0646950 0.0579948 0.0584210 0.1949567 0.0679001 0.0234967 0.0585962 0.1383592 0.0881155 0.2114450 0.1126751 0.0943450 0.0576548 0.0582259 0.1245239 0.1369644 0.1892329 0.0622870 0.0809405 0.1482938 0.0830915 0.2105105 0.0468180 0.1080141 0.0676638 0.1560202 0.0621287 0.0632368 0.0613337 0.0292176 0.2167006 0.2095657 0.0753791 0.0604258 0.0959830 0.0595530 0.1771923 0.1549396 0.1464898 
Perityle_cernua_84                         0.1643711 0.1932646 0.2530783 0.2386059 0.1472893 0.1505119 0.2134269 0.1891287 0.2673064 0.1803078 0.1673138 0.0640497 0.0484261 0.0485955 0.0652469 0.1757705 0.0465142 0.1250811 0.1483810 0.0501119 0.0000000 0.0550154 0.3725677 0.0553478 0.0502517 0.0547601 0.0850230 0.1404087 0.1771716 0.1672426 0.1356930 0.1494406 0.0479635 0.1713271 0.1998179 0.0510789 0.1796445 0.1567677 0.0524688 0.0588104 0.1908035 0.0573872 0.2176575 0.1925932 0.0532682 0.0487184 0.0549331 0.1884457 0.0484984 0.0359832 0.0554751 0.1074973 0.0751032 0.2031501 0.1143289 0.0755144 0.0556234 0.0569693 0.1363856 0.1384590 0.1659845 0.0570628 0.0694077 0.1531140 0.0795135 0.2038623 0.0467864 0.0822538 0.0553478 0.1548825 0.0523103 0.0514301 0.0488732 0.0310921 0.2078745 0.2114236 0.0559145 0.0617351 0.1055148 0.0567767 0.1730083 0.1645869 0.1448037 
Perityle_cfvillosa_25_tin                  0.1872507 0.2088719 0.2709005 0.2533136 0.1697873 0.1522124 0.2267559 0.1933446 0.2789925 0.1986144 0.1847673 0.0755005 0.0453999 0.0585717 0.0758392 0.1925494 0.0579972 0.1283386 0.1572033 0.0597662 0.0550154 0.0000000 0.3980574 0.0618378 0.0562655 0.0433635 0.1008596 0.1469560 0.1727014 0.1750706 0.1399021 0.1582071 0.0578413 0.1830696 0.2095861 0.0601826 0.1824850 0.1737607 0.0618028 0.0637961 0.1985318 0.0125306 0.2279333 0.1955555 0.0666446 0.0475857 0.0048256 0.1943846 0.0577642 0.0463796 0.0343047 0.1278884 0.0828123 0.2178391 0.1165390 0.0928281 0.0053654 0.0065631 0.1320476 0.1427142 0.1755045 0.0622403 0.0787322 0.1484269 0.0847537 0.2304617 0.0499845 0.0971218 0.0618378 0.1666860 0.0377648 0.0351566 0.0515396 0.0273144 0.2306163 0.2069705 0.0698573 0.0616687 0.0984300 0.0060784 0.1846648 0.1789033 0.1533366 
Perityle_cinerea_113_Powell1310            0.4196006 0.3024563 0.4300830 0.5397807 0.4478363 0.7301971 0.5123138 0.1874989 0.5234295 0.4614632 0.3921142 0.3744660 0.3944655 0.3982526 0.4365457 0.3959276 0.3724023 0.4177240 0.4395256 0.4014188 0.3725677 0.3980574 0.0000000 0.3957563 0.3979604 0.3909641 0.4074601 0.4121988 0.4166802 0.4566960 0.4493296 0.4577526 0.3969808 0.4407276 0.3963756 0.3680714 0.4004583 0.3886493 0.3982808 0.4075190 0.4067609 0.4019022 0.4091494 0.4146011 0.4054318 0.4084204 0.4025258 0.4376272 0.3987603 0.4069351 0.4198950 0.4199228 0.4133050 0.4263891 0.3907377 0.4048549 0.3964104 0.3944076 0.4278945 0.2670565 0.4143939 0.3079169 0.3865719 0.4076738 0.1753578 0.4183025 0.2137074 0.3853148 0.3957563 0.4605123 0.3941250 0.3975127 0.4015516 0.3639805 0.4254179 0.4417270 0.4098494 0.2345299 0.3437272 0.4233166 0.4407276 0.4689967 0.3871378 
Perityle_coahuilensis_24                   0.1816708 0.1846093 0.2537556 0.2675556 0.1602313 0.1542637 0.2125880 0.1825415 0.2645115 0.1990277 0.1785173 0.0638017 0.0506504 0.0312325 0.0575532 0.1817848 0.0506143 0.1351532 0.1472329 0.0676638 0.0553478 0.0618378 0.3957563 0.0000000 0.0347045 0.0600309 0.0977227 0.1458376 0.1670829 0.1832703 0.1312050 0.1562589 0.0486585 0.1850125 0.2178021 0.0531513 0.1886657 0.1625476 0.0176717 0.0209275 0.2059580 0.0606899 0.2032562 0.1957758 0.0678071 0.0520565 0.0611797 0.2015695 0.0364982 0.0489886 0.0550808 0.1220794 0.0832003 0.1996193 0.1085479 0.0933066 0.0603448 0.0617143 0.1268044 0.1361779 0.1675280 0.0551832 0.0656314 0.1427396 0.0849967 0.2247263 0.0480004 0.0807864 0.0000010 0.1670772 0.0547480 0.0544534 0.0551351 0.0267947 0.2268255 0.2098123 0.0634804 0.0547978 0.0883290 0.0631725 0.1875719 0.1747938 0.1490530 
Perityle_cochisensis_44_cave_creek         0.1666642 0.1563218 0.2203520 0.2596638 0.1394594 0.1278883 0.2175959 0.1758579 0.2494378 0.1794280 0.1534219 0.0569098 0.0496560 0.0488501 0.0598476 0.1703341 0.0489371 0.1219628 0.1408430 0.0555215 0.0502517 0.0562655 0.3979604 0.0347045 0.0000000 0.0545056 0.0949578 0.1394674 0.1667556 0.1532844 0.1332596 0.1551060 0.0453326 0.1663224 0.1984023 0.0522164 0.1756390 0.1467987 0.0318305 0.0374721 0.1950011 0.0558282 0.1885202 0.1816243 0.0605746 0.0475336 0.0558996 0.1919435 0.0451669 0.0485415 0.0602601 0.1265452 0.0799403 0.2082823 0.1006851 0.0888216 0.0546874 0.0558430 0.1186280 0.1276882 0.1628286 0.0598054 0.0542432 0.1483792 0.0975594 0.2012872 0.0442674 0.0803801 0.0347045 0.1508641 0.0482095 0.0508511 0.0537409 0.0332392 0.2128342 0.1956694 0.0673986 0.0470481 0.0821271 0.0577471 0.1681567 0.1601056 0.1476746 
Perityle_congesta_202                      0.1904674 0.2029954 0.2688156 0.2586831 0.1705309 0.1493620 0.2323834 0.1871609 0.2725379 0.2051513 0.1911312 0.0736682 0.0227796 0.0633065 0.0691637 0.1914953 0.0526393 0.1349363 0.1604641 0.0659299 0.0547601 0.0433635 0.3909641 0.0600309 0.0545056 0.0000000 0.1050905 0.1556066 0.1795725 0.1855822 0.1443055 0.1614419 0.0371363 0.1938408 0.2252611 0.0523304 0.1864110 0.1720279 0.0586414 0.0605516 0.2094338 0.0443591 0.2349670 0.1995967 0.0723333 0.0247742 0.0438361 0.2072026 0.0586988 0.0467304 0.0533531 0.1307388 0.0831563 0.2225609 0.1228477 0.0868039 0.0432898 0.0445478 0.1273768 0.1382163 0.1728492 0.0590538 0.0781079 0.1554370 0.0911056 0.2191541 0.0432566 0.0909241 0.0600309 0.1719557 0.0185352 0.0190540 0.0281829 0.0144317 0.2262368 0.2242434 0.0585494 0.0661331 0.0981811 0.0448187 0.1954064 0.1729804 0.1476198 
Perityle_cordifolia_27                     0.2065295 0.2193449 0.2786298 0.2821294 0.1810588 0.1492785 0.2345551 0.2226360 0.2908244 0.2083352 0.1980262 0.1106740 0.0972972 0.0970757 0.0908779 0.2104876 0.0901470 0.1543884 0.1602593 0.1097498 0.0850230 0.1008596 0.4074601 0.0977227 0.0949578 0.1050905 0.0000000 0.1743284 0.1848942 0.2005707 0.1474434 0.1674299 0.0972173 0.1996472 0.2373276 0.0919641 0.2064860 0.1879260 0.0963044 0.1003345 0.2197917 0.1036364 0.2525102 0.2164350 0.0975609 0.0992444 0.1020014 0.2205326 0.0969933 0.0884112 0.0924571 0.0938649 0.1166983 0.2178151 0.1302098 0.0946764 0.1020474 0.1034101 0.1374606 0.1576234 0.1806778 0.0495965 0.1156443 0.1602809 0.0591778 0.2285610 0.0751778 0.1258075 0.0977227 0.1831230 0.1012799 0.1027549 0.1003186 0.0636227 0.2334048 0.2306285 0.0844786 0.1042903 0.1118178 0.1021024 0.2020411 0.1901454 0.1598993 
Perityle_cordifolia_68_tecolote            0.2150050 0.2255216 0.2803002 0.2638332 0.2029433 0.2049119 0.2424087 0.2262977 0.2973294 0.2246841 0.2136138 0.1451682 0.1502465 0.1420232 0.1029614 0.2129514 0.1413159 0.1079747 0.1877987 0.1576668 0.1404087 0.1469560 0.4121988 0.1458376 0.1394674 0.1556066 0.1743284 0.0000000 0.2026086 0.1850741 0.1278411 0.1780361 0.1455941 0.2106348 0.2497602 0.1412102 0.2336492 0.1887195 0.1425824 0.1495528 0.2445631 0.1536554 0.2762657 0.2457529 0.1572583 0.1511441 0.1472824 0.2432235 0.1396230 0.1384807 0.1500278 0.1769467 0.1481720 0.2247966 0.0285938 0.1063975 0.1460802 0.1520981 0.1307405 0.1249513 0.1919489 0.0793504 0.1439567 0.1858274 0.1903951 0.2340325 0.0610586 0.1375656 0.1458376 0.1799229 0.1516947 0.1486048 0.1502542 0.0712032 0.2398654 0.2467138 0.1401413 0.1483895 0.0948909 0.1514597 0.2138868 0.1617760 0.2039372 
Perityle_coronopifolia_28_patagonia        0.2117306 0.2324438 0.2636558 0.2959202 0.1876067 0.2105343 0.2653887 0.2146984 0.2942379 0.2470539 0.2061579 0.1834660 0.1789303 0.1706930 0.1460120 0.0968635 0.1688211 0.1108236 0.1157225 0.1728456 0.1771716 0.1727014 0.4166802 0.1670829 0.1667556 0.1795725 0.1848942 0.2026086 0.0000000 0.2194789 0.1647093 0.2271143 0.1767630 0.2380148 0.1721762 0.1678824 0.1814461 0.0962042 0.1663566 0.1724263 0.1732152 0.1764278 0.1859694 0.1854826 0.1763934 0.1804650 0.1768767 0.1697279 0.1717724 0.1749051 0.1847369 0.1807728 0.1682140 0.2202409 0.1813537 0.1781382 0.1756187 0.1732805 0.0554357 0.0977811 0.1520541 0.1175736 0.1823842 0.0153161 0.2017930 0.2387740 0.0714866 0.1717462 0.1670829 0.2255979 0.1796594 0.1767435 0.1835395 0.1201703 0.2453817 0.1701861 0.1769668 0.1863471 0.0717096 0.1768763 0.2380148 0.1368700 0.1141609 
Perityle_crassifolia_70_ventanas           0.1792701 0.2122061 0.2386448 0.2900498 0.1650385 0.1794463 0.2405019 0.1957205 0.2875067 0.0200440 0.2028976 0.1771467 0.1828582 0.1780793 0.1590197 0.2550056 0.1722794 0.1372732 0.2289867 0.1700358 0.1672426 0.1750706 0.4566960 0.1832703 0.1532844 0.1855822 0.2005707 0.1850741 0.2194789 0.0000000 0.0499188 0.0162679 0.1788883 0.0279937 0.2233679 0.1762944 0.2131201 0.2527518 0.1790440 0.1834761 0.2180284 0.1780354 0.2425514 0.2284256 0.1714536 0.1830480 0.1770352 0.2205312 0.1749710 0.1405966 0.1697131 0.2087767 0.1791171 0.2057437 0.1525611 0.1665761 0.1759331 0.1703516 0.1937340 0.1832590 0.2340228 0.1335951 0.1799017 0.1908000 0.1523262 0.2328432 0.0912476 0.1982491 0.1832703 0.0124892 0.1855797 0.1844758 0.1880521 0.1258054 0.2405423 0.2027152 0.1744325 0.1420346 0.1496698 0.1745662 0.0279937 0.1636494 0.2118946 
Perityle_crassifolia_74_playa_balandra     0.1337854 0.1898473 0.1968685 0.2579601 0.1314171 0.1493198 0.2165513 0.1776882 0.2264602 0.0494036 0.1385745 0.1387139 0.1444544 0.1375800 0.1254369 0.1687851 0.1234320 0.1170004 0.1542084 0.1317011 0.1356930 0.1399021 0.4493296 0.1312050 0.1332596 0.1443055 0.1474434 0.1278411 0.1647093 0.0499188 0.0000000 0.0485277 0.1357045 0.0293912 0.1507365 0.1288106 0.1547243 0.1659577 0.1282530 0.1332220 0.1534807 0.1398317 0.1520952 0.1622355 0.1424822 0.1443366 0.1419091 0.1576855 0.1315153 0.1294747 0.1441852 0.1524950 0.1380123 0.2469509 0.1201905 0.1311275 0.1418061 0.1398016 0.1751984 0.1432933 0.1547298 0.1249703 0.1382929 0.1566144 0.1386868 0.1583514 0.0948236 0.1402647 0.1312050 0.0459251 0.1461544 0.1410828 0.1485680 0.1187734 0.1561436 0.1441926 0.1309323 0.1329182 0.1338981 0.1395100 0.0293912 0.1445176 0.1548794 
Perityle_discoidea_81                      0.1604288 0.2049184 0.2125616 0.2920710 0.1412869 0.1732825 0.2481428 0.2020126 0.3002206 0.0014042 0.1633011 0.1558798 0.1573155 0.1551768 0.1625612 0.2309553 0.1434853 0.1209517 0.2030339 0.1425957 0.1494406 0.1582071 0.4577526 0.1562589 0.1551060 0.1614419 0.1674299 0.1780361 0.2271143 0.0162679 0.0485277 0.0000000 0.1525915 0.0377978 0.1991069 0.1485428 0.1881821 0.2294432 0.1525552 0.1579228 0.2051747 0.1604775 0.2240807 0.2059568 0.1555255 0.1573541 0.1595450 0.2072253 0.1513702 0.1359328 0.1660649 0.1870897 0.1609965 0.2629844 0.1500365 0.1668795 0.1584914 0.1576898 0.1799248 0.1813133 0.2247469 0.1303912 0.1590207 0.2069595 0.1514012 0.2113665 0.0910383 0.1727662 0.1562589 0.0166361 0.1615337 0.1623244 0.1608532 0.1224370 0.2217175 0.1967728 0.1517639 0.1439677 0.1443589 0.1579230 0.0377978 0.1575768 0.2114340 
Perityle_dissecta_201                      0.1817224 0.1922163 0.2685387 0.2477955 0.1590939 0.1543622 0.2284543 0.1847559 0.2776789 0.1953719 0.1841903 0.0642888 0.0279409 0.0537507 0.0647895 0.1868111 0.0419240 0.1267888 0.1519511 0.0452830 0.0479635 0.0578413 0.3969808 0.0486585 0.0453326 0.0371363 0.0972173 0.1455941 0.1767630 0.1788883 0.1357045 0.1525915 0.0000000 0.1857203 0.2173704 0.0448501 0.1899562 0.1672552 0.0466292 0.0518872 0.2024143 0.0562164 0.2266334 0.2015955 0.0650077 0.0284600 0.0565211 0.1976432 0.0523758 0.0306512 0.0481582 0.1254703 0.0755557 0.2080429 0.1088035 0.0755568 0.0570912 0.0583840 0.1242243 0.1336768 0.1745327 0.0552232 0.0687257 0.1531488 0.0807033 0.2188617 0.0338264 0.0889645 0.0486585 0.1657240 0.0353718 0.0345927 0.0327710 0.0239433 0.2226528 0.2156285 0.0523856 0.0587339 0.0915082 0.0591829 0.1881404 0.1544267 0.1448365 
Perityle_emoryi_47_punta_san_jose          0.2006729 0.2324764 0.2657430 0.2913285 0.1759243 0.1829406 0.2630382 0.1900945 0.3096864 0.0437826 0.2216197 0.1849472 0.1879120 0.1834127 0.1577699 0.2702209 0.1770473 0.1380044 0.2039454 0.1747566 0.1713271 0.1830696 0.4407276 0.1850125 0.1663224 0.1938408 0.1996472 0.2106348 0.2380148 0.0279937 0.0293912 0.0377978 0.1857203 0.0000000 0.2336946 0.1721220 0.2149790 0.2540837 0.1814705 0.1863174 0.2279290 0.1881078 0.2512503 0.2369435 0.1789216 0.1867382 0.1836398 0.2263343 0.1813587 0.1543373 0.1795162 0.2225561 0.1955446 0.2663023 0.1603165 0.1655476 0.1840817 0.1801136 0.1920588 0.1709691 0.2394229 0.1268564 0.1905317 0.2087678 0.1654482 0.2312326 0.0908316 0.2015462 0.1850125 0.0384645 0.1917945 0.1925390 0.1912481 0.1204417 0.2346205 0.2278328 0.1762822 0.1562662 0.1390876 0.1847037 0.0000010 0.1726814 0.2107706 
Perityle_feddemae_99                       0.2348014 0.2304593 0.2919892 0.3057068 0.2252455 0.1837123 0.2577499 0.1988772 0.3309508 0.2560941 0.2292901 0.2248398 0.2183415 0.2154675 0.1623853 0.2211475 0.2044242 0.1305288 0.1590247 0.2093119 0.1998179 0.2095861 0.3963756 0.2178021 0.1984023 0.2252611 0.2373276 0.2497602 0.1721762 0.2233679 0.1507365 0.1991069 0.2173704 0.2336946 0.0000000 0.2040634 0.2080518 0.2037523 0.2143759 0.2232889 0.0768486 0.2176812 0.1299514 0.2145914 0.2097518 0.2234411 0.2144973 0.0811754 0.2101590 0.1789747 0.2023785 0.2478136 0.2185951 0.2658081 0.1956112 0.2306556 0.2113116 0.2083131 0.1542622 0.1121740 0.2123521 0.1169839 0.2251252 0.1463283 0.2077151 0.2495721 0.0644899 0.2338075 0.2178021 0.2128640 0.2226530 0.2197235 0.2216455 0.1218280 0.2536789 0.1982667 0.2096355 0.1983709 0.0990333 0.2145163 0.2336946 0.1627112 0.1137190 
Perityle_fosteri_93                        0.1719750 0.2018113 0.2655356 0.2519269 0.1516565 0.1386249 0.2209476 0.1877982 0.2752374 0.1841592 0.1796211 0.0642514 0.0444265 0.0508998 0.0704839 0.1739601 0.0187612 0.1064705 0.1367549 0.0619160 0.0510789 0.0601826 0.3680714 0.0531513 0.0522164 0.0523304 0.0919641 0.1412102 0.1678824 0.1762944 0.1288106 0.1485428 0.0448501 0.1721220 0.2040634 0.0000000 0.1601281 0.1605235 0.0481971 0.0529839 0.1912195 0.0631192 0.2147040 0.1757247 0.0558212 0.0455687 0.0595308 0.1892310 0.0501408 0.0350037 0.0596159 0.1137598 0.0714480 0.2025925 0.1157833 0.0770618 0.0593748 0.0587546 0.1197241 0.1271791 0.1577155 0.0571222 0.0652570 0.1469756 0.0765434 0.2071928 0.0000010 0.0694287 0.0531513 0.1611133 0.0511745 0.0508886 0.0476658 0.0354302 0.2136726 0.1942612 0.0544560 0.0596701 0.0960590 0.0585917 0.1721220 0.1419196 0.1444075 
Perityle_gamon_221                         0.2158664 0.2239110 0.2884290 0.2770529 0.1833662 0.1754012 0.2545248 0.1890217 0.3063089 0.2329578 0.2058482 0.1939756 0.1830492 0.1877621 0.1447104 0.2367479 0.1702852 0.1110782 0.1945007 0.1767604 0.1796445 0.1824850 0.4004583 0.1886657 0.1756390 0.1864110 0.2064860 0.2336492 0.1814461 0.2131201 0.1547243 0.1881821 0.1899562 0.2149790 0.2080518 0.1601281 0.0000000 0.2117442 0.1853615 0.1889814 0.2048543 0.1851383 0.2312780 0.0747967 0.1890746 0.1883511 0.1840336 0.1943849 0.1814308 0.1591072 0.1843785 0.2266973 0.2005994 0.2432016 0.1651929 0.2146028 0.1838509 0.1800008 0.1279705 0.1420766 0.2130289 0.1059920 0.1875601 0.1524162 0.1776448 0.2216879 0.0640085 0.1925151 0.1886657 0.1993696 0.1838790 0.1843090 0.1927102 0.1083470 0.2333955 0.2065890 0.1797306 0.1652890 0.0882063 0.1878608 0.2174539 0.1476118 0.1743116 
Perityle_gentryi_8_san_francisco           0.2388923 0.2403123 0.3176053 0.3128579 0.2157439 0.2069154 0.2807984 0.2158771 0.2895028 0.2687173 0.2311380 0.1719742 0.1704532 0.1650411 0.1344333 0.0218316 0.1544052 0.1395189 0.1490086 0.1830818 0.1567677 0.1737607 0.3886493 0.1625476 0.1467987 0.1720279 0.1879260 0.1887195 0.0962042 0.2527518 0.1659577 0.2294432 0.1672552 0.2540837 0.2037523 0.1605235 0.2117442 0.0000000 0.1557884 0.1656286 0.1834126 0.1759916 0.1973879 0.2173949 0.1683434 0.1707257 0.1777679 0.1817723 0.1652568 0.1522492 0.1608638 0.1963975 0.1729553 0.2161739 0.1729021 0.1771100 0.1765686 0.1783814 0.0930120 0.1113475 0.1757346 0.1042718 0.1740355 0.0818820 0.1802603 0.2556454 0.0813598 0.1697337 0.1625476 0.2387558 0.1723754 0.1723768 0.1736378 0.1068789 0.2532990 0.1979831 0.1723777 0.1633754 0.0791122 0.1790106 0.2540837 0.1841884 0.1178772 
Perityle_gilensis_22_Superstition          0.1784025 0.1767179 0.2551369 0.2657169 0.1535240 0.1544714 0.2151057 0.1806558 0.2592928 0.1936638 0.1767316 0.0574341 0.0499770 0.0305971 0.0575531 0.1767546 0.0484181 0.1369107 0.1447003 0.0684236 0.0524688 0.0618028 0.3982808 0.0176717 0.0318305 0.0586414 0.0963044 0.1425824 0.1663566 0.1790440 0.1282530 0.1525552 0.0466292 0.1814705 0.2143759 0.0481971 0.1853615 0.1557884 0.0000000 0.0209266 0.2059394 0.0606558 0.2031989 0.1932349 0.0650910 0.0506826 0.0611448 0.1989273 0.0332168 0.0483183 0.0544012 0.1191280 0.0795815 0.2009759 0.1063551 0.0904651 0.0603107 0.0616794 0.1270224 0.1347231 0.1654625 0.0530054 0.0606005 0.1418712 0.0860840 0.2234820 0.0445136 0.0755573 0.0176717 0.1633766 0.0527047 0.0530812 0.0550942 0.0248568 0.2273699 0.2047126 0.0620190 0.0521652 0.0871935 0.0624392 0.1840307 0.1695066 0.1459869 
Perityle_gilensis_salensis_225             0.1839592 0.1770776 0.2524853 0.2679183 0.1631806 0.1613609 0.2208891 0.1871446 0.2593835 0.2022323 0.1854072 0.0636755 0.0498589 0.0338231 0.0583324 0.1838778 0.0518742 0.1332541 0.1478078 0.0725539 0.0588104 0.0637961 0.4075190 0.0209275 0.0374721 0.0605516 0.1003345 0.1495528 0.1724263 0.1834761 0.1332220 0.1579228 0.0518872 0.1863174 0.2232889 0.0529839 0.1889814 0.1656286 0.0209266 0.0000000 0.2139089 0.0633285 0.2094703 0.1943830 0.0663162 0.0539547 0.0631594 0.2061951 0.0430418 0.0518092 0.0577866 0.1265015 0.0852403 0.1999318 0.1119936 0.0879606 0.0622976 0.0636687 0.1250913 0.1332057 0.1612030 0.0617331 0.0654331 0.1492361 0.0907169 0.2302277 0.0339206 0.0775618 0.0209275 0.1688319 0.0559755 0.0563299 0.0576897 0.0296920 0.2312687 0.2087317 0.0668724 0.0582574 0.0873102 0.0651518 0.1888710 0.1710110 0.1519306 
Perityle_glaucescens_94                    0.2285480 0.2280378 0.2946055 0.2947660 0.2176015 0.1628602 0.2573565 0.1906691 0.3056781 0.2584910 0.2335904 0.2116968 0.2051296 0.2044421 0.1557701 0.2093068 0.1921939 0.1238517 0.1404853 0.1985104 0.1908035 0.1985318 0.4067609 0.2059580 0.1950011 0.2094338 0.2197917 0.2445631 0.1732152 0.2180284 0.1534807 0.2051747 0.2024143 0.2279290 0.0768486 0.1912195 0.2048543 0.1834126 0.2059394 0.2139089 0.0000000 0.2044243 0.0843480 0.2146032 0.2000545 0.2091364 0.2015645 0.0355602 0.1980623 0.1778021 0.1993232 0.2293919 0.2107680 0.2535929 0.1905649 0.2122194 0.2004135 0.1965708 0.1529781 0.0945749 0.2009847 0.1107333 0.2083930 0.1454566 0.2069543 0.2397918 0.0715238 0.2197380 0.2059580 0.2096100 0.2032564 0.2041511 0.2069845 0.1214618 0.2488179 0.1890428 0.2014318 0.1924937 0.0952854 0.2032907 0.2294238 0.1601849 0.1118203 
Perityle_gracilis_11                       0.1940795 0.2068138 0.2681412 0.2569581 0.1727727 0.1551361 0.2286107 0.1910688 0.2789243 0.2022311 0.1869184 0.0777332 0.0457311 0.0608145 0.0749793 0.1961132 0.0597179 0.1300051 0.1589728 0.0594093 0.0573872 0.0125306 0.4019022 0.0606899 0.0558282 0.0443591 0.1036364 0.1536554 0.1764278 0.1780354 0.1398317 0.1604775 0.0562164 0.1881078 0.2176812 0.0631192 0.1851383 0.1759916 0.0606558 0.0633285 0.2044243 0.0000000 0.2304863 0.1990071 0.0701773 0.0479327 0.0120550 0.2002609 0.0600001 0.0467640 0.0359960 0.1322379 0.0872185 0.2161546 0.1154892 0.0928664 0.0119019 0.0131101 0.1272457 0.1427632 0.1747555 0.0643740 0.0802520 0.1490232 0.0903927 0.2361226 0.0499845 0.0990223 0.0606899 0.1676005 0.0375455 0.0349355 0.0525059 0.0291721 0.2354175 0.2151553 0.0727967 0.0636645 0.0984209 0.0139829 0.1898055 0.1855427 0.1546379 
Perityle_harkerae_31                       0.2450543 0.2350481 0.3003932 0.3025883 0.2376775 0.2244153 0.2830575 0.2289916 0.3192769 0.2761294 0.2469129 0.2337116 0.2241913 0.2285524 0.1716898 0.2193273 0.1903391 0.1240537 0.1567337 0.2238885 0.2176575 0.2279333 0.4091494 0.2032562 0.1885202 0.2349670 0.2525102 0.2762657 0.1859694 0.2425514 0.1520952 0.2240807 0.2266334 0.2512503 0.1299514 0.2147040 0.2312780 0.1973879 0.2031989 0.2094703 0.0843480 0.2304863 0.0000000 0.2372764 0.2277341 0.2266874 0.2298672 0.0884368 0.2268501 0.2016233 0.2273859 0.2670560 0.2340349 0.2489908 0.1918081 0.2157648 0.2280099 0.2240980 0.1396207 0.1336828 0.2203021 0.1338124 0.2342915 0.1585336 0.2501107 0.2456857 0.0682303 0.2400978 0.2032562 0.2301589 0.2279620 0.2268297 0.2340861 0.1267976 0.2547062 0.2035059 0.2244202 0.2253911 0.1132211 0.2325990 0.2537079 0.1551225 0.1093978 
Perityle_hofmeisteria_4_nombre_de_dios     0.2297055 0.2117580 0.2927155 0.2902548 0.2028986 0.1770689 0.2537379 0.1805362 0.2928447 0.2517896 0.2150217 0.2080574 0.1953730 0.1975196 0.1479008 0.2385092 0.1861345 0.1199716 0.1993101 0.1902604 0.1925932 0.1955555 0.4146011 0.1957758 0.1816243 0.1995967 0.2164350 0.2457529 0.1854826 0.2284256 0.1622355 0.2059568 0.2015955 0.2369435 0.2145914 0.1757247 0.0747967 0.2173949 0.1932349 0.1943830 0.2146032 0.1990071 0.2372764 0.0000000 0.1941689 0.1984121 0.1997140 0.2040389 0.1910833 0.1649631 0.1948695 0.2339717 0.2095623 0.2590631 0.1744867 0.2193136 0.1968988 0.1946247 0.1414473 0.1314422 0.2167527 0.1038161 0.1980214 0.1581856 0.1975414 0.2260208 0.0793455 0.1994021 0.1957758 0.2104184 0.1961662 0.1956583 0.2035806 0.1097289 0.2394711 0.2145379 0.1906964 0.1820065 0.0969940 0.1974832 0.2393999 0.1584842 0.1855741 
Perityle_huecosensis_48                    0.1749805 0.2067706 0.2641726 0.2610922 0.1550669 0.1434808 0.2235747 0.1997169 0.2737950 0.1913221 0.1804689 0.0819198 0.0653278 0.0635761 0.0714017 0.1880266 0.0527612 0.1400193 0.1610632 0.0646950 0.0532682 0.0666446 0.4054318 0.0678071 0.0605746 0.0723333 0.0975609 0.1572583 0.1763934 0.1714536 0.1424822 0.1555255 0.0650077 0.1789216 0.2097518 0.0558212 0.1890746 0.1683434 0.0650910 0.0663162 0.2000545 0.0701773 0.2277341 0.1941689 0.0000000 0.0636901 0.0674131 0.1955000 0.0574891 0.0492078 0.0636564 0.1231850 0.0961656 0.2128016 0.1245886 0.0866312 0.0678493 0.0671956 0.1291759 0.1495972 0.1812246 0.0627678 0.0816748 0.1522288 0.0837700 0.2103222 0.0482397 0.1039298 0.0678071 0.1616570 0.0677802 0.0675209 0.0623839 0.0408981 0.2162555 0.2147612 0.0648458 0.0692205 0.1058210 0.0675105 0.1805493 0.1721293 0.1563017 
