85
Amauria_brandeegeana_62                    0.0000000 0.0420238 0.0302053 0.1809829 0.1906733 0.0687163 0.2006555 0.1540913 0.2508878 0.0312794 0.2131760 0.1438698 0.1624433 0.1430407 0.1268575 0.1770133 0.2324249 0.1384120 0.1744964 0.1591829 0.1696143 0.1103747 0.1209681 0.1467930 0.1291087 0.1328536 0.1494767 0.1921115 0.2038575 0.1396358 0.0932131 0.1391137 0.1249726 0.0514703 0.1519579 0.1282526 0.1292162 0.1154571 0.1411347 0.1775179 0.1642944 0.1055582 0.1316756 0.1364887 0.1319374 0.1918003 0.1548532 0.1251893 0.1635329 0.1467997 0.1488885 0.1397760 0.1490555 0.1435799 0.1565684 0.1343026 0.1455133 0.1181197 0.1365273 0.1026811 0.1556637 0.1062607 0.1989171 0.1395195 0.1382103 0.1953897 0.1458316 0.2204177 0.1183510 0.1113227 0.1361555 0.1414256 0.1506829 0.1384293 0.1436303 0.2006665 0.2179479 0.2187585 0.3018304 0.1332552 0.1203337 0.1080930 0.2216297 0.1083266 0.1352851 
Amauria_carterae_99_mesa                   0.0420238 0.0000000 0.0334723 0.1575272 0.0632528 0.0545443 0.1366003 0.1525405 0.1597892 0.0484972 0.1036647 0.1125835 0.1267218 0.1202575 0.1132783 0.1779600 0.1269477 0.1082539 0.1274989 0.1375617 0.1305257 0.1009821 0.1193477 0.1165804 0.1111496 0.1078828 0.1314875 0.1254187 0.1483228 0.1080751 0.0799113 0.0922460 0.0889087 0.0717026 0.1257976 0.1196667 0.0884496 0.0926935 0.1169777 0.1749969 0.1338908 0.0974077 0.1037035 0.1172811 0.1008563 0.1403950 0.1314880 0.1232575 0.1511758 0.1184317 0.1200517 0.1151811 0.1200134 0.1389831 0.1186023 0.1123891 0.1439458 0.1363655 0.1217998 0.0952690 0.1329691 0.1111889 0.1539737 0.1018610 0.1016821 0.1470698 0.1309152 0.1365143 0.0891543 0.0847090 0.1181415 0.1082613 0.1165266 0.1181255 0.1271877 0.0980072 0.1332485 0.1591532 0.1641383 0.1015776 0.0975301 0.0976979 0.1260071 0.0962655 0.1052131 
Amauria_rotundifolia_SRR9119150            0.0302053 0.0334723 0.0000000 0.1757310 0.1866148 0.0687072 0.1949192 0.1600939 0.2414317 0.0379547 0.2035343 0.1437697 0.1603411 0.1420358 0.1176456 0.1751843 0.2185950 0.1309599 0.1650598 0.1547135 0.1685657 0.1134441 0.1207148 0.1458032 0.1292846 0.1270025 0.1448186 0.1768312 0.2030662 0.1350497 0.0948629 0.1336293 0.1240552 0.0617114 0.1520373 0.1134385 0.1212311 0.1157755 0.1252238 0.1697866 0.1621982 0.1099536 0.1203857 0.1369095 0.1206255 0.1725451 0.1476778 0.1240094 0.1668349 0.1389714 0.1479174 0.1387174 0.1480357 0.1424580 0.1518740 0.1371650 0.1400708 0.1153034 0.1344017 0.1057066 0.1495548 0.1082350 0.1946220 0.1333133 0.1369739 0.1923094 0.1423496 0.2112252 0.1144973 0.1103799 0.1350666 0.1354204 0.1421807 0.1388888 0.1426233 0.1946981 0.2115443 0.2155158 0.3043801 0.1293840 0.1204702 0.1125443 0.2213059 0.1037722 0.1290578 
Conoclinium_coelestinum_SRR9119114         0.1809829 0.1575272 0.1757310 0.0000000 0.2313109 0.1272752 0.1580409 0.2139502 0.2890722 0.1788345 0.2738182 0.2057529 0.2366053 0.2288333 0.2080376 0.2446956 0.2274245 0.2078267 0.2443428 0.2379545 0.2210296 0.2000083 0.1589509 0.2384851 0.2123756 0.2153174 0.2264858 0.2336025 0.2397458 0.1922527 0.1581848 0.2222129 0.2137431 0.1996889 0.2406470 0.2040223 0.1879103 0.1839872 0.2047635 0.2390855 0.2508513 0.1976250 0.1928520 0.2182829 0.1923151 0.2511604 0.2235992 0.2168809 0.2577215 0.1907264 0.2371992 0.2256811 0.2414678 0.2252247 0.2298126 0.1987781 0.2210621 0.1981852 0.2110622 0.1997941 0.2236500 0.1972129 0.2788786 0.1928209 0.2117054 0.2415175 0.2261208 0.2647581 0.2073415 0.1787091 0.2316531 0.2082798 0.2168405 0.2216799 0.2159289 0.2542613 0.2620890 0.2677160 0.3537881 0.2070725 0.2025856 0.2071049 0.2608735 0.2122675 0.2031739 
Eutetras_palmeri_63                        0.1906733 0.0632528 0.1866148 0.2313109 0.0000000 0.0157859 0.2205361 0.1628170 0.2633495 0.0762279 0.1859666 0.2076022 0.2592491 0.2360674 0.1376686 0.2641378 0.2682728 0.1194403 0.1715454 0.2566606 0.2661934 0.2278617 0.1076246 0.2408803 0.2248889 0.2120521 0.2366240 0.2646831 0.2048551 0.1783713 0.1006207 0.1864187 0.1955685 0.1024160 0.2553846 0.2037754 0.2018031 0.2181220 0.2241951 0.2463738 0.2491301 0.2164717 0.1928380 0.2237905 0.1918912 0.2320518 0.2488267 0.1882699 0.3071960 0.1141488 0.2433494 0.2215841 0.2519782 0.2245367 0.2680217 0.1148256 0.1656771 0.1812718 0.2235212 0.2186352 0.1178443 0.1263352 0.1752247 0.1610432 0.2098530 0.2137097 0.2353919 0.2303310 0.1572319 0.2224379 0.2320083 0.2029716 0.2312379 0.2261383 0.2301615 0.2388745 0.2391938 0.2733453 0.2791482 0.2010428 0.1169417 0.2355384 0.2717265 0.1068651 0.1205342 
Eutetras_pringlei_149_quer                 0.0687163 0.0545443 0.0687072 0.1272752 0.0157859 0.0000000 0.1052432 0.1333187 0.1175340 0.0686456 0.0789586 0.0899085 0.0963304 0.0996863 0.0959584 0.1248867 0.0642901 0.0929085 0.1042292 0.0952774 0.0723503 0.0931950 0.0847239 0.1010999 0.0874219 0.0946537 0.0962021 0.1025794 0.0757457 0.0858656 0.0856573 0.1075989 0.0761014 0.0723036 0.1014411 0.0923096 0.0925623 0.0795133 0.1177989 0.1339878 0.1040219 0.0761986 0.0855170 0.0898350 0.0860032 0.1209573 0.0964568 0.0924746 0.0999179 0.0855170 0.1019713 0.1087572 0.0947559 0.0995255 0.0994335 0.0959846 0.1068214 0.0910487 0.0895928 0.0899976 0.0962304 0.1503719 0.1307300 0.0958380 0.0969197 0.0793895 0.1032820 0.1080418 0.1085880 0.0676462 0.1008981 0.0858656 0.0911562 0.0859977 0.0990646 0.0857537 0.1044036 0.1296613 0.1242439 0.0969375 0.0894820 0.1164373 0.0923096 0.0669977 0.0999127 
Eutrochium_fistulosum_SRR9119106           0.2006555 0.1366003 0.1949192 0.1580409 0.2205361 0.1052432 0.0000000 0.1638408 0.2644571 0.1364931 0.2657066 0.2208071 0.2521154 0.2423186 0.1702967 0.2631320 0.2342543 0.1817575 0.2205606 0.2547049 0.2644559 0.2160985 0.1465392 0.2370821 0.2182230 0.2172489 0.2147889 0.2378691 0.2450670 0.2054999 0.1176648 0.2297167 0.2262052 0.1645925 0.2358855 0.1931914 0.1961064 0.2105168 0.2186679 0.2556467 0.2444501 0.2115684 0.2060407 0.2268213 0.2036102 0.2591570 0.2407263 0.2151747 0.2740552 0.1515103 0.2358439 0.2243377 0.2371972 0.2079136 0.2493049 0.1651885 0.1853548 0.1864837 0.2245892 0.2172670 0.1803442 0.1655876 0.2449690 0.1330648 0.2248763 0.2596704 0.2147373 0.2362757 0.1483866 0.2104915 0.2347440 0.2246342 0.2276491 0.2267913 0.2336872 0.2432115 0.2414254 0.2821055 0.3404365 0.2129741 0.1728082 0.2254623 0.2360140 0.1621034 0.1622908 
Galeana_pratensis_104_mex                  0.1540913 0.1525405 0.1600939 0.2139502 0.1628170 0.1333187 0.1638408 0.0000000 0.1857075 0.1192591 0.1748450 0.1932169 0.2039533 0.1904378 0.1961549 0.2080118 0.1271151 0.1643573 0.1738996 0.1955000 0.1755118 0.1601379 0.1632209 0.1994896 0.2103439 0.2080856 0.2271941 0.1642320 0.1773696 0.2015261 0.1526292 0.1706323 0.1893901 0.1221595 0.2193988 0.2192553 0.1533667 0.1224561 0.1536197 0.2143503 0.2043995 0.1221909 0.1645575 0.1931960 0.1706718 0.2002484 0.1796939 0.1955279 0.2217014 0.1426621 0.2074391 0.2048967 0.2021464 0.2270473 0.1807025 0.1618149 0.1621202 0.2063412 0.1982960 0.1485978 0.1847170 0.1575234 0.2194595 0.1723851 0.1956671 0.1773696 0.2248780 0.2000878 0.1780897 0.1187433 0.1977747 0.1933530 0.2014476 0.1877531 0.2126775 0.1614342 0.1969680 0.1969348 0.2078294 0.1925387 0.1649659 0.1563556 0.2192553 0.1197914 0.1976173 
Helianthus_annuus_SRR9119062               0.2508878 0.1597892 0.2414317 0.2890722 0.2633495 0.1175340 0.2644571 0.1857075 0.0000000 0.1675732 0.3110548 0.2783094 0.2819765 0.2835961 0.1715711 0.2935043 0.2756894 0.1974397 0.2728348 0.2841872 0.2733291 0.2546757 0.1884259 0.2717042 0.2781228 0.2934823 0.2767189 0.2723866 0.2805956 0.2564838 0.1667510 0.2722985 0.2742284 0.1829078 0.2848489 0.2432535 0.2464547 0.2570649 0.2596184 0.2889249 0.2824068 0.2443847 0.2540468 0.2828652 0.2517148 0.2820432 0.2937628 0.2646905 0.3064764 0.1791259 0.2751337 0.2860736 0.2734094 0.2697249 0.2754447 0.2064716 0.2249356 0.2254247 0.2852377 0.2469729 0.1867761 0.1602292 0.2208646 0.1882912 0.2663265 0.2972552 0.2660972 0.3212291 0.1739535 0.2599100 0.2702466 0.2857167 0.2768590 0.2785847 0.3042685 0.2924914 0.3108389 0.3143484 0.3497319 0.2689581 0.2002673 0.2606556 0.3047535 0.1623569 0.2099581 
Lycapsus_tenuifolius_17                    0.0312794 0.0484972 0.0379547 0.1788345 0.0762279 0.0686456 0.1364931 0.1192591 0.1675732 0.0000000 0.1206111 0.1434460 0.1271349 0.1340275 0.1223676 0.1649116 0.1258290 0.1128747 0.1255694 0.1331609 0.0916788 0.0846921 0.1168525 0.1359204 0.1357308 0.1300231 0.1661035 0.1517510 0.1973357 0.1333529 0.0757610 0.0980706 0.1157755 0.0037855 0.1404013 0.1630680 0.1111405 0.0753989 0.1373236 0.1685397 0.1487413 0.0663967 0.1290984 0.1347931 0.1339583 0.2086215 0.1261603 0.1400555 0.1333008 0.1310900 0.1312535 0.1383819 0.1311480 0.1695767 0.1325975 0.1389835 0.1641818 0.1385267 0.1374363 0.0786475 0.1503108 0.0882689 0.1939514 0.1124079 0.1475660 0.1927965 0.1661995 0.1369912 0.0831458 0.0719368 0.1311888 0.1235352 0.1494800 0.1324496 0.1526245 0.0842894 0.1319499 0.2171519 0.2375805 0.1398899 0.0761313 0.0816972 0.1630680 0.0840799 0.1357767 
Pericome_caudata_50_silver                 0.2131760 0.1036647 0.2035343 0.2738182 0.1859666 0.0789586 0.2657066 0.1748450 0.3110548 0.1206111 0.0000000 0.2692850 0.3075399 0.2782419 0.1693464 0.3168854 0.3115935 0.1612911 0.2143918 0.3076608 0.3155094 0.2620469 0.1592270 0.2713949 0.2689053 0.2698315 0.2685295 0.3056900 0.2872415 0.1966921 0.1151508 0.2241226 0.2142755 0.1367226 0.2965796 0.2352315 0.2482075 0.2404427 0.2533714 0.3177706 0.2833251 0.2403783 0.2460872 0.2730022 0.2451337 0.2904494 0.2901988 0.2414191 0.3338913 0.1684492 0.2745931 0.2703610 0.2858850 0.2576735 0.3090777 0.1928938 0.2281352 0.2180965 0.2641121 0.2566402 0.1772756 0.1635086 0.2667124 0.1814121 0.2742443 0.3046235 0.2632327 0.2219856 0.1643154 0.2590910 0.2656652 0.2086388 0.2895286 0.2766054 0.2832928 0.2648272 0.2193890 0.3323210 0.3669710 0.2597008 0.1668502 0.2767647 0.2953846 0.1264052 0.1477141 
Perityle_aglossa_84_dead_horse             0.1438698 0.1125835 0.1437697 0.2057529 0.2076022 0.0899085 0.2208071 0.1932169 0.2783094 0.1434460 0.2692850 0.0000000 0.0673402 0.0511300 0.0854049 0.1047101 0.1381870 0.1745085 0.2146349 0.0750154 0.1198083 0.0471241 0.0886264 0.0699299 0.0401494 0.0443143 0.0532529 0.1294953 0.2143098 0.1794691 0.1305821 0.1856999 0.1713670 0.1864738 0.0715618 0.0664512 0.1612820 0.0450188 0.1592107 0.0997756 0.0838703 0.0517764 0.1603042 0.0411526 0.1625034 0.2371391 0.0501059 0.0465477 0.0812226 0.1655796 0.0711334 0.0483751 0.0611568 0.0519355 0.0693600 0.1626857 0.1001234 0.0508160 0.0410100 0.0482494 0.1737344 0.1592736 0.2140411 0.0736227 0.0172299 0.2172261 0.0564289 0.2751399 0.0754800 0.0312001 0.0648089 0.1820543 0.0523696 0.0430428 0.0442895 0.1468060 0.2745661 0.2472087 0.2314645 0.0151719 0.1532321 0.0564979 0.1342082 0.1481069 0.0868215 
Perityle_ajoensis_204                      0.1624433 0.1267218 0.1603411 0.2366053 0.2592491 0.0963304 0.2521154 0.2039533 0.2819765 0.1271349 0.3075399 0.0673402 0.0000000 0.0697819 0.0359121 0.1154859 0.1456439 0.1789470 0.2363509 0.0379215 0.1351308 0.0634592 0.1070266 0.0477213 0.0470208 0.0538953 0.1058480 0.1492667 0.2462940 0.1907240 0.1588673 0.1986459 0.1901745 0.1640895 0.0567773 0.1168083 0.1829350 0.0717551 0.1786068 0.1091432 0.0614974 0.0694639 0.1862144 0.0520772 0.1877088 0.2475214 0.0849211 0.0555630 0.0966243 0.1950719 0.0486530 0.0616881 0.0475874 0.1017330 0.0330516 0.1851027 0.1055758 0.1160276 0.0550039 0.0621428 0.1903403 0.1373355 0.2238148 0.1192864 0.0652867 0.2422538 0.1053934 0.2706945 0.0604722 0.0609315 0.0494245 0.2050957 0.0727986 0.0563928 0.0532378 0.1602323 0.2768741 0.2806015 0.2610712 0.0693675 0.1683668 0.0676114 0.1860380 0.1624632 0.1137817 
Perityle_ambrosiifolia_67_green            0.1430407 0.1202575 0.1420358 0.2288333 0.2360674 0.0996863 0.2423186 0.1904378 0.2835961 0.1340275 0.2782419 0.0511300 0.0697819 0.0000000 0.0901499 0.1052951 0.1593452 0.1824530 0.2084959 0.0703969 0.1331922 0.0520065 0.0993908 0.0447395 0.0419610 0.0473128 0.0840817 0.1490353 0.2453218 0.1715539 0.1365867 0.1918618 0.1750886 0.1685758 0.0734354 0.0967848 0.1746605 0.0460471 0.1767674 0.1038747 0.0588274 0.0446376 0.1728297 0.0429138 0.1737404 0.2439482 0.0616208 0.0484841 0.1050095 0.1773478 0.0467572 0.0502488 0.0517371 0.0821091 0.0663463 0.1629477 0.1018114 0.0914884 0.0483543 0.0488497 0.1834119 0.1654432 0.2188692 0.1124151 0.0534236 0.2411814 0.0854475 0.2602094 0.0738539 0.0407482 0.0359980 0.1748127 0.0663714 0.0494862 0.0511914 0.1450733 0.2666666 0.2633797 0.2476491 0.0512788 0.1639914 0.0520843 0.1628779 0.1628942 0.1104126 
Perityle_angustifolia_13_Eagle_creek       0.1268575 0.1132783 0.1176456 0.2080376 0.1376686 0.0959584 0.1702967 0.1961549 0.1715711 0.1223676 0.1693464 0.0854049 0.0359121 0.0901499 0.0000000 0.0978391 0.1059110 0.1682191 0.1600761 0.0118465 0.1062371 0.0663797 0.1109824 0.0589568 0.0604526 0.0633197 0.1048343 0.0901648 0.1870793 0.1288960 0.1343375 0.1450012 0.1599746 0.1491842 0.0619947 0.1040534 0.1450536 0.0876001 0.1599070 0.1003132 0.0657042 0.0796094 0.1519995 0.0647086 0.1497512 0.1849111 0.1224957 0.0748708 0.1005114 0.1661566 0.0587131 0.0745628 0.0478122 0.1089266 0.0099618 0.1564304 0.0873894 0.1065217 0.0672320 0.0613440 0.1655455 0.1555020 0.1533398 0.0907667 0.0781135 0.1894929 0.1125587 0.1740598 0.0625575 0.0855591 0.0634938 0.1527215 0.0712253 0.0630505 0.0696424 0.0631490 0.1686657 0.2146591 0.1398563 0.0883026 0.1412076 0.0759722 0.1021437 0.1468656 0.0975156 
Perityle_batopilensis_97                   0.1770133 0.1779600 0.1751843 0.2446956 0.2641378 0.1248867 0.2631320 0.2080118 0.2935043 0.1649116 0.3168854 0.1047101 0.1154859 0.1052951 0.0978391 0.0000000 0.2006264 0.1830620 0.2523489 0.1189444 0.1631729 0.1238448 0.1502305 0.1149371 0.1199407 0.1228031 0.1198225 0.1758365 0.2782951 0.2074466 0.1664035 0.2304052 0.2074831 0.2049848 0.1143488 0.1278519 0.2044200 0.1231970 0.1954408 0.0235898 0.1211865 0.1140954 0.2117258 0.1211390 0.2155682 0.2626166 0.1293108 0.1255614 0.1422139 0.1982777 0.1142493 0.1127723 0.1129748 0.1197671 0.0994079 0.2025064 0.1308176 0.1193076 0.1168534 0.1261111 0.2227131 0.1979123 0.2393264 0.1236710 0.1006875 0.2743648 0.1233455 0.2934509 0.1215201 0.1124936 0.1123596 0.2135512 0.1239925 0.1187595 0.1164176 0.2036307 0.2954856 0.2941892 0.2816962 0.0966110 0.2118325 0.1260846 0.1931868 0.1672164 0.1328984 
Perityle_bisetosa_9                        0.2324249 0.1269477 0.2185950 0.2274245 0.2682728 0.0642901 0.2342543 0.1271151 0.2756894 0.1258290 0.3115935 0.1381870 0.1456439 0.1593452 0.1059110 0.2006264 0.0000000 0.1792753 0.2238826 0.1677908 0.1652870 0.1831025 0.1158266 0.1508693 0.1650479 0.1617724 0.1717975 0.2207696 0.3191653 0.2079134 0.1524946 0.2800391 0.2259313 0.1506292 0.1610279 0.1599922 0.2564476 0.1627374 0.2596049 0.2110084 0.1683232 0.1833036 0.2540421 0.1561219 0.2579957 0.3358940 0.1456624 0.1464957 0.1897374 0.1638171 0.1521679 0.1609037 0.1488780 0.1811535 0.1624836 0.2313726 0.1887731 0.1668222 0.1519817 0.1899189 0.2156966 0.1675635 0.3377734 0.1257041 0.1417180 0.3305422 0.1767689 0.2888039 0.1018072 0.1447923 0.1460100 0.2350156 0.1931055 0.1608903 0.1628849 0.2182640 0.2832198 0.2963648 0.3075818 0.1332677 0.2052943 0.1863856 0.1922633 0.1292148 0.1364716 
Perityle_californica_76_positas            0.1384120 0.1082539 0.1309599 0.2078267 0.1194403 0.0929085 0.1817575 0.1643573 0.1974397 0.1128747 0.1612911 0.1745085 0.1789470 0.1824530 0.1682191 0.1830620 0.1792753 0.0000000 0.1500034 0.1999352 0.1297470 0.1379222 0.1448208 0.1843130 0.1592901 0.1694871 0.1908166 0.1612248 0.2367779 0.1337481 0.1188128 0.0840870 0.1433134 0.1447425 0.1883198 0.1825529 0.1604855 0.1592988 0.1498246 0.1862179 0.1938077 0.1366781 0.1641423 0.1659052 0.1726010 0.2289432 0.1814355 0.1782853 0.1839587 0.1846058 0.1849932 0.1859748 0.1813291 0.1858124 0.1913288 0.1911593 0.1795739 0.1609411 0.1750886 0.1316313 0.1859383 0.1349992 0.2223536 0.1379551 0.1680246 0.2394519 0.1894264 0.1791799 0.1664897 0.1511297 0.1712595 0.1627015 0.1951878 0.1725443 0.1844436 0.1305940 0.1754139 0.2360775 0.2984821 0.1729596 0.1200544 0.1468309 0.1825529 0.0639377 0.1799516 
Perityle_canescens_77                      0.1744964 0.1274989 0.1650598 0.2443428 0.1715454 0.1042292 0.2205606 0.1738996 0.2728348 0.1255694 0.2143918 0.2146349 0.2363509 0.2084959 0.1600761 0.2523489 0.2238826 0.1500034 0.0000000 0.2369488 0.2268694 0.2138902 0.1504757 0.2147515 0.2164806 0.2229198 0.2080960 0.2447570 0.1721075 0.1949029 0.1263504 0.1923532 0.2006533 0.1501277 0.2214215 0.1826666 0.1162385 0.1679414 0.1718550 0.2510470 0.2236497 0.1734622 0.1166679 0.2246547 0.1183727 0.2128021 0.2164311 0.2108422 0.2788832 0.0405032 0.2179615 0.2016628 0.2290260 0.2109438 0.2267125 0.0965028 0.1962069 0.1752470 0.2215369 0.2135427 0.0919894 0.1051037 0.1596022 0.1478207 0.2210680 0.1892790 0.2033051 0.2135506 0.1440531 0.1729176 0.2070044 0.1938818 0.2205584 0.2269045 0.2221639 0.2079041 0.2076222 0.1930693 0.2802534 0.2090463 0.0999735 0.2145787 0.2134463 0.1388540 0.1640288 
Perityle_castillonii_96                    0.1591829 0.1375617 0.1547135 0.2379545 0.2566606 0.0952774 0.2547049 0.1955000 0.2841872 0.1331609 0.3076608 0.0750154 0.0379215 0.0703969 0.0118465 0.1189444 0.1677908 0.1999352 0.2369488 0.0000000 0.1471396 0.0769231 0.1271430 0.0613699 0.0612269 0.0697266 0.1012068 0.1523638 0.2501797 0.1841536 0.1511429 0.2063154 0.1890642 0.1734015 0.0735188 0.1125042 0.1835866 0.0758899 0.1783217 0.1150536 0.0715462 0.0696007 0.1871940 0.0667588 0.1880132 0.2408710 0.1013152 0.0708640 0.1122208 0.1896748 0.0644781 0.0638244 0.0575891 0.0992427 0.0190019 0.1871823 0.1089611 0.1064239 0.0702752 0.0717477 0.1933388 0.1611939 0.2089072 0.1227862 0.0719360 0.2445492 0.1018050 0.2849431 0.0737996 0.0688019 0.0658280 0.1967526 0.0853467 0.0686443 0.0685703 0.1664170 0.2881126 0.2756417 0.2634998 0.0766173 0.1802617 0.0799386 0.1808604 0.1398431 0.1154835 
Perityle_cernua_84                         0.1696143 0.1305257 0.1685657 0.2210296 0.2661934 0.0723503 0.2644559 0.1755118 0.2733291 0.0916788 0.3155094 0.1198083 0.1351308 0.1331922 0.1062371 0.1631729 0.1652870 0.1297470 0.2268694 0.1471396 0.0000000 0.1197413 0.0688790 0.1127266 0.1083703 0.1142671 0.1379174 0.1555025 0.2151393 0.1769769 0.1537815 0.2145589 0.2075513 0.1327116 0.1290203 0.1208044 0.2135450 0.1283934 0.2185175 0.1407122 0.1268412 0.1259225 0.2093964 0.1127041 0.2065332 0.2104817 0.1247748 0.0961703 0.1458614 0.1484423 0.1158510 0.1270223 0.1144946 0.1311329 0.1274273 0.1692128 0.1196567 0.0902420 0.1109960 0.1266129 0.1714171 0.1472201 0.1706765 0.1008377 0.1063623 0.2313553 0.1458705 0.3037217 0.0970620 0.1153790 0.1163627 0.2191638 0.1138585 0.1075455 0.1138371 0.2106410 0.3071485 0.2453688 0.1986526 0.1182043 0.2021071 0.1184102 0.2057589 0.1330926 0.1264870 
Perityle_cfvillosa_25_tin                  0.1103747 0.1009821 0.1134441 0.2000083 0.2278617 0.0931950 0.2160985 0.1601379 0.2546757 0.0846921 0.2620469 0.0471241 0.0634592 0.0520065 0.0663797 0.1238448 0.1831025 0.1379222 0.2138902 0.0769231 0.1197413 0.0000000 0.0640460 0.0587773 0.0336268 0.0136736 0.0827518 0.1355512 0.1674369 0.1531130 0.1275983 0.1664810 0.1482480 0.1213881 0.0517072 0.0838033 0.1462158 0.0506242 0.1681387 0.1199014 0.0695672 0.0399016 0.1432095 0.0158700 0.1429666 0.1823909 0.0636344 0.0120135 0.0455752 0.1343067 0.0542158 0.0449622 0.0562470 0.0754392 0.0702927 0.1433685 0.0804490 0.0747159 0.0111475 0.0089954 0.1442907 0.1546806 0.1667088 0.0980133 0.0514294 0.1696720 0.0803202 0.2475605 0.0600271 0.0367572 0.0550054 0.1649903 0.0241617 0.0113403 0.0356182 0.1233109 0.2498680 0.2224368 0.1897658 0.0458062 0.1622029 0.0122190 0.1733229 0.1162481 0.0849583 
Perityle_cinerea_113_Powell1310            0.1209681 0.1193477 0.1207148 0.1589509 0.1076246 0.0847239 0.1465392 0.1632209 0.1884259 0.1168525 0.1592270 0.0886264 0.1070266 0.0993908 0.1109824 0.1502305 0.1158266 0.1448208 0.1504757 0.1271430 0.0688790 0.0640460 0.0000000 0.1097998 0.0755097 0.0904633 0.0913863 0.1264939 0.1545458 0.1393073 0.1112330 0.1511979 0.1642625 0.1708693 0.0965560 0.1017056 0.1315020 0.0475073 0.1466464 0.1559836 0.1193680 0.0711359 0.1388882 0.0773232 0.1369691 0.1730557 0.1005351 0.0955683 0.0759428 0.1436747 0.1051004 0.0903988 0.0993065 0.1062547 0.0808664 0.1354099 0.1255306 0.1064325 0.0845045 0.0689589 0.1514603 0.1443427 0.1581542 0.0763195 0.0832301 0.1545349 0.1092189 0.1759445 0.0565547 0.0522405 0.1047897 0.1450851 0.0911632 0.0963932 0.0880098 0.0538359 0.1731822 0.1639803 0.0805655 0.0948660 0.1201712 0.0722761 0.0935303 0.1598786 0.1175995 
Perityle_coahuilensis_24                   0.1467930 0.1165804 0.1458032 0.2384851 0.2408803 0.1010999 0.2370821 0.1994896 0.2717042 0.1359204 0.2713949 0.0699299 0.0477213 0.0447395 0.0589568 0.1149371 0.1508693 0.1843130 0.2147515 0.0613699 0.1127266 0.0587773 0.1097998 0.0000000 0.0371643 0.0469955 0.1024900 0.1380166 0.2473029 0.1592059 0.1369218 0.1796479 0.1640028 0.1679451 0.0357852 0.1149065 0.1776261 0.0616546 0.1812219 0.1125760 0.0189518 0.0487780 0.1751940 0.0480599 0.1723307 0.2370208 0.0792517 0.0462146 0.0849344 0.1972215 0.0113398 0.0606427 0.0132720 0.0986944 0.0451684 0.1798096 0.0969193 0.1127450 0.0511400 0.0523019 0.1985352 0.1630656 0.2308821 0.1026472 0.0619285 0.2382150 0.1026491 0.2604548 0.0321730 0.0627468 0.0057030 0.1725693 0.0664966 0.0502431 0.0483912 0.1288267 0.2652343 0.2597579 0.2437775 0.0638708 0.1643374 0.0616472 0.1658892 0.1643206 0.1125667 
Perityle_cochisensis_44_cave_creek         0.1291087 0.1111496 0.1292846 0.2123756 0.2248889 0.0874219 0.2182230 0.2103439 0.2781228 0.1357308 0.2689053 0.0401494 0.0470208 0.0419610 0.0604526 0.1199407 0.1650479 0.1592901 0.2164806 0.0612269 0.1083703 0.0336268 0.0755097 0.0371643 0.0000000 0.0251015 0.0708572 0.1280854 0.2154846 0.1716142 0.1231718 0.1672228 0.1552623 0.1589248 0.0496300 0.0846416 0.1485845 0.0301535 0.1596876 0.1121015 0.0556817 0.0323656 0.1558970 0.0250307 0.1600433 0.2075974 0.0553082 0.0321771 0.0666454 0.1645724 0.0395671 0.0365588 0.0412880 0.0728869 0.0516439 0.1631322 0.0854723 0.0851768 0.0271015 0.0317316 0.1702262 0.1504546 0.2090623 0.0950547 0.0435391 0.2127708 0.0779923 0.2473432 0.0504112 0.0294248 0.0371390 0.1795796 0.0308539 0.0262247 0.0309140 0.1203930 0.2509040 0.2433654 0.2053177 0.0376211 0.1594898 0.0398122 0.1596119 0.1359160 0.0921696 
Perityle_congesta_202                      0.1328536 0.1078828 0.1270025 0.2153174 0.2120521 0.0946537 0.2172489 0.2080856 0.2934823 0.1300231 0.2698315 0.0443143 0.0538953 0.0473128 0.0633197 0.1228031 0.1617724 0.1694871 0.2229198 0.0697266 0.1142671 0.0136736 0.0904633 0.0469955 0.0251015 0.0000000 0.0711637 0.1318021 0.2187398 0.1589904 0.1226397 0.1820723 0.1550443 0.1717624 0.0505426 0.0847539 0.1502406 0.0504162 0.1561152 0.1211489 0.0594550 0.0412847 0.1529772 0.0101802 0.1553432 0.2269492 0.0520293 0.0136509 0.0485483 0.1772795 0.0428382 0.0413066 0.0448775 0.0685688 0.0579307 0.1640923 0.0916229 0.0739832 0.0139846 0.0104080 0.1684098 0.1556802 0.2269427 0.0962518 0.0451778 0.2202957 0.0734680 0.2539937 0.0641706 0.0372288 0.0448243 0.1670463 0.0457517 0.0071001 0.0301864 0.1087970 0.2547142 0.2556756 0.2250195 0.0382092 0.1557214 0.0195579 0.1525149 0.1351698 0.0879592 
Perityle_cordifolia_27                     0.1494767 0.1314875 0.1448186 0.2264858 0.2366240 0.0962021 0.2147889 0.2271941 0.2767189 0.1661035 0.2685295 0.0532529 0.1058480 0.0840817 0.1048343 0.1198225 0.1717975 0.1908166 0.2080960 0.1012068 0.1379174 0.0827518 0.0913863 0.1024900 0.0708572 0.0711637 0.0000000 0.1486352 0.2352950 0.1644785 0.1521079 0.1955858 0.1786328 0.2084900 0.1052085 0.0403615 0.1693068 0.0781958 0.1667009 0.1201273 0.1111285 0.0846584 0.1664229 0.0712425 0.1711114 0.2276114 0.0816640 0.0759143 0.1216792 0.1769086 0.1022038 0.0790286 0.0954741 0.0158246 0.0944372 0.1687621 0.1084647 0.0528572 0.0734886 0.0754339 0.1821879 0.1786046 0.2165431 0.0634087 0.0591062 0.2307587 0.0161580 0.2726489 0.1187907 0.0653542 0.0938708 0.1814499 0.0889959 0.0732481 0.0704234 0.1596920 0.2758233 0.2566665 0.2405899 0.0556464 0.1643829 0.0922493 0.0915936 0.1781044 0.0968934 
Perityle_cordifolia_68_tecolote            0.1921115 0.1254187 0.1768312 0.2336025 0.2646831 0.1025794 0.2378691 0.1642320 0.2723866 0.1517510 0.3056900 0.1294953 0.1492667 0.1490353 0.0901648 0.1758365 0.2207696 0.1612248 0.2447570 0.1523638 0.1555025 0.1355512 0.1264939 0.1380166 0.1280854 0.1318021 0.1486352 0.0000000 0.2328465 0.1816282 0.1391302 0.2272025 0.2220938 0.1850152 0.1343145 0.1302691 0.1946244 0.1351063 0.2007235 0.1538139 0.1510297 0.1387883 0.2036531 0.1493090 0.2046637 0.2367708 0.1492002 0.1164386 0.1507155 0.1695886 0.1369996 0.1330915 0.1274573 0.1523185 0.1397509 0.1739304 0.0449625 0.1036044 0.1427053 0.1378836 0.1859262 0.1385159 0.1922704 0.1095686 0.1222026 0.2407060 0.1513983 0.2857113 0.0851984 0.1355506 0.1363076 0.2269234 0.1430413 0.1385171 0.1383847 0.2202105 0.2918920 0.2608579 0.2750199 0.1157323 0.1676110 0.1326050 0.2315458 0.1500654 0.1184353 
Perityle_coronopifolia_28_patagonia        0.2038575 0.1483228 0.2030662 0.2397458 0.2048551 0.0757457 0.2450670 0.1773696 0.2805956 0.1973357 0.2872415 0.2143098 0.2462940 0.2453218 0.1870793 0.2782951 0.3191653 0.2367779 0.1721075 0.2501797 0.2151393 0.1674369 0.1545458 0.2473029 0.2154846 0.2187398 0.2352950 0.2328465 0.0000000 0.2167553 0.1242543 0.2243552 0.2364501 0.2439640 0.2232421 0.2194401 0.1820771 0.1739814 0.1628099 0.2613109 0.2545574 0.1688362 0.1788116 0.2181173 0.1771518 0.2508443 0.2348468 0.2187325 0.2306688 0.1878862 0.2472490 0.2242255 0.2445292 0.2220840 0.2367283 0.1177096 0.2142181 0.1666381 0.2245945 0.1613226 0.1142827 0.0725024 0.1975478 0.1679336 0.2131301 0.0279838 0.2318220 0.2882432 0.1597765 0.1650689 0.2424529 0.2239098 0.2175757 0.2288953 0.2369785 0.2035476 0.2914486 0.1835380 0.3443381 0.2134913 0.0413927 0.1738295 0.2694496 0.1808414 0.2085990 
Perityle_crassifolia_70_ventanas           0.1396358 0.1080751 0.1350497 0.1922527 0.1783713 0.0858656 0.2054999 0.2015261 0.2564838 0.1333529 0.1966921 0.1794691 0.1907240 0.1715539 0.1288960 0.2074466 0.2079134 0.1337481 0.1949029 0.1841536 0.1769769 0.1531130 0.1393073 0.1592059 0.1716142 0.1589904 0.1644785 0.1816282 0.2167553 0.0000000 0.0155347 0.1370461 0.1253800 0.1562589 0.1839806 0.1495218 0.1529784 0.1437880 0.1587608 0.2025634 0.1686139 0.1282032 0.1706601 0.1653846 0.1659857 0.2015929 0.1763979 0.1738036 0.1723446 0.1588105 0.1602116 0.1823370 0.1653176 0.1626966 0.1813500 0.1697683 0.1690290 0.1447010 0.1624931 0.1553275 0.1688408 0.1552176 0.2166000 0.1587242 0.1725636 0.2287701 0.1674943 0.2123513 0.1347388 0.1461835 0.1605881 0.0089298 0.1881269 0.1694626 0.1764749 0.2087752 0.2111320 0.2500208 0.3240822 0.1737015 0.1583905 0.1572016 0.2116769 0.0826480 0.1240713 
Perityle_crassifolia_74_playa_balandra     0.0932131 0.0799113 0.0948629 0.1581848 0.1006207 0.0856573 0.1176648 0.1526292 0.1667510 0.0757610 0.1151508 0.1305821 0.1588673 0.1365867 0.1343375 0.1664035 0.1524946 0.1188128 0.1263504 0.1511429 0.1537815 0.1275983 0.1112330 0.1369218 0.1231718 0.1226397 0.1521079 0.1391302 0.1242543 0.0155347 0.0000000 0.1142477 0.1042336 0.1012253 0.1502898 0.1423566 0.1138229 0.1193324 0.1229076 0.1697566 0.1387739 0.1165803 0.1174665 0.1209113 0.1119403 0.1184271 0.1453750 0.1269382 0.1698084 0.1025391 0.1393902 0.1439738 0.1358423 0.1577327 0.1392837 0.1238610 0.1568031 0.1663196 0.1229987 0.1275771 0.1258866 0.1455748 0.1263866 0.1561414 0.1261641 0.1282677 0.1557981 0.1355086 0.1426975 0.1137264 0.1407916 0.0142538 0.1224656 0.1200779 0.1272439 0.1308232 0.1357081 0.1492021 0.1405745 0.1265487 0.1224677 0.1344656 0.1503779 0.0886895 0.1049677 
Perityle_cuneata_34_cuneata_San_antonio    0.1391137 0.0922460 0.1336293 0.2222129 0.1864187 0.1075989 0.2297167 0.1706323 0.2722985 0.0980706 0.2241226 0.1856999 0.1986459 0.1918618 0.1450012 0.2304052 0.2800391 0.0840870 0.1923532 0.2063154 0.2145589 0.1664810 0.1511979 0.1796479 0.1672228 0.1820723 0.1955858 0.2272025 0.2243552 0.1370461 0.1142477 0.0000000 0.1397085 0.1478157 0.1910141 0.1751486 0.1734894 0.1622662 0.1774037 0.2238542 0.1973992 0.1390250 0.1704619 0.1744244 0.1713346 0.2356924 0.1980254 0.1773693 0.2229136 0.1591371 0.1824125 0.1772045 0.1910054 0.1809258 0.2029612 0.1681698 0.1738409 0.1639686 0.1829674 0.1603660 0.1826843 0.1432448 0.2210594 0.1658611 0.1873542 0.2309501 0.1899473 0.2570900 0.1581790 0.1721893 0.1731701 0.1514650 0.2004212 0.1908157 0.1956481 0.2236808 0.2565971 0.2478044 0.3439694 0.1755085 0.1512141 0.1730158 0.2447565 0.0719203 0.1429751 
Perityle_cuneata_4                         0.1249726 0.0889087 0.1240552 0.2137431 0.1955685 0.0761014 0.2262052 0.1893901 0.2742284 0.1157755 0.2142755 0.1713670 0.1901745 0.1750886 0.1599746 0.2074831 0.2259313 0.1433134 0.2006533 0.1890642 0.2075513 0.1482480 0.1642625 0.1640028 0.1552623 0.1550443 0.1786328 0.2220938 0.2364501 0.1253800 0.1042336 0.1397085 0.0000000 0.1418479 0.1844076 0.1658473 0.1641297 0.1558551 0.1772942 0.2029051 0.1811881 0.1419545 0.1669595 0.1546611 0.1619665 0.2285153 0.1799315 0.1527673 0.1958016 0.1685295 0.1665389 0.1686624 0.1698229 0.1707057 0.1849014 0.1695001 0.1613776 0.1542304 0.1553872 0.1380247 0.1837910 0.1440161 0.2381748 0.1671393 0.1713209 0.2276588 0.1706756 0.2315242 0.1612972 0.1564892 0.1551167 0.1349115 0.1838906 0.1621798 0.1603272 0.2247012 0.2342708 0.2594100 0.3442267 0.1636734 0.1599778 0.1532974 0.2382521 0.1240764 0.1487602 
Perityle_discoidea_81                      0.0514703 0.0717026 0.0617114 0.1996889 0.1024160 0.0723036 0.1645925 0.1221595 0.1829078 0.0037855 0.1367226 0.1864738 0.1640895 0.1685758 0.1491842 0.2049848 0.1506292 0.1447425 0.1501277 0.1734015 0.1327116 0.1213881 0.1708693 0.1679451 0.1589248 0.1717624 0.2084900 0.1850152 0.2439640 0.1562589 0.1012253 0.1478157 0.1418479 0.0000000 0.1629461 0.2088806 0.1459772 0.1377297 0.1642128 0.2085410 0.1797632 0.1164707 0.1513064 0.1679440 0.1559767 0.2430577 0.1710711 0.1755360 0.1681102 0.1428265 0.1635553 0.1731277 0.1634310 0.2015909 0.1711647 0.1672444 0.1873390 0.1731498 0.1725176 0.1152761 0.1715248 0.1275817 0.2425773 0.1522208 0.1811862 0.2364560 0.2089121 0.1608372 0.1193200 0.1390995 0.1634790 0.1445476 0.1804075 0.1725453 0.1926439 0.1231384 0.1561719 0.2413841 0.2858717 0.1739910 0.1116874 0.1183752 0.2063303 0.0839354 0.1746625 
Perityle_dissecta_201                      0.1519579 0.1257976 0.1520373 0.2406470 0.2553846 0.1014411 0.2358855 0.2193988 0.2848489 0.1404013 0.2965796 0.0715618 0.0567773 0.0734354 0.0619947 0.1143488 0.1610279 0.1883198 0.2214215 0.0735188 0.1290203 0.0517072 0.0965560 0.0357852 0.0496300 0.0505426 0.1052085 0.1343145 0.2232421 0.1839806 0.1502898 0.1910141 0.1844076 0.1629461 0.0000000 0.1174403 0.1744804 0.0660744 0.1779459 0.1064952 0.0457606 0.0656926 0.1754012 0.0534011 0.1775489 0.2308276 0.0858555 0.0519029 0.0973234 0.1917805 0.0315658 0.0656811 0.0316682 0.1031366 0.0561673 0.1788056 0.0983590 0.1051873 0.0482090 0.0499188 0.1928338 0.1565407 0.2032206 0.1173706 0.0660133 0.2219320 0.1055534 0.2614185 0.0200109 0.0576275 0.0364143 0.2012459 0.0629586 0.0533115 0.0580397 0.1464988 0.2617002 0.2662925 0.2500314 0.0685181 0.1670761 0.0618327 0.1854204 0.1660296 0.1250420 
Perityle_emoryi_47_punta_san_jose          0.1282526 0.1196667 0.1134385 0.2040223 0.2037754 0.0923096 0.1931914 0.2192553 0.2432535 0.1630680 0.2352315 0.0664512 0.1168083 0.0967848 0.1040534 0.1278519 0.1599922 0.1825529 0.1826666 0.1125042 0.1208044 0.0838033 0.1017056 0.1149065 0.0846416 0.0847539 0.0403615 0.1302691 0.2194401 0.1495218 0.1423566 0.1751486 0.1658473 0.2088806 0.1174403 0.0000000 0.1448180 0.0912945 0.1426807 0.1271412 0.1190165 0.0927133 0.1385435 0.0857603 0.1384896 0.2024454 0.0917937 0.0816672 0.1264631 0.1666645 0.1126201 0.0941307 0.1081598 0.0377772 0.1165634 0.1590990 0.1189845 0.0563715 0.0815511 0.0788039 0.1725106 0.1858525 0.2154606 0.0624021 0.0700592 0.2246637 0.0393332 0.2421274 0.1105486 0.0786403 0.1047762 0.1590758 0.0967796 0.0867616 0.0847863 0.1382048 0.2412747 0.2200666 0.2261134 0.0669368 0.1721266 0.0909988 0.0680180 0.1765236 0.0984409 
Perityle_feddemae_99                       0.1292162 0.0884496 0.1212311 0.1879103 0.2018031 0.0925623 0.1961064 0.1533667 0.2464547 0.1111405 0.2482075 0.1612820 0.1829350 0.1746605 0.1450536 0.2044200 0.2564476 0.1604855 0.1162385 0.1835866 0.2135450 0.1462158 0.1315020 0.1776261 0.1485845 0.1502406 0.1693068 0.1946244 0.1820771 0.1529784 0.1138229 0.1734894 0.1641297 0.1459772 0.1744804 0.1448180 0.0000000 0.1562786 0.1018800 0.1945786 0.1881746 0.1411280 0.0208256 0.1516909 0.0237664 0.1388228 0.1747515 0.1421921 0.2024693 0.0333582 0.1769643 0.1591635 0.1772109 0.1672592 0.1816322 0.1102780 0.1636512 0.1403915 0.1563706 0.1385106 0.1147024 0.0993606 0.1876417 0.1524237 0.1623241 0.1801171 0.1733103 0.2506929 0.1489779 0.1500871 0.1667376 0.1686334 0.1651335 0.1605525 0.1618047 0.2133221 0.2523452 0.2013429 0.3323933 0.1547505 0.1129725 0.1513078 0.2296290 0.1362432 0.1398107 
Perityle_fosteri_93                        0.1154571 0.0926935 0.1157755 0.1839872 0.2181220 0.0795133 0.2105168 0.1224561 0.2570649 0.0753989 0.2404427 0.0450188 0.0717551 0.0460471 0.0876001 0.1231970 0.1627374 0.1592988 0.1679414 0.0758899 0.1283934 0.0506242 0.0475073 0.0616546 0.0301535 0.0504162 0.0781958 0.1351063 0.1739814 0.1437880 0.1193324 0.1622662 0.1558551 0.1377297 0.0660744 0.0912945 0.1562786 0.0000000 0.1553933 0.1160548 0.0738302 0.0500418 0.1434359 0.0440172 0.1423701 0.1668883 0.0582176 0.0382927 0.1070437 0.1338966 0.0643393 0.0392422 0.0613508 0.0779858 0.0648268 0.1268594 0.0900364 0.0791901 0.0465795 0.0456040 0.1441152 0.1393351 0.1722215 0.0866323 0.0517990 0.1673556 0.0782612 0.2521035 0.0618893 0.0240762 0.0553727 0.1481545 0.0526801 0.0486877 0.0422147 0.1318799 0.2558977 0.1898087 0.1649395 0.0524634 0.1631849 0.0522338 0.1592522 0.1414969 0.0907899 
Perityle_gamon_221                         0.1411347 0.1169777 0.1252238 0.2047635 0.2241951 0.1177989 0.2186679 0.1536197 0.2596184 0.1373236 0.2533714 0.1592107 0.1786068 0.1767674 0.1599070 0.1954408 0.2596049 0.1498246 0.1718550 0.1783217 0.2185175 0.1681387 0.1466464 0.1812219 0.1596876 0.1561152 0.1667009 0.2007235 0.1628099 0.1587608 0.1229076 0.1774037 0.1772942 0.1642128 0.1779459 0.1426807 0.1018800 0.1553933 0.0000000 0.1752876 0.1844234 0.1666511 0.0976858 0.1733743 0.0992064 0.0354599 0.1708358 0.1537676 0.2175827 0.1181229 0.1796555 0.1542953 0.1771439 0.1685275 0.1701085 0.1208581 0.1616418 0.1637054 0.1653162 0.1642525 0.1397773 0.1235805 0.1738451 0.1623052 0.1615522 0.1681537 0.1668882 0.2615480 0.1621236 0.1461369 0.1761706 0.1754864 0.1564688 0.1700243 0.1644526 0.2434921 0.2619449 0.1778561 0.2774929 0.1528719 0.1505384 0.1673810 0.2377320 0.1669838 0.1472896 
Perityle_gentryi_8_san_francisco           0.1775179 0.1749969 0.1697866 0.2390855 0.2463738 0.1339878 0.2556467 0.2143503 0.2889249 0.1685397 0.3177706 0.0997756 0.1091432 0.1038747 0.1003132 0.0235898 0.2110084 0.1862179 0.2510470 0.1150536 0.1407122 0.1199014 0.1559836 0.1125760 0.1121015 0.1211489 0.1201273 0.1538139 0.2613109 0.2025634 0.1697566 0.2238542 0.2029051 0.2085410 0.1064952 0.1271412 0.1945786 0.1160548 0.1752876 0.0000000 0.1178042 0.1111973 0.2003379 0.1147733 0.2028953 0.2473387 0.1246664 0.1224311 0.1414642 0.1937725 0.1142781 0.1130040 0.1129036 0.1188034 0.0938692 0.1975437 0.1328257 0.1161000 0.1092417 0.1205643 0.2175609 0.1937149 0.2402157 0.1297512 0.0989068 0.2645404 0.1237406 0.2801500 0.1223054 0.1092885 0.1099424 0.2082971 0.1135562 0.1138075 0.1123912 0.1829874 0.2792428 0.2598121 0.2680814 0.0933287 0.2161393 0.1219558 0.1809533 0.1680434 0.1344611 
Perityle_gilensis_22_Superstition          0.1642944 0.1338908 0.1621982 0.2508513 0.2491301 0.1040219 0.2444501 0.2043995 0.2824068 0.1487413 0.2833251 0.0838703 0.0614974 0.0588274 0.0657042 0.1211865 0.1683232 0.1938077 0.2236497 0.0715462 0.1268412 0.0695672 0.1193680 0.0189518 0.0556817 0.0594550 0.1111285 0.1510297 0.2545574 0.1686139 0.1387739 0.1973992 0.1811881 0.1797632 0.0457606 0.1190165 0.1881746 0.0738302 0.1844234 0.1178042 0.0000000 0.0599474 0.1865262 0.0607991 0.1834147 0.2513996 0.0898109 0.0627552 0.1019071 0.2062636 0.0169836 0.0736075 0.0228195 0.1078056 0.0583607 0.1808936 0.1095453 0.1140125 0.0635868 0.0641862 0.2072840 0.1633663 0.2294479 0.1032037 0.0749227 0.2527405 0.1095938 0.2700215 0.0413676 0.0736251 0.0192601 0.1880273 0.0792714 0.0640774 0.0653601 0.1481574 0.2717380 0.2718183 0.2593632 0.0736047 0.1693711 0.0725198 0.1750246 0.1663057 0.1227435 
Perityle_gilensis_salensis_225             0.1055582 0.0974077 0.1099536 0.1976250 0.2164717 0.0761986 0.2115684 0.1221909 0.2443847 0.0663967 0.2403783 0.0517764 0.0694639 0.0446376 0.0796094 0.1140954 0.1833036 0.1366781 0.1734622 0.0696007 0.1259225 0.0399016 0.0711359 0.0487780 0.0323656 0.0412847 0.0846584 0.1387883 0.1688362 0.1282032 0.1165803 0.1390250 0.1419545 0.1164707 0.0656926 0.0927133 0.1411280 0.0500418 0.1666511 0.1111973 0.0599474 0.0000000 0.1355355 0.0362105 0.1329671 0.1586641 0.0694556 0.0348860 0.1000912 0.1246892 0.0464617 0.0517370 0.0519145 0.0834712 0.0682999 0.1311078 0.0875373 0.0921675 0.0383306 0.0348396 0.1512902 0.1332280 0.1594586 0.0907716 0.0538296 0.1605756 0.0861984 0.2469580 0.0722061 0.0418246 0.0432395 0.1399614 0.0459836 0.0391350 0.0367691 0.1212067 0.2510032 0.1905815 0.1634250 0.0488818 0.1620955 0.0388012 0.1641083 0.1302420 0.1021977 
Perityle_glaucescens_94                    0.1316756 0.1037035 0.1203857 0.1928520 0.1928380 0.0855170 0.2060407 0.1645575 0.2540468 0.1290984 0.2460872 0.1603042 0.1862144 0.1728297 0.1519995 0.2117258 0.2540421 0.1641423 0.1166679 0.1871940 0.2093964 0.1432095 0.1388882 0.1751940 0.1558970 0.1529772 0.1664229 0.2036531 0.1788116 0.1706601 0.1174665 0.1704619 0.1669595 0.1513064 0.1754012 0.1385435 0.0208256 0.1434359 0.0976858 0.2003379 0.1865262 0.1355355 0.0000000 0.1589855 0.0101062 0.1452450 0.1728171 0.1516997 0.2022252 0.0079892 0.1751917 0.1553646 0.1756124 0.1667090 0.1812714 0.0995421 0.1702870 0.1354353 0.1628719 0.1369382 0.1144807 0.1009721 0.1856716 0.1540157 0.1640564 0.1741546 0.1633531 0.2447063 0.1428730 0.1384754 0.1683141 0.1720617 0.1677167 0.1615882 0.1700127 0.2127232 0.2449227 0.2025185 0.3326709 0.1554261 0.1110068 0.1495431 0.2245036 0.1386138 0.1491839 
Perityle_gracilis_11                       0.1364887 0.1172811 0.1369095 0.2182829 0.2237905 0.0898350 0.2268213 0.1931960 0.2828652 0.1347931 0.2730022 0.0411526 0.0520772 0.0429138 0.0647086 0.1211390 0.1561219 0.1659052 0.2246547 0.0667588 0.1127041 0.0158700 0.0773232 0.0480599 0.0250307 0.0101802 0.0712425 0.1493090 0.2181173 0.1653846 0.1209113 0.1744244 0.1546611 0.1679440 0.0534011 0.0857603 0.1516909 0.0440172 0.1733743 0.1147733 0.0607991 0.0362105 0.1589855 0.0000000 0.1625558 0.2315345 0.0544761 0.0161500 0.0526475 0.1648997 0.0460580 0.0388737 0.0480642 0.0701964 0.0588510 0.1631788 0.0960306 0.0785459 0.0169929 0.0138152 0.1645473 0.1546978 0.2192820 0.0902580 0.0433704 0.2192926 0.0759630 0.2501607 0.0537476 0.0326712 0.0447308 0.1727212 0.0418938 0.0090867 0.0350295 0.1203147 0.2554180 0.2603559 0.2364197 0.0374784 0.1571868 0.0182080 0.1612507 0.1358023 0.0893671 
