85
Amauria_brandeegeana_62                    0.0000000 0.1082054 0.0735193 0.2619617 0.2228589 0.0976879 0.1949174 0.1272662 0.1678026 0.0922422 0.0805855 0.0795818 0.0756314 0.0688118 0.1570852 0.0822855 0.0774425 0.0799470 0.1603448 0.0450473 0.1622882 0.1346778 0.1126142 0.0782408 0.1632150 0.0783230 0.0823057 0.0781474 0.1489197 0.0781579 0.0596539 0.1173671 0.1328133 0.1750557 0.0828128 0.0960810 0.1789108 0.1752644 0.1482346 0.0856364 0.0822071 0.0799205 0.1708870 0.0779844 0.1680265 0.1342574 0.0750380 0.0770415 0.0824350 0.1820956 0.1460052 0.0821164 0.0781851 0.2166963 0.0880899 0.0862093 0.0911262 0.1320228 0.0861852 0.0783230 0.2099770 0.1179550 0.0783435 0.1509882 0.0781105 0.1356915 0.2535723 0.0782650 0.0817573 0.2653647 0.0781875 0.0857640 0.1516007 0.0782134 0.0929814 0.0966782 0.0767981 0.1012095 0.0686511 0.0847580 0.0648245 0.0879930 0.1023401 0.1032512 0.1026424 
Amauria_carterae_99_mesa                   0.1082054 0.0000000 0.1126787 0.1826572 0.1173984 0.1109419 0.1258508 0.1327815 0.1175658 0.1258723 0.1201562 0.1152798 0.0922959 0.0753882 0.1201945 0.1232849 0.0920182 0.0978564 0.1076036 0.1072980 0.1358154 0.0939230 0.1196265 0.0884388 0.1036957 0.1016155 0.1180357 0.1201626 0.2974155 0.1082375 0.0905500 0.1061736 0.1054927 0.1080215 0.1152260 0.1130672 0.1001040 0.1267893 0.1342326 0.1232849 0.0881121 0.0879448 0.1004793 0.0972088 0.1001040 0.1013401 0.1231690 0.0922959 0.1018183 0.1001040 0.0881012 0.1021546 0.0835662 0.1187924 0.1021439 0.1015305 0.1220005 0.1290961 0.0922959 0.0970564 0.1310791 0.1287057 0.1054927 0.1102109 0.1199170 0.1056920 0.1187924 0.1065744 0.1014923 0.1022171 0.0835662 0.1359758 0.2493781 0.0922959 0.1108831 0.1343936 0.1065744 0.1136541 0.0922959 0.1152798 0.1018783 0.1014944 0.1158895 0.1056603 0.1006604 
Amauria_rotundifolia_SRR9119150            0.0735193 0.1126787 0.0000000 0.2608388 0.1531405 0.1112065 0.1901357 0.1274776 0.1530593 0.0745286 0.0719996 0.0804061 0.0640092 0.0668227 0.1062076 0.1086066 0.0764178 0.0745690 0.1767019 0.0577622 0.1684115 0.1351644 0.1194370 0.0683994 0.1661994 0.0670198 0.0901583 0.0801509 0.1672202 0.0753764 0.0551124 0.1182049 0.1446066 0.1272178 0.0824307 0.0785693 0.1784386 0.1686678 0.1700821 0.1110585 0.0714225 0.0685643 0.1709144 0.0688161 0.1726809 0.1299767 0.0983114 0.0625539 0.0686428 0.1782616 0.0729140 0.0684834 0.0668576 0.1922755 0.0808226 0.0881799 0.0818653 0.1433720 0.0714047 0.0655640 0.1408584 0.1154452 0.0810052 0.1983219 0.0771970 0.1447105 0.1987090 0.0789763 0.0820066 0.1917883 0.0668600 0.0859408 0.1683335 0.0640429 0.0850647 0.1027533 0.0740480 0.1109430 0.0605238 0.0817574 0.0679843 0.0869479 0.0922946 0.1051316 0.1054190 
Conoclinium_coelestinum_SRR9119114         0.2619617 0.1826572 0.2608388 0.0000000 0.4035441 0.2110852 0.1448619 0.2164868 0.1707462 0.2386209 0.2725094 0.2549112 0.2418515 0.2415005 0.3087450 0.2757656 0.2461263 0.2505536 0.2693732 0.1619838 0.2438480 0.3002442 0.2739683 0.2384334 0.2544304 0.2579589 0.2464453 0.2514511 0.2822209 0.2256665 0.2640369 0.2573430 0.2815152 0.3002009 0.2440643 0.2724444 0.2512293 0.2698485 0.2779394 0.2699109 0.2362562 0.2379518 0.2471408 0.2368674 0.2660184 0.2731307 0.2529407 0.2424860 0.2506846 0.2518103 0.3568882 0.2439944 0.2382295 0.3395595 0.2544454 0.2635441 0.2373337 0.3387305 0.2380023 0.2423263 0.4004025 0.1920582 0.2602247 0.3110535 0.2425246 0.2644140 0.3665619 0.2250977 0.2438979 0.4249253 0.2362310 0.2466618 0.3690502 0.2457833 0.2636055 0.3510703 0.2245921 0.1817690 0.2284536 0.2484093 0.1342203 0.2344494 0.2388783 0.2088535 0.2466262 
Eutetras_palmeri_63                        0.2228589 0.1173984 0.1531405 0.4035441 0.0000000 0.0518222 0.3371558 0.1035319 0.3895077 0.3030005 0.2577066 0.1901298 0.2939796 0.1417082 0.1546481 0.3139221 0.2780151 0.1387446 0.1029977 0.0865922 0.1714384 0.2078014 0.1225951 0.2973955 0.1603013 0.2601035 0.2963342 0.3016756 0.4474261 0.1451389 0.0758655 0.1931106 0.3297308 0.2456524 0.2812698 0.4034643 0.2713241 0.1888046 0.3081301 0.3054392 0.3026821 0.3028338 0.2691142 0.2956751 0.2068589 0.3027108 0.2916543 0.2961455 0.3009504 0.2746117 0.2348452 0.2960009 0.2971949 0.2767627 0.3061106 0.2249268 0.1792189 0.1673061 0.3040062 0.2949603 0.2869129 0.1347378 0.2775712 0.2028395 0.2788374 0.3400222 0.3252895 0.3020751 0.2898939 0.4219927 0.2954737 0.3287116 0.4314073 0.2990557 0.2429193 0.1423711 0.2862331 0.2923785 0.2995786 0.2850830 0.0707396 0.3103833 0.3049188 0.0780042 0.0875195 
Eutetras_pringlei_149_quer                 0.0976879 0.1109419 0.1112065 0.2110852 0.0518222 0.0000000 0.0660417 0.0907410 0.1048610 0.1025728 0.1019517 0.0699897 0.0962941 0.0965260 0.0757959 0.0843055 0.0758460 0.1018813 0.0426801 0.0597516 0.0783220 0.1054218 0.1344671 0.0996167 0.0659059 0.1051604 0.0729281 0.0988335 0.1239868 0.0935662 0.0798624 0.1022533 0.1075407 0.0662506 0.0728061 0.0735596 0.0750398 0.0718761 0.1259531 0.0784779 0.1023633 0.0992968 0.0662487 0.0993738 0.0717309 0.1104557 0.0726985 0.0962941 0.1022509 0.0660984 0.1054685 0.0905540 0.0965260 0.0700526 0.0996647 0.0817236 0.1047539 0.0900944 0.0962941 0.1023030 0.1023799 0.1556769 0.1025866 0.0918001 0.0756031 0.0900202 0.0728959 0.0932986 0.0989941 0.0995405 0.0965260 0.1054219 0.2302533 0.0962941 0.1052043 0.1647023 0.0961266 0.0664010 0.1022149 0.0727536 0.0777284 0.0963750 0.0932569 0.0558343 0.0628870 
Eutrochium_fistulosum_SRR9119106           0.1949174 0.1258508 0.1901357 0.1448619 0.3371558 0.0660417 0.0000000 0.0917842 0.1485802 0.1737494 0.1950686 0.1704981 0.1799422 0.1632316 0.1735722 0.1775471 0.1769952 0.1827304 0.1286394 0.1311717 0.1558515 0.1630536 0.1484981 0.1769507 0.1804838 0.1956366 0.1703250 0.1929600 0.1936606 0.1386206 0.0913892 0.1668287 0.1837070 0.3279959 0.1693201 0.1591072 0.1533087 0.1937786 0.1776860 0.1920224 0.1784508 0.1743843 0.1476467 0.1514011 0.1520279 0.1950865 0.1732589 0.1770447 0.1840494 0.1527043 0.2509874 0.1753294 0.1783146 0.2974104 0.1678576 0.1968584 0.1437765 0.1870442 0.1797625 0.1822274 0.3103194 0.1610650 0.1914143 0.1880954 0.1647721 0.1934707 0.3291211 0.1794624 0.1757075 0.4149063 0.1752381 0.1698016 0.2363506 0.1846963 0.1937771 0.1770737 0.1784985 0.1679764 0.1406365 0.1746506 0.1320542 0.1771037 0.1699704 0.0964119 0.1144945 
Galeana_pratensis_104_mex                  0.1272662 0.1327815 0.1274776 0.2164868 0.1035319 0.0907410 0.0917842 0.0000000 0.1065403 0.1388773 0.1274631 0.1176421 0.1211796 0.1156048 0.1120584 0.1270791 0.1119932 0.1334095 0.1032526 0.0821148 0.1194071 0.1307471 0.1402120 0.1188316 0.0947603 0.1274629 0.1132828 0.1329554 0.1472247 0.1296915 0.1223729 0.1124867 0.1327639 0.1287705 0.1206853 0.1541075 0.1314031 0.1039194 0.1853647 0.1328061 0.1188823 0.1151346 0.1252698 0.1244214 0.1308932 0.1394955 0.1197416 0.1211796 0.1243316 0.1281002 0.1216816 0.1215543 0.1156048 0.1389105 0.1213899 0.1216299 0.1394629 0.1491140 0.1211796 0.1274629 0.1393547 0.1615830 0.1488412 0.1665766 0.1115259 0.1243886 0.1421223 0.1247227 0.1186173 0.1430042 0.1156048 0.1372306 0.2412509 0.1211796 0.1435374 0.1638100 0.1278117 0.1112036 0.1273508 0.1175103 0.0908142 0.1343284 0.1292573 0.0854172 0.1038057 
Helianthus_annuus_SRR9119062               0.1678026 0.1175658 0.1530593 0.1707462 0.3895077 0.1048610 0.1485802 0.1065403 0.0000000 0.1841179 0.1648997 0.1628776 0.1799569 0.1227557 0.2089462 0.1838198 0.1723164 0.1468598 0.1511826 0.1152336 0.1412267 0.1550370 0.1494618 0.1725994 0.1443546 0.1977934 0.1730919 0.1899004 0.2176200 0.1346962 0.0815196 0.1641428 0.1813891 0.3113788 0.1606725 0.1710029 0.1549695 0.1648774 0.1847984 0.2018356 0.1746842 0.1727836 0.1499525 0.1799193 0.1445088 0.1737525 0.1792523 0.1823556 0.1913348 0.1499267 0.2531846 0.1686615 0.1748012 0.2540711 0.1750243 0.1915826 0.1421409 0.1969641 0.1780878 0.1868804 0.3195805 0.1353166 0.1767842 0.1013635 0.1675126 0.2009910 0.2973677 0.1778549 0.1840268 0.4255955 0.1727836 0.1749140 0.2620338 0.1858586 0.1743355 0.1679562 0.1762874 0.1775665 0.1689345 0.1720823 0.0979781 0.1599141 0.1673205 0.1553407 0.1331478 
Lycapsus_tenuifolius_17                    0.0922422 0.1258723 0.0745286 0.2386209 0.3030005 0.1025728 0.1737494 0.1388773 0.1841179 0.0000000 0.0835224 0.0747977 0.0761357 0.0697457 0.1404431 0.1068386 0.0861957 0.0857664 0.1626381 0.0381407 0.1616781 0.1401555 0.1306355 0.0796910 0.1670822 0.0826951 0.0967361 0.0943829 0.1634697 0.0311205 0.0268896 0.1172758 0.1464964 0.1932735 0.0826327 0.0248454 0.1882393 0.1814706 0.1584917 0.1101179 0.0821268 0.0773824 0.1797179 0.0782113 0.1852635 0.1436432 0.0987670 0.0750435 0.0813325 0.1861647 0.1643829 0.0819884 0.0796468 0.2192868 0.0750300 0.0898694 0.0875356 0.1462429 0.0796853 0.0787907 0.2249863 0.1016982 0.0915675 0.2092025 0.0824113 0.1430244 0.2671150 0.0895950 0.0987242 0.3251393 0.0784452 0.0524127 0.1606016 0.0785211 0.1031598 0.1202098 0.0860388 0.1083446 0.0712989 0.0844052 0.0568397 0.0993867 0.0375309 0.1085430 0.1155508 
Pericome_caudata_50_silver                 0.0805855 0.1201562 0.0719996 0.2725094 0.2577066 0.1019517 0.1950686 0.1274631 0.1648997 0.0835224 0.0000000 0.0728144 0.0701588 0.0558472 0.1465070 0.0932931 0.0733173 0.0737274 0.1585561 0.0400115 0.1512377 0.0960197 0.1353219 0.0651518 0.1402814 0.0742711 0.0891130 0.0765641 0.1209196 0.0729645 0.0469814 0.1153453 0.1209499 0.2219051 0.0759217 0.0838493 0.1785509 0.1561521 0.1447569 0.0959602 0.0677517 0.0652274 0.1675506 0.0650686 0.1761983 0.1144754 0.0906721 0.0715466 0.0717779 0.1771561 0.1423527 0.0625482 0.0625428 0.2447704 0.0767244 0.0701069 0.0729019 0.1434103 0.0676481 0.0730045 0.2255265 0.1007666 0.0752247 0.1891200 0.0704779 0.0977152 0.2843295 0.0709980 0.0553490 0.3035757 0.0638285 0.0687198 0.1324015 0.0727152 0.0804776 0.1113360 0.0696494 0.1009576 0.0661875 0.0766248 0.0627055 0.0770147 0.0835030 0.0916608 0.0990543 
Perityle_aglossa_84_dead_horse             0.0795818 0.1152798 0.0804061 0.2549112 0.1901298 0.0699897 0.1704981 0.1176421 0.1628776 0.0747977 0.0728144 0.0000000 0.0630841 0.0651688 0.1107522 0.0615948 0.0296307 0.0777449 0.1420318 0.0145872 0.1494657 0.1281515 0.1200364 0.0723424 0.1407943 0.0657517 0.0586099 0.0761436 0.1474740 0.0707196 0.0592702 0.1167279 0.1372463 0.1491038 0.0221539 0.0889063 0.1581796 0.1574492 0.1463058 0.0661380 0.0750430 0.0711982 0.1501506 0.0687718 0.1535677 0.1238997 0.0556151 0.0631863 0.0685987 0.1613747 0.1393956 0.0710157 0.0709626 0.2084819 0.0808594 0.0872983 0.0902320 0.1120842 0.0710747 0.0644612 0.1915543 0.0915392 0.0762129 0.1514543 0.0121297 0.1382070 0.2224160 0.0832837 0.0865018 0.2371109 0.0709648 0.0773412 0.1644644 0.0656952 0.0845269 0.1116250 0.0789221 0.0931021 0.0630414 0.0170449 0.0429392 0.0795085 0.0832647 0.0843203 0.0573137 
Perityle_ajoensis_204                      0.0756314 0.0922959 0.0640092 0.2418515 0.2939796 0.0962941 0.1799422 0.1211796 0.1799569 0.0761357 0.0701588 0.0630841 0.0000000 0.0206601 0.1388466 0.0830488 0.0643001 0.0639370 0.1459989 0.0360124 0.1570920 0.0711939 0.0948175 0.0207132 0.1445224 0.0054344 0.0844757 0.0775491 0.1344351 0.0588083 0.0552541 0.1094393 0.1185349 0.2060351 0.0643238 0.0794413 0.1668371 0.1590943 0.1340198 0.0905909 0.0238761 0.0189610 0.1590399 0.0099114 0.1645417 0.1157829 0.0768752 0.0040938 0.0072038 0.1702388 0.1065618 0.0323065 0.0207030 0.2217442 0.0512205 0.0840220 0.0766707 0.1399217 0.0207247 0.0041011 0.2128851 0.1010966 0.0713501 0.1809335 0.0596860 0.1237810 0.2699141 0.0712882 0.0758135 0.3091356 0.0196535 0.0719097 0.0701570 0.0051145 0.0861374 0.0430971 0.0676501 0.0878305 0.0059128 0.0627282 0.0666860 0.0777894 0.0760749 0.1006995 0.0926343 
Perityle_ambrosiifolia_67_green            0.0688118 0.0753882 0.0668227 0.2415005 0.1417082 0.0965260 0.1632316 0.1156048 0.1227557 0.0697457 0.0558472 0.0651688 0.0206601 0.0000000 0.0888574 0.0865536 0.0596973 0.0669043 0.1477436 0.0402384 0.1472614 0.0784049 0.0947612 0.0040814 0.1384820 0.0234705 0.0765231 0.0694878 0.1420675 0.0632249 0.0552541 0.1130352 0.1288436 0.1304295 0.0670469 0.0722005 0.1496468 0.1408056 0.1486524 0.0964632 0.0081895 0.0013912 0.1424417 0.0135339 0.1441522 0.1171753 0.0809918 0.0192731 0.0249191 0.1495032 0.0081899 0.0178603 0.0027165 0.1845651 0.0512565 0.0773099 0.0675374 0.1233444 0.0150932 0.0220802 0.1256787 0.1014863 0.0686975 0.1786037 0.0664247 0.1284703 0.1869217 0.0705608 0.0711556 0.1643495 0.0027166 0.0642695 0.1078981 0.0206706 0.0535773 0.0406467 0.0657113 0.0927441 0.0083250 0.0708966 0.0682222 0.0567315 0.0761114 0.1006218 0.0982210 
Perityle_angustifolia_13_Eagle_creek       0.1570852 0.1201945 0.1062076 0.3087450 0.1546481 0.0757959 0.1735722 0.1120584 0.2089462 0.1404431 0.1465070 0.1107522 0.1388466 0.0888574 0.0000000 0.1454041 0.1332595 0.0787380 0.0872147 0.0103095 0.1491979 0.0919351 0.1249454 0.1427839 0.0694437 0.1442481 0.1626980 0.1496415 0.2051633 0.0769934 0.0553273 0.1439839 0.1413631 0.1959805 0.1194620 0.2028014 0.1554665 0.1234904 0.1935134 0.1662466 0.1447608 0.1449931 0.1497801 0.1390512 0.1548201 0.1652464 0.1602721 0.1370223 0.1425782 0.1572355 0.1573417 0.1391862 0.1408594 0.2727353 0.1483734 0.1482780 0.1022228 0.1408037 0.1389719 0.1425351 0.1755206 0.0917593 0.1469350 0.1819069 0.1154945 0.1479657 0.2975002 0.1542300 0.1388321 0.2599063 0.1408594 0.1519722 0.2827887 0.1423492 0.1613398 0.1324017 0.1539460 0.1772275 0.1404229 0.1172345 0.0395032 0.1560553 0.1420005 0.0777489 0.0916175 
Perityle_batopilensis_97                   0.0822855 0.1232849 0.1086066 0.2757656 0.3139221 0.0843055 0.1775471 0.1270791 0.1838198 0.1068386 0.0932931 0.0615948 0.0830488 0.0865536 0.1454041 0.0000000 0.0572280 0.1028954 0.1431938 0.0652118 0.1633746 0.1184821 0.1304256 0.0878966 0.1537833 0.0927153 0.0637967 0.1027608 0.1452404 0.1069335 0.0861049 0.1395609 0.1239004 0.2144729 0.0526319 0.0977836 0.1673012 0.1734974 0.1480147 0.0454221 0.0891337 0.0868165 0.1590708 0.0830174 0.1696994 0.1338873 0.0443544 0.0855599 0.0883052 0.1680239 0.1601286 0.0878307 0.0854577 0.2053696 0.0934634 0.1008965 0.1129007 0.0886648 0.0867072 0.0869210 0.2385522 0.1481066 0.0901494 0.1090742 0.0525522 0.1285153 0.2447398 0.1026872 0.0984323 0.3639731 0.0866358 0.0944532 0.1326854 0.0878365 0.1115204 0.1267669 0.1005832 0.1010378 0.0721758 0.0581162 0.0733471 0.0966742 0.1119461 0.1094143 0.0769325 
Perityle_bisetosa_9                        0.0774425 0.0920182 0.0764178 0.2461263 0.2780151 0.0758460 0.1769952 0.1119932 0.1723164 0.0861957 0.0733173 0.0296307 0.0643001 0.0596973 0.1332595 0.0572280 0.0000000 0.0767352 0.1366003 0.0338166 0.1440448 0.1355113 0.1093309 0.0643063 0.1302031 0.0709201 0.0582830 0.0780548 0.1345588 0.0740976 0.0510407 0.1057520 0.1263131 0.1830779 0.0186565 0.0893305 0.1546176 0.1472711 0.1329565 0.0612081 0.0665710 0.0632083 0.1470298 0.0652144 0.1482046 0.1238660 0.0468340 0.0655153 0.0691420 0.1554151 0.1405039 0.0665037 0.0642729 0.2062984 0.0801834 0.0832756 0.0869321 0.1120957 0.0677018 0.0667489 0.2216963 0.1061128 0.0704456 0.1547557 0.0271723 0.1266929 0.2457559 0.0765142 0.0795479 0.3330733 0.0631534 0.0837468 0.1322302 0.0676605 0.0800866 0.1000996 0.0729211 0.0894963 0.0641031 0.0323835 0.0615128 0.0736615 0.0873606 0.0819422 0.0555420 
Perityle_californica_76_positas            0.0799470 0.0978564 0.0745690 0.2505536 0.1387446 0.1018813 0.1827304 0.1334095 0.1468598 0.0857664 0.0737274 0.0777449 0.0639370 0.0669043 0.0787380 0.1028954 0.0767352 0.0000000 0.1607794 0.0533217 0.1648604 0.1278315 0.1042025 0.0685173 0.1598752 0.0670121 0.0910644 0.0683659 0.1465093 0.0716664 0.0549792 0.1141475 0.1273435 0.1268765 0.0813795 0.0724294 0.1688174 0.1607138 0.1620931 0.1056917 0.0716101 0.0686888 0.1631819 0.0605383 0.1683336 0.1187778 0.1008066 0.0624506 0.0686700 0.1706500 0.0731360 0.0716354 0.0669400 0.1836385 0.0797792 0.0809822 0.0695729 0.1297520 0.0699510 0.0655251 0.1274012 0.0958790 0.0830664 0.1836721 0.0774694 0.1378212 0.1877570 0.0893404 0.0887023 0.1878628 0.0669424 0.0751725 0.1674247 0.0639714 0.0887107 0.1002855 0.0842229 0.1105719 0.0548557 0.0805789 0.0577061 0.0858255 0.0889262 0.1131629 0.1135141 
Perityle_canescens_77                      0.1603448 0.1076036 0.1767019 0.2693732 0.1029977 0.0426801 0.1286394 0.1032526 0.1511826 0.1626381 0.1585561 0.1420318 0.1459989 0.1477436 0.0872147 0.1431938 0.1366003 0.1607794 0.0000000 0.1079257 0.1742542 0.2056307 0.1348664 0.1462299 0.1262231 0.1480053 0.1233407 0.1385772 0.1396397 0.1275732 0.0732444 0.1608884 0.1676319 0.1856631 0.1331450 0.1390374 0.1000731 0.1264197 0.1242953 0.1492036 0.1535249 0.1483124 0.0948639 0.1332981 0.0981323 0.1565746 0.1294809 0.1442677 0.1501647 0.0983836 0.1550956 0.1442373 0.1478370 0.2353970 0.1518535 0.1460896 0.1223524 0.1350754 0.1531693 0.1462821 0.1633285 0.1429356 0.1593002 0.2077080 0.1397521 0.1788036 0.2379812 0.1418681 0.1529282 0.2595119 0.1442939 0.1404829 0.2250769 0.1460876 0.1625170 0.1598787 0.1379311 0.1530860 0.1219779 0.1397470 0.1014514 0.1616462 0.1507472 0.0707695 0.0905198 
Perityle_castillonii_96                    0.0450473 0.1072980 0.0577622 0.1619838 0.0865922 0.0597516 0.1311717 0.0821148 0.1152336 0.0381407 0.0400115 0.0145872 0.0360124 0.0402384 0.0103095 0.0652118 0.0338166 0.0533217 0.1079257 0.0000000 0.1028154 0.1460903 0.0924228 0.0424987 0.1063364 0.0403979 0.0495470 0.0358526 0.1641888 0.0385002 0.0214839 0.0751636 0.1451364 0.0575301 0.0209702 0.0255560 0.1306504 0.1092946 0.1484246 0.0564093 0.0402384 0.0402105 0.1283269 0.0410581 0.1231765 0.1184034 0.0538806 0.0338675 0.0427053 0.1282105 0.0380907 0.0359830 0.0402693 0.0473348 0.0562861 0.0513123 0.0436969 0.0762525 0.0402973 0.0382455 0.1103768 0.0886721 0.0445653 0.0559457 0.0166469 0.1152634 0.0495648 0.0466903 0.0531613 0.0606578 0.0402714 0.0520448 0.2516227 0.0338675 0.0467804 0.1193108 0.0444933 0.0739312 0.0373769 0.0145433 0.0433883 0.0447912 0.0556565 0.0802604 0.0696739 
Perityle_cernua_84                         0.1622882 0.1358154 0.1684115 0.2438480 0.1714384 0.0783220 0.1558515 0.1194071 0.1412267 0.1616781 0.1512377 0.1494657 0.1570920 0.1472614 0.1491979 0.1633746 0.1440448 0.1648604 0.1742542 0.1028154 0.0000000 0.2097501 0.1348580 0.1482474 0.0933079 0.1609115 0.1443872 0.1640920 0.2543279 0.1454248 0.1114824 0.1500180 0.1979358 0.1983384 0.1438572 0.1671925 0.1709262 0.0968801 0.1878885 0.1736432 0.1538951 0.1431491 0.1629733 0.1448503 0.1664996 0.1933412 0.1635294 0.1572463 0.1612889 0.1689420 0.1544153 0.1500411 0.1445269 0.2602891 0.1694987 0.1614273 0.1540288 0.1935549 0.1554917 0.1591493 0.1830161 0.1644087 0.1639256 0.2508399 0.1418129 0.1893639 0.2502164 0.1560506 0.1593321 0.2791496 0.1462805 0.1533278 0.2541309 0.1571904 0.1541451 0.1948361 0.1538422 0.1515053 0.1440320 0.1487773 0.0789869 0.1494407 0.1596515 0.0920199 0.1424959 
Perityle_cfvillosa_25_tin                  0.1346778 0.0939230 0.1351644 0.3002442 0.2078014 0.1054218 0.1630536 0.1307471 0.1550370 0.1401555 0.0960197 0.1281515 0.0711939 0.0784049 0.0919351 0.1184821 0.1355113 0.1278315 0.2056307 0.1460903 0.2097501 0.0000000 0.0945710 0.0809112 0.1529306 0.0710824 0.1562471 0.1349616 0.1317117 0.1364767 0.0593945 0.1341383 0.1301367 0.2090941 0.1370786 0.0755363 0.1869826 0.1643835 0.1881520 0.1618720 0.0875570 0.0815098 0.1789700 0.0699363 0.1840576 0.1011906 0.1563119 0.0744840 0.0761806 0.1884846 0.0875549 0.0923819 0.0776085 0.2888433 0.1094437 0.1354911 0.0825278 0.1669491 0.0742480 0.0695028 0.1413375 0.1108982 0.1362116 0.1902011 0.1311760 0.1344455 0.2873994 0.1325050 0.1316716 0.2497251 0.0792064 0.1492489 0.1108644 0.0744598 0.1320879 0.0457282 0.1304505 0.1677307 0.0098851 0.1329320 0.0604440 0.1252924 0.1417165 0.1609948 0.1540627 
Perityle_cinerea_113_Powell1310            0.1126142 0.1196265 0.1194370 0.2739683 0.1225951 0.1344671 0.1484981 0.1402120 0.1494618 0.1306355 0.1353219 0.1200364 0.0948175 0.0947612 0.1249454 0.1304256 0.1093309 0.1042025 0.1348664 0.0924228 0.1348580 0.0945710 0.0000000 0.1000743 0.1070488 0.0994492 0.1248784 0.1348729 8.9999981 0.1245388 0.0789214 0.1301137 0.1345304 0.1170328 0.1305796 0.0895532 0.1257321 0.1176831 0.1506195 0.1345045 0.1048044 0.0995220 0.1141958 0.0948175 0.1141958 0.1458650 0.1198825 0.0948175 0.0996619 0.1141958 0.1054856 0.1151054 0.0947612 0.1200910 0.0892829 0.1242038 0.1401222 0.1200910 0.0948175 0.0945710 0.1191360 0.1947658 0.1157685 0.1250837 0.1250618 0.1342473 0.1201518 0.1309921 0.1302496 0.0840583 0.0947612 0.1299909 0.1511388 0.0948175 0.1243086 0.0549444 0.1309921 0.0756387 0.0948175 0.1200364 0.1145195 0.1190720 0.1348072 0.1173493 0.1065584 
Perityle_coahuilensis_24                   0.0782408 0.0884388 0.0683994 0.2384334 0.2973955 0.0996167 0.1769507 0.1188316 0.1725994 0.0796910 0.0651518 0.0723424 0.0207132 0.0040814 0.1427839 0.0878966 0.0643063 0.0685173 0.1462299 0.0424987 0.1482474 0.0809112 0.1000743 0.0000000 0.1414033 0.0253857 0.0844351 0.0821193 0.1326598 0.0622249 0.0594791 0.1093754 0.1200077 0.2109236 0.0676608 0.0795656 0.1671130 0.1576275 0.1368225 0.0953090 0.0071805 0.0020815 0.1592986 0.0121305 0.1617869 0.1173299 0.0746270 0.0228437 0.0261052 0.1678868 0.0876351 0.0186039 0.0040917 0.2216428 0.0501189 0.0853223 0.0751313 0.1418935 0.0144471 0.0228850 0.2177332 0.1064710 0.0749407 0.1817769 0.0674821 0.1240126 0.2665442 0.0723979 0.0780518 0.3155549 0.0010211 0.0707342 0.0718234 0.0238692 0.0681277 0.0433174 0.0687777 0.0904632 0.0083092 0.0705205 0.0717370 0.0654105 0.0773196 0.1008302 0.0983687 
Perityle_cochisensis_44_cave_creek         0.1632150 0.1036957 0.1661994 0.2544304 0.1603013 0.0659059 0.1804838 0.0947603 0.1443546 0.1670822 0.1402814 0.1407943 0.1445224 0.1384820 0.0694437 0.1537833 0.1302031 0.1598752 0.1262231 0.1063364 0.0933079 0.1529306 0.1070488 0.1414033 0.0000000 0.1478239 0.1495871 0.1487786 0.2052483 0.1126200 0.0634567 0.1500946 0.1871862 0.2135832 0.1300364 0.1141826 0.1515946 0.0200689 0.1731857 0.1598426 0.1431356 0.1433058 0.1446542 0.0971593 0.1445932 0.1878556 0.1515571 0.1446461 0.1482457 0.1566195 0.1719925 0.1445197 0.1412848 0.2838624 0.1407997 0.1416240 0.0965584 0.1451764 0.1509779 0.1462913 0.1961608 0.1203441 0.1615504 0.1959928 0.1355072 0.1644097 0.2708917 0.1614338 0.1496147 0.2979641 0.1396945 0.1282536 0.1862024 0.1446013 0.1591688 0.1194668 0.1560618 0.1542715 0.0919429 0.1417616 0.0808038 0.1568646 0.1652299 0.0629155 0.0879763 
Perityle_congesta_202                      0.0783230 0.1016155 0.0670198 0.2579589 0.2601035 0.1051604 0.1956366 0.1274629 0.1977934 0.0826951 0.0742711 0.0657517 0.0054344 0.0234705 0.1442481 0.0927153 0.0709201 0.0670121 0.1480053 0.0403979 0.1609115 0.0710824 0.0994492 0.0253857 0.1478239 0.0000000 0.0918611 0.0826863 0.1468130 0.0604312 0.0593945 0.1123719 0.1295584 0.2110096 0.0721533 0.0887516 0.1750764 0.1637436 0.1441874 0.0942341 0.0287690 0.0236015 0.1663525 0.0141423 0.1677197 0.1258773 0.0856569 0.0076289 0.0087310 0.1784277 0.1098925 0.0377793 0.0253724 0.2254002 0.0545691 0.0880019 0.0817388 0.1455711 0.0254007 0.0010837 0.2172078 0.1104581 0.0737249 0.1897424 0.0671507 0.1343745 0.2708589 0.0776546 0.0796560 0.2834046 0.0242503 0.0772638 0.0818482 0.0076168 0.0901080 0.0483067 0.0725568 0.0972652 0.0114553 0.0703794 0.0785595 0.0853866 0.0826244 0.1086379 0.0983489 
Perityle_cordifolia_27                     0.0823057 0.1180357 0.0901583 0.2464453 0.2963342 0.0729281 0.1703250 0.1132828 0.1730919 0.0967361 0.0891130 0.0586099 0.0844757 0.0765231 0.1626980 0.0637967 0.0582830 0.0910644 0.1233407 0.0495470 0.1443872 0.1562471 0.1248784 0.0844351 0.1495871 0.0918611 0.0000000 0.0907294 0.1446202 0.0851035 0.0688059 0.1255580 0.1451040 0.2184858 0.0559203 0.0960028 0.1631549 0.1701153 0.1266502 0.0663431 0.0868315 0.0855084 0.1548619 0.0845179 0.1552601 0.1339809 0.0392809 0.0858372 0.0886407 0.1610775 0.1634306 0.0867810 0.0868080 0.1545372 0.0909812 0.0941414 0.0946209 0.0939186 0.0880353 0.0859827 0.2446673 0.1433077 0.0849184 0.0917237 0.0570133 0.1367742 0.2047671 0.0897599 0.0911157 0.3295614 0.0831625 0.0905305 0.1446475 0.0857096 0.0988760 0.1265899 0.0849999 0.0997190 0.0821243 0.0626863 0.0839646 0.0894156 0.0980914 0.0858684 0.0664405 
Perityle_cordifolia_68_tecolote            0.0781474 0.1201626 0.0801509 0.2514511 0.3016756 0.0988335 0.1929600 0.1329554 0.1899004 0.0943829 0.0765641 0.0761436 0.0775491 0.0694878 0.1496415 0.1027608 0.0780548 0.0683659 0.1385772 0.0358526 0.1640920 0.1349616 0.1348729 0.0821193 0.1487786 0.0826863 0.0907294 0.0000000 0.0606625 0.0654770 0.0467666 0.1177458 0.1399976 0.2053208 0.0791839 0.1032888 0.1658341 0.1630191 0.1367308 0.1024241 0.0844360 0.0813206 0.1608180 0.0785338 0.1586064 0.1249555 0.0920136 0.0799227 0.0836565 0.1664902 0.1495600 0.0809674 0.0820759 0.2280842 0.0813211 0.0493269 0.0152745 0.1530930 0.0855809 0.0800721 0.1651878 0.0960115 0.0724694 0.1804196 0.0743950 0.0815309 0.2723902 0.0786006 0.0861400 0.3299854 0.0809333 0.0849447 0.1620208 0.0809555 0.0884949 0.1112310 0.0750486 0.1115054 0.0771906 0.0786235 0.0419443 0.0835538 0.0954659 0.0949244 0.0941985 
Perityle_coronopifolia_28_patagonia        0.1489197 0.2974155 0.1672202 0.2822209 0.4474261 0.1239868 0.1936606 0.1472247 0.2176200 0.1634697 0.1209196 0.1474740 0.1344351 0.1420675 0.2051633 0.1452404 0.1345588 0.1465093 0.1396397 0.1641888 0.2543279 0.1317117 8.9999981 0.1326598 0.2052483 0.1468130 0.1446202 0.0606625 0.0000000 0.1263274 0.1205507 0.1570027 0.1160999 0.3679979 0.1346426 0.1315959 0.1773806 0.2213185 0.1300427 0.1530285 0.1383716 0.1367353 0.1718305 0.1087734 0.1936859 0.1077563 0.1438497 0.1401746 0.1408919 0.1803236 0.2747679 0.1346094 0.1344953 0.4523857 0.1360364 0.0877097 0.0229473 0.2243927 0.1342169 0.1386884 0.2339779 0.1128675 0.1446946 0.3446035 0.1316799 0.0809735 0.5102188 0.1385691 0.1376995 0.5967230 0.1326598 0.1546366 0.1200302 0.1417277 0.1466233 0.0895175 0.1361924 0.1638984 0.0942387 0.1343977 0.6574061 0.1330893 0.1515145 0.1620727 0.1437013 
Perityle_crassifolia_70_ventanas           0.0781579 0.1082375 0.0753764 0.2256665 0.1451389 0.0935662 0.1386206 0.1296915 0.1346962 0.0311205 0.0729645 0.0707196 0.0588083 0.0632249 0.0769934 0.1069335 0.0740976 0.0716664 0.1275732 0.0385002 0.1454248 0.1364767 0.1245388 0.0622249 0.1126200 0.0604312 0.0851035 0.0654770 0.1263274 0.0000000 0.0348048 0.0621856 0.1165939 0.1164708 0.0740108 0.0252716 0.1397887 0.1200991 0.1222709 0.1061328 0.0672753 0.0603160 0.1340460 0.0641990 0.1338399 0.1050381 0.0936649 0.0571855 0.0622200 0.1361376 0.1052042 0.0589050 0.0621788 0.2006608 0.0676697 0.0758146 0.0717210 0.1293547 0.0655148 0.0588112 0.1165301 0.1012794 0.0753423 0.2027786 0.0720450 0.1076771 0.2067081 0.0749722 0.0758691 0.1805112 0.0605137 0.0486378 0.1758177 0.0571855 0.0859421 0.1144376 0.0695691 0.1063787 0.0568554 0.0703072 0.0446619 0.0829115 0.0295278 0.0927694 0.0998129 
Perityle_crassifolia_74_playa_balandra     0.0596539 0.0905500 0.0551124 0.2640369 0.0758655 0.0798624 0.0913892 0.1223729 0.0815196 0.0268896 0.0469814 0.0592702 0.0552541 0.0552541 0.0553273 0.0861049 0.0510407 0.0549792 0.0732444 0.0214839 0.1114824 0.0593945 0.0789214 0.0594791 0.0634567 0.0593945 0.0688059 0.0467666 0.1205507 0.0348048 0.0000000 0.0430090 0.0635530 0.0593943 0.0674027 0.0348413 0.0852877 0.0718236 0.1012923 0.0772077 0.0635696 0.0592081 0.0763824 0.0552541 0.0807874 0.0592125 0.0687986 0.0552541 0.0635421 0.0806395 0.0721372 0.0470989 0.0552541 0.1363567 0.0552276 0.0428005 0.0590317 0.0733074 0.0552541 0.0593945 0.0386520 0.1056517 0.0429842 0.1363567 0.0590474 0.0466141 0.1458872 0.0434696 0.0512271 0.1073352 0.0552541 0.0113733 0.1511477 0.0552541 0.0591919 0.0635127 0.0434696 0.0808238 0.0552541 0.0631636 0.0376241 0.0590474 0.0307781 0.0421640 0.0673035 
Perityle_cuneata_34_cuneata_San_antonio    0.1173671 0.1061736 0.1182049 0.2573430 0.1931106 0.1022533 0.1668287 0.1124867 0.1641428 0.1172758 0.1153453 0.1167279 0.1094393 0.1130352 0.1439839 0.1395609 0.1057520 0.1141475 0.1608884 0.0751636 0.1500180 0.1341383 0.1301137 0.1093754 0.1500946 0.1123719 0.1255580 0.1177458 0.1570027 0.0621856 0.0430090 0.0000000 0.1137644 0.2035743 0.1099332 0.0882853 0.1657818 0.1654647 0.1479369 0.1474893 0.1137564 0.1104412 0.1574630 0.0771349 0.1588646 0.1375979 0.1292212 0.1110410 0.1170487 0.1642186 0.1837216 0.1107810 0.1093071 0.2785251 0.1002793 0.1225748 0.0803198 0.1539833 0.1135912 0.1109865 0.1891731 0.0961973 0.1193048 0.1901621 0.1148295 0.1396532 0.2771571 0.1022812 0.1104687 0.2709462 0.1078661 0.0909666 0.1702386 0.1122685 0.1251145 0.1178707 0.1006663 0.1447309 0.0640978 0.1178105 0.0488885 0.1242570 0.1173911 0.0953031 0.0986600 
Perityle_cuneata_4                         0.1328133 0.1054927 0.1446066 0.2815152 0.3297308 0.1075407 0.1837070 0.1327639 0.1813891 0.1464964 0.1209499 0.1372463 0.1185349 0.1288436 0.1413631 0.1239004 0.1263131 0.1273435 0.1676319 0.1451364 0.1979358 0.1301367 0.1345304 0.1200077 0.1871862 0.1295584 0.1451040 0.1399976 0.1160999 0.1165939 0.0635530 0.1137644 0.0000000 0.2918914 0.1312634 0.0925733 0.1785995 0.1998645 0.1577826 0.1565862 0.1250319 0.1236391 0.1705137 0.0986350 0.1805376 0.0951549 0.1422902 0.1199263 0.1253691 0.1779687 0.2116972 0.1212027 0.1199345 0.3154059 0.1240614 0.1409844 0.0806610 0.1618330 0.1235918 0.1226317 0.2446628 0.1001197 0.1430069 0.1869356 0.1288533 0.1588050 0.3514626 0.1341773 0.1332037 0.4081757 0.1186862 0.1271998 0.1424687 0.1234630 0.1429440 0.1093592 0.1312172 0.1537001 0.0659189 0.1333815 0.0755024 0.1326738 0.1383518 0.1324191 0.1324564 
Perityle_discoidea_81                      0.1750557 0.1080215 0.1272178 0.3002009 0.2456524 0.0662506 0.3279959 0.1287705 0.3113788 0.1932735 0.2219051 0.1491038 0.2060351 0.1304295 0.1959805 0.2144729 0.1830779 0.1268765 0.1856631 0.0575301 0.1983384 0.2090941 0.1170328 0.2109236 0.2135832 0.2110096 0.2184858 0.2053208 0.3679979 0.1164708 0.0593943 0.2035743 0.2918914 0.0000000 0.1860579 0.2948351 0.2769090 0.2466483 0.2824028 0.2145499 0.2142735 0.2111614 0.2733110 0.2209280 0.2547910 0.2836496 0.2110981 0.2045227 0.2114086 0.2797521 0.1814309 0.2010285 0.2091400 0.2134750 0.2223587 0.1891390 0.1432154 0.1563200 0.2139311 0.2095068 0.2772493 0.1454248 0.2014213 0.1860519 0.1874070 0.2789423 0.2692292 0.2177174 0.2169923 0.3304628 0.2091460 0.2283764 0.3739204 0.2076066 0.1871325 0.1441556 0.2141225 0.2142728 0.2309638 0.1928286 0.0701246 0.2163388 0.2101863 0.0735875 0.0884506 
Perityle_dissecta_201                      0.0828128 0.1152260 0.0824307 0.2440643 0.2812698 0.0728061 0.1693201 0.1206853 0.1606725 0.0826327 0.0759217 0.0221539 0.0643238 0.0670469 0.1194620 0.0526319 0.0186565 0.0813795 0.1331450 0.0209702 0.1438572 0.1370786 0.1305796 0.0676608 0.1300364 0.0721533 0.0559203 0.0791839 0.1346426 0.0740108 0.0674027 0.1099332 0.1312634 0.1860579 0.0000000 0.0874488 0.1534777 0.1458428 0.1355806 0.0601765 0.0710623 0.0677572 0.1459004 0.0640076 0.1484878 0.1238451 0.0435770 0.0655394 0.0691678 0.1516990 0.1476718 0.0665282 0.0687471 0.2014959 0.0790181 0.0859541 0.0885099 0.1103321 0.0677268 0.0667736 0.2232228 0.1011239 0.0777977 0.1516157 0.0187346 0.1267087 0.2392060 0.0777207 0.0806837 0.3346714 0.0665011 0.0811750 0.1322771 0.0676855 0.0827347 0.1170519 0.0741428 0.0882293 0.0628043 0.0218227 0.0517043 0.0736890 0.0837449 0.0843427 0.0572695 
Perityle_emoryi_47_punta_san_jose          0.0960810 0.1130672 0.0785693 0.2724444 0.4034643 0.0735596 0.1591072 0.1541075 0.1710029 0.0248454 0.0838493 0.0889063 0.0794413 0.0722005 0.2028014 0.0977836 0.0893305 0.0724294 0.1390374 0.0255560 0.1671925 0.0755363 0.0895532 0.0795656 0.1141826 0.0887516 0.0960028 0.1032888 0.1315959 0.0252716 0.0348413 0.0882853 0.0925733 0.2948351 0.0874488 0.0000000 0.1673292 0.1596313 0.1146481 0.1013568 0.0835878 0.0777835 0.1565859 0.0774247 0.1687378 0.1092973 0.0953915 0.0795715 0.0837733 0.1663645 0.2565342 0.0774223 0.0794974 0.3669153 0.0657991 0.0796529 0.1017867 0.1583909 0.0775423 0.0837045 0.2541516 0.1261228 0.0958433 0.2411557 0.0899485 0.1080484 0.4360406 0.0896317 0.0946523 0.5229219 0.0775439 0.0484536 0.0755313 0.0852368 0.1064439 0.0721585 0.0880792 0.1012057 0.0755313 0.0892349 0.0497674 0.0971420 0.0000010 0.0434491 0.0895448 
Perityle_feddemae_99                       0.1789108 0.1001040 0.1784386 0.2512293 0.2713241 0.0750398 0.1533087 0.1314031 0.1549695 0.1882393 0.1785509 0.1581796 0.1668371 0.1496468 0.1554665 0.1673012 0.1546176 0.1688174 0.1000731 0.1306504 0.1709262 0.1869826 0.1257321 0.1671130 0.1515946 0.1750764 0.1631549 0.1658341 0.1773806 0.1397887 0.0852877 0.1657818 0.1785995 0.2769090 0.1534777 0.1673292 0.0000000 0.1535321 0.1230240 0.1786249 0.1710335 0.1704978 0.0075344 0.1476124 0.0292629 0.1709656 0.1623097 0.1697719 0.1717815 0.0195767 0.2292121 0.1641581 0.1670036 0.2981631 0.1595788 0.1739877 0.1098770 0.1702591 0.1748729 0.1687563 0.2635373 0.1423834 0.1740677 0.2044707 0.1592109 0.1918412 0.3379824 0.1728096 0.1681755 0.4072636 0.1656632 0.1707914 0.2110545 0.1694567 0.1689941 0.1444390 0.1716101 0.1590350 0.1362162 0.1611037 0.0741839 0.1632520 0.1765705 0.0909062 0.0974922 
Perityle_fosteri_93                        0.1752644 0.1267893 0.1686678 0.2698485 0.1888046 0.0718761 0.1937786 0.1039194 0.1648774 0.1814706 0.1561521 0.1574492 0.1590943 0.1408056 0.1234904 0.1734974 0.1472711 0.1607138 0.1264197 0.1092946 0.0968801 0.1643835 0.1176831 0.1576275 0.0200689 0.1637436 0.1701153 0.1630191 0.2213185 0.1200991 0.0718236 0.1654647 0.1998645 0.2466483 0.1458428 0.1596313 0.1535321 0.0000000 0.1912129 0.1765162 0.1592727 0.1597605 0.1487932 0.1170251 0.1470783 0.2111123 0.1673573 0.1608534 0.1642833 0.1597871 0.2176157 0.1605320 0.1575044 0.3159859 0.1572443 0.1608575 0.1064923 0.1574991 0.1652882 0.1623079 0.2470325 0.1360059 0.1824656 0.2087906 0.1521685 0.1872313 0.3246141 0.1744101 0.1605699 0.3339188 0.1560064 0.1480082 0.2126350 0.1606474 0.1761419 0.1315947 0.1725863 0.1680737 0.1192185 0.1611683 0.0916340 0.1694579 0.1813293 0.0731936 0.0919735 
Perityle_gamon_221                         0.1482346 0.1342326 0.1700821 0.2779394 0.3081301 0.1259531 0.1776860 0.1853647 0.1847984 0.1584917 0.1447569 0.1463058 0.1340198 0.1486524 0.1935134 0.1480147 0.1329565 0.1620931 0.1242953 0.1484246 0.1878885 0.1881520 0.1506195 0.1368225 0.1731857 0.1441874 0.1266502 0.1367308 0.1300427 0.1222709 0.1012923 0.1479369 0.1577826 0.2824028 0.1355806 0.1146481 0.1230240 0.1912129 0.0000000 0.1545117 0.1420165 0.1382959 0.1153380 0.1166992 0.1117024 0.1440304 0.1363175 0.1367880 0.1412466 0.1207644 0.2326731 0.1352690 0.1392803 0.3248101 0.1331706 0.1537637 0.1208853 0.1837046 0.1430764 0.1370663 0.2539968 0.1674087 0.1337266 0.2487021 0.1333607 0.1669130 0.3573771 0.1302938 0.1324368 0.4102767 0.1354467 0.1322127 0.1605981 0.1365426 0.1552506 0.1400763 0.1272484 0.1251203 0.1064460 0.1391201 0.1378447 0.1408068 0.1461841 0.1148980 0.1107285 
Perityle_gentryi_8_san_francisco           0.0856364 0.1232849 0.1110585 0.2699109 0.3054392 0.0784779 0.1920224 0.1328061 0.2018356 0.1101179 0.0959602 0.0661380 0.0905909 0.0964632 0.1662466 0.0454221 0.0612081 0.1056917 0.1492036 0.0564093 0.1736432 0.1618720 0.1345045 0.0953090 0.1598426 0.0942341 0.0663431 0.1024241 0.1530285 0.1061328 0.0772077 0.1474893 0.1565862 0.2145499 0.0601765 0.1013568 0.1786249 0.1765162 0.1545117 0.0000000 0.0976833 0.0947180 0.1705933 0.0948792 0.1716580 0.1465689 0.0499606 0.0918891 0.0945641 0.1793769 0.1763439 0.0975390 0.0952576 0.2173823 0.1055231 0.1019807 0.1120250 0.1103357 0.0976444 0.0897376 0.2413911 0.1481587 0.1054975 0.1378194 0.0578145 0.1512959 0.2561538 0.1013924 0.1041607 0.3745914 0.0940886 0.1023992 0.1471729 0.0940720 0.1162104 0.1399308 0.1006988 0.1126502 0.0867835 0.0620305 0.0785630 0.1051888 0.1125159 0.1040576 0.0858996 
Perityle_gilensis_22_Superstition          0.0822071 0.0881121 0.0714225 0.2362562 0.3026821 0.1023633 0.1784508 0.1188823 0.1746842 0.0821268 0.0677517 0.0750430 0.0238761 0.0081895 0.1447608 0.0891337 0.0665710 0.0716101 0.1535249 0.0402384 0.1538951 0.0875570 0.1048044 0.0071805 0.1431356 0.0287690 0.0868315 0.0844360 0.1383716 0.0672753 0.0635696 0.1137564 0.1250319 0.2142735 0.0710623 0.0835878 0.1710335 0.1592727 0.1420165 0.0976833 0.0000000 0.0031234 0.1631592 0.0165966 0.1661352 0.1226991 0.0791918 0.0260200 0.0293073 0.1717987 0.0903276 0.0217554 0.0071770 0.2249723 0.0523944 0.0879813 0.0784725 0.1476576 0.0175839 0.0260671 0.2239115 0.1060743 0.0773978 0.1846194 0.0697512 0.1265478 0.2699109 0.0761196 0.0781043 0.3172255 0.0061473 0.0707125 0.0781661 0.0270462 0.0707072 0.0539254 0.0725397 0.0905264 0.0131050 0.0727895 0.0714520 0.0676784 0.0821271 0.1032719 0.1041971 
Perityle_gilensis_salensis_225             0.0799205 0.0879448 0.0685643 0.2379518 0.3028338 0.0992968 0.1743843 0.1151346 0.1727836 0.0773824 0.0652274 0.0711982 0.0189610 0.0013912 0.1449931 0.0868165 0.0632083 0.0686888 0.1483124 0.0402105 0.1431491 0.0815098 0.0995220 0.0020815 0.1433058 0.0236015 0.0855084 0.0813206 0.1367353 0.0603160 0.0592081 0.1104412 0.1236391 0.2111614 0.0677572 0.0777835 0.1704978 0.1597605 0.1382959 0.0947180 0.0031234 0.0000000 0.1624874 0.0112384 0.1654385 0.1211635 0.0724589 0.0211235 0.0244313 0.1712784 0.0868959 0.0157539 0.0020805 0.2089316 0.0499145 0.0858120 0.0754962 0.1379743 0.0125945 0.0211622 0.2211845 0.1059233 0.0703187 0.1563158 0.0664381 0.1226738 0.2544282 0.0724066 0.0759989 0.3044112 0.0010395 0.0693522 0.0721612 0.0221675 0.0669490 0.0426147 0.0687267 0.0897563 0.0072687 0.0695299 0.0713416 0.0631471 0.0773827 0.1005423 0.0994597 
Perityle_glaucescens_94                    0.1708870 0.1004793 0.1709144 0.2471408 0.2691142 0.0662487 0.1476467 0.1252698 0.1499525 0.1797179 0.1675506 0.1501506 0.1590399 0.1424417 0.1497801 0.1590708 0.1470298 0.1631819 0.0948639 0.1283269 0.1629733 0.1789700 0.1141958 0.1592986 0.1446542 0.1663525 0.1548619 0.1608180 0.1718305 0.1340460 0.0763824 0.1574630 0.1705137 0.2733110 0.1459004 0.1565859 0.0075344 0.1487932 0.1153380 0.1705933 0.1631592 0.1624874 0.0000000 0.1397872 0.0255259 0.1666451 0.1545520 0.1619156 0.1638646 0.0150981 0.2227251 0.1564039 0.1591960 0.2939111 0.1505487 0.1692384 0.1062542 0.1621007 0.1669446 0.1609035 0.2582300 0.1429372 0.1671487 0.1950304 0.1515219 0.1861506 0.3316867 0.1640216 0.1616636 0.4071643 0.1578775 0.1591085 0.2014265 0.1629947 0.1643506 0.1382493 0.1626926 0.1536748 0.1280254 0.1547142 0.0744873 0.1582635 0.1682495 0.0858371 0.0916807 
Perityle_gracilis_11                       0.0779844 0.0972088 0.0688161 0.2368674 0.2956751 0.0993738 0.1514011 0.1244214 0.1799193 0.0782113 0.0650686 0.0687718 0.0099114 0.0135339 0.1390512 0.0830174 0.0652144 0.0605383 0.1332981 0.0410581 0.1448503 0.0699363 0.0948175 0.0121305 0.0971593 0.0141423 0.0845179 0.0785338 0.1087734 0.0641990 0.0552541 0.0771349 0.0986350 0.2209280 0.0640076 0.0774247 0.1476124 0.1170251 0.1166992 0.0948792 0.0165966 0.0112384 0.1397872 0.0000000 0.1427115 0.0928984 0.0764309 0.0121473 0.0155528 0.1511498 0.1042855 0.0232901 0.0132372 0.2414227 0.0510877 0.0828473 0.0766669 0.1399666 0.0054756 0.0121706 0.1981396 0.1060562 0.0751848 0.1841076 0.0641437 0.1062906 0.2808480 0.0717075 0.0741525 0.3325423 0.0110134 0.0768815 0.0715918 0.0132441 0.0767214 0.0457681 0.0677978 0.0882195 0.0047285 0.0649974 0.0537971 0.0628617 0.0743201 0.1061870 0.1022731 
