86
Amauria_brandeegeana_62                    0.0000000 0.0518192 0.0443447 0.2332270 0.0768571 0.1179572 0.3497975 0.2705112 0.3484682 0.2017531 0.0873161 0.1045452 0.1061157 0.1006897 0.0969924 0.1006312 0.0789611 0.0987284 0.0952779 0.0811558 0.0813874 0.0921158 0.1031548 0.1022079 0.0833065 0.1074833 0.0887620 0.1059014 0.0973785 0.0809651 0.1469374 0.0720522 0.2106781 0.0158370 0.0984667 0.0684195 0.0941035 0.0860329 0.0915421 0.1031604 0.0868773 0.0936529 0.0963808 0.1016837 0.0953488 0.1000668 0.0949752 0.0960514 0.1029791 0.0989014 0.1015867 0.0947255 0.0967973 0.0892449 0.0946881 0.1003187 0.0725268 0.0755083 0.0974135 0.0845705 0.1257570 0.1982803 0.0918774 0.0660735 0.1056800 0.1002154 0.0834186 0.1261686 0.1143425 0.0918189 0.0805395 0.1020956 0.0693636 0.0970495 0.0756309 0.1026714 0.0741515 0.0823284 0.1004710 0.0894521 0.1069091 0.1255469 0.0844381 0.0900047 0.1009430 0.1895205 
Amauria_carterae_99_mesa                   0.0518192 0.0000000 0.0454106 0.1622028 0.0638293 0.0722220 0.1845763 0.1926799 0.2012065 0.1588372 0.0512787 0.0808193 0.0844526 0.0838286 0.0778205 0.0716939 0.0568036 0.0513171 0.0599809 0.0539824 0.0569740 0.0716041 0.1071745 0.0779303 0.0569650 0.0776970 0.0719557 0.0687789 0.0687063 0.0350369 0.0604719 0.0513370 0.1504601 0.0547853 0.0778205 0.0321240 0.0578171 0.0691499 0.0550795 0.0719374 0.0597783 0.0775891 0.0579336 0.0805135 0.0549496 0.0639927 0.0808754 0.0808124 0.0870430 0.0550195 0.0838765 0.0805135 0.0745152 0.0748709 0.0778205 0.0574806 0.0680063 0.0718685 0.0715858 0.0750085 0.0904697 0.1817797 0.0640350 0.0652176 0.0808193 0.0687818 0.0688892 0.0523237 0.0481380 0.0730252 0.0629604 0.0779303 0.0320307 0.0628162 0.0627153 0.0776518 0.0568127 0.0482315 0.0549181 0.0569633 0.0808193 0.1003308 0.0685939 0.0808827 0.0664081 0.1846633 
Amauria_rotundifolia_SRR9119150            0.0443447 0.0454106 0.0000000 0.2261792 0.0792583 0.1254446 0.3523815 0.2820114 0.3475740 0.1886881 0.0838441 0.0967253 0.1155385 0.0931993 0.0947055 0.0975105 0.0729904 0.0857038 0.0901936 0.0730071 0.0748669 0.0859191 0.0991637 0.0945700 0.0748599 0.1003517 0.0839402 0.0979034 0.0958648 0.0559681 0.1335763 0.0623968 0.2210086 0.0519281 0.0953359 0.0550722 0.0979989 0.0799267 0.1002824 0.0984859 0.0821423 0.0874636 0.0979997 0.0932697 0.0977037 0.1025386 0.0909653 0.0897338 0.0960428 0.1004280 0.0947386 0.0902699 0.0947676 0.0833960 0.0912661 0.1020375 0.0718074 0.0703868 0.0930262 0.0821623 0.1180855 0.1909876 0.0901647 0.0531320 0.0978073 0.0998942 0.0744962 0.1226070 0.1128677 0.0850689 0.0752719 0.0956232 0.0527363 0.0991258 0.0701463 0.1004181 0.0632475 0.0856905 0.1067925 0.0845405 0.1007111 0.1267229 0.0787560 0.0852493 0.0872835 0.1815968 
Conoclinium_coelestinum_SRR9119114         0.2332270 0.1622028 0.2261792 0.0000000 0.2022651 0.1473622 0.4050068 0.3363823 0.3619061 0.2567073 0.2177753 0.2352250 0.2289911 0.2430993 0.2288526 0.2354100 0.2166972 0.2388008 0.2093297 0.2251091 0.2226876 0.2217082 0.1973936 0.2399398 0.2222782 0.2349305 0.2194876 0.2295700 0.2283708 0.2105006 0.2115092 0.2248549 0.2299381 0.2361396 0.2326503 0.2224618 0.2322232 0.2154542 0.2190303 0.2352418 0.2253083 0.2301424 0.2258313 0.2441881 0.2260681 0.2238124 0.2250722 0.2363273 0.2322684 0.2205889 0.2319087 0.2335360 0.2334238 0.2291783 0.2249203 0.2128759 0.1821645 0.2019873 0.2287772 0.2213548 0.2068089 0.2477733 0.2097652 0.1857884 0.2370378 0.2232114 0.2235443 0.2164068 0.2162780 0.1812269 0.2203070 0.2414714 0.2238599 0.2240521 0.1964155 0.2189105 0.2103625 0.2090281 0.2132616 0.2268555 0.2369767 0.2278825 0.2281350 0.2230608 0.2024943 0.2568911 
Eutetras_palmeri_63                        0.0768571 0.0638293 0.0792583 0.2022651 0.0000000 0.1311903 0.3411124 0.2725719 0.3334933 0.1905717 0.0713586 0.0874716 0.1035211 0.0850737 0.0874652 0.0827086 0.0672279 0.1053782 0.0780508 0.0665831 0.0656614 0.0779162 0.1095894 0.0874647 0.0711019 0.0975943 0.0704073 0.0885852 0.0810504 0.0749855 0.1381424 0.0913899 0.2132010 0.0852382 0.0893744 0.0808533 0.0862435 0.0700112 0.0846676 0.0816837 0.0709567 0.0805470 0.0863049 0.0901706 0.0887842 0.0904979 0.0839857 0.0827795 0.0857230 0.0886690 0.0897984 0.0832741 0.0880483 0.0754533 0.0874592 0.0940830 0.0615136 0.0705533 0.0826040 0.0698181 0.1230201 0.1876933 0.0909533 0.0582019 0.0863577 0.0839352 0.0687223 0.1010368 0.0948262 0.0767361 0.0623611 0.0885081 0.0736396 0.0906709 0.0673729 0.0881683 0.0577207 0.0596615 0.0912192 0.0745171 0.0889870 0.1300349 0.0708980 0.0760716 0.0874592 0.1714866 
Eutetras_pringlei_149_quer                 0.1179572 0.0722220 0.1254446 0.1473622 0.1311903 0.0000000 0.1305451 0.1374316 0.1526194 0.0435829 0.1307007 0.1029288 0.1314095 0.1166678 0.1097585 0.1163785 0.1097585 0.1250075 0.1315407 0.1097585 0.1097585 0.1097585 0.1630955 0.1097585 0.1168886 0.1097585 0.1234908 0.1238496 0.1304387 0.1171165 0.1197847 0.1178505 0.0428809 0.1179572 0.1097585 0.1171165 0.1513670 0.1097585 0.1310727 0.1163785 0.1098508 0.1163785 0.1513670 0.1163785 0.1513670 0.1310727 0.1096187 0.1097585 0.1104997 0.1513670 0.1168886 0.1097585 0.1097585 0.1236013 0.1097585 0.1452995 0.1165564 0.1299964 0.1097585 0.1097585 0.0566358 0.0412081 0.1254763 0.1166678 0.1095158 0.1304387 0.1166678 0.1536317 0.1233007 0.0924112 0.1167726 0.1097585 0.1171165 0.1169861 0.1097585 0.1097585 0.1097585 0.1386549 0.1459036 0.1327893 0.1029288 0.0566220 0.1097585 0.1166970 0.0962954 0.0626092 
Eutrochium_fistulosum_SRR9119106           0.3497975 0.1845763 0.3523815 0.4050068 0.3411124 0.1305451 0.0000000 0.2216510 0.3008021 0.2195374 0.3436262 0.3507426 0.3397700 0.3557567 0.3513377 0.3506272 0.3361237 0.3423706 0.3443408 0.3327379 0.3337884 0.3382136 0.2107045 0.3568964 0.3383039 0.3355559 0.3402997 0.3439889 0.3539889 0.3238549 0.2539835 0.3526016 0.2176960 0.3357552 0.3467274 0.3541775 0.3274017 0.3324423 0.3489136 0.3383693 0.3378789 0.3376682 0.3340726 0.3748509 0.3313817 0.3507571 0.3402104 0.3425501 0.3389121 0.3323378 0.3450132 0.3398281 0.3285049 0.3519153 0.3445063 0.3489195 0.3261570 0.2869294 0.3440830 0.3395586 0.3050181 0.1346343 0.3280900 0.2928053 0.3550630 0.3552153 0.3469030 0.3374979 0.3195657 0.2018996 0.3334111 0.3562625 0.3545450 0.3372549 0.2520587 0.3353381 0.2366057 0.3353309 0.3603354 0.3536587 0.3506985 0.2097432 0.3426517 0.3401299 0.2950551 0.2133035 
Galeana_pratensis_104_mex                  0.2705112 0.1926799 0.2820114 0.3363823 0.2725719 0.1374316 0.2216510 0.0000000 0.2129717 0.1684520 0.2600760 0.2671988 0.2779932 0.2620591 0.2632509 0.2572989 0.2501259 0.2918241 0.2727462 0.2544703 0.2470952 0.2584319 0.2482581 0.2623826 0.2553763 0.2575772 0.2654445 0.2652146 0.2757534 0.2499904 0.1636146 0.2752470 0.1707038 0.2783451 0.2587585 0.2633481 0.2721801 0.2607313 0.2793492 0.2618180 0.2511480 0.2617192 0.2838773 0.2661831 0.2799261 0.2909127 0.2548055 0.2580620 0.2594866 0.2763239 0.2661146 0.2617192 0.2612933 0.2553115 0.2543521 0.2878400 0.2295528 0.2389635 0.2626277 0.2615162 0.2110392 0.0985266 0.2680788 0.2144892 0.2705234 0.2758272 0.2547138 0.2971939 0.2849244 0.1954731 0.2557216 0.2623826 0.2635707 0.2579069 0.2219224 0.2582771 0.2208958 0.2847727 0.2820814 0.2569690 0.2671988 0.2085766 0.2627158 0.2656100 0.2287556 0.1911194 
Helianthus_annuus_SRR9119062               0.3484682 0.2012065 0.3475740 0.3619061 0.3334933 0.1526194 0.3008021 0.2129717 0.0000000 0.1923184 0.3405209 0.3628682 0.3512437 0.3703862 0.3569159 0.3415404 0.3351624 0.3031499 0.3267722 0.3287675 0.3354574 0.3501215 0.2179351 0.3639774 0.3247118 0.3501346 0.3374439 0.3474369 0.3285955 0.3205822 0.2643995 0.3416563 0.2262606 0.3393229 0.3590171 0.3373191 0.3250601 0.3290388 0.3193519 0.3341971 0.3420744 0.3465514 0.3234907 0.3830454 0.3191486 0.3300898 0.3487745 0.3515573 0.3491248 0.3286428 0.3460122 0.3531699 0.3401658 0.3590781 0.3562369 0.3269364 0.2757810 0.2997386 0.3542881 0.3325383 0.2561562 0.1307768 0.3031987 0.2975571 0.3623247 0.3237877 0.3378616 0.3316040 0.3176112 0.1950735 0.3260048 0.3633016 0.3395775 0.3359374 0.2621962 0.3511479 0.2867014 0.3290994 0.3345263 0.3407918 0.3650953 0.2268223 0.3375471 0.3428627 0.2876615 0.2449995 
Lycapsus_tenuifolius_17                    0.2017531 0.1588372 0.1886881 0.2567073 0.1905717 0.0435829 0.2195374 0.1684520 0.1923184 0.0000000 0.1842199 0.1909474 0.1979486 0.2036807 0.1926997 0.1993066 0.1847474 0.1818806 0.1947365 0.1794139 0.1862870 0.1863558 0.1900238 0.2037058 0.1901722 0.1978490 0.1903733 0.1903604 0.1898951 0.1769062 0.2182522 0.1785659 0.0575161 0.1995535 0.1927298 0.1798969 0.1961074 0.1821940 0.1932416 0.1994442 0.1880450 0.1921930 0.1985138 0.2008878 0.1962888 0.1967424 0.1904877 0.1979842 0.1966700 0.2026519 0.1945550 0.1941076 0.2058768 0.1871369 0.1924395 0.2017389 0.1762596 0.1939232 0.1887081 0.1841099 0.1200522 0.0501226 0.1789835 0.1785788 0.1928657 0.1870061 0.1905122 0.1860184 0.1773952 0.1576367 0.1830820 0.2037058 0.1782416 0.1883012 0.1934965 0.1986350 0.1976846 0.1784235 0.1952311 0.2026237 0.1928105 0.1548923 0.1882272 0.1925177 0.1795059 0.0713608 
Pericome_caudata_50_silver                 0.0873161 0.0512787 0.0838441 0.2177753 0.0713586 0.1307007 0.3436262 0.2600760 0.3405209 0.1842199 0.0000000 0.0746820 0.0848426 0.0755496 0.0749867 0.0754209 0.0556629 0.0901604 0.0722641 0.0543397 0.0569770 0.0662505 0.0921188 0.0800727 0.0597414 0.0819378 0.0631337 0.0768289 0.0772333 0.0685753 0.1548390 0.0837192 0.2056162 0.0944136 0.0754768 0.0778608 0.0776575 0.0609980 0.0788593 0.0731152 0.0593538 0.0678929 0.0799047 0.0723876 0.0772957 0.0822724 0.0723184 0.0679198 0.0809846 0.0799971 0.0787120 0.0694313 0.0714125 0.0666500 0.0721279 0.0868082 0.0591351 0.0640179 0.0706068 0.0636811 0.1135537 0.1974192 0.0812029 0.0555093 0.0757430 0.0825256 0.0593828 0.0951228 0.0949537 0.0649088 0.0544290 0.0811145 0.0771379 0.0808554 0.0565181 0.0775618 0.0497404 0.0779351 0.0901161 0.0693233 0.0744262 0.1312987 0.0636177 0.0656524 0.0694697 0.1695071 
Perityle_aglossa_84_dead_horse             0.1045452 0.0808193 0.0967253 0.2352250 0.0874716 0.1029288 0.3507426 0.2671988 0.3628682 0.1909474 0.0746820 0.0000000 0.0478107 0.0117191 0.0133576 0.0535936 0.0415111 0.1159185 0.0773912 0.0419179 0.0404505 0.0168191 0.0984871 0.0166911 0.0434453 0.0277282 0.0456379 0.0610989 0.0865961 0.0881084 0.1577147 0.0935160 0.2116943 0.1054752 0.0257191 0.0909474 0.0896112 0.0447289 0.0948914 0.0519481 0.0452574 0.0156908 0.0918923 0.0158709 0.0911722 0.0959799 0.0147257 0.0247300 0.0242356 0.0942813 0.0184035 0.0157843 0.0267487 0.0451219 0.0212887 0.0998344 0.0463325 0.0396244 0.0201261 0.0474194 0.1240145 0.1957782 0.0874620 0.0308261 0.0048599 0.0912354 0.0421882 0.1131821 0.1073093 0.0618223 0.0374575 0.0176734 0.0939554 0.0660809 0.0408057 0.0238436 0.0299137 0.0838311 0.0967435 0.0517107 0.0049928 0.1351387 0.0360142 0.0452096 0.0631587 0.1613807 
Perityle_ajoensis_204                      0.1061157 0.0844526 0.1155385 0.2289911 0.1035211 0.1314095 0.3397700 0.2779932 0.3512437 0.1979486 0.0848426 0.0478107 0.0000000 0.0453539 0.0310872 0.0679179 0.0483632 0.1167776 0.0721413 0.0424937 0.0430035 0.0410109 0.1125036 0.0489264 0.0554124 0.0534854 0.0553807 0.0694714 0.0890819 0.0846938 0.1445739 0.0969157 0.2161084 0.1060466 0.0418578 0.0959212 0.1018814 0.0430912 0.0984917 0.0551574 0.0585188 0.0394690 0.1021277 0.0266972 0.0950997 0.1035528 0.0395352 0.0454296 0.0497782 0.1048812 0.0430013 0.0351205 0.0341336 0.0452644 0.0364527 0.0933725 0.0485244 0.0548882 0.0263566 0.0621958 0.1218206 0.1926712 0.0975377 0.0480881 0.0489874 0.0907513 0.0549273 0.0810846 0.0878823 0.0705046 0.0381617 0.0500658 0.0836642 0.0669845 0.0592729 0.0352013 0.0396297 0.0793080 0.0953945 0.0635371 0.0358550 0.1351652 0.0585796 0.0631620 0.0633080 0.1609959 
Perityle_ambrosiifolia_67_green            0.1006897 0.0838286 0.0931993 0.2430993 0.0850737 0.1166678 0.3557567 0.2620591 0.3703862 0.2036807 0.0755496 0.0117191 0.0453539 0.0000000 0.0154209 0.0524192 0.0393476 0.1155782 0.0748870 0.0430047 0.0403524 0.0147902 0.1017184 0.0126929 0.0411179 0.0276620 0.0434561 0.0588520 0.0887872 0.0912368 0.1572871 0.0910173 0.2208394 0.1037992 0.0236600 0.0907161 0.0893854 0.0423860 0.0935011 0.0506138 0.0430950 0.0136834 0.0927486 0.0145069 0.0920862 0.0945866 0.0146924 0.0246733 0.0241838 0.0951346 0.0183601 0.0137647 0.0243251 0.0437592 0.0191943 0.0958846 0.0462062 0.0416812 0.0180511 0.0452423 0.1328335 0.2016866 0.0872381 0.0307278 0.0146696 0.0935691 0.0389836 0.1128703 0.1070243 0.0618230 0.0362750 0.0136697 0.0924942 0.0637839 0.0407189 0.0237885 0.0317644 0.0824517 0.0953839 0.0495073 0.0150733 0.1441577 0.0338958 0.0451031 0.0665492 0.1663792 
Perityle_angustifolia_13_Eagle_creek       0.0969924 0.0778205 0.0947055 0.2288526 0.0874652 0.1097585 0.3513377 0.2632509 0.3569159 0.1926997 0.0749867 0.0133576 0.0310872 0.0154209 0.0000000 0.0485542 0.0399764 0.1128790 0.0697417 0.0385130 0.0399464 0.0124110 0.0952596 0.0206770 0.0414289 0.0275134 0.0413500 0.0597667 0.0865740 0.0846867 0.1489434 0.0883144 0.1923099 0.0981407 0.0123303 0.0885057 0.0884680 0.0415567 0.0835394 0.0482886 0.0431614 0.0123088 0.0896626 0.0131904 0.0900119 0.0858557 0.0123266 0.0238414 0.0215866 0.0921593 0.0179068 0.0133325 0.0220038 0.0410964 0.0092570 0.0892120 0.0421863 0.0332223 0.0144190 0.0443281 0.1220687 0.1923094 0.0850434 0.0259979 0.0164645 0.0893370 0.0388801 0.1049760 0.1003540 0.0562594 0.0348043 0.0206557 0.0908212 0.0525446 0.0368337 0.0214049 0.0260753 0.0831120 0.0837303 0.0477031 0.0164676 0.1304866 0.0345614 0.0442223 0.0596460 0.1593170 
Perityle_batopilensis_97                   0.1006312 0.0716939 0.0975105 0.2354100 0.0827086 0.1163785 0.3506272 0.2572989 0.3415404 0.1993066 0.0754209 0.0535936 0.0679179 0.0524192 0.0485542 0.0000000 0.0361851 0.1115060 0.0703060 0.0345585 0.0338983 0.0433288 0.0886471 0.0577792 0.0354313 0.0576352 0.0413125 0.0546100 0.0836481 0.0893182 0.1402466 0.0919370 0.2175466 0.0998288 0.0565728 0.0882689 0.0868521 0.0333917 0.0839794 0.0055461 0.0399541 0.0461107 0.0891103 0.0459549 0.0846037 0.0873798 0.0493100 0.0502786 0.0527738 0.0914725 0.0512492 0.0484895 0.0483348 0.0400537 0.0506472 0.0894548 0.0358871 0.0330312 0.0472130 0.0390087 0.1176237 0.1887053 0.0826266 0.0187054 0.0545649 0.0854266 0.0338137 0.1077015 0.1056811 0.0560299 0.0307394 0.0587943 0.0874147 0.0572294 0.0300296 0.0472183 0.0222899 0.0810774 0.0870972 0.0452784 0.0561621 0.1232710 0.0389491 0.0450366 0.0647212 0.1620630 
Perityle_bisetosa_9                        0.0789611 0.0568036 0.0729904 0.2166972 0.0672279 0.1097585 0.3361237 0.2501259 0.3351624 0.1847474 0.0556629 0.0415111 0.0483632 0.0393476 0.0399764 0.0361851 0.0000000 0.0950211 0.0526422 0.0090732 0.0132040 0.0281903 0.0757754 0.0446396 0.0139282 0.0484151 0.0272546 0.0362967 0.0629516 0.0732033 0.1274832 0.0736904 0.1992085 0.0812773 0.0435054 0.0702267 0.0745236 0.0106366 0.0605031 0.0341510 0.0239357 0.0310648 0.0767656 0.0322495 0.0746219 0.0638656 0.0362575 0.0351840 0.0440067 0.0790994 0.0409520 0.0330903 0.0363190 0.0293123 0.0401745 0.0702491 0.0298585 0.0268467 0.0356987 0.0250035 0.1133023 0.1792421 0.0623342 0.0187945 0.0435888 0.0672180 0.0219483 0.0985004 0.0929257 0.0424834 0.0073150 0.0445945 0.0685789 0.0335484 0.0143563 0.0360759 0.0091891 0.0643055 0.0676699 0.0240139 0.0444404 0.1119277 0.0229432 0.0279964 0.0443583 0.1447225 
Perityle_californica_76_positas            0.0987284 0.0513171 0.0857038 0.2388008 0.1053782 0.1250075 0.3423706 0.2918241 0.3031499 0.1818806 0.0901604 0.1159185 0.1167776 0.1155782 0.1128790 0.1115060 0.0950211 0.0000000 0.0996964 0.0908435 0.0977419 0.1010133 0.1145383 0.1158423 0.0855159 0.1240387 0.1044554 0.1121620 0.1114337 0.0516004 0.1502962 0.0517851 0.1874024 0.0987210 0.1142585 0.0702867 0.1102649 0.0991381 0.0955189 0.1146991 0.1003440 0.1042608 0.1119819 0.1129540 0.1104194 0.1040221 0.1100449 0.1143441 0.1234037 0.1149620 0.1172023 0.1070482 0.1090503 0.1044463 0.1114698 0.1045718 0.0785247 0.0798429 0.1060159 0.0948128 0.1199888 0.2006522 0.0948731 0.0763552 0.1172375 0.1133942 0.0990410 0.1014315 0.0991281 0.0884006 0.0967646 0.1156899 0.0693751 0.1133486 0.0761291 0.1150900 0.0714397 0.1065454 0.1068410 0.1008544 0.1187251 0.1239848 0.0974979 0.1045555 0.0928189 0.2056006 
Perityle_canescens_77                      0.0952779 0.0599809 0.0901936 0.2093297 0.0780508 0.1315407 0.3443408 0.2727462 0.3267722 0.1947365 0.0722641 0.0773912 0.0721413 0.0748870 0.0697417 0.0703060 0.0526422 0.0996964 0.0000000 0.0519325 0.0548581 0.0626624 0.0892745 0.0796483 0.0569025 0.0794277 0.0606017 0.0788702 0.0768212 0.0684166 0.1318921 0.0825164 0.2013086 0.0994995 0.0738880 0.0791576 0.0810577 0.0548177 0.0554404 0.0642054 0.0612456 0.0667014 0.0834761 0.0646009 0.0797047 0.0601373 0.0691241 0.0679906 0.0727358 0.0835161 0.0691209 0.0671676 0.0695919 0.0615977 0.0711712 0.0528419 0.0633997 0.0617645 0.0651299 0.0635400 0.1220981 0.1890028 0.0588594 0.0481772 0.0797073 0.0784980 0.0578457 0.0943537 0.0903469 0.0620458 0.0494964 0.0807566 0.0731252 0.0627763 0.0585618 0.0677682 0.0473933 0.0814144 0.0522697 0.0638289 0.0768125 0.1101343 0.0634724 0.0668949 0.0723102 0.1625582 
Perityle_castillonii_96                    0.0811558 0.0539824 0.0730071 0.2251091 0.0665831 0.1097585 0.3327379 0.2544703 0.3287675 0.1794139 0.0543397 0.0419179 0.0424937 0.0430047 0.0385130 0.0345585 0.0090732 0.0908435 0.0519325 0.0000000 0.0136271 0.0277340 0.0790998 0.0491306 0.0159586 0.0491597 0.0266824 0.0358023 0.0610263 0.0764681 0.1150040 0.0765970 0.1735051 0.0848734 0.0430295 0.0723574 0.0684658 0.0119343 0.0552608 0.0338935 0.0217264 0.0322580 0.0697416 0.0336465 0.0683235 0.0589171 0.0382372 0.0346218 0.0467615 0.0711010 0.0418401 0.0346006 0.0429576 0.0321889 0.0397412 0.0577117 0.0319459 0.0289732 0.0358345 0.0252805 0.1068172 0.1793742 0.0610199 0.0235981 0.0443452 0.0655633 0.0229154 0.0944341 0.0880976 0.0451654 0.0102139 0.0490733 0.0736668 0.0194471 0.0123349 0.0407513 0.0092078 0.0683895 0.0557152 0.0253349 0.0431247 0.1120712 0.0229134 0.0263800 0.0426189 0.1463994 
Perityle_cernua_84                         0.0813874 0.0569740 0.0748669 0.2226876 0.0656614 0.1097585 0.3337884 0.2470952 0.3354574 0.1862870 0.0569770 0.0404505 0.0430035 0.0403524 0.0399464 0.0338983 0.0132040 0.0977419 0.0548581 0.0136271 0.0000000 0.0278509 0.0791912 0.0457858 0.0142544 0.0461982 0.0258305 0.0371996 0.0584781 0.0729153 0.1279791 0.0741824 0.1871629 0.0840732 0.0435546 0.0675367 0.0729925 0.0150094 0.0581854 0.0329211 0.0224602 0.0307970 0.0741367 0.0308135 0.0727320 0.0627385 0.0361145 0.0318644 0.0414755 0.0765131 0.0396980 0.0339304 0.0399668 0.0269447 0.0400036 0.0690282 0.0278142 0.0247306 0.0350897 0.0214550 0.1111973 0.1825734 0.0614599 0.0140368 0.0425775 0.0634155 0.0204025 0.0950611 0.0917996 0.0479404 0.0126281 0.0457383 0.0686315 0.0290610 0.0120966 0.0373131 0.0073463 0.0619864 0.0623665 0.0256765 0.0404607 0.1098787 0.0214342 0.0297282 0.0459076 0.1496145 
Perityle_cfvillosa_25_tin                  0.0921158 0.0716041 0.0859191 0.2217082 0.0779162 0.1097585 0.3382136 0.2584319 0.3501215 0.1863558 0.0662505 0.0168191 0.0410109 0.0147902 0.0124110 0.0433288 0.0281903 0.1010133 0.0626624 0.0277340 0.0278509 0.0000000 0.0950653 0.0198270 0.0291500 0.0247154 0.0333555 0.0486959 0.0735678 0.0770155 0.1446057 0.0802459 0.2065097 0.0957552 0.0208051 0.0800606 0.0743799 0.0314786 0.0799745 0.0390527 0.0320044 0.0068569 0.0788109 0.0119384 0.0772421 0.0799318 0.0118118 0.0218203 0.0209784 0.0811487 0.0153786 0.0108686 0.0162553 0.0355437 0.0162458 0.0878793 0.0320771 0.0289087 0.0050011 0.0361784 0.1155680 0.1887648 0.0765384 0.0187571 0.0198156 0.0772988 0.0300087 0.1014989 0.0971918 0.0561823 0.0255697 0.0208190 0.0797361 0.0544996 0.0260742 0.0142953 0.0129242 0.0720275 0.0845409 0.0383117 0.0203682 0.1236909 0.0269356 0.0350685 0.0480151 0.1496221 
Perityle_cinerea_113_Powell1310            0.1031548 0.1071745 0.0991637 0.1973936 0.1095894 0.1630955 0.2107045 0.2482581 0.2179351 0.1900238 0.0921188 0.0984871 0.1125036 0.1017184 0.0952596 0.0886471 0.0757754 0.1145383 0.0892745 0.0790998 0.0791912 0.0950653 0.0000000 0.0985698 0.0791779 0.0982483 0.0867914 0.0953254 0.1153837 0.1161248 0.1641241 0.1126438 0.1810725 0.1064676 0.0952596 0.1129188 0.1208017 0.0887173 0.0878993 0.0889704 0.0821718 0.0949558 0.1141496 0.0980846 0.1175429 0.0976796 0.0884765 0.1016376 0.1084136 0.1176998 0.1017836 0.0980846 0.0883360 0.0888162 0.0952596 0.0870212 0.0932623 0.0934487 0.0985132 0.0987431 0.1037324 0.1778015 0.0906986 0.0941740 0.0984871 0.1155240 0.0919782 0.1037604 0.1083877 0.0698621 0.0790865 0.0985698 0.1125552 0.0760931 0.0770411 0.0950389 0.0739091 0.1177081 0.0905361 0.0883752 0.0984871 0.1248493 0.0918309 0.0917653 0.0921448 0.1998630 
Perityle_coahuilensis_24                   0.1022079 0.0779303 0.0945700 0.2399398 0.0874647 0.1097585 0.3568964 0.2623826 0.3639774 0.2037058 0.0800727 0.0166911 0.0489264 0.0126929 0.0206770 0.0577792 0.0446396 0.1158423 0.0796483 0.0491306 0.0457858 0.0198270 0.0985698 0.0000000 0.0455911 0.0329691 0.0476934 0.0642843 0.0938867 0.0896330 0.1489434 0.0913154 0.2208628 0.1040786 0.0287442 0.0898607 0.0952109 0.0457965 0.0983918 0.0554675 0.0463057 0.0186699 0.0975105 0.0212170 0.0958616 0.0994808 0.0196952 0.0297687 0.0298596 0.0999243 0.0235914 0.0187815 0.0278992 0.0512748 0.0243799 0.1022352 0.0503693 0.0416982 0.0231923 0.0494661 0.1259160 0.1955825 0.0908580 0.0331870 0.0196645 0.0976390 0.0452932 0.1155847 0.1108393 0.0618806 0.0418550 0.0009689 0.0915722 0.0693213 0.0434514 0.0286805 0.0375160 0.0863880 0.1014135 0.0548641 0.0202085 0.1418282 0.0390943 0.0503920 0.0702137 0.1686976 
Perityle_cochisensis_44_cave_creek         0.0833065 0.0569650 0.0748599 0.2222782 0.0711019 0.1168886 0.3383039 0.2553763 0.3247118 0.1901722 0.0597414 0.0434453 0.0554124 0.0411179 0.0414289 0.0354313 0.0139282 0.0855159 0.0569025 0.0159586 0.0142544 0.0291500 0.0791779 0.0455911 0.0000000 0.0488863 0.0269885 0.0389214 0.0658060 0.0718074 0.1239713 0.0720304 0.2096084 0.0837044 0.0433265 0.0696958 0.0742084 0.0175824 0.0661612 0.0339254 0.0213432 0.0333210 0.0778125 0.0291716 0.0764675 0.0697781 0.0366922 0.0377605 0.0431760 0.0803183 0.0378463 0.0357666 0.0400043 0.0282373 0.0415779 0.0735109 0.0257871 0.0226328 0.0364590 0.0246417 0.1110667 0.1827537 0.0696771 0.0164095 0.0456766 0.0675466 0.0235029 0.0809808 0.0735554 0.0479333 0.0159948 0.0467285 0.0671956 0.0304609 0.0064207 0.0373269 0.0018296 0.0704549 0.0765682 0.0312647 0.0470790 0.1144642 0.0224363 0.0288897 0.0410433 0.1548190 
Perityle_congesta_202                      0.1074833 0.0776970 0.1003517 0.2349305 0.0975943 0.1097585 0.3355559 0.2575772 0.3501346 0.1978490 0.0819378 0.0277282 0.0534854 0.0276620 0.0275134 0.0576352 0.0484151 0.1240387 0.0794277 0.0491597 0.0461982 0.0247154 0.0982483 0.0329691 0.0488863 0.0000000 0.0537762 0.0678086 0.0939878 0.0961823 0.1572131 0.0940864 0.2188172 0.1063485 0.0308248 0.0978525 0.0918218 0.0490457 0.1036701 0.0576738 0.0534138 0.0234692 0.0953785 0.0211578 0.0956492 0.1048029 0.0235046 0.0172939 0.0130698 0.0978687 0.0193650 0.0236147 0.0325442 0.0509822 0.0290465 0.1072810 0.0461629 0.0438403 0.0272462 0.0523667 0.1328129 0.1951204 0.0965729 0.0283175 0.0308548 0.0960870 0.0490876 0.1030462 0.0973570 0.0588943 0.0445680 0.0340003 0.1001320 0.0729968 0.0433687 0.0309625 0.0317189 0.0925401 0.1067306 0.0612755 0.0317500 0.1325779 0.0469343 0.0565726 0.0682282 0.1661490 
Perityle_cordifolia_27                     0.0887620 0.0719557 0.0839402 0.2194876 0.0704073 0.1234908 0.3402997 0.2654445 0.3374439 0.1903733 0.0631337 0.0456379 0.0553807 0.0434561 0.0413500 0.0413125 0.0272546 0.1044554 0.0606017 0.0266824 0.0258305 0.0333555 0.0867914 0.0476934 0.0269885 0.0537762 0.0000000 0.0478072 0.0726884 0.0721515 0.1485607 0.0814944 0.2101987 0.0892837 0.0476003 0.0714276 0.0767705 0.0237647 0.0777708 0.0355173 0.0300756 0.0371810 0.0779255 0.0366443 0.0749454 0.0811838 0.0403540 0.0424019 0.0497476 0.0802656 0.0440832 0.0384759 0.0378204 0.0247058 0.0425329 0.0829133 0.0462568 0.0247170 0.0380780 0.0331564 0.1217645 0.1893158 0.0722709 0.0307670 0.0477240 0.0735772 0.0219020 0.0969546 0.0952484 0.0590066 0.0234621 0.0487094 0.0739571 0.0513743 0.0273583 0.0413638 0.0222587 0.0637275 0.0812065 0.0353405 0.0480013 0.1254812 0.0331245 0.0279526 0.0518180 0.1516750 
Perityle_cordifolia_68_tecolote            0.1059014 0.0687789 0.0979034 0.2295700 0.0885852 0.1238496 0.3439889 0.2652146 0.3474369 0.1903604 0.0768289 0.0610989 0.0694714 0.0588520 0.0597667 0.0546100 0.0362967 0.1121620 0.0788702 0.0358023 0.0371996 0.0486959 0.0953254 0.0642843 0.0389214 0.0678086 0.0478072 0.0000000 0.0800907 0.0846259 0.1360582 0.0992075 0.2252820 0.1068430 0.0652665 0.0920012 0.0962511 0.0402446 0.0912260 0.0507326 0.0442142 0.0535775 0.0973957 0.0517628 0.0947325 0.0946576 0.0568341 0.0567573 0.0658189 0.0998063 0.0612979 0.0560352 0.0572471 0.0487067 0.0606217 0.0997189 0.0078097 0.0373523 0.0570335 0.0494931 0.1127026 0.1888372 0.0817822 0.0331404 0.0632121 0.0842387 0.0432210 0.1082858 0.1026395 0.0589221 0.0341135 0.0653063 0.0900333 0.0628209 0.0314817 0.0536725 0.0185707 0.0837982 0.0977076 0.0496019 0.0650284 0.1192172 0.0473473 0.0493630 0.0597517 0.1574956 
Perityle_coronopifolia_28_patagonia        0.0973785 0.0687063 0.0958648 0.2283708 0.0810504 0.1304387 0.3539889 0.2757534 0.3285955 0.1898951 0.0772333 0.0865961 0.0890819 0.0887872 0.0865740 0.0836481 0.0629516 0.1114337 0.0768212 0.0610263 0.0584781 0.0735678 0.1153837 0.0938867 0.0658060 0.0939878 0.0726884 0.0800907 0.0000000 0.0796107 0.1325606 0.0947623 0.1906635 0.0987186 0.0912021 0.0819799 0.0805540 0.0685406 0.0774446 0.0829501 0.0695021 0.0802262 0.0830245 0.0877590 0.0803375 0.0821731 0.0816070 0.0838046 0.0916802 0.0831801 0.0852677 0.0844345 0.0909676 0.0760387 0.0866661 0.0749847 0.0628639 0.0679504 0.0822130 0.0695960 0.0999543 0.2089405 0.0779854 0.0626439 0.0890692 0.0045339 0.0672774 0.1170152 0.1127737 0.0904713 0.0653823 0.0950340 0.0837554 0.0755163 0.0607523 0.0863944 0.0590258 0.0848192 0.0740199 0.0769700 0.0885330 0.0962092 0.0706627 0.0719209 0.0878910 0.1800683 
Perityle_crassifolia_70_ventanas           0.0809651 0.0350369 0.0559681 0.2105006 0.0749855 0.1171165 0.3238549 0.2499904 0.3205822 0.1769062 0.0685753 0.0881084 0.0846938 0.0912368 0.0846867 0.0893182 0.0732033 0.0516004 0.0684166 0.0764681 0.0729153 0.0770155 0.1161248 0.0896330 0.0718074 0.0961823 0.0721515 0.0846259 0.0796107 0.0000000 0.0488609 0.0428279 0.1778977 0.0792356 0.0862918 0.0014796 0.0759183 0.0729195 0.0737721 0.0911909 0.0763541 0.0811673 0.0761586 0.0860512 0.0727037 0.0785468 0.0846619 0.0880357 0.0897562 0.0743799 0.0878735 0.0828244 0.0862302 0.0829006 0.0830689 0.0717053 0.0649781 0.0655038 0.0796609 0.0648813 0.1119605 0.1870378 0.0822586 0.0519966 0.0897870 0.0799212 0.0729390 0.0687340 0.0634156 0.0781950 0.0715628 0.0896330 0.0029599 0.0765044 0.0665326 0.0830527 0.0647931 0.0840697 0.0771400 0.0885497 0.0897616 0.1194655 0.0730788 0.0794099 0.0836664 0.1785964 
Perityle_crassifolia_74_playa_balandra     0.1469374 0.0604719 0.1335763 0.2115092 0.1381424 0.1197847 0.2539835 0.1636146 0.2643995 0.2182522 0.1548390 0.1577147 0.1445739 0.1572871 0.1489434 0.1402466 0.1274832 0.1502962 0.1318921 0.1150040 0.1279791 0.1446057 0.1641241 0.1489434 0.1239713 0.1572131 0.1485607 0.1360582 0.1325606 0.0488609 0.0000000 0.1293114 0.2381463 0.1516515 0.1489434 0.0874281 0.1610431 0.1318301 0.1173628 0.1362383 0.1365883 0.1486372 0.1654412 0.1085204 0.1610431 0.1212792 0.1625773 0.1577115 0.1413478 0.1610431 0.1574455 0.1489434 0.1485127 0.1083406 0.1489434 0.1164938 0.0784703 0.0879434 0.1446057 0.1315626 0.1468718 0.1589890 0.1396612 0.0457928 0.1572871 0.1289664 0.1364454 0.1560391 0.1454357 0.0864955 0.1282396 0.1489434 0.0874281 0.1320627 0.1276743 0.1556543 0.0811617 0.1384499 0.1169409 0.1457557 0.1579481 0.1766599 0.1446057 0.1489683 0.0956643 0.2099727 
Perityle_cuneata_34_cuneata_San_antonio    0.0720522 0.0513370 0.0623968 0.2248549 0.0913899 0.1178505 0.3526016 0.2752470 0.3416563 0.1785659 0.0837192 0.0935160 0.0969157 0.0910173 0.0883144 0.0919370 0.0736904 0.0517851 0.0825164 0.0765970 0.0741824 0.0802459 0.1126438 0.0913154 0.0720304 0.0940864 0.0814944 0.0992075 0.0947623 0.0428279 0.1293114 0.0000000 0.2079142 0.0677467 0.0886598 0.0530718 0.0947003 0.0711672 0.1057503 0.0852445 0.0797483 0.0840876 0.0947704 0.0853331 0.0910873 0.1093512 0.0830782 0.0897586 0.0954719 0.0948217 0.0862699 0.0869283 0.0774223 0.0847632 0.0885460 0.1000058 0.0655095 0.0682837 0.0805187 0.0752055 0.1250032 0.1946975 0.0924500 0.0556176 0.0946210 0.0926311 0.0763414 0.1035776 0.0969306 0.0854791 0.0748737 0.0923919 0.0505246 0.1027823 0.0658606 0.0837510 0.0593924 0.0869199 0.1097124 0.0867621 0.0939368 0.1309911 0.0751278 0.0862688 0.0705863 0.1654872 
Perityle_cuneata_4                         0.2106781 0.1504601 0.2210086 0.2299381 0.2132010 0.0428809 0.2176960 0.1707038 0.2262606 0.0575161 0.2056162 0.2116943 0.2161084 0.2208394 0.1923099 0.2175466 0.1992085 0.1874024 0.2013086 0.1735051 0.1871629 0.2065097 0.1810725 0.2208628 0.2096084 0.2188172 0.2101987 0.2252820 0.1906635 0.1778977 0.2381463 0.2079142 0.0000000 0.2156419 0.2150248 0.2083001 0.2250735 0.1856308 0.2070758 0.1971354 0.2107800 0.2110367 0.2224592 0.1952095 0.2169558 0.2119761 0.2079130 0.2162931 0.2021656 0.2260638 0.2162512 0.2063588 0.2006112 0.1804159 0.2090301 0.2170492 0.1724507 0.1762440 0.1966143 0.2047834 0.1242802 0.0665890 0.2141556 0.1707783 0.2131104 0.1879546 0.2099451 0.1905898 0.2056217 0.1562896 0.1763061 0.2226126 0.1834856 0.2141052 0.2121574 0.1877904 0.1886307 0.1719088 0.2183143 0.2125860 0.1965139 0.1572787 0.2083675 0.2066692 0.1741001 0.0886391 
Perityle_discoidea_81                      0.0158370 0.0547853 0.0519281 0.2361396 0.0852382 0.1179572 0.3357552 0.2783451 0.3393229 0.1995535 0.0944136 0.1054752 0.1060466 0.1037992 0.0981407 0.0998288 0.0812773 0.0987210 0.0994995 0.0848734 0.0840732 0.0957552 0.1064676 0.1040786 0.0837044 0.1063485 0.0892837 0.1068430 0.0987186 0.0792356 0.1516515 0.0677467 0.2156419 0.0000000 0.0962651 0.0673766 0.0954208 0.0885920 0.0943698 0.1032322 0.0926080 0.0974044 0.0980637 0.0981091 0.0954196 0.1022820 0.0975025 0.0975950 0.1006050 0.1008250 0.0988905 0.0972831 0.0995168 0.0851979 0.0951951 0.1031061 0.0702797 0.0731608 0.0990264 0.0887280 0.1257973 0.1913775 0.0987319 0.0634394 0.1066753 0.0989618 0.0848545 0.0925438 0.0795101 0.0918902 0.0838668 0.1039541 0.0701663 0.0964683 0.0734223 0.0985365 0.0680010 0.0860014 0.1075359 0.0953612 0.1080150 0.1230840 0.0885763 0.0945837 0.0991215 0.1878252 
Perityle_dissecta_201                      0.0984667 0.0778205 0.0953359 0.2326503 0.0893744 0.1097585 0.3467274 0.2587585 0.3590171 0.1927298 0.0754768 0.0257191 0.0418578 0.0236600 0.0123303 0.0565728 0.0435054 0.1142585 0.0738880 0.0430295 0.0435546 0.0208051 0.0952596 0.0287442 0.0433265 0.0308248 0.0476003 0.0652665 0.0912021 0.0862918 0.1489434 0.0886598 0.2150248 0.0962651 0.0000000 0.0895351 0.0915521 0.0412206 0.0947326 0.0494229 0.0482516 0.0196402 0.0938328 0.0145270 0.0885218 0.0958193 0.0206670 0.0307420 0.0264476 0.0962231 0.0214816 0.0187654 0.0219875 0.0450669 0.0090145 0.0960091 0.0442440 0.0353391 0.0221519 0.0504222 0.1242468 0.1923094 0.0906465 0.0259979 0.0287279 0.0910344 0.0441365 0.1129314 0.1093632 0.0562594 0.0384742 0.0297362 0.0900465 0.0648659 0.0420673 0.0238295 0.0279666 0.0824641 0.0977360 0.0547254 0.0274700 0.1329107 0.0410406 0.0492244 0.0648307 0.1610740 
Perityle_emoryi_47_punta_san_jose          0.0684195 0.0321240 0.0550722 0.2224618 0.0808533 0.1171165 0.3541775 0.2633481 0.3373191 0.1798969 0.0778608 0.0909474 0.0959212 0.0907161 0.0885057 0.0882689 0.0702267 0.0702867 0.0791576 0.0723574 0.0675367 0.0800606 0.1129188 0.0898607 0.0696958 0.0978525 0.0714276 0.0920012 0.0819799 0.0014796 0.0874281 0.0530718 0.2083001 0.0673766 0.0895351 0.0000000 0.0876295 0.0707859 0.0905174 0.0851318 0.0762912 0.0838905 0.0876929 0.0896629 0.0841643 0.0940073 0.0851915 0.0839612 0.0920692 0.0877394 0.0886632 0.0854477 0.0838412 0.0815124 0.0863057 0.0951661 0.0628912 0.0633295 0.0846648 0.0707125 0.1098990 0.1870378 0.0887966 0.0495288 0.0920339 0.0823183 0.0685746 0.1130312 0.1031739 0.0789062 0.0665830 0.0897658 0.0010698 0.0976353 0.0671997 0.0877413 0.0628374 0.0822023 0.0995062 0.0832752 0.0934870 0.1147029 0.0751404 0.0804512 0.0846142 0.1751214 
Perityle_feddemae_99                       0.0941035 0.0578171 0.0979989 0.2322232 0.0862435 0.1513670 0.3274017 0.2721801 0.3250601 0.1961074 0.0776575 0.0896112 0.1018814 0.0893854 0.0884680 0.0868521 0.0745236 0.1102649 0.0810577 0.0684658 0.0729925 0.0743799 0.1208017 0.0952109 0.0742084 0.0918218 0.0767705 0.0962511 0.0805540 0.0759183 0.1610431 0.0947003 0.2250735 0.0954208 0.0915521 0.0876295 0.0000000 0.0744729 0.0922763 0.0811576 0.0793369 0.0782123 0.0089206 0.0794020 0.0073835 0.0922611 0.0871618 0.0826705 0.0855161 0.0109326 0.0850892 0.0853492 0.0871121 0.0736789 0.0862699 0.1023008 0.0766986 0.0731789 0.0835532 0.0771369 0.1259087 0.1918228 0.0915658 0.0659985 0.0906996 0.0795795 0.0727278 0.1168826 0.1118980 0.0748346 0.0745477 0.0962708 0.0866312 0.1018718 0.0735694 0.0876419 0.0662907 0.0882151 0.1024320 0.0852106 0.0956848 0.1164850 0.0749019 0.0803022 0.0843402 0.1752020 
Perityle_fosteri_93                        0.0860329 0.0691499 0.0799267 0.2154542 0.0700112 0.1097585 0.3324423 0.2607313 0.3290388 0.1821940 0.0609980 0.0447289 0.0430912 0.0423860 0.0415567 0.0333917 0.0106366 0.0991381 0.0548177 0.0119343 0.0150094 0.0314786 0.0887173 0.0457965 0.0175824 0.0490457 0.0237647 0.0402446 0.0685406 0.0729195 0.1318301 0.0711672 0.1856308 0.0885920 0.0412206 0.0707859 0.0744729 0.0000000 0.0613699 0.0329866 0.0268791 0.0334465 0.0768831 0.0322887 0.0759509 0.0661771 0.0368163 0.0356735 0.0421427 0.0793928 0.0413201 0.0356290 0.0399564 0.0274858 0.0402423 0.0726711 0.0320001 0.0289960 0.0368791 0.0170820 0.1157936 0.1789676 0.0665190 0.0212139 0.0469719 0.0687034 0.0225121 0.0761769 0.0689881 0.0481965 0.0099964 0.0457468 0.0702090 0.0261144 0.0187634 0.0411661 0.0129437 0.0670774 0.0708104 0.0291689 0.0470757 0.1145773 0.0203200 0.0322909 0.0478449 0.1426311 
Perityle_gamon_221                         0.0915421 0.0550795 0.1002824 0.2190303 0.0846676 0.1310727 0.3489136 0.2793492 0.3193519 0.1932416 0.0788593 0.0948914 0.0984917 0.0935011 0.0835394 0.0839794 0.0605031 0.0955189 0.0554404 0.0552608 0.0581854 0.0799745 0.0878993 0.0983918 0.0661612 0.1036701 0.0777708 0.0912260 0.0774446 0.0737721 0.1173628 0.1057503 0.2070758 0.0943698 0.0947326 0.0905174 0.0922763 0.0613699 0.0000000 0.0744782 0.0747316 0.0827784 0.0934961 0.0743414 0.0889825 0.0083590 0.0899938 0.0863153 0.0940942 0.0960495 0.0938323 0.0821699 0.0832817 0.0677627 0.0889421 0.0342967 0.0576423 0.0669385 0.0766655 0.0749170 0.1192564 0.2044658 0.0576322 0.0512718 0.0973324 0.0820211 0.0734979 0.1081180 0.1132803 0.0603405 0.0533837 0.0995123 0.0738314 0.0610561 0.0693705 0.0768146 0.0459236 0.0807330 0.0320795 0.0786956 0.0867319 0.1188482 0.0736760 0.0792473 0.0731337 0.1795777 
Perityle_gentryi_8_san_francisco           0.1031604 0.0719374 0.0984859 0.2352418 0.0816837 0.1163785 0.3383693 0.2618180 0.3341971 0.1994442 0.0731152 0.0519481 0.0551574 0.0506138 0.0482886 0.0055461 0.0341510 0.1146991 0.0642054 0.0338935 0.0329211 0.0390527 0.0889704 0.0554675 0.0339254 0.0576738 0.0355173 0.0507326 0.0829501 0.0911909 0.1362383 0.0852445 0.1971354 0.1032322 0.0494229 0.0851318 0.0811576 0.0329866 0.0744782 0.0000000 0.0352862 0.0422468 0.0825694 0.0449626 0.0800065 0.0781620 0.0434990 0.0470554 0.0515004 0.0852452 0.0482459 0.0457511 0.0496368 0.0351520 0.0483282 0.0762909 0.0380127 0.0352222 0.0423948 0.0399907 0.1200925 0.1893860 0.0783795 0.0211291 0.0530407 0.0845716 0.0282842 0.0743395 0.0707705 0.0562058 0.0290707 0.0554036 0.0847204 0.0423026 0.0304412 0.0485528 0.0242414 0.0792034 0.0703700 0.0401162 0.0555079 0.1259304 0.0375929 0.0433900 0.0666151 0.1585292 
Perityle_gilensis_22_Superstition          0.0868773 0.0597783 0.0821423 0.2253083 0.0709567 0.1098508 0.3378789 0.2511480 0.3420744 0.1880450 0.0593538 0.0452574 0.0585188 0.0430950 0.0431614 0.0399541 0.0239357 0.1003440 0.0612456 0.0217264 0.0224602 0.0320044 0.0821718 0.0463057 0.0213432 0.0534138 0.0300756 0.0442142 0.0695021 0.0763541 0.1365883 0.0797483 0.2107800 0.0926080 0.0482516 0.0762912 0.0793369 0.0268791 0.0747316 0.0352862 0.0000000 0.0368746 0.0805118 0.0349679 0.0802532 0.0781047 0.0400193 0.0420498 0.0470850 0.0839105 0.0437872 0.0391682 0.0399145 0.0304822 0.0443146 0.0799461 0.0298332 0.0205652 0.0398564 0.0349110 0.1130701 0.1826499 0.0726790 0.0164215 0.0463082 0.0729823 0.0267799 0.0984014 0.0942620 0.0479160 0.0189526 0.0473136 0.0732650 0.0478186 0.0233783 0.0398373 0.0091899 0.0667114 0.0805004 0.0339283 0.0465253 0.1186639 0.0307898 0.0328030 0.0442643 0.1497180 
Perityle_gilensis_salensis_225             0.0936529 0.0775891 0.0874636 0.2301424 0.0805470 0.1163785 0.3376682 0.2617192 0.3465514 0.1921930 0.0678929 0.0156908 0.0394690 0.0136834 0.0123088 0.0461107 0.0310648 0.1042608 0.0667014 0.0322580 0.0307970 0.0068569 0.0949558 0.0186699 0.0333210 0.0234692 0.0371810 0.0535775 0.0802262 0.0811673 0.1486372 0.0840876 0.2110367 0.0974044 0.0196402 0.0838905 0.0782123 0.0334465 0.0827784 0.0422468 0.0368746 0.0000000 0.0804466 0.0052353 0.0789934 0.0838580 0.0107329 0.0186583 0.0197012 0.0827759 0.0142228 0.0058635 0.0172678 0.0376645 0.0150932 0.0908542 0.0399690 0.0330932 0.0099616 0.0369486 0.1215173 0.1917911 0.0781642 0.0234906 0.0186593 0.0843972 0.0338433 0.1030169 0.0987130 0.0561050 0.0264567 0.0196531 0.0838778 0.0551700 0.0312938 0.0177386 0.0203528 0.0750066 0.0872442 0.0431994 0.0191749 0.1301494 0.0277579 0.0388701 0.0560983 0.1553957 
Perityle_glaucescens_94                    0.0963808 0.0579336 0.0979997 0.2258313 0.0863049 0.1513670 0.3340726 0.2838773 0.3234907 0.1985138 0.0799047 0.0918923 0.1021277 0.0927486 0.0896626 0.0891103 0.0767656 0.1119819 0.0834761 0.0697416 0.0741367 0.0788109 0.1141496 0.0975105 0.0778125 0.0953785 0.0779255 0.0973957 0.0830245 0.0761586 0.1654412 0.0947704 0.2224592 0.0980637 0.0938328 0.0876929 0.0089206 0.0768831 0.0934961 0.0825694 0.0805118 0.0804466 0.0000000 0.0824456 0.0052729 0.0934807 0.0894292 0.0849211 0.0893086 0.0079353 0.0886187 0.0876206 0.0885803 0.0762386 0.0885965 0.1036840 0.0789223 0.0732902 0.0869570 0.0793683 0.1260996 0.1986080 0.0916329 0.0685967 0.0929836 0.0835231 0.0716695 0.1170632 0.1132867 0.0807799 0.0757355 0.0985725 0.0878773 0.1042164 0.0751956 0.0891638 0.0665110 0.0882165 0.1025092 0.0852713 0.0968668 0.1169134 0.0771246 0.0825407 0.0810220 0.1736852 
Perityle_gracilis_11                       0.1016837 0.0805135 0.0932697 0.2441881 0.0901706 0.1163785 0.3748509 0.2661831 0.3830454 0.2008878 0.0723876 0.0158709 0.0266972 0.0145069 0.0131904 0.0459549 0.0322495 0.1129540 0.0646009 0.0336465 0.0308135 0.0119384 0.0980846 0.0212170 0.0291716 0.0211578 0.0366443 0.0517628 0.0877590 0.0860512 0.1085204 0.0853331 0.1952095 0.0981091 0.0145270 0.0896629 0.0794020 0.0322887 0.0743414 0.0449626 0.0349679 0.0052353 0.0824456 0.0000000 0.0794921 0.0786074 0.0105205 0.0158399 0.0185133 0.0824961 0.0131694 0.0052306 0.0170022 0.0405040 0.0132315 0.0761070 0.0419858 0.0330936 0.0131724 0.0391784 0.1280359 0.2015154 0.0821412 0.0258533 0.0198953 0.0895807 0.0349440 0.0869748 0.0812113 0.0548785 0.0295211 0.0211890 0.0910295 0.0308797 0.0283918 0.0165997 0.0261436 0.0836896 0.0742456 0.0462749 0.0185429 0.1449905 0.0267527 0.0348898 0.0588407 0.1645231 
