85
Amauria_brandeegeana_62                    0.0000000 0.1399153 0.2679041 0.2910822 0.2481178 0.1137739 0.1614212 0.1739702 0.2873084 0.0242956 0.2744013 0.2863671 0.2577910 0.2654145 0.2373053 0.3030242 0.1070115 0.2649566 0.2305255 0.1073097 0.2637780 0.1074009 0.2806417 0.1120447 0.0942524 0.1103615 0.2836311 0.2821920 0.2941180 0.1790714 0.2128315 0.1019881 0.2764365 0.0040057 0.2783419 0.2740383 0.1233899 0.1037015 0.2672863 0.2751150 0.1121409 0.1151011 0.1354619 0.1129085 0.1117744 0.2769793 0.2763970 0.2786798 0.2800790 0.1122549 0.1122049 0.2596481 0.1109427 0.2122843 0.2742542 0.2523430 0.1691912 0.0660212 0.1142020 0.2786829 0.2406666 0.1804202 0.2952660 0.2806265 0.1112460 0.2918049 0.2809197 0.1208590 0.2742870 0.1688051 0.1118182 0.1098484 0.2378850 0.2809197 0.1175183 0.2610717 0.0638874 0.1028390 0.2947396 0.2767545 0.1117124 0.1893797 0.1139368 0.2799362 0.0604320 
Amauria_carterae_99_mesa                   0.1399153 0.0000000 0.0533937 0.1191845 0.0759096 0.0721388 0.1787781 0.0820319 0.1318322 0.1295181 0.0839586 0.0913042 0.0878595 0.0878270 0.0815703 0.0862782 0.1493903 0.0695219 0.0717089 0.1499943 0.0863830 0.1493643 0.1681947 0.1510636 0.1511496 0.1514786 0.0860031 0.0844679 0.1057815 0.0588011 0.2323394 0.1414365 0.0531324 0.1416528 0.0905942 0.0831157 0.1602419 0.1449624 0.0510367 0.0862782 0.1528080 0.1510514 0.1722048 0.1527846 0.1691076 0.0495858 0.0891813 0.0878586 0.0894103 0.1650204 0.1494945 0.0891873 0.1510636 0.0941074 0.0816776 0.0878369 0.0819611 0.1518361 0.1510636 0.0894103 0.0940442 0.0963619 0.0946216 0.2686508 0.1526376 0.1054352 0.0875682 0.1479733 0.0956066 0.0944426 0.1516322 0.1510636 0.0588348 0.0854390 0.1544423 0.0832047 0.1474467 0.1564236 0.0844434 0.0893206 0.1527488 0.1052938 0.1510636 0.0572428 0.1411217 
Amauria_rotundifolia_SRR9119150            0.2679041 0.0533937 0.0000000 0.2301503 0.1138374 0.0834088 0.2539843 0.0952206 0.2143401 0.2355831 0.1281012 0.1063645 0.0996712 0.1034701 0.0992116 0.1226946 0.2576985 0.1690555 0.1159203 0.2557897 0.0943380 0.2488505 0.2178759 0.2561603 0.2247799 0.2536671 0.1079492 0.1111826 0.1211395 0.0921241 0.2754869 0.2691168 0.1124618 0.2485967 0.1065518 0.0788203 0.2636329 0.2424524 0.1182848 0.1053595 0.2576025 0.2585621 0.2829481 0.2557981 0.2242789 0.1174447 0.1072428 0.1005220 0.1014662 0.2283480 0.2481657 0.1057700 0.2547121 0.1561217 0.1001500 0.1118950 0.0941100 0.1528592 0.2574021 0.0993813 0.1093347 0.1146065 0.1628411 0.3424159 0.2538304 0.1160602 0.0978042 0.2773299 0.1182485 0.0903409 0.2560726 0.2557932 0.1067078 0.0958493 0.2617018 0.1006241 0.1519322 0.2277511 0.1252860 0.1029802 0.2552830 0.1229380 0.2568169 0.1077530 0.1544243 
Conoclinium_coelestinum_SRR9119114         0.2910822 0.1191845 0.2301503 0.0000000 0.2252874 0.1280012 0.2902183 0.1510205 0.2587279 0.2555491 0.2448122 0.2368942 0.2198677 0.2316559 0.2108835 0.2473561 0.2837494 0.2410699 0.2068631 0.2810787 0.2201129 0.2715949 0.2874302 0.2814763 0.2411648 0.2821459 0.2359406 0.2344791 0.2414850 0.1691201 0.3133722 0.2877440 0.2380925 0.2927495 0.2445348 0.2346113 0.2735604 0.2779829 0.2250741 0.2442179 0.2851732 0.2816078 0.3036060 0.2831514 0.2520954 0.2237911 0.2418907 0.2425136 0.2439884 0.2520038 0.2684488 0.2376776 0.2814763 0.2397015 0.2340917 0.2288716 0.1558765 0.1938698 0.2850943 0.2439884 0.2278522 0.1529444 0.2533103 0.3656061 0.2786149 0.2421502 0.2404397 0.3041515 0.2419467 0.1627655 0.2842378 0.2814763 0.2195911 0.2385735 0.2880223 0.2320281 0.1932297 0.2717252 0.2499108 0.2372541 0.2789575 0.1755228 0.2831514 0.2332785 0.2073307 
Eutetras_palmeri_63                        0.2481178 0.0759096 0.1138374 0.2252874 0.0000000 0.0137298 0.2684694 0.1210421 0.1962590 0.2218123 0.1072926 0.0926678 0.0920491 0.0944776 0.0844468 0.1012867 0.2412156 0.1622190 0.0864564 0.2316657 0.0907776 0.2297765 0.1815880 0.2351519 0.2125076 0.2321202 0.0945914 0.1002908 0.1156743 0.0939386 0.3014975 0.2429978 0.1079804 0.2436638 0.0976582 0.0999559 0.2501404 0.2370221 0.1184692 0.1019947 0.2382096 0.2367139 0.2686793 0.2363872 0.2129747 0.1173212 0.0925997 0.0903898 0.0945750 0.2186468 0.2296874 0.0860886 0.2352564 0.1175183 0.0855785 0.1105872 0.0757280 0.1556645 0.2381854 0.0935113 0.1045563 0.0954910 0.1721873 0.3478043 0.2356116 0.1118609 0.0912398 0.2551354 0.1086420 0.0739245 0.2330614 0.2363856 0.1014309 0.0897232 0.2391207 0.0903987 0.1529259 0.2379110 0.1141830 0.0923621 0.2371982 0.1298993 0.2376217 0.1085506 0.1592920 
Eutetras_pringlei_149_quer                 0.1137739 0.0721388 0.0834088 0.1280012 0.0137298 0.0000000 0.1290511 0.1122401 0.1260912 0.1134745 0.0796764 0.0787928 0.0710402 0.0598605 0.0562371 0.0672774 0.1061131 0.0721491 0.0542484 0.1020733 0.0708553 0.1098071 0.1062577 0.1098071 0.1058830 0.1098071 0.0634301 0.0708094 0.0791091 0.0684381 0.1964434 0.1182487 0.0575666 0.1137739 0.0634090 0.0671118 0.1228979 0.1061131 0.0645246 0.0672774 0.1138247 0.1137516 0.1271725 0.1137852 0.1271725 0.0645246 0.0600052 0.0636961 0.0675910 0.1272306 0.1058830 0.0492279 0.1098071 0.0670953 0.0562371 0.0829104 0.0671539 0.1094262 0.1098071 0.0675910 0.0865239 0.0867929 0.1054997 0.1921202 0.1021389 0.0826183 0.0672103 0.1189162 0.0792908 0.0566053 0.1020733 0.1098071 0.0760689 0.0636961 0.1099100 0.0600721 0.1140946 0.1341934 0.0610053 0.0747208 0.1060816 0.0980740 0.1098071 0.0722372 0.1211666 
Eutrochium_fistulosum_SRR9119106           0.1614212 0.1787781 0.2539843 0.2902183 0.2684694 0.1290511 0.0000000 0.1994389 0.2870082 0.1608294 0.2841657 0.2560696 0.2535650 0.2569377 0.2397088 0.2656993 0.1580193 0.2782875 0.2527011 0.1529707 0.2563118 0.1563594 0.2948606 0.1562521 0.1520850 0.1565944 0.2562348 0.2612018 0.2617429 0.2068518 0.2583349 0.1509523 0.2977274 0.1628006 0.2527040 0.2600888 0.1598815 0.1540459 0.2853884 0.2640998 0.1561845 0.1590679 0.1686019 0.1576317 0.1579067 0.2885656 0.2468727 0.2534515 0.2533601 0.1540219 0.1555074 0.2619405 0.1562521 0.2372899 0.2549865 0.2434935 0.1899833 0.1241274 0.1561094 0.2533601 0.2553669 0.1830387 0.3125066 0.2754186 0.1541608 0.2667231 0.2629064 0.1531961 0.2531817 0.1913776 0.1562250 0.1562521 0.2647198 0.2478579 0.1648674 0.2473381 0.1216419 0.1577217 0.2608309 0.2595353 0.1582179 0.2185796 0.1548558 0.2744479 0.1298135 
Galeana_pratensis_104_mex                  0.1739702 0.0820319 0.0952206 0.1510205 0.1210421 0.1122401 0.1994389 0.0000000 0.1519409 0.1698110 0.1073409 0.1147814 0.1123339 0.1073232 0.1087262 0.1123195 0.1645744 0.1032814 0.1018137 0.1722388 0.1174716 0.1716151 0.1906369 0.1716151 0.1736031 0.1701867 0.1102056 0.1069538 0.1266640 0.0900853 0.2431388 0.1571557 0.0935250 0.1720328 0.1185842 0.1041148 0.1802801 0.1598162 0.0912218 0.1123195 0.1735324 0.1734817 0.1906782 0.1735030 0.1911432 0.0928487 0.1187447 0.1156887 0.1173993 0.1833349 0.1736143 0.1204497 0.1716151 0.1156857 0.1087262 0.1158204 0.1036282 0.1760376 0.1716151 0.1173993 0.1208647 0.1207515 0.1144989 0.2669813 0.1767404 0.1301727 0.1135588 0.1755375 0.1174504 0.1311968 0.1703773 0.1716151 0.0934166 0.1084611 0.1735514 0.1039336 0.1710150 0.1846850 0.1121849 0.1139127 0.1768816 0.1208515 0.1716151 0.0836465 0.1681319 
Helianthus_annuus_SRR9119062               0.2873084 0.1318322 0.2143401 0.2587279 0.1962590 0.1260912 0.2870082 0.1519409 0.0000000 0.2396823 0.2138233 0.2192734 0.1815823 0.1887432 0.1857713 0.2163997 0.3035064 0.2426649 0.1885049 0.2819607 0.1948964 0.2579531 0.2609335 0.2866848 0.2296595 0.2842072 0.2090725 0.2057169 0.2371789 0.1565761 0.3174216 0.2850872 0.2193769 0.2902343 0.2226914 0.2055152 0.2833636 0.2988473 0.2282822 0.2136748 0.2850098 0.2851525 0.3054402 0.2883249 0.2341820 0.2239712 0.2197312 0.2107659 0.2100947 0.2320235 0.2613140 0.2179599 0.2866848 0.2195079 0.2132853 0.2053410 0.1355399 0.1753381 0.2885854 0.2100814 0.2079928 0.1614952 0.2498756 0.3303075 0.2826696 0.2346347 0.2061639 0.2949523 0.2170441 0.1621542 0.2861904 0.2866848 0.1869107 0.2138419 0.2916891 0.2120412 0.1661757 0.2500868 0.2136143 0.2147562 0.2871564 0.1956135 0.2881284 0.2302218 0.1887649 
Lycapsus_tenuifolius_17                    0.0242956 0.1295181 0.2355831 0.2555491 0.2218123 0.1134745 0.1608294 0.1698110 0.2396823 0.0000000 0.2389927 0.2536106 0.2408090 0.2442400 0.2171068 0.2576838 0.0970782 0.2434552 0.2158373 0.0939302 0.2444501 0.1016790 0.2660391 0.1015623 0.0949068 0.0997584 0.2457381 0.2518578 0.2592178 0.1754552 0.1770045 0.0862214 0.2504631 0.0217696 0.2500320 0.2433887 0.1100236 0.0956548 0.2441489 0.2518464 0.1028974 0.1004797 0.1153670 0.1037598 0.1042158 0.2509236 0.2383966 0.2503617 0.2503815 0.1097111 0.0993413 0.2280643 0.1016020 0.1886641 0.2429083 0.2295820 0.1604661 0.0616539 0.1016020 0.2503662 0.2166987 0.1664505 0.2769455 0.2806197 0.1024828 0.2621969 0.2441880 0.1036338 0.2372026 0.1557936 0.0970730 0.1004113 0.2228701 0.2507880 0.1075860 0.2281330 0.0622266 0.0979076 0.2618727 0.2446934 0.1036406 0.1851684 0.1037089 0.2485258 0.0509022 
Pericome_caudata_50_silver                 0.2744013 0.0839586 0.1281012 0.2448122 0.1072926 0.0796764 0.2841657 0.1073409 0.2138233 0.2389927 0.0000000 0.1111359 0.0994699 0.1029870 0.1051072 0.1344224 0.2707280 0.1693512 0.1064437 0.2689266 0.1025072 0.2587917 0.1845111 0.2657075 0.2354699 0.2640369 0.1187099 0.1168772 0.1277873 0.1084876 0.3015385 0.2698933 0.1162467 0.2558274 0.1142153 0.1096202 0.2803921 0.2528394 0.1184543 0.1153552 0.2671442 0.2670489 0.3015744 0.2653374 0.2384829 0.1207072 0.1231202 0.1095003 0.1124744 0.2427038 0.2584109 0.1108769 0.2642658 0.1470535 0.1040251 0.1192460 0.0825256 0.1618373 0.2669377 0.1104222 0.1174517 0.1129625 0.1772122 0.3596959 0.2656449 0.1236291 0.1101452 0.2996837 0.1187147 0.0792788 0.2694695 0.2653308 0.1210121 0.1080161 0.2723905 0.1046495 0.1569288 0.2440480 0.1195557 0.1080546 0.2656018 0.1367639 0.2663387 0.1367408 0.1660410 
Perityle_aglossa_84_dead_horse             0.2863671 0.0913042 0.1063645 0.2368942 0.0926678 0.0787928 0.2560696 0.1147814 0.2192734 0.2536106 0.1111359 0.0000000 0.0205539 0.0340557 0.0276292 0.0481643 0.2648838 0.1786750 0.0599513 0.2591038 0.0329098 0.2540224 0.1488015 0.2636698 0.2364817 0.2621196 0.0370476 0.0473755 0.0605439 0.1096555 0.3097330 0.2896327 0.1177591 0.2719047 0.0379088 0.0557681 0.2725808 0.2564602 0.1288517 0.0356885 0.2651047 0.2635769 0.2901450 0.2633022 0.2480927 0.1268846 0.0437465 0.0232652 0.0268860 0.2460832 0.2576056 0.0313277 0.2622298 0.1031679 0.0326937 0.0561720 0.0366796 0.1630872 0.2648999 0.0250630 0.0512725 0.0505967 0.1591060 0.3479134 0.2597553 0.0558309 0.0350822 0.2862678 0.0606456 0.0311930 0.2619756 0.2621465 0.1153852 0.0234802 0.2686753 0.0327928 0.1657055 0.2493104 0.0655381 0.0200661 0.2610914 0.1322656 0.2643050 0.0976661 0.1775101 
Perityle_ajoensis_204                      0.2577910 0.0878595 0.0996712 0.2198677 0.0920491 0.0710402 0.2535650 0.1123339 0.1815823 0.2408090 0.0994699 0.0205539 0.0000000 0.0333423 0.0241794 0.0291020 0.2417819 0.1558580 0.0533255 0.2351537 0.0291215 0.2464963 0.1350228 0.2447924 0.2283975 0.2432825 0.0301004 0.0401191 0.0576689 0.1046547 0.2951991 0.2591675 0.1167650 0.2409675 0.0350458 0.0439564 0.2597293 0.2352096 0.1164825 0.0303169 0.2479319 0.2463978 0.2669441 0.2460520 0.2299355 0.1153125 0.0341516 0.0173193 0.0212024 0.2313073 0.2411898 0.0313878 0.2449033 0.0944284 0.0281222 0.0569720 0.0317112 0.1646760 0.2463044 0.0202294 0.0504901 0.0524497 0.1475412 0.3370440 0.2409222 0.0538264 0.0300724 0.2588746 0.0594510 0.0243232 0.2368345 0.2460486 0.1087646 0.0195882 0.2502988 0.0291927 0.1691141 0.2341959 0.0615690 0.0038104 0.2411051 0.1238678 0.2473091 0.0905812 0.1691104 
Perityle_ambrosiifolia_67_green            0.2654145 0.0878270 0.1034701 0.2316559 0.0944776 0.0598605 0.2569377 0.1073232 0.1887432 0.2442400 0.1029870 0.0340557 0.0333423 0.0000000 0.0307384 0.0423978 0.2518504 0.1624029 0.0537088 0.2425175 0.0399228 0.2480327 0.1415221 0.2470282 0.2281612 0.2455544 0.0364438 0.0423872 0.0597766 0.1046777 0.2926044 0.2606862 0.1212560 0.2461330 0.0334552 0.0525896 0.2682844 0.2367185 0.1221907 0.0446966 0.2501155 0.2486073 0.2766811 0.2482649 0.2347699 0.1243379 0.0345275 0.0325676 0.0354706 0.2361761 0.2441712 0.0349552 0.2471380 0.1013405 0.0354806 0.0536747 0.0302692 0.1542718 0.2486786 0.0344961 0.0496849 0.0537927 0.1515567 0.3360327 0.2479408 0.0569603 0.0364102 0.2652183 0.0613322 0.0284466 0.2436477 0.2482612 0.1118719 0.0340962 0.2524375 0.0206040 0.1498906 0.2362196 0.0614428 0.0315413 0.2481278 0.1331323 0.2494989 0.0966460 0.1689627 
Perityle_angustifolia_13_Eagle_creek       0.2373053 0.0815703 0.0992116 0.2108835 0.0844468 0.0562371 0.2397088 0.1087262 0.1857713 0.2171068 0.1051072 0.0276292 0.0241794 0.0307384 0.0000000 0.0326770 0.2260465 0.1531217 0.0517316 0.2240638 0.0216724 0.2278261 0.1114827 0.2275467 0.2069242 0.2264847 0.0271142 0.0383105 0.0544613 0.0975020 0.2816313 0.2313887 0.1158171 0.2371093 0.0304645 0.0462222 0.2468639 0.2257244 0.1141150 0.0326734 0.2291140 0.2291761 0.2539374 0.2290814 0.2117462 0.1103554 0.0338494 0.0238758 0.0249646 0.2146400 0.2247528 0.0316426 0.2275467 0.0688594 0.0053586 0.0505501 0.0260468 0.1557936 0.2292517 0.0249646 0.0524622 0.0466604 0.1654858 0.2909100 0.2249916 0.0502135 0.0304727 0.2278578 0.0478854 0.0181277 0.2207308 0.2275467 0.1095140 0.0265732 0.2303653 0.0305492 0.1554607 0.2188053 0.0530476 0.0238368 0.2251663 0.1297298 0.2304706 0.0912293 0.1656489 
Perityle_batopilensis_97                   0.3030242 0.0862782 0.1226946 0.2473561 0.1012867 0.0672774 0.2656993 0.1123195 0.2163997 0.2576838 0.1344224 0.0481643 0.0291020 0.0423978 0.0326770 0.0000000 0.2860291 0.1696356 0.0613047 0.2819160 0.0515253 0.2755198 0.1379453 0.2833139 0.2562559 0.2830765 0.0558467 0.0653253 0.0723351 0.1017979 0.3048975 0.3064983 0.1380857 0.2687421 0.0567083 0.0550265 0.2878003 0.2621429 0.1386209 0.0195549 0.2846577 0.2728438 0.3021687 0.2828107 0.2575359 0.1386744 0.0541918 0.0446686 0.0465005 0.2570858 0.2642873 0.0410981 0.2817435 0.1165437 0.0360128 0.0627100 0.0358802 0.1693925 0.2844357 0.0464701 0.0580830 0.0509248 0.1655319 0.3454819 0.2809100 0.0722965 0.0392763 0.3002777 0.0845869 0.0263027 0.2714052 0.2843045 0.1125841 0.0453484 0.2871015 0.0391823 0.1690292 0.2445245 0.0868786 0.0280165 0.2808046 0.1309411 0.2837998 0.1142201 0.1783900 
Perityle_bisetosa_9                        0.1070115 0.1493903 0.2576985 0.2837494 0.2412156 0.1061131 0.1580193 0.1645744 0.3035064 0.0970782 0.2707280 0.2648838 0.2417819 0.2518504 0.2260465 0.2860291 0.0000000 0.2723879 0.2275209 0.0340298 0.2452913 0.0458505 0.2807959 0.0433744 0.0370206 0.0415932 0.2637038 0.2671229 0.2723177 0.1731588 0.2255043 0.1028458 0.2701169 0.0935288 0.2628522 0.2602024 0.0802144 0.0413456 0.2635175 0.2660237 0.0443222 0.0440730 0.0920872 0.0423488 0.0801141 0.2717142 0.2631583 0.2605885 0.2619454 0.0802066 0.0474030 0.2453853 0.0414341 0.1850147 0.2518063 0.2385942 0.1636155 0.0429696 0.0452786 0.2605922 0.2244862 0.1817864 0.2921135 0.2528280 0.0406321 0.2684398 0.2616712 0.1136274 0.2605907 0.1785980 0.0363283 0.0433256 0.2193030 0.2587699 0.0463055 0.2462677 0.0459873 0.0985277 0.2783935 0.2581426 0.0413761 0.1952392 0.0442455 0.2565967 0.0648375 
Perityle_californica_76_positas            0.2649566 0.0695219 0.1690555 0.2410699 0.1622190 0.0721491 0.2782875 0.1032814 0.2426649 0.2434552 0.1693512 0.1786750 0.1558580 0.1624029 0.1531217 0.1696356 0.2723879 0.0000000 0.1595592 0.2691649 0.1550404 0.2562572 0.2311274 0.2637249 0.2378600 0.2619134 0.1680564 0.1710656 0.1879249 0.0970638 0.3096813 0.2621429 0.1279619 0.2564110 0.1751581 0.1711558 0.2881149 0.2666287 0.1688305 0.1697365 0.2654612 0.2651894 0.3047507 0.2649260 0.2543498 0.1662932 0.1734497 0.1671365 0.1671578 0.2469635 0.2552020 0.1817370 0.2637249 0.2030046 0.1603532 0.1707339 0.0872395 0.1593970 0.2641669 0.1684035 0.1716872 0.1179137 0.1917952 0.3658101 0.2671063 0.1869556 0.1641932 0.2735718 0.1651210 0.0988764 0.2695596 0.2650451 0.1475351 0.1679286 0.2680596 0.1639757 0.1589169 0.2567270 0.1746062 0.1681119 0.2684048 0.1246331 0.2634435 0.1544754 0.1801920 
Perityle_canescens_77                      0.2305255 0.0717089 0.1159203 0.2068631 0.0864564 0.0542484 0.2527011 0.1018137 0.1885049 0.2158373 0.1064437 0.0599513 0.0533255 0.0537088 0.0517316 0.0613047 0.2275209 0.1595592 0.0000000 0.2267721 0.0577449 0.2279916 0.1404495 0.2277195 0.2153630 0.2266861 0.0554358 0.0601912 0.0670000 0.1007735 0.2811425 0.2216473 0.1155265 0.2316688 0.0609982 0.0724689 0.2329857 0.2208897 0.0968886 0.0613010 0.2294348 0.2293056 0.2412782 0.2292133 0.2018245 0.0945358 0.0578254 0.0521736 0.0577408 0.2045015 0.2250000 0.0543889 0.2277195 0.0884253 0.0520726 0.0551281 0.0321197 0.1579331 0.2292133 0.0566215 0.0583494 0.0487820 0.1430433 0.3178432 0.2289596 0.0626134 0.0576488 0.2309406 0.0708577 0.0330696 0.2240370 0.2277195 0.1161578 0.0565860 0.2319416 0.0520589 0.1498056 0.2268350 0.0764914 0.0544100 0.2306738 0.1053240 0.2305655 0.1112464 0.1589270 
Perityle_castillonii_96                    0.1073097 0.1499943 0.2557897 0.2810787 0.2316657 0.1020733 0.1529707 0.1722388 0.2819607 0.0939302 0.2689266 0.2591038 0.2351537 0.2425175 0.2240638 0.2819160 0.0340298 0.2691649 0.2267721 0.0000000 0.2403525 0.0206934 0.2860100 0.0200470 0.0128149 0.0210436 0.2594532 0.2628067 0.2735623 0.1769475 0.2173422 0.1003548 0.2672414 0.0981045 0.2623954 0.2530039 0.0729470 0.0601387 0.2593597 0.2586189 0.0219001 0.0203634 0.0817713 0.0200161 0.0720451 0.2662849 0.2601984 0.2563213 0.2576794 0.0687464 0.0204012 0.2487035 0.0191092 0.1780679 0.2474202 0.2342302 0.1642303 0.0344916 0.0228290 0.2563252 0.2238243 0.1844210 0.2897327 0.2398331 0.0210310 0.2682213 0.2561946 0.1089216 0.2567599 0.1741578 0.0175116 0.0191110 0.2227928 0.2556369 0.0256495 0.2378170 0.0139430 0.0911761 0.2705769 0.2523652 0.0218513 0.1959889 0.0218627 0.2611927 0.0660773 
Perityle_cernua_84                         0.2637780 0.0863830 0.0943380 0.2201129 0.0907776 0.0708553 0.2563118 0.1174716 0.1948964 0.2444501 0.1025072 0.0329098 0.0291215 0.0399228 0.0216724 0.0515253 0.2452913 0.1550404 0.0577449 0.2403525 0.0000000 0.2429326 0.1408328 0.2430251 0.2260043 0.2414725 0.0361981 0.0439095 0.0552799 0.1074139 0.2957913 0.2561785 0.1179905 0.2431727 0.0399400 0.0512754 0.2635960 0.2343034 0.1181981 0.0354997 0.2444498 0.2451875 0.2709594 0.2426805 0.2333440 0.1162796 0.0469142 0.0286411 0.0314381 0.2340979 0.2438429 0.0352386 0.2415935 0.0987357 0.0190099 0.0540254 0.0317010 0.1644989 0.2429076 0.0295516 0.0486891 0.0481680 0.1487534 0.3443338 0.2402894 0.0495036 0.0312517 0.2658620 0.0531422 0.0242914 0.2421346 0.2426779 0.1110485 0.0309974 0.2480497 0.0369077 0.1634068 0.2338991 0.0522464 0.0264265 0.2404630 0.1350325 0.2437058 0.0942214 0.1706526 
Perityle_cfvillosa_25_tin                  0.1074009 0.1493643 0.2488505 0.2715949 0.2297765 0.1098071 0.1563594 0.1716151 0.2579531 0.1016790 0.2587917 0.2540224 0.2464963 0.2480327 0.2278261 0.2755198 0.0458505 0.2562572 0.2279916 0.0206934 0.2429326 0.0000000 0.2894034 0.0055182 0.0058570 0.0055361 0.2542623 0.2560090 0.2685392 0.1764797 0.2237625 0.0981054 0.2649206 0.0969722 0.2545945 0.2506366 0.0749363 0.0621927 0.2568059 0.2551464 0.0064414 0.0056066 0.0791941 0.0045913 0.0731082 0.2638834 0.2536999 0.2498195 0.2511941 0.0698063 0.0153064 0.2398778 0.0036705 0.1747600 0.2422640 0.2393908 0.1619648 0.0372737 0.0027512 0.2498236 0.2304041 0.1802647 0.2845238 0.2423933 0.0205919 0.2604787 0.2536634 0.1123680 0.2402651 0.1759907 0.0237114 0.0055121 0.2249428 0.2490287 0.0138861 0.2290129 0.0015304 0.0961532 0.2574027 0.2513463 0.0234552 0.1897743 0.0027490 0.2547614 0.0701545 
Perityle_cinerea_113_Powell1310            0.2806417 0.1681947 0.2178759 0.2874302 0.1815880 0.1062577 0.2948606 0.1906369 0.2609335 0.2660391 0.1845111 0.1488015 0.1350228 0.1415221 0.1114827 0.1379453 0.2807959 0.2311274 0.1404495 0.2860100 0.1408328 0.2894034 0.0000000 0.2887036 0.2851908 0.2864559 0.1348644 0.1350591 0.1706904 0.2186501 0.2909362 0.2788963 0.2450010 0.2833490 0.1130631 0.1323054 0.2833191 0.2740498 0.2151147 0.1379267 0.2892594 0.2922335 0.3016006 0.2887036 0.3011113 0.2186950 0.1130631 0.1298444 0.1296388 0.2981638 0.2818704 0.1295922 0.2887036 0.1467198 0.1325889 0.1563743 0.0770238 0.2228143 0.2887036 0.1296388 0.1532822 0.1056054 0.2572931 0.3413373 0.2780863 0.1643867 0.1404643 0.2754590 0.1601017 0.0132821 0.2792036 0.2887036 0.2443647 0.1385427 0.2924100 0.1359900 0.2122017 0.2826217 0.1648509 0.1351687 0.2817356 0.2349571 0.2887036 0.2253502 0.2487070 
Perityle_coahuilensis_24                   0.1120447 0.1510636 0.2561603 0.2814763 0.2351519 0.1098071 0.1562521 0.1716151 0.2866848 0.1015623 0.2657075 0.2636698 0.2447924 0.2470282 0.2275467 0.2833139 0.0433744 0.2637249 0.2277195 0.0200470 0.2430251 0.0055182 0.2887036 0.0000000 0.0048788 0.0035689 0.2611895 0.2643814 0.2740423 0.1778558 0.2218366 0.0978309 0.2717248 0.1012814 0.2627503 0.2548466 0.0728510 0.0610203 0.2645886 0.2634611 0.0044495 0.0027059 0.0795827 0.0026642 0.0708181 0.2716175 0.2605595 0.2580908 0.2594369 0.0675223 0.0133717 0.2503079 0.0017750 0.1798536 0.2492892 0.2390239 0.1636659 0.0386890 0.0053431 0.2580946 0.2301366 0.1820011 0.2878336 0.2421448 0.0190988 0.2688081 0.2592155 0.1116057 0.2519669 0.1759907 0.0219767 0.0017738 0.2246820 0.2574384 0.0116361 0.2369006 0.0015304 0.0936330 0.2699864 0.2582141 0.0217680 0.1894768 0.0044457 0.2627129 0.0687045 
Perityle_cochisensis_44_cave_creek         0.0942524 0.1511496 0.2247799 0.2411648 0.2125076 0.1058830 0.1520850 0.1736031 0.2296595 0.0949068 0.2354699 0.2364817 0.2283975 0.2281612 0.2069242 0.2562559 0.0370206 0.2378600 0.2153630 0.0128149 0.2260043 0.0058570 0.2851908 0.0048788 0.0000000 0.0048956 0.2368668 0.2344028 0.2541704 0.1779486 0.2125225 0.0900992 0.2463174 0.0817548 0.2384749 0.2258538 0.0695093 0.0568215 0.2385404 0.2359695 0.0058579 0.0039652 0.0736977 0.0038965 0.0696010 0.2461265 0.2386666 0.2308371 0.2322590 0.0663118 0.0090635 0.2221156 0.0029202 0.1490580 0.2223083 0.2227321 0.1637580 0.0358182 0.0038976 0.2308420 0.2162836 0.1821040 0.2670562 0.2407285 0.0137442 0.2459370 0.2331268 0.1035775 0.2295970 0.1737797 0.0170454 0.0048730 0.2105181 0.2297162 0.0098037 0.2090908 0.0030647 0.0923129 0.2400562 0.2335386 0.0167307 0.1895931 0.0048735 0.2355508 0.0658717 
Perityle_congesta_202                      0.1103615 0.1514786 0.2536671 0.2821459 0.2321202 0.1098071 0.1565944 0.1701867 0.2842072 0.0997584 0.2640369 0.2621196 0.2432825 0.2455544 0.2264847 0.2830765 0.0415932 0.2619134 0.2266861 0.0210436 0.2414725 0.0055361 0.2864559 0.0035689 0.0048956 0.0000000 0.2598833 0.2630802 0.2723493 0.1766423 0.2224103 0.0939820 0.2714013 0.1003027 0.2601402 0.2534135 0.0731203 0.0602285 0.2642574 0.2606597 0.0044635 0.0036244 0.0787254 0.0026726 0.0699106 0.2713066 0.2594889 0.2567734 0.2581226 0.0689454 0.0124557 0.2493480 0.0017806 0.1793276 0.2477272 0.2372286 0.1623449 0.0387864 0.0053600 0.2567773 0.2291332 0.1806909 0.2862865 0.2400582 0.0191602 0.2673399 0.2578451 0.1120571 0.2492700 0.1740369 0.0192562 0.0035651 0.2236765 0.2561003 0.0116729 0.2353103 0.0015356 0.0926542 0.2699057 0.2568396 0.0218377 0.1880770 0.0044597 0.2614092 0.0674663 
Perityle_cordifolia_27                     0.2836311 0.0860031 0.1079492 0.2359406 0.0945914 0.0634301 0.2562348 0.1102056 0.2090725 0.2457381 0.1187099 0.0370476 0.0301004 0.0364438 0.0271142 0.0558467 0.2637038 0.1680564 0.0554358 0.2594532 0.0361981 0.2542623 0.1348644 0.2611895 0.2368668 0.2598833 0.0000000 0.0484562 0.0664725 0.1056478 0.3055955 0.2799505 0.1230581 0.2635852 0.0373517 0.0499824 0.2754532 0.2510241 0.1308387 0.0435411 0.2612658 0.2636070 0.2877176 0.2608318 0.2461067 0.1289961 0.0448995 0.0310531 0.0346552 0.2468365 0.2529268 0.0338606 0.2597787 0.0915860 0.0331991 0.0552956 0.0273990 0.1639267 0.2623962 0.0328382 0.0514565 0.0493907 0.1620750 0.3512473 0.2587747 0.0588010 0.0179926 0.2866157 0.0645615 0.0160664 0.2623144 0.2608261 0.1108803 0.0324298 0.2660989 0.0332594 0.1627741 0.2437637 0.0673713 0.0299060 0.2587601 0.1358506 0.2618176 0.0791822 0.1761020 
Perityle_cordifolia_68_tecolote            0.2821920 0.0844679 0.1111826 0.2344791 0.1002908 0.0708094 0.2612018 0.1069538 0.2057169 0.2518578 0.1168772 0.0473755 0.0401191 0.0423872 0.0383105 0.0653253 0.2671229 0.1710656 0.0601912 0.2628067 0.0439095 0.2560090 0.1350591 0.2643814 0.2344028 0.2630802 0.0484562 0.0000000 0.0705262 0.1029922 0.3083400 0.2809685 0.1296854 0.2664450 0.0456763 0.0600385 0.2745493 0.2559805 0.1279220 0.0520657 0.2657972 0.2656141 0.2838753 0.2615532 0.2439507 0.1271419 0.0533169 0.0411632 0.0448121 0.2461799 0.2559141 0.0462871 0.2629607 0.1097745 0.0455961 0.0638031 0.0081321 0.1690481 0.2655946 0.0429668 0.0603441 0.0522556 0.1658488 0.3522959 0.2633006 0.0617946 0.0440031 0.2872882 0.0667049 0.0242131 0.2642258 0.2640117 0.1195247 0.0427081 0.2671700 0.0431545 0.1665451 0.2371120 0.0743274 0.0402177 0.2621438 0.1381281 0.2650066 0.1062304 0.1747843 
Perityle_coronopifolia_28_patagonia        0.2941180 0.1057815 0.1211395 0.2414850 0.1156743 0.0791091 0.2617429 0.1266640 0.2371789 0.2592178 0.1277873 0.0605439 0.0576689 0.0597766 0.0544613 0.0723351 0.2723177 0.1879249 0.0670000 0.2735623 0.0552799 0.2685392 0.1706904 0.2740423 0.2541704 0.2723493 0.0664725 0.0705262 0.0000000 0.1251760 0.3164515 0.2941764 0.1336754 0.2693392 0.0634674 0.0740166 0.2817748 0.2554102 0.1429741 0.0724694 0.2769385 0.2709455 0.3005722 0.2750685 0.2601209 0.1408489 0.0588425 0.0597083 0.0616379 0.2583501 0.2702693 0.0602058 0.2739756 0.1233389 0.0543227 0.0393732 0.0545064 0.1855822 0.2767185 0.0596935 0.0379498 0.0520211 0.1729302 0.3746676 0.2744259 0.0144308 0.0545448 0.3010922 0.0643672 0.0502016 0.2686987 0.2750596 0.1307993 0.0595838 0.2805880 0.0614309 0.1863989 0.2615130 0.0803429 0.0555189 0.2743451 0.1356870 0.2760851 0.1232537 0.1944738 
Perityle_crassifolia_70_ventanas           0.1790714 0.0588011 0.0921241 0.1691201 0.0939386 0.0684381 0.2068518 0.0900853 0.1565761 0.1754552 0.1084876 0.1096555 0.1046547 0.1046777 0.0975020 0.1017979 0.1731588 0.0970638 0.1007735 0.1769475 0.1074139 0.1764797 0.2186501 0.1778558 0.1779486 0.1766423 0.1056478 0.1029922 0.1251760 0.0000000 0.2608919 0.1787529 0.0826398 0.1805085 0.1070404 0.1095247 0.1913213 0.1731091 0.0961238 0.1017907 0.1795020 0.1794572 0.1991861 0.1794758 0.2011016 0.0947350 0.1043814 0.0989671 0.1059099 0.1990214 0.1763999 0.1043895 0.1778558 0.1182882 0.0976176 0.1136464 0.0923294 0.1498553 0.1778558 0.1059099 0.1157094 0.1111740 0.1098185 0.2936042 0.1793586 0.1215375 0.1099662 0.1750431 0.1266329 0.1005425 0.1754724 0.1778558 0.0024661 0.0927466 0.1810240 0.0989569 0.1580534 0.1862479 0.1179617 0.1045304 0.1794812 0.1133234 0.1778558 0.0250273 0.1597895 
Perityle_crassifolia_74_playa_balandra     0.2128315 0.2323394 0.2754869 0.3133722 0.3014975 0.1964434 0.2583349 0.2431388 0.3174216 0.1770045 0.3015385 0.3097330 0.2951991 0.2926044 0.2816313 0.3048975 0.2255043 0.3096813 0.2811425 0.2173422 0.2957913 0.2237625 0.2909362 0.2218366 0.2125225 0.2224103 0.3055955 0.3083400 0.3164515 0.2608919 0.0000000 0.2147526 0.3048350 0.2146638 0.3024840 0.2825104 0.2288447 0.2358761 0.3048954 0.3085044 0.2215802 0.2202020 0.2447943 0.2235639 0.2347315 0.3005609 0.3019749 0.3046737 0.3083965 0.2360315 0.2162841 0.3008820 0.2218366 0.3023446 0.2980180 0.2976107 0.2612361 0.1825351 0.2218366 0.3065857 0.2959250 0.2626813 0.3199969 0.1122388 0.2236310 0.3174547 0.3125810 0.2352164 0.2992584 0.1617406 0.2156911 0.2218366 0.2771652 0.3064767 0.2257232 0.2924350 0.1301142 0.2285319 0.3108823 0.3046143 0.2255792 0.3112842 0.2218366 0.2893573 0.1748952 
Perityle_cuneata_34_cuneata_San_antonio    0.1019881 0.1414365 0.2691168 0.2877440 0.2429978 0.1182487 0.1509523 0.1571557 0.2850872 0.0862214 0.2698933 0.2896327 0.2591675 0.2606862 0.2313887 0.3064983 0.1028458 0.2621429 0.2216473 0.1003548 0.2561785 0.0981054 0.2788963 0.0978309 0.0900992 0.0939820 0.2799505 0.2809685 0.2941764 0.1787529 0.2147526 0.0000000 0.2859767 0.0867630 0.2771363 0.2751344 0.1045345 0.0914555 0.2702890 0.2787033 0.0968625 0.1006070 0.1083319 0.0977064 0.0898656 0.2776484 0.2777868 0.2749378 0.2763315 0.0950538 0.1002610 0.2546542 0.0967516 0.2112036 0.2654723 0.2483748 0.1669343 0.0624163 0.0978332 0.2749411 0.2427338 0.1764258 0.2967850 0.2849389 0.0991086 0.2876350 0.2816674 0.1084991 0.2639177 0.1687514 0.1025153 0.0956796 0.2344847 0.2752887 0.1042472 0.2509585 0.0564650 0.0936904 0.2792931 0.2804638 0.1016569 0.2055383 0.0987121 0.2818291 0.0364971 
Perityle_cuneata_4                         0.2764365 0.0531324 0.1124618 0.2380925 0.1079804 0.0575666 0.2977274 0.0935250 0.2193769 0.2504631 0.1162467 0.1177591 0.1167650 0.1212560 0.1158171 0.1380857 0.2701169 0.1279619 0.1155265 0.2672414 0.1179905 0.2649206 0.2450010 0.2717248 0.2463174 0.2714013 0.1230581 0.1296854 0.1336754 0.0826398 0.3048350 0.2859767 0.0000000 0.2610763 0.1227584 0.1195800 0.2756175 0.2636638 0.1178519 0.1242271 0.2731617 0.2705721 0.2932128 0.2713491 0.2440972 0.1191946 0.1266522 0.1159240 0.1189250 0.2393639 0.2660280 0.1159808 0.2702837 0.1577128 0.1150739 0.1279786 0.0973815 0.1595779 0.2729508 0.1189024 0.1287503 0.1128026 0.1725179 0.3623644 0.2707040 0.1337058 0.1178020 0.2943169 0.1354424 0.1035592 0.2705496 0.2713412 0.0998988 0.1147379 0.2770635 0.1101738 0.1611853 0.2555298 0.1353457 0.1199179 0.2691534 0.1127766 0.2723417 0.1100040 0.1795312 
Perityle_discoidea_81                      0.0040057 0.1416528 0.2485967 0.2927495 0.2436638 0.1137739 0.1628006 0.1720328 0.2902343 0.0217696 0.2558274 0.2719047 0.2409675 0.2461330 0.2371093 0.2687421 0.0935288 0.2564110 0.2316688 0.0981045 0.2431727 0.0969722 0.2833490 0.1012814 0.0817548 0.1003027 0.2635852 0.2664450 0.2693392 0.1805085 0.2146638 0.0867630 0.2610763 0.0000000 0.2636518 0.2562284 0.1101428 0.0996433 0.2452382 0.2629154 0.1036991 0.1036347 0.1226935 0.1024428 0.0987807 0.2493760 0.2518372 0.2626917 0.2642204 0.0991832 0.0914340 0.2611552 0.1012814 0.2172713 0.2523984 0.2415299 0.1690904 0.0660582 0.1036575 0.2642041 0.2406017 0.1802872 0.2724842 0.2638728 0.1016877 0.2719571 0.2636401 0.1068388 0.2570162 0.1686410 0.0978945 0.1012814 0.2395727 0.2650864 0.1061149 0.2556805 0.0639281 0.0970654 0.2788368 0.2583905 0.1034264 0.1892578 0.1023808 0.2595556 0.0576923 
Perityle_dissecta_201                      0.2783419 0.0905942 0.1065518 0.2445348 0.0976582 0.0634090 0.2527040 0.1185842 0.2226914 0.2500320 0.1142153 0.0379088 0.0350458 0.0334552 0.0304645 0.0567083 0.2628522 0.1751581 0.0609982 0.2623954 0.0399400 0.2545945 0.1130631 0.2627503 0.2384749 0.2601402 0.0373517 0.0456763 0.0634674 0.1070404 0.3024840 0.2771363 0.1227584 0.2636518 0.0000000 0.0498742 0.2755316 0.2497259 0.1264762 0.0434985 0.2641613 0.2652015 0.2887934 0.2623897 0.2446977 0.1235418 0.0211653 0.0273644 0.0309425 0.2482501 0.2572927 0.0227166 0.2613341 0.0982997 0.0359630 0.0636488 0.0329819 0.1642411 0.2639606 0.0291392 0.0568539 0.0550524 0.1651570 0.3337776 0.2617053 0.0587205 0.0363877 0.2864043 0.0645281 0.0099872 0.2612960 0.2623837 0.1179714 0.0286589 0.2651528 0.0235594 0.1630939 0.2472775 0.0682350 0.0307907 0.2616787 0.1342506 0.2633772 0.0979716 0.1764821 
Perityle_emoryi_47_punta_san_jose          0.2740383 0.0831157 0.0788203 0.2346113 0.0999559 0.0671118 0.2600888 0.1041148 0.2055152 0.2433887 0.1096202 0.0557681 0.0439564 0.0525896 0.0462222 0.0550265 0.2602024 0.1711558 0.0724689 0.2530039 0.0512754 0.2506366 0.1323054 0.2548466 0.2258538 0.2534135 0.0499824 0.0600385 0.0740166 0.1095247 0.2825104 0.2751344 0.1195800 0.2562284 0.0498742 0.0000000 0.2694691 0.2465204 0.1174114 0.0569137 0.2579292 0.2564248 0.2826182 0.2560748 0.2300824 0.1139518 0.0480647 0.0479979 0.0479436 0.2302274 0.2429762 0.0505673 0.2549592 0.1103169 0.0534472 0.0721071 0.0332780 0.1485866 0.2579015 0.0469631 0.0666133 0.0596727 0.1677336 0.3449070 0.2540292 0.0716924 0.0420114 0.2826180 0.0747706 0.0214266 0.2483420 0.2560697 0.1176220 0.0497719 0.2607285 0.0513118 0.1505829 0.2380470 0.0859024 0.0479369 0.2540345 0.1341945 0.2572988 0.0997984 0.1622477 
Perityle_feddemae_99                       0.1233899 0.1602419 0.2636329 0.2735604 0.2501404 0.1228979 0.1598815 0.1802801 0.2833636 0.1100236 0.2803921 0.2725808 0.2597293 0.2682844 0.2468639 0.2878003 0.0802144 0.2881149 0.2329857 0.0729470 0.2635960 0.0749363 0.2833191 0.0728510 0.0695093 0.0731203 0.2754532 0.2745493 0.2817748 0.1913213 0.2288447 0.1045345 0.2756175 0.1101428 0.2755316 0.2694691 0.0000000 0.0757065 0.2746390 0.2698710 0.0749643 0.0730923 0.0217609 0.0737944 0.0187228 0.2810904 0.2732354 0.2675707 0.2675652 0.0229601 0.0759410 0.2550884 0.0717428 0.1959639 0.2614785 0.2519215 0.1833455 0.0566078 0.0738865 0.2661483 0.2466906 0.1995344 0.3070117 0.2842521 0.0726691 0.2769009 0.2762848 0.1132287 0.2611441 0.1934039 0.0794494 0.0727618 0.2445808 0.2641674 0.0793082 0.2511430 0.0600478 0.0968716 0.2853268 0.2681918 0.0758482 0.2022491 0.0748216 0.2718384 0.0838415 
Perityle_fosteri_93                        0.1037015 0.1449624 0.2424524 0.2779829 0.2370221 0.1061131 0.1540459 0.1598162 0.2988473 0.0956548 0.2528394 0.2564602 0.2352096 0.2367185 0.2257244 0.2621429 0.0413456 0.2666287 0.2208897 0.0601387 0.2343034 0.0621927 0.2740498 0.0610203 0.0568215 0.0602285 0.2510241 0.2559805 0.2554102 0.1731091 0.2358761 0.0914555 0.2636638 0.0996433 0.2497259 0.2465204 0.0757065 0.0000000 0.2515648 0.2533111 0.0631685 0.0631318 0.0827253 0.0630673 0.0701255 0.2567624 0.2372880 0.2475287 0.2463453 0.0740115 0.0592080 0.2372800 0.0610203 0.1928635 0.2402779 0.2355321 0.1626556 0.0374282 0.0642030 0.2463309 0.2249443 0.1784851 0.2745296 0.2577323 0.0643703 0.2575863 0.2519449 0.0987378 0.2436983 0.1707265 0.0599616 0.0599747 0.2211815 0.2441623 0.0643078 0.2382271 0.0494661 0.0960067 0.2600002 0.2473447 0.0661286 0.1944054 0.0640882 0.2456363 0.0679226 
Perityle_gamon_221                         0.2672863 0.0510367 0.1182848 0.2250741 0.1184692 0.0645246 0.2853884 0.0912218 0.2282822 0.2441489 0.1184543 0.1288517 0.1164825 0.1221907 0.1141150 0.1386209 0.2635175 0.1688305 0.0968886 0.2593597 0.1181981 0.2568059 0.2151147 0.2645886 0.2385404 0.2642574 0.1308387 0.1279220 0.1429741 0.0961238 0.3048954 0.2702890 0.1178519 0.2452382 0.1264762 0.1174114 0.2746390 0.2515648 0.0000000 0.1234781 0.2660281 0.2659141 0.2912178 0.2642190 0.2414182 0.0097457 0.1365274 0.1227118 0.1267338 0.2382447 0.2601785 0.1214539 0.2631441 0.1652836 0.1168829 0.1281713 0.0873160 0.1704345 0.2659997 0.1246327 0.1318819 0.1085301 0.1497226 0.3577196 0.2596282 0.1385400 0.1212948 0.2836601 0.1389447 0.1001863 0.2657237 0.2642125 0.1149330 0.1236752 0.2699490 0.1167145 0.1608385 0.2454521 0.1354901 0.1246750 0.2596098 0.1054027 0.2654006 0.1339602 0.1710751 
Perityle_gentryi_8_san_francisco           0.2751150 0.0862782 0.1053595 0.2442179 0.1019947 0.0672774 0.2640998 0.1123195 0.2136748 0.2518464 0.1153552 0.0356885 0.0303169 0.0446966 0.0326734 0.0195549 0.2660237 0.1697365 0.0613010 0.2586189 0.0354997 0.2551464 0.1379267 0.2634611 0.2359695 0.2606597 0.0435411 0.0520657 0.0724694 0.1017907 0.3085044 0.2787033 0.1242271 0.2629154 0.0434985 0.0569137 0.2698710 0.2533111 0.1234781 0.0000000 0.2634113 0.2644526 0.2807057 0.2618681 0.2372453 0.1226236 0.0483562 0.0314787 0.0342136 0.2377500 0.2615025 0.0421093 0.2605499 0.1019525 0.0375147 0.0630978 0.0358802 0.1693925 0.2632087 0.0332882 0.0613767 0.0523613 0.1655822 0.3408389 0.2572436 0.0645456 0.0408402 0.2859636 0.0656303 0.0263027 0.2606969 0.2619122 0.1113651 0.0319611 0.2669694 0.0395836 0.1690292 0.2445083 0.0713691 0.0293836 0.2572352 0.1309300 0.2628694 0.0996604 0.1783766 
Perityle_gilensis_22_Superstition          0.1121409 0.1528080 0.2576025 0.2851732 0.2382096 0.1138247 0.1561845 0.1735324 0.2850098 0.1028974 0.2671442 0.2651047 0.2479319 0.2501155 0.2291140 0.2846577 0.0443222 0.2654612 0.2294348 0.0219001 0.2444498 0.0064414 0.2892594 0.0044495 0.0058579 0.0044635 0.2612658 0.2657972 0.2769385 0.1795020 0.2215802 0.0968625 0.2731617 0.1036991 0.2641613 0.2579292 0.0749643 0.0631685 0.2660281 0.2634113 0.0000000 0.0045184 0.0816481 0.0035542 0.0731218 0.2730636 0.2633369 0.2594933 0.2608427 0.0698192 0.0153129 0.2519784 0.0026639 0.1822019 0.2522743 0.2406429 0.1654151 0.0401165 0.0062369 0.2594970 0.2318108 0.1837912 0.2911603 0.2405123 0.0200192 0.2702546 0.2622075 0.1138202 0.2534175 0.1759907 0.0238545 0.0044447 0.2263403 0.2588598 0.0125378 0.2384559 0.0030664 0.0962061 0.2714346 0.2612048 0.0226873 0.1914365 0.0053377 0.2627899 0.0701033 
Perityle_gilensis_salensis_225             0.1151011 0.1510514 0.2585621 0.2816078 0.2367139 0.1137516 0.1590679 0.1734817 0.2851525 0.1004797 0.2670489 0.2635769 0.2463978 0.2486073 0.2291761 0.2728438 0.0440730 0.2651894 0.2293056 0.0203634 0.2451875 0.0056066 0.2922335 0.0027059 0.0039652 0.0036244 0.2636070 0.2656141 0.2709455 0.1794572 0.2202020 0.1006070 0.2705721 0.1036347 0.2652015 0.2564248 0.0730923 0.0631318 0.2659141 0.2644526 0.0045184 0.0000000 0.0819984 0.0027054 0.0721593 0.2730654 0.2584118 0.2604553 0.2604736 0.0688003 0.0086593 0.2518438 0.0018024 0.1831364 0.2508165 0.2378095 0.1653708 0.0401068 0.0054260 0.2604591 0.2288687 0.1803205 0.2894077 0.2439612 0.0194015 0.2685606 0.2607481 0.1125572 0.2516729 0.1785614 0.0219966 0.0036089 0.2262166 0.2598252 0.0108997 0.2383355 0.0030656 0.0948631 0.2726168 0.2597458 0.0221121 0.1913801 0.0045146 0.2651623 0.0700870 
Perityle_glaucescens_94                    0.1354619 0.1722048 0.2829481 0.3036060 0.2686793 0.1271725 0.1686019 0.1906782 0.3054402 0.1153670 0.3015744 0.2901450 0.2669441 0.2766811 0.2539374 0.3021687 0.0920872 0.3047507 0.2412782 0.0817713 0.2709594 0.0791941 0.3016006 0.0795827 0.0736977 0.0787254 0.2877176 0.2838753 0.3005722 0.1991861 0.2447943 0.1083319 0.2932128 0.1226935 0.2887934 0.2826182 0.0217609 0.0827253 0.2912178 0.2807057 0.0816481 0.0819984 0.0000000 0.0804911 0.0061523 0.2990282 0.2866029 0.2809655 0.2823685 0.0250034 0.0816786 0.2702642 0.0784949 0.2128510 0.2777722 0.2658615 0.1899628 0.0636214 0.0806541 0.2809686 0.2607317 0.2110275 0.3196419 0.2882516 0.0808429 0.2971870 0.2922883 0.1203906 0.2794790 0.2111538 0.0871594 0.0794878 0.2484816 0.2781357 0.0859001 0.2640136 0.0648372 0.1013957 0.3032972 0.2813627 0.0835253 0.1995683 0.0814925 0.2882852 0.0878663 
Perityle_gracilis_11                       0.1129085 0.1527846 0.2557981 0.2831514 0.2363872 0.1137852 0.1576317 0.1735030 0.2883249 0.1037598 0.2653374 0.2633022 0.2460520 0.2482649 0.2290814 0.2828107 0.0423488 0.2649260 0.2292133 0.0200161 0.2426805 0.0045913 0.2887036 0.0026642 0.0038965 0.0026726 0.2608318 0.2615532 0.2750685 0.1794758 0.2235639 0.0977064 0.2713491 0.1024428 0.2623897 0.2560748 0.0737944 0.0630673 0.2642190 0.2618681 0.0035542 0.0027054 0.0804911 0.0000000 0.0718452 0.2712394 0.2615587 0.2577368 0.2590808 0.0685558 0.0133693 0.2517457 0.0008861 0.1795469 0.2504832 0.2401778 0.1620639 0.0401117 0.0044458 0.2577406 0.2315928 0.1837620 0.2891300 0.2453094 0.0181460 0.2684326 0.2604041 0.1114601 0.2516069 0.1759907 0.0219545 0.0026614 0.2261285 0.2570802 0.0107245 0.2380121 0.0030660 0.0948722 0.2696093 0.2594030 0.0189834 0.1914030 0.0035483 0.2623525 0.0700949 
