82
Amauria_brandeegeana_62                    0.0000000 0.0407278 0.1119376 0.2934930 0.1522039 0.1127166 0.1057817 0.2272340 0.0576217 0.2123366 0.1442356 0.1947376 0.1056726 0.0776407 0.2298869 0.1844718 0.1702742 0.1849340 0.1290386 0.0496484 0.1387839 0.0497110 0.1413029 0.0516281 0.1325366 0.1254277 0.1933028 0.2315372 0.1400977 0.0831345 0.1763494 0.2866805 0.0138743 0.1472575 0.1299866 0.2123199 0.0805471 0.2333514 0.1824156 0.1325914 0.1662515 0.2204335 0.1403426 0.1960429 0.2382344 0.1309758 0.1276744 0.1412432 0.2943320 0.1246956 0.1420276 0.1109721 0.1466899 0.1059122 0.2673962 0.0655459 0.0602646 0.1358027 0.1405538 0.2388558 0.1631532 0.0472255 0.0628833 0.2172423 0.1545272 0.1507666 0.2107648 0.1279072 0.1413029 0.1502747 0.1500487 0.1185409 0.1011399 0.0796806 0.2018487 0.2453315 0.1397208 0.1072672 0.1319752 0.1453319 0.1791303 0.1476395 
Amauria_carterae_99_mesa                   0.0407278 0.0000000 0.0471874 0.1064668 0.0847920 0.1099260 0.1013481 0.2122144 0.0411035 0.0914294 0.0652888 0.1238532 0.0652405 0.0683209 0.0802268 0.0621158 0.0767795 0.1236935 0.0651556 0.0687740 0.0590228 0.0604296 0.0840627 0.0608223 0.0682902 0.0499003 0.0774036 0.1146609 0.0854083 0.0984410 0.0935675 0.0900208 0.0244942 0.0683884 0.0745097 0.1125776 0.0617989 0.1004043 0.0671247 0.0744028 0.0717717 0.1129660 0.0622090 0.1063440 0.0873682 0.0654550 0.0622090 0.0745685 0.1099481 0.0620264 0.0559478 0.0558581 0.0591258 0.0622396 0.1042913 0.0672055 0.0589685 0.0621823 0.0590228 0.1265681 0.1112273 0.0484429 0.0538278 0.1048825 0.0591819 0.1367772 0.0997312 0.0651626 0.0840627 0.0889341 0.0715528 0.0622090 0.0656826 0.0999464 0.1329529 0.1034839 0.0560229 0.0624965 0.1155028 0.0620778 0.0770722 0.0519613 
Amauria_rotundifolia_SRR9119150            0.1119376 0.0471874 0.0000000 0.3003498 0.1550532 0.1198216 0.1143637 0.2378672 0.1210546 0.2201087 0.1728096 0.1920994 0.1303494 0.0972812 0.2297047 0.2003106 0.2096092 0.2013557 0.1555781 0.0456673 0.1742404 0.0583576 0.1687696 0.0492028 0.1693855 0.1606449 0.1985747 0.2369966 0.1774744 0.0831345 0.1647552 0.3265421 0.0211181 0.1795801 0.1554117 0.2485748 0.0964906 0.2383014 0.1709222 0.1423603 0.1663805 0.2571936 0.1765337 0.2185083 0.2533069 0.1632598 0.1592981 0.1716274 0.3461937 0.1566064 0.1720909 0.1166924 0.1535221 0.1250076 0.2867922 0.0654136 0.0644860 0.1727897 0.1776304 0.2559743 0.1720643 0.0450394 0.0606510 0.2465243 0.1733234 0.1478645 0.2247952 0.1600566 0.1687696 0.1924535 0.1750175 0.1456618 0.1358365 0.0870092 0.1865089 0.2682478 0.1669206 0.1392081 0.1298858 0.1735242 0.2290318 0.2011351 
Conoclinium_coelestinum_SRR9119114         0.2934930 0.1064668 0.3003498 0.0000000 0.2503338 0.0748637 0.1584147 0.2688008 0.2778599 0.3104011 0.2750041 0.2972532 0.2458047 0.1849369 0.3323401 0.3158632 0.2200483 0.2211674 0.2460435 0.0831265 0.2754659 0.0895804 0.2512280 0.1471031 0.2710895 0.2526479 0.2989048 0.3073731 0.2262210 0.1444519 0.2849748 0.4072994 0.0723826 0.2783620 0.2612877 0.2990189 0.2154840 0.3104031 0.3154982 0.2491473 0.2648483 0.3126207 0.2391612 0.2967558 0.3096398 0.2506634 0.2494730 0.2552405 0.3669359 0.2387277 0.2571017 0.2501309 0.2633853 0.2214741 0.3532949 0.2081981 0.1696081 0.2778253 0.2781473 0.2994001 0.2649162 0.1379633 0.1607884 0.3041892 0.2677802 0.2759261 0.2984136 0.2385711 0.2512280 0.2655393 0.2788456 0.2365521 0.2405044 0.1871014 0.2875965 0.2950987 0.2595015 0.2395324 0.1477590 0.2813556 0.2928204 0.2108932 
Eutetras_palmeri_63                        0.1522039 0.0847920 0.1550532 0.2503338 0.0000000 0.1377735 0.1131645 0.2587288 0.1560496 0.1744157 0.1751780 0.1903787 0.1630794 0.1467130 0.2164239 0.2265172 0.1876234 0.1971757 0.1682077 0.0590263 0.1770768 0.0578616 0.1669970 0.0806036 0.1719518 0.1558806 0.1693678 0.2337829 0.1678543 0.0833034 0.1979319 0.3229184 0.0425174 0.1769104 0.1663660 0.2479819 0.1359934 0.2408192 0.1818239 0.1648158 0.1733938 0.2410251 0.1792953 0.2377921 0.2305140 0.1712407 0.1635898 0.1735955 0.3263404 0.1573632 0.1806264 0.1400151 0.1605144 0.1647747 0.2844823 0.1054408 0.1071464 0.1822003 0.1821667 0.2454541 0.1855233 0.0719093 0.0898348 0.2236606 0.1681267 0.1684462 0.1904113 0.1611864 0.1669970 0.2034398 0.1670092 0.1542181 0.1615011 0.1068053 0.1907265 0.2691679 0.1685330 0.1619500 0.1524879 0.1788884 0.2085913 0.1854188 
Eutrochium_fistulosum_SRR9119106           0.1127166 0.1099260 0.1198216 0.0748637 0.1377735 0.0000000 0.1388851 0.2556368 0.1107138 0.1480026 0.1269618 0.1579720 0.1180709 0.1360973 0.1355285 0.1268349 0.1373293 0.1804906 0.1237881 0.0781755 0.1180730 0.0853371 0.1421230 0.0996521 0.1296522 0.1120967 0.1483667 0.1657288 0.1238878 0.1131534 0.1501848 0.1516314 0.0721645 0.1301049 0.0857294 0.1735104 0.1264703 0.1649036 0.1009484 0.1357488 0.1246341 0.1804054 0.1181860 0.1675574 0.1394354 0.1242730 0.1181860 0.1299579 0.1744240 0.1178635 0.1179651 0.1214293 0.1212519 0.1211179 0.1600181 0.0904700 0.1123156 0.1212034 0.1180730 0.1779157 0.1421720 0.1025317 0.0819265 0.1534480 0.1180058 0.1654001 0.1246920 0.1207449 0.1421230 0.1241119 0.1272836 0.1181860 0.1247859 0.1431653 0.1616789 0.1621691 0.1149797 0.1248750 0.1514746 0.1269716 0.1253888 0.1190484 
Galeana_pratensis_104_mex                  0.1057817 0.1013481 0.1143637 0.1584147 0.1131645 0.1388851 0.0000000 0.2017322 0.0957347 0.1137479 0.1023786 0.1169175 0.1131492 0.1134118 0.1056219 0.1057713 0.1518778 0.1534249 0.1055835 0.0828953 0.0947795 0.0737896 0.1022064 0.1058519 0.1127831 0.1021873 0.1129749 0.1930819 0.1465567 0.1281980 0.1590971 0.1698582 0.0755302 0.0952041 0.1327406 0.1739741 0.0956803 0.1951012 0.1173457 0.0984182 0.1022418 0.1742320 0.1095972 0.1781058 0.1863619 0.1093823 0.1059469 0.1131395 0.1707466 0.1092484 0.1057006 0.1020660 0.1059363 0.1019533 0.1780380 0.0969848 0.0947863 0.0947795 0.0947795 0.1994921 0.1607663 0.0948977 0.0838094 0.1861544 0.1058408 0.1510854 0.1208058 0.1095290 0.1022064 0.1547107 0.0946772 0.1059469 0.1104159 0.1087775 0.1435184 0.1665401 0.0914372 0.1065503 0.2004090 0.1018954 0.1467941 0.1067102 
Helianthus_annuus_SRR9119062               0.2272340 0.2122144 0.2378672 0.2688008 0.2587288 0.2556368 0.2017322 0.0000000 0.2256220 0.2872348 0.2594390 0.3156147 0.2475823 0.2515489 0.2417000 0.2475377 0.2271645 0.2829570 0.2519116 0.1759630 0.2435841 0.1917231 0.2479737 0.2255924 0.2557462 0.2342937 0.2872498 0.2506949 0.2457010 0.1015674 0.2356774 0.2771438 0.1983289 0.2602514 0.1249562 0.2482516 0.2280310 0.2327987 0.1904100 0.2765578 0.2847216 0.2450302 0.2519236 0.2529789 0.2577913 0.2641729 0.2519236 0.2683663 0.2407293 0.2515856 0.2435721 0.2467231 0.2479765 0.2480453 0.2717966 0.1352076 0.2306217 0.2479730 0.2435841 0.2618549 0.1927194 0.2254928 0.1679777 0.2481803 0.2426280 0.2774242 0.2959299 0.2563144 0.2479737 0.2370753 0.2689205 0.2519236 0.2539002 0.2438361 0.2845111 0.2645038 0.2561515 0.2474989 0.2374336 0.2516950 0.2491188 0.2585123 
Lycapsus_tenuifolius_17                    0.0576217 0.0411035 0.1210546 0.2778599 0.1560496 0.1107138 0.0957347 0.2256220 0.0000000 0.2252100 0.1510199 0.1966598 0.1066647 0.0846784 0.1920313 0.1706089 0.1772503 0.1930804 0.1342565 0.0504110 0.1463943 0.0503566 0.1453350 0.0520407 0.1443378 0.1316207 0.2047749 0.2382165 0.1623671 0.0906931 0.1774613 0.2406562 0.0034424 0.1451119 0.1245659 0.2236995 0.0742518 0.2169770 0.1148843 0.1403618 0.1670277 0.2290296 0.1456704 0.1862220 0.2362868 0.1365724 0.1310798 0.1451609 0.2798281 0.1309014 0.1375522 0.1135061 0.1457658 0.1054056 0.2421084 0.0655442 0.0585999 0.1447625 0.1466884 0.2439614 0.1581646 0.0499853 0.0581300 0.2363511 0.1571787 0.1523760 0.2194214 0.1414616 0.1453350 0.1635285 0.1559885 0.1232094 0.0989347 0.0805093 0.1868698 0.2612080 0.1434444 0.0978836 0.1184460 0.1541577 0.2056094 0.1652786 
Pericome_caudata_50_silver                 0.2123366 0.0914294 0.2201087 0.3104011 0.1744157 0.1480026 0.1137479 0.2872348 0.2252100 0.0000000 0.2092113 0.2161354 0.1757108 0.1721595 0.2702505 0.2963459 0.2913662 0.2239939 0.2046957 0.0687599 0.2140267 0.0701568 0.2079638 0.0751436 0.2090878 0.1818908 0.2342932 0.3010910 0.2272570 0.0980213 0.2332097 0.3868716 0.0541742 0.2267002 0.1829746 0.3003168 0.1587273 0.2600704 0.1909089 0.1823413 0.2138865 0.2978693 0.2384919 0.2765926 0.2730496 0.1980026 0.2010363 0.2121386 0.3856302 0.1982213 0.2150847 0.1825841 0.2129357 0.1829932 0.3509530 0.1052005 0.1374201 0.2210098 0.2194989 0.3526452 0.2033106 0.0672798 0.1007256 0.2826054 0.2147209 0.1419198 0.2167203 0.1991943 0.2079638 0.2331962 0.2138495 0.2125234 0.1877115 0.1133378 0.1993639 0.3249096 0.2076070 0.1938729 0.1496110 0.2338868 0.2781397 0.2631424 
Perityle_aglossa_84_dead_horse             0.1442356 0.0652888 0.1728096 0.2750041 0.1751780 0.1269618 0.1023786 0.2594390 0.1510199 0.2092113 0.0000000 0.1525699 0.0517874 0.0380167 0.2028030 0.1333332 0.1788138 0.1961088 0.0826778 0.0780981 0.0929042 0.0456574 0.0865261 0.0293627 0.0848363 0.1238460 0.1707873 0.2286056 0.1586970 0.1208486 0.2074400 0.3212899 0.0425716 0.0914051 0.1829733 0.2161804 0.0281312 0.2265629 0.1621763 0.0908486 0.1122883 0.2181800 0.1122734 0.1996166 0.2271095 0.0869403 0.0931450 0.1012806 0.2983912 0.0811803 0.0710303 0.0963079 0.1012698 0.0510587 0.2746581 0.0505216 0.0361567 0.0984560 0.0971572 0.2274385 0.1688938 0.0350027 0.0319308 0.2052275 0.1310496 0.1560334 0.1964648 0.0861593 0.0865261 0.1812983 0.1199940 0.0826439 0.0552036 0.0828061 0.1991827 0.2580073 0.0852181 0.0609427 0.1429071 0.1084142 0.2149817 0.1626820 
Perityle_ajoensis_204                      0.1947376 0.1238532 0.1920994 0.2972532 0.1903787 0.1579720 0.1169175 0.3156147 0.1966598 0.2161354 0.1525699 0.0000000 0.1138347 0.1159153 0.2519873 0.2087842 0.2657436 0.2183354 0.1371862 0.0829612 0.1339293 0.0340597 0.1334832 0.0403468 0.1337171 0.1663904 0.1879204 0.2789341 0.2299251 0.1212268 0.2253798 0.3662289 0.0685392 0.1494911 0.1920677 0.2849346 0.0865272 0.2539548 0.1713180 0.1081067 0.1386067 0.2859171 0.1498251 0.2596702 0.2462240 0.1365999 0.1200151 0.1245141 0.3759675 0.1351186 0.1396398 0.1225698 0.1497998 0.0959090 0.3030014 0.0566387 0.1082218 0.1386951 0.1372026 0.3242111 0.1813803 0.0595982 0.0421558 0.2525805 0.1765229 0.1850281 0.2579845 0.1365414 0.1334832 0.2334479 0.1320322 0.1200194 0.1204834 0.0830337 0.2318792 0.3010593 0.1500861 0.1229496 0.1392660 0.1510692 0.2709645 0.2754938 
Perityle_ambrosiifolia_67_green            0.1056726 0.0652405 0.1303494 0.2458047 0.1630794 0.1180709 0.1131492 0.2475823 0.1066647 0.1757108 0.0517874 0.1138347 0.0000000 0.0338332 0.1616851 0.1012286 0.1448291 0.1817507 0.0550826 0.0733928 0.0597068 0.0225429 0.0602883 0.0212455 0.0568090 0.0945419 0.1342423 0.1850699 0.1635114 0.1137718 0.1990857 0.2922415 0.0461914 0.0577937 0.1713680 0.1945252 0.0239502 0.2176906 0.1544255 0.0814707 0.0699883 0.1909166 0.0734336 0.1809267 0.1953373 0.0546633 0.0560866 0.0644601 0.2751943 0.0450385 0.0481613 0.0598819 0.0812485 0.0523605 0.2680025 0.0418566 0.0332992 0.0625685 0.0639656 0.2141769 0.1701674 0.0281539 0.0280106 0.1568937 0.0990659 0.1546497 0.1647477 0.0511475 0.0602883 0.1880666 0.0829358 0.0601264 0.0454480 0.0668873 0.2089134 0.2272998 0.0546107 0.0672784 0.1315061 0.0682182 0.1879346 0.1538949 
Perityle_angustifolia_13_Eagle_creek       0.0776407 0.0683209 0.0972812 0.1849369 0.1467130 0.1360973 0.1134118 0.2515489 0.0846784 0.1721595 0.0380167 0.1159153 0.0338332 0.0000000 0.1170211 0.0229922 0.1117965 0.1813888 0.0230446 0.0782401 0.0380409 0.0225666 0.0491196 0.0266891 0.0422977 0.0490091 0.1283680 0.1761439 0.1189157 0.1215268 0.1845414 0.1937604 0.0536098 0.0294781 0.1292549 0.1577406 0.0262677 0.1847240 0.0963241 0.0734247 0.0856221 0.1548575 0.0358737 0.1532655 0.1710223 0.0381334 0.0315838 0.0402294 0.1528348 0.0229729 0.0187997 0.0869456 0.0582366 0.0187917 0.1628979 0.0553037 0.0454646 0.0402516 0.0380409 0.1623037 0.1505543 0.0339535 0.0277039 0.1442224 0.0534801 0.1622848 0.1210511 0.0251424 0.0491196 0.1246111 0.0744087 0.0315838 0.0295681 0.0700731 0.1715860 0.1411669 0.0251196 0.0446619 0.1323080 0.0467435 0.1290022 0.0944422 
Perityle_batopilensis_97                   0.2298869 0.0802268 0.2297047 0.3323401 0.2164239 0.1355285 0.1056219 0.2417000 0.1920313 0.2702505 0.2028030 0.2519873 0.1616851 0.1170211 0.0000000 0.2031300 0.2258371 0.2307675 0.1865646 0.0730012 0.2081186 0.0536692 0.2061897 0.0770955 0.2090065 0.1959148 0.2456059 0.3050763 0.2068687 0.1126161 0.2459865 0.3167958 0.0606551 0.2070300 0.2355908 0.2952650 0.1277047 0.2969786 0.0414475 0.1906074 0.2166352 0.2832466 0.1542624 0.2912037 0.3072392 0.1868067 0.1872776 0.1941847 0.3117833 0.1875461 0.1701652 0.1753612 0.1913715 0.1640258 0.2955054 0.0768131 0.0759210 0.2121564 0.2086252 0.2742383 0.2236712 0.0541589 0.0652421 0.2835156 0.2223624 0.1580438 0.2535914 0.1888827 0.2061897 0.2568818 0.2121732 0.1339648 0.1738019 0.1160224 0.2005689 0.2850254 0.2025416 0.1730225 0.1469164 0.2194745 0.2841072 0.2042241 
Perityle_bisetosa_9                        0.1844718 0.0621158 0.2003106 0.3158632 0.2265172 0.1268349 0.1057713 0.2475377 0.1706089 0.2963459 0.1333332 0.2087842 0.1012286 0.0229922 0.2031300 0.0000000 0.1956287 0.2024269 0.1234878 0.0733209 0.1320524 0.0149290 0.1461621 0.0212340 0.1318597 0.1733266 0.2225642 0.2731698 0.1816014 0.1136008 0.2649362 0.2898337 0.0498695 0.1385794 0.2275315 0.2829020 0.0741031 0.2656242 0.1393037 0.1516284 0.1553772 0.2787598 0.1201317 0.2676569 0.2776098 0.1406446 0.1387538 0.1441527 0.2776929 0.1265203 0.1209196 0.1461800 0.1567007 0.0968103 0.2560172 0.0533645 0.0400962 0.1409145 0.1358455 0.2326959 0.1692146 0.0326200 0.0269007 0.2563876 0.1831942 0.2007538 0.2564876 0.1334405 0.1461621 0.2322360 0.1542182 0.1247322 0.1221780 0.0635745 0.2214128 0.2386960 0.1401256 0.1203339 0.1314439 0.1536919 0.2560975 0.1675272 
Perityle_californica_76_positas            0.1702742 0.0767795 0.2096092 0.2200483 0.1876234 0.1373293 0.1518778 0.2271645 0.1772503 0.2913662 0.1788138 0.2657436 0.1448291 0.1117965 0.2258371 0.1956287 0.0000000 0.2049278 0.1762506 0.0719643 0.1568823 0.0937581 0.1999616 0.0987472 0.1568456 0.1813436 0.2504631 0.2208406 0.1753077 0.1063444 0.1950693 0.2597632 0.0515345 0.1789666 0.1233068 0.1907166 0.1133743 0.2147026 0.1405253 0.1860787 0.2216674 0.2172467 0.1669482 0.2178461 0.2250732 0.1742052 0.1668441 0.1810353 0.2132271 0.1668240 0.1602180 0.1813612 0.1739770 0.1288138 0.2453277 0.0881662 0.1041384 0.1641245 0.1572866 0.2442902 0.1707878 0.0928284 0.1005081 0.2341076 0.1765070 0.1982573 0.2181768 0.1713534 0.1999616 0.1703709 0.2183921 0.1640759 0.1393452 0.1260272 0.2470289 0.2361100 0.1739473 0.1494481 0.1292865 0.1638566 0.1990345 0.1666839 
Perityle_canescens_77                      0.1849340 0.1236935 0.2013557 0.2211674 0.1971757 0.1804906 0.1534249 0.2829570 0.1930804 0.2239939 0.1961088 0.2183354 0.1817507 0.1813888 0.2307675 0.2024269 0.2049278 0.0000000 0.1929748 0.0880198 0.1900360 0.1201100 0.2244395 0.1097887 0.2056573 0.1872856 0.2399646 0.1804848 0.1538482 0.1050348 0.2141399 0.2215373 0.0837244 0.2092828 0.0971372 0.1221733 0.1898552 0.1799847 0.1379972 0.1940506 0.2169142 0.1306100 0.1895285 0.1309987 0.1819407 0.2003516 0.1895285 0.1964624 0.1306843 0.1863076 0.1808988 0.2156135 0.2097145 0.1696431 0.1625241 0.1095259 0.1548671 0.1967139 0.1900360 0.1789694 0.0947302 0.1153547 0.1095810 0.1778790 0.1854768 0.2529795 0.2327193 0.1922207 0.2244395 0.1574116 0.2183105 0.1859689 0.1864341 0.1530909 0.2423011 0.1573374 0.1961327 0.1956617 0.0707779 0.2025614 0.1873976 0.2036122 
Perityle_castillonii_96                    0.1290386 0.0651556 0.1555781 0.2460435 0.1682077 0.1237881 0.1055835 0.2519116 0.1342565 0.2046957 0.0826778 0.1371862 0.0550826 0.0230446 0.1865646 0.1234878 0.1762506 0.1929748 0.0000000 0.0781200 0.0770340 0.0186906 0.0349793 0.0185401 0.0711523 0.0888781 0.1526759 0.2127553 0.1581935 0.1212365 0.2105641 0.3003202 0.0535459 0.0736625 0.1619414 0.2101714 0.0202578 0.2135415 0.1605664 0.0613984 0.1009962 0.2162991 0.0366255 0.1954841 0.2176145 0.0329931 0.0349217 0.0416063 0.2740322 0.0205069 0.0670129 0.0619176 0.0983167 0.0251222 0.2506697 0.0504680 0.0400745 0.0742717 0.0757423 0.2326266 0.1737679 0.0302330 0.0269109 0.1824022 0.1253646 0.1638084 0.1937740 0.0220661 0.0349793 0.1781892 0.1076067 0.0280691 0.0498960 0.0635823 0.2116551 0.2292971 0.0522802 0.0617756 0.1351064 0.0930534 0.1930435 0.1307319 
Perityle_cernua_84                         0.0496484 0.0687740 0.0456673 0.0831265 0.0590263 0.0781755 0.0828953 0.1759630 0.0504110 0.0687599 0.0780981 0.0829612 0.0733928 0.0782401 0.0730012 0.0733209 0.0719643 0.0880198 0.0781200 0.0000000 0.0781737 0.0782255 0.0781307 0.0831613 0.0826973 0.0635510 0.0685312 0.1166848 0.0311724 0.0616466 0.0689919 0.0782310 0.0470138 0.0732492 0.0367815 0.0926769 0.0733209 0.0833216 0.0780082 0.0733209 0.0732492 0.0977648 0.0734058 0.1078505 0.0783918 0.0829877 0.0734058 0.0780963 0.0977648 0.0686053 0.0733209 0.0734700 0.0734063 0.0829034 0.0924898 0.0858564 0.0685247 0.0781737 0.0781737 0.0931592 0.1052084 0.0541051 0.0759243 0.1073625 0.0588614 0.0730991 0.0636969 0.0830814 0.0781307 0.0357827 0.0781737 0.0734058 0.0791676 0.0831318 0.0683422 0.0785984 0.0781940 0.0780139 0.1030924 0.0829891 0.0357827 0.0606642 
Perityle_cfvillosa_25_tin                  0.1387839 0.0590228 0.1742404 0.2754659 0.1770768 0.1180730 0.0947795 0.2435841 0.1463943 0.2140267 0.0929042 0.1339293 0.0597068 0.0380409 0.2081186 0.1320524 0.1568823 0.1900360 0.0770340 0.0781737 0.0000000 0.0225191 0.0895177 0.0239460 0.0219046 0.1161445 0.1583523 0.2176041 0.1672296 0.1133903 0.2055727 0.3060175 0.0461320 0.0913719 0.1889696 0.2282629 0.0410567 0.2248586 0.1647747 0.0851536 0.1272310 0.2352156 0.0854657 0.2163829 0.2310695 0.0899217 0.0719532 0.0799448 0.3062692 0.0759514 0.0791587 0.0966779 0.1086401 0.0385941 0.2776731 0.0419429 0.0460602 0.0108885 0.0072421 0.2312648 0.1751041 0.0303086 0.0319637 0.2074950 0.1335242 0.1652420 0.2003889 0.0794609 0.0895177 0.1944657 0.0948363 0.0695522 0.0681120 0.0479491 0.2013116 0.2666726 0.0879674 0.0717084 0.1278878 0.0394733 0.2204018 0.1668546 
Perityle_cinerea_113_Powell1310            0.0497110 0.0604296 0.0583576 0.0895804 0.0578616 0.0853371 0.0737896 0.1917231 0.0503566 0.0701568 0.0456574 0.0340597 0.0225429 0.0225666 0.0536692 0.0149290 0.0937581 0.1201100 0.0186906 0.0782255 0.0225191 0.0000000 0.0263671 0.0263398 0.0300843 0.0340913 0.0417841 0.1226845 0.0857074 0.1214841 0.1078859 0.1072619 0.0470213 0.0225361 0.0757252 0.1152186 0.0111715 0.1161546 0.0619022 0.0111715 0.0187160 0.1196732 0.0263656 0.1240767 0.0983518 0.0301363 0.0263656 0.0263512 0.1159088 0.0186947 0.0149432 0.0379291 0.0419713 0.0186947 0.0980754 0.0531966 0.0379791 0.0225191 0.0225191 0.1241370 0.1300100 0.0301800 0.0310665 0.1148614 0.0418390 0.0990069 0.0780981 0.0187278 0.0263671 0.0900561 0.0225191 0.0263656 0.0265861 0.0263642 0.0948157 0.1072538 0.0263137 0.0420277 0.1326915 0.0263276 0.0817981 0.0602511 
Perityle_coahuilensis_24                   0.1413029 0.0840627 0.1687696 0.2512280 0.1669970 0.1421230 0.1022064 0.2479737 0.1453350 0.2079638 0.0865261 0.1334832 0.0602883 0.0491196 0.2061897 0.1461621 0.1999616 0.2244395 0.0349793 0.0781307 0.0895177 0.0263671 0.0000000 0.0321161 0.0825327 0.0948742 0.1630248 0.2270753 0.1803519 0.1212580 0.2146101 0.3330570 0.0684386 0.0862314 0.1728807 0.2245789 0.0314325 0.2225245 0.1580099 0.0632902 0.1053373 0.2281936 0.0486633 0.2059955 0.2163251 0.0410530 0.0402140 0.0465371 0.3069769 0.0302909 0.0808608 0.0667569 0.1125761 0.0351282 0.2671908 0.0506302 0.0560356 0.0882431 0.0910366 0.2502928 0.1542806 0.0446753 0.0294616 0.1964118 0.1339167 0.1576154 0.1980449 0.0343845 0.0000010 0.1994679 0.1129482 0.0386978 0.0596721 0.0669423 0.2050675 0.2617566 0.0630161 0.0610620 0.1505840 0.1020697 0.2135652 0.1484390 
Perityle_cochisensis_44_cave_creek         0.0516281 0.0608223 0.0492028 0.1471031 0.0806036 0.0996521 0.1058519 0.2255924 0.0520407 0.0751436 0.0293627 0.0403468 0.0212455 0.0266891 0.0770955 0.0212340 0.0987472 0.1097887 0.0185401 0.0831613 0.0239460 0.0263398 0.0321161 0.0000000 0.0292925 0.0348223 0.0487589 0.1412592 0.0982441 0.1136215 0.1218961 0.1282043 0.0577916 0.0213126 0.1001796 0.1436040 0.0165419 0.1324270 0.0882155 0.0158575 0.0267206 0.1439714 0.0266746 0.1343936 0.1254238 0.0239441 0.0212813 0.0294028 0.1379695 0.0212078 0.0158662 0.0321504 0.0322916 0.0159017 0.1186873 0.0372381 0.0348547 0.0266873 0.0239460 0.1483526 0.1418175 0.0239595 0.0251415 0.1361304 0.0348660 0.1295386 0.1042380 0.0212418 0.0321161 0.1047846 0.0212493 0.0212813 0.0159989 0.0700167 0.1289092 0.1068637 0.0158731 0.0322516 0.1285017 0.0321043 0.1006810 0.0726080 
Perityle_congesta_202                      0.1325366 0.0682902 0.1693855 0.2710895 0.1719518 0.1296522 0.1127831 0.2557462 0.1443378 0.2090878 0.0848363 0.1337171 0.0568090 0.0422977 0.2090065 0.1318597 0.1568456 0.2056573 0.0711523 0.0826973 0.0219046 0.0300843 0.0825327 0.0292925 0.0000000 0.1144203 0.1597878 0.2122440 0.1619896 0.1133903 0.2051096 0.3016696 0.0534972 0.0871779 0.1860254 0.2248419 0.0393512 0.2192576 0.1689099 0.0779434 0.1212554 0.2317040 0.0903194 0.2047839 0.2292284 0.0828020 0.0651831 0.0730819 0.3061866 0.0691338 0.0734616 0.0951331 0.1098242 0.0341139 0.2703981 0.0418971 0.0499995 0.0306391 0.0268984 0.2305964 0.1718749 0.0373836 0.0293941 0.1970335 0.1329345 0.1651031 0.1966605 0.0725341 0.0825327 0.1907270 0.0962506 0.0644824 0.0650859 0.0603830 0.2074746 0.2622889 0.0783459 0.0660021 0.1425373 0.0561001 0.2166890 0.1669650 
Perityle_cordifolia_27                     0.1254277 0.0499003 0.1606449 0.2526479 0.1558806 0.1120967 0.1021873 0.2342937 0.1316207 0.1818908 0.1238460 0.1663904 0.0945419 0.0490091 0.1959148 0.1733266 0.1813436 0.1872856 0.0888781 0.0635510 0.1161445 0.0340913 0.0948742 0.0348223 0.1144203 0.0000000 0.1662287 0.2278634 0.1434199 0.0978943 0.2110438 0.3229134 0.0352048 0.1237633 0.1718296 0.2252323 0.0708443 0.2116654 0.1708662 0.1193078 0.1403475 0.2266883 0.0872474 0.2092477 0.2132844 0.0856551 0.0852345 0.0975273 0.3128899 0.0812547 0.1048348 0.0909816 0.1028589 0.0841156 0.3050820 0.0833136 0.0580774 0.1148305 0.1177531 0.2355484 0.1969379 0.0137642 0.0786894 0.2139847 0.0689062 0.1490948 0.1757574 0.0848999 0.0948742 0.1693072 0.1437664 0.0827891 0.0929564 0.0797631 0.1908559 0.2694127 0.1071154 0.1044236 0.1243415 0.1322666 0.1782837 0.1093814 
Perityle_cordifolia_68_tecolote            0.1933028 0.0774036 0.1985747 0.2989048 0.1693678 0.1483667 0.1129749 0.2872498 0.2047749 0.2342932 0.1707873 0.1879204 0.1342423 0.1283680 0.2456059 0.2225642 0.2504631 0.2399646 0.1526759 0.0685312 0.1583523 0.0417841 0.1630248 0.0487589 0.1597878 0.1662287 0.0000000 0.2798872 0.2357512 0.0908495 0.2395271 0.3665694 0.0387651 0.1688300 0.1719519 0.2704761 0.1012956 0.2722211 0.1677418 0.1457417 0.1633912 0.2708393 0.1843246 0.2496644 0.2460597 0.1601399 0.1601370 0.1646816 0.3581791 0.1496440 0.1564608 0.1185986 0.1725032 0.1239965 0.3143099 0.0109624 0.0853630 0.1631562 0.1616521 0.3025005 0.1707327 0.0548027 0.0439022 0.2563567 0.1841951 0.1908324 0.2492304 0.1574484 0.1630248 0.2278549 0.1627179 0.1563729 0.1332569 0.0796436 0.2412440 0.2876191 0.1611325 0.1381960 0.1170868 0.1849433 0.2642144 0.2414620 
Perityle_coronopifolia_28_patagonia        0.2315372 0.1146609 0.2369966 0.3073731 0.2337829 0.1657288 0.1930819 0.2506949 0.2382165 0.3010910 0.2286056 0.2789341 0.1850699 0.1761439 0.3050763 0.2731698 0.2208406 0.1804848 0.2127553 0.1166848 0.2176041 0.1226845 0.2270753 0.1412592 0.2122440 0.2278634 0.2798872 0.0000000 0.2454373 0.1227768 0.2301689 0.3351690 0.0749492 0.2356466 0.2489938 0.1950151 0.1843998 0.2138097 0.2619742 0.2102158 0.2356628 0.1980169 0.2357380 0.1810907 0.2189978 0.2221901 0.2195435 0.2285215 0.2586355 0.2150901 0.2187817 0.2107017 0.2287404 0.1859523 0.2080481 0.1818712 0.1577881 0.2266725 0.2270322 0.1739831 0.1511934 0.1551880 0.1757051 0.0883719 0.2450818 0.2626884 0.3105848 0.2214852 0.2270753 0.2517610 0.2544218 0.2221429 0.1981777 0.1452205 0.2946609 0.2720116 0.2341224 0.2108840 0.0764878 0.2318833 0.2898705 0.2287108 
Perityle_crassifolia_70_ventanas           0.1400977 0.0854083 0.1774744 0.2262210 0.1678543 0.1238878 0.1465567 0.2457010 0.1623671 0.2272570 0.1586970 0.2299251 0.1635114 0.1189157 0.2068687 0.1816014 0.1753077 0.1538482 0.1581935 0.0311724 0.1672296 0.0857074 0.1803519 0.0982441 0.1619896 0.1434199 0.2357512 0.2454373 0.0000000 0.0404780 0.2168618 0.2298120 0.0663947 0.1562106 0.0132321 0.1993683 0.1089111 0.2155710 0.1393665 0.2031619 0.1959278 0.2014654 0.1604672 0.1882538 0.2298022 0.1601877 0.1581435 0.1556217 0.1969772 0.1506668 0.1391812 0.1629327 0.1379818 0.1376939 0.2448722 0.1072235 0.0959741 0.1647769 0.1647769 0.2137662 0.1540235 0.0860069 0.1044271 0.2085243 0.1845837 0.1771908 0.1986990 0.1555224 0.1803519 0.0139712 0.1998463 0.1581435 0.1542033 0.1330561 0.2315211 0.1998271 0.1507402 0.1533139 0.1224972 0.1648413 0.0378789 0.1354098 
Perityle_crassifolia_74_playa_balandra     0.0831345 0.0984410 0.0831345 0.1444519 0.0833034 0.1131534 0.1281980 0.1015674 0.0906931 0.0980213 0.1208486 0.1212268 0.1137718 0.1215268 0.1126161 0.1136008 0.1063444 0.1050348 0.1212365 0.0616466 0.1133903 0.1214841 0.1212580 0.1136215 0.1133903 0.0978943 0.0908495 0.1227768 0.0404780 0.0000000 0.0836291 0.0904597 0.0906931 0.1133903 0.0100055 0.1197318 0.1136008 0.0837377 0.1056854 0.1136008 0.1133903 0.1197318 0.1059828 0.1277946 0.0835421 0.1134495 0.1059828 0.1211761 0.1197318 0.1061742 0.1136008 0.1135415 0.1055778 0.1288399 0.1054838 0.0908495 0.0905314 0.1133903 0.1133903 0.1214324 0.1054816 0.0830294 0.1132396 0.1227768 0.0830294 0.0901491 0.1051281 0.1292659 0.1212580 0.0473599 0.1133903 0.1059828 0.1210946 0.1133903 0.0828637 0.1056962 0.1213737 0.1134110 0.1293468 0.1133903 0.0473599 0.0984077 
Perityle_cuneata_34_cuneata_San_antonio    0.1763494 0.0935675 0.1647552 0.2849748 0.1979319 0.1501848 0.1590971 0.2356774 0.1774613 0.2332097 0.2074400 0.2253798 0.1990857 0.1845414 0.2459865 0.2649362 0.1950693 0.2141399 0.2105641 0.0689919 0.2055727 0.1078859 0.2146101 0.1218961 0.2051096 0.2110438 0.2395271 0.2301689 0.2168618 0.0836291 0.0000000 0.2612680 0.0534784 0.2128634 0.1513336 0.2367025 0.1697511 0.2468170 0.1937931 0.2145422 0.2197469 0.2460575 0.2226248 0.2221545 0.2322709 0.2064101 0.1976834 0.2141642 0.3188927 0.1978512 0.2053600 0.1564417 0.2006834 0.2036531 0.2813331 0.1387735 0.1398988 0.2113029 0.2092683 0.2480456 0.1910386 0.1124611 0.1328486 0.2126477 0.2132018 0.2108951 0.2385176 0.2027435 0.2146101 0.2287821 0.2126750 0.2058114 0.2002210 0.1523291 0.2624041 0.2701991 0.2050713 0.2132913 0.1249933 0.2091396 0.2217858 0.2254441 
Perityle_cuneata_4                         0.2866805 0.0900208 0.3265421 0.4072994 0.3229184 0.1516314 0.1698582 0.2771438 0.2406562 0.3868716 0.3212899 0.3662289 0.2922415 0.1937604 0.3167958 0.2898337 0.2597632 0.2215373 0.3003202 0.0782310 0.3060175 0.1072619 0.3330570 0.1282043 0.3016696 0.3229134 0.3665694 0.3351690 0.2298120 0.0904597 0.2612680 0.0000000 0.0758614 0.3409078 0.2899377 0.3268811 0.2121021 0.3202675 0.2674823 0.3285578 0.3292815 0.3182945 0.2601282 0.3137614 0.3442428 0.3234377 0.3170084 0.3226666 0.3330636 0.3117220 0.3068701 0.2840507 0.3199397 0.2635295 0.2598229 0.1481002 0.1572646 0.3121486 0.3123045 0.3159329 0.1961766 0.1263526 0.1526998 0.3378785 0.3462411 0.2788557 0.3932792 0.3120749 0.3330570 0.3071655 0.3229524 0.2390626 0.2813331 0.1541094 0.2914976 0.3417503 0.3345271 0.3084599 0.1277985 0.3165278 0.3258914 0.2477266 
Perityle_discoidea_81                      0.0138743 0.0244942 0.0211181 0.0723826 0.0425174 0.0721645 0.0755302 0.1983289 0.0034424 0.0541742 0.0425716 0.0685392 0.0461914 0.0536098 0.0606551 0.0498695 0.0515345 0.0837244 0.0535459 0.0470138 0.0461320 0.0470213 0.0684386 0.0577916 0.0534972 0.0352048 0.0387651 0.0749492 0.0663947 0.0906931 0.0534784 0.0758614 0.0000000 0.0462110 0.0191636 0.0873508 0.0488718 0.0685277 0.0549749 0.0534717 0.0612925 0.0877314 0.0461978 0.0799818 0.0534903 0.0535809 0.0461978 0.0535336 0.0914242 0.0461850 0.0461559 0.0352326 0.0424356 0.0499710 0.0848631 0.0369708 0.0388054 0.0498808 0.0461320 0.0881669 0.0726044 0.0280172 0.0387557 0.0708355 0.0352089 0.0954177 0.0646182 0.0572094 0.0684386 0.0626987 0.0461320 0.0461978 0.0503290 0.0981997 0.0911742 0.0726093 0.0462308 0.0424555 0.0741568 0.0497802 0.0621212 0.0534184 
Perityle_dissecta_201                      0.1472575 0.0683884 0.1795801 0.2783620 0.1769104 0.1301049 0.0952041 0.2602514 0.1451119 0.2267002 0.0914051 0.1494911 0.0577937 0.0294781 0.2070300 0.1385794 0.1789666 0.2092828 0.0736625 0.0732492 0.0913719 0.0225361 0.0862314 0.0213126 0.0871779 0.1237633 0.1688300 0.2356466 0.1562106 0.1133903 0.2128634 0.3409078 0.0462110 0.0000000 0.1754471 0.2284197 0.0235834 0.2271549 0.1472591 0.0831843 0.1092198 0.2320939 0.1026558 0.2063589 0.2300039 0.0851415 0.0875272 0.0929590 0.3079428 0.0741914 0.0782944 0.0931846 0.1088565 0.0442181 0.2670374 0.0391740 0.0382294 0.0900907 0.0942436 0.2308969 0.1607229 0.0279899 0.0220515 0.2087258 0.1395236 0.1581514 0.1929339 0.0817664 0.0862314 0.1827049 0.1240682 0.0747892 0.0557891 0.0605948 0.1995666 0.2701355 0.0833106 0.0643022 0.1239287 0.1121896 0.2221372 0.1746228 
Perityle_emoryi_47_punta_san_jose          0.1299866 0.0745097 0.1554117 0.2612877 0.1663660 0.0857294 0.1327406 0.1249562 0.1245659 0.1829746 0.1829733 0.1920677 0.1713680 0.1292549 0.2355908 0.2275315 0.1233068 0.0971372 0.1619414 0.0367815 0.1889696 0.0757252 0.1728807 0.1001796 0.1860254 0.1718296 0.1719519 0.2489938 0.0132321 0.0100055 0.1513336 0.2899377 0.0191636 0.1754471 0.0000000 0.2196068 0.1323003 0.2244736 0.2789576 0.1646639 0.1622265 0.2308726 0.1600020 0.2146492 0.2144502 0.1707619 0.1835174 0.1891436 0.3251873 0.1703339 0.1800638 0.1676080 0.1648659 0.1483221 0.2439385 0.1444454 0.1216974 0.1889410 0.1945111 0.1816941 0.2352858 0.0847303 0.1493314 0.2194547 0.1720690 0.2116783 0.2306473 0.1716602 0.1728807 0.0346621 0.1835105 0.1508201 0.1723269 0.0809134 0.1754987 0.2450497 0.1727998 0.1902397 0.1680121 0.2000387 0.0063719 0.0585985 
Perityle_feddemae_99                       0.2123199 0.1125776 0.2485748 0.2990189 0.2479819 0.1735104 0.1739741 0.2482516 0.2236995 0.3003168 0.2161804 0.2849346 0.1945252 0.1577406 0.2952650 0.2829020 0.1907166 0.1221733 0.2101714 0.0926769 0.2282629 0.1152186 0.2245789 0.1436040 0.2248419 0.2252323 0.2704761 0.1950151 0.1993683 0.1197318 0.2367025 0.3268811 0.0873508 0.2284197 0.2196068 0.0000000 0.1601565 0.1891704 0.2642010 0.2258888 0.2508929 0.0420948 0.2273413 0.0711070 0.1998424 0.2134713 0.2229552 0.2315401 0.1301342 0.2098469 0.2062382 0.2067729 0.2282975 0.1776935 0.2424818 0.1615475 0.1574918 0.2336624 0.2340163 0.1715227 0.1462848 0.1524378 0.1619871 0.1864527 0.2455861 0.2521728 0.2868637 0.2159192 0.2245789 0.2181456 0.2651963 0.2128026 0.2042896 0.1572811 0.2846703 0.2337645 0.2277168 0.1987968 0.0880058 0.2383963 0.2500337 0.1901026 
Perityle_fosteri_93                        0.0805471 0.0617989 0.0964906 0.2154840 0.1359934 0.1264703 0.0956803 0.2280310 0.0742518 0.1587273 0.0281312 0.0865272 0.0239502 0.0262677 0.1277047 0.0741031 0.1133743 0.1898552 0.0202578 0.0733209 0.0410567 0.0111715 0.0314325 0.0165419 0.0393512 0.0708443 0.1012956 0.1843998 0.1089111 0.1136008 0.1697511 0.2121021 0.0488718 0.0235834 0.1323003 0.1601565 0.0000000 0.1879267 0.1225209 0.0524176 0.0593054 0.1631210 0.0425888 0.1562710 0.1713703 0.0272532 0.0297504 0.0361851 0.2196907 0.0170800 0.0235538 0.0628934 0.0449684 0.0218161 0.2034315 0.0418936 0.0352639 0.0443598 0.0426977 0.1642335 0.1653584 0.0338487 0.0219983 0.1482842 0.0759845 0.1607824 0.1413863 0.0233760 0.0314325 0.1303020 0.0662325 0.0303335 0.0240437 0.0401618 0.1706702 0.1596324 0.0281301 0.0314243 0.1270881 0.0492217 0.1320584 0.0904330 
Perityle_gamon_221                         0.2333514 0.1004043 0.2383014 0.3104031 0.2408192 0.1649036 0.1951012 0.2327987 0.2169770 0.2600704 0.2265629 0.2539548 0.2176906 0.1847240 0.2969786 0.2656242 0.2147026 0.1799847 0.2135415 0.0833216 0.2248586 0.1161546 0.2225245 0.1324270 0.2192576 0.2116654 0.2722211 0.2138097 0.2155710 0.0837377 0.2468170 0.3202675 0.0685277 0.2271549 0.2244736 0.1891704 0.1879267 0.0000000 0.2808477 0.2188299 0.2504695 0.1969466 0.2255801 0.1910752 0.1326016 0.2168742 0.2187300 0.2222721 0.2421997 0.2069967 0.2137342 0.1964684 0.2219411 0.2065838 0.2482913 0.1844998 0.1545017 0.2267536 0.2267118 0.1771501 0.1530257 0.1385942 0.1570487 0.2053337 0.2337226 0.2670076 0.2827059 0.2132704 0.2225245 0.2519851 0.2379693 0.2190929 0.2054164 0.1661089 0.2981380 0.2147919 0.2206669 0.2223436 0.0923014 0.2321584 0.2535747 0.1951323 
Perityle_gentryi_8_san_francisco           0.1824156 0.0671247 0.1709222 0.3154982 0.1818239 0.1009484 0.1173457 0.1904100 0.1148843 0.1909089 0.1621763 0.1713180 0.1544255 0.0963241 0.0414475 0.1393037 0.1405253 0.1379972 0.1605664 0.0780082 0.1647747 0.0619022 0.1580099 0.0882155 0.1689099 0.1708662 0.1677418 0.2619742 0.1393665 0.1056854 0.1937931 0.2674823 0.0549749 0.1472591 0.2789576 0.2642010 0.1225209 0.2808477 0.0000000 0.1516459 0.1516296 0.2685366 0.0903421 0.2576431 0.2644585 0.1585559 0.1627674 0.1693059 0.2854038 0.1561722 0.1508939 0.1536762 0.1344736 0.1525749 0.2302001 0.0923569 0.0761382 0.1647559 0.1670415 0.1964063 0.2249418 0.0576437 0.0786999 0.2425452 0.1798590 0.1495714 0.2023902 0.1545317 0.1580099 0.2491886 0.1603809 0.0782898 0.1443692 0.0793186 0.1181996 0.2352005 0.1647448 0.1652699 0.1607196 0.1693983 0.2418308 0.0969031 
Perityle_gilensis_22_Superstition          0.1325914 0.0744028 0.1423603 0.2491473 0.1648158 0.1357488 0.0984182 0.2765578 0.1403618 0.1823413 0.0908486 0.1081067 0.0814707 0.0734247 0.1906074 0.1516284 0.1860787 0.1940506 0.0613984 0.0733209 0.0851536 0.0111715 0.0632902 0.0158575 0.0779434 0.1193078 0.1457417 0.2102158 0.2031619 0.1136008 0.2145422 0.3285578 0.0534717 0.0831843 0.1646639 0.2258888 0.0524176 0.2188299 0.1516459 0.0000000 0.0940440 0.2341880 0.0818828 0.2046878 0.2000851 0.0605292 0.0645894 0.0728093 0.3184844 0.0552417 0.0815161 0.0683995 0.1110614 0.0629146 0.2811822 0.0390441 0.0619779 0.0880575 0.0894437 0.2290968 0.1631718 0.0349725 0.0194967 0.1892055 0.1354207 0.1791915 0.2011824 0.0585705 0.0632902 0.2183547 0.0836760 0.0702977 0.0787861 0.0605174 0.2376923 0.2423578 0.0659220 0.0970988 0.1312597 0.0950478 0.2144513 0.1896076 
Perityle_gilensis_salensis_225             0.1662515 0.0717717 0.1663805 0.2648483 0.1733938 0.1246341 0.1022418 0.2847216 0.1670277 0.2138865 0.1122883 0.1386067 0.0699883 0.0856221 0.2166352 0.1553772 0.2216674 0.2169142 0.1009962 0.0732492 0.1272310 0.0187160 0.1053373 0.0267206 0.1212554 0.1403475 0.1633912 0.2356628 0.1959278 0.1133903 0.2197469 0.3292815 0.0612925 0.1092198 0.1622265 0.2508929 0.0593054 0.2504695 0.1516296 0.0940440 0.0000000 0.2563564 0.1397159 0.2355976 0.2362820 0.1048012 0.1109370 0.1153737 0.3429074 0.0998020 0.1120164 0.0988496 0.1213980 0.0842603 0.2660067 0.0361875 0.0581378 0.1287764 0.1316072 0.2538179 0.1572898 0.0351357 0.0194926 0.2142127 0.1318003 0.1669129 0.2191445 0.0981057 0.1053373 0.2155041 0.1188428 0.1069103 0.0884038 0.0574381 0.2174789 0.2604624 0.1081526 0.0989967 0.1396732 0.1332227 0.2403011 0.2488633 
Perityle_glaucescens_94                    0.2204335 0.1129660 0.2571936 0.3126207 0.2410251 0.1804054 0.1742320 0.2450302 0.2290296 0.2978693 0.2181800 0.2859171 0.1909166 0.1548575 0.2832466 0.2787598 0.2172467 0.1306100 0.2162991 0.0977648 0.2352156 0.1196732 0.2281936 0.1439714 0.2317040 0.2266883 0.2708393 0.1980169 0.2014654 0.1197318 0.2460575 0.3182945 0.0877314 0.2320939 0.2308726 0.0420948 0.1631210 0.1969466 0.2685366 0.2341880 0.2563564 0.0000000 0.2317126 0.0752351 0.2051418 0.2139234 0.2265908 0.2334252 0.1127879 0.2120475 0.2056935 0.2159928 0.2280838 0.1874202 0.2444078 0.1578256 0.1613042 0.2390065 0.2409359 0.1755928 0.1667885 0.1512771 0.1701722 0.1889986 0.2472518 0.2597938 0.2898723 0.2179629 0.2281936 0.2286897 0.2631656 0.2206546 0.1987111 0.1684375 0.2925446 0.2412532 0.2331626 0.2038333 0.0918960 0.2440515 0.2571923 0.1906735 
Perityle_gracilis_11                       0.1403426 0.0622090 0.1765337 0.2391612 0.1792953 0.1181860 0.1095972 0.2519236 0.1456704 0.2384919 0.1122734 0.1498251 0.0734336 0.0358737 0.1542624 0.1201317 0.1669482 0.1895285 0.0366255 0.0734058 0.0854657 0.0263656 0.0486633 0.0266746 0.0903194 0.0872474 0.1843246 0.2357380 0.1604672 0.1059828 0.2226248 0.2601282 0.0461978 0.1026558 0.1600020 0.2273413 0.0425888 0.2255801 0.0903421 0.0818828 0.1397159 0.2317126 0.0000000 0.2053892 0.2282141 0.0402824 0.0118122 0.0284243 0.2369071 0.0376285 0.0964972 0.0822616 0.1216362 0.0273845 0.2163886 0.0594216 0.0440579 0.0839327 0.0839887 0.2346394 0.1771000 0.0255447 0.0421060 0.2083725 0.1392088 0.1646438 0.2139345 0.0407389 0.0486633 0.1820537 0.1197682 0.0105737 0.0656464 0.0765336 0.2095350 0.2493967 0.0723851 0.0773518 0.1316711 0.1010773 0.2100738 0.1343399 
Perityle_harkerae_31                       0.1960429 0.1063440 0.2185083 0.2967558 0.2377921 0.1675574 0.1781058 0.2529789 0.1862220 0.2765926 0.1996166 0.2596702 0.1809267 0.1532655 0.2912037 0.2676569 0.2178461 0.1309987 0.1954841 0.1078505 0.2163829 0.1240767 0.2059955 0.1343936 0.2047839 0.2092477 0.2496644 0.1810907 0.1882538 0.1277946 0.2221545 0.3137614 0.0799818 0.2063589 0.2146492 0.0711070 0.1562710 0.1910752 0.2576431 0.2046878 0.2355976 0.0752351 0.2053892 0.0000000 0.1949868 0.1913712 0.2013547 0.2112620 0.1564971 0.1931661 0.1917698 0.1969995 0.2154739 0.1640278 0.2126533 0.1508311 0.1456472 0.2182975 0.2202790 0.1757935 0.1601492 0.1428754 0.1577885 0.1771079 0.2343776 0.2363634 0.2689989 0.1957288 0.2059955 0.2068011 0.2389718 0.1950693 0.1909573 0.1645198 0.2644604 0.2372055 0.1994675 0.1779045 0.0883094 0.2316327 0.2393810 0.1693401 
Perityle_hofmeisteria_4_nombre_de_dios     0.2382344 0.0873682 0.2533069 0.3096398 0.2305140 0.1394354 0.1863619 0.2577913 0.2362868 0.2730496 0.2271095 0.2462240 0.1953373 0.1710223 0.3072392 0.2776098 0.2250732 0.1819407 0.2176145 0.0783918 0.2310695 0.0983518 0.2163251 0.1254238 0.2292284 0.2132844 0.2460597 0.2189978 0.2298022 0.0835421 0.2322709 0.3442428 0.0534903 0.2300039 0.2144502 0.1998424 0.1713703 0.1326016 0.2644585 0.2000851 0.2362820 0.2051418 0.2282141 0.1949868 0.0000000 0.2146623 0.2163570 0.2211241 0.2657120 0.2100096 0.2131484 0.1907500 0.2345998 0.1963256 0.2744596 0.1386192 0.1398908 0.2296535 0.2332045 0.1989355 0.1265572 0.1215378 0.1448165 0.2145036 0.2546342 0.2461078 0.2852790 0.2142420 0.2163251 0.2465235 0.2314157 0.2221338 0.1935202 0.1542588 0.2980143 0.2642801 0.2258537 0.2044145 0.0844670 0.2329124 0.2657071 0.2123503 
Perityle_huecosensis_48                    0.1309758 0.0654550 0.1632598 0.2506634 0.1712407 0.1242730 0.1093823 0.2641729 0.1365724 0.1980026 0.0869403 0.1365999 0.0546633 0.0381334 0.1868067 0.1406446 0.1742052 0.2003516 0.0329931 0.0829877 0.0899217 0.0301363 0.0410530 0.0239441 0.0828020 0.0856551 0.1601399 0.2221901 0.1601877 0.1134495 0.2064101 0.3234377 0.0535809 0.0851415 0.1707619 0.2134713 0.0272532 0.2168742 0.1585559 0.0605292 0.1048012 0.2139234 0.0402824 0.1913712 0.2146623 0.0000000 0.0346637 0.0384701 0.2978561 0.0296055 0.0782506 0.0638628 0.1090573 0.0271240 0.2687312 0.0389757 0.0414314 0.0857715 0.0914707 0.2403192 0.1578069 0.0281538 0.0279779 0.1876328 0.1249403 0.1604781 0.1958107 0.0299483 0.0410530 0.1865219 0.1081058 0.0303126 0.0526385 0.0762768 0.2053241 0.2671755 0.0577609 0.0623711 0.1353400 0.1028242 0.2117541 0.1457466 
