85
Amauria_brandeegeana_62                    0.0000000 0.0425388 0.0513396 0.2753910 0.1285818 0.0434249 0.3042768 0.1294048 0.1776518 0.0578079 0.1478298 0.0728983 0.0721901 0.0739803 0.0661110 0.0797788 0.0703167 0.1319901 0.0695900 0.0726921 0.0714479 0.0783214 0.0606327 0.0736647 0.0750227 0.0724980 0.0806140 0.1917549 0.0791191 0.1304939 0.0874723 0.1814538 0.1530379 0.0607240 0.0703979 0.0954911 0.0696980 0.0772265 0.0957092 0.0811138 0.0735818 0.0713991 0.0628712 0.0752041 0.0709005 0.0911722 0.0770249 0.0784333 0.0783214 0.0676026 0.0737249 0.0761011 0.0725141 0.0864270 0.0758423 0.0778104 0.0528161 0.0588474 0.0772328 0.0772865 0.0859250 0.0707234 0.0897346 0.0569872 0.0750417 0.0777210 0.0818465 0.2401413 0.2385038 0.0356490 0.0775145 0.0736647 0.1513822 0.1259083 0.0761357 0.0771319 0.0465113 0.2114143 0.0795112 0.0844300 0.0812206 0.0698506 0.0772865 0.1777317 0.0772826 
Amauria_carterae_99_mesa                   0.0425388 0.0000000 0.0402714 0.1258127 0.0719320 0.0379700 0.0999884 0.1101539 0.1640477 0.0289481 0.0869288 0.0339300 0.0383408 0.0417442 0.0362631 0.0450038 0.0353428 0.0969967 0.0470054 0.0369649 0.0321544 0.0467950 0.0479804 0.0416624 0.0354373 0.0378716 0.0423676 0.0573695 0.0503449 0.1094879 0.0635640 0.0953067 0.0912726 0.0305078 0.0354285 0.0750598 0.0430181 0.0400352 0.0640159 0.0449933 0.0463752 0.0400751 0.0352255 0.0433682 0.0456005 0.0625323 0.0424098 0.0449321 0.0467950 0.0384184 0.0433135 0.0401432 0.0353286 0.0473067 0.0424991 0.0450775 0.0368263 0.0473804 0.0433047 0.0433476 0.0646986 0.0373350 0.0520656 0.0459215 0.0401326 0.0536358 0.0464495 0.0915277 0.0813019 0.0251588 0.0401277 0.0416624 0.0870554 0.0434177 0.0452766 0.0401718 0.0403315 0.0960611 0.0385746 0.0337241 0.0501201 0.0637270 0.0433476 0.0981678 0.0400050 
Amauria_rotundifolia_SRR9119150            0.0513396 0.0402714 0.0000000 0.3206852 0.1477547 0.0490140 0.3206956 0.1195948 0.1833586 0.0467087 0.1732112 0.0690119 0.0661627 0.0668773 0.0540761 0.0754846 0.0621996 0.1789164 0.0685045 0.0588856 0.0630263 0.0708688 0.0680844 0.0714446 0.0686593 0.0679054 0.0703057 0.2042622 0.0786714 0.1469671 0.0906698 0.2230956 0.1760070 0.0473982 0.0640886 0.1021969 0.0797834 0.0611827 0.0909337 0.0746004 0.0723103 0.0676543 0.0760258 0.0619039 0.0745866 0.0900741 0.0666697 0.0734957 0.0708688 0.0667206 0.0699829 0.0705641 0.0610109 0.0768558 0.0632569 0.0764601 0.0545869 0.0600888 0.0733978 0.0734196 0.0871151 0.0706942 0.0833037 0.0543766 0.0707488 0.0777464 0.0710352 0.2763157 0.2526470 0.0486071 0.0697810 0.0721887 0.1757053 0.1465074 0.0700344 0.0642117 0.0500375 0.2091164 0.0694018 0.0816435 0.0711798 0.0664420 0.0734196 0.2114248 0.0611263 
Conoclinium_coelestinum_SRR9119114         0.2753910 0.1258127 0.3206852 0.0000000 0.2675748 0.0721546 0.2842945 0.1456302 0.3473291 0.3130309 0.3252699 0.3171963 0.3042399 0.3081538 0.1589271 0.3177739 0.3184467 0.2560943 0.2228577 0.2915369 0.3161037 0.3255208 0.1326614 0.3299086 0.3252323 0.3210477 0.3237314 0.3514968 0.3277797 0.1898532 0.1629112 0.1844133 0.3404594 0.1912788 0.3145614 0.3344200 0.3274313 0.2842777 0.3130315 0.2618666 0.3296946 0.3261118 0.3121298 0.3077082 0.2155793 0.3188447 0.3200364 0.3290397 0.3255208 0.2993117 0.3243002 0.3288022 0.3208014 0.3219513 0.3022923 0.2473995 0.1193530 0.1291403 0.3219695 0.3255382 0.3526224 0.1786874 0.2572170 0.1362786 0.3185883 0.3237276 0.3202224 0.3107040 0.3777538 0.1327543 0.3245521 0.3299086 0.3224066 0.3404441 0.3257498 0.3270364 0.1339598 0.2268346 0.3067510 0.2700827 0.3161452 0.1455548 0.3255382 0.2053032 0.2073020 
Eutetras_palmeri_63                        0.1285818 0.0719320 0.1477547 0.2675748 0.0000000 0.0000010 0.2722209 0.1071277 0.2008562 0.1393845 0.0435683 0.1417035 0.1481934 0.1488309 0.0928771 0.1512133 0.1208281 0.0427292 0.1166464 0.1196243 0.1374522 0.1487355 0.0897479 0.1508589 0.1320326 0.1435854 0.1495659 0.1979324 0.1525969 0.0759187 0.0461372 0.1218795 0.0553179 0.1374877 0.1411290 0.1210110 0.1454370 0.1229473 0.1603192 0.1514656 0.1495045 0.1457746 0.1382190 0.1045929 0.1221224 0.1581819 0.1430809 0.1464034 0.1487355 0.1181135 0.1483642 0.1497454 0.1302287 0.1593952 0.1414479 0.1563001 0.0729542 0.0864675 0.1484697 0.1485740 0.1653871 0.1036503 0.1480300 0.0872740 0.1437747 0.1522836 0.1542171 0.1921695 0.1626915 0.0681301 0.1479693 0.1416091 0.0450228 0.1520527 0.1465432 0.1235866 0.0846440 0.1315438 0.1456046 0.1590816 0.1373959 0.0950365 0.1485740 0.1167089 0.1334739 
Eutetras_pringlei_149_quer                 0.0434249 0.0379700 0.0490140 0.0721546 0.0000010 0.0000000 0.0433826 0.0347646 0.0518606 0.0380350 0.0053139 0.0324396 0.0324396 0.0436057 0.0324396 0.0490999 0.0380270 0.0106434 0.0549279 0.0324396 0.0379700 0.0324396 0.0380270 0.0379032 0.0324396 0.0324396 0.0490999 0.0379032 0.0435786 0.0106814 0.0106814 0.0160827 0.0160459 0.0380350 0.0324396 0.0106978 0.0492354 0.0436028 0.0547376 0.0435786 0.0379032 0.0324396 0.0492354 0.0324396 0.0608896 0.0437709 0.0491444 0.0324396 0.0324396 0.0492354 0.0324396 0.0324396 0.0324396 0.0491396 0.0436477 0.0379394 0.0380059 0.0435786 0.0324396 0.0324396 0.0379700 0.0379917 0.0324965 0.0435786 0.0380800 0.0435372 0.0491396 0.0214388 0.0269729 0.0380270 0.0491273 0.0379032 0.0106978 0.0324396 0.0324396 0.0324396 0.0380270 0.0268637 0.0379700 0.0324396 0.0380800 0.0545428 0.0324396 0.0106434 0.0490999 
Eutrochium_fistulosum_SRR9119106           0.3042768 0.0999884 0.3206956 0.2842945 0.2722209 0.0433826 0.0000000 0.1542406 0.3639588 0.2964823 0.2947504 0.3037888 0.3163781 0.3095063 0.1434706 0.3097679 0.2973169 0.2727480 0.2230393 0.2824906 0.2985140 0.3065979 0.0996829 0.3188393 0.3053713 0.3023577 0.3130670 0.3471514 0.3106380 0.1731601 0.1258204 0.2188709 0.2966076 0.2422027 0.3005574 0.3256420 0.2888695 0.3028496 0.3287570 0.3167674 0.3169050 0.3105625 0.2824499 0.2562862 0.2199896 0.3231401 0.3091896 0.3125075 0.3065979 0.2859520 0.3102291 0.3145227 0.3040456 0.3105110 0.3086937 0.2928546 0.0896082 0.0968570 0.3098113 0.3080132 0.3149244 0.1639629 0.2940189 0.1052648 0.3063104 0.3142801 0.3059417 0.3107640 0.3116983 0.0925250 0.3042724 0.3171505 0.2875867 0.3070989 0.3068418 0.2968313 0.0930844 0.2325321 0.2760906 0.3015831 0.3009744 0.1161299 0.3080132 0.2506574 0.2260239 
Galeana_pratensis_104_mex                  0.1294048 0.1101539 0.1195948 0.1456302 0.1071277 0.0347646 0.1542406 0.0000000 0.1902462 0.1098538 0.1208738 0.1056069 0.1105663 0.1153264 0.1012537 0.1252877 0.1105663 0.1109301 0.1202079 0.1102422 0.1056069 0.1105663 0.1300902 0.1153264 0.1056069 0.1105663 0.1196911 0.1074660 0.1302719 0.1826525 0.1241517 0.1362782 0.1305973 0.1098538 0.1055089 0.1414881 0.1299330 0.1110232 0.1202340 0.1201308 0.1248842 0.1105663 0.1300949 0.1154228 0.1358175 0.1102953 0.1060849 0.1154228 0.1105663 0.1355879 0.1155078 0.1105663 0.1053002 0.1359911 0.1060849 0.1185621 0.1133270 0.1355283 0.1255071 0.1258803 0.1409045 0.1002358 0.1248765 0.1344622 0.1103445 0.1301586 0.1354700 0.1144515 0.1146631 0.0801556 0.1155699 0.1153264 0.1414881 0.1106584 0.1131391 0.1105663 0.1207443 0.1090354 0.1098035 0.1007248 0.1435800 0.1396961 0.1258803 0.1356019 0.1201308 
Helianthus_annuus_SRR9119062               0.1776518 0.1640477 0.1833586 0.3473291 0.2008562 0.0518606 0.3639588 0.1902462 0.0000000 0.1857428 0.2250242 0.1775959 0.1533901 0.1726106 0.1760173 0.1867089 0.1787446 0.1971392 0.2014170 0.1691338 0.1714683 0.1808464 0.1158773 0.1827231 0.1772107 0.1660558 0.1757979 0.2480539 0.1744925 0.2308937 0.1558055 0.2695267 0.2298873 0.1931075 0.1757571 0.1799770 0.1821803 0.1751200 0.1931219 0.1901588 0.1812758 0.1796777 0.1784361 0.1688085 0.1868494 0.1989639 0.1789018 0.1829261 0.1808464 0.1690875 0.1783210 0.1800845 0.1767939 0.1777342 0.1752695 0.1811193 0.1141814 0.1371978 0.1771385 0.1800484 0.1816594 0.1760649 0.1812287 0.1348317 0.1757314 0.1688661 0.1749110 0.2837144 0.2754289 0.1087627 0.1844346 0.1827231 0.2232362 0.2208991 0.1787043 0.1789059 0.1278366 0.2681562 0.1816977 0.1959527 0.1711085 0.1663071 0.1800484 0.2485233 0.1779960 
Lycapsus_tenuifolius_17                    0.0578079 0.0289481 0.0467087 0.3130309 0.1393845 0.0380350 0.2964823 0.1098538 0.1857428 0.0000000 0.1659153 0.0704063 0.0648238 0.0654820 0.0470030 0.0759596 0.0646430 0.1641700 0.0672769 0.0626365 0.0625867 0.0722648 0.0527831 0.0709412 0.0662932 0.0693328 0.0679641 0.1989840 0.0757699 0.1249155 0.0684801 0.2131144 0.1738481 0.0021137 0.0664014 0.0966252 0.0758888 0.0660081 0.0864831 0.0688603 0.0718009 0.0653495 0.0702815 0.0625510 0.0648202 0.0847283 0.0671073 0.0739363 0.0722648 0.0625081 0.0713376 0.0700730 0.0654288 0.0792313 0.0627908 0.0720677 0.0416375 0.0472010 0.0728857 0.0729072 0.0880902 0.0591992 0.0794221 0.0435394 0.0730395 0.0718261 0.0696164 0.2667533 0.2470770 0.0302142 0.0711540 0.0726578 0.1696090 0.1464015 0.0723929 0.0708149 0.0376993 0.1883639 0.0679985 0.0809745 0.0727166 0.0582052 0.0729072 0.2050501 0.0629795 
Pericome_caudata_50_silver                 0.1478298 0.0869288 0.1732112 0.3252699 0.0435683 0.0053139 0.2947504 0.1208738 0.2250242 0.1659153 0.0000000 0.1628840 0.1706314 0.1685835 0.1071114 0.1691840 0.1352262 0.0492598 0.1316647 0.1371663 0.1565834 0.1649151 0.0868810 0.1698204 0.1444065 0.1590570 0.1691753 0.2039466 0.1750278 0.1030408 0.0507196 0.1626216 0.0658195 0.1531893 0.1610050 0.1506608 0.1732498 0.1408821 0.1822243 0.1718474 0.1685759 0.1651783 0.1623773 0.1222383 0.1471109 0.1803172 0.1664990 0.1679920 0.1649151 0.1358866 0.1708757 0.1677536 0.1392385 0.1745286 0.1580732 0.1874164 0.0804552 0.0915961 0.1687354 0.1687940 0.1853803 0.1104543 0.1618311 0.0890953 0.1635947 0.1780332 0.1641481 0.2323128 0.1890939 0.0624918 0.1689186 0.1560047 0.0579467 0.1746440 0.1640415 0.1344915 0.0810816 0.1442797 0.1611263 0.1914018 0.1500287 0.1162150 0.1687940 0.1462441 0.1541350 
Perityle_aglossa_84_dead_horse             0.0728983 0.0339300 0.0690119 0.3171963 0.1417035 0.0324396 0.3037888 0.1056069 0.1775959 0.0704063 0.1628840 0.0000000 0.0254405 0.0225295 0.0171080 0.0460776 0.0161803 0.1657929 0.0662247 0.0086649 0.0161074 0.0287140 0.0333276 0.0264745 0.0221297 0.0263945 0.0445264 0.1957111 0.0622196 0.1369444 0.0714068 0.2145777 0.1684709 0.0642440 0.0092786 0.0821894 0.0713051 0.0204854 0.0846597 0.0468001 0.0273186 0.0229881 0.0619338 0.0221091 0.0662365 0.0848299 0.0250105 0.0300406 0.0287140 0.0605241 0.0257267 0.0264989 0.0194680 0.0462832 0.0250191 0.0568534 0.0435491 0.0310733 0.0291209 0.0291289 0.0711900 0.0432547 0.0491817 0.0266997 0.0084306 0.0628739 0.0413022 0.2667393 0.2437731 0.0099825 0.0224951 0.0252949 0.1674524 0.1003459 0.0287757 0.0229463 0.0139504 0.1951846 0.0553871 0.0346212 0.0117770 0.0566771 0.0291289 0.2044582 0.0327537 
Perityle_ajoensis_204                      0.0721901 0.0383408 0.0661627 0.3042399 0.1481934 0.0324396 0.3163781 0.1105663 0.1533901 0.0648238 0.1706314 0.0254405 0.0000000 0.0099778 0.0221406 0.0431055 0.0201545 0.1730373 0.0652518 0.0208440 0.0198052 0.0063415 0.0331819 0.0134183 0.0139887 0.0036314 0.0424507 0.1973634 0.0589182 0.1449948 0.0821535 0.2176201 0.1743467 0.0632637 0.0216650 0.0844107 0.0657773 0.0249539 0.0825294 0.0475241 0.0143074 0.0098088 0.0638060 0.0060669 0.0612197 0.0827042 0.0283635 0.0098382 0.0063415 0.0595635 0.0134230 0.0062342 0.0121614 0.0443900 0.0293289 0.0555294 0.0452309 0.0325563 0.0080263 0.0071327 0.0683729 0.0517822 0.0478365 0.0308601 0.0272362 0.0608153 0.0391020 0.2748874 0.2637145 0.0099361 0.0265919 0.0137460 0.1769261 0.0952602 0.0054431 0.0057893 0.0092222 0.2003085 0.0557714 0.0382252 0.0298426 0.0548017 0.0071327 0.2035368 0.0371209 
Perityle_ambrosiifolia_67_green            0.0739803 0.0417442 0.0668773 0.3081538 0.1488309 0.0436057 0.3095063 0.1153264 0.1726106 0.0654820 0.1685835 0.0225295 0.0099778 0.0000000 0.0228879 0.0429148 0.0217206 0.1699200 0.0696429 0.0223537 0.0187933 0.0135942 0.0404629 0.0106617 0.0147313 0.0110017 0.0384509 0.2034660 0.0587149 0.1468370 0.0852442 0.2110188 0.1755348 0.0675915 0.0197143 0.0778452 0.0682395 0.0283965 0.0852648 0.0486687 0.0115458 0.0070853 0.0643380 0.0119762 0.0696483 0.0864181 0.0272838 0.0151887 0.0135942 0.0644550 0.0079787 0.0115658 0.0128891 0.0403897 0.0288860 0.0570607 0.0470926 0.0357068 0.0124622 0.0124693 0.0671246 0.0549217 0.0512548 0.0329591 0.0252333 0.0606055 0.0384740 0.2743748 0.2504070 0.0149602 0.0237484 0.0109203 0.1710075 0.0956770 0.0127055 0.0114208 0.0115440 0.2029876 0.0546031 0.0388357 0.0293122 0.0597256 0.0124693 0.2078819 0.0373651 
Perityle_angustifolia_13_Eagle_creek       0.0661110 0.0362631 0.0540761 0.1589271 0.0928771 0.0324396 0.1434706 0.1012537 0.1760173 0.0470030 0.1071114 0.0171080 0.0221406 0.0228879 0.0000000 0.0316724 0.0084530 0.0980616 0.0611068 0.0199342 0.0141373 0.0288140 0.0235439 0.0242508 0.0185389 0.0219734 0.0335685 0.1220276 0.0548721 0.1271989 0.0664385 0.1176865 0.1317908 0.0485276 0.0185123 0.0700508 0.0586390 0.0141457 0.0829759 0.0347705 0.0285774 0.0213276 0.0525194 0.0257840 0.0620786 0.0831659 0.0202442 0.0272247 0.0288140 0.0540986 0.0242510 0.0228420 0.0170143 0.0366162 0.0206540 0.0481238 0.0400318 0.0325787 0.0257491 0.0257727 0.0657071 0.0430108 0.0397693 0.0245814 0.0228277 0.0531819 0.0330262 0.1163910 0.1047602 0.0024666 0.0144254 0.0242508 0.1115661 0.0332518 0.0259450 0.0228251 0.0115746 0.1137997 0.0451759 0.0215599 0.0318113 0.0596381 0.0257727 0.1191572 0.0285978 
Perityle_batopilensis_97                   0.0797788 0.0450038 0.0754846 0.3177739 0.1512133 0.0490999 0.3097679 0.1252877 0.1867089 0.0759596 0.1691840 0.0460776 0.0431055 0.0429148 0.0316724 0.0000000 0.0411199 0.1758854 0.0685912 0.0394027 0.0378399 0.0484587 0.0453198 0.0485190 0.0467989 0.0462383 0.0391442 0.2032178 0.0680587 0.1429327 0.0780263 0.2055686 0.1779737 0.0723668 0.0414545 0.0908397 0.0778207 0.0415168 0.0884382 0.0190369 0.0493672 0.0449134 0.0702930 0.0364450 0.0685798 0.0905142 0.0463927 0.0504386 0.0484587 0.0656697 0.0478715 0.0467652 0.0431735 0.0418221 0.0469631 0.0655586 0.0564122 0.0246962 0.0494631 0.0494771 0.0801446 0.0585030 0.0632997 0.0225263 0.0477802 0.0669003 0.0368110 0.2679837 0.2421661 0.0225229 0.0456248 0.0487250 0.1788318 0.1202299 0.0485649 0.0437494 0.0376930 0.1954431 0.0636381 0.0554992 0.0484737 0.0646903 0.0494771 0.2015038 0.0247370 
Perityle_bisetosa_9                        0.0703167 0.0353428 0.0621996 0.3184467 0.1208281 0.0380270 0.2973169 0.1105663 0.1787446 0.0646430 0.1352262 0.0161803 0.0201545 0.0217206 0.0084530 0.0411199 0.0000000 0.1290884 0.0607950 0.0154536 0.0124929 0.0238002 0.0234991 0.0233970 0.0207030 0.0213010 0.0357527 0.1649548 0.0590839 0.1384650 0.0710265 0.1808761 0.1415348 0.0615529 0.0143261 0.0652391 0.0615387 0.0057604 0.0787087 0.0422280 0.0242876 0.0197340 0.0528112 0.0220173 0.0608712 0.0778322 0.0199650 0.0243436 0.0238002 0.0550016 0.0216863 0.0216010 0.0161071 0.0386143 0.0210602 0.0561247 0.0433119 0.0309504 0.0225110 0.0234377 0.0653924 0.0429396 0.0447039 0.0266301 0.0197899 0.0565952 0.0353841 0.2259328 0.2023331 0.0000010 0.0063177 0.0233970 0.1351052 0.0728502 0.0238539 0.0219421 0.0162311 0.1944657 0.0478763 0.0325675 0.0230462 0.0580906 0.0234377 0.1725805 0.0303455 
Perityle_californica_76_positas            0.1319901 0.0969967 0.1789164 0.2560943 0.0427292 0.0106434 0.2727480 0.1109301 0.1971392 0.1641700 0.0492598 0.1657929 0.1730373 0.1699200 0.0980616 0.1758854 0.1290884 0.0000000 0.1223052 0.1279151 0.1633160 0.1695878 0.1001569 0.1789119 0.1420008 0.1701899 0.1790957 0.1794604 0.1793029 0.0897822 0.0542338 0.1468538 0.0543886 0.1414247 0.1649026 0.1501899 0.1743976 0.1302307 0.1861696 0.1652811 0.1786731 0.1729848 0.1647626 0.1131728 0.1283672 0.1793428 0.1644554 0.1748917 0.1695878 0.1272093 0.1774288 0.1745781 0.1401277 0.1764736 0.1551784 0.1800762 0.0866402 0.1091645 0.1773536 0.1760394 0.1922510 0.1048117 0.1518926 0.1057703 0.1681959 0.1803293 0.1634046 0.2075199 0.1980228 0.0789264 0.1730747 0.1601588 0.0514098 0.1797944 0.1686542 0.1296878 0.0976624 0.1198078 0.1727650 0.1715069 0.1500691 0.1150977 0.1760394 0.1150185 0.1434476 
Perityle_canescens_77                      0.0695900 0.0470054 0.0685045 0.2228577 0.1166464 0.0549279 0.2230393 0.1202079 0.2014170 0.0672769 0.1316647 0.0662247 0.0652518 0.0696429 0.0611068 0.0685912 0.0607950 0.1223052 0.0000000 0.0659418 0.0595227 0.0712993 0.0617810 0.0694915 0.0647576 0.0635564 0.0718271 0.1536332 0.0739496 0.1353462 0.0723317 0.1491966 0.1431779 0.0664107 0.0634788 0.0951870 0.0659109 0.0682756 0.0711463 0.0738565 0.0694407 0.0657471 0.0635310 0.0676087 0.0637689 0.0687765 0.0629498 0.0671676 0.0712993 0.0660219 0.0683307 0.0672185 0.0620173 0.0731291 0.0683973 0.0695418 0.0593285 0.0677731 0.0672036 0.0672551 0.0922760 0.0672183 0.0730513 0.0667446 0.0673713 0.0750896 0.0708944 0.2036798 0.2014653 0.0389553 0.0681347 0.0694915 0.1320675 0.1001491 0.0714579 0.0671705 0.0613477 0.2000094 0.0679940 0.0689982 0.0754466 0.0802755 0.0672551 0.1433268 0.0664818 
Perityle_castillonii_96                    0.0726921 0.0369649 0.0588856 0.2915369 0.1196243 0.0324396 0.2824906 0.1102422 0.1691338 0.0626365 0.1371663 0.0086649 0.0208440 0.0223537 0.0199342 0.0394027 0.0154536 0.1279151 0.0659418 0.0000000 0.0144632 0.0253889 0.0405046 0.0242761 0.0203944 0.0227406 0.0366422 0.1663147 0.0553264 0.1405721 0.0781696 0.1744816 0.1450475 0.0630954 0.0038289 0.0695968 0.0636112 0.0217087 0.0763927 0.0474515 0.0242619 0.0203234 0.0561901 0.0233654 0.0659535 0.0764908 0.0225626 0.0253100 0.0253889 0.0604611 0.0213066 0.0233293 0.0193394 0.0417933 0.0228593 0.0538705 0.0489712 0.0325608 0.0233230 0.0233375 0.0665906 0.0489613 0.0457600 0.0329614 0.0125254 0.0562997 0.0372427 0.2203986 0.2051647 0.0149655 0.0217102 0.0242761 0.1383017 0.0672234 0.0244491 0.0233239 0.0185909 0.1856624 0.0497747 0.0343756 0.0165068 0.0580238 0.0233375 0.1597593 0.0304709 
Perityle_cernua_84                         0.0714479 0.0321544 0.0630263 0.3161037 0.1374522 0.0379700 0.2985140 0.1056069 0.1714683 0.0625867 0.1565834 0.0161074 0.0198052 0.0187933 0.0141373 0.0378399 0.0124929 0.1633160 0.0595227 0.0144632 0.0000000 0.0215416 0.0330966 0.0194551 0.0166885 0.0191659 0.0353893 0.1922103 0.0535045 0.1300657 0.0710113 0.2079051 0.1621684 0.0569501 0.0117924 0.0762161 0.0633921 0.0184065 0.0785496 0.0415271 0.0202937 0.0160231 0.0560499 0.0189613 0.0608077 0.0787060 0.0187883 0.0229519 0.0215416 0.0560223 0.0204219 0.0194728 0.0140492 0.0380497 0.0211267 0.0512617 0.0451222 0.0293372 0.0220558 0.0220618 0.0641078 0.0429233 0.0424483 0.0286827 0.0177898 0.0548931 0.0339577 0.2633383 0.2334125 0.0099104 0.0162778 0.0190285 0.1621358 0.1017884 0.0215873 0.0182227 0.0162165 0.1839759 0.0477385 0.0285324 0.0218734 0.0548361 0.0220618 0.1950275 0.0291438 
Perityle_cfvillosa_25_tin                  0.0783214 0.0467950 0.0708688 0.3255208 0.1487355 0.0324396 0.3065979 0.1105663 0.1808464 0.0722648 0.1649151 0.0287140 0.0063415 0.0135942 0.0288140 0.0484587 0.0238002 0.1695878 0.0712993 0.0253889 0.0215416 0.0000000 0.0457620 0.0145488 0.0169697 0.0060511 0.0441623 0.1868427 0.0621793 0.1440226 0.0883020 0.2122679 0.1662337 0.0701464 0.0242027 0.0804163 0.0731997 0.0306933 0.0858683 0.0504831 0.0162667 0.0119538 0.0656570 0.0099334 0.0688116 0.0869816 0.0297803 0.0119881 0.0000010 0.0652775 0.0163707 0.0085282 0.0143025 0.0496733 0.0320292 0.0588602 0.0511437 0.0407331 0.0111085 0.0111115 0.0712476 0.0591393 0.0533130 0.0417246 0.0304312 0.0638316 0.0446391 0.2745842 0.2492457 0.0227359 0.0281152 0.0148884 0.1671382 0.0867624 0.0068488 0.0090764 0.0187083 0.2060651 0.0579549 0.0430980 0.0327641 0.0632215 0.0111115 0.1960930 0.0421113 
Perityle_cinerea_113_Powell1310            0.0606327 0.0479804 0.0680844 0.1326614 0.0897479 0.0380270 0.0996829 0.1300902 0.1158773 0.0527831 0.0868810 0.0333276 0.0331819 0.0404629 0.0235439 0.0453198 0.0234991 0.1001569 0.0617810 0.0405046 0.0330966 0.0457620 0.0000000 0.0379725 0.0355872 0.0331819 0.0527327 0.0491160 0.0667499 0.0948323 0.0744439 0.0983080 0.1054443 0.0527831 0.0381286 0.0793265 0.0628944 0.0258857 0.0803693 0.0453198 0.0403726 0.0355756 0.0578451 0.0356177 0.0681039 0.0780852 0.0358027 0.0356568 0.0457620 0.0604477 0.0404691 0.0331819 0.0331788 0.0529356 0.0432870 0.0612802 0.0444382 0.0527080 0.0356480 0.0381080 0.0624340 0.0538766 0.0503048 0.0410353 0.0381153 0.0666636 0.0529356 0.0973399 0.1004573 0.0049508 0.0282575 0.0379725 0.0932016 0.0333094 0.0359835 0.0356568 0.0315123 0.1032735 0.0552567 0.0330850 0.0383808 0.0718920 0.0381080 0.0997559 0.0502783 
Perityle_coahuilensis_24                   0.0736647 0.0416624 0.0714446 0.3299086 0.1508589 0.0379032 0.3188393 0.1153264 0.1827231 0.0709412 0.1698204 0.0264745 0.0134183 0.0106617 0.0242508 0.0485190 0.0233970 0.1789119 0.0694915 0.0242761 0.0194551 0.0145488 0.0379725 0.0000000 0.0166796 0.0121127 0.0433726 0.1993694 0.0629191 0.1424907 0.0803115 0.2241615 0.1753545 0.0708258 0.0220607 0.0846577 0.0718603 0.0303075 0.0852301 0.0515498 0.0041696 0.0083760 0.0644432 0.0128904 0.0721392 0.0854009 0.0275064 0.0168999 0.0145488 0.0665153 0.0126762 0.0126214 0.0140417 0.0469952 0.0314675 0.0597617 0.0527429 0.0405068 0.0160217 0.0160260 0.0708928 0.0526450 0.0532577 0.0371974 0.0281616 0.0645611 0.0429385 0.2786580 0.2500989 0.0124286 0.0258946 0.0000010 0.1747253 0.0976878 0.0145794 0.0108542 0.0138728 0.2081388 0.0560281 0.0403341 0.0321388 0.0628896 0.0160260 0.2108536 0.0407063 
Perityle_cochisensis_44_cave_creek         0.0750227 0.0354373 0.0686593 0.3252323 0.1320326 0.0324396 0.3053713 0.1056069 0.1772107 0.0662932 0.1444065 0.0221297 0.0139887 0.0147313 0.0185389 0.0467989 0.0207030 0.1420008 0.0647576 0.0203944 0.0166885 0.0169697 0.0355872 0.0166796 0.0000000 0.0144539 0.0377940 0.1718099 0.0606382 0.1370898 0.0761408 0.1862909 0.1529056 0.0629698 0.0193856 0.0735808 0.0680394 0.0254084 0.0809442 0.0473922 0.0175508 0.0131269 0.0603590 0.0139333 0.0646919 0.0811123 0.0268373 0.0176000 0.0169697 0.0603398 0.0149838 0.0149093 0.0114119 0.0424639 0.0292386 0.0568961 0.0433664 0.0325238 0.0157931 0.0166887 0.0678662 0.0491114 0.0480061 0.0308374 0.0256883 0.0602849 0.0392479 0.2438117 0.2175951 0.0124340 0.0232506 0.0166796 0.1495037 0.0794034 0.0152024 0.0145638 0.0138723 0.1967373 0.0544837 0.0349284 0.0293922 0.0517423 0.0166887 0.1832620 0.0361886 
Perityle_congesta_202                      0.0724980 0.0378716 0.0679054 0.3210477 0.1435854 0.0324396 0.3023577 0.1105663 0.1660558 0.0693328 0.1590570 0.0263945 0.0036314 0.0110017 0.0219734 0.0462383 0.0213010 0.1701899 0.0635564 0.0227406 0.0191659 0.0060511 0.0331819 0.0121127 0.0144539 0.0000000 0.0438104 0.1837006 0.0600710 0.1413888 0.0804527 0.2101256 0.1661461 0.0640564 0.0218488 0.0844888 0.0702570 0.0280750 0.0801031 0.0478881 0.0138485 0.0094950 0.0626306 0.0070420 0.0597760 0.0812117 0.0265609 0.0095226 0.0060511 0.0618844 0.0139380 0.0060350 0.0117540 0.0456892 0.0304665 0.0542253 0.0452309 0.0325563 0.0086385 0.0086409 0.0682165 0.0491343 0.0461819 0.0308601 0.0281327 0.0616859 0.0405785 0.2688142 0.2438955 0.0099361 0.0257140 0.0123987 0.1709066 0.0849873 0.0060639 0.0064274 0.0092222 0.1897246 0.0547589 0.0395645 0.0303152 0.0562174 0.0086409 0.1934966 0.0369005 
Perityle_cordifolia_27                     0.0806140 0.0423676 0.0703057 0.3237314 0.1495659 0.0490999 0.3130670 0.1196911 0.1757979 0.0679641 0.1691753 0.0445264 0.0424507 0.0384509 0.0335685 0.0391442 0.0357527 0.1790957 0.0718271 0.0366422 0.0353893 0.0441623 0.0527327 0.0433726 0.0377940 0.0438104 0.0000000 0.2038786 0.0626888 0.1268937 0.0780471 0.2143908 0.1781446 0.0636361 0.0398944 0.0758696 0.0707140 0.0397945 0.0860358 0.0400613 0.0442237 0.0397789 0.0650564 0.0378151 0.0693516 0.0881115 0.0420935 0.0452987 0.0441623 0.0598417 0.0436088 0.0434132 0.0341768 0.0319015 0.0414251 0.0627738 0.0537206 0.0219279 0.0443326 0.0443451 0.0756542 0.0576787 0.0582739 0.0124960 0.0462373 0.0643712 0.0218672 0.2663781 0.2416601 0.0301836 0.0441177 0.0416394 0.1767276 0.1187489 0.0451557 0.0392019 0.0337821 0.1968747 0.0594455 0.0569178 0.0439648 0.0623858 0.0443451 0.2053647 0.0249813 
Perityle_cordifolia_68_tecolote            0.1917549 0.0573695 0.2042622 0.3514968 0.1979324 0.0379032 0.3471514 0.1074660 0.2480539 0.1989840 0.2039466 0.1957111 0.1973634 0.2034660 0.1220276 0.2032178 0.1649548 0.1794604 0.1536332 0.1663147 0.1922103 0.1868427 0.0491160 0.1993694 0.1718099 0.1837006 0.2038786 0.0000000 0.2002885 0.1786921 0.1108315 0.2852577 0.2134436 0.1988931 0.1959194 0.2237218 0.1922730 0.1733652 0.2230051 0.2101471 0.1992252 0.1956562 0.1855217 0.1296765 0.1390267 0.2173866 0.2016816 0.1940979 0.1868427 0.1596411 0.2029342 0.1937109 0.1712466 0.2025782 0.2003172 0.2211360 0.0105235 0.0572526 0.1938628 0.1950005 0.1977691 0.1501796 0.2207478 0.0538707 0.1965958 0.2065010 0.1927504 0.3105874 0.2853331 0.0331997 0.1920261 0.1894126 0.2225474 0.1810236 0.1874279 0.1528044 0.0516164 0.2533467 0.1986804 0.2287113 0.1785078 0.0885196 0.1950005 0.2795134 0.1895856 
Perityle_coronopifolia_28_patagonia        0.0791191 0.0503449 0.0786714 0.3277797 0.1525969 0.0435786 0.3106380 0.1302719 0.1744925 0.0757699 0.1750278 0.0622196 0.0589182 0.0587149 0.0548721 0.0680587 0.0590839 0.1793029 0.0739496 0.0553264 0.0535045 0.0621793 0.0667499 0.0629191 0.0606382 0.0600710 0.0626888 0.2002885 0.0000000 0.1381355 0.0908878 0.2183486 0.1747298 0.0718233 0.0562836 0.1000550 0.0800473 0.0610813 0.0887720 0.0717091 0.0638063 0.0572035 0.0732450 0.0528152 0.0752542 0.0889574 0.0637009 0.0640809 0.0621793 0.0689777 0.0642441 0.0610958 0.0569258 0.0656027 0.0641776 0.0273706 0.0511548 0.0558173 0.0620645 0.0601378 0.0412916 0.0726723 0.0686621 0.0482826 0.0630678 0.0081168 0.0595551 0.2792824 0.2570822 0.0404878 0.0638808 0.0615691 0.1666853 0.1378778 0.0632700 0.0590417 0.0451601 0.2128973 0.0705960 0.0777820 0.0660386 0.0300593 0.0601378 0.2040680 0.0621068 
Perityle_crassifolia_70_ventanas           0.1304939 0.1094879 0.1469671 0.1898532 0.0759187 0.0106814 0.1731601 0.1826525 0.2308937 0.1249155 0.1030408 0.1369444 0.1449948 0.1468370 0.1271989 0.1429327 0.1384650 0.0897822 0.1353462 0.1405721 0.1300657 0.1440226 0.0948323 0.1424907 0.1370898 0.1413888 0.1268937 0.1786921 0.1381355 0.0000000 0.0308165 0.0732124 0.0920859 0.1269724 0.1386205 0.0931527 0.1409711 0.1423865 0.1586076 0.1458994 0.1464015 0.1423925 0.1309321 0.1432266 0.1485276 0.1547747 0.1395106 0.1428696 0.1440226 0.1352456 0.1468614 0.1428696 0.1384016 0.1306603 0.1375515 0.1357272 0.1129191 0.1506725 0.1450749 0.1472175 0.1476112 0.1328154 0.1442197 0.1320939 0.1363854 0.1424255 0.1423269 0.1158903 0.1082040 0.0707250 0.1397355 0.1424907 0.0430890 0.1415259 0.1402540 0.1448295 0.1299823 0.1020811 0.1359525 0.1403748 0.1457475 0.1465936 0.1472175 0.0840357 0.1371541 
Perityle_crassifolia_74_playa_balandra     0.0874723 0.0635640 0.0906698 0.1629112 0.0461372 0.0106814 0.1258204 0.1241517 0.1558055 0.0684801 0.0507196 0.0714068 0.0821535 0.0852442 0.0664385 0.0780263 0.0710265 0.0542338 0.0723317 0.0781696 0.0710113 0.0883020 0.0744439 0.0803115 0.0761408 0.0804527 0.0780471 0.1108315 0.0908878 0.0308165 0.0000000 0.0529392 0.0615882 0.0684801 0.0759484 0.0154262 0.0754139 0.0779966 0.0919372 0.0803386 0.0825948 0.0780310 0.0662110 0.0828349 0.0788355 0.0874524 0.0759521 0.0804527 0.0883020 0.0709730 0.0852585 0.0804527 0.0734779 0.0829043 0.0832449 0.0827519 0.0664614 0.0814948 0.0851976 0.0853198 0.0874306 0.0668354 0.0780918 0.0763186 0.0782058 0.0958032 0.0805022 0.0716852 0.0568788 0.0570097 0.0765024 0.0803115 0.0289971 0.0807426 0.0837869 0.0829198 0.0829693 0.0592977 0.0708459 0.0805285 0.0886991 0.0920528 0.0853198 0.0615942 0.0803805 
Perityle_cuneata_34_cuneata_San_antonio    0.1814538 0.0953067 0.2230956 0.1844133 0.1218795 0.0160827 0.2188709 0.1362782 0.2695267 0.2131144 0.1626216 0.2145777 0.2176201 0.2110188 0.1176865 0.2055686 0.1808761 0.1468538 0.1491966 0.1744816 0.2079051 0.2122679 0.0983080 0.2241615 0.1862909 0.2101256 0.2143908 0.2852577 0.2183486 0.0732124 0.0529392 0.0000000 0.1575313 0.1797341 0.2110969 0.1825102 0.2151573 0.1869837 0.2394126 0.1953368 0.2224040 0.2178851 0.2017080 0.1421325 0.1529750 0.2367552 0.2202480 0.2186303 0.2122679 0.1742229 0.2197836 0.2169061 0.1834187 0.2233036 0.2036064 0.2167374 0.0931842 0.1091646 0.2173009 0.2188435 0.2286490 0.1321854 0.1932150 0.1128443 0.2170989 0.2181849 0.2036290 0.1681632 0.1593382 0.0769100 0.2159710 0.2036477 0.1497890 0.2265395 0.2142228 0.1754578 0.0977382 0.1703814 0.2120645 0.2172836 0.1959188 0.1155521 0.2188435 0.1289989 0.1811744 
Perityle_cuneata_4                         0.1530379 0.0912726 0.1760070 0.3404594 0.0553179 0.0160459 0.2966076 0.1305973 0.2298873 0.1738481 0.0658195 0.1684709 0.1743467 0.1755348 0.1317908 0.1779737 0.1415348 0.0543886 0.1431779 0.1450475 0.1621684 0.1662337 0.1054443 0.1753545 0.1529056 0.1661461 0.1781446 0.2134436 0.1747298 0.0920859 0.0615882 0.1575313 0.0000000 0.1728551 0.1665750 0.1530740 0.1696468 0.1499650 0.1845772 0.1842631 0.1741109 0.1707243 0.1576889 0.1327692 0.1521430 0.1826883 0.1666015 0.1714841 0.1662337 0.1384978 0.1775360 0.1701256 0.1497601 0.1789147 0.1605667 0.1880666 0.0859153 0.1031406 0.1734754 0.1735354 0.1802981 0.1346144 0.1728910 0.1023387 0.1691664 0.1788271 0.1687469 0.2314648 0.1890654 0.0789982 0.1688989 0.1655485 0.0557955 0.1884927 0.1688168 0.1442615 0.0965463 0.1538179 0.1667349 0.1948635 0.1609417 0.1129583 0.1735354 0.1417287 0.1616289 
Perityle_discoidea_81                      0.0607240 0.0305078 0.0473982 0.1912788 0.1374877 0.0380350 0.2422027 0.1098538 0.1931075 0.0021137 0.1531893 0.0642440 0.0632637 0.0675915 0.0485276 0.0723668 0.0615529 0.1414247 0.0664107 0.0630954 0.0569501 0.0701464 0.0527831 0.0708258 0.0629698 0.0640564 0.0636361 0.1988931 0.0718233 0.1269724 0.0684801 0.1797341 0.1728551 0.0000000 0.0605724 0.0895399 0.0710904 0.0690398 0.0840258 0.0725479 0.0718986 0.0638559 0.0663881 0.0653038 0.0676424 0.0818415 0.0635762 0.0687827 0.0701464 0.0668988 0.0673540 0.0662517 0.0638157 0.0778276 0.0638927 0.0762777 0.0416375 0.0472010 0.0674415 0.0674892 0.0887660 0.0591992 0.0812459 0.0435394 0.0687356 0.0741821 0.0697602 0.2043300 0.2048810 0.0302142 0.0675352 0.0708258 0.1601869 0.1342800 0.0690621 0.0688560 0.0376993 0.1900949 0.0658470 0.0680814 0.0743198 0.0582052 0.0674892 0.1860347 0.0648448 
Perityle_dissecta_201                      0.0703979 0.0354285 0.0640886 0.3145614 0.1411290 0.0324396 0.3005574 0.1055089 0.1757571 0.0664014 0.1610050 0.0092786 0.0216650 0.0197143 0.0185123 0.0414545 0.0143261 0.1649026 0.0634788 0.0038289 0.0117924 0.0242027 0.0381286 0.0220607 0.0193856 0.0218488 0.0398944 0.1959194 0.0562836 0.1386205 0.0759484 0.2110969 0.1665750 0.0605724 0.0000000 0.0782059 0.0663313 0.0194355 0.0796029 0.0446094 0.0229010 0.0186103 0.0570523 0.0210212 0.0634903 0.0797618 0.0205631 0.0255815 0.0242027 0.0592793 0.0212996 0.0220809 0.0167369 0.0425763 0.0221103 0.0512733 0.0471637 0.0278218 0.0246771 0.0246838 0.0650412 0.0489931 0.0457939 0.0309062 0.0109576 0.0567819 0.0376006 0.2698669 0.2437804 0.0124726 0.0180500 0.0216917 0.1656532 0.1038264 0.0242543 0.0210260 0.0186199 0.1946485 0.0505736 0.0295951 0.0145018 0.0548936 0.0246838 0.2008543 0.0303889 
Perityle_emoryi_47_punta_san_jose          0.0954911 0.0750598 0.1021969 0.3344200 0.1210110 0.0106978 0.3256420 0.1414881 0.1799770 0.0966252 0.1506608 0.0821894 0.0844107 0.0778452 0.0700508 0.0908397 0.0652391 0.1501899 0.0951870 0.0695968 0.0762161 0.0804163 0.0793265 0.0846577 0.0735808 0.0844888 0.0758696 0.2237218 0.1000550 0.0931527 0.0154262 0.1825102 0.1530740 0.0895399 0.0782059 0.0000000 0.1028018 0.0698875 0.1137043 0.0854220 0.0836435 0.0807917 0.0969269 0.0751993 0.0978819 0.1119592 0.0810002 0.0830025 0.0804163 0.0854531 0.0813370 0.0809768 0.0668910 0.0873446 0.0709292 0.1052685 0.0725102 0.0813147 0.0847973 0.0848229 0.1093814 0.0857129 0.0874889 0.0849404 0.0840949 0.0997097 0.0718926 0.2558741 0.2318270 0.0566318 0.0833430 0.0838020 0.1189903 0.1579727 0.0826021 0.0733019 0.0874239 0.1792016 0.0861820 0.1023306 0.0702426 0.1005144 0.0848229 0.1711780 0.0711048 
Perityle_feddemae_99                       0.0696980 0.0430181 0.0797834 0.3274313 0.1454370 0.0492354 0.2888695 0.1299330 0.1821803 0.0758888 0.1732498 0.0713051 0.0657773 0.0682395 0.0586390 0.0778207 0.0615387 0.1743976 0.0659109 0.0636112 0.0633921 0.0731997 0.0628944 0.0718603 0.0680394 0.0702570 0.0707140 0.1922730 0.0800473 0.1409711 0.0754139 0.2151573 0.1696468 0.0710904 0.0663313 0.1028018 0.0000000 0.0626639 0.0867207 0.0794222 0.0727308 0.0680466 0.0198964 0.0631483 0.0208356 0.0849919 0.0698657 0.0720168 0.0731997 0.0204576 0.0732229 0.0709809 0.0633864 0.0735617 0.0676962 0.0770118 0.0506321 0.0567340 0.0719618 0.0719832 0.0876406 0.0663507 0.0772961 0.0542852 0.0730525 0.0781830 0.0733628 0.2748273 0.2563456 0.0406302 0.0635293 0.0716642 0.1678905 0.1450191 0.0743219 0.0696971 0.0497657 0.1978821 0.0679753 0.0779630 0.0747193 0.0691081 0.0719832 0.2078530 0.0677846 
Perityle_fosteri_93                        0.0772265 0.0400352 0.0611827 0.2842777 0.1229473 0.0436028 0.3028496 0.1110232 0.1751200 0.0660081 0.1408821 0.0204854 0.0249539 0.0283965 0.0141457 0.0415168 0.0057604 0.1302307 0.0682756 0.0217087 0.0184065 0.0306933 0.0258857 0.0303075 0.0254084 0.0280750 0.0397945 0.1733652 0.0610813 0.1423865 0.0779966 0.1869837 0.1499650 0.0690398 0.0194355 0.0698875 0.0626639 0.0000000 0.0863830 0.0487494 0.0312722 0.0263048 0.0595271 0.0290611 0.0671243 0.0854401 0.0255996 0.0303574 0.0306933 0.0616312 0.0273201 0.0283575 0.0223491 0.0429288 0.0259375 0.0622814 0.0470105 0.0373089 0.0283498 0.0283676 0.0692245 0.0506828 0.0516385 0.0329405 0.0234238 0.0598844 0.0393499 0.2305416 0.2206246 0.0024659 0.0048816 0.0303075 0.1420271 0.0792206 0.0297486 0.0286744 0.0233201 0.2022627 0.0530815 0.0390696 0.0295364 0.0644960 0.0283676 0.1725871 0.0361018 
Perityle_gamon_221                         0.0957092 0.0640159 0.0909337 0.3130315 0.1603192 0.0547376 0.3287570 0.1202340 0.1931219 0.0864831 0.1822243 0.0846597 0.0825294 0.0852648 0.0829759 0.0884382 0.0787087 0.1861696 0.0711463 0.0763927 0.0785496 0.0858683 0.0803693 0.0852301 0.0809442 0.0801031 0.0860358 0.2230051 0.0887720 0.1586076 0.0919372 0.2394126 0.1845772 0.0840258 0.0796029 0.1137043 0.0867207 0.0863830 0.0000000 0.0921079 0.0842191 0.0795117 0.0800162 0.0833671 0.0789193 0.0102454 0.0833727 0.0901826 0.0858683 0.0752778 0.0866776 0.0861997 0.0772168 0.0919106 0.0888731 0.0909520 0.0600999 0.0733048 0.0890826 0.0891095 0.0976445 0.0916829 0.0906938 0.0696743 0.0854705 0.0898666 0.0899304 0.2788348 0.2627081 0.0509347 0.0846666 0.0833918 0.1865891 0.1530145 0.0870029 0.0852186 0.0697771 0.2190330 0.0786658 0.1044082 0.0878631 0.0937323 0.0891095 0.2317116 0.0864822 
Perityle_gentryi_8_san_francisco           0.0811138 0.0449933 0.0746004 0.2618666 0.1514656 0.0435786 0.3167674 0.1201308 0.1901588 0.0688603 0.1718474 0.0468001 0.0475241 0.0486687 0.0347705 0.0190369 0.0422280 0.1652811 0.0738565 0.0474515 0.0415271 0.0504831 0.0453198 0.0515498 0.0473922 0.0478881 0.0400613 0.2101471 0.0717091 0.1458994 0.0803386 0.1953368 0.1842631 0.0725479 0.0446094 0.0854220 0.0794222 0.0487494 0.0921079 0.0000000 0.0525008 0.0474930 0.0751683 0.0418582 0.0725702 0.0944500 0.0471073 0.0506264 0.0504831 0.0733425 0.0485354 0.0485169 0.0444711 0.0431028 0.0506327 0.0718509 0.0564302 0.0262653 0.0485041 0.0485342 0.0810809 0.0588493 0.0624057 0.0204533 0.0507398 0.0726574 0.0395972 0.2682052 0.2466870 0.0225229 0.0481781 0.0513659 0.1796775 0.1091250 0.0505750 0.0483479 0.0352868 0.1959719 0.0654880 0.0621556 0.0546404 0.0678861 0.0485342 0.1947781 0.0340578 
Perityle_gilensis_22_Superstition          0.0735818 0.0463752 0.0723103 0.3296946 0.1495045 0.0379032 0.3169050 0.1248842 0.1812758 0.0718009 0.1685759 0.0273186 0.0143074 0.0115458 0.0285774 0.0493672 0.0242876 0.1786731 0.0694407 0.0242619 0.0202937 0.0162667 0.0403726 0.0041696 0.0175508 0.0138485 0.0442237 0.1992252 0.0638063 0.1464015 0.0825948 0.2224040 0.1741109 0.0718986 0.0229010 0.0836435 0.0727308 0.0312722 0.0842191 0.0525008 0.0000000 0.0092104 0.0653135 0.0148802 0.0745858 0.0843875 0.0283556 0.0177385 0.0162667 0.0674942 0.0135164 0.0143023 0.0149137 0.0478478 0.0323803 0.0607656 0.0545791 0.0436539 0.0168588 0.0168634 0.0717972 0.0545547 0.0532012 0.0435029 0.0290045 0.0654708 0.0437985 0.2755078 0.2474419 0.0149255 0.0267480 0.0042644 0.1734139 0.0985637 0.0163009 0.0135819 0.0208658 0.2045773 0.0568959 0.0412776 0.0330441 0.0660048 0.0168634 0.2105222 0.0429900 
Perityle_gilensis_salensis_225             0.0713991 0.0400751 0.0676543 0.3261118 0.1457746 0.0324396 0.3105625 0.1105663 0.1796777 0.0653495 0.1651783 0.0229881 0.0098088 0.0070853 0.0213276 0.0449134 0.0197340 0.1729848 0.0657471 0.0203234 0.0160231 0.0119538 0.0355756 0.0083760 0.0131269 0.0094950 0.0397789 0.1956562 0.0572035 0.1423925 0.0780310 0.2178851 0.1707243 0.0638559 0.0186103 0.0807917 0.0680466 0.0263048 0.0795117 0.0474930 0.0092104 0.0000000 0.0606672 0.0088936 0.0670468 0.0796702 0.0231318 0.0134792 0.0119538 0.0622578 0.0092679 0.0100691 0.0104984 0.0433783 0.0267443 0.0554340 0.0451960 0.0356646 0.0126107 0.0126141 0.0669360 0.0487774 0.0467645 0.0308331 0.0246727 0.0586898 0.0393096 0.2708346 0.2446462 0.0099361 0.0223728 0.0085673 0.1710349 0.0937027 0.0119789 0.0090289 0.0092132 0.2008664 0.0495721 0.0363675 0.0283724 0.0580166 0.0126141 0.2076121 0.0349041 
Perityle_glaucescens_94                    0.0628712 0.0352255 0.0760258 0.3121298 0.1382190 0.0492354 0.2824499 0.1300949 0.1784361 0.0702815 0.1623773 0.0619338 0.0638060 0.0643380 0.0525194 0.0702930 0.0528112 0.1647626 0.0635310 0.0561901 0.0560499 0.0656570 0.0578451 0.0644432 0.0603590 0.0626306 0.0650564 0.1855217 0.0732450 0.1309321 0.0662110 0.2017080 0.1576889 0.0663881 0.0570523 0.0969269 0.0198964 0.0595271 0.0800162 0.0751683 0.0653135 0.0606672 0.0000000 0.0610423 0.0173491 0.0792155 0.0614618 0.0664411 0.0656570 0.0106543 0.0657533 0.0635651 0.0566296 0.0679014 0.0627343 0.0747632 0.0451262 0.0486484 0.0663903 0.0664100 0.0796381 0.0563659 0.0727410 0.0500001 0.0636790 0.0732104 0.0657534 0.2690134 0.2398755 0.0354170 0.0579307 0.0640794 0.1599140 0.1344072 0.0667365 0.0617535 0.0474349 0.1895983 0.0594144 0.0737771 0.0656098 0.0644166 0.0664100 0.1993243 0.0616546 
Perityle_gracilis_11                       0.0752041 0.0433682 0.0619039 0.3077082 0.1045929 0.0324396 0.2562862 0.1154228 0.1688085 0.0625510 0.1222383 0.0221091 0.0060669 0.0119762 0.0257840 0.0364450 0.0220173 0.1131728 0.0676087 0.0233654 0.0189613 0.0099334 0.0356177 0.0128904 0.0139333 0.0070420 0.0378151 0.1296765 0.0528152 0.1432266 0.0828349 0.1421325 0.1327692 0.0653038 0.0210212 0.0751993 0.0631483 0.0290611 0.0833671 0.0418582 0.0148802 0.0088936 0.0610423 0.0000000 0.0686110 0.0823808 0.0274096 0.0069201 0.0099334 0.0627127 0.0108947 0.0079100 0.0139028 0.0410433 0.0277456 0.0506740 0.0471453 0.0357647 0.0039457 0.0039482 0.0669320 0.0568354 0.0457237 0.0351141 0.0241142 0.0538233 0.0384331 0.2183582 0.2066917 0.0124439 0.0274618 0.0128904 0.1255146 0.0324530 0.0089536 0.0079184 0.0069183 0.1912090 0.0524794 0.0404728 0.0314519 0.0613669 0.0039482 0.1366128 0.0358015 
