85
Amauria_brandeegeana_62                    0.0000000 0.0942044 0.2041875 0.1825893 0.1970144 0.8446341 0.8592053 0.3400508 0.1408583 0.2334484 0.2310895 0.2301461 0.2289575 0.2307758 0.2169830 0.1836425 0.1306311 0.1879999 0.1874958 0.1824526 0.2293336 0.1361397 0.2107736 0.2935148 0.2298664 0.2024098 0.2135922 0.1995700 0.1241748 0.1138149 0.2320955 0.1914648 0.1382831 0.2238495 0.1819513 0.1983331 0.1866001 0.2202353 0.2194694 0.2317567 0.2100271 0.1912888 0.2068392 0.2158681 0.2311036 0.2639384 0.2301934 0.2256534 0.1996445 0.2038334 0.2165168 0.3070997 0.1854955 0.2168306 0.1958897 0.1748598 0.2449466 0.2387648 0.2257252 0.1745783 0.1281525 0.1159062 0.1287698 0.2211184 0.2090605 0.1812836 0.1925584 0.1968906 0.1621294 0.1939662 0.2097576 0.1547132 0.2395405 0.2333782 0.2260904 0.1197720 0.2324103 0.1928462 0.2348463 0.2365683 0.1171621 0.2257252 0.1829293 0.1049906 0.1252622 
Amauria_carterae_99_mesa                   0.0942044 0.0000000 0.0865895 0.0919439 0.1186658 0.7299338 0.8102684 0.2255224 0.0854263 0.0884401 0.0966682 0.0956582 0.0885070 0.0937047 0.1123158 0.0746628 0.0692193 0.1087780 0.0983486 0.0659370 0.0913060 0.1102401 0.0962042 0.0869828 0.0913418 0.0974388 0.1046809 0.1013249 0.1062500 0.0896469 0.1121081 0.0822064 0.0868561 0.0948783 0.1096352 0.1008747 0.0960906 0.0997008 0.1050560 0.0911120 0.1043420 0.1067027 0.0941082 0.0987826 0.1119266 0.0952353 0.0942238 0.0926635 0.1016849 0.0950606 0.0957399 0.1385520 0.0898000 0.0926870 0.1035748 0.1140153 0.1339165 0.0926158 0.0913060 0.1120600 0.0892294 0.0971695 0.1109393 0.0914053 0.0999559 0.1029503 0.1082835 0.1054186 0.1050938 0.0968844 0.0962042 0.0866799 0.1011658 0.0890389 0.0862333 0.0854068 0.1015322 0.0904332 0.0996224 0.0954410 0.0765782 0.0913060 0.1096352 0.0687022 0.1275818 
Amauria_rotundifolia_SRR9119150            0.2041875 0.0865895 0.0000000 0.2547214 0.1877272 0.8195434 0.8171072 0.3886689 0.0803321 0.2304395 0.2613853 0.2643038 0.2553152 0.2119012 0.2497200 0.2722301 0.1045069 0.2233126 0.2102408 0.2549781 0.2477236 0.1297816 0.2494397 0.3034593 0.2549672 0.2468099 0.3099057 0.2766337 0.1240780 0.1048418 0.2078807 0.2124683 0.0688242 0.2549971 0.2009262 0.2787216 0.2176940 0.2971967 0.2458992 0.2572986 0.2503043 0.2863174 0.2508939 0.2881467 0.3215476 0.2886271 0.2529194 0.2528809 0.2860867 0.2686951 0.2526125 0.3453802 0.2300418 0.2285104 0.2718610 0.1637806 0.2305715 0.2551762 0.2746809 0.2375936 0.1027428 0.0877354 0.1415346 0.2481924 0.3040902 0.2198740 0.2717231 0.3117658 0.0906115 0.2394930 0.2475838 0.1450722 0.2630245 0.2416042 0.2335140 0.1124349 0.3028874 0.2506891 0.2596167 0.2383490 0.1158120 0.2538476 0.2030466 0.1230772 0.0970309 
Eutetras_palmeri_63                        0.1825893 0.0919439 0.2547214 0.0000000 0.0133002 0.7688539 0.7939273 0.3545402 0.2191248 0.1983105 0.1784139 0.1857188 0.1708251 0.1572144 0.1325637 0.0935485 0.1272181 0.1045701 0.1300500 0.0928607 0.1729833 0.0615336 0.1533542 0.2447801 0.1812496 0.1421244 0.1982031 0.1538467 0.1517882 0.1411155 0.2641751 0.2213236 0.1862428 0.1681148 0.1518020 0.1530699 0.1305937 0.2150387 0.1268949 0.1779350 0.1537124 0.1417673 0.1632799 0.1667078 0.2429112 0.2299680 0.1828789 0.1779614 0.1512502 0.1508660 0.1571718 0.2935978 0.1322067 0.1584738 0.1646209 0.1073697 0.1466886 0.1735701 0.1856271 0.1300368 0.0674850 0.0831266 0.1007499 0.1734521 0.1944501 0.1329017 0.1593675 0.1610417 0.1303210 0.1374701 0.1525864 0.2067847 0.1866368 0.1509927 0.1785681 0.0560500 0.1928971 0.1125597 0.1763597 0.1715722 0.0761634 0.1779628 0.1512175 0.1047619 0.1359856 
Eutetras_pringlei_149_quer                 0.1970144 0.1186658 0.1877272 0.0133002 0.0000000 0.6866473 0.7656334 0.3443478 0.2054173 0.1608962 0.1216856 0.1316388 0.1117396 0.1132692 0.1197949 0.0540099 0.1319535 0.1010656 0.1133156 0.0464152 0.1239356 0.0447460 0.1150616 0.1118493 0.1199946 0.1159739 0.1545899 0.1087358 0.1868926 0.1088344 0.1669850 0.1266832 0.2003224 0.1150272 0.1251100 0.1206359 0.1268707 0.1344044 0.1089408 0.1194104 0.1163600 0.1139083 0.1199938 0.1238432 0.1417568 0.1099393 0.1220790 0.1218667 0.1199191 0.1007402 0.1162704 0.1159371 0.1017950 0.1183062 0.0999203 0.1081608 0.1596262 0.1217671 0.1218667 0.1327392 0.0771971 0.0718451 0.1009171 0.1201063 0.0950225 0.1158473 0.1312566 0.1059474 0.1409360 0.1113908 0.1170665 0.1766849 0.1221655 0.1180129 0.1193688 0.0622666 0.1250152 0.1077535 0.1233513 0.1180599 0.0552734 0.1218667 0.1251100 0.0811634 0.1385026 
Eutrochium_fistulosum_SRR9119106           0.8446341 0.7299338 0.8195434 0.7688539 0.6866473 0.0000000 0.2698137 0.9037683 0.7360945 0.8085616 0.7670171 0.7708752 0.7621783 0.7197073 0.8022663 0.8228804 0.8080034 0.7367216 0.7962493 0.8151137 0.7514160 0.7163580 0.7777216 0.8458665 0.7568664 0.7995978 0.7739819 0.7714880 0.8079978 0.8431111 0.8190179 0.7663115 0.7299254 0.7563996 0.8249925 0.7500793 0.7882092 0.7979070 0.7949769 0.7585060 0.7793741 0.7949984 0.7612109 0.7530827 0.7906248 0.8160646 0.7601554 0.7516267 0.7505074 0.7746198 0.7842508 0.8279309 0.7612071 0.7716927 0.7967458 0.7904706 0.7354703 0.7507345 0.7485031 0.7549423 0.6887711 0.6678004 0.6983363 0.7479619 0.7835107 0.7320478 0.7873899 0.7873801 0.7362315 0.8024862 0.7777216 0.7676806 0.7574657 0.7264648 0.7380293 0.7188194 0.7685103 0.7815796 0.7633715 0.7777446 0.7126422 0.7485031 0.8249925 0.7712599 0.6840199 
Galeana_pratensis_104_mex                  0.8592053 0.8102684 0.8171072 0.7939273 0.7656334 0.2698137 0.0000000 0.8803446 0.7889508 0.7851968 0.8093956 0.7997662 0.8099156 0.7539046 0.8469524 0.8154147 0.8306133 0.8297479 0.8184581 0.7970602 0.8134058 0.7806553 0.8341640 0.8046399 0.8189849 0.8219475 0.8562603 0.8027155 0.8393594 0.8387654 0.9347485 0.8438326 0.7836722 0.8110132 0.8395012 0.8023535 0.8136234 0.8556311 0.8106720 0.8033466 0.8248437 0.8175331 0.8239331 0.7979494 0.8516017 0.8310878 0.8246213 0.8175642 0.7962394 0.8595716 0.8348559 0.8024906 0.7941895 0.8158795 0.8383275 0.8525700 0.9212861 0.8175642 0.8134058 0.7783783 0.7825179 0.8843492 0.7565966 0.7965590 0.8003348 0.7617532 0.7936831 0.8263652 0.9473645 0.8178974 0.8341640 0.8214962 0.8092530 0.7726582 0.8006154 0.7897430 0.7860371 0.8043033 0.8058142 0.8189722 0.7962616 0.8134058 0.8395012 0.8259419 0.9460578 
Helianthus_annuus_SRR9119062               0.3400508 0.2255224 0.3886689 0.3545402 0.3443478 0.9037683 0.8803446 0.0000000 0.3145610 0.3396746 0.3604126 0.3658338 0.3542465 0.3335200 0.3371041 0.3321512 0.2609140 0.2727541 0.3519409 0.3286059 0.3518835 0.2210135 0.3856404 0.3521231 0.3655408 0.3849767 0.4042482 0.3452771 0.2628034 0.2309269 0.4689307 0.3264467 0.2938304 0.3566947 0.3056995 0.3472896 0.3646625 0.3898083 0.3444597 0.3599340 0.3915873 0.3167018 0.3491113 0.3529471 0.4103456 0.4242925 0.3695152 0.3617540 0.3464180 0.3831434 0.3851785 0.4007572 0.3540406 0.3517210 0.3649003 0.2963744 0.3236684 0.3701079 0.3797891 0.3578210 0.2068415 0.2359149 0.2638601 0.3638967 0.3656005 0.3735129 0.3767836 0.3992465 0.3291262 0.3724952 0.3842030 0.3188758 0.3759479 0.3635206 0.3634333 0.2290978 0.3712354 0.3286066 0.3633466 0.3460450 0.1820150 0.3621106 0.3062948 0.2383438 0.3206746 
Lycapsus_tenuifolius_17                    0.1408583 0.0854263 0.0803321 0.2191248 0.2054173 0.7360945 0.7889508 0.3145610 0.0000000 0.1837451 0.2032952 0.2134040 0.1937546 0.1454545 0.1810251 0.1550135 0.0905935 0.2161450 0.1362021 0.1305053 0.1946245 0.1262836 0.1755566 0.2419074 0.1998072 0.1789774 0.2594827 0.2257386 0.0786350 0.0789242 0.1796460 0.1681366 0.0225823 0.1983099 0.1761727 0.2184828 0.1600736 0.2365803 0.1796898 0.1981461 0.1820015 0.2092610 0.1965973 0.2205611 0.2685143 0.1934208 0.1973095 0.1965498 0.2222736 0.1822049 0.1800921 0.2805401 0.1781056 0.1715081 0.2068460 0.1435131 0.2038620 0.2016029 0.2224329 0.1977640 0.1004113 0.1152766 0.1339673 0.1968259 0.2624003 0.1676478 0.2251675 0.2526254 0.0769422 0.1781496 0.1755566 0.0623608 0.2082863 0.1917365 0.1762175 0.1118212 0.2587614 0.1979064 0.2035795 0.1923425 0.0899279 0.1966399 0.1761727 0.0772282 0.0943732 
Pericome_caudata_50_silver                 0.2334484 0.0884401 0.2304395 0.1983105 0.1608962 0.8085616 0.7851968 0.3396746 0.1837451 0.0000000 0.2237913 0.2277139 0.2102285 0.1870146 0.2096679 0.2313437 0.1211599 0.1730589 0.2053876 0.2280370 0.2145008 0.1003499 0.2219451 0.2709377 0.2186724 0.2101612 0.2762059 0.2289338 0.1352788 0.1270403 0.2434145 0.2236385 0.1712844 0.2117906 0.1671770 0.2527783 0.1897583 0.2953053 0.2198487 0.2167568 0.2255187 0.2379212 0.2080908 0.2598534 0.3189157 0.2848028 0.2218965 0.2191676 0.2528751 0.2322628 0.2178428 0.3274040 0.1898219 0.1979913 0.2454839 0.1506075 0.1819744 0.2119839 0.2363872 0.2209687 0.0991722 0.0832664 0.1116054 0.2133049 0.2656823 0.1882488 0.2378988 0.2542407 0.0932397 0.2044260 0.2210456 0.1716035 0.2249586 0.2031274 0.2048842 0.0794346 0.2808030 0.2127516 0.2145143 0.1967199 0.1009513 0.2200791 0.1677982 0.1171763 0.1177823 
Perityle_aglossa_84_dead_horse             0.2310895 0.0966682 0.2613853 0.1784139 0.1216856 0.7670171 0.8093956 0.3604126 0.2032952 0.2237913 0.0000000 0.0465943 0.0417671 0.0254465 0.2082981 0.2405736 0.1436111 0.1405257 0.2170929 0.2441641 0.0367080 0.0722652 0.2197046 0.1040332 0.0445396 0.2170018 0.2563197 0.1714534 0.1525241 0.1374046 0.2584101 0.2244742 0.1871360 0.0279877 0.1528736 0.1843902 0.2103222 0.2776361 0.2114853 0.0396424 0.2253331 0.1871704 0.0417509 0.2015700 0.3120956 0.2987707 0.0434427 0.0368135 0.1809515 0.2166715 0.2191292 0.1538656 0.2003730 0.0314030 0.1966616 0.1413544 0.1439046 0.0558922 0.0572572 0.1695304 0.0626827 0.0660655 0.1028094 0.0263562 0.2046368 0.2082845 0.2325529 0.2243577 0.1261337 0.2068537 0.2181165 0.2028903 0.0481755 0.0374196 0.0362299 0.0228087 0.2641676 0.2047595 0.0352815 0.0278131 0.0666575 0.0374174 0.1524485 0.0852720 0.1321364 
Perityle_ajoensis_204                      0.2301461 0.0956582 0.2643038 0.1857188 0.1316388 0.7708752 0.7997662 0.3658338 0.2134040 0.2277139 0.0465943 0.0000000 0.0519147 0.0338458 0.2111515 0.2415856 0.1501376 0.1458693 0.2217065 0.2522939 0.0343887 0.0721707 0.2243928 0.1120037 0.0399667 0.2175887 0.2616099 0.1717832 0.1583194 0.1392610 0.2488560 0.2241720 0.1944049 0.0377473 0.1531558 0.1876493 0.2164430 0.2826185 0.2169773 0.0496550 0.2285476 0.1900218 0.0358013 0.2043125 0.3120994 0.2974248 0.0394029 0.0340117 0.1816267 0.2219364 0.2230136 0.1554344 0.2036081 0.0424254 0.2025012 0.1374622 0.1404333 0.0481900 0.0526388 0.1721245 0.0610193 0.0658597 0.1061370 0.0427244 0.2105349 0.2104253 0.2300403 0.2304927 0.1258513 0.2111074 0.2227760 0.2171330 0.0435917 0.0283766 0.0325818 0.0199470 0.2630421 0.2065714 0.0409986 0.0447349 0.0681790 0.0334269 0.1518992 0.0905464 0.1323740 
Perityle_ambrosiifolia_67_green            0.2289575 0.0885070 0.2553152 0.1708251 0.1117396 0.7621783 0.8099156 0.3542465 0.1937546 0.2102285 0.0417671 0.0519147 0.0000000 0.0411763 0.2078600 0.2444589 0.1415483 0.1387192 0.2176307 0.2554637 0.0427998 0.0699784 0.2216532 0.1092737 0.0491900 0.2127533 0.2614748 0.1665779 0.1488809 0.1315512 0.2490645 0.2201247 0.1831244 0.0329558 0.1490727 0.1831918 0.2101682 0.2762659 0.2110044 0.0194213 0.2257959 0.1882239 0.0378092 0.2034827 0.3108763 0.3020834 0.0481431 0.0413335 0.1795502 0.2188880 0.2169859 0.1423032 0.1972772 0.0333584 0.1951693 0.1393871 0.1421250 0.0551556 0.0577985 0.1637796 0.0625592 0.0616782 0.0966842 0.0366966 0.1995309 0.2047617 0.2287993 0.2265835 0.1225305 0.2072833 0.2200437 0.2005418 0.0528879 0.0339363 0.0384314 0.0198952 0.2655081 0.2041732 0.0416190 0.0395119 0.0632999 0.0419482 0.1485985 0.0822298 0.1252965 
Perityle_angustifolia_13_Eagle_creek       0.2307758 0.0937047 0.2119012 0.1572144 0.1132692 0.7197073 0.7539046 0.3335200 0.1454545 0.1870146 0.0254465 0.0338458 0.0411763 0.0000000 0.1890604 0.2175472 0.0990767 0.1076954 0.1802086 0.2233720 0.0285667 0.0586830 0.1818490 0.0475027 0.0369905 0.1866724 0.2008651 0.1261823 0.1439398 0.1321116 0.1711483 0.1653731 0.1394864 0.0245463 0.1050414 0.1804971 0.1875043 0.1977710 0.1875812 0.0422571 0.1893734 0.1971174 0.0325965 0.1863654 0.2062729 0.1769134 0.0370038 0.0295998 0.1765378 0.1810462 0.1814079 0.1099532 0.1833529 0.0081103 0.1583146 0.1377295 0.1326439 0.0612670 0.0285667 0.1339362 0.0561458 0.0792033 0.1017215 0.0286337 0.1371406 0.1903646 0.1867430 0.1672203 0.1187811 0.1840739 0.1804895 0.1874360 0.0401865 0.0318776 0.0312325 0.0270569 0.1815052 0.1771436 0.0244373 0.0275101 0.0552961 0.0285667 0.1050414 0.0751906 0.1289959 
Perityle_batopilensis_97                   0.2169830 0.1123158 0.2497200 0.1325637 0.1197949 0.8022663 0.8469524 0.3371041 0.1810251 0.2096679 0.2082981 0.2111515 0.2078600 0.1890604 0.0000000 0.0429869 0.1532849 0.1353511 0.0709699 0.0393992 0.1982553 0.0911451 0.0941566 0.2872114 0.2118197 0.0720756 0.0987921 0.1782196 0.1637565 0.1399460 0.2599247 0.2374951 0.1660675 0.1994207 0.0932090 0.1463850 0.0676597 0.1922101 0.0278950 0.2068973 0.0978388 0.1434887 0.1909734 0.1588344 0.2050305 0.1725638 0.2134175 0.2034124 0.1465979 0.0868772 0.0895928 0.3174550 0.0751441 0.1996490 0.1683201 0.0750129 0.1138644 0.1910966 0.2034744 0.1562912 0.0987509 0.1233874 0.0745926 0.2047623 0.1780792 0.0699307 0.1506420 0.1685097 0.0834395 0.0708710 0.0949634 0.1843284 0.2181690 0.1868534 0.2064496 0.0909917 0.1886013 0.1490234 0.2089014 0.1998619 0.1044356 0.2034744 0.0927796 0.1336085 0.0730420 
Perityle_bisetosa_9                        0.1836425 0.0746628 0.2722301 0.0935485 0.0540099 0.8228804 0.8154147 0.3321512 0.1550135 0.2313437 0.2405736 0.2415856 0.2444589 0.2175472 0.0429869 0.0000000 0.1448253 0.0745034 0.0326745 0.0238523 0.2281592 0.0700324 0.0729857 0.2280115 0.2463096 0.0405718 0.0676304 0.1373236 0.1801912 0.1078763 0.4475767 0.1887176 0.1493870 0.2331432 0.0536372 0.1403976 0.0211888 0.1566619 0.0465718 0.2466470 0.0702121 0.1415252 0.2050010 0.1682047 0.1689186 0.1410246 0.2410312 0.2390820 0.1406746 0.0567096 0.0592197 0.2336502 0.0386133 0.2320235 0.1405058 0.0375636 0.0000010 0.2127305 0.2392131 0.0927350 0.0440054 0.0000010 0.0326346 0.2408142 0.1548749 0.0333232 0.1069228 0.1570587 0.0000010 0.0185854 0.0743457 0.2210811 0.2565468 0.1960772 0.2435749 0.0334861 0.0989290 0.1121688 0.2409441 0.2272386 0.0933888 0.2392131 0.0535099 0.1294193 0.0000010 
Perityle_californica_76_positas            0.1306311 0.0692193 0.1045069 0.1272181 0.1319535 0.8080034 0.8306133 0.2609140 0.0905935 0.1211599 0.1436111 0.1501376 0.1415483 0.0990767 0.1532849 0.1448253 0.0000000 0.1309392 0.1330805 0.1423222 0.1286573 0.1083660 0.1347248 0.1926027 0.1455451 0.1406089 0.1692429 0.1663227 0.0789262 0.0936737 0.1126515 0.1189188 0.0918010 0.1434653 0.1343655 0.1630032 0.1324912 0.1602055 0.1508094 0.1414306 0.1385368 0.1613797 0.1498138 0.1620198 0.1683599 0.1568660 0.1448141 0.1467777 0.1637352 0.1364476 0.1333100 0.2025436 0.1234691 0.1436958 0.1783421 0.1503984 0.1382818 0.1287544 0.1456602 0.1388524 0.1016430 0.0927924 0.1260957 0.1404321 0.1647507 0.1176334 0.1634495 0.1565468 0.0928770 0.1340725 0.1324058 0.0822236 0.1523502 0.1189807 0.1421693 0.0845680 0.1484710 0.1375177 0.1500443 0.1354563 0.0898931 0.1456602 0.1369738 0.0877308 0.1147702 
Perityle_canescens_77                      0.1879999 0.1087780 0.2233126 0.1045701 0.1010656 0.7367216 0.8297479 0.2727541 0.2161450 0.1730589 0.1405257 0.1458693 0.1387192 0.1076954 0.1353511 0.0745034 0.1309392 0.0000000 0.1057339 0.0760887 0.1406099 0.0830499 0.1184801 0.2223807 0.1457880 0.1171724 0.1275155 0.1365371 0.1452364 0.1375651 0.2792199 0.2075821 0.1989803 0.1352527 0.1375831 0.0979998 0.1087121 0.1446416 0.1290720 0.1363681 0.1224135 0.0989510 0.1427280 0.0973958 0.1573601 0.1479490 0.1461904 0.1415871 0.0965395 0.0991403 0.1180138 0.2751788 0.1081483 0.1290353 0.1351331 0.1226678 0.1543354 0.1445894 0.1406099 0.1305673 0.0807260 0.0876867 0.1052450 0.1378549 0.1247119 0.1133055 0.1339774 0.1267727 0.1533373 0.1087066 0.1195146 0.1756844 0.1510794 0.1445548 0.1417183 0.0851078 0.1721907 0.1156092 0.1347918 0.1396644 0.0856276 0.1406099 0.1375831 0.1077783 0.1144364 
Perityle_castillonii_96                    0.1874958 0.0983486 0.2102408 0.1300500 0.1133156 0.7962493 0.8184581 0.3519409 0.1362021 0.2053876 0.2170929 0.2217065 0.2176307 0.1802086 0.0709699 0.0326745 0.1330805 0.1057339 0.0000000 0.0329159 0.1961654 0.0723508 0.0644672 0.2791911 0.2165969 0.0582686 0.1179058 0.1818902 0.1557816 0.1354193 0.1863873 0.1853905 0.1344980 0.2037140 0.0670516 0.1543414 0.0274308 0.1747399 0.0771940 0.2168611 0.0657038 0.1364930 0.1956510 0.1638792 0.1879311 0.0914745 0.2141852 0.2126960 0.1559180 0.0647569 0.0617987 0.2936990 0.0516347 0.2037201 0.1809765 0.0541480 0.0691234 0.1905032 0.2154351 0.1522576 0.0905544 0.1104258 0.0458935 0.2108322 0.2046030 0.0405726 0.1680796 0.1899749 0.0167683 0.0252132 0.0652060 0.1704659 0.2254952 0.1766486 0.2140315 0.0724878 0.1745793 0.1259626 0.2188252 0.1970982 0.0929614 0.2127584 0.0672005 0.1228229 0.0456056 
Perityle_cernua_84                         0.1824526 0.0659370 0.2549781 0.0928607 0.0464152 0.8151137 0.7970602 0.3286059 0.1305053 0.2280370 0.2441641 0.2522939 0.2554637 0.2233720 0.0393992 0.0238523 0.1423222 0.0760887 0.0329159 0.0000000 0.2292701 0.0889585 0.0529748 0.2345404 0.2504359 0.0412893 0.0653827 0.1324559 0.1737737 0.1078683 0.4475767 0.1817367 0.1248100 0.2417623 0.0537945 0.1434931 0.0331005 0.1476428 0.0435247 0.2595633 0.0501692 0.1446614 0.2104666 0.1553817 0.1603222 0.1423291 0.2428967 0.2428342 0.1438082 0.0378008 0.0390783 0.2424850 0.0323910 0.2390235 0.1363068 0.0354828 0.0000010 0.2152093 0.2429743 0.0931985 0.0441018 0.0000010 0.0260447 0.2481798 0.1510413 0.0293685 0.1000465 0.1459367 0.0000010 0.0308993 0.0543592 0.1992568 0.2612513 0.1960059 0.2452601 0.0263990 0.0934546 0.0975293 0.2500394 0.2378180 0.0935603 0.2429743 0.0557608 0.1297631 0.0000010 
Perityle_cfvillosa_25_tin                  0.2293336 0.0913060 0.2477236 0.1729833 0.1239356 0.7514160 0.8134058 0.3518835 0.1946245 0.2145008 0.0367080 0.0343887 0.0427998 0.0285667 0.1982553 0.2281592 0.1286573 0.1406099 0.1961654 0.2292701 0.0000000 0.0679683 0.1912127 0.1103364 0.0175010 0.2006931 0.2489429 0.1640835 0.1488651 0.1329106 0.2480262 0.2231426 0.1808074 0.0293028 0.1480783 0.1862383 0.2007440 0.2628556 0.2024940 0.0430618 0.1952585 0.1860637 0.0149627 0.1914207 0.2961737 0.2579911 0.0163652 0.0029863 0.1814481 0.1865768 0.1902595 0.1567992 0.1995021 0.0335375 0.1973760 0.1340225 0.1356777 0.0261219 0.0236710 0.1732579 0.0559999 0.0704534 0.0951303 0.0338658 0.2024637 0.2010527 0.2343771 0.2058692 0.1127245 0.1968188 0.1895808 0.2024510 0.0218047 0.0136296 0.0117986 0.0070456 0.2665866 0.1870781 0.0333001 0.0358077 0.0649309 0.0023884 0.1480783 0.0814577 0.1183947 
Perityle_cinerea_113_Powell1310            0.1361397 0.1102401 0.1297816 0.0615336 0.0447460 0.7163580 0.7806553 0.2210135 0.1262836 0.1003499 0.0722652 0.0721707 0.0699784 0.0586830 0.0911451 0.0700324 0.1083660 0.0830499 0.0723508 0.0889585 0.0679683 0.0000000 0.0857074 0.0636493 0.0701460 0.0814649 0.0889625 0.1022618 0.1265142 0.1408670 0.1199778 0.1351874 0.1263438 0.0684785 0.0892836 0.0868292 0.0725276 0.0824265 0.0848359 0.0698596 0.0879691 0.1130797 0.0680136 0.0899666 0.0963239 0.0679527 0.0744812 0.0679683 0.0890359 0.0814766 0.0793536 0.0911507 0.0708985 0.0658390 0.0998922 0.0835131 0.0762998 0.0721643 0.0679683 0.0872842 0.0820185 0.0956888 0.0804718 0.0701031 0.0957178 0.0880282 0.1066028 0.0788378 0.0679254 0.0745297 0.0857074 0.1221428 0.0744085 0.0701460 0.0701308 0.0610178 0.0898155 0.0824923 0.0658641 0.0636536 0.0737931 0.0679683 0.0892836 0.0963674 0.0855378 
Perityle_coahuilensis_24                   0.2107736 0.0962042 0.2494397 0.1533542 0.1150616 0.7777216 0.8341640 0.3856404 0.1755566 0.2219451 0.2197046 0.2243928 0.2216532 0.1818490 0.0941566 0.0729857 0.1347248 0.1184801 0.0644672 0.0529748 0.1912127 0.0857074 0.0000000 0.2861669 0.2174685 0.0769518 0.1377319 0.1983728 0.1441070 0.1358631 0.2241710 0.2341419 0.1612458 0.2067304 0.0697713 0.1697591 0.0577248 0.2248324 0.1013393 0.2209572 0.0101412 0.1463877 0.1991005 0.1751010 0.2526222 0.1427289 0.2150558 0.2130531 0.1693744 0.0199387 0.0179264 0.3196402 0.0555390 0.2118250 0.1874100 0.0555215 0.0767207 0.1882920 0.2348458 0.1686351 0.0886933 0.0876002 0.0543893 0.2155577 0.2344515 0.0545870 0.2000082 0.2041885 0.0397684 0.0561610 0.0017727 0.1865126 0.2240438 0.1757708 0.2176590 0.0691243 0.2300284 0.1507712 0.2180154 0.1939748 0.0915798 0.2139414 0.0690474 0.1108828 0.0423669 
Perityle_cochisensis_44_cave_creek         0.2935148 0.0869828 0.3034593 0.2447801 0.1118493 0.8458665 0.8046399 0.3521231 0.2419074 0.2709377 0.1040332 0.1120037 0.1092737 0.0475027 0.2872114 0.2280115 0.1926027 0.2223807 0.2791911 0.2345404 0.1103364 0.0636493 0.2861669 0.0000000 0.1105834 0.2916277 0.3291571 0.2343586 0.1566923 0.1345573 0.3529914 0.2430812 0.2356244 0.0972933 0.2339970 0.2463501 0.2928187 0.3107116 0.2905523 0.1135717 0.2898658 0.2694014 0.1126850 0.2706223 0.3277039 0.3379791 0.1097108 0.1032408 0.2425982 0.2955648 0.2865073 0.1359622 0.2823625 0.1007538 0.2353531 0.2086314 0.2691076 0.1354987 0.1046760 0.2410172 0.0575334 0.0701597 0.0980373 0.0984826 0.2447614 0.2895082 0.2779949 0.2812315 0.1155596 0.2862502 0.2842388 0.2520294 0.1151195 0.1221563 0.1032320 0.0170176 0.2998487 0.2879150 0.0954594 0.1081139 0.0600794 0.1032679 0.2347246 0.1506848 0.1212219 
Perityle_congesta_202                      0.2298664 0.0913418 0.2549672 0.1812496 0.1199946 0.7568664 0.8189849 0.3655408 0.1998072 0.2186724 0.0445396 0.0399667 0.0491900 0.0369905 0.2118197 0.2463096 0.1455451 0.1457880 0.2165969 0.2504359 0.0175010 0.0701460 0.2174685 0.1105834 0.0000000 0.2155215 0.2592624 0.1699673 0.1500458 0.1343682 0.2421736 0.2113360 0.1877367 0.0357594 0.1512210 0.1841594 0.2081082 0.2824451 0.2183966 0.0475701 0.2215832 0.1866894 0.0134378 0.2014823 0.3171935 0.2881570 0.0126339 0.0170083 0.1799057 0.2157848 0.2153677 0.1537041 0.2005078 0.0360157 0.1962541 0.1362862 0.1397057 0.0369442 0.0374371 0.1701162 0.0576628 0.0704740 0.0967707 0.0382984 0.2090750 0.2021780 0.2346393 0.2252434 0.1161011 0.2038676 0.2158739 0.2079449 0.0130286 0.0101912 0.0169751 0.0000010 0.2648427 0.2072799 0.0401656 0.0420791 0.0681445 0.0164374 0.1507727 0.0810822 0.1220607 
Perityle_cordifolia_27                     0.2024098 0.0974388 0.2468099 0.1421244 0.1159739 0.7995978 0.8219475 0.3849767 0.1789774 0.2101612 0.2170018 0.2175887 0.2127533 0.1866724 0.0720756 0.0405718 0.1406089 0.1171724 0.0582686 0.0412893 0.2006931 0.0814649 0.0769518 0.2916277 0.2155215 0.0000000 0.1340756 0.1862668 0.1590236 0.1358304 0.2265603 0.2270101 0.1703840 0.2046515 0.0692478 0.1575564 0.0503111 0.2199523 0.0722388 0.2128832 0.0802943 0.1372203 0.1951793 0.1707084 0.2429399 0.1426746 0.2145756 0.2120247 0.1578655 0.0748072 0.0728607 0.3212721 0.0337649 0.2107546 0.1859846 0.0555492 0.0723419 0.1965504 0.2324632 0.1617118 0.0909533 0.1054519 0.0347225 0.2105895 0.2310323 0.0172755 0.1793301 0.2112115 0.0312062 0.0534335 0.0776233 0.1965311 0.2235323 0.1797474 0.2137647 0.0727066 0.2083764 0.1396223 0.2143711 0.2028593 0.1031214 0.2128882 0.0693548 0.1240678 0.0523664 
Perityle_cordifolia_68_tecolote            0.2135922 0.1046809 0.3099057 0.1982031 0.1545899 0.7739819 0.8562603 0.4042482 0.2594827 0.2762059 0.2563197 0.2616099 0.2614748 0.2008651 0.0987921 0.0676304 0.1692429 0.1275155 0.1179058 0.0653827 0.2489429 0.0889625 0.1377319 0.3291571 0.2592624 0.1340756 0.0000000 0.1932365 0.1606014 0.1452682 0.3511808 0.2918486 0.2060528 0.2486512 0.1473133 0.1647795 0.1273584 0.2228799 0.1001903 0.2639630 0.1412124 0.1368078 0.2375944 0.1716674 0.2510533 0.2080849 0.2548887 0.2571575 0.1663428 0.1042239 0.1358863 0.3942759 0.1270739 0.2508783 0.1997884 0.0102142 0.0834790 0.2466211 0.2670784 0.1817746 0.0866536 0.1057932 0.0543899 0.2547796 0.2325857 0.1302178 0.2011603 0.2074141 0.0630829 0.1359070 0.1369328 0.2340383 0.2648828 0.2342225 0.2617438 0.0798638 0.2338303 0.1467322 0.2626070 0.2488702 0.0974412 0.2581541 0.1401835 0.1316650 0.0645014 
Perityle_coronopifolia_28_patagonia        0.1995700 0.1013249 0.2766337 0.1538467 0.1087358 0.7714880 0.8027155 0.3452771 0.2257386 0.2289338 0.1714534 0.1717832 0.1665779 0.1261823 0.1782196 0.1373236 0.1663227 0.1365371 0.1818902 0.1324559 0.1640835 0.1022618 0.1983728 0.2343586 0.1699673 0.1862668 0.1932365 0.0000000 0.1637766 0.1475435 0.2919714 0.2342162 0.2030010 0.1641297 0.1894416 0.1252766 0.1675399 0.2067306 0.1778597 0.1625303 0.1995606 0.1522377 0.1722671 0.1393409 0.2225559 0.2684863 0.1702721 0.1667252 0.1235852 0.1808458 0.1937686 0.2744685 0.1609739 0.1623707 0.1289312 0.1393710 0.1796689 0.1657528 0.1685689 0.0760514 0.0527018 0.0705325 0.1157658 0.1689417 0.0444046 0.1587449 0.1552454 0.1591254 0.1422552 0.1712534 0.1974490 0.2077333 0.1750762 0.1737733 0.1668241 0.0599469 0.1839375 0.1311040 0.1710722 0.1631620 0.0584477 0.1667723 0.1894890 0.1053727 0.1472660 
Perityle_crassifolia_70_ventanas           0.1241748 0.1062500 0.1240780 0.1517882 0.1868926 0.8079978 0.8393594 0.2628034 0.0786350 0.1352788 0.1525241 0.1583194 0.1488809 0.1439398 0.1637565 0.1801912 0.0789262 0.1452364 0.1557816 0.1737737 0.1488651 0.1265142 0.1441070 0.1566923 0.1500458 0.1590236 0.1606014 0.1637766 0.0000000 0.0401027 0.1476298 0.1309181 0.0730581 0.1524855 0.1389711 0.1658596 0.1556563 0.1500571 0.1662442 0.1512650 0.1553018 0.1649895 0.1501271 0.1656796 0.1587914 0.1783754 0.1529759 0.1488856 0.1604696 0.1484708 0.1486651 0.1985360 0.1584260 0.1489024 0.1791866 0.1701487 0.1278562 0.1509489 0.1475462 0.1664762 0.1160593 0.1153897 0.1406634 0.1502842 0.1608713 0.1424240 0.1824398 0.1611106 0.0941482 0.1516715 0.1441070 0.0594478 0.1581383 0.1426157 0.1473768 0.1240932 0.1727601 0.1507710 0.1539624 0.1527218 0.1079589 0.1475462 0.1389711 0.1030566 0.0944432 
Perityle_crassifolia_74_playa_balandra     0.1138149 0.0896469 0.1048418 0.1411155 0.1088344 0.8431111 0.8387654 0.2309269 0.0789242 0.1270403 0.1374046 0.1392610 0.1315512 0.1321116 0.1399460 0.1078763 0.0936737 0.1375651 0.1354193 0.1078683 0.1329106 0.1408670 0.1358631 0.1345573 0.1343682 0.1358304 0.1452682 0.1475435 0.0401027 0.0000000 0.2080774 0.1437681 0.0789518 0.1341025 0.1469104 0.1583824 0.1394401 0.1454501 0.1382475 0.1343247 0.1418253 0.1633269 0.1373506 0.1581139 0.1512660 0.1689495 0.1359332 0.1344854 0.1550475 0.1335797 0.1354955 0.1421760 0.1345379 0.1330808 0.1564890 0.1598920 0.1913635 0.1359019 0.1329106 0.1474083 0.1193767 0.1434665 0.1274624 0.1361592 0.1443955 0.1291984 0.1721714 0.1409018 0.1108068 0.1336503 0.1358631 0.0394966 0.1420799 0.1246739 0.1272599 0.1064077 0.1625658 0.1390789 0.1390499 0.1345655 0.1111197 0.1329106 0.1469104 0.1268358 0.1447792 
Perityle_cuneata_34_cuneata_San_antonio    0.2320955 0.1121081 0.2078807 0.2641751 0.1669850 0.8190179 0.9347485 0.4689307 0.1796460 0.2434145 0.2584101 0.2488560 0.2490645 0.1711483 0.2599247 0.4475767 0.1126515 0.2792199 0.1863873 0.4475767 0.2480262 0.1199778 0.2241710 0.3529914 0.2421736 0.2265603 0.3511808 0.2919714 0.1476298 0.2080774 0.0000000 0.2381708 0.1808215 0.2412672 0.2560286 0.2919601 0.2119051 0.3256624 0.2494173 0.2439490 0.2316505 0.3040024 0.2461821 0.2940514 0.3744854 0.2513773 0.2460425 0.2462772 0.2965098 0.2486411 0.2373175 0.4075815 0.2325417 0.2125078 0.2788725 0.2021691 0.2422789 0.2490526 0.2844987 0.2517276 0.1598641 0.0930923 0.1807814 0.2368943 0.3613848 0.2089108 0.2826633 0.3319475 0.1034646 0.2373465 0.2241710 0.1573375 0.2466809 0.2372159 0.2255109 0.1288151 0.3557329 0.2673306 0.2527780 0.2446026 0.1630413 0.2477777 0.2560286 0.0789352 0.1232821 
Perityle_cuneata_4                         0.1914648 0.0822064 0.2124683 0.2213236 0.1266832 0.7663115 0.8438326 0.3264467 0.1681366 0.2236385 0.2244742 0.2241720 0.2201247 0.1653731 0.2374951 0.1887176 0.1189188 0.2075821 0.1853905 0.1817367 0.2231426 0.1351874 0.2341419 0.2430812 0.2113360 0.2270101 0.2918486 0.2342162 0.1309181 0.1437681 0.2381708 0.0000000 0.1675617 0.2132836 0.2309332 0.2326920 0.2037026 0.2685026 0.2359055 0.2191807 0.2351865 0.2289762 0.1976821 0.2436101 0.3020269 0.2728372 0.2160623 0.2167416 0.2347197 0.2530091 0.2412918 0.2913876 0.2082795 0.1890648 0.1885381 0.1556806 0.2814406 0.2251928 0.2357767 0.1814562 0.1077180 0.1153532 0.1362548 0.2107851 0.2747647 0.1914873 0.2191797 0.2782861 0.1160485 0.2211171 0.2323221 0.1703649 0.2193795 0.2182118 0.2041259 0.0963814 0.2535747 0.2395246 0.2224960 0.2122970 0.0895642 0.2176548 0.2324374 0.0858463 0.1362471 
Perityle_discoidea_81                      0.1382831 0.0868561 0.0688242 0.1862428 0.2003224 0.7299254 0.7836722 0.2938304 0.0225823 0.1712844 0.1871360 0.1944049 0.1831244 0.1394864 0.1660675 0.1493870 0.0918010 0.1989803 0.1344980 0.1248100 0.1808074 0.1263438 0.1612458 0.2356244 0.1877367 0.1703840 0.2060528 0.2030010 0.0730581 0.0789518 0.1808215 0.1675617 0.0000000 0.1870527 0.1653927 0.1910747 0.1581192 0.1834420 0.1659660 0.1846583 0.1694479 0.1841630 0.1830696 0.1956756 0.2108996 0.1796426 0.1826548 0.1830176 0.1960467 0.1640869 0.1665409 0.2745765 0.1726601 0.1683794 0.1858437 0.1418231 0.1706417 0.1862112 0.1810244 0.1829300 0.1021587 0.1106933 0.1355810 0.1819317 0.2005439 0.1654764 0.1846376 0.1941357 0.0768397 0.1649885 0.1612458 0.0546541 0.1956940 0.1817941 0.1766718 0.1134289 0.2229737 0.1802306 0.1892954 0.1844445 0.0899647 0.1819530 0.1653927 0.0798062 0.0909230 
Perityle_dissecta_201                      0.2238495 0.0948783 0.2549971 0.1681148 0.1150272 0.7563996 0.8110132 0.3566947 0.1983099 0.2117906 0.0279877 0.0377473 0.0329558 0.0245463 0.1994207 0.2331432 0.1434653 0.1352527 0.2037140 0.2417623 0.0293028 0.0684785 0.2067304 0.0972933 0.0357594 0.2046515 0.2486512 0.1641297 0.1524855 0.1341025 0.2412672 0.2132836 0.1870527 0.0000000 0.1430535 0.1766452 0.1989019 0.2731382 0.2025622 0.0315174 0.2100034 0.1743912 0.0320975 0.1944936 0.3077745 0.2894429 0.0333317 0.0274925 0.1731201 0.2062002 0.2064335 0.1455301 0.1899027 0.0220927 0.1913935 0.1334275 0.1288772 0.0474920 0.0483247 0.1694325 0.0632687 0.0659078 0.0975345 0.0223522 0.1958895 0.1965361 0.2235602 0.2149872 0.1142775 0.1960923 0.2051655 0.1979260 0.0393541 0.0318686 0.0284520 0.0230060 0.2551083 0.1975550 0.0259387 0.0254055 0.0634705 0.0280867 0.1425045 0.0765280 0.1200632 
Perityle_emoryi_47_punta_san_jose          0.1819513 0.1096352 0.2009262 0.1518020 0.1251100 0.8249925 0.8395012 0.3056995 0.1761727 0.1671770 0.1528736 0.1531558 0.1490727 0.1050414 0.0932090 0.0536372 0.1343655 0.1375831 0.0670516 0.0537945 0.1480783 0.0892836 0.0697713 0.2339970 0.1512210 0.0692478 0.1473133 0.1894416 0.1389711 0.1469104 0.2560286 0.2309332 0.1653927 0.1430535 0.0000000 0.1466370 0.0679264 0.2155917 0.0975446 0.1484528 0.0761288 0.1247453 0.1528142 0.1501213 0.2471218 0.1508142 0.1536312 0.1476546 0.1462475 0.0717996 0.0672116 0.2889037 0.0575707 0.1465255 0.2090910 0.0743763 0.0786019 0.1435307 0.1602820 0.1708377 0.1063966 0.0918658 0.0464169 0.1475621 0.2199798 0.0754562 0.2033943 0.2069574 0.0365887 0.0717346 0.0697713 0.1505373 0.1592745 0.1389701 0.1497226 0.0931794 0.2389633 0.1366227 0.1507390 0.1489489 0.0988791 0.1468178 0.0000010 0.1238925 0.0645320 
Perityle_feddemae_99                       0.1983331 0.1008747 0.2787216 0.1530699 0.1206359 0.7500793 0.8023535 0.3472896 0.2184828 0.2527783 0.1843902 0.1876493 0.1831918 0.1804971 0.1463850 0.1403976 0.1630032 0.0979998 0.1543414 0.1434931 0.1862383 0.0868292 0.1697591 0.2463501 0.1841594 0.1575564 0.1647795 0.1252766 0.1658596 0.1583824 0.2919601 0.2326920 0.1910747 0.1766452 0.1466370 0.0000000 0.1307742 0.1662904 0.1431203 0.1855630 0.1716802 0.0303441 0.1632261 0.0300195 0.1872315 0.2334090 0.1869531 0.1816362 0.0188240 0.1525513 0.1657764 0.2889897 0.1333727 0.1720264 0.1346553 0.1010747 0.1354013 0.1876919 0.1842089 0.1020095 0.0510344 0.0871968 0.0917946 0.1815903 0.1325872 0.1241525 0.1372816 0.1455028 0.1092538 0.1493819 0.1689223 0.2147140 0.1889349 0.1741012 0.1848560 0.0659138 0.1657548 0.1433916 0.1844037 0.1837920 0.0828267 0.1816859 0.1460839 0.0922298 0.1179626 
Perityle_fosteri_93                        0.1866001 0.0960906 0.2176940 0.1305937 0.1268707 0.7882092 0.8136234 0.3646625 0.1600736 0.1897583 0.2103222 0.2164430 0.2101682 0.1875043 0.0676597 0.0211888 0.1324912 0.1087121 0.0274308 0.0331005 0.2007440 0.0725276 0.0577248 0.2928187 0.2081082 0.0503111 0.1273584 0.1675399 0.1556563 0.1394401 0.2119051 0.2037026 0.1581192 0.1989019 0.0679264 0.1307742 0.0000000 0.1790592 0.0708787 0.2084217 0.0604444 0.1110616 0.1902789 0.1351100 0.2003841 0.0935754 0.2078561 0.2043044 0.1319892 0.0500149 0.0522190 0.3129464 0.0548843 0.1976373 0.1830589 0.0545660 0.0691318 0.1979276 0.2182426 0.1535041 0.0923200 0.1012323 0.0498242 0.2025339 0.2063158 0.0465092 0.1752841 0.1726350 0.0139146 0.0246859 0.0584368 0.1904755 0.2182214 0.1869163 0.2053695 0.0757211 0.2045969 0.1234225 0.2077113 0.2004226 0.0945511 0.2052220 0.0680753 0.1143830 0.0519713 
Perityle_gamon_221                         0.2202353 0.0997008 0.2971967 0.2150387 0.1344044 0.7979070 0.8556311 0.3898083 0.2365803 0.2953053 0.2776361 0.2826185 0.2762659 0.1977710 0.1922101 0.1566619 0.1602055 0.1446416 0.1747399 0.1476428 0.2628556 0.0824265 0.2248324 0.3107116 0.2824451 0.2199523 0.2228799 0.2067306 0.1500571 0.1454501 0.3256624 0.2685026 0.1834420 0.2731382 0.2155917 0.1662904 0.1790592 0.0000000 0.1912413 0.2810165 0.2258795 0.1889227 0.2564228 0.1752208 0.0440120 0.2679321 0.2829545 0.2804006 0.1685908 0.2072220 0.2259493 0.3594063 0.1801233 0.2533782 0.1895743 0.1101225 0.2263816 0.2649213 0.2841379 0.1396498 0.0608968 0.0874692 0.1043532 0.2729521 0.2264915 0.1851310 0.1709546 0.1973626 0.1089689 0.2132931 0.2239368 0.2237637 0.2917412 0.2529241 0.2692485 0.0736027 0.2024745 0.1857966 0.2801256 0.2497435 0.1010233 0.2804817 0.2131663 0.1174801 0.1075038 
Perityle_gentryi_8_san_francisco           0.2194694 0.1050560 0.2458992 0.1268949 0.1089408 0.7949769 0.8106720 0.3444597 0.1796898 0.2198487 0.2114853 0.2169773 0.2110044 0.1875812 0.0278950 0.0465718 0.1508094 0.1290720 0.0771940 0.0435247 0.2024940 0.0848359 0.1013393 0.2905523 0.2183966 0.0722388 0.1001903 0.1778597 0.1662442 0.1382475 0.2494173 0.2359055 0.1659660 0.2025622 0.0975446 0.1431203 0.0708787 0.1912413 0.0000000 0.2100420 0.1029288 0.1425552 0.1976458 0.1573281 0.2031094 0.1760060 0.2193041 0.2099581 0.1424613 0.0937350 0.0951364 0.3266467 0.0742412 0.2079916 0.1693144 0.0779763 0.1042242 0.1953711 0.2100220 0.1515200 0.0916579 0.1098258 0.0701211 0.2096171 0.1795370 0.0707933 0.1479110 0.1709020 0.0711203 0.0708937 0.1021483 0.1843767 0.2247628 0.1885428 0.2142415 0.0844679 0.1826815 0.1533482 0.2103785 0.2037008 0.1011204 0.2100220 0.0988700 0.1370350 0.0665148 
Perityle_gilensis_22_Superstition          0.2317567 0.0911120 0.2572986 0.1779350 0.1194104 0.7585060 0.8033466 0.3599340 0.1981461 0.2167568 0.0396424 0.0496550 0.0194213 0.0422571 0.2068973 0.2466470 0.1414306 0.1363681 0.2168611 0.2595633 0.0430618 0.0698596 0.2209572 0.1135717 0.0475701 0.2128832 0.2639630 0.1625303 0.1512650 0.1343247 0.2439490 0.2191807 0.1846583 0.0315174 0.1484528 0.1855630 0.2084217 0.2810165 0.2100420 0.0000000 0.2250608 0.1919146 0.0350398 0.2049442 0.3147097 0.3012852 0.0465049 0.0409834 0.1811393 0.2182474 0.2188481 0.1396663 0.1967149 0.0339628 0.1954375 0.1369738 0.1398397 0.0519996 0.0634255 0.1652138 0.0624297 0.0616331 0.0965024 0.0340219 0.2018044 0.2032932 0.2253381 0.2254708 0.1223862 0.2071975 0.2193635 0.1981190 0.0512275 0.0324475 0.0374936 0.0198592 0.2629414 0.2050984 0.0394796 0.0367524 0.0648261 0.0415927 0.1487891 0.0811011 0.1252290 
Perityle_gilensis_salensis_225             0.2100271 0.1043420 0.2503043 0.1537124 0.1163600 0.7793741 0.8248437 0.3915873 0.1820015 0.2255187 0.2253331 0.2285476 0.2257959 0.1893734 0.0978388 0.0702121 0.1385368 0.1224135 0.0657038 0.0501692 0.1952585 0.0879691 0.0101412 0.2898658 0.2215832 0.0802943 0.1412124 0.1995606 0.1553018 0.1418253 0.2316505 0.2351865 0.1694479 0.2100034 0.0761288 0.1716802 0.0604444 0.2258795 0.1029288 0.2250608 0.0000000 0.1462895 0.2032909 0.1770272 0.2544281 0.1489006 0.2200007 0.2171484 0.1713080 0.0198730 0.0197412 0.3241404 0.0611861 0.2136842 0.1915952 0.0623675 0.0837305 0.1944285 0.2374250 0.1737339 0.0953621 0.0920238 0.0570843 0.2212334 0.2372577 0.0582874 0.2042527 0.2075780 0.0451816 0.0599505 0.0107430 0.1941175 0.2273318 0.1825233 0.2227747 0.0750232 0.2347997 0.1503331 0.2221528 0.2001419 0.1000970 0.2180407 0.0763521 0.1149870 0.0517967 
Perityle_glaucescens_94                    0.1912888 0.1067027 0.2863174 0.1417673 0.1139083 0.7949984 0.8175331 0.3167018 0.2092610 0.2379212 0.1871704 0.1900218 0.1882239 0.1971174 0.1434887 0.1415252 0.1613797 0.0989510 0.1364930 0.1446614 0.1860637 0.1130797 0.1463877 0.2694014 0.1866894 0.1372203 0.1368078 0.1522377 0.1649895 0.1633269 0.3040024 0.2289762 0.1841630 0.1743912 0.1247453 0.0303441 0.1110616 0.1889227 0.1425552 0.1919146 0.1462895 0.0000000 0.1619901 0.0370670 0.2029880 0.2242916 0.1881092 0.1846378 0.0269559 0.1445788 0.1415572 0.3202069 0.1056236 0.1748048 0.1459449 0.1025760 0.1295240 0.1943004 0.1827749 0.1289941 0.0747617 0.0787310 0.0910794 0.1827804 0.1573441 0.0968634 0.1514896 0.1613264 0.0887333 0.1265996 0.1454230 0.2146037 0.1944175 0.1850306 0.1886867 0.0799420 0.1869375 0.1460449 0.1853697 0.1854325 0.0819989 0.1827749 0.1246964 0.1050467 0.1065917 
Perityle_gracilis_11                       0.2068392 0.0941082 0.2508939 0.1632799 0.1199938 0.7612109 0.8239331 0.3491113 0.1965973 0.2080908 0.0417509 0.0358013 0.0378092 0.0325965 0.1909734 0.2050010 0.1498138 0.1427280 0.1956510 0.2104666 0.0149627 0.0680136 0.1991005 0.1126850 0.0134378 0.1951793 0.2375944 0.1722671 0.1501271 0.1373506 0.2461821 0.1976821 0.1830696 0.0320975 0.1528142 0.1632261 0.1902789 0.2564228 0.1976458 0.0350398 0.2032909 0.1619901 0.0000000 0.1798920 0.2925520 0.2719569 0.0088739 0.0140266 0.1596026 0.1950131 0.1972014 0.1398649 0.1805849 0.0344958 0.1780519 0.1351146 0.1376500 0.0177893 0.0350478 0.1720411 0.0576628 0.0748777 0.0951606 0.0353178 0.1997350 0.1796940 0.2059351 0.2040035 0.1160025 0.1864671 0.1974945 0.1975176 0.0175926 0.0075624 0.0156449 0.0014038 0.2385542 0.1837405 0.0365663 0.0362780 0.0729483 0.0134388 0.1514785 0.0831373 0.1183894 
Perityle_harkerae_31                       0.2158681 0.0987826 0.2881467 0.1667078 0.1238432 0.7530827 0.7979494 0.3529471 0.2205611 0.2598534 0.2015700 0.2043125 0.2034827 0.1863654 0.1588344 0.1682047 0.1620198 0.0973958 0.1638792 0.1553817 0.1914207 0.0899666 0.1751010 0.2706223 0.2014823 0.1707084 0.1716674 0.1393409 0.1656796 0.1581139 0.2940514 0.2436101 0.1956756 0.1944936 0.1501213 0.0300195 0.1351100 0.1752208 0.1573281 0.2049442 0.1770272 0.0370670 0.1798920 0.0000000 0.1972851 0.2400676 0.2010778 0.1988461 0.0284856 0.1581121 0.1726376 0.3124958 0.1368179 0.1867052 0.1463441 0.1057061 0.1354953 0.1940264 0.2015025 0.1053928 0.0516035 0.0895497 0.0894355 0.2004356 0.1478857 0.1281184 0.1500748 0.1448613 0.1112196 0.1550852 0.1742554 0.2151698 0.2080671 0.1804075 0.2036242 0.0664171 0.1776673 0.1463725 0.2009751 0.1916678 0.0827914 0.1989013 0.1504284 0.0969498 0.1166674 
