81
Amauria_brandeegeana_62                    0.0000000 0.0000010 0.3158106 0.1411214 0.1709122 0.6832980 0.3642617 0.3258667 0.3065578 0.1951990 0.1327418 0.3191274 0.0000010 0.2074353 0.1827937 0.2828075 1.6565175 0.4382754 1.1056200 0.3063200 0.5479183 0.3403858 0.7507821 0.3388433 0.3933653 0.3416336 0.3486992 0.3468071 0.0000010 0.3384858 0.3364628 0.3775612 0.3371312 0.0940126 0.3801947 0.3415822 0.3526686 1.1266650 0.1714852 0.3416086 0.3502216 1.6764539 0.2571716 0.9536581 0.3761144 0.3365894 0.3302898 0.3951575 1.4838496 0.2984948 0.3731249 2.1905763 0.2718967 0.3689878 1.2153136 0.1723145 0.3357004 0.3058181 9.0000000 0.3243706 0.1447927 0.3458874 0.3569144 0.3304191 0.3555105 0.1233744 0.3663885 0.3493089 0.4470306 0.3447080 0.3476113 0.9816712 0.3240074 0.3665000 0.3473779 0.3153697 0.2779498 0.3375158 0.3580265 0.3441210 9.0000000 
Amauria_carterae_99_mesa                   0.0000010 0.0000000 0.0000010 0.0000010 0.0000010 0.3442856 0.0000010 0.0000010 0.3142901 0.3442856 0.0000010 0.0000010 1.3085442 0.0000010 1.0074051 0.0000010 0.9927054 0.3442856 1.3085442 0.0000010 0.0000010 0.3442856 0.0000010 0.3442856 0.3442856 0.3442856 0.3442856 0.0000010 2.2802270 0.8451754 0.8451754 0.3442856 0.3442856 0.8451754 0.4639231 0.0000010 0.9776287 0.3442856 0.0000010 0.3442856 0.0000010 0.3442856 0.9927054 0.9927054 0.0000010 0.3442856 0.3442856 0.4639231 0.3442856 0.0000010 0.3442856 0.3442856 0.0000010 0.3442856 0.0000010 0.0000010 0.3442856 0.0000010 0.0000010 0.0000010 0.0000010 0.0000010 0.3442856 0.0000010 0.0000010 0.0000010 0.3442856 0.3442856 0.0000010 0.3442856 0.0000010 0.3442856 0.0000010 1.0074051 0.8451754 0.0000010 0.0000010 0.3442856 0.3442856 0.0000010 0.0000010 
Conoclinium_coelestinum_SRR9119114         0.3158106 0.0000010 0.0000000 0.2616453 0.1754733 0.5047440 0.2782656 0.2578235 0.2135568 0.3267494 0.2767191 0.1983819 0.0000010 0.3152286 0.3016711 0.1592028 1.0353119 0.3059327 1.0147793 0.1847038 0.4869051 0.1995430 0.8221863 0.1961651 0.2187740 0.2024247 0.2194069 0.2182613 0.0000010 0.1846552 0.1783426 0.3258449 0.1928709 0.3379360 0.2374618 0.2422913 0.2036197 0.9552418 0.2940093 0.1951155 0.2023657 1.0241892 0.3186390 0.7132297 0.2537780 0.1927691 0.1945202 0.2477525 0.3877274 0.1958620 0.2372445 2.0812164 0.1344208 0.2417386 1.1276092 0.2939752 0.1902754 0.1555417 1.5406804 0.2183844 0.2626825 0.2055528 0.2147246 0.1854070 0.2012865 0.2165516 0.2502795 0.1958976 0.2320395 0.1991329 0.1979743 0.8342428 0.2009086 0.2051255 0.2299594 0.1934047 0.2154345 0.1979914 0.1933242 0.2190376 1.0129078 
Eutetras_palmeri_63                        0.1411214 0.0000010 0.2616453 0.0000000 0.0137657 0.5254898 0.3388574 0.2951012 0.2544802 0.1000804 0.0744687 0.3034270 0.0000010 0.1020260 0.0805950 0.2687010 9.0000000 0.3871864 1.1963928 0.2949396 0.5090816 0.3041340 0.8004546 0.3070291 0.3623996 0.3002371 0.2961345 0.3229432 0.0000010 0.2951889 0.2919824 0.3354898 0.2960232 0.1691100 0.3115041 0.3312809 0.3214555 1.1121403 0.0749308 0.3028347 0.3101613 3.9792566 0.1985399 0.8359145 0.3082324 0.2990853 0.2942788 0.3168876 0.0000010 0.2948434 0.3447151 1.4425464 0.2570030 0.3167918 8.9999987 0.0727095 0.3014287 0.3052693 0.0000010 0.2841639 0.0885212 0.3055905 0.3308205 0.2976087 0.3091363 0.0799645 0.3259141 0.3109894 0.3709307 0.3099587 0.3185527 0.8741789 0.3029998 0.3295992 0.3011232 0.3079346 0.2738662 0.2947435 0.3200560 0.2947491 9.0000000 
Eutetras_pringlei_149_quer                 0.1709122 0.0000010 0.1754733 0.0137657 0.0000000 0.6401127 0.2654291 0.3016840 0.2283182 0.0654919 0.0533595 0.3385739 0.0000010 0.0657440 0.0529807 0.3339864 0.0000010 0.3211560 0.7723651 0.3405232 0.1150239 0.3402934 0.6311172 0.3450906 0.3748521 0.3067849 0.3311080 0.3228085 0.0000010 0.3472627 0.3256559 0.2231235 0.3002015 0.2040014 0.3389379 0.3130521 0.3436535 0.6776547 0.0527781 0.3433292 0.3347235 0.0000010 0.3039177 1.2680338 0.3150787 0.3262477 0.3369714 0.3352123 0.0000010 0.3291978 0.3218331 0.0000010 0.3050435 0.3365943 0.0000010 0.0400268 0.3405683 1.0676358 0.0000010 0.3174768 0.0576242 0.3490640 0.3546153 0.3311837 0.3476762 0.0675242 0.3241219 0.3537292 0.3869617 0.3445988 0.3374477 0.6381615 0.3526487 0.3635589 0.3017524 0.3128982 0.2253909 0.3244829 0.3340026 0.2841275 0.0000010 
Eutrochium_fistulosum_SRR9119106           0.6832980 0.3442856 0.5047440 0.5254898 0.6401127 0.0000000 0.7462325 0.2219847 0.5864408 0.9515038 0.9211553 0.4258945 9.0000000 0.9423394 0.9899668 0.3604738 0.2022345 0.8488218 0.5000788 0.4057317 0.6602682 0.4761025 0.9210480 0.4754043 0.4710959 0.4489641 0.5587628 0.9212920 1.1273465 0.4851302 0.5248862 0.7554800 0.4664518 0.7285130 0.4093377 0.5119510 0.4507246 0.3051857 0.8941261 0.4767586 0.3875603 0.3103838 0.5464100 0.3732530 0.5168985 0.4692975 0.4797025 0.3903984 0.2343478 0.4137856 0.5565075 0.7663036 0.2909274 0.4342413 0.2963590 0.9661913 0.4613315 0.3226445 0.5058620 0.5027060 0.7375878 0.4861220 0.4290361 0.3340099 0.4494251 0.6385685 0.4072247 0.4705780 1.0429093 0.4633296 0.5672343 0.9491624 0.3569220 0.5049540 0.5458628 0.4387528 0.4401418 0.4741340 0.4402876 0.5073343 0.6456525 
Galeana_pratensis_104_mex                  0.3642617 0.0000010 0.2782656 0.3388574 0.2654291 0.7462325 0.0000000 0.3831458 0.3401521 0.2565460 0.2477865 0.3131719 0.0000010 0.2572132 0.2397419 0.3413248 0.0000010 0.4123105 0.9735120 0.3381720 0.2161216 0.3567234 0.8297652 0.3423802 0.3902078 0.3351420 0.3651059 0.3739669 0.0000010 0.3466927 0.4003589 0.3706752 0.3478257 0.3742355 0.3695657 0.3911832 0.3464087 0.6632485 0.2494820 0.3556925 0.3705177 0.0000010 0.3791537 1.2121281 0.3334295 0.3511405 0.3426113 0.3619687 0.0000010 0.3465040 0.4050123 0.0000010 0.3415125 0.3798819 0.0000010 0.2553970 0.3381720 0.6286244 0.0000010 0.3764951 0.2490816 0.3263092 0.3511154 0.3500549 0.3736280 0.2395421 0.3567639 0.3433399 0.3897611 0.3470320 0.3068301 0.7940902 0.3828003 0.3340631 0.3327658 0.2897056 0.3082237 0.3561942 0.3870291 0.3431951 0.0000010 
Helianthus_annuus_SRR9119062               0.3258667 0.0000010 0.2578235 0.2951012 0.3016840 0.2219847 0.3831458 0.0000000 0.2727141 0.2597158 0.2690513 0.2671670 0.0000010 0.2733564 0.2668891 0.2763956 0.0000010 0.3731901 1.0287749 0.2528880 0.4814006 0.2657881 0.8235095 0.2510476 0.2784537 0.2885641 0.2858733 0.2862211 0.0000010 0.2650199 0.2813146 0.3230806 0.2484107 0.3221394 0.2855935 0.2928416 0.2907210 0.7611624 0.2621471 0.2645135 0.2827135 0.0000010 0.4104136 0.6541270 0.2637371 0.2588955 0.2571258 0.2826768 0.0000010 0.2553589 0.2913912 0.0000010 0.2559817 0.2948955 0.0000010 0.2679326 0.2509996 0.3764051 0.0000010 0.2813479 0.2403600 0.2876687 0.3053417 0.2832850 0.3154357 0.2225308 0.2809906 0.2612409 0.3586340 0.2545383 0.2585890 0.8898680 0.3140184 0.2867885 0.2668939 0.2692113 0.2512315 0.2485524 0.2814955 0.2554707 0.0000010 
Lycapsus_tenuifolius_17                    0.3065578 0.3142901 0.2135568 0.2544802 0.2283182 0.5864408 0.3401521 0.2727141 0.0000000 0.3293902 0.2401053 0.1196976 1.2791721 0.3245591 0.3126422 0.1169845 8.9999989 0.2580209 1.1839018 0.1104834 0.3980822 0.1568409 0.7191014 0.1516613 0.1844571 0.1435547 0.1587282 0.1841829 2.2406773 0.1400327 0.1547064 0.1030477 0.1418180 0.3282235 0.1489635 0.1576478 0.1431080 1.1119293 0.2811251 0.1555899 0.1156567 2.9562795 0.3348878 0.8561603 0.1633065 0.1535390 0.1499706 0.1669679 1.0098040 0.1019504 0.1664159 4.8817266 0.0963620 0.1762342 8.9999981 0.2795144 0.1472005 0.0945394 8.9999985 0.1735213 0.1992942 0.1342458 0.1888028 0.1235694 0.1624244 0.1804605 0.1701105 0.1596932 0.2979200 0.1521623 0.1317125 0.8668796 0.1410631 0.1482685 0.1505392 0.1096958 0.1595051 0.1503748 0.1559138 0.1685947 4.2291247 
Perityle_aglossa_84_dead_horse             0.1951990 0.3442856 0.3267494 0.1000804 0.0654919 0.9515038 0.2565460 0.2597158 0.3293902 0.0000000 0.0439794 0.2843308 9.0000000 0.0823445 0.0591874 0.2487618 1.4376978 0.2912391 1.2640751 0.2965156 0.5539235 0.3049408 0.8310599 0.3129384 0.3586410 0.3097837 0.3443921 0.3009231 1.1273465 0.3010142 0.3148536 0.3640946 0.3045522 0.2151137 0.3559007 0.3174925 0.3175417 1.1003724 0.0438562 0.3024514 0.3171530 1.4060273 0.1720235 1.1912691 0.3580530 0.3071598 0.3040871 0.3627279 1.2323592 0.2936695 0.2967847 1.9884578 0.2290584 0.3494412 1.6609346 0.0457954 0.3103605 0.4628152 8.9999989 0.3141572 0.0611328 0.2850495 0.3430618 0.2917075 0.2935616 0.0729837 0.3793683 0.3125744 0.3332384 0.3090550 0.2992927 0.8371270 0.2890583 0.3255844 0.3307577 0.2854260 0.2742975 0.3100115 0.3224262 0.2707268 1.1134409 
Perityle_ajoensis_204                      0.1327418 0.0000010 0.2767191 0.0744687 0.0533595 0.9211553 0.2477865 0.2690513 0.2401053 0.0439794 0.0000000 0.2729645 0.0000010 0.0527523 0.0336819 0.2350083 0.0000010 0.2621284 1.2447566 0.2832891 0.5539389 0.2816986 0.7475985 0.2836603 0.3395796 0.2831863 0.2766104 0.2973011 0.0000010 0.2638283 0.2818220 0.2549832 0.2754786 0.1323444 0.3154089 0.3099617 0.2860632 1.0992123 0.0272701 0.2755197 0.3132691 0.0000010 0.1258698 1.1806155 0.3015037 0.2847125 0.2761239 0.3101002 0.0000010 0.2802916 0.2678080 0.0000010 0.2262148 0.3046970 0.0000010 0.0306562 0.2858381 0.4133760 0.0000010 0.2717513 0.0457146 0.2621082 0.3362657 0.2940915 0.2680212 0.0555984 0.2986291 0.2874227 0.3081501 0.2897940 0.2850757 0.7550692 0.2866666 0.2788606 0.2795579 0.2701650 0.2783245 0.2851073 0.3116631 0.2739583 0.0000010 
Perityle_ambrosiifolia_67_green            0.3191274 0.0000010 0.1983819 0.3034270 0.3385739 0.4258945 0.3131719 0.2671670 0.1196976 0.2843308 0.2729645 0.0000000 0.0000010 0.2697750 0.2612599 0.0990808 0.0000010 0.1858188 0.8535474 0.0257351 0.4102910 0.0309172 0.6609957 0.0245550 0.0717188 0.1270294 0.1131094 0.1712754 0.0000010 0.1232554 0.1076658 0.1179167 0.1052389 0.3238360 0.1308838 0.1229177 0.1155234 0.7364417 0.2510957 0.0321461 0.1318677 0.0000010 0.3627994 0.9177514 0.1237282 0.0293132 0.0223260 0.1348249 0.0000010 0.0305338 0.1148406 0.0000010 0.1346426 0.1329370 0.0000010 0.2735216 0.0221559 0.1432557 0.0000010 0.1347838 0.2162622 0.1122383 0.1213735 0.1067488 0.1264671 0.2344026 0.1247484 0.0339292 0.2266948 0.0281631 0.0272235 0.8710688 0.1157739 0.1349346 0.1128193 0.1135445 0.1118912 0.0283671 0.0442973 0.1027275 0.0000010 
Perityle_angustifolia_13_Eagle_creek       0.0000010 1.3085442 0.0000010 0.0000010 0.0000010 9.0000000 0.0000010 0.0000010 1.2791721 9.0000000 0.0000010 0.0000010 0.0000000 0.0000010 9.0000000 1.3085442 9.0000000 9.0000000 0.0000010 0.0000010 0.0000010 9.0000000 0.0000010 9.0000000 9.0000000 9.0000000 9.0000000 0.0000010 1.3021553 9.0000000 9.0000000 9.0000000 9.0000000 9.0000000 9.0000000 0.0000010 9.0000000 9.0000000 0.0000010 9.0000000 0.0000010 9.0000000 9.0000000 9.0000000 0.0000010 9.0000000 9.0000000 9.0000000 9.0000000 0.0000010 9.0000000 9.0000000 0.0000010 9.0000000 0.0000010 0.0000010 9.0000000 0.0000010 0.0000010 0.0000010 0.0000010 0.0000010 9.0000000 0.0000010 0.0000010 0.0000010 9.0000000 9.0000000 0.0000010 9.0000000 0.0000010 9.0000000 0.0000010 9.0000000 9.0000000 0.0000010 1.3085442 9.0000000 9.0000000 0.0000010 0.0000010 
Perityle_batopilensis_97                   0.2074353 0.0000010 0.3152286 0.1020260 0.0657440 0.9423394 0.2572132 0.2733564 0.3245591 0.0823445 0.0527523 0.2697750 0.0000010 0.0000000 0.0546881 0.2561874 1.1742085 0.2833828 1.1658927 0.2846507 0.5654766 0.2977716 0.7632068 0.3013767 0.3470435 0.3038536 0.3262862 0.2985677 0.0000010 0.2825581 0.2946130 0.3729330 0.2924677 0.2122720 0.3465054 0.3045533 0.3126262 1.1607543 0.0504876 0.2925887 0.3143194 1.5174721 0.1817121 1.0907006 0.3492636 0.2979054 0.2938271 0.3614397 1.3068628 0.2841657 0.2933830 2.0364124 0.2280022 0.3394695 1.2974744 0.0588725 0.2988490 0.4133760 1.8135891 0.3133981 0.0582862 0.2673771 0.3442026 0.2913928 0.2830997 0.0732034 0.3669277 0.3027955 0.3177979 0.3071993 0.2889119 0.8148987 0.2854892 0.3154336 0.3147122 0.2746469 0.2939636 0.3019229 0.3210568 0.2729619 4.8676684 
Perityle_bisetosa_9                        0.1827937 1.0074051 0.3016711 0.0805950 0.0529807 0.9899668 0.2397419 0.2668891 0.3126422 0.0591874 0.0336819 0.2612599 9.0000000 0.0546881 0.0000000 0.2480756 1.4340194 0.2695666 1.2540978 0.2734710 0.5302137 0.2792426 0.7847514 0.2895359 0.3407278 0.2938180 0.3178865 0.2810602 4.8932371 0.2715315 0.2784795 0.3563465 0.2842147 0.1963774 0.3378756 0.2924122 0.3044241 1.1958385 0.0232043 0.2737577 0.2997597 1.4068370 0.1598790 1.1777644 0.3356696 0.2860916 0.2828130 0.3486507 1.2055005 0.2729260 0.2792065 1.8435904 0.2162077 0.3239637 1.2974744 0.0264527 0.2870637 0.4133760 1.8135891 0.2991516 0.0393910 0.2584579 0.3359670 0.2852994 0.2747517 0.0642790 0.3599231 0.2883918 0.3023055 0.2905709 0.2771525 0.8023373 0.2818402 0.3056478 0.3016646 0.2624528 0.2844444 0.2908133 0.3116219 0.2582986 1.1777113 
Perityle_californica_76_positas            0.2828075 0.0000010 0.1592028 0.2687010 0.3339864 0.3604738 0.3413248 0.2763956 0.1169845 0.2487618 0.2350083 0.0990808 1.3085442 0.2561874 0.2480756 0.0000000 0.5011442 0.2909369 0.8297447 0.0997343 0.3404444 0.1132180 0.7126091 0.1000300 0.1235448 0.1496699 0.1292919 0.1819882 2.2802270 0.1123363 0.1122761 0.1784946 0.1410509 0.2745859 0.1375552 0.1866274 0.1253953 0.5192961 0.2298160 0.1100957 0.1372212 0.2582419 0.3184413 0.7189412 0.1534434 0.1049266 0.0999175 0.1412960 0.2582419 0.0965579 0.1841105 0.2582419 0.1368277 0.1396575 0.2059364 0.2400805 0.0982363 0.1264148 0.2059364 0.1229613 0.2461646 0.1381261 0.1680703 0.1101801 0.1150422 0.2352522 0.1470483 0.1126450 0.2481999 0.1051226 0.1077220 0.8238047 0.1024852 0.1503771 0.1593044 0.1576468 0.1308963 0.1101776 0.1174717 0.1131913 0.0000010 
Perityle_canescens_77                      1.6565175 0.9927054 1.0353119 9.0000000 0.0000010 0.2022345 0.0000010 0.0000010 8.9999989 1.4376978 0.0000010 0.0000010 9.0000000 1.1742085 1.4340194 0.5011442 0.0000000 0.8694668 0.1309220 0.0000010 0.2878457 0.9275442 1.2519574 0.9464769 0.8869476 0.8042929 1.7465251 0.0000010 9.0000000 1.3051319 1.1838287 1.6126761 0.8200560 1.6948304 0.2669499 1.4425464 0.5832716 0.1328786 1.1774982 0.9275442 0.0000010 0.2693317 0.3998442 0.4089528 1.5771000 0.8200560 0.9464769 0.2891762 0.2315809 0.0000010 0.8694668 0.5551324 0.0000010 0.3252555 0.1982328 1.7155108 0.8200560 0.0000010 0.3083238 1.1807346 0.0000010 0.0000010 0.8869476 0.0000010 0.7795458 0.0000010 0.3131650 0.8266372 1.1196502 0.8200560 0.0000010 0.4430094 0.0000010 1.3620461 1.8714041 0.0000010 0.9927054 0.9464769 0.8815352 2.5807550 0.6025245 
Perityle_castillonii_96                    0.4382754 0.3442856 0.3059327 0.3871864 0.3211560 0.8488218 0.4123105 0.3731901 0.2580209 0.2912391 0.2621284 0.1858188 9.0000000 0.2833828 0.2695666 0.2909369 0.8694668 0.0000000 1.0427478 0.2051580 0.3602569 0.2019362 0.7775069 0.1944485 0.2330109 0.1334384 0.2560621 0.1190561 1.1273465 0.2525049 0.2502756 0.3181900 0.1140159 0.4631297 0.2740924 0.1423277 0.2399171 0.9580104 0.2547003 0.1986376 0.2502833 0.7706039 0.4945767 1.0888966 0.1827806 0.1961851 0.1916014 0.2809097 0.1088648 0.2004872 0.0848215 0.9098607 0.1372596 0.2594631 0.8007075 0.2770138 0.1942556 0.5162833 1.0209212 0.2742346 0.2244177 0.2044487 0.1655395 0.2437463 0.2472221 0.2158581 0.1718023 0.2028289 0.1782565 0.2002086 0.1279316 0.8861481 0.2539588 0.2268758 0.1307066 0.0770429 0.1827010 0.1983676 0.1928468 0.1861499 1.3393495 
Perityle_cernua_84                         1.1056200 1.3085442 1.0147793 1.1963928 0.7723651 0.5000788 0.9735120 1.0287749 1.1839018 1.2640751 1.2447566 0.8535474 0.0000010 1.1658927 1.2540978 0.8297447 0.1309220 1.0427478 0.0000000 0.8274400 1.3330487 0.9101083 1.1804712 0.8909131 0.9564254 0.9603228 1.1398852 0.8276939 1.3021553 0.9865720 0.9526965 1.2295399 0.8738478 1.1603274 0.7537382 0.8142782 0.9119988 0.1053817 1.1808943 0.9101083 0.8889441 0.3314234 0.8595237 0.6727846 0.9674908 0.8493994 0.9200433 0.7316483 0.5919789 0.8174166 0.8867242 0.7072266 0.7379740 0.7575101 0.1982328 1.2674761 0.8585637 1.0736655 0.3083238 1.0082428 0.7991923 0.8730879 0.9039498 0.8576863 0.8747862 0.7991923 0.6862777 0.8831732 1.0492474 0.8831292 0.7819077 0.9322391 0.9052475 0.9588324 1.0318696 0.7632136 0.8767548 0.8990684 0.8567789 0.7161960 0.6025245 
Perityle_cfvillosa_25_tin                  0.3063200 0.0000010 0.1847038 0.2949396 0.3405232 0.4057317 0.3381720 0.2528880 0.1104834 0.2965156 0.2832891 0.0257351 0.0000010 0.2846507 0.2734710 0.0997343 0.0000010 0.2051580 0.8274400 0.0000000 0.4072487 0.0315689 0.6895578 0.0061413 0.0784256 0.1241193 0.1133878 0.1867598 0.0000010 0.1210877 0.1074537 0.1832400 0.0995288 0.3220005 0.1269060 0.1555945 0.1235064 0.6885844 0.2643154 0.0342629 0.1292739 0.0000010 0.3291329 0.7834180 0.1151515 0.0249282 0.0092981 0.1316200 0.0000010 0.0249142 0.1413446 0.0000010 0.1292241 0.1318265 0.0000010 0.2804425 0.0030630 0.1190625 0.0000010 0.1311365 0.2285343 0.1161250 0.1434606 0.1151258 0.1335831 0.2298456 0.1275378 0.0353136 0.2422621 0.0082268 0.0112338 0.8779102 0.1295998 0.1250112 0.1141607 0.1037054 0.1179980 0.0250703 0.0490298 0.1160180 0.0000010 
Perityle_cinerea_113_Powell1310            0.5479183 0.0000010 0.4869051 0.5090816 0.1150239 0.6602682 0.2161216 0.4814006 0.3980822 0.5539235 0.5539389 0.4102910 0.0000010 0.5654766 0.5302137 0.3404444 0.2878457 0.3602569 1.3330487 0.4072487 0.0000000 0.4131039 0.9049223 0.4111473 0.4191258 0.3683331 0.4248069 0.3952195 0.0000010 0.4718987 0.4344357 0.4120885 0.3496698 0.5329959 0.4641663 0.3344793 0.4331982 1.2812681 0.5262882 0.4146181 0.4619908 1.1610722 0.5359478 1.1651613 0.3756181 0.4138856 0.4178064 0.4709574 0.0000010 0.3947331 0.3538579 9.0000000 0.2198363 0.4415907 1.1610722 0.5402520 0.4035681 0.6236631 0.9250266 0.4431360 0.1875440 0.4183023 0.3369928 0.3990470 0.4300417 0.1514707 0.3515276 0.4160104 0.3993753 0.4151479 0.4197375 0.8645460 0.4133007 0.4580756 0.3479726 0.3458533 0.3053547 0.4046419 0.3479593 0.3811087 0.0000010 
Perityle_coahuilensis_24                   0.3403858 0.3442856 0.1995430 0.3041340 0.3402934 0.4761025 0.3567234 0.2657881 0.1568409 0.3049408 0.2816986 0.0309172 9.0000000 0.2977716 0.2792426 0.1132180 0.9275442 0.2019362 0.9101083 0.0315689 0.4131039 0.0000000 0.7163397 0.0349921 0.0747918 0.1271006 0.1353111 0.1945974 1.1273465 0.1382430 0.1187378 0.2318296 0.0997129 0.3606758 0.1585264 0.1603706 0.1374472 0.8067637 0.2703547 0.0089700 0.1348928 0.9679600 0.3626640 0.8110930 0.1457749 0.0402641 0.0341865 0.1655372 0.2214049 0.0359318 0.1409632 1.1447984 0.1279653 0.1584086 1.1040710 0.2915666 0.0308951 0.1275449 1.4277398 0.1440259 0.2278897 0.1189174 0.1442999 0.1233869 0.1366198 0.2255120 0.1620404 0.0059634 0.2534981 0.0361322 0.0333673 0.9047945 0.1340981 0.1520842 0.1356376 0.1147044 0.1230266 0.0404644 0.0467751 0.1234208 1.6309836 
Perityle_cochisensis_44_cave_creek         0.7507821 0.0000010 0.8221863 0.8004546 0.6311172 0.9210480 0.8297652 0.8235095 0.7191014 0.8310599 0.7475985 0.6609957 0.0000010 0.7632068 0.7847514 0.7126091 1.2519574 0.7775069 1.1804712 0.6895578 0.9049223 0.7163397 0.0000000 0.7100511 0.7124817 0.7475042 0.7260220 0.7544403 0.0000010 0.7056268 0.7520937 0.7934952 0.7251026 0.7885184 0.7669701 0.7367828 0.7527857 1.1017514 0.7537663 0.7121953 0.7388183 1.6080410 0.8425398 1.5316514 0.7720604 0.6761620 0.6889114 0.7892990 1.4021711 0.6660241 0.7395624 2.2992933 0.7047851 0.7473289 1.6241670 0.7677873 0.7031234 0.6680710 2.3032763 0.7157882 0.6379990 0.6733017 0.7583184 0.7210393 0.7533288 0.5877490 0.7560870 0.7349647 0.8019799 0.7095373 0.6861381 1.4277891 0.7206032 0.7664412 0.7277652 0.7067225 0.7049754 0.6971726 0.6924902 0.7089190 3.5230151 
Perityle_congesta_202                      0.3388433 0.3442856 0.1961651 0.3070291 0.3450906 0.4754043 0.3423802 0.2510476 0.1516613 0.3129384 0.2836603 0.0245550 9.0000000 0.3013767 0.2895359 0.1000300 0.9464769 0.1944485 0.8909131 0.0061413 0.4111473 0.0349921 0.7100511 0.0000000 0.0785243 0.1279046 0.1323791 0.1869822 1.1273465 0.1308896 0.1174452 0.2200349 0.0985730 0.3533584 0.1476580 0.1597304 0.1284846 0.7936704 0.2744527 0.0376066 0.1253989 0.6875961 0.3644604 0.7930162 0.1512822 0.0256268 0.0088066 0.1547372 0.1088648 0.0249081 0.1346564 0.8600463 0.1295783 0.1527149 0.6806175 0.2885800 0.0048484 0.1229537 1.3437975 0.1435792 0.2284236 0.1148290 0.1411706 0.1150958 0.1363603 0.2298456 0.1561553 0.0365298 0.2455747 0.0097632 0.0099811 0.8871067 0.1308295 0.1413554 0.1404649 0.1052429 0.1227134 0.0237318 0.0506640 0.1181493 1.3393495 
Perityle_cordifolia_27                     0.3933653 0.3442856 0.2187740 0.3623996 0.3748521 0.4710959 0.3902078 0.2784537 0.1844571 0.3586410 0.3395796 0.0717188 9.0000000 0.3470435 0.3407278 0.1235448 0.8869476 0.2330109 0.9564254 0.0784256 0.4191258 0.0747918 0.7124817 0.0785243 0.0000000 0.1478065 0.1780147 0.2061125 1.1273465 0.1590574 0.1510545 0.2548769 0.1185280 0.3972205 0.1920048 0.1819150 0.1608725 0.9148622 0.3277496 0.0760907 0.1658008 0.9202400 0.4073536 0.8006792 0.1772160 0.0741114 0.0749210 0.1988688 0.1088648 0.0773445 0.1696836 1.0661990 0.1298152 0.1846082 1.0359572 0.3488265 0.0738388 0.1298420 1.2987847 0.1837344 0.2793302 0.1714232 0.1308198 0.1442922 0.1761155 0.2345464 0.1655903 0.0736628 0.2592125 0.0788055 0.0936101 0.8942385 0.1527247 0.1912694 0.1778872 0.1461877 0.1530419 0.0786256 0.0318042 0.1433944 1.7652752 
Perityle_cordifolia_68_tecolote            0.3416336 0.3442856 0.2024247 0.3002371 0.3067849 0.4489641 0.3351420 0.2885641 0.1435547 0.3097837 0.2831863 0.1270294 9.0000000 0.3038536 0.2938180 0.1496699 0.8042929 0.1334384 0.9603228 0.1241193 0.3683331 0.1271006 0.7475042 0.1279046 0.1478065 0.0000000 0.1683809 0.1317248 1.1273465 0.1539178 0.1601182 0.2087180 0.0531421 0.3707276 0.2029003 0.0998685 0.1557002 0.8527140 0.2781270 0.1268892 0.1835719 0.7875711 0.3767770 0.7992275 0.1096747 0.1257810 0.1266566 0.2109603 0.1088648 0.1207007 0.0766315 1.0687754 0.0548067 0.1784412 0.8276290 0.2933852 0.1230127 0.0995565 1.2987847 0.1900542 0.2654182 0.1677752 0.0989832 0.1425003 0.1636032 0.2251974 0.1080809 0.1255980 0.1953925 0.1295932 0.1431073 0.8622852 0.1501958 0.1477103 0.0823189 0.0513526 0.1773261 0.1317764 0.1176730 0.1961140 1.1313388 
Perityle_coronopifolia_28_patagonia        0.3486992 0.3442856 0.2194069 0.2961345 0.3311080 0.5587628 0.3651059 0.2858733 0.1587282 0.3443921 0.2766104 0.1131094 9.0000000 0.3262862 0.3178865 0.1292919 1.7465251 0.2560621 1.1398852 0.1133878 0.4248069 0.1353111 0.7260220 0.1323791 0.1780147 0.1683809 0.0000000 0.2059967 1.1273465 0.1504310 0.1466909 0.2272566 0.1586689 0.3698234 0.1766837 0.1923211 0.1309746 0.9845453 0.2902374 0.1340662 0.1494108 1.6122024 0.3867475 0.8575858 0.1844517 0.1351203 0.1265183 0.1843637 0.7664745 0.1075142 0.1880869 1.6601416 0.1475605 0.1675087 9.0000000 0.3009103 0.1301076 0.1000700 9.0000000 0.1465030 0.2475254 0.0184472 0.2009876 0.1369053 0.1370286 0.2103722 0.2021147 0.1385466 0.2766518 0.1351684 0.1168332 0.9442669 0.1444496 0.1576194 0.1934801 0.1603800 0.1764238 0.1337362 0.1506780 0.1655920 1.5515492 
Perityle_crassifolia_70_ventanas           0.3468071 0.0000010 0.2182613 0.3229432 0.3228085 0.9212920 0.3739669 0.2862211 0.1841829 0.3009231 0.2973011 0.1712754 0.0000010 0.2985677 0.2810602 0.1819882 0.0000010 0.1190561 0.8276939 0.1867598 0.3952195 0.1945974 0.7544403 0.1869822 0.2061125 0.1317248 0.2059967 0.0000000 0.0000010 0.2107630 0.2090010 0.1811480 0.1054125 0.3447910 0.2279532 0.1317168 0.2168785 0.8823686 0.2758475 0.1988816 0.2299305 0.0000010 0.4103399 1.2057285 0.1461728 0.1851705 0.1863825 0.2304032 0.0000010 0.1795217 0.1301344 0.0000010 0.1316669 0.2165624 0.0000010 0.3063690 0.1849150 0.2963744 0.0000010 0.2291190 0.2905184 0.2037495 0.1390115 0.2129437 0.2238490 0.2542661 0.1492841 0.1918274 0.0089361 0.1954532 0.1886877 0.8396630 0.2210135 0.1688677 0.1255253 0.1231017 0.2232468 0.1921284 0.1870883 0.2190300 0.0000010 
Perityle_crassifolia_74_playa_balandra     0.0000010 2.2802270 0.0000010 0.0000010 0.0000010 1.1273465 0.0000010 0.0000010 2.2406773 1.1273465 0.0000010 0.0000010 1.3021553 0.0000010 4.8932371 2.2802270 9.0000000 1.1273465 1.3021553 0.0000010 0.0000010 1.1273465 0.0000010 1.1273465 1.1273465 1.1273465 1.1273465 0.0000010 0.0000000 1.1072316 1.1072316 1.1273465 1.1273465 1.1072316 1.8475286 0.0000010 7.4316784 1.1273465 0.0000010 1.1273465 0.0000010 1.1273465 9.0000000 9.0000000 0.0000010 1.1273465 1.1273465 1.8475286 1.1273465 0.0000010 1.1273465 1.1273465 0.0000010 1.1273465 0.0000010 0.0000010 1.1273465 0.0000010 0.0000010 0.0000010 0.0000010 0.0000010 1.1273465 0.0000010 0.0000010 0.0000010 1.1273465 1.1273465 0.0000010 1.1273465 0.0000010 1.1273465 0.0000010 4.8932371 1.1072316 0.0000010 2.2802270 1.1273465 1.1273465 0.0000010 0.0000010 
Perityle_cuneata_34_cuneata_San_antonio    0.3384858 0.8451754 0.1846552 0.2951889 0.3472627 0.4851302 0.3466927 0.2650199 0.1400327 0.3010142 0.2638283 0.1232554 9.0000000 0.2825581 0.2715315 0.1123363 1.3051319 0.2525049 0.9865720 0.1210877 0.4718987 0.1382430 0.7056268 0.1308896 0.1590574 0.1539178 0.1504310 0.2107630 1.1072316 0.0000000 0.1060473 0.2221047 0.1519022 0.3462085 0.1577831 0.2000899 0.1449018 0.8524982 0.2689010 0.1344265 0.1383604 1.1406131 0.3751564 0.8200176 0.1957753 0.1275202 0.1257089 0.1651106 0.5034407 0.1225090 0.1894290 1.1421501 0.1485272 0.1772389 1.8194999 0.2726181 0.1271451 0.1207422 2.5897465 0.1572375 0.2197713 0.1507364 0.1922693 0.1300437 0.1466291 0.2037948 0.1944113 0.1380393 0.2507249 0.1313432 0.1331290 0.9106691 0.1438332 0.1604497 0.1873790 0.1598981 0.1589423 0.1298808 0.1379580 0.1470745 0.8707326 
Perityle_cuneata_4                         0.3364628 0.8451754 0.1783426 0.2919824 0.3256559 0.5248862 0.4003589 0.2813146 0.1547064 0.3148536 0.2818220 0.1076658 9.0000000 0.2946130 0.2784795 0.1122761 1.1838287 0.2502756 0.9526965 0.1074537 0.4344357 0.1187378 0.7520937 0.1174452 0.1510545 0.1601182 0.1466909 0.2090010 1.1072316 0.1060473 0.0000000 0.2327544 0.1528049 0.3542088 0.1675384 0.1936352 0.1351114 0.8527026 0.2824618 0.1160482 0.1404368 1.2367459 0.3800349 0.8030393 0.1955300 0.1154533 0.1149674 0.1769021 0.5034407 0.1051869 0.1851249 1.8889884 0.1473165 0.1672810 1.6894802 0.3013446 0.1116368 0.1162611 1.6711962 0.1534946 0.2533749 0.1419783 0.1888066 0.1229578 0.1388775 0.2229595 0.2006718 0.1228891 0.2499748 0.1154587 0.1155920 0.8843460 0.1349405 0.1521301 0.1839709 0.1627831 0.1589442 0.1175389 0.1247746 0.1537494 1.1978660 
Perityle_discoidea_81                      0.3775612 0.3442856 0.3258449 0.3354898 0.2231235 0.7554800 0.3706752 0.3230806 0.1030477 0.3640946 0.2549832 0.1179167 9.0000000 0.3729330 0.3563465 0.1784946 1.6126761 0.3181900 1.2295399 0.1832400 0.4120885 0.2318296 0.7934952 0.2200349 0.2548769 0.2087180 0.2272566 0.1811480 1.1273465 0.2221047 0.2327544 0.0000000 0.2169420 0.3962441 0.2089984 0.2020024 0.2138209 1.0471845 0.3189884 0.2253016 0.1701745 1.1533981 0.4240249 1.0404360 0.2494911 0.2257238 0.2212113 0.2139147 0.6827779 0.1739106 0.2151497 8.9999989 0.1348495 0.2278555 1.4813901 0.3120839 0.2217604 0.2623354 3.1075356 0.2488338 0.2198645 0.1468151 0.2339727 0.1848999 0.2402377 0.1747072 0.2321021 0.2362748 0.2982872 0.2275510 0.1456793 0.9174108 0.2012069 0.2275411 0.1612383 0.1238452 0.1559192 0.2218354 0.2219082 0.1679930 1.7915557 
Perityle_dissecta_201                      0.3371312 0.3442856 0.1928709 0.2960232 0.3002015 0.4664518 0.3478257 0.2484107 0.1418180 0.3045522 0.2754786 0.1052389 9.0000000 0.2924677 0.2842147 0.1410509 0.8200560 0.1140159 0.8738478 0.0995288 0.3496698 0.0997129 0.7251026 0.0985730 0.1185280 0.0531421 0.1586689 0.1054125 1.1273465 0.1519022 0.1528049 0.2169420 0.0000000 0.3634283 0.1728052 0.0671232 0.1476141 0.8257917 0.2694999 0.1025881 0.1516093 0.8381327 0.3732806 0.8126321 0.0806560 0.0954206 0.1007393 0.1810843 0.1088648 0.0913711 0.0588077 1.0488591 0.0480881 0.1607234 0.9033462 0.2949197 0.0939629 0.1263146 1.2648687 0.1803024 0.2414399 0.1457454 0.0811597 0.1305961 0.1511662 0.2111625 0.0862975 0.0990216 0.1665253 0.1000694 0.1237897 0.8652086 0.1424589 0.1361549 0.0625875 0.0226878 0.1727324 0.1041452 0.0906433 0.1719574 1.3393495 
Perityle_emoryi_47_punta_san_jose          0.0940126 0.8451754 0.3379360 0.1691100 0.2040014 0.7285130 0.3742355 0.3221394 0.3282235 0.2151137 0.1323444 0.3238360 9.0000000 0.2122720 0.1963774 0.2745859 1.6948304 0.4631297 1.1603274 0.3220005 0.5329959 0.3606758 0.7885184 0.3533584 0.3972205 0.3707276 0.3698234 0.3447910 1.1072316 0.3462085 0.3542088 0.3962441 0.3634283 0.0000000 0.3935279 0.3815058 0.3793737 1.2306323 0.1819499 0.3605877 0.3668789 1.3734310 0.2799406 1.0024305 0.4046082 0.3527503 0.3458887 0.4088919 0.9323562 0.3159005 0.4056534 1.6483047 0.2783747 0.3851709 1.1409156 0.1832851 0.3501079 0.3419836 9.0000000 0.3534095 0.1261646 0.3634168 0.3607179 0.3335662 0.3640031 0.1064347 0.3861719 0.3695291 0.4426690 0.3595483 0.3599552 0.9974329 0.3256126 0.3916737 0.3869933 0.3541230 0.2735127 0.3497496 0.3610674 0.3358576 9.0000000 
Perityle_feddemae_99                       0.3801947 0.4639231 0.2374618 0.3115041 0.3389379 0.4093377 0.3695657 0.2855935 0.1489635 0.3559007 0.3154089 0.1308838 9.0000000 0.3465054 0.3378756 0.1375552 0.2669499 0.2740924 0.7537382 0.1269060 0.4641663 0.1585264 0.7669701 0.1476580 0.1920048 0.2029003 0.1766837 0.2279532 1.8475286 0.1577831 0.1675384 0.2089984 0.1728052 0.3935279 0.0000000 0.1919463 0.1547895 0.6022582 0.3199592 0.1599505 0.0053509 0.1762081 0.3432383 0.8044083 0.1869160 0.1553102 0.1474737 0.0173992 0.2724203 0.1270057 0.2025666 0.6024118 0.1587991 0.1252724 0.1627909 0.3338539 0.1475593 0.1199252 0.2465828 0.1938149 0.3097741 0.1566604 0.2016222 0.1431422 0.1669880 0.2364991 0.1687967 0.1610521 0.3092406 0.1529777 0.1352952 0.8443349 0.1545576 0.1883058 0.1976458 0.1674475 0.2035934 0.1477369 0.1629779 0.1694103 0.3141577 
Perityle_fosteri_93                        0.3415822 0.0000010 0.2422913 0.3312809 0.3130521 0.5119510 0.3911832 0.2928416 0.1576478 0.3174925 0.3099617 0.1229177 0.0000010 0.3045533 0.2924122 0.1866274 1.4425464 0.1423277 0.8142782 0.1555945 0.3344793 0.1603706 0.7367828 0.1597304 0.1819150 0.0998685 0.1923211 0.1317168 0.0000010 0.2000899 0.1936352 0.2020024 0.0671232 0.3815058 0.1919463 0.0000000 0.1855527 0.7596462 0.2905326 0.1537211 0.1885324 0.0000010 0.3971805 0.8986571 0.0984179 0.1602485 0.1542888 0.1979608 0.0000010 0.1508173 0.0893429 0.0000010 0.0700014 0.1957207 0.0000010 0.3060249 0.1570340 0.2767492 0.0000010 0.2176723 0.2868935 0.1607072 0.1184350 0.1870252 0.1963803 0.2232230 0.0901128 0.1620335 0.1900837 0.1628593 0.1426437 0.8613908 0.1969375 0.1624813 0.0431402 0.0364105 0.1881501 0.1599246 0.1481642 0.1911735 0.0000010 
Perityle_gamon_221                         0.3526686 0.9776287 0.2036197 0.3214555 0.3436535 0.4507246 0.3464087 0.2907210 0.1431080 0.3175417 0.2860632 0.1155234 9.0000000 0.3126262 0.3044241 0.1253953 0.5832716 0.2399171 0.9119988 0.1235064 0.4331982 0.1374472 0.7527857 0.1284846 0.1608725 0.1557002 0.1309746 0.2168785 7.4316784 0.1449018 0.1351114 0.2138209 0.1476141 0.3793737 0.1547895 0.1855527 0.0000000 0.7252831 0.2880094 0.1330140 0.1479883 0.4695079 0.3718157 0.8165021 0.1816591 0.1321447 0.1238255 0.1631121 0.3907822 0.1225978 0.1680847 0.7727670 0.1462019 0.1559029 0.6197814 0.3128815 0.1248477 0.1086544 0.0000010 0.1635778 0.2575849 0.1325893 0.1788355 0.1262377 0.1295199 0.2165841 0.1787243 0.1394987 0.2688895 0.1300109 0.1299820 0.8677427 0.1288685 0.1475104 0.1774588 0.1498422 0.1323404 0.1298775 0.1360466 0.1655352 0.8426599 
Perityle_gentryi_8_san_francisco           1.1266650 0.3442856 0.9552418 1.1121403 0.6776547 0.3051857 0.6632485 0.7611624 1.1119293 1.1003724 1.0992123 0.7364417 9.0000000 1.1607543 1.1958385 0.5192961 0.1328786 0.9580104 0.1053817 0.6885844 1.2812681 0.8067637 1.1017514 0.7936704 0.9148622 0.8527140 0.9845453 0.8823686 1.1273465 0.8524982 0.8527026 1.0471845 0.8257917 1.2306323 0.6022582 0.7596462 0.7252831 0.0000000 1.1748932 0.8067637 0.7483440 0.2656992 0.7673219 0.5254910 0.9815823 0.7584289 0.8276486 0.5922733 0.1040277 0.6909280 0.8214832 0.4832032 0.5676491 0.6249247 0.2336759 1.1963259 0.7584289 0.7073884 0.4564387 0.9080228 0.6993822 0.7959355 0.8473277 0.6838991 0.7592793 0.6993822 0.5866593 0.7766792 1.1267283 0.7602046 0.7517605 0.7578418 0.7161648 0.9243942 0.9342052 0.7708962 0.6452433 0.8050261 0.7796007 0.6311852 0.5157611 
Perityle_gilensis_22_Superstition          0.1714852 0.0000010 0.2940093 0.0749308 0.0527781 0.8941261 0.2494820 0.2621471 0.2811251 0.0438562 0.0272701 0.2510957 0.0000010 0.0504876 0.0232043 0.2298160 1.1774982 0.2547003 1.1808943 0.2643154 0.5262882 0.2703547 0.7537663 0.2744527 0.3277496 0.2781270 0.2902374 0.2758475 0.0000010 0.2689010 0.2824618 0.3189884 0.2694999 0.1819499 0.3199592 0.2905326 0.2880094 1.1748932 0.0000000 0.2644418 0.2976195 1.3724463 0.1456552 1.1502629 0.3089855 0.2708669 0.2675455 0.3281820 0.0000010 0.2637092 0.2596765 2.1347342 0.2054371 0.2895912 1.0038904 0.0217246 0.2719263 0.4133760 0.8020420 0.2905522 0.0271244 0.2455389 0.3157458 0.2745449 0.2629508 0.0596325 0.3345093 0.2771531 0.2962890 0.2730576 0.2676000 0.7991915 0.2686913 0.2797573 0.2848631 0.2533279 0.2534259 0.2757997 0.2927281 0.2572687 1.3782579 
Perityle_gilensis_salensis_225             0.3416086 0.3442856 0.1951155 0.3028347 0.3433292 0.4767586 0.3556925 0.2645135 0.1555899 0.3024514 0.2755197 0.0321461 9.0000000 0.2925887 0.2737577 0.1100957 0.9275442 0.1986376 0.9101083 0.0342629 0.4146181 0.0089700 0.7121953 0.0376066 0.0760907 0.1268892 0.1340662 0.1988816 1.1273465 0.1344265 0.1160482 0.2253016 0.1025881 0.3605877 0.1599505 0.1537211 0.1330140 0.8067637 0.2644418 0.0000000 0.1375843 0.9679600 0.3664431 0.8195889 0.1522826 0.0408129 0.0368028 0.1681821 0.2214049 0.0376255 0.1395501 1.1447984 0.1330916 0.1579154 1.1040710 0.2882922 0.0334332 0.1176514 1.4277398 0.1426870 0.2183439 0.1176368 0.1349895 0.1202780 0.1321291 0.2297963 0.1650174 0.0131729 0.2562219 0.0387762 0.0360248 0.9093217 0.1284662 0.1535591 0.1395142 0.1161431 0.1206031 0.0432029 0.0487123 0.1235965 1.6309836 
Perityle_glaucescens_94                    0.3502216 0.0000010 0.2023657 0.3101613 0.3347235 0.3875603 0.3705177 0.2827135 0.1156567 0.3171530 0.3132691 0.1318677 0.0000010 0.3143194 0.2997597 0.1372212 0.0000010 0.2502833 0.8889441 0.1292739 0.4619908 0.1348928 0.7388183 0.1253989 0.1658008 0.1835719 0.1494108 0.2299305 0.0000010 0.1383604 0.1404368 0.1701745 0.1516093 0.3668789 0.0053509 0.1885324 0.1479883 0.7483440 0.2976195 0.1375843 0.0000000 0.0000010 0.3628773 0.8233742 0.1606672 0.1331556 0.1252365 0.0074215 0.0000010 0.1293758 0.1769631 0.0000010 0.1598598 0.1274776 0.0000010 0.3122977 0.1253495 0.1215627 0.0000010 0.1827548 0.2967617 0.1616478 0.1777794 0.1475606 0.1590685 0.2309374 0.1718473 0.1383291 0.2794558 0.1307698 0.1362966 0.9055399 0.1597910 0.1579831 0.1723968 0.1696693 0.1989766 0.1254683 0.1379959 0.1632599 0.0000010 
Perityle_gracilis_11                       1.6764539 0.3442856 1.0241892 3.9792566 0.0000010 0.3103838 0.0000010 0.0000010 2.9562795 1.4060273 0.0000010 0.0000010 9.0000000 1.5174721 1.4068370 0.2582419 0.2693317 0.7706039 0.3314234 0.0000010 1.1610722 0.9679600 1.6080410 0.6875961 0.9202400 0.7875711 1.6122024 0.0000010 1.1273465 1.1406131 1.2367459 1.1533981 0.8381327 1.3734310 0.1762081 0.0000010 0.4695079 0.2656992 1.3724463 0.9679600 0.0000010 0.0000000 0.5879722 0.2574221 1.6458328 0.8381327 0.6875961 0.2448040 0.0000010 0.0000010 0.7706039 0.3690517 0.0000010 0.2491972 0.0000010 1.7240395 0.8381327 0.0000010 0.2468967 1.0752165 0.0000010 0.0000010 0.9202400 0.0000010 0.8565372 0.0000010 0.0000010 0.8456885 1.1406029 0.8381327 0.0000010 0.0415312 0.0000010 1.4529243 1.5334451 0.0000010 0.3442856 0.6875961 0.9134779 0.0000010 0.4827600 
Perityle_harkerae_31                       0.2571716 0.9927054 0.3186390 0.1985399 0.3039177 0.5464100 0.3791537 0.4104136 0.3348878 0.1720235 0.1258698 0.3627994 9.0000000 0.1817121 0.1598790 0.3184413 0.3998442 0.4945767 0.8595237 0.3291329 0.5359478 0.3626640 0.8425398 0.3644604 0.4073536 0.3767770 0.3867475 0.4103399 9.0000000 0.3751564 0.3800349 0.4240249 0.3732806 0.2799406 0.3432383 0.3971805 0.3718157 0.7673219 0.1456552 0.3664431 0.3628773 0.5879722 0.0000000 0.8858481 0.3694129 0.3628753 0.3576350 0.3611812 0.4193276 0.3286578 0.4167638 0.7829060 0.3297645 0.3472893 0.4710807 0.1466481 0.3607267 0.3689940 0.2465828 0.3579197 0.1274170 0.3903868 0.4454093 0.3606976 0.3739390 0.1278934 0.3542401 0.3696771 0.5216754 0.3713803 0.3807131 1.0273025 0.3551478 0.3968473 0.4055857 0.3884752 0.2862893 0.3548503 0.3747429 0.3398139 1.7019746 
Perityle_hofmeisteria_4_nombre_de_dios     0.9536581 0.9927054 0.7132297 0.8359145 1.2680338 0.3732530 1.2121281 0.6541270 0.8561603 1.1912691 1.1806155 0.9177514 9.0000000 1.0907006 1.1777644 0.7189412 0.4089528 1.0888966 0.6727846 0.7834180 1.1651613 0.8110930 1.5316514 0.7930162 0.8006792 0.7992275 0.8575858 1.2057285 9.0000000 0.8200176 0.8030393 1.0404360 0.8126321 1.0024305 0.8044083 0.8986571 0.8165021 0.5254910 1.1502629 0.8195889 0.8233742 0.2574221 0.8858481 0.0000000 0.8298197 0.8143080 0.8029890 0.7771244 0.5877789 0.7890598 0.8593259 0.6375183 0.7140300 0.7323345 0.3176079 1.1846096 0.7920736 0.5701676 0.4995723 0.8338115 1.2017153 1.0168946 0.8127602 0.7872845 0.7915931 1.2560827 0.6969244 0.8039041 1.1505546 0.7920736 1.0774452 1.1505176 0.7615077 0.8530301 0.9272794 0.9567663 0.8997865 0.7895516 0.8138859 0.9472766 0.5595867 
Perityle_huecosensis_48                    0.3761144 0.0000010 0.2537780 0.3082324 0.3150787 0.5168985 0.3334295 0.2637371 0.1633065 0.3580530 0.3015037 0.1237282 0.0000010 0.3492636 0.3356696 0.1534434 1.5771000 0.1827806 0.9674908 0.1151515 0.3756181 0.1457749 0.7720604 0.1512822 0.1772160 0.1096747 0.1844517 0.1461728 0.0000010 0.1957753 0.1955300 0.2494911 0.0806560 0.4046082 0.1869160 0.0984179 0.1816591 0.9815823 0.3089855 0.1522826 0.1606672 1.6458328 0.3694129 0.8298197 0.0000000 0.1546275 0.1536088 0.2005777 8.9999989 0.1104958 0.1256336 1.4191766 0.0194637 0.1916073 2.0470878 0.3332186 0.1476153 0.1431074 1.4533109 0.2086002 0.2575128 0.1612908 0.1536072 0.1436182 0.1868938 0.2388604 0.0848721 0.1482329 0.2449713 0.1545713 0.1368764 0.8772959 0.1616310 0.1724312 0.0992596 0.0567752 0.1728024 0.1571303 0.1432551 0.1999992 1.6116912 
Perityle_intricata_59_Clark_mtns           0.3365894 0.3442856 0.1927691 0.2990853 0.3262477 0.4692975 0.3511405 0.2588955 0.1535390 0.3071598 0.2847125 0.0293132 9.0000000 0.2979054 0.2860916 0.1049266 0.8200560 0.1961851 0.8493994 0.0249282 0.4138856 0.0402641 0.6761620 0.0256268 0.0741114 0.1257810 0.1351203 0.1851705 1.1273465 0.1275202 0.1154533 0.2257238 0.0954206 0.3527503 0.1553102 0.1602485 0.1321447 0.7584289 0.2708669 0.0408129 0.1331556 0.8381327 0.3628753 0.8143080 0.1546275 0.0000000 0.0288420 0.1622684 0.1088648 0.0292275 0.1361270 1.0488591 0.1397519 0.1546074 0.9033462 0.2940435 0.0206203 0.1160278 1.2648687 0.1477181 0.2254642 0.1227545 0.1403335 0.1181207 0.1380395 0.2238283 0.1633682 0.0418915 0.2403691 0.0257076 0.0290292 0.9071842 0.1299990 0.1492991 0.1456730 0.1091709 0.1335660 0.0319487 0.0485660 0.1270965 1.3393495 
