85
Amauria_brandeegeana_62                    0.0000000 0.0692945 0.2071637 0.4713857 0.2243938 0.0868533 0.3570971 0.2552807 0.4764343 0.2989366 0.2772331 0.3566138 0.3443822 0.3880016 0.1909630 0.3339715 0.3355354 0.1478485 0.2600810 0.3380408 0.3174446 0.3523614 0.3294368 0.3271795 0.3422454 0.3309127 0.2786344 0.3361667 0.2817890 0.1497140 0.2407092 0.2602435 0.2889900 0.3178213 0.2920883 0.2389287 0.3313920 0.2351744 0.3048298 0.4330125 0.4326482 0.2408818 0.3491459 0.2237834 0.2558328 0.3528841 0.3495474 0.3355133 0.2419583 0.3921716 0.2386867 0.3398048 0.3334331 0.0897380 0.3158940 0.2005038 0.1039841 0.3397946 0.3353695 0.2517892 0.0790448 0.3751117 0.1055090 0.2365939 0.2878460 0.3312464 0.3179247 0.3312362 0.0663001 0.3429530 0.3297545 0.2983322 0.3490795 0.3502260 0.3271611 0.0985025 0.2130495 0.3296574 0.3446572 0.3415661 0.1128235 0.3539258 0.3304286 0.1499947 0.1117496 
Amauria_carterae_99_mesa                   0.0692945 0.0000000 0.0484280 0.2602029 0.0656621 0.0554742 0.1546323 0.2384458 0.3105746 0.0788539 0.0822204 0.0872775 0.0769186 0.1404415 0.0717140 0.0797442 0.0743135 0.0735161 0.0906499 0.0769563 0.0769176 0.0823036 0.0771166 0.0852406 0.0769186 0.0780583 0.1276162 0.0799921 0.0789411 0.0878303 0.0886775 0.0841236 0.0815443 0.0696585 0.0782705 0.0780953 0.0821444 0.0982953 0.0799031 0.1559580 0.1529770 0.0802335 0.0875592 0.0728660 0.0849376 0.0898541 0.0875247 0.0795806 0.0853161 0.1530024 0.0795556 0.0770349 0.0806220 0.0746333 0.1070877 0.0945770 0.0849520 0.0848704 0.0848283 0.1007117 0.0771326 0.1387097 0.0935592 0.0770967 0.0921647 0.0781780 0.0967353 0.0794833 0.0703366 0.0744843 0.0798576 0.0844278 0.0821964 0.0825566 0.0899606 0.0954470 0.0633516 0.0828008 0.0776422 0.0905790 0.0866183 0.0875326 0.0893706 0.0829284 0.0774614 
Amauria_rotundifolia_SRR9119150            0.2071637 0.0484280 0.0000000 0.5354408 0.1734330 0.0550579 0.4748045 0.2561266 0.5628232 0.3424918 0.2110835 0.3842080 0.3269537 0.4359026 0.2054787 0.2933229 0.3406020 0.1283418 0.2294380 0.3122436 0.3236182 0.3750427 0.3648811 0.2998455 0.3674517 0.3639517 0.2415797 0.3154885 0.2732426 0.1379794 0.1874029 0.2022279 0.2483677 0.3590622 0.3783594 0.2049997 0.2964089 0.1994413 0.2624825 0.4619488 0.4615934 0.2103272 0.3687133 0.1861605 0.2162853 0.3704674 0.3726498 0.3658884 0.2098273 0.4444008 0.2969901 0.3610578 0.3591156 0.1059824 0.2464162 0.1769399 0.0899936 0.3513026 0.3528265 0.1941028 0.0619868 0.3218952 0.0905930 0.2053327 0.2284558 0.3663894 0.3228072 0.3335419 0.0555672 0.3480141 0.3671570 0.3674618 0.3740200 0.3713505 0.3475348 0.0867827 0.1864546 0.3759039 0.3718116 0.3707622 0.0893699 0.3720035 0.3568773 0.1419729 0.1134821 
Conoclinium_coelestinum_SRR9119114         0.4713857 0.2602029 0.5354408 0.0000000 0.4651091 0.2229303 0.4266057 0.3239240 0.3827587 0.3658793 0.5090485 0.5504852 0.5061324 0.5663358 0.3212126 0.4517349 0.5130467 0.3868802 0.4374433 0.4868349 0.5128166 0.5321409 0.5348246 0.4894734 0.5442163 0.5252693 0.5335766 0.4955933 0.3761330 0.3326881 0.4824269 0.4927784 0.4533793 0.5175778 0.3602718 0.4919865 0.4945107 0.5152902 0.4349411 0.6154166 0.6147548 0.5022580 0.5383974 0.4881247 0.5274760 0.5320376 0.5392905 0.5329920 0.4940942 0.5626638 0.4552436 0.5355516 0.5190429 0.2505917 0.4492642 0.3195112 0.2817684 0.5268773 0.5208345 0.3529189 0.1811715 0.5708719 0.2387318 0.3790272 0.5208438 0.5234766 0.4937132 0.5878407 0.1878367 0.5354974 0.5406953 0.3802563 0.5291543 0.5409947 0.5421484 0.2331569 0.4572019 0.5932188 0.5304859 0.5317886 0.2773961 0.5313342 0.3679734 0.3440643 0.2670532 
Eutetras_palmeri_63                        0.2243938 0.0656621 0.1734330 0.4651091 0.0000000 0.0233498 0.3907074 0.2390185 0.5167034 0.1953480 0.0479448 0.1945726 0.1730738 0.3203666 0.1691533 0.1509040 0.1684642 0.0427780 0.0828687 0.1575599 0.1792473 0.1896858 0.1863405 0.1681489 0.1892821 0.1803813 0.1952009 0.1693140 0.1717644 0.0999977 0.0497316 0.0479846 0.1217027 0.1862659 0.2099072 0.0809214 0.1671481 0.1022638 0.1189620 0.3054456 0.3033298 0.0825084 0.1875590 0.0733167 0.0815774 0.1822202 0.1894934 0.1892856 0.0882425 0.3197767 0.2018295 0.1805827 0.1778556 0.0584542 0.1041186 0.0901100 0.0783462 0.1849025 0.1813653 0.0972049 0.0466094 0.1991668 0.0706207 0.0715523 0.1040709 0.1839461 0.1965552 0.2136507 0.0430252 0.1812131 0.1880629 0.2640968 0.1912664 0.1881378 0.2007142 0.0714356 0.0671448 0.2479243 0.1901441 0.1930940 0.0689012 0.1929264 0.1647283 0.0772577 0.0656015 
Eutetras_pringlei_149_quer                 0.0868533 0.0554742 0.0550579 0.2229303 0.0233498 0.0000000 0.2233682 0.1500068 0.2273151 0.1075989 0.0396478 0.1100535 0.0978109 0.0951953 0.1008462 0.1135549 0.1037789 0.0369914 0.0440781 0.1067276 0.1006409 0.0981901 0.0978529 0.1072264 0.0949862 0.0986394 0.0448379 0.0955963 0.0988609 0.1020330 0.0261807 0.0339704 0.1075989 0.0921064 0.1082030 0.0451651 0.1007633 0.0476424 0.1103723 0.0978529 0.0950789 0.0478925 0.1009298 0.0398371 0.0422352 0.1095895 0.0979400 0.0978346 0.0530116 0.0949451 0.1007754 0.0978540 0.0986394 0.0346150 0.0813738 0.0387317 0.0402026 0.1008984 0.1036158 0.0629722 0.0450475 0.1232309 0.0423504 0.0397713 0.0645144 0.0986394 0.0995459 0.0816138 0.0397409 0.1041727 0.0979715 0.1109050 0.1007901 0.0950373 0.0981306 0.0366292 0.0263209 0.0699076 0.0979324 0.1069414 0.0578704 0.0979826 0.0988057 0.0667946 0.0424269 
Eutrochium_fistulosum_SRR9119106           0.3570971 0.1546323 0.4748045 0.4266057 0.3907074 0.2233682 0.0000000 0.3142660 0.5596557 0.4194784 0.4433230 0.4541908 0.3929026 0.4630296 0.2934237 0.3372363 0.4195592 0.2886953 0.2927907 0.3659594 0.4000927 0.4523784 0.4485365 0.3677464 0.4458163 0.4456475 0.4818134 0.3775252 0.3606310 0.2370858 0.4040467 0.4276716 0.3351794 0.4388413 0.4181025 0.4199901 0.3665340 0.4297190 0.3255326 0.5109121 0.5086543 0.4143808 0.4487028 0.4073392 0.3927812 0.4265576 0.4519167 0.4452539 0.4306242 0.4632045 0.3704246 0.4343010 0.4387437 0.1604223 0.3350541 0.2027786 0.2032606 0.4310473 0.4131236 0.2259982 0.1424558 0.4169696 0.2105245 0.2663129 0.4406948 0.4490957 0.3987733 0.4578766 0.1617381 0.4188839 0.4540001 0.4538197 0.4463245 0.4468943 0.4394247 0.1882885 0.3889312 0.4936477 0.4390042 0.4291179 0.1840763 0.4439590 0.4227192 0.2412977 0.1737508 
Galeana_pratensis_104_mex                  0.2552807 0.2384458 0.2561266 0.3239240 0.2390185 0.1500068 0.3142660 0.0000000 0.4118828 0.2346827 0.2511148 0.2211765 0.2376743 0.2532581 0.1758378 0.2342125 0.2495284 0.2350875 0.2508439 0.2558594 0.2447160 0.2437953 0.2388699 0.2445483 0.2429705 0.2510880 0.2643947 0.2416656 0.2231186 0.2268520 0.2076463 0.2566030 0.2346827 0.2383848 0.2403720 0.2395681 0.2503146 0.2525200 0.2410525 0.2570851 0.2460365 0.2475348 0.2555526 0.2335285 0.2545654 0.2604582 0.2495320 0.2429705 0.2584873 0.2519366 0.2521453 0.2378418 0.2510880 0.2462952 0.2981079 0.2712726 0.2467428 0.2381702 0.2432230 0.2682594 0.1677934 0.2791480 0.2543598 0.2448675 0.2394987 0.2506965 0.2485677 0.2700976 0.2256244 0.2504293 0.2394008 0.2171682 0.2376743 0.2436231 0.2374250 0.2517923 0.2291217 0.2534457 0.2471822 0.2522610 0.2602133 0.2436669 0.2266773 0.2526190 0.2462952 
Helianthus_annuus_SRR9119062               0.4764343 0.3105746 0.5628232 0.3827587 0.5167034 0.2273151 0.5596557 0.4118828 0.0000000 0.3846453 0.5544268 0.5572116 0.5218557 0.5418835 0.3376223 0.4633723 0.5265519 0.4275271 0.4128960 0.4936226 0.5353184 0.5432480 0.5486451 0.5131925 0.5549559 0.5426380 0.5463234 0.4838522 0.4023290 0.3662373 0.5311342 0.5131836 0.4540464 0.5354822 0.3796562 0.5079108 0.5186136 0.5293236 0.4409100 0.5634940 0.5660906 0.5237192 0.5484117 0.5135353 0.5000191 0.5353168 0.5471260 0.5417692 0.5174504 0.5458151 0.5044305 0.5471955 0.5277395 0.3168829 0.4403873 0.3994002 0.3201815 0.5545055 0.5413205 0.3911769 0.1788141 0.5047943 0.3548016 0.4094165 0.5360320 0.5390364 0.5205239 0.5468028 0.2235021 0.5509461 0.5487972 0.4195113 0.5443615 0.5476299 0.5520933 0.2837425 0.4789281 0.6064373 0.5523409 0.5624067 0.3289608 0.5427629 0.3756581 0.3980927 0.3481175 
Lycapsus_tenuifolius_17                    0.2989366 0.0788539 0.3424918 0.3658793 0.1953480 0.1075989 0.4194784 0.2346827 0.3846453 0.0000000 0.2224084 0.2357041 0.1967050 0.3840397 0.2008769 0.1548060 0.2042641 0.1686639 0.1758301 0.1664951 0.2074112 0.2324786 0.2222053 0.1842932 0.2302429 0.2153707 0.3608442 0.1810938 0.0390297 0.0339050 0.2439088 0.2240366 0.0028744 0.2239600 0.1289931 0.2159984 0.1891752 0.2335155 0.1331118 0.3301683 0.3319192 0.2202501 0.2268536 0.2235829 0.2285337 0.2223485 0.2370736 0.2317092 0.2396280 0.3879270 0.2506276 0.2285555 0.2117320 0.0538853 0.1594101 0.0868085 0.0857343 0.2396022 0.2336265 0.1172620 0.0626523 0.2680154 0.0709841 0.0829320 0.2264738 0.2189111 0.1591883 0.2825093 0.0542115 0.2093178 0.2206653 0.1359925 0.2374973 0.2360200 0.2268935 0.0655671 0.1514852 0.3680968 0.2263289 0.2380399 0.0961308 0.2338081 0.0683219 0.1343078 0.0596060 
Pericome_caudata_50_silver                 0.2772331 0.0822204 0.2110835 0.5090485 0.0479448 0.0396478 0.4433230 0.2511148 0.5544268 0.2224084 0.0000000 0.2204208 0.1739183 0.3860227 0.1912551 0.1520144 0.1965064 0.0616901 0.1348995 0.1626062 0.1853918 0.2189057 0.2141632 0.1807008 0.2151837 0.2060113 0.2397861 0.1720417 0.1747770 0.1177184 0.0667625 0.0691893 0.1355317 0.2127202 0.2936469 0.0976449 0.1850352 0.1248905 0.1218243 0.3299023 0.3279799 0.1002850 0.2151639 0.0956027 0.1450175 0.2186063 0.2187029 0.2151726 0.1216072 0.3853323 0.2498397 0.2103279 0.2038943 0.0712608 0.1083094 0.1052224 0.0933159 0.2205954 0.2218030 0.1168808 0.0601728 0.2260662 0.0755466 0.0885604 0.1139007 0.2110097 0.2058248 0.2711979 0.0660298 0.1895423 0.2142065 0.3332855 0.2188074 0.2191229 0.2089333 0.0816784 0.0878651 0.3402076 0.2144411 0.2295388 0.0841076 0.2186573 0.1830852 0.0884159 0.0754295 
Perityle_aglossa_84_dead_horse             0.3566138 0.0872775 0.3842080 0.5504852 0.1945726 0.1100535 0.4541908 0.2211765 0.5572116 0.2357041 0.2204208 0.0000000 0.0356495 0.1750612 0.0389026 0.0594074 0.0409323 0.1899513 0.1427072 0.0394598 0.0375205 0.0412795 0.0424756 0.0461764 0.0424323 0.0419410 0.4168440 0.0531228 0.1963387 0.1172179 0.2450014 0.2373971 0.1292156 0.0359686 0.2951232 0.2103134 0.0404830 0.2418211 0.0510631 0.1451102 0.1491997 0.2087756 0.0402499 0.2150382 0.2339768 0.0479564 0.0424499 0.0388130 0.2194723 0.1785900 0.0436476 0.0399959 0.0424464 0.0322314 0.1351172 0.0951356 0.0551616 0.0456026 0.0371676 0.0949991 0.0627588 0.1498922 0.0557973 0.0363436 0.2318265 0.0431881 0.1704536 0.2256736 0.0320257 0.0540586 0.0425076 0.3544905 0.0424991 0.0401068 0.0557135 0.0500739 0.1756547 0.2942515 0.0304999 0.0183830 0.0729664 0.0424743 0.2231409 0.1358777 0.0383426 
Perityle_ajoensis_204                      0.3443822 0.0769186 0.3269537 0.5061324 0.1730738 0.0978109 0.3929026 0.2376743 0.5218557 0.1967050 0.1739183 0.0356495 0.0000000 0.1694704 0.0140552 0.0435451 0.0243422 0.1657515 0.1319174 0.0223928 0.0223617 0.0071414 0.0290665 0.0306099 0.0095211 0.0270234 0.3534829 0.0380267 0.1856692 0.1121040 0.1962939 0.1896562 0.1238668 0.0233878 0.2468902 0.1593844 0.0236890 0.1886442 0.0360666 0.1381899 0.1424045 0.1634375 0.0059425 0.1619981 0.1880727 0.0294330 0.0071345 0.0131395 0.1887179 0.1749867 0.0232464 0.0095345 0.0297564 0.0155403 0.1283583 0.0858360 0.0384131 0.0206362 0.0104366 0.0873012 0.0560421 0.1424475 0.0245302 0.0231881 0.1799499 0.0295598 0.1611821 0.1771893 0.0128200 0.0317585 0.0303135 0.3177345 0.0071428 0.0047582 0.0390492 0.0195687 0.1630241 0.2564473 0.0217403 0.0295143 0.0688018 0.0071348 0.1931773 0.1284192 0.0227161 
Perityle_ambrosiifolia_67_green            0.3880016 0.1404415 0.4359026 0.5663358 0.3203666 0.0951953 0.4630296 0.2532581 0.5418835 0.3840397 0.3860227 0.1750612 0.1694704 0.0000000 0.0203450 0.1990799 0.1644377 0.2571437 0.2439929 0.1751380 0.1552757 0.1681585 0.1680783 0.1664944 0.1646530 0.1717432 0.4088745 0.1920995 0.3245731 0.1799129 0.3675723 0.3981921 0.2673912 0.1556694 0.3823933 0.3544540 0.1636714 0.3555442 0.2041924 0.0362783 0.0348964 0.3472516 0.1674580 0.3459116 0.3492205 0.1706191 0.1695912 0.1664608 0.3390247 0.0159029 0.1076938 0.1644618 0.1727406 0.1133016 0.2797036 0.2180233 0.1231081 0.1537116 0.1571525 0.2293570 0.0596442 0.2052739 0.0821850 0.2055527 0.4113144 0.1683015 0.3034899 0.3291188 0.0289902 0.1753323 0.1665204 0.3650056 0.1628533 0.1617359 0.1634277 0.0897383 0.2938421 0.3114108 0.1601975 0.1687957 0.1280378 0.1680037 0.4061959 0.2358624 0.1460848 
Perityle_angustifolia_13_Eagle_creek       0.1909630 0.0717140 0.2054787 0.3212126 0.1691533 0.1008462 0.2934237 0.1758378 0.3376223 0.2008769 0.1912551 0.0389026 0.0140552 0.0203450 0.0000000 0.0393297 0.0141013 0.1723442 0.0718500 0.0202061 0.0161093 0.0202144 0.0243204 0.0204108 0.0160847 0.0287174 0.1865974 0.0369631 0.1980637 0.1131157 0.1782610 0.1902728 0.1207699 0.0182378 0.1682846 0.1740130 0.0222155 0.1627888 0.0285544 0.0181148 0.0242462 0.1657673 0.0201796 0.1662975 0.1449226 0.0269562 0.0161049 0.0201755 0.1703169 0.0263063 0.0201899 0.0140635 0.0266442 0.0084200 0.1369354 0.0607954 0.0311245 0.0143526 0.0163927 0.0640276 0.0576980 0.0896223 0.0243141 0.0136101 0.2065501 0.0266442 0.1708433 0.1342768 0.0081369 0.0246325 0.0264143 0.1958180 0.0160928 0.0160899 0.0242946 0.0259240 0.1632446 0.1343771 0.0263415 0.0325857 0.0650274 0.0201629 0.1971815 0.1348642 0.0161952 
Perityle_batopilensis_97                   0.3339715 0.0797442 0.2933229 0.4517349 0.1509040 0.1135549 0.3372363 0.2342125 0.4633723 0.1548060 0.1520144 0.0594074 0.0435451 0.1990799 0.0393297 0.0000000 0.0394572 0.1399473 0.1361837 0.0422069 0.0450691 0.0490910 0.0435544 0.0550358 0.0475875 0.0451645 0.3277258 0.0610364 0.1605187 0.1174036 0.1694073 0.1621747 0.1284396 0.0390713 0.2036987 0.1405092 0.0444787 0.1755883 0.0081703 0.1700665 0.1747966 0.1396893 0.0504058 0.1440322 0.2036629 0.0488685 0.0517610 0.0476329 0.1745006 0.2030829 0.0431834 0.0448893 0.0479162 0.0223935 0.1343253 0.0908027 0.0473531 0.0525034 0.0475350 0.0936780 0.0596420 0.1625162 0.0319232 0.0360833 0.1494381 0.0479623 0.1444949 0.1442758 0.0206767 0.0493591 0.0462972 0.2676075 0.0489681 0.0477541 0.0573709 0.0340744 0.1497753 0.2256987 0.0450738 0.0627452 0.0714805 0.0517636 0.1483167 0.1313903 0.0269822 
Perityle_bisetosa_9                        0.3355354 0.0743135 0.3406020 0.5130467 0.1684642 0.1037789 0.4195592 0.2495284 0.5265519 0.2042641 0.1965064 0.0409323 0.0243422 0.1644377 0.0141013 0.0394572 0.0000000 0.1623088 0.1264132 0.0236345 0.0263772 0.0295942 0.0272105 0.0346885 0.0295471 0.0287459 0.3751197 0.0405788 0.1818196 0.1119196 0.2239225 0.2114952 0.1167386 0.0264789 0.2522319 0.1819934 0.0223647 0.2193099 0.0331768 0.1345710 0.1386676 0.1842193 0.0297346 0.1871321 0.2236871 0.0323651 0.0307715 0.0295465 0.1952903 0.1698109 0.0256565 0.0259417 0.0311968 0.0133074 0.1197614 0.0811810 0.0383532 0.0317786 0.0257601 0.0871529 0.0625162 0.1459229 0.0245293 0.0168862 0.1990183 0.0312235 0.1609182 0.1902604 0.0050988 0.0268361 0.0296366 0.3258088 0.0308073 0.0272089 0.0413149 0.0252783 0.1608578 0.2708555 0.0272304 0.0404085 0.0686863 0.0319996 0.1975784 0.1262492 0.0185099 
Perityle_californica_76_positas            0.1478485 0.0735161 0.1283418 0.3868802 0.0427780 0.0369914 0.2886953 0.2350875 0.4275271 0.1686639 0.0616901 0.1899513 0.1657515 0.2571437 0.1723442 0.1399473 0.1623088 0.0000000 0.0692631 0.1625088 0.1708274 0.1819230 0.1774511 0.1798743 0.1749032 0.1824968 0.1244313 0.1706244 0.1522557 0.1070468 0.0660228 0.0502464 0.1143994 0.1758499 0.1711042 0.0952106 0.1667857 0.1158998 0.1140225 0.2640029 0.2614407 0.0933153 0.1860081 0.0893849 0.0951060 0.1745674 0.1839131 0.1811694 0.0967096 0.2614407 0.1813643 0.1724149 0.1756443 0.0560880 0.1115903 0.0705332 0.0832080 0.1736942 0.1735321 0.0865810 0.0434200 0.1885940 0.0629223 0.0661263 0.1081850 0.1847666 0.1948292 0.1772896 0.0457955 0.1683783 0.1775152 0.1755613 0.1814501 0.1820765 0.1840530 0.0652640 0.0684336 0.1704305 0.1868378 0.1883396 0.0761668 0.1880931 0.1417131 0.0882112 0.0628682 
Perityle_canescens_77                      0.2600810 0.0906499 0.2294380 0.4374433 0.0828687 0.0440781 0.2927907 0.2508439 0.4128960 0.1758301 0.1348995 0.1427072 0.1319174 0.2439929 0.0718500 0.1361837 0.1264132 0.0692631 0.0000000 0.1355887 0.1316011 0.1375446 0.1282123 0.1359765 0.1353881 0.1344991 0.2604229 0.1357435 0.1543982 0.1165448 0.1020338 0.1348664 0.1737069 0.1249745 0.1897598 0.1198823 0.1157257 0.1174569 0.1361920 0.2671110 0.2649148 0.1174491 0.1374566 0.1123993 0.1576816 0.1459646 0.1408959 0.1389095 0.1154304 0.2483806 0.0960122 0.1336408 0.1379293 0.0648893 0.1578591 0.1104591 0.0911984 0.1296075 0.1161475 0.1095003 0.0532833 0.1795186 0.0848058 0.1228582 0.1493563 0.1363276 0.1703674 0.1294463 0.0503215 0.1338100 0.1318267 0.2312401 0.1374202 0.1340882 0.1467270 0.0762322 0.1346248 0.1958649 0.1361261 0.1329837 0.0861550 0.1392018 0.1590972 0.0743973 0.0686451 
Perityle_castillonii_96                    0.3380408 0.0769563 0.3122436 0.4868349 0.1575599 0.1067276 0.3659594 0.2558594 0.4936226 0.1664951 0.1626062 0.0394598 0.0223928 0.1751380 0.0202061 0.0422069 0.0236345 0.1625088 0.1355887 0.0000000 0.0244369 0.0275089 0.0274801 0.0333739 0.0261679 0.0250228 0.3363725 0.0382977 0.1764977 0.1146265 0.1827984 0.1711310 0.1171711 0.0203167 0.2250799 0.1451583 0.0284041 0.1683032 0.0346205 0.1432508 0.1476310 0.1457426 0.0287532 0.1471051 0.1866713 0.0150401 0.0300187 0.0287252 0.1763253 0.1808684 0.0210068 0.0249192 0.0275763 0.0155614 0.1199245 0.0860746 0.0384412 0.0324135 0.0260224 0.0873253 0.0626411 0.1512431 0.0281365 0.0215956 0.1561940 0.0276009 0.1530141 0.1507933 0.0128164 0.0328316 0.0300414 0.2938263 0.0300556 0.0262540 0.0390596 0.0281697 0.1530382 0.2454335 0.0262759 0.0388050 0.0712691 0.0300202 0.1717541 0.1173145 0.0185443 
Perityle_cernua_84                         0.3174446 0.0769176 0.3236182 0.5128166 0.1792473 0.1006409 0.4000927 0.2447160 0.5353184 0.2074112 0.1853918 0.0375205 0.0223617 0.1552757 0.0161093 0.0450691 0.0263772 0.1708274 0.1316011 0.0244369 0.0000000 0.0270471 0.0307916 0.0347034 0.0282332 0.0287382 0.3593202 0.0392141 0.1876183 0.1096861 0.2057629 0.2021579 0.1236277 0.0225009 0.2494777 0.1742057 0.0290862 0.1979920 0.0373725 0.1362388 0.1405122 0.1748751 0.0282705 0.1740680 0.1854463 0.0311761 0.0245300 0.0295012 0.1841541 0.1607929 0.0259374 0.0269881 0.0316971 0.0201057 0.1263043 0.0859965 0.0428723 0.0281605 0.0220511 0.0851463 0.0593127 0.1364505 0.0281590 0.0232268 0.1883191 0.0300275 0.1631108 0.1811835 0.0128241 0.0297359 0.0320619 0.3222011 0.0270223 0.0270659 0.0409585 0.0281878 0.1616292 0.2630656 0.0245918 0.0368652 0.0639410 0.0295159 0.2048125 0.1240086 0.0206499 
Perityle_cfvillosa_25_tin                  0.3523614 0.0823036 0.3750427 0.5321409 0.1896858 0.0981901 0.4523784 0.2437953 0.5432480 0.2324786 0.2189057 0.0412795 0.0071414 0.1681585 0.0202144 0.0490910 0.0295942 0.1819230 0.1375446 0.0275089 0.0270471 0.0000000 0.0361083 0.0361303 0.0171796 0.0330154 0.4035153 0.0394231 0.1880308 0.1197096 0.2465326 0.2352485 0.1292374 0.0307264 0.2777471 0.1994191 0.0291097 0.2381829 0.0404064 0.1384437 0.1424748 0.2017668 0.0091570 0.2053628 0.2290104 0.0341356 0.0102526 0.0195136 0.2116489 0.1733972 0.0294075 0.0171855 0.0358649 0.0177885 0.1319320 0.0860208 0.0407294 0.0234199 0.0136914 0.0935751 0.0594016 0.1495541 0.0281661 0.0279628 0.2244094 0.0354657 0.1666671 0.2137475 0.0180609 0.0397676 0.0373156 0.3489278 0.0125601 0.0079773 0.0428709 0.0083358 0.1684798 0.2878952 0.0266580 0.0344122 0.0762457 0.0114070 0.2202303 0.1354475 0.0291021 
Perityle_coahuilensis_24                   0.3294368 0.0771166 0.3648811 0.5348246 0.1863405 0.0978529 0.4485365 0.2388699 0.5486451 0.2222053 0.2141632 0.0424756 0.0290665 0.1680783 0.0243204 0.0435544 0.0272105 0.1774511 0.1282123 0.0274801 0.0307916 0.0361083 0.0000000 0.0388638 0.0360569 0.0306305 0.3965910 0.0432529 0.1826005 0.1122799 0.2398552 0.2240554 0.1154069 0.0319561 0.2701940 0.1933972 0.0291546 0.2296527 0.0346037 0.1382203 0.1422443 0.1937248 0.0362766 0.2006040 0.2237837 0.0377422 0.0372653 0.0348764 0.2067143 0.1700585 0.0340354 0.0348541 0.0310139 0.0155904 0.1249012 0.0837185 0.0363056 0.0387266 0.0329033 0.0893470 0.0560763 0.1476134 0.0246196 0.0184712 0.2148514 0.0330723 0.1664299 0.2119644 0.0076740 0.0397853 0.0045472 0.3489944 0.0373080 0.0349494 0.0478069 0.0253529 0.1629677 0.2865261 0.0314125 0.0471904 0.0689141 0.0384827 0.2183722 0.1199474 0.0164734 
Perityle_cochisensis_44_cave_creek         0.3271795 0.0852406 0.2998455 0.4894734 0.1681489 0.1072264 0.3677464 0.2445483 0.5131925 0.1842932 0.1807008 0.0461764 0.0306099 0.1664944 0.0204108 0.0550358 0.0346885 0.1798743 0.1359765 0.0333739 0.0347034 0.0361303 0.0388638 0.0000000 0.0346632 0.0390361 0.3278854 0.0492447 0.1884375 0.1219659 0.1881763 0.1879619 0.1331316 0.0299983 0.2287830 0.1597306 0.0370023 0.1786733 0.0491609 0.1424345 0.1470985 0.1590335 0.0360820 0.1559794 0.1821298 0.0421802 0.0388187 0.0360622 0.1631455 0.1724773 0.0362909 0.0333263 0.0418118 0.0269679 0.1413000 0.1029753 0.0473428 0.0410771 0.0332897 0.0975641 0.0626309 0.1335567 0.0428310 0.0353799 0.1733792 0.0404401 0.1677336 0.1532922 0.0233334 0.0405551 0.0416379 0.2894991 0.0388698 0.0347854 0.0292400 0.0399049 0.1718864 0.2444196 0.0361746 0.0445752 0.0761661 0.0374473 0.1845345 0.1375746 0.0354938 
Perityle_congesta_202                      0.3422454 0.0769186 0.3674517 0.5442163 0.1892821 0.0949862 0.4458163 0.2429705 0.5549559 0.2302429 0.2151837 0.0424323 0.0095211 0.1646530 0.0160847 0.0475875 0.0295471 0.1749032 0.1353881 0.0261679 0.0282332 0.0171796 0.0360569 0.0346632 0.0000000 0.0341732 0.4006342 0.0393050 0.1911876 0.1097563 0.2423786 0.2333437 0.1254782 0.0294678 0.2795144 0.1988829 0.0304017 0.2343956 0.0403028 0.1368913 0.1409101 0.2012247 0.0172586 0.2047848 0.2216818 0.0364867 0.0183212 0.0160101 0.2127260 0.1698877 0.0278898 0.0183203 0.0370368 0.0155403 0.1266561 0.0858360 0.0384131 0.0284160 0.0187357 0.0892388 0.0560421 0.1440349 0.0245302 0.0263060 0.2203198 0.0366249 0.1611796 0.2150674 0.0128200 0.0409128 0.0372624 0.3487217 0.0183418 0.0160372 0.0452590 0.0195687 0.1612924 0.2889675 0.0278001 0.0381544 0.0688018 0.0194925 0.2247358 0.1262688 0.0227161 
Perityle_cordifolia_27                     0.3309127 0.0780583 0.3639517 0.5252693 0.1803813 0.0986394 0.4456475 0.2510880 0.5426380 0.2153707 0.2060113 0.0419410 0.0270234 0.1717432 0.0287174 0.0451645 0.0287459 0.1824968 0.1344991 0.0250228 0.0287382 0.0330154 0.0306305 0.0390361 0.0341732 0.0000000 0.3886836 0.0447112 0.1832540 0.1176640 0.2321763 0.2207873 0.1173685 0.0263299 0.2532038 0.1887383 0.0308875 0.2236041 0.0333857 0.1393273 0.1434216 0.1911431 0.0331713 0.1977439 0.2217838 0.0370871 0.0341873 0.0305729 0.2057347 0.1737439 0.0316040 0.0317541 0.0046682 0.0203137 0.1206397 0.0917323 0.0432964 0.0367460 0.0282052 0.0897184 0.0598946 0.1503749 0.0034597 0.0217247 0.2082938 0.0046174 0.1682140 0.2070561 0.0129859 0.0391061 0.0318452 0.3341988 0.0342268 0.0306372 0.0422661 0.0315141 0.1616927 0.2794510 0.0282661 0.0440112 0.0740821 0.0354152 0.2099805 0.1246429 0.0229428 
Perityle_cordifolia_68_tecolote            0.2786344 0.1276162 0.2415797 0.5335766 0.1952009 0.0448379 0.4818134 0.2643947 0.5463234 0.3608442 0.2397861 0.4168440 0.3534829 0.4088745 0.1865974 0.3277258 0.3751197 0.1244313 0.2604229 0.3363725 0.3593202 0.4035153 0.3965910 0.3278854 0.4006342 0.3886836 0.0000000 0.3362650 0.3009472 0.1619542 0.2095226 0.2223401 0.2723972 0.4010374 0.4000270 0.2407991 0.3341711 0.2104015 0.2981814 0.4339671 0.4321131 0.2423425 0.3980412 0.2342288 0.2613530 0.3928505 0.4030275 0.4008137 0.2382803 0.4152563 0.3329549 0.3961999 0.3822847 0.1237511 0.2774180 0.1575081 0.1262935 0.3956181 0.3886569 0.2306476 0.0758012 0.3734610 0.1050611 0.2558669 0.2552859 0.3915539 0.3346931 0.3658028 0.0586168 0.3701736 0.3967413 0.4034960 0.4048188 0.4017315 0.3803185 0.1035607 0.1961072 0.4033566 0.3967755 0.4093211 0.1282623 0.4029638 0.3738888 0.1779492 0.1515808 
Perityle_coronopifolia_28_patagonia        0.3361667 0.0799921 0.3154885 0.4955933 0.1693140 0.0955963 0.3775252 0.2416656 0.4838522 0.1810938 0.1720417 0.0531228 0.0380267 0.1920995 0.0369631 0.0610364 0.0405788 0.1706244 0.1357435 0.0382977 0.0392141 0.0394231 0.0432529 0.0492447 0.0393050 0.0447112 0.3362650 0.0000000 0.1828870 0.1081738 0.1934147 0.1773365 0.1239064 0.0388122 0.2361399 0.1525442 0.0454489 0.1801099 0.0482967 0.1532726 0.1577268 0.1579636 0.0406856 0.1545042 0.1926691 0.0451553 0.0419790 0.0445421 0.1876326 0.1978224 0.0443480 0.0393211 0.0460255 0.0248303 0.1235667 0.0866346 0.0454947 0.0481037 0.0404036 0.0908964 0.0594907 0.1623602 0.0355216 0.0298964 0.1703121 0.0473998 0.1654733 0.1665196 0.0207494 0.0475252 0.0445971 0.2931815 0.0446400 0.0368403 0.0551859 0.0255043 0.1643563 0.2453583 0.0394710 0.0516575 0.0741710 0.0419811 0.1734935 0.1296760 0.0293108 
Perityle_crassifolia_70_ventanas           0.2817890 0.0789411 0.2732426 0.3761330 0.1717644 0.0988609 0.3606310 0.2231186 0.4023290 0.0390297 0.1747770 0.1963387 0.1856692 0.3245731 0.1980637 0.1605187 0.1818196 0.1522557 0.1543982 0.1764977 0.1876183 0.1880308 0.1826005 0.1884375 0.1911876 0.1832540 0.3009472 0.1828870 0.0000000 0.0317320 0.1928692 0.1761630 0.0417100 0.1834883 0.1166647 0.1846573 0.1910343 0.1813219 0.1371820 0.2903329 0.2922629 0.1840536 0.1895527 0.1846578 0.1690522 0.1854255 0.1912503 0.1909547 0.1911185 0.3264776 0.2034293 0.1875419 0.1886714 0.0539519 0.1559960 0.0872995 0.0812060 0.1956384 0.1881652 0.1286730 0.0593704 0.2281073 0.0632498 0.0791107 0.1835993 0.1851120 0.1665842 0.2071745 0.0514686 0.1810145 0.1844657 0.1176357 0.1952076 0.1881590 0.2024813 0.0563965 0.1547164 0.2942072 0.1924758 0.2003498 0.0962759 0.1877480 0.0615494 0.1345885 0.0597875 
Perityle_crassifolia_74_playa_balandra     0.1497140 0.0878303 0.1379794 0.3326881 0.0999977 0.1020330 0.2370858 0.2268520 0.3662373 0.0339050 0.1177184 0.1172179 0.1121040 0.1799129 0.1131157 0.1174036 0.1119196 0.1070468 0.1165448 0.1146265 0.1096861 0.1197096 0.1122799 0.1219659 0.1097563 0.1176640 0.1619542 0.1081738 0.0317320 0.0000000 0.1137749 0.1095117 0.0317577 0.1054492 0.0586035 0.1273182 0.1143809 0.1188396 0.1150457 0.1902042 0.1821976 0.1173995 0.1219828 0.1227215 0.1095022 0.1264912 0.1219406 0.1168169 0.1263578 0.1874913 0.1169097 0.1120711 0.1199887 0.0664449 0.1436348 0.0808230 0.0927368 0.1194865 0.1193087 0.1047257 0.0699571 0.1468976 0.0839445 0.0721439 0.1293249 0.1201545 0.0873899 0.1119622 0.0603973 0.1100277 0.1123928 0.0209826 0.1169976 0.1174617 0.1188602 0.0789976 0.1029188 0.1046857 0.1227366 0.1196899 0.1045781 0.1195087 0.0514773 0.1235481 0.0688922 
Perityle_cuneata_34_cuneata_San_antonio    0.2407092 0.0886775 0.1874029 0.4824269 0.0497316 0.0261807 0.4040467 0.2076463 0.5311342 0.2439088 0.0667625 0.2450014 0.1962939 0.3675723 0.1782610 0.1694073 0.2239225 0.0660228 0.1020338 0.1827984 0.2057629 0.2465326 0.2398552 0.1881763 0.2423786 0.2321763 0.2095226 0.1934147 0.1928692 0.1137749 0.0000000 0.0639083 0.1474402 0.2406577 0.2502110 0.0893164 0.1905964 0.1182721 0.1355529 0.3579004 0.3556919 0.0893520 0.2405147 0.0833633 0.1039354 0.2434214 0.2445404 0.2442606 0.0944514 0.3690130 0.2685297 0.2386826 0.2266660 0.0746209 0.1227003 0.1091801 0.0919394 0.2441926 0.2366509 0.1069051 0.0469974 0.2197155 0.0807012 0.0841914 0.1118987 0.2356811 0.2228256 0.2620454 0.0524491 0.2157955 0.2416512 0.3147921 0.2464045 0.2468036 0.2318608 0.0860371 0.0849324 0.2980202 0.2381057 0.2479205 0.0824529 0.2443794 0.2086240 0.0932243 0.0828130 
Perityle_cuneata_4                         0.2602435 0.0841236 0.2022279 0.4927784 0.0479846 0.0339704 0.4276716 0.2566030 0.5131836 0.2240366 0.0691893 0.2373971 0.1896562 0.3981921 0.1902728 0.1621747 0.2114952 0.0502464 0.1348664 0.1711310 0.2021579 0.2352485 0.2240554 0.1879619 0.2333437 0.2207873 0.2223401 0.1773365 0.1761630 0.1095117 0.0639083 0.0000000 0.1444741 0.2313988 0.2823341 0.0977508 0.1937386 0.1216548 0.1337624 0.3499352 0.3479645 0.1061970 0.2312919 0.0987066 0.1451973 0.2275471 0.2350261 0.2333307 0.1262480 0.3974768 0.2645553 0.2283579 0.2138702 0.0682793 0.1120286 0.0907076 0.0854692 0.2397924 0.2377425 0.1101328 0.0563470 0.2200656 0.0782460 0.0885244 0.1228163 0.2259020 0.2044475 0.2753867 0.0569573 0.2056643 0.2256450 0.3327426 0.2351400 0.2354822 0.2269314 0.0839327 0.0878499 0.3273263 0.2294537 0.2417491 0.0785226 0.2349902 0.1851049 0.0942341 0.0750172 
Perityle_discoidea_81                      0.2889900 0.0815443 0.2483677 0.4533793 0.1217027 0.1075989 0.3351794 0.2346827 0.4540464 0.0028744 0.1355317 0.1292156 0.1238668 0.2673912 0.1207699 0.1284396 0.1167386 0.1143994 0.1737069 0.1171711 0.1236277 0.1292374 0.1154069 0.1331316 0.1254782 0.1173685 0.2723972 0.1239064 0.0417100 0.0317577 0.1474402 0.1444741 0.0000000 0.1182937 0.1495490 0.1291906 0.1161613 0.1387660 0.1283304 0.2298814 0.2317240 0.1266281 0.1273153 0.1290835 0.1745138 0.1287643 0.1324577 0.1270439 0.1597752 0.2716647 0.1212694 0.1255175 0.1224345 0.0538853 0.1559358 0.0843771 0.0833986 0.1340797 0.1258887 0.1151014 0.0626523 0.2163595 0.0671411 0.0792424 0.1328910 0.1208783 0.0886997 0.1503726 0.0514435 0.1223760 0.1154805 0.1537240 0.1327098 0.1293911 0.1323983 0.0625077 0.1074115 0.2444144 0.1244671 0.1302465 0.0986408 0.1325600 0.0735084 0.1206537 0.0573448 
Perityle_dissecta_201                      0.3178213 0.0696585 0.3590622 0.5175778 0.1862659 0.0921064 0.4388413 0.2383848 0.5354822 0.2239600 0.2127202 0.0359686 0.0233878 0.1556694 0.0182378 0.0390713 0.0264789 0.1758499 0.1249745 0.0203167 0.0225009 0.0307264 0.0319561 0.0299983 0.0294678 0.0263299 0.4010374 0.0388122 0.1834883 0.1054492 0.2406577 0.2313988 0.1182937 0.0000000 0.2708007 0.1995904 0.0256845 0.2324977 0.0297084 0.1285118 0.1325673 0.1986242 0.0308719 0.2057405 0.2266205 0.0323112 0.0319015 0.0246874 0.2114728 0.1577138 0.0279705 0.0282517 0.0291283 0.0088821 0.1198739 0.0820831 0.0319946 0.0304159 0.0270196 0.0759367 0.0528927 0.1466082 0.0176144 0.0174099 0.2102178 0.0287991 0.1674549 0.2159808 0.0051332 0.0367588 0.0331780 0.3303361 0.0295041 0.0295498 0.0399497 0.0197449 0.1675131 0.2873880 0.0223879 0.0390651 0.0596159 0.0331291 0.2138304 0.1158254 0.0144501 
Perityle_emoryi_47_punta_san_jose          0.2920883 0.0782705 0.3783594 0.3602718 0.2099072 0.1082030 0.4181025 0.2403720 0.3796562 0.1289931 0.2936469 0.2951232 0.2468902 0.3823933 0.1682846 0.2036987 0.2522319 0.1711042 0.1897598 0.2250799 0.2494777 0.2777471 0.2701940 0.2287830 0.2795144 0.2532038 0.4000270 0.2361399 0.1166647 0.0586035 0.2502110 0.2823341 0.1495490 0.2708007 0.0000000 0.2837932 0.2167864 0.2692986 0.1802062 0.4170974 0.4232517 0.2943490 0.2755693 0.2835447 0.2854666 0.2766088 0.2790654 0.2794879 0.2873879 0.3833231 0.2105283 0.2720982 0.2478148 0.0295542 0.2327567 0.0919368 0.0569234 0.2684216 0.2507665 0.1020841 0.0664576 0.3210765 0.0139564 0.1371146 0.3013265 0.2568184 0.2729319 0.3166910 0.0182589 0.2649785 0.2721037 0.1499902 0.2774830 0.2780368 0.2800619 0.0315579 0.2345412 0.3835812 0.2787429 0.2795826 0.0913527 0.2753576 0.1181136 0.1375262 0.0338408 
Perityle_feddemae_99                       0.2389287 0.0780953 0.2049997 0.4919865 0.0809214 0.0451651 0.4199901 0.2395681 0.5079108 0.2159984 0.0976449 0.2103134 0.1593844 0.3544540 0.1740130 0.1405092 0.1819934 0.0952106 0.1198823 0.1451583 0.1742057 0.1994191 0.1933972 0.1597306 0.1988829 0.1887383 0.2407991 0.1525442 0.1846573 0.1273182 0.0893164 0.0977508 0.1291906 0.1995904 0.2837932 0.0000000 0.1599402 0.0784849 0.1085733 0.3033497 0.2996721 0.0318237 0.1925049 0.0150733 0.1187522 0.1930993 0.2022970 0.1988732 0.0527045 0.3555233 0.2376586 0.1926728 0.1849677 0.0603527 0.0934491 0.0957997 0.0821071 0.2046622 0.2052793 0.1002549 0.0573645 0.2292168 0.0696445 0.0674104 0.1137092 0.1936134 0.1804923 0.2605045 0.0561733 0.1780989 0.1965142 0.3407950 0.2023921 0.2026807 0.1942900 0.0582905 0.0913980 0.2883640 0.2012716 0.2221600 0.0865390 0.2037497 0.2063900 0.0838266 0.0642977 
Perityle_fosteri_93                        0.3313920 0.0821444 0.2964089 0.4945107 0.1671481 0.1007633 0.3665340 0.2503146 0.5186136 0.1891752 0.1850352 0.0404830 0.0236890 0.1636714 0.0222155 0.0444787 0.0223647 0.1667857 0.1157257 0.0284041 0.0290862 0.0291097 0.0291546 0.0370023 0.0304017 0.0308875 0.3341711 0.0454489 0.1910343 0.1143809 0.1905964 0.1937386 0.1161613 0.0256845 0.2167864 0.1599402 0.0000000 0.1828670 0.0379015 0.1495050 0.1541795 0.1630302 0.0263748 0.1580997 0.1548418 0.0377414 0.0317659 0.0290806 0.1634829 0.1658770 0.0267925 0.0277293 0.0336404 0.0177944 0.1325490 0.0882152 0.0405590 0.0349021 0.0281290 0.0893054 0.0658195 0.1319839 0.0281193 0.0229688 0.1843397 0.0322764 0.1601930 0.1626591 0.0128110 0.0348101 0.0318760 0.2899002 0.0318072 0.0277814 0.0455567 0.0281560 0.1711128 0.2241244 0.0292126 0.0426744 0.0711177 0.0317676 0.2010216 0.1262032 0.0206307 
Perityle_gamon_221                         0.2351744 0.0982953 0.1994413 0.5152902 0.1022638 0.0476424 0.4297190 0.2525200 0.5293236 0.2335155 0.1248905 0.2418211 0.1886442 0.3555442 0.1627888 0.1755883 0.2193099 0.1158998 0.1174569 0.1683032 0.1979920 0.2381829 0.2296527 0.1786733 0.2343956 0.2236041 0.2104015 0.1801099 0.1813219 0.1188396 0.1182721 0.1216548 0.1387660 0.2324977 0.2692986 0.0784849 0.1828670 0.0000000 0.1405179 0.3359535 0.3317639 0.0892189 0.2286265 0.0770713 0.0268857 0.2317098 0.2362505 0.2343813 0.0877861 0.3566576 0.2489410 0.2322361 0.2177206 0.0840090 0.1265946 0.1196449 0.0934472 0.2392971 0.2320804 0.1299825 0.0564371 0.2297042 0.0843559 0.0960443 0.1333885 0.2290567 0.1918932 0.2422848 0.0583634 0.2150771 0.2332183 0.3050831 0.2380971 0.2366037 0.2272819 0.0851510 0.1018365 0.2935994 0.2390443 0.2485717 0.0860645 0.2361120 0.2454177 0.0969171 0.0850692 
Perityle_gentryi_8_san_francisco           0.3048298 0.0799031 0.2624825 0.4349411 0.1189620 0.1103723 0.3255326 0.2410525 0.4409100 0.1331118 0.1218243 0.0510631 0.0360666 0.2041924 0.0285544 0.0081703 0.0331768 0.1140225 0.1361920 0.0346205 0.0373725 0.0404064 0.0346037 0.0491609 0.0403028 0.0333857 0.2981814 0.0482967 0.1371820 0.1150457 0.1355529 0.1337624 0.1283304 0.0297084 0.1802062 0.1085733 0.0379015 0.1405179 0.0000000 0.1688658 0.1738602 0.1095116 0.0432396 0.1107425 0.1741800 0.0430694 0.0417706 0.0403432 0.1441560 0.2084542 0.0332362 0.0374755 0.0376589 0.0178795 0.1359118 0.0909622 0.0428890 0.0433723 0.0379859 0.0935627 0.0629435 0.1666436 0.0283738 0.0328563 0.1161145 0.0376966 0.1193457 0.1200452 0.0180915 0.0446609 0.0374595 0.2480748 0.0432303 0.0404510 0.0490707 0.0312327 0.1157269 0.2070658 0.0362002 0.0541739 0.0714006 0.0432418 0.1289641 0.1222355 0.0248825 
Perityle_gilensis_22_Superstition          0.4330125 0.1559580 0.4619488 0.6154166 0.3054456 0.0978529 0.5109121 0.2570851 0.5634940 0.3301683 0.3299023 0.1451102 0.1381899 0.0362783 0.0181148 0.1700665 0.1345710 0.2640029 0.2671110 0.1432508 0.1362388 0.1384437 0.1382203 0.1424345 0.1368913 0.1393273 0.4339671 0.1532726 0.2903329 0.1902042 0.3579004 0.3499352 0.2298814 0.1285118 0.4170974 0.3033497 0.1495050 0.3359535 0.1688658 0.0000000 0.0045355 0.2982014 0.1391281 0.3146324 0.3336073 0.1415268 0.1396648 0.1368864 0.3084594 0.0360237 0.1069703 0.1354045 0.1426618 0.1119437 0.2368833 0.2362693 0.1217555 0.1404159 0.1401906 0.2461327 0.0626822 0.2267757 0.0808951 0.1695286 0.3467469 0.1379819 0.2755304 0.3232832 0.0286495 0.1506994 0.1396484 0.4358432 0.1383581 0.1330899 0.1340864 0.0949476 0.2723809 0.3868188 0.1302753 0.1547344 0.1407175 0.1384173 0.3424188 0.2406906 0.1469090 
Perityle_gilensis_salensis_225             0.4326482 0.1529770 0.4615934 0.6147548 0.3033298 0.0950789 0.5086543 0.2460365 0.5660906 0.3319192 0.3279799 0.1491997 0.1424045 0.0348964 0.0242462 0.1747966 0.1386676 0.2614407 0.2649148 0.1476310 0.1405122 0.1424748 0.1422443 0.1470985 0.1409101 0.1434216 0.4321131 0.1577268 0.2922629 0.1821976 0.3556919 0.3479645 0.2317240 0.1325673 0.4232517 0.2996721 0.1541795 0.3317639 0.1738602 0.0045355 0.0000000 0.2945651 0.1431800 0.3107495 0.3295131 0.1456163 0.1436968 0.1409050 0.3046322 0.0346518 0.1119358 0.1394134 0.1468227 0.1196573 0.2351361 0.2332887 0.1290687 0.1447448 0.1445970 0.2435473 0.0595073 0.2248513 0.0926096 0.1751615 0.3448150 0.1420716 0.2734841 0.3211977 0.0366493 0.1520663 0.1436800 0.4379061 0.1423864 0.1371006 0.1381672 0.1042852 0.2703624 0.3825570 0.1342708 0.1590774 0.1380120 0.1424472 0.3421933 0.2380133 0.1543088 
Perityle_glaucescens_94                    0.2408818 0.0802335 0.2103272 0.5022580 0.0825084 0.0478925 0.4143808 0.2475348 0.5237192 0.2202501 0.1002850 0.2087756 0.1634375 0.3472516 0.1657673 0.1396893 0.1842193 0.0933153 0.1174491 0.1457426 0.1748751 0.2017668 0.1937248 0.1590335 0.2012247 0.1911431 0.2423425 0.1579636 0.1840536 0.1173995 0.0893520 0.1061970 0.1266281 0.1986242 0.2943490 0.0318237 0.1630302 0.0892189 0.1095116 0.2982014 0.2945651 0.0000000 0.1948637 0.0253607 0.1248550 0.1953982 0.2046410 0.1981756 0.0380473 0.3503416 0.2334358 0.1982024 0.1857861 0.0600181 0.0927718 0.0953347 0.0862973 0.2024124 0.2065474 0.0934964 0.0534949 0.2257318 0.0809807 0.0685473 0.1121714 0.1960185 0.1726016 0.2440605 0.0530369 0.1787348 0.1968255 0.3391277 0.2047371 0.2050284 0.1964794 0.0700621 0.0927677 0.2953841 0.1987623 0.2195612 0.0742711 0.2060920 0.2108270 0.0773405 0.0639580 
Perityle_gracilis_11                       0.3491459 0.0875592 0.3687133 0.5383974 0.1875590 0.1009298 0.4487028 0.2555526 0.5484117 0.2268536 0.2151639 0.0402499 0.0059425 0.1674580 0.0201796 0.0504058 0.0297346 0.1860081 0.1374566 0.0287532 0.0282705 0.0091570 0.0362766 0.0360820 0.0172586 0.0331713 0.3980412 0.0406856 0.1895527 0.1219828 0.2405147 0.2312919 0.1273153 0.0308719 0.2755693 0.1925049 0.0263748 0.2286265 0.0432396 0.1391281 0.1431800 0.1948637 0.0000000 0.1981387 0.2214554 0.0342965 0.0080011 0.0196034 0.2097146 0.1727229 0.0280734 0.0172645 0.0360365 0.0222962 0.1351609 0.0906786 0.0428799 0.0247871 0.0124983 0.0935177 0.0659029 0.1460752 0.0389915 0.0311073 0.2222272 0.0356335 0.1630013 0.2095355 0.0206452 0.0409660 0.0374897 0.3486780 0.0103111 0.0057173 0.0428319 0.0195779 0.1682986 0.2785471 0.0267818 0.0345639 0.0785690 0.0091563 0.2212535 0.1375128 0.0311863 
Perityle_harkerae_31                       0.2237834 0.0728660 0.1861605 0.4881247 0.0733167 0.0398371 0.4073392 0.2335285 0.5135353 0.2235829 0.0956027 0.2150382 0.1619981 0.3459116 0.1662975 0.1440322 0.1871321 0.0893849 0.1123993 0.1471051 0.1740680 0.2053628 0.2006040 0.1559794 0.2047848 0.1977439 0.2342288 0.1545042 0.1846578 0.1227215 0.0833633 0.0987066 0.1290835 0.2057405 0.2835447 0.0150733 0.1580997 0.0770713 0.1107425 0.3146324 0.3107495 0.0253607 0.1981387 0.0000000 0.1054510 0.2003886 0.2083723 0.2047742 0.0262473 0.3470625 0.2356493 0.1966524 0.1938797 0.0555762 0.0965649 0.0910189 0.0774905 0.2026101 0.2051071 0.0962092 0.0575406 0.2043794 0.0661401 0.0647445 0.1145217 0.2010917 0.1798531 0.2477672 0.0506844 0.1829943 0.2038759 0.3325327 0.2084748 0.2071317 0.2033947 0.0583052 0.0887590 0.2831906 0.2088735 0.2200601 0.0818284 0.2098920 0.2130341 0.0797102 0.0597253 
