85
Amauria_brandeegeana_62                    0.0000000 0.2444766 0.0553529 0.2328372 0.1320459 0.1073393 0.1899663 0.2141719 0.2126740 0.2580472 0.0694160 0.2416700 0.2455513 0.2581539 0.2272587 0.2477922 0.3374567 0.2102272 0.1062312 0.2388653 0.0785595 0.3878431 0.2504191 0.2534992 0.2464218 0.0931315 0.2549423 0.2426103 0.2100922 0.1747587 0.2175895 0.2429804 0.2365789 0.2393527 0.0684441 0.2409405 0.2393753 0.1366897 0.2265356 0.2454828 0.1048503 0.2019562 0.2511023 0.2502637 0.1615833 0.2334061 0.2464218 0.2508683 0.0962782 0.2456035 0.2499700 0.2337276 0.0997388 0.2454877 0.1025833 0.0685898 0.0627439 0.2464918 0.0990560 0.1187273 0.0763391 0.2520476 0.0512236 0.0742530 0.1058777 0.0949097 0.2427809 0.2423229 0.0800059 0.2433691 0.2504191 0.2415910 0.2488343 0.2487424 0.0859902 0.0827166 0.2324608 0.2587011 0.2426672 0.0863927 0.1691107 0.0785192 0.0436898 0.1288933 0.0789406 
Amauria_carterae_99_mesa                   0.2444766 0.0000000 0.2420176 0.2344678 0.1416679 0.2562307 0.3400006 0.2424289 0.2301520 0.2435779 0.1841504 0.2269760 0.2394194 0.2344274 0.2417240 0.2267201 0.2544404 0.2385818 0.2178301 0.2271292 0.2412951 0.2430514 0.2349919 0.2374376 0.2342296 0.2397164 0.2380218 0.2340578 0.2294319 0.0459292 0.1823599 0.2354576 0.2340271 0.2194294 0.2484672 0.2389017 0.2315338 0.3255461 0.2401778 0.2347243 0.2268558 0.2430911 0.2303020 0.2386126 0.3387777 0.2311096 0.2306073 0.2345146 0.2347820 0.2351509 0.2267201 0.2304442 0.2397283 0.2271292 0.2539453 0.2389969 0.2437562 0.2305499 0.2412951 0.2429170 0.1255294 0.2417511 0.2462642 0.2462783 0.2540580 0.2440700 0.2494747 0.2574515 0.2437830 0.2237676 0.2349919 0.2294319 0.2308116 0.2315601 0.2264893 0.2410120 0.2494503 0.2252977 0.2267765 0.2421660 0.1398264 0.2412951 0.2397448 0.3403602 0.2529530 
Amauria_rotundifolia_SRR9119150            0.0553529 0.2420176 0.0000000 0.1986088 0.1351075 0.1196268 0.2096608 0.2289710 0.2498906 0.2430975 0.0717651 0.2584139 0.2595869 0.2865083 0.2489427 0.2612308 0.4029422 0.2023466 0.1109190 0.2076157 0.0766235 0.4131129 0.2616250 0.2647590 0.2582387 0.1004427 0.2628952 0.2627604 0.2201918 0.1842379 0.2406344 0.2572880 0.2197829 0.2507328 0.0726621 0.3124115 0.2404123 0.2031431 0.2698505 0.2572367 0.1112452 0.1499178 0.2150272 0.2526484 0.2075619 0.2558952 0.2582387 0.2622640 0.0829003 0.2125173 0.2651968 0.2352530 0.0832627 0.2614743 0.1123437 0.0863881 0.0679659 0.2195255 0.0842362 0.1303706 0.0955897 0.2453636 0.0055168 0.0832109 0.0977453 0.0799983 0.2333777 0.2494876 0.2180688 0.2090681 0.2635446 0.2208225 0.2605718 0.2150200 0.1072883 0.0931211 0.2059804 0.2630630 0.2571702 0.0795361 0.1988642 0.0841805 0.1506996 0.1402216 0.0942491 
Eutetras_palmeri_63                        0.2328372 0.2344678 0.1986088 0.0000000 0.0894923 0.1770587 0.2096689 0.1944582 0.0955848 0.1099233 0.2098175 0.0854153 0.0899062 0.1420754 0.0820390 0.0898052 0.2494889 0.0939999 0.2354584 0.0919277 0.2067412 0.4063071 0.0913035 0.0914798 0.0855092 0.2476259 0.0920269 0.0966615 0.0823972 0.0843836 0.0865878 0.0846053 0.0995053 0.0870422 0.1667803 0.1678522 0.1045381 0.2204133 0.0908932 0.0883750 0.2351090 0.1650061 0.0837218 0.1134786 0.2557262 0.0832839 0.0839071 0.0867303 0.2336043 0.0866900 0.0940887 0.0784352 0.2422674 0.0897616 0.1995390 0.1968494 0.1701290 0.0837641 0.2561923 0.2380712 0.1743855 0.1124234 0.1979178 0.2094705 0.2254282 0.2400860 0.0815676 0.0828230 0.3137058 0.0852222 0.0926974 0.1041444 0.0911510 0.0844106 0.1959229 0.2131169 0.0821035 0.0985751 0.0854037 0.2181563 0.0775014 0.2217692 0.3031548 0.1993241 0.1829836 
Eutetras_pringlei_149_quer                 0.1320459 0.1416679 0.1351075 0.0894923 0.0000000 0.1314037 0.1977463 0.2162391 0.1282366 0.1184839 0.1137712 0.1156746 0.1291077 0.1287637 0.1290372 0.1187208 0.1279817 0.1354277 0.1148893 0.1255809 0.1389128 0.0951012 0.1255690 0.1290656 0.1189664 0.1352718 0.1190360 0.1316170 0.1280704 0.1388338 0.1395042 0.1306200 0.1317485 0.1187208 0.1259709 0.1164819 0.1161967 0.1116636 0.1324766 0.1221953 0.1286355 0.1230439 0.1256746 0.1164567 0.1183285 0.1290339 0.1189664 0.1222725 0.1307553 0.1256152 0.1221668 0.1219197 0.1255358 0.1254336 0.1394422 0.1369093 0.1278057 0.1221724 0.1353085 0.1399453 0.1130809 0.1426577 0.1305445 0.1389713 0.1486342 0.1288409 0.1411256 0.1388784 0.1345096 0.1189664 0.1255690 0.1280704 0.1189664 0.1189664 0.1248573 0.1451735 0.1411256 0.1337111 0.1220193 0.1355130 0.0849292 0.1353085 0.1233547 0.1315968 0.1405222 
Eutrochium_fistulosum_SRR9119106           0.1073393 0.2562307 0.1196268 0.1770587 0.1314037 0.0000000 0.1708542 0.1781262 0.1998365 0.1846662 0.1119073 0.1942368 0.1903735 0.2718946 0.1991225 0.2017584 0.3639601 0.2030561 0.1018945 0.1957860 0.1228417 0.4616423 0.2019652 0.2044391 0.1981661 0.1024678 0.2115661 0.2036371 0.2009084 0.1749162 0.1681081 0.1860784 0.1913848 0.1933113 0.1196885 0.2341136 0.1952318 0.1399532 0.2067488 0.1971374 0.1040818 0.1716547 0.1985630 0.1943597 0.1465739 0.1927596 0.1960472 0.1983494 0.1106784 0.1904156 0.1971889 0.1923732 0.1136947 0.2018037 0.1195923 0.1077958 0.1124620 0.1981952 0.1297245 0.1385493 0.1062901 0.2198000 0.1163767 0.1233128 0.1199688 0.1113255 0.2038272 0.1960866 0.2182224 0.1966832 0.2019652 0.1912191 0.2030464 0.1957577 0.1042608 0.1226833 0.2049059 0.1997827 0.1969205 0.1206784 0.1596476 0.1250961 0.1818124 0.1222172 0.1222162 
Galeana_pratensis_104_mex                  0.1899663 0.3400006 0.2096608 0.2096689 0.1977463 0.1708542 0.0000000 0.2149544 0.2208832 0.2043619 0.1302420 0.2221326 0.2132430 0.2173846 0.2216824 0.2212029 0.2518181 0.2266689 0.1614591 0.2220262 0.1819222 0.3239817 0.2352142 0.2285421 0.2254602 0.1757503 0.2232936 0.2214058 0.2208832 0.1581772 0.1996014 0.2035862 0.2254580 0.2167290 0.1589515 0.2208005 0.2132675 0.1688561 0.2234117 0.2259841 0.1663348 0.2132876 0.2262235 0.2211121 0.1648664 0.2173245 0.2214831 0.2257602 0.1661907 0.2175681 0.2258118 0.2172280 0.1717182 0.2260193 0.1723718 0.1576537 0.1662659 0.2255226 0.1767660 0.1803739 0.1182684 0.2175650 0.2105173 0.1685997 0.1726523 0.1764459 0.2352873 0.2301447 0.1479223 0.2175046 0.2352142 0.2208832 0.2344665 0.2225408 0.1624546 0.1616526 0.2384622 0.2295412 0.2172881 0.1769890 0.2202689 0.1767660 0.1904006 0.1557140 0.1449380 
Helianthus_annuus_SRR9119062               0.2141719 0.2424289 0.2289710 0.1944582 0.2162391 0.1781262 0.2149544 0.0000000 0.1905844 0.1965926 0.2291731 0.1925795 0.1944090 0.2170925 0.1907171 0.1985694 0.3496076 0.2038962 0.2139067 0.1985141 0.2451913 0.4502751 0.1988882 0.2046058 0.1911604 0.2312752 0.2004867 0.1962676 0.2013091 0.2259232 0.1922425 0.1998643 0.1933250 0.1990464 0.1884781 0.1916870 0.1905073 0.2277464 0.2012190 0.1964000 0.2117017 0.2130674 0.1925640 0.1933938 0.2349183 0.1922324 0.1945827 0.1987859 0.2374411 0.1986497 0.1941166 0.1938735 0.2470810 0.1983887 0.2440135 0.2251757 0.2040646 0.1946379 0.2450318 0.2393188 0.2331126 0.2046975 0.1959703 0.2454305 0.2363650 0.2448864 0.2242286 0.2293125 0.2428858 0.1903616 0.1988882 0.1994491 0.1969337 0.1950563 0.2093247 0.2409609 0.2173119 0.2030435 0.1940028 0.2582536 0.1781422 0.2450318 0.2316341 0.2315961 0.1972302 
Lycapsus_tenuifolius_17                    0.2126740 0.2301520 0.2498906 0.0955848 0.1282366 0.1998365 0.2208832 0.1905844 0.0000000 0.1022538 0.2432895 0.1007363 0.1105874 0.1354920 0.1015909 0.1041847 0.2718114 0.1099246 0.2475339 0.0905357 0.2341573 0.3816723 0.1104637 0.1057976 0.1040560 0.2588030 0.1034506 0.1161208 0.0067680 0.0192913 0.1199026 0.1114074 0.0015714 0.1077493 0.1967379 0.1725492 0.1129953 0.2347321 0.1094017 0.1072781 0.2500288 0.1727604 0.0908973 0.1202602 0.2464535 0.1044259 0.1022842 0.1068320 0.2395157 0.0934840 0.1104055 0.1070090 0.2594231 0.1103183 0.2286996 0.2104036 0.2001423 0.0869343 0.2588339 0.2776440 0.1973168 0.1233191 0.2215165 0.2219150 0.2531507 0.2550761 0.1293643 0.1327064 0.3547313 0.0880503 0.1119648 0.0061855 0.1115688 0.0894083 0.2247098 0.2295969 0.1146162 0.1110332 0.1026266 0.2533840 0.0852830 0.2568535 0.3047791 0.2097126 0.2082017 
Pericome_caudata_50_silver                 0.2580472 0.2435779 0.2430975 0.1099233 0.1184839 0.1846662 0.2043619 0.1965926 0.1022538 0.0000000 0.2430024 0.1215929 0.1261386 0.1909444 0.0955222 0.1217069 0.2694873 0.0968616 0.3005460 0.1342392 0.2170044 0.4157226 0.1260113 0.1262465 0.1202936 0.3145658 0.1265031 0.1352592 0.0763782 0.0806190 0.1306608 0.1180220 0.1021208 0.1223665 0.1742881 0.2101902 0.1450491 0.2375355 0.0957067 0.1231129 0.3003677 0.2250957 0.1231521 0.1422113 0.2925946 0.1209970 0.1186526 0.1227773 0.2898952 0.1250357 0.1272940 0.1248727 0.2906049 0.1258624 0.2104371 0.2002677 0.1796270 0.1198924 0.3116409 0.2610528 0.1856997 0.1322482 0.2001547 0.2124563 0.2368321 0.2983457 0.1286185 0.1173145 0.3702520 0.1231034 0.1273653 0.1083847 0.1257585 0.1226713 0.2102366 0.2132364 0.1220658 0.1261495 0.1188774 0.2565937 0.0883185 0.2564730 0.3551380 0.1968623 0.1846472 
Perityle_aglossa_84_dead_horse             0.0694160 0.1841504 0.0717651 0.2098175 0.1137712 0.1119073 0.1302420 0.2291731 0.2432895 0.2430024 0.0000000 0.2428824 0.2418444 0.2770560 0.2408149 0.2456691 0.4282084 0.2145320 0.0910004 0.1981691 0.0114017 0.3924226 0.2460430 0.2471786 0.2427145 0.0686506 0.2507429 0.2495459 0.2163596 0.1904042 0.2304526 0.2452923 0.2162521 0.2328565 0.0401430 0.3145902 0.2344258 0.1836454 0.2578261 0.2416570 0.0944442 0.1349534 0.2110790 0.2487822 0.1859363 0.2381606 0.2427145 0.2487737 0.0407580 0.2019006 0.2496518 0.2256254 0.0535317 0.2458683 0.0610867 0.0475804 0.0408341 0.2094434 0.0205476 0.0960460 0.0542791 0.2316179 0.0729277 0.0040618 0.0589526 0.0535636 0.2370656 0.2587401 0.1956061 0.2044708 0.2479756 0.2150980 0.2408006 0.2085421 0.0837289 0.0159811 0.2072667 0.2534463 0.2395544 0.0265336 0.1692736 0.0190544 0.1612245 0.1058601 0.0473582 
Perityle_ajoensis_204                      0.2416700 0.2269760 0.2584139 0.0854153 0.1156746 0.1942368 0.2221326 0.1925795 0.1007363 0.1215929 0.2428824 0.0000000 0.0155106 0.0722312 0.0333967 0.0154884 0.2958699 0.0383125 0.2813165 0.0154491 0.2119878 0.3746461 0.0154968 0.0094795 0.0082776 0.2934075 0.0413464 0.0312016 0.0800404 0.0959342 0.1065101 0.1025157 0.0919363 0.0132821 0.1800965 0.1394098 0.0378088 0.2394307 0.0441386 0.0130812 0.2884482 0.1583345 0.0092455 0.0643509 0.2747514 0.0131568 0.0070753 0.0106358 0.2724760 0.0128563 0.0178963 0.0215970 0.2756848 0.0154799 0.2125896 0.2093969 0.1779277 0.0075464 0.2878836 0.2690878 0.1832284 0.0457070 0.2124748 0.2130229 0.2399312 0.2820059 0.1211282 0.1203683 0.3861698 0.0132840 0.0166968 0.1001936 0.0154360 0.0066417 0.2078047 0.2169613 0.1273040 0.0430363 0.0118708 0.2587949 0.0411846 0.2585765 0.3395911 0.2008022 0.1881777 
Perityle_ambrosiifolia_67_green            0.2455513 0.2394194 0.2595869 0.0899062 0.1291077 0.1903735 0.2132430 0.1944090 0.1105874 0.1261386 0.2418444 0.0155106 0.0000000 0.0765128 0.0360141 0.0166843 0.2988306 0.0413603 0.2822991 0.0168625 0.2108922 0.3713436 0.0070892 0.0192033 0.0143157 0.2971475 0.0438788 0.0324106 0.0843153 0.1089399 0.1096487 0.1098161 0.0959343 0.0144934 0.1817348 0.1390123 0.0377658 0.2394019 0.0467988 0.0047149 0.2894650 0.1585155 0.0146506 0.0655455 0.2745495 0.0143566 0.0130858 0.0166910 0.2754442 0.0025434 0.0166654 0.0228030 0.2751309 0.0166751 0.2194557 0.2163548 0.1819643 0.0139593 0.2873416 0.2685451 0.1911480 0.0469742 0.2149014 0.2168684 0.2429534 0.2834730 0.1274235 0.1237210 0.3830034 0.0132695 0.0082746 0.1041906 0.0215613 0.0134153 0.2086535 0.2212690 0.1292769 0.0444146 0.0130624 0.2582884 0.0520491 0.2580696 0.3426259 0.2018776 0.1930005 
Perityle_angustifolia_13_Eagle_creek       0.2581539 0.2344274 0.2865083 0.1420754 0.1287637 0.2718946 0.2173846 0.2170925 0.1354920 0.1909444 0.2770560 0.0722312 0.0765128 0.0000000 0.0983590 0.0749759 0.2633881 0.0977884 0.2987184 0.0314514 0.2847045 0.4284721 0.0779532 0.0755187 0.0737887 0.3199580 0.1021316 0.0893297 0.0822364 0.0989663 0.1668512 0.1622525 0.0962076 0.0718858 0.1865047 0.1383178 0.0707491 0.2537717 0.1050926 0.0749557 0.3092375 0.1711742 0.0698688 0.1282770 0.2919069 0.0680196 0.0721582 0.0736306 0.3071840 0.0764436 0.0793936 0.0748135 0.2981848 0.0690754 0.2166371 0.2109073 0.1850776 0.0735877 0.3165035 0.3095445 0.1829971 0.1073748 0.2186760 0.2119146 0.3067412 0.3078767 0.1823844 0.1801485 0.3162796 0.0682292 0.0779532 0.1083047 0.0810084 0.0660216 0.2720566 0.2157525 0.1853810 0.1112966 0.0705126 0.2854244 0.0518799 0.2869713 0.3180319 0.2021219 0.1931555 
Perityle_batopilensis_97                   0.2272587 0.2417240 0.2489427 0.0820390 0.1290372 0.1991225 0.2216824 0.1907171 0.1015909 0.0955222 0.2408149 0.0333967 0.0360141 0.0983590 0.0000000 0.0346201 0.2875510 0.0498558 0.2477036 0.0362917 0.2146599 0.3760556 0.0359791 0.0374893 0.0321078 0.2664757 0.0240194 0.0436874 0.0771687 0.1026835 0.1070548 0.0993598 0.0849466 0.0325569 0.1870156 0.1379076 0.0607099 0.2264367 0.0177924 0.0333223 0.2529634 0.1568711 0.0342881 0.0649734 0.2443479 0.0322013 0.0307301 0.0346530 0.2444037 0.0330129 0.0385776 0.0398378 0.2691028 0.0346284 0.2233926 0.2189350 0.1884744 0.0311687 0.2631715 0.2649273 0.2024742 0.0577046 0.2179253 0.2197161 0.2402021 0.2546824 0.1168323 0.1194808 0.3742100 0.0341913 0.0372835 0.0934540 0.0386456 0.0331150 0.2076470 0.2244492 0.1177888 0.0411645 0.0306867 0.2547849 0.0522233 0.2545149 0.3174072 0.2073636 0.1985400 
Perityle_bisetosa_9                        0.2477922 0.2267201 0.2612308 0.0898052 0.1187208 0.2017584 0.2212029 0.1985694 0.1041847 0.1217069 0.2456691 0.0154884 0.0166843 0.0749759 0.0346201 0.0000000 0.2967122 0.0397856 0.2841362 0.0154276 0.2149432 0.3675211 0.0166694 0.0191757 0.0142952 0.3005364 0.0438139 0.0311348 0.0745618 0.0956975 0.1109076 0.1096390 0.0888034 0.0120351 0.1844136 0.1391754 0.0338664 0.2390391 0.0453557 0.0142538 0.2913256 0.1615100 0.0159905 0.0642526 0.2763529 0.0119219 0.0130672 0.0166671 0.2765672 0.0154266 0.0202707 0.0227702 0.2741531 0.0142430 0.2164033 0.2132572 0.1815388 0.0152283 0.2945565 0.2722333 0.1827014 0.0482434 0.2145962 0.2166490 0.2447393 0.2868569 0.1257118 0.1233858 0.3885051 0.0092504 0.0178686 0.0988732 0.0215303 0.0147642 0.2125697 0.2210203 0.1291065 0.0456693 0.0130438 0.2615442 0.0411846 0.2613222 0.3432788 0.2018725 0.1958143 
Perityle_californica_76_positas            0.3374567 0.2544404 0.4029422 0.2494889 0.1279817 0.3639601 0.2518181 0.3496076 0.2718114 0.2694873 0.4282084 0.2958699 0.2988306 0.2633881 0.2875510 0.2967122 0.0000000 0.2521004 0.4140606 0.2206074 0.3753805 0.1705291 0.3007934 0.2992141 0.2941706 0.4393284 0.2849049 0.3013720 0.1314064 0.0957771 0.3002342 0.2800014 0.1843165 0.2989334 0.3087407 0.3394340 0.2810841 0.3899416 0.2902652 0.2986389 0.4156605 0.3291622 0.2315524 0.3126656 0.4048582 0.2991533 0.2915292 0.2970873 0.4266988 0.2461377 0.3044422 0.2863825 0.4305478 0.2988355 0.2680712 0.2559489 0.2948423 0.2461232 0.4319187 0.4341621 0.1804282 0.2961312 0.1919710 0.3078530 0.4127044 0.4275723 0.2841799 0.2947383 0.5042515 0.2317639 0.3008603 0.1959055 0.3012105 0.2262164 0.3663036 0.2325715 0.2426247 0.3050613 0.2853501 0.4221329 0.1080083 0.4271487 0.4861738 0.2135172 0.2991119 
Perityle_canescens_77                      0.2102272 0.2385818 0.2023466 0.0939999 0.1354277 0.2030561 0.2266689 0.2038962 0.1099246 0.0968616 0.2145320 0.0383125 0.0413603 0.0977884 0.0498558 0.0397856 0.2521004 0.0000000 0.1979273 0.0405784 0.2205647 0.3783789 0.0428662 0.0446266 0.0399087 0.2243762 0.0531036 0.0457583 0.1042062 0.1285231 0.1088190 0.1130162 0.0983972 0.0405766 0.1819752 0.0847927 0.0368717 0.2071318 0.0607247 0.0397905 0.2027069 0.1294257 0.0413368 0.0715924 0.2153873 0.0398003 0.0382966 0.0397982 0.2076404 0.0413211 0.0443602 0.0397107 0.2159737 0.0397969 0.2260009 0.2136739 0.1866971 0.0397933 0.2226480 0.2298928 0.2102787 0.0645929 0.2145598 0.2197276 0.2261217 0.2134002 0.1299053 0.1352048 0.2924975 0.0398384 0.0428662 0.1070399 0.0458983 0.0400591 0.2042843 0.2214685 0.1349907 0.0641910 0.0367258 0.2250649 0.0559425 0.2226480 0.2592869 0.2023710 0.1932683 
Perityle_castillonii_96                    0.1062312 0.2178301 0.1109190 0.2354584 0.1148893 0.1018945 0.1614591 0.2139067 0.2475339 0.3005460 0.0910004 0.2813165 0.2822991 0.2987184 0.2477036 0.2841362 0.4140606 0.1979273 0.0000000 0.2279877 0.0796541 0.4050530 0.2841861 0.2891431 0.2811439 0.1253924 0.2805674 0.2834409 0.2064936 0.1779032 0.2737098 0.2750734 0.2179073 0.2782119 0.0561613 0.3134781 0.2629872 0.1677927 0.2629619 0.2801002 0.0129279 0.1955411 0.2416340 0.2708295 0.1739383 0.2730075 0.2811439 0.2867369 0.0851679 0.2355870 0.2820359 0.2654966 0.1263605 0.2731872 0.0788738 0.0462695 0.0552246 0.2474275 0.1033134 0.1235840 0.0777811 0.2636560 0.1027632 0.0698085 0.1045018 0.0957095 0.2532765 0.2698493 0.1934783 0.2339223 0.2859543 0.2232165 0.2873987 0.2416645 0.0181194 0.0706889 0.2159649 0.2943427 0.2781502 0.0929437 0.1831749 0.0961268 0.1911252 0.1232624 0.0507732 
Perityle_cernua_84                         0.2388653 0.2271292 0.2076157 0.0919277 0.1255809 0.1957860 0.2220262 0.1985141 0.0905357 0.1342392 0.1981691 0.0154491 0.0168625 0.0314514 0.0362917 0.0154276 0.2206074 0.0405784 0.2279877 0.0000000 0.2054548 0.3559583 0.0182794 0.0212422 0.0169016 0.2507120 0.0431435 0.0268223 0.0804383 0.0992257 0.1098925 0.1116069 0.0924065 0.0142560 0.1789940 0.0655528 0.0112110 0.1949501 0.0448791 0.0154234 0.2378256 0.1163018 0.0182888 0.0671800 0.2348080 0.0098198 0.0154418 0.0182764 0.2302368 0.0168475 0.0211177 0.0153941 0.2267203 0.0069675 0.2141115 0.2083435 0.1766150 0.0168551 0.2428526 0.2334930 0.1831963 0.0463937 0.2152397 0.2097269 0.2245883 0.2379488 0.1305924 0.1314377 0.2401258 0.0140190 0.0182794 0.1006982 0.0240186 0.0168908 0.1958946 0.2133232 0.1341591 0.0497771 0.0139869 0.2101894 0.0519764 0.2076571 0.2496048 0.1996805 0.1901189 
Perityle_cfvillosa_25_tin                  0.0785595 0.2412951 0.0766235 0.2067412 0.1389128 0.1228417 0.1819222 0.2451913 0.2341573 0.2170044 0.0114017 0.2119878 0.2108922 0.2847045 0.2146599 0.2149432 0.3753805 0.2205647 0.0796541 0.2054548 0.0000000 0.3972630 0.2174493 0.2206176 0.2140011 0.0558449 0.2221434 0.2209200 0.2308545 0.1899512 0.1869940 0.2203892 0.2320562 0.2052574 0.0538515 0.2613149 0.2073952 0.1413890 0.2230425 0.2130106 0.0814643 0.1493682 0.2193264 0.2222023 0.1492451 0.2089977 0.2140011 0.2201756 0.0466010 0.2109342 0.2192226 0.2063874 0.0585805 0.2130154 0.0745939 0.0573472 0.0532683 0.2140584 0.0077072 0.0807904 0.0542972 0.2288908 0.0910303 0.0114486 0.0704467 0.0552650 0.2302803 0.2326982 0.1425038 0.2111468 0.2174493 0.2305838 0.2120388 0.2169660 0.0812556 0.0105509 0.2259941 0.2199519 0.2084479 0.0186246 0.1998178 0.0046127 0.1163164 0.1156833 0.0661416 
Perityle_cinerea_113_Powell1310            0.3878431 0.2430514 0.4131129 0.4063071 0.0951012 0.4616423 0.3239817 0.4502751 0.3816723 0.4157226 0.3924226 0.3746461 0.3713436 0.4284721 0.3760556 0.3675211 0.1705291 0.3783789 0.4050530 0.3559583 0.3972630 0.0000000 0.3777488 0.3919380 0.3705940 0.4034249 0.3750314 0.3794410 0.2454180 0.0380061 0.3951125 0.3993752 0.3264137 0.3603913 0.3786331 0.3951286 0.3645601 0.4149208 0.3825388 0.3741704 0.4096059 0.3774780 0.3780996 0.3630223 0.4346553 0.3702115 0.3740850 0.3806706 0.4008545 0.3676138 0.3675203 0.3798859 0.4271601 0.3645412 0.2874660 0.2782036 0.3624837 0.3742231 0.3978285 0.4310598 0.1204740 0.3828456 0.2189073 0.3385998 0.4085943 0.4265615 0.4291311 0.4074233 0.4488545 0.3669553 0.3777488 0.3474069 0.3783454 0.3644060 0.4055979 0.2142664 0.4367790 0.3851009 0.3670291 0.4090173 0.1052647 0.3978285 0.4544812 0.2604139 0.3476302 
Perityle_coahuilensis_24                   0.2504191 0.2349919 0.2616250 0.0913035 0.1255690 0.2019652 0.2352142 0.1988882 0.1104637 0.1260113 0.2460430 0.0154968 0.0070892 0.0779532 0.0359791 0.0166694 0.3007934 0.0428662 0.2841861 0.0182794 0.2174493 0.3777488 0.0000000 0.0191861 0.0143029 0.2990779 0.0438383 0.0323813 0.0862192 0.1088585 0.1081786 0.1111149 0.0976610 0.0144803 0.1877800 0.1405063 0.0390274 0.2449764 0.0467527 0.0047107 0.2913773 0.1583491 0.0159922 0.0654836 0.2799658 0.0143438 0.0130742 0.0166761 0.2751733 0.0063774 0.0166505 0.0227825 0.2770801 0.0166602 0.2251537 0.2221436 0.1875451 0.0152371 0.2912836 0.2706105 0.1993916 0.0482715 0.2185966 0.2249611 0.2449596 0.2853899 0.1272881 0.1235894 0.3887700 0.0146053 0.0011739 0.1058960 0.0215420 0.0147658 0.2128926 0.2303031 0.1308688 0.0456951 0.0130508 0.2623862 0.0483843 0.2621627 0.3474003 0.2074679 0.1993926 
Perityle_cochisensis_44_cave_creek         0.2534992 0.2374376 0.2647590 0.0914798 0.1290656 0.2044391 0.2285421 0.2046058 0.1057976 0.1262465 0.2471786 0.0094795 0.0192033 0.0755187 0.0374893 0.0191757 0.2992141 0.0446266 0.2891431 0.0212422 0.2206176 0.3919380 0.0191861 0.0000000 0.0118946 0.3036153 0.0440136 0.0350101 0.0863365 0.1058503 0.1097664 0.1094835 0.0977196 0.0170059 0.1917539 0.1444100 0.0431708 0.2479753 0.0483451 0.0167473 0.2963870 0.1633872 0.0146422 0.0684861 0.2831915 0.0168446 0.0106752 0.0142656 0.2803112 0.0181358 0.0216031 0.0253471 0.2837696 0.0191651 0.2264106 0.2207266 0.1915443 0.0126709 0.2938756 0.2798579 0.1957555 0.0511690 0.2236984 0.2235860 0.2503142 0.2899417 0.1275383 0.1237003 0.3965195 0.0187440 0.0203950 0.1059587 0.0166852 0.0134075 0.2181938 0.2287385 0.1329205 0.0470126 0.0131196 0.2650074 0.0554833 0.2647818 0.3505868 0.2126163 0.2004303 
Perityle_congesta_202                      0.2464218 0.2342296 0.2582387 0.0855092 0.1189664 0.1981661 0.2254602 0.1911604 0.1040560 0.1202936 0.2427145 0.0082776 0.0143157 0.0737887 0.0321078 0.0142952 0.2941706 0.0399087 0.2811439 0.0169016 0.2140011 0.3705940 0.0143029 0.0118946 0.0000000 0.2954281 0.0388343 0.0299977 0.0801838 0.0997405 0.1051784 0.1054429 0.0938933 0.0120731 0.1860132 0.1366412 0.0378482 0.2392035 0.0428343 0.0118905 0.2882701 0.1555956 0.0039508 0.0618412 0.2745060 0.0119592 0.0011751 0.0047106 0.2723068 0.0128699 0.0167011 0.0203946 0.2755089 0.0142874 0.2152524 0.2121024 0.1833770 0.0025087 0.2877062 0.2710871 0.1872128 0.0443945 0.2161345 0.2182883 0.2418696 0.2818306 0.1212624 0.1161212 0.3885872 0.0132986 0.0155022 0.1021477 0.0070900 0.0026527 0.2097569 0.2197797 0.1274608 0.0405547 0.0106823 0.2586237 0.0447165 0.2584057 0.3437863 0.2009999 0.1881221 
Perityle_cordifolia_27                     0.0931315 0.2397164 0.1004427 0.2476259 0.1352718 0.1024678 0.1757503 0.2312752 0.2588030 0.3145658 0.0686506 0.2934075 0.2971475 0.3199580 0.2664757 0.3005364 0.4393284 0.2243762 0.1253924 0.2507120 0.0558449 0.4034249 0.2990779 0.3036153 0.2954281 0.0000000 0.3050440 0.3056565 0.2273360 0.1905157 0.2712248 0.2991821 0.2481167 0.2891569 0.0583698 0.3468367 0.2820915 0.1881009 0.2832282 0.2948835 0.1229178 0.2065383 0.2615890 0.3014252 0.1838953 0.2891131 0.2954281 0.3011364 0.0849401 0.2573122 0.3006017 0.2817868 0.0877044 0.2984220 0.0764865 0.0548524 0.0441904 0.2612042 0.0871509 0.1053551 0.0747529 0.2737129 0.0722300 0.0572450 0.0736616 0.0524778 0.2634646 0.2832103 0.1929521 0.2537212 0.3008810 0.2480669 0.2998338 0.2596232 0.0890179 0.0613828 0.2301582 0.3060624 0.2961187 0.0806667 0.2051761 0.0821112 0.1684152 0.1101313 0.0580372 
Perityle_cordifolia_68_tecolote            0.2549423 0.2380218 0.2628952 0.0920269 0.1190360 0.2115661 0.2232936 0.2004867 0.1034506 0.1265031 0.2507429 0.0413464 0.0438788 0.1021316 0.0240194 0.0438139 0.2849049 0.0531036 0.2805674 0.0431435 0.2221434 0.3750314 0.0438383 0.0440136 0.0388343 0.3050440 0.0000000 0.0499085 0.0775347 0.0934398 0.1157716 0.1103481 0.0914853 0.0406782 0.1856617 0.1407927 0.0629603 0.2411591 0.0357682 0.0413007 0.2859024 0.1636104 0.0379655 0.0702101 0.2746758 0.0402761 0.0375130 0.0412352 0.2742218 0.0393803 0.0438348 0.0452280 0.2908439 0.0413036 0.2170082 0.2095874 0.1877361 0.0361222 0.2913953 0.2663539 0.1946313 0.0590219 0.2161944 0.2238527 0.2414815 0.2857043 0.1206041 0.1213696 0.3820696 0.0393444 0.0450783 0.0997097 0.0463098 0.0368797 0.2109066 0.2258965 0.1233363 0.0490708 0.0400162 0.2624695 0.0481699 0.2661971 0.3551080 0.2082454 0.1936453 
Perityle_coronopifolia_28_patagonia        0.2426103 0.2340578 0.2627604 0.0966615 0.1316170 0.2036371 0.2214058 0.1962676 0.1161208 0.1352592 0.2495459 0.0312016 0.0324106 0.0893297 0.0436874 0.0311348 0.3013720 0.0457583 0.2834409 0.0268223 0.2209200 0.3794410 0.0323813 0.0350101 0.0299977 0.3056565 0.0499085 0.0000000 0.0897672 0.1114394 0.1190582 0.1176228 0.1025606 0.0303719 0.1925751 0.1473494 0.0532405 0.2476440 0.0572242 0.0299101 0.2906037 0.1643145 0.0294966 0.0717544 0.2842894 0.0300837 0.0287163 0.0323769 0.2764450 0.0271426 0.0347969 0.0373979 0.2780195 0.0323458 0.2240069 0.2183290 0.1890117 0.0280823 0.2959270 0.2779476 0.1941430 0.0533048 0.2214245 0.2213848 0.2464160 0.2882425 0.1269084 0.1245998 0.3927311 0.0280509 0.0335969 0.1107141 0.0373510 0.0269846 0.2161179 0.2262906 0.1320783 0.0569391 0.0286645 0.2652983 0.0306964 0.2650723 0.3483332 0.2068981 0.2015180 
Perityle_crassifolia_70_ventanas           0.2100922 0.2294319 0.2201918 0.0823972 0.1280704 0.2009084 0.2208832 0.2013091 0.0067680 0.0763782 0.2163596 0.0800404 0.0843153 0.0822364 0.0771687 0.0745618 0.1314064 0.1042062 0.2064936 0.0804383 0.2308545 0.2454180 0.0862192 0.0863365 0.0801838 0.2273360 0.0775347 0.0897672 0.0000000 0.0082197 0.0991929 0.0871593 0.0084757 0.0839867 0.2029551 0.0929085 0.0748186 0.2037660 0.0811553 0.0822426 0.2095567 0.1275315 0.0818849 0.0947147 0.2132975 0.0823402 0.0780246 0.0799360 0.2124526 0.0823224 0.0842224 0.0801648 0.2277970 0.0841996 0.2305399 0.2116640 0.2040496 0.0780131 0.2279385 0.2347930 0.1970150 0.1020247 0.2212646 0.2234356 0.2269122 0.2250673 0.1047250 0.1137653 0.2036643 0.0765306 0.0862192 0.0000010 0.0876587 0.0801202 0.2090099 0.2293506 0.1063639 0.0926438 0.0763992 0.2285500 0.0851829 0.2279385 0.2123163 0.2121240 0.2041603 
Perityle_crassifolia_74_playa_balandra     0.1747587 0.0459292 0.1842379 0.0843836 0.1388338 0.1749162 0.1581772 0.2259232 0.0192913 0.0806190 0.1904042 0.0959342 0.1089399 0.0989663 0.1026835 0.0956975 0.0957771 0.1285231 0.1779032 0.0992257 0.1899512 0.0380061 0.1088585 0.1058503 0.0997405 0.1905157 0.0934398 0.1114394 0.0082197 0.0000000 0.1078625 0.0771916 0.0221138 0.0989663 0.1323739 0.1228360 0.0961213 0.1792103 0.1090532 0.1055719 0.1862336 0.1195384 0.1056361 0.1194026 0.1902521 0.1022174 0.0991320 0.1023430 0.1721281 0.1055719 0.1055735 0.0988089 0.1857384 0.0989663 0.1982483 0.1570850 0.1418651 0.0991320 0.1859135 0.2012406 0.2014226 0.1289526 0.1700227 0.1761334 0.1923443 0.1816381 0.1054321 0.1226640 0.1663008 0.0988870 0.1088585 0.0082197 0.0991320 0.0991320 0.1850391 0.1759964 0.1021510 0.1182550 0.0956975 0.1823555 0.0554774 0.1859135 0.1782680 0.1840990 0.1349973 
Perityle_cuneata_34_cuneata_San_antonio    0.2175895 0.1823599 0.2406344 0.0865878 0.1395042 0.1681081 0.1996014 0.1922425 0.1199026 0.1306608 0.2304526 0.1065101 0.1096487 0.1668512 0.1070548 0.1109076 0.3002342 0.1088190 0.2737098 0.1098925 0.1869940 0.3951125 0.1081786 0.1097664 0.1051784 0.2712248 0.1157716 0.1190582 0.0991929 0.1078625 0.0000000 0.0985906 0.1136106 0.1070419 0.1452091 0.1934420 0.1224929 0.2381842 0.1134054 0.1080411 0.2733990 0.2021745 0.1016097 0.1245627 0.2633767 0.1016067 0.1035404 0.1077381 0.2617728 0.1025433 0.1137401 0.1127999 0.2745870 0.1094247 0.1864782 0.1640119 0.1507317 0.0993187 0.2747530 0.2505792 0.1609003 0.1224475 0.1686255 0.1804244 0.2193858 0.2657172 0.1146148 0.1108174 0.3621632 0.1016814 0.1095574 0.1183371 0.1135977 0.1009416 0.1895264 0.1670309 0.1083611 0.1133297 0.1051122 0.2404977 0.0961686 0.2443319 0.3304939 0.1564632 0.1551947 
Perityle_cuneata_4                         0.2429804 0.2354576 0.2572880 0.0846053 0.1306200 0.1860784 0.2035862 0.1998643 0.1114074 0.1180220 0.2452923 0.1025157 0.1098161 0.1622525 0.0993598 0.1096390 0.2800014 0.1130162 0.2750734 0.1116069 0.2203892 0.3993752 0.1111149 0.1094835 0.1054429 0.2991821 0.1103481 0.1176228 0.0871593 0.0771916 0.0985906 0.0000000 0.1039229 0.1086261 0.1798271 0.1899564 0.1252854 0.2378735 0.1068952 0.1068979 0.2803157 0.2081678 0.1033748 0.1256781 0.2675028 0.1020455 0.1038398 0.1079464 0.2704682 0.1043429 0.1138176 0.1156580 0.2827423 0.1109832 0.2101303 0.2048806 0.1818705 0.1011144 0.2953947 0.2685841 0.1806746 0.1255315 0.2064579 0.2167931 0.2465040 0.2873653 0.1121935 0.1083797 0.3678394 0.1034234 0.1124670 0.1102420 0.1122223 0.1011255 0.2055970 0.2180345 0.1073927 0.1154044 0.1040485 0.2648014 0.0922920 0.2684949 0.3314443 0.2018996 0.1906077 
Perityle_discoidea_81                      0.2365789 0.2340271 0.2197829 0.0995053 0.1317485 0.1913848 0.2254580 0.1933250 0.0015714 0.1021208 0.2162521 0.0919363 0.0959343 0.0962076 0.0849466 0.0888034 0.1843165 0.0983972 0.2179073 0.0924065 0.2320562 0.3264137 0.0976610 0.0977196 0.0938933 0.2481167 0.0914853 0.1025606 0.0084757 0.0221138 0.1136106 0.1039229 0.0000000 0.0958282 0.2012772 0.1054252 0.0890798 0.1958165 0.0846790 0.0940320 0.2214584 0.1463144 0.0954135 0.1089215 0.2272250 0.0893537 0.0918872 0.0936313 0.2326552 0.0958303 0.0958396 0.0921222 0.2506879 0.0958150 0.2316107 0.2133248 0.2030179 0.0918750 0.2488170 0.2463850 0.2016671 0.1115535 0.2255213 0.2246919 0.2383333 0.2464597 0.1273326 0.1320305 0.2129251 0.0906886 0.0976610 0.0075952 0.1006774 0.0938267 0.2023221 0.2327096 0.1287883 0.0948243 0.0904073 0.2274988 0.0815168 0.2293590 0.2416367 0.2125608 0.2115262 
Perityle_dissecta_201                      0.2393527 0.2194294 0.2507328 0.0870422 0.1187208 0.1933113 0.2167290 0.1990464 0.1077493 0.1223665 0.2328565 0.0132821 0.0144934 0.0718858 0.0325569 0.0120351 0.2989334 0.0405766 0.2782119 0.0142560 0.2052574 0.3603913 0.0144803 0.0170059 0.0120731 0.2891569 0.0406782 0.0303719 0.0839867 0.0989663 0.1070419 0.1086261 0.0958282 0.0000000 0.1780469 0.1399798 0.0357086 0.2367745 0.0434397 0.0120376 0.2854365 0.1553871 0.0148871 0.0626426 0.2725490 0.0096651 0.0108349 0.0144783 0.2690464 0.0130425 0.0181268 0.0181952 0.2667130 0.0120284 0.2114233 0.2081188 0.1757723 0.0128724 0.2828220 0.2573383 0.1868429 0.0423993 0.2037604 0.2092202 0.2362653 0.2753267 0.1234521 0.1197195 0.3805636 0.0107610 0.0156946 0.1042188 0.0181639 0.0136334 0.2033162 0.2128330 0.1267401 0.0438024 0.0108152 0.2492524 0.0411846 0.2510636 0.3395641 0.1990605 0.1863429 
Perityle_emoryi_47_punta_san_jose          0.0684441 0.2484672 0.0726621 0.1667803 0.1259709 0.1196885 0.1589515 0.1884781 0.1967379 0.1742881 0.0401430 0.1800965 0.1817348 0.1865047 0.1870156 0.1844136 0.3087407 0.1819752 0.0561613 0.1789940 0.0538515 0.3786331 0.1877800 0.1917539 0.1860132 0.0583698 0.1856617 0.1925751 0.2029551 0.1323739 0.1452091 0.1798271 0.2012772 0.1780469 0.0000000 0.1756018 0.1819683 0.1115990 0.1929230 0.1816668 0.0563275 0.1246922 0.1891626 0.1841485 0.1224271 0.1819251 0.1860132 0.1888960 0.0489021 0.1817868 0.1786997 0.1757126 0.0250868 0.1764357 0.0686507 0.0489215 0.0160105 0.1887615 0.0538515 0.0608465 0.0520666 0.1789450 0.0670728 0.0605710 0.0686114 0.0135817 0.1829068 0.1853514 0.0441031 0.1820980 0.1877800 0.1965600 0.1890201 0.1889257 0.0587144 0.0604505 0.1856791 0.1940947 0.1841609 0.0515483 0.1868154 0.0538515 0.0684075 0.1154864 0.0533019 
Perityle_feddemae_99                       0.2409405 0.2389017 0.3124115 0.1678522 0.1164819 0.2341136 0.2208005 0.1916870 0.1725492 0.2101902 0.3145902 0.1394098 0.1390123 0.1383178 0.1379076 0.1391754 0.3394340 0.0847927 0.3134781 0.0655528 0.2613149 0.3951286 0.1405063 0.1444100 0.1366412 0.3468367 0.1407927 0.1473494 0.0929085 0.1228360 0.1934420 0.1899564 0.1054252 0.1399798 0.1756018 0.0000000 0.1280949 0.2950399 0.1540447 0.1374486 0.3193917 0.1627508 0.0772436 0.0968670 0.3166225 0.1384571 0.1362694 0.1406368 0.3213701 0.0965083 0.1406494 0.1363010 0.3462732 0.1390948 0.2142116 0.2041927 0.1863590 0.1071072 0.3410956 0.3091322 0.1841724 0.1405556 0.2017134 0.2156130 0.2991795 0.3419451 0.1968837 0.2045156 0.3848194 0.0770118 0.1419240 0.1100637 0.1435694 0.0732633 0.2443446 0.2198944 0.1574312 0.1313315 0.1346260 0.3241847 0.0631053 0.3260239 0.3588590 0.2083041 0.1867788 
Perityle_fosteri_93                        0.2393753 0.2315338 0.2404123 0.1045381 0.1161967 0.1952318 0.2132675 0.1905073 0.1129953 0.1450491 0.2344258 0.0378088 0.0377658 0.0707491 0.0607099 0.0338664 0.2810841 0.0368717 0.2629872 0.0112110 0.2073952 0.3645601 0.0390274 0.0431708 0.0378482 0.2820915 0.0629603 0.0532405 0.0748186 0.0961213 0.1224929 0.1252854 0.0890798 0.0357086 0.1819683 0.1280949 0.0000000 0.2423463 0.0718048 0.0364166 0.2702256 0.1503977 0.0119836 0.0848030 0.2785902 0.0353110 0.0364777 0.0403446 0.2639379 0.0167815 0.0415841 0.0350931 0.2593978 0.0377017 0.2121213 0.2088916 0.1792865 0.0243979 0.2826845 0.2704791 0.1836555 0.0666955 0.2152456 0.2125817 0.2571421 0.2706093 0.1450508 0.1436765 0.3602794 0.0052754 0.0390354 0.0974204 0.0456161 0.0107293 0.2060631 0.2165071 0.1229562 0.0693530 0.0351045 0.2458659 0.0449055 0.2477141 0.3341587 0.1976259 0.1932599 
Perityle_gamon_221                         0.1366897 0.3255461 0.2031431 0.2204133 0.1116636 0.1399532 0.1688561 0.2277464 0.2347321 0.2375355 0.1836454 0.2394307 0.2394019 0.2537717 0.2264367 0.2390391 0.3899416 0.2071318 0.1677927 0.1949501 0.1413890 0.4149208 0.2449764 0.2479753 0.2392035 0.1881009 0.2411591 0.2476440 0.2037660 0.1792103 0.2381842 0.2378735 0.1958165 0.2367745 0.1115990 0.2950399 0.2423463 0.0000000 0.2367861 0.2409509 0.1716561 0.2706149 0.2097721 0.2502284 0.0162577 0.2341874 0.2392035 0.2430551 0.1775105 0.2225012 0.2465151 0.2395476 0.1897953 0.2410900 0.1102504 0.1047886 0.1102140 0.2241029 0.1922724 0.1748372 0.0815765 0.2503302 0.1455385 0.1126753 0.1580640 0.1858472 0.2509930 0.2581942 0.2684641 0.2054268 0.2467505 0.1976554 0.2472274 0.2035184 0.1312602 0.1109238 0.2303822 0.2475828 0.2369005 0.1941214 0.1819619 0.1921253 0.2295686 0.1066920 0.1109623 
Perityle_gentryi_8_san_francisco           0.2265356 0.2401778 0.2698505 0.0908932 0.1324766 0.2067488 0.2234117 0.2012190 0.1094017 0.0957067 0.2578261 0.0441386 0.0467988 0.1050926 0.0177924 0.0453557 0.2902652 0.0607247 0.2629619 0.0448791 0.2230425 0.3825388 0.0467527 0.0483451 0.0428343 0.2832282 0.0357682 0.0572242 0.0811553 0.1090532 0.1134054 0.1068952 0.0846790 0.0434397 0.1929230 0.1540447 0.0718048 0.2367861 0.0000000 0.0440392 0.2676234 0.1667986 0.0453594 0.0733456 0.2467672 0.0429601 0.0414091 0.0453995 0.2584098 0.0436328 0.0493874 0.0536275 0.2796454 0.0453667 0.2236346 0.2217879 0.1913234 0.0415856 0.2774116 0.2689508 0.2028148 0.0725968 0.2186586 0.2247750 0.2489617 0.2689083 0.1230788 0.1257788 0.3970001 0.0452282 0.0480767 0.0916387 0.0494753 0.0442461 0.2157137 0.2274180 0.1229335 0.0506107 0.0413500 0.2731554 0.0595204 0.2730212 0.3236373 0.2109023 0.2047783 
Perityle_gilensis_22_Superstition          0.2454828 0.2347243 0.2572367 0.0883750 0.1221953 0.1971374 0.2259841 0.1964000 0.1072781 0.1231129 0.2416570 0.0130812 0.0047149 0.0749557 0.0333223 0.0142538 0.2986389 0.0397905 0.2801002 0.0154234 0.2130106 0.3741704 0.0047107 0.0167473 0.0118905 0.2948835 0.0413007 0.0299101 0.0822426 0.1055719 0.1080411 0.1068979 0.0940320 0.0120376 0.1816668 0.1374486 0.0364166 0.2409509 0.0440392 0.0000000 0.2872296 0.1552832 0.0132911 0.0628542 0.2760171 0.0119244 0.0106706 0.0142595 0.2710900 0.0038160 0.0142377 0.0203351 0.2728669 0.0142460 0.2193818 0.2162805 0.1819015 0.0126651 0.2871377 0.2661539 0.1952495 0.0456133 0.2148017 0.2194791 0.2406577 0.2812381 0.1242329 0.1205359 0.3832134 0.0119179 0.0058912 0.1022961 0.0191022 0.0120485 0.2086004 0.2241805 0.1274645 0.0431168 0.0106515 0.2580949 0.0448017 0.2578764 0.3427831 0.2018795 0.1929251 
Perityle_gilensis_salensis_225             0.1048503 0.2268558 0.1112452 0.2351090 0.1286355 0.1040818 0.1663348 0.2117017 0.2500288 0.3003677 0.0944442 0.2884482 0.2894650 0.3092375 0.2529634 0.2913256 0.4156605 0.2027069 0.0129279 0.2378256 0.0814643 0.4096059 0.2913773 0.2963870 0.2882701 0.1229178 0.2859024 0.2906037 0.2095567 0.1862336 0.2733990 0.2803157 0.2214584 0.2854365 0.0563275 0.3193917 0.2702256 0.1716561 0.2676234 0.2872296 0.0000000 0.2018938 0.2491219 0.2800353 0.1780244 0.2819025 0.2882701 0.2939373 0.0855104 0.2427227 0.2851311 0.2688119 0.1239402 0.2820405 0.0812389 0.0485291 0.0510690 0.2528111 0.1051513 0.1208351 0.0850847 0.2709148 0.1031469 0.0761506 0.1048202 0.0962032 0.2548185 0.2715196 0.1936440 0.2413078 0.2931665 0.2267341 0.2946227 0.2492084 0.0181503 0.0754062 0.2173972 0.2978779 0.2852521 0.0978888 0.1967517 0.0978086 0.1919699 0.1181583 0.0508333 
Perityle_glaucescens_94                    0.2019562 0.2430911 0.1499178 0.1650061 0.1230439 0.1716547 0.2132876 0.2130674 0.1727604 0.2250957 0.1349534 0.1583345 0.1585155 0.1711742 0.1568711 0.1615100 0.3291622 0.1294257 0.1955411 0.1163018 0.1493682 0.3774780 0.1583491 0.1633872 0.1555956 0.2065383 0.1636104 0.1643145 0.1275315 0.1195384 0.2021745 0.2081678 0.1463144 0.1553871 0.1246922 0.1627508 0.1503977 0.2706149 0.1667986 0.1552832 0.2018938 0.0000000 0.1237716 0.1101579 0.2957010 0.1551196 0.1551785 0.1595285 0.1666054 0.1240893 0.1569209 0.1529680 0.1926857 0.1585373 0.1746046 0.1606225 0.1317721 0.1309079 0.1847403 0.1868331 0.1847316 0.1483054 0.1774978 0.1601406 0.1435212 0.1871440 0.1982297 0.2118962 0.2764345 0.1207403 0.1597576 0.1503482 0.1613081 0.1216960 0.1563854 0.1771595 0.1779722 0.1591167 0.1569032 0.1465876 0.0589059 0.1534411 0.2963019 0.2173797 0.1273349 
Perityle_gracilis_11                       0.2511023 0.2303020 0.2150272 0.0837218 0.1256746 0.1985630 0.2262235 0.1925640 0.0908973 0.1231521 0.2110790 0.0092455 0.0146506 0.0698688 0.0342881 0.0159905 0.2315524 0.0413368 0.2416340 0.0182888 0.2193264 0.3780996 0.0159922 0.0146422 0.0039508 0.2615890 0.0379655 0.0294966 0.0818849 0.1056361 0.1016097 0.1033748 0.0954135 0.0148871 0.1891626 0.0772436 0.0119836 0.2097721 0.0453594 0.0132911 0.2491219 0.1237716 0.0000000 0.0650058 0.2492763 0.0147112 0.0026257 0.0052599 0.2448342 0.0146382 0.0173338 0.0132671 0.2437514 0.0159740 0.2207049 0.2176421 0.1862739 0.0039406 0.2539782 0.2453844 0.1909803 0.0452610 0.2161345 0.2234936 0.2383683 0.2515773 0.1256638 0.1235856 0.3019747 0.0146519 0.0159922 0.1036336 0.0105686 0.0039757 0.2080136 0.2255544 0.1305638 0.0454516 0.0119342 0.2238343 0.0483578 0.2214142 0.3030193 0.2057510 0.1914039 
Perityle_harkerae_31                       0.2502637 0.2386126 0.2526484 0.1134786 0.1164567 0.1943597 0.2211121 0.1933938 0.1202602 0.1422113 0.2487822 0.0643509 0.0655455 0.1282770 0.0649734 0.0642526 0.3126656 0.0715924 0.2708295 0.0671800 0.2222023 0.3630223 0.0654836 0.0684861 0.0618412 0.3014252 0.0702101 0.0717544 0.0947147 0.1194026 0.1245627 0.1256781 0.1089215 0.0626426 0.1841485 0.0968670 0.0848030 0.2502284 0.0733456 0.0628542 0.2800353 0.1101579 0.0650058 0.0000000 0.2780489 0.0632805 0.0616863 0.0655377 0.2742891 0.0611978 0.0668191 0.0735414 0.2970005 0.0642171 0.2198782 0.2095805 0.1914889 0.0604469 0.2917192 0.2644649 0.1843772 0.0835769 0.2048665 0.2183258 0.2318312 0.2878201 0.1336291 0.1257683 0.3839577 0.0633665 0.0667527 0.1135078 0.0708346 0.0641020 0.2029050 0.2229221 0.1327792 0.0632442 0.0628661 0.2582187 0.0517651 0.2642417 0.3498888 0.2190343 0.1955592 
