83
Amauria_brandeegeana_62                    0.0000000 0.2461379 0.0205869 0.2062855 0.1109525 0.1336837 0.2535213 0.3253727 0.2075765 0.0222756 0.1324909 0.1310912 0.1225771 0.1456736 0.1366414 0.1191471 0.1163456 0.1975065 0.1825257 0.1238558 0.1371046 0.1232733 0.1419071 0.1284981 0.1260689 0.1264313 0.2565060 0.1963402 0.1981645 0.1464492 0.1651676 0.1822351 0.0181661 0.1309072 0.1344027 0.1314191 0.1858219 0.1255907 0.1335504 0.1280388 0.1623492 0.1206182 0.1272604 0.1669200 0.1269629 0.1220190 0.1209458 0.1501886 0.1257987 0.1190655 0.1222397 0.1301734 0.1379112 0.1801453 0.2206880 0.2265990 0.1169280 0.1229523 0.1903884 0.2278301 0.3799048 0.2607634 0.1300699 0.1958066 0.2503055 0.1437938 0.1267698 0.1498734 0.1339621 0.1284981 0.1756374 0.1276946 0.1234287 0.1242002 0.1277973 0.2068535 0.1956271 0.1264884 0.1289077 0.2980323 0.1220387 0.1891919 0.2051089 
Amauria_carterae_99_mesa                   0.2461379 0.0000000 0.2327847 0.3422105 0.2593295 0.2288879 0.3097880 0.2581498 0.2547259 0.2461704 0.2686618 0.2658401 0.2630879 0.2999139 0.2680636 0.2692781 0.1737252 0.1798035 0.2726920 0.2646071 0.2646443 0.2697635 0.3611281 0.2681520 0.2666038 0.2630305 0.1551841 0.3051446 0.3392667 0.4858472 0.2698069 0.2946414 0.2479016 0.2824517 0.2510181 0.2624903 0.2754728 0.2671852 0.2501909 0.2719495 0.2836362 0.2613007 0.2486588 0.3007342 0.2670935 0.2612930 0.2628565 0.2714225 0.2660681 0.2507877 0.2588737 0.2707482 0.2682640 0.2421192 0.1488915 0.1315591 0.2637511 0.2648967 0.2976822 0.3413637 0.2401692 0.2185159 0.2671311 0.3030416 0.1616938 0.2634795 0.2699831 0.2617270 0.2589763 0.2681520 0.1882917 0.2681699 0.2643951 0.2643477 0.2770136 0.3054121 0.3315092 0.2729591 0.2644576 0.3908815 0.2648967 0.2022462 0.1447953 
Amauria_rotundifolia_SRR9119150            0.0205869 0.2327847 0.0000000 0.2064578 0.1104456 0.1274709 0.2549686 0.3164922 0.2087696 0.0270025 0.1339168 0.1248446 0.1191960 0.1401999 0.1324812 0.1147624 0.1117968 0.1967008 0.1760017 0.1197243 0.1316050 0.1187656 0.1140524 0.1242970 0.1209487 0.1233440 0.2620497 0.1901304 0.1910006 0.1289804 0.1601554 0.1753850 0.0230791 0.1266682 0.1291258 0.1262878 0.1743680 0.1218899 0.1305580 0.1238555 0.1546226 0.1163523 0.1243671 0.1575463 0.1201030 0.1179034 0.1168442 0.1474472 0.1216188 0.1160930 0.1179763 0.1219703 0.1332485 0.1746295 0.2245052 0.2254353 0.1128143 0.1188281 0.1792543 0.2258453 0.3774126 0.2576721 0.1238375 0.1872104 0.2504628 0.1398118 0.1232196 0.1401751 0.1286408 0.1242970 0.1697274 0.1235246 0.1192856 0.1200181 0.1245393 0.2035138 0.1917074 0.1223374 0.1224790 0.2824180 0.1179224 0.1940168 0.2033502 
Conoclinium_coelestinum_SRR9119114         0.2062855 0.3422105 0.2064578 0.0000000 0.1997177 0.2209464 0.2030970 0.3095033 0.2161763 0.2143030 0.2171751 0.2130419 0.2169971 0.2328393 0.2176522 0.2229155 0.1737381 0.1963475 0.2441280 0.2209340 0.2278532 0.2194651 0.2444735 0.2230023 0.2205415 0.2270317 0.3463783 0.2710790 0.2603472 0.2667086 0.2427323 0.2660356 0.2091474 0.2236289 0.2192311 0.2320704 0.2720300 0.2308425 0.2329284 0.2246167 0.2559250 0.2111284 0.2120503 0.2479823 0.2295033 0.2183526 0.2181710 0.2357747 0.2230236 0.2227259 0.2181795 0.2240455 0.2294405 0.2247998 0.2792797 0.2738807 0.2182782 0.2197131 0.2624712 0.3059004 0.3660102 0.3179126 0.2112732 0.2824336 0.3054366 0.2090165 0.2125762 0.1962683 0.2282388 0.2230023 0.2188469 0.2247612 0.2140759 0.2179756 0.2305965 0.2716948 0.2831601 0.2230412 0.2058256 0.3171300 0.2184682 0.2139365 0.2761563 
Eutetras_palmeri_63                        0.1109525 0.2593295 0.1104456 0.1997177 0.0000000 0.0294127 0.2689285 0.3463550 0.2466265 0.1144321 0.1017146 0.1190360 0.1196616 0.1502626 0.1260022 0.1304705 0.1059562 0.1751192 0.2009143 0.1208393 0.1328333 0.1283337 0.1596548 0.1228860 0.1238869 0.1224887 0.2739922 0.2133672 0.2075733 0.1832680 0.1537938 0.1734240 0.1162836 0.1284062 0.1322057 0.1292142 0.1810885 0.1385758 0.1230657 0.1262166 0.1647667 0.1178103 0.1310743 0.1741935 0.1293760 0.1173139 0.1199160 0.1721253 0.1240883 0.1128813 0.1196367 0.1393361 0.1318801 0.1963188 0.2413448 0.2332641 0.1202937 0.1190894 0.2241032 0.2474598 0.4228402 0.2651841 0.1205492 0.2156153 0.2481168 0.1218490 0.1100538 0.1390643 0.1311492 0.1228860 0.1770044 0.1235514 0.1192953 0.1236781 0.1175356 0.1832938 0.2023889 0.1215493 0.1158790 0.3171357 0.1182185 0.1725470 0.2036148 
Eutetras_pringlei_149_quer                 0.1336837 0.2288879 0.1274709 0.2209464 0.0294127 0.0000000 0.2117159 0.3026294 0.2790653 0.1383308 0.1145804 0.1348553 0.1398366 0.2103844 0.1440691 0.1478216 0.1334597 0.1787256 0.1880965 0.1419709 0.1542593 0.1398559 0.1663695 0.1444650 0.1522490 0.1418878 0.2340553 0.2263957 0.1786686 0.1818370 0.1803480 0.1810252 0.1400938 0.1483965 0.1585689 0.1499411 0.1844983 0.1495353 0.1384514 0.1443452 0.1707637 0.1358394 0.1609818 0.1771004 0.1492967 0.1377707 0.1419709 0.1742138 0.1434010 0.1325255 0.1372514 0.1347629 0.1459350 0.2293932 0.2297213 0.2320992 0.1437418 0.1397609 0.2085600 0.2013262 0.3207149 0.1965197 0.1433583 0.2295294 0.2511257 0.1030224 0.1008461 0.1154390 0.1498745 0.1444650 0.2009644 0.1458739 0.1384295 0.1427222 0.1420606 0.1218287 0.2452967 0.1437356 0.1328202 0.2722554 0.1397609 0.1420831 0.2222544 
Eutrochium_fistulosum_SRR9119106           0.2535213 0.3097880 0.2549686 0.2030970 0.2689285 0.2117159 0.0000000 0.3320802 0.2068648 0.2644660 0.2954593 0.2901907 0.2531133 0.3019419 0.2472186 0.2745753 0.1886901 0.2520493 0.2685458 0.2770470 0.2850928 0.2821272 0.2847254 0.2875063 0.2871386 0.2864945 0.3581378 0.2941137 0.3415109 0.2981175 0.3121053 0.2804659 0.2481777 0.2855418 0.2701541 0.2857525 0.3100644 0.2611493 0.2383737 0.2885276 0.3219703 0.2589242 0.2654603 0.3184499 0.2831718 0.2807920 0.2828355 0.3030359 0.2823574 0.2245713 0.2797633 0.2964429 0.2900590 0.2321581 0.2711490 0.2670597 0.2816603 0.2831940 0.2943085 0.3081793 0.4220914 0.3467106 0.2886216 0.3352287 0.3385521 0.2993060 0.3021371 0.2515853 0.2855910 0.2875063 0.2492477 0.2836403 0.2839810 0.2814462 0.2417710 0.3680690 0.3451088 0.2852265 0.2663620 0.3964448 0.2819911 0.2762686 0.2511794 
Galeana_pratensis_104_mex                  0.3253727 0.2581498 0.3164922 0.3095033 0.3463550 0.3026294 0.3320802 0.0000000 0.3975343 0.3071950 0.3581975 0.3507169 0.3505151 0.3747096 0.3556594 0.3442586 0.2610490 0.2832579 0.3313970 0.3531738 0.3499054 0.3536199 0.3500414 0.3501790 0.3531567 0.3508528 0.2557220 0.3882049 0.3397781 0.4126645 0.3490620 0.3725912 0.3043402 0.3670060 0.3500361 0.3543015 0.3485422 0.3455501 0.3498186 0.3590016 0.3609062 0.3533017 0.3492390 0.3679756 0.3505794 0.3561976 0.3617956 0.3500456 0.3526927 0.3502027 0.3412718 0.3516008 0.3589758 0.3301228 0.2155310 0.2659620 0.3505151 0.3511165 0.3271149 0.2610751 0.3060578 0.2925696 0.3530889 0.3904645 0.2663143 0.3665028 0.3738931 0.2385803 0.3497105 0.3501790 0.3095762 0.3509404 0.3530423 0.3496619 0.2996097 0.3882951 0.3665517 0.3612130 0.3505010 0.3726771 0.3511165 0.2803655 0.2179217 
Helianthus_annuus_SRR9119062               0.2075765 0.2547259 0.2087696 0.2161763 0.2466265 0.2790653 0.2068648 0.3975343 0.0000000 0.2212192 0.2276410 0.2091234 0.2224938 0.2566960 0.2270472 0.2360526 0.2204439 0.2257968 0.2789704 0.2203161 0.2274336 0.2218874 0.2419648 0.2206479 0.2146534 0.2295364 0.2802389 0.2435899 0.2572260 0.4175143 0.2278672 0.2436575 0.2209650 0.2170573 0.1819324 0.2118331 0.2072454 0.2471662 0.2230717 0.2229277 0.2367166 0.2184633 0.1818608 0.2153608 0.2150734 0.2179390 0.2224129 0.2049126 0.2201738 0.2189990 0.2209735 0.2227229 0.2277970 0.2429999 0.2850233 0.2485085 0.2166031 0.2225666 0.2746638 0.2871146 0.3296925 0.3055984 0.2149442 0.2459522 0.2302145 0.2355094 0.2239906 0.2261085 0.2120442 0.2206479 0.2201986 0.2226435 0.2168421 0.2226416 0.2492888 0.2986391 0.2739180 0.2225666 0.2043501 0.3548767 0.2203082 0.2526384 0.2471660 
Lycapsus_tenuifolius_17                    0.0222756 0.2461704 0.0270025 0.2143030 0.1144321 0.1383308 0.2644660 0.3071950 0.2212192 0.0000000 0.1396934 0.1320142 0.1260464 0.1502372 0.1400813 0.1247597 0.1204950 0.2154350 0.1900094 0.1284073 0.1404553 0.1298401 0.1137940 0.1312456 0.1297246 0.1311927 0.2605579 0.2015969 0.1950080 0.1336026 0.1707502 0.1888618 0.0032276 0.1354999 0.1358304 0.1350849 0.1869906 0.1311391 0.1360378 0.1307788 0.1599029 0.1240472 0.1322647 0.1703343 0.1296900 0.1265260 0.1254957 0.1492260 0.1303824 0.1247996 0.1268326 0.1349321 0.1417565 0.1858401 0.2281975 0.2326982 0.1215662 0.1265545 0.2042261 0.2212079 0.3895077 0.2656539 0.1309984 0.2016249 0.2598672 0.1469004 0.1298590 0.1422743 0.1349396 0.1312456 0.1853726 0.1322470 0.1295844 0.1278080 0.1335900 0.2123439 0.2050684 0.1310329 0.1285041 0.2963619 0.1265931 0.2083611 0.2116002 
Pericome_caudata_50_silver                 0.1324909 0.2686618 0.1339168 0.2171751 0.1017146 0.1145804 0.2954593 0.3581975 0.2276410 0.1396934 0.0000000 0.1218391 0.1281591 0.1546575 0.1388121 0.1299547 0.1211891 0.1773770 0.1986291 0.1308477 0.1445379 0.1350886 0.2098851 0.1313923 0.1314147 0.1327950 0.2768533 0.2045876 0.2113732 0.2016421 0.1630121 0.1874397 0.1410904 0.1365995 0.1402053 0.1385519 0.1905099 0.1419964 0.1377014 0.1329207 0.1714170 0.1259240 0.1366666 0.1639145 0.1375114 0.1279870 0.1289084 0.1649910 0.1315359 0.1289220 0.1257499 0.1330694 0.1420756 0.2026588 0.2700288 0.2308084 0.1260797 0.1289029 0.2063571 0.2557025 0.3845674 0.2810072 0.1216265 0.2055813 0.2630211 0.0888254 0.0724295 0.1643303 0.1417029 0.1313923 0.1507730 0.1340149 0.1275703 0.1321158 0.1623419 0.1403729 0.2089968 0.1316832 0.1194319 0.3030729 0.1279348 0.1831105 0.2053095 
Perityle_aglossa_84_dead_horse             0.1310912 0.2658401 0.1248446 0.2130419 0.1190360 0.1348553 0.2901907 0.3507169 0.2091234 0.1320142 0.1218391 0.0000000 0.0158869 0.0406495 0.0203828 0.0558850 0.0231123 0.1604960 0.1459409 0.0196362 0.0264883 0.0199147 0.0662435 0.0219730 0.0242462 0.0211452 0.2323378 0.1912145 0.2179612 0.2249559 0.1419011 0.1831978 0.1320801 0.0221127 0.1213439 0.0315781 0.1589548 0.0636026 0.0253579 0.0226668 0.1533734 0.0180256 0.1166784 0.1464496 0.0305039 0.0188668 0.0188531 0.1514341 0.0212140 0.0166607 0.0158589 0.0480350 0.0180804 0.1664545 0.2022014 0.1675005 0.0168527 0.0173296 0.2046747 0.2137837 0.3943033 0.1718262 0.0089770 0.1899845 0.1909422 0.1338040 0.1165311 0.0413332 0.0305618 0.0219730 0.1517328 0.0211799 0.0212003 0.0196561 0.0175062 0.2045216 0.1766220 0.0203731 0.0077194 0.2531651 0.0165686 0.1396724 0.1570208 
Perityle_ajoensis_204                      0.1225771 0.2630879 0.1191960 0.2169971 0.1196616 0.1398366 0.2531133 0.3505151 0.2224938 0.1260464 0.1281591 0.0158869 0.0000000 0.0401757 0.0082981 0.0557378 0.0121569 0.1882537 0.1650346 0.0082547 0.0175291 0.0057591 0.0652561 0.0121088 0.0191992 0.0082506 0.2161502 0.1817129 0.2292639 0.2190688 0.1455180 0.1787051 0.1274226 0.0190942 0.1174263 0.0301958 0.1505127 0.0616698 0.0140068 0.0120678 0.1575015 0.0052402 0.1112564 0.1457159 0.0235973 0.0059964 0.0059921 0.1488453 0.0105884 0.0024613 0.0098380 0.0443613 0.0065376 0.1692402 0.2012372 0.1565927 0.0038032 0.0044901 0.2034200 0.2351228 0.4031683 0.1545794 0.0158468 0.1794050 0.1660496 0.1382083 0.1283777 0.0386331 0.0299384 0.0121088 0.1671296 0.0075084 0.0060034 0.0075149 0.0014317 0.1768005 0.1943360 0.0082455 0.0158960 0.2731549 0.0037401 0.1697479 0.1517812 
Perityle_ambrosiifolia_67_green            0.1456736 0.2999139 0.1401999 0.2328393 0.1502626 0.2103844 0.3019419 0.3747096 0.2566960 0.1502372 0.1546575 0.0406495 0.0401757 0.0000000 0.0463677 0.0865087 0.0523084 0.2334396 0.1885038 0.0403802 0.0498925 0.0335946 0.0619562 0.0343793 0.0517056 0.0418396 0.2643671 0.2011191 0.2526390 0.2146690 0.1696203 0.1984393 0.1500534 0.0476285 0.1329336 0.0555773 0.1841725 0.0933268 0.0377552 0.0358036 0.1567971 0.0411472 0.1270042 0.1536147 0.0535092 0.0403743 0.0403454 0.1624719 0.0359389 0.0398430 0.0359460 0.0637381 0.0423091 0.1857912 0.2506266 0.1865258 0.0302987 0.0388451 0.2319956 0.2688752 0.4298835 0.1962739 0.0405255 0.1960277 0.2109588 0.1514946 0.1339533 0.0955055 0.0555750 0.0343793 0.2029084 0.0418970 0.0427130 0.0411821 0.0631546 0.2288456 0.2086988 0.0410792 0.0411775 0.2886767 0.0380950 0.2210107 0.1851085 
Perityle_angustifolia_13_Eagle_creek       0.1366414 0.2680636 0.1324812 0.2176522 0.1260022 0.1440691 0.2472186 0.3556594 0.2270472 0.1400813 0.1388121 0.0203828 0.0082981 0.0463677 0.0000000 0.0649140 0.0163280 0.1863955 0.1694311 0.0125009 0.0200646 0.0121939 0.0650940 0.0159617 0.0256544 0.0150095 0.2283246 0.2052449 0.2329534 0.2183049 0.1635248 0.1958438 0.1400009 0.0243973 0.1341294 0.0353009 0.1709148 0.0708403 0.0177923 0.0167494 0.1810632 0.0124838 0.1282145 0.1666410 0.0313438 0.0116519 0.0133242 0.1686410 0.0151206 0.0079832 0.0134444 0.0522093 0.0067606 0.1842485 0.2010662 0.1576724 0.0118651 0.0116473 0.2093845 0.2461189 0.4074122 0.1611156 0.0203254 0.2021679 0.1726961 0.1409926 0.1353871 0.0433564 0.0346479 0.0159617 0.1829381 0.0141713 0.0133521 0.0125117 0.0086226 0.1720271 0.2212728 0.0124710 0.0185973 0.2723166 0.0108099 0.1696823 0.1630192 
Perityle_batopilensis_97                   0.1191471 0.2692781 0.1147624 0.2229155 0.1304705 0.1478216 0.2745753 0.3442586 0.2360526 0.1247597 0.1299547 0.0558850 0.0557378 0.0865087 0.0649140 0.0000000 0.0640641 0.2036192 0.1451887 0.0567624 0.0661647 0.0618233 0.0794209 0.0602550 0.0597704 0.0591562 0.2272096 0.1894196 0.2287256 0.2028510 0.1580355 0.1924594 0.1253315 0.0564822 0.1185878 0.0610242 0.1553959 0.0101486 0.0630012 0.0600287 0.1495651 0.0541054 0.1104134 0.1431327 0.0602722 0.0568118 0.0567692 0.1479987 0.0586614 0.0552481 0.0554934 0.0661881 0.0629562 0.1777942 0.1937008 0.1825308 0.0553429 0.0543695 0.2120683 0.2231084 0.3898848 0.1854013 0.0557498 0.1873734 0.2053070 0.1453140 0.1330975 0.0661929 0.0613134 0.0602550 0.1786122 0.0592555 0.0545783 0.0577157 0.0636758 0.2069400 0.1692084 0.0583394 0.0551779 0.2771805 0.0535775 0.1848247 0.1615415 
Perityle_bisetosa_9                        0.1163456 0.1737252 0.1117968 0.1737381 0.1059562 0.1334597 0.1886901 0.2610490 0.2204439 0.1204950 0.1211891 0.0231123 0.0121569 0.0523084 0.0163280 0.0640641 0.0000000 0.1882457 0.1597632 0.0140658 0.0089925 0.0115805 0.0270253 0.0188953 0.0143314 0.0159367 0.1548665 0.1475395 0.1932874 0.0864329 0.1214559 0.1469773 0.1220907 0.0238584 0.0759505 0.0269393 0.1021163 0.0713110 0.0207996 0.0169574 0.1297487 0.0131024 0.0726962 0.1011462 0.0217551 0.0131123 0.0140408 0.1229690 0.0160645 0.0094330 0.0151280 0.0561298 0.0135809 0.1467349 0.1581305 0.0823360 0.0133828 0.0121603 0.1794118 0.2153841 0.3565962 0.0720174 0.0240692 0.1461792 0.0955897 0.1307905 0.1198871 0.0272105 0.0242283 0.0188953 0.1629657 0.0140547 0.0159832 0.0140931 0.0166137 0.1758683 0.1650031 0.0112165 0.0231116 0.2344320 0.0112185 0.1697393 0.1014903 
Perityle_californica_76_positas            0.1975065 0.1798035 0.1967008 0.1963475 0.1751192 0.1787256 0.2520493 0.2832579 0.2257968 0.2154350 0.1773770 0.1604960 0.1882537 0.2334396 0.1863955 0.2036192 0.1882457 0.0000000 0.2021367 0.1847060 0.1920156 0.1633385 0.1173519 0.1921259 0.1751848 0.1958774 0.2717885 0.1978057 0.1930152 0.4829089 0.0484782 0.1407187 0.2176577 0.1889366 0.1133789 0.1768982 0.1802889 0.2094434 0.1959349 0.1938746 0.1672811 0.1826545 0.1194024 0.1591302 0.1820744 0.1864975 0.1881948 0.1871583 0.1871805 0.1860329 0.1797088 0.1809473 0.1926380 0.1885859 0.2262469 0.1735023 0.1795592 0.1863999 0.2076628 0.2365414 0.3768269 0.2022719 0.1678661 0.1949258 0.2115515 0.1805638 0.1894253 0.2162225 0.1754715 0.1921259 0.0464331 0.1883615 0.1818372 0.1912484 0.2195190 0.2259635 0.2339213 0.1883004 0.1563504 0.2846521 0.1863999 0.0311393 0.2005345 
Perityle_canescens_77                      0.1825257 0.2726920 0.1760017 0.2441280 0.2009143 0.1880965 0.2685458 0.3313970 0.2789704 0.1900094 0.1986291 0.1459409 0.1650346 0.1885038 0.1694311 0.1451887 0.1597632 0.2021367 0.0000000 0.1650262 0.1603807 0.1665516 0.2073561 0.1688751 0.1604698 0.1712953 0.2581215 0.1664697 0.1983312 0.1455036 0.1831489 0.2022888 0.1901336 0.1632627 0.1154397 0.1642106 0.0969839 0.1556356 0.1689921 0.1687259 0.1537448 0.1650573 0.1110997 0.1151417 0.1619012 0.1635952 0.1666968 0.1523096 0.1695995 0.1611888 0.1667358 0.1636433 0.1683566 0.1664611 0.2390552 0.2260657 0.1633438 0.1635243 0.1894711 0.1824335 0.3386181 0.2258215 0.1453735 0.1645584 0.2253438 0.1987848 0.1986420 0.1830421 0.1645308 0.1688751 0.2147514 0.1682896 0.1620423 0.1655208 0.1756375 0.2115933 0.0822316 0.1696428 0.1424982 0.2093959 0.1635243 0.1956893 0.2185642 
Perityle_castillonii_96                    0.1238558 0.2646071 0.1197243 0.2209340 0.1208393 0.1419709 0.2770470 0.3531738 0.2203161 0.1284073 0.1308477 0.0196362 0.0082547 0.0403802 0.0125009 0.0567624 0.0140658 0.1847060 0.1650262 0.0000000 0.0181920 0.0094001 0.0653408 0.0129576 0.0197090 0.0114310 0.2325419 0.1840235 0.2290819 0.2187383 0.1440543 0.1788823 0.1273617 0.0210811 0.1152475 0.0301478 0.1650797 0.0633753 0.0156967 0.0129158 0.1526853 0.0088842 0.1094782 0.1433063 0.0238692 0.0092817 0.0092753 0.1450565 0.0107855 0.0041114 0.0100722 0.0467499 0.0092959 0.1708516 0.1995827 0.1566815 0.0079671 0.0078418 0.2073539 0.2382475 0.4048726 0.1562437 0.0203518 0.1823151 0.1855609 0.1441314 0.1302331 0.0354915 0.0291190 0.0129576 0.1659576 0.0114487 0.0114752 0.0100161 0.0043037 0.2167429 0.1905245 0.0099887 0.0194837 0.2748416 0.0071259 0.1676612 0.1542511 
Perityle_cernua_84                         0.1371046 0.2646443 0.1316050 0.2278532 0.1328333 0.1542593 0.2850928 0.3499054 0.2274336 0.1404553 0.1445379 0.0264883 0.0175291 0.0498925 0.0200646 0.0661647 0.0089925 0.1920156 0.1603807 0.0181920 0.0000000 0.0181762 0.0525782 0.0198390 0.0216079 0.0204766 0.2487253 0.2016395 0.2335531 0.2189002 0.1560782 0.2001483 0.1381172 0.0275101 0.1312144 0.0326777 0.1748149 0.0735994 0.0237763 0.0213141 0.1684010 0.0180650 0.1248582 0.1529976 0.0221327 0.0181890 0.0181757 0.1591568 0.0198466 0.0140488 0.0190950 0.0579931 0.0155912 0.1833458 0.2027477 0.1551736 0.0169288 0.0166463 0.2077016 0.2412908 0.4002041 0.1732143 0.0272346 0.1957725 0.2004711 0.1491598 0.1396714 0.0323257 0.0272783 0.0198390 0.1775077 0.0197327 0.0205188 0.0189820 0.0202933 0.2190980 0.2044481 0.0189329 0.0247938 0.2733132 0.0158823 0.1740830 0.1603402 
Perityle_cfvillosa_25_tin                  0.1232733 0.2697635 0.1187656 0.2194651 0.1283337 0.1398559 0.2821272 0.3536199 0.2218874 0.1298401 0.1350886 0.0199147 0.0057591 0.0335946 0.0121939 0.0618233 0.0115805 0.1633385 0.1665516 0.0094001 0.0181762 0.0000000 0.0652561 0.0126370 0.0208647 0.0101829 0.2560379 0.1957727 0.2327965 0.2238509 0.1522163 0.1929700 0.1261510 0.0213652 0.1258342 0.0307118 0.1759620 0.0672893 0.0155572 0.0133875 0.1666178 0.0064829 0.1195428 0.1551229 0.0246343 0.0086133 0.0086068 0.1578062 0.0118465 0.0036447 0.0110637 0.0464493 0.0097393 0.1765114 0.2117170 0.1594472 0.0070304 0.0054658 0.2037247 0.2379301 0.3951451 0.1596831 0.0198506 0.1895511 0.1818152 0.1410087 0.1328332 0.0369869 0.0284032 0.0126370 0.1532591 0.0101943 0.0102045 0.0109959 0.0046623 0.2100341 0.1978614 0.0093892 0.0170702 0.2721881 0.0046828 0.1712626 0.1642646 
Perityle_cinerea_113_Powell1310            0.1419071 0.3611281 0.1140524 0.2444735 0.1596548 0.1663695 0.2847254 0.3500414 0.2419648 0.1137940 0.2098851 0.0662435 0.0652561 0.0619562 0.0650940 0.0794209 0.0270253 0.1173519 0.2073561 0.0653408 0.0525782 0.0652561 0.0000000 0.0661646 0.0485291 0.0738481 0.3771521 0.2692446 0.2342410 0.2262724 0.2322700 0.3209630 0.1137940 0.0780473 0.1927379 0.0198188 0.2486976 0.0923012 0.0705270 0.0703481 0.3377443 0.0652561 0.1841673 0.2161579 0.0362236 0.0696800 0.0693850 0.2291142 0.0619562 0.0652561 0.0619562 0.0912479 0.0696758 0.2223179 0.3743350 0.3419040 0.0609815 0.0652561 0.2654711 0.2450100 0.4513022 0.1454450 0.0576280 0.2692446 0.2578710 0.1659047 0.1603857 0.0078705 0.0078705 0.0661646 0.2766132 0.0652561 0.0652561 0.0609550 0.0636221 0.1930291 0.2249639 0.0737817 0.0619446 0.2130164 0.0652561 0.1316401 0.3531201 
Perityle_coahuilensis_24                   0.1284981 0.2681520 0.1242970 0.2230023 0.1228860 0.1444650 0.2875063 0.3501790 0.2206479 0.1312456 0.1313923 0.0219730 0.0121088 0.0343793 0.0159617 0.0602550 0.0188953 0.1921259 0.1688751 0.0129576 0.0198390 0.0126370 0.0661646 0.0000000 0.0235001 0.0144014 0.2332944 0.1849980 0.2278859 0.2196284 0.1489453 0.1821523 0.1293248 0.0233951 0.1178837 0.0333131 0.1676982 0.0679499 0.0065613 0.0057218 0.1546338 0.0126915 0.1131906 0.1456239 0.0277322 0.0129555 0.0129465 0.1469330 0.0086301 0.0099430 0.0108053 0.0485530 0.0117105 0.1714332 0.2010522 0.1604250 0.0109511 0.0114983 0.2052233 0.2415444 0.4070851 0.1629614 0.0226863 0.1821771 0.1889045 0.1427778 0.1289790 0.0436529 0.0315473 0.0000010 0.1711605 0.0136850 0.0151621 0.0136993 0.0101085 0.2187801 0.1944959 0.0129438 0.0218948 0.2739097 0.0107750 0.1732095 0.1502051 
Perityle_cochisensis_44_cave_creek         0.1260689 0.2666038 0.1209487 0.2205415 0.1238869 0.1522490 0.2871386 0.3531567 0.2146534 0.1297246 0.1314147 0.0242462 0.0191992 0.0517056 0.0256544 0.0597704 0.0143314 0.1751848 0.1604698 0.0197090 0.0216079 0.0208647 0.0485291 0.0235001 0.0000000 0.0219098 0.2292203 0.1791125 0.2268662 0.2312446 0.1443090 0.1815185 0.1287205 0.0266110 0.1177140 0.0313549 0.1616843 0.0666482 0.0296140 0.0241872 0.1495678 0.0196930 0.1119159 0.1409712 0.0220309 0.0197058 0.0196919 0.1473490 0.0227820 0.0177192 0.0220430 0.0498172 0.0230513 0.1750237 0.1986651 0.1617803 0.0162715 0.0182177 0.2064617 0.2277141 0.3951947 0.1659690 0.0249552 0.1797049 0.1856714 0.1408792 0.1274528 0.0381695 0.0287476 0.0235001 0.1513180 0.0211928 0.0219650 0.0219562 0.0194433 0.2160990 0.1849754 0.0211625 0.0242409 0.2662585 0.0174812 0.1560426 0.1517797 
Perityle_congesta_202                      0.1264313 0.2630305 0.1233440 0.2270317 0.1224887 0.1418878 0.2864945 0.3508528 0.2295364 0.1311927 0.1327950 0.0211452 0.0082506 0.0418396 0.0150095 0.0591562 0.0159367 0.1958774 0.1712953 0.0114310 0.0204766 0.0101829 0.0738481 0.0144014 0.0219098 0.0000000 0.2374942 0.1861729 0.2349358 0.2190688 0.1490148 0.1799790 0.1302557 0.0232735 0.1185087 0.0331379 0.1671981 0.0659223 0.0165103 0.0143549 0.1548990 0.0088799 0.1127204 0.1453696 0.0260714 0.0092774 0.0092710 0.1490907 0.0136757 0.0057553 0.0129634 0.0459293 0.0124136 0.1747409 0.2093036 0.1592266 0.0079633 0.0078381 0.2093786 0.2407479 0.4104806 0.1545659 0.0218578 0.1853901 0.1873972 0.1440994 0.1302061 0.0418167 0.0314346 0.0144014 0.1684989 0.0114433 0.0114698 0.0121745 0.0043051 0.2195793 0.1933550 0.0114189 0.0210409 0.2768832 0.0071225 0.1742700 0.1553489 
Perityle_cordifolia_68_tecolote            0.2565060 0.1551841 0.2620497 0.3463783 0.2739922 0.2340553 0.3581378 0.2557220 0.2802389 0.2605579 0.2768533 0.2323378 0.2161502 0.2643671 0.2283246 0.2272096 0.1548665 0.2717885 0.2581215 0.2325419 0.2487253 0.2560379 0.3771521 0.2332944 0.2292203 0.2374942 0.0000000 0.2677143 0.3875010 0.4461321 0.2830365 0.2862594 0.2591277 0.2403771 0.2281269 0.2291049 0.2359441 0.2166840 0.2033743 0.2350426 0.2597675 0.2175542 0.2240051 0.2437850 0.2311135 0.2346638 0.2324189 0.2736715 0.2319516 0.1970801 0.2311556 0.2552014 0.2530136 0.2207598 0.0174380 0.0965096 0.2352254 0.2335910 0.2870008 0.3749994 0.3407897 0.1897219 0.2382321 0.2938589 0.1637215 0.2940153 0.2851806 0.2343547 0.2391648 0.2332944 0.2308912 0.2339947 0.2340742 0.2332336 0.2380415 0.3808295 0.2766397 0.2324056 0.2257786 0.4122190 0.2325762 0.2662561 0.1379345 
Perityle_coronopifolia_28_patagonia        0.1963402 0.3051446 0.1901304 0.2710790 0.2133672 0.2263957 0.2941137 0.3882049 0.2435899 0.2015969 0.2045876 0.1912145 0.1817129 0.2011191 0.2052449 0.1894196 0.1475395 0.1978057 0.1664697 0.1840235 0.2016395 0.1957727 0.2692446 0.1849980 0.1791125 0.1861729 0.2677143 0.0000000 0.2641963 0.2584836 0.1795151 0.2036341 0.2048671 0.1944208 0.1129225 0.1810276 0.1498513 0.1926320 0.1819462 0.1844106 0.1495628 0.1806051 0.1091706 0.1501169 0.1842714 0.1818762 0.1806120 0.1373933 0.1840052 0.1761724 0.1832680 0.1855594 0.2046283 0.1029795 0.2439838 0.2543227 0.1784595 0.1818514 0.1151165 0.2140416 0.3378296 0.3128331 0.1894275 0.0202300 0.2630740 0.2024662 0.1864498 0.2035986 0.1859186 0.1849980 0.1528755 0.1875455 0.1789368 0.1868501 0.2001917 0.2437539 0.1610031 0.1840008 0.1909456 0.1696854 0.1807465 0.2024046 0.2293645 
Perityle_crassifolia_70_ventanas           0.1981645 0.3392667 0.1910006 0.2603472 0.2075733 0.1786686 0.3415109 0.3397781 0.2572260 0.1950080 0.2113732 0.2179612 0.2292639 0.2526390 0.2329534 0.2287256 0.1932874 0.1930152 0.1983312 0.2290819 0.2335531 0.2327965 0.2342410 0.2278859 0.2268662 0.2349358 0.3875010 0.2641963 0.0000000 0.0115187 0.2013502 0.1814980 0.1965738 0.2354631 0.1854482 0.2266728 0.2112813 0.2275021 0.2325759 0.2317701 0.2503635 0.2292167 0.1854847 0.2073726 0.2374830 0.2292553 0.2289465 0.2393572 0.2287783 0.2292905 0.2258773 0.2382013 0.2336830 0.2235602 0.3096810 0.3203463 0.2192921 0.2306841 0.2294238 0.2323003 0.4856377 0.3035896 0.2187821 0.2623807 0.3206583 0.2114755 0.2140114 0.2298379 0.2227872 0.2278859 0.2043383 0.2336030 0.2315341 0.2312778 0.2108786 0.2296967 0.2693215 0.2347549 0.2146857 0.3293602 0.2306841 0.1674547 0.3027823 
Perityle_crassifolia_74_playa_balandra     0.1464492 0.4858472 0.1289804 0.2667086 0.1832680 0.1818370 0.2981175 0.4126645 0.4175143 0.1336026 0.2016421 0.2249559 0.2190688 0.2146690 0.2183049 0.2028510 0.0864329 0.4829089 0.1455036 0.2187383 0.2189002 0.2238509 0.2262724 0.2196284 0.2312446 0.2190688 0.4461321 0.2584836 0.0115187 0.0000000 0.1849641 0.1882485 0.1336026 0.2396310 0.2301567 0.2097919 0.1983947 0.2184111 0.2249330 0.2244792 0.2315099 0.2190688 0.2243105 0.1928451 0.2251514 0.2190688 0.2135537 0.2243105 0.2196284 0.2190688 0.2196284 0.2061673 0.2183049 0.2183090 0.4118126 0.4630565 0.2190688 0.2190688 0.2559849 0.2179782 0.4729438 0.3533645 0.2139354 0.2645920 0.4695293 0.1937191 0.1814485 0.2111845 0.2146863 0.2196284 0.2643887 0.2291882 0.2150880 0.2235536 0.2124507 0.1812011 0.2316002 0.2341922 0.2192093 0.2990535 0.2190688 0.0000010 0.4203793 
Perityle_cuneata_34_cuneata_San_antonio    0.1651676 0.2698069 0.1601554 0.2427323 0.1537938 0.1803480 0.3121053 0.3490620 0.2278672 0.1707502 0.1630121 0.1419011 0.1455180 0.1696203 0.1635248 0.1580355 0.1214559 0.0484782 0.1831489 0.1440543 0.1560782 0.1522163 0.2322700 0.1489453 0.1443090 0.1490148 0.2830365 0.1795151 0.2013502 0.1849641 0.0000000 0.1300246 0.1691782 0.1504914 0.1355588 0.1410680 0.2042520 0.1650151 0.1619989 0.1493929 0.1617902 0.1420235 0.1344815 0.1753672 0.1448394 0.1451947 0.1420096 0.1671828 0.1490367 0.1511522 0.1432058 0.1500193 0.1634614 0.1761264 0.2468935 0.2344979 0.1406654 0.1430547 0.2106521 0.2427299 0.3740910 0.2917707 0.1454871 0.1811607 0.2552234 0.1640427 0.1536377 0.1850894 0.1485699 0.1489453 0.0446245 0.1483272 0.1431484 0.1483161 0.1869390 0.2463165 0.1988242 0.1489372 0.1427031 0.2942941 0.1420721 0.0519389 0.1977584 
Perityle_cuneata_4                         0.1822351 0.2946414 0.1753850 0.2660356 0.1734240 0.1810252 0.2804659 0.3725912 0.2436575 0.1888618 0.1874397 0.1831978 0.1787051 0.1984393 0.1958438 0.1924594 0.1469773 0.1407187 0.2022888 0.1788823 0.2001483 0.1929700 0.3209630 0.1821523 0.1815185 0.1799790 0.2862594 0.2036341 0.1814980 0.1882485 0.1300246 0.0000000 0.1915842 0.1842855 0.1253897 0.1770196 0.1690230 0.1924326 0.1819941 0.1831193 0.1621456 0.1776465 0.1239440 0.1746007 0.1820203 0.1776453 0.1785899 0.1782818 0.1815126 0.1780033 0.1781001 0.1858048 0.2001722 0.2013795 0.2658328 0.2725366 0.1786394 0.1810858 0.2285541 0.2785806 0.3989536 0.3346468 0.1818636 0.2012942 0.2419974 0.1968084 0.1784346 0.2535861 0.1851767 0.1821523 0.1323938 0.1822952 0.1757822 0.1838151 0.2123588 0.2454131 0.1900878 0.1844485 0.1832576 0.2944654 0.1799362 0.1519554 0.2146820 
Perityle_discoidea_81                      0.0181661 0.2479016 0.0230791 0.2091474 0.1162836 0.1400938 0.2481777 0.3043402 0.2209650 0.0032276 0.1410904 0.1320801 0.1274226 0.1500534 0.1400009 0.1253315 0.1220907 0.2176577 0.1901336 0.1273617 0.1381172 0.1261510 0.1137940 0.1293248 0.1287205 0.1302557 0.2591277 0.2048671 0.1965738 0.1336026 0.1691782 0.1915842 0.0000000 0.1333953 0.1340074 0.1342943 0.1824848 0.1337645 0.1377710 0.1298220 0.1617504 0.1253653 0.1302855 0.1733991 0.1286917 0.1254075 0.1243381 0.1503952 0.1294063 0.1263007 0.1257157 0.1340109 0.1393632 0.1855434 0.2300328 0.2325251 0.1202405 0.1264246 0.2063930 0.2212079 0.3923958 0.2678049 0.1310215 0.2001689 0.2548313 0.1403944 0.1275283 0.1422743 0.1324199 0.1293248 0.1850592 0.1303269 0.1275438 0.1267364 0.1355232 0.1951237 0.2050224 0.1300907 0.1299516 0.2984993 0.1254766 0.2110177 0.2112917 
Perityle_dissecta_201                      0.1309072 0.2824517 0.1266682 0.2236289 0.1284062 0.1483965 0.2855418 0.3670060 0.2170573 0.1354999 0.1365995 0.0221127 0.0190942 0.0476285 0.0243973 0.0564822 0.0238584 0.1889366 0.1632627 0.0210811 0.0275101 0.0213652 0.0780473 0.0233951 0.0266110 0.0232735 0.2403771 0.1944208 0.2354631 0.2396310 0.1504914 0.1842855 0.1333953 0.0000000 0.1234783 0.0326980 0.1661091 0.0639781 0.0260206 0.0233184 0.1570014 0.0211167 0.1175819 0.1461457 0.0308673 0.0210777 0.0210630 0.1517234 0.0219192 0.0184730 0.0197105 0.0439213 0.0203346 0.1705602 0.2123658 0.1672601 0.0184231 0.0195937 0.2118970 0.2434155 0.4152324 0.1611382 0.0228303 0.1918972 0.1852436 0.1457048 0.1330065 0.0450241 0.0314947 0.0233951 0.1702609 0.0233103 0.0218503 0.0203654 0.0233150 0.2178489 0.1897556 0.0217892 0.0212388 0.2857752 0.0188597 0.1763988 0.1566925 
Perityle_feddemae_99                       0.1344027 0.2510181 0.1291258 0.2192311 0.1322057 0.1585689 0.2701541 0.3500361 0.1819324 0.1358304 0.1402053 0.1213439 0.1174263 0.1329336 0.1341294 0.1185878 0.0759505 0.1133789 0.1154397 0.1152475 0.1312144 0.1258342 0.1927379 0.1178837 0.1177140 0.1185087 0.2281269 0.1129225 0.1854482 0.2301567 0.1355588 0.1253897 0.1340074 0.1234783 0.0000000 0.1179624 0.1249269 0.1188678 0.1225888 0.1174950 0.0178611 0.1150310 0.0087837 0.1093305 0.1175729 0.1151745 0.1128980 0.0206647 0.1179737 0.1144801 0.1169948 0.1152166 0.1316654 0.0891764 0.1974265 0.2140363 0.1128608 0.1151570 0.1491396 0.1387531 0.2658845 0.2723363 0.1220879 0.1198909 0.2249215 0.1396014 0.1318105 0.1270382 0.1240648 0.1178837 0.0909970 0.1199557 0.1143109 0.1143380 0.1439868 0.2130429 0.1314526 0.1173448 0.1226225 0.2039079 0.1140250 0.1187281 0.1696024 
Perityle_fosteri_93                        0.1314191 0.2624903 0.1262878 0.2320704 0.1292142 0.1499411 0.2857525 0.3543015 0.2118331 0.1350849 0.1385519 0.0315781 0.0301958 0.0555773 0.0353009 0.0610242 0.0269393 0.1768982 0.1642106 0.0301478 0.0326777 0.0307118 0.0198188 0.0333131 0.0313549 0.0331379 0.2291049 0.1810276 0.2266728 0.2097919 0.1410680 0.1770196 0.1342943 0.0326980 0.1179624 0.0000000 0.1689605 0.0662697 0.0356789 0.0332026 0.1476690 0.0297605 0.1133772 0.1445933 0.0241803 0.0309081 0.0308860 0.1397851 0.0318123 0.0272002 0.0288270 0.0538640 0.0328259 0.1643540 0.2013910 0.1580357 0.0275849 0.0293900 0.1977023 0.2219052 0.3889927 0.1728388 0.0330646 0.1827017 0.1895002 0.1462210 0.1320727 0.0075836 0.0083160 0.0333131 0.1639400 0.0294406 0.0332221 0.0317009 0.0360527 0.2226052 0.1910271 0.0316215 0.0318125 0.2720777 0.0286424 0.1659627 0.1538548 
Perityle_gamon_221                         0.1858219 0.2754728 0.1743680 0.2720300 0.1810885 0.1844983 0.3100644 0.3485422 0.2072454 0.1869906 0.1905099 0.1589548 0.1505127 0.1841725 0.1709148 0.1553959 0.1021163 0.1802889 0.0969839 0.1650797 0.1748149 0.1759620 0.2486976 0.1676982 0.1616843 0.1671981 0.2359441 0.1498513 0.2112813 0.1983947 0.2042520 0.1690230 0.1824848 0.1661091 0.1249269 0.1689605 0.0000000 0.1469575 0.1408855 0.1674607 0.1486302 0.1476503 0.1223557 0.0435176 0.1621234 0.1651532 0.1617275 0.1377372 0.1647474 0.1371579 0.1661365 0.1576045 0.1836345 0.1218791 0.1900173 0.2219443 0.1607319 0.1640296 0.1780570 0.1625953 0.2981785 0.2702892 0.1571537 0.1683568 0.2560829 0.2100478 0.1967459 0.1561561 0.1770459 0.1676982 0.1494286 0.1675872 0.1614866 0.1654059 0.1580773 0.2835284 0.1480829 0.1684074 0.1462018 0.2439544 0.1629039 0.1641146 0.1586642 
Perityle_gentryi_8_san_francisco           0.1255907 0.2671852 0.1218899 0.2308425 0.1385758 0.1495353 0.2611493 0.3455501 0.2471662 0.1311391 0.1419964 0.0636026 0.0616698 0.0933268 0.0708403 0.0101486 0.0713110 0.2094434 0.1556356 0.0633753 0.0735994 0.0672893 0.0923012 0.0679499 0.0666482 0.0659223 0.2166840 0.1926320 0.2275021 0.2184111 0.1650151 0.1924326 0.1337645 0.0639781 0.1188678 0.0662697 0.1469575 0.0000000 0.0697043 0.0668592 0.1569029 0.0608463 0.1101184 0.1479094 0.0671468 0.0634338 0.0633832 0.1521624 0.0654315 0.0610115 0.0620644 0.0719132 0.0706379 0.1860766 0.1997444 0.1795185 0.0611180 0.0608289 0.2178794 0.2280614 0.3961478 0.1814099 0.0625606 0.1915553 0.1911348 0.1520516 0.1418163 0.0764882 0.0686788 0.0679499 0.1845910 0.0651379 0.0600997 0.0644081 0.0749722 0.1850397 0.1807082 0.0641863 0.0627186 0.2797634 0.0599879 0.1894472 0.1666156 
Perityle_gilensis_22_Superstition          0.1335504 0.2501909 0.1305580 0.2329284 0.1230657 0.1384514 0.2383737 0.3498186 0.2230717 0.1360378 0.1377014 0.0253579 0.0140068 0.0377552 0.0177923 0.0630012 0.0207996 0.1959349 0.1689921 0.0156967 0.0237763 0.0155572 0.0705270 0.0065613 0.0296140 0.0165103 0.2033743 0.1819462 0.2325759 0.2249330 0.1619989 0.1819941 0.1377710 0.0260206 0.1225888 0.0356789 0.1408855 0.0697043 0.0000000 0.0098544 0.1675094 0.0156754 0.1195584 0.1390091 0.0318334 0.0148509 0.0165104 0.1560493 0.0098845 0.0116234 0.0115545 0.0505459 0.0145170 0.1742877 0.2026204 0.1531411 0.0142767 0.0148451 0.2055689 0.2447125 0.4001064 0.1497159 0.0252874 0.1808738 0.1489872 0.1463337 0.1324069 0.0451949 0.0355034 0.0065613 0.1753831 0.0165176 0.0173563 0.0165489 0.0130326 0.1854328 0.1876208 0.0165024 0.0244572 0.2769066 0.0140133 0.1775872 0.1522115 
Perityle_gilensis_salensis_225             0.1280388 0.2719495 0.1238555 0.2246167 0.1262166 0.1443452 0.2885276 0.3590016 0.2229277 0.1307788 0.1329207 0.0226668 0.0120678 0.0358036 0.0167494 0.0600287 0.0169574 0.1938746 0.1687259 0.0129158 0.0213141 0.0133875 0.0703481 0.0057218 0.0241872 0.0143549 0.2350426 0.1844106 0.2317701 0.2244792 0.1493929 0.1831193 0.1298220 0.0233184 0.1174950 0.0332026 0.1674607 0.0668592 0.0098544 0.0000000 0.1541358 0.0126491 0.1117092 0.1438660 0.0276415 0.0129137 0.0129048 0.1465235 0.0100501 0.0099309 0.0122329 0.0483853 0.0132397 0.1727087 0.2058205 0.1632236 0.0109153 0.0114613 0.2051706 0.2440635 0.4139848 0.1646166 0.0233768 0.1826686 0.1898170 0.1411973 0.1275535 0.0435529 0.0322993 0.0057218 0.1695451 0.0150993 0.0151131 0.0129358 0.0130081 0.2184577 0.1953689 0.0129021 0.0226110 0.2792029 0.0107403 0.1752338 0.1526836 
Perityle_glaucescens_94                    0.1623492 0.2836362 0.1546226 0.2559250 0.1647667 0.1707637 0.3219703 0.3609062 0.2367166 0.1599029 0.1714170 0.1533734 0.1575015 0.1567971 0.1810632 0.1495651 0.1297487 0.1672811 0.1537448 0.1526853 0.1684010 0.1666178 0.3377443 0.1546338 0.1495678 0.1548990 0.2597675 0.1495628 0.2503635 0.2315099 0.1617902 0.1621456 0.1617504 0.1570014 0.0178611 0.1476690 0.1486302 0.1569029 0.1675094 0.1541358 0.0000000 0.1542262 0.0104495 0.1276835 0.1538518 0.1537462 0.1536195 0.0452500 0.1535909 0.1630146 0.1526213 0.1456477 0.1688201 0.1430059 0.2428154 0.2259617 0.1512942 0.1536980 0.1999486 0.2365201 0.3079378 0.3294993 0.1553667 0.1525616 0.2613648 0.1682523 0.1528646 0.2096995 0.1582942 0.1546338 0.1536423 0.1576366 0.1498086 0.1518135 0.2197835 0.2492883 0.1466083 0.1560045 0.1572925 0.2351697 0.1525186 0.1887622 0.1954811 
Perityle_gracilis_11                       0.1206182 0.2613007 0.1163523 0.2111284 0.1178103 0.1358394 0.2589242 0.3533017 0.2184633 0.1240472 0.1259240 0.0180256 0.0052402 0.0411472 0.0124838 0.0541054 0.0131024 0.1826545 0.1650573 0.0088842 0.0180650 0.0064829 0.0652561 0.0126915 0.0196930 0.0088799 0.2175542 0.1806051 0.2292167 0.2190688 0.1420235 0.1776465 0.1253653 0.0211167 0.1150310 0.0297605 0.1476503 0.0608463 0.0156754 0.0126491 0.1542262 0.0000000 0.1089976 0.1429770 0.0240270 0.0066555 0.0066508 0.1471937 0.0111913 0.0041075 0.0104514 0.0445020 0.0096781 0.1678416 0.2027763 0.1577946 0.0045004 0.0051684 0.2033001 0.2351228 0.4048322 0.1577356 0.0187714 0.1760883 0.1702200 0.1354937 0.1240222 0.0402223 0.0294875 0.0126915 0.1644660 0.0088942 0.0081526 0.0096485 0.0043043 0.1824014 0.1930912 0.0088745 0.0172478 0.2765781 0.0044280 0.1677591 0.1530072 
Perityle_harkerae_31                       0.1272604 0.2486588 0.1243671 0.2120503 0.1310743 0.1609818 0.2654603 0.3492390 0.1818608 0.1322647 0.1366666 0.1166784 0.1112564 0.1270042 0.1282145 0.1104134 0.0726962 0.1194024 0.1110997 0.1094782 0.1248582 0.1195428 0.1841673 0.1131906 0.1119159 0.1127204 0.2240051 0.1091706 0.1854847 0.2243105 0.1344815 0.1239440 0.1302855 0.1175819 0.0087837 0.1133772 0.1223557 0.1101184 0.1195584 0.1117092 0.0104495 0.1089976 0.0000000 0.1057814 0.1117827 0.1094087 0.1082366 0.0117359 0.1121622 0.1114932 0.1111832 0.1094483 0.1250551 0.0889649 0.1949504 0.2084373 0.1082012 0.1104804 0.1413159 0.1353212 0.2613546 0.2637801 0.1174336 0.1164126 0.2192728 0.1383751 0.1282607 0.1236051 0.1203686 0.1131906 0.0948553 0.1141419 0.1085390 0.1085650 0.1382909 0.2063618 0.1313004 0.1115665 0.1177735 0.1937371 0.1093560 0.1259458 0.1660117 
Perityle_hofmeisteria_4_nombre_de_dios     0.1669200 0.3007342 0.1575463 0.2479823 0.1741935 0.1771004 0.3184499 0.3679756 0.2153608 0.1703343 0.1639145 0.1464496 0.1457159 0.1536147 0.1666410 0.1431327 0.1011462 0.1591302 0.1151417 0.1433063 0.1529976 0.1551229 0.2161579 0.1456239 0.1409712 0.1453696 0.2437850 0.1501169 0.2073726 0.1928451 0.1753672 0.1746007 0.1733991 0.1461457 0.1093305 0.1445933 0.0435176 0.1479094 0.1390091 0.1438660 0.1276835 0.1429770 0.1057814 0.0000000 0.1425321 0.1433657 0.1402431 0.1186937 0.1423393 0.1360032 0.1447658 0.1371748 0.1601030 0.1278789 0.1897448 0.2108782 0.1401790 0.1423389 0.1485343 0.1913343 0.3294339 0.2734384 0.1469222 0.1564074 0.2311854 0.1924276 0.1738174 0.1395676 0.1517009 0.1456239 0.1282777 0.1477294 0.1419872 0.1445985 0.1539861 0.2665085 0.1309824 0.1473825 0.1447506 0.2377536 0.1413111 0.1708728 0.1790714 
Perityle_huecosensis_48                    0.1269629 0.2670935 0.1201030 0.2295033 0.1293760 0.1492967 0.2831718 0.3505794 0.2150734 0.1296900 0.1375114 0.0305039 0.0235973 0.0535092 0.0313438 0.0602722 0.0217551 0.1820744 0.1619012 0.0238692 0.0221327 0.0246343 0.0362236 0.0277322 0.0220309 0.0260714 0.2311135 0.1842714 0.2374830 0.2251514 0.1448394 0.1820203 0.1286917 0.0308673 0.1175729 0.0241803 0.1621234 0.0671468 0.0318334 0.0276415 0.1538518 0.0240270 0.1117827 0.1425321 0.0000000 0.0238832 0.0238664 0.1456150 0.0262561 0.0208657 0.0255417 0.0541346 0.0267630 0.1708235 0.2052123 0.1559990 0.0212788 0.0224010 0.2041648 0.2399388 0.3931591 0.1742350 0.0312052 0.1844872 0.1890984 0.1455254 0.1334651 0.0229778 0.0213536 0.0277322 0.1625311 0.0253651 0.0261738 0.0261282 0.0233656 0.2242759 0.1871851 0.0245896 0.0307003 0.2772503 0.0216689 0.1665156 0.1511090 
