84
Amauria_brandeegeana_62                    0.0000000 0.1150208 0.1845621 0.2641782 0.1450478 0.4587298 0.3054799 0.2265397 0.0087053 0.1578432 0.4780725 0.1465714 0.1740675 0.1988758 0.1457621 0.1386330 0.1557868 0.1428133 0.1341523 0.1435938 0.1397583 0.4101959 0.1437241 0.1525580 0.1497198 0.1668971 0.1653854 0.1837686 0.1461879 0.4954263 0.3628161 0.1473854 0.0087040 0.1529966 0.2647834 0.1570563 0.1507065 0.4488558 0.1491066 0.1392603 0.1499338 0.1638095 0.1532308 0.1662918 0.1745306 0.1452601 0.1430023 0.1499424 0.1631677 0.1502619 0.1329496 0.1469285 0.1619501 0.1501481 0.2086253 0.1721428 0.1920365 0.1463516 0.1430513 0.1671826 0.5608393 0.1794202 0.1671348 0.1573260 0.1804927 0.1626216 0.2465459 0.2390190 0.4314635 0.1504088 0.1470480 0.1405898 0.1469495 0.4613390 0.1421575 0.1853216 0.2415523 0.1452467 0.1543258 0.1568192 0.1463208 0.1355329 0.1190922 0.1365624 
Amauria_carterae_99_mesa                   0.1150208 0.0000000 0.0910349 0.1588985 0.1067281 0.5005593 0.3255112 0.2046976 0.1129701 0.1287225 0.3622385 0.1042434 0.1324237 0.1010747 0.1067883 0.1055676 0.1141784 0.1050217 0.1001316 0.0940682 0.1037409 0.3483672 0.0924159 0.0841355 0.1104787 0.1118030 0.1453173 0.1203261 0.1224993 0.4012383 0.1626350 0.1069336 0.1149417 0.1001818 0.0865094 0.1061904 0.0959007 0.3073626 0.1054157 0.0708019 0.0998533 0.1090296 0.1016000 0.1054547 0.1299915 0.0997485 0.0980474 0.1017740 0.1050093 0.1071292 0.0943404 0.1046275 0.1138104 0.1024259 0.1294901 0.1640637 0.1484369 0.1036746 0.1037390 0.1316336 0.4012383 0.1299073 0.1217351 0.1053299 0.1181399 0.1174943 0.1229718 0.1276664 0.4012383 0.0978843 0.0961069 0.1168159 0.1116203 0.4012383 0.1016709 0.2168291 0.1292596 0.0964718 0.1015648 0.1546220 0.1055988 0.1119210 0.1142893 0.1147404 
Amauria_rotundifolia_SRR9119150            0.1845621 0.0910349 0.0000000 0.2529468 0.1644200 0.5601519 0.3132874 0.1798806 0.1809178 0.1642728 0.4969214 0.1628613 0.1372568 0.0949324 0.1529307 0.1351795 0.1299026 0.1901711 0.1361036 0.1409472 0.1275140 0.4562109 0.1622290 0.0938620 0.1731124 0.1954287 0.1762659 0.1996382 0.2038692 0.5483680 0.3761580 0.1874262 0.1846521 0.1575901 0.2652980 0.1565082 0.1665269 0.4039473 0.1361438 0.0791694 0.1608757 0.1545151 0.1728047 0.1612717 0.2020068 0.1608779 0.1558915 0.1621513 0.1581260 0.1666762 0.1163020 0.1525242 0.1980625 0.1560513 0.1683911 0.1617444 0.1716510 0.1648164 0.1395455 0.1207661 0.6000677 0.2375104 0.1248062 0.1569951 0.2006495 0.1954020 0.2090709 0.2074351 0.5221442 0.1618686 0.1620666 0.1866316 0.1218088 0.5339293 0.1631616 0.2204834 0.2120616 0.1034000 0.1801052 0.1556630 0.1659742 0.1270977 0.2202833 0.1178500 
Conoclinium_coelestinum_SRR9119114         0.2641782 0.1588985 0.2529468 0.0000000 0.2664229 0.5129773 0.3192533 0.2661168 0.2609649 0.2672452 0.4425595 0.2678778 0.2515941 0.1762889 0.2710727 0.2506734 0.2053445 0.2419719 0.2516042 0.2557737 0.2500218 0.4252855 0.2794538 0.2479004 0.2925945 0.2728061 0.2792377 0.3049018 0.2619711 0.4779259 0.3869396 0.2552240 0.2625304 0.2873304 0.2726603 0.2526420 0.2564067 0.4528633 0.2638810 0.2307795 0.2812668 0.2642167 0.2731564 0.2501522 0.2866389 0.2750270 0.2529973 0.2712956 0.2680657 0.2766587 0.2367359 0.2742881 0.2745901 0.2671172 0.2558665 0.2421189 0.2626372 0.2728041 0.2681368 0.2795475 0.6094349 0.3188053 0.2155498 0.2786344 0.2944135 0.2744033 0.3123295 0.3237569 0.4641265 0.2796036 0.2823758 0.2548288 0.2558910 0.4998352 0.2763752 0.2910233 0.3231979 0.2151496 0.2550059 0.2150362 0.2762843 0.2157373 0.2373002 0.1889710 
Eutetras_palmeri_63                        0.1450478 0.1067281 0.1644200 0.2664229 0.0000000 0.5106996 0.2944904 0.2361624 0.1449370 0.0987714 0.4751264 0.0706775 0.0974665 0.1488679 0.0822491 0.0670528 0.1435360 0.0938348 0.0660230 0.0683097 0.0755928 0.4116579 0.0777964 0.0738533 0.0782497 0.1144397 0.0946904 0.1802937 0.1410414 0.5212838 0.3462852 0.1319207 0.1468542 0.0847287 0.1333731 0.1631399 0.0703415 0.3814294 0.0837074 0.0714301 0.0735564 0.1748568 0.0811619 0.1681411 0.1417676 0.0709164 0.0649343 0.0812094 0.1696133 0.0729884 0.0633517 0.0704113 0.1124313 0.0679046 0.1820099 0.1143640 0.1424454 0.0777773 0.0790903 0.1096228 0.5349283 0.1285040 0.0913326 0.0843780 0.1791684 0.1117156 0.2589537 0.2519041 0.4716906 0.0783274 0.0776330 0.1362885 0.0817649 0.4908374 0.0747511 0.1741169 0.2575621 0.1451325 0.0767374 0.1467017 0.0786287 0.1425738 0.1271096 0.1134089 
Eutetras_pringlei_149_quer                 0.4587298 0.5005593 0.5601519 0.5129773 0.5106996 0.0000000 0.5508077 0.4624221 0.4587298 0.4979546 0.0000010 0.4948886 0.5112813 0.6638637 0.4850493 0.4730863 0.5116120 0.5136351 0.5032882 0.5020793 0.5098091 0.0000010 0.5113481 0.6606568 0.5118237 0.5150560 0.5209036 0.4848519 0.5394632 0.0029174 0.5195955 0.5316743 0.4587298 0.5135327 0.4845923 0.4844258 0.5018464 0.6970855 0.4822716 0.5086503 0.5215685 0.4741248 0.5020793 0.4732692 0.4782992 0.5099820 0.5022225 0.4965517 0.4875385 0.5019804 0.5060304 0.4998593 0.4990397 0.4982459 0.5445143 0.7059601 0.6908803 0.5083896 0.4952516 0.5178763 0.0029174 0.5001606 0.6589513 0.5007779 0.4879761 0.5146279 0.5246194 0.5303909 0.0029174 0.5083896 0.5100770 0.5188008 0.5066368 0.0029174 0.4979404 0.7493885 0.5536252 0.4783194 0.5063141 0.5194328 0.5020793 0.5217940 0.4753853 0.5994419 
Eutrochium_fistulosum_SRR9119106           0.3054799 0.3255112 0.3132874 0.3192533 0.2944904 0.5508077 0.0000000 0.3184829 0.3050829 0.3285070 0.6729045 0.2964049 0.2078615 0.1198364 0.3137770 0.2915075 0.1740827 0.3070291 0.2974755 0.2967925 0.3085215 0.6581797 0.3087486 0.1337815 0.3253866 0.3647113 0.3456381 0.3770443 0.3132193 0.7133388 0.3020844 0.3379628 0.3070732 0.3263908 0.1385620 0.3272195 0.3010355 0.3396899 0.3205113 0.1259060 0.3266735 0.3267964 0.3043997 0.3274815 0.3750358 0.3178369 0.2999570 0.3104859 0.3301804 0.3105090 0.2904867 0.3084749 0.3695505 0.2926791 0.3028362 0.1775600 0.1723384 0.3048901 0.3106134 0.2046853 0.7649436 0.3740727 0.1589186 0.3128132 0.3738021 0.3665071 0.3792510 0.3661064 0.7082781 0.3099896 0.2987962 0.3092762 0.3229680 0.7286137 0.3088245 0.2523962 0.3562107 0.2809839 0.3092233 0.2701326 0.3107539 0.3142017 0.4039895 0.1361784 
Helianthus_annuus_SRR9119062               0.2265397 0.2046976 0.1798806 0.2661168 0.2361624 0.4624221 0.3184829 0.0000000 0.2245062 0.2327030 0.4239768 0.2317608 0.2776896 0.2622878 0.2295514 0.2288489 0.2364809 0.2582291 0.2148678 0.2216452 0.2197802 0.4060760 0.2248721 0.2262388 0.2325293 0.2550228 0.2302257 0.2423332 0.2462502 0.4239768 0.3489571 0.2130699 0.2263450 0.2284707 0.3620941 0.2231413 0.2216389 0.5915934 0.2333285 0.2164376 0.2234042 0.2329954 0.2258040 0.2375724 0.2228154 0.2149505 0.2138228 0.2194664 0.2284303 0.2257159 0.2100028 0.2270179 0.2501607 0.2322193 0.2578104 0.2614545 0.2925471 0.2197817 0.2199798 0.2693587 0.4888623 0.2118984 0.2555227 0.2456384 0.2552333 0.2581340 0.2405585 0.2503619 0.4239768 0.2210095 0.2213344 0.2262031 0.2177890 0.4239768 0.2153845 0.2496199 0.2718530 0.2191957 0.2464163 0.2890859 0.2216682 0.2112458 0.2126132 0.2109825 
Lycapsus_tenuifolius_17                    0.0087053 0.1129701 0.1809178 0.2609649 0.1449370 0.4587298 0.3050829 0.2245062 0.0000000 0.1554388 0.4780725 0.1437338 0.1714510 0.2014779 0.1411911 0.1340299 0.1485612 0.1426543 0.1313700 0.1405562 0.1359805 0.4101959 0.1374924 0.1488175 0.1452510 0.1569230 0.1607997 0.1763040 0.1448451 0.4985974 0.3642499 0.1429790 0.0028876 0.1491921 0.2630369 0.1519122 0.1477281 0.4464597 0.1461634 0.1324904 0.1453953 0.1586312 0.1483896 0.1651766 0.1697417 0.1407572 0.1365899 0.1454028 0.1580129 0.1474782 0.1282404 0.1415242 0.1520375 0.1473664 0.2072125 0.1719031 0.1850071 0.1418354 0.1383906 0.1618436 0.5597367 0.1745135 0.1639905 0.1527309 0.1729906 0.1526086 0.2413737 0.2340794 0.4347237 0.1450463 0.1407974 0.1381143 0.1411372 0.4645314 0.1358959 0.1794266 0.2424150 0.1398562 0.1513252 0.1568029 0.1418060 0.1319010 0.1153222 0.1365624 
Pericome_caudata_50_silver                 0.1578432 0.1287225 0.1642728 0.2672452 0.0987714 0.4979546 0.3285070 0.2327030 0.1554388 0.0000000 0.4702526 0.1080156 0.1304939 0.1851833 0.1051300 0.0920842 0.1663238 0.1151001 0.1007089 0.0985500 0.0919998 0.4168633 0.1078734 0.0951053 0.1127313 0.1584067 0.1249075 0.1760568 0.1823992 0.5142283 0.4089226 0.1497623 0.1588120 0.1050620 0.2563156 0.1548324 0.1098308 0.3874473 0.1028379 0.0892191 0.1025893 0.1611607 0.1131125 0.1665449 0.1583457 0.1044510 0.1025053 0.1026793 0.1606245 0.1101056 0.0851455 0.1012458 0.1549748 0.1034962 0.2055185 0.1507422 0.1937209 0.1037230 0.1007735 0.1241822 0.5705836 0.1770776 0.1442502 0.1115796 0.1767122 0.1569789 0.2373480 0.2372700 0.4688384 0.1064437 0.1075402 0.1696513 0.0987402 0.4968133 0.1038152 0.2030465 0.2386866 0.1250755 0.1201140 0.1895981 0.1047293 0.1534300 0.1617549 0.1446009 
Perityle_aglossa_84_dead_horse             0.4780725 0.3622385 0.4969214 0.4425595 0.4751264 0.0000010 0.6729045 0.4239768 0.4780725 0.4702526 0.0000000 0.4357352 0.4527789 0.6021183 0.4787196 0.3993998 0.4769837 0.4413984 0.4294838 0.4004670 0.4153622 0.0000010 0.4797170 0.5982619 0.4823222 0.4677548 0.4797550 0.4739983 0.4434204 0.0022159 0.4859476 0.4726338 0.4780725 0.4813999 0.4164359 0.4126929 0.4670514 0.6769762 0.3941299 0.4496849 0.4953342 0.4088318 0.4897235 0.4072458 0.4493293 0.4875502 0.4520752 0.4832564 0.4184545 0.4598247 0.3828547 0.4681150 0.4462687 0.4655492 0.5070889 0.6472497 0.6312460 0.4868237 0.4135422 0.4517863 0.0050145 0.4875856 0.5933597 0.4631452 0.4766424 0.4615447 0.5085216 0.5042779 0.0024154 0.4889156 0.4788477 0.4348243 0.4200472 0.0024475 0.4754964 0.6607082 0.5327437 0.3509980 0.4730615 0.4872514 0.4822187 0.3926406 0.4485339 0.5951693 
Perityle_ajoensis_204                      0.1465714 0.1042434 0.1628613 0.2678778 0.0706775 0.4948886 0.2964049 0.2317608 0.1437338 0.1080156 0.4357352 0.0000000 0.0971136 0.1525638 0.0773849 0.0241656 0.1353446 0.0988087 0.0527904 0.0785247 0.0817206 0.3865249 0.0839526 0.0776541 0.0454294 0.1083334 0.0760354 0.1842327 0.1505953 0.4827016 0.3474659 0.1331823 0.1456332 0.0892811 0.1275507 0.1584737 0.0537401 0.4005891 0.0818251 0.0813428 0.0813546 0.1689264 0.0891109 0.1645143 0.1454692 0.0795692 0.0519934 0.0890486 0.1648875 0.0294125 0.0626185 0.0286312 0.1072952 0.0262550 0.1785299 0.0875829 0.1433225 0.0856344 0.0841417 0.1127580 0.5306528 0.1239014 0.1014193 0.0346219 0.1805973 0.1061712 0.2534176 0.2427817 0.4384744 0.0819939 0.0837768 0.1451304 0.0917141 0.4596277 0.0825916 0.1706786 0.2537900 0.1354169 0.0373978 0.1459790 0.0873485 0.1386584 0.1342007 0.1220749 
Perityle_ambrosiifolia_67_green            0.1740675 0.1324237 0.1372568 0.2515941 0.0974665 0.5112813 0.2078615 0.2776896 0.1714510 0.1304939 0.4527789 0.0971136 0.0000000 0.1160821 0.1138762 0.0955521 0.1419648 0.1247071 0.0739099 0.0463494 0.0523941 0.4374658 0.0544709 0.0243725 0.0907359 0.1251384 0.1277809 0.2105881 0.1563221 0.5136424 0.3107517 0.1524163 0.1739042 0.0682274 0.0967223 0.1751070 0.0754367 0.3620905 0.1173358 0.0278819 0.0534699 0.1890053 0.0564350 0.1797758 0.1608481 0.0523577 0.0700015 0.0584273 0.1840830 0.1082799 0.0463070 0.0952094 0.1240106 0.0918845 0.1453771 0.1233733 0.1278589 0.0575051 0.0545786 0.1322545 0.6016490 0.1460243 0.1115231 0.1190322 0.2037921 0.1260520 0.2268288 0.2066066 0.5075395 0.0531731 0.0513579 0.1464674 0.0648118 0.5347113 0.0517313 0.1270138 0.2295533 0.1789826 0.1080647 0.1518621 0.0554225 0.1758359 0.1901409 0.1167742 
Perityle_angustifolia_13_Eagle_creek       0.1988758 0.1010747 0.0949324 0.1762889 0.1488679 0.6638637 0.1198364 0.2622878 0.2014779 0.1851833 0.6021183 0.1525638 0.1160821 0.0000000 0.1748886 0.1501171 0.1705823 0.1625188 0.1186404 0.1087390 0.1190692 0.5863573 0.1266272 0.1213044 0.1617573 0.1980340 0.1988560 0.1926671 0.0998026 0.6558472 0.3141585 0.1566984 0.2014779 0.1359594 0.1334677 0.1929718 0.1208655 0.2105714 0.1687258 0.1233249 0.1314691 0.1971608 0.1190516 0.1845075 0.2103931 0.1264032 0.1185976 0.1188445 0.1879830 0.1596710 0.1207976 0.1528665 0.2073141 0.1472482 0.0874554 0.2011914 0.2456072 0.1214616 0.1190692 0.1723893 0.7168292 0.2475213 0.1976337 0.1618737 0.1677700 0.2039356 0.2446564 0.2500228 0.6484252 0.1064648 0.1258177 0.0860055 0.1325380 0.6826961 0.1232514 0.2665958 0.2642713 0.1867430 0.1424332 0.0777056 0.1214630 0.1748540 0.1112238 0.2109642 
Perityle_batopilensis_97                   0.1457621 0.1067883 0.1529307 0.2710727 0.0822491 0.4850493 0.3137770 0.2295514 0.1411911 0.1051300 0.4787196 0.0773849 0.1138762 0.1748886 0.0000000 0.0713564 0.1583678 0.1174274 0.0649719 0.0886214 0.0796624 0.4210015 0.0839840 0.0887498 0.0920439 0.1181878 0.0976387 0.1782054 0.1635526 0.5212747 0.3658599 0.1323707 0.1448129 0.0919502 0.1996016 0.1633075 0.0700978 0.4000326 0.0116893 0.0809235 0.0855451 0.1689674 0.0933800 0.1697006 0.1406641 0.0813555 0.0652871 0.0871989 0.1684172 0.0804666 0.0673060 0.0731729 0.1163972 0.0721900 0.1887829 0.1277072 0.1587931 0.0831561 0.0837913 0.1157986 0.5545457 0.1379053 0.1192885 0.0877965 0.1767660 0.1137951 0.2410468 0.2333094 0.4638133 0.0844913 0.0854238 0.1540419 0.0899630 0.4858526 0.0838482 0.1684417 0.2386041 0.1416966 0.0829004 0.1607313 0.0839676 0.1420126 0.1330287 0.1208329 
Perityle_bisetosa_9                        0.1386330 0.1055676 0.1351795 0.2506734 0.0670528 0.4730863 0.2915075 0.2288489 0.1340299 0.0920842 0.3993998 0.0241656 0.0955521 0.1501171 0.0713564 0.0000000 0.1310369 0.0954597 0.0470592 0.0752636 0.0764908 0.3964700 0.0780620 0.0778528 0.0495223 0.1093838 0.0768486 0.1708614 0.1399859 0.4301581 0.3487949 0.1226174 0.1377287 0.0822824 0.1782445 0.1491420 0.0467586 0.4052698 0.0733750 0.0769746 0.0756242 0.1598034 0.0808586 0.1590306 0.1395330 0.0738713 0.0513179 0.0822554 0.1561845 0.0325825 0.0599148 0.0284327 0.1056561 0.0181166 0.1571247 0.0823513 0.1388516 0.0797703 0.0797838 0.1082717 0.5550608 0.1214484 0.0980128 0.0395392 0.1663148 0.1062311 0.2326271 0.2237868 0.4257304 0.0761927 0.0804502 0.1323463 0.0857614 0.4485814 0.0754388 0.1131800 0.2254759 0.1290006 0.0393718 0.1585020 0.0806010 0.1289055 0.1174623 0.0984318 
Perityle_californica_76_positas            0.1557868 0.1141784 0.1299026 0.2053445 0.1435360 0.5116120 0.1740827 0.2364809 0.1485612 0.1663238 0.4769837 0.1353446 0.1419648 0.1705823 0.1583678 0.1310369 0.0000000 0.1522008 0.1471200 0.1287737 0.1392763 0.4551764 0.1496537 0.1442841 0.1378153 0.1571905 0.1741269 0.1854184 0.1693783 0.5031096 0.2201982 0.1658841 0.1502956 0.1578078 0.1467350 0.1264295 0.1469781 0.3539122 0.1557452 0.1469079 0.1493704 0.1323159 0.1374300 0.1326286 0.1745945 0.1492285 0.1446076 0.1374977 0.1317716 0.1447807 0.1453808 0.1392684 0.1611389 0.1384047 0.1672226 0.1778844 0.2067358 0.1378156 0.1409994 0.1623524 0.6169112 0.1782629 0.1612903 0.1500949 0.1814821 0.1628756 0.1902271 0.1912447 0.5026046 0.1320749 0.1507949 0.1572946 0.1520210 0.5359796 0.1526704 0.2241120 0.2033705 0.1273879 0.1335218 0.1443421 0.1409238 0.0449179 0.0910086 0.1077440 
Perityle_canescens_77                      0.1428133 0.1050217 0.1901711 0.2419719 0.0938348 0.5136351 0.3070291 0.2582291 0.1426543 0.1151001 0.4413984 0.0988087 0.1247071 0.1625188 0.1174274 0.0954597 0.1522008 0.0000000 0.1026854 0.0981483 0.1102061 0.4130292 0.1134059 0.1153616 0.1076309 0.1420119 0.1320113 0.1892076 0.1610917 0.5014920 0.3443593 0.1435488 0.1448587 0.1166629 0.1391867 0.1705060 0.1042263 0.3826627 0.1228426 0.1146571 0.1070919 0.1800903 0.1094676 0.1720204 0.1640998 0.1048837 0.1000431 0.1132396 0.1767326 0.0971785 0.0978873 0.0976990 0.1421552 0.0988710 0.1993423 0.1239840 0.1559587 0.1122242 0.1123927 0.1401872 0.5477339 0.1519245 0.1247012 0.1150206 0.1821776 0.1408070 0.2542852 0.2469024 0.4792883 0.1099659 0.1130855 0.1584170 0.1167649 0.4985308 0.1086475 0.1868411 0.2436989 0.1589905 0.1024066 0.1505777 0.1121412 0.1523886 0.1378571 0.1204768 
Perityle_castillonii_96                    0.1341523 0.1001316 0.1361036 0.2516042 0.0660230 0.5032882 0.2974755 0.2148678 0.1313700 0.1007089 0.4294838 0.0527904 0.0739099 0.1186404 0.0649719 0.0470592 0.1471200 0.1026854 0.0000000 0.0567137 0.0532603 0.3996567 0.0557950 0.0497732 0.0759691 0.1052009 0.0788317 0.1645223 0.1430455 0.4812828 0.3484103 0.1178722 0.1332100 0.0598232 0.1652358 0.1434246 0.0198395 0.3901184 0.0707149 0.0442317 0.0549773 0.1540554 0.0609768 0.1550615 0.1331827 0.0463121 0.0278612 0.0596729 0.1504034 0.0582988 0.0369148 0.0533237 0.1016223 0.0509971 0.1619656 0.1070992 0.1365248 0.0581217 0.0568794 0.1052566 0.5674788 0.1228231 0.1005623 0.0668775 0.1630566 0.1030315 0.2211859 0.2139959 0.4540912 0.0571737 0.0564566 0.1317455 0.0598195 0.4752553 0.0523135 0.1434700 0.2218855 0.1245132 0.0622201 0.1501086 0.0581129 0.1355737 0.1241244 0.1041761 
Perityle_cernua_84                         0.1435938 0.0940682 0.1409472 0.2557737 0.0683097 0.5020793 0.2967925 0.2216452 0.1405562 0.0985500 0.4004670 0.0785247 0.0463494 0.1087390 0.0886214 0.0752636 0.1287737 0.0981483 0.0567137 0.0000000 0.0336695 0.3882868 0.0450336 0.0218993 0.0681105 0.1100184 0.1015778 0.1799120 0.1350885 0.4520736 0.3408964 0.1245966 0.1425422 0.0526373 0.1182660 0.1430327 0.0581039 0.3724713 0.0934889 0.0284552 0.0425101 0.1566610 0.0409271 0.1511692 0.1398676 0.0357151 0.0514844 0.0441817 0.1515930 0.0843025 0.0304712 0.0742874 0.1060069 0.0761065 0.1615177 0.1108235 0.1300820 0.0416905 0.0409097 0.1082761 0.5335048 0.1226024 0.1032148 0.0955897 0.1761439 0.1077218 0.2235730 0.2055015 0.4472827 0.0398243 0.0441128 0.1290130 0.0399413 0.4697151 0.0410166 0.1200344 0.2167486 0.1318060 0.0919280 0.1444061 0.0416841 0.1311806 0.1265051 0.1102446 
Perityle_cfvillosa_25_tin                  0.1397583 0.1037409 0.1275140 0.2500218 0.0755928 0.5098091 0.3085215 0.2197802 0.1359805 0.0919998 0.4153622 0.0817206 0.0523941 0.1190692 0.0796624 0.0764908 0.1392763 0.1102061 0.0532603 0.0336695 0.0000000 0.4033359 0.0328961 0.0331692 0.0659411 0.1033478 0.0916832 0.1698561 0.1364534 0.4659838 0.3454393 0.1161701 0.1397390 0.0395362 0.1851210 0.1448297 0.0570939 0.3929161 0.0832244 0.0288596 0.0360095 0.1585241 0.0072587 0.1596823 0.1327367 0.0312770 0.0428957 0.0082320 0.1528210 0.0854241 0.0284709 0.0731999 0.0996257 0.0783469 0.1485251 0.1196236 0.1346096 0.0059822 0.0052432 0.1119992 0.5866146 0.1222362 0.1119300 0.0920771 0.1662741 0.1010818 0.1973928 0.1897099 0.4611766 0.0304199 0.0320528 0.1253157 0.0217838 0.4832788 0.0300027 0.1147057 0.1983665 0.1359438 0.0903313 0.1564503 0.0044795 0.1312951 0.1279124 0.1139334 
Perityle_cinerea_113_Powell1310            0.4101959 0.3483672 0.4562109 0.4252855 0.4116579 0.0000010 0.6581797 0.4060760 0.4101959 0.4168633 0.0000010 0.3865249 0.4374658 0.5863573 0.4210015 0.3964700 0.4551764 0.4130292 0.3996567 0.3882868 0.4033359 0.0000000 0.4254048 0.5822945 0.4283277 0.4020284 0.4211266 0.4044933 0.4181445 0.0000010 0.4643108 0.4356198 0.4101959 0.4306953 0.3999152 0.3863906 0.4021648 0.6582343 0.3862858 0.4342269 0.4368553 0.3782295 0.4281684 0.3808732 0.3928222 0.4293315 0.3939363 0.4291568 0.3921468 0.3977625 0.3661407 0.4018600 0.3856002 0.4003278 0.4387696 0.6443372 0.6168567 0.4329209 0.4019423 0.4371050 0.0051609 0.4190965 0.5777765 0.4059960 0.4081962 0.4019510 0.4306547 0.4366655 0.0024833 0.4238489 0.4245880 0.4125704 0.4080770 0.0025173 0.4210355 0.5990157 0.4558574 0.3416785 0.4113235 0.4687098 0.4281684 0.3745899 0.4327722 0.5690040 
Perityle_coahuilensis_24                   0.1437241 0.0924159 0.1622290 0.2794538 0.0777964 0.5113481 0.3087486 0.2248721 0.1374924 0.1078734 0.4797170 0.0839526 0.0544709 0.1266272 0.0839840 0.0780620 0.1496537 0.1134059 0.0557950 0.0450336 0.0328961 0.4254048 0.0000000 0.0383516 0.0637756 0.1041910 0.1035078 0.1771420 0.1525562 0.5147341 0.3497021 0.1298656 0.1410511 0.0426688 0.1827442 0.1499623 0.0644646 0.3914741 0.0871316 0.0064111 0.0384533 0.1635509 0.0390267 0.1607241 0.1399246 0.0332282 0.0513026 0.0370064 0.1567388 0.0869714 0.0259793 0.0777595 0.1032896 0.0811613 0.1877524 0.1261219 0.1368667 0.0347785 0.0345006 0.1121557 0.5767757 0.1277584 0.1148392 0.0965762 0.1717226 0.1033957 0.2453839 0.2290677 0.4697489 0.0361553 0.0063718 0.1418161 0.0378969 0.4891209 0.0298437 0.1295102 0.2412119 0.1400774 0.0981929 0.1593559 0.0347738 0.1407840 0.1199394 0.1144252 
Perityle_cochisensis_44_cave_creek         0.1525580 0.0841355 0.0938620 0.2479004 0.0738533 0.6606568 0.1337815 0.2262388 0.1488175 0.0951053 0.5982619 0.0776541 0.0243725 0.1213044 0.0887498 0.0778528 0.1442841 0.1153616 0.0497732 0.0218993 0.0331692 0.5822945 0.0383516 0.0000000 0.0738197 0.1301720 0.1079617 0.1773910 0.1285251 0.6587767 0.3910767 0.1363989 0.1525931 0.0486071 0.1959581 0.1437779 0.0474374 0.3365038 0.0841903 0.0357128 0.0414847 0.1566487 0.0299132 0.1525066 0.1388154 0.0321269 0.0437231 0.0383056 0.1505496 0.0907734 0.0269684 0.0711577 0.1289814 0.0732062 0.1025795 0.1214982 0.1393667 0.0362926 0.0364076 0.1107365 0.7234019 0.1243764 0.1119429 0.0982275 0.1699838 0.1193841 0.2006123 0.1958561 0.6513363 0.0340841 0.0382591 0.1105657 0.0433526 0.6771742 0.0272434 0.1237333 0.1959590 0.1404405 0.0858992 0.1046962 0.0352468 0.1501287 0.1089580 0.1174125 
Perityle_congesta_202                      0.1497198 0.1104787 0.1731124 0.2925945 0.0782497 0.5118237 0.3253866 0.2325293 0.1452510 0.1127313 0.4823222 0.0454294 0.0907359 0.1617573 0.0920439 0.0495223 0.1378153 0.1076309 0.0759691 0.0681105 0.0659411 0.4283277 0.0637756 0.0738197 0.0000000 0.1049302 0.0986732 0.1875932 0.1609774 0.5285271 0.3606013 0.1412019 0.1488426 0.0712624 0.1933506 0.1608676 0.0832275 0.4096614 0.0962322 0.0724221 0.0660902 0.1724394 0.0717526 0.1723875 0.1499802 0.0644593 0.0800463 0.0691966 0.1687688 0.0555047 0.0646232 0.0530748 0.1039692 0.0499591 0.1911392 0.0941279 0.1465869 0.0652999 0.0660850 0.1197878 0.5930325 0.1281534 0.1051195 0.0603683 0.1833303 0.1019166 0.2581266 0.2435264 0.4795353 0.0536860 0.0652476 0.1543206 0.0729223 0.4987565 0.0601943 0.1819640 0.2512318 0.1431288 0.0651502 0.1641030 0.0668530 0.1370402 0.1324040 0.1298672 
Perityle_cordifolia_27                     0.1668971 0.1118030 0.1954287 0.2728061 0.1144397 0.5150560 0.3647113 0.2550228 0.1569230 0.1584067 0.4677548 0.1083334 0.1251384 0.1980340 0.1181878 0.1093838 0.1571905 0.1420119 0.1052009 0.1100184 0.1033478 0.4020284 0.1041910 0.1301720 0.1049302 0.0000000 0.1302682 0.1898053 0.1669581 0.5101911 0.3588850 0.1424915 0.1609236 0.1136029 0.2354075 0.1784321 0.1123016 0.4506895 0.1229368 0.1143469 0.1050710 0.1857670 0.1113510 0.1859646 0.1546187 0.1030549 0.1056026 0.1085039 0.1783727 0.1137194 0.0991117 0.1055417 0.0186649 0.1036897 0.2402856 0.1385083 0.0667831 0.1039974 0.1044736 0.1551534 0.5303724 0.1296451 0.0210597 0.1172221 0.1846542 0.0109214 0.2644857 0.2476160 0.4607871 0.1064002 0.1059229 0.1536610 0.1111891 0.4803219 0.0999842 0.1986449 0.2719748 0.1621816 0.1105010 0.1738410 0.1067326 0.1514768 0.1434135 0.1366696 
Perityle_cordifolia_68_tecolote            0.1653854 0.1453173 0.1762659 0.2792377 0.0946904 0.5209036 0.3456381 0.2302257 0.1607997 0.1249075 0.4797550 0.0760354 0.1277809 0.1988560 0.0976387 0.0768486 0.1741269 0.1320113 0.0788317 0.1015778 0.0916832 0.4211266 0.1035078 0.1079617 0.0986732 0.1302682 0.0000000 0.1890591 0.1876876 0.5235547 0.3818101 0.1542495 0.1644922 0.1100163 0.2102065 0.1682544 0.0848616 0.4432330 0.1043790 0.0976043 0.1026397 0.1801133 0.1037876 0.1789761 0.1623322 0.0991434 0.0703641 0.1009527 0.1744250 0.0799393 0.0901495 0.0782762 0.1301853 0.0799455 0.2087225 0.0213052 0.1770414 0.0985237 0.0972128 0.1398818 0.5786117 0.1561703 0.1400947 0.0912801 0.1867321 0.1277931 0.2479963 0.2420079 0.4669971 0.0990467 0.1049239 0.1737640 0.0962216 0.4927856 0.1026829 0.1789167 0.2636359 0.1509998 0.0894893 0.1851409 0.0993358 0.1527022 0.1619863 0.1521112 
Perityle_coronopifolia_28_patagonia        0.1837686 0.1203261 0.1996382 0.3049018 0.1802937 0.4848519 0.3770443 0.2423332 0.1763040 0.1760568 0.4739983 0.1842327 0.2105881 0.1926671 0.1782054 0.1708614 0.1854184 0.1892076 0.1645223 0.1799120 0.1698561 0.4044933 0.1771420 0.1773910 0.1875932 0.1898053 0.1890591 0.0000000 0.1728095 0.5112240 0.4018901 0.1626423 0.1784102 0.1760864 0.3173189 0.1191154 0.1833849 0.4418163 0.1794616 0.1673588 0.1718433 0.1275472 0.1891826 0.1222785 0.1692727 0.1749078 0.1684823 0.1765867 0.1253410 0.1893532 0.1587127 0.1745131 0.1874673 0.1807174 0.2448117 0.2183241 0.2284324 0.1724864 0.1734555 0.1960321 0.5767786 0.1521174 0.1511427 0.1870791 0.0212302 0.1873732 0.2459467 0.2498761 0.4571185 0.1787051 0.1760555 0.1676433 0.1757325 0.4837269 0.1749277 0.2115628 0.2565924 0.1321804 0.1819987 0.1870997 0.1723859 0.1570208 0.1482149 0.1355288 
Perityle_crassifolia_70_ventanas           0.1461879 0.1224993 0.2038692 0.2619711 0.1410414 0.5394632 0.3132193 0.2462502 0.1448451 0.1823992 0.4434204 0.1505953 0.1563221 0.0998026 0.1635526 0.1399859 0.1693783 0.1610917 0.1430455 0.1350885 0.1364534 0.4181445 0.1525562 0.1285251 0.1609774 0.1669581 0.1876876 0.1728095 0.0000000 0.4995665 0.3641624 0.1268881 0.1461634 0.1537632 0.1701812 0.1581814 0.1495663 0.3763669 0.1490940 0.1151234 0.1511000 0.1641564 0.1485537 0.1600912 0.1888610 0.1525462 0.1406802 0.1555074 0.1625313 0.1536551 0.1222145 0.1505681 0.1610825 0.1490650 0.2066349 0.1741009 0.1741670 0.1527636 0.1393326 0.1707151 0.5900375 0.1936442 0.1098960 0.1582904 0.1689907 0.1652266 0.2350236 0.2383859 0.4840305 0.1525169 0.1485639 0.0180361 0.1441924 0.5153158 0.1487959 0.2520737 0.2434992 0.1519882 0.1401463 0.1645021 0.1527158 0.1589620 0.1191210 0.1585805 
Perityle_crassifolia_74_playa_balandra     0.4954263 0.4012383 0.5483680 0.4779259 0.5212838 0.0029174 0.7133388 0.4239768 0.4985974 0.5142283 0.0022159 0.4827016 0.5136424 0.6558472 0.5212747 0.4301581 0.5031096 0.5014920 0.4812828 0.4520736 0.4659838 0.0000010 0.5147341 0.6587767 0.5285271 0.5101911 0.5235547 0.5112240 0.4995665 0.0000000 0.5613605 0.5164421 0.4985974 0.5226221 0.4929666 0.4469979 0.5137982 0.7142496 0.4452335 0.5097272 0.5354152 0.4442966 0.5303913 0.4389693 0.4902291 0.5282318 0.4967044 0.5242273 0.4448499 0.5078241 0.4374916 0.5152022 0.5008720 0.5065354 0.5612979 0.6949710 0.6918979 0.5275013 0.4626229 0.5154525 0.0043179 0.5184896 0.6688151 0.5077021 0.5125798 0.5049137 0.5350910 0.5251303 0.0021043 0.5327679 0.5190883 0.4871201 0.4646313 0.0021140 0.5170511 0.7425405 0.5698639 0.3949117 0.5169816 0.5351527 0.5238308 0.4391115 0.4469744 0.5994419 
Perityle_cuneata_34_cuneata_San_antonio    0.3628161 0.1626350 0.3761580 0.3869396 0.3462852 0.5195955 0.3020844 0.3489571 0.3642499 0.4089226 0.4859476 0.3474659 0.3107517 0.3141585 0.3658599 0.3487949 0.2201982 0.3443593 0.3484103 0.3408964 0.3454393 0.4643108 0.3497021 0.3910767 0.3606013 0.3588850 0.3818101 0.4018901 0.3641624 0.5613605 0.0000000 0.3642881 0.3662057 0.3503811 0.3765227 0.3605547 0.3429735 0.5946440 0.3569138 0.3549561 0.3505209 0.3689910 0.3338153 0.3570231 0.3763943 0.3496190 0.3305614 0.3451619 0.3703473 0.3537605 0.3505189 0.3507317 0.3558071 0.3562828 0.3834795 0.3501286 0.3764309 0.3461625 0.3518972 0.3798690 0.7017622 0.3180440 0.2824023 0.3782820 0.3924752 0.3525957 0.3784074 0.3812965 0.5510567 0.3499133 0.3560942 0.3707253 0.3394012 0.5907234 0.3513368 0.2506274 0.3835534 0.3622113 0.3191768 0.1593279 0.3490952 0.2969287 0.0702874 0.1321912 
Perityle_cuneata_4                         0.1473854 0.1069336 0.1874262 0.2552240 0.1319207 0.5316743 0.3379628 0.2130699 0.1429790 0.1497623 0.4726338 0.1331823 0.1524163 0.1566984 0.1323707 0.1226174 0.1658841 0.1435488 0.1178722 0.1245966 0.1161701 0.4356198 0.1298656 0.1363989 0.1412019 0.1424915 0.1542495 0.1626423 0.1268881 0.5164421 0.3642881 0.0000000 0.1462433 0.1233843 0.2804396 0.1444725 0.1326297 0.4117822 0.1374324 0.1256079 0.1235251 0.1550514 0.1314027 0.1587877 0.1507591 0.1234328 0.1157533 0.1246284 0.1467220 0.1323907 0.1103403 0.1280237 0.1390791 0.1310873 0.2197965 0.1911679 0.1907022 0.1235515 0.1190235 0.1525839 0.5977847 0.1656009 0.1394652 0.1367294 0.1574725 0.1396072 0.2421067 0.2371299 0.4906953 0.1243154 0.1305457 0.1217446 0.1263272 0.5226743 0.1239783 0.2419745 0.2452489 0.1379819 0.1240682 0.1656317 0.1246328 0.1405080 0.1495638 0.1466732 
Perityle_discoidea_81                      0.0087040 0.1149417 0.1846521 0.2625304 0.1468542 0.4587298 0.3070732 0.2263450 0.0028876 0.1588120 0.4780725 0.1456332 0.1739042 0.2014779 0.1448129 0.1377287 0.1502956 0.1448587 0.1332100 0.1425422 0.1397390 0.4101959 0.1410511 0.1525931 0.1488426 0.1609236 0.1644922 0.1784102 0.1461634 0.4985974 0.3662057 0.1462433 0.0000000 0.1529124 0.2658404 0.1549983 0.1496734 0.4503165 0.1480862 0.1370199 0.1489903 0.1617379 0.1503108 0.1662337 0.1735281 0.1443253 0.1402516 0.1489986 0.1611055 0.1493415 0.1319750 0.1442689 0.1560127 0.1492283 0.2085108 0.1719031 0.1850071 0.1454137 0.1420841 0.1661577 0.5597367 0.1769105 0.1639905 0.1564244 0.1751076 0.1566240 0.2439112 0.2365043 0.4347237 0.1486319 0.1443669 0.1393157 0.1450276 0.4645314 0.1394717 0.1794266 0.2434844 0.1430835 0.1533719 0.1590540 0.1453832 0.1330350 0.1171303 0.1365624 
Perityle_dissecta_201                      0.1529966 0.1001818 0.1575901 0.2873304 0.0847287 0.5135327 0.3263908 0.2284707 0.1491921 0.1050620 0.4813999 0.0892811 0.0682274 0.1359594 0.0919502 0.0822824 0.1578078 0.1166629 0.0598232 0.0526373 0.0395362 0.4306953 0.0426688 0.0486071 0.0712624 0.1136029 0.1100163 0.1760864 0.1537632 0.5226221 0.3503811 0.1233843 0.1529124 0.0000000 0.1939889 0.1536434 0.0674409 0.3847176 0.0957797 0.0438842 0.0441825 0.1682864 0.0485389 0.1688234 0.1489745 0.0395354 0.0576715 0.0426641 0.1595737 0.0905818 0.0405537 0.0816663 0.1117168 0.0862254 0.1892625 0.1275795 0.1348119 0.0411282 0.0434737 0.1172126 0.5887620 0.1384268 0.1147833 0.0987017 0.1736038 0.1109654 0.2498503 0.2334283 0.4775487 0.0448820 0.0441351 0.1453447 0.0508494 0.4967087 0.0383577 0.1211033 0.2462650 0.1376359 0.1016659 0.1527580 0.0411224 0.1403240 0.1310107 0.1239766 
Perityle_emoryi_47_punta_san_jose          0.2647834 0.0865094 0.2652980 0.2726603 0.1333731 0.4845923 0.1385620 0.3620941 0.2630369 0.2563156 0.4164359 0.1275507 0.0967223 0.1334677 0.1996016 0.1782445 0.1467350 0.1391867 0.1652358 0.1182660 0.1851210 0.3999152 0.1827442 0.1959581 0.1933506 0.2354075 0.2102065 0.3173189 0.1701812 0.4929666 0.3765227 0.2804396 0.2658404 0.1939889 0.0000000 0.2702462 0.1064831 0.4299189 0.1758071 0.1848924 0.1865006 0.2765873 0.1317579 0.2332501 0.2526948 0.1815684 0.1577140 0.1886050 0.2710051 0.1569580 0.1739851 0.1754368 0.2230549 0.1485448 0.2305116 0.1236052 0.1572052 0.1900795 0.1893882 0.2341305 0.6484490 0.1429548 0.0891666 0.1992966 0.3047727 0.2315137 0.3193580 0.3055284 0.4867097 0.1796974 0.1822823 0.2178354 0.1913084 0.5153060 0.1794798 0.1755522 0.2767053 0.2701612 0.0929956 0.1165301 0.1888039 0.2953946 0.0992492 0.1200702 
Perityle_feddemae_99                       0.1570563 0.1061904 0.1565082 0.2526420 0.1631399 0.4844258 0.3272195 0.2231413 0.1519122 0.1548324 0.4126929 0.1584737 0.1751070 0.1929718 0.1633075 0.1491420 0.1264295 0.1705060 0.1434246 0.1430327 0.1448297 0.3863906 0.1499623 0.1437779 0.1608676 0.1784321 0.1682544 0.1191154 0.1581814 0.4469979 0.3605547 0.1444725 0.1549983 0.1536434 0.2702462 0.0000000 0.1551286 0.3990239 0.1663842 0.1324414 0.1556314 0.0227572 0.1556093 0.0194336 0.1554349 0.1494953 0.1400187 0.1501233 0.0169682 0.1623766 0.1371678 0.1513550 0.1728299 0.1588684 0.2088088 0.1669091 0.1637157 0.1452138 0.1468592 0.1791867 0.5481243 0.1827062 0.1340311 0.1613582 0.1174381 0.1745916 0.2095283 0.2052754 0.4312567 0.1474460 0.1515742 0.1473215 0.1479848 0.4617501 0.1520181 0.1847989 0.2100197 0.0610875 0.1614541 0.1945065 0.1491094 0.1313671 0.1445872 0.0731189 
Perityle_fosteri_93                        0.1507065 0.0959007 0.1665269 0.2564067 0.0703415 0.5018464 0.3010355 0.2216389 0.1477281 0.1098308 0.4670514 0.0537401 0.0754367 0.1208655 0.0700978 0.0467586 0.1469781 0.1042263 0.0198395 0.0581039 0.0570939 0.4021648 0.0644646 0.0474374 0.0832275 0.1123016 0.0848616 0.1833849 0.1495663 0.5137982 0.3429735 0.1326297 0.1496734 0.0674409 0.1064831 0.1551286 0.0000000 0.3859186 0.0720100 0.0489995 0.0619540 0.1668147 0.0661655 0.1612624 0.1424147 0.0575643 0.0343074 0.0669854 0.1627567 0.0585933 0.0401029 0.0568850 0.1093920 0.0544044 0.1872816 0.1131111 0.1342565 0.0653224 0.0608856 0.1147862 0.5284821 0.1308334 0.0978169 0.0704690 0.1807056 0.1096070 0.2519008 0.2442223 0.4561405 0.0651037 0.0643300 0.1423075 0.0616546 0.4779938 0.0605587 0.1372310 0.2527977 0.1306756 0.0630798 0.1484126 0.0653116 0.1416280 0.1219327 0.1070163 
Perityle_gamon_221                         0.4488558 0.3073626 0.4039473 0.4528633 0.3814294 0.6970855 0.3396899 0.5915934 0.4464597 0.3874473 0.6769762 0.4005891 0.3620905 0.2105714 0.4000326 0.4052698 0.3539122 0.3826627 0.3901184 0.3724713 0.3929161 0.6582343 0.3914741 0.3365038 0.4096614 0.4506895 0.4432330 0.4418163 0.3763669 0.7142496 0.5946440 0.4117822 0.4503165 0.3847176 0.4299189 0.3990239 0.3859186 0.0000000 0.3977986 0.3733131 0.4008515 0.4135477 0.3862594 0.4066949 0.3289951 0.3962314 0.3875030 0.3924801 0.4049828 0.4025736 0.3835280 0.3980060 0.4467373 0.3920428 0.4155660 0.1909254 0.2208692 0.3951845 0.3924924 0.4392690 0.8955154 0.3519738 0.1281710 0.4068210 0.4248383 0.4495830 0.4569252 0.4299469 0.7084392 0.3879219 0.3925015 0.4026256 0.4042735 0.7334184 0.3954193 0.2033811 0.4028728 0.3940274 0.3580409 0.3775664 0.3933779 0.4459827 0.3576840 0.1304371 
Perityle_gentryi_8_san_francisco           0.1491066 0.1054157 0.1361438 0.2638810 0.0837074 0.4822716 0.3205113 0.2333285 0.1461634 0.1028379 0.3941299 0.0818251 0.1173358 0.1687258 0.0116893 0.0733750 0.1557452 0.1228426 0.0707149 0.0934889 0.0832244 0.3862858 0.0871316 0.0841903 0.0962322 0.1229368 0.1043790 0.1794616 0.1490940 0.4452335 0.3569138 0.1374324 0.1480862 0.0957797 0.1758071 0.1663842 0.0720100 0.3977986 0.0000000 0.0840993 0.0897222 0.1701408 0.0889075 0.1683791 0.1393002 0.0878201 0.0709117 0.0888369 0.1705657 0.0871091 0.0739710 0.0771427 0.1191466 0.0767192 0.1607653 0.1256096 0.1539194 0.0845236 0.0864172 0.1247346 0.5476268 0.1438885 0.1136591 0.0948459 0.1780422 0.1187515 0.2136979 0.2126471 0.4401595 0.0902119 0.0878116 0.1405117 0.0948404 0.4691957 0.0892440 0.1721221 0.2130873 0.1424378 0.0874702 0.1564402 0.0853893 0.1498136 0.1318598 0.1146233 
Perityle_gilensis_22_Superstition          0.1392603 0.0708019 0.0791694 0.2307795 0.0714301 0.5086503 0.1259060 0.2164376 0.1324904 0.0892191 0.4496849 0.0813428 0.0278819 0.1233249 0.0809235 0.0769746 0.1469079 0.1146571 0.0442317 0.0284552 0.0288596 0.4342269 0.0064111 0.0357128 0.0724221 0.1143469 0.0976043 0.1673588 0.1151234 0.5097272 0.3549561 0.1256079 0.1370199 0.0438842 0.1848924 0.1324414 0.0489995 0.3733131 0.0840993 0.0000000 0.0374873 0.1453954 0.0317489 0.1436197 0.1299251 0.0297904 0.0394660 0.0326436 0.1409596 0.0880329 0.0147143 0.0720332 0.1132575 0.0781449 0.1059133 0.1224624 0.1359514 0.0326989 0.0308718 0.1032588 0.6335120 0.1193504 0.1142617 0.0960806 0.1625347 0.1128369 0.1786299 0.1745649 0.5036106 0.0278266 0.0054802 0.1004015 0.0342680 0.5309882 0.0253675 0.1258384 0.1799626 0.1364167 0.0895548 0.1025269 0.0317333 0.1449006 0.0877023 0.1135458 
Perityle_gilensis_salensis_225             0.1499338 0.0998533 0.1608757 0.2812668 0.0735564 0.5215685 0.3266735 0.2234042 0.1453953 0.1025893 0.4953342 0.0813546 0.0534699 0.1314691 0.0855451 0.0756242 0.1493704 0.1070919 0.0549773 0.0425101 0.0360095 0.4368553 0.0384533 0.0414847 0.0660902 0.1050710 0.1026397 0.1718433 0.1511000 0.5354152 0.3505209 0.1235251 0.1489903 0.0441825 0.1865006 0.1556314 0.0619540 0.4008515 0.0897222 0.0374873 0.0000000 0.1702194 0.0438142 0.1708356 0.1422812 0.0346767 0.0528565 0.0399583 0.1644820 0.0836221 0.0322314 0.0769604 0.1032564 0.0786874 0.1904415 0.1349266 0.1481596 0.0377234 0.0390997 0.1120799 0.5889282 0.1300692 0.1175603 0.0941022 0.1675914 0.1024565 0.2481452 0.2321347 0.4907756 0.0398667 0.0383865 0.1429443 0.0452042 0.5150831 0.0335362 0.1443138 0.2433559 0.1389005 0.0935136 0.1586577 0.0377183 0.1325889 0.1303970 0.1331652 
Perityle_glaucescens_94                    0.1638095 0.1090296 0.1545151 0.2642167 0.1748568 0.4741248 0.3267964 0.2329954 0.1586312 0.1611607 0.4088318 0.1689264 0.1890053 0.1971608 0.1689674 0.1598034 0.1323159 0.1800903 0.1540554 0.1566610 0.1585241 0.3782295 0.1635509 0.1566487 0.1724394 0.1857670 0.1801133 0.1275472 0.1641564 0.4442966 0.3689910 0.1550514 0.1617379 0.1682864 0.2765873 0.0227572 0.1668147 0.4135477 0.1701408 0.1453954 0.1702194 0.0000000 0.1704343 0.0245158 0.1660201 0.1619949 0.1550236 0.1646621 0.0202090 0.1724054 0.1498187 0.1620540 0.1813090 0.1700758 0.2075130 0.1773117 0.1804772 0.1596718 0.1604200 0.1890333 0.5462243 0.1956086 0.1411572 0.1722308 0.1270037 0.1819690 0.2170657 0.2161264 0.4246958 0.1587664 0.1660898 0.1502679 0.1599390 0.4554043 0.1645480 0.2008355 0.2210691 0.0664936 0.1715938 0.1991537 0.1636280 0.1379206 0.1485694 0.0793689 
Perityle_gracilis_11                       0.1532308 0.1016000 0.1728047 0.2731564 0.0811619 0.5020793 0.3043997 0.2258040 0.1483896 0.1131125 0.4897235 0.0891109 0.0564350 0.1190516 0.0933800 0.0808586 0.1374300 0.1094676 0.0609768 0.0409271 0.0072587 0.4281684 0.0390267 0.0299132 0.0717526 0.1113510 0.1037876 0.1891826 0.1485537 0.5303913 0.3338153 0.1314027 0.1503108 0.0485389 0.1317579 0.1556093 0.0661655 0.3862594 0.0889075 0.0317489 0.0438142 0.1704343 0.0000000 0.1637767 0.1504726 0.0389566 0.0540710 0.0153058 0.1641905 0.0942088 0.0314144 0.0845675 0.1093701 0.0863297 0.1965367 0.1217448 0.1325802 0.0129898 0.0086829 0.1226471 0.5666453 0.1281805 0.1119100 0.1033166 0.1842812 0.1066683 0.2565378 0.2420425 0.4783433 0.0404543 0.0381621 0.1416492 0.0235634 0.5059897 0.0359589 0.1115959 0.2597216 0.1439545 0.0991096 0.1528766 0.0129881 0.1398374 0.1268257 0.1139100 
Perityle_harkerae_31                       0.1662918 0.1054547 0.1612717 0.2501522 0.1681411 0.4732692 0.3274815 0.2375724 0.1651766 0.1665449 0.4072458 0.1645143 0.1797758 0.1845075 0.1697006 0.1590306 0.1326286 0.1720204 0.1550615 0.1511692 0.1596823 0.3808732 0.1607241 0.1525066 0.1723875 0.1859646 0.1789761 0.1222785 0.1600912 0.4389693 0.3570231 0.1587877 0.1662337 0.1688234 0.2332501 0.0194336 0.1612624 0.4066949 0.1683791 0.1436197 0.1708356 0.0245158 0.1637767 0.0000000 0.1665171 0.1632126 0.1537063 0.1650427 0.0219070 0.1714621 0.1506012 0.1631062 0.1812981 0.1647616 0.2120520 0.1664104 0.1720305 0.1598406 0.1617031 0.1931869 0.5319051 0.1887914 0.1333512 0.1740872 0.1205725 0.1828016 0.2168230 0.2134575 0.4231042 0.1610674 0.1623651 0.1501989 0.1634992 0.4539527 0.1663526 0.1984881 0.2179371 0.0677184 0.1656704 0.1942391 0.1639644 0.1435207 0.1489964 0.0825547 
Perityle_hofmeisteria_4_nombre_de_dios     0.1745306 0.1299915 0.2020068 0.2866389 0.1417676 0.4782992 0.3750358 0.2228154 0.1697417 0.1583457 0.4493293 0.1454692 0.1608481 0.2103931 0.1406641 0.1395330 0.1745945 0.1640998 0.1331827 0.1398676 0.1327367 0.3928222 0.1399246 0.1388154 0.1499802 0.1546187 0.1623322 0.1692727 0.1888610 0.4902291 0.3763943 0.1507591 0.1735281 0.1489745 0.2526948 0.1554349 0.1424147 0.3289951 0.1393002 0.1299251 0.1422812 0.1660201 0.1504726 0.1665171 0.0000000 0.1403499 0.1365380 0.1449780 0.1566782 0.1445448 0.1278798 0.1431746 0.1469352 0.1445416 0.2397349 0.1911276 0.1837632 0.1414421 0.1396311 0.1687991 0.5512029 0.1648296 0.1255264 0.1560234 0.1657081 0.1502874 0.2450635 0.2313467 0.4475953 0.1409427 0.1396395 0.1797875 0.1371243 0.4661149 0.1416443 0.2069330 0.2459812 0.1454842 0.1469298 0.1833263 0.1404860 0.1663466 0.1646616 0.1297975 
