85
Amauria_brandeegeana_62                    0.0000000 0.1257918 0.0762813 0.2210970 0.1308218 0.1259135 0.1698657 0.1815999 0.3761400 0.1414315 0.1098855 0.2696129 0.2619713 0.2596280 0.5255186 0.1441540 0.2575132 0.1807530 0.1945104 0.2347561 0.2560121 0.2546877 0.1784759 0.2621247 0.2421768 0.1301717 0.1271104 0.2622615 0.2800832 0.1367892 0.1436524 0.1089869 0.1284875 0.2608094 0.1202269 0.1495854 0.1785970 0.2175777 0.1478362 0.2573874 0.5705246 0.1534775 0.2490571 0.1496443 0.1658871 0.2558350 0.2621983 0.2663679 0.1514548 0.2617673 0.2471700 0.2579671 0.1252838 0.2798092 0.2531848 0.2519158 0.1140125 0.2618873 0.2701590 0.2712801 0.0943807 0.2412893 0.1230323 0.2599881 0.2797467 0.1270027 0.6870516 0.6872426 0.3659904 0.2534675 0.2598011 0.1380358 0.2403020 0.2620187 0.2571556 0.3219578 0.1408630 0.2794279 0.2448402 0.2602131 0.2873927 0.2701590 0.1165351 0.1308543 0.3649108 
Amauria_carterae_99_mesa                   0.1257918 0.0000000 0.0719532 0.2203578 0.0883588 0.0659405 0.1693169 0.1522454 0.3380309 0.0946461 0.0749526 0.3061715 0.2946860 0.2911943 0.5822858 0.0999298 0.2821576 0.1226761 0.2254917 0.2852395 0.2856099 0.3021082 0.1521443 0.2971694 0.2946218 0.1209672 0.0830888 0.2797228 0.3129515 0.0923758 0.0692280 0.0743489 0.0946989 0.2925455 0.0881357 0.0707349 0.1713292 0.2257095 0.1002052 0.2848254 0.3855867 0.0760424 0.2946860 0.0732412 0.0817680 0.2881033 0.2915169 0.3006438 0.0706454 0.2944895 0.3038072 0.2819634 0.0806956 0.2911857 0.3228224 0.2724600 0.0605822 0.3006438 0.3035795 0.3147413 0.0620057 0.2929874 0.0755369 0.2904452 0.3152717 0.0806956 0.7479065 0.7423227 0.3585841 0.2717550 0.2976527 0.0844452 0.2615137 0.2977211 0.2918947 0.3055401 0.1120008 0.3240416 0.2985201 0.2908228 0.2931079 0.3035795 0.0921751 0.0628174 0.3506851 
Amauria_rotundifolia_SRR9119150            0.0762813 0.0719532 0.0000000 0.2475512 0.1067469 0.0725152 0.2295142 0.1810784 0.4270370 0.1934666 0.1550921 0.3498670 0.3424084 0.3359818 0.5309883 0.1949816 0.3419239 0.1519591 0.1853993 0.3174097 0.2936786 0.2534262 0.1684697 0.3358495 0.3205972 0.1202157 0.1756591 0.3298407 0.3588260 0.1495410 0.1031795 0.1566426 0.1796888 0.3413934 0.1048879 0.1696765 0.1747644 0.2399309 0.1986644 0.3336206 0.6573274 0.1730095 0.3290141 0.1710764 0.1789915 0.3356206 0.3412019 0.3354101 0.1746901 0.3385943 0.3242065 0.3316784 0.1738128 0.2869855 0.3355108 0.2427482 0.0690786 0.3404157 0.3487204 0.3452292 0.0657601 0.2637236 0.0982732 0.3352939 0.3583528 0.1755798 0.7560168 0.7746397 0.3609324 0.2662443 0.3362085 0.1243440 0.3202711 0.2549876 0.3365232 0.3120679 0.1835581 0.2888128 0.3273356 0.3355842 0.2768756 0.3487204 0.1708803 0.1174924 0.3538237 
Conoclinium_coelestinum_SRR9119114         0.2210970 0.2203578 0.2475512 0.0000000 0.1861329 0.1733060 0.1243895 0.2176111 0.4097516 0.2540824 0.2331285 0.3149560 0.2925478 0.3015865 0.5086529 0.2350728 0.3055074 0.2137337 0.2357832 0.2879601 0.2823482 0.2716616 0.1941339 0.3065568 0.2846391 0.1804173 0.2442900 0.2976500 0.3043687 0.2339021 0.1801734 0.2566487 0.2318998 0.2989212 0.1839078 0.2124093 0.1645639 0.2770420 0.2420411 0.2942329 0.6295618 0.2141197 0.2899991 0.2148879 0.2287327 0.3012077 0.2954101 0.3049641 0.2145818 0.3015865 0.3037514 0.2951372 0.2417705 0.3067455 0.2886793 0.2729611 0.1824804 0.3098034 0.3113908 0.2948445 0.1354356 0.2804976 0.1909395 0.2985817 0.2941887 0.2417705 0.7426931 0.7358824 0.2831945 0.2829403 0.3065568 0.1949739 0.2865146 0.2619904 0.2953047 0.3041943 0.2654285 0.2824076 0.2943918 0.2988809 0.2473525 0.3113908 0.2321656 0.1509429 0.3217550 
Eutetras_palmeri_63                        0.1308218 0.0883588 0.1067469 0.1861329 0.0000000 0.0172387 0.1434658 0.1772120 0.3286517 0.0901277 0.0854350 0.2073794 0.1982677 0.1957317 0.5285938 0.0815825 0.2049681 0.0995165 0.1831831 0.1962313 0.1907315 0.2081124 0.1733339 0.2036703 0.1964637 0.1049901 0.0815880 0.1971143 0.2121079 0.0871215 0.0771976 0.1048014 0.0848246 0.1970286 0.0871351 0.0982495 0.1641418 0.1886135 0.0866006 0.1936529 0.5433464 0.1017543 0.1933656 0.0965597 0.1073722 0.1924191 0.1982895 0.2101312 0.1018085 0.1977324 0.2073045 0.1939530 0.0781974 0.2299236 0.2180749 0.2255991 0.0907858 0.2068090 0.2099720 0.2139724 0.0613747 0.2140534 0.0895720 0.1925969 0.2138457 0.0798601 0.6455239 0.6317275 0.3107608 0.1894821 0.2034870 0.0889641 0.1778270 0.2021288 0.1930423 0.2864657 0.1372555 0.2165080 0.2065984 0.1927584 0.2715725 0.2099720 0.0845689 0.0630113 0.3049400 
Eutetras_pringlei_149_quer                 0.1259135 0.0659405 0.0725152 0.1733060 0.0172387 0.0000000 0.1310980 0.1489756 0.3145806 0.0740826 0.0485576 0.2718593 0.2600085 0.2598222 0.4518665 0.0771685 0.2517036 0.0934664 0.2293922 0.2521720 0.2521720 0.2676558 0.1564567 0.2686086 0.2600085 0.0946180 0.0775487 0.2540445 0.2898206 0.0678338 0.0841246 0.0496937 0.0709432 0.2613291 0.0709005 0.0770768 0.1891994 0.2323883 0.0806241 0.2557078 0.2598222 0.0804437 0.2600085 0.0702933 0.0805805 0.2599340 0.2600085 0.2676558 0.0737413 0.2598222 0.2745582 0.2514572 0.0712587 0.2598243 0.2931470 0.2577604 0.0678679 0.2676558 0.2714356 0.2919291 0.0530907 0.2609904 0.0712416 0.2527592 0.2794741 0.0743990 0.5963729 0.6150266 0.2822826 0.2579031 0.2681186 0.0676228 0.2137054 0.2598032 0.2564003 0.2600085 0.0900797 0.2852710 0.2690054 0.2531863 0.2727986 0.2714356 0.0709005 0.0590755 0.2786960 
Eutrochium_fistulosum_SRR9119106           0.1698657 0.1693169 0.2295142 0.1243895 0.1434658 0.1310980 0.0000000 0.1854578 0.3964247 0.1902822 0.1495812 0.2932760 0.2666666 0.2728060 0.5009812 0.1956135 0.2876679 0.2326182 0.1729331 0.2758843 0.2618166 0.2198481 0.1473226 0.2770970 0.2604414 0.1386099 0.1977141 0.2719216 0.2869199 0.1730623 0.1318219 0.2127965 0.1820733 0.2720192 0.1309512 0.1807658 0.1490289 0.2373205 0.2016960 0.2705136 0.5439601 0.1827921 0.2607291 0.1804662 0.1812453 0.2749719 0.2628779 0.2710750 0.1847808 0.2728060 0.2775672 0.2671600 0.1937593 0.2802297 0.2927716 0.2204844 0.1557293 0.2773869 0.2794015 0.2791872 0.1091120 0.2565439 0.1543193 0.2789838 0.2798140 0.1994338 0.7237954 0.7082709 0.3247017 0.2714072 0.2772866 0.1391105 0.2728616 0.2376863 0.2669155 0.2653985 0.2299023 0.2611138 0.2748161 0.2792295 0.1954578 0.2794015 0.1835527 0.0909055 0.3000420 
Galeana_pratensis_104_mex                  0.1815999 0.1522454 0.1810784 0.2176111 0.1772120 0.1489756 0.1854578 0.0000000 0.2113534 0.1724304 0.1455909 0.2686468 0.2736255 0.2790415 0.4575373 0.1656886 0.2594241 0.1706690 0.2553257 0.2684255 0.2581474 0.2630882 0.1828750 0.2894156 0.2684259 0.1403263 0.1816555 0.2729515 0.3082556 0.1623106 0.1605348 0.1633227 0.1724304 0.2678325 0.1578951 0.1318506 0.1821102 0.1927285 0.1710471 0.2739119 0.2790415 0.1314054 0.2736255 0.1311344 0.1496591 0.2684255 0.2736255 0.2733592 0.1396449 0.2790415 0.2790531 0.2639547 0.1726868 0.2585523 0.2897842 0.2574575 0.1666617 0.2733592 0.2780436 0.2950825 0.1087434 0.2582509 0.1713638 0.2634091 0.2898949 0.1771445 0.6019018 0.5943129 0.2486991 0.2463123 0.2894156 0.1620000 0.2527451 0.2630882 0.2691325 0.2678774 0.2026885 0.2691879 0.2849746 0.2639604 0.2232773 0.2780436 0.1599284 0.1079439 0.2679379 
Helianthus_annuus_SRR9119062               0.3761400 0.3380309 0.4270370 0.4097516 0.3286517 0.3145806 0.3964247 0.2113534 0.0000000 0.4169292 0.3264277 0.4579593 0.4506627 0.4488191 0.5207868 0.4157403 0.4244317 0.3795100 0.2974012 0.4169733 0.4387414 0.4080608 0.2257295 0.4601362 0.4353216 0.2261000 0.3945743 0.4604044 0.4835297 0.3846169 0.2745759 0.4308255 0.4170094 0.4464579 0.3006958 0.3511572 0.2123266 0.4057848 0.4226625 0.4489605 0.7242712 0.3556771 0.4350506 0.3538337 0.3542657 0.4388054 0.4483283 0.4493955 0.3539507 0.4521259 0.4283467 0.4444975 0.3918667 0.4572465 0.4318425 0.4182478 0.3304843 0.4367965 0.4521187 0.4607604 0.1639780 0.4286958 0.3471531 0.4489275 0.4741664 0.3918226 0.7365653 0.7259267 0.4626744 0.4286493 0.4563808 0.3454585 0.4222946 0.4189963 0.4403179 0.4563357 0.4455601 0.4282314 0.4428157 0.4462649 0.4131770 0.4521187 0.4050461 0.1842888 0.4470305 
Lycapsus_tenuifolius_17                    0.1414315 0.0946461 0.1934666 0.2540824 0.0901277 0.0740826 0.1902822 0.1724304 0.4169292 0.0000000 0.0887264 0.3193156 0.3072918 0.3149953 0.5235525 0.1005248 0.3285730 0.1668894 0.1859345 0.3188892 0.2903402 0.2352849 0.1797730 0.3223554 0.3067561 0.1128964 0.1308503 0.3147079 0.3307452 0.0135157 0.0842714 0.1035482 0.0026116 0.3177283 0.0081030 0.1056027 0.1776688 0.2200367 0.1080163 0.3128729 0.6261300 0.1054395 0.3163587 0.1070076 0.1224216 0.3090560 0.3059065 0.3115934 0.1070224 0.3193535 0.3371410 0.3135235 0.1277224 0.3149580 0.3405199 0.2549431 0.0648229 0.3214919 0.3245705 0.3116629 0.0788590 0.2934691 0.0689509 0.3082979 0.3283836 0.1307910 0.7467509 0.7266407 0.3904697 0.2675859 0.3228726 0.0118783 0.2960707 0.2494011 0.3112414 0.3312505 0.1269750 0.2757653 0.3298004 0.3085395 0.3069763 0.3245705 0.0079455 0.0820093 0.3619459 
Pericome_caudata_50_silver                 0.1098855 0.0749526 0.1550921 0.2331285 0.0854350 0.0485576 0.1495812 0.1455909 0.3264277 0.0887264 0.0000000 0.2599656 0.2381715 0.2433858 0.5445973 0.1136027 0.2366915 0.1563652 0.1326153 0.2233738 0.2249677 0.2003412 0.1422935 0.2514354 0.2111886 0.1010789 0.0985416 0.2325548 0.2538290 0.0718359 0.0902266 0.1106792 0.0645029 0.2424776 0.0497545 0.1219674 0.1415525 0.1331029 0.1189950 0.2432442 0.5604452 0.1297597 0.2150555 0.1257648 0.1379420 0.2407892 0.2323279 0.2423986 0.1279086 0.2454773 0.2276473 0.2419024 0.0985155 0.2422858 0.2320610 0.1733171 0.0443411 0.2302988 0.2533397 0.2276129 0.0666652 0.2110330 0.0453328 0.2485725 0.2555493 0.1035139 0.6906572 0.7023265 0.3005470 0.2248913 0.2516023 0.0747493 0.2305350 0.2141628 0.2282688 0.2395865 0.1288310 0.2316517 0.2270943 0.2487862 0.1854491 0.2533397 0.0670567 0.1140768 0.2761478 
Perityle_aglossa_84_dead_horse             0.2696129 0.3061715 0.3498670 0.3149560 0.2073794 0.2718593 0.2932760 0.2686468 0.4579593 0.3193156 0.2599656 0.0000000 0.0349198 0.0409126 0.5243755 0.2827284 0.0381542 0.2750272 0.0617948 0.0225851 0.0376160 0.0456812 0.1636574 0.0473347 0.0261421 0.0338996 0.3151703 0.0758842 0.0593947 0.2928009 0.1806030 0.3256888 0.3150188 0.0383498 0.2351809 0.2034639 0.1569156 0.2305598 0.2885074 0.0421981 0.2649080 0.1992134 0.0387739 0.2104446 0.2262591 0.0206609 0.0351351 0.0444512 0.2102404 0.0435171 0.0477266 0.0409529 0.3188582 0.0327209 0.0629973 0.0521298 0.2430229 0.0459655 0.0471077 0.0463915 0.1589073 0.0921746 0.2857100 0.0120990 0.0553458 0.3191510 0.7137685 0.6996691 0.0297334 0.0865001 0.0473243 0.2248515 0.0414973 0.0384992 0.0388722 0.0549964 0.3406227 0.0560415 0.0400285 0.0133225 0.0449635 0.0471077 0.3322509 0.0757942 0.0588688 
Perityle_ajoensis_204                      0.2619713 0.2946860 0.3424084 0.2925478 0.1982677 0.2600085 0.2666666 0.2736255 0.4506627 0.3072918 0.2381715 0.0349198 0.0000000 0.0123816 0.5315134 0.2674897 0.0262222 0.2659828 0.0480868 0.0121260 0.0258489 0.0140070 0.1234149 0.0186595 0.0103861 0.0118089 0.3003603 0.0610654 0.0442858 0.2804184 0.1811662 0.3183622 0.3065544 0.0098839 0.2232339 0.1894131 0.1252255 0.2274745 0.2713130 0.0136343 0.2434848 0.1909364 0.0038546 0.1964368 0.2140265 0.0160578 0.0049286 0.0137140 0.1962389 0.0149004 0.0199007 0.0123936 0.3002990 0.0188615 0.0413824 0.0357045 0.2378881 0.0088667 0.0110713 0.0343019 0.1544365 0.0769142 0.2765332 0.0248428 0.0402502 0.3042552 0.7023549 0.6970055 0.0107201 0.0792810 0.0186556 0.2175758 0.0077309 0.0067476 0.0037405 0.0195947 0.3370547 0.0393398 0.0120174 0.0261124 0.0344140 0.0110713 0.3117989 0.0707485 0.0314372 
Perityle_ambrosiifolia_67_green            0.2596280 0.2911943 0.3359818 0.3015865 0.1957317 0.2598222 0.2728060 0.2790415 0.4488191 0.3149953 0.2433858 0.0409126 0.0123816 0.0000000 0.5315134 0.2720491 0.0329090 0.2578336 0.0441785 0.0201021 0.0246513 0.0212519 0.1371704 0.0060627 0.0117530 0.0218543 0.3072214 0.0627010 0.0436965 0.2803181 0.1750471 0.3184793 0.3047435 0.0097691 0.2227653 0.1988573 0.1336925 0.2221535 0.2758621 0.0036319 0.2277592 0.2003603 0.0127899 0.2058363 0.2177315 0.0221037 0.0124574 0.0201523 0.2056345 0.0024208 0.0209845 0.0097454 0.3088270 0.0207467 0.0464176 0.0377568 0.2406644 0.0176537 0.0183538 0.0358338 0.1548821 0.0769594 0.2799085 0.0308709 0.0397164 0.3128001 0.6921742 0.6856709 0.0080974 0.0752255 0.0060615 0.2171228 0.0140813 0.0136445 0.0099002 0.0298813 0.3336394 0.0381370 0.0131990 0.0321395 0.0379472 0.0183538 0.3200062 0.0654596 0.0367275 
Perityle_angustifolia_13_Eagle_creek       0.5255186 0.5822858 0.5309883 0.5086529 0.5285938 0.4518665 0.5009812 0.4575373 0.5207868 0.5235525 0.5445973 0.5243755 0.5315134 0.5315134 0.0000000 0.5496433 0.5192963 0.5648873 0.4735349 0.5310914 0.5322773 0.5251237 0.4641194 0.5314582 0.5258912 0.5266714 0.5151997 0.5213856 0.5207552 0.5310976 0.5509469 0.5356761 0.5223907 0.5196616 0.5235510 0.5289350 0.3904945 0.5286587 0.5482782 0.5256064 0.6959641 0.5446246 0.5312184 0.5399938 0.5411261 0.5249985 0.5375494 0.5300379 0.5333157 0.5315134 0.5348362 0.5261078 0.5101160 0.5221880 0.5029871 0.5261092 0.5437260 0.5300379 0.5239634 0.5196266 0.3615778 0.5454446 0.5394801 0.5259461 0.5198385 0.5162386 0.4135783 0.3986116 0.4137051 0.5325999 0.5314582 0.5188980 0.5240987 0.5371616 0.5312184 0.4781894 0.5251262 0.5190923 0.5323533 0.5259461 0.3826643 0.5239634 0.5235510 0.4520551 0.4913876 
Perityle_batopilensis_97                   0.1441540 0.0999298 0.1949816 0.2350728 0.0815825 0.0771685 0.1956135 0.1656886 0.4157403 0.1005248 0.1136027 0.2827284 0.2674897 0.2720491 0.5496433 0.0000000 0.2955785 0.1318390 0.1920889 0.2881173 0.2533800 0.2294515 0.2082393 0.2797241 0.2742241 0.1140253 0.1234793 0.2709951 0.2923683 0.0846851 0.0782869 0.1156520 0.0985589 0.2730875 0.0838052 0.1138207 0.1867857 0.2017370 0.0089827 0.2700116 0.6166990 0.1170142 0.2851370 0.1122515 0.1305560 0.2701241 0.2639738 0.2712194 0.1155042 0.2762140 0.2971227 0.2724603 0.1187839 0.2871076 0.3137430 0.2521612 0.0900262 0.2906709 0.2870957 0.2897708 0.0745912 0.2748498 0.0846220 0.2703621 0.2939116 0.1203571 0.7342283 0.7146834 0.3441453 0.2194742 0.2794912 0.0849403 0.2562071 0.2228364 0.2761318 0.2973594 0.1513295 0.2499525 0.2972795 0.2705726 0.2948495 0.2870957 0.0994890 0.0782372 0.3359122 
Perityle_bisetosa_9                        0.2575132 0.2821576 0.3419239 0.3055074 0.2049681 0.2517036 0.2876679 0.2594241 0.4244317 0.3285730 0.2366915 0.0381542 0.0262222 0.0329090 0.5192963 0.2955785 0.0000000 0.2731220 0.0392437 0.0163291 0.0303263 0.0336065 0.1237045 0.0399726 0.0249339 0.0387984 0.3323914 0.0697084 0.0588167 0.2970344 0.1682759 0.3056404 0.3178399 0.0314586 0.2195935 0.2149890 0.1123790 0.2342916 0.3021448 0.0329299 0.2176335 0.2164891 0.0341677 0.2203886 0.2350343 0.0188993 0.0278215 0.0351483 0.2205758 0.0357646 0.0417446 0.0329418 0.3321044 0.0157557 0.0599884 0.0328602 0.2216139 0.0383199 0.0383267 0.0439990 0.1453572 0.0791533 0.2637935 0.0271343 0.0557844 0.3344243 0.6862767 0.6768924 0.0080170 0.0846269 0.0399630 0.2199003 0.0340123 0.0292481 0.0313547 0.0332345 0.3175636 0.0472835 0.0316919 0.0285238 0.0357740 0.0383267 0.3310651 0.0479424 0.0325407 
Perityle_californica_76_positas            0.1807530 0.1226761 0.1519591 0.2137337 0.0995165 0.0934664 0.2326182 0.1706690 0.3795100 0.1668894 0.1563652 0.2750272 0.2659828 0.2578336 0.5648873 0.1318390 0.2731220 0.0000000 0.1980945 0.2672050 0.2540677 0.2232515 0.1798557 0.2595299 0.2689308 0.1123827 0.1587815 0.2717998 0.2962991 0.1601681 0.0549591 0.1601004 0.1648239 0.2651975 0.1174809 0.0913565 0.1640432 0.1985059 0.1336962 0.2556544 0.5735694 0.0913450 0.2641764 0.0948223 0.1045696 0.2618313 0.2580887 0.2683717 0.0968645 0.2599145 0.2804631 0.2517861 0.1552183 0.3199561 0.2957933 0.2533445 0.1052122 0.2723960 0.2742207 0.2831968 0.0702639 0.2783261 0.1354210 0.2594281 0.2958173 0.1553155 0.7268733 0.7190618 0.3790543 0.2522681 0.2619554 0.1102224 0.2417055 0.2446324 0.2602269 0.3328053 0.1818748 0.2795286 0.2787922 0.2596464 0.2835770 0.2742207 0.1610439 0.0690879 0.3590792 
Perityle_canescens_77                      0.1945104 0.2254917 0.1853993 0.2357832 0.1831831 0.2293922 0.1729331 0.2553257 0.2974012 0.1859345 0.1326153 0.0617948 0.0480868 0.0441785 0.4735349 0.1920889 0.0392437 0.1980945 0.0000000 0.0401633 0.0402005 0.0520607 0.1232500 0.0521521 0.0441137 0.0575588 0.1729813 0.0442403 0.0620386 0.1863146 0.1909292 0.1755464 0.1834545 0.0443717 0.1786926 0.1714600 0.1129814 0.1791731 0.1994575 0.0442180 0.2664805 0.1713118 0.0461398 0.1687603 0.1766964 0.0381982 0.0461398 0.0520607 0.1714073 0.0441785 0.0482414 0.0441832 0.1727585 0.0495010 0.0556379 0.0476011 0.1996577 0.0520607 0.0540301 0.0472848 0.1617626 0.0542744 0.2111307 0.0500508 0.0598433 0.1774814 0.5925846 0.5759283 0.0232559 0.0350417 0.0501055 0.1786926 0.0476492 0.0481308 0.0461212 0.0353124 0.2023351 0.0323696 0.0461780 0.0520600 0.0563375 0.0540301 0.1786926 0.0446652 0.0384826 
Perityle_castillonii_96                    0.2347561 0.2852395 0.3174097 0.2879601 0.1962313 0.2521720 0.2758843 0.2684255 0.4169733 0.3188892 0.2233738 0.0225851 0.0121260 0.0201021 0.5310914 0.2881173 0.0163291 0.2672050 0.0401633 0.0000000 0.0154736 0.0202610 0.1404158 0.0255628 0.0121333 0.0212972 0.3202006 0.0567287 0.0421235 0.2850038 0.1623626 0.2855287 0.3082276 0.0173620 0.2186545 0.2047679 0.1387888 0.2272922 0.2925788 0.0201144 0.2031821 0.2040341 0.0200179 0.2100534 0.2241994 0.0039495 0.0135777 0.0191855 0.2102246 0.0228528 0.0282779 0.0187617 0.3199323 0.0102183 0.0457584 0.0302425 0.2290510 0.0240534 0.0240575 0.0291981 0.1491860 0.0659195 0.2704937 0.0119060 0.0406270 0.3221821 0.6828452 0.6761337 0.0053372 0.0730568 0.0255570 0.2112927 0.0210837 0.0149973 0.0173060 0.0270701 0.2971811 0.0342268 0.0200291 0.0132437 0.0308922 0.0240575 0.3172733 0.0294413 0.0289647 
Perityle_cernua_84                         0.2560121 0.2856099 0.2936786 0.2823482 0.1907315 0.2521720 0.2618166 0.2581474 0.4387414 0.2903402 0.2249677 0.0376160 0.0258489 0.0246513 0.5322773 0.2533800 0.0303263 0.2540677 0.0402005 0.0154736 0.0000000 0.0240156 0.1109295 0.0312918 0.0231546 0.0218433 0.2589768 0.0343596 0.0503507 0.2765822 0.1688781 0.3002909 0.2917694 0.0233231 0.2188580 0.1700329 0.1142138 0.2247896 0.2592167 0.0259779 0.2704216 0.1677888 0.0244480 0.1737759 0.1857492 0.0179797 0.0258697 0.0338140 0.1755910 0.0246457 0.0320511 0.0246765 0.2625560 0.0102267 0.0535893 0.0302685 0.2293491 0.0294348 0.0324628 0.0413042 0.1491860 0.0727693 0.2708652 0.0271262 0.0461150 0.2609667 0.6827217 0.6604811 0.0053372 0.0704106 0.0312848 0.2099985 0.0286074 0.0163277 0.0223182 0.0270701 0.3293231 0.0338143 0.0252803 0.0284491 0.0308922 0.0324628 0.2953838 0.0576294 0.0289647 
Perityle_cfvillosa_25_tin                  0.2546877 0.3021082 0.2534262 0.2716616 0.2081124 0.2676558 0.2198481 0.2630882 0.4080608 0.2352849 0.2003412 0.0456812 0.0140070 0.0212519 0.5251237 0.2294515 0.0336065 0.2232515 0.0520607 0.0202610 0.0240156 0.0000000 0.1273631 0.0284869 0.0209433 0.0138218 0.2160483 0.0437618 0.0508067 0.2347508 0.1830419 0.2581178 0.2329112 0.0198066 0.2319519 0.1512497 0.1286981 0.2064149 0.2334017 0.0226963 0.2945013 0.1530545 0.0103356 0.1550312 0.1706714 0.0254281 0.0126024 0.0041717 0.1568651 0.0226957 0.0244271 0.0212756 0.2160063 0.0297707 0.0510401 0.0448956 0.2411983 0.0028771 0.0041694 0.0439756 0.1592283 0.0621981 0.2897468 0.0341065 0.0492172 0.2216921 0.6664433 0.6478124 0.0231519 0.0578438 0.0270169 0.2275782 0.0148297 0.0126008 0.0128688 0.0127198 0.2829683 0.0489316 0.0216221 0.0355703 0.0449750 0.0041694 0.2301136 0.0734865 0.0455177 
Perityle_cinerea_113_Powell1310            0.1784759 0.1521443 0.1684697 0.1941339 0.1733339 0.1564567 0.1473226 0.1828750 0.2257295 0.1797730 0.1422935 0.1636574 0.1234149 0.1371704 0.4641194 0.2082393 0.1237045 0.1798557 0.1232500 0.1404158 0.1109295 0.1273631 0.0000000 0.1448493 0.1192226 0.0530802 0.1989466 0.1112625 0.1656543 0.1497639 0.1836159 0.1757867 0.1584565 0.1340706 0.1540004 0.1637378 0.0122461 0.1636323 0.2137681 0.1371704 0.1498497 0.1671597 0.1409843 0.1675343 0.1733532 0.1404158 0.1234149 0.1273631 0.1718801 0.1371704 0.1423946 0.1328565 0.1945481 0.1158408 0.1564001 0.1116358 0.1484494 0.1448289 0.1486658 0.1340319 0.1377018 0.1240092 0.1532826 0.1518989 0.1606840 0.1988708 0.5700825 0.5908701 0.0958736 0.0873755 0.1451728 0.1540935 0.0814292 0.1234324 0.1368664 0.1125955 0.1908341 0.1195135 0.1452871 0.1518989 0.1474578 0.1486658 0.1711569 0.0377884 0.1207614 
Perityle_coahuilensis_24                   0.2621247 0.2971694 0.3358495 0.3065568 0.2036703 0.2686086 0.2770970 0.2894156 0.4601362 0.3223554 0.2514354 0.0473347 0.0186595 0.0060627 0.5314582 0.2797241 0.0399726 0.2595299 0.0521521 0.0255628 0.0312918 0.0284869 0.1448493 0.0000000 0.0170414 0.0279128 0.3144458 0.0695810 0.0503692 0.2879094 0.1790658 0.3258632 0.3102886 0.0159480 0.2289580 0.2060272 0.1437358 0.2300941 0.2835795 0.0097293 0.2315003 0.2075312 0.0192775 0.2130486 0.2250669 0.0283754 0.0187742 0.0265765 0.2128419 0.0085115 0.0263315 0.0159093 0.3160580 0.0260525 0.0520889 0.0451853 0.2465923 0.0240730 0.0245853 0.0426842 0.1654265 0.0832458 0.2862420 0.0346401 0.0463481 0.3200673 0.6930954 0.6865575 0.0163092 0.0827737 0.0024211 0.2247176 0.0179634 0.0205719 0.0161632 0.0375975 0.3334723 0.0451804 0.0185500 0.0359150 0.0487321 0.0245853 0.3257175 0.0733265 0.0443597 
Perityle_cochisensis_44_cave_creek         0.2421768 0.2946218 0.3205972 0.2846391 0.1964637 0.2600085 0.2604414 0.2684259 0.4353216 0.3067561 0.2111886 0.0261421 0.0103861 0.0117530 0.5258912 0.2742241 0.0249339 0.2689308 0.0441137 0.0121333 0.0231546 0.0209433 0.1192226 0.0170414 0.0000000 0.0241899 0.3009196 0.0617440 0.0398002 0.2837534 0.1690001 0.2945324 0.3102297 0.0091204 0.2273277 0.1935837 0.1187253 0.2259631 0.2783043 0.0130735 0.2174423 0.1952073 0.0117050 0.1987085 0.2101119 0.0129995 0.0117589 0.0198255 0.2008803 0.0144080 0.0199125 0.0104469 0.3006070 0.0188589 0.0427643 0.0356994 0.2316487 0.0169553 0.0169581 0.0321988 0.1491641 0.0722244 0.2731190 0.0182488 0.0369526 0.3027445 0.6947189 0.6903014 0.0080222 0.0794661 0.0170377 0.2172514 0.0136941 0.0114953 0.0090819 0.0245884 0.3144310 0.0358168 0.0120246 0.0195739 0.0308854 0.0169581 0.3160237 0.0411734 0.0314372 
Perityle_congesta_202                      0.1301717 0.1209672 0.1202157 0.1804173 0.1049901 0.0946180 0.1386099 0.1403263 0.2261000 0.1128964 0.1010789 0.0338996 0.0118089 0.0218543 0.5266714 0.1140253 0.0387984 0.1123827 0.0575588 0.0212972 0.0218433 0.0138218 0.0530802 0.0279128 0.0241899 0.0000000 0.0916189 0.0321354 0.0501161 0.1107136 0.1144326 0.1223074 0.1058695 0.0179389 0.1033918 0.0716442 0.0641387 0.0825582 0.1186276 0.0218392 0.3689034 0.0694295 0.0099041 0.0757832 0.0892192 0.0198105 0.0098356 0.0158211 0.0802332 0.0218543 0.0269364 0.0198539 0.0915077 0.0300454 0.0432478 0.0372452 0.0984203 0.0138218 0.0158085 0.0370801 0.0993436 0.0595595 0.1052650 0.0278884 0.0478667 0.0959037 0.5541340 0.5407967 0.0258065 0.0258299 0.0279128 0.1109046 0.0058827 0.0138092 0.0138305 0.0124842 0.1546062 0.0381958 0.0274314 0.0299302 0.0359049 0.0158085 0.1041514 0.0546546 0.0379531 
Perityle_cordifolia_27                     0.1271104 0.0830888 0.1756591 0.2442900 0.0815880 0.0775487 0.1977141 0.1816555 0.3945743 0.1308503 0.0985416 0.3151703 0.3003603 0.3072214 0.5151997 0.1234793 0.3323914 0.1587815 0.1729813 0.3202006 0.2589768 0.2160483 0.1989466 0.3144458 0.3009196 0.0916189 0.0000000 0.3026446 0.3237456 0.0801868 0.0805542 0.1422348 0.1194731 0.3067671 0.0729831 0.1438717 0.1911602 0.1975736 0.1266506 0.3070614 0.6603497 0.1503544 0.3102217 0.1487882 0.1561291 0.3031619 0.2914740 0.3027728 0.1486898 0.3090076 0.3267024 0.3076900 0.0086359 0.2876706 0.3429080 0.2323890 0.0225927 0.3230131 0.3205851 0.3106742 0.0610817 0.2742103 0.0091317 0.3006868 0.3214282 0.0123707 0.7657289 0.7486342 0.3704351 0.2364514 0.3149421 0.0801107 0.2925767 0.2280941 0.3079860 0.3128852 0.1600875 0.2554314 0.3294226 0.3009186 0.2732966 0.3205851 0.1287781 0.0761640 0.3433365 
Perityle_cordifolia_68_tecolote            0.2622615 0.2797228 0.3298407 0.2976500 0.1971143 0.2540445 0.2719216 0.2729515 0.4604044 0.3147079 0.2325548 0.0758842 0.0610654 0.0627010 0.5213856 0.2709951 0.0697084 0.2717998 0.0442403 0.0567287 0.0343596 0.0437618 0.1112625 0.0695810 0.0617440 0.0321354 0.3026446 0.0000000 0.0777481 0.2797319 0.1841233 0.3261705 0.3138754 0.0613818 0.2225977 0.1983762 0.1180643 0.2287722 0.2769105 0.0640812 0.3140085 0.2053487 0.0628688 0.2109761 0.2254975 0.0570415 0.0600985 0.0672574 0.2107662 0.0626870 0.0730097 0.0627669 0.3063464 0.0336794 0.0808853 0.0017371 0.2336828 0.0687949 0.0706832 0.0674909 0.1590568 0.0872897 0.2767426 0.0665102 0.0734830 0.3047317 0.7020597 0.6840057 0.0307960 0.0837912 0.0695642 0.2151918 0.0673389 0.0365250 0.0608772 0.0514304 0.3544949 0.0414812 0.0650257 0.0678903 0.0452507 0.0706832 0.3192417 0.0682603 0.0348092 
Perityle_coronopifolia_28_patagonia        0.2800832 0.3129515 0.3588260 0.3043687 0.2121079 0.2898206 0.2869199 0.3082556 0.4835297 0.3307452 0.2538290 0.0593947 0.0442858 0.0436965 0.5207552 0.2923683 0.0588167 0.2962991 0.0620386 0.0421235 0.0503507 0.0508067 0.1656543 0.0503692 0.0398002 0.0501161 0.3237456 0.0777481 0.0000000 0.3021251 0.1952703 0.3368272 0.3251210 0.0410766 0.2450238 0.2194619 0.1593676 0.2303925 0.2928990 0.0450323 0.2776027 0.2211088 0.0430603 0.2267518 0.2371242 0.0435950 0.0445711 0.0503432 0.2244097 0.0464051 0.0482582 0.0437412 0.3313619 0.0456641 0.0384696 0.0500482 0.2435723 0.0450076 0.0462193 0.0266518 0.1495251 0.0922505 0.2997256 0.0501954 0.0137342 0.3316807 0.6839105 0.6799371 0.0424076 0.0964646 0.0503577 0.2387060 0.0458727 0.0445973 0.0416576 0.0701514 0.3581472 0.0539197 0.0416145 0.0515393 0.0308948 0.0462193 0.3419722 0.0930863 0.0520884 
Perityle_crassifolia_70_ventanas           0.1367892 0.0923758 0.1495410 0.2339021 0.0871215 0.0678338 0.1730623 0.1623106 0.3846169 0.0135157 0.0718359 0.2928009 0.2804184 0.2803181 0.5310976 0.0846851 0.2970344 0.1601681 0.1863146 0.2850038 0.2765822 0.2347508 0.1497639 0.2879094 0.2837534 0.1107136 0.0801868 0.2797319 0.3021251 0.0000000 0.0828868 0.0977745 0.0139176 0.2813953 0.0113711 0.0945803 0.1590642 0.2136476 0.0925774 0.2781554 0.5996806 0.0961110 0.2801007 0.0962687 0.1090523 0.2742401 0.2809396 0.2864368 0.0981167 0.2823785 0.2943443 0.2768513 0.0786127 0.3178103 0.3121846 0.2582844 0.0697609 0.2859693 0.2884797 0.2947957 0.0790242 0.2884471 0.0715059 0.2775291 0.2997099 0.0816488 0.7221194 0.6871077 0.3958517 0.2649489 0.2883907 0.0179554 0.2573871 0.2489511 0.2748044 0.3278993 0.1171957 0.2778416 0.2947682 0.2777563 0.3081700 0.2884797 0.0100298 0.0713154 0.3586140 
Perityle_cuneata_34_cuneata_San_antonio    0.1436524 0.0692280 0.1031795 0.1801734 0.0771976 0.0841246 0.1318219 0.1605348 0.2745759 0.0842714 0.0902266 0.1806030 0.1811662 0.1750471 0.5509469 0.0782869 0.1682759 0.0549591 0.1909292 0.1623626 0.1688781 0.1830419 0.1836159 0.1790658 0.1690001 0.1144326 0.0805542 0.1841233 0.1952703 0.0828868 0.0000000 0.1065871 0.0762283 0.1736431 0.0739418 0.0929189 0.1740197 0.1439571 0.0801849 0.1728195 0.5385342 0.0966051 0.1657914 0.0948374 0.1100087 0.1666569 0.1770783 0.1852061 0.0966524 0.1750471 0.1730516 0.1731115 0.0767761 0.1921103 0.1805585 0.2005472 0.0668444 0.1781692 0.1850546 0.1815382 0.0834639 0.1900258 0.0793018 0.1684369 0.1928741 0.0786290 0.6246188 0.6134910 0.2476371 0.1676693 0.1792721 0.0851722 0.1490961 0.1812412 0.1709111 0.2417049 0.1404760 0.1856174 0.1739334 0.1685908 0.2763701 0.1850546 0.0713923 0.0760645 0.2448293 
Perityle_cuneata_4                         0.1089869 0.0743489 0.1566426 0.2566487 0.1048014 0.0496937 0.2127965 0.1633227 0.4308255 0.1035482 0.1106792 0.3256888 0.3183622 0.3184793 0.5356761 0.1156520 0.3056404 0.1601004 0.1755464 0.2855287 0.3002909 0.2581178 0.1757867 0.3258632 0.2945324 0.1223074 0.1422348 0.3261705 0.3368272 0.0977745 0.1065871 0.0000000 0.0887803 0.3231662 0.0679291 0.1300497 0.1782347 0.2425543 0.1188278 0.3182953 0.6223455 0.1298461 0.3064100 0.1300026 0.1402917 0.3131268 0.3172778 0.3192928 0.1314638 0.3228582 0.3036257 0.3209340 0.1391498 0.2911075 0.3158465 0.2329471 0.0582899 0.3198487 0.3338086 0.3179384 0.0705402 0.2709706 0.0645136 0.3108580 0.3403459 0.1422580 0.7780542 0.7795358 0.3641603 0.2827432 0.3283039 0.1012501 0.3091721 0.2678549 0.3126359 0.3072379 0.0897697 0.2979016 0.2978866 0.3111027 0.2703053 0.3338086 0.0795565 0.1212532 0.3376586 
Perityle_discoidea_81                      0.1284875 0.0946989 0.1796888 0.2318998 0.0848246 0.0709432 0.1820733 0.1724304 0.4170094 0.0026116 0.0645029 0.3150188 0.3065544 0.3047435 0.5223907 0.0985589 0.3178399 0.1648239 0.1834545 0.3082276 0.2917694 0.2329112 0.1584565 0.3102886 0.3102297 0.1058695 0.1194731 0.3138754 0.3251210 0.0139176 0.0762283 0.0887803 0.0000000 0.3076112 0.0081060 0.1004460 0.1606046 0.2153223 0.1064426 0.3025464 0.6038677 0.1002817 0.3066364 0.1001568 0.1129056 0.2984855 0.3059622 0.3118320 0.1019535 0.3092512 0.3267440 0.3032008 0.1163116 0.3151635 0.3342976 0.2550985 0.0672541 0.3128161 0.3147303 0.3165884 0.0788590 0.2958379 0.0715131 0.3035130 0.3246025 0.1210008 0.7500806 0.7205182 0.3958138 0.2641457 0.3108064 0.0076713 0.2846787 0.2475620 0.3008975 0.3271937 0.1128869 0.2767371 0.3192237 0.3037617 0.3069763 0.3147303 0.0067703 0.0723118 0.3622960 
Perityle_dissecta_201                      0.2608094 0.2925455 0.3413934 0.2989212 0.1970286 0.2613291 0.2720192 0.2678325 0.4464579 0.3177283 0.2424776 0.0383498 0.0098839 0.0097691 0.5196616 0.2730875 0.0314586 0.2651975 0.0443717 0.0173620 0.0233231 0.0198066 0.1340706 0.0159480 0.0091204 0.0179389 0.3067671 0.0613818 0.0410766 0.2813953 0.1736431 0.3231662 0.3076112 0.0000000 0.2238043 0.1994457 0.1335008 0.2227294 0.2768958 0.0097604 0.2392849 0.2009525 0.0102092 0.2064457 0.2183812 0.0196056 0.0099443 0.0188685 0.2062429 0.0122457 0.0129955 0.0097784 0.3083702 0.0189575 0.0435827 0.0358937 0.2363630 0.0150985 0.0158727 0.0331027 0.1491641 0.0725239 0.2720398 0.0283399 0.0371096 0.3123360 0.7019541 0.6981299 0.0134224 0.0766602 0.0159448 0.2183700 0.0127844 0.0122631 0.0074092 0.0272606 0.3366734 0.0367241 0.0105235 0.0296031 0.0344416 0.0158727 0.3224989 0.0606960 0.0316505 
Perityle_emoryi_47_punta_san_jose          0.1202269 0.0881357 0.1048879 0.1839078 0.0871351 0.0709005 0.1309512 0.1578951 0.3006958 0.0081030 0.0497545 0.2351809 0.2232339 0.2227653 0.5235510 0.0838052 0.2195935 0.1174809 0.1786926 0.2186545 0.2188580 0.2319519 0.1540004 0.2289580 0.2273277 0.1033918 0.0729831 0.2225977 0.2450238 0.0113711 0.0739418 0.0679291 0.0081060 0.2238043 0.0000000 0.0861290 0.1488956 0.1983526 0.0911071 0.2183467 0.4776593 0.0880618 0.2212456 0.0860016 0.0984122 0.2186598 0.2214524 0.2276163 0.0881061 0.2250299 0.2376909 0.2209371 0.0693935 0.2581107 0.2501924 0.2478643 0.0672222 0.2276163 0.2296809 0.2397556 0.0749633 0.2297285 0.0689175 0.2224252 0.2467994 0.0729244 0.6029496 0.5885006 0.3423939 0.2140278 0.2292263 0.0065283 0.1968255 0.2255505 0.2169614 0.2914860 0.0964551 0.2413810 0.2279616 0.2226324 0.3035860 0.2296809 0.0000010 0.0652844 0.3227480 
Perityle_feddemae_99                       0.1495854 0.0707349 0.1696765 0.2124093 0.0982495 0.0770768 0.1807658 0.1318506 0.3511572 0.1056027 0.1219674 0.2034639 0.1894131 0.1988573 0.5289350 0.1138207 0.2149890 0.0913565 0.1714600 0.2047679 0.1700329 0.1512497 0.1637378 0.2060272 0.1935837 0.0716442 0.1438717 0.1983762 0.2194619 0.0945803 0.0929189 0.1300497 0.1004460 0.1994457 0.0861290 0.0000000 0.1606681 0.1284815 0.1187888 0.1968774 0.5475433 0.0125549 0.2080900 0.0125608 0.0473516 0.1930142 0.1835064 0.1865691 0.0125607 0.2009658 0.2218577 0.1971672 0.1421303 0.1953910 0.2264395 0.1810994 0.0628508 0.2089081 0.2059777 0.1975805 0.0699054 0.1899974 0.0678961 0.1926602 0.2173235 0.1439061 0.6843297 0.6817502 0.2766882 0.1439245 0.2062341 0.0934113 0.1774063 0.1455849 0.1996993 0.2518590 0.1500324 0.1592047 0.2188568 0.1928136 0.3079681 0.2059777 0.1030738 0.0890857 0.2677272 
Perityle_fosteri_93                        0.1785970 0.1713292 0.1747644 0.1645639 0.1641418 0.1891994 0.1490289 0.1821102 0.2123266 0.1776688 0.1415525 0.1569156 0.1252255 0.1336925 0.3904945 0.1867857 0.1123790 0.1640432 0.1129814 0.1387888 0.1142138 0.1286981 0.0122461 0.1437358 0.1187253 0.0641387 0.1911602 0.1180643 0.1593676 0.1590642 0.1740197 0.1782347 0.1606046 0.1335008 0.1488956 0.1606681 0.0000000 0.1600089 0.1984959 0.1336925 0.3923327 0.1671003 0.1406756 0.1640082 0.1651757 0.1401749 0.1252255 0.1286981 0.1676187 0.1336925 0.1389788 0.1335008 0.1910198 0.1345077 0.1390033 0.1125744 0.1713292 0.1440658 0.1474477 0.1358325 0.1418466 0.1195527 0.1716319 0.1399014 0.1518392 0.1945624 0.4943842 0.5129792 0.1030900 0.0970737 0.1440181 0.1627272 0.0885101 0.1252411 0.1370422 0.1455218 0.1721476 0.1255390 0.1499675 0.1399014 0.1474578 0.1474477 0.1761448 0.0601305 0.1452314 
Perityle_gamon_221                         0.2175777 0.2257095 0.2399309 0.2770420 0.1886135 0.2323883 0.2373205 0.1927285 0.4057848 0.2200367 0.1331029 0.2305598 0.2274745 0.2221535 0.5286587 0.2017370 0.2342916 0.1985059 0.1791731 0.2272922 0.2247896 0.2064149 0.1636323 0.2300941 0.2259631 0.0825582 0.1975736 0.2287722 0.2303925 0.2136476 0.1439571 0.2425543 0.2153223 0.2227294 0.1983526 0.1284815 0.1600089 0.0000000 0.2056928 0.2220275 0.5978437 0.1354482 0.2271100 0.1338133 0.0999893 0.2178364 0.2239129 0.2274208 0.1355307 0.2243427 0.2326496 0.2203991 0.1975582 0.2566070 0.2418744 0.2360182 0.2018116 0.2315260 0.2294169 0.2348519 0.1039319 0.2322953 0.2148571 0.2158935 0.2281535 0.1994379 0.7084403 0.6797767 0.3701530 0.1954061 0.2298902 0.2006657 0.1925625 0.2064048 0.2233966 0.3385762 0.2743649 0.2126223 0.2374049 0.2160721 0.3612524 0.2294169 0.2181370 0.0971900 0.3487668 
Perityle_gentryi_8_san_francisco           0.1478362 0.1002052 0.1986644 0.2420411 0.0866006 0.0806241 0.2016960 0.1710471 0.4226625 0.1080163 0.1189950 0.2885074 0.2713130 0.2758621 0.5482782 0.0089827 0.3021448 0.1336962 0.1994575 0.2925788 0.2592167 0.2334017 0.2137681 0.2835795 0.2783043 0.1186276 0.1266506 0.2769105 0.2928990 0.0925774 0.0801849 0.1188278 0.1064426 0.2768958 0.0911071 0.1187888 0.1984959 0.2056928 0.0000000 0.2738123 0.6205737 0.1220005 0.2891941 0.1172107 0.1340244 0.2758135 0.2678043 0.2751072 0.1204858 0.2800540 0.2994240 0.2762812 0.1219279 0.2903816 0.3165623 0.2575493 0.0902838 0.2946863 0.2909671 0.2942859 0.0796857 0.2794947 0.0848683 0.2760581 0.2983114 0.1235103 0.7391391 0.7172157 0.3508051 0.2253293 0.2833426 0.0931489 0.2600898 0.2267386 0.2800146 0.2987031 0.1546835 0.2517530 0.2996092 0.2762743 0.3017927 0.2909671 0.1058958 0.0864239 0.3414974 
Perityle_gilensis_22_Superstition          0.2573874 0.2848254 0.3336206 0.2942329 0.1936529 0.2557078 0.2705136 0.2739119 0.4489605 0.3128729 0.2432442 0.0421981 0.0136343 0.0036319 0.5256064 0.2700116 0.0329299 0.2556544 0.0442180 0.0201144 0.0259779 0.0226963 0.1371704 0.0097293 0.0130735 0.0218392 0.3070614 0.0640812 0.0450323 0.2781554 0.1728195 0.3182953 0.3025464 0.0097604 0.2183467 0.1968774 0.1336925 0.2220275 0.2738123 0.0000000 0.2313149 0.1983789 0.0140844 0.2038389 0.2156903 0.0233565 0.0137179 0.0214352 0.2036386 0.0060700 0.0223213 0.0109751 0.3086661 0.0207632 0.0478400 0.0377883 0.2375352 0.0189353 0.0195981 0.0372039 0.1548821 0.0753567 0.2765454 0.0321402 0.0410434 0.3126367 0.6932716 0.6867286 0.0108315 0.0767414 0.0097274 0.2150103 0.0153784 0.0150265 0.0111496 0.0324687 0.3314410 0.0395459 0.0145354 0.0334115 0.0415675 0.0195981 0.3158319 0.0680441 0.0392922 
Perityle_gilensis_salensis_225             0.5705246 0.3855867 0.6573274 0.6295618 0.5433464 0.2598222 0.5439601 0.2790415 0.7242712 0.6261300 0.5604452 0.2649080 0.2434848 0.2277592 0.6959641 0.6166990 0.2176335 0.5735694 0.2664805 0.2031821 0.2704216 0.2945013 0.1498497 0.2315003 0.2174423 0.3689034 0.6603497 0.3140085 0.2776027 0.5996806 0.5385342 0.6223455 0.6038677 0.2392849 0.4776593 0.5475433 0.3923327 0.5978437 0.6205737 0.2313149 0.0000000 0.5466080 0.2157145 0.5543669 0.5803315 0.2495222 0.2470177 0.2525539 0.5517707 0.2315553 0.2163494 0.2390387 0.6620909 0.1288627 0.2491208 0.1950514 0.3155801 0.2321610 0.2455692 0.2590829 0.1650337 0.2979396 0.3137233 0.2550134 0.2748253 0.6569322 0.9170670 0.9211151 0.0080974 0.3520485 0.2314179 0.5311345 0.2514122 0.2743360 0.2324530 0.0298813 0.6442142 0.2885838 0.2027333 0.2568774 0.0388741 0.2455692 0.5962560 0.3347037 0.0367275 
Perityle_glaucescens_94                    0.1534775 0.0760424 0.1730095 0.2141197 0.1017543 0.0804437 0.1827921 0.1314054 0.3556771 0.1054395 0.1297597 0.1992134 0.1909364 0.2003603 0.5446246 0.1170142 0.2164891 0.0913450 0.1713118 0.2040341 0.1677888 0.1530545 0.1671597 0.2075312 0.1952073 0.0694295 0.1503544 0.2053487 0.2211088 0.0961110 0.0966051 0.1298461 0.1002817 0.2009525 0.0880618 0.0125549 0.1671003 0.1354482 0.1220005 0.1983789 0.5466080 0.0000000 0.2096823 0.0139506 0.0487693 0.1923857 0.1850384 0.1881225 0.0139505 0.2024714 0.2235056 0.1986708 0.1486001 0.1919903 0.2281326 0.1857930 0.0655220 0.2124446 0.2093810 0.1974190 0.0745225 0.1898919 0.0707371 0.1920340 0.2189668 0.1503897 0.6906752 0.6929143 0.2759167 0.1436775 0.2077395 0.0969129 0.1788184 0.1454677 0.2012332 0.2517582 0.1481284 0.1590736 0.2205244 0.1921864 0.2979656 0.2093810 0.1011622 0.0943929 0.2676158 
Perityle_gracilis_11                       0.2490571 0.2946860 0.3290141 0.2899991 0.1933656 0.2600085 0.2607291 0.2736255 0.4350506 0.3163587 0.2150555 0.0387739 0.0038546 0.0127899 0.5312184 0.2851370 0.0341677 0.2641764 0.0461398 0.0200179 0.0244480 0.0103356 0.1409843 0.0192775 0.0117050 0.0099041 0.3102217 0.0628688 0.0430603 0.2801007 0.1657914 0.3064100 0.3066364 0.0102092 0.2212456 0.2080900 0.1406756 0.2271100 0.2891941 0.0140844 0.2157145 0.2096823 0.0000000 0.2131371 0.2264268 0.0204964 0.0025834 0.0130921 0.2153158 0.0153931 0.0208985 0.0115107 0.3116469 0.0171386 0.0434365 0.0339029 0.2351037 0.0101526 0.0101542 0.0348030 0.1544365 0.0737924 0.2735904 0.0283166 0.0402592 0.3137794 0.7114843 0.7127914 0.0107201 0.0791212 0.0192734 0.2120019 0.0066534 0.0042636 0.0050663 0.0195947 0.3187317 0.0371132 0.0131445 0.0296361 0.0344140 0.0101542 0.3218776 0.0409737 0.0314372 
Perityle_harkerae_31                       0.1496443 0.0732412 0.1710764 0.2148879 0.0965597 0.0702933 0.1804662 0.1311344 0.3538337 0.1070076 0.1257648 0.2104446 0.1964368 0.2058363 0.5399938 0.1122515 0.2203886 0.0948223 0.1687603 0.2100534 0.1737759 0.1550312 0.1675343 0.2130486 0.1987085 0.0757832 0.1487882 0.2109761 0.2267518 0.0962687 0.0948374 0.1300026 0.1001568 0.2064457 0.0860016 0.0125608 0.1640082 0.1338133 0.1172107 0.2038389 0.5543669 0.0139506 0.2131371 0.0000000 0.0517405 0.1999422 0.1905393 0.1900237 0.0083492 0.2079677 0.2270729 0.2041399 0.1470366 0.1975535 0.2318042 0.1879752 0.0601586 0.2138529 0.2129978 0.2027159 0.0743541 0.1916884 0.0621989 0.1995751 0.2245900 0.1488233 0.6896194 0.6999431 0.2759552 0.1477235 0.2132632 0.0951087 0.1845762 0.1493412 0.2065548 0.2513173 0.1499749 0.1630291 0.2241300 0.1997346 0.3071575 0.2129978 0.1027804 0.0947370 0.2671436 
