84
Amauria_brandeegeana_62                    0.0000000 0.0815486 0.3433112 0.4762111 0.4076041 0.3693913 0.3611556 0.3591971 0.3787321 0.4184712 0.3822968 0.3836536 0.3563853 0.3547397 0.4079155 0.3840641 0.3281881 0.4042606 0.3843517 0.3708040 0.4304682 0.3912117 0.3739742 0.3970720 0.3865490 0.3608813 0.4105868 0.4057007 0.3165491 0.3449209 0.3639987 0.4955352 0.1165431 0.5074606 0.4562550 0.3486390 0.3342801 0.1165431 0.3666878 0.3668699 0.4549755 0.4231239 0.4700155 0.3376582 0.3653272 0.3873212 0.3870810 0.5295773 0.3987135 0.3698857 0.3735836 0.3748545 0.3704158 0.4020196 0.3708642 0.3638668 0.3807346 0.3769129 0.3887697 0.3038868 0.3677720 0.3390274 0.3869109 0.4411173 0.3621891 0.4240020 0.4675899 0.2397274 0.3046879 0.3703770 0.4739979 0.3832410 0.3839992 0.3726526 0.3624914 0.4429946 0.3887374 0.3899440 0.3798994 0.3281248 0.3946335 0.4393643 0.2787363 0.3070032 
Amauria_carterae_99_mesa                   0.0815486 0.0000000 0.3089546 0.3373094 0.3024231 0.3130395 0.2222245 0.3352606 0.2740083 0.3238606 0.2562955 0.2639970 0.2589836 0.2757702 0.3259197 0.2671795 0.2649066 0.3560427 0.2645990 0.2756739 0.2833125 0.3252141 0.2630872 0.2756862 0.2635979 0.2624200 0.2814563 0.3022745 0.2928925 0.2785341 0.2863664 0.3274965 0.1324487 0.3379630 0.3810489 0.2633131 0.3142779 0.1324487 0.2638001 0.2680444 0.3774218 0.2828048 0.3537044 0.3192562 0.2719636 0.2642812 0.2639223 0.3721094 0.2800931 0.2614988 0.2645033 0.2649964 0.2484204 0.2984992 0.2970989 0.2873184 0.2602736 0.2520996 0.3521547 0.3171162 0.2740145 0.3067063 0.2807146 0.3446115 0.2636181 0.2905444 0.3419568 0.2579299 0.2595731 0.2586926 0.3381108 0.2639223 0.2643335 0.2633905 0.2833149 0.3260307 0.3304944 0.2714539 0.2640713 0.2782064 0.2722127 0.3149399 0.2618882 0.2901703 
Amauria_rotundifolia_SRR9119150            0.3433112 0.3089546 0.0000000 0.3734737 0.1854006 0.0819918 0.3692225 0.1756470 0.3544983 0.3083763 0.2082918 0.2247367 0.2002409 0.2159710 0.1742295 0.2046388 0.4377173 0.1598859 0.2216638 0.1975066 0.1742892 0.1601212 0.1826063 0.1899802 0.2268699 0.2454568 0.2088212 0.4045617 0.0988759 0.4435742 0.2452836 0.1616526 0.1967690 0.1962096 0.3075796 0.1997628 0.2277976 0.1605956 0.1921369 0.1950499 0.3276749 0.1775574 0.2963782 0.2252860 0.2142642 0.2277760 0.2226591 0.4705592 0.1976539 0.1967211 0.1906614 0.2411414 0.1360201 0.2424858 0.2169141 0.1619071 0.2188784 0.2200974 0.2823299 0.1319513 0.3766743 0.1115334 0.2014961 0.3518760 0.2390390 0.2523238 0.3347303 0.1012440 0.2199393 0.1872062 0.2264872 0.2229460 0.2228059 0.1929585 0.1678082 0.2018483 0.2342828 0.1849582 0.1864871 0.3570616 0.2205757 0.2297648 0.3348797 0.2295930 
Conoclinium_coelestinum_SRR9119114         0.4762111 0.3373094 0.3734737 0.0000000 0.3489354 0.2498886 0.4391146 0.2457828 0.4658764 0.3526264 0.3665064 0.3753830 0.3407046 0.3226442 0.3778199 0.3595155 0.4934860 0.3612254 0.3661097 0.3166058 0.4505697 0.3308326 0.3549842 0.4185027 0.3580698 0.3415710 0.3912726 0.4563124 0.2217464 0.4881506 0.3845991 0.4279731 0.1500397 0.4367795 0.4200839 0.3432877 0.2655507 0.1432247 0.3594674 0.3905590 0.4347092 0.4200033 0.4223096 0.2590018 0.3069875 0.3662899 0.3615945 0.5160767 0.3811547 0.3854386 0.3767293 0.3841989 0.3781276 0.3609683 0.3381758 0.3105039 0.3818904 0.3534540 0.3340414 0.2149788 0.4662735 0.2649305 0.3507174 0.4178357 0.3480428 0.4576248 0.4132779 0.1878008 0.2684663 0.3521519 0.3821935 0.3580478 0.3696798 0.3481145 0.3319996 0.4321252 0.3256265 0.3710372 0.3572390 0.4115426 0.3590902 0.3819907 0.3762527 0.3097373 
Eutetras_palmeri_63                        0.4076041 0.3024231 0.1854006 0.3489354 0.0000000 0.0091591 0.4443948 0.1348276 0.3927806 0.2385512 0.1465903 0.1312412 0.1123337 0.1493568 0.1443704 0.1375767 0.4763851 0.1080252 0.1453777 0.1305469 0.1410332 0.1842745 0.1307924 0.1399425 0.1315613 0.2153216 0.1610484 0.5058344 0.1080707 0.5137269 0.1423580 0.1115513 0.0967289 0.1156856 0.2194927 0.1142566 0.1018565 0.1098299 0.1027013 0.1094860 0.2401719 0.1147792 0.2000124 0.0970399 0.1416463 0.1347599 0.1305703 0.4103530 0.1355826 0.1383294 0.1355706 0.1874021 0.1728014 0.1703666 0.1875184 0.1596378 0.1312087 0.1271585 0.1873129 0.0896283 0.5014207 0.1477297 0.1168094 0.2589899 0.2111062 0.1489869 0.2465339 0.0971682 0.1529750 0.1320724 0.1170687 0.1286128 0.1282817 0.0995605 0.1164763 0.0944448 0.1148675 0.1334741 0.1328342 0.4451372 0.1354569 0.1222977 0.4155344 0.1523143 
Eutetras_pringlei_149_quer                 0.3693913 0.3130395 0.0819918 0.2498886 0.0091591 0.0000000 0.4496031 0.1010038 0.3241903 0.1234650 0.1145455 0.1081428 0.0973101 0.1127890 0.1277247 0.1038349 0.4047573 0.1006874 0.1058986 0.0983752 0.1047079 0.1411959 0.0950380 0.1048784 0.1153191 0.1116044 0.1217843 0.4641799 0.1033994 0.4180256 0.1007289 0.1078756 0.0000010 0.0973222 0.0823519 0.1005296 0.0757683 0.0000010 0.1006465 0.0974491 0.0822706 0.1055425 0.0932763 0.0829158 0.1125937 0.1116913 0.1046090 0.0857835 0.1080351 0.0910063 0.1004538 0.1259269 0.1147893 0.1044901 0.1218337 0.0996452 0.1047615 0.1009016 0.1450141 0.0844034 0.4546462 0.1207235 0.1159856 0.1295058 0.1086870 0.0522300 0.0698062 0.0749254 0.1059573 0.0950380 0.1008221 0.1046090 0.1082858 0.1043175 0.1046090 0.0566929 0.0970314 0.1091076 0.1053260 0.4397587 0.1081093 0.0973222 0.4200295 0.0848639 
Eutrochium_fistulosum_SRR9119106           0.3611556 0.2222245 0.3692225 0.4391146 0.4443948 0.4496031 0.0000000 0.4047508 0.3329155 0.4652954 0.4428759 0.4582402 0.4468054 0.4074145 0.4620152 0.4431771 0.3125273 0.4737096 0.4299324 0.4335310 0.5605323 0.4247098 0.4159844 0.5066875 0.4409081 0.3917689 0.4427310 0.3620419 0.3684359 0.2499440 0.4556978 0.5611123 0.1696109 0.5565697 0.4975231 0.3954339 0.3369447 0.1215098 0.4342886 0.4730095 0.5224953 0.5451837 0.5429621 0.3420721 0.4139289 0.4514414 0.4433571 0.6335792 0.4544508 0.4425230 0.4399272 0.5063077 0.3985000 0.4192244 0.3830273 0.4192117 0.4582710 0.4268760 0.4119854 0.3211329 0.3256763 0.3918709 0.4364400 0.4822214 0.3841975 0.5878541 0.4940388 0.2916492 0.3463721 0.4159844 0.5266302 0.4393827 0.4477400 0.4351560 0.4394028 0.5037563 0.3957918 0.4399311 0.4185439 0.3170765 0.4454918 0.4522452 0.2217943 0.3388063 
Galeana_pratensis_104_mex                  0.3591971 0.3352606 0.1756470 0.2457828 0.1348276 0.1010038 0.4047508 0.0000000 0.4561663 0.2245110 0.1907191 0.1635478 0.1630070 0.1832785 0.1990506 0.1698626 0.4318602 0.1548861 0.2282807 0.1872356 0.1696573 0.2173266 0.1753780 0.1795852 0.1662155 0.1962435 0.1847399 0.5401004 0.1362680 0.4417415 0.1497160 0.1665252 0.0000010 0.1662940 0.1309480 0.1665183 0.1173911 0.0000010 0.1606352 0.1607501 0.1201211 0.1619669 0.1254813 0.1175994 0.1832929 0.1662506 0.1635206 0.1785650 0.1964002 0.1801344 0.1792749 0.2310754 0.1658949 0.1770355 0.1818184 0.1690868 0.1609324 0.1579327 0.1804062 0.1296263 0.5121616 0.1621640 0.1703268 0.1983036 0.1941482 0.1331140 0.1972565 0.1198453 0.1675159 0.1783989 0.1623990 0.1607586 0.1636195 0.1605223 0.1587142 0.1830625 0.1330661 0.1871303 0.1757165 0.5133011 0.1715056 0.1637302 0.4561092 0.1511000 
Helianthus_annuus_SRR9119062               0.3787321 0.2740083 0.3544983 0.4658764 0.3927806 0.3241903 0.3329155 0.4561663 0.0000000 0.4220990 0.4224154 0.4110452 0.4020926 0.3793334 0.4358463 0.4138542 0.4129332 0.4633674 0.3910856 0.3901632 0.5120992 0.3973409 0.3997251 0.4592669 0.4207665 0.3951175 0.4178030 0.3925343 0.3319411 0.3669588 0.4145862 0.4994564 0.1958487 0.5031694 0.5118196 0.3564234 0.3398886 0.1006083 0.4050880 0.4098753 0.5236952 0.4799951 0.5273143 0.3376780 0.3831663 0.4158717 0.4193816 0.5947371 0.4240135 0.4177448 0.3928526 0.4602053 0.4158552 0.4138756 0.3827027 0.4016653 0.4153754 0.4076672 0.3685019 0.2907835 0.4179038 0.3676619 0.4143998 0.4330282 0.3906250 0.5413480 0.4644932 0.2613130 0.3508562 0.3964280 0.4817842 0.4193520 0.4001173 0.3961503 0.4374189 0.4657693 0.4131372 0.4255794 0.3956264 0.3539247 0.4197225 0.4202101 0.3289301 0.3322189 
Pericome_caudata_50_silver                 0.4184712 0.3238606 0.3083763 0.3526264 0.2385512 0.1234650 0.4652954 0.2245110 0.4220990 0.0000000 0.2915770 0.2772240 0.2156391 0.2225134 0.2800413 0.2705225 0.5574660 0.2591594 0.3157846 0.2170778 0.3539850 0.2162065 0.2666743 0.3153714 0.2777130 0.2956128 0.2947380 0.5277078 0.0967437 0.5263557 0.2374844 0.2712870 0.0657348 0.2671895 0.4254577 0.2667922 0.1847700 0.0597517 0.2735234 0.2847116 0.4453959 0.3249802 0.3563501 0.1859624 0.2088298 0.2751304 0.2783866 0.5139173 0.2890695 0.2792853 0.2858138 0.3354811 0.3607685 0.2837905 0.2101104 0.2707100 0.2805417 0.2732362 0.1930387 0.1173242 0.4721422 0.1455403 0.2792203 0.2849130 0.2964140 0.2883236 0.2274182 0.1038788 0.2005839 0.2666299 0.2016075 0.2731929 0.2732034 0.2774538 0.2455116 0.2906732 0.2546036 0.2747675 0.2818845 0.4554583 0.2806820 0.2489402 0.4087827 0.2040014 
Perityle_aglossa_84_dead_horse             0.3822968 0.2562955 0.2082918 0.3665064 0.1465903 0.1145455 0.4428759 0.1907191 0.4224154 0.2915770 0.0000000 0.1109991 0.0885892 0.0477551 0.0935788 0.0344160 0.4769639 0.1802540 0.0718245 0.0459620 0.1115710 0.1293341 0.0597083 0.0503786 0.1185491 0.1473495 0.0995200 0.4895259 0.1299087 0.5064188 0.1819391 0.1729074 0.0126815 0.1841996 0.2705177 0.0957442 0.1482913 0.0219228 0.0854767 0.0904294 0.2919593 0.1010192 0.2551405 0.1495785 0.0439999 0.1242771 0.1162277 0.4919748 0.0432272 0.0411850 0.0464887 0.1372964 0.1533620 0.1571906 0.1135917 0.1021843 0.1096279 0.1143661 0.2307716 0.1314598 0.4811910 0.1112285 0.1069066 0.2980381 0.1490932 0.2011924 0.3009135 0.0841313 0.0471702 0.0632605 0.1780386 0.1156829 0.1121649 0.0851892 0.0988245 0.1627309 0.1537968 0.0550097 0.0493266 0.4335792 0.1172904 0.1561451 0.4215165 0.1527612 
Perityle_ajoensis_204                      0.3836536 0.2639970 0.2247367 0.3753830 0.1312412 0.1081428 0.4582402 0.1635478 0.4110452 0.2772240 0.1109991 0.0000000 0.0356659 0.0952677 0.1304326 0.1023332 0.4531232 0.1323937 0.1321067 0.0880744 0.0127893 0.1450821 0.1024186 0.1078495 0.0121594 0.1866247 0.1564189 0.4988957 0.1165890 0.5054971 0.1628977 0.1470601 0.0563734 0.1531656 0.2721317 0.0664195 0.1527981 0.0709491 0.0382861 0.0419445 0.2883296 0.0624575 0.2359164 0.1540889 0.0929506 0.0224086 0.0133202 0.4286774 0.0978828 0.0994294 0.1016239 0.1589876 0.1377469 0.1926957 0.1641253 0.1333844 0.0145381 0.0110411 0.2151076 0.0994866 0.4808431 0.0861995 0.0656922 0.2783820 0.1855204 0.1744173 0.2810190 0.0551457 0.0969775 0.1063962 0.1511913 0.0099365 0.0110770 0.0351887 0.0147952 0.1678589 0.1582004 0.1111911 0.1087525 0.4467315 0.0155441 0.1613140 0.4018658 0.1812895 
Perityle_ambrosiifolia_67_green            0.3563853 0.2589836 0.2002409 0.3407046 0.1123337 0.0973101 0.4468054 0.1630070 0.4020926 0.2156391 0.0885892 0.0356659 0.0000000 0.0915397 0.1281963 0.0795376 0.4202464 0.1282199 0.1105302 0.0814578 0.0420233 0.1367996 0.0788303 0.0874249 0.0382893 0.1101721 0.1363642 0.4834299 0.1074124 0.4254836 0.1208076 0.1358031 0.0617488 0.1411638 0.2523548 0.0542080 0.1223947 0.0682161 0.0265365 0.0284749 0.2663945 0.0555348 0.1768047 0.1241944 0.0864300 0.0356841 0.0371370 0.3720531 0.0754290 0.0727743 0.0796032 0.1379116 0.1362562 0.1564040 0.1611855 0.1275365 0.0382985 0.0356754 0.2176056 0.1049349 0.4664983 0.0858316 0.0543018 0.2273758 0.1088308 0.1608775 0.2211614 0.0548659 0.0931997 0.0802896 0.1426404 0.0356861 0.0356818 0.0316443 0.0434064 0.1419418 0.1336844 0.0887708 0.0845783 0.4629634 0.0409053 0.1334285 0.4067880 0.1507931 
Perityle_angustifolia_13_Eagle_creek       0.3547397 0.2757702 0.2159710 0.3226442 0.1493568 0.1127890 0.4074145 0.1832785 0.3793334 0.2225134 0.0477551 0.0952677 0.0915397 0.0000000 0.0853029 0.0356179 0.4091382 0.1626292 0.0553628 0.0254489 0.0982941 0.0966330 0.0328088 0.0525418 0.1001308 0.0827956 0.0905131 0.4720629 0.1236088 0.4025350 0.1328031 0.1716312 0.0102496 0.1709802 0.2889225 0.0999647 0.1378109 0.0098275 0.0870694 0.0932910 0.2932280 0.0916035 0.1999192 0.1379661 0.0226203 0.0969701 0.0990487 0.3745030 0.0446362 0.0432033 0.0533839 0.1181767 0.1601618 0.1381187 0.1026303 0.0996455 0.0970094 0.0953602 0.2256827 0.1276855 0.4627073 0.0861797 0.0949774 0.2201789 0.0846732 0.1571539 0.2056680 0.0924456 0.0297393 0.0342791 0.1671210 0.0969769 0.0969631 0.0931498 0.1043900 0.1550929 0.1454401 0.0459963 0.0299582 0.4644613 0.1017164 0.1500628 0.4289797 0.1423078 
Perityle_batopilensis_97                   0.4079155 0.3259197 0.1742295 0.3778199 0.1443704 0.1277247 0.4620152 0.1990506 0.4358463 0.2800413 0.0935788 0.1304326 0.1281963 0.0853029 0.0000000 0.0831862 0.5044693 0.1771437 0.1067706 0.0763301 0.1395438 0.1871832 0.0790580 0.0952319 0.1367609 0.1214156 0.1184994 0.5066130 0.1501048 0.4796050 0.1874352 0.1661384 0.0126894 0.1752290 0.2624099 0.1235917 0.1534820 0.0219378 0.1192156 0.1245782 0.2823656 0.1313887 0.2613060 0.1567424 0.0829993 0.1353666 0.1372315 0.4582017 0.0853734 0.0843481 0.0857459 0.1496515 0.1793822 0.1532883 0.1448147 0.1078020 0.1322915 0.1353359 0.2469711 0.1465605 0.4881183 0.1293978 0.1366420 0.2931001 0.1214740 0.2014622 0.2891011 0.1245185 0.0909438 0.0817281 0.1712649 0.1353752 0.1324755 0.1234389 0.1558926 0.1771959 0.1668875 0.0830942 0.0785879 0.4555387 0.1414978 0.1423013 0.4279036 0.1492302 
Perityle_bisetosa_9                        0.3840641 0.2671795 0.2046388 0.3595155 0.1375767 0.1038349 0.4431771 0.1698626 0.4138542 0.2705225 0.0344160 0.1023332 0.0795376 0.0356179 0.0831862 0.0000000 0.4815546 0.1546372 0.0550534 0.0380433 0.1074892 0.1217174 0.0482070 0.0415000 0.1101277 0.1278155 0.0887433 0.5015169 0.1207618 0.5057006 0.1745174 0.1661572 0.0063057 0.1751518 0.2662151 0.0803520 0.1409939 0.0072282 0.0773654 0.0804397 0.2842599 0.0896188 0.2345961 0.1422760 0.0344843 0.1170917 0.1078054 0.4753981 0.0366318 0.0356554 0.0338535 0.1246518 0.1473332 0.1452448 0.1052418 0.0925150 0.1021731 0.1072792 0.2215469 0.1176195 0.4851796 0.0950080 0.0972514 0.2840338 0.1294816 0.1979945 0.2895887 0.0754127 0.0271623 0.0505464 0.1702026 0.1085872 0.1023213 0.0818914 0.0876313 0.1512548 0.1443134 0.0459791 0.0376803 0.4450463 0.1124099 0.1483164 0.4121795 0.1405342 
Perityle_californica_76_positas            0.3281881 0.2649066 0.4377173 0.4934860 0.4763851 0.4047573 0.3125273 0.4318602 0.4129332 0.5574660 0.4769639 0.4531232 0.4202464 0.4091382 0.5044693 0.4815546 0.0000000 0.4891010 0.4729513 0.4577400 0.5015098 0.4402539 0.4704214 0.4619450 0.4848446 0.4539372 0.4759903 0.4172078 0.3747550 0.2007648 0.5246137 0.5145846 0.4346066 0.5164893 0.5249857 0.4380370 0.4355134 0.3248394 0.4755575 0.4219700 0.5595626 0.4899128 0.5336100 0.4324823 0.4679031 0.4881066 0.4948883 0.6656619 0.4946755 0.4790150 0.4654874 0.4661942 0.4690708 0.4911231 0.4099572 0.4207486 0.4504333 0.4813072 0.5002485 0.3491131 0.3708224 0.3999599 0.4869053 0.5574878 0.4555470 0.5616046 0.5592237 0.2954309 0.4468071 0.4666399 0.4978760 0.4881928 0.4652544 0.4730383 0.4438652 0.4706315 0.4782862 0.4862869 0.4464378 0.3851260 0.4992710 0.4948536 0.1482232 0.4305549 
Perityle_canescens_77                      0.4042606 0.3560427 0.1598859 0.3612254 0.1080252 0.1006874 0.4737096 0.1548861 0.4633674 0.2591594 0.1802540 0.1323937 0.1282199 0.1626292 0.1771437 0.1546372 0.4891010 0.0000000 0.2086050 0.1648268 0.1410693 0.2019048 0.1502765 0.1578809 0.1385322 0.2082757 0.1738609 0.6118226 0.1044294 0.5219262 0.1372073 0.1306198 0.0000010 0.1284088 0.0847786 0.1464533 0.0950879 0.0000010 0.1279452 0.1280622 0.0843795 0.1343686 0.1372803 0.0948438 0.1649895 0.1385564 0.1407719 0.1919503 0.1643002 0.1648392 0.1644112 0.2122505 0.1483371 0.1447456 0.1740616 0.1799058 0.1344902 0.1364701 0.1697740 0.0580441 0.5713740 0.1435069 0.1451249 0.2092076 0.2019651 0.1419783 0.2274201 0.0980121 0.1616434 0.1479713 0.1192661 0.1365654 0.1365407 0.1315836 0.1362778 0.1400188 0.1003780 0.1814230 0.1636525 0.5768112 0.1427971 0.1287848 0.4972280 0.1299997 
Perityle_castillonii_96                    0.3843517 0.2645990 0.2216638 0.3661097 0.1453777 0.1058986 0.4299324 0.2282807 0.3910856 0.3157846 0.0718245 0.1321067 0.1105302 0.0553628 0.1067706 0.0550534 0.4729513 0.2086050 0.0000000 0.0557529 0.1428619 0.0966236 0.0606916 0.0763178 0.1395263 0.1649021 0.1131150 0.4897772 0.1239012 0.4972795 0.1876509 0.1904892 0.0067813 0.2003026 0.2856733 0.1135610 0.1737429 0.0072282 0.1053762 0.1103139 0.3059619 0.1122549 0.2779920 0.1749077 0.0473781 0.1442030 0.1370809 0.4880792 0.0680300 0.0681047 0.0696401 0.1324373 0.1676008 0.1899507 0.1421640 0.1365134 0.1348970 0.1364814 0.2504446 0.1313550 0.4817109 0.0831626 0.1138835 0.3122995 0.1623330 0.2153419 0.3166808 0.0840596 0.0508788 0.0643051 0.1985102 0.1365527 0.1330737 0.1047083 0.1390121 0.1720514 0.1703654 0.0655284 0.0554718 0.4424138 0.1421143 0.1688580 0.4148886 0.1697309 
Perityle_cernua_84                         0.3708040 0.2756739 0.1975066 0.3166058 0.1305469 0.0983752 0.4335310 0.1872356 0.3901632 0.2170778 0.0459620 0.0880744 0.0814578 0.0254489 0.0763301 0.0380433 0.4577400 0.1648268 0.0557529 0.0000000 0.0876052 0.1035264 0.0330885 0.0497722 0.0955789 0.0786225 0.0852772 0.4745681 0.1050216 0.4147797 0.1537193 0.1663411 0.0000010 0.1699914 0.2806181 0.0833147 0.1281088 0.0072282 0.0821847 0.0845513 0.2989931 0.0835671 0.1961573 0.1299632 0.0253800 0.0928536 0.0946278 0.4431821 0.0394473 0.0370906 0.0428381 0.1104736 0.1609140 0.1370506 0.1006895 0.1040041 0.0878211 0.0928320 0.2209602 0.1176117 0.4558767 0.0739916 0.0876163 0.2487514 0.0802359 0.1951448 0.2338142 0.0711477 0.0355632 0.0356062 0.1658962 0.0928592 0.0892650 0.0851915 0.1018846 0.1502627 0.1417061 0.0394089 0.0289353 0.4341985 0.0955253 0.1356245 0.4019260 0.1339832 
Perityle_cfvillosa_25_tin                  0.4304682 0.2833125 0.1742892 0.4505697 0.1410332 0.1047079 0.5605323 0.1696573 0.5120992 0.3539850 0.1115710 0.0127893 0.0420233 0.0982941 0.1395438 0.1074892 0.5015098 0.1410693 0.1428619 0.0876052 0.0000000 0.1449951 0.1075882 0.1084786 0.0170946 0.2105325 0.1711046 0.6153242 0.1122105 0.6174017 0.1830858 0.1494035 0.0000010 0.1568308 0.1786166 0.0797094 0.1784277 0.0000010 0.0509547 0.0524479 0.1781289 0.0681793 0.1996407 0.1847536 0.0961905 0.0303328 0.0156292 0.3374229 0.0996627 0.1020030 0.1081695 0.1535548 0.0711905 0.2143247 0.1624830 0.1343981 0.0141952 0.0113123 0.2432336 0.1058869 0.5862859 0.0923114 0.0774841 0.3373139 0.2091451 0.1368728 0.3424719 0.0511104 0.0977618 0.1127765 0.1493892 0.0141729 0.0128361 0.0455234 0.0167177 0.1793406 0.1743096 0.1207716 0.1141001 0.5532799 0.0084995 0.1812080 0.4993548 0.2101054 
Perityle_cinerea_113_Powell1310            0.3912117 0.3252141 0.1601212 0.3308326 0.1842745 0.1411959 0.4247098 0.2173266 0.3973409 0.2162065 0.1293341 0.1450821 0.1367996 0.0966330 0.1871832 0.1217174 0.4402539 0.2019048 0.0966236 0.1035264 0.1449951 0.0000000 0.1072729 0.1230831 0.1485788 0.1266704 0.1760007 0.4799388 0.1189231 0.4540313 0.1322506 0.2163808 0.0000010 0.2079807 0.1637580 0.1393432 0.1778026 0.0000010 0.1333844 0.1372430 0.1556805 0.1112380 0.1557805 0.1777715 0.1035250 0.1452437 0.1450568 0.1594677 0.1485062 0.1264037 0.1399387 0.1616539 0.1334328 0.1933798 0.1838297 0.1280679 0.1491078 0.1416455 0.2146491 0.1975335 0.4982263 0.1235652 0.1221961 0.2143441 0.1236823 0.1405755 0.1915692 0.1830965 0.0931102 0.1074236 0.2079807 0.1450568 0.1411963 0.1331930 0.1450568 0.2050249 0.1935540 0.1177009 0.1001344 0.4614668 0.1488504 0.2079807 0.4618000 0.1819342 
Perityle_coahuilensis_24                   0.3739742 0.2630872 0.1826063 0.3549842 0.1307924 0.0950380 0.4159844 0.1753780 0.3997251 0.2666743 0.0597083 0.1024186 0.0788303 0.0328088 0.0790580 0.0482070 0.4704214 0.1502765 0.0606916 0.0330885 0.1075882 0.1072729 0.0000000 0.0518345 0.1114636 0.1290037 0.0885998 0.4762227 0.1051823 0.4923546 0.1688672 0.1558663 0.0190004 0.1655582 0.2683919 0.0855213 0.1400309 0.0144859 0.0796725 0.0829226 0.2862675 0.0745992 0.2406371 0.1413184 0.0345706 0.1170130 0.1103987 0.4771988 0.0480216 0.0424433 0.0477553 0.1115505 0.1500751 0.1488684 0.0968631 0.0949299 0.1048680 0.1085699 0.2104932 0.1109971 0.4558620 0.0621065 0.0941815 0.2732196 0.1292919 0.1895325 0.2862456 0.0672130 0.0341843 0.0032366 0.1606533 0.1086271 0.1037137 0.0818376 0.0822263 0.1479388 0.1438606 0.0377301 0.0385971 0.4215333 0.1126824 0.1454583 0.3966072 0.1411338 
Perityle_cochisensis_44_cave_creek         0.3970720 0.2756862 0.1899802 0.4185027 0.1399425 0.1048784 0.5066875 0.1795852 0.4592669 0.3153714 0.0503786 0.1078495 0.0874249 0.0525418 0.0952319 0.0415000 0.4619450 0.1578809 0.0763178 0.0497722 0.1084786 0.1230831 0.0518345 0.0000000 0.1092168 0.1589662 0.1019690 0.5483427 0.1117658 0.5605012 0.1594875 0.1662184 0.0000010 0.1791911 0.2523777 0.0962957 0.1503495 0.0000010 0.0780243 0.0847977 0.2532386 0.0890358 0.2233617 0.1519407 0.0554997 0.1157038 0.1095200 0.4430253 0.0477590 0.0361277 0.0424721 0.1257197 0.1428986 0.1552526 0.1116050 0.1069837 0.1077042 0.1061859 0.2392438 0.1085606 0.5380688 0.0712935 0.1032908 0.3149719 0.1610141 0.1416653 0.3172071 0.0721107 0.0518656 0.0557974 0.1730624 0.1075332 0.1068619 0.0758517 0.0880344 0.1496005 0.1446401 0.0557668 0.0557923 0.4911861 0.1121276 0.1736642 0.4612514 0.1610915 
Perityle_congesta_202                      0.3865490 0.2635979 0.2268699 0.3580698 0.1315613 0.1153191 0.4409081 0.1662155 0.4207665 0.2777130 0.1185491 0.0121594 0.0382893 0.1001308 0.1367609 0.1101277 0.4848446 0.1385322 0.1395263 0.0955789 0.0170946 0.1485788 0.1114636 0.1092168 0.0000000 0.1913343 0.1627979 0.4802621 0.1166511 0.4942097 0.1830341 0.1470304 0.0863095 0.1531359 0.2778685 0.0752245 0.1558463 0.0670098 0.0415307 0.0455803 0.2953666 0.0666792 0.2398450 0.1555780 0.1005799 0.0205566 0.0074885 0.4437857 0.1057269 0.1088104 0.1053119 0.1621031 0.1446984 0.1987935 0.1680853 0.1384831 0.0089068 0.0096063 0.2131524 0.1027598 0.4640130 0.0890975 0.0681881 0.2752305 0.1902741 0.1938252 0.2802168 0.0634148 0.1081671 0.1153598 0.1492005 0.0042570 0.0054296 0.0386914 0.0092126 0.1709042 0.1608227 0.1189333 0.1115253 0.4368737 0.0139421 0.1647539 0.4026380 0.1866975 
Perityle_cordifolia_27                     0.3608813 0.2624200 0.2454568 0.3415710 0.2153216 0.1116044 0.3917689 0.1962435 0.3951175 0.2956128 0.1473495 0.1866247 0.1101721 0.0827956 0.1214156 0.1278155 0.4539372 0.2082757 0.1649021 0.0786225 0.2105325 0.1266704 0.1290037 0.1589662 0.1913343 0.0000000 0.1819869 0.4980877 0.1173612 0.4590210 0.2376552 0.2015678 0.0126877 0.2132431 0.3411310 0.1683410 0.1897119 0.0145433 0.1763336 0.1801452 0.3616718 0.1900108 0.2932791 0.1909834 0.0779638 0.1900970 0.1900338 0.4593180 0.1374556 0.1280917 0.1431776 0.2113060 0.2333693 0.2173876 0.1472800 0.0968383 0.1879086 0.1929542 0.2006383 0.1131591 0.4315697 0.0720003 0.1895789 0.2903084 0.0070600 0.2651290 0.2895668 0.0880998 0.0807128 0.1317704 0.1857181 0.1883790 0.1864329 0.1768540 0.1245018 0.2436298 0.2297829 0.1324065 0.1305242 0.4369356 0.1964315 0.2072056 0.3715048 0.1869361 
Perityle_cordifolia_68_tecolote            0.4105868 0.2814563 0.2088212 0.3912726 0.1610484 0.1217843 0.4427310 0.1847399 0.4178030 0.2947380 0.0995200 0.1564189 0.1363642 0.0905131 0.1184994 0.0887433 0.4759903 0.1738609 0.1131150 0.0852772 0.1711046 0.1760007 0.0885998 0.1019690 0.1627979 0.1819869 0.0000000 0.5031226 0.1172031 0.5042898 0.1941028 0.1806958 0.0256239 0.1953117 0.2755277 0.1359730 0.1537182 0.0293816 0.1306818 0.1377742 0.2931598 0.1409373 0.2576316 0.1518287 0.0848827 0.1717861 0.1644321 0.4914208 0.0896964 0.0912615 0.0925081 0.1678397 0.2007087 0.1616122 0.0130239 0.1383971 0.1608136 0.1634897 0.2469007 0.1387743 0.4915563 0.1241669 0.1454516 0.3204663 0.1838890 0.2125261 0.3123187 0.1063369 0.0912300 0.0923115 0.1867710 0.1635763 0.1583094 0.1346996 0.1634875 0.1772096 0.1651826 0.0924947 0.0845929 0.4335056 0.1640984 0.1694284 0.4154132 0.1485857 
Perityle_coronopifolia_28_patagonia        0.4057007 0.3022745 0.4045617 0.4563124 0.5058344 0.4641799 0.3620419 0.5401004 0.3925343 0.5277078 0.4895259 0.4988957 0.4834299 0.4720629 0.5066130 0.5015169 0.4172078 0.6118226 0.4897772 0.4745681 0.6153242 0.4799388 0.4762227 0.5483427 0.4802621 0.4980877 0.5031226 0.0000000 0.4068217 0.3817313 0.4767947 0.5918106 0.1793262 0.5733313 0.6403157 0.4835831 0.4134818 0.1312950 0.4844763 0.5199919 0.6375881 0.6097645 0.6828600 0.4056786 0.4413831 0.4746776 0.4823832 0.7432439 0.4902275 0.4971575 0.4733417 0.5285148 0.4523420 0.4931013 0.4788515 0.5154496 0.5023503 0.4684554 0.4151815 0.4165306 0.3205497 0.4787991 0.4860610 0.5174321 0.4997937 0.6675143 0.5173502 0.3540268 0.4243692 0.4768557 0.5417823 0.4779723 0.4818755 0.4875080 0.5511791 0.6068635 0.5057547 0.4751694 0.4735217 0.0272589 0.4830807 0.4712558 0.3160744 0.3902448 
Perityle_crassifolia_74_playa_balandra     0.3165491 0.2928925 0.0988759 0.2217464 0.1080707 0.1033994 0.3684359 0.1362680 0.3319411 0.0967437 0.1299087 0.1165890 0.1074124 0.1236088 0.1501048 0.1207618 0.3747550 0.1044294 0.1239012 0.1050216 0.1122105 0.1189231 0.1051823 0.1117658 0.1166511 0.1173612 0.1172031 0.4068217 0.0000000 0.3733844 0.0597149 0.1083276 0.0000010 0.0993494 0.0955630 0.1074684 0.0824387 0.0000010 0.1030852 0.1076089 0.0823613 0.1143699 0.0956007 0.0913133 0.1279972 0.1167464 0.1122704 0.0865813 0.1212278 0.1031269 0.1209464 0.1560000 0.1210047 0.1091293 0.1129391 0.1117434 0.1124789 0.1124430 0.1187723 0.0995321 0.4068538 0.1283091 0.1145468 0.1184258 0.1136572 0.1000536 0.0941496 0.0948266 0.1189007 0.1051823 0.0993494 0.1122704 0.1122704 0.1075782 0.1122704 0.1271312 0.0917022 0.1187970 0.1142502 0.3997976 0.1167464 0.0993494 0.3932478 0.0985693 
Perityle_cuneata_34_cuneata_San_antonio    0.3449209 0.2785341 0.4435742 0.4881506 0.5137269 0.4180256 0.2499440 0.4417415 0.3669588 0.5263557 0.5064188 0.5054971 0.4254836 0.4025350 0.4796050 0.5057006 0.2007648 0.5219262 0.4972795 0.4147797 0.6174017 0.4540313 0.4923546 0.5605012 0.4942097 0.4590210 0.5042898 0.3817313 0.3733844 0.0000000 0.5428212 0.5687909 0.1700253 0.5752150 0.5950751 0.4655564 0.3876770 0.1215634 0.4971510 0.5180279 0.5868346 0.5965997 0.5585783 0.3886253 0.4072088 0.5068788 0.5042835 0.6964364 0.5107294 0.5058764 0.4999202 0.5512340 0.4572617 0.5180684 0.4171979 0.4090371 0.5052670 0.4858961 0.4188565 0.3358482 0.3079318 0.4165837 0.4970309 0.5891761 0.4577466 0.6040396 0.5611481 0.2869420 0.3555421 0.4920667 0.5042832 0.4977268 0.4893402 0.4901863 0.4342573 0.5569673 0.4790515 0.5100628 0.4915869 0.3152010 0.4967961 0.5057704 0.1049789 0.4224123 
Perityle_cuneata_4                         0.3639987 0.2863664 0.2452836 0.3845991 0.1423580 0.1007289 0.4556978 0.1497160 0.4145862 0.2374844 0.1819391 0.1628977 0.1208076 0.1328031 0.1874352 0.1745174 0.5246137 0.1372073 0.1876509 0.1537193 0.1830858 0.1322506 0.1688672 0.1594875 0.1830341 0.2376552 0.1941028 0.4767947 0.0597149 0.5428212 0.0000000 0.1067225 0.2465493 0.1146217 0.2831981 0.1464869 0.1345613 0.1499079 0.1541406 0.1405026 0.3050561 0.1410663 0.2456680 0.1342528 0.1612810 0.1942170 0.1832757 0.4623260 0.1872605 0.1776698 0.1568204 0.2314919 0.2342477 0.1995307 0.1580150 0.1500385 0.1599094 0.1822340 0.1617740 0.1037944 0.4648811 0.1172374 0.1648306 0.2723824 0.2344273 0.2200892 0.2709208 0.0841835 0.1652510 0.1722599 0.0970989 0.1805247 0.1690198 0.1484878 0.1215112 0.1521931 0.1668779 0.1709364 0.1534283 0.3788575 0.1862218 0.1459785 0.4067323 0.1586598 
Perityle_discoidea_81                      0.4955352 0.3274965 0.1616526 0.4279731 0.1115513 0.1078756 0.5611123 0.1665252 0.4994564 0.2712870 0.1729074 0.1470601 0.1358031 0.1716312 0.1661384 0.1661572 0.5145846 0.1306198 0.1904892 0.1663411 0.1494035 0.2163808 0.1558663 0.1662184 0.1470304 0.2015678 0.1806958 0.5918106 0.1083276 0.5687909 0.1067225 0.0000000 0.0000010 0.0170627 0.1303797 0.1459449 0.1235661 0.0000010 0.1368036 0.1368719 0.1262073 0.1391483 0.1649878 0.1214695 0.1689103 0.1470468 0.1491133 0.2797995 0.1721209 0.1609734 0.1681134 0.2108705 0.1502999 0.1889037 0.1900883 0.1840904 0.1432712 0.1433004 0.2330092 0.1048893 0.5836687 0.1592815 0.1524663 0.3018332 0.1999831 0.1423687 0.2764399 0.0973547 0.1757662 0.1557391 0.0050937 0.1452009 0.1451767 0.1382703 0.1536460 0.1484725 0.1419158 0.1616687 0.1618039 0.5364460 0.1552310 0.0123704 0.5212057 0.1665872 
Perityle_dissecta_201                      0.1165431 0.1324487 0.1967690 0.1500397 0.0967289 0.0000010 0.1696109 0.0000010 0.1958487 0.0657348 0.0126815 0.0563734 0.0617488 0.0102496 0.0126894 0.0063057 0.4346066 0.0000010 0.0067813 0.0000010 0.0000010 0.0000010 0.0190004 0.0000010 0.0863095 0.0126877 0.0256239 0.1793262 0.0000010 0.1700253 0.2465493 0.0000010 0.0000000 0.0000010 0.9140022 0.0276515 0.0942061 0.0074539 0.0792614 0.0626390 0.8419758 0.1706065 0.8648111 0.0939714 0.0000010 0.0863095 0.0863095 0.8902363 0.0000010 0.0260609 0.0071548 0.0000010 0.2196049 0.1158848 0.0230799 0.0000010 0.0609558 0.0933540 0.1448694 0.0000010 0.1959946 0.0000010 0.0792614 0.1315624 0.0126877 0.4792259 0.0780502 0.0000010 0.0126615 0.0190004 0.0000010 0.0863095 0.0657289 0.0879458 0.0000010 0.0539125 0.1005619 0.0063627 0.0000010 0.1700935 0.0933540 0.0321579 0.1904813 0.0868875 
Perityle_emoryi_47_punta_san_jose          0.5074606 0.3379630 0.1962096 0.4367795 0.1156856 0.0973222 0.5565697 0.1662940 0.5031694 0.2671895 0.1841996 0.1531656 0.1411638 0.1709802 0.1752290 0.1751518 0.5164893 0.1284088 0.2003026 0.1699914 0.1568308 0.2079807 0.1655582 0.1791911 0.1531359 0.2132431 0.1953117 0.5733313 0.0993494 0.5752150 0.1146217 0.0170627 0.0000010 0.0000000 0.1641711 0.1508434 0.1195757 0.0000010 0.1395819 0.1396798 0.1661948 0.1472745 0.1688506 0.1176137 0.1729096 0.1531518 0.1551329 0.3133099 0.1792834 0.1701387 0.1748151 0.2262842 0.1840174 0.1978659 0.2004143 0.1856749 0.1513536 0.1512967 0.2368094 0.0953246 0.5872167 0.1558512 0.1601305 0.3017954 0.2074814 0.1523073 0.2728972 0.0930022 0.1774260 0.1654291 0.0129365 0.1513902 0.1513661 0.1448568 0.1537436 0.1581560 0.1470317 0.1708358 0.1711691 0.5252233 0.1609887 0.0043700 0.5141693 0.1840353 
Perityle_feddemae_99                       0.4562550 0.3810489 0.3075796 0.4200839 0.2194927 0.0823519 0.4975231 0.1309480 0.5118196 0.4254577 0.2705177 0.2721317 0.2523548 0.2889225 0.2624099 0.2662151 0.5249857 0.0847786 0.2856733 0.2806181 0.1786166 0.1637580 0.2683919 0.2523777 0.2778685 0.3411310 0.2755277 0.6403157 0.0955630 0.5950751 0.2831981 0.1303797 0.9140022 0.1641711 0.0000000 0.2609220 0.2008536 0.9483179 0.2378106 0.2416219 0.0236222 0.2077931 0.0753527 0.2000854 0.2937735 0.2910403 0.2762459 0.1874995 0.2654620 0.2664671 0.2714809 0.3106279 0.2586476 0.2297833 0.2763789 0.1792349 0.2755126 0.2764924 0.2845437 0.0892609 0.6189343 0.1494205 0.2574628 0.3568745 0.3402960 0.2527130 0.4022628 0.0841638 0.2964364 0.2701952 0.2077275 0.2767588 0.2750474 0.2350696 0.1422920 0.2211487 0.1721716 0.2767160 0.2646410 0.6010228 0.2814243 0.2616751 0.5377676 0.2737953 
Perityle_fosteri_93                        0.3486390 0.2633131 0.1997628 0.3432877 0.1142566 0.1005296 0.3954339 0.1665183 0.3564234 0.2667922 0.0957442 0.0664195 0.0542080 0.0999647 0.1235917 0.0803520 0.4380370 0.1464533 0.1135610 0.0833147 0.0797094 0.1393432 0.0855213 0.0962957 0.0752245 0.1683410 0.1359730 0.4835831 0.1074684 0.4655564 0.1464869 0.1459449 0.0276515 0.1508434 0.2609220 0.0000000 0.1396931 0.0439266 0.0419450 0.0418594 0.2809115 0.0460527 0.2506893 0.1410172 0.0953467 0.0794742 0.0728112 0.4388146 0.0787578 0.0854233 0.0803475 0.1613427 0.1259376 0.1795909 0.1717828 0.1298152 0.0710908 0.0711874 0.1885111 0.1058743 0.4529977 0.0885301 0.0567457 0.2609207 0.1672339 0.1830130 0.2486170 0.0117214 0.0938755 0.0895102 0.1491843 0.0711672 0.0681658 0.0410468 0.0534297 0.1386783 0.1454568 0.0842297 0.0852736 0.4223394 0.0701614 0.1383929 0.3720580 0.1590060 
Perityle_gamon_221                         0.3342801 0.3142779 0.2277976 0.2655507 0.1018565 0.0757683 0.3369447 0.1173911 0.3398886 0.1847700 0.1482913 0.1527981 0.1223947 0.1378109 0.1534820 0.1409939 0.4355134 0.0950879 0.1737429 0.1281088 0.1784277 0.1778026 0.1400309 0.1503495 0.1558463 0.1897119 0.1537182 0.4134818 0.0824387 0.3876770 0.1345613 0.1235661 0.0942061 0.1195757 0.2008536 0.1396931 0.0000000 0.1016746 0.1291950 0.1341465 0.2119962 0.1449152 0.1300658 0.0156313 0.1317765 0.1664571 0.1543375 0.2809911 0.1384356 0.1395018 0.1437113 0.2000298 0.2123527 0.1265706 0.1581629 0.1530112 0.1545427 0.1567365 0.1256895 0.0830461 0.4145340 0.1315992 0.1469724 0.1531926 0.1902615 0.1960985 0.1594342 0.0893207 0.1401626 0.1399835 0.1277699 0.1535621 0.1503005 0.1310828 0.1380572 0.1387544 0.0776138 0.1410474 0.1432386 0.4059068 0.1599801 0.1370104 0.3505721 0.1372000 
Perityle_gentryi_8_san_francisco           0.1165431 0.1324487 0.1605956 0.1432247 0.1098299 0.0000010 0.1215098 0.0000010 0.1006083 0.0597517 0.0219228 0.0709491 0.0682161 0.0098275 0.0219378 0.0072282 0.3248394 0.0000010 0.0072282 0.0072282 0.0000010 0.0000010 0.0144859 0.0000010 0.0670098 0.0145433 0.0293816 0.1312950 0.0000010 0.1215634 0.1499079 0.0000010 0.0074539 0.0000010 0.9483179 0.0439266 0.1016746 0.0000000 0.0670098 0.0702157 0.9261993 0.2044099 0.9137877 0.0932512 0.0072282 0.0670098 0.0670098 0.9566748 0.0219324 0.0219468 0.0145220 0.0118825 0.1949488 0.1165999 0.0210425 0.0000010 0.0673698 0.0748125 0.1520496 0.0000010 0.1412755 0.0000010 0.0670098 0.1171841 0.0145433 0.4183965 0.0914708 0.0000010 0.0145220 0.0144859 0.0000010 0.0670098 0.0670098 0.0746134 0.0000010 0.0501284 0.1095742 0.0072282 0.0072282 0.1312950 0.0748125 0.0369334 0.1215634 0.0836222 
Perityle_gilensis_22_Superstition          0.3666878 0.2638001 0.1921369 0.3594674 0.1027013 0.1006465 0.4342886 0.1606352 0.4050880 0.2735234 0.0854767 0.0382861 0.0265365 0.0870694 0.1192156 0.0773654 0.4755575 0.1279452 0.1053762 0.0821847 0.0509547 0.1333844 0.0796725 0.0780243 0.0415307 0.1763336 0.1306818 0.4844763 0.1030852 0.4971510 0.1541406 0.1368036 0.0792614 0.1395819 0.2378106 0.0419450 0.1291950 0.0670098 0.0000000 0.0100744 0.2560889 0.0358467 0.2268622 0.1274472 0.0875011 0.0451203 0.0404847 0.4403766 0.0662824 0.0749869 0.0712114 0.1439684 0.1145019 0.1624385 0.1616397 0.1212070 0.0421578 0.0380608 0.2070146 0.0962730 0.4555819 0.0771362 0.0354592 0.2692829 0.1752737 0.1814393 0.2769657 0.0468922 0.0955079 0.0833185 0.1433716 0.0391907 0.0367068 0.0160389 0.0242590 0.1347417 0.1309106 0.0845963 0.0742831 0.4364521 0.0426478 0.1379675 0.4024394 0.1536873 
Perityle_gilensis_salensis_225             0.3668699 0.2680444 0.1950499 0.3905590 0.1094860 0.0974491 0.4730095 0.1607501 0.4098753 0.2847116 0.0904294 0.0419445 0.0284749 0.0932910 0.1245782 0.0804397 0.4219700 0.1280622 0.1103139 0.0845513 0.0524479 0.1372430 0.0829226 0.0847977 0.0455803 0.1801452 0.1377742 0.5199919 0.1076089 0.5180279 0.1405026 0.1368719 0.0626390 0.1396798 0.2416219 0.0418594 0.1341465 0.0702157 0.0100744 0.0000000 0.2478259 0.0398090 0.2229935 0.1304355 0.0904337 0.0507045 0.0444667 0.4256886 0.0697919 0.0763517 0.0785918 0.1483745 0.1095524 0.1740552 0.1657049 0.1236575 0.0455221 0.0406566 0.2210320 0.0963579 0.4894975 0.0831696 0.0402314 0.2798754 0.1790087 0.1377840 0.2874744 0.0470030 0.0944805 0.0868397 0.1434761 0.0430616 0.0409301 0.0193616 0.0223866 0.1406273 0.1325780 0.0880503 0.0828794 0.4628996 0.0455741 0.1414864 0.4173464 0.1644287 
Perityle_glaucescens_94                    0.4549755 0.3774218 0.3276749 0.4347092 0.2401719 0.0822706 0.5224953 0.1201211 0.5236952 0.4453959 0.2919593 0.2883296 0.2663945 0.2932280 0.2823656 0.2842599 0.5595626 0.0843795 0.3059619 0.2989931 0.1781289 0.1556805 0.2862675 0.2532386 0.2953666 0.3616718 0.2931598 0.6375881 0.0823613 0.5868346 0.3050561 0.1262073 0.8419758 0.1661948 0.0236222 0.2809115 0.2119962 0.9261993 0.2560889 0.2478259 0.0000000 0.2091871 0.0610724 0.2112252 0.3125750 0.3021458 0.2938102 0.1671661 0.2833814 0.2864902 0.2892357 0.3147471 0.2749464 0.2528135 0.2780985 0.1707420 0.2858711 0.2939439 0.2930543 0.0926151 0.6323147 0.1428218 0.2752652 0.3623177 0.3628863 0.3100457 0.4194105 0.0889015 0.3155912 0.2880085 0.2054621 0.2942364 0.2906025 0.2551816 0.1398818 0.2182555 0.1907984 0.2966691 0.2826390 0.6002591 0.2987827 0.2809482 0.5287721 0.2908573 
Perityle_gracilis_11                       0.4231239 0.2828048 0.1775574 0.4200033 0.1147792 0.1055425 0.5451837 0.1619669 0.4799951 0.3249802 0.1010192 0.0624575 0.0555348 0.0916035 0.1313887 0.0896188 0.4899128 0.1343686 0.1122549 0.0835671 0.0681793 0.1112380 0.0745992 0.0890358 0.0666792 0.1900108 0.1409373 0.6097645 0.1143699 0.5965997 0.1410663 0.1391483 0.1706065 0.1472745 0.2077931 0.0460527 0.1449152 0.2044099 0.0358467 0.0398090 0.2091871 0.0000000 0.2021663 0.1465649 0.0901081 0.0698876 0.0668226 0.3869217 0.0877673 0.0834372 0.0845772 0.1538693 0.0961987 0.1786856 0.1722964 0.1275891 0.0651709 0.0622880 0.2279451 0.0985588 0.5617324 0.0649752 0.0490078 0.3054832 0.1887288 0.1287583 0.3199288 0.0632603 0.0908064 0.0775150 0.1456737 0.0637062 0.0627658 0.0335241 0.0418677 0.1436871 0.1468479 0.0803060 0.0817293 0.5512650 0.0680531 0.1525069 0.4802790 0.1684970 
Perityle_harkerae_31                       0.4700155 0.3537044 0.2963782 0.4223096 0.2000124 0.0932763 0.5429621 0.1254813 0.5273143 0.3563501 0.2551405 0.2359164 0.1768047 0.1999192 0.2613060 0.2345961 0.5336100 0.1372803 0.2779920 0.1961573 0.1996407 0.1557805 0.2406371 0.2233617 0.2398450 0.2932791 0.2576316 0.6828600 0.0956007 0.5585783 0.2456680 0.1649878 0.8648111 0.1688506 0.0753527 0.2506893 0.1300658 0.9137877 0.2268622 0.2229935 0.0610724 0.2021663 0.0000000 0.1360878 0.2022244 0.2398769 0.2399542 0.1859308 0.2494060 0.2416049 0.2523748 0.2753790 0.2443925 0.2195714 0.1861200 0.1792155 0.2336461 0.2376570 0.1964247 0.0992045 0.6199284 0.1394205 0.2454578 0.2858287 0.2944045 0.2468857 0.3431842 0.0933631 0.2024663 0.2404247 0.1312442 0.2378282 0.2354196 0.2262487 0.1397817 0.2148545 0.1521427 0.2611183 0.2401995 0.6019790 0.2383596 0.2307275 0.5104302 0.1920765 
Perityle_hofmeisteria_4_nombre_de_dios     0.3376582 0.3192562 0.2252860 0.2590018 0.0970399 0.0829158 0.3420721 0.1175994 0.3376780 0.1859624 0.1495785 0.1540889 0.1241944 0.1379661 0.1567424 0.1422760 0.4324823 0.0948438 0.1749077 0.1299632 0.1847536 0.1777715 0.1413184 0.1519407 0.1555780 0.1909834 0.1518287 0.4056786 0.0913133 0.3886253 0.1342528 0.1214695 0.0939714 0.1176137 0.2000854 0.1410172 0.0156313 0.0932512 0.1274472 0.1304355 0.2112252 0.1465649 0.1360878 0.0000000 0.1336474 0.1661222 0.1540718 0.2821160 0.1397239 0.1423956 0.1433633 0.2086347 0.2133346 0.1246158 0.1564759 0.1586000 0.1558462 0.1564677 0.1293974 0.0864322 0.4186388 0.1350582 0.1451484 0.1544781 0.1915360 0.2015126 0.1622455 0.0982123 0.1420601 0.1412706 0.1260134 0.1532991 0.1481904 0.1308491 0.1407507 0.1367291 0.0745089 0.1423435 0.1428893 0.3980554 0.1597053 0.1352321 0.3539794 0.1321337 
Perityle_huecosensis_48                    0.3653272 0.2719636 0.2142642 0.3069875 0.1416463 0.1125937 0.4139289 0.1832929 0.3831663 0.2088298 0.0439999 0.0929506 0.0864300 0.0226203 0.0829993 0.0344843 0.4679031 0.1649895 0.0473781 0.0253800 0.0961905 0.1035250 0.0345706 0.0554997 0.1005799 0.0779638 0.0848827 0.4413831 0.1279972 0.4072088 0.1612810 0.1689103 0.0000010 0.1729096 0.2937735 0.0953467 0.1317765 0.0072282 0.0875011 0.0904337 0.3125750 0.0901081 0.2022244 0.1336474 0.0000000 0.0977421 0.0996110 0.4186639 0.0425561 0.0427446 0.0488850 0.1143862 0.1622806 0.1354603 0.1100311 0.0993556 0.0927504 0.0977186 0.2194622 0.1274699 0.4441319 0.0890485 0.0931306 0.2197011 0.0796509 0.2006647 0.2116597 0.0924594 0.0314059 0.0358923 0.1669837 0.0977483 0.0941050 0.0918987 0.1063730 0.1606444 0.1421260 0.0398827 0.0275773 0.4356458 0.1034370 0.1376455 0.4122640 0.1341808 
