85
Amauria_brandeegeana_62                    0.0000000 0.0771783 0.0332291 0.2715440 0.1218814 0.0890004 0.2092505 0.2020575 0.3862775 0.1663700 0.1402234 0.1223373 0.1291872 0.1358336 0.1053102 0.1322359 0.1448249 0.1148454 0.1280906 0.2030748 0.1092013 0.1069870 0.1210060 0.1143939 0.1231916 0.1381194 0.1406191 0.1492378 0.1662914 0.1656533 0.1074947 0.1549786 0.1584000 0.1197418 0.1457510 0.1271439 0.1140298 0.1371119 0.1264146 0.1191703 0.1205598 0.1300699 0.1186112 0.1163263 0.1395149 0.1178560 0.1229052 0.1220002 0.1309346 0.1189206 0.1217493 0.1247112 0.1338152 0.1230333 0.1511346 0.1241385 0.1014520 0.1232339 0.1230211 0.1436557 0.2816539 0.1202651 0.0849196 0.1237866 0.1503943 0.1367469 0.1526887 0.1421913 0.1186444 0.1189126 0.1224174 0.1615400 0.1214060 0.1238219 0.1273849 0.1439239 0.1375039 0.1412609 0.1183160 0.1237444 0.1077130 0.1252324 0.1651410 0.1076645 0.1173147 
Amauria_carterae_99_mesa                   0.0771783 0.0000000 0.0630624 0.1494735 0.0908066 0.0732142 0.1300767 0.1335465 0.1690903 0.0910855 0.1062624 0.0840056 0.1021490 0.0761786 0.0780197 0.0857534 0.0982557 0.0741646 0.0998979 0.0793049 0.0762630 0.0860146 0.0763230 0.0783720 0.0907974 0.1009170 0.0985818 0.0958347 0.0854315 0.0837868 0.0768075 0.0971261 0.0855291 0.0872139 0.0655485 0.0803738 0.0763872 0.0902348 0.0890502 0.0751996 0.0778311 0.0851401 0.0891318 0.0820455 0.0934158 0.0763576 0.0859713 0.0844077 0.0875364 0.0768434 0.0816360 0.0846408 0.0969447 0.0846562 0.1079489 0.0986217 0.0839082 0.0844077 0.0859087 0.1096426 0.2149526 0.0969152 0.0736752 0.0840689 0.0932184 0.0922421 0.1110487 0.1012219 0.1001141 0.0747199 0.0763230 0.0836684 0.0861517 0.0906593 0.0902620 0.0933886 0.1127838 0.0809314 0.0814136 0.0855920 0.0788770 0.0859986 0.0873367 0.0780976 0.0809045 
Amauria_rotundifolia_SRR9119150            0.0332291 0.0630624 0.0000000 0.2654707 0.1274500 0.0833570 0.1942962 0.1893357 0.3901877 0.1621869 0.1441694 0.1249051 0.1284483 0.1361451 0.0957001 0.1324140 0.1575222 0.1088588 0.1215310 0.1949114 0.1005089 0.0978285 0.1216849 0.1156946 0.1238109 0.1398284 0.1392640 0.1520542 0.1648071 0.1662726 0.1140502 0.1608425 0.1575634 0.1235056 0.1460557 0.1310473 0.1153131 0.1388154 0.1227483 0.1183839 0.1149372 0.1357469 0.1091653 0.1124249 0.1413095 0.1212695 0.1218305 0.1203482 0.1383687 0.1221642 0.1197364 0.1249012 0.1354263 0.1229380 0.1450270 0.1162357 0.0945002 0.1244327 0.1222376 0.1424152 0.3284657 0.1120292 0.0810175 0.1263082 0.1531934 0.1342773 0.1482442 0.1426331 0.1220952 0.1166010 0.1223590 0.1607811 0.1213671 0.1236810 0.1310582 0.1395266 0.1391110 0.1371176 0.1205590 0.1262740 0.0996044 0.1249974 0.1615732 0.1020488 0.1157302 
Conoclinium_coelestinum_SRR9119114         0.2715440 0.1494735 0.2654707 0.0000000 0.2546904 0.1015984 0.2048057 0.1593240 0.3809136 0.2746843 0.2618586 0.2655427 0.3224588 0.2346450 0.1717288 0.2683097 0.3907371 0.1915177 0.2629288 0.2695451 0.2394171 0.2514012 0.2307314 0.2362035 0.2544741 0.2670079 0.2531636 0.2676533 0.2652525 0.1570209 0.2634377 0.2607027 0.2631735 0.2590422 0.2588226 0.2627069 0.2383032 0.2637717 0.2576282 0.2419177 0.2322992 0.2643026 0.2531828 0.2677738 0.2600385 0.2504345 0.2508870 0.2461605 0.1459257 0.2468321 0.2544499 0.2410488 0.2618122 0.2481972 0.2815191 0.1696129 0.1888285 0.2545110 0.2558837 0.2966326 0.2528161 0.1915774 0.1433357 0.2626084 0.2724404 0.2592320 0.2538522 0.2568969 0.2235295 0.2164223 0.2322992 0.2566933 0.2502545 0.2569164 0.2613039 0.1349494 0.2637089 0.2602515 0.2545490 0.2596132 0.1042749 0.2547420 0.2772112 0.1842721 0.1880100 
Eutetras_palmeri_63                        0.1218814 0.0908066 0.1274500 0.2546904 0.0000000 0.0161262 0.2141035 0.1805388 0.3689226 0.1123243 0.0727993 0.0824541 0.0794970 0.0906198 0.0634930 0.0839329 0.0741975 0.1371785 0.0899495 0.1445077 0.0691315 0.0707617 0.0754488 0.0708707 0.0744067 0.0945668 0.0947815 0.1038762 0.1145963 0.0971057 0.1275995 0.1182617 0.1094893 0.0815999 0.1040660 0.0863433 0.0695185 0.0910421 0.0887725 0.0715686 0.0725614 0.0876316 0.0754323 0.0849559 0.0969205 0.0767470 0.0733567 0.0732433 0.0891962 0.0756574 0.0720554 0.0764567 0.0919352 0.0720472 0.1049935 0.0919717 0.0629401 0.0739928 0.0724533 0.1232224 0.2663933 0.0790322 0.0522710 0.0838304 0.1055278 0.0914589 0.1070075 0.0984794 0.0729205 0.0704855 0.0741144 0.1039763 0.0721187 0.0745324 0.0858047 0.0993350 0.1057520 0.0961057 0.0748663 0.0844756 0.1026138 0.0742197 0.1209591 0.1049137 0.0978350 
Eutetras_pringlei_149_quer                 0.0890004 0.0732142 0.0833570 0.1015984 0.0161262 0.0000000 0.1060525 0.1759840 0.1811669 0.0948832 0.0600233 0.0658835 0.0744640 0.0656637 0.0347319 0.0708951 0.1398050 0.0885694 0.0784587 0.0656272 0.0682304 0.0705403 0.0681947 0.0629073 0.0783236 0.0741538 0.0909726 0.0833597 0.0839450 0.0836763 0.0884916 0.0815312 0.0838681 0.0658835 0.0619512 0.0755346 0.0632185 0.0900711 0.0614423 0.0628488 0.0681902 0.0706633 0.0705524 0.0782549 0.0803439 0.0559246 0.0730286 0.0679427 0.0781059 0.0633336 0.0655030 0.0730737 0.0684289 0.0604232 0.0933317 0.0941040 0.0486097 0.0679427 0.0705185 0.1111565 0.0742337 0.0686686 0.0388404 0.0634327 0.0865017 0.0635575 0.1188385 0.0801522 0.0000010 0.0583407 0.0681947 0.0786250 0.0707244 0.0704311 0.0708280 0.1172512 0.0991140 0.0635073 0.0679241 0.0659171 0.0885345 0.0705185 0.0812965 0.0730157 0.0993585 
Eutrochium_fistulosum_SRR9119106           0.2092505 0.1300767 0.1942962 0.2048057 0.2141035 0.1060525 0.0000000 0.1335498 0.4313957 0.2571574 0.2165998 0.2013869 0.2517517 0.2069701 0.1357034 0.2098960 0.2727485 0.1698462 0.2392496 0.2400127 0.2059206 0.2056179 0.1934766 0.2052239 0.2098605 0.2217492 0.2061503 0.2215858 0.2710031 0.1874082 0.2162282 0.2471372 0.2564328 0.1986109 0.2472036 0.2165504 0.1934983 0.2039130 0.2200212 0.1981084 0.1963110 0.2156839 0.2100863 0.2258928 0.2054707 0.1976993 0.2037477 0.2064163 0.1419831 0.2119363 0.2027368 0.1918736 0.2108108 0.2113560 0.2531522 0.1472582 0.1529837 0.2114726 0.2087566 0.2455627 0.3410947 0.1725872 0.1130011 0.2003492 0.2216585 0.2175004 0.2504889 0.2336147 0.1618063 0.1673822 0.1945042 0.2627844 0.2083595 0.2107647 0.2065042 0.1387771 0.2488310 0.2116337 0.2224889 0.2005475 0.1306831 0.2122335 0.2589026 0.1650834 0.1634308 
Galeana_pratensis_104_mex                  0.2020575 0.1335465 0.1893357 0.1593240 0.1805388 0.1759840 0.1335498 0.0000000 0.2482358 0.1837546 0.1516716 0.1847260 0.2468492 0.1839674 0.0918530 0.1816256 0.2169275 0.2016319 0.1976234 0.1869043 0.1899272 0.1976071 0.1839774 0.1855684 0.1980919 0.1929766 0.1910871 0.2068359 0.1832841 0.1812846 0.2096043 0.1882845 0.1745497 0.1905447 0.1790413 0.1815349 0.1782724 0.1849091 0.1935855 0.1855482 0.1839674 0.1848728 0.2005261 0.1908671 0.2023524 0.1900799 0.1974373 0.1944223 0.1934634 0.1955360 0.1919426 0.1975333 0.1924173 0.1919955 0.2112136 0.1911886 0.1106177 0.1944223 0.1944223 0.2191886 0.2220779 0.1946387 0.0918449 0.1847260 0.2052041 0.1867949 0.1998720 0.1695882 0.2313168 0.1809934 0.1839774 0.1803303 0.1977688 0.2005399 0.1990760 0.1673597 0.1859839 0.1827876 0.1887153 0.1847260 0.2065983 0.1975455 0.1832208 0.1934586 0.2279258 
Helianthus_annuus_SRR9119062               0.3862775 0.1690903 0.3901877 0.3809136 0.3689226 0.1811669 0.4313957 0.2482358 0.0000000 0.3502744 0.4264847 0.3956960 0.3921403 0.3345788 0.2626780 0.3915617 0.4796655 0.3156615 0.3207865 0.4134373 0.3365389 0.3165706 0.3642580 0.3419239 0.3910023 0.3900070 0.4013928 0.4129459 0.3136659 0.2550995 0.3992986 0.4141084 0.3244955 0.3916215 0.3190461 0.3929113 0.3173634 0.4065752 0.3605547 0.3654899 0.3664876 0.3980958 0.3595959 0.3449190 0.4080159 0.3819232 0.3659354 0.3722988 0.3736325 0.3515345 0.3922357 0.3703983 0.3932047 0.3827886 0.4133675 0.2169626 0.1956182 0.3922277 0.3811700 0.3234976 0.4178108 0.2948497 0.1513913 0.3930380 0.4193267 0.3883930 0.4165465 0.4135756 0.2070580 0.3419376 0.3653895 0.2585821 0.3883999 0.3953105 0.3998091 0.1967436 0.4002439 0.3996743 0.3412814 0.3937365 0.2143502 0.3940820 0.3616316 0.2606277 0.2649118 
Lycapsus_tenuifolius_17                    0.1663700 0.0910855 0.1621869 0.2746843 0.1123243 0.0948832 0.2571574 0.1837546 0.3502744 0.0000000 0.1768198 0.1557604 0.1765499 0.1064808 0.0727554 0.1514208 0.2222972 0.1216045 0.1091124 0.2097236 0.1121266 0.1108073 0.1451369 0.1259462 0.1568733 0.1715012 0.1670663 0.1733662 0.0178391 0.0158890 0.1780697 0.1317075 0.0038506 0.1549334 0.0450649 0.1268642 0.1281107 0.1623418 0.1189811 0.1460949 0.1249404 0.1269220 0.1304462 0.1047029 0.1660673 0.1419473 0.1546453 0.1503125 0.1273023 0.1129803 0.1541728 0.1499171 0.1592797 0.1378137 0.1510901 0.1043314 0.0785545 0.1505164 0.1507777 0.1320339 0.2320114 0.0978225 0.0705219 0.1530552 0.1767562 0.1658744 0.1592630 0.1745549 0.0929726 0.1360358 0.1460535 0.0129695 0.1525540 0.1586593 0.1547605 0.1021128 0.1504250 0.1559074 0.1095042 0.1550278 0.1012095 0.1550119 0.0204191 0.0973237 0.1194102 
Pericome_caudata_50_silver                 0.1402234 0.1062624 0.1441694 0.2618586 0.0727993 0.0600233 0.2165998 0.1516716 0.4264847 0.1768198 0.0000000 0.1021294 0.1073975 0.1262866 0.0716153 0.1077856 0.1103627 0.1490017 0.0998845 0.1655428 0.0850339 0.0855277 0.0978569 0.0897313 0.0941148 0.1088952 0.1115848 0.1195418 0.1881279 0.1834165 0.1440591 0.1615317 0.1760745 0.1008627 0.1696943 0.1041468 0.0905685 0.1158856 0.1040407 0.0920267 0.0932554 0.1067600 0.0951913 0.1004345 0.1199362 0.0959679 0.0955057 0.0941060 0.1081410 0.0900027 0.0944677 0.0969011 0.1088634 0.0908295 0.1267793 0.1037132 0.0740528 0.0953317 0.0930080 0.1274483 0.3514923 0.0910060 0.0682785 0.1040595 0.1199137 0.1043510 0.1261412 0.1193481 0.1037139 0.0922676 0.0972187 0.1793572 0.0931348 0.0959695 0.1041860 0.1026899 0.1222509 0.1224165 0.0891330 0.1046769 0.1127220 0.0977085 0.1842174 0.1211040 0.0984996 
Perityle_aglossa_84_dead_horse             0.1223373 0.0840056 0.1249051 0.2655427 0.0824541 0.0658835 0.2013869 0.1847260 0.3956960 0.1557604 0.1021294 0.0000000 0.0447138 0.0775150 0.0377126 0.0594006 0.0503408 0.1406085 0.0731121 0.1134338 0.0394347 0.0374351 0.0430724 0.0381742 0.0436687 0.0655362 0.0622239 0.0918131 0.1600805 0.1511706 0.1269389 0.1418469 0.1526722 0.0120284 0.1412695 0.0734435 0.0385378 0.0790994 0.0594141 0.0393205 0.0411283 0.0770520 0.0434750 0.0776117 0.0816582 0.0506952 0.0414519 0.0413960 0.0749651 0.0426356 0.0449167 0.0475157 0.0625864 0.0424407 0.0978795 0.0541824 0.0376737 0.0447622 0.0418433 0.1065586 0.2898510 0.0662382 0.0383118 0.0072722 0.0926543 0.0614101 0.0926826 0.0847159 0.0366667 0.0419065 0.0425094 0.1530135 0.0424102 0.0439615 0.0308160 0.0819084 0.0862477 0.0825747 0.0409669 0.0077930 0.0653381 0.0453166 0.1623817 0.0972200 0.0679630 
Perityle_ajoensis_204                      0.1291872 0.1021490 0.1284483 0.3224588 0.0794970 0.0744640 0.2517517 0.2468492 0.3921403 0.1765499 0.1073975 0.0447138 0.0000000 0.0451019 0.0237316 0.0515306 0.0236066 0.1618778 0.0762793 0.1263209 0.0206238 0.0063580 0.0276317 0.0158805 0.0078628 0.0678107 0.0580817 0.0814570 0.1763790 0.1770678 0.1349382 0.1525320 0.1729643 0.0403676 0.1603640 0.0551168 0.0247752 0.0704952 0.0544608 0.0198353 0.0244378 0.0616367 0.0077791 0.0612235 0.0766990 0.0474575 0.0094977 0.0094782 0.0572242 0.0261587 0.0159802 0.0238800 0.0634418 0.0198050 0.0937966 0.0603906 0.0396505 0.0108213 0.0080225 0.1082876 0.2635523 0.0650170 0.0473390 0.0440138 0.0817827 0.0624327 0.0936997 0.0897564 0.0366877 0.0256345 0.0268695 0.1680040 0.0071616 0.0085818 0.0473981 0.0761353 0.0898510 0.0694321 0.0189905 0.0440307 0.0735738 0.0107692 0.1752510 0.1105887 0.0866472 
Perityle_ambrosiifolia_67_green            0.1358336 0.0761786 0.1361451 0.2346450 0.0906198 0.0656637 0.2069701 0.1839674 0.3345788 0.1064808 0.1262866 0.0775150 0.0451019 0.0000000 0.0280224 0.0862118 0.0816771 0.1316749 0.0742170 0.1159163 0.0263467 0.0312884 0.0483388 0.0451266 0.0616573 0.0963698 0.0852895 0.1115095 0.1158248 0.0918313 0.1511084 0.1382825 0.1022609 0.0723677 0.0888447 0.0880830 0.0532572 0.0995132 0.0643637 0.0553980 0.0346629 0.0894571 0.0424408 0.0642288 0.1065520 0.0727258 0.0572449 0.0565523 0.0875813 0.0513560 0.0671185 0.0609234 0.0922028 0.0571833 0.0989552 0.0441277 0.0249120 0.0623586 0.0602563 0.1073637 0.2481790 0.0528270 0.0315258 0.0754984 0.1147855 0.0876490 0.1087016 0.1037642 0.0243725 0.0533787 0.0476839 0.0986983 0.0610040 0.0616275 0.0778695 0.0748279 0.0969416 0.0966359 0.0491842 0.0747847 0.0580953 0.0624488 0.1204629 0.0845303 0.0711868 
Perityle_angustifolia_13_Eagle_creek       0.1053102 0.0780197 0.0957001 0.1717288 0.0634930 0.0347319 0.1357034 0.0918530 0.2626780 0.0727554 0.0716153 0.0377126 0.0237316 0.0280224 0.0000000 0.0457483 0.0128984 0.1026032 0.0573383 0.0587168 0.0143336 0.0191074 0.0211432 0.0145452 0.0222422 0.0530512 0.0401929 0.0766219 0.0672470 0.0635062 0.1024613 0.0823021 0.0703492 0.0367753 0.0665567 0.0618167 0.0215108 0.0524998 0.0498972 0.0202104 0.0192004 0.0607240 0.0230891 0.0607379 0.0557568 0.0398079 0.0190928 0.0191003 0.0629330 0.0191688 0.0223408 0.0183778 0.0483115 0.0056809 0.0757565 0.0387631 0.0271030 0.0200652 0.0210297 0.0943108 0.1781177 0.0558874 0.0332695 0.0357351 0.0809931 0.0457317 0.0722042 0.0610310 0.0305666 0.0220048 0.0211432 0.0643227 0.0210690 0.0239387 0.0397873 0.0324551 0.0746820 0.0555028 0.0203679 0.0366955 0.0469682 0.0211555 0.0849256 0.0866028 0.0559846 
Perityle_batopilensis_97                   0.1322359 0.0857534 0.1324140 0.2683097 0.0839329 0.0708951 0.2098960 0.1816256 0.3915617 0.1514208 0.1077856 0.0594006 0.0515306 0.0862118 0.0457483 0.0000000 0.0568711 0.1467901 0.0734538 0.1257337 0.0482782 0.0479225 0.0596728 0.0482198 0.0572410 0.0718613 0.0647486 0.0941667 0.1615006 0.1534638 0.1399826 0.1448137 0.1499443 0.0568455 0.1403443 0.0706651 0.0529890 0.0783152 0.0349033 0.0525726 0.0581014 0.0754712 0.0562756 0.0713866 0.0796420 0.0472638 0.0553189 0.0552429 0.0714342 0.0513834 0.0574384 0.0606334 0.0688537 0.0542201 0.1002507 0.0542975 0.0472428 0.0580907 0.0554877 0.1069201 0.3039967 0.0639200 0.0418795 0.0605888 0.0944362 0.0670572 0.0962018 0.0876934 0.0527313 0.0577663 0.0590896 0.1510584 0.0547689 0.0546445 0.0653569 0.0858473 0.0905848 0.0794267 0.0518737 0.0611458 0.0653560 0.0589147 0.1621131 0.0903779 0.0764165 
Perityle_bisetosa_9                        0.1448249 0.0982557 0.1575222 0.3907371 0.0741975 0.1398050 0.2727485 0.2169275 0.4796655 0.2222972 0.1103627 0.0503408 0.0236066 0.0816771 0.0128984 0.0568711 0.0000000 0.1989324 0.0702150 0.1562678 0.0146158 0.0154315 0.0325789 0.0222011 0.0216420 0.0631111 0.0602269 0.0826923 0.2304310 0.2620104 0.1439118 0.1865146 0.2290165 0.0433927 0.2354379 0.0621705 0.0189498 0.0732684 0.0516376 0.0200589 0.0303804 0.0713803 0.0168254 0.0606965 0.0826966 0.0473052 0.0200806 0.0237179 0.0663105 0.0255866 0.0246292 0.0300226 0.0547370 0.0194320 0.0987886 0.0419339 0.0310410 0.0262912 0.0230944 0.1000054 0.4321241 0.0690828 0.0333337 0.0495151 0.0837408 0.0613583 0.0948099 0.0916469 0.0212459 0.0202184 0.0316519 0.2291763 0.0234675 0.0251799 0.0472276 0.0466619 0.0918418 0.0888474 0.0228472 0.0495155 0.0614703 0.0288024 0.2336980 0.1401940 0.0738554 
Perityle_californica_76_positas            0.1148454 0.0741646 0.1088588 0.1915177 0.1371785 0.0885694 0.1698462 0.2016319 0.3156615 0.1216045 0.1490017 0.1406085 0.1618778 0.1316749 0.1026032 0.1467901 0.1989324 0.0000000 0.1470705 0.1501409 0.1252390 0.1149958 0.1322833 0.1328578 0.1425459 0.1651905 0.1494596 0.1579672 0.1131140 0.1129880 0.0766572 0.1539692 0.1120189 0.1432303 0.1003603 0.1376643 0.1288890 0.1576046 0.1405431 0.1364355 0.1308221 0.1403776 0.1375082 0.1189727 0.1609002 0.1437104 0.1397627 0.1346885 0.1405406 0.1344663 0.1417898 0.1398212 0.1570270 0.1374840 0.1677556 0.1142684 0.0911562 0.1373467 0.1396397 0.1388570 0.2799075 0.1172922 0.0863510 0.1441141 0.1613206 0.1572487 0.1561050 0.1538233 0.1356714 0.1338218 0.1313886 0.1087986 0.1382672 0.1424008 0.1446612 0.1358243 0.1523788 0.1559940 0.1354578 0.1449946 0.1096212 0.1388284 0.1182852 0.0796390 0.1379915 
Perityle_canescens_77                      0.1280906 0.0998979 0.1215310 0.2629288 0.0899495 0.0784587 0.2392496 0.1976234 0.3207865 0.1091124 0.0998845 0.0731121 0.0762793 0.0742170 0.0573383 0.0734538 0.0702150 0.1470705 0.0000000 0.1547154 0.0606908 0.0623995 0.0677006 0.0657866 0.0700063 0.0791944 0.0848319 0.0509572 0.1109333 0.0922817 0.1344169 0.1096614 0.1050393 0.0688670 0.0931120 0.0530017 0.0631943 0.0685447 0.0720765 0.0658550 0.0676958 0.0552326 0.0701208 0.0548733 0.0661700 0.0633521 0.0675713 0.0650272 0.0511571 0.0649189 0.0708148 0.0687032 0.0762407 0.0685423 0.0703238 0.0844122 0.0592825 0.0700342 0.0692964 0.0766748 0.2043729 0.0655709 0.0559125 0.0731316 0.0541481 0.0757194 0.0965406 0.0829887 0.0625023 0.0607818 0.0676795 0.1014848 0.0693917 0.0730671 0.0746817 0.0951049 0.0898853 0.0625019 0.0689088 0.0716537 0.0295795 0.0676777 0.1128022 0.1022103 0.0316165 
Perityle_castillonii_96                    0.2030748 0.0793049 0.1949114 0.2695451 0.1445077 0.0656272 0.2400127 0.1869043 0.4134373 0.2097236 0.1655428 0.1134338 0.1263209 0.1159163 0.0587168 0.1257337 0.1562678 0.1501409 0.1547154 0.0000000 0.0975458 0.1067281 0.0917478 0.0928513 0.1046407 0.1321595 0.1215173 0.1535822 0.2204297 0.1161209 0.1982129 0.1921395 0.2051275 0.1081632 0.1861920 0.1360705 0.0876002 0.1448095 0.1264762 0.0930768 0.0913498 0.1456715 0.1053399 0.1532012 0.1490117 0.1231464 0.0959977 0.0972373 0.0635239 0.1012874 0.1064123 0.0904329 0.1329277 0.1020183 0.1635949 0.0876681 0.0970486 0.1033115 0.1044459 0.2047815 0.3080143 0.1006809 0.0298184 0.1128662 0.1561139 0.1276631 0.1641701 0.1559278 0.0590393 0.0728593 0.0903290 0.2023464 0.1027340 0.1046028 0.1162195 0.0677065 0.1606749 0.1482083 0.1007773 0.1106955 0.0615701 0.1057879 0.2126547 0.0928949 0.1123264 
Perityle_cernua_84                         0.1092013 0.0762630 0.1005089 0.2394171 0.0691315 0.0682304 0.2059206 0.1899272 0.3365389 0.1121266 0.0850339 0.0394347 0.0206238 0.0263467 0.0143336 0.0482782 0.0146158 0.1252390 0.0606908 0.0975458 0.0000000 0.0160968 0.0203805 0.0166672 0.0206250 0.0544997 0.0438954 0.0729637 0.1138277 0.1030503 0.1107019 0.0960372 0.1080662 0.0356348 0.0949157 0.0553070 0.0127382 0.0632488 0.0461519 0.0168681 0.0210542 0.0594386 0.0206843 0.0578915 0.0645098 0.0362063 0.0188758 0.0181831 0.0564543 0.0169887 0.0228195 0.0236430 0.0506009 0.0187162 0.0785994 0.0430318 0.0214853 0.0206319 0.0182735 0.0922675 0.2218660 0.0535766 0.0264536 0.0394668 0.0766959 0.0515102 0.0819960 0.0699966 0.0181897 0.0135487 0.0210499 0.1027574 0.0180443 0.0212638 0.0388139 0.0659068 0.0771874 0.0644456 0.0185858 0.0381422 0.0616053 0.0194267 0.1130614 0.0850928 0.0620524 
Perityle_cfvillosa_25_tin                  0.1069870 0.0860146 0.0978285 0.2514012 0.0707617 0.0705403 0.2056179 0.1976071 0.3165706 0.1108073 0.0855277 0.0374351 0.0063580 0.0312884 0.0191074 0.0479225 0.0154315 0.1149958 0.0623995 0.1067281 0.0160968 0.0000000 0.0223718 0.0141912 0.0079205 0.0550868 0.0455183 0.0778748 0.1145370 0.1023888 0.1095587 0.0997962 0.1065143 0.0356078 0.0966621 0.0604000 0.0209019 0.0641140 0.0538621 0.0146577 0.0203116 0.0625350 0.0072828 0.0642747 0.0683223 0.0395718 0.0066035 0.0059328 0.0631236 0.0196304 0.0173106 0.0206158 0.0506896 0.0172454 0.0789134 0.0493644 0.0306948 0.0045749 0.0052322 0.1015621 0.2198098 0.0590198 0.0348891 0.0360937 0.0840632 0.0509343 0.0837949 0.0737113 0.0273742 0.0216509 0.0216826 0.1056796 0.0065600 0.0072014 0.0409457 0.0557144 0.0819260 0.0661267 0.0171419 0.0367758 0.0688782 0.0065840 0.1150789 0.0887386 0.0665813 
Perityle_coahuilensis_24                   0.1210060 0.0763230 0.1216849 0.2307314 0.0754488 0.0681947 0.1934766 0.1839774 0.3642580 0.1451369 0.0978569 0.0430724 0.0276317 0.0483388 0.0211432 0.0596728 0.0325789 0.1322833 0.0677006 0.0917478 0.0203805 0.0223718 0.0000000 0.0255532 0.0262128 0.0619725 0.0555166 0.0887355 0.1489942 0.1439682 0.1245878 0.1377861 0.1427746 0.0382304 0.1293550 0.0697844 0.0257478 0.0750618 0.0571648 0.0229793 0.0044600 0.0709735 0.0251340 0.0668205 0.0783161 0.0473500 0.0262618 0.0257061 0.0721064 0.0264780 0.0290882 0.0324543 0.0569691 0.0243302 0.0923402 0.0463814 0.0249463 0.0267552 0.0258994 0.0999043 0.2907118 0.0586583 0.0298350 0.0414235 0.0907677 0.0581414 0.0850448 0.0801820 0.0243326 0.0247868 0.0015923 0.1429861 0.0238813 0.0266079 0.0467997 0.0729623 0.0815641 0.0738907 0.0255083 0.0419652 0.0634567 0.0295389 0.1472472 0.0865483 0.0687784 
Perityle_cochisensis_44_cave_creek         0.1143939 0.0783720 0.1156946 0.2362035 0.0708707 0.0629073 0.2052239 0.1855684 0.3419239 0.1259462 0.0897313 0.0381742 0.0158805 0.0451266 0.0145452 0.0482198 0.0222011 0.1328578 0.0657866 0.0928513 0.0166672 0.0141912 0.0255532 0.0000000 0.0169429 0.0585458 0.0497383 0.0717791 0.1336616 0.1287614 0.1240525 0.1211169 0.1218110 0.0357225 0.1151651 0.0526264 0.0205787 0.0630156 0.0475578 0.0175999 0.0224807 0.0581678 0.0170642 0.0564110 0.0676723 0.0396601 0.0156844 0.0156859 0.0536040 0.0181111 0.0118801 0.0146141 0.0539232 0.0164061 0.0789712 0.0467308 0.0276607 0.0182228 0.0172412 0.0914366 0.2854690 0.0569441 0.0271026 0.0395164 0.0747680 0.0533674 0.0848458 0.0773444 0.0287087 0.0213226 0.0242503 0.1249792 0.0156893 0.0175662 0.0408273 0.0622225 0.0786640 0.0647866 0.0101530 0.0395288 0.0652506 0.0182454 0.1301131 0.0853333 0.0717892 
Perityle_congesta_202                      0.1231916 0.0907974 0.1238109 0.2544741 0.0744067 0.0783236 0.2098605 0.1980919 0.3910023 0.1568733 0.0941148 0.0436687 0.0078628 0.0616573 0.0222422 0.0572410 0.0216420 0.1425459 0.0700063 0.1046407 0.0206250 0.0079205 0.0262128 0.0169429 0.0000000 0.0627774 0.0538410 0.0870154 0.1631173 0.1609569 0.1247724 0.1402808 0.1545560 0.0399973 0.1402155 0.0659146 0.0258883 0.0738162 0.0564113 0.0203364 0.0228826 0.0701476 0.0106644 0.0701942 0.0785497 0.0473876 0.0103385 0.0108735 0.0724418 0.0259050 0.0197864 0.0243767 0.0595345 0.0199061 0.0932410 0.0550768 0.0330183 0.0127352 0.0106975 0.1056496 0.3065311 0.0627144 0.0382956 0.0431541 0.0896609 0.0586268 0.0872207 0.0817892 0.0335841 0.0268706 0.0256560 0.1540968 0.0094998 0.0110683 0.0462293 0.0641846 0.0829462 0.0799560 0.0206280 0.0442619 0.0689726 0.0148739 0.1598617 0.0984213 0.0772180 
Perityle_cordifolia_27                     0.1381194 0.1009170 0.1398284 0.2670079 0.0945668 0.0741538 0.2217492 0.1929766 0.3900070 0.1715012 0.1088952 0.0655362 0.0678107 0.0963698 0.0530512 0.0718613 0.0631111 0.1651905 0.0791944 0.1321595 0.0544997 0.0550868 0.0619725 0.0585458 0.0627774 0.0000000 0.0791914 0.1034933 0.1731897 0.1759626 0.1472525 0.1565472 0.1681608 0.0610784 0.1510353 0.0848294 0.0569823 0.0900362 0.0735314 0.0571369 0.0627534 0.0867938 0.0601888 0.0862081 0.0888007 0.0552829 0.0598705 0.0586100 0.0881846 0.0567360 0.0581834 0.0636318 0.0125244 0.0566061 0.1079755 0.0753970 0.0547262 0.0621266 0.0597892 0.1158229 0.3100782 0.0810995 0.0149033 0.0643878 0.1044265 0.0066758 0.1025251 0.0929247 0.0659263 0.0617918 0.0625833 0.1648521 0.0613137 0.0623633 0.0684761 0.0858266 0.0974366 0.0815285 0.0582969 0.0644129 0.0845912 0.0639107 0.1718435 0.1048749 0.0891710 
Perityle_cordifolia_68_tecolote            0.1406191 0.0985818 0.1392640 0.2531636 0.0947815 0.0909726 0.2061503 0.1910871 0.4013928 0.1670663 0.1115848 0.0622239 0.0580817 0.0852895 0.0401929 0.0647486 0.0602269 0.1494596 0.0848319 0.1215173 0.0438954 0.0455183 0.0555166 0.0497383 0.0538410 0.0791914 0.0000000 0.1021246 0.1767553 0.1702344 0.1417245 0.1534080 0.1656315 0.0608185 0.1552014 0.0842691 0.0509585 0.0892262 0.0666808 0.0490705 0.0528453 0.0897911 0.0521721 0.0850983 0.0928479 0.0633147 0.0506463 0.0517216 0.0843390 0.0493836 0.0540238 0.0577714 0.0731421 0.0500379 0.1081147 0.0094484 0.0483742 0.0555323 0.0520743 0.1184697 0.3247040 0.0694555 0.0469942 0.0634037 0.1042167 0.0737468 0.1005357 0.0956412 0.0368931 0.0490899 0.0549379 0.1664395 0.0502683 0.0535022 0.0673350 0.0877546 0.0963061 0.0950477 0.0517164 0.0633887 0.0785253 0.0555003 0.1730459 0.1044123 0.0848155 
Perityle_coronopifolia_28_patagonia        0.1492378 0.0958347 0.1520542 0.2676533 0.1038762 0.0833597 0.2215858 0.2068359 0.4129459 0.1733662 0.1195418 0.0918131 0.0814570 0.1115095 0.0766219 0.0941667 0.0826923 0.1579672 0.0509572 0.1535822 0.0729637 0.0778748 0.0887355 0.0717791 0.0870154 0.1034933 0.1021246 0.0000000 0.1786797 0.1701367 0.1567063 0.1721873 0.1715403 0.0887158 0.1615968 0.0783966 0.0842565 0.0823485 0.0926464 0.0830678 0.0857715 0.0845490 0.0847353 0.0798374 0.0878180 0.0841922 0.0858139 0.0850891 0.0848988 0.0871041 0.0873293 0.0886983 0.0960481 0.0860929 0.0869865 0.0833477 0.0589542 0.0887462 0.0860822 0.0594947 0.3044473 0.0661318 0.0493105 0.0924776 0.0094634 0.0966772 0.1084962 0.1050014 0.0615477 0.0816985 0.0881276 0.1686528 0.0884950 0.0900503 0.0948441 0.0957420 0.1040301 0.0887033 0.0894866 0.0930404 0.0267091 0.0875520 0.1854226 0.1012813 0.0481365 
Perityle_crassifolia_70_ventanas           0.1662914 0.0854315 0.1648071 0.2652525 0.1145963 0.0839450 0.2710031 0.1832841 0.3136659 0.0178391 0.1881279 0.1600805 0.1763790 0.1158248 0.0672470 0.1615006 0.2304310 0.1131140 0.1109333 0.2204297 0.1138277 0.1145370 0.1489942 0.1336616 0.1631173 0.1731897 0.1767553 0.1786797 0.0000000 0.0069269 0.1727770 0.1392774 0.0131657 0.1605179 0.0337624 0.1305306 0.1288932 0.1662833 0.1274139 0.1494060 0.1277250 0.1296572 0.1325014 0.1061747 0.1632852 0.1481209 0.1586435 0.1560777 0.1258398 0.1168084 0.1563532 0.1577324 0.1628605 0.1429652 0.1499085 0.1000728 0.0755769 0.1573906 0.1577642 0.1374451 0.2219938 0.0955272 0.0685525 0.1562657 0.1812638 0.1698277 0.1636459 0.1784206 0.0927600 0.1386436 0.1499652 0.0077445 0.1585240 0.1640681 0.1609497 0.1002089 0.1538727 0.1634637 0.1130164 0.1564464 0.0965144 0.1622749 0.0111867 0.0904190 0.1190951 
Perityle_crassifolia_74_playa_balandra     0.1656533 0.0837868 0.1662726 0.1570209 0.0971057 0.0836763 0.1874082 0.1812846 0.2550995 0.0158890 0.1834165 0.1511706 0.1770678 0.0918313 0.0635062 0.1534638 0.2620104 0.1129880 0.0922817 0.1161209 0.1030503 0.1023888 0.1439682 0.1287614 0.1609569 0.1759626 0.1702344 0.1701367 0.0069269 0.0000000 0.1786249 0.1506748 0.0118756 0.1502052 0.0331072 0.1272623 0.1219999 0.1634371 0.1075212 0.1489579 0.1168170 0.1224504 0.1226138 0.0919871 0.1671114 0.1448691 0.1558130 0.1522346 0.1228920 0.0992718 0.1488172 0.1518794 0.1607432 0.1331982 0.1387251 0.0962400 0.0643658 0.1499874 0.1542088 0.1123851 0.2229420 0.0889579 0.0705150 0.1487167 0.1719496 0.1674691 0.1492170 0.1727581 0.0928888 0.1366512 0.1439021 0.0070439 0.1562094 0.1583616 0.1482860 0.0952382 0.1397920 0.1516225 0.0937731 0.1499928 0.0943572 0.1560419 0.0069031 0.0886528 0.1143352 
Perityle_cuneata_34_cuneata_San_antonio    0.1074947 0.0768075 0.1140502 0.2634377 0.1275995 0.0884916 0.2162282 0.2096043 0.3992986 0.1780697 0.1440591 0.1269389 0.1349382 0.1511084 0.1024613 0.1399826 0.1439118 0.0766572 0.1344169 0.1982129 0.1107019 0.1095587 0.1245878 0.1240525 0.1247724 0.1472525 0.1417245 0.1567063 0.1727770 0.1786249 0.0000000 0.1773163 0.1743501 0.1275737 0.1672387 0.1372030 0.1237037 0.1459495 0.1300861 0.1255782 0.1238895 0.1425868 0.1176023 0.1253117 0.1416351 0.1271994 0.1257966 0.1243327 0.1478958 0.1266265 0.1265182 0.1329515 0.1338963 0.1225746 0.1591580 0.1155296 0.0925084 0.1273059 0.1227271 0.1542715 0.3463652 0.1204628 0.0862708 0.1295202 0.1596978 0.1400143 0.1543432 0.1446437 0.1319260 0.1235661 0.1252437 0.1751957 0.1230884 0.1252981 0.1355007 0.1350629 0.1412749 0.1483194 0.1284676 0.1313960 0.1092777 0.1278629 0.1794939 0.0854919 0.1374110 
Perityle_cuneata_4                         0.1549786 0.0971261 0.1608425 0.2607027 0.1182617 0.0815312 0.2471372 0.1882845 0.4141084 0.1317075 0.1615317 0.1418469 0.1525320 0.1382825 0.0823021 0.1448137 0.1865146 0.1539692 0.1096614 0.1921395 0.0960372 0.0997962 0.1377861 0.1211169 0.1402808 0.1565472 0.1534080 0.1721873 0.1392774 0.1506748 0.1773163 0.0000000 0.1278596 0.1406974 0.1403317 0.1270505 0.1296630 0.1584750 0.1211132 0.1359468 0.1165723 0.1269129 0.1160173 0.1120432 0.1561381 0.1292583 0.1413707 0.1405266 0.1306710 0.1122331 0.1414893 0.1395753 0.1497946 0.1241384 0.1481940 0.1055888 0.0806352 0.1390937 0.1381020 0.1427708 0.3573411 0.1042924 0.0738413 0.1425559 0.1740351 0.1498159 0.1523283 0.1698409 0.1073011 0.1343164 0.1397805 0.1348409 0.1386855 0.1415513 0.1440932 0.1315259 0.1415118 0.1539312 0.1143126 0.1412163 0.1091093 0.1423458 0.1356495 0.1094656 0.1101435 
Perityle_discoidea_81                      0.1584000 0.0855291 0.1575634 0.2631735 0.1094893 0.0838681 0.2564328 0.1745497 0.3244955 0.0038506 0.1760745 0.1526722 0.1729643 0.1022609 0.0703492 0.1499443 0.2290165 0.1120189 0.1050393 0.2051275 0.1080662 0.1065143 0.1427746 0.1218110 0.1545560 0.1681608 0.1656315 0.1715403 0.0131657 0.0118756 0.1743501 0.1278596 0.0000000 0.1527142 0.0391257 0.1234687 0.1242135 0.1592650 0.1174642 0.1425087 0.1219577 0.1255857 0.1255638 0.1025735 0.1631507 0.1402075 0.1492284 0.1468665 0.1235397 0.1091889 0.1507459 0.1471600 0.1580249 0.1358700 0.1463762 0.0987305 0.0742173 0.1489792 0.1492277 0.1275803 0.2244019 0.0948244 0.0686191 0.1507957 0.1750226 0.1632493 0.1563201 0.1718060 0.0929726 0.1321053 0.1437141 0.0094828 0.1501121 0.1553670 0.1523779 0.1001375 0.1473236 0.1512002 0.1039704 0.1519160 0.0942685 0.1527517 0.0155426 0.0937968 0.1143509 
Perityle_dissecta_201                      0.1197418 0.0872139 0.1235056 0.2590422 0.0815999 0.0658835 0.1986109 0.1905447 0.3916215 0.1549334 0.1008627 0.0120284 0.0403676 0.0723677 0.0367753 0.0568455 0.0433927 0.1432303 0.0688670 0.1081632 0.0356348 0.0356078 0.0382304 0.0357225 0.0399973 0.0610784 0.0608185 0.0887158 0.1605179 0.1502052 0.1275737 0.1406974 0.1527142 0.0000000 0.1394274 0.0708016 0.0355935 0.0759630 0.0565433 0.0371829 0.0372276 0.0756155 0.0386999 0.0745225 0.0785792 0.0447986 0.0370651 0.0381418 0.0735061 0.0397937 0.0423510 0.0423832 0.0575766 0.0392098 0.0936559 0.0576486 0.0365870 0.0399754 0.0381378 0.1074254 0.2895924 0.0637523 0.0366543 0.0109833 0.0895496 0.0574723 0.0918441 0.0838719 0.0367276 0.0389357 0.0376684 0.1540831 0.0387512 0.0397644 0.0282379 0.0802206 0.0852271 0.0788316 0.0386178 0.0115093 0.0618738 0.0416469 0.1599599 0.0962333 0.0668290 
Perityle_emoryi_47_punta_san_jose          0.1457510 0.0655485 0.1460557 0.2588226 0.1040660 0.0619512 0.2472036 0.1790413 0.3190461 0.0450649 0.1696943 0.1412695 0.1603640 0.0888447 0.0665567 0.1403443 0.2354379 0.1003603 0.0931120 0.1861920 0.0949157 0.0966621 0.1293550 0.1151651 0.1402155 0.1510353 0.1552014 0.1615968 0.0337624 0.0331072 0.1672387 0.1403317 0.0391257 0.1394274 0.0000000 0.1134906 0.1140693 0.1479593 0.1053419 0.1330693 0.1076474 0.1145307 0.1145553 0.0904682 0.1516510 0.1262658 0.1395573 0.1355262 0.1048088 0.0951503 0.1393132 0.1370243 0.1396236 0.1235644 0.1404871 0.0817880 0.0711756 0.1336904 0.1347247 0.1186512 0.2035687 0.0815422 0.0607984 0.1394426 0.1649686 0.1458554 0.1526491 0.1641624 0.0966912 0.1193992 0.1302689 0.0314859 0.1367764 0.1419160 0.1363567 0.0894837 0.1396142 0.1462759 0.0936831 0.1405212 0.0607914 0.1393926 0.0319522 0.0760165 0.0989424 
Perityle_feddemae_99                       0.1271439 0.0803738 0.1310473 0.2627069 0.0863433 0.0755346 0.2165504 0.1815349 0.3929113 0.1268642 0.1041468 0.0734435 0.0551168 0.0880830 0.0618167 0.0706651 0.0621705 0.1376643 0.0530017 0.1360705 0.0553070 0.0604000 0.0697844 0.0526264 0.0659146 0.0848294 0.0842691 0.0783966 0.1305306 0.1272623 0.1372030 0.1270505 0.1234687 0.0708016 0.1134906 0.0000000 0.0630460 0.0676385 0.0717939 0.0618103 0.0660981 0.0182272 0.0652431 0.0189712 0.0722135 0.0634182 0.0640784 0.0639860 0.0168443 0.0672226 0.0685894 0.0686122 0.0785097 0.0670718 0.0766065 0.0639857 0.0453173 0.0673948 0.0666115 0.0932401 0.2671337 0.0572849 0.0402093 0.0747120 0.0791759 0.0797187 0.0900532 0.0856560 0.0562253 0.0675237 0.0685453 0.1205457 0.0662585 0.0660989 0.0795728 0.0841043 0.0867519 0.0724445 0.0659500 0.0759144 0.0651023 0.0677061 0.1397714 0.0906000 0.0657970 
Perityle_fosteri_93                        0.1140298 0.0763872 0.1153131 0.2383032 0.0695185 0.0632185 0.1934983 0.1782724 0.3173634 0.1281107 0.0905685 0.0385378 0.0247752 0.0532572 0.0215108 0.0529890 0.0189498 0.1288890 0.0631943 0.0876002 0.0127382 0.0209019 0.0257478 0.0205787 0.0258883 0.0569823 0.0509585 0.0842565 0.1288932 0.1219999 0.1237037 0.1296630 0.1242135 0.0355935 0.1140693 0.0630460 0.0000000 0.0681988 0.0508707 0.0192821 0.0226545 0.0691260 0.0245940 0.0632566 0.0734144 0.0451353 0.0234356 0.0210065 0.0697896 0.0224765 0.0242894 0.0282072 0.0555658 0.0233021 0.0868432 0.0464140 0.0272623 0.0254116 0.0244553 0.0987399 0.2690139 0.0566964 0.0366658 0.0379370 0.0858474 0.0511087 0.0810769 0.0742403 0.0275404 0.0136167 0.0251375 0.1245929 0.0246897 0.0258649 0.0420018 0.0749297 0.0748353 0.0669681 0.0234353 0.0391935 0.0629389 0.0266117 0.1312613 0.0806260 0.0719719 
Perityle_gamon_221                         0.1371119 0.0902348 0.1388154 0.2637717 0.0910421 0.0900711 0.2039130 0.1849091 0.4065752 0.1623418 0.1158856 0.0790994 0.0704952 0.0995132 0.0524998 0.0783152 0.0732684 0.1576046 0.0685447 0.1448095 0.0632488 0.0641140 0.0750618 0.0630156 0.0738162 0.0900362 0.0892262 0.0823485 0.1662833 0.1634371 0.1459495 0.1584750 0.1592650 0.0759630 0.1479593 0.0676385 0.0681988 0.0000000 0.0792416 0.0686424 0.0733581 0.0725014 0.0702168 0.0676521 0.0435763 0.0690867 0.0708471 0.0713552 0.0739005 0.0742571 0.0732859 0.0732518 0.0845417 0.0734334 0.0893971 0.0759820 0.0519836 0.0753898 0.0743002 0.0990439 0.2980597 0.0695868 0.0452502 0.0797496 0.0837091 0.0861778 0.0982323 0.0920183 0.0627553 0.0696882 0.0744602 0.1563711 0.0739469 0.0749363 0.0809376 0.0876728 0.0881588 0.0677944 0.0708107 0.0809198 0.0705963 0.0771224 0.1698778 0.1019708 0.0751568 
Perityle_gentryi_8_san_francisco           0.1264146 0.0890502 0.1227483 0.2576282 0.0887725 0.0614423 0.2200212 0.1935855 0.3605547 0.1189811 0.1040407 0.0594141 0.0544608 0.0643637 0.0498972 0.0349033 0.0516376 0.1405431 0.0720765 0.1264762 0.0461519 0.0538621 0.0571648 0.0475578 0.0564113 0.0735314 0.0666808 0.0926464 0.1274139 0.1075212 0.1300861 0.1211132 0.1174642 0.0565433 0.1053419 0.0717939 0.0508707 0.0792416 0.0000000 0.0530445 0.0558799 0.0756818 0.0566072 0.0730690 0.0808543 0.0481571 0.0555305 0.0540879 0.0679830 0.0525302 0.0591736 0.0615167 0.0683274 0.0554741 0.0936079 0.0590195 0.0522478 0.0560548 0.0537629 0.1082228 0.2395134 0.0636188 0.0437363 0.0607454 0.0956446 0.0704766 0.0928933 0.0781615 0.0497144 0.0546128 0.0565093 0.1158724 0.0535838 0.0572936 0.0626717 0.0841644 0.0870155 0.0832945 0.0545553 0.0600798 0.0586155 0.0550063 0.1316985 0.0926825 0.0742121 
Perityle_gilensis_22_Superstition          0.1191703 0.0751996 0.1183839 0.2419177 0.0715686 0.0628488 0.1981084 0.1855482 0.3654899 0.1460949 0.0920267 0.0393205 0.0198353 0.0553980 0.0202104 0.0525726 0.0200589 0.1364355 0.0658550 0.0930768 0.0168681 0.0146577 0.0229793 0.0175999 0.0203364 0.0571369 0.0490705 0.0830678 0.1494060 0.1489579 0.1255782 0.1359468 0.1425087 0.0371829 0.1330693 0.0618103 0.0192821 0.0686424 0.0530445 0.0000000 0.0205824 0.0680216 0.0186006 0.0645926 0.0714520 0.0442509 0.0185971 0.0191221 0.0663811 0.0224390 0.0198441 0.0237793 0.0544142 0.0199579 0.0883481 0.0459692 0.0272215 0.0208807 0.0188463 0.0990360 0.2991079 0.0618190 0.0298304 0.0393513 0.0857547 0.0527096 0.0831604 0.0788879 0.0367966 0.0209154 0.0224092 0.1407135 0.0191544 0.0202086 0.0442218 0.0659582 0.0813802 0.0677429 0.0191420 0.0399245 0.0651252 0.0231073 0.1486380 0.0883132 0.0709136 
Perityle_gilensis_salensis_225             0.1205598 0.0778311 0.1149372 0.2322992 0.0725614 0.0681902 0.1963110 0.1839674 0.3664876 0.1249404 0.0932554 0.0411283 0.0244378 0.0346629 0.0192004 0.0581014 0.0303804 0.1308221 0.0676958 0.0913498 0.0210542 0.0203116 0.0044600 0.0224807 0.0228826 0.0627534 0.0528453 0.0857715 0.1277250 0.1168170 0.1238895 0.1165723 0.1219577 0.0372276 0.1076474 0.0660981 0.0226545 0.0733581 0.0558799 0.0205824 0.0000000 0.0679315 0.0238961 0.0646448 0.0773816 0.0467835 0.0234439 0.0228607 0.0692381 0.0240024 0.0270391 0.0291712 0.0581168 0.0216493 0.0916626 0.0463800 0.0237918 0.0239614 0.0225221 0.0989976 0.2608375 0.0561605 0.0298350 0.0405779 0.0872714 0.0592744 0.0837587 0.0798593 0.0243326 0.0229614 0.0039009 0.1202645 0.0216130 0.0238896 0.0459094 0.0712204 0.0810352 0.0751975 0.0233286 0.0411460 0.0634536 0.0251938 0.1287332 0.0855427 0.0677935 
Perityle_glaucescens_94                    0.1300699 0.0851401 0.1357469 0.2643026 0.0876316 0.0706633 0.2156839 0.1848728 0.3980958 0.1269220 0.1067600 0.0770520 0.0616367 0.0894571 0.0607240 0.0754712 0.0713803 0.1403776 0.0552326 0.1456715 0.0594386 0.0625350 0.0709735 0.0581678 0.0701476 0.0867938 0.0897911 0.0845490 0.1296572 0.1224504 0.1425868 0.1269129 0.1255857 0.0756155 0.1145307 0.0182272 0.0691260 0.0725014 0.0756818 0.0680216 0.0679315 0.0000000 0.0678762 0.0110315 0.0763972 0.0675353 0.0696626 0.0683288 0.0134178 0.0710893 0.0710042 0.0724680 0.0804757 0.0707237 0.0792650 0.0663292 0.0465500 0.0710024 0.0708701 0.0965794 0.2699209 0.0598756 0.0385076 0.0783291 0.0853473 0.0816514 0.0938931 0.0916528 0.0529998 0.0701239 0.0709735 0.1207300 0.0698643 0.0709300 0.0831903 0.0858818 0.0927710 0.0754413 0.0705106 0.0789304 0.0633655 0.0706801 0.1378769 0.0937135 0.0638049 
Perityle_gracilis_11                       0.1186112 0.0891318 0.1091653 0.2531828 0.0754323 0.0705524 0.2100863 0.2005261 0.3595959 0.1304462 0.0951913 0.0434750 0.0077791 0.0424408 0.0230891 0.0562756 0.0168254 0.1375082 0.0701208 0.1053399 0.0206843 0.0072828 0.0251340 0.0170642 0.0106644 0.0601888 0.0521721 0.0847353 0.1325014 0.1226138 0.1176023 0.1160173 0.1255638 0.0386999 0.1145553 0.0652431 0.0245940 0.0702168 0.0566072 0.0186006 0.0238961 0.0678762 0.0000000 0.0684783 0.0753894 0.0456919 0.0071239 0.0106987 0.0697811 0.0264936 0.0197890 0.0241709 0.0578181 0.0214281 0.0931925 0.0493679 0.0295374 0.0112283 0.0095937 0.1048933 0.2332182 0.0610195 0.0365752 0.0435080 0.0890379 0.0577368 0.0867824 0.0787359 0.0273742 0.0242730 0.0245095 0.1230811 0.0094606 0.0106233 0.0454290 0.0589266 0.0842285 0.0681213 0.0208225 0.0428808 0.0725578 0.0130796 0.1343706 0.0943426 0.0742775 
Perityle_harkerae_31                       0.1163263 0.0820455 0.1124249 0.2677738 0.0849559 0.0782549 0.2258928 0.1908671 0.3449190 0.1047029 0.1004345 0.0776117 0.0612235 0.0642288 0.0607379 0.0713866 0.0606965 0.1189727 0.0548733 0.1532012 0.0578915 0.0642747 0.0668205 0.0564110 0.0701942 0.0862081 0.0850983 0.0798374 0.1061747 0.0919871 0.1253117 0.1120432 0.1025735 0.0745225 0.0904682 0.0189712 0.0632566 0.0676521 0.0730690 0.0645926 0.0646448 0.0110315 0.0684783 0.0000000 0.0717157 0.0641492 0.0688317 0.0664765 0.0140347 0.0671153 0.0711750 0.0713957 0.0785185 0.0712052 0.0711115 0.0675689 0.0465883 0.0690081 0.0682478 0.0967525 0.1976584 0.0611473 0.0420287 0.0769561 0.0829866 0.0802421 0.0916512 0.0834335 0.0563143 0.0655474 0.0660887 0.0968354 0.0698348 0.0718249 0.0798579 0.0882542 0.0913504 0.0719919 0.0705550 0.0776514 0.0634830 0.0672211 0.1168464 0.0909332 0.0641179 
