83
Amauria_brandeegeana_62                    0.0000000 0.1183989 0.0579004 0.2070623 0.3028250 0.1873281 0.1279352 0.3887851 0.0086292 0.1504251 0.1455516 0.1531654 0.1375820 0.1446684 0.1437436 0.1306222 0.4304606 0.1575782 0.1393061 0.1366629 0.1531439 0.1325475 0.1913170 0.3202320 0.2407985 0.1447333 0.1421290 0.1645858 0.1852471 0.1890008 0.2147485 0.1601193 0.1280541 0.0679327 0.1622625 0.1719342 0.1623707 0.1550943 0.1382877 0.1360497 0.1514320 0.1650142 0.1340576 0.1564224 0.1283630 0.1169602 0.1534028 0.1551025 0.1676133 0.1496432 0.1746721 0.2320003 0.1431081 0.1532970 0.1336455 0.1351469 0.1329800 0.1496452 0.2359393 0.1289063 0.1706941 0.1439312 0.1453650 0.1318583 0.2367579 0.1343655 0.1586635 0.5790381 0.1401010 0.1325475 0.2017022 0.1355740 0.1306126 0.1192181 0.1416752 0.2170609 0.1559110 0.1441580 0.1345461 0.1376852 0.1497921 0.1659728 0.1464808 
Amauria_carterae_99_mesa                   0.1183989 0.0000000 0.1434836 0.1580044 0.0975843 0.1150686 0.1305325 0.1472139 0.1210326 0.0743972 0.0746788 0.0746164 0.0663202 0.0770114 0.0701682 0.0612691 0.4423784 0.0963601 0.0638644 0.0591416 0.0829874 0.0638678 0.0562304 0.1147576 0.1056477 0.0742875 0.0536197 0.0806011 0.1551078 0.1080060 0.1052125 0.0680495 0.0639277 0.1236155 0.0930975 0.0715392 0.0844847 0.0700564 0.0617125 0.0718063 0.1006972 0.0962979 0.1005998 0.0765735 0.0651113 0.0771685 0.0857023 0.1005998 0.0769873 0.0779138 0.0693130 0.0977155 0.0770114 0.0666128 0.0570680 0.0485295 0.0719534 0.0829874 0.1646554 0.1012142 0.0768431 0.0914674 0.0745285 0.0511289 0.0976940 0.0984109 0.0924035 0.5085375 0.0663696 0.0638678 0.0894622 0.0664416 0.0530924 0.0617018 0.0650473 0.1039980 0.0852267 0.0747949 0.0771675 0.0476841 0.0805299 0.0837638 0.1085268 
Amauria_rotundifolia_SRR9119150            0.0579004 0.1434836 0.0000000 0.2083810 0.3180441 0.1902234 0.1434485 0.4071515 0.0537441 0.1439571 0.1565624 0.1700434 0.1466970 0.1591332 0.1368834 0.1396325 0.4550952 0.1587636 0.1550770 0.1348650 0.1608540 0.1451358 0.1977062 0.3345925 0.2461659 0.1387465 0.1496879 0.1807670 0.1721807 0.1770652 0.2009880 0.1532326 0.1405207 0.0737484 0.1486889 0.2111469 0.1519642 0.1505119 0.1475528 0.1470279 0.1610665 0.1833129 0.1458769 0.1469083 0.1377291 0.1219516 0.1611286 0.1647994 0.1829295 0.1573094 0.1819958 0.2313554 0.1546414 0.1680607 0.1370434 0.1506659 0.1433414 0.1554955 0.2153359 0.1130837 0.1745248 0.1510659 0.1546852 0.1394393 0.2420772 0.1443247 0.1646619 0.5687082 0.1629840 0.1451358 0.2156851 0.1436710 0.1420984 0.1258668 0.1488655 0.2225652 0.1491772 0.1518074 0.1576449 0.1371853 0.1605588 0.1556366 0.1381024 
Conoclinium_coelestinum_SRR9119114         0.2070623 0.1580044 0.2083810 0.0000000 0.4250144 0.2712955 0.1569822 0.3184518 0.2126148 0.3348649 0.3473408 0.3670297 0.3277519 0.3214611 0.3434296 0.3171051 0.4781760 0.3498638 0.2829400 0.3184786 0.3413920 0.3242361 0.3390117 0.4925855 0.4327500 0.3121884 0.3224548 0.2641143 0.1997587 0.3325658 0.3682846 0.2538900 0.3213528 0.2258793 0.3343400 0.3732757 0.3444991 0.3358437 0.3257582 0.3086747 0.3383180 0.3674322 0.3488718 0.3360261 0.3212436 0.3151888 0.3440584 0.3451609 0.3515371 0.3371104 0.3292144 0.4244811 0.3331951 0.3039499 0.1984588 0.2313363 0.3397063 0.3392184 0.4297289 0.1448675 0.3100067 0.1794748 0.3468812 0.3240691 0.4275728 0.3134662 0.3453476 0.5445032 0.3437545 0.3242361 0.2739669 0.3288935 0.1569971 0.2950255 0.1703264 0.3661115 0.3387436 0.3375351 0.3443497 0.1668780 0.3435004 0.2573773 0.2849054 
Eutetras_palmeri_63                        0.3028250 0.0975843 0.3180441 0.4250144 0.0000000 0.2430969 0.1286076 0.4042917 0.3147256 0.2382111 0.2414201 0.2015802 0.2274439 0.2111802 0.2318494 0.2290709 0.4343643 0.2016205 0.2195410 0.2072555 0.2354895 0.2247704 0.2572356 0.2740714 0.3953380 0.2320241 0.2360128 0.1107301 0.1792986 0.2911886 0.3677365 0.2514347 0.2268629 0.3233167 0.2545639 0.2343468 0.2335734 0.2353335 0.2281976 0.2282432 0.2829887 0.1928143 0.2846458 0.2326114 0.2459053 0.2437712 0.2356818 0.2849754 0.3505888 0.2286736 0.3561162 0.3785784 0.2238340 0.2109780 0.0808745 0.1390982 0.2380249 0.2335464 0.1690958 0.1325038 0.2175342 0.0892538 0.2407238 0.2327654 0.3860799 0.2356682 0.2673282 0.6284696 0.1770323 0.2247704 0.1602533 0.2322732 0.0778346 0.2260785 0.0901739 0.3601827 0.2315581 0.2304478 0.2406089 0.0807061 0.2308859 0.2420645 0.2535300 
Eutrochium_fistulosum_SRR9119106           0.1873281 0.1150686 0.1902234 0.2712955 0.2430969 0.0000000 0.1471760 0.4164497 0.1893932 0.1947947 0.1927078 0.1953974 0.1789636 0.1785993 0.1836952 0.1723250 0.4308999 0.2079005 0.1788017 0.1647690 0.1879552 0.1771254 0.1900699 0.2906283 0.3142481 0.1764646 0.1818288 0.1599914 0.1784216 0.1712084 0.2431616 0.1808199 0.1716225 0.1855586 0.2011991 0.1970749 0.2056726 0.1851132 0.1791246 0.1847257 0.1912121 0.2001795 0.1979692 0.1984065 0.1746666 0.1921688 0.1932846 0.1929285 0.2765163 0.1799251 0.2688217 0.3038256 0.1940682 0.1748160 0.1163199 0.1630673 0.1862405 0.1896508 0.2585111 0.1283974 0.1732891 0.1457175 0.1921895 0.1807461 0.3060308 0.1766541 0.1825445 0.5257543 0.1788813 0.1771254 0.2067088 0.1824088 0.1046566 0.1722201 0.1196732 0.2547276 0.1944063 0.1845402 0.1921934 0.0951163 0.1917012 0.1782196 0.1580058 
Galeana_pratensis_104_mex                  0.1279352 0.1305325 0.1434485 0.1569822 0.1286076 0.1471760 0.0000000 0.1179236 0.1316858 0.1390164 0.1399425 0.1433498 0.1118985 0.1428766 0.1206551 0.1084151 0.4366124 0.1253659 0.1119038 0.1164595 0.1430110 0.1084476 0.1083628 0.1085691 0.1159783 0.1275527 0.1345322 0.1408694 0.1802151 0.1339941 0.1346216 0.1137003 0.1158491 0.1310207 0.1240427 0.1194895 0.1270381 0.1203889 0.1167350 0.1084476 0.1127683 0.1545492 0.1201609 0.1270381 0.1194800 0.1430110 0.1430110 0.1201609 0.1431677 0.1395556 0.1395556 0.1125340 0.1465900 0.1391015 0.1213419 0.1303561 0.1435132 0.1430110 0.1709220 0.1459880 0.1390431 0.1143953 0.1395508 0.1344440 0.1089640 0.1309431 0.1306357 0.5187197 0.1156742 0.1084476 0.1408694 0.1118409 0.1308471 0.1204555 0.1320634 0.1313018 0.1273177 0.1440766 0.1434449 0.1108379 0.1397937 0.1396256 0.1346000 
Helianthus_annuus_SRR9119062               0.3887851 0.1472139 0.4071515 0.3184518 0.4042917 0.4164497 0.1179236 0.0000000 0.3972879 0.4385202 0.4495608 0.4281891 0.4273778 0.3801383 0.4214982 0.4243599 0.3882708 0.3859635 0.3648458 0.4265631 0.4523363 0.4173832 0.4614109 0.4591479 0.5233234 0.4397801 0.4393452 0.2459818 0.1913408 0.4733516 0.5114805 0.3874001 0.4230537 0.3894752 0.4710209 0.4310176 0.4621339 0.4322392 0.4298901 0.4119985 0.4467314 0.4316594 0.4302922 0.4558987 0.4290164 0.4365216 0.4555724 0.4524054 0.4471984 0.4532653 0.4480041 0.5376487 0.4116665 0.3320484 0.1014524 0.2093538 0.4307827 0.4452799 0.4354887 0.1609829 0.3887399 0.1131378 0.4520049 0.4316991 0.5200136 0.3863596 0.4589913 0.5449104 0.3933398 0.4173832 0.2941884 0.4158975 0.1144472 0.3935986 0.1148362 0.4837178 0.4530157 0.4499486 0.4360186 0.1153214 0.4532899 0.3793809 0.3659759 
Lycapsus_tenuifolius_17                    0.0086292 0.1210326 0.0537441 0.2126148 0.3147256 0.1893932 0.1316858 0.3972879 0.0000000 0.1521979 0.1472462 0.1568492 0.1363361 0.1466783 0.1439390 0.1296731 0.4401334 0.1573252 0.1412662 0.1386587 0.1492750 0.1349499 0.1876383 0.3434857 0.2366935 0.1465876 0.1406781 0.1669136 0.1760808 0.1910796 0.2096843 0.1615157 0.1304556 0.0686899 0.1599591 0.1963482 0.1648497 0.1565789 0.1387627 0.1383216 0.1512718 0.1645481 0.1363860 0.1579294 0.1274709 0.1123074 0.1495157 0.1547870 0.1695356 0.1459401 0.1715760 0.2283675 0.1450180 0.1574028 0.1368227 0.1374976 0.1336595 0.1442355 0.2407808 0.1326447 0.1682159 0.1436330 0.1454771 0.1325420 0.2306824 0.1363356 0.1564621 0.5803123 0.1439256 0.1349499 0.2039382 0.1343180 0.1303357 0.1167853 0.1413795 0.2118794 0.1555862 0.1443203 0.1472946 0.1373590 0.1523615 0.1695442 0.1527301 
Pericome_caudata_50_silver                 0.1504251 0.0743972 0.1439571 0.3348649 0.2382111 0.1947947 0.1390164 0.4385202 0.1521979 0.0000000 0.0788599 0.0756601 0.1141886 0.0835164 0.0669602 0.1115261 0.4556471 0.1077643 0.1309342 0.0495308 0.0706025 0.1131234 0.1958656 0.2592454 0.3260695 0.0678156 0.0956672 0.0614440 0.1302769 0.1645351 0.2422032 0.0568114 0.1082812 0.1409725 0.0764743 0.1588714 0.0796580 0.0695212 0.1164836 0.1180946 0.1857541 0.0790797 0.1801302 0.0792026 0.1222745 0.0752253 0.0730594 0.1902981 0.2029201 0.0683629 0.1976512 0.3166437 0.0796911 0.1690366 0.0614404 0.0902766 0.0788421 0.0730407 0.1387947 0.1082070 0.1676424 0.1293953 0.0763264 0.0856761 0.3189762 0.1559392 0.1759093 0.5560320 0.1225223 0.1131234 0.0890796 0.1212712 0.0601029 0.1116740 0.0615466 0.2861167 0.0657245 0.0694332 0.0822464 0.0560396 0.0709487 0.0565601 0.1162642 
Perityle_aglossa_84_dead_horse             0.1455516 0.0746788 0.1565624 0.3473408 0.2414201 0.1927078 0.1399425 0.4495608 0.1472462 0.0788599 0.0000000 0.0238960 0.1106673 0.0144432 0.0632587 0.1080131 0.4232031 0.1082099 0.1232070 0.0484948 0.0321260 0.1108710 0.1963053 0.2584824 0.3058731 0.0679809 0.0947861 0.0756169 0.1596267 0.1710224 0.2388923 0.0724468 0.1047569 0.1379132 0.0842102 0.1567090 0.0990206 0.0648829 0.1129290 0.1118146 0.1773881 0.0372182 0.1712300 0.0943292 0.1156649 0.0312433 0.0321629 0.1818893 0.1448710 0.0287653 0.1396149 0.2974024 0.0229488 0.1786332 0.0567069 0.0742775 0.0212429 0.0332872 0.1443380 0.0938568 0.1641126 0.1264001 0.0054169 0.0835388 0.2989908 0.1497942 0.1665913 0.5429011 0.1159359 0.1108710 0.1062842 0.1161656 0.0096454 0.1060488 0.0118776 0.2815127 0.0779651 0.0164168 0.0128305 0.0561626 0.0316557 0.0739514 0.1187065 
Perityle_ajoensis_204                      0.1531654 0.0746164 0.1700434 0.3670297 0.2015802 0.1953974 0.1433498 0.4281891 0.1568492 0.0756601 0.0238960 0.0000000 0.1173022 0.0116126 0.0656627 0.1143771 0.4194279 0.1098818 0.1311865 0.0515818 0.0325770 0.1161043 0.2072207 0.2106770 0.3264017 0.0691090 0.0982822 0.0736743 0.1591494 0.1776109 0.2638704 0.0765901 0.1108310 0.1484596 0.0867578 0.1279869 0.0942933 0.0695873 0.1169933 0.1215205 0.1885993 0.0371701 0.1841845 0.0909700 0.1270797 0.0325712 0.0326177 0.1904105 0.1484598 0.0289165 0.1477032 0.3128261 0.0156294 0.1820810 0.0565974 0.0761518 0.0190465 0.0301241 0.1384957 0.1013133 0.1710668 0.1299342 0.0238688 0.0864161 0.3186713 0.1587919 0.1766469 0.5722032 0.1173463 0.1161043 0.1024202 0.1218400 0.0193952 0.1175119 0.0208896 0.2968980 0.0761874 0.0154589 0.0239110 0.0633817 0.0313470 0.0761669 0.1266353 
Perityle_ambrosiifolia_67_green            0.1375820 0.0663202 0.1466970 0.3277519 0.2274439 0.1789636 0.1118985 0.4273778 0.1363361 0.1141886 0.1106673 0.1173022 0.0000000 0.1095404 0.1101141 0.0121463 0.3886899 0.1502088 0.0286377 0.0944851 0.1095727 0.0155275 0.1087236 0.1787446 0.2946847 0.1117113 0.0976284 0.1177381 0.1690442 0.1855898 0.2546849 0.1123099 0.0110852 0.1333500 0.1246040 0.0605003 0.1312130 0.1112548 0.0178615 0.0159954 0.1303971 0.1236360 0.1217295 0.1243457 0.0270322 0.1140702 0.1097096 0.1346532 0.2272902 0.1061286 0.2163518 0.2909557 0.1184914 0.1445809 0.0923341 0.0688513 0.1119177 0.1083164 0.1781338 0.1305023 0.1533176 0.0682311 0.1080073 0.0886605 0.2879195 0.1026162 0.1303288 0.5230771 0.0202467 0.0155275 0.1488700 0.0225476 0.0879255 0.0128039 0.0929155 0.2477022 0.1158792 0.1058683 0.1194646 0.1049250 0.1108756 0.1179774 0.1360386 
Perityle_angustifolia_13_Eagle_creek       0.1446684 0.0770114 0.1591332 0.3214611 0.2111802 0.1785993 0.1428766 0.3801383 0.1466783 0.0835164 0.0144432 0.0116126 0.1095404 0.0000000 0.0648864 0.1045346 0.4060453 0.1122710 0.1197521 0.0493628 0.0248338 0.1078586 0.1062794 0.2297320 0.1991304 0.0738177 0.0885088 0.0867679 0.1586753 0.1267465 0.1717468 0.0821738 0.1051855 0.1431439 0.0837764 0.1318340 0.0966326 0.0663655 0.1102723 0.1164577 0.1634080 0.0333678 0.1685703 0.0973617 0.1142966 0.0295561 0.0263600 0.1651609 0.0845826 0.0218918 0.0765780 0.1898051 0.0085970 0.1533886 0.0564376 0.0739152 0.0144270 0.0233585 0.1499228 0.1046282 0.1385992 0.1329678 0.0129656 0.0822556 0.1895748 0.1520849 0.1572199 0.5523778 0.1098036 0.1078586 0.1179655 0.1097965 0.0160833 0.1084200 0.0178242 0.2147103 0.0824953 0.0086402 0.0144044 0.0542099 0.0218766 0.0760324 0.1200593 
Perityle_batopilensis_97                   0.1437436 0.0701682 0.1368834 0.3434296 0.2318494 0.1836952 0.1206551 0.4214982 0.1439390 0.0669602 0.0632587 0.0656627 0.1101141 0.0648864 0.0000000 0.1046101 0.4206116 0.1086277 0.1272082 0.0369260 0.0646750 0.1089590 0.1579939 0.2575347 0.2878489 0.0542089 0.0902879 0.0531468 0.1310919 0.1400547 0.2171310 0.0559418 0.1051450 0.1280160 0.0722548 0.1593169 0.0838092 0.0105102 0.1097348 0.1154693 0.1701271 0.0757071 0.1770148 0.0765086 0.1204352 0.0702160 0.0647571 0.1716140 0.1908995 0.0597394 0.1751154 0.2693413 0.0677888 0.1647136 0.0338656 0.0787485 0.0625655 0.0634635 0.1377330 0.0938998 0.1363820 0.1195136 0.0619524 0.0865028 0.2789805 0.1487356 0.1614377 0.5203934 0.1206866 0.1089590 0.0787900 0.1076537 0.0464648 0.1050777 0.0489276 0.2552056 0.0633729 0.0545273 0.0686676 0.0417510 0.0649564 0.0541938 0.1085489 
Perityle_bisetosa_9                        0.1306222 0.0612691 0.1396325 0.3171051 0.2290709 0.1723250 0.1084151 0.4243599 0.1296731 0.1115261 0.1080131 0.1143771 0.0121463 0.1045346 0.1046101 0.0000000 0.3685742 0.1447416 0.0228274 0.0918260 0.1069192 0.0121630 0.1021915 0.1742446 0.2914942 0.1090579 0.0950378 0.1134413 0.1690442 0.1825347 0.2496800 0.1107029 0.0077360 0.1266239 0.1232579 0.0543199 0.1283971 0.1060597 0.0178711 0.0148390 0.1275710 0.1206020 0.1158078 0.1203133 0.0222373 0.1125315 0.1070525 0.1318091 0.2218291 0.1034806 0.2113930 0.2859399 0.1169630 0.1359754 0.0869641 0.0647798 0.1090977 0.1056677 0.1761543 0.1232306 0.1454679 0.0618524 0.1053667 0.0860798 0.2847543 0.0961103 0.1246919 0.5230771 0.0113092 0.0121630 0.1448313 0.0201481 0.0844715 0.0089432 0.0896379 0.2443229 0.1145717 0.1032271 0.1166318 0.1012143 0.1081584 0.1132641 0.1359613 
Perityle_californica_76_positas            0.4304606 0.4423784 0.4550952 0.4781760 0.4343643 0.4308999 0.4366124 0.3882708 0.4401334 0.4556471 0.4232031 0.4194279 0.3886899 0.4060453 0.4206116 0.3685742 0.0000000 0.4380129 0.3685742 0.4326505 0.4454496 0.3685742 0.3685742 0.3815562 0.4125127 0.4412839 0.4403349 0.4040288 0.2996775 0.4815258 0.4615669 0.4159537 0.3688094 0.4306849 0.4684164 0.3777652 0.4471755 0.4326505 0.3798417 0.3685742 0.3884974 0.4454496 0.3660745 0.4333965 0.3663303 0.4454496 0.4587755 0.3660745 0.4196921 0.4323835 0.4196921 0.4125127 0.4164079 0.4177596 0.4570300 0.4525986 0.4196921 0.4454496 0.4403349 0.4584280 0.4161283 0.3860549 0.4323371 0.4403349 0.4125127 0.3938721 0.4183761 0.4744921 0.3665172 0.3685742 0.4040288 0.3685742 0.4422849 0.3685742 0.4422849 0.3938721 0.4499095 0.4196921 0.4323371 0.4483760 0.4454496 0.4372066 0.4694865 
Perityle_canescens_77                      0.1575782 0.0963601 0.1587636 0.3498638 0.2016205 0.2079005 0.1253659 0.3859635 0.1573252 0.1077643 0.1082099 0.1098818 0.1502088 0.1122710 0.1086277 0.1447416 0.4380129 0.0000000 0.1667883 0.0899101 0.1116995 0.1518754 0.1516841 0.2462604 0.2588793 0.1107982 0.1251213 0.1054773 0.1586423 0.1722011 0.2245879 0.1093630 0.1438478 0.1462503 0.0964459 0.1539489 0.1231481 0.1101743 0.1500848 0.1578527 0.2027523 0.1203491 0.2083956 0.1182092 0.1540550 0.1047248 0.1136108 0.2046764 0.1959993 0.1053419 0.1903510 0.2463854 0.1181658 0.1873405 0.0963231 0.1170116 0.1167439 0.1100266 0.1878444 0.1208308 0.1775685 0.1521026 0.1044560 0.1236328 0.2480361 0.1835551 0.1907341 0.4870310 0.1514826 0.1518754 0.1412277 0.1577052 0.0780243 0.1471949 0.0881933 0.2485712 0.1064946 0.1065792 0.1010447 0.0777679 0.1068084 0.0987797 0.1459211 
Perityle_castillonii_96                    0.1393061 0.0638644 0.1550770 0.2829400 0.2195410 0.1788017 0.1119038 0.3648458 0.1412662 0.1309342 0.1232070 0.1311865 0.0286377 0.1197521 0.1272082 0.0228274 0.3685742 0.1667883 0.0000000 0.1070319 0.1266811 0.0257723 0.0301550 0.1648802 0.2019288 0.1310478 0.0996918 0.1161761 0.1693425 0.1656459 0.1985069 0.1311266 0.0258660 0.1437693 0.1361126 0.0485730 0.1428931 0.1270626 0.0318986 0.0301459 0.1264368 0.1384532 0.1296457 0.1387512 0.0378690 0.1332997 0.1285734 0.1281050 0.1976062 0.1238948 0.1920925 0.1928392 0.1295740 0.1339576 0.0898213 0.0878759 0.1265250 0.1250510 0.1840526 0.1271688 0.1229871 0.0619822 0.1212735 0.0950345 0.1926110 0.1111289 0.1227157 0.5230771 0.0272484 0.0257723 0.1499181 0.0375283 0.0846661 0.0287622 0.0898338 0.1752474 0.1352490 0.1233998 0.1246411 0.0890604 0.1236520 0.1346487 0.1561092 
Perityle_cernua_84                         0.1366629 0.0591416 0.1348650 0.3184786 0.2072555 0.1647690 0.1164595 0.4265631 0.1386587 0.0495308 0.0484948 0.0515818 0.0944851 0.0493628 0.0369260 0.0918260 0.4326505 0.0899101 0.1070319 0.0000000 0.0534421 0.0922436 0.1777116 0.2210707 0.3024210 0.0376377 0.0788253 0.0499924 0.1153463 0.1509914 0.2269865 0.0488534 0.0884633 0.1223317 0.0579383 0.1296476 0.0690761 0.0390977 0.0939085 0.0950150 0.1658790 0.0609892 0.1590277 0.0644879 0.1028942 0.0564445 0.0535066 0.1704179 0.1780244 0.0487604 0.1784523 0.2954773 0.0539001 0.1639252 0.0239831 0.0599349 0.0499677 0.0534572 0.1268527 0.0792589 0.1516211 0.1121913 0.0484419 0.0697612 0.2953460 0.1282400 0.1572532 0.5185765 0.1015261 0.0922436 0.0820631 0.0977384 0.0395177 0.0885540 0.0425988 0.2628036 0.0473255 0.0414688 0.0492700 0.0380999 0.0523324 0.0511685 0.0924220 
Perityle_cfvillosa_25_tin                  0.1531439 0.0829874 0.1608540 0.3413920 0.2354895 0.1879552 0.1430110 0.4523363 0.1492750 0.0706025 0.0321260 0.0325770 0.1095727 0.0248338 0.0646750 0.1069192 0.4454496 0.1116995 0.1266811 0.0534421 0.0000000 0.1085494 0.1921782 0.2541933 0.3129273 0.0669331 0.0887890 0.0719481 0.1665539 0.1712096 0.2409468 0.0684217 0.1024232 0.1415661 0.0795269 0.1583154 0.0940364 0.0650883 0.1105223 0.1133242 0.1809365 0.0096834 0.1763452 0.0907288 0.1119273 0.0076431 0.0043334 0.1854728 0.1472711 0.0142007 0.1404266 0.3055362 0.0282554 0.1796126 0.0595417 0.0829057 0.0273565 0.0054191 0.1328584 0.0950238 0.1604045 0.1307935 0.0298171 0.0787688 0.3059467 0.1535575 0.1727135 0.5592052 0.1175291 0.1085494 0.1028580 0.1149729 0.0000010 0.1061478 0.0000010 0.2870032 0.0697307 0.0242995 0.0368697 0.0636273 0.0088752 0.0670018 0.1260659 
Perityle_coahuilensis_24                   0.1325475 0.0638678 0.1451358 0.3242361 0.2247704 0.1771254 0.1084476 0.4173832 0.1349499 0.1131234 0.1108710 0.1161043 0.0155275 0.1078586 0.1089590 0.0121630 0.3685742 0.1518754 0.0257723 0.0922436 0.1085494 0.0000000 0.1025482 0.1696546 0.2970908 0.1118808 0.0967278 0.1140174 0.1696628 0.1852197 0.2584648 0.1125928 0.0111004 0.1317456 0.1261372 0.0605916 0.1312886 0.1088743 0.0213172 0.0079618 0.1271013 0.1223346 0.1167686 0.1218724 0.0270720 0.1159273 0.1086838 0.1313222 0.2232217 0.1051362 0.2142290 0.2878335 0.1187305 0.1426630 0.0815699 0.0668671 0.1121792 0.1073054 0.1708108 0.1230153 0.1518427 0.0554410 0.1082338 0.0878386 0.2902903 0.0987339 0.1256004 0.5230771 0.0202786 0.0000010 0.1449984 0.0199464 0.0773682 0.0128206 0.0828839 0.2460552 0.1147936 0.1048807 0.1209982 0.0972176 0.1098168 0.1182100 0.1414829 
Perityle_cochisensis_44_cave_creek         0.1913170 0.0562304 0.1977062 0.3390117 0.2572356 0.1900699 0.1083628 0.4614109 0.1876383 0.1958656 0.1963053 0.2072207 0.1087236 0.1062794 0.1579939 0.1021915 0.3685742 0.1516841 0.0301550 0.1777116 0.1921782 0.1025482 0.0000000 0.2814477 0.2957203 0.1956704 0.1600439 0.2371363 0.1693484 0.2234478 0.2841273 0.2094818 0.1039880 0.1873375 0.2122154 0.1553546 0.2145810 0.1931884 0.1084349 0.0900240 0.1860476 0.2118368 0.1545606 0.2090915 0.0991729 0.1444745 0.1938888 0.1877266 0.2312873 0.1915610 0.2196722 0.2837439 0.1519353 0.2044566 0.0815891 0.0607331 0.1541160 0.1893336 0.2802559 0.1233741 0.1934209 0.0555125 0.1946604 0.1592396 0.2904189 0.0988164 0.1807390 0.5228129 0.1094636 0.1025482 0.2514487 0.0715322 0.0774536 0.0262700 0.0862795 0.2677712 0.2025499 0.1912107 0.1663593 0.1082240 0.1927564 0.2216077 0.1379739 
Perityle_congesta_202                      0.3202320 0.1147576 0.3345925 0.4925855 0.2740714 0.2906283 0.1085691 0.4591479 0.3434857 0.2592454 0.2584824 0.2106770 0.1787446 0.2297320 0.2575347 0.1742446 0.3815562 0.2462604 0.1648802 0.2210707 0.2541933 0.1696546 0.2814477 0.0000000 0.4888857 0.2600675 0.2578086 0.1293705 0.1737911 0.3409291 0.4342814 0.2471827 0.1694810 0.3337848 0.2707886 0.1881713 0.2554987 0.2521381 0.1833270 0.1825603 0.3130927 0.2097359 0.3153723 0.2599673 0.1991678 0.2846249 0.2529671 0.3187960 0.3712749 0.2485727 0.4016814 0.4789228 0.2429839 0.2359693 0.0900146 0.1570305 0.2688581 0.2494869 0.2011173 0.1278510 0.3011232 0.0652859 0.2565187 0.2493168 0.4839972 0.2485490 0.2971004 0.6105292 0.1316837 0.1696546 0.1844453 0.1701643 0.0922372 0.1985910 0.0936063 0.4391901 0.2670195 0.2495877 0.2708962 0.1054551 0.2364055 0.2498485 0.2844954 
Perityle_cordifolia_27                     0.2407985 0.1056477 0.2461659 0.4327500 0.3953380 0.3142481 0.1159783 0.5233234 0.2366935 0.3260695 0.3058731 0.3264017 0.2946847 0.1991304 0.2878489 0.2914942 0.4125127 0.2588793 0.2019288 0.3024210 0.3129273 0.2970908 0.2957203 0.4888857 0.0000000 0.3141440 0.3362022 0.3267277 0.1691432 0.3440618 0.3690761 0.2677779 0.2933754 0.2350681 0.3279556 0.3564844 0.3365276 0.3229715 0.2997306 0.2821827 0.2801487 0.3431090 0.2342068 0.3266038 0.2723630 0.2349800 0.3134082 0.2797723 0.2713268 0.3089993 0.2682407 0.1235579 0.2581061 0.3297909 0.1781584 0.1597217 0.2599786 0.3133126 0.5224739 0.1308644 0.2891453 0.0149117 0.3044615 0.3301482 0.0111994 0.2064800 0.2970339 0.5453203 0.3113690 0.2970908 0.3265463 0.2659015 0.0986663 0.2064585 0.1350027 0.3422943 0.3196122 0.3021928 0.2854748 0.1440495 0.3233891 0.2750309 0.1950312 
Perityle_cordifolia_68_tecolote            0.1447333 0.0742875 0.1387465 0.3121884 0.2320241 0.1764646 0.1275527 0.4397801 0.1465876 0.0678156 0.0679809 0.0691090 0.1117113 0.0738177 0.0542089 0.1090579 0.4412839 0.1107982 0.1310478 0.0376377 0.0669331 0.1118808 0.1956704 0.2600675 0.3141440 0.0000000 0.0956456 0.0614641 0.1383703 0.1630324 0.2380281 0.0595531 0.1058090 0.1304681 0.0802320 0.1590667 0.0870393 0.0575595 0.1126033 0.1155282 0.1871857 0.0763852 0.1815494 0.0827516 0.1196213 0.0681130 0.0658432 0.1917368 0.1973662 0.0623515 0.1891953 0.3067650 0.0726463 0.1827496 0.0142441 0.0880706 0.0683700 0.0681812 0.1422429 0.0972521 0.1670500 0.1260378 0.0655768 0.0844599 0.3071927 0.1541873 0.1788049 0.5201177 0.1213175 0.1118808 0.0945047 0.1158601 0.0531447 0.1085354 0.0581542 0.2820270 0.0621613 0.0586811 0.0730584 0.0596163 0.0660207 0.0608428 0.1162635 
Perityle_coronopifolia_28_patagonia        0.1421290 0.0536197 0.1496879 0.3224548 0.2360128 0.1818288 0.1345322 0.4393452 0.1406781 0.0956672 0.0947861 0.0982822 0.0976284 0.0885088 0.0902879 0.0950378 0.4403349 0.1251213 0.0996918 0.0788253 0.0887890 0.0967278 0.1600439 0.2578086 0.3362022 0.0956456 0.0000000 0.0909108 0.1617832 0.1955661 0.2630341 0.0966151 0.0917280 0.1294110 0.1105018 0.1463255 0.1192261 0.0952743 0.0971984 0.0984127 0.1653143 0.0955723 0.1599563 0.1102559 0.0964920 0.0880862 0.0888961 0.1697307 0.2079487 0.0817079 0.2007029 0.3269797 0.0925469 0.1371664 0.0511069 0.0476253 0.0892764 0.0875849 0.0900085 0.0716576 0.1578920 0.1119427 0.0921716 0.0209787 0.3290248 0.1339393 0.1587920 0.5072472 0.1049940 0.0967278 0.1209861 0.0954970 0.0360814 0.0838175 0.0394188 0.2537547 0.0985285 0.0876396 0.0978559 0.0380487 0.0895898 0.1030768 0.1415345 
Perityle_crassifolia_70_ventanas           0.1645858 0.0806011 0.1807670 0.2641143 0.1107301 0.1599914 0.1408694 0.2459818 0.1669136 0.0614440 0.0756169 0.0736743 0.1177381 0.0867679 0.0531468 0.1134413 0.4040288 0.1054773 0.1161761 0.0499924 0.0719481 0.1140174 0.2371363 0.1293705 0.3267277 0.0614641 0.0909108 0.0000000 0.1367170 0.1788010 0.2560527 0.0309447 0.1136018 0.1542183 0.0677304 0.1179968 0.0828303 0.0560049 0.1191824 0.1201106 0.1797368 0.0779225 0.1746701 0.0730378 0.1255031 0.0780176 0.0719820 0.1844945 0.1839139 0.0720615 0.1896328 0.3120913 0.0787095 0.1556125 0.0578842 0.0765776 0.0727411 0.0699655 0.1371172 0.0916149 0.1407654 0.1349184 0.0775104 0.0829161 0.3183881 0.1435011 0.1740874 0.5272790 0.1201323 0.1140174 0.0053755 0.1202167 0.0785947 0.1136780 0.0786312 0.2547176 0.0654079 0.0699480 0.0797600 0.0530965 0.0741027 0.0538492 0.1237680 
Perityle_crassifolia_74_playa_balandra     0.1852471 0.1551078 0.1721807 0.1997587 0.1792986 0.1784216 0.1802151 0.1913408 0.1760808 0.1302769 0.1596267 0.1591494 0.1690442 0.1586753 0.1310919 0.1690442 0.2996775 0.1586423 0.1693425 0.1153463 0.1665539 0.1696628 0.1693484 0.1737911 0.1691432 0.1383703 0.1617832 0.1367170 0.0000000 0.1447410 0.1420222 0.1017577 0.1694174 0.1473190 0.1279513 0.1728195 0.1377928 0.1268457 0.1747345 0.1696628 0.1495614 0.1787022 0.1533580 0.1338823 0.1772201 0.1665539 0.1665539 0.1533580 0.1670367 0.1632633 0.1632633 0.1733707 0.1586753 0.1785579 0.1349431 0.1572199 0.1674580 0.1665539 0.1937745 0.1454419 0.1742959 0.1481236 0.1632633 0.1616712 0.1688897 0.1494058 0.1611566 0.6469492 0.1770350 0.1696628 0.1367170 0.1731004 0.1339804 0.1787712 0.1303850 0.1455852 0.1341670 0.1601928 0.1673799 0.1083656 0.1632633 0.1016353 0.1417120 
Perityle_cuneata_34_cuneata_San_antonio    0.1890008 0.1080060 0.1770652 0.3325658 0.2911886 0.1712084 0.1339941 0.4733516 0.1910796 0.1645351 0.1710224 0.1776109 0.1855898 0.1267465 0.1400547 0.1825347 0.4815258 0.1722011 0.1656459 0.1509914 0.1712096 0.1852197 0.2234478 0.3409291 0.3440618 0.1630324 0.1955661 0.1788010 0.1447410 0.0000000 0.2298308 0.1538554 0.1806503 0.1828323 0.1811580 0.2276662 0.1821098 0.1644118 0.1811668 0.1881597 0.1967494 0.1867966 0.1800780 0.1745308 0.1749843 0.1458901 0.1741915 0.2000251 0.2577463 0.1702653 0.2459158 0.3306810 0.1520215 0.1806634 0.1119701 0.1375392 0.1507603 0.1727902 0.2826550 0.1591416 0.1767604 0.1622103 0.1707416 0.1921499 0.3367946 0.1611652 0.1863549 0.5356220 0.1896698 0.1852197 0.1899720 0.1680013 0.1104314 0.1444342 0.1285392 0.3025770 0.1709892 0.1669735 0.1489755 0.1086601 0.1740584 0.1624367 0.0288901 
Perityle_cuneata_4                         0.2147485 0.1052125 0.2009880 0.3682846 0.3677365 0.2431616 0.1346216 0.5114805 0.2096843 0.2422032 0.2388923 0.2638704 0.2546849 0.1717468 0.2171310 0.2496800 0.4615669 0.2245879 0.1985069 0.2269865 0.2409468 0.2584648 0.2841273 0.4342814 0.3690761 0.2380281 0.2630341 0.2560527 0.1420222 0.2298308 0.0000000 0.2052454 0.2493514 0.1943731 0.2434587 0.3133137 0.2630930 0.2395499 0.2589421 0.2475023 0.2647110 0.2691958 0.2434872 0.2527116 0.2314496 0.2049127 0.2459536 0.2682680 0.2544306 0.2414447 0.2487730 0.3609264 0.2146284 0.2230851 0.1090990 0.1316269 0.2136862 0.2474677 0.3883854 0.1322357 0.2296846 0.1581710 0.2324492 0.2568967 0.3668326 0.2005123 0.2686493 0.5584249 0.2737721 0.2584648 0.2664885 0.2443210 0.1105656 0.1869290 0.1285193 0.3337977 0.2477443 0.2378528 0.2254178 0.1247923 0.2474476 0.2034531 0.0876963 
Perityle_discoidea_81                      0.1601193 0.0680495 0.1532326 0.2538900 0.2514347 0.1808199 0.1137003 0.3874001 0.1615157 0.0568114 0.0724468 0.0765901 0.1123099 0.0821738 0.0559418 0.1107029 0.4159537 0.1093630 0.1311266 0.0488534 0.0684217 0.1125928 0.2094818 0.2471827 0.2677779 0.0595531 0.0966151 0.0309447 0.1017577 0.1538554 0.2052454 0.0000000 0.1068672 0.1394609 0.0641396 0.1548424 0.0739313 0.0584351 0.1134056 0.1183335 0.1716592 0.0821914 0.1587155 0.0697742 0.1168470 0.0751290 0.0699015 0.1751359 0.1570928 0.0713255 0.1568634 0.2586837 0.0780528 0.1546455 0.0352166 0.0774757 0.0717771 0.0698268 0.1348863 0.1013810 0.1600260 0.1167030 0.0737908 0.0876891 0.2621024 0.1388333 0.1697160 0.5388905 0.1286704 0.1125928 0.0586521 0.1171764 0.0570625 0.1104618 0.0620216 0.2366279 0.0611420 0.0670142 0.0737537 0.0567702 0.0685394 0.0430197 0.0966425 
Perityle_dissecta_201                      0.1280541 0.0639277 0.1405207 0.3213528 0.2268629 0.1716225 0.1158491 0.4230537 0.1304556 0.1082812 0.1047569 0.1108310 0.0110852 0.1051855 0.1051450 0.0077360 0.3688094 0.1438478 0.0258660 0.0884633 0.1024232 0.0111004 0.1039880 0.1694810 0.2933754 0.1058090 0.0917280 0.1136018 0.1694174 0.1806503 0.2493514 0.1068672 0.0000000 0.1273966 0.1199556 0.0558056 0.1250722 0.1053135 0.0168203 0.0137528 0.1268982 0.1155674 0.1164601 0.1170488 0.0223509 0.1086379 0.1025510 0.1311548 0.2215780 0.0989701 0.2111062 0.2858313 0.1146402 0.1368163 0.0898300 0.0689986 0.1069274 0.1011711 0.1729151 0.1310124 0.1472426 0.0652122 0.1021110 0.0827327 0.2865819 0.0982959 0.1213134 0.5331175 0.0151996 0.0111004 0.1470906 0.0202429 0.0847564 0.0102758 0.0899250 0.2457716 0.1113171 0.0999577 0.1144934 0.1090694 0.1035629 0.1109116 0.1332790 
Perityle_emoryi_47_punta_san_jose          0.0679327 0.1236155 0.0737484 0.2258793 0.3233167 0.1855586 0.1310207 0.3894752 0.0686899 0.1409725 0.1379132 0.1484596 0.1333500 0.1431439 0.1280160 0.1266239 0.4306849 0.1462503 0.1437693 0.1223317 0.1415661 0.1317456 0.1873375 0.3337848 0.2350681 0.1304681 0.1294110 0.1542183 0.1473190 0.1828323 0.1943731 0.1394609 0.1273966 0.0000000 0.1488271 0.1910444 0.1464363 0.1368653 0.1340131 0.1369549 0.1448448 0.1579042 0.1347916 0.1416313 0.1223991 0.1063544 0.1417965 0.1483751 0.1703164 0.1418310 0.1670309 0.2303532 0.1397257 0.1455025 0.1170674 0.1278761 0.1359165 0.1364958 0.2301186 0.1209963 0.1628133 0.1585090 0.1377418 0.1195431 0.2311659 0.1264263 0.1499880 0.5224294 0.1426330 0.1317456 0.1902526 0.1345999 0.1151627 0.1185871 0.1264164 0.1993189 0.1410042 0.1365517 0.1428932 0.1335605 0.1392944 0.1432177 0.1383181 
Perityle_feddemae_99                       0.1622625 0.0930975 0.1486889 0.3343400 0.2545639 0.2011991 0.1240427 0.4710209 0.1599591 0.0764743 0.0842102 0.0867578 0.1246040 0.0837764 0.0722548 0.1232579 0.4684164 0.0964459 0.1361126 0.0579383 0.0795269 0.1261372 0.2122154 0.2707886 0.3279556 0.0802320 0.1105018 0.0677304 0.1279513 0.1811580 0.2434587 0.0641396 0.1199556 0.1488271 0.0000000 0.1757484 0.0899482 0.0746405 0.1256259 0.1263380 0.1897237 0.0907772 0.1872330 0.0842576 0.1321420 0.0811851 0.0796240 0.1943782 0.1933831 0.0771761 0.1887854 0.3221460 0.0871791 0.1840450 0.0643459 0.1012021 0.0817889 0.0796031 0.1550719 0.1047996 0.1807656 0.1299397 0.0804033 0.1040818 0.3207176 0.1582637 0.1843912 0.5295666 0.1362651 0.1261372 0.0915018 0.1296173 0.0604002 0.1218152 0.0618272 0.2876931 0.0767604 0.0769453 0.0892751 0.0600452 0.0826241 0.0669550 0.1224206 
Perityle_fosteri_93                        0.1719342 0.0715392 0.2111469 0.3732757 0.2343468 0.1970749 0.1194895 0.4310176 0.1963482 0.1588714 0.1567090 0.1279869 0.0605003 0.1318340 0.1593169 0.0543199 0.3777652 0.1539489 0.0485730 0.1296476 0.1583154 0.0605916 0.1553546 0.1881713 0.3564844 0.1590667 0.1463255 0.1179968 0.1728195 0.2276662 0.3133137 0.1548424 0.0558056 0.1910444 0.1757484 0.0000000 0.1618936 0.1546528 0.0659713 0.0651602 0.1826799 0.1257559 0.1746529 0.1671770 0.0703975 0.1737480 0.1585295 0.1874410 0.2572729 0.1546856 0.2803250 0.3457777 0.1456186 0.1473637 0.0979317 0.0750887 0.1644402 0.1570609 0.1813139 0.1234421 0.1961656 0.0683334 0.1550525 0.1366912 0.3471372 0.1264383 0.1788161 0.5814652 0.0189975 0.0605916 0.1511428 0.0714327 0.0916635 0.0651529 0.0964754 0.2975178 0.1613016 0.1528785 0.1627164 0.1089991 0.1471762 0.1429308 0.1623175 
Perityle_gamon_221                         0.1623707 0.0844847 0.1519642 0.3444991 0.2335734 0.2056726 0.1270381 0.4621339 0.1648497 0.0796580 0.0990206 0.0942933 0.1312130 0.0966326 0.0838092 0.1283971 0.4471755 0.1231481 0.1428931 0.0690761 0.0940364 0.1312886 0.2145810 0.2554987 0.3365276 0.0870393 0.1192261 0.0828303 0.1377928 0.1821098 0.2630930 0.0739313 0.1250722 0.1464363 0.0899482 0.1618936 0.0000000 0.0878817 0.1294961 0.1288361 0.2076607 0.1065511 0.1967785 0.0157968 0.1408349 0.0987611 0.0966670 0.2124848 0.2096933 0.0892103 0.2097312 0.3315400 0.0911630 0.1883396 0.0587818 0.1005214 0.0964788 0.0965753 0.1573671 0.1080344 0.1809381 0.1327379 0.0975262 0.1101420 0.3326141 0.1614280 0.1989902 0.5497915 0.1390735 0.1312886 0.1108811 0.1396930 0.0565750 0.1202917 0.0678708 0.3072839 0.0628075 0.0865604 0.0978841 0.0595737 0.0954488 0.0735736 0.1216017 
Perityle_gentryi_8_san_francisco           0.1550943 0.0700564 0.1505119 0.3358437 0.2353335 0.1851132 0.1203889 0.4322392 0.1565789 0.0695212 0.0648829 0.0695873 0.1112548 0.0663655 0.0105102 0.1060597 0.4326505 0.1101743 0.1270626 0.0390977 0.0650883 0.1088743 0.1931884 0.2521381 0.3229715 0.0575595 0.0952743 0.0560049 0.1268457 0.1644118 0.2395499 0.0584351 0.1053135 0.1368653 0.0746405 0.1546528 0.0878817 0.0000000 0.1121490 0.1162856 0.1812922 0.0770625 0.1767707 0.0822934 0.1163139 0.0715149 0.0663426 0.1858385 0.1973423 0.0640126 0.1906191 0.3129047 0.0676577 0.1757456 0.0362586 0.0786355 0.0637507 0.0675196 0.1387164 0.0936916 0.1608144 0.1159514 0.0636583 0.0876516 0.3158753 0.1485640 0.1729320 0.5279624 0.1179855 0.1088743 0.0857925 0.1085480 0.0463671 0.1049354 0.0520151 0.2867637 0.0661945 0.0567144 0.0697488 0.0416591 0.0665619 0.0596661 0.1101174 
Perityle_gilensis_22_Superstition          0.1382877 0.0617125 0.1475528 0.3257582 0.2281976 0.1791246 0.1167350 0.4298901 0.1387627 0.1164836 0.1129290 0.1169933 0.0178615 0.1102723 0.1097348 0.0178711 0.3798417 0.1500848 0.0318986 0.0939085 0.1105223 0.0213172 0.1084349 0.1833270 0.2997306 0.1126033 0.0971984 0.1191824 0.1747345 0.1811668 0.2589421 0.1134056 0.0168203 0.1340131 0.1256259 0.0659713 0.1294961 0.1121490 0.0000000 0.0208007 0.1324051 0.1233046 0.1238328 0.1240326 0.0284681 0.1153535 0.1106617 0.1366914 0.2280015 0.1058148 0.2169835 0.2890753 0.1182858 0.1444311 0.0930722 0.0714622 0.1130409 0.1092546 0.1689829 0.1202215 0.1555807 0.0618713 0.1102245 0.0881589 0.2928582 0.1048412 0.1295888 0.5116424 0.0256087 0.0213172 0.1485755 0.0239970 0.0809164 0.0128789 0.0862582 0.2540422 0.1181095 0.1080832 0.1191938 0.1010659 0.1104804 0.1191399 0.1421553 
Perityle_gilensis_salensis_225             0.1360497 0.0718063 0.1470279 0.3086747 0.2282432 0.1847257 0.1084476 0.4119985 0.1383216 0.1180946 0.1118146 0.1215205 0.0159954 0.1164577 0.1154693 0.0148390 0.3685742 0.1578527 0.0301459 0.0950150 0.1133242 0.0079618 0.0900240 0.1825603 0.2821827 0.1155282 0.0984127 0.1201106 0.1696628 0.1881597 0.2475023 0.1183335 0.0137528 0.1369549 0.1263380 0.0651602 0.1288361 0.1162856 0.0208007 0.0000000 0.1304871 0.1284360 0.1216338 0.1218269 0.0279595 0.1170383 0.1134708 0.1348324 0.2099864 0.1097666 0.2034743 0.2721407 0.1230803 0.1488711 0.0925915 0.0773440 0.1158876 0.1120225 0.1773348 0.1230153 0.1603878 0.0652883 0.1090414 0.0878029 0.2753127 0.1043323 0.1303869 0.5230771 0.0236628 0.0079618 0.1526374 0.0233412 0.0847524 0.0170607 0.0967076 0.2350388 0.1171626 0.1093313 0.1210167 0.0932259 0.1134648 0.1245116 0.1489441 
Perityle_glaucescens_94                    0.1514320 0.1006972 0.1610665 0.3383180 0.2829887 0.1912121 0.1127683 0.4467314 0.1512718 0.1857541 0.1773881 0.1885993 0.1303971 0.1634080 0.1701271 0.1275710 0.3884974 0.2027523 0.1264368 0.1658790 0.1809365 0.1271013 0.1860476 0.3130927 0.2801487 0.1871857 0.1653143 0.1797368 0.1495614 0.1967494 0.2647110 0.1716592 0.1268982 0.1448448 0.1897237 0.1826799 0.2076607 0.1812922 0.1324051 0.1304871 0.0000000 0.2006381 0.0111063 0.1920355 0.1312513 0.1639639 0.1811889 0.0069277 0.2500427 0.1770313 0.2333797 0.2812625 0.1697881 0.1614029 0.1495340 0.1365340 0.1633048 0.1780075 0.2614599 0.1392347 0.1494192 0.1059970 0.1769888 0.1574047 0.2749787 0.0610464 0.0674631 0.5406597 0.1402984 0.1271013 0.2009869 0.1232740 0.1030873 0.1047027 0.1406561 0.1987365 0.1835561 0.1720439 0.1742116 0.1134935 0.1841673 0.1780804 0.1698401 
Perityle_gracilis_11                       0.1650142 0.0962979 0.1833129 0.3674322 0.1928143 0.2001795 0.1545492 0.4316594 0.1645481 0.0790797 0.0372182 0.0371701 0.1236360 0.0333678 0.0757071 0.1206020 0.4454496 0.1203491 0.1384532 0.0609892 0.0096834 0.1223346 0.2118368 0.2097359 0.3431090 0.0763852 0.0955723 0.0779225 0.1787022 0.1867966 0.2691958 0.0821914 0.1155674 0.1579042 0.0907772 0.1257559 0.1065511 0.0770625 0.1233046 0.1284360 0.2006381 0.0000000 0.1996155 0.1017793 0.1316645 0.0156354 0.0096955 0.2058601 0.1608822 0.0207951 0.1599137 0.3280756 0.0366086 0.1899863 0.0724853 0.0933354 0.0355318 0.0072531 0.1381520 0.0987805 0.1716476 0.1343667 0.0358628 0.0874516 0.3331151 0.1708615 0.1911223 0.5636041 0.1234704 0.1223346 0.1084707 0.1291893 0.0063968 0.1240107 0.0029404 0.3127005 0.0810588 0.0309474 0.0377027 0.0636273 0.0133738 0.0786194 0.1379633 
Perityle_harkerae_31                       0.1340576 0.1005998 0.1458769 0.3488718 0.2846458 0.1979692 0.1201609 0.4302922 0.1363860 0.1801302 0.1712300 0.1841845 0.1217295 0.1685703 0.1770148 0.1158078 0.3660745 0.2083956 0.1296457 0.1590277 0.1763452 0.1167686 0.1545606 0.3153723 0.2342068 0.1815494 0.1599563 0.1746701 0.1533580 0.1800780 0.2434872 0.1587155 0.1164601 0.1347916 0.1872330 0.1746529 0.1967785 0.1767707 0.1238328 0.1216338 0.0111063 0.1996155 0.0000000 0.1816303 0.1229927 0.1702133 0.1766054 0.0073804 0.2388572 0.1691390 0.2185014 0.2320928 0.1728202 0.1546839 0.1550924 0.1408285 0.1690016 0.1717189 0.2603536 0.1390448 0.1496095 0.1058628 0.1708219 0.1543613 0.2306492 0.0625226 0.0666988 0.5491157 0.1362883 0.1167686 0.1994967 0.1270712 0.1029514 0.1091419 0.1404804 0.1703732 0.1763469 0.1670822 0.1799687 0.1133290 0.1781593 0.1596211 0.1733877 
Perityle_hofmeisteria_4_nombre_de_dios     0.1564224 0.0765735 0.1469083 0.3360261 0.2326114 0.1984065 0.1270381 0.4558987 0.1579294 0.0792026 0.0943292 0.0909700 0.1243457 0.0973617 0.0765086 0.1203133 0.4333965 0.1182092 0.1387512 0.0644879 0.0907288 0.1218724 0.2090915 0.2599673 0.3266038 0.0827516 0.1102559 0.0730378 0.1338823 0.1745308 0.2527116 0.0697742 0.1170488 0.1416313 0.0842576 0.1671770 0.0157968 0.0822934 0.1240326 0.1218269 0.1920355 0.1017793 0.1816303 0.0000000 0.1317543 0.0930815 0.0908392 0.1966579 0.2107112 0.0835810 0.2051374 0.3207786 0.0903224 0.1776966 0.0587818 0.0984657 0.0913486 0.0920511 0.1529397 0.1117868 0.1714498 0.1290080 0.0916965 0.1051844 0.3228776 0.1537782 0.1852342 0.5497915 0.1296210 0.1218724 0.0999250 0.1277236 0.0600633 0.1154365 0.0711320 0.2955679 0.0590875 0.0822341 0.0973906 0.0632553 0.0902583 0.0712018 0.1189959 
Perityle_huecosensis_48                    0.1283630 0.0651113 0.1377291 0.3212436 0.2459053 0.1746666 0.1194800 0.4290164 0.1274709 0.1222745 0.1156649 0.1270797 0.0270322 0.1142966 0.1204352 0.0222373 0.3663303 0.1540550 0.0378690 0.1028942 0.1119273 0.0270720 0.0991729 0.1991678 0.2723630 0.1196213 0.0964920 0.1255031 0.1772201 0.1749843 0.2314496 0.1168470 0.0223509 0.1223991 0.1321420 0.0703975 0.1408349 0.1163139 0.0284681 0.0279595 0.1312513 0.1316645 0.1229927 0.1317543 0.0000000 0.1209971 0.1160850 0.1356247 0.2190033 0.1122947 0.2076778 0.2737065 0.1285988 0.1458244 0.0979131 0.0762941 0.1194919 0.1118838 0.1747907 0.1308012 0.1428192 0.0683200 0.1128407 0.0914128 0.2638745 0.1050412 0.1268370 0.5505016 0.0274631 0.0270720 0.1573920 0.0331628 0.0808660 0.0212134 0.0895220 0.2381614 0.1215960 0.1133619 0.1272276 0.1167278 0.1174661 0.1228651 0.1470806 
