84
Amauria_carterae_99_mesa                   0.0000000 0.0548779 0.1244079 0.0741109 0.0958341 0.0926752 0.2126837 0.0629348 0.0975488 0.0684503 0.0724036 0.0647966 0.0755437 0.0727714 0.0746546 0.0702403 0.0809237 0.0441718 0.0685539 0.0706402 0.0708073 0.0928862 0.0726418 0.0829691 0.0656849 0.0846999 0.0687909 0.0723600 0.0667325 0.0843958 0.1018404 0.0629348 0.0850329 0.0743605 0.0489570 0.0760627 0.0898156 0.0726586 0.0806822 0.0627552 0.0459911 0.0746803 0.0645475 0.0979017 0.0751727 0.0750496 0.0727443 0.0644916 0.0766859 0.0686115 0.0767047 0.0529856 0.0756651 0.0646261 0.0818942 0.0745016 0.0706495 0.0707430 0.0816613 0.0735556 0.0532056 0.0624018 0.0705813 0.0687680 0.0788814 0.0694303 0.0806961 0.1014672 0.0868057 0.0787899 0.0723600 0.0685676 0.0809330 0.0745760 0.0656907 0.0734195 0.0768144 0.0806647 0.0752941 0.1172891 0.0666720 0.0768553 0.0619475 0.0625059 
Amauria_rotundifolia_SRR9119150            0.0548779 0.0000000 0.1472769 0.1184824 0.1484495 0.0868488 0.2472572 0.0819833 0.1542828 0.1515718 0.0755984 0.1096200 0.0745722 0.1203298 0.0972288 0.1050905 0.0775496 0.0594010 0.1302982 0.1487506 0.0965093 0.1605381 0.1048615 0.1519906 0.1278091 0.1732715 0.1213024 0.0984703 0.0565746 0.1212040 0.1843727 0.0475375 0.1592213 0.1091265 0.0402369 0.0895206 0.1331161 0.1121791 0.0953735 0.1369905 0.0490551 0.1572895 0.1080609 0.1591620 0.1537459 0.1460196 0.1517566 0.1106774 0.2091993 0.1497977 0.1468236 0.1343078 0.1523396 0.1162136 0.0746868 0.0979663 0.1554410 0.1582600 0.2751435 0.0537782 0.0434959 0.0571161 0.1527414 0.1170812 0.1287745 0.1109695 0.1570942 0.0921306 0.1128122 0.1569859 0.1214072 0.1543803 0.1471081 0.1519468 0.0587588 0.1340657 0.1176365 0.1561441 0.1574842 0.1228883 0.1514875 0.1540745 0.0611072 0.0715103 
Conoclinium_coelestinum_SRR9119114         0.1244079 0.1472769 0.0000000 0.1463552 0.0995205 0.1202823 0.2976558 0.1633341 0.1585847 0.1640908 0.1162401 0.1298463 0.1334583 0.1728685 0.1528079 0.1521159 0.1255179 0.0674660 0.1357232 0.1578480 0.1136922 0.1673187 0.1446476 0.1598908 0.1636471 0.1715212 0.1776087 0.1486460 0.1223231 0.1570051 0.1818415 0.1633341 0.1662023 0.1629875 0.0859631 0.1287398 0.1535451 0.1681977 0.1433737 0.1604223 0.0828369 0.1655571 0.1733951 0.1802461 0.1586738 0.1585676 0.1580491 0.1731102 0.1947991 0.1604018 0.1563283 0.1667291 0.1558047 0.1579098 0.1302236 0.1499930 0.1608219 0.1640132 0.2447326 0.0662895 0.0923094 0.1021299 0.1657943 0.1745942 0.1708025 0.1641573 0.1698294 0.1493578 0.1495844 0.1641294 0.1625697 0.1634686 0.1601585 0.1606256 0.1069939 0.1660653 0.1530198 0.1540859 0.1764719 0.1994389 0.1579403 0.1661182 0.1227825 0.1224769 
Eutetras_palmeri_63                        0.0741109 0.1184824 0.1463552 0.0000000 0.1310356 0.1114537 0.3041062 0.1326679 0.1075762 0.1354008 0.0565965 0.1129040 0.0643637 0.1569033 0.0700564 0.1147608 0.0681066 0.0440371 0.1329745 0.1314799 0.0801992 0.1432535 0.0892163 0.1374205 0.1665677 0.1593384 0.1557392 0.0695170 0.0519372 0.1073821 0.1756272 0.1150726 0.1293124 0.0727693 0.0373485 0.0520356 0.1050843 0.1422504 0.0637155 0.1281034 0.0285933 0.1356243 0.1426381 0.1633817 0.1350094 0.1352358 0.1344090 0.1508819 0.1971808 0.1300079 0.1273220 0.1584989 0.1421156 0.1433744 0.0560172 0.0815313 0.1367284 0.1380765 0.2602879 0.0498955 0.0425303 0.0565320 0.1392450 0.1490026 0.1182966 0.1054924 0.1235098 0.0847044 0.0919474 0.1345244 0.1054043 0.1368819 0.1301851 0.1286887 0.0578597 0.1182910 0.0966862 0.1302821 0.1429354 0.1486281 0.1343224 0.1431358 0.0599378 0.0633399 
Eutrochium_fistulosum_SRR9119106           0.0958341 0.1484495 0.0995205 0.1310356 0.0000000 0.1044662 0.2958947 0.1476727 0.1469738 0.1336114 0.0833801 0.1212355 0.0964038 0.1342175 0.1000651 0.1103395 0.1044842 0.0670957 0.1250434 0.1370490 0.1006813 0.1370433 0.0991215 0.1307265 0.1405872 0.1549009 0.1526521 0.1066101 0.0957843 0.1490178 0.1680793 0.1118766 0.1270968 0.1109886 0.0611809 0.0981031 0.1572672 0.1340366 0.0969793 0.1308683 0.0581570 0.1330938 0.1420394 0.1614652 0.1275092 0.1283269 0.1372126 0.1418709 0.1598304 0.1303841 0.1185419 0.1470768 0.1346904 0.1439138 0.1021815 0.1180342 0.1398143 0.1413969 0.2476609 0.0696636 0.0788475 0.0876682 0.1408646 0.1482497 0.1306445 0.1430539 0.1582167 0.1175801 0.0978167 0.1269673 0.1474533 0.1383622 0.1296630 0.1251421 0.0943804 0.1638737 0.1472332 0.1259494 0.1405235 0.1915280 0.1371357 0.1350116 0.0963872 0.1009602 
Galeana_pratensis_104_mex                  0.0926752 0.0868488 0.1202823 0.1114537 0.1044662 0.0000000 0.1815834 0.1022825 0.1262126 0.1161564 0.1191845 0.1079299 0.0984307 0.1054228 0.1135580 0.1042955 0.1228083 0.0594741 0.1106669 0.1165635 0.1049784 0.1139983 0.1051423 0.0998111 0.0829796 0.1196471 0.1166948 0.1026448 0.1198188 0.0956410 0.1170914 0.1022825 0.1136964 0.1054667 0.0803184 0.1108731 0.1287877 0.1019915 0.1136657 0.1081237 0.0769431 0.1026751 0.0927832 0.1173351 0.1054341 0.1081764 0.1166647 0.0897565 0.1051216 0.1163351 0.1109018 0.0874745 0.1012698 0.1050005 0.1225723 0.1082520 0.1194919 0.1167250 0.1315048 0.0827477 0.1012267 0.1059429 0.1139497 0.1195647 0.1057857 0.1052312 0.1132852 0.1398611 0.1098022 0.1136711 0.1026448 0.1081110 0.0998111 0.1107513 0.1052627 0.1081192 0.1196488 0.1079383 0.1197738 0.1543285 0.1168279 0.1027932 0.0928864 0.1077941 
Helianthus_annuus_SRR9119062               0.2126837 0.2472572 0.2976558 0.3041062 0.2958947 0.1815834 0.0000000 0.2713560 0.3382201 0.2982784 0.2106738 0.2649827 0.2286887 0.2734836 0.2786894 0.3002152 0.2592209 0.0743267 0.2756912 0.3075434 0.1038838 0.3057413 0.3046178 0.3013219 0.2865165 0.2979261 0.3095563 0.2751882 0.1976913 0.2628718 0.3322049 0.2717474 0.3130486 0.2992867 0.0790526 0.2830291 0.3234930 0.2834302 0.2879405 0.2991530 0.0759792 0.3001622 0.2630427 0.3298532 0.3019397 0.2945994 0.3141515 0.2644577 0.3028269 0.2991130 0.2974943 0.2754254 0.2868324 0.2817000 0.2073295 0.2990129 0.3115723 0.3117010 0.3912978 0.1110254 0.1782562 0.1883346 0.3100017 0.3038533 0.3098878 0.2932416 0.3077522 0.3224480 0.2968829 0.3031845 0.2918544 0.3004212 0.2994245 0.3070136 0.1864755 0.3099311 0.2920998 0.3104224 0.3128037 0.2501210 0.3058134 0.3043389 0.2160336 0.2554767 
Lycapsus_tenuifolius_17                    0.0629348 0.0819833 0.1633341 0.1326679 0.1476727 0.1022825 0.2713560 0.0000000 0.1678038 0.1575341 0.0836391 0.1312091 0.0799933 0.1327567 0.1002154 0.1137787 0.0915919 0.0633899 0.1504944 0.1609408 0.1008780 0.1683572 0.1136695 0.1658124 0.1415253 0.1820413 0.1409408 0.0987984 0.0659528 0.1348039 0.1783121 0.0000010 0.1694426 0.1080115 0.0462424 0.0880874 0.1522188 0.1226012 0.0938925 0.1434584 0.0491852 0.1663853 0.1216679 0.1845254 0.1642438 0.1599213 0.1638174 0.1241642 0.2219147 0.1624006 0.1558052 0.1364700 0.1629170 0.1340400 0.0861486 0.0966873 0.1675310 0.1674039 0.2961567 0.0606182 0.0566203 0.0710102 0.1537994 0.1313720 0.1406765 0.1408642 0.1597693 0.1023583 0.1218102 0.1660287 0.1421379 0.1634380 0.1608933 0.1646828 0.0709219 0.1662645 0.1494307 0.1661461 0.1691233 0.1401957 0.1635242 0.1666853 0.0633397 0.0717799 
Pericome_caudata_50_silver                 0.0975488 0.1542828 0.1585847 0.1075762 0.1469738 0.1262126 0.3382201 0.1678038 0.0000000 0.1851871 0.0915551 0.1453386 0.1048243 0.2047371 0.1217712 0.1338204 0.1089773 0.0591573 0.1691152 0.1746749 0.0921431 0.1913253 0.1306001 0.1851495 0.2005207 0.1974952 0.1962366 0.1078077 0.0812842 0.1546681 0.2031201 0.1473116 0.1828257 0.1164678 0.0489941 0.1083941 0.1240373 0.1797278 0.1179075 0.1733804 0.0460259 0.1884738 0.1880793 0.1864690 0.1846284 0.1844971 0.1816324 0.1892802 0.2429495 0.1788922 0.1752679 0.1990898 0.1802671 0.1861460 0.0917471 0.1265682 0.1854053 0.1868935 0.2711413 0.0729838 0.0753983 0.0864038 0.1827528 0.1923106 0.1663208 0.1354910 0.1164772 0.1323951 0.1369694 0.1840170 0.1468129 0.1897106 0.1815592 0.1823299 0.0885702 0.1486931 0.1432843 0.1824784 0.1912987 0.1883637 0.1801533 0.1883435 0.1000562 0.0937994 
Perityle_aglossa_84_dead_horse             0.0684503 0.1515718 0.1640908 0.1354008 0.1336114 0.1161564 0.2982784 0.1575341 0.1851871 0.0000000 0.0424955 0.0260879 0.0318740 0.1150633 0.0386818 0.1247038 0.0841686 0.0071552 0.0258301 0.0364074 0.0447928 0.0732257 0.0460745 0.0611308 0.0883422 0.1455465 0.1029350 0.0808148 0.0577242 0.1434313 0.1838221 0.1232923 0.0690544 0.0900604 0.0490869 0.0387317 0.1609074 0.0850297 0.0612199 0.0429200 0.0461130 0.0413038 0.0980302 0.1082197 0.0570497 0.0573860 0.0402897 0.0968225 0.1117606 0.0342690 0.0571471 0.1164548 0.0668185 0.1068995 0.0587092 0.0543888 0.0413130 0.0424203 0.2471734 0.0689569 0.0597949 0.0368885 0.0309522 0.1025423 0.0606072 0.1359034 0.1784273 0.0486403 0.0560397 0.0636969 0.1555765 0.0337088 0.0557441 0.0360723 0.0180056 0.1677768 0.1429410 0.0617073 0.0396282 0.1661410 0.0391764 0.0579254 0.0568396 0.0514794 
Perityle_ajoensis_204                      0.0724036 0.0755984 0.1162401 0.0565965 0.0833801 0.1191845 0.2106738 0.0836391 0.0915551 0.0424955 0.0000000 0.0391330 0.0373481 0.0624950 0.0374515 0.0675368 0.0635245 0.0477550 0.0374735 0.0476368 0.0811215 0.0276042 0.0407614 0.0442312 0.0745609 0.0460193 0.0807962 0.0517196 0.0537324 0.0659574 0.0887643 0.0836391 0.0426375 0.0550682 0.0461404 0.0203476 0.0907526 0.0718495 0.0184048 0.0425618 0.0373092 0.0408024 0.0719634 0.1000335 0.0475968 0.0408966 0.0510529 0.0737526 0.0176795 0.0425164 0.0242922 0.0664137 0.0355631 0.0611423 0.0516811 0.0541077 0.0526937 0.0544361 0.1762289 0.0529212 0.0569770 0.0567765 0.0477231 0.0772322 0.0563324 0.0828620 0.0770226 0.0506120 0.0362048 0.0259773 0.0664777 0.0442013 0.0425239 0.0526111 0.0385465 0.0881778 0.0618303 0.0231482 0.0580398 0.1380886 0.0510435 0.0598701 0.0557315 0.0553092 
Perityle_ambrosiifolia_67_green            0.0647966 0.1096200 0.1298463 0.1129040 0.1212355 0.1079299 0.2649827 0.1312091 0.1453386 0.0260879 0.0391330 0.0000000 0.0246744 0.0646162 0.0264433 0.1032084 0.0747835 0.0071630 0.0198061 0.0320421 0.0448452 0.0533247 0.0208398 0.0248370 0.0610603 0.1161915 0.0804952 0.0643708 0.0557725 0.1288948 0.1547516 0.0997197 0.0493735 0.0666979 0.0491315 0.0341453 0.1393450 0.0606942 0.0454988 0.0242160 0.0461547 0.0307148 0.0695491 0.0837224 0.0281811 0.0198326 0.0373168 0.0709120 0.0372334 0.0235728 0.0399577 0.0766543 0.0399904 0.0668868 0.0537959 0.0409431 0.0359557 0.0359640 0.2500285 0.0658143 0.0510971 0.0298983 0.0350639 0.0784107 0.0437776 0.1174426 0.1286330 0.0411773 0.0592839 0.0413296 0.1175485 0.0229152 0.0210497 0.0336844 0.0079591 0.1410909 0.1181181 0.0436688 0.0378806 0.1622662 0.0346696 0.0468347 0.0478117 0.0481094 
Perityle_angustifolia_13_Eagle_creek       0.0755437 0.0745722 0.1334583 0.0643637 0.0964038 0.0984307 0.2286887 0.0799933 0.1048243 0.0318740 0.0373481 0.0246744 0.0000000 0.0546856 0.0164842 0.0824945 0.0798177 0.0035733 0.0238849 0.0412403 0.0306482 0.0491940 0.0256503 0.0287458 0.0671070 0.0602319 0.0871974 0.0879427 0.0542402 0.0777408 0.1152656 0.0799933 0.0429031 0.0847028 0.0461524 0.0481960 0.0822471 0.0579791 0.0430646 0.0365087 0.0431870 0.0271818 0.0780675 0.0892155 0.0344172 0.0304028 0.0459935 0.0780668 0.0505778 0.0317860 0.0350214 0.0629333 0.0104505 0.0744011 0.0548415 0.0474912 0.0474849 0.0475347 0.1244958 0.0625481 0.0557406 0.0416297 0.0365885 0.0839276 0.0319464 0.0859691 0.0916873 0.0493933 0.0351760 0.0381464 0.0847294 0.0333613 0.0256793 0.0425619 0.0231948 0.0909815 0.0785119 0.0365055 0.0415092 0.1460018 0.0443929 0.0366775 0.0597191 0.0596993 
Perityle_batopilensis_97                   0.0727714 0.1203298 0.1728685 0.1569033 0.1342175 0.1054228 0.2734836 0.1327567 0.2047371 0.1150633 0.0624950 0.0646162 0.0546856 0.0000000 0.0732806 0.1251708 0.0959733 0.0254339 0.0829578 0.1153735 0.0566904 0.1286382 0.0833178 0.1170477 0.1044417 0.1689834 0.1082944 0.1061178 0.0679657 0.1637655 0.1738967 0.1097846 0.1279657 0.1081102 0.0553256 0.0957692 0.1554289 0.0383828 0.0942284 0.1028050 0.0523145 0.1176831 0.1093520 0.1389454 0.1202765 0.1108314 0.1214419 0.1144198 0.1777053 0.1131144 0.1165999 0.1027434 0.1172705 0.0964690 0.0762249 0.0809909 0.1225279 0.1239074 0.2634274 0.0704620 0.0696018 0.0543478 0.1110784 0.1012376 0.0933852 0.1435746 0.1845454 0.0825330 0.0905344 0.1253730 0.1660506 0.1173271 0.1122207 0.1182231 0.0447974 0.1786263 0.1658998 0.1204865 0.1209239 0.1354723 0.1186477 0.1163294 0.0453132 0.0716357 
Perityle_bisetosa_9                        0.0746546 0.0972288 0.1528079 0.0700564 0.1000651 0.1135580 0.2786894 0.1002154 0.1217712 0.0386818 0.0374515 0.0264433 0.0164842 0.0732806 0.0000000 0.0905116 0.0744727 0.0071552 0.0215737 0.0477767 0.0410055 0.0471508 0.0307501 0.0312752 0.0831823 0.0614312 0.1052331 0.0822962 0.0577289 0.0912924 0.1217626 0.1002154 0.0433888 0.0826262 0.0521012 0.0418311 0.0942460 0.0758958 0.0427672 0.0336929 0.0491142 0.0381787 0.0929770 0.0985472 0.0333897 0.0328607 0.0507035 0.0942921 0.1136807 0.0413253 0.0322150 0.0747108 0.0343802 0.0929188 0.0585586 0.0527001 0.0531063 0.0556518 0.1859253 0.0690634 0.0569693 0.0345929 0.0422454 0.1053626 0.0385477 0.1033439 0.1114919 0.0334532 0.0380663 0.0394279 0.0887376 0.0443757 0.0278071 0.0431907 0.0220539 0.1088166 0.0758109 0.0418635 0.0486767 0.1682665 0.0506660 0.0434828 0.0570768 0.0534580 
Perityle_californica_76_positas            0.0702403 0.1050905 0.1521159 0.1147608 0.1103395 0.1042955 0.3002152 0.1137787 0.1338204 0.1247038 0.0675368 0.1032084 0.0824945 0.1251708 0.0905116 0.0000000 0.0891151 0.0440159 0.1095294 0.1264112 0.0882883 0.1319319 0.1229646 0.1314489 0.1218528 0.1343049 0.1281665 0.0994355 0.0539273 0.1176331 0.1480909 0.1139075 0.1277350 0.0995578 0.0518674 0.0834553 0.1157728 0.1325711 0.0948573 0.1187512 0.0488943 0.1310282 0.1073006 0.1379420 0.1268154 0.1232061 0.1278308 0.1044897 0.1506120 0.1213700 0.1191081 0.1194551 0.1201087 0.1223811 0.0756617 0.1016991 0.1321331 0.1336810 0.2493575 0.0502402 0.0527991 0.0620789 0.1279252 0.1268084 0.1372786 0.1171954 0.1265172 0.0905282 0.1220359 0.1264184 0.1300334 0.1307275 0.1257234 0.1257186 0.0652184 0.1291291 0.1343054 0.1314960 0.1341528 0.1306225 0.1292149 0.1373334 0.0666210 0.0747368 
Perityle_canescens_77                      0.0809237 0.0775496 0.1255179 0.0681066 0.1044842 0.1228083 0.2592209 0.0915919 0.1089773 0.0841686 0.0635245 0.0747835 0.0798177 0.0959733 0.0744727 0.0891151 0.0000000 0.0517565 0.0814331 0.0823116 0.0842870 0.0914409 0.0828604 0.0874409 0.1032086 0.0918544 0.0935792 0.0778469 0.0705988 0.0830544 0.1174216 0.0915919 0.0935643 0.0826337 0.0491590 0.0587264 0.0953751 0.1006498 0.0816677 0.0763658 0.0402892 0.0868512 0.0870394 0.1031463 0.0855879 0.0817551 0.0868738 0.0869194 0.0778037 0.0814037 0.0809879 0.0916104 0.0886760 0.0874126 0.0728873 0.0835892 0.0867554 0.0883139 0.1821646 0.0498012 0.0453390 0.0736540 0.0901784 0.0920521 0.0917641 0.0929286 0.1036904 0.1141062 0.0954597 0.0840585 0.0782466 0.0868688 0.0859396 0.0900667 0.0753349 0.0973785 0.0280304 0.0785425 0.0985609 0.1527387 0.0853281 0.0962335 0.0744870 0.0633754 
Perityle_castillonii_96                    0.0441718 0.0594010 0.0674660 0.0440371 0.0670957 0.0594741 0.0743267 0.0633899 0.0591573 0.0071552 0.0477550 0.0071630 0.0035733 0.0254339 0.0071552 0.0440159 0.0517565 0.0000000 0.0035733 0.0143639 0.0298934 0.0515507 0.0217149 0.0107701 0.0290179 0.0477733 0.0518277 0.0631916 0.0441735 0.0515494 0.0480746 0.0633899 0.0479647 0.0670754 0.0594446 0.0440752 0.0441377 0.0217326 0.0515507 0.0107701 0.0555944 0.0107701 0.0556305 0.0480476 0.0144220 0.0107701 0.0216476 0.0517606 0.0439968 0.0143789 0.0439968 0.0180439 0.0143780 0.0477284 0.0477733 0.0216856 0.0253062 0.0216639 0.0479420 0.0591452 0.0396828 0.0253109 0.0071701 0.0518277 0.0180937 0.0671703 0.0478628 0.0373292 0.0476753 0.0440253 0.0631916 0.0071630 0.0107701 0.0107695 0.0107701 0.0750674 0.0515994 0.0439968 0.0143948 0.0596154 0.0179971 0.0180466 0.0404553 0.0291935 
Perityle_cernua_84                         0.0685539 0.1302982 0.1357232 0.1329745 0.1250434 0.1106669 0.2756912 0.1504944 0.1691152 0.0258301 0.0374735 0.0198061 0.0238849 0.0829578 0.0215737 0.1095294 0.0814331 0.0035733 0.0000000 0.0339249 0.0410055 0.0476924 0.0319707 0.0379477 0.0625780 0.1378714 0.0811339 0.0774518 0.0557037 0.1467654 0.1750825 0.1059715 0.0465864 0.0757412 0.0461524 0.0437229 0.1540047 0.0548240 0.0493271 0.0277374 0.0431870 0.0277204 0.0707082 0.0827980 0.0352127 0.0380578 0.0389175 0.0733553 0.0326194 0.0246400 0.0351651 0.0952483 0.0337574 0.0724922 0.0569958 0.0518833 0.0376277 0.0376359 0.2440411 0.0625481 0.0539905 0.0345553 0.0306626 0.0764482 0.0387692 0.1230222 0.1535846 0.0410511 0.0495250 0.0376781 0.1451194 0.0265026 0.0330963 0.0305784 0.0159967 0.1580781 0.1388034 0.0384809 0.0382175 0.1640220 0.0364119 0.0454001 0.0618293 0.0556550 
Perityle_cfvillosa_25_tin                  0.0706402 0.1487506 0.1578480 0.1314799 0.1370490 0.1165635 0.3075434 0.1609408 0.1746749 0.0364074 0.0476368 0.0320421 0.0412403 0.1153735 0.0477767 0.1264112 0.0823116 0.0143639 0.0339249 0.0000000 0.0531759 0.0737471 0.0497146 0.0587027 0.0852496 0.1534939 0.1041902 0.0791573 0.0661262 0.1406805 0.1813945 0.1225672 0.0727317 0.0900386 0.0550268 0.0499333 0.1634145 0.0883523 0.0695788 0.0397796 0.0520325 0.0330584 0.0964506 0.1084908 0.0578934 0.0578890 0.0062729 0.0990701 0.1070092 0.0340956 0.0576224 0.1195295 0.0646525 0.1016319 0.0674024 0.0496557 0.0073120 0.0104801 0.2439908 0.0754910 0.0510643 0.0393067 0.0386480 0.1025244 0.0663912 0.1224600 0.1758925 0.0689821 0.0679523 0.0644963 0.1538849 0.0308448 0.0531526 0.0384053 0.0323915 0.1569710 0.1420078 0.0604725 0.0443458 0.1727078 0.0052205 0.0576702 0.0569615 0.0569291 
Perityle_cinerea_113_Powell1310            0.0708073 0.0965093 0.1136922 0.0801992 0.1006813 0.1049784 0.1038838 0.1008780 0.0921431 0.0447928 0.0811215 0.0448452 0.0306482 0.0566904 0.0410055 0.0882883 0.0842870 0.0298934 0.0410055 0.0531759 0.0000000 0.0852006 0.0525155 0.0487033 0.0681718 0.0800484 0.0844572 0.0873673 0.0668169 0.0881473 0.0763790 0.1008780 0.0718915 0.0915842 0.0790538 0.0625130 0.0803923 0.0605927 0.0746264 0.0532930 0.0749074 0.0454556 0.0885227 0.0805486 0.0526850 0.0487033 0.0571185 0.0803014 0.0771025 0.0525189 0.0730585 0.0487544 0.0525155 0.0882820 0.0747028 0.0504200 0.0611288 0.0611288 0.0888059 0.0906789 0.0623171 0.0468083 0.0526123 0.0844572 0.0487002 0.1006452 0.0802196 0.1263610 0.0759645 0.0771541 0.0965257 0.0494374 0.0487033 0.0448424 0.0385052 0.1131052 0.0841892 0.0664630 0.0567024 0.0834858 0.0571185 0.0604317 0.0584921 0.0586968 
Perityle_coahuilensis_24                   0.0928862 0.1605381 0.1673187 0.1432535 0.1370433 0.1139983 0.3057413 0.1683572 0.1913253 0.0732257 0.0276042 0.0533247 0.0491940 0.1286382 0.0471508 0.1319319 0.0914409 0.0515507 0.0476924 0.0737471 0.0852006 0.0000000 0.0384363 0.0470317 0.1018363 0.1381241 0.1058219 0.0924943 0.0601726 0.1544125 0.1847850 0.1305769 0.0472210 0.0917053 0.0461381 0.0532931 0.1670699 0.1042248 0.0219719 0.0561966 0.0373074 0.0570948 0.0967980 0.1172314 0.0584512 0.0584737 0.0777103 0.0993205 0.0896825 0.0708864 0.0231750 0.1391923 0.0550627 0.0994436 0.0571738 0.0788638 0.0787313 0.0799197 0.2555483 0.0528694 0.0750195 0.0660747 0.0652518 0.1029937 0.0694386 0.1388960 0.1766902 0.0642872 0.0445647 0.0264070 0.1555461 0.0683876 0.0449116 0.0693545 0.0469857 0.1690087 0.1433962 0.0366079 0.0805009 0.1648552 0.0765079 0.0744083 0.0771168 0.0717462 
Perityle_cochisensis_44_cave_creek         0.0726418 0.1048615 0.1446476 0.0892163 0.0991215 0.1051423 0.3046178 0.1136695 0.1306001 0.0460745 0.0407614 0.0208398 0.0256503 0.0833178 0.0307501 0.1229646 0.0828604 0.0217149 0.0319707 0.0497146 0.0525155 0.0384363 0.0000000 0.0243783 0.0794359 0.0873707 0.0994614 0.0839292 0.0516097 0.1073203 0.1424117 0.1136695 0.0399009 0.0835780 0.0580012 0.0450058 0.1192627 0.0806175 0.0298409 0.0395919 0.0549973 0.0323111 0.0929915 0.1014259 0.0372409 0.0339649 0.0547725 0.0957834 0.0635019 0.0447128 0.0249588 0.0723393 0.0421697 0.0866428 0.0485347 0.0556566 0.0546903 0.0559787 0.2288891 0.0689847 0.0540105 0.0346699 0.0485841 0.0956254 0.0484704 0.1110820 0.1236953 0.0295117 0.0445663 0.0298230 0.1057358 0.0458966 0.0197103 0.0519165 0.0221097 0.1221116 0.0960682 0.0331333 0.0575131 0.1743532 0.0534720 0.0473261 0.0590501 0.0605658 
Perityle_congesta_202                      0.0829691 0.1519906 0.1598908 0.1374205 0.1307265 0.0998111 0.3013219 0.1658124 0.1851495 0.0611308 0.0442312 0.0248370 0.0287458 0.1170477 0.0312752 0.1314489 0.0874409 0.0107701 0.0379477 0.0587027 0.0487033 0.0470317 0.0243783 0.0000000 0.0964193 0.1338048 0.1073848 0.0903434 0.0578718 0.1559545 0.1827786 0.1251210 0.0523003 0.0911249 0.0581518 0.0563866 0.1641712 0.0896376 0.0427786 0.0427225 0.0551398 0.0368988 0.1000496 0.1076588 0.0412857 0.0236946 0.0599841 0.1036883 0.1065782 0.0570345 0.0337524 0.1286859 0.0501578 0.1039647 0.0621713 0.0612923 0.0632975 0.0644449 0.2609883 0.0658638 0.0511779 0.0275957 0.0566751 0.1059157 0.0535395 0.1327400 0.1669626 0.0372741 0.0546726 0.0401300 0.1499903 0.0532598 0.0060621 0.0574384 0.0079468 0.1649055 0.1364265 0.0471103 0.0659102 0.1748888 0.0611234 0.0556689 0.0690647 0.0643021 
Perityle_cordifolia_27                     0.0656849 0.1278091 0.1636471 0.1665677 0.1405872 0.0829796 0.2865165 0.1415253 0.2005207 0.0883422 0.0745609 0.0610603 0.0671070 0.1044417 0.0831823 0.1218528 0.1032086 0.0290179 0.0625780 0.0852496 0.0681718 0.1018363 0.0794359 0.0964193 0.0000000 0.1766687 0.1048062 0.0995950 0.0759328 0.1675990 0.1919100 0.1013690 0.1003317 0.1027683 0.0551247 0.0961310 0.1829630 0.0731336 0.0945486 0.0750152 0.0521248 0.0914116 0.0863153 0.1180020 0.0978583 0.0878448 0.0864568 0.0899552 0.1484387 0.0827309 0.0904892 0.0763728 0.0969968 0.0937769 0.0828352 0.0845120 0.0899371 0.0912048 0.2841835 0.0636884 0.0545308 0.0469460 0.0881996 0.1004606 0.0640121 0.1484066 0.1966159 0.0989186 0.0836030 0.0988091 0.1705409 0.0887318 0.0905390 0.0901555 0.0594577 0.1833759 0.1660949 0.0889421 0.0912409 0.1242211 0.0863130 0.0610531 0.0520440 0.0722669 
Perityle_cordifolia_68_tecolote            0.0846999 0.1732715 0.1715212 0.1593384 0.1549009 0.1196471 0.2979261 0.1820413 0.1974952 0.1455465 0.0460193 0.1161915 0.0602319 0.1689834 0.0614312 0.1343049 0.0918544 0.0477733 0.1378714 0.1534939 0.0800484 0.1381241 0.0873707 0.1338048 0.1766687 0.0000000 0.1751899 0.0903653 0.0619678 0.1758806 0.2105409 0.1370432 0.1258963 0.0983723 0.0431866 0.0563860 0.1889547 0.1530362 0.0527148 0.1395902 0.0343839 0.1407357 0.1555475 0.1912034 0.1363484 0.1352633 0.1548789 0.1579736 0.1876192 0.1464067 0.1214130 0.1821495 0.1366770 0.1605995 0.0063284 0.0799874 0.1583596 0.1597126 0.2825418 0.0465045 0.0541065 0.0562321 0.1454085 0.1687843 0.1119350 0.1439050 0.1901570 0.0721111 0.0858990 0.1283344 0.1749012 0.1496323 0.1292759 0.1517589 0.0470917 0.1877509 0.1643297 0.1254505 0.1563342 0.1739793 0.1559867 0.1417491 0.0650816 0.0750837 
Perityle_coronopifolia_28_patagonia        0.0687909 0.1213024 0.1776087 0.1557392 0.1526521 0.1166948 0.3095563 0.1409408 0.1962366 0.1029350 0.0807962 0.0804952 0.0871974 0.1082944 0.1052331 0.1281665 0.0935792 0.0518277 0.0811339 0.1041902 0.0844572 0.1058219 0.0994614 0.1073848 0.1048062 0.1751899 0.0000000 0.0972095 0.0641322 0.1606222 0.1735113 0.1144881 0.1114286 0.1134026 0.0402675 0.0853726 0.1674463 0.0912799 0.1013795 0.0999225 0.0431897 0.1074930 0.0845427 0.1189672 0.1126530 0.1049439 0.1074128 0.0870586 0.1554981 0.1022229 0.1017608 0.1162353 0.1174957 0.0864013 0.1031656 0.0982482 0.1084487 0.1097278 0.2389234 0.0494987 0.0658564 0.0733767 0.1028949 0.0094492 0.1141476 0.1504937 0.1787905 0.0934041 0.0966898 0.1063272 0.1566182 0.1024866 0.1064149 0.0999934 0.0729186 0.1734033 0.1551417 0.1068360 0.1133155 0.1222486 0.1061130 0.1147148 0.0711399 0.0609729 
Perityle_crassifolia_70_ventanas           0.0723600 0.0984703 0.1486460 0.0695170 0.1066101 0.1026448 0.2751882 0.0987984 0.1078077 0.0808148 0.0517196 0.0643708 0.0879427 0.1061178 0.0822962 0.0994355 0.0778469 0.0631916 0.0774518 0.0791573 0.0873673 0.0924943 0.0839292 0.0903434 0.0995950 0.0903653 0.0972095 0.0000000 0.0332721 0.0895325 0.1348501 0.0987984 0.0812438 0.0056944 0.0461269 0.0635227 0.1079010 0.1077916 0.0759618 0.0775573 0.0372979 0.0841025 0.0984848 0.1181050 0.0885132 0.0874147 0.0791498 0.1002358 0.0972306 0.0790534 0.0795415 0.0886273 0.0905195 0.1018018 0.0737107 0.0898660 0.0822460 0.0823318 0.1112668 0.0463544 0.0655366 0.0561844 0.0794314 0.1004511 0.0842010 0.0862682 0.0956092 0.0885747 0.0833173 0.0827803 0.0056961 0.0806998 0.0871911 0.0805805 0.0640379 0.0911931 0.0873062 0.0747251 0.0893662 0.1575348 0.0792060 0.0921376 0.0688185 0.0675323 
Perityle_crassifolia_74_playa_balandra     0.0667325 0.0565746 0.1223231 0.0519372 0.0957843 0.1198188 0.1976913 0.0659528 0.0812842 0.0577242 0.0537324 0.0557725 0.0542402 0.0679657 0.0577289 0.0539273 0.0705988 0.0441735 0.0557037 0.0661262 0.0668169 0.0601726 0.0516097 0.0578718 0.0759328 0.0619678 0.0641322 0.0332721 0.0000000 0.0676433 0.0643204 0.0659528 0.0580576 0.0352757 0.0403902 0.0463635 0.0758700 0.0725218 0.0511313 0.0558357 0.0374355 0.0558613 0.0567355 0.0824237 0.0666996 0.0579043 0.0681427 0.0566790 0.0536818 0.0578316 0.0558524 0.0522032 0.0607794 0.0542064 0.0620236 0.0619187 0.0702895 0.0703874 0.0734329 0.0432635 0.0538844 0.0553528 0.0599403 0.0641098 0.0642214 0.0684293 0.0681289 0.0945578 0.0628261 0.0538588 0.0332721 0.0620081 0.0558344 0.0640478 0.0603943 0.0748832 0.0641883 0.0536718 0.0725725 0.1336358 0.0682764 0.0706204 0.0591293 0.0583471 
Perityle_cuneata_34_cuneata_San_antonio    0.0843958 0.1212040 0.1570051 0.1073821 0.1490178 0.0956410 0.2628718 0.1348039 0.1546681 0.1434313 0.0659574 0.1288948 0.0777408 0.1637655 0.0912924 0.1176331 0.0830544 0.0515494 0.1467654 0.1406805 0.0881473 0.1544125 0.1073203 0.1559545 0.1675990 0.1758806 0.1606222 0.0895325 0.0676433 0.0000000 0.1906584 0.1136219 0.1503187 0.1012260 0.0459716 0.0710695 0.1321716 0.1488970 0.0838099 0.1426664 0.0371731 0.1461112 0.1475055 0.1734625 0.1444275 0.1552392 0.1410473 0.1516335 0.2157297 0.1376674 0.1381455 0.1706093 0.1516197 0.1554541 0.0797040 0.0878065 0.1459149 0.1472960 0.2803631 0.0375364 0.0561358 0.0675799 0.1331254 0.1551581 0.1372300 0.1271615 0.1501811 0.1010498 0.1068494 0.1493745 0.1093450 0.1433616 0.1497266 0.1372848 0.0750167 0.1500165 0.1165382 0.1506878 0.1455285 0.1329449 0.1420739 0.1494461 0.0687223 0.0689702 
Perityle_cuneata_4                         0.1018404 0.1843727 0.1818415 0.1756272 0.1680793 0.1170914 0.3322049 0.1783121 0.2031201 0.1838221 0.0887643 0.1547516 0.1152656 0.1738967 0.1217626 0.1480909 0.1174216 0.0480746 0.1750825 0.1813945 0.0763790 0.1847850 0.1424117 0.1827786 0.1919100 0.2105409 0.1735113 0.1348501 0.0643204 0.1906584 0.0000000 0.1444743 0.1879488 0.1307768 0.0373816 0.0952449 0.1909934 0.1643553 0.1081668 0.1773420 0.0344422 0.1862742 0.1757769 0.1944730 0.1880056 0.1795255 0.1837736 0.1814190 0.2377433 0.1794952 0.1776188 0.1891198 0.1866697 0.1718092 0.1018846 0.1159530 0.1863224 0.1893475 0.2860732 0.0530397 0.0573732 0.0788411 0.1812633 0.1644498 0.1708158 0.1638575 0.1966427 0.1221526 0.1490025 0.1834172 0.2016134 0.1862024 0.1793457 0.1841557 0.0750501 0.1901720 0.1917430 0.1825631 0.1870982 0.1939204 0.1838532 0.1958600 0.0896550 0.0869331 
Perityle_discoidea_81                      0.0629348 0.0475375 0.1633341 0.1150726 0.1118766 0.1022825 0.2717474 0.0000010 0.1473116 0.1232923 0.0836391 0.0997197 0.0799933 0.1097846 0.1002154 0.1139075 0.0915919 0.0633899 0.1059715 0.1225672 0.1008780 0.1305769 0.1136695 0.1251210 0.1013690 0.1370432 0.1144881 0.0987984 0.0659528 0.1136219 0.1444743 0.0000000 0.1298632 0.1080115 0.0462424 0.0880874 0.1344196 0.1082310 0.0938925 0.1050454 0.0491852 0.1287009 0.0821060 0.1442948 0.1222010 0.1186214 0.1260572 0.0833860 0.1848921 0.1226553 0.1178895 0.0992821 0.1214624 0.1080162 0.0861486 0.0966873 0.1299137 0.1298111 0.2570272 0.0606182 0.0566203 0.0710102 0.1179129 0.1105457 0.1267345 0.1270761 0.1355294 0.1023583 0.1218102 0.1284119 0.1162189 0.1257532 0.1214285 0.1252442 0.0709219 0.1399324 0.1181797 0.1250561 0.1279641 0.1401957 0.1258240 0.1270243 0.0633397 0.0717799 
Perityle_dissecta_201                      0.0850329 0.1592213 0.1662023 0.1293124 0.1270968 0.1136964 0.3130486 0.1694426 0.1828257 0.0690544 0.0426375 0.0493735 0.0429031 0.1279657 0.0433888 0.1277350 0.0935643 0.0479647 0.0465864 0.0727317 0.0718915 0.0472210 0.0399009 0.0523003 0.1003317 0.1258963 0.1114286 0.0812438 0.0580576 0.1503187 0.1879488 0.1298632 0.0000000 0.0847671 0.0522998 0.0373245 0.1624228 0.1002283 0.0316619 0.0585295 0.0433726 0.0601708 0.0968198 0.1092759 0.0524533 0.0561793 0.0761866 0.0967110 0.1022468 0.0649841 0.0317331 0.1366984 0.0597350 0.0982064 0.0521094 0.0774078 0.0772033 0.0761177 0.2629586 0.0530688 0.0630877 0.0563512 0.0634426 0.1099799 0.0616435 0.1386000 0.1666345 0.0564838 0.0410436 0.0381264 0.1446771 0.0680458 0.0480816 0.0674833 0.0450324 0.1719387 0.1383030 0.0401257 0.0739954 0.1794756 0.0749931 0.0690301 0.0633287 0.0663902 
Perityle_emoryi_47_punta_san_jose          0.0743605 0.1091265 0.1629875 0.0727693 0.1109886 0.1054667 0.2992867 0.1080115 0.1164678 0.0900604 0.0550682 0.0666979 0.0847028 0.1081102 0.0826262 0.0995578 0.0826337 0.0670754 0.0757412 0.0900386 0.0915842 0.0917053 0.0835780 0.0911249 0.1027683 0.0983723 0.1134026 0.0056944 0.0352757 0.1012260 0.1307768 0.1080115 0.0847671 0.0000000 0.0491043 0.0680395 0.1089787 0.1126748 0.0764876 0.0786205 0.0402447 0.0958800 0.1059104 0.1181470 0.0914692 0.0874376 0.0900309 0.1090346 0.1349928 0.0884532 0.0787028 0.0960830 0.0917894 0.1046197 0.0776261 0.0952234 0.0928311 0.0957766 0.1414454 0.0495473 0.0685178 0.0586176 0.0902850 0.1134018 0.0842834 0.1007078 0.1102240 0.0885747 0.0802993 0.0830058 0.0140015 0.0927717 0.0871275 0.0884433 0.0661961 0.1066580 0.0974544 0.0784183 0.0964226 0.1547480 0.0914807 0.0887253 0.0708222 0.0693452 
Perityle_feddemae_99                       0.0489570 0.0402369 0.0859631 0.0373485 0.0611809 0.0803184 0.0790526 0.0462424 0.0489941 0.0490869 0.0461404 0.0491315 0.0461524 0.0553256 0.0521012 0.0518674 0.0491590 0.0594446 0.0461524 0.0550268 0.0790538 0.0461381 0.0580012 0.0581518 0.0551247 0.0431866 0.0402675 0.0461269 0.0403902 0.0459716 0.0373816 0.0462424 0.0522998 0.0491043 0.0000000 0.0462469 0.0462347 0.0551913 0.0461381 0.0491713 0.0084448 0.0491659 0.0084491 0.0582746 0.0492510 0.0551848 0.0610558 0.0056195 0.0461170 0.0491315 0.0431704 0.0462518 0.0491291 0.0491717 0.0461722 0.0551555 0.0640669 0.0641959 0.0344334 0.0436033 0.0405067 0.0673184 0.0492332 0.0373002 0.0523041 0.0490073 0.0431314 0.0719932 0.0490096 0.0461404 0.0461269 0.0491315 0.0551848 0.0491963 0.0551848 0.0550182 0.0372465 0.0461170 0.0521445 0.0373765 0.0580353 0.0580327 0.0520547 0.0402086 
Perityle_fosteri_93                        0.0760627 0.0895206 0.1287398 0.0520356 0.0981031 0.1108731 0.2830291 0.0880874 0.1083941 0.0387317 0.0203476 0.0341453 0.0481960 0.0957692 0.0418311 0.0834553 0.0587264 0.0440752 0.0437229 0.0499333 0.0625130 0.0532931 0.0450058 0.0563866 0.0961310 0.0563860 0.0853726 0.0635227 0.0463635 0.0710695 0.0952449 0.0880874 0.0373245 0.0680395 0.0462469 0.0000000 0.0960943 0.0939825 0.0429426 0.0483376 0.0373948 0.0466499 0.0857963 0.1065044 0.0566106 0.0565340 0.0531725 0.0895553 0.0814372 0.0354012 0.0387399 0.0842757 0.0569819 0.0773523 0.0305104 0.0588734 0.0547420 0.0564447 0.0629748 0.0498282 0.0599697 0.0538198 0.0355943 0.0871419 0.0664160 0.0805776 0.0918821 0.0524318 0.0432249 0.0435389 0.0680613 0.0386381 0.0547922 0.0401232 0.0330392 0.0857233 0.0684739 0.0484641 0.0453559 0.1628049 0.0531745 0.0648538 0.0591298 0.0587909 
Perityle_gamon_221                         0.0898156 0.1331161 0.1535451 0.1050843 0.1572672 0.1287877 0.3234930 0.1522188 0.1240373 0.1609074 0.0907526 0.1393450 0.0822471 0.1554289 0.0942460 0.1157728 0.0953751 0.0441377 0.1540047 0.1634145 0.0803923 0.1670699 0.1192627 0.1641712 0.1829630 0.1889547 0.1674463 0.1079010 0.0758700 0.1321716 0.1909934 0.1344196 0.1624228 0.1089787 0.0462347 0.0960943 0.0000000 0.1582239 0.1058614 0.1471096 0.0373846 0.1684500 0.1629740 0.0977898 0.1700294 0.1641324 0.1646067 0.1588347 0.2257136 0.1580256 0.1559835 0.1719983 0.1548940 0.1763302 0.1002450 0.1108559 0.1656474 0.1670431 0.2623048 0.0563265 0.0662494 0.0952528 0.1610885 0.1621400 0.1466299 0.1223362 0.1299115 0.1519375 0.1182127 0.1632608 0.1455152 0.1670359 0.1594392 0.1616276 0.0897540 0.1381281 0.1374539 0.1693344 0.1751834 0.1681928 0.1632139 0.1695648 0.0797505 0.0758067 
Perityle_gentryi_8_san_francisco           0.0726586 0.1121791 0.1681977 0.1422504 0.1340366 0.1019915 0.2834302 0.1226012 0.1797278 0.0850297 0.0718495 0.0606942 0.0579791 0.0383828 0.0758958 0.1325711 0.1006498 0.0217326 0.0548240 0.0883523 0.0605927 0.1042248 0.0806175 0.0896376 0.0731336 0.1530362 0.0912799 0.1077916 0.0725218 0.1488970 0.1643553 0.1082310 0.1002283 0.1126748 0.0551913 0.0939825 0.1582239 0.0000000 0.0980750 0.0774153 0.0521878 0.0908604 0.0802203 0.1119027 0.0909004 0.0832371 0.0920419 0.0839983 0.1494987 0.0830219 0.0897493 0.0863085 0.0870025 0.0721558 0.0855325 0.0840439 0.0931563 0.0944919 0.2753135 0.0735841 0.0694444 0.0489759 0.0849505 0.0887907 0.0908957 0.1533802 0.1680190 0.0872626 0.0821843 0.0984472 0.1567718 0.0879429 0.0861661 0.0857867 0.0517132 0.1667815 0.1526011 0.0926403 0.0918495 0.1394047 0.0893476 0.0849138 0.0432984 0.0714528 
Perityle_gilensis_22_Superstition          0.0806822 0.0953735 0.1433737 0.0637155 0.0969793 0.1136657 0.2879405 0.0938925 0.1179075 0.0612199 0.0184048 0.0454988 0.0430646 0.0942284 0.0427672 0.0948573 0.0816677 0.0515507 0.0493271 0.0695788 0.0746264 0.0219719 0.0298409 0.0427786 0.0945486 0.0527148 0.1013795 0.0759618 0.0511313 0.0838099 0.1081668 0.0938925 0.0316619 0.0764876 0.0461381 0.0429426 0.1058614 0.0980750 0.0000000 0.0626160 0.0373074 0.0477532 0.0860117 0.1202616 0.0527784 0.0528254 0.0747046 0.0897555 0.0495709 0.0627282 0.0171670 0.0862440 0.0411530 0.0825346 0.0424998 0.0728984 0.0763362 0.0747501 0.0747149 0.0529743 0.0719556 0.0635862 0.0563031 0.0997301 0.0595956 0.0859845 0.0940872 0.0603104 0.0351170 0.0030853 0.0765126 0.0610094 0.0395440 0.0626215 0.0438639 0.0912846 0.0784595 0.0187687 0.0718394 0.1759017 0.0747074 0.0613362 0.0711148 0.0715752 
Perityle_gilensis_salensis_225             0.0627552 0.1369905 0.1604223 0.1281034 0.1308683 0.1081237 0.2991530 0.1434584 0.1733804 0.0429200 0.0425618 0.0242160 0.0365087 0.1028050 0.0336929 0.1187512 0.0763658 0.0107701 0.0277374 0.0397796 0.0532930 0.0561966 0.0395919 0.0427225 0.0750152 0.1395902 0.0999225 0.0775573 0.0558357 0.1426664 0.1773420 0.1050454 0.0585295 0.0786205 0.0491713 0.0483376 0.1471096 0.0774153 0.0626160 0.0000000 0.0461919 0.0450369 0.0858259 0.0976073 0.0460954 0.0417298 0.0439642 0.0895882 0.1077692 0.0383837 0.0416586 0.1073639 0.0524194 0.0933089 0.0605389 0.0495551 0.0449957 0.0461199 0.2439402 0.0625667 0.0511109 0.0417481 0.0407363 0.0994971 0.0529566 0.1189688 0.1650533 0.0607828 0.0586132 0.0461255 0.1407002 0.0329391 0.0384223 0.0427118 0.0200841 0.1520163 0.1296541 0.0542355 0.0475977 0.1659908 0.0428332 0.0563071 0.0510830 0.0533017 
Perityle_glaucescens_94                    0.0459911 0.0490551 0.0828369 0.0285933 0.0581570 0.0769431 0.0759792 0.0491852 0.0460259 0.0461130 0.0373092 0.0461547 0.0431870 0.0523145 0.0491142 0.0488943 0.0402892 0.0555944 0.0431870 0.0520325 0.0749074 0.0373074 0.0549973 0.0551398 0.0521248 0.0343839 0.0431897 0.0372979 0.0374355 0.0371731 0.0344422 0.0491852 0.0433726 0.0402447 0.0084448 0.0373948 0.0373846 0.0521878 0.0373074 0.0461919 0.0000000 0.0461870 0.0056226 0.0552559 0.0462667 0.0521816 0.0580383 0.0028047 0.0372902 0.0461547 0.0343713 0.0432798 0.0461524 0.0461925 0.0373346 0.0521539 0.0610388 0.0611613 0.0373423 0.0325056 0.0367368 0.0639792 0.0462500 0.0402129 0.0493050 0.0460384 0.0401811 0.0804251 0.0401681 0.0373092 0.0372979 0.0461547 0.0521816 0.0462154 0.0521816 0.0520244 0.0285157 0.0372902 0.0491549 0.0344373 0.0550295 0.0550268 0.0431703 0.0372663 
Perityle_gracilis_11                       0.0746803 0.1572895 0.1655571 0.1356243 0.1330938 0.1026751 0.3001622 0.1663853 0.1884738 0.0413038 0.0408024 0.0307148 0.0271818 0.1176831 0.0381787 0.1310282 0.0868512 0.0107701 0.0277204 0.0330584 0.0454556 0.0570948 0.0323111 0.0368988 0.0914116 0.1407357 0.1074930 0.0841025 0.0558613 0.1461112 0.1862742 0.1287009 0.0601708 0.0958800 0.0491659 0.0466499 0.1684500 0.0908604 0.0477532 0.0450369 0.0461870 0.0000000 0.0975138 0.1115021 0.0466892 0.0493992 0.0368760 0.1001010 0.0946712 0.0382228 0.0414060 0.1280584 0.0549224 0.1092173 0.0587429 0.0539063 0.0378959 0.0389924 0.2532131 0.0692279 0.0541819 0.0322979 0.0391110 0.1059917 0.0594763 0.1307243 0.1690083 0.0411605 0.0535102 0.0478352 0.1578073 0.0271554 0.0315620 0.0399067 0.0180181 0.1633461 0.1420556 0.0436364 0.0470117 0.1727322 0.0357743 0.0512539 0.0611375 0.0625007 
Perityle_harkerae_31                       0.0645475 0.1080609 0.1733951 0.1426381 0.1420394 0.0927832 0.2630427 0.1216679 0.1880793 0.0980302 0.0719634 0.0695491 0.0780675 0.1093520 0.0929770 0.1073006 0.0870394 0.0556305 0.0707082 0.0964506 0.0885227 0.0967980 0.0929915 0.1000496 0.0863153 0.1555475 0.0845427 0.0984848 0.0567355 0.1475055 0.1757769 0.0821060 0.0968198 0.1059104 0.0084491 0.0857963 0.1629740 0.0802203 0.0860117 0.0858259 0.0056226 0.0975138 0.0000000 0.1116243 0.0942116 0.0975749 0.0999305 0.0162259 0.1465936 0.0935941 0.0853562 0.1198964 0.1079245 0.0798178 0.0745992 0.0976573 0.1022604 0.1035692 0.2486886 0.0473286 0.0564672 0.0678257 0.0942274 0.0802573 0.1001987 0.1290340 0.1707959 0.0966379 0.0864353 0.0936405 0.1503351 0.0960714 0.0966191 0.0890337 0.0707000 0.1645059 0.1502869 0.0958045 0.1048063 0.1252106 0.0985416 0.1053024 0.0708722 0.0673717 
Perityle_hofmeisteria_4_nombre_de_dios     0.0979017 0.1591620 0.1802461 0.1633817 0.1614652 0.1173351 0.3298532 0.1845254 0.1864690 0.1082197 0.1000335 0.0837224 0.0892155 0.1389454 0.0985472 0.1379420 0.1031463 0.0480476 0.0827980 0.1084908 0.0805486 0.1172314 0.1014259 0.1076588 0.1180020 0.1912034 0.1189672 0.1181050 0.0824237 0.1734625 0.1944730 0.1442948 0.1092759 0.1181470 0.0582746 0.1065044 0.0977898 0.1119027 0.1202616 0.0976073 0.0552559 0.1115021 0.1116243 0.0000000 0.1117330 0.1084669 0.1116001 0.1142183 0.1662778 0.1015807 0.1069732 0.1532396 0.1056712 0.1305250 0.1039381 0.1157074 0.1138103 0.1150797 0.2781359 0.0692252 0.0692013 0.0898993 0.1068653 0.1200053 0.1130580 0.1509377 0.1896994 0.1378134 0.1054759 0.1126617 0.1750628 0.1114457 0.1043833 0.1052801 0.0873822 0.1831741 0.1689155 0.1169699 0.1147987 0.1746932 0.1115021 0.1163101 0.0838848 0.0795211 
Perityle_huecosensis_48                    0.0751727 0.1537459 0.1586738 0.1350094 0.1275092 0.1054341 0.3019397 0.1642438 0.1846284 0.0570497 0.0475968 0.0281811 0.0344172 0.1202765 0.0333897 0.1268154 0.0855879 0.0144220 0.0352127 0.0578934 0.0526850 0.0584512 0.0372409 0.0412857 0.0978583 0.1363484 0.1126530 0.0885132 0.0666996 0.1444275 0.1880056 0.1222010 0.0524533 0.0914692 0.0492510 0.0566106 0.1700294 0.0909004 0.0527784 0.0460954 0.0462667 0.0466892 0.0942116 0.1117330 0.0000000 0.0439549 0.0615676 0.0991867 0.1081338 0.0539862 0.0423828 0.1285813 0.0550958 0.1027715 0.0626399 0.0647911 0.0626086 0.0637825 0.2624917 0.0692783 0.0600470 0.0370123 0.0559060 0.1111825 0.0560641 0.1340156 0.1624965 0.0372379 0.0587897 0.0500906 0.1481284 0.0501090 0.0370246 0.0423961 0.0242504 0.1653959 0.1376902 0.0507989 0.0630403 0.1766600 0.0603830 0.0580880 0.0632363 0.0607689 
