83
Amauria_brandeegeana_62                    0.0000000 0.0597941 0.1140467 0.3342682 0.1113858 0.1754859 0.1300268 0.3132926 0.1332546 0.1437431 0.1281138 0.1105759 0.1445558 0.1103176 0.1318919 0.1138282 0.1059662 0.1157436 0.1243737 0.1131587 0.1107354 0.1589294 0.1232830 0.1075835 0.1193869 0.1203949 0.1479986 0.1783455 0.1387839 0.0962914 0.1292013 0.1402781 0.1019780 0.1223279 0.1198740 0.1548093 0.1442098 0.1410725 0.1273600 0.1169961 0.1174637 0.1452152 0.1105681 0.1254094 0.1396253 0.1318472 0.1189416 0.1319731 0.1467415 0.1310901 0.1185724 0.1190818 0.1173267 0.1307710 0.1432523 0.1011157 0.1200048 0.1223379 0.0981984 0.1067147 0.1702898 0.0767284 0.1476751 0.1766708 0.1698145 0.1615942 0.1145923 0.1177780 0.1266031 0.1425777 0.1370475 0.1187106 0.1089910 0.1101286 0.1605586 0.1670269 0.1189900 0.1498565 0.1438410 0.1311819 0.1781041 0.1279030 0.1001177 
Amauria_carterae_99_mesa                   0.0597941 0.0000000 0.0611416 0.2237653 0.0807401 0.1398909 0.1231920 0.1974142 0.0675869 0.1050183 0.0777496 0.0743297 0.0706177 0.0574238 0.1048318 0.0686784 0.0745792 0.1014705 0.0658580 0.0645056 0.0740435 0.1270913 0.0668596 0.0772508 0.0659862 0.0676672 0.0766596 0.1146444 0.0888331 0.0800183 0.0816461 0.1149589 0.0697702 0.0678377 0.0547656 0.1058816 0.1026809 0.0998001 0.0828461 0.0513525 0.0725683 0.1005890 0.0639616 0.0970453 0.1030670 0.0658675 0.0723012 0.0603984 0.1014486 0.0725436 0.0639578 0.0772576 0.0621187 0.0593310 0.1027337 0.0756387 0.0814388 0.0736686 0.0659722 0.0498293 0.1140548 0.0610826 0.0774975 0.1105773 0.1015399 0.1118158 0.0819588 0.0679101 0.0668487 0.0924854 0.0732245 0.0663385 0.0654832 0.0781622 0.0901955 0.1310600 0.0649454 0.0825374 0.1054815 0.0741060 0.0798696 0.0470170 0.0808314 
Amauria_rotundifolia_SRR9119150            0.1140467 0.0611416 0.0000000 0.3210112 0.1095498 0.1740851 0.1248469 0.3215089 0.1265710 0.1506372 0.1322571 0.1073018 0.1353457 0.1155808 0.1304233 0.1139850 0.1109906 0.1206237 0.1263289 0.1085311 0.1118254 0.2313412 0.1152169 0.0939235 0.1186486 0.1197914 0.1397484 0.1902890 0.1349710 0.1125132 0.1364242 0.1347949 0.0987382 0.1217001 0.1211749 0.1510177 0.1495549 0.1376475 0.1174969 0.1143429 0.1164497 0.1332661 0.1125388 0.1270040 0.1346085 0.1324505 0.1200495 0.1312779 0.1380326 0.1425616 0.1159345 0.1261364 0.1147054 0.1319363 0.1335334 0.0984193 0.1054400 0.1207559 0.0949456 0.1061977 0.1533703 0.0585236 0.1464810 0.1653907 0.1709811 0.1571933 0.1064057 0.1217279 0.1247884 0.1436522 0.1550677 0.1147695 0.1099214 0.0948218 0.1565692 0.1579111 0.1182384 0.1479124 0.1347153 0.1377903 0.1845858 0.1371901 0.0999741 
Conoclinium_coelestinum_SRR9119114         0.3342682 0.2237653 0.3210112 0.0000000 0.3190362 0.2069511 0.2537324 0.3759802 0.3613664 0.3317540 0.3208848 0.2933099 0.3542744 0.2611617 0.6350544 0.3088316 0.3276625 0.3170679 0.3227033 0.3200125 0.3044008 0.4214586 0.3118643 0.2925704 0.3073886 0.3182183 0.3664976 0.3517350 0.3465656 0.3123586 0.3514547 0.3330252 0.3250607 0.3136209 0.2883472 0.3615145 0.3612609 0.3414583 0.3279441 0.2836480 0.3052999 0.3532790 0.3127196 0.3260783 0.3382714 0.3007475 0.3147999 0.2956073 0.3471775 0.3313969 0.2965671 0.3180258 0.3150918 0.2842622 0.3599237 0.2944225 0.2088185 0.3097772 0.2945755 0.3218673 0.3623475 0.2338228 0.3088098 0.3428723 0.3092609 0.3468803 0.1937953 0.3156072 0.3154265 0.3501903 0.3157919 0.3099392 0.3078686 0.3494988 0.3143590 0.3462659 0.3179189 0.3503624 0.3130514 0.3184283 0.3455333 0.2684070 0.2453013 
Eutetras_palmeri_63                        0.1113858 0.0807401 0.1095498 0.3190362 0.0000000 0.1645231 0.1311540 0.2796327 0.1219785 0.1313807 0.1079809 0.1085917 0.1110770 0.0850734 0.1313523 0.0969483 0.1140790 0.1103889 0.1027755 0.0940366 0.1005988 0.1524553 0.0949056 0.1053923 0.0944231 0.0993826 0.1254043 0.1559370 0.1265927 0.0989939 0.1246703 0.1310571 0.1041693 0.0987093 0.0978434 0.1417650 0.1279143 0.1288773 0.1080620 0.0794014 0.0935739 0.1320048 0.0917255 0.1153425 0.1341711 0.0984086 0.0955352 0.0971760 0.1312551 0.1045744 0.0915426 0.0958902 0.0956307 0.0927539 0.1305810 0.1024953 0.1036115 0.0996441 0.0924183 0.0999965 0.1453121 0.0771178 0.1116797 0.1582721 0.1350915 0.1240285 0.0822035 0.0930558 0.0995414 0.1312960 0.1100429 0.0950899 0.0901872 0.1103507 0.1151850 0.1648953 0.1005312 0.1238977 0.1473006 0.1100796 0.1521315 0.0997711 0.0893057 
Eutrochium_fistulosum_SRR9119106           0.1754859 0.1398909 0.1740851 0.2069511 0.1645231 0.0000000 0.1366809 0.3204527 0.2109442 0.1763569 0.1690560 0.1512241 0.1918511 0.1299721 0.1725829 0.1744169 0.1730456 0.1908219 0.1636290 0.1575737 0.1595297 0.2897159 0.1596464 0.1466133 0.1632894 0.1709401 0.1976349 0.2501399 0.1970583 0.1383720 0.1838224 0.2028290 0.1651136 0.1634554 0.1790183 0.2038281 0.1965675 0.2044911 0.1691710 0.1601522 0.1665489 0.1902488 0.1471797 0.1823016 0.1987170 0.1715471 0.1534383 0.1676508 0.1866729 0.2005989 0.1575321 0.1725186 0.1658584 0.1636530 0.2042271 0.1494969 0.1342035 0.1598960 0.1376119 0.1869335 0.2330490 0.1155391 0.1900659 0.2229504 0.1890946 0.2043955 0.1367587 0.1696579 0.1593208 0.2058462 0.1870733 0.1569160 0.1534945 0.1624996 0.1921816 0.2300241 0.1572804 0.2018302 0.1904927 0.1688321 0.2280734 0.1663610 0.1464833 
Galeana_pratensis_104_mex                  0.1300268 0.1231920 0.1248469 0.2537324 0.1311540 0.1366809 0.0000000 0.2068201 0.1353376 0.1241736 0.1223056 0.1184117 0.1180307 0.1093597 0.1409883 0.1389562 0.1461855 0.1607840 0.1236376 0.1257660 0.1305071 0.1611008 0.1216105 0.1351689 0.1216751 0.1187489 0.1403612 0.1478190 0.1512894 0.1305613 0.1282719 0.1959708 0.1352399 0.1147769 0.1144129 0.1382005 0.1564046 0.1414475 0.1269542 0.1078953 0.1182935 0.1278851 0.1217736 0.1255158 0.1492953 0.1353804 0.1196176 0.1135113 0.1279635 0.1161307 0.1193533 0.1202229 0.1182111 0.1171237 0.1284697 0.1366769 0.1096814 0.1227538 0.1217496 0.1159742 0.1519887 0.1223056 0.1506543 0.1465343 0.1198241 0.1303011 0.1220202 0.1270052 0.1172094 0.1492154 0.1214477 0.1237687 0.1167768 0.1273518 0.1158180 0.1895247 0.1282127 0.1231469 0.1550270 0.1278744 0.1511304 0.1298289 0.1016925 
Helianthus_annuus_SRR9119062               0.3132926 0.1974142 0.3215089 0.3759802 0.2796327 0.3204527 0.2068201 0.0000000 0.3074812 0.2959081 0.3033575 0.3108032 0.3242512 0.1944528 0.3600071 0.3138686 0.2103872 0.2411483 0.2895288 0.2719910 0.3103779 0.2621181 0.3026647 0.2391058 0.3017363 0.3121415 0.3403344 0.3406217 0.2812657 0.2045809 0.2656687 0.2886833 0.2079299 0.3008696 0.2109326 0.3373131 0.2983324 0.3454500 0.3107022 0.2948396 0.3080437 0.3304206 0.2774221 0.3269216 0.3494060 0.3010852 0.3007014 0.3048293 0.3065822 0.3085192 0.2992271 0.3042024 0.3058564 0.2871106 0.3009792 0.2260675 0.1683637 0.3061833 0.2970984 0.2471247 0.2810036 0.1690397 0.3051031 0.3310957 0.3007807 0.2967264 0.1973790 0.3069188 0.3017437 0.2831698 0.2834388 0.3018523 0.3039893 0.2336783 0.2637731 0.3527949 0.3067642 0.3340371 0.1979355 0.2891029 0.3374427 0.2046532 0.1290098 
Lycapsus_tenuifolius_17                    0.1332546 0.0675869 0.1265710 0.3613664 0.1219785 0.2109442 0.1353376 0.3074812 0.0000000 0.1687423 0.1558199 0.1198757 0.1623610 0.1459700 0.5285572 0.1284511 0.1163941 0.1197615 0.1479526 0.1289009 0.1196430 0.1897971 0.1344724 0.1316586 0.1363700 0.1450171 0.1638930 0.1952308 0.1647398 0.1174965 0.1522489 0.1373259 0.0034433 0.1409685 0.1374135 0.1781395 0.1775060 0.1635069 0.1229515 0.1233065 0.1285228 0.1605398 0.1291595 0.1372776 0.1581455 0.1336516 0.1374285 0.1392116 0.1620938 0.1644415 0.1299820 0.1364174 0.1382935 0.1464048 0.1471212 0.0939698 0.0995095 0.1390609 0.1061127 0.1167997 0.1715997 0.0774095 0.1442554 0.1741954 0.1966994 0.1661523 0.0970042 0.1452130 0.1463765 0.1604616 0.1854060 0.1389861 0.1213393 0.1935798 0.1670403 0.1420297 0.1334601 0.1686046 0.1401679 0.1490941 0.1749353 0.1356667 0.1100784 
Pericome_caudata_50_silver                 0.1437431 0.1050183 0.1506372 0.3317540 0.1313807 0.1763569 0.1241736 0.2959081 0.1687423 0.0000000 0.1254453 0.1219049 0.1494881 0.0821119 0.1461077 0.1204291 0.1301525 0.1495653 0.1193089 0.1140262 0.1225834 0.1577842 0.1205969 0.1222746 0.1133586 0.1183390 0.1639979 0.1941808 0.1411302 0.1042816 0.1497253 0.1862053 0.1332685 0.1094549 0.1248566 0.1778972 0.1344163 0.1654745 0.1384569 0.1038063 0.1151493 0.1726345 0.1039136 0.1517223 0.1709750 0.1240931 0.1089618 0.1146630 0.1740018 0.1580641 0.1143255 0.1168472 0.1159661 0.1168721 0.1571173 0.1113893 0.1216655 0.1107910 0.1050830 0.1167087 0.1919544 0.0742744 0.1303673 0.1706098 0.1533606 0.1563258 0.0970673 0.1223685 0.1239651 0.1509259 0.1346929 0.1127257 0.1146877 0.1191865 0.1333860 0.1989157 0.1133173 0.1559229 0.1347787 0.1238667 0.1969259 0.1390679 0.1039034 
Perityle_aglossa_84_dead_horse             0.1281138 0.0777496 0.1322571 0.3208848 0.1079809 0.1690560 0.1223056 0.3033575 0.1558199 0.1254453 0.0000000 0.0593083 0.1029761 0.0396478 0.1021499 0.0536916 0.1280202 0.1314417 0.0565699 0.0534086 0.0532778 0.1449838 0.0529173 0.0696702 0.0443113 0.0555072 0.1169781 0.1955925 0.1214047 0.0988535 0.1433809 0.1560472 0.1078493 0.0505050 0.0727486 0.1599774 0.0700186 0.1497085 0.0919663 0.0406154 0.0438307 0.1508566 0.0449657 0.1299248 0.1513958 0.0596303 0.0487519 0.0435987 0.1535593 0.0934104 0.0479481 0.0555895 0.0559715 0.0416431 0.1400096 0.0743917 0.0613357 0.0507257 0.0453529 0.1075016 0.1766577 0.0464454 0.0508680 0.1754967 0.1109247 0.1221243 0.0462397 0.0486775 0.0551856 0.1283690 0.0809078 0.0478982 0.0435478 0.0998726 0.1047691 0.1751334 0.0521338 0.0908538 0.1405823 0.0609350 0.1343978 0.1355340 0.0942328 
Perityle_ajoensis_204                      0.1105759 0.0743297 0.1073018 0.2933099 0.1085917 0.1512241 0.1184117 0.3108032 0.1198757 0.1219049 0.0593083 0.0000000 0.0801484 0.0382820 0.1028201 0.0526533 0.1096622 0.1132412 0.0538176 0.0506810 0.0350623 0.1091086 0.0494592 0.0667261 0.0474270 0.0654505 0.0993115 0.1756007 0.1206503 0.0990276 0.1199198 0.1317376 0.0936810 0.0541470 0.0524292 0.1416613 0.0686816 0.1263879 0.0858123 0.0296987 0.0497003 0.1344093 0.0302077 0.1220120 0.1264189 0.0524286 0.0373005 0.0170305 0.1293732 0.0728538 0.0531570 0.0565258 0.0619290 0.0358970 0.1227606 0.0681774 0.0507388 0.0363743 0.0264273 0.0933535 0.1494868 0.0441016 0.0557630 0.1593124 0.1121391 0.1220989 0.0462853 0.0556320 0.0541348 0.1240915 0.0414107 0.0171922 0.0467958 0.0580396 0.0976272 0.1610593 0.0498499 0.0776529 0.1280080 0.0452825 0.1100273 0.0923343 0.0769368 
Perityle_ambrosiifolia_67_green            0.1445558 0.0706177 0.1353457 0.3542744 0.1110770 0.1918511 0.1180307 0.3242512 0.1623610 0.1494881 0.1029761 0.0801484 0.0000000 0.1016564 0.0824446 0.0877993 0.1091728 0.1452979 0.0962356 0.0865038 0.0796826 0.1340847 0.0896263 0.0670566 0.0871516 0.0971999 0.1191638 0.2022141 0.1437679 0.0940970 0.1581489 0.1760616 0.0878990 0.0944588 0.1183323 0.1727474 0.1248207 0.1596383 0.0765669 0.0959895 0.0853661 0.1553806 0.0861709 0.1259946 0.1606165 0.1152516 0.0874320 0.1131283 0.1568983 0.1112966 0.0911782 0.0968390 0.0938684 0.1165317 0.1576334 0.0627446 0.0669866 0.0933545 0.0632105 0.1064198 0.1950849 0.0436121 0.1194329 0.1873309 0.1578613 0.1563327 0.0483199 0.0931732 0.0956627 0.1468134 0.1252658 0.0941282 0.0815483 0.0910384 0.1578338 0.1895137 0.0895291 0.0727933 0.1296872 0.1041958 0.1468582 0.1503348 0.0985376 
Perityle_angustifolia_13_Eagle_creek       0.1103176 0.0574238 0.1155808 0.2611617 0.0850734 0.1299721 0.1093597 0.1944528 0.1459700 0.0821119 0.0396478 0.0382820 0.1016564 0.0000000 0.0373906 0.0338573 0.0866461 0.1071053 0.0252646 0.0340408 0.0266656 0.1031656 0.0371139 0.0676606 0.0270008 0.0472041 0.1058977 0.1167475 0.0903892 0.0850173 0.1140977 0.1328429 0.0821303 0.0319166 0.0565012 0.1441690 0.0639833 0.1263133 0.0631043 0.0244064 0.0349772 0.1242431 0.0228910 0.0985599 0.1375725 0.0341723 0.0278298 0.0273266 0.1277090 0.0577125 0.0308033 0.0416598 0.0463333 0.0283545 0.1242841 0.0596488 0.0410778 0.0270253 0.0202975 0.0914660 0.1308839 0.0352719 0.0373814 0.1138934 0.0775388 0.0848181 0.0380933 0.0398961 0.0422517 0.0904647 0.0294683 0.0244597 0.0305661 0.0623771 0.0929647 0.1269469 0.0244431 0.1042614 0.0671532 0.0244797 0.1339487 0.1122611 0.0498353 
Perityle_batopilensis_97                   0.1318919 0.1048318 0.1304233 0.6350544 0.1313523 0.1725829 0.1409883 0.3600071 0.5285572 0.1461077 0.1021499 0.1028201 0.0824446 0.0373906 0.0000000 0.1173575 0.1321994 0.1686858 0.0925163 0.0873914 0.1027419 0.0000010 0.0927018 0.0588863 0.1020940 0.0889343 0.1086197 0.2136096 0.1353641 0.0991073 0.1623487 0.7754644 0.5285572 0.0916783 0.3820205 0.1606893 0.1076619 0.1847709 0.0202016 0.3820205 0.1045084 0.1593980 0.0835901 0.1584867 0.1827515 0.5374864 0.0900599 0.2749825 0.1684877 0.1124208 0.0976370 0.1079296 0.0930091 0.5496053 0.1457702 0.0723886 0.3820205 0.1105614 0.0895756 0.0000010 0.2143706 0.0387721 0.3966380 0.2212114 0.0956342 0.1834783 0.0000010 0.0910004 0.0943212 0.1847725 0.1046253 0.0776602 0.0981865 0.0445759 0.3485142 0.2831117 0.0979966 0.1071927 0.1468177 0.1275151 0.5313677 0.0000010 0.2780173 
Perityle_bisetosa_9                        0.1138282 0.0686784 0.1139850 0.3088316 0.0969483 0.1744169 0.1389562 0.3138686 0.1284511 0.1204291 0.0536916 0.0526533 0.0877993 0.0338573 0.1173575 0.0000000 0.1101500 0.1184268 0.0484779 0.0443643 0.0509520 0.1036059 0.0467038 0.0622138 0.0458203 0.0536752 0.1093545 0.1762125 0.1123788 0.0979865 0.1226914 0.1349968 0.0948121 0.0472117 0.0531125 0.1431629 0.0585805 0.1330338 0.0819380 0.0309405 0.0506479 0.1370809 0.0388111 0.1185258 0.1367067 0.0388239 0.0424342 0.0360454 0.1335125 0.0796366 0.0434662 0.0448961 0.0514683 0.0314832 0.1247515 0.0682975 0.0422532 0.0462791 0.0428042 0.0955457 0.1458999 0.0433453 0.0451086 0.1567422 0.0969373 0.1061348 0.0127796 0.0292791 0.0476257 0.1210563 0.0787279 0.0443651 0.0425134 0.0984020 0.0823964 0.1553351 0.0480365 0.0877910 0.1309667 0.0543708 0.1012337 0.1121977 0.0756771 
Perityle_californica_76_positas            0.1059662 0.0745792 0.1109906 0.3276625 0.1140790 0.1730456 0.1461855 0.2103872 0.1163941 0.1301525 0.1280202 0.1096622 0.1091728 0.0866461 0.1321994 0.1101500 0.0000000 0.1034644 0.1142458 0.1089943 0.1093904 0.1286810 0.1063549 0.1558494 0.1094095 0.1147827 0.1108647 0.1180939 0.1218742 0.0992341 0.0628136 0.1194959 0.1179546 0.1069632 0.0938632 0.1456547 0.1115257 0.1244852 0.1170378 0.1014948 0.1055489 0.1453492 0.1030814 0.1386792 0.1264671 0.1135579 0.1030649 0.1073680 0.1452478 0.0997635 0.1021708 0.1119471 0.1044281 0.1121615 0.1319121 0.0955097 0.1137334 0.1062357 0.1030814 0.0959463 0.1090203 0.0776420 0.1111005 0.1247628 0.1739088 0.1274305 0.1292792 0.1116639 0.1097074 0.1123952 0.1111523 0.1071632 0.1068601 0.1467870 0.1303018 0.1254564 0.1070360 0.1135028 0.1236236 0.1060086 0.1105070 0.0610716 0.1070451 
Perityle_canescens_77                      0.1157436 0.1014705 0.1206237 0.3170679 0.1103889 0.1908219 0.1607840 0.2411483 0.1197615 0.1495653 0.1314417 0.1132412 0.1452979 0.1071053 0.1686858 0.1184268 0.1034644 0.0000000 0.1292106 0.1233592 0.1177779 0.1543361 0.1226676 0.1330083 0.1228975 0.1252265 0.1568123 0.1088199 0.1472714 0.1234919 0.1219548 0.1259145 0.1032936 0.1176566 0.1020925 0.1420986 0.1506776 0.1134882 0.1169042 0.0963940 0.1190462 0.1293271 0.1210036 0.1234508 0.1194214 0.1136627 0.1217542 0.1097959 0.1312145 0.1221528 0.1100619 0.1149989 0.1209625 0.1125606 0.1196881 0.1231050 0.0746078 0.1247087 0.1098630 0.0930565 0.1037755 0.0934482 0.1171979 0.1067253 0.1657193 0.1443286 0.0814875 0.1253247 0.1187526 0.1484584 0.1243046 0.1243340 0.1121774 0.1375111 0.1366480 0.1049743 0.1211972 0.1491155 0.1144781 0.1238276 0.1540692 0.1136904 0.0693288 
Perityle_castillonii_96                    0.1243737 0.0658580 0.1263289 0.3227033 0.1027755 0.1636290 0.1236376 0.2895288 0.1479526 0.1193089 0.0565699 0.0538176 0.0962356 0.0252646 0.0925163 0.0484779 0.1142458 0.1292106 0.0000000 0.0401349 0.0460249 0.1132774 0.0490775 0.0579153 0.0437597 0.0586983 0.1078012 0.1671884 0.1185087 0.0939907 0.1338449 0.1544560 0.0985903 0.0505615 0.0628822 0.1564892 0.0527643 0.1466469 0.0885520 0.0341177 0.0465918 0.1458538 0.0361007 0.1220650 0.1490277 0.0471325 0.0399781 0.0437610 0.1410811 0.0707547 0.0439436 0.0511939 0.0587182 0.0457810 0.1318519 0.0671465 0.0553793 0.0451594 0.0406874 0.0985796 0.1695762 0.0410286 0.0618731 0.1594478 0.1074571 0.1168782 0.0502759 0.0536178 0.0514337 0.1253684 0.0546807 0.0429869 0.0378784 0.0859546 0.1007028 0.1779779 0.0373975 0.1013742 0.1296578 0.0500248 0.1329936 0.1222492 0.0846042 
Perityle_cernua_84                         0.1131587 0.0645056 0.1085311 0.3200125 0.0940366 0.1575737 0.1257660 0.2719910 0.1289009 0.1140262 0.0534086 0.0506810 0.0865038 0.0340408 0.0873914 0.0443643 0.1089943 0.1233592 0.0401349 0.0000000 0.0480835 0.1187825 0.0452321 0.0583102 0.0413939 0.0562790 0.0957979 0.1416605 0.1103177 0.0929264 0.1187274 0.1384471 0.0908066 0.0453222 0.0596682 0.1428275 0.0606529 0.1302872 0.0819052 0.0327502 0.0493180 0.1310546 0.0403056 0.1199392 0.1335966 0.0335274 0.0420868 0.0407008 0.1314192 0.0700295 0.0426481 0.0471504 0.0546215 0.0415414 0.1293528 0.0679483 0.0388559 0.0466736 0.0429095 0.1075491 0.1480262 0.0358491 0.0564014 0.1425154 0.1049039 0.1093064 0.0236657 0.0467446 0.0453289 0.1161106 0.0545350 0.0461400 0.0425667 0.0934883 0.0943471 0.1597557 0.0452504 0.0874005 0.1281142 0.0483535 0.1137169 0.1150169 0.0758643 
Perityle_cfvillosa_25_tin                  0.1107354 0.0740435 0.1118254 0.3044008 0.1005988 0.1595297 0.1305071 0.3103779 0.1196430 0.1225834 0.0532778 0.0350623 0.0796826 0.0266656 0.1027419 0.0509520 0.1093904 0.1177779 0.0460249 0.0480835 0.0000000 0.1185596 0.0476078 0.0590263 0.0419786 0.0620559 0.1050922 0.1754556 0.1165326 0.0926826 0.1211301 0.1312069 0.0914737 0.0442082 0.0501651 0.1439483 0.0609136 0.1336903 0.0838069 0.0299503 0.0469457 0.1363109 0.0087050 0.1233893 0.1283013 0.0483876 0.0218262 0.0162514 0.1305691 0.0755465 0.0467083 0.0556632 0.0615554 0.0266568 0.1219387 0.0664050 0.0487863 0.0198433 0.0098275 0.0994665 0.1512336 0.0363070 0.0505432 0.1541917 0.1093171 0.1203379 0.0439273 0.0508741 0.0481744 0.1248277 0.0612879 0.0246652 0.0392091 0.0882717 0.0961514 0.1607010 0.0392182 0.0824649 0.1244490 0.0229374 0.1053053 0.0985559 0.0747555 
Perityle_cinerea_113_Powell1310            0.1589294 0.1270913 0.2313412 0.4214586 0.1524553 0.2897159 0.1611008 0.2621181 0.1897971 0.1577842 0.1449838 0.1091086 0.1340847 0.1031656 0.0000010 0.1036059 0.1286810 0.1543361 0.1132774 0.1187825 0.1185596 0.0000000 0.1042229 0.2739704 0.1134833 0.1080422 0.1236265 0.1475889 0.1792197 0.1136093 0.1280638 0.1434207 0.1280229 0.1133261 0.1245449 0.1569764 0.1030658 0.1622121 0.0969858 0.1029668 0.1042229 0.1628634 0.0934986 0.1621934 0.1794469 0.1133842 0.1034734 0.1038451 0.1514759 0.0983437 0.1034117 0.1033694 0.1029668 0.1196218 0.1527921 0.0853182 0.0000010 0.1033987 0.0938698 0.1105526 0.1494446 0.0677873 0.1134893 0.1541955 0.1675137 0.1522332 0.0000010 0.0986137 0.1093170 0.1792197 0.1033123 0.0982997 0.0982997 0.1617613 0.1464209 0.1675219 0.0981609 0.1504093 0.0940598 0.0982997 0.1308877 0.1302053 0.0000010 
Perityle_coahuilensis_24                   0.1232830 0.0668596 0.1152169 0.3118643 0.0949056 0.1596464 0.1216105 0.3026647 0.1344724 0.1205969 0.0529173 0.0494592 0.0896263 0.0371139 0.0927018 0.0467038 0.1063549 0.1226676 0.0490775 0.0452321 0.0476078 0.1042229 0.0000000 0.0514722 0.0439686 0.0547472 0.0991920 0.1805947 0.1144811 0.0923084 0.1307321 0.1430544 0.0919381 0.0501925 0.0573764 0.1439443 0.0683827 0.1386991 0.0759319 0.0156107 0.0229308 0.1354440 0.0437341 0.1167436 0.1428265 0.0468146 0.0469168 0.0405323 0.1340602 0.0740422 0.0387724 0.0488763 0.0532579 0.0407203 0.1251912 0.0620264 0.0458037 0.0524234 0.0391262 0.0889772 0.1685957 0.0359762 0.0534503 0.1653433 0.1033783 0.1176898 0.0433152 0.0570193 0.0086815 0.1215396 0.0790729 0.0465599 0.0359752 0.0914253 0.0980762 0.1627190 0.0444427 0.0861536 0.1253837 0.0637763 0.1144288 0.1162856 0.0798703 
Perityle_cochisensis_44_cave_creek         0.1075835 0.0772508 0.0939235 0.2925704 0.1053923 0.1466133 0.1351689 0.2391058 0.1316586 0.1222746 0.0696702 0.0667261 0.0670566 0.0676606 0.0588863 0.0622138 0.1558494 0.1330083 0.0579153 0.0583102 0.0590263 0.2739704 0.0514722 0.0000000 0.0563914 0.0684809 0.0946727 0.1280116 0.1396476 0.1344418 0.1070946 0.1645961 0.1302214 0.0528371 0.0821361 0.1336510 0.0847024 0.1270513 0.0747720 0.0591085 0.0538650 0.1256035 0.0597873 0.1255384 0.1254800 0.0727418 0.0591112 0.0745618 0.1249276 0.0599273 0.0549021 0.0554057 0.0637204 0.0740695 0.1262808 0.0932092 0.0423491 0.0618255 0.0598350 0.3157328 0.1440006 0.0611964 0.0903215 0.1280504 0.1472532 0.1141242 0.0357420 0.0630799 0.0490940 0.1346249 0.0683637 0.0675633 0.0510517 0.0794609 0.1268532 0.1597352 0.0564165 0.0637598 0.1458135 0.0614313 0.1020996 0.1143302 0.0672685 
Perityle_congesta_202                      0.1193869 0.0659862 0.1186486 0.3073886 0.0944231 0.1632894 0.1216751 0.3017363 0.1363700 0.1133586 0.0443113 0.0474270 0.0871516 0.0270008 0.1020940 0.0458203 0.1094095 0.1228975 0.0437597 0.0413939 0.0419786 0.1134833 0.0439686 0.0563914 0.0000000 0.0511241 0.1042722 0.1849903 0.1161685 0.0903693 0.1332032 0.1449458 0.0904860 0.0383173 0.0568740 0.1525463 0.0600900 0.1440825 0.0806246 0.0245739 0.0359511 0.1411505 0.0316040 0.1193502 0.1440686 0.0452690 0.0334830 0.0319664 0.1407829 0.0747659 0.0361281 0.0418218 0.0495619 0.0338312 0.1264660 0.0604516 0.0370246 0.0392844 0.0329091 0.0950070 0.1666940 0.0367523 0.0449624 0.1654406 0.0974256 0.1108250 0.0325005 0.0435481 0.0462639 0.1213106 0.0688689 0.0374199 0.0302548 0.0894101 0.0925048 0.1688015 0.0397836 0.0898100 0.1271668 0.0499420 0.1219580 0.1148120 0.0729874 
Perityle_cordifolia_27                     0.1203949 0.0676672 0.1197914 0.3182183 0.0993826 0.1709401 0.1187489 0.3121415 0.1450171 0.1183390 0.0555072 0.0654505 0.0971999 0.0472041 0.0889343 0.0536752 0.1147827 0.1252265 0.0586983 0.0562790 0.0620559 0.1080422 0.0547472 0.0684809 0.0511241 0.0000000 0.1082152 0.1888894 0.1206159 0.1014085 0.1338895 0.1528077 0.1008371 0.0558323 0.0565663 0.1502518 0.0754200 0.1455087 0.0845870 0.0450417 0.0525590 0.1399243 0.0514714 0.1192339 0.1460853 0.0582355 0.0561840 0.0533851 0.1423635 0.0920451 0.0491667 0.0563224 0.0123628 0.0526758 0.1346801 0.0686609 0.0497752 0.0612385 0.0553842 0.0949664 0.1698552 0.0281774 0.0649919 0.1690866 0.0875770 0.1186634 0.0481172 0.0527567 0.0584711 0.1268144 0.0836927 0.0550173 0.0463378 0.0943328 0.0980419 0.1719990 0.0518567 0.0998835 0.1306897 0.0675424 0.1206956 0.1248130 0.0875244 
Perityle_cordifolia_68_tecolote            0.1479986 0.0766596 0.1397484 0.3664976 0.1254043 0.1976349 0.1403612 0.3403344 0.1638930 0.1639979 0.1169781 0.0993115 0.1191638 0.1058977 0.1086197 0.1093545 0.1108647 0.1568123 0.1078012 0.0957979 0.1050922 0.1236265 0.0991920 0.0946727 0.1042722 0.1082152 0.0000000 0.2154245 0.1528198 0.1041479 0.1580476 0.1777822 0.0951439 0.1098847 0.1241682 0.1806865 0.1247926 0.1544766 0.1055640 0.1043447 0.1043304 0.1626205 0.0986535 0.1392502 0.1561298 0.1209291 0.1067570 0.1210283 0.1580012 0.1284543 0.1020830 0.1165857 0.1068901 0.1107152 0.1575006 0.0184834 0.0942543 0.1147203 0.0910290 0.1401806 0.2079847 0.0602050 0.1318286 0.1957534 0.1694144 0.1604060 0.0850613 0.1141559 0.1073365 0.1606978 0.1369610 0.1090464 0.0952540 0.1088675 0.1544778 0.2037772 0.1058472 0.1363622 0.1430555 0.1208257 0.1681553 0.1463825 0.0895670 
Perityle_coronopifolia_28_patagonia        0.1783455 0.1146444 0.1902890 0.3517350 0.1559370 0.2501399 0.1478190 0.3406217 0.1952308 0.1941808 0.1955925 0.1756007 0.2022141 0.1167475 0.2136096 0.1762125 0.1180939 0.1088199 0.1671884 0.1416605 0.1754556 0.1475889 0.1805947 0.1280116 0.1849903 0.1888894 0.2154245 0.0000000 0.1646713 0.1342785 0.1585695 0.1639315 0.1222306 0.1864089 0.1093787 0.2188188 0.1722103 0.1867577 0.1833411 0.1713110 0.1795058 0.2037722 0.1441824 0.1933769 0.1849219 0.1795326 0.1797093 0.1869644 0.1774564 0.1758493 0.1752819 0.1826042 0.1851822 0.1705811 0.1535332 0.1229687 0.0909416 0.1830018 0.1581822 0.0340647 0.0792927 0.0850990 0.1954992 0.0354324 0.2433003 0.1893643 0.1006016 0.1786067 0.1899395 0.1691037 0.1892591 0.1835639 0.1730809 0.1421652 0.1663697 0.1627519 0.1846473 0.2138138 0.0669261 0.1743392 0.2368860 0.1230615 0.0588802 
Perityle_crassifolia_70_ventanas           0.1387839 0.0888331 0.1349710 0.3465656 0.1265927 0.1970583 0.1512894 0.2812657 0.1647398 0.1411302 0.1214047 0.1206503 0.1437679 0.0903892 0.1353641 0.1123788 0.1218742 0.1472714 0.1185087 0.1103177 0.1165326 0.1792197 0.1144811 0.1396476 0.1161685 0.1206159 0.1528198 0.1646713 0.0000000 0.0741651 0.1462017 0.1604263 0.1221712 0.1146536 0.0795606 0.1761241 0.1321875 0.1520697 0.1256483 0.1017280 0.1130315 0.1634090 0.1160397 0.1464844 0.1523519 0.1193541 0.1204563 0.1099399 0.1631219 0.1310103 0.1098811 0.1159720 0.1138514 0.1115408 0.1596019 0.1173560 0.1179823 0.1150897 0.1158237 0.1260949 0.1842153 0.0951061 0.1293829 0.1614799 0.1709636 0.1524322 0.1150689 0.1153936 0.1138594 0.0073202 0.1220753 0.1168563 0.1133114 0.1375062 0.1420163 0.1743495 0.1179480 0.1605860 0.1470919 0.1171686 0.1873183 0.1178465 0.1105524 
Perityle_crassifolia_74_playa_balandra     0.0962914 0.0800183 0.1125132 0.3123586 0.0989939 0.1383720 0.1305613 0.2045809 0.1174965 0.1042816 0.0988535 0.0990276 0.0940970 0.0850173 0.0991073 0.0979865 0.0992341 0.1234919 0.0939907 0.0929264 0.0926826 0.1136093 0.0923084 0.1344418 0.0903693 0.1014085 0.1041479 0.1342785 0.0741651 0.0000000 0.0961862 0.1391598 0.1071128 0.0892075 0.0833842 0.1230646 0.1207094 0.1085075 0.1031132 0.0846627 0.0955159 0.1232897 0.0874068 0.1184233 0.1173876 0.1080991 0.0913620 0.0874172 0.1187183 0.0921398 0.0863571 0.0989036 0.1002546 0.0937812 0.1137076 0.1025303 0.1311291 0.0916117 0.0883910 0.1094764 0.1297297 0.0838858 0.1150486 0.1336213 0.1227003 0.1219229 0.1221236 0.0925810 0.0936802 0.0717359 0.0987798 0.0946153 0.0910170 0.0948996 0.1147098 0.1493086 0.0918648 0.1049196 0.1354227 0.0914431 0.1147768 0.0727396 0.0898262 
Perityle_cuneata_34_cuneata_San_antonio    0.1292013 0.0816461 0.1364242 0.3514547 0.1246703 0.1838224 0.1282719 0.2656687 0.1522489 0.1497253 0.1433809 0.1199198 0.1581489 0.1140977 0.1623487 0.1226914 0.0628136 0.1219548 0.1338449 0.1187274 0.1211301 0.1280638 0.1307321 0.1070946 0.1332032 0.1338895 0.1580476 0.1585695 0.1462017 0.0961862 0.0000000 0.1570168 0.0864014 0.1341970 0.1210350 0.1626187 0.1552356 0.1596053 0.1333856 0.1166865 0.1294047 0.1551952 0.1198125 0.1207522 0.1627610 0.1397947 0.1286522 0.1377943 0.1561860 0.1547741 0.1318756 0.1339027 0.1321577 0.1384000 0.1529244 0.1021619 0.0874112 0.1317518 0.0994552 0.1027720 0.1719266 0.0752476 0.1558500 0.1597066 0.1895815 0.1608632 0.0962475 0.1300099 0.1408504 0.1504815 0.1372857 0.1301081 0.1135208 0.1052958 0.1557872 0.1769609 0.1310049 0.1672339 0.1129555 0.1448904 0.1902829 0.1245069 0.1052562 
Perityle_cuneata_4                         0.1402781 0.1149589 0.1347949 0.3330252 0.1310571 0.2028290 0.1959708 0.2886833 0.1373259 0.1862053 0.1560472 0.1317376 0.1760616 0.1328429 0.7754644 0.1349968 0.1194959 0.1259145 0.1544560 0.1384471 0.1312069 0.1434207 0.1430544 0.1645961 0.1449458 0.1528077 0.1777822 0.1639315 0.1604263 0.1391598 0.1570168 0.0000000 0.1107593 0.1531920 0.1123748 0.1677732 0.1809510 0.1527968 0.1401704 0.1096814 0.1379757 0.1513966 0.1449319 0.1392798 0.1467015 0.1244250 0.1495440 0.1255835 0.1510138 0.1452105 0.1457306 0.1490601 0.1469425 0.1253643 0.1534338 0.1190561 0.0984215 0.1513553 0.1193348 0.1039907 0.1532747 0.1185310 0.1301762 0.1571502 0.2010941 0.1766942 0.1034974 0.1475851 0.1569046 0.1614182 0.1661057 0.1513622 0.1306331 0.2297797 0.1505727 0.1410111 0.1508167 0.1810254 0.1691666 0.1558597 0.1632153 0.1247366 0.0957148 
Perityle_discoidea_81                      0.1019780 0.0697702 0.0987382 0.3250607 0.1041693 0.1651136 0.1352399 0.2079299 0.0034433 0.1332685 0.1078493 0.0936810 0.0878990 0.0821303 0.5285572 0.0948121 0.1179546 0.1032936 0.0985903 0.0908066 0.0914737 0.1280229 0.0919381 0.1302214 0.0904860 0.1008371 0.0951439 0.1222306 0.1221712 0.1071128 0.0864014 0.1107593 0.0000000 0.0931273 0.0959086 0.1266507 0.1254649 0.1121694 0.0957551 0.0830266 0.0901148 0.1263374 0.0892535 0.1241594 0.1068096 0.0942389 0.0872536 0.0955413 0.1277989 0.0876299 0.0845965 0.0897180 0.0911358 0.1006834 0.1189446 0.0885410 0.1015767 0.0933495 0.0892535 0.0975737 0.1160062 0.0778724 0.0944852 0.1277267 0.1516141 0.1249141 0.0995299 0.0990206 0.0940245 0.1168277 0.1098406 0.0922860 0.0875543 0.1932804 0.1270332 0.1119998 0.0888111 0.0940382 0.1376198 0.0933280 0.0949666 0.0849717 0.1102942 
Perityle_dissecta_201                      0.1223279 0.0678377 0.1217001 0.3136209 0.0987093 0.1634554 0.1147769 0.3008696 0.1409685 0.1094549 0.0505050 0.0541470 0.0944588 0.0319166 0.0916783 0.0472117 0.1069632 0.1176566 0.0505615 0.0453222 0.0442082 0.1133261 0.0501925 0.0528371 0.0383173 0.0558323 0.1098847 0.1864089 0.1146536 0.0892075 0.1341970 0.1531920 0.0931273 0.0000000 0.0563772 0.1550575 0.0634617 0.1461802 0.0844166 0.0289014 0.0455643 0.1458919 0.0306383 0.1259667 0.1436972 0.0454878 0.0384261 0.0376528 0.1463061 0.0829926 0.0431731 0.0479142 0.0551183 0.0368252 0.1275238 0.0625301 0.0448202 0.0399929 0.0360811 0.0988099 0.1665763 0.0351215 0.0506094 0.1646521 0.1019868 0.1161565 0.0391897 0.0501280 0.0510446 0.1202034 0.0717166 0.0419622 0.0376926 0.0895096 0.0962394 0.1701179 0.0385310 0.0981250 0.1241440 0.0517244 0.1255802 0.1160968 0.0745771 
Perityle_emoryi_47_punta_san_jose          0.1198740 0.0547656 0.1211749 0.2883472 0.0978434 0.1790183 0.1144129 0.2109326 0.1374135 0.1248566 0.0727486 0.0524292 0.1183323 0.0565012 0.3820205 0.0531125 0.0938632 0.1020925 0.0628822 0.0596682 0.0501651 0.1245449 0.0573764 0.0821361 0.0568740 0.0565663 0.1241682 0.1093787 0.0795606 0.0833842 0.1210350 0.1123748 0.0959086 0.0563772 0.0000000 0.1501246 0.0860700 0.1253306 0.0819245 0.0507287 0.0577767 0.1366339 0.0468628 0.1177446 0.1320240 0.0572172 0.0529288 0.0494728 0.1372467 0.0834685 0.0552743 0.0590920 0.0563386 0.0546257 0.1290475 0.0765767 0.0489656 0.0494021 0.0430627 0.1102995 0.1403464 0.0326778 0.0621186 0.1122539 0.1272272 0.1014810 0.0367814 0.0581597 0.0605344 0.0804834 0.0520097 0.0493709 0.0558577 0.1567344 0.1004076 0.1271145 0.0567734 0.1154010 0.1170205 0.0493472 0.0683634 0.1079990 0.0737968 
Perityle_feddemae_99                       0.1548093 0.1058816 0.1510177 0.3615145 0.1417650 0.2038281 0.1382005 0.3373131 0.1781395 0.1778972 0.1599774 0.1416613 0.1727474 0.1441690 0.1606893 0.1431629 0.1456547 0.1420986 0.1564892 0.1428275 0.1439483 0.1569764 0.1439443 0.1336510 0.1525463 0.1502518 0.1806865 0.2188188 0.1761241 0.1230646 0.1626187 0.1677732 0.1266507 0.1550575 0.1501246 0.0000000 0.1783162 0.1422503 0.1457076 0.1412043 0.1475420 0.0387452 0.1459054 0.0246889 0.1392212 0.1518889 0.1493313 0.1551461 0.0418978 0.1768288 0.1492241 0.1479538 0.1461064 0.1572955 0.1506381 0.1234671 0.1284574 0.1524820 0.1254053 0.1025055 0.1775346 0.0798657 0.1642355 0.1934088 0.1924618 0.1859754 0.1368931 0.1498648 0.1479899 0.1885188 0.1849721 0.1469080 0.1364297 0.1352914 0.1782840 0.1636572 0.1486516 0.1820123 0.1423004 0.1657167 0.2145999 0.1599419 0.1167829 
Perityle_fosteri_93                        0.1442098 0.1026809 0.1495549 0.3612609 0.1279143 0.1965675 0.1564046 0.2983324 0.1775060 0.1344163 0.0700186 0.0686816 0.1248207 0.0639833 0.1076619 0.0585805 0.1115257 0.1506776 0.0527643 0.0606529 0.0609136 0.1030658 0.0683827 0.0847024 0.0600900 0.0754200 0.1247926 0.1722103 0.1321875 0.1207094 0.1552356 0.1809510 0.1254649 0.0634617 0.0860700 0.1783162 0.0000000 0.1699281 0.1133312 0.0551433 0.0672286 0.1665699 0.0492070 0.1455820 0.1742462 0.0698253 0.0552028 0.0539933 0.1731998 0.0932366 0.0598960 0.0725271 0.0755558 0.0594105 0.1528904 0.0891260 0.1130457 0.0605989 0.0497457 0.1021438 0.1696710 0.0624777 0.0737252 0.1712521 0.1539571 0.1399964 0.1607188 0.0612856 0.0708975 0.1456107 0.0614069 0.0537953 0.0570687 0.0902760 0.1271471 0.2027789 0.0622882 0.1257716 0.1577099 0.0663683 0.1697069 0.1579533 0.1384009 
Perityle_gamon_221                         0.1410725 0.0998001 0.1376475 0.3414583 0.1288773 0.2044911 0.1414475 0.3454500 0.1635069 0.1654745 0.1497085 0.1263879 0.1596383 0.1263133 0.1847709 0.1330338 0.1244852 0.1134882 0.1466469 0.1302872 0.1336903 0.1622121 0.1386991 0.1270513 0.1440825 0.1455087 0.1544766 0.1867577 0.1520697 0.1085075 0.1596053 0.1527968 0.1121694 0.1461802 0.1253306 0.1422503 0.1699281 0.0000000 0.1382102 0.1241260 0.1373257 0.1245118 0.1295753 0.1047368 0.0444384 0.1385315 0.1400914 0.1420264 0.1220458 0.1653572 0.1375218 0.1450178 0.1416207 0.1345409 0.1421856 0.1092226 0.1043904 0.1431066 0.1120996 0.0993756 0.1624082 0.0736625 0.1501890 0.1653618 0.1903685 0.1770579 0.0904379 0.1389305 0.1492831 0.1597416 0.1702799 0.1371271 0.1280646 0.1395297 0.1609871 0.1610908 0.1385303 0.1649812 0.1265254 0.1575905 0.1968549 0.1350862 0.0839785 
Perityle_gentryi_8_san_francisco           0.1273600 0.0828461 0.1174969 0.3279441 0.1080620 0.1691710 0.1269542 0.3107022 0.1229515 0.1384569 0.0919663 0.0858123 0.0765669 0.0631043 0.0202016 0.0819380 0.1170378 0.1169042 0.0885520 0.0819052 0.0838069 0.0969858 0.0759319 0.0747720 0.0806246 0.0845870 0.1055640 0.1833411 0.1256483 0.1031132 0.1333856 0.1401704 0.0957551 0.0844166 0.0819245 0.1457076 0.1133312 0.1382102 0.0000000 0.0637112 0.0759402 0.1441805 0.0771638 0.1383996 0.1332555 0.0861669 0.0800681 0.0789363 0.1465227 0.0900231 0.0784047 0.0838043 0.0837053 0.0768742 0.1273375 0.0752155 0.0635595 0.0885498 0.0745833 0.1039319 0.1624222 0.0485163 0.0925604 0.1729693 0.1133339 0.1369415 0.0506214 0.0834339 0.0784316 0.1404952 0.1125189 0.0776277 0.0769286 0.0907005 0.1161389 0.1706962 0.0787568 0.0865148 0.1232678 0.1012270 0.1063164 0.0872464 0.0863630 
Perityle_gilensis_22_Superstition          0.1169961 0.0513525 0.1143429 0.2836480 0.0794014 0.1601522 0.1078953 0.2948396 0.1233065 0.1038063 0.0406154 0.0296987 0.0959895 0.0244064 0.3820205 0.0309405 0.1014948 0.0963940 0.0341177 0.0327502 0.0299503 0.1029668 0.0156107 0.0591085 0.0245739 0.0450417 0.1043447 0.1713110 0.1017280 0.0846627 0.1166865 0.1096814 0.0830266 0.0289014 0.0507287 0.1412043 0.0551433 0.1241260 0.0637112 0.0000000 0.0167685 0.1283290 0.0203180 0.1068433 0.1237998 0.0238445 0.0255224 0.0269289 0.1265411 0.0674570 0.0254590 0.0342392 0.0411413 0.0288451 0.1259008 0.0561994 0.0422235 0.0261985 0.0217957 0.0863246 0.1348844 0.0268350 0.0308511 0.1435268 0.0924561 0.0851513 0.0366770 0.0391554 0.0188516 0.0994372 0.0650283 0.0226593 0.0172763 0.1462122 0.0836351 0.1171785 0.0174547 0.0895218 0.1021736 0.0328124 0.0936445 0.1054603 0.0672446 
Perityle_gilensis_salensis_225             0.1174637 0.0725683 0.1164497 0.3052999 0.0935739 0.1665489 0.1182935 0.3080437 0.1285228 0.1151493 0.0438307 0.0497003 0.0853661 0.0349772 0.1045084 0.0506479 0.1055489 0.1190462 0.0465918 0.0493180 0.0469457 0.1042229 0.0229308 0.0538650 0.0359511 0.0525590 0.1043304 0.1795058 0.1130315 0.0955159 0.1294047 0.1379757 0.0901148 0.0455643 0.0577767 0.1475420 0.0672286 0.1373257 0.0759402 0.0167685 0.0000000 0.1335279 0.0381598 0.1171520 0.1385486 0.0398502 0.0437249 0.0340797 0.1336753 0.0780569 0.0415005 0.0491612 0.0509994 0.0368372 0.1274676 0.0649693 0.0403956 0.0467235 0.0399487 0.0890660 0.1648990 0.0410595 0.0451959 0.1640357 0.1025589 0.1132503 0.0411152 0.0448927 0.0236975 0.1196961 0.0752503 0.0433032 0.0291583 0.0895419 0.0905417 0.1665665 0.0412979 0.0880921 0.1300885 0.0553138 0.1190651 0.1160230 0.0757749 
Perityle_glaucescens_94                    0.1452152 0.1005890 0.1332661 0.3532790 0.1320048 0.1902488 0.1278851 0.3304206 0.1605398 0.1726345 0.1508566 0.1344093 0.1553806 0.1242431 0.1593980 0.1370809 0.1453492 0.1293271 0.1458538 0.1310546 0.1363109 0.1628634 0.1354440 0.1256035 0.1411505 0.1399243 0.1626205 0.2037722 0.1634090 0.1232897 0.1551952 0.1513966 0.1263374 0.1458919 0.1366339 0.0387452 0.1665699 0.1245118 0.1441805 0.1283290 0.1335279 0.0000000 0.1352064 0.0192246 0.1221533 0.1416129 0.1389048 0.1447645 0.0248286 0.1637643 0.1394403 0.1407428 0.1345251 0.1440660 0.1359570 0.1216258 0.1258212 0.1414365 0.1222587 0.1154174 0.1560556 0.0757340 0.1533469 0.1786534 0.1782137 0.1778737 0.1226212 0.1396242 0.1437599 0.1730723 0.1746547 0.1362600 0.1264420 0.1263053 0.1674678 0.1441353 0.1389325 0.1636842 0.1393007 0.1569359 0.1895247 0.1539030 0.1060947 
Perityle_gracilis_11                       0.1105681 0.0639616 0.1125388 0.3127196 0.0917255 0.1471797 0.1217736 0.2774221 0.1291595 0.1039136 0.0449657 0.0302077 0.0861709 0.0228910 0.0835901 0.0388111 0.1030814 0.1210036 0.0361007 0.0403056 0.0087050 0.0934986 0.0437341 0.0597873 0.0316040 0.0514714 0.0986535 0.1441824 0.1160397 0.0874068 0.1198125 0.1449319 0.0892535 0.0306383 0.0468628 0.1459054 0.0492070 0.1295753 0.0771638 0.0203180 0.0381598 0.1352064 0.0000000 0.1107585 0.1277160 0.0357227 0.0118762 0.0077639 0.1355123 0.0560927 0.0342000 0.0422908 0.0487445 0.0238180 0.1243869 0.0564889 0.0432156 0.0089193 0.0046717 0.0883779 0.1436237 0.0310754 0.0407314 0.1418379 0.0966258 0.0979574 0.0371810 0.0424355 0.0467795 0.1136496 0.0349273 0.0184969 0.0296905 0.0861795 0.0892233 0.1492104 0.0290536 0.0888816 0.1194295 0.0140091 0.1143948 0.1107545 0.0724824 
Perityle_harkerae_31                       0.1254094 0.0970453 0.1270040 0.3260783 0.1153425 0.1823016 0.1255158 0.3269216 0.1372776 0.1517223 0.1299248 0.1220120 0.1259946 0.0985599 0.1584867 0.1185258 0.1386792 0.1234508 0.1220650 0.1199392 0.1233893 0.1621934 0.1167436 0.1255384 0.1193502 0.1192339 0.1392502 0.1933769 0.1464844 0.1184233 0.1207522 0.1392798 0.1241594 0.1259667 0.1177446 0.0246889 0.1455820 0.1047368 0.1383996 0.1068433 0.1171520 0.0192246 0.1107585 0.0000000 0.1064710 0.1169017 0.1183055 0.1170529 0.0110603 0.1369220 0.1219014 0.1182611 0.1146109 0.1160250 0.1221593 0.1188167 0.1282100 0.1209329 0.1152385 0.1023607 0.1418044 0.0732472 0.1255641 0.1711543 0.1470061 0.1567515 0.1252602 0.1161277 0.1176774 0.1576750 0.1471788 0.1135078 0.1118891 0.1208126 0.1378371 0.1397249 0.1178332 0.1317622 0.1337430 0.1341979 0.1530536 0.1037637 0.1089712 
Perityle_hofmeisteria_4_nombre_de_dios     0.1396253 0.1030670 0.1346085 0.3382714 0.1341711 0.1987170 0.1492953 0.3494060 0.1581455 0.1709750 0.1513958 0.1264189 0.1606165 0.1375725 0.1827515 0.1367067 0.1264671 0.1194214 0.1490277 0.1335966 0.1283013 0.1794469 0.1428265 0.1254800 0.1440686 0.1460853 0.1561298 0.1849219 0.1523519 0.1173876 0.1627610 0.1467015 0.1068096 0.1436972 0.1320240 0.1392212 0.1742462 0.0444384 0.1332555 0.1237998 0.1385486 0.1221533 0.1277160 0.1064710 0.0000000 0.1384012 0.1388957 0.1400548 0.1225998 0.1668219 0.1392751 0.1467091 0.1409584 0.1350363 0.1390327 0.1077312 0.0982009 0.1394551 0.1097631 0.1056010 0.1601750 0.0807591 0.1482360 0.1634499 0.1914885 0.1738429 0.0902680 0.1407222 0.1522240 0.1632299 0.1727114 0.1341939 0.1286882 0.1423546 0.1614893 0.1526119 0.1373573 0.1661806 0.1307198 0.1545109 0.1959251 0.1425033 0.0795002 
