85
Amauria_brandeegeana_62                    0.0000000 0.7322971 0.0000010 0.6326455 0.0876252 0.6031869 0.6031869 0.6031869 0.4491693 0.0000010 0.4315689 0.0843075 0.0686211 0.0795727 0.0924890 0.0751641 0.6451413 0.0772024 0.0718816 0.0817490 0.0593809 0.6440741 0.6031869 0.6469883 0.0556133 0.6031869 0.5552438 0.4875791 0.5467974 0.6190901 0.6031869 0.4375596 0.0768590 0.0000010 0.0801837 0.0766833 0.0788270 0.0817637 0.6031869 0.6031869 0.0792965 0.0718802 0.0852536 0.0786161 0.0819724 0.5610757 0.0790239 0.2528951 0.2465158 0.3047640 0.0888038 0.0621042 0.0459480 0.0732397 0.6031869 0.0785149 0.6217466 0.6031869 0.6067299 0.3695188 0.6031869 0.6031869 0.2131507 0.6031869 0.7856888 0.6031869 0.0688184 0.0883712 0.0747759 0.6031869 0.1711245 0.1130813 0.0694024 0.0786161 0.0866208 0.0813969 0.0902452 0.0883712 0.0653442 0.6031869 0.0602231 0.6031869 0.6031869 0.0871320 0.6031869 
Amauria_carterae_99_mesa                   0.7322971 0.0000000 1.6374585 0.2215240 0.1498880 0.1326879 0.1924830 0.1329030 0.2825135 0.3515245 0.1710937 0.1526419 0.1495034 0.1525317 0.1528517 0.1493697 0.1440656 0.3515245 0.1278938 0.1492132 0.3515245 0.1482043 0.1182282 0.1528792 0.2800548 0.1481791 0.1485712 0.1409166 0.1547423 0.1680162 0.1489696 0.1801916 1.6359916 0.3515245 0.1588759 0.4304580 0.3418125 0.1387103 0.1493433 0.1420986 0.0648992 0.1527883 0.1738468 0.1480373 0.1709914 0.1462116 0.1567967 0.1541360 0.1455483 0.1826286 0.1467278 0.1547624 0.4057537 0.1412168 0.1485279 0.4427991 0.1393128 0.1313285 0.1514220 0.1425470 0.1542158 0.3248318 0.1423933 0.1099912 0.1548894 0.3656299 0.1427227 0.1243278 0.1093673 0.1355195 0.9916649 0.1527091 0.1788159 0.1637952 0.1550684 0.1583368 0.1214128 0.1124591 0.1792782 0.1486591 0.3515245 0.3843211 0.1425470 9.0000000 0.1526198 
Amauria_rotundifolia_SRR9119150            0.0000010 1.6374585 0.0000000 0.6318442 0.0737973 0.0000010 0.0000010 0.0000010 0.8364155 0.0000010 0.4663977 0.0691586 0.0635770 0.0746715 0.0734654 0.0730871 0.8153933 0.0736503 0.0588643 0.0826932 0.0635770 0.0000010 0.0000010 0.8153933 0.0495210 0.0000010 0.7235656 0.0000010 0.4663977 0.6270534 0.0000010 0.3334390 0.0732200 0.0000010 0.0752985 0.0683106 0.0783921 0.0778046 0.0000010 0.0000010 0.0734369 0.0683100 0.0828667 0.0732448 0.0780929 1.0239370 0.0691486 0.0000010 0.0000010 0.1076662 0.0932858 0.0542219 0.0401735 0.0647456 0.0000010 0.0587321 0.0000010 0.0000010 0.6074712 0.0000010 0.0000010 0.0000010 0.2049871 0.0000010 1.0160525 0.0000010 0.0638434 0.0680812 0.0633621 0.0000010 0.1126129 0.1290845 0.0587994 0.0781171 0.0782350 0.0775275 0.0832775 0.0680812 0.0540075 0.0000010 0.0635527 0.0000010 0.0000010 0.0778760 0.0000010 
Conoclinium_coelestinum_SRR9119114         0.6326455 0.2215240 0.6318442 0.0000000 0.3385025 0.1515047 0.1599149 0.1646995 0.3966499 0.6428386 0.3570659 0.3443129 0.3475226 0.3448634 0.3035300 0.3484577 0.2629771 0.6428386 0.3597454 0.3520823 0.6428386 0.3397217 0.1490298 0.3587067 0.4377442 0.3402434 0.3332280 0.3418238 0.3319386 0.3492523 0.1454128 0.3434450 0.7833055 0.6428386 0.3561429 0.6699930 0.4932764 0.3504407 0.3431241 0.3327404 0.1528173 0.2715655 0.3136719 0.3472864 0.3401768 0.3434177 0.3604356 0.3402434 0.3412278 0.3418536 0.3479341 0.3504598 0.5004530 0.2460033 0.2886672 0.5362502 0.2305823 0.2018752 0.3443267 0.3373102 0.2789524 0.4267611 0.3038544 0.1319267 0.3546432 0.5189358 0.3299625 0.3730112 0.3322021 0.1491435 0.5376799 0.3501988 0.3145431 0.3534453 0.3453191 0.3599656 0.1605458 0.3516557 0.3618881 0.3626768 0.4588389 0.3940898 0.3412470 0.8147551 0.2862589 
Eutetras_palmeri_63                        0.0876252 0.1498880 0.0737973 0.3385025 0.0000000 0.0532109 0.1815645 0.1222530 0.3853764 0.0788971 0.1684604 0.1257858 0.1082531 0.1126016 0.1138422 0.1115696 0.1813303 0.0466699 0.1125305 0.1155794 0.0588083 0.1449405 0.0709149 0.1962116 0.0622562 0.1320959 0.1644578 0.1465819 0.2080272 0.1811084 0.1085353 0.1433880 0.0609142 0.0788971 0.1138921 0.0818942 0.0842273 0.1247238 0.1373898 0.1255586 0.0629307 0.1076129 0.1203638 0.1118330 0.1229755 0.1658486 0.1152469 0.1343804 0.1290130 0.1784892 0.1152751 0.1129927 0.0657408 0.0890299 0.1082310 0.0832712 0.0975924 0.0985399 0.1460288 0.1347629 0.1160585 0.3151582 0.1700086 0.0651006 0.2424649 0.3375368 0.1062929 0.1193728 0.1069310 0.0766464 0.1533939 0.1263461 0.1248453 0.1216984 0.1165666 0.1123357 0.0720457 0.1154549 0.1366152 0.1547987 0.0844385 0.3170540 0.1257918 0.0821260 0.1372485 
Eutetras_pringlei_149_quer                 0.6031869 0.1326879 0.0000010 0.1515047 0.0532109 0.0000000 0.1148689 0.1157402 0.1605414 0.0000010 0.0959948 0.0861602 0.0777593 0.0824599 0.0885291 0.0834903 0.0741761 0.0000010 0.0883612 0.0848469 0.0000010 0.0861433 0.0848305 0.0815928 0.1140702 0.0824599 0.0854394 0.0848220 0.1226928 0.0835083 0.0872144 0.0951266 0.0000010 0.0000010 0.0849689 0.0000010 0.1458986 0.0849601 0.0888855 0.0850092 0.0703728 0.0850426 0.0782119 0.0824599 0.0746888 0.0890146 0.0777667 0.0861345 0.0862560 0.0816799 0.0777593 0.0882671 0.2520571 0.0838736 0.0885291 0.4362190 0.0919092 0.0814748 0.0777593 0.0824599 0.0502905 0.1986097 0.0794991 0.0889527 0.0813859 0.1256480 0.0854394 0.0761154 0.0718878 0.0813859 0.0000010 0.0777593 0.0875564 0.0932028 0.0861433 0.0812069 0.0861345 0.0798238 0.0744480 0.0862862 0.6476838 0.1340046 0.0824599 0.0000010 0.1065300 
Eutrochium_fistulosum_SRR9119106           0.6031869 0.1924830 0.0000010 0.1599149 0.1815645 0.1148689 0.0000000 0.1365777 0.3981314 0.0000010 0.2069070 0.1819052 0.1870825 0.1766550 0.2068494 0.1825450 0.0997239 0.0000010 0.1967876 0.1804731 0.0000010 0.1849645 0.0746902 0.1901969 0.1140702 0.1765660 0.1827143 0.1823057 0.1890712 0.1912126 0.0888472 0.2003025 0.0000010 0.0000010 0.1846810 0.0000010 0.1458986 0.1882859 0.1951321 0.1808229 0.0709246 0.1950488 0.2173724 0.1807155 0.2081824 0.1935781 0.1877424 0.1831120 0.1818918 0.2090493 0.1887778 0.1920969 0.2520571 0.1746132 0.1411249 0.4362190 0.1138036 0.0928196 0.1791420 0.1801788 0.1582727 0.3632570 0.1375161 0.0827293 0.1854428 0.3812919 0.1811517 0.1988558 0.1908047 0.0946102 0.0000010 0.1841795 0.1743610 0.1798908 0.1813318 0.1861934 0.0787561 0.1819244 0.2198111 0.1917464 0.3931685 0.3690553 0.1785582 0.0000010 0.2018988 
Galeana_pratensis_104_mex                  0.6031869 0.1329030 0.0000010 0.1646995 0.1222530 0.1157402 0.1365777 0.0000000 0.2489191 0.0000010 0.1238135 0.1106261 0.1023641 0.1070968 0.1087842 0.0982519 0.0999303 0.0000010 0.1190578 0.1119481 0.0000010 0.1072139 0.1030180 0.1087319 0.2348758 0.1037681 0.1004836 0.1124279 0.1797792 0.1332153 0.1259000 0.1410161 0.0000010 0.0000010 0.1193802 0.0000010 0.1458986 0.1122055 0.1297034 0.1025912 0.0597503 0.1155520 0.1164174 0.1037681 0.1097115 0.1298767 0.1089592 0.1070856 0.1073386 0.1160680 0.1023641 0.1226832 0.3900198 0.0964291 0.1087842 0.6046585 0.1156392 0.1090106 0.1023641 0.1038811 0.1304400 0.2359088 0.1222736 0.1071972 0.1057933 0.1903958 0.1004836 0.1132810 0.1058976 0.0964951 0.0000010 0.1054529 0.1264455 0.1101718 0.1070968 0.1085461 0.1047131 0.1093746 0.1068366 0.1072554 8.9999982 0.2015407 0.1038811 0.0000010 0.1365802 
Helianthus_annuus_SRR9119062               0.4491693 0.2825135 0.8364155 0.3966499 0.3853764 0.1605414 0.3981314 0.2489191 0.0000000 0.4392830 0.3139832 0.3761504 0.3613813 0.3700463 0.3546269 0.3645251 0.3915230 0.4221184 0.3319473 0.3698882 0.3075842 0.3689287 0.2648441 0.3936776 0.3607491 0.3629500 0.3750804 0.3234100 0.3551106 0.3957183 0.3888334 0.4104149 0.4220767 0.4392830 0.3745873 0.4207946 0.4040795 0.3679935 0.3387406 0.3563304 0.2748130 0.3762436 0.3596052 0.3679254 0.3652978 0.3041085 0.3650123 0.3414580 0.3291023 0.4566749 0.3614989 0.3772097 0.3759937 0.3701362 0.3530123 0.4284571 0.3614466 0.3603045 0.3467609 0.3237408 0.3486815 0.3885186 0.3293133 0.2402866 0.3394819 0.4481475 0.3786654 0.3419169 0.3058827 0.3420723 0.6349317 0.3631588 0.4037936 0.3778583 0.3701484 0.3555035 0.2594515 0.3349929 0.3675145 0.3642859 0.4344285 0.4485571 0.3569496 0.4401297 0.3720508 
Lycapsus_tenuifolius_17                    0.0000010 0.3515245 0.0000010 0.6428386 0.0788971 0.0000010 0.0000010 0.0000010 0.4392830 0.0000000 0.4209820 0.0720044 0.0602391 0.0711986 0.0816575 0.0668547 0.6469694 0.0772024 0.0635358 0.0735149 0.0593809 0.6491197 0.0000010 0.6489033 0.0503680 0.0000010 0.5525674 0.4755297 0.5415529 0.6270534 0.0000010 0.3859299 0.0768590 0.0000010 0.0717558 0.0766833 0.0739156 0.0735285 0.0000010 0.0000010 0.0702085 0.0635348 0.0770415 0.0703282 0.0737177 0.5585552 0.0707003 0.1969484 0.1911814 0.2992538 0.0803049 0.0536543 0.0438085 0.0629335 0.0000010 0.0736116 0.0000010 0.0000010 0.6074712 0.3436262 0.0000010 0.0000010 0.2049928 0.0000010 0.7903493 0.0000010 0.0604152 0.0802155 0.0665051 0.0000010 0.1711245 0.1051437 0.0590177 0.0703282 0.0763665 0.0731948 0.0791116 0.0802155 0.0569284 0.0000010 0.0602231 0.0000010 0.0000010 0.0871320 0.0000010 
Pericome_caudata_50_silver                 0.4315689 0.1710937 0.4663977 0.3570659 0.1684604 0.0959948 0.2069070 0.1238135 0.3139832 0.4209820 0.0000000 0.1741552 0.1830282 0.1856480 0.1900234 0.1965882 0.1571473 0.4210076 0.1690870 0.1951184 0.3085818 0.1758505 0.0784855 0.1974021 0.3614460 0.1652054 0.1743757 0.1620342 0.1751976 0.1900540 0.0916450 0.1614956 0.4366088 0.4209820 0.1959048 0.4517751 0.4071571 0.1934291 0.1673475 0.1701422 0.1648063 0.2051641 0.1112169 0.1851720 0.1077368 0.1523805 0.1927204 0.1596211 0.1564538 0.1453580 0.1842472 0.1809718 0.3762722 0.1938452 0.1407217 0.3787858 0.1341003 0.1142060 0.1680085 0.1529386 0.1348153 0.3330811 0.1729972 0.0865082 0.1701819 0.3286966 0.1826436 0.1801779 0.1762227 0.0976586 0.5872983 0.1876431 0.1584451 0.1947987 0.1718212 0.1931953 0.0985407 0.1690089 0.1395155 0.1984567 0.3484395 0.3390283 0.1610996 0.4384528 0.1752214 
Perityle_aglossa_84_dead_horse             0.0843075 0.1526419 0.0691586 0.3443129 0.1257858 0.0861602 0.1819052 0.1106261 0.3761504 0.0720044 0.1741552 0.0000000 0.0380934 0.0316760 0.0429642 0.0437469 0.0689440 0.0884167 0.1044868 0.0326043 0.0564046 0.0248912 0.0216431 0.0710196 0.0401230 0.0227525 0.0941890 0.0433057 0.1828731 0.1798513 0.1028020 0.1464652 0.0916969 0.0720044 0.0388876 0.0710773 0.0788182 0.0436758 0.1364850 0.0366224 0.0288669 0.0392216 0.1396797 0.0364238 0.1380612 0.1520534 0.0418895 0.0238529 0.0249078 0.1518163 0.0381277 0.0463976 0.0493886 0.0504387 0.0325877 0.0922093 0.0358238 0.0382380 0.0430816 0.0226894 0.1301327 0.3320516 0.1568915 0.0294852 0.1244473 0.3297642 0.0579626 0.1137172 0.0990421 0.0221827 0.1646319 0.0426295 0.1272362 0.0425957 0.0316655 0.0361605 0.0270045 0.1028989 0.1604739 0.0577570 0.0800161 0.3224592 0.0205781 0.0812880 0.1123851 
Perityle_ajoensis_204                      0.0686211 0.1495034 0.0635770 0.3475226 0.1082531 0.0777593 0.1870825 0.1023641 0.3613813 0.0602391 0.1830282 0.0380934 0.0000000 0.0240794 0.0230468 0.0306484 0.1015417 0.0526128 0.0921558 0.0288279 0.0000010 0.0542596 0.0170737 0.0898973 0.0269628 0.0283286 0.1095313 0.0599174 0.1996738 0.1821962 0.1014629 0.1493792 0.0502196 0.0602391 0.0245733 0.0531535 0.0684828 0.0355279 0.1361895 0.0365208 0.0054370 0.0262374 0.1254887 0.0216940 0.1228859 0.1698632 0.0191801 0.0337432 0.0315189 0.1796851 0.0071688 0.0531518 0.0300460 0.0298076 0.0172938 0.0743247 0.0340104 0.0395704 0.0389525 0.0404199 0.1299900 0.3229568 0.1517218 0.0210532 0.1564752 0.3310766 0.0483619 0.1034734 0.0870010 0.0118652 0.1318396 0.0296972 0.1192776 0.0330452 0.0253576 0.0230754 0.0119818 0.0916844 0.1428962 0.0578316 0.0282074 0.3275854 0.0261553 0.0245256 0.1113789 
Perityle_ambrosiifolia_67_green            0.0795727 0.1525317 0.0746715 0.3448634 0.1126016 0.0824599 0.1766550 0.1070968 0.3700463 0.0711986 0.1856480 0.0316760 0.0240794 0.0000000 0.0351961 0.0307705 0.1010708 0.0637481 0.0973493 0.0273264 0.0128270 0.0465760 0.0172160 0.0966126 0.0397725 0.0085648 0.1046450 0.0610435 0.2042673 0.1795463 0.0981008 0.1442557 0.0641773 0.0711986 0.0279991 0.0671209 0.0727606 0.0307163 0.1296268 0.0331889 0.0109276 0.0274125 0.1327806 0.0241838 0.1300530 0.1626463 0.0266149 0.0155622 0.0271508 0.1876196 0.0275541 0.0525454 0.0429597 0.0329168 0.0249018 0.0753057 0.0326775 0.0334979 0.0370005 0.0339380 0.1240220 0.3419797 0.1537125 0.0213049 0.1492874 0.3272194 0.0476984 0.1058070 0.0913526 0.0140057 0.1388804 0.0322916 0.1156272 0.0183596 0.0134084 0.0264353 0.0150040 0.0949033 0.1493853 0.0496575 0.0402786 0.3238829 0.0172760 0.0375864 0.1072980 
Perityle_angustifolia_13_Eagle_creek       0.0924890 0.1528517 0.0734654 0.3035300 0.1138422 0.0885291 0.2068494 0.1087842 0.3546269 0.0816575 0.1900234 0.0429642 0.0230468 0.0351961 0.0000000 0.0384964 0.0996404 0.0725828 0.1029867 0.0370415 0.0245566 0.0285554 0.0201702 0.0763911 0.0482239 0.0285003 0.1009377 0.0392612 0.2099804 0.1664153 0.1075786 0.1560225 0.0813818 0.0816575 0.0330863 0.0588820 0.0832204 0.0382777 0.1362738 0.0385700 0.0193718 0.0338438 0.1414492 0.0243453 0.1399736 0.1601157 0.0178692 0.0314442 0.0256611 0.1587518 0.0277039 0.0515373 0.0524469 0.0388780 0.0048758 0.0865319 0.0387172 0.0327219 0.0423412 0.0241920 0.1315575 0.3299747 0.1331470 0.0291069 0.1769981 0.4070342 0.0452175 0.1091856 0.0893149 0.0185813 0.1110488 0.0404171 0.1229483 0.0427227 0.0350799 0.0251333 0.0301869 0.0933739 0.1561103 0.0584177 0.0472504 0.3487263 0.0256029 0.0499713 0.1200534 
Perityle_batopilensis_97                   0.0751641 0.1493697 0.0730871 0.3484577 0.1115696 0.0834903 0.1825450 0.0982519 0.3645251 0.0668547 0.1965882 0.0437469 0.0306484 0.0307705 0.0384964 0.0000000 0.1167136 0.0594384 0.0916062 0.0355681 0.0062996 0.0588908 0.0283742 0.1060943 0.0330811 0.0352369 0.1078702 0.0657599 0.2051678 0.1864050 0.1051287 0.1489188 0.0567264 0.0668547 0.0348345 0.0596473 0.0750113 0.0406869 0.1304434 0.0043532 0.0164340 0.0322572 0.1349201 0.0325149 0.1309435 0.1633747 0.0332374 0.0415806 0.0403556 0.1917096 0.0343150 0.0542339 0.0361942 0.0312855 0.0365352 0.0808430 0.0436061 0.0431166 0.0557275 0.0449118 0.1255578 0.3346182 0.1573746 0.0214702 0.1612540 0.3232969 0.0485477 0.1028618 0.0843214 0.0325799 0.1414371 0.0431350 0.1186726 0.0381844 0.0324193 0.0346591 0.0228374 0.0920455 0.1473978 0.0664332 0.0368506 0.3222032 0.0307637 0.0307772 0.1160478 
Perityle_bisetosa_9                        0.6451413 0.1440656 0.8153933 0.2629771 0.1813303 0.0741761 0.0997239 0.0999303 0.3915230 0.6469694 0.1571473 0.0689440 0.1015417 0.1010708 0.0996404 0.1167136 0.0000000 0.6262324 0.1909889 0.1094755 0.5656671 0.0535231 0.0170745 0.0261328 0.6075940 0.0254845 0.1025289 0.0753641 0.2041392 0.1491083 0.0985839 0.1322776 0.6514404 0.6469694 0.1038534 0.6781078 0.6509318 0.1190854 0.1143800 0.0361987 0.1761164 0.1366548 0.1930289 0.1076194 0.1827486 0.1747214 0.1028012 0.0325848 0.0339750 0.2226336 0.1030385 0.1531420 0.6048117 0.1662387 0.0257112 0.6531890 0.0401388 0.0416512 0.0213865 0.0482816 0.1152314 0.2806675 0.2189399 0.0263952 0.1232322 0.2146701 0.1538317 0.1992342 0.1859112 0.0158893 0.9358184 0.0870061 0.1704025 0.1150270 0.0799130 0.1075521 0.0807490 0.1959723 0.2047543 0.0211684 0.5628419 0.2345220 0.0240953 0.6812016 0.0775046 
Perityle_californica_76_positas            0.0772024 0.3515245 0.0736503 0.6428386 0.0466699 0.0000010 0.0000010 0.0000010 0.4221184 0.0772024 0.4210076 0.0884167 0.0526128 0.0637481 0.0725828 0.0594384 0.6262324 0.0000000 0.0733675 0.0628677 0.0549423 0.6751808 0.0000010 0.6280619 0.0491653 0.0000010 0.5666161 0.5053458 0.5035597 0.6270534 0.0000010 0.3992635 0.0629061 0.0772024 0.0642956 0.0697968 0.0738819 0.0628799 0.0000010 0.0000010 0.0582696 0.0560136 0.0771461 0.0663734 0.0736764 0.4993063 0.0633522 0.2314593 0.2246401 0.3220949 0.0730106 0.0525825 0.0491936 0.0579161 0.0000010 0.0664630 0.0000010 0.0000010 0.6057200 0.3714458 0.0000010 0.0000010 0.1935612 0.0000010 0.7378609 0.0000010 0.0527723 0.0807101 0.0524372 0.0000010 0.1743229 0.0990159 0.0806438 0.0630072 0.0676385 0.0626660 0.0745336 0.0807101 0.0702152 0.0000010 0.0526019 0.0000010 0.0000010 0.0769302 0.0000010 
Perityle_canescens_77                      0.0718816 0.1278938 0.0588643 0.3597454 0.1125305 0.0883612 0.1967876 0.1190578 0.3319473 0.0635358 0.1690870 0.1044868 0.0921558 0.0973493 0.1029867 0.0916062 0.1909889 0.0733675 0.0000000 0.0985683 0.0455659 0.1378006 0.0702797 0.1861896 0.0547899 0.1154896 0.1602242 0.1409798 0.1606386 0.1738312 0.1061677 0.1421132 0.0699243 0.0635358 0.1016121 0.0695837 0.0651288 0.1039724 0.1204299 0.1070228 0.0563526 0.0933821 0.1149170 0.0996449 0.1017691 0.1619274 0.0982886 0.1199411 0.1127344 0.1651444 0.0991809 0.0899973 0.0580052 0.0847745 0.1043507 0.0674556 0.1071210 0.0881080 0.1285980 0.1206731 0.1049309 0.2452523 0.1561132 0.0731929 0.2445750 0.2994077 0.0966873 0.0748880 0.0796198 0.0828712 0.1655991 0.1098208 0.1066638 0.1060348 0.0992117 0.1012914 0.0687183 0.0679035 0.1291276 0.1532576 0.0740430 0.2736451 0.1085630 0.0765066 0.1128084 
Perityle_castillonii_96                    0.0817490 0.1492132 0.0826932 0.3520823 0.1155794 0.0848469 0.1804731 0.1119481 0.3698882 0.0735149 0.1951184 0.0326043 0.0288279 0.0273264 0.0370415 0.0355681 0.1094755 0.0628677 0.0985683 0.0000000 0.0158343 0.0574415 0.0214248 0.1033858 0.0423223 0.0271849 0.1061027 0.0642148 0.2056132 0.1802764 0.1059814 0.1478404 0.0665454 0.0735149 0.0278226 0.0694416 0.0783037 0.0330187 0.1372802 0.0387628 0.0183018 0.0291019 0.1338209 0.0323595 0.1331351 0.1684546 0.0338757 0.0358924 0.0368700 0.1936312 0.0332819 0.0505177 0.0454788 0.0358984 0.0299327 0.0839683 0.0371041 0.0379459 0.0487406 0.0435676 0.1326599 0.3381574 0.1564324 0.0290716 0.1492597 0.3280330 0.0491394 0.1079816 0.0916825 0.0239853 0.1268199 0.0395728 0.1233930 0.0363045 0.0305155 0.0328242 0.0195382 0.0991652 0.1543544 0.0613615 0.0426723 0.3183508 0.0272386 0.0402227 0.1112963 
Perityle_cernua_84                         0.0593809 0.3515245 0.0635770 0.6428386 0.0588083 0.0000010 0.0000010 0.0000010 0.3075842 0.0593809 0.3085818 0.0564046 0.0000010 0.0128270 0.0245566 0.0062996 0.5656671 0.0549423 0.0455659 0.0158343 0.0000000 0.4705497 0.0000010 0.5673795 0.0256310 0.0000010 0.5425751 0.2846444 0.4904696 0.6270534 0.0000010 0.3271608 0.0523381 0.0593809 0.0129267 0.0520503 0.0696600 0.0158374 0.0000010 0.0000010 0.0069526 0.0031432 0.0660244 0.0158641 0.0626254 0.4356614 0.0095369 0.1969484 0.1911814 0.2612752 0.0165401 0.0289101 0.0256456 0.0000010 0.0000010 0.0693249 0.0000010 0.0000010 0.6078248 0.2817822 0.0000010 0.0000010 0.1379450 0.0000010 0.6881648 0.0000010 0.0000010 0.0660225 0.0255889 0.0000010 0.1318396 0.0455640 0.0426473 0.0094871 0.0114128 0.0125950 0.0124471 0.0660225 0.0523770 0.0000010 0.0094504 0.0000010 0.0000010 0.0223087 0.0000010 
Perityle_cfvillosa_25_tin                  0.6440741 0.1482043 0.0000010 0.3397217 0.1449405 0.0861433 0.1849645 0.1072139 0.3689287 0.6491197 0.1758505 0.0248912 0.0542596 0.0465760 0.0285554 0.0588908 0.0535231 0.6751808 0.1378006 0.0574415 0.4705497 0.0000000 0.0237902 0.0513438 0.5414831 0.0205537 0.0675546 0.0527214 0.1904809 0.1757394 0.1004985 0.1407652 0.6388958 0.6491197 0.0578386 0.6768322 0.5563329 0.0621186 0.1299661 0.0320946 0.0969739 0.0649624 0.1787080 0.0383235 0.1707625 0.1415457 0.0511201 0.0220166 0.0082919 0.1880663 0.0531830 0.0842834 0.5723011 0.0441187 0.0274565 0.5687219 0.0342149 0.0397644 0.0337799 0.0122555 0.1255972 0.3414192 0.1565389 0.0294433 0.0489216 0.3367496 0.0883937 0.1424194 0.1357589 0.0201011 0.7753055 0.0574297 0.1382744 0.0584604 0.0193988 0.0530111 0.0069669 0.1293549 0.1998944 0.0462961 0.5057324 0.3312503 0.0075064 0.6768322 0.1076419 
Perityle_cinerea_113_Powell1310            0.6031869 0.1182282 0.0000010 0.1490298 0.0709149 0.0848305 0.0746902 0.1030180 0.2648441 0.0000010 0.0784855 0.0216431 0.0170737 0.0172160 0.0201702 0.0283742 0.0170745 0.0000010 0.0702797 0.0214248 0.0000010 0.0237902 0.0000000 0.0258352 0.1140702 0.0194037 0.0506266 0.0301432 0.1353197 0.0859305 0.0892810 0.0911834 0.0000010 0.0000010 0.0237333 0.0000010 0.1458986 0.0324150 0.0731097 0.0257582 0.0000010 0.0165267 0.0686760 0.0172183 0.0616216 0.0731781 0.0149216 0.0237717 0.0238098 0.0661278 0.0192407 0.0503114 0.2520571 0.0206938 0.0213809 0.4362190 0.0367264 0.0235699 0.0170473 0.0215894 0.0692170 0.1910545 0.0746188 0.0272912 0.0170884 0.1376147 0.0506266 0.0720227 0.0488955 0.0095783 0.0000010 0.0235989 0.0836679 0.0281577 0.0194046 0.0148685 0.0164281 0.0720287 0.0700501 0.0237970 0.3187154 0.1388836 0.0216237 0.0000010 0.0476347 
Perityle_coahuilensis_24                   0.6469883 0.1528792 0.8153933 0.3587067 0.1962116 0.0815928 0.1901969 0.1087319 0.3936776 0.6489033 0.1974021 0.0710196 0.0898973 0.0966126 0.0763911 0.1060943 0.0261328 0.6280619 0.1861896 0.1033858 0.5673795 0.0513438 0.0258352 0.0000000 0.6092637 0.0318472 0.0903695 0.0714158 0.2143449 0.1870785 0.1132510 0.1640519 0.6534058 0.6489033 0.1033918 0.6801677 0.6785135 0.0994496 0.1437608 0.0413179 0.1774695 0.1150755 0.2286099 0.0917815 0.2167743 0.1909436 0.0808889 0.0383174 0.0338869 0.2482230 0.0899074 0.1303860 0.6064627 0.1311300 0.0172903 0.6805014 0.0434156 0.0508218 0.0218844 0.0450662 0.1358913 0.3276940 0.2276578 0.0265222 0.1097340 0.3351137 0.1315323 0.1978408 0.1840020 0.0241033 0.9475874 0.0642549 0.1945915 0.1110516 0.0764797 0.0925059 0.0921068 0.1833627 0.2451115 0.0546347 0.5641849 0.3341741 0.0274098 0.6833171 0.1226285 
Perityle_cochisensis_44_cave_creek         0.0556133 0.2800548 0.0495210 0.4377442 0.0622562 0.1140702 0.1140702 0.2348758 0.3607491 0.0503680 0.3614460 0.0401230 0.0269628 0.0397725 0.0482239 0.0330811 0.6075940 0.0491653 0.0547899 0.0423223 0.0256310 0.5414831 0.1140702 0.6092637 0.0000000 0.1140702 0.5444620 0.4178481 0.4148404 0.4416236 0.2348758 0.3395393 0.0435316 0.0503680 0.0337630 0.0498591 0.0586570 0.0423300 0.1140702 0.1140702 0.0329714 0.0300136 0.0645395 0.0393055 0.0613771 0.4812698 0.0364084 0.1784998 0.1744078 0.2772204 0.0408904 0.0058964 0.0088561 0.0332835 0.1140702 0.0645019 0.2423122 0.1140702 0.5146058 0.3044317 0.2348758 0.1140702 0.1641769 0.1140702 0.7104527 0.1140702 0.0270372 0.0677769 0.0298835 0.1140702 0.1613922 0.0713786 0.0565845 0.0362274 0.0452865 0.0390824 0.0451327 0.0676597 0.0455880 0.1140702 0.0277123 0.1140702 0.1140702 0.0436653 0.1140702 
Perityle_congesta_202                      0.6031869 0.1481791 0.0000010 0.3402434 0.1320959 0.0824599 0.1765660 0.1037681 0.3629500 0.0000010 0.1652054 0.0227525 0.0283286 0.0085648 0.0285003 0.0352369 0.0254845 0.0000010 0.1154896 0.0271849 0.0000010 0.0205537 0.0194037 0.0318472 0.1140702 0.0000000 0.0619973 0.0399970 0.1809612 0.1747817 0.0981121 0.1426412 0.0000010 0.0000010 0.0290954 0.0000010 0.1458986 0.0362892 0.1301603 0.0333118 0.0000010 0.0314515 0.1585249 0.0184901 0.1550784 0.1287503 0.0295010 0.0074930 0.0194682 0.1592287 0.0272214 0.0568329 0.2520571 0.0420909 0.0274507 0.4362190 0.0357430 0.0397527 0.0282705 0.0172651 0.1285775 0.3348542 0.1559607 0.0239838 0.0315965 0.3269060 0.0608269 0.1217589 0.1131256 0.0140074 0.0000010 0.0271763 0.1384560 0.0150457 0.0074883 0.0271312 0.0023253 0.1064202 0.1830822 0.0486604 0.2915630 0.3212671 0.0151053 0.0000010 0.1029459 
Perityle_cordifolia_27                     0.5552438 0.1485712 0.7235656 0.3332280 0.1644578 0.0854394 0.1827143 0.1004836 0.3750804 0.5525674 0.1743757 0.0941890 0.1095313 0.1046450 0.1009377 0.1078702 0.1025289 0.5666161 0.1602242 0.1061027 0.5425751 0.0675546 0.0506266 0.0903695 0.5444620 0.0619973 0.0000000 0.0752355 0.1907436 0.1745939 0.0936043 0.1351843 0.5688795 0.5525674 0.1119204 0.6336769 0.5311012 0.1165170 0.1263624 0.0649931 0.1192464 0.0959548 0.1956507 0.1082823 0.1867270 0.1546898 0.1066785 0.0654050 0.0664330 0.2149230 0.1097712 0.0788526 0.5613495 0.1151043 0.0646397 0.5477100 0.0574114 0.0476571 0.0625534 0.0640656 0.1182969 0.3255758 0.2208614 0.0487531 0.1169911 0.3184201 0.0468523 0.1602963 0.1587910 0.0470065 0.8030366 0.0896197 0.1721914 0.1164240 0.1017715 0.1100291 0.1103371 0.1481705 0.2093259 0.0969524 0.4719554 0.3180024 0.0597186 0.5866571 0.1243884 
Perityle_cordifolia_68_tecolote            0.4875791 0.1409166 0.0000010 0.3418238 0.1465819 0.0848220 0.1823057 0.1124279 0.3234100 0.4755297 0.1620342 0.0433057 0.0599174 0.0610435 0.0392612 0.0657599 0.0753641 0.5053458 0.1409798 0.0642148 0.2846444 0.0527214 0.0301432 0.0714158 0.4178481 0.0399970 0.0752355 0.0000000 0.2010462 0.1816027 0.0996933 0.1473938 0.5043135 0.4755297 0.0681953 0.5344237 0.4130081 0.0710837 0.1393945 0.0427273 0.0843259 0.0651603 0.1747643 0.0591618 0.1682438 0.1304457 0.0609306 0.0406959 0.0361960 0.1978880 0.0588292 0.0891160 0.4427617 0.0343169 0.0363870 0.4515111 0.0057955 0.0442852 0.0420098 0.0312235 0.1339697 0.3410806 0.1613805 0.0372682 0.0425582 0.3309412 0.0909663 0.1443240 0.1418413 0.0302009 0.7343562 0.0641838 0.1440187 0.0744312 0.0409990 0.0662517 0.0259111 0.1312352 0.1994313 0.0644663 0.4125102 0.3329962 0.0354729 0.5344237 0.1170936 
Perityle_coronopifolia_28_patagonia        0.5467974 0.1547423 0.4663977 0.3319386 0.2080272 0.1226928 0.1890712 0.1797792 0.3551106 0.5415529 0.1751976 0.1828731 0.1996738 0.2042673 0.2099804 0.2051678 0.2041392 0.5035597 0.1606386 0.2056132 0.4904696 0.1904809 0.1353197 0.2143449 0.4148404 0.1809612 0.1907436 0.2010462 0.0000000 0.2010869 0.1529828 0.1626120 0.5372933 0.5415529 0.2137156 0.5375347 0.5243779 0.2197470 0.1867097 0.1782231 0.3243742 0.2072470 0.2109917 0.2115216 0.1976919 0.1946010 0.2053727 0.1839503 0.1820234 0.2372306 0.2015965 0.1828739 0.4366376 0.3184790 0.1790742 0.5198931 0.1906683 0.1681207 0.1754195 0.1902150 0.1514670 0.2893958 0.1916465 0.1585758 0.1903024 0.0079648 0.1951830 0.1619442 0.1514646 0.1816028 0.4916935 0.2070050 0.1739743 0.2120208 0.1886309 0.2056708 0.1363540 0.1620883 0.1987682 0.1809169 0.4472795 0.0198072 0.1773176 0.5175920 0.1900873 
Perityle_crassifolia_70_ventanas           0.6190901 0.1680162 0.6270534 0.3492523 0.1811084 0.0835083 0.1912126 0.1332153 0.3957183 0.6270534 0.1900540 0.1798513 0.1821962 0.1795463 0.1664153 0.1864050 0.1491083 0.6270534 0.1738312 0.1802764 0.6270534 0.1757394 0.0859305 0.1870785 0.4416236 0.1747817 0.1745939 0.1816027 0.2010869 0.0000000 0.0114336 0.0739098 0.6270534 0.6270534 0.1840364 0.6270534 0.4264069 0.1884555 0.1721298 0.1792588 0.1229411 0.1542892 0.1723121 0.1768755 0.1943190 0.1705764 0.1834916 0.1762420 0.1728797 0.1975462 0.1808170 0.1760262 0.5210186 0.1555222 0.1631295 0.5280091 0.1188415 0.1093495 0.1835626 0.1712926 0.1401754 0.2908849 0.1659126 0.0991185 0.1860595 0.3521807 0.1768227 0.1664154 0.1624152 0.0957525 0.6270534 0.1891495 0.0617585 0.1901449 0.1795774 0.1840713 0.0979216 0.1626111 0.2139973 0.2001133 0.3775207 0.2925125 0.1717904 0.7751714 0.1540864 
Perityle_crassifolia_74_playa_balandra     0.6031869 0.1489696 0.0000010 0.1454128 0.1085353 0.0872144 0.0888472 0.1259000 0.3888334 0.0000010 0.0916450 0.1028020 0.1014629 0.0981008 0.1075786 0.1051287 0.0985839 0.0000010 0.1061677 0.1059814 0.0000010 0.1004985 0.0892810 0.1132510 0.2348758 0.0981121 0.0936043 0.0996933 0.1529828 0.0114336 0.0000000 0.0370447 0.0000010 0.0000010 0.1064126 0.0000010 0.1458986 0.1063888 0.0910601 0.1036636 0.0861718 0.0974096 0.1154895 0.1004532 0.1108930 0.0911420 0.1038769 0.1024682 0.0983960 0.1152521 0.0993061 0.0975780 0.3900198 0.0957949 0.1037481 0.6046585 0.1061408 0.0953441 0.1015658 0.0961072 0.0879624 0.2763238 0.0829201 0.0957869 0.1063258 0.2428265 0.0936043 0.0918795 0.0939514 0.0929465 0.0000010 0.1061317 0.0153059 0.1045480 0.1023820 0.1057802 0.0901699 0.0867042 0.1171108 0.1026584 0.0000010 0.2623561 0.0961072 0.0000010 0.1004807 
Perityle_cuneata_34_cuneata_San_antonio    0.4375596 0.1801916 0.3334390 0.3434450 0.1433880 0.0951266 0.2003025 0.1410161 0.4104149 0.3859299 0.1614956 0.1464652 0.1493792 0.1442557 0.1560225 0.1489188 0.1322776 0.3992635 0.1421132 0.1478404 0.3271608 0.1407652 0.0911834 0.1640519 0.3395393 0.1426412 0.1351843 0.1473938 0.1626120 0.0739098 0.0370447 0.0000000 0.4831631 0.3859299 0.1510932 0.4138755 0.3306382 0.1538684 0.1396480 0.1442017 0.0975357 0.1410007 0.1733422 0.1481762 0.1649681 0.1391727 0.1526867 0.1440149 0.1408765 0.1725389 0.1480510 0.1354728 0.3961190 0.1457277 0.1372703 0.3927052 0.1279003 0.1152453 0.1468521 0.1366174 0.1176808 0.3256920 0.1628061 0.1089523 0.1543461 0.3079362 0.1303991 0.1353075 0.1291562 0.0961955 0.4799089 0.1530936 0.0544361 0.1554585 0.1440406 0.1524924 0.0995072 0.1285245 0.1886472 0.1502597 0.2750307 0.3152429 0.1386821 0.3271608 0.1469806 
Perityle_cuneata_4                         0.0768590 1.6359916 0.0732200 0.7833055 0.0609142 0.0000010 0.0000010 0.0000010 0.4220767 0.0768590 0.4366088 0.0916969 0.0502196 0.0641773 0.0813818 0.0567264 0.6514404 0.0629061 0.0699243 0.0665454 0.0523381 0.6388958 0.0000010 0.6534058 0.0435316 0.0000010 0.5688795 0.5043135 0.5372933 0.6270534 0.0000010 0.4831631 0.0000000 0.0768590 0.0579311 0.0763195 0.0768231 0.0665577 0.0000010 0.0000010 0.0626197 0.0534619 0.0700607 0.0600760 0.0733911 0.5542488 0.0604362 0.1979971 0.2276907 0.2876657 0.0695181 0.0467596 0.0435555 0.0546617 0.0000010 0.0833374 0.0000010 0.0000010 0.6078248 0.3707219 0.0000010 0.0000010 0.2052491 0.0000010 0.7469008 0.0000010 0.0503649 0.0731199 0.0532183 0.0000010 0.1821470 0.0977338 0.0674263 0.0601220 0.0678135 0.0630065 0.0743036 0.0731199 0.0602207 0.0000010 0.0598841 0.0000010 0.0000010 0.0730818 0.0000010 
Perityle_discoidea_81                      0.0000010 0.3515245 0.0000010 0.6428386 0.0788971 0.0000010 0.0000010 0.0000010 0.4392830 0.0000010 0.4209820 0.0720044 0.0602391 0.0711986 0.0816575 0.0668547 0.6469694 0.0772024 0.0635358 0.0735149 0.0593809 0.6491197 0.0000010 0.6489033 0.0503680 0.0000010 0.5525674 0.4755297 0.5415529 0.6270534 0.0000010 0.3859299 0.0768590 0.0000000 0.0717558 0.0766833 0.0739156 0.0735285 0.0000010 0.0000010 0.0702085 0.0635348 0.0770415 0.0703282 0.0737177 0.5585552 0.0707003 0.1969484 0.1911814 0.2992538 0.0803049 0.0536543 0.0438085 0.0629335 0.0000010 0.0736116 0.0000010 0.0000010 0.6074712 0.3436262 0.0000010 0.0000010 0.2049928 0.0000010 0.7903493 0.0000010 0.0604152 0.0802155 0.0665051 0.0000010 0.1711245 0.1051437 0.0590177 0.0703282 0.0763665 0.0731948 0.0791116 0.0802155 0.0569284 0.0000010 0.0602231 0.0000010 0.0000010 0.0871320 0.0000010 
Perityle_dissecta_201                      0.0801837 0.1588759 0.0752985 0.3561429 0.1138921 0.0849689 0.1846810 0.1193802 0.3745873 0.0717558 0.1959048 0.0388876 0.0245733 0.0279991 0.0330863 0.0348345 0.1038534 0.0642956 0.1016121 0.0278226 0.0129267 0.0578386 0.0237333 0.1033918 0.0337630 0.0290954 0.1119204 0.0681953 0.2137156 0.1840364 0.1064126 0.1510932 0.0579311 0.0717558 0.0000000 0.0642657 0.0799714 0.0346808 0.1396884 0.0380822 0.0164444 0.0323341 0.1352928 0.0238393 0.1369094 0.1750980 0.0271574 0.0357371 0.0356257 0.1941619 0.0289152 0.0571225 0.0400966 0.0346929 0.0265407 0.0792819 0.0387844 0.0429139 0.0458738 0.0436098 0.1292818 0.3356407 0.1582476 0.0347021 0.1577751 0.3395153 0.0521960 0.1082797 0.0914238 0.0179746 0.1406718 0.0380607 0.1227420 0.0372774 0.0295772 0.0303299 0.0195964 0.0972157 0.1538098 0.0606266 0.0382381 0.3295214 0.0268152 0.0314445 0.1168792 
Perityle_emoryi_47_punta_san_jose          0.0766833 0.4304580 0.0683106 0.6699930 0.0818942 0.0000010 0.0000010 0.0000010 0.4207946 0.0766833 0.4517751 0.0710773 0.0531535 0.0671209 0.0588820 0.0596473 0.6781078 0.0697968 0.0695837 0.0694416 0.0520503 0.6768322 0.0000010 0.6801677 0.0498591 0.0000010 0.6336769 0.5344237 0.5375347 0.6270534 0.0000010 0.4138755 0.0763195 0.0766833 0.0642657 0.0000000 0.0867245 0.0694543 0.0000010 0.0000010 0.0586367 0.0563896 0.0898331 0.0695762 0.0864936 0.6031009 0.0633694 0.2359522 0.2288655 0.3085168 0.0725317 0.0531102 0.0498864 0.0582135 0.0000010 0.0863176 0.0000010 0.0000010 0.6744080 0.3721377 0.0000010 0.0000010 0.1983095 0.0000010 0.7723353 0.0000010 0.0533067 0.0898284 0.0593981 0.0000010 0.1619467 0.0971367 0.0751298 0.0630412 0.0713580 0.0594287 0.0735991 0.0898284 0.0632149 0.0000010 0.0563218 0.0000010 0.0000010 0.0662252 0.0000010 
Perityle_feddemae_99                       0.0788270 0.3418125 0.0783921 0.4932764 0.0842273 0.1458986 0.1458986 0.1458986 0.4040795 0.0739156 0.4071571 0.0788182 0.0684828 0.0727606 0.0832204 0.0750113 0.6509318 0.0738819 0.0651288 0.0783037 0.0696600 0.5563329 0.1458986 0.6785135 0.0586570 0.1458986 0.5311012 0.4130081 0.5243779 0.4264069 0.1458986 0.3306382 0.0768231 0.0739156 0.0799714 0.0867245 0.0000000 0.0716752 0.1458986 0.1458986 0.0752693 0.0717347 0.0119962 0.0850153 0.0089846 0.5088986 0.0753962 0.1876259 0.1831096 0.2428112 0.0886120 0.0651572 0.0619302 0.0689310 0.1458986 0.0686131 0.3161533 0.1458986 0.5030198 0.2953099 0.1458986 0.1458986 0.2035633 0.1458986 0.7308167 0.1458986 0.0686793 0.0653399 0.0714095 0.1458986 0.1883910 0.1127927 0.0816686 0.0784551 0.0821289 0.0812306 0.0852443 0.0653399 0.0720559 0.1458986 0.0700324 0.1458986 0.1458986 0.0938970 0.1458986 
Perityle_fosteri_93                        0.0817637 0.1387103 0.0778046 0.3504407 0.1247238 0.0849601 0.1882859 0.1122055 0.3679935 0.0735285 0.1934291 0.0436758 0.0355279 0.0307163 0.0382777 0.0406869 0.1190854 0.0628799 0.1039724 0.0330187 0.0158374 0.0621186 0.0324150 0.0994496 0.0423300 0.0362892 0.1165170 0.0710837 0.2197470 0.1884555 0.1063888 0.1538684 0.0665577 0.0735285 0.0346808 0.0694543 0.0716752 0.0000000 0.1458723 0.0434968 0.0145959 0.0350063 0.1384013 0.0332844 0.1373899 0.1776355 0.0356290 0.0425921 0.0413917 0.1983881 0.0384216 0.0626397 0.0454871 0.0283153 0.0325282 0.0773583 0.0417432 0.0443803 0.0533135 0.0469855 0.1344370 0.3307608 0.1607242 0.0237637 0.1577148 0.3485071 0.0587004 0.1142913 0.0990063 0.0240491 0.1314151 0.0388021 0.1226950 0.0431182 0.0349696 0.0362314 0.0257285 0.1055337 0.1587598 0.0663301 0.0485677 0.3401511 0.0340769 0.0402302 0.1216096 
Perityle_gamon_221                         0.6031869 0.1493433 0.0000010 0.3431241 0.1373898 0.0888855 0.1951321 0.1297034 0.3387406 0.0000010 0.1673475 0.1364850 0.1361895 0.1296268 0.1362738 0.1304434 0.1143800 0.0000010 0.1204299 0.1372802 0.0000010 0.1299661 0.0731097 0.1437608 0.1140702 0.1301603 0.1263624 0.1393945 0.1867097 0.1721298 0.0910601 0.1396480 0.0000010 0.0000010 0.1396884 0.0000010 0.1458986 0.1458723 0.0000000 0.1303180 0.0972491 0.1241793 0.1469559 0.1334761 0.1463280 0.0044258 0.1404785 0.1314853 0.1298854 0.1472989 0.1374939 0.1239089 0.2520571 0.1305034 0.1235450 0.4362190 0.1185595 0.1089365 0.1384572 0.1259536 0.0919869 0.2793868 0.1383305 0.0822593 0.1396512 0.3424973 0.1250488 0.1050497 0.0971408 0.0962074 0.0000010 0.1385541 0.1375074 0.1419034 0.1296602 0.1367857 0.0757772 0.0966789 0.1393053 0.1688251 0.2864333 0.2976478 0.1277541 0.0000010 0.0295368 
Perityle_gentryi_8_san_francisco           0.6031869 0.1420986 0.0000010 0.3327404 0.1255586 0.0850092 0.1808229 0.1025912 0.3563304 0.0000010 0.1701422 0.0366224 0.0365208 0.0331889 0.0385700 0.0043532 0.0361987 0.0000010 0.1070228 0.0387628 0.0000010 0.0320946 0.0257582 0.0413179 0.1140702 0.0333118 0.0649931 0.0427273 0.1782231 0.1792588 0.1036636 0.1442017 0.0000010 0.0000010 0.0380822 0.0000010 0.1458986 0.0434968 0.1303180 0.0000000 0.0160408 0.0410344 0.1605132 0.0310387 0.1543939 0.1288927 0.0377462 0.0344474 0.0320947 0.1596269 0.0353908 0.0609190 0.2520571 0.0419073 0.0350969 0.4362190 0.0416203 0.0410892 0.0387236 0.0287008 0.1227926 0.3374280 0.1596421 0.0237602 0.0409623 0.3310212 0.0638071 0.1160955 0.1041717 0.0300716 0.0000010 0.0387538 0.1418652 0.0446722 0.0343310 0.0386875 0.0212280 0.1007719 0.1823511 0.0659667 0.3821863 0.3228176 0.0287716 0.0000010 0.1132274 
Perityle_gilensis_22_Superstition          0.0792965 0.0648992 0.0734369 0.1528173 0.0629307 0.0703728 0.0709246 0.0597503 0.2748130 0.0702085 0.1648063 0.0288669 0.0054370 0.0109276 0.0193718 0.0164340 0.1761164 0.0582696 0.0563526 0.0183018 0.0069526 0.0969739 0.0000010 0.1774695 0.0329714 0.0000010 0.1192464 0.0843259 0.3243742 0.1229411 0.0861718 0.0975357 0.0626197 0.0702085 0.0164444 0.0586367 0.0752693 0.0145959 0.0972491 0.0160408 0.0000000 0.0127580 0.0703823 0.0127635 0.0644126 0.2066429 0.0109697 0.0212760 0.0284182 0.1916554 0.0072650 0.0277330 0.0397749 0.0169644 0.0079876 0.0818142 0.0200742 0.0161644 0.0078215 0.0578826 0.0899302 0.3807652 0.0777845 0.0180386 0.3001781 0.2930845 0.0090981 0.0704596 0.0286629 0.0039952 0.1515624 0.0072670 0.0645797 0.0164251 0.0103235 0.0108924 0.0091105 0.0726778 0.0678364 0.0000010 0.0197617 0.2936067 0.0079975 0.0269811 0.0968796 
Perityle_gilensis_salensis_225             0.0718802 0.1527883 0.0683100 0.2715655 0.1076129 0.0850426 0.1950488 0.1155520 0.3762436 0.0635348 0.2051641 0.0392216 0.0262374 0.0274125 0.0338438 0.0322572 0.1366548 0.0560136 0.0933821 0.0291019 0.0031432 0.0649624 0.0165267 0.1150755 0.0300136 0.0314515 0.0959548 0.0651603 0.2072470 0.1542892 0.0974096 0.1410007 0.0534619 0.0635348 0.0323341 0.0563896 0.0717347 0.0350063 0.1241793 0.0410344 0.0127580 0.0000000 0.1314922 0.0274426 0.1284525 0.1679515 0.0254429 0.0421521 0.0407187 0.1959599 0.0314198 0.0428417 0.0331114 0.0283543 0.0285894 0.0775712 0.0404728 0.0365983 0.0512599 0.0476663 0.1159819 0.3314738 0.1269712 0.0263728 0.1798090 0.3826137 0.0293862 0.0988653 0.0766431 0.0301416 0.1318396 0.0378735 0.1070746 0.0340721 0.0312053 0.0290461 0.0185199 0.0872757 0.1418797 0.0674005 0.0257658 0.3216206 0.0342835 0.0276429 0.1076049 
Perityle_glaucescens_94                    0.0852536 0.1738468 0.0828667 0.3136719 0.1203638 0.0782119 0.2173724 0.1164174 0.3596052 0.0770415 0.1112169 0.1396797 0.1254887 0.1327806 0.1414492 0.1349201 0.1930289 0.0771461 0.1149170 0.1338209 0.0660244 0.1787080 0.0686760 0.2286099 0.0645395 0.1585249 0.1956507 0.1747643 0.2109917 0.1723121 0.1154895 0.1733422 0.0700607 0.0770415 0.1352928 0.0898331 0.0119962 0.1384013 0.1469559 0.1605132 0.0703823 0.1314922 0.0000000 0.1294987 0.0071319 0.1850840 0.1326169 0.1631312 0.1564949 0.0725706 0.1345363 0.1274935 0.0678154 0.1275456 0.1304698 0.0745103 0.1300928 0.1107996 0.1698059 0.1627794 0.1189334 0.2958718 0.1496782 0.0654341 0.2857098 0.3570970 0.1233515 0.1199463 0.1068497 0.0853611 0.1873128 0.1439853 0.1350194 0.1419718 0.1379422 0.1324822 0.0720142 0.1134610 0.0832258 0.1999718 0.0838199 0.3260312 0.1538018 0.0902330 0.1624456 
Perityle_gracilis_11                       0.0786161 0.1480373 0.0732448 0.3472864 0.1118330 0.0824599 0.1807155 0.1037681 0.3679254 0.0703282 0.1851720 0.0364238 0.0216940 0.0241838 0.0243453 0.0325149 0.1076194 0.0663734 0.0996449 0.0323595 0.0158641 0.0383235 0.0172183 0.0917815 0.0393055 0.0184901 0.1082823 0.0591618 0.2115216 0.1768755 0.1004532 0.1481762 0.0600760 0.0703282 0.0238393 0.0695762 0.0850153 0.0332844 0.1334761 0.0310387 0.0127635 0.0274426 0.1294987 0.0000000 0.1303374 0.1662580 0.0217323 0.0274396 0.0166920 0.1879832 0.0252304 0.0552747 0.0424536 0.0314940 0.0211860 0.0842931 0.0311805 0.0382067 0.0414873 0.0246927 0.1292277 0.3296031 0.1570502 0.0239838 0.1568815 0.3414481 0.0512980 0.1061782 0.0895577 0.0099720 0.1465040 0.0365549 0.1223318 0.0282191 0.0202935 0.0265139 0.0074546 0.0952979 0.1508233 0.0454611 0.0401285 0.3272572 0.0108164 0.0371348 0.1079167 
