84
Amauria_brandeegeana_62                    0.0000000 0.2641515 0.2569912 0.2964797 0.1306942 0.1828645 0.2283101 0.2291965 0.1190361 0.1608809 0.1763473 0.1577461 0.1966355 0.1645394 0.1739144 0.1345946 0.1043094 0.1387919 0.1849528 0.1293369 0.1799764 0.1767118 0.1293358 0.1421799 0.1755175 0.1723926 0.1108310 0.1807924 0.2147691 0.2713670 0.2227725 0.2223060 0.1942315 0.1321359 0.1531864 0.1504127 0.1470619 0.1375843 0.1751927 0.1928976 0.1323275 0.1972845 0.1455904 0.1712668 0.1437870 0.1739682 0.3375286 0.1819442 0.1588110 0.1758925 0.1224857 0.1766335 0.1949844 0.1517590 0.1543867 0.0871657 0.1965921 0.1761493 0.1568858 0.2681901 0.2929292 0.2185051 0.1497159 0.1160519 0.1666691 0.2045287 0.2111724 0.2355959 0.1379191 0.1817766 0.1763771 0.0920940 0.1572863 0.1243624 0.1385407 0.1966088 0.1916718 0.1537927 0.2506407 0.1438035 0.2608673 0.1290156 0.1847545 0.2373555 
Amauria_carterae_99_mesa                   0.2641515 0.0000000 0.4007324 0.4352688 0.3064235 0.2441632 0.3723017 0.2202000 0.2802104 0.4720659 0.3301276 0.3435129 0.3460833 0.3404849 0.3584464 0.2716608 0.0696020 0.2551928 0.1975829 0.2690937 0.3511671 0.2720299 0.3599972 0.1953826 0.3358606 0.3937071 0.3850686 0.4541250 0.2849716 0.3696828 0.2367199 0.2617658 0.3057330 0.2605483 0.3355997 0.2975136 0.3452523 0.2964750 0.3526588 0.3441835 0.2717374 0.2682755 0.3393194 0.2583436 0.2976955 0.3297692 0.3682732 0.3413878 0.1563303 0.3379436 0.2727824 0.3348873 0.2682722 0.3401987 0.2525901 0.3685899 0.2569388 0.3387267 0.3908575 0.2990609 0.3076232 0.2972980 0.1952528 0.3705510 0.2593027 0.2870674 0.2690879 0.3606541 0.2707097 0.3376122 0.1601077 0.3847419 0.3397750 0.2642734 0.3429029 0.2597628 0.4440113 0.3397495 0.3323615 0.2215030 0.2641509 0.2844569 0.1636760 0.3342722 
Amauria_rotundifolia_SRR9119150            0.2569912 0.4007324 0.0000000 0.2736827 0.2575871 0.1299952 0.2821745 0.2885539 0.2414520 0.2427778 0.2502771 0.2632172 0.2701211 0.2577857 0.2737168 0.2272675 0.3530359 0.2371288 0.2992992 0.2329177 0.2742091 0.2452866 0.2682522 0.2487896 0.2620250 0.3003536 0.1963268 0.3217718 0.2933088 0.2327946 0.3368060 0.1693024 0.3115151 0.2295027 0.2148443 0.2556858 0.2427693 0.2507866 0.2635730 0.2677832 0.2354275 0.2022774 0.2615515 0.1961273 0.2573102 0.2562950 0.3644487 0.2602725 0.2914164 0.2517509 0.2255514 0.2565341 0.2673965 0.2591537 0.1626134 0.1641213 0.1839672 0.2581467 0.2756286 0.1776830 0.3478006 0.2154901 0.1822566 0.2170323 0.1624075 0.2866180 0.1819069 0.2401862 0.2338947 0.2628811 0.3085948 0.2188182 0.2626642 0.2339232 0.2236123 0.1953018 0.2970234 0.2581761 0.3182607 0.1824156 0.3377990 0.2407196 0.2910429 0.2594469 
Conoclinium_coelestinum_SRR9119114         0.2964797 0.4352688 0.2736827 0.0000000 0.2721694 0.2457099 0.2570284 0.3145820 0.3417041 0.3500147 0.3088163 0.3285217 0.3401213 0.2974509 0.3237138 0.3231685 0.3744765 0.2982862 0.4040957 0.3162710 0.3231249 0.2274390 0.3609456 0.3534215 0.3167612 0.3906199 0.2729046 0.3522750 0.3544583 0.2932817 0.4366887 0.3169820 0.3723301 0.3306742 0.3175705 0.3044301 0.2945601 0.3219638 0.3243903 0.3432020 0.3265655 0.3037375 0.3222694 0.2964602 0.3251451 0.3237093 0.4142912 0.3268434 0.3800790 0.3132643 0.3143404 0.3189606 0.3543058 0.3117397 0.2858342 0.2589230 0.3070603 0.3234220 0.3527569 0.3112943 0.3733892 0.2903233 0.2714047 0.2916533 0.2858598 0.4011949 0.2973567 0.2577196 0.3369480 0.3263208 0.3906383 0.3102260 0.3117651 0.3205847 0.2385661 0.3021452 0.3341797 0.3236749 0.4049010 0.2603286 0.3593119 0.3353750 0.3204148 0.2743995 
Eutetras_palmeri_63                        0.1306942 0.3064235 0.2575871 0.2721694 0.0000000 0.1778575 0.2281231 0.2322389 0.1407877 0.1414649 0.1763216 0.1520338 0.2101074 0.1464200 0.1678130 0.1380840 0.1314045 0.1359015 0.2113804 0.1287285 0.1792915 0.1693758 0.1360520 0.1534775 0.1773736 0.1786713 0.1053907 0.1785241 0.2092504 0.2497695 0.2288610 0.2203537 0.2205946 0.1407113 0.1725479 0.1637789 0.1341658 0.1438124 0.1725151 0.2074491 0.1453673 0.2112437 0.1480501 0.1793340 0.1527784 0.1751139 0.3551876 0.1829727 0.1744660 0.1785554 0.1316514 0.1745351 0.1747632 0.1455921 0.1667180 0.0885932 0.1780850 0.1808584 0.1428340 0.2738368 0.3073503 0.2302766 0.1218572 0.1087929 0.1883886 0.1967377 0.2010096 0.2239525 0.1399640 0.1847522 0.1948134 0.0989572 0.1558459 0.1302980 0.1193400 0.1976998 0.1775655 0.1526208 0.2494869 0.1443052 0.2760127 0.1487931 0.1836890 0.2347646 
Eutetras_pringlei_149_quer                 0.1828645 0.2441632 0.1299952 0.2457099 0.1778575 0.0000000 0.2089308 0.1777204 0.2005092 0.2347056 0.2060604 0.2160370 0.2487486 0.2143547 0.2203698 0.1896388 0.0294507 0.2133363 0.1849598 0.2003662 0.2150901 0.2173797 0.2312711 0.1368073 0.2170122 0.2653540 0.2103049 0.2608258 0.2405036 0.2864398 0.2983734 0.1248685 0.2132098 0.1779669 0.2227626 0.1962262 0.2122352 0.1999347 0.2069037 0.2499566 0.1797692 0.1452134 0.2186056 0.1382266 0.2267142 0.2120954 0.1013669 0.2156694 0.0293734 0.2042655 0.1837084 0.2041768 0.2570518 0.2155644 0.1069947 0.2142661 0.1144080 0.2209442 0.2294792 0.1948117 0.1943416 0.1416723 0.0142390 0.2180844 0.1240816 0.2551865 0.1318085 0.1578101 0.2000147 0.2368131 0.0292138 0.2069694 0.2108385 0.1836207 0.1994248 0.1395700 0.2382628 0.2097662 0.3629504 0.1058347 0.1801251 0.1929071 0.1172273 0.3407089 
Eutrochium_fistulosum_SRR9119106           0.2283101 0.3723017 0.2821745 0.2570284 0.2281231 0.2089308 0.0000000 0.3029045 0.2524058 0.2242821 0.2156132 0.2298658 0.2862559 0.2517017 0.2387594 0.2405173 0.2853404 0.2496993 0.3872666 0.2431800 0.2460138 0.1934609 0.1821873 0.2880236 0.2302550 0.2441456 0.1846712 0.2106916 0.3692060 0.3509088 0.4452292 0.2087898 0.2987371 0.2344453 0.2217860 0.2488597 0.2287389 0.2406639 0.2355110 0.2863147 0.2438122 0.2763779 0.2261093 0.2656563 0.2506746 0.2274471 0.3554040 0.2319520 0.3794212 0.2168782 0.2328825 0.2267731 0.3252676 0.2305979 0.2717144 0.1739049 0.2147084 0.2293528 0.2039457 0.2682762 0.3729589 0.2706942 0.4153911 0.1510594 0.2572145 0.3369837 0.2104254 0.2535625 0.2373683 0.2271474 0.3938079 0.1530074 0.2250620 0.2311139 0.2495560 0.2126382 0.2405368 0.2162284 0.3179081 0.2229266 0.3527618 0.2388126 0.2663361 0.3495174 
Galeana_pratensis_104_mex                  0.2291965 0.2202000 0.2885539 0.3145820 0.2322389 0.1777204 0.3029045 0.0000000 0.2175096 0.6239199 0.1819007 0.1896925 0.1813579 0.1804081 0.1906301 0.2032537 0.2303967 0.2152412 0.1801052 0.1948001 0.1974218 0.1472688 0.5939599 0.1918433 0.1924072 0.6226861 1.3464339 0.8425368 0.1860310 0.2135629 0.2419616 0.2069245 0.1936423 0.1875966 0.2545062 0.2231980 0.1801625 0.2380979 0.1782461 0.1849806 0.2203071 0.2303276 0.1934872 0.2299826 0.2449091 0.1856724 0.1975187 0.1934872 0.2343516 0.1840282 0.2062405 0.1853076 0.2247299 0.1848823 0.2220631 0.0000010 0.1982019 0.1897047 0.6607864 0.1605987 0.2341726 0.2077655 0.2068258 0.9747074 0.2158411 0.2116901 0.2120894 0.1711533 0.1803646 0.1849806 0.2310868 0.0000010 0.1974218 0.1916414 0.1647273 0.2182219 0.7405896 0.1898722 0.1934131 0.2161187 0.1934872 0.2311674 0.1994767 0.1880964 
Lycapsus_tenuifolius_17                    0.1190361 0.2802104 0.2414520 0.3417041 0.1407877 0.2005092 0.2524058 0.2175096 0.0000000 0.1509623 0.1830915 0.1834587 0.2362562 0.1868719 0.2110172 0.1153295 0.0569928 0.0898705 0.1189279 0.1077952 0.2044000 0.1798549 0.1476945 0.0899684 0.1837983 0.1905073 0.1397008 0.1891791 0.1981946 0.2433290 0.1650370 0.2197845 0.2030288 0.1106239 0.1243252 0.1222328 0.1822402 0.1029033 0.2117801 0.2355188 0.1114375 0.1614112 0.1806427 0.1192146 0.1035271 0.1802085 0.3414324 0.1891152 0.0540973 0.1781441 0.1061479 0.1816790 0.1616837 0.1860008 0.1202709 0.1417929 0.1928974 0.1851012 0.1721607 0.2753537 0.2864147 0.2150442 0.0691363 0.1389169 0.1369498 0.2014292 0.2101088 0.2362291 0.1167248 0.1896595 0.0449191 0.1346346 0.1888609 0.1071743 0.1817851 0.1968569 0.1925330 0.1806767 0.2583473 0.1252690 0.2454708 0.0573920 0.1692612 0.2199763 
Pericome_caudata_50_silver                 0.1608809 0.4720659 0.2427778 0.3500147 0.1414649 0.2347056 0.2242821 0.6239199 0.1509623 0.0000000 0.1574795 0.1756534 0.2470012 0.2136875 0.1744996 0.1653080 0.4442800 0.1669938 0.4910162 0.1742238 0.2077925 0.1525110 0.1237293 0.2190615 0.1739174 0.1669627 0.1399795 0.1381984 0.6050350 0.6499789 0.5674798 0.2363769 0.2704074 0.1640023 0.1567256 0.1725745 0.1721920 0.1773450 0.1742670 0.2483797 0.1561815 0.2592094 0.1749446 0.2467509 0.1813022 0.1688056 0.3717756 0.1717876 0.4731274 0.1593591 0.1690512 0.1662465 0.3006959 0.1887368 0.2294564 0.1333052 0.2263750 0.1706264 0.1299212 0.3428868 0.3479506 0.2510395 0.6144180 0.1173011 0.2379210 0.3279723 0.2223869 0.2778573 0.1700045 0.1790946 0.4890800 0.1267275 0.1716444 0.1603586 0.1785045 0.1965983 0.1467755 0.1628425 0.3158045 0.2316956 0.5201393 0.1526383 0.3284910 0.4080726 
Perityle_aglossa_84_dead_horse             0.1763473 0.3301276 0.2502771 0.3088163 0.1763216 0.2060604 0.2156132 0.1819007 0.1830915 0.1574795 0.0000000 0.0720151 0.0939764 0.0803284 0.0916098 0.1167810 0.2059626 0.1743537 0.2423086 0.1254045 0.0967386 0.0748845 0.0795517 0.1669620 0.0374838 0.1369267 0.0926389 0.1782655 0.1197996 0.2153386 0.2717184 0.1728307 0.1085947 0.1215513 0.1555781 0.1820367 0.0723932 0.1778073 0.0921030 0.0950531 0.1296135 0.2304611 0.0722665 0.2082591 0.1815760 0.0338507 0.2430068 0.0414964 0.2342757 0.0379538 0.1080747 0.0354373 0.2195975 0.0805328 0.1953175 0.0913699 0.1300389 0.0421491 0.0895178 0.2182492 0.3126140 0.2327215 0.1732177 0.0204576 0.2148421 0.2342618 0.1584206 0.1600628 0.1225721 0.0424015 0.2390251 0.0479658 0.0721234 0.1135793 0.0749046 0.1562923 0.1767398 0.0713418 0.1026974 0.1860132 0.0437339 0.1745139 0.2215919 0.0979008 
Perityle_ajoensis_204                      0.1577461 0.3435129 0.2632172 0.3285217 0.1520338 0.2160370 0.2298658 0.1896925 0.1834587 0.1756534 0.0720151 0.0000000 0.1336427 0.0531023 0.0693283 0.1192192 0.2096394 0.1780315 0.2318624 0.1260634 0.0462773 0.0862093 0.0854888 0.1770430 0.0669959 0.1429918 0.0934187 0.1732661 0.1520116 0.2389418 0.2710499 0.1750187 0.1566683 0.1246247 0.1759280 0.1927014 0.0388766 0.1842009 0.0687122 0.1333050 0.1340821 0.2362834 0.0282194 0.2092108 0.1894262 0.0703437 0.2420177 0.0667042 0.2289043 0.0688437 0.1160558 0.0703770 0.2284631 0.0375772 0.2107913 0.0966675 0.1380639 0.0650849 0.0924324 0.2389860 0.3187532 0.2557112 0.2016224 0.0450761 0.2145141 0.2522957 0.1680357 0.1669001 0.1219432 0.0758963 0.2290270 0.0432114 0.0315361 0.1052785 0.0255375 0.1659376 0.1782309 0.0269299 0.1564111 0.1938461 0.1035908 0.1735633 0.2247439 0.1525862 
Perityle_ambrosiifolia_67_green            0.1966355 0.3460833 0.2701211 0.3401213 0.2101074 0.2487486 0.2862559 0.1813579 0.2362562 0.2470012 0.0939764 0.1336427 0.0000000 0.1502712 0.1571841 0.1851291 0.1979739 0.2166530 0.2380348 0.1923930 0.1604703 0.1313053 0.1670154 0.1658813 0.0714322 0.2248834 0.1771528 0.2301921 0.1114617 0.2169362 0.2775533 0.1951812 0.1066496 0.1976568 0.2162691 0.2142633 0.1504477 0.2372779 0.1556682 0.0034667 0.1775918 0.2452855 0.1252195 0.2233808 0.2401254 0.0844356 0.2425851 0.0872160 0.2272290 0.0805887 0.1674612 0.0766028 0.2321540 0.1399277 0.2132563 0.1970142 0.1489975 0.0857783 0.1969939 0.2412179 0.3904051 0.2549106 0.1695921 0.1534152 0.2267544 0.2453159 0.1796233 0.2254105 0.1980884 0.0732185 0.2317277 0.1529480 0.1217113 0.1708954 0.1023199 0.1775465 0.2261726 0.1240039 0.1031620 0.2115368 0.0173656 0.2313801 0.2521303 0.1035738 
Perityle_angustifolia_13_Eagle_creek       0.1645394 0.3404849 0.2577857 0.2974509 0.1464200 0.2143547 0.2517017 0.1804081 0.1868719 0.2136875 0.0803284 0.0531023 0.1502712 0.0000000 0.0814388 0.1301473 0.2021571 0.1690448 0.2121536 0.1154245 0.0605381 0.0668149 0.1181370 0.1678605 0.0796394 0.1876625 0.1352073 0.2167677 0.1547391 0.2218795 0.2674843 0.2103622 0.1782400 0.1309069 0.1861552 0.1927462 0.0292879 0.1890800 0.0808556 0.1504658 0.1356778 0.2273448 0.0527416 0.2007951 0.1938511 0.0789287 0.2843892 0.0837686 0.1951353 0.0760068 0.1180597 0.0765404 0.1945679 0.0431933 0.1928391 0.0970921 0.1380003 0.0859385 0.1311352 0.2515145 0.3101332 0.2480406 0.1937115 0.0803123 0.2117268 0.2497083 0.1815637 0.1658033 0.1265064 0.0878910 0.1956733 0.0907958 0.0580479 0.1142825 0.0305886 0.1724700 0.2195454 0.0546104 0.1849072 0.1926963 0.0845535 0.1803415 0.2304212 0.1329213 
Perityle_batopilensis_97                   0.1739144 0.3584464 0.2737168 0.3237138 0.1678130 0.2203698 0.2387594 0.1906301 0.2110172 0.1744996 0.0916098 0.0693283 0.1571841 0.0814388 0.0000000 0.1388470 0.2288505 0.2038415 0.2730758 0.1541446 0.0933418 0.0960260 0.0967119 0.1900075 0.0886833 0.1480208 0.1113936 0.1894906 0.1728356 0.2550531 0.2823404 0.1930525 0.1819750 0.1467687 0.1958513 0.2063769 0.0691168 0.2042206 0.0262397 0.1566649 0.1566377 0.2549240 0.0582999 0.2283515 0.2119645 0.0934097 0.2756338 0.0968198 0.2641962 0.0960797 0.1334035 0.0979282 0.2253336 0.0720310 0.2200877 0.1059468 0.1458989 0.0970039 0.1116958 0.2438229 0.3468348 0.2687135 0.2003017 0.0621097 0.2376693 0.2493959 0.1783576 0.1904906 0.1517191 0.0969595 0.2766098 0.0591202 0.0670974 0.1309140 0.0542092 0.1715502 0.1886632 0.0637713 0.1809702 0.2001564 0.1502822 0.2014106 0.2321956 0.1584960 
Perityle_bisetosa_9                        0.1345946 0.2716608 0.2272675 0.3231685 0.1380840 0.1896388 0.2405173 0.2032537 0.1153295 0.1653080 0.1167810 0.1192192 0.1851291 0.1301473 0.1388470 0.0000000 0.0418177 0.1049370 0.0362359 0.0327921 0.1397781 0.0969066 0.0706620 0.0220044 0.1191092 0.1310721 0.0855984 0.1754613 0.1863625 0.2498911 0.1601175 0.1969730 0.2142407 0.0310286 0.1608428 0.1215974 0.1060975 0.1108823 0.1390713 0.1832203 0.0368274 0.1630540 0.1146064 0.1339741 0.1172762 0.1098861 0.3295270 0.1213467 0.0933497 0.1194774 0.0512831 0.1179484 0.1277174 0.1140157 0.1157195 0.0734174 0.1781616 0.1186778 0.0941250 0.2651078 0.2868468 0.2103100 0.0806143 0.0445137 0.1340930 0.1586686 0.1887966 0.2118366 0.0219073 0.1259197 0.1102344 0.0445357 0.1180784 0.0284973 0.1302748 0.1852972 0.1805857 0.1128794 0.2065886 0.1243585 0.2324562 0.1194236 0.1666703 0.2071593 
Perityle_californica_76_positas            0.1043094 0.0696020 0.3530359 0.3744765 0.1314045 0.0294507 0.2853404 0.2303967 0.0569928 0.4442800 0.2059626 0.2096394 0.1979739 0.2021571 0.2288505 0.0418177 0.0000000 0.0536453 0.0446562 0.0590284 0.2170966 0.2183853 0.3205611 0.0418350 0.2013590 0.3832817 0.3698132 0.4356750 0.2234932 0.2403509 0.0219443 0.2097914 0.1934187 0.0390011 0.1583342 0.0682035 0.2011429 0.0655002 0.2211284 0.2014409 0.0535607 0.0622399 0.2094463 0.0623906 0.0685373 0.2091417 0.2094463 0.2094463 0.0593664 0.2051793 0.0531890 0.2052636 0.1209391 0.2016919 0.0599656 0.0000010 0.2234515 0.2135593 0.3447991 0.1779884 0.1552848 0.0832934 0.0940751 0.2463100 0.0712581 0.1099880 0.2236279 0.2259551 0.0418350 0.2014409 0.0507342 0.1846369 0.2135055 0.0447441 0.1929720 0.2279509 0.4035470 0.2054841 0.1983632 0.0711734 0.2094463 0.0477506 0.1046357 0.2223601 
Perityle_canescens_77                      0.1387919 0.2551928 0.2371288 0.2982862 0.1359015 0.2133363 0.2496993 0.2152412 0.0898705 0.1669938 0.1743537 0.1780315 0.2166530 0.1690448 0.2038415 0.1049370 0.0536453 0.0000000 0.1174139 0.1043624 0.1849152 0.1601476 0.1472591 0.0786312 0.1755052 0.1524032 0.1173867 0.1567146 0.1927048 0.2302131 0.1655966 0.1972961 0.2355373 0.1036009 0.1675914 0.1091487 0.1775737 0.0680999 0.1989528 0.2181168 0.1104250 0.1461424 0.1756625 0.1208034 0.0738534 0.1701302 0.3233627 0.1776044 0.0382980 0.1735697 0.1021382 0.1725886 0.1512630 0.1758326 0.1179191 0.1014778 0.1894172 0.1738736 0.1656639 0.2688874 0.2494255 0.2144730 0.0674383 0.1312718 0.1406457 0.1860776 0.2068503 0.2194142 0.1097901 0.1836141 0.0625289 0.1254693 0.1748236 0.0988676 0.1723362 0.2017393 0.1778141 0.1732253 0.2541142 0.1234558 0.2360718 0.0999586 0.1760931 0.2092238 
Perityle_castillonii_96                    0.1849528 0.1975829 0.2992992 0.4040957 0.2113804 0.1849598 0.3872666 0.1801052 0.1189279 0.4910162 0.2423086 0.2318624 0.2380348 0.2121536 0.2730758 0.0362359 0.0446562 0.1174139 0.0000000 0.0475805 0.2250473 0.2428486 0.2615501 0.0215563 0.2348373 0.3651570 0.3885419 0.3929764 0.1703059 0.2305114 0.0894865 0.2310623 0.2429166 0.0416317 0.2165318 0.1361514 0.2364485 0.1197577 0.2705149 0.2379273 0.0661564 0.1375166 0.2263419 0.1124237 0.1237680 0.2373754 0.3384323 0.2419511 0.0842095 0.2512834 0.0772571 0.2432293 0.1275577 0.2288112 0.0978325 0.4143376 0.2015993 0.2404691 0.3456568 0.2805076 0.2647541 0.2387534 0.0705056 0.3142567 0.1116815 0.1344440 0.2339969 0.2595889 0.0335966 0.2392311 0.1023921 0.2843897 0.2300748 0.0412334 0.2360397 0.2390306 0.4742776 0.2275717 0.2415974 0.0984903 0.2287235 0.1242016 0.1228853 0.2063655 
Perityle_cernua_84                         0.1293369 0.2690937 0.2329177 0.3162710 0.1287285 0.2003662 0.2431800 0.1948001 0.1077952 0.1742238 0.1254045 0.1260634 0.1923930 0.1154245 0.1541446 0.0327921 0.0590284 0.1043624 0.0475805 0.0000000 0.1317751 0.1066663 0.0861424 0.0261979 0.1274652 0.1438550 0.0918466 0.1822949 0.1906603 0.2466526 0.1590152 0.2034035 0.2076576 0.0395797 0.1578865 0.1116037 0.1193654 0.1105033 0.1537364 0.1904424 0.0349439 0.1406448 0.1191346 0.1266884 0.1136037 0.1239616 0.3214765 0.1357633 0.0860619 0.1253453 0.0442143 0.1266985 0.1240591 0.1206867 0.1111259 0.0844604 0.1906697 0.1338554 0.1071160 0.2472698 0.2694011 0.1898098 0.0764452 0.0557261 0.1163823 0.1601029 0.2068889 0.2036029 0.0333896 0.1341737 0.1042588 0.0583279 0.1261547 0.0304820 0.1197017 0.2089774 0.1915139 0.1234332 0.2209353 0.1178206 0.2286520 0.1163434 0.1705565 0.1988137 
Perityle_cfvillosa_25_tin                  0.1799764 0.3511671 0.2742091 0.3231249 0.1792915 0.2150901 0.2460138 0.1974218 0.2044000 0.2077925 0.0967386 0.0462773 0.1604703 0.0605381 0.0933418 0.1397781 0.2170966 0.1849152 0.2250473 0.1317751 0.0000000 0.0903679 0.1250046 0.1758845 0.0833465 0.1837275 0.1287795 0.2105712 0.1521948 0.2414537 0.2666668 0.1989764 0.1959037 0.1447948 0.1923969 0.2113415 0.0367928 0.2013466 0.0905943 0.1599347 0.1543381 0.2445798 0.0460352 0.2076475 0.2046699 0.0898327 0.2431296 0.0774002 0.2231640 0.0902463 0.1420813 0.0910463 0.2337298 0.0450699 0.2020522 0.0933053 0.1387957 0.0770817 0.1005462 0.2642180 0.3208450 0.2624944 0.1959862 0.0851195 0.2264601 0.2844877 0.1923487 0.1655914 0.1461601 0.0975612 0.2278174 0.0765437 0.0366859 0.1310271 0.0237204 0.1816891 0.2091133 0.0448798 0.1839673 0.1893109 0.1036947 0.1883026 0.2304633 0.1491764 
Perityle_cinerea_113_Powell1310            0.1767118 0.2720299 0.2452866 0.2274390 0.1693758 0.2173797 0.1934609 0.1472688 0.1798549 0.1525110 0.0748845 0.0862093 0.1313053 0.0668149 0.0960260 0.0969066 0.2183853 0.1601476 0.2428486 0.1066663 0.0903679 0.0000000 0.0889648 0.1585989 0.0867892 0.1650381 0.0422860 0.2497484 0.1831491 0.2046770 0.3288466 0.2170362 0.1677348 0.1193048 0.1844300 0.1957494 0.0474612 0.1826327 0.0931774 0.1306441 0.1234644 0.2367582 0.0857189 0.2212787 0.2068881 0.0713560 0.2421252 0.0852480 0.2827137 0.0572506 0.1216066 0.0734735 0.2126098 0.0707920 0.2174152 0.0330482 0.1966480 0.0881792 0.1059182 0.2290816 0.2846840 0.2331161 0.1844948 0.0560728 0.2312104 0.2095286 0.1972725 0.1728557 0.1052628 0.1023801 0.2567873 0.0661845 0.0793466 0.1099446 0.0580022 0.2071367 0.2253249 0.0852370 0.1824500 0.2094266 0.1563636 0.1865974 0.2117479 0.1317033 
Perityle_coahuilensis_24                   0.1293358 0.3599972 0.2682522 0.3609456 0.1360520 0.2312711 0.1821873 0.5939599 0.1476945 0.1237293 0.0795517 0.0854888 0.1670154 0.1181370 0.0967119 0.0706620 0.3205611 0.1472591 0.2615501 0.0861424 0.1250046 0.0889648 0.0000000 0.1139079 0.0750831 0.0878812 0.1007988 0.1154037 0.3498220 0.5886424 0.4011988 0.2333013 0.1608296 0.0804120 0.1575348 0.1469285 0.0859318 0.1496772 0.1022144 0.1672270 0.0789626 0.2153155 0.0680137 0.1927952 0.1487480 0.0796765 0.3018442 0.0829327 0.2270340 0.0785331 0.0738547 0.0858288 0.1793792 0.0924865 0.1950419 0.1047908 0.2067428 0.0807815 0.0517845 0.3254348 0.3498892 0.2154767 0.3817019 0.0406338 0.1996254 0.2243882 0.2226746 0.2308997 0.0837887 0.0610127 0.2445068 0.0433604 0.0840407 0.0729894 0.0741108 0.2155791 0.1133825 0.0749372 0.2143051 0.2007558 0.2555796 0.1528606 0.2885594 0.3099728 
Perityle_cochisensis_44_cave_creek         0.1421799 0.1953826 0.2487896 0.3534215 0.1534775 0.1368073 0.2880236 0.1918433 0.0899684 0.2190615 0.1669620 0.1770430 0.1658813 0.1678605 0.1900075 0.0220044 0.0418350 0.0786312 0.0215563 0.0261979 0.1758845 0.1585989 0.1139079 0.0000000 0.1614565 0.1931760 0.1127379 0.2418935 0.1717237 0.2323723 0.1203925 0.1879189 0.1995779 0.0298525 0.1616125 0.0936897 0.1689715 0.0897875 0.1932310 0.1669027 0.0394556 0.1155521 0.1650761 0.0997144 0.0863282 0.1622255 0.3470043 0.1654643 0.0759774 0.1678251 0.0478582 0.1729522 0.0827227 0.1665642 0.0779199 0.0686795 0.1733763 0.1676878 0.1788624 0.2232117 0.3456170 0.1986776 0.0687842 0.0854416 0.0918575 0.0927328 0.1926751 0.2868746 0.0254470 0.1625206 0.0946778 0.0605817 0.1756719 0.0236782 0.2089794 0.1898275 0.2817668 0.1629356 0.1600132 0.0730769 0.2110154 0.0961821 0.1344837 0.1967800 
Perityle_congesta_202                      0.1755175 0.3358606 0.2620250 0.3167612 0.1773736 0.2170122 0.2302550 0.1924072 0.1837983 0.1739174 0.0374838 0.0669959 0.0714322 0.0796394 0.0886833 0.1191092 0.2013590 0.1755052 0.2348373 0.1274652 0.0833465 0.0867892 0.0750831 0.1614565 0.0000000 0.1402161 0.0979797 0.1746898 0.1141632 0.2209373 0.2684776 0.1847135 0.1105720 0.1239025 0.1583127 0.1782751 0.0737574 0.1811875 0.0921087 0.0715030 0.1312700 0.2256253 0.0561096 0.2050475 0.1823238 0.0245933 0.2296773 0.0187050 0.2237934 0.0250988 0.1107353 0.0240937 0.2160361 0.0783092 0.1956320 0.0939348 0.1347055 0.0180225 0.0888797 0.2345397 0.3201428 0.2453125 0.1693380 0.0460835 0.2115684 0.2312172 0.1686446 0.1529298 0.1248741 0.0220833 0.2297050 0.0359615 0.0593605 0.1066933 0.0552372 0.1652520 0.1695209 0.0611610 0.0903037 0.1855042 0.0163338 0.1743345 0.2290977 0.1065867 
Perityle_cordifolia_27                     0.1723926 0.3937071 0.3003536 0.3906199 0.1786713 0.2653540 0.2441456 0.6226861 0.1905073 0.1669627 0.1369267 0.1429918 0.2248834 0.1876625 0.1480208 0.1310721 0.3832817 0.1524032 0.3651570 0.1438550 0.1837275 0.1650381 0.0878812 0.1931760 0.1402161 0.0000000 0.0900608 0.1458154 0.4868866 0.6508609 0.4971398 0.2699427 0.2608978 0.1327066 0.1945977 0.1896119 0.1587827 0.1605268 0.1530131 0.2223647 0.1440173 0.2704913 0.1385621 0.2466710 0.1697732 0.1412533 0.3581923 0.1412199 0.3586446 0.1398049 0.1370991 0.1407380 0.2306126 0.1576861 0.2392437 0.0881648 0.2566318 0.1397558 0.1079526 0.3503002 0.3501267 0.2618886 0.4961777 0.0889008 0.2381594 0.2686635 0.2707039 0.3069628 0.1392597 0.1533091 0.3745066 0.0935555 0.1445321 0.1309006 0.1679038 0.2664135 0.1451594 0.1391471 0.2692247 0.2354151 0.3710249 0.1900735 0.3204215 0.3815383 
Perityle_cordifolia_68_tecolote            0.1108310 0.3850686 0.1963268 0.2729046 0.1053907 0.2103049 0.1846712 1.3464339 0.1397008 0.1399795 0.0926389 0.0934187 0.1771528 0.1352073 0.1113936 0.0855984 0.3698132 0.1173867 0.3885419 0.0918466 0.1287795 0.0422860 0.1007988 0.1127379 0.0979797 0.0900608 0.0000000 0.1353462 0.4441685 0.5584002 0.5423934 0.2131290 0.1366080 0.1053355 0.1445269 0.1483715 0.0966316 0.1303506 0.1203081 0.1792251 0.0996651 0.2199828 0.0974036 0.1914796 0.1366723 0.0969727 0.3326669 0.0993833 0.3596992 0.0904155 0.1059155 0.0973387 0.1659788 0.1043488 0.1837138 0.0143529 0.1814429 0.0962917 0.0930704 0.2565961 0.3062214 0.2077452 0.3478601 0.0883030 0.1931454 0.2433899 0.1999005 0.2360936 0.1030401 0.1116905 0.3760243 0.0885213 0.0936799 0.0942948 0.0517901 0.1930590 0.1354226 0.0990149 0.2338812 0.1822103 0.2395617 0.1404949 0.2856637 0.2011362 
Perityle_coronopifolia_28_patagonia        0.1807924 0.4541250 0.3217718 0.3522750 0.1785241 0.2608258 0.2106916 0.8425368 0.1891791 0.1381984 0.1782655 0.1732661 0.2301921 0.2167677 0.1894906 0.1754613 0.4356750 0.1567146 0.3929764 0.1822949 0.2105712 0.2497484 0.1154037 0.2418935 0.1746898 0.1458154 0.1353462 0.0000000 0.4719417 0.6997730 0.4888989 0.2599104 0.3006107 0.1758860 0.1920101 0.1800477 0.1831810 0.1728301 0.1864912 0.2298722 0.1741471 0.2713563 0.1691170 0.2494488 0.1640067 0.1721515 0.3575926 0.1762949 0.3553373 0.1698343 0.1767396 0.1761641 0.2775506 0.1843192 0.2487399 0.1156821 0.2241175 0.1694003 0.1185615 0.3733070 0.3946496 0.2796246 0.5859659 0.1148605 0.2599445 0.3195733 0.2292071 0.2664739 0.1845598 0.1837939 0.4001333 0.1109423 0.1782314 0.1666402 0.2181605 0.2215292 0.1095895 0.1724740 0.3212089 0.2508479 0.3617310 0.1860262 0.3526565 0.4607811 
Perityle_crassifolia_70_ventanas           0.2147691 0.2849716 0.2933088 0.3544583 0.2092504 0.2405036 0.3692060 0.1860310 0.1981946 0.6050350 0.1197996 0.1520116 0.1114617 0.1547391 0.1728356 0.1863625 0.2234932 0.1927048 0.1703059 0.1906603 0.1521948 0.1831491 0.3498220 0.1717237 0.1141632 0.4868866 0.4441685 0.4719417 0.0000000 0.2312010 0.1930019 0.1889613 0.0847251 0.1789492 0.2268901 0.1926784 0.1587621 0.1998870 0.1673335 0.1128035 0.1951310 0.1894647 0.1482747 0.1877836 0.1989281 0.1211981 0.2969732 0.1185651 0.1687305 0.1115861 0.1720436 0.1130412 0.2060382 0.1535436 0.1980373 0.5656281 0.1782233 0.1187978 0.4356508 0.2061720 0.3777660 0.2494118 0.1601975 0.3295069 0.1860016 0.1807030 0.1802642 0.1851629 0.1815471 0.1130857 0.1693581 0.2902235 0.1553161 0.1785192 0.1486375 0.1802265 0.5425574 0.1482835 0.1144113 0.2339973 0.0955429 0.1890645 0.2302167 0.0861749 
Perityle_crassifolia_74_playa_balandra     0.2713670 0.3696828 0.2327946 0.2932817 0.2497695 0.2864398 0.3509088 0.2135629 0.2433290 0.6499789 0.2153386 0.2389418 0.2169362 0.2218795 0.2550531 0.2498911 0.2403509 0.2302131 0.2305114 0.2466526 0.2414537 0.2046770 0.5886424 0.2323723 0.2209373 0.6508609 0.5584002 0.6997730 0.2312010 0.0000000 0.2583430 0.3410639 0.2325326 0.2454666 0.1587069 0.2552853 0.2214375 0.2359919 0.2445918 0.2188822 0.2478104 0.2576418 0.2266720 0.2513545 0.2504564 0.2240285 0.4262156 0.2296041 0.2330622 0.2165794 0.2314868 0.2295659 0.2647414 0.2333955 0.2510762 0.3979595 0.3296250 0.2298530 0.5866129 0.2552006 0.3721662 0.2042211 0.1861663 0.5270453 0.2437686 0.2332063 0.3301957 0.2178291 0.2371801 0.2255250 0.2265623 0.4067490 0.2468231 0.2363529 0.2290594 0.3402248 0.7946701 0.2348914 0.2316829 0.2893877 0.2219622 0.2358286 0.2536580 0.1944550 
Perityle_cuneata_34_cuneata_San_antonio    0.2227725 0.2367199 0.3368060 0.4366887 0.2288610 0.2983734 0.4452292 0.2419616 0.1650370 0.5674798 0.2717184 0.2710499 0.2775533 0.2674843 0.2823404 0.1601175 0.0219443 0.1655966 0.0894865 0.1590152 0.2666668 0.3288466 0.4011988 0.1203925 0.2684776 0.4971398 0.5423934 0.4888989 0.1930019 0.2583430 0.0000000 0.3282735 0.2341005 0.1494023 0.2476072 0.1691400 0.2758122 0.1701718 0.2828649 0.2774349 0.1510095 0.1737186 0.2721370 0.1551635 0.1663975 0.2682811 0.3924486 0.2728156 0.0737866 0.2742459 0.1465669 0.2695922 0.1853518 0.2682095 0.1533964 0.5531195 0.2699602 0.2705789 0.4500544 0.3439803 0.3736355 0.2885310 0.0925717 0.4537730 0.1589698 0.1808849 0.3254261 0.3626219 0.1512550 0.2685735 0.0784967 0.4774054 0.2775600 0.1518996 0.2569342 0.3157775 0.5531715 0.2685026 0.2633428 0.1774340 0.2146733 0.1642859 0.1614371 0.2222672 
Perityle_cuneata_4                         0.2223060 0.2617658 0.1693024 0.3169820 0.2203537 0.1248685 0.2087898 0.2069245 0.2197845 0.2363769 0.1728307 0.1750187 0.1951812 0.2103622 0.1930525 0.1969730 0.2097914 0.1972961 0.2310623 0.2034035 0.1989764 0.2170362 0.2333013 0.1879189 0.1847135 0.2699427 0.2131290 0.2599104 0.1889613 0.3410639 0.3282735 0.0000000 0.1648094 0.2097217 0.2268352 0.2368522 0.1503847 0.2289170 0.1878359 0.1923482 0.2257279 0.1419586 0.1689225 0.1433459 0.2415972 0.1773555 0.2165745 0.1782210 0.2264977 0.1737066 0.2182504 0.1808876 0.2649932 0.1547466 0.1265062 0.1947298 0.0647996 0.1836802 0.2162990 0.1235046 0.3794945 0.1261042 0.2101463 0.2043705 0.1324574 0.2755747 0.0653206 0.2523892 0.2191328 0.1928993 0.2015212 0.2143801 0.1777827 0.2098354 0.1359657 0.0866089 0.2441737 0.1747416 0.2389882 0.1146012 0.1265238 0.2151681 0.1977332 0.1958182 
Perityle_discoidea_81                      0.1942315 0.3057330 0.3115151 0.3723301 0.2205946 0.2132098 0.2987371 0.1936423 0.2030288 0.2704074 0.1085947 0.1566683 0.1066496 0.1782400 0.1819750 0.2142407 0.1934187 0.2355373 0.2429166 0.2076576 0.1959037 0.1677348 0.1608296 0.1995779 0.1105720 0.2608978 0.1366080 0.3006107 0.0847251 0.2325326 0.2341005 0.1648094 0.0000000 0.2109469 0.1685806 0.2247983 0.1649625 0.2283597 0.1788739 0.1065930 0.2136011 0.2664506 0.1591110 0.2316971 0.2230249 0.1139379 0.3197202 0.1150271 0.2379722 0.1095762 0.1891281 0.1096980 0.2336169 0.1654308 0.2251967 0.1331403 0.1101032 0.1129657 0.2470838 0.2035655 0.4450358 0.2598803 0.1911396 0.1182048 0.2303604 0.2133726 0.1358613 0.2523141 0.2110657 0.1057211 0.2494499 0.1179935 0.1619430 0.1909502 0.1804063 0.1101634 0.3050061 0.1598227 0.1155268 0.2363796 0.1080120 0.2029783 0.2231321 0.0914747 
Perityle_dissecta_201                      0.1321359 0.2605483 0.2295027 0.3306742 0.1407113 0.1779669 0.2344453 0.1875966 0.1106239 0.1640023 0.1215513 0.1246247 0.1976568 0.1309069 0.1467687 0.0310286 0.0390011 0.1036009 0.0416317 0.0395797 0.1447948 0.1193048 0.0804120 0.0298525 0.1239025 0.1327066 0.1053355 0.1758860 0.1789492 0.2454666 0.1494023 0.2097217 0.2109469 0.0000000 0.1596891 0.1162306 0.1192494 0.1069561 0.1463719 0.1970917 0.0468674 0.1518349 0.1126451 0.1260862 0.1128999 0.1186025 0.3216909 0.1288528 0.0785242 0.1280674 0.0485326 0.1280454 0.1228765 0.1256908 0.1099018 0.0965908 0.1761870 0.1264007 0.0976702 0.2531779 0.2792006 0.2103202 0.0704676 0.0500811 0.1229230 0.1678622 0.1979177 0.2027879 0.0325324 0.1313748 0.0954016 0.0484038 0.1250208 0.0297942 0.1253188 0.1947102 0.1845634 0.1164452 0.2245186 0.1161546 0.2354568 0.1158311 0.1511495 0.2019027 
Perityle_emoryi_47_punta_san_jose          0.1531864 0.3355997 0.2148443 0.3175705 0.1725479 0.2227626 0.2217860 0.2545062 0.1243252 0.1567256 0.1555781 0.1759280 0.2162691 0.1861552 0.1958513 0.1608428 0.1583342 0.1675914 0.2165318 0.1578865 0.1923969 0.1844300 0.1575348 0.1616125 0.1583127 0.1945977 0.1445269 0.1920101 0.2268901 0.1587069 0.2476072 0.2268352 0.1685806 0.1596891 0.0000000 0.1707583 0.1734192 0.1704123 0.1929454 0.2175999 0.1580303 0.2102592 0.1746181 0.1954731 0.1732494 0.1575699 0.3289001 0.1630377 0.1896415 0.1512604 0.1513229 0.1592383 0.2332290 0.1800398 0.1804432 0.1381004 0.2015637 0.1614083 0.1691537 0.2791683 0.3308526 0.1879451 0.2088851 0.1349447 0.1932157 0.2634595 0.2059771 0.2302827 0.1605737 0.1664549 0.1769957 0.1324404 0.1734490 0.1498971 0.1730122 0.1926062 0.1944010 0.1729342 0.2392273 0.1814462 0.1983688 0.0770191 0.2171547 0.2065696 
Perityle_feddemae_99                       0.1504127 0.2975136 0.2556858 0.3044301 0.1637789 0.1962262 0.2488597 0.2231980 0.1222328 0.1725745 0.1820367 0.1927014 0.2142633 0.1927462 0.2063769 0.1215974 0.0682035 0.1091487 0.1361514 0.1116037 0.2113415 0.1957494 0.1469285 0.0936897 0.1782751 0.1896119 0.1483715 0.1800477 0.1926784 0.2552853 0.1691400 0.2368522 0.2247983 0.1162306 0.1707583 0.0000000 0.1843897 0.1030758 0.2064750 0.2143570 0.1057284 0.1142395 0.1798153 0.1256441 0.1042025 0.1789653 0.3466760 0.1805400 0.0494964 0.1807704 0.0989542 0.1790912 0.1705490 0.1918132 0.1315930 0.1277979 0.2037134 0.1786253 0.1684082 0.2884018 0.3036449 0.2210103 0.0807931 0.1378137 0.1484180 0.1960713 0.2134361 0.2521618 0.1215739 0.1808681 0.1090276 0.1235001 0.1849185 0.1044456 0.1778322 0.2048451 0.2077853 0.1814209 0.2618066 0.1424423 0.2485462 0.1251902 0.1805854 0.2149450 
Perityle_fosteri_93                        0.1470619 0.3452523 0.2427693 0.2945601 0.1341658 0.2122352 0.2287389 0.1801625 0.1822402 0.1721920 0.0723932 0.0388766 0.1504477 0.0292879 0.0691168 0.1060975 0.2011429 0.1775737 0.2364485 0.1193654 0.0367928 0.0474612 0.0859318 0.1689715 0.0737574 0.1587827 0.0966316 0.1831810 0.1587621 0.2214375 0.2758122 0.1503847 0.1649625 0.1192494 0.1734192 0.1843897 0.0000000 0.1823888 0.0670652 0.1522053 0.1227825 0.2206591 0.0380801 0.2011500 0.1886109 0.0697415 0.2509802 0.0791026 0.2179747 0.0764031 0.1098634 0.0737947 0.2150205 0.0329298 0.2073278 0.0928126 0.1359970 0.0778007 0.1101918 0.2019526 0.2806046 0.2492888 0.1941048 0.0446271 0.2125530 0.2544567 0.1524840 0.1303190 0.1147779 0.0830189 0.2356523 0.0549503 0.0399613 0.1070980 0.0263682 0.1540662 0.1908608 0.0348558 0.1722133 0.1972876 0.1174907 0.1720109 0.2324665 0.1487156 
Perityle_gamon_221                         0.1375843 0.2964750 0.2507866 0.3219638 0.1438124 0.1999347 0.2406639 0.2380979 0.1029033 0.1773450 0.1778073 0.1842009 0.2372779 0.1890800 0.2042206 0.1108823 0.0655002 0.0680999 0.1197577 0.1105033 0.2013466 0.1826327 0.1496772 0.0897875 0.1811875 0.1605268 0.1303506 0.1728301 0.1998870 0.2359919 0.1701718 0.2289170 0.2283597 0.1069561 0.1704123 0.1030758 0.1823888 0.0000000 0.2036440 0.2366467 0.1094195 0.1496410 0.1716622 0.1155135 0.0361826 0.1736361 0.3433662 0.1825010 0.0454940 0.1804876 0.1038562 0.1796582 0.1704640 0.1746160 0.1287600 0.1151561 0.1971820 0.1778810 0.1654389 0.2842425 0.2693909 0.2165579 0.0900897 0.1287405 0.1436584 0.2033407 0.2210501 0.2438206 0.1125052 0.1857196 0.0698965 0.1204207 0.1783713 0.1018269 0.1832308 0.2159843 0.1805763 0.1728494 0.2494186 0.1347230 0.2505373 0.1116790 0.1820552 0.2166174 
Perityle_gentryi_8_san_francisco           0.1751927 0.3526588 0.2635730 0.3243903 0.1725151 0.2069037 0.2355110 0.1782461 0.2117801 0.1742670 0.0921030 0.0687122 0.1556682 0.0808556 0.0262397 0.1390713 0.2211284 0.1989528 0.2705149 0.1537364 0.0905943 0.0931774 0.1022144 0.1932310 0.0921087 0.1530131 0.1203081 0.1864912 0.1673335 0.2445918 0.2828649 0.1878359 0.1788739 0.1463719 0.1929454 0.2064750 0.0670652 0.2036440 0.0000000 0.1551570 0.1563666 0.2461091 0.0622131 0.2214034 0.2128534 0.0906566 0.2659158 0.0975011 0.2581150 0.0935626 0.1359626 0.0968653 0.2327044 0.0713949 0.2150472 0.1145743 0.1405726 0.0965052 0.1141150 0.2321140 0.3316569 0.2660196 0.1871903 0.0668331 0.2341921 0.2550547 0.1763471 0.1737886 0.1532423 0.0975803 0.2687836 0.0631377 0.0675439 0.1340199 0.0491010 0.1719934 0.1857861 0.0668873 0.1802181 0.1960948 0.1404883 0.1986275 0.2332286 0.1632882 
Perityle_gilensis_22_Superstition          0.1928976 0.3441835 0.2677832 0.3432020 0.2074491 0.2499566 0.2863147 0.1849806 0.2355188 0.2483797 0.0950531 0.1333050 0.0034667 0.1504658 0.1566649 0.1832203 0.2014409 0.2181168 0.2379273 0.1904424 0.1599347 0.1306441 0.1672270 0.1669027 0.0715030 0.2223647 0.1792251 0.2298722 0.1128035 0.2188822 0.2774349 0.1923482 0.1065930 0.1970917 0.2175999 0.2143570 0.1522053 0.2366467 0.1551570 0.0000000 0.1771869 0.2432634 0.1255684 0.2221789 0.2387724 0.0844233 0.2409272 0.0871856 0.2271151 0.0806014 0.1671103 0.0772032 0.2310657 0.1396495 0.2119673 0.2011416 0.1484855 0.0857574 0.1962800 0.2389148 0.3854160 0.2525852 0.1714684 0.1537581 0.2247706 0.2472061 0.1779530 0.2226894 0.1975831 0.0727446 0.2331162 0.1521491 0.1191566 0.1705294 0.1004651 0.1758735 0.2270772 0.1231469 0.1014678 0.2096854 0.0173591 0.2321528 0.2527856 0.1060029 
Perityle_gilensis_salensis_225             0.1323275 0.2717374 0.2354275 0.3265655 0.1453673 0.1797692 0.2438122 0.2203071 0.1114375 0.1561815 0.1296135 0.1340821 0.1775918 0.1356778 0.1566377 0.0368274 0.0535607 0.1104250 0.0661564 0.0349439 0.1543381 0.1234644 0.0789626 0.0394556 0.1312700 0.1440173 0.0996651 0.1741471 0.1951310 0.2478104 0.1510095 0.2257279 0.2136011 0.0468674 0.1580303 0.1057284 0.1227825 0.1094195 0.1563666 0.1771869 0.0000000 0.1505892 0.1190840 0.1239379 0.1105759 0.1291137 0.3305180 0.1364650 0.0891257 0.1256876 0.0500011 0.1299907 0.1300766 0.1322529 0.1003779 0.0896852 0.1895169 0.1312839 0.0907752 0.2678672 0.2667822 0.1918163 0.0701373 0.0500693 0.1165332 0.1618612 0.2153748 0.2035929 0.0446240 0.1279481 0.1015831 0.0496298 0.1271350 0.0342021 0.1292254 0.2130970 0.1757842 0.1231171 0.2150069 0.1062856 0.2487196 0.1122207 0.1656871 0.2132906 
Perityle_glaucescens_94                    0.1972845 0.2682755 0.2022774 0.3037375 0.2112437 0.1452134 0.2763779 0.2303276 0.1614112 0.2592094 0.2304611 0.2362834 0.2452855 0.2273448 0.2549240 0.1630540 0.0622399 0.1461424 0.1375166 0.1406448 0.2445798 0.2367582 0.2153155 0.1155521 0.2256253 0.2704913 0.2199828 0.2713563 0.1894647 0.2576418 0.1737186 0.1419586 0.2664506 0.1518349 0.2102592 0.1142395 0.2206591 0.1496410 0.2461091 0.2432634 0.1505892 0.0000000 0.2277445 0.0430738 0.1532189 0.2276203 0.3283691 0.2278245 0.0504625 0.2251162 0.1366758 0.2293479 0.1786002 0.2189933 0.0859302 0.1802345 0.1421386 0.2304706 0.2300166 0.2012165 0.2983836 0.1555264 0.0790323 0.2182005 0.0887245 0.2125210 0.1468714 0.2569775 0.1579673 0.2314839 0.1091106 0.2039782 0.2337986 0.1472881 0.1989852 0.1680800 0.2879173 0.2301561 0.2887194 0.0825993 0.2483722 0.1587343 0.1583957 0.2213843 
Perityle_gracilis_11                       0.1455904 0.3393194 0.2615515 0.3222694 0.1480501 0.2186056 0.2261093 0.1934872 0.1806427 0.1749446 0.0722665 0.0282194 0.1252195 0.0527416 0.0582999 0.1146064 0.2094463 0.1756625 0.2263419 0.1191346 0.0460352 0.0857189 0.0680137 0.1650761 0.0561096 0.1385621 0.0974036 0.1691170 0.1482747 0.2266720 0.2721370 0.1689225 0.1591110 0.1126451 0.1746181 0.1798153 0.0380801 0.1716622 0.0622131 0.1255684 0.1190840 0.2277445 0.0000000 0.1977732 0.1755107 0.0681159 0.2470732 0.0612068 0.2122610 0.0709872 0.1011275 0.0704652 0.2069486 0.0372619 0.2015645 0.0923662 0.1317852 0.0640376 0.0930819 0.2406862 0.3115987 0.2474595 0.1959670 0.0458550 0.2036964 0.2318576 0.1604762 0.1582917 0.1154231 0.0636820 0.2249380 0.0394009 0.0209968 0.0911992 0.0210457 0.1540830 0.1811163 0.0193851 0.1547270 0.1891419 0.1010342 0.1733871 0.2281376 0.1456866 
Perityle_harkerae_31                       0.1712668 0.2583436 0.1961273 0.2964602 0.1793340 0.1382266 0.2656563 0.2299826 0.1192146 0.2467509 0.2082591 0.2092108 0.2233808 0.2007951 0.2283515 0.1339741 0.0623906 0.1208034 0.1124237 0.1266884 0.2076475 0.2212787 0.1927952 0.0997144 0.2050475 0.2466710 0.1914796 0.2494488 0.1877836 0.2513545 0.1551635 0.1433459 0.2316971 0.1260862 0.1954731 0.1256441 0.2011500 0.1155135 0.2214034 0.2221789 0.1239379 0.0430738 0.1977732 0.0000000 0.1114272 0.2051342 0.3057379 0.2107575 0.0217879 0.2069617 0.1196318 0.2076867 0.1700985 0.1996797 0.0762312 0.1747894 0.1439649 0.2093646 0.2203996 0.1988076 0.2694713 0.1445179 0.0666265 0.1901846 0.0803331 0.1874149 0.1451450 0.2431299 0.1286554 0.2104816 0.0592605 0.1769906 0.2025928 0.1199705 0.1833668 0.1638747 0.2604423 0.1980546 0.2695408 0.0827050 0.2296861 0.1170081 0.1629521 0.2075712 
Perityle_hofmeisteria_4_nombre_de_dios     0.1437870 0.2976955 0.2573102 0.3251451 0.1527784 0.2267142 0.2506746 0.2449091 0.1035271 0.1813022 0.1815760 0.1894262 0.2401254 0.1938511 0.2119645 0.1172762 0.0685373 0.0738534 0.1237680 0.1136037 0.2046699 0.2068881 0.1487480 0.0863282 0.1823238 0.1697732 0.1366723 0.1640067 0.1989281 0.2504564 0.1663975 0.2415972 0.2230249 0.1128999 0.1732494 0.1042025 0.1886109 0.0361826 0.2128534 0.2387724 0.1105759 0.1532189 0.1755107 0.1114272 0.0000000 0.1767739 0.3527998 0.1849789 0.0418021 0.1816799 0.1065049 0.1828197 0.1705322 0.1818045 0.1311849 0.1248486 0.2123826 0.1816831 0.1684151 0.2952541 0.2775063 0.2218122 0.0764104 0.1325782 0.1458959 0.1986046 0.2331506 0.2582954 0.1173379 0.1870099 0.0659248 0.1232787 0.1820905 0.1044794 0.1908194 0.2267472 0.1876604 0.1777554 0.2553244 0.1416379 0.2497513 0.1093747 0.1999507 0.2210595 
