86
Amauria_brandeegeana_62                    0.0000000 0.1243233 0.0797261 0.4176331 0.1724427 0.0721070 0.3401210 0.2834788 0.3098156 0.0750870 0.2207271 0.1995255 0.2215313 0.1964564 0.2299141 0.2421534 0.1939988 0.0673094 0.2514735 0.2163467 0.2042643 0.1980961 0.1064034 0.2145171 0.2209779 0.2039832 0.2367174 0.2213257 0.2182845 0.1754874 0.1677908 0.2241002 0.2304894 0.1834807 0.2315089 0.1363523 0.2906340 0.1986858 0.2638940 0.2137260 0.2075768 0.1959220 0.2701152 0.2393424 0.2810578 0.2660473 0.1989678 0.2046752 0.2182161 0.2629379 0.2937364 0.2300015 0.2497360 0.2454994 0.2000447 0.2670143 0.2327112 0.2044861 0.1956550 0.2152125 0.2312679 0.1174950 0.2875729 0.2824886 0.2424942 0.2287778 0.2110594 0.2871324 0.2268439 0.1012516 0.2069115 0.2145171 0.1995178 0.2184212 0.2001058 0.1960488 0.0725825 0.2828075 0.2346566 0.2012737 0.2386194 0.1264601 0.2304546 0.2296027 0.0970184 0.2644611 
Amauria_carterae_99_mesa                   0.1243233 0.0000000 0.1324895 0.1753033 0.1310644 0.0864268 0.3762228 0.3261675 0.3354777 0.1374451 0.1876535 0.1308698 0.1432377 0.1307827 0.1229851 0.1456044 0.1271694 0.0000010 0.1552557 0.1230182 0.1188933 0.1311797 0.1297815 0.1314629 0.1194286 0.1279309 0.1437314 0.1340729 0.1312611 0.1596444 0.1436838 0.1540616 0.1749594 0.2658319 0.1434643 0.1224257 0.2204463 0.1232929 0.1839707 0.1327819 0.1258013 0.1271739 0.1742502 0.2210667 0.1734100 0.1883071 0.1312942 0.1429716 0.1431046 0.1691577 0.1406473 0.1268167 0.1271641 0.1301483 0.1327745 0.1744851 0.1425164 0.1283926 0.1390361 0.1390338 0.1526444 0.1000036 0.1489759 0.2256174 0.1691203 0.1393548 0.1432364 0.2845860 0.1224573 0.1029626 0.1259100 0.1314629 0.1596444 0.1430976 0.1438028 0.1306613 0.1120091 0.1301950 0.1847018 0.1350521 0.1642166 0.0789109 0.1434067 0.1580232 0.0924118 0.1331651 
Amauria_rotundifolia_SRR9119150            0.0797261 0.1324895 0.0000000 0.4287456 0.1755955 0.0712546 0.3328059 0.2619632 0.3190986 0.0246479 0.2865630 0.2388893 0.2405420 0.2397018 0.2744432 0.2937733 0.2365081 0.1475371 0.2567480 0.2583621 0.2370477 0.2397097 0.0859235 0.2564240 0.2413057 0.2626968 0.2721723 0.2429988 0.2666222 0.2574899 0.1659864 0.2458991 0.2721082 0.2478672 0.2645628 0.1562043 0.3138091 0.2351472 0.3079618 0.2488927 0.2091856 0.2353493 0.3000770 0.2709092 0.3214234 0.3099629 0.2385366 0.2462097 0.2645759 0.3036641 0.3075332 0.2775792 0.2784180 0.2798662 0.2424593 0.2718576 0.2346864 0.1907576 0.2408822 0.2569060 0.2604228 0.1118429 0.3273016 0.2975640 0.2975095 0.2718642 0.2655914 0.3362076 0.2701691 0.1010820 0.2226658 0.2564240 0.2441733 0.2619852 0.2453370 0.2365981 0.0824269 0.3002093 0.2830063 0.2404608 0.2787142 0.1500357 0.2736246 0.2664437 0.0865723 0.2932128 
Conoclinium_coelestinum_SRR9119114         0.4176331 0.1753033 0.4287456 0.0000000 0.2160111 0.1943250 0.4490811 0.3528976 0.5053340 0.4311799 0.3085283 0.3327400 0.3346245 0.3411028 0.3298977 0.4152545 0.3304850 0.2776058 0.3188696 0.3369443 0.3310057 0.3420572 0.2501749 0.3290374 0.3198143 0.3450692 0.3285783 0.3424713 0.3058909 0.2037856 0.2032420 0.3682088 0.3639210 0.3726304 0.4089967 0.2027864 0.4026112 0.3382754 0.3677478 0.3371590 0.3250018 0.3384073 0.3743576 0.4359224 0.3807254 0.3820072 0.3418572 0.3449762 0.3643102 0.3738159 0.4328100 0.2926104 0.4354591 0.3440280 0.3391397 0.3694818 0.2801743 0.2481661 0.3419163 0.3243040 0.3428429 0.2239066 0.3775706 0.2942373 0.4081377 0.3411245 0.3442528 0.4894133 0.3320671 0.2066642 0.3313207 0.3290374 0.2099026 0.3212628 0.3498686 0.3292776 0.2098349 0.3536275 0.3488161 0.3374607 0.3840536 0.2103534 0.3200693 0.3616199 0.2108652 0.3875920 
Eutetras_palmeri_63                        0.1724427 0.1310644 0.1755955 0.2160111 0.0000000 0.0070636 0.2833936 0.2843632 0.2820409 0.1731374 0.1176801 0.0827787 0.0907322 0.0855783 0.0829211 0.1078624 0.0801387 0.1117453 0.1148693 0.0833591 0.0872137 0.0815765 0.1217256 0.0862652 0.0957030 0.0926583 0.0950241 0.1002418 0.0964143 0.1200929 0.1268613 0.0966394 0.0938031 0.1607770 0.1336712 0.0979413 0.1323767 0.0870848 0.1277744 0.1050245 0.0876341 0.0844024 0.1017961 0.1511636 0.1016799 0.1306149 0.0845118 0.0842696 0.0904305 0.1014256 0.1714769 0.1339323 0.1549570 0.1097079 0.0849799 0.1048421 0.1063051 0.0778478 0.0815187 0.0892569 0.0979521 0.0829677 0.1021871 0.2763877 0.1414300 0.0977702 0.0997452 0.2001983 0.0941817 0.0655674 0.0850516 0.0862652 0.1509402 0.0977644 0.0871596 0.0825455 0.0717555 0.0715741 0.0997724 0.0855816 0.1471908 0.0873285 0.0912228 0.1036005 0.0479346 0.0929042 
Eutetras_pringlei_149_quer                 0.0721070 0.0864268 0.0712546 0.1943250 0.0070636 0.0000000 0.1077357 0.1432538 0.1130384 0.0675560 0.0882677 0.0626541 0.0673730 0.0643543 0.0629462 0.0627098 0.0627916 0.1149955 0.0722623 0.0626897 0.0510304 0.0551204 0.0697346 0.0624982 0.0512221 0.0589303 0.0623968 0.0742586 0.0549461 0.0829787 0.0811634 0.0628233 0.0633425 0.0545030 0.0667205 0.0524671 0.0942649 0.0589567 0.0869577 0.0627098 0.0587771 0.0550619 0.0764481 0.0512810 0.0724199 0.0909219 0.0629629 0.0551204 0.0589567 0.0764866 0.0550916 0.0629154 0.0588091 0.0562596 0.0588934 0.0707869 0.0624982 0.0627470 0.0551204 0.0633408 0.0629122 0.0742260 0.0473075 0.0613516 0.0626378 0.0587710 0.0601561 0.0435747 0.0696738 0.0704936 0.0594750 0.0624982 0.0829787 0.0714015 0.0589346 0.0654947 0.0513130 0.0288105 0.0472634 0.0665376 0.0626143 0.0458650 0.0613773 0.0665210 0.0486173 0.0664666 
Eutrochium_fistulosum_SRR9119106           0.3401210 0.3762228 0.3328059 0.4490811 0.2833936 0.1077357 0.0000000 0.3352315 0.3853624 0.3285331 0.3104272 0.2970940 0.3131551 0.2916902 0.3135500 0.3488457 0.2862185 0.1714965 0.3413160 0.2869968 0.3298653 0.2905415 0.1913731 0.3231035 0.3351190 0.3297061 0.3298299 0.3376728 0.3506965 0.2439098 0.2508556 0.3178057 0.3188052 0.2573012 0.3572155 0.2674759 0.3606941 0.2865868 0.3365373 0.3266739 0.3154186 0.2829059 0.3470757 0.3241420 0.3431063 0.3342338 0.2942376 0.2868254 0.3023565 0.3357170 0.4077181 0.2882467 0.3943174 0.3484080 0.2898456 0.3590946 0.3234323 0.2857369 0.2846286 0.3140218 0.3338758 0.1447413 0.3756179 0.4072877 0.3561390 0.3534540 0.3319261 0.3557538 0.3468289 0.1374743 0.2909188 0.3231035 0.2280278 0.3145299 0.2868680 0.2908984 0.1790589 0.3050008 0.3192765 0.2799024 0.3701661 0.1747531 0.3180965 0.3327158 0.1110111 0.3260764 
Galeana_pratensis_104_mex                  0.2834788 0.3261675 0.2619632 0.3528976 0.2843632 0.1432538 0.3352315 0.0000000 0.3390963 0.2573353 0.2670225 0.2665490 0.2654455 0.2771477 0.2579489 0.2522573 0.2621854 0.2576243 0.3082475 0.2616408 0.2761794 0.2621854 0.2647992 0.2569241 0.2712426 0.2688528 0.2669275 0.2714375 0.2877243 0.2440779 0.2440779 0.2880075 0.2679263 0.2593164 0.2650553 0.2702287 0.2898428 0.2616408 0.2681508 0.2578401 0.2568467 0.2624647 0.2759302 0.2556292 0.2706073 0.2846100 0.2725263 0.2621854 0.2621854 0.2706073 0.2738033 0.2587127 0.2837821 0.2733348 0.2738636 0.2772714 0.2704615 0.2502425 0.2621854 0.2659538 0.2978253 0.1654626 0.2442575 0.2808670 0.2852041 0.2917409 0.2790859 0.2976621 0.2796196 0.1746314 0.2493084 0.2569241 0.2440779 0.2767417 0.2725263 0.2628252 0.2608561 0.2272010 0.2810589 0.2667593 0.2746632 0.1396861 0.2756983 0.2808079 0.1518656 0.2867677 
Helianthus_annuus_SRR9119062               0.3098156 0.3354777 0.3190986 0.5053340 0.2820409 0.1130384 0.3853624 0.3390963 0.0000000 0.3248912 0.3194307 0.3098082 0.3419556 0.3090747 0.3390993 0.3440160 0.3015943 0.1799292 0.3585943 0.3103970 0.3315981 0.3026164 0.2278223 0.3371391 0.3571774 0.3323600 0.3413054 0.3480049 0.3270992 0.2659111 0.2973551 0.3349647 0.3087184 0.2648270 0.3540571 0.2787179 0.4010533 0.3091859 0.3555890 0.3385041 0.3390244 0.3060327 0.3651472 0.3318153 0.3546065 0.3486931 0.3088114 0.3087104 0.3203510 0.3552172 0.4056252 0.3190116 0.3793605 0.3483988 0.3164998 0.3425829 0.3732433 0.3349719 0.3024787 0.3410330 0.3371434 0.1537574 0.3671292 0.4945439 0.3562140 0.3334452 0.3286405 0.3846079 0.3300383 0.1340778 0.3089139 0.3371391 0.2581580 0.3476464 0.3087492 0.3031127 0.2132049 0.3170943 0.3352080 0.3049751 0.3573377 0.1906897 0.3419409 0.3244709 0.1172447 0.3623050 
Lycapsus_tenuifolius_17                    0.0750870 0.1374451 0.0246479 0.4311799 0.1731374 0.0675560 0.3285331 0.2573353 0.3248912 0.0000000 0.2709722 0.2285070 0.2430622 0.2264393 0.2659736 0.2805750 0.2247945 0.1283169 0.2577304 0.2455542 0.2348159 0.2293946 0.0942229 0.2404740 0.2369388 0.2482903 0.2640426 0.2423891 0.2551589 0.2325903 0.1629122 0.2513244 0.2644462 0.2261417 0.2660182 0.1568382 0.2986712 0.2234177 0.2938007 0.2463709 0.2097797 0.2236142 0.2932523 0.2665806 0.3093196 0.2958592 0.2248631 0.2354020 0.2530416 0.2890236 0.3158799 0.2631654 0.2764248 0.2811734 0.2307291 0.2806662 0.2419176 0.2023620 0.2320658 0.2455464 0.2549589 0.1211090 0.3258817 0.3043015 0.2751307 0.2605070 0.2513942 0.3225769 0.2613257 0.1048700 0.2251549 0.2404740 0.2348040 0.2506436 0.2347569 0.2229062 0.0902315 0.2920838 0.2630783 0.2288722 0.2688806 0.1455518 0.2595868 0.2727641 0.0820907 0.3055328 
Pericome_caudata_50_silver                 0.2207271 0.1876535 0.2865630 0.3085283 0.1176801 0.0882677 0.3104272 0.2670225 0.3194307 0.2709722 0.0000000 0.2313727 0.2147937 0.2365060 0.2724008 0.2847001 0.2230845 0.1009381 0.1377621 0.2526361 0.2122704 0.2334177 0.1501572 0.2311298 0.1800812 0.2384819 0.2335886 0.2096694 0.2428693 0.0910472 0.0920198 0.1326271 0.1097098 0.1819058 0.2856721 0.1320738 0.1688564 0.2310332 0.1589499 0.2203080 0.1576361 0.2286091 0.1618192 0.2588283 0.1714875 0.1585805 0.2379035 0.2502323 0.2692429 0.1573360 0.3743804 0.2986437 0.2951417 0.2202544 0.2364112 0.1451281 0.1495958 0.1190699 0.2462904 0.2323762 0.2542911 0.0990751 0.3303559 0.2352321 0.2978774 0.2435897 0.2396431 0.3710658 0.2312855 0.1276218 0.1982764 0.2311298 0.1193634 0.2396546 0.2487747 0.2311636 0.0988676 0.2514153 0.1479630 0.2370300 0.2679249 0.1472116 0.2431100 0.1403038 0.1118647 0.1382666 
Perityle_aglossa_84_dead_horse             0.1995255 0.1308698 0.2388893 0.3327400 0.0827787 0.0626541 0.2970940 0.2665490 0.3098082 0.2285070 0.2313727 0.0000000 0.0296325 0.0206612 0.0129032 0.1887335 0.0134793 0.1202519 0.1267230 0.0147541 0.0844688 0.0204895 0.0390850 0.0263615 0.0914474 0.0845565 0.0718142 0.0362233 0.0996198 0.2527715 0.1260225 0.1378796 0.2132331 0.2567015 0.1510737 0.0805977 0.1853840 0.0193531 0.2261300 0.0627399 0.0207670 0.0184343 0.1985557 0.1597497 0.2179042 0.2270734 0.0242946 0.0639472 0.0586650 0.2014941 0.2441898 0.0643470 0.1842489 0.0964094 0.0174971 0.1604779 0.0381266 0.0591834 0.0547406 0.0253876 0.0917696 0.0877125 0.2382346 0.2538505 0.2011440 0.1004524 0.0869279 0.3213573 0.0829551 0.0218721 0.0197978 0.0263615 0.2449672 0.0323959 0.0620093 0.0151079 0.0516982 0.1137548 0.2086464 0.0202656 0.1504739 0.1015201 0.0238249 0.1765910 0.0571742 0.2016687 
Perityle_ajoensis_204                      0.2215313 0.1432377 0.2405420 0.3346245 0.0907322 0.0673730 0.3131551 0.2654455 0.3419556 0.2430622 0.2147937 0.0296325 0.0000000 0.0301952 0.0321578 0.1708317 0.0244743 0.1364529 0.1339323 0.0269294 0.0924233 0.0205339 0.0508079 0.0238768 0.0961533 0.0902079 0.0802351 0.0450151 0.1101934 0.2227346 0.1331487 0.1416342 0.1903378 0.2293137 0.1638833 0.0865666 0.1792928 0.0297388 0.2091533 0.0688715 0.0278978 0.0298113 0.1966449 0.1753263 0.2063939 0.2143374 0.0339141 0.0510204 0.0619912 0.1934841 0.2790719 0.0859210 0.2097452 0.1098813 0.0320155 0.1728198 0.0494875 0.0741934 0.0424837 0.0068732 0.1051727 0.0883924 0.2381764 0.2805536 0.1792996 0.1110256 0.0966451 0.3176615 0.0936278 0.0253489 0.0313516 0.0238768 0.2223540 0.0138203 0.0499890 0.0267594 0.0670752 0.1210432 0.1932986 0.0306754 0.1710245 0.1148149 0.0147274 0.1748622 0.0531581 0.2070230 
Perityle_ambrosiifolia_67_green            0.1964564 0.1307827 0.2397018 0.3411028 0.0855783 0.0643543 0.2916902 0.2771477 0.3090747 0.2264393 0.2365060 0.0206612 0.0301952 0.0000000 0.0237947 0.1888146 0.0186849 0.1203650 0.1257805 0.0203852 0.0857874 0.0257773 0.0391253 0.0308836 0.0917596 0.0883561 0.0774275 0.0380098 0.1092458 0.2594698 0.1273997 0.1422023 0.2209528 0.2582367 0.1515326 0.0811547 0.1893133 0.0247121 0.2322593 0.0629358 0.0245924 0.0177634 0.2015529 0.1617013 0.2228694 0.2332164 0.0297842 0.0597309 0.0575566 0.2057203 0.2599707 0.0702454 0.1912164 0.1033762 0.0228380 0.1691287 0.0421148 0.0688309 0.0546673 0.0268523 0.0984754 0.0785068 0.2444518 0.2681562 0.2090819 0.1096660 0.0940972 0.3235620 0.0901858 0.0260334 0.0235059 0.0308836 0.2438588 0.0339995 0.0620614 0.0202456 0.0582479 0.1156482 0.2103827 0.0256294 0.1550714 0.1095327 0.0284217 0.1867763 0.0587883 0.2108038 
Perityle_angustifolia_13_Eagle_creek       0.2299141 0.1229851 0.2744432 0.3298977 0.0829211 0.0629462 0.3135500 0.2579489 0.3390993 0.2659736 0.2724008 0.0129032 0.0321578 0.0237947 0.0000000 0.2205813 0.0090103 0.0756787 0.1327808 0.0089942 0.0708006 0.0168052 0.0319526 0.0288923 0.0716427 0.0702600 0.0563831 0.0339881 0.0928962 0.2537252 0.1268828 0.1490506 0.2578561 0.2676187 0.2097463 0.0611625 0.2126436 0.0103247 0.2694037 0.0487283 0.0183685 0.0182221 0.2307819 0.2208724 0.2425345 0.2653780 0.0221301 0.0643210 0.0689602 0.2390291 0.2694006 0.0273450 0.2564492 0.0812686 0.0143627 0.1754526 0.0328663 0.0536116 0.0631979 0.0262632 0.0871399 0.0881811 0.2369353 0.2551666 0.2686362 0.0973190 0.0823218 0.3614946 0.0778789 0.0124401 0.0157336 0.0288923 0.2374434 0.0330277 0.0731387 0.0094410 0.0518507 0.1028142 0.2516223 0.0167808 0.2055886 0.0519967 0.0198037 0.2071281 0.0574915 0.1994102 
Perityle_batopilensis_97                   0.2421534 0.1456044 0.2937733 0.4152545 0.1078624 0.0627098 0.3488457 0.2522573 0.3440160 0.2805750 0.2847001 0.1887335 0.1708317 0.1888146 0.2205813 0.0000000 0.1877082 0.0763935 0.1547302 0.2042198 0.1657578 0.1944718 0.0818130 0.1842665 0.1354949 0.1933927 0.2177096 0.1709571 0.2004065 0.3057188 0.1396012 0.1765467 0.2532606 0.2907503 0.2529002 0.0670292 0.2443042 0.1927871 0.2748824 0.1252343 0.1194796 0.1884984 0.2615547 0.2498616 0.2838894 0.2705663 0.1918186 0.2145892 0.1991953 0.2690098 0.3532178 0.2377475 0.2784030 0.1808578 0.1953312 0.2077032 0.0976002 0.0819332 0.2006984 0.1860514 0.2226459 0.1141086 0.2715321 0.2868911 0.2889826 0.2139778 0.1958619 0.3688918 0.2178268 0.0858424 0.1594053 0.1842665 0.2795251 0.1959446 0.2096593 0.1871923 0.0672794 0.2425446 0.2402130 0.1933605 0.2418970 0.1139290 0.1978799 0.2191030 0.0577379 0.2542417 
Perityle_bisetosa_9                        0.1939988 0.1271694 0.2365081 0.3304850 0.0801387 0.0627916 0.2862185 0.2621854 0.3015943 0.2247945 0.2230845 0.0134793 0.0244743 0.0186849 0.0090103 0.1877082 0.0000000 0.1153787 0.1212458 0.0073368 0.0788717 0.0185301 0.0355715 0.0243971 0.0847728 0.0814324 0.0708245 0.0309812 0.1019965 0.2449377 0.1202971 0.1315342 0.2119955 0.2483734 0.1460427 0.0752782 0.1854469 0.0135006 0.2223968 0.0597043 0.0185785 0.0164865 0.1974474 0.1531407 0.2179859 0.2233432 0.0164295 0.0588320 0.0533432 0.2015613 0.2464633 0.0656225 0.1845868 0.0938737 0.0155462 0.1578692 0.0350769 0.0613260 0.0485913 0.0224435 0.0919468 0.0791920 0.2365955 0.2575311 0.2013071 0.1027269 0.0859326 0.3183259 0.0818934 0.0124149 0.0120440 0.0243971 0.2340691 0.0294313 0.0558031 0.0100489 0.0542779 0.1066463 0.2036373 0.0124771 0.1480093 0.1041334 0.0206887 0.1728886 0.0573233 0.1968329 
Perityle_californica_76_positas            0.0673094 0.0000010 0.1475371 0.2776058 0.1117453 0.1149955 0.1714965 0.2576243 0.1799292 0.1283169 0.1009381 0.1202519 0.1364529 0.1203650 0.0756787 0.0763935 0.1153787 0.0000000 0.1155253 0.1153787 0.0883726 0.1308597 0.0000010 0.1352912 0.0984996 0.0883726 0.1382671 0.1401967 0.1254061 0.0732770 0.0598199 0.0349868 0.1391114 0.1177158 0.1216491 0.0902472 0.1428423 0.1168538 0.1149913 0.0671442 0.1361874 0.1227562 0.1388654 0.1207378 0.1342181 0.0949353 0.1311117 0.1261717 0.1308997 0.1318347 0.1070721 0.1103644 0.1247340 0.0906080 0.1375078 0.1372169 0.1514717 0.1087771 0.1207378 0.1307151 0.1186418 0.0975629 0.1720963 0.1362509 0.1356818 0.1156105 0.0712297 0.1523818 0.1342937 0.0908801 0.1309031 0.1352912 0.2001078 0.1356791 0.1307032 0.1169173 0.0635083 0.1368123 0.0914170 0.1251185 0.1309403 0.1785062 0.1256541 0.0486176 0.0000010 0.0345364 
Perityle_canescens_77                      0.2514735 0.1552557 0.2567480 0.3188696 0.1148693 0.0722623 0.3413160 0.3082475 0.3585943 0.2577304 0.1377621 0.1267230 0.1339323 0.1257805 0.1327808 0.1547302 0.1212458 0.1155253 0.0000000 0.1308098 0.1224971 0.1256508 0.1368098 0.1250843 0.1333252 0.1343116 0.1362513 0.1401710 0.1169529 0.1355652 0.1377288 0.1068002 0.1301207 0.1870983 0.2147822 0.1177263 0.1159204 0.1332107 0.1587340 0.1270453 0.1262880 0.1244966 0.0976984 0.2366013 0.0987939 0.1570606 0.1272309 0.1299272 0.1470880 0.0987518 0.2923894 0.1694212 0.2645305 0.1427856 0.1312631 0.1400055 0.1319421 0.1116485 0.1256120 0.1295169 0.1468529 0.1007192 0.2027109 0.3082443 0.2066470 0.1230367 0.1332908 0.2680218 0.1349061 0.1021831 0.1289346 0.1250843 0.1672928 0.1367898 0.1315636 0.1253913 0.1142633 0.1533961 0.1219458 0.1310915 0.2390299 0.1086292 0.1326410 0.1081389 0.0593732 0.1133050 
Perityle_castillonii_96                    0.2163467 0.1230182 0.2583621 0.3369443 0.0833591 0.0626897 0.2869968 0.2616408 0.3103970 0.2455542 0.2526361 0.0147541 0.0269294 0.0203852 0.0089942 0.2042198 0.0073368 0.1153787 0.1308098 0.0000000 0.0846895 0.0190298 0.0354836 0.0267400 0.0860036 0.0849612 0.0743510 0.0341497 0.1090913 0.2530680 0.1263226 0.1441170 0.2410898 0.2502140 0.1620548 0.0821232 0.2032546 0.0137105 0.2462868 0.0633569 0.0206037 0.0148420 0.2174558 0.1723403 0.2274131 0.2444470 0.0180063 0.0577196 0.0576287 0.2218693 0.2461400 0.0357752 0.2077244 0.0937762 0.0170315 0.1690504 0.0350397 0.0612439 0.0533705 0.0234964 0.0954814 0.0835188 0.2364136 0.2570563 0.2222793 0.1095482 0.0934841 0.3303606 0.0867552 0.0123985 0.0137138 0.0267400 0.2498314 0.0311554 0.0613532 0.0098166 0.0541885 0.1065628 0.2285599 0.0136549 0.1657210 0.1001077 0.0215212 0.1923495 0.0572128 0.1983332 
Perityle_cernua_84                         0.2042643 0.1188933 0.2370477 0.3310057 0.0872137 0.0510304 0.3298653 0.2761794 0.3315981 0.2348159 0.2122704 0.0844688 0.0924233 0.0857874 0.0708006 0.1657578 0.0788717 0.0883726 0.1224971 0.0846895 0.0000000 0.0845685 0.1002043 0.0905498 0.0130285 0.0432423 0.0905262 0.0945226 0.0893570 0.2321488 0.1294653 0.1195606 0.1967720 0.2215357 0.2284164 0.0503783 0.1757828 0.0867144 0.2023958 0.0680374 0.0877143 0.0824234 0.1952236 0.2402901 0.1998370 0.2011911 0.0893944 0.1022986 0.1187485 0.1920403 0.3063797 0.1359446 0.2572472 0.0674956 0.0885208 0.1585053 0.0942161 0.0757061 0.0988691 0.0872944 0.0879042 0.0827268 0.2273740 0.2233469 0.2392376 0.0962181 0.0627944 0.3157095 0.0922175 0.0851015 0.0857633 0.0905498 0.2292754 0.0953138 0.1048074 0.0808145 0.0443320 0.1132731 0.1660900 0.0856514 0.2322897 0.1057362 0.0882740 0.1567182 0.0570699 0.1815004 
Perityle_cfvillosa_25_tin                  0.1980961 0.1311797 0.2397097 0.3420572 0.0815765 0.0551204 0.2905415 0.2621854 0.3026164 0.2293946 0.2334177 0.0204895 0.0205339 0.0257773 0.0168052 0.1944718 0.0185301 0.1308597 0.1256508 0.0190298 0.0845685 0.0000000 0.0283566 0.0196237 0.0875567 0.0843160 0.0725243 0.0376998 0.1031168 0.2504626 0.1234071 0.1370526 0.2178677 0.2572924 0.1556687 0.0804471 0.1922537 0.0225220 0.2315736 0.0634121 0.0165568 0.0215880 0.2053118 0.1506367 0.2240273 0.2325240 0.0275210 0.0529657 0.0527493 0.2094047 0.2461876 0.0752394 0.1881842 0.0978354 0.0226498 0.1624345 0.0335522 0.0573509 0.0490023 0.0166576 0.0974581 0.0790951 0.2296973 0.2545826 0.2047222 0.1037985 0.0889136 0.3230854 0.0837426 0.0124399 0.0220798 0.0196237 0.2397200 0.0236434 0.0562773 0.0202291 0.0518386 0.1109453 0.2127635 0.0234234 0.1577361 0.1018510 0.0102606 0.1824676 0.0482075 0.1952933 
Perityle_cinerea_113_Powell1310            0.1064034 0.1297815 0.0859235 0.2501749 0.1217256 0.0697346 0.1913731 0.2647992 0.2278223 0.0942229 0.1501572 0.0390850 0.0508079 0.0391253 0.0319526 0.0818130 0.0355715 0.0000010 0.1368098 0.0354836 0.1002043 0.0283566 0.0000000 0.0428009 0.0962854 0.0854820 0.0852135 0.0577252 0.0964467 0.1297412 0.1297412 0.1171675 0.1333560 0.2083079 0.0579766 0.0947448 0.2120122 0.0283536 0.1683364 0.0778313 0.0428382 0.0356169 0.1420959 0.0214061 0.1413955 0.1811230 0.0355293 0.0319250 0.0319526 0.1370996 0.0773584 0.0355626 0.0773584 0.1024403 0.0324297 0.1283697 0.0428160 0.0883929 0.0283566 0.0471025 0.1051768 0.0784648 0.1088855 0.1113323 0.0655841 0.1004899 0.1066780 0.1628073 0.1050558 0.0231470 0.0320755 0.0428009 0.1297412 0.0509231 0.0356367 0.0322238 0.0775352 0.0864976 0.1415504 0.0355882 0.0693927 0.0744603 0.0446545 0.1081775 0.0484551 0.1082036 
Perityle_coahuilensis_24                   0.2145171 0.1314629 0.2564240 0.3290374 0.0862652 0.0624982 0.3231035 0.2569241 0.3371391 0.2404740 0.2311298 0.0263615 0.0238768 0.0308836 0.0288923 0.1842665 0.0243971 0.1352912 0.1250843 0.0267400 0.0905498 0.0196237 0.0428009 0.0000000 0.0917953 0.0912594 0.0776537 0.0386301 0.1092383 0.2549639 0.1228343 0.1396773 0.2132122 0.2583525 0.1658185 0.0780517 0.1876338 0.0284152 0.2286630 0.0656363 0.0105790 0.0284853 0.2043910 0.1778181 0.2250065 0.2310509 0.0324356 0.0738527 0.0794410 0.2072113 0.2704340 0.0814360 0.2047256 0.1044911 0.0305808 0.1635343 0.0370677 0.0658976 0.0623698 0.0199701 0.0999020 0.0832282 0.2469443 0.2622681 0.1960326 0.1090477 0.0926654 0.3361201 0.0931250 0.0281945 0.0290303 0.0000010 0.2443901 0.0257941 0.0697556 0.0265371 0.0542662 0.1206428 0.2109015 0.0292977 0.1614420 0.1089105 0.0191493 0.1822800 0.0525715 0.2022856 
Perityle_cochisensis_44_cave_creek         0.2209779 0.1194286 0.2413057 0.3198143 0.0957030 0.0512221 0.3351190 0.2712426 0.3571774 0.2369388 0.1800812 0.0914474 0.0961533 0.0917596 0.0716427 0.1354949 0.0847728 0.0984996 0.1333252 0.0860036 0.0130285 0.0875567 0.0962854 0.0917953 0.0000000 0.0486632 0.0995339 0.0996417 0.0999234 0.1488370 0.1275563 0.1276959 0.1687301 0.1753506 0.2256396 0.0569814 0.1848918 0.0900959 0.1705649 0.0679109 0.0867533 0.0876116 0.1580629 0.2506381 0.1582330 0.1662007 0.0931747 0.0916025 0.1078673 0.1576618 0.2773084 0.1094834 0.2684039 0.0686288 0.0950249 0.1580714 0.0930240 0.0779552 0.0861927 0.0907197 0.0974816 0.0870479 0.1832591 0.2254439 0.2299908 0.1075069 0.0655202 0.2950972 0.0989041 0.0816750 0.0902811 0.0917953 0.1841609 0.0989215 0.0917873 0.0859533 0.0519260 0.1074710 0.1423672 0.0928644 0.2443290 0.1124535 0.0917811 0.1287370 0.0525474 0.1317236 
Perityle_congesta_202                      0.2039832 0.1279309 0.2626968 0.3450692 0.0926583 0.0589303 0.3297061 0.2688528 0.3323600 0.2482903 0.2384819 0.0845565 0.0902079 0.0883561 0.0702600 0.1933927 0.0814324 0.0883726 0.1343116 0.0849612 0.0432423 0.0843160 0.0854820 0.0912594 0.0486632 0.0000000 0.0901018 0.0943228 0.0786252 0.2674655 0.1238938 0.1363650 0.2291872 0.2608799 0.2328796 0.0621393 0.2026099 0.0865977 0.2226500 0.0761689 0.0866187 0.0825737 0.2162327 0.2380556 0.2383762 0.2227143 0.0913492 0.1284611 0.1354956 0.2217601 0.2914784 0.1353048 0.2393919 0.0738823 0.0882940 0.1691426 0.0947324 0.0605958 0.1185151 0.0882438 0.0888436 0.0700924 0.2429785 0.2391347 0.2572663 0.0888137 0.0662579 0.3435082 0.0890969 0.0785542 0.0876120 0.0912594 0.2585243 0.0958015 0.1253824 0.0807658 0.0068607 0.1108307 0.2027305 0.0865892 0.2263821 0.1011010 0.0906800 0.1839475 0.0805491 0.1982697 
Perityle_cordifolia_27                     0.2367174 0.1437314 0.2721723 0.3285783 0.0950241 0.0623968 0.3298299 0.2669275 0.3413054 0.2640426 0.2335886 0.0718142 0.0802351 0.0774275 0.0563831 0.2177096 0.0708245 0.1382671 0.1362513 0.0743510 0.0905262 0.0725243 0.0852135 0.0776537 0.0995339 0.0901018 0.0000000 0.0864157 0.1069352 0.2653647 0.1362196 0.1461712 0.2243711 0.2578258 0.2227203 0.0910093 0.1966911 0.0770925 0.2489052 0.0860365 0.0747670 0.0740550 0.2096551 0.2268336 0.2302661 0.2525248 0.0827749 0.1170679 0.1226525 0.2175115 0.2986017 0.1204671 0.2446164 0.0978528 0.0754247 0.1664998 0.0875513 0.0341166 0.1083739 0.0746609 0.0980316 0.0651533 0.2318154 0.2380316 0.2585419 0.1083933 0.0927914 0.3265293 0.0933880 0.0646585 0.0787333 0.0776537 0.2558043 0.0820857 0.1162753 0.0730450 0.0396100 0.1202792 0.2206734 0.0781009 0.2132877 0.0923930 0.0761068 0.1927667 0.0615646 0.2085247 
Perityle_cordifolia_68_tecolote            0.2213257 0.1340729 0.2429988 0.3424713 0.1002418 0.0742586 0.3376728 0.2714375 0.3480049 0.2423891 0.2096694 0.0362233 0.0450151 0.0380098 0.0339881 0.1709571 0.0309812 0.1401967 0.1401710 0.0341497 0.0945226 0.0376998 0.0577252 0.0386301 0.0996417 0.0943228 0.0864157 0.0000000 0.1127202 0.2085126 0.1328178 0.1557573 0.1984426 0.2290621 0.1775900 0.0917632 0.1957599 0.0395425 0.2137519 0.0727266 0.0355764 0.0364497 0.1996359 0.1851960 0.2113118 0.2120742 0.0416665 0.0514094 0.0594174 0.1964610 0.2823391 0.0923680 0.2183312 0.1135212 0.0397818 0.1760509 0.0159851 0.0755478 0.0417055 0.0407906 0.1036576 0.1010858 0.2345599 0.2706803 0.1815006 0.1144584 0.0975538 0.3152511 0.0967556 0.0379060 0.0391583 0.0386301 0.2203649 0.0481990 0.0470854 0.0347489 0.0638384 0.1297248 0.1950450 0.0373011 0.1806365 0.1265564 0.0401269 0.1774133 0.0709929 0.2039901 
Perityle_coronopifolia_28_patagonia        0.2182845 0.1312611 0.2666222 0.3058909 0.0964143 0.0549461 0.3506965 0.2877243 0.3270992 0.2551589 0.2428693 0.0996198 0.1101934 0.1092458 0.0928962 0.2004065 0.1019965 0.1254061 0.1169529 0.1090913 0.0893570 0.1031168 0.0964467 0.1092383 0.0999234 0.0786252 0.1069352 0.1127202 0.0000000 0.2670765 0.1301095 0.1414262 0.2220976 0.2649875 0.2110983 0.0818630 0.2106016 0.1091316 0.2456675 0.1100643 0.0988731 0.1046845 0.2284942 0.2290334 0.2537773 0.2441926 0.1104363 0.1428751 0.1556848 0.2342253 0.2783148 0.1518815 0.2364223 0.0937812 0.1075074 0.1595290 0.1070158 0.0535886 0.1408364 0.1094751 0.0982962 0.0697916 0.2316689 0.2320994 0.2460025 0.0099089 0.0877043 0.3352321 0.1033167 0.0784252 0.1075374 0.1092383 0.2597932 0.1152471 0.1470709 0.1022169 0.0301042 0.1371139 0.2176796 0.1039728 0.2009325 0.0579980 0.1145424 0.1995148 0.0709121 0.1989620 
Perityle_crassifolia_70_ventanas           0.1754874 0.1596444 0.2574899 0.2037856 0.1200929 0.0829787 0.2439098 0.2440779 0.2659111 0.2325903 0.0910472 0.2527715 0.2227346 0.2594698 0.2537252 0.3057188 0.2449377 0.0732770 0.1355652 0.2530680 0.2321488 0.2504626 0.1297412 0.2549639 0.1488370 0.2674655 0.2653647 0.2085126 0.2670765 0.0000000 0.0026909 0.1476503 0.1023849 0.1434981 0.2499180 0.1161098 0.1772672 0.2503770 0.1567743 0.2560873 0.1165392 0.2479713 0.1657196 0.2034547 0.1579551 0.1614108 0.2554775 0.2651009 0.2781531 0.1529876 0.2585564 0.2504908 0.2198363 0.1881509 0.2610007 0.1515731 0.1252074 0.1184449 0.2691964 0.2562167 0.2735243 0.0982548 0.2705397 0.1855541 0.2978373 0.2699343 0.2646064 0.3593951 0.2523602 0.0987669 0.1772958 0.2549639 0.0000010 0.2683233 0.2683772 0.2607360 0.0944099 0.2432687 0.1532431 0.2606030 0.2309403 0.0814299 0.2569548 0.1578063 0.0972922 0.1403186 
Perityle_crassifolia_74_playa_balandra     0.1677908 0.1436838 0.1659864 0.2032420 0.1268613 0.0811634 0.2508556 0.2440779 0.2973551 0.1629122 0.0920198 0.1260225 0.1331487 0.1273997 0.1268828 0.1396012 0.1202971 0.0598199 0.1377288 0.1263226 0.1294653 0.1234071 0.1297412 0.1228343 0.1275563 0.1238938 0.1362196 0.1328178 0.1301095 0.0026909 0.0000000 0.1554782 0.0984765 0.1491377 0.1616277 0.1258130 0.1804946 0.1234880 0.1437015 0.1394929 0.1229247 0.1199948 0.1439991 0.1650172 0.1372714 0.1530999 0.1297741 0.1233154 0.1202327 0.1374637 0.1704198 0.1233790 0.1733511 0.1256414 0.1345775 0.1505777 0.1325542 0.1252698 0.1234071 0.1267171 0.1430423 0.1028139 0.1244334 0.1894351 0.1805497 0.1366075 0.1321982 0.2014485 0.1257439 0.0922740 0.1327851 0.1228343 0.0026909 0.1403519 0.1264281 0.1201020 0.0951545 0.1206369 0.1485069 0.1360032 0.1708747 0.0850101 0.1274720 0.1447473 0.1022611 0.1333691 
Perityle_cuneata_34_cuneata_San_antonio    0.2241002 0.1540616 0.2458991 0.3682088 0.0966394 0.0628233 0.3178057 0.2880075 0.3349647 0.2513244 0.1326271 0.1378796 0.1416342 0.1422023 0.1490506 0.1765467 0.1315342 0.0349868 0.1068002 0.1441170 0.1195606 0.1370526 0.1171675 0.1396773 0.1276959 0.1363650 0.1461712 0.1557573 0.1414262 0.1476503 0.1554782 0.0000000 0.1259462 0.1503086 0.2209477 0.0780576 0.1488812 0.1385171 0.1359128 0.1379379 0.1254487 0.1374531 0.1304655 0.2383413 0.1352763 0.1357070 0.1422678 0.1369107 0.1478072 0.1303175 0.3130375 0.1887007 0.2715439 0.1448846 0.1395065 0.1333560 0.1188548 0.1013696 0.1328730 0.1427337 0.1532352 0.0831170 0.2313070 0.2548089 0.2252466 0.1432148 0.1306884 0.2960174 0.1533056 0.0892688 0.1403209 0.1396773 0.1587995 0.1518572 0.1394144 0.1349359 0.0710499 0.1803197 0.1165755 0.1416583 0.2340792 0.1068895 0.1492554 0.0514202 0.0617975 0.0555736 
Perityle_cuneata_4                         0.2304894 0.1749594 0.2721082 0.3639210 0.0938031 0.0633425 0.3188052 0.2679263 0.3087184 0.2644462 0.1097098 0.2132331 0.1903378 0.2209528 0.2578561 0.2532606 0.2119955 0.1391114 0.1301207 0.2410898 0.1967720 0.2178677 0.1333560 0.2132122 0.1687301 0.2291872 0.2243711 0.1984426 0.2220976 0.1023849 0.0984765 0.1259462 0.0000000 0.1661452 0.2503785 0.1114805 0.1497080 0.2154109 0.1570930 0.2081917 0.1387492 0.2117168 0.1545556 0.2221014 0.1582340 0.1609556 0.2226104 0.2383178 0.2500750 0.1513028 0.3393107 0.2810136 0.2701407 0.2211977 0.2166668 0.1326877 0.1311464 0.1027424 0.2265188 0.2145156 0.2275909 0.1002918 0.2969193 0.2165613 0.2791174 0.2218325 0.2265562 0.3571908 0.2284286 0.0929460 0.1852583 0.2132122 0.1331682 0.2219936 0.2338010 0.2247810 0.0838977 0.2474650 0.1295928 0.2229521 0.2435709 0.1063510 0.2320568 0.1358690 0.0752918 0.1444936 
Perityle_discoidea_81                      0.1834807 0.2658319 0.2478672 0.3726304 0.1607770 0.0545030 0.2573012 0.2593164 0.2648270 0.2261417 0.1819058 0.2567015 0.2293137 0.2582367 0.2676187 0.2907503 0.2483734 0.1177158 0.1870983 0.2502140 0.2215357 0.2572924 0.2083079 0.2583525 0.1753506 0.2608799 0.2578258 0.2290621 0.2649875 0.1434981 0.1491377 0.1503086 0.1661452 0.0000000 0.2303544 0.1580589 0.2049632 0.2466258 0.2037912 0.2479437 0.1652758 0.2467698 0.2102526 0.1951759 0.2072207 0.2033860 0.2614737 0.2697796 0.2922884 0.1976326 0.2333473 0.2491785 0.2060743 0.2115809 0.2545692 0.1727911 0.1722030 0.1672220 0.2788498 0.2537689 0.2734564 0.0785845 0.2621642 0.1783028 0.2615588 0.2607728 0.2477795 0.2758727 0.2717386 0.0817169 0.2058547 0.2583525 0.1852260 0.2648348 0.2830078 0.2650698 0.1417985 0.2057955 0.1724586 0.2538906 0.2129779 0.1193115 0.2645240 0.1691012 0.0659332 0.1689725 
Perityle_dissecta_201                      0.2315089 0.1434643 0.2645628 0.4089967 0.1336712 0.0667205 0.3572155 0.2650553 0.3540571 0.2660182 0.2856721 0.1510737 0.1638833 0.1515326 0.2097463 0.2529002 0.1460427 0.1216491 0.2147822 0.1620548 0.2284164 0.1556687 0.0579766 0.1658185 0.2256396 0.2328796 0.2227203 0.1775900 0.2110983 0.2499180 0.1616277 0.2209477 0.2503785 0.2303544 0.0000000 0.1237219 0.2430696 0.1537893 0.2834101 0.2153523 0.1307863 0.1528391 0.2493408 0.1950963 0.2659231 0.2874766 0.1554865 0.1662669 0.1608391 0.2455553 0.2601164 0.1689839 0.1932385 0.2616232 0.1561589 0.2534493 0.1621398 0.1718973 0.1583525 0.1648556 0.2441917 0.0926901 0.2779501 0.2750728 0.1404522 0.2353341 0.2318106 0.3652886 0.2280922 0.0447294 0.1492810 0.1658185 0.2390235 0.1714106 0.1649034 0.1555357 0.0666824 0.2728594 0.2620044 0.1535949 0.1369317 0.1049726 0.1761245 0.2503100 0.0715824 0.2974353 
Perityle_emoryi_47_punta_san_jose          0.1363523 0.1224257 0.1562043 0.2027864 0.0979413 0.0524671 0.2674759 0.2702287 0.2787179 0.1568382 0.1320738 0.0805977 0.0865666 0.0811547 0.0611625 0.0670292 0.0752782 0.0902472 0.1177263 0.0821232 0.0503783 0.0804471 0.0947448 0.0780517 0.0569814 0.0621393 0.0910093 0.0917632 0.0818630 0.1161098 0.1258130 0.0780576 0.1114805 0.1580589 0.1237219 0.0000000 0.1475881 0.0809281 0.1229915 0.0643495 0.0834454 0.0783549 0.1211905 0.1481338 0.1229096 0.1184262 0.0822989 0.0892182 0.0822051 0.1177117 0.1539897 0.1312855 0.1396275 0.0443619 0.0858111 0.1095314 0.0991128 0.0732227 0.0781001 0.0837114 0.0887333 0.0626250 0.0768621 0.1832311 0.1325046 0.0832623 0.0391008 0.2005483 0.0899690 0.0637536 0.0853968 0.0780517 0.1558442 0.0921498 0.0836680 0.0756127 0.0402141 0.1137538 0.0983565 0.0778731 0.1321179 0.1001533 0.0880130 0.0791853 0.0635758 0.0756903 
Perityle_feddemae_99                       0.2906340 0.2204463 0.3138091 0.4026112 0.1323767 0.0942649 0.3606941 0.2898428 0.4010533 0.2986712 0.1688564 0.1853840 0.1792928 0.1893133 0.2126436 0.2443042 0.1854469 0.1428423 0.1159204 0.2032546 0.1757828 0.1922537 0.2120122 0.1876338 0.1848918 0.2026099 0.1966911 0.1957599 0.2106016 0.1772672 0.1804946 0.1488812 0.1497080 0.2049632 0.2430696 0.1475881 0.0000000 0.1936177 0.1606249 0.1877950 0.1641483 0.1870786 0.0333356 0.2924306 0.0353426 0.1616735 0.1913404 0.1969194 0.2114020 0.0264449 0.3418109 0.2384414 0.2983028 0.2123261 0.1908908 0.1593452 0.1648512 0.1359400 0.1927178 0.1882115 0.2099240 0.1142620 0.2756115 0.3534811 0.2689276 0.2172924 0.2039782 0.3447656 0.2119727 0.1357644 0.1855636 0.1876338 0.1951699 0.1951891 0.1983931 0.1904661 0.1408883 0.2068179 0.1479159 0.1918804 0.2575043 0.1200008 0.1968535 0.1464361 0.1043307 0.1531817 
Perityle_fosteri_93                        0.1986858 0.1232929 0.2351472 0.3382754 0.0870848 0.0589567 0.2865868 0.2616408 0.3091859 0.2234177 0.2310332 0.0193531 0.0297388 0.0247121 0.0103247 0.1927871 0.0135006 0.1168538 0.1332107 0.0137105 0.0867144 0.0225220 0.0283536 0.0284152 0.0900959 0.0865977 0.0770925 0.0395425 0.1091316 0.2503770 0.1234880 0.1385171 0.2154109 0.2466258 0.1537893 0.0809281 0.1936177 0.0000000 0.2254289 0.0649992 0.0253271 0.0213799 0.2052315 0.1549976 0.2249243 0.2290511 0.0243333 0.0641115 0.0609541 0.2093038 0.2473313 0.0705648 0.1873568 0.1006150 0.0184742 0.1687056 0.0399450 0.0593936 0.0569395 0.0254543 0.0979598 0.0835188 0.2361533 0.2516476 0.2043048 0.1073383 0.0913832 0.3195029 0.0886816 0.0092930 0.0209710 0.0284152 0.2405544 0.0324815 0.0642459 0.0161627 0.0518691 0.1165877 0.2097957 0.0202977 0.1562938 0.1023098 0.0249332 0.1835013 0.0527628 0.2027469 
Perityle_gamon_221                         0.2638940 0.1839707 0.3079618 0.3677478 0.1277744 0.0869577 0.3365373 0.2681508 0.3555890 0.2938007 0.1589499 0.2261300 0.2091533 0.2322593 0.2694037 0.2748824 0.2223968 0.1149913 0.1587340 0.2462868 0.2023958 0.2315736 0.1683364 0.2286630 0.1705649 0.2226500 0.2489052 0.2137519 0.2456675 0.1567743 0.1437015 0.1359128 0.1570930 0.2037912 0.2834101 0.1229915 0.1606249 0.2254289 0.0000000 0.2135430 0.1625959 0.2235037 0.1548000 0.2902673 0.1642583 0.0180690 0.2359393 0.2485891 0.2657204 0.1551558 0.3940466 0.2917400 0.3107112 0.2165869 0.2294431 0.1578220 0.1585959 0.1262602 0.2475745 0.2241736 0.2532104 0.1483365 0.3122892 0.3234067 0.3256365 0.2450454 0.2209729 0.3923192 0.2461804 0.1144769 0.1969610 0.2286630 0.1841066 0.2348064 0.2542478 0.2259806 0.1179044 0.2517897 0.0939789 0.2297256 0.3030593 0.1614671 0.2445664 0.1497801 0.1203024 0.1601632 
Perityle_gentryi_8_san_francisco           0.2137260 0.1327819 0.2488927 0.3371590 0.1050245 0.0627098 0.3266739 0.2578401 0.3385041 0.2463709 0.2203080 0.0627399 0.0688715 0.0629358 0.0487283 0.1252343 0.0597043 0.0671442 0.1270453 0.0633569 0.0680374 0.0634121 0.0778313 0.0656363 0.0679109 0.0761689 0.0860365 0.0727266 0.1100643 0.2560873 0.1394929 0.1379379 0.2081917 0.2479437 0.2153523 0.0643495 0.1877950 0.0649992 0.2135430 0.0000000 0.0638939 0.0630804 0.2127570 0.2180376 0.2250033 0.2107738 0.0683044 0.1045375 0.1123431 0.2121925 0.3174973 0.1194847 0.2563149 0.0883515 0.0654095 0.1760646 0.0776941 0.0739788 0.0936733 0.0616157 0.1081740 0.1141086 0.2599475 0.2765464 0.2377979 0.1103894 0.0804719 0.3120458 0.0964546 0.0753071 0.0662740 0.0656363 0.2435067 0.0699749 0.1014823 0.0581636 0.0622055 0.1172707 0.1876852 0.0659224 0.2100823 0.1090558 0.0644834 0.1841390 0.0577379 0.2062202 
Perityle_gilensis_22_Superstition          0.2075768 0.1258013 0.2091856 0.3250018 0.0876341 0.0587771 0.3154186 0.2568467 0.3390244 0.2097797 0.1576361 0.0207670 0.0278978 0.0245924 0.0183685 0.1194796 0.0185785 0.1361874 0.1262880 0.0206037 0.0877143 0.0165568 0.0428382 0.0105790 0.0867533 0.0866187 0.0747670 0.0355764 0.0988731 0.1165392 0.1229247 0.1254487 0.1387492 0.1652758 0.1307863 0.0834454 0.1641483 0.0253271 0.1625959 0.0638939 0.0000000 0.0231360 0.1392832 0.1577332 0.1449494 0.1650802 0.0264025 0.0297509 0.0388461 0.1402121 0.2224023 0.0827587 0.1832131 0.0967160 0.0243574 0.1332252 0.0384495 0.0639331 0.0196995 0.0235265 0.0950594 0.0832282 0.1746322 0.2607697 0.1438958 0.1002555 0.0864115 0.2619518 0.0866442 0.0221805 0.0244704 0.0105790 0.1498122 0.0311953 0.0263923 0.0218952 0.0540762 0.1038029 0.1469984 0.0241073 0.1472101 0.1043436 0.0216780 0.1250814 0.0481462 0.1385434 
Perityle_gilensis_salensis_225             0.1959220 0.1271739 0.2353493 0.3384073 0.0844024 0.0550619 0.2829059 0.2624647 0.3060327 0.2236142 0.2286091 0.0184343 0.0298113 0.0177634 0.0182221 0.1884984 0.0164865 0.1227562 0.1244966 0.0148420 0.0824234 0.0215880 0.0356169 0.0284853 0.0876116 0.0825737 0.0740550 0.0364497 0.1046845 0.2479713 0.1199948 0.1374531 0.2117168 0.2467698 0.1528391 0.0783549 0.1870786 0.0213799 0.2235037 0.0630804 0.0231360 0.0000000 0.1977700 0.1594767 0.2154440 0.2271299 0.0264104 0.0600873 0.0535708 0.2018879 0.2534963 0.0695829 0.1905590 0.0956223 0.0224850 0.1614772 0.0353025 0.0614174 0.0498110 0.0255135 0.0934597 0.0789991 0.2318625 0.2511017 0.2021340 0.1053002 0.0883904 0.3118658 0.0843968 0.0219755 0.0199294 0.0284853 0.2358031 0.0325575 0.0571198 0.0182671 0.0542735 0.1083579 0.2066319 0.0223403 0.1524002 0.1025673 0.0239336 0.1788400 0.0481468 0.1998456 
Perityle_glaucescens_94                    0.2701152 0.1742502 0.3000770 0.3743576 0.1017961 0.0764481 0.3470757 0.2759302 0.3651472 0.2932523 0.1618192 0.1985557 0.1966449 0.2015529 0.2307819 0.2615547 0.1974474 0.1388654 0.0976984 0.2174558 0.1952236 0.2053118 0.1420959 0.2043910 0.1580629 0.2162327 0.2096551 0.1996359 0.2284942 0.1657196 0.1439991 0.1304655 0.1545556 0.2102526 0.2493408 0.1211905 0.0333356 0.2052315 0.1548000 0.2127570 0.1392832 0.1977700 0.0000000 0.2752688 0.0144533 0.1545196 0.2044718 0.2232321 0.2437689 0.0155652 0.3593941 0.2556708 0.2881923 0.2130263 0.2039569 0.1472072 0.1326633 0.1036499 0.2225468 0.2076753 0.2264831 0.1145274 0.2858924 0.3123393 0.2788983 0.2302636 0.2157924 0.3576463 0.2151216 0.1045218 0.1754068 0.2043910 0.1869658 0.2144675 0.2265749 0.2040966 0.0955212 0.2439234 0.1477863 0.2063067 0.2607707 0.1155612 0.2188815 0.1414590 0.0744115 0.1485720 
Perityle_gracilis_11                       0.2393424 0.2210667 0.2709092 0.4359224 0.1511636 0.0512810 0.3241420 0.2556292 0.3318153 0.2665806 0.2588283 0.1597497 0.1753263 0.1617013 0.2208724 0.2498616 0.1531407 0.1207378 0.2366013 0.1723403 0.2402901 0.1506367 0.0214061 0.1778181 0.2506381 0.2380556 0.2268336 0.1851960 0.2290334 0.2034547 0.1650172 0.2383413 0.2221014 0.1951759 0.1950963 0.1481338 0.2924306 0.1549976 0.2902673 0.2180376 0.1577332 0.1594767 0.2752688 0.0000000 0.2950899 0.2865098 0.1600282 0.1599147 0.1533301 0.2697498 0.2770166 0.1815019 0.2210585 0.2643582 0.1586121 0.2632094 0.1777120 0.1601153 0.1475765 0.1743653 0.2326919 0.0746595 0.2979617 0.3207119 0.2085503 0.2441683 0.2278602 0.3225105 0.2377299 0.0187143 0.1636964 0.1778181 0.2054002 0.1828831 0.1502483 0.1650488 0.0758091 0.2800684 0.2529755 0.1570468 0.2140676 0.0992772 0.1777760 0.2510565 0.0526386 0.2998795 
