84
Amauria_brandeegeana_62                    0.0000000 0.2791751 0.5764444 0.5858094 0.5350139 0.0961237 0.4737209 0.2914148 0.5230561 0.5288500 0.3396870 0.2906663 0.4894460 0.5490043 0.3617200 0.3203673 0.1583701 0.4911787 0.5222242 0.2978473 0.4411671 0.2831621 0.4851014 0.2833361 0.4623557 0.3463124 0.5498999 0.5551960 0.3266175 0.4789600 0.5327236 0.2744996 0.5593422 0.4603687 0.0741768 0.5135199 0.3012551 0.5249970 0.3054109 0.5445249 0.5319485 0.4998438 0.2940354 0.5025668 0.5280934 0.2928395 0.2895826 0.2894568 0.5063155 0.2852810 0.5511081 0.5138036 0.3527518 0.4115363 0.5780069 0.4205586 0.4096803 0.5379559 0.2873882 0.5003631 0.3113547 0.2353026 0.2900958 0.5420328 0.3638795 0.2615578 0.2688163 0.1000767 0.2900018 0.2520488 0.5601713 0.2834759 0.4967015 0.5513300 0.2909344 0.2613301 0.5407152 0.5304527 0.2892900 0.4340508 0.2831871 0.5607399 0.1021206 0.5365520 
Amauria_carterae_99_mesa                   0.2791751 0.0000000 0.0676876 0.2236230 0.0469465 0.1718044 0.1076178 0.1118620 0.1386383 0.0613478 0.2279470 0.2135876 0.0548561 0.0611308 0.0498692 0.2441045 0.0642029 0.0582585 0.0869824 0.2224529 0.0611510 0.2052321 0.4715394 0.2052086 0.0686599 0.2189368 0.0748578 0.0617836 0.2403717 0.0613733 0.0549359 0.2214934 0.0613478 0.0485785 0.2828358 0.0646643 0.2227542 0.0665949 0.2436667 0.0653212 0.0718074 0.0613399 0.2052321 0.0613399 0.0598359 0.2052321 0.2052321 0.2090740 0.0614546 0.2052321 0.0547789 0.0614171 0.2191559 0.0548561 0.0578891 0.0782049 0.0696034 0.0720736 0.2052321 0.0664204 0.0845211 0.2404446 0.2173413 0.0632601 0.2227589 0.2527525 0.2615024 0.1823395 0.2101701 0.1986293 0.0582372 0.2054717 0.0720441 0.0952575 0.0688117 0.2572401 0.0731982 0.0547789 0.2172329 0.3520776 0.2002682 0.0864681 0.1765193 0.0832717 
Amauria_rotundifolia_SRR9119150            0.5764444 0.0676876 0.0000000 0.4834487 0.0975062 0.2100742 0.4016328 0.1241358 0.4813245 0.0960921 0.6340936 0.5469910 0.1352914 0.2494961 0.0881002 0.7009154 0.0613457 0.0775087 0.1086941 0.5598815 0.1477724 0.5500919 0.4610967 0.5407643 0.0671057 0.6730621 0.1223793 0.2088316 0.4917289 0.0922873 0.1054522 0.5873278 0.0874033 0.1083030 0.6369656 0.1339887 0.5552414 0.1014789 0.6612136 0.1253105 0.1238517 0.1372760 0.5266108 0.1414742 0.0959843 0.5435135 0.5395044 0.5463263 0.1373831 0.5011799 0.1412253 0.1302097 0.6552436 0.0882609 0.2133777 0.1104276 0.1286079 0.1256210 0.5463263 0.1124329 0.0882995 0.3188282 0.5468916 0.2191560 0.6474416 0.5504397 0.5693123 0.1650787 0.5605842 0.5163902 0.0834477 0.5432361 0.0742230 0.1362879 0.0798144 0.5376322 0.1178592 0.1340973 0.5389092 0.4619753 0.5445632 0.1934367 0.2265608 0.2291830 
Conoclinium_coelestinum_SRR9119114         0.5858094 0.2236230 0.4834487 0.0000000 0.4593117 0.2231130 0.3532215 0.1927714 0.5264533 0.4220558 0.5747760 0.5758784 0.3782731 0.4678910 0.2762531 0.5425013 0.1548932 0.4131177 0.4673411 0.5722557 0.3525725 0.5667576 0.4590557 0.5841184 0.4111496 0.6191212 0.4602584 0.5359823 0.5558853 0.3693630 0.4613598 0.5853372 0.4648043 0.4171684 0.5918079 0.4741393 0.5857050 0.4692947 0.5057528 0.4499803 0.4426457 0.4751291 0.5612667 0.4771316 0.4679615 0.5747278 0.5649739 0.5726552 0.4700740 0.5794080 0.4605728 0.4256708 0.5995880 0.3106827 0.5455603 0.3143509 0.2779476 0.4670275 0.5698061 0.4591929 0.2468410 0.3202040 0.5707460 0.5439747 0.6223119 0.5372037 0.5401080 0.1200720 0.5866188 0.5610703 0.4742308 0.5712533 0.4040201 0.4699851 0.2452160 0.5475744 0.4752256 0.4508450 0.5775059 0.4632433 0.5696769 0.4947576 0.2441902 0.5216125 
Eutetras_palmeri_63                        0.5350139 0.0469465 0.0975062 0.4593117 0.0000000 0.1815493 0.3386162 0.0902680 0.4207454 0.0927641 0.6034175 0.5037161 0.0483415 0.1722712 0.0306082 0.6358119 0.0278953 0.0638612 0.1104670 0.5091136 0.0456103 0.5087067 0.4077208 0.4973462 0.0596609 0.6009695 0.0664430 0.1915323 0.4593965 0.0841614 0.1087593 0.5194199 0.0925403 0.0878935 0.5883180 0.0733340 0.5160079 0.1029501 0.6092101 0.0639920 0.0605953 0.0749980 0.4758151 0.0790938 0.0984810 0.4933297 0.5009720 0.5080538 0.0763929 0.4589710 0.1397672 0.0582947 0.5891664 0.0298335 0.1820015 0.0612141 0.0875133 0.0615154 0.5080538 0.1053188 0.0562758 0.2712402 0.5042784 0.2006097 0.5868172 0.5047402 0.5149155 0.1348026 0.5149254 0.4743206 0.0869539 0.5048001 0.0487311 0.0705707 0.0410807 0.5062215 0.1188188 0.0508194 0.5068708 0.4383097 0.5085590 0.1678234 0.1989269 0.1617005 
Eutetras_pringlei_149_quer                 0.0961237 0.1718044 0.2100742 0.2231130 0.1815493 0.0000000 0.1914063 0.1817493 0.2333174 0.2050430 0.0393262 0.0595748 0.1927952 0.1999448 0.1927098 0.0480045 0.1418576 0.1999466 0.2028600 0.0717010 0.1925112 0.0565750 0.3133495 0.0595499 0.1267336 0.0335119 0.1967279 0.2433473 0.0907587 0.2090673 0.1933763 0.1018427 0.2050430 0.1363355 0.0868231 0.1927861 0.0779252 0.1933763 0.0364671 0.1857908 0.1823171 0.1827737 0.0565750 0.1896236 0.1899840 0.0596043 0.0594835 0.0594835 0.1899910 0.0594835 0.1927000 0.2006266 0.0392912 0.1927952 0.2400460 0.2078783 0.1972731 0.1866540 0.0565750 0.2433473 0.1474117 0.0321366 0.0566506 0.2401011 0.0363993 0.0632358 0.0698912 0.0954863 0.0627058 0.0595499 0.2055341 0.0537035 0.1897681 0.1931596 0.1601524 0.0632418 0.1727619 0.1892371 0.0595989 0.2292861 0.0595016 0.2034721 0.0362908 0.2516191 
Eutrochium_fistulosum_SRR9119106           0.4737209 0.1076178 0.4016328 0.3532215 0.3386162 0.1914063 0.0000000 0.1273273 0.4639704 0.3432663 0.5208473 0.4531173 0.2803460 0.3397700 0.2110657 0.5025985 0.0940751 0.3086447 0.3766181 0.4542678 0.2552341 0.4426081 0.4200246 0.4509060 0.2929523 0.5473874 0.3698577 0.4168245 0.4082960 0.2635598 0.3641528 0.4457471 0.3714182 0.2716410 0.4789846 0.3633451 0.4690361 0.3710673 0.4679975 0.3537294 0.3469342 0.3656115 0.4449104 0.3626706 0.3739297 0.4426192 0.4456881 0.4480576 0.3608781 0.4495381 0.3585030 0.3124041 0.5355956 0.2220713 0.4296118 0.2262964 0.1864844 0.3625574 0.4419267 0.3384954 0.1135501 0.2711862 0.4598276 0.4241284 0.5623794 0.4297270 0.4266616 0.1503140 0.4520982 0.4175554 0.3720231 0.4460676 0.2914373 0.3739988 0.1601305 0.4297778 0.3836991 0.3445704 0.4481339 0.4767417 0.4445597 0.3836601 0.2096484 0.3926391 
Galeana_pratensis_104_mex                  0.2914148 0.1118620 0.1241358 0.1927714 0.0902680 0.1817493 0.1273273 0.0000000 0.1745864 0.1216082 0.2287240 0.2199921 0.0960596 0.0988663 0.0948027 0.2520067 0.0946693 0.1190767 0.1288154 0.2273546 0.1070404 0.2130402 0.4387505 0.2201421 0.0980030 0.2205051 0.1111315 0.1340083 0.2310660 0.1216487 0.1162738 0.2463183 0.1216082 0.0840597 0.2879161 0.1073739 0.2240748 0.1134847 0.2449399 0.1084177 0.1111807 0.1073353 0.2130402 0.1073353 0.1103584 0.2133330 0.2130817 0.2162303 0.1075080 0.2130402 0.0987756 0.1019175 0.2208216 0.0960596 0.1390046 0.1168563 0.1069181 0.1144700 0.2130402 0.1366169 0.1096802 0.2268993 0.2200164 0.1398359 0.2173791 0.2523358 0.2526509 0.1446095 0.2105691 0.2201421 0.1219352 0.2132471 0.1171354 0.1201799 0.1128335 0.2523703 0.1182471 0.0959435 0.2224105 0.4123500 0.2088975 0.1217116 0.1988638 0.1461240 
Helianthus_annuus_SRR9119062               0.5230561 0.1386383 0.4813245 0.5264533 0.4207454 0.2333174 0.4639704 0.1745864 0.0000000 0.4076502 0.5782488 0.5365260 0.3544573 0.4822063 0.2891184 0.5899968 0.1322107 0.3828395 0.4394850 0.5385969 0.3276531 0.5280287 0.4092645 0.5300835 0.3429138 0.6337575 0.4485056 0.4788913 0.4690520 0.3301873 0.4605366 0.5500740 0.4380816 0.3241673 0.5956485 0.4611092 0.5316021 0.4512712 0.5527428 0.4420735 0.4417756 0.4559526 0.5202064 0.4593788 0.4529680 0.5305639 0.5277513 0.5354279 0.4542533 0.4934308 0.4782212 0.3739988 0.6164166 0.2762317 0.4891394 0.2586393 0.2623905 0.4472946 0.5326700 0.3788213 0.1206933 0.2614270 0.5270473 0.4851462 0.6078009 0.5164509 0.5049205 0.1586116 0.5353531 0.5066326 0.4334375 0.5334766 0.3882818 0.4482124 0.2045215 0.5165117 0.4495218 0.4073688 0.5384150 0.4433184 0.5365827 0.4672234 0.2264600 0.4650685 
Lycapsus_tenuifolius_17                    0.5288500 0.0613478 0.0960921 0.4220558 0.0927641 0.2050430 0.3432663 0.1216082 0.4076502 0.0000000 0.5802859 0.5103716 0.1336554 0.2332763 0.1004803 0.5801169 0.0553431 0.0650772 0.0755105 0.5187312 0.1457805 0.5043470 0.4367735 0.5063671 0.0668279 0.5721006 0.1407942 0.2068386 0.4148121 0.0164960 0.0696540 0.5179545 0.0013434 0.0598288 0.5561098 0.1417487 0.5092217 0.0650063 0.5363047 0.1345920 0.1398409 0.1423527 0.5042736 0.1473712 0.0678897 0.5067669 0.4987316 0.5028846 0.1425062 0.4451320 0.0710740 0.1276711 0.5653882 0.0918454 0.2172864 0.1167275 0.1285057 0.1399360 0.5028846 0.0940770 0.0668129 0.2971189 0.5100580 0.2187555 0.5307732 0.4883417 0.5066260 0.1557486 0.5111804 0.4782844 0.0388905 0.5013699 0.0817045 0.1491222 0.0801700 0.4719555 0.0775270 0.1341837 0.5135776 0.4421936 0.5012723 0.1958952 0.2188043 0.2134505 
Pericome_caudata_50_silver                 0.3396870 0.2279470 0.6340936 0.5747760 0.6034175 0.0393262 0.5208473 0.2287240 0.5782488 0.5802859 0.0000000 0.2648843 0.5364961 0.6034560 0.3464353 0.3106351 0.1498146 0.5321185 0.5919033 0.2637788 0.4846228 0.2573439 0.5471938 0.2582642 0.5047429 0.2932592 0.6256051 0.6325269 0.3747295 0.4699360 0.5911809 0.3015015 0.5898269 0.5285611 0.3321735 0.6130743 0.2743672 0.5968254 0.2806415 0.6102061 0.6040381 0.5867055 0.2291968 0.5946198 0.5945705 0.2606032 0.2568897 0.2632968 0.5980783 0.2708550 0.6428456 0.5739482 0.2866326 0.3882153 0.6303097 0.3673082 0.3792231 0.6076802 0.2565812 0.5664431 0.2738511 0.0871307 0.2608365 0.6373739 0.3278665 0.2409537 0.2350219 0.1001221 0.2896624 0.2465531 0.6001310 0.2583907 0.4937412 0.6123749 0.2404602 0.2472564 0.6181302 0.5949793 0.2612403 0.2966039 0.2669545 0.6759458 0.0370182 0.6505782 
Perityle_aglossa_84_dead_horse             0.2906663 0.2135876 0.5469910 0.5758784 0.5037161 0.0595748 0.4531173 0.2199921 0.5365260 0.5103716 0.2648843 0.0000000 0.4667977 0.5456987 0.3218867 0.3246211 0.1394074 0.4388062 0.5246394 0.0250221 0.4418516 0.0222974 0.4250696 0.0211228 0.4318175 0.2320925 0.5490426 0.5540519 0.1137693 0.4100223 0.5388021 0.1087887 0.5190626 0.4329178 0.2983293 0.5201260 0.0251931 0.5159686 0.2943568 0.5414771 0.5348691 0.5184327 0.0252727 0.5205467 0.5158089 0.0175486 0.0210716 0.0234425 0.5240149 0.0198825 0.5664521 0.4806824 0.2389894 0.3597691 0.5714411 0.3453653 0.3309361 0.5386337 0.0210719 0.4832165 0.2428963 0.0950427 0.0210837 0.5535177 0.2629457 0.1030798 0.1045078 0.0304578 0.0433279 0.0195596 0.5241481 0.0234279 0.4204760 0.5509090 0.2224239 0.1061447 0.5461375 0.5129418 0.0235450 0.2659551 0.0247854 0.5770212 0.0672782 0.5609754 
Perityle_ajoensis_204                      0.4894460 0.0548561 0.1352914 0.3782731 0.0483415 0.1927952 0.2803460 0.0960596 0.3544573 0.1336554 0.5364961 0.4667977 0.0000000 0.0939172 0.0073897 0.5130049 0.0300961 0.0720553 0.1547199 0.4759477 0.0177872 0.4733167 0.4357050 0.4735497 0.0577767 0.5215835 0.0599092 0.2225672 0.3614839 0.0882272 0.1305921 0.4703672 0.1284710 0.0137985 0.5190570 0.0804392 0.4745244 0.1361611 0.4763582 0.0541100 0.0572245 0.0776914 0.4739864 0.0824926 0.1324969 0.4606733 0.4654286 0.4726382 0.0777755 0.3967700 0.0933745 0.0185827 0.5112602 0.0050801 0.2343361 0.0521145 0.0728048 0.0409463 0.4726382 0.0990258 0.0577093 0.2704758 0.4730694 0.2310116 0.4637667 0.4482220 0.4663612 0.1503150 0.4634346 0.4435739 0.1245478 0.4681487 0.0554190 0.0586241 0.0232795 0.4266973 0.1513044 0.0124031 0.4767009 0.4317929 0.4707528 0.2035344 0.2067766 0.2104835 
Perityle_ambrosiifolia_67_green            0.5490043 0.0611308 0.2494961 0.4678910 0.1722712 0.1999448 0.3397700 0.0988663 0.4822063 0.2332763 0.6034560 0.5456987 0.0939172 0.0000000 0.0115588 0.5715326 0.0393468 0.2257410 0.2736182 0.5567155 0.0628021 0.5528376 0.5189315 0.5552888 0.2146574 0.5978009 0.1790458 0.3709903 0.4739471 0.1804033 0.2590520 0.5640797 0.2455458 0.2282434 0.5971899 0.2025297 0.5518710 0.2586402 0.5359109 0.1683708 0.1701429 0.1914203 0.5347872 0.1947779 0.2545071 0.5313110 0.5519985 0.5535057 0.1916296 0.4943339 0.2459229 0.1306639 0.5807967 0.0140757 0.3658777 0.0581828 0.0686724 0.1554329 0.5512078 0.2681284 0.0637082 0.2749998 0.5490637 0.3758705 0.5602813 0.5077755 0.5301377 0.1553645 0.5406850 0.5166882 0.2446305 0.5548717 0.1823432 0.1716774 0.0280018 0.4908012 0.2821287 0.1374462 0.5525211 0.4383474 0.5530312 0.3471312 0.2136301 0.3609313 
Perityle_angustifolia_13_Eagle_creek       0.3617200 0.0498692 0.0881002 0.2762531 0.0306082 0.1927098 0.2110657 0.0948027 0.2891184 0.1004803 0.3464353 0.3218867 0.0073897 0.0115588 0.0000000 0.3409992 0.0300810 0.0710224 0.1271364 0.3316993 0.0148507 0.3299197 0.4031003 0.3306097 0.0307485 0.3371545 0.0360096 0.2365979 0.1835420 0.0868353 0.1008581 0.3258998 0.1004803 0.0000010 0.3697379 0.0435559 0.3440650 0.0972294 0.3416657 0.0321897 0.0361578 0.0416282 0.3310090 0.0435827 0.0927610 0.3162429 0.3242112 0.3326465 0.0397244 0.2848477 0.0613227 0.0111593 0.3403978 0.0037024 0.2330047 0.0440843 0.0361949 0.0188000 0.3269101 0.1030805 0.0545561 0.1875134 0.3244930 0.2369165 0.3220118 0.3552843 0.3549169 0.1502100 0.3231183 0.3275354 0.0928010 0.3271920 0.0300488 0.0380671 0.0218063 0.3553268 0.1130224 0.0036838 0.3366391 0.3677683 0.3280722 0.1934124 0.2066908 0.1934607 
Perityle_batopilensis_97                   0.3203673 0.2441045 0.7009154 0.5425013 0.6358119 0.0480045 0.5025985 0.2520067 0.5899968 0.5801169 0.3106351 0.3246211 0.5130049 0.5715326 0.3409992 0.0000000 0.1577526 0.5663029 0.6138043 0.3199984 0.4860638 0.3249169 0.5113093 0.3236600 0.5696286 0.3313355 0.6799765 0.6836716 0.3954058 0.4686641 0.6560292 0.3594752 0.6159466 0.5541374 0.3718113 0.6730916 0.3308679 0.6711137 0.0344853 0.6598878 0.6526197 0.6654778 0.2970231 0.6704620 0.6725884 0.3219815 0.3238748 0.3315419 0.6682532 0.3058848 0.6656176 0.5607881 0.3389702 0.3946754 0.6842321 0.3837600 0.3911115 0.6456675 0.3258771 0.6493536 0.2811250 0.1148296 0.3318882 0.6856193 0.3373798 0.2536276 0.2514746 0.1101633 0.3279224 0.3123861 0.6364366 0.3274175 0.5281748 0.6631986 0.2499655 0.2562906 0.6789115 0.6090085 0.3182976 0.2983055 0.3288433 0.7117423 0.0425138 0.6872350 
Perityle_bisetosa_9                        0.1583701 0.0642029 0.0613457 0.1548932 0.0278953 0.1418576 0.0940751 0.0946693 0.1322107 0.0553431 0.1498146 0.1394074 0.0300961 0.0393468 0.0300810 0.1577526 0.0000000 0.0680838 0.0779603 0.1509348 0.0392997 0.1356187 0.3866462 0.1393341 0.0091895 0.1569169 0.0304659 0.0647913 0.1515380 0.0586513 0.0583954 0.1685969 0.0553431 0.0306774 0.1439185 0.0301388 0.1551003 0.0458595 0.1575966 0.0089286 0.0089313 0.0301756 0.1356187 0.0301756 0.0426176 0.1356187 0.1356187 0.1391489 0.0302308 0.1356187 0.0300544 0.0363846 0.1610080 0.0300961 0.0552048 0.0399332 0.0532905 0.0210335 0.1356187 0.0647913 0.0465212 0.1715457 0.1358398 0.0648801 0.1607539 0.1819286 0.1821777 0.1457665 0.1398267 0.1393341 0.0523746 0.1321870 0.0149634 0.0240946 0.0210335 0.1819548 0.0457789 0.0270260 0.1427340 0.3570772 0.1392035 0.0666846 0.1528646 0.0746160 
Perityle_californica_76_positas            0.4911787 0.0582585 0.0775087 0.4131177 0.0638612 0.1999466 0.3086447 0.1190767 0.3828395 0.0650772 0.5321185 0.4388062 0.0720553 0.2257410 0.0710224 0.5663029 0.0680838 0.0000000 0.0671290 0.4410938 0.0815572 0.4308142 0.4341608 0.4350677 0.0607364 0.5290200 0.0742287 0.0919693 0.4680019 0.0648848 0.0410204 0.4696360 0.0668499 0.1074290 0.5236548 0.0762830 0.4442032 0.0544742 0.5310420 0.0680799 0.0695877 0.0850369 0.4120136 0.0884373 0.0543559 0.4327975 0.4325937 0.4308142 0.0834133 0.4315406 0.1068796 0.0869011 0.5149597 0.0655654 0.0930810 0.0903617 0.1133991 0.0712775 0.4335221 0.0898757 0.0637767 0.2827488 0.4398455 0.1080048 0.5339931 0.4330140 0.4452051 0.1549918 0.4405694 0.4024411 0.0722386 0.4327948 0.0745807 0.0844310 0.0790411 0.4390136 0.0696097 0.0777223 0.4416777 0.4166963 0.4337505 0.0659144 0.2070289 0.1090880 
Perityle_canescens_77                      0.5222242 0.0869824 0.1086941 0.4673411 0.1104670 0.2028600 0.3766181 0.1288154 0.4394850 0.0755105 0.5919033 0.5246394 0.1547199 0.2736182 0.1271364 0.6138043 0.0779603 0.0671290 0.0000000 0.5337115 0.1660569 0.5281038 0.4596226 0.5228035 0.0733564 0.5802669 0.1422210 0.1778395 0.4564026 0.0795704 0.0683117 0.5305809 0.0763862 0.0788752 0.5647247 0.1479264 0.5365002 0.0496118 0.5772937 0.1398670 0.1449473 0.1616646 0.5221380 0.1681537 0.0495353 0.5237230 0.5210919 0.5224184 0.1617317 0.4640453 0.0894680 0.1552099 0.5734855 0.1148402 0.2071251 0.1299090 0.1399024 0.1495831 0.5273670 0.0724722 0.0730355 0.2755971 0.5248513 0.1943045 0.5404216 0.5144809 0.5361284 0.1602833 0.5332467 0.4956651 0.0783982 0.5237274 0.0875543 0.1587528 0.1079000 0.4933024 0.0688484 0.1486680 0.5283920 0.4095898 0.5241049 0.1888915 0.2084148 0.1842849 
Perityle_castillonii_96                    0.2978473 0.2224529 0.5598815 0.5722557 0.5091136 0.0717010 0.4542678 0.2273546 0.5385969 0.5187312 0.2637788 0.0250221 0.4759477 0.5567155 0.3316993 0.3199984 0.1509348 0.4410938 0.5337115 0.0000000 0.4572284 0.0249919 0.4089359 0.0237709 0.4390102 0.2228050 0.5551139 0.5637349 0.1272266 0.4155913 0.5489253 0.1140768 0.5301865 0.4293785 0.3067464 0.5300899 0.0107683 0.5341297 0.2852380 0.5525701 0.5490836 0.5235694 0.0268018 0.5277050 0.5339637 0.0201427 0.0261488 0.0285627 0.5292501 0.0228134 0.5566316 0.4842840 0.2312125 0.3720038 0.5684529 0.3512807 0.3504330 0.5501122 0.0261492 0.4919465 0.2623153 0.1088927 0.0261641 0.5603664 0.2511101 0.1030577 0.1029758 0.0085114 0.0489025 0.0248381 0.5297662 0.0285446 0.4195605 0.5622382 0.2322946 0.1061646 0.5617152 0.5170272 0.0262328 0.2741871 0.0299625 0.5825328 0.0759800 0.5539726 
Perityle_cernua_84                         0.4411671 0.0611510 0.1477724 0.3525725 0.0456103 0.1925112 0.2552341 0.1070404 0.3276531 0.1457805 0.4846228 0.4418516 0.0177872 0.0628021 0.0148507 0.4860638 0.0392997 0.0815572 0.1660569 0.4572284 0.0000000 0.4521839 0.4237480 0.4516501 0.0523214 0.4736780 0.0605076 0.2486817 0.2966695 0.0980754 0.1440713 0.4454631 0.1390015 0.0174869 0.4930912 0.0924708 0.4452459 0.1490196 0.4496101 0.0543049 0.0576065 0.0862321 0.4521126 0.0896627 0.1454659 0.4384640 0.4455901 0.4507816 0.0863319 0.3611580 0.1058492 0.0246776 0.4652208 0.0136420 0.2550136 0.0622097 0.0835483 0.0373149 0.4480390 0.1145912 0.0729175 0.2699036 0.4511770 0.2510895 0.4025499 0.4073038 0.4261120 0.1658599 0.4389128 0.4202042 0.1327824 0.4483971 0.0526486 0.0559674 0.0256188 0.3838840 0.1636635 0.0235043 0.4550061 0.4345359 0.4487374 0.2359654 0.2064865 0.2332765 
Perityle_cfvillosa_25_tin                  0.2831621 0.2052321 0.5500919 0.5667576 0.5087067 0.0565750 0.4426081 0.2130402 0.5280287 0.5043470 0.2573439 0.0222974 0.4733167 0.5528376 0.3299197 0.3249169 0.1356187 0.4308142 0.5281038 0.0249919 0.4521839 0.0000000 0.4135156 0.0222895 0.4209089 0.2286887 0.5551634 0.5612714 0.1092559 0.3994518 0.5371391 0.1046396 0.5144890 0.4213428 0.2923553 0.5286987 0.0251377 0.5236932 0.2918199 0.5452362 0.5408024 0.5246431 0.0099969 0.5267672 0.5235320 0.0187127 0.0151579 0.0057871 0.5302661 0.0184897 0.5605241 0.4816002 0.2355268 0.3691434 0.5740716 0.3523594 0.3386541 0.5423947 0.0034680 0.4809839 0.2448707 0.0909226 0.0222482 0.5579802 0.2602180 0.0971529 0.0971546 0.0259936 0.0396047 0.0233007 0.5164345 0.0151491 0.4127347 0.5546981 0.2181463 0.1000300 0.5572988 0.5196005 0.0247147 0.2568057 0.0069921 0.5690639 0.0616020 0.5557216 
Perityle_cinerea_113_Powell1310            0.4851014 0.4715394 0.4610967 0.4590557 0.4077208 0.3133495 0.4200246 0.4387505 0.4092645 0.4367735 0.5471938 0.4250696 0.4357050 0.5189315 0.4031003 0.5113093 0.3866462 0.4341608 0.4596226 0.4089359 0.4237480 0.4135156 0.0000000 0.4230143 0.4311668 0.5362902 0.4160359 0.4198186 0.4351030 0.4246705 0.4741367 0.4559749 0.4441083 0.4384722 0.4886170 0.4444431 0.4142511 0.4414582 0.4657762 0.4241693 0.4244877 0.4527694 0.4135156 0.4465833 0.4337500 0.4135156 0.4199648 0.4135156 0.4465833 0.4146631 0.4448054 0.4695415 0.5438344 0.4175595 0.4358100 0.4094094 0.4933127 0.4445802 0.4135156 0.4461714 0.4547970 0.4067581 0.4006137 0.4467691 0.5272741 0.4339296 0.4472659 0.1846731 0.4225067 0.4193104 0.4303768 0.4263326 0.4451469 0.4005239 0.4339193 0.4398591 0.4272417 0.4517709 0.4182555 0.4246699 0.4172043 0.4317325 0.3780632 0.4608441 
Perityle_coahuilensis_24                   0.2833361 0.2052086 0.5407643 0.5841184 0.4973462 0.0595499 0.4509060 0.2201421 0.5300835 0.5063671 0.2582642 0.0211228 0.4735497 0.5552888 0.3306097 0.3236600 0.1393341 0.4350677 0.5228035 0.0237709 0.4516501 0.0222895 0.4230143 0.0000000 0.4246669 0.2270888 0.5482536 0.5515727 0.1154981 0.4062978 0.5297558 0.1057580 0.5151286 0.4230054 0.2921902 0.5193842 0.0251530 0.5196601 0.2912733 0.5406923 0.5362370 0.5176933 0.0265424 0.5198035 0.5194997 0.0151661 0.0210641 0.0234342 0.5232637 0.0171618 0.5600834 0.4828016 0.2304165 0.3698852 0.5661994 0.3474569 0.3455449 0.5399306 0.0210644 0.4797147 0.2535155 0.0980706 0.0187110 0.5515954 0.2591406 0.0985607 0.0985428 0.0304388 0.0433128 0.0036215 0.5224063 0.0234196 0.4136957 0.5522087 0.2249067 0.1014801 0.5525471 0.5144410 0.0199388 0.2650716 0.0247766 0.5693270 0.0644302 0.5541834 
Perityle_congesta_202                      0.4623557 0.0686599 0.0671057 0.4111496 0.0596609 0.1267336 0.2929523 0.0980030 0.3429138 0.0668279 0.5047429 0.4318175 0.0577767 0.2146574 0.0307485 0.5696286 0.0091895 0.0607364 0.0733564 0.4390102 0.0523214 0.4209089 0.4311668 0.4246669 0.0000000 0.5187809 0.0377492 0.0688226 0.4721126 0.0689109 0.0772633 0.4572041 0.0666914 0.1005864 0.5186383 0.0521449 0.4369562 0.0644689 0.5425968 0.0138641 0.0108469 0.0591508 0.3775428 0.0625756 0.0593273 0.4265777 0.4228439 0.4209089 0.0574941 0.4104463 0.1228170 0.0685471 0.5047980 0.0370175 0.0551747 0.0404328 0.1039221 0.0138719 0.4236794 0.0693111 0.0576589 0.2521707 0.4243246 0.0763774 0.5205243 0.4150308 0.4265996 0.1454348 0.4295771 0.3943557 0.0652146 0.4248780 0.0068159 0.0248279 0.0105720 0.4211653 0.0795512 0.0618065 0.4254587 0.3943139 0.4256725 0.0665259 0.1435035 0.0717540 
Perityle_cordifolia_27                     0.3463124 0.2189368 0.6730621 0.6191212 0.6009695 0.0335119 0.5473874 0.2205051 0.6337575 0.5721006 0.2932592 0.2320925 0.5215835 0.5978009 0.3371545 0.3313355 0.1569169 0.5290200 0.5802669 0.2228050 0.4736780 0.2286887 0.5362902 0.2270888 0.5187809 0.0000000 0.6450630 0.6502775 0.3432836 0.4378953 0.6402778 0.2706579 0.5929525 0.4945432 0.3670561 0.6210549 0.2351879 0.6179597 0.2851057 0.6345333 0.6252279 0.6079542 0.1951334 0.6147547 0.6197412 0.2235933 0.2312984 0.2328512 0.6160335 0.2315842 0.6409782 0.5337623 0.0143201 0.3833161 0.6568315 0.3630515 0.3610379 0.6295502 0.2297261 0.5775679 0.2558689 0.0030407 0.2299304 0.6538662 0.0247957 0.2596663 0.2516583 0.1049586 0.2533703 0.2353566 0.5936502 0.2249307 0.4772959 0.6504963 0.2264247 0.2682378 0.6378846 0.5763287 0.2270779 0.2297362 0.2299556 0.6762579 0.0267243 0.6387858 
Perityle_cordifolia_68_tecolote            0.5498999 0.0748578 0.1223793 0.4602584 0.0664430 0.1967279 0.3698577 0.1111315 0.4485056 0.1407942 0.6256051 0.5490426 0.0599092 0.1790458 0.0360096 0.6799765 0.0304659 0.0742287 0.1422210 0.5551139 0.0605076 0.5551634 0.4160359 0.5482536 0.0377492 0.6450630 0.0000000 0.2027044 0.4800183 0.1033485 0.1372664 0.5725306 0.1299720 0.1014382 0.6173202 0.0919941 0.5499281 0.1249314 0.6415908 0.0442107 0.0397786 0.0897892 0.5307475 0.0922861 0.1221776 0.5431849 0.5489305 0.5537381 0.0898207 0.4841296 0.1637416 0.0651186 0.6364936 0.0365640 0.1990486 0.0112306 0.0992355 0.0430599 0.5537381 0.1026576 0.0795267 0.2791423 0.5474995 0.2162859 0.5994613 0.5302460 0.5495755 0.1449711 0.5533789 0.5302859 0.1239100 0.5526818 0.0402080 0.0551325 0.0307384 0.5157511 0.1459941 0.0658239 0.5528233 0.4380426 0.5544006 0.1930188 0.2071144 0.2082812 
Perityle_coronopifolia_28_patagonia        0.5551960 0.0617836 0.2088316 0.5359823 0.1915323 0.2433473 0.4168245 0.1340083 0.4788913 0.2068386 0.6325269 0.5540519 0.2225672 0.3709903 0.2365979 0.6836716 0.0647913 0.0919693 0.1778395 0.5637349 0.2486817 0.5612714 0.4198186 0.5515727 0.0688226 0.6502775 0.2027044 0.0000000 0.4790015 0.1480279 0.1995816 0.5908752 0.1891345 0.1085500 0.6284171 0.2085481 0.5620788 0.1511099 0.6697426 0.2028054 0.1974490 0.2198012 0.5289974 0.2264554 0.1477694 0.5536241 0.5524513 0.5597885 0.2197044 0.5359987 0.2541614 0.2154487 0.6422133 0.2127278 0.0577966 0.2071496 0.2003125 0.2097422 0.5597885 0.0102820 0.0439626 0.2645121 0.5530168 0.0146128 0.6515734 0.5491290 0.5682333 0.1602020 0.5704108 0.5301795 0.1789896 0.5564251 0.1214428 0.2190257 0.1269300 0.5501555 0.1719929 0.2145985 0.5601770 0.4238407 0.5587202 0.1944634 0.2406222 0.0984696 
Perityle_crassifolia_70_ventanas           0.3266175 0.2403717 0.4917289 0.5558853 0.4593965 0.0907587 0.4082960 0.2310660 0.4690520 0.4148121 0.3747295 0.1137693 0.3614839 0.4739471 0.1835420 0.3954058 0.1515380 0.4680019 0.4564026 0.1272266 0.2966695 0.1092559 0.4351030 0.1154981 0.4721126 0.3432836 0.4800183 0.4790015 0.0000000 0.3714264 0.4749428 0.1200677 0.4468542 0.4809296 0.3740520 0.4492573 0.1220744 0.4629698 0.3883744 0.4701591 0.4699256 0.4516452 0.1101904 0.4546719 0.4605370 0.1091837 0.1133643 0.1092933 0.4559313 0.1091837 0.4837152 0.4199367 0.3390410 0.2640888 0.4666352 0.2682340 0.2981678 0.4751866 0.1113350 0.4814186 0.2802361 0.1272732 0.1196402 0.4730041 0.3531392 0.1590591 0.1564884 0.1003311 0.1201214 0.1153960 0.4559333 0.1153394 0.4436215 0.4829392 0.2032340 0.1540218 0.4644545 0.4357512 0.1179014 0.2542103 0.1166013 0.4930438 0.0961630 0.4495847 
Perityle_crassifolia_74_playa_balandra     0.4789600 0.0613733 0.0922873 0.3693630 0.0841614 0.2090673 0.2635598 0.1216487 0.3301873 0.0164960 0.4699360 0.4100223 0.0882272 0.1804033 0.0868353 0.4686641 0.0586513 0.0648848 0.0795704 0.4155913 0.0980754 0.3994518 0.4246705 0.4062978 0.0689109 0.4378953 0.1033485 0.1480279 0.3714264 0.0000000 0.0629217 0.4254720 0.0164960 0.0529104 0.4876079 0.0910604 0.4117633 0.0663227 0.4449381 0.0942506 0.0944109 0.0953317 0.4035054 0.1011976 0.0679704 0.4034415 0.3945976 0.4023580 0.0935059 0.4025570 0.0699955 0.0902878 0.4292651 0.0844464 0.1537550 0.1166109 0.1329086 0.0983102 0.4023580 0.0977932 0.0666997 0.2883799 0.4113565 0.1578096 0.4492912 0.3963129 0.4002308 0.1665921 0.4090060 0.3696079 0.0437990 0.3974449 0.0843516 0.1093266 0.0878578 0.3997507 0.0818566 0.0827047 0.4207104 0.4269654 0.3970298 0.1072226 0.2226828 0.1413218 
Perityle_cuneata_34_cuneata_San_antonio    0.5327236 0.0549359 0.1054522 0.4613598 0.1087593 0.1933763 0.3641528 0.1162738 0.4605366 0.0696540 0.5911809 0.5388021 0.1305921 0.2590520 0.1008581 0.6560292 0.0583954 0.0410204 0.0683117 0.5489253 0.1440713 0.5371391 0.4741367 0.5297558 0.0772633 0.6402778 0.1372664 0.1995816 0.4749428 0.0629217 0.0000000 0.5636130 0.0633942 0.1029989 0.6023568 0.1496921 0.5420329 0.0773590 0.6033705 0.1255196 0.1308074 0.1572530 0.5173008 0.1615679 0.0759251 0.5353629 0.5314584 0.5357716 0.1559553 0.4847075 0.1250130 0.1273433 0.6291772 0.0900952 0.2089850 0.1058772 0.1214637 0.1337978 0.5357716 0.1061922 0.0606673 0.2911677 0.5367490 0.2146386 0.6054202 0.5257090 0.5395148 0.1602016 0.5435610 0.5066738 0.0694513 0.5350911 0.0759260 0.1431918 0.0774940 0.5174585 0.0868619 0.1284122 0.5370243 0.4255214 0.5363604 0.1729305 0.2007964 0.2036637 
Perityle_cuneata_4                         0.2744996 0.2214934 0.5873278 0.5853372 0.5194199 0.1018427 0.4457471 0.2463183 0.5500740 0.5179545 0.3015015 0.1087887 0.4703672 0.5640797 0.3258998 0.3594752 0.1685969 0.4696360 0.5305809 0.1140768 0.4454631 0.1046396 0.4559749 0.1057580 0.4572041 0.2706579 0.5725306 0.5908752 0.1200677 0.4254720 0.5636130 0.0000000 0.5276288 0.4429010 0.2759459 0.5468701 0.1164633 0.5423344 0.3369047 0.5627069 0.5460424 0.5397061 0.1130339 0.5470497 0.5500431 0.1031110 0.1070341 0.1097777 0.5455528 0.0975471 0.5826619 0.4910375 0.2761686 0.3630794 0.6007579 0.3586507 0.3512730 0.5639423 0.1071046 0.5184185 0.2570376 0.1118949 0.1098451 0.5869042 0.2985277 0.1344609 0.1308438 0.0953693 0.1280600 0.1052606 0.5333995 0.1097037 0.4352627 0.5693029 0.2347329 0.1324942 0.5708016 0.5226704 0.1128295 0.3002175 0.1091785 0.5990795 0.0985237 0.5686079 
Perityle_discoidea_81                      0.5593422 0.0613478 0.0874033 0.4648043 0.0925403 0.2050430 0.3714182 0.1216082 0.4380816 0.0013434 0.5898269 0.5190626 0.1284710 0.2455458 0.1004803 0.6159466 0.0553431 0.0668499 0.0763862 0.5301865 0.1390015 0.5144890 0.4441083 0.5151286 0.0666914 0.5929525 0.1299720 0.1891345 0.4468542 0.0164960 0.0633942 0.5276288 0.0000000 0.0640330 0.5826186 0.1235430 0.5276941 0.0628849 0.5833208 0.1228175 0.1275882 0.1348060 0.5114062 0.1379981 0.0656740 0.5155261 0.5076542 0.5137878 0.1333800 0.4668818 0.0703026 0.1285487 0.5837293 0.0918454 0.1938048 0.1167275 0.1285057 0.1292471 0.5137878 0.0954079 0.0668129 0.2971189 0.5188715 0.2023227 0.5644097 0.5122534 0.5260896 0.1557486 0.5244051 0.4880964 0.0431562 0.5102136 0.0804787 0.1380946 0.0801700 0.4973179 0.0750098 0.1249156 0.5220541 0.4421936 0.5117751 0.1848833 0.2188043 0.1853716 
Perityle_dissecta_201                      0.4603687 0.0485785 0.1083030 0.4171684 0.0878935 0.1363355 0.2716410 0.0840597 0.3241673 0.0598288 0.5285611 0.4329178 0.0137985 0.2282434 0.0000010 0.5541374 0.0306774 0.1074290 0.0788752 0.4293785 0.0174869 0.4213428 0.4384722 0.4230054 0.1005864 0.4945432 0.1014382 0.1085500 0.4809296 0.0529104 0.1029989 0.4429010 0.0640330 0.0000000 0.4867775 0.1059752 0.4327490 0.1068124 0.5139723 0.0997111 0.0998234 0.1141374 0.3964771 0.1179902 0.1047508 0.4225580 0.4202099 0.4213428 0.1123250 0.4166168 0.0145279 0.0205379 0.4860407 0.0047411 0.1172664 0.0448021 0.0758775 0.0997443 0.4242453 0.1084585 0.0547225 0.2745893 0.4320373 0.1201527 0.4963660 0.4140702 0.4187532 0.1502100 0.4264576 0.3902406 0.0738730 0.4205658 0.0748827 0.1147403 0.0291023 0.4176829 0.1156576 0.0156125 0.4272735 0.4217410 0.4244425 0.1182195 0.1455799 0.0907659 
Perityle_emoryi_47_punta_san_jose          0.0741768 0.2828358 0.6369656 0.5918079 0.5883180 0.0868231 0.4789846 0.2879161 0.5956485 0.5561098 0.3321735 0.2983293 0.5190570 0.5971899 0.3697379 0.3718113 0.1439185 0.5236548 0.5647247 0.3067464 0.4930912 0.2923553 0.4886170 0.2921902 0.5186383 0.3670561 0.6173202 0.6284171 0.3740520 0.4876079 0.6023568 0.2759459 0.5826186 0.4867775 0.0000000 0.5989094 0.3154766 0.5980191 0.3392291 0.6132587 0.5979082 0.5811856 0.2787242 0.5836081 0.5950250 0.3015600 0.2973817 0.2968682 0.5877477 0.3062521 0.6280390 0.5206763 0.3697912 0.4156827 0.6559274 0.4114702 0.4114277 0.6126402 0.2951754 0.5494618 0.3197220 0.2312250 0.2957690 0.6217946 0.4105981 0.2845937 0.2799298 0.0854257 0.3179682 0.2646649 0.5828119 0.2937711 0.5134417 0.6222025 0.2816213 0.2875803 0.6131269 0.5696635 0.2984982 0.4483134 0.2952970 0.6339631 0.1021170 0.6243977 
Perityle_feddemae_99                       0.5135199 0.0646643 0.1339887 0.4741393 0.0733340 0.1927861 0.3633451 0.1073739 0.4611092 0.1417487 0.6130743 0.5201260 0.0804392 0.2025297 0.0435559 0.6730916 0.0301388 0.0762830 0.1479264 0.5300899 0.0924708 0.5286987 0.4444431 0.5193842 0.0521449 0.6210549 0.0919941 0.2085481 0.4492573 0.0910604 0.1496921 0.5468701 0.1235430 0.1059752 0.5989094 0.0000000 0.5314582 0.1346202 0.6201140 0.0884488 0.0826639 0.0366391 0.5016931 0.0402851 0.1300931 0.5143689 0.5200366 0.5249774 0.0354558 0.4634101 0.1884819 0.0786484 0.6123901 0.0524363 0.2033072 0.0748957 0.1026152 0.0859415 0.5249774 0.1120689 0.0604289 0.2396689 0.5181589 0.2193857 0.5855250 0.5361036 0.5492689 0.1402778 0.5211946 0.5109145 0.1190975 0.5262236 0.0542794 0.0963897 0.0459082 0.5176297 0.1563967 0.0847172 0.5237652 0.3995295 0.5230152 0.2004053 0.2170191 0.1945677 
Perityle_fosteri_93                        0.3012551 0.2227542 0.5552414 0.5857050 0.5160079 0.0779252 0.4690361 0.2240748 0.5316021 0.5092217 0.2743672 0.0251931 0.4745244 0.5518710 0.3440650 0.3308679 0.1551003 0.4442032 0.5365002 0.0107683 0.4452459 0.0251377 0.4142511 0.0251530 0.4369562 0.2351879 0.5499281 0.5620788 0.1220744 0.4117633 0.5420329 0.1164633 0.5276941 0.4327490 0.3154766 0.5314582 0.0000000 0.5235221 0.3027101 0.5451498 0.5406704 0.5300171 0.0297347 0.5321974 0.5233577 0.0214923 0.0275494 0.0287584 0.5358020 0.0239587 0.5624866 0.4911313 0.2422601 0.3831447 0.5674740 0.3579653 0.3565237 0.5427723 0.0263281 0.4883162 0.2626664 0.1125784 0.0251413 0.5587514 0.2628683 0.1015906 0.1017634 0.0042335 0.0415898 0.0263191 0.5327019 0.0287401 0.4227247 0.5529367 0.2355709 0.1046083 0.5549176 0.5109471 0.0264216 0.2780995 0.0289355 0.5809659 0.0818929 0.5454832 
Perityle_gamon_221                         0.5249970 0.0665949 0.1014789 0.4692947 0.1029501 0.1933763 0.3710673 0.1134847 0.4512712 0.0650063 0.5968254 0.5159686 0.1361611 0.2586402 0.0972294 0.6711137 0.0458595 0.0544742 0.0496118 0.5341297 0.1490196 0.5236932 0.4414582 0.5196601 0.0644689 0.6179597 0.1249314 0.1511099 0.4629698 0.0663227 0.0773590 0.5423344 0.0628849 0.1068124 0.5980191 0.1346202 0.5235221 0.0000000 0.6236069 0.1218460 0.1231034 0.1396876 0.4950082 0.1440111 0.0107211 0.5174801 0.5133857 0.5229119 0.1382301 0.4771720 0.1316263 0.1305805 0.6059661 0.0929560 0.1761127 0.1080967 0.1080708 0.1276002 0.5229119 0.0734405 0.0458339 0.2655810 0.5208765 0.1647743 0.5984307 0.5152698 0.5347526 0.1548448 0.5257305 0.4948561 0.0649019 0.5196937 0.0684938 0.1375122 0.0736046 0.5006650 0.0515885 0.1332774 0.5218685 0.4076598 0.5244622 0.1641012 0.2073648 0.1629467 
Perityle_gentryi_8_san_francisco           0.3054109 0.2436667 0.6612136 0.5057528 0.6092101 0.0364671 0.4679975 0.2449399 0.5527428 0.5363047 0.2806415 0.2943568 0.4763582 0.5359109 0.3416657 0.0344853 0.1575966 0.5310420 0.5772937 0.2852380 0.4496101 0.2918199 0.4657762 0.2912733 0.5425968 0.2851057 0.6415908 0.6697426 0.3883744 0.4449381 0.6033705 0.3369047 0.5833208 0.5139723 0.3392291 0.6201140 0.3027101 0.6236069 0.0000000 0.6222765 0.6185776 0.6142000 0.2576651 0.6192030 0.6250085 0.2916059 0.2917009 0.2989825 0.6169681 0.2863413 0.6195091 0.5264718 0.2933406 0.3833662 0.6627857 0.3790664 0.3824067 0.6109248 0.2932525 0.6183321 0.2741844 0.1011137 0.2992649 0.6718631 0.3045165 0.2471351 0.2375560 0.1002801 0.2984922 0.2797519 0.6018095 0.2933158 0.4972121 0.6259143 0.2494729 0.2558398 0.6360714 0.5553616 0.2866486 0.2765329 0.2959989 0.6778610 0.0370711 0.6358981 
Perityle_gilensis_22_Superstition          0.5445249 0.0653212 0.1253105 0.4499803 0.0639920 0.1857908 0.3537294 0.1084177 0.4420735 0.1345920 0.6102061 0.5414771 0.0541100 0.1683708 0.0321897 0.6598878 0.0089286 0.0680799 0.1398670 0.5525701 0.0543049 0.5452362 0.4241693 0.5406923 0.0138641 0.6345333 0.0442107 0.2028054 0.4701591 0.0942506 0.1255196 0.5627069 0.1228175 0.0997111 0.6132587 0.0884488 0.5451498 0.1218460 0.6222765 0.0000000 0.0230413 0.0888029 0.5220155 0.0927464 0.1161897 0.5356281 0.5413642 0.5438333 0.0875654 0.4657810 0.1622638 0.0622025 0.6234974 0.0383938 0.1943602 0.0425419 0.0885026 0.0275340 0.5438333 0.1020686 0.0605430 0.2557558 0.5399485 0.2146815 0.5854056 0.5236141 0.5434593 0.1400421 0.5437604 0.5182100 0.1183948 0.5451241 0.0135963 0.0287089 0.0209252 0.5088597 0.1425405 0.0620156 0.5423066 0.4234759 0.5458860 0.1826063 0.2066085 0.2022387 
Perityle_gilensis_salensis_225             0.5319485 0.0718074 0.1238517 0.4426457 0.0605953 0.1823171 0.3469342 0.1111807 0.4417756 0.1398409 0.6040381 0.5348691 0.0572245 0.1701429 0.0361578 0.6526197 0.0089313 0.0695877 0.1449473 0.5490836 0.0576065 0.5408024 0.4244877 0.5362370 0.0108469 0.6252279 0.0397786 0.1974490 0.4699256 0.0944109 0.1308074 0.5460424 0.1275882 0.0998234 0.5979082 0.0826639 0.5406704 0.1231034 0.6185776 0.0230413 0.0000000 0.0829960 0.5130905 0.0869410 0.1187481 0.5335856 0.5369086 0.5394020 0.0817536 0.4669059 0.1641013 0.0667690 0.6141021 0.0385195 0.1934739 0.0486194 0.0927313 0.0277402 0.5394020 0.0980341 0.0605618 0.2558805 0.5354963 0.2094333 0.5800923 0.5193909 0.5369382 0.1401196 0.5388826 0.5154465 0.1214956 0.5385296 0.0181705 0.0372234 0.0256676 0.5045526 0.1412692 0.0662134 0.5378497 0.4237220 0.5414516 0.1859261 0.2032548 0.2038263 
Perityle_glaucescens_94                    0.4998438 0.0613399 0.1372760 0.4751291 0.0749980 0.1827737 0.3656115 0.1073353 0.4559526 0.1423527 0.5867055 0.5184327 0.0776914 0.1914203 0.0416282 0.6654778 0.0301756 0.0850369 0.1616646 0.5235694 0.0862321 0.5246431 0.4527694 0.5176933 0.0591508 0.6079542 0.0897892 0.2198012 0.4516452 0.0953317 0.1572530 0.5397061 0.1348060 0.1141374 0.5811856 0.0366391 0.5300171 0.1396876 0.6142000 0.0888029 0.0829960 0.0000000 0.5003386 0.0081301 0.1351056 0.5126836 0.5183439 0.5252870 0.0057999 0.4609495 0.1893026 0.0775052 0.5978288 0.0451994 0.2124450 0.0688263 0.0893646 0.0862853 0.5232855 0.1213782 0.0639837 0.2166259 0.5194107 0.2270227 0.5707011 0.5170255 0.5328802 0.1456373 0.5243863 0.5044011 0.1271048 0.5245271 0.0628739 0.0967782 0.0384681 0.4983848 0.1542578 0.0894039 0.5222834 0.3847162 0.5238346 0.2093161 0.2037422 0.2115193 
Perityle_gracilis_11                       0.2940354 0.2052321 0.5266108 0.5612667 0.4758151 0.0565750 0.4449104 0.2130402 0.5202064 0.5042736 0.2291968 0.0252727 0.4739864 0.5347872 0.3310090 0.2970231 0.1356187 0.4120136 0.5221380 0.0268018 0.4521126 0.0099969 0.4135156 0.0265424 0.3775428 0.1951334 0.5307475 0.5289974 0.1101904 0.4035054 0.5173008 0.1130339 0.5114062 0.3964771 0.2787242 0.5016931 0.0297347 0.4950082 0.2576651 0.5220155 0.5130905 0.5003386 0.0000000 0.5025818 0.4975080 0.0214081 0.0188119 0.0112319 0.5061541 0.0253532 0.5201905 0.4822740 0.2018917 0.3703012 0.5501944 0.3534078 0.3360391 0.5171819 0.0087244 0.4405493 0.2448707 0.0909226 0.0252040 0.5285372 0.2247967 0.1091649 0.1106337 0.0259936 0.0412780 0.0265014 0.5106807 0.0175573 0.4117276 0.5318539 0.2187986 0.1110541 0.5244701 0.5131192 0.0291706 0.2568057 0.0125722 0.5499203 0.0616020 0.5508661 
Perityle_harkerae_31                       0.5025668 0.0613399 0.1414742 0.4771316 0.0790938 0.1896236 0.3626706 0.1073353 0.4593788 0.1473712 0.5946198 0.5205467 0.0824926 0.1947779 0.0435827 0.6704620 0.0301756 0.0884373 0.1681537 0.5277050 0.0896627 0.5267672 0.4465833 0.5198035 0.0625756 0.6147547 0.0922861 0.2264554 0.4546719 0.1011976 0.1615679 0.5470497 0.1379981 0.1179902 0.5836081 0.0402851 0.5321974 0.1440111 0.6192030 0.0927464 0.0869410 0.0081301 0.5025818 0.0000000 0.1409208 0.5147817 0.5204570 0.5274074 0.0093024 0.4631816 0.1938310 0.0806968 0.6046067 0.0470716 0.2174645 0.0709590 0.0916408 0.0902200 0.5254027 0.1265777 0.0639837 0.2250428 0.5215221 0.2355835 0.5777659 0.5269594 0.5400666 0.1456373 0.5265392 0.5065320 0.1301145 0.5266514 0.0662399 0.0994827 0.0384681 0.5083892 0.1601557 0.0937373 0.5244096 0.3890405 0.5259606 0.2108510 0.2103435 0.2185870 
Perityle_hofmeisteria_4_nombre_de_dios     0.5280934 0.0598359 0.0959843 0.4679615 0.0984810 0.1899840 0.3739297 0.1103584 0.4529680 0.0678897 0.5945705 0.5158089 0.1324969 0.2545071 0.0927610 0.6725884 0.0426176 0.0543559 0.0495353 0.5339637 0.1454659 0.5235320 0.4337500 0.5194997 0.0593273 0.6197412 0.1221776 0.1477694 0.4605370 0.0679704 0.0759251 0.5500431 0.0656740 0.1047508 0.5950250 0.1300931 0.5233577 0.0107211 0.6250085 0.1161897 0.1187481 0.1351056 0.4975080 0.1409208 0.0000000 0.5173201 0.5157742 0.5227500 0.1336579 0.4770091 0.1299914 0.1270007 0.6047951 0.0909101 0.1725151 0.1060798 0.1169412 0.1218896 0.5227500 0.0700879 0.0487397 0.2659978 0.5207162 0.1613899 0.6002876 0.5151173 0.5316593 0.1498339 0.5255657 0.4921024 0.0677366 0.5195333 0.0650638 0.1317183 0.0709035 0.4953802 0.0553759 0.1300078 0.5217071 0.4083356 0.5243012 0.1607358 0.2041234 0.1609463 
