85
Amauria_brandeegeana_62                    0.0000000 0.0414836 0.1094696 0.2046954 0.1880405 0.3648710 0.6070625 0.2299514 0.0059210 0.1555503 0.1691742 0.1682842 0.1655164 0.1692943 0.3740642 0.1717805 0.1438674 0.3157313 0.1769797 0.1686039 0.0809101 0.1117947 0.1503182 0.0574618 0.1679360 0.1852970 0.1897877 0.3646969 0.0500494 0.0867208 0.3842057 0.1716133 0.0149184 0.1643644 0.1896995 0.3725794 0.0700462 0.3650601 0.3936753 0.1656351 0.1668186 0.3166077 0.1380518 0.3518695 0.3887333 0.1729312 0.1661438 0.1659113 0.3813236 0.1698880 0.1628832 0.1670868 0.1824015 0.1624077 0.3182966 0.0918368 0.0699916 0.1643751 0.1674547 0.2097897 0.1297580 0.3075716 0.0861709 0.1735507 0.3563997 0.4624558 0.3347813 0.3767849 0.2335397 0.1757972 0.1487208 0.1937562 0.1661724 0.1539247 0.1650605 0.1039459 0.4668891 0.3603201 0.1745099 0.1760705 0.2049585 0.1623886 0.1733224 0.1435028 0.1806805 
Amauria_carterae_99_mesa                   0.0414836 0.0000000 0.0301994 0.1592136 0.0474520 0.1155399 0.1873766 0.1228652 0.0412876 0.0473537 0.0415770 0.0472614 0.0387293 0.0387293 0.1383055 0.0444328 0.1386238 0.1559588 0.0416229 0.0359327 0.0500779 0.1059695 0.0416407 0.0472584 0.0445734 0.0560344 0.0706280 0.1383453 0.0359541 0.0771041 0.1492023 0.0415732 0.0443292 0.0415983 0.0588866 0.1562237 0.0473572 0.1457296 0.1485558 0.0387293 0.0387293 0.1559829 0.0443712 0.1524480 0.1553639 0.0472663 0.0443712 0.0472517 0.1489884 0.0387293 0.0444717 0.0387293 0.0618332 0.0387293 0.1416018 0.0822708 0.0531026 0.0472026 0.0472026 0.1410443 0.1346561 0.1313823 0.0654210 0.0444497 0.1343678 0.1533556 0.1420803 0.1524619 0.1748333 0.0530965 0.0416407 0.0387956 0.0472373 0.0501147 0.0472211 0.0670111 0.3529225 0.1345219 0.0415467 0.0444209 0.1382329 0.0443712 0.0388171 0.1420937 0.0821869 
Amauria_rotundifolia_SRR9119150            0.1094696 0.0301994 0.0000000 0.1985453 0.1766572 0.3627247 0.5925658 0.2120597 0.0884139 0.1446015 0.1451322 0.1474879 0.1428672 0.1413892 0.3613323 0.1487685 0.1342638 0.2781706 0.1516913 0.1456048 0.0715279 0.0865501 0.1385154 0.0476851 0.1476085 0.1597610 0.1754874 0.3372452 0.0430134 0.0720184 0.3577964 0.1442681 0.0359243 0.1426980 0.1640870 0.3524871 0.0602940 0.3356954 0.3781687 0.1402365 0.1439779 0.2963510 0.1091349 0.3325970 0.3560136 0.1499169 0.1446986 0.1462232 0.3428442 0.1434658 0.1424583 0.1414608 0.1551497 0.1437575 0.2920652 0.0758424 0.0573169 0.1436029 0.1498093 0.2016776 0.1263151 0.2979645 0.0599959 0.1540893 0.3231026 0.4378252 0.3108604 0.3494083 0.2122683 0.1498040 0.1368733 0.1867112 0.1457823 0.1305336 0.1472346 0.0791650 0.4527257 0.3385354 0.1542236 0.1552342 0.1908282 0.1447825 0.1584940 0.1342359 0.1506150 
Conoclinium_coelestinum_SRR9119114         0.2046954 0.1592136 0.1985453 0.0000000 0.1990232 0.1517437 0.3466776 0.2414822 0.2356730 0.1889666 0.1933906 0.2006680 0.1958293 0.1936622 0.2516840 0.2053787 0.1812832 0.2618433 0.1986014 0.1982290 0.1956797 0.3403083 0.1958293 0.1982932 0.1938772 0.2074226 0.2071503 0.2481215 0.2013409 0.3155325 0.2663658 0.2034141 0.2322502 0.1959202 0.2125302 0.2458985 0.2004348 0.2570135 0.2743045 0.1956635 0.1956593 0.2565717 0.1956177 0.2641255 0.2735805 0.2048895 0.1932322 0.1954190 0.2641540 0.1978731 0.1981711 0.1956635 0.2098247 0.1958758 0.2476600 0.2408784 0.2001778 0.1978938 0.1978938 0.2661477 0.2141498 0.2635484 0.2288924 0.1936033 0.2391532 0.2839034 0.2505382 0.2498325 0.3236188 0.2076914 0.1958293 0.2105793 0.1980112 0.1977801 0.1980458 0.3005897 0.6615281 0.2578746 0.1955472 0.1962558 0.2640118 0.1956177 0.2011177 0.1730501 0.2889060 
Eutetras_palmeri_63                        0.1880405 0.0474520 0.1766572 0.1990232 0.0000000 0.3636860 0.5508611 0.2071771 0.1860803 0.1767910 0.1768725 0.1757090 0.1722964 0.1697237 0.3342164 0.1821703 0.1283441 0.2632200 0.1812488 0.1734557 0.0538567 0.0748280 0.1568411 0.0380641 0.1757019 0.1878235 0.2008549 0.3352982 0.0512884 0.0806974 0.3433009 0.1837514 0.1249505 0.1719501 0.1925631 0.3303744 0.0436700 0.3137054 0.3597719 0.1718087 0.1706523 0.2541403 0.1262309 0.2990304 0.3385767 0.1819852 0.1713626 0.1711181 0.3349115 0.1730246 0.1729312 0.1718087 0.1647450 0.1673279 0.2786055 0.0663530 0.0482528 0.1681786 0.1766737 0.1883313 0.1201821 0.2497237 0.0538004 0.1848103 0.3275068 0.4249698 0.2958512 0.3388681 0.2091613 0.1841629 0.1566600 0.2269979 0.1740185 0.1619799 0.1764860 0.0688748 0.4870315 0.3214894 0.1821578 0.1850344 0.1754437 0.1753394 0.1938425 0.1285063 0.1433843 
Eutrochium_fistulosum_SRR9119106           0.3648710 0.1155399 0.3627247 0.1517437 0.3636860 0.0000000 0.6423952 0.3905290 0.4541699 0.3088505 0.3446226 0.3501945 0.3508720 0.3441345 0.4329050 0.3658060 0.1540566 0.4727451 0.3534973 0.3503751 0.3012075 0.3100165 0.3419435 0.2374641 0.3410348 0.3579324 0.3623203 0.4292753 0.2778462 0.4487847 0.4443077 0.3503313 0.3895925 0.3504877 0.3667369 0.4603786 0.2446410 0.4634983 0.4561578 0.3506463 0.3528586 0.4377167 0.3450430 0.4804257 0.4729208 0.3650884 0.3440470 0.3482245 0.4546401 0.3506465 0.3503449 0.3506463 0.3679676 0.3502412 0.4072822 0.3594660 0.3055529 0.3459931 0.3481512 0.3486532 0.1937313 0.4118590 0.1963497 0.3577630 0.4151200 0.4773051 0.4326963 0.4326034 0.4965834 0.3614644 0.3367438 0.3754228 0.3419566 0.3521528 0.3532294 0.3123158 0.7157660 0.4346157 0.3551672 0.3603860 0.3714387 0.3442282 0.3674670 0.1446599 0.5059821 
Galeana_pratensis_104_mex                  0.6070625 0.1873766 0.5925658 0.3466776 0.5508611 0.6423952 0.0000000 0.4877514 0.5925489 0.4729019 0.4992490 0.5202641 0.5012559 0.5123154 0.5260721 0.4953345 0.1438853 0.4903241 0.5165917 0.4990819 0.4270445 0.3154087 0.5053210 0.3282847 0.5112953 0.5273301 0.5534006 0.5040722 0.3771869 0.4286780 0.5155723 0.5258773 0.5058069 0.5087268 0.5290586 0.5162996 0.3308719 0.5150472 0.5458079 0.5012559 0.5061224 0.4926066 0.5013736 0.6021252 0.5279703 0.5175545 0.5119167 0.5114124 0.5298619 0.5018613 0.5082974 0.5012559 0.5324557 0.5113452 0.5220628 0.3813010 0.4251472 0.5083844 0.5116799 0.4297646 0.1658321 0.4630060 0.2769595 0.5214995 0.5050132 0.4407537 0.4841710 0.4981478 0.4220710 0.4897150 0.4945582 0.5671060 0.4939863 0.4975504 0.5196323 0.3279024 0.5943528 0.5250309 0.5083649 0.5199117 0.3179312 0.5083844 0.5328735 0.1217952 0.4733611 
Helianthus_annuus_SRR9119062               0.2299514 0.1228652 0.2120597 0.2414822 0.2071771 0.3905290 0.4877514 0.0000000 0.2548360 0.1569861 0.1534824 0.1520305 0.1471910 0.1504294 0.2402343 0.1586343 0.1713693 0.2505620 0.1603937 0.1502926 0.1503534 0.1667630 0.1522549 0.1297199 0.1555326 0.1708075 0.1629654 0.2292918 0.1436727 0.1574991 0.2435228 0.1597796 0.2263776 0.1505782 0.1710308 0.2403776 0.1395814 0.2470953 0.2412861 0.1471049 0.1472675 0.2431833 0.1552694 0.2709019 0.2596809 0.1550158 0.1502072 0.1519898 0.2455114 0.1470680 0.1504698 0.1471049 0.1741732 0.1502939 0.2426458 0.1655881 0.1638263 0.1502355 0.1533970 0.2358258 0.1752850 0.2364812 0.1201951 0.1536005 0.2145762 0.4746223 0.2299103 0.2353659 0.2228866 0.1600749 0.1487861 0.1880668 0.1497296 0.1568548 0.1582016 0.1509934 0.4814294 0.2373750 0.1588396 0.1554660 0.2204537 0.1518315 0.1682035 0.1572258 0.1797052 
Lycapsus_tenuifolius_17                    0.0059210 0.0412876 0.0884139 0.2356730 0.1860803 0.4541699 0.5925489 0.2548360 0.0000000 0.1579219 0.1721034 0.1758792 0.1702476 0.1740834 0.3400089 0.1755955 0.1379027 0.3354122 0.1797430 0.1719564 0.0945533 0.1018173 0.1575990 0.0597153 0.1783927 0.1885689 0.1947041 0.3352894 0.0551581 0.0840169 0.3300025 0.1725094 0.0099111 0.1705420 0.1886940 0.3199491 0.0652928 0.3327413 0.3521899 0.1702476 0.1741665 0.2973867 0.1742340 0.3390098 0.3464184 0.1773613 0.1739270 0.1772144 0.3318986 0.1721768 0.1705995 0.1702476 0.1905491 0.1739018 0.3508300 0.0896456 0.0742798 0.1739270 0.1757245 0.2273920 0.1289323 0.2894207 0.0690366 0.1778044 0.3327022 0.4580592 0.3140129 0.3208759 0.2378558 0.1776597 0.1553169 0.1752158 0.1797050 0.1760211 0.1722950 0.0759260 0.3589158 0.3160254 0.1820066 0.1799692 0.1918057 0.1739119 0.1772789 0.1413054 0.1780071 
Pericome_caudata_50_silver                 0.1555503 0.0473537 0.1446015 0.1889666 0.1767910 0.3088505 0.4729019 0.1569861 0.1579219 0.0000000 0.0816487 0.0764535 0.0735552 0.0624096 0.2700629 0.0793336 0.1441179 0.2223285 0.0791674 0.0696733 0.0656836 0.1095886 0.0691942 0.0635116 0.0745333 0.0813622 0.1451561 0.2322141 0.0525004 0.0788037 0.2703978 0.0651200 0.1237181 0.0709581 0.0831566 0.2461157 0.0786503 0.2444925 0.2888519 0.0711264 0.0746734 0.2488645 0.0711456 0.2940612 0.2544659 0.0791920 0.0731296 0.0711933 0.2406212 0.0715928 0.0709554 0.0717386 0.0894378 0.0723287 0.2092832 0.0908353 0.0601934 0.0715556 0.0779304 0.2046733 0.1394636 0.2452591 0.0698090 0.0841645 0.2195500 0.3969633 0.2426548 0.2758633 0.1881301 0.0740690 0.0672392 0.1455905 0.0718461 0.0796547 0.0767386 0.0907262 0.4201017 0.2624953 0.0785507 0.0840809 0.1875570 0.0743825 0.0628295 0.1436380 0.0803032 
Perityle_aglossa_84_dead_horse             0.1691742 0.0415770 0.1451322 0.1933906 0.1768725 0.3446226 0.4992490 0.1534824 0.1721034 0.0816487 0.0000000 0.0308575 0.0240302 0.0161730 0.2859030 0.0250197 0.1247691 0.2159256 0.0271047 0.0201116 0.0192315 0.0572780 0.0260260 0.0217918 0.0270995 0.0526407 0.1140917 0.2428266 0.0572889 0.0809991 0.2628109 0.0838514 0.1174371 0.0220141 0.0536327 0.2610486 0.0298019 0.2514431 0.2948117 0.0199840 0.0230245 0.2527171 0.0238000 0.3089218 0.2636144 0.0270602 0.0290775 0.0261569 0.2513258 0.0207153 0.0209745 0.0201357 0.0539254 0.0223461 0.2052095 0.0582462 0.0276750 0.0252111 0.0260186 0.1882118 0.1166919 0.2500807 0.0475385 0.0250698 0.2242525 0.4154679 0.2396608 0.2682049 0.2138867 0.0245807 0.0251266 0.1418350 0.0274118 0.0319403 0.0270542 0.0441962 0.4490432 0.2629099 0.0251520 0.0261069 0.1754516 0.0270507 0.0858148 0.1221640 0.0546997 
Perityle_ajoensis_204                      0.1682842 0.0472614 0.1474879 0.2006680 0.1757090 0.3501945 0.5202641 0.1520305 0.1758792 0.0764535 0.0308575 0.0000000 0.0235994 0.0151125 0.2720997 0.0256511 0.1310223 0.2216291 0.0239615 0.0179910 0.0076388 0.0573935 0.0234342 0.0125638 0.0111788 0.0516994 0.1145551 0.2361234 0.0572471 0.0810881 0.2521227 0.0790283 0.1212337 0.0204549 0.0502567 0.2573244 0.0322129 0.2477587 0.2902732 0.0194347 0.0225463 0.2448637 0.0087799 0.3005735 0.2584322 0.0245747 0.0131978 0.0101867 0.2460132 0.0175966 0.0193953 0.0184867 0.0495455 0.0186959 0.2068861 0.0542998 0.0308116 0.0112571 0.0142286 0.1956547 0.1266054 0.2423779 0.0537341 0.0340457 0.2251034 0.4190319 0.2456658 0.2666983 0.2179674 0.0235435 0.0224987 0.1484792 0.0113093 0.0148760 0.0173009 0.0335818 0.4404598 0.2568714 0.0230591 0.0351248 0.1832504 0.0111584 0.0844205 0.1281373 0.0485057 
Perityle_ambrosiifolia_67_green            0.1655164 0.0387293 0.1428672 0.1958293 0.1722964 0.3508720 0.5012559 0.1471910 0.1702476 0.0735552 0.0240302 0.0235994 0.0000000 0.0075191 0.2798023 0.0189946 0.1247691 0.2156473 0.0208023 0.0147884 0.0140538 0.0516211 0.0134431 0.0176801 0.0200259 0.0432151 0.1039001 0.2431513 0.0543116 0.0808858 0.2603314 0.0762489 0.1172294 0.0159801 0.0436202 0.2566311 0.0243280 0.2496371 0.2881301 0.0069447 0.0099393 0.2454763 0.0150835 0.2984064 0.2635875 0.0199945 0.0220062 0.0190690 0.2455754 0.0082278 0.0149536 0.0069970 0.0429327 0.0111118 0.2020179 0.0541945 0.0260953 0.0150534 0.0199754 0.1901007 0.1166919 0.2462833 0.0413992 0.0281722 0.2260023 0.4185812 0.2412209 0.2682449 0.2133016 0.0203011 0.0124789 0.1448530 0.0202561 0.0222613 0.0240402 0.0415193 0.4472053 0.2601299 0.0198822 0.0271575 0.1803197 0.0199898 0.0804645 0.1221640 0.0422298 
Perityle_angustifolia_13_Eagle_creek       0.1692943 0.0387293 0.1413892 0.1936622 0.1697237 0.3441345 0.5123154 0.1504294 0.1740834 0.0624096 0.0161730 0.0151125 0.0075191 0.0000000 0.2340865 0.0151081 0.1247691 0.2198732 0.0151371 0.0086176 0.0143573 0.0545576 0.0123410 0.0135221 0.0129449 0.0399375 0.1068332 0.1986415 0.0511349 0.0810379 0.2175743 0.0612480 0.1193655 0.0096797 0.0422441 0.2135977 0.0163589 0.2080346 0.2526041 0.0075160 0.0107686 0.1979234 0.0128131 0.2590249 0.2170872 0.0139967 0.0150859 0.0118961 0.1981148 0.0085926 0.0096735 0.0075160 0.0416850 0.0032423 0.2037345 0.0542748 0.0277009 0.0118651 0.0129162 0.1883326 0.1200038 0.2017431 0.0475364 0.0183556 0.1879583 0.4203230 0.2174582 0.2301607 0.2181384 0.0162005 0.0112876 0.1401735 0.0142023 0.0178658 0.0172668 0.0416018 0.4193554 0.2154273 0.0151161 0.0205911 0.1792844 0.0129198 0.0706805 0.1221640 0.0485265 
Perityle_batopilensis_97                   0.3740642 0.1383055 0.3613323 0.2516840 0.3342164 0.4329050 0.5260721 0.2402343 0.3400089 0.2700629 0.2859030 0.2720997 0.2798023 0.2340865 0.0000000 0.2811947 0.0991960 0.1199817 0.2665384 0.2527652 0.2099583 0.2057625 0.2820584 0.2373616 0.2796678 0.2952771 0.3324477 0.1113114 0.2170434 0.2393980 0.1537481 0.2800970 0.2727279 0.2751910 0.2697858 0.1430661 0.2477981 0.1202595 0.0802803 0.2785204 0.2797967 0.1080758 0.2546252 0.1729455 0.1356932 0.2836202 0.2804640 0.2805343 0.1347732 0.2641075 0.2780285 0.2720980 0.2859618 0.2687517 0.1082179 0.2301050 0.1937970 0.2773287 0.2788943 0.1091072 0.0548791 0.0932176 0.1564391 0.2890647 0.1060110 0.3622866 0.1370951 0.1696418 0.0973020 0.2500686 0.2811172 0.2984968 0.2774350 0.2577778 0.2816539 0.2114958 0.6149752 0.1195432 0.2611690 0.2955765 0.1047400 0.2773238 0.2755295 0.0103583 0.2364155 
Perityle_bisetosa_9                        0.1717805 0.0444328 0.1487685 0.2053787 0.1821703 0.3658060 0.4953345 0.1586343 0.1755955 0.0793336 0.0250197 0.0256511 0.0189946 0.0151081 0.2811947 0.0000000 0.1308659 0.2216601 0.0155173 0.0169066 0.0231520 0.0460992 0.0207712 0.0218220 0.0220281 0.0484162 0.1130829 0.2412249 0.0617982 0.0861209 0.2594203 0.0805638 0.1210311 0.0169702 0.0514142 0.2607615 0.0229568 0.2541056 0.2947550 0.0139470 0.0169671 0.2542753 0.0216294 0.3086955 0.2618579 0.0129154 0.0240063 0.0210759 0.2496052 0.0154934 0.0159425 0.0140525 0.0484350 0.0172336 0.2086542 0.0582427 0.0339515 0.0211490 0.0219726 0.1955469 0.1229609 0.2532517 0.0536055 0.0281174 0.2269163 0.4186328 0.2410921 0.2728452 0.2216845 0.0095284 0.0187936 0.1528840 0.0222813 0.0287286 0.0260431 0.0441888 0.4608208 0.2656976 0.0209174 0.0291600 0.1802079 0.0219884 0.0847356 0.1279912 0.0526149 
Perityle_californica_76_positas            0.1438674 0.1386238 0.1342638 0.1812832 0.1283441 0.1540566 0.1438853 0.1713693 0.1379027 0.1441179 0.1247691 0.1310223 0.1247691 0.1247691 0.0991960 0.1308659 0.0000000 0.0970812 0.1312723 0.1247691 0.1308454 0.1920999 0.1281506 0.1310099 0.1316356 0.1407268 0.1506760 0.0730216 0.1277976 0.1703836 0.0244462 0.1441469 0.1417106 0.1280137 0.1437909 0.0970219 0.1340778 0.0791619 0.1112236 0.1247691 0.1247691 0.0938912 0.1277669 0.0938526 0.0997533 0.1372352 0.1277669 0.1309883 0.0849272 0.1247691 0.1312392 0.1247691 0.1501685 0.1247691 0.0788355 0.1618687 0.1279807 0.1308454 0.1308454 0.0787784 0.0747194 0.0848263 0.1401940 0.1279807 0.0756757 0.1230671 0.0970077 0.1061334 0.0932153 0.1438609 0.1281506 0.1343202 0.1309503 0.1309503 0.1309015 0.1788906 0.4827089 0.0699725 0.1278413 0.1310830 0.0977594 0.1277669 0.1279152 0.0933938 0.1439718 
Perityle_canescens_77                      0.3157313 0.1559588 0.2781706 0.2618433 0.2632200 0.4727451 0.4903241 0.2505620 0.3354122 0.2223285 0.2159256 0.2216291 0.2156473 0.2198732 0.1199817 0.2216601 0.0970812 0.0000000 0.2284047 0.2178775 0.2152952 0.2197193 0.2242980 0.1974033 0.2224072 0.2336005 0.2480890 0.0873526 0.2153748 0.2611181 0.1322130 0.2231314 0.2967482 0.2180488 0.2361537 0.0618287 0.2039628 0.0540211 0.1457329 0.2156473 0.2177149 0.0596656 0.2178313 0.1102499 0.0651139 0.2274822 0.2176192 0.2215886 0.0521958 0.2177149 0.2180250 0.2156473 0.2381267 0.2196308 0.0908882 0.2560740 0.2158269 0.2234209 0.2234209 0.0962786 0.0313582 0.0893498 0.1679090 0.2277011 0.0824587 0.4070746 0.1492810 0.1544360 0.1420194 0.2318125 0.2203687 0.2473448 0.2248103 0.2218372 0.2254548 0.2263484 0.5184608 0.0459234 0.2243090 0.2282082 0.1056148 0.2215030 0.2237874 0.0898854 0.2614556 
Perityle_castillonii_96                    0.1769797 0.0416229 0.1516913 0.1986014 0.1812488 0.3534973 0.5165917 0.1603937 0.1797430 0.0791674 0.0271047 0.0239615 0.0208023 0.0151371 0.2665384 0.0155173 0.1312723 0.2284047 0.0000000 0.0169383 0.0231788 0.0518167 0.0205033 0.0230045 0.0218636 0.0493151 0.1155457 0.2276295 0.0633468 0.0914493 0.2447292 0.0781439 0.1251737 0.0176281 0.0515163 0.2457988 0.0126803 0.2406112 0.2928042 0.0155308 0.0186899 0.2349087 0.0214340 0.2939301 0.2472799 0.0144537 0.0239207 0.0208731 0.2360102 0.0165717 0.0176210 0.0155308 0.0516634 0.0179290 0.2091702 0.0644263 0.0340260 0.0198944 0.0218063 0.1940706 0.1266334 0.2339325 0.0505895 0.0303152 0.2205312 0.4233156 0.2466736 0.2623106 0.2308245 0.0159674 0.0195383 0.1519129 0.0231863 0.0259880 0.0260384 0.0469363 0.4523551 0.2530459 0.0209563 0.0303467 0.1857785 0.0218227 0.0870003 0.1283712 0.0548056 
Perityle_cernua_84                         0.1686039 0.0359327 0.1456048 0.1982290 0.1734557 0.3503751 0.4990819 0.1502926 0.1719564 0.0696733 0.0201116 0.0179910 0.0147884 0.0086176 0.2527652 0.0169066 0.1247691 0.2178775 0.0169383 0.0000000 0.0153586 0.0544648 0.0142691 0.0146654 0.0158639 0.0435158 0.1094308 0.2123860 0.0543264 0.0835533 0.2298249 0.0703936 0.1172597 0.0126589 0.0470224 0.2288311 0.0188919 0.2221334 0.2690336 0.0094629 0.0126536 0.2167479 0.0148795 0.2766385 0.2320747 0.0168909 0.0179599 0.0148429 0.2148593 0.0105180 0.0115814 0.0094629 0.0433499 0.0107033 0.2027718 0.0562439 0.0292615 0.0138286 0.0147602 0.1902551 0.1166919 0.2138373 0.0475137 0.0200874 0.2036203 0.4158751 0.2309689 0.2457753 0.2137847 0.0170819 0.0132502 0.1449687 0.0171328 0.0186570 0.0201023 0.0415344 0.4374527 0.2335168 0.0169154 0.0233532 0.1756264 0.0158337 0.0748293 0.1221640 0.0505989 
Perityle_cfvillosa_25_tin                  0.0809101 0.0500779 0.0715279 0.1956797 0.0538567 0.3012075 0.4270445 0.1503534 0.0945533 0.0656836 0.0192315 0.0076388 0.0140538 0.0143573 0.2099583 0.0231520 0.1308454 0.2152952 0.0231788 0.0153586 0.0000000 0.0601705 0.0179556 0.0102368 0.0089345 0.0408906 0.0456566 0.1952378 0.0587787 0.0861557 0.2015730 0.0565998 0.0965005 0.0166560 0.0450111 0.2160036 0.0218428 0.2023608 0.2224123 0.0140468 0.0166403 0.2090560 0.0089210 0.2213232 0.2155450 0.0205290 0.0063521 0.0076359 0.2107201 0.0153301 0.0153438 0.0140468 0.0422499 0.0127639 0.1779541 0.0562687 0.0323655 0.0038069 0.0012668 0.1935374 0.1264288 0.2075454 0.0427515 0.0218293 0.1844034 0.4091399 0.1983835 0.2012984 0.2219905 0.0233901 0.0167896 0.0617798 0.0051662 0.0140621 0.0140364 0.0361899 0.3884749 0.1993346 0.0218709 0.0257983 0.1804742 0.0038076 0.0608352 0.1279720 0.0475066 
Perityle_cinerea_113_Powell1310            0.1117947 0.1059695 0.0865501 0.3403083 0.0748280 0.3100165 0.3154087 0.1667630 0.1018173 0.1095886 0.0572780 0.0573935 0.0516211 0.0545576 0.2057625 0.0460992 0.1920999 0.2197193 0.0518167 0.0544648 0.0601705 0.0000000 0.0603321 0.0546104 0.0548553 0.0747775 0.0891521 0.2057492 0.0893147 0.0755965 0.2087566 0.0925006 0.1049494 0.0517432 0.0834817 0.2189224 0.0518171 0.2042559 0.2016946 0.0516211 0.0544687 0.2043900 0.0545260 0.2111111 0.2183550 0.0516667 0.0573009 0.0573816 0.2038844 0.0544687 0.0545469 0.0516211 0.0746521 0.0573341 0.1949697 0.0851853 0.0646632 0.0573229 0.0573229 0.2136660 0.1690570 0.2005902 0.0502130 0.0631501 0.1922903 0.3564660 0.1892586 0.1926152 0.1865560 0.0517387 0.0603321 0.0922932 0.0573645 0.0517558 0.0601939 0.0203686 0.2001335 0.1960107 0.0516607 0.0632612 0.1892664 0.0545260 0.0923434 0.1711057 0.0466358 
Perityle_coahuilensis_24                   0.1503182 0.0416407 0.1385154 0.1958293 0.1568411 0.3419435 0.5053210 0.1522549 0.1575990 0.0691942 0.0260260 0.0234342 0.0134431 0.0123410 0.2820584 0.0207712 0.1281506 0.2242980 0.0205033 0.0142691 0.0179556 0.0603321 0.0000000 0.0246406 0.0228974 0.0471021 0.0914659 0.2434458 0.0588547 0.0916660 0.2587500 0.0769867 0.1148594 0.0165874 0.0465824 0.2563913 0.0312885 0.2539836 0.2838687 0.0082428 0.0113555 0.2546511 0.0212294 0.2990632 0.2647061 0.0218099 0.0228316 0.0218048 0.2519524 0.0074732 0.0165685 0.0083073 0.0482044 0.0168556 0.2011607 0.0624579 0.0324486 0.0219888 0.0228375 0.1977369 0.1201474 0.2556024 0.0303351 0.0303197 0.2256493 0.4242262 0.2370839 0.2717056 0.2315495 0.0199743 0.0010306 0.1339973 0.0231712 0.0276590 0.0249509 0.0497445 0.4469188 0.2678698 0.0195651 0.0281935 0.1909930 0.0228546 0.0813405 0.1253892 0.0507129 
Perityle_cochisensis_44_cave_creek         0.0574618 0.0472584 0.0476851 0.1982932 0.0380641 0.2374641 0.3282847 0.1297199 0.0597153 0.0635116 0.0217918 0.0125638 0.0176801 0.0135221 0.2373616 0.0218220 0.1310099 0.1974033 0.0230045 0.0146654 0.0102368 0.0546104 0.0246406 0.0000000 0.0067533 0.0373002 0.0456593 0.2195384 0.0542020 0.0813668 0.2283043 0.0631164 0.0619432 0.0176757 0.0434812 0.2419868 0.0287748 0.2249299 0.2313021 0.0176918 0.0176710 0.2327898 0.0053844 0.2340133 0.2410986 0.0245758 0.0067333 0.0067380 0.2364341 0.0171481 0.0162812 0.0178752 0.0443155 0.0204306 0.1518798 0.0528985 0.0297618 0.0080848 0.0108071 0.1757621 0.1234619 0.2265764 0.0365776 0.0302353 0.2011063 0.3624618 0.2006665 0.2287031 0.1947325 0.0208824 0.0232438 0.0582693 0.0080920 0.0125241 0.0107996 0.0362296 0.4284478 0.2263079 0.0188298 0.0260496 0.1652341 0.0053844 0.0646382 0.1281258 0.0454402 
Perityle_congesta_202                      0.1679360 0.0445734 0.1476085 0.1938772 0.1757019 0.3410348 0.5112953 0.1555326 0.1783927 0.0745333 0.0270995 0.0111788 0.0200259 0.0129449 0.2796678 0.0220281 0.1316356 0.2224072 0.0218636 0.0158639 0.0089345 0.0548553 0.0228974 0.0067533 0.0000000 0.0452229 0.1096020 0.2370402 0.0573604 0.0840890 0.2598007 0.0771697 0.1216787 0.0169684 0.0480376 0.2593055 0.0284952 0.2499669 0.2869489 0.0159723 0.0190024 0.2543093 0.0064262 0.3085319 0.2604216 0.0230295 0.0079198 0.0049663 0.2481896 0.0155164 0.0159407 0.0160934 0.0473171 0.0162224 0.2057288 0.0545309 0.0340550 0.0059864 0.0089193 0.1943143 0.1272196 0.2500008 0.0509468 0.0312396 0.2240461 0.4156043 0.2438681 0.2720079 0.2241594 0.0213889 0.0219805 0.1488872 0.0080261 0.0126425 0.0119080 0.0311034 0.4523170 0.2642433 0.0209490 0.0302404 0.1864881 0.0059352 0.0824598 0.1287112 0.0508125 
Perityle_cordifolia_27                     0.1852970 0.0560344 0.1597610 0.2074226 0.1878235 0.3579324 0.5273301 0.1708075 0.1885689 0.0813622 0.0526407 0.0516994 0.0432151 0.0399375 0.2952771 0.0484162 0.1407268 0.2336005 0.0493151 0.0435158 0.0408906 0.0747775 0.0471021 0.0373002 0.0452229 0.0000000 0.1026105 0.2557435 0.0669939 0.0935401 0.2789168 0.0870536 0.1332197 0.0441935 0.0095390 0.2775892 0.0496194 0.2646626 0.2961819 0.0410716 0.0442373 0.2732868 0.0421630 0.3230503 0.2752448 0.0494704 0.0472296 0.0443008 0.2614219 0.0415255 0.0409872 0.0403327 0.0125799 0.0438444 0.2159617 0.0449564 0.0457516 0.0434040 0.0441046 0.2057434 0.1236081 0.2653901 0.0144726 0.0559065 0.2474559 0.4269719 0.2622196 0.2902266 0.2348346 0.0483707 0.0462998 0.1658696 0.0425345 0.0513614 0.0493545 0.0634955 0.4729985 0.2796414 0.0484754 0.0527611 0.1955142 0.0430414 0.0889055 0.1403261 0.0297868 
Perityle_cordifolia_68_tecolote            0.1897877 0.0706280 0.1754874 0.2071503 0.2008549 0.3623203 0.5534006 0.1629654 0.1947041 0.1451561 0.1140917 0.1145551 0.1039001 0.1068332 0.3324477 0.1130829 0.1506760 0.2480890 0.1155457 0.1094308 0.0456566 0.0891521 0.0914659 0.0456593 0.1096020 0.1026105 0.0000000 0.3282118 0.0735559 0.0965799 0.3395792 0.1379740 0.1368328 0.1050570 0.1080161 0.3333317 0.0565228 0.3392339 0.3377224 0.1051352 0.1051017 0.2766384 0.0714275 0.3351551 0.3499675 0.1130352 0.1081771 0.1042470 0.3408633 0.1068517 0.1037911 0.1047856 0.0917233 0.1054555 0.2715789 0.0149939 0.0530891 0.1063575 0.1093862 0.2137396 0.1498431 0.2676378 0.0538333 0.1213416 0.3162765 0.4433014 0.2949658 0.3377937 0.2225915 0.1165822 0.0909058 0.1961162 0.1074711 0.1041505 0.1139576 0.0744350 0.4928259 0.3352873 0.1151736 0.1178157 0.2060647 0.1059502 0.1515190 0.1499127 0.0440685 
Perityle_coronopifolia_28_patagonia        0.3646969 0.1383453 0.3372452 0.2481215 0.3352982 0.4292753 0.5040722 0.2292918 0.3352894 0.2322141 0.2428266 0.2361234 0.2431513 0.1986415 0.1113114 0.2412249 0.0730216 0.0873526 0.2276295 0.2123860 0.1952378 0.2057492 0.2434458 0.2195384 0.2370402 0.2557435 0.3282118 0.0000000 0.2069979 0.2352409 0.1381662 0.2441914 0.2667540 0.2396834 0.2327376 0.0846357 0.2317517 0.0703295 0.1728377 0.2400798 0.2398304 0.0800310 0.2372440 0.1391904 0.0811394 0.2435271 0.2391668 0.2377456 0.0777879 0.2254265 0.2395425 0.2337628 0.2700429 0.2390579 0.0661743 0.2201814 0.1910169 0.2389951 0.2393419 0.0678112 0.0141632 0.0638174 0.1620676 0.2485180 0.0172408 0.4022702 0.1464389 0.1633588 0.1081205 0.2125509 0.2423201 0.2797725 0.2388616 0.2286781 0.2406879 0.2120944 0.6080783 0.0841734 0.2249853 0.2517905 0.0421150 0.2365374 0.2415015 0.0670336 0.2304533 
Perityle_crassifolia_70_ventanas           0.0500494 0.0359541 0.0430134 0.2013409 0.0512884 0.2778462 0.3771869 0.1436727 0.0551581 0.0525004 0.0572889 0.0572471 0.0543116 0.0511349 0.2170434 0.0617982 0.1277976 0.2153748 0.0633468 0.0543264 0.0587787 0.0893147 0.0588547 0.0542020 0.0573604 0.0669939 0.0735559 0.2069979 0.0000000 0.0165556 0.2150239 0.0450672 0.0572091 0.0557930 0.0702426 0.2180008 0.0613989 0.2051162 0.2385266 0.0542813 0.0572915 0.2066551 0.0542278 0.2065087 0.2194681 0.0631843 0.0556798 0.0572215 0.2139147 0.0557351 0.0542386 0.0542813 0.0669613 0.0557617 0.1823483 0.0839482 0.0586790 0.0556910 0.0572102 0.1990241 0.1136467 0.2066624 0.0458690 0.0558555 0.2028961 0.3908053 0.2083973 0.2156680 0.2174142 0.0610436 0.0573466 0.0045402 0.0558140 0.0616631 0.0601148 0.0771828 0.3866965 0.1998769 0.0602809 0.0634347 0.1953894 0.0542278 0.0013781 0.1246819 0.0757810 
Perityle_crassifolia_74_playa_balandra     0.0867208 0.0771041 0.0720184 0.3155325 0.0806974 0.4487847 0.4286780 0.1574991 0.0840169 0.0788037 0.0809991 0.0810881 0.0808858 0.0810379 0.2393980 0.0861209 0.1703836 0.2611181 0.0914493 0.0835533 0.0861557 0.0755965 0.0916660 0.0813668 0.0840890 0.0935401 0.0965799 0.2352409 0.0165556 0.0000000 0.2348106 0.0678379 0.0866438 0.0809141 0.0936337 0.2372566 0.0909452 0.2241766 0.2484571 0.0808858 0.0888435 0.2302470 0.0809957 0.2300532 0.2407279 0.0886118 0.0809957 0.0862690 0.2397879 0.0835189 0.0783225 0.0808858 0.0880933 0.0835585 0.2232504 0.0992753 0.0864719 0.0835442 0.0835442 0.2500665 0.1389132 0.2304174 0.0711736 0.0863643 0.2283513 0.4847848 0.2259040 0.2252256 0.2174142 0.0913938 0.0889924 0.0188186 0.0844904 0.0887492 0.0861862 0.0673037 0.1191884 0.2191758 0.0889630 0.0944717 0.2207716 0.0809957 0.0188276 0.1586421 0.0938520 
Perityle_cuneata_34_cuneata_San_antonio    0.3842057 0.1492023 0.3577964 0.2663658 0.3433009 0.4443077 0.5155723 0.2435228 0.3300025 0.2703978 0.2628109 0.2521227 0.2603314 0.2175743 0.1537481 0.2594203 0.0244462 0.1322130 0.2447292 0.2298249 0.2015730 0.2087566 0.2587500 0.2283043 0.2598007 0.2789168 0.3395792 0.1381662 0.2150239 0.2348106 0.0000000 0.2669678 0.2663711 0.2582726 0.2503673 0.1510329 0.2388804 0.1387555 0.2053260 0.2558818 0.2586268 0.1331273 0.2500697 0.1989834 0.1499750 0.2621820 0.2619305 0.2605840 0.1413877 0.2397735 0.2581178 0.2510652 0.2824331 0.2507844 0.1221619 0.2190404 0.1933496 0.2577050 0.2607505 0.1174270 0.0703684 0.1154486 0.1730973 0.2658881 0.1315196 0.4023585 0.1530838 0.1681398 0.1483698 0.2313561 0.2606933 0.2998575 0.2605536 0.2409096 0.2648888 0.2070690 0.6175855 0.1452107 0.2395062 0.2688876 0.1252999 0.2620333 0.2670606 0.0813711 0.2384683 
Perityle_cuneata_4                         0.1716133 0.0415732 0.1442681 0.2034141 0.1837514 0.3503313 0.5258773 0.1597796 0.1725094 0.0651200 0.0838514 0.0790283 0.0762489 0.0612480 0.2800970 0.0805638 0.1441469 0.2231314 0.0781439 0.0703936 0.0565998 0.0925006 0.0769867 0.0631164 0.0771697 0.0870536 0.1379740 0.2441914 0.0450672 0.0678379 0.2669678 0.0000000 0.1165111 0.0750173 0.0865962 0.2671217 0.0759727 0.2555714 0.3004051 0.0749926 0.0783912 0.2595558 0.0669678 0.3065645 0.2646784 0.0827340 0.0792002 0.0762989 0.2569654 0.0733062 0.0749037 0.0734629 0.0887604 0.0728570 0.2091031 0.0811649 0.0595567 0.0743973 0.0803506 0.1931976 0.1261887 0.2505369 0.0630473 0.0851871 0.2313913 0.4161260 0.2341872 0.2715058 0.2128901 0.0733077 0.0763410 0.1501697 0.0747877 0.0785765 0.0814359 0.0865781 0.4615219 0.2632574 0.0774489 0.0862731 0.1837248 0.0770236 0.0726985 0.1375462 0.0875166 
Perityle_discoidea_81                      0.0149184 0.0443292 0.0359243 0.2322502 0.1249505 0.3895925 0.5058069 0.2263776 0.0099111 0.1237181 0.1174371 0.1212337 0.1172294 0.1193655 0.2727279 0.1210311 0.1417106 0.2967482 0.1251737 0.1172597 0.0965005 0.1049494 0.1148594 0.0619432 0.1216787 0.1332197 0.1368328 0.2667540 0.0572091 0.0866438 0.2663711 0.1165111 0.0000000 0.1175769 0.1333150 0.2636616 0.0675017 0.2657798 0.2824230 0.1172294 0.1231720 0.2687538 0.1184889 0.2701773 0.2799359 0.1228745 0.1213315 0.1183304 0.2728792 0.1191952 0.1157098 0.1172294 0.1343427 0.1192363 0.2817073 0.0917711 0.0762398 0.1211337 0.1211220 0.2299667 0.1323012 0.2665699 0.0723379 0.1251198 0.2624239 0.4563450 0.2471675 0.2641454 0.2422717 0.1230951 0.1121378 0.1211835 0.1240407 0.1213381 0.1175027 0.0788987 0.2921989 0.2615484 0.1273892 0.1274669 0.1945588 0.1192416 0.1212922 0.1450294 0.1456743 
Perityle_dissecta_201                      0.1643644 0.0415983 0.1426980 0.1959202 0.1719501 0.3504877 0.5087268 0.1505782 0.1705420 0.0709581 0.0220141 0.0204549 0.0159801 0.0096797 0.2751910 0.0169702 0.1280137 0.2180488 0.0176281 0.0126589 0.0166560 0.0517432 0.0165874 0.0176757 0.0169684 0.0441935 0.1050570 0.2396834 0.0557930 0.0809141 0.2582726 0.0750173 0.1175769 0.0000000 0.0469235 0.2605852 0.0271041 0.2511085 0.2854304 0.0109479 0.0139595 0.2524472 0.0150797 0.3068260 0.2616833 0.0159374 0.0189455 0.0160074 0.2494406 0.0123824 0.0109168 0.0110306 0.0451183 0.0141785 0.2039276 0.0562439 0.0292511 0.0160628 0.0179494 0.1920093 0.1200151 0.2466451 0.0444499 0.0261211 0.2239641 0.4097816 0.2412560 0.2716167 0.2136419 0.0170443 0.0156385 0.1447289 0.0171628 0.0233303 0.0189524 0.0415344 0.4467829 0.2598804 0.0177619 0.0271615 0.1806968 0.0169379 0.0792403 0.1223222 0.0464430 
Perityle_emoryi_47_punta_san_jose          0.1896995 0.0588866 0.1640870 0.2125302 0.1925631 0.3667369 0.5290586 0.1710308 0.1886940 0.0831566 0.0536327 0.0502567 0.0436202 0.0422441 0.2697858 0.0514142 0.1437909 0.2361537 0.0515163 0.0470224 0.0450111 0.0834817 0.0465824 0.0434812 0.0480376 0.0095390 0.1080161 0.2327376 0.0702426 0.0936337 0.2503673 0.0865962 0.1333150 0.0469235 0.0000000 0.2501287 0.0475618 0.2396839 0.2797546 0.0424372 0.0458388 0.2392163 0.0449535 0.2945619 0.2498767 0.0513910 0.0501660 0.0470651 0.2353321 0.0435406 0.0435110 0.0424372 0.0133533 0.0442446 0.2194798 0.0450023 0.0473887 0.0449551 0.0468438 0.2081588 0.1268864 0.2345911 0.0262468 0.0536025 0.2239416 0.4268346 0.2508879 0.2642287 0.2361944 0.0518868 0.0457274 0.1647701 0.0440707 0.0522462 0.0524278 0.0717560 0.4641184 0.2501616 0.0514785 0.0537057 0.2059492 0.0457120 0.0884929 0.1432586 0.0277873 
Perityle_feddemae_99                       0.3725794 0.1562237 0.3524871 0.2458985 0.3303744 0.4603786 0.5162996 0.2403776 0.3199491 0.2461157 0.2610486 0.2573244 0.2566311 0.2135977 0.1430661 0.2607615 0.0970219 0.0618287 0.2457988 0.2288311 0.2160036 0.2189224 0.2563913 0.2419868 0.2593055 0.2775892 0.3333317 0.0846357 0.2180008 0.2372566 0.1510329 0.2671217 0.2636616 0.2605852 0.2501287 0.0000000 0.2487630 0.0412382 0.2064743 0.2551556 0.2533774 0.0203035 0.2564089 0.0757911 0.0490741 0.2588824 0.2555926 0.2586254 0.0305715 0.2390448 0.2604267 0.2487579 0.2919887 0.2574656 0.1026823 0.2244561 0.1985672 0.2586456 0.2602675 0.0862994 0.0312792 0.0914991 0.1757560 0.2698599 0.0809899 0.4006282 0.1498900 0.1653718 0.1177409 0.2204738 0.2553329 0.2901849 0.2614069 0.2488276 0.2629646 0.2133447 0.6312359 0.0687768 0.2434052 0.2700200 0.1000342 0.2587414 0.2551225 0.0869802 0.2406464 
Perityle_fosteri_93                        0.0700462 0.0473572 0.0602940 0.2004348 0.0436700 0.2446410 0.3308719 0.1395814 0.0652928 0.0786503 0.0298019 0.0322129 0.0243280 0.0163589 0.2477981 0.0229568 0.1340778 0.2039628 0.0126803 0.0188919 0.0218428 0.0518171 0.0312885 0.0287748 0.0284952 0.0496194 0.0565228 0.2317517 0.0613989 0.0909452 0.2388804 0.0759727 0.0675017 0.0271041 0.0475618 0.2487630 0.0000000 0.2353625 0.2456396 0.0243440 0.0243155 0.2395850 0.0270461 0.2407889 0.2478533 0.0229204 0.0284104 0.0284301 0.2450376 0.0212362 0.0243216 0.0231944 0.0552302 0.0270713 0.1616510 0.0605458 0.0328702 0.0270366 0.0270261 0.1809603 0.1231661 0.2334122 0.0396914 0.0368745 0.2081753 0.3680890 0.2079658 0.2357464 0.2188583 0.0176479 0.0298926 0.0644083 0.0270607 0.0320889 0.0325462 0.0443054 0.4419034 0.2330858 0.0200532 0.0354735 0.1769779 0.0270461 0.0757860 0.1309418 0.0525006 
Perityle_gamon_221                         0.3650601 0.1457296 0.3356954 0.2570135 0.3137054 0.4634983 0.5150472 0.2470953 0.3327413 0.2444925 0.2514431 0.2477587 0.2496371 0.2080346 0.1202595 0.2541056 0.0791619 0.0540211 0.2406112 0.2221334 0.2023608 0.2042559 0.2539836 0.2249299 0.2499669 0.2646626 0.3392339 0.0703295 0.2051162 0.2241766 0.1387555 0.2555714 0.2657798 0.2511085 0.2396839 0.0412382 0.2353625 0.0000000 0.1830052 0.2515350 0.2527922 0.0375046 0.2472777 0.0948870 0.0189813 0.2550707 0.2521396 0.2492903 0.0407045 0.2369437 0.2509561 0.2452604 0.2771495 0.2497724 0.0945567 0.2166643 0.1825071 0.2505776 0.2494205 0.0709354 0.0140994 0.0757038 0.1682634 0.2603307 0.0661416 0.4039390 0.1409115 0.1552757 0.1035885 0.2209733 0.2528885 0.2864665 0.2504928 0.2404755 0.2551197 0.2029806 0.6011709 0.0542010 0.2338770 0.2637367 0.0782796 0.2479056 0.2530390 0.0728547 0.2295420 
Perityle_gentryi_8_san_francisco           0.3936753 0.1485558 0.3781687 0.2743045 0.3597719 0.4561578 0.5458079 0.2412861 0.3521899 0.2888519 0.2948117 0.2902732 0.2881301 0.2526041 0.0802803 0.2947550 0.1112236 0.1457329 0.2928042 0.2690336 0.2224123 0.2016946 0.2838687 0.2313021 0.2869489 0.2961819 0.3377224 0.1728377 0.2385266 0.2484571 0.2053260 0.3004051 0.2824230 0.2854304 0.2797546 0.2064743 0.2456396 0.1830052 0.0000000 0.2864669 0.2881234 0.1733019 0.2597467 0.2442572 0.2016627 0.2942167 0.2877687 0.2878780 0.1948339 0.2853594 0.2880850 0.2864669 0.2869255 0.2815068 0.1231933 0.2293648 0.2030682 0.2846023 0.2876013 0.1416407 0.0609046 0.1604884 0.1566260 0.2959365 0.1699947 0.3603658 0.2008319 0.2202458 0.0973567 0.2693496 0.2829005 0.3067098 0.2861010 0.2717863 0.2893434 0.2082218 0.6511093 0.1868609 0.2803761 0.2995399 0.1071194 0.2844693 0.2927124 0.0208328 0.2237744 
Perityle_gilensis_22_Superstition          0.1656351 0.0387293 0.1402365 0.1956635 0.1718087 0.3506463 0.5012559 0.1471049 0.1702476 0.0711264 0.0199840 0.0194347 0.0069447 0.0075160 0.2785204 0.0139470 0.1247691 0.2156473 0.0155308 0.0094629 0.0140468 0.0516211 0.0082428 0.0176918 0.0159723 0.0410716 0.1051352 0.2400798 0.0542813 0.0808858 0.2558818 0.0749926 0.1172294 0.0109479 0.0424372 0.2551556 0.0243440 0.2515350 0.2864669 0.0000000 0.0049524 0.2476054 0.0150914 0.3006160 0.2621203 0.0149433 0.0179507 0.0150089 0.2441404 0.0030716 0.0099343 0.0000010 0.0429549 0.0111173 0.2037651 0.0541945 0.0260953 0.0150608 0.0159322 0.1918163 0.1166919 0.2484465 0.0413992 0.0230596 0.2228859 0.4185812 0.2429627 0.2715838 0.2133016 0.0148889 0.0072529 0.1432973 0.0161553 0.0222728 0.0199728 0.0415193 0.4472803 0.2618140 0.0145830 0.0220500 0.1803197 0.0159436 0.0781347 0.1221640 0.0422298 
Perityle_gilensis_salensis_225             0.1668186 0.0387293 0.1439779 0.1956593 0.1706523 0.3528586 0.5061224 0.1472675 0.1741665 0.0746734 0.0230245 0.0225463 0.0099393 0.0107686 0.2797967 0.0169671 0.1247691 0.2177149 0.0186899 0.0126536 0.0166403 0.0544687 0.0113555 0.0176710 0.0190024 0.0442373 0.1051017 0.2398304 0.0572915 0.0888435 0.2586268 0.0783912 0.1231720 0.0139595 0.0458388 0.2533774 0.0243155 0.2527922 0.2881234 0.0049524 0.0000000 0.2473019 0.0183621 0.3004598 0.2633585 0.0179652 0.0209814 0.0180443 0.2453655 0.0040987 0.0129385 0.0049896 0.0462700 0.0141759 0.2054217 0.0583216 0.0308300 0.0181068 0.0189545 0.1918133 0.1200032 0.2481374 0.0444721 0.0261162 0.2210921 0.4224295 0.2445971 0.2743851 0.2176334 0.0181321 0.0103812 0.1462283 0.0181857 0.0255051 0.0230116 0.0442155 0.4592168 0.2630619 0.0167008 0.0251038 0.1803197 0.0189682 0.0792635 0.1221640 0.0485316 
Perityle_glaucescens_94                    0.3166077 0.1559829 0.2963510 0.2565717 0.2541403 0.4377167 0.4926066 0.2431833 0.2973867 0.2488645 0.2527171 0.2448637 0.2454763 0.1979234 0.1080758 0.2542753 0.0938912 0.0596656 0.2349087 0.2167479 0.2090560 0.2043900 0.2546511 0.2327898 0.2543093 0.2732868 0.2766384 0.0800310 0.2066551 0.2302470 0.1331273 0.2595558 0.2687538 0.2524472 0.2392163 0.0203035 0.2395850 0.0375046 0.1733019 0.2476054 0.2473019 0.0000000 0.2504728 0.0462600 0.0461163 0.2553683 0.2517883 0.2535508 0.0239404 0.2272969 0.2523846 0.2403081 0.2798314 0.2508847 0.0787369 0.2240379 0.1983390 0.2549903 0.2536788 0.0815939 0.0254766 0.0875218 0.1584471 0.2628446 0.0742732 0.3933639 0.1387308 0.1440385 0.1104067 0.2073929 0.2534598 0.2113296 0.2565186 0.2444653 0.2567306 0.2097704 0.6151369 0.0462251 0.2308283 0.2630994 0.0932871 0.2534721 0.2530538 0.0840274 0.2404732 
Perityle_gracilis_11                       0.1380518 0.0443712 0.1091349 0.1956177 0.1262309 0.3450430 0.5013736 0.1552694 0.1742340 0.0711456 0.0238000 0.0087799 0.0150835 0.0128131 0.2546252 0.0216294 0.1277669 0.2178313 0.0214340 0.0148795 0.0089210 0.0545260 0.0212294 0.0053844 0.0064262 0.0421630 0.0714275 0.2372440 0.0542278 0.0809957 0.2500697 0.0669678 0.1184889 0.0150797 0.0449535 0.2564089 0.0270461 0.2472777 0.2597467 0.0150914 0.0183621 0.2504728 0.0000000 0.3014673 0.2590739 0.0227111 0.0074866 0.0053686 0.2458164 0.0145632 0.0139789 0.0152150 0.0455326 0.0150697 0.1984035 0.0522689 0.0292306 0.0064081 0.0085607 0.1917917 0.1232476 0.2513567 0.0361819 0.0315814 0.2231318 0.4201363 0.2364413 0.2581219 0.2179674 0.0209057 0.0202344 0.1112157 0.0075911 0.0120706 0.0096341 0.0309271 0.4404426 0.2343592 0.0181466 0.0305016 0.1806629 0.0042686 0.0752635 0.1250303 0.0527525 
Perityle_harkerae_31                       0.3518695 0.1524480 0.3325970 0.2641255 0.2990304 0.4804257 0.6021252 0.2709019 0.3390098 0.2940612 0.3089218 0.3005735 0.2984064 0.2590249 0.1729455 0.3086955 0.0938526 0.1102499 0.2939301 0.2766385 0.2213232 0.2111111 0.2990632 0.2340133 0.3085319 0.3230503 0.3351551 0.1391904 0.2065087 0.2300532 0.1989834 0.3065645 0.2701773 0.3068260 0.2945619 0.0757911 0.2407889 0.0948870 0.2442572 0.3006160 0.3004598 0.0462600 0.3014673 0.0000000 0.1043099 0.3096870 0.3077815 0.3048118 0.0845014 0.2842964 0.3067514 0.2937726 0.3263443 0.3001844 0.1478712 0.2264390 0.1961415 0.3025000 0.3077960 0.0768925 0.0254666 0.1122608 0.1659503 0.3159223 0.1374101 0.4028014 0.2027972 0.2076468 0.1174066 0.2681216 0.2981681 0.2864366 0.3110072 0.2933185 0.3124995 0.2164780 0.6640452 0.1071727 0.2900493 0.3179059 0.0932591 0.3075479 0.3058394 0.0839947 0.2825376 
