85
Amauria_brandeegeana_62                    0.0000000 0.1211442 0.2292267 0.4007987 0.2326473 0.0946391 0.3457988 0.1480411 0.3759802 0.1052835 0.2367133 0.2455977 0.3469879 0.2087031 0.1320538 0.2867022 0.3407678 0.4656982 0.1876253 0.2126500 0.2340917 0.2679418 0.2392909 0.2185187 0.2702033 0.2578027 0.2571088 0.3244926 0.1790118 0.1586926 0.2525560 0.2330735 0.1050058 0.2386696 0.2328928 0.3148311 0.2404453 0.3303346 0.2213577 0.2412114 0.2380598 0.3199657 0.2638191 0.2645707 0.3325250 0.2494573 0.2613689 0.2639147 0.3060762 0.2433801 0.2415878 0.2448994 0.2557159 0.1165215 0.2549229 0.1505593 0.1354760 0.2474799 0.1227254 0.1583482 0.1317262 0.2277280 0.1327744 0.2536162 0.2778515 0.2617938 0.2788544 0.2558269 0.1051745 0.2446299 0.1727921 0.2638951 0.0940787 0.2182173 0.2128292 0.1139459 0.3036117 0.2564421 0.2456453 0.2507979 0.1076872 0.2637766 0.3012898 0.1007341 0.2584376 
Amauria_carterae_99_mesa                   0.1211442 0.0000000 0.1448811 0.2041004 0.1450029 0.1257391 0.2700258 0.1264045 0.2254248 0.0966424 0.1040362 0.1188985 0.1376455 0.1022236 0.1112418 0.1068771 0.1277741 0.3712660 0.1191747 0.1255352 0.1143379 0.1191029 0.1021792 0.1231993 0.1237096 0.1111476 0.1224926 0.1266917 0.1321323 0.1397336 0.1099711 0.1137499 0.0966424 0.1142914 0.1100202 0.1384057 0.1119836 0.1735543 0.1023805 0.1001328 0.1023562 0.1437969 0.1189906 0.1332770 0.1709308 0.1233084 0.1189906 0.1233719 0.1356946 0.1023706 0.1252153 0.1090036 0.1027509 0.1163276 0.0959386 0.1067120 0.0809132 0.1192664 0.1189906 0.1356851 0.1232001 0.1262627 0.1026654 0.1213083 0.1334254 0.1066108 0.1408080 0.1080038 0.1167615 0.1231382 0.1023672 0.1338710 0.1081901 0.1211082 0.1254187 0.1086484 0.1390161 0.1307367 0.1284110 0.1305876 0.0716499 0.1189906 0.1273143 0.1039681 0.1322283 
Amauria_rotundifolia_SRR9119150            0.2292267 0.1448811 0.0000000 0.2409462 0.1785445 0.1183035 0.2312744 0.1048299 0.3600878 0.2354774 0.1972851 0.2053483 0.2526620 0.1978521 0.2243361 0.2182832 0.2473871 0.4300878 0.1992506 0.2100652 0.2002037 0.2143882 0.2009634 0.2108159 0.2178072 0.2101688 0.2158583 0.1341913 0.1156058 0.1354806 0.2022316 0.2392584 0.2328292 0.2040666 0.2361979 0.2002528 0.1994991 0.1897097 0.2021099 0.1979136 0.1997906 0.1990424 0.2143649 0.1926156 0.1945291 0.2251883 0.2110793 0.2174559 0.1920231 0.2019097 0.2108007 0.2059955 0.2036509 0.1524591 0.1424308 0.2409181 0.2330937 0.2128951 0.1615559 0.2326923 0.1226150 0.2306368 0.1183475 0.2105756 0.1283156 0.2133391 0.1600876 0.1959688 0.1462666 0.2036940 0.1935972 0.1296568 0.1196510 0.2047001 0.2055363 0.1236811 0.1589699 0.2037734 0.2214535 0.2058270 0.0672538 0.2110793 0.2505035 0.0857055 0.2691030 
Conoclinium_coelestinum_SRR9119114         0.4007987 0.2041004 0.2409462 0.0000000 0.3295776 0.1749039 0.3036467 0.1543178 0.4288140 0.3768464 0.3554517 0.3568824 0.3670501 0.3301986 0.2584439 0.3565304 0.3819757 0.5845784 0.2940446 0.3322032 0.3583838 0.3715391 0.3696224 0.3333711 0.3773502 0.3792576 0.3643883 0.3504701 0.2056482 0.1792917 0.3718982 0.3688955 0.3945853 0.3593666 0.3861895 0.3296549 0.3410919 0.3834544 0.3625153 0.3679013 0.3727248 0.3320058 0.3743117 0.2891013 0.3906984 0.3946736 0.3719374 0.3792330 0.3336085 0.3719365 0.3563424 0.3750137 0.3648038 0.2344076 0.3119941 0.2464926 0.2591154 0.3688423 0.2418895 0.2661371 0.1699658 0.3493279 0.1797797 0.3635057 0.3075136 0.3795681 0.3505404 0.3580498 0.2061596 0.3653264 0.2922328 0.2973024 0.1559121 0.3376786 0.3329496 0.1598683 0.3477153 0.3855274 0.3661478 0.3710814 0.1284120 0.3719374 0.3425959 0.1530291 0.3825609 
Eutetras_palmeri_63                        0.2326473 0.1450029 0.1785445 0.3295776 0.0000000 0.0326251 0.2751375 0.1268997 0.4322805 0.2836309 0.2601772 0.2744630 0.3097976 0.2731784 0.2373578 0.2888413 0.3158051 0.4689402 0.2723220 0.2701523 0.2688090 0.2773913 0.2732503 0.2693781 0.2871203 0.2753210 0.2902201 0.1883586 0.1494994 0.1288284 0.2653098 0.2762549 0.2810710 0.2717488 0.2920694 0.2803151 0.2728308 0.2612038 0.2706410 0.2697626 0.2716640 0.2750628 0.2776480 0.2699548 0.2670274 0.2758978 0.2756780 0.2830283 0.2725458 0.2738700 0.2679390 0.2809821 0.2679377 0.1719435 0.2163360 0.2630980 0.2754873 0.2761766 0.1720217 0.2713294 0.1517568 0.2909290 0.1500577 0.2789653 0.1825406 0.2774559 0.1805703 0.2755211 0.1306135 0.2685065 0.2720048 0.1930584 0.1038562 0.2920036 0.2699927 0.1217826 0.1791431 0.2764571 0.2950544 0.2761771 0.1041681 0.2756780 0.2664352 0.0863474 0.2961601 
Eutetras_pringlei_149_quer                 0.0946391 0.1257391 0.1183035 0.1749039 0.0326251 0.0000000 0.1517834 0.1633142 0.1499892 0.1247397 0.1141489 0.1439738 0.1365539 0.1251460 0.1404772 0.1370107 0.1403821 0.3525420 0.1402452 0.1444668 0.1364195 0.1438804 0.1288209 0.1402420 0.1520687 0.1326682 0.1400829 0.1180219 0.1332789 0.1464668 0.1512609 0.1509816 0.1209549 0.1364195 0.1364140 0.1116367 0.1364195 0.1486117 0.1252804 0.1251460 0.1291995 0.1274203 0.1438804 0.1196307 0.1483117 0.1366928 0.1438804 0.1475263 0.1232300 0.1328975 0.1288788 0.1290231 0.1361080 0.1402428 0.1262424 0.1361871 0.1274169 0.1444551 0.1438804 0.1410839 0.1255612 0.1361971 0.1119122 0.1522756 0.1142020 0.1365796 0.1492354 0.1180783 0.1426264 0.1363626 0.1292247 0.1293452 0.1158625 0.1438804 0.1441676 0.1304164 0.1377846 0.1283280 0.1496007 0.1406325 0.1147740 0.1438804 0.1111145 0.0969613 0.1517496 
Eutrochium_fistulosum_SRR9119106           0.3457988 0.2700258 0.2312744 0.3036467 0.2751375 0.1517834 0.0000000 0.2426040 0.4738312 0.3087719 0.2671901 0.2778694 0.2880924 0.2612889 0.3480527 0.2635595 0.2777193 0.5921834 0.2828666 0.2886803 0.2733612 0.2763841 0.2632717 0.2848500 0.2830994 0.2636593 0.2585715 0.2536578 0.2458837 0.2980861 0.2781064 0.3213534 0.3057100 0.2737533 0.3180036 0.2474259 0.2692374 0.2983842 0.2589931 0.2634820 0.2637070 0.2304734 0.2783577 0.2253402 0.3028719 0.2799018 0.2761542 0.2823939 0.2341956 0.2701034 0.2782374 0.2701978 0.2530460 0.2728129 0.1982228 0.3257693 0.3142789 0.2767250 0.2728731 0.3385302 0.2014645 0.3075449 0.1971161 0.2753585 0.2488902 0.2654014 0.2708111 0.2766067 0.3397868 0.2820181 0.2636901 0.2627397 0.2700987 0.2695756 0.2792403 0.2407696 0.2669638 0.2748715 0.3013032 0.2793354 0.1353715 0.2761542 0.3412894 0.1876575 0.3531432 
Galeana_pratensis_104_mex                  0.1480411 0.1264045 0.1048299 0.1543178 0.1268997 0.1633142 0.2426040 0.0000000 0.1429965 0.1264203 0.1316317 0.1264744 0.1233565 0.1344118 0.1325660 0.1407363 0.1260829 0.3482686 0.1443617 0.1315881 0.1234525 0.1266249 0.1371022 0.1317732 0.1297492 0.1429859 0.1542566 0.1316906 0.1164069 0.1443965 0.1369491 0.1364532 0.1231480 0.1205191 0.1397096 0.1244666 0.1233286 0.1633181 0.1346168 0.1344118 0.1373960 0.1161369 0.1266249 0.1130602 0.1633473 0.1318139 0.1266249 0.1295079 0.1156722 0.1400986 0.1286243 0.1430698 0.1354737 0.1204587 0.1253690 0.1484749 0.1148812 0.1239991 0.1266249 0.1310507 0.1683013 0.1453471 0.1305382 0.1378720 0.1374499 0.1401204 0.1406404 0.1209209 0.1486667 0.1260197 0.1374152 0.1184304 0.1196267 0.1292425 0.1372185 0.1287815 0.1325591 0.1316894 0.1376557 0.1351563 0.1095786 0.1266249 0.1407909 0.1051124 0.1268016 
Helianthus_annuus_SRR9119062               0.3759802 0.2254248 0.3600878 0.4288140 0.4322805 0.1499892 0.4738312 0.1429965 0.0000000 0.3816740 0.4348316 0.4407147 0.4835948 0.4164351 0.3145774 0.4508450 0.5513190 0.5944222 0.3973965 0.4338187 0.4297676 0.4454028 0.4322092 0.4305427 0.4541107 0.4364852 0.4240715 0.4407165 0.3025102 0.1866425 0.4306447 0.3779391 0.3772201 0.4377773 0.3855530 0.4381152 0.4323021 0.4799354 0.4279899 0.4283858 0.4358877 0.4357039 0.4401929 0.4163631 0.4865942 0.5103189 0.4421370 0.4470341 0.4244400 0.4361100 0.4399342 0.4328610 0.4381807 0.3408863 0.3493912 0.3331220 0.3389842 0.4476462 0.3431213 0.3593674 0.1259104 0.4104596 0.1879195 0.4447299 0.4289720 0.4402210 0.4430061 0.4508621 0.2232322 0.4424285 0.4113199 0.4227611 0.1179660 0.4626231 0.4278170 0.1418464 0.4428941 0.4430726 0.4248837 0.4532260 0.1098559 0.4421370 0.4342143 0.1367331 0.4029571 
Lycapsus_tenuifolius_17                    0.1052835 0.0966424 0.2354774 0.3768464 0.2836309 0.1247397 0.3087719 0.1264203 0.3816740 0.0000000 0.2249980 0.2236364 0.3342674 0.2259994 0.1250214 0.2818181 0.3144830 0.4391102 0.1916308 0.2101930 0.2095664 0.2149614 0.2346039 0.2267849 0.2201912 0.2561573 0.2471622 0.3205196 0.1399205 0.1272227 0.2342274 0.2422628 0.0034962 0.2107217 0.2368241 0.2865077 0.2169529 0.3450904 0.2410590 0.2346343 0.2351623 0.2976060 0.2125851 0.2687285 0.3484404 0.2285786 0.2125400 0.2198500 0.2855188 0.2398866 0.2171884 0.2371770 0.2507260 0.0809844 0.2346409 0.1569360 0.1596959 0.2154875 0.0810669 0.1391428 0.1413904 0.2389588 0.1029759 0.2340356 0.3095635 0.2591582 0.2801174 0.2317604 0.0857403 0.2162946 0.1765623 0.2408305 0.0884056 0.2176434 0.2124853 0.0865812 0.2861154 0.2551285 0.2262768 0.2320147 0.0894967 0.2125400 0.3090799 0.1039013 0.2377970 
Pericome_caudata_50_silver                 0.2367133 0.1040362 0.1972851 0.3554517 0.2601772 0.1141489 0.2671901 0.1316317 0.4348316 0.2249980 0.0000000 0.1041904 0.2753983 0.1064982 0.0695947 0.2445268 0.2693788 0.4640434 0.1084143 0.0976054 0.0948291 0.1913215 0.1052328 0.1052423 0.1926711 0.1175931 0.1236372 0.2610839 0.1253347 0.1269595 0.1005675 0.1128986 0.2566444 0.1065382 0.1173695 0.1778441 0.0943035 0.2688928 0.1108737 0.1063853 0.1086495 0.1794205 0.1898894 0.1654270 0.2706694 0.2154340 0.1840532 0.1923911 0.1725050 0.1100385 0.1072104 0.1087591 0.1194987 0.0726639 0.0960107 0.1216348 0.0924131 0.1880118 0.0821469 0.1097394 0.0880443 0.1061686 0.0837690 0.1112382 0.2339774 0.1201454 0.2314990 0.0869542 0.0642721 0.1052544 0.1014923 0.2272051 0.0689515 0.1694881 0.1090595 0.0746955 0.2555245 0.1145002 0.1055532 0.1087399 0.0628464 0.1872531 0.2010639 0.0781705 0.1038298 
Perityle_aglossa_84_dead_horse             0.2455977 0.1188985 0.2053483 0.3568824 0.2744630 0.1439738 0.2778694 0.1264744 0.4407147 0.2236364 0.1041904 0.0000000 0.2268669 0.1032274 0.0115198 0.2576238 0.2248240 0.4675952 0.1192537 0.0354453 0.0217913 0.1128958 0.1021094 0.0303662 0.1187515 0.0942414 0.1148494 0.2777243 0.1311272 0.1175359 0.0911206 0.0936534 0.2595726 0.0310101 0.1038555 0.1564469 0.0318173 0.2678640 0.1027068 0.1043617 0.1031779 0.1528130 0.1116522 0.1406040 0.2739291 0.1498675 0.1073065 0.1139407 0.1501474 0.1056564 0.0498610 0.1055902 0.0947554 0.0111352 0.1064900 0.1057138 0.0816701 0.1093576 0.0115147 0.1146807 0.1052126 0.1154362 0.1014061 0.0197966 0.2465258 0.0987984 0.2550063 0.1055686 0.0182201 0.0453487 0.1046150 0.2281699 0.0073625 0.0908359 0.0341201 0.0105872 0.2762915 0.1311997 0.0422734 0.0353708 0.0756749 0.1092969 0.1974331 0.0728961 0.0863504 
Perityle_ajoensis_204                      0.3469879 0.1376455 0.2526620 0.3670501 0.3097976 0.1365539 0.2880924 0.1233565 0.4835948 0.3342674 0.2753983 0.2268669 0.0000000 0.2959970 0.1715502 0.3195228 0.2503502 0.5468985 0.2668025 0.1929785 0.2279010 0.2328716 0.3210862 0.1977808 0.2346030 0.3238003 0.3318363 0.3185807 0.1496348 0.1136350 0.2734306 0.2903852 0.3633269 0.2244139 0.3582203 0.2918210 0.2314448 0.3153835 0.3013807 0.3229303 0.3178972 0.2927229 0.2325479 0.2468695 0.3206670 0.2189547 0.2304748 0.2371852 0.2941238 0.3193255 0.2272309 0.3266840 0.3226704 0.0820710 0.2397434 0.2794793 0.2933740 0.2221418 0.0869190 0.2642877 0.1177784 0.3012581 0.1035972 0.2365350 0.2906039 0.3275750 0.2959332 0.2751247 0.0507780 0.2341866 0.2655431 0.2821010 0.0148107 0.2127580 0.1891728 0.0241312 0.3183090 0.2972958 0.2554043 0.2374641 0.0804145 0.2309444 0.3962622 0.0751130 0.3245045 
Perityle_ambrosiifolia_67_green            0.2087031 0.1022236 0.1978521 0.3301986 0.2731784 0.1251460 0.2612889 0.1344118 0.4164351 0.2259994 0.1064982 0.1032274 0.2959970 0.0000000 0.0963763 0.1579049 0.2647942 0.4474906 0.1136187 0.0952514 0.0948233 0.1769773 0.0041538 0.0987284 0.1837466 0.0481697 0.0387135 0.2136896 0.1242074 0.1309457 0.1205019 0.1104613 0.2259994 0.1033968 0.0252946 0.1802405 0.0964463 0.2475083 0.0272438 0.0062392 0.0117105 0.1836121 0.1795403 0.1735629 0.2504672 0.2180915 0.1767850 0.1835575 0.1747584 0.0160629 0.1082717 0.0114873 0.0484451 0.0995793 0.0465780 0.0443636 0.0294305 0.1784199 0.1120227 0.0848614 0.0836589 0.0634844 0.0199628 0.1130284 0.2071465 0.0493421 0.2251341 0.1198659 0.0971857 0.1020668 0.0054953 0.2157720 0.0895595 0.1877554 0.1045135 0.0955966 0.2267659 0.0857834 0.1019467 0.1077886 0.0243511 0.1767850 0.2084972 0.0929567 0.1252737 
Perityle_angustifolia_13_Eagle_creek       0.1320538 0.1112418 0.2243361 0.2584439 0.2373578 0.1404772 0.3480527 0.1325660 0.3145774 0.1250214 0.0695947 0.0115198 0.1715502 0.0963763 0.0000000 0.1624224 0.1392613 0.2902401 0.1151245 0.0272707 0.0095622 0.0234680 0.0963346 0.0292078 0.0294399 0.0986359 0.1098548 0.2044651 0.1386436 0.1170024 0.0572262 0.0612739 0.1250214 0.0173787 0.1031093 0.1214469 0.0212239 0.2478640 0.0968197 0.0985645 0.0964724 0.1315784 0.0194600 0.1214026 0.2505998 0.0475689 0.0194600 0.0233814 0.1188052 0.0987236 0.0193124 0.0986868 0.0995817 0.0105794 0.0771711 0.1063467 0.0885825 0.0214673 0.0084376 0.0849629 0.1046037 0.0853655 0.0852442 0.0232931 0.2064332 0.1009284 0.2070113 0.0720164 0.0181511 0.0192293 0.0988403 0.2084702 0.0110813 0.0214167 0.0273084 0.0107511 0.2106223 0.0906217 0.0311678 0.0352779 0.0713396 0.0194600 0.1584735 0.0865562 0.0614180 
Perityle_batopilensis_97                   0.2867022 0.1068771 0.2182832 0.3565304 0.2888413 0.1370107 0.2635595 0.1407363 0.4508450 0.2818181 0.2445268 0.2576238 0.3195228 0.1579049 0.1624224 0.0000000 0.3485812 0.5160528 0.2085406 0.2462984 0.2539843 0.2814169 0.1815538 0.2396427 0.2941565 0.1937773 0.2001254 0.2566444 0.1346545 0.1355289 0.2595540 0.2721469 0.3189943 0.2578627 0.2317933 0.2839809 0.2550401 0.2760937 0.1700205 0.1816442 0.1808037 0.2882059 0.2890324 0.2501139 0.2765194 0.2800160 0.2834793 0.2934903 0.2826001 0.1931040 0.2598048 0.1898388 0.1922083 0.1162254 0.1640975 0.1433159 0.1648580 0.2731476 0.1237911 0.1700432 0.0919929 0.1974359 0.0322365 0.2661824 0.2285988 0.1952876 0.2576271 0.2503683 0.1006810 0.2633697 0.1302071 0.2317433 0.0940509 0.2447942 0.2379912 0.1046660 0.2705175 0.2243744 0.2940371 0.2621617 0.0284485 0.2857409 0.3410241 0.1006414 0.3173127 
Perityle_bisetosa_9                        0.3407678 0.1277741 0.2473871 0.3819757 0.3158051 0.1403821 0.2777193 0.1260829 0.5513190 0.3144830 0.2693788 0.2248240 0.2503502 0.2647942 0.1392613 0.3485812 0.0000000 0.5933427 0.2314205 0.1856386 0.2213502 0.2345143 0.2955196 0.1958731 0.2360251 0.2967114 0.2961762 0.3342985 0.1428338 0.1170354 0.2664051 0.2961813 0.3598055 0.2234398 0.3412980 0.2827173 0.2355911 0.3283931 0.2799567 0.2985105 0.2873286 0.2768109 0.2329703 0.2288336 0.3336116 0.1916674 0.2267091 0.2370382 0.2731327 0.2969713 0.2013590 0.3031963 0.2940167 0.0729256 0.2587986 0.2479959 0.2561523 0.2223359 0.0853615 0.2388098 0.1221666 0.2948669 0.1083989 0.2391172 0.2961048 0.3015239 0.3029820 0.2626829 0.0260355 0.1982718 0.2332871 0.2577201 0.0185567 0.1842190 0.1882845 0.0268582 0.3334079 0.2871532 0.2438612 0.2169719 0.0848801 0.2300357 0.3732788 0.0751498 0.3231304 
Perityle_californica_76_positas            0.4656982 0.3712660 0.4300878 0.5845784 0.4689402 0.3525420 0.5921834 0.3482686 0.5944222 0.4391102 0.4640434 0.4675952 0.5468985 0.4474906 0.2902401 0.5160528 0.5933427 0.0000000 0.4249361 0.4101734 0.4422427 0.4972914 0.4777403 0.4266738 0.4935277 0.4811335 0.4933631 0.5791967 0.3571156 0.2071317 0.4492636 0.4426059 0.4688436 0.4470586 0.4771839 0.4743282 0.4542884 0.5997450 0.4553191 0.4779553 0.4814549 0.4725845 0.4924165 0.4177276 0.6040530 0.4835013 0.4872248 0.4929225 0.4676801 0.4850248 0.4368925 0.4899833 0.4845498 0.3270459 0.4864047 0.3797621 0.3953402 0.4691183 0.3370225 0.3524407 0.2052152 0.4298854 0.3266367 0.4749753 0.5350995 0.4831670 0.5489244 0.4513107 0.2120573 0.4405403 0.4142226 0.5009219 0.1418965 0.4680322 0.4110018 0.2918246 0.5751370 0.4744572 0.4465817 0.4515477 0.1907494 0.4924738 0.3473201 0.2762182 0.4440593 
Perityle_canescens_77                      0.1876253 0.1191747 0.1992506 0.2940446 0.2723220 0.1402452 0.2828666 0.1443617 0.3973965 0.1916308 0.1084143 0.1192537 0.2668025 0.1136187 0.1151245 0.2085406 0.2314205 0.4249361 0.0000000 0.1217133 0.1151425 0.1697875 0.1136410 0.1266871 0.1712629 0.1202473 0.1311865 0.2265498 0.1537041 0.1625479 0.1144821 0.1150509 0.1916308 0.1246098 0.1135314 0.1883438 0.1263809 0.2499222 0.1106247 0.1124043 0.1135537 0.1778327 0.1682408 0.1822393 0.2567703 0.1865612 0.1653738 0.1724306 0.1774910 0.1149347 0.1235113 0.1177356 0.1208467 0.1051139 0.1003379 0.1237326 0.0923592 0.1656115 0.1113272 0.1309743 0.1267388 0.1047698 0.0987649 0.1287883 0.2289435 0.1255720 0.2333496 0.1200656 0.1197374 0.1191967 0.1124375 0.2393076 0.1062805 0.1732046 0.1249063 0.1167278 0.2355436 0.1303824 0.1297386 0.1310301 0.0893860 0.1653738 0.2231870 0.1081937 0.1198762 
Perityle_castillonii_96                    0.2126500 0.1255352 0.2100652 0.3322032 0.2701523 0.1444668 0.2886803 0.1315881 0.4338187 0.2101930 0.0976054 0.0354453 0.1929785 0.0952514 0.0272707 0.2462984 0.1856386 0.4101734 0.1217133 0.0000000 0.0270054 0.1012137 0.0952704 0.0222583 0.1067408 0.1035414 0.1099548 0.2591089 0.1369887 0.1239106 0.0911486 0.0845905 0.2101930 0.0342346 0.1032223 0.1504243 0.0378749 0.2819063 0.0956739 0.0979063 0.0998380 0.1445699 0.0997660 0.1373019 0.2870786 0.1207538 0.0983928 0.1038378 0.1428665 0.0940827 0.0162891 0.0979796 0.1042143 0.0266350 0.1042576 0.1117742 0.0854719 0.1012531 0.0267006 0.1203404 0.1222851 0.1157181 0.1129227 0.0477417 0.2550601 0.1049982 0.2370296 0.0947432 0.0129228 0.0127747 0.1014082 0.2365485 0.0223103 0.1148946 0.0259572 0.0323515 0.2391129 0.1227081 0.0260939 0.0307289 0.0895569 0.0983928 0.1948483 0.0801099 0.0851816 
Perityle_cernua_84                         0.2340917 0.1143379 0.2002037 0.3583838 0.2688090 0.1364195 0.2733612 0.1234525 0.4297676 0.2095664 0.0948291 0.0217913 0.2279010 0.0948233 0.0095622 0.2539843 0.2213502 0.4422427 0.1151425 0.0270054 0.0000000 0.1081725 0.0918217 0.0226441 0.1128580 0.0808231 0.1053817 0.2712333 0.1269631 0.1137462 0.0853078 0.0905249 0.2431642 0.0188231 0.0924950 0.1455965 0.0157263 0.2612878 0.0926901 0.0940397 0.0915301 0.1420027 0.1069400 0.1319959 0.2672865 0.1460124 0.1026584 0.1092156 0.1393842 0.0950888 0.0372839 0.0952398 0.0812597 0.0083225 0.1021580 0.1015309 0.0761574 0.1037543 0.0076593 0.1077223 0.1003171 0.1068030 0.0945111 0.0339924 0.2405081 0.0852815 0.2424689 0.1007211 0.0155485 0.0339505 0.1006642 0.2229418 0.0148203 0.0873508 0.0254133 0.0132804 0.2605591 0.1214710 0.0326144 0.0291839 0.0669619 0.1046012 0.1880606 0.0678811 0.0859614 
Perityle_cfvillosa_25_tin                  0.2679418 0.1191029 0.2143882 0.3715391 0.2773913 0.1438804 0.2763841 0.1266249 0.4454028 0.2149614 0.1913215 0.1128958 0.2328716 0.1769773 0.0234680 0.2814169 0.2345143 0.4972914 0.1697875 0.1012137 0.1081725 0.0000000 0.2040442 0.0974995 0.0121498 0.1868526 0.2052687 0.2848108 0.1332063 0.1209587 0.1754031 0.1974082 0.2783318 0.1121156 0.2225157 0.2203687 0.1209416 0.2942935 0.1792146 0.2028500 0.2035531 0.2234958 0.0070604 0.1786811 0.2976513 0.1454405 0.0040402 0.0100998 0.2162969 0.2037670 0.1366896 0.2066913 0.1841456 0.0097444 0.2151722 0.1434200 0.1410216 0.0468017 0.0038223 0.1380150 0.1051356 0.1930392 0.0991981 0.1260913 0.2385807 0.1921849 0.2644440 0.1904751 0.0235454 0.1330061 0.1612242 0.2410022 0.0000010 0.0786881 0.0941748 0.0026366 0.2882657 0.2148295 0.1443845 0.1234438 0.0756181 0.0040255 0.2926375 0.0729592 0.2159283 
Perityle_coahuilensis_24                   0.2392909 0.1021792 0.2009634 0.3696224 0.2732503 0.1288209 0.2632717 0.1371022 0.4322092 0.2346039 0.1052328 0.1021094 0.3210862 0.0041538 0.0963346 0.1815538 0.2955196 0.4777403 0.1136410 0.0952704 0.0918217 0.2040442 0.0000000 0.0981009 0.2120509 0.0476845 0.0366433 0.2404324 0.1280151 0.1309457 0.1211109 0.1204292 0.2677358 0.1034041 0.0274233 0.1835593 0.0944584 0.2604298 0.0322530 0.0059161 0.0121071 0.1868011 0.2065377 0.1721283 0.2633150 0.2278492 0.2019632 0.2090937 0.1784614 0.0172645 0.1051583 0.0118897 0.0479428 0.0979973 0.0499388 0.0461865 0.0310952 0.2083804 0.1105387 0.0832285 0.0836589 0.0644466 0.0219781 0.1113925 0.2071956 0.0487946 0.2407894 0.1179823 0.0942372 0.1009974 0.0010965 0.2188493 0.0895595 0.1877933 0.1045325 0.0985303 0.2602299 0.0904104 0.1045604 0.1054068 0.0243511 0.2038303 0.2079663 0.0954406 0.1256876 
Perityle_cochisensis_44_cave_creek         0.2185187 0.1231993 0.2108159 0.3333711 0.2693781 0.1402420 0.2848500 0.1317732 0.4305427 0.2267849 0.1052423 0.0303662 0.1977808 0.0987284 0.0292078 0.2396427 0.1958731 0.4266738 0.1266871 0.0222583 0.0226441 0.0974995 0.0981009 0.0000000 0.1012749 0.0971227 0.1117276 0.2525033 0.1389669 0.1241289 0.0885315 0.0848897 0.2267849 0.0293025 0.1003172 0.1444057 0.0335052 0.2730080 0.0946941 0.1005356 0.0999602 0.1404318 0.0961775 0.1354730 0.2791756 0.1390162 0.0936586 0.0986322 0.1360539 0.0983916 0.0303803 0.1006051 0.0977009 0.0238726 0.1072428 0.1136041 0.0871562 0.0963148 0.0243700 0.1182286 0.1313544 0.1170897 0.1106576 0.0393644 0.2440914 0.1008678 0.2410668 0.1090694 0.0155461 0.0281436 0.1050776 0.2289034 0.0261668 0.1087810 0.0119663 0.0323982 0.2429807 0.1290754 0.0283019 0.0329167 0.0941455 0.0936586 0.1959339 0.0802128 0.0889665 
Perityle_congesta_202                      0.2702033 0.1237096 0.2178072 0.3773502 0.2871203 0.1520687 0.2830994 0.1297492 0.4541107 0.2201912 0.1926711 0.1187515 0.2346030 0.1837466 0.0294399 0.2941565 0.2360251 0.4935277 0.1712629 0.1067408 0.1128580 0.0121498 0.2120509 0.1012749 0.0000000 0.1949330 0.2133781 0.2850645 0.1392014 0.1282157 0.1779811 0.2008962 0.2815175 0.1168440 0.2296101 0.2235000 0.1273176 0.2989020 0.1878547 0.2108488 0.2117260 0.2266446 0.0111150 0.1835089 0.3041548 0.1492751 0.0070775 0.0141665 0.2194120 0.2119501 0.1416020 0.2147252 0.1935273 0.0167858 0.2204255 0.1540564 0.1491335 0.0489210 0.0089488 0.1415568 0.1142237 0.1964399 0.1038959 0.1320577 0.2387367 0.2016260 0.2659215 0.1918408 0.0342841 0.1378522 0.1681272 0.2461015 0.0074009 0.0834846 0.0978570 0.0106270 0.2897519 0.2175612 0.1487957 0.1294308 0.0847869 0.0080654 0.2973549 0.0780620 0.2239307 
Perityle_cordifolia_27                     0.2578027 0.1111476 0.2101688 0.3792576 0.2753210 0.1326682 0.2636593 0.1429859 0.4364852 0.2561573 0.1175931 0.0942414 0.3238003 0.0481697 0.0986359 0.1937773 0.2967114 0.4811335 0.1202473 0.1035414 0.0808231 0.1868526 0.0476845 0.0971227 0.1949330 0.0000000 0.0675383 0.2578145 0.1323955 0.1346769 0.1257549 0.1355572 0.2911049 0.0933225 0.0519874 0.1879595 0.0946636 0.2674032 0.0426461 0.0497807 0.0486775 0.1871399 0.1895488 0.1736710 0.2706705 0.2291911 0.1850172 0.1907877 0.1815216 0.0574355 0.1085650 0.0540594 0.0099405 0.0982121 0.0664193 0.0593186 0.0379227 0.1847844 0.0927442 0.0852508 0.0922056 0.0741069 0.0139217 0.1045191 0.2234568 0.0138879 0.2514870 0.1271743 0.0969626 0.1043606 0.0487149 0.2288739 0.0853795 0.1701522 0.0997991 0.0984205 0.2711081 0.1166553 0.1114273 0.0963416 0.0243491 0.1869026 0.2180825 0.1059106 0.1410754 
Perityle_cordifolia_68_tecolote            0.2571088 0.1224926 0.2158583 0.3643883 0.2902201 0.1400829 0.2585715 0.1542566 0.4240715 0.2471622 0.1236372 0.1148494 0.3318363 0.0387135 0.1098548 0.2001254 0.2961762 0.4933631 0.1311865 0.1099548 0.1053817 0.2052687 0.0366433 0.1117276 0.2133781 0.0675383 0.0000000 0.2418898 0.1442134 0.1450395 0.1377667 0.1386994 0.2802721 0.1173623 0.0485845 0.1942680 0.1052331 0.2639702 0.0477087 0.0387313 0.0394946 0.1976908 0.2077933 0.1818854 0.2672474 0.2306927 0.2031644 0.2103812 0.1891243 0.0439026 0.1180353 0.0366600 0.0668224 0.1095251 0.0628046 0.0051781 0.0480615 0.2096627 0.1230156 0.1106596 0.0839272 0.0858568 0.0447941 0.1244243 0.2097037 0.0687157 0.2567131 0.1393531 0.1121342 0.1148410 0.0418435 0.2336446 0.1023025 0.1904328 0.1181814 0.1048180 0.2793911 0.1072870 0.1205720 0.1183416 0.0325973 0.2050511 0.2303154 0.1139793 0.1463010 
Perityle_coronopifolia_28_patagonia        0.3244926 0.1266917 0.1341913 0.3504701 0.1883586 0.1180219 0.2536578 0.1316906 0.4407165 0.3205196 0.2610839 0.2777243 0.3185807 0.2136896 0.2044651 0.2566444 0.3342985 0.5791967 0.2265498 0.2591089 0.2712333 0.2848108 0.2404324 0.2525033 0.2850645 0.2578145 0.2418898 0.0000000 0.0926977 0.0927228 0.2687075 0.3039296 0.3590179 0.2740175 0.3071544 0.2921792 0.2770475 0.2236826 0.2368710 0.2377586 0.2378502 0.2957100 0.2817593 0.2574839 0.2268354 0.2657199 0.2780303 0.2890060 0.2887950 0.2560444 0.2820420 0.2435045 0.2551776 0.1409973 0.2012587 0.2257007 0.2458871 0.2725806 0.1507018 0.2137757 0.1098560 0.2573470 0.0844280 0.2827202 0.0220066 0.2606768 0.1720075 0.2741802 0.1201746 0.2794287 0.1932359 0.0974804 0.1027341 0.2691749 0.2423654 0.1084024 0.1898075 0.2446109 0.3128839 0.2843750 0.0716442 0.2800451 0.3638634 0.0835075 0.3399695 
Perityle_crassifolia_70_ventanas           0.1790118 0.1321323 0.1156058 0.2056482 0.1494994 0.1332789 0.2458837 0.1164069 0.3025102 0.1399205 0.1253347 0.1311272 0.1496348 0.1242074 0.1386436 0.1346545 0.1428338 0.3571156 0.1537041 0.1369887 0.1269631 0.1332063 0.1280151 0.1389669 0.1392014 0.1323955 0.1442134 0.0926977 0.0000000 0.0000010 0.1430742 0.1369043 0.1429791 0.1288083 0.1387569 0.1310689 0.1231172 0.1537208 0.1286418 0.1281187 0.1281935 0.1292636 0.1310886 0.1225103 0.1532244 0.1291932 0.1310886 0.1389038 0.1290976 0.1280080 0.1366828 0.1339865 0.1268996 0.1248774 0.1020558 0.1535763 0.1295105 0.1313551 0.1310886 0.1648782 0.1276010 0.1412817 0.1096458 0.1374582 0.0871107 0.1341857 0.1273770 0.1292751 0.1348231 0.1348608 0.1282227 0.0264970 0.1077632 0.1349461 0.1407744 0.1025831 0.1234989 0.1451001 0.1419586 0.1394589 0.0762822 0.1310886 0.1572295 0.0884966 0.1447808 
Perityle_crassifolia_74_playa_balandra     0.1586926 0.1397336 0.1354806 0.1792917 0.1288284 0.1464668 0.2980861 0.1443965 0.1866425 0.1272227 0.1269595 0.1175359 0.1136350 0.1309457 0.1170024 0.1355289 0.1170354 0.2071317 0.1625479 0.1239106 0.1137462 0.1209587 0.1309457 0.1241289 0.1282157 0.1346769 0.1450395 0.0927228 0.0000010 0.0000000 0.1238464 0.1170456 0.1311276 0.1101122 0.1306667 0.1153923 0.1101122 0.1827798 0.1279393 0.1309457 0.1346946 0.1227868 0.1209587 0.1150096 0.1782863 0.1137769 0.1209587 0.1314550 0.1149865 0.1380998 0.1169628 0.1344970 0.1282205 0.1100428 0.1196049 0.1414370 0.1163486 0.1213944 0.1209587 0.1526095 0.1276010 0.1380027 0.1279508 0.1249175 0.0928480 0.1346746 0.1678117 0.1206952 0.1140112 0.1169628 0.1313222 0.0235268 0.1077632 0.1242460 0.1309488 0.1181636 0.1606408 0.1344375 0.1277469 0.1317224 0.0762822 0.1209587 0.1491691 0.1101449 0.1236752 
Perityle_cuneata_34_cuneata_San_antonio    0.2525560 0.1099711 0.2022316 0.3718982 0.2653098 0.1512609 0.2781064 0.1369491 0.4306447 0.2342274 0.1005675 0.0911206 0.2734306 0.1205019 0.0572262 0.2595540 0.2664051 0.4492636 0.1144821 0.0911486 0.0853078 0.1754031 0.1211109 0.0885315 0.1779811 0.1257549 0.1377667 0.2687075 0.1430742 0.1238464 0.0000000 0.0618984 0.2679275 0.0935143 0.1303553 0.1753477 0.0981481 0.2787558 0.1197046 0.1211098 0.1167013 0.1701255 0.1740037 0.1555310 0.2806304 0.2029817 0.1681301 0.1750659 0.1607635 0.1252164 0.1041057 0.1258317 0.1264577 0.0666207 0.1069071 0.1234157 0.0960332 0.1707775 0.0709542 0.1113629 0.1177561 0.1134408 0.1107252 0.1001432 0.2385688 0.1270513 0.2583573 0.1074918 0.0476328 0.0999545 0.1150419 0.2356407 0.0569621 0.1595558 0.0888067 0.0659707 0.2763471 0.1174417 0.1061358 0.1022552 0.0802652 0.1714139 0.2122346 0.1083531 0.0880118 
Perityle_cuneata_4                         0.2330735 0.1137499 0.2392584 0.3688955 0.2762549 0.1509816 0.3213534 0.1364532 0.3779391 0.2422628 0.1128986 0.0936534 0.2903852 0.1104613 0.0612739 0.2721469 0.2961813 0.4426059 0.1150509 0.0845905 0.0905249 0.1974082 0.1204292 0.0848897 0.2008962 0.1355572 0.1386994 0.3039296 0.1369043 0.1170456 0.0618984 0.0000000 0.2575342 0.0981405 0.1282525 0.2102114 0.1035783 0.3299907 0.1196789 0.1233917 0.1197964 0.2069513 0.1938182 0.1772898 0.3343486 0.2200930 0.1925205 0.1953445 0.1988195 0.1251909 0.0941758 0.1204377 0.1361284 0.0639417 0.1113280 0.1292995 0.0958220 0.1909441 0.0639736 0.1076093 0.1218816 0.1105176 0.0986681 0.1025321 0.2823056 0.1342277 0.3095939 0.1115823 0.0476644 0.0919574 0.1108352 0.2685212 0.0531438 0.1784402 0.0866574 0.0630592 0.3213155 0.1189997 0.1022963 0.1028500 0.0845408 0.1938369 0.2360385 0.1028895 0.1005245 
Perityle_discoidea_81                      0.1050058 0.0966424 0.2328292 0.3945853 0.2810710 0.1209549 0.3057100 0.1231480 0.3772201 0.0034962 0.2566444 0.2595726 0.3633269 0.2259994 0.1250214 0.3189943 0.3598055 0.4688436 0.1916308 0.2101930 0.2431642 0.2783318 0.2677358 0.2267849 0.2815175 0.2911049 0.2802721 0.3590179 0.1429791 0.1311276 0.2679275 0.2575342 0.0000000 0.2467889 0.2698752 0.3255190 0.2532126 0.3630293 0.2507814 0.2677682 0.2662574 0.3388603 0.2759356 0.2662937 0.3662952 0.2481913 0.2729287 0.2832642 0.3244354 0.2751292 0.2463641 0.2699219 0.2838963 0.0809844 0.2758758 0.1569360 0.1596959 0.2554292 0.0810669 0.1391428 0.1369686 0.2343359 0.1029759 0.2698776 0.3069295 0.2940952 0.3011422 0.2679978 0.0857403 0.2520259 0.1765623 0.2455827 0.0927173 0.2176434 0.2124853 0.0865812 0.3267824 0.2883805 0.2596578 0.2663299 0.0851403 0.2758807 0.3439651 0.1007941 0.2660564 
Perityle_dissecta_201                      0.2386696 0.1142914 0.2040666 0.3593666 0.2717488 0.1364195 0.2737533 0.1205191 0.4377773 0.2107217 0.1065382 0.0310101 0.2244139 0.1033968 0.0173787 0.2578627 0.2234398 0.4470586 0.1246098 0.0342346 0.0188231 0.1121156 0.1034041 0.0293025 0.1168440 0.0933225 0.1173623 0.2740175 0.1288083 0.1101122 0.0935143 0.0981405 0.2467889 0.0000000 0.1027711 0.1541716 0.0286598 0.2693406 0.1016809 0.1056639 0.1022288 0.1505361 0.1108697 0.1352376 0.2725251 0.1462857 0.1065623 0.1154763 0.1466125 0.1058201 0.0445605 0.1068978 0.0938323 0.0097129 0.1091126 0.1098161 0.0836700 0.1124107 0.0089545 0.1167045 0.1003171 0.1129148 0.0943301 0.0434220 0.2412896 0.0978829 0.2479012 0.1079768 0.0155409 0.0401969 0.1072758 0.2268995 0.0110611 0.0947958 0.0319215 0.0105872 0.2655927 0.1336535 0.0398985 0.0407069 0.0669619 0.1085092 0.2059576 0.0653350 0.0975937 
Perityle_emoryi_47_punta_san_jose          0.2328928 0.1100202 0.2361979 0.3861895 0.2920694 0.1364140 0.3180036 0.1397096 0.3855530 0.2368241 0.1173695 0.1038555 0.3582203 0.0252946 0.1031093 0.2317933 0.3412980 0.4771839 0.1135314 0.1032223 0.0924950 0.2225157 0.0274233 0.1003172 0.2296101 0.0519874 0.0485845 0.3071544 0.1387569 0.1306667 0.1303553 0.1282525 0.2698752 0.1027711 0.0000000 0.2076763 0.1025113 0.3148079 0.0447143 0.0299655 0.0327038 0.2085101 0.2239486 0.1966699 0.3148988 0.2474491 0.2198942 0.2274043 0.2027030 0.0313098 0.1003391 0.0274541 0.0523396 0.1016554 0.0640579 0.0480296 0.0327871 0.2282018 0.1037276 0.0953588 0.0880284 0.0774719 0.0372142 0.1098905 0.2681227 0.0533860 0.2976163 0.1318324 0.1030217 0.1008874 0.0271342 0.2667868 0.0980427 0.2060706 0.1055022 0.1017417 0.3245708 0.1130424 0.1096985 0.1071279 0.0284856 0.2239697 0.2221055 0.1086250 0.1408536 
Perityle_feddemae_99                       0.3148311 0.1384057 0.2002528 0.3296549 0.2803151 0.1116367 0.2474259 0.1244666 0.4381152 0.2865077 0.1778441 0.1564469 0.2918210 0.1802405 0.1214469 0.2839809 0.2827173 0.4743282 0.1883438 0.1504243 0.1455965 0.2203687 0.1835593 0.1444057 0.2235000 0.1879595 0.1942680 0.2921792 0.1310689 0.1153923 0.1753477 0.2102114 0.3255190 0.1541716 0.2076763 0.0000000 0.1558152 0.3046791 0.1805986 0.1849326 0.1846309 0.0303295 0.2203791 0.0265923 0.3096309 0.2250428 0.2136877 0.2216978 0.0270123 0.1913613 0.1501419 0.1867401 0.1810296 0.1003302 0.1720872 0.1582015 0.1631044 0.2152130 0.1068698 0.1748921 0.1313491 0.1975497 0.1345812 0.1700135 0.2643121 0.1868838 0.2599132 0.1875505 0.0917701 0.1487765 0.1687341 0.2365144 0.1145606 0.1919964 0.1466869 0.0928913 0.2832293 0.1898900 0.1730413 0.1584627 0.0715310 0.2174126 0.1604799 0.1160809 0.1893359 
Perityle_fosteri_93                        0.2404453 0.1119836 0.1994991 0.3410919 0.2728308 0.1364195 0.2692374 0.1233286 0.4323021 0.2169529 0.0943035 0.0318173 0.2314448 0.0964463 0.0212239 0.2550401 0.2355911 0.4542884 0.1263809 0.0378749 0.0157263 0.1209416 0.0944584 0.0335052 0.1273176 0.0946636 0.1052331 0.2770475 0.1231172 0.1101122 0.0981481 0.1035783 0.2532126 0.0286598 0.1025113 0.1558152 0.0000000 0.2702856 0.1002969 0.0968249 0.0950594 0.1561109 0.1195969 0.1429502 0.2782245 0.1541172 0.1162715 0.1220535 0.1518203 0.0959021 0.0353622 0.0969652 0.0952129 0.0111148 0.0969816 0.1076132 0.0870092 0.1200316 0.0096760 0.1181236 0.1003171 0.1182959 0.0921482 0.0395333 0.2420360 0.0983061 0.2431782 0.1101287 0.0129127 0.0351091 0.1001010 0.2223114 0.0110611 0.1013810 0.0387226 0.0105872 0.2628407 0.1296976 0.0423033 0.0387802 0.0669619 0.1183317 0.1960754 0.0653350 0.1004579 
Perityle_gamon_221                         0.3303346 0.1735543 0.1897097 0.3834544 0.2612038 0.1486117 0.2983842 0.1633181 0.4799354 0.3450904 0.2688928 0.2678640 0.3153835 0.2475083 0.2478640 0.2760937 0.3283931 0.5997450 0.2499222 0.2819063 0.2612878 0.2942935 0.2604298 0.2730080 0.2989020 0.2674032 0.2639702 0.2236826 0.1537208 0.1827798 0.2787558 0.3299907 0.3630293 0.2693406 0.3148079 0.3046791 0.2702856 0.0000000 0.2748720 0.2604455 0.2620431 0.2934650 0.2958567 0.2824336 0.0135571 0.2918369 0.2926607 0.2988246 0.3011295 0.2764550 0.2803843 0.2649723 0.2615412 0.1476908 0.2138339 0.2541875 0.2874626 0.2785028 0.1471879 0.2495276 0.0388381 0.2731321 0.1160795 0.2729454 0.2086848 0.2690309 0.2253428 0.2730364 0.1614567 0.2748574 0.2423493 0.2241049 0.1203709 0.2609462 0.2645844 0.1301063 0.2303830 0.2609112 0.3117162 0.2799605 0.0674009 0.2926607 0.3998248 0.1171177 0.3526855 
Perityle_gentryi_8_san_francisco           0.2213577 0.1023805 0.2021099 0.3625153 0.2706410 0.1252804 0.2589931 0.1346168 0.4279899 0.2410590 0.1108737 0.1027068 0.3013807 0.0272438 0.0968197 0.1700205 0.2799567 0.4553191 0.1106247 0.0956739 0.0926901 0.1792146 0.0322530 0.0946941 0.1878547 0.0426461 0.0477087 0.2368710 0.1286418 0.1279393 0.1197046 0.1196789 0.2507814 0.1016809 0.0447143 0.1805986 0.1002969 0.2748720 0.0000000 0.0322628 0.0358681 0.1856310 0.1819237 0.1648741 0.2780978 0.2270776 0.1804718 0.1846896 0.1734408 0.0380868 0.1022688 0.0345916 0.0429019 0.0959156 0.0554249 0.0518639 0.0312131 0.1823740 0.0975856 0.0901673 0.0837520 0.0728150 0.0281876 0.1105269 0.2170943 0.0461410 0.2427057 0.1235077 0.0885176 0.1001554 0.0277135 0.2198778 0.0776113 0.1780652 0.0989739 0.0929884 0.2478822 0.1018290 0.1104750 0.1050518 0.0202453 0.1804718 0.2174340 0.0908122 0.1305666 
Perityle_gilensis_22_Superstition          0.2412114 0.1001328 0.1979136 0.3679013 0.2697626 0.1251460 0.2634820 0.1344118 0.4283858 0.2346343 0.1063853 0.1043617 0.3229303 0.0062392 0.0985645 0.1816442 0.2985105 0.4779553 0.1124043 0.0979063 0.0940397 0.2028500 0.0059161 0.1005356 0.2108488 0.0497807 0.0387313 0.2377586 0.1281187 0.1309457 0.1211098 0.1233917 0.2677682 0.1056639 0.0299655 0.1849326 0.0968249 0.2604455 0.0322628 0.0000000 0.0141438 0.1881837 0.2053419 0.1735770 0.2633307 0.2333232 0.2007681 0.2078961 0.1798275 0.0193226 0.1074356 0.0138895 0.0500506 0.0980634 0.0486882 0.0443834 0.0311222 0.2071798 0.1106080 0.0865257 0.0836589 0.0684759 0.0199628 0.1136762 0.2044644 0.0519293 0.2379323 0.1203103 0.0972511 0.1032470 0.0066020 0.2173929 0.0895595 0.1905124 0.1069412 0.0955966 0.2573861 0.0915374 0.1071971 0.1076899 0.0243511 0.2026375 0.2117436 0.0929567 0.1274046 
Perityle_gilensis_salensis_225             0.2380598 0.1023562 0.1997906 0.3727248 0.2716640 0.1291995 0.2637070 0.1373960 0.4358877 0.2351623 0.1086495 0.1031779 0.3178972 0.0117105 0.0964724 0.1808037 0.2873286 0.4814549 0.1135537 0.0998380 0.0915301 0.2035531 0.0121071 0.0999602 0.2117260 0.0486775 0.0394946 0.2378502 0.1281935 0.1346946 0.1167013 0.1197964 0.2662574 0.1022288 0.0327038 0.1846309 0.0950594 0.2620431 0.0358681 0.0141438 0.0000000 0.1879408 0.2060985 0.1744038 0.2649914 0.2220657 0.2014279 0.2087078 0.1781186 0.0194117 0.1027673 0.0162106 0.0489466 0.0981779 0.0515012 0.0428376 0.0330315 0.2053258 0.1099545 0.0855447 0.0880938 0.0688813 0.0220157 0.1126672 0.2036782 0.0508643 0.2390464 0.1193785 0.0973573 0.0997586 0.0101371 0.2201304 0.0939233 0.1883757 0.1068712 0.0987655 0.2575080 0.0923757 0.1079077 0.1065583 0.0285583 0.2033353 0.2124246 0.0956337 0.1333173 
Perityle_glaucescens_94                    0.3199657 0.1437969 0.1990424 0.3320058 0.2750628 0.1274203 0.2304734 0.1161369 0.4357039 0.2976060 0.1794205 0.1528130 0.2927229 0.1836121 0.1315784 0.2882059 0.2768109 0.4725845 0.1778327 0.1445699 0.1420027 0.2234958 0.1868011 0.1404318 0.2266446 0.1871399 0.1976908 0.2957100 0.1292636 0.1227868 0.1701255 0.2069513 0.3388603 0.1505361 0.2085101 0.0303295 0.1561109 0.2934650 0.1856310 0.1881837 0.1879408 0.0000000 0.2235064 0.0242499 0.3004330 0.2253159 0.2167901 0.2248293 0.0270165 0.1933067 0.1503121 0.1927082 0.1784623 0.1022082 0.1774325 0.1636169 0.1638012 0.2155410 0.1070164 0.1776077 0.1403476 0.2001065 0.1425855 0.1637240 0.2695037 0.1874260 0.2608204 0.1835579 0.0985759 0.1463899 0.1737534 0.2331841 0.1236921 0.1907981 0.1413761 0.1054618 0.2825030 0.1918858 0.1703003 0.1534309 0.0894184 0.2205250 0.1647387 0.1137737 0.1895392 
Perityle_gracilis_11                       0.2638191 0.1189906 0.2143649 0.3743117 0.2776480 0.1438804 0.2783577 0.1266249 0.4401929 0.2125851 0.1898894 0.1116522 0.2325479 0.1795403 0.0194600 0.2890324 0.2329703 0.4924165 0.1682408 0.0997660 0.1069400 0.0070604 0.2065377 0.0961775 0.0111150 0.1895488 0.2077933 0.2817593 0.1310886 0.1209587 0.1740037 0.1938182 0.2759356 0.1108697 0.2239486 0.2203791 0.1195969 0.2958567 0.1819237 0.2053419 0.2060985 0.2235064 0.0000000 0.1804083 0.2992228 0.1440789 0.0030241 0.0090717 0.2163071 0.2063155 0.1353815 0.2091914 0.1881245 0.0097370 0.2169904 0.1451849 0.1428113 0.0456671 0.0038196 0.1341543 0.1051356 0.1895408 0.0991981 0.1248159 0.2355275 0.1961883 0.2613142 0.1890423 0.0208564 0.1317177 0.1638485 0.2376991 0.0000010 0.0774488 0.0928874 0.0026366 0.2851304 0.2133333 0.1413893 0.1221657 0.0756181 0.0030131 0.2900542 0.0729592 0.2138088 
Perityle_harkerae_31                       0.2645707 0.1332770 0.1926156 0.2891013 0.2699548 0.1196307 0.2253402 0.1130602 0.4163631 0.2687285 0.1654270 0.1406040 0.2468695 0.1735629 0.1214026 0.2501139 0.2288336 0.4177276 0.1822393 0.1373019 0.1319959 0.1786811 0.1721283 0.1354730 0.1835089 0.1736710 0.1818854 0.2574839 0.1225103 0.1150096 0.1555310 0.1772898 0.2662937 0.1352376 0.1966699 0.0265923 0.1429502 0.2824336 0.1648741 0.1735770 0.1744038 0.0242499 0.1804083 0.0000000 0.2896521 0.1909970 0.1773974 0.1832998 0.0137682 0.1770007 0.1368360 0.1767766 0.1676478 0.0918068 0.1555083 0.1535289 0.1611309 0.1776634 0.0989937 0.1733358 0.1355978 0.1892363 0.1348285 0.1548000 0.2586960 0.1739513 0.2344920 0.1697353 0.0881511 0.1309634 0.1660256 0.2190466 0.1140919 0.1861217 0.1397818 0.0926655 0.2367433 0.1761350 0.1515102 0.1421519 0.0805070 0.1773974 0.1518853 0.1080810 0.1712731 
