83
Amauria_brandeegeana_62                    0.0000000 0.0639652 0.3476703 0.6165923 0.0888718 0.0653016 0.6650421 0.1199963 0.3436799 0.2056163 0.3032635 0.1097431 0.0982947 0.1039308 0.2466728 0.1100470 0.1011396 0.2475372 0.1119768 0.1163936 0.1152698 0.1046254 0.0738711 0.1038263 0.1009737 0.0978673 0.1021818 0.1988437 0.1833405 0.1841498 0.1200575 0.1396118 0.1082141 0.1818162 0.1205914 0.1068640 0.1076050 0.1094907 0.1070199 0.2449651 0.1023356 0.1051492 0.2212969 0.1042162 0.1140083 0.1074785 0.1038237 0.1064433 0.1034004 0.1165609 0.1080885 0.1070342 0.1053621 0.1148431 0.1119892 0.0933654 0.0909042 0.1059049 0.1046713 0.1866983 0.1884440 0.1119998 0.1062915 0.1951024 0.1095975 0.1824790 0.1069460 0.1106018 0.1026104 0.1810824 0.1205637 0.1075671 0.0965896 0.1078560 0.1817813 0.2063184 0.1050720 0.1073705 0.0930823 0.1071773 0.1146752 0.0947151 0.0865462 
Amauria_carterae_99_mesa                   0.0639652 0.0000000 0.0892622 0.4825220 0.0394457 0.0431953 0.4758811 0.0982764 0.2097832 0.0851192 0.1965081 0.0935562 0.0891786 0.0788334 0.0987708 0.0941006 0.0765340 0.0814884 0.0936466 0.0890528 0.0893027 0.0892266 0.0669041 0.0932418 0.0815123 0.0862792 0.0889457 0.0870960 0.0596361 0.0851788 0.1074524 0.0782195 0.0639753 0.0851192 0.0980421 0.0893628 0.0723583 0.0871286 0.0822273 0.0966086 0.0830217 0.0889880 0.0955038 0.0892266 0.0789466 0.0844454 0.0893070 0.0826125 0.0870473 0.0767253 0.0805918 0.0806104 0.0870316 0.0935393 0.0910938 0.0816267 0.0906344 0.0891360 0.0892266 0.0639172 0.0771049 0.0949704 0.0832442 0.0659296 0.0955421 0.0596779 0.1021778 0.0893016 0.0910761 0.0851788 0.0978913 0.0805450 0.0766094 0.0970616 0.0517100 0.0621337 0.0847498 0.0854879 0.0639042 0.0914852 0.1130540 0.0794061 0.0767802 
Amauria_rotundifolia_SRR9119150            0.3476703 0.0892622 0.0000000 0.6926153 0.3475116 0.0885623 0.7454309 0.1947624 0.3800890 0.3691269 0.3100012 0.3987762 0.2988800 0.3481475 0.4000074 0.3962401 0.3884095 0.3935391 0.2156953 0.3727911 0.4000159 0.3897363 0.0920102 0.3923160 0.4148113 0.1660164 0.3887998 0.4444792 0.4055876 0.3687142 0.1868557 0.2467447 0.3730268 0.3229805 0.3997016 0.2645490 0.2125868 0.3821240 0.3820899 0.3535644 0.3840630 0.3931173 0.3177096 0.3737886 0.3751645 0.3886713 0.3316433 0.3795962 0.3836678 0.3845657 0.3665247 0.3861487 0.3800020 0.3906113 0.3305200 0.1772216 0.2273584 0.3935282 0.3916045 0.4162524 0.4058716 0.1317718 0.3893941 0.4102779 0.2408906 0.3776420 0.2451128 0.3888582 0.3904372 0.3854280 0.4027974 0.3214879 0.3681036 0.3008959 0.3777238 0.4048758 0.3884411 0.3867803 0.1642951 0.3922586 0.5995232 0.1666896 0.3523163 
Conoclinium_coelestinum_SRR9119114         0.6165923 0.4825220 0.6926153 0.0000000 0.6305325 0.3862604 0.3838607 0.4557439 0.6086766 0.5493431 0.6920904 0.6200633 0.6045589 0.5874595 0.6483321 0.6266557 0.6147049 0.7124420 0.5845628 0.6068839 0.6303141 0.6289567 0.3132502 0.6262989 0.5205610 0.3945274 0.6093322 0.6437473 0.7004565 0.6223974 0.3087032 0.5568088 0.6255997 0.4952587 0.6465592 0.5624593 0.5486593 0.6061218 0.6255984 0.7243290 0.6119260 0.6246249 0.6415446 0.6241360 0.6296852 0.6384985 0.6016405 0.6070793 0.6225151 0.6334261 0.6097440 0.6174610 0.6247452 0.6120411 0.6183214 0.4337126 0.5256049 0.6197654 0.6258139 0.6944542 0.7189387 0.3844816 0.6156298 0.7153629 0.5602247 0.6912158 0.4229715 0.6258377 0.6262989 0.6223974 0.6316851 0.6022839 0.6094407 0.4405494 0.6782996 0.6942552 0.6239048 0.6239175 0.4381361 0.6293651 0.5705819 0.4319797 0.5098576 
Eutetras_palmeri_63                        0.0888718 0.0394457 0.3475116 0.6305325 0.0000000 0.0543442 0.6660288 0.1066887 0.3289877 0.1988541 0.3339202 0.0978011 0.0909883 0.0867123 0.2398763 0.0946887 0.0885893 0.2515124 0.0711578 0.0919258 0.0966938 0.0907499 0.0776663 0.0894089 0.0897030 0.0804891 0.0915182 0.2029380 0.2034113 0.2020839 0.0911743 0.1159779 0.0949086 0.1697101 0.1021898 0.0877086 0.0671892 0.0907207 0.0756515 0.2253862 0.0850872 0.0918640 0.1873874 0.0866511 0.0684678 0.0779485 0.0870854 0.0898027 0.0870476 0.0718582 0.0858513 0.0896020 0.0893249 0.0968352 0.0924314 0.0694949 0.0670714 0.0907250 0.0895852 0.2053829 0.2045996 0.0874088 0.0857457 0.2130582 0.0846060 0.1948573 0.0904202 0.0877713 0.0871538 0.2072616 0.1000939 0.0907420 0.0828701 0.0917346 0.2181417 0.2096286 0.0933827 0.0879090 0.0530164 0.0908118 0.1033664 0.0684703 0.0616343 
Eutetras_pringlei_149_quer                 0.0653016 0.0431953 0.0885623 0.3862604 0.0543442 0.0000000 0.3843444 0.0971183 0.0978783 0.0850576 0.0590625 0.1251638 0.0812340 0.1055596 0.0849026 0.1100632 0.1094971 0.1030943 0.0621896 0.1166541 0.1056854 0.1170114 0.0849326 0.1204535 0.1234969 0.0901359 0.1126968 0.1147951 0.0985682 0.1021775 0.0846586 0.0659155 0.0984401 0.0665882 0.1441635 0.0695718 0.0584122 0.1091800 0.0823798 0.0819250 0.1091641 0.1127741 0.0584953 0.1170114 0.0872024 0.0823777 0.0813832 0.1131052 0.1170114 0.0872024 0.1017324 0.1092800 0.1053613 0.1172631 0.0849026 0.0777545 0.0696191 0.1170114 0.1209284 0.0948528 0.1115617 0.0902620 0.1129861 0.0985316 0.0772328 0.1176445 0.1022954 0.1093033 0.1166126 0.1021775 0.1166684 0.0775203 0.1054113 0.0833054 0.1150408 0.0911272 0.1091611 0.1166649 0.0576375 0.1210145 0.1264025 0.0566647 0.0883814 
Eutrochium_fistulosum_SRR9119106           0.6650421 0.4758811 0.7454309 0.3838607 0.6660288 0.3843444 0.0000000 0.4569094 0.6698166 0.6074236 0.6944386 0.6728311 0.6524703 0.6503614 0.6401432 0.6747557 0.6498612 0.7603123 0.6175986 0.6647244 0.6834746 0.6886364 0.2953506 0.6676136 0.5623805 0.3843158 0.6619021 0.6861188 0.7398510 0.7079599 0.3101231 0.5876388 0.6833686 0.5365919 0.6928096 0.5772237 0.5862191 0.6726198 0.7022547 0.7339554 0.6613145 0.6750916 0.6655748 0.6766065 0.6895716 0.7131324 0.6603673 0.6662094 0.6832965 0.6972557 0.6489650 0.6588682 0.6686274 0.6715301 0.6434733 0.4240716 0.5285609 0.6875868 0.6882106 0.7475685 0.7625671 0.3904976 0.6577161 0.7579984 0.5722790 0.7127398 0.4208390 0.6705436 0.6642678 0.7079599 0.6739126 0.6461927 0.6575487 0.4435194 0.7261504 0.7603722 0.6681349 0.6699463 0.4215599 0.6959536 0.6471853 0.4488202 0.5612590 
Galeana_pratensis_104_mex                  0.1199963 0.0982764 0.1947624 0.4557439 0.1066887 0.0971183 0.4569094 0.0000000 0.2843000 0.1375500 0.2800857 0.1194189 0.1122654 0.1079866 0.1264263 0.1224946 0.1105085 0.1479308 0.1539515 0.1173685 0.1146769 0.1123398 0.1074276 0.1143847 0.1115263 0.1161613 0.1166852 0.1101190 0.1132523 0.1296722 0.1397555 0.1493472 0.1208672 0.1375500 0.1268953 0.1149979 0.1323325 0.1055624 0.1295166 0.1692685 0.1124410 0.1143827 0.2066941 0.1147146 0.1397468 0.1323188 0.1076499 0.1122314 0.1123398 0.1422506 0.1054301 0.1076703 0.1052831 0.1207512 0.1166582 0.1044292 0.1030799 0.1121702 0.1147146 0.1251840 0.1335191 0.1233867 0.1082518 0.1157921 0.1167334 0.1154541 0.1269178 0.1173972 0.1120424 0.1296722 0.1266521 0.1122314 0.1078605 0.1203997 0.1018020 0.1207069 0.1121600 0.1083306 0.1286323 0.1171996 0.1173278 0.1541842 0.1546619 
Helianthus_annuus_SRR9119062               0.3436799 0.2097832 0.3800890 0.6086766 0.3289877 0.0978783 0.6698166 0.2843000 0.0000000 0.3784672 0.4005298 0.3363594 0.3283151 0.2941562 0.3950553 0.3507941 0.3454846 0.3801113 0.3357844 0.3458694 0.3587381 0.3486878 0.1339304 0.3500760 0.4162554 0.2864844 0.3393275 0.3613970 0.3848601 0.3325813 0.2929888 0.2971035 0.3304902 0.3350528 0.3686504 0.3162090 0.3091842 0.3407051 0.3558719 0.3657888 0.3447965 0.3480134 0.3639488 0.3506270 0.3557781 0.3627952 0.3406762 0.3510912 0.3486370 0.3607839 0.3349815 0.3397048 0.3412655 0.3473597 0.3265810 0.2788531 0.3073023 0.3490866 0.3512203 0.3810627 0.3897611 0.2441467 0.3348025 0.3820155 0.2881695 0.3777436 0.3449594 0.3453114 0.3477067 0.3325813 0.3518979 0.3437829 0.3356147 0.4047357 0.3728818 0.3750354 0.3442067 0.3410402 0.3154815 0.3489404 0.5995721 0.3089129 0.3843271 
Lycapsus_tenuifolius_17                    0.2056163 0.0851192 0.3691269 0.5493431 0.1988541 0.0850576 0.6074236 0.1375500 0.3784672 0.0000000 0.4531459 0.1738974 0.1295727 0.1630195 0.2084316 0.1727908 0.1619783 0.2995392 0.1566119 0.1727540 0.1740507 0.1760822 0.0710491 0.1755382 0.1667269 0.0620955 0.1777554 0.1767404 0.2573350 0.0016218 0.0077644 0.1475720 0.2062327 0.0017773 0.1890592 0.0885644 0.1297813 0.1759873 0.2185333 0.2590872 0.1722486 0.1755458 0.2788987 0.1742436 0.2247823 0.2144921 0.1574084 0.1754919 0.1718576 0.2222057 0.1656890 0.1678098 0.1738105 0.1692042 0.1629123 0.0597061 0.0881574 0.1740342 0.1739664 0.2593385 0.2561892 0.0672412 0.1684867 0.2654348 0.0886193 0.2601804 0.0923930 0.1786154 0.1734602 0.0016218 0.1824715 0.1742167 0.1699014 0.1083979 0.2451815 0.2718594 0.1716315 0.1707069 0.1064755 0.1760978 0.2173971 0.1164238 0.1517952 
Pericome_caudata_50_silver                 0.3032635 0.1965081 0.3100012 0.6920904 0.3339202 0.0590625 0.6944386 0.2800857 0.4005298 0.4531459 0.0000000 0.3530380 0.2670215 0.3051812 0.4314274 0.3448097 0.3379540 0.3783809 0.2510221 0.3429120 0.3561136 0.3379945 0.0777280 0.3398098 0.4817990 0.2814383 0.3350956 0.4268817 0.3645131 0.3644656 0.3053977 0.2102756 0.3440705 0.4095056 0.3464609 0.2211006 0.2319426 0.3374833 0.3568309 0.3222809 0.3357118 0.3354531 0.3006290 0.3241827 0.3426171 0.3547532 0.2853259 0.3448422 0.3308465 0.3491365 0.3327642 0.3392015 0.3665507 0.3505077 0.3148776 0.2672995 0.2654587 0.3378701 0.3396697 0.3834193 0.3704633 0.2248760 0.3373132 0.4083478 0.2019424 0.3654637 0.3314016 0.3508694 0.3381771 0.3552296 0.3526557 0.3246519 0.3665698 0.3718531 0.4249624 0.3851212 0.3411171 0.3368276 0.2575965 0.3446966 0.7007489 0.2709758 0.4523537 
Perityle_aglossa_84_dead_horse             0.1097431 0.0935562 0.3987762 0.6200633 0.0978011 0.1251638 0.6728311 0.1194189 0.3363594 0.1738974 0.3530380 0.0000000 0.0283216 0.0356896 0.1700299 0.0462814 0.0369119 0.2530870 0.1206148 0.0367261 0.0333314 0.0368123 0.0359741 0.0338908 0.0303137 0.0230991 0.0428173 0.1715440 0.2510391 0.1741041 0.0757909 0.1338539 0.0827298 0.1437620 0.0414072 0.0374904 0.1140117 0.0358110 0.1150744 0.1754929 0.0267244 0.0359910 0.2363945 0.0339509 0.1146453 0.1155599 0.0299342 0.0363242 0.0351235 0.1193126 0.0366296 0.0287224 0.0285909 0.0482475 0.0196945 0.0303764 0.0289365 0.0368168 0.0347631 0.2527743 0.2503979 0.0404174 0.0258366 0.2650505 0.0463850 0.2387625 0.0375176 0.0356156 0.0318639 0.1712368 0.0419940 0.0352733 0.0307258 0.0275245 0.2530488 0.2840709 0.0288346 0.0319537 0.1100007 0.0368338 0.0438734 0.1379318 0.1153229 
Perityle_ajoensis_204                      0.0982947 0.0891786 0.2988800 0.6045589 0.0909883 0.0812340 0.6524703 0.1122654 0.3283151 0.1295727 0.2670215 0.0283216 0.0000000 0.0289507 0.1350836 0.0437240 0.0258241 0.2088915 0.1220402 0.0352060 0.0270638 0.0345389 0.0358504 0.0294283 0.0300559 0.0183676 0.0301387 0.0580352 0.1558780 0.1009872 0.0756888 0.1289593 0.0778691 0.1099108 0.0409729 0.0287217 0.1013330 0.0320482 0.1036306 0.1485857 0.0257994 0.0307098 0.2097607 0.0320089 0.1072610 0.1051572 0.0275387 0.0274625 0.0307458 0.1129175 0.0307529 0.0109331 0.0249751 0.0377836 0.0255029 0.0282889 0.0271841 0.0345272 0.0332697 0.1519958 0.1670406 0.0326050 0.0233855 0.1588714 0.0360398 0.1512630 0.0419847 0.0333767 0.0281769 0.1024369 0.0146423 0.0301605 0.0231227 0.0210406 0.1410513 0.1688806 0.0183795 0.0271116 0.1098092 0.0358026 0.0307474 0.1349901 0.1138676 
Perityle_ambrosiifolia_67_green            0.1039308 0.0788334 0.3481475 0.5874595 0.0867123 0.1055596 0.6503614 0.1079866 0.2941562 0.1630195 0.3051812 0.0356896 0.0289507 0.0000000 0.1855588 0.0411638 0.0239476 0.2440928 0.1259164 0.0285674 0.0329464 0.0270767 0.0226169 0.0271740 0.0170731 0.0241404 0.0374762 0.1796798 0.2497322 0.1609390 0.0715022 0.1138821 0.0712946 0.1312797 0.0360233 0.0373122 0.1097282 0.0281346 0.1143409 0.1375351 0.0186606 0.0272170 0.1959526 0.0237329 0.1139782 0.1100852 0.0198370 0.0210788 0.0252203 0.1177192 0.0252409 0.0281166 0.0291540 0.0427204 0.0246944 0.0304605 0.0280182 0.0281213 0.0260118 0.2542680 0.2457613 0.0353147 0.0209189 0.2684732 0.0408245 0.2339944 0.0347800 0.0244957 0.0250563 0.1585154 0.0377380 0.0219303 0.0126799 0.0261717 0.2589984 0.2769861 0.0292890 0.0219572 0.0922686 0.0281492 0.0516791 0.1149388 0.1071088 
Perityle_angustifolia_13_Eagle_creek       0.2466728 0.0987708 0.4000074 0.6483321 0.2398763 0.0849026 0.6401432 0.1264263 0.3950553 0.2084316 0.4314274 0.1700299 0.1350836 0.1855588 0.0000000 0.1897829 0.1813221 0.2986600 0.1636872 0.1762926 0.1753835 0.1896837 0.0357944 0.1819837 0.1950626 0.0300806 0.1897553 0.1775530 0.2663213 0.1903812 0.0866970 0.1404071 0.2222026 0.1845835 0.1926767 0.0638323 0.1311986 0.1862776 0.2458975 0.2655274 0.1774480 0.1787166 0.2954496 0.1852634 0.2666764 0.2482597 0.1681054 0.1840247 0.1849717 0.2664543 0.1813043 0.1663553 0.1770205 0.1728235 0.1581000 0.0365069 0.0654407 0.1896532 0.1877943 0.2803558 0.2937242 0.0402582 0.1758628 0.2818533 0.0541581 0.2835288 0.0557270 0.1847792 0.1801457 0.1903812 0.1884335 0.1830998 0.1760960 0.0845696 0.2760514 0.2883334 0.1698911 0.1778318 0.1146039 0.1918006 0.2898176 0.1373564 0.2010149 
Perityle_batopilensis_97                   0.1100470 0.0941006 0.3962401 0.6266557 0.0946887 0.1100632 0.6747557 0.1224946 0.3507941 0.1727908 0.3448097 0.0462814 0.0437240 0.0411638 0.1897829 0.0000000 0.0421363 0.2586411 0.1190793 0.0432929 0.0469283 0.0430350 0.0295115 0.0411427 0.0365597 0.0376081 0.0449830 0.1731298 0.2444849 0.1757473 0.0733570 0.1411504 0.0839946 0.1464782 0.0519101 0.0388008 0.1138885 0.0461415 0.1187062 0.1447751 0.0359072 0.0422472 0.2311905 0.0403872 0.1158292 0.1168658 0.0379592 0.0467904 0.0413901 0.1205053 0.0442638 0.0399646 0.0407331 0.0503756 0.0448411 0.0305115 0.0308189 0.0420180 0.0419977 0.2489034 0.2464866 0.0251371 0.0382116 0.2647536 0.0449408 0.2338567 0.0446927 0.0440817 0.0390945 0.1712296 0.0544992 0.0506140 0.0410725 0.0386904 0.2557632 0.2800208 0.0421726 0.0392040 0.1156579 0.0430605 0.0610395 0.1360271 0.1142808 
Perityle_bisetosa_9                        0.1011396 0.0765340 0.3884095 0.6147049 0.0885893 0.1094971 0.6498612 0.1105085 0.3454846 0.1619783 0.3379540 0.0369119 0.0258241 0.0239476 0.1813221 0.0421363 0.0000000 0.2432957 0.1172570 0.0303009 0.0343113 0.0297180 0.0096028 0.0247865 0.0216274 0.0231328 0.0396830 0.1637764 0.2381634 0.1588814 0.0730990 0.1228488 0.0826375 0.1374042 0.0341028 0.0295558 0.1015260 0.0287045 0.1102395 0.1612555 0.0217044 0.0268483 0.2165171 0.0214312 0.1123187 0.1084666 0.0164726 0.0321909 0.0218883 0.1169691 0.0228180 0.0317206 0.0318870 0.0440019 0.0231896 0.0242450 0.0255531 0.0317368 0.0287027 0.2425567 0.2412884 0.0276326 0.0238688 0.2576794 0.0337862 0.2233532 0.0286553 0.0231673 0.0227799 0.1580576 0.0450328 0.0303414 0.0174504 0.0297842 0.2454919 0.2717194 0.0318447 0.0248551 0.0956056 0.0297351 0.0609667 0.1187934 0.1120413 
Perityle_californica_76_positas            0.2475372 0.0814884 0.3935391 0.7124420 0.2515124 0.1030943 0.7603123 0.1479308 0.3801113 0.2995392 0.3783809 0.2530870 0.2088915 0.2440928 0.2986600 0.2586411 0.2432957 0.0000000 0.1650560 0.2580869 0.2530760 0.2555317 0.0918189 0.2490105 0.3166689 0.1069342 0.2558273 0.2557187 0.2706653 0.2462868 0.1252341 0.0751966 0.2525719 0.2437169 0.2682814 0.1467595 0.1377151 0.2578173 0.2511342 0.2829743 0.2496923 0.2509228 0.2417590 0.2526792 0.2717543 0.2561173 0.2270389 0.2510830 0.2538937 0.2769666 0.2461588 0.2479187 0.2492700 0.2569492 0.2512443 0.1022893 0.1456089 0.2541722 0.2540719 0.2774182 0.2879885 0.1133198 0.2444256 0.2790894 0.1282488 0.2667627 0.1419318 0.2504347 0.2489657 0.2462868 0.2678326 0.2326520 0.2317591 0.1929141 0.2497700 0.2881186 0.2477775 0.2520631 0.1037397 0.2576146 0.3975798 0.1305734 0.2212304 
Perityle_canescens_77                      0.1119768 0.0936466 0.2156953 0.5845628 0.0711578 0.0621896 0.6175986 0.1539515 0.3357844 0.1566119 0.2510221 0.1206148 0.1220402 0.1259164 0.1636872 0.1190793 0.1172570 0.1650560 0.0000000 0.1241172 0.1256168 0.1221428 0.1036133 0.1183861 0.1283960 0.1272989 0.1237142 0.1167509 0.0796012 0.1457603 0.1383326 0.1363730 0.1245670 0.1568075 0.1341897 0.1118428 0.0387651 0.1204592 0.0840781 0.1974844 0.1222654 0.1184593 0.1196162 0.1186636 0.0374737 0.0858795 0.1189993 0.1192382 0.1169215 0.0390115 0.1101686 0.1184640 0.1202517 0.1281030 0.1184562 0.1095428 0.1042607 0.1186871 0.1186636 0.0853665 0.0972559 0.1146777 0.1158421 0.0817290 0.1158836 0.0983688 0.1301014 0.1224621 0.1166674 0.1457603 0.1325463 0.1192076 0.1187264 0.1318491 0.0838022 0.0756545 0.1219649 0.1224439 0.0997497 0.1187578 0.1449518 0.1019380 0.0880410 
Perityle_castillonii_96                    0.1163936 0.0890528 0.3727911 0.6068839 0.0919258 0.1166541 0.6647244 0.1173685 0.3458694 0.1727540 0.3429120 0.0367261 0.0352060 0.0285674 0.1762926 0.0432929 0.0303009 0.2580869 0.1241172 0.0000000 0.0377297 0.0323343 0.0226088 0.0238362 0.0279064 0.0325756 0.0418010 0.1418490 0.2470447 0.1615542 0.0810848 0.1344239 0.0812036 0.1484037 0.0335381 0.0393970 0.1137117 0.0312822 0.1144935 0.1743090 0.0175832 0.0238838 0.2325303 0.0300924 0.1132684 0.1182256 0.0266517 0.0356546 0.0305226 0.1181459 0.0309122 0.0333900 0.0337299 0.0470737 0.0303747 0.0324915 0.0342114 0.0323251 0.0312630 0.2546901 0.2457971 0.0350800 0.0240621 0.2616652 0.0415435 0.2313290 0.0376074 0.0314714 0.0217400 0.1634754 0.0463366 0.0404227 0.0280946 0.0384279 0.2476658 0.2734895 0.0313606 0.0261540 0.1100953 0.0323540 0.0515206 0.1346469 0.1140778 
Perityle_cernua_84                         0.1152698 0.0893027 0.4000159 0.6303141 0.0966938 0.1056854 0.6834746 0.1146769 0.3587381 0.1740507 0.3561136 0.0333314 0.0270638 0.0329464 0.1753835 0.0469283 0.0343113 0.2530760 0.1256168 0.0377297 0.0000000 0.0342403 0.0226428 0.0353910 0.0274042 0.0207312 0.0434472 0.1601675 0.2537358 0.1729233 0.0756344 0.1391839 0.0839398 0.1414457 0.0440768 0.0381407 0.1169858 0.0373308 0.1205918 0.1782292 0.0281112 0.0375262 0.2374606 0.0310689 0.1187162 0.1206698 0.0292255 0.0295336 0.0314653 0.1234770 0.0344436 0.0280991 0.0297132 0.0478817 0.0219878 0.0303790 0.0306588 0.0362982 0.0332042 0.2580911 0.2542048 0.0351134 0.0303668 0.2670065 0.0457696 0.2345581 0.0352164 0.0355755 0.0333333 0.1742700 0.0394724 0.0303340 0.0307654 0.0253435 0.2533023 0.2734511 0.0282104 0.0293128 0.1074162 0.0342604 0.0419581 0.1268441 0.1082163 
Perityle_cfvillosa_25_tin                  0.1046254 0.0892266 0.3897363 0.6289567 0.0907499 0.1170114 0.6886364 0.1123398 0.3486878 0.1760822 0.3379945 0.0368123 0.0345389 0.0270767 0.1896837 0.0430350 0.0297180 0.2555317 0.1221428 0.0323343 0.0342403 0.0000000 0.0325290 0.0277331 0.0244573 0.0348105 0.0395675 0.1697574 0.2443838 0.1698537 0.0756588 0.1300547 0.0735860 0.1459278 0.0391907 0.0386752 0.1106340 0.0316610 0.1122449 0.1732376 0.0216468 0.0298016 0.2272683 0.0040280 0.1120578 0.1104618 0.0242254 0.0331307 0.0039248 0.1166962 0.0238183 0.0296079 0.0307199 0.0438936 0.0278496 0.0323972 0.0323547 0.0077926 0.0048607 0.2487804 0.2477907 0.0403210 0.0228052 0.2645177 0.0419800 0.2270395 0.0352219 0.0282954 0.0257256 0.1657173 0.0408038 0.0377226 0.0273647 0.0383184 0.2445530 0.2783259 0.0317591 0.0237889 0.1099157 0.0097614 0.0481446 0.1265866 0.1078220 
Perityle_cinerea_113_Powell1310            0.0738711 0.0669041 0.0920102 0.3132502 0.0776663 0.0849326 0.2953506 0.1074276 0.1339304 0.0710491 0.0777280 0.0359741 0.0358504 0.0226169 0.0357944 0.0295115 0.0096028 0.0918189 0.1036133 0.0226088 0.0226428 0.0325290 0.0000000 0.0291727 0.0136208 0.0306121 0.0325310 0.0360883 0.0919137 0.0710491 0.0986698 0.0953380 0.0636617 0.0710491 0.0494877 0.0360784 0.1035270 0.0160760 0.0989684 0.0328688 0.0160946 0.0258699 0.1000999 0.0358809 0.1000999 0.1028818 0.0193478 0.0291942 0.0325290 0.1000999 0.0226748 0.0226298 0.0193331 0.0326665 0.0324636 0.0395429 0.0326570 0.0325290 0.0358809 0.0958348 0.1241058 0.0342262 0.0194124 0.1030170 0.0358690 0.0739593 0.0242727 0.0193433 0.0258699 0.0710491 0.0459678 0.0325147 0.0129170 0.0383710 0.0711443 0.1036734 0.0226080 0.0227381 0.0957600 0.0392980 0.0431990 0.1126464 0.1126464 
Perityle_coahuilensis_24                   0.1038263 0.0932418 0.3923160 0.6262989 0.0894089 0.1204535 0.6676136 0.1143847 0.3500760 0.1755382 0.3398098 0.0338908 0.0294283 0.0271740 0.1819837 0.0411427 0.0247865 0.2490105 0.1183861 0.0238362 0.0353910 0.0277331 0.0291727 0.0000000 0.0244076 0.0323716 0.0386490 0.1607595 0.2362419 0.1707294 0.0838922 0.1322171 0.0827169 0.1475895 0.0321505 0.0349010 0.1072326 0.0307615 0.1068328 0.1712661 0.0187298 0.0078327 0.2282914 0.0245775 0.1123533 0.1085195 0.0232036 0.0322224 0.0249570 0.1158638 0.0258698 0.0307369 0.0295807 0.0429011 0.0231025 0.0302578 0.0288548 0.0277255 0.0267197 0.2432996 0.2419591 0.0376133 0.0218785 0.2554764 0.0394006 0.2279523 0.0373833 0.0283155 0.0019486 0.1676544 0.0429875 0.0339228 0.0228742 0.0338854 0.2476580 0.2715561 0.0298402 0.0238670 0.1071163 0.0267430 0.0459615 0.1291769 0.1113207 
Perityle_cochisensis_44_cave_creek         0.1009737 0.0815123 0.4148113 0.5205610 0.0897030 0.1234969 0.5623805 0.1115263 0.4162554 0.1667269 0.4817990 0.0303137 0.0300559 0.0170731 0.1950626 0.0365597 0.0216274 0.3166689 0.1283960 0.0279064 0.0274042 0.0244573 0.0136208 0.0244076 0.0000000 0.0208915 0.0332880 0.1641720 0.2966156 0.2156325 0.0670456 0.1487843 0.0811340 0.1393031 0.0413939 0.0288940 0.1029333 0.0259330 0.1104357 0.2236845 0.0172194 0.0273958 0.3074085 0.0233925 0.1177907 0.1122534 0.0226867 0.0288370 0.0229742 0.1246356 0.0187173 0.0215305 0.0259511 0.0355045 0.0256340 0.0247660 0.0266350 0.0244508 0.0229907 0.3002571 0.3168129 0.0226038 0.0144327 0.3034067 0.0346208 0.2893683 0.0262407 0.0261786 0.0215037 0.2156325 0.0363171 0.0383726 0.0201230 0.0253170 0.2965888 0.3327712 0.0259191 0.0159041 0.0986492 0.0244961 0.0458093 0.1224907 0.0984519 
Perityle_congesta_202                      0.0978673 0.0862792 0.1660164 0.3945274 0.0804891 0.0901359 0.3843158 0.1161613 0.2864844 0.0620955 0.2814383 0.0230991 0.0183676 0.0241404 0.0300806 0.0376081 0.0231328 0.1069342 0.1272989 0.0325756 0.0207312 0.0348105 0.0306121 0.0323716 0.0208915 0.0000000 0.0372221 0.0325387 0.0929545 0.0620955 0.0729153 0.1103955 0.0766614 0.0620955 0.0422068 0.0373881 0.1140704 0.0301426 0.1109450 0.0480304 0.0254718 0.0276777 0.1567558 0.0348105 0.1199102 0.1112419 0.0277973 0.0253054 0.0324258 0.1197949 0.0254051 0.0068349 0.0207270 0.0349335 0.0206799 0.0302612 0.0325772 0.0371825 0.0348105 0.0932857 0.1150653 0.0352440 0.0231869 0.1009213 0.0396388 0.1003600 0.0405033 0.0373381 0.0300084 0.0620955 0.0301132 0.0253054 0.0230956 0.0074046 0.0853109 0.1096155 0.0137372 0.0255785 0.1007831 0.0372360 0.0315837 0.1300210 0.1231785 
Perityle_cordifolia_27                     0.1021818 0.0889457 0.3887998 0.6093322 0.0915182 0.1126968 0.6619021 0.1166852 0.3393275 0.1777554 0.3350956 0.0428173 0.0301387 0.0374762 0.1897553 0.0449830 0.0396830 0.2558273 0.1237142 0.0418010 0.0434472 0.0395675 0.0325310 0.0386490 0.0332880 0.0372221 0.0000000 0.1738183 0.2550747 0.1791912 0.0810870 0.1322974 0.0820521 0.1499453 0.0506266 0.0342739 0.1072008 0.0427087 0.1124402 0.1721489 0.0302998 0.0408069 0.2374443 0.0356819 0.1168503 0.1130262 0.0340075 0.0412004 0.0357984 0.1216132 0.0351170 0.0364596 0.0362282 0.0426548 0.0333620 0.0282044 0.0305828 0.0426959 0.0385198 0.2553780 0.2559242 0.0049279 0.0335944 0.2694145 0.0106355 0.2368403 0.0488413 0.0405435 0.0365757 0.1764039 0.0469316 0.0402584 0.0329864 0.0405181 0.2559333 0.2902905 0.0376354 0.0346007 0.1120619 0.0406372 0.0399905 0.1289849 0.1077409 
Perityle_cordifolia_68_tecolote            0.1988437 0.0870960 0.4444792 0.6437473 0.2029380 0.1147951 0.6861188 0.1101190 0.3613970 0.1767404 0.4268817 0.1715440 0.0580352 0.1796798 0.1775530 0.1731298 0.1637764 0.2557187 0.1167509 0.1418490 0.1601675 0.1697574 0.0360883 0.1607595 0.1641720 0.0325387 0.1738183 0.0000000 0.2946653 0.1922823 0.0755959 0.1624204 0.2178157 0.1448726 0.1742815 0.0692436 0.1169297 0.1749892 0.2361509 0.1969841 0.1662298 0.1635532 0.2583298 0.1441336 0.2379891 0.2488739 0.1071382 0.1727839 0.1589695 0.2350547 0.1289350 0.1649152 0.1444822 0.1755009 0.0812226 0.0099493 0.0288915 0.1709926 0.1684583 0.3069135 0.2841228 0.0325928 0.1636612 0.2771724 0.0714562 0.2772391 0.0420356 0.1538660 0.1607579 0.2204291 0.1828201 0.0843789 0.1352478 0.0361601 0.2622412 0.3058971 0.1677582 0.1684697 0.1050132 0.1698636 0.2195189 0.1241557 0.2530197 
Perityle_coronopifolia_28_patagonia        0.1833405 0.0596361 0.4055876 0.7004565 0.2034113 0.0985682 0.7398510 0.1132523 0.3848601 0.2573350 0.3645131 0.2510391 0.1558780 0.2497322 0.2663213 0.2444849 0.2381634 0.2706653 0.0796012 0.2470447 0.2537358 0.2443838 0.0919137 0.2362419 0.2966156 0.0929545 0.2550747 0.2946653 0.0000000 0.2720666 0.1116948 0.1378792 0.2555813 0.1902329 0.2513389 0.0974632 0.0738940 0.2432513 0.2204820 0.2334909 0.2393302 0.2348934 0.1748678 0.2248609 0.2078998 0.2176256 0.1861365 0.2471013 0.2332834 0.2119712 0.2321623 0.2414027 0.2548087 0.2480618 0.2027687 0.0846257 0.0804227 0.2443686 0.2429637 0.0312016 0.0533201 0.1009697 0.2395508 0.0042852 0.1023062 0.0813568 0.1072497 0.2485399 0.2348640 0.2659287 0.2598683 0.2009176 0.2480265 0.1100181 0.0621741 0.0675511 0.2463787 0.2393405 0.0280408 0.2474238 0.3820912 0.0810673 0.2449442 
Perityle_crassifolia_70_ventanas           0.1841498 0.0851788 0.3687142 0.6223974 0.2020839 0.1021775 0.7079599 0.1296722 0.3325813 0.0016218 0.3644656 0.1741041 0.1009872 0.1609390 0.1903812 0.1757473 0.1588814 0.2462868 0.1457603 0.1615542 0.1729233 0.1698537 0.0710491 0.1707294 0.2156325 0.0620955 0.1791912 0.1922823 0.2720666 0.0000000 0.0077644 0.1292599 0.2015474 0.0035566 0.1730769 0.0700170 0.1259932 0.1752693 0.2217040 0.1935118 0.1671923 0.1680301 0.2209831 0.1590889 0.2200132 0.2189869 0.1178906 0.1685487 0.1662410 0.2182947 0.1631072 0.1668909 0.1745493 0.1708838 0.1228695 0.0559160 0.0754702 0.1670762 0.1684303 0.2790322 0.2501294 0.0672412 0.1615776 0.2840115 0.0744158 0.2355461 0.0923930 0.1667401 0.1680239 0.0010986 0.1797239 0.1351590 0.1761729 0.1083979 0.2697469 0.2759113 0.1714197 0.1655265 0.1103890 0.1725094 0.2923994 0.1164238 0.2093837 
Perityle_crassifolia_74_playa_balandra     0.1200575 0.1074524 0.1868557 0.3087032 0.0911743 0.0846586 0.3101231 0.1397555 0.2929888 0.0077644 0.3053977 0.0757909 0.0756888 0.0715022 0.0866970 0.0733570 0.0730990 0.1252341 0.1383326 0.0810848 0.0756344 0.0756588 0.0986698 0.0838922 0.0670456 0.0729153 0.0810870 0.0755959 0.1116948 0.0077644 0.0000000 0.1255545 0.1048666 0.0077644 0.1021457 0.0757142 0.1175361 0.0814535 0.1233565 0.0823523 0.0758952 0.0782434 0.1618599 0.0756588 0.1300684 0.1206574 0.0842958 0.0868265 0.0727871 0.1299260 0.0644714 0.0699241 0.0756214 0.0813508 0.0810418 0.0701139 0.0728091 0.0727605 0.0756588 0.1148162 0.1066477 0.0800904 0.0676613 0.1178268 0.0811435 0.1171464 0.0933209 0.0874279 0.0810204 0.0077644 0.0844233 0.0840377 0.0729549 0.0757078 0.0999140 0.1245964 0.0726244 0.0678222 0.1174267 0.0786250 0.0546996 0.1316093 0.1248725 
Perityle_cuneata_34_cuneata_San_antonio    0.1396118 0.0782195 0.2467447 0.5568088 0.1159779 0.0659155 0.5876388 0.1493472 0.2971035 0.1475720 0.2102756 0.1338539 0.1289593 0.1138821 0.1404071 0.1411504 0.1228488 0.0751966 0.1363730 0.1344239 0.1391839 0.1300547 0.0953380 0.1322171 0.1487843 0.1103955 0.1322974 0.1624204 0.1378792 0.1292599 0.1255545 0.0000000 0.1237694 0.1502436 0.1380946 0.1323172 0.1407027 0.1317331 0.1400703 0.1632177 0.1242774 0.1277376 0.1697141 0.1279906 0.1355319 0.1387347 0.1259319 0.1307896 0.1269039 0.1338767 0.1244588 0.1253764 0.1250441 0.1339679 0.1322342 0.1074368 0.1282008 0.1300184 0.1299861 0.1433286 0.1464106 0.1199900 0.1293137 0.1365697 0.1335695 0.1385487 0.1517684 0.1242745 0.1306705 0.1371267 0.1376881 0.1217745 0.1146991 0.1573623 0.1125507 0.1564151 0.1321503 0.1321333 0.1118050 0.1330847 0.1896927 0.1231386 0.1284779 
Perityle_cuneata_4                         0.1082141 0.0639753 0.3730268 0.6255997 0.0949086 0.0984401 0.6833686 0.1208672 0.3304902 0.2062327 0.3440705 0.0827298 0.0778691 0.0712946 0.2222026 0.0839946 0.0826375 0.2525719 0.1245670 0.0812036 0.0839398 0.0735860 0.0636617 0.0827169 0.0811340 0.0766614 0.0820521 0.2178157 0.2555813 0.2015474 0.1048666 0.1237694 0.0000000 0.1817766 0.0900513 0.0843574 0.1224277 0.0846265 0.1214443 0.2000821 0.0748282 0.0850808 0.2195493 0.0764935 0.1209208 0.1183748 0.0756370 0.0791949 0.0766280 0.1256878 0.0835606 0.0747927 0.0815265 0.0857285 0.0811858 0.0777747 0.0756871 0.0790743 0.0769134 0.2617372 0.2611399 0.0893868 0.0742884 0.2700934 0.0889930 0.2417973 0.1051274 0.0811253 0.0805328 0.1955851 0.0836804 0.0832025 0.0772679 0.0914035 0.2593965 0.2866760 0.0783480 0.0753061 0.0955176 0.0758445 0.1072376 0.0994538 0.0953238 
Perityle_discoidea_81                      0.1818162 0.0851192 0.3229805 0.4952587 0.1697101 0.0665882 0.5365919 0.1375500 0.3350528 0.0017773 0.4095056 0.1437620 0.1099108 0.1312797 0.1845835 0.1464782 0.1374042 0.2437169 0.1568075 0.1484037 0.1414457 0.1459278 0.0710491 0.1475895 0.1393031 0.0620955 0.1499453 0.1448726 0.1902329 0.0035566 0.0077644 0.1502436 0.1817766 0.0000000 0.1638835 0.0886709 0.1299447 0.1459666 0.1825220 0.2416233 0.1440301 0.1475961 0.2769994 0.1439541 0.1974265 0.1782106 0.1328292 0.1475934 0.1414947 0.1973925 0.1351151 0.1393821 0.1457498 0.1399780 0.1454246 0.0597061 0.0882629 0.1437655 0.1437074 0.1924465 0.1893210 0.0672412 0.1400038 0.1991348 0.0887285 0.1939730 0.0925147 0.1505610 0.1453992 0.0035566 0.1548435 0.1518707 0.1416012 0.1085408 0.1808947 0.2073933 0.1434647 0.1423241 0.1064755 0.1459387 0.1881686 0.1164238 0.1136892 
Perityle_dissecta_201                      0.1205914 0.0980421 0.3997016 0.6465592 0.1021898 0.1441635 0.6928096 0.1268953 0.3686504 0.1890592 0.3464609 0.0414072 0.0409729 0.0360233 0.1926767 0.0519101 0.0341028 0.2682814 0.1341897 0.0335381 0.0440768 0.0391907 0.0494877 0.0321505 0.0413939 0.0422068 0.0506266 0.1742815 0.2513389 0.1730769 0.1021457 0.1380946 0.0900513 0.1638835 0.0000000 0.0454019 0.1169474 0.0350923 0.1205555 0.1821117 0.0300089 0.0342633 0.2356123 0.0363813 0.1200190 0.1210173 0.0333066 0.0407802 0.0375055 0.1247510 0.0347794 0.0381276 0.0421096 0.0561595 0.0351218 0.0451052 0.0448312 0.0412504 0.0381525 0.2558015 0.2507062 0.0590742 0.0343261 0.2740199 0.0519705 0.2348950 0.0537470 0.0358727 0.0321514 0.1687034 0.0516669 0.0478761 0.0356493 0.0450835 0.2554053 0.2827400 0.0372594 0.0353238 0.1178437 0.0381524 0.0512011 0.1495006 0.1286817 
Perityle_emoryi_47_punta_san_jose          0.1068640 0.0893628 0.2645490 0.5624593 0.0877086 0.0695718 0.5772237 0.1149979 0.3162090 0.0885644 0.2211006 0.0374904 0.0287217 0.0373122 0.0638323 0.0388008 0.0295558 0.1467595 0.1118428 0.0393970 0.0381407 0.0386752 0.0360784 0.0349010 0.0288940 0.0373881 0.0342739 0.0692436 0.0974632 0.0700170 0.0757142 0.1323172 0.0843574 0.0886709 0.0454019 0.0000000 0.1173801 0.0360722 0.1139550 0.1008787 0.0295312 0.0349181 0.1804537 0.0362842 0.1063043 0.1102258 0.0312166 0.0433732 0.0346984 0.1077666 0.0347365 0.0307441 0.0293046 0.0425233 0.0319992 0.0303776 0.0273532 0.0399887 0.0373441 0.1018197 0.1142619 0.0276154 0.0309123 0.0989935 0.0380712 0.1028873 0.0467384 0.0383095 0.0335766 0.0680617 0.0479989 0.0384187 0.0288712 0.0352384 0.0809964 0.1289408 0.0322222 0.0348562 0.1027935 0.0399999 0.0000010 0.1325872 0.1180900 
Perityle_feddemae_99                       0.1076050 0.0723583 0.2125868 0.5486593 0.0671892 0.0584122 0.5862191 0.1323325 0.3091842 0.1297813 0.2319426 0.1140117 0.1013330 0.1097282 0.1311986 0.1138885 0.1015260 0.1377151 0.0387651 0.1137117 0.1169858 0.1106340 0.1035270 0.1072326 0.1029333 0.1140704 0.1072008 0.1169297 0.0738940 0.1259932 0.1175361 0.1407027 0.1224277 0.1299447 0.1169474 0.1173801 0.0000000 0.1044505 0.0719790 0.1735679 0.1091530 0.1072932 0.0969048 0.1074693 0.0317675 0.0735855 0.1060183 0.1121557 0.1058848 0.0317515 0.0998155 0.1072984 0.0984639 0.1191217 0.1119134 0.1006432 0.0915523 0.1074884 0.1090400 0.0787794 0.0849826 0.1180668 0.1064654 0.0641416 0.1072314 0.1029967 0.1202156 0.1061042 0.1056680 0.1354889 0.1233029 0.0988364 0.0892475 0.1076512 0.0710645 0.0757957 0.1110303 0.1109505 0.0783736 0.1122110 0.1055241 0.0862700 0.0763017 
Perityle_fosteri_93                        0.1094907 0.0871286 0.3821240 0.6061218 0.0907207 0.1091800 0.6726198 0.1055624 0.3407051 0.1759873 0.3374833 0.0358110 0.0320482 0.0281346 0.1862776 0.0461415 0.0287045 0.2578173 0.1204592 0.0312822 0.0373308 0.0316610 0.0160760 0.0307615 0.0259330 0.0301426 0.0427087 0.1749892 0.2432513 0.1752693 0.0814535 0.1317331 0.0846265 0.1459666 0.0350923 0.0360722 0.1044505 0.0000000 0.1123496 0.1665564 0.0216560 0.0308204 0.2274192 0.0265746 0.1097892 0.1105641 0.0186358 0.0341624 0.0299374 0.1155595 0.0280412 0.0336625 0.0328820 0.0460042 0.0278644 0.0303676 0.0289493 0.0336797 0.0306452 0.2449961 0.2439534 0.0352579 0.0248186 0.2632701 0.0420410 0.2328372 0.0130458 0.0252063 0.0287470 0.1721290 0.0469771 0.0364953 0.0251490 0.0318480 0.2543218 0.2772995 0.0307594 0.0268109 0.1002459 0.0316792 0.0523214 0.1296560 0.1133974 
Perityle_gamon_221                         0.1070199 0.0822273 0.3820899 0.6255984 0.0756515 0.0823798 0.7022547 0.1295166 0.3558719 0.2185333 0.3568309 0.1150744 0.1036306 0.1143409 0.2458975 0.1187062 0.1102395 0.2511342 0.0840781 0.1144935 0.1205918 0.1122449 0.0989684 0.1068328 0.1104357 0.1109450 0.1124402 0.2361509 0.2204820 0.2217040 0.1233565 0.1400703 0.1214443 0.1825220 0.1205555 0.1139550 0.0719790 0.1123496 0.0000000 0.2396337 0.1055039 0.1093522 0.1888237 0.1051495 0.0820039 0.0121274 0.0993490 0.1175440 0.1051661 0.0877811 0.1033134 0.1169115 0.1103144 0.1199092 0.1044377 0.0976510 0.0867479 0.1133922 0.1110609 0.2233640 0.2222074 0.1172669 0.1097586 0.2365091 0.1061344 0.2238023 0.1095935 0.1085725 0.1045527 0.2203122 0.1263834 0.1050251 0.1006297 0.1125555 0.2445627 0.2366233 0.1174141 0.1131016 0.0874456 0.1065134 0.1283741 0.0722677 0.0659191 
Perityle_gentryi_8_san_francisco           0.2449651 0.0966086 0.3535644 0.7243290 0.2253862 0.0819250 0.7339554 0.1692685 0.3657888 0.2590872 0.3222809 0.1754929 0.1485857 0.1375351 0.2655274 0.1447751 0.1612555 0.2829743 0.1974844 0.1743090 0.1782292 0.1732376 0.0328688 0.1712661 0.2236845 0.0480304 0.1721489 0.1969841 0.2334909 0.1935118 0.0823523 0.1632177 0.2000821 0.2416233 0.1821117 0.1008787 0.1735679 0.1665564 0.2396337 0.0000000 0.1622876 0.1698717 0.2446067 0.1716870 0.2416492 0.2378629 0.1591808 0.1819885 0.1703165 0.2413631 0.1741307 0.1704219 0.1789678 0.1722732 0.1820026 0.0632121 0.1118851 0.1746115 0.1731568 0.2459492 0.2570237 0.0225731 0.1685619 0.2553099 0.0834075 0.2442208 0.1066765 0.1761778 0.1698508 0.1896197 0.1860811 0.1898003 0.1784873 0.1590750 0.2473473 0.2677876 0.1696701 0.1697368 0.1459031 0.1745975 0.3430142 0.1366966 0.2271732 
Perityle_gilensis_22_Superstition          0.1023356 0.0830217 0.3840630 0.6119260 0.0850872 0.1091641 0.6613145 0.1124410 0.3447965 0.1722486 0.3357118 0.0267244 0.0257994 0.0186606 0.1774480 0.0359072 0.0217044 0.2496923 0.1222654 0.0175832 0.0281112 0.0216468 0.0160946 0.0187298 0.0172194 0.0254718 0.0302998 0.1662298 0.2393302 0.1671923 0.0758952 0.1242774 0.0748282 0.1440301 0.0300089 0.0295312 0.1091530 0.0216560 0.1055039 0.1622876 0.0000000 0.0207618 0.2256195 0.0193390 0.1086811 0.1083056 0.0175618 0.0249953 0.0198473 0.1132984 0.0206880 0.0236303 0.0232150 0.0376498 0.0196524 0.0262885 0.0272541 0.0236423 0.0206452 0.2437219 0.2410465 0.0300200 0.0158054 0.2589508 0.0365157 0.2219583 0.0330837 0.0211409 0.0167410 0.1632162 0.0367741 0.0303124 0.0185242 0.0297347 0.2468986 0.2745402 0.0237220 0.0167877 0.1027825 0.0216590 0.0420636 0.1243332 0.1062524 
Perityle_gilensis_salensis_225             0.1051492 0.0889880 0.3931173 0.6246249 0.0918640 0.1127741 0.6750916 0.1143827 0.3480134 0.1755458 0.3354531 0.0359910 0.0307098 0.0272170 0.1787166 0.0422472 0.0268483 0.2509228 0.1184593 0.0238838 0.0375262 0.0298016 0.0258699 0.0078327 0.0273958 0.0276777 0.0408069 0.1635532 0.2348934 0.1680301 0.0782434 0.1277376 0.0850808 0.1475961 0.0342633 0.0349181 0.1072932 0.0308204 0.1093522 0.1698717 0.0207618 0.0000000 0.2238492 0.0267066 0.1148468 0.1110338 0.0254750 0.0343390 0.0270335 0.1183766 0.0280252 0.0328165 0.0317933 0.0440239 0.0254771 0.0302728 0.0288733 0.0297934 0.0287834 0.2419446 0.2405522 0.0325096 0.0239378 0.2539931 0.0394209 0.2265751 0.0374145 0.0304293 0.0058686 0.1651000 0.0451214 0.0364431 0.0251338 0.0339126 0.2461193 0.2646199 0.0309052 0.0259323 0.1022983 0.0288086 0.0481405 0.1237576 0.1115480 
Perityle_glaucescens_94                    0.2212969 0.0955038 0.3177096 0.6415446 0.1873874 0.0584953 0.6655748 0.2066941 0.3639488 0.2788987 0.3006290 0.2363945 0.2097607 0.1959526 0.2954496 0.2311905 0.2165171 0.2417590 0.1196162 0.2325303 0.2374606 0.2272683 0.1000999 0.2282914 0.3074085 0.1567558 0.2374443 0.2583298 0.1748678 0.2209831 0.1618599 0.1697141 0.2195493 0.2769994 0.2356123 0.1804537 0.0969048 0.2274192 0.1888237 0.2446067 0.2256195 0.2238492 0.0000000 0.2293608 0.1233909 0.1874170 0.2111463 0.2329351 0.2256451 0.1204380 0.2264250 0.2304458 0.2414372 0.2199285 0.2370732 0.1572620 0.1922842 0.2274301 0.2289469 0.1844423 0.1947363 0.1236266 0.2316225 0.1938234 0.1668755 0.2059441 0.2177615 0.2317844 0.2266467 0.2190052 0.2337748 0.2440346 0.2341639 0.2690502 0.2069208 0.1860920 0.2330510 0.2345361 0.1310402 0.2306345 0.4311892 0.1128273 0.1533514 
Perityle_gracilis_11                       0.1042162 0.0892266 0.3737886 0.6241360 0.0866511 0.1170114 0.6766065 0.1147146 0.3506270 0.1742436 0.3241827 0.0339509 0.0320089 0.0237329 0.1852634 0.0403872 0.0214312 0.2526792 0.1186636 0.0300924 0.0310689 0.0040280 0.0358809 0.0245775 0.0233925 0.0348105 0.0356819 0.1441336 0.2248609 0.1590889 0.0756588 0.1279906 0.0764935 0.1439541 0.0363813 0.0362842 0.1074693 0.0265746 0.1051495 0.1716870 0.0193390 0.0267066 0.2293608 0.0000000 0.1068399 0.1028152 0.0221424 0.0311779 0.0020098 0.1115957 0.0219142 0.0275837 0.0283722 0.0401305 0.0266903 0.0323972 0.0306077 0.0060491 0.0030184 0.2293670 0.2445593 0.0429344 0.0205192 0.2418382 0.0423009 0.2274944 0.0352219 0.0260059 0.0225054 0.1559356 0.0402023 0.0352581 0.0245871 0.0361240 0.2307930 0.2554187 0.0287455 0.0215378 0.1099157 0.0070665 0.0380598 0.1265866 0.0999391 
Perityle_harkerae_31                       0.1140083 0.0789466 0.3751645 0.6296852 0.0684678 0.0872024 0.6895716 0.1397468 0.3557781 0.2247823 0.3426171 0.1146453 0.1072610 0.1139782 0.2666764 0.1158292 0.1123187 0.2717543 0.0374737 0.1132684 0.1187162 0.1120578 0.1000999 0.1123533 0.1177907 0.1199102 0.1168503 0.2379891 0.2078998 0.2200132 0.1300684 0.1355319 0.1209208 0.1974265 0.1200190 0.1063043 0.0317675 0.1097892 0.0820039 0.2416492 0.1086811 0.1148468 0.1233909 0.1068399 0.0000000 0.0815362 0.1045449 0.1123594 0.1074301 0.0088686 0.1061466 0.1108696 0.1131778 0.1146011 0.1072419 0.1032439 0.0932387 0.1120651 0.1108982 0.2136823 0.2101568 0.1243689 0.1072133 0.2222674 0.1106851 0.2214365 0.1206076 0.1113814 0.1101068 0.2187536 0.1201423 0.1052588 0.1024110 0.1256057 0.2367497 0.2236488 0.1100893 0.1093783 0.0833506 0.1121347 0.1349041 0.0944895 0.0900369 
