85
Amauria_brandeegeana_62                    0.0000000 0.1362305 0.2049306 0.2092013 0.2246784 0.3425891 0.1852020 0.0798099 0.2701191 0.0208566 0.4371745 0.2263763 0.2310731 0.2235313 0.1028588 0.4792270 0.5258993 0.2064231 0.1940632 0.1450120 0.2121204 0.2185214 0.4554154 0.1751430 0.2239520 0.2228024 0.4272353 0.2067573 0.3472073 0.2884935 0.2372146 0.3059483 0.0233153 0.2227495 0.1046721 0.1569406 0.2148777 0.1634336 0.2186372 0.4993649 0.4689188 0.2425268 0.2057470 0.2420132 0.4468004 0.2215230 0.2218167 0.2259190 0.2518532 0.4657861 0.2256552 0.2204943 0.2103066 0.2227591 0.1792220 0.0899542 0.1637160 0.2240032 0.2238636 0.0679310 0.0744952 0.2221417 0.0897706 0.2311736 0.2010334 0.2173158 0.2384422 0.1889742 0.0767678 0.2246907 0.4493617 0.2264195 0.2275512 0.2187528 0.2239228 0.0841171 0.2419523 0.2254297 0.2027396 0.2171821 0.4668293 0.2244945 0.5031970 0.1030040 0.1271202 
Amauria_carterae_99_mesa                   0.1362305 0.0000000 0.1975288 0.1949460 0.1316252 0.2794140 0.1358600 0.0982635 0.2189764 0.1316336 0.3351644 0.1494417 0.1450105 0.1449224 0.1027157 0.3546490 0.3625708 0.0643030 0.1378830 0.1402729 0.1373866 0.1424496 0.3588183 0.1338965 0.1337408 0.1587437 0.3215806 0.1390806 0.3169231 0.3054839 0.1304910 0.1499054 0.1355489 0.1350408 0.1266970 0.1830420 0.1349449 0.0674835 0.1523934 0.3649057 0.3588221 0.1721512 0.1359436 0.1688357 0.3334237 0.1427785 0.1384323 0.1387218 0.1692653 0.3529108 0.1498718 0.1353269 0.1587836 0.1411301 0.1420993 0.1129249 0.1169276 0.1340117 0.1338761 0.0908245 0.1074087 0.1332659 0.1109172 0.1434275 0.1458809 0.1585194 0.1404408 0.0529841 0.0909680 0.1494376 0.3587335 0.1361840 0.1388103 0.1575731 0.1409324 0.1212925 0.1499406 0.1450687 0.1398665 0.1396920 0.3439232 0.1413680 0.3639166 0.1263182 0.0987952 
Amauria_rotundifolia_SRR9119150            0.2049306 0.1975288 0.0000000 0.2764703 0.3551516 0.3549580 0.2626951 0.1064009 0.3369049 0.2167767 0.4664227 0.3620125 0.3590729 0.3573416 0.1402445 0.4616278 0.5177789 0.2315594 0.3405984 0.2760225 0.3480766 0.3661968 0.4511180 0.2771298 0.3567625 0.3676740 0.4107414 0.3479232 0.3848467 0.3197579 0.3730600 0.3657498 0.2025929 0.3544582 0.2180618 0.2719955 0.3492918 0.1918723 0.3640221 0.5095316 0.4879046 0.3805261 0.3266349 0.3534559 0.4683321 0.3549236 0.3568214 0.3538959 0.4059363 0.4694373 0.3685433 0.3662257 0.3478207 0.3563760 0.3182921 0.1204951 0.2282745 0.3544283 0.3568669 0.0738858 0.1021806 0.3478816 0.1566337 0.3641914 0.3442991 0.3532984 0.3791846 0.2218366 0.0843478 0.3579603 0.4532418 0.3734287 0.3611204 0.3600560 0.3562758 0.0797980 0.3795379 0.3666623 0.3424214 0.3537987 0.4886830 0.3481474 0.5153535 0.2261785 0.2006833 
Conoclinium_coelestinum_SRR9119114         0.2092013 0.1949460 0.2764703 0.0000000 0.2923276 0.3219280 0.1912988 0.1466428 0.3284066 0.2165506 0.3935830 0.2881582 0.2835626 0.3000180 0.2055815 0.4256606 0.4483898 0.2595213 0.3043255 0.2423016 0.2813090 0.2867629 0.4123073 0.2888714 0.2877530 0.2999422 0.3785858 0.2697431 0.4045837 0.3026703 0.2870790 0.3787306 0.2172544 0.2910644 0.2053528 0.2294269 0.3018529 0.2162839 0.2905540 0.4454685 0.4185881 0.2855052 0.2856958 0.3064970 0.3717300 0.2847045 0.2877788 0.2863068 0.3604510 0.4092857 0.2846063 0.2853548 0.3075014 0.2835867 0.2968402 0.1606241 0.2597710 0.2854170 0.2875573 0.1525327 0.1728262 0.2720084 0.1717705 0.2931429 0.2714719 0.3092886 0.3033232 0.2431369 0.1639534 0.2876819 0.4145857 0.2868285 0.2918846 0.2986764 0.2859946 0.1894919 0.3003579 0.2998600 0.2813230 0.2829055 0.4283353 0.2856958 0.4626421 0.2078189 0.2535899 
Eutetras_palmeri_63                        0.2246784 0.1316252 0.3551516 0.2923276 0.0000000 0.3361350 0.1826005 0.1131708 0.3435848 0.2324334 0.4696292 0.1173437 0.1273309 0.1153763 0.0759487 0.4043261 0.4769963 0.1280657 0.1246064 0.0899796 0.1104568 0.1129532 0.4708844 0.1000529 0.1185128 0.1211196 0.4719428 0.1285086 0.2738589 0.2818857 0.1286615 0.2450757 0.2292916 0.1252556 0.1594177 0.1952878 0.1064433 0.1091511 0.1165551 0.4267180 0.4226336 0.1522255 0.1109327 0.1595727 0.4955128 0.1223883 0.1183096 0.1185771 0.2035902 0.4070742 0.1156559 0.1155742 0.1175182 0.1086350 0.1135371 0.0757109 0.0998640 0.1143468 0.1169601 0.0831284 0.0815019 0.1301572 0.0846790 0.1170842 0.1278819 0.1159167 0.0834724 0.1056579 0.0726375 0.1254389 0.4656503 0.1353881 0.1212750 0.1120345 0.1140856 0.1101396 0.0761899 0.1154308 0.1108897 0.1103979 0.4274354 0.1212203 0.4681664 0.0982350 0.0960707 
Eutetras_pringlei_149_quer                 0.3425891 0.2794140 0.3549580 0.3219280 0.3361350 0.0000000 0.3299619 0.3193425 0.3789717 0.3412340 0.0749960 0.3640327 0.3535028 0.3575169 0.3561320 0.0897756 0.0832327 0.2490073 0.3434038 0.3530302 0.3520087 0.3635150 0.0590378 0.3575169 0.3483503 0.3694493 0.0387919 0.3381993 0.0875577 0.0920964 0.3508099 0.3871309 0.3355979 0.3559275 0.3625111 0.3667467 0.3557235 0.2536379 0.3424834 0.0626736 0.0591883 0.3795748 0.3483503 0.3788128 0.0479524 0.3578536 0.3483503 0.3483503 0.3844588 0.0589951 0.3572220 0.3575169 0.3635699 0.3521868 0.3333374 0.3335460 0.3741943 0.3483503 0.3483503 0.2588146 0.3135499 0.3533483 0.3635699 0.3459720 0.3395231 0.3635699 0.3739823 0.2458333 0.2889853 0.3503629 0.0551503 0.3750919 0.3542066 0.3461006 0.3535028 0.2769788 0.3927543 0.3528117 0.3411005 0.3509463 0.0594092 0.3549717 0.0477839 0.3388832 0.3622704 
Eutrochium_fistulosum_SRR9119106           0.1852020 0.1358600 0.2626951 0.1912988 0.1826005 0.3299619 0.0000000 0.1249085 0.2667917 0.1914852 0.4457634 0.1750758 0.1755956 0.1697688 0.1241327 0.4273889 0.4456620 0.1222353 0.1627298 0.1632198 0.1619325 0.1687360 0.4586943 0.1471922 0.1672995 0.1822382 0.4426392 0.1863757 0.3255965 0.3115417 0.1770776 0.2255613 0.1918145 0.1598775 0.1943651 0.2089212 0.1591706 0.1234373 0.1735635 0.4459721 0.4370990 0.1842438 0.1651471 0.1732176 0.4316112 0.1770281 0.1673154 0.1699119 0.2039229 0.4319902 0.1797212 0.1688127 0.1759589 0.1758791 0.1839899 0.1191086 0.1477969 0.1693888 0.1651471 0.1097395 0.1126244 0.1990501 0.1483792 0.1699613 0.1888987 0.1759072 0.1901598 0.1173982 0.1160533 0.1874382 0.4604371 0.1827825 0.1694383 0.1768336 0.1673299 0.1279694 0.1850786 0.1832446 0.1652620 0.1719324 0.4248041 0.1698710 0.4475301 0.1499617 0.1430632 
Galeana_pratensis_104_mex                  0.0798099 0.0982635 0.1064009 0.1466428 0.1131708 0.3193425 0.1249085 0.0000000 0.1562772 0.0712495 0.3644725 0.1204429 0.0862708 0.0855695 0.0846585 0.3608851 0.3761851 0.0805167 0.0908458 0.0883509 0.1025394 0.0825239 0.3656721 0.0826215 0.0911088 0.0978515 0.3259109 0.0987089 0.3155524 0.3006840 0.1101226 0.1028092 0.0798524 0.0994791 0.0766353 0.1304463 0.1003027 0.0901990 0.1030585 0.3727484 0.3685449 0.1273799 0.0912213 0.1210997 0.3415795 0.0851756 0.0942000 0.0940865 0.1210204 0.3623508 0.0973889 0.0854672 0.0948495 0.0998005 0.1066828 0.1061619 0.0979873 0.0912213 0.0912213 0.0959080 0.0953357 0.1037604 0.0960246 0.1080016 0.1005181 0.0917070 0.0921875 0.0807728 0.1013030 0.1089758 0.3648405 0.0887328 0.0971490 0.1217246 0.0882846 0.1278662 0.0922004 0.0924438 0.0961668 0.1109886 0.3626074 0.0912213 0.3423619 0.0863454 0.1045290 
Helianthus_annuus_SRR9119062               0.2701191 0.2189764 0.3369049 0.3284066 0.3435848 0.3789717 0.2667917 0.1562772 0.0000000 0.2826563 0.4837718 0.3675420 0.3613000 0.3585026 0.1858737 0.5379115 0.5176990 0.2517878 0.3092862 0.3037493 0.3598509 0.3664032 0.4900701 0.2965966 0.3625870 0.3682858 0.4630800 0.3179063 0.4517925 0.3928766 0.3594023 0.3607878 0.2722101 0.3715930 0.3086566 0.2677146 0.3479870 0.2126816 0.3484273 0.5375827 0.5167878 0.3472804 0.3648312 0.2997028 0.4425260 0.3582098 0.3624015 0.3613450 0.3545249 0.5091045 0.3644580 0.3644788 0.3620439 0.3656696 0.3515001 0.1746176 0.2323552 0.3581524 0.3623080 0.1692729 0.1921982 0.3425924 0.1755247 0.3700306 0.3042280 0.3694957 0.3529682 0.2472636 0.1961130 0.3703164 0.4883189 0.3580900 0.3649598 0.3662272 0.3648271 0.2504571 0.3681323 0.3531808 0.3587373 0.3629942 0.4545420 0.3601867 0.5140843 0.2717471 0.2456329 
Lycapsus_tenuifolius_17                    0.0208566 0.1316336 0.2167767 0.2165506 0.2324334 0.3412340 0.1914852 0.0712495 0.2826563 0.0000000 0.4425000 0.2332173 0.2399326 0.2345312 0.1054632 0.4638019 0.5266453 0.2277507 0.2130197 0.1401173 0.2197543 0.2346819 0.4496876 0.1771198 0.2350261 0.2353981 0.4193568 0.2261341 0.3599482 0.2881719 0.2542824 0.3230449 0.0136145 0.2283969 0.1077499 0.1631505 0.2234196 0.1900897 0.2347357 0.4881620 0.4620091 0.2564809 0.2011118 0.2691909 0.4654792 0.2306569 0.2329748 0.2369091 0.2804348 0.4577049 0.2365758 0.2316494 0.2091516 0.2283260 0.1841864 0.0926274 0.1618048 0.2350765 0.2349374 0.0624080 0.0744952 0.2319892 0.0896662 0.2381861 0.2208865 0.2144354 0.2588748 0.2108097 0.0767678 0.2318004 0.4435394 0.2439683 0.2384613 0.2280039 0.2330799 0.0841171 0.2603834 0.2409396 0.2092830 0.2230055 0.4545932 0.2336435 0.4928485 0.1125069 0.1293889 
Pericome_caudata_50_silver                 0.4371745 0.3351644 0.4664227 0.3935830 0.4696292 0.0749960 0.4457634 0.3644725 0.4837718 0.4425000 0.0000000 0.5147284 0.4779533 0.5305105 0.3931455 0.0976230 0.1276714 0.5019303 0.5192960 0.4175380 0.4898949 0.5108319 0.0854529 0.4841014 0.4811828 0.5250573 0.0701665 0.4767776 0.2425351 0.1290985 0.5106081 0.6237266 0.4198719 0.5046996 0.4182870 0.4064071 0.5262729 0.4176863 0.5045371 0.0969126 0.0832765 0.5038298 0.4673679 0.5429734 0.0623062 0.4845582 0.4869019 0.4905179 0.6061139 0.0865949 0.5067063 0.4950509 0.4933168 0.4899236 0.4423956 0.3776644 0.4620764 0.4892468 0.4866118 0.3140260 0.3323194 0.5186047 0.4289367 0.5032664 0.4828055 0.4937652 0.5159549 0.4761565 0.3725280 0.4949197 0.0868388 0.5059291 0.4870988 0.5035675 0.4837536 0.3961708 0.5154835 0.5235261 0.4959638 0.4915340 0.1338676 0.4971301 0.1363854 0.3982888 0.4523944 
Perityle_aglossa_84_dead_horse             0.2263763 0.1494417 0.3620125 0.2881582 0.1173437 0.3640327 0.1750758 0.1204429 0.3675420 0.2332173 0.5147284 0.0000000 0.0673895 0.0648329 0.0654008 0.4530472 0.5016029 0.0958901 0.0850359 0.0429780 0.0239764 0.0624030 0.5012198 0.0472048 0.0621362 0.0750962 0.4966264 0.0876090 0.3000939 0.3216442 0.1090236 0.2392810 0.2343891 0.0349014 0.1694118 0.1770835 0.0227485 0.0757789 0.0852025 0.4525760 0.4411814 0.1142122 0.0544783 0.1273648 0.5126319 0.0612428 0.0621065 0.0599755 0.1911849 0.4289337 0.0669339 0.0612603 0.0701676 0.0331986 0.0880317 0.0389364 0.0497793 0.0621045 0.0620778 0.0905633 0.0706563 0.0959032 0.0598075 0.0348795 0.0879132 0.0712207 0.1296326 0.0749663 0.0562781 0.0499439 0.4917072 0.1111426 0.0644247 0.0373669 0.0596283 0.1131228 0.1263416 0.0961873 0.0454323 0.0275918 0.4817923 0.0632779 0.5200258 0.0910724 0.0705922 
Perityle_ajoensis_204                      0.2310731 0.1450105 0.3590729 0.2835626 0.1273309 0.3535028 0.1755956 0.0862708 0.3613000 0.2399326 0.4779533 0.0673895 0.0000000 0.0370368 0.0402001 0.4201339 0.4739702 0.1037935 0.0941161 0.0267673 0.0545266 0.0360877 0.4819734 0.0258282 0.0194599 0.0949918 0.4703365 0.0949451 0.2906171 0.2955645 0.1070461 0.2415867 0.2298380 0.0729520 0.1646109 0.1861647 0.0590719 0.0842971 0.0850175 0.4256742 0.4104164 0.1269174 0.0158324 0.1477792 0.5160482 0.0304958 0.0183516 0.0183705 0.2009031 0.3952590 0.0417354 0.0388969 0.0868695 0.0583075 0.0894923 0.0474122 0.0509495 0.0194244 0.0183260 0.0630095 0.0532245 0.0920689 0.0707485 0.0665320 0.0991497 0.0879578 0.1456011 0.0752992 0.0648134 0.0720851 0.4676393 0.1245338 0.0216577 0.0612113 0.0177976 0.0554410 0.1406713 0.0865480 0.0596478 0.0602219 0.4627543 0.0150645 0.4796839 0.0847557 0.0750158 
Perityle_ambrosiifolia_67_green            0.2235313 0.1449224 0.3573416 0.3000180 0.1153763 0.3575169 0.1697688 0.0855695 0.3585026 0.2345312 0.5305105 0.0648329 0.0370368 0.0000000 0.0310254 0.4649500 0.5104298 0.0955144 0.0832634 0.0220019 0.0523216 0.0091787 0.5228255 0.0069224 0.0332430 0.0865288 0.5348175 0.0942813 0.2937600 0.3190142 0.1156840 0.2054572 0.2241687 0.0655832 0.1755751 0.2089384 0.0501442 0.0876581 0.0771761 0.4585828 0.4427869 0.1432297 0.0286054 0.1441751 0.5626100 0.0315142 0.0295438 0.0320394 0.1658295 0.4315085 0.0126535 0.0126460 0.0801887 0.0576326 0.0867602 0.0435749 0.0445513 0.0331762 0.0319543 0.0707778 0.0525445 0.0843714 0.0655319 0.0625765 0.0948183 0.0813612 0.1367375 0.0728765 0.0633005 0.0711501 0.5105242 0.1154309 0.0344592 0.0607552 0.0295296 0.0691094 0.1376142 0.0915801 0.0603273 0.0571636 0.4430059 0.0332005 0.4886056 0.0790064 0.0692189 
Perityle_angustifolia_13_Eagle_creek       0.1028588 0.1027157 0.1402445 0.2055815 0.0759487 0.3561320 0.1241327 0.0846585 0.1858737 0.1054632 0.3931455 0.0654008 0.0402001 0.0310254 0.0000000 0.4163097 0.4428715 0.0586018 0.0635243 0.0310601 0.0490083 0.0309931 0.4241245 0.0270557 0.0441156 0.0743855 0.3748014 0.0788840 0.3059151 0.3203111 0.0945053 0.1266095 0.1147135 0.0530327 0.1193761 0.0970373 0.0472549 0.0638622 0.0491538 0.4267386 0.4224271 0.0948848 0.0398981 0.0882742 0.3953470 0.0389774 0.0419617 0.0419257 0.0929249 0.4098127 0.0369816 0.0310051 0.0639490 0.0350307 0.0904673 0.0435265 0.0601177 0.0398981 0.0398981 0.0735794 0.0598017 0.0824682 0.0722121 0.0554829 0.0781780 0.0639287 0.0841357 0.0634019 0.0665489 0.0632033 0.4203945 0.0924779 0.0461859 0.0573357 0.0378504 0.0756724 0.0861116 0.0781159 0.0592076 0.0529354 0.3843008 0.0419864 0.4179560 0.0702180 0.0748823 
Perityle_batopilensis_97                   0.4792270 0.3546490 0.4616278 0.4256606 0.4043261 0.0897756 0.4273889 0.3608851 0.5379115 0.4638019 0.0976230 0.4530472 0.4201339 0.4649500 0.4163097 0.0000000 0.1208641 0.3651192 0.4458420 0.4345632 0.4389064 0.4507077 0.1044624 0.4777733 0.4233095 0.4575836 0.0726225 0.4237406 0.2334685 0.1643912 0.4456764 0.5734424 0.4675468 0.4569842 0.4324026 0.4320380 0.4566161 0.3478207 0.4398947 0.1109568 0.1032944 0.4323892 0.4265954 0.4596341 0.0805836 0.4369284 0.4270728 0.4307418 0.5496374 0.1034351 0.4469479 0.4354828 0.4476904 0.4366215 0.4226971 0.4048429 0.4567391 0.4283905 0.4265954 0.3285074 0.3510499 0.4533380 0.4243217 0.4427875 0.4316093 0.4504765 0.4517395 0.3558255 0.3914052 0.4531640 0.1044167 0.4521267 0.4294843 0.4484769 0.4239618 0.3936643 0.4490625 0.4454936 0.4529118 0.4332541 0.1769523 0.4347520 0.1431361 0.4146207 0.4766790 
Perityle_bisetosa_9                        0.5258993 0.3625708 0.5177789 0.4483898 0.4769963 0.0832327 0.4456620 0.3761851 0.5176990 0.5266453 0.1276714 0.5016029 0.4739702 0.5104298 0.4428715 0.1208641 0.0000000 0.4201704 0.4963373 0.4570836 0.4806416 0.4990291 0.1120069 0.5160437 0.4743809 0.5208399 0.1138054 0.4637989 0.2639992 0.1458679 0.4902980 0.5810860 0.5168456 0.4966526 0.4569384 0.4878072 0.5142807 0.4056508 0.4942121 0.0990360 0.0915385 0.4848267 0.4614478 0.5175667 0.1229831 0.4808934 0.4750272 0.4818069 0.5957501 0.0967795 0.4954375 0.4841342 0.4912784 0.4800698 0.4622501 0.3925219 0.5078967 0.4792679 0.4798087 0.3177318 0.3446579 0.5055186 0.4563722 0.4865468 0.4710448 0.4916092 0.4953152 0.4166756 0.4093132 0.4961210 0.1127588 0.4990534 0.4804406 0.4926489 0.4768315 0.4016735 0.4999279 0.4907452 0.4855430 0.4744318 0.1661201 0.4907391 0.1489571 0.4086924 0.4873303 
Perityle_californica_76_positas            0.2064231 0.0643030 0.2315594 0.2595213 0.1280657 0.2490073 0.1222353 0.0805167 0.2517878 0.2277507 0.5019303 0.0958901 0.1037935 0.0955144 0.0586018 0.3651192 0.4201704 0.0000000 0.0742762 0.0617342 0.0937408 0.0994965 0.4830209 0.0700608 0.1033367 0.1094453 0.5095006 0.0893301 0.2468349 0.2695245 0.0969311 0.0806539 0.1987866 0.1004586 0.1451182 0.2365242 0.0864892 0.1001873 0.1028286 0.3886333 0.3706602 0.1110865 0.0892000 0.1031747 0.4938752 0.1013268 0.1033458 0.1032641 0.1096606 0.3594086 0.1014037 0.1013175 0.1032562 0.0846068 0.0977136 0.0673769 0.0910316 0.1032545 0.1051421 0.0769750 0.0637485 0.1112932 0.0642024 0.1012442 0.0925162 0.1052532 0.1428360 0.0877121 0.0641018 0.1055987 0.4642440 0.0878006 0.1052872 0.0918568 0.0995198 0.1068621 0.1382577 0.1054011 0.0840953 0.0973040 0.2734855 0.1032641 0.3759144 0.0512847 0.0782542 
Perityle_canescens_77                      0.1940632 0.1378830 0.3405984 0.3043255 0.1246064 0.3434038 0.1627298 0.0908458 0.3092862 0.2130197 0.5192960 0.0850359 0.0941161 0.0832634 0.0635243 0.4458420 0.4963373 0.0742762 0.0000000 0.0728973 0.0792191 0.0833165 0.5201320 0.0732700 0.0890068 0.0948859 0.5203824 0.0774268 0.2865960 0.3089216 0.1107273 0.1852976 0.1986036 0.0911400 0.1598840 0.1873312 0.0753016 0.0483563 0.0819349 0.4571624 0.4499480 0.1054464 0.0882558 0.1017272 0.5399650 0.0874673 0.0889590 0.0906257 0.1105728 0.4379274 0.0861329 0.0833003 0.0883673 0.0798509 0.0960095 0.0593633 0.0813056 0.0903996 0.0903513 0.0593203 0.0456320 0.0843470 0.0679604 0.0908937 0.0799706 0.0897055 0.1373145 0.0517135 0.0599337 0.0962353 0.5017050 0.1148380 0.0904434 0.0903237 0.0861463 0.0784711 0.1395403 0.0851244 0.0626254 0.0805270 0.4363799 0.0920362 0.4572296 0.0701400 0.0578579 
Perityle_castillonii_96                    0.1450120 0.1402729 0.2760225 0.2423016 0.0899796 0.3530302 0.1632198 0.0883509 0.3037493 0.1401173 0.4175380 0.0429780 0.0267673 0.0220019 0.0310601 0.4345632 0.4570836 0.0617342 0.0728973 0.0000000 0.0267103 0.0217993 0.4390219 0.0150195 0.0234569 0.0731962 0.4194878 0.0775179 0.3017884 0.3120548 0.0919178 0.2397731 0.1537625 0.0385500 0.1238071 0.0989185 0.0285812 0.0479240 0.0599189 0.4407987 0.4298650 0.1097883 0.0234370 0.1205718 0.4174157 0.0230858 0.0246956 0.0247518 0.1966976 0.4176808 0.0280177 0.0227236 0.0693180 0.0399940 0.0794691 0.0390462 0.0395509 0.0247023 0.0221946 0.0652590 0.0453354 0.0653962 0.0628170 0.0419526 0.0766207 0.0704919 0.1039473 0.0476772 0.0632395 0.0442551 0.4364546 0.1026645 0.0259748 0.0410113 0.0209260 0.0643261 0.0967583 0.0702122 0.0486822 0.0334598 0.5001545 0.0247196 0.5094626 0.0718847 0.0617935 
Perityle_cernua_84                         0.2121204 0.1373866 0.3480766 0.2813090 0.1104568 0.3520087 0.1619325 0.1025394 0.3598509 0.2197543 0.4898949 0.0239764 0.0545266 0.0523216 0.0490083 0.4389064 0.4806416 0.0937408 0.0792191 0.0267103 0.0000000 0.0501151 0.4886279 0.0354620 0.0485943 0.0659124 0.4870816 0.0803862 0.2802843 0.3004307 0.0967566 0.2338836 0.2156742 0.0207225 0.1518890 0.1660270 0.0094800 0.0674561 0.0725186 0.4392098 0.4273657 0.1076525 0.0393361 0.1223324 0.4991495 0.0479025 0.0485711 0.0486671 0.1848241 0.4152666 0.0545628 0.0496791 0.0583919 0.0201527 0.0781382 0.0192256 0.0412249 0.0496804 0.0485492 0.0733380 0.0560840 0.0857254 0.0469455 0.0251740 0.0795997 0.0594497 0.1214126 0.0729043 0.0370439 0.0357716 0.4761741 0.1037646 0.0508383 0.0264626 0.0465714 0.0930692 0.1174371 0.0865555 0.0329504 0.0147167 0.4845295 0.0497141 0.5077388 0.0732894 0.0559263 
Perityle_cfvillosa_25_tin                  0.2185214 0.1424496 0.3661968 0.2867629 0.1129532 0.3635150 0.1687360 0.0825239 0.3664032 0.2346819 0.5108319 0.0624030 0.0360877 0.0091787 0.0309931 0.4507077 0.4990291 0.0994965 0.0833165 0.0217993 0.0501151 0.0000000 0.5052830 0.0069258 0.0330137 0.0841418 0.5079442 0.0910909 0.2975580 0.3208771 0.1088994 0.2371696 0.2243206 0.0651987 0.1572498 0.1890393 0.0501743 0.0917732 0.0712865 0.4480818 0.4342232 0.1316200 0.0277294 0.1458657 0.5357857 0.0325321 0.0318720 0.0319343 0.2113662 0.4220773 0.0176253 0.0139156 0.0771820 0.0556140 0.0808405 0.0435241 0.0445120 0.0329542 0.0318581 0.0735769 0.0562066 0.0807629 0.0654436 0.0626694 0.0938317 0.0782306 0.1316355 0.0748240 0.0633005 0.0680184 0.4940543 0.1110774 0.0352009 0.0576037 0.0301692 0.0691094 0.1283258 0.0910191 0.0583103 0.0541538 0.5110982 0.0329758 0.5272893 0.0770148 0.0709698 
Perityle_coahuilensis_24                   0.4554154 0.3588183 0.4511180 0.4123073 0.4708844 0.0590378 0.4586943 0.3656721 0.4900701 0.4496876 0.0854529 0.5012198 0.4819734 0.5228255 0.4241245 0.1044624 0.1120069 0.4830209 0.5201320 0.4390219 0.4886279 0.5052830 0.0000000 0.4983767 0.4854497 0.5169280 0.0762065 0.4773805 0.2785884 0.1433052 0.5140598 0.6134563 0.4504529 0.5107081 0.4349159 0.4237559 0.5197523 0.4193330 0.5052568 0.0082461 0.0043397 0.5056854 0.4797196 0.5381244 0.0741316 0.4766781 0.4854245 0.4888736 0.6190995 0.0117104 0.5038234 0.4945142 0.5088843 0.4914300 0.4739414 0.3719111 0.4764449 0.4846404 0.4851484 0.3293669 0.3270498 0.5134245 0.4255615 0.4973454 0.4901818 0.5114355 0.5174948 0.4677176 0.3544724 0.5067177 0.0050467 0.5173028 0.4911517 0.5036134 0.4796189 0.3794282 0.5256289 0.5299080 0.4911476 0.4832026 0.1334595 0.4951839 0.0697448 0.3959348 0.4657279 
Perityle_cochisensis_44_cave_creek         0.1751430 0.1338965 0.2771298 0.2888714 0.1000529 0.3575169 0.1471922 0.0826215 0.2965966 0.1771198 0.4841014 0.0472048 0.0258282 0.0069224 0.0270557 0.4777733 0.5160437 0.0700608 0.0732700 0.0150195 0.0354620 0.0069258 0.4983767 0.0000000 0.0301378 0.0759905 0.4984202 0.0844363 0.2919414 0.3237689 0.1018105 0.1861233 0.1814703 0.0497895 0.1767582 0.1552985 0.0326956 0.0611867 0.0710636 0.4696388 0.4488986 0.1352597 0.0271473 0.1265315 0.5050952 0.0281380 0.0286097 0.0286852 0.1254758 0.4404427 0.0125198 0.0111020 0.0714954 0.0444388 0.0891465 0.0390691 0.0411321 0.0271481 0.0271499 0.0679049 0.0525445 0.0718976 0.0602264 0.0474631 0.0833908 0.0728513 0.1171086 0.0552401 0.0599804 0.0486716 0.4951572 0.1054932 0.0316049 0.0436470 0.0242086 0.0658351 0.1219035 0.0820536 0.0510281 0.0397887 0.4400707 0.0228061 0.4897000 0.0708977 0.0654651 
Perityle_congesta_202                      0.2239520 0.1337408 0.3567625 0.2877530 0.1185128 0.3483503 0.1672995 0.0911088 0.3625870 0.2350261 0.4811828 0.0621362 0.0194599 0.0332430 0.0441156 0.4233095 0.4743809 0.1033367 0.0890068 0.0234569 0.0485943 0.0330137 0.4854497 0.0301378 0.0000000 0.0875326 0.4797592 0.0913393 0.2866505 0.2973141 0.1051911 0.2406070 0.2242493 0.0687441 0.1548518 0.1816441 0.0535661 0.0836462 0.0780271 0.4300829 0.4154690 0.1228441 0.0043686 0.1466147 0.5055443 0.0275755 0.0052125 0.0052177 0.2069200 0.4034074 0.0384781 0.0353560 0.0806118 0.0575866 0.0860861 0.0493053 0.0523820 0.0062529 0.0052055 0.0681209 0.0607237 0.0868699 0.0727459 0.0601399 0.0940446 0.0816720 0.1436432 0.0748048 0.0673399 0.0677891 0.4710368 0.1159904 0.0041650 0.0584435 0.0088011 0.0452236 0.1354506 0.0841476 0.0568005 0.0560902 0.4816133 0.0083567 0.5015991 0.0824106 0.0764300 
Perityle_cordifolia_27                     0.2228024 0.1587437 0.3676740 0.2999422 0.1211196 0.3694493 0.1822382 0.0978515 0.3682858 0.2353981 0.5250573 0.0750962 0.0949918 0.0865288 0.0743855 0.4575836 0.5208399 0.1094453 0.0948859 0.0731962 0.0659124 0.0841418 0.5169280 0.0759905 0.0875326 0.0000000 0.5128880 0.0958056 0.3047376 0.3170396 0.1078307 0.2447475 0.2246084 0.0803246 0.1590965 0.1868689 0.0657013 0.0859618 0.0759537 0.4687020 0.4559623 0.1305601 0.0820753 0.1409406 0.5338372 0.0888257 0.0898716 0.0900522 0.2117356 0.4406543 0.0829696 0.0848683 0.0162451 0.0696077 0.0937148 0.0505933 0.0758092 0.0898675 0.0898279 0.0829509 0.0752989 0.1019184 0.0120586 0.0741679 0.0960711 0.0173097 0.1385515 0.0825414 0.0536195 0.0750454 0.5063412 0.1086961 0.0899037 0.0715719 0.0888662 0.1152127 0.1285172 0.0998980 0.0584547 0.0634097 0.5279959 0.0888776 0.5448371 0.0865085 0.0729714 
Perityle_cordifolia_68_tecolote            0.4272353 0.3215806 0.4107414 0.3785858 0.4719428 0.0387919 0.4426392 0.3259109 0.4630800 0.4193568 0.0701665 0.4966264 0.4703365 0.5348175 0.3748014 0.0726225 0.1138054 0.5095006 0.5203824 0.4194878 0.4870816 0.5079442 0.0762065 0.4984202 0.4797592 0.5128880 0.0000000 0.4648890 0.2702935 0.1379807 0.5025419 0.6411505 0.4309591 0.5121218 0.4027464 0.3779012 0.5311366 0.4079956 0.4965419 0.0883627 0.0755640 0.5023467 0.4818649 0.5393659 0.0651148 0.4854414 0.4840835 0.4908048 0.6314124 0.0779744 0.5092546 0.4911047 0.5000819 0.4883720 0.4548132 0.3301225 0.4657344 0.4855487 0.4861795 0.3256347 0.2406793 0.5236315 0.3941246 0.5084484 0.4837823 0.5031831 0.4992296 0.4828906 0.3334986 0.5016586 0.0792368 0.5025706 0.4838353 0.4986592 0.4732499 0.3125372 0.5157413 0.5197186 0.4944452 0.4839920 0.1407795 0.4960872 0.1422805 0.3651119 0.4205977 
Perityle_coronopifolia_28_patagonia        0.2067573 0.1390806 0.3479232 0.2697431 0.1285086 0.3381993 0.1863757 0.0987089 0.3179063 0.2261341 0.4767776 0.0876090 0.0949451 0.0942813 0.0788840 0.4237406 0.4637989 0.0893301 0.0774268 0.0775179 0.0803862 0.0910909 0.4773805 0.0844363 0.0913393 0.0958056 0.4648890 0.0000000 0.3035709 0.3184159 0.1088243 0.2504889 0.2137507 0.0971128 0.1436886 0.1969675 0.0834529 0.0807916 0.0873068 0.4330196 0.4312713 0.1219079 0.0840468 0.1331162 0.4864879 0.0911106 0.0911958 0.0889015 0.1945701 0.4183242 0.0947069 0.0919889 0.0936614 0.0856840 0.0934344 0.0713922 0.0895123 0.0911913 0.0911496 0.0806279 0.0689667 0.0893944 0.0739021 0.0879514 0.0119035 0.0947376 0.1410225 0.0627161 0.0671966 0.0888416 0.4643503 0.1195973 0.0938205 0.0910840 0.0913416 0.0909359 0.1401367 0.0939283 0.0682740 0.0791830 0.4542181 0.0924774 0.4764114 0.0815648 0.0719712 
Perityle_crassifolia_70_ventanas           0.3472073 0.3169231 0.3848467 0.4045837 0.2738589 0.0875577 0.3255965 0.3155524 0.4517925 0.3599482 0.2425351 0.3000939 0.2906171 0.2937600 0.3059151 0.2334685 0.2639992 0.2468349 0.2865960 0.3017884 0.2802843 0.2975580 0.2785884 0.2919414 0.2866505 0.3047376 0.2702935 0.3035709 0.0000000 0.0458307 0.2738184 0.3014141 0.3630129 0.2994342 0.3607080 0.3209389 0.2879234 0.2512469 0.2929070 0.2619225 0.2423498 0.3016926 0.2841201 0.3006733 0.2489972 0.2932261 0.2844442 0.2889694 0.3408874 0.2375287 0.2954601 0.2954267 0.2942546 0.2836555 0.2818536 0.3160830 0.3004998 0.2838245 0.2864106 0.2903766 0.3423524 0.3084418 0.3849538 0.2902829 0.2990715 0.2970940 0.2996170 0.2331037 0.3641227 0.2870083 0.2784477 0.2763862 0.2891571 0.2882148 0.2834963 0.4091731 0.3107843 0.2996927 0.2816233 0.2846578 0.1591361 0.2888488 0.2572701 0.3207355 0.2991786 
Perityle_crassifolia_74_playa_balandra     0.2884935 0.3054839 0.3197579 0.3026703 0.2818857 0.0920964 0.3115417 0.3006840 0.3928766 0.2881719 0.1290985 0.3216442 0.2955645 0.3190142 0.3203111 0.1643912 0.1458679 0.2695245 0.3089216 0.3120548 0.3004307 0.3208771 0.1433052 0.3237689 0.2973141 0.3170396 0.1379807 0.3184159 0.0458307 0.0000000 0.2816517 0.3411744 0.2989127 0.3040185 0.2943203 0.3115479 0.3134833 0.2577305 0.3031845 0.1454547 0.1462320 0.3069854 0.2968806 0.3269877 0.1361866 0.3073779 0.2968806 0.3000914 0.3794437 0.1433963 0.3179301 0.3140584 0.3060614 0.2980372 0.3082800 0.3241329 0.3147821 0.2968806 0.2968806 0.2690575 0.3254781 0.3251944 0.3604967 0.2961844 0.3158754 0.3060614 0.3094584 0.2499697 0.3447840 0.3109196 0.1403950 0.2844958 0.3048454 0.3085253 0.3000364 0.3730078 0.3055720 0.3072555 0.2937506 0.3064849 0.1206985 0.2968806 0.1403411 0.3148890 0.3200438 
Perityle_cuneata_34_cuneata_San_antonio    0.2372146 0.1304910 0.3730600 0.2870790 0.1286615 0.3508099 0.1770776 0.1101226 0.3594023 0.2542824 0.5106081 0.1090236 0.1070461 0.1156840 0.0945053 0.4456764 0.4902980 0.0969311 0.1107273 0.0919178 0.0967566 0.1088994 0.5140598 0.1018105 0.1051911 0.1078307 0.5025419 0.1088243 0.2738184 0.2816517 0.0000000 0.2379385 0.2412734 0.1140583 0.1544651 0.2000464 0.1026411 0.0812155 0.1064427 0.4614847 0.4482397 0.1247477 0.1017183 0.1363270 0.5249941 0.1051911 0.1063964 0.1041116 0.2075445 0.4390348 0.1075897 0.1080056 0.1040813 0.0997473 0.0992225 0.0960130 0.1042794 0.1051336 0.1050859 0.0794529 0.0903884 0.1137747 0.1026608 0.1031500 0.1114241 0.1065921 0.1437074 0.0687072 0.0903266 0.1088078 0.4985095 0.1038117 0.1064269 0.1030081 0.1088147 0.0965401 0.1329783 0.1155870 0.0842672 0.0969217 0.5040486 0.1039392 0.5241063 0.1105893 0.0892387 
Perityle_cuneata_4                         0.3059483 0.1499054 0.3657498 0.3787306 0.2450757 0.3871309 0.2255613 0.1028092 0.3607878 0.3230449 0.6237266 0.2392810 0.2415867 0.2054572 0.1266095 0.5734424 0.5810860 0.0806539 0.1852976 0.2397731 0.2338836 0.2371696 0.6134563 0.1861233 0.2406070 0.2447475 0.6411505 0.2504889 0.3014141 0.3411744 0.2379385 0.0000000 0.3012418 0.2136036 0.3106152 0.3239240 0.1941762 0.0970728 0.2444841 0.5676170 0.5471927 0.2602277 0.2395006 0.2107180 0.6441827 0.2323817 0.2403885 0.2377108 0.2730834 0.5419811 0.2434771 0.2380880 0.2476175 0.2232875 0.2428646 0.1204227 0.1492892 0.2404134 0.2418824 0.0826020 0.1067743 0.2327040 0.1636950 0.2446121 0.2431598 0.2508474 0.2458819 0.0691726 0.0984785 0.2455759 0.6051658 0.2248697 0.2439416 0.2399719 0.2308505 0.1302288 0.2551417 0.2578711 0.2263953 0.2334912 0.5093347 0.2370200 0.5408305 0.2143006 0.1703207 
Perityle_discoidea_81                      0.0233153 0.1355489 0.2025929 0.2172544 0.2292916 0.3355979 0.1918145 0.0798524 0.2722101 0.0136145 0.4198719 0.2343891 0.2298380 0.2241687 0.1147135 0.4675468 0.5168456 0.1987866 0.1986036 0.1537625 0.2156742 0.2243206 0.4504529 0.1814703 0.2242493 0.2246084 0.4309591 0.2137507 0.3630129 0.2989127 0.2412734 0.3012418 0.0000000 0.2269114 0.1089747 0.1673071 0.2186366 0.1527139 0.2210420 0.5048596 0.4740274 0.2422125 0.2162665 0.2342008 0.4295559 0.2239012 0.2220045 0.2260019 0.2458561 0.4736502 0.2282898 0.2228446 0.2186856 0.2269827 0.1894794 0.1022611 0.1722493 0.2261147 0.2241561 0.0652590 0.0781489 0.2227377 0.0977900 0.2318330 0.2077118 0.2243093 0.2470685 0.1816309 0.0868472 0.2252053 0.4536941 0.2397731 0.2280331 0.2228788 0.2242184 0.0896894 0.2548036 0.2355719 0.2074198 0.2246160 0.4358463 0.2266933 0.4946134 0.1166536 0.1380421 
Perityle_dissecta_201                      0.2227495 0.1350408 0.3544582 0.2910644 0.1252556 0.3559275 0.1598775 0.0994791 0.3715930 0.2283969 0.5046996 0.0349014 0.0729520 0.0655832 0.0530327 0.4569842 0.4966526 0.1004586 0.0911400 0.0385500 0.0207225 0.0651987 0.5107081 0.0497895 0.0687441 0.0803246 0.5121218 0.0971128 0.2994342 0.3040185 0.1140583 0.2136036 0.2269114 0.0000000 0.1830968 0.1987032 0.0166626 0.0787526 0.0876444 0.4484099 0.4327370 0.1313090 0.0592317 0.1352845 0.5253853 0.0651873 0.0687078 0.0688587 0.1573968 0.4216782 0.0677323 0.0627758 0.0737994 0.0255847 0.0915091 0.0278915 0.0527386 0.0699597 0.0686724 0.0704244 0.0596548 0.0972072 0.0545423 0.0314837 0.0935248 0.0723622 0.1323233 0.0833292 0.0433114 0.0432615 0.5000622 0.1191501 0.0700106 0.0366201 0.0624046 0.0928616 0.1304945 0.1066884 0.0429705 0.0242033 0.4288404 0.0700137 0.4813638 0.0820461 0.0613522 
Perityle_emoryi_47_punta_san_jose          0.1046721 0.1266970 0.2180618 0.2053528 0.1594177 0.3625111 0.1943651 0.0766353 0.3086566 0.1077499 0.4182870 0.1694118 0.1646109 0.1755751 0.1193761 0.4324026 0.4569384 0.1451182 0.1598840 0.1238071 0.1518890 0.1572498 0.4349159 0.1767582 0.1548518 0.1590965 0.4027464 0.1436886 0.3607080 0.2943203 0.1544651 0.3106152 0.1089747 0.1830968 0.0000000 0.1514894 0.1706425 0.1228381 0.1604369 0.4535762 0.4283633 0.1830162 0.1547596 0.2105606 0.4201406 0.1571030 0.1562451 0.1566096 0.2866959 0.4248658 0.1558391 0.1582085 0.1546820 0.1656609 0.1582446 0.1016129 0.1728750 0.1548462 0.1547646 0.0623793 0.0717707 0.1604958 0.0977402 0.1613463 0.1391276 0.1588847 0.1771904 0.1379604 0.0841102 0.1618372 0.4258457 0.1142901 0.1592900 0.1632433 0.1638471 0.0891231 0.1671675 0.1615191 0.1446877 0.1543973 0.5049187 0.1593913 0.5251966 0.1026258 0.1315774 
Perityle_feddemae_99                       0.1569406 0.1830420 0.2719955 0.2294269 0.1952878 0.3667467 0.2089212 0.1304463 0.2677146 0.1631505 0.4064071 0.1770835 0.1861647 0.2089384 0.0970373 0.4320380 0.4878072 0.2365242 0.1873312 0.0989185 0.1660270 0.1890393 0.4237559 0.1552985 0.1816441 0.1868689 0.3779012 0.1969675 0.3209389 0.3115479 0.2000464 0.3239240 0.1673071 0.1987032 0.1514894 0.0000000 0.1895398 0.1397890 0.1817901 0.4530341 0.4517114 0.1082335 0.1556884 0.1336807 0.4211860 0.1803706 0.1815523 0.1806250 0.1912842 0.4335326 0.1889870 0.1927132 0.1630914 0.1768053 0.1499537 0.0720794 0.1191032 0.1802696 0.1801802 0.0911998 0.0944433 0.1997950 0.0967827 0.1818715 0.1863709 0.1673692 0.2251363 0.2079713 0.0802726 0.1854953 0.4175468 0.2079412 0.1830469 0.1795433 0.1874793 0.1278219 0.2060171 0.1959487 0.1649720 0.1701338 0.4985838 0.1804614 0.5160026 0.1158241 0.0880417 
Perityle_fosteri_93                        0.2148777 0.1349449 0.3492918 0.3018529 0.1064433 0.3557235 0.1591706 0.1003027 0.3479870 0.2234196 0.5262729 0.0227485 0.0590719 0.0501442 0.0472549 0.4566161 0.5142807 0.0864892 0.0753016 0.0285812 0.0094800 0.0501743 0.5197523 0.0326956 0.0535661 0.0657013 0.5311366 0.0834529 0.2879234 0.3134833 0.1026411 0.1941762 0.2186366 0.0166626 0.1706425 0.1895398 0.0000000 0.0617661 0.0746003 0.4595178 0.4421889 0.1158215 0.0430600 0.1136255 0.5450497 0.0501655 0.0535366 0.0536586 0.1209464 0.4341547 0.0539983 0.0489262 0.0583413 0.0155705 0.0824958 0.0213614 0.0380227 0.0548199 0.0535087 0.0709939 0.0529382 0.0858610 0.0447221 0.0216201 0.0829322 0.0595627 0.1259277 0.0657624 0.0338147 0.0349819 0.5060283 0.1050870 0.0548606 0.0243016 0.0470968 0.0943076 0.1224919 0.0923610 0.0316548 0.0130494 0.4281340 0.0548630 0.4759301 0.0749436 0.0525507 
Perityle_gamon_221                         0.1634336 0.0674835 0.1918723 0.2162839 0.1091511 0.2536379 0.1234373 0.0901990 0.2126816 0.1900897 0.4176863 0.0757789 0.0842971 0.0876581 0.0638622 0.3478207 0.4056508 0.1001873 0.0483563 0.0479240 0.0674561 0.0917732 0.4193330 0.0611867 0.0836462 0.0859618 0.4079956 0.0807916 0.2512469 0.2577305 0.0812155 0.0970728 0.1527139 0.0787526 0.1228381 0.1397890 0.0617661 0.0000000 0.0749559 0.3739392 0.3637527 0.0452387 0.0713733 0.0451953 0.4274695 0.0856112 0.0836539 0.0835834 0.0434714 0.3454287 0.0938918 0.0917994 0.0799110 0.0616444 0.0768780 0.0461652 0.0664861 0.0795237 0.0795237 0.0652982 0.0521042 0.0919082 0.0412439 0.0713349 0.0842794 0.0820544 0.1250469 0.0629837 0.0400532 0.0819842 0.3871336 0.0895645 0.0836330 0.0752557 0.0774806 0.0853126 0.1245397 0.0941811 0.0585771 0.0673280 0.2822002 0.0835834 0.3536442 0.0487361 0.0524256 
Perityle_gentryi_8_san_francisco           0.2186372 0.1523934 0.3640221 0.2905540 0.1165551 0.3424834 0.1735635 0.1030585 0.3484273 0.2347357 0.5045371 0.0852025 0.0850175 0.0771761 0.0491538 0.4398947 0.4942121 0.1028286 0.0819349 0.0599189 0.0725186 0.0712865 0.5052568 0.0710636 0.0780271 0.0759537 0.4965419 0.0873068 0.2929070 0.3031845 0.1064427 0.2444841 0.2210420 0.0876444 0.1604369 0.1817901 0.0746003 0.0749559 0.0000000 0.4489626 0.4355723 0.1147488 0.0721608 0.1340938 0.5186356 0.0780845 0.0790733 0.0792310 0.1996883 0.4238926 0.0745777 0.0738208 0.0782318 0.0774902 0.0809534 0.0618194 0.0793860 0.0791070 0.0756391 0.0707120 0.0638227 0.0818448 0.0814522 0.0819405 0.0912036 0.0805354 0.1328353 0.0705809 0.0732424 0.0863334 0.4898867 0.1109857 0.0803620 0.0805731 0.0787160 0.0884364 0.1243712 0.0877733 0.0606052 0.0746454 0.4996740 0.0792010 0.5073665 0.0841485 0.0787890 
Perityle_gilensis_22_Superstition          0.4993649 0.3649057 0.5095316 0.4454685 0.4267180 0.0626736 0.4459721 0.3727484 0.5375827 0.4881620 0.0969126 0.4525760 0.4256742 0.4585828 0.4267386 0.1109568 0.0990360 0.3886333 0.4571624 0.4407987 0.4392098 0.4480818 0.0082461 0.4696388 0.4300829 0.4687020 0.0883627 0.4330196 0.2619225 0.1454547 0.4614847 0.5676170 0.5048596 0.4484099 0.4535762 0.4530341 0.4595178 0.3739392 0.4489626 0.0000000 0.0072318 0.4494171 0.4274920 0.4759926 0.0840153 0.4260187 0.4300543 0.4336069 0.5658030 0.0146358 0.4471394 0.4318710 0.4580360 0.4425211 0.4478446 0.3741466 0.4570137 0.4291890 0.4274920 0.3311169 0.3313697 0.4507134 0.4280904 0.4404075 0.4476878 0.4607071 0.4673760 0.3801614 0.3626335 0.4552907 0.0082424 0.4731977 0.4359888 0.4516486 0.4232034 0.3774416 0.4719256 0.4721390 0.4423713 0.4299367 0.1360461 0.4381047 0.0732849 0.3977848 0.4681399 
Perityle_gilensis_salensis_225             0.4689188 0.3588221 0.4879046 0.4185881 0.4226336 0.0591883 0.4370990 0.3685449 0.5167878 0.4620091 0.0832765 0.4411814 0.4104164 0.4427869 0.4224271 0.1032944 0.0915385 0.3706602 0.4499480 0.4298650 0.4273657 0.4342232 0.0043397 0.4488986 0.4154690 0.4559623 0.0755640 0.4312713 0.2423498 0.1462320 0.4482397 0.5471927 0.4740274 0.4327370 0.4283633 0.4517114 0.4421889 0.3637527 0.4355723 0.0072318 0.0000000 0.4512205 0.4127894 0.4752156 0.0784797 0.4113007 0.4154391 0.4190940 0.5602981 0.0117119 0.4332016 0.4144334 0.4448930 0.4303956 0.4343110 0.3719157 0.4346802 0.4145702 0.4127894 0.3322115 0.3283036 0.4390696 0.4255714 0.4280845 0.4464244 0.4453211 0.4627818 0.3617171 0.3578063 0.4417296 0.0072406 0.4442307 0.4215555 0.4415853 0.4072457 0.3774416 0.4655958 0.4529212 0.4302594 0.4175440 0.1337076 0.4237577 0.0706837 0.3996839 0.4471461 
Perityle_glaucescens_94                    0.2425268 0.1721512 0.3805261 0.2855052 0.1522255 0.3795748 0.1842438 0.1273799 0.3472804 0.2564809 0.5038298 0.1142122 0.1269174 0.1432297 0.0948848 0.4323892 0.4848267 0.1110865 0.1054464 0.1097883 0.1076525 0.1316200 0.5056854 0.1352597 0.1228441 0.1305601 0.5023467 0.1219079 0.3016926 0.3069854 0.1247477 0.2602277 0.2422125 0.1313090 0.1830162 0.1082335 0.1158215 0.0452387 0.1147488 0.4494171 0.4512205 0.0000000 0.1173584 0.0264265 0.5096364 0.1263420 0.1227867 0.1218010 0.0964577 0.4359633 0.1315783 0.1317150 0.1290135 0.1100441 0.1311954 0.0720684 0.1018557 0.1202598 0.1189681 0.0882780 0.0907591 0.1122968 0.0942868 0.1156496 0.1129747 0.1302816 0.1691741 0.0740606 0.0769712 0.1279957 0.4858071 0.1486716 0.1241374 0.1143043 0.1263410 0.1281829 0.1534301 0.1258423 0.1031597 0.1094209 0.5178573 0.1242172 0.5141346 0.1278227 0.0901583 
Perityle_gracilis_11                       0.2057470 0.1359436 0.3266349 0.2856958 0.1109327 0.3483503 0.1651471 0.0912213 0.3648312 0.2011118 0.4673679 0.0544783 0.0158324 0.0286054 0.0398981 0.4265954 0.4614478 0.0892000 0.0882558 0.0234370 0.0393361 0.0277294 0.4797196 0.0271473 0.0043686 0.0820753 0.4818649 0.0840468 0.2841201 0.2968806 0.1017183 0.2395006 0.2162665 0.0592317 0.1547596 0.1556884 0.0430600 0.0713733 0.0721608 0.4274920 0.4127894 0.1173584 0.0000000 0.1394439 0.4750745 0.0254783 0.0010869 0.0032750 0.2050462 0.4007555 0.0345457 0.0311478 0.0797931 0.0496397 0.0845970 0.0493540 0.0506256 0.0043606 0.0032670 0.0680324 0.0607237 0.0794087 0.0728299 0.0524038 0.0869157 0.0808587 0.1283169 0.0649554 0.0674357 0.0568427 0.4685117 0.1076395 0.0065637 0.0505647 0.0069153 0.0452236 0.1238116 0.0772000 0.0552919 0.0469702 0.4816133 0.0054617 0.4981793 0.0824054 0.0745034 
Perityle_harkerae_31                       0.2420132 0.1688357 0.3534559 0.3064970 0.1595727 0.3788128 0.1732176 0.1210997 0.2997028 0.2691909 0.5429734 0.1273648 0.1477792 0.1441751 0.0882742 0.4596341 0.5175667 0.1031747 0.1017272 0.1205718 0.1223324 0.1458657 0.5381244 0.1265315 0.1466147 0.1409406 0.5393659 0.1331162 0.3006733 0.3269877 0.1363270 0.2107180 0.2342008 0.1352845 0.2105606 0.1336807 0.1136255 0.0451953 0.1340938 0.4759926 0.4752156 0.0264265 0.1394439 0.0000000 0.5569516 0.1471770 0.1465305 0.1453508 0.0252491 0.4555533 0.1441847 0.1427386 0.1379951 0.1217124 0.1378843 0.0674000 0.1016556 0.1432548 0.1417193 0.0852261 0.0866128 0.1239363 0.0859120 0.1275035 0.1213893 0.1395645 0.1736037 0.0758264 0.0701541 0.1428972 0.5183393 0.1587890 0.1465980 0.1309327 0.1433829 0.1159006 0.1713256 0.1468808 0.1187934 0.1207179 0.4407474 0.1483684 0.4760169 0.1212826 0.0839485 
