85
Amauria_brandeegeana_62                    0.0000000 0.0700314 0.1493354 0.6800692 0.1608382 0.6823095 0.2813679 0.5817697 0.3122178 0.2739772 0.2806908 0.2584181 0.2968430 0.1560772 0.2490015 0.2332897 0.2015777 0.2700492 0.1663536 0.2563681 0.2838890 0.1340796 0.3640134 0.4347700 0.2855990 0.2227816 0.4167105 0.2549751 0.3128492 0.1991375 0.2745295 0.2480184 0.3122201 0.3599330 0.3091361 0.2107020 0.2482659 0.2589370 0.2272181 0.3684937 0.2785106 0.2301876 0.2579298 0.2837858 0.2509353 0.2372173 0.2897248 0.2812980 0.2238177 0.3708673 0.3553530 0.3499050 0.2646413 0.2313330 0.2109352 0.1925131 0.1651204 0.3717477 0.2815477 0.1584998 0.2853211 0.2418041 0.1785474 0.2840953 0.2593148 0.2592777 0.1932016 0.2271710 0.1706690 0.2328799 0.3660757 0.3001624 0.2921122 0.1216164 0.2052345 0.1385065 0.1918926 0.2242672 0.3459579 0.2841730 0.1444135 0.2851431 0.3091361 0.2249047 0.1809226 
Amauria_carterae_99_mesa                   0.0700314 0.0000000 0.0717356 0.4687793 0.1214960 0.4137075 0.2899977 0.4351691 0.1504988 0.1582279 0.1397598 0.1563184 0.2484447 0.1288265 0.1779539 0.1339645 0.1111891 0.1737907 0.1340041 0.1262632 0.1687723 0.1292279 0.2295881 0.2510377 0.1685067 0.1699549 0.1660755 0.1788915 0.1487271 0.1394234 0.1182968 0.1957136 0.1504988 0.2612558 0.1422885 0.1687037 0.1559652 0.1906826 0.1645890 0.2333879 0.1644395 0.1711407 0.1766915 0.1686826 0.1783930 0.1439703 0.1723060 0.1685113 0.1684322 0.2519854 0.2581308 0.2491368 0.1704953 0.1488510 0.1584989 0.1659387 0.1349282 0.1644395 0.1687723 0.1512637 0.2419767 0.2020754 0.1508572 0.1399530 0.1825151 0.1599023 0.1532798 0.1203541 0.1385570 0.1554737 0.2333879 0.1422885 0.1807172 0.1201391 0.1578598 0.1257292 0.1569458 0.1649991 0.2608524 0.1463924 0.0990772 0.1601046 0.1422885 0.1249816 0.1406455 
Amauria_rotundifolia_SRR9119150            0.1493354 0.0717356 0.0000000 0.6984684 0.2422514 0.6442248 0.2975492 0.6464497 0.3446828 0.3063469 0.4380118 0.4170680 0.4104678 0.1842314 0.3387582 0.3750569 0.1704807 0.2714942 0.2839266 0.2444951 0.3313471 0.1331903 0.5078459 0.5122544 0.4183210 0.3232830 0.4788403 0.2895307 0.3311912 0.1824574 0.2543722 0.3083022 0.3337665 0.4920225 0.3371046 0.3193838 0.3402057 0.3139383 0.2884225 0.5126343 0.4446016 0.2605375 0.2738659 0.2922703 0.3097750 0.3725455 0.4599853 0.4433259 0.3001578 0.4714493 0.5066266 0.5004719 0.3798604 0.2374058 0.2163787 0.1750559 0.1592734 0.4018205 0.4452152 0.1873171 0.2694496 0.3022254 0.1667932 0.4480033 0.2628972 0.3761893 0.3036349 0.3000878 0.1606751 0.3351611 0.5100036 0.3202663 0.4560597 0.1091612 0.3387091 0.1341699 0.2915036 0.3106427 0.5009780 0.4522662 0.1439896 0.4302853 0.3371046 0.2030630 0.1582604 
Conoclinium_coelestinum_SRR9119114         0.6800692 0.4687793 0.6984684 0.0000000 0.6938707 0.2560930 0.3372357 0.4884254 0.5550138 0.6607213 0.6753420 0.6779825 0.6520048 0.5687772 0.6835354 0.6542721 0.5853126 0.6294276 0.6201532 0.5354901 0.6777889 0.3323309 0.7288121 0.7831449 0.6809013 0.6449128 0.7619655 0.6923718 0.5994418 0.5121470 0.5682243 0.6901724 0.5607715 0.7718766 0.6006733 0.6883236 0.6640870 0.7225801 0.6651257 0.7204258 0.6890821 0.7233751 0.6493152 0.7470033 0.7146132 0.6777926 0.6896660 0.6848291 0.7200413 0.7143912 0.7574534 0.7498146 0.6520918 0.6407261 0.5742156 0.6271207 0.6210195 0.6460403 0.6810892 0.6453416 0.5434823 0.6740757 0.4731949 0.6815607 0.6952419 0.6548983 0.6736914 0.6610414 0.5485507 0.6520876 0.7243145 0.5614359 0.6877854 0.4386394 0.6396830 0.4148243 0.6722528 0.6998358 0.7682415 0.6797069 0.3704125 0.6805155 0.6006733 0.5986480 0.5149265 
Eutetras_palmeri_63                        0.1608382 0.1214960 0.2422514 0.6938707 0.0000000 0.6336999 0.2782586 0.6124897 0.3395841 0.2215581 0.3218929 0.2772543 0.2002807 0.1309973 0.2169994 0.2560461 0.1399438 0.2779014 0.1728127 0.2705471 0.3099442 0.0920138 0.3166959 0.4101199 0.3118584 0.1967514 0.4691205 0.2379711 0.3367395 0.1826679 0.2662100 0.2247952 0.3343440 0.2842200 0.3233184 0.2016148 0.2455937 0.2170282 0.1917117 0.3208246 0.2988542 0.2097640 0.2377175 0.2688516 0.2144920 0.2578543 0.3140038 0.3055777 0.1970241 0.2772260 0.2783003 0.2781722 0.2764216 0.2065035 0.2375123 0.1916474 0.1749124 0.4416713 0.3101508 0.1724669 0.2674409 0.2166538 0.1396755 0.3265409 0.2048188 0.2726967 0.1566083 0.2318345 0.1464109 0.2246946 0.3186159 0.3343817 0.3124150 0.1405118 0.2113468 0.1627925 0.1635032 0.2137888 0.2742537 0.3234575 0.1218529 0.3177228 0.3233184 0.1671943 0.2046032 
Eutrochium_fistulosum_SRR9119106           0.6823095 0.4137075 0.6442248 0.2560930 0.6336999 0.0000000 0.3237276 0.6733748 0.6451163 0.6958191 0.6392890 0.6376149 0.6188751 0.4913723 0.6459109 0.6318699 0.5649337 0.6023397 0.5760629 0.5317105 0.6159529 0.2859339 0.7086397 0.7223213 0.6354070 0.5936488 0.7244653 0.6497238 0.6859142 0.4514608 0.6665869 0.6653430 0.6490037 0.6879887 0.6889374 0.6494043 0.6395032 0.6723573 0.6058525 0.7076340 0.6511464 0.6749282 0.5872488 0.6699667 0.6676455 0.6510927 0.6401563 0.6396921 0.6874572 0.6937155 0.6881221 0.6984803 0.6459856 0.5876399 0.5417948 0.5518870 0.5548930 0.6464817 0.6415410 0.5679642 0.5281441 0.6536442 0.4524888 0.6445497 0.6371054 0.6442943 0.6620377 0.6067339 0.5041846 0.6045022 0.7035201 0.6422937 0.6436643 0.3924742 0.5906953 0.4101122 0.6708966 0.6757421 0.7006277 0.6436726 0.3178688 0.6488760 0.6889374 0.5625314 0.4619400 
Galeana_pratensis_104_mex                  0.2813679 0.2899977 0.2975492 0.3372357 0.2782586 0.3237276 0.0000000 0.3441308 0.2593463 0.3009915 0.2536111 0.2473099 0.2932121 0.2524330 0.2351478 0.2632452 0.2565651 0.2528516 0.2462219 0.2660530 0.2473099 0.2678358 0.2815865 0.2646106 0.2473099 0.2523227 0.2622903 0.2744779 0.2642638 0.2519888 0.2731287 0.2688419 0.2593463 0.2760140 0.2642744 0.2690508 0.2530911 0.2764145 0.2361687 0.2815865 0.2473099 0.2458246 0.2545575 0.2640266 0.2715353 0.2578125 0.2536578 0.2473099 0.2575441 0.2925530 0.2766501 0.2688694 0.2483583 0.2514968 0.2506430 0.2682413 0.2657358 0.2594343 0.2473099 0.2860150 0.2934766 0.2890745 0.2524230 0.2536111 0.2747783 0.2581933 0.2795797 0.2770241 0.2584330 0.2399230 0.2815865 0.2642744 0.2603796 0.2413553 0.2542872 0.2499756 0.2851052 0.2583542 0.2506324 0.2536111 0.1093026 0.2473099 0.2642744 0.2516960 0.2385605 
Helianthus_annuus_SRR9119062               0.5817697 0.4351691 0.6464497 0.4884254 0.6124897 0.6733748 0.3441308 0.0000000 0.5018549 0.5655536 0.6979734 0.6769120 0.6125281 0.4942628 0.6330139 0.6389414 0.4429286 0.5959769 0.5930734 0.4747664 0.6486443 0.2867867 0.7027862 0.7653204 0.7018339 0.6009966 0.7395442 0.6856180 0.5039721 0.4788081 0.4684861 0.6086073 0.4829464 0.7057837 0.5241879 0.6162936 0.6127185 0.6436307 0.5690033 0.7028670 0.6794799 0.6106623 0.6393290 0.6388495 0.6301478 0.6422963 0.7090034 0.7005625 0.6397736 0.6540092 0.6858504 0.6851451 0.6530434 0.5555724 0.5124609 0.5474169 0.5440262 0.6172858 0.6969080 0.5380874 0.4481771 0.6250921 0.3878794 0.7039251 0.6625616 0.6504733 0.5533477 0.6124544 0.4815465 0.6128839 0.6988440 0.4623130 0.7077150 0.3707809 0.6225701 0.3910115 0.5545848 0.6574975 0.6912705 0.6988460 0.2868225 0.6638816 0.5241879 0.5698713 0.3963994 
Lycapsus_tenuifolius_17                    0.3122178 0.1504988 0.3446828 0.5550138 0.3395841 0.6451163 0.2593463 0.5018549 0.0000000 0.3035724 0.5370984 0.4973567 0.4344804 0.3342639 0.3914712 0.4540332 0.1164363 0.3474813 0.3680979 0.0286452 0.4680527 0.1068761 0.5335291 0.5746509 0.5330809 0.3862472 0.5582144 0.4059968 0.0355328 0.0387323 0.1377767 0.3538254 0.0044851 0.5211645 0.0312902 0.3919275 0.3831734 0.3634279 0.3391415 0.5393766 0.5176127 0.3105640 0.3999012 0.3364460 0.3597568 0.4361581 0.5279730 0.5245927 0.3463882 0.4678826 0.5092452 0.5155119 0.4542524 0.3211950 0.2601997 0.3333978 0.3261041 0.4519058 0.5223692 0.3576903 0.3107966 0.4036407 0.2233502 0.5453750 0.3698529 0.4558730 0.3889634 0.3982117 0.3099208 0.3881460 0.5361527 0.0327817 0.5417807 0.1516746 0.4286202 0.2629096 0.3794864 0.3584845 0.5044529 0.5445673 0.1291131 0.5048236 0.0312902 0.2310343 0.2485473 
Pericome_caudata_50_silver                 0.2739772 0.1582279 0.3063469 0.6607213 0.2215581 0.6958191 0.3009915 0.5655536 0.3035724 0.0000000 0.4339608 0.4024980 0.3431758 0.2079736 0.3409233 0.3865552 0.1868479 0.3282747 0.2885045 0.2855558 0.3823807 0.0868987 0.4390813 0.4905513 0.4317334 0.3226794 0.4984599 0.3553904 0.3157664 0.2244985 0.2605174 0.3263042 0.3017953 0.4050122 0.3077483 0.3195792 0.3595506 0.3287580 0.2877287 0.4442163 0.4189926 0.2972761 0.3348815 0.3173330 0.3274002 0.3718647 0.4292894 0.4287898 0.3141060 0.4058000 0.4003668 0.4257000 0.3956819 0.2897610 0.2447888 0.2307065 0.2382723 0.4283161 0.4310108 0.2485857 0.2839501 0.3255806 0.1708604 0.4397179 0.3315882 0.3899593 0.2717563 0.2741966 0.1895001 0.3502144 0.4414158 0.3008656 0.4433445 0.1592156 0.3449200 0.1740744 0.2602152 0.3238835 0.3946923 0.4368043 0.1474496 0.4281294 0.3077483 0.2087291 0.1906678 
Perityle_aglossa_84_dead_horse             0.2806908 0.1397598 0.4380118 0.6753420 0.3218929 0.6392890 0.2536111 0.6979734 0.5370984 0.4339608 0.0000000 0.0915617 0.1348448 0.0193668 0.1126344 0.1068196 0.3648329 0.1605322 0.0202105 0.3272948 0.0942489 0.0286656 0.2520238 0.3324523 0.1029559 0.0441057 0.3074589 0.2051209 0.4944871 0.2021695 0.5075777 0.2404496 0.5242634 0.2157267 0.5410651 0.1222919 0.1252450 0.2111627 0.0651697 0.2519300 0.0949395 0.1988933 0.0723432 0.2937614 0.2111567 0.1279759 0.1076581 0.0993380 0.2213078 0.2080945 0.2005660 0.2025936 0.1431536 0.0634532 0.1836853 0.0515800 0.0385649 0.1862953 0.1002172 0.0696665 0.2176945 0.2507421 0.0432777 0.0059304 0.1757368 0.1341838 0.3026058 0.3706974 0.0253039 0.0492780 0.2501647 0.3699935 0.1035528 0.0181897 0.0523698 0.0258948 0.2965742 0.1834088 0.2021121 0.0047299 0.0439401 0.1071811 0.5410651 0.3774813 0.0985392 
Perityle_ajoensis_204                      0.2584181 0.1563184 0.4170680 0.6779825 0.2772543 0.6376149 0.2473099 0.6769120 0.4973567 0.4024980 0.0915617 0.0000000 0.1376659 0.0193506 0.0953294 0.1044502 0.3362583 0.1736419 0.0297630 0.3167612 0.0141171 0.0335729 0.2253540 0.2972278 0.0126869 0.0497189 0.2851885 0.1837577 0.4742560 0.1974867 0.4819056 0.2262204 0.4838238 0.2055374 0.5052495 0.1250505 0.1147827 0.1862339 0.0621701 0.2269478 0.0109547 0.1819184 0.0206661 0.2676342 0.1844332 0.1138147 0.0268703 0.0133238 0.1985471 0.2090439 0.1988214 0.1754802 0.1239635 0.0699017 0.1624500 0.0585712 0.0408735 0.0737865 0.0120938 0.0651083 0.2177186 0.2415655 0.0507885 0.0945011 0.1584999 0.1148610 0.2711759 0.3591394 0.0310314 0.0491172 0.2235528 0.3766862 0.0170093 0.0029969 0.0365407 0.0096062 0.2743764 0.1713829 0.1939242 0.0925901 0.0326794 0.0161508 0.5052495 0.3497981 0.0985407 
Perityle_ambrosiifolia_67_green            0.2968430 0.2484447 0.4104678 0.6520048 0.2002807 0.6188751 0.2932121 0.6125281 0.4344804 0.3431758 0.1348448 0.1376659 0.0000000 0.0224809 0.1461823 0.1132135 0.2909661 0.3042930 0.0785267 0.3061918 0.1625567 0.0305544 0.0109335 0.1742030 0.1484570 0.1502182 0.3232684 0.1912379 0.5041843 0.2906531 0.3965955 0.2869672 0.4328105 0.0892953 0.5010602 0.1973898 0.1400828 0.2052896 0.1369076 0.0081882 0.1377693 0.2167153 0.1686550 0.2944924 0.2144751 0.1276153 0.1501460 0.1429558 0.2060523 0.0140101 0.0873015 0.0799368 0.1489031 0.1634425 0.1224621 0.1439268 0.0823976 0.2766755 0.1392919 0.0816357 0.1934572 0.2232827 0.0485625 0.1351354 0.1913351 0.1436606 0.2640848 0.2891296 0.0256116 0.1377176 0.0095625 0.4675228 0.1429237 0.1074615 0.1413952 0.0402071 0.2670792 0.1980246 0.0859335 0.1381152 0.0756533 0.1448443 0.5010602 0.3883250 0.1215330 
Perityle_angustifolia_13_Eagle_creek       0.1560772 0.1288265 0.1842314 0.5687772 0.1309973 0.4913723 0.2524330 0.4942628 0.3342639 0.2079736 0.0193668 0.0193506 0.0224809 0.0000000 0.0327782 0.0279199 0.1589402 0.1459196 0.0148928 0.2934488 0.0193976 0.0302106 0.0201957 0.0525127 0.0127612 0.0365998 0.0985174 0.0714684 0.3405720 0.1869998 0.3138951 0.1215885 0.3375326 0.0158201 0.3335932 0.1005126 0.0084930 0.0965824 0.0279394 0.0179387 0.0193763 0.0911032 0.0193782 0.1414305 0.1036435 0.0106190 0.0193710 0.0169180 0.0908741 0.0293593 0.0170725 0.0213725 0.0366813 0.0042269 0.0260334 0.0453435 0.0370411 0.1217408 0.0169347 0.0822276 0.1775173 0.0838684 0.0254569 0.0218522 0.0714684 0.0300241 0.2049070 0.1499546 0.0074712 0.0192312 0.0179387 0.3335932 0.0267991 0.0130612 0.0193280 0.0146228 0.1985802 0.0599917 0.0214194 0.0193668 0.0356724 0.0169188 0.3335932 0.2111338 0.0852470 
Perityle_batopilensis_97                   0.2490015 0.1779539 0.3387582 0.6835354 0.2169994 0.6459109 0.2351478 0.6330139 0.3914712 0.3409233 0.1126344 0.0953294 0.1461823 0.0327782 0.0000000 0.0513804 0.2531030 0.1843113 0.0336059 0.3121050 0.1210148 0.0258652 0.1863202 0.2891347 0.1096320 0.0616908 0.2654467 0.1111323 0.4145253 0.2207172 0.3606640 0.2101470 0.3803581 0.1832023 0.4147416 0.1323180 0.0571031 0.1555720 0.0155463 0.1863316 0.1036638 0.1534133 0.0996760 0.2067292 0.1580823 0.0524079 0.1157408 0.1069174 0.1448319 0.1991404 0.1794741 0.1842722 0.0711935 0.0614760 0.0670696 0.0674647 0.0556756 0.1956858 0.1061678 0.1000876 0.2024962 0.1893872 0.0511398 0.1129832 0.1204459 0.0690369 0.2620763 0.2892996 0.0345851 0.0617756 0.1847291 0.3747334 0.1143293 0.0276568 0.0540046 0.0425354 0.2562092 0.1366084 0.1750400 0.1095680 0.0685897 0.1121359 0.4147416 0.2500995 0.1042343 
Perityle_bisetosa_9                        0.2332897 0.1339645 0.3750569 0.6542721 0.2560461 0.6318699 0.2632452 0.6389414 0.4540332 0.3865552 0.1068196 0.1044502 0.1132135 0.0279199 0.0513804 0.0000000 0.2480172 0.1526894 0.0230209 0.3108220 0.1172844 0.0128265 0.1880916 0.2934807 0.1260742 0.0495147 0.2856152 0.1440890 0.4426181 0.2003495 0.4169847 0.1978560 0.4408265 0.1792306 0.4573230 0.1218673 0.0379684 0.1801366 0.0388589 0.1866553 0.1201463 0.1390821 0.0711364 0.2383630 0.1825781 0.0383192 0.1288899 0.1216774 0.1774851 0.1571159 0.1766385 0.1746808 0.0711734 0.0412623 0.1011812 0.0541780 0.0422092 0.2300616 0.1216732 0.0780659 0.1950843 0.2139278 0.0480852 0.1110683 0.1194921 0.0688958 0.2911364 0.3391713 0.0266178 0.0434823 0.1865296 0.3544600 0.1289351 0.0181900 0.0500581 0.0325661 0.2811416 0.1708355 0.1753724 0.1093700 0.0758663 0.1249199 0.4573230 0.2928353 0.1069800 
Perityle_californica_76_positas            0.2015777 0.1111891 0.1704807 0.5853126 0.1399438 0.5649337 0.2565651 0.4429286 0.1164363 0.1868479 0.3648329 0.3362583 0.2909661 0.1589402 0.2531030 0.2480172 0.0000000 0.1930758 0.1684638 0.0998915 0.3722193 0.0829472 0.4077435 0.3902004 0.3646809 0.2258235 0.3618610 0.2666512 0.1431501 0.0954024 0.0701779 0.2195202 0.1165817 0.3580829 0.1449726 0.2359313 0.2532271 0.2675429 0.2246607 0.4155400 0.3613087 0.2385379 0.3303497 0.2359465 0.2621423 0.2363511 0.3782195 0.3646809 0.2354948 0.4051940 0.3591353 0.3727061 0.2710411 0.2250725 0.1869812 0.2004337 0.1595636 0.3665469 0.3765121 0.1802952 0.2175037 0.2706977 0.1554374 0.3670333 0.2789782 0.2625498 0.1615652 0.1761908 0.1602476 0.2706768 0.4113020 0.1322731 0.3866788 0.0834548 0.2294155 0.1629566 0.1754114 0.2270740 0.3575565 0.3670781 0.1103937 0.3713815 0.1449726 0.1000579 0.1206156 
Perityle_canescens_77                      0.2700492 0.1737907 0.2714942 0.6294276 0.2779014 0.6023397 0.2528516 0.5959769 0.3474813 0.3282747 0.1605322 0.1736419 0.3042930 0.1459196 0.1843113 0.1526894 0.1930758 0.0000000 0.1633625 0.2823345 0.1417273 0.0590519 0.2981751 0.3002282 0.1472298 0.1700805 0.2263306 0.1491377 0.3815017 0.1965112 0.3414947 0.2468475 0.3474813 0.2683074 0.3757692 0.1813267 0.1574642 0.1997034 0.1696801 0.2960825 0.1781717 0.1670556 0.1543238 0.1724789 0.1968882 0.1548499 0.1752419 0.1733682 0.1716449 0.3127839 0.3020161 0.2849732 0.1652992 0.1318241 0.1011189 0.1159985 0.1186067 0.1701443 0.1672843 0.1688557 0.1838518 0.2338721 0.0872491 0.1628486 0.1536050 0.1670911 0.3374880 0.3051148 0.0864006 0.1543785 0.2960743 0.3784247 0.1794135 0.0907376 0.1760514 0.1013440 0.3308893 0.1785493 0.2954802 0.1619529 0.0767499 0.1711474 0.3757692 0.2469915 0.1409848 
Perityle_castillonii_96                    0.1663536 0.1340041 0.2839266 0.6201532 0.1728127 0.5760629 0.2462219 0.5930734 0.3680979 0.2885045 0.0202105 0.0297630 0.0785267 0.0148928 0.0336059 0.0230209 0.1684638 0.1633625 0.0000000 0.2981281 0.0294544 0.0258631 0.0689251 0.1762042 0.0264423 0.0465405 0.2069297 0.0705930 0.3642598 0.1923958 0.3213161 0.1761382 0.3551872 0.0788710 0.3738765 0.1078526 0.0224762 0.1164862 0.0320206 0.0673591 0.0281688 0.1017101 0.0294322 0.1681681 0.1197491 0.0214767 0.0378115 0.0297866 0.1021907 0.0822611 0.0823699 0.0807803 0.0436486 0.0326723 0.0358148 0.0527015 0.0380845 0.1044929 0.0281624 0.0800988 0.1952325 0.1227352 0.0419046 0.0218068 0.0725219 0.0420672 0.2345184 0.2523031 0.0192685 0.0156552 0.0673591 0.3284022 0.0346272 0.0212844 0.0314112 0.0262338 0.2213592 0.0916933 0.0793098 0.0202105 0.0614140 0.0289576 0.3738765 0.2006388 0.1068367 
Perityle_cernua_84                         0.2563681 0.1262632 0.2444951 0.5354901 0.2705471 0.5317105 0.2660530 0.4747664 0.0286452 0.2855558 0.3272948 0.3167612 0.3061918 0.2934488 0.3121050 0.3108220 0.0998915 0.2823345 0.2981281 0.0000000 0.3160620 0.1066464 0.2908737 0.3114015 0.3163314 0.3025652 0.3199501 0.2941926 0.0050800 0.0030441 0.0931084 0.2862671 0.0286452 0.3064892 0.0000010 0.3018833 0.3025789 0.3045380 0.3004030 0.2947736 0.3163314 0.2818536 0.3259929 0.2829610 0.2983885 0.3077582 0.3163256 0.3163314 0.2899185 0.3055536 0.3078746 0.3090162 0.3110263 0.2948488 0.2148443 0.3278544 0.3101457 0.2867857 0.3160620 0.3183950 0.2982776 0.3255416 0.2182693 0.3223136 0.3016052 0.3060469 0.2917292 0.2613145 0.3048451 0.2869502 0.2947736 0.0000010 0.3307544 0.1465423 0.3132393 0.2451107 0.2993634 0.2996027 0.3104419 0.3225630 0.1207061 0.3165736 0.0000010 0.2071041 0.2253211 
Perityle_cfvillosa_25_tin                  0.2838890 0.1687723 0.3313471 0.6777889 0.3099442 0.6159529 0.2473099 0.6486443 0.4680527 0.3823807 0.0942489 0.0141171 0.1625567 0.0193976 0.1210148 0.1172844 0.3722193 0.1417273 0.0294544 0.3160620 0.0000000 0.0286664 0.2600064 0.2597992 0.0114765 0.0460480 0.2075294 0.1944185 0.4764960 0.2055124 0.5026628 0.2231133 0.4680713 0.2515215 0.4885278 0.1094436 0.1288926 0.2043759 0.0676815 0.2619194 0.0166691 0.1893854 0.0205539 0.2571978 0.2023616 0.1244976 0.0276522 0.0150937 0.2115265 0.2365892 0.2376941 0.2218821 0.1332905 0.0609956 0.1945217 0.0562701 0.0385341 0.0768973 0.0027025 0.0696376 0.2167694 0.2517779 0.0508611 0.0991455 0.1893940 0.1245846 0.2829452 0.2871352 0.0281486 0.0517845 0.2578052 0.3729884 0.0220760 0.0030004 0.0238513 0.0096181 0.2982915 0.1745390 0.2413728 0.0969286 0.0326794 0.0232841 0.4885278 0.3801307 0.0982230 
Perityle_cinerea_113_Powell1310            0.1340796 0.1292279 0.1331903 0.3323309 0.0920138 0.2859339 0.2678358 0.2867867 0.1068761 0.0868987 0.0286656 0.0335729 0.0305544 0.0302106 0.0258652 0.0128265 0.0829472 0.0590519 0.0258631 0.1066464 0.0286664 0.0000000 0.0217169 0.0215597 0.0286664 0.0390648 0.0391914 0.0591557 0.1165277 0.1018527 0.1026634 0.0711081 0.1068761 0.0303835 0.1066464 0.0668342 0.0347747 0.0625774 0.0258588 0.0217169 0.0286664 0.0623671 0.0385378 0.0577093 0.0864383 0.0302625 0.0335688 0.0286664 0.0621142 0.0304944 0.0260056 0.0302694 0.0437101 0.0302106 0.0347282 0.0437261 0.0404492 0.0286664 0.0286664 0.0643783 0.1157162 0.0910742 0.0390648 0.0286656 0.0638065 0.0435471 0.1126996 0.1122030 0.0346459 0.0258143 0.0217169 0.1066464 0.0435223 0.0286664 0.0237486 0.0335718 0.1233800 0.0493182 0.0347193 0.0286656 0.0278872 0.0286664 0.1066464 0.0875765 0.0287809 
Perityle_coahuilensis_24                   0.3640134 0.2295881 0.5078459 0.7288121 0.3166959 0.7086397 0.2815865 0.7027862 0.5335291 0.4390813 0.2520238 0.2253540 0.0109335 0.0201957 0.1863202 0.1880916 0.4077435 0.2981751 0.0689251 0.2908737 0.2600064 0.0217169 0.0000000 0.2497508 0.2494320 0.1426243 0.4086251 0.2734167 0.5664268 0.2713820 0.5250857 0.3457210 0.5252441 0.1393671 0.6004922 0.2018702 0.2259320 0.2962493 0.1616423 0.0034274 0.2313908 0.2846608 0.2327131 0.3828837 0.3028648 0.2141397 0.2464081 0.2392367 0.2999355 0.0179914 0.1322691 0.1268611 0.2303480 0.1857930 0.2194279 0.1319237 0.0731833 0.4085626 0.2357413 0.0687593 0.1898822 0.3256070 0.0454144 0.2504139 0.2507668 0.2176368 0.2982977 0.3662487 0.0230025 0.1602059 0.0022856 0.4667453 0.2409385 0.0935404 0.1633134 0.0330048 0.3191248 0.2707719 0.1353613 0.2544925 0.0543127 0.2481455 0.6004922 0.5283371 0.1075551 
Perityle_cochisensis_44_cave_creek         0.4347700 0.2510377 0.5122544 0.7831449 0.4101199 0.7223213 0.2646106 0.7653204 0.5746509 0.4905513 0.3324523 0.2972278 0.1742030 0.0525127 0.2891347 0.2934807 0.3902004 0.3002282 0.1762042 0.3114015 0.2597992 0.0215597 0.2497508 0.0000000 0.2844114 0.2262860 0.4072757 0.3065553 0.6293165 0.3055310 0.5585965 0.4318848 0.5776902 0.1594855 0.6401845 0.2794374 0.2978771 0.3849266 0.2357113 0.2497609 0.3087919 0.3242615 0.2136096 0.3981181 0.3939077 0.3088565 0.3196437 0.3101215 0.3850635 0.2154024 0.1833202 0.1630329 0.3148310 0.2055994 0.2471527 0.1304298 0.0720309 0.3502747 0.3142493 0.1160133 0.1953775 0.3982803 0.0451015 0.3350147 0.2796864 0.3105109 0.4123717 0.4195898 0.0291983 0.2401031 0.2499962 0.5368508 0.3086581 0.0861914 0.2458430 0.0260227 0.4268957 0.3791028 0.1838103 0.3349724 0.0758659 0.3170430 0.6401845 0.5341434 0.1140032 
Perityle_congesta_202                      0.2855990 0.1685067 0.4183210 0.6809013 0.3118584 0.6354070 0.2473099 0.7018339 0.5330809 0.4317334 0.1029559 0.0126869 0.1484570 0.0127612 0.1096320 0.1260742 0.3646809 0.1472298 0.0264423 0.3163314 0.0114765 0.0286664 0.2494320 0.2844114 0.0000000 0.0495162 0.2708343 0.2003233 0.5186733 0.2093991 0.5157845 0.2407923 0.5197610 0.2199787 0.5453067 0.1167789 0.1357250 0.2037043 0.0682313 0.2511252 0.0087153 0.1890676 0.0091909 0.2558087 0.2019504 0.1343162 0.0198371 0.0036797 0.2145187 0.2271338 0.2254690 0.2012450 0.1436048 0.0716639 0.1870644 0.0562744 0.0384978 0.0629503 0.0098589 0.0693399 0.2169606 0.2660031 0.0470241 0.1060496 0.1775847 0.1341795 0.2843007 0.3828731 0.0252498 0.0470594 0.2474951 0.3916994 0.0161023 0.0029967 0.0297896 0.0063879 0.3015567 0.1962797 0.2186677 0.1039894 0.0326794 0.0190346 0.5453067 0.3871707 0.0982230 
Perityle_cordifolia_27                     0.2227816 0.1699549 0.3232830 0.6449128 0.1967514 0.5936488 0.2523227 0.6009966 0.3862472 0.3226794 0.0441057 0.0497189 0.1502182 0.0365998 0.0616908 0.0495147 0.2258235 0.1700805 0.0465405 0.3025652 0.0460480 0.0390648 0.1426243 0.2262860 0.0495162 0.0000000 0.2148312 0.1043896 0.4015750 0.2023642 0.3544211 0.1994416 0.3735979 0.1381893 0.4096504 0.1447345 0.0538656 0.1449476 0.0515984 0.1411030 0.0513631 0.1406462 0.0545889 0.2003392 0.1444365 0.0515484 0.0586478 0.0483202 0.1372362 0.1575856 0.1381504 0.1309373 0.0154098 0.0596159 0.0582465 0.0726511 0.0568265 0.1205842 0.0453325 0.0987081 0.2066303 0.1689150 0.0146451 0.0441878 0.1079645 0.0127952 0.2676959 0.2904919 0.0415085 0.0501758 0.1410988 0.3660553 0.0542472 0.0305316 0.0557244 0.0395948 0.2518172 0.1234870 0.1352275 0.0439980 0.0757235 0.0481729 0.4096504 0.2473791 0.1206469 
Perityle_cordifolia_68_tecolote            0.4167105 0.1660755 0.4788403 0.7619655 0.4691205 0.7244653 0.2622903 0.7395442 0.5582144 0.4984599 0.3074589 0.2851885 0.3232684 0.0985174 0.2654467 0.2856152 0.3618610 0.2263306 0.2069297 0.3199501 0.2075294 0.0391914 0.4086251 0.4072757 0.2708343 0.2148312 0.0000000 0.2772748 0.5448702 0.2324522 0.5293610 0.3845069 0.5655046 0.3874338 0.5546825 0.2769836 0.2509758 0.3501798 0.2023316 0.4066932 0.3013688 0.2718915 0.1717353 0.3324482 0.3509494 0.2895892 0.3064496 0.3028210 0.3577083 0.3578102 0.4194230 0.3887669 0.2982612 0.1537015 0.1949134 0.0155250 0.0620557 0.2507921 0.3029467 0.1639596 0.2022368 0.4171098 0.0573106 0.3094030 0.2553845 0.2942835 0.4365620 0.4683473 0.0442715 0.2169936 0.4090923 0.4224802 0.3067160 0.0399798 0.2439116 0.0495317 0.4619008 0.3581678 0.4158379 0.3066944 0.0756345 0.2909970 0.5546825 0.3957677 0.1285549 
Perityle_coronopifolia_28_patagonia        0.2549751 0.1788915 0.2895307 0.6923718 0.2379711 0.6497238 0.2744779 0.6856180 0.4059968 0.3553904 0.2051209 0.1837577 0.1912379 0.0714684 0.1111323 0.1440890 0.2666512 0.1491377 0.0705930 0.2941926 0.1944185 0.0591557 0.2734167 0.3065553 0.2003233 0.1043896 0.2772748 0.0000000 0.4071865 0.2032389 0.4118501 0.1972431 0.3948255 0.2589898 0.4250730 0.1420481 0.1471232 0.1765711 0.1048874 0.2789100 0.2019237 0.1584390 0.1456265 0.1788051 0.1826042 0.1381236 0.2083389 0.1991203 0.1811427 0.2557962 0.2551900 0.2547150 0.1516774 0.0968634 0.1036046 0.0911442 0.0817086 0.2778475 0.2019607 0.0412618 0.2185225 0.2404305 0.0954157 0.2072971 0.0144499 0.1513007 0.2821103 0.3044718 0.0767734 0.1085837 0.2751671 0.3660215 0.2100654 0.0440627 0.1080571 0.0725421 0.2800425 0.1811531 0.2570728 0.2041692 0.0333301 0.2104309 0.4250730 0.3121331 0.1334317 
Perityle_crassifolia_70_ventanas           0.3128492 0.1487271 0.3311912 0.5994418 0.3367395 0.6859142 0.2642638 0.5039721 0.0355328 0.3157664 0.4944871 0.4742560 0.5041843 0.3405720 0.4145253 0.4426181 0.1431501 0.3815017 0.3642598 0.0050800 0.4764960 0.1165277 0.5664268 0.6293165 0.5186733 0.4015750 0.5448702 0.4071865 0.0000000 0.0077265 0.1369744 0.3884715 0.0355588 0.5835072 0.0041821 0.4141280 0.4266579 0.4096082 0.3808442 0.5696474 0.5070556 0.3703469 0.4169955 0.3929583 0.4006781 0.4302752 0.5206478 0.5112523 0.3939318 0.5341289 0.5787482 0.5766910 0.4478407 0.3551251 0.2654503 0.3426108 0.3379446 0.4656100 0.5092704 0.3584476 0.3073682 0.3958646 0.2300653 0.4947660 0.4058345 0.4470974 0.3718434 0.3786238 0.3187991 0.4007274 0.5696474 0.0032911 0.5272647 0.1503674 0.4272576 0.2545116 0.3646430 0.3711417 0.5730545 0.4990700 0.1207061 0.5035079 0.0041821 0.2419059 0.2370553 
Perityle_crassifolia_74_playa_balandra     0.1991375 0.1394234 0.1824574 0.5121470 0.1826679 0.4514608 0.2519888 0.4788081 0.0387323 0.2244985 0.2021695 0.1974867 0.2906531 0.1869998 0.2207172 0.2003495 0.0954024 0.1965112 0.1923958 0.0030441 0.2055124 0.1018527 0.2713820 0.3055310 0.2093991 0.2023642 0.2324522 0.2032389 0.0077265 0.0000000 0.1023007 0.2234939 0.0387323 0.3113457 0.0025676 0.2130196 0.2082449 0.2281347 0.2104566 0.2752634 0.2053175 0.2196972 0.2176159 0.2172299 0.2198650 0.1996094 0.2053380 0.2094023 0.2169266 0.2904816 0.3087268 0.3103451 0.2097174 0.2043564 0.1981330 0.2357356 0.1995557 0.2053175 0.2055124 0.2050798 0.2940518 0.2395994 0.2028693 0.1981264 0.2136354 0.2055716 0.2122659 0.1584168 0.2043547 0.1873006 0.2752634 0.0025676 0.2216286 0.1380110 0.1984582 0.1972360 0.2157762 0.2069996 0.3113409 0.1981264 0.1207061 0.1975518 0.0025676 0.1428939 0.1344435 
Perityle_cuneata_34_cuneata_San_antonio    0.2745295 0.1182968 0.2543722 0.5682243 0.2662100 0.6665869 0.2731287 0.4684861 0.1377767 0.2605174 0.5075777 0.4819056 0.3965955 0.3138951 0.3606640 0.4169847 0.0701779 0.3414947 0.3213161 0.0931084 0.5026628 0.1026634 0.5250857 0.5585965 0.5157845 0.3544211 0.5293610 0.4118501 0.1369744 0.1023007 0.0000000 0.3289640 0.1356502 0.4893316 0.1451616 0.3608132 0.3966621 0.3699010 0.3482646 0.5314038 0.5052680 0.3434234 0.4431817 0.3557025 0.3603387 0.4131476 0.5239327 0.5093256 0.3350671 0.4813174 0.4845288 0.4989800 0.4240100 0.3311711 0.2360835 0.3062851 0.3174556 0.4909940 0.5121358 0.3389168 0.2241788 0.3561913 0.1648240 0.5085473 0.3823659 0.4184891 0.2973236 0.2994064 0.2947109 0.3778005 0.5279196 0.1204387 0.5279081 0.1095456 0.4066075 0.2040151 0.2927392 0.3400894 0.4769860 0.5104047 0.1053347 0.5108362 0.1451616 0.1528950 0.1997374 
Perityle_cuneata_4                         0.2480184 0.1957136 0.3083022 0.6901724 0.2247952 0.6653430 0.2688419 0.6086073 0.3538254 0.3263042 0.2404496 0.2262204 0.2869672 0.1215885 0.2101470 0.1978560 0.2195202 0.2468475 0.1761382 0.2862671 0.2231133 0.0711081 0.3457210 0.4318848 0.2407923 0.1994416 0.3845069 0.1972431 0.3884715 0.2234939 0.3289640 0.0000000 0.3522278 0.3384725 0.3834268 0.1915258 0.2065522 0.2026429 0.1864627 0.3457464 0.2336130 0.1936484 0.1968710 0.2518272 0.1874133 0.1936565 0.2452285 0.2363523 0.1867192 0.3469444 0.3349242 0.3388445 0.2218207 0.1690195 0.1483631 0.1756551 0.1631109 0.2768748 0.2389611 0.1558619 0.2480625 0.2147749 0.1418116 0.2448997 0.2066516 0.2184931 0.2725930 0.3091348 0.1489923 0.2117708 0.3435999 0.3822567 0.2532959 0.0917703 0.1681744 0.1131262 0.2576927 0.2025810 0.3350300 0.2399832 0.1235467 0.2447912 0.3834268 0.2395713 0.1929537 
Perityle_discoidea_81                      0.3122201 0.1504988 0.3337665 0.5607715 0.3343440 0.6490037 0.2593463 0.4829464 0.0044851 0.3017953 0.5242634 0.4838238 0.4328105 0.3375326 0.3803581 0.4408265 0.1165817 0.3474813 0.3551872 0.0286452 0.4680713 0.1068761 0.5252441 0.5776902 0.5197610 0.3735979 0.5655046 0.3948255 0.0355588 0.0387323 0.1356502 0.3522278 0.0000000 0.5122833 0.0320641 0.3810528 0.3859180 0.3587057 0.3417156 0.5311877 0.5046307 0.3105663 0.3994064 0.3340797 0.3550061 0.4263293 0.5178665 0.5116724 0.3424021 0.4712509 0.5004296 0.5067139 0.4468452 0.3238830 0.2605120 0.3333978 0.3261041 0.4519240 0.5095225 0.3608406 0.3107966 0.3898873 0.2233502 0.5326603 0.3576868 0.4455927 0.3757895 0.3868389 0.3099208 0.3759798 0.5279140 0.0308089 0.5290281 0.1516746 0.4155520 0.2629096 0.3712825 0.3523851 0.4955882 0.5318545 0.1291131 0.5048449 0.0320641 0.2312915 0.2485473 
Perityle_dissecta_201                      0.3599330 0.2612558 0.4920225 0.7718766 0.2842200 0.6879887 0.2760140 0.7057837 0.5211645 0.4050122 0.2157267 0.2055374 0.0892953 0.0158201 0.1832023 0.1792306 0.3580829 0.2683074 0.0788710 0.3064892 0.2515215 0.0303835 0.1393671 0.1594855 0.2199787 0.1381893 0.3874338 0.2589898 0.5835072 0.3113457 0.4893316 0.3384725 0.5122833 0.0000000 0.5933978 0.1924341 0.1998156 0.2720334 0.1632465 0.1379266 0.2161303 0.2609648 0.2028830 0.3281555 0.2768804 0.1871566 0.2191028 0.2205903 0.2759149 0.1206135 0.0230881 0.0495397 0.2042940 0.1800744 0.2185047 0.1360494 0.0763360 0.3661592 0.2264341 0.0835102 0.1919399 0.3013649 0.0420096 0.2194693 0.2456539 0.2009090 0.2956864 0.3774177 0.0242202 0.1422935 0.1378318 0.4954661 0.2223531 0.1027596 0.1566073 0.0325842 0.3124720 0.2556816 0.0218907 0.2201210 0.0621669 0.2387041 0.5933978 0.4814474 0.1176679 
Perityle_emoryi_47_punta_san_jose          0.3091361 0.1422885 0.3371046 0.6006733 0.3233184 0.6889374 0.2642744 0.5241879 0.0312902 0.3077483 0.5410651 0.5052495 0.5010602 0.3335932 0.4147416 0.4573230 0.1449726 0.3757692 0.3738765 0.0000010 0.4885278 0.1066464 0.6004922 0.6401845 0.5453067 0.4096504 0.5546825 0.4250730 0.0041821 0.0025676 0.1451616 0.3834268 0.0320641 0.5933978 0.0000000 0.4203219 0.4138270 0.3965463 0.3741595 0.6061518 0.5338468 0.3570963 0.4308855 0.3812537 0.3883182 0.4434507 0.5433651 0.5373355 0.3845607 0.5502705 0.5828788 0.5863272 0.4722373 0.3500201 0.2598480 0.3359708 0.3310875 0.4862011 0.5352633 0.3517605 0.2982776 0.4122450 0.2221736 0.5413523 0.4039196 0.4712687 0.3704391 0.3936023 0.3112718 0.4108439 0.6030064 0.0000010 0.5527081 0.1420288 0.4488772 0.2514936 0.3676184 0.3708723 0.5748899 0.5427737 0.1207061 0.5189174 0.0000010 0.2400456 0.2325086 
Perityle_feddemae_99                       0.2107020 0.1687037 0.3193838 0.6883236 0.2016148 0.6494043 0.2690508 0.6162936 0.3919275 0.3195792 0.1222919 0.1250505 0.1973898 0.1005126 0.1323180 0.1218673 0.2359313 0.1813267 0.1078526 0.3018833 0.1094436 0.0668342 0.2018702 0.2794374 0.1167789 0.1447345 0.2769836 0.1420481 0.4141280 0.2130196 0.3608132 0.1915258 0.3810528 0.1924341 0.4203219 0.0000000 0.1225914 0.1275050 0.1242415 0.2001619 0.1202917 0.0381748 0.1152681 0.1020665 0.1321340 0.1216120 0.1251059 0.1200209 0.0277325 0.2025906 0.1947223 0.1881778 0.1419300 0.1269272 0.0932202 0.1109552 0.1062975 0.1753206 0.1199313 0.1200825 0.2108765 0.1980095 0.1083960 0.1226432 0.1459172 0.1383657 0.2622237 0.2849060 0.1069114 0.1229866 0.2001561 0.3795567 0.1271041 0.0820780 0.1269863 0.1096723 0.2421577 0.1450200 0.1860208 0.1203176 0.0905890 0.1220876 0.4203219 0.2601286 0.1397182 
Perityle_fosteri_93                        0.2482659 0.1559652 0.3402057 0.6640870 0.2455937 0.6395032 0.2530911 0.6127185 0.3831734 0.3595506 0.1252450 0.1147827 0.1400828 0.0084930 0.0571031 0.0379684 0.2532271 0.1574642 0.0224762 0.3025789 0.1288926 0.0347747 0.2259320 0.2978771 0.1357250 0.0538656 0.2509758 0.1471232 0.4266579 0.2082449 0.3966621 0.2065522 0.3859180 0.1998156 0.4138270 0.1225914 0.0000000 0.1777427 0.0406179 0.2259461 0.1279686 0.1414719 0.0802003 0.2312445 0.1771696 0.0332484 0.1338441 0.1293856 0.1716428 0.1929736 0.2000396 0.1927474 0.0704856 0.0248205 0.1074100 0.0602003 0.0423264 0.2341354 0.1293051 0.0802375 0.2110198 0.2071047 0.0481762 0.1283622 0.1329281 0.0672356 0.2780865 0.2960848 0.0000010 0.0473464 0.2242456 0.3618713 0.1385919 0.0275523 0.0541094 0.0393561 0.2686501 0.1557859 0.1955372 0.1263111 0.0614140 0.1291528 0.4138270 0.3044841 0.1174649 
Perityle_gamon_221                         0.2589370 0.1906826 0.3139383 0.7225801 0.2170282 0.6723573 0.2764145 0.6436307 0.3634279 0.3287580 0.2111627 0.1862339 0.2052896 0.0965824 0.1555720 0.1801366 0.2675429 0.1997034 0.1164862 0.3045380 0.2043759 0.0625774 0.2962493 0.3849266 0.2037043 0.1449476 0.3501798 0.1765711 0.4096082 0.2281347 0.3699010 0.2026429 0.3587057 0.2720334 0.3965463 0.1275050 0.1777427 0.0000000 0.1377265 0.2962689 0.2010441 0.1480363 0.1577442 0.1884690 0.0273389 0.1727334 0.2135181 0.2003658 0.1409291 0.2674036 0.2723779 0.2761600 0.2068492 0.1289123 0.1577940 0.1368084 0.1116589 0.2871744 0.2075225 0.1178892 0.2364996 0.2348367 0.1024633 0.2164585 0.1532751 0.2004599 0.2469710 0.3039601 0.0964628 0.1427200 0.2943804 0.3951358 0.2173630 0.0859056 0.1333149 0.0890865 0.2419883 0.1651076 0.2564426 0.2135216 0.1333276 0.2160157 0.3965463 0.2859211 0.1561056 
Perityle_gentryi_8_san_francisco           0.2272181 0.1645890 0.2884225 0.6651257 0.1917117 0.6058525 0.2361687 0.5690033 0.3391415 0.2877287 0.0651697 0.0621701 0.1369076 0.0279394 0.0155463 0.0388589 0.2246607 0.1696801 0.0320206 0.3004030 0.0676815 0.0258588 0.1616423 0.2357113 0.0682313 0.0515984 0.2023316 0.1048874 0.3808442 0.2104566 0.3482646 0.1864627 0.3417156 0.1632465 0.3741595 0.1242415 0.0406179 0.1377265 0.0000000 0.1616529 0.0625439 0.1347618 0.0743211 0.1860509 0.1404065 0.0380863 0.0723997 0.0663772 0.1246069 0.1769853 0.1603512 0.1607503 0.0529627 0.0507507 0.0401017 0.0625725 0.0508511 0.1419760 0.0617532 0.0884047 0.2063694 0.1660718 0.0449526 0.0623358 0.1118419 0.0515071 0.2417298 0.2262774 0.0315744 0.0527195 0.1600777 0.3692484 0.0740329 0.0214329 0.0475496 0.0295243 0.2311138 0.1082174 0.1556732 0.0620221 0.0758425 0.0662469 0.3741595 0.2237282 0.1042251 
Perityle_gilensis_22_Superstition          0.3684937 0.2333879 0.5126343 0.7204258 0.3208246 0.7076340 0.2815865 0.7028670 0.5393766 0.4442163 0.2519300 0.2269478 0.0081882 0.0179387 0.1863316 0.1866553 0.4155400 0.2960825 0.0673591 0.2947736 0.2619194 0.0217169 0.0034274 0.2497609 0.2511252 0.1411030 0.4066932 0.2789100 0.5696474 0.2752634 0.5314038 0.3457464 0.5311877 0.1379266 0.6061518 0.2001619 0.2259461 0.2962689 0.1616529 0.0000000 0.2329898 0.2846815 0.2346677 0.3829123 0.3028850 0.2141523 0.2480189 0.2408340 0.2999549 0.0141033 0.1309048 0.1254868 0.2272799 0.1840948 0.2194411 0.1296671 0.0709807 0.4110276 0.2373327 0.0708901 0.1863397 0.3256308 0.0423454 0.2503206 0.2563333 0.2145990 0.3029101 0.3713046 0.0204301 0.1587155 0.0034297 0.4700301 0.2425386 0.0935404 0.1633184 0.0330048 0.3236464 0.2674173 0.1339907 0.2543979 0.0614140 0.2497981 0.6061518 0.5314715 0.1042819 
Perityle_gilensis_salensis_225             0.2785106 0.1644395 0.4446016 0.6890821 0.2988542 0.6511464 0.2473099 0.6794799 0.5176127 0.4189926 0.0949395 0.0109547 0.1377693 0.0193763 0.1036638 0.1201463 0.3613087 0.1781717 0.0281688 0.3163314 0.0166691 0.0286664 0.2313908 0.3087919 0.0087153 0.0513631 0.3013688 0.2019237 0.5070556 0.2053175 0.5052680 0.2336130 0.5046307 0.2161303 0.5338468 0.1202917 0.1279686 0.2010441 0.0625439 0.2329898 0.0000000 0.1793697 0.0178098 0.2727266 0.1976270 0.1249065 0.0252329 0.0095174 0.2038143 0.2084403 0.2088946 0.1862911 0.1364903 0.0687593 0.1789384 0.0539283 0.0385361 0.0703915 0.0131153 0.0695688 0.2169606 0.2518352 0.0470241 0.0978768 0.1790320 0.1274394 0.2834296 0.3762038 0.0310051 0.0509324 0.2295779 0.3874231 0.0191803 0.0000010 0.0325144 0.0063879 0.2899552 0.1886021 0.2040041 0.0959533 0.0326794 0.0221015 0.5338468 0.3849668 0.0982230 
Perityle_glaucescens_94                    0.2301876 0.1711407 0.2605375 0.7233751 0.2097640 0.6749282 0.2458246 0.6106623 0.3105640 0.2972761 0.1988933 0.1819184 0.2167153 0.0911032 0.1534133 0.1390821 0.2385379 0.1670556 0.1017101 0.2818536 0.1893854 0.0623671 0.2846608 0.3242615 0.1890676 0.1406462 0.2718915 0.1584390 0.3703469 0.2196972 0.3434234 0.1936484 0.3105663 0.2609648 0.3570963 0.0381748 0.1414719 0.1480363 0.1347618 0.2846815 0.1793697 0.0000000 0.1754094 0.0763386 0.1491833 0.1342992 0.1951751 0.1879301 0.0195540 0.2872386 0.2561158 0.2532495 0.1633706 0.1394722 0.1211486 0.1136529 0.0995812 0.2634527 0.1902964 0.1094010 0.2001099 0.2023836 0.0986158 0.1977559 0.1637784 0.1581833 0.2416079 0.2226247 0.0932775 0.1401566 0.2826223 0.3698325 0.2009681 0.0697995 0.1259138 0.1013926 0.2392565 0.1479253 0.2522489 0.1930857 0.0831800 0.1918819 0.3570963 0.2691945 0.1328550 
Perityle_gracilis_11                       0.2579298 0.1766915 0.2738659 0.6493152 0.2377175 0.5872488 0.2545575 0.6393290 0.3999012 0.3348815 0.0723432 0.0206661 0.1686550 0.0193782 0.0996760 0.0711364 0.3303497 0.1543238 0.0294322 0.3259929 0.0205539 0.0385378 0.2327131 0.2136096 0.0091909 0.0545889 0.1717353 0.1456265 0.4169955 0.2176159 0.4431817 0.1968710 0.3994064 0.2028830 0.4308855 0.1152681 0.0802003 0.1577442 0.0743211 0.2346677 0.0178098 0.1754094 0.0000000 0.2076086 0.1521488 0.0806661 0.0145934 0.0116633 0.1644728 0.2470008 0.1954527 0.1962201 0.0889853 0.0609319 0.1210266 0.0633263 0.0384734 0.0736613 0.0175621 0.0718021 0.2266623 0.1923170 0.0545983 0.0773975 0.1438245 0.0888456 0.2441002 0.2188774 0.0310084 0.0566923 0.2304966 0.3862652 0.0235518 0.0090244 0.0222198 0.0128453 0.2419094 0.1257204 0.1973406 0.0737233 0.0326794 0.0220137 0.4308855 0.3058952 0.1064870 
Perityle_harkerae_31                       0.2837858 0.1686826 0.2922703 0.7470033 0.2688516 0.6699667 0.2640266 0.6388495 0.3364460 0.3173330 0.2937614 0.2676342 0.2944924 0.1414305 0.2067292 0.2383630 0.2359465 0.1724789 0.1681681 0.2829610 0.2571978 0.0577093 0.3828837 0.3981181 0.2558087 0.2003392 0.3324482 0.1788051 0.3929583 0.2172299 0.3557025 0.2518272 0.3340797 0.3281555 0.3812537 0.1020665 0.2312445 0.1884690 0.1860509 0.3829123 0.2727266 0.0763386 0.2076086 0.0000000 0.1892405 0.2230445 0.2845126 0.2786285 0.0759228 0.3609338 0.3529406 0.3477445 0.2511824 0.1757041 0.1497722 0.1138414 0.0909946 0.2877215 0.2865322 0.1568993 0.2000469 0.2546880 0.0917748 0.2924316 0.1639511 0.2459649 0.3078087 0.3354815 0.0938376 0.1955765 0.3806814 0.3948269 0.2925192 0.0633130 0.1945576 0.0938665 0.3124387 0.1987708 0.3468208 0.2885829 0.0908774 0.2900873 0.3812537 0.2716606 0.1332097 
