84
Amauria_brandeegeana_62                    0.0000000 0.1615598 0.0248050 0.2316035 0.1176013 0.0868929 0.2294994 0.1296394 0.2364783 0.2149507 0.2292359 0.1278932 0.0528490 0.1246951 0.1204795 0.1242444 0.1410243 0.1743462 0.1842437 0.1644275 0.2039028 0.1315636 0.2444327 0.1822338 0.1290226 0.1583162 0.1277862 0.1389489 0.1558410 0.1247267 0.1679688 0.2501976 0.0278860 0.1306862 0.1934063 0.3248236 0.1102259 0.1404725 0.2415468 0.1341668 0.1899906 0.1252332 0.2462740 0.1135186 0.1527241 0.1275164 0.1572797 0.1444738 0.1837578 0.1309521 0.1301165 0.1401782 0.2089489 0.1453843 0.1168657 0.1098868 0.1311512 0.1275824 0.1811159 0.0857746 0.1623943 0.0723960 0.1296233 0.2524220 0.1288953 0.1974435 0.1826108 0.0740173 0.1748480 0.1301944 0.1450277 0.1284286 0.1298516 0.1855335 0.1227166 0.1414066 0.2248688 0.1655524 0.1308324 0.1956091 0.1490922 0.3982672 0.1009567 0.1214325 
Amauria_carterae_99_mesa                   0.1615598 0.0000000 0.1566768 0.2483134 0.1267624 0.0861985 0.2584306 0.0916432 0.2175223 0.2176084 0.2206299 0.1487713 0.0470233 0.1424631 0.1384006 0.1325913 0.1239905 0.1447666 0.1864197 0.1783532 0.2138182 0.1516170 0.1970925 0.1935422 0.1404899 0.1474889 0.1450995 0.1456938 0.1761308 0.1386334 0.1672909 0.2209983 0.1686214 0.1514688 0.2110800 0.3610603 0.1193766 0.1544457 0.2489236 0.1447985 0.2034058 0.1457224 0.2369946 0.1780333 0.1455632 0.1491413 0.1454347 0.1668298 0.1777018 0.1463027 0.1494941 0.1647683 0.1748567 0.1881132 0.1099552 0.0880760 0.0903470 0.1480948 0.1962358 0.0737011 0.1808084 0.0813285 0.1494490 0.2541622 0.1450977 0.2119415 0.2142072 0.0709432 0.1771291 0.1459649 0.1494925 0.1527118 0.1435868 0.1784649 0.1093480 0.1730718 0.2319920 0.1777418 0.1561105 0.1869264 0.1422476 0.4438967 0.1226855 0.1437602 
Amauria_rotundifolia_SRR9119150            0.0248050 0.1566768 0.0000000 0.2370802 0.1114391 0.0904341 0.2363694 0.1310222 0.2479254 0.2027086 0.2204857 0.1220853 0.0565544 0.1181932 0.1232529 0.1135235 0.1256813 0.1563439 0.1925809 0.1710183 0.2038588 0.1236806 0.2462136 0.1720593 0.1186862 0.1432895 0.1222059 0.1308945 0.1464937 0.1270652 0.1566082 0.2260766 0.0406077 0.1211638 0.1758091 0.3526383 0.0988857 0.1320055 0.2453887 0.1231160 0.1742518 0.1172575 0.2349200 0.0974447 0.1387613 0.1195788 0.1446247 0.1259990 0.1803616 0.1197782 0.1205525 0.1316520 0.2038775 0.1477905 0.1131552 0.1081302 0.1142579 0.1196420 0.1681636 0.0856252 0.1537279 0.0724749 0.1230910 0.2528057 0.1209281 0.1869908 0.1714054 0.0792052 0.1710371 0.1199525 0.1323052 0.1220257 0.1241929 0.1823435 0.1212579 0.1375382 0.2206954 0.1688149 0.1213028 0.1882568 0.1385911 0.4459861 0.1026001 0.1241018 
Conoclinium_coelestinum_SRR9119114         0.2316035 0.2483134 0.2370802 0.0000000 0.1789893 0.1443177 0.1073952 0.2021381 0.2098013 0.3124778 0.3225070 0.2357796 0.1255849 0.2338323 0.2200902 0.2233123 0.2312893 0.2604450 0.2339020 0.2268031 0.2814367 0.2397148 0.3287190 0.2804044 0.2349327 0.2532786 0.2302926 0.2432805 0.2671933 0.1780587 0.2632999 0.3106248 0.2468353 0.2352618 0.2725214 0.2741978 0.2130875 0.2416019 0.2899783 0.2434581 0.2676994 0.2353897 0.2907471 0.2586985 0.2550112 0.2374161 0.2531831 0.2176366 0.2470572 0.2306317 0.2373801 0.2443881 0.2987018 0.2558133 0.2165644 0.1699327 0.1961347 0.2364490 0.2593170 0.1512926 0.2590977 0.1489097 0.2301578 0.3031393 0.2293484 0.2889746 0.2735010 0.1659072 0.2465244 0.2445963 0.2378496 0.2387804 0.2344304 0.2511628 0.2141894 0.2369378 0.2906975 0.2304044 0.2359800 0.2764039 0.2500558 0.3273303 0.2033564 0.2015152 
Eutetras_palmeri_63                        0.1176013 0.1267624 0.1114391 0.1789893 0.0000000 0.0097617 0.1912287 0.1336860 0.2254171 0.1673845 0.1431084 0.1354257 0.0378198 0.1318436 0.0916189 0.1275015 0.1543774 0.1479362 0.1356289 0.1212485 0.1811620 0.1368237 0.1932709 0.1712869 0.1269320 0.1589047 0.1255017 0.1326743 0.1750112 0.1012122 0.1322614 0.2253086 0.1052926 0.1356322 0.1041092 0.2552476 0.1702817 0.1275572 0.1912613 0.1335246 0.1027391 0.1225111 0.1435238 0.1565782 0.1601802 0.1285866 0.1672526 0.0942830 0.1648498 0.1365163 0.1323625 0.1411476 0.1829489 0.1176652 0.0771656 0.0787966 0.1548886 0.1333714 0.1500166 0.0765227 0.1176456 0.0460616 0.1384193 0.2229876 0.1234007 0.1068872 0.1047831 0.0556830 0.1665910 0.1327074 0.1346438 0.1317212 0.1269987 0.1737638 0.0868724 0.0916069 0.1955837 0.1158060 0.1369093 0.1347312 0.1599019 0.3770612 0.0833600 0.1039943 
Eutetras_pringlei_149_quer                 0.0868929 0.0861985 0.0904341 0.1443177 0.0097617 0.0000000 0.1365350 0.0836559 0.1760463 0.0768595 0.0587526 0.0746811 0.0341665 0.0605191 0.0645524 0.0500373 0.0588604 0.0687877 0.0874238 0.0605862 0.0552132 0.0658865 0.1366121 0.0589334 0.0534310 0.0605468 0.0551732 0.0642011 0.0885124 0.0824030 0.0938128 0.0701889 0.0947731 0.0641103 0.0905410 0.5377720 0.0806576 0.0604295 0.0571479 0.0606389 0.0921025 0.0606390 0.0901647 0.0879915 0.0623157 0.0623335 0.0658719 0.0885310 0.0569947 0.0639701 0.0658456 0.0838672 0.0770441 0.1011347 0.0643173 0.0613033 0.0639172 0.0641331 0.0865417 0.0736034 0.0866283 0.0350616 0.0747717 0.0879676 0.0534752 0.0770538 0.0817682 0.0530270 0.0589310 0.0607130 0.0805610 0.0588694 0.0624687 0.0588498 0.0628097 0.0850400 0.0695063 0.0655815 0.0746888 0.0863022 0.0588084 0.4794547 0.0683123 0.0901771 
Eutrochium_fistulosum_SRR9119106           0.2294994 0.2584306 0.2363694 0.1073952 0.1912287 0.1365350 0.0000000 0.1927219 0.2016819 0.2933291 0.3364719 0.2347836 0.1112417 0.2335329 0.2108540 0.2248953 0.2392987 0.2566263 0.2421535 0.2333225 0.2800770 0.2371319 0.3369564 0.2770634 0.2365640 0.2523244 0.2328060 0.2402441 0.2707819 0.1802938 0.2409519 0.3310781 0.2409242 0.2338350 0.2813436 0.2705519 0.2602824 0.2448921 0.2899565 0.2396156 0.2764951 0.2315308 0.3055373 0.2698510 0.2512129 0.2340187 0.2566676 0.2356675 0.2546233 0.2274177 0.2338017 0.2463696 0.3086732 0.2451174 0.2050501 0.1719023 0.2105422 0.2331066 0.2582368 0.1521539 0.2591751 0.1483445 0.2337092 0.3209023 0.2336499 0.3049306 0.2927413 0.1672787 0.2523420 0.2387599 0.2460722 0.2332017 0.2296844 0.2494333 0.2066779 0.2491724 0.2945838 0.2257698 0.2357290 0.2832937 0.2536828 0.3323570 0.1999467 0.1983128 
Galeana_pratensis_104_mex                  0.1296394 0.0916432 0.1310222 0.2021381 0.1336860 0.0836559 0.1927219 0.0000000 0.2417278 0.2085803 0.2173847 0.1220269 0.0963922 0.1165235 0.0973138 0.1186009 0.0936701 0.1433295 0.1774935 0.1553667 0.1820564 0.1274590 0.1732566 0.1200250 0.1189831 0.1017351 0.1192261 0.1207280 0.1522733 0.1076456 0.1414959 0.1821143 0.1432073 0.1191474 0.1359517 0.2926707 0.1151684 0.1230117 0.1884153 0.1220319 0.1368970 0.1234531 0.1666763 0.1468761 0.1016857 0.1260848 0.1035890 0.1239727 0.1605939 0.1203483 0.1274231 0.1318886 0.1476535 0.1563482 0.0956812 0.0920878 0.0888703 0.1234531 0.1530920 0.0937382 0.1484558 0.1057039 0.1195636 0.2181373 0.1191422 0.1607190 0.1333071 0.0907857 0.1371730 0.1207544 0.1368811 0.1247964 0.1262952 0.1570393 0.1014610 0.1422582 0.1826615 0.1371119 0.1257729 0.1464197 0.0979326 0.4609940 0.1261013 0.1118285 
Helianthus_annuus_SRR9119062               0.2364783 0.2175223 0.2479254 0.2098013 0.2254171 0.1760463 0.2016819 0.2417278 0.0000000 0.4320753 0.4529030 0.2399206 0.1487797 0.2272210 0.2564732 0.2281589 0.2740309 0.2407033 0.2758622 0.2479297 0.2932631 0.2315271 0.1564257 0.3051745 0.2332598 0.2639807 0.2310564 0.2376892 0.2559231 0.2949156 0.2014605 0.3955190 0.1945234 0.2421540 0.2578354 0.2263166 0.2262836 0.2355039 0.2792080 0.2338724 0.2547962 0.2316370 0.2947959 0.2526204 0.2639807 0.2315271 0.2639807 0.2314347 0.2512158 0.2410682 0.2364115 0.2382998 0.2245175 0.2682610 0.1985295 0.2271578 0.2231333 0.2316370 0.2647061 0.0812812 0.2706431 0.2322903 0.2467336 0.3059062 0.2374657 0.3815646 0.3224606 0.1047920 0.2388173 0.2318983 0.2531029 0.2339903 0.2320192 0.2708519 0.1999779 0.2446035 0.2959836 0.2570432 0.2444377 0.2352588 0.2639463 0.3076452 0.2331461 0.1164025 
Lycapsus_tenuifolius_17                    0.2149507 0.2176084 0.2027086 0.3124778 0.1673845 0.0768595 0.2933291 0.2085803 0.4320753 0.0000000 0.1631886 0.2335124 0.2565185 0.2253660 0.1623135 0.2272710 0.1597058 0.2609539 0.1700204 0.1627997 0.2225046 0.2320635 0.2620555 0.1938189 0.2222685 0.1729389 0.2265594 0.2326533 0.2592407 0.0408281 0.1589605 0.2658703 0.2073489 0.2316008 0.2234833 0.9689007 0.1985016 0.2183236 0.2329376 0.2323604 0.2222095 0.2135711 0.2216596 0.2623546 0.1673886 0.2212972 0.1729707 0.1949188 0.2164579 0.2298450 0.2266185 0.2516752 0.3505820 0.1987713 0.1827381 0.0743703 0.1601697 0.2258740 0.2357321 0.0914509 0.2071109 0.1855280 0.2270814 0.2496323 0.2265091 0.1625270 0.1577516 0.0739565 0.2198488 0.2301656 0.1481349 0.2276937 0.2193965 0.2093511 0.1688559 0.2124404 0.2239780 0.1496324 0.2321464 0.2381421 0.1661959 0.7308384 0.1759010 0.0999620 
Pericome_caudata_50_silver                 0.2292359 0.2206299 0.2204857 0.3225070 0.1431084 0.0587526 0.3364719 0.2173847 0.4529030 0.1631886 0.0000000 0.2407415 0.2979304 0.2320890 0.1706375 0.2345869 0.1595142 0.2622622 0.1960304 0.1710252 0.2346432 0.2424563 0.2224539 0.1809284 0.2281747 0.1713211 0.2364650 0.2425242 0.2841449 0.0913235 0.2227097 0.2238990 0.2347209 0.2380773 0.2332465 0.9225489 0.1708402 0.2250266 0.2473590 0.2417408 0.2314501 0.2259930 0.2030720 0.2561614 0.1649959 0.2331979 0.1705163 0.1960310 0.2225695 0.2464799 0.2333559 0.2546955 0.3576226 0.2232594 0.1749269 0.0852496 0.1584493 0.2365148 0.2643208 0.0736234 0.2249551 0.1950383 0.2380990 0.2825261 0.2363020 0.0601773 0.0912036 0.0577502 0.2070381 0.2386776 0.2081848 0.2376404 0.2338604 0.2236459 0.1478794 0.1874535 0.2445115 0.1514355 0.2437253 0.2611952 0.1648458 0.9098991 0.2061656 0.1095770 
Perityle_aglossa_84_dead_horse             0.1278932 0.1487713 0.1220853 0.2357796 0.1354257 0.0746811 0.2347836 0.1220269 0.2399206 0.2335124 0.2407415 0.0000000 0.0250812 0.0323701 0.0405645 0.0430282 0.0308693 0.1489620 0.1499092 0.0811602 0.1010403 0.0398257 0.2596484 0.0777589 0.0336796 0.0590973 0.0540017 0.0590197 0.1417873 0.0979539 0.1500889 0.2181000 0.1259075 0.0328752 0.2018935 0.2827786 0.1290850 0.0512440 0.1407709 0.0468155 0.1998623 0.0367525 0.2308230 0.1416868 0.0425455 0.0384307 0.0470613 0.1740870 0.0875468 0.0443349 0.0380918 0.0655751 0.1472957 0.1253517 0.0507321 0.0382731 0.0343927 0.0366812 0.1435771 0.0707819 0.1382188 0.0485994 0.0299809 0.2165981 0.0547712 0.2056055 0.2052964 0.0736310 0.0700478 0.0429936 0.1275143 0.0385669 0.0394718 0.0886833 0.0490248 0.1423132 0.1723258 0.0811483 0.0174700 0.1740961 0.0434220 0.4012943 0.0808585 0.0869862 
Perityle_ajoensis_204                      0.0528490 0.0470233 0.0565544 0.1255849 0.0378198 0.0341665 0.1112417 0.0963922 0.1487797 0.2565185 0.2979304 0.0250812 0.0000000 0.0251035 0.0283712 0.0250474 0.0126705 0.0859974 0.1670228 0.1152953 0.1594254 0.0178328 0.0476731 0.0689352 0.0213797 0.0126376 0.0359430 0.0343208 0.0740983 0.0563575 0.0690860 0.1715573 0.0583871 0.0214298 0.0662825 0.2179978 0.0430394 0.0342443 0.1561836 0.0323528 0.0644037 0.0160082 0.1631965 0.0623141 0.0126376 0.0178328 0.0169090 0.0643595 0.1340375 0.0269293 0.0250103 0.0286538 0.0232652 0.0702401 0.0293968 0.0168681 0.0126376 0.0160082 0.0661836 0.0428856 0.0646070 0.0290479 0.0250339 0.2179046 0.0251878 0.1436724 0.0833976 0.0475861 0.1015417 0.0305445 0.0719370 0.0196161 0.0196037 0.1442540 0.0388893 0.0622320 0.1742279 0.1065359 0.0250690 0.0633340 0.0126376 0.3486036 0.0490922 0.0474595 
Perityle_ambrosiifolia_67_green            0.1246951 0.1424631 0.1181932 0.2338323 0.1318436 0.0605191 0.2335329 0.1165235 0.2272210 0.2253660 0.2320890 0.0323701 0.0251035 0.0000000 0.0288694 0.0362951 0.0261178 0.1431254 0.1425949 0.0704026 0.0913670 0.0326652 0.2577430 0.0659148 0.0284265 0.0493638 0.0439757 0.0496279 0.1322992 0.0928727 0.1407510 0.2115708 0.1192115 0.0258360 0.1940806 0.2803051 0.1211320 0.0403870 0.1263400 0.0351249 0.1901150 0.0282092 0.2119214 0.1419857 0.0315289 0.0305397 0.0341757 0.1642850 0.0645872 0.0414690 0.0278270 0.0565935 0.1459229 0.1187850 0.0425226 0.0293569 0.0281030 0.0271064 0.1342582 0.0622203 0.1245260 0.0426471 0.0229502 0.1999086 0.0459901 0.1982843 0.1991084 0.0656065 0.0601280 0.0314012 0.1204391 0.0307920 0.0322590 0.0729405 0.0368565 0.1388552 0.1646618 0.0675931 0.0302520 0.1665886 0.0306523 0.3803223 0.0725880 0.0795079 
Perityle_angustifolia_13_Eagle_creek       0.1204795 0.1384006 0.1232529 0.2200902 0.0916189 0.0645524 0.2108540 0.0973138 0.2564732 0.1623135 0.1706375 0.0405645 0.0283712 0.0288694 0.0000000 0.0404905 0.0255821 0.1488881 0.1275050 0.0678232 0.0984736 0.0182859 0.1872560 0.0603802 0.0274125 0.0210452 0.0498567 0.0462239 0.1338456 0.0974763 0.1470114 0.1935507 0.1310716 0.0329483 0.1462801 0.3037132 0.1106739 0.0486740 0.1229705 0.0231279 0.1434349 0.0166697 0.1765370 0.1419553 0.0132060 0.0174593 0.0165689 0.1296170 0.0819079 0.0224725 0.0224879 0.0623162 0.1371906 0.1215145 0.0464177 0.0318073 0.0186552 0.0182742 0.1411656 0.0689837 0.1279754 0.0518347 0.0373544 0.1956268 0.0532249 0.1479992 0.1479479 0.0665444 0.0717853 0.0231411 0.1245137 0.0198861 0.0182808 0.0523455 0.0221556 0.1163898 0.1474191 0.0647323 0.0404149 0.1601739 0.0120806 0.3537093 0.0777312 0.0803988 
Perityle_batopilensis_97                   0.1242444 0.1325913 0.1135235 0.2233123 0.1275015 0.0500373 0.2248953 0.1186009 0.2281589 0.2272710 0.2345869 0.0430282 0.0250474 0.0362951 0.0404905 0.0000000 0.0320403 0.1338881 0.1338739 0.0796927 0.1058596 0.0394661 0.2128053 0.0777313 0.0324051 0.0560338 0.0468448 0.0494163 0.1372593 0.0882957 0.1375379 0.2076163 0.1233365 0.0394338 0.1777731 0.2923432 0.1313128 0.0205978 0.1362213 0.0414490 0.1785207 0.0349940 0.1983530 0.1435678 0.0376217 0.0380058 0.0433098 0.1692131 0.0863366 0.0491547 0.0383404 0.0594493 0.1284191 0.1127436 0.0375937 0.0321066 0.0344016 0.0355411 0.1427345 0.0565742 0.1264197 0.0390774 0.0376484 0.2095930 0.0483453 0.2047191 0.2024364 0.0577801 0.0749798 0.0401417 0.1235085 0.0381402 0.0415104 0.0859791 0.0395059 0.1292909 0.1737328 0.0727347 0.0416286 0.1537393 0.0375794 0.3899353 0.0746442 0.0800767 
Perityle_bisetosa_9                        0.1410243 0.1239905 0.1256813 0.2312893 0.1543774 0.0588604 0.2392987 0.0936701 0.2740309 0.1597058 0.1595142 0.0308693 0.0126705 0.0261178 0.0255821 0.0320403 0.0000000 0.1377511 0.0882060 0.0109555 0.0169185 0.0242268 0.2329205 0.0206009 0.0143016 0.0382364 0.0252471 0.0427308 0.1333949 0.0841825 0.1097145 0.1470751 0.1325766 0.0287812 0.1827220 0.2885587 0.1223814 0.0395819 0.0197174 0.0233335 0.1812174 0.0193579 0.1500056 0.1372814 0.0214968 0.0228151 0.0269810 0.1600352 0.0237043 0.0363537 0.0205568 0.0464600 0.1772474 0.0987416 0.0337770 0.0231670 0.0209899 0.0214935 0.1054521 0.0738704 0.0952594 0.0093396 0.0306223 0.1140974 0.0270460 0.1699609 0.1851106 0.0712182 0.0269234 0.0215145 0.1005593 0.0214872 0.0248732 0.0199739 0.0248988 0.1513330 0.0831334 0.0211381 0.0298918 0.1490365 0.0214727 0.4530561 0.0605512 0.0795229 
Perityle_californica_76_positas            0.1743462 0.1447666 0.1563439 0.2604450 0.1479362 0.0687877 0.2566263 0.1433295 0.2407033 0.2609539 0.2622622 0.1489620 0.0859974 0.1431254 0.1488881 0.1338881 0.1377511 0.0000000 0.2038516 0.1880756 0.2211902 0.1507979 0.2079660 0.1735828 0.1475720 0.1395838 0.1462466 0.1534076 0.1787045 0.1602086 0.1603466 0.1899407 0.1728724 0.1450993 0.1905085 0.3953857 0.1640500 0.1507025 0.2345393 0.1426975 0.1879270 0.1451838 0.2356763 0.1781972 0.1499649 0.1487633 0.1553046 0.1511993 0.1923780 0.1457313 0.1486756 0.1550937 0.2043330 0.1609767 0.1156478 0.1162757 0.1213728 0.1452279 0.1842808 0.0597317 0.1765852 0.0818491 0.1423278 0.2653617 0.1478538 0.2080472 0.2031496 0.0797637 0.1861490 0.1418000 0.1593736 0.1478594 0.1487457 0.1897591 0.1245782 0.1657986 0.2436864 0.1767808 0.1484907 0.1570254 0.1473639 0.4546263 0.1263515 0.1704985 
Perityle_canescens_77                      0.1842437 0.1864197 0.1925809 0.2339020 0.1356289 0.0874238 0.2421535 0.1774935 0.2758622 0.1700204 0.1960304 0.1499092 0.1670228 0.1425949 0.1275050 0.1338739 0.0882060 0.2038516 0.0000000 0.1056979 0.1106422 0.1468562 0.2430586 0.1133739 0.1338920 0.0972110 0.1372983 0.1406838 0.1966017 0.0938837 0.1692410 0.2069038 0.1993472 0.1486141 0.1484004 0.1728869 0.1098084 0.1519825 0.1337447 0.1439121 0.1417900 0.1407044 0.1232695 0.1901869 0.1031805 0.1446667 0.1056342 0.1225942 0.1057652 0.1356253 0.1438587 0.1608012 0.2657555 0.1712945 0.1242819 0.0704217 0.0680178 0.1437760 0.1659250 0.0909913 0.1678259 0.1347468 0.1397683 0.1583595 0.1343107 0.1563976 0.1659967 0.0844183 0.1123743 0.1439248 0.1620274 0.1436568 0.1447784 0.1088255 0.1330102 0.1953963 0.1074199 0.1036814 0.1493966 0.2012189 0.1017899 0.1960867 0.1172446 0.0646505 
Perityle_castillonii_96                    0.1644275 0.1783532 0.1710183 0.2268031 0.1212485 0.0605862 0.2333225 0.1553667 0.2479297 0.1627997 0.1710252 0.0811602 0.1152953 0.0704026 0.0678232 0.0796927 0.0109555 0.1880756 0.1056979 0.0000000 0.0463359 0.0729564 0.2593322 0.0396811 0.0600039 0.0245618 0.0707795 0.0836579 0.1521117 0.0879226 0.1647866 0.1821202 0.1765132 0.0744132 0.1841010 0.0374972 0.1025934 0.0818889 0.0662151 0.0745946 0.1777043 0.0671557 0.1638436 0.1735784 0.0265001 0.0679420 0.0293932 0.1394018 0.0304620 0.0649280 0.0641762 0.0929785 0.2173628 0.1521261 0.0860908 0.0268661 0.0227881 0.0679874 0.1376551 0.0649638 0.1390999 0.0812929 0.0752478 0.1272777 0.0707000 0.1382380 0.1414311 0.0737214 0.0280744 0.0704856 0.1386043 0.0679550 0.0699138 0.0233946 0.0735029 0.1741140 0.0972986 0.0315750 0.0769225 0.2004645 0.0245538 0.2155927 0.1130975 0.0854351 
Perityle_cernua_84                         0.2039028 0.2138182 0.2038588 0.2814367 0.1811620 0.0552132 0.2800770 0.1820564 0.2932631 0.2225046 0.2346432 0.1010403 0.1594254 0.0913670 0.0984736 0.1058596 0.0169185 0.2211902 0.1106422 0.0463359 0.0000000 0.1007166 0.2510068 0.0502107 0.0894484 0.0402825 0.0951706 0.1111491 0.1973332 0.0838912 0.2044797 0.2093218 0.2117395 0.0946284 0.2555093 0.2009006 0.1145738 0.1095462 0.0578568 0.1008228 0.2560444 0.0977386 0.1692207 0.2123598 0.0210555 0.0990480 0.0244990 0.2337235 0.0540988 0.1097257 0.0874323 0.1111545 0.2458195 0.1768454 0.1227116 0.0231081 0.0198874 0.0955823 0.1784159 0.0620281 0.1831147 0.1347170 0.0953033 0.1288368 0.0973027 0.1965941 0.1956498 0.0627706 0.0419823 0.0963886 0.1717081 0.0969875 0.1033284 0.0515903 0.1006625 0.2214960 0.1368756 0.0447924 0.0988211 0.2319539 0.0210481 0.1418779 0.1435715 0.0733770 
Perityle_cfvillosa_25_tin                  0.1315636 0.1516170 0.1236806 0.2397148 0.1368237 0.0658865 0.2371319 0.1274590 0.2315271 0.2320635 0.2424563 0.0398257 0.0178328 0.0326652 0.0182859 0.0394661 0.0242268 0.1507979 0.1468562 0.0729564 0.1007166 0.0000000 0.2601846 0.0531913 0.0259027 0.0412446 0.0432455 0.0526481 0.1384228 0.0967784 0.1456343 0.2140315 0.1264454 0.0319303 0.2012694 0.2827480 0.1283370 0.0487754 0.1169328 0.0245837 0.1973827 0.0066389 0.2275467 0.1438901 0.0176526 0.0083925 0.0100224 0.1769896 0.0837950 0.0376226 0.0216132 0.0596304 0.1396156 0.1227403 0.0435970 0.0319645 0.0169020 0.0059054 0.1429916 0.0679710 0.1323874 0.0403372 0.0352872 0.2128137 0.0464798 0.2077356 0.2104862 0.0763984 0.0645694 0.0209267 0.1243618 0.0100780 0.0109919 0.0663658 0.0181787 0.1441983 0.1705946 0.0641220 0.0401780 0.1740964 0.0117144 0.3913068 0.0816568 0.0900720 
Perityle_cinerea_113_Powell1310            0.2444327 0.1970925 0.2462136 0.3287190 0.1932709 0.1366121 0.3369564 0.1732566 0.1564257 0.2620555 0.2224539 0.2596484 0.0476731 0.2577430 0.1872560 0.2128053 0.2329205 0.2079660 0.2430586 0.2593322 0.2510068 0.2601846 0.0000000 0.2481216 0.2441807 0.2569876 0.2533316 0.2485264 0.2274320 0.1819954 0.1550629 0.2134784 0.2212462 0.2566437 0.2781785 0.4940500 0.1532782 0.2396100 0.2505595 0.2597604 0.2558237 0.2504965 0.2685670 0.2625069 0.2595215 0.2524564 0.2571769 0.1702162 0.2538186 0.2499978 0.2621364 0.2502305 0.2655388 0.2452607 0.1383459 0.1570542 0.1770728 0.2575348 0.2380437 0.1356666 0.2281122 0.1821490 0.2710596 0.2265745 0.2554164 0.2505719 0.2603366 0.0791244 0.2554623 0.2481216 0.2530652 0.2507261 0.2464163 0.2526482 0.1438868 0.2819997 0.2543670 0.2416046 0.2611574 0.1607291 0.2501665 0.5368819 0.1807111 0.1550564 
Perityle_coahuilensis_24                   0.1822338 0.1935422 0.1720593 0.2804044 0.1712869 0.0589334 0.2770634 0.1200250 0.3051745 0.1938189 0.1809284 0.0777589 0.0689352 0.0659148 0.0603802 0.0777313 0.0206009 0.1735828 0.1133739 0.0396811 0.0502107 0.0531913 0.2481216 0.0000000 0.0567417 0.0359622 0.0627245 0.0836735 0.1683271 0.0918812 0.1555691 0.1812221 0.1758973 0.0623398 0.2366349 0.6715787 0.1223762 0.0848222 0.0520172 0.0409708 0.2340780 0.0478976 0.1882688 0.1817123 0.0066705 0.0498819 0.0159790 0.2070144 0.0420958 0.0746146 0.0466430 0.0802094 0.2244504 0.1513766 0.0963658 0.0282466 0.0179312 0.0474414 0.1358673 0.0624193 0.1410431 0.0913519 0.0701361 0.1422330 0.0659927 0.1830496 0.1918109 0.0631846 0.0381852 0.0344846 0.1327100 0.0490868 0.0527656 0.0173222 0.0529722 0.1868719 0.1273969 0.0386253 0.0728427 0.1933828 0.0108792 0.5506220 0.1097278 0.0812352 
Perityle_cochisensis_44_cave_creek         0.1290226 0.1404899 0.1186862 0.2349327 0.1269320 0.0534310 0.2365640 0.1189831 0.2332598 0.2222685 0.2281747 0.0336796 0.0213797 0.0284265 0.0274125 0.0324051 0.0143016 0.1475720 0.1338920 0.0600039 0.0894484 0.0259027 0.2441807 0.0567417 0.0000000 0.0387277 0.0396087 0.0471422 0.1277458 0.0821772 0.1347775 0.2000901 0.1234170 0.0271187 0.1896325 0.2680035 0.1177501 0.0424476 0.1183876 0.0302351 0.1848810 0.0208123 0.2138783 0.1346558 0.0203045 0.0225049 0.0237575 0.1621126 0.0778586 0.0351642 0.0241334 0.0540547 0.1340671 0.1160546 0.0395488 0.0195762 0.0189958 0.0210009 0.1361468 0.0649089 0.1257509 0.0392459 0.0285468 0.1969412 0.0409526 0.1948464 0.1966748 0.0602974 0.0585992 0.0265310 0.1169711 0.0228351 0.0279384 0.0694818 0.0322703 0.1398531 0.1570130 0.0572008 0.0321980 0.1644290 0.0202973 0.4000553 0.0753106 0.0741664 
Perityle_congesta_202                      0.1583162 0.1474889 0.1432895 0.2532786 0.1589047 0.0605468 0.2523244 0.1017351 0.2639807 0.1729389 0.1713211 0.0590973 0.0126376 0.0493638 0.0210452 0.0560338 0.0382364 0.1395838 0.0972110 0.0245618 0.0402825 0.0412446 0.2569876 0.0359622 0.0387277 0.0000000 0.0432030 0.0674926 0.1519379 0.0892276 0.1150386 0.1753084 0.1455129 0.0518813 0.2106744 0.5591306 0.1428243 0.0471976 0.0342307 0.0403717 0.2043788 0.0216832 0.1691056 0.1703533 0.0376955 0.0293107 0.0412428 0.1662862 0.0393064 0.0179381 0.0385481 0.0701122 0.1974666 0.1096247 0.0383583 0.0244225 0.0323054 0.0359414 0.1213776 0.0680263 0.1143748 0.0074449 0.0557108 0.1337702 0.0467313 0.1751280 0.1968860 0.0737284 0.0512008 0.0368479 0.1094333 0.0368200 0.0282473 0.0276294 0.0138890 0.1696350 0.1044920 0.0237565 0.0521934 0.1692858 0.0368092 0.5004383 0.0638575 0.0811902 
Perityle_cordifolia_27                     0.1277862 0.1450995 0.1222059 0.2302926 0.1255017 0.0551732 0.2328060 0.1192261 0.2310564 0.2265594 0.2364650 0.0540017 0.0359430 0.0439757 0.0498567 0.0468448 0.0252471 0.1462466 0.1372983 0.0707795 0.0951706 0.0432455 0.2533316 0.0627245 0.0396087 0.0432030 0.0000000 0.0586284 0.1318691 0.0847689 0.1415865 0.2090457 0.1227874 0.0469773 0.2026690 0.3105650 0.1253550 0.0508912 0.1244168 0.0457922 0.1956073 0.0377398 0.2210755 0.1445173 0.0281009 0.0399751 0.0307286 0.1729134 0.0787908 0.0569917 0.0434209 0.0413444 0.1556209 0.1164778 0.0548523 0.0293364 0.0218997 0.0382201 0.1435556 0.0676854 0.1312229 0.0065567 0.0448172 0.1980431 0.0137208 0.2027394 0.2027355 0.0681486 0.0663658 0.0420070 0.1241922 0.0401010 0.0438786 0.0776477 0.0500159 0.1502623 0.1639784 0.0670746 0.0510338 0.1792456 0.0263632 0.4025222 0.0707539 0.0807933 
Perityle_cordifolia_68_tecolote            0.1389489 0.1456938 0.1308945 0.2432805 0.1326743 0.0642011 0.2402441 0.1207280 0.2376892 0.2326533 0.2425242 0.0590197 0.0343208 0.0496279 0.0462239 0.0494163 0.0427308 0.1534076 0.1406838 0.0836579 0.1111491 0.0526481 0.2485264 0.0836735 0.0471422 0.0674926 0.0586284 0.0000000 0.1461486 0.0904330 0.1427249 0.2188265 0.1365939 0.0532112 0.1977443 0.2958234 0.1344206 0.0580109 0.1445259 0.0551969 0.2009704 0.0492269 0.2237737 0.1573501 0.0499819 0.0507666 0.0554270 0.1729545 0.0950694 0.0640900 0.0522250 0.0694617 0.1630235 0.1284599 0.0086804 0.0382307 0.0467771 0.0488480 0.1516257 0.0623148 0.1343345 0.0426822 0.0510937 0.2176886 0.0587723 0.2082996 0.2070877 0.0657137 0.0824461 0.0526535 0.1261319 0.0507577 0.0555640 0.0923337 0.0500962 0.1459750 0.1726880 0.0784335 0.0572973 0.1748985 0.0509047 0.3866364 0.0865291 0.0928631 
Perityle_coronopifolia_28_patagonia        0.1558410 0.1761308 0.1464937 0.2671933 0.1750112 0.0885124 0.2707819 0.1522733 0.2559231 0.2592407 0.2841449 0.1417873 0.0740983 0.1322992 0.1338456 0.1372593 0.1333949 0.1787045 0.1966017 0.1521117 0.1973332 0.1384228 0.2274320 0.1683271 0.1277458 0.1519379 0.1318691 0.1461486 0.0000000 0.1345982 0.1655217 0.2422388 0.1564824 0.1346918 0.2241306 0.3433147 0.1396387 0.1348487 0.2295400 0.1324916 0.2225360 0.1301829 0.2752081 0.1381664 0.1358597 0.1335880 0.1422650 0.1876235 0.1752098 0.1399001 0.1278548 0.1411495 0.2131361 0.1005381 0.1375149 0.1216971 0.1422103 0.1323908 0.1085255 0.1065166 0.1170857 0.1034486 0.1343862 0.1129958 0.1331269 0.2452297 0.2427012 0.0500049 0.1667204 0.1325359 0.1436101 0.1346521 0.1361476 0.1679632 0.1299810 0.1712710 0.2021848 0.1532395 0.1377789 0.1525275 0.1359475 0.4294783 0.1226004 0.1453383 
Perityle_crassifolia_70_ventanas           0.1247267 0.1386334 0.1270652 0.1780587 0.1012122 0.0824030 0.1802938 0.1076456 0.2949156 0.0408281 0.0913235 0.0979539 0.0563575 0.0928727 0.0974763 0.0882957 0.0841825 0.1602086 0.0938837 0.0879226 0.0838912 0.0967784 0.1819954 0.0918812 0.0821772 0.0892276 0.0847689 0.0904330 0.1345982 0.0000000 0.0310234 0.1264904 0.1391616 0.0954835 0.1014869 0.4940500 0.1161712 0.1002833 0.0905890 0.0930827 0.0986208 0.0904612 0.0973174 0.1256490 0.0929827 0.0928848 0.0968117 0.0817137 0.0915625 0.0852596 0.0929079 0.1119864 0.2219145 0.1166136 0.0827458 0.0817902 0.0766868 0.0917312 0.1059651 0.1002903 0.0941344 0.0543792 0.0916879 0.1077347 0.0822410 0.1098682 0.1165372 0.0793170 0.0954274 0.0931634 0.0055068 0.0916963 0.0942000 0.0893235 0.0936786 0.1211149 0.0962491 0.0931406 0.0964180 0.1320614 0.0928100 0.4563450 0.0861428 0.0960548 
Perityle_crassifolia_74_playa_balandra     0.1679688 0.1672909 0.1566082 0.2632999 0.1322614 0.0938128 0.2409519 0.1414959 0.2014605 0.1589605 0.2227097 0.1500889 0.0690860 0.1407510 0.1470114 0.1375379 0.1097145 0.1603466 0.1692410 0.1647866 0.2044797 0.1456343 0.1550629 0.1555691 0.1347775 0.1150386 0.1415865 0.1427249 0.1655217 0.0310234 0.0000000 0.2128067 0.1652873 0.1453889 0.1366207 0.3660999 0.1324216 0.1496772 0.2340567 0.1373914 0.1389779 0.1396008 0.1924011 0.1628585 0.1184336 0.1418999 0.1236271 0.1358394 0.1905103 0.1360895 0.1354835 0.1601794 0.2275529 0.1397018 0.1213442 0.0986426 0.0937279 0.1408208 0.1481660 0.0881878 0.1259686 0.1276586 0.1405503 0.2545731 0.1403132 0.2094386 0.1977379 0.0765822 0.1699021 0.1375030 0.0363070 0.1419940 0.1442894 0.1668140 0.1286338 0.1695999 0.2275158 0.1605245 0.1463986 0.1460704 0.1181643 0.4627085 0.1189694 0.1189450 
Perityle_cuneata_4                         0.2501976 0.2209983 0.2260766 0.3106248 0.2253086 0.0701889 0.3310781 0.1821143 0.3955190 0.2658703 0.2238990 0.2181000 0.1715573 0.2115708 0.1935507 0.2076163 0.1470751 0.1899407 0.2069038 0.1821202 0.2093218 0.2140315 0.2134784 0.1812221 0.2000901 0.1753084 0.2090457 0.2188265 0.2422388 0.1264904 0.2128067 0.0000000 0.2663271 0.2081364 0.2900719 0.8286603 0.1448655 0.2232828 0.2271860 0.2121920 0.2887161 0.2121825 0.2375304 0.2390070 0.1625512 0.2126506 0.1648562 0.2592615 0.2008660 0.2220611 0.2078423 0.2254415 0.2787343 0.2294938 0.1848671 0.1051237 0.1304263 0.2107899 0.2246403 0.0945515 0.2177887 0.1650115 0.2136004 0.2318249 0.2120050 0.2111410 0.2292669 0.0584476 0.1994738 0.2100681 0.2159662 0.2097615 0.2168477 0.1965319 0.1640739 0.2484580 0.2370977 0.1795480 0.2153861 0.2267715 0.1566750 0.6944689 0.1819869 0.1366562 
Perityle_discoidea_81                      0.0278860 0.1686214 0.0406077 0.2468353 0.1052926 0.0947731 0.2409242 0.1432073 0.1945234 0.2073489 0.2347209 0.1259075 0.0583871 0.1192115 0.1310716 0.1233365 0.1325766 0.1728724 0.1993472 0.1765132 0.2117395 0.1264454 0.2212462 0.1758973 0.1234170 0.1455129 0.1227874 0.1365939 0.1564824 0.1391616 0.1652873 0.2663271 0.0000000 0.1272163 0.1831729 0.3315425 0.1034886 0.1368953 0.2532068 0.1257599 0.1791082 0.1190025 0.2496211 0.1085720 0.1398274 0.1227129 0.1413484 0.1339558 0.1827123 0.1208720 0.1219214 0.1345478 0.2168561 0.1499033 0.1214783 0.1193206 0.1226306 0.1217636 0.1793392 0.0915441 0.1581535 0.0789576 0.1257218 0.2691903 0.1213432 0.1932366 0.1820846 0.0794383 0.1755353 0.1220942 0.1447666 0.1245255 0.1264672 0.1885219 0.1194648 0.1304946 0.2339053 0.1772828 0.1236947 0.2183071 0.1367387 0.4024849 0.1040125 0.1259040 
Perityle_dissecta_201                      0.1306862 0.1514688 0.1211638 0.2352618 0.1356322 0.0641103 0.2338350 0.1191474 0.2421540 0.2316008 0.2380773 0.0328752 0.0214298 0.0258360 0.0329483 0.0394338 0.0287812 0.1450993 0.1486141 0.0744132 0.0946284 0.0319303 0.2566437 0.0623398 0.0271187 0.0518813 0.0469773 0.0532112 0.1346918 0.0954835 0.1453889 0.2081364 0.1272163 0.0000000 0.1971784 0.2803998 0.1257322 0.0467750 0.1266296 0.0331686 0.1929912 0.0269274 0.2247766 0.1445451 0.0296662 0.0292022 0.0340536 0.1676794 0.0791736 0.0375582 0.0283355 0.0576635 0.1394346 0.1203320 0.0445499 0.0357425 0.0321404 0.0270041 0.1360167 0.0621645 0.1298202 0.0460908 0.0259455 0.2114630 0.0483558 0.1993252 0.2045859 0.0603858 0.0492791 0.0294660 0.1252373 0.0282338 0.0322256 0.0779607 0.0380439 0.1441111 0.1633187 0.0702262 0.0246251 0.1667596 0.0296556 0.4110323 0.0839369 0.0855019 
Perityle_feddemae_99                       0.1934063 0.2110800 0.1758091 0.2725214 0.1041092 0.0905410 0.2813436 0.1359517 0.2578354 0.2234833 0.2332465 0.2018935 0.0662825 0.1940806 0.1462801 0.1777731 0.1827220 0.1905085 0.1484004 0.1841010 0.2555093 0.2012694 0.2781785 0.2366349 0.1896325 0.2106744 0.2026690 0.1977443 0.2241306 0.1014869 0.1366207 0.2900719 0.1831729 0.1971784 0.0000000 0.3729112 0.1848218 0.1938047 0.2896512 0.1977850 0.0265147 0.1872717 0.0799385 0.2271364 0.2081275 0.1944143 0.2106054 0.0225417 0.2259943 0.1969260 0.1891130 0.2124331 0.2700111 0.1776694 0.1247728 0.0740056 0.1507916 0.1973046 0.2063975 0.1008562 0.1757881 0.1347494 0.1924628 0.3154461 0.2027199 0.2038213 0.2009175 0.0857069 0.2280717 0.1943793 0.1758873 0.1966055 0.1891663 0.2311593 0.1258230 0.1821988 0.2778773 0.1802113 0.2030639 0.1893755 0.2066606 0.4419111 0.0943470 0.0325314 
Perityle_fosteri_93                        0.3248236 0.3610603 0.3526383 0.2741978 0.2552476 0.5377720 0.2705519 0.2926707 0.2263166 0.9689007 0.9225489 0.2827786 0.2179978 0.2803051 0.3037132 0.2923432 0.2885587 0.3953857 0.1728869 0.0374972 0.2009006 0.2827480 0.4940500 0.6715787 0.2680035 0.5591306 0.3105650 0.2958234 0.3433147 0.4940500 0.3660999 0.8286603 0.3315425 0.2803998 0.3729112 0.0000000 0.5071974 0.2975633 0.3349380 0.2968234 0.3667479 0.2911927 0.3388540 0.3936947 0.5591306 0.2827480 0.5591306 0.3629529 0.0958032 0.2638060 0.2640967 0.3245960 0.2936177 0.3959662 0.3121124 0.2885587 0.2885587 0.2900529 0.3691966 0.4940500 0.3725276 0.3050724 0.2796144 0.3220917 0.3166097 0.8882553 0.6868072 0.4940500 0.0231526 0.2968234 0.3432368 0.2746652 0.2962849 0.0574085 0.3304960 0.3448769 0.2806946 0.0876409 0.2946757 0.3855173 0.5591306 0.1228564 0.3461860 0.5591306 
Perityle_gamon_221                         0.1102259 0.1193766 0.0988857 0.2130875 0.1702817 0.0806576 0.2602824 0.1151684 0.2262836 0.1985016 0.1708402 0.1290850 0.0430394 0.1211320 0.1106739 0.1313128 0.1223814 0.1640500 0.1098084 0.1025934 0.1145738 0.1283370 0.1532782 0.1223762 0.1177501 0.1428243 0.1253550 0.1344206 0.1396387 0.1161712 0.1324216 0.1448655 0.1034886 0.1257322 0.1848218 0.5071974 0.0000000 0.1381819 0.1213515 0.1247012 0.1833890 0.1245237 0.1459305 0.0112094 0.1282422 0.1263481 0.1320689 0.1796329 0.1196767 0.1413692 0.1255859 0.1404810 0.2038367 0.1152225 0.1063135 0.0971934 0.1207473 0.1258406 0.1200454 0.0755518 0.1147917 0.0590678 0.1305843 0.1160425 0.1264094 0.1761815 0.1934904 0.0432601 0.1231143 0.1236204 0.1326372 0.1234031 0.1274781 0.1257270 0.1031176 0.1494484 0.1151363 0.1124757 0.1302093 0.1126559 0.1233164 0.3491306 0.1125675 0.1209736 
Perityle_gentryi_8_san_francisco           0.1404725 0.1544457 0.1320055 0.2416019 0.1275572 0.0604295 0.2448921 0.1230117 0.2355039 0.2183236 0.2250266 0.0512440 0.0342443 0.0403870 0.0486740 0.0205978 0.0395819 0.1507025 0.1519825 0.0818889 0.1095462 0.0487754 0.2396100 0.0848222 0.0424476 0.0471976 0.0508912 0.0580109 0.1348487 0.1002833 0.1496772 0.2232828 0.1368953 0.0467750 0.1938047 0.2975633 0.1381819 0.0000000 0.1416759 0.0526797 0.1904080 0.0435702 0.2241849 0.1569561 0.0472319 0.0442278 0.0518694 0.1625721 0.0880667 0.0468706 0.0476727 0.0665236 0.1545119 0.1230384 0.0485492 0.0431999 0.0433245 0.0435877 0.1486805 0.0622168 0.1368250 0.0472277 0.0439174 0.2064783 0.0556094 0.1954980 0.1944534 0.0681259 0.0816977 0.0487713 0.1322369 0.0468049 0.0493515 0.0900918 0.0499513 0.1503937 0.1768619 0.0819004 0.0501542 0.1754207 0.0472142 0.4043475 0.0853680 0.0970222 
Perityle_gilensis_22_Superstition          0.2415468 0.2489236 0.2453887 0.2899783 0.1912613 0.0571479 0.2899565 0.1884153 0.2792080 0.2329376 0.2473590 0.1407709 0.1561836 0.1263400 0.1229705 0.1362213 0.0197174 0.2345393 0.1337447 0.0662151 0.0578568 0.1169328 0.2505595 0.0520172 0.1183876 0.0342307 0.1244168 0.1445259 0.2295400 0.0905890 0.2340567 0.2271860 0.2532068 0.1266296 0.2896512 0.3349380 0.1213515 0.1416759 0.0000000 0.1088522 0.2858067 0.1135942 0.1865748 0.2401085 0.0066791 0.1148033 0.0159998 0.2725363 0.0602686 0.1331594 0.1078144 0.1445313 0.2723121 0.2054617 0.1628737 0.0269837 0.0169467 0.1117191 0.2032243 0.0624193 0.1994580 0.1808758 0.1285032 0.1581343 0.1265395 0.2183143 0.2156315 0.0631846 0.0644639 0.1043987 0.1890110 0.1124280 0.1186764 0.0468917 0.1095275 0.2464900 0.1715795 0.0566863 0.1357739 0.2451151 0.0108933 0.1576551 0.1688852 0.0812352 
Perityle_gilensis_salensis_225             0.1341668 0.1447985 0.1231160 0.2434581 0.1335246 0.0606389 0.2396156 0.1220319 0.2338724 0.2323604 0.2417408 0.0468155 0.0323528 0.0351249 0.0231279 0.0414490 0.0233335 0.1426975 0.1439121 0.0745946 0.1008228 0.0245837 0.2597604 0.0409708 0.0302351 0.0403717 0.0457922 0.0551969 0.1324916 0.0930827 0.1373914 0.2121920 0.1257599 0.0331686 0.1977850 0.2968234 0.1247012 0.0526797 0.1088522 0.0000000 0.1927855 0.0194960 0.2216784 0.1433506 0.0125663 0.0218042 0.0219704 0.1718439 0.0868108 0.0407874 0.0216379 0.0570612 0.1432473 0.1235999 0.0435697 0.0294826 0.0209652 0.0197096 0.1393304 0.0651682 0.1261004 0.0473305 0.0390271 0.2029466 0.0497055 0.2059571 0.2039583 0.0657461 0.0653974 0.0059140 0.1223442 0.0215334 0.0240453 0.0634686 0.0251294 0.1411804 0.1684229 0.0623297 0.0414147 0.1729333 0.0168166 0.3962501 0.0792086 0.0841882 
Perityle_glaucescens_94                    0.1899906 0.2034058 0.1742518 0.2676994 0.1027391 0.0921025 0.2764951 0.1368970 0.2547962 0.2222095 0.2314501 0.1998623 0.0644037 0.1901150 0.1434349 0.1785207 0.1812174 0.1879270 0.1417900 0.1777043 0.2560444 0.1973827 0.2558237 0.2340780 0.1848810 0.2043788 0.1956073 0.2009704 0.2225360 0.0986208 0.1389779 0.2887161 0.1791082 0.1929912 0.0265147 0.3667479 0.1833890 0.1904080 0.2858067 0.1927855 0.0000000 0.1816575 0.0722367 0.2221161 0.2017827 0.1903297 0.2064694 0.0147735 0.2271456 0.1956248 0.1881141 0.2063334 0.2622372 0.1742475 0.1294003 0.0738938 0.1515464 0.1932830 0.1982260 0.1066379 0.1698956 0.1308993 0.1906878 0.3070563 0.1979803 0.2024842 0.1975056 0.0825851 0.2259512 0.1902787 0.1759101 0.1925783 0.1878105 0.2263504 0.1205432 0.1794562 0.2691270 0.1718312 0.1988660 0.1798992 0.2014823 0.4361340 0.0888300 0.0241778 
Perityle_gracilis_11                       0.1252332 0.1457224 0.1172575 0.2353897 0.1225111 0.0606390 0.2315308 0.1234531 0.2316370 0.2135711 0.2259930 0.0367525 0.0160082 0.0282092 0.0166697 0.0349940 0.0193579 0.1451838 0.1407044 0.0671557 0.0977386 0.0066389 0.2504965 0.0478976 0.0208123 0.0216832 0.0377398 0.0492269 0.1301829 0.0904612 0.1396008 0.2121825 0.1190025 0.0269274 0.1872717 0.2911927 0.1245237 0.0435702 0.1135942 0.0194960 0.1816575 0.0000000 0.2201330 0.1417357 0.0111902 0.0036096 0.0103330 0.1590355 0.0800248 0.0248454 0.0170891 0.0549875 0.1339439 0.1154076 0.0395121 0.0269449 0.0123051 0.0024036 0.1371217 0.0624187 0.1250520 0.0392187 0.0302898 0.2064257 0.0416471 0.1900090 0.1926686 0.0684568 0.0622692 0.0157951 0.1195222 0.0048181 0.0079476 0.0613334 0.0170448 0.1401804 0.1633365 0.0578477 0.0351977 0.1682153 0.0051405 0.3913068 0.0766699 0.0810018 
Perityle_harkerae_31                       0.2462740 0.2369946 0.2349200 0.2907471 0.1435238 0.0901647 0.3055373 0.1666763 0.2947959 0.2216596 0.2030720 0.2308230 0.1631965 0.2119214 0.1765370 0.1983530 0.1500056 0.2356763 0.1232695 0.1638436 0.1692207 0.2275467 0.2685670 0.1882688 0.2138783 0.1691056 0.2210755 0.2237737 0.2752081 0.0973174 0.1924011 0.2375304 0.2496211 0.2247766 0.0799385 0.3388540 0.1459305 0.2241849 0.1865748 0.2216784 0.0722367 0.2201330 0.0000000 0.2665687 0.1747843 0.2232044 0.1773722 0.0824423 0.1870801 0.2132871 0.2158303 0.2370607 0.3361406 0.2225897 0.1615731 0.0712114 0.1169191 0.2223648 0.2260514 0.1034622 0.2116799 0.1714931 0.2183934 0.2160426 0.2219301 0.2070696 0.2007691 0.0797438 0.1936373 0.2173278 0.2292233 0.2192221 0.2198524 0.1920654 0.1543129 0.2367001 0.2142651 0.1633859 0.2263201 0.2382743 0.1734789 0.2114370 0.1202424 0.0214492 
Perityle_hofmeisteria_4_nombre_de_dios     0.1135186 0.1780333 0.0974447 0.2586985 0.1565782 0.0879915 0.2698510 0.1468761 0.2526204 0.2623546 0.2561614 0.1416868 0.0623141 0.1419857 0.1419553 0.1435678 0.1372814 0.1781972 0.1901869 0.1735784 0.2123598 0.1438901 0.2625069 0.1817123 0.1346558 0.1703533 0.1445173 0.1573501 0.1381664 0.1256490 0.1628585 0.2390070 0.1085720 0.1445451 0.2271364 0.3936947 0.0112094 0.1569561 0.2401085 0.1433506 0.2221161 0.1417357 0.2665687 0.0000000 0.1511729 0.1428208 0.1543667 0.1841722 0.1848638 0.1471564 0.1416589 0.1571939 0.2238414 0.1411829 0.1289754 0.1022584 0.1271280 0.1414853 0.1560517 0.0842654 0.1476096 0.0960570 0.1420092 0.2310682 0.1448952 0.2280127 0.2194761 0.0536998 0.1814400 0.1411135 0.1494925 0.1437329 0.1434398 0.1946334 0.1349517 0.1635949 0.2109410 0.1740938 0.1459936 0.1788332 0.1490238 0.4193659 0.1164160 0.1256594 
Perityle_huecosensis_48                    0.1527241 0.1455632 0.1387613 0.2550112 0.1601802 0.0623157 0.2512129 0.1016857 0.2639807 0.1673886 0.1649959 0.0425455 0.0126376 0.0315289 0.0132060 0.0376217 0.0214968 0.1499649 0.1031805 0.0265001 0.0210555 0.0176526 0.2595215 0.0066705 0.0203045 0.0376955 0.0281009 0.0499819 0.1358597 0.0929827 0.1184336 0.1625512 0.1398274 0.0296662 0.2081275 0.5591306 0.1282422 0.0472319 0.0066791 0.0125663 0.2017827 0.0111902 0.1747843 0.1511729 0.0000000 0.0136415 0.0176705 0.1664729 0.0285061 0.0382397 0.0134005 0.0490000 0.1927486 0.1121044 0.0368702 0.0294499 0.0169163 0.0117186 0.1096157 0.0679719 0.1079050 0.0149814 0.0359076 0.1177277 0.0315324 0.1694643 0.1840353 0.0683588 0.0289206 0.0075101 0.1084664 0.0125632 0.0157472 0.0059108 0.0107716 0.1674006 0.0922057 0.0227682 0.0377255 0.1679925 0.0125597 0.4496878 0.0710102 0.0855837 
