84
Amauria_brandeegeana_62                    0.0000000 0.0866922 0.2684770 0.3384067 0.2200520 0.3229133 0.1005672 0.3970925 0.2022529 0.2893282 0.2639597 0.2452799 0.2612569 0.2283606 0.3467426 0.2390479 0.2636574 0.4976508 0.2488986 0.0924175 0.2439808 0.1442505 0.2458289 0.2791845 0.2556397 0.2801783 0.3238919 0.3686048 0.2476039 0.1492012 0.1085559 0.0892317 0.1497045 0.3052421 0.2620860 0.6713121 0.2334873 0.2917084 0.3470834 0.2490684 0.2519960 0.3377681 0.2036581 0.2380775 0.4584904 0.2358165 0.2588523 0.3796676 0.3034345 0.1626678 0.2593480 0.2490961 0.2825412 0.2539998 0.1351511 0.1468656 0.1699623 0.3574135 0.2369826 0.1323403 0.0693524 0.3102757 0.0902714 0.2594518 0.3275072 0.2829677 0.2936462 0.2752872 0.2893808 0.2112745 0.3066480 0.2537900 0.1593177 0.2527774 0.0907940 0.3002993 0.3468033 0.2380597 0.2644340 0.1271242 0.2455082 0.2859275 0.1384025 0.1365112 
Amauria_carterae_99_mesa                   0.0866922 0.0000000 0.0803623 0.1416711 0.0552632 0.1379454 0.0863160 0.1665655 0.0846461 0.1014192 0.1008328 0.0715093 0.0927677 0.0879570 0.0882202 0.0939158 0.1247764 0.4422908 0.0841319 0.0911561 0.0715227 0.0797823 0.0756940 0.0843835 0.0796788 0.0941682 0.1010705 0.1376805 0.0992692 0.1061443 0.1129933 0.0850455 0.0846461 0.0753668 0.0883401 0.0000010 0.0798029 0.1673469 0.0924708 0.0800255 0.0886380 0.1167333 0.0839086 0.1215300 0.1712953 0.0942963 0.0881558 0.0796788 0.1165961 0.0756756 0.1011395 0.0755883 0.0920776 0.0757057 0.1431835 0.1053564 0.0842330 0.1607027 0.0715860 0.1222598 0.0830772 0.1652982 0.0879493 0.0964863 0.1423107 0.0879493 0.1105126 0.0801162 0.0969367 0.0685685 0.1082380 0.0841608 0.0782943 0.0838467 0.0796788 0.1151253 0.1514303 0.0973553 0.1052916 0.1225883 0.0715227 0.1071061 0.1364792 0.1410502 
Amauria_rotundifolia_SRR9119150            0.2684770 0.0803623 0.0000000 0.3623297 0.2460912 0.3338001 0.1068719 0.3562592 0.1621818 0.2749573 0.2708656 0.2566835 0.2745353 0.2639287 0.3579551 0.2756647 0.2820685 0.5389163 0.2619898 0.0828287 0.2607452 0.2340833 0.2512806 0.2673318 0.2675760 0.2900970 0.2868724 0.3634271 0.2071678 0.1446667 0.1161748 0.1092808 0.1183322 0.3114579 0.2374104 0.6956626 0.2548203 0.3043092 0.3206686 0.2776481 0.2714984 0.3271885 0.2579816 0.2192447 0.4107214 0.2795435 0.2852170 0.3453733 0.3047248 0.1627362 0.2734992 0.2650867 0.1691947 0.2612316 0.1728515 0.1254340 0.1767805 0.3575923 0.2597742 0.1404428 0.0716867 0.2847986 0.0767915 0.2898394 0.3332355 0.1760142 0.2840523 0.2993582 0.2891380 0.2498959 0.2183403 0.2570259 0.1910715 0.2671512 0.0854765 0.2949358 0.3476426 0.2503256 0.2773982 0.1387377 0.2568892 0.3227798 0.1479799 0.1517109 
Conoclinium_coelestinum_SRR9119114         0.3384067 0.1416711 0.3623297 0.0000000 0.1921331 0.2344109 0.1630268 0.3220361 0.3688287 0.2091501 0.2189759 0.2036904 0.2237999 0.2271947 0.4356012 0.2210350 0.3769892 0.3541678 0.2053969 0.1741632 0.2205963 0.2730516 0.2171757 0.3613528 0.2223517 0.3670451 0.2020172 0.4343409 0.3712741 0.1933124 0.1939446 0.2068271 0.2997872 0.3801113 0.2234465 0.2446112 0.2146017 0.2898450 0.4307385 0.2208991 0.2224948 0.2166372 0.2259785 0.2210145 0.4146676 0.2098346 0.2229025 0.2201850 0.2148329 0.2252606 0.2230593 0.2346098 0.3925384 0.2100205 0.2141088 0.2135684 0.2423189 0.2584661 0.2131536 0.1911588 0.1765181 0.3980389 0.1737251 0.2187860 0.4254040 0.3940342 0.2317800 0.2040511 0.2181897 0.2120847 0.3193389 0.2269261 0.2434040 0.2239984 0.1860402 0.2342372 0.3984284 0.2275014 0.2237509 0.2021410 0.2253249 0.3385470 0.2043320 0.2116918 
Eutetras_palmeri_63                        0.2200520 0.0552632 0.2460912 0.1921331 0.0000000 0.2050237 0.0959671 0.3465361 0.1908660 0.1251633 0.1264697 0.1002024 0.1225683 0.1150545 0.3030162 0.0822537 0.2265535 0.3819995 0.1064571 0.0901172 0.1031302 0.1913605 0.1061042 0.2026323 0.1093130 0.1816974 0.1653205 0.3176032 0.2267703 0.1126955 0.1092093 0.0939025 0.1582948 0.2219639 0.1180044 0.1995092 0.1076691 0.2418366 0.2935035 0.1103417 0.1157912 0.2041487 0.0996769 0.2164772 0.3346556 0.1153687 0.1089946 0.1731895 0.1909744 0.1161143 0.1218258 0.1144430 0.2681283 0.1142068 0.1450243 0.1259588 0.1260982 0.1951874 0.1001152 0.1329248 0.0626405 0.2452750 0.0916898 0.1244835 0.2846993 0.2686710 0.1514859 0.1239740 0.1396218 0.0607092 0.2948237 0.1203807 0.0843877 0.1170286 0.0802387 0.1576757 0.2705605 0.1193316 0.1211012 0.1201689 0.1046651 0.2220270 0.1311372 0.1288951 
Eutrochium_fistulosum_SRR9119106           0.3229133 0.1379454 0.3338001 0.2344109 0.2050237 0.0000000 0.1444584 0.3296367 0.2856147 0.2350732 0.2334525 0.1956304 0.2000333 0.2054001 0.3560209 0.2510196 0.2982480 0.3783386 0.2067038 0.1292967 0.2115688 0.2142710 0.2061800 0.2755790 0.2154966 0.2830331 0.2185009 0.3468069 0.3262559 0.1916951 0.2261294 0.2198134 0.2645119 0.3115027 0.2219914 0.3331749 0.2046690 0.3162357 0.3489341 0.2101681 0.2216074 0.2892185 0.2017411 0.2638713 0.4031569 0.2139120 0.2224611 0.3303979 0.2638441 0.2096485 0.2247031 0.2112647 0.3466766 0.2159359 0.2230760 0.1942181 0.2051046 0.3383508 0.2044805 0.2043734 0.1376683 0.3315872 0.1447750 0.2305160 0.3482239 0.3517364 0.2570257 0.2122682 0.2405573 0.2211060 0.4652593 0.2196127 0.2099303 0.2172346 0.1516724 0.2511768 0.3330662 0.2101281 0.2245837 0.2154922 0.2132701 0.3480620 0.2079345 0.2133041 
Galeana_pratensis_104_mex                  0.1005672 0.0863160 0.1068719 0.1630268 0.0959671 0.1444584 0.0000000 0.1808241 0.1150932 0.1185072 0.1149819 0.0808574 0.1150994 0.1071594 0.1181843 0.0992617 0.1301710 0.4152458 0.0958291 0.1032762 0.0845949 0.0542481 0.0917449 0.0994985 0.0955863 0.1013542 0.1175672 0.1509514 0.1353816 0.1247030 0.1037582 0.0860230 0.1150932 0.1030699 0.1103453 0.0000010 0.0919456 0.1850321 0.1074668 0.0848631 0.1035710 0.1337075 0.0918911 0.1261332 0.1932394 0.1088109 0.0917846 0.0956444 0.1297359 0.0995323 0.1185684 0.0881613 0.1142315 0.0957599 0.1535458 0.1214982 0.0960304 0.2570490 0.0809343 0.1585972 0.0586717 0.1755676 0.1034834 0.1067588 0.1579531 0.1066413 0.1332979 0.1099114 0.1184935 0.0722101 0.2567314 0.1033427 0.0988242 0.1143970 0.0919308 0.1335813 0.1761069 0.1114525 0.1148593 0.1594001 0.0882299 0.1102299 0.1603799 0.1629701 
Helianthus_annuus_SRR9119062               0.3970925 0.1665655 0.3562592 0.3220361 0.3465361 0.3296367 0.1808241 0.0000000 0.3039690 0.3682373 0.3719445 0.3504658 0.3481738 0.3686273 0.4226635 0.3181682 0.3183351 0.4814602 0.3585053 0.1853666 0.3433648 0.2560260 0.3516890 0.3796745 0.3537635 0.3813193 0.3347991 0.4076176 0.3608112 0.2499783 0.2443156 0.2475665 0.2961356 0.4050850 0.3573105 0.5650872 0.3581837 0.3885845 0.4121916 0.3425076 0.3569787 0.3605782 0.3349183 0.3113433 0.4629836 0.3499913 0.3747514 0.4470255 0.3592344 0.3367204 0.3596890 0.3567050 0.3771042 0.3600670 0.2361706 0.2309626 0.3241807 0.4354711 0.3428601 0.2321293 0.1815072 0.3654808 0.1880506 0.3586692 0.3920101 0.3810422 0.3696843 0.3656119 0.3570692 0.2880643 0.4307224 0.3497251 0.2755969 0.3581757 0.2163735 0.3755520 0.4018333 0.3617489 0.3564392 0.2293184 0.3389149 0.3789744 0.2131585 0.2113696 
Lycapsus_tenuifolius_17                    0.2022529 0.0846461 0.1621818 0.3688287 0.1908660 0.2856147 0.1150932 0.3039690 0.0000000 0.2487349 0.2402770 0.2286247 0.2302665 0.2329943 0.2951335 0.3033097 0.2734167 0.6175390 0.2249251 0.0829636 0.2298980 0.2148141 0.2278324 0.2417964 0.2403031 0.2658119 0.2556575 0.3581703 0.1660068 0.1190676 0.1233733 0.1129118 0.0000010 0.2451621 0.2033739 0.6928802 0.2035357 0.2265392 0.3059869 0.2358074 0.2359582 0.2891021 0.2023426 0.1476813 0.3595593 0.2374019 0.2529995 0.3042549 0.2581225 0.0899969 0.2388898 0.2361626 0.2349193 0.2326928 0.1487406 0.1356291 0.1217446 0.3881113 0.2261731 0.1311750 0.0849968 0.2334426 0.0939341 0.2397986 0.3451041 0.2375747 0.2617990 0.2622589 0.2541458 0.2749565 0.1969467 0.2303260 0.1637364 0.2359782 0.0854468 0.2656020 0.2992764 0.2166100 0.2440995 0.1083514 0.2220164 0.2409249 0.1473925 0.1510798 
Pericome_caudata_50_silver                 0.2893282 0.1014192 0.2749573 0.2091501 0.1251633 0.2350732 0.1185072 0.3682373 0.2487349 0.0000000 0.1521163 0.1420798 0.1510178 0.1366006 0.3709437 0.0869049 0.2493827 0.3654946 0.1423109 0.0962559 0.1505886 0.2502782 0.1503079 0.2706363 0.1505478 0.2623143 0.1917634 0.3914561 0.2619487 0.1500028 0.1235986 0.1205246 0.1829669 0.2633058 0.1465092 0.2079126 0.1519263 0.2740217 0.3210951 0.1490773 0.1466108 0.2226983 0.1302845 0.2236194 0.3862323 0.1408051 0.1612515 0.2250837 0.2198216 0.1558225 0.1463634 0.1560040 0.3212816 0.1493011 0.1533676 0.1410809 0.1577899 0.2043334 0.1427197 0.1608941 0.0939099 0.3018427 0.0749505 0.1536696 0.3400446 0.2988297 0.1535357 0.1563502 0.1483783 0.0818883 0.3288200 0.1450564 0.0977792 0.1467137 0.0954874 0.1593742 0.3246815 0.1399288 0.1577228 0.1414573 0.1520057 0.2812255 0.1414417 0.1397704 
Perityle_aglossa_84_dead_horse             0.2639597 0.1008328 0.2708656 0.2189759 0.1264697 0.2334525 0.1149819 0.3719445 0.2402770 0.1521163 0.0000000 0.0720712 0.0829374 0.0591493 0.3197982 0.0420494 0.2386024 0.3913903 0.0533746 0.0497687 0.0689433 0.2215493 0.0584237 0.1640631 0.0678624 0.2003104 0.1616570 0.3610198 0.2448012 0.1351329 0.1379021 0.1238518 0.1721649 0.1928822 0.1340859 0.1870310 0.0658814 0.2957393 0.2937736 0.0899175 0.0624748 0.2072263 0.0845291 0.2073990 0.3931590 0.0743654 0.0868800 0.1866914 0.1879774 0.0620485 0.0531891 0.0762963 0.2777714 0.0571600 0.1689238 0.1258122 0.1152829 0.1834499 0.0681238 0.1417019 0.0804065 0.2830442 0.0491813 0.0663321 0.3117947 0.2897716 0.1623706 0.1498550 0.1134869 0.0490924 0.3234324 0.0678912 0.0604671 0.0613812 0.0773026 0.1651229 0.3041393 0.0586395 0.0695684 0.1386376 0.0636687 0.2585930 0.1520342 0.1509577 
Perityle_ajoensis_204                      0.2452799 0.0715093 0.2566835 0.2036904 0.1002024 0.1956304 0.0808574 0.3504658 0.2286247 0.1420798 0.0720712 0.0000000 0.0876688 0.0664291 0.3289145 0.0567723 0.2129044 0.3424116 0.0523023 0.0596917 0.0300381 0.2161442 0.0441705 0.1447111 0.0390055 0.1964111 0.1542026 0.3453356 0.2203998 0.1143611 0.1002673 0.1120647 0.1603111 0.2030913 0.1192125 0.1835458 0.0621229 0.2718911 0.3004576 0.0765965 0.0574471 0.1864877 0.0388985 0.1906176 0.3757872 0.0720376 0.0455219 0.1530938 0.1752629 0.0655512 0.0599848 0.0457437 0.2813912 0.0455709 0.1598729 0.1113655 0.1053592 0.1339628 0.0187248 0.1417825 0.0327697 0.2787579 0.0749584 0.0990080 0.3060224 0.2953744 0.1379805 0.1276491 0.1081775 0.0196199 0.2986418 0.0614506 0.0426710 0.0629088 0.0401423 0.1409202 0.2936791 0.0562304 0.0964222 0.1356764 0.0364291 0.2218082 0.1219459 0.1191843 
Perityle_ambrosiifolia_67_green            0.2612569 0.0927677 0.2745353 0.2237999 0.1225683 0.2000333 0.1150994 0.3481738 0.2302665 0.1510178 0.0829374 0.0876688 0.0000000 0.0737237 0.3079611 0.0424517 0.2293542 0.3898700 0.0821140 0.0276287 0.0790929 0.1880352 0.0668988 0.1766972 0.0779589 0.1866707 0.1705674 0.3424657 0.2241750 0.1354127 0.1311432 0.1209781 0.1615733 0.1974632 0.1087283 0.1650454 0.0861905 0.2942730 0.2803836 0.0708656 0.0820350 0.2118390 0.0805885 0.2192065 0.3821788 0.0623122 0.0973534 0.1891431 0.1880694 0.0754089 0.0696084 0.0866815 0.2735230 0.0750577 0.1629185 0.1258885 0.0603882 0.1803725 0.0824063 0.1421212 0.0673145 0.2580781 0.0460178 0.0667207 0.3008467 0.2834161 0.1509598 0.1370167 0.0999714 0.0552601 0.3138160 0.0779662 0.0538256 0.0712380 0.0674665 0.1538249 0.2654834 0.0817222 0.0700467 0.1329442 0.0764005 0.2452597 0.1454802 0.1440294 
Perityle_angustifolia_13_Eagle_creek       0.2283606 0.0879570 0.2639287 0.2271947 0.1150545 0.2054001 0.1071594 0.3686273 0.2329943 0.1366006 0.0591493 0.0664291 0.0737237 0.0000000 0.2798122 0.0384128 0.2390998 0.3776056 0.0468196 0.0307685 0.0732905 0.1835277 0.0564218 0.1669067 0.0734064 0.1726374 0.1518905 0.3365151 0.2092184 0.1262428 0.1312284 0.1239375 0.1667746 0.1788775 0.1100181 0.1868739 0.0552594 0.2855514 0.2977155 0.0678836 0.0649446 0.1972592 0.0741480 0.2108917 0.3826426 0.0623068 0.0763280 0.1596763 0.1788169 0.0593416 0.0552067 0.0652616 0.2550980 0.0522284 0.1574768 0.1237143 0.0996956 0.1770976 0.0652715 0.1366187 0.0714249 0.2810534 0.0428421 0.0621574 0.3174932 0.2574224 0.1490227 0.1281179 0.1059164 0.0419965 0.2988033 0.0622793 0.0516079 0.0605929 0.0697912 0.1483665 0.2657598 0.0642582 0.0569122 0.1331659 0.0704969 0.2226956 0.1416343 0.1399711 
Perityle_batopilensis_97                   0.3467426 0.0882202 0.3579551 0.4356012 0.3030162 0.3560209 0.1181843 0.4226635 0.2951335 0.3709437 0.3197982 0.3289145 0.3079611 0.2798122 0.0000000 0.3170534 0.3036977 0.5726736 0.3118606 0.0369366 0.3355974 0.1719130 0.3120760 0.3223308 0.3207039 0.3281087 0.2951162 0.4031634 0.3465848 0.1564937 0.1340852 0.1419630 0.2397794 0.3245170 0.3617097 0.9712438 0.2883015 0.3241073 0.1253463 0.2956776 0.3138336 0.4230864 0.2892191 0.2795427 0.4290273 0.3020376 0.3352907 0.4180550 0.3857364 0.2071390 0.3141400 0.3268708 0.3400276 0.3066034 0.1911063 0.1211733 0.2293580 0.4473663 0.3299710 0.1614771 0.0758720 0.3734389 0.0584731 0.3006820 0.3587509 0.3557369 0.3615917 0.3532791 0.3207986 0.3080342 0.4114378 0.3023075 0.2156314 0.3120579 0.0772875 0.3709706 0.4110523 0.2896666 0.3008536 0.1503172 0.3298653 0.3764731 0.1687365 0.1685020 
Perityle_bisetosa_9                        0.2390479 0.0939158 0.2756647 0.2210350 0.0822537 0.2510196 0.0992617 0.3181682 0.3033097 0.0869049 0.0420494 0.0567723 0.0424517 0.0384128 0.3170534 0.0000000 0.2931167 0.3538067 0.0318754 0.0258882 0.0545549 0.2071148 0.0462027 0.2194031 0.0483485 0.2341555 0.1206734 0.4392814 0.2720645 0.1228170 0.1287468 0.1197382 0.2100001 0.2207265 0.0888221 0.2083598 0.0271910 0.2511009 0.3289667 0.0613267 0.0237313 0.1643999 0.0520475 0.1777229 0.4238249 0.0259491 0.0631459 0.0546963 0.1528358 0.0302076 0.0237831 0.0567164 0.3029894 0.0297987 0.1773902 0.1224560 0.0720116 0.0567119 0.0508124 0.1054849 0.0642748 0.3012164 0.0233192 0.0460637 0.3929260 0.3012428 0.1085254 0.1114542 0.0421044 0.0462732 0.2222355 0.0359241 0.0390105 0.0382524 0.0574535 0.1093163 0.3247204 0.0336959 0.0461578 0.1302994 0.0483514 0.2579752 0.1219322 0.1255767 
Perityle_californica_76_positas            0.2636574 0.1247764 0.2820685 0.3769892 0.2265535 0.2982480 0.1301710 0.3183351 0.2734167 0.2493827 0.2386024 0.2129044 0.2293542 0.2390998 0.3036977 0.2931167 0.0000000 0.5850513 0.2306602 0.1160342 0.2192713 0.2975787 0.2210760 0.2620546 0.2272589 0.2788163 0.2242031 0.3296545 0.2455301 0.1219186 0.1007297 0.1251809 0.2162669 0.2636181 0.2414156 0.6208070 0.2292262 0.2338250 0.2827865 0.2354774 0.2348969 0.2651973 0.2149065 0.1665861 0.3433924 0.2300794 0.2317828 0.2753560 0.2494314 0.1485386 0.2326737 0.2280619 0.2868531 0.2414834 0.1980478 0.1366475 0.1518959 0.3911595 0.2194856 0.1592450 0.1090772 0.2993507 0.1144570 0.2461754 0.3221507 0.2827481 0.2803858 0.2470949 0.2455645 0.2566841 0.3266818 0.2390363 0.1805447 0.2301936 0.0962102 0.2790630 0.2963181 0.2418354 0.2342122 0.1384810 0.2233389 0.2224233 0.1371435 0.1382699 
Perityle_canescens_77                      0.4976508 0.4422908 0.5389163 0.3541678 0.3819995 0.3783386 0.4152458 0.4814602 0.6175390 0.3654946 0.3913903 0.3424116 0.3898700 0.3776056 0.5726736 0.3538067 0.5850513 0.0000000 0.3786410 0.4274400 0.3599165 0.3978335 0.3704100 0.5847942 0.3832141 0.5552508 0.3789935 0.6906941 0.5207495 0.4383678 0.4655996 0.4544363 0.4844818 0.6019972 0.3832719 0.1984821 0.3894508 0.5406419 0.5805848 0.3745827 0.3834953 0.3780072 0.3950762 0.4830569 0.6090502 0.4026797 0.3583999 0.3714941 0.3814225 0.4634697 0.3761422 0.3749129 0.5724725 0.3779844 0.4589169 0.4574628 0.4552347 0.3537668 0.3530936 0.5090376 0.4536000 0.6011672 0.4427527 0.3901492 0.6124209 0.5580487 0.4065428 0.3967003 0.3903398 0.3818644 0.4837294 0.3776132 0.4711065 0.3969445 0.4500967 0.4065428 0.5882925 0.3874438 0.3899407 0.4844940 0.3711303 0.5745067 0.4688209 0.4681612 
Perityle_castillonii_96                    0.2488986 0.0841319 0.2619898 0.2053969 0.1064571 0.2067038 0.0958291 0.3585053 0.2249251 0.1423109 0.0533746 0.0523023 0.0821140 0.0468196 0.3118606 0.0318754 0.2306602 0.3786410 0.0000000 0.0339143 0.0560843 0.1929387 0.0495471 0.1417981 0.0601894 0.2010979 0.1588383 0.3421247 0.2188839 0.1169733 0.1243529 0.1240885 0.1563368 0.1874634 0.1224694 0.1894247 0.0389160 0.2863028 0.2950311 0.0765787 0.0456542 0.2050565 0.0579158 0.2035144 0.3994748 0.0552787 0.0736094 0.1839496 0.1838295 0.0526818 0.0495226 0.0605373 0.2699870 0.0391435 0.1692310 0.1089450 0.1033695 0.1668188 0.0484855 0.1477284 0.0671662 0.2800356 0.0428275 0.0764198 0.3006413 0.2741732 0.1506276 0.1430277 0.1036814 0.0324744 0.3018774 0.0497107 0.0463592 0.0537375 0.0648200 0.1565399 0.3092328 0.0396918 0.0769089 0.1454091 0.0521405 0.2448418 0.1454293 0.1439759 
Perityle_cernua_84                         0.0924175 0.0911561 0.0828287 0.1741632 0.0901172 0.1292967 0.1032762 0.1853666 0.0829636 0.0962559 0.0497687 0.0596917 0.0276287 0.0307685 0.0369366 0.0258882 0.1160342 0.4274400 0.0339143 0.0000000 0.0629801 0.0235701 0.0499090 0.0531161 0.0596513 0.0637727 0.0878903 0.1374104 0.1131407 0.1116050 0.1218182 0.1102190 0.0829636 0.0307611 0.0861244 0.0000010 0.0307367 0.2138298 0.0402974 0.0596904 0.0371381 0.1353824 0.0662565 0.1170610 0.2214890 0.0407690 0.0695054 0.0842606 0.1205811 0.0245250 0.0307124 0.0569707 0.0561948 0.0433451 0.1523553 0.0879167 0.0628872 0.2592429 0.0597423 0.1461889 0.0671409 0.1574733 0.0526105 0.0437871 0.1362336 0.0497704 0.1005399 0.0862424 0.0370007 0.0664837 0.2634141 0.0339230 0.0513575 0.0432511 0.0629275 0.1007299 0.1659157 0.0403943 0.0497287 0.1389934 0.0597010 0.1089695 0.1795740 0.1705405 
Perityle_cfvillosa_25_tin                  0.2439808 0.0715227 0.2607452 0.2205963 0.1031302 0.2115688 0.0845949 0.3433648 0.2298980 0.1505886 0.0689433 0.0300381 0.0790929 0.0732905 0.3355974 0.0545549 0.2192713 0.3599165 0.0560843 0.0629801 0.0000000 0.2269696 0.0439497 0.1439787 0.0414848 0.2053502 0.1621327 0.3484093 0.2237179 0.1189674 0.1036462 0.1148188 0.1618053 0.2055916 0.1188611 0.1824758 0.0645625 0.2786207 0.3163180 0.0734573 0.0598252 0.1970438 0.0533404 0.1942035 0.3879657 0.0717110 0.0559024 0.1576518 0.1810803 0.0685358 0.0584155 0.0507662 0.2780752 0.0479766 0.1659073 0.1213074 0.1014303 0.1536819 0.0250047 0.1445926 0.0161917 0.2815435 0.0782641 0.0927716 0.3122740 0.2907588 0.1328956 0.1410719 0.1123917 0.0287132 0.3002881 0.0533291 0.0391583 0.0680354 0.0281186 0.1358619 0.2996163 0.0669857 0.0944133 0.1417986 0.0123145 0.2287678 0.1318323 0.1296171 
Perityle_cinerea_113_Powell1310            0.1442505 0.0797823 0.2340833 0.2730516 0.1913605 0.2142710 0.0542481 0.2560260 0.2148141 0.2502782 0.2215493 0.2161442 0.1880352 0.1835277 0.1719130 0.2071148 0.2975787 0.3978335 0.1929387 0.0235701 0.2269696 0.0000000 0.2154020 0.2273003 0.2216425 0.2338030 0.2103804 0.2833715 0.2391548 0.1896340 0.1708302 0.1765799 0.1837820 0.2108983 0.2378664 1.0747074 0.1982226 0.2629846 0.1763528 0.2392925 0.2106779 0.2631416 0.2277355 0.2193200 0.2567435 0.2197555 0.2100542 0.2165681 0.2457854 0.1299545 0.1837173 0.2271881 0.2069072 0.1930567 0.2061661 0.1692560 0.1753738 0.2633537 0.2272507 0.0995440 0.0489447 0.3088104 0.0357297 0.2097881 0.2649525 0.2022000 0.2630163 0.2523065 0.2050981 0.2265236 0.2520117 0.2045215 0.1710495 0.2101856 0.0542486 0.2630163 0.2770526 0.2002762 0.2051986 0.1578923 0.2269696 0.2366708 0.1255351 0.1255351 
Perityle_coahuilensis_24                   0.2458289 0.0756940 0.2512806 0.2171757 0.1061042 0.2061800 0.0917449 0.3516890 0.2278324 0.1503079 0.0584237 0.0441705 0.0668988 0.0564218 0.3120760 0.0462027 0.2210760 0.3704100 0.0495471 0.0499090 0.0439497 0.2154020 0.0000000 0.1293177 0.0467505 0.1889202 0.1587300 0.3440511 0.2221349 0.1187441 0.1168757 0.1118079 0.1577789 0.1837101 0.1140953 0.1819023 0.0497060 0.2787225 0.2915651 0.0719857 0.0441997 0.1870543 0.0562394 0.1838719 0.3879134 0.0552530 0.0638319 0.1812847 0.1730132 0.0477241 0.0532473 0.0442905 0.2759549 0.0363485 0.1543998 0.1016783 0.0926447 0.1661206 0.0429831 0.1364776 0.0625389 0.2717327 0.0651175 0.0857592 0.3053230 0.2884937 0.1434948 0.1378401 0.1020338 0.0360131 0.2955407 0.0442005 0.0497689 0.0482241 0.0572494 0.1463828 0.2869719 0.0518272 0.0832723 0.1268070 0.0401173 0.2319855 0.1349967 0.1256604 
Perityle_cochisensis_44_cave_creek         0.2791845 0.0843835 0.2673318 0.3613528 0.2026323 0.2755790 0.0994985 0.3796745 0.2417964 0.2706363 0.1640631 0.1447111 0.1766972 0.1669067 0.3223308 0.2194031 0.2620546 0.5847942 0.1417981 0.0531161 0.1439787 0.2273003 0.1293177 0.0000000 0.1613225 0.2139637 0.2436411 0.3663467 0.2274123 0.1212738 0.1241021 0.1238720 0.1671927 0.1853118 0.2305755 0.6166676 0.1294462 0.2805505 0.3264531 0.1748271 0.1462294 0.3055247 0.1530172 0.2005397 0.3987268 0.1727715 0.1816464 0.3180766 0.2679296 0.0461185 0.1504798 0.1451489 0.2951537 0.1354119 0.1691856 0.0919467 0.1017675 0.3292913 0.1406233 0.1448097 0.0715153 0.3043388 0.0717080 0.1922218 0.3385074 0.3158788 0.2437221 0.2554301 0.2259460 0.1942619 0.3104598 0.1462518 0.1148885 0.1556652 0.0722528 0.2553663 0.3245561 0.1313525 0.1945672 0.1389636 0.1379632 0.2652502 0.1455692 0.1441223 
Perityle_congesta_202                      0.2556397 0.0796788 0.2675760 0.2223517 0.1093130 0.2154966 0.0955863 0.3537635 0.2403031 0.1505478 0.0678624 0.0390055 0.0779589 0.0734064 0.3207039 0.0483485 0.2272589 0.3832141 0.0601894 0.0596513 0.0414848 0.2216425 0.0467505 0.1613225 0.0000000 0.2012587 0.1729591 0.3454288 0.2301614 0.1301625 0.1069296 0.1088704 0.1723243 0.1998776 0.1267612 0.1781660 0.0688594 0.2786065 0.3050317 0.0918016 0.0586863 0.1890233 0.0503998 0.1853323 0.3859507 0.0761008 0.0403495 0.1435882 0.1666555 0.0622637 0.0506985 0.0589093 0.2718946 0.0586142 0.1567526 0.1305958 0.1068539 0.1514464 0.0390815 0.1443193 0.0121267 0.2801336 0.0587656 0.0945701 0.3062593 0.2897275 0.1452006 0.1442946 0.1006666 0.0124155 0.2982695 0.0721871 0.0083512 0.0536408 0.0162845 0.1496381 0.2880305 0.0644570 0.0892757 0.1294311 0.0389219 0.2365329 0.1281733 0.1257617 
Perityle_cordifolia_27                     0.2801783 0.0941682 0.2900970 0.3670451 0.1816974 0.2830331 0.1013542 0.3813193 0.2658119 0.2623143 0.2003104 0.1964111 0.1866707 0.1726374 0.3281087 0.2341555 0.2788163 0.5552508 0.2010979 0.0637727 0.2053502 0.2338030 0.1889202 0.2139637 0.2012587 0.0000000 0.3000848 0.3617908 0.2454088 0.1312610 0.1237244 0.1084488 0.1848075 0.2314054 0.2327247 0.6249603 0.1692643 0.2600987 0.3184838 0.1768133 0.2011850 0.3243525 0.1664879 0.2009519 0.4170433 0.1856825 0.2127910 0.3160416 0.2780518 0.0862937 0.1991171 0.1936028 0.3079118 0.1960316 0.1631471 0.1309583 0.0479472 0.3377903 0.1955022 0.1369355 0.0642590 0.2983389 0.0595418 0.1886159 0.3417857 0.3188635 0.2617479 0.2307763 0.2339524 0.2188615 0.3342929 0.1942007 0.1168437 0.1898160 0.0716819 0.2675813 0.3013977 0.1650988 0.1886335 0.1295690 0.1987755 0.2672851 0.1352784 0.1313463 
Perityle_cordifolia_68_tecolote            0.3238919 0.1010705 0.2868724 0.2020172 0.1653205 0.2185009 0.1175672 0.3347991 0.2556575 0.1917634 0.1616570 0.1542026 0.1705674 0.1518905 0.2951162 0.1206734 0.2242031 0.3789935 0.1588383 0.0878903 0.1621327 0.2103804 0.1587300 0.2436411 0.1729591 0.3000848 0.0000000 0.3390476 0.2957071 0.1425924 0.1334119 0.1294627 0.1825483 0.2951906 0.1820788 0.2122142 0.1599198 0.2752667 0.2899858 0.1574154 0.1624344 0.2282150 0.1457193 0.2176394 0.3709762 0.1450020 0.1881129 0.2442529 0.2131374 0.1720620 0.1732193 0.1724317 0.3229255 0.1605443 0.2080142 0.0106050 0.1846886 0.2361501 0.1582322 0.1582480 0.0847240 0.3202920 0.0830750 0.1651472 0.2850098 0.3235089 0.1866355 0.1944675 0.1664553 0.1202245 0.3679479 0.1575981 0.1367503 0.1755355 0.0889744 0.1930212 0.3525270 0.1664311 0.1612331 0.1531703 0.1653651 0.3017445 0.1551652 0.1565005 
Perityle_coronopifolia_28_patagonia        0.3686048 0.1376805 0.3634271 0.4343409 0.3176032 0.3468069 0.1509514 0.4076176 0.3581703 0.3914561 0.3610198 0.3453356 0.3424657 0.3365151 0.4031634 0.4392814 0.3296545 0.6906941 0.3421247 0.1374104 0.3484093 0.2833715 0.3440511 0.3663467 0.3454288 0.3617908 0.3390476 0.0000000 0.3367521 0.1934119 0.1921045 0.1958808 0.3009733 0.3753835 0.3567845 1.1341509 0.3256620 0.2921399 0.3594626 0.3309527 0.3502616 0.4222405 0.3198808 0.2875603 0.3896292 0.3337052 0.3531397 0.4860109 0.3741537 0.2647382 0.3440400 0.3512790 0.3914554 0.3533995 0.2087725 0.2200977 0.2501577 0.5147432 0.3425960 0.1393326 0.1515526 0.3254061 0.1383505 0.3445010 0.0706400 0.3957098 0.3869710 0.3270802 0.3770015 0.3952041 0.4520973 0.3594917 0.2701153 0.3393849 0.1377957 0.3872741 0.3907231 0.3299294 0.3590608 0.1415347 0.3480850 0.3383469 0.1548462 0.1605944 
Perityle_crassifolia_70_ventanas           0.2476039 0.0992692 0.2071678 0.3712741 0.2267703 0.3262559 0.1353816 0.3608112 0.1660068 0.2619487 0.2448012 0.2203998 0.2241750 0.2092184 0.3465848 0.2720645 0.2455301 0.5207495 0.2188839 0.1131407 0.2237179 0.2391548 0.2221349 0.2274123 0.2301614 0.2454088 0.2957071 0.3367521 0.0000000 0.0881123 0.1326520 0.1501534 0.1536894 0.2573987 0.2117573 0.7052615 0.2237141 0.2790346 0.3213166 0.2203402 0.2366223 0.3116912 0.2172694 0.2147011 0.3637146 0.2265689 0.2396688 0.3447314 0.2893070 0.1596211 0.2418341 0.2328559 0.2451310 0.2288661 0.1482909 0.1770043 0.1673574 0.3710443 0.2205776 0.1483730 0.1052723 0.2220725 0.1044507 0.2330238 0.3167229 0.2463926 0.2671664 0.2242279 0.2604566 0.2420532 0.1332016 0.2351173 0.2061827 0.2339902 0.1103200 0.2718372 0.2696608 0.2378563 0.2391870 0.1147931 0.2200668 0.2510577 0.1518023 0.1501973 
Perityle_crassifolia_74_playa_balandra     0.1492012 0.1061443 0.1446667 0.1933124 0.1126955 0.1916951 0.1247030 0.2499783 0.1190676 0.1500028 0.1351329 0.1143611 0.1354127 0.1262428 0.1564937 0.1228170 0.1219186 0.4383678 0.1169733 0.1116050 0.1189674 0.1896340 0.1187441 0.1212738 0.1301625 0.1312610 0.1425924 0.1934119 0.0881123 0.0000000 0.1437320 0.1312506 0.1188008 0.1185817 0.1347797 0.1931951 0.1145741 0.2131319 0.1564758 0.1246940 0.1239950 0.1583607 0.1236157 0.1594533 0.2105905 0.1272535 0.1299672 0.2184692 0.1392754 0.1123508 0.1332620 0.1149246 0.1467048 0.1215880 0.1680580 0.1329986 0.1241500 0.2970773 0.1122426 0.1437010 0.0984122 0.1844593 0.1095170 0.1335596 0.1957318 0.1469295 0.1573625 0.1220410 0.1504312 0.1082621 0.2051385 0.1264853 0.1120631 0.1350151 0.1090957 0.1602047 0.1597206 0.1241961 0.1327290 0.1344197 0.1143407 0.1322830 0.1528427 0.1548568 
Perityle_cuneata_34_cuneata_San_antonio    0.1085559 0.1129933 0.1161748 0.1939446 0.1092093 0.2261294 0.1037582 0.2443156 0.1233733 0.1235986 0.1379021 0.1002673 0.1311432 0.1312284 0.1340852 0.1287468 0.1007297 0.4655996 0.1243529 0.1218182 0.1036462 0.1708302 0.1168757 0.1241021 0.1069296 0.1237244 0.1334119 0.1921045 0.1326520 0.1437320 0.0000000 0.1051082 0.1233733 0.1237582 0.1266089 0.2440324 0.1238640 0.1858912 0.1380908 0.1150134 0.1346533 0.1413138 0.1134771 0.1676194 0.1857492 0.1293725 0.1069526 0.1003372 0.1412482 0.1208345 0.1317523 0.1135707 0.1195863 0.1274497 0.1342420 0.1335050 0.1138791 0.1452666 0.1102181 0.1158512 0.0901167 0.1347523 0.1062383 0.1308680 0.1884158 0.1199445 0.1483490 0.1238713 0.1490890 0.1034233 0.1398423 0.1274916 0.1171600 0.1308663 0.0752866 0.1557261 0.1414777 0.1384836 0.1380855 0.1431315 0.1001880 0.0673947 0.1134656 0.1159971 
Perityle_cuneata_4                         0.0892317 0.0850455 0.1092808 0.2068271 0.0939025 0.2198134 0.0860230 0.2475665 0.1129118 0.1205246 0.1238518 0.1120647 0.1209781 0.1239375 0.1419630 0.1197382 0.1251809 0.4544363 0.1240885 0.1102190 0.1148188 0.1765799 0.1118079 0.1238720 0.1088704 0.1084488 0.1294627 0.1958808 0.1501534 0.1312506 0.1051082 0.0000000 0.1129118 0.1146519 0.1144705 0.2930089 0.1178136 0.2180050 0.1184424 0.1122989 0.1300193 0.1384219 0.1235864 0.1576742 0.2178549 0.1254968 0.1116578 0.1118501 0.1383161 0.1090544 0.1152931 0.1147485 0.1145762 0.1210064 0.1750030 0.1354647 0.1002778 0.2007423 0.1149605 0.0900042 0.0677288 0.1302828 0.0865198 0.1207878 0.1960128 0.1148734 0.1542253 0.1095354 0.1335102 0.1101772 0.1788743 0.1269262 0.1174615 0.1060364 0.0785558 0.1576072 0.1332411 0.1302472 0.1268797 0.1137982 0.1088844 0.1092432 0.0919902 0.0931494 
Perityle_discoidea_81                      0.1497045 0.0846461 0.1183322 0.2997872 0.1582948 0.2645119 0.1150932 0.2961356 0.0000010 0.1829669 0.1721649 0.1603111 0.1615733 0.1667746 0.2397794 0.2100001 0.2162669 0.4844818 0.1563368 0.0829636 0.1618053 0.1837820 0.1577789 0.1671927 0.1723243 0.1848075 0.1825483 0.3009733 0.1536894 0.1188008 0.1233733 0.1129118 0.0000000 0.1835210 0.1330979 0.4854414 0.1560794 0.2260279 0.2387918 0.1671837 0.1660168 0.2166561 0.1686311 0.1473674 0.3075601 0.1670925 0.1850197 0.2378613 0.2032899 0.0898243 0.1687434 0.1641216 0.1579589 0.1624781 0.1487406 0.1356291 0.1215105 0.3201572 0.1623719 0.1311750 0.0849968 0.1728696 0.0939341 0.1698425 0.2955197 0.1604342 0.2001395 0.1921673 0.1841440 0.1905662 0.1965104 0.1601634 0.1637364 0.1683593 0.0854468 0.2000718 0.2172197 0.1710309 0.1741295 0.1083514 0.1537540 0.2059214 0.1473925 0.1510798 
Perityle_dissecta_201                      0.3052421 0.0753668 0.3114579 0.3801113 0.2219639 0.3115027 0.1030699 0.4050850 0.2451621 0.2633058 0.1928822 0.2030913 0.1974632 0.1788775 0.3245170 0.2207265 0.2636181 0.6019972 0.1874634 0.0307611 0.2055916 0.2108983 0.1837101 0.1853118 0.1998776 0.2314054 0.2951906 0.3753835 0.2573987 0.1185817 0.1237582 0.1146519 0.1835210 0.0000000 0.2548145 0.6409656 0.1743990 0.2884678 0.3137537 0.2161192 0.1856810 0.3299423 0.1837370 0.1944440 0.4033239 0.2059537 0.2127871 0.3227133 0.3005418 0.0557445 0.1870843 0.1942629 0.3103935 0.1870054 0.1568129 0.1183533 0.0925930 0.3472565 0.2008595 0.1361594 0.0583385 0.3064392 0.0303146 0.2077217 0.3373131 0.3086806 0.2718938 0.2717612 0.2292812 0.2218517 0.3360753 0.1878042 0.1250472 0.1799874 0.0547640 0.2867014 0.3417174 0.1734449 0.2166484 0.1295537 0.1962264 0.2912714 0.1347804 0.1327353 
Perityle_emoryi_47_punta_san_jose          0.2620860 0.0883401 0.2374104 0.2234465 0.1180044 0.2219914 0.1103453 0.3573105 0.2033739 0.1465092 0.1340859 0.1192125 0.1087283 0.1100181 0.3617097 0.0888221 0.2414156 0.3832719 0.1224694 0.0861244 0.1188611 0.2378664 0.1140953 0.2305755 0.1267612 0.2327247 0.1820788 0.3567845 0.2117573 0.1347797 0.1266089 0.1144705 0.1330979 0.2548145 0.0000000 0.2007790 0.1205886 0.2882289 0.3385457 0.1025531 0.1252914 0.2165267 0.1059352 0.2146848 0.4023084 0.0998147 0.1375557 0.2151389 0.1896215 0.1284137 0.1269090 0.1296820 0.3344526 0.1160914 0.1575484 0.1351157 0.1064202 0.2002338 0.1137825 0.1341196 0.0583604 0.2829827 0.0865387 0.1168293 0.3136144 0.3269244 0.1547426 0.1193599 0.1610965 0.0796836 0.2998919 0.1256381 0.0942615 0.1225164 0.0797809 0.1592599 0.2694422 0.1222706 0.1195395 0.1200921 0.1203168 0.2565415 0.1508839 0.1547466 
Perityle_feddemae_99                       0.6713121 0.0000010 0.6956626 0.2446112 0.1995092 0.3331749 0.0000010 0.5650872 0.6928802 0.2079126 0.1870310 0.1835458 0.1650454 0.1868739 0.9712438 0.2083598 0.6208070 0.1984821 0.1894247 0.0000010 0.1824758 1.0747074 0.1819023 0.6166676 0.1781660 0.6249603 0.2122142 1.1341509 0.7052615 0.1931951 0.2440324 0.2930089 0.4854414 0.6409656 0.2007790 0.0000000 0.1857944 0.5224121 0.9900195 0.1819053 0.2032791 0.0346955 0.1810904 0.0570714 0.7936305 0.1884519 0.1983370 0.1986208 0.0252142 0.2360935 0.1838992 0.2070105 0.7544411 0.1775842 0.3018610 0.2639288 0.2157187 0.1782642 0.1763508 0.0000010 0.0000010 0.6367642 0.0000010 0.2113858 0.9334862 0.7814056 0.1763767 0.2276859 0.1884710 0.1880354 0.5518768 0.2123982 0.2376312 0.1906526 0.0000010 0.1766904 0.5806704 0.2009629 0.2014225 0.1640771 0.1975278 0.6263144 0.0000010 0.0000010 
Perityle_fosteri_93                        0.2334873 0.0798029 0.2548203 0.2146017 0.1076691 0.2046690 0.0919456 0.3581837 0.2035357 0.1519263 0.0658814 0.0621229 0.0861905 0.0552594 0.2883015 0.0271910 0.2292262 0.3894508 0.0389160 0.0307367 0.0645625 0.1982226 0.0497060 0.1294462 0.0688594 0.1692643 0.1599198 0.3256620 0.2237141 0.1145741 0.1238640 0.1178136 0.1560794 0.1743990 0.1205886 0.1857944 0.0000000 0.2692956 0.2697097 0.0747602 0.0470347 0.1922526 0.0635905 0.1927321 0.3687687 0.0514541 0.0844183 0.1919084 0.1810979 0.0541099 0.0523516 0.0692805 0.2621312 0.0443292 0.1572177 0.1062592 0.0945510 0.1797137 0.0537552 0.1393374 0.0626998 0.2705804 0.0490675 0.0774502 0.2931703 0.2666720 0.1532367 0.1388487 0.1102296 0.0417395 0.3061956 0.0498913 0.0479525 0.0632684 0.0672254 0.1590504 0.2887054 0.0489974 0.0778388 0.1329504 0.0577726 0.2478283 0.1418778 0.1402255 
Perityle_gamon_221                         0.2917084 0.1673469 0.3043092 0.2898450 0.2418366 0.3162357 0.1850321 0.3885845 0.2265392 0.2740217 0.2957393 0.2718911 0.2942730 0.2855514 0.3241073 0.2511009 0.2338250 0.5406419 0.2863028 0.2138298 0.2786207 0.2629846 0.2787225 0.2805505 0.2786065 0.2600987 0.2752667 0.2921399 0.2790346 0.2131319 0.1858912 0.2180050 0.2260279 0.2884678 0.2882289 0.5224121 0.2692956 0.0000000 0.3144474 0.2955882 0.2932357 0.2831388 0.2845963 0.2903005 0.0438902 0.2985542 0.2850728 0.3930654 0.2767454 0.2645990 0.2774663 0.2799854 0.3101466 0.2910005 0.2336594 0.2329335 0.2752802 0.4026939 0.2760535 0.1783396 0.1374541 0.2681885 0.1851881 0.2954324 0.2771714 0.3134909 0.3241870 0.2906971 0.3045396 0.2299184 0.3675918 0.2947329 0.2414161 0.2900846 0.1703975 0.3385996 0.2712073 0.3021012 0.2922708 0.1693552 0.2781479 0.2567063 0.1698529 0.1770095 
Perityle_gentryi_8_san_francisco           0.3470834 0.0924708 0.3206686 0.4307385 0.2935035 0.3489341 0.1074668 0.4121916 0.3059869 0.3210951 0.2937736 0.3004576 0.2803836 0.2977155 0.1253463 0.3289667 0.2827865 0.5805848 0.2950311 0.0402974 0.3163180 0.1763528 0.2915651 0.3264531 0.3050317 0.3184838 0.2899858 0.3594626 0.3213166 0.1564758 0.1380908 0.1184424 0.2387918 0.3137537 0.3385457 0.9900195 0.2697097 0.3144474 0.0000000 0.2998426 0.2965019 0.3786452 0.2895860 0.2486393 0.4298943 0.2969937 0.3158695 0.4039449 0.3569970 0.1826461 0.2952194 0.3135909 0.3248795 0.2881201 0.1769500 0.1242633 0.2062254 0.4405384 0.3053276 0.1474965 0.0673824 0.3626043 0.0460598 0.2993851 0.3443757 0.3267953 0.3474669 0.3246509 0.3120858 0.3215230 0.3760303 0.2873433 0.2237651 0.2891399 0.0773896 0.3550682 0.3924056 0.2676420 0.2955492 0.1298596 0.3107131 0.3504639 0.1456237 0.1406782 
Perityle_gilensis_22_Superstition          0.2490684 0.0800255 0.2776481 0.2208991 0.1103417 0.2101681 0.0848631 0.3425076 0.2358074 0.1490773 0.0899175 0.0765965 0.0708656 0.0678836 0.2956776 0.0613267 0.2354774 0.3745827 0.0765787 0.0596904 0.0734573 0.2392925 0.0719857 0.1748271 0.0918016 0.1768133 0.1574154 0.3309527 0.2203402 0.1246940 0.1150134 0.1122989 0.1671837 0.2161192 0.1025531 0.1819053 0.0747602 0.2955882 0.2998426 0.0000000 0.0874655 0.2108566 0.0655231 0.2111464 0.3979801 0.0472044 0.1059514 0.1877107 0.1908306 0.0926728 0.0916518 0.0739884 0.2830277 0.0762446 0.1604034 0.1196249 0.0600095 0.1746292 0.0712117 0.1518866 0.0543726 0.2806727 0.0752386 0.0610555 0.2996602 0.2918766 0.1330216 0.1264731 0.1309243 0.0363282 0.3143719 0.0819807 0.0608773 0.0918820 0.0704447 0.1376202 0.2686160 0.0787116 0.0586629 0.1370989 0.0734631 0.2308289 0.1436250 0.1382164 
Perityle_gilensis_salensis_225             0.2519960 0.0886380 0.2714984 0.2224948 0.1157912 0.2216074 0.1035710 0.3569787 0.2359582 0.1466108 0.0624748 0.0574471 0.0820350 0.0649446 0.3138336 0.0237313 0.2348969 0.3834953 0.0456542 0.0371381 0.0598252 0.2106779 0.0441997 0.1462294 0.0586863 0.2011850 0.1624344 0.3502616 0.2366223 0.1239950 0.1346533 0.1300193 0.1660168 0.1856810 0.1252914 0.2032791 0.0470347 0.2932357 0.2965019 0.0874655 0.0000000 0.2046659 0.0711615 0.2062228 0.4049180 0.0552191 0.0748570 0.1913462 0.1870464 0.0477627 0.0454855 0.0630000 0.2748582 0.0377411 0.1691011 0.1113731 0.1141747 0.1772170 0.0508923 0.1503621 0.0761748 0.2895085 0.0524191 0.0873652 0.3094117 0.2910119 0.1534185 0.1456702 0.0979549 0.0435301 0.3075126 0.0468831 0.0480520 0.0536084 0.0674180 0.1562443 0.3089257 0.0368526 0.0822503 0.1418836 0.0572063 0.2477715 0.1559439 0.1550887 
Perityle_glaucescens_94                    0.3377681 0.1167333 0.3271885 0.2166372 0.2041487 0.2892185 0.1337075 0.3605782 0.2891021 0.2226983 0.2072263 0.1864877 0.2118390 0.1972592 0.4230864 0.1643999 0.2651973 0.3780072 0.2050565 0.1353824 0.1970438 0.2631416 0.1870543 0.3055247 0.1890233 0.3243525 0.2282150 0.4222405 0.3116912 0.1583607 0.1413138 0.1384219 0.2166561 0.3299423 0.2165267 0.0346955 0.1922526 0.2831388 0.3786452 0.2108566 0.2046659 0.0000000 0.1800257 0.0772304 0.3854749 0.2043816 0.2155851 0.2942219 0.0646716 0.1975285 0.1961397 0.2015087 0.3672918 0.1992647 0.1417877 0.1625308 0.2242251 0.2663425 0.1821681 0.1506850 0.0945302 0.3201045 0.1181829 0.2277683 0.3809735 0.3669565 0.2220958 0.2275581 0.2302413 0.1441361 0.3403346 0.2116438 0.1513844 0.2081177 0.1244958 0.2235783 0.3361747 0.2001979 0.2212995 0.1139451 0.1938725 0.3174536 0.1105799 0.1171108 
Perityle_gracilis_11                       0.2036581 0.0839086 0.2579816 0.2259785 0.0996769 0.2017411 0.0918911 0.3349183 0.2023426 0.1302845 0.0845291 0.0388985 0.0805885 0.0741480 0.2892191 0.0520475 0.2149065 0.3950762 0.0579158 0.0662565 0.0533404 0.2277355 0.0562394 0.1530172 0.0503998 0.1664879 0.1457193 0.3198808 0.2172694 0.1236157 0.1134771 0.1235864 0.1686311 0.1837370 0.1059352 0.1810904 0.0635905 0.2845963 0.2895860 0.0655231 0.0711615 0.1800257 0.0000000 0.1977303 0.3676855 0.0669434 0.0636334 0.1345366 0.1619063 0.0754316 0.0786174 0.0566629 0.2524690 0.0666191 0.1627163 0.1259879 0.1057037 0.1591205 0.0403601 0.1532804 0.0369256 0.2795063 0.0814825 0.0818519 0.3086580 0.2548828 0.1364896 0.1184174 0.1111692 0.0094357 0.3007424 0.0696794 0.0357637 0.0740037 0.0548966 0.1429649 0.2628394 0.0727888 0.0760379 0.1416060 0.0504747 0.2268691 0.1382492 0.1363965 
Perityle_harkerae_31                       0.2380775 0.1215300 0.2192447 0.2210145 0.2164772 0.2638713 0.1261332 0.3113433 0.1476813 0.2236194 0.2073990 0.1906176 0.2192065 0.2108917 0.2795427 0.1777229 0.1665861 0.4830569 0.2035144 0.1170610 0.1942035 0.2193200 0.1838719 0.2005397 0.1853323 0.2009519 0.2176394 0.2875603 0.2147011 0.1594533 0.1676194 0.1576742 0.1473674 0.1944440 0.2146848 0.0570714 0.1927321 0.2903005 0.2486393 0.2111464 0.2062228 0.0772304 0.1977303 0.0000000 0.3024251 0.2095296 0.2100053 0.3142448 0.0482358 0.1923968 0.1972918 0.1956442 0.2125657 0.2011599 0.1538581 0.1753832 0.2149694 0.3380082 0.1859943 0.1393775 0.0860286 0.2467432 0.1191013 0.2293343 0.2816038 0.2129449 0.2572676 0.2235082 0.2181109 0.1494742 0.2891835 0.2112367 0.1454361 0.2030867 0.1136275 0.2620890 0.2118831 0.1987426 0.2261178 0.1235988 0.1876862 0.2037341 0.1178487 0.1248833 
Perityle_hofmeisteria_4_nombre_de_dios     0.4584904 0.1712953 0.4107214 0.4146676 0.3346556 0.4031569 0.1932394 0.4629836 0.3595593 0.3862323 0.3931590 0.3757872 0.3821788 0.3826426 0.4290273 0.4238249 0.3433924 0.6090502 0.3994748 0.2214890 0.3879657 0.2567435 0.3879134 0.3987268 0.3859507 0.4170433 0.3709762 0.3896292 0.3637146 0.2105905 0.1857492 0.2178549 0.3075601 0.4033239 0.4023084 0.7936305 0.3687687 0.0438902 0.4298943 0.3979801 0.4049180 0.3854749 0.3676855 0.3024251 0.0000000 0.4044361 0.3824534 0.4948373 0.3689609 0.2954040 0.3905197 0.3965831 0.4342503 0.4025930 0.2370518 0.2505335 0.2974720 0.5083855 0.3775674 0.1871269 0.1415990 0.3415680 0.1924870 0.4067334 0.3747193 0.4459925 0.4249407 0.4015809 0.4286006 0.3783449 0.4139326 0.4077568 0.3369809 0.3977127 0.1820125 0.4354270 0.4174295 0.3920107 0.4014671 0.1661054 0.3848829 0.3698084 0.1769876 0.1806781 
