84
Amauria_brandeegeana_62                    0.0000000 0.4068105 0.3614814 0.3729452 0.4276384 0.3897330 0.1402829 0.1681941 0.3614694 0.3386178 0.3795102 0.4002489 0.3804291 0.2582412 0.3566259 0.3600729 0.0778963 0.3769286 0.3544546 0.3314128 0.3491731 0.3592050 0.3705799 0.3196599 0.3594355 0.3515962 0.3685227 0.0840657 0.3295341 0.3238977 0.3159247 0.2731425 0.3575521 0.3532129 0.3745366 0.3342265 0.3598348 0.3415262 0.3724360 0.4730137 0.3277946 0.1098301 0.3511066 0.3108421 0.3417578 0.3642877 0.3458119 0.3729109 0.3483588 0.4454398 0.3609323 0.3654824 0.3630534 0.3725835 0.0961867 0.3735638 0.3496160 0.3531922 0.3047418 0.4143369 0.3743852 0.4871633 0.3542863 0.3054179 0.0839007 0.3542535 0.3335823 0.3566484 0.3640251 0.3662110 0.3451461 0.3530653 0.0910284 0.4102105 0.4845505 0.3300288 0.3412083 0.3638227 0.3486414 0.4815081 0.3533821 0.0884565 0.0851394 0.3230134 
Amauria_carterae_99_mesa                   0.4068105 0.0000000 0.3593646 0.1140215 0.1601770 0.4194647 0.3539213 0.2834980 0.1696274 0.1266345 0.0870540 0.1031927 0.0982499 0.0948166 0.0905424 0.1781391 0.3592278 0.1764554 0.1752116 0.1268462 0.1862546 0.0901158 0.0917578 0.0994927 0.1713568 0.1786388 0.1340390 0.4525164 0.1566907 0.1566801 0.1689317 0.0629829 0.1696274 0.1834709 0.1845608 0.1851396 0.1715916 0.1785406 0.0883521 0.1854112 0.0754468 0.4190930 0.1270343 0.1436286 0.1857041 0.1704208 0.0942671 0.1034234 0.1530787 0.1596902 0.1007333 0.1794923 0.1752272 0.1838565 0.3723465 0.0942659 0.1862175 0.1795810 0.1003578 0.1982179 0.1284410 0.1970587 0.0927282 0.0862179 0.4414847 0.1736436 0.2185842 0.0862595 0.1783271 0.0875103 0.1568245 0.1203291 0.4086206 0.1789107 0.1942252 0.2161955 0.1757311 0.0809838 0.1783422 0.1929526 0.0942671 0.4355375 0.3742808 0.0879395 
Amauria_rotundifolia_SRR9119150            0.3614814 0.3593646 0.0000000 0.2502126 0.3709587 0.1428960 0.4117752 0.2840171 0.2737122 0.2696665 0.2134916 0.3042104 0.2315142 0.2164647 0.2228037 0.2619740 0.3330151 0.3291123 0.2552779 0.2528070 0.2640186 0.1611950 0.2069247 0.1965222 0.2625144 0.2638812 0.2556575 0.4000790 0.2746704 0.2782088 0.2258770 0.1335784 0.2706867 0.2568490 0.2925668 0.2474484 0.2730951 0.2648444 0.1948823 0.3680172 0.1804472 0.4877849 0.2570484 0.2890790 0.2700345 0.2676046 0.2046957 0.1851235 0.3052924 0.3445956 0.2471415 0.2820091 0.2722106 0.2808132 0.3745142 0.1736429 0.2984659 0.2598320 0.1780513 0.3631091 0.2669100 0.3990061 0.2084401 0.1588784 0.4025714 0.2679333 0.2671599 0.1555939 0.2647224 0.1968881 0.2128100 0.2477334 0.3937621 0.3150482 0.3170972 0.2650628 0.2570243 0.2170008 0.2529751 0.4274921 0.2046982 0.4129093 0.3676368 0.1946415 
Eutetras_palmeri_63                        0.3729452 0.1140215 0.2502126 0.0000000 0.0172451 0.2635821 0.3619174 0.2819694 0.0918189 0.0885213 0.0919862 0.1100153 0.1018839 0.0857406 0.1018879 0.1020203 0.3723008 0.1087938 0.1090302 0.0824286 0.1089336 0.0846421 0.0800265 0.0967367 0.0925440 0.1009959 0.1134124 0.3696564 0.1017388 0.1634249 0.0919003 0.0701209 0.0918189 0.1060533 0.0996797 0.1000231 0.0960628 0.0973058 0.0842622 0.1117602 0.0736218 0.2773281 0.1276832 0.1155243 0.0975844 0.0988428 0.0839347 0.0844352 0.1187897 0.1101200 0.1119155 0.0959285 0.0958135 0.0991889 0.3430158 0.0854716 0.1076369 0.0991806 0.0972946 0.1157924 0.1184984 0.0802731 0.0870908 0.0820936 0.3710506 0.0931900 0.1176101 0.0808195 0.1091241 0.0816310 0.1057274 0.1262083 0.3413616 0.1021973 0.2037486 0.1147137 0.1028052 0.1010842 0.1020556 0.1723224 0.0945084 0.3655461 0.3587179 0.0882299 
Eutetras_pringlei_149_quer                 0.4276384 0.1601770 0.3709587 0.0172451 0.0000000 0.4058451 0.3548973 0.2545885 0.2013560 0.1217001 0.0801999 0.1589051 0.1014817 0.0876021 0.0917551 0.2053964 0.3646921 0.2517726 0.2258453 0.1915221 0.2131886 0.0701485 0.0846745 0.1045220 0.1960364 0.2018833 0.1670280 0.4969702 0.2124527 0.1637773 0.1514929 0.0487050 0.2014544 0.2140074 0.2001600 0.1520310 0.1994660 0.2087332 0.0729352 0.2100032 0.0649079 0.4893284 0.1489945 0.2428215 0.2195582 0.2097213 0.0913167 0.0802170 0.2612540 0.2026162 0.1173135 0.2060321 0.1993170 0.1996298 0.4481638 0.0737335 0.2180563 0.2003928 0.0972939 0.2275446 0.1298054 0.2305036 0.0849844 0.0826270 0.5066901 0.1929833 0.2325493 0.0661869 0.2099767 0.0765826 0.1347997 0.1364811 0.4697324 0.2134641 0.1992189 0.2256892 0.2295006 0.0903078 0.2122503 0.2322861 0.0913167 0.4925142 0.3764406 0.0727794 
Eutrochium_fistulosum_SRR9119106           0.3897330 0.4194647 0.1428960 0.2635821 0.4058451 0.0000000 0.4328499 0.2519936 0.2963013 0.2748703 0.2478114 0.3219716 0.2578440 0.2246210 0.2539842 0.2712931 0.3794432 0.3247477 0.2638637 0.2480492 0.2733384 0.1990351 0.1963316 0.1824047 0.2717990 0.2702714 0.2502573 0.4459135 0.2892042 0.2956366 0.2517942 0.2173706 0.2931873 0.2634786 0.3026407 0.2789775 0.2741851 0.2781554 0.2407456 0.3746710 0.1881157 0.5250153 0.2728167 0.2900100 0.2753596 0.2796335 0.2063589 0.2225380 0.3188399 0.3361678 0.2608760 0.2822744 0.2710566 0.2878658 0.3947135 0.2107558 0.2844286 0.2664957 0.1758553 0.4053601 0.2923220 0.5034299 0.2055843 0.1688272 0.4385141 0.2727774 0.2688939 0.1863923 0.2797357 0.2042483 0.2355607 0.2681040 0.4175694 0.3349497 0.3696287 0.2659482 0.2687023 0.2462312 0.2621024 0.4526036 0.2279365 0.4303170 0.4002180 0.2268109 
Galeana_pratensis_104_mex                  0.1402829 0.3539213 0.4117752 0.3619174 0.3548973 0.4328499 0.0000000 0.1979492 0.3226843 0.3315735 0.3611375 0.3612274 0.3560260 0.3662115 0.3437808 0.3509008 0.1320619 0.3294361 0.3457929 0.3411093 0.3529782 0.3527239 0.3433991 0.3425703 0.3510957 0.3419890 0.3704656 0.1484247 0.3276807 0.3815778 0.3257673 0.3235878 0.3226843 0.3523515 0.3360750 0.3401602 0.3456124 0.3325225 0.3480852 0.3408527 0.3406447 0.1054070 0.3750898 0.3381267 0.3375044 0.3578101 0.3601051 0.3508221 0.3492092 0.3317052 0.3533166 0.3514079 0.3477800 0.3588792 0.1399020 0.3528781 0.3335679 0.3464492 0.3576512 0.3294935 0.3767572 0.3286566 0.3525506 0.3429397 0.1267381 0.3399861 0.3581337 0.3594257 0.3643784 0.3315247 0.3465320 0.3769056 0.1212782 0.3456713 0.4809868 0.3516529 0.3075867 0.3616169 0.3515036 0.3648978 0.3652849 0.1154467 0.1275122 0.3444897 
Helianthus_annuus_SRR9119062               0.1681941 0.2834980 0.2840171 0.2819694 0.2545885 0.2519936 0.1979492 0.0000000 0.2422175 0.2700773 0.2675267 0.2623786 0.2625966 0.2377867 0.2762952 0.2576219 0.1554897 0.2287946 0.2494861 0.2532758 0.2572773 0.2071617 0.2661020 0.2390969 0.2506035 0.2576725 0.2740354 0.1713786 0.2447368 0.2791746 0.2474612 0.1829613 0.2383866 0.2506682 0.2684455 0.2498123 0.2540908 0.2382797 0.2683335 0.2392320 0.2715388 0.2314672 0.2531016 0.2429808 0.2419706 0.2543080 0.2704617 0.2529578 0.2421134 0.2484917 0.2406002 0.2643334 0.2578673 0.2714123 0.1562961 0.2710697 0.2328372 0.2572773 0.2532615 0.2026577 0.2026463 0.1721455 0.2594030 0.2538030 0.1649688 0.2599238 0.2480929 0.2074216 0.2577970 0.2396782 0.2416935 0.2561820 0.1617542 0.2462933 0.3531697 0.2480929 0.2588426 0.2543146 0.2463610 0.2938664 0.2564329 0.1680972 0.1740142 0.2349522 
Lycapsus_tenuifolius_17                    0.3614694 0.1696274 0.2737122 0.0918189 0.2013560 0.2963013 0.3226843 0.2422175 0.0000000 0.1162820 0.0839641 0.1590552 0.0971083 0.1139915 0.0971368 0.1722933 0.2982292 0.1869145 0.1644087 0.1405848 0.1674141 0.0996857 0.0641939 0.0790984 0.1592814 0.1694872 0.1448576 0.4113035 0.0204450 0.1585960 0.0935248 0.0504493 0.0035929 0.1590859 0.1905069 0.0950924 0.1730642 0.1576525 0.0840603 0.2473851 0.0650176 0.5266096 0.1421211 0.1255515 0.1664786 0.1678653 0.0799010 0.0834906 0.1276759 0.2204760 0.1178276 0.1763383 0.1743925 0.1791111 0.3953524 0.0789250 0.1980496 0.1567945 0.0795031 0.2608717 0.1241285 0.2817531 0.0855144 0.0604079 0.4081471 0.1624440 0.1898197 0.0957376 0.1773100 0.0607466 0.0217852 0.1279390 0.4129029 0.2094705 0.2236074 0.1848474 0.1690706 0.0973889 0.1650351 0.2849902 0.0860290 0.4089705 0.3018740 0.0543856 
Pericome_caudata_50_silver                 0.3386178 0.1266345 0.2696665 0.0885213 0.1217001 0.2748703 0.3315735 0.2700773 0.1162820 0.0000000 0.0874922 0.0988613 0.0763439 0.0752146 0.0853240 0.0806436 0.3318875 0.1041710 0.0872529 0.0588768 0.0903191 0.0786201 0.0798133 0.0867664 0.0809964 0.0717058 0.1102475 0.3602608 0.1262324 0.1661757 0.1204835 0.0505144 0.1129638 0.0940071 0.0742947 0.1288326 0.0843657 0.0684509 0.0833890 0.0918449 0.0558529 0.3024370 0.1140896 0.1227704 0.0778887 0.0806905 0.0866010 0.0975815 0.1327912 0.0911167 0.0938949 0.0907732 0.0743323 0.0776821 0.3367415 0.0751076 0.0906353 0.0874029 0.0942325 0.0835640 0.0731963 0.0386419 0.0793757 0.0815034 0.3614361 0.0708861 0.0848277 0.0745540 0.0904627 0.0847273 0.1302996 0.1076040 0.3351017 0.0872529 0.1865103 0.0783482 0.0773367 0.0805942 0.0902743 0.1342963 0.1023491 0.3390588 0.3283096 0.0703251 
Perityle_aglossa_84_dead_horse             0.3795102 0.0870540 0.2134916 0.0919862 0.0801999 0.2478114 0.3611375 0.2675267 0.0839641 0.0874922 0.0000000 0.0292711 0.0706081 0.0851076 0.0782768 0.0318832 0.3438788 0.0654774 0.0319793 0.0579098 0.0504326 0.0456659 0.0617211 0.0657251 0.0246621 0.0671219 0.0661625 0.3335102 0.0958956 0.1709045 0.0880972 0.0858075 0.0839641 0.0247245 0.0698420 0.0981045 0.0283302 0.0708951 0.0807398 0.0631349 0.0659323 0.2937883 0.0649049 0.1000926 0.0787192 0.0282959 0.0541302 0.0580334 0.1079374 0.0600316 0.0323520 0.0466678 0.0694262 0.0773860 0.3377428 0.0614890 0.0822244 0.0392489 0.0541359 0.0900931 0.0757091 0.0600968 0.0769891 0.0254426 0.3360408 0.0740776 0.1065511 0.0415073 0.0356186 0.0547439 0.0921152 0.0641004 0.3354077 0.0356489 0.1387135 0.1030489 0.0854693 0.0367337 0.0283034 0.1316695 0.0562379 0.3375004 0.3461918 0.0859878 
Perityle_ajoensis_204                      0.4002489 0.1031927 0.3042104 0.1100153 0.1589051 0.3219716 0.3612274 0.2623786 0.1590552 0.0988613 0.0292711 0.0000000 0.0627215 0.0749591 0.0753942 0.0245530 0.3756790 0.1422680 0.0342038 0.0630725 0.0404729 0.0411452 0.0561489 0.0575960 0.0152450 0.0781576 0.1227777 0.4369005 0.1786745 0.1735133 0.1515579 0.0935351 0.1591384 0.0277367 0.0876052 0.1629257 0.0214998 0.0815587 0.0729358 0.0728076 0.0566432 0.3988859 0.0549999 0.1739566 0.0951576 0.0245958 0.0476768 0.0496614 0.1777359 0.0664702 0.0239245 0.0339912 0.0833407 0.0835373 0.4065435 0.0537209 0.0985275 0.0278139 0.0485220 0.0962280 0.0884335 0.0769842 0.0718171 0.0303970 0.4342344 0.0841666 0.1133408 0.0369368 0.0309305 0.0484213 0.1501919 0.0596225 0.3961873 0.0246137 0.1441945 0.1028244 0.1012093 0.0287606 0.0308167 0.1095035 0.0478218 0.4168898 0.3838181 0.0766288 
Perityle_ambrosiifolia_67_green            0.3804291 0.0982499 0.2315142 0.1018839 0.1014817 0.2578440 0.3560260 0.2625966 0.0971083 0.0763439 0.0706081 0.0627215 0.0000000 0.0458703 0.0499647 0.0623182 0.3566249 0.0820226 0.0471812 0.0178004 0.0624157 0.0799297 0.0267845 0.0329655 0.0588230 0.0369380 0.0830236 0.3469212 0.1134420 0.1718388 0.1015614 0.0556429 0.0971083 0.0550411 0.0439299 0.1196999 0.0628358 0.0680233 0.0468747 0.0290819 0.0308340 0.2674848 0.0664175 0.0936331 0.0757553 0.0585537 0.0616086 0.0539300 0.0975858 0.0287924 0.0668894 0.0665171 0.0398225 0.0362265 0.3339722 0.0642108 0.0638868 0.0588215 0.0795868 0.0839732 0.0794751 0.0234211 0.0532387 0.0479231 0.3540939 0.0403421 0.0999542 0.0760012 0.0663549 0.0267845 0.1054589 0.0663374 0.3063826 0.0625026 0.1579554 0.0921986 0.0746356 0.0650047 0.0470998 0.0833710 0.0616086 0.3437618 0.3462198 0.0713052 
Perityle_angustifolia_13_Eagle_creek       0.2582412 0.0948166 0.2164647 0.0857406 0.0876021 0.2246210 0.3662115 0.2377867 0.1139915 0.0752146 0.0851076 0.0749591 0.0458703 0.0000000 0.0664226 0.1012845 0.2913222 0.0961823 0.0984417 0.0698210 0.1113243 0.0798373 0.0627135 0.0792899 0.0988179 0.0804761 0.0683222 0.2375533 0.1133869 0.1620413 0.1009974 0.0628963 0.1113413 0.0988509 0.1092451 0.1097244 0.0989939 0.1000477 0.0492368 0.0710250 0.0786501 0.3002142 0.1093799 0.1135969 0.1050868 0.0938717 0.0882155 0.0895036 0.1209867 0.0675352 0.0812758 0.1059196 0.0893276 0.0581631 0.2467580 0.0656641 0.0832282 0.1061876 0.1026408 0.0933709 0.0889093 0.0517968 0.0466759 0.0966698 0.2345034 0.0872103 0.1145572 0.0861769 0.1038534 0.0668708 0.1139586 0.0998241 0.2317230 0.0578058 0.2032841 0.1124254 0.1068050 0.0788371 0.0961758 0.1437339 0.0996848 0.2456746 0.2903328 0.0767106 
Perityle_batopilensis_97                   0.3566259 0.0905424 0.2228037 0.1018879 0.0917551 0.2539842 0.3437808 0.2762952 0.0971368 0.0853240 0.0782768 0.0753942 0.0499647 0.0664226 0.0000000 0.0799515 0.3295882 0.0726219 0.0801712 0.0477842 0.0690289 0.0815906 0.0710428 0.0769604 0.0691058 0.0413050 0.0803167 0.3235380 0.1084456 0.1825703 0.1052619 0.0853293 0.0971368 0.0803957 0.0512246 0.0876907 0.0693343 0.0736219 0.0264718 0.0628392 0.0455379 0.2995969 0.0802586 0.0795647 0.0774266 0.0725725 0.0733540 0.0725330 0.0980296 0.0636620 0.0737107 0.0839707 0.0443011 0.0585963 0.3255321 0.0664212 0.0588851 0.0619244 0.0862545 0.0978284 0.0892317 0.0506366 0.0549464 0.0767946 0.3257873 0.0407666 0.1155497 0.0775976 0.0763612 0.0597701 0.1050090 0.0792629 0.3191732 0.0839458 0.1726903 0.1118977 0.0693277 0.0792954 0.0800482 0.1362772 0.0721056 0.3243038 0.3404447 0.0652913 
Perityle_bisetosa_9                        0.3600729 0.1781391 0.2619740 0.1020203 0.2053964 0.2712931 0.3509008 0.2576219 0.1722933 0.0806436 0.0318832 0.0245530 0.0623182 0.1012845 0.0799515 0.0000000 0.3052614 0.1562280 0.0292256 0.0580903 0.0195498 0.0180217 0.0493206 0.0447960 0.0323654 0.0608613 0.1003768 0.4086224 0.1762596 0.1453871 0.1403056 0.0708242 0.1699489 0.0250225 0.0999653 0.1383702 0.0195688 0.0785307 0.0769571 0.0761962 0.0416798 0.4753111 0.0406839 0.1537970 0.0843640 0.0159419 0.0312731 0.0286319 0.1788304 0.0673114 0.0301844 0.0384554 0.0717933 0.0641056 0.3655861 0.0576927 0.1042484 0.0323902 0.0264325 0.1040143 0.0881021 0.1016867 0.0598322 0.0361901 0.4059206 0.0682580 0.0886640 0.0136738 0.0159604 0.0509708 0.1212829 0.0449530 0.3816925 0.0158823 0.1152545 0.0807496 0.0780283 0.0177989 0.0303541 0.1477093 0.0365574 0.3755049 0.3131792 0.0806513 
Perityle_californica_76_positas            0.0778963 0.3592278 0.3330151 0.3723008 0.3646921 0.3794432 0.1320619 0.1554897 0.2982292 0.3318875 0.3438788 0.3756790 0.3566249 0.2913222 0.3295882 0.3052614 0.0000000 0.3094151 0.3103633 0.3058479 0.3056749 0.3458221 0.3451282 0.3077369 0.3063242 0.3098002 0.3490702 0.0779761 0.2932961 0.3674481 0.2886534 0.2880394 0.2982292 0.3026058 0.3031125 0.2850079 0.3066698 0.2935265 0.3432227 0.3734569 0.3016338 0.0500745 0.3807764 0.2749534 0.3079134 0.3021885 0.3525062 0.3503199 0.2852163 0.3691889 0.3531471 0.3188536 0.3220942 0.3302000 0.0705853 0.3492319 0.3090455 0.3026545 0.3038080 0.3512167 0.3793051 0.3311404 0.3374412 0.2946807 0.0725788 0.3086330 0.3087637 0.3462342 0.3133234 0.3370742 0.3133330 0.3701016 0.0650900 0.3512530 0.4756057 0.3048261 0.2884085 0.3567602 0.3051260 0.4037018 0.3623279 0.0433836 0.0817475 0.3365798 
Perityle_canescens_77                      0.3769286 0.1764554 0.3291123 0.1087938 0.2517726 0.3247477 0.3294361 0.2287946 0.1869145 0.1041710 0.0654774 0.1422680 0.0820226 0.0961823 0.0726219 0.1562280 0.3094151 0.0000000 0.1678961 0.1388774 0.1535781 0.0603848 0.0656166 0.0720051 0.1467860 0.1529360 0.1192408 0.4259850 0.1864643 0.1529708 0.1772918 0.0781557 0.1869145 0.1619636 0.1624438 0.1447606 0.1541672 0.1476859 0.0686417 0.2146751 0.0662201 0.4860681 0.0889466 0.1393356 0.1451570 0.1487638 0.0572908 0.0713355 0.1732312 0.2002950 0.0728281 0.1701743 0.1587200 0.1766341 0.3986171 0.0779749 0.1809988 0.1420257 0.0630960 0.2214221 0.1081569 0.2666647 0.0631156 0.0591729 0.4302497 0.1541809 0.1866509 0.0563039 0.1589725 0.0702907 0.1539032 0.0854322 0.4173322 0.1774066 0.1788621 0.1900252 0.1509283 0.0702949 0.1610253 0.2455725 0.0671708 0.4038500 0.3201283 0.0646283 
Perityle_castillonii_96                    0.3544546 0.1752116 0.2552779 0.1090302 0.2258453 0.2638637 0.3457929 0.2494861 0.1644087 0.0872529 0.0319793 0.0342038 0.0471812 0.0984417 0.0801712 0.0292256 0.3103633 0.1678961 0.0000000 0.0674073 0.0310672 0.0273223 0.0398466 0.0383175 0.0444358 0.0681002 0.1007110 0.4079498 0.1682464 0.1499991 0.1458499 0.0708242 0.1620483 0.0292510 0.1085656 0.1461562 0.0386645 0.0862138 0.0772112 0.0797043 0.0550313 0.4898807 0.0268744 0.1549410 0.0922137 0.0348255 0.0217669 0.0203179 0.1783745 0.0707186 0.0302705 0.0500980 0.0793018 0.0875112 0.3637718 0.0578824 0.1091823 0.0444269 0.0362632 0.1181019 0.0972891 0.1112460 0.0633362 0.0275296 0.4053909 0.0756906 0.1009088 0.0229933 0.0349146 0.0360458 0.1167435 0.0308295 0.3860063 0.0276626 0.1199199 0.0927084 0.0896195 0.0178527 0.0328354 0.1606730 0.0217172 0.3732229 0.3193486 0.0809171 
Perityle_cernua_84                         0.3314128 0.1268462 0.2528070 0.0824286 0.1915221 0.2480492 0.3411093 0.2532758 0.1405848 0.0588768 0.0579098 0.0630725 0.0178004 0.0698210 0.0477842 0.0580903 0.3058479 0.1388774 0.0674073 0.0000000 0.0640330 0.0650742 0.0400066 0.0352055 0.0623190 0.0316467 0.1001074 0.3853228 0.1492556 0.1411800 0.1000730 0.0485234 0.1360831 0.0582836 0.0565486 0.1165907 0.0622443 0.0707589 0.0335899 0.0494261 0.0275508 0.4451269 0.0730783 0.1394058 0.0727096 0.0581841 0.0607753 0.0627047 0.1497919 0.0447291 0.0547592 0.0651604 0.0389359 0.0332472 0.3452475 0.0496297 0.0468561 0.0683644 0.0493046 0.1047790 0.0660779 0.0474149 0.0371050 0.0384896 0.3787101 0.0353064 0.0809188 0.0610385 0.0680225 0.0399710 0.0967187 0.0742016 0.3563050 0.0655525 0.1631550 0.0728746 0.0722329 0.0510414 0.0579686 0.1292277 0.0673205 0.3667583 0.3024129 0.0567387 
Perityle_cfvillosa_25_tin                  0.3491731 0.1862546 0.2640186 0.1089336 0.2131886 0.2733384 0.3529782 0.2572773 0.1674141 0.0903191 0.0504326 0.0404729 0.0624157 0.1113243 0.0690289 0.0195498 0.3056749 0.1535781 0.0310672 0.0640330 0.0000000 0.0367047 0.0493846 0.0496870 0.0397429 0.0608821 0.1182186 0.4090683 0.1712485 0.1535944 0.1498518 0.0708242 0.1650911 0.0268224 0.0958604 0.1336526 0.0304816 0.0785589 0.0689768 0.0733252 0.0537362 0.4760731 0.0099365 0.1491208 0.0843947 0.0267786 0.0030603 0.0080352 0.1742000 0.0673923 0.0441114 0.0518074 0.0718184 0.0757901 0.3655089 0.0783421 0.1042913 0.0159972 0.0264116 0.1110230 0.0974121 0.1018151 0.0632028 0.0384761 0.4063626 0.0643530 0.0927977 0.0324365 0.0268099 0.0510491 0.1187648 0.0135051 0.3821121 0.0298145 0.1152562 0.0848330 0.0740661 0.0287625 0.0321548 0.1481149 0.0035647 0.3759102 0.3136230 0.0726712 
Perityle_cinerea_113_Powell1310            0.3592050 0.0901158 0.1611950 0.0846421 0.0701485 0.1990351 0.3527239 0.2071617 0.0996857 0.0786201 0.0456659 0.0411452 0.0799297 0.0798373 0.0815906 0.0180217 0.3458221 0.0603848 0.0273223 0.0650742 0.0367047 0.0000000 0.0652223 0.0752187 0.0317543 0.0722380 0.0712697 0.3256324 0.1103089 0.1713918 0.0947143 0.0781801 0.0996857 0.0460268 0.0657861 0.1022148 0.0365322 0.0823459 0.0793939 0.0652223 0.0747282 0.2995546 0.0462585 0.1098226 0.0874215 0.0271231 0.0413853 0.0413853 0.1148094 0.0701052 0.0413700 0.0603620 0.0701455 0.0700760 0.3240532 0.0616910 0.0764795 0.0412269 0.0272612 0.0982213 0.0828100 0.0684426 0.0754959 0.0519290 0.3200908 0.0713614 0.1135463 0.0183327 0.0180553 0.0652223 0.1051897 0.0413853 0.3138401 0.0180563 0.1182814 0.1090246 0.0858165 0.0318235 0.0459226 0.1079015 0.0413853 0.3394547 0.3598731 0.0821273 
Perityle_coahuilensis_24                   0.3705799 0.0917578 0.2069247 0.0800265 0.0846745 0.1963316 0.3433991 0.2661020 0.0641939 0.0798133 0.0617211 0.0561489 0.0267845 0.0627135 0.0710428 0.0493206 0.3451282 0.0656166 0.0398466 0.0400066 0.0493846 0.0652223 0.0000000 0.0181827 0.0429470 0.0440838 0.0694507 0.3275749 0.0741373 0.1701514 0.0642920 0.0782075 0.0641939 0.0366801 0.0531723 0.0867111 0.0462216 0.0568154 0.0732354 0.0037964 0.0498978 0.2694209 0.0650935 0.0919584 0.0601812 0.0461726 0.0480470 0.0411534 0.1019816 0.0109003 0.0588228 0.0623693 0.0496384 0.0562448 0.3370929 0.0739937 0.0566287 0.0429453 0.0593511 0.0858653 0.0757228 0.0395868 0.0618257 0.0442865 0.3296577 0.0500964 0.0972163 0.0611789 0.0591163 0.0070745 0.0676069 0.0642842 0.3165701 0.0526911 0.1536823 0.0907420 0.0793870 0.0599890 0.0397945 0.1423891 0.0563972 0.3410177 0.3227286 0.0906061 
Perityle_cochisensis_44_cave_creek         0.3196599 0.0994927 0.1965222 0.0967367 0.1045220 0.1824047 0.3425703 0.2390969 0.0790984 0.0867664 0.0657251 0.0575960 0.0329655 0.0792899 0.0769604 0.0447960 0.3077369 0.0720051 0.0383175 0.0352055 0.0496870 0.0752187 0.0181827 0.0000000 0.0499232 0.0456800 0.0821248 0.3017588 0.0867290 0.1792124 0.0792447 0.0937233 0.0790984 0.0425106 0.0552074 0.0938405 0.0474803 0.0606094 0.0734040 0.0109066 0.0467081 0.2867845 0.0620025 0.0826823 0.0656710 0.0423935 0.0542156 0.0497790 0.0903160 0.0104097 0.0564229 0.0610911 0.0574471 0.0499629 0.2908678 0.0741658 0.0609454 0.0473616 0.0592280 0.0856355 0.0857075 0.0490207 0.0667774 0.0396365 0.3025323 0.0502675 0.0885319 0.0712418 0.0522353 0.0106708 0.0817576 0.0612679 0.2753054 0.0501126 0.1586190 0.0836229 0.0751917 0.0550389 0.0350630 0.1275291 0.0557146 0.2971438 0.2986148 0.0894516 
Perityle_congesta_202                      0.3594355 0.1713568 0.2625144 0.0925440 0.1960364 0.2717990 0.3510957 0.2506035 0.1592814 0.0809964 0.0246621 0.0152450 0.0588230 0.0988179 0.0691058 0.0323654 0.3063242 0.1467860 0.0444358 0.0623190 0.0397429 0.0317543 0.0429470 0.0499232 0.0000000 0.0610297 0.1009547 0.4163996 0.1654998 0.1409997 0.1290337 0.0708242 0.1569760 0.0287089 0.1003980 0.1318064 0.0268859 0.0787495 0.0647160 0.0857208 0.0441336 0.4834023 0.0477681 0.1473587 0.0846001 0.0305582 0.0343495 0.0410951 0.1768996 0.0737040 0.0132426 0.0423444 0.0719930 0.0800705 0.3752344 0.0496999 0.1023860 0.0231969 0.0286732 0.1044726 0.0707358 0.1118483 0.0499424 0.0292834 0.4168283 0.0684478 0.0930180 0.0274858 0.0360959 0.0434408 0.1054847 0.0522090 0.3981467 0.0369476 0.1298248 0.0850318 0.0861808 0.0250791 0.0341703 0.1545638 0.0401434 0.3913031 0.3192987 0.0683945 
Perityle_cordifolia_27                     0.3515962 0.1786388 0.2638812 0.1009959 0.2018833 0.2702714 0.3419890 0.2576725 0.1694872 0.0717058 0.0671219 0.0781576 0.0369380 0.0804761 0.0413050 0.0608613 0.3098002 0.1529360 0.0681002 0.0316467 0.0608821 0.0722380 0.0440838 0.0456800 0.0610297 0.0000000 0.1060212 0.4017967 0.1665988 0.1523943 0.1262390 0.0716580 0.1649310 0.0610606 0.0628543 0.1316541 0.0591444 0.0666748 0.0305412 0.0450888 0.0350817 0.4707640 0.0747794 0.1416618 0.0724208 0.0589806 0.0586194 0.0735216 0.1714230 0.0451381 0.0595885 0.0639444 0.0215351 0.0400550 0.3702060 0.0618120 0.0702256 0.0630706 0.0523530 0.0972028 0.0718064 0.0836762 0.0249678 0.0481631 0.3894655 0.0142320 0.0871978 0.0681308 0.0667140 0.0448041 0.1186822 0.0759564 0.3718357 0.0766284 0.1789587 0.0790010 0.0707130 0.0641008 0.0627152 0.1273288 0.0690069 0.3684818 0.3148629 0.0497295 
Perityle_cordifolia_68_tecolote            0.3685227 0.1340390 0.2556575 0.1134124 0.1670280 0.2502573 0.3704656 0.2740354 0.1448576 0.1102475 0.0661625 0.1227777 0.0830236 0.0683222 0.0803167 0.1003768 0.3490702 0.1192408 0.1007110 0.1001074 0.1182186 0.0712697 0.0694507 0.0821248 0.1009547 0.1060212 0.0000000 0.4166236 0.1510551 0.1547555 0.1435629 0.0851192 0.1418148 0.1098261 0.1238436 0.1448234 0.0980142 0.1206400 0.0697805 0.1396511 0.0632685 0.4035749 0.1212824 0.1363080 0.1207613 0.0976245 0.0748651 0.0909465 0.1423049 0.1368231 0.0781749 0.1156713 0.1117836 0.1090740 0.3811147 0.0073623 0.1210961 0.1126207 0.0691715 0.1655087 0.1131359 0.1764810 0.0568304 0.0669760 0.4185643 0.1114153 0.1438677 0.0672092 0.1066372 0.0748957 0.1427049 0.1110781 0.3856453 0.1043351 0.1917673 0.1341769 0.1332006 0.0670573 0.1062860 0.2001403 0.0881190 0.3912952 0.3619814 0.0768214 
Perityle_coronopifolia_28_patagonia        0.0840657 0.4525164 0.4000790 0.3696564 0.4969702 0.4459135 0.1484247 0.1713786 0.4113035 0.3602608 0.3335102 0.4369005 0.3469212 0.2375533 0.3235380 0.4086224 0.0779761 0.4259850 0.4079498 0.3853228 0.4090683 0.3256324 0.3275749 0.3017588 0.4163996 0.4017967 0.4166236 0.0000000 0.3862511 0.3682763 0.3536965 0.2719077 0.4171886 0.4029837 0.4318686 0.3623580 0.4092739 0.3864604 0.3208232 0.5051788 0.2953968 0.0887214 0.3986391 0.3671848 0.3925927 0.4131923 0.3383622 0.3325090 0.4108694 0.4957025 0.3602790 0.4111855 0.4186390 0.4090720 0.0847361 0.3322708 0.4363384 0.4046831 0.3035877 0.4734696 0.3833108 0.5043667 0.3253140 0.2883820 0.0319110 0.4015894 0.3995229 0.3260111 0.4159628 0.3100881 0.3581537 0.3832767 0.0909046 0.4724302 0.4621855 0.3992036 0.3847902 0.3452015 0.4005059 0.5131947 0.3387571 0.0675071 0.0729436 0.3085923 
Perityle_crassifolia_70_ventanas           0.3295341 0.1566907 0.2746704 0.1017388 0.2124527 0.2892042 0.3276807 0.2447368 0.0204450 0.1262324 0.0958956 0.1786745 0.1134420 0.1133869 0.1084456 0.1762596 0.2932961 0.1864643 0.1682464 0.1492556 0.1712485 0.1103089 0.0741373 0.0867290 0.1654998 0.1665988 0.1510551 0.3862511 0.0000000 0.1541932 0.0889454 0.0504493 0.0166829 0.1627232 0.1877119 0.0949918 0.1770661 0.1543550 0.0965705 0.2456768 0.0749586 0.4904637 0.1582628 0.1319029 0.1678097 0.1717203 0.0902842 0.0972342 0.1369382 0.2358244 0.1334575 0.1829069 0.1739183 0.1763843 0.3776889 0.0829170 0.1907529 0.1629281 0.0866586 0.2593599 0.1382340 0.2709780 0.0888465 0.0674859 0.3859200 0.1639257 0.1796387 0.1064556 0.1814142 0.0724983 0.0285474 0.1439857 0.3858436 0.2160584 0.2394595 0.1769811 0.1682491 0.1096399 0.1688061 0.2733585 0.0982643 0.3833899 0.3046393 0.0663713 
Perityle_crassifolia_74_playa_balandra     0.3238977 0.1566801 0.2782088 0.1634249 0.1637773 0.2956366 0.3815778 0.2791746 0.1585960 0.1661757 0.1709045 0.1735133 0.1718388 0.1620413 0.1825703 0.1453871 0.3674481 0.1529708 0.1499991 0.1411800 0.1535944 0.1713918 0.1701514 0.1792124 0.1409997 0.1523943 0.1547555 0.3682763 0.1541932 0.0000000 0.1501516 0.0928816 0.1585960 0.1539465 0.1582874 0.1552737 0.1453926 0.1273784 0.1776508 0.1944488 0.1448253 0.3383738 0.1911566 0.1521996 0.1394750 0.1452053 0.1575463 0.1778979 0.1640411 0.1881224 0.1649346 0.1659591 0.1571766 0.1580011 0.3966246 0.1667416 0.1603339 0.1615488 0.1419200 0.1165930 0.1864160 0.2208989 0.1500451 0.1565051 0.3699123 0.1630290 0.1514993 0.1618646 0.1458045 0.1783555 0.1543408 0.1885181 0.3897027 0.1417713 0.3207277 0.1482253 0.1501349 0.1593560 0.1578948 0.2144521 0.1789338 0.3918131 0.3780296 0.1489083 
Perityle_cuneata_34_cuneata_San_antonio    0.3159247 0.1689317 0.2258770 0.0919003 0.1514929 0.2517942 0.3257673 0.2474612 0.0935248 0.1204835 0.0880972 0.1515579 0.1015614 0.1009974 0.1052619 0.1403056 0.2886534 0.1772918 0.1458499 0.1000730 0.1498518 0.0947143 0.0642920 0.0792447 0.1290337 0.1262390 0.1435629 0.3536965 0.0889454 0.1501516 0.0000000 0.0657941 0.0912521 0.1339030 0.1548222 0.0970757 0.1410659 0.1262885 0.0844927 0.1895261 0.0600307 0.4274167 0.1585159 0.1186001 0.1354747 0.1381315 0.0980665 0.0984336 0.1498164 0.1650529 0.1180052 0.1486212 0.1337142 0.1382828 0.3274260 0.0790489 0.1432495 0.1428774 0.0769749 0.2018438 0.1028523 0.2348224 0.0717973 0.0677736 0.3606305 0.1331648 0.1368635 0.0852196 0.1477378 0.0650152 0.0865786 0.1498521 0.3335986 0.1716630 0.2256589 0.1343786 0.1355936 0.0975419 0.1403345 0.2578416 0.1121677 0.3530420 0.3034374 0.0626016 
Perityle_cuneata_4                         0.2731425 0.0629829 0.1335784 0.0701209 0.0487050 0.2173706 0.3235878 0.1829613 0.0504493 0.0505144 0.0858075 0.0935351 0.0556429 0.0628963 0.0853293 0.0708242 0.2880394 0.0781557 0.0708242 0.0485234 0.0708242 0.0781801 0.0782075 0.0937233 0.0708242 0.0716580 0.0851192 0.2719077 0.0504493 0.0928816 0.0657941 0.0000000 0.0504493 0.0783188 0.0631590 0.0927616 0.0861851 0.0715631 0.0773118 0.0782075 0.0702921 0.2913729 0.0781801 0.0927616 0.0715631 0.0782887 0.0781801 0.0781801 0.1001674 0.0857388 0.0863089 0.0779630 0.0781093 0.0628963 0.2623982 0.0708055 0.0784862 0.0708242 0.0708242 0.0709766 0.0783611 0.0372584 0.0781093 0.0872245 0.2512159 0.0704446 0.0632604 0.0781801 0.0708242 0.0782075 0.0504493 0.0781801 0.2819847 0.0784554 0.0781801 0.0632604 0.0716382 0.0853680 0.0857406 0.0780885 0.0781801 0.2806242 0.3318938 0.0558520 
Perityle_discoidea_81                      0.3575521 0.1696274 0.2706867 0.0918189 0.2014544 0.2931873 0.3226843 0.2383866 0.0035929 0.1129638 0.0839641 0.1591384 0.0971083 0.1113413 0.0971368 0.1699489 0.2982292 0.1869145 0.1620483 0.1360831 0.1650911 0.0996857 0.0641939 0.0790984 0.1569760 0.1649310 0.1418148 0.4171886 0.0166829 0.1585960 0.0912521 0.0504493 0.0000000 0.1567834 0.1881389 0.0928285 0.1707079 0.1531873 0.0840603 0.2436673 0.0650176 0.5344641 0.1421997 0.1254584 0.1619614 0.1655352 0.0799010 0.0834906 0.1275855 0.2168684 0.1178276 0.1762722 0.1697983 0.1744831 0.4014458 0.0789250 0.1956030 0.1545010 0.0769799 0.2568210 0.1194339 0.2760987 0.0855144 0.0579480 0.4140158 0.1623234 0.1850899 0.0957376 0.1749427 0.0607466 0.0177732 0.1279390 0.4124493 0.2095539 0.2236074 0.1801560 0.1645300 0.0973889 0.1627221 0.2814702 0.0860290 0.4085296 0.3018740 0.0543856 
Perityle_dissecta_201                      0.3532129 0.1834709 0.2568490 0.1060533 0.2140074 0.2634786 0.3523515 0.2506682 0.1590859 0.0940071 0.0247245 0.0277367 0.0550411 0.0988509 0.0803957 0.0250225 0.3026058 0.1619636 0.0292510 0.0582836 0.0268224 0.0460268 0.0366801 0.0425106 0.0287089 0.0610606 0.1098261 0.4029837 0.1627232 0.1539465 0.1339030 0.0783188 0.1567834 0.0000000 0.1003005 0.1365840 0.0268583 0.0767148 0.0772125 0.0735353 0.0489916 0.4749488 0.0513860 0.1518814 0.0825468 0.0268822 0.0312320 0.0369211 0.1769923 0.0646463 0.0302729 0.0385023 0.0720280 0.0760196 0.3620609 0.0578851 0.1046275 0.0287031 0.0377464 0.1148864 0.0975247 0.1067407 0.0599955 0.0155908 0.4002925 0.0684816 0.0888280 0.0418386 0.0342269 0.0360485 0.1077907 0.0523351 0.3784690 0.0322430 0.1387340 0.0808986 0.0763281 0.0325270 0.0159414 0.1578114 0.0365014 0.3720683 0.3154855 0.0809180 
Perityle_emoryi_47_punta_san_jose          0.3745366 0.1845608 0.2925668 0.0996797 0.2001600 0.3026407 0.3360750 0.2684455 0.1905069 0.0742947 0.0698420 0.0876052 0.0439299 0.1092451 0.0512246 0.0999653 0.3031125 0.1624438 0.1085656 0.0565486 0.0958604 0.0657861 0.0531723 0.0552074 0.1003980 0.0628543 0.1238436 0.4318686 0.1877119 0.1582874 0.1548222 0.0631590 0.1881389 0.1003005 0.0000000 0.1451948 0.1002775 0.1026268 0.0299251 0.0803338 0.0539341 0.4987984 0.0736063 0.1656460 0.1086256 0.0980156 0.0611819 0.0630703 0.1908724 0.0593142 0.0660384 0.1059685 0.0703283 0.0860805 0.3957765 0.0735990 0.0702558 0.0984311 0.0828656 0.1213314 0.0840868 0.0979518 0.0340772 0.0770156 0.4282333 0.0605993 0.1194633 0.0617133 0.1081788 0.0516686 0.1470283 0.0747461 0.4033565 0.0992351 0.1810327 0.1110434 0.1020736 0.0709933 0.1018619 0.1539274 0.0678436 0.4024483 0.3039549 0.0568290 
Perityle_feddemae_99                       0.3342265 0.1851396 0.2474484 0.1000231 0.1520310 0.2789775 0.3401602 0.2498123 0.0950924 0.1288326 0.0981045 0.1629257 0.1196999 0.1097244 0.0876907 0.1383702 0.2850079 0.1447606 0.1461562 0.1165907 0.1336526 0.1022148 0.0867111 0.0938405 0.1318064 0.1316541 0.1448234 0.3623580 0.0949918 0.1552737 0.0970757 0.0927616 0.0928285 0.1365840 0.1451948 0.0000000 0.1366542 0.1140720 0.0697934 0.2126363 0.0616433 0.4407573 0.1539868 0.0756575 0.1251180 0.1337923 0.0854538 0.1000616 0.0913901 0.1917507 0.1308314 0.1462963 0.1385914 0.1431551 0.3350384 0.0902813 0.1441218 0.1293671 0.0808787 0.2056470 0.1484559 0.2389695 0.0771607 0.0770883 0.3598594 0.1308310 0.1511192 0.0983874 0.1387058 0.0914834 0.0839397 0.1457615 0.3383865 0.1651839 0.2345197 0.1486079 0.1270575 0.1075886 0.1429451 0.2435644 0.0966235 0.3385572 0.3259083 0.0571666 
Perityle_fosteri_93                        0.3598348 0.1715916 0.2730951 0.0960628 0.1994660 0.2741851 0.3456124 0.2540908 0.1730642 0.0843657 0.0283302 0.0214998 0.0628358 0.0989939 0.0693343 0.0195688 0.3066698 0.1541672 0.0386645 0.0622443 0.0304816 0.0365322 0.0462216 0.0474803 0.0268859 0.0591444 0.0980142 0.4092739 0.1770661 0.1453926 0.1410659 0.0861851 0.1707079 0.0268583 0.1002775 0.1366542 0.0000000 0.0766975 0.0649519 0.0766679 0.0369525 0.4748607 0.0514351 0.1518620 0.0825281 0.0177848 0.0376432 0.0454768 0.1769723 0.0677260 0.0166331 0.0366178 0.0701026 0.0605792 0.3619594 0.0498822 0.1046014 0.0287249 0.0309154 0.1011867 0.0841367 0.1024785 0.0500919 0.0362369 0.4065678 0.0665563 0.0909030 0.0322825 0.0250259 0.0473105 0.1172339 0.0559735 0.3881230 0.0298718 0.1396723 0.0829480 0.0841118 0.0288116 0.0304740 0.1453576 0.0440264 0.3784353 0.3190834 0.0725966 
Perityle_gamon_221                         0.3415262 0.1785406 0.2648444 0.0973058 0.2087332 0.2781554 0.3325225 0.2382797 0.1576525 0.0684509 0.0708951 0.0815587 0.0680233 0.1000477 0.0736219 0.0785307 0.2935265 0.1476859 0.0862138 0.0707589 0.0785589 0.0823459 0.0568154 0.0606094 0.0787495 0.0666748 0.1206400 0.3864604 0.1543550 0.1273784 0.1262885 0.0715631 0.1531873 0.0767148 0.1026268 0.1140720 0.0766975 0.0000000 0.0582936 0.0867137 0.0619770 0.4486036 0.0899332 0.1231740 0.0195732 0.0765098 0.0651972 0.0825980 0.1487692 0.0805775 0.0668221 0.0840029 0.0745899 0.0864882 0.3588344 0.0695643 0.0999708 0.0789231 0.0714551 0.0608613 0.0541275 0.0750445 0.0606837 0.0648442 0.3832875 0.0743395 0.0829522 0.0783236 0.0865347 0.0561359 0.1096071 0.0875533 0.3631835 0.0841593 0.1941221 0.0748328 0.0513081 0.0679144 0.0804110 0.1033505 0.0728866 0.3540955 0.3057647 0.0340258 
Perityle_gentryi_8_san_francisco           0.3724360 0.0883521 0.1948823 0.0842622 0.0729352 0.2407456 0.3480852 0.2683335 0.0840603 0.0833890 0.0807398 0.0729358 0.0468747 0.0492368 0.0264718 0.0769571 0.3432227 0.0686417 0.0772112 0.0335899 0.0689768 0.0793939 0.0732354 0.0734040 0.0647160 0.0305412 0.0697805 0.3208232 0.0965705 0.1776508 0.0844927 0.0773118 0.0840603 0.0772125 0.0299251 0.0697934 0.0649519 0.0582936 0.0000000 0.0684099 0.0411360 0.2923146 0.0821427 0.0763633 0.0663808 0.0688144 0.0729458 0.0797733 0.0843375 0.0692067 0.0731405 0.0769045 0.0336526 0.0414884 0.3356856 0.0619666 0.0581273 0.0608441 0.0814572 0.0865079 0.0815649 0.0401100 0.0468651 0.0785641 0.3221292 0.0262738 0.1080733 0.0754865 0.0770496 0.0651903 0.0927224 0.0810998 0.3160627 0.0731929 0.1931415 0.1043951 0.0612576 0.0769045 0.0770656 0.0868168 0.0729458 0.3430841 0.3331407 0.0580626 
Perityle_gilensis_22_Superstition          0.4730137 0.1854112 0.3680172 0.1117602 0.2100032 0.3746710 0.3408527 0.2392320 0.2473851 0.0918449 0.0631349 0.0728076 0.0290819 0.0710250 0.0628392 0.0761962 0.3734569 0.2146751 0.0797043 0.0494261 0.0733252 0.0652223 0.0037964 0.0109066 0.0857208 0.0450888 0.1396511 0.5051788 0.2456768 0.1944488 0.1895261 0.0782075 0.2436673 0.0735353 0.0803338 0.2126363 0.0766679 0.0867137 0.0684099 0.0000000 0.0557104 0.4517752 0.0568125 0.2345225 0.0956792 0.0763813 0.0502167 0.0411534 0.2756351 0.0083769 0.0588050 0.0885236 0.0529647 0.0560304 0.4535027 0.0695394 0.0958116 0.0799437 0.0720556 0.1075563 0.0793457 0.0882076 0.0672792 0.0402173 0.4962312 0.0476888 0.1291053 0.0611789 0.0853853 0.0037964 0.1719442 0.0545443 0.4391062 0.0824893 0.1485272 0.1130067 0.1011461 0.0576892 0.0700061 0.1083209 0.0502167 0.4646220 0.3625082 0.0850913 
Perityle_gilensis_salensis_225             0.3277946 0.0754468 0.1804472 0.0736218 0.0649079 0.1881157 0.3406447 0.2715388 0.0650176 0.0558529 0.0659323 0.0566432 0.0308340 0.0786501 0.0455379 0.0416798 0.3016338 0.0662201 0.0550313 0.0275508 0.0537362 0.0747282 0.0498978 0.0467081 0.0441336 0.0350817 0.0632685 0.2953968 0.0749586 0.1448253 0.0600307 0.0702921 0.0650176 0.0489916 0.0539341 0.0616433 0.0369525 0.0619770 0.0411360 0.0557104 0.0000000 0.2923425 0.0861908 0.0633174 0.0669947 0.0345623 0.0687805 0.0757293 0.0781222 0.0529494 0.0554675 0.0573546 0.0441690 0.0322914 0.2944204 0.0614938 0.0526657 0.0488373 0.0465919 0.0813895 0.0763831 0.0264595 0.0433627 0.0595858 0.2954939 0.0395897 0.0766049 0.0707725 0.0441246 0.0516767 0.0624922 0.0850946 0.2967047 0.0557403 0.1819281 0.0743513 0.0663220 0.0527198 0.0538294 0.1220246 0.0769029 0.3014657 0.3007374 0.0660321 
Perityle_glaucescens_94                    0.1098301 0.4190930 0.4877849 0.2773281 0.4893284 0.5250153 0.1054070 0.2314672 0.5266096 0.3024370 0.2937883 0.3988859 0.2674848 0.3002142 0.2995969 0.4753111 0.0500745 0.4860681 0.4898807 0.4451269 0.4760731 0.2995546 0.2694209 0.2867845 0.4834023 0.4707640 0.4035749 0.0887214 0.4904637 0.3383738 0.4274167 0.2913729 0.5344641 0.4749488 0.4987984 0.4407573 0.4748607 0.4486036 0.2923146 0.4517752 0.2923425 0.0000000 0.3110442 0.4435159 0.4600249 0.4704760 0.2779695 0.2779695 0.5144026 0.4556093 0.3021408 0.4849739 0.4775822 0.4707224 0.1017787 0.2896027 0.5262745 0.4861887 0.2944390 0.4471991 0.3396473 0.4909129 0.3100021 0.3017329 0.0718290 0.4702736 0.4728182 0.3057166 0.4902688 0.2694209 0.4089703 0.2924099 0.1091766 0.4704248 0.2779695 0.4727730 0.4336714 0.3012220 0.4796182 0.4714450 0.2779695 0.0712694 0.0654597 0.2660407 
Perityle_gracilis_11                       0.3511066 0.1270343 0.2570484 0.1276832 0.1489945 0.2728167 0.3750898 0.2531016 0.1421211 0.1140896 0.0649049 0.0549999 0.0664175 0.1093799 0.0802586 0.0406839 0.3807764 0.0889466 0.0268744 0.0730783 0.0099365 0.0462585 0.0650935 0.0620025 0.0477681 0.0747794 0.1212824 0.3986391 0.1582628 0.1911566 0.1585159 0.0781801 0.1421997 0.0513860 0.0736063 0.1539868 0.0514351 0.0899332 0.0821427 0.0568125 0.0861908 0.3110442 0.0000000 0.1336994 0.0973452 0.0475661 0.0072351 0.0121176 0.1376064 0.0585281 0.0567775 0.0695519 0.0804945 0.0996635 0.3457592 0.0923135 0.0970268 0.0234840 0.0572688 0.1014915 0.1073582 0.0737520 0.0905810 0.0509004 0.4016620 0.0737617 0.1333719 0.0420510 0.0407269 0.0571422 0.1547790 0.0136723 0.3436542 0.0407951 0.1155822 0.1215640 0.0882319 0.0404344 0.0440100 0.0970720 0.0072351 0.3739534 0.3699055 0.0775570 
Perityle_harkerae_31                       0.3108421 0.1436286 0.2890790 0.1155243 0.2428215 0.2900100 0.3381267 0.2429808 0.1255515 0.1227704 0.1000926 0.1739566 0.0936331 0.1135969 0.0795647 0.1537970 0.2749534 0.1393356 0.1549410 0.1394058 0.1491208 0.1098226 0.0919584 0.0826823 0.1473587 0.1416618 0.1363080 0.3671848 0.1319029 0.1521996 0.1186001 0.0927616 0.1254584 0.1518814 0.1656460 0.0756575 0.1518620 0.1231740 0.0763633 0.2345225 0.0633174 0.4435159 0.1336994 0.0000000 0.1252288 0.1469623 0.0838634 0.1069090 0.0241712 0.2245624 0.1059784 0.1685747 0.1488559 0.1584181 0.3385028 0.0982374 0.1477024 0.1407570 0.0822842 0.2058532 0.1385837 0.2305502 0.0827640 0.0790688 0.3668671 0.1428658 0.1664624 0.1061494 0.1518906 0.0976249 0.1180150 0.1199942 0.3431909 0.1848670 0.2136489 0.1596030 0.1264627 0.0974479 0.1514099 0.2182481 0.0945155 0.3412484 0.3044416 0.0641736 
Perityle_hofmeisteria_4_nombre_de_dios     0.3417578 0.1857041 0.2700345 0.0975844 0.2195582 0.2753596 0.3375044 0.2419706 0.1664786 0.0778887 0.0787192 0.0951576 0.0757553 0.1050868 0.0774266 0.0843640 0.3079134 0.1451570 0.0922137 0.0727096 0.0843947 0.0874215 0.0601812 0.0656710 0.0846001 0.0724208 0.1207613 0.3925927 0.1678097 0.1394750 0.1354747 0.0715631 0.1619614 0.0825468 0.1086256 0.1251180 0.0825281 0.0195732 0.0663808 0.0956792 0.0669947 0.4600249 0.0973452 0.1252288 0.0000000 0.0823260 0.0687035 0.0917842 0.1465149 0.0894869 0.0740167 0.0879800 0.0764939 0.0923749 0.3615694 0.0776610 0.1064062 0.0847871 0.0763424 0.0702117 0.0539869 0.0791642 0.0607993 0.0697283 0.3953807 0.0801251 0.0868750 0.0732008 0.0924263 0.0639152 0.1187088 0.0950655 0.3688657 0.0891758 0.1889412 0.0787108 0.0569501 0.0758109 0.0862493 0.1116158 0.0809401 0.3655184 0.3216558 0.0379094 
