83
Amauria_brandeegeana_62                    0.0000000 0.0876848 0.1058719 0.2160121 0.2057848 1.6571810 0.2926013 0.2256071 0.2417250 0.0396310 0.1357636 0.2033223 0.2056696 0.1829754 0.2069731 0.1957091 0.2154303 0.2562628 0.2341978 0.2131552 0.1267790 0.1366876 0.0762594 0.2051572 0.2040572 0.1964379 0.1502522 0.2021669 0.1369993 0.1179915 0.1168594 0.1719425 0.0369627 0.2098686 0.0054723 0.1601242 0.1961478 0.1550371 0.2066773 0.2301597 0.2063770 0.1718584 0.1356507 0.1654170 0.1611086 0.2140683 0.2077983 0.2056816 0.1500108 0.2270129 0.1942852 0.1357702 0.1367920 0.1742831 0.1512036 0.1781859 0.2749792 0.1499938 0.2094903 0.1736386 0.4226190 0.1819613 0.1534028 0.2023785 0.1382136 0.3885881 0.2274716 0.1885145 0.2003309 0.1478979 0.1925915 0.2134247 0.1992990 0.2068008 0.1912796 0.1454314 0.1988056 0.2121340 0.1952339 0.1723158 0.1492746 0.0984995 0.3859616 
Amauria_carterae_99_mesa                   0.0876848 0.0000000 0.0918834 0.2153325 0.1894061 2.0803966 0.2687409 0.2343119 0.1869497 0.0923174 0.1140903 0.1629729 0.1695402 0.1686301 0.1880294 0.1785680 0.1723502 0.2702991 0.1711020 0.1690396 0.1059118 0.0879692 0.0635922 0.1689103 0.1846348 0.1733586 0.1164540 0.1256004 0.1154077 0.1013801 0.1086192 0.1829773 0.0903357 0.1680614 0.0955623 0.1165127 0.1657485 0.1094749 0.1843415 0.2495935 0.1655386 0.1250288 0.0879799 0.1202347 0.1092859 0.1764825 0.1698494 0.1735102 0.1161762 0.1944721 0.1703855 0.0916135 0.1000075 0.1484551 0.1123536 0.1199607 0.2521718 0.1195772 0.1708685 0.1459289 0.1629498 0.1542936 0.1469699 0.1667825 0.1135793 0.3645688 0.1688096 0.1314399 0.1718672 0.1080363 0.1318068 0.2001206 0.1732708 0.1751077 0.1612503 0.1195617 0.1781739 0.1791753 0.1907682 0.1367085 0.1013481 0.1013240 0.3404252 
Amauria_rotundifolia_SRR9119150            0.1058719 0.0918834 0.0000000 0.2191076 0.2113618 2.3813210 0.2940157 0.2179536 0.2370646 0.1125867 0.1467154 0.1982383 0.2079172 0.1928627 0.2203485 0.2013127 0.2186333 0.2675232 0.2210969 0.2069472 0.1315615 0.1437311 0.0843013 0.2084384 0.2264128 0.2124172 0.1631879 0.2105094 0.1517208 0.0864953 0.1017749 0.1783878 0.0868041 0.2115021 0.0898474 0.1508426 0.1952505 0.1688281 0.2051528 0.2387136 0.2019514 0.1555726 0.1425533 0.1550808 0.1596908 0.2151260 0.2121519 0.2102515 0.1397766 0.2386216 0.2091341 0.1413956 0.1454106 0.1943164 0.1616147 0.1856190 0.2734767 0.1561183 0.2152022 0.1571367 0.1374089 0.1784523 0.1391141 0.2054105 0.1493680 0.3983887 0.2368291 0.1727280 0.2077189 0.1591638 0.1979558 0.2132427 0.1988049 0.2188113 0.1852455 0.1478316 0.2104196 0.2190912 0.2129215 0.1731771 0.1424232 0.1206501 0.3991425 
Conoclinium_coelestinum_SRR9119114         0.2160121 0.2153325 0.2191076 0.0000000 0.2460447 0.0000010 0.2558096 0.2495117 0.2636803 0.2202217 0.2032266 0.2406384 0.2431560 0.2234250 0.2608353 0.2411200 0.2511602 0.3467947 0.2710316 0.2457114 0.1955076 0.1840340 0.2293117 0.2500661 0.2510572 0.2398042 0.2312413 0.2428493 0.2137227 0.2001207 0.2100189 0.2356440 0.2009714 0.2431764 0.1872447 0.2178960 0.2491471 0.2209208 0.2575103 0.3044820 0.2422998 0.2333520 0.1806601 0.2270503 0.2297926 0.2553368 0.2459109 0.2371377 0.2072223 0.2633966 0.2380639 0.1825992 0.2141333 0.2140193 0.2156721 0.2202691 0.2988151 0.2084547 0.2480682 0.2237375 0.3410363 0.2765227 0.2157417 0.2605703 0.2147637 0.3887728 0.2533939 0.2388990 0.2453325 0.1947571 0.2389100 0.2544790 0.2554671 0.2494846 0.2169752 0.2253371 0.2544530 0.2573268 0.2533317 0.2275240 0.2222362 0.1580744 0.3758751 
Eutetras_palmeri_63                        0.2057848 0.1894061 0.2113618 0.2460447 0.0000000 0.0300645 0.3387600 0.2816220 0.2379657 0.2061227 0.2270387 0.1626728 0.1298471 0.1290682 0.1535746 0.1871701 0.1330052 0.2584074 0.3149106 0.1431070 0.1762259 0.1232659 0.0768457 0.1304800 0.1439716 0.1278334 0.2257776 0.2493980 0.2293691 0.0977807 0.1769269 0.1731752 0.1906259 0.1443965 0.1756585 0.2354264 0.1281991 0.2209080 0.1886442 0.2051115 0.1284056 0.2405939 0.1232621 0.2336089 0.2248780 0.1376877 0.1414103 0.1445267 0.2318401 0.1458232 0.1297388 0.1058635 0.2136543 0.1117020 0.2230486 0.2563295 0.3780944 0.1327855 0.1457914 0.2073505 0.3913572 0.2341236 0.0805994 0.1692131 0.2287547 0.3646388 0.1695298 0.0912789 0.1340709 0.1126758 0.2544293 0.1636912 0.1260555 0.1463329 0.1017281 0.2210531 0.1792965 0.1862931 0.2840070 0.1069634 0.2213667 0.1250281 0.4581189 
Eutetras_pringlei_149_quer                 1.6571810 2.0803966 2.3813210 0.0000010 0.0300645 0.0000000 0.0000010 0.0000010 0.0000010 1.4430089 1.3709524 2.8948867 1.2969725 1.6331558 1.3754589 2.0544594 1.4152064 0.0000010 3.5880900 1.3755966 0.0000010 0.0000010 0.0000010 1.2969725 1.1922088 1.2108797 2.1230657 1.0045544 1.8732161 0.0000010 0.0000010 0.0000010 1.6571810 2.2645262 1.6571810 3.0239085 1.4152064 2.9491385 2.0544594 1.4152064 1.4729098 2.8518437 0.0000010 2.5381059 2.9344368 1.5083981 1.4258563 1.4258563 3.0239085 1.9771199 1.0563342 0.0000010 2.2667478 0.0000010 2.5290432 1.0045544 6.2688036 1.5851938 1.4258563 0.0000010 0.0000010 4.5251723 0.0000010 9.0000000 1.8265529 1.4152064 1.7494450 0.0000010 1.7039496 0.0000010 1.7432843 1.2969725 1.4258563 1.2969725 0.6392677 1.7826658 0.0000010 1.3510228 1.8778275 0.0000010 2.7528995 0.0000010 9.0000000 
Eutrochium_fistulosum_SRR9119106           0.2926013 0.2687409 0.2940157 0.2558096 0.3387600 0.0000010 0.0000000 0.2703981 0.3410265 0.3228213 0.2830524 0.3152802 0.2939439 0.2729359 0.3117958 0.2916316 0.2860779 0.4213113 0.3996667 0.2934313 0.2391873 0.2239679 0.1731297 0.2950409 0.3077037 0.2880669 0.2948646 0.3253246 0.2889105 0.3019575 0.2558347 0.3642254 0.3009750 0.2887522 0.2542250 0.3052032 0.2906513 0.2841874 0.3066842 0.3642654 0.2895475 0.3086940 0.2239679 0.3045383 0.3035166 0.3019501 0.3049587 0.2970117 0.2941449 0.2967188 0.2894411 0.2126742 0.2891127 0.2867241 0.3003262 0.2799914 0.2856407 0.2665265 0.3062382 0.2733329 0.4433836 0.3410264 0.2089289 0.3155432 0.2846908 0.3569964 0.3141325 0.2301813 0.2894108 0.2377182 0.3171157 0.3018371 0.3107714 0.3034347 0.2597071 0.2954589 0.3246029 0.3131514 0.2718441 0.2979623 0.3002139 0.2085830 0.2621406 
Galeana_pratensis_104_mex                  0.2256071 0.2343119 0.2179536 0.2495117 0.2816220 0.0000010 0.2703981 0.0000000 0.2315655 0.2299853 0.2317454 0.2974277 0.2983108 0.2940822 0.3146139 0.2875146 0.2851725 0.4345829 0.2224150 0.2832433 0.3055515 0.3038459 0.3310633 0.2983916 0.3065320 0.2884773 0.2299314 0.2521415 0.2723662 0.3458681 0.2527551 0.4112882 0.2299853 0.2880686 0.2356782 0.2390326 0.2767915 0.2403708 0.3007781 0.4111474 0.2854565 0.2448647 0.3002729 0.2410446 0.2524267 0.3000529 0.2926185 0.2994822 0.2422554 0.2982967 0.2736615 0.2952396 0.2265110 0.2940526 0.2596522 0.2477541 0.1471736 0.3278947 0.2964122 0.3200533 0.2862408 0.2873305 0.2685108 0.2976315 0.2703453 0.2874997 0.2770190 0.2844913 0.2898323 0.3268920 0.2499268 0.3102286 0.2988463 0.2968377 0.3124238 0.2598916 0.2905394 0.2882891 0.2602886 0.2839220 0.2222586 0.3094596 0.1802343 
Helianthus_annuus_SRR9119062               0.2417250 0.1869497 0.2370646 0.2636803 0.2379657 0.0000010 0.3410265 0.2315655 0.0000000 0.2236999 0.2550575 0.2590453 0.2646151 0.2470898 0.2525993 0.2520143 0.2583236 0.3464223 0.2903714 0.2555297 0.2080161 0.2022579 0.1796694 0.2639815 0.2620896 0.2545569 0.2298116 0.2621204 0.2277510 0.1696324 0.1874394 0.2843822 0.2096523 0.2519826 0.2184006 0.2561056 0.2617744 0.2432690 0.2614072 0.2964662 0.2487111 0.2631963 0.2038276 0.2510017 0.2471372 0.2612233 0.2558051 0.2539262 0.2311650 0.2579153 0.2502791 0.2060042 0.2347618 0.2167865 0.2377117 0.2598487 0.3480223 0.2354515 0.2541469 0.2344503 0.3779459 0.2757996 0.2180517 0.2590398 0.2291063 0.3870336 0.2743946 0.2209531 0.2516052 0.2262850 0.2388470 0.2387817 0.2641115 0.2761937 0.2131855 0.2654838 0.2414462 0.2532296 0.2411952 0.2368824 0.2403584 0.1711191 0.4361805 
Lycapsus_tenuifolius_17                    0.0396310 0.0923174 0.1125867 0.2202217 0.2061227 1.4430089 0.3228213 0.2299853 0.2236999 0.0000000 0.1328738 0.2136137 0.2205527 0.2021759 0.2253426 0.2168665 0.2334075 0.2560396 0.2115662 0.2285300 0.1326558 0.1384915 0.0813771 0.2225559 0.2355242 0.2164200 0.1627802 0.2129381 0.1442699 0.0877552 0.1131379 0.1723811 0.0037203 0.2280457 0.0447392 0.1562024 0.2060770 0.1592046 0.2269797 0.2613874 0.2199482 0.1673444 0.1398053 0.1636105 0.1544337 0.2327281 0.2221490 0.2203293 0.1449447 0.2518934 0.2112940 0.1424683 0.1503914 0.1869365 0.1505875 0.1855720 0.2877719 0.1643108 0.2228044 0.1564669 0.1820446 0.1880492 0.1645301 0.2241595 0.1428409 0.4151224 0.2281986 0.1921808 0.2216666 0.1557876 0.1999279 0.2358300 0.2157782 0.2235472 0.1934367 0.1478247 0.2132621 0.2271118 0.2064317 0.1815635 0.1561618 0.1074489 0.4050459 
Pericome_caudata_50_silver                 0.1357636 0.1140903 0.1467154 0.2032266 0.2270387 1.3709524 0.2830524 0.2317454 0.2550575 0.1328738 0.0000000 0.1950652 0.2089271 0.1958792 0.2134856 0.1939882 0.2204482 0.2732534 0.2494370 0.2164479 0.1109029 0.1342626 0.1014263 0.2097282 0.2105966 0.2064841 0.1504165 0.2014867 0.1549520 0.1000933 0.1380896 0.1740693 0.1257321 0.2161147 0.1169091 0.1612783 0.1966413 0.1712205 0.2010986 0.2479333 0.2076797 0.1700835 0.1354136 0.1667085 0.1642123 0.2231623 0.2123097 0.2109075 0.1533653 0.2421711 0.1986617 0.1369567 0.1378163 0.1907276 0.1834524 0.1907622 0.2962281 0.1459210 0.2168025 0.1694553 0.4076497 0.2055644 0.1534343 0.1942260 0.1545309 0.3917685 0.2212184 0.1845850 0.2103974 0.1469595 0.2063808 0.1954395 0.1994351 0.2145878 0.1986950 0.1566447 0.1882515 0.2040244 0.2007496 0.1662013 0.1415032 0.0940945 0.4019747 
Perityle_aglossa_84_dead_horse             0.2033223 0.1629729 0.1982383 0.2406384 0.1626728 2.8948867 0.3152802 0.2974277 0.2590453 0.2136137 0.1950652 0.0000000 0.1338137 0.1207049 0.1369282 0.0682262 0.1290871 0.2877831 0.3191356 0.1317705 0.0394396 0.1512420 0.1106368 0.1337446 0.1386712 0.1414655 0.1233036 0.2306484 0.1951722 0.1174917 0.1664622 0.1939627 0.1951785 0.1259462 0.1688159 0.2022375 0.1128826 0.1833699 0.0744596 0.1507439 0.1256480 0.2079325 0.1513226 0.2049001 0.2011715 0.1379183 0.1406146 0.1450021 0.1974185 0.1539366 0.1395652 0.1574752 0.1196589 0.1561515 0.2407643 0.2200427 0.3751401 0.1539511 0.1456429 0.1770661 0.3931359 0.2449188 0.0568245 0.0389937 0.1938930 0.3367723 0.1903110 0.0887799 0.1292363 0.1679155 0.2544298 0.0843783 0.1302289 0.1362248 0.1129460 0.2192608 0.0791133 0.0535022 0.2806089 0.1309100 0.1226987 0.0793611 0.4631519 
Perityle_ajoensis_204                      0.2056696 0.1695402 0.2079172 0.2431560 0.1298471 1.2969725 0.2939439 0.2983108 0.2646151 0.2205527 0.2089271 0.1338137 0.0000000 0.0405648 0.0668720 0.1447184 0.0534113 0.2612126 0.3131418 0.0716863 0.1400509 0.0537432 0.0351662 0.0484605 0.0604119 0.0397849 0.2134516 0.2349657 0.2071064 0.0998837 0.1493306 0.1619204 0.1957605 0.0677259 0.1589589 0.2178703 0.0570100 0.2098774 0.1412800 0.1201784 0.0529075 0.2244572 0.0528318 0.2208481 0.2178038 0.0598235 0.0523334 0.0540887 0.2110179 0.0642256 0.0510411 0.0353270 0.1969741 0.0488934 0.2170699 0.2421299 0.3742658 0.0607542 0.0558269 0.2033772 0.3877327 0.2233609 0.0585187 0.1346935 0.2057839 0.3194877 0.1792260 0.0518298 0.0515185 0.0447454 0.2628123 0.0934473 0.0500842 0.0522422 0.0611935 0.2132436 0.1589995 0.1220671 0.2674789 0.0447450 0.2029016 0.1173832 0.4327577 
Perityle_ambrosiifolia_67_green            0.1829754 0.1686301 0.1928627 0.2234250 0.1290682 1.6331558 0.2729359 0.2940822 0.2470898 0.2021759 0.1958792 0.1207049 0.0405648 0.0000000 0.0694050 0.1305769 0.0395686 0.2635050 0.3054428 0.0533139 0.1417460 0.0435087 0.0387440 0.0286306 0.0505485 0.0395844 0.1975620 0.2186211 0.2018027 0.0904120 0.1598819 0.1607154 0.1835596 0.0483565 0.1562625 0.2057932 0.0414710 0.1933163 0.1293744 0.1056642 0.0362110 0.2113281 0.0426082 0.2066684 0.2046832 0.0499204 0.0534692 0.0578384 0.2051687 0.0427917 0.0456574 0.0316136 0.1792902 0.0458688 0.2069155 0.2372760 0.3704645 0.0462276 0.0577728 0.1998788 0.3858684 0.2089125 0.0638953 0.1202838 0.1994784 0.2977875 0.1696003 0.0605600 0.0349156 0.0355428 0.2377238 0.1046284 0.0461452 0.0503129 0.0814564 0.1984349 0.1454783 0.1114928 0.2730512 0.0448038 0.1861239 0.1207616 0.4404634 
Perityle_angustifolia_13_Eagle_creek       0.2069731 0.1880294 0.2203485 0.2608353 0.1535746 1.3754589 0.3117958 0.3146139 0.2525993 0.2253426 0.2134856 0.1369282 0.0668720 0.0694050 0.0000000 0.1415121 0.0822240 0.2804655 0.3295643 0.0831318 0.1371800 0.0571343 0.0714409 0.0698811 0.0613419 0.0661854 0.2123794 0.2446003 0.2281645 0.1156696 0.1677075 0.1907711 0.2150695 0.0911738 0.1742907 0.2191664 0.0718568 0.2083911 0.1401652 0.1315592 0.0735041 0.2259460 0.0559928 0.2200013 0.2170085 0.0890942 0.0583215 0.0616163 0.2070008 0.0806647 0.0662653 0.0631674 0.1966763 0.0256464 0.2208816 0.2677560 0.3764744 0.0861235 0.0612308 0.2160016 0.4016117 0.2444193 0.0698460 0.1396184 0.2223506 0.3463212 0.1825789 0.0675951 0.0746033 0.0739019 0.2452780 0.1005304 0.0684556 0.0573206 0.0788995 0.2219369 0.1555632 0.1203171 0.2675706 0.0615557 0.2064235 0.1152892 0.4128804 
Perityle_batopilensis_97                   0.1957091 0.1785680 0.2013127 0.2411200 0.1871701 2.0544594 0.2916316 0.2875146 0.2520143 0.2168665 0.1939882 0.0682262 0.1447184 0.1305769 0.1415121 0.0000000 0.1367404 0.2921419 0.3323137 0.1317893 0.0372713 0.1593196 0.1111289 0.1410195 0.1450652 0.1433470 0.1263638 0.2312879 0.1989304 0.1143569 0.1601129 0.1854566 0.2147542 0.1371981 0.1739912 0.2053884 0.1164248 0.1733145 0.0244416 0.1534219 0.1313919 0.2114257 0.1594056 0.2080240 0.1953395 0.1393990 0.1490282 0.1535895 0.2043700 0.1590712 0.1506314 0.1599581 0.1203238 0.1636048 0.2424224 0.2355304 0.3708397 0.1607363 0.1534690 0.1834195 0.4297248 0.2459388 0.0581231 0.0625008 0.1939416 0.3170459 0.1977442 0.0950693 0.1353948 0.1725482 0.2467378 0.0827369 0.1340797 0.1481890 0.1271792 0.2163215 0.0781988 0.0696359 0.2897376 0.1408288 0.1318211 0.0851093 0.4733091 
Perityle_bisetosa_9                        0.2154303 0.1723502 0.2186333 0.2511602 0.1330052 1.4152064 0.2860779 0.2851725 0.2583236 0.2334075 0.2204482 0.1290871 0.0534113 0.0395686 0.0822240 0.1367404 0.0000000 0.2559155 0.3246016 0.0533633 0.1492707 0.0562530 0.0307166 0.0466306 0.0636406 0.0590452 0.2207241 0.2394501 0.2246190 0.0924355 0.1619371 0.1701147 0.2026866 0.0534714 0.1686014 0.2333516 0.0331334 0.2236766 0.1299723 0.1091984 0.0379810 0.2424727 0.0553437 0.2385252 0.2322567 0.0395875 0.0670634 0.0709208 0.2286030 0.0457485 0.0626651 0.0406434 0.2022457 0.0627570 0.2382434 0.2488436 0.3670804 0.0658447 0.0724866 0.2043233 0.3877457 0.2308651 0.0619424 0.1307076 0.2234701 0.3144982 0.1923547 0.0373008 0.0407867 0.0556358 0.2606250 0.1087303 0.0647357 0.0691798 0.0817113 0.2299167 0.1497993 0.1141133 0.2778980 0.0619191 0.2091370 0.1281499 0.4315792 
Perityle_californica_76_positas            0.2562628 0.2702991 0.2675232 0.3467947 0.2584074 0.0000010 0.4213113 0.4345829 0.3464223 0.2560396 0.2732534 0.2877831 0.2612126 0.2635050 0.2804655 0.2921419 0.2559155 0.0000000 0.3364300 0.2731247 0.1550546 0.1292984 0.0720238 0.2642135 0.2655416 0.2657854 0.2944207 0.3392125 0.2948223 0.1180038 0.3376724 0.1565239 0.2525064 0.2561024 0.2481124 0.2861005 0.2561857 0.2701254 0.2983990 0.4065336 0.2619554 0.2899542 0.1256348 0.2882530 0.2714182 0.2642044 0.2600502 0.2645989 0.2831262 0.2681305 0.2607491 0.1275753 0.2770442 0.2509052 0.2723036 0.3225018 0.5201301 0.1579759 0.2580604 0.2655605 0.0827247 0.2846783 0.2837008 0.2893223 0.2870569 0.5573922 0.2628625 0.2584978 0.2574655 0.1609393 0.3018668 0.3116967 0.2536813 0.2609517 0.3056008 0.2577249 0.2756011 0.2847243 0.3682638 0.2363473 0.2885523 0.1244940 0.5187608 
Perityle_canescens_77                      0.2341978 0.1711020 0.2210969 0.2710316 0.3149106 3.5880900 0.3996667 0.2224150 0.2903714 0.2115662 0.2494370 0.3191356 0.3131418 0.3054428 0.3295643 0.3323137 0.3246016 0.3364300 0.0000000 0.3107948 0.3107547 0.2968621 0.1475194 0.3179898 0.3172946 0.3216849 0.2691924 0.2953713 0.2455289 0.2386866 0.1131017 0.3198722 0.1958180 0.3180961 0.2416139 0.2531424 0.3157423 0.2522578 0.3396195 0.3520506 0.3079028 0.2492485 0.2953257 0.2518848 0.2428337 0.3241991 0.3231508 0.3145234 0.2371038 0.3277579 0.3201178 0.2817749 0.2547482 0.2783386 0.2318682 0.2323467 0.2615452 0.3215028 0.3233031 0.2704157 0.0816960 0.3098579 0.2277080 0.3318007 0.2411647 0.4367030 0.3305976 0.2052351 0.3143371 0.3065620 0.2649623 0.3220867 0.3212153 0.3293470 0.2279721 0.2428234 0.3457479 0.3329910 0.2394896 0.2948511 0.2756594 0.2480177 0.3454195 
Perityle_castillonii_96                    0.2131552 0.1690396 0.2069472 0.2457114 0.1431070 1.3755966 0.2934313 0.2832433 0.2555297 0.2285300 0.2164479 0.1317705 0.0716863 0.0533139 0.0831318 0.1317893 0.0533633 0.2731247 0.3107948 0.0000000 0.1500713 0.0465204 0.0426369 0.0562339 0.0764991 0.0756599 0.2170752 0.2345237 0.2234033 0.0903984 0.1640276 0.1712628 0.1931893 0.0505139 0.1615769 0.2262217 0.0398206 0.2155642 0.1318904 0.1133142 0.0529743 0.2344989 0.0456123 0.2288745 0.2220995 0.0603916 0.0605356 0.0636246 0.2170354 0.0692804 0.0816474 0.0597135 0.1999021 0.0788536 0.2323290 0.2432194 0.3625683 0.0718421 0.0646283 0.2067908 0.3857032 0.2247472 0.0640483 0.1289809 0.2222103 0.3174928 0.1955083 0.0447024 0.0561763 0.0739382 0.2523543 0.1111603 0.0620482 0.0571979 0.0817588 0.2209384 0.1573956 0.1198709 0.2774922 0.0636655 0.2003656 0.1402711 0.4416892 
Perityle_cernua_84                         0.1267790 0.1059118 0.1315615 0.1955076 0.1762259 0.0000010 0.2391873 0.3055515 0.2080161 0.1326558 0.1109029 0.0394396 0.1400509 0.1417460 0.1371800 0.0372713 0.1492707 0.1550546 0.3107547 0.1500713 0.0000000 0.1517106 0.0948832 0.1519587 0.1562685 0.1466939 0.0318048 0.1868571 0.1044733 0.1121852 0.1194792 0.1221195 0.1319031 0.1464199 0.1268999 0.1389777 0.1277539 0.1080882 0.0456350 0.1913698 0.1435243 0.1435596 0.1517916 0.1411036 0.1332633 0.1537944 0.1510031 0.1551945 0.1376815 0.1816062 0.1526546 0.1501878 0.0344843 0.1728090 0.1693653 0.1553276 0.4375364 0.1395677 0.1538873 0.1203132 0.4305788 0.1749543 0.0430155 0.0343338 0.1080415 0.3914289 0.1800698 0.0644555 0.1472214 0.1518705 0.1964545 0.0677128 0.1259304 0.1458685 0.0793233 0.1409649 0.0411841 0.0458023 0.2696313 0.1319410 0.0388186 0.0706322 0.5339320 
Perityle_cfvillosa_25_tin                  0.1366876 0.0879692 0.1437311 0.1840340 0.1232659 0.0000010 0.2239679 0.3038459 0.2022579 0.1384915 0.1342626 0.1512420 0.0537432 0.0435087 0.0571343 0.1593196 0.0562530 0.1292984 0.2968621 0.0465204 0.1517106 0.0000000 0.0391210 0.0426389 0.0554425 0.0433306 0.1618744 0.1834655 0.1275805 0.0953695 0.0834671 0.1004893 0.1064689 0.0252956 0.1092332 0.1595304 0.0388091 0.1500838 0.1594719 0.1210598 0.0580774 0.1652685 0.0025577 0.1650772 0.1564282 0.0581621 0.0051725 0.0068431 0.1637655 0.0651256 0.0507892 0.0543832 0.1417061 0.0572545 0.1530502 0.1749567 0.4160796 0.0159714 0.0042658 0.1463890 0.4008566 0.1388394 0.0665480 0.1487401 0.1300341 0.3847295 0.1655986 0.0195390 0.0535411 0.0416971 0.2033636 0.1203953 0.0055188 0.0305645 0.0129272 0.1456934 0.1554079 0.1511635 0.2412870 0.0071507 0.1438715 0.1317379 0.5033283 
Perityle_cinerea_113_Powell1310            0.0762594 0.0635922 0.0843013 0.2293117 0.0768457 0.0000010 0.1731297 0.3310633 0.1796694 0.0813771 0.1014263 0.1106368 0.0351662 0.0387440 0.0714409 0.1111289 0.0307166 0.0720238 0.1475194 0.0426369 0.0948832 0.0391210 0.0000000 0.0465179 0.0802678 0.0425946 0.1117645 0.1283179 0.0837397 0.0861390 0.0857894 0.0642417 0.0813771 0.0346924 0.0762594 0.0856409 0.0191075 0.0713525 0.0983036 0.0505435 0.0272394 0.0858222 0.0391210 0.0769470 0.0761746 0.0347335 0.0589045 0.0587642 0.0769470 0.0757592 0.0637010 0.0311544 0.0757433 0.0518140 0.0692436 0.1150938 0.4190382 0.0391210 0.0546662 0.1110655 0.1265301 0.0908407 0.0684564 0.0983346 0.0966712 0.4268299 0.0810765 0.0118750 0.0229954 0.0465179 0.0816403 0.1239534 0.0587184 0.0346810 0.0384409 0.0638349 0.1166059 0.0979872 0.0794949 0.0505688 0.1069621 0.0775630 0.4337724 
Perityle_coahuilensis_24                   0.2051572 0.1689103 0.2084384 0.2500661 0.1304800 1.2969725 0.2950409 0.2983916 0.2639815 0.2225559 0.2097282 0.1337446 0.0484605 0.0286306 0.0698811 0.1410195 0.0466306 0.2642135 0.3179898 0.0562339 0.1519587 0.0426389 0.0465179 0.0000000 0.0548034 0.0502205 0.2182217 0.2305614 0.2155886 0.0942969 0.1600912 0.1676972 0.1915226 0.0564000 0.1618055 0.2256955 0.0448490 0.2177275 0.1336432 0.1063841 0.0335966 0.2333169 0.0417384 0.2305818 0.2280648 0.0535923 0.0551703 0.0562505 0.2210195 0.0472499 0.0538940 0.0352696 0.2013768 0.0473166 0.2261151 0.2466060 0.3689306 0.0535047 0.0593064 0.1987799 0.4020892 0.2190474 0.0584117 0.1309500 0.2107529 0.3164675 0.1870528 0.0671393 0.0466494 0.0099597 0.2562711 0.1045344 0.0509379 0.0567593 0.0786505 0.2133870 0.1572757 0.1221256 0.2763006 0.0506956 0.2034294 0.1219310 0.4344337 
Perityle_cochisensis_44_cave_creek         0.2040572 0.1846348 0.2264128 0.2510572 0.1439716 1.1922088 0.3077037 0.3065320 0.2620896 0.2355242 0.2105966 0.1386712 0.0604119 0.0505485 0.0613419 0.1450652 0.0636406 0.2655416 0.3172946 0.0764991 0.1562685 0.0554425 0.0802678 0.0548034 0.0000000 0.0564273 0.2205886 0.2412053 0.2293704 0.1143331 0.1726912 0.1655538 0.2054597 0.0799374 0.1593153 0.2358237 0.0582044 0.2245628 0.1445947 0.1081444 0.0593946 0.2425762 0.0545018 0.2392418 0.2362353 0.0709838 0.0674215 0.0734618 0.2281814 0.0624500 0.0568027 0.0497561 0.2043426 0.0519004 0.2376484 0.2513840 0.3693152 0.0663908 0.0709824 0.2177296 0.4045865 0.2323657 0.0874609 0.1431492 0.2260049 0.3235859 0.1912890 0.0773118 0.0568538 0.0556536 0.2798087 0.1060249 0.0629833 0.0649441 0.0900212 0.2274251 0.1623952 0.1237276 0.2688876 0.0575026 0.2082823 0.1390390 0.4427718 
Perityle_congesta_202                      0.1964379 0.1733586 0.2124172 0.2398042 0.1278334 1.2108797 0.2880669 0.2884773 0.2545569 0.2164200 0.2064841 0.1414655 0.0397849 0.0395844 0.0661854 0.1433470 0.0590452 0.2657854 0.3216849 0.0756599 0.1466939 0.0433306 0.0425946 0.0502205 0.0564273 0.0000000 0.2187390 0.2344815 0.2104911 0.0918648 0.1425073 0.1552856 0.1942609 0.0689769 0.1513928 0.2171605 0.0568947 0.2122286 0.1429859 0.1175968 0.0547380 0.2255922 0.0424340 0.2225957 0.2196761 0.0662414 0.0477849 0.0475737 0.2127194 0.0723879 0.0317325 0.0305884 0.1967021 0.0403886 0.2216878 0.2449031 0.3711547 0.0550093 0.0506816 0.2006040 0.3800716 0.2295506 0.0592402 0.1460285 0.2108475 0.3188341 0.1843001 0.0648510 0.0506878 0.0391757 0.2615546 0.0980123 0.0440306 0.0532339 0.0547325 0.2096820 0.1534510 0.1279759 0.2689447 0.0430966 0.1996452 0.1247876 0.4522073 
Perityle_cordifolia_27                     0.1502522 0.1164540 0.1631879 0.2312413 0.2257776 2.1230657 0.2948646 0.2299314 0.2298116 0.1627802 0.1504165 0.1233036 0.2134516 0.1975620 0.2123794 0.1263638 0.2207241 0.2944207 0.2691924 0.2170752 0.0318048 0.1618744 0.1117645 0.2182217 0.2205886 0.2187390 0.0000000 0.2066160 0.1706737 0.1225846 0.1360436 0.1866612 0.1493137 0.2191339 0.1341006 0.1601719 0.2048237 0.1301743 0.1356267 0.2403670 0.2066556 0.1642051 0.1619680 0.1608804 0.1531580 0.2257584 0.2242323 0.2208232 0.1480231 0.2388355 0.2162415 0.1575213 0.0306104 0.2002878 0.1899778 0.1819976 0.2657460 0.1751773 0.2243289 0.1839336 0.4287447 0.2128077 0.1042446 0.1233389 0.1701851 0.4116609 0.2404361 0.1780151 0.2153070 0.1752839 0.2034506 0.1647416 0.2120869 0.2146566 0.1853355 0.1686900 0.1256608 0.1414729 0.2167232 0.1867079 0.0531533 0.0753919 0.4021439 
Perityle_cordifolia_68_tecolote            0.2021669 0.1256004 0.2105094 0.2428493 0.2493980 1.0045544 0.3253246 0.2521415 0.2621204 0.2129381 0.2014867 0.2306484 0.2349657 0.2186211 0.2446003 0.2312879 0.2394501 0.3392125 0.2953713 0.2345237 0.1868571 0.1834655 0.1283179 0.2305614 0.2412053 0.2344815 0.2066160 0.0000000 0.1763466 0.1235359 0.1371584 0.2341776 0.1807943 0.2383875 0.1838610 0.1984367 0.2258448 0.1832785 0.2370311 0.2445500 0.2269264 0.2006436 0.1846021 0.1986499 0.1942654 0.2444077 0.2423460 0.2388635 0.1819513 0.2553347 0.2331086 0.1849264 0.1889287 0.2278748 0.2029939 0.0170189 0.3350622 0.2122627 0.2397623 0.2115294 0.4627713 0.2292485 0.1766856 0.2294550 0.1741751 0.4149141 0.2636438 0.1806939 0.2338832 0.1895137 0.2206564 0.2079530 0.2326633 0.2424616 0.1878818 0.2037943 0.2377385 0.2354134 0.2349458 0.2209539 0.1963966 0.1479490 0.4475429 
Perityle_coronopifolia_28_patagonia        0.1369993 0.1154077 0.1517208 0.2137227 0.2293691 1.8732161 0.2889105 0.2723662 0.2277510 0.1442699 0.1549520 0.1951722 0.2071064 0.2018027 0.2281645 0.1989304 0.2246190 0.2948223 0.2455289 0.2234033 0.1044733 0.1275805 0.0837397 0.2155886 0.2293704 0.2104911 0.1706737 0.1763466 0.0000000 0.0810402 0.1266534 0.1779082 0.1275507 0.2192990 0.1353163 0.1597501 0.2099931 0.1584145 0.2049954 0.2412569 0.2128621 0.1666370 0.1275761 0.1634349 0.1617967 0.2231027 0.2155492 0.2134427 0.1501042 0.2424248 0.2068035 0.1277048 0.1503801 0.1815566 0.1489443 0.1668542 0.3281777 0.1516861 0.2175472 0.1102964 0.4264839 0.1615160 0.1420867 0.1923507 0.0154793 0.3896544 0.2303306 0.1790910 0.2204664 0.1442949 0.2039891 0.2089610 0.2136187 0.2226842 0.1950044 0.1528219 0.1896799 0.2104505 0.1673138 0.1744951 0.1586829 0.0624251 0.4027570 
Perityle_crassifolia_70_ventanas           0.1179915 0.1013801 0.0864953 0.2001207 0.0977807 0.0000010 0.3019575 0.3458681 0.1696324 0.0877552 0.1000933 0.1174917 0.0998837 0.0904120 0.1156696 0.1143569 0.0924355 0.1180038 0.2386866 0.0903984 0.1121852 0.0953695 0.0861390 0.0942969 0.1143331 0.0918648 0.1225846 0.1235359 0.0810402 0.0000000 0.0818102 0.0837374 0.0940008 0.0903886 0.1141159 0.0981407 0.0868875 0.0763739 0.1125796 0.1050468 0.0835960 0.1037764 0.0971501 0.1016496 0.0921779 0.0923418 0.1008479 0.1025800 0.0928681 0.1198273 0.1053378 0.0903211 0.1016364 0.1104074 0.1059606 0.1147718 0.4623630 0.0970971 0.0989029 0.1113224 0.3653305 0.1389346 0.1144538 0.1201946 0.0910571 0.3565780 0.1216007 0.0644740 0.0885131 0.0942969 0.0138094 0.1091377 0.0999836 0.0971630 0.0937261 0.0839884 0.1197060 0.1162616 0.1109422 0.1025187 0.1161182 0.0783561 0.6609243 
Perityle_crassifolia_74_playa_balandra     0.1168594 0.1086192 0.1017749 0.2100189 0.1769269 0.0000010 0.2558347 0.2527551 0.1874394 0.1131379 0.1380896 0.1664622 0.1493306 0.1598819 0.1677075 0.1601129 0.1619371 0.3376724 0.1131017 0.1640276 0.1194792 0.0834671 0.0857894 0.1600912 0.1726912 0.1425073 0.1360436 0.1371584 0.1266534 0.0818102 0.0000000 0.2402345 0.1131379 0.1541101 0.1149296 0.1284818 0.1490769 0.1124129 0.1635469 0.1576770 0.1524537 0.1290557 0.0834671 0.1230656 0.1074990 0.1723523 0.1603246 0.1582372 0.1210476 0.1781097 0.1550550 0.0804119 0.1117561 0.1472077 0.1071798 0.1306750 0.3036993 0.1207016 0.1581303 0.2024369 0.0726233 0.1290543 0.1496124 0.1860745 0.1247901 0.3835112 0.1725701 0.1447914 0.1600928 0.1212717 0.0765528 0.1895194 0.1657080 0.1549789 0.1548855 0.1255428 0.1731373 0.1783060 0.0996905 0.1303839 0.1246669 0.0960979 0.3438175 
Perityle_cuneata_34_cuneata_San_antonio    0.1719425 0.1829773 0.1783878 0.2356440 0.1731752 0.0000010 0.3642254 0.4112882 0.2843822 0.1723811 0.1740693 0.1939627 0.1619204 0.1607154 0.1907711 0.1854566 0.1701147 0.1565239 0.3198722 0.1712628 0.1221195 0.1004893 0.0642417 0.1676972 0.1655538 0.1552856 0.1866612 0.2341776 0.1779082 0.0837374 0.2402345 0.0000000 0.1722180 0.1612835 0.1591345 0.2060145 0.1600501 0.1901392 0.1950248 0.2508902 0.1611386 0.2134679 0.0994072 0.2111790 0.1927904 0.1720494 0.1661513 0.1651514 0.2043438 0.1877542 0.1557222 0.0931355 0.1750260 0.1651053 0.1859051 0.2583325 0.4883739 0.1082573 0.1647337 0.1750975 0.4126000 0.2130488 0.1901573 0.1961849 0.1800751 0.4261397 0.1762443 0.1379083 0.1568856 0.1069664 0.2401692 0.1922624 0.1699336 0.1655258 0.1993388 0.1732380 0.1710800 0.1773976 0.2933829 0.1577629 0.1735631 0.1008467 0.5426701 
Perityle_discoidea_81                      0.0369627 0.0903357 0.0868041 0.2009714 0.1906259 1.6571810 0.3009750 0.2299853 0.2096523 0.0037203 0.1257321 0.1951785 0.1957605 0.1835596 0.2150695 0.2147542 0.2026866 0.2525064 0.1958180 0.1931893 0.1319031 0.1064689 0.0813771 0.1915226 0.2054597 0.1942609 0.1493137 0.1807943 0.1275507 0.0940008 0.1131379 0.1722180 0.0000000 0.1920778 0.0430217 0.1413672 0.1932634 0.1398712 0.2184036 0.2600497 0.1872342 0.1489978 0.1078679 0.1446330 0.1402283 0.2032436 0.1966495 0.1982304 0.1378855 0.2156075 0.1896645 0.1097838 0.1354891 0.1682822 0.1223739 0.1798735 0.2824105 0.1370069 0.1955328 0.1542023 0.1820446 0.1778700 0.1645301 0.2065295 0.1259920 0.4071876 0.1966402 0.1823021 0.2020725 0.1206577 0.1630485 0.2297053 0.2037216 0.1974405 0.1818004 0.1292410 0.2041998 0.2112759 0.2021136 0.1611090 0.1387702 0.1055718 0.3929285 
Perityle_dissecta_201                      0.2098686 0.1680614 0.2115021 0.2431764 0.1443965 2.2645262 0.2887522 0.2880686 0.2519826 0.2280457 0.2161147 0.1259462 0.0677259 0.0483565 0.0911738 0.1371981 0.0534714 0.2561024 0.3180961 0.0505139 0.1464199 0.0252956 0.0346924 0.0564000 0.0799374 0.0689769 0.2191339 0.2383875 0.2192990 0.0903886 0.1541101 0.1612835 0.1920778 0.0000000 0.1583443 0.2250374 0.0438126 0.2218631 0.1269761 0.1150038 0.0589848 0.2321978 0.0244165 0.2291815 0.2288690 0.0636174 0.0525758 0.0523488 0.2208132 0.0640033 0.0715037 0.0547927 0.2004751 0.0758134 0.2301554 0.2445477 0.3708182 0.0599412 0.0547416 0.2009705 0.3880820 0.2223611 0.0657307 0.1261711 0.2152236 0.3354869 0.2021874 0.0618291 0.0581886 0.0645807 0.2611517 0.1144117 0.0611462 0.0592454 0.0897445 0.2267385 0.1526637 0.1243005 0.2758323 0.0536535 0.2038766 0.1274398 0.4406666 
Perityle_emoryi_47_punta_san_jose          0.0054723 0.0955623 0.0898474 0.1872447 0.1756585 1.6571810 0.2542250 0.2356782 0.2184006 0.0447392 0.1169091 0.1688159 0.1589589 0.1562625 0.1742907 0.1739912 0.1686014 0.2481124 0.2416139 0.1615769 0.1268999 0.1092332 0.0762594 0.1618055 0.1593153 0.1513928 0.1341006 0.1838610 0.1353163 0.1141159 0.1149296 0.1591345 0.0430217 0.1583443 0.0000000 0.1372047 0.1540463 0.1301872 0.1776154 0.2309098 0.1636046 0.1457174 0.1081939 0.1439550 0.1375871 0.1718601 0.1580645 0.1597492 0.1396934 0.1818252 0.1524282 0.1098492 0.1213903 0.1342274 0.1251027 0.1747171 0.2985686 0.1292159 0.1587431 0.1721427 0.4137047 0.1790373 0.1490184 0.1722905 0.1356961 0.3666348 0.1799504 0.1569066 0.1594902 0.1227759 0.1645659 0.1855818 0.1558977 0.1622278 0.1776043 0.1285587 0.1705579 0.1769232 0.2041335 0.1277442 0.1313724 0.0981221 0.3895965 
Perityle_feddemae_99                       0.1601242 0.1165127 0.1508426 0.2178960 0.2354264 3.0239085 0.3052032 0.2390326 0.2561056 0.1562024 0.1612783 0.2022375 0.2178703 0.2057932 0.2191664 0.2053884 0.2333516 0.2861005 0.2531424 0.2262217 0.1389777 0.1595304 0.0856409 0.2256955 0.2358237 0.2171605 0.1601719 0.1984367 0.1597501 0.0981407 0.1284818 0.2060145 0.1413672 0.2250374 0.1372047 0.0000000 0.2055997 0.1490135 0.2146158 0.2505019 0.2170229 0.0313575 0.1584982 0.0282152 0.1243943 0.2320672 0.2183018 0.2175434 0.0195628 0.2493481 0.2133353 0.1568240 0.1491278 0.2039892 0.1726444 0.1690877 0.3120731 0.1668351 0.2217081 0.1760961 0.4205920 0.1995716 0.1574448 0.1985893 0.1585101 0.3983723 0.2471225 0.1875602 0.2264841 0.1756260 0.1888648 0.2088175 0.2041205 0.2261805 0.1852535 0.1504780 0.2078991 0.2144308 0.2151536 0.1752602 0.1545139 0.1093436 0.3994366 
Perityle_fosteri_93                        0.1961478 0.1657485 0.1952505 0.2491471 0.1281991 1.4152064 0.2906513 0.2767915 0.2617744 0.2060770 0.1966413 0.1128826 0.0570100 0.0414710 0.0718568 0.1164248 0.0331334 0.2561857 0.3157423 0.0398206 0.1277539 0.0388091 0.0191075 0.0448490 0.0582044 0.0568947 0.2048237 0.2258448 0.2099931 0.0868875 0.1490769 0.1600501 0.1932634 0.0438126 0.1540463 0.2055997 0.0000000 0.2012086 0.1097321 0.1002178 0.0397771 0.2144799 0.0378735 0.2082929 0.2071394 0.0458725 0.0534723 0.0548742 0.2008133 0.0605110 0.0606113 0.0388170 0.1844340 0.0638056 0.2167035 0.2450546 0.3586566 0.0571972 0.0566578 0.1844518 0.3759363 0.2157119 0.0547950 0.1168211 0.2049265 0.2987740 0.1657774 0.0373381 0.0304859 0.0575423 0.2378912 0.0962365 0.0573835 0.0562814 0.0739627 0.2035519 0.1363557 0.0948763 0.2690026 0.0522542 0.1922542 0.1048570 0.4295768 
Perityle_gamon_221                         0.1550371 0.1094749 0.1688281 0.2209208 0.2209080 2.9491385 0.2841874 0.2403708 0.2432690 0.1592046 0.1712205 0.1833699 0.2098774 0.1933163 0.2083911 0.1733145 0.2236766 0.2701254 0.2522578 0.2155642 0.1080882 0.1500838 0.0713525 0.2177275 0.2245628 0.2122286 0.1301743 0.1832785 0.1584145 0.0763739 0.1124129 0.1901392 0.1398712 0.2218631 0.1301872 0.1490135 0.2012086 0.0000000 0.1899760 0.2400590 0.2117093 0.1565158 0.1501631 0.1479044 0.0677551 0.2249880 0.2147208 0.2127614 0.1310235 0.2357274 0.2067151 0.1497990 0.1243365 0.1873873 0.1661279 0.1491726 0.2997430 0.1609378 0.2173955 0.1729640 0.4295814 0.1809395 0.1191050 0.1773153 0.1545681 0.3885187 0.2395750 0.1470262 0.2119793 0.1649559 0.1826541 0.2010643 0.2015447 0.2190153 0.1540788 0.1507100 0.1757225 0.1979266 0.2109440 0.1777140 0.1311469 0.0830965 0.4160978 
Perityle_gentryi_8_san_francisco           0.2066773 0.1843415 0.2051528 0.2575103 0.1886442 2.0544594 0.3066842 0.3007781 0.2614072 0.2269797 0.2010986 0.0744596 0.1412800 0.1293744 0.1401652 0.0244416 0.1299723 0.2983990 0.3396195 0.1318904 0.0456350 0.1594719 0.0983036 0.1336432 0.1445947 0.1429859 0.1356267 0.2370311 0.2049954 0.1125796 0.1635469 0.1950248 0.2184036 0.1269761 0.1776154 0.2146158 0.1097321 0.1899760 0.0000000 0.1484001 0.1294916 0.2208110 0.1595565 0.2147390 0.2069891 0.1314654 0.1470406 0.1491927 0.2055085 0.1514133 0.1517253 0.1590896 0.1327695 0.1617348 0.2490137 0.2409092 0.3749316 0.1643085 0.1520809 0.1899780 0.4268679 0.2557718 0.0656064 0.0675386 0.2001846 0.3361249 0.2041543 0.0890070 0.1330227 0.1723741 0.2594616 0.0893309 0.1350213 0.1475388 0.1202088 0.2228610 0.0797757 0.0692781 0.2907063 0.1390175 0.1374470 0.0883581 0.4869480 
Perityle_gilensis_22_Superstition          0.2301597 0.2495935 0.2387136 0.3044820 0.2051115 1.4152064 0.3642654 0.4111474 0.2964662 0.2613874 0.2479333 0.1507439 0.1201784 0.1056642 0.1315592 0.1534219 0.1091984 0.4065336 0.3520506 0.1133142 0.1913698 0.1210598 0.0505435 0.1063841 0.1081444 0.1175968 0.2403670 0.2445500 0.2412569 0.1050468 0.1576770 0.2508902 0.2600497 0.1150038 0.2309098 0.2505019 0.1002178 0.2400590 0.1484001 0.0000000 0.1087876 0.2502086 0.1222574 0.2491140 0.2524941 0.1126407 0.1086690 0.1132169 0.2518095 0.1191772 0.1201164 0.1440651 0.2165625 0.1321804 0.2676009 0.2915755 0.4421901 0.1411542 0.1123003 0.2589648 0.4185548 0.2916424 0.0646371 0.1524801 0.2336359 0.3180488 0.2111411 0.0528064 0.1086917 0.1475113 0.2657442 0.1262770 0.1110344 0.1100702 0.0650910 0.2573819 0.1786342 0.1341493 0.3163394 0.1166987 0.2300706 0.2150608 0.5418228 
Perityle_gilensis_salensis_225             0.2063770 0.1655386 0.2019514 0.2422998 0.1284056 1.4729098 0.2895475 0.2854565 0.2487111 0.2199482 0.2076797 0.1256480 0.0529075 0.0362110 0.0735041 0.1313919 0.0379810 0.2619554 0.3079028 0.0529743 0.1435243 0.0580774 0.0272394 0.0335966 0.0593946 0.0547380 0.2066556 0.2269264 0.2128621 0.0835960 0.1524537 0.1611386 0.1872342 0.0589848 0.1636046 0.2170229 0.0397771 0.2117093 0.1294916 0.1087876 0.0000000 0.2251619 0.0571669 0.2215633 0.2192191 0.0479986 0.0636098 0.0641175 0.2107101 0.0499631 0.0570766 0.0387639 0.1908195 0.0600823 0.2185972 0.2382976 0.3684119 0.0650028 0.0684010 0.1984245 0.3850397 0.2113332 0.0475029 0.1272017 0.2115314 0.3099209 0.1784481 0.0485858 0.0422964 0.0521910 0.2487926 0.1035396 0.0584167 0.0634159 0.0696685 0.2136161 0.1499457 0.1100906 0.2770827 0.0580092 0.1934768 0.1218687 0.4262200 
Perityle_glaucescens_94                    0.1718584 0.1250288 0.1555726 0.2333520 0.2405939 2.8518437 0.3086940 0.2448647 0.2631963 0.1673444 0.1700835 0.2079325 0.2244572 0.2113281 0.2259460 0.2114257 0.2424727 0.2899542 0.2492485 0.2344989 0.1435596 0.1652685 0.0858222 0.2333169 0.2425762 0.2255922 0.1642051 0.2006436 0.1666370 0.1037764 0.1290557 0.2134679 0.1489978 0.2321978 0.1457174 0.0313575 0.2144799 0.1565158 0.2208110 0.2502086 0.2251619 0.0000000 0.1642227 0.0282335 0.1327443 0.2412853 0.2265822 0.2262711 0.0209048 0.2591489 0.2199868 0.1626695 0.1574912 0.2076761 0.1737110 0.1694234 0.3138360 0.1749620 0.2299752 0.1722781 0.4221117 0.2110735 0.1643175 0.2058958 0.1653118 0.4031650 0.2502280 0.1875713 0.2310577 0.1803240 0.1972244 0.2158151 0.2124398 0.2328311 0.1906653 0.1500934 0.2149041 0.2231103 0.2113749 0.1816703 0.1614794 0.1123561 0.4057673 
Perityle_gracilis_11                       0.1356507 0.0879799 0.1425533 0.1806601 0.1232621 0.0000010 0.2239679 0.3002729 0.2038276 0.1398053 0.1354136 0.1513226 0.0528318 0.0426082 0.0559928 0.1594056 0.0553437 0.1256348 0.2953257 0.0456123 0.1517916 0.0025577 0.0391210 0.0417384 0.0545018 0.0424340 0.1619680 0.1846021 0.1275761 0.0971501 0.0834671 0.0994072 0.1078679 0.0244165 0.1081939 0.1584982 0.0378735 0.1501631 0.1595565 0.1222574 0.0571669 0.1642227 0.0000000 0.1639937 0.1575521 0.0572503 0.0025818 0.0059860 0.1626421 0.0628357 0.0498834 0.0534759 0.1417807 0.0562658 0.1517915 0.1749109 0.4110002 0.0150797 0.0034117 0.1463840 0.4008566 0.1361548 0.0665480 0.1509310 0.1300297 0.3866118 0.1644835 0.0195390 0.0526332 0.0407981 0.2004506 0.1216888 0.0045976 0.0296568 0.0129272 0.1446242 0.1554918 0.1512451 0.2431308 0.0062551 0.1439500 0.1332992 0.5005534 
Perityle_harkerae_31                       0.1654170 0.1202347 0.1550808 0.2270503 0.2336089 2.5381059 0.3045383 0.2410446 0.2510017 0.1636105 0.1667085 0.2049001 0.2208481 0.2066684 0.2200013 0.2080240 0.2385252 0.2882530 0.2518848 0.2288745 0.1411036 0.1650772 0.0769470 0.2305818 0.2392418 0.2225957 0.1608804 0.1986499 0.1634349 0.1016496 0.1230656 0.2111790 0.1446330 0.2291815 0.1439550 0.0282152 0.2082929 0.1479044 0.2147390 0.2491140 0.2215633 0.0282335 0.1639937 0.0000000 0.1232052 0.2371575 0.2247723 0.2222701 0.0182052 0.2542244 0.2169472 0.1575166 0.1497114 0.2023081 0.1718809 0.1660131 0.3033112 0.1713057 0.2266080 0.1746751 0.4200645 0.2069451 0.1556828 0.2011203 0.1622132 0.4008647 0.2499761 0.1851239 0.2263195 0.1771768 0.1895601 0.2102752 0.2116232 0.2280824 0.1816099 0.1501912 0.2132126 0.2201190 0.2059018 0.1803305 0.1566223 0.1093281 0.3968761 
Perityle_hofmeisteria_4_nombre_de_dios     0.1611086 0.1092859 0.1596908 0.2297926 0.2248780 2.9344368 0.3035166 0.2524267 0.2471372 0.1544337 0.1642123 0.2011715 0.2178038 0.2046832 0.2170085 0.1953395 0.2322567 0.2714182 0.2428337 0.2220995 0.1332633 0.1564282 0.0761746 0.2280648 0.2362353 0.2196761 0.1531580 0.1942654 0.1617967 0.0921779 0.1074990 0.1927904 0.1402283 0.2288690 0.1375871 0.1243943 0.2071394 0.0677551 0.2069891 0.2524941 0.2192191 0.1327443 0.1575521 0.1232052 0.0000000 0.2329948 0.2241353 0.2205242 0.1077894 0.2399818 0.2184206 0.1590395 0.1409289 0.1973861 0.1772032 0.1512197 0.3202494 0.1715987 0.2268496 0.1712137 0.3945326 0.1900103 0.1438593 0.2013440 0.1613395 0.4139445 0.2491387 0.1488427 0.2254899 0.1746051 0.1841865 0.2249900 0.2102582 0.2288806 0.1668764 0.1548487 0.2032809 0.2220408 0.2205213 0.1840129 0.1460018 0.0967725 0.4030692 
