84
Amauria_brandeegeana_62                    0.0000000 0.0734036 0.0541473 0.1630986 0.1101972 0.1144335 0.1767157 0.2516869 0.0804081 0.1120811 0.0883482 0.0935409 0.0843801 0.0794919 0.0911730 0.0914592 0.1264160 0.1144612 0.1087500 0.0976884 0.0716362 0.3231286 0.0940585 0.2887194 0.1019725 0.0878617 0.0790539 0.1143358 0.0930317 0.1967812 0.0953979 0.1147300 0.0854564 0.1143511 0.0875424 0.1088349 0.0813534 0.1144862 0.0928941 0.0745104 0.0922311 0.1008913 0.0984949 0.1023743 0.1008063 0.0913492 0.0790989 0.0754399 0.1116167 0.1036377 0.0947880 0.0954962 0.0957325 0.0687345 0.1135102 0.0938186 0.0874905 0.0918904 0.0905391 0.1207075 0.1465353 0.1035954 0.1653012 0.1061730 0.1117023 0.1080382 0.1473977 0.0992824 0.1042846 0.0987268 0.1103494 0.0656738 0.1181289 0.0902728 0.2409848 0.1346505 0.1213705 0.0805293 0.1116844 0.1453477 0.0972625 0.0836059 0.1181111 0.0877499 
Amauria_carterae_99_mesa                   0.0734036 0.0000000 0.0914434 0.1327772 0.0725371 0.0908565 0.1484440 0.2363707 0.0706378 0.0943775 0.0936440 0.0967518 0.1140160 0.0900298 0.0906943 0.0743482 0.1000936 0.0853480 0.1016055 0.0938561 0.0763440 0.3216635 0.1014088 0.2841160 0.0950161 0.0947201 0.0981182 0.1133195 0.0641577 0.1044274 0.0764928 0.0695220 0.0725028 0.0949068 0.0719986 0.0976004 0.0974227 0.1077934 0.0887554 0.0961865 0.0977970 0.0919292 0.0994592 0.0991181 0.1146603 0.0920805 0.0870325 0.1035536 0.1028015 0.0869290 0.0867321 0.0852012 0.1104460 0.0854333 0.1186771 0.0992556 0.1113300 0.0977919 0.0960147 0.1149125 0.1356270 0.0859589 0.1784121 0.0928333 0.1130067 0.1120742 0.0931008 0.0998659 0.0937657 0.1014088 0.0580554 0.0853113 0.1278553 0.0885402 0.2684104 0.0967824 0.0961850 0.1070899 0.1058519 0.1388897 0.1037826 0.1039743 0.0802352 0.0896128 
Amauria_rotundifolia_SRR9119150            0.0541473 0.0914434 0.0000000 0.1722568 0.1234186 0.1210090 0.1799368 0.2435315 0.0895860 0.1114699 0.0917087 0.0988777 0.0991114 0.0840119 0.1035939 0.0880518 0.1437418 0.1307314 0.1104765 0.0958223 0.0783770 0.3329562 0.1148222 0.2908527 0.1036544 0.0942418 0.0899621 0.1312456 0.1056772 0.1797528 0.1022598 0.1140060 0.0912952 0.1335018 0.1208851 0.1274967 0.0907876 0.1304982 0.1035990 0.0967551 0.1095130 0.1167818 0.1057104 0.1195521 0.1208624 0.1098751 0.0902283 0.0906218 0.1292283 0.1283311 0.1123304 0.1192408 0.1047091 0.0791671 0.1348591 0.0892576 0.0956493 0.1064256 0.1005229 0.1388691 0.1509210 0.1218977 0.1481852 0.1042927 0.1309977 0.1121115 0.1429081 0.1030523 0.1061470 0.1148222 0.1189221 0.0815999 0.1341114 0.1052575 0.2346097 0.1305079 0.1216318 0.0924410 0.1108333 0.1576815 0.1024941 0.0971310 0.1237810 0.0885208 
Conoclinium_coelestinum_SRR9119114         0.1630986 0.1327772 0.1722568 0.0000000 0.1722555 0.1035553 0.2163510 0.2912907 0.1936634 0.1846832 0.1749610 0.1876991 0.1910686 0.1616164 0.1833664 0.1635877 0.2049773 0.1754173 0.2018571 0.1767104 0.1540214 0.4007040 0.1983071 0.3485123 0.1922606 0.1825491 0.1909141 0.2066084 0.1613751 0.2254771 0.1672948 0.1823037 0.2036904 0.2029365 0.1671792 0.1793421 0.1649249 0.1918739 0.1634347 0.1968784 0.1962198 0.1717446 0.1866863 0.1714483 0.1824014 0.1787291 0.1835002 0.1919147 0.1833802 0.1893123 0.1873085 0.1875690 0.1769789 0.1617836 0.2019726 0.1867823 0.1594950 0.1892055 0.1873369 0.1987470 0.1887762 0.1983778 0.2663729 0.1929092 0.2002105 0.1903935 0.1854405 0.1599893 0.1854353 0.2002994 0.1772708 0.1831109 0.2267560 0.1753947 0.3323771 0.1885830 0.1712330 0.1915367 0.2030185 0.2308412 0.1988993 0.1928341 0.1872513 0.1756661 
Eutetras_palmeri_63                        0.1101972 0.0725371 0.1234186 0.1722555 0.0000000 0.1410955 0.1841638 0.2326327 0.1164668 0.0978166 0.1116514 0.1219104 0.1180683 0.1012051 0.1139005 0.0839593 0.1194442 0.1004994 0.1265880 0.1151547 0.0827823 0.3377717 0.1019795 0.2131231 0.1220461 0.1166924 0.1022737 0.1166022 0.1005048 0.1240398 0.1067394 0.1120393 0.1118275 0.0992113 0.1608479 0.0993212 0.1063039 0.1184954 0.1124823 0.1019795 0.0967782 0.1009471 0.1295985 0.1027287 0.1161237 0.1007157 0.0953211 0.1074339 0.1118491 0.0984230 0.0918245 0.0921571 0.1353090 0.0991990 0.1238681 0.1032800 0.1241065 0.0951938 0.0934729 0.1254926 0.1135541 0.0890715 0.1936768 0.1231508 0.1237646 0.1334031 0.1114636 0.1193949 0.1186547 0.1021279 0.0913037 0.0932977 0.0932977 0.1013499 0.2307363 0.0843790 0.1143054 0.1055583 0.1275144 0.1620627 0.1270990 0.1146006 0.1129388 0.1153032 
Eutrochium_fistulosum_SRR9119106           0.1144335 0.0908565 0.1210090 0.1035553 0.1410955 0.0000000 0.1786931 0.2755646 0.1314882 0.1499088 0.1344950 0.1405128 0.1468283 0.1214412 0.1426253 0.1278735 0.1475021 0.1327227 0.1487801 0.1325329 0.1246158 0.4210507 0.1398343 0.3221209 0.1393229 0.1362697 0.1432954 0.1529781 0.1184934 0.1690075 0.1242169 0.1428777 0.1424082 0.1460722 0.1270516 0.1321479 0.1281788 0.1357799 0.1383563 0.1430981 0.1412021 0.1240891 0.1363214 0.1290716 0.1276456 0.1466001 0.1284764 0.1417157 0.1348887 0.1400452 0.1340136 0.1356728 0.1413219 0.1197074 0.1422913 0.1476376 0.1490530 0.1313677 0.1298990 0.1574412 0.1654524 0.1462052 0.2614351 0.1401895 0.1493967 0.1464966 0.1659824 0.1413852 0.1380393 0.1413683 0.1313040 0.1253370 0.1822938 0.1416501 0.2900409 0.1475121 0.1361919 0.1386564 0.1466326 0.1906178 0.1460783 0.1380436 0.1510502 0.1575521 
Galeana_pratensis_104_mex                  0.1767157 0.1484440 0.1799368 0.2163510 0.1841638 0.1786931 0.0000000 0.3014778 0.1798193 0.1960291 0.1861713 0.1742305 0.1924046 0.1593526 0.1828808 0.1452963 0.1914512 0.1933089 0.1855172 0.1736915 0.1605033 0.4034128 0.1872819 0.4142372 0.1782504 0.1784853 0.1748176 0.1861208 0.1668766 0.2652534 0.1669118 0.1795192 0.1972625 0.1948044 0.1745676 0.1938100 0.1748785 0.1939606 0.1852188 0.1963582 0.1849365 0.1794612 0.1750203 0.1858469 0.1822716 0.1838217 0.1772864 0.1800724 0.1954569 0.1803040 0.1798229 0.1783265 0.1823320 0.1715570 0.1798777 0.1793382 0.2159430 0.1756493 0.1737263 0.1878602 0.1595892 0.1785863 0.2870815 0.1856176 0.1834682 0.1829751 0.2122152 0.1707208 0.1733199 0.1895053 0.1689520 0.1748026 0.2384849 0.1798396 0.3436034 0.2072693 0.1905456 0.1862067 0.1929885 0.1902988 0.1818585 0.1814950 0.1875883 0.1813877 
Helianthus_annuus_SRR9119062               0.2516869 0.2363707 0.2435315 0.2912907 0.2326327 0.2755646 0.3014778 0.0000000 0.2611523 0.2150610 0.2229135 0.2446274 0.2390442 0.2071413 0.2564691 0.2836590 0.2800607 0.2804818 0.2571092 0.2375310 0.2553204 0.3839867 0.2582464 0.4047036 0.2495441 0.2418632 0.2387577 0.2654560 0.2540334 0.2958526 0.2401328 0.2817885 0.2668070 0.2565180 0.3087903 0.2358448 0.2060201 0.2659452 0.2218537 0.2434256 0.2548558 0.2335942 0.2692493 0.2356545 0.2577880 0.2552172 0.2426797 0.2544965 0.2483797 0.2705768 0.2481661 0.2484480 0.2349348 0.2139374 0.2554108 0.2414663 0.2411572 0.2554718 0.2459312 0.2703376 0.3121264 0.2742270 0.3799169 0.2464490 0.2701395 0.2603653 0.2808680 0.2137918 0.2426942 0.2582464 0.2760214 0.2403262 0.2441812 0.2490516 0.4208956 0.2609001 0.2624512 0.2495098 0.2516849 0.2775013 0.2544119 0.2342590 0.2531145 0.2919696 
Lycapsus_tenuifolius_17                    0.0804081 0.0706378 0.0895860 0.1936634 0.1164668 0.1314882 0.1798193 0.2611523 0.0000000 0.1085009 0.1030347 0.1142882 0.1239585 0.1031315 0.1168306 0.1028405 0.1236326 0.1238504 0.1165507 0.1129231 0.0896885 0.3125285 0.1312098 0.3268634 0.1194076 0.1089365 0.1184637 0.1407777 0.0591527 0.0480348 0.1136829 0.1110024 0.0095215 0.1231289 0.1260807 0.1305130 0.1110686 0.1460686 0.1161414 0.1108146 0.1254714 0.1244913 0.1201969 0.1274747 0.1382737 0.1222090 0.1084883 0.1111576 0.1340251 0.1207329 0.1124361 0.1127135 0.1185766 0.1024280 0.1422041 0.1220514 0.1278803 0.1270567 0.1224462 0.1465615 0.1431596 0.1173603 0.1714517 0.1213827 0.1378677 0.1282184 0.1416969 0.1170551 0.1146920 0.1324639 0.0818571 0.0980842 0.1557835 0.1228557 0.2801175 0.1354370 0.1337436 0.1211449 0.1275148 0.1490272 0.1181653 0.1241218 0.1076134 0.1282419 
Pericome_caudata_50_silver                 0.1120811 0.0943775 0.1114699 0.1846832 0.0978166 0.1499088 0.1960291 0.2150610 0.1085009 0.0000000 0.1155391 0.1133839 0.1264425 0.1117110 0.1141318 0.0762002 0.1209912 0.1210058 0.1225787 0.1015572 0.0951138 0.4096336 0.1195498 0.2811278 0.1047666 0.1047588 0.1056038 0.1270954 0.1027642 0.1176668 0.0918380 0.1009127 0.1157647 0.1436022 0.2072758 0.1110549 0.1025570 0.1192116 0.1161142 0.1167494 0.1138732 0.1078267 0.1190924 0.1094808 0.1210389 0.1072187 0.1039449 0.1073012 0.1166821 0.1170746 0.1076785 0.1066598 0.1272672 0.1052333 0.1239214 0.1087979 0.1256789 0.1116972 0.1068797 0.1349129 0.1354180 0.1114581 0.2166733 0.1140971 0.1284548 0.1242194 0.0899860 0.1120073 0.1025200 0.1168240 0.0926505 0.1036351 0.1253262 0.1047071 0.2751806 0.0889492 0.1008021 0.1158610 0.1251187 0.1650326 0.1089260 0.1059680 0.1105929 0.1272243 
Perityle_aglossa_84_dead_horse             0.0883482 0.0936440 0.0917087 0.1749610 0.1116514 0.1344950 0.1861713 0.2229135 0.1030347 0.1155391 0.0000000 0.0375627 0.0641864 0.0422513 0.0560602 0.0366132 0.1332333 0.1138345 0.0375613 0.0373747 0.0410577 0.3518765 0.0651209 0.1788601 0.0370518 0.0396639 0.0563993 0.1060567 0.1091312 0.1745068 0.0796432 0.1082028 0.1099791 0.0860212 0.1732321 0.0828715 0.0528696 0.0984233 0.0616172 0.0625596 0.0599337 0.0784677 0.0383771 0.0785623 0.1005514 0.0584028 0.0509939 0.0421282 0.0898515 0.0731140 0.0626810 0.0738254 0.0613640 0.0365909 0.1052477 0.0507506 0.0664312 0.0404977 0.0407302 0.1163818 0.1289010 0.1075509 0.1222827 0.0432548 0.1073745 0.0587140 0.1479252 0.1019333 0.0420567 0.0639163 0.1009480 0.0483077 0.0742657 0.0566710 0.1986644 0.1342934 0.1091897 0.0549304 0.0409193 0.1559368 0.0395538 0.0600503 0.1209248 0.0550100 
Perityle_ajoensis_204                      0.0935409 0.0967518 0.0988777 0.1876991 0.1219104 0.1405128 0.1742305 0.2446274 0.1142882 0.1133839 0.0375627 0.0000000 0.0570788 0.0273583 0.0479674 0.0326878 0.1338384 0.1120829 0.0361329 0.0269056 0.0189427 0.3322112 0.0645529 0.2266959 0.0337044 0.0338011 0.0508213 0.1078838 0.1030993 0.1613794 0.0988133 0.1161624 0.1088427 0.0819072 0.1604313 0.1069221 0.0451258 0.1167107 0.0462750 0.0558129 0.0539975 0.1004136 0.0202465 0.1031888 0.1130724 0.0622143 0.0379503 0.0394499 0.1108199 0.0663595 0.0515701 0.0651778 0.0565335 0.0332933 0.1067132 0.0383139 0.0548032 0.0483334 0.0453257 0.1129997 0.1200932 0.1037396 0.0886259 0.0367677 0.1065173 0.0584491 0.1465343 0.1035996 0.0275033 0.0635234 0.1060281 0.0344750 0.0893526 0.0580959 0.1734604 0.1304417 0.1127203 0.0531258 0.0400648 0.1426065 0.0253729 0.0602388 0.1277363 0.0363113 
Perityle_ambrosiifolia_67_green            0.0843801 0.1140160 0.0991114 0.1910686 0.1180683 0.1468283 0.1924046 0.2390442 0.1239585 0.1264425 0.0641864 0.0570788 0.0000000 0.0450484 0.0763518 0.0293766 0.1391079 0.1158552 0.0676323 0.0550778 0.0287948 0.0970217 0.0509559 0.0684947 0.0578718 0.0610727 0.0403370 0.0975872 0.1244888 0.1560115 0.0918253 0.1246788 0.1349893 0.0901804 0.1829502 0.0762684 0.0478604 0.0780348 0.0769281 0.0509547 0.0494333 0.0726812 0.0653933 0.0726821 0.0867609 0.0503652 0.0310893 0.0435482 0.0859691 0.0917908 0.0571965 0.0825079 0.0812487 0.0387673 0.0910907 0.0448441 0.0703571 0.0416967 0.0403346 0.1082404 0.1391183 0.1096828 0.1026374 0.0652737 0.0991459 0.0779443 0.1432014 0.1236879 0.0588428 0.0495014 0.1139614 0.0294691 0.0260718 0.0497152 0.0552740 0.1420058 0.1088306 0.0449252 0.0690227 0.1541564 0.0609236 0.0583640 0.1315233 0.0423151 
Perityle_angustifolia_13_Eagle_creek       0.0794919 0.0900298 0.0840119 0.1616164 0.1012051 0.1214412 0.1593526 0.2071413 0.1031315 0.1117110 0.0422513 0.0273583 0.0450484 0.0000000 0.0453290 0.0197438 0.1173872 0.0829243 0.0272196 0.0310875 0.0160509 0.3607166 0.0355156 0.1671651 0.0306539 0.0306126 0.0339637 0.0919006 0.1011863 0.1463513 0.0732974 0.0959933 0.1062303 0.0609630 0.0796885 0.0667789 0.0313492 0.0596434 0.0495954 0.0355156 0.0371143 0.0592459 0.0287646 0.0628671 0.0840121 0.0514897 0.0256105 0.0322263 0.0685579 0.0716537 0.0465495 0.0699011 0.0503991 0.0264347 0.0828083 0.0282028 0.0610792 0.0255737 0.0255737 0.0955472 0.1345829 0.0905663 0.1027671 0.0321688 0.0936672 0.0486756 0.1420612 0.1001959 0.0146056 0.0355684 0.0931850 0.0239336 0.0255795 0.0431464 0.1750851 0.1101332 0.0865177 0.0421082 0.0389364 0.1226316 0.0355400 0.0412687 0.1185755 0.0390088 
Perityle_batopilensis_97                   0.0911730 0.0906943 0.1035939 0.1833664 0.1139005 0.1426253 0.1828808 0.2564691 0.1168306 0.1141318 0.0560602 0.0479674 0.0763518 0.0453290 0.0000000 0.0315591 0.1371859 0.1080245 0.0532724 0.0404976 0.0297526 0.3591853 0.0700710 0.2398072 0.0421860 0.0348799 0.0591493 0.1077682 0.1039171 0.1467392 0.1049162 0.1209296 0.1161710 0.0808592 0.1684462 0.0980285 0.0631479 0.1187968 0.0269507 0.0721288 0.0758267 0.0941019 0.0438323 0.0968314 0.1113733 0.0599290 0.0592069 0.0575130 0.1051453 0.0748547 0.0646894 0.0763814 0.0594615 0.0331322 0.1030059 0.0501232 0.0612451 0.0523020 0.0527411 0.1116335 0.1350582 0.1026639 0.1068876 0.0590309 0.1064036 0.0573876 0.1452370 0.1016833 0.0487231 0.0733841 0.1131670 0.0499593 0.1059809 0.0562946 0.1893501 0.1329908 0.1027461 0.0656087 0.0581376 0.1522393 0.0474226 0.0681427 0.1322219 0.0420769 
Perityle_bisetosa_9                        0.0914592 0.0743482 0.0880518 0.1635877 0.0839593 0.1278735 0.1452963 0.2836590 0.1028405 0.0762002 0.0366132 0.0326878 0.0293766 0.0197438 0.0315591 0.0000000 0.1087164 0.0688804 0.0297018 0.0276000 0.0184100 0.3522216 0.0374205 0.2890914 0.0277391 0.0293417 0.0337384 0.0856856 0.0891273 0.1462888 0.0980783 0.1076647 0.0893786 0.0461834 0.0955447 0.1055940 0.0253688 0.0967732 0.0255972 0.0305692 0.0460633 0.0873473 0.0308210 0.0936690 0.0966696 0.0258850 0.0325051 0.0242387 0.0913101 0.0656641 0.0426950 0.0639378 0.0361908 0.0154530 0.0753498 0.0351112 0.0472594 0.0341175 0.0324688 0.0860643 0.1269294 0.0709495 0.0634264 0.0425919 0.0837290 0.0394784 0.1200106 0.0783612 0.0275302 0.0390680 0.1111213 0.0183615 0.1027581 0.0226184 0.1738883 0.1163095 0.0862392 0.0314504 0.0478504 0.1188333 0.0360526 0.0321535 0.1108202 0.0330445 
Perityle_californica_76_positas            0.1264160 0.1000936 0.1437418 0.2049773 0.1194442 0.1475021 0.1914512 0.2800607 0.1236326 0.1209912 0.1332333 0.1338384 0.1391079 0.1173872 0.1371859 0.1087164 0.0000000 0.1141388 0.1461811 0.1351032 0.0960546 0.3099451 0.1341096 0.3468847 0.1338890 0.1312431 0.1258770 0.1528708 0.1225697 0.1718066 0.0753092 0.1260293 0.1193881 0.1409658 0.1692819 0.1162505 0.1275722 0.1451383 0.1311833 0.1371750 0.1371137 0.1145528 0.1385890 0.1174199 0.1346138 0.1372699 0.1229525 0.1376801 0.1199980 0.1391273 0.1288451 0.1303593 0.1419619 0.1213615 0.1351551 0.1333192 0.1547519 0.1286670 0.1286540 0.1617474 0.1256540 0.1339126 0.1711258 0.1430994 0.1525386 0.1468905 0.1464706 0.1262310 0.1359414 0.1354547 0.1256690 0.1200596 0.1710393 0.1361853 0.3039053 0.1508685 0.1090858 0.1450894 0.1512722 0.1701618 0.1379464 0.1424947 0.0846367 0.1273792 
Perityle_canescens_77                      0.1144612 0.0853480 0.1307314 0.1754173 0.1004994 0.1327227 0.1933089 0.2804818 0.1238504 0.1210058 0.1138345 0.1120829 0.1158552 0.0829243 0.1080245 0.0688804 0.1141388 0.0000000 0.1177359 0.1082333 0.0499979 0.2946891 0.1142078 0.3033158 0.1120844 0.1104787 0.1049143 0.1285001 0.1074775 0.1425120 0.1134023 0.1116408 0.1191276 0.1195463 0.1195642 0.0816467 0.0963748 0.0847977 0.1020811 0.1175138 0.1126849 0.0815959 0.1142956 0.0923664 0.0895995 0.1092832 0.0973227 0.1116719 0.0906838 0.1151414 0.0987679 0.1136178 0.1208926 0.0835805 0.1137785 0.0976080 0.0942336 0.1049793 0.1034388 0.1380023 0.1179582 0.1041823 0.1367580 0.1069620 0.1299061 0.1220581 0.1368387 0.1294526 0.1079503 0.1156894 0.1056124 0.0957344 0.1348773 0.1052608 0.2377817 0.1152488 0.0765332 0.1084853 0.1185077 0.1524909 0.1197000 0.1089184 0.1203147 0.0628891 
Perityle_castillonii_96                    0.1087500 0.1016055 0.1104765 0.2018571 0.1265880 0.1487801 0.1855172 0.2571092 0.1165507 0.1225787 0.0375613 0.0361329 0.0676323 0.0272196 0.0532724 0.0297018 0.1461811 0.1177359 0.0000000 0.0354619 0.0242755 0.3439120 0.0611371 0.2250990 0.0328181 0.0418394 0.0654589 0.1137906 0.1096740 0.1738845 0.1164762 0.1307540 0.1138178 0.0672225 0.1504172 0.1089782 0.0500340 0.1249463 0.0487606 0.0637051 0.0566965 0.1006687 0.0389505 0.1049597 0.1183573 0.0538413 0.0543314 0.0466268 0.1091134 0.0849630 0.0647572 0.0821455 0.0607384 0.0313932 0.1060215 0.0548279 0.0658279 0.0452691 0.0439759 0.1179899 0.1293689 0.1088628 0.0924655 0.0371074 0.1097371 0.0626934 0.1550030 0.1136618 0.0319948 0.0623344 0.1215379 0.0468866 0.0946956 0.0517838 0.1831300 0.1367976 0.1191082 0.0515886 0.0428811 0.1552343 0.0406305 0.0647232 0.1411412 0.0453053 
Perityle_cernua_84                         0.0976884 0.0938561 0.0958223 0.1767104 0.1151547 0.1325329 0.1736915 0.2375310 0.1129231 0.1015572 0.0373747 0.0269056 0.0550778 0.0310875 0.0404976 0.0276000 0.1351032 0.1082333 0.0354619 0.0000000 0.0137823 0.3439120 0.0649313 0.2242744 0.0323808 0.0356973 0.0514674 0.1077627 0.0969082 0.1561019 0.1063043 0.1202984 0.1050169 0.0562373 0.1457569 0.1067836 0.0474871 0.1131674 0.0422312 0.0555617 0.0537619 0.0999134 0.0251255 0.1028404 0.1093375 0.0558247 0.0368532 0.0372229 0.1091918 0.0674211 0.0511716 0.0644067 0.0561938 0.0268883 0.1091962 0.0433597 0.0589256 0.0466101 0.0444675 0.1182843 0.1226726 0.0945360 0.0879384 0.0300535 0.1088250 0.0595446 0.1311486 0.1018686 0.0289962 0.0660552 0.1071904 0.0331140 0.0892503 0.0537940 0.1818594 0.1215100 0.1051642 0.0467643 0.0356773 0.1484404 0.0279620 0.0588024 0.1299013 0.0243903 
Perityle_cfvillosa_25_tin                  0.0716362 0.0763440 0.0783770 0.1540214 0.0827823 0.1246158 0.1605033 0.2553204 0.0896885 0.0951138 0.0410577 0.0189427 0.0287948 0.0160509 0.0297526 0.0184100 0.0960546 0.0499979 0.0242755 0.0137823 0.0000000 0.3597240 0.0269880 0.2428992 0.0189563 0.0162420 0.0271698 0.0890639 0.0828122 0.1800170 0.0602650 0.0812850 0.0926827 0.0384782 0.0687643 0.0693217 0.0280788 0.0501430 0.0300831 0.0269880 0.0269463 0.0594520 0.0133369 0.0594520 0.0786768 0.0194356 0.0160526 0.0162218 0.0691572 0.0532148 0.0188280 0.0503572 0.0353514 0.0134851 0.0698467 0.0243224 0.0428978 0.0026511 0.0026511 0.0889887 0.1290889 0.0716487 0.1030226 0.0270590 0.0953737 0.0380594 0.1294800 0.1077572 0.0166120 0.0269880 0.0794557 0.0160335 0.0160335 0.0166307 0.2348981 0.1037833 0.0563123 0.0160704 0.0272683 0.1255277 0.0189563 0.0364548 0.0949480 0.0281524 
Perityle_cinerea_113_Powell1310            0.3231286 0.3216635 0.3329562 0.4007040 0.3377717 0.4210507 0.4034128 0.3839867 0.3125285 0.4096336 0.3518765 0.3322112 0.0970217 0.3607166 0.3591853 0.3522216 0.3099451 0.2946891 0.3439120 0.3439120 0.3597240 0.0000000 0.3490722 0.3119494 0.3316797 0.3526546 0.3288488 0.3051406 0.3215101 0.0000010 0.3110478 0.3117813 0.4023386 0.3531625 0.3231286 0.2963012 0.3527810 0.2946891 0.2947747 0.3490722 0.3600047 0.2862722 0.3356437 0.2862722 0.3015225 0.3439120 0.3342891 0.3391202 0.2936754 0.3637710 0.3453370 0.3562086 0.3439120 0.3588200 0.3051406 0.3288488 0.0926581 0.3513190 0.3513190 0.3051406 0.0545273 0.2973789 0.1147244 0.3508166 0.3051406 0.3513190 0.1937333 0.3941654 0.3455160 0.3490722 0.3227574 0.3356634 0.3356634 0.3439120 0.2660140 0.4228307 0.2957446 0.3342891 0.3675040 0.3879621 0.3316797 0.3308596 0.3292467 0.1154393 
Perityle_coahuilensis_24                   0.0940585 0.1014088 0.1148222 0.1983071 0.1019795 0.1398343 0.1872819 0.2582464 0.1312098 0.1195498 0.0651209 0.0645529 0.0509559 0.0355156 0.0700710 0.0374205 0.1341096 0.1142078 0.0611371 0.0649313 0.0269880 0.3490722 0.0000000 0.2380431 0.0479889 0.0639886 0.0486583 0.0987037 0.1109252 0.1553233 0.1066772 0.1372585 0.1185214 0.0804382 0.1753171 0.0965402 0.0484438 0.1072530 0.0765674 0.0112843 0.0290590 0.0902500 0.0622632 0.0953044 0.1034353 0.0567068 0.0455208 0.0388277 0.1007723 0.0849730 0.0648271 0.0785315 0.0749735 0.0380801 0.0928563 0.0563744 0.0701949 0.0302219 0.0311299 0.0978183 0.1180961 0.1010663 0.1066765 0.0701444 0.0985513 0.0769588 0.1371222 0.1129443 0.0604326 0.0039326 0.1236575 0.0328211 0.0843538 0.0552844 0.1921713 0.1313436 0.1183088 0.0454519 0.0757653 0.1549216 0.0681562 0.0602900 0.1223072 0.0515459 
Perityle_cochisensis_44_cave_creek         0.2887194 0.2841160 0.2908527 0.3485123 0.2131231 0.3221209 0.4142372 0.4047036 0.3268634 0.2811278 0.1788601 0.2266959 0.0684947 0.1671651 0.2398072 0.2890914 0.3468847 0.3033158 0.2250990 0.2242744 0.2428992 0.3119494 0.2380431 0.0000000 0.2169521 0.2248570 0.2287719 0.3222971 0.2901922 0.1687990 0.2957258 0.3367983 0.3180543 0.2510052 0.2894448 0.2892646 0.1895542 0.3022802 0.1385846 0.2005059 0.2381599 0.2760440 0.2224364 0.2760813 0.3144314 0.2546156 0.2222828 0.2221661 0.2841561 0.2869969 0.2544251 0.2890737 0.2056450 0.1463706 0.3196833 0.2098495 0.0610572 0.2178407 0.2160171 0.3394312 0.2407787 0.2909133 0.1154660 0.2249943 0.3208368 0.2469737 0.1692726 0.2341007 0.2316537 0.2383797 0.3293956 0.2216718 0.1946806 0.2526800 0.2133996 0.3083436 0.3029301 0.2308897 0.2318162 0.3572350 0.2275010 0.2463548 0.3193527 0.0420374 
Perityle_congesta_202                      0.1019725 0.0950161 0.1036544 0.1922606 0.1220461 0.1393229 0.1782504 0.2495441 0.1194076 0.1047666 0.0370518 0.0337044 0.0578718 0.0306539 0.0421860 0.0277391 0.1338890 0.1120844 0.0328181 0.0323808 0.0189563 0.3316797 0.0479889 0.2169521 0.0000000 0.0334525 0.0514066 0.1054348 0.1011668 0.1660576 0.1001810 0.1270591 0.1090021 0.0812166 0.1745558 0.1020510 0.0461517 0.1128713 0.0493108 0.0564578 0.0641892 0.0956636 0.0259698 0.0983793 0.1104440 0.0561504 0.0491252 0.0282278 0.1068675 0.0818407 0.0630838 0.0780090 0.0558412 0.0281868 0.1007268 0.0428853 0.0570821 0.0281740 0.0271881 0.1080827 0.1200402 0.1023343 0.0982358 0.0395265 0.1040912 0.0567657 0.1446790 0.1050390 0.0372774 0.0469721 0.1130751 0.0383942 0.0895789 0.0525183 0.1711255 0.1343242 0.1065804 0.0459135 0.0438258 0.1471356 0.0219992 0.0584580 0.1275944 0.0394677 
Perityle_cordifolia_27                     0.0878617 0.0947201 0.0942418 0.1825491 0.1166924 0.1362697 0.1784853 0.2418632 0.1089365 0.1047588 0.0396639 0.0338011 0.0610727 0.0306126 0.0348799 0.0293417 0.1312431 0.1104787 0.0418394 0.0356973 0.0162420 0.3526546 0.0639886 0.2248570 0.0334525 0.0000000 0.0480038 0.1019558 0.1028790 0.1466372 0.1013915 0.1185857 0.1075058 0.0779245 0.1626789 0.0983257 0.0461394 0.1127801 0.0390029 0.0589679 0.0643105 0.0896019 0.0329133 0.0922788 0.1066527 0.0550957 0.0449345 0.0391642 0.1027685 0.0728046 0.0565441 0.0690406 0.0393379 0.0248364 0.0957691 0.0413275 0.0546018 0.0449858 0.0438129 0.1092143 0.1311897 0.0980672 0.0991214 0.0479262 0.1017548 0.0388207 0.1406841 0.0935057 0.0405246 0.0640492 0.1116034 0.0373386 0.0937705 0.0503379 0.1804211 0.1248404 0.1041525 0.0514838 0.0490936 0.1465592 0.0344784 0.0573677 0.1247916 0.0331966 
Perityle_cordifolia_68_tecolote            0.0790539 0.0981182 0.0899621 0.1909141 0.1022737 0.1432954 0.1748176 0.2387577 0.1184637 0.1056038 0.0563993 0.0508213 0.0403370 0.0339637 0.0591493 0.0337384 0.1258770 0.1049143 0.0654589 0.0514674 0.0271698 0.3288488 0.0486583 0.2287719 0.0514066 0.0480038 0.0000000 0.0907968 0.1058236 0.1560806 0.0818552 0.1169479 0.1276456 0.0785983 0.1551886 0.0720815 0.0432968 0.0904509 0.0677081 0.0503420 0.0464470 0.0668184 0.0518563 0.0669420 0.0797338 0.0505037 0.0306141 0.0432246 0.0798294 0.0776233 0.0533160 0.0692166 0.0661614 0.0314572 0.0836927 0.0129697 0.0543830 0.0418081 0.0407918 0.0945509 0.1243316 0.0912376 0.1073963 0.0639235 0.0906059 0.0642126 0.1396432 0.1004131 0.0541420 0.0475568 0.1084242 0.0294478 0.0764790 0.0441414 0.1735913 0.1247869 0.1024963 0.0511578 0.0653865 0.1487121 0.0524861 0.0493220 0.1201705 0.0361742 
Perityle_coronopifolia_28_patagonia        0.1143358 0.1133195 0.1312456 0.2066084 0.1166022 0.1529781 0.1861208 0.2654560 0.1407777 0.1270954 0.1060567 0.1078838 0.0975872 0.0919006 0.1077682 0.0856856 0.1528708 0.1285001 0.1137906 0.1077627 0.0890639 0.3051406 0.0987037 0.3222971 0.1054348 0.1019558 0.0907968 0.0000000 0.1248453 0.2005381 0.1229890 0.1526037 0.1323063 0.1189312 0.1934487 0.1191676 0.0965202 0.1136926 0.1247194 0.0958642 0.0969037 0.1151975 0.1105781 0.1180373 0.1244272 0.0982951 0.0873014 0.0936693 0.1286167 0.1026517 0.0920353 0.0958578 0.1152041 0.0908368 0.0610548 0.0993106 0.1167049 0.0983481 0.0952873 0.0346859 0.0182634 0.1098200 0.1846564 0.1098153 0.0113248 0.1137753 0.1659666 0.1166991 0.1091757 0.1033422 0.1461869 0.0752413 0.1420101 0.0972923 0.2636161 0.1538307 0.1299323 0.0927102 0.1115032 0.0396034 0.1089845 0.1011694 0.1233966 0.1067946 
Perityle_crassifolia_70_ventanas           0.0930317 0.0641577 0.1056772 0.1613751 0.1005048 0.1184934 0.1668766 0.2540334 0.0591527 0.1027642 0.1091312 0.1030993 0.1244888 0.1011863 0.1039171 0.0891273 0.1225697 0.1074775 0.1096740 0.0969082 0.0828122 0.3215101 0.1109252 0.2901922 0.1011668 0.1028790 0.1058236 0.1248453 0.0000000 0.0758883 0.0996205 0.0962285 0.0609330 0.1061807 0.0932591 0.1146255 0.1095122 0.1227461 0.1109096 0.1074867 0.1090857 0.1088606 0.1075444 0.1161969 0.1167445 0.1072379 0.1003795 0.1079428 0.1198311 0.1003005 0.0982567 0.0985637 0.1218794 0.1004263 0.1264487 0.1026400 0.1221514 0.1023163 0.1023163 0.1284807 0.1406700 0.0971338 0.1832206 0.1042895 0.1228585 0.1180256 0.1205888 0.1085120 0.1001201 0.1109252 0.0171745 0.0949480 0.1364210 0.1044190 0.2772025 0.1098302 0.1217316 0.1167989 0.1157903 0.1526413 0.1099137 0.1101991 0.1044432 0.1195721 
Perityle_crassifolia_74_playa_balandra     0.1967812 0.1044274 0.1797528 0.2254771 0.1240398 0.1690075 0.2652534 0.2958526 0.0480348 0.1176668 0.1745068 0.1613794 0.1560115 0.1463513 0.1467392 0.1462888 0.1718066 0.1425120 0.1738845 0.1561019 0.1800170 0.0000010 0.1553233 0.1687990 0.1660576 0.1466372 0.1560806 0.2005381 0.0758883 0.0000000 0.1587882 0.1240833 0.0405408 0.1849139 0.1877317 0.1446550 0.1509443 0.1719072 0.1554265 0.1553233 0.1595543 0.1400695 0.1728967 0.1442774 0.1598392 0.1561813 0.1422647 0.1786935 0.1538902 0.1608397 0.1608742 0.1608397 0.1768503 0.1339273 0.1936264 0.1559048 0.1524393 0.1602139 0.1557327 0.2143921 0.6582206 0.1356610 0.2650167 0.1515908 0.2005381 0.1673062 0.1448432 0.1585368 0.1515112 0.1553233 0.0675146 0.1374634 0.1374634 0.1429832 0.1779240 0.1452112 0.1464445 0.1653835 0.1743927 0.2667842 0.1787830 0.1742432 0.1563832 0.1733148 
Perityle_cuneata_34_cuneata_San_antonio    0.0953979 0.0764928 0.1022598 0.1672948 0.1067394 0.1242169 0.1669118 0.2401328 0.1136829 0.0918380 0.0796432 0.0988133 0.0918253 0.0732974 0.1049162 0.0980783 0.0753092 0.1134023 0.1164762 0.1063043 0.0602650 0.3110478 0.1066772 0.2957258 0.1001810 0.1013915 0.0818552 0.1229890 0.0996205 0.1587882 0.0000000 0.1170746 0.0988919 0.1204407 0.1560271 0.1082426 0.0854791 0.1130582 0.0904702 0.0892282 0.1072553 0.1038996 0.1034765 0.1052072 0.1108477 0.1115971 0.0897360 0.0852291 0.1152249 0.1226509 0.1051654 0.1104367 0.0983424 0.0756847 0.1240188 0.0790615 0.0909524 0.1045276 0.0994130 0.1286030 0.1092648 0.1288021 0.1587370 0.1146936 0.1215113 0.1203082 0.1167268 0.0946347 0.1078231 0.1078763 0.1199219 0.0807254 0.1107597 0.1093775 0.2230216 0.1200289 0.1002219 0.0972910 0.1153588 0.1077150 0.0989110 0.1083037 0.0978715 0.0749179 
Perityle_cuneata_4                         0.1147300 0.0695220 0.1140060 0.1823037 0.1120393 0.1428777 0.1795192 0.2817885 0.1110024 0.1009127 0.1082028 0.1161624 0.1246788 0.0959933 0.1209296 0.1076647 0.1260293 0.1116408 0.1307540 0.1202984 0.0812850 0.3117813 0.1372585 0.3367983 0.1270591 0.1185857 0.1169479 0.1526037 0.0962285 0.1240833 0.1170746 0.0000000 0.1089704 0.1527606 0.1887505 0.1280476 0.1031347 0.1388534 0.1039468 0.1193442 0.1281095 0.1224466 0.1278195 0.1278102 0.1292310 0.1287671 0.1146259 0.1213390 0.1351578 0.1168108 0.1064440 0.1094674 0.1226314 0.0949852 0.1464434 0.1169496 0.1095189 0.1334188 0.1254352 0.1590120 0.1567703 0.1323105 0.1668437 0.1180194 0.1535880 0.1295322 0.1097234 0.1095258 0.1191627 0.1372585 0.1006407 0.1065831 0.1659727 0.1230845 0.2595876 0.1172871 0.1077176 0.1208242 0.1247358 0.1633132 0.1208910 0.1307293 0.1070500 0.0989439 
Perityle_discoidea_81                      0.0854564 0.0725028 0.0912952 0.2036904 0.1118275 0.1424082 0.1972625 0.2668070 0.0095215 0.1157647 0.1099791 0.1088427 0.1349893 0.1062303 0.1161710 0.0893786 0.1193881 0.1191276 0.1138178 0.1050169 0.0926827 0.4023386 0.1185214 0.3180543 0.1090021 0.1075058 0.1276456 0.1323063 0.0609330 0.0405408 0.0988919 0.1089704 0.0000000 0.1193622 0.1223999 0.1120842 0.1178749 0.1347299 0.1223305 0.1176326 0.1172181 0.1102746 0.1115521 0.1163233 0.1219370 0.1179653 0.1054253 0.1181397 0.1194231 0.1133836 0.1055879 0.1071603 0.1226245 0.1056411 0.1245910 0.1242144 0.1292850 0.1112532 0.1109518 0.1366350 0.1372999 0.1158485 0.1943087 0.1217458 0.1277926 0.1235920 0.1466520 0.1313789 0.1086976 0.1199527 0.0721868 0.1025218 0.1605008 0.1186200 0.2774519 0.1350835 0.1204154 0.1234338 0.1224703 0.1669640 0.1155495 0.1193931 0.1153917 0.1319851 
Perityle_dissecta_201                      0.1143511 0.0949068 0.1335018 0.2029365 0.0992113 0.1460722 0.1948044 0.2565180 0.1231289 0.1436022 0.0860212 0.0819072 0.0901804 0.0609630 0.0808592 0.0461834 0.1409658 0.1195463 0.0672225 0.0562373 0.0384782 0.3531625 0.0804382 0.2510052 0.0812166 0.0779245 0.0785983 0.1189312 0.1061807 0.1849139 0.1204407 0.1527606 0.1193622 0.0000000 0.1715221 0.1298998 0.0842952 0.1390516 0.0770779 0.0839720 0.0818271 0.1193692 0.0712306 0.1222469 0.1243761 0.0604873 0.0706774 0.0748503 0.1065315 0.0726012 0.0832270 0.0928621 0.0988004 0.0400911 0.1182994 0.0661763 0.0825202 0.0484111 0.0664325 0.1241296 0.1356504 0.0934269 0.1372842 0.0931098 0.1187431 0.0901448 0.1320784 0.1383942 0.0618857 0.0804904 0.1173692 0.0644287 0.0945540 0.0613739 0.2154032 0.1302969 0.1449888 0.0760997 0.0966793 0.1671434 0.0911877 0.0857601 0.1555153 0.0615177 
Perityle_emoryi_47_punta_san_jose          0.0875424 0.0719986 0.1208851 0.1671792 0.1608479 0.1270516 0.1745676 0.3087903 0.1260807 0.2072758 0.1732321 0.1604313 0.1829502 0.0796885 0.1684462 0.0955447 0.1692819 0.1195642 0.1504172 0.1457569 0.0687643 0.3231286 0.1753171 0.2894448 0.1745558 0.1626789 0.1551886 0.1934487 0.0932591 0.1877317 0.1560271 0.1887505 0.1223999 0.1715221 0.0000000 0.1917405 0.1651729 0.1958553 0.1667579 0.1620920 0.1659150 0.1852152 0.1057256 0.1871095 0.1793324 0.1666195 0.1497923 0.1436338 0.1514479 0.1053611 0.1647114 0.1713380 0.1787364 0.0670056 0.2023055 0.0904657 0.0849438 0.1332717 0.1623280 0.2047872 0.1416348 0.1205679 0.1547392 0.1803033 0.1903519 0.1797584 0.2061651 0.1977040 0.1577017 0.1753171 0.1135507 0.1414667 0.1656474 0.1610262 0.2330499 0.1289614 0.2041735 0.1532651 0.1840358 0.1481143 0.1667185 0.1607781 0.2113791 0.0810404 
Perityle_feddemae_99                       0.1088349 0.0976004 0.1274967 0.1793421 0.0993212 0.1321479 0.1938100 0.2358448 0.1305130 0.1110549 0.0828715 0.1069221 0.0762684 0.0667789 0.0980285 0.1055940 0.1162505 0.0816467 0.1089782 0.1067836 0.0693217 0.2963012 0.0965402 0.2892646 0.1020510 0.0983257 0.0720815 0.1191676 0.1146255 0.1446550 0.1082426 0.1280476 0.1120842 0.1298998 0.1917405 0.0000000 0.0716915 0.0729901 0.0818928 0.0833974 0.1006548 0.0181809 0.1137776 0.0291580 0.0621629 0.0961439 0.0881692 0.0834944 0.0246854 0.1115701 0.0906786 0.0996196 0.0921010 0.0631071 0.1041371 0.0810414 0.0831900 0.0983835 0.0940172 0.1246970 0.1178704 0.0913826 0.1345124 0.1102758 0.1178846 0.1098836 0.1376128 0.0985868 0.1046014 0.0989322 0.1328742 0.0684251 0.0985705 0.0961826 0.2362987 0.1233940 0.0820818 0.0851555 0.1092441 0.1428298 0.1093724 0.1057541 0.1289189 0.0745692 
Perityle_fosteri_93                        0.0813534 0.0974227 0.0907876 0.1649249 0.1063039 0.1281788 0.1748785 0.2060201 0.1110686 0.1025570 0.0528696 0.0451258 0.0478604 0.0313492 0.0631479 0.0253688 0.1275722 0.0963748 0.0500340 0.0474871 0.0280788 0.3527810 0.0484438 0.1895542 0.0461517 0.0461394 0.0432968 0.0965202 0.1095122 0.1509443 0.0854791 0.1031347 0.1178749 0.0842952 0.1651729 0.0716915 0.0000000 0.0787453 0.0672903 0.0458520 0.0432119 0.0672710 0.0485423 0.0673530 0.0803002 0.0497743 0.0341359 0.0407885 0.0783898 0.0738344 0.0509528 0.0679709 0.0644952 0.0426740 0.0883915 0.0390373 0.0658814 0.0386491 0.0367009 0.1025392 0.1461803 0.0921841 0.1104405 0.0512160 0.0978605 0.0617581 0.1353119 0.1059110 0.0357168 0.0458328 0.1029584 0.0314595 0.0512534 0.0423270 0.1855779 0.1148717 0.0973433 0.0472377 0.0594935 0.1448145 0.0473523 0.0477343 0.1222788 0.0435972 
Perityle_gamon_221                         0.1144862 0.1077934 0.1304982 0.1918739 0.1184954 0.1357799 0.1939606 0.2659452 0.1460686 0.1192116 0.0984233 0.1167107 0.0780348 0.0596434 0.1187968 0.0967732 0.1451383 0.0847977 0.1249463 0.1131674 0.0501430 0.2946891 0.1072530 0.3022802 0.1128713 0.1127801 0.0904509 0.1136926 0.1227461 0.1719072 0.1130582 0.1388534 0.1347299 0.1390516 0.1958553 0.0729901 0.0787453 0.0000000 0.0968665 0.1000627 0.1114116 0.0692534 0.1204767 0.0717980 0.0635763 0.1129372 0.0966143 0.0985025 0.0788665 0.1302557 0.1040589 0.1182406 0.1073270 0.0651527 0.1022481 0.0936213 0.0800690 0.1099844 0.1059162 0.1176432 0.1242898 0.1233178 0.1267550 0.1198046 0.1146105 0.1188780 0.1484661 0.1134420 0.1133393 0.1084626 0.1393723 0.0843750 0.1155532 0.1082330 0.2116314 0.1418236 0.0821671 0.0977235 0.1228063 0.1124843 0.1201240 0.1138474 0.1488151 0.0423334 
Perityle_gentryi_8_san_francisco           0.0928941 0.0887554 0.1035990 0.1634347 0.1124823 0.1383563 0.1852188 0.2218537 0.1161414 0.1161142 0.0616172 0.0462750 0.0769281 0.0495954 0.0269507 0.0255972 0.1311833 0.1020811 0.0487606 0.0422312 0.0300831 0.2947747 0.0765674 0.1385846 0.0493108 0.0390029 0.0677081 0.1247194 0.1109096 0.1554265 0.0904702 0.1039468 0.1223305 0.0770779 0.1667579 0.0818928 0.0672903 0.0968665 0.0000000 0.0750111 0.0734025 0.0783976 0.0505265 0.0783986 0.0988128 0.0655203 0.0613486 0.0630220 0.0908683 0.0846083 0.0643040 0.0823322 0.0705241 0.0406063 0.1101810 0.0555248 0.0778752 0.0603978 0.0597413 0.1318718 0.1245584 0.1124003 0.0989000 0.0579990 0.1262962 0.0689287 0.1432883 0.1092696 0.0490192 0.0766706 0.1014976 0.0551174 0.0566777 0.0612765 0.1576536 0.1257105 0.0942005 0.0706156 0.0598725 0.1570309 0.0507421 0.0766835 0.1298373 0.0519725 
Perityle_gilensis_22_Superstition          0.0745104 0.0961865 0.0967551 0.1968784 0.1019795 0.1430981 0.1963582 0.2434256 0.1108146 0.1167494 0.0625596 0.0558129 0.0509547 0.0355156 0.0721288 0.0305692 0.1371750 0.1175138 0.0637051 0.0555617 0.0269880 0.3490722 0.0112843 0.2005059 0.0564578 0.0589679 0.0503420 0.0958642 0.1074867 0.1553233 0.0892282 0.1193442 0.1176326 0.0839720 0.1620920 0.0833974 0.0458520 0.1000627 0.0750111 0.0000000 0.0215909 0.0791405 0.0548401 0.0791871 0.0969887 0.0616976 0.0321429 0.0476862 0.0915963 0.0749669 0.0523580 0.0715665 0.0724086 0.0380801 0.0917546 0.0549418 0.0701949 0.0402243 0.0404696 0.1013866 0.1180961 0.1077612 0.1076824 0.0684086 0.0971184 0.0762820 0.1351013 0.1129426 0.0545894 0.0158535 0.1109615 0.0297771 0.0815629 0.0588699 0.1904684 0.1243336 0.1198181 0.0499925 0.0736596 0.1527052 0.0600169 0.0608069 0.1209128 0.0515459 
Perityle_gilensis_salensis_225             0.0922311 0.0977970 0.1095130 0.1962198 0.0967782 0.1412021 0.1849365 0.2548558 0.1254714 0.1138732 0.0599337 0.0539975 0.0494333 0.0371143 0.0758267 0.0460633 0.1371137 0.1126849 0.0566965 0.0537619 0.0269463 0.3600047 0.0290590 0.2381599 0.0641892 0.0643105 0.0464470 0.0969037 0.1090857 0.1595543 0.1072553 0.1281095 0.1172181 0.0818271 0.1659150 0.1006548 0.0432119 0.1114116 0.0734025 0.0215909 0.0000000 0.0931226 0.0564950 0.0945968 0.1076025 0.0558729 0.0384617 0.0486514 0.1052670 0.0725314 0.0531331 0.0644226 0.0736712 0.0380435 0.0908839 0.0563675 0.0724499 0.0504635 0.0499818 0.1006802 0.1180961 0.0982390 0.1113280 0.0564446 0.0944519 0.0740550 0.1352305 0.1129267 0.0505778 0.0270497 0.1228683 0.0361044 0.0843348 0.0533478 0.2049446 0.1313320 0.1249699 0.0433508 0.0619522 0.1525690 0.0608803 0.0627391 0.1222886 0.0546451 
Perityle_glaucescens_94                    0.1008913 0.0919292 0.1167818 0.1717446 0.1009471 0.1240891 0.1794612 0.2335942 0.1244913 0.1078267 0.0784677 0.1004136 0.0726812 0.0592459 0.0941019 0.0873473 0.1145528 0.0815959 0.1006687 0.0999134 0.0594520 0.2862722 0.0902500 0.2760440 0.0956636 0.0896019 0.0668184 0.1151975 0.1088606 0.1400695 0.1038996 0.1224466 0.1102746 0.1193692 0.1852152 0.0181809 0.0672710 0.0692534 0.0783976 0.0791405 0.0931226 0.0000000 0.1050533 0.0192487 0.0573122 0.0898089 0.0819658 0.0783663 0.0104498 0.1054329 0.0880099 0.0955958 0.0876712 0.0553817 0.0929740 0.0721034 0.0728797 0.0902981 0.0877612 0.1155872 0.1067546 0.0867554 0.1289207 0.1038185 0.1113354 0.1022678 0.1327242 0.0921882 0.0978874 0.0926180 0.1231158 0.0646879 0.0921746 0.0873600 0.2244106 0.1190665 0.0736730 0.0825582 0.1066161 0.1307313 0.1029083 0.0955905 0.1285831 0.0634779 
Perityle_gracilis_11                       0.0984949 0.0994592 0.1057104 0.1866863 0.1295985 0.1363214 0.1750203 0.2692493 0.1201969 0.1190924 0.0383771 0.0202465 0.0653933 0.0287646 0.0438323 0.0308210 0.1385890 0.1142956 0.0389505 0.0251255 0.0133369 0.3356437 0.0622632 0.2224364 0.0259698 0.0329133 0.0518563 0.1105781 0.1075444 0.1728967 0.1034765 0.1278195 0.1115521 0.0712306 0.1057256 0.1137776 0.0485423 0.1204767 0.0505265 0.0548401 0.0564950 0.1050533 0.0000000 0.1095587 0.1164406 0.0693639 0.0375077 0.0283283 0.1120474 0.0685427 0.0538628 0.0678178 0.0540394 0.0296050 0.1121648 0.0395322 0.0610256 0.0444183 0.0432568 0.1217196 0.1236338 0.0996866 0.0968943 0.0373370 0.1090432 0.0590240 0.1596351 0.1093451 0.0285832 0.0635070 0.1083118 0.0336432 0.0974850 0.0647839 0.1792594 0.1293692 0.1214255 0.0517591 0.0386492 0.1390286 0.0111663 0.0635432 0.1417109 0.0327752 
Perityle_harkerae_31                       0.1023743 0.0991181 0.1195521 0.1714483 0.1027287 0.1290716 0.1858469 0.2356545 0.1274747 0.1094808 0.0785623 0.1031888 0.0726821 0.0628671 0.0968314 0.0936690 0.1174199 0.0923664 0.1049597 0.1028404 0.0594520 0.2862722 0.0953044 0.2760813 0.0983793 0.0922788 0.0669420 0.1180373 0.1161969 0.1442774 0.1052072 0.1278102 0.1163233 0.1222469 0.1871095 0.0291580 0.0673530 0.0717980 0.0783986 0.0791871 0.0945968 0.0192487 0.1095587 0.0000000 0.0644915 0.0924927 0.0845810 0.0809992 0.0234788 0.1100722 0.0882893 0.0983426 0.0906713 0.0572233 0.0980636 0.0738308 0.0753007 0.0944543 0.0904082 0.1184382 0.1067546 0.0928079 0.1348747 0.1065772 0.1141464 0.1074853 0.1327660 0.0951451 0.1007455 0.0976925 0.1310234 0.0660306 0.0938130 0.0900624 0.2325738 0.1191992 0.0832663 0.0852292 0.1094012 0.1422890 0.1056688 0.0995811 0.1302016 0.0670985 
Perityle_hofmeisteria_4_nombre_de_dios     0.1008063 0.1146603 0.1208624 0.1824014 0.1161237 0.1276456 0.1822716 0.2577880 0.1382737 0.1210389 0.1005514 0.1130724 0.0867609 0.0840121 0.1113733 0.0966696 0.1346138 0.0895995 0.1183573 0.1093375 0.0786768 0.3015225 0.1034353 0.3144314 0.1104440 0.1066527 0.0797338 0.1244272 0.1167445 0.1598392 0.1108477 0.1292310 0.1219370 0.1243761 0.1793324 0.0621629 0.0803002 0.0635763 0.0988128 0.0969887 0.1076025 0.0573122 0.1164406 0.0644915 0.0000000 0.1006952 0.0891102 0.0858951 0.0670174 0.1209998 0.1004841 0.1088208 0.1052033 0.0766808 0.1065233 0.0900185 0.1011856 0.1021041 0.0986098 0.1285300 0.1407164 0.1123155 0.1558958 0.1174205 0.1192103 0.1121422 0.1472774 0.1159053 0.1082759 0.1058378 0.1314557 0.0791060 0.1111362 0.0983483 0.2362306 0.1326151 0.0881315 0.0850034 0.1203091 0.1513175 0.1153632 0.1092419 0.1472220 0.0736156 
