84
Amauria_brandeegeana_62                    0.0000000 0.2587238 0.0901655 0.3080644 0.2464806 0.2446146 0.2141014 0.3874282 0.0774897 0.2187634 0.2197994 0.2454371 0.2320316 0.2322137 0.2288061 0.2664931 0.2081284 0.3925830 0.2468328 0.2602413 0.2466926 0.2346787 0.2123197 0.2447788 0.1901656 0.1831422 0.4048629 0.1772839 0.1542391 0.2861085 0.2455151 0.0868360 0.2269714 0.1255268 0.2625410 0.2644198 0.2066571 0.2374157 0.2384947 0.2442832 0.2796142 0.2343962 0.2400110 0.3061809 0.2468875 0.2429106 0.2469102 0.2619900 0.2471624 0.2488697 0.2346163 0.1988567 0.1638165 0.1860855 0.1459207 0.1156492 0.2387125 0.2361649 0.2022719 0.1867099 0.2175933 0.1125012 0.2574014 0.3771706 0.2028308 0.2660650 0.2544655 0.1436689 0.2138989 0.2346787 0.1840150 0.2286456 0.1705007 0.2439199 0.1346021 0.2246012 0.2347880 0.2574928 0.1060443 0.1583139 0.2509768 0.1777995 0.2370411 0.2040627 
Amauria_carterae_99_mesa                   0.2587238 0.0000000 0.3366163 0.4515184 0.3791537 0.5358719 0.3578378 0.6805698 0.3654364 0.4270590 0.3986909 0.3767830 0.3923281 0.4054112 0.3980020 0.3817695 0.2725320 0.4106557 0.3735370 0.3907079 0.4101206 0.3813127 0.3845515 0.4019637 0.4041659 0.4195016 0.5416192 0.2486331 0.2136982 0.4607731 0.4039949 0.3654364 0.4035431 0.3850852 0.4821818 0.3951164 0.4504793 0.4010043 0.3844414 0.3995945 0.4462052 0.3681627 0.3611021 0.4914556 0.3986053 0.4083595 0.4040555 0.4712142 0.4003021 0.4024412 0.4034564 0.4090409 0.4034441 0.4206627 0.2833391 0.3779340 0.3830278 0.4116463 0.4536596 0.2699891 0.4654478 0.1926432 0.3904411 0.5380446 0.4050641 0.3926371 0.4182920 0.2395983 0.4023039 0.3813127 0.4036944 0.3909190 0.3979097 0.4174914 0.3316801 0.4042534 0.4682232 0.3903620 0.1155477 0.3445833 0.3905989 0.3850852 0.2148456 0.2742724 
Amauria_rotundifolia_SRR9119150            0.0901655 0.3366163 0.0000000 0.2151338 0.2752478 0.2637182 0.2139738 0.4708041 0.0754693 0.3447723 0.2959256 0.2498196 0.2900406 0.3074017 0.1652191 0.2995095 0.2191218 0.3289853 0.2655760 0.2994962 0.2809946 0.2788109 0.2305515 0.3021962 0.2738213 0.2867893 0.4984626 0.1168705 0.1219995 0.4438571 0.1776627 0.0637745 0.2756896 0.2707355 0.1567386 0.3050373 0.2794810 0.1698401 0.2934807 0.2806268 0.1651087 0.1953959 0.1649867 0.3550200 0.3071559 0.2961173 0.3016197 0.1684952 0.2953123 0.3088394 0.3079086 0.2638577 0.2909923 0.2585747 0.1120380 0.2421958 0.2466591 0.3037997 0.2693383 0.1669843 0.2963372 0.0977451 0.2888839 0.4889166 0.2938887 0.3249960 0.3241207 0.1389306 0.2585154 0.2788109 0.3134826 0.3042126 0.2833005 0.3092153 0.1464644 0.3211818 0.1915485 0.3081115 0.1058385 0.1499014 0.3059713 0.2707355 0.1993397 0.1253804 
Conoclinium_coelestinum_SRR9119114         0.3080644 0.4515184 0.2151338 0.0000000 0.3382167 0.1768837 0.2502230 0.4044472 0.2161259 0.3352850 0.3312630 0.3091766 0.3171682 0.2787464 0.3418067 0.2984863 0.3110697 0.4382923 0.3133121 0.3522236 0.3606303 0.3534016 0.2863237 0.3672842 0.3725613 0.2942767 0.5624941 0.3232588 0.2878569 0.3606219 0.3558273 0.2740857 0.3534550 0.2238564 0.3514355 0.3079661 0.3650692 0.3573703 0.3562163 0.3671888 0.3591626 0.3097287 0.3393479 0.4537812 0.3440850 0.3756842 0.3722476 0.3657313 0.3480257 0.3287245 0.3238277 0.3280324 0.2052950 0.2783037 0.2049596 0.2074198 0.3584388 0.3641795 0.2844668 0.2734613 0.3046738 0.1978464 0.3500315 0.5039340 0.3551237 0.3520557 0.3626788 0.2295586 0.2866774 0.3534016 0.2960872 0.3439339 0.2285124 0.3234103 0.1750936 0.3237199 0.3628961 0.3642829 0.1820831 0.2603514 0.3624511 0.3215366 0.3314721 0.3858822 
Eutetras_palmeri_63                        0.2464806 0.3791537 0.2752478 0.3382167 0.0000000 0.3422516 0.2028259 0.4679300 0.2588220 0.2064933 0.2426409 0.2176624 0.2127305 0.1970100 0.3363316 0.2284271 0.2934360 0.3738363 0.2203213 0.2347366 0.2440135 0.2331769 0.2573699 0.2486151 0.2483696 0.2172345 0.4919359 0.2379853 0.1572405 0.4632787 0.4234078 0.2949059 0.2437946 0.1621812 0.4113465 0.2375049 0.2524497 0.3233692 0.2334242 0.2383131 0.3731844 0.1724939 0.2738237 0.3072080 0.2468725 0.2607608 0.2539400 0.4049247 0.2508256 0.2300691 0.2287863 0.2445513 0.1280383 0.2190062 0.1511198 0.1474268 0.2415513 0.2523670 0.2062877 0.1559265 0.2674393 0.0624005 0.2356647 0.4929915 0.2577588 0.2301046 0.2193006 0.1107149 0.2737202 0.2331769 0.2373687 0.2472711 0.1533441 0.2466097 0.0950121 0.2311293 0.3903125 0.2510977 0.0689341 0.1931158 0.2487064 0.2467262 0.2640720 0.2513579 
Eutrochium_fistulosum_SRR9119106           0.2446146 0.5358719 0.2637182 0.1768837 0.3422516 0.0000000 0.2405660 0.4452491 0.2644002 0.4340097 0.3846222 0.3485602 0.4068083 0.3746816 0.2896514 0.3741481 0.3129119 0.4366404 0.3743200 0.3899631 0.4012765 0.3786817 0.3606158 0.3732135 0.3997083 0.3903150 0.5653562 0.2725261 0.3304798 0.5355623 0.3145207 0.2678809 0.3938228 0.4069794 0.3237300 0.3881358 0.4201841 0.2900458 0.3949540 0.3869492 0.3415914 0.2724827 0.2670738 0.4760296 0.3798595 0.3764120 0.3891802 0.3349985 0.4009226 0.3904417 0.3762581 0.4047291 0.3828375 0.3690506 0.2168402 0.3889288 0.3296530 0.3761995 0.3854083 0.2694451 0.4167046 0.1963350 0.3813370 0.5538267 0.4009846 0.3683729 0.4064747 0.2177053 0.3596210 0.3786817 0.4400655 0.3960370 0.3622422 0.3731453 0.2173154 0.3536400 0.3355389 0.4045240 0.1590453 0.2840020 0.3792315 0.4069794 0.2704437 0.2555757 
Galeana_pratensis_104_mex                  0.2141014 0.3578378 0.2139738 0.2502230 0.2028259 0.2405660 0.0000000 0.3148291 0.2018815 0.1972630 0.1879226 0.1761475 0.2019606 0.1934173 0.2052265 0.1827422 0.3021569 0.3025179 0.1936638 0.1827377 0.1824796 0.1948046 0.2069084 0.1714220 0.2244288 0.2093360 0.3011346 0.2156118 0.2455754 0.3015380 0.2195538 0.2018815 0.1841066 0.1962325 0.2313531 0.1866139 0.2064228 0.2018982 0.1987178 0.1909517 0.2072529 0.1827323 0.2317983 0.2282992 0.1867492 0.1829061 0.1751955 0.2196287 0.1948132 0.2027279 0.1678350 0.2331123 0.2054148 0.2112704 0.2173472 0.2083642 0.1703487 0.1666711 0.2211019 0.2142350 0.2110010 0.1934684 0.1874428 0.2968433 0.2252626 0.1982381 0.2016729 0.1663153 0.1880178 0.1948046 0.2197635 0.1737139 0.1788526 0.1708363 0.1646345 0.2125552 0.2124981 0.2079015 0.1696018 0.2250852 0.1743772 0.1962325 0.2135534 0.1917608 
Helianthus_annuus_SRR9119062               0.3874282 0.6805698 0.4708041 0.4044472 0.4679300 0.4452491 0.3148291 0.0000000 0.4311466 0.5375063 0.4988524 0.4931249 0.4898865 0.4835896 0.5547933 0.4741934 0.3769689 0.5543009 0.4834193 0.5189278 0.4953862 0.5165700 0.4459832 0.5041789 0.4917825 0.4613483 0.6748978 0.3500167 0.2972246 0.5615055 0.5329921 0.4712626 0.5183800 0.4251316 0.5427316 0.4919291 0.4852066 0.5404936 0.5205165 0.5115837 0.5791234 0.4352766 0.3968983 0.5627283 0.5181687 0.5215728 0.5227589 0.5298029 0.5171810 0.4972265 0.4819985 0.4854622 0.3982529 0.4212229 0.2772291 0.3877463 0.4573558 0.5009662 0.4473607 0.2903530 0.4764242 0.2534308 0.5228347 0.6283033 0.4964899 0.4633566 0.4901141 0.2396201 0.4528805 0.5165700 0.4605094 0.5015122 0.4431758 0.4960758 0.2849640 0.4580272 0.5530095 0.5313366 0.2282054 0.3268646 0.5080906 0.4747335 0.4301357 0.4136459 
Lycapsus_tenuifolius_17                    0.0774897 0.3654364 0.0754693 0.2161259 0.2588220 0.2644002 0.2018815 0.4311466 0.0000000 0.3206249 0.2917168 0.2618479 0.2986264 0.2961086 0.1817810 0.2958574 0.2056963 0.3213996 0.2617596 0.2999983 0.2862247 0.2829353 0.2306444 0.2927320 0.2597883 0.2687673 0.4555206 0.1178102 0.1284277 0.4196244 0.1936046 0.0014927 0.2833285 0.2452815 0.1601157 0.2964293 0.2751604 0.1807832 0.2996082 0.2853899 0.1845219 0.2006548 0.1472822 0.3430944 0.2963231 0.2847581 0.2957548 0.1767081 0.2973583 0.3008755 0.3023969 0.2505141 0.2788434 0.2446670 0.1195523 0.2357091 0.2512561 0.3019814 0.2739040 0.1483260 0.2923423 0.0880225 0.3006819 0.4365500 0.2770951 0.2983225 0.3011264 0.1162506 0.2595117 0.2829353 0.2786447 0.2999910 0.2800558 0.3097054 0.1394997 0.3104088 0.1750287 0.3022809 0.0917567 0.1398655 0.2978263 0.2452815 0.1955025 0.1282968 
Pericome_caudata_50_silver                 0.2187634 0.4270590 0.3447723 0.3352850 0.2064933 0.4340097 0.1972630 0.5375063 0.3206249 0.0000000 0.2449102 0.2360084 0.2262721 0.2141365 0.3855911 0.2449729 0.3057769 0.4127793 0.2430243 0.2407374 0.2241495 0.2208113 0.2450213 0.2327720 0.2520178 0.2404742 0.4982921 0.2108810 0.1712247 0.4610592 0.4440906 0.3220946 0.2154492 0.1961815 0.4318619 0.2542590 0.2684840 0.3800399 0.2162694 0.2463106 0.4295707 0.1877880 0.2637726 0.2870400 0.2376459 0.2350132 0.2379799 0.4557651 0.2234903 0.2396397 0.2466046 0.2641589 0.1759386 0.2125629 0.1723209 0.1948043 0.2140980 0.2431665 0.2279846 0.1350634 0.2701650 0.0658152 0.2464792 0.5004765 0.2618993 0.2442062 0.2508664 0.1058809 0.2694680 0.2208113 0.2538794 0.2262928 0.1737290 0.2350535 0.0921288 0.2650240 0.4552560 0.2479874 0.0778510 0.2128974 0.2425710 0.2640339 0.2556792 0.2517960 
Perityle_aglossa_84_dead_horse             0.2197994 0.3986909 0.2959256 0.3312630 0.2426409 0.3846222 0.1879226 0.4988524 0.2917168 0.2449102 0.0000000 0.1117721 0.1152112 0.1174320 0.3301715 0.1170737 0.2892680 0.4111476 0.1457123 0.1834671 0.1397932 0.1362617 0.1587176 0.1415650 0.2133748 0.2179419 0.5552451 0.1796301 0.1398394 0.4551630 0.4283038 0.2902901 0.1424824 0.1366364 0.4349150 0.1323031 0.2636430 0.3466366 0.1332337 0.1319037 0.4291427 0.0958400 0.2564892 0.2923182 0.1290722 0.1364706 0.1429153 0.4682221 0.1321102 0.1193745 0.0766341 0.2163365 0.0609494 0.1983799 0.1316607 0.1335006 0.1472036 0.1416790 0.2288994 0.1417662 0.2679413 0.0552515 0.1134750 0.5537868 0.2314857 0.2570164 0.2635867 0.0566473 0.1606997 0.1362617 0.2147525 0.1325363 0.0569054 0.1331570 0.0353843 0.2587318 0.4506269 0.1467874 0.0123115 0.1728740 0.1336875 0.1825709 0.2508370 0.2107881 
Perityle_ajoensis_204                      0.2454371 0.3767830 0.2498196 0.3091766 0.2176624 0.3485602 0.1761475 0.4931249 0.2618479 0.2360084 0.1117721 0.0000000 0.0932705 0.1116693 0.2964626 0.1121136 0.2914038 0.3991972 0.1360429 0.1602679 0.1207361 0.1251581 0.1580028 0.1209824 0.2301002 0.2103845 0.4733692 0.2261324 0.1380301 0.4214827 0.3682978 0.2908559 0.1329939 0.1300140 0.4061162 0.1361997 0.2487054 0.2969208 0.1241595 0.1127436 0.3782895 0.1012529 0.2687174 0.2900414 0.1140119 0.1226386 0.1231038 0.4072641 0.1174740 0.1239198 0.1123783 0.2225024 0.0422375 0.2169376 0.1257280 0.1215453 0.1258312 0.1238703 0.1988070 0.1322553 0.2569981 0.0577756 0.1111912 0.4725927 0.2242330 0.2367314 0.2332738 0.0558508 0.1548811 0.1251581 0.2172422 0.1172783 0.0308155 0.1147962 0.0173621 0.2129829 0.3997988 0.1411808 0.0164022 0.1598727 0.1272602 0.1934606 0.2665150 0.2033856 
Perityle_ambrosiifolia_67_green            0.2320316 0.3923281 0.2900406 0.3171682 0.2127305 0.4068083 0.2019606 0.4898865 0.2986264 0.2262721 0.1152112 0.0932705 0.0000000 0.0896240 0.3287272 0.1132747 0.2799125 0.3821303 0.1169431 0.1517455 0.1179250 0.0871491 0.1245490 0.1013447 0.2015301 0.1870050 0.5104630 0.2125401 0.1404633 0.4484311 0.4190623 0.3127186 0.1121312 0.1282737 0.4496622 0.1256281 0.2406736 0.3350923 0.0834317 0.1075337 0.4239392 0.1006376 0.2616768 0.2870305 0.1001096 0.1024107 0.1050971 0.4756344 0.1005566 0.0936830 0.1184241 0.1900639 0.0367022 0.2144082 0.1337085 0.1267570 0.1253226 0.1200133 0.2223681 0.1637812 0.2742048 0.0590320 0.1183152 0.5097272 0.2038217 0.2416253 0.2422458 0.0832811 0.1501376 0.0871491 0.2168930 0.1188776 0.0571143 0.1019032 0.0356159 0.2582698 0.4727273 0.1031819 0.0435702 0.1763570 0.1054524 0.1897989 0.2720090 0.1777482 
Perityle_angustifolia_13_Eagle_creek       0.2322137 0.4054112 0.3074017 0.2787464 0.1970100 0.3746816 0.1934173 0.4835896 0.2961086 0.2141365 0.1174320 0.1116693 0.0896240 0.0000000 0.3190330 0.1183821 0.2869563 0.3872969 0.0993766 0.1543504 0.1186957 0.0961388 0.1240050 0.1232635 0.1801368 0.1860814 0.5068296 0.2204792 0.1442591 0.4565384 0.3861738 0.3313149 0.1287498 0.1525093 0.3984234 0.1238188 0.2483636 0.3321403 0.1021881 0.1062466 0.4186082 0.1443175 0.2369300 0.2625570 0.0966831 0.1276859 0.1270778 0.4316871 0.1239867 0.1181690 0.0896862 0.1661270 0.0470661 0.2173795 0.1197667 0.1202862 0.1221568 0.1227547 0.2264436 0.1558945 0.2746651 0.0576440 0.1089334 0.4942496 0.1765065 0.2195669 0.2250647 0.0982465 0.1446603 0.0961388 0.2339477 0.1218037 0.0875401 0.1194778 0.0509432 0.2223342 0.4277323 0.0981979 0.0643751 0.1848503 0.1277979 0.1716011 0.2756517 0.1643878 
Perityle_batopilensis_97                   0.2288061 0.3980020 0.1652191 0.3418067 0.3363316 0.2896514 0.2052265 0.5547933 0.1817810 0.3855911 0.3301715 0.2964626 0.3287272 0.3190330 0.0000000 0.3708356 0.2826161 0.3901293 0.3288280 0.3812354 0.3000805 0.2788344 0.3422324 0.3442234 0.3842891 0.3651384 0.5564982 0.2052662 0.1258546 0.5271519 0.2757489 0.2019645 0.2961093 0.3290746 0.2821727 0.3656483 0.3871943 0.0422803 0.2858405 0.3020672 0.2682968 0.2009744 0.2694657 0.4083590 0.3588921 0.3527084 0.3600716 0.3016584 0.3021927 0.3379170 0.3306931 0.3899003 0.2846019 0.3194705 0.1260817 0.2846058 0.2201114 0.3101342 0.2680784 0.1396950 0.3121338 0.0443542 0.3242980 0.5291600 0.4106959 0.3639717 0.3970234 0.1126858 0.3863931 0.2788344 0.3794056 0.3144888 0.2617472 0.3065629 0.1066475 0.3619780 0.2806175 0.3728227 0.0685431 0.1515421 0.3669192 0.3785475 0.2449008 0.2332828 
Perityle_bisetosa_9                        0.2664931 0.3817695 0.2995095 0.2984863 0.2284271 0.3741481 0.1827422 0.4741934 0.2958574 0.2449729 0.1170737 0.1121136 0.1132747 0.1183821 0.3708356 0.0000000 0.2884224 0.3953942 0.0505940 0.1794895 0.1368018 0.1421986 0.1613790 0.1349281 0.2283212 0.2024530 0.5439697 0.2385664 0.1450016 0.4504060 0.4529424 0.3263654 0.1663002 0.1353865 0.4354187 0.0232618 0.2697448 0.3735771 0.1466749 0.1250772 0.4514015 0.1342943 0.2727988 0.3064290 0.1232563 0.1475202 0.1452311 0.4727183 0.1364901 0.1187415 0.1221973 0.2212422 0.0385848 0.2236623 0.1178363 0.1273285 0.1482848 0.1400668 0.2241962 0.1530268 0.2905888 0.0732184 0.1390221 0.5298856 0.2420182 0.2588349 0.2690019 0.0664355 0.1595440 0.1421986 0.2331259 0.1378552 0.0468191 0.1219926 0.0221411 0.2722429 0.4876843 0.1471514 0.0289607 0.1770780 0.1352160 0.2049173 0.2628030 0.2355118 
Perityle_californica_76_positas            0.2081284 0.2725320 0.2191218 0.3110697 0.2934360 0.3129119 0.3021569 0.3769689 0.2056963 0.3057769 0.2892680 0.2914038 0.2799125 0.2869563 0.2826161 0.2884224 0.0000000 0.3051729 0.2661567 0.2980021 0.2994414 0.2749850 0.2295637 0.2992212 0.2075057 0.2554639 0.2809255 0.2270039 0.1916116 0.1131794 0.2275892 0.2094413 0.2926592 0.1989127 0.2569944 0.2926419 0.2365423 0.2799512 0.2785620 0.2912145 0.2595230 0.2880007 0.2622867 0.3152074 0.2957292 0.2959388 0.3061179 0.2419165 0.2921446 0.3034584 0.2824016 0.2132562 0.2429500 0.2516575 0.2241368 0.2004249 0.2857907 0.2856792 0.3178425 0.2227456 0.2791584 0.1912588 0.2742408 0.2857290 0.2113258 0.3036015 0.2857146 0.2079106 0.2369361 0.2749850 0.2208829 0.2886901 0.2672796 0.3072620 0.2351632 0.2857467 0.2426053 0.3017939 0.1644016 0.2511953 0.3061483 0.1989127 0.1948849 0.2679632 
Perityle_canescens_77                      0.3925830 0.4106557 0.3289853 0.4382923 0.3738363 0.4366404 0.3025179 0.5543009 0.3213996 0.4127793 0.4111476 0.3991972 0.3821303 0.3872969 0.3901293 0.3953942 0.3051729 0.0000000 0.3571665 0.4047529 0.4206658 0.3722155 0.3470862 0.4064560 0.3702831 0.3862676 0.3184402 0.3710748 0.2415734 0.3999910 0.3700613 0.3855070 0.4083577 0.3339441 0.3574954 0.3977550 0.3346450 0.3900370 0.3842952 0.4009894 0.3446000 0.3993461 0.3327277 0.3652894 0.4007957 0.4004759 0.4018110 0.3505542 0.4169670 0.4155977 0.3969812 0.3590262 0.3239911 0.3154847 0.3306226 0.2950314 0.4017899 0.4066361 0.3331035 0.1600723 0.3583786 0.2110024 0.3962122 0.3217759 0.3757360 0.3462257 0.3890847 0.1906534 0.3511882 0.3722155 0.3705308 0.4115969 0.3564237 0.4061900 0.3340532 0.3633526 0.3639702 0.4006520 0.1676921 0.2828824 0.3994155 0.3836528 0.1573118 0.3820214 
Perityle_castillonii_96                    0.2468328 0.3735370 0.2655760 0.3133121 0.2203213 0.3743200 0.1936638 0.4834193 0.2617596 0.2430243 0.1457123 0.1360429 0.1169431 0.0993766 0.3288280 0.0505940 0.2661567 0.3571665 0.0000000 0.1946035 0.1437864 0.1269629 0.1615450 0.1632434 0.2320302 0.2084845 0.5334070 0.2170026 0.1407825 0.4250048 0.4260206 0.2929603 0.1734625 0.1354590 0.4143704 0.0689674 0.2654524 0.3339152 0.1306981 0.1227076 0.4076554 0.1374967 0.2550042 0.2799173 0.1477994 0.1702529 0.1721360 0.4345348 0.1524036 0.1337113 0.1425254 0.2207639 0.0377056 0.2063148 0.1197351 0.1216282 0.1468539 0.1502437 0.2090784 0.1407782 0.2531975 0.0575863 0.1501010 0.5001702 0.2443638 0.2345855 0.2659045 0.0726144 0.1767648 0.1269629 0.2325448 0.1566996 0.0535555 0.1493080 0.0351245 0.2394098 0.4531131 0.1534401 0.0467150 0.1733827 0.1660874 0.2160232 0.2363411 0.2353366 
Perityle_cernua_84                         0.2602413 0.3907079 0.2994962 0.3522236 0.2347366 0.3899631 0.1827377 0.5189278 0.2999983 0.2407374 0.1834671 0.1602679 0.1517455 0.1543504 0.3812354 0.1794895 0.2980021 0.4047529 0.1946035 0.0000000 0.1681950 0.1746840 0.2190523 0.1815152 0.2270906 0.2132767 0.5692546 0.2207965 0.1482931 0.4607054 0.4310305 0.3230588 0.1556587 0.1356990 0.4511785 0.1943315 0.2699928 0.3909632 0.1757603 0.1776003 0.4640652 0.1341365 0.2798630 0.2949587 0.1777721 0.1807842 0.1777071 0.4801058 0.1720287 0.1730147 0.1663220 0.2211722 0.0923701 0.2339810 0.1426855 0.1245153 0.1805441 0.1820336 0.2049372 0.1352614 0.2855333 0.0569307 0.1672489 0.5548608 0.2354229 0.2479716 0.2628551 0.0589389 0.2171249 0.1746840 0.2534842 0.1734243 0.1001827 0.1766660 0.0306424 0.3138445 0.4812707 0.2152080 0.0205091 0.1797623 0.1839163 0.2170612 0.2753580 0.2341509 
Perityle_cfvillosa_25_tin                  0.2466926 0.4101206 0.2809946 0.3606303 0.2440135 0.4012765 0.1824796 0.4953862 0.2862247 0.2241495 0.1397932 0.1207361 0.1179250 0.1186957 0.3000805 0.1368018 0.2994414 0.4206658 0.1437864 0.1681950 0.0000000 0.1159465 0.1748295 0.1105353 0.2299305 0.2183456 0.5458464 0.2150015 0.1461302 0.4577550 0.4463771 0.3093892 0.1245301 0.1395148 0.4619512 0.1461065 0.2611806 0.3064219 0.1132711 0.0482371 0.4147111 0.0859039 0.2963783 0.2877389 0.1443768 0.1130717 0.1013960 0.4608154 0.1083611 0.1212775 0.1288410 0.2335032 0.0533015 0.2113998 0.1270092 0.1227514 0.0224769 0.0330216 0.2116653 0.1577115 0.2742787 0.0736705 0.1091709 0.5036290 0.2372070 0.2503487 0.2660004 0.0669956 0.1714509 0.1159465 0.2289889 0.0515406 0.0194578 0.1015971 0.0215145 0.2440934 0.4559288 0.1664055 0.0287991 0.1777227 0.1059107 0.2095896 0.2785030 0.2406435 
Perityle_coahuilensis_24                   0.2346787 0.3813127 0.2788109 0.3534016 0.2331769 0.3786817 0.1948046 0.5165700 0.2829353 0.2208113 0.1362617 0.1251581 0.0871491 0.0961388 0.2788344 0.1421986 0.2749850 0.3722155 0.1269629 0.1746840 0.1159465 0.0000000 0.1596565 0.1409865 0.2254663 0.2022079 0.5438429 0.2126114 0.1345547 0.4344015 0.4184473 0.3016580 0.0776763 0.1315624 0.4594926 0.1511433 0.2749278 0.2875130 0.0108927 0.1004430 0.4182624 0.1158676 0.2929307 0.2900250 0.1482298 0.1419354 0.1411934 0.4815189 0.0664804 0.1210295 0.1266982 0.2015414 0.0426298 0.2085996 0.1148281 0.1070539 0.1131135 0.1186658 0.2039509 0.1429798 0.2640836 0.0389330 0.1095757 0.5174322 0.2394056 0.2480478 0.2489440 0.0927517 0.1834669 0.0000010 0.2273220 0.1240075 0.0406115 0.0715394 0.0426045 0.2649299 0.4525697 0.1288724 0.0556201 0.1650590 0.1479323 0.2140761 0.2476783 0.2258702 
Perityle_cochisensis_44_cave_creek         0.2123197 0.3845515 0.2305515 0.2863237 0.2573699 0.3606158 0.2069084 0.4459832 0.2306444 0.2450213 0.1587176 0.1580028 0.1245490 0.1240050 0.3422324 0.1613790 0.2295637 0.3470862 0.1615450 0.2190523 0.1748295 0.1596565 0.0000000 0.1775711 0.2149146 0.1960785 0.4826383 0.1986999 0.1477331 0.3870796 0.3758299 0.2677931 0.1857118 0.1013184 0.4101245 0.1646796 0.2384522 0.3378528 0.1594249 0.1651637 0.4062275 0.1397800 0.2574439 0.3217979 0.1638329 0.1766695 0.1767826 0.3924691 0.1630426 0.1511984 0.1687889 0.2102653 0.0552812 0.1822650 0.0929538 0.1026536 0.1778030 0.1749901 0.2049096 0.1589520 0.2561056 0.0627353 0.1827373 0.4413830 0.2118542 0.2419559 0.3036184 0.0837779 0.0463133 0.1596565 0.1989090 0.1675187 0.0703891 0.1759918 0.0403638 0.2265431 0.3801882 0.1659509 0.0424063 0.1490053 0.1734291 0.2065692 0.2271123 0.2351758 
Perityle_congesta_202                      0.2447788 0.4019637 0.3021962 0.3672842 0.2486151 0.3732135 0.1714220 0.5041789 0.2927320 0.2327720 0.1415650 0.1209824 0.1013447 0.1232635 0.3442234 0.1349281 0.2992212 0.4064560 0.1632434 0.1815152 0.1105353 0.1409865 0.1775711 0.0000000 0.2273131 0.2184403 0.5428463 0.2047712 0.1364038 0.4341184 0.4558137 0.3182632 0.1551861 0.1405072 0.4685983 0.1496438 0.2734626 0.3468062 0.1381635 0.1139833 0.4554987 0.0803877 0.2899734 0.2958925 0.1398368 0.0404355 0.0240617 0.4847598 0.1355897 0.1225646 0.1444385 0.2334380 0.0432149 0.2177474 0.1173577 0.1240607 0.1185770 0.1070994 0.2176915 0.1541386 0.2839516 0.0636898 0.1226543 0.5438252 0.2499247 0.2634676 0.2715255 0.0630213 0.1750674 0.1409865 0.2338177 0.1155203 0.0391964 0.1230154 0.0106873 0.2861046 0.4848542 0.1659103 0.0246716 0.1719286 0.0207130 0.2279659 0.2768697 0.2324051 
Perityle_cordifolia_27                     0.1901656 0.4041659 0.2738213 0.3725613 0.2483696 0.3997083 0.2244288 0.4917825 0.2597883 0.2520178 0.2133748 0.2301002 0.2015301 0.1801368 0.3842891 0.2283212 0.2075057 0.3702831 0.2320302 0.2270906 0.2299305 0.2254663 0.2149146 0.2273131 0.0000000 0.1823860 0.5432945 0.1914477 0.1405203 0.3989502 0.4206451 0.2839382 0.2261071 0.0767903 0.4251775 0.2362128 0.1807504 0.3994302 0.2317001 0.2291416 0.4070259 0.1879706 0.2582348 0.2912663 0.2341646 0.2245835 0.2257435 0.4250237 0.2380001 0.2418995 0.2116945 0.1123942 0.1119483 0.1777697 0.0935805 0.0408795 0.2333435 0.2323447 0.2117012 0.1316373 0.2575190 0.0310285 0.2416677 0.5166595 0.1185236 0.2443992 0.2876538 0.1153419 0.2252442 0.2254663 0.2065864 0.2289376 0.1337730 0.2503876 0.0859323 0.2594807 0.4536348 0.2484577 0.0730462 0.1306860 0.2313038 0.1585131 0.2138528 0.2129420 
Perityle_cordifolia_68_tecolote            0.1831422 0.4195016 0.2867893 0.2942767 0.2172345 0.3903150 0.2093360 0.4613483 0.2687673 0.2404742 0.2179419 0.2103845 0.1870050 0.1860814 0.3651384 0.2024530 0.2554639 0.3862676 0.2084845 0.2132767 0.2183456 0.2022079 0.1960785 0.2184403 0.1823860 0.0000000 0.5182300 0.1637691 0.1491976 0.4213929 0.4067580 0.2928173 0.1853582 0.1095489 0.4211482 0.2065737 0.2493494 0.3625443 0.2056952 0.2249669 0.4271700 0.1678726 0.2406865 0.3182897 0.2134996 0.2242861 0.2207166 0.4423456 0.2126124 0.2230158 0.2004414 0.1797273 0.1363856 0.2065808 0.0292611 0.1216249 0.2183998 0.2310693 0.2353852 0.1648665 0.2850503 0.0582136 0.2048422 0.4864392 0.1896629 0.2548769 0.2772156 0.1315957 0.2112006 0.2022079 0.2247533 0.2226944 0.1559695 0.2164815 0.0679002 0.2605662 0.4456849 0.2309316 0.0825972 0.1547707 0.2228867 0.1636544 0.2617885 0.2069820 
Perityle_coronopifolia_28_patagonia        0.4048629 0.5416192 0.4984626 0.5624941 0.4919359 0.5653562 0.3011346 0.6748978 0.4555206 0.4982921 0.5552451 0.4733692 0.5104630 0.5068296 0.5564982 0.5439697 0.2809255 0.3184402 0.5334070 0.5692546 0.5458464 0.5438429 0.4826383 0.5428463 0.5432945 0.5182300 0.0000000 0.3486049 0.2393622 0.4745948 0.5823028 0.5042290 0.5378336 0.4352292 0.5532086 0.5727904 0.5020026 0.5362426 0.5386728 0.5499534 0.5627424 0.4620730 0.3532353 0.4950894 0.5332325 0.5591360 0.5459707 0.5519549 0.5781714 0.5465636 0.5393276 0.5190358 0.4610771 0.3934572 0.3047731 0.3668202 0.4986516 0.5246135 0.3908071 0.1705430 0.4361408 0.1879186 0.5255330 0.0998530 0.5573843 0.5164275 0.5114901 0.2398261 0.4740371 0.5438429 0.4762045 0.5452333 0.4711042 0.5636120 0.3320169 0.4886716 0.5516924 0.5398205 0.1226668 0.2676441 0.5401566 0.5202051 0.1756488 0.3923279 
Perityle_crassifolia_70_ventanas           0.1772839 0.2486331 0.1168705 0.3232588 0.2379853 0.2725261 0.2156118 0.3500167 0.1178102 0.2108810 0.1796301 0.2261324 0.2125401 0.2204792 0.2052662 0.2385664 0.2270039 0.3710748 0.2170026 0.2207965 0.2150015 0.2126114 0.1986999 0.2047712 0.1914477 0.1637691 0.3486049 0.0000000 0.0408297 0.2556214 0.1638811 0.1601593 0.2239229 0.1200355 0.2414891 0.2376464 0.2053524 0.2173916 0.2230469 0.2179013 0.2325783 0.2129093 0.2358649 0.2811330 0.2244728 0.2052495 0.2072243 0.2435012 0.2201913 0.2185959 0.2010281 0.1881695 0.1485324 0.2030671 0.1255334 0.1246218 0.2161522 0.2160841 0.2036663 0.1724978 0.2057874 0.1112720 0.2146139 0.3380784 0.1867330 0.2353858 0.2309353 0.1639076 0.2066155 0.2126114 0.0748538 0.2064583 0.1559779 0.2351627 0.1171878 0.1908224 0.2180445 0.2244842 0.0993767 0.1657560 0.2053701 0.1643217 0.2650295 0.1947284 
Perityle_crassifolia_74_playa_balandra     0.1542391 0.2136982 0.1219995 0.2878569 0.1572405 0.3304798 0.2455754 0.2972246 0.1284277 0.1712247 0.1398394 0.1380301 0.1404633 0.1442591 0.1258546 0.1450016 0.1916116 0.2415734 0.1407825 0.1482931 0.1461302 0.1345547 0.1477331 0.1364038 0.1405203 0.1491976 0.2393622 0.0408297 0.0000000 0.2027867 0.1361667 0.1284277 0.1460195 0.1210273 0.2165978 0.1496735 0.1527507 0.1300016 0.1377950 0.1429047 0.1758830 0.1395261 0.2096581 0.1929609 0.1461721 0.1396375 0.1361770 0.1955296 0.1398708 0.1432318 0.1349513 0.1505933 0.1426899 0.1724053 0.1474422 0.1308361 0.1430556 0.1429969 0.1767466 0.1843115 0.1840267 0.1264168 0.1298260 0.2432724 0.1439870 0.1618484 0.1758572 0.1636084 0.1563752 0.1345547 0.0664301 0.1414457 0.1425627 0.1598946 0.1553419 0.1834933 0.1924789 0.1474524 0.0946370 0.1875484 0.1412856 0.1210273 0.1881542 0.1312295 
Perityle_cuneata_34_cuneata_San_antonio    0.2861085 0.4607731 0.4438571 0.3606219 0.4632787 0.5355623 0.3015380 0.5615055 0.4196244 0.4610592 0.4551630 0.4214827 0.4484311 0.4565384 0.5271519 0.4504060 0.1131794 0.3999910 0.4250048 0.4607054 0.4577550 0.4344015 0.3870796 0.4341184 0.3989502 0.4213929 0.4745948 0.2556214 0.2027867 0.0000000 0.4729701 0.4284261 0.4535433 0.3918810 0.5018821 0.4592292 0.4383007 0.5304216 0.4334478 0.4559117 0.5045651 0.4036024 0.2984416 0.5207965 0.4427216 0.4286034 0.4415208 0.4853316 0.4600273 0.4476106 0.4427153 0.4074530 0.4275931 0.4186010 0.2724273 0.4029116 0.4223439 0.4518435 0.4731485 0.2244457 0.4623005 0.2054506 0.4448431 0.4642194 0.4089329 0.4693346 0.4851083 0.2193142 0.4066136 0.4344015 0.4152175 0.4608842 0.4387720 0.4651956 0.3157709 0.4382367 0.5082700 0.4503472 0.1685872 0.2960874 0.4439325 0.3918810 0.2147099 0.2824390 
Perityle_cuneata_4                         0.2455151 0.4039949 0.1776627 0.3558273 0.4234078 0.3145207 0.2195538 0.5329921 0.1936046 0.4440906 0.4283038 0.3682978 0.4190623 0.3861738 0.2757489 0.4529424 0.2275892 0.3700613 0.4260206 0.4310305 0.4463771 0.4184473 0.3758299 0.4558137 0.4206451 0.4067580 0.5823028 0.1638811 0.1361667 0.4729701 0.0000000 0.2001728 0.4139204 0.3526193 0.2661848 0.4594356 0.3794807 0.2829588 0.4259277 0.4484010 0.2619158 0.2711472 0.2244237 0.4545635 0.4616048 0.4485927 0.4614325 0.2910875 0.4396111 0.4203626 0.4385549 0.3918761 0.3560775 0.2983098 0.1707599 0.3103319 0.3851473 0.4562162 0.3007600 0.1239399 0.3106637 0.1329324 0.4326658 0.5993776 0.4373303 0.4183569 0.4363636 0.1280632 0.4104319 0.4184473 0.3553442 0.4440497 0.3436307 0.4297402 0.1739489 0.4202185 0.2932274 0.4521679 0.1283213 0.1517242 0.4685808 0.4376777 0.2304892 0.2846155 
Perityle_discoidea_81                      0.0868360 0.3654364 0.0637745 0.2740857 0.2949059 0.2678809 0.2018815 0.4712626 0.0014927 0.3220946 0.2902901 0.2908559 0.3127186 0.3313149 0.2019645 0.3263654 0.2094413 0.3855070 0.2929603 0.3230588 0.3093892 0.3016580 0.2677931 0.3182632 0.2839382 0.2928173 0.5042290 0.1601593 0.1284277 0.4284261 0.2001728 0.0000000 0.3117889 0.2484912 0.1828015 0.3183298 0.3188064 0.2023436 0.3175979 0.3126324 0.2128353 0.2454402 0.1811292 0.3626412 0.3259117 0.3109047 0.3212897 0.1940271 0.3177167 0.3333726 0.3135838 0.2807586 0.2680875 0.2724077 0.1198587 0.2361539 0.2776960 0.3180723 0.2865220 0.1483260 0.3318775 0.0880225 0.3302330 0.4730036 0.2947736 0.3316734 0.3187216 0.1162506 0.2891417 0.3016580 0.3067911 0.3206908 0.2686321 0.3384401 0.1394997 0.3048778 0.2019978 0.3268619 0.0917567 0.1406173 0.3258514 0.2687570 0.2203282 0.1817208 
Perityle_dissecta_201                      0.2269714 0.4035431 0.2756896 0.3534550 0.2437946 0.3938228 0.1841066 0.5183800 0.2833285 0.2154492 0.1424824 0.1329939 0.1121312 0.1287498 0.2961093 0.1663002 0.2926592 0.4083577 0.1734625 0.1556587 0.1245301 0.0776763 0.1857118 0.1551861 0.2261071 0.1853582 0.5378336 0.2239229 0.1460195 0.4535433 0.4139204 0.3117889 0.0000000 0.1216086 0.4756665 0.1739019 0.2647615 0.2995321 0.0727392 0.1219489 0.4039434 0.1188010 0.2944021 0.2920691 0.1550106 0.1593534 0.1534903 0.4812660 0.0734179 0.1327308 0.1282406 0.2034530 0.0789802 0.2083863 0.1341904 0.1209306 0.1209644 0.1301225 0.2129469 0.1492075 0.2812828 0.0653725 0.1200598 0.5226662 0.2353534 0.2606950 0.2474867 0.0567043 0.1891148 0.0776763 0.2226384 0.1280112 0.0528936 0.0811481 0.0286404 0.2605076 0.4250108 0.1815808 0.0081957 0.1724129 0.1531285 0.2069602 0.2699185 0.2448051 
Perityle_emoryi_47_punta_san_jose          0.1255268 0.3850852 0.2707355 0.2238564 0.1621812 0.4069794 0.1962325 0.4251316 0.2452815 0.1961815 0.1366364 0.1300140 0.1282737 0.1525093 0.3290746 0.1353865 0.1989127 0.3339441 0.1354590 0.1356990 0.1395148 0.1315624 0.1013184 0.1405072 0.0767903 0.1095489 0.4352292 0.1200355 0.1210273 0.3918810 0.3526193 0.2484912 0.1216086 0.0000000 0.3362004 0.1390935 0.1728655 0.3327873 0.1359118 0.1434968 0.3729962 0.1301555 0.1613844 0.2206232 0.1404175 0.1479240 0.1481703 0.3526617 0.1466178 0.1535150 0.1243607 0.0810557 0.1044284 0.1507782 0.0749581 0.0666968 0.1475315 0.1522292 0.2000851 0.1352527 0.2368237 0.0405717 0.1343660 0.4321038 0.0724555 0.1840004 0.2010327 0.1195734 0.1149038 0.1315624 0.1580063 0.1429930 0.1282388 0.1561543 0.0622211 0.2106906 0.3516310 0.1455426 0.0596152 0.1251913 0.1395875 0.0000010 0.2146386 0.0749382 
Perityle_feddemae_99                       0.2625410 0.4821818 0.1567386 0.3514355 0.4113465 0.3237300 0.2313531 0.5427316 0.1601157 0.4318619 0.4349150 0.4061162 0.4496622 0.3984234 0.2821727 0.4354187 0.2569944 0.3574954 0.4143704 0.4511785 0.4619512 0.4594926 0.4101245 0.4685983 0.4251775 0.4211482 0.5532086 0.2414891 0.2165978 0.5018821 0.2661848 0.1828015 0.4756665 0.3362004 0.0000000 0.4420655 0.3524117 0.2761018 0.4764356 0.4621972 0.1324067 0.3128765 0.0545908 0.3884930 0.4588112 0.4783113 0.4854085 0.0624268 0.4722938 0.4551770 0.4342245 0.4122311 0.3595687 0.2651200 0.1899883 0.3177846 0.4136158 0.4709667 0.2563694 0.0847812 0.2973245 0.1432919 0.4706744 0.5394292 0.4320507 0.3967749 0.4287743 0.1420602 0.4417442 0.4594926 0.4133823 0.4524594 0.3490126 0.4858219 0.1996591 0.3543975 0.2446225 0.4928223 0.1469914 0.1381765 0.4957289 0.4236219 0.1931357 0.3225983 
Perityle_fosteri_93                        0.2644198 0.3951164 0.3050373 0.3079661 0.2375049 0.3881358 0.1866139 0.4919291 0.2964293 0.2542590 0.1323031 0.1361997 0.1256281 0.1238188 0.3656483 0.0232618 0.2926419 0.3977550 0.0689674 0.1943315 0.1461065 0.1511433 0.1646796 0.1496438 0.2362128 0.2065737 0.5727904 0.2376464 0.1496735 0.4592292 0.4594356 0.3183298 0.1739019 0.1390935 0.4420655 0.0000000 0.2783960 0.3747305 0.1539810 0.1398339 0.4526903 0.1350238 0.2863688 0.3041976 0.1250752 0.1606176 0.1581690 0.4805771 0.1479951 0.1341358 0.1297291 0.2298677 0.0483967 0.2227593 0.1245735 0.1318525 0.1536596 0.1500113 0.2211949 0.1581538 0.2861530 0.0841022 0.1522004 0.5442840 0.2514669 0.2650882 0.2803287 0.0798590 0.1661815 0.1511433 0.2395928 0.1548284 0.0562429 0.1308519 0.0326078 0.2711301 0.4835571 0.1588980 0.0416804 0.1862121 0.1549370 0.2177036 0.2670408 0.2462361 
Perityle_gamon_221                         0.2066571 0.4504793 0.2794810 0.3650692 0.2524497 0.4201841 0.2064228 0.4852066 0.2751604 0.2684840 0.2636430 0.2487054 0.2406736 0.2483636 0.3871943 0.2697448 0.2365423 0.3346450 0.2654524 0.2699928 0.2611806 0.2749278 0.2384522 0.2734626 0.1807504 0.2493494 0.5020026 0.2053524 0.1527507 0.4383007 0.3794807 0.3188064 0.2647615 0.1728655 0.3524117 0.2783960 0.0000000 0.3973828 0.2769138 0.2711467 0.3365660 0.2147660 0.1679860 0.1418291 0.2789823 0.2723884 0.2670653 0.3351683 0.2672044 0.2877483 0.2570455 0.2153219 0.1904865 0.1213949 0.1364836 0.1342950 0.2648420 0.2786398 0.1532276 0.0779581 0.1725881 0.1116347 0.2752514 0.4624983 0.2170270 0.2360867 0.2572566 0.1061321 0.2442503 0.2749278 0.2351026 0.2669422 0.1978581 0.2896015 0.1111819 0.2297471 0.3384912 0.2963758 0.1285674 0.0922705 0.2705609 0.2379040 0.1607675 0.2262249 
Perityle_gentryi_8_san_francisco           0.2374157 0.4010043 0.1698401 0.3573703 0.3233692 0.2900458 0.2018982 0.5404936 0.1807832 0.3800399 0.3466366 0.2969208 0.3350923 0.3321403 0.0422803 0.3735771 0.2799512 0.3900370 0.3339152 0.3909632 0.3064219 0.2875130 0.3378528 0.3468062 0.3994302 0.3625443 0.5362426 0.2173916 0.1300016 0.5304216 0.2829588 0.2023436 0.2995321 0.3327873 0.2761018 0.3747305 0.3973828 0.0000000 0.2927033 0.3154072 0.2672989 0.2087273 0.2529917 0.4160398 0.3630704 0.3551252 0.3605841 0.3010290 0.3061695 0.3502256 0.3479434 0.3954722 0.2913387 0.3228270 0.1294449 0.2865909 0.2325276 0.3180248 0.2674746 0.1265726 0.3065455 0.0383232 0.3316939 0.5145453 0.4197547 0.3729992 0.3995177 0.0789582 0.3838445 0.2875130 0.3890073 0.3262912 0.2671793 0.3144367 0.1075046 0.3608333 0.2889665 0.3841241 0.0511215 0.1556600 0.3652620 0.3816050 0.2371542 0.2603592 
Perityle_gilensis_22_Superstition          0.2384947 0.3844414 0.2934807 0.3562163 0.2334242 0.3949540 0.1987178 0.5205165 0.2996082 0.2162694 0.1332337 0.1241595 0.0834317 0.1021881 0.2858405 0.1466749 0.2785620 0.3842952 0.1306981 0.1757603 0.1132711 0.0108927 0.1594249 0.1381635 0.2317001 0.2056952 0.5386728 0.2230469 0.1377950 0.4334478 0.4259277 0.3175979 0.0727392 0.1359118 0.4764356 0.1539810 0.2769138 0.2927033 0.0000000 0.0982154 0.4302532 0.1127059 0.2943504 0.2941954 0.1496116 0.1391009 0.1384170 0.4994769 0.0619751 0.1207064 0.1267813 0.2114748 0.0441516 0.2088260 0.1197093 0.1141147 0.1119340 0.1160665 0.2090453 0.1467808 0.2769306 0.0422563 0.1027728 0.5176518 0.2403789 0.2518337 0.2547581 0.0972113 0.1829893 0.0108927 0.2341113 0.1222345 0.0406246 0.0708201 0.0449047 0.2677570 0.4650472 0.1331475 0.0600476 0.1680067 0.1450302 0.2199674 0.2558457 0.2206081 
Perityle_gilensis_salensis_225             0.2442832 0.3995945 0.2806268 0.3671888 0.2383131 0.3869492 0.1909517 0.5115837 0.2853899 0.2463106 0.1319037 0.1127436 0.1075337 0.1062466 0.3020672 0.1250772 0.2912145 0.4009894 0.1227076 0.1776003 0.0482371 0.1004430 0.1651637 0.1139833 0.2291416 0.2249669 0.5499534 0.2179013 0.1429047 0.4559117 0.4484010 0.3126324 0.1219489 0.1434968 0.4621972 0.1398339 0.2711467 0.3154072 0.0982154 0.0000000 0.4273313 0.0949216 0.2804745 0.2919616 0.1342958 0.1218165 0.1201172 0.4691118 0.1034629 0.1072532 0.1258146 0.2339924 0.0403925 0.2089440 0.1270040 0.1225450 0.0398630 0.0472618 0.2111391 0.1576935 0.2737512 0.0669236 0.0975291 0.5121713 0.2378372 0.2405897 0.2685889 0.0673380 0.1674958 0.1004430 0.2391070 0.0682717 0.0260410 0.1026084 0.0193848 0.2484137 0.4662111 0.1558502 0.0289524 0.1689128 0.1150953 0.2126299 0.2604978 0.2253537 
Perityle_glaucescens_94                    0.2796142 0.4462052 0.1651087 0.3591626 0.3731844 0.3415914 0.2072529 0.5791234 0.1845219 0.4295707 0.4291427 0.3782895 0.4239392 0.4186082 0.2682968 0.4514015 0.2595230 0.3446000 0.4076554 0.4640652 0.4147111 0.4182624 0.4062275 0.4554987 0.4070259 0.4271700 0.5627424 0.2325783 0.1758830 0.5045651 0.2619158 0.2128353 0.4039434 0.3729962 0.1324067 0.4526903 0.3365660 0.2672989 0.4302532 0.4273313 0.0000000 0.2957298 0.1580410 0.4034404 0.4606835 0.4629331 0.4653760 0.1084935 0.4345014 0.4517486 0.4349477 0.3921353 0.3662076 0.2725971 0.1819635 0.3171283 0.3547740 0.4471105 0.2559985 0.0743652 0.3162838 0.1250858 0.4462957 0.5538797 0.4327367 0.3874386 0.4264267 0.1371414 0.4328300 0.4182624 0.4131980 0.4307814 0.3550820 0.4314407 0.1750129 0.3691155 0.2535142 0.4733804 0.1372559 0.1225401 0.4728778 0.4318662 0.2059098 0.3055149 
Perityle_gracilis_11                       0.2343962 0.3681627 0.1953959 0.3097287 0.1724939 0.2724827 0.1827323 0.4352766 0.2006548 0.1877880 0.0958400 0.1012529 0.1006376 0.1443175 0.2009744 0.1342943 0.2880007 0.3993461 0.1374967 0.1341365 0.0859039 0.1158676 0.1397800 0.0803877 0.1879706 0.1678726 0.4620730 0.2129093 0.1395261 0.4036024 0.2711472 0.2454402 0.1188010 0.1301555 0.3128765 0.1350238 0.2147660 0.2087273 0.1127059 0.0949216 0.2957298 0.0000000 0.2508233 0.2444142 0.1111869 0.0733071 0.0767639 0.3022963 0.1118304 0.0863122 0.1049646 0.1841903 0.0500306 0.2197335 0.1244717 0.1057549 0.0850498 0.0814585 0.1792336 0.1578588 0.2084456 0.0702512 0.0823381 0.4586354 0.1879088 0.2164435 0.2071869 0.0670668 0.1344353 0.1158676 0.1978594 0.0839677 0.0143581 0.1174481 0.0193237 0.1862896 0.3019050 0.1297110 0.0288309 0.1719062 0.0893512 0.1778362 0.2560283 0.1758862 
Perityle_harkerae_31                       0.2400110 0.3611021 0.1649867 0.3393479 0.2738237 0.2670738 0.2317983 0.3968983 0.1472822 0.2637726 0.2564892 0.2687174 0.2616768 0.2369300 0.2694657 0.2727988 0.2622867 0.3327277 0.2550042 0.2798630 0.2963783 0.2929307 0.2574439 0.2899734 0.2582348 0.2406865 0.3532353 0.2358649 0.2096581 0.2984416 0.2244237 0.1811292 0.2944021 0.1613844 0.0545908 0.2863688 0.1679860 0.2529917 0.2943504 0.2804745 0.1580410 0.2508233 0.0000000 0.2190581 0.2707982 0.2952963 0.2976476 0.0666935 0.2989392 0.2930869 0.2562336 0.2398362 0.1729217 0.1542232 0.1838327 0.1379150 0.2835420 0.2834573 0.1552096 0.0814130 0.1658438 0.1397732 0.2892877 0.3614047 0.2615049 0.2374735 0.2431150 0.1422609 0.2728572 0.2929307 0.2488178 0.2827742 0.1879096 0.3054773 0.1619201 0.2042581 0.2049332 0.3092014 0.1518707 0.1301790 0.3057751 0.2500135 0.1727598 0.2860955 
Perityle_hofmeisteria_4_nombre_de_dios     0.3061809 0.4914556 0.3550200 0.4537812 0.3072080 0.4760296 0.2282992 0.5627283 0.3430944 0.2870400 0.2923182 0.2900414 0.2870305 0.2625570 0.4083590 0.3064290 0.3152074 0.3652894 0.2799173 0.2949587 0.2877389 0.2900250 0.3217979 0.2958925 0.2912663 0.3182897 0.4950894 0.2811330 0.1929609 0.5207965 0.4545635 0.3626412 0.2920691 0.2206232 0.3884930 0.3041976 0.1418291 0.4160398 0.2941954 0.2919616 0.4034404 0.2444142 0.2190581 0.0000000 0.2987787 0.2993332 0.2948684 0.4100963 0.2924284 0.2903931 0.2872441 0.2749210 0.2185554 0.1889770 0.2187338 0.1923693 0.2839859 0.2904705 0.1753520 0.0744664 0.2091689 0.1260979 0.3104266 0.4944468 0.2821562 0.2590614 0.2993160 0.1016816 0.3378167 0.2900250 0.2939635 0.2957074 0.2228459 0.3154445 0.1356470 0.2770447 0.4100380 0.3232866 0.1434052 0.1415535 0.2916594 0.3009929 0.2116956 0.3277357 
Perityle_huecosensis_48                    0.2468875 0.3986053 0.3071559 0.3440850 0.2468725 0.3798595 0.1867492 0.5181687 0.2963231 0.2376459 0.1290722 0.1140119 0.1001096 0.0966831 0.3588921 0.1232563 0.2957292 0.4007957 0.1477994 0.1777721 0.1443768 0.1482298 0.1638329 0.1398368 0.2341646 0.2134996 0.5332325 0.2244728 0.1461721 0.4427216 0.4616048 0.3259117 0.1550106 0.1404175 0.4588112 0.1250752 0.2789823 0.3630704 0.1496116 0.1342958 0.4606835 0.1111869 0.2707982 0.2987787 0.0000000 0.1465386 0.1483603 0.4863929 0.1325053 0.1289198 0.1173563 0.2286789 0.0408905 0.2100916 0.1246393 0.1243944 0.1435984 0.1358641 0.2228588 0.1466667 0.2880918 0.0704015 0.1287707 0.5238643 0.2404834 0.2445110 0.2596956 0.0712934 0.1680322 0.1482298 0.2352015 0.1478280 0.0532125 0.1329832 0.0281424 0.2768027 0.4820245 0.1426382 0.0288792 0.1805765 0.1378694 0.2220209 0.2555314 0.2443408 
