86
Amauria_brandeegeana_62                    0.0000000 0.0725362 0.0369582 0.4776955 0.2499024 0.1084623 0.4608007 0.1608936 0.5974118 0.2516491 0.3214071 0.2601198 0.2858575 0.1636963 0.2225309 0.1347772 0.2284795 0.1076888 0.1408690 0.2515585 0.3186054 0.2293585 0.1326094 0.1292649 0.1625399 0.2493768 0.2585893 0.2726019 0.2549478 0.0738714 0.0769337 0.1940674 0.1398092 0.3465262 0.2505874 0.1394353 0.2720387 0.2363486 0.2257100 0.2353753 0.2749619 0.2792882 0.2661125 0.1898139 0.1635536 0.2587045 0.2698334 0.2638569 0.2569861 0.2661148 0.1456679 0.2566121 0.2545452 0.2558712 0.1865769 0.4183017 0.1112592 0.1755295 0.2439331 0.2645066 0.1329286 0.0780780 0.1999907 0.0669187 0.2551027 0.2829818 0.2543059 0.3429071 0.3778004 0.0562430 0.2750106 0.2465792 0.1077424 0.2301761 0.2655527 0.2296315 0.1125214 0.3697855 0.2705507 0.2282148 0.2562608 0.0692629 0.2626470 0.2020005 0.0756849 0.1591006 
Amauria_carterae_99_mesa                   0.0725362 0.0000000 0.0574590 0.1407719 0.0749499 0.0643660 0.1419726 0.1851438 0.2850035 0.0900330 0.0939914 0.0761585 0.0918830 0.0769873 0.0763553 0.0921543 0.0703376 0.0727609 0.0743753 0.0724650 0.0740231 0.0840945 0.0587103 0.0566047 0.0705592 0.0803553 0.0839433 0.0970810 0.0767613 0.0630242 0.0591508 0.0887991 0.0765945 0.0518900 0.0839838 0.0474892 0.0879055 0.0960528 0.0804841 0.0843113 0.0843027 0.0843027 0.0764501 0.0879613 0.0879331 0.0841923 0.0924506 0.0919120 0.0960571 0.0840084 0.0807610 0.0841867 0.0882723 0.0839433 0.0803395 0.1086327 0.0913705 0.0703572 0.0840945 0.0840945 0.0843579 0.0512029 0.0879123 0.0627181 0.0763171 0.0767125 0.0839433 0.0844872 0.0934508 0.0891032 0.0803167 0.0724650 0.0693840 0.0743566 0.0840945 0.0848902 0.0666970 0.0924524 0.0960731 0.0953811 0.0724650 0.0745295 0.0840945 0.0727286 0.0783031 0.0564483 
Amauria_rotundifolia_SRR9119150            0.0369582 0.0574590 0.0000000 0.4601213 0.2329495 0.0852812 0.4469020 0.1662271 0.6022151 0.2331804 0.2968846 0.2434687 0.2701537 0.1534181 0.2039954 0.1201015 0.2125718 0.0944496 0.1286007 0.2347612 0.3115310 0.2136590 0.1133614 0.1101781 0.1454623 0.2361356 0.2442718 0.2632326 0.2371524 0.0656538 0.0670983 0.1814250 0.1271604 0.3017345 0.2360154 0.1296029 0.2560035 0.2165572 0.2110544 0.2280588 0.2599796 0.2642495 0.2501120 0.1761409 0.1478326 0.2458717 0.2519248 0.2527030 0.2473063 0.2501046 0.1320561 0.2423550 0.2403741 0.2386405 0.1779369 0.3893495 0.1068709 0.1657048 0.2311648 0.2517839 0.1217625 0.0587858 0.1813686 0.0495970 0.2418595 0.2579755 0.2401039 0.3123158 0.3513125 0.0561885 0.2650737 0.2325329 0.0908660 0.2097697 0.2528392 0.2180901 0.0973053 0.3394228 0.2608277 0.2079527 0.2397156 0.0522163 0.2499591 0.1868582 0.0645196 0.1415365 
Conoclinium_coelestinum_SRR9119114         0.4776955 0.1407719 0.4601213 0.0000000 0.4345913 0.1727028 0.5203810 0.2336535 0.6924303 0.4551473 0.4324217 0.4433666 0.4502134 0.4290008 0.4141164 0.3686121 0.3939990 0.4363845 0.3876388 0.4289056 0.4978360 0.4335694 0.1708368 0.1308765 0.3771455 0.4174160 0.4286074 0.4589603 0.4435252 0.3595442 0.2912889 0.4792711 0.4515539 0.4462448 0.4195490 0.3120068 0.4445919 0.4486685 0.3962789 0.4226746 0.4506175 0.4560959 0.4369332 0.4219945 0.4137000 0.4327493 0.4495015 0.4387367 0.4280051 0.4305653 0.4195179 0.4265248 0.4281196 0.4221282 0.4413697 0.5605087 0.2445372 0.3139769 0.4137323 0.4399579 0.3379626 0.1208961 0.4060275 0.1549212 0.4368375 0.4652055 0.4222172 0.4148129 0.4153075 0.3180853 0.4294223 0.4276321 0.4313213 0.3681730 0.4390384 0.4356584 0.2009546 0.4290760 0.4366230 0.3296938 0.4389324 0.1488429 0.4397094 0.4855161 0.3048347 0.1442723 
Eutetras_palmeri_63                        0.2499024 0.0749499 0.2329495 0.4345913 0.0000000 0.0075957 0.4594530 0.1451102 0.5931470 0.2428403 0.2475629 0.1726367 0.2090730 0.0754635 0.1811643 0.0942424 0.1976825 0.1374799 0.1075114 0.1758788 0.2368370 0.1540220 0.1191203 0.0746689 0.1382907 0.1699559 0.1758082 0.1986594 0.1820023 0.1042497 0.1000219 0.2577817 0.2153705 0.2988219 0.1843946 0.1862276 0.1820880 0.1539511 0.1838551 0.1705987 0.1886681 0.1979463 0.1758311 0.1441478 0.0946650 0.1769829 0.1805534 0.1833626 0.1589812 0.1800257 0.0760536 0.1673470 0.1700645 0.1765365 0.1394066 0.4251716 0.0939054 0.1689626 0.1799418 0.1815284 0.0959747 0.0623327 0.1621620 0.0505811 0.1711159 0.2125459 0.1765346 0.2679769 0.2741336 0.0495627 0.1869996 0.1664490 0.1716801 0.1759298 0.1813939 0.1593816 0.0706141 0.2727379 0.2005280 0.2281811 0.1694243 0.0657961 0.1802387 0.2693552 0.0893855 0.1436820 
Eutetras_pringlei_149_quer                 0.1084623 0.0643660 0.0852812 0.1727028 0.0075957 0.0000000 0.1339626 0.1234752 0.4284556 0.0887539 0.0813693 0.0795597 0.0829638 0.0721330 0.0798205 0.1096471 0.0827659 0.0983666 0.0923059 0.0764306 0.0904344 0.0855130 0.1172077 0.0784980 0.0827832 0.0716495 0.0743830 0.1040869 0.0861969 0.0978347 0.0891445 0.0883676 0.1118233 0.2321519 0.0854035 0.0204051 0.0855607 0.0777224 0.0777167 0.0969663 0.0861704 0.0861704 0.0801769 0.0857939 0.0909564 0.0887039 0.0832368 0.0912298 0.0886445 0.0829540 0.0720572 0.0802834 0.0773509 0.0716045 0.0802910 0.3634210 0.1012566 0.2263503 0.0855130 0.0855130 0.0917938 0.0669379 0.0928906 0.0493631 0.0797850 0.0834465 0.0743830 0.0824433 0.0930116 0.0365538 0.0849514 0.0689726 0.0929890 0.0660755 0.0883663 0.0911838 0.0689930 0.0883866 0.0943336 0.0813955 0.0735093 0.0639663 0.0855130 0.0924572 0.0962889 0.1480560 
Eutrochium_fistulosum_SRR9119106           0.4608007 0.1419726 0.4469020 0.5203810 0.4594530 0.1339626 0.0000000 0.1879850 0.7442991 0.4776314 0.4668676 0.4736426 0.4771900 0.4577904 0.4636131 0.3700960 0.4108180 0.4260291 0.3878278 0.4741039 0.4852518 0.4527417 0.1771131 0.1259898 0.3895571 0.4465105 0.4382692 0.4659496 0.4614243 0.3429526 0.3296097 0.4388476 0.4392968 0.3813952 0.4459259 0.3392303 0.4548952 0.4544113 0.4328727 0.4607977 0.4806153 0.4836826 0.4512839 0.4212628 0.4580137 0.4640335 0.4567809 0.4558168 0.4676472 0.4525975 0.4572823 0.4536698 0.4445708 0.4369706 0.4667376 0.6408171 0.2270111 0.3882888 0.4503074 0.4564024 0.3181251 0.1171655 0.4244201 0.1420889 0.4709975 0.4767872 0.4370673 0.4629146 0.4770509 0.3472629 0.4400471 0.4457277 0.4351779 0.3838384 0.4608690 0.4502403 0.2325744 0.4817719 0.4623673 0.3926464 0.4761252 0.1379074 0.4590795 0.4252561 0.2894004 0.1845753 
Galeana_pratensis_104_mex                  0.1608936 0.1851438 0.1662271 0.2336535 0.1451102 0.1234752 0.1879850 0.0000000 0.2983415 0.1860711 0.1848857 0.1635231 0.1734870 0.1669714 0.1735322 0.1737620 0.1638030 0.1620338 0.1786183 0.1684569 0.1683002 0.1734929 0.1265461 0.0985264 0.1688820 0.1735954 0.1633685 0.1708615 0.1687396 0.1738900 0.1572602 0.1481620 0.1571833 0.1594786 0.1684456 0.1015505 0.1829450 0.1792158 0.1693968 0.1688341 0.1744697 0.1744697 0.1643095 0.1783637 0.1734353 0.1737519 0.1891993 0.1838087 0.1836762 0.1779855 0.1717938 0.1837063 0.1689818 0.1633685 0.1688820 0.1491964 0.1583768 0.1811009 0.1734929 0.1734929 0.1700246 0.1128531 0.1782775 0.1522453 0.1639461 0.1653120 0.1633685 0.1678272 0.1700613 0.1435545 0.1684569 0.1684569 0.1611016 0.1735954 0.1734929 0.1752858 0.1618993 0.1781383 0.1784405 0.1620375 0.1684569 0.1620244 0.1734929 0.1670460 0.1500487 0.1613795 
Helianthus_annuus_SRR9119062               0.5974118 0.2850035 0.6022151 0.6924303 0.5931470 0.4284556 0.7442991 0.2983415 0.0000000 0.6268619 0.5939044 0.5590690 0.5997811 0.5759730 0.5672964 0.5417168 0.5450924 0.5896059 0.5628775 0.5654840 0.6144495 0.5702892 0.2903991 0.3105615 0.5550376 0.5693365 0.5665938 0.5846355 0.5956825 0.6025860 0.5454503 0.5771438 0.6284715 0.6333747 0.5755641 0.4206521 0.5812879 0.6107253 0.5899062 0.5894284 0.6023576 0.6104813 0.5664440 0.5593807 0.5876072 0.5866280 0.6059305 0.5745406 0.5813789 0.5707757 0.5906149 0.5695347 0.5815005 0.5705805 0.5814911 0.6820867 0.4793969 0.5331164 0.5712655 0.5740475 0.5363922 0.2518523 0.5567048 0.3183345 0.5554382 0.6026896 0.5705944 0.6358051 0.6396717 0.3913740 0.5544271 0.5603842 0.6203650 0.5586424 0.5705089 0.5581338 0.4577033 0.6503737 0.6002983 0.4746584 0.5525555 0.3091907 0.5742755 0.5579991 0.5054512 0.3699343 
Lycapsus_tenuifolius_17                    0.2516491 0.0900330 0.2331804 0.4551473 0.2428403 0.0887539 0.4776314 0.1860711 0.6268619 0.0000000 0.2796352 0.2417944 0.2900303 0.1443553 0.2199241 0.1488741 0.2118681 0.1406865 0.1463834 0.2357098 0.3139445 0.2304300 0.1179642 0.0921687 0.1604508 0.2389217 0.2516510 0.2773497 0.2455455 0.0998808 0.0903771 0.2268424 0.2074270 0.2808221 0.2465659 0.1893360 0.2398012 0.2214632 0.2335640 0.2366982 0.2751275 0.2841268 0.2431906 0.1836282 0.1659727 0.2498189 0.2508878 0.2522858 0.2400573 0.2476008 0.1335591 0.2387699 0.2414484 0.2520877 0.1782804 0.4107129 0.1265684 0.1916337 0.2444052 0.2511825 0.1308100 0.0632325 0.2274073 0.0742683 0.2401726 0.2613781 0.2504912 0.3421249 0.3435478 0.0907666 0.2549231 0.2303561 0.1797455 0.2035833 0.2508530 0.2290509 0.1097092 0.3546429 0.2832398 0.2274638 0.2397059 0.0741625 0.2496450 0.2695437 0.0871294 0.1438297 
Pericome_caudata_50_silver                 0.3214071 0.0939914 0.2968846 0.4324217 0.2475629 0.0813693 0.4668676 0.1848857 0.5939044 0.2796352 0.0000000 0.1761892 0.2745091 0.1726401 0.1400645 0.1398832 0.1081600 0.1798417 0.1228572 0.1509487 0.2939590 0.1776614 0.1164726 0.0924936 0.1088561 0.1610560 0.1732092 0.2305890 0.1737497 0.1309301 0.1136300 0.2070336 0.2136578 0.2855039 0.1551909 0.1139782 0.1818983 0.1808027 0.1353644 0.2042344 0.2616195 0.2700844 0.1776930 0.1736739 0.1608171 0.1748642 0.1739927 0.1796834 0.1675629 0.1708702 0.1517994 0.1693258 0.1651339 0.1727229 0.1775316 0.3340135 0.1133368 0.1963983 0.1504709 0.1793948 0.1343178 0.0701984 0.1638706 0.0782460 0.1761658 0.1967429 0.1753409 0.3032121 0.3424746 0.0915849 0.1755897 0.1671210 0.1871144 0.1073344 0.1777445 0.1769400 0.0895086 0.3327437 0.2581953 0.1060959 0.1716290 0.0873471 0.1766248 0.2792305 0.1223679 0.1642255 
Perityle_aglossa_84_dead_horse             0.2601198 0.0761585 0.2434687 0.4433666 0.1726367 0.0795597 0.4736426 0.1635231 0.5590690 0.2417944 0.1761892 0.0000000 0.1343680 0.0167522 0.0093206 0.0379327 0.0265739 0.1398354 0.0592241 0.0134858 0.1469150 0.0446461 0.0145393 0.0110479 0.0375131 0.0415858 0.0524098 0.1053622 0.0680578 0.1056208 0.0936545 0.1719062 0.1670251 0.3089016 0.0422204 0.0918480 0.0608478 0.0665437 0.0484098 0.0899582 0.1055063 0.1115473 0.0494779 0.0822771 0.0437538 0.0463692 0.0573387 0.0486263 0.0441442 0.0498584 0.0200630 0.0229788 0.0421149 0.0510327 0.0934824 0.2399056 0.0521256 0.0978816 0.0378841 0.0457483 0.0503656 0.0074335 0.0712096 0.0237574 0.0097009 0.0951455 0.0522012 0.2046614 0.2379741 0.0357949 0.0424454 0.0206377 0.1413353 0.0403288 0.0445330 0.0478823 0.0238265 0.2336169 0.1339366 0.0425460 0.0075235 0.0321119 0.0434360 0.2391712 0.1058912 0.0596114 
Perityle_ajoensis_204                      0.2858575 0.0918830 0.2701537 0.4502134 0.2090730 0.0829638 0.4771900 0.1734870 0.5997811 0.2900303 0.2745091 0.1343680 0.0000000 0.0724345 0.1367668 0.0487069 0.1412680 0.1943500 0.1230536 0.1331814 0.1505656 0.1018436 0.0757595 0.0195581 0.1068934 0.1366371 0.1510839 0.1803347 0.1661851 0.1708973 0.1666230 0.2691998 0.2551528 0.2978464 0.1244118 0.2417850 0.1483705 0.1613815 0.1446576 0.1453985 0.1514353 0.1535295 0.1433176 0.0574219 0.0901477 0.1428838 0.1621823 0.1068166 0.1400412 0.1434731 0.0709037 0.1296437 0.1410483 0.1478183 0.1220214 0.3959488 0.0664495 0.1524285 0.1017452 0.1030834 0.0678115 0.0323931 0.1326964 0.0319241 0.1316391 0.1870664 0.1505169 0.2160886 0.2363869 0.0482063 0.1171188 0.1262220 0.2322018 0.1447095 0.1029157 0.1050773 0.0347941 0.2316201 0.1612255 0.2112561 0.1327366 0.0447554 0.1042799 0.2864960 0.1211750 0.1159239 
Perityle_ambrosiifolia_67_green            0.1636963 0.0769873 0.1534181 0.4290008 0.0754635 0.0721330 0.4577904 0.1669714 0.5759730 0.1443553 0.1726401 0.0167522 0.0724345 0.0000000 0.0198249 0.0425033 0.0246144 0.1362846 0.0393208 0.0147994 0.0630933 0.0320239 0.0720689 0.0032268 0.0277325 0.0289360 0.0488484 0.0689452 0.0570209 0.1066016 0.0994096 0.1781694 0.1547833 0.3002242 0.0331790 0.0602908 0.0437798 0.0609178 0.0412103 0.0399187 0.0184402 0.0271138 0.0376680 0.0750742 0.0461760 0.0359053 0.0583214 0.0396307 0.0399128 0.0419367 0.0100667 0.0171897 0.0335204 0.0473788 0.0752764 0.2694131 0.0484187 0.1263797 0.0258308 0.0350074 0.0511522 0.0287376 0.0640995 0.0216257 0.0167155 0.0819812 0.0473780 0.1268755 0.1351073 0.0239504 0.0368528 0.0158891 0.1376145 0.0264193 0.0349662 0.0399961 0.0197212 0.1369312 0.0546495 0.0366570 0.0141175 0.0292253 0.0324516 0.1830799 0.0991627 0.1063214 
Perityle_angustifolia_13_Eagle_creek       0.2225309 0.0763553 0.2039954 0.4141164 0.1811643 0.0798205 0.4636131 0.1735322 0.5672964 0.2199241 0.1400645 0.0093206 0.1367668 0.0198249 0.0000000 0.0361024 0.0329298 0.1370256 0.0620906 0.0139786 0.1577364 0.0408265 0.0145762 0.0148141 0.0388209 0.0385403 0.0581379 0.1106949 0.0646594 0.1090015 0.0975232 0.1355983 0.1302463 0.3152107 0.0459046 0.0957269 0.0595662 0.0679279 0.0507674 0.0921346 0.1147771 0.1199821 0.0509757 0.0518518 0.0463746 0.0489551 0.0605010 0.0452587 0.0427878 0.0470475 0.0226167 0.0260599 0.0406116 0.0553612 0.0604997 0.2331444 0.0570117 0.1022518 0.0391431 0.0408610 0.0521293 0.0074527 0.0735674 0.0236500 0.0093173 0.0741018 0.0578866 0.2191570 0.2562961 0.0386635 0.0422426 0.0223057 0.1285420 0.0414947 0.0408175 0.0455046 0.0261227 0.2497634 0.1423782 0.0458386 0.0069664 0.0319549 0.0396329 0.1934537 0.1078470 0.0597515 
Perityle_batopilensis_97                   0.1347772 0.0921543 0.1201015 0.3686121 0.0942424 0.1096471 0.3700960 0.1737620 0.5417168 0.1488741 0.1398832 0.0379327 0.0487069 0.0425033 0.0361024 0.0000000 0.0394898 0.1422271 0.0565079 0.0360573 0.0389154 0.0435481 0.0805815 0.0499829 0.0459712 0.0461429 0.0610708 0.0792135 0.0662173 0.1239492 0.1052701 0.1483084 0.1301688 0.2823874 0.0562080 0.0530428 0.0553454 0.0744999 0.0522164 0.0142440 0.0454174 0.0487187 0.0489513 0.0686380 0.0617044 0.0519995 0.0657737 0.0519667 0.0557103 0.0520900 0.0458368 0.0420731 0.0470038 0.0575706 0.0571831 0.2747694 0.0819764 0.1219270 0.0435481 0.0459743 0.0682815 0.0436613 0.0684146 0.0431191 0.0343429 0.0618890 0.0575877 0.0892137 0.0985339 0.0364844 0.0483912 0.0387881 0.1292141 0.0499722 0.0459523 0.0507944 0.0491597 0.0988239 0.0634104 0.0613937 0.0343302 0.0451597 0.0443130 0.1478741 0.1258940 0.1333753 
Perityle_bisetosa_9                        0.2284795 0.0703376 0.2125718 0.3939990 0.1976825 0.0827659 0.4108180 0.1638030 0.5450924 0.2118681 0.1081600 0.0265739 0.1412680 0.0246144 0.0329298 0.0394898 0.0000000 0.1286671 0.0594023 0.0290158 0.1702602 0.0275662 0.0145393 0.0110479 0.0274786 0.0426009 0.0508990 0.1023108 0.0597027 0.1070656 0.0974970 0.1351001 0.1193106 0.2906788 0.0505451 0.0890906 0.0502876 0.0630962 0.0446579 0.0962381 0.1333338 0.1389815 0.0451379 0.0260132 0.0487644 0.0444575 0.0581160 0.0288979 0.0446624 0.0436691 0.0292014 0.0368975 0.0408527 0.0507512 0.0408555 0.2056941 0.0570404 0.0997734 0.0237927 0.0240987 0.0570176 0.0074335 0.0652238 0.0323796 0.0330284 0.0627306 0.0507594 0.2342917 0.2729449 0.0176237 0.0176855 0.0328051 0.1160251 0.0428208 0.0240718 0.0293176 0.0307569 0.2609215 0.1409067 0.0545086 0.0291000 0.0380699 0.0228145 0.1882944 0.1076898 0.0631424 
Perityle_californica_76_positas            0.1076888 0.0727609 0.0944496 0.4363845 0.1374799 0.0983666 0.4260291 0.1620338 0.5896059 0.1406865 0.1798417 0.1398354 0.1943500 0.1362846 0.1370256 0.1422271 0.1286671 0.0000000 0.1345364 0.1421859 0.1987224 0.1481236 0.1098521 0.1157820 0.1298839 0.1399758 0.1458066 0.1605048 0.1492410 0.0811649 0.0812055 0.0822070 0.1070515 0.3015977 0.1541446 0.0798759 0.1543791 0.1576633 0.1465069 0.1527757 0.1658309 0.1734928 0.1476184 0.1564952 0.1599169 0.1551152 0.1591023 0.1512772 0.1537987 0.1485830 0.1423613 0.1405356 0.1400404 0.1451279 0.1522901 0.3269688 0.1251787 0.1883625 0.1465868 0.1470819 0.1430864 0.0628744 0.1651076 0.0666326 0.1379085 0.1471499 0.1451258 0.2332214 0.2345630 0.0789310 0.1561658 0.1363795 0.0953158 0.1257634 0.1485726 0.1480649 0.1014448 0.2476404 0.1697964 0.0928484 0.1395452 0.0620436 0.1455665 0.0216424 0.0378537 0.1502628 
Perityle_canescens_77                      0.1408690 0.0743753 0.1286007 0.3876388 0.1075114 0.0923059 0.3878278 0.1786183 0.5628775 0.1463834 0.1228572 0.0592241 0.1230536 0.0393208 0.0620906 0.0565079 0.0594023 0.1345364 0.0000000 0.0589540 0.1188293 0.0670855 0.0831382 0.0263469 0.0694572 0.0610347 0.0709765 0.0852551 0.0712168 0.1203440 0.1112339 0.1374383 0.1249281 0.3009572 0.0741723 0.1008122 0.0662078 0.0795522 0.0720631 0.0647298 0.0823459 0.0895822 0.0609002 0.0493709 0.0563043 0.0674312 0.0765013 0.0686370 0.0652879 0.0620039 0.0422996 0.0588984 0.0618120 0.0692708 0.0709870 0.2681323 0.0668038 0.1408095 0.0656889 0.0651333 0.0514360 0.0325168 0.0861096 0.0348996 0.0606480 0.0716279 0.0692702 0.1668592 0.1790738 0.0324543 0.0678340 0.0542867 0.1394249 0.0602306 0.0680454 0.0704214 0.0328135 0.1773008 0.0843208 0.0778628 0.0575620 0.0384502 0.0636931 0.1390515 0.1103696 0.1234220 
Perityle_castillonii_96                    0.2515585 0.0724650 0.2347612 0.4289056 0.1758788 0.0764306 0.4741039 0.1684569 0.5654840 0.2357098 0.1509487 0.0134858 0.1331814 0.0147994 0.0139786 0.0360573 0.0290158 0.1421859 0.0589540 0.0000000 0.1533980 0.0366877 0.0108801 0.0073486 0.0359040 0.0372311 0.0532689 0.1072204 0.0633458 0.1067501 0.0951805 0.1647632 0.1508868 0.3242838 0.0397476 0.0868566 0.0571865 0.0629494 0.0457141 0.0885459 0.1098389 0.1148117 0.0453859 0.0786606 0.0464237 0.0446209 0.0548153 0.0398924 0.0398484 0.0451684 0.0179848 0.0192611 0.0366596 0.0506368 0.0771398 0.2261272 0.0568493 0.0927738 0.0342262 0.0356396 0.0556690 0.0111684 0.0696387 0.0206132 0.0134813 0.0939231 0.0530487 0.2113997 0.2461551 0.0295167 0.0357742 0.0168587 0.1437200 0.0361402 0.0356034 0.0398378 0.0261468 0.2402033 0.1358093 0.0336108 0.0112008 0.0286718 0.0344681 0.2215229 0.1052909 0.0561822 
Perityle_cernua_84                         0.3186054 0.0740231 0.3115310 0.4978360 0.2368370 0.0904344 0.4852518 0.1683002 0.6144495 0.3139445 0.2939590 0.1469150 0.1505656 0.0630933 0.1577364 0.0389154 0.1702602 0.1987224 0.1188293 0.1533980 0.0000000 0.1389027 0.0806864 0.0248353 0.1231323 0.1580458 0.1676782 0.1867000 0.1679801 0.1545886 0.1642466 0.2911659 0.2587785 0.3071072 0.1648740 0.2208907 0.1548091 0.1578457 0.1664877 0.1494451 0.1537690 0.1600298 0.1528492 0.0857137 0.0901592 0.1519645 0.1739053 0.1570591 0.1405800 0.1634401 0.0725870 0.1455319 0.1555431 0.1656231 0.1456436 0.3721899 0.0661888 0.1124450 0.1512427 0.1549446 0.0642493 0.0292578 0.1263217 0.0322429 0.1455171 0.2038553 0.1656445 0.2289040 0.2611179 0.0322270 0.1600839 0.1420590 0.2225530 0.1670204 0.1561031 0.1406012 0.0278905 0.2580434 0.1797044 0.2132320 0.1438973 0.0354539 0.1549679 0.3052757 0.1077067 0.1140242 
Perityle_cfvillosa_25_tin                  0.2293585 0.0840945 0.2136590 0.4335694 0.1540220 0.0855130 0.4527417 0.1734929 0.5702892 0.2304300 0.1776614 0.0446461 0.1018436 0.0320239 0.0408265 0.0435481 0.0275662 0.1481236 0.0670855 0.0366877 0.1389027 0.0000000 0.0649463 0.0195581 0.0180816 0.0513905 0.0647101 0.0976612 0.0767478 0.1157572 0.1086097 0.1844290 0.1688789 0.3012473 0.0406314 0.0994020 0.0635393 0.0809887 0.0501415 0.0889238 0.1047215 0.1082299 0.0590966 0.0554737 0.0547508 0.0536966 0.0753641 0.0106658 0.0553253 0.0549238 0.0292243 0.0427839 0.0529030 0.0632904 0.0683981 0.2801407 0.0614564 0.1325718 0.0055589 0.0075358 0.0641015 0.0287279 0.0739632 0.0292068 0.0458148 0.0928868 0.0644532 0.2012256 0.2156220 0.0263222 0.0242278 0.0392035 0.1505163 0.0423847 0.0064456 0.0196238 0.0303459 0.2205517 0.1129852 0.0586549 0.0410310 0.0414609 0.0053691 0.2276377 0.1074110 0.1126440 
Perityle_cinerea_113_Powell1310            0.1326094 0.0587103 0.1133614 0.1708368 0.1191203 0.1172077 0.1771131 0.1265461 0.2903991 0.1179642 0.1164726 0.0145393 0.0757595 0.0720689 0.0145762 0.0805815 0.0145393 0.1098521 0.0831382 0.0108801 0.0806864 0.0649463 0.0000000 0.0869886 0.0613548 0.0720870 0.0791772 0.0989756 0.0907103 0.1213034 0.1148487 0.1300681 0.1327381 0.1472006 0.0684742 0.0270473 0.0792697 0.0905989 0.0757009 0.0792821 0.0769367 0.0835960 0.0756718 0.0659085 0.0865137 0.0793317 0.0983024 0.0721508 0.0867438 0.0792402 0.0755952 0.0795706 0.0794709 0.0791772 0.0684241 0.1461548 0.1007740 0.0620889 0.0649463 0.0649463 0.0848087 0.0435048 0.0917025 0.0731734 0.0145689 0.0834537 0.0791772 0.0949390 0.1075561 0.0220264 0.0452204 0.0650033 0.1144005 0.0756895 0.0649463 0.0690810 0.0732061 0.1026303 0.0867392 0.0677053 0.0108946 0.0270532 0.0649463 0.1098016 0.1151470 0.0515093 
Perityle_coahuilensis_24                   0.1292649 0.0566047 0.1101781 0.1308765 0.0746689 0.0784980 0.1259898 0.0985264 0.3105615 0.0921687 0.0924936 0.0110479 0.0195581 0.0032268 0.0148141 0.0499829 0.0110479 0.1157820 0.0263469 0.0073486 0.0248353 0.0195581 0.0869886 0.0000000 0.0195598 0.0229406 0.0363439 0.0563396 0.0468359 0.1261482 0.1167845 0.1073566 0.1222302 0.1221256 0.0228672 0.0289261 0.0262345 0.0468346 0.0230078 0.0389465 0.0000010 0.0000010 0.0262497 0.0228653 0.0363007 0.0296094 0.0468337 0.0262037 0.0398259 0.0295759 0.0097021 0.0195234 0.0263075 0.0363439 0.0195581 0.2404594 0.0602981 0.1999044 0.0195581 0.0195581 0.0396600 0.0296034 0.0465705 0.0267713 0.0148050 0.0364487 0.0363439 0.0640830 0.0792424 0.0141320 0.0235912 0.0097196 0.1191815 0.0296308 0.0195581 0.0228367 0.0262882 0.0712663 0.0363006 0.0640237 0.0073585 0.0280357 0.0195581 0.1118859 0.1099783 0.1308835 
Perityle_cochisensis_44_cave_creek         0.1625399 0.0705592 0.1454623 0.3771455 0.1382907 0.0827832 0.3895571 0.1688820 0.5550376 0.1604508 0.1088561 0.0375131 0.1068934 0.0277325 0.0388209 0.0459712 0.0274786 0.1298839 0.0694572 0.0359040 0.1231323 0.0180816 0.0613548 0.0195598 0.0000000 0.0399909 0.0587805 0.0814033 0.0663084 0.1194224 0.1066293 0.1325364 0.1232774 0.2855320 0.0372384 0.0902373 0.0491300 0.0658646 0.0435251 0.0766137 0.0927216 0.0982859 0.0494232 0.0145532 0.0488991 0.0406772 0.0643860 0.0233536 0.0471495 0.0451937 0.0305955 0.0356585 0.0395697 0.0572134 0.0218668 0.2502018 0.0662315 0.1347986 0.0181018 0.0196737 0.0628787 0.0250629 0.0767554 0.0292285 0.0388986 0.0595289 0.0586115 0.1984375 0.2106847 0.0293260 0.0213120 0.0327292 0.1271055 0.0386019 0.0196511 0.0221346 0.0303475 0.2111498 0.0920624 0.0561510 0.0331855 0.0414981 0.0196679 0.1384293 0.1094799 0.1125716 
Perityle_congesta_202                      0.2493768 0.0803553 0.2361356 0.4174160 0.1699559 0.0716495 0.4465105 0.1735954 0.5693365 0.2389217 0.1610560 0.0415858 0.1366371 0.0289360 0.0385403 0.0461429 0.0426009 0.1399758 0.0610347 0.0372311 0.1580458 0.0513905 0.0720870 0.0229406 0.0399909 0.0000000 0.0543879 0.1072352 0.0708735 0.1141880 0.1045764 0.1686566 0.1583328 0.3158310 0.0512377 0.0927399 0.0600336 0.0652563 0.0465895 0.0980675 0.1245622 0.1305641 0.0502682 0.0852849 0.0445715 0.0473063 0.0609576 0.0572425 0.0183478 0.0482433 0.0311700 0.0397731 0.0105054 0.0542136 0.0903384 0.2658649 0.0568316 0.1308061 0.0468806 0.0545112 0.0586737 0.0287448 0.0713836 0.0239484 0.0427232 0.0986301 0.0553474 0.2077003 0.2483928 0.0324801 0.0518035 0.0352482 0.1440156 0.0072944 0.0533041 0.0570321 0.0021267 0.2403000 0.1311911 0.0567554 0.0391979 0.0351734 0.0511275 0.2359839 0.1074651 0.1126197 
Perityle_cordifolia_27                     0.2585893 0.0839433 0.2442718 0.4286074 0.1758082 0.0743830 0.4382692 0.1633685 0.5665938 0.2516510 0.1732092 0.0524098 0.1510839 0.0488484 0.0581379 0.0610708 0.0508990 0.1458066 0.0709765 0.0532689 0.1676782 0.0647101 0.0791772 0.0363439 0.0587805 0.0543879 0.0000000 0.0935270 0.0653422 0.1125505 0.1046306 0.1781302 0.1701520 0.3086721 0.0691700 0.0945836 0.0734321 0.0639055 0.0583120 0.1051048 0.1367662 0.1416447 0.0575147 0.1045548 0.0670767 0.0589613 0.0550031 0.0667993 0.0583887 0.0626523 0.0533993 0.0545250 0.0570564 0.0052560 0.1081244 0.2788759 0.0450051 0.1505529 0.0568807 0.0629412 0.0557915 0.0287311 0.0638206 0.0078204 0.0523795 0.0918077 0.0041991 0.1946885 0.2205776 0.0406204 0.0610655 0.0499392 0.1531893 0.0575643 0.0616994 0.0647023 0.0305097 0.2185192 0.1460162 0.0607069 0.0522848 0.0283949 0.0606202 0.2398887 0.1013059 0.1130320 
Perityle_cordifolia_68_tecolote            0.2726019 0.0970810 0.2632326 0.4589603 0.1986594 0.1040869 0.4659496 0.1708615 0.5846355 0.2773497 0.2305890 0.1053622 0.1803347 0.0689452 0.1106949 0.0792135 0.1023108 0.1605048 0.0852551 0.1072204 0.1867000 0.0976612 0.0989756 0.0563396 0.0814033 0.1072352 0.0935270 0.0000000 0.1161744 0.1317952 0.1218544 0.2300597 0.1886124 0.3356576 0.1193735 0.1339517 0.1185837 0.0768329 0.1075548 0.1281933 0.1716013 0.1741096 0.1100063 0.1258166 0.0804747 0.1049737 0.0911227 0.1148700 0.1074178 0.1177735 0.0715786 0.1040469 0.1068862 0.0957343 0.1274555 0.3541568 0.0154060 0.1694144 0.1036646 0.1112223 0.0799444 0.0459948 0.1035752 0.0398400 0.1078198 0.1452658 0.0944359 0.2285031 0.2423705 0.0610450 0.1156698 0.1014227 0.1709767 0.1080018 0.1098013 0.0995315 0.0631245 0.2339333 0.1626385 0.1288558 0.1037154 0.0572931 0.1086888 0.2549630 0.1248402 0.1353711 
Perityle_coronopifolia_28_patagonia        0.2549478 0.0767613 0.2371524 0.4435252 0.1820023 0.0861969 0.4614243 0.1687396 0.5956825 0.2455455 0.1737497 0.0680578 0.1661851 0.0570209 0.0646594 0.0662173 0.0597027 0.1492410 0.0712168 0.0633458 0.1679801 0.0767478 0.0907103 0.0468359 0.0663084 0.0708735 0.0653422 0.1161744 0.0000000 0.1152156 0.1084590 0.1791455 0.1580164 0.2993625 0.0801605 0.1009659 0.0804733 0.0835207 0.0610474 0.1206672 0.1421312 0.1506950 0.0700632 0.1015895 0.0743274 0.0671381 0.0747467 0.0806980 0.0713129 0.0756062 0.0603010 0.0698307 0.0721383 0.0640190 0.1076527 0.2635859 0.0664978 0.1575671 0.0677385 0.0755850 0.0386380 0.0252103 0.0623330 0.0294687 0.0656557 0.0738422 0.0651552 0.2221690 0.2563203 0.0355490 0.0744173 0.0648856 0.1500036 0.0686002 0.0743241 0.0817442 0.0467836 0.2449869 0.1524928 0.0693429 0.0643592 0.0350190 0.0732582 0.2451751 0.1148810 0.1233257 
Perityle_crassifolia_70_ventanas           0.0738714 0.0630242 0.0656538 0.3595442 0.1042497 0.0978347 0.3429526 0.1738900 0.6025860 0.0998808 0.1309301 0.1056208 0.1708973 0.1066016 0.1090015 0.1239492 0.1070656 0.0811649 0.1203440 0.1067501 0.1545886 0.1157572 0.1213034 0.1261482 0.1194224 0.1141880 0.1125505 0.1317952 0.1152156 0.0000000 0.0054564 0.0921167 0.0816467 0.2292590 0.1291975 0.0072437 0.1239432 0.1241226 0.1216148 0.1164973 0.1168966 0.1256073 0.1232838 0.1210348 0.1377989 0.1270338 0.1220590 0.1231255 0.1257841 0.1245257 0.1120372 0.1133875 0.1110558 0.1162026 0.1196849 0.2660050 0.1147670 0.1923013 0.1157572 0.1196434 0.1188032 0.0669084 0.1382544 0.0721089 0.1034766 0.1188649 0.1106544 0.2014071 0.2030897 0.0785106 0.1239312 0.1054547 0.0174961 0.1178352 0.1195183 0.1218156 0.1043046 0.2150241 0.1341836 0.0930830 0.1034025 0.0516779 0.1178787 0.0779826 0.0632976 0.1545185 
Perityle_crassifolia_74_playa_balandra     0.0769337 0.0591508 0.0670983 0.2912889 0.1000219 0.0891445 0.3296097 0.1572602 0.5454503 0.0903771 0.1136300 0.0936545 0.1666230 0.0994096 0.0975232 0.1052701 0.0974970 0.0812055 0.1112339 0.0951805 0.1642466 0.1086097 0.1148487 0.1167845 0.1066293 0.1045764 0.1046306 0.1218544 0.1084590 0.0054564 0.0000000 0.0918123 0.0802038 0.0843748 0.1129227 0.0141755 0.1156466 0.1218205 0.1108110 0.1058237 0.1182597 0.1282338 0.1103540 0.1040005 0.1246133 0.1169066 0.1217633 0.1148040 0.1182516 0.1096404 0.1056471 0.1015961 0.1051897 0.1087804 0.1086883 0.1923566 0.1107698 0.1753878 0.1086719 0.1107666 0.1023759 0.0598509 0.1227697 0.0644493 0.0912638 0.1116066 0.1024832 0.2079029 0.2099995 0.0785622 0.1128853 0.0927266 0.0181531 0.1077764 0.1106354 0.1113547 0.0963330 0.2253659 0.1230455 0.0971088 0.0911901 0.0483292 0.1107666 0.0775534 0.0603966 0.1394869 
Perityle_cuneata_34_cuneata_San_antonio    0.1940674 0.0887991 0.1814250 0.4792711 0.2577817 0.0883676 0.4388476 0.1481620 0.5771438 0.2268424 0.2070336 0.1719062 0.2691998 0.1781694 0.1355983 0.1483084 0.1351001 0.0822070 0.1374383 0.1647632 0.2911659 0.1844290 0.1300681 0.1073566 0.1325364 0.1686566 0.1781302 0.2300597 0.1791455 0.0921167 0.0918123 0.0000000 0.1125857 0.3038011 0.1603336 0.0919889 0.2027976 0.1810318 0.1469897 0.2181559 0.2414596 0.2503735 0.1825400 0.2075335 0.1801913 0.1838805 0.1754818 0.1861750 0.1836588 0.1851218 0.1601403 0.1749128 0.1731437 0.1761429 0.1913274 0.3264241 0.1365433 0.2056702 0.1670492 0.1859509 0.1568202 0.0751695 0.1706966 0.0983507 0.1719290 0.1966114 0.1761409 0.3269002 0.3557014 0.0903878 0.1872250 0.1658871 0.0909447 0.1360551 0.1856091 0.1909977 0.1197078 0.3618256 0.2672847 0.1125868 0.1701264 0.0991823 0.1844278 0.1732134 0.0513837 0.1648395 
Perityle_cuneata_4                         0.1398092 0.0765945 0.1271604 0.4515539 0.2153705 0.1118233 0.4392968 0.1571833 0.6284715 0.2074270 0.2136578 0.1670251 0.2551528 0.1547833 0.1302463 0.1301688 0.1193106 0.1070515 0.1249281 0.1508868 0.2587785 0.1688789 0.1327381 0.1222302 0.1232774 0.1583328 0.1701520 0.1886124 0.1580164 0.0816467 0.0802038 0.1125857 0.0000000 0.3343823 0.1490726 0.0821580 0.1762628 0.1710506 0.1287811 0.1999163 0.2321401 0.2381965 0.1673462 0.1876923 0.1474757 0.1665834 0.1692574 0.1719241 0.1665453 0.1550918 0.1338327 0.1626370 0.1578592 0.1694756 0.1903828 0.3151552 0.1194515 0.1743454 0.1563094 0.1713834 0.1277707 0.0745954 0.1448607 0.0671705 0.1669091 0.1713237 0.1694714 0.2921081 0.3132758 0.0631067 0.1690686 0.1579052 0.0888720 0.1198434 0.1711662 0.1783550 0.1028463 0.3122027 0.2195111 0.1056171 0.1650473 0.0661729 0.1683914 0.1517370 0.0781757 0.1598903 
Perityle_discoidea_81                      0.3465262 0.0518900 0.3017345 0.4462448 0.2988219 0.2321519 0.3813952 0.1594786 0.6333747 0.2808221 0.2855039 0.3089016 0.2978464 0.3002242 0.3152107 0.2823874 0.2906788 0.3015977 0.3009572 0.3242838 0.3071072 0.3012473 0.1472006 0.1221256 0.2855320 0.3158310 0.3086721 0.3356576 0.2993625 0.2292590 0.0843748 0.3038011 0.3343823 0.0000000 0.3106565 0.0086238 0.3232574 0.2986599 0.3158746 0.2781417 0.3038034 0.3038034 0.3155841 0.3076543 0.2936876 0.3348177 0.3196366 0.3106098 0.3351400 0.3164605 0.2997308 0.3081082 0.3162509 0.3045456 0.2942281 0.5811379 0.2898951 0.2295046 0.3012473 0.3012473 0.3044380 0.0699859 0.2762299 0.0661067 0.2999098 0.2866677 0.3039805 0.2531157 0.2607794 0.0243988 0.3083966 0.3092245 0.2680876 0.3040777 0.3057724 0.2993899 0.1541883 0.2582289 0.3160921 0.1192217 0.3043939 0.0388624 0.3014685 0.3071046 0.2642935 0.1604081 
Perityle_dissecta_201                      0.2505874 0.0839838 0.2360154 0.4195490 0.1843946 0.0854035 0.4459259 0.1684456 0.5755641 0.2465659 0.1551909 0.0422204 0.1244118 0.0331790 0.0459046 0.0562080 0.0505451 0.1541446 0.0741723 0.0397476 0.1648740 0.0406314 0.0684742 0.0228672 0.0372384 0.0512377 0.0691700 0.1193735 0.0801605 0.1291975 0.1129227 0.1603336 0.1490726 0.3106565 0.0000000 0.0993725 0.0686962 0.0607870 0.0585895 0.1085591 0.1294429 0.1318271 0.0597379 0.0760303 0.0555190 0.0576151 0.0530255 0.0471211 0.0556184 0.0568871 0.0364319 0.0416280 0.0507745 0.0676827 0.0779703 0.2743859 0.0774798 0.1382126 0.0413515 0.0429964 0.0691026 0.0323724 0.0782787 0.0273362 0.0447536 0.1071042 0.0688861 0.2293363 0.2642562 0.0365820 0.0424192 0.0368588 0.1575422 0.0513979 0.0429532 0.0450379 0.0332658 0.2560412 0.1435268 0.0561284 0.0410528 0.0361560 0.0441553 0.2225371 0.1181167 0.1124868 
Perityle_emoryi_47_punta_san_jose          0.1394353 0.0474892 0.1296029 0.3120068 0.1862276 0.0204051 0.3392303 0.1015505 0.4206521 0.1893360 0.1139782 0.0918480 0.2417850 0.0602908 0.0957269 0.0530428 0.0890906 0.0798759 0.1008122 0.0868566 0.2208907 0.0994020 0.0270473 0.0289261 0.0902373 0.0927399 0.0945836 0.1339517 0.1009659 0.0072437 0.0141755 0.0919889 0.0821580 0.0086238 0.0993725 0.0000000 0.1044369 0.1134883 0.0952014 0.1580515 0.1874607 0.1968655 0.0944300 0.0550892 0.0797904 0.0949113 0.1112115 0.0971920 0.0907096 0.0933946 0.0682157 0.0936125 0.0866267 0.0988856 0.0935488 0.1065221 0.0476589 0.0622555 0.0951120 0.0970172 0.0490054 0.0185384 0.1133271 0.0322391 0.0938477 0.0972357 0.0943189 0.2922988 0.3219513 0.0795806 0.0928753 0.0819336 0.0020604 0.0897880 0.0969790 0.0957682 0.0469876 0.3368937 0.1869650 0.0930747 0.0914593 0.0411831 0.0993774 0.1376498 0.0505457 0.0217776 
Perityle_feddemae_99                       0.2720387 0.0879055 0.2560035 0.4445919 0.1820880 0.0855607 0.4548952 0.1829450 0.5812879 0.2398012 0.1818983 0.0608478 0.1483705 0.0437798 0.0595662 0.0553454 0.0502876 0.1543791 0.0662078 0.0571865 0.1548091 0.0635393 0.0792697 0.0262345 0.0491300 0.0600336 0.0734321 0.1185837 0.0804733 0.1239432 0.1156466 0.2027976 0.1762628 0.3232574 0.0686962 0.1044369 0.0000000 0.0828587 0.0595469 0.1092282 0.1354928 0.1414994 0.0275314 0.0931887 0.0289673 0.0567259 0.0847244 0.0734860 0.0594092 0.0287493 0.0440810 0.0604038 0.0602984 0.0720016 0.1011751 0.2837578 0.0710086 0.1421456 0.0616228 0.0685864 0.0663267 0.0323825 0.0843567 0.0320361 0.0608342 0.1094732 0.0720115 0.2225598 0.2462528 0.0354954 0.0671659 0.0546387 0.1653208 0.0524066 0.0696608 0.0680441 0.0303631 0.2446524 0.1296139 0.0715788 0.0583959 0.0384162 0.0685976 0.2555484 0.1217605 0.1188226 
Perityle_fosteri_93                        0.2363486 0.0960528 0.2165572 0.4486685 0.1539511 0.0777224 0.4544113 0.1792158 0.6107253 0.2214632 0.1808027 0.0665437 0.1613815 0.0609178 0.0679279 0.0744999 0.0630962 0.1576633 0.0795522 0.0629494 0.1578457 0.0809887 0.0905989 0.0468346 0.0658646 0.0652563 0.0639055 0.0768329 0.0835207 0.1241226 0.1218205 0.1810318 0.1710506 0.2986599 0.0607870 0.1134883 0.0828587 0.0000000 0.0728852 0.1146105 0.1340869 0.1389099 0.0738727 0.1185438 0.0765540 0.0751513 0.0286577 0.0846747 0.0711388 0.0780192 0.0642196 0.0648004 0.0658608 0.0649018 0.1200703 0.3019344 0.0522651 0.1640437 0.0708921 0.0820525 0.0702310 0.0399822 0.0917463 0.0433118 0.0689709 0.1001132 0.0636458 0.1987698 0.2255529 0.0605046 0.0819297 0.0575244 0.1591697 0.0608237 0.0807069 0.0866774 0.0554971 0.2222444 0.1322699 0.0809308 0.0651336 0.0519832 0.0795852 0.2286694 0.1228631 0.1300813 
Perityle_gamon_221                         0.2257100 0.0804841 0.2110544 0.3962789 0.1838551 0.0777167 0.4328727 0.1693968 0.5899062 0.2335640 0.1353644 0.0484098 0.1446576 0.0412103 0.0507674 0.0522164 0.0446579 0.1465069 0.0720631 0.0457141 0.1664877 0.0501415 0.0757009 0.0230078 0.0435251 0.0465895 0.0583120 0.1075548 0.0610474 0.1216148 0.1108110 0.1469897 0.1287811 0.3158746 0.0585895 0.0952014 0.0595469 0.0728852 0.0000000 0.1102446 0.1340491 0.1391562 0.0465010 0.0584410 0.0526979 0.0191416 0.0679026 0.0541295 0.0497703 0.0486922 0.0453060 0.0462412 0.0461586 0.0569482 0.0645216 0.2623056 0.0571527 0.1421004 0.0481784 0.0499547 0.0523028 0.0251158 0.0660269 0.0238479 0.0496733 0.0687674 0.0581659 0.2203019 0.2522324 0.0474198 0.0506155 0.0412568 0.1328214 0.0471535 0.0499031 0.0535754 0.0282358 0.2434818 0.1437839 0.0676142 0.0483300 0.0349965 0.0487613 0.1958997 0.1159551 0.1132385 
Perityle_gentryi_8_san_francisco           0.2353753 0.0843113 0.2280588 0.4226746 0.1705987 0.0969663 0.4607977 0.1688341 0.5894284 0.2366982 0.2042344 0.0899582 0.1453985 0.0399187 0.0921346 0.0142440 0.0962381 0.1527757 0.0647298 0.0885459 0.1494451 0.0889238 0.0792821 0.0389465 0.0766137 0.0980675 0.1051048 0.1281933 0.1206672 0.1164973 0.1058237 0.2181559 0.1999163 0.2781417 0.1085591 0.1580515 0.1092282 0.1146105 0.1102446 0.0000000 0.1253592 0.1371779 0.1033405 0.0899883 0.0565437 0.1018485 0.1179736 0.1015988 0.0904794 0.1055876 0.0421798 0.0934528 0.0968661 0.1060027 0.0858955 0.3079275 0.0689867 0.1096192 0.0956978 0.0976462 0.0626958 0.0361878 0.1014962 0.0348746 0.0885530 0.1422155 0.1060012 0.2290474 0.2370263 0.0240435 0.0965355 0.0879935 0.1823898 0.1047967 0.0975376 0.0879207 0.0395591 0.2443000 0.1394444 0.1312580 0.0871361 0.0352900 0.0950036 0.2613451 0.1186379 0.1229989 
Perityle_gilensis_22_Superstition          0.2749619 0.0843027 0.2599796 0.4506175 0.1886681 0.0861704 0.4806153 0.1744697 0.6023576 0.2751275 0.2616195 0.1055063 0.1514353 0.0184402 0.1147771 0.0454174 0.1333338 0.1658309 0.0823459 0.1098389 0.1537690 0.1047215 0.0769367 0.0000010 0.0927216 0.1245622 0.1367662 0.1716013 0.1421312 0.1168966 0.1182597 0.2414596 0.2321401 0.3038034 0.1294429 0.1874607 0.1354928 0.1340869 0.1340491 0.1253592 0.0000000 0.0113374 0.1250928 0.0787445 0.0595593 0.1242885 0.1458448 0.1277180 0.1168081 0.1311001 0.0255516 0.0972276 0.1237832 0.1362375 0.1132951 0.3640836 0.0618591 0.1356418 0.1174011 0.1243424 0.0538147 0.0288536 0.1215301 0.0293040 0.1042462 0.1647039 0.1374653 0.2161755 0.2498237 0.0352391 0.1285204 0.1039818 0.1919355 0.1292428 0.1241476 0.1078750 0.0283271 0.2465529 0.1679387 0.1822892 0.1040526 0.0349831 0.1217767 0.2976952 0.1080736 0.1167150 
Perityle_gilensis_salensis_225             0.2792882 0.0843027 0.2642495 0.4560959 0.1979463 0.0861704 0.4836826 0.1744697 0.6104813 0.2841268 0.2700844 0.1115473 0.1535295 0.0271138 0.1199821 0.0487187 0.1389815 0.1734928 0.0895822 0.1148117 0.1600298 0.1082299 0.0835960 0.0000010 0.0982859 0.1305641 0.1416447 0.1741096 0.1506950 0.1256073 0.1282338 0.2503735 0.2381965 0.3038034 0.1318271 0.1968655 0.1414994 0.1389099 0.1391562 0.1371779 0.0113374 0.0000000 0.1310671 0.0833499 0.0678025 0.1301684 0.1507199 0.1311953 0.1240174 0.1358691 0.0332699 0.1018050 0.1296913 0.1410958 0.1199047 0.3703895 0.0618591 0.1446030 0.1222011 0.1278473 0.0555212 0.0288536 0.1290218 0.0293040 0.1114999 0.1735282 0.1423286 0.2191231 0.2481429 0.0473191 0.1320829 0.1097418 0.1963180 0.1347104 0.1276465 0.1114537 0.0305235 0.2448619 0.1728818 0.1900562 0.1100729 0.0349831 0.1252700 0.3006385 0.1142419 0.1167150 
Perityle_glaucescens_94                    0.2661125 0.0764501 0.2501120 0.4369332 0.1758311 0.0801769 0.4512839 0.1643095 0.5664440 0.2431906 0.1776930 0.0494779 0.1433176 0.0376680 0.0509757 0.0489513 0.0451379 0.1476184 0.0609002 0.0453859 0.1528492 0.0590966 0.0756718 0.0262497 0.0494232 0.0502682 0.0575147 0.1100063 0.0700632 0.1232838 0.1103540 0.1825400 0.1673462 0.3155841 0.0597379 0.0944300 0.0275314 0.0738727 0.0465010 0.1033405 0.1250928 0.1310671 0.0000000 0.0917063 0.0224731 0.0492358 0.0703011 0.0636842 0.0507040 0.0127142 0.0389734 0.0496391 0.0506653 0.0562197 0.0923253 0.2584138 0.0663830 0.1402960 0.0537747 0.0596300 0.0595571 0.0251054 0.0722862 0.0239740 0.0517818 0.0952321 0.0562274 0.2105659 0.2381252 0.0325073 0.0559371 0.0449260 0.1563365 0.0476029 0.0607022 0.0625334 0.0329039 0.2327601 0.1317088 0.0645873 0.0493799 0.0284581 0.0596400 0.2526159 0.1145037 0.1091187 
Perityle_gracilis_11                       0.1898139 0.0879613 0.1761409 0.4219945 0.1441478 0.0857939 0.4212628 0.1783637 0.5593807 0.1836282 0.1736739 0.0822771 0.0574219 0.0750742 0.0518518 0.0686380 0.0260132 0.1564952 0.0493709 0.0786606 0.0857137 0.0554737 0.0659085 0.0228653 0.0145532 0.0852849 0.1045548 0.1258166 0.1015895 0.1210348 0.1040005 0.2075335 0.1876923 0.3076543 0.0760303 0.0550892 0.0931887 0.1185438 0.0584410 0.0899883 0.0787445 0.0833499 0.0917063 0.0000000 0.0995663 0.0896727 0.1167300 0.0555754 0.0984279 0.0920239 0.0623740 0.0763191 0.0867792 0.1026112 0.0510924 0.3187798 0.0664470 0.1458950 0.0525309 0.0554975 0.0653371 0.0323931 0.0948220 0.0271837 0.0804697 0.1066040 0.1026406 0.1547920 0.1646751 0.0255125 0.0697825 0.0741197 0.1716023 0.0380579 0.0554737 0.0575861 0.0332754 0.1632891 0.0897288 0.0504484 0.0804597 0.0414464 0.0570276 0.1889248 0.1118928 0.1159239 
