85
Amauria_brandeegeana_62                    0.0000000 0.1307145 0.2281925 0.4026590 0.2715268 0.2061950 0.2934617 0.2332831 0.4305758 0.1490196 0.3885597 0.3914626 0.3046000 0.3817111 0.3456245 0.2383639 0.2773643 0.2755064 0.2561470 0.2769525 0.2230832 0.3895109 0.3496323 0.2411744 0.3932619 0.3027916 0.3988742 0.3339865 0.2397641 0.1838536 0.1324421 0.4538709 0.2852465 0.1837663 0.4228069 0.0840419 0.2935347 0.2896537 0.2675971 0.2545821 0.2565464 0.2553656 0.2843179 0.3088584 0.2768753 0.2837317 0.3509703 0.4055135 0.2805756 0.2415987 0.3502025 0.2373673 0.1981702 0.3067194 0.4014190 0.2402172 0.2751755 0.3309407 0.3642783 0.2569049 0.0607097 0.4831763 0.1781036 0.3487803 0.2394197 0.2473276 0.4260510 0.4006897 0.1682821 0.3730637 0.2425960 0.2565689 0.4277925 0.3568145 0.2318468 0.2003735 0.3672620 0.2420192 0.3864017 0.3080490 0.5038814 0.3503074 0.2666202 0.1035108 0.1829383 
Amauria_carterae_99_mesa                   0.1307145 0.0000000 0.1226647 0.2988152 0.2415238 0.1971929 0.2444310 0.1477484 0.3239404 0.0562135 0.2449085 0.2841653 0.2702278 0.2526006 0.2311128 0.1225881 0.2590484 0.2174430 0.1673135 0.2675019 0.1009685 0.2505162 0.3232765 0.1278310 0.2523588 0.2676568 0.2576426 0.2872595 0.2027445 0.1453675 0.2378619 0.3970336 0.2072886 0.0953886 0.3000580 0.0710758 0.1669665 0.2634476 0.1406878 0.1398996 0.1316734 0.1320477 0.1576954 0.2752944 0.1440558 0.1530962 0.2088896 0.2544593 0.1497781 0.1274794 0.2693578 0.1136381 0.1780150 0.2656424 0.2851688 0.2491261 0.1180088 0.2673069 0.1861652 0.2567691 0.0607602 0.4065413 0.1844258 0.1936034 0.1510459 0.1244714 0.2721394 0.3199828 0.1645299 0.2184229 0.1275682 0.1571560 0.3413501 0.2344076 0.1942666 0.1460531 0.2795267 0.1507084 0.2511435 0.2722039 0.2818999 0.1898026 0.1378143 0.0798752 0.1292498 
Amauria_rotundifolia_SRR9119150            0.2281925 0.1226647 0.0000000 0.3840091 0.3064002 0.1876290 0.3278128 0.1762301 0.3858408 0.1690196 0.3240196 0.3846340 0.3497262 0.3028261 0.2586716 0.1823869 0.2627892 0.3091513 0.1861094 0.3192806 0.1330702 0.3063594 0.3391630 0.1775053 0.3023303 0.3476024 0.3296737 0.3863305 0.2694016 0.1602701 0.2316097 0.4458771 0.2857515 0.1839552 0.4347190 0.1604942 0.2319412 0.3310712 0.1950086 0.1835051 0.1855833 0.1855334 0.2250110 0.3535661 0.2342266 0.2058532 0.2293480 0.3382736 0.2233526 0.1726147 0.3726052 0.1690575 0.2501750 0.3464566 0.3597455 0.2445397 0.2134897 0.3539901 0.2836295 0.2938911 0.0630617 0.5134570 0.2062607 0.2593871 0.2192016 0.1834926 0.3295638 0.4235770 0.1574733 0.3332733 0.1763491 0.2052814 0.4049018 0.2646660 0.2255028 0.1576869 0.3672441 0.2314820 0.3236892 0.3461461 0.4513395 0.2587848 0.2031515 0.0790814 0.1694674 
Conoclinium_coelestinum_SRR9119114         0.4026590 0.2988152 0.3840091 0.0000000 0.3597588 0.2412288 0.2591743 0.3036044 0.4384302 0.3911076 0.4449034 0.4218826 0.3820612 0.4309276 0.3894484 0.3295808 0.3480313 0.3849420 0.3789056 0.3763156 0.3407998 0.4389492 0.3805659 0.3615678 0.4329528 0.3821944 0.4559463 0.3968109 0.3674471 0.2957477 0.2383517 0.5639304 0.3468666 0.4165216 0.3691028 0.3493403 0.3921138 0.3791076 0.3538460 0.3737947 0.3480268 0.3642061 0.3893630 0.3858229 0.3729977 0.3706268 0.3568847 0.4409478 0.3796312 0.3676061 0.3979710 0.3583453 0.3228114 0.3843073 0.4448769 0.2835855 0.3635027 0.3901057 0.3765709 0.3008820 0.1722466 0.5539957 0.2628842 0.3855625 0.3586151 0.3562992 0.4753113 0.5116193 0.1894582 0.3722930 0.3628713 0.3760822 0.4611817 0.3955845 0.3494230 0.2238728 0.4992224 0.3971897 0.4380723 0.3834901 0.4581441 0.3799310 0.3671108 0.1431982 0.3016006 
Eutetras_palmeri_63                        0.2715268 0.2415238 0.3064002 0.3597588 0.0000000 0.1941749 0.1986483 0.2220245 0.4133169 0.3024427 0.4227468 0.0710899 0.0720491 0.3845287 0.3615742 0.1906548 0.0778581 0.3053644 0.1802261 0.0712482 0.1522130 0.3790037 0.4921074 0.1893194 0.3988684 0.0732969 0.4176527 0.0968272 0.2216168 0.1811532 0.7587343 0.1869750 0.2280401 0.3057055 0.1338215 0.2524536 0.2158781 0.0762708 0.1856820 0.1988635 0.1812471 0.2054036 0.2037646 0.0757294 0.2139608 0.2034199 0.2044013 0.4195809 0.2096988 0.1914670 0.0747270 0.1851601 0.2295149 0.0696058 0.4297864 0.0973995 0.2400759 0.0834531 0.3922565 0.2914767 0.1215369 0.3939342 0.1192548 0.0757248 0.1763266 0.1911985 0.4141974 0.2708963 0.1303176 0.1877834 0.1878380 0.2156708 0.0832821 0.3447379 0.0754703 0.0990176 0.2326172 0.2924147 0.3917450 0.0744207 0.3369577 0.0858941 0.1879454 0.1505421 0.1924349 
Eutetras_pringlei_149_quer                 0.2061950 0.1971929 0.1876290 0.2412288 0.1941749 0.0000000 0.2157804 0.1909142 0.2613522 0.2099231 0.1605678 0.2233470 0.1998801 0.1604781 0.1286628 0.2252295 0.1937524 0.2046129 0.2388529 0.1993047 0.2328565 0.1603208 0.1253967 0.2391938 0.1730560 0.1998801 0.1845094 0.2216124 0.2113231 0.2098182 0.1363783 0.4282018 0.2150927 0.2367005 0.1938987 0.1883142 0.2394748 0.2051354 0.2288651 0.2422604 0.2499482 0.2431350 0.2336231 0.1945810 0.2373258 0.2387356 0.2224972 0.1696231 0.2381072 0.2431479 0.1887990 0.2491535 0.1994354 0.1993047 0.1501223 0.2112103 0.2388967 0.2041622 0.1692951 0.1380834 0.1913375 0.1487489 0.2175802 0.2292884 0.2112854 0.2677185 0.1727856 0.3018380 0.1654560 0.1503765 0.2391938 0.2497313 0.2513120 0.1464256 0.1993355 0.1749194 0.2929629 0.2515224 0.1602457 0.2102157 0.1801786 0.2252270 0.2619917 0.1827466 0.2058380 
Eutrochium_fistulosum_SRR9119106           0.2934617 0.2444310 0.3278128 0.2591743 0.1986483 0.2157804 0.0000000 0.2466933 0.3735903 0.3042610 0.3770944 0.2768537 0.2234128 0.3673403 0.3341349 0.2465974 0.2151684 0.3227532 0.2837010 0.2219675 0.2468434 0.3736970 0.3557098 0.2714081 0.3703516 0.2251794 0.3907847 0.2839076 0.2877954 0.1882355 0.1831676 0.4238324 0.2797126 0.3301969 0.2957762 0.2628800 0.3006310 0.2310780 0.2979286 0.2880125 0.2681213 0.2822343 0.2980077 0.2267729 0.2880037 0.3098274 0.3170735 0.3860987 0.2985773 0.2778396 0.2545419 0.2660573 0.2448132 0.2282827 0.3785488 0.2096939 0.3140077 0.2460546 0.3717559 0.2799812 0.1297209 0.4311373 0.1611977 0.2814738 0.2668409 0.2703695 0.3893927 0.3521078 0.1617526 0.2957946 0.2725080 0.2820886 0.3138077 0.3199822 0.1954874 0.2115647 0.3528767 0.3146550 0.3741010 0.2287969 0.4869359 0.2856266 0.2782208 0.1443086 0.2176812 
Galeana_pratensis_104_mex                  0.2332831 0.1477484 0.1762301 0.3036044 0.2220245 0.1909142 0.2466933 0.0000000 0.3048476 0.1772448 0.2406483 0.2534428 0.2505553 0.2222835 0.2187940 0.1801675 0.2041681 0.2370668 0.1867984 0.2503709 0.1535615 0.2341686 0.2422824 0.1663037 0.2356390 0.2475603 0.2520063 0.2536642 0.2368520 0.1384255 0.2449127 0.4195283 0.2146272 0.1877640 0.2363183 0.1879363 0.2118091 0.2481158 0.1741994 0.1875973 0.1610147 0.1615974 0.2057296 0.2532427 0.1933139 0.1790480 0.2028624 0.2350747 0.1980330 0.1597435 0.2522147 0.1693960 0.2511934 0.2412583 0.2639364 0.2058836 0.1802715 0.2502283 0.2172214 0.2750616 0.0946006 0.3614248 0.1904672 0.2056488 0.1898751 0.1856374 0.2403312 0.2923833 0.1794527 0.1957313 0.1676265 0.1704769 0.2982865 0.2169064 0.1753462 0.1738926 0.2496298 0.2093851 0.2367749 0.2467935 0.3077016 0.2095420 0.1939260 0.0943611 0.1862629 
Helianthus_annuus_SRR9119062               0.4305758 0.3239404 0.3858408 0.4384302 0.4133169 0.2613522 0.3735903 0.3048476 0.0000000 0.4097823 0.4470790 0.4468063 0.4295364 0.4384384 0.3841291 0.3592231 0.4198046 0.3791260 0.3602372 0.4050223 0.3513700 0.4314430 0.3963516 0.3896956 0.4350786 0.4295364 0.4577538 0.4089070 0.4180460 0.3068385 0.2499865 0.5223083 0.3928572 0.4039291 0.4052696 0.3672207 0.3828444 0.3972098 0.3795178 0.3766235 0.3886632 0.4030442 0.3807522 0.4287905 0.3887624 0.3893509 0.3868129 0.4471149 0.3790587 0.3780566 0.4382676 0.3812125 0.4127436 0.4291189 0.4432317 0.2893658 0.3572819 0.4426363 0.3872045 0.2941573 0.1534618 0.4998399 0.2520165 0.4118482 0.3727712 0.3791380 0.4513311 0.4857159 0.2381378 0.4154770 0.3874352 0.3861836 0.4864445 0.4249790 0.3727516 0.2219909 0.4024470 0.4011140 0.4363815 0.4304592 0.4583914 0.4162478 0.3926396 0.1541491 0.3440831 
Lycapsus_tenuifolius_17                    0.1490196 0.0562135 0.1690196 0.3911076 0.3024427 0.2099231 0.3042610 0.1772448 0.4097823 0.0000000 0.2981507 0.3419613 0.3378284 0.2749037 0.2375861 0.1701898 0.2648952 0.3039262 0.1675122 0.3103349 0.1142374 0.2811000 0.3730902 0.1586855 0.2810151 0.3363171 0.3120048 0.3602570 0.2471488 0.1559390 0.2581681 0.4206383 0.2973451 0.0499009 0.3922658 0.0721231 0.2154692 0.3223338 0.1867749 0.1733034 0.1708240 0.1650304 0.2037125 0.3412289 0.2100137 0.1991801 0.2198679 0.3056216 0.1970338 0.1604766 0.3346738 0.1532674 0.2390723 0.3328752 0.3279661 0.2242961 0.1904942 0.3402576 0.2424296 0.3026337 0.0793580 0.4723308 0.1802293 0.2297909 0.2088946 0.1676266 0.3062867 0.4161003 0.1879131 0.3064478 0.1611919 0.1779460 0.3831720 0.2536051 0.2252162 0.1536647 0.3865662 0.2025749 0.2896583 0.3341784 0.4014725 0.2353623 0.1698521 0.0793883 0.1550916 
Pericome_caudata_50_silver                 0.3885597 0.2449085 0.3240196 0.4449034 0.4227468 0.1605678 0.3770944 0.2406483 0.4470790 0.2981507 0.0000000 0.4957223 0.4466108 0.0820993 0.0675297 0.2601935 0.4076414 0.3939696 0.2659353 0.4233576 0.2138470 0.0906854 0.2663031 0.2433314 0.0904973 0.4472851 0.1251440 0.4754595 0.3835276 0.2645931 0.2557493 0.5470770 0.3659802 0.2950264 0.4920421 0.2734292 0.2922083 0.4281814 0.2612500 0.2716564 0.2364203 0.2439144 0.2861087 0.4490049 0.3167350 0.2689841 0.2331453 0.1009433 0.2831942 0.2457117 0.4816498 0.2552174 0.4018805 0.4487285 0.1208613 0.3500085 0.2926837 0.4583675 0.1079932 0.1607084 0.2281860 0.1663380 0.3310646 0.2862390 0.3066126 0.2696012 0.1141241 0.5166262 0.2112591 0.3716613 0.2497295 0.2479024 0.4988938 0.1045381 0.3818533 0.2028985 0.4940272 0.3206548 0.0964342 0.4515149 0.2832569 0.2926440 0.2944873 0.1833350 0.3237333 
Perityle_aglossa_84_dead_horse             0.3914626 0.2841653 0.3846340 0.4218826 0.0710899 0.2233470 0.2768537 0.2534428 0.4468063 0.3419613 0.4957223 0.0000000 0.0226673 0.4533191 0.3921180 0.2510021 0.0202650 0.3904433 0.2449731 0.0176204 0.2305196 0.4486518 0.4866351 0.2562072 0.4596628 0.0238274 0.4810373 0.0467905 0.2963727 0.2033861 0.7202771 0.2384284 0.2878744 0.3771134 0.0713087 0.2978004 0.2966974 0.0197629 0.2517695 0.2675433 0.2411451 0.2750677 0.2896400 0.0249697 0.2976004 0.2714221 0.2034695 0.4805084 0.2937912 0.2560837 0.0277656 0.2506607 0.2740183 0.0180688 0.4781058 0.0381296 0.3528570 0.0296084 0.4530187 0.3351306 0.1579669 0.4379333 0.1582257 0.0436491 0.2475849 0.2600339 0.4860973 0.3321879 0.1535776 0.1679451 0.2531724 0.2762212 0.0272133 0.3764626 0.0240641 0.0584365 0.3043000 0.3597812 0.4327237 0.0191802 0.4138182 0.0542404 0.2615178 0.1531539 0.2302127 
Perityle_ajoensis_204                      0.3046000 0.2702278 0.3497262 0.3820612 0.0720491 0.1998801 0.2234128 0.2505553 0.4295364 0.3378284 0.4466108 0.0226673 0.0000000 0.4104050 0.3832731 0.2301133 0.0238269 0.3304999 0.2221715 0.0242570 0.1832034 0.4054160 0.4767399 0.2263981 0.4293086 0.0054811 0.4405049 0.0544865 0.2634781 0.2046135 0.6447751 0.2182459 0.2618831 0.3410816 0.0924883 0.2823025 0.2497322 0.0279368 0.2116421 0.2368187 0.2012559 0.2450700 0.2437928 0.0076836 0.2527701 0.2359838 0.1417023 0.4430396 0.2469748 0.2290555 0.0268211 0.2179762 0.2734253 0.0244658 0.4569135 0.0461957 0.2976081 0.0353562 0.4017584 0.3151516 0.1581216 0.4273053 0.1631500 0.0278798 0.2159263 0.2369874 0.4333176 0.2991677 0.1384001 0.1822720 0.2248242 0.2362175 0.0352867 0.3614561 0.0189895 0.0384422 0.2706024 0.3317036 0.4186912 0.0267173 0.3372741 0.0376600 0.2320978 0.1564347 0.2346974 
Perityle_ambrosiifolia_67_green            0.3817111 0.2526006 0.3028261 0.4309276 0.3845287 0.1604781 0.3673403 0.2222835 0.4384384 0.2749037 0.0820993 0.4533191 0.4104050 0.0000000 0.0276972 0.2319713 0.3597415 0.3764772 0.2415869 0.4164160 0.1845093 0.0424145 0.2562443 0.1922017 0.0290810 0.4085569 0.0819260 0.4607344 0.3798155 0.2357471 0.2863157 0.5167279 0.3424277 0.2651470 0.4745922 0.2802237 0.2625454 0.4165630 0.2268878 0.2398243 0.1631800 0.1930320 0.2631768 0.4124013 0.2831901 0.2414793 0.2031195 0.0411564 0.2569572 0.2133703 0.4310755 0.2147579 0.3670955 0.4058762 0.1067125 0.3413108 0.2824348 0.4213704 0.0740332 0.1635233 0.2214209 0.1269078 0.3211917 0.2535733 0.2978740 0.2415138 0.0978956 0.4472947 0.2194858 0.3442193 0.2015579 0.2251236 0.4627933 0.0425081 0.3301969 0.1979783 0.4474294 0.2776242 0.0418825 0.4145352 0.2779314 0.2589918 0.2658391 0.1735606 0.3023640 
Perityle_angustifolia_13_Eagle_creek       0.3456245 0.2311128 0.2586716 0.3894484 0.3615742 0.1286628 0.3341349 0.2187940 0.3841291 0.2375861 0.0675297 0.3921180 0.3832731 0.0276972 0.0000000 0.1993103 0.3499731 0.3293464 0.2196421 0.3858850 0.1692854 0.0264248 0.2159490 0.1842109 0.0341880 0.3808237 0.0688150 0.4136042 0.3178289 0.2061451 0.2518802 0.5076457 0.2971044 0.2323572 0.3867472 0.2581460 0.2280399 0.3851100 0.1880556 0.2071642 0.1687210 0.1872448 0.2298169 0.3855831 0.2449055 0.2004876 0.2068631 0.0248375 0.2197534 0.1860333 0.3850499 0.1903818 0.3260139 0.3758145 0.0958404 0.3298522 0.2096254 0.3862742 0.0388572 0.1483692 0.2128441 0.1229001 0.3128051 0.1952555 0.2536873 0.1940271 0.0911990 0.4098661 0.1892235 0.2611988 0.1948329 0.1976437 0.4278003 0.0310833 0.3085737 0.1854430 0.4055460 0.2554898 0.0256456 0.3903282 0.2237067 0.2017715 0.2042189 0.1636142 0.2720638 
Perityle_batopilensis_97                   0.2383639 0.1225881 0.1823869 0.3295808 0.1906548 0.2252295 0.2465974 0.1801675 0.3592231 0.1701898 0.2601935 0.2510021 0.2301133 0.2319713 0.1993103 0.0000000 0.2316634 0.2862762 0.1149957 0.2038381 0.0588190 0.2247578 0.3328556 0.0829402 0.2251014 0.2319381 0.2594469 0.2359246 0.2028296 0.1262807 0.2300017 0.3326788 0.2197913 0.1772447 0.2758712 0.1665666 0.1470144 0.2147507 0.0988861 0.0426306 0.0878720 0.0897722 0.1448449 0.2267847 0.1476856 0.1095893 0.1622061 0.2473037 0.1417211 0.0757541 0.2570924 0.0680130 0.1530992 0.2269174 0.3000702 0.1963477 0.1173585 0.2487553 0.2150811 0.2824823 0.0535736 0.4030837 0.1584349 0.1750073 0.1221940 0.0566164 0.2585329 0.3508616 0.1728932 0.2183962 0.0758096 0.1647405 0.3052343 0.2046722 0.2247281 0.1559961 0.3516636 0.1970844 0.2397561 0.2330367 0.3785851 0.1802478 0.0745407 0.0885776 0.0588424 
Perityle_bisetosa_9                        0.2773643 0.2590484 0.2627892 0.3480313 0.0778581 0.1937524 0.2151684 0.2041681 0.4198046 0.2648952 0.4076414 0.0202650 0.0238269 0.3597415 0.3499731 0.2316634 0.0000000 0.2279930 0.2237788 0.0207210 0.1840302 0.3660437 0.4570525 0.2211850 0.3691065 0.0224957 0.3912436 0.0574134 0.2301214 0.1991541 0.5924216 0.2073655 0.2574831 0.2688747 0.1046721 0.2533099 0.2548987 0.0249203 0.2018196 0.2376832 0.1846469 0.2416086 0.2509645 0.0265186 0.2598104 0.2269181 0.1394978 0.3916151 0.2528772 0.2223324 0.0171316 0.2134062 0.2381645 0.0197761 0.4014274 0.0474183 0.2027446 0.0238321 0.2856498 0.2614028 0.1536053 0.4038260 0.1680434 0.0210866 0.2000393 0.2284296 0.4158535 0.2385155 0.1186311 0.2054651 0.2193120 0.2137440 0.0238321 0.3665844 0.0238789 0.0445238 0.1872197 0.2699908 0.3601161 0.0210683 0.2917170 0.0265275 0.2318885 0.1489985 0.2372267 
Perityle_californica_76_positas            0.2755064 0.2174430 0.3091513 0.3849420 0.3053644 0.2046129 0.3227532 0.2370668 0.3791260 0.3039262 0.3939696 0.3904433 0.3304999 0.3764772 0.3293464 0.2862762 0.2279930 0.0000000 0.2755713 0.3305779 0.2501382 0.3689376 0.3483934 0.2855612 0.3827297 0.3281176 0.4109256 0.3888774 0.2750615 0.1429675 0.1743690 0.4130985 0.2519099 0.3369046 0.4235089 0.2457810 0.3061256 0.3267051 0.3053663 0.3075283 0.2888162 0.2916038 0.3058965 0.3341112 0.3002344 0.3200987 0.3384603 0.3959234 0.3009067 0.2872963 0.3557658 0.2947545 0.2457566 0.3258847 0.4193994 0.2237314 0.2575620 0.3421912 0.3953619 0.2687296 0.0845931 0.4392368 0.1808754 0.3437887 0.2928499 0.2978563 0.3948197 0.3717155 0.1510274 0.3648282 0.2866316 0.2447056 0.4200588 0.3035964 0.1887540 0.2183203 0.3634824 0.3379177 0.3819740 0.3309388 0.5248510 0.3358187 0.3155096 0.0785871 0.2205404 
Perityle_canescens_77                      0.2561470 0.1673135 0.1861094 0.3789056 0.1802261 0.2388529 0.2837010 0.1867984 0.3602372 0.1675122 0.2659353 0.2449731 0.2221715 0.2415869 0.2196421 0.1149957 0.2237788 0.2755713 0.0000000 0.1970552 0.0974232 0.2569256 0.3611865 0.1122609 0.2483170 0.2223370 0.2818920 0.2315072 0.1993951 0.1280937 0.2427286 0.3335709 0.2445355 0.1619486 0.2587000 0.1893281 0.0912508 0.2003202 0.1223963 0.1265095 0.1138202 0.1207268 0.0884407 0.2239955 0.0843143 0.1351172 0.2119948 0.2688005 0.0897037 0.1121151 0.2408826 0.1077362 0.1718755 0.2173287 0.2624103 0.1947184 0.1619296 0.2363007 0.2299686 0.2830829 0.0708230 0.4034281 0.1546086 0.1851677 0.1194229 0.1204700 0.2872320 0.3270345 0.1985455 0.2490325 0.1164535 0.1719399 0.2943783 0.2477980 0.2169034 0.1748626 0.3242055 0.1609877 0.2557074 0.2216481 0.3600429 0.1982867 0.1217048 0.0708392 0.1075284 
Perityle_castillonii_96                    0.2769525 0.2675019 0.3192806 0.3763156 0.0712482 0.1993047 0.2219675 0.2503709 0.4050223 0.3103349 0.4233576 0.0176204 0.0242570 0.4164160 0.3858850 0.2038381 0.0207210 0.3305779 0.1970552 0.0000000 0.1801005 0.4139910 0.4856551 0.1978993 0.4333482 0.0266208 0.4226364 0.0530515 0.2340589 0.1984417 0.7128703 0.2029606 0.2365605 0.3105938 0.0840151 0.2820733 0.2242683 0.0192894 0.1995917 0.2081858 0.1755370 0.2167323 0.2152658 0.0277578 0.2259341 0.2093628 0.1555700 0.4344967 0.2246006 0.2002627 0.0231372 0.1911342 0.2457352 0.0160912 0.4567272 0.0420651 0.2869683 0.0307092 0.3972486 0.3192898 0.1580811 0.4343527 0.1630584 0.0207304 0.2031385 0.2057353 0.4207784 0.2728867 0.1299561 0.1528886 0.1963309 0.2154310 0.0306794 0.3525796 0.0294233 0.0544635 0.2701599 0.3108382 0.4227460 0.0207146 0.3390418 0.0330921 0.2036451 0.1528618 0.2086472 
Perityle_cernua_84                         0.2230832 0.1009685 0.1330702 0.3407998 0.1522130 0.2328565 0.2468434 0.1535615 0.3513700 0.1142374 0.2138470 0.2305196 0.1832034 0.1845093 0.1692854 0.0588190 0.1840302 0.2501382 0.0974232 0.1801005 0.0000000 0.2045098 0.3561626 0.0541937 0.1828675 0.1833431 0.2051928 0.2241488 0.1765777 0.1094216 0.2297599 0.3252223 0.2175247 0.1161575 0.2670777 0.1337724 0.1191317 0.1899641 0.0801927 0.0654822 0.0521313 0.0584411 0.1148679 0.1881132 0.1163948 0.0930116 0.1474663 0.2062287 0.1106994 0.0500675 0.2194590 0.0400027 0.1301831 0.1837440 0.2314657 0.1847102 0.1147932 0.2089009 0.1602292 0.2569019 0.0456344 0.3955530 0.1450361 0.1396137 0.1073136 0.0633578 0.2266961 0.3137709 0.1663533 0.2027424 0.0527165 0.1346615 0.2774602 0.1898545 0.1846166 0.1385577 0.3335346 0.1386309 0.2081652 0.1833328 0.3672077 0.1530191 0.0852843 0.0777233 0.0693981 
Perityle_cfvillosa_25_tin                  0.3895109 0.2505162 0.3063594 0.4389492 0.3790037 0.1603208 0.3736970 0.2341686 0.4314430 0.2811000 0.0906854 0.4486518 0.4054160 0.0424145 0.0264248 0.2247578 0.3660437 0.3689376 0.2569256 0.4139910 0.2045098 0.0000000 0.2612912 0.2267541 0.0450244 0.4033534 0.0824523 0.4591471 0.3670785 0.2449511 0.2584138 0.5270005 0.3431784 0.2801886 0.4849613 0.2941203 0.2624393 0.4161586 0.2372104 0.2338171 0.2076381 0.2314840 0.2592318 0.4073538 0.2790080 0.2496821 0.2192684 0.0122521 0.2537525 0.2136510 0.4309928 0.2179284 0.3586018 0.4101233 0.1060391 0.3389972 0.2489176 0.4225633 0.0271884 0.1535033 0.2217695 0.1258614 0.3221512 0.2347387 0.3005825 0.2216595 0.1094190 0.4620076 0.2076965 0.3366634 0.2189090 0.2339159 0.4586460 0.0125034 0.3326832 0.1662144 0.4695786 0.2880754 0.0138271 0.4138383 0.2632743 0.2358115 0.2394153 0.1736830 0.2983419 
Perityle_cinerea_113_Powell1310            0.3496323 0.3232765 0.3391630 0.3805659 0.4921074 0.1253967 0.3557098 0.2422824 0.3963516 0.3730902 0.2663031 0.4866351 0.4767399 0.2562443 0.2159490 0.3328556 0.4570525 0.3483934 0.3611865 0.4856551 0.3561626 0.2612912 0.0000000 0.3693741 0.2463006 0.4767399 0.2542351 0.4941789 0.3680798 0.3413864 0.1889478 0.5905729 0.3568010 0.3844107 0.3659709 0.3444620 0.3662258 0.4793652 0.3201660 0.3711469 0.3001898 0.3916109 0.3568915 0.4804131 0.3507440 0.3387840 0.3400868 0.2655161 0.3522910 0.3694352 0.4878501 0.3686292 0.3573719 0.4748773 0.2140492 0.4047314 0.2943807 0.4878862 0.1104061 0.1532039 0.2631906 0.3226539 0.4153205 0.3708125 0.3715983 0.3782254 0.2633050 0.5887283 0.1290297 0.3885405 0.3625381 0.3603409 0.4876092 0.2553840 0.4705270 0.2304452 0.5828006 0.3642475 0.2631506 0.4935370 0.1565490 0.3645651 0.3815651 0.2287738 0.4053282 
Perityle_coahuilensis_24                   0.2411744 0.1278310 0.1775053 0.3615678 0.1893194 0.2391938 0.2714081 0.1663037 0.3896956 0.1586855 0.2433314 0.2562072 0.2263981 0.1922017 0.1842109 0.0829402 0.2211850 0.2855612 0.1122609 0.1978993 0.0541937 0.2267541 0.3693741 0.0000000 0.2102660 0.2280508 0.2520268 0.2403917 0.1968718 0.1302599 0.2494980 0.3182889 0.2351162 0.1640005 0.2768423 0.1501243 0.1404237 0.2090503 0.0956185 0.0882403 0.0484465 0.0274044 0.1354580 0.2263947 0.1369445 0.1041330 0.1540136 0.2469971 0.1341352 0.0275346 0.2507083 0.0635336 0.1735667 0.2217974 0.2686532 0.1942715 0.1596665 0.2423473 0.1975634 0.2587987 0.0583118 0.4223457 0.1448882 0.1755411 0.1176048 0.0861194 0.2579742 0.3676330 0.1729744 0.2343542 0.0144904 0.1619038 0.3072701 0.2132042 0.2245576 0.1461978 0.3752864 0.1761970 0.2400258 0.2229745 0.4103162 0.1812746 0.1029407 0.0749898 0.0866511 
Perityle_cochisensis_44_cave_creek         0.3932619 0.2523588 0.3023303 0.4329528 0.3988684 0.1730560 0.3703516 0.2356390 0.4350786 0.2810151 0.0904973 0.4596628 0.4293086 0.0290810 0.0341880 0.2251014 0.3691065 0.3827297 0.2483170 0.4333482 0.1828675 0.0450244 0.2463006 0.2102660 0.0000000 0.4273791 0.0864580 0.4719754 0.3810677 0.2364163 0.2735500 0.5337980 0.3522659 0.2707795 0.4800674 0.2850915 0.2693807 0.4358635 0.2356630 0.2342734 0.1797967 0.2090597 0.2689508 0.4314011 0.2872940 0.2473809 0.2030676 0.0518907 0.2592799 0.2174622 0.4425727 0.2116181 0.3587663 0.4245291 0.1128608 0.3432296 0.2771651 0.4384287 0.0706622 0.1604351 0.2217471 0.1305367 0.3194267 0.2549468 0.3029728 0.2354200 0.1043914 0.4527066 0.2087084 0.3368390 0.2112314 0.2324535 0.4805709 0.0471560 0.3361211 0.1924083 0.4530332 0.2835494 0.0528026 0.4313745 0.2761771 0.2609155 0.2616692 0.1737942 0.2933910 
Perityle_congesta_202                      0.3027916 0.2676568 0.3476024 0.3821944 0.0732969 0.1998801 0.2251794 0.2475603 0.4295364 0.3363171 0.4472851 0.0238274 0.0054811 0.4085569 0.3808237 0.2319381 0.0224957 0.3281176 0.2223370 0.0266208 0.1833431 0.4033534 0.4767399 0.2280508 0.4273791 0.0000000 0.4389923 0.0558771 0.2653317 0.2047958 0.6447751 0.2198853 0.2636779 0.3395747 0.0940004 0.2801772 0.2530227 0.0291805 0.2151927 0.2384956 0.2030118 0.2467604 0.2454721 0.0087908 0.2560743 0.2398044 0.1381655 0.4436980 0.2502571 0.2307316 0.0268392 0.2195737 0.2734201 0.0256060 0.4573702 0.0441495 0.2950162 0.0365380 0.3991018 0.3151516 0.1581216 0.4249924 0.1606190 0.0290271 0.2178108 0.2386375 0.4337149 0.2991605 0.1387039 0.1824198 0.2264727 0.2366293 0.0364662 0.3618103 0.0175224 0.0331801 0.2705178 0.3320176 0.4193243 0.0278612 0.3346922 0.0388452 0.2337429 0.1564347 0.2331503 
Perityle_cordifolia_27                     0.3988742 0.2576426 0.3296737 0.4559463 0.4176527 0.1845094 0.3907847 0.2520063 0.4577538 0.3120048 0.1251440 0.4810373 0.4405049 0.0819260 0.0688150 0.2594469 0.3912436 0.4109256 0.2818920 0.4226364 0.2051928 0.0824523 0.2542351 0.2520268 0.0864580 0.4389923 0.0000000 0.4758043 0.3935374 0.2607103 0.2658695 0.5386594 0.3776766 0.3063109 0.5175815 0.2967944 0.3146309 0.4231818 0.2601001 0.2627239 0.2307808 0.2547210 0.3077422 0.4385622 0.3333788 0.2712922 0.2327183 0.0823604 0.3025244 0.2439595 0.4748683 0.2403231 0.3936465 0.4420258 0.1296982 0.3541402 0.2844721 0.4532901 0.0920293 0.1830721 0.2563414 0.1753269 0.3347399 0.2792909 0.3118084 0.2400897 0.1221707 0.5141284 0.2300204 0.3876007 0.2454678 0.2553390 0.4855103 0.0777562 0.3685292 0.2039946 0.4823422 0.3135370 0.0798937 0.4438687 0.2764450 0.2827893 0.2650711 0.1924334 0.3150078 
Perityle_cordifolia_68_tecolote            0.3339865 0.2872595 0.3863305 0.3968109 0.0968272 0.2216124 0.2839076 0.2536642 0.4089070 0.3602570 0.4754595 0.0467905 0.0544865 0.4607344 0.4136042 0.2359246 0.0574134 0.3888774 0.2315072 0.0530515 0.2241488 0.4591471 0.4941789 0.2403917 0.4719754 0.0558771 0.4758043 0.0000000 0.2778755 0.2442120 0.6447751 0.2317051 0.2563976 0.3715355 0.0755453 0.3119017 0.2472946 0.0546386 0.2172450 0.2471415 0.2151673 0.2573314 0.2442507 0.0571972 0.2545697 0.2309471 0.1958079 0.4759540 0.2491674 0.2364621 0.0481676 0.2333854 0.2747564 0.0517958 0.4988518 0.0058535 0.3254570 0.0629848 0.4253980 0.3464553 0.1583092 0.4699071 0.1762154 0.0520784 0.2391735 0.2464369 0.4723214 0.2936488 0.1077303 0.1583463 0.2385529 0.2582997 0.0615420 0.3798218 0.0554261 0.0631174 0.2906749 0.3575344 0.4626771 0.0516642 0.3740700 0.0615420 0.2431300 0.1768288 0.2358795 
Perityle_coronopifolia_28_patagonia        0.2397641 0.2027445 0.2694016 0.3674471 0.2216168 0.2113231 0.2877954 0.2368520 0.4180460 0.2471488 0.3835276 0.2963727 0.2634781 0.3798155 0.3178289 0.2028296 0.2301214 0.2750615 0.1993951 0.2340589 0.1765777 0.3670785 0.3680798 0.1968718 0.3810677 0.2653317 0.3935374 0.2778755 0.0000000 0.1620337 0.1703029 0.3789375 0.2404988 0.2797431 0.3200916 0.2237196 0.2557946 0.2514116 0.1950324 0.2077106 0.2010146 0.2037281 0.2475962 0.2634602 0.2272385 0.2132855 0.3216385 0.3884402 0.2411047 0.1913397 0.2952411 0.1900120 0.1225206 0.2617896 0.3599867 0.1959542 0.2483352 0.2762305 0.3540533 0.2007522 0.0323806 0.4026918 0.1562370 0.3056005 0.1412253 0.1914848 0.3928101 0.3631090 0.1402335 0.3294621 0.1930098 0.2483749 0.3469453 0.3355314 0.2298900 0.2250696 0.3518439 0.2558278 0.3699497 0.2629934 0.4483728 0.3048909 0.2031657 0.1133451 0.1234011 
Perityle_crassifolia_70_ventanas           0.1838536 0.1453675 0.1602701 0.2957477 0.1811532 0.2098182 0.1882355 0.1384255 0.3068385 0.1559390 0.2645931 0.2033861 0.2046135 0.2357471 0.2061451 0.1262807 0.1991541 0.1429675 0.1280937 0.1984417 0.1094216 0.2449511 0.3413864 0.1302599 0.2364163 0.2047958 0.2607103 0.2442120 0.1620337 0.0000000 0.2111360 0.2815342 0.1701018 0.1456752 0.2502054 0.1592986 0.1585776 0.2038068 0.1307253 0.1459946 0.1162935 0.1322277 0.1526919 0.2107260 0.1491953 0.1452796 0.2035565 0.2491361 0.1476472 0.1328721 0.2074952 0.1258320 0.1746287 0.2006272 0.2322701 0.2061136 0.1162770 0.2115616 0.1866558 0.2171791 0.0992220 0.3479009 0.1705698 0.1706315 0.1247002 0.1372981 0.2736820 0.2704940 0.1708553 0.2348705 0.1302062 0.0247547 0.2358534 0.2436035 0.1908759 0.1431476 0.2380267 0.1642394 0.2444928 0.2085588 0.2090748 0.1754683 0.1475357 0.0892425 0.1428051 
Perityle_crassifolia_74_playa_balandra     0.1324421 0.2378619 0.2316097 0.2383517 0.7587343 0.1363783 0.1831676 0.2449127 0.2499865 0.2581681 0.2557493 0.7202771 0.6447751 0.2863157 0.2518802 0.2300017 0.5924216 0.1743690 0.2427286 0.7128703 0.2297599 0.2584138 0.1889478 0.2494980 0.2735500 0.6447751 0.2658695 0.6447751 0.1703029 0.2111360 0.0000000 0.8589753 0.1551449 0.2378627 0.5889346 0.2215304 0.2329591 0.6447751 0.2386973 0.2213229 0.2493414 0.2451994 0.2370433 0.6447751 0.2162952 0.2582188 0.2560383 0.2694204 0.2218603 0.2368450 0.6517558 0.2480855 0.1662175 0.6447751 0.2620748 0.6534384 0.2360544 0.5912302 0.2389924 0.1718413 0.3742303 0.7495635 0.5970042 0.2688561 0.2424234 0.2573802 0.2575723 0.7040088 0.0575179 0.2189677 0.2448222 0.2501604 0.6526206 0.2521708 0.6305041 0.2067446 0.7312520 0.2696997 0.2615605 0.7040690 0.3319592 0.2410354 0.2762742 0.1745312 0.2249398 
Perityle_cuneata_34_cuneata_San_antonio    0.4538709 0.3970336 0.4458771 0.5639304 0.1869750 0.4282018 0.4238324 0.4195283 0.5223083 0.4206383 0.5470770 0.2384284 0.2182459 0.5167279 0.5076457 0.3326788 0.2073655 0.4130985 0.3335709 0.2029606 0.3252223 0.5270005 0.5905729 0.3182889 0.5337980 0.2198853 0.5386594 0.2317051 0.3789375 0.2815342 0.8589753 0.0000000 0.3669847 0.4316630 0.2723039 0.4412094 0.3784091 0.1980000 0.3513210 0.3350508 0.3177359 0.3251306 0.3695161 0.2214472 0.3371188 0.3512631 0.4627957 0.5425214 0.3609895 0.3206970 0.2396304 0.3182334 0.3525732 0.2136801 0.5433886 0.1849387 0.4209249 0.2309929 0.5696978 0.5421362 0.0900775 0.4034471 0.1755820 0.3985712 0.3159563 0.3187268 0.5629015 0.3680328 0.4809857 0.3999246 0.3170494 0.3793373 0.3000016 0.5110645 0.2069296 0.3520935 0.3588453 0.4188586 0.5250958 0.2210363 0.5743786 0.4043324 0.3331274 0.2191751 0.2428806 
Perityle_cuneata_4                         0.2852465 0.2072886 0.2857515 0.3468666 0.2280401 0.2150927 0.2797126 0.2146272 0.3928572 0.2973451 0.3659802 0.2878744 0.2618831 0.3424277 0.2971044 0.2197913 0.2574831 0.2519099 0.2445355 0.2365605 0.2175247 0.3431784 0.3568010 0.2351162 0.3522659 0.2636779 0.3776766 0.2563976 0.2404988 0.1701018 0.1551449 0.3669847 0.0000000 0.3214616 0.2839579 0.2386397 0.2566693 0.2254342 0.2379555 0.2456402 0.2304469 0.2427649 0.2508649 0.2586380 0.2325864 0.2604844 0.3062255 0.3680623 0.2452573 0.2284093 0.2768500 0.2194643 0.2154737 0.2467696 0.3593749 0.2020595 0.2779481 0.2782193 0.3425277 0.2355447 0.0919741 0.4038171 0.1717684 0.2903246 0.2210391 0.2334193 0.3788225 0.3180483 0.1229546 0.3038731 0.2338093 0.2574046 0.3344824 0.3107535 0.2582678 0.1991575 0.3180419 0.2985296 0.3528241 0.2597060 0.4666796 0.2895175 0.2404317 0.1212606 0.1928027 
Perityle_discoidea_81                      0.1837663 0.0953886 0.1839552 0.4165216 0.3057055 0.2367005 0.3301969 0.1877640 0.4039291 0.0499009 0.2950264 0.3771134 0.3410816 0.2651470 0.2323572 0.1772447 0.2688747 0.3369046 0.1619486 0.3105938 0.1161575 0.2801886 0.3844107 0.1640005 0.2707795 0.3395747 0.3063109 0.3715355 0.2797431 0.1456752 0.2378627 0.4316630 0.3214616 0.0000000 0.4200365 0.1059243 0.2169453 0.3226192 0.1855629 0.1729724 0.1753406 0.1683806 0.2087318 0.3449351 0.2215355 0.1944702 0.2180639 0.2983732 0.2059851 0.1656698 0.3599071 0.1607111 0.2471311 0.3361376 0.2997352 0.2214002 0.2328643 0.3530978 0.2510992 0.3126766 0.0757295 0.4773897 0.1773684 0.2457623 0.2072371 0.1715121 0.3053935 0.4424887 0.2161356 0.3265481 0.1698363 0.1617183 0.4014865 0.2567850 0.2272923 0.1663465 0.4174670 0.1965061 0.2900876 0.3374341 0.4251353 0.2580000 0.1810699 0.0794191 0.1576087 
Perityle_dissecta_201                      0.4228069 0.3000580 0.4347190 0.3691028 0.1338215 0.1938987 0.2957762 0.2363183 0.4052696 0.3922658 0.4920421 0.0713087 0.0924883 0.4745922 0.3867472 0.2758712 0.1046721 0.4235089 0.2587000 0.0840151 0.2670777 0.4849613 0.3659709 0.2768423 0.4800674 0.0940004 0.5175815 0.0755453 0.3200916 0.2502054 0.5889346 0.2723039 0.2839579 0.4200365 0.0000000 0.3552551 0.3008794 0.0796861 0.2634575 0.2724006 0.2468370 0.2872193 0.2931413 0.0968454 0.2984659 0.2776155 0.1515729 0.5064365 0.3011560 0.2728811 0.0827273 0.2681567 0.3249610 0.0851883 0.4709429 0.0769438 0.3344956 0.0968529 0.4276006 0.3141047 0.1474236 0.4559407 0.1730758 0.0938169 0.2794626 0.2832126 0.5182706 0.3445713 0.1112764 0.1247188 0.2749041 0.2787069 0.0926146 0.4051560 0.1230225 0.0519138 0.3337642 0.4095032 0.4649601 0.0939263 0.3730707 0.0941009 0.2895730 0.1399887 0.2580285 
Perityle_emoryi_47_punta_san_jose          0.0840419 0.0710758 0.1604942 0.3493403 0.2524536 0.1883142 0.2628800 0.1879363 0.3672207 0.0721231 0.2734292 0.2978004 0.2823025 0.2802237 0.2581460 0.1665666 0.2533099 0.2457810 0.1893281 0.2820733 0.1337724 0.2941203 0.3444620 0.1501243 0.2850915 0.2801772 0.2967944 0.3119017 0.2237196 0.1592986 0.2215304 0.4412094 0.2386397 0.1059243 0.3552551 0.0000000 0.1911168 0.2855981 0.1729934 0.1678000 0.1700164 0.1586312 0.1780281 0.2864852 0.1820265 0.1867445 0.2481070 0.2965225 0.1696817 0.1503741 0.2779643 0.1433170 0.1869433 0.2829587 0.3286605 0.2402172 0.1631450 0.2905630 0.2461268 0.2699570 0.0607097 0.4576361 0.1781036 0.2223292 0.1814217 0.1573217 0.2970937 0.3143581 0.1544061 0.2528578 0.1511222 0.1950645 0.3559844 0.2703100 0.1969929 0.1633638 0.2821729 0.1757553 0.2932473 0.2863782 0.3721125 0.2285651 0.1642454 0.0755842 0.1471392 
Perityle_feddemae_99                       0.2935347 0.1669665 0.2319412 0.3921138 0.2158781 0.2394748 0.3006310 0.2118091 0.3828444 0.2154692 0.2922083 0.2966974 0.2497322 0.2625454 0.2280399 0.1470144 0.2548987 0.3061256 0.0912508 0.2242683 0.1191317 0.2624393 0.3662258 0.1404237 0.2693807 0.2530227 0.3146309 0.2472946 0.2557946 0.1585776 0.2329591 0.3784091 0.2566693 0.2169453 0.3008794 0.1911168 0.0000000 0.2137499 0.1441105 0.1618998 0.1537055 0.1535632 0.0292554 0.2527966 0.0333103 0.1665097 0.2197954 0.2946003 0.0263299 0.1380234 0.2825885 0.1475258 0.2273827 0.2526408 0.2857547 0.1994756 0.2114546 0.2771479 0.2595827 0.2952904 0.0710839 0.4067081 0.1589175 0.2265472 0.1514484 0.1594293 0.3021103 0.3866092 0.1870132 0.2904462 0.1434394 0.1952482 0.3447746 0.2551310 0.2494310 0.1865820 0.3750867 0.2095210 0.2739291 0.2556689 0.4252211 0.2387198 0.1697233 0.0798461 0.1404168 
Perityle_fosteri_93                        0.2896537 0.2634476 0.3310712 0.3791076 0.0762708 0.2051354 0.2310780 0.2481158 0.3972098 0.3223338 0.4281814 0.0197629 0.0279368 0.4165630 0.3851100 0.2147507 0.0249203 0.3267051 0.2003202 0.0192894 0.1899641 0.4161586 0.4793652 0.2090503 0.4358635 0.0291805 0.4231818 0.0546386 0.2514116 0.2038068 0.6447751 0.1980000 0.2254342 0.3226192 0.0796861 0.2855981 0.2137499 0.0000000 0.1992572 0.2166040 0.1880453 0.2280340 0.2044132 0.0316235 0.2090720 0.2098500 0.1566168 0.4336068 0.2159043 0.2116980 0.0230539 0.2018737 0.2583547 0.0095832 0.4675172 0.0422546 0.2928641 0.0347903 0.4056706 0.3349483 0.1623502 0.4225009 0.1639401 0.0242175 0.2164182 0.2189028 0.4157407 0.2638075 0.1265586 0.1511178 0.2073802 0.2194251 0.0347549 0.3466139 0.0313704 0.0519520 0.2606037 0.3175806 0.4284944 0.0241981 0.3475330 0.0372998 0.2134696 0.1532856 0.2172526 
Perityle_gamon_221                         0.2675971 0.1406878 0.1950086 0.3538460 0.1856820 0.2288651 0.2979286 0.1741994 0.3795178 0.1867749 0.2612500 0.2517695 0.2116421 0.2268878 0.1880556 0.0988861 0.2018196 0.3053663 0.1223963 0.1995917 0.0801927 0.2372104 0.3201660 0.0956185 0.2356630 0.2151927 0.2601001 0.2172450 0.1950324 0.1307253 0.2386973 0.3513210 0.2379555 0.1855629 0.2634575 0.1729934 0.1441105 0.1992572 0.0000000 0.1077201 0.0943459 0.0921700 0.1371801 0.2114673 0.1346219 0.0296968 0.2004888 0.2590531 0.1357303 0.0951772 0.2411175 0.0934662 0.1812887 0.2080126 0.2721321 0.1529505 0.1857884 0.2291747 0.2285406 0.2691621 0.0311911 0.3888285 0.1375955 0.1905758 0.1221395 0.1047866 0.2638762 0.3760865 0.2013101 0.2230953 0.1003148 0.1666270 0.3067759 0.2239565 0.2081558 0.1670204 0.3939177 0.1921972 0.2539228 0.2097114 0.4198490 0.2047584 0.1242841 0.0965291 0.0918052 
Perityle_gentryi_8_san_francisco           0.2545821 0.1398996 0.1835051 0.3737947 0.1988635 0.2422604 0.2880125 0.1875973 0.3766235 0.1733034 0.2716564 0.2675433 0.2368187 0.2398243 0.2071642 0.0426306 0.2376832 0.3075283 0.1265095 0.2081858 0.0654822 0.2338171 0.3711469 0.0882403 0.2342734 0.2384956 0.2627239 0.2471415 0.2077106 0.1459946 0.2213229 0.3350508 0.2456402 0.1729724 0.2724006 0.1678000 0.1618998 0.2166040 0.1077201 0.0000000 0.0884932 0.0951442 0.1528147 0.2370223 0.1623075 0.1235849 0.1722383 0.2586830 0.1501124 0.0825226 0.2593606 0.0802069 0.1489011 0.2275443 0.2972511 0.2104649 0.1528182 0.2517544 0.2120738 0.2802281 0.0534585 0.4303603 0.1771191 0.1842383 0.1256900 0.0712991 0.2711834 0.3859106 0.1739318 0.2381949 0.0810616 0.1826833 0.3100339 0.2266325 0.2467750 0.1606540 0.3917954 0.1982632 0.2500531 0.2347235 0.4274523 0.1887766 0.0883879 0.0984552 0.0693751 
Perityle_gilensis_22_Superstition          0.2565464 0.1316734 0.1855833 0.3480268 0.1812471 0.2499482 0.2681213 0.1610147 0.3886632 0.1708240 0.2364203 0.2411451 0.2012559 0.1631800 0.1687210 0.0878720 0.1846469 0.2888162 0.1138202 0.1755370 0.0521313 0.2076381 0.3001898 0.0484465 0.1797967 0.2030118 0.2307808 0.2151673 0.2010146 0.1162935 0.2493414 0.3177359 0.2304469 0.1753406 0.2468370 0.1700164 0.1537055 0.1880453 0.0943459 0.0884932 0.0000000 0.0511723 0.1516883 0.2012543 0.1474511 0.1090066 0.1428421 0.2276827 0.1487248 0.0652987 0.2304297 0.0592302 0.1714217 0.1975974 0.2415738 0.1619853 0.1731464 0.2215553 0.1929009 0.2735335 0.0700673 0.3871624 0.1486017 0.1693651 0.1308960 0.0885185 0.2401130 0.3510057 0.1771616 0.2043362 0.0573877 0.1454996 0.2928995 0.1913507 0.1902687 0.1378802 0.3547357 0.1739263 0.2150557 0.1992492 0.4021654 0.1790517 0.1085849 0.0777715 0.0801036 
Perityle_gilensis_salensis_225             0.2553656 0.1320477 0.1855334 0.3642061 0.2054036 0.2431350 0.2822343 0.1615974 0.4030442 0.1650304 0.2439144 0.2750677 0.2450700 0.1930320 0.1872448 0.0897722 0.2416086 0.2916038 0.1207268 0.2167323 0.0584411 0.2314840 0.3916109 0.0274044 0.2090597 0.2467604 0.2547210 0.2573314 0.2037281 0.1322277 0.2451994 0.3251306 0.2427649 0.1683806 0.2872193 0.1586312 0.1535632 0.2280340 0.0921700 0.0951442 0.0511723 0.0000000 0.1469295 0.2450651 0.1516209 0.1030946 0.1550002 0.2532543 0.1457890 0.0454260 0.2698842 0.0688416 0.1849413 0.2401778 0.2753323 0.2128047 0.1670436 0.2613331 0.1941383 0.2662675 0.0503450 0.4340580 0.1529800 0.1819024 0.1231991 0.0921915 0.2623406 0.3754892 0.1772913 0.2442749 0.0398605 0.1638428 0.3232226 0.2225923 0.2519021 0.1518089 0.3909470 0.1873771 0.2446500 0.2413452 0.4065335 0.1928649 0.1076292 0.0781698 0.0904435 
Perityle_glaucescens_94                    0.2843179 0.1576954 0.2250110 0.3893630 0.2037646 0.2336231 0.2980077 0.2057296 0.3807522 0.2037125 0.2861087 0.2896400 0.2437928 0.2631768 0.2298169 0.1448449 0.2509645 0.3058965 0.0884407 0.2152658 0.1148679 0.2592318 0.3568915 0.1354580 0.2689508 0.2454721 0.3077422 0.2442507 0.2475962 0.1526919 0.2370433 0.3695161 0.2508649 0.2087318 0.2931413 0.1780281 0.0292554 0.2044132 0.1371801 0.1528147 0.1516883 0.1469295 0.0000000 0.2452546 0.0267486 0.1549410 0.2186543 0.2889158 0.0262649 0.1322823 0.2708749 0.1365914 0.2152875 0.2420548 0.2820696 0.2079732 0.2027454 0.2631547 0.2522984 0.2874703 0.0742067 0.4049097 0.1590779 0.2214950 0.1465363 0.1504639 0.3027304 0.3937401 0.1905741 0.2787365 0.1369360 0.1907744 0.3333480 0.2537298 0.2430061 0.1859296 0.3813317 0.2027328 0.2693997 0.2450543 0.4211031 0.2317694 0.1589968 0.0706448 0.1310226 
Perityle_gracilis_11                       0.3088584 0.2752944 0.3535661 0.3858229 0.0757294 0.1945810 0.2267729 0.2532427 0.4287905 0.3412289 0.4490049 0.0249697 0.0076836 0.4124013 0.3855831 0.2267847 0.0265186 0.3341112 0.2239955 0.0277578 0.1881132 0.4073538 0.4804131 0.2263947 0.4314011 0.0087908 0.4385622 0.0571972 0.2634602 0.2107260 0.6447751 0.2214472 0.2586380 0.3449351 0.0968454 0.2864852 0.2527966 0.0316235 0.2114673 0.2370223 0.2012543 0.2450651 0.2452546 0.0000000 0.2558446 0.2363103 0.1415247 0.4426095 0.2500339 0.2290519 0.0290972 0.2179736 0.2701546 0.0278698 0.4592568 0.0502826 0.2973701 0.0376913 0.4046239 0.3186572 0.1581395 0.4294710 0.1681741 0.0301525 0.2157572 0.2339829 0.4308458 0.3010927 0.1462682 0.1852946 0.2248210 0.2401970 0.0387981 0.3610585 0.0219515 0.0332025 0.2726189 0.3316874 0.4182766 0.0289843 0.3400235 0.0399999 0.2290976 0.1597986 0.2313965 
