85
Amauria_brandeegeana_62                    0.0000000 0.0968032 0.1325654 0.3182204 0.1869818 0.2573827 0.2279609 0.3864016 0.1730665 0.3883790 0.1993203 0.1345190 0.1927070 0.1931276 0.1964778 0.1893933 0.2796849 0.1316162 0.1327497 0.1439532 0.1957418 0.0916724 0.1945952 0.1507510 0.1265976 0.2068262 0.2039993 0.2228653 0.1657371 0.1322058 0.2079426 0.2175258 0.1228506 0.1916075 0.2212533 0.2697550 0.1854581 0.1909308 0.1578003 0.1358663 0.1000339 0.2685830 0.1970665 0.2668264 0.2121299 0.2004780 0.1945767 0.1936598 0.2326460 0.1911916 0.1915114 0.1892637 0.2141221 0.1327394 0.1749911 0.1323082 0.1230684 0.1904708 0.0600703 0.2125396 0.0931262 0.2220336 0.1151425 0.1762468 0.2055217 0.2092327 0.1435602 0.1909358 0.1132738 0.1959244 0.1925524 0.2035324 0.1948857 0.1631264 0.1893244 0.1120225 0.1972536 0.2011131 0.2472865 0.2029964 0.1063660 0.1960279 0.1968707 0.0968785 0.1122199 
Amauria_carterae_99_mesa                   0.0968032 0.0000000 0.0980773 0.3060337 0.1032532 0.1859686 0.1483158 0.2938890 0.0984665 0.1804389 0.0980041 0.0948377 0.0891171 0.0946308 0.1016860 0.0943400 0.2921692 0.0960515 0.0858186 0.0923689 0.0979713 0.0942252 0.0933094 0.0906920 0.0982635 0.1108276 0.1014574 0.1164926 0.0981926 0.0986009 0.1236736 0.1164096 0.0948279 0.0887972 0.0927115 0.1097620 0.1005230 0.1082028 0.1013246 0.0925556 0.0835544 0.1050906 0.1000733 0.1055917 0.1113888 0.0977400 0.0977426 0.0983431 0.1071296 0.0909663 0.0889245 0.0944663 0.1108144 0.0927991 0.1146830 0.1057084 0.0993413 0.0948623 0.0686685 0.1090474 0.0937639 0.1153981 0.1094280 0.1018094 0.1106005 0.1108239 0.1025561 0.0759314 0.1125004 0.0925235 0.0925924 0.0965506 0.1000818 0.0983271 0.0897137 0.0960915 0.1023038 0.0966157 0.0945889 0.1104241 0.0959897 0.0982007 0.1021827 0.1054897 0.1098987 
Amauria_rotundifolia_SRR9119150            0.1325654 0.0980773 0.0000000 0.3323408 0.1605928 0.2201190 0.2048617 0.3620934 0.1301940 0.4046156 0.1697747 0.1201835 0.1737051 0.1730015 0.1742716 0.1701580 0.3233477 0.1373385 0.1351006 0.1500480 0.1726681 0.0869697 0.1703459 0.1382080 0.1323631 0.1916729 0.1831651 0.2157535 0.1239027 0.0997916 0.1609104 0.1868120 0.0956628 0.1731417 0.2373794 0.2342818 0.1795800 0.1792177 0.1479011 0.1415991 0.1024768 0.2280601 0.1774628 0.2345999 0.1859480 0.1757639 0.1745804 0.1716776 0.1977555 0.1722198 0.1761011 0.1736231 0.1929312 0.1336752 0.1843557 0.1374061 0.1315790 0.1740609 0.0666095 0.2064192 0.0931072 0.2010643 0.1122233 0.1618354 0.1968631 0.1869922 0.1443154 0.1901773 0.1202988 0.1723788 0.1704292 0.1537445 0.1716132 0.1480981 0.1733372 0.1171743 0.1963034 0.1818114 0.2486449 0.1745379 0.1104049 0.1727662 0.1486733 0.0988325 0.1261790 
Conoclinium_coelestinum_SRR9119114         0.3182204 0.3060337 0.3323408 0.0000000 0.3273732 0.3074490 0.2698318 0.3875212 0.3641237 0.4737594 0.3701854 0.3639242 0.3675355 0.3692686 0.3658836 0.3608373 0.5746881 0.3718249 0.3407381 0.3665025 0.3527874 0.4721165 0.3663950 0.3690437 0.3583133 0.3501129 0.3763667 0.3435774 0.3756891 0.3656052 0.3488857 0.3405516 0.3617230 0.3608909 0.3812626 0.3883529 0.3738517 0.3531255 0.3695376 0.3628012 0.2536210 0.3864882 0.3547925 0.3866621 0.3456648 0.3691990 0.3629467 0.3502729 0.3896595 0.3694199 0.3691431 0.3646406 0.3479136 0.3654234 0.3292226 0.3677088 0.3420016 0.3622045 0.1753521 0.3785399 0.1384623 0.3337952 0.2849785 0.3722898 0.3770671 0.3528276 0.3709714 0.3167045 0.2864296 0.3672478 0.3668179 0.3735581 0.3530732 0.3527874 0.3662088 0.3060658 0.3684841 0.3573395 0.3831091 0.3749560 0.2926657 0.3552239 0.3600552 0.2546032 0.1880651 
Eutetras_palmeri_63                        0.1869818 0.1032532 0.1605928 0.3273732 0.0000000 0.1740029 0.1667508 0.3241446 0.0798123 0.3491430 0.0886587 0.0795457 0.0808758 0.0833436 0.0821272 0.0820152 0.2218550 0.0928309 0.0666749 0.0768237 0.0858456 0.0640292 0.0787602 0.0765364 0.0843702 0.0948794 0.0845983 0.1181820 0.1156100 0.0796125 0.0869680 0.1006415 0.0736282 0.0821589 0.2098983 0.2060440 0.0887800 0.0905759 0.0770188 0.0728963 0.0778958 0.2035658 0.0847714 0.2073937 0.1054595 0.0881715 0.0840152 0.0847599 0.1713184 0.0862751 0.0841684 0.0818742 0.0960943 0.0797321 0.0966168 0.0893299 0.0776381 0.0846508 0.0452424 0.1272981 0.0863460 0.1198673 0.0833148 0.0848080 0.1153889 0.0971183 0.1075923 0.0768830 0.0891861 0.0786438 0.0766649 0.0898236 0.0825753 0.0775136 0.0866135 0.0679349 0.1069523 0.0916270 0.1087817 0.0929818 0.0958338 0.0858917 0.0902123 0.0781439 0.0961699 
Eutrochium_fistulosum_SRR9119106           0.2573827 0.1859686 0.2201190 0.3074490 0.1740029 0.0000000 0.2013042 0.3813362 0.2219252 0.4644155 0.2089317 0.2135164 0.2161148 0.2166559 0.2132399 0.2065763 0.4661752 0.2324515 0.2215096 0.2244460 0.2105176 0.1472990 0.2111187 0.2107958 0.2123018 0.2417320 0.2154767 0.2900296 0.2450356 0.2064429 0.2351868 0.2465026 0.2294048 0.2182556 0.2969592 0.2420896 0.2282692 0.2345919 0.2155111 0.2167530 0.1283080 0.2454913 0.2153337 0.2479889 0.2243742 0.2170071 0.2172491 0.2166464 0.2460542 0.2169611 0.2153805 0.2130882 0.2405882 0.2213750 0.2397010 0.2257446 0.2289836 0.2166570 0.0906463 0.2691813 0.1175756 0.2428867 0.1738298 0.2189288 0.2630899 0.2414537 0.2468108 0.2189179 0.1394570 0.2169702 0.2129275 0.2297892 0.2135363 0.2116435 0.2172318 0.1658586 0.2403160 0.2216399 0.2421636 0.2178877 0.1687784 0.2089663 0.2284312 0.1174259 0.1351441 
Galeana_pratensis_104_mex                  0.2279609 0.1483158 0.2048617 0.2698318 0.1667508 0.2013042 0.0000000 0.3097897 0.1902307 0.2274941 0.2114765 0.2069246 0.2000141 0.2018096 0.2124343 0.2056595 0.3397850 0.2043254 0.1228932 0.1989132 0.2115431 0.1622402 0.1994902 0.2030537 0.2057593 0.2127899 0.2152688 0.1613620 0.1978201 0.1988677 0.1985002 0.1894165 0.1881925 0.1987726 0.2401816 0.2248408 0.1990958 0.2140479 0.2116630 0.2040954 0.1772543 0.2215921 0.2102419 0.2191387 0.2197221 0.2056474 0.2108965 0.2063628 0.2233348 0.2035947 0.2041866 0.2012234 0.2129994 0.2017517 0.2372946 0.2035963 0.1903766 0.2070088 0.0643925 0.2320559 0.0820862 0.1368721 0.1394357 0.2068894 0.2363948 0.2188584 0.2239740 0.1074650 0.2062442 0.2053563 0.2082529 0.1899700 0.2081976 0.2083461 0.2086125 0.1648156 0.2263308 0.1847745 0.2218259 0.2199125 0.1297812 0.2099662 0.1990947 0.1227508 0.1739410 
Helianthus_annuus_SRR9119062               0.3864016 0.2938890 0.3620934 0.3875212 0.3241446 0.3813362 0.3097897 0.0000000 0.3776876 0.4385525 0.3808205 0.3737109 0.3644695 0.3678614 0.3640670 0.3722266 0.4747672 0.2936972 0.2662098 0.3174550 0.3703145 0.3181949 0.3642387 0.3665744 0.2903097 0.3665359 0.3819724 0.3045186 0.3273118 0.3005309 0.3691587 0.2719610 0.3475563 0.3722382 0.3383213 0.3671500 0.3377321 0.3649652 0.3701883 0.3374844 0.2862750 0.3668361 0.3713008 0.3600398 0.3762093 0.3694392 0.3762575 0.3738996 0.3680802 0.3710644 0.3717989 0.3671900 0.3715528 0.3673595 0.3187718 0.3032583 0.2948729 0.3742824 0.1872307 0.3923222 0.2118556 0.3408737 0.2593258 0.3821246 0.3928022 0.3709862 0.3919791 0.2719221 0.2627571 0.3736675 0.3677114 0.3799551 0.3735692 0.3694403 0.3743381 0.2831249 0.3910609 0.3495766 0.3222028 0.3828126 0.2506975 0.3711935 0.3888908 0.2113286 0.2292303 
Lycapsus_tenuifolius_17                    0.1730665 0.0984665 0.1301940 0.3641237 0.0798123 0.2219252 0.1902307 0.3776876 0.0000000 0.3874070 0.1030511 0.0999508 0.1016984 0.1022898 0.0987777 0.0975515 0.2304691 0.1143100 0.0789165 0.0970507 0.1044757 0.0631968 0.1026599 0.1005147 0.1049028 0.1143443 0.1073746 0.1163926 0.0536397 0.0236335 0.0883552 0.0895036 0.0030512 0.1050676 0.1891946 0.2205412 0.1055257 0.1201241 0.0997158 0.0997992 0.0889832 0.2187586 0.1055109 0.2210714 0.1269830 0.1096039 0.1025402 0.1055209 0.2049266 0.1025414 0.1048218 0.1015392 0.1144630 0.1015975 0.1190426 0.1052471 0.0962664 0.1031851 0.0391033 0.1262601 0.0690098 0.1234058 0.0729765 0.1073721 0.1214858 0.1143627 0.1264070 0.0894634 0.0965199 0.1004326 0.1006508 0.0144893 0.1034749 0.1033961 0.1067919 0.0794696 0.1276626 0.1109201 0.1460226 0.1092325 0.0753670 0.1045291 0.0300725 0.0611594 0.0877888 
Pericome_caudata_50_silver                 0.3883790 0.1804389 0.4046156 0.4737594 0.3491430 0.4644155 0.2274941 0.4385525 0.3874070 0.0000000 0.3938254 0.3453500 0.3920557 0.3825875 0.3964981 0.3956539 0.4671512 0.2360145 0.2841681 0.3195177 0.3949997 0.1565258 0.3962246 0.3568767 0.2303613 0.4032087 0.3969383 0.3572558 0.3181634 0.2381381 0.4114169 0.3421137 0.3216634 0.3972437 0.3665398 0.4408632 0.3652429 0.3842569 0.3786461 0.3318512 0.1802170 0.4390021 0.3972676 0.4353249 0.4319041 0.3999629 0.3955787 0.3907793 0.4105912 0.3915648 0.3946689 0.3871424 0.4019271 0.3482778 0.3391725 0.2432012 0.2708023 0.3948517 0.0542065 0.4223650 0.0800360 0.4420474 0.1534011 0.3833659 0.4089732 0.4015483 0.3568710 0.3287879 0.1366023 0.3943153 0.3918299 0.4167185 0.3912263 0.3686109 0.3970044 0.1821482 0.4039339 0.4082966 0.3731380 0.3995783 0.1391833 0.3941040 0.4138818 0.1177778 0.1182221 
Perityle_aglossa_84_dead_horse             0.1993203 0.0980041 0.1697747 0.3701854 0.0886587 0.2089317 0.2114765 0.3808205 0.1030511 0.3938254 0.0000000 0.0218891 0.0316843 0.0279133 0.0369868 0.0334587 0.2252028 0.0718811 0.0241423 0.0287938 0.0275220 0.0346343 0.0291689 0.0331278 0.0284535 0.0737985 0.0373954 0.1236972 0.1245019 0.0908956 0.1037255 0.1157471 0.0947462 0.0266291 0.2006644 0.2044693 0.0277464 0.0938686 0.0384898 0.0343565 0.0291974 0.2040191 0.0293198 0.2070086 0.0968027 0.0315498 0.0307349 0.0275519 0.1780530 0.0343242 0.0343300 0.0299340 0.0756226 0.0238667 0.1080414 0.0462864 0.0350510 0.0238390 0.0099683 0.1233710 0.0568133 0.1243018 0.0591669 0.0265047 0.1168225 0.0747490 0.1147986 0.0802743 0.0382809 0.0237839 0.0351784 0.1041788 0.0293066 0.0284765 0.0310120 0.0249767 0.1180885 0.0830418 0.0836954 0.0143218 0.0812634 0.0275546 0.1075776 0.0719417 0.0811462 
Perityle_ajoensis_204                      0.1345190 0.0948377 0.1201835 0.3639242 0.0795457 0.2135164 0.2069246 0.3737109 0.0999508 0.3453500 0.0218891 0.0000000 0.0238476 0.0214905 0.0248175 0.0257957 0.2301433 0.0655391 0.0244146 0.0209468 0.0230836 0.0386403 0.0249212 0.0237993 0.0259924 0.0609102 0.0330702 0.1278977 0.1197252 0.0941036 0.1038165 0.1150707 0.0942795 0.0230759 0.1552273 0.1577421 0.0251065 0.0785322 0.0286376 0.0266449 0.0224225 0.1582043 0.0221255 0.1606293 0.0833134 0.0266767 0.0208922 0.0221364 0.1604835 0.0238246 0.0228771 0.0238291 0.0650434 0.0187746 0.1018001 0.0410944 0.0300330 0.0065762 0.0119880 0.1214270 0.0604023 0.1149118 0.0542337 0.0248236 0.1177030 0.0609212 0.1115301 0.0670275 0.0321578 0.0209037 0.0257611 0.1017636 0.0260514 0.0204769 0.0277841 0.0250563 0.1113313 0.0672038 0.0893153 0.0296454 0.0846642 0.0231142 0.1032226 0.0724351 0.0752541 
Perityle_ambrosiifolia_67_green            0.1927070 0.0891171 0.1737051 0.3675355 0.0808758 0.2161148 0.2000141 0.3644695 0.1016984 0.3920557 0.0316843 0.0238476 0.0000000 0.0297293 0.0289554 0.0203356 0.2065927 0.0627752 0.0188756 0.0156621 0.0283363 0.0205498 0.0186480 0.0218277 0.0246743 0.0670249 0.0310713 0.1161204 0.1236295 0.0908869 0.1033922 0.1102892 0.0919674 0.0274347 0.2006778 0.2071913 0.0267010 0.0846232 0.0289963 0.0153845 0.0237751 0.2052775 0.0283711 0.2073474 0.0906570 0.0323676 0.0263029 0.0283671 0.1761682 0.0109167 0.0126094 0.0185914 0.0707510 0.0268200 0.1042470 0.0370483 0.0261021 0.0256104 0.0099702 0.1159405 0.0603646 0.1150775 0.0488922 0.0292155 0.1124568 0.0679623 0.1111502 0.0757128 0.0320277 0.0254601 0.0185536 0.1059177 0.0301198 0.0246492 0.0335374 0.0234726 0.1127790 0.0723475 0.0709458 0.0378079 0.0812750 0.0283698 0.1062545 0.0661371 0.0753600 
Perityle_angustifolia_13_Eagle_creek       0.1931276 0.0946308 0.1730015 0.3692686 0.0833436 0.2166559 0.2018096 0.3678614 0.1022898 0.3825875 0.0279133 0.0214905 0.0297293 0.0000000 0.0333024 0.0305976 0.2077138 0.0679432 0.0151132 0.0237487 0.0254295 0.0274637 0.0244445 0.0253022 0.0234138 0.0707464 0.0327030 0.1261731 0.1240365 0.0921381 0.1051501 0.1141360 0.0921810 0.0156579 0.1939654 0.2084483 0.0220752 0.0858927 0.0317221 0.0293218 0.0238353 0.2056461 0.0263585 0.2086033 0.0873386 0.0260789 0.0269759 0.0227836 0.1755469 0.0296939 0.0306203 0.0279201 0.0746220 0.0113345 0.1116159 0.0396665 0.0312503 0.0243927 0.0099581 0.1171458 0.0672651 0.1162840 0.0592334 0.0234276 0.1176592 0.0726767 0.1110066 0.0799687 0.0367547 0.0085825 0.0314861 0.1065015 0.0263464 0.0240313 0.0235975 0.0264683 0.1158212 0.0732691 0.0803323 0.0341381 0.0848831 0.0254602 0.1089675 0.0736947 0.0853343 
Perityle_batopilensis_97                   0.1964778 0.1016860 0.1742716 0.3658836 0.0821272 0.2132399 0.2124343 0.3640670 0.0987777 0.3964981 0.0369868 0.0248175 0.0289554 0.0333024 0.0000000 0.0281046 0.2185725 0.0692869 0.0318068 0.0256370 0.0344834 0.0349285 0.0290619 0.0273742 0.0348105 0.0688802 0.0345827 0.1258813 0.1193637 0.0883350 0.1034697 0.1130400 0.0888791 0.0327054 0.1986910 0.2064422 0.0362002 0.0895337 0.0089316 0.0301832 0.0278384 0.2045255 0.0336355 0.2066016 0.0945727 0.0384729 0.0323902 0.0336441 0.1765814 0.0289483 0.0298228 0.0271853 0.0726166 0.0316940 0.1067826 0.0436361 0.0325120 0.0264755 0.0201075 0.1199631 0.0602904 0.1162037 0.0609242 0.0364795 0.1174618 0.0698203 0.1165876 0.0854548 0.0367915 0.0280592 0.0271765 0.1040885 0.0362877 0.0320971 0.0379451 0.0355386 0.1186738 0.0798323 0.0823102 0.0431565 0.0874466 0.0345244 0.1033444 0.0702638 0.0792641 
Perityle_bisetosa_9                        0.1893933 0.0943400 0.1701580 0.3608373 0.0820152 0.2065763 0.2056595 0.3722266 0.0975515 0.3956539 0.0334587 0.0257957 0.0203356 0.0305976 0.0281046 0.0000000 0.2120365 0.0654596 0.0252509 0.0196600 0.0309732 0.0274679 0.0247323 0.0218390 0.0284747 0.0689018 0.0310430 0.1174135 0.1213384 0.0850020 0.0993341 0.1053788 0.0897615 0.0292045 0.2014340 0.2071419 0.0286166 0.0845186 0.0290117 0.0242528 0.0224653 0.2052284 0.0310113 0.2072982 0.0866944 0.0341063 0.0280431 0.0301333 0.1760403 0.0228823 0.0229098 0.0203282 0.0726396 0.0277995 0.1034363 0.0370235 0.0312460 0.0273601 0.0159876 0.1150745 0.0638076 0.1126058 0.0556729 0.0328594 0.1115351 0.0698422 0.1154902 0.0783274 0.0304966 0.0263307 0.0263448 0.1009111 0.0310129 0.0283745 0.0326759 0.0279410 0.1147513 0.0732779 0.0756559 0.0396000 0.0811028 0.0310099 0.1021763 0.0679824 0.0811770 
Perityle_californica_76_positas            0.2796849 0.2921692 0.3233477 0.5746881 0.2218550 0.4661752 0.3397850 0.4747672 0.2304691 0.4671512 0.2252028 0.2301433 0.2065927 0.2077138 0.2185725 0.2120365 0.0000000 0.2388440 0.2089344 0.2138139 0.2182533 0.0961530 0.2160543 0.2141448 0.2270454 0.2048134 0.2202158 0.2520759 0.2778251 0.2464875 0.1514439 0.1799875 0.2304799 0.2146438 0.3540084 0.3764731 0.2142726 0.2435289 0.2194203 0.2146272 0.2645778 0.3785294 0.2162974 0.3756189 0.2395974 0.2230152 0.2180576 0.2181971 0.3808066 0.2144998 0.2124726 0.2144904 0.2121897 0.2155381 0.2663650 0.2295521 0.2175910 0.2224579 0.2630964 0.2622445 0.4810842 0.2337967 0.2314974 0.2181199 0.2595041 0.2068343 0.2637216 0.2316557 0.2691460 0.2030950 0.2127602 0.2309535 0.2200594 0.2167539 0.2201052 0.2248048 0.2571176 0.2284946 0.2076981 0.2197676 0.2934749 0.2184453 0.2440684 0.2189545 0.2529629 
Perityle_canescens_77                      0.1316162 0.0960515 0.1373385 0.3718249 0.0928309 0.2324515 0.2043254 0.2936972 0.1143100 0.2360145 0.0718811 0.0655391 0.0627752 0.0679432 0.0692869 0.0654596 0.2388440 0.0000000 0.0634090 0.0613456 0.0699945 0.0501657 0.0631522 0.0575923 0.0735603 0.0791606 0.0767141 0.1127328 0.1296944 0.1098538 0.1176227 0.1172164 0.1115164 0.0698837 0.1471166 0.1562276 0.0734032 0.0723055 0.0716394 0.0679382 0.0553771 0.1533489 0.0714026 0.1511321 0.0687182 0.0704184 0.0691332 0.0687575 0.1523979 0.0602602 0.0616019 0.0627308 0.0831143 0.0679204 0.0940723 0.0757997 0.0674825 0.0629322 0.0349694 0.1173746 0.0710508 0.1020311 0.0670874 0.0759085 0.1089759 0.0818270 0.1119235 0.0522334 0.0488011 0.0665367 0.0666642 0.1122662 0.0727286 0.0701946 0.0772295 0.0530462 0.1105192 0.0109451 0.1262552 0.0836708 0.0811489 0.0713960 0.1158360 0.0784898 0.0824520 
Perityle_castillonii_96                    0.1327497 0.0858186 0.1351006 0.3407381 0.0666749 0.2215096 0.1228932 0.2662098 0.0789165 0.2841681 0.0241423 0.0244146 0.0188756 0.0151132 0.0318068 0.0252509 0.2089344 0.0634090 0.0000000 0.0226756 0.0229724 0.0309304 0.0214380 0.0241285 0.0216076 0.0723590 0.0320100 0.1206295 0.1102575 0.0684986 0.0810479 0.0972329 0.0734986 0.0215257 0.1722215 0.1834258 0.0188544 0.0823301 0.0304104 0.0278834 0.0192436 0.1831907 0.0229508 0.1807370 0.0752608 0.0252406 0.0252698 0.0229664 0.1807474 0.0240058 0.0252618 0.0240196 0.0779226 0.0208211 0.0959510 0.0347516 0.0327914 0.0229334 0.0099481 0.1103102 0.0637271 0.1011120 0.0554105 0.0267569 0.1086234 0.0751682 0.1050631 0.0663225 0.0366617 0.0150508 0.0265830 0.0823438 0.0268545 0.0217029 0.0265783 0.0189180 0.1067257 0.0622507 0.0227457 0.0318983 0.0877694 0.0229875 0.0873850 0.0736268 0.0752887 
Perityle_cernua_84                         0.1439532 0.0923689 0.1500480 0.3665025 0.0768237 0.2244460 0.1989132 0.3174550 0.0970507 0.3195177 0.0287938 0.0209468 0.0156621 0.0237487 0.0256370 0.0196600 0.2138139 0.0613456 0.0226756 0.0000000 0.0259195 0.0344942 0.0207540 0.0148715 0.0258648 0.0620056 0.0290748 0.1209869 0.1235858 0.0907276 0.1044327 0.1100613 0.0931098 0.0238688 0.1673834 0.1844359 0.0260143 0.0804080 0.0246990 0.0218160 0.0191048 0.1843278 0.0259530 0.1836223 0.0754435 0.0285896 0.0236044 0.0239271 0.1765893 0.0156785 0.0176696 0.0176533 0.0662694 0.0234625 0.0987800 0.0343551 0.0260533 0.0207633 0.0079597 0.1118976 0.0568133 0.1145651 0.0504539 0.0298523 0.1129547 0.0631450 0.1097178 0.0639447 0.0319307 0.0206224 0.0216412 0.0988665 0.0279848 0.0239552 0.0297649 0.0248915 0.1109260 0.0609998 0.0693942 0.0358865 0.0820334 0.0259551 0.0983236 0.0717864 0.0676106 
Perityle_cfvillosa_25_tin                  0.1957418 0.0979713 0.1726681 0.3527874 0.0858456 0.2105176 0.2115431 0.3703145 0.1044757 0.3949997 0.0275220 0.0230836 0.0283363 0.0254295 0.0344834 0.0309732 0.2182533 0.0699945 0.0229724 0.0259195 0.0000000 0.0451132 0.0248856 0.0276326 0.0048668 0.0657889 0.0357046 0.1245731 0.1288422 0.0949013 0.1004107 0.1139497 0.0952297 0.0153400 0.2020514 0.2051383 0.0278632 0.0834220 0.0339427 0.0285030 0.0227331 0.2030405 0.0084605 0.2051287 0.0924277 0.0308281 0.0118514 0.0059109 0.1750528 0.0300767 0.0309634 0.0283266 0.0667476 0.0240785 0.1110653 0.0455715 0.0381488 0.0249204 0.0019802 0.1229801 0.0602999 0.1108458 0.0549856 0.0276342 0.1163863 0.0667327 0.1121752 0.0893839 0.0388573 0.0204251 0.0318144 0.1075983 0.0067594 0.0053971 0.0205495 0.0014448 0.1157182 0.0766167 0.0866854 0.0336577 0.0897163 0.0016832 0.1090040 0.0719880 0.0806996 
Perityle_cinerea_113_Powell1310            0.0916724 0.0942252 0.0869697 0.4721165 0.0640292 0.1472990 0.1622402 0.3181949 0.0631968 0.1565258 0.0346343 0.0386403 0.0205498 0.0274637 0.0349285 0.0274679 0.0961530 0.0501657 0.0309304 0.0344942 0.0451132 0.0000000 0.0310673 0.0274637 0.0451204 0.0874326 0.0454361 0.1208254 0.0559568 0.0560394 0.0880799 0.1021424 0.0559568 0.0381824 0.1043736 0.0680013 0.0380786 0.0614221 0.0276358 0.0275010 0.0133101 0.0680519 0.0415968 0.0641612 0.0685931 0.0344347 0.0415968 0.0487965 0.0642296 0.0205350 0.0205498 0.0275028 0.0874095 0.0310851 0.0917681 0.0455245 0.0345634 0.0423169 0.0266143 0.1295559 0.2358577 0.1009613 0.0877760 0.0420170 0.1205963 0.0836695 0.1028210 0.0582822 0.0499448 0.0274637 0.0275320 0.0559568 0.0451204 0.0451789 0.0416998 0.0415968 0.0988812 0.0452092 0.0347872 0.0418792 0.1172258 0.0415968 0.0596183 0.1073387 0.0973527 
Perityle_coahuilensis_24                   0.1945952 0.0933094 0.1703459 0.3663950 0.0787602 0.2111187 0.1994902 0.3642387 0.1026599 0.3962246 0.0291689 0.0249212 0.0186480 0.0244445 0.0290619 0.0247323 0.2160543 0.0631522 0.0214380 0.0207540 0.0248856 0.0310673 0.0000000 0.0228418 0.0246960 0.0654480 0.0292813 0.1168026 0.1276117 0.0922876 0.0997882 0.1102185 0.0955964 0.0248121 0.2020329 0.2079921 0.0295836 0.0811045 0.0300394 0.0204040 0.0253352 0.2060712 0.0248793 0.2081456 0.0861407 0.0298736 0.0281523 0.0240082 0.1768679 0.0177817 0.0195058 0.0238513 0.0691802 0.0249355 0.1027257 0.0372286 0.0275031 0.0257048 0.0099733 0.1133899 0.0602999 0.1102708 0.0526842 0.0293128 0.1069481 0.0663867 0.1115390 0.0744147 0.0338225 0.0220789 0.0203481 0.1058459 0.0266209 0.0218755 0.0317880 0.0220730 0.1121443 0.0716147 0.0770122 0.0352951 0.0831442 0.0248966 0.1071972 0.0719109 0.0759846 
Perityle_cochisensis_44_cave_creek         0.1507510 0.0906920 0.1382080 0.3690437 0.0765364 0.2107958 0.2030537 0.3665744 0.1005147 0.3568767 0.0331278 0.0237993 0.0218277 0.0253022 0.0273742 0.0218390 0.2141448 0.0575923 0.0241285 0.0148715 0.0276326 0.0274637 0.0228418 0.0000000 0.0283921 0.0610109 0.0315249 0.1176346 0.1274943 0.0937421 0.1020911 0.1121340 0.0931323 0.0276212 0.1728844 0.1729617 0.0268849 0.0778261 0.0291726 0.0203960 0.0250752 0.1676062 0.0286106 0.1710945 0.0815029 0.0319531 0.0254905 0.0276713 0.1698447 0.0218077 0.0236758 0.0181102 0.0649597 0.0260752 0.0949369 0.0382854 0.0273265 0.0237862 0.0159736 0.1176703 0.0465102 0.1145959 0.0504987 0.0322053 0.1120989 0.0610215 0.1075862 0.0623717 0.0334856 0.0245621 0.0218216 0.1043241 0.0286122 0.0261622 0.0321180 0.0263890 0.1069366 0.0611048 0.0753631 0.0397160 0.0763914 0.0276677 0.1057545 0.0717406 0.0731873 
Perityle_congesta_202                      0.1265976 0.0982635 0.1323631 0.3583133 0.0843702 0.2123018 0.2057593 0.2903097 0.1049028 0.2303613 0.0284535 0.0259924 0.0246743 0.0234138 0.0348105 0.0284747 0.2270454 0.0735603 0.0216076 0.0258648 0.0048668 0.0451204 0.0246960 0.0283921 0.0000000 0.0652649 0.0428648 0.1171275 0.1145339 0.0963468 0.1044811 0.1119961 0.1020585 0.0134960 0.1313320 0.1482323 0.0272017 0.0828501 0.0359581 0.0334938 0.0222534 0.1482213 0.0048624 0.1489578 0.0797035 0.0309180 0.0122078 0.0060842 0.1488514 0.0272041 0.0272222 0.0284244 0.0666415 0.0246628 0.1091205 0.0442577 0.0372222 0.0260176 0.0000010 0.1169088 0.0602999 0.0867037 0.0551477 0.0361156 0.1121947 0.0652662 0.1169258 0.0684728 0.0405431 0.0233754 0.0360348 0.1054203 0.0085330 0.0036511 0.0221174 0.0028998 0.1168069 0.0705601 0.0934377 0.0398849 0.0888110 0.0048698 0.1092311 0.0719943 0.0809600 
Perityle_cordifolia_27                     0.2068262 0.1108276 0.1916729 0.3501129 0.0948794 0.2417320 0.2127899 0.3665359 0.1143443 0.4032087 0.0737985 0.0609102 0.0670249 0.0707464 0.0688802 0.0689018 0.2048134 0.0791606 0.0723590 0.0620056 0.0657889 0.0874326 0.0654480 0.0610109 0.0652649 0.0000000 0.0706998 0.1182877 0.1442533 0.1085111 0.0943408 0.0949921 0.1058035 0.0675936 0.2155370 0.2175754 0.0750352 0.1014895 0.0702023 0.0631002 0.0430508 0.2144068 0.0667918 0.2165465 0.1053470 0.0723024 0.0650922 0.0640015 0.1897217 0.0669489 0.0679441 0.0651782 0.0110048 0.0644405 0.1263438 0.0782421 0.0725476 0.0653927 0.0410065 0.1306260 0.0611618 0.1108467 0.0094995 0.0727289 0.1229690 0.0101482 0.1253115 0.1021104 0.0644834 0.0641202 0.0633338 0.1141701 0.0658776 0.0611615 0.0684193 0.0481405 0.1221443 0.0932252 0.1317592 0.0784668 0.0921274 0.0658697 0.1200028 0.0627873 0.0677368 
Perityle_cordifolia_68_tecolote            0.2039993 0.1014574 0.1831651 0.3763667 0.0845983 0.2154767 0.2152688 0.3819724 0.1073746 0.3969383 0.0373954 0.0330702 0.0310713 0.0327030 0.0345827 0.0310430 0.2202158 0.0767141 0.0320100 0.0290748 0.0357046 0.0454361 0.0292813 0.0315249 0.0428648 0.0706998 0.0000000 0.1261139 0.1347581 0.1091534 0.1033680 0.1183638 0.1019163 0.0346710 0.2083545 0.2097298 0.0383983 0.0926589 0.0378475 0.0286229 0.0309859 0.2077941 0.0356954 0.2098775 0.0976654 0.0389368 0.0327819 0.0348054 0.1796430 0.0319125 0.0301965 0.0310606 0.0744915 0.0350463 0.1172659 0.0113863 0.0421098 0.0320899 0.0221865 0.1255515 0.0675030 0.1197615 0.0601780 0.0387711 0.1198892 0.0716540 0.1193688 0.0855882 0.0468675 0.0309912 0.0292990 0.1093890 0.0374736 0.0342897 0.0400420 0.0328664 0.1181421 0.0788111 0.0834808 0.0436347 0.0930993 0.0357207 0.1128145 0.0741212 0.0708137 
Perityle_coronopifolia_28_patagonia        0.2228653 0.1164926 0.2157535 0.3435774 0.1181820 0.2900296 0.1613620 0.3045186 0.1163926 0.3572558 0.1236972 0.1278977 0.1161204 0.1261731 0.1258813 0.1174135 0.2520759 0.1127328 0.1206295 0.1209869 0.1245731 0.1208254 0.1168026 0.1176346 0.1171275 0.1182877 0.1261139 0.0000000 0.1521358 0.1061139 0.1118350 0.1115588 0.1121782 0.1187943 0.2392692 0.2893022 0.1207430 0.1449870 0.1277927 0.1242341 0.0811975 0.2807411 0.1220040 0.2822224 0.1334049 0.1280673 0.1242773 0.1234341 0.2450577 0.1230173 0.1214128 0.1190660 0.1237839 0.1299242 0.1075145 0.1328062 0.1247489 0.1254638 0.0699790 0.0460625 0.0854020 0.1374464 0.1072747 0.1291899 0.0290542 0.1211188 0.1239611 0.1296601 0.1156377 0.1174232 0.1203664 0.1186571 0.1248108 0.1212208 0.1215796 0.1083645 0.1178302 0.1296033 0.1189508 0.1274722 0.0295357 0.1247905 0.1283110 0.0975949 0.1157398 
Perityle_crassifolia_70_ventanas           0.1657371 0.0981926 0.1239027 0.3756891 0.1156100 0.2450356 0.1978201 0.3273118 0.0536397 0.3181634 0.1245019 0.1197252 0.1236295 0.1240365 0.1193637 0.1213384 0.2778251 0.1296944 0.1102575 0.1235858 0.1288422 0.0559568 0.1276117 0.1274943 0.1145339 0.1442533 0.1347581 0.1521358 0.0000000 0.0290257 0.1131037 0.1165619 0.0503869 0.1280178 0.1703659 0.1984251 0.1302273 0.1445991 0.1238634 0.1262655 0.0930969 0.1995979 0.1300503 0.2003747 0.1518672 0.1310230 0.1260883 0.1288150 0.2017118 0.1249038 0.1227277 0.1262349 0.1469306 0.1267228 0.1506688 0.1136576 0.1212452 0.1259558 0.0432881 0.1556653 0.0725683 0.1584341 0.0727719 0.1323072 0.1514206 0.1444908 0.1501127 0.1136472 0.1015874 0.1235681 0.1251065 0.0414247 0.1275142 0.1277192 0.1301033 0.0809627 0.1564628 0.1434609 0.1821308 0.1269853 0.0772640 0.1289220 0.0709386 0.0630610 0.0894732 
Perityle_crassifolia_74_playa_balandra     0.1322058 0.0986009 0.0997916 0.3656052 0.0796125 0.2064429 0.1988677 0.3005309 0.0236335 0.2381381 0.0908956 0.0941036 0.0908869 0.0921381 0.0883350 0.0850020 0.2464875 0.1098538 0.0684986 0.0907276 0.0949013 0.0560394 0.0922876 0.0937421 0.0963468 0.1085111 0.1091534 0.1061139 0.0290257 0.0000000 0.0879510 0.0789906 0.0209775 0.0957247 0.1185323 0.1634048 0.1010837 0.1114632 0.0909198 0.0967534 0.0868329 0.1634517 0.0963956 0.1627061 0.1115170 0.0995787 0.0953208 0.0964692 0.1656127 0.0923719 0.0896395 0.0936921 0.1085707 0.0937441 0.1161699 0.1040725 0.0922478 0.0942059 0.0434367 0.1193098 0.0802410 0.1028259 0.0767800 0.1000525 0.1127719 0.1085120 0.1237059 0.0757920 0.0984381 0.0936224 0.0967937 0.0249650 0.0964605 0.0949585 0.0982481 0.0830013 0.1252323 0.1070761 0.1446393 0.1013010 0.0775679 0.0949712 0.0025808 0.0633272 0.0942070 
Perityle_cuneata_34_cuneata_San_antonio    0.2079426 0.1236736 0.1609104 0.3488857 0.0869680 0.2351868 0.1985002 0.3691587 0.0883552 0.4114169 0.1037255 0.1038165 0.1033922 0.1051501 0.1034697 0.0993341 0.1514439 0.1176227 0.0810479 0.1044327 0.1004107 0.0880799 0.0997882 0.1020911 0.1044811 0.0943408 0.1033680 0.1118350 0.1131037 0.0879510 0.0000000 0.0553766 0.0794120 0.1011059 0.2252163 0.2390837 0.1065320 0.1273025 0.1096702 0.1015052 0.0905200 0.2384491 0.0986066 0.2405831 0.1319844 0.1061010 0.0963713 0.0985756 0.2117641 0.1052812 0.1054202 0.1004287 0.0964438 0.1075792 0.1279346 0.1043473 0.1037686 0.1038858 0.0454424 0.1368391 0.0754273 0.1146506 0.0599438 0.1069871 0.1308931 0.0954023 0.1281078 0.1021385 0.1019102 0.0992370 0.0984153 0.0883430 0.0995840 0.0990943 0.1032931 0.0814931 0.1246005 0.1163363 0.1428122 0.1057100 0.0998609 0.1005411 0.0967739 0.0398794 0.0763537 
Perityle_cuneata_4                         0.2175258 0.1164096 0.1868120 0.3405516 0.1006415 0.2465026 0.1894165 0.2719610 0.0895036 0.3421137 0.1157471 0.1150707 0.1102892 0.1141360 0.1130400 0.1053788 0.1799875 0.1172164 0.0972329 0.1100613 0.1139497 0.1021424 0.1102185 0.1121340 0.1119961 0.0949921 0.1183638 0.1115588 0.1165619 0.0789906 0.0553766 0.0000000 0.0825582 0.1119292 0.2207597 0.2734203 0.1199678 0.1397885 0.1161550 0.1115685 0.0893059 0.2755245 0.1126057 0.2720795 0.1307373 0.1199242 0.1114825 0.1126768 0.2382519 0.1128584 0.1141592 0.1104506 0.0999086 0.1148410 0.1365255 0.1173602 0.1165879 0.1148588 0.0601045 0.1311276 0.0858485 0.1098338 0.0652888 0.1191294 0.1267342 0.0975108 0.1376128 0.1142885 0.1085679 0.1088874 0.1093148 0.0892770 0.1139243 0.1112273 0.1159444 0.0924722 0.1319938 0.1238390 0.1511745 0.1219368 0.1011929 0.1140193 0.0960012 0.0401449 0.0792407 
Perityle_discoidea_81                      0.1228506 0.0948279 0.0956628 0.3617230 0.0736282 0.2294048 0.1881925 0.3475563 0.0030512 0.3216634 0.0947462 0.0942795 0.0919674 0.0921810 0.0888791 0.0897615 0.2304799 0.1115164 0.0734986 0.0931098 0.0952297 0.0559568 0.0955964 0.0931323 0.1020585 0.1058035 0.1019163 0.1121782 0.0503869 0.0209775 0.0794120 0.0825582 0.0000000 0.0947180 0.1785106 0.1913786 0.0991859 0.1154679 0.0920391 0.0955455 0.0864584 0.1913331 0.0975530 0.1907776 0.1167189 0.0999510 0.0930898 0.0964044 0.1933232 0.0931396 0.0898748 0.0919741 0.1058997 0.0923396 0.1129069 0.1023175 0.0934128 0.0949349 0.0369896 0.1231351 0.0690098 0.1086560 0.0693676 0.0996618 0.1179766 0.1071325 0.1189166 0.0812741 0.0947367 0.0907687 0.0944528 0.0113124 0.0952736 0.0953549 0.0990270 0.0761558 0.1202276 0.1035768 0.1426520 0.1005288 0.0715448 0.0952847 0.0258195 0.0573358 0.0857128 
Perityle_dissecta_201                      0.1916075 0.0887972 0.1731417 0.3608909 0.0821589 0.2182556 0.1987726 0.3722382 0.1050676 0.3972437 0.0266291 0.0230759 0.0274347 0.0156579 0.0327054 0.0292045 0.2146438 0.0698837 0.0215257 0.0238688 0.0153400 0.0381824 0.0248121 0.0276212 0.0134960 0.0675936 0.0346710 0.1187943 0.1280178 0.0957247 0.1011059 0.1119292 0.0947180 0.0000000 0.1947513 0.2063303 0.0239854 0.0843873 0.0339287 0.0294679 0.0199897 0.2030570 0.0170641 0.2063149 0.0923529 0.0247419 0.0178282 0.0144762 0.1763384 0.0283116 0.0291953 0.0256741 0.0695034 0.0162667 0.1109481 0.0414788 0.0341622 0.0231639 0.0039661 0.1188594 0.0637170 0.1117319 0.0531588 0.0221717 0.1152626 0.0685393 0.1109848 0.0839137 0.0356381 0.0135397 0.0300454 0.1081185 0.0170564 0.0154396 0.0110323 0.0131990 0.1126414 0.0765193 0.0784938 0.0327542 0.0831636 0.0153467 0.1105574 0.0738688 0.0785010 
Perityle_emoryi_47_punta_san_jose          0.2212533 0.0927115 0.2373794 0.3812626 0.2098983 0.2969592 0.2401816 0.3383213 0.1891946 0.3665398 0.2006644 0.1552273 0.2006778 0.1939654 0.1986910 0.2014340 0.3540084 0.1471166 0.1722215 0.1673834 0.2020514 0.1043736 0.2020329 0.1728844 0.1313320 0.2155370 0.2083545 0.2392692 0.1703659 0.1185323 0.2252163 0.2207597 0.1785106 0.1947513 0.0000000 0.2636321 0.2042683 0.2229492 0.1781617 0.1743728 0.1089773 0.2617384 0.2011111 0.2609964 0.2342974 0.2032818 0.1989628 0.2022895 0.2403657 0.1994160 0.1997743 0.2010850 0.2154880 0.1765630 0.2246385 0.1394884 0.1581500 0.1918267 0.0704600 0.2150341 0.1038372 0.2515331 0.1003181 0.1911149 0.2172228 0.2113783 0.1789688 0.2290808 0.1189714 0.1966501 0.1995462 0.2094662 0.2037125 0.1724615 0.2003394 0.0979279 0.2162978 0.2114885 0.2547212 0.2099900 0.1086378 0.2023851 0.2026582 0.1015814 0.1203192 
Perityle_feddemae_99                       0.2697550 0.1097620 0.2342818 0.3883529 0.2060440 0.2420896 0.2248408 0.3671500 0.2205412 0.4408632 0.2044693 0.1577421 0.2071913 0.2084483 0.2064422 0.2071419 0.3764731 0.1562276 0.1834258 0.1844359 0.2051383 0.0680013 0.2079921 0.1729617 0.1482323 0.2175754 0.2097298 0.2893022 0.1984251 0.1634048 0.2390837 0.2734203 0.1913786 0.2063303 0.2636321 0.0000000 0.2130286 0.2211999 0.1844142 0.1760821 0.0762772 0.0106555 0.2077295 0.0150280 0.2252649 0.2091188 0.1943595 0.2032400 0.0130201 0.2080370 0.2003524 0.2003580 0.2166628 0.1686852 0.2410741 0.1546432 0.1533275 0.2048518 0.0389658 0.2542992 0.0469721 0.2437825 0.0731747 0.1985270 0.2460449 0.2152949 0.2106034 0.2166735 0.0713435 0.2055318 0.2017669 0.2324381 0.2052344 0.1843089 0.2087979 0.0664862 0.2469973 0.2145237 0.2750989 0.2103467 0.0969636 0.2054282 0.2377052 0.0800840 0.0839661 
Perityle_fosteri_93                        0.1854581 0.1005230 0.1795800 0.3738517 0.0887800 0.2282692 0.1990958 0.3377321 0.1055257 0.3652429 0.0277464 0.0251065 0.0267010 0.0220752 0.0362002 0.0286166 0.2142726 0.0734032 0.0188544 0.0260143 0.0278632 0.0380786 0.0295836 0.0268849 0.0272017 0.0750352 0.0383983 0.1207430 0.1302273 0.1010837 0.1065320 0.1199678 0.0991859 0.0239854 0.2042683 0.2130286 0.0000000 0.0889597 0.0347077 0.0308269 0.0244811 0.2126112 0.0278520 0.2121212 0.0864075 0.0210793 0.0285408 0.0269047 0.1793703 0.0295852 0.0286326 0.0239050 0.0791069 0.0250886 0.1058696 0.0465022 0.0390723 0.0259065 0.0119832 0.1135823 0.0638716 0.1087405 0.0628720 0.0328020 0.1088910 0.0771564 0.1153050 0.0837827 0.0401549 0.0192046 0.0333380 0.1066621 0.0297437 0.0264674 0.0268261 0.0295873 0.1189263 0.0736860 0.0848395 0.0333955 0.0907404 0.0278765 0.1093709 0.0796125 0.0858251 
Perityle_gamon_221                         0.1909308 0.1082028 0.1792177 0.3531255 0.0905759 0.2345919 0.2140479 0.3649652 0.1201241 0.3842569 0.0938686 0.0785322 0.0846232 0.0858927 0.0895337 0.0845186 0.2435289 0.0723055 0.0823301 0.0804080 0.0834220 0.0614221 0.0811045 0.0778261 0.0828501 0.1014895 0.0926589 0.1449870 0.1445991 0.1114632 0.1273025 0.1397885 0.1154679 0.0843873 0.2229492 0.2211999 0.0889597 0.0000000 0.0854677 0.0822907 0.0630024 0.2146004 0.0825185 0.2151934 0.0405209 0.0931965 0.0883670 0.0825306 0.1846556 0.0846127 0.0865736 0.0865230 0.1036944 0.0807752 0.1006132 0.1007307 0.0932466 0.0868804 0.0456221 0.1393433 0.0872158 0.1331794 0.0805500 0.0915758 0.1304232 0.1006237 0.1263608 0.0710904 0.0812444 0.0815464 0.0855752 0.1216428 0.0855035 0.0758324 0.0892240 0.0654522 0.1286764 0.0663533 0.1406509 0.1008280 0.0941107 0.0835302 0.1212693 0.0827498 0.1080213 
Perityle_gentryi_8_san_francisco           0.1578003 0.1013246 0.1479011 0.3695376 0.0770188 0.2155111 0.2116630 0.3701883 0.0997158 0.3786461 0.0384898 0.0286376 0.0289963 0.0317221 0.0089316 0.0290117 0.2194203 0.0716394 0.0304104 0.0246990 0.0339427 0.0276358 0.0300394 0.0291726 0.0359581 0.0702023 0.0378475 0.1277927 0.1238634 0.0909198 0.1096702 0.1161550 0.0920391 0.0339287 0.1781617 0.1844142 0.0347077 0.0854677 0.0000000 0.0310966 0.0291150 0.1825255 0.0330583 0.1847779 0.0909444 0.0381908 0.0326514 0.0339900 0.1785283 0.0280464 0.0308463 0.0289750 0.0741679 0.0329585 0.1023194 0.0461324 0.0349364 0.0291371 0.0180076 0.1207221 0.0637935 0.1156829 0.0607099 0.0384909 0.1193339 0.0702142 0.1206627 0.0747713 0.0366733 0.0308068 0.0298627 0.1055713 0.0368061 0.0335218 0.0393272 0.0384192 0.1217598 0.0753525 0.0867213 0.0450708 0.0822390 0.0339856 0.1048631 0.0681051 0.0789593 
Perityle_gilensis_22_Superstition          0.1358663 0.0925556 0.1415991 0.3628012 0.0728963 0.2167530 0.2040954 0.3374844 0.0997992 0.3318512 0.0343565 0.0266449 0.0153845 0.0293218 0.0301832 0.0242528 0.2146272 0.0679382 0.0278834 0.0218160 0.0285030 0.0275010 0.0204040 0.0203960 0.0334938 0.0631002 0.0286229 0.1242341 0.1262655 0.0967534 0.1015052 0.1115685 0.0955455 0.0294679 0.1743728 0.1760821 0.0308269 0.0822907 0.0310966 0.0000000 0.0264647 0.1760307 0.0295446 0.1753217 0.0795816 0.0340832 0.0281715 0.0295391 0.1731059 0.0163703 0.0173582 0.0222723 0.0684098 0.0299836 0.1040952 0.0409909 0.0350223 0.0263683 0.0180197 0.1146208 0.0673021 0.1109584 0.0555725 0.0333502 0.1144030 0.0642250 0.1080670 0.0708004 0.0398202 0.0261916 0.0076541 0.1004046 0.0315538 0.0275734 0.0352788 0.0294276 0.1091605 0.0642261 0.0847588 0.0413908 0.0821389 0.0285416 0.1043280 0.0699937 0.0791411 
Perityle_gilensis_salensis_225             0.1000339 0.0835544 0.1024768 0.2536210 0.0778958 0.1283080 0.1772543 0.2862750 0.0889832 0.1802170 0.0291974 0.0224225 0.0237751 0.0238353 0.0278384 0.0224653 0.2645778 0.0553771 0.0192436 0.0191048 0.0227331 0.0133101 0.0253352 0.0250752 0.0222534 0.0430508 0.0309859 0.0811975 0.0930969 0.0868329 0.0905200 0.0893059 0.0864584 0.0199897 0.1089773 0.0762772 0.0244811 0.0630024 0.0291150 0.0264647 0.0000000 0.0749997 0.0241324 0.0763908 0.0602217 0.0250855 0.0237338 0.0214362 0.0778245 0.0224613 0.0211461 0.0210660 0.0472800 0.0197798 0.0893601 0.0380734 0.0272864 0.0251089 0.0099902 0.0967581 0.0602185 0.0842186 0.0479912 0.0265522 0.0935386 0.0445008 0.0924950 0.0254512 0.0369873 0.0184100 0.0251289 0.0904376 0.0227870 0.0227983 0.0251874 0.0195816 0.0924026 0.0529315 0.1018382 0.0373774 0.0630068 0.0227750 0.0890125 0.0647763 0.0770936 
Perityle_glaucescens_94                    0.2685830 0.1050906 0.2280601 0.3864882 0.2035658 0.2454913 0.2215921 0.3668361 0.2187586 0.4390021 0.2040191 0.1582043 0.2052775 0.2056461 0.2045255 0.2052284 0.3785294 0.1533489 0.1831907 0.1843278 0.2030405 0.0680519 0.2060712 0.1676062 0.1482213 0.2144068 0.2077941 0.2807411 0.1995979 0.1634517 0.2384491 0.2755245 0.1913331 0.2030570 0.2617384 0.0106555 0.2126112 0.2146004 0.1825255 0.1760307 0.0749997 0.0000000 0.2056251 0.0079446 0.2187730 0.2060365 0.1937189 0.2022193 0.0083805 0.2061252 0.1984432 0.1984483 0.2136010 0.1675154 0.2374200 0.1548081 0.1534491 0.2042234 0.0390115 0.2472279 0.0436686 0.2412920 0.0759234 0.1990898 0.2391216 0.2133480 0.2032983 0.2090955 0.0715488 0.2024599 0.1998541 0.2305268 0.2042621 0.1828069 0.2057060 0.0690191 0.2412930 0.2089820 0.2740987 0.2120023 0.0905326 0.2033273 0.2357586 0.0801721 0.0842517 
Perityle_gracilis_11                       0.1970665 0.1000733 0.1774628 0.3547925 0.0847714 0.2153337 0.2102419 0.3713008 0.1055109 0.3972676 0.0293198 0.0221255 0.0283711 0.0263585 0.0336355 0.0310113 0.2162974 0.0714026 0.0229508 0.0259530 0.0084605 0.0415968 0.0248793 0.0286106 0.0048624 0.0667918 0.0356954 0.1220040 0.1300503 0.0963956 0.0986066 0.1126057 0.0975530 0.0170641 0.2011111 0.2077295 0.0278520 0.0825185 0.0330583 0.0295446 0.0241324 0.2056251 0.0000000 0.2077072 0.0915446 0.0326270 0.0135728 0.0093073 0.1777228 0.0301137 0.0310014 0.0274798 0.0687025 0.0270675 0.1089915 0.0442781 0.0381966 0.0214538 0.0019818 0.1191354 0.0638036 0.1088695 0.0568827 0.0313152 0.1145758 0.0677381 0.1124107 0.0865918 0.0405655 0.0221853 0.0318536 0.1086014 0.0101596 0.0035907 0.0222878 0.0029012 0.1149369 0.0776525 0.0868050 0.0354782 0.0917421 0.0084641 0.1089947 0.0720420 0.0829565 
Perityle_harkerae_31                       0.2668264 0.1055917 0.2345999 0.3866621 0.2073937 0.2479889 0.2191387 0.3600398 0.2210714 0.4353249 0.2070086 0.1606293 0.2073474 0.2086033 0.2066016 0.2072982 0.3756189 0.1511321 0.1807370 0.1836223 0.2051287 0.0641612 0.2081456 0.1710945 0.1489578 0.2165465 0.2098775 0.2822224 0.2003747 0.1627061 0.2405831 0.2720795 0.1907776 0.2063149 0.2609964 0.0150280 0.2121212 0.2151934 0.1847779 0.1753217 0.0763908 0.0079446 0.2077072 0.0000000 0.2219595 0.2092672 0.1958251 0.2032397 0.0129754 0.2081896 0.2005355 0.2005411 0.2167831 0.1691746 0.2357228 0.1539535 0.1510041 0.2063078 0.0368805 0.2530598 0.0401706 0.2435354 0.0727380 0.2024141 0.2436719 0.2154206 0.2096620 0.2082583 0.0698214 0.2056942 0.2019447 0.2327502 0.2063468 0.1845115 0.2078280 0.0661076 0.2458090 0.2111644 0.2702181 0.2140583 0.0906124 0.2054172 0.2367231 0.0802001 0.0801640 
