84
Amauria_brandeegeana_62                    0.0000000 0.0552443 0.1154500 0.1893120 0.1268227 0.1551761 0.1676502 0.2294686 0.1420010 0.1289766 0.0619286 0.1294705 0.1329127 0.1398210 0.1240826 0.1581918 0.1208448 0.1504340 0.1406400 0.1381880 0.1377639 0.1167888 0.1377129 0.1308640 0.1301713 0.1397682 0.1529739 0.1394582 0.0870112 0.0838009 0.1134584 0.1468006 0.1287023 0.1297173 0.1183640 0.1489186 0.1365768 0.1414066 0.1261770 0.1376404 0.1351889 0.1476119 0.1296076 0.1598728 0.1476817 0.1388288 0.1298700 0.1313282 0.1509243 0.1368061 0.0959216 0.0741677 0.2382163 0.1270666 0.1521075 0.2418086 0.0796326 0.2515884 0.1267907 0.1750841 0.1334410 0.1468916 0.1269695 0.1367688 0.1227530 0.1641032 0.1517942 0.0856244 0.1395057 0.1350119 0.1481092 0.0886096 0.1338520 0.1301257 0.0963951 0.1407889 0.1453958 0.1230772 0.1448131 0.0932965 0.1309946 0.1131336 0.1114143 0.0966616 
Amauria_carterae_99_mesa                   0.0552443 0.0000000 0.0617607 0.1432399 0.0932703 0.0879240 0.1716226 0.1515678 0.0844535 0.0963462 0.0000010 0.0757483 0.0814859 0.0813840 0.0907652 0.0876125 0.0850342 0.0967627 0.0786331 0.0786055 0.0814673 0.0943736 0.0845375 0.0848663 0.0786972 0.0871497 0.1252094 0.0971926 0.0883882 0.1003108 0.0762556 0.1121083 0.0844535 0.0787081 0.0847104 0.0815191 0.0816062 0.0968019 0.0911411 0.0845859 0.0788434 0.0846264 0.0757483 0.0849202 0.1015736 0.0815729 0.0757483 0.0843300 0.0789196 0.0848402 0.0791809 0.0801694 0.0873522 0.0760252 0.1100942 0.1759373 0.0843691 0.0844875 0.0757483 0.1199708 0.1374556 0.1121815 0.0760498 0.0971926 0.0939823 0.1277284 0.1155060 0.0964462 0.0756865 0.0845859 0.0847088 0.0846839 0.0786616 0.0815906 0.0805788 0.1152876 0.1003585 0.0727955 0.0819271 0.1008485 0.0787436 0.0822600 0.0913333 0.0846267 
Amauria_rotundifolia_SRR9119150            0.1154500 0.0617607 0.0000000 0.2419513 0.1816918 0.1963072 0.1670308 0.3078793 0.1861972 0.1966338 0.0852017 0.1881054 0.1884521 0.0992175 0.1210810 0.2219234 0.1815532 0.1127391 0.2204032 0.1613696 0.2087188 0.1051486 0.2192658 0.1168644 0.1855192 0.2288773 0.2424283 0.2133217 0.0833825 0.0847495 0.1964818 0.2258905 0.0970437 0.1851407 0.1610968 0.2166058 0.1634436 0.2008798 0.1766861 0.2211538 0.2130187 0.2169065 0.1882171 0.1728210 0.2102068 0.2108266 0.1832954 0.1921383 0.2244988 0.1966452 0.0920174 0.0701504 0.2205921 0.1769912 0.1685681 0.2299717 0.0686452 0.2195786 0.1865758 0.2259703 0.1443952 0.2071218 0.1993299 0.2080720 0.1081496 0.1795813 0.2205706 0.0799092 0.1981576 0.2228413 0.1859931 0.0895882 0.1886663 0.2147733 0.0787538 0.1649754 0.2198735 0.2036630 0.2211917 0.0988276 0.1869599 0.2028826 0.0932603 0.0947114 
Conoclinium_coelestinum_SRR9119114         0.1893120 0.1432399 0.2419513 0.0000000 0.1994063 0.2160288 0.2362927 0.3135084 0.2234383 0.2147986 0.1061008 0.1967615 0.1979811 0.1682913 0.1776182 0.2168687 0.2057999 0.2234253 0.2020180 0.1888800 0.2017538 0.1770586 0.2067331 0.1909220 0.1937710 0.2059682 0.2095012 0.2254170 0.1399640 0.1569664 0.2078493 0.2237825 0.1787873 0.1956662 0.1800061 0.2375748 0.1858030 0.2203307 0.1804640 0.2066127 0.2064781 0.2343053 0.1984050 0.2373635 0.2189572 0.1977216 0.1960133 0.1956743 0.2413280 0.1907749 0.1328619 0.1215375 0.3037068 0.1973884 0.2149689 0.2665342 0.1296945 0.3060577 0.1966823 0.2495762 0.2243911 0.2398846 0.1998329 0.2217410 0.1536247 0.2253668 0.2330136 0.1543166 0.2029364 0.2066971 0.2288479 0.1346607 0.1991907 0.1988961 0.1479187 0.2110753 0.2310897 0.1996630 0.2086647 0.1585546 0.1987706 0.2283948 0.1616927 0.1606384 
Eutetras_palmeri_63                        0.1268227 0.0932703 0.1816918 0.1994063 0.0000000 0.1239174 0.1452272 0.2702861 0.0903681 0.1064239 0.0831038 0.1185815 0.1228971 0.1095144 0.1174696 0.1369812 0.0904273 0.1111944 0.1261259 0.1073101 0.1145032 0.1137863 0.1237904 0.1036152 0.1227195 0.1301168 0.1258512 0.1364330 0.0752783 0.0938733 0.1034572 0.1122848 0.0851253 0.1212567 0.1098356 0.1369092 0.1136647 0.1171844 0.1117005 0.1236234 0.1238288 0.1346339 0.1210075 0.1213277 0.1188962 0.1192603 0.1225641 0.1191204 0.1776548 0.1093198 0.0973101 0.0808535 0.2429588 0.1145321 0.1299890 0.2248278 0.0764985 0.2409593 0.1149368 0.1801312 0.1410551 0.1372087 0.1289356 0.1280296 0.1036085 0.1212078 0.1178309 0.0962192 0.1133078 0.1259580 0.1123537 0.0928644 0.1250294 0.1242884 0.0931403 0.1103003 0.1229121 0.1214121 0.1414970 0.1027477 0.1223802 0.1330985 0.0898201 0.0961125 
Eutrochium_fistulosum_SRR9119106           0.1551761 0.0879240 0.1963072 0.2160288 0.1239174 0.0000000 0.1804118 0.2989345 0.1491070 0.1482810 0.1221912 0.1532719 0.1514517 0.1303825 0.1516722 0.1581343 0.1346342 0.1460099 0.1625125 0.1505559 0.1582474 0.1335563 0.1622404 0.1357246 0.1517723 0.1730135 0.1676641 0.1786326 0.1004064 0.1077865 0.1382998 0.1581823 0.1178756 0.1538433 0.1499909 0.1753698 0.1526577 0.1652644 0.1598668 0.1637368 0.1638181 0.1695176 0.1563011 0.1607616 0.1706115 0.1609942 0.1561934 0.1515179 0.2006197 0.1532198 0.1232846 0.1001717 0.1739898 0.1503991 0.1700007 0.2493098 0.0989889 0.2043259 0.1547805 0.1888442 0.1803262 0.1824125 0.1620456 0.1728648 0.1351181 0.1648027 0.1658454 0.1042375 0.1592483 0.1651444 0.1495068 0.1222599 0.1592910 0.1641131 0.1002867 0.1570804 0.1602766 0.1552661 0.1701371 0.1195891 0.1552365 0.1586824 0.1242363 0.1285003 
Galeana_pratensis_104_mex                  0.1676502 0.1716226 0.1670308 0.2362927 0.1452272 0.1804118 0.0000000 0.1931182 0.1747099 0.1678563 0.0000010 0.1758826 0.1793354 0.1640977 0.1685804 0.1686681 0.1689996 0.1839077 0.1609418 0.1570946 0.1605993 0.1464055 0.1648182 0.1655364 0.1796069 0.1748339 0.1994842 0.1767294 0.1689710 0.1788997 0.1656235 0.1756855 0.1747099 0.1761076 0.1721279 0.1761423 0.1646253 0.1837437 0.1693027 0.1649320 0.1614581 0.1802517 0.1758826 0.1764860 0.1905442 0.1645375 0.1758826 0.1639985 0.1689391 0.1616637 0.1622876 0.1622936 0.1715118 0.1692897 0.1815480 0.1739833 0.1677769 0.1643600 0.1758826 0.1899623 0.1982081 0.1584915 0.1655935 0.1767294 0.1729691 0.2144411 0.1993270 0.1332922 0.1609192 0.1649320 0.1638743 0.1872459 0.1721758 0.1645936 0.1793276 0.1989000 0.1960683 0.1614014 0.1653984 0.1890221 0.1797345 0.1728406 0.1741991 0.1688730 
Helianthus_annuus_SRR9119062               0.2294686 0.1515678 0.3078793 0.3135084 0.2702861 0.2989345 0.1931182 0.0000000 0.2520324 0.2907496 0.1638394 0.2714087 0.2707114 0.1848308 0.2117700 0.2864454 0.2577791 0.2161241 0.2884301 0.2288618 0.2712657 0.1527628 0.2934816 0.1806518 0.2669008 0.2898636 0.3128432 0.2873837 0.1248982 0.1377486 0.2733534 0.3123669 0.1763825 0.2759013 0.2341106 0.3233358 0.2308182 0.3178868 0.2511699 0.2915929 0.2885223 0.3183432 0.2713437 0.2651807 0.3252432 0.2875583 0.2657242 0.2690389 0.3274593 0.2532501 0.1685323 0.1471726 0.2936291 0.2594825 0.2410393 0.2682568 0.1377371 0.3312377 0.2730122 0.3066105 0.2140520 0.2904197 0.2822482 0.2933825 0.1901593 0.2579745 0.2998544 0.1347842 0.2657475 0.2931882 0.2656873 0.1644453 0.2709628 0.2833022 0.1554629 0.2485816 0.2956494 0.2833235 0.2974107 0.1584974 0.2785976 0.2827797 0.1618322 0.1470699 
Lycapsus_tenuifolius_17                    0.1420010 0.0844535 0.1861972 0.2234383 0.0903681 0.1491070 0.1747099 0.2520324 0.0000000 0.1030649 0.0807849 0.1056533 0.1079380 0.1001188 0.1093773 0.1205550 0.1008509 0.1273301 0.1180199 0.1104182 0.1217075 0.1050140 0.1112096 0.1021018 0.1050238 0.1172726 0.1268566 0.1283649 0.0103336 0.0301003 0.0902355 0.0936088 0.0013375 0.1086247 0.1100344 0.1288453 0.1151973 0.1096822 0.1112530 0.1136021 0.1102275 0.1250515 0.1082800 0.1339577 0.1204806 0.1126371 0.1093321 0.1079789 0.1584113 0.1094549 0.0828292 0.0662441 0.1819904 0.1051466 0.1373295 0.2362686 0.0690408 0.2017503 0.1044217 0.1367938 0.1573612 0.1432781 0.1101530 0.1283539 0.0957342 0.1197723 0.1047146 0.0750269 0.1150144 0.1161288 0.0069532 0.0848457 0.1094136 0.1151495 0.0771926 0.1049874 0.1119050 0.1037221 0.1323356 0.1051920 0.1111032 0.1150250 0.0842436 0.0904493 
Pericome_caudata_50_silver                 0.1289766 0.0963462 0.1966338 0.2147986 0.1064239 0.1482810 0.1678563 0.2907496 0.1030649 0.0000000 0.0897064 0.1115220 0.1169648 0.1123341 0.1226465 0.1261385 0.1017102 0.1076377 0.1206362 0.1216477 0.1161712 0.1041254 0.1138251 0.1081985 0.1121813 0.1266959 0.1112907 0.1090354 0.0836738 0.0865562 0.0982960 0.1032795 0.0916170 0.1162742 0.1209388 0.1261665 0.1255546 0.1101748 0.1206372 0.1137755 0.1152537 0.1261948 0.1138113 0.1160044 0.1172579 0.1206539 0.1147702 0.1078230 0.1667501 0.1175997 0.1035072 0.0859004 0.2354541 0.1077702 0.1031139 0.2239522 0.0541201 0.2223577 0.1138094 0.1444612 0.1627802 0.1325893 0.1153429 0.1035498 0.1052862 0.1132686 0.1085277 0.0958114 0.1167027 0.1159667 0.1135128 0.1021207 0.1171047 0.1098242 0.0966514 0.0998475 0.1058703 0.1130366 0.1347681 0.1006495 0.1162791 0.1331579 0.1084244 0.1113034 
Perityle_aglossa_84_dead_horse             0.0619286 0.0000010 0.0852017 0.1061008 0.0831038 0.1221912 0.0000010 0.1638394 0.0807849 0.0897064 0.0000000 0.0183473 0.0183473 0.0000010 0.0320320 0.0369336 0.0722786 0.1824367 0.0542832 0.0489886 0.0342696 0.0000010 0.0245911 0.0190249 0.0214360 0.0499935 0.0788719 0.0869315 0.0769843 0.0678702 0.0661796 0.0933217 0.0939112 0.0308634 0.0465887 0.1047799 0.0443418 0.1008339 0.0244463 0.0214195 0.0245911 0.0938241 0.0183588 0.1430092 0.1007958 0.0467681 0.0183588 0.0245263 0.1010564 0.0231038 0.0278025 0.0183473 0.4150829 0.0204807 0.0959032 0.8514348 0.0717437 0.4806637 0.0214195 0.1916374 0.0000010 0.0888917 0.0152759 0.0802043 0.0634652 0.0873598 0.0731402 0.0000010 0.0544615 0.0245418 0.0870856 0.0214462 0.0245415 0.0214682 0.0000010 0.0769268 0.0829058 0.0370717 0.0587581 0.0499311 0.0214729 0.0694349 0.1386815 0.0682975 
Perityle_ajoensis_204                      0.1294705 0.0757483 0.1881054 0.1967615 0.1185815 0.1532719 0.1758826 0.2714087 0.1056533 0.1115220 0.0183473 0.0000000 0.0096903 0.0332201 0.0448684 0.0373915 0.1032977 0.1333246 0.0415810 0.0352676 0.0322670 0.0425048 0.0322909 0.0256575 0.0058440 0.0473317 0.0877309 0.1453507 0.0849429 0.0766244 0.0972954 0.1164195 0.0971692 0.0096371 0.0494981 0.1353997 0.0405169 0.1118583 0.0391847 0.0322768 0.0293442 0.1331251 0.0038320 0.1332431 0.1180995 0.0373605 0.0048319 0.0215265 0.1615890 0.0262584 0.0222554 0.0074103 0.1506293 0.0074861 0.1514500 0.1967042 0.0646925 0.1417209 0.0038318 0.1900418 0.1175588 0.1487315 0.0375871 0.1383693 0.0592133 0.1163697 0.1237597 0.0386562 0.0413291 0.0342773 0.1161810 0.0060167 0.0067764 0.0284342 0.0028310 0.1169397 0.1348055 0.0176034 0.0524003 0.0957987 0.0076958 0.1443502 0.0942931 0.0637022 
Perityle_ambrosiifolia_67_green            0.1329127 0.0814859 0.1884521 0.1979811 0.1228971 0.1514517 0.1793354 0.2707114 0.1079380 0.1169648 0.0183473 0.0096903 0.0000000 0.0370283 0.0495119 0.0400376 0.1068685 0.1363994 0.0429137 0.0355747 0.0346147 0.0487056 0.0355874 0.0300422 0.0137102 0.0467476 0.0896936 0.1476553 0.0849429 0.0790614 0.1004226 0.1173410 0.1002772 0.0136390 0.0519951 0.1376472 0.0418843 0.1138209 0.0416943 0.0355718 0.0326092 0.1330189 0.0116478 0.1328205 0.1201305 0.0396724 0.0126617 0.0255890 0.1614866 0.0275394 0.0234500 0.0088954 0.1520988 0.0118067 0.1533566 0.1967042 0.0646925 0.1466664 0.0116471 0.1915449 0.1213315 0.1511735 0.0378110 0.1406067 0.0580474 0.1173526 0.1258442 0.0419088 0.0416440 0.0375971 0.1214252 0.0108583 0.0146354 0.0316980 0.0113688 0.1196995 0.1359940 0.0167500 0.0538138 0.1025285 0.0155918 0.1478754 0.0959743 0.0653106 
Perityle_angustifolia_13_Eagle_creek       0.1398210 0.0813840 0.0992175 0.1682913 0.1095144 0.1303825 0.1640977 0.1848308 0.1001188 0.1123341 0.0000010 0.0332201 0.0370283 0.0000000 0.0352392 0.0372390 0.0938632 0.1124958 0.0258534 0.0220708 0.0466545 0.0391704 0.0427991 0.0183313 0.0356215 0.0387742 0.0968010 0.1389357 0.0736921 0.0701046 0.0848619 0.1201803 0.1001188 0.0295097 0.0370612 0.1233012 0.0258358 0.1050189 0.0391075 0.0466593 0.0314673 0.1189492 0.0332450 0.1213725 0.1189173 0.0295269 0.0332450 0.0466024 0.1148438 0.0276938 0.0210903 0.0058978 0.0485402 0.0296227 0.1395019 0.1450711 0.0526397 0.0485555 0.0313465 0.1558064 0.1331760 0.1408671 0.0334733 0.1411476 0.0395586 0.1218630 0.1201786 0.0286791 0.0295871 0.0466593 0.1003265 0.0372120 0.0351234 0.0353315 0.0317351 0.1215155 0.1359879 0.0261678 0.0315756 0.1120400 0.0351444 0.1059044 0.0834565 0.0586457 
Perityle_batopilensis_97                   0.1240826 0.0907652 0.1210810 0.1776182 0.1174696 0.1516722 0.1685804 0.2117700 0.1093773 0.1226465 0.0320320 0.0448684 0.0495119 0.0352392 0.0000000 0.0509052 0.1008425 0.1379391 0.0515772 0.0433748 0.0591222 0.0613491 0.0542707 0.0377851 0.0429259 0.0587789 0.0993811 0.1379823 0.0870841 0.0842395 0.0988955 0.1306474 0.1052042 0.0508048 0.0525062 0.1288634 0.0473661 0.1224003 0.0368525 0.0542436 0.0496737 0.1248703 0.0472027 0.1368090 0.1309152 0.0530365 0.0483612 0.0565145 0.1222327 0.0396167 0.0347922 0.0275892 0.1666962 0.0438304 0.1510198 0.1939296 0.0677022 0.1743021 0.0448555 0.1796157 0.1456824 0.1407219 0.0496936 0.1367207 0.0601207 0.1262951 0.1225044 0.0418435 0.0514831 0.0554268 0.1150818 0.0426881 0.0483387 0.0473821 0.0406657 0.1247874 0.1409239 0.0441034 0.0626321 0.1071162 0.0495788 0.1098772 0.1064820 0.0719436 
Perityle_bisetosa_9                        0.1581918 0.0876125 0.2219234 0.2168687 0.1369812 0.1581343 0.1686681 0.2864454 0.1205550 0.1261385 0.0369336 0.0373915 0.0400376 0.0372390 0.0509052 0.0000000 0.1100562 0.1348404 0.0217800 0.0224223 0.0409119 0.0515899 0.0408120 0.0272424 0.0368684 0.0509315 0.0904029 0.1631867 0.0775791 0.0740426 0.1041569 0.1202588 0.1022128 0.0410081 0.0464220 0.1628945 0.0202971 0.1355753 0.0445659 0.0407920 0.0374553 0.1588976 0.0397355 0.1488694 0.1401366 0.0239694 0.0400980 0.0460009 0.2029805 0.0301346 0.0323043 0.0225260 0.0796076 0.0338024 0.1576945 0.1927333 0.0703223 0.0955038 0.0397335 0.1714567 0.1260281 0.1580913 0.0429167 0.1580417 0.0645221 0.1257760 0.1322523 0.0288265 0.0189694 0.0419168 0.1249220 0.0414647 0.0424785 0.0376127 0.0317869 0.1237849 0.1514026 0.0299179 0.0385886 0.1052439 0.0421518 0.1610320 0.0980226 0.0688305 
Perityle_californica_76_positas            0.1208448 0.0850342 0.1815532 0.2057999 0.0904273 0.1346342 0.1689996 0.2577791 0.1008509 0.1017102 0.0722786 0.1032977 0.1068685 0.0938632 0.1008425 0.1100562 0.0000000 0.1169685 0.1063410 0.0974337 0.1129065 0.0926986 0.1026138 0.0937909 0.1052388 0.1131300 0.1000299 0.1252393 0.0760574 0.0820399 0.0207011 0.1071076 0.0931349 0.1060443 0.1016097 0.1245453 0.1045738 0.1168603 0.1009670 0.1025629 0.1003101 0.1260431 0.1071470 0.1315083 0.1238111 0.1012209 0.1055806 0.1043243 0.1561406 0.1023472 0.0862336 0.0727258 0.2081899 0.0968306 0.1320855 0.2118022 0.0679442 0.2163597 0.1058445 0.1499524 0.1681916 0.1357611 0.1076462 0.1189706 0.0974031 0.1386411 0.1263260 0.0864004 0.1043725 0.1050310 0.1049276 0.0898240 0.1095087 0.1065494 0.0810722 0.1263803 0.1151569 0.1014008 0.1177295 0.1078953 0.1086289 0.0521239 0.0863307 0.0856145 
Perityle_canescens_77                      0.1504340 0.0967627 0.1127391 0.2234253 0.1111944 0.1460099 0.1839077 0.2161241 0.1273301 0.1076377 0.1824367 0.1333246 0.1363994 0.1124958 0.1379391 0.1348404 0.1169685 0.0000000 0.1300540 0.1236695 0.1191564 0.1073019 0.1205564 0.1195190 0.1333454 0.1405591 0.1281483 0.1325449 0.1050879 0.0969225 0.1036730 0.1378381 0.1174233 0.1354401 0.1422780 0.0465943 0.1317975 0.0761795 0.1386128 0.1236223 0.1256170 0.0466497 0.1365316 0.0481382 0.0899427 0.1282959 0.1381006 0.1189328 0.0424407 0.1333855 0.1137750 0.1051003 0.1414365 0.1323387 0.1426786 0.1969275 0.0714190 0.1463557 0.1317972 0.1427141 0.1639871 0.1597301 0.1434046 0.1279744 0.1294634 0.1448579 0.1354314 0.1004025 0.1283184 0.1236223 0.1309822 0.1111408 0.1397377 0.1210724 0.0973578 0.1400042 0.1333643 0.1209438 0.1444582 0.1077367 0.1351780 0.1170149 0.1176826 0.1246665 
Perityle_castillonii_96                    0.1406400 0.0786331 0.2204032 0.2020180 0.1261259 0.1625125 0.1609418 0.2884301 0.1180199 0.1206362 0.0542832 0.0415810 0.0429137 0.0258534 0.0515772 0.0217800 0.1063410 0.1300540 0.0000000 0.0214683 0.0479743 0.0329443 0.0455265 0.0243650 0.0411469 0.0535534 0.0876262 0.1508159 0.0698280 0.0690187 0.0996400 0.1092361 0.0975338 0.0448303 0.0485632 0.1478598 0.0163907 0.1253350 0.0525835 0.0465116 0.0384663 0.1443666 0.0436856 0.1504206 0.1328466 0.0224111 0.0440420 0.0503154 0.1875361 0.0362786 0.0366929 0.0281539 0.1412813 0.0350310 0.1599573 0.1850201 0.0630995 0.1453934 0.0436837 0.1825532 0.1334083 0.1521111 0.0475244 0.1474829 0.0584340 0.1247489 0.1259590 0.0190181 0.0151800 0.0465235 0.1218420 0.0421519 0.0461769 0.0436769 0.0259735 0.1206109 0.1393816 0.0378416 0.0404652 0.1003408 0.0479499 0.1491634 0.0909738 0.0605488 
Perityle_cernua_84                         0.1381880 0.0786055 0.1613696 0.1888800 0.1073101 0.1505559 0.1570946 0.2288618 0.1104182 0.1216477 0.0489886 0.0352676 0.0355747 0.0220708 0.0433748 0.0224223 0.0974337 0.1236695 0.0214683 0.0000000 0.0401268 0.0329316 0.0423740 0.0185156 0.0334907 0.0469593 0.0876784 0.1516617 0.0717286 0.0689981 0.0919771 0.1183757 0.0959673 0.0378106 0.0443884 0.1342736 0.0175629 0.1211245 0.0450096 0.0423525 0.0330679 0.1288999 0.0376949 0.1429200 0.1271743 0.0237591 0.0380518 0.0453196 0.1463324 0.0295474 0.0279374 0.0210429 0.1011194 0.0310446 0.1516325 0.1754721 0.0647543 0.1122990 0.0364786 0.1597518 0.1292263 0.1476847 0.0422513 0.1477234 0.0557105 0.1181262 0.1118294 0.0157996 0.0214150 0.0447096 0.1058730 0.0378262 0.0405178 0.0389529 0.0259639 0.1179660 0.1329112 0.0311087 0.0401509 0.0980240 0.0426129 0.1160826 0.0893686 0.0590085 
Perityle_cfvillosa_25_tin                  0.1377639 0.0814673 0.2087188 0.2017538 0.1145032 0.1582474 0.1605993 0.2712657 0.1217075 0.1161712 0.0342696 0.0322670 0.0346147 0.0466545 0.0591222 0.0409119 0.1129065 0.1191564 0.0479743 0.0401268 0.0000000 0.0674616 0.0344197 0.0345310 0.0338009 0.0567320 0.0821837 0.1429414 0.0830984 0.0840447 0.1057907 0.1191050 0.1055158 0.0354810 0.0600635 0.1342223 0.0442720 0.1155281 0.0511338 0.0344046 0.0425925 0.1318918 0.0343431 0.1369196 0.1229260 0.0415556 0.0346215 0.0150421 0.1566495 0.0404446 0.0356801 0.0271282 0.1632744 0.0321909 0.1541750 0.1727872 0.0602857 0.1159659 0.0333030 0.1887320 0.1293343 0.1534553 0.0454804 0.1418976 0.0730775 0.1354236 0.1274787 0.0551307 0.0447288 0.0364177 0.1188418 0.0358245 0.0367260 0.0304473 0.0377217 0.1310856 0.1363781 0.0337855 0.0525060 0.1049751 0.0385428 0.1420696 0.0977759 0.0786026 
Perityle_cinerea_113_Powell1310            0.1167888 0.0943736 0.1051486 0.1770586 0.1137863 0.1335563 0.1464055 0.1527628 0.1050140 0.1041254 0.0000010 0.0425048 0.0487056 0.0391704 0.0613491 0.0515899 0.0926986 0.1073019 0.0329443 0.0329316 0.0674616 0.0000000 0.0609128 0.0486911 0.0488170 0.0547227 0.1282647 0.1220210 0.0946571 0.0699036 0.0895656 0.1139296 0.1050140 0.0456805 0.0549668 0.1108159 0.0329310 0.1259281 0.0518450 0.0609502 0.0360703 0.1109549 0.0456298 0.1079087 0.1383977 0.0486460 0.0456298 0.0673164 0.1045167 0.0517265 0.0425101 0.0096447 0.0613768 0.0425251 0.1192921 0.2299079 0.0758422 0.0707465 0.0456298 0.1364222 0.0918226 0.1326421 0.0519674 0.1222304 0.0581880 0.1112551 0.1013839 0.0197348 0.0328959 0.0609502 0.1053602 0.0519218 0.0456298 0.0579290 0.0210083 0.1113618 0.1366606 0.0486545 0.0487657 0.0905206 0.0487981 0.1101816 0.0850981 0.0520343 
Perityle_coahuilensis_24                   0.1377129 0.0845375 0.2192658 0.2067331 0.1237904 0.1622404 0.1648182 0.2934816 0.1112096 0.1138251 0.0245911 0.0322909 0.0355874 0.0427991 0.0542707 0.0408120 0.1026138 0.1205564 0.0455265 0.0423740 0.0344197 0.0609128 0.0000000 0.0330532 0.0337961 0.0531140 0.0809991 0.1467503 0.0810444 0.0788300 0.0946221 0.1167331 0.1003850 0.0364011 0.0565028 0.1358528 0.0441329 0.1120613 0.0477880 0.0056158 0.0160480 0.1359352 0.0343056 0.1383386 0.1192059 0.0443861 0.0345754 0.0284911 0.1729223 0.0286854 0.0319277 0.0163818 0.1583744 0.0349657 0.1565646 0.1775314 0.0542230 0.1399964 0.0343041 0.1878030 0.1336253 0.1535723 0.0421823 0.1410910 0.0665981 0.1284869 0.1283992 0.0484988 0.0443754 0.0074969 0.1188828 0.0331753 0.0366169 0.0199616 0.0437090 0.1221708 0.1412647 0.0288484 0.0531163 0.0981902 0.0383803 0.1413733 0.0995220 0.0768963 
Perityle_cochisensis_44_cave_creek         0.1308640 0.0848663 0.1168644 0.1909220 0.1036152 0.1357246 0.1655364 0.1806518 0.1021018 0.1081985 0.0190249 0.0256575 0.0300422 0.0183313 0.0377851 0.0272424 0.0937909 0.1195190 0.0243650 0.0185156 0.0345310 0.0486911 0.0330532 0.0000000 0.0274461 0.0372887 0.0818716 0.1442361 0.0700670 0.0692567 0.0869779 0.1260929 0.0884888 0.0242864 0.0315681 0.1247822 0.0243579 0.1120987 0.0345894 0.0345425 0.0316423 0.1232434 0.0271171 0.1215973 0.1245344 0.0228138 0.0285701 0.0359722 0.1181074 0.0228437 0.0125835 0.0133864 0.0465065 0.0243137 0.1376195 0.1744395 0.0478780 0.0359897 0.0242155 0.1541313 0.1303233 0.1420829 0.0287684 0.1390733 0.0438920 0.1070697 0.1090534 0.0321551 0.0243130 0.0345425 0.1040755 0.0302191 0.0286005 0.0258455 0.0289259 0.1150459 0.1295028 0.0186964 0.0302028 0.0985782 0.0300649 0.1046697 0.0781245 0.0528401 
Perityle_congesta_202                      0.1301713 0.0786972 0.1855192 0.1937710 0.1227195 0.1517723 0.1796069 0.2669008 0.1050238 0.1121813 0.0214360 0.0058440 0.0137102 0.0356215 0.0429259 0.0368684 0.1052388 0.1333454 0.0411469 0.0334907 0.0338009 0.0488170 0.0337961 0.0274461 0.0000000 0.0470446 0.0869433 0.1463754 0.0849677 0.0791417 0.0989158 0.1184055 0.0983313 0.0137383 0.0477487 0.1329120 0.0397752 0.1159645 0.0387352 0.0337811 0.0308021 0.1306084 0.0078050 0.1254832 0.1223534 0.0389535 0.0088109 0.0247487 0.1568088 0.0256177 0.0246444 0.0088987 0.1507708 0.0097238 0.1520281 0.1943190 0.0647072 0.1441514 0.0078046 0.1905479 0.1175588 0.1499218 0.0370240 0.1405126 0.0605216 0.1172921 0.1257526 0.0386621 0.0398055 0.0358152 0.1185601 0.0084395 0.0107879 0.0257957 0.0056722 0.1196175 0.1370806 0.0188752 0.0499638 0.0958079 0.0117540 0.1466513 0.0959993 0.0653267 
Perityle_cordifolia_27                     0.1397682 0.0871497 0.2288773 0.2059682 0.1301168 0.1730135 0.1748339 0.2898636 0.1172726 0.1266959 0.0499935 0.0473317 0.0467476 0.0387742 0.0587789 0.0509315 0.1131300 0.1405591 0.0535534 0.0469593 0.0567320 0.0547227 0.0531140 0.0372887 0.0470446 0.0000000 0.0870556 0.1541145 0.0808882 0.0762171 0.1041696 0.1206330 0.1031924 0.0505387 0.0359213 0.1491859 0.0489504 0.1304282 0.0551355 0.0540842 0.0492028 0.1469154 0.0493875 0.1553667 0.1377943 0.0541052 0.0487729 0.0497758 0.1904222 0.0465956 0.0464668 0.0346997 0.1179979 0.0460760 0.1666312 0.1845959 0.0734223 0.1516132 0.0463590 0.1998251 0.1406385 0.1610597 0.0562251 0.1507063 0.0515662 0.1280321 0.1299741 0.0449892 0.0516837 0.0560877 0.1172455 0.0521948 0.0508559 0.0523182 0.0405655 0.1239975 0.1452045 0.0426116 0.0651030 0.1112235 0.0535563 0.1527136 0.1027155 0.0571500 
Perityle_cordifolia_68_tecolote            0.1529739 0.1252094 0.2424283 0.2095012 0.1258512 0.1676641 0.1994842 0.3128432 0.1268566 0.1112907 0.0788719 0.0877309 0.0896936 0.0968010 0.0993811 0.0904029 0.1000299 0.1281483 0.0876262 0.0876784 0.0821837 0.1282647 0.0809991 0.0818716 0.0869433 0.0870556 0.0000000 0.1388259 0.0971085 0.1209308 0.0996044 0.1234463 0.1176345 0.0902602 0.0943303 0.1422705 0.0939395 0.1275166 0.0924900 0.0819990 0.0843130 0.1410677 0.0900086 0.1483459 0.1351120 0.0875357 0.0907764 0.0793203 0.1871702 0.0845703 0.0859553 0.0931847 0.1780283 0.0837924 0.1459257 0.1104601 0.0541044 0.1699675 0.0900062 0.1699990 0.1765453 0.1649441 0.0939024 0.1318544 0.0759521 0.1552677 0.1547477 0.1008055 0.0882875 0.0841643 0.1335357 0.0970392 0.0930954 0.0791120 0.1173466 0.1477919 0.1453128 0.0819537 0.1018771 0.1285962 0.0946626 0.1461141 0.1152518 0.1282952 
Perityle_coronopifolia_28_patagonia        0.1394582 0.0971926 0.2133217 0.2254170 0.1364330 0.1786326 0.1767294 0.2873837 0.1283649 0.1090354 0.0869315 0.1453507 0.1476553 0.1389357 0.1379823 0.1631867 0.1252393 0.1325449 0.1508159 0.1516617 0.1429414 0.1220210 0.1467503 0.1442361 0.1463754 0.1541145 0.1388259 0.0000000 0.0902840 0.0948969 0.1196383 0.1415734 0.1127745 0.1505704 0.1432930 0.1480876 0.1554023 0.1211491 0.1431949 0.1466853 0.1483525 0.1409805 0.1477803 0.1492789 0.1285294 0.1513726 0.1490706 0.1403630 0.1926912 0.1458001 0.1145985 0.0882491 0.2703004 0.1464967 0.0521774 0.2270303 0.0607866 0.2523002 0.1454704 0.0644672 0.1637019 0.0814120 0.1524636 0.0163125 0.1133612 0.1530639 0.1382942 0.1006292 0.1480396 0.1489953 0.1392914 0.1035134 0.1515562 0.1439883 0.0942241 0.1338996 0.1299563 0.1462306 0.1654071 0.1151289 0.1480651 0.1529830 0.1096502 0.1211933 
Perityle_crassifolia_70_ventanas           0.0870112 0.0883882 0.0833825 0.1399640 0.0752783 0.1004064 0.1689710 0.1248982 0.0103336 0.0836738 0.0769843 0.0849429 0.0849429 0.0736921 0.0870841 0.0775791 0.0760574 0.1050879 0.0698280 0.0717286 0.0830984 0.0946571 0.0810444 0.0700670 0.0849677 0.0808882 0.0971085 0.0902840 0.0000000 0.0327451 0.0683771 0.0843831 0.0085970 0.0832320 0.0754367 0.0972845 0.0698105 0.0936611 0.0854896 0.0849149 0.0813919 0.0993534 0.0868825 0.0997138 0.1102909 0.0699396 0.0868825 0.0869200 0.0956222 0.0794668 0.0702078 0.0690979 0.0790820 0.0814617 0.0945190 0.2297379 0.0681190 0.0949536 0.0830622 0.0987718 0.1589744 0.1138210 0.0815396 0.0883787 0.0758687 0.0821623 0.0726779 0.0792902 0.0698607 0.0849149 0.0086219 0.0888300 0.0849972 0.0811411 0.0812781 0.0799858 0.0881003 0.0774668 0.0794679 0.1083234 0.0888309 0.0782029 0.0740165 0.0738068 
Perityle_crassifolia_74_playa_balandra     0.0838009 0.1003108 0.0847495 0.1569664 0.0938733 0.1077865 0.1788997 0.1377486 0.0301003 0.0865562 0.0678702 0.0766244 0.0790614 0.0701046 0.0842395 0.0740426 0.0820399 0.0969225 0.0690187 0.0689981 0.0840447 0.0699036 0.0788300 0.0692567 0.0791417 0.0762171 0.1209308 0.0948969 0.0327451 0.0000000 0.0692472 0.0971973 0.0301003 0.0766923 0.0689110 0.0866746 0.0689957 0.0944468 0.0819490 0.0839589 0.0791448 0.0893505 0.0766244 0.0845386 0.1005578 0.0714962 0.0766244 0.0864926 0.0844616 0.0742143 0.0644616 0.0658386 0.0763674 0.0744029 0.0953432 0.2205807 0.0713523 0.0839404 0.0766244 0.1062612 0.1589623 0.1103029 0.0768573 0.0922645 0.0847472 0.0895955 0.0769522 0.0899593 0.0714814 0.0839589 0.0350225 0.0792270 0.0766244 0.0789549 0.0876387 0.0869850 0.0921366 0.0716558 0.0717939 0.1097538 0.0766461 0.0795108 0.0795939 0.0641187 
Perityle_cuneata_34_cuneata_San_antonio    0.1134584 0.0762556 0.1964818 0.2078493 0.1034572 0.1382998 0.1656235 0.2733534 0.0902355 0.0982960 0.0661796 0.0972954 0.1004226 0.0848619 0.0988955 0.1041569 0.0207011 0.1036730 0.0996400 0.0919771 0.1057907 0.0895656 0.0946221 0.0869779 0.0989158 0.1041696 0.0996044 0.1196383 0.0683771 0.0692472 0.0000000 0.1008613 0.0816763 0.1033839 0.0963696 0.1216065 0.0946193 0.1108640 0.0903449 0.0945791 0.0936245 0.1218648 0.1007851 0.1189673 0.1171503 0.0968245 0.0981712 0.0981974 0.1625655 0.1015239 0.0803924 0.0632976 0.2157209 0.0942950 0.1240760 0.2044209 0.0573608 0.2150209 0.1007828 0.1654769 0.1559604 0.1373411 0.1000148 0.1117121 0.0870751 0.1339600 0.1302243 0.0761068 0.0985148 0.0968182 0.1035250 0.0781102 0.1028702 0.0984710 0.0717882 0.1175095 0.1139779 0.0967893 0.1132620 0.0963733 0.1021176 0.0573093 0.0740386 0.0751022 
Perityle_cuneata_4                         0.1468006 0.1121083 0.2258905 0.2237825 0.1122848 0.1581823 0.1756855 0.3123669 0.0936088 0.1032795 0.0933217 0.1164195 0.1173410 0.1201803 0.1306474 0.1202588 0.1071076 0.1378381 0.1092361 0.1183757 0.1191050 0.1139296 0.1167331 0.1260929 0.1184055 0.1206330 0.1234463 0.1415734 0.0843831 0.0971973 0.1008613 0.0000000 0.0940807 0.1215097 0.1285250 0.1409064 0.1193056 0.1309838 0.1154596 0.1177574 0.1157552 0.1398146 0.1188183 0.1465247 0.1326701 0.1108720 0.1198640 0.1139338 0.1860799 0.1217125 0.1094734 0.0911675 0.2289590 0.1168254 0.1568421 0.2498654 0.0955796 0.2344221 0.1164986 0.1823625 0.1639043 0.1457073 0.1224614 0.1357045 0.1071852 0.1296096 0.1197455 0.1077116 0.1110799 0.1177912 0.1028462 0.1099268 0.1211104 0.1170064 0.1102030 0.1153994 0.1246587 0.1143271 0.1278105 0.1125350 0.1225356 0.1436853 0.1141226 0.1134331 
Perityle_discoidea_81                      0.1287023 0.0844535 0.0970437 0.1787873 0.0851253 0.1178756 0.1747099 0.1763825 0.0013375 0.0916170 0.0939112 0.0971692 0.1002772 0.1001188 0.1052042 0.1022128 0.0931349 0.1174233 0.0975338 0.0959673 0.1055158 0.1050140 0.1003850 0.0884888 0.0983313 0.1031924 0.1176345 0.1127745 0.0085970 0.0301003 0.0816763 0.0940807 0.0000000 0.0973825 0.0940862 0.1154594 0.0959967 0.1029410 0.1053556 0.1033118 0.0990625 0.1089823 0.1002756 0.1117173 0.1161354 0.0959154 0.1002756 0.1002171 0.1060279 0.0959858 0.0866578 0.0698991 0.1354633 0.0984673 0.1164451 0.2362686 0.0688585 0.1740948 0.0941286 0.1211595 0.1573612 0.1301736 0.0994960 0.1113235 0.0986645 0.0996765 0.0953529 0.0750269 0.0988889 0.1033118 0.0067306 0.0889788 0.1002372 0.1005075 0.0771926 0.0998692 0.0937919 0.0907199 0.1116767 0.1051920 0.1003612 0.0982732 0.0824912 0.0886920 
Perityle_dissecta_201                      0.1297173 0.0787081 0.1851407 0.1956662 0.1212567 0.1538433 0.1761076 0.2759013 0.1086247 0.1162742 0.0308634 0.0096371 0.0136390 0.0295097 0.0508048 0.0410081 0.1060443 0.1354401 0.0448303 0.0378106 0.0354810 0.0456805 0.0364011 0.0242864 0.0137383 0.0505387 0.0902602 0.1505704 0.0832320 0.0766923 0.1033839 0.1215097 0.0973825 0.0000000 0.0508402 0.1393310 0.0432018 0.1167212 0.0447515 0.0363852 0.0334368 0.1370409 0.0115837 0.1366779 0.1230425 0.0415181 0.0126563 0.0255780 0.1657238 0.0295501 0.0246763 0.0134060 0.1511356 0.0096693 0.1550492 0.1923828 0.0648343 0.1409849 0.0115831 0.1958998 0.1177214 0.1517389 0.0417717 0.1435260 0.0617809 0.1194280 0.1287532 0.0387016 0.0436483 0.0384019 0.1191719 0.0133146 0.0146292 0.0325319 0.0085297 0.1222558 0.1387043 0.0216314 0.0567304 0.0981856 0.0155057 0.1510912 0.0962103 0.0638532 
Perityle_emoryi_47_punta_san_jose          0.1183640 0.0847104 0.1610968 0.1800061 0.1098356 0.1499909 0.1721279 0.2341106 0.1100344 0.1209388 0.0465887 0.0494981 0.0519951 0.0370612 0.0525062 0.0464220 0.1016097 0.1422780 0.0485632 0.0443884 0.0600635 0.0549668 0.0565028 0.0315681 0.0477487 0.0359213 0.0943303 0.1432930 0.0754367 0.0689110 0.0963696 0.1285250 0.0940862 0.0508402 0.0000000 0.1332014 0.0481948 0.1192993 0.0519839 0.0564753 0.0508764 0.1306044 0.0518481 0.1493417 0.1262845 0.0507059 0.0521556 0.0532987 0.1428971 0.0463230 0.0348745 0.0306100 0.1246137 0.0483992 0.1557817 0.1870308 0.0659282 0.1476955 0.0483600 0.1663487 0.1454294 0.1447381 0.0504945 0.1421332 0.0595341 0.1195333 0.1154623 0.0451775 0.0485668 0.0576367 0.1076025 0.0484645 0.0533481 0.0520138 0.0407614 0.1215561 0.1345639 0.0444451 0.0635040 0.1024621 0.0542888 0.1147932 0.0993460 0.0571569 
Perityle_feddemae_99                       0.1489186 0.0815191 0.2166058 0.2375748 0.1369092 0.1753698 0.1761423 0.3233358 0.1288453 0.1261665 0.1047799 0.1353997 0.1376472 0.1233012 0.1288634 0.1628945 0.1245453 0.0465943 0.1478598 0.1342736 0.1342223 0.1108159 0.1358528 0.1247822 0.1329120 0.1491859 0.1422705 0.1480876 0.0972845 0.0866746 0.1216065 0.1409064 0.1154594 0.1393310 0.1332014 0.0000000 0.1387731 0.0891737 0.1335531 0.1334190 0.1396652 0.0143844 0.1378053 0.0329893 0.1004951 0.1417417 0.1390370 0.1267781 0.0813696 0.1337130 0.1070386 0.0846107 0.2601323 0.1366279 0.1489581 0.2073216 0.0689455 0.2392881 0.1378041 0.1910528 0.1427743 0.1686679 0.1517910 0.1399467 0.1182978 0.1471607 0.1422566 0.0828715 0.1428112 0.1356967 0.1472455 0.0958631 0.1414964 0.1376426 0.0845074 0.1320237 0.1273971 0.1364625 0.1639853 0.1031559 0.1392411 0.1535586 0.1106482 0.1136521 
Perityle_fosteri_93                        0.1365768 0.0816062 0.1634436 0.1858030 0.1136647 0.1526577 0.1646253 0.2308182 0.1151973 0.1255546 0.0443418 0.0405169 0.0418843 0.0258358 0.0473661 0.0202971 0.1045738 0.1317975 0.0163907 0.0175629 0.0442720 0.0329310 0.0441329 0.0243579 0.0397752 0.0489504 0.0939395 0.1554023 0.0698105 0.0689957 0.0946193 0.1193056 0.0959967 0.0432018 0.0481948 0.1387731 0.0000000 0.1264146 0.0455577 0.0441096 0.0344121 0.1331525 0.0430635 0.1414242 0.1355519 0.0187537 0.0433422 0.0509289 0.1454982 0.0319823 0.0288340 0.0200779 0.0890492 0.0372219 0.1597001 0.1848638 0.0638334 0.1117060 0.0417871 0.1638831 0.1374833 0.1514999 0.0438032 0.1541376 0.0560062 0.1218358 0.1166174 0.0222380 0.0163553 0.0429060 0.1127152 0.0376056 0.0446342 0.0405704 0.0289191 0.1259570 0.1334025 0.0324078 0.0380999 0.1026332 0.0482293 0.1190451 0.0927521 0.0606325 
Perityle_gamon_221                         0.1414066 0.0968019 0.2008798 0.2203307 0.1171844 0.1652644 0.1837437 0.3178868 0.1096822 0.1101748 0.1008339 0.1118583 0.1138209 0.1050189 0.1224003 0.1355753 0.1168603 0.0761795 0.1253350 0.1211245 0.1155281 0.1259281 0.1120613 0.1120987 0.1159645 0.1304282 0.1275166 0.1211491 0.0936611 0.0944468 0.1108640 0.1309838 0.1029410 0.1167212 0.1192993 0.0891737 0.1264146 0.0000000 0.1240318 0.1130920 0.1166499 0.0859937 0.1141550 0.0868161 0.0142916 0.1197712 0.1151197 0.1104141 0.1294552 0.1192471 0.1004479 0.0881005 0.2389145 0.1104182 0.1299644 0.2152350 0.0741377 0.2228586 0.1129241 0.1671743 0.1589844 0.1490821 0.1234791 0.1178060 0.1171925 0.1468363 0.1366256 0.1006866 0.1230609 0.1152888 0.1188222 0.0974493 0.1163113 0.1146099 0.1074152 0.1281823 0.1199307 0.1133876 0.1397424 0.1007389 0.1166313 0.1446312 0.1194347 0.1222813 
Perityle_gentryi_8_san_francisco           0.1261770 0.0911411 0.1766861 0.1804640 0.1117005 0.1598668 0.1693027 0.2511699 0.1112530 0.1206372 0.0244463 0.0391847 0.0416943 0.0391075 0.0368525 0.0445659 0.1009670 0.1386128 0.0525835 0.0450096 0.0511338 0.0518450 0.0477880 0.0345894 0.0387352 0.0551355 0.0924900 0.1431949 0.0854896 0.0819490 0.0903449 0.1154596 0.1053556 0.0447515 0.0519839 0.1335531 0.0455577 0.1240318 0.0000000 0.0477660 0.0456983 0.1310693 0.0413779 0.1564071 0.1319189 0.0456320 0.0417305 0.0472403 0.1494275 0.0434983 0.0331023 0.0239780 0.1692645 0.0386986 0.1640479 0.1976305 0.0679031 0.1627821 0.0402788 0.1923414 0.1260438 0.1512797 0.0476146 0.1407354 0.0580291 0.1260491 0.1168990 0.0486949 0.0479773 0.0499114 0.1106300 0.0382714 0.0428449 0.0457339 0.0378014 0.1247181 0.1358959 0.0407058 0.0583832 0.0963434 0.0458212 0.1044279 0.1016785 0.0689193 
Perityle_gilensis_22_Superstition          0.1376404 0.0845859 0.2211538 0.2066127 0.1236234 0.1637368 0.1649320 0.2915929 0.1136021 0.1137755 0.0214195 0.0322768 0.0355718 0.0466593 0.0542436 0.0407920 0.1025629 0.1236223 0.0465116 0.0423525 0.0344046 0.0609502 0.0056158 0.0345425 0.0337811 0.0540842 0.0819990 0.1466853 0.0849149 0.0839589 0.0945791 0.1177574 0.1033118 0.0363852 0.0564753 0.1334190 0.0441096 0.1130920 0.0477660 0.0000000 0.0160412 0.1334998 0.0342906 0.1352633 0.1202467 0.0423945 0.0345602 0.0284786 0.1703212 0.0286723 0.0319108 0.0148639 0.1594512 0.0349487 0.1564773 0.1800070 0.0541889 0.1399335 0.0342891 0.1877165 0.1337279 0.1535009 0.0421640 0.1410286 0.0665633 0.1283169 0.1282527 0.0485302 0.0443551 0.0018626 0.1213176 0.0331571 0.0366007 0.0199531 0.0437345 0.1220213 0.1389684 0.0288361 0.0530933 0.1005553 0.0383635 0.1413072 0.0993456 0.0751791 
Perityle_gilensis_salensis_225             0.1351889 0.0788434 0.2130187 0.2064781 0.1238288 0.1638181 0.1614581 0.2885223 0.1102275 0.1152537 0.0245911 0.0293442 0.0326092 0.0314673 0.0496737 0.0374553 0.1003101 0.1256170 0.0384663 0.0330679 0.0425925 0.0360703 0.0160480 0.0316423 0.0308021 0.0492028 0.0843130 0.1483525 0.0813919 0.0791448 0.0936245 0.1157552 0.0990625 0.0334368 0.0508764 0.1396652 0.0344121 0.1166499 0.0456983 0.0160412 0.0000000 0.1386509 0.0313531 0.1416760 0.1238677 0.0404979 0.0315995 0.0376157 0.1770378 0.0266295 0.0283430 0.0074200 0.1539634 0.0316741 0.1527934 0.1845616 0.0603456 0.1495918 0.0313517 0.1921639 0.1419385 0.1499405 0.0402101 0.1437661 0.0568555 0.1298813 0.1262378 0.0255241 0.0359785 0.0179507 0.1178989 0.0282176 0.0336349 0.0287247 0.0319356 0.1187077 0.1381155 0.0269186 0.0511858 0.0982812 0.0354143 0.1391687 0.0981040 0.0655649 
Perityle_glaucescens_94                    0.1476119 0.0846264 0.2169065 0.2343053 0.1346339 0.1695176 0.1802517 0.3183432 0.1250515 0.1261948 0.0938241 0.1331251 0.1330189 0.1189492 0.1248703 0.1588976 0.1260431 0.0466497 0.1443666 0.1288999 0.1318918 0.1109549 0.1359352 0.1232434 0.1306084 0.1469154 0.1410677 0.1409805 0.0993534 0.0893505 0.1218648 0.1398146 0.1089823 0.1370409 0.1306044 0.0143844 0.1331525 0.0859937 0.1310693 0.1334998 0.1386509 0.0000000 0.1355242 0.0279919 0.0972581 0.1383547 0.1367342 0.1244561 0.0771088 0.1288570 0.1014977 0.0812430 0.2576343 0.1340887 0.1413851 0.2072601 0.0689324 0.2392229 0.1355230 0.1883246 0.1472417 0.1598207 0.1482991 0.1329157 0.1099723 0.1458060 0.1420655 0.0865453 0.1391829 0.1357789 0.1433168 0.0944770 0.1391866 0.1353564 0.0878575 0.1320390 0.1263372 0.1330592 0.1581230 0.1008781 0.1369525 0.1538674 0.1071057 0.1118954 
Perityle_gracilis_11                       0.1296076 0.0757483 0.1882171 0.1984050 0.1210075 0.1563011 0.1758826 0.2713437 0.1082800 0.1138113 0.0183588 0.0038320 0.0116478 0.0332450 0.0472027 0.0397355 0.1071470 0.1365316 0.0436856 0.0376949 0.0343431 0.0456298 0.0343056 0.0271171 0.0078050 0.0493875 0.0900086 0.1477803 0.0868825 0.0766244 0.1007851 0.1188183 0.1002756 0.0115837 0.0518481 0.1378053 0.0430635 0.1141550 0.0413779 0.0342906 0.0313531 0.1355242 0.0000000 0.1362842 0.1204275 0.0393933 0.0009632 0.0215237 0.1640832 0.0284104 0.0234497 0.0103946 0.1530679 0.0096426 0.1544910 0.1944059 0.0662101 0.1428715 0.0057586 0.1914976 0.1175588 0.1512804 0.0396329 0.1407767 0.0617076 0.1190431 0.1261058 0.0386562 0.0435278 0.0362970 0.1187962 0.0072273 0.0048308 0.0304466 0.0028310 0.1194440 0.1371805 0.0185965 0.0545103 0.0957987 0.0057647 0.1481422 0.0977065 0.0669538 
Perityle_harkerae_31                       0.1598728 0.0849202 0.1728210 0.2373635 0.1213277 0.1607616 0.1764860 0.2651807 0.1339577 0.1160044 0.1430092 0.1332431 0.1328205 0.1213725 0.1368090 0.1488694 0.1315083 0.0481382 0.1504206 0.1429200 0.1369196 0.1079087 0.1383386 0.1215973 0.1254832 0.1553667 0.1483459 0.1492789 0.0997138 0.0845386 0.1189673 0.1465247 0.1117173 0.1366779 0.1493417 0.0329893 0.1414242 0.0868161 0.1564071 0.1352633 0.1416760 0.0279919 0.1362842 0.0000000 0.0969746 0.1444635 0.1316013 0.1162092 0.0293496 0.1459311 0.1054469 0.0896382 0.1731035 0.1298541 0.1499816 0.2077904 0.0740811 0.1841129 0.1347577 0.1621676 0.1346498 0.1738741 0.1505303 0.1449712 0.1333892 0.1563134 0.1459520 0.0831655 0.1471716 0.1352633 0.1272307 0.1057584 0.1331525 0.1357945 0.0881855 0.1486358 0.1380884 0.1273372 0.1578563 0.0943062 0.1380985 0.1318332 0.1127502 0.1157615 
Perityle_hofmeisteria_4_nombre_de_dios     0.1476817 0.1015736 0.2102068 0.2189572 0.1188962 0.1706115 0.1905442 0.3252432 0.1204806 0.1172579 0.1007958 0.1180995 0.1201305 0.1189173 0.1309152 0.1401366 0.1238111 0.0899427 0.1328466 0.1271743 0.1229260 0.1383977 0.1192059 0.1245344 0.1223534 0.1377943 0.1351120 0.1285294 0.1102909 0.1005578 0.1171503 0.1326701 0.1161354 0.1230425 0.1262845 0.1004951 0.1355519 0.0142916 0.1319189 0.1202467 0.1238677 0.0972581 0.1204275 0.0969746 0.0000000 0.1270192 0.1214546 0.1177578 0.1381904 0.1270657 0.1091270 0.0954358 0.2480507 0.1173502 0.1393016 0.2322696 0.0869572 0.2319539 0.1191757 0.1754761 0.1670129 0.1475346 0.1320772 0.1251407 0.1245390 0.1529185 0.1428570 0.1131225 0.1308761 0.1224729 0.1299021 0.1050660 0.1226642 0.1218102 0.1191726 0.1336547 0.1259430 0.1195732 0.1462237 0.1090299 0.1229472 0.1514878 0.1274918 0.1301896 
