85
Amauria_brandeegeana_62                  0.0000000 0.0533898 0.0332464 0.2484254 0.0645531 0.0839050 0.1656921 0.1799112 0.5140660 0.0943356 0.2046102 0.0677267 0.0642465 0.0664089 0.0411483 0.0633908 0.0505538 0.1074387 0.0866214 0.0655955 0.0633553 0.1916256 0.3397785 0.0678994 0.0499634 0.0699293 0.0534968 0.0608964 0.0705308 0.2901269 0.2977419 0.1555519 0.1226805 0.1234414 0.0680859 0.0548668 0.1642102 0.0724206 0.0791309 0.0659473 0.0664482 0.0612302 0.2696811 0.0652500 0.1536534 0.0897062 0.0670818 0.0654876 0.0661494 0.1521906 0.0694957 0.0678050 0.0577886 0.0677365 0.0687957 0.0550590 0.0801916 0.0618448 0.0666952 0.0975424 0.1221414 0.1350944 0.0593570 0.0702178 0.0741981 0.0534829 0.1357534 0.0706084 0.0748672 0.0725140 0.0654259 0.1137310 0.0687949 0.0661367 0.1427724 0.0674117 0.1362863 0.1396327 0.0217889 0.0690089 0.0685266 0.1916256 0.1087213 0.1080134 0.0754718 
Amauria_carterae_99_mesa                 0.0533898 0.0000000 0.0716481 0.2386865 0.0958992 0.0963952 0.2018469 0.1784754 0.3423650 0.0710146 0.1616822 0.0708938 0.0763850 0.0708819 0.0582384 0.0767019 0.0589503 0.1341202 0.0787897 0.0795938 0.0659040 0.1575200 0.3261991 0.0738996 0.0744751 0.0735442 0.0641992 0.0763285 0.0838003 0.1954372 0.1019547 0.1857919 0.1261809 0.1266564 0.0741544 0.0618973 0.1827995 0.0782507 0.0786728 0.0691073 0.0734852 0.0735830 0.1751096 0.0760412 0.1685743 0.0990702 0.0757654 0.0760826 0.0660047 0.1685743 0.0734378 0.0835695 0.0688740 0.0732438 0.0861208 0.0734261 0.0732693 0.0665374 0.0639088 0.1474937 0.1303813 0.1331739 0.0584376 0.0784751 0.0836933 0.0617105 0.1766791 0.0708148 0.0786983 0.0784520 0.0688443 0.1072448 0.0709797 0.0684418 0.1515733 0.0734686 0.1674007 0.1432128 0.0162517 0.0710307 0.0917829 0.1575200 0.1045767 0.1591405 0.0727577 
Amauria_rotundifolia_SRR9119150          0.0332464 0.0716481 0.0000000 0.2550208 0.0817372 0.0896800 0.1837703 0.1825869 0.5219761 0.1211604 0.2187235 0.0814302 0.0817923 0.0803962 0.0695637 0.0805785 0.0683094 0.1197371 0.1031640 0.0834937 0.0782171 0.2070160 0.3272693 0.0842202 0.0717497 0.0864483 0.0719589 0.0751806 0.0882042 0.3019964 0.2984759 0.1731794 0.1475384 0.1390954 0.0819509 0.0683737 0.1760291 0.0891409 0.0944463 0.0862896 0.0825949 0.0812920 0.2873762 0.0826998 0.1643810 0.1084162 0.0847452 0.0842750 0.0850985 0.1615290 0.0879760 0.0840138 0.0740630 0.0871987 0.0898788 0.0723040 0.0934748 0.0755503 0.0816586 0.1117075 0.1330319 0.1528039 0.0601681 0.0839787 0.0931681 0.0707166 0.1481586 0.0883012 0.1161367 0.0901228 0.0829071 0.1286636 0.0853104 0.0838090 0.1531291 0.0791238 0.1532088 0.1539777 0.0223232 0.0852207 0.0849329 0.2070160 0.1257437 0.1214549 0.0992018 
Conoclinium_coelestinum_SRR9119114       0.2484254 0.2386865 0.2550208 0.0000000 0.2063951 0.2326990 0.1650426 0.2046752 0.5437362 0.2641550 0.3055919 0.2567529 0.2576867 0.2527630 0.1334570 0.2155031 0.2174581 0.2569928 0.2465907 0.2484431 0.2546978 0.2692899 0.3617215 0.2575282 0.1698980 0.2605361 0.2416141 0.2525610 0.2665299 0.3400117 0.4214782 0.2375181 0.2537420 0.2216399 0.2594284 0.2421551 0.2441720 0.2582103 0.2616419 0.2382272 0.2541262 0.2490874 0.2932672 0.2305175 0.2390188 0.2709551 0.2531434 0.2390282 0.2587775 0.2383232 0.2421509 0.2574194 0.2458916 0.2238705 0.2395246 0.1939717 0.2441668 0.2464931 0.2462793 0.2118706 0.2074825 0.2311338 0.1944718 0.2610999 0.2724366 0.2396091 0.2650192 0.2647765 0.1812708 0.2585782 0.2533030 0.2410945 0.2539660 0.2587874 0.2594432 0.2271936 0.2642873 0.2332268 0.1023642 0.2609674 0.1908043 0.2692899 0.2411728 0.1892029 0.2620203 
Eutetras_palmeri_63                      0.0645531 0.0958992 0.0817372 0.2063951 0.0000000 0.0598087 0.1645548 0.1832960 0.4441424 0.0761766 0.1323569 0.0630272 0.0633680 0.0631659 0.0449793 0.0646739 0.0593521 0.1185640 0.0881305 0.0623474 0.0688838 0.1490843 0.3257370 0.0699611 0.0568753 0.0667094 0.0569806 0.0595944 0.0672621 0.2735436 0.2582079 0.1496925 0.1243788 0.1175092 0.0647482 0.0557051 0.1430125 0.0673345 0.0658094 0.0622304 0.0670708 0.0600175 0.2693268 0.0623891 0.1327915 0.0763920 0.0683736 0.0672209 0.0628586 0.1327381 0.0717883 0.0711167 0.0575458 0.0833666 0.0707135 0.0612407 0.0793572 0.0632229 0.0710563 0.0972386 0.1369493 0.1187283 0.0559484 0.0657043 0.0725638 0.0556624 0.1380346 0.0648441 0.0889252 0.0684531 0.0672695 0.0986470 0.0654301 0.0641811 0.1431884 0.0830616 0.1414669 0.1298998 0.0107691 0.0658335 0.0779276 0.1490843 0.1000481 0.1034291 0.0803432 
Eutetras_pringlei_149_quer               0.0839050 0.0963952 0.0896800 0.2326990 0.0598087 0.0000000 0.2163353 0.1494395 0.1996165 0.1310578 0.1556998 0.0958986 0.0975291 0.0920490 0.0845471 0.0962531 0.0916093 0.1458394 0.1045177 0.0964795 0.0838648 0.2071211 0.3336170 0.1039698 0.1004324 0.0962658 0.0837936 0.0723659 0.1101704 0.1217132 0.0912471 0.1750197 0.1289632 0.1290686 0.0756826 0.0837635 0.1811450 0.0997859 0.1090682 0.0878640 0.1003799 0.0917827 0.1675449 0.1048532 0.1627875 0.1215605 0.0961282 0.1049498 0.0835968 0.1627875 0.0877218 0.1046187 0.0932964 0.0958764 0.1054809 0.0681071 0.0921350 0.0958980 0.0917530 0.1577652 0.1123101 0.1535581 0.0524454 0.0922116 0.0973548 0.0796909 0.1633263 0.1001551 0.1132884 0.1001978 0.1039698 0.1353374 0.1003956 0.0876363 0.2017833 0.0993028 0.1581005 0.1456363 0.0107691 0.0922800 0.1258507 0.2071211 0.1308896 0.1756692 0.0929120 
Eutrochium_fistulosum_SRR9119106         0.1656921 0.2018469 0.1837703 0.1650426 0.1645548 0.2163353 0.0000000 0.1983788 0.5013317 0.1779985 0.1971703 0.1596045 0.1572590 0.1642159 0.0816852 0.1636105 0.1522951 0.1901620 0.2063966 0.1568964 0.1776540 0.1712620 0.3760415 0.1694362 0.1233787 0.1624462 0.1564076 0.1551997 0.1630617 0.3104037 0.3558195 0.1746325 0.1382216 0.1497671 0.1637198 0.1524468 0.1472554 0.1670220 0.1689733 0.1610969 0.1625899 0.1621283 0.2236371 0.1605153 0.1496554 0.1873763 0.1614173 0.1616023 0.1628639 0.1495944 0.1653134 0.1613742 0.1550338 0.1915324 0.1579919 0.1514586 0.2105923 0.1539628 0.1600313 0.1623107 0.2096642 0.1577325 0.1902291 0.1598342 0.1720705 0.1548903 0.1497112 0.1635896 0.1529386 0.1642669 0.1663345 0.1425909 0.1592406 0.1628222 0.1501670 0.1921753 0.1421768 0.1470776 0.0804575 0.1643864 0.1560383 0.1712620 0.1452171 0.1330358 0.2009424 
Galeana_pratensis_104_mex                0.1799112 0.1784754 0.1825869 0.2046752 0.1832960 0.1494395 0.1983788 0.0000000 0.2535539 0.1636232 0.1689866 0.1651989 0.1744976 0.1795787 0.0891387 0.1678565 0.1613388 0.1754071 0.1736536 0.1677131 0.1652868 0.2148794 0.3538258 0.1616397 0.1703577 0.1731357 0.1574771 0.1523417 0.1693229 0.1547343 0.1507311 0.1663463 0.1480936 0.1422270 0.1726359 0.1574359 0.2206612 0.1790429 0.1660527 0.1643549 0.1799560 0.1756201 0.1967733 0.1727315 0.1966831 0.1877534 0.1691237 0.1728741 0.1578602 0.1927516 0.1614334 0.1875788 0.1670005 0.1687415 0.1807167 0.1556156 0.1759576 0.1582806 0.1579277 0.1837978 0.1669318 0.1773944 0.1461710 0.1691661 0.1620827 0.1610988 0.1853396 0.1585469 0.1133964 0.1762878 0.1616397 0.1559765 0.1728741 0.1612732 0.2104285 0.1696719 0.1844060 0.1798118 0.0917004 0.1651989 0.1760600 0.2148794 0.1558615 0.1515741 0.1521247 
Helianthus_annuus_SRR9119062             0.5140660 0.3423650 0.5219761 0.5437362 0.4441424 0.1996165 0.5013317 0.2535539 0.0000000 0.4868848 0.5688847 0.4815514 0.4740512 0.4782252 0.4822894 0.4320458 0.4213724 0.4505039 0.4066586 0.4792832 0.4147927 0.5111079 0.3285303 0.4755327 0.4399145 0.4793192 0.4595551 0.4553100 0.4937657 0.4289502 0.3901747 0.4157224 0.4967699 0.4725311 0.4839928 0.4814422 0.4981236 0.4969270 0.4794751 0.4829892 0.4787675 0.4768048 0.5578009 0.4459345 0.5104097 0.4956154 0.4763776 0.4326240 0.4720548 0.5131412 0.4353425 0.4880853 0.4695106 0.3978770 0.4418664 0.3749410 0.2748248 0.4777293 0.4715056 0.4356389 0.2273744 0.5282099 0.2241278 0.4826270 0.4837301 0.4719928 0.4778807 0.4795140 0.3653965 0.4958891 0.4724414 0.4730052 0.4797616 0.4770433 0.4564474 0.2644655 0.4800672 0.4613449 0.0913789 0.4864093 0.4147769 0.5111079 0.4482851 0.4951087 0.3860110 
Lycapsus_tenuifolius_17                  0.0943356 0.0710146 0.1211604 0.2641550 0.0761766 0.1310578 0.1779985 0.1636232 0.4868848 0.0000000 0.2072203 0.1112173 0.1128027 0.1165081 0.0474601 0.0745887 0.0648026 0.1024682 0.1082949 0.1214661 0.1114210 0.1931586 0.3304332 0.1117246 0.0677188 0.1155188 0.1069192 0.1180912 0.1141607 0.2615305 0.3319857 0.1608064 0.1646298 0.1364445 0.1171330 0.1073007 0.1806624 0.1214766 0.1179394 0.1054786 0.1189692 0.1153923 0.2952043 0.0853542 0.1846431 0.1309423 0.1090890 0.0822158 0.1106531 0.1845718 0.0883953 0.1179087 0.1119593 0.0787883 0.0873166 0.0766816 0.1021319 0.1065008 0.1141570 0.1024817 0.1384861 0.1662469 0.0915476 0.1138696 0.1232510 0.1056195 0.1814428 0.1121042 0.0855053 0.1229258 0.1090949 0.1386828 0.1129242 0.1119176 0.1740038 0.0866808 0.1833996 0.1643701 0.0563558 0.1176151 0.0744740 0.1931586 0.1259943 0.1093381 0.0969284 
Pericome_caudata_50_silver               0.2046102 0.1616822 0.2187235 0.3055919 0.1323569 0.1556998 0.1971703 0.1689866 0.5688847 0.2072203 0.0000000 0.1957282 0.2032376 0.2011697 0.0901096 0.1312378 0.1479923 0.1528189 0.1995401 0.2104351 0.2162823 0.2081940 0.3005588 0.2019152 0.1169812 0.2086599 0.1995534 0.1956735 0.2004117 0.3028882 0.3906103 0.1872362 0.2176441 0.1962468 0.2099983 0.1943146 0.1899678 0.2091472 0.1924781 0.1976512 0.2050103 0.2023084 0.3231733 0.1681250 0.1912514 0.2050025 0.2011075 0.1655643 0.2064148 0.1925406 0.1816367 0.2102795 0.2047698 0.1781667 0.1692302 0.1136676 0.1811062 0.2061243 0.2101916 0.1192464 0.1861089 0.2262435 0.1560945 0.1987220 0.2091165 0.1952650 0.1534618 0.2073685 0.1741115 0.2040086 0.1989590 0.2020653 0.2072387 0.2063638 0.1915380 0.1676525 0.1563127 0.1600686 0.0850073 0.2004681 0.1175638 0.2081940 0.1840764 0.1147174 0.2320980 
Perityle_aglossa_84_dead_horse           0.0677267 0.0708938 0.0814302 0.2567529 0.0630272 0.0958986 0.1596045 0.1651989 0.4815514 0.1112173 0.1957282 0.0000000 0.0269644 0.0306652 0.0146697 0.0464870 0.0203018 0.1087471 0.0849990 0.0321628 0.0312311 0.1993375 0.3173994 0.0302655 0.0244950 0.0316727 0.0314568 0.0345009 0.0606599 0.2734198 0.3221180 0.1567736 0.1224362 0.1246870 0.0291987 0.0337618 0.1561661 0.0367939 0.0617506 0.0387476 0.0334381 0.0282954 0.2674222 0.0240183 0.1471604 0.0805297 0.0340014 0.0289785 0.0316908 0.1471085 0.0320082 0.0323746 0.0273101 0.0364577 0.0659426 0.0290479 0.0334876 0.0236483 0.0301860 0.0855550 0.1365861 0.1266889 0.0346950 0.0042254 0.0652253 0.0303484 0.1365692 0.0583919 0.0445226 0.0356282 0.0280513 0.1034276 0.0294771 0.0316848 0.1461637 0.0290784 0.1402241 0.1395392 0.0108050 0.0192437 0.0608789 0.1993375 0.1035325 0.0958866 0.0430573 
Perityle_ajoensis_204                    0.0642465 0.0763850 0.0817923 0.2576867 0.0633680 0.0975291 0.1572590 0.1744976 0.4740512 0.1128027 0.2032376 0.0269644 0.0000000 0.0185026 0.0183901 0.0513332 0.0215912 0.1140180 0.0893315 0.0205739 0.0188690 0.1985599 0.3472044 0.0292277 0.0163189 0.0261893 0.0227253 0.0358631 0.0598713 0.2710966 0.3249793 0.1545330 0.1184314 0.1223970 0.0304323 0.0271939 0.1555695 0.0280841 0.0678105 0.0389011 0.0225542 0.0151487 0.2689678 0.0204255 0.1479500 0.0845879 0.0237092 0.0180538 0.0295691 0.1478975 0.0321216 0.0280954 0.0140718 0.0268494 0.0649841 0.0363553 0.0338493 0.0303412 0.0369517 0.0818003 0.1444583 0.1215720 0.0351885 0.0302651 0.0668080 0.0216265 0.1395837 0.0552357 0.0317239 0.0302054 0.0270123 0.1014100 0.0228945 0.0295636 0.1440442 0.0243291 0.1392700 0.1388775 0.0166262 0.0325429 0.0707651 0.1985599 0.1013198 0.1021999 0.0416802 
Perityle_ambrosiifolia_67_green          0.0664089 0.0708819 0.0803962 0.2527630 0.0631659 0.0920490 0.1642159 0.1795787 0.4782252 0.1165081 0.2011697 0.0306652 0.0185026 0.0000000 0.0146726 0.0540953 0.0227323 0.1150960 0.0889081 0.0196763 0.0201810 0.1971454 0.3313788 0.0329496 0.0162250 0.0264975 0.0252348 0.0387344 0.0629872 0.2770133 0.3178434 0.1526094 0.1259982 0.1265857 0.0342163 0.0275455 0.1577357 0.0340717 0.0673815 0.0394827 0.0239425 0.0164287 0.2670408 0.0215650 0.1460247 0.0859920 0.0270785 0.0228368 0.0356355 0.1459723 0.0346423 0.0318208 0.0176112 0.0267529 0.0674904 0.0378872 0.0417127 0.0318471 0.0385517 0.0869927 0.1490396 0.1333256 0.0377836 0.0340252 0.0700395 0.0241187 0.1396106 0.0617878 0.0282790 0.0373435 0.0306947 0.1067946 0.0231437 0.0356286 0.1475133 0.0290198 0.1427662 0.1447989 0.0108123 0.0385155 0.0704108 0.1971454 0.1062434 0.1033190 0.0382683 
Perityle_angustifolia_13_Eagle_creek     0.0411483 0.0582384 0.0695637 0.1334570 0.0449793 0.0845471 0.0816852 0.0891387 0.4822894 0.0474601 0.0901096 0.0146697 0.0183901 0.0146726 0.0000000 0.0458631 0.0147308 0.0761902 0.0632803 0.0165530 0.0070944 0.0948725 0.3566585 0.0279025 0.0160364 0.0183824 0.0221118 0.0267592 0.0452246 0.2934016 0.0456252 0.1081608 0.0652352 0.0718593 0.0166168 0.0221677 0.0897131 0.0165153 0.0449349 0.0211953 0.0165173 0.0202720 0.2592410 0.0165293 0.0930436 0.0546894 0.0183431 0.0146755 0.0220632 0.0929581 0.0141345 0.0221214 0.0109729 0.0129469 0.0485844 0.0249841 0.0241349 0.0203656 0.0241195 0.0897138 0.0845229 0.0574494 0.0261687 0.0202664 0.0569071 0.0202427 0.0963010 0.0410647 0.0253307 0.0183752 0.0241052 0.0316579 0.0165538 0.0239332 0.0905264 0.0254852 0.0988945 0.0865109 0.0061095 0.0146920 0.0585382 0.0948725 0.0335602 0.0892424 0.0332190 
Perityle_batopilensis_97                 0.0633908 0.0767019 0.0805785 0.2155031 0.0646739 0.0962531 0.1636105 0.1678565 0.4320458 0.0745887 0.1312378 0.0464870 0.0513332 0.0540953 0.0458631 0.0000000 0.0392096 0.1224952 0.0807377 0.0553223 0.0523756 0.1418201 0.3261479 0.0543411 0.0524484 0.0527423 0.0439479 0.0457595 0.0665568 0.2729258 0.2129215 0.1491576 0.1211050 0.1147139 0.0513718 0.0440111 0.1504507 0.0525624 0.0541978 0.0347303 0.0571420 0.0526334 0.2290553 0.0496442 0.1384965 0.0633426 0.0511189 0.0527357 0.0489868 0.1401504 0.0526934 0.0587535 0.0482876 0.0629321 0.0618795 0.0488546 0.0641886 0.0451842 0.0481823 0.1019730 0.1282658 0.1099332 0.0527214 0.0510377 0.0742176 0.0424377 0.1385930 0.0576450 0.0834465 0.0510933 0.0512739 0.0951559 0.0496594 0.0505071 0.1382852 0.0628277 0.1314729 0.1352331 0.0162922 0.0466482 0.0709568 0.1418201 0.0951247 0.1134732 0.0640809 
Perityle_bisetosa_9                      0.0505538 0.0589503 0.0683094 0.2174581 0.0593521 0.0916093 0.1522951 0.1613388 0.4213724 0.0648026 0.1479923 0.0203018 0.0215912 0.0227323 0.0147308 0.0392096 0.0000000 0.1094921 0.0740890 0.0244072 0.0186220 0.1437578 0.3156848 0.0178998 0.0229106 0.0255265 0.0180159 0.0282949 0.0527337 0.2686492 0.2648807 0.1442699 0.1127158 0.1125446 0.0215996 0.0192724 0.1366930 0.0301826 0.0550770 0.0277325 0.0263564 0.0193509 0.2630213 0.0234085 0.1322159 0.0678533 0.0293611 0.0256856 0.0157221 0.1321641 0.0233961 0.0313430 0.0181785 0.0317163 0.0605302 0.0256165 0.0378174 0.0166895 0.0239196 0.0829719 0.1303326 0.1081990 0.0346651 0.0227409 0.0603763 0.0168005 0.1345593 0.0452099 0.0448455 0.0276483 0.0154812 0.0895495 0.0230638 0.0169412 0.1380283 0.0267463 0.1376601 0.1280152 0.0107879 0.0215680 0.0593061 0.1437578 0.0909022 0.0944854 0.0360075 
Perityle_californica_76_positas          0.1074387 0.1341202 0.1197371 0.2569928 0.1185640 0.1458394 0.1901620 0.1754071 0.4505039 0.1024682 0.1528189 0.1087471 0.1140180 0.1150960 0.0761902 0.1224952 0.1094921 0.0000000 0.1486497 0.1150690 0.1330503 0.1692933 0.3201948 0.1196775 0.1077632 0.1195870 0.1071813 0.1038834 0.1177463 0.2782847 0.2780885 0.1635916 0.1349523 0.1236436 0.1197734 0.1027920 0.1683674 0.1225038 0.1062949 0.1165559 0.1192652 0.1151366 0.3085015 0.1186240 0.1619193 0.1177268 0.1275283 0.1176117 0.1154346 0.1603186 0.1278313 0.1279661 0.1155453 0.1549883 0.1252866 0.1187120 0.1678304 0.1092698 0.1177018 0.1345549 0.1546413 0.1288512 0.1072924 0.1102567 0.1161864 0.1085352 0.1591914 0.1125845 0.1410234 0.1206944 0.1167170 0.1210585 0.1166819 0.1168709 0.1662742 0.1171911 0.1611241 0.1569505 0.0499141 0.1133965 0.0997527 0.1692933 0.1196643 0.1167684 0.1358071 
Perityle_canescens_77                    0.0866214 0.0787897 0.1031640 0.2465907 0.0881305 0.1045177 0.2063966 0.1736536 0.4066586 0.1082949 0.1995401 0.0849990 0.0893315 0.0889081 0.0632803 0.0807377 0.0740890 0.1486497 0.0000000 0.0942360 0.0774827 0.1883828 0.3364613 0.0911185 0.0697716 0.0947957 0.0785408 0.0759124 0.1005178 0.2830353 0.2330210 0.1902447 0.1523428 0.1571515 0.0819819 0.0749688 0.2072679 0.0831312 0.0871055 0.0874506 0.0926187 0.0834756 0.1975495 0.0851444 0.1886111 0.1027527 0.0850279 0.0927917 0.0796925 0.1910594 0.0829398 0.0888852 0.0819918 0.0734074 0.0832252 0.0632135 0.0928396 0.0817399 0.0816435 0.1237867 0.1407390 0.1479602 0.0715301 0.0906192 0.1061793 0.0766936 0.1803489 0.0802189 0.0960863 0.0887757 0.0873476 0.1331425 0.0928539 0.0815346 0.1868279 0.0810861 0.1755816 0.1772801 0.0327046 0.0814672 0.0781889 0.1883828 0.1256849 0.1302428 0.0864240 
Perityle_castillonii_96                  0.0655955 0.0795938 0.0834937 0.2484431 0.0623474 0.0964795 0.1568964 0.1677131 0.4792832 0.1214661 0.2104351 0.0321628 0.0205739 0.0196763 0.0165530 0.0553223 0.0244072 0.1150690 0.0942360 0.0000000 0.0228729 0.2009494 0.3382017 0.0334267 0.0241410 0.0286883 0.0251561 0.0370120 0.0587045 0.2700700 0.3158419 0.1584885 0.1156436 0.1170249 0.0311684 0.0287366 0.1578643 0.0344762 0.0709362 0.0408571 0.0204839 0.0182176 0.2585908 0.0250598 0.1419949 0.0888833 0.0285006 0.0240775 0.0338429 0.1433068 0.0338930 0.0322050 0.0148069 0.0321659 0.0657773 0.0363861 0.0446374 0.0334299 0.0381435 0.0899656 0.1353836 0.1332025 0.0399338 0.0357153 0.0660481 0.0239930 0.1382835 0.0587555 0.0380765 0.0380429 0.0310595 0.1014380 0.0252208 0.0338458 0.1425618 0.0396612 0.1417770 0.1428694 0.0108465 0.0381649 0.0744698 0.2009494 0.1000167 0.1040828 0.0393101 
Perityle_cernua_84                       0.0633553 0.0659040 0.0782171 0.2546978 0.0688838 0.0838648 0.1776540 0.1652868 0.4147927 0.1114210 0.2162823 0.0312311 0.0188690 0.0201810 0.0070944 0.0523756 0.0186220 0.1330503 0.0774827 0.0228729 0.0000000 0.1984705 0.3392037 0.0368545 0.0092619 0.0219072 0.0203481 0.0399731 0.0656271 0.2720519 0.3083873 0.1690339 0.1304854 0.1433124 0.0356487 0.0231966 0.1776973 0.0311250 0.0653968 0.0373985 0.0270155 0.0177139 0.1850735 0.0183776 0.1713939 0.0769737 0.0257028 0.0215303 0.0331644 0.1713141 0.0325072 0.0312964 0.0122522 0.0187849 0.0670357 0.0293328 0.0336265 0.0299053 0.0285010 0.0939969 0.1398958 0.1444360 0.0259364 0.0340338 0.0729519 0.0189731 0.1677265 0.0582941 0.0218848 0.0339233 0.0340438 0.1223492 0.0177366 0.0331565 0.1738922 0.0167857 0.1604605 0.1574740 0.0053844 0.0381600 0.0634309 0.1984705 0.1207339 0.1120697 0.0382855 
Perityle_cfvillosa_25_tin                0.1916256 0.1575200 0.2070160 0.2692899 0.1490843 0.2071211 0.1712620 0.2148794 0.5111079 0.1931586 0.2081940 0.1993375 0.1985599 0.1971454 0.0948725 0.1418201 0.1437578 0.1692933 0.1883828 0.2009494 0.1984705 0.0000000 0.2147202 0.2017491 0.1223189 0.2051766 0.1933944 0.1914901 0.1971062 0.3056001 0.3899685 0.1655110 0.1946967 0.1614260 0.2008012 0.1968309 0.1499943 0.2055163 0.1888210 0.1968509 0.2033831 0.2034631 0.2641395 0.1588155 0.1447370 0.1812852 0.1886100 0.1585410 0.1989535 0.1446837 0.1686714 0.2005794 0.1970798 0.1850217 0.1556440 0.1346824 0.2062400 0.1926971 0.1812060 0.1442981 0.1911847 0.1914632 0.1748737 0.2009578 0.2013616 0.1920693 0.1805012 0.1946883 0.1750528 0.2032420 0.1987744 0.1796622 0.2025047 0.2017922 0.0561483 0.1717564 0.1818402 0.1428072 0.0914309 0.1994456 0.1212302 0.0000010 0.1560739 0.1300524 0.2080265 
Perityle_cinerea_113_Powell1310          0.3397785 0.3261991 0.3272693 0.3617215 0.3257370 0.3336170 0.3760415 0.3538258 0.3285303 0.3304332 0.3005588 0.3173994 0.3472044 0.3313788 0.3566585 0.3261479 0.3156848 0.3201948 0.3364613 0.3382017 0.3392037 0.2147202 0.0000000 0.3178038 0.3551831 0.3543334 0.3188755 0.3115852 0.3114274 0.3428429 0.3439451 0.3406405 0.3344474 0.3352153 0.3107732 0.3181307 0.3260385 0.3403897 0.3106224 0.3106205 0.3330589 0.3522208 0.3032150 0.3325175 0.3092801 0.3182200 0.3342539 0.3543334 0.3107732 0.3092801 0.3167635 0.3251765 0.3456128 0.3403897 0.3229225 0.3115852 0.3394521 0.3121098 0.3047931 0.3229249 0.3169271 0.3294218 0.3299682 0.3234142 0.3088153 0.3245072 0.3029131 0.3245602 0.3854425 0.3476387 0.3178038 0.3269225 0.3543334 0.3177480 0.2078379 0.3481427 0.3017543 0.2952238 0.2573479 0.3173994 0.3173706 0.2147202 0.3269225 0.3515163 0.3181307 
Perityle_coahuilensis_24                 0.0678994 0.0738996 0.0842202 0.2575282 0.0699611 0.1039698 0.1694362 0.1616397 0.4755327 0.1117246 0.2019152 0.0302655 0.0292277 0.0329496 0.0279025 0.0543411 0.0178998 0.1196775 0.0911185 0.0334267 0.0368545 0.2017491 0.3178038 0.0000000 0.0380724 0.0373742 0.0304188 0.0357147 0.0644293 0.2737641 0.3198589 0.1546635 0.1256651 0.1270275 0.0314639 0.0349453 0.1569124 0.0436954 0.0689476 0.0412507 0.0324061 0.0250522 0.2668557 0.0315031 0.1520506 0.0870293 0.0364587 0.0365573 0.0284704 0.1519965 0.0347749 0.0402915 0.0284957 0.0414781 0.0731868 0.0361540 0.0439485 0.0247707 0.0357304 0.0918919 0.1366900 0.1301704 0.0465924 0.0335807 0.0714002 0.0293095 0.1410357 0.0609672 0.0616622 0.0424682 0.0021220 0.1038689 0.0351620 0.0284650 0.1441510 0.0367192 0.1450727 0.1428121 0.0217206 0.0369839 0.0726701 0.2017491 0.1053152 0.1076073 0.0466170 
Perityle_cochisensis_44_cave_creek       0.0499634 0.0744751 0.0717497 0.1698980 0.0568753 0.1004324 0.1233787 0.1703577 0.4399145 0.0677188 0.1169812 0.0244950 0.0163189 0.0162250 0.0160364 0.0524484 0.0229106 0.1077632 0.0697716 0.0241410 0.0092619 0.1223189 0.3551831 0.0380724 0.0000000 0.0178853 0.0213783 0.0306513 0.0502076 0.2823553 0.0931333 0.1242407 0.0952281 0.0873153 0.0296799 0.0231076 0.1204962 0.0162102 0.0534936 0.0297275 0.0145867 0.0178931 0.2133904 0.0179058 0.1114219 0.0656867 0.0145747 0.0162610 0.0328070 0.1093600 0.0297859 0.0162437 0.0081073 0.0159068 0.0570753 0.0330950 0.0425023 0.0296354 0.0312927 0.0973393 0.1269163 0.0884996 0.0288761 0.0295186 0.0606377 0.0197108 0.1211315 0.0499229 0.0316058 0.0228173 0.0346629 0.0676165 0.0145953 0.0344742 0.1183476 0.0281648 0.1131987 0.1061709 0.0108266 0.0245280 0.0671639 0.1223189 0.0675918 0.1076396 0.0332005 
Perityle_congesta_202                    0.0699293 0.0735442 0.0864483 0.2605361 0.0667094 0.0962658 0.1624462 0.1731357 0.4793192 0.1155188 0.2086599 0.0316727 0.0261893 0.0264975 0.0183824 0.0527423 0.0255265 0.1195870 0.0947957 0.0286883 0.0219072 0.2051766 0.3543334 0.0373742 0.0178853 0.0000000 0.0307374 0.0398340 0.0568942 0.2831732 0.3118826 0.1582260 0.1196271 0.1285685 0.0363501 0.0330674 0.1584162 0.0361800 0.0696792 0.0417455 0.0316254 0.0261001 0.2737481 0.0203866 0.1508828 0.0892007 0.0274527 0.0107143 0.0366442 0.1508286 0.0352348 0.0362043 0.0228817 0.0272124 0.0700067 0.0326912 0.0439521 0.0328805 0.0395748 0.0916360 0.1437185 0.1340705 0.0439316 0.0350484 0.0639115 0.0296163 0.1439920 0.0627840 0.0347539 0.0361066 0.0351090 0.1061795 0.0075102 0.0366372 0.1509718 0.0095473 0.1426492 0.1444976 0.0108123 0.0373537 0.0666669 0.2051766 0.1064034 0.1033814 0.0440486 
Perityle_cordifolia_27                   0.0534968 0.0641992 0.0719589 0.2416141 0.0569806 0.0837936 0.1564076 0.1574771 0.4595551 0.1069192 0.1995534 0.0314568 0.0227253 0.0252348 0.0221118 0.0439479 0.0180159 0.1071813 0.0785408 0.0251561 0.0203481 0.1933944 0.3188755 0.0304188 0.0213783 0.0307374 0.0000000 0.0312248 0.0542526 0.2604667 0.3132524 0.1434717 0.1160217 0.1201089 0.0316593 0.0193780 0.1493885 0.0348799 0.0621667 0.0319648 0.0259185 0.0218091 0.2602552 0.0254400 0.1402016 0.0774969 0.0296216 0.0255169 0.0296626 0.1401521 0.0322532 0.0337523 0.0185737 0.0302847 0.0570895 0.0311941 0.0360969 0.0271063 0.0337116 0.0804195 0.1231805 0.1235153 0.0172653 0.0336947 0.0588903 0.0074590 0.1295149 0.0508134 0.0478198 0.0370170 0.0281931 0.0992136 0.0274183 0.0296570 0.1430791 0.0320679 0.1298388 0.1352467 0.0000010 0.0337537 0.0634653 0.1933944 0.0991409 0.0957708 0.0353258 
Perityle_cordifolia_68_tecolote          0.0608964 0.0763285 0.0751806 0.2525610 0.0595944 0.0723659 0.1551997 0.1523417 0.4553100 0.1180912 0.1956735 0.0345009 0.0358631 0.0387344 0.0267592 0.0457595 0.0282949 0.1038834 0.0759124 0.0370120 0.0399731 0.1914901 0.3115852 0.0357147 0.0306513 0.0398340 0.0312248 0.0000000 0.0574776 0.2783535 0.3204422 0.1350660 0.1188031 0.1244092 0.0369598 0.0336195 0.1551399 0.0428620 0.0648367 0.0415023 0.0380657 0.0325652 0.2658924 0.0377620 0.1422582 0.0786853 0.0389433 0.0405874 0.0375137 0.1424053 0.0417117 0.0428758 0.0303548 0.0474371 0.0613036 0.0067426 0.0424916 0.0309727 0.0379734 0.0863875 0.1407620 0.1275928 0.0407550 0.0368801 0.0636273 0.0300664 0.1272524 0.0576023 0.0585227 0.0416042 0.0345413 0.1040742 0.0386759 0.0375061 0.1383708 0.0380429 0.1289946 0.1291723 0.0162933 0.0369136 0.0656300 0.1914901 0.1056234 0.0919700 0.0403078 
Perityle_coronopifolia_28_patagonia      0.0705308 0.0838003 0.0882042 0.2665299 0.0672621 0.1101704 0.1630617 0.1693229 0.4937657 0.1141607 0.2004117 0.0606599 0.0598713 0.0629872 0.0452246 0.0665568 0.0527337 0.1177463 0.1005178 0.0587045 0.0656271 0.1971062 0.3114274 0.0644293 0.0502076 0.0568942 0.0542526 0.0574776 0.0000000 0.2802474 0.3288902 0.1601732 0.1170596 0.1299134 0.0622931 0.0566591 0.1549984 0.0666695 0.0689880 0.0628439 0.0618812 0.0592271 0.2703355 0.0579620 0.1476193 0.0870422 0.0603312 0.0567762 0.0604707 0.1461958 0.0685399 0.0642933 0.0559843 0.0751670 0.0554905 0.0505665 0.0841909 0.0562741 0.0630857 0.0872891 0.1278516 0.1273697 0.0686146 0.0629966 0.0181768 0.0531021 0.1316557 0.0598737 0.0931767 0.0653410 0.0620884 0.1137895 0.0592669 0.0604589 0.1426251 0.0704175 0.1321255 0.1398847 0.0330922 0.0620221 0.0592525 0.1971062 0.1116564 0.1036503 0.0807749 
Perityle_crassifolia_70_ventanas         0.2901269 0.1954372 0.3019964 0.3400117 0.2735436 0.1217132 0.3104037 0.1547343 0.4289502 0.2615305 0.3028882 0.2734198 0.2710966 0.2770133 0.2934016 0.2729258 0.2686492 0.2782847 0.2830353 0.2700700 0.2720519 0.3056001 0.3428429 0.2737641 0.2823553 0.2831732 0.2604667 0.2783535 0.2802474 0.0000000 0.2601482 0.2681255 0.3012937 0.1350375 0.2839515 0.2636076 0.3002564 0.2818454 0.2699891 0.2666789 0.2786910 0.2809905 0.2970421 0.2679682 0.2989307 0.2879859 0.2820967 0.2803794 0.2738920 0.2963751 0.2779253 0.2819138 0.2669276 0.2623692 0.2630127 0.2968592 0.1526971 0.2723889 0.2743216 0.3138431 0.1404261 0.2705744 0.1056428 0.2757152 0.2794916 0.2581015 0.3160554 0.2650748 0.1849083 0.2817798 0.2732645 0.2498306 0.2779955 0.2785597 0.3003841 0.1270492 0.3074428 0.2619622 0.0682186 0.2771376 0.2940464 0.3056001 0.2498306 0.3242591 0.2545500 
Perityle_crassifolia_74_playa_balandra   0.2977419 0.1019547 0.2984759 0.4214782 0.2582079 0.0912471 0.3558195 0.1507311 0.3901747 0.3319857 0.3906103 0.3221180 0.3249793 0.3178434 0.0456252 0.2129215 0.2648807 0.2780885 0.2330210 0.3158419 0.3083873 0.3899685 0.3439451 0.3198589 0.0931333 0.3118826 0.3132524 0.3204422 0.3288902 0.2601482 0.0000000 0.2924169 0.2799323 0.3479315 0.3237503 0.3087108 0.3581248 0.3355337 0.3424931 0.3139014 0.3314598 0.3130666 0.3661639 0.2887068 0.3657439 0.3565754 0.3209270 0.2752575 0.2927758 0.3620937 0.2924678 0.3349870 0.2967978 0.2597303 0.2976451 0.1740118 0.2139713 0.3003776 0.3078930 0.2518826 0.1528322 0.2516504 0.1262916 0.3226700 0.3231519 0.3160330 0.3379801 0.3144613 0.0687043 0.3283972 0.3198589 0.2296021 0.3090960 0.2952630 0.3619678 0.0968395 0.3379622 0.3193201 0.0443394 0.3301015 0.1199662 0.3899685 0.2132879 0.1218495 0.2937871 
Perityle_cuneata_34_cuneata_San_antonio  0.1555519 0.1857919 0.1731794 0.2375181 0.1496925 0.1750197 0.1746325 0.1663463 0.4157224 0.1608064 0.1872362 0.1567736 0.1545330 0.1526094 0.1081608 0.1491576 0.1442699 0.1635916 0.1902447 0.1584885 0.1690339 0.1655110 0.3406405 0.1546635 0.1242407 0.1582260 0.1434717 0.1350660 0.1601732 0.2681255 0.2924169 0.0000000 0.1526069 0.1382560 0.1550077 0.1424715 0.1520147 0.1626701 0.1588046 0.1486516 0.1582427 0.1548461 0.2465125 0.1565246 0.1512156 0.1737121 0.1557092 0.1606113 0.1539006 0.1480692 0.1618041 0.1585324 0.1493370 0.1700996 0.1494608 0.1257745 0.1762027 0.1471124 0.1572653 0.1632533 0.1397163 0.1554491 0.1395074 0.1583698 0.1678228 0.1448445 0.1739367 0.1552270 0.1734526 0.1613909 0.1516461 0.1113122 0.1567344 0.1553558 0.1560610 0.1564458 0.1733213 0.1459544 0.0906026 0.1555288 0.1419823 0.1655110 0.1112808 0.1411133 0.1880113 
Perityle_cuneata_4                       0.1226805 0.1261809 0.1475384 0.2537420 0.1243788 0.1289632 0.1382216 0.1480936 0.4967699 0.1646298 0.2176441 0.1224362 0.1184314 0.1259982 0.0652352 0.1211050 0.1127158 0.1349523 0.1523428 0.1156436 0.1304854 0.1946967 0.3344474 0.1256651 0.0952281 0.1196271 0.1160217 0.1188031 0.1170596 0.3012937 0.2799323 0.1526069 0.0000000 0.1196645 0.1244835 0.1133529 0.1505235 0.1233553 0.1301130 0.1226669 0.1221591 0.1194956 0.2345244 0.1234138 0.1456805 0.1532118 0.1199439 0.1204485 0.1275885 0.1441113 0.1266491 0.1237571 0.1099388 0.1334679 0.1297555 0.1133976 0.1438692 0.1199575 0.1256270 0.1426871 0.1585871 0.1532127 0.1219591 0.1253972 0.1255983 0.1145855 0.1307280 0.1296693 0.0958695 0.1235719 0.1227392 0.1224813 0.1198074 0.1275573 0.1398982 0.1290024 0.1279227 0.1305464 0.0501006 0.1169282 0.1201941 0.1946967 0.1189600 0.1275952 0.1454422 
Perityle_discoidea_81                    0.1234414 0.1266564 0.1390954 0.2216399 0.1175092 0.1290686 0.1497671 0.1422270 0.4725311 0.1364445 0.1962468 0.1246870 0.1223970 0.1265857 0.0718593 0.1147139 0.1125446 0.1236436 0.1571515 0.1170249 0.1433124 0.1614260 0.3352153 0.1270275 0.0873153 0.1285685 0.1201089 0.1244092 0.1299134 0.1350375 0.3479315 0.1382560 0.1196645 0.0000000 0.1257601 0.1205817 0.1297493 0.1307508 0.1296136 0.1239934 0.1278645 0.1254949 0.2169631 0.1232957 0.1339848 0.1491700 0.1280729 0.1247821 0.1288801 0.1339326 0.1351382 0.1296768 0.1183971 0.1423493 0.1254513 0.1106755 0.1432933 0.1224184 0.1311124 0.1325382 0.1328835 0.1130893 0.1018656 0.1276982 0.1341332 0.1186331 0.1435166 0.1273672 0.1212246 0.1337158 0.1240332 0.1110129 0.1271654 0.1302972 0.1321806 0.1197455 0.1416522 0.1212751 0.0682186 0.1305793 0.1093386 0.1614260 0.1115139 0.1068173 0.1627466 
Perityle_dissecta_201                    0.0680859 0.0741544 0.0819509 0.2594284 0.0647482 0.0756826 0.1637198 0.1726359 0.4839928 0.1171330 0.2099983 0.0291987 0.0304323 0.0342163 0.0166168 0.0513718 0.0215996 0.1197734 0.0819819 0.0311684 0.0356487 0.2008012 0.3107732 0.0314639 0.0296799 0.0363501 0.0316593 0.0369598 0.0622931 0.2839515 0.3237503 0.1550077 0.1244835 0.1257601 0.0000000 0.0339801 0.1519018 0.0314150 0.0655830 0.0425194 0.0336492 0.0295967 0.2648821 0.0340956 0.1441916 0.0871859 0.0283363 0.0366828 0.0285758 0.1441405 0.0361621 0.0258924 0.0308459 0.0285368 0.0664951 0.0326032 0.0441004 0.0248259 0.0336016 0.0906737 0.1402527 0.1274556 0.0347914 0.0314252 0.0692644 0.0305435 0.1411782 0.0622849 0.0449840 0.0324428 0.0292392 0.1016289 0.0375564 0.0285704 0.1444874 0.0419391 0.1437967 0.1390543 0.0000010 0.0270072 0.0727355 0.2008012 0.1016483 0.0982517 0.0468110 
Perityle_emoryi_47_punta_san_jose        0.0548668 0.0618973 0.0683737 0.2421551 0.0557051 0.0837635 0.1524468 0.1574359 0.4814422 0.1073007 0.1943146 0.0337618 0.0271939 0.0275455 0.0221677 0.0440111 0.0192724 0.1027920 0.0749688 0.0287366 0.0231966 0.1968309 0.3181307 0.0349453 0.0231076 0.0330674 0.0193780 0.0336195 0.0566591 0.2636076 0.3087108 0.1424715 0.1133529 0.1205817 0.0339801 0.0000000 0.1524902 0.0372369 0.0611570 0.0379441 0.0293028 0.0263076 0.2629576 0.0242871 0.1433817 0.0788531 0.0332179 0.0255851 0.0319871 0.1433307 0.0323724 0.0360753 0.0230640 0.0319929 0.0559282 0.0294395 0.0403182 0.0282845 0.0360316 0.0790195 0.1261449 0.1251626 0.0231481 0.0360134 0.0635966 0.0182874 0.1299039 0.0543420 0.0513758 0.0404844 0.0326996 0.0894982 0.0297326 0.0319810 0.1448962 0.0372395 0.1316795 0.1369498 0.0000010 0.0372050 0.0617105 0.1968309 0.0889417 0.0960675 0.0371227 
Perityle_feddemae_99                     0.1642102 0.1827995 0.1760291 0.2441720 0.1430125 0.1811450 0.1472554 0.2206612 0.4981236 0.1806624 0.1899678 0.1561661 0.1555695 0.1577357 0.0897131 0.1504507 0.1366930 0.1683674 0.2072679 0.1578643 0.1776973 0.1499943 0.3260385 0.1569124 0.1204962 0.1584162 0.1493885 0.1551399 0.1549984 0.3002564 0.3581248 0.1520147 0.1505235 0.1297493 0.1519018 0.1524902 0.0000000 0.1674070 0.1566827 0.1546307 0.1558682 0.1556136 0.1282661 0.1505001 0.0265408 0.1705494 0.1583304 0.1494016 0.1618586 0.0265325 0.1621791 0.1562670 0.1523103 0.1890625 0.1536951 0.1477882 0.1991166 0.1553725 0.1578983 0.1406873 0.1912986 0.1710450 0.1694038 0.1576080 0.1617815 0.1480402 0.1361416 0.1611841 0.1728877 0.1656775 0.1541759 0.1341371 0.1587049 0.1618215 0.1071131 0.1828742 0.1355719 0.1004046 0.0919493 0.1606596 0.1358232 0.1499943 0.1260871 0.1279279 0.1917477 
Perityle_fosteri_93                      0.0724206 0.0782507 0.0891409 0.2582103 0.0673345 0.0997859 0.1670220 0.1790429 0.4969270 0.1214766 0.2091472 0.0367939 0.0280841 0.0340717 0.0165153 0.0525624 0.0301826 0.1225038 0.0831312 0.0344762 0.0311250 0.2055163 0.3403897 0.0436954 0.0162102 0.0361800 0.0348799 0.0428620 0.0666695 0.2818454 0.3355337 0.1626701 0.1233553 0.1307508 0.0314150 0.0372369 0.1674070 0.0000000 0.0769994 0.0410948 0.0324145 0.0283288 0.2752738 0.0276309 0.1589592 0.0929805 0.0212688 0.0314490 0.0430488 0.1589023 0.0346195 0.0268771 0.0262369 0.0124468 0.0714171 0.0325084 0.0396553 0.0380278 0.0435797 0.0875809 0.1488073 0.1326054 0.0376549 0.0401733 0.0736508 0.0337634 0.1468164 0.0666607 0.0218854 0.0149023 0.0414326 0.1148856 0.0351159 0.0430406 0.1559550 0.0264903 0.1484393 0.1492186 0.0108123 0.0247374 0.0702424 0.2055163 0.1141101 0.1000842 0.0464126 
Perityle_gamon_221                       0.0791309 0.0786728 0.0944463 0.2616419 0.0658094 0.1090682 0.1689733 0.1660527 0.4794751 0.1179394 0.1924781 0.0617506 0.0678105 0.0673815 0.0449349 0.0541978 0.0550770 0.1062949 0.0871055 0.0709362 0.0653968 0.1888210 0.3106224 0.0689476 0.0534936 0.0696792 0.0621667 0.0648367 0.0689880 0.2699891 0.3424931 0.1588046 0.1301130 0.1296136 0.0655830 0.0611570 0.1566827 0.0769994 0.0000000 0.0712952 0.0710019 0.0660534 0.2755463 0.0617095 0.1506201 0.0288944 0.0661882 0.0644459 0.0686755 0.1505666 0.0696364 0.0734850 0.0628177 0.0766812 0.0675254 0.0558926 0.0753797 0.0619218 0.0641763 0.1004191 0.1088934 0.1400009 0.0714610 0.0640892 0.0724719 0.0598885 0.1327464 0.0586992 0.0886451 0.0744909 0.0665955 0.1148356 0.0674039 0.0686620 0.1362343 0.0754526 0.1348245 0.1363206 0.0272356 0.0687942 0.0208379 0.1888210 0.1089443 0.1089702 0.0786345 
Perityle_gentryi_8_san_francisco         0.0659473 0.0691073 0.0862896 0.2382272 0.0622304 0.0878640 0.1610969 0.1643549 0.4829892 0.1054786 0.1976512 0.0387476 0.0389011 0.0394827 0.0211953 0.0347303 0.0277325 0.1165559 0.0874506 0.0408571 0.0373985 0.1968509 0.3106205 0.0412507 0.0297275 0.0417455 0.0319648 0.0415023 0.0628439 0.2666789 0.3139014 0.1486516 0.1226669 0.1239934 0.0425194 0.0379441 0.1546307 0.0410948 0.0712952 0.0000000 0.0422828 0.0381001 0.2397909 0.0392778 0.1462613 0.0878916 0.0402265 0.0423300 0.0417827 0.1462068 0.0378947 0.0447072 0.0335125 0.0367628 0.0685281 0.0328396 0.0378666 0.0353209 0.0399845 0.0860809 0.1347345 0.1362132 0.0377713 0.0411147 0.0700890 0.0319569 0.1427380 0.0604634 0.0453146 0.0399728 0.0388821 0.1042268 0.0405927 0.0417744 0.1466556 0.0369647 0.1380742 0.1368585 0.0053840 0.0353542 0.0614504 0.1968509 0.1043586 0.0892352 0.0456082 
Perityle_gilensis_22_Superstition        0.0664482 0.0734852 0.0825949 0.2541262 0.0670708 0.1003799 0.1625899 0.1799560 0.4787675 0.1189692 0.2050103 0.0334381 0.0225542 0.0239425 0.0165173 0.0571420 0.0263564 0.1192652 0.0926187 0.0204839 0.0270155 0.2033831 0.3330589 0.0324061 0.0145867 0.0316254 0.0259185 0.0380657 0.0618812 0.2786910 0.3314598 0.1582427 0.1221591 0.1278645 0.0336492 0.0293028 0.1558682 0.0324145 0.0710019 0.0422828 0.0000000 0.0205455 0.2655321 0.0227623 0.1456550 0.0891278 0.0282230 0.0277540 0.0328114 0.1456037 0.0319843 0.0202912 0.0195374 0.0299726 0.0688309 0.0432263 0.0438055 0.0313220 0.0389871 0.0899116 0.1462381 0.1281005 0.0378643 0.0356674 0.0688041 0.0248194 0.1403929 0.0607502 0.0283206 0.0345355 0.0301894 0.1058218 0.0283274 0.0328053 0.1459746 0.0340483 0.1429374 0.1434007 0.0163032 0.0357540 0.0741409 0.2033831 0.1073583 0.1050281 0.0415206 
Perityle_gilensis_salensis_225           0.0612302 0.0735830 0.0812920 0.2490874 0.0600175 0.0917827 0.1621283 0.1756201 0.4768048 0.1153923 0.2023084 0.0282954 0.0151487 0.0164287 0.0202720 0.0526334 0.0193509 0.1151366 0.0834756 0.0182176 0.0177139 0.2034631 0.3522208 0.0250522 0.0178931 0.0261001 0.0218091 0.0325652 0.0592271 0.2809905 0.3130666 0.1548461 0.1194956 0.1254949 0.0295967 0.0263076 0.1556136 0.0283288 0.0660534 0.0381001 0.0205455 0.0000000 0.2653589 0.0215893 0.1438402 0.0853761 0.0227775 0.0216541 0.0287196 0.1437890 0.0338233 0.0294583 0.0140715 0.0255964 0.0657325 0.0343654 0.0397568 0.0272671 0.0339119 0.0884521 0.1457770 0.1296829 0.0347161 0.0316495 0.0662167 0.0207026 0.1384183 0.0568919 0.0380644 0.0327250 0.0228308 0.1035308 0.0228164 0.0287142 0.1453360 0.0265181 0.1408482 0.1415631 0.0162159 0.0339545 0.0704360 0.2034631 0.1049724 0.1034498 0.0372894 
Perityle_glaucescens_94                  0.2696811 0.1751096 0.2873762 0.2932672 0.2693268 0.1675449 0.2236371 0.1967733 0.5578009 0.2952043 0.3231733 0.2674222 0.2689678 0.2670408 0.2592410 0.2290553 0.2630213 0.3085015 0.1975495 0.2585908 0.1850735 0.2641395 0.3032150 0.2668557 0.2133904 0.2737481 0.2602552 0.2658924 0.2703355 0.2970421 0.3661639 0.2465125 0.2345244 0.2169631 0.2648821 0.2629576 0.1282661 0.2752738 0.2755463 0.2397909 0.2655321 0.2653589 0.0000000 0.2670199 0.1148446 0.2932545 0.2677600 0.2699145 0.2749304 0.1162700 0.2296561 0.2664580 0.2630381 0.1803375 0.2323718 0.1992117 0.1886795 0.2669618 0.2700000 0.2779211 0.1867799 0.2910824 0.1559129 0.2692801 0.2803274 0.2585618 0.2492209 0.2764185 0.1816357 0.2793572 0.2649959 0.2418251 0.2725147 0.2748522 0.2106193 0.1712223 0.2066995 0.1993791 0.0678317 0.2732986 0.1676564 0.2641395 0.2454606 0.2923479 0.1897237 
Perityle_gracilis_11                     0.0652500 0.0760412 0.0826998 0.2305175 0.0623891 0.1048532 0.1605153 0.1727315 0.4459345 0.0853542 0.1681250 0.0240183 0.0204255 0.0215650 0.0165293 0.0496442 0.0234085 0.1186240 0.0851444 0.0250598 0.0183776 0.1588155 0.3325175 0.0315031 0.0179058 0.0203866 0.0254400 0.0377620 0.0579620 0.2679682 0.2887068 0.1565246 0.1234138 0.1232957 0.0340956 0.0242871 0.1505001 0.0276309 0.0617095 0.0392778 0.0227623 0.0215893 0.2670199 0.0000000 0.1420488 0.0745643 0.0240729 0.0156814 0.0331238 0.1419924 0.0365415 0.0252795 0.0167849 0.0207320 0.0658319 0.0362084 0.0356959 0.0290077 0.0327013 0.0888220 0.1435576 0.1259776 0.0409075 0.0277073 0.0656727 0.0242076 0.1463475 0.0555112 0.0250709 0.0301069 0.0290190 0.1021337 0.0167562 0.0343707 0.1511775 0.0266297 0.1500153 0.1420144 0.0162940 0.0338713 0.0704685 0.1588155 0.1034678 0.1038545 0.0423244 
