84
Amauria_brandeegeana_62                    0.0000000 0.0569879 0.0120774 0.1614773 0.0461034 0.0480804 0.0831297 0.0923626 0.2634933 0.0299698 0.0778109 0.0545852 0.0563147 0.0546920 0.0704419 0.0750180 0.0487400 0.0895361 0.0831826 0.0579769 0.0634936 0.0501952 0.1284697 0.0598181 0.0429232 0.3682205 0.0709535 0.0783697 0.4063714 0.0275342 0.1498086 0.0913588 0.0546087 0.0339980 0.4158045 0.0860008 0.0562868 0.0958046 0.0646246 0.0590228 0.3790532 0.0777494 0.0484281 0.0810809 0.1005358 0.0481557 0.0514870 0.0548438 0.0729611 0.0416755 0.0669231 0.0514844 0.0728381 0.0471665 0.0851775 0.0559611 0.0311280 0.0547278 0.0498560 0.0850282 0.0498273 0.0912502 0.0360105 0.0514374 0.0712366 0.0594575 0.0546662 0.0340079 0.0632629 0.0590228 0.0371296 0.0514682 0.0498560 0.0527503 0.0271297 0.0785908 0.0897740 0.0695493 0.0362611 0.0562618 0.0563535 0.0483675 0.0702901 0.0602223 
Amauria_carterae_99_mesa                   0.0569879 0.0000000 0.0537672 0.1422228 0.0594956 0.0723592 0.0790845 0.1187631 0.1925808 0.0560571 0.0629967 0.0627656 0.0594643 0.0563406 0.0658905 0.0731036 0.0624023 0.0848414 0.0752184 0.0624479 0.0594652 0.0532865 0.1890870 0.0571779 0.0563261 0.3059426 0.0593615 0.0789620 0.3259944 0.0481843 0.1796695 0.0939844 0.0816332 0.0560571 0.3108901 0.0626303 0.0624912 0.0629890 0.0626735 0.0624876 0.3134693 0.0658115 0.0532865 0.0595306 0.0601288 0.0657797 0.0532865 0.0564764 0.0629412 0.0563002 0.0600969 0.0563929 0.0593367 0.0564903 0.0722426 0.0847382 0.0532140 0.0532865 0.0532865 0.0631935 0.0620225 0.0746369 0.0621162 0.0597763 0.0567770 0.0762311 0.0659026 0.0514544 0.0626610 0.0624876 0.0607224 0.0563584 0.0532865 0.0625997 0.0536003 0.0691885 0.0690455 0.0718878 0.0624424 0.0753628 0.0562940 0.0512607 0.0515580 0.0629011 
Amauria_rotundifolia_SRR9119150            0.0120774 0.0537672 0.0000000 0.1530490 0.0702748 0.0480998 0.0990979 0.0807910 0.2994340 0.0216116 0.0815410 0.0638272 0.0667691 0.0709248 0.0704419 0.0900818 0.0681107 0.0960648 0.0839084 0.0722211 0.0821815 0.0699089 0.1189286 0.0714717 0.0627571 0.3598870 0.0893414 0.0954565 0.3941880 0.0499421 0.1346926 0.0964667 0.0564090 0.0269908 0.4754593 0.0921891 0.0770537 0.0988446 0.0838887 0.0747706 0.4154325 0.0855287 0.0684852 0.0922921 0.1066297 0.0535884 0.0695830 0.0736475 0.0830869 0.0590581 0.0873615 0.0697510 0.0909063 0.0695075 0.0869735 0.0517063 0.0435590 0.0734786 0.0673739 0.0789153 0.0378745 0.1032158 0.0359500 0.0586725 0.0825672 0.0797246 0.0630663 0.0295866 0.0765950 0.0732782 0.0477280 0.0708647 0.0695830 0.0583024 0.0240170 0.0908269 0.0935361 0.0802846 0.0511020 0.0671034 0.0748650 0.0567497 0.0630005 0.0578998 
Conoclinium_coelestinum_SRR9119114         0.1614773 0.1422228 0.1530490 0.0000000 0.1530967 0.1206876 0.1557260 0.1373889 0.2398169 0.1547482 0.1609900 0.1627508 0.1604642 0.1583890 0.1608150 0.1709720 0.1655439 0.1787740 0.1769484 0.1631351 0.1632300 0.1550887 0.2338294 0.1628001 0.1554615 0.3678255 0.1682132 0.1749011 0.3712417 0.1234886 0.2412588 0.1869403 0.1520295 0.1790693 0.3758701 0.1687891 0.1580841 0.1702175 0.1588459 0.1690528 0.3791963 0.1640001 0.1550887 0.1637539 0.1655061 0.1650106 0.1550887 0.1523756 0.1671233 0.1515975 0.1648768 0.1578106 0.1660821 0.1559819 0.1753978 0.1583750 0.1244753 0.1606562 0.1550887 0.1615602 0.1137551 0.1986862 0.1058124 0.1578131 0.1616938 0.1686315 0.1678130 0.1034347 0.1588443 0.1690528 0.1763034 0.1577384 0.1550887 0.1634785 0.1171129 0.1650813 0.1715778 0.1583161 0.1566905 0.1185774 0.1550429 0.1681388 0.1364418 0.1566807 
Eutetras_palmeri_63                        0.0461034 0.0594956 0.0702748 0.1530967 0.0000000 0.0220662 0.1031103 0.0948914 0.2605847 0.0587906 0.0609857 0.0694541 0.0493206 0.0502657 0.0369403 0.0595161 0.0516643 0.0900424 0.0767517 0.0516675 0.0592053 0.0517237 0.1372674 0.0510200 0.0473049 0.3322279 0.0605960 0.0639847 0.3605707 0.0587965 0.1594686 0.0836385 0.0582636 0.0685596 0.4183777 0.0777865 0.0545908 0.0744196 0.0577734 0.0577091 0.3952706 0.0731679 0.0501880 0.0763289 0.0768853 0.0631947 0.0501880 0.0546482 0.0703137 0.0743436 0.0608993 0.0503499 0.0637715 0.0562520 0.0788555 0.0535919 0.0432756 0.0532095 0.0466757 0.0482135 0.0498427 0.0948656 0.0249860 0.0633546 0.0596761 0.0769420 0.0901551 0.0338635 0.0578919 0.0562120 0.0762281 0.0531578 0.0516888 0.0499847 0.0268320 0.0734084 0.0730079 0.0620062 0.0600833 0.0648161 0.0562099 0.0690269 0.0578295 0.0555546 
Eutetras_pringlei_149_quer                 0.0480804 0.0723592 0.0480998 0.1206876 0.0220662 0.0000000 0.0610808 0.0892251 0.1736272 0.0661883 0.0485210 0.0582921 0.0415630 0.0415630 0.2444137 0.0387811 0.0480642 0.0650903 0.0755273 0.0481017 0.0481972 0.0415164 0.1043672 0.0355425 0.0415630 0.2813322 0.0448045 0.0487272 0.3127996 0.0581241 0.1848333 0.0684557 0.0617637 0.0661883 0.2797859 0.0685336 0.0481379 0.0727387 0.0416316 0.0481352 0.2890658 0.0650781 0.0415164 0.0650287 0.0729102 0.0649522 0.0415164 0.0449054 0.0653801 0.0513267 0.0485009 0.0448343 0.0447844 0.0482619 0.0650260 0.0483779 0.0447697 0.0482111 0.0415164 0.0688397 0.0618059 0.0715124 0.0285837 0.0517593 0.0482861 0.0526087 0.0581614 0.0295353 0.0516073 0.0481352 0.0683116 0.0448045 0.0415164 0.0482280 0.0424856 0.0655820 0.0687177 0.0547267 0.0546878 0.0716414 0.0447497 0.0581241 0.0477219 0.0638372 
Eutrochium_fistulosum_SRR9119106           0.0831297 0.0790845 0.0990979 0.1557260 0.1031103 0.0610808 0.0000000 0.1041960 0.3064293 0.0857927 0.1125010 0.1048559 0.0923522 0.0955987 0.0692317 0.0973919 0.0949445 0.1074730 0.1181638 0.0940407 0.1079974 0.0893981 0.1501491 0.0851796 0.0953594 0.3630971 0.1076207 0.1179616 0.4146820 0.0844843 0.2096275 0.1134559 0.0729911 0.1044707 0.4893282 0.1162138 0.1042338 0.1267995 0.1018628 0.0953228 0.4282578 0.1098595 0.0862321 0.1146778 0.1298435 0.1017374 0.0862321 0.0879688 0.1054505 0.0938438 0.0957796 0.0895787 0.1063016 0.0929135 0.1185741 0.0681618 0.0672158 0.0893677 0.0733489 0.0962391 0.0847411 0.1253683 0.0664788 0.1033850 0.1019033 0.1019721 0.1205232 0.0649485 0.1006450 0.0937627 0.1106634 0.0892809 0.0862321 0.0990386 0.0476186 0.1145438 0.1146329 0.1004308 0.0972276 0.1005465 0.0939948 0.1072895 0.0891951 0.0829645 
Galeana_pratensis_104_mex                  0.0923626 0.1187631 0.0807910 0.1373889 0.0948914 0.0892251 0.1041960 0.0000000 0.2242459 0.0823586 0.0956548 0.0988077 0.0911860 0.0874007 0.1579425 0.1160842 0.0946295 0.1213110 0.1103997 0.0947127 0.0874007 0.0872099 0.2262323 0.0964154 0.0838209 0.2674071 0.0983692 0.1186794 0.3045353 0.0862497 0.1889203 0.1332030 0.1252913 0.0823586 0.2688357 0.1100939 0.0947896 0.1091651 0.0988598 0.0947821 0.2714840 0.1103233 0.0872099 0.1063795 0.1064047 0.1024139 0.0872099 0.0872099 0.1107538 0.0872146 0.0960267 0.0909778 0.0983188 0.0988034 0.0913851 0.1253559 0.0909875 0.0948600 0.0872099 0.1030068 0.0832719 0.1136922 0.0810261 0.0916322 0.0996061 0.1204484 0.0980115 0.0646450 0.1026192 0.0947821 0.0902425 0.0909138 0.0872099 0.0911804 0.0886389 0.1036895 0.0991678 0.1062830 0.0945793 0.1022552 0.0907884 0.0899816 0.0914973 0.1030795 
Helianthus_annuus_SRR9119062               0.2634933 0.1925808 0.2994340 0.2398169 0.2605847 0.1736272 0.3064293 0.2242459 0.0000000 0.1921102 0.3048497 0.2992845 0.2870720 0.2890367 0.1749247 0.3063940 0.2936286 0.2851222 0.2737061 0.2946559 0.2962058 0.2855339 0.2818797 0.2781343 0.2805874 0.3715583 0.2951096 0.3067785 0.3986008 0.2206281 0.2932266 0.3203495 0.2042660 0.3036088 0.4497546 0.3098636 0.2972714 0.2943825 0.2945193 0.3001238 0.3960394 0.3083241 0.2851995 0.3147037 0.2874841 0.3003807 0.2851995 0.2902160 0.3155267 0.3021703 0.2963748 0.2924755 0.2957360 0.2929817 0.2919621 0.2072585 0.1868255 0.2921712 0.2674200 0.2684998 0.1790069 0.3341511 0.1553504 0.3010129 0.2991789 0.2502612 0.3160631 0.1614517 0.2939068 0.2968300 0.2787656 0.2853488 0.2828647 0.2766251 0.1601382 0.3193130 0.3034560 0.2979087 0.2971724 0.2086951 0.2925742 0.2954668 0.2632941 0.2108693 
Lycapsus_tenuifolius_17                    0.0299698 0.0560571 0.0216116 0.1547482 0.0587906 0.0661883 0.0857927 0.0823586 0.1921102 0.0000000 0.0556801 0.0354334 0.0439715 0.0411919 0.0722931 0.0592081 0.0411366 0.0788333 0.0672550 0.0439721 0.0466924 0.0412043 0.1900343 0.0562709 0.0411919 0.3183516 0.0523732 0.0557534 0.3277521 0.0034978 0.0275249 0.0814571 0.0677062 0.0161000 0.3280496 0.0583917 0.0554412 0.0613629 0.0441790 0.0583920 0.3253125 0.0557336 0.0412043 0.0584315 0.0614675 0.0381468 0.0412043 0.0440600 0.0559702 0.0297674 0.0649138 0.0440568 0.0556100 0.0470816 0.0675224 0.0611488 0.0394786 0.0440884 0.0412043 0.0619617 0.0333660 0.0729765 0.0393322 0.0327578 0.0525642 0.0741080 0.0437114 0.0248816 0.0500294 0.0583920 0.0269923 0.0440316 0.0412043 0.0525924 0.0253577 0.0613405 0.0554960 0.0584149 0.0297661 0.0589995 0.0497615 0.0215288 0.0607349 0.0703623 
Pericome_caudata_50_silver                 0.0778109 0.0629967 0.0815410 0.1609900 0.0609857 0.0485210 0.1125010 0.0956548 0.3048497 0.0556801 0.0000000 0.0837029 0.0693105 0.0745753 0.0623913 0.0937114 0.0731972 0.0999502 0.0836381 0.0772038 0.0792602 0.0723504 0.1300476 0.0711016 0.0722879 0.3617238 0.0903753 0.0976776 0.4020632 0.0535622 0.1517041 0.0960554 0.0489433 0.0772381 0.4826527 0.0933308 0.0836326 0.0874004 0.0889865 0.0745423 0.4158036 0.0866756 0.0708195 0.0934350 0.0966949 0.0778196 0.0732298 0.0760189 0.0816084 0.0798381 0.0842743 0.0734063 0.0919397 0.0692416 0.0953592 0.0576712 0.0379925 0.0771292 0.0684939 0.0786771 0.0463572 0.1070581 0.0399746 0.0784270 0.0851314 0.0448704 0.0961703 0.0341494 0.0802757 0.0730552 0.0768686 0.0745121 0.0732298 0.0711063 0.0300662 0.0615243 0.0881824 0.0827539 0.0675717 0.0632961 0.0772324 0.0844382 0.0716157 0.0598440 
Perityle_aglossa_84_dead_horse             0.0545852 0.0627656 0.0638272 0.1627508 0.0694541 0.0582921 0.1048559 0.0988077 0.2992845 0.0354334 0.0837029 0.0000000 0.0648739 0.0690413 0.0690339 0.0841979 0.0701651 0.0955567 0.0750533 0.0716408 0.0776509 0.0681004 0.1367843 0.0681673 0.0620899 0.3566486 0.0835911 0.0920793 0.4052337 0.0526249 0.1399409 0.0972709 0.0652818 0.0456589 0.4814412 0.0835983 0.0778700 0.0855504 0.0804171 0.0728870 0.4239831 0.0756496 0.0665788 0.0823408 0.0931952 0.0185650 0.0676904 0.0717822 0.0705395 0.0304406 0.0798513 0.0651759 0.0851467 0.0688773 0.0893828 0.0617627 0.0486309 0.0716162 0.0654093 0.0755816 0.0303153 0.0902507 0.0508303 0.0047813 0.0821518 0.0830634 0.0689780 0.0382119 0.0733916 0.0713869 0.0561190 0.0689824 0.0676904 0.0653183 0.0391082 0.0986123 0.0822918 0.0770411 0.0114160 0.0556775 0.0730114 0.0667941 0.0579670 0.0598225 
Perityle_ajoensis_204                      0.0563147 0.0594643 0.0667691 0.1604642 0.0493206 0.0415630 0.0923522 0.0911860 0.2870720 0.0439715 0.0693105 0.0648739 0.0000000 0.0197397 0.0242905 0.0376622 0.0204277 0.0897009 0.0734419 0.0222270 0.0224389 0.0123369 0.1257738 0.0229297 0.0181736 0.3530769 0.0348044 0.0506552 0.3993597 0.0540424 0.1489136 0.0838196 0.0524470 0.0575310 0.4734579 0.0773957 0.0259486 0.0729520 0.0377720 0.0225649 0.4168002 0.0719808 0.0098214 0.0774832 0.0852630 0.0581331 0.0110256 0.0160096 0.0681488 0.0583980 0.0360960 0.0184932 0.0374153 0.0286209 0.0746946 0.0350486 0.0238014 0.0122673 0.0115473 0.0625343 0.0499004 0.0788067 0.0105609 0.0608448 0.0362824 0.0711802 0.0843573 0.0082927 0.0312104 0.0212936 0.0658141 0.0122571 0.0110256 0.0200709 0.0088005 0.0835282 0.0692055 0.0362282 0.0559140 0.0555805 0.0159903 0.0642124 0.0510065 0.0464796 
Perityle_ambrosiifolia_67_green            0.0546920 0.0563406 0.0709248 0.1583890 0.0502657 0.0415630 0.0955987 0.0874007 0.2890367 0.0411919 0.0745753 0.0690413 0.0197397 0.0000000 0.0242913 0.0388152 0.0147253 0.0898253 0.0752941 0.0190186 0.0265350 0.0191151 0.1206990 0.0266289 0.0076395 0.3523311 0.0360867 0.0450643 0.4017149 0.0567143 0.1489136 0.0918257 0.0489568 0.0552531 0.4696521 0.0758437 0.0275221 0.0785634 0.0351547 0.0205687 0.4171021 0.0693318 0.0166467 0.0759263 0.0905168 0.0588802 0.0177992 0.0214513 0.0669333 0.0641177 0.0373731 0.0154256 0.0386174 0.0248748 0.0762754 0.0350906 0.0203881 0.0214052 0.0173586 0.0594405 0.0499004 0.0833641 0.0105609 0.0638573 0.0397369 0.0713158 0.0894039 0.0082927 0.0301277 0.0193023 0.0644289 0.0189954 0.0177992 0.0214947 0.0058518 0.0875466 0.0784774 0.0361780 0.0592507 0.0538555 0.0226342 0.0658267 0.0556637 0.0487487 
Perityle_angustifolia_13_Eagle_creek       0.0704419 0.0658905 0.0704419 0.1608150 0.0369403 0.2444137 0.0692317 0.1579425 0.1749247 0.0722931 0.0623913 0.0690339 0.0242905 0.0242913 0.0000000 0.0644070 0.0304189 0.0953632 0.0749254 0.0242913 0.0303753 0.0367023 1.2410365 0.0377145 0.0305093 0.3823695 0.0430261 0.0761436 0.3736084 0.0644550 0.0944831 0.1076479 0.0625544 0.0795953 0.3887086 0.0489775 0.0304856 0.0495179 0.0368987 0.0305300 0.3898271 0.0492009 0.0367023 0.0553297 0.0371279 0.0757460 0.0367023 0.0367023 0.0367252 0.0690425 0.0310557 0.0367023 0.0430261 0.0495814 0.0628614 0.0818032 0.0305053 0.0431215 0.0367023 0.0501231 0.1277593 0.0816561 0.0499901 0.0699188 0.0372100 0.0707119 0.0824386 0.0638675 0.0494404 0.0305300 0.0864759 0.0367023 0.0367023 0.0430410 0.0164971 0.0557744 0.0557795 0.0557227 0.0690339 0.0534333 0.0431215 0.0935589 0.0589962 0.0561727 
Perityle_batopilensis_97                   0.0750180 0.0731036 0.0900818 0.1709720 0.0595161 0.0387811 0.0973919 0.1160842 0.3063940 0.0592081 0.0937114 0.0841979 0.0376622 0.0388152 0.0644070 0.0000000 0.0363588 0.1065001 0.0873372 0.0412780 0.0454790 0.0389996 0.1346937 0.0441882 0.0352852 0.3588010 0.0476193 0.0656286 0.4140218 0.0677909 0.1671787 0.1038636 0.0566938 0.0781487 0.4829394 0.0910543 0.0445834 0.0919678 0.0263596 0.0419845 0.4238133 0.0856970 0.0363857 0.0871637 0.0997625 0.0740834 0.0375204 0.0413336 0.0819441 0.0816209 0.0605653 0.0376089 0.0502264 0.0385287 0.0927920 0.0414702 0.0327977 0.0387663 0.0366686 0.0809990 0.0508314 0.0964169 0.0176593 0.0788896 0.0477285 0.0792076 0.1078226 0.0082809 0.0453301 0.0406283 0.0757211 0.0387510 0.0375204 0.0355078 0.0240473 0.1036083 0.0923837 0.0513981 0.0708304 0.0671285 0.0425323 0.0795574 0.0601746 0.0536839 
Perityle_bisetosa_9                        0.0487400 0.0624023 0.0681107 0.1655439 0.0516643 0.0480642 0.0949445 0.0946295 0.2936286 0.0411366 0.0731972 0.0701651 0.0204277 0.0147253 0.0304189 0.0363588 0.0000000 0.0947967 0.0735110 0.0171954 0.0272303 0.0184276 0.1254946 0.0291798 0.0127792 0.3618066 0.0335548 0.0453188 0.4003439 0.0618996 0.1486463 0.0948875 0.0524461 0.0551579 0.4567851 0.0785483 0.0275160 0.0801276 0.0338795 0.0225720 0.4223339 0.0731382 0.0171681 0.0772693 0.0895575 0.0596633 0.0171681 0.0221964 0.0693128 0.0691377 0.0426688 0.0147422 0.0361611 0.0195090 0.0717032 0.0389971 0.0272445 0.0209092 0.0179845 0.0536491 0.0577309 0.0876623 0.0176443 0.0647969 0.0346293 0.0697232 0.0881620 0.0166325 0.0248066 0.0212536 0.0644351 0.0196526 0.0184147 0.0214645 0.0117274 0.0889545 0.0771856 0.0349070 0.0606343 0.0610208 0.0234201 0.0681876 0.0578985 0.0507824 
Perityle_californica_76_positas            0.0895361 0.0848414 0.0960648 0.1787740 0.0900424 0.0650903 0.1074730 0.1213110 0.2851222 0.0788333 0.0999502 0.0955567 0.0897009 0.0898253 0.0953632 0.1065001 0.0947967 0.0000000 0.1043155 0.0926926 0.1007893 0.0874938 0.1595186 0.0733567 0.0890705 0.3592419 0.1038573 0.1167420 0.4169662 0.0860080 0.1846211 0.0579803 0.0541339 0.0917555 0.4684733 0.0973387 0.0958939 0.1067503 0.1045306 0.0869792 0.3930565 0.0944251 0.0843484 0.0973919 0.1198775 0.0913245 0.0854932 0.0885506 0.0874367 0.0813231 0.0923227 0.0871332 0.1055880 0.0887293 0.0988782 0.0807658 0.0670407 0.0883311 0.0795889 0.0849446 0.0620819 0.1045411 0.0622706 0.0928510 0.1031263 0.0895330 0.1077661 0.0558715 0.0989832 0.0869792 0.0982713 0.0868811 0.0840551 0.0817481 0.0610893 0.1027844 0.1089474 0.1000790 0.0893440 0.0878944 0.0912460 0.1009200 0.0624724 0.0619553 
Perityle_canescens_77                      0.0831826 0.0752184 0.0839084 0.1769484 0.0767517 0.0755273 0.1181638 0.1103997 0.2737061 0.0672550 0.0836381 0.0750533 0.0734419 0.0752941 0.0749254 0.0873372 0.0735110 0.1043155 0.0000000 0.0719467 0.0849795 0.0703814 0.1623187 0.0832607 0.0704574 0.3660555 0.0766767 0.0953153 0.3813863 0.0717853 0.1699682 0.0963986 0.0766294 0.0877828 0.4503129 0.0799521 0.0784869 0.0414796 0.0867507 0.0801184 0.4376630 0.0736126 0.0703166 0.0735484 0.0528648 0.0734718 0.0703166 0.0703688 0.0721885 0.0686105 0.0853172 0.0705928 0.0818063 0.0723010 0.0836679 0.0765808 0.0599242 0.0703166 0.0681381 0.0602366 0.0581148 0.0865566 0.0699507 0.0702712 0.0755911 0.0833603 0.0849708 0.0559700 0.0691784 0.0784956 0.0947466 0.0719195 0.0703166 0.0719211 0.0611576 0.0971054 0.0357206 0.0802562 0.0717230 0.0536666 0.0784701 0.0908623 0.0736864 0.0712096 
Perityle_castillonii_96                    0.0579769 0.0624479 0.0722211 0.1631351 0.0516675 0.0481017 0.0940407 0.0947127 0.2946559 0.0439721 0.0772038 0.0716408 0.0222270 0.0190186 0.0242913 0.0412780 0.0171954 0.0926926 0.0719467 0.0000000 0.0289728 0.0203088 0.1255751 0.0265770 0.0153531 0.3622716 0.0360724 0.0513111 0.4137922 0.0635675 0.1583396 0.0973236 0.0488486 0.0576991 0.4867981 0.0784722 0.0236743 0.0798583 0.0402690 0.0242457 0.4215623 0.0758254 0.0190411 0.0785613 0.0932493 0.0615174 0.0201897 0.0238554 0.0695402 0.0692680 0.0439248 0.0202366 0.0386021 0.0261756 0.0747611 0.0370441 0.0220677 0.0238040 0.0185976 0.0625728 0.0577854 0.0901790 0.0176592 0.0664435 0.0397207 0.0680626 0.0907299 0.0166490 0.0301156 0.0229661 0.0689052 0.0213882 0.0201897 0.0214710 0.0117357 0.0888138 0.0810462 0.0361636 0.0619640 0.0573468 0.0250385 0.0697482 0.0578960 0.0486619 
Perityle_cernua_84                         0.0634936 0.0594652 0.0821815 0.1632300 0.0592053 0.0481972 0.1079974 0.0874007 0.2962058 0.0466924 0.0792602 0.0776509 0.0224389 0.0265350 0.0303753 0.0454790 0.0272303 0.1007893 0.0849795 0.0289728 0.0000000 0.0277358 0.1311580 0.0399890 0.0257944 0.3495438 0.0438449 0.0556330 0.3984302 0.0655110 0.1489136 0.1001782 0.0580129 0.0623743 0.4706288 0.0871051 0.0339343 0.0834458 0.0454984 0.0269517 0.4167977 0.0817707 0.0252557 0.0872021 0.0955838 0.0702085 0.0264871 0.0302312 0.0780228 0.0764406 0.0552180 0.0253227 0.0464832 0.0356019 0.0783510 0.0430901 0.0307941 0.0301650 0.0264361 0.0647422 0.0499004 0.0920779 0.0141254 0.0723711 0.0477609 0.0760294 0.1020833 0.0082927 0.0390890 0.0256506 0.0751537 0.0277054 0.0264871 0.0283348 0.0117568 0.0973563 0.0844947 0.0415062 0.0689168 0.0611543 0.0314280 0.0769767 0.0694688 0.0551964 
Perityle_cfvillosa_25_tin                  0.0501952 0.0532865 0.0699089 0.1550887 0.0517237 0.0415164 0.0893981 0.0872099 0.2855339 0.0412043 0.0723504 0.0681004 0.0123369 0.0191151 0.0367023 0.0389996 0.0184276 0.0874938 0.0703814 0.0203088 0.0277358 0.0000000 0.1173861 0.0239053 0.0179336 0.3462591 0.0362567 0.0465404 0.3984850 0.0584474 0.1440321 0.0905245 0.0488789 0.0505066 0.4735323 0.0749435 0.0300469 0.0776635 0.0376958 0.0243710 0.4107226 0.0697076 0.0023597 0.0750254 0.0882656 0.0565621 0.0035432 0.0083093 0.0659956 0.0644812 0.0362358 0.0095034 0.0387998 0.0222020 0.0723027 0.0311038 0.0220811 0.0071016 0.0012306 0.0549788 0.0459264 0.0850526 0.0105481 0.0628952 0.0386451 0.0664826 0.0881468 0.0041335 0.0265779 0.0230845 0.0613208 0.0047267 0.0035432 0.0228295 0.0000010 0.0889175 0.0749710 0.0326404 0.0592689 0.0538360 0.0082997 0.0662025 0.0510305 0.0421788 
Perityle_cinerea_113_Powell1310            0.1284697 0.1890870 0.1189286 0.2338294 0.1372674 0.1043672 0.1501491 0.2262323 0.2818797 0.1900343 0.1300476 0.1367843 0.1257738 0.1206990 1.2410365 0.1346937 0.1254946 0.1595186 0.1623187 0.1255751 0.1311580 0.1173861 0.0000000 0.1256583 0.1205307 0.3911189 0.1285369 0.1314503 0.4323439 0.1180973 0.2387704 0.1611242 0.1537540 0.1874707 0.4135034 0.1545396 0.1256475 0.1583473 0.1259092 0.1285751 0.4183795 0.1490938 0.1173861 0.1459826 0.1623713 0.1362935 0.1173861 0.1203014 0.1494848 0.1311250 0.1257182 0.1177031 0.1313089 0.1202165 0.1490173 0.1401723 0.1159105 0.1199408 0.1173861 0.1433436 0.1183305 0.1599155 0.0898152 0.1258787 0.1236670 0.1468484 0.1502847 0.0885100 0.1202255 0.1258383 0.1281532 0.1200867 0.1173861 0.1258316 0.1328408 0.1493973 0.1510525 0.1310330 0.1335384 0.1448924 0.1199658 0.1171186 0.1048592 0.1891849 
Perityle_coahuilensis_24                   0.0598181 0.0571779 0.0714717 0.1628001 0.0510200 0.0355425 0.0851796 0.0964154 0.2781343 0.0562709 0.0711016 0.0681673 0.0229297 0.0266289 0.0377145 0.0441882 0.0291798 0.0733567 0.0832607 0.0265770 0.0399890 0.0239053 0.1256583 0.0000000 0.0239486 0.3569571 0.0395672 0.0516163 0.3884400 0.0567440 0.1471065 0.0895434 0.0547910 0.0649557 0.4464567 0.0711223 0.0366920 0.0841816 0.0443270 0.0338863 0.4219303 0.0665738 0.0224015 0.0665551 0.0909500 0.0607062 0.0237442 0.0237678 0.0607403 0.0589932 0.0253963 0.0252170 0.0367191 0.0353330 0.0813961 0.0435234 0.0312008 0.0280052 0.0228943 0.0579989 0.0459264 0.0796060 0.0070219 0.0636562 0.0393147 0.0743538 0.0930999 0.0041335 0.0368928 0.0323640 0.0725140 0.0251559 0.0223195 0.0285667 0.0059380 0.0859827 0.0757122 0.0425113 0.0597731 0.0605870 0.0294667 0.0748094 0.0614786 0.0581669 
Perityle_cochisensis_44_cave_creek         0.0429232 0.0563261 0.0627571 0.1554615 0.0473049 0.0415630 0.0953594 0.0838209 0.2805874 0.0411919 0.0722879 0.0620899 0.0181736 0.0076395 0.0305093 0.0352852 0.0127792 0.0890705 0.0704574 0.0153531 0.0257944 0.0179336 0.1205307 0.0239486 0.0000000 0.3499755 0.0309827 0.0433066 0.3824712 0.0549904 0.1489136 0.0777348 0.0507742 0.0504941 0.4384575 0.0736228 0.0231778 0.0719735 0.0337584 0.0208705 0.4123640 0.0680374 0.0153278 0.0722926 0.0848685 0.0565269 0.0153278 0.0192373 0.0654514 0.0623976 0.0298643 0.0127829 0.0336813 0.0255536 0.0686143 0.0350823 0.0221159 0.0192158 0.0160907 0.0432555 0.0499004 0.0806701 0.0105609 0.0565369 0.0351979 0.0696906 0.0851226 0.0082927 0.0285809 0.0195492 0.0628712 0.0179127 0.0166242 0.0175762 0.0087973 0.0883812 0.0695781 0.0364336 0.0538948 0.0520930 0.0218312 0.0629459 0.0510061 0.0465284 
Perityle_congesta_202                      0.3682205 0.3059426 0.3598870 0.3678255 0.3322279 0.2813322 0.3630971 0.2674071 0.3715583 0.3183516 0.3617238 0.3566486 0.3530769 0.3523311 0.3823695 0.3588010 0.3618066 0.3592419 0.3660555 0.3622716 0.3495438 0.3462591 0.3911189 0.3569571 0.3499755 0.0000000 0.3634853 0.3580831 0.0592321 0.2789145 0.4139954 0.3435632 0.2996401 0.3722761 0.0321051 0.3648766 0.3532779 0.3694173 0.3525499 0.3625196 0.0280135 0.3674442 0.3462591 0.3663205 0.3546280 0.3663085 0.3462591 0.3533584 0.3623867 0.3495130 0.3546070 0.3495213 0.3621748 0.3469543 0.3643683 0.3041110 0.3015780 0.3558303 0.3462591 0.3498094 0.3065027 0.3660438 0.2800185 0.3579598 0.3640394 0.3268268 0.3695433 0.2698102 0.3534507 0.3625196 0.3373993 0.3493760 0.3462591 0.3536544 0.3017510 0.3621430 0.3675274 0.3480240 0.3559799 0.2882995 0.3529912 0.3477993 0.3268944 0.3322824 
Perityle_cordifolia_27                     0.0709535 0.0593615 0.0893414 0.1682132 0.0605960 0.0448045 0.1076207 0.0983692 0.2951096 0.0523732 0.0903753 0.0835911 0.0348044 0.0360867 0.0430261 0.0476193 0.0335548 0.1038573 0.0766767 0.0360724 0.0438449 0.0362567 0.1285369 0.0395672 0.0309827 0.3634853 0.0000000 0.0628032 0.4065162 0.0726083 0.1535058 0.1028397 0.0615221 0.0670985 0.4872073 0.0903650 0.0403666 0.0827447 0.0455186 0.0390966 0.4296433 0.0850505 0.0336777 0.0878333 0.0989989 0.0734581 0.0348085 0.0385780 0.0813256 0.0796833 0.0614529 0.0348901 0.0118375 0.0396726 0.0831748 0.0451357 0.0324866 0.0360416 0.0338435 0.0735317 0.0538026 0.1023423 0.0140964 0.0783227 0.0421878 0.0822399 0.1042511 0.0124546 0.0449997 0.0378440 0.0795660 0.0360275 0.0348085 0.0310249 0.0147200 0.1026666 0.0863839 0.0486333 0.0716498 0.0556458 0.0397678 0.0763111 0.0693417 0.0551656 
Perityle_cordifolia_68_tecolote            0.0783697 0.0789620 0.0954565 0.1749011 0.0639847 0.0487272 0.1179616 0.1186794 0.3067785 0.0557534 0.0976776 0.0920793 0.0506552 0.0450643 0.0761436 0.0656286 0.0453188 0.1167420 0.0953153 0.0513111 0.0556330 0.0465404 0.1314503 0.0516163 0.0433066 0.3580831 0.0628032 0.0000000 0.4039027 0.0799500 0.1703030 0.1120181 0.0637248 0.0752745 0.4790163 0.0990326 0.0564054 0.1061544 0.0562851 0.0496118 0.4193527 0.0923458 0.0438767 0.0991444 0.1155707 0.0821786 0.0450016 0.0488678 0.0912028 0.0894246 0.0605763 0.0426129 0.0654839 0.0439660 0.1016383 0.0096124 0.0397075 0.0487590 0.0431298 0.0874310 0.0625807 0.1116951 0.0285545 0.0853856 0.0646974 0.0875166 0.1117189 0.0209568 0.0541546 0.0482266 0.0833947 0.0462425 0.0450016 0.0524058 0.0269567 0.1092464 0.1016833 0.0591502 0.0761239 0.0816422 0.0500695 0.0888622 0.0604877 0.0601459 
Perityle_coronopifolia_28_patagonia        0.4063714 0.3259944 0.3941880 0.3712417 0.3605707 0.3127996 0.4146820 0.3045353 0.3986008 0.3277521 0.4020632 0.4052337 0.3993597 0.4017149 0.3736084 0.4140218 0.4003439 0.4169662 0.3813863 0.4137922 0.3984302 0.3984850 0.4323439 0.3884400 0.3824712 0.0592321 0.4065162 0.4039027 0.0000000 0.3182954 0.4190296 0.4139078 0.3415913 0.3761518 0.0616303 0.4319182 0.3794951 0.4142924 0.3954798 0.4089959 0.0682178 0.4246336 0.3953736 0.4271165 0.4096796 0.4061155 0.3953736 0.4028125 0.4288597 0.3898768 0.3778749 0.3984850 0.4086554 0.3648953 0.4221453 0.3343989 0.3349060 0.3988538 0.3953736 0.4110528 0.3442393 0.4322392 0.3140952 0.4066097 0.4061154 0.3460003 0.4036832 0.3171085 0.3940028 0.4089959 0.3609652 0.3983370 0.3953736 0.3808524 0.3370588 0.3997770 0.4169701 0.3974099 0.3750842 0.3275731 0.3992808 0.3928331 0.3409286 0.3385729 
Perityle_crassifolia_70_ventanas           0.0275342 0.0481843 0.0499421 0.1234886 0.0587965 0.0581241 0.0844843 0.0862497 0.2206281 0.0034978 0.0535622 0.0526249 0.0540424 0.0567143 0.0644550 0.0677909 0.0618996 0.0860080 0.0717853 0.0635675 0.0655110 0.0584474 0.1180973 0.0567440 0.0549904 0.2789145 0.0726083 0.0799500 0.3182954 0.0000000 0.1203262 0.0907167 0.0601896 0.0034978 0.3913460 0.0747760 0.0653951 0.0764136 0.0638568 0.0603201 0.3562205 0.0764431 0.0566483 0.0729581 0.0789185 0.0507431 0.0566483 0.0584941 0.0730364 0.0618208 0.0692376 0.0568909 0.0743916 0.0638520 0.0722620 0.0609831 0.0464051 0.0618956 0.0548432 0.0612367 0.0458113 0.0809567 0.0507767 0.0474007 0.0661061 0.0643903 0.0798821 0.0339162 0.0638371 0.0584089 0.0121264 0.0601130 0.0584015 0.0475239 0.0337357 0.0746726 0.0746819 0.0707568 0.0507037 0.0617551 0.0601301 0.0096725 0.0520378 0.0584485 
Perityle_crassifolia_74_playa_balandra     0.1498086 0.1796695 0.1346926 0.2412588 0.1594686 0.1848333 0.2096275 0.1889203 0.2932266 0.0275249 0.1517041 0.1399409 0.1489136 0.1489136 0.0944831 0.1671787 0.1486463 0.1846211 0.1699682 0.1583396 0.1489136 0.1440321 0.2387704 0.1471065 0.1489136 0.4139954 0.1535058 0.1703030 0.4190296 0.1203262 0.0000000 0.1999609 0.1792144 0.0275249 0.4140426 0.1650463 0.1584984 0.1732142 0.1494671 0.1584782 0.3990835 0.1604368 0.1440321 0.1602796 0.1737212 0.1448423 0.1440321 0.1440321 0.1663089 0.1298547 0.1558916 0.1489671 0.1534035 0.1543556 0.1645951 0.1834577 0.1440321 0.1491548 0.1440321 0.1710679 0.1444198 0.1494413 0.1631567 0.1358909 0.1547095 0.1748180 0.1398318 0.1560955 0.1543584 0.1584782 0.1297651 0.1488415 0.1440321 0.1538905 0.1440321 0.1564705 0.1597154 0.1689436 0.1392090 0.1741501 0.1440837 0.1203262 0.1908488 0.1754009 
Perityle_cuneata_34_cuneata_San_antonio    0.0913588 0.0939844 0.0964667 0.1869403 0.0836385 0.0684557 0.1134559 0.1332030 0.3203495 0.0814571 0.0960554 0.0972709 0.0838196 0.0918257 0.1076479 0.1038636 0.0948875 0.0579803 0.0963986 0.0973236 0.1001782 0.0905245 0.1611242 0.0895434 0.0777348 0.3435632 0.1028397 0.1120181 0.4139078 0.0907167 0.1999609 0.0000000 0.0505463 0.0888241 0.4693677 0.0989912 0.1002071 0.1066025 0.1000909 0.0934464 0.4125806 0.0961757 0.0876803 0.0990591 0.1129157 0.0886167 0.0876803 0.0933932 0.0867229 0.0972681 0.0970959 0.0879706 0.1045063 0.0877923 0.1030495 0.0762935 0.0684510 0.0904959 0.0876811 0.0764964 0.0622461 0.1015741 0.0624258 0.0933156 0.0961876 0.0887292 0.1212888 0.0515324 0.1005916 0.0918370 0.0940185 0.0904180 0.0890746 0.0781138 0.0640806 0.1070312 0.1017337 0.1019108 0.0869658 0.0796908 0.0931311 0.1023796 0.0670269 0.0751920 
Perityle_cuneata_4                         0.0546087 0.0816332 0.0564090 0.1520295 0.0582636 0.0617637 0.0729911 0.1252913 0.2042660 0.0677062 0.0489433 0.0652818 0.0524470 0.0489568 0.0625544 0.0566938 0.0524461 0.0541339 0.0766294 0.0488486 0.0580129 0.0488789 0.1537540 0.0547910 0.0507742 0.2996401 0.0615221 0.0637248 0.3415913 0.0601896 0.1792144 0.0505463 0.0000000 0.0619464 0.3682213 0.0617147 0.0561881 0.0772087 0.0544062 0.0525308 0.3795164 0.0636624 0.0488789 0.0635256 0.0755520 0.0670193 0.0488789 0.0526230 0.0583079 0.0596515 0.0565183 0.0472724 0.0618151 0.0491396 0.0790189 0.0626019 0.0495036 0.0525547 0.0488789 0.0646660 0.0580327 0.0783315 0.0547330 0.0617155 0.0526802 0.0584320 0.0895659 0.0469700 0.0527894 0.0507205 0.0678593 0.0506836 0.0488789 0.0543496 0.0516404 0.0598380 0.0691749 0.0617963 0.0613955 0.0719162 0.0525004 0.0642217 0.0591909 0.0651783 
Perityle_discoidea_81                      0.0339980 0.0560571 0.0269908 0.1790693 0.0685596 0.0661883 0.1044707 0.0823586 0.3036088 0.0161000 0.0772381 0.0456589 0.0575310 0.0552531 0.0795953 0.0781487 0.0551579 0.0917555 0.0877828 0.0576991 0.0623743 0.0505066 0.1874707 0.0649557 0.0504941 0.3722761 0.0670985 0.0752745 0.3761518 0.0034978 0.0275249 0.0888241 0.0619464 0.0000000 0.3934981 0.0817652 0.0698034 0.0854567 0.0700885 0.0618042 0.3760702 0.0747512 0.0505066 0.0746731 0.0888417 0.0432333 0.0505066 0.0529127 0.0676678 0.0315592 0.0694729 0.0529093 0.0673740 0.0580526 0.0803444 0.0668021 0.0396001 0.0529413 0.0505066 0.0702664 0.0333660 0.0868136 0.0393322 0.0434308 0.0672186 0.0825666 0.0501042 0.0248816 0.0627961 0.0618042 0.0143435 0.0528842 0.0505066 0.0600773 0.0253577 0.0903806 0.0795517 0.0724445 0.0361945 0.0556713 0.0601062 0.0066312 0.0780813 0.0755097 
Perityle_dissecta_201                      0.4158045 0.3108901 0.4754593 0.3758701 0.4183777 0.2797859 0.4893282 0.2688357 0.4497546 0.3280496 0.4826527 0.4814412 0.4734579 0.4696521 0.3887086 0.4829394 0.4567851 0.4684733 0.4503129 0.4867981 0.4706288 0.4735323 0.4135034 0.4464567 0.4384575 0.0321051 0.4872073 0.4790163 0.0616303 0.3913460 0.4140426 0.4693677 0.3682213 0.3934981 0.0000000 0.4967892 0.4470715 0.5089992 0.4458573 0.4861701 0.0408942 0.4937435 0.4665552 0.4903992 0.5111949 0.4796718 0.4690240 0.4752840 0.4897079 0.4784569 0.4667635 0.4708930 0.4892100 0.4489672 0.4902830 0.3228549 0.3741378 0.4789657 0.4583006 0.4201711 0.3054215 0.5026235 0.2838842 0.4807005 0.4961695 0.4325153 0.5021428 0.2753947 0.4960619 0.4861667 0.4288144 0.4763872 0.4741540 0.4347639 0.3067901 0.4602820 0.5038850 0.4835078 0.4337897 0.4043649 0.4777915 0.4706145 0.3313867 0.3431028 
Perityle_feddemae_99                       0.0860008 0.0626303 0.0921891 0.1687891 0.0777865 0.0685336 0.1162138 0.1100939 0.3098636 0.0583917 0.0933308 0.0835983 0.0773957 0.0758437 0.0489775 0.0910543 0.0785483 0.0973387 0.0799521 0.0784722 0.0871051 0.0749435 0.1545396 0.0711223 0.0736228 0.3648766 0.0903650 0.0990326 0.4319182 0.0747760 0.1650463 0.0989912 0.0617147 0.0817652 0.4967892 0.0000000 0.0848959 0.0937120 0.0889258 0.0784679 0.4401404 0.0226851 0.0720861 0.0154676 0.0973475 0.0736879 0.0744960 0.0785800 0.0227340 0.0771447 0.0828014 0.0734126 0.0906367 0.0748396 0.0848578 0.0617843 0.0468282 0.0783996 0.0725742 0.0802137 0.0461374 0.0808168 0.0545980 0.0783296 0.0919148 0.0939938 0.0988451 0.0559631 0.0855315 0.0769662 0.0879877 0.0744745 0.0744960 0.0681955 0.0391172 0.1087489 0.0863689 0.0866597 0.0716062 0.0539010 0.0797944 0.0954042 0.0646528 0.0531319 
Perityle_fosteri_93                        0.0562868 0.0624912 0.0770537 0.1580841 0.0545908 0.0481379 0.1042338 0.0947896 0.2972714 0.0554412 0.0836326 0.0778700 0.0259486 0.0275221 0.0304856 0.0445834 0.0275160 0.0958939 0.0784869 0.0236743 0.0339343 0.0300469 0.1256475 0.0366920 0.0231778 0.3532779 0.0403666 0.0564054 0.3794951 0.0653951 0.1584984 0.1002071 0.0561881 0.0698034 0.4470715 0.0848959 0.0000000 0.0811823 0.0457315 0.0292922 0.4143558 0.0780651 0.0274660 0.0835997 0.0907777 0.0673580 0.0274660 0.0313351 0.0768987 0.0767696 0.0509645 0.0275541 0.0430355 0.0248399 0.0756290 0.0430999 0.0272764 0.0325702 0.0287969 0.0560901 0.0578375 0.0929747 0.0176739 0.0723966 0.0443708 0.0744569 0.0976308 0.0166654 0.0276566 0.0279327 0.0720471 0.0300127 0.0287467 0.0270323 0.0117438 0.0969469 0.0823338 0.0352538 0.0689203 0.0574020 0.0338860 0.0772553 0.0603110 0.0531511 
Perityle_gamon_221                         0.0958046 0.0629890 0.0988446 0.1702175 0.0744196 0.0727387 0.1267995 0.1091651 0.2943825 0.0613629 0.0874004 0.0855504 0.0729520 0.0785634 0.0495179 0.0919678 0.0801276 0.1067503 0.0414796 0.0798583 0.0834458 0.0776635 0.1583473 0.0841816 0.0719735 0.3694173 0.0827447 0.1061544 0.4142924 0.0764136 0.1732142 0.1066025 0.0772087 0.0854567 0.5089992 0.0937120 0.0811823 0.0000000 0.0883654 0.0848427 0.4373935 0.0839868 0.0759474 0.0882938 0.0328408 0.0765316 0.0784652 0.0799433 0.0799735 0.0797874 0.0937745 0.0772157 0.0871862 0.0780351 0.0901227 0.0662610 0.0524602 0.0784150 0.0780521 0.0686419 0.0451542 0.1001533 0.0503976 0.0799848 0.0856033 0.0919727 0.0988728 0.0462383 0.0845333 0.0832238 0.0878990 0.0784409 0.0784652 0.0685812 0.0480757 0.1004334 0.0439177 0.0871615 0.0700671 0.0480983 0.0841615 0.0962635 0.0594210 0.0438398 
Perityle_gentryi_8_san_francisco           0.0646246 0.0626735 0.0838887 0.1588459 0.0577734 0.0416316 0.1018628 0.0988598 0.2945193 0.0441790 0.0889865 0.0804171 0.0377720 0.0351547 0.0368987 0.0263596 0.0338795 0.1045306 0.0867507 0.0402690 0.0454984 0.0376958 0.1259092 0.0443270 0.0337584 0.3525499 0.0455186 0.0562851 0.3954798 0.0638568 0.1494671 0.1000909 0.0544062 0.0700885 0.4458573 0.0889258 0.0457315 0.0883654 0.0000000 0.0396576 0.4190919 0.0807282 0.0350839 0.0889866 0.0936546 0.0712226 0.0350839 0.0403252 0.0809103 0.0832871 0.0581968 0.0326381 0.0482113 0.0398456 0.0841738 0.0371477 0.0290631 0.0376681 0.0367907 0.0641319 0.0498045 0.0997539 0.0140778 0.0749431 0.0481992 0.0776063 0.1046316 0.0082762 0.0431213 0.0382600 0.0753949 0.0376527 0.0363779 0.0352544 0.0117777 0.1023196 0.0918691 0.0481484 0.0732971 0.0593221 0.0415681 0.0799840 0.0695487 0.0510315 
Perityle_gilensis_22_Superstition          0.0590228 0.0624876 0.0747706 0.1690528 0.0577091 0.0481352 0.0953228 0.0947821 0.3001238 0.0583920 0.0745423 0.0728870 0.0225649 0.0205687 0.0305300 0.0419845 0.0225720 0.0869792 0.0801184 0.0242457 0.0269517 0.0243710 0.1285751 0.0338863 0.0208705 0.3625196 0.0390966 0.0496118 0.4089959 0.0603201 0.1584782 0.0934464 0.0525308 0.0618042 0.4861701 0.0784679 0.0292922 0.0848427 0.0396576 0.0000000 0.4232435 0.0718504 0.0218282 0.0785550 0.0950156 0.0624671 0.0229928 0.0267406 0.0693907 0.0638794 0.0481250 0.0230471 0.0416770 0.0302800 0.0759984 0.0451565 0.0255534 0.0266818 0.0240671 0.0669429 0.0578333 0.0901892 0.0176730 0.0675966 0.0415644 0.0713370 0.0936445 0.0124532 0.0318588 0.0011899 0.0674990 0.0242154 0.0229928 0.0232148 0.0117433 0.0889877 0.0811069 0.0380125 0.0630961 0.0556088 0.0267158 0.0696251 0.0626011 0.0575612 
Perityle_gilensis_salensis_225             0.3790532 0.3134693 0.4154325 0.3791963 0.3952706 0.2890658 0.4282578 0.2714840 0.3960394 0.3253125 0.4158036 0.4239831 0.4168002 0.4171021 0.3898271 0.4238133 0.4223339 0.3930565 0.4376630 0.4215623 0.4167977 0.4107226 0.4183795 0.4219303 0.4123640 0.0280135 0.4296433 0.4193527 0.0682178 0.3562205 0.3990835 0.4125806 0.3795164 0.3760702 0.0408942 0.4401404 0.4143558 0.4373935 0.4190919 0.4232435 0.0000000 0.4390393 0.4107226 0.4352874 0.4424349 0.4290842 0.4107226 0.4141915 0.4351780 0.4151032 0.4168099 0.4101535 0.4317387 0.4200929 0.4371990 0.3321285 0.3807984 0.4191871 0.4107226 0.3819232 0.3056678 0.4424484 0.2941874 0.4253160 0.4266554 0.4020031 0.4384466 0.2817877 0.4210513 0.4232394 0.4004902 0.4134778 0.4107226 0.4148746 0.3136973 0.4278071 0.4313104 0.4157381 0.4232904 0.3749216 0.4143836 0.4043052 0.3394307 0.3494343 
Perityle_glaucescens_94                    0.0777494 0.0658115 0.0855287 0.1640001 0.0731679 0.0650781 0.1098595 0.1103233 0.3083241 0.0557336 0.0866756 0.0756496 0.0719808 0.0693318 0.0492009 0.0856970 0.0731382 0.0944251 0.0736126 0.0758254 0.0817707 0.0697076 0.1490938 0.0665738 0.0680374 0.3674442 0.0850505 0.0923458 0.4246336 0.0764431 0.1604368 0.0961757 0.0636624 0.0747512 0.4937435 0.0226851 0.0780651 0.0839868 0.0807282 0.0718504 0.4390393 0.0000000 0.0668858 0.0251241 0.0890086 0.0656234 0.0692926 0.0733386 0.0178892 0.0706428 0.0785838 0.0682018 0.0865914 0.0663713 0.0762455 0.0556903 0.0450285 0.0731710 0.0685218 0.0722423 0.0422617 0.0767779 0.0546445 0.0704257 0.0864277 0.0890957 0.0921347 0.0516183 0.0763163 0.0703749 0.0817264 0.0705688 0.0692926 0.0681869 0.0422542 0.1016864 0.0785920 0.0761394 0.0647404 0.0539351 0.0745510 0.0913463 0.0533196 0.0467183 
Perityle_gracilis_11                       0.0484281 0.0532865 0.0684852 0.1550887 0.0501880 0.0415164 0.0862321 0.0872099 0.2851995 0.0412043 0.0708195 0.0665788 0.0098214 0.0166467 0.0367023 0.0363857 0.0171681 0.0843484 0.0703166 0.0190411 0.0252557 0.0023597 0.1173861 0.0224015 0.0153278 0.3462591 0.0336777 0.0438767 0.3953736 0.0566483 0.1440321 0.0876803 0.0488789 0.0505066 0.4665552 0.0720861 0.0274660 0.0759474 0.0350839 0.0218282 0.4107226 0.0668858 0.0000000 0.0721643 0.0864993 0.0550573 0.0011750 0.0059074 0.0631912 0.0616961 0.0348020 0.0070941 0.0362002 0.0221847 0.0691973 0.0311038 0.0220811 0.0047123 0.0012281 0.0532391 0.0459264 0.0820533 0.0105481 0.0613978 0.0372495 0.0664222 0.0868520 0.0041335 0.0252718 0.0205553 0.0597413 0.0023523 0.0011750 0.0200834 0.0000010 0.0874398 0.0721119 0.0313100 0.0564669 0.0519760 0.0059006 0.0633889 0.0510305 0.0421788 
Perityle_harkerae_31                       0.0810809 0.0595306 0.0922921 0.1637539 0.0763289 0.0650287 0.1146778 0.1063795 0.3147037 0.0584315 0.0934350 0.0823408 0.0774832 0.0759263 0.0553297 0.0871637 0.0772693 0.0973919 0.0735484 0.0785613 0.0872021 0.0750254 0.1459826 0.0665551 0.0722926 0.3663205 0.0878333 0.0991444 0.4271165 0.0729581 0.1602796 0.0990591 0.0635256 0.0746731 0.4903992 0.0154676 0.0835997 0.0882938 0.0889866 0.0785550 0.4352874 0.0251241 0.0721643 0.0000000 0.0961866 0.0724032 0.0745769 0.0786660 0.0215429 0.0772288 0.0828987 0.0734924 0.0893886 0.0734877 0.0849183 0.0596555 0.0468092 0.0771749 0.0712301 0.0754302 0.0422251 0.0809069 0.0545980 0.0770747 0.0893029 0.0908644 0.0989565 0.0515664 0.0856263 0.0770513 0.0818194 0.0758619 0.0745769 0.0668016 0.0391172 0.1073095 0.0852601 0.0867556 0.0688904 0.0557500 0.0798817 0.0888206 0.0576660 0.0487596 
Perityle_hofmeisteria_4_nombre_de_dios     0.1005358 0.0601288 0.1066297 0.1655061 0.0768853 0.0729102 0.1298435 0.1064047 0.2874841 0.0614675 0.0966949 0.0931952 0.0852630 0.0905168 0.0371279 0.0997625 0.0895575 0.1198775 0.0528648 0.0932493 0.0955838 0.0882656 0.1623713 0.0909500 0.0848685 0.3546280 0.0989989 0.1155707 0.4096796 0.0789185 0.1737212 0.1129157 0.0755520 0.0888417 0.5111949 0.0973475 0.0907777 0.0328408 0.0936546 0.0950156 0.4424349 0.0890086 0.0864993 0.0961866 0.0000000 0.0842528 0.0889941 0.0904901 0.0878372 0.0902429 0.1077552 0.0892232 0.1007600 0.0871081 0.0970517 0.0666335 0.0523274 0.0889372 0.0876020 0.0742638 0.0495533 0.1114450 0.0545808 0.0875510 0.0979738 0.0886543 0.1009593 0.0512041 0.0908560 0.0933741 0.0904965 0.0889667 0.0889941 0.0730623 0.0417539 0.1023707 0.0556288 0.0977928 0.0779045 0.0519788 0.0947304 0.1067739 0.0704284 0.0440055 
