84
Amauria_brandeegeana_62                    0.0000000 0.2218112 0.1086167 0.4876412 0.2157299 0.1131975 0.1069831 0.1770649 0.1919650 0.0686586 0.1168168 0.1232455 0.1775429 0.1060300 0.1497740 0.1056998 0.1532625 0.0888226 0.1180237 0.1214193 0.1158771 0.1127990 0.1138777 0.1165287 0.1140824 0.1151453 0.1198408 0.1372935 0.2692815 0.2318605 0.1062769 0.1129433 0.0060434 0.1070557 0.1148940 0.1148125 0.1059409 0.1254387 0.1076172 0.1102906 0.1164293 0.1175842 0.1177433 0.1180196 0.1290464 0.1521432 0.1156977 0.1126953 0.1144987 0.1196424 0.1178594 0.1157956 0.1617874 0.1177281 0.2200402 0.4359500 0.1291645 0.1127843 0.1127885 0.2479468 0.1198414 0.1004816 0.2017424 0.1162536 0.1295357 0.1252850 0.2489260 0.2448899 0.1091375 0.1159858 0.1049385 0.1176700 0.1147101 0.1101657 0.2177113 0.0998963 0.1246126 0.1246385 0.1176699 0.2695602 0.1119857 0.1095352 0.1126504 0.1225471 
Amauria_carterae_99_mesa                   0.2218112 0.0000000 0.1845823 0.3890391 0.1968819 0.1906256 0.2289722 0.2418338 0.2372878 0.2214554 0.2490909 0.2416968 0.2526622 0.2238817 0.2301699 0.2118177 0.2364441 0.2121963 0.2358033 0.2232444 0.2303904 0.2286325 0.2368736 0.2412838 0.2354827 0.2336571 0.2437473 0.2583147 0.2604964 0.1200470 0.2146159 0.2400302 0.2168865 0.2194439 0.2143964 0.2316981 0.2188697 0.2452653 0.2099205 0.2338200 0.2494034 0.2399138 0.2461174 0.2408602 0.2250662 0.2892148 0.2398585 0.2331482 0.2341195 0.2313326 0.2373379 0.2327928 0.2752503 0.2389562 0.2217435 0.3153272 0.1877352 0.2334103 0.2334103 0.2216765 0.2420713 0.2154169 0.1614462 0.2359130 0.2422795 0.2364054 0.2383085 0.2383541 0.2253772 0.2481745 0.2212803 0.2310609 0.2423816 0.2331227 0.3381785 0.2248887 0.2392067 0.2535338 0.2384868 0.1878562 0.2335523 0.2223301 0.2547308 0.1952573 
Amauria_rotundifolia_SRR9119150            0.1086167 0.1845823 0.0000000 0.4855426 0.2595402 0.1239947 0.1327647 0.1891294 0.1947274 0.1808901 0.1755350 0.1333976 0.1934428 0.1240574 0.1566522 0.1220083 0.1611945 0.1106050 0.1357260 0.1369896 0.1306868 0.1625163 0.1281554 0.1228007 0.1269529 0.1393293 0.1434434 0.2340052 0.2858621 0.2095756 0.1261618 0.1353854 0.1065397 0.1135546 0.0833936 0.1496673 0.1276580 0.1696059 0.1217996 0.1249933 0.1416941 0.1488950 0.1361318 0.1539734 0.1226638 0.2322205 0.1294693 0.1526073 0.1302548 0.1249561 0.1199941 0.1297433 0.2015491 0.1274028 0.2484371 0.4457934 0.1004015 0.1271831 0.1271878 0.3166276 0.1401890 0.1347217 0.2300052 0.1364047 0.1996656 0.1342892 0.2948061 0.3094242 0.1652689 0.2021538 0.1250071 0.1269469 0.1247063 0.1199222 0.2000729 0.1526935 0.1363702 0.1342411 0.1360902 0.2831527 0.1281614 0.1304113 0.1452998 0.1113161 
Conoclinium_coelestinum_SRR9119114         0.4876412 0.3890391 0.4855426 0.0000000 0.4319331 0.3498111 0.4539600 0.3319130 0.5307027 0.5051678 0.5250183 0.4790704 0.4084830 0.4629334 0.4457336 0.5062591 0.4265643 0.4809783 0.4754577 0.4119105 0.4590724 0.4911227 0.4736527 0.4928831 0.4647613 0.4839601 0.4762996 0.5523738 0.4005135 0.3676628 0.4952331 0.4990667 0.4852388 0.4568188 0.5144708 0.4885631 0.4631708 0.5126624 0.4684148 0.4675397 0.4709245 0.5001407 0.4654830 0.4898342 0.4728742 0.5066517 0.4658272 0.4622840 0.4427860 0.4775166 0.4595236 0.4635284 0.4313268 0.4642009 0.4556387 0.4597509 0.3747932 0.4568303 0.4599388 0.4872458 0.3981297 0.4874368 0.3398683 0.4777713 0.5363720 0.4608786 0.4600743 0.5492834 0.4680988 0.4833407 0.5027954 0.4634534 0.4598464 0.4700170 0.6183565 0.5175981 0.5056648 0.4630467 0.4734369 0.4079223 0.4656199 0.4548310 0.5035843 0.3933773 
Eutetras_palmeri_63                        0.2157299 0.1968819 0.2595402 0.4319331 0.0000000 0.2290981 0.2392640 0.1943973 0.2150099 0.2795430 0.2884587 0.2914224 0.1910047 0.2770439 0.1718571 0.2758031 0.2142148 0.1940782 0.2649742 0.2501971 0.2773674 0.2895099 0.2906691 0.2900964 0.2816985 0.2918132 0.2757891 0.2832298 0.1476406 0.1743143 0.2493380 0.2634512 0.2168080 0.2671137 0.2743044 0.2886581 0.2700355 0.3319749 0.2293392 0.2755747 0.2745144 0.2938438 0.2883235 0.2786222 0.2859745 0.2758771 0.2866048 0.2817569 0.2394431 0.2760938 0.2462362 0.2797406 0.2157743 0.2831848 0.2003051 0.3026437 0.2576545 0.2818238 0.2820327 0.1597373 0.2742413 0.2134430 0.1078785 0.2783224 0.2711810 0.2326955 0.1824875 0.1766672 0.2370605 0.2751464 0.2210793 0.2799173 0.2859199 0.2780328 0.3380367 0.2715065 0.2933329 0.2833360 0.2775601 0.1714797 0.2894534 0.2792367 0.2819962 0.2708810 
Eutetras_pringlei_149_quer                 0.1131975 0.1906256 0.1239947 0.3498111 0.2290981 0.0000000 0.1185955 0.1566184 0.1774408 0.1255301 0.0514957 0.1305281 0.1990775 0.1183159 0.1748571 0.1250188 0.1649630 0.1074059 0.1273420 0.1454434 0.1331319 0.1272439 0.1274130 0.1225376 0.1298672 0.1435274 0.1456955 0.1077889 0.2930952 0.2369322 0.1132700 0.1183397 0.1104619 0.1147445 0.1125354 0.1226871 0.1270943 0.1216727 0.1250797 0.1209240 0.1219419 0.1230116 0.1325982 0.1285193 0.1237980 0.1362397 0.1296762 0.1301729 0.1254872 0.1304126 0.1236264 0.1328017 0.1933972 0.1271857 0.2140342 0.4136171 0.1284952 0.1303654 0.1303654 0.2343167 0.1246843 0.1246761 0.1548303 0.1303484 0.0992842 0.1406108 0.2601218 0.2442030 0.1178237 0.1272514 0.1248496 0.1390420 0.1328723 0.1297841 0.1500501 0.0626153 0.1305325 0.1157870 0.1331948 0.2194632 0.1303654 0.1212078 0.1341557 0.1152839 
Eutrochium_fistulosum_SRR9119106           0.1069831 0.2289722 0.1327647 0.4539600 0.2392640 0.1185955 0.0000000 0.1797696 0.2002872 0.1580831 0.1673504 0.1477536 0.1969789 0.1459752 0.1717698 0.1302985 0.1880081 0.1022994 0.1471475 0.1509043 0.1397636 0.1577957 0.1488675 0.1314270 0.1456879 0.1554384 0.1493804 0.1759807 0.2523200 0.2325513 0.1273324 0.1341484 0.1216569 0.1343828 0.1357203 0.1340278 0.1363710 0.1372982 0.1408321 0.1432570 0.1397907 0.1470466 0.1419530 0.1450482 0.1414230 0.2103588 0.1384761 0.1529679 0.1344582 0.1508854 0.1370009 0.1458352 0.1917504 0.1453270 0.2489195 0.4259091 0.1599536 0.1425328 0.1443262 0.2923425 0.1533147 0.1355692 0.1887487 0.1459098 0.1474673 0.1483705 0.2618377 0.3027889 0.1605044 0.1747796 0.1410806 0.1457862 0.1414161 0.1435867 0.2878331 0.1515663 0.1444124 0.1383276 0.1434824 0.2889268 0.1452311 0.1374118 0.1745333 0.1543309 
Galeana_pratensis_104_mex                  0.1770649 0.2418338 0.1891294 0.3319130 0.1943973 0.1566184 0.1797696 0.0000000 0.2164726 0.1771844 0.1584619 0.2167757 0.1978474 0.1982986 0.1870056 0.2069830 0.1601399 0.1402170 0.2054549 0.2160260 0.2208648 0.2057681 0.2138355 0.2077645 0.2165095 0.2306091 0.2043228 0.1789969 0.2159972 0.2724421 0.1437390 0.1681657 0.1774175 0.2011518 0.1753566 0.1893476 0.2131711 0.1954296 0.2064183 0.2051775 0.2131135 0.1934856 0.2120546 0.2010923 0.2015403 0.2208681 0.2161169 0.2171246 0.1933466 0.2166481 0.2083719 0.2163631 0.2000674 0.2094091 0.2045143 0.3385635 0.2058416 0.2175208 0.2175208 0.2216138 0.1643887 0.1760582 0.2020131 0.2021416 0.1717209 0.2228254 0.2227642 0.2104023 0.2048662 0.2131135 0.1718210 0.2241537 0.2203249 0.2083271 0.2208438 0.1721578 0.2031052 0.1993380 0.2210728 0.2047597 0.2175208 0.2094261 0.1963677 0.2019320 
Helianthus_annuus_SRR9119062               0.1919650 0.2372878 0.1947274 0.5307027 0.2150099 0.1774408 0.2002872 0.2164726 0.0000000 0.2495881 0.2638794 0.1856353 0.2218731 0.1855868 0.1827447 0.1918073 0.1939815 0.1564879 0.2054511 0.2149910 0.1848640 0.2068505 0.1800364 0.1767063 0.1888433 0.1897030 0.1870941 0.2769515 0.2804677 0.2118077 0.1940016 0.2077202 0.2016128 0.1745249 0.1962425 0.1836626 0.1810527 0.1869818 0.2000504 0.1761668 0.1789292 0.1863894 0.1832604 0.1841251 0.1949457 0.3010196 0.1813644 0.2119309 0.1865433 0.1816291 0.1797594 0.1837258 0.2235538 0.1829851 0.2604559 0.4256897 0.1960032 0.1889034 0.1907767 0.3083049 0.2535027 0.1923699 0.1833716 0.1918162 0.2352618 0.1958225 0.2549393 0.3073980 0.2247582 0.2518523 0.2098291 0.1924847 0.1846552 0.1890129 0.3110666 0.2538268 0.1991379 0.1695080 0.1911685 0.2628580 0.1832175 0.1804310 0.2398366 0.2139166 
Lycapsus_tenuifolius_17                    0.0686586 0.2214554 0.1808901 0.5051678 0.2795430 0.1255301 0.1580831 0.1771844 0.2495881 0.0000000 0.2258940 0.2182363 0.2559903 0.2051675 0.2223847 0.1868507 0.2535443 0.1318051 0.1968093 0.1374840 0.2005545 0.2363413 0.2098984 0.2148372 0.2109291 0.2177554 0.1964402 0.2487504 0.3073958 0.2398830 0.1922939 0.1989456 0.0541909 0.1925234 0.1694862 0.2024453 0.1992030 0.2255578 0.1664758 0.1974220 0.2296348 0.1997396 0.2112750 0.1994599 0.1956105 0.2939531 0.2122959 0.2319689 0.1267428 0.2076931 0.1833678 0.2107251 0.2737043 0.2100407 0.3094920 0.4344248 0.1453853 0.2100915 0.2099113 0.3275727 0.1162098 0.1415014 0.1958663 0.2162002 0.2126614 0.1700314 0.3403495 0.3312610 0.2041480 0.2676675 0.1226984 0.2159651 0.2050563 0.1991993 0.2701799 0.2089384 0.1878884 0.2156962 0.2109893 0.2724592 0.2133881 0.2077095 0.1970192 0.1405444 
Pericome_caudata_50_silver                 0.1168168 0.2490909 0.1755350 0.5250183 0.2884587 0.0514957 0.1673504 0.1584619 0.2638794 0.2258940 0.0000000 0.2027118 0.2586706 0.1902573 0.1588359 0.1546426 0.2420940 0.0827347 0.1632021 0.1770559 0.1597156 0.1726238 0.2031114 0.1633520 0.2006060 0.2101210 0.2175894 0.2367293 0.3310244 0.2248910 0.1328317 0.1462020 0.1684207 0.1543219 0.1821654 0.1605781 0.1618659 0.2167342 0.1992423 0.1914022 0.1638316 0.1913899 0.2005052 0.1984751 0.2050859 0.2139105 0.1958771 0.2039563 0.1588674 0.1734719 0.1877808 0.1975122 0.2476451 0.1604264 0.2618937 0.4420404 0.1658368 0.1962141 0.1994001 0.3232176 0.1201166 0.1651732 0.1677331 0.2047640 0.2261695 0.2049161 0.3125388 0.3427152 0.1933824 0.2079498 0.1636077 0.2022022 0.1629579 0.1665883 0.2756860 0.0734674 0.1880310 0.1946787 0.1764384 0.2643163 0.2026066 0.1821239 0.1817220 0.1262470 
Perityle_aglossa_84_dead_horse             0.1232455 0.2416968 0.1333976 0.4790704 0.2914224 0.1305281 0.1477536 0.2167757 0.1856353 0.2182363 0.2027118 0.0000000 0.1495976 0.0479712 0.1088583 0.1089730 0.1114447 0.1146018 0.0997049 0.0545103 0.0391826 0.0677686 0.0377612 0.0259360 0.0415495 0.0677960 0.0807488 0.2637731 0.2757249 0.2291817 0.1350298 0.1376219 0.1391497 0.0386407 0.1489142 0.1344496 0.0425122 0.1300061 0.0962403 0.0345411 0.0675253 0.1337663 0.0459293 0.1304368 0.1025632 0.1924332 0.0458552 0.0632910 0.1100810 0.0517344 0.0335227 0.0361605 0.1403306 0.0449066 0.2384999 0.4237465 0.0519916 0.0490464 0.0447206 0.3305716 0.1568126 0.1298471 0.2162084 0.0566301 0.2411093 0.0684793 0.2874354 0.3729399 0.0884770 0.1195100 0.1339008 0.0436191 0.0408961 0.0457130 0.2183248 0.1790329 0.1224087 0.0461565 0.0300326 0.2728592 0.0471666 0.0618043 0.1772329 0.0549852 
Perityle_ajoensis_204                      0.1775429 0.2526622 0.1934428 0.4084830 0.1910047 0.1990775 0.1969789 0.1978474 0.2218731 0.2559903 0.2586706 0.1495976 0.0000000 0.1419630 0.0539785 0.1846857 0.0966999 0.1460435 0.1666299 0.1660325 0.1362841 0.1618627 0.1556517 0.1411329 0.1493933 0.1723400 0.1608873 0.2793941 0.2135724 0.2307203 0.1887298 0.1943265 0.2033579 0.1313491 0.1969598 0.1900829 0.1414140 0.1792690 0.2034125 0.1523224 0.1403029 0.2015430 0.1511413 0.2014760 0.1758512 0.2477218 0.1464701 0.1681103 0.1905987 0.1556649 0.1402789 0.1495669 0.0697441 0.1415147 0.1866761 0.3424645 0.1886247 0.1481990 0.1497858 0.2548947 0.2219210 0.1965568 0.0464991 0.1488405 0.2457719 0.1733000 0.1986999 0.2474048 0.1888687 0.2037661 0.1928249 0.1495685 0.1378198 0.1414301 0.3117484 0.2439396 0.2054185 0.1509757 0.1446112 0.2168356 0.1508260 0.1568895 0.2001636 0.1873678 
Perityle_ambrosiifolia_67_green            0.1060300 0.2238817 0.1240574 0.4629334 0.2770439 0.1183159 0.1459752 0.1982986 0.1855868 0.2051675 0.1902573 0.0479712 0.1419630 0.0000000 0.1069891 0.0946102 0.1077114 0.1084454 0.0825025 0.0514450 0.0354922 0.0537650 0.0376603 0.0365364 0.0403270 0.0600623 0.0761032 0.2685944 0.2715663 0.2155827 0.1309906 0.1347469 0.1236648 0.0410108 0.1506165 0.1198571 0.0389615 0.1215819 0.0859729 0.0322038 0.0601281 0.1191001 0.0468920 0.1194010 0.0867847 0.2068348 0.0435625 0.0508997 0.0944371 0.0470533 0.0334282 0.0286977 0.1375230 0.0409872 0.2387624 0.4283010 0.0412641 0.0361078 0.0318747 0.3307606 0.1377269 0.1233359 0.2037383 0.0554504 0.2471690 0.0488986 0.2810164 0.3660075 0.0639752 0.1109246 0.1290382 0.0392168 0.0456024 0.0336941 0.2257709 0.1730829 0.1126389 0.0449571 0.0577067 0.2675177 0.0342026 0.0504058 0.1729221 0.0398238 
Perityle_angustifolia_13_Eagle_creek       0.1497740 0.2301699 0.1566522 0.4457336 0.1718571 0.1748571 0.1717698 0.1870056 0.1827447 0.2223847 0.1588359 0.1088583 0.0539785 0.1069891 0.0000000 0.1557491 0.0270049 0.1179820 0.1472744 0.1233434 0.1126146 0.1109675 0.1119951 0.1118558 0.1086382 0.1328969 0.1223891 0.1958764 0.2121219 0.2181075 0.1344171 0.1424455 0.1520583 0.1031432 0.1544464 0.1752749 0.1051485 0.1510505 0.1580798 0.1079636 0.1093836 0.1788720 0.1123097 0.1770671 0.1479562 0.1127401 0.1085376 0.1108525 0.1767763 0.1130024 0.1068765 0.1029818 0.0589344 0.0937792 0.1228725 0.3186363 0.1554224 0.1090065 0.1109557 0.1571412 0.1883655 0.1474916 0.0351608 0.1036035 0.1900290 0.1340928 0.1771342 0.1605780 0.1068622 0.1108330 0.1533215 0.1106982 0.1105139 0.1144715 0.1642444 0.1475040 0.1737542 0.1101734 0.1182458 0.1798191 0.1100771 0.1226482 0.1494496 0.1578455 
Perityle_batopilensis_97                   0.1056998 0.2118177 0.1220083 0.5062591 0.2758031 0.1250188 0.1302985 0.2069830 0.1918073 0.1868507 0.1546426 0.1089730 0.1846857 0.0946102 0.1557491 0.0000000 0.1634117 0.1132539 0.1272485 0.1075346 0.0950065 0.1049382 0.0996647 0.1106640 0.1074053 0.1054687 0.1199924 0.2172805 0.2815576 0.2105115 0.1260193 0.1140135 0.1121252 0.0943674 0.1362520 0.1196720 0.1010933 0.1759572 0.0222805 0.0912411 0.1241579 0.1220173 0.1064715 0.1233762 0.1246679 0.1985499 0.1154428 0.1060809 0.1009769 0.1075118 0.0882637 0.0981379 0.1817502 0.1069430 0.2576506 0.4188989 0.1030545 0.1035750 0.1061305 0.3085865 0.1482677 0.1069165 0.2183113 0.1101789 0.2286316 0.0924671 0.2846533 0.3389279 0.0860228 0.1233412 0.1204891 0.1086226 0.1048402 0.0995205 0.2808131 0.1313876 0.1155286 0.1045598 0.1118243 0.2648738 0.1055569 0.0906950 0.1613509 0.0679194 
Perityle_bisetosa_9                        0.1532625 0.2364441 0.1611945 0.4265643 0.2142148 0.1649630 0.1880081 0.1601399 0.1939815 0.2535443 0.2420940 0.1114447 0.0966999 0.1077114 0.0270049 0.1634117 0.0000000 0.1201948 0.1611576 0.1309343 0.1101360 0.1353155 0.1056154 0.1166763 0.1135341 0.1259327 0.1416936 0.3022400 0.2070695 0.2213637 0.1547393 0.1602842 0.1728396 0.1058254 0.1824046 0.1776197 0.1090532 0.1944646 0.1517268 0.0981380 0.1382953 0.1740645 0.1114291 0.1729584 0.1521073 0.2852749 0.1112430 0.1305855 0.1666155 0.1201367 0.1071399 0.0992938 0.0837808 0.1101664 0.1644570 0.3478080 0.1514966 0.1064982 0.1088030 0.2681727 0.1738602 0.1710883 0.0456877 0.1196233 0.2900927 0.1297728 0.1951363 0.2947017 0.1512994 0.1811919 0.1630598 0.1121986 0.1171275 0.1104286 0.3084694 0.2188718 0.1735743 0.1133384 0.1250659 0.1930683 0.1119705 0.1183018 0.2011859 0.1485113 
Perityle_californica_76_positas            0.0888226 0.2121963 0.1106050 0.4809783 0.1940782 0.1074059 0.1022994 0.1402170 0.1564879 0.1318051 0.0827347 0.1146018 0.1460435 0.1084454 0.1179820 0.1132539 0.1201948 0.0000000 0.1229790 0.1257685 0.1208019 0.1125575 0.1137411 0.1112128 0.1122573 0.1239028 0.1128529 0.1237548 0.2511210 0.1819515 0.0277238 0.0672339 0.0898634 0.0999841 0.0946749 0.1052063 0.1084700 0.1148485 0.1154907 0.1093585 0.1047581 0.1073583 0.1141384 0.1132625 0.1238617 0.1126081 0.1121444 0.1145592 0.1139449 0.1169671 0.1103431 0.1101920 0.1409705 0.1084573 0.1747064 0.3505705 0.1411728 0.1125524 0.1146751 0.1892632 0.1227625 0.0994200 0.1386877 0.1065825 0.1180621 0.1193778 0.2175752 0.1885598 0.1081863 0.1125601 0.0944078 0.1165097 0.1142994 0.1144039 0.1488207 0.0844929 0.1182612 0.1076988 0.1209414 0.2129791 0.1157769 0.1129604 0.1256823 0.1226468 
Perityle_canescens_77                      0.1180237 0.2358033 0.1357260 0.4754577 0.2649742 0.1273420 0.1471475 0.2054549 0.2054511 0.1968093 0.1632021 0.0997049 0.1666299 0.0825025 0.1472744 0.1272485 0.1611576 0.1229790 0.0000000 0.0939913 0.0865778 0.0938255 0.0859385 0.0914608 0.0966425 0.1055539 0.0996194 0.2111789 0.2842477 0.2261292 0.1417279 0.1569582 0.1221788 0.0782818 0.1528483 0.1143239 0.0852331 0.1160189 0.1189825 0.0831033 0.0897588 0.1221593 0.0995845 0.1185032 0.0956551 0.1461648 0.0894653 0.0922596 0.1022840 0.0896483 0.0818808 0.0865215 0.1600185 0.0949004 0.2646044 0.4526822 0.0875248 0.0909346 0.0923718 0.3024424 0.1376398 0.1347843 0.2046548 0.0953033 0.2030711 0.0933700 0.2903729 0.3363111 0.0827121 0.0909089 0.1356929 0.0950099 0.0980067 0.0881079 0.2376493 0.1488156 0.1113559 0.0874727 0.1025872 0.2885258 0.0916230 0.0868558 0.1805789 0.0781159 
Perityle_castillonii_96                    0.1214193 0.2232444 0.1369896 0.4119105 0.2501971 0.1454434 0.1509043 0.2160260 0.2149910 0.1374840 0.1770559 0.0545103 0.1660325 0.0514450 0.1233434 0.1075346 0.1309343 0.1257685 0.0939913 0.0000000 0.0402513 0.0444747 0.0379032 0.0424649 0.0472558 0.0698988 0.0730559 0.2021986 0.2962197 0.2224071 0.1409056 0.1403065 0.1302948 0.0494420 0.1339358 0.1099057 0.0280100 0.0718747 0.1093555 0.0350851 0.0760082 0.1171689 0.0530448 0.1142484 0.0953835 0.1613386 0.0500374 0.0444492 0.1053960 0.0487857 0.0397883 0.0320535 0.1629103 0.0381614 0.2652567 0.4162628 0.0715899 0.0458670 0.0444711 0.3236315 0.1538061 0.1346041 0.2230053 0.0670492 0.1992157 0.0685409 0.2708674 0.3620744 0.0474192 0.0743629 0.1256575 0.0472097 0.0498329 0.0454977 0.2256407 0.1564970 0.1134399 0.0492243 0.0544350 0.2740919 0.0461955 0.0599203 0.1961697 0.0723437 
Perityle_cernua_84                         0.1158771 0.2303904 0.1306868 0.4590724 0.2773674 0.1331319 0.1397636 0.2208648 0.1848640 0.2005545 0.1597156 0.0391826 0.1362841 0.0354922 0.1126146 0.0950065 0.1101360 0.1208019 0.0865778 0.0402513 0.0000000 0.0319586 0.0218003 0.0295631 0.0343211 0.0630495 0.0685129 0.2298072 0.2781426 0.2217925 0.1318566 0.1345545 0.1267463 0.0321672 0.1363765 0.1135977 0.0319005 0.1025101 0.0966504 0.0219023 0.0474898 0.1130445 0.0402951 0.1146914 0.0842219 0.1457219 0.0343076 0.0307730 0.0896670 0.0390388 0.0276679 0.0272618 0.1307805 0.0357408 0.2428620 0.4345872 0.0539085 0.0331056 0.0307857 0.3151897 0.1469920 0.1181484 0.2219482 0.0449428 0.2270904 0.0597867 0.2869098 0.3580656 0.0396393 0.0497228 0.1245888 0.0365920 0.0322184 0.0407722 0.2090897 0.1344108 0.1046020 0.0346133 0.0474334 0.2761048 0.0309918 0.0521188 0.1676500 0.0547244 
Perityle_cfvillosa_25_tin                  0.1127990 0.2286325 0.1625163 0.4911227 0.2895099 0.1272439 0.1577957 0.2057681 0.2068505 0.2363413 0.1726238 0.0677686 0.1618627 0.0537650 0.1109675 0.1049382 0.1353155 0.1125575 0.0938255 0.0444747 0.0319586 0.0000000 0.0498975 0.0259042 0.0491525 0.0950010 0.1072689 0.2511128 0.2715687 0.2252291 0.1656932 0.1699124 0.1541465 0.0422129 0.1792977 0.1276793 0.0366525 0.1243480 0.1228109 0.0479947 0.0542407 0.1491413 0.0607637 0.1478370 0.0939238 0.1773732 0.0594351 0.0301898 0.1005014 0.0621298 0.0437556 0.0423637 0.1526055 0.0397156 0.2407713 0.4284407 0.0497082 0.0323867 0.0257900 0.3210632 0.1439934 0.1523968 0.2165156 0.0745259 0.2324583 0.0895602 0.2853007 0.3696266 0.0631114 0.0803545 0.1588331 0.0401216 0.0371927 0.0431701 0.2165269 0.1530475 0.1405755 0.0610753 0.0518989 0.2739946 0.0259162 0.0805328 0.1743529 0.0570363 
Perityle_coahuilensis_24                   0.1138777 0.2368736 0.1281554 0.4736527 0.2906691 0.1274130 0.1488675 0.2138355 0.1800364 0.2098984 0.2031114 0.0377612 0.1556517 0.0376603 0.1119951 0.0996647 0.1056154 0.1137411 0.0859385 0.0379032 0.0218003 0.0498975 0.0000000 0.0263137 0.0344390 0.0651708 0.0748181 0.2643567 0.2818018 0.2224188 0.1404370 0.1457814 0.1292403 0.0316481 0.1496462 0.1176522 0.0279940 0.1118281 0.0864546 0.0042111 0.0538305 0.1194053 0.0345323 0.1184989 0.0887711 0.1948486 0.0334090 0.0460436 0.0920454 0.0408809 0.0245555 0.0227560 0.1470144 0.0364085 0.2470407 0.4314739 0.0546617 0.0344351 0.0280488 0.3320879 0.1398351 0.1293009 0.2161323 0.0485195 0.2373559 0.0577045 0.2883349 0.3677866 0.0765625 0.1041506 0.1317992 0.0354524 0.0340366 0.0388525 0.2180805 0.1853755 0.1082013 0.0334790 0.0431982 0.2777904 0.0291516 0.0555164 0.1772080 0.0510867 
Perityle_cochisensis_44_cave_creek         0.1165287 0.2412838 0.1228007 0.4928831 0.2900964 0.1225376 0.1314270 0.2077645 0.1767063 0.2148372 0.1633520 0.0259360 0.1411329 0.0365364 0.1118558 0.1106640 0.1166763 0.1112128 0.0914608 0.0424649 0.0295631 0.0259042 0.0263137 0.0000000 0.0206221 0.0682659 0.0684822 0.1884185 0.2900891 0.2210577 0.1326668 0.1365083 0.1243706 0.0316360 0.1443594 0.1188430 0.0311360 0.1234605 0.1063680 0.0218238 0.0352678 0.1222160 0.0193106 0.1219277 0.0824805 0.0588632 0.0167181 0.0245501 0.1017532 0.0392826 0.0152927 0.0219223 0.1316860 0.0391738 0.2406747 0.4242820 0.0653186 0.0272116 0.0232499 0.2863199 0.1419174 0.1243003 0.2012253 0.0406058 0.1842876 0.0594625 0.2857790 0.3196927 0.0369297 0.0405708 0.1178430 0.0232327 0.0232337 0.0364755 0.1636217 0.1436991 0.1013075 0.0287794 0.0272256 0.2797130 0.0260690 0.0570047 0.1575939 0.0597834 
Perityle_congesta_202                      0.1140824 0.2354827 0.1269529 0.4647613 0.2816985 0.1298672 0.1456879 0.2165095 0.1888433 0.2109291 0.2006060 0.0415495 0.1493933 0.0403270 0.1086382 0.1074053 0.1135341 0.1122573 0.0966425 0.0472558 0.0343211 0.0491525 0.0344390 0.0206221 0.0000000 0.0731547 0.0782025 0.2661247 0.2779428 0.2249361 0.1320316 0.1386764 0.1294182 0.0397931 0.1487961 0.1235220 0.0366304 0.1242159 0.0947814 0.0311398 0.0565197 0.1248647 0.0203734 0.1240599 0.0949973 0.1833960 0.0371583 0.0464671 0.1019796 0.0459505 0.0232410 0.0255443 0.1430100 0.0396935 0.2322202 0.4182476 0.0582370 0.0297651 0.0255748 0.3336121 0.1467506 0.1230420 0.2159638 0.0575724 0.2413805 0.0658019 0.2887186 0.3673963 0.0856995 0.1061442 0.1255313 0.0203629 0.0125104 0.0359446 0.2085411 0.1802707 0.1161571 0.0374287 0.0483914 0.2757482 0.0299352 0.0626481 0.1722651 0.0547507 
Perityle_cordifolia_27                     0.1151453 0.2336571 0.1393293 0.4839601 0.2918132 0.1435274 0.1554384 0.2306091 0.1897030 0.2177554 0.2101210 0.0677960 0.1723400 0.0600623 0.1328969 0.1054687 0.1259327 0.1239028 0.1055539 0.0698988 0.0630495 0.0950010 0.0651708 0.0682659 0.0731547 0.0000000 0.0867991 0.2770249 0.2787913 0.2298154 0.1417208 0.1429822 0.1362736 0.0569914 0.1585947 0.1281637 0.0659397 0.1433648 0.0953052 0.0580182 0.0868786 0.1291807 0.0711495 0.1294993 0.1038321 0.2186247 0.0710148 0.0906203 0.1024722 0.0737350 0.0602924 0.0609314 0.1434862 0.0686194 0.2486995 0.4382366 0.0476032 0.0687328 0.0709144 0.3551768 0.1689072 0.1321376 0.2309739 0.0777174 0.2577628 0.0251433 0.2983942 0.3747883 0.0997073 0.1279199 0.1393438 0.0741513 0.0678163 0.0580411 0.2572333 0.1941268 0.1248881 0.0715259 0.0844294 0.2938192 0.0747330 0.0595415 0.1845661 0.0574883 
Perityle_cordifolia_68_tecolote            0.1198408 0.2437473 0.1434434 0.4762996 0.2757891 0.1456955 0.1493804 0.2043228 0.1870941 0.1964402 0.2175894 0.0807488 0.1608873 0.0761032 0.1223891 0.1199924 0.1416936 0.1128529 0.0996194 0.0730559 0.0685129 0.1072689 0.0748181 0.0684822 0.0782025 0.0867991 0.0000000 0.2714818 0.2777727 0.2219931 0.1453965 0.1541925 0.1362889 0.0660798 0.1645949 0.1409143 0.0761765 0.1251460 0.1094482 0.0618528 0.0965305 0.1375043 0.0818866 0.1376804 0.1164894 0.2285013 0.0841572 0.1036107 0.1101495 0.0827168 0.0604236 0.0725454 0.1625208 0.0690441 0.2526376 0.3986663 0.0648551 0.0806681 0.0829296 0.3317362 0.1539373 0.1265690 0.2224069 0.0876758 0.2466109 0.0673297 0.2689258 0.3759655 0.1060578 0.1394889 0.1292760 0.0839766 0.0745092 0.0734004 0.2368097 0.1910317 0.1318899 0.0754517 0.0914276 0.2757540 0.0857942 0.0723303 0.1880416 0.0636407 
Perityle_coronopifolia_28_patagonia        0.1372935 0.2583147 0.2340052 0.5523738 0.2832298 0.1077889 0.1759807 0.1789969 0.2769515 0.2487504 0.2367293 0.2637731 0.2793941 0.2685944 0.1958764 0.2172805 0.3022400 0.1237548 0.2111789 0.2021986 0.2298072 0.2511128 0.2643567 0.1884185 0.2661247 0.2770249 0.2714818 0.0000000 0.2898921 0.2159215 0.2337452 0.2318034 0.1889569 0.2060983 0.2166816 0.2333114 0.2246048 0.2461339 0.2417862 0.2562929 0.2304241 0.2687461 0.2630199 0.2703379 0.2632372 0.2795098 0.2751259 0.2601883 0.1927266 0.2530309 0.2479507 0.2676908 0.2707709 0.1953343 0.2797925 0.4296713 0.1661453 0.2635458 0.2666067 0.3221117 0.1066537 0.1709844 0.1913932 0.2673246 0.0321857 0.2493812 0.2738771 0.3638081 0.2599545 0.2804479 0.1922897 0.2659514 0.2208064 0.2214102 0.3097098 0.2322998 0.2954210 0.2562666 0.2339169 0.2508457 0.2719491 0.2445098 0.1799970 0.1550054 
Perityle_crassifolia_70_ventanas           0.2692815 0.2604964 0.2858621 0.4005135 0.1476406 0.2930952 0.2523200 0.2159972 0.2804677 0.3073958 0.3310244 0.2757249 0.2135724 0.2715663 0.2121219 0.2815576 0.2070695 0.2511210 0.2842477 0.2962197 0.2781426 0.2715687 0.2818018 0.2900891 0.2779428 0.2787913 0.2777727 0.2898921 0.0000000 0.1391364 0.2607597 0.2703048 0.2780056 0.2688824 0.2846057 0.2880051 0.2694865 0.2800909 0.2867828 0.2764783 0.2746819 0.2867495 0.2800500 0.2829963 0.2834245 0.3223714 0.2755081 0.2777627 0.2907234 0.2744541 0.2664351 0.2715657 0.1972302 0.2737073 0.2124606 0.3468173 0.2987665 0.2736080 0.2759799 0.2381383 0.3337633 0.2652284 0.1168429 0.2769531 0.2862760 0.2752132 0.1971124 0.2332853 0.2705839 0.2760401 0.2849523 0.2694394 0.2800111 0.2784064 0.4015670 0.3164987 0.3100426 0.2658793 0.2779788 0.2344718 0.2740801 0.2595399 0.3121237 0.3399913 
Perityle_crassifolia_74_playa_balandra     0.2318605 0.1200470 0.2095756 0.3676628 0.1743143 0.2369322 0.2325513 0.2724421 0.2118077 0.2398830 0.2248910 0.2291817 0.2307203 0.2155827 0.2181075 0.2105115 0.2213637 0.1819515 0.2261292 0.2224071 0.2217925 0.2252291 0.2224188 0.2210577 0.2249361 0.2298154 0.2219931 0.2159215 0.1391364 0.0000000 0.1768769 0.2158685 0.2323866 0.2077195 0.1427732 0.2218141 0.2151383 0.2233166 0.2106367 0.2181880 0.2165836 0.2260179 0.2278045 0.2318271 0.2188037 0.2151005 0.2245750 0.2284690 0.2283802 0.2157656 0.2176873 0.2180010 0.2530194 0.2153127 0.1900228 0.3360015 0.2334285 0.2288380 0.2288380 0.1813439 0.2619638 0.2026546 0.1669842 0.2192891 0.2108350 0.2307681 0.1960314 0.1817720 0.2147253 0.2187937 0.1556976 0.2322663 0.2283225 0.2111571 0.2946973 0.2243932 0.2414336 0.2094605 0.2253916 0.1769711 0.2288380 0.2086531 0.2559420 0.2087981 
Perityle_cuneata_34_cuneata_San_antonio    0.1062769 0.2146159 0.1261618 0.4952331 0.2493380 0.1132700 0.1273324 0.1437390 0.1940016 0.1922939 0.1328317 0.1350298 0.1887298 0.1309906 0.1344171 0.1260193 0.1547393 0.0277238 0.1417279 0.1409056 0.1318566 0.1656932 0.1404370 0.1326668 0.1320316 0.1417208 0.1453965 0.2337452 0.2607597 0.1768769 0.0000000 0.0638590 0.1168629 0.1175176 0.1183442 0.1342001 0.1318622 0.1977031 0.1291776 0.1288241 0.1256225 0.1326478 0.1332745 0.1395366 0.1387477 0.2065705 0.1304951 0.1633126 0.1254695 0.1417850 0.1241232 0.1363114 0.1725950 0.1320169 0.2023396 0.3800323 0.1479883 0.1322740 0.1352419 0.2599849 0.1263023 0.1104944 0.1382086 0.1411574 0.2095953 0.1293133 0.2658074 0.2876019 0.1851015 0.1893412 0.0913419 0.1379502 0.1282148 0.1301226 0.2522995 0.1291647 0.1339557 0.1303325 0.1401220 0.2372724 0.1377758 0.1295840 0.1622493 0.1290715 
Perityle_cuneata_4                         0.1129433 0.2400302 0.1353854 0.4990667 0.2634512 0.1183397 0.1341484 0.1681657 0.2077202 0.1989456 0.1462020 0.1376219 0.1943265 0.1347469 0.1424455 0.1140135 0.1602842 0.0672339 0.1569582 0.1403065 0.1345545 0.1699124 0.1457814 0.1365083 0.1386764 0.1429822 0.1541925 0.2318034 0.2703048 0.2158685 0.0638590 0.0000000 0.1213778 0.1264787 0.1194568 0.1371683 0.1375301 0.2080981 0.1208723 0.1298183 0.1355550 0.1339751 0.1384390 0.1423973 0.1522062 0.2141609 0.1356335 0.1657064 0.1292371 0.1439514 0.1251675 0.1385829 0.1823170 0.1377236 0.2297631 0.4006813 0.1367539 0.1360325 0.1390036 0.2771885 0.1383821 0.1098194 0.1865095 0.1479458 0.2130304 0.1288318 0.2799676 0.3155699 0.1818460 0.1951006 0.1081235 0.1416542 0.1338486 0.1325903 0.2388012 0.1368555 0.1440509 0.1370044 0.1491581 0.2622579 0.1415896 0.1304650 0.1687126 0.1258814 
Perityle_discoidea_81                      0.0060434 0.2168865 0.1065397 0.4852388 0.2168080 0.1104619 0.1216569 0.1774175 0.2016128 0.0541909 0.1684207 0.1391497 0.2033579 0.1236648 0.1520583 0.1121252 0.1728396 0.0898634 0.1221788 0.1302948 0.1267463 0.1541465 0.1292403 0.1243706 0.1294182 0.1362736 0.1362889 0.1889569 0.2780056 0.2323866 0.1168629 0.1213778 0.0000000 0.1108525 0.1232382 0.1266580 0.1187511 0.1277726 0.1197346 0.1244098 0.1466871 0.1296139 0.1358164 0.1315846 0.1316377 0.2350494 0.1338331 0.1558524 0.1159565 0.1294915 0.1280907 0.1324338 0.1901258 0.1236388 0.2339763 0.4367840 0.1293918 0.1283006 0.1283054 0.2803354 0.1200502 0.1190979 0.2024255 0.1391481 0.1464669 0.1353294 0.2620639 0.2597556 0.1687170 0.2052069 0.1160380 0.1342276 0.1203640 0.1158057 0.2476178 0.1467826 0.1263454 0.1358584 0.1286937 0.2671981 0.1277855 0.1285894 0.1188189 0.1226494 
Perityle_dissecta_201                      0.1070557 0.2194439 0.1135546 0.4568188 0.2671137 0.1147445 0.1343828 0.2011518 0.1745249 0.1925234 0.1543219 0.0386407 0.1313491 0.0410108 0.1031432 0.0943674 0.1058254 0.0999841 0.0782818 0.0494420 0.0321672 0.0422129 0.0316481 0.0316360 0.0397931 0.0569914 0.0660798 0.2060983 0.2688824 0.2077195 0.1175176 0.1264787 0.1108525 0.0000000 0.1330574 0.1014745 0.0278042 0.1033531 0.0937155 0.0276625 0.0350270 0.1048497 0.0422054 0.1025534 0.0770383 0.1309921 0.0398480 0.0397273 0.0868932 0.0409830 0.0320305 0.0337290 0.1171795 0.0376404 0.2275846 0.4153300 0.0454341 0.0409604 0.0397687 0.2903124 0.1342537 0.1128185 0.1970364 0.0397814 0.1972706 0.0528315 0.2746685 0.3366889 0.0398636 0.0361143 0.1139793 0.0397163 0.0387928 0.0388180 0.2112607 0.1361114 0.0948315 0.0437784 0.0458601 0.2642250 0.0412534 0.0483121 0.1669273 0.0462466 
Perityle_emoryi_47_punta_san_jose          0.1148940 0.2143964 0.0833936 0.5144708 0.2743044 0.1125354 0.1357203 0.1753566 0.1962425 0.1694862 0.1821654 0.1489142 0.1969598 0.1506165 0.1544464 0.1362520 0.1824046 0.0946749 0.1528483 0.1339358 0.1363765 0.1792977 0.1496462 0.1443594 0.1487961 0.1585947 0.1645949 0.2166816 0.2846057 0.1427732 0.1183442 0.1194568 0.1232382 0.1330574 0.0000000 0.1493117 0.1419966 0.1929830 0.1287554 0.1343517 0.1404087 0.1573733 0.1515215 0.1601164 0.1517899 0.2164785 0.1485459 0.1847970 0.1266381 0.1516196 0.1268495 0.1546792 0.2079384 0.1503817 0.2573295 0.4136404 0.1337604 0.1489789 0.1520961 0.2903181 0.1255137 0.1150293 0.1807325 0.1567863 0.1892990 0.1402652 0.2849560 0.3207625 0.1759384 0.2002289 0.0396584 0.1502473 0.1463039 0.1418463 0.2537166 0.1671355 0.1554668 0.1471137 0.1483693 0.2721140 0.1531455 0.1466473 0.1748387 0.1309730 
Perityle_feddemae_99                       0.1148125 0.2316981 0.1496673 0.4885631 0.2886581 0.1226871 0.1340278 0.1893476 0.1836626 0.2024453 0.1605781 0.1344496 0.1900829 0.1198571 0.1752749 0.1196720 0.1776197 0.1052063 0.1143239 0.1099057 0.1135977 0.1276793 0.1176522 0.1188430 0.1235220 0.1281637 0.1409143 0.2333114 0.2880051 0.2218141 0.1342001 0.1371683 0.1266580 0.1014745 0.1493117 0.0000000 0.1112431 0.1522554 0.1145769 0.1071574 0.1300452 0.0225118 0.1316340 0.0257131 0.1269069 0.2295718 0.1250528 0.1209934 0.0191336 0.1247576 0.1090833 0.1193913 0.1834197 0.1181778 0.2575423 0.4272482 0.1033916 0.1172650 0.1197656 0.3142759 0.1158264 0.1105394 0.2125717 0.1248832 0.2335581 0.1132957 0.2871042 0.3590871 0.1039034 0.1340302 0.1324882 0.1245461 0.1154108 0.1142266 0.2731554 0.1524596 0.1060460 0.1208827 0.1405839 0.2749716 0.1218886 0.1173267 0.1904522 0.1017497 
Perityle_fosteri_93                        0.1059409 0.2188697 0.1276580 0.4631708 0.2700355 0.1270943 0.1363710 0.2131711 0.1810527 0.1992030 0.1618659 0.0425122 0.1414140 0.0389615 0.1051485 0.1010933 0.1090532 0.1084700 0.0852331 0.0280100 0.0319005 0.0366525 0.0279940 0.0311360 0.0366304 0.0659397 0.0761765 0.2246048 0.2694865 0.2151383 0.1318622 0.1375301 0.1187511 0.0278042 0.1419966 0.1112431 0.0000000 0.1157257 0.0939719 0.0242462 0.0552019 0.1132925 0.0401584 0.1123043 0.0891289 0.1353697 0.0389475 0.0343365 0.0866230 0.0355490 0.0300980 0.0219607 0.1276510 0.0283183 0.2330863 0.4081280 0.0561502 0.0389223 0.0343503 0.3021065 0.1338772 0.1147967 0.2032354 0.0435136 0.2272495 0.0598230 0.2792894 0.3521037 0.0335044 0.0574105 0.1142021 0.0354465 0.0382481 0.0335515 0.2147403 0.1439532 0.1026470 0.0415851 0.0448100 0.2618336 0.0357376 0.0552531 0.1691506 0.0592146 
Perityle_gamon_221                         0.1254387 0.2452653 0.1696059 0.5126624 0.3319749 0.1216727 0.1372982 0.1954296 0.1869818 0.2255578 0.2167342 0.1300061 0.1792690 0.1215819 0.1510505 0.1759572 0.1944646 0.1148485 0.1160189 0.0718747 0.1025101 0.1243480 0.1118281 0.1234605 0.1242159 0.1433648 0.1251460 0.2461339 0.2800909 0.2233166 0.1977031 0.2080981 0.1277726 0.1033531 0.1929830 0.1522554 0.1157257 0.0000000 0.1313082 0.0873860 0.1243910 0.1648308 0.1299010 0.1594358 0.1455577 0.1999214 0.1300969 0.1212703 0.0894667 0.1284961 0.0749820 0.1169464 0.2081792 0.1251307 0.2978802 0.4293420 0.0770307 0.1200261 0.1214142 0.3043195 0.1380849 0.1204141 0.2192203 0.1284678 0.2422265 0.0784903 0.3106489 0.3790990 0.0756751 0.1255620 0.1286654 0.1225889 0.1270614 0.1226743 0.2275393 0.2041021 0.1643290 0.1113477 0.1371891 0.2625152 0.1223211 0.1258547 0.2470629 0.0916685 
Perityle_gentryi_8_san_francisco           0.1076172 0.2099205 0.1217996 0.4684148 0.2293392 0.1250797 0.1408321 0.2064183 0.2000504 0.1664758 0.1992423 0.0962403 0.2034125 0.0859729 0.1580798 0.0222805 0.1517268 0.1154907 0.1189825 0.1093555 0.0966504 0.1228109 0.0864546 0.1063680 0.0947814 0.0953052 0.1094482 0.2417862 0.2867828 0.2106367 0.1291776 0.1208723 0.1197346 0.0937155 0.1287554 0.1145769 0.0939719 0.1313082 0.0000000 0.0852027 0.1186457 0.1194297 0.0951465 0.1142817 0.1168408 0.2539098 0.1000246 0.1182259 0.1009526 0.0981609 0.0890415 0.0871183 0.2005614 0.1071451 0.2569973 0.4067328 0.1053562 0.0961359 0.0961382 0.3270038 0.1517803 0.1204263 0.2120089 0.1014764 0.2223769 0.0885072 0.2661747 0.3069798 0.1304359 0.1706289 0.1293334 0.0960348 0.1034048 0.0962423 0.2896182 0.1795254 0.1131026 0.0931587 0.1038993 0.2620174 0.0955055 0.0835408 0.1615696 0.0683942 
Perityle_gilensis_22_Superstition          0.1102906 0.2338200 0.1249933 0.4675397 0.2755747 0.1209240 0.1432570 0.2051775 0.1761668 0.1974220 0.1914022 0.0345411 0.1523224 0.0322038 0.1079636 0.0912411 0.0981380 0.1093585 0.0831033 0.0350851 0.0219023 0.0479947 0.0042111 0.0218238 0.0311398 0.0580182 0.0618528 0.2562929 0.2764783 0.2181880 0.1288241 0.1298183 0.1244098 0.0276625 0.1343517 0.1071574 0.0242462 0.0873860 0.0852027 0.0000000 0.0495992 0.1083117 0.0312265 0.1087644 0.0782381 0.1920756 0.0289665 0.0452580 0.0873319 0.0363995 0.0222716 0.0191522 0.1419538 0.0284971 0.2394472 0.4257825 0.0502077 0.0267485 0.0267487 0.3339506 0.1360767 0.1241275 0.2089582 0.0455953 0.2298965 0.0539717 0.2846451 0.3598169 0.0740609 0.0991337 0.1283497 0.0321854 0.0265863 0.0315211 0.2120949 0.1711808 0.0980012 0.0268444 0.0386515 0.2739053 0.0267743 0.0491894 0.1714091 0.0468923 
Perityle_gilensis_salensis_225             0.1164293 0.2494034 0.1416941 0.4709245 0.2745144 0.1219419 0.1397907 0.2131135 0.1789292 0.2296348 0.1638316 0.0675253 0.1403029 0.0601281 0.1093836 0.1241579 0.1382953 0.1047581 0.0897588 0.0760082 0.0474898 0.0542407 0.0538305 0.0352678 0.0565197 0.0868786 0.0965305 0.2304241 0.2746819 0.2165836 0.1256225 0.1355550 0.1466871 0.0350270 0.1404087 0.1300452 0.0552019 0.1243910 0.1186457 0.0495992 0.0000000 0.1335595 0.0637992 0.1271593 0.1035108 0.1623761 0.0624832 0.0530007 0.0960832 0.0426040 0.0427324 0.0471858 0.1310152 0.0488330 0.2443965 0.4385661 0.0608483 0.0565725 0.0518559 0.3280376 0.1406965 0.1150961 0.2156446 0.0576352 0.2283230 0.0818046 0.2874976 0.3587329 0.0573781 0.0098397 0.1178339 0.0552623 0.0432049 0.0480251 0.2103121 0.1457229 0.1239190 0.0653851 0.0722914 0.2720048 0.0569287 0.0745497 0.1683686 0.0507274 
Perityle_glaucescens_94                    0.1175842 0.2399138 0.1488950 0.5001407 0.2938438 0.1230116 0.1470466 0.1934856 0.1863894 0.1997396 0.1913899 0.1337663 0.2015430 0.1191001 0.1788720 0.1220173 0.1740645 0.1073583 0.1221593 0.1171689 0.1130445 0.1491413 0.1194053 0.1222160 0.1248647 0.1291807 0.1375043 0.2687461 0.2867495 0.2260179 0.1326478 0.1339751 0.1296139 0.1048497 0.1573733 0.0225118 0.1132925 0.1648308 0.1194297 0.1083117 0.1335595 0.0000000 0.1300292 0.0262184 0.1257319 0.2761993 0.1263294 0.1452369 0.0206931 0.1282923 0.1101974 0.1210845 0.1913624 0.1226994 0.2626009 0.4282836 0.1131445 0.1178477 0.1214149 0.3343235 0.1122390 0.1244272 0.2117810 0.1275433 0.2509346 0.1168095 0.2879469 0.3783378 0.1461002 0.1820787 0.1392987 0.1259056 0.1175092 0.1164017 0.2991824 0.1853867 0.1025662 0.1200108 0.1429149 0.2774678 0.1234202 0.1240069 0.1865209 0.1041117 
Perityle_gracilis_11                       0.1177433 0.2461174 0.1361318 0.4654830 0.2883235 0.1325982 0.1419530 0.2120546 0.1832604 0.2112750 0.2005052 0.0459293 0.1511413 0.0468920 0.1123097 0.1064715 0.1114291 0.1141384 0.0995845 0.0530448 0.0402951 0.0607637 0.0345323 0.0193106 0.0203734 0.0711495 0.0818866 0.2630199 0.2800500 0.2278045 0.1332745 0.1384390 0.1358164 0.0422054 0.1515215 0.1316340 0.0401584 0.1299010 0.0951465 0.0312265 0.0637992 0.1300292 0.0000000 0.1316051 0.0976715 0.1837885 0.0350901 0.0565508 0.1097248 0.0483214 0.0278335 0.0298256 0.1415688 0.0422610 0.2341842 0.4287866 0.0604239 0.0425878 0.0383039 0.3396792 0.1496362 0.1261909 0.2153173 0.0598957 0.2435033 0.0648184 0.2885622 0.3665540 0.0896991 0.1134509 0.1269816 0.0371706 0.0159558 0.0371384 0.2119828 0.1832653 0.1175628 0.0439743 0.0520284 0.2781274 0.0417605 0.0628109 0.1751851 0.0613158 
Perityle_harkerae_31                       0.1180196 0.2408602 0.1539734 0.4898342 0.2786222 0.1285193 0.1450482 0.2010923 0.1841251 0.1994599 0.1984751 0.1304368 0.2014760 0.1194010 0.1770671 0.1233762 0.1729584 0.1132625 0.1185032 0.1142484 0.1146914 0.1478370 0.1184989 0.1219277 0.1240599 0.1294993 0.1376804 0.2703379 0.2829963 0.2318271 0.1395366 0.1423973 0.1315846 0.1025534 0.1601164 0.0257131 0.1123043 0.1594358 0.1142817 0.1087644 0.1271593 0.0262184 0.1316051 0.0000000 0.1268731 0.2772653 0.1265827 0.1440002 0.0081217 0.1271867 0.1054400 0.1201780 0.1944655 0.1223834 0.2615468 0.4210695 0.1127367 0.1181713 0.1205034 0.3332676 0.1219838 0.1273049 0.2181282 0.1277516 0.2495515 0.1131467 0.2899093 0.3701814 0.1379104 0.1768361 0.1406274 0.1237613 0.1165551 0.1139809 0.2950316 0.1892385 0.1017168 0.1179017 0.1390303 0.2768405 0.1224870 0.1203949 0.1890750 0.1109696 
Perityle_hofmeisteria_4_nombre_de_dios     0.1290464 0.2250662 0.1226638 0.4728742 0.2859745 0.1237980 0.1414230 0.2015403 0.1949457 0.1956105 0.2050859 0.1025632 0.1758512 0.0867847 0.1479562 0.1246679 0.1521073 0.1238617 0.0956551 0.0953835 0.0842219 0.0939238 0.0887711 0.0824805 0.0949973 0.1038321 0.1164894 0.2632372 0.2834245 0.2188037 0.1387477 0.1522062 0.1316377 0.0770383 0.1517899 0.1269069 0.0891289 0.1455577 0.1168408 0.0782381 0.1035108 0.1257319 0.0976715 0.1268731 0.0000000 0.2246701 0.0950703 0.1079830 0.1154300 0.0906907 0.0779487 0.0819064 0.1658568 0.0822177 0.2491585 0.4596070 0.0784830 0.0843920 0.0866996 0.3490514 0.1569850 0.1355883 0.2170094 0.0999728 0.2616709 0.0994261 0.2960501 0.3705631 0.1156820 0.1359400 0.1327417 0.0913399 0.0895870 0.0870755 0.2547867 0.1905038 0.1209753 0.0859735 0.1061387 0.2784977 0.0893210 0.0857589 0.1870060 0.0842227 
