84
Amauria_brandeegeana_62                    0.0000000 0.1675596 0.2744466 0.1247429 0.1750744 0.2215915 0.3122269 0.2726176 0.3130940 0.2503604 0.2865712 0.2965218 0.1358603 0.1857807 0.3135636 0.1422506 0.2532084 0.2474631 0.3050538 0.3098544 0.2480199 0.3096647 0.2742302 0.3192223 0.3155534 0.2707848 0.2072708 0.1821858 0.0984107 0.1903744 0.1835068 0.2828599 0.3069757 0.2424200 0.2710393 0.2301212 0.3178061 0.2454506 0.1835692 0.3186661 0.3005056 0.3216725 0.1557028 0.1836701 0.1938073 0.1882683 0.3093309 0.1608141 0.3149457 0.1826868 0.2941735 0.3118524 0.1580512 0.2370776 0.2140520 0.2646071 0.3411420 0.3099107 0.2231359 0.1475631 0.3070033 0.2508472 0.3116091 0.2250754 0.3309794 0.3028062 0.3063501 0.1989588 0.2854725 0.3080140 0.1793929 0.3241554 0.3192503 0.3043960 0.2347374 0.3176155 0.3780407 0.3018227 0.3270985 0.2572728 0.3275096 0.3193944 0.1689592 0.2707503 
Amauria_carterae_99_mesa                   0.1675596 0.0000000 0.2355396 0.1169633 0.1961194 0.1870344 0.2670900 0.2433167 0.2727144 0.2337723 0.2441585 0.2391971 0.0886951 0.1413103 0.2216114 0.1434870 0.2654274 0.2425147 0.2385796 0.2306350 0.2316093 0.2421421 0.2316575 0.2507110 0.2582603 0.2486042 0.1676216 0.1647296 0.1144449 0.1777112 0.1786612 0.2433167 0.2466197 0.2519928 0.2691561 0.2345332 0.2491445 0.2436224 0.1506227 0.2355216 0.2439452 0.2520709 0.1550697 0.1741941 0.1382243 0.1454864 0.2306350 0.1661839 0.2432167 0.1363736 0.2272744 0.2409016 0.0811441 0.2394176 0.2620753 0.2478660 0.2591594 0.2306350 0.1824117 0.1616803 0.2232262 0.2529495 0.2425147 0.1648242 0.2645647 0.2528235 0.2511328 0.2104144 0.2467204 0.2349012 0.1647296 0.2520709 0.2567142 0.2347500 0.2349520 0.2660223 0.2555501 0.2421420 0.2464676 0.2429254 0.2561095 0.2524498 0.0973905 0.2469334 
Eutetras_palmeri_63                        0.2744466 0.2355396 0.0000000 0.1953349 0.2072922 0.1746672 0.1603720 0.1281727 0.1281695 0.0531237 0.0504192 0.0755402 0.2280026 0.2024602 0.1053697 0.2104814 0.1091505 0.0512642 0.0546223 0.0507777 0.1165978 0.0545625 0.0403574 0.0551446 0.1010050 0.0709798 0.2281896 0.2223201 0.1906360 0.2514053 0.2418270 0.1332635 0.0517390 0.0574778 0.0885132 0.0304570 0.0546277 0.0557399 0.2068996 0.0561388 0.0576625 0.0477548 0.2492766 0.2419357 0.2098218 0.2016232 0.0526186 0.2640093 0.0541651 0.1817569 0.0442058 0.0702268 0.2296608 0.0852707 0.0971731 0.0375656 0.0580324 0.0526403 0.2397756 0.0868992 0.0972142 0.0473665 0.0475625 0.2304006 0.0619367 0.0872529 0.0826305 0.0417400 0.0487144 0.0505332 0.2228557 0.0477022 0.0534733 0.0505004 0.0250568 0.0932498 0.1074360 0.0492261 0.0560391 0.0539809 0.0521321 0.0650173 0.2074265 0.0482920 
Eutetras_pringlei_149_quer                 0.1247429 0.1169633 0.1953349 0.0000000 0.1338039 0.1471316 0.2284229 0.2256938 0.1935475 0.1897365 0.2003776 0.1842295 0.0985719 0.1115144 0.2024156 0.1093942 0.1883905 0.1989029 0.1950950 0.1964692 0.2328391 0.1952159 0.1955985 0.2135971 0.2103221 0.2074129 0.1124247 0.1323010 0.0812663 0.1126559 0.1090277 0.2295446 0.2027697 0.2074577 0.2146903 0.1991052 0.2126927 0.1956869 0.1189243 0.2029282 0.2039325 0.2155746 0.1109761 0.1035342 0.1214371 0.1163701 0.1964692 0.1180601 0.1950177 0.1161377 0.1843951 0.2041763 0.0885157 0.1988433 0.1801846 0.2347618 0.2216065 0.1964692 0.1249996 0.1370269 0.1948979 0.2320230 0.1989029 0.1199488 0.2096119 0.2169566 0.2111450 0.2192137 0.2028447 0.1915743 0.1323010 0.2155746 0.2199472 0.1914562 0.2266353 0.2293307 0.2149989 0.1938288 0.2025684 0.2160107 0.2158274 0.2036596 0.1073805 0.2026696 
Eutrochium_fistulosum_SRR9119106           0.1750744 0.1961194 0.2072922 0.1338039 0.0000000 0.1666601 0.2417918 0.2088250 0.2418346 0.1842383 0.2190204 0.2145649 0.1523952 0.1343497 0.2318726 0.1331482 0.1963903 0.1857858 0.2152050 0.2346220 0.1904554 0.2243693 0.2081603 0.2448856 0.2268039 0.2151397 0.1216796 0.1441281 0.1318030 0.1461282 0.1155234 0.2188399 0.2203814 0.1789963 0.1949541 0.1681315 0.2285240 0.1789075 0.1388720 0.2249938 0.2247926 0.2366148 0.1109442 0.1155721 0.1388742 0.1307143 0.2342823 0.1211837 0.2207135 0.1326237 0.2163743 0.2295080 0.1607859 0.1824084 0.1558203 0.2237591 0.2542081 0.2346684 0.1327903 0.1606004 0.2177789 0.2272655 0.2238825 0.1264813 0.2387091 0.2248716 0.2167560 0.1942972 0.2132576 0.2205970 0.1432302 0.2386616 0.2395684 0.2137946 0.2107984 0.2268687 0.2812283 0.2167122 0.2312579 0.2237807 0.2412493 0.2270120 0.1505925 0.2059339 
Galeana_pratensis_104_mex                  0.2215915 0.1870344 0.1746672 0.1471316 0.1666601 0.0000000 0.1649466 0.1496556 0.1742561 0.1624646 0.1774157 0.1732342 0.1273392 0.1139602 0.1707660 0.1520263 0.1820488 0.1660385 0.1687625 0.1902954 0.1569462 0.1779019 0.1707892 0.1934456 0.1894742 0.1972517 0.1350431 0.1489564 0.1578418 0.1349324 0.1273156 0.1620602 0.1597365 0.1536424 0.1388006 0.1616782 0.1863624 0.1551777 0.1197569 0.1775307 0.1699510 0.1684350 0.1165694 0.1231175 0.1093394 0.1237750 0.1902954 0.1091109 0.1733594 0.1114315 0.1689748 0.1813112 0.1481670 0.1490770 0.1687397 0.1827176 0.1837577 0.1902954 0.1444697 0.1518793 0.1844434 0.2106473 0.1681762 0.1210098 0.1803750 0.1571814 0.1483455 0.1909233 0.1596688 0.1733594 0.1458284 0.1684350 0.1823488 0.1687625 0.1843995 0.1536304 0.1761572 0.1663467 0.1813773 0.1823890 0.1731894 0.1636512 0.1625280 0.1656411 
Helianthus_annuus_SRR9119062               0.3122269 0.2670900 0.1603720 0.2284229 0.2417918 0.1649466 0.0000000 0.2082999 0.1874052 0.1665767 0.1653988 0.1854223 0.2649369 0.2456898 0.2008520 0.2709829 0.1770845 0.1566958 0.1658180 0.1574073 0.1959793 0.1658051 0.1590895 0.1604294 0.2063505 0.1846816 0.2917896 0.2643189 0.1765505 0.3010960 0.2874890 0.2045915 0.1585115 0.1678757 0.1602959 0.1482229 0.1794625 0.1565290 0.2521190 0.1680848 0.1632489 0.1576812 0.2873994 0.2785758 0.2466375 0.2375104 0.1586252 0.2933278 0.1569819 0.2324313 0.1576303 0.1790644 0.2693497 0.1597620 0.1956120 0.1619478 0.1655816 0.1586920 0.2986018 0.1913138 0.1868718 0.1731320 0.1597746 0.2813452 0.1809680 0.1907819 0.1906068 0.1409610 0.1570031 0.1610501 0.2653723 0.1576812 0.1606819 0.1609387 0.1526959 0.1939571 0.2280962 0.1600610 0.1745230 0.1527348 0.1633087 0.1780038 0.2455923 0.1610409 
Lycapsus_tenuifolius_17                    0.2726176 0.2433167 0.1281727 0.2256938 0.2088250 0.1496556 0.2082999 0.0000000 0.1440092 0.1311554 0.1358539 0.1487662 0.2220070 0.2126788 0.1413599 0.2292152 0.1379094 0.1322772 0.1306957 0.1350637 0.1935475 0.1340216 0.1318339 0.1391186 0.1446868 0.1521395 0.2385788 0.2210145 0.1560618 0.2327251 0.2215079 0.0168368 0.1319219 0.1401762 0.1247096 0.1061919 0.1502754 0.1378820 0.2251774 0.1365584 0.1382747 0.1353559 0.2223198 0.2192606 0.2128983 0.2103642 0.1327501 0.2255798 0.1313985 0.2019788 0.1270922 0.1460723 0.2259264 0.1291397 0.1813266 0.1099347 0.1428100 0.1351207 0.2398866 0.1269179 0.1475736 0.1319323 0.1300870 0.2267018 0.1499652 0.1166997 0.1167968 0.0882610 0.1302942 0.1304411 0.2215987 0.1353559 0.1414371 0.1289232 0.0987294 0.1166533 0.1831925 0.1202529 0.1362668 0.1274935 0.1373428 0.1382902 0.2028925 0.1356688 
Pericome_caudata_50_silver                 0.3130940 0.2727144 0.1281695 0.1935475 0.2418346 0.1742561 0.1874052 0.1440092 0.0000000 0.1276348 0.1356539 0.1797758 0.2344614 0.2274931 0.1535822 0.2339503 0.1116797 0.1327347 0.1387068 0.1426563 0.1684889 0.1417785 0.1276450 0.1281892 0.1642039 0.1553296 0.2698943 0.2510059 0.1979998 0.2648422 0.2656631 0.1333667 0.1416222 0.1420240 0.1438373 0.1067142 0.1427095 0.1362139 0.2255459 0.1454816 0.1253574 0.1373684 0.2507150 0.2631274 0.2421647 0.2225857 0.1405996 0.2580403 0.1445334 0.2229609 0.1326802 0.1562653 0.2639131 0.1257484 0.1877128 0.1528690 0.1485320 0.1427088 0.2758146 0.1645138 0.1485655 0.1458614 0.1414139 0.2704806 0.1443323 0.1231133 0.1153818 0.1428975 0.1362541 0.1372287 0.2515064 0.1372013 0.1464004 0.1371359 0.1267451 0.1149471 0.2400894 0.1351136 0.1484940 0.1157178 0.1426160 0.1533194 0.2478549 0.1341389 
Perityle_aglossa_84_dead_horse             0.2503604 0.2337723 0.0531237 0.1897365 0.1842383 0.1624646 0.1665767 0.1311554 0.1276348 0.0000000 0.0373547 0.0598173 0.1987840 0.1831583 0.0808057 0.2134674 0.1046431 0.0274222 0.0231696 0.0538070 0.1067867 0.0231685 0.0301807 0.0492685 0.0835362 0.0558728 0.1985667 0.2020362 0.1662542 0.2165508 0.2021921 0.1287080 0.0315672 0.0472910 0.0834492 0.0224069 0.0603671 0.0458863 0.1893410 0.0260197 0.0622249 0.0500832 0.2064037 0.2138718 0.1860609 0.1809249 0.0538041 0.2165264 0.0221695 0.1709609 0.0264860 0.0609161 0.1972606 0.0931158 0.0986959 0.0439510 0.0536462 0.0538274 0.2032097 0.1022529 0.0965938 0.0504345 0.0287644 0.1986249 0.0521179 0.0784999 0.0769614 0.0389654 0.0287760 0.0190663 0.2023515 0.0500832 0.0563358 0.0190533 0.0385190 0.0813652 0.1099298 0.0318194 0.0176779 0.0605999 0.0547456 0.0492968 0.1850556 0.0454268 
Perityle_ajoensis_204                      0.2865712 0.2441585 0.0504192 0.2003776 0.2190204 0.1774157 0.1653988 0.1358539 0.1356539 0.0373547 0.0000000 0.0693960 0.2167968 0.2076696 0.0891516 0.2040155 0.1019420 0.0305846 0.0321390 0.0468320 0.0898490 0.0346036 0.0332600 0.0499584 0.0810491 0.0525973 0.2448210 0.2380687 0.1920278 0.2654366 0.2536285 0.1333739 0.0267588 0.0427869 0.0811771 0.0207840 0.0687900 0.0457489 0.2143334 0.0360197 0.0634900 0.0469899 0.2683658 0.2612472 0.2144495 0.2044576 0.0487120 0.2742973 0.0338764 0.1896721 0.0232358 0.0544852 0.2427998 0.0954289 0.0886139 0.0379256 0.0623720 0.0487318 0.2560117 0.0985510 0.1016876 0.0422741 0.0241290 0.2511932 0.0402197 0.0951377 0.0916825 0.0388983 0.0261901 0.0307376 0.2387714 0.0469389 0.0526101 0.0281187 0.0286931 0.0991769 0.1265311 0.0269033 0.0372847 0.0607203 0.0512947 0.0471052 0.2165340 0.0351802 
Perityle_ambrosiifolia_67_green            0.2965218 0.2391971 0.0755402 0.1842295 0.2145649 0.1732342 0.1854223 0.1487662 0.1797758 0.0598173 0.0693960 0.0000000 0.1754635 0.2023811 0.1326331 0.1915075 0.1202729 0.0503322 0.0683116 0.0878579 0.1030827 0.0730759 0.0692120 0.0959116 0.1322051 0.0812494 0.2409627 0.2538542 0.1865905 0.2486832 0.2624077 0.1551560 0.0688564 0.0599324 0.0789196 0.0376243 0.1008153 0.0685966 0.1828975 0.0760782 0.1001922 0.0835282 0.2465224 0.2569514 0.2073334 0.1936087 0.0894802 0.2566427 0.0686553 0.1788957 0.0727982 0.0995196 0.2342366 0.1111469 0.0801612 0.0408407 0.1002860 0.0895160 0.2441262 0.0956484 0.1515650 0.0448368 0.0673611 0.2397691 0.0894457 0.1316086 0.1399158 0.0327337 0.0625472 0.0676353 0.2543623 0.0848724 0.0881524 0.0662435 0.0285583 0.1477004 0.1552583 0.0706408 0.0745876 0.0668177 0.0894999 0.0883050 0.2134593 0.0657631 
Perityle_angustifolia_13_Eagle_creek       0.1358603 0.0886951 0.2280026 0.0985719 0.1523952 0.1273392 0.2649369 0.2220070 0.2344614 0.1987840 0.2167968 0.1754635 0.0000000 0.0828421 0.2147136 0.1399134 0.2169465 0.2034937 0.2281992 0.2280290 0.1799167 0.2222583 0.2048776 0.2389293 0.2479608 0.2459287 0.1700596 0.1719666 0.0905300 0.1603211 0.1592483 0.2292200 0.2253523 0.1986082 0.1851793 0.1933389 0.2454390 0.2370071 0.0743616 0.2346561 0.2266960 0.2368808 0.1497037 0.1643028 0.0309613 0.0604920 0.2368808 0.1531727 0.2197606 0.0581020 0.2046339 0.2223579 0.0219886 0.1964224 0.2031680 0.1857889 0.2525024 0.2373826 0.1840465 0.1724855 0.2260378 0.1938962 0.2184020 0.1739697 0.2391774 0.2154612 0.2075608 0.1934481 0.2101186 0.2201348 0.1690072 0.2397272 0.2280481 0.2191827 0.1927213 0.2244645 0.2828549 0.2153913 0.2347433 0.1939851 0.2502441 0.2229919 0.0297288 0.1958848 
Perityle_batopilensis_97                   0.1857807 0.1413103 0.2024602 0.1115144 0.1343497 0.1139602 0.2456898 0.2126788 0.2274931 0.1831583 0.2076696 0.2023811 0.0828421 0.0000000 0.2457443 0.1305946 0.2007219 0.1806570 0.2252472 0.2514561 0.1721891 0.2240252 0.1962343 0.2372496 0.2571534 0.2129608 0.1493009 0.1515368 0.0976659 0.1632383 0.1276282 0.2179737 0.2278513 0.1868895 0.1925414 0.1628665 0.2401163 0.1993185 0.0518235 0.2321873 0.2259038 0.2425644 0.1152063 0.1272626 0.0535687 0.0414188 0.2506624 0.1233550 0.2262326 0.0415910 0.2197087 0.2391615 0.0920417 0.1740788 0.1811858 0.2159008 0.2420922 0.2510624 0.1451492 0.1691041 0.2330849 0.2187953 0.2253577 0.1508145 0.2396195 0.2190799 0.2192826 0.1878424 0.2033502 0.2263183 0.1510783 0.2445486 0.2481293 0.2237273 0.2018870 0.2251514 0.2797580 0.2231820 0.2383009 0.1794082 0.2518787 0.2365520 0.0689474 0.1955444 
Perityle_bisetosa_9                        0.3135636 0.2216114 0.1053697 0.2024156 0.2318726 0.1707660 0.2008520 0.1413599 0.1535822 0.0808057 0.0891516 0.1326331 0.2147136 0.2457443 0.0000000 0.2136220 0.1254314 0.0745243 0.0760115 0.1043603 0.1064865 0.0779230 0.0944536 0.1179649 0.1238436 0.1182790 0.2695413 0.2426878 0.1860211 0.2696330 0.2695133 0.1476837 0.0735806 0.1027712 0.1286759 0.0192320 0.1321640 0.1093988 0.2293556 0.0809818 0.1205346 0.0993889 0.2768926 0.2813917 0.2448526 0.2370616 0.1032075 0.2831711 0.0750331 0.2183065 0.0865446 0.1021933 0.2653271 0.0938817 0.1661578 0.0437569 0.1289037 0.1067636 0.2767198 0.1043756 0.1303786 0.0393285 0.0749236 0.2743779 0.0988371 0.1167257 0.1174130 0.0146529 0.0768016 0.0738370 0.2397613 0.0992762 0.1052504 0.0710004 0.0285047 0.1203512 0.2020011 0.0853316 0.0822810 0.0603235 0.1041175 0.1023287 0.2445839 0.0946643 
Perityle_californica_76_positas            0.1422506 0.1434870 0.2104814 0.1093942 0.1331482 0.1520263 0.2709829 0.2292152 0.2339503 0.2134674 0.2040155 0.1915075 0.1399134 0.1305946 0.2136220 0.0000000 0.2306215 0.2088034 0.2031306 0.2154142 0.2311409 0.2056281 0.2031059 0.2244472 0.2205223 0.2364380 0.0813862 0.1520109 0.1051194 0.0496562 0.1329538 0.2357101 0.2086989 0.2113539 0.2077228 0.1991898 0.2283198 0.2202678 0.1360568 0.2125508 0.2155068 0.2150239 0.1318583 0.1283978 0.1421553 0.1417815 0.2150239 0.1299719 0.2091557 0.1377824 0.1969413 0.2267524 0.1344162 0.2112967 0.1822144 0.2144981 0.2377535 0.2154704 0.1033205 0.1404787 0.2242781 0.2219017 0.2049871 0.0817862 0.2251299 0.2112205 0.2091165 0.1926195 0.2084244 0.2092709 0.1491909 0.2150239 0.2154295 0.2000160 0.2174692 0.2232196 0.2959798 0.1933177 0.2095626 0.2291732 0.2184606 0.2215544 0.1451177 0.1978717 
Perityle_canescens_77                      0.2532084 0.2654274 0.1091505 0.1883905 0.1963903 0.1820488 0.1770845 0.1379094 0.1116797 0.1046431 0.1019420 0.1202729 0.2169465 0.2007219 0.1254314 0.2306215 0.0000000 0.1130537 0.1059435 0.1209541 0.1436390 0.1093615 0.1074705 0.1162986 0.1176808 0.1199101 0.2102189 0.2065604 0.2020600 0.2161839 0.2232203 0.1335896 0.1146366 0.1208731 0.1203813 0.0774362 0.1148238 0.1112184 0.2130841 0.1115353 0.1191970 0.1211598 0.2159508 0.2224160 0.2064374 0.2029550 0.1209541 0.2191811 0.1098817 0.1926252 0.1005691 0.1284481 0.2172782 0.1108315 0.1593651 0.1032867 0.1161769 0.1230954 0.2232431 0.1175378 0.1233734 0.0955191 0.1057147 0.2162345 0.1251613 0.0951480 0.0936788 0.0817305 0.1077348 0.1041331 0.2096364 0.1211598 0.1293060 0.1042126 0.0882723 0.0935567 0.1456070 0.0993847 0.1061212 0.0881700 0.1252128 0.1190268 0.2030642 0.1143447 
Perityle_castillonii_96                    0.2474631 0.2425147 0.0512642 0.1989029 0.1857858 0.1660385 0.1566958 0.1322772 0.1327347 0.0274222 0.0305846 0.0503322 0.2034937 0.1806570 0.0745243 0.2088034 0.1130537 0.0000000 0.0211111 0.0434278 0.1099414 0.0237832 0.0298035 0.0419703 0.0906771 0.0526085 0.2102539 0.2007697 0.1860211 0.2360870 0.2167441 0.1283084 0.0130875 0.0427315 0.0848641 0.0158897 0.0582230 0.0459890 0.1870921 0.0265513 0.0585437 0.0424204 0.2231828 0.2249139 0.1836809 0.1801650 0.0454365 0.2331877 0.0228474 0.1679119 0.0227756 0.0538329 0.2072303 0.0870882 0.0798647 0.0437569 0.0518043 0.0454556 0.2149054 0.1045080 0.0974570 0.0393285 0.0117597 0.2164293 0.0418410 0.0871739 0.0839467 0.0146529 0.0174506 0.0198055 0.2010655 0.0424204 0.0465528 0.0171287 0.0285047 0.0932694 0.1057700 0.0265882 0.0278611 0.0625077 0.0468626 0.0490330 0.1808787 0.0376150 
Perityle_cernua_84                         0.3050538 0.2385796 0.0546223 0.1950950 0.2152050 0.1687625 0.1658180 0.1306957 0.1387068 0.0231696 0.0321390 0.0683116 0.2281992 0.2252472 0.0760115 0.2031306 0.1059435 0.0211111 0.0000000 0.0459128 0.1030382 0.0123948 0.0360123 0.0600457 0.0993478 0.0539905 0.2478620 0.2342594 0.1916820 0.2580228 0.2567752 0.1316211 0.0174407 0.0427753 0.0868306 0.0142848 0.0745335 0.0472144 0.2146259 0.0187279 0.0735941 0.0447365 0.2580695 0.2603090 0.2303797 0.2204310 0.0477776 0.2638933 0.0113347 0.2086377 0.0293884 0.0563565 0.2645303 0.0952341 0.0852089 0.0407211 0.0752555 0.0477966 0.2525272 0.1015110 0.1076827 0.0420663 0.0224832 0.2501003 0.0462572 0.0907329 0.0948383 0.0236425 0.0248464 0.0086707 0.2349197 0.0446889 0.0501832 0.0061811 0.0317770 0.0991030 0.1301685 0.0290603 0.0224929 0.0603965 0.0489523 0.0490331 0.2453308 0.0421846 
Perityle_cfvillosa_25_tin                  0.3098544 0.2306350 0.0507777 0.1964692 0.2346220 0.1902954 0.1574073 0.1350637 0.1426563 0.0538070 0.0468320 0.0878579 0.2280290 0.2514561 0.1043603 0.2154142 0.1209541 0.0434278 0.0459128 0.0000000 0.1288864 0.0499426 0.0440113 0.0614992 0.1010511 0.0744593 0.2633869 0.2462857 0.1869440 0.2575544 0.2706286 0.1303861 0.0378387 0.0572808 0.0797612 0.0451909 0.0659715 0.0621180 0.2426668 0.0516459 0.0740481 0.0028401 0.2629004 0.2586963 0.2493493 0.2504128 0.0028439 0.2642268 0.0477208 0.2308001 0.0430985 0.0564280 0.2611604 0.1115286 0.1018782 0.0408329 0.0678514 0.0028451 0.2716590 0.0950550 0.1189578 0.0408887 0.0452914 0.2646723 0.0597932 0.1168543 0.1195380 0.0358108 0.0470624 0.0439780 0.2467906 0.0028401 0.0100076 0.0424649 0.0000010 0.1284944 0.1269235 0.0486467 0.0530321 0.0620250 0.0085609 0.0583456 0.2486445 0.0437025 
Perityle_cinerea_113_Powell1310            0.2480199 0.2316093 0.1165978 0.2328391 0.1904554 0.1569462 0.1959793 0.1935475 0.1684889 0.1067867 0.0898490 0.1030827 0.1799167 0.1721891 0.1064865 0.2311409 0.1436390 0.1099414 0.1030382 0.1288864 0.0000000 0.1131370 0.1067814 0.1107504 0.0980271 0.1094200 0.1810313 0.2044526 0.1346675 0.2041593 0.1898503 0.1935475 0.1099619 0.1202684 0.1780749 0.0996982 0.1410879 0.1099372 0.1770128 0.1033863 0.1242702 0.1169904 0.1845055 0.1721667 0.1573745 0.1685834 0.1288864 0.2043034 0.1067119 0.1630712 0.0900957 0.1125069 0.1837555 0.1309914 0.0868944 0.1047515 0.1135300 0.1289532 0.2054980 0.1429384 0.1424943 0.1417744 0.1064865 0.1947446 0.1147461 0.1692156 0.1607571 0.1603318 0.1099081 0.1031749 0.2044526 0.1169904 0.1278694 0.0999017 0.0840675 0.1569761 0.1279014 0.1030933 0.1032814 0.1237923 0.1169904 0.1202684 0.1524592 0.1089754 
Perityle_coahuilensis_24                   0.3096647 0.2421421 0.0545625 0.1952159 0.2243693 0.1779019 0.1658051 0.1340216 0.1417785 0.0231685 0.0346036 0.0730759 0.2222583 0.2240252 0.0779230 0.2056281 0.1093615 0.0237832 0.0123948 0.0499426 0.1131370 0.0000000 0.0373280 0.0580472 0.1009792 0.0539876 0.2563436 0.2394084 0.1918554 0.2667297 0.2650711 0.1314596 0.0197460 0.0442158 0.0925602 0.0206888 0.0778501 0.0471279 0.2114401 0.0184946 0.0741277 0.0484366 0.2646485 0.2672681 0.2331983 0.2192714 0.0517028 0.2747953 0.0111924 0.2076862 0.0290664 0.0583971 0.2708089 0.1001217 0.0849320 0.0496623 0.0730515 0.0517232 0.2610691 0.1043616 0.1107744 0.0420318 0.0260233 0.2566831 0.0457468 0.0988569 0.0982143 0.0266453 0.0274715 0.0061087 0.2397750 0.0483855 0.0539448 0.0085734 0.0415056 0.1024372 0.1419967 0.0312880 0.0247579 0.0666780 0.0526317 0.0471914 0.2458537 0.0449231 
Perityle_cochisensis_44_cave_creek         0.2742302 0.2316575 0.0403574 0.1955985 0.2081603 0.1707892 0.1590895 0.1318339 0.1276450 0.0301807 0.0332600 0.0692120 0.2048776 0.1962343 0.0944536 0.2031059 0.1074705 0.0298035 0.0360123 0.0440113 0.1067814 0.0373280 0.0000000 0.0362883 0.0833190 0.0537076 0.2100974 0.2208218 0.1757315 0.2303894 0.2297074 0.1297037 0.0318102 0.0396427 0.0768873 0.0255824 0.0497587 0.0350637 0.2006887 0.0388302 0.0542815 0.0410824 0.2368183 0.2398720 0.2011097 0.1916180 0.0440091 0.2470699 0.0379804 0.1780450 0.0200440 0.0585723 0.2136387 0.0940694 0.0836576 0.0376405 0.0460799 0.0440276 0.2233937 0.0929196 0.0913120 0.0391786 0.0304329 0.2121742 0.0487385 0.0853794 0.0867216 0.0356539 0.0331886 0.0333046 0.2213372 0.0410367 0.0484946 0.0332827 0.0283738 0.0942810 0.1042786 0.0333672 0.0401081 0.0539794 0.0454761 0.0488867 0.1995499 0.0423782 
Perityle_congesta_202                      0.3192223 0.2507110 0.0551446 0.2135971 0.2448856 0.1934456 0.1604294 0.1391186 0.1281892 0.0492685 0.0499584 0.0959116 0.2389293 0.2372496 0.1179649 0.2244472 0.1162986 0.0419703 0.0600457 0.0614992 0.1107504 0.0580472 0.0362883 0.0000000 0.1217443 0.0703396 0.2790935 0.2486392 0.2019438 0.2834369 0.2803219 0.1366196 0.0552355 0.0566224 0.0886632 0.0477039 0.0715492 0.0562888 0.2239863 0.0635836 0.0583771 0.0590381 0.2674443 0.2777053 0.2486381 0.2356895 0.0630340 0.2777998 0.0604214 0.2203040 0.0506468 0.0759872 0.2850361 0.1029256 0.0843068 0.0586777 0.0355037 0.0630591 0.2888882 0.1028138 0.1099590 0.0527074 0.0552274 0.2838532 0.0694709 0.1097133 0.0991172 0.0509795 0.0485283 0.0568008 0.2491048 0.0589747 0.0649652 0.0567652 0.0413382 0.1065302 0.1499622 0.0595615 0.0661650 0.0624556 0.0604272 0.0750553 0.2571429 0.0552982 
Perityle_cordifolia_27                     0.3155534 0.2582603 0.1010050 0.2103221 0.2268039 0.1894742 0.2063505 0.1446868 0.1642039 0.0835362 0.0810491 0.1322051 0.2479608 0.2571534 0.1238436 0.2205223 0.1176808 0.0906771 0.0993478 0.1010511 0.0980271 0.1009792 0.0833190 0.1217443 0.0000000 0.1163057 0.2781616 0.2528178 0.2067222 0.2793431 0.2929666 0.1474831 0.0967060 0.0890566 0.1153997 0.0408485 0.1312285 0.1046273 0.2353695 0.1013119 0.1287253 0.1114067 0.2823944 0.2924422 0.2599452 0.2422440 0.1160041 0.2884182 0.0999706 0.2293761 0.0983458 0.0830594 0.2989228 0.1317466 0.1592847 0.0631795 0.1323577 0.1176968 0.2857521 0.1159423 0.1599592 0.0595868 0.0980600 0.2786679 0.0985633 0.1174194 0.1255081 0.0616816 0.0765903 0.0969737 0.2533174 0.1112851 0.1021716 0.0941575 0.0515669 0.1346414 0.1901562 0.0957995 0.1025655 0.0762533 0.1160054 0.1122801 0.2733707 0.0709074 
Perityle_cordifolia_68_tecolote            0.2707848 0.2486042 0.0709798 0.2074129 0.2151397 0.1972517 0.1846816 0.1521395 0.1553296 0.0558728 0.0525973 0.0812494 0.2459287 0.2129608 0.1182790 0.2364380 0.1199101 0.0526085 0.0539905 0.0744593 0.1094200 0.0539876 0.0537076 0.0703396 0.1163057 0.0000000 0.2363671 0.2237257 0.1978263 0.2577408 0.2362973 0.1506879 0.0525224 0.0634197 0.1001616 0.0436919 0.0738937 0.0648000 0.2088662 0.0527562 0.0814912 0.0721284 0.2440060 0.2417924 0.2180207 0.1991897 0.0773703 0.2543941 0.0549831 0.1857334 0.0449003 0.0831170 0.2505712 0.1199268 0.0657609 0.0743316 0.0820399 0.0774023 0.2460807 0.1305012 0.1097199 0.0782477 0.0469274 0.2387131 0.0658495 0.1082697 0.1049399 0.0736099 0.0495170 0.0499021 0.2242905 0.0721284 0.0756847 0.0498692 0.0684294 0.1144743 0.1321546 0.0542451 0.0554836 0.0817738 0.0767909 0.0675969 0.2174413 0.0594077 
Perityle_coronopifolia_28_patagonia        0.2072708 0.1676216 0.2281896 0.1124247 0.1216796 0.1350431 0.2917896 0.2385788 0.2698943 0.1985667 0.2448210 0.2409627 0.1700596 0.1493009 0.2695413 0.0813862 0.2102189 0.2102539 0.2478620 0.2633869 0.1810313 0.2563436 0.2100974 0.2790935 0.2781616 0.2363671 0.0000000 0.1465809 0.1032525 0.1168567 0.1411311 0.2469604 0.2563110 0.1973575 0.2191905 0.1677240 0.2648930 0.2179702 0.1333425 0.2569456 0.2599978 0.2658448 0.0957924 0.1246318 0.1574363 0.1492653 0.2736391 0.1102949 0.2486525 0.1461798 0.2479192 0.2622817 0.2009708 0.1996087 0.1851662 0.2113508 0.2880656 0.2740579 0.0405222 0.1534947 0.2648428 0.2168845 0.2476418 0.0295658 0.2695537 0.2331438 0.2522686 0.1969929 0.2273928 0.2527804 0.1460931 0.2677663 0.2610852 0.2501704 0.2041289 0.2582338 0.3167546 0.2500363 0.2547907 0.1988952 0.2655544 0.2690944 0.1826864 0.2198384 
Perityle_crassifolia_70_ventanas           0.1821858 0.1647296 0.2223201 0.1323010 0.1441281 0.1489564 0.2643189 0.2210145 0.2510059 0.2020362 0.2380687 0.2538542 0.1719666 0.1515368 0.2426878 0.1520109 0.2065604 0.2007697 0.2342594 0.2462857 0.2044526 0.2394084 0.2208218 0.2486392 0.2528178 0.2237257 0.1465809 0.0000000 0.1285416 0.1617722 0.1241999 0.2336117 0.2306941 0.1967249 0.1932002 0.1849231 0.2429307 0.1995663 0.1500466 0.2443504 0.2237206 0.2470736 0.1280469 0.1262727 0.1482803 0.1395284 0.2432863 0.1249983 0.2381935 0.1440281 0.2286918 0.2508594 0.1817126 0.1814043 0.1644732 0.2389819 0.2580555 0.2436868 0.1574658 0.1534740 0.2288365 0.2282642 0.2362157 0.1576348 0.2555472 0.2244960 0.2255192 0.2008246 0.2280207 0.2355990 0.0015821 0.2491249 0.2500749 0.2328687 0.2214915 0.2375638 0.2851112 0.2317899 0.2507829 0.2168826 0.2493022 0.2480438 0.1746755 0.2202099 
Perityle_crassifolia_74_playa_balandra     0.0984107 0.1144449 0.1906360 0.0812663 0.1318030 0.1578418 0.1765505 0.1560618 0.1979998 0.1662542 0.1920278 0.1865905 0.0905300 0.0976659 0.1860211 0.1051194 0.2020600 0.1860211 0.1916820 0.1869440 0.1346675 0.1918554 0.1757315 0.2019438 0.2067222 0.1978263 0.1032525 0.1285416 0.0000000 0.0983558 0.0743023 0.1560618 0.1915714 0.1861296 0.1936565 0.1975348 0.1953646 0.1933921 0.0929934 0.1920458 0.1866266 0.1869440 0.0553441 0.1188751 0.0922512 0.1089091 0.1869440 0.0601545 0.1979282 0.1041587 0.1707375 0.1864677 0.0763183 0.1922632 0.2088857 0.1936747 0.2075936 0.1869440 0.1279967 0.1898930 0.1667209 0.1966980 0.1860211 0.0958435 0.1955270 0.1878747 0.1710380 0.1913654 0.1854506 0.1865470 0.1285416 0.1869440 0.1929931 0.1863800 0.1813660 0.1954412 0.1859965 0.1741219 0.1965118 0.1815514 0.1923766 0.1865959 0.0923508 0.1806502 
Perityle_cuneata_34_cuneata_San_antonio    0.1903744 0.1777112 0.2514053 0.1126559 0.1461282 0.1349324 0.3010960 0.2327251 0.2648422 0.2165508 0.2654366 0.2486832 0.1603211 0.1632383 0.2696330 0.0496562 0.2161839 0.2360870 0.2580228 0.2575544 0.2041593 0.2667297 0.2303894 0.2834369 0.2793431 0.2577408 0.1168567 0.1617722 0.0983558 0.0000000 0.1721428 0.2490395 0.2663660 0.2060690 0.2192766 0.1899782 0.2679062 0.2299073 0.1591698 0.2720289 0.2661555 0.2682832 0.1608488 0.1713523 0.1681147 0.1549810 0.2758415 0.1675275 0.2713062 0.1457269 0.2580810 0.2679572 0.1807108 0.2048030 0.2056090 0.2260357 0.2932574 0.2762862 0.1296943 0.1549707 0.2654819 0.2324803 0.2655995 0.1103588 0.2809330 0.2455380 0.2581550 0.1986208 0.2452886 0.2651476 0.1629358 0.2703036 0.2539777 0.2623086 0.2299474 0.2598483 0.3261647 0.2560851 0.2673889 0.2077438 0.2729229 0.2763824 0.1604574 0.2326919 
Perityle_cuneata_4                         0.1835068 0.1786612 0.2418270 0.1090277 0.1155234 0.1273156 0.2874890 0.2215079 0.2656631 0.2021921 0.2536285 0.2624077 0.1592483 0.1276282 0.2695133 0.1329538 0.2232203 0.2167441 0.2567752 0.2706286 0.1898503 0.2650711 0.2297074 0.2803219 0.2929666 0.2362973 0.1411311 0.1241999 0.0743023 0.1721428 0.0000000 0.2326716 0.2629520 0.2044759 0.2269586 0.1745897 0.2819526 0.2236017 0.1225405 0.2698113 0.2547542 0.2684996 0.0813302 0.1073633 0.1313797 0.1343395 0.2762749 0.0919769 0.2620426 0.1345943 0.2548290 0.2709828 0.1854599 0.2001733 0.1807900 0.2437657 0.3015326 0.2766955 0.1393776 0.1703870 0.2779846 0.2458758 0.2622521 0.1441704 0.2762484 0.2408815 0.2489827 0.2256034 0.2355334 0.2615034 0.1235291 0.2704125 0.2656949 0.2588622 0.2321438 0.2570140 0.3250683 0.2612343 0.2731521 0.2039670 0.2749215 0.2738539 0.1689227 0.2339616 
Perityle_discoidea_81                      0.2828599 0.2433167 0.1332635 0.2295446 0.2188399 0.1620602 0.2045915 0.0168368 0.1333667 0.1287080 0.1333739 0.1551560 0.2292200 0.2179737 0.1476837 0.2357101 0.1335896 0.1283084 0.1316211 0.1303861 0.1935475 0.1314596 0.1297037 0.1366196 0.1474831 0.1506879 0.2469604 0.2336117 0.1560618 0.2490395 0.2326716 0.0000000 0.1296754 0.1351039 0.1179614 0.1068598 0.1472312 0.1360591 0.2302635 0.1338706 0.1393505 0.1310097 0.2380485 0.2309490 0.2205674 0.2157283 0.1281969 0.2413464 0.1307519 0.2081929 0.1251514 0.1431301 0.2323190 0.1355465 0.1787915 0.1099347 0.1420463 0.1304387 0.2482018 0.1299751 0.1484113 0.1319323 0.1278609 0.2355430 0.1451651 0.1061289 0.1098780 0.0882610 0.1280560 0.1282287 0.2343336 0.1310097 0.1367958 0.1265819 0.0987294 0.1110561 0.2001353 0.1201441 0.1335974 0.1298238 0.1347980 0.1368093 0.2142961 0.1327401 
Perityle_dissecta_201                      0.3069757 0.2466197 0.0517390 0.2027697 0.2203814 0.1597365 0.1585115 0.1319219 0.1416222 0.0315672 0.0267588 0.0688564 0.2253523 0.2278513 0.0735806 0.2086989 0.1146366 0.0130875 0.0174407 0.0378387 0.1099619 0.0197460 0.0318102 0.0552355 0.0967060 0.0525224 0.2563110 0.2306941 0.1915714 0.2663660 0.2629520 0.1296754 0.0000000 0.0441325 0.0829297 0.0174814 0.0722447 0.0470493 0.2154183 0.0261052 0.0658482 0.0373539 0.2624026 0.2603381 0.2329355 0.2231026 0.0398494 0.2681906 0.0188083 0.2094725 0.0238798 0.0502528 0.2732774 0.0933611 0.0762884 0.0468092 0.0701432 0.0398652 0.2610352 0.0986576 0.1075314 0.0420593 0.0159660 0.2584685 0.0378590 0.0987836 0.0981429 0.0176341 0.0168463 0.0160332 0.2309755 0.0373147 0.0425055 0.0135399 0.0317710 0.1054822 0.1342113 0.0235963 0.0298601 0.0603878 0.0414797 0.0471118 0.2485569 0.0364835 
Perityle_emoryi_47_punta_san_jose          0.2424200 0.2519928 0.0574778 0.2074577 0.1789963 0.1536424 0.1678757 0.1401762 0.1420240 0.0472910 0.0427869 0.0599324 0.1986082 0.1868895 0.1027712 0.2113539 0.1208731 0.0427315 0.0427753 0.0572808 0.1202684 0.0442158 0.0396427 0.0566224 0.0890566 0.0634197 0.1973575 0.1967249 0.1861296 0.2060690 0.2044759 0.1351039 0.0441325 0.0000000 0.0993732 0.0371748 0.0649552 0.0534707 0.1867835 0.0487679 0.0699508 0.0547257 0.2068864 0.2051484 0.1873800 0.1865706 0.0572777 0.2126792 0.0450232 0.1675732 0.0359775 0.0641885 0.1997416 0.1014277 0.1025851 0.0589590 0.0642078 0.0573033 0.2046460 0.1219477 0.1042505 0.0475726 0.0382591 0.1933523 0.0491091 0.0926038 0.0892761 0.0545608 0.0397910 0.0442155 0.1969856 0.0547257 0.0612106 0.0413243 0.0415474 0.1007928 0.1049702 0.0385169 0.0472240 0.0751043 0.0595591 0.0013821 0.1842639 0.0448205 
Perityle_feddemae_99                       0.2710393 0.2691561 0.0885132 0.2146903 0.1949541 0.1388006 0.1602959 0.1247096 0.1438373 0.0834492 0.0811771 0.0789196 0.1851793 0.1925414 0.1286759 0.2077228 0.1203813 0.0848641 0.0868306 0.0797612 0.1780749 0.0925602 0.0768873 0.0886632 0.1153997 0.1001616 0.2191905 0.1932002 0.1936565 0.2192766 0.2269586 0.1179614 0.0829297 0.0993732 0.0000000 0.0843383 0.0942140 0.0810822 0.2008682 0.0928666 0.0910437 0.0885935 0.2191531 0.2122373 0.1880305 0.1894962 0.0862166 0.2303656 0.0909056 0.1634555 0.0749744 0.0938040 0.1910206 0.1092649 0.1181016 0.1006734 0.0924063 0.0883359 0.2284959 0.1003054 0.1192799 0.1321503 0.0829203 0.2111486 0.0975272 0.1067457 0.1063835 0.0968228 0.0828968 0.0849443 0.1964806 0.0885935 0.0887464 0.0869537 0.1040253 0.1064410 0.1031525 0.0892412 0.0869118 0.1097128 0.0905382 0.1011325 0.1696606 0.0738727 
Perityle_fosteri_93                        0.2301212 0.2345332 0.0304570 0.1991052 0.1681315 0.1616782 0.1482229 0.1061919 0.1067142 0.0224069 0.0207840 0.0376243 0.1933389 0.1628665 0.0192320 0.1991898 0.0774362 0.0158897 0.0142848 0.0451909 0.0996982 0.0206888 0.0255824 0.0477039 0.0408485 0.0436919 0.1677240 0.1849231 0.1975348 0.1899782 0.1745897 0.1068598 0.0174814 0.0371748 0.0843383 0.0000000 0.0469927 0.0407729 0.1644513 0.0207697 0.0422420 0.0415188 0.1814081 0.1717435 0.1682779 0.1625844 0.0431898 0.1874004 0.0145511 0.1647415 0.0178502 0.0459365 0.1909400 0.0483030 0.0927779 0.0437900 0.0528414 0.0452116 0.1748025 0.1016248 0.0555083 0.0448437 0.0110593 0.1697819 0.0406029 0.0535337 0.0499376 0.0206392 0.0142850 0.0158779 0.1824614 0.0415188 0.0488038 0.0126891 0.0350947 0.0551434 0.0803287 0.0192180 0.0207387 0.0625671 0.0469531 0.0355105 0.1839774 0.0259737 
Perityle_gamon_221                         0.3178061 0.2491445 0.0546277 0.2126927 0.2285240 0.1863624 0.1794625 0.1502754 0.1427095 0.0603671 0.0687900 0.1008153 0.2454390 0.2401163 0.1321640 0.2283198 0.1148238 0.0582230 0.0745335 0.0659715 0.1410879 0.0778501 0.0497587 0.0715492 0.1312285 0.0738937 0.2648930 0.2429307 0.1953646 0.2679062 0.2819526 0.1472312 0.0722447 0.0649552 0.0942140 0.0469927 0.0000000 0.0645736 0.2261595 0.0794896 0.0739118 0.0658990 0.2628757 0.2698367 0.2498856 0.2336402 0.0705423 0.2730814 0.0764242 0.2201639 0.0680070 0.0895324 0.2842351 0.1066369 0.1040339 0.0676954 0.0831011 0.0705702 0.2783813 0.1094050 0.1043772 0.0664750 0.0694924 0.2694082 0.0799202 0.1149622 0.1072958 0.0570744 0.0604916 0.0739034 0.2433339 0.0672168 0.0690041 0.0738575 0.0477974 0.1146934 0.1302086 0.0727157 0.0820788 0.0663084 0.0716296 0.0900230 0.2565784 0.0634361 
Perityle_gentryi_8_san_francisco           0.2454506 0.2436224 0.0557399 0.1956869 0.1789075 0.1551777 0.1565290 0.1378820 0.1362139 0.0458863 0.0457489 0.0685966 0.2370071 0.1993185 0.1093988 0.2202678 0.1112184 0.0459890 0.0472144 0.0621180 0.1099372 0.0471279 0.0350637 0.0562888 0.1046273 0.0648000 0.2179702 0.1995663 0.1933921 0.2299073 0.2236017 0.1360591 0.0470493 0.0534707 0.0810822 0.0407729 0.0645736 0.0000000 0.2013456 0.0530188 0.0693927 0.0608514 0.2334539 0.2333350 0.2021076 0.1944107 0.0654102 0.2439518 0.0509272 0.1803433 0.0334111 0.0722077 0.2327258 0.1099953 0.1076093 0.0496931 0.0608060 0.0654385 0.2256685 0.1043874 0.1070533 0.0555897 0.0441915 0.2202004 0.0621566 0.0922217 0.0939353 0.0574758 0.0410160 0.0457206 0.2047179 0.0607808 0.0641834 0.0457485 0.0513763 0.1003260 0.0939247 0.0373662 0.0486455 0.0752033 0.0639532 0.0547433 0.2036655 0.0519450 
Perityle_gilensis_22_Superstition          0.1835692 0.1506227 0.2068996 0.1189243 0.1388720 0.1197569 0.2521190 0.2251774 0.2255459 0.1893410 0.2143334 0.1828975 0.0743616 0.0518235 0.2293556 0.1360568 0.2130841 0.1870921 0.2146259 0.2426668 0.1770128 0.2114401 0.2006887 0.2239863 0.2353695 0.2088662 0.1333425 0.1500466 0.0929934 0.1591698 0.1225405 0.2302635 0.2154183 0.1867835 0.2008682 0.1644513 0.2261595 0.2013456 0.0000000 0.2244573 0.2105206 0.2361584 0.1151318 0.1212154 0.0604931 0.0263574 0.2419356 0.1233303 0.2113112 0.0242798 0.2064671 0.2228365 0.1043074 0.1803137 0.1777490 0.2296375 0.2309252 0.2423426 0.1384301 0.1527698 0.2254213 0.2111028 0.2086918 0.1303355 0.2185357 0.2265867 0.2163223 0.1935650 0.2078247 0.2138035 0.1495615 0.2382345 0.2418945 0.2111478 0.2270901 0.2221641 0.2755222 0.2062934 0.2239540 0.2026213 0.2458781 0.2174800 0.0669883 0.2001566 
Perityle_gilensis_salensis_225             0.3186661 0.2355216 0.0561388 0.2029282 0.2249938 0.1775307 0.1680848 0.1365584 0.1454816 0.0260197 0.0360197 0.0760782 0.2346561 0.2321873 0.0809818 0.2125508 0.1115353 0.0265513 0.0187279 0.0516459 0.1033863 0.0184946 0.0388302 0.0635836 0.1013119 0.0527562 0.2569456 0.2443504 0.1920458 0.2720289 0.2698113 0.1338706 0.0261052 0.0487679 0.0928666 0.0207697 0.0794896 0.0530188 0.2244573 0.0000000 0.0771068 0.0499899 0.2693853 0.2723090 0.2417785 0.2318418 0.0533761 0.2752647 0.0175377 0.2207931 0.0330250 0.0585849 0.2822104 0.1036737 0.0869065 0.0437705 0.0787444 0.0533973 0.2616906 0.1164426 0.1111572 0.0531902 0.0248386 0.2613533 0.0498138 0.0992919 0.1001138 0.0297773 0.0288894 0.0147860 0.2447665 0.0499369 0.0555659 0.0148031 0.0350774 0.1028789 0.1424607 0.0301033 0.0185412 0.0669574 0.0542075 0.0499498 0.2608109 0.0450743 
Perityle_glaucescens_94                    0.3005056 0.2439452 0.0576625 0.2039325 0.2247926 0.1699510 0.1632489 0.1382747 0.1253574 0.0622249 0.0634900 0.1001922 0.2266960 0.2259038 0.1205346 0.2155068 0.1191970 0.0585437 0.0735941 0.0740481 0.1242702 0.0741277 0.0542815 0.0583771 0.1287253 0.0814912 0.2599978 0.2237206 0.1866266 0.2661555 0.2547542 0.1393505 0.0658482 0.0699508 0.0910437 0.0422420 0.0739118 0.0693927 0.2105206 0.0771068 0.0000000 0.0689212 0.2493335 0.2460945 0.2285241 0.2206056 0.0753251 0.2593740 0.0684343 0.2064544 0.0641459 0.0844164 0.2662571 0.1007840 0.1013114 0.0557664 0.0793343 0.0753549 0.2634775 0.0961315 0.1049057 0.0615782 0.0671123 0.2630649 0.0829042 0.1073507 0.1015238 0.0578991 0.0566618 0.0701753 0.2239380 0.0688470 0.0736751 0.0701315 0.0417997 0.1087640 0.1397185 0.0689062 0.0756411 0.0668954 0.0718716 0.0861043 0.2437192 0.0578558 
Perityle_gracilis_11                       0.3216725 0.2520709 0.0477548 0.2155746 0.2366148 0.1684350 0.1576812 0.1353559 0.1373684 0.0500832 0.0469899 0.0835282 0.2368808 0.2425644 0.0993889 0.2150239 0.1211598 0.0424204 0.0447365 0.0028401 0.1169904 0.0484366 0.0410824 0.0590381 0.1114067 0.0721284 0.2658448 0.2470736 0.1869440 0.2682832 0.2684996 0.1310097 0.0373539 0.0547257 0.0885935 0.0415188 0.0658990 0.0608514 0.2361584 0.0499899 0.0689212 0.0000000 0.2682955 0.2624918 0.2406448 0.2438715 0.0027716 0.2744417 0.0464162 0.2233232 0.0421575 0.0553454 0.2720538 0.1036389 0.0965988 0.0375961 0.0633245 0.0027727 0.2711904 0.1042166 0.1123770 0.0419650 0.0441817 0.2681541 0.0559456 0.1134270 0.1143187 0.0358108 0.0439293 0.0429750 0.2475463 0.0000010 0.0066785 0.0415897 0.0000010 0.1223309 0.1170930 0.0472451 0.0512619 0.0561823 0.0052136 0.0575027 0.2481952 0.0391824 
Perityle_harkerae_31                       0.1557028 0.1550697 0.2492766 0.1109761 0.1109442 0.1165694 0.2873994 0.2223198 0.2507150 0.2064037 0.2683658 0.2465224 0.1497037 0.1152063 0.2768926 0.1318583 0.2159508 0.2231828 0.2580695 0.2629004 0.1845055 0.2646485 0.2368183 0.2674443 0.2823944 0.2440060 0.0957924 0.1280469 0.0553441 0.1608488 0.0813302 0.2380485 0.2624026 0.2068864 0.2191531 0.1814081 0.2628757 0.2334539 0.1151318 0.2693853 0.2493335 0.2682955 0.0000000 0.0662636 0.1092692 0.1127953 0.2766249 0.0185718 0.2576424 0.1136934 0.2537209 0.2643785 0.1498585 0.2107527 0.1768537 0.2437750 0.2770354 0.2770657 0.1024668 0.1587972 0.2653986 0.2334338 0.2620743 0.1018423 0.2766586 0.2552072 0.2417603 0.2271438 0.2410997 0.2608660 0.1273805 0.2702892 0.2585275 0.2580686 0.2276744 0.2483982 0.3091111 0.2613297 0.2739778 0.2074866 0.2704774 0.2782090 0.1293539 0.2363616 
Perityle_hofmeisteria_4_nombre_de_dios     0.1836701 0.1741941 0.2419357 0.1035342 0.1155721 0.1231175 0.2785758 0.2192606 0.2631274 0.2138718 0.2612472 0.2569514 0.1643028 0.1272626 0.2813917 0.1283978 0.2224160 0.2249139 0.2603090 0.2586963 0.1721667 0.2672681 0.2398720 0.2777053 0.2924422 0.2417924 0.1246318 0.1262727 0.1188751 0.1713523 0.1073633 0.2309490 0.2603381 0.2051484 0.2122373 0.1717435 0.2698367 0.2333350 0.1212154 0.2723090 0.2460945 0.2624918 0.0662636 0.0000000 0.1360222 0.1246670 0.2706016 0.0755755 0.2546343 0.1219458 0.2604879 0.2652062 0.1802954 0.2021567 0.1835006 0.2273127 0.2780152 0.2710625 0.1229317 0.1577898 0.2625021 0.2123520 0.2624770 0.1136412 0.2693532 0.2397226 0.2420147 0.2019556 0.2402752 0.2632518 0.1255257 0.2646094 0.2546058 0.2602735 0.2074388 0.2423754 0.3305413 0.2668394 0.2743823 0.1907420 0.2648053 0.2824063 0.1555416 0.2339424 
Perityle_huecosensis_48                    0.1938073 0.1382243 0.2098218 0.1214371 0.1388742 0.1093394 0.2466375 0.2128983 0.2421647 0.1860609 0.2144495 0.2073334 0.0309613 0.0535687 0.2448526 0.1421553 0.2064374 0.1836809 0.2303797 0.2493493 0.1573745 0.2331983 0.2011097 0.2486381 0.2599452 0.2180207 0.1574363 0.1482803 0.0922512 0.1681147 0.1313797 0.2205674 0.2329355 0.1873800 0.1880305 0.1682779 0.2498856 0.2021076 0.0604931 0.2417785 0.2285241 0.2406448 0.1092692 0.1360222 0.0000000 0.0513635 0.2485795 0.1173161 0.2293549 0.0519119 0.2223116 0.2396835 0.0413411 0.1747758 0.1941421 0.1991996 0.2535842 0.2489763 0.1614060 0.1842506 0.2381186 0.2066332 0.2304239 0.1572680 0.2444848 0.2242316 0.2222666 0.1845623 0.2105188 0.2294752 0.1477905 0.2426267 0.2461803 0.2287728 0.1976019 0.2302168 0.2869545 0.2258166 0.2435015 0.1823711 0.2499440 0.2370716 0.0334722 0.2004448 
