85
Amauria_brandeegeana_62                    0.0000000 0.1416381 0.1617028 0.4681657 0.2366997 0.3528635 0.3252778 0.1897516 0.3318210 0.4242549 0.2213975 0.2129117 0.1279600 0.0657248 0.0410628 0.2216359 0.0156571 0.3194988 0.1518352 0.1941471 0.1995373 0.1728763 0.0901689 0.2184605 0.1972779 0.2076109 0.2038398 0.2377422 0.2316210 0.2047131 0.2625116 0.3498447 0.3642052 0.1288324 0.0280804 0.1418228 0.2329378 0.2025615 0.2149892 0.0881093 0.2884237 0.1658010 0.2398733 0.2060312 0.2295791 0.2202817 0.2219475 0.2058240 0.2131110 0.2453313 0.1889053 0.2148550 0.2119163 0.1421763 0.2259551 0.2421683 0.0680830 0.0404785 0.1299188 0.1540422 0.0339786 0.0512671 0.1525936 0.0723727 0.1366367 0.2359905 0.0550502 0.2588513 0.2062282 0.0117727 0.2179824 0.0785801 0.1922362 0.2020918 0.1236724 0.1541906 0.0735806 0.1884895 0.2252717 0.1105443 0.2200799 0.0930075 0.1294233 0.1848361 0.3328039 
Amauria_carterae_99_mesa                   0.1416381 0.0000000 0.1344457 0.4433248 0.2018985 0.3488895 0.3191985 0.1848544 0.2408080 0.2615618 0.1572565 0.1575184 0.1075114 0.0667703 0.0382359 0.1641438 0.0077976 0.2593675 0.1264748 0.1561358 0.1983006 0.1408506 0.0976578 0.1492384 0.1514052 0.1530698 0.1467376 0.1269641 0.1618182 0.2010639 0.2142780 0.2484678 0.2574401 0.1595036 0.1085737 0.1040552 0.1651421 0.1503512 0.1486839 0.1121964 0.2167283 0.1484025 0.1811434 0.1510519 0.1758591 0.1503769 0.1560906 0.1507070 0.1555904 0.1812375 0.1632448 0.1529611 0.1445074 0.1165542 0.1936717 0.1322617 0.0827115 0.0537033 0.1047421 0.1437986 0.0281931 0.0329593 0.1151683 0.0758974 0.1228273 0.1664331 0.1130136 0.1703205 0.1188438 0.0359257 0.1573882 0.1499528 0.2087380 0.1485684 0.0935927 0.1153690 0.0445980 0.1596093 0.1320237 0.1018993 0.1639873 0.1039897 0.1116150 0.2024106 0.2630231 
Amauria_rotundifolia_SRR9119150            0.1617028 0.1344457 0.0000000 0.4413275 0.1376643 0.3641745 0.2457675 0.1982254 0.2128120 0.3185407 0.0652631 0.0780989 0.0719397 0.0658435 0.0711321 0.0747593 0.0356466 0.2193227 0.0928072 0.0767771 0.0562252 0.0751162 0.1176230 0.0735674 0.0646344 0.0666449 0.0715991 0.1737428 0.1176694 0.2212078 0.2707015 0.2684178 0.2610810 0.1327806 0.0462505 0.0734729 0.0822322 0.0716530 0.0912853 0.0835185 0.1345253 0.0673629 0.0782967 0.0683362 0.0764392 0.0901551 0.0818494 0.0699802 0.0717193 0.0898624 0.0717119 0.0733062 0.0734545 0.0799294 0.0766566 0.0668579 0.0773918 0.0555035 0.0716255 0.0677474 0.0397440 0.0625882 0.1052999 0.0980595 0.0799561 0.1161226 0.0688600 0.2011961 0.1731509 0.0484272 0.0730133 0.0703474 0.2258717 0.0665084 0.0638857 0.0767141 0.0736441 0.0762483 0.0840230 0.1402995 0.0815739 0.1163635 0.0686292 0.2100517 0.3003427 
Conoclinium_coelestinum_SRR9119114         0.4681657 0.4433248 0.4413275 0.0000000 0.5179183 0.4829051 0.4722005 0.2786479 0.4834491 0.6327344 0.4400838 0.4436918 0.4120352 0.3735241 0.2912442 0.4570679 0.1709401 0.4558337 0.4414472 0.4396337 0.4489978 0.4463091 0.2813620 0.4487046 0.4501558 0.4527972 0.4481985 0.4662484 0.4436577 0.4442870 0.4426829 0.4486933 0.4529475 0.4286169 0.3904563 0.3770657 0.4515656 0.4407186 0.4027100 0.4106525 0.5902646 0.4184412 0.4543951 0.4553615 0.4384356 0.3927502 0.4578809 0.4551870 0.4537824 0.4583011 0.4542728 0.4554962 0.4456540 0.4216344 0.5421602 0.2657851 0.3620594 0.3160081 0.4253296 0.4224138 0.0815347 0.1956654 0.3544902 0.3038081 0.4102509 0.4480147 0.3749391 0.4665005 0.4783212 0.3082217 0.4488589 0.5199601 0.4070886 0.4514890 0.3921695 0.4307147 0.2055658 0.4476019 0.3821256 0.3478993 0.4498535 0.3090988 0.4102193 0.4411729 0.5299558 
Eutetras_palmeri_63                        0.2366997 0.2018985 0.1376643 0.5179183 0.0000000 0.3536881 0.3187536 0.1661627 0.2362611 0.3940946 0.1208560 0.1439810 0.1130937 0.1088186 0.0887374 0.1424205 0.0398531 0.2040078 0.1356814 0.1376722 0.1055505 0.1415746 0.1220884 0.1375984 0.1334695 0.1327062 0.1309951 0.2227509 0.1838924 0.1934053 0.2366667 0.2387913 0.2325907 0.1691821 0.0936336 0.1268920 0.1437768 0.1310150 0.1460422 0.1234368 0.2570259 0.1295117 0.1497043 0.1343966 0.1459451 0.1561523 0.1458582 0.1345066 0.1360252 0.1517955 0.1401440 0.1359921 0.1390859 0.1205909 0.1437892 0.1183814 0.1151448 0.0981596 0.1114785 0.1394075 0.0456208 0.0784654 0.1524633 0.1370051 0.1194299 0.1806501 0.1110453 0.2553266 0.2645289 0.0609631 0.1338584 0.0765629 0.1919952 0.1309263 0.1111464 0.1172311 0.1017107 0.1541103 0.1670183 0.1677822 0.1424236 0.1403206 0.1111359 0.1885703 0.3678663 
Eutetras_pringlei_149_quer                 0.3528635 0.3488895 0.3641745 0.4829051 0.3536881 0.0000000 0.4171321 0.2091081 0.3934697 0.3428520 0.3285186 0.3461175 0.3467799 0.3512868 0.3074366 0.3579978 0.2658463 0.3867599 0.3261792 0.3573940 0.2868250 0.3464970 0.3142405 0.3499381 0.3498080 0.3404458 0.3455637 0.3721289 0.3764384 0.4265222 0.4253555 0.3928060 0.3984541 0.3315308 0.2996243 0.3310123 0.3230242 0.3457061 0.3522670 0.3646965 0.3826522 0.3578339 0.3283896 0.3404458 0.3284075 0.3658846 0.3547757 0.3459127 0.3365770 0.3415841 0.3466423 0.3458787 0.3434026 0.3214427 0.2999957 0.3238254 0.3726596 0.3642648 0.3404458 0.3459127 0.1429930 0.2831841 0.2999431 0.3574470 0.3583768 0.3764384 0.3470496 0.3395904 0.3233374 0.2939136 0.3411303 0.2709048 0.4192247 0.3404458 0.3466920 0.3434026 0.2850510 0.3262011 0.3495293 0.3120207 0.3405030 0.3293268 0.3365770 0.3687807 0.3550085 
Eutrochium_fistulosum_SRR9119106           0.3252778 0.3191985 0.2457675 0.4722005 0.3187536 0.4171321 0.0000000 0.2564074 0.3311852 0.4985864 0.3140683 0.3227562 0.2390192 0.2037305 0.2056398 0.3194730 0.1088482 0.3404451 0.2805384 0.3190069 0.4011312 0.3018945 0.2009805 0.3146400 0.3122171 0.3167063 0.3099925 0.3760054 0.3481304 0.2960407 0.2932255 0.3640583 0.3635164 0.3076616 0.2969545 0.2179518 0.3260249 0.3127075 0.2836022 0.2477960 0.3436446 0.3386223 0.3259695 0.3168433 0.3246674 0.2880957 0.3149695 0.3124242 0.3151386 0.3409314 0.3203549 0.3186105 0.3088140 0.2434606 0.4126366 0.2658915 0.2822190 0.1971258 0.2304843 0.3073915 0.0698257 0.1311119 0.2170915 0.2159875 0.2488524 0.3424576 0.2544717 0.3661722 0.3534817 0.1913173 0.3197243 0.3786309 0.2518078 0.3096277 0.2139504 0.2316144 0.1511278 0.3063338 0.2687262 0.2646074 0.3268420 0.2356039 0.2371547 0.2800990 0.4557093 
Galeana_pratensis_104_mex                  0.1897516 0.1848544 0.1982254 0.2786479 0.1661627 0.2091081 0.2564074 0.0000000 0.1467961 0.2173013 0.1666549 0.1890702 0.1838296 0.1713583 0.1640291 0.1740631 0.0708886 0.1864355 0.1792867 0.1807409 0.1538621 0.1712453 0.1422923 0.1801361 0.1754697 0.1838296 0.1750444 0.1836479 0.1984009 0.1584215 0.1535595 0.1867513 0.1883744 0.1593969 0.1302579 0.1712086 0.1797357 0.1997934 0.1997793 0.1890952 0.2536164 0.1636310 0.1844211 0.1838296 0.1754908 0.1847279 0.1930992 0.1882415 0.1838296 0.1840292 0.1899539 0.1899060 0.1717636 0.1721749 0.1834607 0.0714373 0.1534805 0.1457852 0.1842688 0.1759856 0.0572242 0.1216735 0.1589216 0.1779918 0.2041668 0.1984009 0.1541297 0.2148393 0.1899517 0.1315817 0.1799462 0.1666057 0.1582022 0.1840812 0.1808251 0.1706689 0.1170990 0.1899900 0.1638743 0.2071793 0.1887822 0.1878479 0.1770617 0.1827832 0.1893694 
Helianthus_annuus_SRR9119062               0.3318210 0.2408080 0.2128120 0.4834491 0.2362611 0.3934697 0.3311852 0.1467961 0.0000000 0.4910437 0.2302715 0.2535211 0.1989056 0.1751615 0.1330493 0.2530569 0.0905899 0.2487315 0.2256897 0.2635434 0.2440208 0.2449299 0.1718957 0.2660679 0.2644673 0.2476477 0.2558411 0.3308571 0.2735533 0.2120884 0.2317331 0.2866037 0.2906764 0.2119682 0.1440310 0.1880468 0.2592889 0.2441201 0.2469982 0.1975341 0.3250707 0.2377730 0.2623582 0.2477579 0.2480787 0.2440553 0.2618068 0.2477856 0.2495844 0.2612192 0.2642426 0.2522986 0.2585303 0.2056979 0.2512882 0.2300707 0.1566512 0.1330061 0.2001876 0.2399099 0.0513906 0.1150077 0.2432109 0.1729728 0.2084729 0.2694992 0.1642802 0.3255792 0.3083350 0.1275666 0.2512685 0.1964761 0.1665846 0.2452421 0.1987500 0.2146736 0.1267474 0.2522201 0.2353232 0.1690015 0.2514335 0.1409522 0.2042276 0.1758322 0.4259171 
Lycapsus_tenuifolius_17                    0.4242549 0.2615618 0.3185407 0.6327344 0.3940946 0.3428520 0.4985864 0.2173013 0.4910437 0.0000000 0.3858480 0.3764719 0.3165527 0.2408377 0.0744977 0.3907590 0.0196875 0.4393942 0.2936103 0.3686317 0.3070239 0.3455535 0.1098839 0.3828275 0.3748552 0.3848995 0.3845933 0.3466802 0.4157681 0.3511160 0.3456417 0.4780945 0.4824011 0.1260774 0.1528423 0.2771020 0.3775818 0.3825427 0.3738671 0.2908970 0.4562123 0.2851067 0.3822652 0.3896350 0.3789741 0.3743166 0.3942928 0.3850955 0.3867871 0.3917353 0.3692179 0.3838041 0.3837306 0.3251729 0.3220170 0.2475633 0.1349692 0.1122740 0.3191299 0.3316345 0.0225244 0.0475046 0.3044453 0.0911727 0.3233568 0.4154235 0.1698357 0.4061826 0.3966969 0.0652105 0.3879677 0.2204622 0.3178684 0.3822359 0.2897925 0.3327928 0.0708926 0.3553891 0.3177825 0.1460102 0.3931497 0.1266593 0.3135394 0.3378998 0.3707354 
Pericome_caudata_50_silver                 0.2213975 0.1572565 0.0652631 0.4400838 0.1208560 0.3285186 0.3140683 0.1666549 0.2302715 0.3858480 0.0000000 0.0572049 0.0470667 0.0414610 0.0366345 0.0530635 0.0250199 0.1975106 0.0673459 0.0521979 0.0347194 0.0599458 0.1027882 0.0556381 0.0477020 0.0503964 0.0503745 0.1314934 0.0833874 0.1899211 0.2326515 0.2357642 0.2387756 0.1128427 0.0542994 0.0536998 0.0718244 0.0449085 0.0753472 0.0559349 0.2526043 0.0482844 0.0743427 0.0517965 0.0684773 0.0789280 0.0597731 0.0504488 0.0545419 0.0766792 0.0519365 0.0531457 0.0527532 0.0581438 0.2033076 0.0637140 0.0459781 0.0321613 0.0465001 0.0507884 0.0398228 0.0467495 0.0885826 0.0817453 0.0568155 0.0864698 0.0404049 0.1559106 0.1913507 0.0208069 0.0543933 0.0384138 0.1964010 0.0476210 0.0433848 0.0461829 0.0570181 0.0641787 0.0793395 0.1057131 0.0586551 0.1089911 0.0453661 0.1832240 0.3229592 
Perityle_aglossa_84_dead_horse             0.2129117 0.1575184 0.0780989 0.4436918 0.1439810 0.3461175 0.3227562 0.1890702 0.2535211 0.3764719 0.0572049 0.0000000 0.0342375 0.0419131 0.0282294 0.0475330 0.0117109 0.2057795 0.0872505 0.0424676 0.0221898 0.0391544 0.0978004 0.0514165 0.0393913 0.0331258 0.0476588 0.1227403 0.0924680 0.2050492 0.2594389 0.2463325 0.2506589 0.1123449 0.0635172 0.0681280 0.0741031 0.0279419 0.0745543 0.0576104 0.2426696 0.0502685 0.0751230 0.0318517 0.0666911 0.0689184 0.0539753 0.0331589 0.0370568 0.0760861 0.0393809 0.0331508 0.0500306 0.0512569 0.1917381 0.0514986 0.0487934 0.0357036 0.0338200 0.0300002 0.0398052 0.0400279 0.0954153 0.0751871 0.0277985 0.0911967 0.0473511 0.1529125 0.2041327 0.0157159 0.0356237 0.0494992 0.2179116 0.0291899 0.0271213 0.0462970 0.0505612 0.0627531 0.0849946 0.1032501 0.0266452 0.0838397 0.0310763 0.2043318 0.3195933 
Perityle_ajoensis_204                      0.1279600 0.1075114 0.0719397 0.4120352 0.1130937 0.3467799 0.2390192 0.1838296 0.1989056 0.3165527 0.0470667 0.0342375 0.0000000 0.0304098 0.0282805 0.0422240 0.0077990 0.2001880 0.0711377 0.0295690 0.0226370 0.0173801 0.0980344 0.0352621 0.0249827 0.0076513 0.0343323 0.1474903 0.0902479 0.2006917 0.2482590 0.2416349 0.2363917 0.1078107 0.0198903 0.0576371 0.0492370 0.0216773 0.0651214 0.0398639 0.1096107 0.0332098 0.0571076 0.0076543 0.0536937 0.0637906 0.0416461 0.0076553 0.0092048 0.0579719 0.0300482 0.0295898 0.0286564 0.0366381 0.0331536 0.0440106 0.0533934 0.0187901 0.0122934 0.0088391 0.0339887 0.0401089 0.0859467 0.0668027 0.0310906 0.0886880 0.0286701 0.1722839 0.1523576 0.0157563 0.0278516 0.0287879 0.1966313 0.0076461 0.0063345 0.0367943 0.0311931 0.0638170 0.0651316 0.0961130 0.0310602 0.0903067 0.0092401 0.1860819 0.2730728 
Perityle_ambrosiifolia_67_green            0.0657248 0.0667703 0.0658435 0.3735241 0.1088186 0.3512868 0.2037305 0.1713583 0.1751615 0.2408377 0.0414610 0.0419131 0.0304098 0.0000000 0.0251202 0.0437071 0.0239346 0.1925325 0.0694803 0.0361211 0.0263809 0.0341083 0.1028972 0.0168848 0.0112018 0.0302202 0.0283295 0.1299094 0.0638043 0.1805701 0.2541859 0.1882756 0.1867415 0.1030622 0.0129045 0.0592295 0.0577867 0.0322404 0.0700997 0.0461212 0.1041507 0.0200939 0.0638086 0.0321743 0.0577107 0.0709859 0.0263884 0.0302048 0.0341570 0.0588299 0.0342927 0.0420376 0.0092909 0.0328002 0.0153234 0.0444598 0.0583281 0.0363232 0.0321935 0.0342936 0.0281931 0.0559838 0.0825807 0.0563115 0.0457552 0.0639549 0.0369716 0.1181402 0.1037363 0.0240233 0.0418498 0.0083004 0.1805924 0.0282945 0.0302276 0.0130748 0.0447320 0.0663499 0.0631780 0.0697224 0.0477981 0.1011578 0.0341570 0.1757036 0.2333424 
Perityle_angustifolia_13_Eagle_creek       0.0410628 0.0382359 0.0711321 0.2912442 0.0887374 0.3074366 0.2056398 0.1640291 0.1330493 0.0744977 0.0366345 0.0282294 0.0282805 0.0251202 0.0000000 0.0443837 0.0321595 0.1611677 0.0478065 0.0348937 0.0360284 0.0314908 0.1077094 0.0187561 0.0187132 0.0250643 0.0314859 0.0477576 0.0411199 0.1424219 0.1526392 0.1572676 0.1611673 0.0479900 0.0203780 0.0543143 0.0477811 0.0282153 0.0510534 0.0445458 0.1262343 0.0219395 0.0543330 0.0250643 0.0543431 0.0520551 0.0155285 0.0282342 0.0250643 0.0491672 0.0155537 0.0315543 0.0124068 0.0529561 0.0000010 0.0538175 0.0510695 0.0349113 0.0315350 0.0250643 0.0339845 0.0520557 0.0934241 0.0522452 0.0314756 0.0443982 0.0346274 0.0688452 0.0492397 0.0328522 0.0314885 0.0132935 0.1490260 0.0250643 0.0282696 0.0187030 0.0324052 0.0617197 0.0476739 0.0500599 0.0412359 0.0574411 0.0250643 0.1421605 0.1348024 
Perityle_batopilensis_97                   0.2216359 0.1641438 0.0747593 0.4570679 0.1424205 0.3579978 0.3194730 0.1740631 0.2530569 0.3907590 0.0530635 0.0475330 0.0422240 0.0437071 0.0443837 0.0000000 0.0236764 0.2073788 0.0797258 0.0465384 0.0222212 0.0478961 0.1017903 0.0499958 0.0392872 0.0383555 0.0423104 0.1306042 0.0895998 0.2140038 0.2505123 0.2461177 0.2504746 0.1258979 0.0607162 0.0627776 0.0657052 0.0370803 0.0716744 0.0538720 0.2356578 0.0434962 0.0667515 0.0396883 0.0624884 0.0705627 0.0525829 0.0383939 0.0409961 0.0703581 0.0491650 0.0423610 0.0444943 0.0511817 0.1940527 0.0484882 0.0487398 0.0332462 0.0417066 0.0417636 0.0513974 0.0438335 0.0934334 0.0751088 0.0517369 0.0883288 0.0388683 0.1556980 0.2016489 0.0237632 0.0448303 0.0432501 0.2227522 0.0343853 0.0369762 0.0445821 0.0639505 0.0702705 0.0784770 0.1137733 0.0435409 0.0997741 0.0390668 0.2084002 0.3308890 
Perityle_bisetosa_9                        0.0156571 0.0077976 0.0356466 0.1709401 0.0398531 0.2658463 0.1088482 0.0708886 0.0905899 0.0196875 0.0250199 0.0117109 0.0077990 0.0239346 0.0321595 0.0236764 0.0000000 0.1003305 0.0196248 0.0156557 0.0092628 0.0117339 0.0120237 0.0239654 0.0280272 0.0077990 0.0196713 0.0236286 0.0276767 0.0875475 0.0955126 0.0958473 0.1058474 0.0156928 0.0156587 0.0157007 0.0277002 0.0038850 0.0237696 0.0236092 0.0000010 0.0281179 0.0317123 0.0077990 0.0276657 0.0236238 0.0279687 0.0117168 0.0077990 0.0277001 0.0198858 0.0038874 0.0239346 0.0236431 0.0321595 0.0269902 0.0236780 0.0117269 0.0077990 0.0077990 0.0339887 0.0280044 0.0241122 0.0196713 0.0117218 0.0276767 0.0196713 0.0321703 0.0327662 0.0047866 0.0000010 0.0274486 0.0912020 0.0077990 0.0117350 0.0239346 0.0321693 0.0316237 0.0276896 0.0363482 0.0038914 0.0235914 0.0077990 0.0872029 0.0317948 
Perityle_californica_76_positas            0.3194988 0.2593675 0.2193227 0.4558337 0.2040078 0.3867599 0.3404451 0.1864355 0.2487315 0.4393942 0.1975106 0.2057795 0.2001880 0.1925325 0.1611677 0.2073788 0.1003305 0.0000000 0.2176664 0.2017910 0.1758196 0.1996522 0.1862136 0.2078267 0.2038359 0.1989492 0.2007538 0.2676124 0.2361483 0.0908876 0.1345907 0.0165411 0.0526850 0.2616215 0.1924885 0.1926433 0.2053312 0.1921398 0.2043944 0.2034283 0.3951496 0.1964554 0.2146595 0.1990893 0.2032539 0.2019851 0.2200950 0.1933712 0.2025803 0.2088828 0.2065893 0.2027651 0.2016379 0.2109625 0.3441868 0.1330879 0.1872089 0.1686947 0.1990490 0.2007496 0.0515340 0.1323488 0.2198342 0.2009970 0.2191132 0.2368521 0.1909773 0.2434217 0.3126259 0.1253292 0.2092316 0.1991377 0.0810068 0.1969856 0.1986007 0.2087608 0.1604838 0.2005549 0.2180284 0.2446281 0.2113064 0.1879467 0.2024862 0.0441678 0.4262576 
Perityle_canescens_77                      0.1518352 0.1264748 0.0928072 0.4414472 0.1356814 0.3261792 0.2805384 0.1792867 0.2256897 0.2936103 0.0673459 0.0872505 0.0711377 0.0694803 0.0478065 0.0797258 0.0196248 0.2176664 0.0000000 0.0746456 0.0360692 0.0786476 0.0982111 0.0737859 0.0755902 0.0672007 0.0708834 0.1638852 0.1191385 0.2302128 0.2589152 0.2564249 0.2566368 0.0793687 0.0316246 0.0832849 0.0786941 0.0764912 0.1042945 0.0831055 0.1543641 0.0646151 0.0817188 0.0690249 0.0797722 0.1050970 0.0828040 0.0689742 0.0709486 0.0869863 0.0726364 0.0801490 0.0680811 0.0816179 0.0592310 0.0484320 0.0640656 0.0474956 0.0763807 0.0746690 0.0281931 0.0474645 0.1127863 0.0780336 0.0854830 0.1234169 0.0636336 0.1967637 0.1792391 0.0238254 0.0744911 0.0514709 0.2186966 0.0707753 0.0679630 0.0754144 0.0670418 0.0898200 0.0801513 0.1093670 0.0855327 0.1033272 0.0712538 0.2108887 0.2647392 
Perityle_castillonii_96                    0.1941471 0.1561358 0.0767771 0.4396337 0.1376722 0.3573940 0.3190069 0.1807409 0.2635434 0.3686317 0.0521979 0.0424676 0.0295690 0.0361211 0.0348937 0.0465384 0.0156557 0.2017910 0.0746456 0.0000000 0.0357384 0.0421943 0.0944487 0.0476370 0.0394141 0.0329931 0.0425229 0.1291159 0.0813038 0.2035818 0.2549939 0.2459354 0.2521514 0.1116861 0.0638647 0.0575195 0.0624879 0.0303655 0.0712888 0.0486571 0.2156189 0.0420461 0.0637008 0.0316676 0.0592603 0.0716213 0.0531610 0.0330273 0.0357228 0.0658560 0.0422934 0.0384968 0.0448001 0.0430977 0.1748609 0.0422435 0.0417591 0.0333639 0.0339340 0.0327616 0.0224540 0.0253054 0.0873806 0.0558907 0.0390119 0.0815300 0.0369110 0.1606973 0.1946735 0.0118265 0.0383405 0.0465844 0.2112620 0.0316256 0.0256265 0.0432807 0.0474382 0.0683575 0.0835659 0.1039775 0.0397489 0.0809707 0.0280205 0.1983678 0.3096439 
Perityle_cernua_84                         0.1995373 0.1983006 0.0562252 0.4489978 0.1055505 0.2868250 0.4011312 0.1538621 0.2440208 0.3070239 0.0347194 0.0221898 0.0226370 0.0263809 0.0360284 0.0222212 0.0092628 0.1758196 0.0360692 0.0357384 0.0000000 0.0343098 0.0984031 0.0383857 0.0314806 0.0222378 0.0313256 0.0285786 0.0498661 0.1622567 0.1445794 0.1755911 0.1998476 0.0607900 0.0589285 0.0282195 0.0455096 0.0176591 0.0315765 0.0358880 0.4185838 0.0430824 0.0477857 0.0245054 0.0430362 0.0314831 0.0452792 0.0245079 0.0267242 0.0477966 0.0292480 0.0109959 0.0409555 0.0304112 0.2131221 0.0432411 0.0282940 0.0260701 0.0222148 0.0210331 0.0318953 0.0141666 0.0985059 0.0703893 0.0292189 0.0475098 0.0258669 0.0627519 0.1265140 0.0197200 0.0199288 0.0399630 0.1873589 0.0177196 0.0172992 0.0334568 0.0477343 0.0520698 0.0649164 0.0323534 0.0244932 0.0770091 0.0129351 0.1720310 0.2968127 
Perityle_cfvillosa_25_tin                  0.1728763 0.1408506 0.0751162 0.4463091 0.1415746 0.3464970 0.3018945 0.1712453 0.2449299 0.3455535 0.0599458 0.0391544 0.0173801 0.0341083 0.0314908 0.0478961 0.0117339 0.1996522 0.0786476 0.0421943 0.0343098 0.0000000 0.0979790 0.0476431 0.0388461 0.0165459 0.0436153 0.1440386 0.0926685 0.1957999 0.2464476 0.2404636 0.2413902 0.1158483 0.0519536 0.0591893 0.0647902 0.0292775 0.0690592 0.0518218 0.1811293 0.0490228 0.0736291 0.0179479 0.0688866 0.0662270 0.0519889 0.0165536 0.0221527 0.0730249 0.0449128 0.0364255 0.0459674 0.0457970 0.1432731 0.0570495 0.0638868 0.0212033 0.0187585 0.0091270 0.0339887 0.0476812 0.0895408 0.0626127 0.0365865 0.0912727 0.0337387 0.1633385 0.2003010 0.0157469 0.0334048 0.0527610 0.2027998 0.0151412 0.0094904 0.0426490 0.0376222 0.0676684 0.0815327 0.0996591 0.0334643 0.0935134 0.0173275 0.1909566 0.3123236 
Perityle_cinerea_113_Powell1310            0.0901689 0.0976578 0.1176230 0.2813620 0.1220884 0.3142405 0.2009805 0.1422923 0.1718957 0.1098839 0.1027882 0.0978004 0.0980344 0.1028972 0.1077094 0.1017903 0.0120237 0.1862136 0.0982111 0.0944487 0.0984031 0.0979790 0.0000000 0.1030144 0.1069451 0.0940805 0.0979595 0.0979780 0.0863448 0.1812986 0.1932707 0.1814167 0.1911942 0.0947096 0.0938787 0.0977158 0.1057743 0.0901347 0.1101957 0.0979048 0.1212607 0.1070296 0.1095984 0.0940805 0.1056470 0.1058177 0.0989662 0.0978488 0.0940805 0.1057720 0.1069083 0.0901886 0.1028972 0.1021605 0.1110700 0.0483804 0.0982013 0.1017071 0.0940805 0.0940805 0.0167902 0.0286816 0.0687283 0.0935120 0.0978888 0.0863448 0.0979595 0.1030689 0.1173472 0.1016229 0.0864492 0.1338580 0.1846043 0.0940805 0.0979966 0.1109106 0.0537204 0.0941913 0.1056529 0.1111805 0.0980756 0.0898467 0.0940805 0.1727452 0.1585108 
Perityle_coahuilensis_24                   0.2184605 0.1492384 0.0735674 0.4487046 0.1375984 0.3499381 0.3146400 0.1801361 0.2660679 0.3828275 0.0556381 0.0514165 0.0352621 0.0168848 0.0187561 0.0499958 0.0239654 0.2078267 0.0737859 0.0476370 0.0383857 0.0476431 0.1030144 0.0000000 0.0160297 0.0406512 0.0460297 0.1307763 0.0858539 0.1940596 0.2474439 0.2500002 0.2556733 0.1165151 0.0468204 0.0608106 0.0758761 0.0379679 0.0842613 0.0426451 0.2497371 0.0126255 0.0739786 0.0406947 0.0723590 0.0848595 0.0351918 0.0420508 0.0460853 0.0806643 0.0301854 0.0447152 0.0233347 0.0510861 0.1737937 0.0520522 0.0518864 0.0313320 0.0348194 0.0413025 0.0224540 0.0445107 0.0922770 0.0766595 0.0465594 0.0874767 0.0358360 0.1602266 0.2035679 0.0199803 0.0473140 0.0000010 0.2032126 0.0379166 0.0296535 0.0212798 0.0381656 0.0688707 0.0908417 0.0807527 0.0528396 0.0815275 0.0320046 0.1974869 0.3098859 
Perityle_cochisensis_44_cave_creek         0.1972779 0.1514052 0.0646344 0.4501558 0.1334695 0.3498080 0.3122171 0.1754697 0.2644673 0.3748552 0.0477020 0.0393913 0.0249827 0.0112018 0.0187132 0.0392872 0.0280272 0.2038359 0.0755902 0.0394141 0.0314806 0.0388461 0.1069451 0.0160297 0.0000000 0.0310706 0.0338364 0.1128180 0.0818085 0.2005625 0.2526335 0.2192171 0.2270902 0.1139120 0.0497182 0.0581615 0.0638149 0.0324682 0.0749553 0.0462727 0.2551679 0.0158117 0.0651066 0.0311047 0.0606432 0.0724022 0.0241544 0.0310779 0.0366283 0.0689440 0.0245775 0.0380397 0.0120043 0.0428429 0.1738534 0.0550909 0.0470507 0.0288481 0.0279940 0.0337242 0.0340079 0.0481315 0.0946796 0.0736070 0.0418670 0.0819619 0.0293518 0.1329357 0.1771625 0.0281330 0.0407189 0.0120544 0.2105823 0.0282832 0.0222877 0.0094364 0.0315708 0.0673131 0.0809688 0.0734454 0.0449831 0.0941515 0.0249857 0.1995909 0.3116997 
Perityle_congesta_202                      0.2076109 0.1530698 0.0666449 0.4527972 0.1327062 0.3404458 0.3167063 0.1838296 0.2476477 0.3848995 0.0503964 0.0331258 0.0076513 0.0302202 0.0250643 0.0383555 0.0077990 0.1989492 0.0672007 0.0329931 0.0222378 0.0165459 0.0940805 0.0406512 0.0310706 0.0000000 0.0358047 0.1276546 0.0841647 0.2013580 0.2464990 0.2363403 0.2406040 0.1192568 0.0521396 0.0555451 0.0590063 0.0228267 0.0641364 0.0414193 0.2268856 0.0436092 0.0614807 0.0075215 0.0586041 0.0629972 0.0458968 0.0075224 0.0113053 0.0608013 0.0365821 0.0280076 0.0352172 0.0364860 0.1869894 0.0484319 0.0512970 0.0188125 0.0106142 0.0127008 0.0339887 0.0401089 0.0855302 0.0639694 0.0293735 0.0828894 0.0284851 0.1496608 0.1927078 0.0117738 0.0304881 0.0400874 0.2110321 0.0062538 0.0047242 0.0337042 0.0311931 0.0581982 0.0753371 0.0960791 0.0305259 0.0870483 0.0076581 0.1939738 0.3056900 
Perityle_cordifolia_27                     0.2038398 0.1467376 0.0715991 0.4481985 0.1309951 0.3455637 0.3099925 0.1750444 0.2558411 0.3845933 0.0503745 0.0476588 0.0343323 0.0283295 0.0314859 0.0423104 0.0196713 0.2007538 0.0708834 0.0425229 0.0313256 0.0436153 0.0979595 0.0460297 0.0338364 0.0358047 0.0000000 0.1259470 0.0783550 0.2014566 0.2382864 0.2398947 0.2407138 0.1126329 0.0550091 0.0555469 0.0617465 0.0345432 0.0702701 0.0432285 0.2395627 0.0419581 0.0614620 0.0371342 0.0599195 0.0706786 0.0472755 0.0358406 0.0397581 0.0676589 0.0463616 0.0424730 0.0378732 0.0219750 0.1839133 0.0483793 0.0513333 0.0236532 0.0322989 0.0315235 0.0397392 0.0402021 0.0895937 0.0556702 0.0389245 0.0799138 0.0182028 0.1462056 0.1883855 0.0197422 0.0449486 0.0496935 0.2039681 0.0318439 0.0288505 0.0352681 0.0541156 0.0612341 0.0736860 0.1109006 0.0410382 0.0872197 0.0311621 0.1920493 0.3177622 
Perityle_cordifolia_68_tecolote            0.2377422 0.1269641 0.1737428 0.4662484 0.2227509 0.3721289 0.3760054 0.1836479 0.3308571 0.3466802 0.1314934 0.1227403 0.1474903 0.1299094 0.0477576 0.1306042 0.0236286 0.2676124 0.1638852 0.1291159 0.0285786 0.1440386 0.0979780 0.1307763 0.1128180 0.1276546 0.1259470 0.0000000 0.1473344 0.2192467 0.2435758 0.2884843 0.2930275 0.1146341 0.0624337 0.1425676 0.1515798 0.1180335 0.1584361 0.1384707 0.3518725 0.0481964 0.1527485 0.1293498 0.1439967 0.1611619 0.1403511 0.1243882 0.1325597 0.1550762 0.1162745 0.1261286 0.1308399 0.1551581 0.2145014 0.0549278 0.0090066 0.0449235 0.1473536 0.1061316 0.0397078 0.0439156 0.1841187 0.0808148 0.1528624 0.1493191 0.0464779 0.1700898 0.2295625 0.0280726 0.1304029 0.0436641 0.2109648 0.1211025 0.1467140 0.1465436 0.0739070 0.1333947 0.1251703 0.1400339 0.1306115 0.0869778 0.1455107 0.2438368 0.3142477 
Perityle_coronopifolia_28_patagonia        0.2316210 0.1618182 0.1176694 0.4436577 0.1838924 0.3764384 0.3481304 0.1984009 0.2735533 0.4157681 0.0833874 0.0924680 0.0902479 0.0638043 0.0411199 0.0895998 0.0276767 0.2361483 0.1191385 0.0813038 0.0498661 0.0926685 0.0863448 0.0858539 0.0818085 0.0841647 0.0783550 0.1473344 0.0000000 0.2181841 0.2476608 0.2709093 0.2830894 0.1351272 0.0783044 0.0995349 0.1006290 0.0729654 0.1002382 0.0837027 0.2905566 0.0569466 0.1001912 0.0856251 0.0969585 0.1024579 0.0886253 0.0842532 0.0856363 0.1057676 0.0786317 0.0840856 0.0858097 0.0952976 0.2052889 0.0482998 0.0608637 0.0504498 0.0890878 0.0645807 0.0111442 0.0326017 0.1298202 0.0779494 0.0948985 0.0138887 0.0558998 0.1712446 0.2143835 0.0318774 0.0853166 0.0625616 0.2257061 0.0770498 0.0824755 0.0900155 0.0571710 0.0958001 0.1059894 0.1209717 0.0882681 0.0649584 0.0816451 0.2240987 0.3297324 
Perityle_crassifolia_70_ventanas           0.2047131 0.2010639 0.2212078 0.4442870 0.1934053 0.4265222 0.2960407 0.1584215 0.2120884 0.3511160 0.1899211 0.2050492 0.2006917 0.1805701 0.1424219 0.2140038 0.0875475 0.0908876 0.2302128 0.2035818 0.1622567 0.1957999 0.1812986 0.1940596 0.2005625 0.2013580 0.2014566 0.2192467 0.2181841 0.0000000 0.0893315 0.0791676 0.0868399 0.2532282 0.1711801 0.1815494 0.2019818 0.1877006 0.1975994 0.2130110 0.3099009 0.1889553 0.2130874 0.2014539 0.2080377 0.1971848 0.2158115 0.1945196 0.2037162 0.2105777 0.2056921 0.1966127 0.2045848 0.2143396 0.2106828 0.1001269 0.1735362 0.1548045 0.1970767 0.1983403 0.0694363 0.1287503 0.2134091 0.1846915 0.2155632 0.2146904 0.1942964 0.2139304 0.2551205 0.0976904 0.2006194 0.1644850 0.0343535 0.1947219 0.1937602 0.2031096 0.1502338 0.1983729 0.1977392 0.2189494 0.2165680 0.1811490 0.2003897 0.0824738 0.3704446 
Perityle_crassifolia_74_playa_balandra     0.2625116 0.2142780 0.2707015 0.4426829 0.2366667 0.4253555 0.2932255 0.1535595 0.2317331 0.3456417 0.2326515 0.2594389 0.2482590 0.2541859 0.1526392 0.2505123 0.0955126 0.1345907 0.2589152 0.2549939 0.1445794 0.2464476 0.1932707 0.2474439 0.2526335 0.2464990 0.2382864 0.2435758 0.2476608 0.0893315 0.0000000 0.1291869 0.1316941 0.2625477 0.1311516 0.2242349 0.2484858 0.2433488 0.2667892 0.2597697 0.3005577 0.1770443 0.2571703 0.2464931 0.2538902 0.2672765 0.2629891 0.2462474 0.2496608 0.2609416 0.2499707 0.2572571 0.2513677 0.2610608 0.1575366 0.1057288 0.1673224 0.1688248 0.2463749 0.2517342 0.0694363 0.1317514 0.2793695 0.1831487 0.2647980 0.2535504 0.1821570 0.2468636 0.2516927 0.1151147 0.2536073 0.1451344 0.0507396 0.2437402 0.2464990 0.2548560 0.1527408 0.2482441 0.2515294 0.2415144 0.2593879 0.1909288 0.2496608 0.1262788 0.3877523 
Perityle_cuneata_34_cuneata_San_antonio    0.3498447 0.2484678 0.2684178 0.4486933 0.2387913 0.3928060 0.3640583 0.1867513 0.2866037 0.4780945 0.2357642 0.2463325 0.2416349 0.1882756 0.1572676 0.2461177 0.0958473 0.0165411 0.2564249 0.2459354 0.1755911 0.2404636 0.1814167 0.2500002 0.2192171 0.2363403 0.2398947 0.2884843 0.2709093 0.0791676 0.1291869 0.0000000 0.0532406 0.2558307 0.1885583 0.2402454 0.2419013 0.2297280 0.2448622 0.1994867 0.4334776 0.1941663 0.2536369 0.2364991 0.2440187 0.2461328 0.2597286 0.2328229 0.2399168 0.2499434 0.2150590 0.2419826 0.2416851 0.2552186 0.3368400 0.1367677 0.1812195 0.1599743 0.2421997 0.1996218 0.0515340 0.1365243 0.2518164 0.1941249 0.2621166 0.2678443 0.1853770 0.2789412 0.3512744 0.1203308 0.2478968 0.1945953 0.0681716 0.2343691 0.2410271 0.2559993 0.1527951 0.2020805 0.2592600 0.2357285 0.2465164 0.1838261 0.2461808 0.0386937 0.4229581 
Perityle_cuneata_4                         0.3642052 0.2574401 0.2610810 0.4529475 0.2325907 0.3984541 0.3635164 0.1883744 0.2906764 0.4824011 0.2387756 0.2506589 0.2363917 0.1867415 0.1611673 0.2504746 0.1058474 0.0526850 0.2566368 0.2521514 0.1998476 0.2413902 0.1911942 0.2556733 0.2270902 0.2406040 0.2407138 0.2930275 0.2830894 0.0868399 0.1316941 0.0532406 0.0000000 0.2690515 0.1932892 0.2298671 0.2501418 0.2392501 0.2489970 0.2030602 0.4340546 0.2128846 0.2578307 0.2407664 0.2500387 0.2491313 0.2635871 0.2370601 0.2442067 0.2580199 0.2248496 0.2444884 0.2436482 0.2432465 0.3470295 0.1705019 0.1907831 0.1665046 0.2347788 0.2098561 0.0754126 0.1461344 0.2482941 0.2018532 0.2544998 0.2836510 0.1839391 0.2926889 0.3561435 0.1402342 0.2505468 0.2073272 0.0703596 0.2386141 0.2356395 0.2521337 0.1568860 0.2130640 0.2612514 0.2445669 0.2508476 0.2001823 0.2386312 0.0390474 0.4336093 
Perityle_discoidea_81                      0.1288324 0.1595036 0.1327806 0.4286169 0.1691821 0.3315308 0.3076616 0.1593969 0.2119682 0.1260774 0.1128427 0.1123449 0.1078107 0.1030622 0.0479900 0.1258979 0.0156928 0.2616215 0.0793687 0.1116861 0.0607900 0.1158483 0.0947096 0.1165151 0.1139120 0.1192568 0.1126329 0.1146341 0.1351272 0.2532282 0.2625477 0.2558307 0.2690515 0.0000000 0.0409352 0.1098234 0.1192799 0.1167045 0.1288791 0.1124434 0.2344682 0.1167835 0.1260623 0.1169779 0.1261140 0.1302958 0.1227827 0.1191567 0.1193549 0.1293109 0.1203991 0.1192696 0.1074609 0.1127362 0.0892450 0.0668091 0.0621189 0.0685245 0.1120943 0.1226072 0.0225244 0.0437017 0.1599546 0.0672885 0.1165622 0.1327975 0.0907483 0.1501363 0.1285689 0.0280615 0.1235766 0.0599314 0.2611840 0.1170419 0.1076718 0.1137590 0.0673034 0.1465310 0.1162079 0.1107549 0.1331164 0.0867403 0.1056104 0.2473933 0.2106331 
Perityle_dissecta_201                      0.0280804 0.1085737 0.0462505 0.3904563 0.0936336 0.2996243 0.2969545 0.1302579 0.1440310 0.1528423 0.0542994 0.0635172 0.0198903 0.0129045 0.0203780 0.0607162 0.0156587 0.1924885 0.0316246 0.0638647 0.0589285 0.0519536 0.0938787 0.0468204 0.0497182 0.0521396 0.0550091 0.0624337 0.0783044 0.1711801 0.1311516 0.1885583 0.1932892 0.0409352 0.0000000 0.0276802 0.0639448 0.0548240 0.0279847 0.0315236 0.2143366 0.0584297 0.0636113 0.0521427 0.0636219 0.0247361 0.0552302 0.0520706 0.0549908 0.0637333 0.0498667 0.0464334 0.0471511 0.0295756 0.0471055 0.0438976 0.0655589 0.0192263 0.0198508 0.0465892 0.0281931 0.0277998 0.0910745 0.0638743 0.0256599 0.0753304 0.0198398 0.0716215 0.0431045 0.0157141 0.0493171 0.0580956 0.1625435 0.0492455 0.0150719 0.0199927 0.0397646 0.0642246 0.0317208 0.0267906 0.0637488 0.0626343 0.0113660 0.1779593 0.1921646 
Perityle_emoryi_47_punta_san_jose          0.1418228 0.1040552 0.0734729 0.3770657 0.1268920 0.3310123 0.2179518 0.1712086 0.1880468 0.2771020 0.0536998 0.0681280 0.0576371 0.0592295 0.0543143 0.0627776 0.0157007 0.1926433 0.0832849 0.0575195 0.0282195 0.0591893 0.0977158 0.0608106 0.0581615 0.0555451 0.0555469 0.1425676 0.0995349 0.1815494 0.2242349 0.2402454 0.2298671 0.1098234 0.0276802 0.0000000 0.0667853 0.0485702 0.0875106 0.0701566 0.1164643 0.0518194 0.0683273 0.0555694 0.0699504 0.0881420 0.0642015 0.0555773 0.0574444 0.0749935 0.0656822 0.0573515 0.0586655 0.0584779 0.0478787 0.0440359 0.0650366 0.0494077 0.0555994 0.0583872 0.0224540 0.0402192 0.0825887 0.0658026 0.0627166 0.0919929 0.0444478 0.1764719 0.1562952 0.0197524 0.0555112 0.0399379 0.1809885 0.0536914 0.0538214 0.0661939 0.0770091 0.0721436 0.0707800 0.1253891 0.0645731 0.1064723 0.0574444 0.1747357 0.2629873 
Perityle_feddemae_99                       0.2329378 0.1651421 0.0822322 0.4515656 0.1437768 0.3230242 0.3260249 0.1797357 0.2592889 0.3775818 0.0718244 0.0741031 0.0492370 0.0577867 0.0477811 0.0657052 0.0277002 0.2053312 0.0786941 0.0624879 0.0455096 0.0647902 0.1057743 0.0758761 0.0638149 0.0590063 0.0617465 0.1515798 0.1006290 0.2019818 0.2484858 0.2419013 0.2501418 0.1192799 0.0639448 0.0667853 0.0000000 0.0604371 0.0844945 0.0650485 0.2547136 0.0710692 0.0256858 0.0576545 0.0243089 0.0834330 0.0728398 0.0590670 0.0576635 0.0273010 0.0680364 0.0645647 0.0672253 0.0635819 0.2046025 0.0741593 0.0537097 0.0455175 0.0552629 0.0601192 0.0281931 0.0514320 0.1002128 0.0807288 0.0672119 0.0978598 0.0517962 0.1706033 0.2036439 0.0237201 0.0698724 0.0499860 0.2063902 0.0576067 0.0508165 0.0613727 0.0705390 0.0861741 0.0990738 0.1214753 0.0670931 0.0999304 0.0459812 0.1899216 0.3213551 
Perityle_fosteri_93                        0.2025615 0.1503512 0.0716530 0.4407186 0.1310150 0.3457061 0.3127075 0.1997934 0.2441201 0.3825427 0.0449085 0.0279419 0.0216773 0.0322404 0.0282153 0.0370803 0.0038850 0.1921398 0.0764912 0.0303655 0.0176591 0.0292775 0.0901347 0.0379679 0.0324682 0.0228267 0.0345432 0.1180335 0.0729654 0.1877006 0.2433488 0.2297280 0.2392501 0.1167045 0.0548240 0.0485702 0.0604371 0.0000000 0.0627991 0.0468556 0.2256991 0.0368726 0.0615580 0.0241275 0.0572793 0.0631628 0.0405009 0.0228494 0.0267092 0.0664357 0.0310728 0.0228439 0.0392792 0.0431137 0.1860029 0.0421521 0.0438751 0.0235457 0.0245138 0.0184624 0.0281968 0.0326056 0.0838160 0.0638466 0.0262814 0.0745065 0.0345989 0.1433658 0.1872488 0.0000010 0.0227635 0.0336414 0.2006873 0.0189491 0.0175077 0.0337418 0.0407802 0.0567719 0.0768563 0.1030457 0.0241113 0.0837869 0.0216797 0.1921702 0.3068751 
Perityle_gamon_221                         0.2149892 0.1486839 0.0912853 0.4027100 0.1460422 0.3522670 0.2836022 0.1997793 0.2469982 0.3738671 0.0753472 0.0745543 0.0651214 0.0700997 0.0510534 0.0716744 0.0237696 0.2043944 0.1042945 0.0712888 0.0315765 0.0690592 0.1101957 0.0842613 0.0749553 0.0641364 0.0702701 0.1584361 0.1002382 0.1975994 0.2667892 0.2448622 0.2489970 0.1288791 0.0279847 0.0875106 0.0844945 0.0627991 0.0000000 0.0666491 0.2258510 0.0698228 0.0873725 0.0656629 0.0825048 0.0166804 0.0839192 0.0641668 0.0671838 0.0900721 0.0730889 0.0687092 0.0776413 0.0840915 0.1924259 0.0557847 0.0837893 0.0558556 0.0660096 0.0560032 0.0514444 0.0515995 0.1065386 0.0850238 0.0786916 0.0986906 0.0574680 0.1779429 0.2084545 0.0279887 0.0699842 0.0465172 0.1955996 0.0625980 0.0648682 0.0846317 0.0775013 0.0786719 0.1027784 0.1072145 0.0730388 0.1035045 0.0683668 0.1822916 0.3141662 
Perityle_gentryi_8_san_francisco           0.0881093 0.1121964 0.0835185 0.4106525 0.1234368 0.3646965 0.2477960 0.1890952 0.1975341 0.2908970 0.0559349 0.0576104 0.0398639 0.0461212 0.0445458 0.0538720 0.0236092 0.2034283 0.0831055 0.0486571 0.0358880 0.0518218 0.0979048 0.0426451 0.0462727 0.0414193 0.0432285 0.1384707 0.0837027 0.2130110 0.2597697 0.1994867 0.2030602 0.1124434 0.0315236 0.0701566 0.0650485 0.0468556 0.0666491 0.0000000 0.1364417 0.0527396 0.0723774 0.0414374 0.0648804 0.0672605 0.0628767 0.0396187 0.0432676 0.0642341 0.0601882 0.0540915 0.0444074 0.0495749 0.0502518 0.0529855 0.0592232 0.0360934 0.0468183 0.0472880 0.0397392 0.0513325 0.0999235 0.0758353 0.0576189 0.0819646 0.0500244 0.1480153 0.1291563 0.0278603 0.0538568 0.0474549 0.2094738 0.0396440 0.0412015 0.0498771 0.0643557 0.0812466 0.0779624 0.1105041 0.0575708 0.0940696 0.0434545 0.2000269 0.2824790 
Perityle_gilensis_22_Superstition          0.2884237 0.2167283 0.1345253 0.5902646 0.2570259 0.3826522 0.3436446 0.2536164 0.3250707 0.4562123 0.2526043 0.2426696 0.1096107 0.1041507 0.1262343 0.2356578 0.0000010 0.3951496 0.1543641 0.2156189 0.4185838 0.1811293 0.1212607 0.2497371 0.2551679 0.2268856 0.2395627 0.3518725 0.2905566 0.3099009 0.3005577 0.4334776 0.4340546 0.2344682 0.2143366 0.1164643 0.2547136 0.2256991 0.2258510 0.1364417 0.0000000 0.2920422 0.2529604 0.2253768 0.2500078 0.2234189 0.2501901 0.2284685 0.2339787 0.2622464 0.2492357 0.2284999 0.2468432 0.1174425 0.4164202 0.2888231 0.2044616 0.1023443 0.1136394 0.2396618 0.0339887 0.0477367 0.0921205 0.1285385 0.1182939 0.2912855 0.1422103 0.3392400 0.2799408 0.1134738 0.2300827 0.3238161 0.2777409 0.2246666 0.0888923 0.1466472 0.0573336 0.2382047 0.2293696 0.1965984 0.2371287 0.1624498 0.1079599 0.2955982 0.3584431 
Perityle_gilensis_salensis_225             0.1658010 0.1484025 0.0673629 0.4184412 0.1295117 0.3578339 0.3386223 0.1636310 0.2377730 0.2851067 0.0482844 0.0502685 0.0332098 0.0200939 0.0219395 0.0434962 0.0281179 0.1964554 0.0646151 0.0420461 0.0430824 0.0490228 0.1070296 0.0126255 0.0158117 0.0436092 0.0419581 0.0481964 0.0569466 0.1889553 0.1770443 0.1941663 0.2128846 0.1167835 0.0584297 0.0518194 0.0710692 0.0368726 0.0698228 0.0527396 0.2920422 0.0000000 0.0726770 0.0436668 0.0690388 0.0726858 0.0286928 0.0436216 0.0503229 0.0774701 0.0303983 0.0452377 0.0206984 0.0426098 0.1791682 0.0521234 0.0495775 0.0362933 0.0368367 0.0469815 0.0224540 0.0368762 0.1012077 0.0737697 0.0478640 0.0586598 0.0380118 0.0761023 0.1148806 0.0281523 0.0485108 0.0120443 0.1995530 0.0386080 0.0301308 0.0214312 0.0381663 0.0721745 0.0820538 0.0822472 0.0569946 0.0912740 0.0332146 0.1920285 0.2643738 
Perityle_glaucescens_94                    0.2398733 0.1811434 0.0782967 0.4543951 0.1497043 0.3283896 0.3259695 0.1844211 0.2623582 0.3822652 0.0743427 0.0751230 0.0571076 0.0638086 0.0543330 0.0667515 0.0317123 0.2146595 0.0817188 0.0637008 0.0477857 0.0736291 0.1095984 0.0739786 0.0651066 0.0614807 0.0614620 0.1527485 0.1001912 0.2130874 0.2571703 0.2536369 0.2578307 0.1260623 0.0636113 0.0683273 0.0256858 0.0615580 0.0873725 0.0723774 0.2529604 0.0726770 0.0000000 0.0600721 0.0190421 0.0863250 0.0751695 0.0629125 0.0615047 0.0245665 0.0708948 0.0656185 0.0681935 0.0648805 0.2094338 0.0710305 0.0559061 0.0504619 0.0565021 0.0663178 0.0341017 0.0476670 0.1034804 0.0836052 0.0701143 0.0989131 0.0538244 0.1749883 0.2104799 0.0278274 0.0709055 0.0497510 0.2211517 0.0586814 0.0538598 0.0624988 0.0772702 0.0876463 0.1004014 0.1327075 0.0681351 0.1000140 0.0489451 0.2069288 0.3282969 
Perityle_gracilis_11                       0.2060312 0.1510519 0.0683362 0.4553615 0.1343966 0.3404458 0.3168433 0.1838296 0.2477579 0.3896350 0.0517965 0.0318517 0.0076543 0.0321743 0.0250643 0.0396883 0.0077990 0.1990893 0.0690249 0.0316676 0.0245054 0.0179479 0.0940805 0.0406947 0.0311047 0.0075215 0.0371342 0.1293498 0.0856251 0.2014539 0.2464931 0.2364991 0.2407664 0.1169779 0.0521427 0.0555694 0.0576545 0.0241275 0.0656629 0.0414374 0.2253768 0.0436668 0.0600721 0.0000000 0.0572619 0.0645288 0.0459461 0.0087879 0.0100424 0.0594375 0.0352271 0.0293206 0.0352546 0.0365006 0.1845760 0.0515855 0.0512970 0.0212059 0.0106182 0.0112811 0.0339887 0.0401089 0.0855701 0.0639694 0.0293850 0.0843501 0.0284865 0.1498180 0.1927841 0.0117738 0.0318015 0.0400874 0.2086556 0.0075145 0.0047261 0.0337462 0.0311931 0.0596623 0.0770032 0.0925070 0.0305112 0.0870483 0.0045854 0.1940645 0.3151047 
