85
Amauria_brandeegeana_62                    0.0000000 0.4067509 0.0000010 0.3736040 0.4053185 0.4763057 0.3737945 0.3951759 0.3875308 0.0000010 0.0000010 0.4415625 0.4136050 0.4177023 0.3990931 0.3851963 0.0000010 0.6285502 0.4053561 0.2184476 0.4423958 0.0654202 0.5960721 0.4138218 0.3855208 0.3954048 0.3879031 0.4018319 0.3987074 0.9285385 0.3799803 0.4012787 0.0000010 0.4196429 0.0000010 0.4894918 0.0803692 0.2192657 0.3938623 0.3898967 0.4457076 0.4564430 0.0903883 0.4136050 0.0905399 0.4574030 0.3096840 0.0000010 0.4004474 0.3931003 0.4171446 0.3879454 0.3941912 0.4638344 0.4500683 0.4273239 0.3694141 0.0000010 0.0654202 0.3897230 0.3673829 0.3952319 0.3633290 0.4275188 0.4165414 0.2786960 0.4183800 0.4100058 0.5642549 0.0000010 0.4138218 0.8868348 0.4125750 0.4136050 0.3509364 0.3859131 0.4095410 0.3949559 0.0000010 0.0000010 0.4118962 0.0000010 0.3842563 0.4193443 0.3761747 
Amauria_carterae_99_mesa                   0.4067509 0.0000000 0.0000010 0.1480249 0.4361548 0.0604590 0.1281594 0.0704432 0.1922687 0.0000010 2.1955709 0.2682177 0.2455757 0.2494420 0.1145821 0.1666875 0.4237344 0.1017980 0.1330754 0.4052972 0.3783553 0.6077847 0.2195434 0.0944768 0.1104194 0.2443275 0.2756294 0.3758462 0.2341115 0.4465868 0.1345811 0.0693527 0.3487107 0.0902704 2.1955709 0.2328480 0.6470470 0.5532281 0.2571048 0.3636602 0.2563188 0.2592443 0.4281369 0.2653454 0.3484576 0.2608222 0.7803988 2.1955709 0.2498395 0.2122810 0.2634163 0.2856765 0.2826615 0.2554332 0.3746572 0.0699602 0.1182663 2.1955709 0.5998108 0.3500000 0.0857264 0.3678832 0.1490426 0.2766617 0.2396641 0.3868476 0.0877530 0.0930909 0.1296552 2.1955709 0.0909587 0.4386778 0.2518579 0.2430865 0.3972331 0.1262149 0.0917258 0.1297828 2.1955709 2.1955709 0.1343366 0.5722254 0.2667159 0.0716430 0.1193211 
Amauria_rotundifolia_SRR9119150            0.0000010 0.0000010 0.0000000 0.3098748 0.0793394 0.8119978 0.2375768 0.1486341 0.2540630 0.0487820 0.1224495 0.1598643 0.1986876 0.1501172 0.2049340 0.2343024 0.1054940 0.1689135 0.2801015 0.1546293 0.2633721 0.1578311 0.1162012 0.4276161 0.6062681 0.1449359 0.1594838 0.3636561 0.0996774 0.0986031 0.2111817 0.1582859 0.4172382 0.2036891 0.1098994 0.3956105 0.1174643 0.1570756 0.2250797 0.1753835 0.1736587 0.2385070 0.1226547 0.1273165 0.1209550 0.1519627 0.1423972 0.1287413 0.3828615 0.1591414 0.1470892 0.1485667 0.1591387 0.1587059 0.1594701 0.2363644 0.1593687 0.1149276 0.1406741 0.2751618 0.0927934 0.1398795 0.1599020 0.1642928 0.0953983 0.1663211 0.9526985 1.0924626 0.1319548 0.1224080 0.3389912 0.1172356 0.1480315 0.1701293 0.1449841 0.1425540 0.2115646 0.2996205 0.1339506 0.1411804 0.2187584 0.1411224 1.3292352 0.1033616 0.2860605 
Conoclinium_coelestinum_SRR9119114         0.3736040 0.1480249 0.3098748 0.0000000 0.3767958 0.1499565 0.2047995 0.1669879 0.2777112 0.2379928 0.2943231 0.3114148 0.2961268 0.2952316 0.2097823 0.2948953 0.2437028 0.2899079 0.2804381 0.3600274 0.3670556 0.3654820 0.2191173 0.2338444 0.2957428 0.2920735 0.3225043 0.3764887 0.3125515 0.3328125 0.2416511 0.2473195 0.3513036 0.2396807 0.2613691 0.3319485 0.4690504 0.3920243 0.2949130 0.3429361 0.2819909 0.2960527 0.3784488 0.3019706 0.3466378 0.3078317 0.3619076 0.2946763 0.3397146 0.3088827 0.3017072 0.3246629 0.3243577 0.3127333 0.3519947 0.2220364 0.2049271 0.2954005 0.3641314 0.3391167 0.1502192 0.3575540 0.2010508 0.3086988 0.3163849 0.3709908 0.1828974 0.4810423 0.2188020 0.2892059 0.2405696 0.3799158 0.3022672 0.2891755 0.3778578 0.2008858 0.2336793 0.2808215 0.3056349 0.3116455 0.2048835 0.3081956 0.3072909 0.1914072 0.2033702 
Eutetras_palmeri_63                        0.4053185 0.4361548 0.0793394 0.3767958 0.0000000 0.5150127 0.3399226 0.3045565 0.3289381 0.0684113 0.1093387 0.2304059 0.2704189 0.2350499 0.3037974 0.3090996 0.2165054 0.2756604 0.2904115 0.1784343 0.2358626 0.1847932 0.2377606 0.4054837 0.5150861 0.2343262 0.2393521 0.3285378 0.1972496 0.2210661 0.3214279 0.2374440 0.4066379 0.2755814 0.1074157 0.4316589 0.2501888 0.1882380 0.3930871 0.2059159 0.2817748 0.3103551 0.1680906 0.2068742 0.1818443 0.2339679 0.1675766 0.1186554 0.3765826 0.2088911 0.2300265 0.2355308 0.2525302 0.2360741 0.2006077 0.3148837 0.2444070 0.1057897 0.1769088 0.2600486 0.2360996 0.1827660 0.2670077 0.2374038 0.1979410 0.2351016 0.5195824 0.7246991 0.3051215 0.1107357 0.3562224 0.2115245 0.2397900 0.2499866 0.2381658 0.2632144 0.2720395 0.3242524 0.1130568 0.1179496 0.3295248 0.1286739 0.4947679 0.2644597 0.3128131 
Eutetras_pringlei_149_quer                 0.4763057 0.0604590 0.8119978 0.1499565 0.5150127 0.0000000 0.1174110 0.1026605 0.1934628 0.8109410 0.8085985 0.2542585 0.2460034 0.2277898 0.1490614 0.2528590 0.2662922 0.1352319 0.2136286 0.4931366 0.3849338 0.4684993 0.2097857 0.0780966 0.1311528 0.2291789 0.2722978 0.3766925 0.2241843 0.3935261 0.1712836 0.1166413 0.2221021 0.1522297 0.4511115 0.2227695 0.5494954 0.6565615 0.2394686 0.3620501 0.2293912 0.2264146 0.5769103 0.2809442 0.3353100 0.2412254 0.5739557 0.7266822 0.3286864 0.3306235 0.2600459 0.2716418 0.2705176 0.2564335 0.3823298 0.0777206 0.2056490 0.9370396 0.4590245 0.3389785 0.0989839 0.3859291 0.1760542 0.2740904 0.2250802 0.3889572 0.0581323 0.0999763 0.1562189 0.7266822 0.0681024 0.3889868 0.2388075 0.2307507 0.3842615 0.1914756 0.1008297 0.1688852 0.7266822 0.6489130 0.0777369 0.7424094 0.2488001 0.0860377 0.1985039 
Eutrochium_fistulosum_SRR9119106           0.3737945 0.1281594 0.2375768 0.2047995 0.3399226 0.1174110 0.0000000 0.1253941 0.2724534 0.1454149 0.2713063 0.3115054 0.2994424 0.2888348 0.1638190 0.2615809 0.1881253 0.2558855 0.2493888 0.3232425 0.3774619 0.3505368 0.1698005 0.2722838 0.3287521 0.2946920 0.3092512 0.4397249 0.3100820 0.2567907 0.1905667 0.2166671 0.3216255 0.2259307 0.1757903 0.3004888 0.4437968 0.3135750 0.3070247 0.3172650 0.3128989 0.3480124 0.3687148 0.2632809 0.3220384 0.3092937 0.3200717 0.2492119 0.3580797 0.2953304 0.3048719 0.3019398 0.3032010 0.3048578 0.3342357 0.1663793 0.1369567 0.2214358 0.3146893 0.3491932 0.1033068 0.3278460 0.1439208 0.3084792 0.3104801 0.3524167 0.2077803 0.4836573 0.2022402 0.2603016 0.2446500 0.3289746 0.3027489 0.3092551 0.3373693 0.1292760 0.1929556 0.2739944 0.2329658 0.2618713 0.1911505 0.2758040 0.3190100 0.1339683 0.1891582 
Galeana_pratensis_104_mex                  0.3951759 0.0704432 0.1486341 0.1669879 0.3045565 0.1026605 0.1253941 0.0000000 0.1755831 0.1173764 0.1084098 0.2320480 0.2187135 0.2245069 0.1416822 0.1746758 0.1699241 0.1660526 0.1297064 0.2633714 0.2705047 0.2610064 0.1511665 0.1242795 0.2025558 0.2212180 0.2452844 0.2796275 0.2009329 0.2463362 0.1538975 0.1119511 0.2665694 0.1280519 0.1003255 0.2598189 0.3993757 0.2753747 0.2971976 0.2813009 0.2399875 0.2373727 0.2792024 0.2091526 0.2697978 0.2391050 0.1881443 0.1018866 0.2224761 0.2388687 0.2336314 0.2448060 0.2448310 0.2269565 0.2737545 0.1169813 0.1460133 0.1049941 0.2569880 0.2505938 0.0885616 0.2675124 0.1533236 0.2387549 0.2059985 0.2975211 0.1021216 0.3312533 0.1700357 0.0928325 0.1132309 0.2718047 0.2288204 0.2231130 0.2791210 0.1371749 0.1062057 0.1470336 0.1019589 0.1126553 0.1275577 0.1322511 0.2985448 0.1169103 0.1547969 
Helianthus_annuus_SRR9119062               0.3875308 0.1922687 0.2540630 0.2777112 0.3289381 0.1934628 0.2724534 0.1755831 0.0000000 0.1845243 0.2641251 0.3151621 0.3486591 0.2962268 0.2309907 0.2841957 0.2094626 0.3033480 0.2343309 0.3203930 0.3768812 0.3598013 0.1590851 0.2619487 0.3474016 0.3088219 0.3251722 0.4113273 0.3186589 0.2450512 0.1825193 0.2566483 0.2490678 0.2782766 0.2505550 0.3479911 0.4541343 0.3169995 0.3351437 0.3118242 0.3440643 0.3640832 0.3596474 0.2808276 0.3346101 0.3178442 0.3373287 0.2497865 0.3405690 0.2885947 0.3129602 0.3203337 0.3265747 0.3207098 0.3500504 0.2202500 0.1796913 0.2490748 0.3383977 0.3553448 0.1618950 0.3381969 0.1872170 0.3233610 0.3159732 0.3252450 0.2495485 0.4970479 0.2368969 0.2612770 0.2824843 0.3068761 0.3160449 0.3145522 0.3222198 0.1894493 0.2403572 0.2655415 0.2554460 0.2503536 0.2358943 0.2834636 0.3459517 0.2071881 0.2084454 
Lycapsus_tenuifolius_17                    0.0000010 0.0000010 0.0487820 0.2379928 0.0684113 0.8109410 0.1454149 0.1173764 0.1845243 0.0000000 0.1135143 0.1216471 0.1254081 0.1244739 0.1313323 0.2014271 0.1066678 0.0961286 0.1978825 0.1172202 0.2024843 0.1262264 0.1261272 0.3057868 0.5602644 0.1155676 0.1338200 0.2650651 0.0909534 0.1095379 0.1088613 0.0763201 0.3216349 0.1120684 0.1088382 0.3566482 0.0937572 0.1226694 0.1104397 0.1171219 0.1416301 0.1683423 0.0958273 0.1136180 0.0963891 0.1155117 0.1170253 0.1135560 0.2972383 0.1179849 0.1155391 0.1160709 0.1277038 0.1121261 0.1000492 0.1951787 0.1262456 0.1172017 0.1155704 0.2450046 0.0799597 0.1102866 0.1402850 0.1181123 0.0819427 0.1370098 0.0000010 1.0517242 0.0830687 0.1049545 0.2485344 0.1010064 0.1213670 0.1194593 0.1161426 0.1140726 0.1203225 0.2096237 0.1159044 0.1224866 0.2043409 0.1137358 0.0000010 0.0816578 0.1629078 
Pericome_caudata_50_silver                 0.0000010 2.1955709 0.1224495 0.2943231 0.1093387 0.8085985 0.2713063 0.1084098 0.2641251 0.1135143 0.0000000 0.1194876 0.1565578 0.1203342 0.1368513 0.1759235 0.0959355 0.1502457 0.2399659 0.1128048 0.1958370 0.1244876 0.1222506 0.3353734 0.6216626 0.1107154 0.1244349 0.2649873 0.1209972 0.1221553 0.1772999 0.1395173 0.3658441 0.1563827 0.1119594 0.3572490 0.1436907 0.1186607 0.1231890 0.1332370 0.1333876 0.2017087 0.1444349 0.1087686 0.1359420 0.1126531 0.1127372 0.1077372 0.3020680 0.1192734 0.1228088 0.1116743 0.1223708 0.1093510 0.1451040 0.2092562 0.1179217 0.1086344 0.1123576 0.2370381 0.1251149 0.1543228 0.1298612 0.1328041 0.1180366 0.1355921 1.1161246 0.9863257 0.0829959 0.1037980 0.2467272 0.1213935 0.1177171 0.1194846 0.1159227 0.1100221 0.1181742 0.2208776 0.1149823 0.1276795 0.2174523 0.1078603 0.0000010 0.1139907 0.2022899 
Perityle_aglossa_84_dead_horse             0.4415625 0.2682177 0.1598643 0.3114148 0.2304059 0.2542585 0.3115054 0.2320480 0.3151621 0.1216471 0.1194876 0.0000000 0.0892090 0.0595108 0.2039812 0.2378845 0.1640944 0.2570483 0.2766097 0.1091999 0.2968772 0.1210352 0.1644863 0.3706709 0.4201715 0.0608370 0.0648692 0.3353674 0.1337394 0.2568935 0.3015400 0.2253836 0.4034382 0.2527105 0.0339781 0.2390189 0.2793305 0.1265185 0.1366438 0.2079989 0.0781910 0.1193529 0.1937831 0.0503046 0.2222508 0.0506887 0.0909448 0.0413834 0.3088052 0.0862020 0.0561034 0.0660360 0.0681230 0.0506349 0.2912856 0.2277831 0.1863601 0.0418121 0.1335931 0.2967041 0.1700897 0.2637802 0.1870829 0.0467641 0.1350589 0.1866213 0.4004742 0.5967406 0.2399545 0.0385712 0.2754605 0.2347114 0.0645792 0.0637889 0.1722170 0.1679572 0.2583897 0.2756211 0.0471697 0.0195445 0.2661478 0.0468742 0.0882138 0.2380232 0.2618489 
Perityle_ajoensis_204                      0.4136050 0.2455757 0.1986876 0.2961268 0.2704189 0.2460034 0.2994424 0.2187135 0.3486591 0.1254081 0.1565578 0.0892090 0.0000000 0.0819496 0.1962245 0.2459865 0.1555225 0.2334756 0.2904825 0.1655520 0.3254608 0.1571760 0.1597968 0.3736104 0.4236646 0.0705336 0.0893701 0.3511135 0.1429995 0.2529334 0.2720417 0.2142693 0.4036765 0.2475100 0.0392643 0.2231788 0.2985080 0.1779029 0.1173956 0.2206802 0.0676040 0.1068506 0.2280713 0.0443719 0.2402018 0.0917726 0.1335480 0.0718160 0.3205784 0.1295132 0.0815944 0.0991446 0.0886276 0.0915404 0.3062124 0.2391515 0.1735891 0.0715557 0.1485471 0.3117511 0.1657993 0.2757789 0.1775066 0.0884406 0.1436325 0.2361317 0.3687897 0.6086446 0.2346665 0.1037849 0.2749879 0.2544506 0.0744550 0.0429588 0.2203099 0.1420144 0.2451156 0.2850051 0.1095365 0.0864574 0.2661065 0.0897295 0.0436990 0.2139128 0.2351606 
Perityle_ambrosiifolia_67_green            0.4177023 0.2494420 0.1501172 0.2952316 0.2350499 0.2277898 0.2888348 0.2245069 0.2962268 0.1244739 0.1203342 0.0595108 0.0819496 0.0000000 0.1880230 0.2670851 0.1572561 0.2493897 0.2848508 0.1003210 0.2920686 0.1298969 0.1546497 0.3751442 0.4121644 0.0624827 0.0671989 0.3137968 0.1332987 0.2349754 0.2719225 0.2116737 0.3726219 0.2327299 0.0250694 0.2552303 0.2636155 0.1180431 0.1409411 0.1824078 0.0630675 0.1147487 0.1849194 0.0475620 0.2082026 0.0483209 0.0889321 0.0364609 0.3221592 0.0717072 0.0432797 0.0758523 0.0682919 0.0565755 0.2543321 0.2319274 0.1807080 0.0404014 0.1266471 0.2799429 0.1769817 0.2419160 0.1808474 0.0530665 0.1324640 0.1870785 0.3609258 0.5824514 0.2273381 0.0263496 0.2654908 0.2187558 0.0661624 0.0573933 0.1666843 0.1713245 0.2400071 0.2658359 0.0398881 0.0404876 0.2628732 0.0423007 0.0819253 0.2253326 0.2411610 
Perityle_angustifolia_13_Eagle_creek       0.3990931 0.1145821 0.2049340 0.2097823 0.3037974 0.1490614 0.1638190 0.1416822 0.2309907 0.1313323 0.1368513 0.2039812 0.1962245 0.1880230 0.0000000 0.1996104 0.1406779 0.1722709 0.1708245 0.1948035 0.3614308 0.2387169 0.0938885 0.2225594 0.2069165 0.1945261 0.2014536 0.3744870 0.2409907 0.2509184 0.1359306 0.1177593 0.3149668 0.1463213 0.0251720 0.2479288 0.3745503 0.1915287 0.2993293 0.2244452 0.2308054 0.2617308 0.2842161 0.1484812 0.2522318 0.1976675 0.1730400 0.0617869 0.2443229 0.1805695 0.1986932 0.2048063 0.2020829 0.1929556 0.2941444 0.1509957 0.0363128 0.0461312 0.2015239 0.3257226 0.0853158 0.2746082 0.0540257 0.2014406 0.2372068 0.2822578 0.1816401 0.4099619 0.1054777 0.0866269 0.1914295 0.2486311 0.1981652 0.1907765 0.2449543 0.0380113 0.1524136 0.2082581 0.0923231 0.0489452 0.1813999 0.1118757 0.2886705 0.0929957 0.0715477 
Perityle_batopilensis_97                   0.3851963 0.1666875 0.2343024 0.2948953 0.3090996 0.2528590 0.2615809 0.1746758 0.2841957 0.2014271 0.1759235 0.2378845 0.2459865 0.2670851 0.1996104 0.0000000 0.2404268 0.2381259 0.1135681 0.2419581 0.2674668 0.2650459 0.1761783 0.0686447 0.2772927 0.2496787 0.2611483 0.3329726 0.2602410 0.3446709 0.1876071 0.1726895 0.5172007 0.1836780 0.0947492 0.3344564 0.3913630 0.2570173 0.3582209 0.2833086 0.2154325 0.2200039 0.2719389 0.2072938 0.3146523 0.2575080 0.2140530 0.1463939 0.2053070 0.2243746 0.2656831 0.2618761 0.2660922 0.2567407 0.3456136 0.1256804 0.1143380 0.1515254 0.2559543 0.3035068 0.1219126 0.3246657 0.1377614 0.2445570 0.2638048 0.3191137 0.1767281 0.4493275 0.1500250 0.1487503 0.1063787 0.3168490 0.2576841 0.2569151 0.3172261 0.1408534 0.1757314 0.1326411 0.1711916 0.1313227 0.1588471 0.1524500 0.3887916 0.1608517 0.1298536 
Perityle_bisetosa_9                        0.0000010 0.4237344 0.1054940 0.2437028 0.2165054 0.2662922 0.1881253 0.1699241 0.2094626 0.1066678 0.0959355 0.1640944 0.1555225 0.1572561 0.1406779 0.2404268 0.0000000 0.1994974 0.1906046 0.0294019 0.1990875 0.0926523 0.0977011 0.1630790 0.3727245 0.1645685 0.1787664 0.2183714 0.2321440 0.1269750 0.1502260 0.1801844 0.2031448 0.2003475 0.0132694 0.3702076 0.2841527 0.0499423 0.4109544 0.1417582 0.2272815 0.2314001 0.0688258 0.1185040 0.1638861 0.1594388 0.0884240 0.0221826 0.2787617 0.0222406 0.1742787 0.1804198 0.1784296 0.1525449 0.2094180 0.1672794 0.0946051 0.0267075 0.0929572 0.1934935 0.1496514 0.1884342 0.1227911 0.1736640 0.2295699 0.0595128 0.3952029 0.6752498 0.1380670 0.0222234 0.1688717 0.1234739 0.1702929 0.1632073 0.0254741 0.1106809 0.2022487 0.2009889 0.0199632 0.0161016 0.2268469 0.0244458 0.4694699 0.1949439 0.1021462 
Perityle_californica_76_positas            0.6285502 0.1017980 0.1689135 0.2899079 0.2756604 0.1352319 0.2558855 0.1660526 0.3033480 0.0961286 0.1502457 0.2570483 0.2334756 0.2493897 0.1722709 0.2381259 0.1994974 0.0000000 0.2482765 0.2636405 0.3110022 0.2991275 0.1494935 0.3080706 0.3314085 0.2431114 0.2623265 0.3549966 0.2312457 0.2067514 0.2017447 0.1183646 0.3218647 0.1769909 0.1079417 0.3068044 0.3618057 0.2744902 0.3509264 0.2830055 0.2511896 0.2788693 0.2832488 0.2095926 0.2519904 0.2493133 0.2300427 0.1629390 0.3355607 0.2586679 0.2540531 0.2636826 0.2633392 0.2411596 0.2661860 0.2044318 0.1697491 0.1313652 0.2706108 0.3013920 0.1061565 0.2757908 0.1797668 0.2615997 0.2312949 0.3141069 0.2451821 0.5099359 0.2001999 0.1646592 0.2403227 0.1997187 0.2541774 0.2410217 0.2955480 0.1698375 0.1894389 0.2442322 0.1805320 0.1734929 0.2244427 0.1769872 0.3501919 0.1113919 0.2382912 
Perityle_canescens_77                      0.4053561 0.1330754 0.2801015 0.2804381 0.2904115 0.2136286 0.2493888 0.1297064 0.2343309 0.1978825 0.2399659 0.2766097 0.2904825 0.2848508 0.1708245 0.1135681 0.1906046 0.2482765 0.0000000 0.3067554 0.3087890 0.3243791 0.1274233 0.1216058 0.2552618 0.2888624 0.3004251 0.3929400 0.2710755 0.2766096 0.1861670 0.1527645 0.4100724 0.1563774 0.1384012 0.3173453 0.4065101 0.3032973 0.2899313 0.3388432 0.2276368 0.2583902 0.3337574 0.2550043 0.3050074 0.2966150 0.3223682 0.2540099 0.1567344 0.2822084 0.2896135 0.2983242 0.3095338 0.2939719 0.3347470 0.1305535 0.1144122 0.2228722 0.2963387 0.3043691 0.0926088 0.3309695 0.0970404 0.2785352 0.2684995 0.3552746 0.1478743 0.5245949 0.1302296 0.2508386 0.1249813 0.2910319 0.2984261 0.2947776 0.3339146 0.1136849 0.1744393 0.0822402 0.2592710 0.2349974 0.1484852 0.2720502 0.3472898 0.1446214 0.1279479 
Perityle_castillonii_96                    0.2184476 0.4052972 0.1546293 0.3600274 0.1784343 0.4931366 0.3232425 0.2633714 0.3203930 0.1172202 0.1128048 0.1091999 0.1655520 0.1003210 0.1948035 0.2419581 0.0294019 0.2636405 0.3067554 0.0000000 0.2543394 0.0556681 0.0909323 0.4251398 0.5396694 0.0967410 0.1093887 0.2904744 0.1772293 0.2103684 0.2880771 0.2204617 0.4401223 0.2463005 0.0277682 0.3819822 0.1524081 0.0426761 0.3369060 0.1395538 0.1653534 0.2170270 0.1308965 0.0986197 0.1233572 0.0885455 0.0485690 0.0312034 0.3386242 0.1066151 0.1042403 0.0923857 0.1167955 0.0922547 0.2116743 0.2635512 0.1641970 0.0343787 0.0508524 0.2666754 0.1970292 0.1790382 0.1779379 0.1103976 0.1777892 0.1009949 0.5896170 0.8400511 0.2582396 0.0279301 0.3058656 0.2040463 0.1038779 0.1226042 0.0680351 0.1612109 0.2602822 0.2996472 0.0364294 0.0407967 0.2853868 0.0378723 0.4169144 0.2345498 0.2588768 
Perityle_cernua_84                         0.4423958 0.3783553 0.2633721 0.3670556 0.2358626 0.3849338 0.3774619 0.2705047 0.3768812 0.2024843 0.1958370 0.2968772 0.3254608 0.2920686 0.3614308 0.2674668 0.1990875 0.3110022 0.3087890 0.2543394 0.0000000 0.2942811 0.2617460 0.3942641 0.5109252 0.3006049 0.3161384 0.1972863 0.3030943 0.2497727 0.3575373 0.2883983 0.2763908 0.2626158 0.1228731 0.3701660 0.3846356 0.2633455 0.4258527 0.2000804 0.2922594 0.2547816 0.3161036 0.2967265 0.2514741 0.2977316 0.2554148 0.2016679 0.3174675 0.2803152 0.3074626 0.3065129 0.3177486 0.2961470 0.1947310 0.2898113 0.3101227 0.2011862 0.2827338 0.1462182 0.2373409 0.1785369 0.2715090 0.3032204 0.3049144 0.3058263 0.4625383 0.6958069 0.3205536 0.1909943 0.2992909 0.2731526 0.3097085 0.3113024 0.2937576 0.2999079 0.3007292 0.2797172 0.2231284 0.2003675 0.3027906 0.2197471 0.4742534 0.2990468 0.3505917 
Perityle_cfvillosa_25_tin                  0.0654202 0.6077847 0.1578311 0.3654820 0.1847932 0.4684993 0.3505368 0.2610064 0.3598013 0.1262264 0.1244876 0.1210352 0.1571760 0.1298969 0.2387169 0.2650459 0.0926523 0.2991275 0.3243791 0.0556681 0.2942811 0.0000000 0.1398410 0.4742312 0.5858964 0.1141643 0.1326249 0.3150182 0.1965634 0.2102980 0.3322016 0.2506741 1.0081799 0.2831008 0.0390963 0.3888334 0.1521198 0.0635252 0.3765358 0.1474155 0.1904877 0.2354832 0.1129952 0.1080005 0.1237293 0.1332123 0.0666112 0.0279043 0.3417611 0.1192743 0.1260490 0.1235536 0.1395220 0.1304500 0.2282659 0.2925421 0.2064967 0.0285878 0.0223925 0.2819480 0.1883891 0.1983367 0.1892300 0.1245549 0.1982673 0.1119996 0.7055753 0.8892925 0.3106698 0.0407280 0.3430922 0.1998527 0.1196227 0.1119442 0.0918286 0.1586744 0.3074895 0.3258251 0.0402477 0.0355790 0.3207491 0.0348282 0.4583340 0.2887920 0.2921379 
Perityle_cinerea_113_Powell1310            0.5960721 0.2195434 0.1162012 0.2191173 0.2377606 0.2097857 0.1698005 0.1511665 0.1590851 0.1261272 0.1222506 0.1644863 0.1597968 0.1546497 0.0938885 0.1761783 0.0977011 0.1494935 0.1274233 0.0909323 0.2617460 0.1398410 0.0000000 0.1328078 0.2305802 0.1604728 0.1795425 0.2512883 0.2169437 0.1651876 0.1244081 0.1376488 0.2089915 0.1732491 0.0245565 0.3367550 0.3321008 0.1178094 0.3022841 0.1798659 0.1981634 0.2079750 0.1615916 0.1278584 0.2056558 0.1565932 0.1268818 0.0426783 0.2010977 0.0886005 0.1667051 0.1800279 0.1806032 0.1554810 0.2374189 0.1482903 0.0524463 0.0487189 0.1363249 0.2317892 0.1473117 0.2328912 0.0824194 0.1640216 0.2151954 0.1892038 0.2229697 0.4829244 0.0573944 0.0427467 0.1386402 0.1607222 0.1701518 0.1604483 0.1818865 0.0644175 0.1624618 0.1694617 0.0447917 0.0359901 0.2089950 0.0467428 0.3341513 0.1566830 0.0628923 
Perityle_coahuilensis_24                   0.4138218 0.0944768 0.4276161 0.2338444 0.4054837 0.0780966 0.2722838 0.1242795 0.2619487 0.3057868 0.3353734 0.3706709 0.3736104 0.3751442 0.2225594 0.0686447 0.1630790 0.3080706 0.1216058 0.4251398 0.3942641 0.4742312 0.1328078 0.0000000 0.3239752 0.3789484 0.3971266 0.5092939 0.3627229 0.3336288 0.1521492 0.1872127 0.3922747 0.1906750 0.1181231 0.2219116 0.5349043 0.4196351 0.3249157 0.4506275 0.2638782 0.3203102 0.4655428 0.3321138 0.4072327 0.3828392 0.4642308 0.3952612 0.1794798 0.4095791 0.3734781 0.3864766 0.3994017 0.3934142 0.4551960 0.0694171 0.1367037 0.3589766 0.4415119 0.4203069 0.0551099 0.4476018 0.1128903 0.3706003 0.3596406 0.4749989 0.1072162 0.4044276 0.1716327 0.3873986 0.0054504 0.4326237 0.3874819 0.3911453 0.4408318 0.1246528 0.1866851 0.1082311 0.3970560 0.3562577 0.1072716 0.4198450 0.3372701 0.1213309 0.1535865 
Perityle_cochisensis_44_cave_creek         0.3855208 0.1104194 0.6062681 0.2957428 0.5150861 0.1311528 0.3287521 0.2025558 0.3474016 0.5602644 0.6216626 0.4201715 0.4236646 0.4121644 0.2069165 0.2772927 0.3727245 0.3314085 0.2552618 0.5396694 0.5109252 0.5858964 0.2305802 0.3239752 0.0000000 0.4084938 0.4283453 0.5645562 0.4196988 0.4869547 0.2545307 0.2402702 0.3116743 0.2455883 0.4261876 0.2453055 0.5992346 0.5919665 0.3125675 0.5063959 0.3264907 0.4028638 0.5814145 0.4115756 0.4529586 0.4250285 0.5977243 0.5769581 0.3173362 0.5216830 0.4098047 0.4369917 0.4295741 0.4315700 0.5051722 0.2143157 0.1858919 0.5552384 0.5751976 0.4697957 0.1646559 0.4887785 0.1559785 0.4081244 0.4184505 0.5104351 0.1700364 0.3989424 0.1759344 0.5589092 0.2727533 0.5065633 0.4119128 0.4115812 0.4933120 0.1695615 0.2983249 0.2883061 0.5758979 0.5454541 0.2522080 0.5900881 0.2810768 0.1775621 0.2123780 
Perityle_congesta_202                      0.3954048 0.2443275 0.1449359 0.2920735 0.2343262 0.2291789 0.2946920 0.2212180 0.3088219 0.1155676 0.1107154 0.0608370 0.0705336 0.0624827 0.1945261 0.2496787 0.1645685 0.2431114 0.2888624 0.0967410 0.3006049 0.1141643 0.1604728 0.3789484 0.4084938 0.0000000 0.0567581 0.3373502 0.1199895 0.2463187 0.2890993 0.2079099 0.4007639 0.2398858 0.0360924 0.2315899 0.2555113 0.1194874 0.1232970 0.1956349 0.0727740 0.1139755 0.1862107 0.0263839 0.2139547 0.0509362 0.0619902 0.0123023 0.3317540 0.0790643 0.0457716 0.0395671 0.0590807 0.0560983 0.2707141 0.2397186 0.1678113 0.0164039 0.1073394 0.3034911 0.1705278 0.2430387 0.1762076 0.0651222 0.1191487 0.1896779 0.3798075 0.5962581 0.2332667 0.0313389 0.2806286 0.2245590 0.0094081 0.0439012 0.1652675 0.1440739 0.2449803 0.2806098 0.0258242 0.0448292 0.2657485 0.0156892 0.0539922 0.2133822 0.2504704 
Perityle_cordifolia_27                     0.3879031 0.2756294 0.1594838 0.3225043 0.2393521 0.2722978 0.3092512 0.2452844 0.3251722 0.1338200 0.1244349 0.0648692 0.0893701 0.0671989 0.2014536 0.2611483 0.1787664 0.2623265 0.3004251 0.1093887 0.3161384 0.1326249 0.1795425 0.3971266 0.4283453 0.0567581 0.0000000 0.3523081 0.1357444 0.2591003 0.3084169 0.2309502 0.4380481 0.2572243 0.0446202 0.2523750 0.2572059 0.1234628 0.1348531 0.2015622 0.0817788 0.1279132 0.1884468 0.0429292 0.2191197 0.0598145 0.0962727 0.0430363 0.3470313 0.0835596 0.0584390 0.0688769 0.0177822 0.0732563 0.2867321 0.2473203 0.1846596 0.0458026 0.1312022 0.3074021 0.1924406 0.2583431 0.1713176 0.0624884 0.1369911 0.1794444 0.4047273 0.6193002 0.2479105 0.0391690 0.2941159 0.2427800 0.0583483 0.0620908 0.1777982 0.1678446 0.2600397 0.2945173 0.0464919 0.0510087 0.2847276 0.0492824 0.0402111 0.2303092 0.2567255 
Perityle_cordifolia_68_tecolote            0.4018319 0.3758462 0.3636561 0.3764887 0.3285378 0.3766925 0.4397249 0.2796275 0.4113273 0.2650651 0.2649873 0.3353674 0.3511135 0.3137968 0.3744870 0.3329726 0.2183714 0.3549966 0.3929400 0.2904744 0.1972863 0.3150182 0.2512883 0.5092939 0.5645562 0.3373502 0.3523081 0.0000000 0.3588544 0.3057599 0.3930297 0.3474184 0.2879817 0.3330864 0.1472139 0.4464604 0.3936545 0.3060650 0.4204915 0.1819704 0.2877164 0.3211121 0.3272176 0.3137623 0.2437853 0.3373302 0.2913494 0.2438852 0.3963651 0.3212788 0.3448938 0.3573561 0.3560466 0.3379515 0.1814307 0.2695649 0.3009074 0.2406031 0.2927535 0.1218581 0.2597482 0.1789857 0.2464028 0.3415608 0.3620579 0.3308419 0.5030638 0.7329725 0.3240558 0.2538237 0.3601034 0.3249039 0.3462502 0.3382746 0.3173195 0.2935824 0.3724294 0.3242811 0.2842838 0.2364200 0.3141560 0.2654497 0.4778239 0.3296449 0.3902882 
Perityle_coronopifolia_28_patagonia        0.3987074 0.2341115 0.0996774 0.3125515 0.1972496 0.2241843 0.3100820 0.2009329 0.3186589 0.0909534 0.1209972 0.1337394 0.1429995 0.1332987 0.2409907 0.2602410 0.2321440 0.2312457 0.2710755 0.1772293 0.3030943 0.1965634 0.2169437 0.3627229 0.4196988 0.1199895 0.1357444 0.3588544 0.0000000 0.2250310 0.2691583 0.1981371 0.4366218 0.2345103 0.1102272 0.2393145 0.2298288 0.1984636 0.0947863 0.2419095 0.1335004 0.1734836 0.1559412 0.1131387 0.2089646 0.1279759 0.1767515 0.1234273 0.3432382 0.1485017 0.1293512 0.1195315 0.1364863 0.1258681 0.2360994 0.2435793 0.2234198 0.1098889 0.1867149 0.3041032 0.1639946 0.2372972 0.2236843 0.1299579 0.0143418 0.2441531 0.3752108 0.5998959 0.2663652 0.1157086 0.2893826 0.2007788 0.1238635 0.1324290 0.2326653 0.2045395 0.2459357 0.2704473 0.1311275 0.1233772 0.2624596 0.1332173 0.1226598 0.1967249 0.2948486 
Perityle_crassifolia_70_ventanas           0.9285385 0.4465868 0.0986031 0.3328125 0.2210661 0.3935261 0.2567907 0.2463362 0.2450512 0.1095379 0.1221553 0.2568935 0.2529334 0.2349754 0.2509184 0.3446709 0.1269750 0.2067514 0.2766096 0.2103684 0.2497727 0.2102980 0.1651876 0.3336288 0.4869547 0.2463187 0.2591003 0.3057599 0.2250310 0.0000000 0.1535659 0.2013202 0.1767497 0.1631536 0.1191022 0.4521485 0.2956201 0.2326744 0.4473725 0.2343655 0.2887804 0.2835142 0.2139952 0.2250872 0.2492484 0.2421052 0.1499826 0.1228617 0.4081718 0.1825490 0.2532858 0.2634283 0.2546737 0.2326235 0.2272988 0.2762670 0.2404689 0.1272431 0.1918735 0.2823801 0.2271535 0.2312499 0.2480813 0.2645180 0.2245518 0.2285037 0.4139765 0.7178314 0.2824524 0.1136743 0.2683573 0.0114231 0.2562192 0.2540575 0.2111673 0.2496890 0.2249165 0.2641087 0.1216251 0.1402167 0.2811196 0.1280915 0.5413767 0.2110983 0.2775300 
Perityle_crassifolia_74_playa_balandra     0.3799803 0.1345811 0.2111817 0.2416511 0.3214279 0.1712836 0.1905667 0.1538975 0.1825193 0.1088613 0.1772999 0.3015400 0.2720417 0.2719225 0.1359306 0.1876071 0.1502260 0.2017447 0.1861670 0.2880771 0.3575373 0.3322016 0.1244081 0.1521492 0.2545307 0.2890993 0.3084169 0.3930297 0.2691583 0.1535659 0.0000000 0.1179244 0.2031263 0.1244377 0.1022860 0.2679682 0.4352476 0.2863114 0.3328655 0.3077181 0.3132262 0.3326085 0.3111318 0.2254979 0.2861238 0.2976339 0.2879210 0.1690102 0.2943506 0.2738066 0.2898007 0.3014085 0.3100642 0.3036954 0.3177902 0.1766649 0.1055836 0.1277899 0.3017668 0.3221073 0.1037762 0.3188442 0.1250776 0.3121668 0.2685846 0.3166820 0.1567397 0.4111453 0.1654359 0.1827695 0.1797681 0.1726932 0.2965249 0.2969141 0.2880438 0.1302385 0.1525999 0.1713635 0.1891507 0.1800781 0.1952120 0.2077159 0.3453800 0.1008409 0.1480235 
Perityle_cuneata_34_cuneata_San_antonio    0.4012787 0.0693527 0.1582859 0.2473195 0.2374440 0.1166413 0.2166671 0.1119511 0.2566483 0.0763201 0.1395173 0.2253836 0.2142693 0.2116737 0.1177593 0.1726895 0.1801844 0.1183646 0.1527645 0.2204617 0.2883983 0.2506741 0.1376488 0.1872127 0.2402702 0.2079099 0.2309502 0.3474184 0.1981371 0.2013202 0.1179244 0.0000000 0.3009181 0.1005061 0.1004306 0.2751457 0.3244609 0.2334443 0.2859264 0.2563418 0.2092363 0.2475912 0.2415628 0.1717222 0.2200546 0.2163063 0.2098511 0.1456791 0.2336880 0.2109037 0.2181461 0.2266835 0.2279101 0.2134792 0.2510816 0.1405005 0.1047507 0.1172864 0.2208945 0.2871503 0.0503607 0.2509970 0.1235158 0.2296992 0.1970901 0.2782532 0.0904570 0.4330747 0.1644713 0.1497788 0.1620041 0.1961401 0.2173098 0.2133610 0.2549714 0.0993335 0.1044727 0.1388010 0.1685676 0.1640266 0.1533652 0.1626737 0.2810134 0.0529270 0.1239016 
Perityle_cuneata_4                         0.0000010 0.3487107 0.4172382 0.3513036 0.4066379 0.2221021 0.3216255 0.2665694 0.2490678 0.3216349 0.3658441 0.4034382 0.4036765 0.3726219 0.3149668 0.5172007 0.2031448 0.3218647 0.4100724 0.4401223 0.2763908 1.0081799 0.2089915 0.3922747 0.3116743 0.4007639 0.4380481 0.2879817 0.4366218 0.1767497 0.2031263 0.3009181 0.0000000 0.3212283 0.3309952 0.3891757 0.7495406 0.6393273 0.4217926 0.2810878 0.3943354 0.3974249 0.3686446 0.4462991 0.2727336 0.3883052 0.8087959 0.3213957 0.4490042 0.4376280 0.4014636 0.4559010 0.4454468 0.4143733 0.2770736 0.2962659 0.3685589 0.3649557 0.9620831 0.2684300 0.2499114 0.2734986 0.3075613 0.4186189 0.4329883 0.1274266 0.3289322 0.3464208 0.3736574 0.3213957 0.3167993 0.1717857 0.4014447 0.4023245 0.1589036 0.3590127 0.3415882 0.3071140 0.3213957 0.3413441 0.3636633 0.3213957 0.4139963 0.3058046 0.3984145 
Perityle_discoidea_81                      0.4196429 0.0902704 0.2036891 0.2396807 0.2755814 0.1522297 0.2259307 0.1280519 0.2782766 0.1120684 0.1563827 0.2527105 0.2475100 0.2327299 0.1463213 0.1836780 0.2003475 0.1769909 0.1563774 0.2463005 0.2626158 0.2831008 0.1732491 0.1906750 0.2455883 0.2398858 0.2572243 0.3330864 0.2345103 0.1631536 0.1244377 0.1005061 0.3212283 0.0000000 0.1126811 0.3008330 0.3670293 0.2599481 0.3197426 0.2663933 0.2371611 0.2675458 0.2729556 0.2092114 0.2525745 0.2487330 0.2361923 0.1685324 0.2416497 0.2437821 0.2487991 0.2567253 0.2573457 0.2475782 0.2653275 0.1567642 0.1251279 0.1395203 0.2581071 0.2756188 0.0821262 0.2563171 0.1441371 0.2563104 0.2385633 0.3035991 0.1304195 0.4562727 0.1806383 0.1642503 0.1589427 0.1626698 0.2490643 0.2474063 0.2757232 0.1218249 0.1324212 0.1526812 0.1899603 0.1786611 0.1715919 0.1829593 0.3276569 0.0949179 0.1455688 
Perityle_dissecta_201                      0.0000010 2.1955709 0.1098994 0.2613691 0.1074157 0.4511115 0.1757903 0.1003255 0.2505550 0.1088382 0.1119594 0.0339781 0.0392643 0.0250694 0.0251720 0.0947492 0.0132694 0.1079417 0.1384012 0.0277682 0.1228731 0.0390963 0.0245565 0.1181231 0.4261876 0.0360924 0.0446202 0.1472139 0.1102272 0.1191022 0.1022860 0.1004306 0.3309952 0.1126811 0.0000000 0.3677680 0.1029578 0.0307656 0.1231890 0.0433107 0.0674369 0.1048278 0.0981485 0.0360137 0.0853110 0.0292389 0.0405654 0.0344339 0.1629995 0.0368945 0.0285148 0.0262665 0.0453918 0.0249032 0.1190162 0.1334494 0.0361460 0.0376303 0.0360413 0.1173301 0.0835573 0.0947330 0.0485640 0.0386698 0.1134190 0.0485323 0.0000010 0.9360846 0.0367150 0.0263731 0.0782814 0.1128765 0.0440847 0.0360343 0.0304390 0.0314631 0.0988111 0.1286275 0.0386752 0.0394007 0.1603115 0.0360236 0.0000010 0.0858823 0.0332466 
Perityle_emoryi_47_punta_san_jose          0.4894918 0.2328480 0.3956105 0.3319485 0.4316589 0.2227695 0.3004888 0.2598189 0.3479911 0.3566482 0.3572490 0.2390189 0.2231788 0.2552303 0.2479288 0.3344564 0.3702076 0.3068044 0.3173453 0.3819822 0.3701660 0.3888334 0.3367550 0.2219116 0.2453055 0.2315899 0.2523750 0.4464604 0.2393145 0.4521485 0.2679682 0.2751457 0.3891757 0.3008330 0.3677680 0.0000000 0.4782844 0.4152916 0.1831111 0.4002037 0.2490732 0.2477878 0.4139831 0.2531481 0.3922850 0.2397298 0.3789579 0.3610114 0.3744132 0.2837593 0.2400733 0.2486383 0.2463430 0.2356972 0.4167404 0.2907801 0.2783027 0.3639152 0.3885661 0.3865570 0.2135136 0.4139858 0.2782590 0.2426192 0.2439820 0.4033694 0.2417502 0.4882110 0.3109144 0.3609510 0.2876450 0.4406849 0.2303889 0.2272544 0.4035680 0.2671047 0.2810778 0.3138131 0.3589181 0.3661520 0.2873360 0.3612500 0.1680628 0.2407155 0.2632761 
Perityle_feddemae_99                       0.0803692 0.6470470 0.1174643 0.4690504 0.2501888 0.5494954 0.4437968 0.3993757 0.4541343 0.0937572 0.1436907 0.2793305 0.2985080 0.2636155 0.3745503 0.3913630 0.2841527 0.3618057 0.4065101 0.1524081 0.3846356 0.1521198 0.3321008 0.5349043 0.5992346 0.2555113 0.2572059 0.3936545 0.2298288 0.2956201 0.4352476 0.3244609 0.7495406 0.3670293 0.1029578 0.4782844 0.0000000 0.1602590 0.4483566 0.2905073 0.3134564 0.3445171 0.0272675 0.2306982 0.1399333 0.2579312 0.1819541 0.1159236 0.4151377 0.2021992 0.2602694 0.2617035 0.2604796 0.2608588 0.3120726 0.3918774 0.3255416 0.1046293 0.1408991 0.3488978 0.3302950 0.2760835 0.3468015 0.2636966 0.2277039 0.2705092 0.6930672 0.8149106 0.4122032 0.1158161 0.4327560 0.2624328 0.2606585 0.2724764 0.2610611 0.3386967 0.3832921 0.4114124 0.1256702 0.1297291 0.4168765 0.1218844 0.5172385 0.3779298 0.4115708 
Perityle_fosteri_93                        0.2192657 0.5532281 0.1570756 0.3920243 0.1882380 0.6565615 0.3135750 0.2753747 0.3169995 0.1226694 0.1186607 0.1265185 0.1779029 0.1180431 0.1915287 0.2570173 0.0499423 0.2744902 0.3032973 0.0426761 0.2633455 0.0635252 0.1178094 0.4196351 0.5919665 0.1194874 0.1234628 0.3060650 0.1984636 0.2326744 0.2863114 0.2334443 0.6393273 0.2599481 0.0307656 0.4152916 0.1602590 0.0000000 0.3733090 0.1513233 0.1930757 0.2423782 0.1378318 0.1027731 0.1415071 0.1068086 0.0534856 0.0306020 0.3602077 0.1053854 0.1228328 0.1116574 0.1283459 0.1013713 0.2193410 0.2634368 0.1590872 0.0372413 0.0561195 0.2813751 0.2263665 0.2038041 0.1908623 0.1358781 0.2002561 0.1153868 0.6636583 0.8487719 0.2328913 0.0331578 0.3179643 0.2166986 0.1272176 0.1327825 0.0800208 0.1702906 0.2688526 0.3021066 0.0405832 0.0425963 0.2988206 0.0424359 0.4991309 0.2392147 0.2362035 
Perityle_gamon_221                         0.3938623 0.2571048 0.2250797 0.2949130 0.3930871 0.2394686 0.3070247 0.2971976 0.3351437 0.1104397 0.1231890 0.1366438 0.1173956 0.1409411 0.2993293 0.3582209 0.4109544 0.3509264 0.2899313 0.3369060 0.4258527 0.3765358 0.3022841 0.3249157 0.3125675 0.1232970 0.1348531 0.4204915 0.0947863 0.4473725 0.3328655 0.2859264 0.4217926 0.3197426 0.1231890 0.1831111 0.4483566 0.3733090 0.0000000 0.3864089 0.1315023 0.1292195 0.3418811 0.1291546 0.3707383 0.1325915 0.4032320 0.1361300 0.3587807 0.1875055 0.1182784 0.1167179 0.1329752 0.1114862 0.4318340 0.2889300 0.3111837 0.1361300 0.3734770 0.3732826 0.2197294 0.4163055 0.2890690 0.1205498 0.1008505 0.4088179 0.3337606 0.3801668 0.3357248 0.1231890 0.3019117 0.4730996 0.1261576 0.1226408 0.3984886 0.2894452 0.2947905 0.3184672 0.1360356 0.1231890 0.3226043 0.1445010 0.1262600 0.2997454 0.3162407 
Perityle_gentryi_8_san_francisco           0.3898967 0.3636602 0.1753835 0.3429361 0.2059159 0.3620501 0.3172650 0.2813009 0.3118242 0.1171219 0.1332370 0.2079989 0.2206802 0.1824078 0.2244452 0.2833086 0.1417582 0.2830055 0.3388432 0.1395538 0.2000804 0.1474155 0.1798659 0.4506275 0.5063959 0.1956349 0.2015622 0.1819704 0.2419095 0.2343655 0.3077181 0.2563418 0.2810878 0.2663933 0.0433107 0.4002037 0.2905073 0.1513233 0.3864089 0.0000000 0.2417321 0.2822225 0.2099118 0.1684591 0.1509312 0.1890261 0.1081888 0.0623821 0.3536241 0.1579829 0.1997329 0.2053054 0.2077320 0.1907302 0.1157870 0.2761680 0.2054311 0.0460639 0.1281622 0.1318513 0.2335339 0.1182691 0.1968676 0.2051362 0.2451812 0.1987824 0.4766138 0.6584650 0.3016664 0.0591170 0.3169065 0.2214822 0.2010430 0.1961726 0.1821796 0.1929033 0.2843526 0.2804370 0.0706413 0.0755993 0.3058268 0.0730420 0.4454308 0.2721314 0.2966635 
Perityle_gilensis_22_Superstition          0.4457076 0.2563188 0.1736587 0.2819909 0.2817748 0.2293912 0.3128989 0.2399875 0.3440643 0.1416301 0.1333876 0.0781910 0.0676040 0.0630675 0.2308054 0.2154325 0.2272815 0.2511896 0.2276368 0.1653534 0.2922594 0.1904877 0.1981634 0.2638782 0.3264907 0.0727740 0.0817788 0.2877164 0.1335004 0.2887804 0.3132262 0.2092363 0.3943354 0.2371611 0.0674369 0.2490732 0.3134564 0.1930757 0.1315023 0.2417321 0.0000000 0.0480446 0.2134083 0.0689148 0.2535347 0.0626030 0.1435253 0.0760200 0.2566964 0.1265943 0.0540540 0.1024301 0.0825684 0.0739153 0.3092723 0.2177102 0.2174035 0.0796955 0.1880645 0.2607336 0.1955764 0.2765272 0.2121230 0.0590291 0.1325317 0.2514493 0.3267441 0.5129110 0.2354500 0.0813835 0.1947496 0.2645124 0.0783193 0.0662250 0.2371398 0.2057408 0.2307250 0.2372442 0.1009676 0.0796670 0.2613661 0.0789976 0.0629178 0.2488524 0.2397810 
Perityle_gilensis_salensis_225             0.4564430 0.2592443 0.2385070 0.2960527 0.3103551 0.2264146 0.3480124 0.2373727 0.3640832 0.1683423 0.2017087 0.1193529 0.1068506 0.1147487 0.2617308 0.2200039 0.2314001 0.2788693 0.2583902 0.2170270 0.2547816 0.2354832 0.2079750 0.3203102 0.4028638 0.1139755 0.1279132 0.3211121 0.1734836 0.2835142 0.3326085 0.2475912 0.3974249 0.2675458 0.1048278 0.2477878 0.3445171 0.2423782 0.1292195 0.2822225 0.0480446 0.0000000 0.2699323 0.1124349 0.2824164 0.1074825 0.2088416 0.1576904 0.3060730 0.1872198 0.0996261 0.1464745 0.1296721 0.1161910 0.3250789 0.2283200 0.2278817 0.1543841 0.2324233 0.2773408 0.1936616 0.3120302 0.2243698 0.1054175 0.1743383 0.2893294 0.3691398 0.5837056 0.2306823 0.1653353 0.2386699 0.2877499 0.1185497 0.1097016 0.2679673 0.2203140 0.2773466 0.2621618 0.1879809 0.1544899 0.2727951 0.1597966 0.0597111 0.2587466 0.2838538 
Perityle_glaucescens_94                    0.0903883 0.4281369 0.1226547 0.3784488 0.1680906 0.5769103 0.3687148 0.2792024 0.3596474 0.0958273 0.1444349 0.1937831 0.2280713 0.1849194 0.2842161 0.2719389 0.0688258 0.2832488 0.3337574 0.1308965 0.3161036 0.1129952 0.1615916 0.4655428 0.5814145 0.1862107 0.1884468 0.3272176 0.1559412 0.2139952 0.3111318 0.2415628 0.3686446 0.2729556 0.0981485 0.4139831 0.0272675 0.1378318 0.3418811 0.2099118 0.2134083 0.2699323 0.0000000 0.1724204 0.0337911 0.1887535 0.1360372 0.1199713 0.2924278 0.2045023 0.1908552 0.1808614 0.1926498 0.1881645 0.2299245 0.2973748 0.2421166 0.1075363 0.0981006 0.2758689 0.1780493 0.1850962 0.2166949 0.1949354 0.1545987 0.1800217 0.6370722 0.8536090 0.2952828 0.1171806 0.3500391 0.2018969 0.1908064 0.2076456 0.1577774 0.2316125 0.2980908 0.3274255 0.1274041 0.1289373 0.2848028 0.1280972 0.4415289 0.2502692 0.3365323 
Perityle_gracilis_11                       0.4136050 0.2653454 0.1273165 0.3019706 0.2068742 0.2809442 0.2632809 0.2091526 0.2808276 0.1136180 0.1087686 0.0503046 0.0443719 0.0475620 0.1484812 0.2072938 0.1185040 0.2095926 0.2550043 0.0986197 0.2967265 0.1080005 0.1278584 0.3321138 0.4115756 0.0263839 0.0429292 0.3137623 0.1131387 0.2250872 0.2254979 0.1717222 0.4462991 0.2092114 0.0360137 0.2531481 0.2306982 0.1027731 0.1291546 0.1684591 0.0689148 0.1124349 0.1724204 0.0000000 0.1984852 0.0458062 0.0590458 0.0065115 0.2829018 0.0646864 0.0388062 0.0489877 0.0433018 0.0426039 0.2414250 0.2220595 0.1454979 0.0120137 0.0950128 0.3005566 0.1727640 0.2235204 0.1645892 0.0533089 0.1138577 0.1731897 0.3442568 0.6260062 0.2204744 0.0297743 0.2560715 0.2080077 0.0302458 0.0141085 0.1506398 0.1275621 0.2049592 0.2367217 0.0224454 0.0414089 0.2782649 0.0106799 0.0346090 0.1959710 0.1845877 
