84
Amauria_brandeegeana_62                    0.0000000 0.2728047 0.5021289 0.4897157 0.4914225 0.3944667 0.3217030 0.4532059 0.4183720 0.4395659 0.5034364 0.4858081 0.1507920 0.1294745 0.4905963 0.4345703 0.0682982 0.4071496 0.1432601 0.1446629 0.4583825 0.2472809 0.3800778 0.1534650 0.4506636 0.2587675 0.4709431 0.4116634 0.4149529 0.0939041 0.1706932 0.1813391 0.4101709 0.4309008 0.5818727 0.4787469 0.3901048 0.5522800 0.4900953 0.1395034 0.2299318 0.4589497 0.1049448 0.5047469 0.5425626 0.1404983 0.1198720 0.4887740 0.4821254 0.1259118 0.1667816 0.4548498 0.2530943 0.4434853 0.2509241 0.1653503 0.4473743 0.1209435 0.3366546 0.3154177 0.4968195 0.1695966 0.5098738 0.4195127 0.2288481 0.4667063 0.1655323 0.2040371 0.4448995 0.4389645 0.5212124 0.4468607 0.4453661 0.1366731 0.3184686 0.5292120 0.4568461 0.1327335 0.1420194 0.2062207 0.4722053 0.5818944 0.2700463 0.2223520 
Amauria_carterae_99_mesa                   0.2728047 0.0000000 0.1448392 0.2725666 0.1303328 0.2255759 0.1690954 0.3427040 0.2196694 0.1503130 0.1224260 0.1179821 0.3141091 0.2961601 0.1446652 0.1144726 0.1164167 0.1604752 0.2985235 0.2960484 0.1306809 0.3436628 0.1218615 0.3013462 0.1137913 0.4064382 0.1376988 0.1611869 0.2095431 0.1664301 0.2630735 0.3277736 0.2475935 0.1177419 0.2002853 0.2312555 0.1051007 0.2290289 0.1563034 0.2956867 0.0916299 0.1377071 0.2973435 0.1387339 0.2430400 0.3092327 0.3028980 0.1309461 0.1535599 0.2965451 0.2898526 0.2507688 0.4007851 0.1133905 0.4218175 0.3408109 0.1179821 0.2974861 0.4358811 0.3753318 0.2047368 0.4017558 0.1348071 0.1350225 0.3874133 0.1563100 0.3306597 0.0966196 0.1267200 0.1134641 0.1544459 0.1135079 0.1181282 0.3038278 0.1075875 0.2747871 0.1605617 0.2972306 0.3398715 0.3358409 0.1264769 0.2002853 0.2574696 0.3738724 
Amauria_rotundifolia_SRR9119150            0.5021289 0.1448392 0.0000000 0.4585166 0.2884225 0.3931028 0.1717139 0.4727219 0.2360847 0.2914674 0.2331956 0.3049630 0.5889013 0.5173840 0.2560237 0.1960788 0.1610759 0.2325173 0.5030148 0.5308325 0.2595113 0.4017373 0.1585003 0.5115673 0.2306046 0.6277440 0.2518840 0.2136189 0.2805650 0.3238032 0.5403976 0.5688984 0.2621287 0.2268677 0.4287772 0.3431339 0.1683556 0.3691773 0.2404646 0.5397631 0.0821356 0.2696069 0.5222812 0.2962969 0.3524004 0.5323866 0.5390157 0.2713939 0.2878347 0.5582867 0.5038843 0.3066281 0.6257020 0.2280950 0.5286044 0.5442653 0.2319116 0.5484684 0.6574511 0.4466646 0.2722644 0.4644943 0.2535770 0.2326469 0.6216013 0.2670562 0.5782419 0.1138289 0.2118002 0.2228540 0.3789888 0.2240537 0.2321944 0.5579078 0.1204151 0.3440028 0.2823110 0.5536968 0.5731372 0.4447614 0.2583963 0.4271854 0.5021996 0.5427800 
Conoclinium_coelestinum_SRR9119114         0.4897157 0.2725666 0.4585166 0.0000000 0.4409580 0.1597192 0.2977808 0.4546896 0.3653657 0.4534368 0.4525674 0.5394641 0.4955623 0.4260714 0.4457385 0.4101626 0.1445832 0.4126821 0.4696099 0.4747247 0.4021014 0.3799306 0.3615316 0.4887701 0.4143543 0.6061935 0.4506616 0.3815350 0.4013816 0.3186664 0.5229459 0.5678962 0.4115655 0.4148952 0.5730759 0.5129814 0.3661372 0.5196825 0.4488318 0.5083987 0.2322103 0.4402569 0.4539358 0.4498112 0.5074279 0.4975905 0.4772084 0.4735526 0.4718264 0.4994795 0.4922042 0.4800741 0.5874266 0.4061514 0.5505493 0.5157405 0.4061105 0.4783835 0.5917672 0.4481980 0.4564868 0.4119881 0.4688557 0.3950036 0.5401703 0.4740913 0.5118309 0.2524626 0.4070350 0.4137278 0.4884617 0.4128234 0.4088770 0.4928011 0.3151343 0.4935600 0.4256729 0.4978095 0.4961126 0.4493366 0.4746725 0.5768736 0.4555952 0.4664314 
Eutetras_palmeri_63                        0.4914225 0.1303328 0.2884225 0.4409580 0.0000000 0.3850171 0.1979312 0.4732275 0.2687200 0.2642535 0.2851728 0.3434592 0.5156336 0.4596409 0.3164495 0.2408116 0.1245011 0.2643698 0.4797598 0.4955083 0.2697264 0.3530263 0.2254926 0.4725950 0.2602201 0.5779165 0.2749746 0.2584521 0.3166980 0.3072777 0.5457736 0.5610119 0.3084585 0.2609618 0.4455269 0.3446276 0.2159905 0.4038305 0.2869493 0.4946100 0.1523147 0.3368322 0.4873752 0.3566084 0.3654675 0.4710766 0.4930906 0.2900559 0.3493770 0.5124703 0.4606769 0.3523447 0.5834680 0.2652028 0.5125809 0.5147830 0.2692136 0.4956116 0.6091196 0.3980185 0.3434750 0.4513329 0.2959999 0.2811171 0.5495348 0.3252808 0.5742820 0.1731739 0.2583253 0.2726450 0.3871940 0.2553850 0.2728204 0.5048122 0.1852186 0.4174367 0.2998726 0.5155916 0.5319614 0.4376184 0.2790177 0.4467078 0.4965004 0.5041069 
Eutrochium_fistulosum_SRR9119106           0.3944667 0.2255759 0.3931028 0.1597192 0.3850171 0.0000000 0.2553889 0.4052801 0.2976356 0.3822924 0.3752138 0.4868213 0.4269483 0.3883871 0.3926356 0.3344453 0.1178294 0.3398972 0.4080719 0.4078058 0.3348093 0.3308490 0.3137154 0.4142143 0.3586403 0.5223167 0.3813196 0.3085074 0.3414587 0.2520941 0.4236126 0.4644981 0.3306879 0.3401356 0.4838162 0.4293429 0.3096679 0.4539618 0.3799077 0.4196581 0.1919312 0.3718793 0.3823418 0.3846681 0.4282752 0.4085594 0.4050012 0.4145101 0.3907383 0.4282687 0.4235994 0.4125572 0.5096948 0.3402847 0.4730108 0.4557815 0.3464554 0.4041968 0.4931386 0.3942835 0.4096403 0.3784805 0.3822666 0.3170270 0.4796659 0.3914535 0.4419115 0.2127727 0.3343425 0.3496477 0.4305121 0.3364997 0.3403093 0.4330313 0.2416367 0.3982600 0.3644302 0.4200914 0.4104842 0.3828369 0.3971053 0.4846477 0.3856630 0.4343865 
Galeana_pratensis_104_mex                  0.3217030 0.1690954 0.1717139 0.2977808 0.1979312 0.2553889 0.0000000 0.3570023 0.2309560 0.1776592 0.1973285 0.2947303 0.3473805 0.3236204 0.2204300 0.1704146 0.1639280 0.2204330 0.3263574 0.3444236 0.1890649 0.3363122 0.1967975 0.3175915 0.1979401 0.4073886 0.2179600 0.1932086 0.2346955 0.2339152 0.3281848 0.3516733 0.2309560 0.1892935 0.2232875 0.1761208 0.1799589 0.2406813 0.2172223 0.3290853 0.1614410 0.1955344 0.3204416 0.1797107 0.2304451 0.3347573 0.3304634 0.2258984 0.2196267 0.3288537 0.3133762 0.2224394 0.3956238 0.2011699 0.3986245 0.3817533 0.1892735 0.3369576 0.3984593 0.4499472 0.2472615 0.3840064 0.2010333 0.1981533 0.4006630 0.2473218 0.3680222 0.1729798 0.1728144 0.1896867 0.1966776 0.1889581 0.1894860 0.3431555 0.1896767 0.2289011 0.2222014 0.3467579 0.3328160 0.3723900 0.2253360 0.2232875 0.2952421 0.4031760 
Helianthus_annuus_SRR9119062               0.4532059 0.3427040 0.4727219 0.4546896 0.4732275 0.4052801 0.3570023 0.0000000 0.4122538 0.4527744 0.4928271 0.5692281 0.4933467 0.4584286 0.4973760 0.4594144 0.1866579 0.4490373 0.4563564 0.4968990 0.4553787 0.4287463 0.4435448 0.4726982 0.4911134 0.5548980 0.4832563 0.4172880 0.4062876 0.2620661 0.5223930 0.5222833 0.4322456 0.4527261 0.5363319 0.4802270 0.4062997 0.5286520 0.4866926 0.4730716 0.2663718 0.4657895 0.4488545 0.4475853 0.5214513 0.4794602 0.4634435 0.5186863 0.4583408 0.4902227 0.4644415 0.5133693 0.5511011 0.4639658 0.4417858 0.4895705 0.4652880 0.4749196 0.5141669 0.4541472 0.4899861 0.3669866 0.5044503 0.4012134 0.4819489 0.4647561 0.4847796 0.2795490 0.4615487 0.4640282 0.4856111 0.4645592 0.4680766 0.4786201 0.3692313 0.4957578 0.4437619 0.5018574 0.4925297 0.3565061 0.5182372 0.5336602 0.4767670 0.4225863 
Lycapsus_tenuifolius_17                    0.4183720 0.2196694 0.2360847 0.3653657 0.2687200 0.2976356 0.2309560 0.4122538 0.0000000 0.2507249 0.2190359 0.3468234 0.4403676 0.3581658 0.2201167 0.1994046 0.1385862 0.1906181 0.4176865 0.4285389 0.2254834 0.3908361 0.2398048 0.4110275 0.2189444 0.4528494 0.2241937 0.2429504 0.0990530 0.3196764 0.4397278 0.4584064 0.0021952 0.1990895 0.1337267 0.2322778 0.1825257 0.3071941 0.2458293 0.4147334 0.1282412 0.2219931 0.4124042 0.2461851 0.2690613 0.4282008 0.4198380 0.2340752 0.2475246 0.4271844 0.4117714 0.2353534 0.4507805 0.2060626 0.5063042 0.4573292 0.1947624 0.4185504 0.5152371 0.4236209 0.3006210 0.3836161 0.2289134 0.2502514 0.4644143 0.2503737 0.4804223 0.1567565 0.1964171 0.2052293 0.1970205 0.2202361 0.2047926 0.3718725 0.2228427 0.2487959 0.2786266 0.4345900 0.4518227 0.4307748 0.2490443 0.1348481 0.2722596 0.4136940 
Pericome_caudata_50_silver                 0.4395659 0.1503130 0.2914674 0.4534368 0.2642535 0.3822924 0.1776592 0.4527744 0.2507249 0.0000000 0.2485276 0.3194372 0.4460650 0.4366143 0.2530053 0.2177547 0.1529975 0.2223382 0.4455292 0.4619189 0.2334868 0.3566240 0.1711629 0.4446465 0.2399450 0.5670266 0.2680049 0.2042262 0.2865782 0.2717671 0.4671858 0.5144552 0.2714869 0.2283083 0.3961504 0.3247474 0.1680041 0.3410591 0.2495113 0.4586406 0.1127583 0.2763307 0.4453146 0.2780330 0.2944657 0.4712452 0.4418910 0.2662831 0.2782100 0.4595882 0.4487856 0.3137794 0.5526883 0.2276675 0.5110868 0.4960760 0.2323344 0.4525125 0.5824914 0.4317110 0.2994451 0.4095260 0.2628193 0.2137933 0.5290600 0.2569930 0.5189480 0.1403515 0.2313771 0.2281014 0.3663891 0.2284712 0.2271117 0.4461467 0.1361283 0.3091812 0.2663643 0.4557990 0.5039410 0.4184824 0.2584862 0.3948661 0.4265826 0.4356686 
Perityle_aglossa_84_dead_horse             0.5034364 0.1224260 0.2331956 0.4525674 0.2851728 0.3752138 0.1973285 0.4928271 0.2190359 0.2485276 0.0000000 0.2210056 0.5354929 0.4947865 0.1894391 0.1293388 0.1882161 0.2155073 0.4605744 0.4962951 0.1155405 0.4211390 0.0910116 0.4703018 0.1182180 0.6024712 0.1517638 0.1795138 0.2531237 0.3185259 0.5137220 0.5562580 0.2392878 0.1067764 0.3706551 0.2309961 0.0995387 0.3099470 0.1834283 0.4960996 0.0279835 0.2094485 0.4783284 0.2207814 0.2537500 0.5113375 0.4988562 0.1443843 0.2280796 0.5073278 0.4657992 0.1981467 0.5921616 0.1133115 0.5348776 0.5353129 0.1186247 0.5104977 0.5888470 0.4733857 0.3099806 0.4664306 0.0523625 0.2064958 0.5815378 0.2369869 0.5385873 0.0547240 0.1462641 0.1321131 0.3173101 0.0986240 0.1140261 0.5092945 0.0504617 0.2831443 0.2088340 0.4972875 0.5475133 0.4083481 0.1225797 0.3751635 0.4638655 0.5123113 
Perityle_ajoensis_204                      0.4858081 0.1179821 0.3049630 0.5394641 0.3434592 0.4868213 0.2947303 0.5692281 0.3468234 0.3194372 0.2210056 0.0000000 0.4961914 0.4567811 0.2342801 0.1317096 0.1801854 0.2500588 0.4820848 0.4716892 0.2147952 0.4234791 0.0642937 0.4717135 0.1333738 0.6796151 0.1639836 0.2579631 0.3939723 0.3071412 0.4921152 0.5514544 0.3751531 0.1172935 0.4628469 0.3981646 0.1199015 0.4405362 0.1869094 0.4831509 0.1216228 0.3312683 0.4605415 0.3498287 0.4167515 0.5099351 0.4703607 0.0547533 0.3337046 0.4690479 0.4714980 0.3320395 0.6864014 0.1239084 0.5589467 0.5371135 0.1066470 0.4675480 0.6688163 0.4760806 0.2674817 0.5398094 0.2339314 0.2348239 0.6642374 0.2375919 0.5730699 0.0838810 0.1329540 0.1155384 0.3832306 0.1183440 0.1118005 0.4623185 0.1172911 0.4019712 0.2401450 0.4638835 0.5484835 0.4545884 0.0520137 0.4629257 0.4481671 0.5190672 
Perityle_ambrosiifolia_67_green            0.1507920 0.3141091 0.5889013 0.4955623 0.5156336 0.4269483 0.3473805 0.4933467 0.4403676 0.4460650 0.5354929 0.4961914 0.0000000 0.0691493 0.4953379 0.4717427 0.1079883 0.4291372 0.0898813 0.0942389 0.4686568 0.1940570 0.4131272 0.0875705 0.4737162 0.2583661 0.5105524 0.4390328 0.4027545 0.1314197 0.1985651 0.2159770 0.4246919 0.4556642 0.5622236 0.5167632 0.4042750 0.5460553 0.5025864 0.1209499 0.2675703 0.5061161 0.0852650 0.5458683 0.5159379 0.1112775 0.0913847 0.5094986 0.5442133 0.0677402 0.0995819 0.5060489 0.2599630 0.4823056 0.2415814 0.1744163 0.4737495 0.0917971 0.3148917 0.2751108 0.5289778 0.1656293 0.5633971 0.4471527 0.2361913 0.5073874 0.1841653 0.2363487 0.4682619 0.4688212 0.5682878 0.4692424 0.4753611 0.0840800 0.3629252 0.5235940 0.4855840 0.0955164 0.1421200 0.1884776 0.4911956 0.5624270 0.3005243 0.2015972 
Perityle_angustifolia_13_Eagle_creek       0.1294745 0.2961601 0.5173840 0.4260714 0.4596409 0.3883871 0.3236204 0.4584286 0.3581658 0.4366143 0.4947865 0.4567811 0.0691493 0.0000000 0.4950268 0.4124976 0.1218307 0.4244149 0.0983386 0.0581686 0.4501149 0.2022521 0.3762030 0.0900292 0.4106100 0.3156981 0.4647289 0.3905360 0.3835900 0.0983159 0.2170593 0.2057174 0.3906635 0.4070027 0.4694221 0.5144833 0.3718371 0.5450114 0.4861044 0.0851702 0.2617487 0.5149569 0.0296066 0.5377163 0.5339144 0.0961586 0.0270618 0.4604833 0.5385324 0.0319250 0.1119422 0.4732790 0.3084578 0.4227662 0.2381741 0.1547353 0.4209432 0.0347612 0.3726470 0.2447575 0.4842260 0.1644378 0.5328632 0.3774034 0.2571199 0.4647258 0.1577273 0.2300287 0.4028224 0.4149324 0.4987680 0.4253701 0.4257779 0.0296612 0.3531390 0.5180675 0.4694976 0.0295696 0.1233047 0.1330138 0.4521476 0.4694221 0.2932189 0.1915846 
Perityle_batopilensis_97                   0.4905963 0.1446652 0.2560237 0.4457385 0.3164495 0.3926356 0.2204300 0.4973760 0.2201167 0.2530053 0.1894391 0.2342801 0.4953379 0.4950268 0.0000000 0.1361614 0.2052761 0.2046067 0.4801085 0.4850012 0.1831821 0.4542466 0.1028571 0.4953088 0.1440095 0.6273163 0.1742810 0.1594612 0.2523868 0.3375549 0.5416843 0.5587509 0.2451044 0.1376036 0.3503261 0.3111674 0.0870079 0.3328649 0.1361876 0.4852751 0.1178685 0.2423279 0.4920682 0.2368454 0.2911307 0.4906277 0.4753399 0.1639167 0.2666892 0.4745314 0.4762931 0.2572967 0.6418718 0.1395794 0.5349276 0.5425600 0.1425192 0.4880188 0.5991447 0.4728707 0.2755500 0.4682803 0.2139099 0.1675397 0.5873803 0.2219259 0.5498035 0.1496234 0.1491244 0.1361619 0.3256905 0.1376597 0.1456782 0.4757244 0.1077443 0.3056238 0.2095383 0.4877078 0.5567152 0.4216473 0.1565952 0.3474919 0.5073347 0.4978735 
Perityle_bisetosa_9                        0.4345703 0.1144726 0.1960788 0.4101626 0.2408116 0.3344453 0.1704146 0.4594144 0.1994046 0.2177547 0.1293388 0.1317096 0.4717427 0.4124976 0.1361614 0.0000000 0.1577896 0.1239850 0.4241026 0.4381287 0.1158339 0.4128046 0.0499069 0.4147369 0.0726785 0.5583814 0.1048715 0.1307242 0.2220457 0.3002440 0.4899542 0.5286609 0.2058570 0.0644332 0.3793123 0.2466271 0.0251672 0.2689041 0.0895715 0.4411882 0.0279233 0.1803971 0.4326088 0.2213532 0.2403066 0.4636381 0.4376486 0.0630129 0.1913827 0.4501619 0.4267381 0.1990766 0.5605375 0.0580106 0.4926141 0.4796761 0.0423366 0.4435093 0.5779388 0.4385076 0.1939501 0.4351011 0.1358466 0.1468748 0.5373163 0.1521363 0.5263531 0.0547813 0.0404663 0.0386189 0.3090729 0.0598971 0.0477765 0.4293485 0.0391263 0.2534942 0.1513785 0.4504613 0.4759091 0.3893413 0.0776406 0.3781940 0.4173773 0.4284544 
Perityle_californica_76_positas            0.0682982 0.1164167 0.1610759 0.1445832 0.1245011 0.1178294 0.1639280 0.1866579 0.1385862 0.1529975 0.1882161 0.1801854 0.1079883 0.1218307 0.2052761 0.1577896 0.0000000 0.1585169 0.1013220 0.1218307 0.1873442 0.1285870 0.1879864 0.1221188 0.1731832 0.1218698 0.1959984 0.1564520 0.1456840 0.0411769 0.0179365 0.0808463 0.1385862 0.1653377 0.1391852 0.1738874 0.1799089 0.2131160 0.2141076 0.1219656 0.1615298 0.1660803 0.1012581 0.1590018 0.2286160 0.1223771 0.1148737 0.1878160 0.1864894 0.1012581 0.0945404 0.1724763 0.1081904 0.1654474 0.1727797 0.1012479 0.1801854 0.1079841 0.1709381 0.2602512 0.2179175 0.1109908 0.1886091 0.1490480 0.1148035 0.1893251 0.1361740 0.1523416 0.1807534 0.1879864 0.1383178 0.1876164 0.1801854 0.1290159 0.1795862 0.1807988 0.1894579 0.1292472 0.1153436 0.1656670 0.1878160 0.1391852 0.0178921 0.1738170 
Perityle_canescens_77                      0.4071496 0.1604752 0.2325173 0.4126821 0.2643698 0.3398972 0.2204330 0.4490373 0.1906181 0.2223382 0.2155073 0.2500588 0.4291372 0.4244149 0.2046067 0.1239850 0.1585169 0.0000000 0.4240003 0.3964326 0.1581147 0.4026649 0.1516448 0.3984532 0.1460197 0.5255410 0.1672985 0.1417633 0.2409300 0.2222299 0.4659820 0.4819589 0.2179162 0.1417052 0.2980178 0.2951697 0.1118813 0.2707973 0.1632105 0.4114992 0.0917719 0.2420918 0.3942751 0.2503070 0.2645833 0.4250847 0.4082087 0.1778599 0.2250882 0.4109173 0.4022729 0.2731553 0.5321609 0.1427399 0.4811312 0.4598772 0.1367692 0.4137852 0.5732826 0.4292995 0.2215446 0.4078271 0.2171357 0.1417820 0.4996733 0.1708198 0.4965745 0.1265402 0.1325683 0.1388061 0.2480729 0.1419067 0.1393397 0.4077607 0.1283030 0.2703046 0.1681120 0.4184232 0.4483977 0.3647397 0.1718282 0.2948874 0.4660760 0.4362794 
Perityle_castillonii_96                    0.1432601 0.2985235 0.5030148 0.4696099 0.4797598 0.4080719 0.3263574 0.4563564 0.4176865 0.4455292 0.4605744 0.4820848 0.0898813 0.0983386 0.4801085 0.4241026 0.1013220 0.4240003 0.0000000 0.1031931 0.4426989 0.1881620 0.3938592 0.0750377 0.4285836 0.2450464 0.4755884 0.4073142 0.4018621 0.1187896 0.2034558 0.2163405 0.4089741 0.4100715 0.5559089 0.4867150 0.3918516 0.5418825 0.4560431 0.1212568 0.2559034 0.4907261 0.0826922 0.5314698 0.5218874 0.1098252 0.0951768 0.4775995 0.5245897 0.1090479 0.0426771 0.4862837 0.2347599 0.4265157 0.2191613 0.1567469 0.4434385 0.0977882 0.3035063 0.2754798 0.5124547 0.1453375 0.4858653 0.4231898 0.2145363 0.4980250 0.1942281 0.2241094 0.4440914 0.4386350 0.5367220 0.4322260 0.4345520 0.1120074 0.3441354 0.5194372 0.4501274 0.1053295 0.1331210 0.1758822 0.4551735 0.5561676 0.2997601 0.1970833 
Perityle_cernua_84                         0.1446629 0.2960484 0.5308325 0.4747247 0.4955083 0.4078058 0.3444236 0.4968990 0.4285389 0.4619189 0.4962951 0.4716892 0.0942389 0.0581686 0.4850012 0.4381287 0.1218307 0.3964326 0.1031931 0.0000000 0.4613641 0.1976304 0.3893677 0.1067442 0.4469650 0.2720516 0.4810379 0.4364226 0.4025727 0.1143857 0.2159146 0.2208400 0.4216155 0.4385968 0.5807463 0.5148439 0.3900303 0.5764801 0.4915226 0.1166374 0.2715447 0.5115878 0.0625037 0.5473448 0.5464788 0.1085096 0.0670642 0.4781647 0.5340079 0.0846975 0.1046000 0.5065579 0.2745476 0.4518061 0.2481191 0.1652133 0.4301978 0.0811788 0.3439024 0.2444399 0.4893514 0.1705195 0.5302103 0.4408923 0.2328680 0.4690391 0.1776865 0.2395111 0.4520329 0.4426422 0.5782862 0.4457055 0.4308884 0.0790406 0.3529881 0.5350952 0.4732942 0.0788999 0.1465005 0.1863859 0.4730958 0.5793313 0.2911770 0.1912268 
Perityle_cfvillosa_25_tin                  0.4583825 0.1306809 0.2595113 0.4021014 0.2697264 0.3348093 0.1890649 0.4553787 0.2254834 0.2334868 0.1155405 0.2147952 0.4686568 0.4501149 0.1831821 0.1158339 0.1873442 0.1581147 0.4426989 0.4613641 0.0000000 0.4195208 0.1098995 0.4317477 0.1161779 0.5611001 0.1224973 0.1715106 0.2458422 0.3294174 0.4711085 0.4999999 0.2396837 0.1019363 0.3519790 0.2416156 0.1224131 0.2791656 0.1703072 0.4519126 0.0158012 0.2143349 0.4473039 0.2074775 0.2219388 0.4485929 0.4431018 0.1191124 0.2445428 0.4540283 0.4311158 0.1767006 0.5597331 0.1132654 0.5620627 0.5155450 0.0905347 0.4439642 0.5669191 0.4616837 0.2904697 0.4548158 0.1361545 0.1888141 0.5351572 0.2324720 0.4996303 0.0595646 0.1251651 0.1209328 0.3382798 0.0765236 0.0860579 0.4443432 0.0304475 0.2916921 0.1702625 0.4485791 0.4944402 0.4267052 0.0987149 0.3566402 0.4105838 0.5080747 
Perityle_cinerea_113_Powell1310            0.2472809 0.3436628 0.4017373 0.3799306 0.3530263 0.3308490 0.3363122 0.4287463 0.3908361 0.3566240 0.4211390 0.4234791 0.1940570 0.2022521 0.4542466 0.4128046 0.1285870 0.4026649 0.1881620 0.1976304 0.4195208 0.0000000 0.4330062 0.1928432 0.3784442 0.2650140 0.4148355 0.4362357 0.4369915 0.0955759 0.2767159 0.3010778 0.4224491 0.4043104 0.3681971 0.4356831 0.4104293 0.4948863 0.4513944 0.2026931 0.2320967 0.3814567 0.1978945 0.3762745 0.4940274 0.2361269 0.1987802 0.4162008 0.4362136 0.1971954 0.2036344 0.4882345 0.2610175 0.4145857 0.3062039 0.2634917 0.4128739 0.1879921 0.3611376 0.2009231 0.5005598 0.2551200 0.4404906 0.3969852 0.2796054 0.3959474 0.2242839 0.2224676 0.4250941 0.4259529 0.4249282 0.4188117 0.4128527 0.1984538 0.3925495 0.4004903 0.4295795 0.2028109 0.2048952 0.1981028 0.4162008 0.3681971 0.2530706 0.2672835 
Perityle_coahuilensis_24                   0.3800778 0.1218615 0.1585003 0.3615316 0.2254926 0.3137154 0.1967975 0.4435448 0.2398048 0.1711629 0.0910116 0.0642937 0.4131272 0.3762030 0.1028571 0.0499069 0.1879864 0.1516448 0.3938592 0.3893677 0.1098995 0.4330062 0.0000000 0.3844898 0.0450520 0.5751643 0.0686809 0.1670211 0.2797772 0.2072343 0.3872897 0.4246631 0.2730047 0.0330830 0.2774497 0.2262582 0.0418739 0.2599720 0.1014414 0.3853911 0.0223207 0.1888461 0.3820642 0.1565085 0.2419659 0.4028645 0.3825151 0.0394218 0.2175771 0.3705446 0.3850378 0.2019388 0.5690390 0.0357653 0.4812287 0.4447622 0.0358557 0.3795879 0.5299294 0.4922817 0.2006842 0.4898233 0.1207065 0.1442983 0.5396481 0.1617378 0.4367765 0.0791386 0.0545247 0.0266425 0.2515863 0.0450626 0.0358892 0.3739857 0.0438854 0.2758504 0.1520058 0.3659237 0.4450725 0.3844770 0.0360225 0.2774497 0.3469152 0.4838076 
Perityle_cochisensis_44_cave_creek         0.1534650 0.3013462 0.5115673 0.4887701 0.4725950 0.4142143 0.3175915 0.4726982 0.4110275 0.4446465 0.4703018 0.4717135 0.0875705 0.0900292 0.4953088 0.4147369 0.1221188 0.3984532 0.0750377 0.1067442 0.4317477 0.1928432 0.3844898 0.0000000 0.4305534 0.2676521 0.4627760 0.4124750 0.3896216 0.1146119 0.2105631 0.2257920 0.4031254 0.4074017 0.5472073 0.4884001 0.3801313 0.5437575 0.4631313 0.1167306 0.2431055 0.4883286 0.0845611 0.5445927 0.5284044 0.1223702 0.0984046 0.4594374 0.5303307 0.1039335 0.0842278 0.4893871 0.2591929 0.4288063 0.2327955 0.1755882 0.4362410 0.0987277 0.3151346 0.2681453 0.5211091 0.1664079 0.4789215 0.4256518 0.2440363 0.4894359 0.1888204 0.2172514 0.4346596 0.4344126 0.5441716 0.4295912 0.4271346 0.1084615 0.3298155 0.4970676 0.4631680 0.1122136 0.1451580 0.1725320 0.4432801 0.5475402 0.3141686 0.1984699 
Perityle_congesta_202                      0.4506636 0.1137913 0.2306046 0.4143543 0.2602201 0.3586403 0.1979401 0.4911134 0.2189444 0.2399450 0.1182180 0.1333738 0.4737162 0.4106100 0.1440095 0.0726785 0.1731832 0.1460197 0.4285836 0.4469650 0.1161779 0.3784442 0.0450520 0.4305534 0.0000000 0.5635909 0.0807486 0.1460438 0.2293321 0.3198883 0.5065020 0.5321198 0.2196958 0.0398869 0.3720240 0.2646512 0.0485915 0.3007086 0.1118715 0.4504469 0.0572280 0.2033089 0.4256704 0.2295659 0.2527864 0.4539405 0.4353568 0.0666798 0.2178938 0.4431269 0.4254440 0.1996183 0.5650279 0.0330550 0.5121217 0.4943145 0.0556158 0.4393182 0.5902639 0.4518777 0.2095805 0.4409258 0.1321626 0.1623197 0.5520986 0.1572871 0.5292246 0.0742593 0.0692015 0.0683202 0.3192664 0.0432210 0.0568122 0.4298312 0.0624021 0.2724432 0.1443842 0.4445771 0.4863276 0.4128872 0.0590843 0.3739925 0.4295737 0.4514380 
Perityle_cordifolia_27                     0.2587675 0.4064382 0.6277440 0.6061935 0.5779165 0.5223167 0.4073886 0.5548980 0.4528494 0.5670266 0.6024712 0.6796151 0.2583661 0.3156981 0.6273163 0.5583814 0.1218698 0.5255410 0.2450464 0.2720516 0.5611001 0.2650140 0.5751643 0.2676521 0.5635909 0.0000000 0.5819195 0.5090027 0.4738205 0.1485916 0.2973481 0.3225598 0.4793499 0.5531291 0.6482743 0.6117865 0.5379135 0.6495113 0.6024281 0.2498033 0.2935676 0.5721643 0.2451715 0.5698644 0.6363186 0.2636347 0.2496154 0.6518073 0.6218879 0.2673240 0.2643133 0.5690469 0.0318068 0.5795123 0.2003901 0.2548711 0.5972741 0.2493574 0.3417059 0.2505362 0.6784106 0.0304398 0.6072859 0.5376769 0.1464901 0.6009794 0.2767329 0.2687725 0.6058045 0.5936376 0.6084320 0.5601113 0.5843016 0.2902061 0.4547066 0.6138736 0.5519821 0.2568919 0.2718120 0.1761940 0.6193306 0.6476596 0.3762208 0.2656167 
Perityle_cordifolia_68_tecolote            0.4709431 0.1376988 0.2518840 0.4506616 0.2749746 0.3813196 0.2179600 0.4832563 0.2241937 0.2680049 0.1517638 0.1639836 0.5105524 0.4647289 0.1742810 0.1048715 0.1959984 0.1672985 0.4755884 0.4810379 0.1224973 0.4148355 0.0686809 0.4627760 0.0807486 0.5819195 0.0000000 0.1627615 0.2484512 0.3304980 0.5245402 0.5699901 0.2175997 0.0723536 0.3622404 0.3069924 0.0717006 0.3248670 0.1285285 0.4968789 0.0611576 0.2419938 0.4516071 0.2647343 0.2793961 0.4838190 0.4697638 0.1140708 0.2575353 0.4845435 0.4646321 0.2000100 0.5872587 0.0781055 0.5296385 0.5091660 0.0809192 0.4730587 0.6036559 0.5149090 0.2376716 0.4742663 0.1583224 0.1791379 0.5582661 0.1836841 0.5621478 0.0988035 0.1026380 0.0976671 0.3096359 0.0712711 0.0776561 0.4880129 0.0771198 0.3123475 0.1759175 0.4753119 0.5176345 0.4478024 0.0961998 0.3637535 0.4756478 0.4861098 
Perityle_coronopifolia_28_patagonia        0.4116634 0.1611869 0.2136189 0.3815350 0.2584521 0.3085074 0.1932086 0.4172880 0.2429504 0.2042262 0.1795138 0.2579631 0.4390328 0.3905360 0.1594612 0.1307242 0.1564520 0.1417633 0.4073142 0.4364226 0.1715106 0.4362357 0.1670211 0.4124750 0.1460438 0.5090027 0.1627615 0.0000000 0.2501321 0.3358650 0.4524802 0.5023775 0.2491421 0.1385760 0.3584034 0.2272964 0.1312031 0.2521151 0.1454526 0.4118841 0.1184472 0.1735837 0.4000265 0.2196264 0.2185367 0.4271910 0.4085465 0.1768516 0.1857329 0.4190459 0.4063618 0.2390852 0.5014072 0.1405753 0.5270566 0.4411365 0.1411333 0.4230823 0.5741962 0.4975384 0.1698731 0.4175173 0.1938759 0.0641218 0.4754339 0.1531543 0.4707002 0.1503495 0.1369847 0.1417475 0.3064851 0.1375154 0.1382152 0.4169140 0.1692591 0.2235706 0.1547569 0.4274044 0.4296302 0.4404860 0.1600649 0.3574340 0.4068349 0.4748071 
Perityle_crassifolia_70_ventanas           0.4149529 0.2095431 0.2805650 0.4013816 0.3166980 0.3414587 0.2346955 0.4062876 0.0990530 0.2865782 0.2531237 0.3939723 0.4027545 0.3835900 0.2523868 0.2220457 0.1456840 0.2409300 0.4018621 0.4025727 0.2458422 0.4369915 0.2797772 0.3896216 0.2293321 0.4738205 0.2484512 0.2501321 0.0000000 0.3180018 0.4478358 0.4435617 0.1183464 0.2180143 0.1856960 0.2471641 0.2203120 0.3014074 0.2676054 0.4017012 0.1282585 0.2401428 0.4023425 0.2430938 0.2690616 0.4010656 0.3939191 0.2740765 0.2806467 0.4012132 0.3851907 0.2319511 0.4800238 0.2196251 0.5310741 0.4513126 0.2338786 0.4043131 0.5203886 0.3991175 0.3670608 0.4119692 0.2655019 0.2631910 0.4450134 0.2757771 0.4562393 0.1567816 0.2263230 0.2415177 0.2203958 0.2362220 0.2418375 0.3954591 0.2173661 0.2604024 0.2605889 0.4094191 0.4436271 0.3992102 0.2695485 0.1830752 0.3932917 0.4697786 
Perityle_crassifolia_74_playa_balandra     0.0939041 0.1664301 0.3238032 0.3186664 0.3072777 0.2520941 0.2339152 0.2620661 0.3196764 0.2717671 0.3185259 0.3071412 0.1314197 0.0983159 0.3375549 0.3002440 0.0411769 0.2222299 0.1187896 0.1143857 0.3294174 0.0955759 0.2072343 0.1146119 0.3198883 0.1485916 0.3304980 0.3358650 0.3180018 0.0000000 0.1411120 0.1159714 0.3196764 0.3197672 0.3520237 0.3428993 0.2795274 0.3320677 0.3110801 0.1351777 0.2309754 0.3372657 0.1143857 0.3440533 0.3430247 0.1258121 0.1185789 0.3346261 0.3217656 0.1309582 0.1144223 0.3117059 0.1355114 0.3011085 0.1737810 0.1569325 0.3177309 0.1197830 0.2022832 0.1278032 0.2779679 0.1518146 0.3281338 0.3270131 0.1394678 0.3012701 0.1324035 0.1921029 0.3165891 0.3238610 0.3088536 0.3289920 0.3104616 0.1307102 0.2259890 0.3158874 0.3468673 0.1313439 0.1274955 0.2048302 0.3460369 0.3466678 0.0437120 0.1672851 
Perityle_cuneata_34_cuneata_San_antonio    0.1706932 0.2630735 0.5403976 0.5229459 0.5457736 0.4236126 0.3281848 0.5223930 0.4397278 0.4671858 0.5137220 0.4921152 0.1985651 0.2170593 0.5416843 0.4899542 0.0179365 0.4659820 0.2034558 0.2159146 0.4711085 0.2767159 0.3872897 0.2105631 0.5065020 0.2973481 0.5245402 0.4524802 0.4478358 0.1411120 0.0000000 0.1813817 0.4355250 0.4909734 0.5989117 0.4894156 0.4482275 0.5974585 0.5249279 0.2223565 0.2301126 0.5198806 0.1821710 0.5489555 0.5570531 0.2247369 0.1931134 0.5094328 0.5571568 0.1981525 0.2107360 0.5039443 0.2752814 0.5083020 0.2942731 0.2283717 0.5077283 0.1925460 0.3901688 0.3074790 0.5277132 0.1940167 0.5221864 0.4598303 0.2759933 0.5080069 0.2059955 0.1916018 0.5188505 0.5098924 0.5478834 0.4974134 0.5022481 0.2219119 0.3424627 0.5771328 0.5010731 0.2047810 0.1859939 0.2419180 0.4903843 0.5987726 0.2065904 0.2677583 
Perityle_cuneata_4                         0.1813391 0.3277736 0.5688984 0.5678962 0.5610119 0.4644981 0.3516733 0.5222833 0.4584064 0.5144552 0.5562580 0.5514544 0.2159770 0.2057174 0.5587509 0.5286609 0.0808463 0.4819589 0.2163405 0.2208400 0.4999999 0.3010778 0.4246631 0.2257920 0.5321198 0.3225598 0.5699901 0.5023775 0.4435617 0.1159714 0.1813817 0.0000000 0.4440468 0.5196716 0.6550791 0.5437510 0.4765595 0.6310971 0.5506028 0.2220523 0.2354673 0.5495482 0.1940230 0.5924425 0.6057467 0.2278873 0.2079216 0.5770057 0.5739285 0.2132662 0.2350631 0.5591717 0.3129891 0.5302825 0.3185642 0.2281147 0.5382968 0.2122953 0.4073455 0.3387830 0.5522604 0.2145858 0.5666426 0.4974774 0.2825124 0.5697684 0.2090850 0.2120579 0.5546277 0.5446245 0.5688873 0.5038672 0.5189794 0.2360537 0.3512577 0.5811799 0.5493605 0.2158278 0.2203621 0.2431908 0.5484843 0.6591035 0.2957787 0.2564592 
Perityle_discoidea_81                      0.4101709 0.2475935 0.2621287 0.4115655 0.3084585 0.3306879 0.2309560 0.4322456 0.0021952 0.2714869 0.2392878 0.3751531 0.4246919 0.3906635 0.2451044 0.2058570 0.1385862 0.2179162 0.4089741 0.4216155 0.2396837 0.4224491 0.2730047 0.4031254 0.2196958 0.4793499 0.2175997 0.2491421 0.1183464 0.3196764 0.4355250 0.4440468 0.0000000 0.2071940 0.0803126 0.2609731 0.2071707 0.3101929 0.2615212 0.4096552 0.1282412 0.2493922 0.4080565 0.2402351 0.2762204 0.4187413 0.4085657 0.2630741 0.2970706 0.4144313 0.3999022 0.2424778 0.4769258 0.2158451 0.5302242 0.4736860 0.2181553 0.4078320 0.4953000 0.4613736 0.3272966 0.3882984 0.2575931 0.2676172 0.5137784 0.2785006 0.4456041 0.1567565 0.2169180 0.2257474 0.2057316 0.2266634 0.2292493 0.3950812 0.2251207 0.2643910 0.2667423 0.4241829 0.4506340 0.4167750 0.2588252 0.0779351 0.3220156 0.4517544 
Perityle_dissecta_201                      0.4309008 0.1177419 0.2268677 0.4148952 0.2609618 0.3401356 0.1892935 0.4527261 0.1990895 0.2283083 0.1067764 0.1172935 0.4556642 0.4070027 0.1376036 0.0644332 0.1653377 0.1417052 0.4100715 0.4385968 0.1019363 0.4043104 0.0330830 0.4074017 0.0398869 0.5531291 0.0723536 0.1385760 0.2180143 0.3197672 0.4909734 0.5196716 0.2071940 0.0000000 0.3619721 0.2522677 0.0481853 0.2928090 0.0993020 0.4295058 0.0402318 0.1915017 0.4096773 0.2269507 0.2472730 0.4456077 0.4175803 0.0524753 0.2146403 0.4307823 0.4037333 0.1768007 0.5516045 0.0242801 0.5204504 0.4755594 0.0374848 0.4213007 0.5845297 0.4521999 0.1984913 0.4428769 0.1150355 0.1577107 0.5307827 0.1507494 0.5160623 0.0595143 0.0624202 0.0558411 0.2938121 0.0364356 0.0375852 0.4207634 0.0534324 0.2497048 0.1427281 0.4293663 0.4733282 0.4107996 0.0415455 0.3663952 0.4275937 0.4422528 
Perityle_emoryi_47_punta_san_jose          0.5818727 0.2002853 0.4287772 0.5730759 0.4455269 0.4838162 0.2232875 0.5363319 0.1337267 0.3961504 0.3706551 0.4628469 0.5622236 0.4694221 0.3503261 0.3793123 0.1391852 0.2980178 0.5559089 0.5807463 0.3519790 0.3681971 0.2774497 0.5472073 0.3720240 0.6482743 0.3622404 0.3584034 0.1856960 0.3520237 0.5989117 0.6550791 0.0803126 0.3619721 0.0000000 0.3790809 0.2537360 0.4365489 0.4177841 0.5702490 0.1286475 0.3917984 0.5431014 0.4045702 0.4146783 0.5813741 0.5707179 0.3908702 0.4122584 0.5774709 0.5464630 0.3679744 0.6383671 0.3624752 0.5212487 0.6131503 0.3156725 0.5752182 0.6436649 0.4540941 0.3998641 0.3564175 0.3822539 0.3356369 0.6496876 0.3739638 0.6219007 0.1573251 0.3557281 0.3270056 0.2934120 0.3674726 0.3653017 0.5158427 0.2023736 0.3785956 0.3817284 0.5903557 0.6146454 0.4362349 0.4308756 0.0016819 0.4471235 0.4895573 
Perityle_feddemae_99                       0.4787469 0.2312555 0.3431339 0.5129814 0.3446276 0.4293429 0.1761208 0.4802270 0.2322778 0.3247474 0.2309961 0.3981646 0.5167632 0.5144833 0.3111674 0.2466271 0.1738874 0.2951697 0.4867150 0.5148439 0.2416156 0.4356831 0.2262582 0.4884001 0.2646512 0.6117865 0.3069924 0.2272964 0.2471641 0.3428993 0.4894156 0.5437510 0.2609731 0.2522677 0.3790809 0.0000000 0.2256476 0.3138564 0.2996196 0.4859358 0.1027730 0.1686680 0.4918512 0.1928507 0.3130024 0.4941018 0.5001925 0.3181730 0.2139562 0.5158552 0.4821001 0.2675707 0.6046986 0.2642115 0.5505855 0.5296668 0.2607925 0.5116620 0.6038724 0.4741260 0.3370257 0.4420046 0.2539516 0.2502443 0.5371540 0.3029629 0.5213697 0.1345244 0.2725846 0.2622985 0.3942429 0.2492611 0.2607766 0.5314977 0.1887349 0.3454177 0.2958470 0.5214496 0.5391748 0.4200910 0.2978760 0.3778561 0.4953524 0.4856355 
Perityle_fosteri_93                        0.3901048 0.1051007 0.1683556 0.3661372 0.2159905 0.3096679 0.1799589 0.4062997 0.1825257 0.1680041 0.0995387 0.1199015 0.4042750 0.3718371 0.0870079 0.0251672 0.1799089 0.1118813 0.3918516 0.3900303 0.1224131 0.4104293 0.0418739 0.3801313 0.0485915 0.5379135 0.0717006 0.1312031 0.2203120 0.2795274 0.4482275 0.4765595 0.2071707 0.0481853 0.2537360 0.2256476 0.0000000 0.2550809 0.0827711 0.3864407 0.0238440 0.1792249 0.3771258 0.1663435 0.2318634 0.3821743 0.3729579 0.0623891 0.2012792 0.3723709 0.3760227 0.1782646 0.5438383 0.0483068 0.4980089 0.4468298 0.0392907 0.3795017 0.5160722 0.4801772 0.1881263 0.4538701 0.1329363 0.1391574 0.5311107 0.1388347 0.4516961 0.0546670 0.0307316 0.0372536 0.2473316 0.0414901 0.0401050 0.3746280 0.0416327 0.2397881 0.1389985 0.3758361 0.4406697 0.3805879 0.0574079 0.2508921 0.4009174 0.4568259 
Perityle_gamon_221                         0.5522800 0.2290289 0.3691773 0.5196825 0.4038305 0.4539618 0.2406813 0.5286520 0.3071941 0.3410591 0.3099470 0.4405362 0.5460553 0.5450114 0.3328649 0.2689041 0.2131160 0.2707973 0.5418825 0.5764801 0.2791656 0.4948863 0.2599720 0.5437575 0.3007086 0.6495113 0.3248670 0.2521151 0.3014074 0.3320677 0.5974585 0.6310971 0.3101929 0.2928090 0.4365489 0.3138564 0.2550809 0.0000000 0.3503724 0.5567074 0.1106355 0.3074637 0.5544081 0.3145417 0.1056149 0.5547251 0.5344052 0.3363782 0.3220682 0.5483640 0.5243141 0.3305769 0.6433912 0.3156157 0.5455658 0.6167499 0.2905972 0.5514250 0.6553315 0.4794664 0.3625989 0.4838525 0.3167822 0.2689500 0.5634760 0.3575918 0.6418636 0.1473480 0.2917131 0.2910368 0.3943182 0.2990029 0.3134233 0.5342023 0.1959172 0.3415115 0.2660601 0.5518479 0.5884608 0.4375502 0.3337106 0.4347984 0.5551489 0.5454766 
Perityle_gentryi_8_san_francisco           0.4900953 0.1563034 0.2404646 0.4488318 0.2869493 0.3799077 0.2172223 0.4866926 0.2458293 0.2495113 0.1834283 0.1869094 0.5025864 0.4861044 0.1361876 0.0895715 0.2141076 0.1632105 0.4560431 0.4915226 0.1703072 0.4513944 0.1014414 0.4631313 0.1118715 0.6024281 0.1285285 0.1454526 0.2676054 0.3110801 0.5249279 0.5506028 0.2615212 0.0993020 0.4177841 0.2996196 0.0827711 0.3503724 0.0000000 0.4823254 0.0931850 0.2422153 0.4639618 0.2527911 0.2814313 0.4764570 0.4486074 0.1315371 0.2712019 0.4728158 0.4578192 0.2458661 0.5923382 0.1086095 0.5195704 0.5108336 0.0988021 0.4499551 0.6166970 0.4621745 0.2381563 0.4691520 0.1949773 0.1755685 0.5642904 0.1751230 0.5509072 0.1183143 0.1028941 0.1003614 0.3465138 0.0991404 0.1083439 0.4677758 0.1033130 0.3058888 0.1748136 0.4746866 0.5249442 0.4190785 0.1223768 0.4195815 0.4735997 0.4880877 
Perityle_gilensis_22_Superstition          0.1395034 0.2956867 0.5397631 0.5083987 0.4946100 0.4196581 0.3290853 0.4730716 0.4147334 0.4586406 0.4960996 0.4831509 0.1209499 0.0851702 0.4852751 0.4411882 0.1219656 0.4114992 0.1212568 0.1166374 0.4519126 0.2026931 0.3853911 0.1167306 0.4504469 0.2498033 0.4968789 0.4118841 0.4017012 0.1351777 0.2223565 0.2220523 0.4096552 0.4295058 0.5702490 0.4859358 0.3864407 0.5567074 0.4823254 0.0000000 0.2611139 0.5007205 0.0769764 0.5473645 0.5217453 0.1262599 0.0910183 0.4974321 0.5155460 0.0870647 0.1374389 0.4591989 0.2417859 0.4484212 0.2325872 0.1784895 0.4448746 0.0935046 0.3192579 0.2676265 0.5095914 0.1654874 0.5213955 0.4256476 0.2220122 0.4714232 0.1715756 0.2294642 0.4369663 0.4340749 0.5349778 0.4421416 0.4449810 0.0933150 0.3478000 0.5143189 0.4728312 0.1029399 0.1432003 0.1726059 0.4776005 0.5703774 0.3093779 0.1958719 
Perityle_gilensis_salensis_225             0.2299318 0.0916299 0.0821356 0.2322103 0.1523147 0.1919312 0.1614410 0.2663718 0.1282412 0.1127583 0.0279835 0.1216228 0.2675703 0.2617487 0.1178685 0.0279233 0.1615298 0.0917719 0.2559034 0.2715447 0.0158012 0.2320967 0.0223207 0.2431055 0.0572280 0.2935676 0.0611576 0.1184472 0.1282585 0.2309754 0.2301126 0.2354673 0.1282412 0.0402318 0.1286475 0.1027730 0.0238440 0.1106355 0.0931850 0.2611139 0.0000000 0.1091069 0.2555487 0.1007285 0.1008112 0.2623453 0.2682152 0.0398167 0.1092511 0.2618897 0.2493156 0.0278255 0.2876954 0.0569812 0.3430033 0.3004893 0.0118033 0.2612950 0.3276351 0.3402647 0.1720847 0.2746943 0.0403097 0.1046579 0.2936140 0.1212715 0.2786776 0.0601202 0.0402021 0.0238291 0.1240190 0.0157726 0.0118033 0.2614013 0.0238493 0.1005291 0.1241462 0.2489832 0.2626102 0.3153847 0.0398167 0.1286475 0.1880338 0.3449903 
Perityle_glaucescens_94                    0.4589497 0.1377071 0.2696069 0.4402569 0.3368322 0.3718793 0.1955344 0.4657895 0.2219931 0.2763307 0.2094485 0.3312683 0.5061161 0.5149569 0.2423279 0.1803971 0.1660803 0.2420918 0.4907261 0.5115878 0.2143349 0.3814567 0.1888461 0.4883286 0.2033089 0.5721643 0.2419938 0.1735837 0.2401428 0.3372657 0.5198806 0.5495482 0.2493922 0.1915017 0.3917984 0.1686680 0.1792249 0.3074637 0.2422153 0.5007205 0.1091069 0.0000000 0.4990018 0.1364393 0.2880514 0.4862611 0.4873819 0.2434880 0.0683680 0.5058336 0.4925708 0.2590479 0.5633466 0.2069568 0.5471332 0.5614951 0.2032530 0.5074386 0.5902648 0.4651556 0.3196915 0.4091781 0.2261789 0.1928933 0.5386252 0.2654307 0.5472429 0.1294146 0.2147576 0.2223153 0.3595173 0.1935043 0.2080307 0.5110638 0.1305899 0.2982195 0.2238495 0.5135173 0.5302539 0.4092441 0.2260588 0.3904504 0.4805930 0.4935695 
Perityle_gracilis_11                       0.1049448 0.2973435 0.5222812 0.4539358 0.4873752 0.3823418 0.3204416 0.4488545 0.4124042 0.4453146 0.4783284 0.4605415 0.0852650 0.0296066 0.4920682 0.4326088 0.1012581 0.3942751 0.0826922 0.0625037 0.4473039 0.1978945 0.3820642 0.0845611 0.4256704 0.2451715 0.4516071 0.4000265 0.4023425 0.1143857 0.1821710 0.1940230 0.4080565 0.4096773 0.5431014 0.4918512 0.3771258 0.5544081 0.4639618 0.0769764 0.2555487 0.4990018 0.0000000 0.5367079 0.5068590 0.0854180 0.0288545 0.4641633 0.5201773 0.0456136 0.0905830 0.4504327 0.2370422 0.4158907 0.2361176 0.1296407 0.4285397 0.0253232 0.3099570 0.2450177 0.4902674 0.1520124 0.4883346 0.4106677 0.1997736 0.4679599 0.1411154 0.2237944 0.4227043 0.4279848 0.5384320 0.4291227 0.4237638 0.0294299 0.3397142 0.5259889 0.4547365 0.0399654 0.0989124 0.1726768 0.4500606 0.5434814 0.2794305 0.1873688 
Perityle_harkerae_31                       0.5047469 0.1387339 0.2962969 0.4498112 0.3566084 0.3846681 0.1797107 0.4475853 0.2461851 0.2780330 0.2207814 0.3498287 0.5458683 0.5377163 0.2368454 0.2213532 0.1590018 0.2503070 0.5314698 0.5473448 0.2074775 0.3762745 0.1565085 0.5445927 0.2295659 0.5698644 0.2647343 0.2196264 0.2430938 0.3440533 0.5489555 0.5924425 0.2402351 0.2269507 0.4045702 0.1928507 0.1663435 0.3145417 0.2527911 0.5473645 0.1007285 0.1364393 0.5367079 0.0000000 0.3117874 0.5340398 0.5389372 0.2654630 0.1377136 0.5350186 0.5205818 0.2627206 0.5857485 0.2153336 0.5266086 0.5767681 0.2034090 0.5545512 0.6461662 0.4249906 0.2706431 0.4240201 0.2326797 0.2283289 0.5646789 0.2695625 0.5752096 0.1299715 0.2244570 0.2155458 0.3516803 0.2114147 0.1956214 0.5399356 0.1176355 0.2883841 0.2650671 0.5593671 0.5784154 0.4199356 0.2630342 0.4030720 0.4969481 0.4819045 
Perityle_hofmeisteria_4_nombre_de_dios     0.5425626 0.2430400 0.3524004 0.5074279 0.3654675 0.4282752 0.2304451 0.5214513 0.2690613 0.2944657 0.2537500 0.4167515 0.5159379 0.5339144 0.2911307 0.2403066 0.2286160 0.2645833 0.5218874 0.5464788 0.2219388 0.4940274 0.2419659 0.5284044 0.2527864 0.6363186 0.2793961 0.2185367 0.2690616 0.3430247 0.5570531 0.6057467 0.2762204 0.2472730 0.4146783 0.3130024 0.2318634 0.1056149 0.2814313 0.5217453 0.1008112 0.2880514 0.5068590 0.3117874 0.0000000 0.5427785 0.5117635 0.3207682 0.3151761 0.5199322 0.5070461 0.2766475 0.6265711 0.2633138 0.5418853 0.5967678 0.2620530 0.5235908 0.6220184 0.4694134 0.3325592 0.4961837 0.2615518 0.2533121 0.5649140 0.3239300 0.5911337 0.1417015 0.2631640 0.2507626 0.3782559 0.2403323 0.2674485 0.5350627 0.1844475 0.3171221 0.2219311 0.5254488 0.5720825 0.4341105 0.2846436 0.4132280 0.5502296 0.5224699 
