86
Amauria_brandeegeana_62                    0.0000000 0.1145265 0.1453019 0.2892370 0.1309720 0.0489004 0.1891298 0.1049302 0.3606770 0.0599220 0.1655257 0.2118799 0.2104534 0.2120832 0.1894134 0.1974039 0.2049268 0.1517130 0.1274477 0.2123564 0.2048223 0.2076708 0.1450189 0.2102023 0.1781876 0.2610413 0.1965405 0.2179610 0.1890125 0.1413485 0.0916831 0.1410060 0.6570674 0.0615612 0.1955273 0.5440619 0.1386563 0.1817346 0.1828821 0.2241885 0.2202184 0.4465568 0.1918805 0.2076177 0.1951975 0.1890933 0.2090813 0.2087100 0.2099958 0.1992075 0.1042784 0.1980048 0.1676565 0.1961052 0.2109414 0.1865683 0.1692782 0.1987738 0.2067633 0.2029094 0.2008015 0.1472514 0.1654540 0.1506881 0.2000973 0.1948414 0.1958304 0.1504112 0.1763586 0.1001985 0.2187355 0.4496586 0.1357325 0.2072994 0.2076845 0.2088947 0.0949188 0.1483681 0.2012993 0.1941418 0.2029207 0.1643654 0.2116443 0.1554441 0.1335110 0.1535096 
Amauria_carterae_99_mesa                   0.1145265 0.0000000 0.1074736 0.2223862 0.1119103 0.0832855 0.1456551 0.1186218 0.1806144 0.1344321 0.1388419 0.1557332 0.1573078 0.1548254 0.1438893 0.1266378 0.1454469 0.1141436 0.1155298 0.1456245 0.1467888 0.1587972 0.1415165 0.1535605 0.1546092 0.1571069 0.1427322 0.1185022 0.1347069 0.1049257 0.1386010 0.1265639 0.7957669 0.1345261 0.1455697 0.2320511 0.1081589 0.1467850 0.1260948 0.1568769 0.1503977 0.2147375 0.1127368 0.1571312 0.1165547 0.1289665 0.1448711 0.1562853 0.1566719 0.1166201 0.1368791 0.1457374 0.1447958 0.1465810 0.1516860 0.1436556 0.1363296 0.1391865 0.1585080 0.1541430 0.1313827 0.0776641 0.1236137 0.1249426 0.1519645 0.1325533 0.1447062 0.1380552 0.1277986 0.1174904 0.1498922 0.1959723 0.1170284 0.1594970 0.1611479 0.1613468 0.1381481 0.1415779 0.1367324 0.1510450 0.1558442 0.1379942 0.1590968 0.1227341 0.0972459 0.1183259 
Amauria_rotundifolia_SRR9119150            0.1453019 0.1074736 0.0000000 0.3297963 0.1935652 0.0801004 0.2118125 0.1696933 0.2839702 0.2098122 0.2357864 0.2313329 0.2336557 0.2370309 0.2165577 0.2454791 0.2280220 0.1092576 0.1905475 0.2236237 0.2112345 0.2830588 0.1820218 0.2335540 0.2065160 0.2519647 0.2232388 0.2335024 0.2292396 0.1438806 0.1951897 0.1298138 0.7719876 0.2102838 0.2296272 0.3613898 0.1815111 0.1949862 0.2218562 0.2407629 0.2329893 0.3408003 0.2137259 0.2329768 0.2158701 0.2234052 0.2394335 0.2300528 0.2324350 0.2218121 0.1873164 0.2162510 0.2005347 0.2217123 0.2338513 0.2553979 0.2099469 0.2254577 0.2258795 0.2296331 0.2462188 0.1455989 0.2544181 0.1495988 0.2265197 0.2303571 0.2226293 0.2198647 0.2154785 0.1035970 0.2374699 0.3609342 0.1844499 0.2324710 0.2290748 0.2374960 0.1461623 0.2231594 0.2353837 0.2157660 0.2302890 0.1755528 0.2303503 0.1393665 0.1498912 0.2004022 
Conoclinium_coelestinum_SRR9119114         0.2892370 0.2223862 0.3297963 0.0000000 0.3134713 0.1894866 0.2123364 0.2269380 0.3511228 0.3152353 0.3224188 0.2961117 0.2823100 0.2861201 0.3002672 0.2685963 0.2865911 0.2907717 0.2814679 0.2767567 0.2468726 0.3138972 0.2080400 0.2839211 0.2828814 0.2916458 0.2841022 0.2850227 0.2756484 0.2984256 0.2641314 0.2850209 0.8577196 0.3202103 0.2885018 0.4267826 0.2649268 0.2817899 0.2868775 0.2929147 0.2684593 0.3780676 0.2690190 0.2799596 0.2702204 0.2866554 0.2791472 0.2818095 0.2614283 0.2671182 0.2547013 0.2780395 0.2578222 0.2612896 0.2989238 0.2867367 0.2809040 0.2692360 0.2634036 0.2749684 0.2756495 0.1880024 0.3027600 0.2113983 0.2847988 0.2730085 0.2595308 0.3505649 0.2797492 0.1659057 0.2753755 0.3896787 0.3319887 0.2829126 0.2816591 0.2793733 0.2120658 0.3524276 0.2781454 0.2645943 0.2878938 0.2406221 0.2772095 0.3225411 0.2073221 0.2810160 
Eutetras_palmeri_63                        0.1309720 0.1119103 0.1935652 0.3134713 0.0000000 0.0116648 0.2142618 0.1555887 0.2928276 0.1920747 0.1941591 0.2187782 0.2165747 0.2220753 0.2045953 0.2007365 0.2134882 0.1614455 0.1696486 0.2235997 0.1984611 0.2261028 0.1832074 0.2159104 0.1915775 0.2596237 0.2110172 0.1906421 0.2165182 0.1440148 0.2106650 0.1383453 0.7549716 0.1907476 0.2099624 0.3006017 0.1632808 0.1944490 0.2060794 0.2292681 0.2308161 0.3253157 0.1976505 0.2084369 0.1997942 0.2087674 0.2171518 0.2152746 0.2269513 0.2065351 0.1775224 0.2066741 0.1932775 0.2123813 0.2210295 0.2095267 0.1818804 0.2031084 0.2217714 0.2168817 0.2130520 0.1360635 0.2006635 0.1487532 0.2181364 0.2140799 0.2077027 0.0915584 0.1905301 0.1068960 0.2314352 0.3496810 0.1652592 0.2407766 0.2220437 0.2223333 0.1467618 0.0930590 0.2123196 0.2111590 0.2217445 0.1676546 0.2202893 0.1825422 0.1323204 0.1882763 
Eutetras_pringlei_149_quer                 0.0489004 0.0832855 0.0801004 0.1894866 0.0116648 0.0000000 0.1310681 0.0878262 0.1276860 0.0864719 0.1049739 0.1163175 0.1303091 0.1230534 0.1246336 0.1132711 0.1195070 0.0910898 0.1153989 0.1178852 0.1235946 0.1180563 0.1174782 0.1230118 0.1249399 0.1273463 0.1089134 0.0911781 0.1214148 0.0868721 0.0974224 0.0729548 0.8418199 0.0864719 0.1176515 0.1808698 0.1016437 0.1196210 0.1111781 0.1294028 0.1251078 0.1393749 0.1017467 0.1216682 0.1066658 0.1114548 0.1261822 0.1215599 0.1265054 0.1100935 0.1117892 0.1163740 0.1160964 0.1177821 0.1247425 0.1234402 0.1212481 0.1159331 0.1266628 0.1216768 0.1131077 0.0930353 0.1209712 0.1109841 0.1229731 0.1224634 0.1144159 0.0464669 0.1035557 0.0946279 0.1251992 0.1178499 0.0970299 0.1249484 0.1275490 0.1248974 0.1193014 0.0527681 0.1170570 0.1182473 0.1230840 0.1020035 0.1284512 0.0928949 0.1041126 0.1243367 
Eutrochium_fistulosum_SRR9119106           0.1891298 0.1456551 0.2118125 0.2123364 0.2142618 0.1310681 0.0000000 0.1708444 0.3229179 0.2275465 0.2335091 0.2394197 0.2319925 0.2399537 0.2162211 0.2435093 0.2274495 0.1824262 0.2091311 0.2264207 0.2110609 0.2856772 0.1677930 0.2340064 0.2120056 0.2365561 0.2296877 0.2429983 0.2303695 0.1835560 0.2038891 0.1877878 0.7745072 0.2303765 0.2227393 0.3535200 0.1887138 0.2103094 0.2305607 0.2488077 0.2152070 0.3210381 0.2204449 0.2312496 0.2176841 0.2294572 0.2221414 0.2243599 0.2314808 0.2189157 0.1827723 0.2234869 0.1950272 0.2191673 0.2343853 0.2606620 0.2152112 0.2118156 0.2246957 0.2272204 0.2452459 0.1298938 0.2442906 0.1526871 0.2294964 0.2306392 0.2163713 0.2447523 0.2161913 0.1044261 0.2209616 0.3555344 0.2041660 0.2347636 0.2325160 0.2352905 0.1643311 0.2435761 0.2384696 0.2186024 0.2316615 0.2086133 0.2290439 0.2134797 0.1512936 0.2160035 
Galeana_pratensis_104_mex                  0.1049302 0.1186218 0.1696933 0.2269380 0.1555887 0.0878262 0.1708444 0.0000000 0.1754329 0.1168941 0.1346649 0.1099157 0.1140678 0.1099812 0.1170234 0.1030001 0.1023994 0.1503860 0.1071709 0.1089388 0.1079634 0.1138164 0.1178298 0.1109548 0.1112933 0.1106343 0.1122802 0.0962072 0.0945305 0.1412607 0.1536763 0.1269918 0.7426985 0.1184826 0.1071763 0.1824114 0.1040604 0.1052012 0.1047573 0.1240054 0.1076254 0.1759221 0.1039862 0.1097198 0.1097638 0.1046068 0.1140475 0.1064653 0.1096767 0.1141959 0.0997839 0.1172775 0.1028271 0.1085274 0.1094153 0.0952065 0.1076198 0.1073123 0.1047128 0.1105971 0.1090159 0.0731972 0.1129500 0.0884895 0.1096288 0.1020288 0.1057143 0.1534196 0.1104078 0.0527305 0.1054927 0.1558768 0.1452303 0.1062265 0.1061107 0.1132152 0.0860521 0.1582922 0.1110220 0.1118472 0.1097126 0.0799643 0.1124573 0.1750433 0.0949829 0.1193720 
Helianthus_annuus_SRR9119062               0.3606770 0.1806144 0.2839702 0.3511228 0.2928276 0.1276860 0.3229179 0.1754329 0.0000000 0.2981193 0.3142091 0.2940533 0.2907832 0.2966260 0.2517640 0.2833484 0.2855990 0.2398123 0.2612645 0.2796157 0.2905224 0.2993317 0.2044928 0.2972811 0.2697032 0.2902127 0.2907016 0.2823622 0.2994845 0.2821531 0.2137530 0.2784342 0.7703977 0.2997406 0.2785239 0.3348290 0.2350474 0.2649874 0.2788007 0.2968802 0.2507488 0.3294120 0.2781713 0.2909054 0.2835844 0.2818820 0.2901454 0.2895368 0.2926165 0.2859106 0.1920060 0.2821150 0.2608344 0.2777768 0.2897886 0.3021301 0.2390508 0.2625080 0.2855827 0.2927894 0.2967018 0.1796440 0.2617236 0.1958512 0.2830371 0.2996902 0.2731056 0.2890614 0.2692525 0.1271065 0.2667899 0.3568876 0.3150798 0.3005237 0.2979585 0.2974563 0.1640027 0.2896802 0.2982026 0.2808638 0.2884413 0.1970268 0.2938239 0.2920753 0.2232225 0.2648097 
Lycapsus_tenuifolius_17                    0.0599220 0.1344321 0.2098122 0.3152353 0.1920747 0.0864719 0.2275465 0.1168941 0.2981193 0.0000000 0.1752484 0.2045411 0.2034857 0.1991545 0.2002365 0.2132557 0.1956047 0.1902415 0.1551472 0.1999586 0.1651662 0.2506826 0.1580760 0.2001591 0.1753554 0.2247621 0.2007903 0.1875214 0.1892329 0.1804802 0.1367872 0.1808465 0.7065799 0.0035946 0.1901232 0.2577577 0.1504388 0.1784449 0.1906439 0.2045709 0.2030070 0.2893967 0.1968007 0.1973964 0.1945701 0.1946247 0.2062982 0.1988675 0.2005192 0.1999241 0.1464737 0.1874171 0.1749099 0.1871966 0.2006494 0.2132483 0.1897133 0.1950423 0.2016236 0.1977804 0.2037452 0.1389207 0.2028068 0.1470280 0.1936372 0.1907671 0.1906957 0.2158054 0.1825614 0.1001985 0.2055916 0.3063752 0.0897379 0.2272480 0.2044941 0.2031944 0.1153819 0.2192558 0.2035362 0.1901914 0.1972922 0.1693534 0.2012805 0.2168949 0.1215743 0.1693446 
Pericome_caudata_50_silver                 0.1655257 0.1388419 0.2357864 0.3224188 0.1941591 0.1049739 0.2335091 0.1346649 0.3142091 0.1752484 0.0000000 0.1951516 0.1858568 0.1863673 0.1890772 0.2172205 0.1852052 0.2060298 0.1443498 0.1912515 0.1817328 0.2296873 0.1694045 0.1863693 0.1649061 0.2085200 0.1942624 0.1827722 0.1807648 0.1854957 0.1802688 0.1887232 0.7124293 0.1752903 0.1850354 0.3202481 0.1379304 0.1703812 0.1834906 0.2068062 0.1903297 0.2769252 0.1815701 0.1814245 0.1891806 0.1846965 0.1934164 0.1826650 0.1909028 0.1906954 0.1227298 0.1827327 0.1640817 0.1907703 0.1912401 0.2120449 0.1604270 0.1873346 0.1865672 0.1832873 0.2106563 0.1105176 0.1956704 0.1508556 0.1830117 0.1843393 0.1886577 0.2185600 0.1703934 0.0949328 0.1910318 0.3192449 0.1733363 0.2140195 0.1899775 0.1916301 0.1019133 0.2210875 0.1903386 0.1895484 0.1841161 0.1817923 0.1882560 0.2321821 0.1338075 0.1545015 
Perityle_aglossa_84_dead_horse             0.2118799 0.1557332 0.2313329 0.2961117 0.2187782 0.1163175 0.2394197 0.1099157 0.2940533 0.2045411 0.1951516 0.0000000 0.0340596 0.0311803 0.0543323 0.1290060 0.0248088 0.2007969 0.1409018 0.0330418 0.0360161 0.0638630 0.0766862 0.0354211 0.0281110 0.0587498 0.0734920 0.0715308 0.1189499 0.2058883 0.2067492 0.1833044 0.7024501 0.2035826 0.0446838 0.3467957 0.1111323 0.0282672 0.1159957 0.0845886 0.0395675 0.1206672 0.1074923 0.0249514 0.1103714 0.1180376 0.0387543 0.0344684 0.0376116 0.1159703 0.0320586 0.0633169 0.0283079 0.0585397 0.0312713 0.1311303 0.0657800 0.0526944 0.0332434 0.0301421 0.1293231 0.1160002 0.1478549 0.0347628 0.0259702 0.1190871 0.0513272 0.2428747 0.1136359 0.0236623 0.0358682 0.1950625 0.2241672 0.0548676 0.0383970 0.0357471 0.0175110 0.2471817 0.1224521 0.0661930 0.0276763 0.0771053 0.0354620 0.2263672 0.1329979 0.1639884 
Perityle_ajoensis_204                      0.2104534 0.1573078 0.2336557 0.2823100 0.2165747 0.1303091 0.2319925 0.1140678 0.2907832 0.2034857 0.1858568 0.0340596 0.0000000 0.0215632 0.0569145 0.1253633 0.0270026 0.1948810 0.1471891 0.0336277 0.0391181 0.0639784 0.0857745 0.0196037 0.0137852 0.0334226 0.0670342 0.0615551 0.1136590 0.2013896 0.2122729 0.1834984 0.7191955 0.2042492 0.0408615 0.3557624 0.1135975 0.0266136 0.1141285 0.0758233 0.0229278 0.0973147 0.1079598 0.0108277 0.1095815 0.1154807 0.0398326 0.0147257 0.0269364 0.1143283 0.0101632 0.0563515 0.0196473 0.0577679 0.0332310 0.1293525 0.0629275 0.0475453 0.0218083 0.0215801 0.1263249 0.1175422 0.1504218 0.0377350 0.0266216 0.1138086 0.0554822 0.2478191 0.1124138 0.0389341 0.0362966 0.1704242 0.2163988 0.0385328 0.0168042 0.0292024 0.0174819 0.2510457 0.1205262 0.0600424 0.0282834 0.0828748 0.0216157 0.2246607 0.1345262 0.1673758 
Perityle_ambrosiifolia_67_green            0.2120832 0.1548254 0.2370309 0.2861201 0.2220753 0.1230534 0.2399537 0.1099812 0.2966260 0.1991545 0.1863673 0.0311803 0.0215632 0.0000000 0.0542917 0.1207303 0.0183199 0.1978448 0.1407920 0.0275357 0.0431688 0.0574598 0.0780458 0.0254678 0.0189390 0.0468673 0.0679632 0.0731705 0.1118672 0.2085360 0.2186369 0.1861861 0.7068488 0.2022489 0.0330848 0.3524885 0.1078802 0.0179163 0.1103470 0.0806869 0.0273807 0.1172185 0.1074299 0.0171298 0.1065535 0.1116068 0.0321383 0.0226041 0.0323749 0.1114211 0.0188246 0.0606597 0.0194098 0.0573660 0.0243928 0.1238995 0.0632962 0.0496676 0.0299776 0.0286656 0.1284995 0.1178053 0.1342847 0.0401628 0.0280244 0.1121089 0.0592076 0.2437501 0.1083903 0.0357228 0.0258338 0.1836396 0.2209408 0.0469177 0.0249915 0.0273051 0.0174833 0.2479276 0.1188892 0.0624945 0.0291817 0.0821665 0.0299026 0.2333825 0.1335497 0.1612771 
Perityle_angustifolia_13_Eagle_creek       0.1894134 0.1438893 0.2165577 0.3002672 0.2045953 0.1246336 0.2162211 0.1170234 0.2517640 0.2002365 0.1890772 0.0543323 0.0569145 0.0542917 0.0000000 0.1104652 0.0405933 0.1713944 0.1577306 0.0398365 0.0426749 0.0569346 0.0632902 0.0601473 0.0560709 0.0555812 0.0815371 0.0931012 0.1232470 0.1831553 0.2001258 0.1550868 0.7166879 0.2003454 0.0663707 0.2804113 0.0989253 0.0300588 0.1212228 0.0945488 0.0549327 0.1235244 0.0974314 0.0568940 0.0994234 0.1232111 0.0572275 0.0585725 0.0565043 0.1021539 0.0539251 0.0923197 0.0410203 0.0773697 0.0389783 0.1284259 0.0762474 0.0720318 0.0520369 0.0551849 0.1361512 0.0981744 0.1309630 0.0359820 0.0555910 0.1254517 0.0754318 0.2261210 0.1216039 0.0206120 0.0413154 0.1747652 0.2179921 0.0650130 0.0607558 0.0555471 0.0202130 0.2294771 0.1363083 0.0755009 0.0539947 0.0668379 0.0586287 0.2226995 0.1144176 0.1729779 
Perityle_batopilensis_97                   0.1974039 0.1266378 0.2454791 0.2685963 0.2007365 0.1132711 0.2435093 0.1030001 0.2833484 0.2132557 0.2172205 0.1290060 0.1253633 0.1207303 0.1104652 0.0000000 0.1260951 0.2250124 0.1236345 0.1310759 0.0911350 0.1405839 0.1365916 0.1138705 0.1221906 0.1562801 0.1226071 0.0819496 0.0709454 0.2268236 0.1692435 0.2052747 0.7114211 0.2029926 0.1200295 0.3305107 0.1062927 0.1330087 0.1015568 0.1548586 0.1321328 0.2329789 0.1037505 0.1108138 0.1046757 0.1048449 0.1413031 0.1254482 0.1329172 0.1069546 0.1492387 0.1206993 0.1264961 0.1237631 0.1311556 0.0456610 0.0970852 0.0976916 0.1302728 0.1256182 0.0397276 0.0621711 0.1208265 0.0721393 0.1236135 0.0724728 0.1037873 0.2321680 0.1028108 0.0515209 0.1354334 0.2927016 0.2232519 0.1300007 0.1274320 0.1289458 0.0766350 0.2337471 0.1023407 0.1252358 0.1290504 0.0318182 0.1304028 0.2350755 0.0991018 0.1383412 
Perityle_bisetosa_9                        0.2049268 0.1454469 0.2280220 0.2865911 0.2134882 0.1195070 0.2274495 0.1023994 0.2855990 0.1956047 0.1852052 0.0248088 0.0270026 0.0183199 0.0405933 0.1260951 0.0000000 0.1906520 0.1371052 0.0106391 0.0244859 0.0576078 0.0705585 0.0263636 0.0149655 0.0480733 0.0662596 0.0681234 0.1091298 0.1943906 0.2115757 0.1793367 0.6911527 0.1950842 0.0262346 0.3391974 0.1030446 0.0061138 0.1049849 0.0763564 0.0316966 0.1010995 0.1024372 0.0194245 0.1019730 0.1067815 0.0147455 0.0268684 0.0265410 0.1073833 0.0221704 0.0551964 0.0167802 0.0500807 0.0075637 0.1262375 0.0566241 0.0436892 0.0242149 0.0209475 0.1191079 0.1058616 0.1390429 0.0293200 0.0216136 0.1087363 0.0467425 0.2433781 0.1034049 0.0146723 0.0110220 0.1810121 0.2129471 0.0505388 0.0298898 0.0213951 0.0147679 0.2474580 0.1146577 0.0564893 0.0232329 0.0718184 0.0277421 0.2239330 0.1220540 0.1532653 
Perityle_californica_76_positas            0.1517130 0.1141436 0.1092576 0.2907717 0.1614455 0.0910898 0.1824262 0.1503860 0.2398123 0.1902415 0.2060298 0.2007969 0.1948810 0.1978448 0.1713944 0.2250124 0.1906520 0.0000000 0.1681419 0.1937783 0.1922439 0.2466195 0.1593157 0.1975290 0.1725131 0.1847213 0.1973709 0.1887129 0.2038278 0.1284787 0.1706440 0.1073643 0.7882393 0.1876869 0.1871529 0.3267853 0.1664635 0.1789823 0.2026092 0.1959350 0.1901027 0.2616753 0.2017118 0.1904029 0.2057546 0.2031550 0.1925042 0.1923135 0.1914234 0.2058457 0.1463653 0.1847338 0.1699752 0.1841218 0.1969653 0.2325002 0.1793839 0.1841659 0.1886020 0.1876108 0.2132239 0.1289358 0.2197832 0.1478898 0.1891031 0.2039643 0.1813514 0.1920716 0.1925722 0.1143990 0.1975553 0.2819635 0.1742164 0.1931900 0.1909848 0.1976299 0.1422786 0.1920336 0.2192083 0.1858649 0.1932950 0.1895694 0.1912765 0.0118857 0.1002888 0.1661571 
Perityle_canescens_77                      0.1274477 0.1155298 0.1905475 0.2814679 0.1696486 0.1153989 0.2091311 0.1071709 0.2612645 0.1551472 0.1443498 0.1409018 0.1471891 0.1407920 0.1577306 0.1236345 0.1371052 0.1681419 0.0000000 0.1452537 0.1236976 0.1757662 0.1671991 0.1447140 0.1398514 0.1716678 0.1367727 0.1146171 0.1121825 0.1692644 0.1725899 0.1547523 0.6974129 0.1556138 0.1429125 0.3236787 0.0954164 0.1399442 0.1058056 0.1565423 0.1572740 0.2692130 0.1043906 0.1367168 0.1100218 0.1063680 0.1533612 0.1422713 0.1520882 0.1115804 0.1351049 0.1421927 0.1387837 0.1420780 0.1431118 0.1334180 0.1282086 0.1322358 0.1473059 0.1440842 0.1201257 0.0790256 0.1304199 0.1107591 0.1414236 0.1116585 0.1352824 0.1905991 0.0944826 0.0984758 0.1466585 0.2618921 0.1735240 0.1581174 0.1471159 0.1491604 0.1069991 0.1964212 0.0892564 0.1489591 0.1449866 0.1130612 0.1452010 0.1876434 0.0718223 0.0498821 
Perityle_castillonii_96                    0.2123564 0.1456245 0.2236237 0.2767567 0.2235997 0.1178852 0.2264207 0.1089388 0.2796157 0.1999586 0.1912515 0.0330418 0.0336277 0.0275357 0.0398365 0.1310759 0.0106391 0.1937783 0.1452537 0.0000000 0.0341410 0.0650901 0.0633348 0.0330789 0.0234590 0.0456830 0.0702385 0.0647937 0.1144351 0.1998833 0.2072837 0.1839697 0.7014422 0.1975986 0.0324964 0.3387356 0.1116734 0.0125366 0.1100701 0.0812547 0.0343371 0.0968430 0.1082406 0.0271427 0.1099329 0.1113853 0.0225426 0.0336409 0.0294382 0.1147389 0.0245711 0.0573720 0.0209892 0.0543671 0.0171355 0.1345240 0.0608578 0.0487058 0.0287882 0.0268191 0.1247620 0.1075530 0.1468424 0.0346784 0.0273995 0.1140631 0.0507252 0.2482630 0.1089034 0.0117096 0.0156778 0.1912951 0.2198340 0.0539564 0.0358128 0.0278489 0.0202072 0.2504538 0.1209009 0.0581601 0.0285266 0.0768880 0.0340463 0.2219271 0.1269870 0.1590059 
Perityle_cernua_84                         0.2048223 0.1467888 0.2112345 0.2468726 0.1984611 0.1235946 0.2110609 0.1079634 0.2905224 0.1651662 0.1817328 0.0360161 0.0391181 0.0431688 0.0426749 0.0911350 0.0244859 0.1922439 0.1236976 0.0341410 0.0000000 0.0331485 0.0992236 0.0422367 0.0368441 0.0637518 0.0705766 0.0662001 0.0861661 0.2070277 0.0904176 0.1814808 0.7024506 0.1643052 0.0542589 0.2247021 0.0811126 0.0301346 0.0846638 0.1010294 0.0470190 0.1501535 0.0819155 0.0377157 0.0806353 0.0873245 0.0361227 0.0407822 0.0389301 0.0848617 0.0464698 0.0691900 0.0284582 0.0677789 0.0297925 0.0848603 0.0741185 0.0640728 0.0367262 0.0315055 0.0971485 0.1005946 0.1001017 0.0498181 0.0383283 0.0879971 0.0652830 0.2078919 0.0815036 0.0146723 0.0336539 0.2759732 0.1929269 0.0430831 0.0407616 0.0362097 0.0452504 0.2109480 0.0965112 0.0679017 0.0360275 0.0708827 0.0431885 0.2016634 0.1211567 0.1517866 
Perityle_cfvillosa_25_tin                  0.2076708 0.1587972 0.2830588 0.3138972 0.2261028 0.1180563 0.2856772 0.1138164 0.2993317 0.2506826 0.2296873 0.0638630 0.0639784 0.0574598 0.0569346 0.1405839 0.0576078 0.2466195 0.1757662 0.0650901 0.0331485 0.0000000 0.0810314 0.0617502 0.0560510 0.0923635 0.1011583 0.0715525 0.1475733 0.2459324 0.2161352 0.2306340 0.7372098 0.2339030 0.0791720 0.3567054 0.1517897 0.0671748 0.1473486 0.1227927 0.0815364 0.1520884 0.1408066 0.0399175 0.1405491 0.1493024 0.0703961 0.0659967 0.0652557 0.1449586 0.0814852 0.1011140 0.0650754 0.1000247 0.0643237 0.1438034 0.0641216 0.0549130 0.0630050 0.0513659 0.1324568 0.1171959 0.1663171 0.0348789 0.0648081 0.1473320 0.0646059 0.2627737 0.1528133 0.0206476 0.0663332 0.2214939 0.2561639 0.0922424 0.0695809 0.0668617 0.0094942 0.2647681 0.1579480 0.1072520 0.0691060 0.0756913 0.0654173 0.2701439 0.1337734 0.1986236 
Perityle_cinerea_113_Powell1310            0.1450189 0.1415165 0.1820218 0.2080400 0.1832074 0.1174782 0.1677930 0.1178298 0.2044928 0.1580760 0.1694045 0.0766862 0.0857745 0.0780458 0.0632902 0.1365916 0.0705585 0.1593157 0.1671991 0.0633348 0.0992236 0.0810314 0.0000000 0.0856444 0.0810607 0.0679595 0.0742731 0.0722916 0.1428935 0.1717413 0.1141161 0.1598645 0.7747975 0.1612754 0.0514611 0.2408271 0.1244387 0.0701797 0.1423403 0.0876657 0.0457444 0.0862704 0.1307438 0.0811998 0.1263396 0.1433579 0.0840437 0.0826475 0.0770317 0.1296393 0.0322225 0.0738718 0.0618218 0.0667822 0.0721238 0.1502242 0.0757086 0.0662765 0.0755334 0.0841606 0.1450046 0.1068261 0.1421291 0.0398146 0.0750305 0.1442706 0.0617960 0.1612233 0.1384531 0.0642079 0.0665829 0.0870769 0.1950319 0.0811398 0.0862207 0.0766739 0.0421388 0.1644950 0.1520748 0.0728862 0.0766308 0.0543171 0.0841413 0.1738953 0.1513926 0.1849951 
Perityle_coahuilensis_24                   0.2102023 0.1535605 0.2335540 0.2839211 0.2159104 0.1230118 0.2340064 0.1109548 0.2972811 0.2001591 0.1863693 0.0354211 0.0196037 0.0254678 0.0601473 0.1138705 0.0263636 0.1975290 0.1447140 0.0330789 0.0422367 0.0617502 0.0856444 0.0000000 0.0205231 0.0413802 0.0652514 0.0672620 0.1118464 0.2039190 0.2101761 0.1827672 0.7402685 0.2021424 0.0398857 0.3407303 0.1074243 0.0265046 0.1136354 0.0791856 0.0277115 0.1110634 0.1058599 0.0182290 0.1063866 0.1149970 0.0394203 0.0223336 0.0337918 0.1112780 0.0185745 0.0574655 0.0228349 0.0557916 0.0326785 0.1229235 0.0630288 0.0475273 0.0278112 0.0288908 0.1270826 0.1110991 0.1436990 0.0356005 0.0310418 0.1120896 0.0568286 0.2444513 0.1098790 0.0296672 0.0346415 0.1773902 0.2134229 0.0457670 0.0235318 0.0350515 0.0120579 0.2485852 0.1156282 0.0603580 0.0327936 0.0802348 0.0283851 0.2285401 0.1294230 0.1662919 
Perityle_cochisensis_44_cave_creek         0.1781876 0.1546092 0.2065160 0.2828814 0.1915775 0.1249399 0.2120056 0.1112933 0.2697032 0.1753554 0.1649061 0.0281110 0.0137852 0.0189390 0.0560709 0.1221906 0.0149655 0.1725131 0.1398514 0.0234590 0.0368441 0.0560510 0.0810607 0.0205231 0.0000000 0.0328950 0.0560766 0.0638916 0.1148378 0.1697726 0.2157838 0.1540359 0.7145672 0.1807003 0.0326965 0.3393361 0.1065269 0.0178643 0.1104775 0.0589870 0.0228061 0.1071728 0.1064685 0.0091932 0.1088954 0.1126059 0.0297832 0.0113087 0.0213358 0.1118299 0.0095402 0.0541684 0.0167415 0.0481247 0.0214437 0.1279284 0.0597862 0.0465931 0.0151650 0.0156971 0.1293552 0.1044773 0.1449701 0.0357275 0.0223312 0.1165473 0.0514792 0.2159757 0.1097497 0.0327733 0.0252306 0.1345335 0.1782104 0.0366125 0.0140946 0.0220700 0.0120761 0.2194630 0.1188112 0.0570169 0.0241881 0.0810427 0.0181735 0.1987930 0.1306075 0.1612865 
Perityle_congesta_202                      0.2610413 0.1571069 0.2519647 0.2916458 0.2596237 0.1273463 0.2365561 0.1106343 0.2902127 0.2247621 0.2085200 0.0587498 0.0334226 0.0468673 0.0555812 0.1562801 0.0480733 0.1847213 0.1716678 0.0456830 0.0637518 0.0923635 0.0679595 0.0413802 0.0328950 0.0000000 0.0850817 0.0865576 0.1379540 0.2194544 0.2088315 0.2038990 0.7379059 0.2288977 0.0601714 0.3471971 0.1417125 0.0415971 0.1408285 0.0956363 0.0262584 0.0996946 0.1333639 0.0344400 0.1328557 0.1420780 0.0585818 0.0263401 0.0388316 0.1392891 0.0155302 0.0753429 0.0322532 0.0716789 0.0555797 0.1614103 0.0639523 0.0498143 0.0280643 0.0353324 0.1514879 0.1191952 0.1761310 0.0310903 0.0471879 0.1380472 0.0691520 0.2645550 0.1367399 0.0279035 0.0387602 0.1811412 0.2438518 0.0503257 0.0268211 0.0511879 0.0111274 0.2661177 0.1463737 0.0723092 0.0483953 0.0797871 0.0332684 0.2414988 0.1378557 0.1798300 
Perityle_cordifolia_27                     0.1965405 0.1427322 0.2232388 0.2841022 0.2110172 0.1089134 0.2296877 0.1122802 0.2907016 0.2007903 0.1942624 0.0734920 0.0670342 0.0679632 0.0815371 0.1226071 0.0662596 0.1973709 0.1367727 0.0702385 0.0705766 0.1011583 0.0742731 0.0652514 0.0560766 0.0850817 0.0000000 0.0650329 0.1111834 0.1951055 0.2067872 0.1776876 0.7548567 0.2021590 0.0642825 0.3354877 0.1062600 0.0633751 0.1096353 0.0849012 0.0705098 0.1522465 0.1069299 0.0612781 0.1051405 0.1128362 0.0806767 0.0666880 0.0676956 0.1111837 0.0540320 0.0554938 0.0561492 0.0589655 0.0729005 0.1277865 0.0516482 0.0415618 0.0658949 0.0631787 0.1221744 0.1102636 0.1394419 0.0103378 0.0660961 0.1094512 0.0494795 0.2352529 0.1106033 0.0422155 0.0718907 0.2162680 0.2203546 0.0904597 0.0694652 0.0681929 0.0330992 0.2393570 0.1166994 0.0606440 0.0677874 0.0624653 0.0681401 0.2274150 0.1154785 0.1570766 
Perityle_cordifolia_68_tecolote            0.2179610 0.1185022 0.2335024 0.2850227 0.1906421 0.0911781 0.2429983 0.0962072 0.2823622 0.1875214 0.1827722 0.0715308 0.0615551 0.0731705 0.0931012 0.0819496 0.0681234 0.1887129 0.1146171 0.0647937 0.0662001 0.0715525 0.0722916 0.0672620 0.0638916 0.0865576 0.0650329 0.0000000 0.0870847 0.1952474 0.1962320 0.1773030 0.7173350 0.1888163 0.0546450 0.2713630 0.0755438 0.0556562 0.0832026 0.0872722 0.0598220 0.1761196 0.0744943 0.0651271 0.0778868 0.0865283 0.0831040 0.0665507 0.0601756 0.0830623 0.0405155 0.0532312 0.0466542 0.0584874 0.0760179 0.0805840 0.0133172 0.0558464 0.0584868 0.0681509 0.0978532 0.0647428 0.0961824 0.0350647 0.0730325 0.0861117 0.0565020 0.2157355 0.0810801 0.0544510 0.0592410 0.2677820 0.2189366 0.0979467 0.0701274 0.0706957 0.0416146 0.2186575 0.0881719 0.0439153 0.0715087 0.0534489 0.0715291 0.2368183 0.1010718 0.1447022 
Perityle_coronopifolia_28_patagonia        0.1890125 0.1347069 0.2292396 0.2756484 0.2165182 0.1214148 0.2303695 0.0945305 0.2994845 0.1892329 0.1807648 0.1189499 0.1136590 0.1118672 0.1232470 0.0709454 0.1091298 0.2038278 0.1121825 0.1144351 0.0861661 0.1475733 0.1428935 0.1118464 0.1148378 0.1379540 0.1111834 0.0870847 0.0000000 0.2118381 0.1807966 0.1896105 0.7217993 0.1925453 0.1042627 0.3352145 0.0791620 0.1138340 0.0845944 0.1383099 0.1217419 0.2129747 0.0809407 0.1071366 0.0812289 0.0861121 0.1229199 0.1129673 0.1164019 0.0838773 0.1269831 0.1044433 0.1118596 0.1091519 0.1142502 0.0790756 0.0997650 0.0998429 0.1145706 0.1104636 0.0673732 0.0773916 0.1284019 0.0707217 0.1066616 0.0101770 0.1033417 0.2424884 0.0845144 0.0606818 0.1182705 0.2839958 0.2190894 0.1273664 0.1139194 0.1140448 0.0872095 0.2458460 0.0792077 0.1096794 0.1111282 0.0365952 0.1169486 0.2237970 0.1109090 0.1251840 
Perityle_crassifolia_70_ventanas           0.1413485 0.1049257 0.1438806 0.2984256 0.1440148 0.0868721 0.1835560 0.1412607 0.2821531 0.1804802 0.1854957 0.2058883 0.2013896 0.2085360 0.1831553 0.2268236 0.1943906 0.1284787 0.1692644 0.1998833 0.2070277 0.2459324 0.1717413 0.2039190 0.1697726 0.2194544 0.1951055 0.1952474 0.2118381 0.0000000 0.1418367 0.1036866 0.7526675 0.1808574 0.1892925 0.3212599 0.1637503 0.1705502 0.2150468 0.2090832 0.2057691 0.2695904 0.2064264 0.2022637 0.2154055 0.2161397 0.2054124 0.1997555 0.2088503 0.2171635 0.1402843 0.1961960 0.1708343 0.1958676 0.2011091 0.2364308 0.1914387 0.1949053 0.2030914 0.2014341 0.2346959 0.1299712 0.2203310 0.1501093 0.1996510 0.2154040 0.1985933 0.1741035 0.1881114 0.1211147 0.2056625 0.3015048 0.1477262 0.2213508 0.2076448 0.2102189 0.1502419 0.1711095 0.2256711 0.2001055 0.2015014 0.1940230 0.2064241 0.1489191 0.1157847 0.1722609 
Perityle_crassifolia_74_playa_balandra     0.0916831 0.1386010 0.1951897 0.2641314 0.2106650 0.0974224 0.2038891 0.1536763 0.2137530 0.1367872 0.1802688 0.2067492 0.2122729 0.2186369 0.2001258 0.1692435 0.2115757 0.1706440 0.1725899 0.2072837 0.0904176 0.2161352 0.1141161 0.2101761 0.2157838 0.2088315 0.2067872 0.1962320 0.1807966 0.1418367 0.0000000 0.1400983 0.8428526 0.1369056 0.2186359 0.1554528 0.1691276 0.1728358 0.1748831 0.2329100 0.2102557 0.2435842 0.1744532 0.2139715 0.1724985 0.1779543 0.1806613 0.2099886 0.2175254 0.1692241 0.1927684 0.2182746 0.2068519 0.2057423 0.1857774 0.1763457 0.1740948 0.2054267 0.2038759 0.2089346 0.1751114 0.0908499 0.1911067 0.1249716 0.2167642 0.1851741 0.2064712 0.2152283 0.1756948 0.0896836 0.2139287 0.2119535 0.1320368 0.2002118 0.2112806 0.2206619 0.1556555 0.2221093 0.1890216 0.1955958 0.2184646 0.1768118 0.2072840 0.2282615 0.0953551 0.1778937 
Perityle_cuneata_34_cuneata_San_antonio    0.1410060 0.1265639 0.1298138 0.2850209 0.1383453 0.0729548 0.1877878 0.1269918 0.2784342 0.1808465 0.1887232 0.1833044 0.1834984 0.1861861 0.1550868 0.2052747 0.1793367 0.1073643 0.1547523 0.1839697 0.1814808 0.2306340 0.1598645 0.1827672 0.1540359 0.2038990 0.1776876 0.1773030 0.1896105 0.1036866 0.1400983 0.0000000 0.7431084 0.1822368 0.1812742 0.3316993 0.1440225 0.1590218 0.1816051 0.1931175 0.1866684 0.2919307 0.1777181 0.1775333 0.1809113 0.1834596 0.1903536 0.1761079 0.1871015 0.1881138 0.1310969 0.1777496 0.1514049 0.1789706 0.1847187 0.2100118 0.1570224 0.1710216 0.1797381 0.1811137 0.1970634 0.1134200 0.1935810 0.1298734 0.1750151 0.1912063 0.1738589 0.1641549 0.1634588 0.0940617 0.1918281 0.3177765 0.1645578 0.1825872 0.1818963 0.1794678 0.1167072 0.1677114 0.1936787 0.1813839 0.1770942 0.1610062 0.1842863 0.1183748 0.1244682 0.1694209 
Perityle_cuneata_4                         0.6570674 0.7957669 0.7719876 0.8577196 0.7549716 0.8418199 0.7745072 0.7426985 0.7703977 0.7065799 0.7124293 0.7024501 0.7191955 0.7068488 0.7166879 0.7114211 0.6911527 0.7882393 0.6974129 0.7014422 0.7024506 0.7372098 0.7747975 0.7402685 0.7145672 0.7379059 0.7548567 0.7173350 0.7217993 0.7526675 0.8428526 0.7431084 0.0000000 0.7065799 0.7145678 0.8755418 0.6890876 0.7007523 0.6753042 0.6956253 0.7272027 0.7173184 0.6932359 0.7265920 0.6888028 0.6788943 0.6843706 0.7197161 0.7097641 0.7098715 0.7320738 0.7325667 0.6871737 0.6971231 0.7050783 0.7725218 0.7683320 0.7396154 0.7114914 0.7079084 0.7397332 0.7510056 0.7155156 0.7185411 0.7101621 0.7304985 0.7124828 0.8061841 0.6713487 0.7465146 0.7116054 0.7685564 0.7267334 0.7308506 0.7277410 0.7022210 0.7208098 0.7804436 0.6971822 0.7373420 0.6983855 0.7247816 0.7050456 0.7855737 0.6822813 0.7107431 
Perityle_discoidea_81                      0.0615612 0.1345261 0.2102838 0.3202103 0.1907476 0.0864719 0.2303765 0.1184826 0.2997406 0.0035946 0.1752903 0.2035826 0.2042492 0.2022489 0.2003454 0.2029926 0.1950842 0.1876869 0.1556138 0.1975986 0.1643052 0.2339030 0.1612754 0.2021424 0.1807003 0.2288977 0.2021590 0.1888163 0.1925453 0.1808574 0.1369056 0.1822368 0.7065799 0.0000000 0.1877445 0.2509735 0.1518632 0.1757470 0.1923074 0.2045494 0.2029380 0.2966620 0.1967784 0.1996674 0.1972122 0.1965243 0.2045250 0.2025950 0.2020156 0.2000962 0.1448545 0.1919345 0.1741211 0.1843186 0.2002602 0.2061572 0.1909733 0.1961040 0.2023737 0.2023330 0.2075378 0.1389207 0.1859186 0.1484106 0.1968942 0.1933193 0.1910033 0.2100011 0.1846880 0.1001985 0.2034431 0.3084000 0.0884459 0.2300264 0.2086414 0.2080131 0.1170647 0.2136083 0.2050648 0.1908586 0.2003426 0.1709750 0.2051801 0.2196936 0.1215743 0.1721253 
Perityle_dissecta_201                      0.1955273 0.1455697 0.2296272 0.2885018 0.2099624 0.1176515 0.2227393 0.1071763 0.2785239 0.1901232 0.1850354 0.0446838 0.0408615 0.0330848 0.0663707 0.1200295 0.0262346 0.1871529 0.1429125 0.0324964 0.0542589 0.0791720 0.0514611 0.0398857 0.0326965 0.0601714 0.0642825 0.0546450 0.1042627 0.1892925 0.2186359 0.1812742 0.7145678 0.1877445 0.0000000 0.3324126 0.1070927 0.0278424 0.1064908 0.0737518 0.0454540 0.1164772 0.1028577 0.0328785 0.1023902 0.1083627 0.0403807 0.0412556 0.0438709 0.1053233 0.0327771 0.0503994 0.0339536 0.0477910 0.0325315 0.1223204 0.0509192 0.0474190 0.0429946 0.0398972 0.1165888 0.1087118 0.1393440 0.0331740 0.0403162 0.1039326 0.0435919 0.2461623 0.1068433 0.0575132 0.0341658 0.1836392 0.2137932 0.0663678 0.0448301 0.0423345 0.0340338 0.2513306 0.1141717 0.0501062 0.0420169 0.0638360 0.0446809 0.2244312 0.1210519 0.1590077 
Perityle_emoryi_47_punta_san_jose          0.5440619 0.2320511 0.3613898 0.4267826 0.3006017 0.1808698 0.3535200 0.1824114 0.3348290 0.2577577 0.3202481 0.3467957 0.3557624 0.3524885 0.2804113 0.3305107 0.3391974 0.3267853 0.3236787 0.3387356 0.2247021 0.3567054 0.2408271 0.3407303 0.3393361 0.3471971 0.3354877 0.2713630 0.3352145 0.3212599 0.1554528 0.3316993 0.8755418 0.2509735 0.3324126 0.0000000 0.3073805 0.3322559 0.3138284 0.3560592 0.3356367 0.3660646 0.3266768 0.3457233 0.3199992 0.3183377 0.3518849 0.3525525 0.3422317 0.3264944 0.3221488 0.3348899 0.3457914 0.3223736 0.3436101 0.3548688 0.2625967 0.2952231 0.3447429 0.3521814 0.2986904 0.1846702 0.3209817 0.2380399 0.3510958 0.3304144 0.3094208 0.3145667 0.3270772 0.5003623 0.3286870 0.3602536 0.2514268 0.3464077 0.3646898 0.3413591 0.1963765 0.3299885 0.3356706 0.3396836 0.3601555 0.3016033 0.3508043 0.3391394 0.2314328 0.3141280 
Perityle_feddemae_99                       0.1386563 0.1081589 0.1815111 0.2649268 0.1632808 0.1016437 0.1887138 0.1040604 0.2350474 0.1504388 0.1379304 0.1111323 0.1135975 0.1078802 0.0989253 0.1062927 0.1030446 0.1664635 0.0954164 0.1116734 0.0811126 0.1517897 0.1244387 0.1074243 0.1065269 0.1417125 0.1062600 0.0755438 0.0791620 0.1637503 0.1691276 0.1440225 0.6890876 0.1518632 0.1070927 0.3073805 0.0000000 0.1082257 0.0643730 0.1236584 0.1156591 0.2294004 0.0132997 0.1024380 0.0207527 0.0655524 0.1173904 0.1088807 0.1133679 0.0214361 0.1197621 0.0986349 0.1002906 0.1065549 0.1069442 0.1129564 0.0896497 0.0895417 0.1120733 0.1079224 0.0977533 0.0647153 0.1119968 0.0693623 0.1066446 0.0755832 0.0927245 0.1882611 0.0717918 0.0513413 0.1107145 0.2066913 0.1650576 0.1117722 0.1118527 0.1102270 0.0796634 0.1931812 0.0604514 0.1028534 0.1103613 0.0665150 0.1106689 0.1719005 0.1033719 0.1105362 
Perityle_fosteri_93                        0.1817346 0.1467850 0.1949862 0.2817899 0.1944490 0.1196210 0.2103094 0.1052012 0.2649874 0.1784449 0.1703812 0.0282672 0.0266136 0.0179163 0.0300588 0.1330087 0.0061138 0.1789823 0.1399442 0.0125366 0.0301346 0.0671748 0.0701797 0.0265046 0.0178643 0.0415971 0.0633751 0.0556562 0.1138340 0.1705502 0.1728358 0.1590218 0.7007523 0.1757470 0.0278424 0.3322559 0.1082257 0.0000000 0.1049480 0.0637629 0.0283871 0.1078856 0.1081016 0.0191418 0.1112089 0.1069813 0.0215745 0.0246853 0.0291136 0.1141375 0.0217470 0.0579321 0.0189182 0.0522305 0.0122842 0.1344338 0.0554946 0.0445635 0.0249559 0.0236567 0.1241146 0.0982339 0.1404046 0.0330495 0.0230455 0.1148135 0.0494699 0.2214152 0.1041981 0.0117096 0.0116237 0.1587184 0.1846515 0.0340901 0.0267612 0.0267470 0.0188544 0.2251505 0.1170441 0.0568269 0.0236432 0.0772122 0.0263191 0.1915607 0.1244479 0.1581334 
Perityle_gamon_221                         0.1828821 0.1260948 0.2218562 0.2868775 0.2060794 0.1111781 0.2305607 0.1047573 0.2788007 0.1906439 0.1834906 0.1159957 0.1141285 0.1103470 0.1212228 0.1015568 0.1049849 0.2026092 0.1058056 0.1100701 0.0846638 0.1473486 0.1423403 0.1136354 0.1104775 0.1408285 0.1096353 0.0832026 0.0845944 0.2150468 0.1748831 0.1816051 0.6753042 0.1923074 0.1064908 0.3138284 0.0643730 0.1049480 0.0000000 0.1394444 0.1234437 0.2110972 0.0696068 0.1077457 0.0688717 0.0062449 0.1189620 0.1141217 0.1159611 0.0736739 0.1284682 0.1060308 0.1074248 0.1118117 0.1125569 0.1056361 0.1011604 0.1033845 0.1146735 0.1119136 0.0974854 0.0806268 0.1201956 0.0664816 0.1110310 0.0826351 0.1031229 0.2321657 0.0689866 0.0545994 0.1132333 0.2760117 0.2214501 0.1280033 0.1181708 0.1152619 0.0840226 0.2374073 0.0688738 0.1106497 0.1121912 0.0611846 0.1157059 0.2201393 0.1052476 0.1284113 
Perityle_gentryi_8_san_francisco           0.2241885 0.1568769 0.2407629 0.2929147 0.2292681 0.1294028 0.2488077 0.1240054 0.2968802 0.2045709 0.2068062 0.0845886 0.0758233 0.0806869 0.0945488 0.1548586 0.0763564 0.1959350 0.1565423 0.0812547 0.1010294 0.1227927 0.0876657 0.0791856 0.0589870 0.0956363 0.0849012 0.0872722 0.1383099 0.2090832 0.2329100 0.1931175 0.6956253 0.2045494 0.0737518 0.3560592 0.1236584 0.0637629 0.1394444 0.0000000 0.0770944 0.1566598 0.1287711 0.0717989 0.1278755 0.1389967 0.0923174 0.0763474 0.0818871 0.1325159 0.0508650 0.0796098 0.0574572 0.0770122 0.0830812 0.1587818 0.0655339 0.0727314 0.0765174 0.0746064 0.1548984 0.1325177 0.1817003 0.0471974 0.0795516 0.1388496 0.0771011 0.2580311 0.1254347 0.0634447 0.0783468 0.2176408 0.2252524 0.1044283 0.0772435 0.0819199 0.0420691 0.2648125 0.1429776 0.0805399 0.0807334 0.0733481 0.0773938 0.2339155 0.1425791 0.1773427 
Perityle_gilensis_22_Superstition          0.2202184 0.1503977 0.2329893 0.2684593 0.2308161 0.1251078 0.2152070 0.1076254 0.2507488 0.2030070 0.1903297 0.0395675 0.0229278 0.0273807 0.0549327 0.1321328 0.0316966 0.1901027 0.1572740 0.0343371 0.0470190 0.0815364 0.0457444 0.0277115 0.0228061 0.0262584 0.0705098 0.0598220 0.1217419 0.2057691 0.2102557 0.1866684 0.7272027 0.2029380 0.0454540 0.3356367 0.1156591 0.0283871 0.1234437 0.0770944 0.0000000 0.0437079 0.1154829 0.0228541 0.1135338 0.1245014 0.0416154 0.0249006 0.0355255 0.1191210 0.0184946 0.0597521 0.0172895 0.0602821 0.0384866 0.1465508 0.0681969 0.0348009 0.0334830 0.0326880 0.1327967 0.1167978 0.1556158 0.0373198 0.0306036 0.1236716 0.0597026 0.2526820 0.1204188 0.0281459 0.0369840 0.1378976 0.2126217 0.0519932 0.0284818 0.0372561 0.0193144 0.2555616 0.1311528 0.0645499 0.0312254 0.0807186 0.0327636 0.2296448 0.1229791 0.1666513 
Perityle_gilensis_salensis_225             0.4465568 0.2147375 0.3408003 0.3780676 0.3253157 0.1393749 0.3210381 0.1759221 0.3294120 0.2893967 0.2769252 0.1206672 0.0973147 0.1172185 0.1235244 0.2329789 0.1010995 0.2616753 0.2692130 0.0968430 0.1501535 0.1520884 0.0862704 0.1110634 0.1071728 0.0996946 0.1522465 0.1761196 0.2129747 0.2695904 0.2435842 0.2919307 0.7173184 0.2966620 0.1164772 0.3660646 0.2294004 0.1078856 0.2110972 0.1566598 0.0437079 0.0000000 0.2076082 0.1039061 0.2069329 0.2128570 0.1159988 0.1024196 0.0879256 0.2119720 0.0337045 0.1343706 0.0783502 0.1147602 0.1088777 0.2448321 0.1172943 0.1036590 0.0895336 0.0986601 0.2315940 0.1623464 0.2655806 0.0581896 0.1082110 0.2125978 0.1102647 0.3345548 0.2184998 0.0206983 0.0767052 0.1034137 0.2937237 0.1378772 0.1107191 0.0994108 0.0248607 0.3380428 0.2189799 0.1174548 0.1087260 0.0946307 0.1051699 0.3325113 0.2920722 0.2777679 
Perityle_glaucescens_94                    0.1918805 0.1127368 0.2137259 0.2690190 0.1976505 0.1017467 0.2204449 0.1039862 0.2781713 0.1968007 0.1815701 0.1074923 0.1079598 0.1074299 0.0974314 0.1037505 0.1024372 0.2017118 0.1043906 0.1082406 0.0819155 0.1408066 0.1307438 0.1058599 0.1064685 0.1333639 0.1069299 0.0744943 0.0809407 0.2064264 0.1744532 0.1777181 0.6932359 0.1967784 0.1028577 0.3266768 0.0132997 0.1081016 0.0696068 0.1287711 0.1154829 0.2076082 0.0000000 0.1012288 0.0191675 0.0694221 0.1172725 0.1073271 0.1094993 0.0210731 0.1253741 0.0989501 0.1004247 0.1045869 0.1057592 0.1064204 0.0901664 0.0907521 0.1099379 0.1058642 0.1023068 0.0888533 0.1078060 0.0760070 0.1070816 0.0791522 0.0942045 0.2233286 0.0737696 0.0513413 0.1087946 0.2870399 0.2153974 0.1117779 0.1098417 0.1078269 0.0827031 0.2259168 0.0668238 0.1024753 0.1082403 0.0687399 0.1094859 0.2069327 0.1011162 0.1215436 
Perityle_gracilis_11                       0.2076177 0.1571312 0.2329768 0.2799596 0.2084369 0.1216682 0.2312496 0.1097198 0.2909054 0.1973964 0.1814245 0.0249514 0.0108277 0.0171298 0.0568940 0.1108138 0.0194245 0.1904029 0.1367168 0.0271427 0.0377157 0.0399175 0.0811998 0.0182290 0.0091932 0.0344400 0.0612781 0.0651271 0.1071366 0.2022637 0.2139715 0.1775333 0.7265920 0.1996674 0.0328785 0.3457233 0.1024380 0.0191418 0.1077457 0.0717989 0.0228541 0.1039061 0.1012288 0.0000000 0.1006884 0.1089944 0.0324924 0.0119118 0.0245803 0.1057914 0.0063497 0.0532548 0.0166542 0.0500820 0.0251107 0.1154905 0.0620212 0.0452770 0.0198805 0.0190032 0.1250354 0.1158926 0.1218962 0.0377865 0.0241330 0.1081654 0.0516103 0.2341521 0.1036782 0.0297220 0.0286725 0.1704096 0.2103390 0.0366433 0.0145921 0.0262998 0.0134414 0.2383929 0.1152104 0.0565317 0.0253145 0.0789914 0.0202125 0.2220375 0.1307980 0.1609529 
