85
Amauria_brandeegeana_62                    0.0000000 0.0287543 0.0474888 0.2656254 0.1793364 0.1016234 0.3340539 0.2525384 0.3680551 0.1366367 0.1783157 0.1833914 0.1758808 0.1800520 0.1047224 0.2082684 0.1732968 0.1874297 0.1765230 0.2095447 0.1633012 0.1869397 0.0754271 0.1786202 0.1778893 0.1779330 0.1796572 0.2070971 0.2180892 0.1552429 0.0742731 0.1627260 0.2490342 0.1857069 0.1177768 0.2107462 0.1762938 0.1886059 0.1967868 0.1827227 0.1795934 0.2113177 0.1701660 0.1812644 0.1808445 0.1838110 0.1725254 0.1768886 0.2110199 0.1740578 0.1737965 0.1739145 0.1798494 0.1809817 0.1775464 0.1623894 0.1365010 0.1859397 0.1734868 0.1901984 0.0883015 0.1665259 0.1096294 0.1834692 0.1937311 0.1715726 0.1396719 0.1638558 0.2052221 0.1902416 0.1778906 0.1607901 0.1911480 0.1633000 0.1954863 0.1050457 0.1452222 0.1879034 0.2231820 0.1916282 0.1399949 0.1745904 0.1768410 0.0895326 0.2033288 
Amauria_carterae_99_mesa                   0.0287543 0.0000000 0.0183475 0.2719076 0.1320296 0.0849253 0.2684370 0.2300408 0.2497382 0.0761769 0.0926565 0.1395737 0.1211214 0.1250861 0.0979668 0.1298299 0.1463374 0.0958176 0.1240010 0.1755438 0.1213988 0.1388006 0.0710499 0.1276830 0.1194267 0.1211407 0.1228202 0.1240126 0.1323332 0.0910149 0.0607794 0.1462404 0.1394280 0.1428889 0.0890725 0.1328070 0.1369023 0.1342945 0.1290828 0.1258244 0.1274697 0.1340316 0.1203048 0.1259073 0.1372267 0.1435648 0.1203051 0.1203044 0.1287010 0.1195008 0.1219409 0.1202707 0.1243230 0.1386917 0.1403209 0.1163058 0.1145449 0.1231823 0.1226168 0.1434977 0.0884323 0.1313713 0.0928006 0.1405948 0.1254764 0.1345982 0.1005003 0.1011011 0.1912124 0.1377821 0.1274877 0.0936468 0.1646934 0.1234339 0.1415053 0.1058901 0.1018497 0.1362665 0.1356139 0.1426142 0.1341146 0.1211394 0.0928132 0.0779773 0.1085110 
Amauria_rotundifolia_SRR9119150            0.0474888 0.0183475 0.0000000 0.2576668 0.1766673 0.0967716 0.3301417 0.2432614 0.3727027 0.1448922 0.1766662 0.1911502 0.1807145 0.1849676 0.1063225 0.2110847 0.1809021 0.1834935 0.1817627 0.2176299 0.1614907 0.1908899 0.0716087 0.1844699 0.1828132 0.1828169 0.1821955 0.2087094 0.2247047 0.1575317 0.0733402 0.1619607 0.2507615 0.1908512 0.1184158 0.2113756 0.1788833 0.1892943 0.1978153 0.1857804 0.1839097 0.2164203 0.1766005 0.1813526 0.1808388 0.1916423 0.1782430 0.1801311 0.2140312 0.1807076 0.1769288 0.1786049 0.1823421 0.1852810 0.1787118 0.1583552 0.1342456 0.1917876 0.1781743 0.1896839 0.0839363 0.1658046 0.1099888 0.1912322 0.1990524 0.1708818 0.1415958 0.1609398 0.2133509 0.1965056 0.1826808 0.1637123 0.2015376 0.1650951 0.2017212 0.1047684 0.1437579 0.1888082 0.2232537 0.1967551 0.1443994 0.1787801 0.1799254 0.0847378 0.2142957 
Conoclinium_coelestinum_SRR9119114         0.2656254 0.2719076 0.2576668 0.0000000 0.2163899 0.2003507 0.2652960 0.3515105 0.3576155 0.2546325 0.2399757 0.2776759 0.2719104 0.2730763 0.2369467 0.2798328 0.2630636 0.2467309 0.2937773 0.2505442 0.2724139 0.2701080 0.1988373 0.2628756 0.2785379 0.2790669 0.2850364 0.3130734 0.2716036 0.2518250 0.2279559 0.2451502 0.2825810 0.2837952 0.2639603 0.2939384 0.2735945 0.2687653 0.2621706 0.2822668 0.2668874 0.3140971 0.2798826 0.2714156 0.2638927 0.2772581 0.2650209 0.2750736 0.2976656 0.2709060 0.2637954 0.2648300 0.2773752 0.2613576 0.2843311 0.2586847 0.2671574 0.2826921 0.2638544 0.2897644 0.2629519 0.3044546 0.2378257 0.2787725 0.2892921 0.2843633 0.2255454 0.2419550 0.3103685 0.2846935 0.2622217 0.2513194 0.2507386 0.2661862 0.2813014 0.2560267 0.2455698 0.2743679 0.2824110 0.2836612 0.2647177 0.2662222 0.2573696 0.2252671 0.2470100 
Eutetras_palmeri_63                        0.1793364 0.1320296 0.1766673 0.2163899 0.0000000 0.0157436 0.3212624 0.3149115 0.3166169 0.1394215 0.1406950 0.2115510 0.1906274 0.1924520 0.1483947 0.2031426 0.1822164 0.1586255 0.2032262 0.1886892 0.1874928 0.2211672 0.1093000 0.1925154 0.1970801 0.1961885 0.2013582 0.2266100 0.2056581 0.1443440 0.1049890 0.1309068 0.2326136 0.2122996 0.1422369 0.2083302 0.2045813 0.1975293 0.1945776 0.1981634 0.1919322 0.2312769 0.1952786 0.1965706 0.2079040 0.2103011 0.1878040 0.1937013 0.2154541 0.1892402 0.1877209 0.1898141 0.2023495 0.2178571 0.2122916 0.1743466 0.1679743 0.2111563 0.1900095 0.2071799 0.1177633 0.2028780 0.1456906 0.2122248 0.2107749 0.2137047 0.1283673 0.1513381 0.3761682 0.2158623 0.1898991 0.1466736 0.1728939 0.1897431 0.2261725 0.1272170 0.1444897 0.2011688 0.2444632 0.2142573 0.1837833 0.1900997 0.1562130 0.1465859 0.2005532 
Eutetras_pringlei_149_quer                 0.1016234 0.0849253 0.0967716 0.2003507 0.0157436 0.0000000 0.1974377 0.1702137 0.1689368 0.0776456 0.0752430 0.1525265 0.1398207 0.1411998 0.1003079 0.1552180 0.1562254 0.0743554 0.1520837 0.1618040 0.1432353 0.1681346 0.0552709 0.1451344 0.1394912 0.1379762 0.1486371 0.1425103 0.1616053 0.0902149 0.0572819 0.0811379 0.1099740 0.1592935 0.0837846 0.1440956 0.1549677 0.1579377 0.1550140 0.1412203 0.1466251 0.1400672 0.1378797 0.1348087 0.1694684 0.1578153 0.1413318 0.1465486 0.1365079 0.1395856 0.1430267 0.1396058 0.1502698 0.1615727 0.1684201 0.1381087 0.1319348 0.1447956 0.1447376 0.1680126 0.0889156 0.1578498 0.1033938 0.1559417 0.1539931 0.1863167 0.0837736 0.0846753 0.1638768 0.1531256 0.1411644 0.0935612 0.1436946 0.1415249 0.1557193 0.1121410 0.0865141 0.1605009 0.1397742 0.1568866 0.1434311 0.1465486 0.0983150 0.0665346 0.1399087 
Eutrochium_fistulosum_SRR9119106           0.3340539 0.2684370 0.3301417 0.2652960 0.3212624 0.1974377 0.0000000 0.2910361 0.3678352 0.2920761 0.2895003 0.3524036 0.3213349 0.3280470 0.2785953 0.3395412 0.3087740 0.3127542 0.3326799 0.3571480 0.3043579 0.3382656 0.2432353 0.3251322 0.3181432 0.3170374 0.3230477 0.3237763 0.3688697 0.3155318 0.2355094 0.3217794 0.3608288 0.3489049 0.3224807 0.3251402 0.3437758 0.3652579 0.3414055 0.3209002 0.3255068 0.3385556 0.3182067 0.3169331 0.3394650 0.3427207 0.3226976 0.3243374 0.3300126 0.3209106 0.3232210 0.3249805 0.3233963 0.3437189 0.3245398 0.2914571 0.2831855 0.3198564 0.3242807 0.3279590 0.2456515 0.3123556 0.2595148 0.3492614 0.3414083 0.3168491 0.2618594 0.2962827 0.2733389 0.3552462 0.3279460 0.3200797 0.3589180 0.3244220 0.3539305 0.2514505 0.3010985 0.3392332 0.3253849 0.3547399 0.2777075 0.3262189 0.3334126 0.2494056 0.3238770 
Galeana_pratensis_104_mex                  0.2525384 0.2300408 0.2432614 0.3515105 0.3149115 0.1702137 0.2910361 0.0000000 0.2994050 0.2425701 0.2403329 0.2608810 0.2596719 0.2567467 0.2396917 0.2709112 0.2279037 0.2605137 0.2588569 0.2528418 0.2652367 0.2478883 0.1997583 0.2607171 0.2576518 0.2628177 0.2561445 0.2812416 0.2594042 0.2461886 0.2002992 0.2614661 0.2633852 0.2576887 0.2355354 0.2528390 0.2608137 0.2758373 0.2744148 0.2574621 0.2595478 0.2681040 0.2578867 0.2569074 0.2775983 0.2479517 0.2578998 0.2628359 0.2638436 0.2583897 0.2576479 0.2561652 0.2561445 0.2493417 0.2618436 0.2622276 0.2443405 0.2630273 0.2626385 0.2846920 0.2167740 0.2456627 0.2477194 0.2613644 0.2706345 0.2768883 0.1928017 0.2265524 0.1845412 0.2627056 0.2564320 0.2451206 0.2887056 0.2612438 0.2728644 0.2193095 0.2119554 0.2639500 0.2454348 0.2661290 0.2571226 0.2646773 0.2486234 0.2148622 0.2367924 
Helianthus_annuus_SRR9119062               0.3680551 0.2497382 0.3727027 0.3576155 0.3166169 0.1689368 0.3678352 0.2994050 0.0000000 0.3006878 0.3246160 0.3473118 0.3439516 0.3438936 0.2978771 0.3540377 0.3122551 0.3218981 0.3068657 0.3451308 0.3214025 0.3498548 0.1735289 0.3528075 0.3428418 0.3394230 0.3354769 0.3572767 0.3717386 0.3052524 0.1836227 0.3055257 0.3343379 0.3498645 0.3140176 0.3390173 0.3355549 0.3790678 0.3589625 0.3314743 0.3463550 0.3619529 0.3373205 0.3058213 0.3685860 0.3427008 0.3572061 0.3477379 0.3456203 0.3416000 0.3501949 0.3520012 0.3432076 0.3333293 0.3295026 0.2935434 0.2648747 0.3517290 0.3569676 0.3576905 0.1933206 0.3009242 0.2250289 0.3474211 0.3507984 0.3559581 0.2728844 0.3196604 0.3001844 0.3473239 0.3531397 0.3047999 0.3724061 0.3475360 0.3487183 0.2125396 0.2999411 0.3447297 0.3320808 0.3604310 0.2236271 0.3580980 0.3249335 0.2689999 0.2866733 
Lycapsus_tenuifolius_17                    0.1366367 0.0761769 0.1448922 0.2546325 0.1394215 0.0776456 0.2920761 0.2425701 0.3006878 0.0000000 0.1464714 0.1650181 0.1491203 0.1525098 0.0917515 0.1797073 0.1548046 0.1450992 0.1494751 0.1817932 0.1295141 0.1682682 0.0605841 0.1509714 0.1526244 0.1534303 0.1536099 0.1833460 0.1725544 0.0470409 0.0411920 0.1421398 0.1661819 0.1633889 0.1223118 0.1738174 0.1512947 0.1776288 0.1702565 0.1446723 0.1506095 0.2016502 0.1503095 0.1573176 0.1705415 0.1630830 0.1492289 0.1516081 0.1784876 0.1471186 0.1475898 0.1484458 0.1515508 0.1503461 0.1510710 0.1368999 0.1033444 0.1649949 0.1509325 0.1686604 0.0854489 0.1502354 0.0901601 0.1632575 0.1705296 0.1422130 0.1180394 0.1390235 0.2066999 0.1693257 0.1513180 0.0533829 0.1744642 0.1381122 0.1782945 0.0960648 0.1160825 0.1470321 0.1768802 0.1689961 0.1185166 0.1514419 0.0738043 0.0875741 0.1563534 
Pericome_caudata_50_silver                 0.1783157 0.0926565 0.1766662 0.2399757 0.1406950 0.0752430 0.2895003 0.2403329 0.3246160 0.1464714 0.0000000 0.1927889 0.1823652 0.1914043 0.1279638 0.1993802 0.1452253 0.1693374 0.1344735 0.1772701 0.1522596 0.1912454 0.0599551 0.1859503 0.1890785 0.1856360 0.1871331 0.2241648 0.2101767 0.1555316 0.0767625 0.1242898 0.2442528 0.1901531 0.1431840 0.1943390 0.1742758 0.2031418 0.1937165 0.1809610 0.1896977 0.1958497 0.1735784 0.1422951 0.1972992 0.1894248 0.1773883 0.1851035 0.1919282 0.1759742 0.1812491 0.1818995 0.1762163 0.1794880 0.1572801 0.1443417 0.1031417 0.1954403 0.1793161 0.1686307 0.0605823 0.1332624 0.0953325 0.1912382 0.1969296 0.1682735 0.0727335 0.1243030 0.2120991 0.1923687 0.1873504 0.1582777 0.1733893 0.1651433 0.1907441 0.0790230 0.1146343 0.1666820 0.2083517 0.2052637 0.1186257 0.1815576 0.2035423 0.0801388 0.1850998 
Perityle_aglossa_84_dead_horse             0.1833914 0.1395737 0.1911502 0.2776759 0.2115510 0.1525265 0.3524036 0.2608810 0.3473118 0.1650181 0.1927889 0.0000000 0.0982197 0.1052205 0.0137387 0.1281090 0.0203922 0.2046396 0.0933517 0.0265787 0.1032437 0.0909887 0.0210692 0.1039317 0.1035328 0.1000293 0.1068265 0.1397117 0.1411493 0.1761821 0.0773634 0.1815535 0.2795259 0.0211663 0.1781544 0.1356522 0.0259865 0.1399272 0.1248476 0.1158819 0.1036608 0.1342411 0.0875425 0.1122107 0.1276277 0.0298676 0.0981371 0.0979958 0.1324247 0.0931304 0.0979586 0.0975161 0.1063278 0.0292251 0.0979380 0.1040036 0.0683605 0.1091956 0.0985053 0.1539901 0.0823759 0.1463331 0.0661709 0.0048294 0.1204061 0.1509081 0.1532476 0.1622222 0.1621581 0.0272819 0.1025015 0.1696584 0.1081332 0.0977070 0.0334181 0.0418692 0.1419296 0.1188756 0.1746603 0.0397203 0.0771718 0.0980696 0.1875852 0.0889298 0.0820346 
Perityle_ajoensis_204                      0.1758808 0.1211214 0.1807145 0.2719104 0.1906274 0.1398207 0.3213349 0.2596719 0.3439516 0.1491203 0.1823652 0.0982197 0.0000000 0.0276825 0.0637998 0.0762861 0.0680549 0.2040719 0.0642668 0.0814359 0.0306049 0.0252238 0.0392645 0.0289652 0.0147318 0.0101515 0.0423582 0.0869367 0.1095829 0.1608409 0.0741093 0.1573934 0.2558980 0.0953741 0.1259846 0.0953560 0.0930194 0.1158497 0.0752260 0.0246208 0.0268467 0.0837209 0.0088138 0.0708693 0.0927423 0.0963060 0.0108421 0.0096210 0.0925762 0.0174685 0.0092517 0.0080060 0.0433937 0.0975047 0.0762911 0.0825589 0.0250083 0.0178325 0.0120451 0.1200476 0.0379000 0.1109392 0.0316010 0.0976920 0.0847359 0.0957734 0.1342904 0.1545662 0.2087001 0.1014932 0.0272861 0.1556620 0.0415456 0.0089900 0.1020573 0.0057850 0.1430248 0.0888862 0.1241338 0.1078692 0.0686633 0.0108362 0.1611105 0.0860047 0.0308731 
Perityle_ambrosiifolia_67_green            0.1800520 0.1250861 0.1849676 0.2730763 0.1924520 0.1411998 0.3280470 0.2567467 0.3438936 0.1525098 0.1914043 0.1052205 0.0276825 0.0000000 0.0681419 0.0847216 0.0689455 0.2012816 0.0658916 0.0824861 0.0467616 0.0331855 0.0404351 0.0076028 0.0332472 0.0297056 0.0502826 0.0917029 0.1149063 0.1609991 0.0778920 0.1594060 0.2577250 0.1010400 0.1332140 0.1039676 0.0999459 0.1152395 0.0828239 0.0386207 0.0075920 0.0862058 0.0173410 0.0796381 0.0927243 0.1037802 0.0296814 0.0271929 0.1002742 0.0224132 0.0260418 0.0267508 0.0523069 0.1030770 0.0822894 0.0849484 0.0322622 0.0340437 0.0304846 0.1218927 0.0413746 0.1126792 0.0365050 0.1042214 0.0854347 0.1067393 0.1343541 0.1601541 0.2152025 0.1080426 0.0071952 0.1567029 0.0431590 0.0289743 0.1080127 0.0099456 0.1460072 0.0960049 0.1343327 0.1096766 0.0711095 0.0288307 0.1637236 0.0870741 0.0422150 
Perityle_angustifolia_13_Eagle_creek       0.1047224 0.0979668 0.1063225 0.2369467 0.1483947 0.1003079 0.2785953 0.2396917 0.2978771 0.0917515 0.1279638 0.0137387 0.0637998 0.0681419 0.0000000 0.0931542 0.0123518 0.1457649 0.0556497 0.0196193 0.0666754 0.0639484 0.0124807 0.0686459 0.0609087 0.0650063 0.0710753 0.1179250 0.0786627 0.1139237 0.0694952 0.1549010 0.1591186 0.0171885 0.1391593 0.0998799 0.0195041 0.1118033 0.0897504 0.0729629 0.0671507 0.1219668 0.0604560 0.0729165 0.0861142 0.0174289 0.0641222 0.0642451 0.0953558 0.0576421 0.0631653 0.0628070 0.0708114 0.0108402 0.0780599 0.0909360 0.0577572 0.0768174 0.0659229 0.0938204 0.0505377 0.0917325 0.0634359 0.0125948 0.0940701 0.1035777 0.0852949 0.0840549 0.1473368 0.0137345 0.0672865 0.1031640 0.0887994 0.0635149 0.0109020 0.0403651 0.0876197 0.0762001 0.1247620 0.0271390 0.0520342 0.0652969 0.1045487 0.0893822 0.0615458 
Perityle_batopilensis_97                   0.2082684 0.1298299 0.2110847 0.2798328 0.2031426 0.1552180 0.3395412 0.2709112 0.3540377 0.1797073 0.1993802 0.1281090 0.0762861 0.0847216 0.0931542 0.0000000 0.0722075 0.2244574 0.0794683 0.0852634 0.0711708 0.0835416 0.0543092 0.0853192 0.0804293 0.0785574 0.0835240 0.1066557 0.1192321 0.1868735 0.0805920 0.1756838 0.2812362 0.1254614 0.1690968 0.1030736 0.1209302 0.1414844 0.0090931 0.0866873 0.0842332 0.0926795 0.0676587 0.0933886 0.1231584 0.1264469 0.0762792 0.0776034 0.0938905 0.0764712 0.0783865 0.0762176 0.0739757 0.1291777 0.0963998 0.1039610 0.0604540 0.0741530 0.0766794 0.1338258 0.0405228 0.1204562 0.0671928 0.1271284 0.0970920 0.1213466 0.1480962 0.1886258 0.2598592 0.1287840 0.0847814 0.1817517 0.0669619 0.0755231 0.1311904 0.0200502 0.1717670 0.0948402 0.1447569 0.1345737 0.0758954 0.0785548 0.2003172 0.1088277 0.0738249 
Perityle_bisetosa_9                        0.1732968 0.1463374 0.1809021 0.2630636 0.1822164 0.1562254 0.3087740 0.2279037 0.3122551 0.1548046 0.1452253 0.0203922 0.0680549 0.0689455 0.0123518 0.0722075 0.0000000 0.1583613 0.0763127 0.0162267 0.0666885 0.0766235 0.0193180 0.0693500 0.0743057 0.0709064 0.0732015 0.1144506 0.1002588 0.1574200 0.0670744 0.1460113 0.2574723 0.0181660 0.1212532 0.0835675 0.0119270 0.0886066 0.0725397 0.0758913 0.0686937 0.0956844 0.0658361 0.0718407 0.0991847 0.0272212 0.0670622 0.0683955 0.0876165 0.0645420 0.0658988 0.0691812 0.0738815 0.0199553 0.0646609 0.0638058 0.0536654 0.0826296 0.0686393 0.1261080 0.0773683 0.1328214 0.0480999 0.0198686 0.0798551 0.1257575 0.1512582 0.1524750 0.1443314 0.0205248 0.0681829 0.1609666 0.0854769 0.0691510 0.0262719 0.0367012 0.1348458 0.0799616 0.1134791 0.0249573 0.0826209 0.0681397 0.1587864 0.0737364 0.0592023 
Perityle_californica_76_positas            0.1874297 0.0958176 0.1834935 0.2467309 0.1586255 0.0743554 0.3127542 0.2605137 0.3218981 0.1450992 0.1693374 0.2046396 0.2040719 0.2012816 0.1457649 0.2244574 0.1583613 0.0000000 0.1805584 0.1572756 0.1964720 0.2023634 0.0630283 0.1994977 0.2038551 0.2071712 0.2011309 0.2229420 0.2218119 0.1487817 0.0740838 0.1135851 0.2112542 0.2052514 0.1788257 0.2200198 0.2094411 0.2337053 0.2172619 0.2062776 0.2023519 0.2177123 0.1998811 0.2005273 0.2123386 0.2125743 0.2022240 0.2045494 0.2248687 0.1942896 0.2019629 0.2009272 0.1944711 0.1914442 0.2160655 0.1564433 0.1276451 0.2073423 0.1992869 0.1904158 0.0771966 0.1786737 0.1008892 0.2040726 0.2136368 0.2096878 0.1155329 0.1699719 0.2611932 0.2121203 0.1998603 0.1524751 0.1839735 0.2000842 0.2094950 0.0855804 0.1587357 0.2094534 0.2398256 0.2002456 0.1243730 0.2022864 0.1798486 0.0347289 0.1726625 
Perityle_canescens_77                      0.1765230 0.1240010 0.1817627 0.2937773 0.2032262 0.1520837 0.3326799 0.2588569 0.3068657 0.1494751 0.1344735 0.0933517 0.0642668 0.0658916 0.0556497 0.0794683 0.0763127 0.1805584 0.0000000 0.0875968 0.0649951 0.0743462 0.0520126 0.0669725 0.0632891 0.0667325 0.0696869 0.0943622 0.0632365 0.1661699 0.0808095 0.1674289 0.2570966 0.0943685 0.1441310 0.0644605 0.0882958 0.0687274 0.0775147 0.0653343 0.0648620 0.0736927 0.0564092 0.0604397 0.0697515 0.0913433 0.0657916 0.0652446 0.0626137 0.0613786 0.0655310 0.0627293 0.0719787 0.0837207 0.0523818 0.0918133 0.0599152 0.0585935 0.0672437 0.1010710 0.0388884 0.1076114 0.0563375 0.0928828 0.0662389 0.1198056 0.1375037 0.1447182 0.1816000 0.0960657 0.0663984 0.1701081 0.0773725 0.0649536 0.0984467 0.0285971 0.1490380 0.0548393 0.0985091 0.1031088 0.0637583 0.0657644 0.1645087 0.0914010 0.0629665 
Perityle_castillonii_96                    0.2095447 0.1755438 0.2176299 0.2505442 0.1886892 0.1618040 0.3571480 0.2528418 0.3451308 0.1817932 0.1772701 0.0265787 0.0814359 0.0824861 0.0196193 0.0852634 0.0162267 0.1572756 0.0875968 0.0000000 0.0781794 0.0863927 0.0293892 0.0825751 0.0838805 0.0853479 0.0898783 0.1309031 0.1211036 0.1830123 0.0672678 0.1466926 0.2887537 0.0276605 0.1368674 0.0974466 0.0187220 0.1024953 0.0864293 0.0893132 0.0819771 0.1153368 0.0783103 0.0834616 0.1180891 0.0355954 0.0796968 0.0818380 0.1013771 0.0776708 0.0789112 0.0816737 0.0903323 0.0284578 0.0772678 0.0716446 0.0641507 0.0985673 0.0823616 0.1467760 0.0918269 0.1613295 0.0577436 0.0259197 0.0919732 0.1537119 0.1741490 0.1801264 0.2358443 0.0175013 0.0810911 0.1887274 0.0847465 0.0826776 0.0225495 0.0425173 0.1571274 0.0916300 0.1404555 0.0323431 0.0839048 0.0803541 0.1859290 0.0797451 0.0743575 
Perityle_cernua_84                         0.1633012 0.1213988 0.1614907 0.2724139 0.1874928 0.1432353 0.3043579 0.2652367 0.3214025 0.1295141 0.1522596 0.1032437 0.0306049 0.0467616 0.0666754 0.0711708 0.0666885 0.1964720 0.0649951 0.0781794 0.0000000 0.0448005 0.0450227 0.0491470 0.0306106 0.0342237 0.0472048 0.0837584 0.0854213 0.1457488 0.0676681 0.1558471 0.2515422 0.0996974 0.1314481 0.0825059 0.0977904 0.1108373 0.0703419 0.0322274 0.0449041 0.0734597 0.0279223 0.0717199 0.0804506 0.1027299 0.0328701 0.0342169 0.0821468 0.0354609 0.0316269 0.0305803 0.0441525 0.0983435 0.0768091 0.0836493 0.0296302 0.0314457 0.0333058 0.0987052 0.0388588 0.1081274 0.0356936 0.1022385 0.0810151 0.0917551 0.1079493 0.1307538 0.2222072 0.1048177 0.0477175 0.1392731 0.0552124 0.0328961 0.1077509 0.0183597 0.1359755 0.0846435 0.1090382 0.1122970 0.0694460 0.0355958 0.1477500 0.0895941 0.0298230 
Perityle_cfvillosa_25_tin                  0.1869397 0.1388006 0.1908899 0.2701080 0.2211672 0.1681346 0.3382656 0.2478883 0.3498548 0.1682682 0.1912454 0.0909887 0.0252238 0.0331855 0.0639484 0.0835416 0.0766235 0.2023634 0.0743462 0.0863927 0.0448005 0.0000000 0.0440583 0.0365041 0.0320288 0.0255655 0.0455613 0.1043744 0.1197329 0.1820841 0.0750241 0.1769720 0.2740486 0.0894428 0.1351572 0.1025897 0.0919082 0.1201399 0.0792949 0.0420702 0.0319672 0.1159107 0.0255138 0.0847506 0.1004173 0.0862583 0.0263850 0.0233975 0.1014371 0.0269805 0.0282046 0.0276450 0.0471056 0.0929331 0.0852724 0.0759848 0.0362110 0.0341029 0.0267843 0.1394905 0.0583412 0.1355213 0.0413823 0.0904524 0.0939954 0.1063281 0.1577013 0.1589339 0.2024738 0.0912681 0.0360430 0.1736895 0.0679207 0.0260419 0.0900046 0.0041249 0.1491636 0.0999570 0.1372020 0.1002308 0.0695405 0.0272428 0.1653396 0.0909898 0.0348020 
Perityle_cinerea_113_Powell1310            0.0754271 0.0710499 0.0716087 0.1988373 0.1093000 0.0552709 0.2432353 0.1997583 0.1735289 0.0605841 0.0599551 0.0210692 0.0392645 0.0404351 0.0124807 0.0543092 0.0193180 0.0630283 0.0520126 0.0293892 0.0450227 0.0440583 0.0000000 0.0440177 0.0392423 0.0404175 0.0521339 0.0473763 0.0496595 0.0628444 0.0431058 0.1276252 0.0695818 0.0300118 0.0634144 0.0544927 0.0220947 0.0581652 0.0544065 0.0415849 0.0404623 0.0485070 0.0369736 0.0485064 0.0595355 0.0293634 0.0392961 0.0392955 0.0518748 0.0381234 0.0392646 0.0381418 0.0533145 0.0244004 0.0445136 0.0312558 0.0373867 0.0416833 0.0404135 0.0566974 0.0517432 0.0473362 0.0456716 0.0222283 0.0507369 0.0765545 0.0533404 0.0541242 0.0682288 0.0266139 0.0416137 0.0654541 0.0640732 0.0427272 0.0243856 0.0236269 0.0610678 0.0534039 0.0560235 0.0267182 0.0519671 0.0404711 0.0609874 0.0501921 0.0326469 
Perityle_coahuilensis_24                   0.1786202 0.1276830 0.1844699 0.2628756 0.1925154 0.1451344 0.3251322 0.2607171 0.3528075 0.1509714 0.1859503 0.1039317 0.0289652 0.0076028 0.0686459 0.0853192 0.0693500 0.1994977 0.0669725 0.0825751 0.0491470 0.0365041 0.0440177 0.0000000 0.0341506 0.0310140 0.0525406 0.1047399 0.1137582 0.1603943 0.0799204 0.1560221 0.2592116 0.1007951 0.1351025 0.1040955 0.1006136 0.1161391 0.0817798 0.0400019 0.0095248 0.0985042 0.0186513 0.0797274 0.0944501 0.1030156 0.0303384 0.0284707 0.1013481 0.0236809 0.0267658 0.0282681 0.0541479 0.1017483 0.0834213 0.0886050 0.0329688 0.0386530 0.0311279 0.1209364 0.0423160 0.1145935 0.0390237 0.1039018 0.0859842 0.1068809 0.1322596 0.1611575 0.2130804 0.1067388 0.0050918 0.1554636 0.0436993 0.0292426 0.1062361 0.0107962 0.1446827 0.0935657 0.1443349 0.1096834 0.0720289 0.0295026 0.1634767 0.0862854 0.0443034 
Perityle_cochisensis_44_cave_creek         0.1778893 0.1194267 0.1828132 0.2785379 0.1970801 0.1394912 0.3181432 0.2576518 0.3428418 0.1526244 0.1890785 0.1035328 0.0147318 0.0332472 0.0609087 0.0804293 0.0743057 0.2038551 0.0632891 0.0838805 0.0306106 0.0320288 0.0392423 0.0341506 0.0000000 0.0167969 0.0473656 0.0879002 0.1130875 0.1641752 0.0731062 0.1615856 0.2614100 0.1000869 0.1276523 0.0959501 0.0938879 0.1186451 0.0784852 0.0280705 0.0328173 0.0790842 0.0117784 0.0728701 0.0960633 0.1006016 0.0176400 0.0167935 0.0903856 0.0232312 0.0156122 0.0134837 0.0482207 0.0943606 0.0768430 0.0811046 0.0210891 0.0230970 0.0192819 0.1227718 0.0370056 0.1115328 0.0291626 0.1029886 0.0894821 0.0967251 0.1395559 0.1598490 0.2062157 0.1058609 0.0324272 0.1594454 0.0508947 0.0116622 0.1074186 0.0032968 0.1439590 0.0897176 0.1275008 0.1134880 0.0669639 0.0180435 0.1640540 0.0831581 0.0334904 
Perityle_congesta_202                      0.1779330 0.1211407 0.1828169 0.2790669 0.1961885 0.1379762 0.3170374 0.2628177 0.3394230 0.1534303 0.1856360 0.1000293 0.0101515 0.0297056 0.0650063 0.0785574 0.0709064 0.2071712 0.0667325 0.0853479 0.0342237 0.0255655 0.0404175 0.0310140 0.0167969 0.0000000 0.0445218 0.0831654 0.1107539 0.1647833 0.0750170 0.1596048 0.2564352 0.0971312 0.1307560 0.0926103 0.0947488 0.1169144 0.0785005 0.0263461 0.0292804 0.0770375 0.0109246 0.0728475 0.0940112 0.0980853 0.0109786 0.0105583 0.0852855 0.0201860 0.0118274 0.0097350 0.0461958 0.0994786 0.0793675 0.0882290 0.0295878 0.0171182 0.0121967 0.1230468 0.0387493 0.1102743 0.0340088 0.0994926 0.0866294 0.0996996 0.1348035 0.1551565 0.2083798 0.1033353 0.0297289 0.1600461 0.0422943 0.0091052 0.1048562 0.0049551 0.1412227 0.0900945 0.1279957 0.1094326 0.0710924 0.0117903 0.1629888 0.0879689 0.0361513 
Perityle_cordifolia_27                     0.1796572 0.1228202 0.1821955 0.2850364 0.2013582 0.1486371 0.3230477 0.2561445 0.3354769 0.1536099 0.1871331 0.1068265 0.0423582 0.0502826 0.0710753 0.0835240 0.0732015 0.2011309 0.0696869 0.0898783 0.0472048 0.0455613 0.0521339 0.0525406 0.0473656 0.0445218 0.0000000 0.0879964 0.1157384 0.1683041 0.0770085 0.1665718 0.2645902 0.1026248 0.1241654 0.1008454 0.1039294 0.1252584 0.0833687 0.0556534 0.0502653 0.0821681 0.0322740 0.0788375 0.0989921 0.1024653 0.0441122 0.0427640 0.0904122 0.0417446 0.0420801 0.0410359 0.0050137 0.1075962 0.0840657 0.0841121 0.0133505 0.0509345 0.0432156 0.1297192 0.0423094 0.1184889 0.0046354 0.1053845 0.0919233 0.0728921 0.1411683 0.1640551 0.2201834 0.1096785 0.0507538 0.1632097 0.0625752 0.0423340 0.1089628 0.0217537 0.1518218 0.0955099 0.1321018 0.1120391 0.0728640 0.0444897 0.1610861 0.0926146 0.0374783 
Perityle_cordifolia_68_tecolote            0.2070971 0.1240126 0.2087094 0.3130734 0.2266100 0.1425103 0.3237763 0.2812416 0.3572767 0.1833460 0.2241648 0.1397117 0.0869367 0.0917029 0.1179250 0.1066557 0.1144506 0.2229420 0.0943622 0.1309031 0.0837584 0.1043744 0.0473763 0.1047399 0.0879002 0.0831654 0.0879964 0.0000000 0.1521089 0.2042488 0.0816318 0.2027095 0.2974141 0.1358545 0.1917542 0.1102300 0.1330250 0.1538412 0.1189080 0.0955519 0.0959675 0.1147903 0.0653945 0.0923791 0.1329402 0.1380287 0.0996178 0.0890735 0.1107818 0.0827004 0.1003220 0.0980742 0.0952049 0.1416531 0.1003982 0.0177500 0.0635074 0.0817821 0.0995419 0.1609538 0.0460639 0.1319206 0.0573762 0.1392549 0.1077543 0.1652510 0.1847676 0.1924582 0.2204684 0.1447316 0.1041880 0.1966740 0.1050061 0.0996067 0.1423402 0.0295188 0.1852627 0.1318015 0.1470283 0.1455947 0.0752161 0.1009602 0.2034649 0.1315109 0.0689541 
Perityle_coronopifolia_28_patagonia        0.2180892 0.1323332 0.2247047 0.2716036 0.2056581 0.1616053 0.3688697 0.2594042 0.3717386 0.1725544 0.2101767 0.1411493 0.1095829 0.1149063 0.0786627 0.1192321 0.1002588 0.2218119 0.0632365 0.1211036 0.0854213 0.1197329 0.0496595 0.1137582 0.1130875 0.1107539 0.1157384 0.1521089 0.0000000 0.1852839 0.0867927 0.1946758 0.2516027 0.1400137 0.1705937 0.1160199 0.1235342 0.1157448 0.1138451 0.1031388 0.1130439 0.1309837 0.1029660 0.0809643 0.1047436 0.1364680 0.1070421 0.1091992 0.1133791 0.1098012 0.1079556 0.1074438 0.1028228 0.1211253 0.0558525 0.0982005 0.0696870 0.1122304 0.1060361 0.1326512 0.0424502 0.1289710 0.0682773 0.1406579 0.0617094 0.1357544 0.1727637 0.2030113 0.1932648 0.1403723 0.1131994 0.1805184 0.1032279 0.0953420 0.1481443 0.0362907 0.1773505 0.0603482 0.1331974 0.1468986 0.0679830 0.1090183 0.2056566 0.1003889 0.1012692 
Perityle_crassifolia_70_ventanas           0.1552429 0.0910149 0.1575317 0.2518250 0.1443440 0.0902149 0.3155318 0.2461886 0.3052524 0.0470409 0.1555316 0.1761821 0.1608409 0.1609991 0.1139237 0.1868735 0.1574200 0.1487817 0.1661699 0.1830123 0.1457488 0.1820841 0.0628444 0.1603943 0.1641752 0.1647833 0.1683041 0.2042488 0.1852839 0.0000000 0.0110415 0.1459199 0.1777581 0.1739110 0.1315322 0.1788955 0.1608553 0.1907454 0.1807211 0.1608806 0.1613159 0.2022253 0.1643222 0.1634251 0.1807365 0.1742048 0.1581341 0.1615076 0.1846532 0.1587841 0.1600714 0.1603959 0.1682974 0.1687848 0.1770331 0.1558654 0.1292286 0.1710817 0.1611137 0.1742096 0.0829904 0.1613217 0.1005316 0.1750316 0.1825209 0.1647274 0.1269486 0.1550752 0.2416690 0.1804976 0.1595526 0.0145355 0.1723774 0.1511994 0.1886483 0.0938445 0.1379207 0.1697160 0.1916785 0.1846704 0.1186372 0.1593137 0.0255223 0.0957863 0.1734022 
Perityle_crassifolia_74_playa_balandra     0.0742731 0.0607794 0.0733402 0.2279559 0.1049890 0.0572819 0.2355094 0.2002992 0.1836227 0.0411920 0.0767625 0.0773634 0.0741093 0.0778920 0.0694952 0.0805920 0.0670744 0.0740838 0.0808095 0.0672678 0.0676681 0.0750241 0.0431058 0.0799204 0.0731062 0.0750170 0.0770085 0.0816318 0.0867927 0.0110415 0.0000000 0.1183706 0.1092409 0.0800105 0.0882802 0.0865420 0.0770718 0.0892954 0.0805920 0.0769479 0.0779524 0.0879954 0.0722239 0.0796795 0.0854661 0.0772778 0.0750332 0.0741370 0.0796552 0.0731611 0.0728589 0.0722242 0.0798276 0.0837776 0.0784976 0.0693737 0.0624053 0.0760395 0.0759611 0.1001154 0.0692031 0.0740507 0.0611053 0.0784662 0.0805717 0.1086199 0.0653307 0.0770267 0.1804274 0.0760788 0.0788199 0.0136411 0.0992718 0.0759973 0.0790529 0.0592121 0.0801787 0.0884217 0.0802098 0.0790309 0.0640630 0.0751091 0.0223103 0.0599976 0.0692333 
Perityle_cuneata_34_cuneata_San_antonio    0.1627260 0.1462404 0.1619607 0.2451502 0.1309068 0.0811379 0.3217794 0.2614661 0.3055257 0.1421398 0.1242898 0.1815535 0.1573934 0.1594060 0.1549010 0.1756838 0.1460113 0.1135851 0.1674289 0.1466926 0.1558471 0.1769720 0.1276252 0.1560221 0.1615856 0.1596048 0.1665718 0.2027095 0.1946758 0.1459199 0.1183706 0.0000000 0.2191165 0.1804097 0.1102581 0.1739859 0.1797901 0.1757090 0.1687940 0.1599767 0.1598853 0.1822950 0.1582168 0.1541372 0.1735543 0.1787595 0.1552618 0.1595233 0.1804205 0.1543160 0.1520422 0.1576739 0.1650397 0.1847963 0.1794130 0.1774523 0.1460076 0.1715860 0.1583040 0.1941475 0.1171354 0.1795690 0.1181670 0.1801970 0.1761720 0.1786429 0.0882004 0.1317392 0.2610148 0.1883764 0.1564764 0.1470200 0.1382859 0.1556799 0.1952330 0.1350199 0.1157772 0.1719805 0.2111916 0.1848226 0.1639846 0.1571552 0.1579700 0.0788162 0.1911004 
Perityle_cuneata_4                         0.2490342 0.1394280 0.2507615 0.2825810 0.2326136 0.1099740 0.3608288 0.2633852 0.3343379 0.1661819 0.2442528 0.2795259 0.2558980 0.2577250 0.1591186 0.2812362 0.2574723 0.2112542 0.2570966 0.2887537 0.2515422 0.2740486 0.0695818 0.2592116 0.2614100 0.2564352 0.2645902 0.2974141 0.2516027 0.1777581 0.1092409 0.2191165 0.0000000 0.2779130 0.2444522 0.2908905 0.2619868 0.2746245 0.2715586 0.2693550 0.2589495 0.2894723 0.2504859 0.2532296 0.2717682 0.2771094 0.2542419 0.2558533 0.2967400 0.2570178 0.2530353 0.2533902 0.2606728 0.2548561 0.2722840 0.1954515 0.1573226 0.2737147 0.2527751 0.2697177 0.1030938 0.2405076 0.1430004 0.2791589 0.2885303 0.2711350 0.2115509 0.2427003 0.2439134 0.2878046 0.2589020 0.1801316 0.2846342 0.2445207 0.2918857 0.1131307 0.2145890 0.2874319 0.2915214 0.2849214 0.1878430 0.2543224 0.1989788 0.1798766 0.2257522 
Perityle_dissecta_201                      0.1857069 0.1428889 0.1908512 0.2837952 0.2122996 0.1592935 0.3489049 0.2576887 0.3498645 0.1633889 0.1901531 0.0211663 0.0953741 0.1010400 0.0171885 0.1254614 0.0181660 0.2052514 0.0943685 0.0276605 0.0996974 0.0894428 0.0300118 0.1007951 0.1000869 0.0971312 0.1026248 0.1358545 0.1400137 0.1739110 0.0800105 0.1804097 0.2779130 0.0000000 0.1754885 0.1321268 0.0212070 0.1375871 0.1227916 0.1107057 0.1000004 0.1336181 0.0846648 0.1089772 0.1269009 0.0275888 0.0957814 0.0951469 0.1312916 0.0907591 0.0951515 0.0947246 0.1001181 0.0254489 0.0957840 0.1026178 0.0693873 0.1066613 0.0961487 0.1518457 0.0809678 0.1455647 0.0675963 0.0207421 0.1193811 0.1500341 0.1545733 0.1572315 0.1662205 0.0221348 0.0988883 0.1684509 0.1062019 0.0948592 0.0298655 0.0450301 0.1437875 0.1168421 0.1671155 0.0499686 0.0809780 0.0957366 0.1854375 0.0915980 0.0834147 
Perityle_emoryi_47_punta_san_jose          0.1177768 0.0890725 0.1184158 0.2639603 0.1422369 0.0837846 0.3224807 0.2355354 0.3140176 0.1223118 0.1431840 0.1781544 0.1259846 0.1332140 0.1391593 0.1690968 0.1212532 0.1788257 0.1441310 0.1368674 0.1314481 0.1351572 0.0634144 0.1351025 0.1276523 0.1307560 0.1241654 0.1917542 0.1705937 0.1315322 0.0882802 0.1102581 0.2444522 0.1754885 0.0000000 0.1719077 0.1761754 0.1595756 0.1606538 0.1267919 0.1332829 0.1721208 0.1159361 0.1453622 0.1584366 0.1777386 0.1254465 0.1267455 0.1794054 0.1274822 0.1217905 0.1259298 0.1231180 0.1801901 0.1607779 0.1631711 0.1040366 0.1441516 0.1289057 0.1372507 0.0876522 0.1261442 0.0656715 0.1789939 0.1591975 0.1181406 0.0897949 0.1521385 0.2336232 0.1839858 0.1337035 0.1320493 0.1193051 0.1274396 0.1847975 0.1077373 0.1495712 0.1560563 0.1912362 0.1886923 0.1349664 0.1266970 0.1573466 0.0996914 0.1266844 
Perityle_feddemae_99                       0.2107462 0.1328070 0.2113756 0.2939384 0.2083302 0.1440956 0.3251402 0.2528390 0.3390173 0.1738174 0.1943390 0.1356522 0.0953560 0.1039676 0.0998799 0.1030736 0.0835675 0.2200198 0.0644605 0.0974466 0.0825059 0.1025897 0.0544927 0.1040955 0.0959501 0.0926103 0.1008454 0.1102300 0.1160199 0.1788955 0.0865420 0.1739859 0.2908905 0.1321268 0.1719077 0.0000000 0.1290685 0.1290788 0.1085229 0.0973028 0.1034508 0.0732514 0.0790571 0.0218641 0.1106224 0.1327531 0.0953529 0.0962221 0.0437360 0.0903652 0.0975683 0.0947960 0.0950946 0.1338332 0.0790268 0.0957607 0.0713443 0.0860281 0.0966993 0.1396659 0.0434633 0.1169938 0.0675908 0.1346367 0.0873970 0.1454200 0.1432608 0.1813590 0.1930245 0.1363124 0.1045111 0.1754907 0.0790996 0.0960905 0.1359057 0.0312454 0.1743348 0.0963129 0.1088028 0.1420928 0.0743211 0.0967406 0.1998104 0.1063927 0.0770298 
Perityle_fosteri_93                        0.1762938 0.1369023 0.1788833 0.2735945 0.2045813 0.1549677 0.3437758 0.2608137 0.3355549 0.1512947 0.1742758 0.0259865 0.0930194 0.0999459 0.0195041 0.1209302 0.0119270 0.2094411 0.0882958 0.0187220 0.0977904 0.0919082 0.0220947 0.1006136 0.0938879 0.0947488 0.1039294 0.1330250 0.1235342 0.1608553 0.0770718 0.1797901 0.2619868 0.0212070 0.1761754 0.1290685 0.0000000 0.1281811 0.1180952 0.1049983 0.0998622 0.1260097 0.0838564 0.1018164 0.1091361 0.0281040 0.0930075 0.0932201 0.1253151 0.0896842 0.0941856 0.0937669 0.1023705 0.0263580 0.0955007 0.1027568 0.0694214 0.1022432 0.0938339 0.1445914 0.0706054 0.1412935 0.0666586 0.0247188 0.1142331 0.1481851 0.1389411 0.1414991 0.1636228 0.0210388 0.0991918 0.1540253 0.1003951 0.0918564 0.0374563 0.0389788 0.1423596 0.1123096 0.1640078 0.0517953 0.0812706 0.0938342 0.1682098 0.0942897 0.0850969 
Perityle_gamon_221                         0.1886059 0.1342945 0.1892943 0.2687653 0.1975293 0.1579377 0.3652579 0.2758373 0.3790678 0.1776288 0.2031418 0.1399272 0.1158497 0.1152395 0.1118033 0.1414844 0.0886066 0.2337053 0.0687274 0.1024953 0.1108373 0.1201399 0.0581652 0.1161391 0.1186451 0.1169144 0.1252584 0.1538412 0.1157448 0.1907454 0.0892954 0.1757090 0.2746245 0.1375871 0.1595756 0.1290788 0.1281811 0.0000000 0.1344656 0.1205878 0.1159614 0.1243308 0.1028585 0.0861936 0.0669354 0.1348026 0.1133715 0.1150206 0.1371686 0.1088995 0.1142420 0.1141998 0.1253453 0.1269920 0.0940827 0.1207697 0.0731206 0.1176640 0.1132851 0.1347470 0.0454494 0.1266620 0.0679609 0.1389779 0.1204165 0.1676975 0.1467763 0.1906300 0.2263928 0.1412575 0.1150364 0.1936055 0.0949902 0.1068656 0.1394918 0.0380680 0.1713990 0.0975150 0.1575888 0.1512949 0.0733348 0.1138505 0.2083214 0.1099679 0.1139386 
Perityle_gentryi_8_san_francisco           0.1967868 0.1290828 0.1978153 0.2621706 0.1945776 0.1550140 0.3414055 0.2744148 0.3589625 0.1702565 0.1937165 0.1248476 0.0752260 0.0828239 0.0897504 0.0090931 0.0725397 0.2172619 0.0775147 0.0864293 0.0703419 0.0792949 0.0544065 0.0817798 0.0784852 0.0785005 0.0833687 0.1189080 0.1138451 0.1807211 0.0805920 0.1687940 0.2715586 0.1227916 0.1606538 0.1085229 0.1180952 0.1344656 0.0000000 0.0856711 0.0810953 0.1145373 0.0677308 0.0913266 0.1178763 0.1232376 0.0734874 0.0758919 0.1019706 0.0743641 0.0755157 0.0743102 0.0737109 0.1252148 0.0960094 0.1017502 0.0597938 0.0736849 0.0738763 0.1291964 0.0423167 0.1199656 0.0663968 0.1239004 0.0958992 0.1173065 0.1414663 0.1785633 0.2575415 0.1255293 0.0812632 0.1759322 0.0646019 0.0729866 0.1282986 0.0226005 0.1640750 0.0910350 0.1470713 0.1299964 0.0768021 0.0756881 0.1916042 0.1045070 0.0714415 
Perityle_gilensis_22_Superstition          0.1827227 0.1258244 0.1857804 0.2822668 0.1981634 0.1412203 0.3209002 0.2574621 0.3314743 0.1446723 0.1809610 0.1158819 0.0246208 0.0386207 0.0729629 0.0866873 0.0758913 0.2062776 0.0653343 0.0893132 0.0322274 0.0420702 0.0415849 0.0400019 0.0280705 0.0263461 0.0556534 0.0955519 0.1031388 0.1608806 0.0769479 0.1599767 0.2693550 0.1107057 0.1267919 0.0973028 0.1049983 0.1205878 0.0856711 0.0000000 0.0372995 0.0765008 0.0212454 0.0733024 0.0963016 0.1129110 0.0276621 0.0267702 0.0881301 0.0326999 0.0242826 0.0224529 0.0491022 0.1071675 0.0768258 0.0860136 0.0249974 0.0242858 0.0285017 0.1174789 0.0413596 0.1120950 0.0307887 0.1153053 0.0908222 0.0993607 0.1230032 0.1577655 0.2107975 0.1153046 0.0386522 0.1574492 0.0500180 0.0205242 0.1194719 0.0082739 0.1569321 0.0923919 0.1256322 0.1258235 0.0694377 0.0276448 0.1710530 0.0857162 0.0411238 
Perityle_gilensis_salensis_225             0.1795934 0.1274697 0.1839097 0.2668874 0.1919322 0.1466251 0.3255068 0.2595478 0.3463550 0.1506095 0.1896977 0.1036608 0.0268467 0.0075920 0.0671507 0.0842332 0.0686937 0.2023519 0.0648620 0.0819771 0.0449041 0.0319672 0.0404623 0.0095248 0.0328173 0.0292804 0.0502653 0.0959675 0.1130439 0.1613159 0.0779524 0.1598853 0.2589495 0.1000004 0.1332829 0.1034508 0.0998622 0.1159614 0.0810953 0.0372995 0.0000000 0.0913727 0.0164822 0.0786164 0.0950304 0.1022377 0.0285792 0.0263600 0.0993115 0.0211702 0.0237558 0.0256842 0.0514026 0.1019051 0.0806815 0.0863041 0.0309311 0.0344751 0.0293779 0.1204934 0.0422500 0.1144982 0.0348964 0.1026741 0.0863452 0.1040898 0.1344825 0.1609013 0.2108098 0.1064628 0.0091185 0.1570649 0.0431982 0.0278629 0.1064111 0.0107835 0.1470151 0.0935999 0.1343058 0.1094185 0.0703154 0.0277415 0.1645425 0.0871531 0.0415184 
Perityle_glaucescens_94                    0.2113177 0.1340316 0.2164203 0.3140971 0.2312769 0.1400672 0.3385556 0.2681040 0.3619529 0.2016502 0.1958497 0.1342411 0.0837209 0.0862058 0.1219668 0.0926795 0.0956844 0.2177123 0.0736927 0.1153368 0.0734597 0.1159107 0.0485070 0.0985042 0.0790842 0.0770375 0.0821681 0.1147903 0.1309837 0.2022253 0.0879954 0.1822950 0.2894723 0.1336181 0.1721208 0.0732514 0.1260097 0.1243308 0.1145373 0.0765008 0.0913727 0.0000000 0.0659567 0.0578877 0.1330718 0.1282094 0.0961999 0.0860152 0.0665409 0.0827035 0.0951590 0.0981473 0.0933746 0.1337317 0.0854305 0.0976579 0.0793479 0.0818302 0.0976895 0.1363705 0.0583578 0.1098880 0.0673652 0.1343199 0.0840210 0.1600296 0.1702033 0.1971412 0.2055880 0.1361494 0.0979367 0.2069482 0.0918175 0.0984013 0.1386150 0.0411392 0.1792135 0.1120349 0.1148827 0.1353618 0.0734886 0.0976787 0.1974077 0.1541993 0.0876775 
Perityle_gracilis_11                       0.1701660 0.1203048 0.1766005 0.2798826 0.1952786 0.1378797 0.3182067 0.2578867 0.3373205 0.1503095 0.1735784 0.0875425 0.0088138 0.0173410 0.0604560 0.0676587 0.0658361 0.1998811 0.0564092 0.0783103 0.0279223 0.0255138 0.0369736 0.0186513 0.0117784 0.0109246 0.0322740 0.0653945 0.1029660 0.1643222 0.0722239 0.1582168 0.2504859 0.0846648 0.1159361 0.0790571 0.0838564 0.1028585 0.0677308 0.0212454 0.0164822 0.0659567 0.0000000 0.0665651 0.0807334 0.0840736 0.0092321 0.0092312 0.0725440 0.0092669 0.0088447 0.0075430 0.0331549 0.0836981 0.0742094 0.0724254 0.0236976 0.0111626 0.0117633 0.1225998 0.0361688 0.1086426 0.0308022 0.0865081 0.0787011 0.0875164 0.1350240 0.1452287 0.2065622 0.0905264 0.0177795 0.1594819 0.0413377 0.0089615 0.0958611 0.0041270 0.1332181 0.0843048 0.1087120 0.0969114 0.0670108 0.0105002 0.1536178 0.0841021 0.0316855 
Perityle_harkerae_31                       0.1812644 0.1259073 0.1813526 0.2714156 0.1965706 0.1348087 0.3169331 0.2569074 0.3058213 0.1573176 0.1422951 0.1122107 0.0708693 0.0796381 0.0729165 0.0933886 0.0718407 0.2005273 0.0604397 0.0834616 0.0717199 0.0847506 0.0485064 0.0797274 0.0728701 0.0728475 0.0788375 0.0923791 0.0809643 0.1634251 0.0796795 0.1541372 0.2532296 0.1089772 0.1453622 0.0218641 0.1018164 0.0861936 0.0913266 0.0733024 0.0786164 0.0578877 0.0665651 0.0000000 0.0866520 0.1053044 0.0718676 0.0718390 0.0320643 0.0664135 0.0721500 0.0713092 0.0811318 0.1065048 0.0734168 0.1017871 0.0676280 0.0687055 0.0728418 0.1088532 0.0364216 0.1006778 0.0606200 0.1117202 0.0760803 0.1297065 0.1345211 0.1501052 0.1981540 0.1148652 0.0801838 0.1688044 0.0713071 0.0723703 0.1107654 0.0243295 0.1496032 0.0732754 0.0861191 0.1165998 0.0694515 0.0728710 0.1718961 0.0971044 0.0791603 
