84
Amauria_brandeegeana_62                    0.0000000 0.0600326 0.2942738 0.3875562 0.3310538 0.3115325 0.3894635 0.2192251 0.4986983 0.3289073 0.3243991 0.3249920 0.3632823 0.3387856 0.1770436 0.3264942 0.2711419 0.3753958 0.2305454 0.3427957 0.3493307 0.3264009 0.1030264 0.3496048 0.3485586 0.3338371 0.2437583 0.3359198 0.3788977 0.2498722 0.1087733 0.3872290 0.3082989 0.3360422 0.2159234 0.4298830 0.2626930 0.3299011 0.3532445 0.3253249 0.2902157 0.3496603 0.2280847 0.3344713 0.2613562 0.3298487 0.3438907 0.3342739 0.3510140 0.1449258 0.3480533 0.3204987 0.3437154 0.3700967 0.2971407 0.1451080 0.1960035 0.2234470 0.3318453 0.3278069 0.4059070 0.1034333 0.3439605 0.1763491 0.3475252 0.3982920 0.3693937 0.1778117 0.3279305 0.3464840 0.3859980 0.3273484 0.3313400 0.2303835 0.1755927 0.2977851 0.3209649 0.3165866 0.3535052 0.1985352 0.3337446 0.3558502 0.2293704 0.2558467 
Amauria_carterae_99_mesa                   0.0600326 0.0000000 0.2409958 0.2423520 0.1957747 0.2077141 0.2416396 0.2167154 0.2965531 0.1777816 0.1764145 0.1865707 0.1913780 0.1942027 0.1739387 0.1883567 0.1596162 0.1960115 0.1971448 0.1912247 0.1864790 0.1847767 0.0978429 0.1914745 0.1830909 0.1867846 0.1935645 0.1912101 0.1887426 0.1712713 0.1236723 0.1964681 0.1929927 0.1775633 0.1644271 0.2145088 0.1324530 0.1729093 0.1886350 0.1938635 0.1963604 0.1799270 0.1249520 0.1775196 0.1300619 0.1944154 0.1926979 0.1870994 0.1858626 0.1302737 0.1909773 0.1849341 0.1916400 0.1890463 0.1866121 0.1269681 0.1816673 0.1871196 0.1869873 0.1778506 0.1957361 0.1118104 0.1867172 0.1664184 0.1731246 0.1861734 0.1912026 0.1310965 0.1774641 0.1938090 0.2119057 0.1784160 0.1822784 0.1742319 0.1695444 0.1400849 0.1851558 0.1753483 0.1825869 0.1621256 0.1753188 0.2140701 0.2123080 0.1948700 
Amauria_rotundifolia_SRR9119150            0.2942738 0.2409958 0.0000000 0.2996728 0.2065079 0.2308831 0.2881881 0.2424922 0.4538645 0.2133904 0.2121687 0.3303850 0.3216137 0.3155518 0.1981462 0.2291582 0.2920594 0.3311470 0.2352585 0.3102584 0.3183134 0.3027551 0.1362210 0.3263816 0.2866271 0.3041476 0.2680290 0.2264680 0.3495403 0.2000841 0.1131450 0.2632541 0.2388052 0.1964866 0.2439843 0.2981988 0.2444836 0.3196734 0.2914187 0.2276310 0.3031901 0.3211932 0.2414878 0.2971297 0.2411122 0.1952106 0.3135578 0.3201178 0.3030117 0.2542197 0.3257706 0.2988294 0.3251850 0.3313591 0.3220597 0.1441030 0.2159010 0.2508321 0.3017750 0.3060527 0.3249176 0.1260934 0.2152754 0.1896601 0.3174994 0.3269680 0.3239090 0.2445579 0.3069653 0.3270420 0.2593380 0.3044735 0.3091239 0.2680717 0.1559958 0.2444439 0.2238378 0.3079931 0.3356959 0.2309820 0.3099129 0.2387486 0.2285779 0.2848799 
Conoclinium_coelestinum_SRR9119114         0.3875562 0.2423520 0.2996728 0.0000000 0.2560224 0.2320695 0.2511911 0.2246414 0.4732976 0.2368403 0.2647046 0.3808195 0.3874065 0.3787986 0.2482180 0.2502772 0.3202487 0.3312291 0.2806358 0.3745094 0.3623125 0.3642046 0.1320545 0.3848466 0.3378236 0.3615149 0.2862016 0.2702990 0.3750223 0.2032364 0.1352887 0.2939844 0.2563589 0.2100000 0.2480152 0.3118397 0.2871447 0.3835371 0.3776404 0.2722014 0.3285857 0.3805760 0.2647006 0.3459245 0.2547278 0.2497073 0.3932269 0.3725922 0.3586151 0.2855410 0.3857292 0.3598663 0.3773803 0.3830899 0.3384786 0.1978436 0.2661513 0.2563180 0.3724264 0.3681216 0.3631811 0.1630170 0.2763750 0.1908010 0.3857678 0.3711192 0.3844336 0.2987884 0.3680517 0.3817408 0.2852212 0.3665517 0.3661046 0.2855328 0.1851060 0.3080249 0.2711239 0.3687544 0.3862178 0.2770907 0.3801095 0.2806174 0.2451837 0.2803243 
Eutetras_palmeri_63                        0.3310538 0.1957747 0.2065079 0.2560224 0.0000000 0.0383674 0.2387395 0.1919450 0.4249734 0.1282177 0.1310742 0.3077990 0.3225708 0.3087177 0.1733036 0.1489731 0.2504500 0.2954887 0.2239500 0.3000750 0.2984966 0.2908817 0.0891987 0.3060124 0.2828449 0.3005184 0.2201194 0.2149251 0.3315212 0.1147196 0.0863868 0.1593718 0.1364244 0.1061786 0.1632556 0.2031840 0.2175848 0.3150575 0.3027587 0.1583505 0.2519953 0.3025915 0.2095569 0.2898859 0.2002988 0.1758788 0.3321619 0.3030190 0.2994996 0.2184427 0.3178330 0.2932878 0.3109665 0.3186188 0.2723640 0.1316359 0.2130758 0.1998321 0.2986824 0.2983866 0.3162504 0.1138481 0.1796921 0.1200393 0.3195293 0.3204742 0.3118420 0.2346133 0.3071952 0.3035958 0.1647682 0.2986960 0.3059843 0.2295703 0.1413521 0.2133627 0.1843780 0.2866740 0.3234047 0.2047665 0.3001238 0.1490499 0.1797230 0.2627373 
Eutetras_pringlei_149_quer                 0.3115325 0.2077141 0.2308831 0.2320695 0.0383674 0.0000000 0.2100248 0.1949357 0.3261899 0.1357864 0.1286489 0.2746174 0.2796198 0.2612304 0.1841954 0.1284413 0.2338236 0.2763235 0.2273353 0.2744603 0.2578139 0.2636932 0.1106905 0.2657330 0.2441167 0.2593030 0.1965309 0.2088356 0.2066874 0.1257726 0.1025191 0.1205928 0.1321217 0.1358591 0.1824684 0.1472431 0.2331210 0.2899979 0.2885144 0.1363832 0.2468517 0.2572754 0.2307347 0.2540032 0.2266213 0.1809676 0.2830502 0.2614104 0.2679087 0.2312580 0.2732686 0.2371457 0.2615200 0.2667869 0.2626041 0.1104539 0.2171737 0.2073466 0.2451401 0.2487518 0.2042534 0.1211729 0.1883361 0.1370878 0.2620552 0.1976181 0.2622724 0.2310632 0.2683482 0.2667944 0.1557436 0.2520657 0.2572975 0.2079312 0.1393774 0.2240203 0.2084512 0.2559051 0.2744081 0.2023729 0.2508433 0.1487505 0.1791265 0.1920042 
Eutrochium_fistulosum_SRR9119106           0.3894635 0.2416396 0.2881881 0.2511911 0.2387395 0.2100248 0.0000000 0.1769379 0.4712911 0.2170526 0.2378755 0.3612635 0.3992512 0.3715583 0.2219277 0.2557338 0.3032299 0.3488759 0.2741864 0.3524659 0.3512307 0.3479376 0.1435458 0.3746365 0.3357488 0.3664252 0.2773140 0.2474954 0.3558240 0.1896637 0.1280900 0.2578645 0.2440608 0.1924102 0.2270767 0.2935665 0.2738577 0.3707504 0.3620117 0.2598296 0.3116501 0.3760278 0.2436290 0.3359361 0.2357653 0.2316377 0.3859905 0.3718195 0.3512930 0.2753833 0.3810023 0.3651238 0.3705005 0.3831032 0.3381842 0.2176010 0.2410265 0.2412612 0.3707189 0.3627782 0.3303955 0.1389308 0.2480107 0.1754665 0.3748954 0.3313207 0.3827007 0.3081108 0.3736468 0.3788716 0.2611483 0.3663699 0.3751863 0.2899305 0.1989787 0.2832837 0.2659374 0.3691792 0.3917377 0.2346394 0.3832717 0.2626577 0.2587701 0.2711367 
Galeana_pratensis_104_mex                  0.2192251 0.2167154 0.2424922 0.2246414 0.1919450 0.1949357 0.1769379 0.0000000 0.2441074 0.1823563 0.1834571 0.1908026 0.1887250 0.1935329 0.1649460 0.2016322 0.1675704 0.2006057 0.2007766 0.1735706 0.1819890 0.1618352 0.1306815 0.1825958 0.1647128 0.1821417 0.1920545 0.2043852 0.2348307 0.1529753 0.1218672 0.2063398 0.2174405 0.1711868 0.1589422 0.1955351 0.2266776 0.2156066 0.2024436 0.2063390 0.1870634 0.1781477 0.1990926 0.1495842 0.1943981 0.2128322 0.2013665 0.1802089 0.1642377 0.2192118 0.1804772 0.1954390 0.1889719 0.1922199 0.1911348 0.1822206 0.1997190 0.1672602 0.1823301 0.1758156 0.2410022 0.1705304 0.2052529 0.1595701 0.1797800 0.2364643 0.1944786 0.2313406 0.1798185 0.1848088 0.1959746 0.1832762 0.1821321 0.1842404 0.1732882 0.2356383 0.2255358 0.1885857 0.1911741 0.1952190 0.1891437 0.2030701 0.1933579 0.1890079 
Helianthus_annuus_SRR9119062               0.4986983 0.2965531 0.4538645 0.4732976 0.4249734 0.3261899 0.4712911 0.2441074 0.0000000 0.4363994 0.4444327 0.4387840 0.4251815 0.4234762 0.2580662 0.4168176 0.3948279 0.3688770 0.2906317 0.3592292 0.4299833 0.3620149 0.1713108 0.4348810 0.3474017 0.3992941 0.3452190 0.4317010 0.4970749 0.3177683 0.1779536 0.4909291 0.4506607 0.3808042 0.2752787 0.4659148 0.4699582 0.4224669 0.4680747 0.4244320 0.4175070 0.4256868 0.3864440 0.3402336 0.4195664 0.4390396 0.4375898 0.4138461 0.3546056 0.3755804 0.4267673 0.4199947 0.4342595 0.4256174 0.4076486 0.3163861 0.3090650 0.2820062 0.4053033 0.4304567 0.5116016 0.1950591 0.4355702 0.2202164 0.4401883 0.5114714 0.4213018 0.4230325 0.4251533 0.4358619 0.4376600 0.4171994 0.4192607 0.3924121 0.2074428 0.4825092 0.4681086 0.4428458 0.4366646 0.2989252 0.4192513 0.4395330 0.3546192 0.3679635 
Lycapsus_tenuifolius_17                    0.3289073 0.1777816 0.2133904 0.2368403 0.1282177 0.1357864 0.2170526 0.1823563 0.4363994 0.0000000 0.1305659 0.2830061 0.3067705 0.3008714 0.1577673 0.1380338 0.2402188 0.2668823 0.1853208 0.2817183 0.2850813 0.2736256 0.0929790 0.2931720 0.2774195 0.2794978 0.2075866 0.1904888 0.2898573 0.0732281 0.0322972 0.1583814 0.1325530 0.0012357 0.1686278 0.1424513 0.2040946 0.2959222 0.2740436 0.1576989 0.2444451 0.2898228 0.1891942 0.2736900 0.1889484 0.1557835 0.2990082 0.2913816 0.2758947 0.2109171 0.3067405 0.2724262 0.2997887 0.3071717 0.2556803 0.1363067 0.1870356 0.1853260 0.2861594 0.2867768 0.2745776 0.1085578 0.1909934 0.1119289 0.2922921 0.2778591 0.2985083 0.2381627 0.2857823 0.2956101 0.1152254 0.2871735 0.2915529 0.2146958 0.1223822 0.2214891 0.1653337 0.2751857 0.3003315 0.1732526 0.2926024 0.1146327 0.1741912 0.2257919 
Pericome_caudata_50_silver                 0.3243991 0.1764145 0.2121687 0.2647046 0.1310742 0.1286489 0.2378755 0.1834571 0.4444327 0.1305659 0.0000000 0.3298699 0.3431243 0.3292440 0.1842786 0.1333896 0.2659773 0.2957656 0.2086807 0.3161815 0.3140013 0.2971961 0.0911783 0.3293308 0.2999074 0.3195931 0.2381356 0.2081380 0.3328392 0.0924648 0.0704177 0.1668677 0.1396827 0.1036323 0.1894328 0.2069175 0.2252134 0.3177699 0.3110875 0.1590753 0.2810535 0.3261423 0.2121508 0.3021156 0.2016317 0.1819421 0.3441403 0.3256784 0.3118642 0.2318558 0.3351189 0.3049853 0.3351864 0.3364490 0.2986988 0.1389141 0.2004586 0.2058759 0.3167737 0.3158101 0.3143028 0.1031681 0.1879911 0.1192656 0.3374379 0.3112449 0.3293573 0.2417475 0.3204409 0.3319587 0.1695184 0.3186433 0.3218729 0.2550060 0.1373271 0.2101822 0.1943247 0.3057345 0.3436270 0.1832113 0.3215705 0.1459080 0.2091297 0.2676033 
Perityle_aglossa_84_dead_horse             0.3249920 0.1865707 0.3303850 0.3808195 0.3077990 0.2746174 0.3612635 0.1908026 0.4387840 0.2830061 0.3298699 0.0000000 0.0666775 0.0620129 0.0275888 0.2092006 0.0486702 0.1415838 0.2023730 0.0476182 0.0687749 0.0527690 0.0424417 0.0547273 0.0599024 0.0491624 0.0472016 0.2172273 0.3292263 0.2096808 0.0789639 0.3425649 0.3012854 0.2595617 0.0268349 0.3500644 0.3419824 0.1904235 0.2999362 0.2175532 0.0554894 0.0498619 0.3010613 0.0477515 0.3147634 0.3164521 0.0517844 0.0502832 0.0373826 0.2409951 0.0501559 0.0589803 0.0608124 0.0571511 0.0404586 0.1541891 0.1164363 0.0464495 0.0641707 0.0523945 0.3775495 0.0944443 0.2695748 0.0351609 0.0210325 0.3586314 0.0546467 0.2802483 0.0446200 0.0534576 0.3173730 0.0630489 0.0584157 0.0421789 0.0384873 0.3517901 0.3245748 0.0512226 0.0353389 0.1835619 0.0648436 0.3133088 0.1580911 0.1395689 
Perityle_ajoensis_204                      0.3632823 0.1913780 0.3216137 0.3874065 0.3225708 0.2796198 0.3992512 0.1887250 0.4251815 0.3067705 0.3431243 0.0666775 0.0000000 0.0861195 0.0259482 0.2335977 0.0361989 0.1816851 0.2027919 0.0838611 0.0856553 0.0848611 0.0378388 0.0765661 0.1208185 0.0804144 0.0333519 0.2424484 0.3283626 0.2158166 0.0768032 0.3629077 0.2898126 0.2856124 0.0268536 0.3736053 0.3447734 0.1862161 0.2989621 0.2139657 0.0393875 0.0739989 0.3084313 0.0921720 0.3403743 0.3322244 0.0885066 0.0832523 0.0757174 0.2352029 0.0780140 0.0860675 0.0861111 0.0825308 0.0342279 0.1594687 0.1163569 0.0477974 0.0813201 0.0807087 0.3793665 0.0891400 0.2803025 0.0311863 0.0858875 0.3592452 0.0776095 0.2657161 0.0644417 0.0740896 0.3518220 0.0815017 0.0743741 0.0408573 0.0431217 0.3629105 0.3475766 0.0655255 0.0915608 0.1855715 0.0796215 0.3327775 0.1478007 0.1301433 
Perityle_ambrosiifolia_67_green            0.3387856 0.1942027 0.3155518 0.3787986 0.3087177 0.2612304 0.3715583 0.1935329 0.4234762 0.3008714 0.3292440 0.0620129 0.0861195 0.0000000 0.0326342 0.2239328 0.0450403 0.1923262 0.2094461 0.0566743 0.0916769 0.0265230 0.0332786 0.0511332 0.0788220 0.0252132 0.0472341 0.2246861 0.3277099 0.2080485 0.0833431 0.3438667 0.2810190 0.2792387 0.0287185 0.3536935 0.3413951 0.1814344 0.3201604 0.2077143 0.0481269 0.0466155 0.2983498 0.0247260 0.3263370 0.3227028 0.0692576 0.0280082 0.0474540 0.2394602 0.0513160 0.0607475 0.0288670 0.0675727 0.0482229 0.1573648 0.1149872 0.0576807 0.0358922 0.0260802 0.3642711 0.0916282 0.2687842 0.0352113 0.0545713 0.3476983 0.0604166 0.2663611 0.0528270 0.0444163 0.3291485 0.0325797 0.0255538 0.0450593 0.0447479 0.3509043 0.3302025 0.0525384 0.0643844 0.1812827 0.0311901 0.3107644 0.1560412 0.1303800 
Perityle_angustifolia_13_Eagle_creek       0.1770436 0.1739387 0.1981462 0.2482180 0.1733036 0.1841954 0.2219277 0.1649460 0.2580662 0.1577673 0.1842786 0.0275888 0.0259482 0.0326342 0.0000000 0.1128118 0.0216079 0.1173599 0.1775163 0.0268479 0.0292845 0.0226794 0.0316725 0.0310127 0.0445481 0.0226540 0.0352774 0.1190784 0.1928777 0.1548690 0.0847969 0.1772573 0.1569393 0.1557925 0.0206356 0.1646540 0.1907096 0.1216495 0.1733638 0.1165140 0.0309825 0.0177526 0.1709099 0.0234875 0.1786126 0.1760186 0.0326585 0.0210252 0.0233566 0.1824689 0.0276133 0.0259587 0.0276082 0.0318509 0.0161825 0.0998027 0.1143083 0.0324028 0.0226721 0.0178685 0.2049398 0.0866661 0.1006772 0.0317523 0.0210159 0.1854208 0.0301278 0.1932341 0.0259999 0.0309582 0.1729650 0.0214971 0.0210226 0.0262030 0.0296058 0.2065971 0.1821217 0.0242821 0.0276329 0.1789009 0.0195351 0.1707334 0.0976893 0.0793910 
Perityle_batopilensis_97                   0.3264942 0.1883567 0.2291582 0.2502772 0.1489731 0.1284413 0.2557338 0.2016322 0.4168176 0.1380338 0.1333896 0.2092006 0.2335977 0.2239328 0.1128118 0.0000000 0.1585261 0.2838667 0.2023664 0.2482090 0.2130075 0.2346093 0.0505353 0.2244677 0.2340872 0.2160532 0.1406988 0.1211586 0.2688405 0.0934203 0.0873323 0.1685534 0.1407552 0.1072669 0.1401086 0.1724616 0.2280675 0.2093578 0.3170221 0.0308937 0.1771225 0.2166083 0.1999935 0.2362092 0.1971096 0.1916242 0.2209743 0.2183700 0.2384046 0.2380894 0.2323967 0.1901317 0.2226464 0.2328068 0.1899397 0.1551807 0.1296806 0.1388003 0.2041921 0.2148088 0.2467333 0.0805916 0.1985503 0.0832130 0.2139926 0.2480396 0.2278225 0.2335373 0.2110238 0.2296518 0.1566364 0.2177222 0.2145992 0.1449453 0.0906843 0.2202584 0.1967887 0.2056865 0.2300185 0.1694326 0.2138912 0.1611771 0.1984085 0.1598011 
Perityle_bisetosa_9                        0.2711419 0.1596162 0.2920594 0.3202487 0.2504500 0.2338236 0.3032299 0.1675704 0.3948279 0.2402188 0.2659773 0.0486702 0.0361989 0.0450403 0.0216079 0.1585261 0.0000000 0.1368808 0.1712027 0.0378931 0.0372846 0.0408602 0.0310401 0.0386911 0.0450798 0.0408417 0.0425986 0.1705374 0.3125385 0.1983378 0.0811568 0.2838627 0.2532268 0.2061828 0.0164994 0.2906613 0.2932972 0.1476366 0.2419904 0.1611470 0.0401665 0.0373497 0.2528505 0.0378145 0.2623319 0.2576914 0.0505788 0.0436411 0.0299467 0.2165646 0.0338448 0.0426383 0.0462772 0.0496567 0.0316510 0.1470814 0.1080143 0.0359222 0.0456796 0.0460439 0.3385106 0.0892563 0.2168426 0.0219963 0.0398713 0.3274420 0.0469942 0.2392703 0.0238457 0.0374249 0.2629203 0.0470534 0.0387671 0.0390835 0.0224068 0.2859635 0.2725561 0.0349957 0.0445677 0.1631985 0.0465786 0.2566303 0.1470205 0.1288643 
Perityle_californica_76_positas            0.3753958 0.1960115 0.3311470 0.3312291 0.2954887 0.2763235 0.3488759 0.2006057 0.3688770 0.2668823 0.2957656 0.1415838 0.1816851 0.1923262 0.1173599 0.2838667 0.1368808 0.0000000 0.1982149 0.1846361 0.1799419 0.1848703 0.1145666 0.1750202 0.1787018 0.1851447 0.1365437 0.2903273 0.2745515 0.2243346 0.0891674 0.2639715 0.2554695 0.2644428 0.1226747 0.2873470 0.3309513 0.3008011 0.2860786 0.2767518 0.1396925 0.1782265 0.3140212 0.1783282 0.3239943 0.3071813 0.1889782 0.1871216 0.1806205 0.2473794 0.1770685 0.1628162 0.1905303 0.1813259 0.1431067 0.0972779 0.1892491 0.1469293 0.1850197 0.1813731 0.2979139 0.1181406 0.2253602 0.1208341 0.1713103 0.2830439 0.1809859 0.2567164 0.1715541 0.1730719 0.2846352 0.1878109 0.1831602 0.1320819 0.1357276 0.3259548 0.3001072 0.1578370 0.1780876 0.1962152 0.1871380 0.2827428 0.1104122 0.1180109 
Perityle_canescens_77                      0.2305454 0.1971448 0.2352585 0.2806358 0.2239500 0.2273353 0.2741864 0.2007766 0.2906317 0.1853208 0.2086807 0.2023730 0.2027919 0.2094461 0.1775163 0.2023664 0.1712027 0.1982149 0.0000000 0.2060395 0.1877539 0.2010918 0.1125142 0.1991605 0.2166583 0.1983748 0.2040445 0.2100939 0.1374009 0.1676773 0.0920678 0.2264138 0.1999703 0.1833251 0.2019601 0.2107331 0.2568325 0.2015705 0.1484698 0.2110501 0.1891964 0.1907761 0.2365233 0.1959184 0.2484049 0.1547616 0.2108360 0.1989052 0.2014333 0.2374783 0.1969526 0.2009892 0.2070075 0.2071986 0.1876932 0.0840214 0.1862707 0.1934685 0.1966523 0.1941505 0.1365927 0.0979377 0.2031895 0.1618528 0.1906299 0.1305266 0.2071121 0.2147465 0.1906366 0.1947453 0.2111319 0.1929245 0.1947225 0.1910336 0.1439060 0.2261545 0.0861360 0.1960844 0.1971649 0.1482254 0.1962222 0.2226573 0.1690604 0.1769578 
Perityle_castillonii_96                    0.3427957 0.1912247 0.3102584 0.3745094 0.3000750 0.2744603 0.3524659 0.1735706 0.3592292 0.2817183 0.3161815 0.0476182 0.0838611 0.0566743 0.0268479 0.2482090 0.0378931 0.1846361 0.2060395 0.0000000 0.0797303 0.0483293 0.0401650 0.0523023 0.0670556 0.0469017 0.0480734 0.2640097 0.2396128 0.2131610 0.0902438 0.2897425 0.2532200 0.2798844 0.0323908 0.2988811 0.3223372 0.2134683 0.3191468 0.2321202 0.0511801 0.0481310 0.2931476 0.0526411 0.3184477 0.3229878 0.0585727 0.0483112 0.0385460 0.2015828 0.0441638 0.0528683 0.0482880 0.0592432 0.0274072 0.1105532 0.1304275 0.0578632 0.0476095 0.0458115 0.2958831 0.0970524 0.2440576 0.0352128 0.0440160 0.2686849 0.0577434 0.2275773 0.0446849 0.0494646 0.3064478 0.0548870 0.0469178 0.0476415 0.0447585 0.3373837 0.3122072 0.0480902 0.0526865 0.1730139 0.0486119 0.2977919 0.0954741 0.0830184 
Perityle_cernua_84                         0.3493307 0.1864790 0.3183134 0.3623125 0.2984966 0.2578139 0.3512307 0.1819890 0.4299833 0.2850813 0.3140013 0.0687749 0.0856553 0.0916769 0.0292845 0.2130075 0.0372846 0.1799419 0.1877539 0.0797303 0.0000000 0.0935769 0.0401160 0.0830918 0.1100251 0.0888728 0.0484763 0.2120079 0.3147525 0.2044182 0.0810214 0.3314114 0.2802292 0.2593291 0.0323556 0.3370706 0.3336710 0.1844320 0.3159152 0.1945319 0.0441425 0.0758282 0.2880302 0.0901026 0.3077101 0.3179622 0.0927499 0.0940927 0.0822203 0.2393103 0.0810421 0.0931935 0.0891307 0.0904867 0.0441508 0.1560381 0.1127342 0.0432112 0.0905664 0.0850584 0.3585265 0.0864906 0.2664708 0.0371927 0.0854222 0.3398857 0.0854844 0.2668477 0.0768816 0.0830911 0.3166744 0.0919683 0.0821105 0.0408513 0.0524026 0.3388492 0.3145027 0.0758606 0.0922077 0.1749868 0.0886783 0.3065028 0.1598433 0.1381953 
Perityle_cfvillosa_25_tin                  0.3264009 0.1847767 0.3027551 0.3642046 0.2908817 0.2636932 0.3479376 0.1618352 0.3620149 0.2736256 0.2971961 0.0527690 0.0848611 0.0265230 0.0226794 0.2346093 0.0408602 0.1848703 0.2010918 0.0483293 0.0935769 0.0000000 0.0356036 0.0542858 0.0746652 0.0074830 0.0410994 0.2460983 0.2508264 0.2064341 0.0790342 0.2828244 0.2487095 0.2718825 0.0251105 0.2963101 0.3162667 0.2024763 0.3032016 0.2243432 0.0535024 0.0436130 0.2902161 0.0169931 0.3142156 0.3036794 0.0632783 0.0100024 0.0329582 0.2094858 0.0489447 0.0451902 0.0226772 0.0623855 0.0376874 0.1152309 0.1219852 0.0510850 0.0114306 0.0113119 0.3030482 0.0919149 0.2324824 0.0312472 0.0462727 0.2720592 0.0581995 0.2205353 0.0495809 0.0489370 0.3035593 0.0217605 0.0112559 0.0429067 0.0301578 0.3294060 0.3091724 0.0488303 0.0533505 0.1795851 0.0125920 0.2936861 0.0946717 0.0789050 
Perityle_cinerea_113_Powell1310            0.1030264 0.0978429 0.1362210 0.1320545 0.0891987 0.1106905 0.1435458 0.1306815 0.1713108 0.0929790 0.0911783 0.0424417 0.0378388 0.0332786 0.0316725 0.0505353 0.0310401 0.1145666 0.1125142 0.0401650 0.0401160 0.0356036 0.0000000 0.0356154 0.0420014 0.0355276 0.0416577 0.0518202 0.0928135 0.1127152 0.0940567 0.0998221 0.0806405 0.0903828 0.0341279 0.1128484 0.1119854 0.0225056 0.1034882 0.0586904 0.0402544 0.0356187 0.1018711 0.0355523 0.1017716 0.1091798 0.0432538 0.0332844 0.0401001 0.1019064 0.0424420 0.0378964 0.0424097 0.0369768 0.0355920 0.1076906 0.0447906 0.0363101 0.0332844 0.0333108 0.1001719 0.0847191 0.0838452 0.0386241 0.0333343 0.0828840 0.0369591 0.1216638 0.0332997 0.0333574 0.1130297 0.0246588 0.0310060 0.0313782 0.0333209 0.1215768 0.0974154 0.0356046 0.0425383 0.0756871 0.0332844 0.1102123 0.0964295 0.0899269 
Perityle_coahuilensis_24                   0.3496048 0.1914745 0.3263816 0.3848466 0.3060124 0.2657330 0.3746365 0.1825958 0.4348810 0.2931720 0.3293308 0.0547273 0.0765661 0.0511332 0.0310127 0.2244677 0.0386911 0.1750202 0.1991605 0.0523023 0.0830918 0.0542858 0.0356154 0.0000000 0.0642354 0.0539808 0.0486618 0.2225968 0.3173661 0.2047103 0.0790297 0.3440323 0.2781940 0.2724361 0.0269399 0.3485200 0.3449450 0.1870209 0.3150182 0.2081015 0.0152191 0.0387378 0.2985641 0.0478317 0.3282180 0.3272754 0.0621729 0.0573856 0.0488555 0.2340822 0.0400939 0.0573993 0.0523572 0.0591831 0.0506189 0.1539813 0.1081665 0.0528968 0.0575680 0.0521855 0.3603333 0.0813049 0.2736519 0.0392319 0.0499861 0.3476706 0.0532864 0.2654839 0.0437535 0.0116005 0.3256740 0.0588543 0.0533854 0.0450167 0.0466393 0.3546870 0.3344907 0.0490642 0.0571215 0.1724053 0.0594448 0.3112988 0.1601509 0.1338454 
Perityle_cochisensis_44_cave_creek         0.3485586 0.1830909 0.2866271 0.3378236 0.2828449 0.2441167 0.3357488 0.1647128 0.3474017 0.2774195 0.2999074 0.0599024 0.1208185 0.0788220 0.0445481 0.2340872 0.0450798 0.1787018 0.2166583 0.0670556 0.1100251 0.0746652 0.0420014 0.0642354 0.0000000 0.0755228 0.0593531 0.2527685 0.2528001 0.2204120 0.0854802 0.2866927 0.2163168 0.2748554 0.0369491 0.2976866 0.3124884 0.1907300 0.3211672 0.2196809 0.0566162 0.0641210 0.2869052 0.0675804 0.3177658 0.3193708 0.0805528 0.0755380 0.0722279 0.2237242 0.0543648 0.0498542 0.0755620 0.0743101 0.0557815 0.0991302 0.1345694 0.0700733 0.0700627 0.0657248 0.2622819 0.0802957 0.2056300 0.0376791 0.0527917 0.2381397 0.0724756 0.2602554 0.0501187 0.0625543 0.3040856 0.0783167 0.0738176 0.0509430 0.0493187 0.3311345 0.3240693 0.0600684 0.0676448 0.1789025 0.0789221 0.2928457 0.0920790 0.0827487 
Perityle_congesta_202                      0.3338371 0.1867846 0.3041476 0.3615149 0.3005184 0.2593030 0.3664252 0.1821417 0.3992941 0.2794978 0.3195931 0.0491624 0.0804144 0.0252132 0.0226540 0.2160532 0.0408417 0.1851447 0.1983748 0.0469017 0.0888728 0.0074830 0.0355276 0.0539808 0.0755228 0.0000000 0.0379133 0.2357072 0.2876021 0.2020512 0.0788741 0.3093642 0.2612981 0.2684677 0.0250794 0.3317515 0.3207217 0.1852676 0.3066982 0.2043140 0.0523132 0.0442648 0.2899871 0.0155272 0.3164807 0.3092787 0.0560195 0.0102250 0.0299881 0.2276353 0.0517117 0.0444502 0.0228815 0.0577818 0.0355041 0.1447175 0.1164929 0.0510282 0.0115304 0.0091100 0.3307578 0.0916914 0.2439303 0.0291937 0.0430719 0.3067163 0.0526731 0.2421824 0.0484792 0.0491246 0.3275411 0.0173554 0.0079282 0.0456504 0.0301065 0.3427864 0.3136412 0.0444155 0.0555623 0.1748873 0.0114230 0.3067004 0.1217346 0.0806877 
Perityle_cordifolia_27                     0.2437583 0.1935645 0.2680290 0.2862016 0.2201194 0.1965309 0.2773140 0.1920545 0.3452190 0.2075866 0.2381356 0.0472016 0.0333519 0.0472341 0.0352774 0.1406988 0.0425986 0.1365437 0.2040445 0.0480734 0.0484763 0.0410994 0.0416577 0.0486618 0.0593531 0.0379133 0.0000000 0.1450643 0.2929505 0.1718816 0.0863901 0.2657904 0.2304600 0.1771134 0.0371639 0.2640239 0.2556637 0.1392156 0.2273064 0.1381038 0.0458175 0.0442815 0.2229597 0.0380624 0.2255263 0.2313465 0.0549708 0.0410333 0.0345526 0.2300925 0.0488899 0.0457160 0.0514015 0.0105134 0.0409521 0.1651612 0.1286500 0.0414618 0.0486462 0.0437372 0.3003731 0.0987983 0.1808154 0.0097668 0.0485653 0.2896115 0.0105099 0.2697056 0.0375218 0.0499844 0.2308996 0.0452428 0.0402466 0.0410858 0.0320408 0.2587001 0.2505981 0.0430466 0.0539655 0.2007748 0.0433030 0.2296487 0.1507909 0.1441867 
Perityle_cordifolia_68_tecolote            0.3359198 0.1912101 0.2264680 0.2702990 0.2149251 0.2088356 0.2474954 0.2043852 0.4317010 0.1904888 0.2081380 0.2172273 0.2424484 0.2246861 0.1190784 0.1211586 0.1705374 0.2903273 0.2100939 0.2640097 0.2120079 0.2460983 0.0518202 0.2225968 0.2527685 0.2357072 0.1450643 0.0000000 0.2729278 0.1778506 0.0947259 0.2415603 0.2223267 0.1601557 0.1431825 0.2574192 0.2377543 0.2015194 0.3343119 0.1197377 0.1695606 0.2187888 0.2092166 0.2561522 0.2072539 0.1930812 0.2364134 0.2364418 0.2604186 0.2478227 0.2334882 0.2063819 0.2261566 0.2435665 0.2016136 0.1483512 0.0104929 0.1546554 0.2173640 0.2238624 0.2611423 0.0950103 0.1997671 0.1034860 0.2271799 0.2555840 0.2359241 0.2716621 0.2150971 0.2225681 0.2237699 0.2228766 0.2186506 0.1489276 0.1080006 0.2434725 0.2054793 0.2043256 0.2413156 0.1778521 0.2247667 0.2264411 0.2143725 0.1894241 
Perityle_coronopifolia_28_patagonia        0.3788977 0.1887426 0.3495403 0.3750223 0.3315212 0.2066874 0.3558240 0.2348307 0.4970749 0.2898573 0.3328392 0.3292263 0.3283626 0.3277099 0.1928777 0.2688405 0.3125385 0.2745515 0.1374009 0.2396128 0.3147525 0.2508264 0.0928135 0.3173661 0.2528001 0.2876021 0.2929505 0.2729278 0.0000000 0.1887330 0.0993204 0.3631401 0.3076434 0.2046690 0.1978813 0.3440594 0.3150202 0.3496332 0.2984384 0.2837021 0.3264061 0.3169402 0.2282566 0.2246997 0.2505195 0.2370756 0.3467510 0.3096149 0.2331763 0.3040871 0.3209111 0.3254073 0.3265132 0.3117735 0.3078644 0.1922192 0.2292398 0.2155781 0.3193515 0.3171307 0.0786274 0.0561681 0.2948198 0.1482020 0.3220468 0.0458415 0.3134698 0.3773659 0.3228192 0.3164985 0.2875622 0.3204456 0.3149720 0.2951094 0.1374063 0.3419892 0.2322793 0.3252924 0.2976282 0.1008989 0.3185763 0.3354144 0.3166820 0.2794646 
Perityle_crassifolia_70_ventanas           0.2498722 0.1712713 0.2000841 0.2032364 0.1147196 0.1257726 0.1896637 0.1529753 0.3177683 0.0732281 0.0924648 0.2096808 0.2158166 0.2080485 0.1548690 0.0934203 0.1983378 0.2243346 0.1676773 0.2131610 0.2044182 0.2064341 0.1127152 0.2047103 0.2204120 0.2020512 0.1718816 0.1778506 0.1887330 0.0000000 0.0569198 0.1054600 0.0999344 0.0714510 0.1697640 0.0346952 0.2255194 0.2457331 0.2381429 0.1040259 0.2137300 0.2020229 0.2166707 0.1999138 0.2208098 0.1611459 0.2253502 0.2063155 0.2109165 0.2192815 0.2137127 0.1820835 0.2081417 0.2111948 0.2094806 0.0962284 0.1769090 0.1784839 0.1871558 0.1980395 0.1864218 0.1206088 0.1579803 0.1118862 0.2073581 0.1785135 0.2066535 0.2183158 0.2068657 0.2053833 0.0461311 0.2014368 0.2000069 0.1798697 0.1040497 0.1836980 0.1761059 0.2032158 0.2107088 0.1575200 0.1963933 0.0379534 0.1427514 0.1390473 
Perityle_crassifolia_74_playa_balandra     0.1087733 0.1236723 0.1131450 0.1352887 0.0863868 0.1025191 0.1280900 0.1218672 0.1779536 0.0322972 0.0704177 0.0789639 0.0768032 0.0833431 0.0847969 0.0873323 0.0811568 0.0891674 0.0920678 0.0902438 0.0810214 0.0790342 0.0940567 0.0790297 0.0854802 0.0788741 0.0863901 0.0947259 0.0993204 0.0569198 0.0000000 0.0832419 0.0969733 0.0302575 0.0786256 0.0573761 0.1124559 0.0907639 0.0811100 0.1031926 0.0834323 0.0767806 0.1020986 0.0767905 0.1053304 0.0882231 0.0983903 0.0767488 0.0833760 0.1054576 0.0810721 0.0856581 0.0832161 0.0795047 0.0789682 0.1125456 0.0879070 0.0825821 0.0789569 0.0706834 0.1059325 0.1142408 0.0869760 0.0779942 0.0745403 0.0969203 0.0794680 0.1117910 0.0768078 0.0812201 0.0575073 0.0774092 0.0746009 0.0821134 0.0774664 0.1185162 0.0876878 0.0788840 0.0812600 0.0880074 0.0729040 0.0680758 0.0840859 0.0900999 
Perityle_cuneata_34_cuneata_San_antonio    0.3872290 0.1964681 0.2632541 0.2939844 0.1593718 0.1205928 0.2578645 0.2063398 0.4909291 0.1583814 0.1668677 0.3425649 0.3629077 0.3438667 0.1772573 0.1685534 0.2838627 0.2639715 0.2264138 0.2897425 0.3314114 0.2828244 0.0998221 0.3440323 0.2866927 0.3093642 0.2657904 0.2415603 0.3631401 0.1054600 0.0832419 0.0000000 0.1798892 0.1103217 0.1746361 0.2290529 0.2547472 0.3572230 0.3402051 0.1888581 0.3036030 0.3416924 0.2134733 0.2836574 0.2141491 0.2204246 0.3620952 0.3338452 0.2893443 0.2463335 0.3579187 0.3226286 0.3462856 0.3560727 0.2910698 0.1784703 0.2243020 0.2043945 0.3266759 0.3250406 0.3361121 0.1166819 0.2296262 0.1274334 0.3465302 0.3365034 0.3504636 0.3141024 0.3355865 0.3517058 0.1829359 0.3311516 0.3311876 0.2533333 0.1448500 0.2769282 0.2457844 0.3167485 0.3463997 0.2032958 0.3325462 0.1908940 0.2424434 0.2640589 
Perityle_cuneata_4                         0.3082989 0.1929927 0.2388052 0.2563589 0.1364244 0.1321217 0.2440608 0.2174405 0.4506607 0.1325530 0.1396827 0.3012854 0.2898126 0.2810190 0.1569393 0.1407552 0.2532268 0.2554695 0.1999703 0.2532200 0.2802292 0.2487095 0.0806405 0.2781940 0.2163168 0.2612981 0.2304600 0.2223267 0.3076434 0.0999344 0.0969733 0.1798892 0.0000000 0.0999031 0.1614020 0.1931844 0.2579339 0.2940688 0.2872117 0.1551848 0.2612773 0.2764667 0.2368722 0.2369731 0.2421922 0.1966304 0.3049338 0.2774354 0.2429813 0.2554778 0.2868165 0.2492138 0.2857926 0.2936741 0.2667702 0.1321514 0.1926875 0.1781587 0.2700385 0.2651096 0.2898282 0.0794859 0.1904768 0.1033528 0.2940839 0.2844920 0.2885029 0.2472169 0.2769463 0.2806192 0.1512458 0.2687775 0.2707633 0.2253956 0.0963457 0.2380596 0.2047610 0.2657370 0.2817513 0.1798307 0.2745217 0.1172112 0.2000305 0.2631104 
Perityle_discoidea_81                      0.3360422 0.1775633 0.1964866 0.2100000 0.1061786 0.1358591 0.1924102 0.1711868 0.3808042 0.0012357 0.1036323 0.2595617 0.2856124 0.2792387 0.1557925 0.1072669 0.2061828 0.2644428 0.1833251 0.2798844 0.2593291 0.2718825 0.0903828 0.2724361 0.2748554 0.2684677 0.1771134 0.1601557 0.2046690 0.0714510 0.0302575 0.1103217 0.0999031 0.0000000 0.1660873 0.0868481 0.1880019 0.2657836 0.2620938 0.1112398 0.2167843 0.2685171 0.1874499 0.2718961 0.1873802 0.1340641 0.2846993 0.2723493 0.2741053 0.1917777 0.2844069 0.2484482 0.2774681 0.2873543 0.2320203 0.1109350 0.1752762 0.1833484 0.2561510 0.2647239 0.1968926 0.1086525 0.1566355 0.1094708 0.2711134 0.1882175 0.2815369 0.2099632 0.2603322 0.2750904 0.0923750 0.2666226 0.2685740 0.1861634 0.1203160 0.1905127 0.1457352 0.2553703 0.2834536 0.1711910 0.2655056 0.0828008 0.1367634 0.1472590 
Perityle_dissecta_201                      0.2159234 0.1644271 0.2439843 0.2480152 0.1632556 0.1824684 0.2270767 0.1589422 0.2752787 0.1686278 0.1894328 0.0268349 0.0268536 0.0287185 0.0206356 0.1401086 0.0164994 0.1226747 0.2019601 0.0323908 0.0323556 0.0251105 0.0341279 0.0269399 0.0369491 0.0250794 0.0371639 0.1431825 0.1978813 0.1697640 0.0786256 0.1746361 0.1614020 0.1660873 0.0000000 0.1864466 0.2146060 0.1581043 0.2019417 0.1416308 0.0306107 0.0178064 0.2049641 0.0179018 0.2030971 0.2034533 0.0404333 0.0269219 0.0250783 0.2015952 0.0196571 0.0268655 0.0250936 0.0333868 0.0233539 0.0874125 0.1210367 0.0311570 0.0232749 0.0178388 0.2139199 0.0750937 0.0948372 0.0328438 0.0214268 0.1903624 0.0314778 0.2355410 0.0250826 0.0287134 0.1955103 0.0254899 0.0232413 0.0216004 0.0350680 0.2260321 0.2077954 0.0178454 0.0289569 0.1705932 0.0269253 0.1839958 0.0817739 0.0748838 
Perityle_emoryi_47_punta_san_jose          0.4298830 0.2145088 0.2981988 0.3118397 0.2031840 0.1472431 0.2935665 0.1955351 0.4659148 0.1424513 0.2069175 0.3500644 0.3736053 0.3536935 0.1646540 0.1724616 0.2906613 0.2873470 0.2107331 0.2988811 0.3370706 0.2963101 0.1128484 0.3485200 0.2976866 0.3317515 0.2640239 0.2574192 0.3440594 0.0346952 0.0573761 0.2290529 0.1931844 0.0868481 0.1864466 0.0000000 0.2753741 0.3595961 0.3799631 0.1934617 0.3027217 0.3491567 0.2191060 0.2891612 0.2208038 0.2498976 0.3652699 0.3410587 0.3000507 0.2783165 0.3547848 0.3182019 0.3571229 0.3664801 0.3062055 0.2000224 0.2352064 0.1954915 0.3309228 0.3471827 0.3266372 0.1168680 0.2683673 0.1324066 0.3603046 0.3197819 0.3624350 0.3152124 0.3437623 0.3527728 0.0174534 0.3575853 0.3434266 0.2549637 0.1452120 0.2711086 0.2622668 0.3274745 0.3504106 0.1994242 0.3423369 0.0905745 0.2631704 0.2795437 
Perityle_feddemae_99                       0.2626930 0.1324530 0.2444836 0.2871447 0.2175848 0.2331210 0.2738577 0.2266776 0.4699582 0.2040946 0.2252134 0.3419824 0.3447734 0.3413951 0.1907096 0.2280675 0.2932972 0.3309513 0.2568325 0.3223372 0.3336710 0.3162667 0.1119854 0.3449450 0.3124884 0.3207217 0.2556637 0.2377543 0.3150202 0.2255194 0.1124559 0.2547472 0.2579339 0.1880019 0.2146060 0.2753741 0.0000000 0.3366043 0.3279145 0.2334120 0.3081057 0.3343489 0.0179143 0.3046209 0.0193774 0.2075451 0.3346369 0.3293622 0.3164802 0.0257555 0.3485535 0.3120993 0.3307860 0.3381889 0.3143149 0.1573291 0.2300025 0.2275027 0.3156255 0.3163606 0.3123538 0.1165549 0.2049551 0.1632441 0.3236793 0.3017827 0.3358903 0.1817999 0.3316129 0.3491622 0.2622153 0.3152826 0.3267210 0.2714621 0.1545626 0.2066011 0.2256363 0.3302571 0.3368577 0.2267251 0.3172221 0.2402911 0.2225559 0.2246129 
Perityle_fosteri_93                        0.3299011 0.1729093 0.3196734 0.3835371 0.3150575 0.2899979 0.3707504 0.2156066 0.4224669 0.2959222 0.3177699 0.1904235 0.1862161 0.1814344 0.1216495 0.2093578 0.1476366 0.3008011 0.2015705 0.2134683 0.1844320 0.2024763 0.0225056 0.1870209 0.1907300 0.1852676 0.1392156 0.2015194 0.3496332 0.2457331 0.0907639 0.3572230 0.2940688 0.2657836 0.1581043 0.3595961 0.3366043 0.0000000 0.2953289 0.1891503 0.1711525 0.1836758 0.2977174 0.2069679 0.3204660 0.2994740 0.1957141 0.1878666 0.2187034 0.2573296 0.1890218 0.1662255 0.1813245 0.2041203 0.1811752 0.1618948 0.1223809 0.1455543 0.1812316 0.1796161 0.3665708 0.0892250 0.3151708 0.0883131 0.1883187 0.3561706 0.1976922 0.2765674 0.1664155 0.1824706 0.3380535 0.1782664 0.1736946 0.1401889 0.0859889 0.3277475 0.3202401 0.1755775 0.2001376 0.1694053 0.1795690 0.3254909 0.2274915 0.1985026 
Perityle_gamon_221                         0.3532445 0.1886350 0.2914187 0.3776404 0.3027587 0.2885144 0.3620117 0.2024436 0.4680747 0.2740436 0.3110875 0.2999362 0.2989621 0.3201604 0.1733638 0.3170221 0.2419904 0.2860786 0.1484698 0.3191468 0.3159152 0.3032016 0.1034882 0.3150182 0.3211672 0.3066982 0.2273064 0.3343119 0.2984384 0.2381429 0.0811100 0.3402051 0.2872117 0.2620938 0.2019417 0.3799631 0.3279145 0.2953289 0.0000000 0.3117977 0.2580965 0.3115907 0.3207343 0.3041356 0.3489848 0.1422034 0.3224976 0.3133907 0.3074074 0.2163631 0.3053901 0.3017488 0.3239668 0.3384197 0.2676289 0.1245290 0.1819018 0.2119736 0.3066170 0.3057236 0.3438444 0.1118211 0.3146972 0.1445722 0.3055072 0.3095435 0.3308965 0.2426706 0.2929287 0.3121946 0.3528108 0.3109261 0.3066152 0.2294921 0.1503728 0.3343077 0.2533766 0.2994394 0.3287754 0.1494889 0.3144517 0.3184099 0.1904962 0.2358161 
Perityle_gentryi_8_san_francisco           0.3253249 0.1938635 0.2276310 0.2722014 0.1583505 0.1363832 0.2598296 0.2063390 0.4244320 0.1576989 0.1590753 0.2175532 0.2139657 0.2077143 0.1165140 0.0308937 0.1611470 0.2767518 0.2110501 0.2321202 0.1945319 0.2243432 0.0586904 0.2081015 0.2196809 0.2043140 0.1381038 0.1197377 0.2837021 0.1040259 0.1031926 0.1888581 0.1551848 0.1112398 0.1416308 0.1934617 0.2334120 0.1891503 0.3117977 0.0000000 0.1769446 0.2035281 0.2055923 0.2276559 0.2077568 0.1991018 0.2182558 0.2112065 0.2281381 0.2403495 0.2184736 0.1868957 0.2091030 0.2102352 0.1916337 0.1668327 0.1363827 0.1426318 0.1944727 0.2020173 0.2733408 0.0969531 0.2130032 0.0830167 0.2084894 0.2680574 0.2055047 0.2579111 0.1979453 0.2129675 0.1587982 0.2027622 0.1944710 0.1493641 0.0773554 0.2373355 0.2154338 0.1954681 0.2117612 0.1810519 0.2008864 0.1716572 0.2279177 0.2064598 
Perityle_gilensis_22_Superstition          0.2902157 0.1963604 0.3031901 0.3285857 0.2519953 0.2468517 0.3116501 0.1870634 0.4175070 0.2444451 0.2810535 0.0554894 0.0393875 0.0481269 0.0309825 0.1771225 0.0401665 0.1396925 0.1891964 0.0511801 0.0441425 0.0535024 0.0402544 0.0152191 0.0566162 0.0523132 0.0458175 0.1695606 0.3264061 0.2137300 0.0834323 0.3036030 0.2612773 0.2167843 0.0306107 0.3027217 0.3081057 0.1711525 0.2580965 0.1769446 0.0000000 0.0343768 0.2685357 0.0419920 0.2738659 0.2741897 0.0638738 0.0561062 0.0478430 0.2382507 0.0432527 0.0495191 0.0506214 0.0541750 0.0466633 0.1565941 0.1132316 0.0499455 0.0551326 0.0478745 0.3461057 0.0920348 0.2244627 0.0433384 0.0504881 0.3435686 0.0476731 0.2683199 0.0430494 0.0175921 0.2706440 0.0539578 0.0492871 0.0436251 0.0422781 0.3041080 0.2813686 0.0492500 0.0557164 0.1816896 0.0546561 0.2648127 0.1564482 0.1353099 
Perityle_gilensis_salensis_225             0.3496603 0.1799270 0.3211932 0.3805760 0.3025915 0.2572754 0.3760278 0.1781477 0.4256868 0.2898228 0.3261423 0.0498619 0.0739989 0.0466155 0.0177526 0.2166083 0.0373497 0.1782265 0.1907761 0.0481310 0.0758282 0.0436130 0.0356187 0.0387378 0.0641210 0.0442648 0.0442815 0.2187888 0.3169402 0.2020229 0.0767806 0.3416924 0.2764667 0.2685171 0.0178064 0.3491567 0.3343489 0.1836758 0.3115907 0.2035281 0.0343768 0.0000000 0.2931901 0.0395677 0.3174440 0.3208159 0.0562898 0.0478526 0.0378901 0.2296884 0.0344387 0.0526194 0.0432787 0.0518508 0.0454621 0.1465753 0.1078075 0.0445126 0.0517649 0.0429986 0.3579667 0.0761396 0.2684207 0.0272585 0.0476062 0.3491004 0.0471801 0.2583279 0.0413775 0.0365185 0.3250578 0.0518415 0.0443406 0.0408817 0.0411553 0.3489702 0.3271711 0.0466053 0.0522561 0.1668000 0.0502607 0.3124325 0.1494981 0.1317546 
Perityle_glaucescens_94                    0.2280847 0.1249520 0.2414878 0.2647006 0.2095569 0.2307347 0.2436290 0.1990926 0.3864440 0.1891942 0.2121508 0.3010613 0.3084313 0.2983498 0.1709099 0.1999935 0.2528505 0.3140212 0.2365233 0.2931476 0.2880302 0.2902161 0.1018711 0.2985641 0.2869052 0.2899871 0.2229597 0.2092166 0.2282566 0.2166707 0.1020986 0.2134733 0.2368722 0.1874499 0.2049641 0.2191060 0.0179143 0.2977174 0.3207343 0.2055923 0.2685357 0.2931901 0.0000000 0.2863099 0.0137324 0.2125794 0.2973891 0.2924121 0.2962246 0.0114097 0.2972707 0.2660853 0.2864501 0.3039363 0.2878385 0.1277473 0.2082232 0.2209729 0.2758723 0.2795659 0.2250127 0.1064871 0.2030471 0.1536734 0.2846309 0.2144287 0.3033015 0.1516006 0.2865987 0.3032229 0.2210328 0.2819137 0.2898461 0.2214132 0.1466521 0.1832744 0.2153472 0.2880187 0.2937501 0.1968953 0.2798626 0.2206095 0.1891954 0.1813492 
Perityle_gracilis_11                       0.3344713 0.1775196 0.2971297 0.3459245 0.2898859 0.2540032 0.3359361 0.1495842 0.3402336 0.2736900 0.3021156 0.0477515 0.0921720 0.0247260 0.0234875 0.2362092 0.0378145 0.1783282 0.1959184 0.0526411 0.0901026 0.0169931 0.0355523 0.0478317 0.0675804 0.0155272 0.0380624 0.2561522 0.2246997 0.1999138 0.0767905 0.2836574 0.2369731 0.2718961 0.0179018 0.2891612 0.3046209 0.2069679 0.3041356 0.2276559 0.0419920 0.0395677 0.2863099 0.0000000 0.3094578 0.3051019 0.0611582 0.0168444 0.0394784 0.1928357 0.0436959 0.0453077 0.0194615 0.0601601 0.0379038 0.0988564 0.1204181 0.0479627 0.0184376 0.0116806 0.2768042 0.0813412 0.2307247 0.0313117 0.0382063 0.2479035 0.0558569 0.2106973 0.0484124 0.0423583 0.2965545 0.0238261 0.0155191 0.0332235 0.0375323 0.3279773 0.3063424 0.0452184 0.0425961 0.1604013 0.0195793 0.2881281 0.0818971 0.0699706 
Perityle_harkerae_31                       0.2613562 0.1300619 0.2411122 0.2547278 0.2002988 0.2266213 0.2357653 0.1943981 0.4195664 0.1889484 0.2016317 0.3147634 0.3403743 0.3263370 0.1786126 0.1971096 0.2623319 0.3239943 0.2484049 0.3184477 0.3077101 0.3142156 0.1017716 0.3282180 0.3177658 0.3164807 0.2255263 0.2072539 0.2505195 0.2208098 0.1053304 0.2141491 0.2421922 0.1873802 0.2030971 0.2208038 0.0193774 0.3204660 0.3489848 0.2077568 0.2738659 0.3174440 0.0137324 0.3094578 0.0000000 0.2048171 0.3317841 0.3187818 0.3210514 0.0125283 0.3307385 0.2967472 0.3132887 0.3298588 0.2925014 0.1363777 0.2137339 0.2214359 0.3054638 0.3072559 0.2477775 0.1136296 0.2049885 0.1539033 0.3114393 0.2371391 0.3292237 0.1576509 0.3132312 0.3326412 0.2207935 0.3097956 0.3163422 0.2309646 0.1718175 0.1887549 0.2114353 0.3093749 0.3228103 0.2177803 0.3070470 0.2262322 0.1912190 0.1880568 
