83
Amauria_brandeegeana_62                    0.0000000 0.3508926 0.5406468 0.2162817 0.3930337 0.5572603 0.3955801 0.5471249 0.0000010 0.4620678 0.0791216 0.2242814 0.0723267 0.2198319 0.1145412 0.1279606 0.2579992 0.1285238 0.1037475 0.1192820 0.4343227 0.3653182 0.0671911 0.2307451 0.3297351 0.1164881 0.3037073 0.0729745 0.1066296 0.3667298 0.2245533 0.1452454 0.0886564 0.1080156 0.1288028 0.2661715 0.1053300 0.4358832 0.1198498 0.1065975 0.0671092 0.2686698 0.3246074 0.4701650 0.4566337 0.2053740 0.3292763 0.4994955 0.2725842 0.1015678 0.0627137 0.1124605 0.5140835 0.2132979 0.3151800 0.1238436 0.2631079 0.1988027 0.2154447 0.1658221 0.4062175 0.5090293 0.1197276 0.2183059 0.1214500 0.2868147 0.2919835 0.3220720 0.0762382 0.0636184 0.2419257 0.2226576 0.4103473 0.1122430 0.4283477 0.2899265 0.3734973 0.1216297 0.5419005 0.4370081 0.2147783 0.4413286 0.2855727 
Amauria_carterae_99_mesa                   0.3508926 0.0000000 0.1057522 0.3745302 0.1017112 0.0507020 0.1060607 0.1076776 0.0000010 0.0000010 0.0000010 0.0629391 0.0000010 0.0384745 0.3928967 0.2933426 0.1049230 0.3230863 0.2723910 0.3242757 0.0597840 0.0603903 0.0000010 0.0507270 0.0565893 0.3042299 0.3894035 0.0000010 0.3155651 0.0476408 0.0895815 0.9701159 0.2848355 0.2815007 0.3377929 0.3969702 0.2911689 0.2264056 0.3790644 0.2923984 0.3360642 0.3945159 0.0597537 0.3917493 0.3695927 0.0506640 0.0565893 0.0596837 0.3954458 0.2999470 0.0000010 0.3080247 0.0886899 0.0475767 0.3356905 0.3272378 0.3555268 0.0627355 0.0565893 0.2582041 0.1193138 0.0823243 0.2985215 0.3941910 0.3689107 0.3982489 0.4050082 0.0888208 0.3427125 0.0000010 0.1117683 0.0565893 0.0565893 0.1987990 0.0565893 0.2305156 0.0444900 0.3068071 0.3716140 0.0565893 0.0475289 0.1008517 0.3954421 
Conoclinium_coelestinum_SRR9119114         0.5406468 0.1057522 0.0000000 0.5119469 0.1651677 0.1133281 0.3766201 0.3069701 0.1521335 0.5011548 0.8815836 0.3546718 0.7764908 0.2557663 0.6219982 0.4952801 0.3162924 0.5188075 0.5044437 0.5322410 0.1618274 0.1346289 0.8278064 0.2144423 0.2132193 0.5266415 0.3554366 0.4316336 0.3424536 0.1764918 0.3752260 0.3506679 0.3038779 0.5083639 0.4065010 0.4301302 0.5109317 0.4605448 0.4943121 0.5030961 0.7606855 0.4326287 0.2132756 0.4153710 0.5187690 0.2739476 0.2132139 0.1800657 0.4259104 0.4943589 0.2958866 0.5049518 0.2197709 0.2121929 0.4440072 0.3122212 0.4549757 0.2082280 0.2108437 0.4061808 0.2252850 0.4317341 0.5346819 0.4492804 0.5231267 0.5692182 0.5452591 0.1300386 0.2913282 0.8278064 0.2696487 0.2124466 0.1614273 0.3944812 0.1524748 0.4515992 0.3107126 0.6905345 0.4348745 0.1588190 0.2271277 0.2449670 0.3931143 
Eutetras_palmeri_63                        0.2162817 0.3745302 0.5119469 0.0000000 0.3871865 0.5416616 0.4015884 0.5496784 0.0000010 0.4462779 0.0439570 0.2508596 0.0197066 0.2286710 0.2427779 0.2256189 0.2796157 0.1969137 0.1945072 0.2273571 0.4887999 0.3897129 0.0236984 0.2518478 0.3640454 0.1897587 0.4022247 0.0228240 0.2134679 0.4153174 0.2423474 0.0963289 0.1930126 0.1851138 0.3836557 0.2080601 0.1692894 0.4352255 0.2110081 0.1857869 0.0495801 0.2070897 0.3524805 0.3326289 0.3359758 0.2398024 0.3584527 0.5353253 0.2128372 0.1933920 0.0156934 0.1849479 0.5174014 0.2355195 0.4062667 0.2128732 0.4429764 0.2681471 0.2593456 0.1193966 0.3742738 0.5233504 0.1954641 0.1512963 0.2349918 0.2537530 0.2452492 0.3489492 0.0192911 0.0159053 0.2635627 0.2722651 0.4573037 0.2261087 0.4607203 0.3006607 0.4129010 0.2123619 0.3884820 0.4870843 0.2589697 0.4251571 0.0558597 
Eutetras_pringlei_149_quer                 0.3930337 0.1017112 0.1651677 0.3871865 0.0000000 0.1485968 0.1439368 0.1336085 0.0000010 0.0000010 0.0000010 0.1594010 0.0000010 0.1548423 0.3809397 0.3771056 0.0398902 0.3937107 0.3711926 0.3886803 0.1540583 0.1414494 0.0000010 0.1741838 0.1540583 0.3904095 0.3907699 0.0000010 0.3681528 0.1253781 0.1888668 0.8527694 0.3686459 0.3671018 0.3657720 0.3809095 0.3811505 0.2914952 0.3494105 0.3808838 1.8158031 0.3616263 0.1494768 0.3799650 0.3753102 0.1646502 0.1586587 0.1587914 0.3811331 0.3837838 0.0000010 0.3895352 0.0605564 0.1548423 0.3809286 0.3749980 0.3939481 0.1587914 0.1447940 0.3565224 0.0709782 0.0742240 0.3834954 0.3823887 0.3750061 0.3981456 0.3963311 0.0583965 0.3427125 0.0000010 0.0399041 0.1540583 0.1530806 0.3917867 0.1540583 0.3534599 0.1548291 0.3943227 0.3690197 0.1540583 0.1589537 0.1066897 0.3145465 
Eutrochium_fistulosum_SRR9119106           0.5572603 0.0507020 0.1133281 0.5416616 0.1485968 0.0000000 0.3639645 0.2819728 0.1449951 0.5071930 0.8834513 0.3507229 0.8217955 0.2525509 0.6250713 0.4929314 0.3176151 0.5522058 0.5247163 0.5549259 0.1411296 0.1042158 0.8133578 0.2032350 0.2093383 0.5549570 0.3657624 0.4249259 0.3454527 0.1183841 0.3516280 0.3682503 0.3106536 0.5230183 0.4384929 0.4247164 0.5372915 0.4229949 0.5058231 0.5233303 0.7516917 0.4201563 0.2109322 0.3946859 0.5008583 0.2659829 0.2078604 0.1735251 0.4182371 0.5154591 0.3086359 0.5208851 0.2292392 0.1996069 0.4075623 0.3210245 0.5026216 0.1821712 0.1926359 0.3824523 0.2086732 0.4414656 0.5510323 0.4188726 0.5617432 0.5620363 0.5930225 0.1019612 0.3066751 0.8168634 0.2627011 0.1980638 0.1395767 0.4039374 0.1349067 0.4554783 0.2877668 0.6774490 0.4321769 0.1380677 0.2007483 0.2199828 0.3863068 
Galeana_pratensis_104_mex                  0.3955801 0.1060607 0.3766201 0.4015884 0.1439368 0.3639645 0.0000000 0.4002900 0.2945329 0.2862551 0.3846283 0.3785993 0.3549052 0.2828418 0.5319621 0.3942468 0.2854275 0.3940943 0.3841570 0.4035031 0.2836617 0.1516718 0.4063790 0.2961500 0.2925861 0.3871948 0.2609491 0.2814754 0.3397887 0.2500197 0.3726721 0.3569603 0.3368763 0.3661249 0.3757293 0.2928752 0.3829756 0.3718242 0.4339235 0.3861454 0.3996650 0.2774920 0.2979204 0.3201892 0.3855383 0.2869795 0.2975550 0.3380520 0.2797321 0.3832453 0.3404890 0.3852404 0.3417758 0.2878045 0.2272998 0.3429754 0.4942135 0.2767745 0.2785789 0.2898366 0.1415530 0.4922450 0.3898942 0.3062651 0.3991101 0.4647453 0.4245064 0.0620467 0.3317772 0.3916038 0.2832420 0.2878083 0.2770021 0.4168920 0.2723984 0.4638355 0.2215438 0.5585458 0.3490436 0.2820287 0.2923699 0.1536365 0.2872518 
Helianthus_annuus_SRR9119062               0.5471249 0.1076776 0.3069701 0.5496784 0.1336085 0.2819728 0.4002900 0.0000000 0.1989268 0.5154316 0.8963214 0.4102214 0.8500719 0.3368444 0.6453163 0.4871975 0.3224968 0.5687198 0.5610578 0.5981382 0.2346638 0.1763843 0.9197689 0.2704607 0.2814078 0.5714025 0.4280882 0.4466862 0.3633054 0.1592288 0.3834348 0.3891322 0.3511609 0.5478824 0.4219529 0.4318958 0.5687459 0.4612703 0.5117155 0.5713525 0.8214818 0.4265349 0.2832306 0.3945837 0.5027970 0.3497922 0.2843353 0.2240493 0.4330646 0.5656104 0.3509190 0.5658737 0.2550427 0.2765212 0.4513868 0.3806234 0.5465873 0.2631608 0.2584125 0.4132608 0.1956807 0.4191292 0.5542633 0.4443638 0.5475796 0.5352374 0.5392745 0.0693386 0.3646237 0.9072883 0.2675190 0.2749118 0.2279668 0.4376255 0.2295691 0.4590279 0.3360285 0.7016204 0.4381422 0.2346277 0.2702841 0.1741489 0.3717416 
Lycapsus_tenuifolius_17                    0.0000010 0.0000010 0.1521335 0.0000010 0.0000010 0.1449951 0.2945329 0.1989268 0.0000000 0.3735198 0.0000010 0.5946389 0.0000010 0.0000010 1.2111024 0.3881357 0.3169801 0.0000010 0.0000010 0.0000010 0.0435646 0.2047218 0.0000010 0.0435078 0.0489022 0.0000010 0.0514298 0.2966208 0.0996438 0.0915812 0.4250703 0.0981054 0.0000010 0.0000010 0.4008179 0.2930759 0.0000010 0.4727881 0.4878363 0.0000010 0.0000010 0.2724988 0.0409097 0.2880806 0.4868833 0.0000010 0.0409097 0.0489138 0.2742073 0.0000010 0.0567979 0.0000010 0.0462490 0.0408663 0.2652113 0.0490528 0.5861174 0.0543731 0.0409097 0.2945524 0.2525392 0.5944091 0.3594578 0.2827830 0.0000010 0.5211967 0.4602893 0.0000010 0.0514822 0.0000010 0.0765985 0.0435315 0.0409097 0.4561165 0.0393553 0.5036754 0.2948653 1.2685328 0.2661753 0.0435315 0.0595358 0.2551066 0.0000010 
Pericome_caudata_50_silver                 0.4620678 0.0000010 0.5011548 0.4462779 0.0000010 0.5071930 0.2862551 0.5154316 0.3735198 0.0000000 0.4462779 0.4289553 0.3163771 0.4520016 0.7571611 0.1589927 0.4265461 0.4462779 0.4627097 0.4656686 0.4466694 0.4183691 0.4512033 0.3998252 0.4463506 0.4512033 0.2611459 0.4330222 0.3827238 0.3419724 0.4199637 0.3836951 0.4032096 0.4270097 0.3171453 0.4328040 0.4270097 0.0999316 0.4532214 0.4462779 0.4462779 0.4336385 0.4477614 0.5320407 0.0857265 0.4462779 0.4534222 0.5288738 0.4270502 0.4662268 0.4062591 0.4462779 0.4596971 0.3936928 0.2558987 0.3922267 0.6027873 0.4047554 0.4008911 0.4225900 0.4208637 0.2820748 0.4490079 0.4349566 0.4462779 0.4357677 0.1744645 0.0000010 0.3922267 0.4340046 0.3966952 0.4047554 0.4477614 0.4464065 0.4477614 0.4361799 0.3694955 0.7790894 0.6065366 0.4534222 0.4167263 0.4192485 0.0000010 
Perityle_aglossa_84_dead_horse             0.0791216 0.0000010 0.8815836 0.0439570 0.0000010 0.8834513 0.3846283 0.8963214 0.0000010 0.4462779 0.0000000 0.0517182 0.0297614 0.0357413 0.0441271 0.0217053 0.0765855 0.0298053 0.0219772 0.0593349 0.5569292 0.0000010 0.0358246 0.0434870 0.2547343 0.0116996 0.4018821 0.0305968 0.0490629 0.3083557 0.0448320 0.0227855 0.0446624 0.0253656 0.4165768 0.1707414 0.0187706 0.5190473 0.0441271 0.0413988 0.0267460 0.1719552 0.2399190 0.7711322 0.5033243 0.0143966 0.2440982 0.7690276 0.1715244 0.0333797 0.0276754 0.0451014 0.6292611 0.0518301 0.3840468 0.0340770 0.5715840 0.0474730 0.0451537 0.0355409 0.7285163 0.6292316 0.0217413 0.0593559 0.0452314 0.0364603 0.0410034 0.0000010 0.0195795 0.0280522 0.0380378 0.0752693 0.5637391 0.0370600 0.5637391 0.0416358 0.3413029 0.0180873 0.6697794 0.5569292 0.0447446 0.8268359 0.0000010 
Perityle_ajoensis_204                      0.2242814 0.0629391 0.3546718 0.2508596 0.1594010 0.3507229 0.3785993 0.4102214 0.5946389 0.4289553 0.0517182 0.0000000 0.0048635 0.0434800 0.3537863 0.2788824 0.2511686 0.1918663 0.2000014 0.2284355 0.2272218 0.1553919 0.0156902 0.1234950 0.1818030 0.2004411 0.4636963 0.2440783 0.3023505 0.2367286 0.1593267 0.2633379 0.2898079 0.1819051 0.4273534 0.3915643 0.1701193 0.4324566 0.3303559 0.1740754 0.0406879 0.3919390 0.1844472 0.5445269 0.4963632 0.0524768 0.1846115 0.2491818 0.3895847 0.1820144 0.2119828 0.1849459 0.3702362 0.1319164 0.4678746 0.3011549 0.4551604 0.1344151 0.1207450 0.3108369 0.2521712 0.3674104 0.2127716 0.3440159 0.2690276 0.3489170 0.3096046 0.1185535 0.2319170 0.0078976 0.2341777 0.1345265 0.2378724 0.2007778 0.2074032 0.2856952 0.2602556 0.3448274 0.5543456 0.2243405 0.1489352 0.3028753 0.3963446 
Perityle_ambrosiifolia_67_green            0.0723267 0.0000010 0.7764908 0.0197066 0.0000010 0.8217955 0.3549052 0.8500719 0.0000010 0.3163771 0.0297614 0.0048635 0.0000000 0.0000010 0.0147054 0.0197058 0.0451847 0.0196854 0.0399425 0.0297996 0.4769482 0.0000010 0.0097860 0.0000010 0.1167901 0.0348471 0.3249948 0.0246483 0.0303415 0.0000010 0.0347575 0.0346880 0.0247201 0.0197058 0.3960549 0.1377190 0.0197058 0.3590855 0.0196519 0.0048778 0.0000010 0.1376377 0.1224936 0.9648515 0.3697263 0.0297996 0.1167901 0.8053252 0.1432962 0.0000010 0.0000010 0.0000010 0.6908628 0.0000010 0.3273066 0.0246367 0.4509158 0.0000010 0.0000010 0.0344617 0.6290698 0.5887839 0.0449761 0.0296310 0.0607473 0.0347930 0.0348650 0.0000010 0.0249667 0.0000010 0.0147002 0.0348597 0.4769482 0.0000010 0.4769482 0.0355873 0.3109330 0.0398843 0.5509438 0.4769482 0.0048680 0.6912529 0.0000010 
Perityle_angustifolia_13_Eagle_creek       0.2198319 0.0384745 0.2557663 0.2286710 0.1548423 0.2525509 0.2828418 0.3368444 0.0000010 0.4520016 0.0357413 0.0434800 0.0000010 0.0000000 0.2360113 0.1875237 0.1380902 0.1815326 0.1860026 0.1795246 0.1507102 0.0253339 0.0156763 0.0378659 0.1180416 0.1906170 0.4131088 0.0275976 0.1844893 0.0846168 0.0805942 0.1107332 0.1836888 0.1666331 0.3762922 0.2985126 0.1689349 0.3834328 0.2360168 0.1603831 0.0347063 0.3003448 0.1166083 0.4855115 0.4566877 0.0307818 0.1179537 0.1974896 0.3000496 0.1678343 0.0077863 0.1678124 0.2726224 0.0136827 0.4010059 0.2004528 0.4110099 0.0532662 0.0447946 0.1830121 0.1601328 0.2633660 0.1891240 0.2474710 0.2611952 0.2496275 0.2573751 0.1053574 0.0322476 0.0000010 0.1303299 0.0613446 0.1514038 0.1500697 0.1427227 0.2120726 0.1577031 0.1935167 0.5158880 0.1541804 0.0464672 0.1782538 0.3915574 
Perityle_batopilensis_97                   0.1145412 0.3928967 0.6219982 0.2427779 0.3809397 0.6250713 0.5319621 0.6453163 1.2111024 0.7571611 0.0441271 0.3537863 0.0147054 0.2360113 0.0000000 0.1915359 0.4298133 0.0666686 0.0411764 0.0788154 0.5952471 0.5846318 0.0236634 0.3864229 0.4612612 0.0426290 0.3190263 0.3288979 0.2268652 0.5903622 0.3477946 0.3212949 0.2166737 0.0316643 0.3842629 0.4244431 0.0309480 0.5523277 0.1397931 0.0343408 0.0562127 0.4332389 0.4502947 0.6219154 0.5640498 0.2565749 0.4568008 0.6372826 0.4312687 0.0257812 0.2879297 0.0372167 0.6418220 0.3607339 0.4424400 0.2074922 0.1992413 0.3928270 0.3793188 0.3547858 0.6110010 0.6153114 0.0436485 0.3855081 0.0565577 0.3683020 0.3855852 0.3984093 0.3054762 0.0158816 0.3940494 0.3864860 0.5861145 0.1928214 0.5715480 0.4001607 0.5261839 0.0503099 0.6211458 0.5929087 0.3730976 0.6430528 0.3318049 
Perityle_bisetosa_9                        0.1279606 0.2933426 0.4952801 0.2256189 0.3771056 0.4929314 0.3942468 0.4871975 0.3881357 0.1589927 0.0217053 0.2788824 0.0197058 0.1875237 0.1915359 0.0000000 0.3144926 0.0729519 0.0488608 0.0785964 0.4312562 0.3507576 0.0236976 0.2724603 0.3444911 0.0505951 0.3071502 0.1788957 0.1551420 0.3995233 0.2612259 0.1956423 0.1518657 0.0297849 0.2205304 0.3127698 0.0289662 0.2805643 0.1699394 0.0442420 0.0223005 0.3166318 0.3374781 0.4698440 0.3021794 0.2003790 0.3421970 0.4872694 0.3153626 0.0371804 0.1648733 0.0488475 0.5088784 0.2490383 0.3276348 0.1661947 0.2495854 0.2771304 0.2685937 0.2287526 0.3841386 0.4175253 0.0573304 0.2564966 0.0745842 0.3017339 0.1803941 0.3230221 0.1572528 0.0159047 0.2910298 0.2712327 0.4231515 0.1242209 0.3949149 0.3020413 0.4113806 0.1951532 0.4980202 0.4401803 0.2518498 0.4348683 0.2681669 
Perityle_californica_76_positas            0.2579992 0.1049230 0.3162924 0.2796157 0.0398902 0.3176151 0.2854275 0.3224968 0.3169801 0.4265461 0.0765855 0.2511686 0.0451847 0.1380902 0.4298133 0.3144926 0.0000000 0.2321016 0.2377191 0.2776344 0.2940427 0.1613047 0.0488931 0.2122374 0.2616500 0.2410985 0.4370967 0.1638889 0.2635448 0.2346146 0.2539870 0.2143293 0.2687602 0.2331404 0.4135686 0.3311023 0.2162442 0.4661220 0.3613980 0.2308126 0.1076926 0.3166519 0.2567360 0.4229042 0.5412593 0.1609607 0.2645161 0.3202843 0.3345730 0.2432471 0.1949013 0.2384885 0.2430333 0.2065016 0.3537985 0.2806409 0.5269477 0.2063024 0.2038514 0.2143989 0.1222489 0.3247323 0.2519141 0.2972105 0.2964499 0.3650606 0.3138799 0.0570020 0.1775061 0.0494392 0.1240523 0.2068015 0.2821187 0.2780239 0.2422589 0.3178624 0.2672331 0.4155494 0.4625904 0.2961976 0.2107412 0.1621292 0.3856061 
Perityle_canescens_77                      0.1285238 0.3230863 0.5188075 0.1969137 0.3937107 0.5522058 0.3940943 0.5687198 0.0000010 0.4462779 0.0298053 0.1918663 0.0196854 0.1815326 0.0666686 0.0729519 0.2321016 0.0000000 0.0585692 0.0784909 0.4388226 0.3619075 0.0236780 0.2034058 0.3053639 0.0584235 0.2608382 0.0189657 0.0723575 0.3990775 0.1959114 0.0957433 0.0831159 0.0505428 0.2415643 0.2336481 0.0492222 0.4095010 0.0652874 0.0568350 0.0222831 0.2334830 0.2970884 0.4532401 0.4381386 0.1790837 0.3023565 0.5003801 0.2396158 0.0525367 0.0156799 0.0625463 0.4997701 0.1792192 0.2695344 0.0742208 0.2145868 0.1948362 0.1893036 0.1439577 0.3814286 0.4880138 0.0712287 0.1687096 0.0734156 0.2390825 0.2465962 0.3185097 0.0271619 0.0158914 0.2081961 0.2000896 0.4076367 0.0605135 0.4329101 0.2526790 0.3719598 0.0731119 0.5304324 0.4485136 0.1877789 0.4241814 0.2874021 
Perityle_castillonii_96                    0.1037475 0.2723910 0.5044437 0.1945072 0.3711926 0.5247163 0.3841570 0.5610578 0.0000010 0.4627097 0.0219772 0.2000014 0.0399425 0.1860026 0.0411764 0.0488608 0.2377191 0.0585692 0.0000000 0.0418844 0.4152925 0.3359324 0.0399204 0.2092632 0.3033727 0.0249279 0.2442798 0.0267389 0.0657819 0.3484104 0.1807713 0.0958259 0.0625777 0.0299721 0.2006200 0.2438560 0.0250549 0.3880904 0.0489630 0.0343918 0.0375437 0.2467887 0.2884062 0.4524652 0.4359391 0.1614934 0.2971544 0.4851967 0.2522261 0.0278692 0.0317199 0.0375154 0.5002568 0.1852170 0.2697104 0.0601980 0.1782284 0.2011425 0.1955771 0.1500765 0.3740037 0.4981353 0.0343335 0.1799408 0.0453104 0.2419941 0.2442486 0.3157970 0.0350680 0.0321530 0.2172925 0.2058159 0.3860232 0.0392100 0.4070320 0.2512181 0.3570911 0.0361946 0.5088515 0.4195498 0.1799442 0.4439815 0.2803733 
Perityle_cernua_84                         0.1192820 0.3242757 0.5322410 0.2273571 0.3886803 0.5549259 0.4035031 0.5981382 0.0000010 0.4656686 0.0593349 0.2284355 0.0297996 0.1795246 0.0788154 0.0785964 0.2776344 0.0784909 0.0418844 0.0000000 0.4572551 0.3396466 0.0400314 0.2262029 0.3321560 0.0294219 0.2632108 0.0585610 0.0920761 0.4175353 0.2333598 0.1180273 0.0821085 0.0518244 0.2141633 0.2745542 0.0353319 0.4153377 0.0903539 0.0468649 0.0611293 0.2861958 0.3178222 0.5030557 0.4727112 0.2005307 0.3258261 0.5300870 0.2806006 0.0459798 0.0318073 0.0521509 0.5424240 0.2129445 0.3127742 0.0911784 0.2268556 0.2367627 0.2097739 0.1592993 0.3914088 0.5266766 0.0485881 0.2245125 0.0642436 0.2721109 0.2579969 0.3408529 0.0554186 0.0280813 0.2468169 0.2412192 0.4286995 0.0497863 0.4232306 0.2677284 0.3803520 0.0625837 0.5306759 0.4605312 0.2162737 0.4620038 0.2823607 
Perityle_cfvillosa_25_tin                  0.4343227 0.0597840 0.1618274 0.4887999 0.1540583 0.1411296 0.2836617 0.2346638 0.0435646 0.4466694 0.5569292 0.2272218 0.4769482 0.1507102 0.5952471 0.4312562 0.2940427 0.4388226 0.4152925 0.4572551 0.0000000 0.0982265 0.5455839 0.0855961 0.0073139 0.4263795 0.2605418 0.3440615 0.2551388 0.1021072 0.2749178 0.2165421 0.2061397 0.4077961 0.4160244 0.3945117 0.4000079 0.4559007 0.4845992 0.4161175 0.4826430 0.3873247 0.0095249 0.4167521 0.5117331 0.1616670 0.0062591 0.0559223 0.3837657 0.4219681 0.1128239 0.4345402 0.1291312 0.0909546 0.3609402 0.2224330 0.3463216 0.0621255 0.0518562 0.3575792 0.1899026 0.3353477 0.4440930 0.3970217 0.4527735 0.5370455 0.5212918 0.0987243 0.1153903 0.5538324 0.1891969 0.0541461 0.0087174 0.3468873 0.0035600 0.4194646 0.1879405 0.6198408 0.4291407 0.0052135 0.1018046 0.1988496 0.3978913 
Perityle_cinerea_113_Powell1310            0.3653182 0.0603903 0.1346289 0.3897129 0.1414494 0.1042158 0.1516718 0.1763843 0.2047218 0.4183691 0.0000010 0.1553919 0.0000010 0.0253339 0.5846318 0.3507576 0.1613047 0.3619075 0.3359324 0.3396466 0.0982265 0.0000000 0.0000010 0.0947247 0.0982702 0.3481023 0.3136150 0.1611849 0.2631846 0.1132723 0.2020065 0.2580231 0.2600871 0.3072250 0.3790048 0.3131480 0.3235179 0.3243251 0.4191346 0.3241589 0.3149091 0.3144984 0.1043900 0.3241631 0.4023278 0.0311139 0.1023008 0.1023960 0.3099029 0.3232224 0.1860207 0.3307406 0.1536051 0.0791276 0.2448412 0.2620284 0.3845127 0.1043280 0.1003407 0.2238540 0.1377601 0.2302302 0.3206900 0.3135171 0.3939886 0.4519753 0.4340626 0.1155693 0.1775417 0.0000010 0.1749596 0.1003531 0.1042767 0.3028042 0.0978998 0.3317209 0.0924435 0.6463653 0.2752076 0.1003407 0.1123386 0.1535746 0.3881231 
Perityle_coahuilensis_24                   0.0671911 0.0000010 0.8278064 0.0236984 0.0000010 0.8133578 0.4063790 0.9197689 0.0000010 0.4512033 0.0358246 0.0156902 0.0097860 0.0156763 0.0236634 0.0236976 0.0488931 0.0236780 0.0399204 0.0400314 0.5455839 0.0000010 0.0000000 0.0040647 0.2070361 0.0358443 0.3936639 0.0276614 0.0288478 0.0000010 0.0363626 0.0357132 0.0317327 0.0236976 0.4217698 0.1493030 0.0236976 0.4419536 0.0316823 0.0117550 0.0078041 0.1483623 0.2022552 0.8103457 0.4911770 0.0358615 0.1963826 0.7740191 0.1538108 0.0117590 0.0078041 0.0078041 0.6291787 0.0078041 0.3956793 0.0317842 0.5100433 0.0046297 0.0084384 0.0319617 0.6290698 0.5571421 0.0523001 0.0316584 0.0701253 0.0357997 0.0442215 0.0000010 0.0244729 0.0079088 0.0277600 0.0359461 0.5455839 0.0156657 0.5455839 0.0407611 0.3474865 0.0481852 0.6721784 0.5455839 0.0117359 0.6912529 0.0000010 
Perityle_cochisensis_44_cave_creek         0.2307451 0.0507270 0.2144423 0.2518478 0.1741838 0.2032350 0.2961500 0.2704607 0.0435078 0.3998252 0.0434870 0.1234950 0.0000010 0.0378659 0.3864229 0.2724603 0.2122374 0.2034058 0.2092632 0.2262029 0.0855961 0.0947247 0.0040647 0.0000000 0.0728591 0.2083441 0.2661872 0.1815846 0.1667512 0.1013818 0.1817627 0.1028733 0.1317324 0.1878760 0.4220834 0.3148722 0.1831466 0.4431751 0.3347549 0.1821980 0.0324966 0.3097848 0.0705221 0.4125148 0.5033323 0.0464302 0.0718103 0.1055469 0.3076536 0.1902809 0.0138837 0.1910134 0.1922982 0.0259606 0.3529685 0.1458688 0.4708413 0.0354762 0.0253231 0.2354087 0.2103017 0.3975612 0.2146022 0.2795743 0.2625304 0.3672980 0.3172218 0.1088664 0.0247221 0.0000010 0.1252232 0.0344873 0.0852473 0.2144403 0.0847576 0.3048733 0.2055797 0.3752719 0.4111931 0.0840303 0.0500232 0.2252719 0.3911482 
Perityle_congesta_202                      0.3297351 0.0565893 0.2132193 0.3640454 0.1540583 0.2093383 0.2925861 0.2814078 0.0489022 0.4463506 0.2547343 0.1818030 0.1167901 0.1180416 0.4612612 0.3444911 0.2616500 0.3053639 0.3033727 0.3321560 0.0073139 0.0982702 0.2070361 0.0728591 0.0000000 0.3074238 0.2752582 0.2572200 0.2193302 0.0966265 0.2308697 0.1792646 0.1837689 0.2873670 0.4118624 0.3564626 0.2780099 0.4640208 0.3948220 0.2839913 0.2140813 0.3465524 0.0100357 0.4247773 0.5151987 0.1352018 0.0072048 0.0853764 0.3475979 0.2889519 0.0914442 0.2960117 0.1654893 0.0787292 0.3522367 0.1975298 0.3483328 0.0543174 0.0436106 0.3002639 0.1992489 0.3620463 0.3231591 0.3334832 0.3639506 0.4326199 0.4126551 0.0952782 0.0982763 0.1945608 0.1712230 0.0551506 0.0075896 0.2753476 0.0035601 0.3543568 0.1990382 0.4691827 0.4316900 0.0062374 0.0889185 0.2070816 0.4032126 
Perityle_cordifolia_27                     0.1164881 0.3042299 0.5266415 0.1897587 0.3904095 0.5549570 0.3871948 0.5714025 0.0000010 0.4512033 0.0116996 0.2004411 0.0348471 0.1906170 0.0426290 0.0505951 0.2410985 0.0584235 0.0249279 0.0294219 0.4263795 0.3481023 0.0358443 0.2083441 0.3074238 0.0000000 0.2229404 0.0316783 0.0599493 0.3779338 0.1921248 0.0987884 0.0750533 0.0291718 0.2126990 0.2247640 0.0277255 0.3658684 0.0465206 0.0335362 0.0348628 0.2201914 0.2967494 0.4434079 0.4115571 0.1768862 0.3010025 0.4987951 0.2325829 0.0288466 0.0276906 0.0307940 0.5082625 0.1823745 0.2706628 0.0590722 0.1589634 0.2096541 0.1965305 0.1501464 0.3914227 0.4963304 0.0316177 0.1669568 0.0210834 0.2475341 0.2526738 0.3346955 0.0322007 0.0280678 0.2237471 0.2113519 0.3996653 0.0386296 0.4183048 0.2636995 0.3532123 0.0335493 0.4878379 0.4307578 0.1797322 0.4603690 0.2641201 
Perityle_cordifolia_68_tecolote            0.3037073 0.3894035 0.3554366 0.4022247 0.3907699 0.3657624 0.2609491 0.4280882 0.0514298 0.2611459 0.4018821 0.4636963 0.3249948 0.4131088 0.3190263 0.3071502 0.4370967 0.2608382 0.2442798 0.2632108 0.2605418 0.3136150 0.3936639 0.2661872 0.2752582 0.2229404 0.0000000 0.3490626 0.1949086 0.2697365 0.4337143 0.2454784 0.1642561 0.2317012 0.2846138 0.3879141 0.2249730 0.3820492 0.2825544 0.2410111 0.4143622 0.3827749 0.2638192 0.4148113 0.3908843 0.4358403 0.2708853 0.3072213 0.3864054 0.2274181 0.1669318 0.2331482 0.3128019 0.2597666 0.2453121 0.0919559 0.2597541 0.2621106 0.2501939 0.3375827 0.3315788 0.5790943 0.2399276 0.3798610 0.2080772 0.4847617 0.4572787 0.3830497 0.1659955 0.3787848 0.3014694 0.2614876 0.2457946 0.3136981 0.2479443 0.4818703 0.3426073 0.3976242 0.4114965 0.2638440 0.2722262 0.3644764 0.3274500 
Perityle_coronopifolia_28_patagonia        0.0729745 0.0000010 0.4316336 0.0228240 0.0000010 0.4249259 0.2814754 0.4466862 0.2966208 0.4330222 0.0305968 0.2440783 0.0246483 0.0275976 0.3288979 0.1788957 0.1638889 0.0189657 0.0267389 0.0585610 0.3440615 0.1611849 0.0276614 0.1815846 0.2572200 0.0316783 0.3490626 0.0000000 0.1875839 0.2967888 0.2442397 0.1769117 0.1796006 0.0189807 0.4210871 0.1160765 0.0189807 0.4670292 0.2749737 0.0228586 0.0189717 0.1110466 0.2600100 0.1895832 0.4859546 0.0306270 0.2574908 0.3967957 0.1125057 0.0228662 0.1855793 0.0189717 0.3877362 0.1754516 0.1683574 0.1861291 0.6068988 0.1867752 0.1778849 0.0350825 0.1713514 0.6566769 0.0538129 0.0105280 0.0633193 0.2648605 0.2091037 0.0000010 0.1763542 0.0198913 0.1944389 0.1887342 0.3388383 0.1719482 0.3408244 0.2654495 0.2875381 0.3363568 0.2491596 0.3416225 0.1682548 0.0973619 0.0000010 
Perityle_crassifolia_70_ventanas           0.1066296 0.3155651 0.3424536 0.2134679 0.3681528 0.3454527 0.3397887 0.3633054 0.0996438 0.3827238 0.0490629 0.3023505 0.0303415 0.1844893 0.2268652 0.1551420 0.2635448 0.0723575 0.0657819 0.0920761 0.2551388 0.2631846 0.0288478 0.1667512 0.2193302 0.0599493 0.1949086 0.1875839 0.0000000 0.1542621 0.2831680 0.0861300 0.0686093 0.0579183 0.2726827 0.2743079 0.0630374 0.4124475 0.2085470 0.0582437 0.0477453 0.2666796 0.2167250 0.3809795 0.4260614 0.2064976 0.2193282 0.2850709 0.2708426 0.0548284 0.0751100 0.0610980 0.2859870 0.1548017 0.2762370 0.1034432 0.2605618 0.1718612 0.1597791 0.2172965 0.2966548 0.5312943 0.0824954 0.2414996 0.0651850 0.3590375 0.2975221 0.3043184 0.0863707 0.0249682 0.1615251 0.1696136 0.2383356 0.1663442 0.2582081 0.3486304 0.3361454 0.2478361 0.4073459 0.2516749 0.1637100 0.3187714 0.2802584 
Perityle_crassifolia_74_playa_balandra     0.3667298 0.0476408 0.1764918 0.4153174 0.1253781 0.1183841 0.2500197 0.1592288 0.0915812 0.3419724 0.3083557 0.2367286 0.0000010 0.0846168 0.5903622 0.3995233 0.2346146 0.3990775 0.3484104 0.4175353 0.1021072 0.1132723 0.0000010 0.1013818 0.0966265 0.3779338 0.2697365 0.2967888 0.1542621 0.0000000 0.2201650 0.1189213 0.1908290 0.3514900 0.3443938 0.3805341 0.3548861 0.3985238 0.4626221 0.3605984 0.3503483 0.3755909 0.0893118 0.3782053 0.4602452 0.0890727 0.0981566 0.0967973 0.3733282 0.3660133 0.1027562 0.3735311 0.1387568 0.0820487 0.3430260 0.2356856 0.4552913 0.0997509 0.0906843 0.3099337 0.1431408 0.3354588 0.3673190 0.3726493 0.4232187 0.5465895 0.4937265 0.0854872 0.1052470 0.0000010 0.1370541 0.0966503 0.0862601 0.3066833 0.0799098 0.4057327 0.1604735 0.6146230 0.3379253 0.0984982 0.0883452 0.1706335 0.3732387 
Perityle_cuneata_34_cuneata_San_antonio    0.2245533 0.0895815 0.3752260 0.2423474 0.1888668 0.3516280 0.3726721 0.3834348 0.4250703 0.4199637 0.0448320 0.1593267 0.0347575 0.0805942 0.3477946 0.2612259 0.2539870 0.1959114 0.1807713 0.2333598 0.2749178 0.2020065 0.0363626 0.1817627 0.2308697 0.1921248 0.4337143 0.2442397 0.2831680 0.2201650 0.0000000 0.2467657 0.2723273 0.1780202 0.4132219 0.3926446 0.1641413 0.4455297 0.3185167 0.1856889 0.0559585 0.3835465 0.2298309 0.5277437 0.4998798 0.0797764 0.2338529 0.2998090 0.3854766 0.1935845 0.2268276 0.1962037 0.3722566 0.1734494 0.4326240 0.2852363 0.4574306 0.1842115 0.1752576 0.3000369 0.2645371 0.4215567 0.1899771 0.3404788 0.2667535 0.3515543 0.3140106 0.1330396 0.2226417 0.0284765 0.2386418 0.1844682 0.2657476 0.2104636 0.2531177 0.3086205 0.2531442 0.3136854 0.5165001 0.2732275 0.1734159 0.3023782 0.4058851 
Perityle_cuneata_4                         0.1452454 0.9701159 0.3506679 0.0963289 0.8527694 0.3682503 0.3569603 0.3891322 0.0981054 0.3836951 0.0227855 0.2633379 0.0346880 0.1107332 0.3212949 0.1956423 0.2143293 0.0957433 0.0958259 0.1180273 0.2165421 0.2580231 0.0357132 0.1028733 0.1792646 0.0987884 0.2454784 0.1769117 0.0861300 0.1189213 0.2467657 0.0000000 0.1005827 0.0885577 0.4928932 0.2551251 0.0885231 0.5042978 0.2922313 0.0997080 0.0266665 0.2510510 0.1740090 0.4241289 0.5028076 0.0927465 0.1719479 0.2560660 0.2524678 0.0997387 0.0749410 0.0995639 0.2572813 0.0932571 0.3381879 0.1016979 0.6308352 0.1066372 0.0973337 0.2031361 0.3132531 0.6288327 0.0926712 0.2038116 0.1269621 0.3080272 0.2301326 0.9059427 0.0715294 0.0279646 0.0947293 0.1097129 0.2140646 0.2044145 0.2181876 0.3069801 0.3337167 0.3215591 0.4347073 0.2116339 0.1047201 0.3023757 1.0079806 
Perityle_discoidea_81                      0.0886564 0.2848355 0.3038779 0.1930126 0.3686459 0.3106536 0.3368763 0.3511609 0.0000010 0.4032096 0.0446624 0.2898079 0.0247201 0.1836888 0.2166737 0.1518657 0.2687602 0.0831159 0.0625777 0.0821085 0.2061397 0.2600871 0.0317327 0.1317324 0.1837689 0.0750533 0.1642561 0.1796006 0.0686093 0.1908290 0.2723273 0.1005827 0.0000000 0.0671222 0.2715728 0.2613622 0.0672351 0.4271162 0.2044635 0.0641626 0.0336468 0.2544389 0.1712234 0.3557766 0.4544253 0.1781257 0.1766923 0.2397564 0.2583492 0.0582737 0.0421525 0.0742471 0.2465918 0.1196879 0.2679335 0.0677650 0.2740346 0.1340595 0.1203961 0.2135612 0.2991107 0.5311918 0.0841579 0.2237100 0.1007976 0.3434562 0.3081498 0.3074403 0.0450558 0.0239602 0.1505254 0.1339091 0.1876627 0.1454654 0.2042775 0.3453382 0.3266647 0.2378988 0.3960827 0.2083935 0.1293874 0.3226532 0.2598744 
Perityle_dissecta_201                      0.1080156 0.2815007 0.5083639 0.1851138 0.3671018 0.5230183 0.3661249 0.5478824 0.0000010 0.4270097 0.0253656 0.1819051 0.0197058 0.1666331 0.0316643 0.0297849 0.2331404 0.0505428 0.0299721 0.0518244 0.4077961 0.3072250 0.0236976 0.1878760 0.2873670 0.0291718 0.2317012 0.0189807 0.0579183 0.3514900 0.1780202 0.0885577 0.0671222 0.0000000 0.2072443 0.2336668 0.0114667 0.3881498 0.0389102 0.0266358 0.0223005 0.2310439 0.2751162 0.4397978 0.4145318 0.1645290 0.2812912 0.4825873 0.2394988 0.0186565 0.0156928 0.0244041 0.5116379 0.1652001 0.2721084 0.0501635 0.1738995 0.1889160 0.1812233 0.1440678 0.3570675 0.5087087 0.0321666 0.1658209 0.0517310 0.2244589 0.2362386 0.3101905 0.0076439 0.0159047 0.2078728 0.1920491 0.3926998 0.0299985 0.4005026 0.2488300 0.3571702 0.0340156 0.5003024 0.4120885 0.1748159 0.4331775 0.2532825 
Perityle_emoryi_47_punta_san_jose          0.1288028 0.3377929 0.4065010 0.3836557 0.3657720 0.4384929 0.3757293 0.4219529 0.4008179 0.3171453 0.4165768 0.4273534 0.3960549 0.3762922 0.3842629 0.2205304 0.4135686 0.2415643 0.2006200 0.2141633 0.4160244 0.3790048 0.4217698 0.4220834 0.4118624 0.2126990 0.2846138 0.4210871 0.2726827 0.3443938 0.4132219 0.4928932 0.2715728 0.2072443 0.0000000 0.3933583 0.1990370 0.3627077 0.2976061 0.1967477 0.4193384 0.4024624 0.4069700 0.4343797 0.3692182 0.3748215 0.4192963 0.4701877 0.4067335 0.2008322 0.4232024 0.2048986 0.4344865 0.3835604 0.2968681 0.2874997 0.2507608 0.3986910 0.3979386 0.3987166 0.3930756 0.4093070 0.2168825 0.4103898 0.2207185 0.4842792 0.4151201 0.3106726 0.4125106 0.4217698 0.4091346 0.4017361 0.4003744 0.2955583 0.4220189 0.4827915 0.3935928 0.4022054 0.5032908 0.4194799 0.3836389 0.4064346 0.2910186 
Perityle_feddemae_99                       0.2661715 0.3969702 0.4301302 0.2080601 0.3809095 0.4247164 0.2928752 0.4318958 0.2930759 0.4328040 0.1707414 0.3915643 0.1377190 0.2985126 0.4244431 0.3127698 0.3311023 0.2336481 0.2438560 0.2745542 0.3945117 0.3131480 0.1493030 0.3148722 0.3564626 0.2247640 0.3879141 0.1160765 0.2743079 0.3805341 0.3926446 0.2551251 0.2613622 0.2336668 0.3933583 0.0000000 0.2271251 0.3776958 0.3415728 0.2466387 0.1899428 0.0263129 0.3555527 0.0693191 0.3382920 0.3201226 0.3566214 0.4268946 0.0210606 0.2443750 0.2426901 0.2474502 0.4370295 0.3102816 0.2317196 0.2838954 0.4350859 0.3264597 0.3165612 0.1000019 0.2536041 0.5929105 0.2365687 0.0940928 0.2944443 0.4068820 0.3599354 0.3883279 0.2312508 0.1417825 0.3296947 0.3232407 0.3715271 0.3210398 0.3746278 0.4059128 0.3540803 0.4145378 0.2281788 0.3950755 0.3183662 0.2342639 0.1319569 
Perityle_fosteri_93                        0.1053300 0.2911689 0.5109317 0.1692894 0.3811505 0.5372915 0.3829756 0.5687459 0.0000010 0.4270097 0.0187706 0.1701193 0.0197058 0.1689349 0.0309480 0.0289662 0.2162442 0.0492222 0.0250549 0.0353319 0.4000079 0.3235179 0.0236976 0.1831466 0.2780099 0.0277255 0.2249730 0.0189807 0.0630374 0.3548861 0.1641413 0.0885231 0.0672351 0.0114667 0.1990370 0.2271251 0.0000000 0.3583527 0.0384828 0.0192594 0.0223005 0.2239008 0.2693291 0.4426404 0.3980332 0.1617549 0.2717948 0.4778165 0.2353000 0.0173071 0.0156928 0.0192452 0.5130574 0.1575561 0.2574909 0.0434461 0.1626887 0.1763244 0.1687662 0.1411521 0.3772069 0.4923676 0.0271690 0.1572514 0.0472853 0.2213687 0.2260491 0.3304922 0.0076439 0.0159047 0.2035462 0.1804943 0.3864001 0.0172648 0.3995865 0.2319005 0.3458518 0.0290717 0.5057782 0.4039236 0.1592819 0.4489712 0.2558998 
Perityle_gamon_221                         0.4358832 0.2264056 0.4605448 0.4352255 0.2914952 0.4229949 0.3718242 0.4612703 0.4727881 0.0999316 0.5190473 0.4324566 0.3590855 0.3834328 0.5523277 0.2805643 0.4661220 0.4095010 0.3880904 0.4153377 0.4559007 0.3243251 0.4419536 0.4431751 0.4640208 0.3658684 0.3820492 0.4670292 0.4124475 0.3985238 0.4455297 0.5042978 0.4271162 0.3881498 0.3627077 0.3776958 0.3583527 0.0000000 0.4786484 0.3820173 0.4658901 0.3829987 0.4545897 0.3963105 0.1294810 0.4361772 0.4641376 0.4848117 0.3871479 0.3963956 0.4575915 0.3972786 0.4550111 0.4339252 0.3735200 0.4205389 0.5062154 0.4496172 0.4363707 0.3154948 0.3621177 0.3971785 0.3870919 0.3768100 0.3802093 0.5695230 0.3528708 0.2348874 0.4595954 0.4249746 0.4513524 0.4397112 0.4314760 0.4033107 0.4013087 0.4904136 0.4233478 0.5476526 0.4557250 0.4656314 0.4262957 0.3662199 0.2608269 
Perityle_gentryi_8_san_francisco           0.1198498 0.3790644 0.4943121 0.2110081 0.3494105 0.5058231 0.4339235 0.5117155 0.4878363 0.4532214 0.0441271 0.3303559 0.0196519 0.2360168 0.1397931 0.1699394 0.3613980 0.0652874 0.0489630 0.0903539 0.4845992 0.4191346 0.0316823 0.3347549 0.3948220 0.0465206 0.2825544 0.2749737 0.2085470 0.4626221 0.3185167 0.2922313 0.2044635 0.0389102 0.2976061 0.3415728 0.0384828 0.4786484 0.0000000 0.0439941 0.0538421 0.3504037 0.3919929 0.4802553 0.4719180 0.2531820 0.3947191 0.5082829 0.3483587 0.0346855 0.2486623 0.0447024 0.5185253 0.3186956 0.3728164 0.1845023 0.2250274 0.3384567 0.3330425 0.2782068 0.4091111 0.5889560 0.0473212 0.3294192 0.0600561 0.2558142 0.3252616 0.3831875 0.2509023 0.0239219 0.3443222 0.3326140 0.4613354 0.1240786 0.4466134 0.2875068 0.4461109 0.1927800 0.5074266 0.4855978 0.3330326 0.4589386 0.3053762 
Perityle_gilensis_22_Superstition          0.1065975 0.2923984 0.5030961 0.1857869 0.3808838 0.5233303 0.3861454 0.5713525 0.0000010 0.4462779 0.0413988 0.1740754 0.0048778 0.1603831 0.0343408 0.0442420 0.2308126 0.0568350 0.0343918 0.0468649 0.4161175 0.3241589 0.0117550 0.1821980 0.2839913 0.0335362 0.2410111 0.0228586 0.0582437 0.3605984 0.1856889 0.0997080 0.0641626 0.0266358 0.1967477 0.2466387 0.0192594 0.3820173 0.0439941 0.0000000 0.0110669 0.2468540 0.2699155 0.4526894 0.4171116 0.1735714 0.2778116 0.4812837 0.2552048 0.0170098 0.0038924 0.0189069 0.5165703 0.1572573 0.2642716 0.0573426 0.1782454 0.1752646 0.1705405 0.1443302 0.3770047 0.4954135 0.0467091 0.1716809 0.0546324 0.2376051 0.2451312 0.3238587 0.0272457 0.0039445 0.2072299 0.1820090 0.4004669 0.0284922 0.4096188 0.2540143 0.3552899 0.0485923 0.5254001 0.4198643 0.1656643 0.4476972 0.2717949 
Perityle_gilensis_salensis_225             0.0671092 0.3360642 0.7606855 0.0495801 1.8158031 0.7516917 0.3996650 0.8214818 0.0000010 0.4462779 0.0267460 0.0406879 0.0000010 0.0347063 0.0562127 0.0223005 0.1076926 0.0222831 0.0375437 0.0611293 0.4826430 0.3149091 0.0078041 0.0324966 0.2140813 0.0348628 0.4143622 0.0189717 0.0477453 0.3503483 0.0559585 0.0266665 0.0336468 0.0223005 0.4193384 0.1899428 0.0223005 0.4658901 0.0538421 0.0110669 0.0000000 0.1820985 0.2191670 0.7235274 0.5063645 0.0478036 0.2047980 0.6345154 0.1895480 0.0110753 0.0000010 0.0073490 0.6089355 0.0200553 0.3902076 0.0337238 0.5483397 0.0312278 0.0334959 0.0378558 0.4277335 0.5711444 0.0496394 0.0762452 0.0949631 0.0452270 0.0532986 0.3389771 0.0196072 0.0000010 0.0845234 0.0585929 0.4826430 0.0415500 0.4826430 0.0874350 0.3442733 0.0492930 0.6738878 0.4826430 0.0303057 0.5626084 0.9064109 
Perityle_glaucescens_94                    0.2686698 0.3945159 0.4326287 0.2070897 0.3616263 0.4201563 0.2774920 0.4265349 0.2724988 0.4336385 0.1719552 0.3919390 0.1376377 0.3003448 0.4332389 0.3166318 0.3166519 0.2334830 0.2467887 0.2861958 0.3873247 0.3144984 0.1483623 0.3097848 0.3465524 0.2201914 0.3827749 0.1110466 0.2666796 0.3755909 0.3835465 0.2510510 0.2544389 0.2310439 0.4024624 0.0263129 0.2239008 0.3829987 0.3504037 0.2468540 0.1820985 0.0000000 0.3464214 0.0705960 0.3391493 0.3236418 0.3498080 0.4217383 0.0139893 0.2473026 0.2289525 0.2479332 0.4217927 0.3063239 0.2321779 0.2802130 0.4416216 0.3185766 0.3096773 0.0984789 0.2460374 0.5905513 0.2362088 0.0945676 0.2913738 0.3994719 0.3717758 0.3859660 0.2216224 0.1406616 0.3207651 0.3149101 0.3631434 0.3218989 0.3702478 0.3996425 0.3587870 0.4188146 0.2282614 0.3878837 0.3113788 0.2337156 0.1317695 
Perityle_gracilis_11                       0.3246074 0.0597537 0.2132756 0.3524805 0.1494768 0.2109322 0.2979204 0.2832306 0.0409097 0.4477614 0.2399190 0.1844472 0.1224936 0.1166083 0.4502947 0.3374781 0.2567360 0.2970884 0.2884062 0.3178222 0.0095249 0.1043900 0.2022552 0.0705221 0.0100357 0.2967494 0.2638192 0.2600100 0.2167250 0.0893118 0.2298309 0.1740090 0.1712234 0.2751162 0.4069700 0.3555527 0.2693291 0.4545897 0.3919929 0.2699155 0.2191670 0.3464214 0.0000000 0.4276098 0.5124026 0.1272633 0.0081934 0.0887069 0.3461290 0.2741784 0.0846345 0.2800104 0.1562444 0.0714659 0.3481500 0.1859607 0.3405158 0.0569305 0.0410398 0.3049920 0.2038135 0.3576725 0.3109148 0.3338388 0.3607576 0.4282862 0.4000816 0.0986705 0.0947461 0.1897736 0.1646249 0.0576983 0.0075867 0.2657867 0.0023735 0.3501853 0.2002858 0.4569402 0.4319103 0.0084233 0.0827928 0.2110184 0.4041383 
Perityle_harkerae_31                       0.4701650 0.3917493 0.4153710 0.3326289 0.3799650 0.3946859 0.3201892 0.3945837 0.2880806 0.5320407 0.7711322 0.5445269 0.9648515 0.4855115 0.6219154 0.4698440 0.4229042 0.4532401 0.4524652 0.5030557 0.4167521 0.3241631 0.8103457 0.4125148 0.4247773 0.4434079 0.4148113 0.1895832 0.3809795 0.3782053 0.5277437 0.4241289 0.3557766 0.4397978 0.4343797 0.0693191 0.4426404 0.3963105 0.4802553 0.4526894 0.7235274 0.0705960 0.4276098 0.0000000 0.3402195 0.5099249 0.4254661 0.4178754 0.0657405 0.4512732 0.3814855 0.4514877 0.4480129 0.4089513 0.2533989 0.3939014 0.5004327 0.4171969 0.4047220 0.1511593 0.2323933 0.6355909 0.4354834 0.1287362 0.4439144 0.5723989 0.5601209 0.3832126 0.3680474 0.8347007 0.4451786 0.4101553 0.3955381 0.4671092 0.4012404 0.5450606 0.3868769 0.6737562 0.1655026 0.4174175 0.4131810 0.2417269 0.1384731 
Perityle_hofmeisteria_4_nombre_de_dios     0.4566337 0.3695927 0.5187690 0.3359758 0.3753102 0.5008583 0.3855383 0.5027970 0.4868833 0.0857265 0.5033243 0.4963632 0.3697263 0.4566877 0.5640498 0.3021794 0.5412593 0.4381386 0.4359391 0.4727112 0.5117331 0.4023278 0.4911770 0.5033323 0.5151987 0.4115571 0.3908843 0.4859546 0.4260614 0.4602452 0.4998798 0.5028076 0.4544253 0.4145318 0.3692182 0.3382920 0.3980332 0.1294810 0.4719180 0.4171116 0.5063645 0.3391493 0.5124026 0.3402195 0.0000000 0.5241681 0.5231629 0.5404263 0.3449176 0.4360979 0.4809010 0.4240286 0.5309018 0.4925489 0.3932994 0.4464286 0.5281470 0.4977107 0.5020463 0.3558551 0.4517950 0.4711644 0.4224079 0.3307951 0.4116969 0.5818277 0.3568509 0.3600798 0.4778136 0.4741166 0.5202759 0.4964827 0.4950370 0.4456005 0.4706238 0.5380317 0.4905787 0.5871812 0.3952625 0.5184720 0.5107407 0.4340888 0.0955216 
