85
Amauria_brandeegeana_62                    0.0000000 0.1354436 0.2006151 0.3956669 0.3242974 0.0976405 0.3166040 0.2277549 0.3211686 0.2129985 0.3571158 0.2301683 0.3330149 0.2316140 0.2774218 0.2446191 0.2030116 0.2768912 0.2517398 0.2378236 0.1542878 0.4329268 0.2138849 0.3936921 0.2366925 0.1858170 0.2430654 0.2663867 0.3626032 0.2142355 0.2727175 0.2480002 0.3969073 0.1841593 0.2371761 0.3944101 0.4713911 0.2768146 0.3381672 0.2522699 0.3397842 0.3268117 0.3755905 0.2172544 0.4822291 0.3601192 0.3684478 0.1623889 0.1689147 0.4982274 0.2423154 0.2356288 0.2198227 0.1983426 0.2808557 0.2338382 0.2148370 0.2660831 0.4415256 0.2504664 0.2459449 0.1212943 0.1284650 0.1213361 0.3666942 0.3622321 0.2469583 0.2682032 0.2307903 0.1376370 0.3931943 0.3299789 0.3220247 0.2117597 0.3203125 0.3268934 0.2899540 0.2640900 0.3660632 0.3171268 0.3548776 0.3594063 0.4249827 0.3663794 0.1471246 
Amauria_carterae_99_mesa                   0.1354436 0.0000000 0.1643942 0.3119773 0.2208093 0.1298400 0.2621680 0.2011716 0.2165787 0.2569429 0.2283444 0.1391464 0.2162355 0.1375363 0.2003919 0.1417539 0.1441773 0.1497286 0.1601356 0.1568425 0.1281113 0.2179221 0.2711343 0.2221649 0.1595652 0.2042738 0.1471334 0.1771499 0.2094652 0.1448376 0.2663221 0.1579762 0.1320644 0.2368769 0.1501951 0.2514702 0.2250313 0.1506908 0.2256047 0.1562639 0.2170431 0.2174587 0.2359009 0.2033351 0.2199329 0.2053532 0.2225331 0.2101412 0.2054370 0.2369858 0.1566631 0.1438652 0.1503300 0.2214814 0.1458614 0.1303803 0.1612800 0.3336253 0.2212628 0.1368092 0.1965276 0.1231227 0.1455685 0.1438541 0.2195089 0.1997658 0.1525397 0.1190016 0.1664608 0.1779523 0.2133417 0.2143053 0.2522650 0.1881165 0.2028824 0.2270533 0.2091281 0.1248886 0.2102829 0.2210772 0.2117308 0.2215765 0.2112147 0.2163061 0.1624092 
Amauria_rotundifolia_SRR9119150            0.2006151 0.1643942 0.0000000 0.3638626 0.3331840 0.1286732 0.2822530 0.1863451 0.2741619 0.2297467 0.3815537 0.1718811 0.3266010 0.1660893 0.2790700 0.1560825 0.1507222 0.2025569 0.1893671 0.1848438 0.1545829 0.4418095 0.2623329 0.3913484 0.1569370 0.1917415 0.1630399 0.1732324 0.3726736 0.1948953 0.2789933 0.1901571 0.2115057 0.2097625 0.1708612 0.4012345 0.4909000 0.2557579 0.3423699 0.1594561 0.3467920 0.3397368 0.3824663 0.2268872 0.5008604 0.3584845 0.3798757 0.1716838 0.1762713 0.5194358 0.1883848 0.1684734 0.1477293 0.2067805 0.3155301 0.2026008 0.1751758 0.2906748 0.4604419 0.2365504 0.2376962 0.1461345 0.1332143 0.1227665 0.3845926 0.3701240 0.1761070 0.1934045 0.2039856 0.1790386 0.3880907 0.3486810 0.3353181 0.2291426 0.3266544 0.3688371 0.2905059 0.1953651 0.3620303 0.3281286 0.3832882 0.3613157 0.4209713 0.3721282 0.1808804 
Conoclinium_coelestinum_SRR9119114         0.3956669 0.3119773 0.3638626 0.0000000 0.3392295 0.1801305 0.1536508 0.3033731 0.3826829 0.2418188 0.3515469 0.3402754 0.3513264 0.3614979 0.2663093 0.3644516 0.3277511 0.3520709 0.3710691 0.3680009 0.3198217 0.4092059 0.3945183 0.3922413 0.3434670 0.1938025 0.3759760 0.3453666 0.3690621 0.3172523 0.3268255 0.3590701 0.3853149 0.2140146 0.3592646 0.4039380 0.6436096 0.4534965 0.3301090 0.3538457 0.3354593 0.3430787 0.3428320 0.2394163 0.6516939 0.3497395 0.3820097 0.1855998 0.1873885 0.6674131 0.3777291 0.3546252 0.3079584 0.2211669 0.4536784 0.3481367 0.3422900 0.2679787 0.4238236 0.3908274 0.2645757 0.2126152 0.2343014 0.2762049 0.3802021 0.3692046 0.3736884 0.3903735 0.3641042 0.3045103 0.4134200 0.3589656 0.3306230 0.2221132 0.3251243 0.3808552 0.3073385 0.3840304 0.3649037 0.3429186 0.3731198 0.4493248 0.4029783 0.3737625 0.3022005 
Eutetras_palmeri_63                        0.3242974 0.2208093 0.3331840 0.3392295 0.0000000 0.1453654 0.2871206 0.2902393 0.3505775 0.1111977 0.0907756 0.3374230 0.0759404 0.3489251 0.0706092 0.3389777 0.3217842 0.3445297 0.3617197 0.3674869 0.2549849 0.1188320 0.3303830 0.1945602 0.3582509 0.0538873 0.3307910 0.3883933 0.0993864 0.2732965 0.3005595 0.3448406 0.5201208 0.1098245 0.3392985 0.1528481 0.5467426 0.3627161 0.0789242 0.3254980 0.0836082 0.0766823 0.1101613 0.0667063 0.5661239 0.0875861 0.0826261 0.0598699 0.0740903 0.5721083 0.3588467 0.3397045 0.3677461 0.0739011 0.3718895 0.2900135 0.3373875 0.1913865 0.1249511 0.3193604 0.0836715 0.1699375 0.1745867 0.1984063 0.0826495 0.1012836 0.3243053 0.3247520 0.2900356 0.2321319 0.2081168 0.0749604 0.1026607 0.0557100 0.0660693 0.1109333 0.0740220 0.3175819 0.0818636 0.0792908 0.0875352 0.4380763 0.1151939 0.0845408 0.2044636 
Eutetras_pringlei_149_quer                 0.0976405 0.1298400 0.1286732 0.1801305 0.1453654 0.0000000 0.1445407 0.1008155 0.1413024 0.1821514 0.1416128 0.1178827 0.1327129 0.0878335 0.1343852 0.1113435 0.1148680 0.1201508 0.1359924 0.1027755 0.0872349 0.1405560 0.0960228 0.1541803 0.1235294 0.1327492 0.1115911 0.1234552 0.1392115 0.1272247 0.1421654 0.1444820 0.0238124 0.1770773 0.0982426 0.1973441 0.1704616 0.1256505 0.1708962 0.1151868 0.1365572 0.1408522 0.1765756 0.1300431 0.1714558 0.1529792 0.1488723 0.1430959 0.1389224 0.1836703 0.1109312 0.1060762 0.0941066 0.1634157 0.1085851 0.1076678 0.1229804 0.1395318 0.1405560 0.1002175 0.1341485 0.1202208 0.1289531 0.1025701 0.1448371 0.1304575 0.1158657 0.1081701 0.1437913 0.1219992 0.1365304 0.1365572 0.1669871 0.1451764 0.1229712 0.1382315 0.1325887 0.0970084 0.1481125 0.1456073 0.1486517 0.1627792 0.1363556 0.1289054 0.1231589 
Eutrochium_fistulosum_SRR9119106           0.3166040 0.2621680 0.2822530 0.1536508 0.2871206 0.1445407 0.0000000 0.2765804 0.3655080 0.2035132 0.2851097 0.2495520 0.2910224 0.2640549 0.1669111 0.2797441 0.2653944 0.2777518 0.3011010 0.2740809 0.2410027 0.2913128 0.3427261 0.2829177 0.2638500 0.1502653 0.2934440 0.2991267 0.2931376 0.2596565 0.3172009 0.3218136 0.4150752 0.1773941 0.2762226 0.3475963 0.4844508 0.3319477 0.2623487 0.2734407 0.2864668 0.2627451 0.2808528 0.2074109 0.5132959 0.2801986 0.3041169 0.1452730 0.1381683 0.5232911 0.2938647 0.2633180 0.2509769 0.1663319 0.3354691 0.2979476 0.2940897 0.2484165 0.2969178 0.2856409 0.2290793 0.1829686 0.1874965 0.2029958 0.3063616 0.2954281 0.2896914 0.2925090 0.2874046 0.2238971 0.2928896 0.2689449 0.2986479 0.1144546 0.2670201 0.3157313 0.2385257 0.2831826 0.2850688 0.2779145 0.2828147 0.3991839 0.2908628 0.2865496 0.2249604 
Galeana_pratensis_104_mex                  0.2277549 0.2011716 0.1863451 0.3033731 0.2902393 0.1008155 0.2765804 0.0000000 0.2643655 0.2630987 0.2835283 0.2009453 0.2549765 0.1883172 0.2062627 0.1887159 0.1990692 0.2081982 0.2057380 0.1961451 0.1512752 0.2712378 0.2861819 0.2727157 0.2116923 0.2084989 0.1975955 0.2043321 0.2901578 0.2060731 0.3050653 0.2011711 0.2424736 0.2157776 0.2009222 0.3508011 0.3845851 0.1833099 0.2835864 0.2067671 0.2562557 0.2598297 0.3107118 0.2487939 0.3714213 0.2751024 0.2804895 0.2060976 0.1959233 0.3846445 0.2125201 0.1962447 0.1986708 0.2308254 0.2333315 0.1665321 0.1931342 0.3182712 0.2717828 0.1786793 0.2731258 0.1344137 0.1298772 0.1826376 0.2660891 0.2809238 0.2015319 0.1869331 0.2050149 0.1481789 0.2914797 0.2574489 0.3084553 0.1445021 0.2634277 0.2717886 0.2620258 0.1825556 0.2750231 0.2706477 0.2224660 0.3501596 0.2569089 0.2775322 0.1489601 
Helianthus_annuus_SRR9119062               0.3211686 0.2165787 0.2741619 0.3826829 0.3505775 0.1413024 0.3655080 0.2643655 0.0000000 0.2407195 0.3630723 0.2549371 0.3410880 0.2495795 0.2234883 0.2452155 0.2316539 0.2457113 0.2815204 0.2618671 0.2187501 0.3855441 0.3288226 0.4132923 0.2602005 0.2129856 0.2547766 0.2787767 0.3647796 0.2565936 0.3565142 0.2493583 0.3383855 0.2225962 0.2538081 0.4065502 0.4932182 0.3353204 0.3162994 0.2424305 0.3597733 0.3694163 0.3750454 0.2552215 0.4929446 0.3510981 0.3698225 0.2090071 0.2162724 0.5076694 0.2686371 0.2429738 0.2575609 0.2395452 0.3773764 0.2700114 0.2263180 0.3477956 0.4115673 0.3068733 0.2552663 0.1842163 0.2044366 0.1780114 0.3764613 0.3514214 0.2304494 0.2453284 0.2784140 0.1856874 0.3902626 0.3667209 0.3142835 0.2130633 0.3599664 0.3480362 0.2671242 0.2496701 0.3681101 0.2928588 0.3668452 0.4396256 0.3665969 0.3661706 0.2494544 
Lycapsus_tenuifolius_17                    0.2129985 0.2569429 0.2297467 0.2418188 0.1111977 0.1821514 0.2035132 0.2630987 0.2407195 0.0000000 0.1343820 0.2332114 0.1113285 0.2289187 0.1017466 0.2361332 0.2293159 0.2368480 0.2526436 0.2493388 0.2333838 0.1148284 0.3722386 0.1231118 0.2592364 0.1173519 0.2251245 0.2559204 0.1290559 0.2458182 0.2483094 0.2731516 0.2273606 0.0080054 0.2381739 0.1329313 0.3409807 0.2382592 0.1104246 0.2287217 0.1222498 0.1196021 0.1281354 0.1081147 0.3654104 0.1075931 0.1219462 0.1136608 0.1137007 0.3637168 0.2503281 0.2290094 0.2372160 0.1463256 0.2196452 0.2333026 0.2626527 0.2274014 0.1175146 0.2409637 0.1196807 0.2114904 0.2155787 0.2234038 0.1163855 0.1265967 0.2344902 0.2440634 0.2648617 0.2773144 0.1165264 0.1169108 0.0351659 0.1255142 0.1120232 0.1318798 0.1179580 0.2353757 0.1129468 0.1225761 0.1190207 0.3112335 0.1121198 0.1218361 0.2416848 
Pericome_caudata_50_silver                 0.3571158 0.2283444 0.3815537 0.3515469 0.0907756 0.1416128 0.2851097 0.2835283 0.3630723 0.1343820 0.0000000 0.3787424 0.0984707 0.3733546 0.1254299 0.3810776 0.3427332 0.3765730 0.3955362 0.3980208 0.2834793 0.1735188 0.3240468 0.2229746 0.3591438 0.0771140 0.3740938 0.4056716 0.1145192 0.3206291 0.3001253 0.3874563 0.5403999 0.1173738 0.3807371 0.1634637 0.5776952 0.4077123 0.0963467 0.3751277 0.0963460 0.1042710 0.1259462 0.0851184 0.6003695 0.1017573 0.1017067 0.0768606 0.0823411 0.5982292 0.3874669 0.3762461 0.3726289 0.1018497 0.3956383 0.3171724 0.3674882 0.1874606 0.1766231 0.3585704 0.0951352 0.1680044 0.1693193 0.2012964 0.1031902 0.1195501 0.3673710 0.3656634 0.3357702 0.2300245 0.2324199 0.1292895 0.1492506 0.0782135 0.0900896 0.1433226 0.1184932 0.3587107 0.0995319 0.1006552 0.1033556 0.4432074 0.1756810 0.1085503 0.2417710 
Perityle_aglossa_84_dead_horse             0.2301683 0.1391464 0.1718811 0.3402754 0.3374230 0.1178827 0.2495520 0.2009453 0.2549371 0.2332114 0.3787424 0.0000000 0.3254328 0.0462225 0.2776652 0.0569670 0.0500227 0.1823270 0.1476017 0.0457140 0.0704979 0.4482154 0.2307678 0.4053822 0.0439219 0.1835031 0.0972554 0.0721401 0.3696257 0.1871968 0.2863931 0.1823540 0.1874770 0.2092755 0.0424412 0.3940458 0.4352693 0.1624260 0.3528845 0.0601256 0.3488168 0.3383697 0.3768000 0.2516271 0.4417644 0.3758294 0.3816559 0.1813084 0.1898168 0.4524430 0.0538769 0.0437609 0.0481163 0.2070002 0.2201717 0.1783846 0.0713720 0.3430250 0.4692577 0.1222112 0.2618138 0.1172959 0.1426662 0.0788102 0.3819049 0.3674823 0.1038139 0.1675752 0.1932662 0.0632954 0.3996812 0.3413334 0.3388835 0.2277581 0.3325471 0.3609825 0.2764460 0.1677830 0.3755192 0.3322448 0.3828788 0.3251172 0.4373656 0.3788642 0.1325444 
Perityle_ajoensis_204                      0.3330149 0.2162355 0.3266010 0.3513264 0.0759404 0.1327129 0.2910224 0.2549765 0.3410880 0.1113285 0.0984707 0.3254328 0.0000000 0.3104081 0.0413648 0.3230079 0.3012136 0.3370723 0.3441877 0.3372816 0.2414459 0.0788189 0.3237677 0.1768266 0.3354148 0.0361724 0.3203669 0.3504111 0.0965260 0.2807832 0.3012614 0.3356988 0.4692996 0.1099716 0.3157332 0.1309558 0.5104100 0.3559160 0.0894188 0.3173100 0.0503077 0.0528944 0.1158425 0.0494199 0.5330620 0.0920514 0.0479531 0.0460732 0.0326081 0.5480942 0.3292721 0.3185170 0.3353554 0.0570318 0.3673417 0.2813639 0.3040578 0.1616123 0.0837324 0.3074558 0.0758981 0.1803822 0.1729124 0.1940995 0.0479215 0.1000219 0.3124513 0.3076673 0.2928930 0.2149813 0.1790164 0.0562609 0.1058474 0.0331912 0.0424010 0.0816688 0.0560222 0.3008663 0.0795281 0.0504983 0.0533183 0.4553819 0.0751985 0.0739356 0.2105240 
Perityle_ambrosiifolia_67_green            0.2316140 0.1375363 0.1660893 0.3614979 0.3489251 0.0878335 0.2640549 0.1883172 0.2495795 0.2289187 0.3733546 0.0462225 0.3104081 0.0000000 0.2629730 0.0562047 0.0342244 0.1796144 0.1501421 0.0282774 0.0659504 0.4334311 0.2270512 0.3966983 0.0321461 0.1880076 0.0966754 0.0647892 0.3691598 0.1750549 0.2939355 0.1820988 0.1993280 0.2149415 0.0206462 0.3884576 0.4445966 0.1591818 0.3488254 0.0608342 0.3337508 0.3193648 0.3770589 0.2479965 0.4488757 0.3590660 0.3719304 0.1806147 0.1728489 0.4562023 0.0328314 0.0327200 0.0255074 0.2168534 0.2008397 0.1719861 0.0525577 0.3184779 0.4538153 0.1288567 0.2490681 0.1146358 0.1516973 0.0672364 0.3766603 0.3643745 0.1083011 0.1632761 0.1818560 0.0265796 0.3952873 0.3255568 0.3376702 0.2246435 0.3320389 0.3397239 0.2677913 0.1634688 0.3673555 0.3210769 0.3707391 0.3491122 0.4229450 0.3752406 0.1447456 
Perityle_angustifolia_13_Eagle_creek       0.2774218 0.2003919 0.2790700 0.2663093 0.0706092 0.1343852 0.1669111 0.2062627 0.2234883 0.1017466 0.1254299 0.2776652 0.0413648 0.2629730 0.0000000 0.2786600 0.2235915 0.2556657 0.2696622 0.2924974 0.2354865 0.1545781 0.3029689 0.1118432 0.2347639 0.0431450 0.2720555 0.2425133 0.1405771 0.2696247 0.2773650 0.2897420 0.1949427 0.0988688 0.2748498 0.1162592 0.4390612 0.2880616 0.1352642 0.2749460 0.0379479 0.0683371 0.1453497 0.0455877 0.4848366 0.1246533 0.0934232 0.0440513 0.0302632 0.4830568 0.2842326 0.2673795 0.1940510 0.0552791 0.2742046 0.2159879 0.2637497 0.1635236 0.1591478 0.2633955 0.0692343 0.1782489 0.1626858 0.1800840 0.0953199 0.1387117 0.2908130 0.2694959 0.2922254 0.2034890 0.1072415 0.1077098 0.1297413 0.1107649 0.0319864 0.1124331 0.0465037 0.2620131 0.1264114 0.0980946 0.1066662 0.2920232 0.1478300 0.1090318 0.2767890 
Perityle_batopilensis_97                   0.2446191 0.1417539 0.1560825 0.3644516 0.3389777 0.1113435 0.2797441 0.1887159 0.2452155 0.2361332 0.3810776 0.0569670 0.3230079 0.0562047 0.2786600 0.0000000 0.0488818 0.1828401 0.1551520 0.0651738 0.0870123 0.4338356 0.2317714 0.4054204 0.0585500 0.1948964 0.0746320 0.0794519 0.3764221 0.1882557 0.3019316 0.1746438 0.1941979 0.2121782 0.0555644 0.3855518 0.4300304 0.1746832 0.3650259 0.0188438 0.3398673 0.3328432 0.3844975 0.2537868 0.4336950 0.3761673 0.3816248 0.1820579 0.1900104 0.4440145 0.0666702 0.0475995 0.0553387 0.2204813 0.2144830 0.1788996 0.0783413 0.3237398 0.4507859 0.1488199 0.2707654 0.1198588 0.1199405 0.0409402 0.3817025 0.3738022 0.0845225 0.1712845 0.1783689 0.0636295 0.3992691 0.3424853 0.3473969 0.2340521 0.3271445 0.3572112 0.2753485 0.1750291 0.3749382 0.3298267 0.3710132 0.3427357 0.4262670 0.3758375 0.1620498 
Perityle_bisetosa_9                        0.2030116 0.1441773 0.1507222 0.3277511 0.3217842 0.1148680 0.2653944 0.1990692 0.2316539 0.2293159 0.3427332 0.0500227 0.3012136 0.0342244 0.2235915 0.0488818 0.0000000 0.1587726 0.1340658 0.0388843 0.0760125 0.3848381 0.2404390 0.3349902 0.0281425 0.1917546 0.0846323 0.0533231 0.3370794 0.1665893 0.2957343 0.1635959 0.1493863 0.2120281 0.0338531 0.3997419 0.3844733 0.1393305 0.3278726 0.0554936 0.3201028 0.3082899 0.3499993 0.2477332 0.3941221 0.3367093 0.3372913 0.1819884 0.1772809 0.4033979 0.0422603 0.0206542 0.0283983 0.2203145 0.1676578 0.1693118 0.0449882 0.3240984 0.3907260 0.1244964 0.2673171 0.1188645 0.1445030 0.0653955 0.3398379 0.3317222 0.1011367 0.1403416 0.1496970 0.0266291 0.3475395 0.3104418 0.3155899 0.1908164 0.3133051 0.3303787 0.2719253 0.1423833 0.3351855 0.3129239 0.3305446 0.3428692 0.3797133 0.3405776 0.1357099 
Perityle_californica_76_positas            0.2768912 0.1497286 0.2025569 0.3520709 0.3445297 0.1201508 0.2777518 0.2081982 0.2457113 0.2368480 0.3765730 0.1823270 0.3370723 0.1796144 0.2556657 0.1828401 0.1587726 0.0000000 0.1715266 0.1904195 0.1595416 0.3829438 0.2201961 0.4267290 0.1578485 0.2132785 0.1957341 0.1489113 0.4076386 0.2199884 0.2484951 0.1910099 0.1686757 0.2278573 0.1815898 0.3756516 0.4444782 0.2520751 0.3837681 0.1884423 0.3453529 0.3401910 0.4115833 0.2512709 0.4530439 0.3875353 0.4004761 0.2024074 0.2019822 0.4596317 0.2013636 0.1804979 0.1257419 0.2211732 0.3248578 0.2271001 0.1920828 0.3005964 0.3888951 0.2268829 0.2748116 0.0814180 0.1450148 0.1167092 0.4052547 0.4016746 0.2034975 0.2186400 0.2377157 0.1589382 0.4119084 0.3811458 0.3591046 0.2500224 0.3004508 0.3907086 0.2702337 0.2163828 0.3946196 0.3778363 0.3873238 0.3258389 0.3697739 0.3892811 0.2134793 
Perityle_canescens_77                      0.2517398 0.1601356 0.1893671 0.3710691 0.3617197 0.1359924 0.3011010 0.2057380 0.2815204 0.2526436 0.3955362 0.1476017 0.3441877 0.1501421 0.2696622 0.1551520 0.1340658 0.1715266 0.0000000 0.1445516 0.0994035 0.3885271 0.2290310 0.4314232 0.1371123 0.2223622 0.1269439 0.1390713 0.3937933 0.2006896 0.2715916 0.1905555 0.1771679 0.2394779 0.1500968 0.3759822 0.4140753 0.2150481 0.3695573 0.1512281 0.3542896 0.3497333 0.3952166 0.2454789 0.4338688 0.3774599 0.3945825 0.2176956 0.2152976 0.4478879 0.1621796 0.1435331 0.1254691 0.2373163 0.2950335 0.1643765 0.1451002 0.3304174 0.4034102 0.1776678 0.2671036 0.0703254 0.1533173 0.1038869 0.3964151 0.3932545 0.1437870 0.2019346 0.1984795 0.1331704 0.4268277 0.3568019 0.3423923 0.2454434 0.3146081 0.3803215 0.2724018 0.2040695 0.3909280 0.3516439 0.3852908 0.3107257 0.3692975 0.3984929 0.1391300 
Perityle_castillonii_96                    0.2378236 0.1568425 0.1848438 0.3680009 0.3674869 0.1027755 0.2740809 0.1961451 0.2618671 0.2493388 0.3980208 0.0457140 0.3372816 0.0282774 0.2924974 0.0651738 0.0388843 0.1904195 0.1445516 0.0000000 0.0788598 0.4530157 0.2341238 0.4246537 0.0318368 0.2116721 0.1025273 0.0622283 0.3982186 0.1947905 0.3134502 0.1915227 0.1868336 0.2343916 0.0264772 0.4273598 0.4394071 0.1624439 0.3716185 0.0682050 0.3616883 0.3490290 0.4035721 0.2657804 0.4373228 0.3898829 0.4005079 0.2078386 0.1984690 0.4459001 0.0340893 0.0339566 0.0252332 0.2425790 0.2132184 0.1897457 0.0538194 0.3532518 0.4677764 0.1367945 0.2715658 0.1268414 0.1591947 0.0828770 0.4005800 0.3954912 0.1127367 0.1711634 0.1920823 0.0265796 0.4236705 0.3557494 0.3564553 0.2552859 0.3544840 0.3706226 0.3008657 0.1713663 0.3959492 0.3536243 0.4006327 0.3532890 0.4454320 0.4062517 0.1553092 
Perityle_cernua_84                         0.1542878 0.1281113 0.1545829 0.3198217 0.2549849 0.0872349 0.2410027 0.1512752 0.2187501 0.2333838 0.2834793 0.0704979 0.2414459 0.0659504 0.2354865 0.0870123 0.0760125 0.1595416 0.0994035 0.0788598 0.0000000 0.3380918 0.1812925 0.2622476 0.0736353 0.1861266 0.0898681 0.0773406 0.2762279 0.1726249 0.2724608 0.1498090 0.1239731 0.2089444 0.0708168 0.2941061 0.3118148 0.0395028 0.2802785 0.0968845 0.2476506 0.2472766 0.2916377 0.2365810 0.3266230 0.2649063 0.2723280 0.1819230 0.1775667 0.3362067 0.0829904 0.0670308 0.0846150 0.2079560 0.1189056 0.0856040 0.0788013 0.3071426 0.3387517 0.0344217 0.2523575 0.0768216 0.1068408 0.0803599 0.2670311 0.2680070 0.1061788 0.1429863 0.1388445 0.0271144 0.2713141 0.2449178 0.2915028 0.1809763 0.2308692 0.2629206 0.2630683 0.1474195 0.2718318 0.2659107 0.2619863 0.2626170 0.3291782 0.2642265 0.1028832 
Perityle_cfvillosa_25_tin                  0.4329268 0.2179221 0.4418095 0.4092059 0.1188320 0.1405560 0.2913128 0.2712378 0.3855441 0.1148284 0.1735188 0.4482154 0.0788189 0.4334311 0.1545781 0.4338356 0.3848381 0.3829438 0.3885271 0.4530157 0.3380918 0.0000000 0.3104104 0.2481938 0.3970280 0.0479695 0.4388427 0.3705830 0.1848503 0.4091494 0.2912194 0.4597965 0.4966940 0.1138513 0.4360625 0.1498663 0.6386628 0.4851771 0.1863694 0.4322900 0.0592255 0.0880398 0.2082949 0.0459002 0.6370192 0.1816635 0.1288070 0.0559879 0.0282358 0.6532282 0.4491610 0.4256432 0.3406203 0.0555492 0.4717764 0.3621445 0.3676868 0.1709033 0.0028588 0.4291084 0.0875210 0.1983082 0.1778396 0.1817411 0.1286197 0.1884845 0.4475389 0.4393249 0.4033182 0.2043485 0.2724131 0.1459878 0.1832830 0.1544084 0.0269642 0.1724552 0.0995530 0.4288984 0.1720769 0.1181881 0.1443443 0.4728623 0.0191147 0.1562298 0.3515368 
Perityle_cinerea_113_Powell1310            0.2138849 0.2711343 0.2623329 0.3945183 0.3303830 0.0960228 0.3427261 0.2861819 0.3288226 0.3722386 0.3240468 0.2307678 0.3237677 0.2270512 0.3029689 0.2317714 0.2404390 0.2201961 0.2290310 0.2341238 0.1812925 0.3104104 0.0000000 0.3205769 0.2294022 0.3094046 0.2414585 0.2305397 0.3358902 0.3049561 0.2971369 0.2848712 0.5566365 0.3149648 0.2182396 0.3471387 0.2732195 0.2168067 0.3501502 0.2519223 0.3217847 0.3265736 0.3576173 0.3019303 0.2743875 0.3421703 0.3277605 0.3102403 0.3249100 0.2892208 0.2446432 0.2297845 0.2396565 0.3417838 0.2216541 0.2544026 0.2436499 0.3588795 0.3064531 0.1795633 0.3396049 0.1858042 0.2648374 0.2410165 0.3203410 0.3266646 0.2515855 0.2530005 0.3014321 0.0640814 0.3156099 0.3305490 0.3667348 0.2620198 0.2933877 0.3403758 0.2913428 0.2611865 0.3319283 0.3216364 0.2786292 0.2952190 0.3022803 0.3082238 0.2359368 
Perityle_coahuilensis_24                   0.3936921 0.2221649 0.3913484 0.3922413 0.1945602 0.1541803 0.2829177 0.2727157 0.4132923 0.1231118 0.2229746 0.4053822 0.1768266 0.3966983 0.1118432 0.4054204 0.3349902 0.4267290 0.4314232 0.4246537 0.2622476 0.2481938 0.3205769 0.0000000 0.3742222 0.0430313 0.4210786 0.4283212 0.1958404 0.3274115 0.3278890 0.4233698 0.5820101 0.1230003 0.4043591 0.2585078 0.5817475 0.4370369 0.1483701 0.4015100 0.1681730 0.1575596 0.2090512 0.0598971 0.6079462 0.1878271 0.1529899 0.0395766 0.0374144 0.6147555 0.4111634 0.3940950 0.3817595 0.0670552 0.4157829 0.3202792 0.3658711 0.2072972 0.2686195 0.3632439 0.1258669 0.2002650 0.1865613 0.2066485 0.1563204 0.1989334 0.3920864 0.4120126 0.3391180 0.2470144 0.1741996 0.1869751 0.2370298 0.0423690 0.1764211 0.2112941 0.1243528 0.4046829 0.1827732 0.1211856 0.1636365 0.4288434 0.2314942 0.1814256 0.2676050 
Perityle_cochisensis_44_cave_creek         0.2366925 0.1595652 0.1569370 0.3434670 0.3582509 0.1235294 0.2638500 0.2116923 0.2602005 0.2592364 0.3591438 0.0439219 0.3354148 0.0321461 0.2347639 0.0585500 0.0281425 0.1578485 0.1371123 0.0318368 0.0736353 0.3970280 0.2294022 0.3742222 0.0000000 0.2171150 0.0965955 0.0532697 0.3536504 0.1699596 0.3062656 0.1761321 0.1785232 0.2382582 0.0252994 0.4118137 0.3978963 0.1606176 0.3300927 0.0651665 0.3549374 0.3340869 0.3605864 0.2712829 0.4095151 0.3445069 0.3611836 0.2075129 0.2013718 0.4163786 0.0335245 0.0237189 0.0307402 0.2485034 0.2162959 0.1850885 0.0524794 0.3353912 0.4154261 0.1249695 0.2779679 0.1211822 0.1407909 0.0826887 0.3610001 0.3508884 0.1092704 0.1295826 0.1747963 0.0220498 0.3754490 0.3378870 0.3299180 0.1960191 0.3529716 0.3537804 0.2870430 0.1333971 0.3567599 0.3224276 0.3501486 0.3456888 0.3882307 0.3571342 0.1431167 
Perityle_congesta_202                      0.1858170 0.2042738 0.1917415 0.1938025 0.0538873 0.1327492 0.1502653 0.2084989 0.2129856 0.1173519 0.0771140 0.1835031 0.0361724 0.1880076 0.0431450 0.1948964 0.1917546 0.2132785 0.2223622 0.2116721 0.1861266 0.0479695 0.3094046 0.0430313 0.2171150 0.0000000 0.1969921 0.2300220 0.0700803 0.1828282 0.2926791 0.2250199 0.2175727 0.1104614 0.1991489 0.1023081 0.3427375 0.2143270 0.0685165 0.1912190 0.0362896 0.0363237 0.0771121 0.0334563 0.3657746 0.0615629 0.0405556 0.0269149 0.0363261 0.3689499 0.2064206 0.1915918 0.2026317 0.0446695 0.1908948 0.1828161 0.2250660 0.1852188 0.0525422 0.1924471 0.0611390 0.1414583 0.1681907 0.1878582 0.0405315 0.0702000 0.2083967 0.2066609 0.2156187 0.2022834 0.0361325 0.0385203 0.1103725 0.0204217 0.0160961 0.0565253 0.0347014 0.1959257 0.0588557 0.0427939 0.0433657 0.2727829 0.0411929 0.0449173 0.1841000 
Perityle_cordifolia_27                     0.2430654 0.1471334 0.1630399 0.3759760 0.3307910 0.1115911 0.2934440 0.1975955 0.2547766 0.2251245 0.3740938 0.0972554 0.3203669 0.0966754 0.2720555 0.0746320 0.0846323 0.1957341 0.1269439 0.1025273 0.0898681 0.4388427 0.2414585 0.4210786 0.0965955 0.1969921 0.0000000 0.1247958 0.3743226 0.1976019 0.2868270 0.1709463 0.1756316 0.2064067 0.0954920 0.3960342 0.4470909 0.1744755 0.3520131 0.0745515 0.3332589 0.3270006 0.3692343 0.2414048 0.4589341 0.3615341 0.3796057 0.1804888 0.1731126 0.4725379 0.1076168 0.0916208 0.0939625 0.2125963 0.2227412 0.1911881 0.1114832 0.3271141 0.4530019 0.1575928 0.2669233 0.1174050 0.1287692 0.0049920 0.3747608 0.3716415 0.0141969 0.1763546 0.1744856 0.0688450 0.4086320 0.3280755 0.3363962 0.2369441 0.3235952 0.3426533 0.2773865 0.1781785 0.3727867 0.3266712 0.3759442 0.3725060 0.4189585 0.3807621 0.1597219 
Perityle_cordifolia_68_tecolote            0.2663867 0.1771499 0.1732324 0.3453666 0.3883933 0.1234552 0.2991267 0.2043321 0.2787767 0.2559204 0.4056716 0.0721401 0.3504111 0.0647892 0.2425133 0.0794519 0.0533231 0.1489113 0.1390713 0.0622283 0.0773406 0.3705830 0.2305397 0.4283212 0.0532697 0.2300220 0.1247958 0.0000000 0.3973453 0.1847044 0.3129936 0.1856993 0.2022504 0.2243520 0.0639296 0.4051475 0.3782011 0.1775151 0.3741856 0.0926023 0.3627833 0.3580494 0.4087115 0.2688742 0.3702314 0.3926329 0.4035401 0.2134838 0.2055829 0.3849775 0.0771596 0.0474365 0.0668714 0.2378003 0.2652179 0.1968513 0.0231390 0.3291088 0.3823807 0.1484914 0.2906024 0.1253378 0.1436566 0.0998370 0.3975480 0.3941381 0.1342966 0.1581385 0.1917389 0.0535010 0.4498726 0.3606711 0.3524488 0.2222019 0.3540503 0.3880453 0.2798648 0.1605623 0.3893360 0.3485443 0.3834536 0.3668547 0.3634276 0.4100424 0.1482395 
Perityle_coronopifolia_28_patagonia        0.3626032 0.2094652 0.3726736 0.3690621 0.0993864 0.1392115 0.2931376 0.2901578 0.3647796 0.1290559 0.1145192 0.3696257 0.0965260 0.3691598 0.1405771 0.3764221 0.3370794 0.4076386 0.3937933 0.3982186 0.2762279 0.1848503 0.3358902 0.1958404 0.3536504 0.0700803 0.3743226 0.3973453 0.0000000 0.3178085 0.3121972 0.3917356 0.5109609 0.1147730 0.3788913 0.1370331 0.5736884 0.4202003 0.0889568 0.3735188 0.0928241 0.1023885 0.1091145 0.0798098 0.5798407 0.0897904 0.0855460 0.0714666 0.0867866 0.5876162 0.3807482 0.3745229 0.3574784 0.0992235 0.4096985 0.3223274 0.3659271 0.1987288 0.1895136 0.3563007 0.0541787 0.1789116 0.1828212 0.1988553 0.0839337 0.0169978 0.3676821 0.3640354 0.3517481 0.2468612 0.2214218 0.1285431 0.1517186 0.0648400 0.0804455 0.1607278 0.1121343 0.3594236 0.0937306 0.0916771 0.0888056 0.4489070 0.1832533 0.0810670 0.2628792 
Perityle_crassifolia_70_ventanas           0.2142355 0.1448376 0.1948953 0.3172523 0.2732965 0.1272247 0.2596565 0.2060731 0.2565936 0.2458182 0.3206291 0.1871968 0.2807832 0.1750549 0.2696247 0.1882557 0.1665893 0.2199884 0.2006896 0.1947905 0.1726249 0.4091494 0.3049561 0.3274115 0.1699596 0.1828282 0.1976019 0.1847044 0.3178085 0.0000000 0.2047356 0.1976097 0.1909290 0.2204048 0.1875043 0.3691073 0.4490735 0.2253947 0.3287684 0.1875904 0.2724601 0.2795055 0.3274577 0.2549706 0.4806427 0.3243951 0.3267006 0.1954335 0.1863775 0.4906074 0.1923558 0.1778010 0.1598807 0.2024651 0.2563034 0.1532422 0.1961683 0.3164808 0.4119756 0.2029381 0.2634609 0.1229893 0.1493393 0.1502091 0.3262836 0.3073812 0.2055719 0.1947145 0.2075199 0.1779498 0.3301537 0.2857209 0.3232566 0.2257637 0.2720434 0.3144319 0.2796149 0.1969709 0.3205658 0.3125592 0.3244724 0.2904914 0.4028403 0.3158992 0.1513888 
Perityle_crassifolia_74_playa_balandra     0.2727175 0.2663221 0.2789933 0.3268255 0.3005595 0.1421654 0.3172009 0.3050653 0.3565142 0.2483094 0.3001253 0.2863931 0.3012614 0.2939355 0.2773650 0.3019316 0.2957343 0.2484951 0.2715916 0.3134502 0.2724608 0.2912194 0.2971369 0.3278890 0.3062656 0.2926791 0.2868270 0.3129936 0.3121972 0.2047356 0.0000000 0.3078652 0.4324182 0.1823106 0.3022540 0.3557016 0.3847908 0.2979168 0.3001635 0.3003447 0.3052770 0.2930288 0.3177255 0.2889233 0.3971072 0.2956684 0.3203279 0.2804338 0.2619134 0.4068277 0.3068683 0.2914631 0.2975848 0.2918893 0.3123627 0.2868484 0.3000891 0.3083521 0.2945276 0.2663115 0.3067445 0.1761208 0.2392822 0.2610047 0.3069465 0.2982393 0.2885423 0.2719150 0.3196276 0.2499724 0.3189448 0.2854391 0.2613493 0.2272519 0.2911596 0.3130003 0.2853543 0.2758204 0.3076368 0.3090442 0.2588580 0.3360109 0.3008192 0.3054292 0.2225442 
Perityle_cuneata_34_cuneata_San_antonio    0.2480002 0.1579762 0.1901571 0.3590701 0.3448406 0.1444820 0.3218136 0.2011711 0.2493583 0.2731516 0.3874563 0.1823540 0.3356988 0.1820988 0.2897420 0.1746438 0.1635959 0.1910099 0.1905555 0.1915227 0.1498090 0.4597965 0.2848712 0.4233698 0.1761321 0.2250199 0.1709463 0.1856993 0.3917356 0.1976097 0.3078652 0.0000000 0.1433497 0.2424551 0.1852821 0.4138036 0.4720583 0.2610906 0.3702944 0.1818702 0.3515908 0.3499758 0.3920029 0.2756513 0.4916581 0.3845304 0.3844052 0.2137986 0.1996875 0.5101158 0.1975911 0.1841678 0.1804825 0.2361006 0.3150917 0.2111328 0.1845251 0.3360690 0.4756420 0.2273510 0.2905362 0.1348719 0.1291175 0.1524795 0.3924912 0.3890807 0.1794652 0.1934634 0.1878200 0.1849540 0.4081356 0.3530764 0.3520528 0.2315419 0.3584765 0.3610117 0.3201198 0.1915280 0.3765206 0.3552766 0.3737646 0.3550281 0.4463598 0.3841706 0.1764773 
Perityle_cuneata_4                         0.3969073 0.1320644 0.2115057 0.3853149 0.5201208 0.0238124 0.4150752 0.2424736 0.3383855 0.2273606 0.5403999 0.1874770 0.4692996 0.1993280 0.1949427 0.1941979 0.1493863 0.1686757 0.1771679 0.1868336 0.1239731 0.4966940 0.5566365 0.5820101 0.1785232 0.2175727 0.1756316 0.2022504 0.5109609 0.1909290 0.4324182 0.1433497 0.0000000 0.1416197 0.1901475 0.5360797 0.5164404 0.3192603 0.4747192 0.1910177 0.4917770 0.5022163 0.5014125 0.3352287 0.5026549 0.5065007 0.5113213 0.1802300 0.1549477 0.5202858 0.1992659 0.1912788 0.1919811 0.2187741 0.5536030 0.2525055 0.1505546 0.5924233 0.5140456 0.2795043 0.3631916 0.0724746 0.0838724 0.1044718 0.5215621 0.5244283 0.1382394 0.1692485 0.2368903 0.0000010 0.6563837 0.5096188 0.4350566 0.1005211 0.4737533 0.5473471 0.3635397 0.1699705 0.5075257 0.4806769 0.5668660 0.5489587 0.4727817 0.5463146 0.1516046 
Perityle_discoidea_81                      0.1841593 0.2368769 0.2097625 0.2140146 0.1098245 0.1770773 0.1773941 0.2157776 0.2225962 0.0080054 0.1173738 0.2092755 0.1099716 0.2149415 0.0988688 0.2121782 0.2120281 0.2278573 0.2394779 0.2343916 0.2089444 0.1138513 0.3149648 0.1230003 0.2382582 0.1104614 0.2064067 0.2243520 0.1147730 0.2204048 0.1823106 0.2424551 0.1416197 0.0000000 0.2256677 0.1510867 0.2833908 0.2180347 0.1091926 0.2080377 0.1162291 0.1161588 0.1262547 0.1018731 0.3142182 0.1028702 0.1158700 0.1054767 0.1055528 0.3167452 0.2310112 0.2189188 0.2233195 0.1334186 0.2037913 0.2213878 0.2367199 0.1325651 0.1138513 0.2254058 0.1058355 0.2114904 0.2161461 0.2098878 0.1127060 0.1147988 0.2178769 0.2295227 0.2410892 0.2855552 0.1158936 0.1131067 0.0238767 0.1205426 0.1122530 0.1144024 0.1113144 0.2163293 0.1119895 0.1162577 0.1142922 0.2201357 0.1138513 0.1219466 0.2355758 
Perityle_dissecta_201                      0.2371761 0.1501951 0.1708612 0.3592646 0.3392985 0.0982426 0.2762226 0.2009222 0.2538081 0.2381739 0.3807371 0.0424412 0.3157332 0.0206462 0.2748498 0.0555644 0.0338531 0.1815898 0.1500968 0.0264772 0.0708168 0.4360625 0.2182396 0.4043591 0.0252994 0.1991489 0.0954920 0.0639296 0.3788913 0.1875043 0.3022540 0.1852821 0.1901475 0.2256677 0.0000000 0.4001507 0.4405208 0.1543105 0.3616308 0.0585679 0.3390462 0.3270297 0.3886378 0.2585792 0.4440740 0.3730654 0.3766404 0.1951205 0.1850849 0.4498037 0.0309731 0.0249120 0.0251648 0.2286816 0.2108258 0.1825168 0.0593072 0.3310667 0.4530895 0.1326777 0.2670095 0.1300981 0.1628774 0.0770513 0.3813467 0.3762471 0.1088019 0.1629814 0.1775472 0.0131445 0.4014332 0.3326633 0.3469429 0.2357605 0.3352343 0.3496951 0.2797608 0.1631714 0.3766838 0.3315599 0.3761911 0.3653856 0.4283135 0.3821697 0.1599179 
Perityle_emoryi_47_punta_san_jose          0.3944101 0.2514702 0.4012345 0.4039380 0.1528481 0.1973441 0.3475963 0.3508011 0.4065502 0.1329313 0.1634637 0.3940458 0.1309558 0.3884576 0.1162592 0.3855518 0.3997419 0.3756516 0.3759822 0.4273598 0.2941061 0.1498663 0.3471387 0.2585078 0.4118137 0.1023081 0.3960342 0.4051475 0.1370331 0.3691073 0.3557016 0.4138036 0.5360797 0.1510867 0.4001507 0.0000000 0.5107917 0.4110201 0.1597128 0.3933376 0.1312111 0.1295860 0.1837685 0.0829689 0.5218682 0.1504043 0.1330844 0.1060001 0.1222918 0.5286020 0.4150790 0.3958374 0.3783615 0.1081490 0.4299881 0.3608873 0.3656604 0.2388427 0.1546415 0.3672859 0.1222637 0.1944667 0.2403973 0.2108597 0.1180651 0.1416826 0.3952465 0.4001360 0.3499520 0.2827543 0.2663950 0.1342183 0.1658440 0.1090305 0.0840287 0.1631311 0.1180957 0.3968615 0.1437542 0.1334645 0.1370006 0.4742149 0.1384730 0.0547013 0.2756411 
Perityle_feddemae_99                       0.4713911 0.2250313 0.4909000 0.6436096 0.5467426 0.1704616 0.4844508 0.3845851 0.4932182 0.3409807 0.5776952 0.4352693 0.5104100 0.4445966 0.4390612 0.4300304 0.3844733 0.4444782 0.4140753 0.4394071 0.3118148 0.6386628 0.2732195 0.5817475 0.3978963 0.3427375 0.4470909 0.3782011 0.5736884 0.4490735 0.3847908 0.4720583 0.5164404 0.2833908 0.4405208 0.5107917 0.0000000 0.4579702 0.5708036 0.4361741 0.5137879 0.5208975 0.6180174 0.3542763 0.0574712 0.5992844 0.5787421 0.3064044 0.2729412 0.0477226 0.4516455 0.4274707 0.3622581 0.3114656 0.4980948 0.4030011 0.3782584 0.4128861 0.6558036 0.4192506 0.3703156 0.1454363 0.1716103 0.2071465 0.5696939 0.5750342 0.4332078 0.4289011 0.4293524 0.3329943 0.5897346 0.5583560 0.5201992 0.3837515 0.4819175 0.5817487 0.4549864 0.4346731 0.5838174 0.5182952 0.5460670 0.3818167 0.6261940 0.5879743 0.3001335 
Perityle_fosteri_93                        0.2768146 0.1506908 0.2557579 0.4534965 0.3627161 0.1256505 0.3319477 0.1833099 0.3353204 0.2382592 0.4077123 0.1624260 0.3559160 0.1591818 0.2880616 0.1746832 0.1393305 0.2520751 0.2150481 0.1624439 0.0395028 0.4851771 0.2168067 0.4370369 0.1606176 0.2143270 0.1744755 0.1775151 0.4202003 0.2253947 0.2979168 0.2610906 0.3192603 0.2180347 0.1543105 0.4110201 0.4579702 0.0000000 0.3713569 0.1763487 0.3756543 0.3687517 0.4287817 0.2671428 0.4630662 0.4015889 0.4100371 0.2104800 0.2084038 0.4686856 0.1684181 0.1534333 0.1933354 0.2395438 0.2414397 0.1355191 0.1215255 0.3470930 0.4976969 0.0651044 0.2901200 0.0977166 0.1367560 0.0979368 0.3973297 0.4176120 0.1615508 0.2482554 0.2208437 0.0547747 0.4183512 0.3661131 0.3501295 0.2470480 0.3759054 0.3786080 0.2995624 0.2528807 0.4100009 0.3606287 0.4252531 0.3985502 0.4627205 0.4023665 0.1574281 
Perityle_gamon_221                         0.3381672 0.2256047 0.3423699 0.3301090 0.0789242 0.1708962 0.2623487 0.2835864 0.3162994 0.1104246 0.0963467 0.3528845 0.0894188 0.3488254 0.1352642 0.3650259 0.3278726 0.3837681 0.3695573 0.3716185 0.2802785 0.1863694 0.3501502 0.1483701 0.3300927 0.0685165 0.3520131 0.3741856 0.0889568 0.3287684 0.3001635 0.3702944 0.4747192 0.1091926 0.3616308 0.1597128 0.5708036 0.3713569 0.0000000 0.3589067 0.0888984 0.0932849 0.0735224 0.0762668 0.5875450 0.0326061 0.0864994 0.0674973 0.0724161 0.5900962 0.3608291 0.3545133 0.3312645 0.0975165 0.3691639 0.3113345 0.3761236 0.2096359 0.1904967 0.3302556 0.0922080 0.2063038 0.1883599 0.2138688 0.0814130 0.0922990 0.3645032 0.3429289 0.3075771 0.2525512 0.1752830 0.1218047 0.1384851 0.0653773 0.0742663 0.1366786 0.1149345 0.3404423 0.0651318 0.0873043 0.0919606 0.4184104 0.1783352 0.0917822 0.2485119 
Perityle_gentryi_8_san_francisco           0.2522699 0.1562639 0.1594561 0.3538457 0.3254980 0.1151868 0.2734407 0.2067671 0.2424305 0.2287217 0.3751277 0.0601256 0.3173100 0.0608342 0.2749460 0.0188438 0.0554936 0.1884423 0.1512281 0.0682050 0.0968845 0.4322900 0.2519223 0.4015100 0.0651665 0.1912190 0.0745515 0.0926023 0.3735188 0.1875904 0.3003447 0.1818702 0.1910177 0.2080377 0.0585679 0.3933376 0.4361741 0.1763487 0.3589067 0.0000000 0.3386785 0.3292589 0.3786176 0.2497663 0.4416591 0.3727866 0.3803722 0.1814051 0.1926541 0.4496574 0.0712735 0.0536331 0.0609756 0.2196391 0.2163042 0.1848087 0.0876876 0.3183120 0.4491926 0.1540957 0.2632857 0.1265339 0.1298003 0.0460617 0.3804500 0.3709122 0.0844253 0.1710761 0.1822907 0.0682582 0.4028969 0.3390300 0.3377581 0.2365022 0.3260334 0.3560321 0.2716375 0.1748155 0.3691797 0.3239323 0.3756937 0.3446918 0.4247274 0.3791447 0.1638109 
Perityle_gilensis_22_Superstition          0.3397842 0.2170431 0.3467920 0.3354593 0.0836082 0.1365572 0.2864668 0.2562557 0.3597733 0.1222498 0.0963460 0.3488168 0.0503077 0.3337508 0.0379479 0.3398673 0.3201028 0.3453529 0.3542896 0.3616883 0.2476506 0.0592255 0.3217847 0.1681730 0.3549374 0.0362896 0.3332589 0.3627833 0.0928241 0.2724601 0.3052770 0.3515908 0.4917770 0.1162291 0.3390462 0.1312111 0.5137879 0.3756543 0.0888984 0.3386785 0.0000000 0.0174593 0.1156828 0.0495456 0.5401228 0.0898822 0.0326935 0.0439207 0.0231423 0.5521712 0.3532794 0.3321112 0.3585508 0.0595586 0.3618597 0.2877474 0.3106949 0.1737904 0.0628502 0.3228756 0.0860549 0.1773515 0.1736709 0.1984349 0.0358199 0.0963518 0.3206157 0.3245990 0.2932165 0.2219810 0.1900904 0.0174531 0.1120854 0.0364703 0.0280679 0.0587809 0.0433312 0.3175640 0.0824267 0.0408133 0.0394223 0.4583958 0.0569996 0.0716772 0.2069159 
Perityle_gilensis_salensis_225             0.3268117 0.2174587 0.3397368 0.3430787 0.0766823 0.1408522 0.2627451 0.2598297 0.3694163 0.1196021 0.1042710 0.3383697 0.0528944 0.3193648 0.0683371 0.3328432 0.3082899 0.3401910 0.3497333 0.3490290 0.2472766 0.0880398 0.3265736 0.1575596 0.3340869 0.0363237 0.3270006 0.3580494 0.1023885 0.2795055 0.2930288 0.3499758 0.5022163 0.1161588 0.3270297 0.1295860 0.5208975 0.3687517 0.0932849 0.3292589 0.0174593 0.0000000 0.1236611 0.0496075 0.5463741 0.0978218 0.0451955 0.0416783 0.0161064 0.5584151 0.3408556 0.3228078 0.3506901 0.0595570 0.3203826 0.2675874 0.3093415 0.1740943 0.0911055 0.3225048 0.0837975 0.1943420 0.1740580 0.1988191 0.0451434 0.1077002 0.3174225 0.3117251 0.2793602 0.2217389 0.1796977 0.0091312 0.1232522 0.0510229 0.0266894 0.0632235 0.0738028 0.3048599 0.0885676 0.0597319 0.0514016 0.4559752 0.0809638 0.0777403 0.2047081 
Perityle_glaucescens_94                    0.3755905 0.2359009 0.3824663 0.3428320 0.1101613 0.1765756 0.2808528 0.3107118 0.3750454 0.1281354 0.1259462 0.3768000 0.1158425 0.3770589 0.1453497 0.3844975 0.3499993 0.4115833 0.3952166 0.4035721 0.2916377 0.2082949 0.3576173 0.2090512 0.3605864 0.0771121 0.3692343 0.4087115 0.1091145 0.3274577 0.3177255 0.3920029 0.5014125 0.1262547 0.3886378 0.1837685 0.6180174 0.4287817 0.0735224 0.3786176 0.1156828 0.1236611 0.0000000 0.1010177 0.6241642 0.0662472 0.1108899 0.0814178 0.0873851 0.6318211 0.3953387 0.3819849 0.3694001 0.1066500 0.4140727 0.3436612 0.3895148 0.2209512 0.2114175 0.3727041 0.1103914 0.1971722 0.1911410 0.2201233 0.1074636 0.1156524 0.3704956 0.3797381 0.3577685 0.2843129 0.2265281 0.1512561 0.1648694 0.0852785 0.1079389 0.1865027 0.1349405 0.3750152 0.1038788 0.1126998 0.1232816 0.4369560 0.2068000 0.1177517 0.2741181 
Perityle_gracilis_11                       0.2172544 0.2033351 0.2268872 0.2394163 0.0667063 0.1300431 0.2074109 0.2487939 0.2552215 0.1081147 0.0851184 0.2516271 0.0494199 0.2479965 0.0455877 0.2537868 0.2477332 0.2512709 0.2454789 0.2657804 0.2365810 0.0459002 0.3019303 0.0598971 0.2712829 0.0334563 0.2414048 0.2688742 0.0798098 0.2549706 0.2889233 0.2756513 0.3352287 0.1018731 0.2585792 0.0829689 0.3542763 0.2671428 0.0762668 0.2497663 0.0495456 0.0496075 0.1010177 0.0000000 0.3651582 0.0651842 0.0516379 0.0155922 0.0361577 0.3772873 0.2724686 0.2448624 0.2603561 0.0655820 0.2407357 0.2258989 0.2621164 0.1628519 0.0459754 0.2424839 0.0698120 0.1571919 0.1592069 0.1828154 0.0430729 0.0777474 0.2617123 0.2513502 0.2546472 0.2063970 0.0845491 0.0517752 0.1098794 0.0290657 0.0324839 0.0560029 0.0524405 0.2406556 0.0646213 0.0474775 0.0538816 0.3344274 0.0373519 0.0515828 0.2005348 
