84
Amauria_brandeegeana_62                    0.0000000 0.1433110 0.1056849 0.2073255 0.1369921 0.1674738 0.3399291 0.0646938 0.1346117 0.1261233 0.1514991 0.1387725 0.0934506 0.1370750 0.0604313 0.2038004 0.1405027 0.1223107 0.1051954 0.0987161 0.0856387 0.1119377 0.1362332 0.1212435 0.1308185 0.1543647 0.1305860 0.1398844 0.1288729 0.1196258 0.2333883 0.0432677 0.1108951 0.0290038 0.1446981 0.1045137 0.1445467 0.1324191 0.1191600 0.1184626 0.1391600 0.1195830 0.1496205 0.1441165 0.1214385 0.1381510 0.1211068 0.1391430 0.1233125 0.1681355 0.1170716 0.1248898 0.1119278 0.1171331 0.1580875 0.1045198 0.1178328 0.1148431 0.1423577 0.1271226 0.1396681 0.1008353 0.1489814 0.1450265 0.1321495 0.1254878 0.1238859 0.1033663 0.1561464 0.1178073 0.1327422 0.1761816 0.1068207 0.1215355 0.2178314 0.1277525 0.1623307 0.2332379 0.1185031 0.1787493 0.1124081 0.2271965 0.1150301 0.1510441 
Amauria_carterae_99_mesa                   0.1433110 0.0000000 0.1729370 0.2189383 0.1511021 0.1699087 0.3001489 0.1710859 0.1465510 0.1334987 0.1509650 0.1229444 0.1254196 0.1460426 0.0797307 0.1259435 0.1353354 0.1330165 0.1218197 0.1446573 0.1156409 0.0520951 0.1459942 0.1409614 0.1093643 0.1618745 0.1618129 0.1590255 0.1863275 0.1972722 0.1284742 0.1326946 0.1230589 0.1604583 0.1740264 0.1200110 0.1544819 0.1455039 0.1287448 0.1382188 0.1655977 0.1379952 0.1802916 0.1453594 0.1282424 0.1414862 0.1251049 0.1655977 0.1262523 0.1139083 0.1203691 0.0332379 0.1265088 0.1682160 0.1487883 0.1500072 0.1252426 0.1427311 0.2108050 0.1334668 0.1356226 0.0853590 0.1396489 0.1616826 0.1098708 0.1475390 0.1571419 0.0450314 0.1564861 0.1344962 0.1676453 0.1378840 0.1394715 0.1434785 0.2217303 0.1415538 0.1556682 0.1553147 0.1322644 0.1512754 0.1345253 0.1723536 0.1290534 0.1577678 
Amauria_rotundifolia_SRR9119150            0.1056849 0.1729370 0.0000000 0.1993942 0.1416688 0.1582410 0.3065484 0.1502771 0.1258770 0.1174820 0.1526935 0.1263829 0.1045709 0.1480628 0.0659406 0.2017253 0.1367525 0.1171512 0.1075741 0.1230731 0.1000275 0.1285944 0.1126576 0.1235946 0.1396849 0.1512700 0.1294999 0.1470817 0.0966063 0.1157122 0.1855550 0.1242702 0.1123786 0.1037027 0.1464047 0.1162995 0.1363163 0.1368826 0.1220529 0.1186523 0.1427827 0.1306199 0.1431756 0.1358425 0.1271523 0.1322916 0.1255739 0.1465349 0.1200159 0.1877911 0.1304924 0.1374596 0.1164693 0.1117975 0.1705780 0.1060278 0.1186302 0.1402490 0.1463526 0.1254657 0.1332525 0.1044971 0.1154112 0.1294438 0.1272653 0.1451705 0.1137446 0.1447838 0.1566381 0.1186914 0.1453740 0.1941348 0.1341136 0.1219366 0.2450241 0.1618178 0.1550689 0.2388036 0.1170390 0.2036364 0.1287201 0.1758361 0.1123097 0.1354287 
Conoclinium_coelestinum_SRR9119114         0.2073255 0.2189383 0.1993942 0.0000000 0.2003442 0.1268623 0.3204488 0.2361357 0.1963060 0.1691789 0.1932116 0.2046227 0.1693988 0.1745233 0.0938488 0.3109525 0.2134938 0.1797639 0.1850762 0.1699042 0.1652818 0.1803244 0.1897438 0.1817356 0.1954976 0.1981083 0.1840154 0.2057459 0.1817754 0.2260139 0.2749845 0.2108934 0.1722657 0.2118267 0.1919598 0.1679681 0.1981156 0.1693720 0.1855153 0.1802962 0.1981906 0.1750456 0.1986920 0.2094467 0.1796303 0.1924406 0.1800731 0.2050674 0.1863595 0.2250868 0.1856184 0.1912145 0.1594210 0.1714249 0.2071187 0.1825099 0.1800776 0.1758977 0.2375367 0.1724387 0.1857463 0.1531200 0.2045011 0.1981252 0.1922085 0.1834634 0.1926218 0.1943898 0.1872117 0.1835944 0.2094296 0.1749629 0.1651409 0.1861498 0.3118653 0.2140608 0.1875719 0.2929623 0.1796562 0.2728581 0.1637895 0.2819540 0.1856339 0.1643565 
Eutetras_palmeri_63                        0.1369921 0.1511021 0.1416688 0.2003442 0.0000000 0.1393552 0.3157446 0.1286104 0.1327152 0.1135827 0.1189300 0.0897733 0.0691765 0.1320645 0.0414937 0.2328294 0.1194324 0.1128146 0.0894197 0.0801902 0.0487510 0.1123810 0.1106874 0.1125306 0.1189273 0.1369796 0.1307926 0.1188772 0.1039959 0.1421350 0.2196705 0.1450098 0.0998143 0.1117393 0.1324131 0.0738246 0.1521105 0.1365292 0.1191148 0.1095231 0.1364509 0.0773761 0.1385691 0.1344651 0.1110266 0.0944204 0.1225962 0.1364346 0.1134162 0.1388979 0.0807554 0.1127713 0.1025260 0.0931145 0.1206483 0.0755579 0.1125132 0.0868098 0.1445999 0.1088795 0.1305883 0.0970986 0.1315411 0.1463921 0.1192578 0.1487160 0.1164093 0.0984674 0.1230705 0.1124790 0.1188564 0.1327264 0.0801214 0.1000589 0.2193305 0.1466860 0.1585155 0.2116000 0.1043138 0.1564002 0.0695709 0.2115895 0.1059864 0.1505216 
Eutrochium_fistulosum_SRR9119106           0.1674738 0.1699087 0.1582410 0.1268623 0.1393552 0.0000000 0.2882282 0.1627641 0.1672373 0.1394437 0.1539651 0.1457590 0.1140327 0.1412978 0.0596374 0.2751751 0.1204159 0.1388454 0.1163362 0.0958046 0.1065470 0.1230979 0.1286159 0.1403195 0.1620202 0.1534814 0.1508885 0.1618951 0.1284831 0.1737467 0.2452481 0.1618772 0.1290880 0.1410673 0.1673050 0.0977532 0.1579545 0.1349541 0.1560314 0.1337181 0.1651362 0.1280723 0.1736488 0.1676795 0.1333637 0.1465548 0.1406630 0.1651150 0.1364697 0.1735381 0.1103118 0.1197870 0.1212255 0.1242390 0.1449848 0.1093421 0.1353316 0.1113395 0.1696785 0.1321376 0.1322409 0.1013795 0.1583772 0.1689877 0.1455969 0.1539117 0.1382200 0.1063823 0.1500503 0.1402624 0.1663999 0.1727022 0.0938556 0.1384672 0.2477893 0.1578812 0.1552431 0.2406513 0.1264974 0.1648466 0.1193214 0.2359446 0.1372622 0.1670403 
Helianthus_annuus_SRR9119062               0.3399291 0.3001489 0.3065484 0.3204488 0.3157446 0.2882282 0.0000000 0.2844150 0.3342794 0.2900848 0.3036844 0.3115168 0.2133678 0.3217827 0.1123491 0.4655106 0.3162777 0.2976966 0.2809320 0.2625703 0.2013644 0.1954169 0.3015542 0.2936988 0.3419153 0.3308989 0.3139989 0.2762280 0.3040533 0.3338011 0.4075826 0.3291538 0.2921051 0.3051632 0.3570154 0.2111684 0.3148191 0.3101904 0.3067167 0.2969002 0.3552459 0.2993993 0.3538119 0.3327362 0.3005730 0.3192687 0.2961430 0.3490113 0.2830350 0.2530962 0.2284844 0.1934521 0.2743426 0.2764266 0.2669839 0.2613434 0.2984400 0.2515717 0.3034598 0.2325064 0.3180430 0.2100152 0.3329569 0.3307951 0.3116638 0.3262564 0.2899722 0.1633086 0.3092119 0.3055193 0.3218985 0.3143147 0.2202126 0.3128428 0.4209737 0.3160644 0.3223380 0.4324386 0.3064939 0.2745456 0.2907791 0.4079396 0.2843323 0.3288520 
Lycapsus_tenuifolius_17                    0.0646938 0.1710859 0.1502771 0.2361357 0.1286104 0.1627641 0.2844150 0.0000000 0.1523880 0.1216383 0.1319024 0.1380219 0.1078845 0.1480287 0.0746064 0.2132146 0.1491058 0.1166736 0.1112635 0.1248267 0.0933269 0.1221387 0.1431796 0.1202373 0.1375048 0.1473227 0.1261164 0.1170017 0.1406361 0.1315034 0.2433519 0.0494101 0.1172697 0.0495939 0.1549332 0.1080078 0.1402734 0.1493064 0.1179921 0.1138303 0.1534563 0.1251173 0.1480948 0.1410831 0.1157340 0.1548161 0.1246400 0.1481026 0.1214093 0.1489635 0.1224893 0.1291240 0.1035683 0.1434481 0.1581784 0.1176449 0.1225568 0.1274732 0.1458189 0.1358122 0.1544047 0.1261160 0.1576043 0.1479535 0.1413799 0.1279724 0.1541625 0.1081706 0.1450418 0.1294867 0.1124201 0.1250669 0.1194876 0.1381679 0.2649570 0.1384250 0.1448390 0.2527161 0.1208288 0.1717066 0.1131740 0.2429881 0.1244569 0.1061012 
Pericome_caudata_50_silver                 0.1346117 0.1465510 0.1258770 0.1963060 0.1327152 0.1672373 0.3342794 0.1523880 0.0000000 0.0896146 0.1267912 0.1160417 0.0711505 0.0911032 0.0409020 0.2087225 0.1187876 0.0903853 0.0803913 0.0855806 0.0636391 0.1083231 0.0905594 0.0921943 0.1313458 0.1151492 0.1005025 0.1032751 0.0804182 0.1210493 0.2024470 0.1515747 0.0846921 0.1390359 0.1004377 0.0859023 0.1024219 0.0865981 0.0899889 0.0892170 0.0905228 0.1090047 0.0997724 0.0933141 0.0955426 0.1179219 0.0954572 0.0941051 0.0892191 0.1356283 0.1042331 0.1230299 0.0783829 0.0734918 0.1277320 0.0708904 0.0873681 0.1019199 0.1350121 0.0941756 0.1174543 0.0700267 0.0937672 0.1112717 0.1272339 0.1348795 0.1073120 0.1103575 0.1242220 0.0839446 0.0971800 0.1556200 0.0885695 0.0960659 0.2215689 0.1324376 0.1275353 0.2204767 0.0874037 0.1703456 0.0895390 0.1814449 0.0791118 0.1079432 
Perityle_aglossa_84_dead_horse             0.1261233 0.1334987 0.1174820 0.1691789 0.1135827 0.1394437 0.2900848 0.1216383 0.0896146 0.0000000 0.0782506 0.0826073 0.0394403 0.0952387 0.0724435 0.2069263 0.0941233 0.0308392 0.0436669 0.0500826 0.0389473 0.0615334 0.0528636 0.0307029 0.1134207 0.0987179 0.0921493 0.1113172 0.0837818 0.1123775 0.1928429 0.1302136 0.0356203 0.1141677 0.0978442 0.0268427 0.0931683 0.0874228 0.0634544 0.0322778 0.0960562 0.0702792 0.1016446 0.0859613 0.0367014 0.0920121 0.0442377 0.0960459 0.0361194 0.0914083 0.0276903 0.0600646 0.0240464 0.0808996 0.1062519 0.0599451 0.0352030 0.0512911 0.1453778 0.0989541 0.1057237 0.0633041 0.0566665 0.1097742 0.1106120 0.1127436 0.0983384 0.0333922 0.0817677 0.0518666 0.1034777 0.1195729 0.0486047 0.0597856 0.1911242 0.1195823 0.1084885 0.2104929 0.0368015 0.1498698 0.0707209 0.1840618 0.0723719 0.1078862 
Perityle_ajoensis_204                      0.1514991 0.1509650 0.1526935 0.1932116 0.1189300 0.1539651 0.3036844 0.1319024 0.1267912 0.0782506 0.0000000 0.1048785 0.0530372 0.1325066 0.0520967 0.2072594 0.0966872 0.0864507 0.0609433 0.0545968 0.0317800 0.0598262 0.0682898 0.0727666 0.1504460 0.1141137 0.1357214 0.1144413 0.1013947 0.1579890 0.2065916 0.1485467 0.0835288 0.1216548 0.1349918 0.0493108 0.1397008 0.1279460 0.0941188 0.0827188 0.1332837 0.0878151 0.1336354 0.1278915 0.0826636 0.1142645 0.0958197 0.1294104 0.0827409 0.1238648 0.0504263 0.0646484 0.0719212 0.0970082 0.0861801 0.0820844 0.0858998 0.0562722 0.1434463 0.1045877 0.1219366 0.0806724 0.1082466 0.1537268 0.1426324 0.1225252 0.1171343 0.0420053 0.1041513 0.0793205 0.1191128 0.1218457 0.0536649 0.0838877 0.1893862 0.1232198 0.1296581 0.2303009 0.0665204 0.1426392 0.0870321 0.2089412 0.1007502 0.1272875 
Perityle_ambrosiifolia_67_green            0.1387725 0.1229444 0.1263829 0.2046227 0.0897733 0.1457590 0.3115168 0.1380219 0.1160417 0.0826073 0.1048785 0.0000000 0.0342444 0.1227918 0.0521912 0.2085477 0.1248315 0.0787027 0.0764287 0.0708384 0.0321604 0.0848624 0.0854464 0.0851791 0.0695571 0.1258896 0.1113083 0.1096549 0.0794086 0.1255401 0.1848869 0.1440554 0.0672497 0.1280908 0.1153092 0.0577990 0.1151968 0.1126720 0.0848490 0.0787019 0.1168796 0.0674945 0.1210071 0.1079175 0.0685029 0.0710863 0.0802018 0.1149903 0.0783015 0.0931660 0.0719912 0.1021157 0.0568207 0.0806684 0.1279232 0.0594630 0.0784716 0.0850347 0.1325794 0.0916373 0.1041883 0.0591948 0.0940533 0.1244099 0.0806080 0.1476281 0.0963317 0.0946716 0.1110205 0.0836544 0.1035005 0.1003433 0.0678184 0.1034707 0.1945918 0.1484842 0.1295833 0.1578853 0.0854923 0.1594213 0.0440797 0.1855814 0.0820357 0.1284125 
Perityle_angustifolia_13_Eagle_creek       0.0934506 0.1254196 0.1045709 0.1693988 0.0691765 0.1140327 0.2133678 0.1078845 0.0711505 0.0394403 0.0530372 0.0342444 0.0000000 0.0990455 0.0454677 0.1786762 0.0800786 0.0368075 0.0389234 0.0629177 0.0069727 0.0251234 0.0544067 0.0439122 0.1049649 0.0856745 0.0922653 0.1308307 0.1104948 0.1145851 0.1415520 0.1014672 0.0392422 0.0933222 0.0913894 0.0367781 0.0896008 0.0936578 0.0492542 0.0466131 0.0926254 0.0551007 0.0927871 0.0739286 0.0413908 0.0577449 0.0439664 0.0870842 0.0367593 0.0522617 0.0414625 0.0366019 0.0343028 0.0905366 0.0883988 0.0832792 0.0414917 0.0635448 0.1495862 0.0976261 0.0831398 0.0778818 0.0417188 0.0922013 0.0752261 0.1123545 0.1158969 0.0315511 0.0621925 0.0339612 0.1312413 0.0550623 0.0582201 0.0609658 0.2272864 0.1191721 0.0963242 0.1774715 0.0340713 0.0974889 0.0550619 0.1528327 0.0911765 0.0750377 
Perityle_batopilensis_97                   0.1370750 0.1460426 0.1480628 0.1745233 0.1320645 0.1412978 0.3217827 0.1480287 0.0911032 0.0952387 0.1325066 0.1227918 0.0990455 0.0000000 0.0390261 0.2245047 0.1154801 0.0951566 0.0833032 0.0850263 0.1117030 0.0943923 0.1042545 0.0961859 0.1333655 0.1190666 0.0991845 0.1226737 0.1018258 0.1436028 0.2106254 0.1466547 0.0793955 0.1398397 0.1192348 0.0791689 0.1110846 0.0309261 0.0831287 0.0932315 0.1076682 0.1016849 0.1226059 0.1162530 0.0995184 0.1209958 0.0882364 0.1076563 0.0956455 0.1535607 0.1002585 0.0901102 0.0796739 0.0973970 0.1455264 0.0788408 0.0834289 0.0944350 0.1632306 0.0950760 0.1036576 0.0785720 0.1115579 0.1033319 0.1111044 0.1073995 0.1110030 0.0832959 0.1287232 0.0850180 0.1170461 0.1588947 0.0792679 0.0988651 0.2272856 0.1255045 0.1316084 0.2223213 0.0882087 0.1727491 0.0926130 0.1956903 0.1039895 0.1191106 
Perityle_bisetosa_9                        0.0604313 0.0797307 0.0659406 0.0938488 0.0414937 0.0596374 0.1123491 0.0746064 0.0409020 0.0724435 0.0520967 0.0521912 0.0454677 0.0390261 0.0000000 0.0523633 0.0591711 0.0457244 0.0454677 0.0662640 0.0456419 0.0453862 0.0520967 0.0591167 0.0658502 0.0594506 0.0134150 0.0192121 0.0259090 0.0542629 0.0523633 0.0673871 0.0521804 0.0744613 0.0810748 0.0524903 0.0391508 0.0457297 0.0520967 0.0523921 0.0811621 0.0524903 0.0811801 0.0593240 0.0521912 0.0524903 0.0591167 0.0811621 0.0521912 0.0727675 0.0591167 0.0524399 0.0455496 0.0390564 0.0594506 0.0600259 0.0591167 0.0732149 0.0604691 0.0256935 0.0324384 0.0729512 0.0521804 0.0133893 0.0800915 0.0214369 0.0734625 0.0609758 0.0063514 0.0453862 0.0128028 0.0524903 0.0538435 0.0526626 0.0594804 0.0596776 0.0256754 0.0591558 0.0455915 0.0458732 0.0524903 0.0661959 0.0524588 0.0000010 
Perityle_californica_76_positas            0.2038004 0.1259435 0.2017253 0.3109525 0.2328294 0.2751751 0.4655106 0.2132146 0.2087225 0.2069263 0.2072594 0.2085477 0.1786762 0.2245047 0.0523633 0.0000000 0.2255015 0.2159051 0.2065262 0.2275446 0.0882519 0.3020295 0.1927326 0.2140422 0.1810844 0.2230065 0.2119499 0.1224943 0.0848773 0.2358253 0.1892679 0.1982894 0.2101139 0.1989081 0.2025997 0.2209043 0.2028387 0.2339038 0.2039941 0.2176630 0.2028092 0.2207532 0.1976700 0.1987323 0.2021357 0.2412009 0.2086686 0.2028274 0.2164943 0.2533521 0.2382026 0.3188259 0.1955751 0.1895496 0.2445863 0.2032393 0.2066802 0.2490758 0.2004377 0.1653221 0.2255274 0.1831630 0.2261321 0.2240366 0.2393388 0.2543565 0.2200972 0.3613446 0.2161728 0.2167262 0.1516640 0.2231461 0.2440544 0.2375630 0.2488367 0.2567103 0.2254438 0.2419167 0.2154223 0.3007758 0.2043637 0.2150994 0.1273175 0.0831778 
Perityle_canescens_77                      0.1405027 0.1353354 0.1367525 0.2134938 0.1194324 0.1204159 0.3162777 0.1491058 0.1187876 0.0941233 0.0966872 0.1248315 0.0800786 0.1154801 0.0591711 0.2255015 0.0000000 0.0997170 0.0963581 0.0864898 0.0844079 0.0839935 0.0983191 0.0931182 0.1316097 0.1093839 0.1164056 0.1187019 0.0982341 0.1487833 0.2002405 0.1419514 0.0829702 0.1363244 0.1102812 0.0854043 0.1101191 0.1099547 0.1002126 0.0973744 0.1034986 0.1087965 0.1120549 0.1168741 0.0932893 0.1328767 0.0953120 0.1014696 0.0921741 0.1352611 0.0900136 0.0719589 0.0789208 0.0905972 0.1153949 0.0826259 0.0915483 0.1076108 0.1317046 0.1110914 0.1296854 0.0812856 0.1227390 0.1350141 0.1170561 0.1380290 0.1048271 0.0951934 0.1049196 0.1010821 0.1199678 0.1087598 0.0924544 0.0961795 0.2525522 0.1421333 0.1088979 0.2428485 0.0954630 0.1396163 0.0964391 0.2045981 0.1139114 0.0974510 
Perityle_castillonii_96                    0.1223107 0.1330165 0.1171512 0.1797639 0.1128146 0.1388454 0.2976966 0.1166736 0.0903853 0.0308392 0.0864507 0.0787027 0.0368075 0.0951566 0.0457244 0.2159051 0.0997170 0.0000000 0.0292895 0.0535920 0.0358320 0.0612891 0.0673460 0.0381823 0.1150097 0.1036942 0.0869000 0.1186609 0.0864801 0.1123778 0.1959509 0.1281118 0.0369519 0.1074932 0.1010875 0.0208948 0.0977982 0.0809232 0.0618388 0.0307670 0.1003710 0.0731706 0.1060367 0.0922973 0.0367272 0.0965100 0.0518442 0.1003601 0.0405324 0.0958077 0.0385717 0.0625550 0.0163430 0.0807012 0.1134099 0.0618448 0.0427274 0.0572472 0.1358724 0.0919003 0.1090831 0.0685569 0.0564411 0.1045111 0.1105429 0.1088727 0.1016996 0.0329256 0.0910175 0.0533422 0.1047574 0.1240931 0.0525077 0.0579212 0.2034315 0.1155199 0.1136192 0.2041553 0.0398191 0.1469012 0.0685696 0.1853421 0.0741547 0.1032716 
Perityle_cernua_84                         0.1051954 0.1218197 0.1075741 0.1850762 0.0894197 0.1163362 0.2809320 0.1112635 0.0803913 0.0436669 0.0609433 0.0764287 0.0389234 0.0833032 0.0454677 0.2065262 0.0963581 0.0292895 0.0000000 0.0572384 0.0462998 0.0492829 0.0604021 0.0432652 0.0928048 0.0986875 0.0793244 0.1096323 0.0789056 0.1040406 0.1731656 0.1012128 0.0437584 0.1070475 0.0995547 0.0305042 0.0889410 0.0701856 0.0433261 0.0418873 0.0949834 0.0602413 0.1027944 0.0853870 0.0369580 0.0844421 0.0544764 0.0931184 0.0495023 0.1041025 0.0469317 0.0559742 0.0364170 0.0842388 0.1074737 0.0531376 0.0480659 0.0613568 0.1226817 0.0777189 0.0993326 0.0529972 0.0714121 0.0978329 0.0901452 0.1058503 0.0974427 0.0254361 0.0651206 0.0512729 0.0978294 0.0932282 0.0567277 0.0588991 0.2097217 0.1183572 0.0901485 0.1791427 0.0403428 0.1384008 0.0550967 0.1716091 0.0764624 0.1026844 
Perityle_cfvillosa_25_tin                  0.0987161 0.1446573 0.1230731 0.1699042 0.0801902 0.0958046 0.2625703 0.1248267 0.0855806 0.0500826 0.0545968 0.0708384 0.0629177 0.0850263 0.0662640 0.2275446 0.0864898 0.0535920 0.0572384 0.0000000 0.0626491 0.0483682 0.0771593 0.0496251 0.0909778 0.0887825 0.1034563 0.1324396 0.0919672 0.1273764 0.1919174 0.1068662 0.0476840 0.1135654 0.1115393 0.0342537 0.0956809 0.0870681 0.0689921 0.0516752 0.1040489 0.0107537 0.1110101 0.0983157 0.0496145 0.0327997 0.0516399 0.1018862 0.0497074 0.0920919 0.0509164 0.0410676 0.0444850 0.0938731 0.1013585 0.0774127 0.0478255 0.0120600 0.1679874 0.1138875 0.1090445 0.0629596 0.0746433 0.1143188 0.0732928 0.1155280 0.1181729 0.0260899 0.0628524 0.0458371 0.1238204 0.0107482 0.0101781 0.0557454 0.1697668 0.1252253 0.0929955 0.1887586 0.0383910 0.1529950 0.0091199 0.1886995 0.0946934 0.0809880 
Perityle_cinerea_113_Powell1310            0.0856387 0.1156409 0.1000275 0.1652818 0.0487510 0.1065470 0.2013644 0.0933269 0.0636391 0.0389473 0.0317800 0.0321604 0.0069727 0.1117030 0.0456419 0.0882519 0.0844079 0.0358320 0.0462998 0.0626491 0.0000000 0.0188466 0.0358100 0.0318166 0.0880549 0.0614616 0.0865667 0.1017406 0.1018156 0.0860941 0.0919452 0.0925332 0.0357770 0.0812700 0.0969625 0.0358930 0.0898447 0.1081761 0.0501080 0.0390401 0.0968074 0.0550304 0.0970334 0.0622226 0.0389473 0.0550304 0.0390356 0.0968074 0.0321622 0.0463564 0.0426983 0.0295362 0.0358703 0.0766238 0.0653203 0.0968490 0.0427422 0.0634245 0.1298447 0.0959284 0.0927472 0.0870540 0.0395098 0.0864780 0.0962941 0.0822350 0.1254276 0.0171933 0.0506675 0.0317098 0.0935382 0.0549744 0.0596182 0.0600537 0.0557395 0.1084787 0.0764089 0.0612571 0.0355546 0.0727027 0.0511818 0.0922949 0.0885417 0.0589768 
Perityle_coahuilensis_24                   0.1119377 0.0520951 0.1285944 0.1803244 0.1123810 0.1230979 0.1954169 0.1221387 0.1083231 0.0615334 0.0598262 0.0848624 0.0251234 0.0943923 0.0453862 0.3020295 0.0839935 0.0612891 0.0492829 0.0483682 0.0188466 0.0000000 0.0745484 0.0634666 0.0885141 0.0964479 0.0856211 0.1130830 0.0955132 0.1457149 0.2536563 0.1183585 0.0501262 0.1217677 0.1275581 0.0526650 0.0883681 0.0796713 0.0437189 0.0551087 0.1240341 0.0621580 0.1278365 0.0925490 0.0549389 0.0925083 0.0665801 0.1168995 0.0469671 0.0413577 0.0521461 0.0496167 0.0251877 0.0894163 0.1085904 0.0664424 0.0607268 0.0718250 0.1509868 0.0732900 0.0976844 0.0455378 0.0904841 0.1225528 0.0755853 0.1252643 0.1163206 0.0559049 0.0787169 0.0269319 0.1153791 0.0591842 0.0373153 0.0897411 0.3105675 0.1252493 0.1023472 0.2684849 0.0409353 0.0679137 0.0347664 0.2485765 0.0845301 0.0535790 
Perityle_cochisensis_44_cave_creek         0.1362332 0.1459942 0.1126576 0.1897438 0.1106874 0.1286159 0.3015542 0.1431796 0.0905594 0.0528636 0.0682898 0.0854464 0.0544067 0.1042545 0.0520967 0.1927326 0.0983191 0.0673460 0.0604021 0.0771593 0.0358100 0.0745484 0.0000000 0.0556034 0.1130903 0.0903099 0.0968773 0.1182363 0.0889297 0.1054730 0.1624272 0.1393201 0.0622812 0.1305906 0.0943568 0.0697491 0.0918776 0.0987884 0.0682893 0.0623696 0.0952999 0.0857922 0.0992540 0.0794070 0.0622404 0.0874724 0.0574382 0.0934631 0.0551112 0.1311288 0.0761977 0.0848666 0.0641306 0.0827947 0.1046497 0.0850455 0.0574045 0.0829324 0.1447123 0.1053555 0.1035301 0.0777791 0.0639269 0.0968336 0.1075662 0.1083094 0.0891936 0.0948904 0.0769019 0.0524381 0.1138147 0.1242975 0.0789899 0.0742711 0.2033802 0.1231144 0.1139851 0.2023223 0.0491880 0.1751478 0.0839633 0.1684841 0.0917832 0.1167846 
Perityle_congesta_202                      0.1212435 0.1409614 0.1235946 0.1817356 0.1125306 0.1403195 0.2936988 0.1202373 0.0921943 0.0307029 0.0727666 0.0851791 0.0439122 0.0961859 0.0591167 0.2140422 0.0931182 0.0381823 0.0432652 0.0496251 0.0318166 0.0634666 0.0556034 0.0000000 0.1105319 0.0978765 0.0945940 0.1182545 0.0838562 0.1205073 0.1969019 0.1306346 0.0368158 0.1170764 0.1039869 0.0246578 0.0958259 0.0884150 0.0613550 0.0305258 0.0998209 0.0664577 0.1054529 0.0886508 0.0363322 0.0895569 0.0333245 0.0998102 0.0343366 0.0878853 0.0230584 0.0590843 0.0315606 0.0819991 0.1071405 0.0633186 0.0245036 0.0528379 0.1519051 0.1072104 0.1081586 0.0746620 0.0672942 0.1120559 0.1079874 0.1117777 0.1057258 0.0290034 0.0824837 0.0468193 0.1021949 0.1187443 0.0523718 0.0561409 0.1969020 0.1222658 0.1058887 0.2043969 0.0350019 0.1481062 0.0667846 0.1863118 0.0832924 0.1225175 
Perityle_cordifolia_27                     0.1308185 0.1093643 0.1396849 0.1954976 0.1189273 0.1620202 0.3419153 0.1375048 0.1313458 0.1134207 0.1504460 0.0695571 0.1049649 0.1333655 0.0658502 0.1810844 0.1316097 0.1150097 0.0928048 0.0909778 0.0880549 0.0885141 0.1130903 0.1105319 0.0000000 0.1421931 0.1243847 0.1193356 0.0942467 0.1439717 0.1653007 0.1445333 0.1042825 0.1223580 0.1389470 0.0840669 0.1285513 0.1236027 0.1071371 0.1107559 0.1391141 0.0822004 0.1473911 0.1383170 0.1105160 0.0822291 0.1070660 0.1372171 0.1063286 0.1582101 0.0973617 0.0712649 0.1068346 0.1095643 0.1404943 0.0848876 0.1053132 0.1016202 0.1350461 0.0812521 0.0992679 0.0351762 0.1132530 0.1243277 0.0467537 0.1431884 0.1042277 0.1046402 0.1473257 0.1126188 0.1124674 0.1393126 0.1000236 0.1144918 0.2023678 0.1382718 0.1420672 0.1625121 0.1090829 0.1737674 0.0803450 0.1646256 0.1254092 0.1439663 
Perityle_cordifolia_68_tecolote            0.1543647 0.1618745 0.1512700 0.1981083 0.1369796 0.1534814 0.3308989 0.1473227 0.1151492 0.0987179 0.1141137 0.1258896 0.0856745 0.1190666 0.0594506 0.2230065 0.1093839 0.1036942 0.0986875 0.0887825 0.0614616 0.0964479 0.0903099 0.0978765 0.1421931 0.0000000 0.1116595 0.1158430 0.1027194 0.1501346 0.2078463 0.1497091 0.0941940 0.1345725 0.1116350 0.0920833 0.1193006 0.1162612 0.1059481 0.0949923 0.1167836 0.1064193 0.1076616 0.1140710 0.1046950 0.1204196 0.1014209 0.1204342 0.1026921 0.1506582 0.0998306 0.0995663 0.0880049 0.0930750 0.0211244 0.1076483 0.0981103 0.1032070 0.1407811 0.1113751 0.1220795 0.0999959 0.1188382 0.1242546 0.1407324 0.1174937 0.1341654 0.0951782 0.1386065 0.0898567 0.1251524 0.1600678 0.0905020 0.1080996 0.2228979 0.1304688 0.1182366 0.2277029 0.0866554 0.1524257 0.0957488 0.1868889 0.0996733 0.1247565 
Perityle_coronopifolia_28_patagonia        0.1305860 0.1618129 0.1294999 0.1840154 0.1307926 0.1508885 0.3139989 0.1261164 0.1005025 0.0921493 0.1357214 0.1113083 0.0922653 0.0991845 0.0134150 0.2119499 0.1164056 0.0869000 0.0793244 0.1034563 0.0865667 0.0856211 0.0968773 0.0945940 0.1243847 0.1116595 0.0000000 0.0910271 0.0907763 0.1089989 0.1794158 0.1406176 0.0853539 0.1205929 0.1100344 0.0887246 0.1001924 0.0937550 0.0892310 0.0783308 0.1115264 0.1106115 0.1135446 0.0999464 0.0947029 0.1144355 0.0964719 0.1152207 0.0904401 0.1516093 0.1015013 0.1017719 0.0928016 0.0688819 0.1315071 0.0874432 0.0897766 0.1124194 0.1094411 0.0629319 0.0857308 0.0700377 0.1073936 0.0029664 0.1095347 0.1048809 0.1029471 0.1064551 0.1254980 0.0865653 0.0972776 0.1647491 0.1103682 0.0957589 0.2323847 0.1150493 0.1149855 0.2334652 0.0864452 0.1533297 0.1058717 0.1617740 0.0956072 0.0843339 
Perityle_crassifolia_70_ventanas           0.1398844 0.1590255 0.1470817 0.2057459 0.1188772 0.1618951 0.2762280 0.1170017 0.1032751 0.1113172 0.1144413 0.1096549 0.1308307 0.1226737 0.0192121 0.1224943 0.1187019 0.1186609 0.1096323 0.1324396 0.1017406 0.1130830 0.1182363 0.1182545 0.1193356 0.1158430 0.0910271 0.0000000 0.0550531 0.1725038 0.1281632 0.1388631 0.1096639 0.1394127 0.1410838 0.1011057 0.1166542 0.1163279 0.1193745 0.1220316 0.1481749 0.1233016 0.1418159 0.1201366 0.1154786 0.1264499 0.1127312 0.1481749 0.1095585 0.1269036 0.1136913 0.1039999 0.1128558 0.1037219 0.1179378 0.1198357 0.1128455 0.1308336 0.1630495 0.0807898 0.0987755 0.1208367 0.1246557 0.0909590 0.1167418 0.0987659 0.1566408 0.1244608 0.1184770 0.1218819 0.0527725 0.1232099 0.1244367 0.1308077 0.2306734 0.1198850 0.1042356 0.1559762 0.1131598 0.1304530 0.1232063 0.1345913 0.1130973 0.0775782 
Perityle_crassifolia_74_playa_balandra     0.1288729 0.1863275 0.0966063 0.1817754 0.1039959 0.1284831 0.3040533 0.1406361 0.0804182 0.0837818 0.1013947 0.0794086 0.1104948 0.1018258 0.0259090 0.0848773 0.0982341 0.0864801 0.0789056 0.0919672 0.1018156 0.0955132 0.0889297 0.0838562 0.0942467 0.1027194 0.0907763 0.0550531 0.0000000 0.1100997 0.0797806 0.1204202 0.0789228 0.1258528 0.1140691 0.0808052 0.0974392 0.0939353 0.0864521 0.0890088 0.1043805 0.0879096 0.1073567 0.1084390 0.0814463 0.0853093 0.0815028 0.1098222 0.0838543 0.1579287 0.1015348 0.0871059 0.0815806 0.0786511 0.1134144 0.0933240 0.0815724 0.1019707 0.1585149 0.1016568 0.1020818 0.1116710 0.0865332 0.0907176 0.0994746 0.1058397 0.1158770 0.0910013 0.0789872 0.0914823 0.0638986 0.0878512 0.1034104 0.0954946 0.1097810 0.1283870 0.0771031 0.0863654 0.0891621 0.1828642 0.0826777 0.0847985 0.0848602 0.0731454 
Perityle_cuneata_34_cuneata_San_antonio    0.1196258 0.1972722 0.1157122 0.2260139 0.1421350 0.1737467 0.3338011 0.1315034 0.1210493 0.1123775 0.1579890 0.1255401 0.1145851 0.1436028 0.0542629 0.2358253 0.1487833 0.1123778 0.1040406 0.1273764 0.0860941 0.1457149 0.1054730 0.1205073 0.1439717 0.1501346 0.1089989 0.1725038 0.1100997 0.0000000 0.1938981 0.1313575 0.1107782 0.1148198 0.1343363 0.1272495 0.1245287 0.1357185 0.1172768 0.1137214 0.1268703 0.1285216 0.1271049 0.1277681 0.1206839 0.1302094 0.1190294 0.1268556 0.1168249 0.1963158 0.1409655 0.1647864 0.1134330 0.1204205 0.1816635 0.1161679 0.1154342 0.1455319 0.1336834 0.1354663 0.1205200 0.1233570 0.1158728 0.1089500 0.1348021 0.1365868 0.1282413 0.1791590 0.1576663 0.1155249 0.1530026 0.1847901 0.1418506 0.1209990 0.2399997 0.1507533 0.1471580 0.2552911 0.1120642 0.2045718 0.1266073 0.1809779 0.1232598 0.1455656 
Perityle_cuneata_4                         0.2333883 0.1284742 0.1855550 0.2749845 0.2196705 0.2452481 0.4075826 0.2433519 0.2024470 0.1928429 0.2065916 0.1848869 0.1415520 0.2106254 0.0523633 0.1892679 0.2002405 0.1959509 0.1731656 0.1919174 0.0919452 0.2536563 0.1624272 0.1969019 0.1653007 0.2078463 0.1794158 0.1281632 0.0797806 0.1938981 0.0000000 0.2243341 0.1746338 0.2180871 0.1719177 0.2025873 0.1903687 0.1992561 0.2003736 0.1914984 0.1731892 0.2077296 0.1774235 0.1896953 0.1934368 0.2167034 0.1855592 0.1771621 0.1864443 0.2412178 0.2259350 0.2544521 0.1649998 0.1472220 0.2309464 0.1658499 0.1854703 0.2317371 0.1751250 0.1549241 0.1800971 0.1345707 0.2055924 0.1936281 0.2171387 0.2083679 0.1844294 0.3251229 0.2332685 0.1932374 0.1387800 0.2515870 0.2063039 0.2098445 0.2586764 0.2077901 0.1957359 0.2488522 0.1900291 0.2712941 0.1820867 0.0776940 0.0969583 0.1235275 
Perityle_discoidea_81                      0.0432677 0.1326946 0.1242702 0.2108934 0.1450098 0.1618772 0.3291538 0.0494101 0.1515747 0.1302136 0.1485467 0.1440554 0.1014672 0.1466547 0.0673871 0.1982894 0.1419514 0.1281118 0.1012128 0.1068662 0.0925332 0.1183585 0.1393201 0.1306346 0.1445333 0.1497091 0.1406176 0.1388631 0.1204202 0.1313575 0.2243341 0.0000000 0.1250311 0.0308864 0.1571877 0.1086573 0.1605769 0.1418932 0.1321224 0.1206983 0.1519561 0.1329758 0.1606042 0.1526374 0.1219422 0.1540993 0.1285937 0.1499798 0.1273819 0.1699964 0.1167443 0.1250663 0.1167483 0.1302914 0.1522406 0.1154818 0.1271250 0.1242373 0.1548609 0.1375938 0.1487960 0.1108410 0.1593376 0.1570979 0.1415634 0.1260253 0.1301120 0.1080285 0.1512262 0.1323814 0.1321693 0.1770648 0.1162319 0.1384860 0.2268594 0.1273902 0.1633807 0.2364760 0.1294705 0.1779742 0.1220499 0.2338682 0.1146028 0.1544130 
Perityle_dissecta_201                      0.1108951 0.1230589 0.1123786 0.1722657 0.0998143 0.1290880 0.2921051 0.1172697 0.0846921 0.0356203 0.0835288 0.0672497 0.0392422 0.0793955 0.0521804 0.2101139 0.0829702 0.0369519 0.0437584 0.0476840 0.0357770 0.0501262 0.0622812 0.0368158 0.1042825 0.0941940 0.0853539 0.1096639 0.0789228 0.1107782 0.1746338 0.1250311 0.0000000 0.1082483 0.0960910 0.0248288 0.0945207 0.0794119 0.0419451 0.0354102 0.0988266 0.0652527 0.1044927 0.0907886 0.0368494 0.0801981 0.0308447 0.0988159 0.0330389 0.0863745 0.0364914 0.0498559 0.0254797 0.0848410 0.1016838 0.0597590 0.0263655 0.0574519 0.1383038 0.0883719 0.0982030 0.0592021 0.0553173 0.0918342 0.0945659 0.1039437 0.0995924 0.0441693 0.0946171 0.0384273 0.1023467 0.1192788 0.0438091 0.0548999 0.1963807 0.1121997 0.1037362 0.1967525 0.0369028 0.1393388 0.0570076 0.1660882 0.0722201 0.1077688 
Perityle_emoryi_47_punta_san_jose          0.0290038 0.1604583 0.1037027 0.2118267 0.1117393 0.1410673 0.3051632 0.0495939 0.1390359 0.1141677 0.1216548 0.1280908 0.0933222 0.1398397 0.0744613 0.1989081 0.1363244 0.1074932 0.1070475 0.1135654 0.0812700 0.1217677 0.1305906 0.1170764 0.1223580 0.1345725 0.1205929 0.1394127 0.1258528 0.1148198 0.2180871 0.0308864 0.1082483 0.0000000 0.1381200 0.1089672 0.1288991 0.1364550 0.1173080 0.1072803 0.1360518 0.1160927 0.1365019 0.1320194 0.1089902 0.1407444 0.1128813 0.1312885 0.1139755 0.1496269 0.1144188 0.1288518 0.0936828 0.1253561 0.1555287 0.1088713 0.1130358 0.1269333 0.1488416 0.1378531 0.1541430 0.1112948 0.1390876 0.1422824 0.1207904 0.1189134 0.1330204 0.1125096 0.1285654 0.1170785 0.1350766 0.1140402 0.1165569 0.1221580 0.2405203 0.1332515 0.1233208 0.2211412 0.1136261 0.1718757 0.1028257 0.2175081 0.1130799 0.0925660 
Perityle_feddemae_99                       0.1446981 0.1740264 0.1464047 0.1919598 0.1324131 0.1673050 0.3570154 0.1549332 0.1004377 0.0978442 0.1349918 0.1153092 0.0913894 0.1192348 0.0810748 0.2025997 0.1102812 0.1010875 0.0995547 0.1115393 0.0969625 0.1275581 0.0943568 0.1039869 0.1389470 0.1116350 0.1100344 0.1410838 0.1140691 0.1343363 0.1719177 0.1571877 0.0960910 0.1381200 0.0000000 0.1046570 0.1145181 0.1204966 0.1036967 0.0953826 0.0323198 0.1152953 0.0240792 0.1032735 0.1059036 0.1153352 0.0955120 0.0323168 0.0996600 0.1778677 0.1138973 0.1323137 0.1002890 0.1258915 0.1209778 0.0927770 0.0937506 0.1222011 0.1383342 0.1261441 0.1234787 0.1146037 0.0991767 0.1099845 0.1324043 0.1011055 0.0899811 0.1543474 0.1400301 0.0972574 0.1357768 0.1709609 0.1184050 0.0912622 0.2216127 0.1041410 0.1525687 0.2295872 0.0921180 0.1904429 0.1171284 0.1626956 0.1218930 0.1298705 
Perityle_fosteri_93                        0.1045137 0.1200110 0.1162995 0.1679681 0.0738246 0.0977532 0.2111684 0.1080078 0.0859023 0.0268427 0.0493108 0.0577990 0.0367781 0.0791689 0.0524903 0.2209043 0.0854043 0.0208948 0.0305042 0.0342537 0.0358930 0.0526650 0.0697491 0.0246578 0.0840669 0.0920833 0.0887246 0.1011057 0.0808052 0.1272495 0.2025873 0.1086573 0.0248288 0.1089672 0.1046570 0.0000000 0.0838159 0.0754822 0.0581858 0.0267067 0.0986786 0.0276321 0.1012149 0.0890711 0.0227386 0.0606183 0.0402433 0.0938564 0.0305880 0.0503493 0.0233053 0.0432100 0.0194487 0.0804226 0.0913786 0.0580976 0.0324240 0.0341451 0.1386557 0.0851811 0.0989508 0.0469794 0.0684178 0.1115964 0.0752046 0.1198430 0.1047560 0.0035768 0.0520997 0.0521243 0.1031103 0.0296290 0.0310021 0.0449678 0.2100021 0.1226018 0.0856079 0.1878550 0.0306155 0.1301811 0.0287034 0.1968673 0.0793974 0.0638304 
Perityle_gamon_221                         0.1445467 0.1544819 0.1363163 0.1981156 0.1521105 0.1579545 0.3148191 0.1402734 0.1024219 0.0931683 0.1397008 0.1151968 0.0896008 0.1110846 0.0391508 0.2028387 0.1101191 0.0977982 0.0889410 0.0956809 0.0898447 0.0883681 0.0918776 0.0958259 0.1285513 0.1193006 0.1001924 0.1166542 0.0974392 0.1245287 0.1903687 0.1605769 0.0945207 0.1288991 0.1145181 0.0838159 0.0000000 0.1016287 0.0957348 0.0962471 0.1102425 0.1173415 0.1103713 0.0548536 0.0995667 0.1190398 0.0998106 0.1099883 0.1000853 0.1633687 0.0968967 0.0859093 0.0951887 0.0760723 0.1239146 0.0696083 0.0944724 0.1049412 0.1431006 0.0792738 0.1026876 0.0690398 0.1030775 0.1001466 0.1145540 0.1265641 0.0872600 0.0964969 0.1399429 0.1015561 0.1036084 0.1773842 0.1009868 0.1005053 0.2451208 0.1277024 0.1246667 0.2392803 0.0926689 0.1812501 0.1154358 0.1683815 0.1129695 0.1290696 
Perityle_gentryi_8_san_francisco           0.1324191 0.1455039 0.1368826 0.1693720 0.1365292 0.1349541 0.3101904 0.1493064 0.0865981 0.0874228 0.1279460 0.1126720 0.0936578 0.0309261 0.0457297 0.2339038 0.1099547 0.0809232 0.0701856 0.0870681 0.1081761 0.0796713 0.0987884 0.0884150 0.1236027 0.1162612 0.0937550 0.1163279 0.0939353 0.1357185 0.1992561 0.1418932 0.0794119 0.1364550 0.1204966 0.0754822 0.1016287 0.0000000 0.0818837 0.0822722 0.1091413 0.1004799 0.1240614 0.1104572 0.0933352 0.1179529 0.0869710 0.1091293 0.0875962 0.1481437 0.0985294 0.0871715 0.0745598 0.0907271 0.1419173 0.0764824 0.0821531 0.0952706 0.1596913 0.0812937 0.0928568 0.0687522 0.0937735 0.1005248 0.1042884 0.1043424 0.1042130 0.0802985 0.1224697 0.0806691 0.1166563 0.1578685 0.0837771 0.0909384 0.2270035 0.1204892 0.1250043 0.2117633 0.0822146 0.1699729 0.0924061 0.1883613 0.0956084 0.1098559 
Perityle_gilensis_22_Superstition          0.1191600 0.1287448 0.1220529 0.1855153 0.1191148 0.1560314 0.3067167 0.1179921 0.0899889 0.0634544 0.0941188 0.0848490 0.0492542 0.0831287 0.0520967 0.2039941 0.1002126 0.0618388 0.0433261 0.0689921 0.0501080 0.0437189 0.0682893 0.0613550 0.1071371 0.1059481 0.0892310 0.1193745 0.0864521 0.1172768 0.2003736 0.1321224 0.0419451 0.1173080 0.1036967 0.0581858 0.0957348 0.0818837 0.0000000 0.0599793 0.1069112 0.0854453 0.1106259 0.0973690 0.0629802 0.1026430 0.0536873 0.1068994 0.0582694 0.1139807 0.0648179 0.0719504 0.0445836 0.0951028 0.1168383 0.0575522 0.0475396 0.0829653 0.1325467 0.0779687 0.1013899 0.0563161 0.0778416 0.0984915 0.0980665 0.1134418 0.1043202 0.0708051 0.1128652 0.0384397 0.1098008 0.1395733 0.0635944 0.0752592 0.2173960 0.1202864 0.1179774 0.1967855 0.0584889 0.1437425 0.0711850 0.1871637 0.0846133 0.1088615 
Perityle_gilensis_salensis_225             0.1184626 0.1382188 0.1186523 0.1802962 0.1095231 0.1337181 0.2969002 0.1138303 0.0892170 0.0322778 0.0827188 0.0787019 0.0466131 0.0932315 0.0523921 0.2176630 0.0973744 0.0307670 0.0418873 0.0516752 0.0390401 0.0551087 0.0623696 0.0305258 0.1107559 0.0949923 0.0783308 0.1220316 0.0890088 0.1137214 0.1914984 0.1206983 0.0354102 0.1072803 0.0953826 0.0267067 0.0962471 0.0822722 0.0599793 0.0000000 0.0963123 0.0633627 0.1019173 0.0907959 0.0335200 0.0863877 0.0424779 0.0963020 0.0344276 0.0905315 0.0317736 0.0593983 0.0300834 0.0906660 0.1102711 0.0656853 0.0335123 0.0573019 0.1469480 0.0977148 0.1067473 0.0687292 0.0642962 0.0976128 0.1050136 0.1084889 0.1017309 0.0329567 0.0844877 0.0485429 0.1096387 0.1208289 0.0525423 0.0547138 0.2038865 0.1169860 0.1061354 0.1993494 0.0336080 0.1510382 0.0635911 0.1810350 0.0815628 0.1072775 
Perityle_glaucescens_94                    0.1391600 0.1655977 0.1427827 0.1981906 0.1364509 0.1651362 0.3552459 0.1534563 0.0905228 0.0960562 0.1332837 0.1168796 0.0926254 0.1076682 0.0811621 0.2028092 0.1034986 0.1003710 0.0949834 0.1040489 0.0968074 0.1240341 0.0952999 0.0998209 0.1391141 0.1167836 0.1115264 0.1481749 0.1043805 0.1268703 0.1731892 0.1519561 0.0988266 0.1360518 0.0323198 0.0986786 0.1102425 0.1091413 0.1069112 0.0963123 0.0000000 0.1128699 0.0241002 0.0970590 0.1053054 0.1109863 0.0982145 0.0095354 0.1026626 0.1877288 0.1133541 0.1288011 0.0995447 0.1078024 0.1236665 0.0892568 0.0964001 0.1139663 0.1323821 0.1333548 0.1212602 0.0965058 0.0984116 0.1114744 0.1248684 0.1127032 0.0887215 0.1515220 0.1403402 0.0982408 0.1308773 0.1722317 0.1099979 0.0884578 0.1997159 0.1140477 0.1415060 0.2197244 0.0947025 0.2077292 0.1147440 0.1640118 0.1240991 0.1302086 
Perityle_gracilis_11                       0.1195830 0.1379952 0.1306199 0.1750456 0.0773761 0.1280723 0.2993993 0.1251173 0.1090047 0.0702792 0.0878151 0.0674945 0.0551007 0.1016849 0.0524903 0.2207532 0.1087965 0.0731706 0.0602413 0.0107537 0.0550304 0.0621580 0.0857922 0.0664577 0.0822004 0.1064193 0.1106115 0.1233016 0.0879096 0.1285216 0.2077296 0.1329758 0.0652527 0.1160927 0.1152953 0.0276321 0.1173415 0.1004799 0.0854453 0.0633627 0.1128699 0.0000000 0.1206328 0.1114911 0.0681237 0.0255865 0.0811065 0.1128571 0.0729643 0.1036772 0.0478324 0.0530431 0.0636839 0.0896692 0.0994976 0.0708499 0.0713408 0.0098866 0.1621863 0.1069382 0.1073186 0.0598747 0.0944448 0.1286776 0.0770635 0.1308310 0.1092771 0.0218184 0.1005354 0.0712225 0.1165525 0.0602707 0.0081465 0.0644204 0.1619787 0.1284604 0.1310209 0.1707248 0.0553496 0.1538054 0.0045774 0.2011913 0.0931869 0.1420165 
Perityle_harkerae_31                       0.1496205 0.1802916 0.1431756 0.1986920 0.1385691 0.1736488 0.3538119 0.1480948 0.0997724 0.1016446 0.1336354 0.1210071 0.0927871 0.1226059 0.0811801 0.1976700 0.1120549 0.1060367 0.1027944 0.1110101 0.0970334 0.1278365 0.0992540 0.1054529 0.1473911 0.1076616 0.1135446 0.1418159 0.1073567 0.1271049 0.1774235 0.1606042 0.1044927 0.1365019 0.0240792 0.1012149 0.1103713 0.1240614 0.1106259 0.1019173 0.0241002 0.1206328 0.0000000 0.1064975 0.1109894 0.1187256 0.1038425 0.0306813 0.1065231 0.1851834 0.1135435 0.1329407 0.1052568 0.1169221 0.1124188 0.0916407 0.1020112 0.1192305 0.1322599 0.1260495 0.1234333 0.1068838 0.1040513 0.1134916 0.1364574 0.1128650 0.0934062 0.1567669 0.1426440 0.1038698 0.1283478 0.1743431 0.1152823 0.0941681 0.2027170 0.1162567 0.1514871 0.2370823 0.1003032 0.1993132 0.1225296 0.1678044 0.1221989 0.1349796 
Perityle_hofmeisteria_4_nombre_de_dios     0.1441165 0.1453594 0.1358425 0.2094467 0.1344651 0.1676795 0.3327362 0.1410831 0.0933141 0.0859613 0.1278915 0.1079175 0.0739286 0.1162530 0.0593240 0.1987323 0.1168741 0.0922973 0.0853870 0.0983157 0.0622226 0.0925490 0.0794070 0.0886508 0.1383170 0.1140710 0.0999464 0.1201366 0.1084390 0.1277681 0.1896953 0.1526374 0.0907886 0.1320194 0.1032735 0.0890711 0.0548536 0.1104572 0.0973690 0.0907959 0.0970590 0.1114911 0.1064975 0.0000000 0.0959008 0.1131781 0.0942769 0.1007073 0.0926909 0.1536146 0.0950534 0.0979736 0.0896618 0.0852994 0.1276626 0.0855482 0.0872831 0.1079649 0.1597147 0.1040224 0.1184231 0.1054661 0.0869842 0.0999008 0.1291849 0.1219280 0.1006552 0.1211607 0.1322322 0.0872020 0.1140111 0.1727372 0.1040598 0.0911008 0.2358888 0.1318708 0.1415955 0.2366903 0.0820770 0.1985772 0.1096086 0.1784975 0.1111434 0.1266818 
Perityle_huecosensis_48                    0.1214385 0.1282424 0.1271523 0.1796303 0.1110266 0.1333637 0.3005730 0.1157340 0.0955426 0.0367014 0.0826636 0.0685029 0.0413908 0.0995184 0.0521912 0.2021357 0.0932893 0.0367272 0.0369580 0.0496145 0.0389473 0.0549389 0.0622404 0.0363322 0.1105160 0.1046950 0.0947029 0.1154786 0.0814463 0.1206839 0.1934368 0.1219422 0.0368494 0.1089902 0.1059036 0.0227386 0.0995667 0.0933352 0.0629802 0.0335200 0.1053054 0.0681237 0.1109894 0.0959008 0.0000000 0.0929336 0.0483469 0.1052939 0.0450918 0.0948409 0.0337957 0.0526577 0.0254941 0.0882845 0.1048896 0.0654571 0.0408237 0.0528254 0.1461387 0.0972652 0.1046761 0.0653207 0.0720416 0.1121829 0.1030603 0.1210046 0.1015733 0.0290533 0.0807996 0.0513895 0.1046430 0.1172448 0.0501923 0.0624750 0.2033583 0.1205035 0.1076670 0.1990172 0.0395157 0.1432432 0.0652035 0.1844347 0.0775115 0.1159282 
