84
Amauria_brandeegeana_62                    0.0000000 0.1987361 0.2511308 0.2109257 0.1601476 0.2352925 0.2213598 0.4647819 0.1173650 0.2134620 0.1627752 0.1800515 0.2843995 0.2154352 0.3654152 0.2858013 0.5098527 0.2290304 0.2989890 0.1966797 0.1856258 0.2230431 0.1825692 0.6024583 0.1813224 0.1769774 0.1816694 0.2135270 0.2353514 0.1579821 0.2165229 0.1769819 0.0407555 0.2060948 0.1651294 0.2944879 0.2024833 0.1803172 0.1715571 0.1741220 0.1564509 0.2092247 0.1682539 0.2128857 0.1801935 0.1851372 0.1837784 0.1635440 0.1866552 0.1857954 0.1771358 0.1898116 0.5170101 0.2061781 0.2120826 0.1977562 0.1812954 0.1871603 0.2030596 0.1100657 0.4392405 0.1849192 0.1725144 0.2049284 0.2104771 0.2102497 0.2279883 0.1047136 0.3116625 0.1782142 0.2104423 0.1738145 0.1829440 0.1781979 0.1865952 0.2238733 0.2385958 0.1913779 0.1742983 0.2235229 0.1824339 0.1835558 0.2168312 0.2427484 
Amauria_carterae_99_mesa                   0.1987361 0.0000000 0.1673790 0.1662008 0.1023200 0.1343742 0.2609517 0.2771133 0.1419595 0.0990275 0.0961527 0.0935843 0.1415014 0.0918648 0.0826831 0.1443327 0.1994206 0.1231590 0.1195463 0.1345505 0.1055064 0.1281516 0.0953867 0.0801145 0.0951696 0.0999501 0.1023488 0.1415208 0.1423436 0.1277768 0.1221502 0.1264857 0.1305241 0.0934371 0.1191196 0.1485254 0.1295215 0.1214541 0.0935933 0.0957101 0.1176533 0.1021097 0.1210895 0.1404903 0.0840614 0.1020647 0.1007531 0.1190189 0.0901872 0.1004268 0.1004029 0.0980104 0.0668526 0.1376120 0.0993961 0.1143334 0.1039315 0.1072501 0.1449036 0.0783282 0.1553469 0.1095507 0.0961090 0.1350639 0.1088925 0.1208702 0.1428139 0.1060060 0.1447032 0.0935933 0.1420877 0.0884212 0.1053303 0.0987646 0.1031796 0.1326791 0.2613740 0.1023330 0.1031960 0.1592227 0.0988248 0.1042657 0.1615680 0.1063475 
Amauria_rotundifolia_SRR9119150            0.2511308 0.1673790 0.0000000 0.1538762 0.1920410 0.1618665 0.3761095 0.4318620 0.2228058 0.2345134 0.1932676 0.2030790 0.1934522 0.2449189 0.3418072 0.1542647 0.3727258 0.2439460 0.1752697 0.1770624 0.2081607 0.1809557 0.1986193 0.2135947 0.2022621 0.2068598 0.2106086 0.2333534 0.2241144 0.1365369 0.2359301 0.2598872 0.2044359 0.2259378 0.2557411 0.1778014 0.2427592 0.2174766 0.1938099 0.2081849 0.2431903 0.2020241 0.2558038 0.2551762 0.1878155 0.1990616 0.2068237 0.2585453 0.2263488 0.2162393 0.2089986 0.2080052 0.2378237 0.2914977 0.2448933 0.2489405 0.2086933 0.2094308 0.2660545 0.1016860 0.3623351 0.2509508 0.1909925 0.2317108 0.2471171 0.2352518 0.2376604 0.1046246 0.1926319 0.1951602 0.2626916 0.1952926 0.2146634 0.1935186 0.2091792 0.2425941 0.2984153 0.2345567 0.1993889 0.2539301 0.1973108 0.2056499 0.1922688 0.1563574 
Conoclinium_coelestinum_SRR9119114         0.2109257 0.1662008 0.1538762 0.0000000 0.1479592 0.0802092 0.2991547 0.2461575 0.1610663 0.1601276 0.1372766 0.1502907 0.1411254 0.1674618 0.2047899 0.1445273 0.3181281 0.1845799 0.1455965 0.1405097 0.1511792 0.1445127 0.1517204 0.1933495 0.1432000 0.1407895 0.1431099 0.1956811 0.2325112 0.1831945 0.1629291 0.1582453 0.1239172 0.1538253 0.1672567 0.1496452 0.1950037 0.1579706 0.1492428 0.1424658 0.1670012 0.1444370 0.1643567 0.1869613 0.1464609 0.1418530 0.1512255 0.1700675 0.1513401 0.1444504 0.1430024 0.1399559 0.1745879 0.2169121 0.1785212 0.1506562 0.1478232 0.1524581 0.1899239 0.1696071 0.3144458 0.2272614 0.1383686 0.1868450 0.1355784 0.1841649 0.1758677 0.1756304 0.1438558 0.1479379 0.1821897 0.1432484 0.1519912 0.1455187 0.1600675 0.1749999 0.2627403 0.1411475 0.1457485 0.2373417 0.1479782 0.1363963 0.1984233 0.1743829 
Eutetras_palmeri_63                        0.1601476 0.1023200 0.1920410 0.1479592 0.0000000 0.1477508 0.2658155 0.3506342 0.1430120 0.0977317 0.1075217 0.1140758 0.1652302 0.1156000 0.1427115 0.1490004 0.2928721 0.1258350 0.1955537 0.1013452 0.1206193 0.1106772 0.1206525 0.0919345 0.1151217 0.1163920 0.1132000 0.1583886 0.1694744 0.1136218 0.1553001 0.1543036 0.1371211 0.1354479 0.1418307 0.1745959 0.1481824 0.1168724 0.1089154 0.1094442 0.1505117 0.1247248 0.1473186 0.1547295 0.1131410 0.1276011 0.1232499 0.1425439 0.1280820 0.1233827 0.1191949 0.1278885 0.0895138 0.1708149 0.1192846 0.1356452 0.1186810 0.1270142 0.1537735 0.0901873 0.2513433 0.1839679 0.1115745 0.1563446 0.1736314 0.1247782 0.1038676 0.0881957 0.1921125 0.1156394 0.1460566 0.1171931 0.1187580 0.1074811 0.1130529 0.1046600 0.2708727 0.1377560 0.1131994 0.1669838 0.1188673 0.1131099 0.1537861 0.1786264 
Eutrochium_fistulosum_SRR9119106           0.2352925 0.1343742 0.1618665 0.0802092 0.1477508 0.0000000 0.2338832 0.2601805 0.1672530 0.1515230 0.1327537 0.1436745 0.1340319 0.1474630 0.1858454 0.1354945 0.2795855 0.1672664 0.1416603 0.1308002 0.1447717 0.1195944 0.1450955 0.1664262 0.1409234 0.1423949 0.1450344 0.1978291 0.1701669 0.1502417 0.1645592 0.1479625 0.1179822 0.1599268 0.1583428 0.1376276 0.1903287 0.1561948 0.1425459 0.1374000 0.1592854 0.1385808 0.1546110 0.1933764 0.1419887 0.1445796 0.1447257 0.1613143 0.1331354 0.1427248 0.1382994 0.1327010 0.1516302 0.2014886 0.1451793 0.1321041 0.1409353 0.1448200 0.1823458 0.1110539 0.2487637 0.1797893 0.1326299 0.1989993 0.1535838 0.1720560 0.1720146 0.1375562 0.1375690 0.1409953 0.1566969 0.1371305 0.1445888 0.1376075 0.1393634 0.1745322 0.3186360 0.1335087 0.1422118 0.2146840 0.1436985 0.1388107 0.1695976 0.1465127 
Galeana_pratensis_104_mex                  0.2213598 0.2609517 0.3761095 0.2991547 0.2658155 0.2338832 0.0000000 0.4450561 0.2370926 0.2733417 0.2571760 0.2608925 0.3119250 0.2635801 0.2553637 0.3537153 0.3765703 0.2759459 0.3648504 0.2655830 0.2626179 0.2271393 0.2497555 0.0000010 0.2595763 0.2695342 0.2410383 0.2741156 0.2357204 0.2395403 0.2605423 0.2700580 0.2366368 0.2408080 0.2523577 0.3483756 0.2660410 0.2740606 0.2406839 0.2613911 0.2647035 0.2493206 0.2730682 0.2747533 0.2554007 0.2680289 0.2665435 0.2640255 0.2532258 0.2619920 0.2563757 0.2612495 0.0000010 0.2412589 0.2406005 0.2548026 0.2621300 0.2626099 0.2806374 0.2439670 0.3182577 0.2414278 0.2536554 0.2528345 0.2653074 0.2876581 0.3015456 0.2680462 0.3483547 0.2451809 0.2228574 0.2410815 0.2660916 0.2571751 0.2580763 0.2920540 0.3305489 0.2533338 0.2616596 0.2652283 0.2451809 0.2551560 0.2818391 0.3318584 
Helianthus_annuus_SRR9119062               0.4647819 0.2771133 0.4318620 0.2461575 0.3506342 0.2601805 0.4450561 0.0000000 0.3901734 0.3827532 0.3710032 0.3700941 0.4205996 0.4179554 0.4539568 0.3670450 0.4245543 0.4171309 0.4389778 0.3524054 0.3703349 0.2987460 0.3756570 0.3031161 0.3795330 0.3771847 0.3809840 0.4066457 0.3982763 0.3257099 0.4369973 0.3844436 0.4137935 0.4154074 0.3747442 0.3925178 0.4173103 0.3726323 0.3656496 0.3728705 0.3836221 0.3751754 0.3881563 0.4218138 0.3670272 0.3932634 0.3742089 0.3833965 0.3903318 0.3854452 0.3785106 0.3552862 0.3297742 0.4189976 0.4252541 0.3827813 0.3746352 0.3750810 0.4492490 0.3733356 0.4683675 0.4629956 0.3737437 0.3971776 0.4384821 0.3730000 0.3886351 0.4050539 0.4176981 0.3710858 0.4093863 0.3626356 0.3483440 0.3626108 0.4043156 0.3845495 0.5011956 0.4035703 0.3787382 0.3475498 0.3743136 0.3670098 0.3469692 0.4024632 
Lycapsus_tenuifolius_17                    0.1173650 0.1419595 0.2228058 0.1610663 0.1430120 0.1672530 0.2370926 0.3901734 0.0000000 0.1582554 0.1603396 0.1555195 0.1978236 0.1671105 0.2219146 0.2005687 0.2715069 0.1612008 0.2239024 0.1403545 0.1546337 0.1432272 0.1558332 0.1882666 0.1593811 0.1579024 0.1467566 0.1771555 0.1233506 0.0613829 0.1802463 0.1464305 0.0212282 0.2277632 0.1525629 0.2406521 0.1717181 0.1410146 0.1437594 0.1539440 0.1513270 0.1731360 0.1336811 0.1764669 0.1565925 0.1768467 0.1680732 0.1483371 0.1704100 0.1621571 0.1577383 0.1670897 0.1718807 0.1707657 0.1467184 0.1471045 0.1703685 0.1664953 0.1852114 0.0960924 0.2671326 0.1900884 0.1637092 0.1742448 0.2128692 0.1899808 0.1731696 0.0981839 0.2315487 0.1542659 0.1192617 0.1523396 0.1650130 0.1412154 0.1418586 0.1744589 0.2783700 0.1967433 0.1647515 0.1703355 0.1572003 0.1582971 0.1616497 0.1757598 
Pericome_caudata_50_silver                 0.2134620 0.0990275 0.2345134 0.1601276 0.0977317 0.1515230 0.2733417 0.3827532 0.1582554 0.0000000 0.1407612 0.1487491 0.1955331 0.1447888 0.1783373 0.1721929 0.3026009 0.1621170 0.2244449 0.1272491 0.1439067 0.1281861 0.1491778 0.1422135 0.1427520 0.1489040 0.1403125 0.1833068 0.1794110 0.1289149 0.1776897 0.1770236 0.1512039 0.2138003 0.1682965 0.2024120 0.1809261 0.1320709 0.1379546 0.1367160 0.1697161 0.1495737 0.1759827 0.1900280 0.1459956 0.1543355 0.1494929 0.1670485 0.1546536 0.1615020 0.1406049 0.1525234 0.1446150 0.2104389 0.1463898 0.1476598 0.1550826 0.1535575 0.1918291 0.1213061 0.2767776 0.1990023 0.1420981 0.1762046 0.2141783 0.1647056 0.1197813 0.1116891 0.2263348 0.1452638 0.1748688 0.1452354 0.1400738 0.1356566 0.1501363 0.1222200 0.2965125 0.1791975 0.1442595 0.1863301 0.1467177 0.1422084 0.1640968 0.1950732 
Perityle_aglossa_84_dead_horse             0.1627752 0.0961527 0.1932676 0.1372766 0.1075217 0.1327537 0.2571760 0.3710032 0.1603396 0.1407612 0.0000000 0.0507259 0.1395090 0.0564819 0.0784504 0.1153275 0.2927594 0.1562077 0.1462495 0.0725192 0.0585654 0.0729264 0.0526036 0.0581943 0.0552512 0.0515623 0.0617699 0.1602048 0.1601736 0.1141676 0.1700746 0.1585900 0.1510473 0.1237219 0.1507303 0.1473327 0.1542040 0.0631836 0.0473610 0.0510906 0.1488002 0.0760635 0.1553050 0.1614320 0.0509582 0.0786453 0.0645079 0.1500953 0.0627444 0.0724037 0.0545326 0.0600926 0.0620981 0.1820349 0.0676917 0.0773471 0.0656325 0.0665590 0.1831681 0.0901489 0.2640070 0.1108429 0.0101006 0.1577559 0.1783117 0.1467319 0.1503434 0.0538071 0.1546933 0.0505625 0.1442630 0.0508532 0.0550134 0.0496679 0.0654629 0.1484242 0.2486204 0.1080109 0.0144535 0.1654222 0.0538770 0.0664622 0.1716583 0.1492845 
Perityle_ajoensis_204                      0.1800515 0.0935843 0.2030790 0.1502907 0.1140758 0.1436745 0.2608925 0.3700941 0.1555195 0.1487491 0.0507259 0.0000000 0.1277596 0.0575106 0.0853211 0.1077662 0.3024546 0.1638125 0.1401034 0.0667229 0.0460925 0.0720048 0.0437324 0.0432163 0.0392118 0.0469172 0.0643609 0.1625728 0.1669146 0.1133953 0.1660532 0.1587431 0.1358600 0.1414573 0.1627151 0.1382969 0.1690817 0.0597114 0.0413528 0.0402215 0.1589900 0.0617957 0.1657071 0.1732105 0.0451613 0.0613381 0.0518633 0.1605454 0.0573784 0.0632236 0.0405022 0.0517897 0.0648983 0.1839436 0.0656572 0.0770085 0.0521443 0.0551172 0.2142045 0.0903129 0.2751559 0.0941330 0.0525554 0.1602504 0.1678509 0.1542614 0.1566244 0.0508361 0.1476962 0.0398723 0.1484310 0.0401050 0.0524231 0.0482211 0.0602050 0.1580852 0.2614357 0.1010317 0.0555173 0.1706769 0.0411166 0.0592728 0.1653703 0.1415089 
Perityle_ambrosiifolia_67_green            0.2843995 0.1415014 0.1934522 0.1411254 0.1652302 0.1340319 0.3119250 0.4205996 0.1978236 0.1955331 0.1395090 0.1277596 0.0000000 0.1288551 0.1658564 0.0799847 0.3058415 0.2131734 0.1039936 0.0594838 0.1292660 0.1202406 0.1273146 0.0685938 0.1261991 0.1325042 0.1301120 0.2153110 0.2000376 0.1288109 0.2056893 0.2174287 0.2506446 0.2185481 0.2234096 0.0945933 0.2335157 0.1317705 0.1225851 0.1114043 0.2268060 0.1269085 0.2274111 0.2335648 0.1139925 0.1274892 0.1323760 0.2230412 0.1414036 0.1321524 0.1277121 0.1379808 0.0514733 0.2479540 0.1157213 0.1473943 0.1344143 0.1350385 0.2804334 0.1004757 0.2679216 0.2464965 0.1347393 0.2033240 0.2036124 0.1896294 0.2012791 0.1094847 0.0880087 0.1231340 0.2085702 0.1272658 0.1477056 0.1275874 0.0982898 0.1976786 0.3058235 0.1848201 0.1442535 0.2183261 0.1279943 0.1323979 0.2095700 0.1488335 
Perityle_angustifolia_13_Eagle_creek       0.2154352 0.0918648 0.2449189 0.1674618 0.1156000 0.1474630 0.2635801 0.4179554 0.1671105 0.1447888 0.0564819 0.0575106 0.1288551 0.0000000 0.0757958 0.1260940 0.2745323 0.1728516 0.1297917 0.0823308 0.0548604 0.0632762 0.0618730 0.0563956 0.0503704 0.0586153 0.0796542 0.1810920 0.1328667 0.1196449 0.1574841 0.1690209 0.1505510 0.1459452 0.1700563 0.1371342 0.1711151 0.0709721 0.0540153 0.0438446 0.1663385 0.0520980 0.1704571 0.1807678 0.0587792 0.0478185 0.0507472 0.1634960 0.0378345 0.0491810 0.0547086 0.0710338 0.0157532 0.1840658 0.0715268 0.0846733 0.0497025 0.0557436 0.2200947 0.0757436 0.1769155 0.0994644 0.0534340 0.1788094 0.1556310 0.1527568 0.1701502 0.0282062 0.1432815 0.0592288 0.1447136 0.0543908 0.0638129 0.0409894 0.0594521 0.1627307 0.3744919 0.0940636 0.0583979 0.1709029 0.0618336 0.0627097 0.1765867 0.1658760 
Perityle_batopilensis_97                   0.3654152 0.0826831 0.3418072 0.2047899 0.1427115 0.1858454 0.2553637 0.4539568 0.2219146 0.1783373 0.0784504 0.0853211 0.1658564 0.0757958 0.0000000 0.1489270 0.1901333 0.2045809 0.1733291 0.0705419 0.0954101 0.0633003 0.0869002 0.0774098 0.0811559 0.0890714 0.0911934 0.2210130 0.1487511 0.1303505 0.2177509 0.1788996 0.3054147 0.2564813 0.2053359 0.1730700 0.2233858 0.0566122 0.0773885 0.0754479 0.2092137 0.1138567 0.2069917 0.2399269 0.0860479 0.1100018 0.0877281 0.2008869 0.0807139 0.0771831 0.0814816 0.0975285 0.0723345 0.2432538 0.0728029 0.0782187 0.0887612 0.1003190 0.2880489 0.0000010 0.1856686 0.1278429 0.0784840 0.2167272 0.2329400 0.1781873 0.1965809 0.0000010 0.1743868 0.0846188 0.1945638 0.0802396 0.0980522 0.0785207 0.0910173 0.1922107 0.8022497 0.1543980 0.0798707 0.2014451 0.0857432 0.0976926 0.2012628 0.3271670 
Perityle_bisetosa_9                        0.2858013 0.1443327 0.1542647 0.1445273 0.1490004 0.1354945 0.3537153 0.3670450 0.2005687 0.1721929 0.1153275 0.1077662 0.0799847 0.1260940 0.1489270 0.0000000 0.2960994 0.2011371 0.0763107 0.0538823 0.1188774 0.1259914 0.1021815 0.0415240 0.1030699 0.1067132 0.1229463 0.2118866 0.2043130 0.1219473 0.2153415 0.2033796 0.2323779 0.1945768 0.2085621 0.0682328 0.2255168 0.1206423 0.0983461 0.1007696 0.2064012 0.1179973 0.2168589 0.2221836 0.0770631 0.1370245 0.1278412 0.2055182 0.1257299 0.1382462 0.1031089 0.1096222 0.0468213 0.2444527 0.1291906 0.1477373 0.1260440 0.1312695 0.2194993 0.1040656 0.2599457 0.2514559 0.1133245 0.2044796 0.2402897 0.1753433 0.1840514 0.1159916 0.0871870 0.0991590 0.1962461 0.0965511 0.1252616 0.1135859 0.0921048 0.1869510 0.3188268 0.1692949 0.1194962 0.2204529 0.1021036 0.1201853 0.2012246 0.1327591 
Perityle_californica_76_positas            0.5098527 0.1994206 0.3727258 0.3181281 0.2928721 0.2795855 0.3765703 0.4245543 0.2715069 0.3026009 0.2927594 0.3024546 0.3058415 0.2745323 0.1901333 0.2960994 0.0000000 0.3069383 0.3039677 0.3007579 0.3069902 0.1867705 0.2951241 0.1926407 0.3015361 0.3056348 0.2952273 0.3209267 0.3056057 0.3238234 0.2477010 0.2480684 0.4426014 0.3320870 0.2705216 0.3057207 0.2994343 0.3022070 0.2968638 0.2996516 0.2632224 0.3002889 0.2912405 0.2969102 0.2930255 0.2990463 0.3038985 0.2749844 0.2970866 0.3103235 0.3016034 0.2898577 0.2009650 0.3210652 0.2745865 0.2910814 0.3043104 0.3085015 0.3383111 0.4026225 0.3813042 0.3824273 0.2976444 0.3067470 0.3039057 0.2885111 0.2897136 0.4395655 0.3077731 0.2950886 0.2999424 0.2877602 0.3077842 0.2971080 0.3508558 0.2855849 0.5651823 0.2949926 0.3002865 0.2856266 0.2982498 0.3002594 0.2007127 0.3043992 
Perityle_canescens_77                      0.2290304 0.1231590 0.2439460 0.1845799 0.1258350 0.1672664 0.2759459 0.4171309 0.1612008 0.1621170 0.1562077 0.1638125 0.2131734 0.1728516 0.2045809 0.2011371 0.3069383 0.0000000 0.2069288 0.1549835 0.1617631 0.1540524 0.1670508 0.1998631 0.1606656 0.1611239 0.1645457 0.1552183 0.1866137 0.1330477 0.1626504 0.1825238 0.1415534 0.2351880 0.1567378 0.2237371 0.1461213 0.1554732 0.1658989 0.1581830 0.1539232 0.1529174 0.1550395 0.1666461 0.1575282 0.1642747 0.1608975 0.1542848 0.1573866 0.1647721 0.1606709 0.1641203 0.1989752 0.1589232 0.1691438 0.1649749 0.1625521 0.1697001 0.1408599 0.0570407 0.2390542 0.1974307 0.1528034 0.1481146 0.1952708 0.1856442 0.1687972 0.0885106 0.2150425 0.1639390 0.1651676 0.1610386 0.1553906 0.1598969 0.1664734 0.1683915 0.3133972 0.2160007 0.1616668 0.1592686 0.1660170 0.1700836 0.1346033 0.1802401 
Perityle_castillonii_96                    0.2989890 0.1195463 0.1752697 0.1455965 0.1955537 0.1416603 0.3648504 0.4389778 0.2239024 0.2244449 0.1462495 0.1401034 0.1039936 0.1297917 0.1733291 0.0763107 0.3039677 0.2069288 0.0000000 0.0652516 0.1409825 0.0956235 0.1413578 0.0525445 0.1338011 0.1458284 0.1305021 0.2307310 0.1910504 0.1186100 0.2198168 0.2210918 0.2881085 0.2457141 0.2444618 0.0981360 0.2506849 0.1252874 0.1145434 0.1337452 0.2476065 0.1284819 0.2504894 0.2565547 0.1290668 0.1570169 0.1423199 0.2449684 0.1544902 0.1499247 0.1377096 0.1539328 0.0621997 0.2498065 0.1201383 0.1524805 0.1475680 0.1516671 0.2658695 0.1114801 0.2730628 0.2190425 0.1477843 0.2267965 0.2288589 0.2142685 0.2292300 0.0776049 0.0985090 0.1372838 0.2403726 0.1317102 0.1571324 0.1307779 0.0804571 0.2242192 0.3227099 0.2038090 0.1541817 0.2091556 0.1396046 0.1501351 0.1868781 0.1354066 
Perityle_cernua_84                         0.1966797 0.1345505 0.1770624 0.1405097 0.1013452 0.1308002 0.2655830 0.3524054 0.1403545 0.1272491 0.0725192 0.0667229 0.0594838 0.0823308 0.0705419 0.0538823 0.3007579 0.1549835 0.0652516 0.0000000 0.0778775 0.1262589 0.0708572 0.0390812 0.0650321 0.0633497 0.0739637 0.1449121 0.1973337 0.1202530 0.1362672 0.1684472 0.1404991 0.1395896 0.1575787 0.0594839 0.1680511 0.0846988 0.0667711 0.0572096 0.1575262 0.0731298 0.1565250 0.1705532 0.0498875 0.0666118 0.0740970 0.1554052 0.0703355 0.0737504 0.0689638 0.0748786 0.0296920 0.1717055 0.0976244 0.1022741 0.0738822 0.0795604 0.2188583 0.0971016 0.2549392 0.1915088 0.0733864 0.1346146 0.1208723 0.1386452 0.1433643 0.1092855 0.0694455 0.0667772 0.1534848 0.0664370 0.0858389 0.0675529 0.0987605 0.1389563 0.2713873 0.1040856 0.0760799 0.2000106 0.0699891 0.0657689 0.1989374 0.1693758 
Perityle_cfvillosa_25_tin                  0.1856258 0.1055064 0.2081607 0.1511792 0.1206193 0.1447717 0.2626179 0.3703349 0.1546337 0.1439067 0.0585654 0.0460925 0.1292660 0.0548604 0.0954101 0.1188774 0.3069902 0.1617631 0.1409825 0.0778775 0.0000000 0.0854549 0.0530323 0.0523325 0.0522875 0.0584939 0.0681914 0.1635925 0.1670529 0.1168138 0.1647420 0.1594580 0.1360962 0.1442193 0.1549348 0.1311697 0.1691501 0.0695571 0.0499608 0.0505238 0.1550617 0.0552415 0.1573662 0.1751078 0.0566491 0.0495456 0.0092177 0.1543978 0.0269095 0.0334641 0.0536325 0.0630390 0.0569213 0.1889243 0.0760642 0.0854305 0.0116624 0.0042768 0.2116855 0.1005230 0.2669485 0.1187005 0.0604981 0.1619811 0.1634323 0.1457465 0.1563606 0.0663304 0.1389532 0.0484032 0.1533281 0.0434566 0.0248261 0.0319203 0.0367060 0.1569568 0.2653233 0.0792222 0.0628074 0.1722706 0.0464165 0.0678237 0.1740729 0.1512849 
Perityle_cinerea_113_Powell1310            0.2230431 0.1281516 0.1809557 0.1445127 0.1106772 0.1195944 0.2271393 0.2987460 0.1432272 0.1281861 0.0729264 0.0720048 0.1202406 0.0632762 0.0633003 0.1259914 0.1867705 0.1540524 0.0956235 0.1262589 0.0854549 0.0000000 0.0790094 0.0681948 0.0721088 0.0721832 0.0723529 0.1715868 0.1421372 0.1194223 0.1386318 0.1434443 0.1383279 0.1065825 0.1691093 0.1357467 0.1835386 0.0879634 0.0744493 0.0700767 0.1688820 0.0744418 0.1696590 0.1886985 0.0506559 0.0744054 0.0791724 0.1715615 0.0744989 0.0792319 0.0743087 0.0864664 0.0403384 0.1687275 0.0724991 0.0953415 0.0855798 0.0832510 0.1472616 0.0814616 0.1275136 0.0758198 0.0728820 0.1690784 0.0986321 0.1520414 0.1596469 0.0472733 0.1191626 0.0744493 0.1448538 0.0698703 0.0853642 0.0723783 0.0792601 0.1484291 0.3168248 0.0789359 0.0798986 0.1842817 0.0766810 0.0789985 0.1271757 0.0844086 
Perityle_coahuilensis_24                   0.1825692 0.0953867 0.1986193 0.1517204 0.1206525 0.1450955 0.2497555 0.3756570 0.1558332 0.1491778 0.0526036 0.0437324 0.1273146 0.0618730 0.0869002 0.1021815 0.2951241 0.1670508 0.1413578 0.0708572 0.0530323 0.0790094 0.0000000 0.0334648 0.0506173 0.0514177 0.0632894 0.1651088 0.1618758 0.1135587 0.1754293 0.1686610 0.1419630 0.1536681 0.1637241 0.1369880 0.1655714 0.0650600 0.0139027 0.0485025 0.1616862 0.0666878 0.1644031 0.1714309 0.0469544 0.0742477 0.0598404 0.1617123 0.0599664 0.0699896 0.0493390 0.0583093 0.0583625 0.1866184 0.0657858 0.0767558 0.0603257 0.0644643 0.2093368 0.0905359 0.2637415 0.1020438 0.0537623 0.1611067 0.1778699 0.1649243 0.1627922 0.0602113 0.1431029 0.0053974 0.1462174 0.0226030 0.0545028 0.0478824 0.0561907 0.1621139 0.2635583 0.1117946 0.0553797 0.1677184 0.0150854 0.0685461 0.1721947 0.1494470 
Perityle_cochisensis_44_cave_creek         0.6024583 0.0801145 0.2135947 0.1933495 0.0919345 0.1664262 0.0000010 0.3031161 0.1882666 0.1422135 0.0581943 0.0432163 0.0685938 0.0563956 0.0774098 0.0415240 0.1926407 0.1998631 0.0525445 0.0390812 0.0523325 0.0681948 0.0334648 0.0000000 0.0515723 0.0564277 0.0812831 0.1944853 0.1460627 0.1349374 0.1671771 0.1671188 0.3948908 0.2051965 0.1695755 0.0570756 0.1977527 0.0764165 0.0307626 0.0505114 0.1667896 0.0472954 0.1769669 0.1990113 0.0484621 0.0636700 0.0531643 0.1623009 0.0470376 0.0617997 0.0563162 0.0548920 0.0569796 0.1997379 0.0739325 0.0639192 0.0501120 0.0577354 0.2304530 0.0000010 0.1608835 0.0000010 0.0543482 0.1963118 0.1899812 0.1604457 0.1620413 0.0000010 0.0439657 0.0305167 0.1467015 0.0189216 0.0455543 0.0590086 0.0863954 0.1582340 0.8064154 0.1334673 0.0650810 0.2140732 0.0304803 0.0866174 0.1668926 0.1716755 
Perityle_congesta_202                      0.1813224 0.0951696 0.2022621 0.1432000 0.1151217 0.1409234 0.2595763 0.3795330 0.1593811 0.1427520 0.0552512 0.0392118 0.1261991 0.0503704 0.0811559 0.1030699 0.3015361 0.1606656 0.1338011 0.0650321 0.0522875 0.0721088 0.0506173 0.0515723 0.0000000 0.0519934 0.0590421 0.1637498 0.1612909 0.1064534 0.1643708 0.1542465 0.1460969 0.1375085 0.1600891 0.1415809 0.1640437 0.0558470 0.0416257 0.0357086 0.1580791 0.0566649 0.1612421 0.1708917 0.0481899 0.0531472 0.0597624 0.1555802 0.0571039 0.0627929 0.0236830 0.0589215 0.0551735 0.1871065 0.0508468 0.0735152 0.0590057 0.0637048 0.1986940 0.0868918 0.2688019 0.0966492 0.0584781 0.1597445 0.1712229 0.1486543 0.1600356 0.0478137 0.1417622 0.0460969 0.1482453 0.0405544 0.0625878 0.0435329 0.0418407 0.1600425 0.2710066 0.1039384 0.0593317 0.1656316 0.0492813 0.0624492 0.1758638 0.1528852 
Perityle_cordifolia_27                     0.1769774 0.0999501 0.2068598 0.1407895 0.1163920 0.1423949 0.2695342 0.3771847 0.1579024 0.1489040 0.0515623 0.0469172 0.1325042 0.0586153 0.0890714 0.1067132 0.3056348 0.1611239 0.1458284 0.0633497 0.0584939 0.0721832 0.0514177 0.0564277 0.0519934 0.0000000 0.0613372 0.1613347 0.1673259 0.1184605 0.1712323 0.1647419 0.1529548 0.1494498 0.1532381 0.1457616 0.1655309 0.0595659 0.0477550 0.0478791 0.1560470 0.0683594 0.1574214 0.1692108 0.0529008 0.0774687 0.0660095 0.1552077 0.0630146 0.0716738 0.0526464 0.0340278 0.0571546 0.1755740 0.0623265 0.0741148 0.0677643 0.0700824 0.2000549 0.0904762 0.2650852 0.0942728 0.0540894 0.1605920 0.1687653 0.1602889 0.1593318 0.0509910 0.1521419 0.0487729 0.1544692 0.0497056 0.0662548 0.0449515 0.0552282 0.1601566 0.2594449 0.1119580 0.0557238 0.1614787 0.0513298 0.0524101 0.1700372 0.1574232 
Perityle_cordifolia_68_tecolote            0.1816694 0.1023488 0.2106086 0.1431099 0.1132000 0.1450344 0.2410383 0.3809840 0.1467566 0.1403125 0.0617699 0.0643609 0.1301120 0.0796542 0.0911934 0.1229463 0.2952273 0.1645457 0.1305021 0.0739637 0.0681914 0.0723529 0.0632894 0.0812831 0.0590421 0.0613372 0.0000000 0.1663861 0.1603028 0.1099155 0.1594372 0.1623358 0.1340674 0.1541431 0.1591864 0.1421346 0.1739758 0.0613719 0.0622087 0.0593709 0.1594160 0.0733185 0.1592795 0.1821403 0.0629160 0.0757771 0.0639405 0.1610005 0.0614550 0.0551656 0.0597691 0.0701318 0.0704957 0.1880000 0.0221121 0.0737045 0.0630933 0.0704657 0.2165315 0.0905246 0.2565242 0.1080189 0.0637361 0.1646623 0.1586646 0.1529051 0.1629587 0.0602904 0.1328883 0.0612711 0.1588778 0.0609211 0.0665670 0.0527972 0.0646927 0.1631610 0.2593977 0.1010606 0.0667207 0.1721781 0.0652128 0.0693538 0.1699876 0.1536021 
Perityle_coronopifolia_28_patagonia        0.2135270 0.1415208 0.2333534 0.1956811 0.1583886 0.1978291 0.2741156 0.4066457 0.1771555 0.1833068 0.1602048 0.1625728 0.2153110 0.1810920 0.2210130 0.2118866 0.3209267 0.1552183 0.2307310 0.1449121 0.1635925 0.1715868 0.1651088 0.1944853 0.1637498 0.1613347 0.1663861 0.0000000 0.1974188 0.1279584 0.2041655 0.1995487 0.1588836 0.2203695 0.1695872 0.2403796 0.1819620 0.1559727 0.1492228 0.1579315 0.1720594 0.1765058 0.1660305 0.1833346 0.1673770 0.1879262 0.1728705 0.1693159 0.1833672 0.1765257 0.1669730 0.1711534 0.2008894 0.1762668 0.1725135 0.1803447 0.1743534 0.1772253 0.1781989 0.1043611 0.2662276 0.1950320 0.1612115 0.0183384 0.2346768 0.1968593 0.1802630 0.1092691 0.2458949 0.1610090 0.1844624 0.1640448 0.1633207 0.1559489 0.1555578 0.1849635 0.2685315 0.2053847 0.1594984 0.1444318 0.1649584 0.1697828 0.1820254 0.1833195 
Perityle_crassifolia_70_ventanas           0.2353514 0.1423436 0.2241144 0.2325112 0.1694744 0.1701669 0.2357204 0.3982763 0.1233506 0.1794110 0.1601736 0.1669146 0.2000376 0.1328667 0.1487511 0.2043130 0.3056057 0.1866137 0.1910504 0.1973337 0.1670529 0.1421372 0.1618758 0.1460627 0.1612909 0.1673259 0.1603028 0.1974188 0.0000000 0.0224220 0.1674821 0.1821931 0.1876594 0.1661849 0.1737653 0.2093779 0.1910067 0.1783922 0.1604393 0.1656987 0.1728054 0.1669458 0.1725930 0.1959278 0.1608529 0.1649324 0.1677865 0.1767335 0.1555523 0.1684166 0.1661231 0.1702734 0.1366439 0.1712094 0.1381894 0.1674664 0.1645262 0.1697766 0.2012926 0.1188895 0.2625322 0.2009892 0.1613720 0.1842663 0.1811325 0.1748670 0.1985683 0.1023626 0.2091686 0.1604790 0.0546091 0.1575151 0.1680095 0.1604443 0.1223538 0.1950297 0.3152684 0.1693153 0.1679317 0.1835598 0.1682372 0.1695199 0.1799233 0.1761949 
Perityle_crassifolia_74_playa_balandra     0.1579821 0.1277768 0.1365369 0.1831945 0.1136218 0.1502417 0.2395403 0.3257099 0.0613829 0.1289149 0.1141676 0.1133953 0.1288109 0.1196449 0.1303505 0.1219473 0.3238234 0.1330477 0.1186100 0.1202530 0.1168138 0.1194223 0.1135587 0.1349374 0.1064534 0.1184605 0.1099155 0.1279584 0.0224220 0.0000000 0.1255845 0.1340991 0.0906467 0.1168534 0.1362028 0.1289998 0.1416528 0.1268385 0.1101775 0.1097983 0.1365333 0.1115812 0.1327048 0.1523147 0.1096432 0.1146744 0.1155177 0.1343332 0.1050988 0.1134609 0.1129318 0.1091154 0.1302245 0.1302953 0.1224974 0.1298102 0.1152865 0.1186575 0.1455320 0.1190826 0.2372376 0.1754747 0.1140263 0.1245484 0.1311215 0.1234389 0.1488850 0.1062017 0.1359928 0.1117736 0.0161761 0.1047604 0.1182822 0.1083986 0.1111104 0.1446585 0.2322169 0.1050275 0.1209216 0.1729320 0.1151605 0.1097955 0.1686974 0.1249705 
Perityle_cuneata_34_cuneata_San_antonio    0.2165229 0.1221502 0.2359301 0.1629291 0.1553001 0.1645592 0.2605423 0.4369973 0.1802463 0.1776897 0.1700746 0.1660532 0.2056893 0.1574841 0.2177509 0.2153415 0.2477010 0.1626504 0.2198168 0.1362672 0.1647420 0.1386318 0.1754293 0.1671771 0.1643708 0.1712323 0.1594372 0.2041655 0.1674821 0.1255845 0.0000000 0.1727049 0.2114067 0.2292133 0.1882382 0.2424259 0.2041591 0.1411927 0.1514826 0.1585526 0.1917559 0.1547778 0.1875007 0.2017333 0.1607840 0.1729777 0.1712764 0.1863126 0.1823555 0.1718524 0.1636336 0.1752328 0.1519411 0.1967525 0.1459334 0.1500250 0.1743143 0.1760192 0.1848263 0.0872616 0.2941193 0.1913009 0.1734171 0.2050565 0.2247100 0.1769939 0.1889329 0.1028405 0.2399398 0.1713683 0.1807975 0.1695961 0.1724646 0.1497292 0.1428351 0.1918805 0.2935581 0.1962808 0.1791438 0.1688140 0.1698629 0.1709139 0.1603555 0.1902822 
Perityle_cuneata_4                         0.1769819 0.1264857 0.2598872 0.1582453 0.1543036 0.1479625 0.2700580 0.3844436 0.1464305 0.1770236 0.1585900 0.1587431 0.2174287 0.1690209 0.1788996 0.2033796 0.2480684 0.1825238 0.2210918 0.1684472 0.1594580 0.1434443 0.1686610 0.1671188 0.1542465 0.1647419 0.1623358 0.1995487 0.1821931 0.1340991 0.1727049 0.0000000 0.1469689 0.2359125 0.1300219 0.2357878 0.1771025 0.1621472 0.1608565 0.1560565 0.1344958 0.1619531 0.1359578 0.1890454 0.1525059 0.1663042 0.1691756 0.1318102 0.1723446 0.1755912 0.1536639 0.1750163 0.1568638 0.1788800 0.1830136 0.1603238 0.1697672 0.1717388 0.2155505 0.1290522 0.2882462 0.2340401 0.1594043 0.1857968 0.2080008 0.1830245 0.1817496 0.1489745 0.2389004 0.1652889 0.1714421 0.1570612 0.1668361 0.1565790 0.1686209 0.1799208 0.3055200 0.2166316 0.1623205 0.1914400 0.1684476 0.1611010 0.1714226 0.2189100 
Perityle_discoidea_81                      0.0407555 0.1305241 0.2044359 0.1239172 0.1371211 0.1179822 0.2366368 0.4137935 0.0212282 0.1512039 0.1510473 0.1358600 0.2506446 0.1505510 0.3054147 0.2323779 0.4426014 0.1415534 0.2881085 0.1404991 0.1360962 0.1383279 0.1419630 0.3948908 0.1460969 0.1529548 0.1340674 0.1588836 0.1876594 0.0906467 0.2114067 0.1469689 0.0000000 0.1863636 0.1243171 0.2969481 0.1572634 0.1229573 0.1229364 0.1388548 0.1268614 0.1717177 0.1241420 0.1708565 0.1346653 0.1820707 0.1544352 0.1240902 0.1607123 0.1669796 0.1413528 0.1645210 0.4851651 0.1664742 0.1335745 0.1479662 0.1614933 0.1559686 0.1385064 0.0922844 0.3704546 0.1868853 0.1554318 0.1540915 0.2006623 0.1813423 0.1638852 0.0912499 0.3093277 0.1390445 0.1544253 0.1304610 0.1398230 0.1388185 0.1075764 0.1716583 0.1805598 0.1764943 0.1525908 0.1518155 0.1403620 0.1450754 0.1681140 0.1803807 
Perityle_dissecta_201                      0.2060948 0.0934371 0.2259378 0.1538253 0.1354479 0.1599268 0.2408080 0.4154074 0.2277632 0.2138003 0.1237219 0.1414573 0.2185481 0.1459452 0.2564813 0.1945768 0.3320870 0.2351880 0.2457141 0.1395896 0.1442193 0.1065825 0.1536681 0.2051965 0.1375085 0.1494498 0.1541431 0.2203695 0.1661849 0.1168534 0.2292133 0.2359125 0.1863636 0.0000000 0.2212604 0.2165870 0.2264899 0.1278692 0.1275558 0.1477916 0.2089302 0.1451505 0.2297814 0.2373244 0.1594877 0.1064901 0.1543933 0.2239687 0.1629885 0.1627125 0.1353601 0.1546014 0.2248963 0.2504083 0.1534891 0.1317322 0.1548139 0.1556992 0.2178167 0.0866433 0.3622400 0.1002426 0.1239639 0.2178610 0.2271991 0.2267100 0.2262646 0.0476221 0.2420175 0.1490559 0.2299315 0.1447159 0.1134997 0.1298684 0.1778421 0.2276619 0.2584385 0.1761975 0.1337240 0.1648218 0.1527074 0.1570503 0.1765149 0.1253770 
Perityle_feddemae_99                       0.1651294 0.1191196 0.2557411 0.1672567 0.1418307 0.1583428 0.2523577 0.3747442 0.1525629 0.1682965 0.1507303 0.1627151 0.2234096 0.1700563 0.2053359 0.2085621 0.2705216 0.1567378 0.2444618 0.1575787 0.1549348 0.1691093 0.1637241 0.1695755 0.1600891 0.1532381 0.1591864 0.1695872 0.1737653 0.1362028 0.1882382 0.1300219 0.1243171 0.2212604 0.0000000 0.2389216 0.1351985 0.1558687 0.1475562 0.1534946 0.0254868 0.1648633 0.0199334 0.1441881 0.1546297 0.1783103 0.1663974 0.0244244 0.1760478 0.1740422 0.1595136 0.1653664 0.1641643 0.1401469 0.1748466 0.1595814 0.1654436 0.1650135 0.1991608 0.1027427 0.2473939 0.2110866 0.1563108 0.1653651 0.1987562 0.1811471 0.1661234 0.1266879 0.2429785 0.1589712 0.1665447 0.1560554 0.1533088 0.1499127 0.1708840 0.1709886 0.2753846 0.1951796 0.1573854 0.1576966 0.1581300 0.1610385 0.1557337 0.2018719 
Perityle_fosteri_93                        0.2944879 0.1485254 0.1778014 0.1496452 0.1745959 0.1376276 0.3483756 0.3925178 0.2406521 0.2024120 0.1473327 0.1382969 0.0945933 0.1371342 0.1730700 0.0682328 0.3057207 0.2237371 0.0981360 0.0594839 0.1311697 0.1357467 0.1369880 0.0570756 0.1415809 0.1457616 0.1421346 0.2403796 0.2093779 0.1289998 0.2424259 0.2357878 0.2969481 0.2165870 0.2389216 0.0000000 0.2484335 0.1362505 0.1077215 0.1342790 0.2404170 0.1290683 0.2539452 0.2555144 0.1161056 0.1465170 0.1473555 0.2401783 0.1491931 0.1623832 0.1423265 0.1435945 0.0535767 0.2495091 0.1338786 0.1622834 0.1517246 0.1500444 0.2515848 0.1112847 0.2706830 0.2541825 0.1454232 0.2314546 0.2387217 0.2031960 0.2086697 0.1228332 0.0869319 0.1338050 0.2315752 0.1298280 0.1450822 0.1259491 0.0993688 0.2086672 0.3376560 0.1849754 0.1542537 0.2226199 0.1360970 0.1471250 0.2058322 0.1410960 
Perityle_gamon_221                         0.2024833 0.1295215 0.2427592 0.1950037 0.1481824 0.1903287 0.2660410 0.4173103 0.1717181 0.1809261 0.1542040 0.1690817 0.2335157 0.1711151 0.2233858 0.2255168 0.2994343 0.1461213 0.2506849 0.1680511 0.1691501 0.1835386 0.1655714 0.1977527 0.1640437 0.1655309 0.1739758 0.1819620 0.1910067 0.1416528 0.2041591 0.1771025 0.1572634 0.2264899 0.1351985 0.2484335 0.0000000 0.1570441 0.1602410 0.1651586 0.1337002 0.1860627 0.1368542 0.0310300 0.1648743 0.1900456 0.1778049 0.1368358 0.1830789 0.1958974 0.1651806 0.1721106 0.2012485 0.1691938 0.1646948 0.1624751 0.1800204 0.1810946 0.1827667 0.0737477 0.2834336 0.1882203 0.1550327 0.1792357 0.2289560 0.1970207 0.1715281 0.1028594 0.2647687 0.1638394 0.1736113 0.1636241 0.1647281 0.1693856 0.1839463 0.1713586 0.2773664 0.2102668 0.1592857 0.1660908 0.1660940 0.1745106 0.1598492 0.1817949 
Perityle_gentryi_8_san_francisco           0.1803172 0.1214541 0.2174766 0.1579706 0.1168724 0.1561948 0.2740606 0.3726323 0.1410146 0.1320709 0.0631836 0.0597114 0.1317705 0.0709721 0.0566122 0.1206423 0.3022070 0.1554732 0.1252874 0.0846988 0.0695571 0.0879634 0.0650600 0.0764165 0.0558470 0.0595659 0.0613719 0.1559727 0.1783922 0.1268385 0.1411927 0.1621472 0.1229573 0.1278692 0.1558687 0.1362505 0.1570441 0.0000000 0.0589807 0.0523429 0.1565428 0.0689688 0.1586789 0.1629113 0.0669541 0.0588777 0.0644502 0.1562908 0.0633129 0.0625248 0.0580645 0.0685931 0.0733675 0.1625714 0.0784153 0.0924127 0.0658044 0.0718847 0.2272910 0.1038045 0.2815078 0.1186795 0.0663438 0.1478967 0.1236506 0.1374574 0.1497202 0.0631373 0.1364855 0.0612442 0.1521217 0.0593468 0.0751690 0.0582462 0.0685223 0.1456597 0.2677693 0.0857910 0.0664779 0.1893555 0.0642384 0.0641684 0.1915838 0.1706018 
Perityle_gilensis_22_Superstition          0.1715571 0.0935933 0.1938099 0.1492428 0.1089154 0.1425459 0.2406839 0.3656496 0.1437594 0.1379546 0.0473610 0.0413528 0.1225851 0.0540153 0.0773885 0.0983461 0.2968638 0.1658989 0.1145434 0.0667711 0.0499608 0.0744493 0.0139027 0.0307626 0.0416257 0.0477550 0.0622087 0.1492228 0.1604393 0.1101775 0.1514826 0.1608565 0.1229364 0.1275558 0.1475562 0.1077215 0.1602410 0.0589807 0.0000000 0.0413454 0.1467145 0.0589970 0.1521097 0.1626120 0.0424532 0.0517228 0.0466452 0.1462058 0.0434462 0.0509046 0.0430132 0.0535336 0.0524457 0.1740867 0.0636596 0.0738634 0.0458443 0.0505285 0.2105945 0.0867840 0.2644608 0.0992643 0.0484949 0.1461769 0.1555539 0.1425588 0.1464028 0.0507404 0.1191990 0.0100828 0.1416877 0.0191450 0.0477107 0.0398660 0.0586234 0.1445715 0.2564935 0.0922670 0.0516025 0.1659251 0.0138875 0.0649059 0.1698417 0.1474049 
Perityle_gilensis_salensis_225             0.1741220 0.0957101 0.2081849 0.1424658 0.1094442 0.1374000 0.2613911 0.3728705 0.1539440 0.1367160 0.0510906 0.0402215 0.1114043 0.0438446 0.0754479 0.1007696 0.2996516 0.1581830 0.1337452 0.0572096 0.0505238 0.0700767 0.0485025 0.0505114 0.0357086 0.0478791 0.0593709 0.1579315 0.1656987 0.1097983 0.1585526 0.1560565 0.1388548 0.1477916 0.1534946 0.1342790 0.1651586 0.0523429 0.0413454 0.0000000 0.1528434 0.0609752 0.1548229 0.1709675 0.0505635 0.0645853 0.0567640 0.1497647 0.0526986 0.0610196 0.0344428 0.0553347 0.0381197 0.1826729 0.0563788 0.0709138 0.0580431 0.0619653 0.2081520 0.0938020 0.2624531 0.1023157 0.0542402 0.1548226 0.1668226 0.1429731 0.1494936 0.0508758 0.1423646 0.0446470 0.1408446 0.0423540 0.0634532 0.0399260 0.0435035 0.1508575 0.2563430 0.1060904 0.0578798 0.1680531 0.0471767 0.0547752 0.1699887 0.1551306 
Perityle_glaucescens_94                    0.1564509 0.1176533 0.2431903 0.1670012 0.1505117 0.1592854 0.2647035 0.3836221 0.1513270 0.1697161 0.1488002 0.1589900 0.2268060 0.1663385 0.2092137 0.2064012 0.2632224 0.1539232 0.2476065 0.1575262 0.1550617 0.1688820 0.1616862 0.1667896 0.1580791 0.1560470 0.1594160 0.1720594 0.1728054 0.1365333 0.1917559 0.1344958 0.1268614 0.2089302 0.0254868 0.2404170 0.1337002 0.1565428 0.1467145 0.1528434 0.0000000 0.1703675 0.0246967 0.1446246 0.1540449 0.1782466 0.1659666 0.0277482 0.1767437 0.1758037 0.1542044 0.1633981 0.1690830 0.1425720 0.1699513 0.1527530 0.1658818 0.1661904 0.1886215 0.1102382 0.2454663 0.2017691 0.1544420 0.1660766 0.1938423 0.1802404 0.1660594 0.1304960 0.2476770 0.1568316 0.1652001 0.1538407 0.1539702 0.1508543 0.1692770 0.1702859 0.2733805 0.1980453 0.1555221 0.1528320 0.1559658 0.1631159 0.1548925 0.1914782 
Perityle_gracilis_11                       0.2092247 0.1021097 0.2020241 0.1444370 0.1247248 0.1385808 0.2493206 0.3751754 0.1731360 0.1495737 0.0760635 0.0617957 0.1269085 0.0520980 0.1138567 0.1179973 0.3002889 0.1529174 0.1284819 0.0731298 0.0552415 0.0744418 0.0666878 0.0472954 0.0566649 0.0683594 0.0733185 0.1765058 0.1669458 0.1115812 0.1547778 0.1619531 0.1717177 0.1451505 0.1648633 0.1290683 0.1860627 0.0689688 0.0589970 0.0609752 0.1703675 0.0000000 0.1725989 0.1891627 0.0664032 0.0521751 0.0525096 0.1665601 0.0499706 0.0440814 0.0609998 0.0809937 0.0569700 0.1914951 0.0627812 0.0737143 0.0502759 0.0558567 0.1907721 0.0835607 0.2619226 0.1052721 0.0760734 0.1729722 0.1636609 0.1553216 0.1685489 0.0447698 0.1367147 0.0645257 0.1735419 0.0603773 0.0681157 0.0512981 0.0124949 0.1676844 0.2872323 0.0934343 0.0807035 0.1777675 0.0680527 0.0747198 0.1764190 0.1513876 
Perityle_harkerae_31                       0.1682539 0.1210895 0.2558038 0.1643567 0.1473186 0.1546110 0.2730682 0.3881563 0.1336811 0.1759827 0.1553050 0.1657071 0.2274111 0.1704571 0.2069917 0.2168589 0.2912405 0.1550395 0.2504894 0.1565250 0.1573662 0.1696590 0.1644031 0.1769669 0.1612421 0.1574214 0.1592795 0.1660305 0.1725930 0.1327048 0.1875007 0.1359578 0.1241420 0.2297814 0.0199334 0.2539452 0.1368542 0.1586789 0.1521097 0.1548229 0.0246967 0.1725989 0.0000000 0.1474932 0.1570633 0.1811347 0.1697803 0.0138199 0.1777299 0.1751108 0.1613716 0.1678870 0.1713931 0.1371571 0.1730545 0.1564776 0.1696023 0.1717843 0.1941866 0.1062649 0.2504883 0.2112119 0.1622754 0.1562620 0.1881477 0.1855042 0.1702597 0.1305108 0.2499654 0.1601259 0.1610053 0.1585317 0.1596065 0.1538280 0.1646071 0.1690808 0.2779639 0.2056340 0.1617001 0.1603503 0.1600194 0.1672730 0.1494751 0.1917893 
Perityle_hofmeisteria_4_nombre_de_dios     0.2128857 0.1404903 0.2551762 0.1869613 0.1547295 0.1933764 0.2747533 0.4218138 0.1764669 0.1900280 0.1614320 0.1732105 0.2335648 0.1807678 0.2399269 0.2221836 0.2969102 0.1666461 0.2565547 0.1705532 0.1751078 0.1886985 0.1714309 0.1990113 0.1708917 0.1692108 0.1821403 0.1833346 0.1959278 0.1523147 0.2017333 0.1890454 0.1708565 0.2373244 0.1441881 0.2555144 0.0310300 0.1629113 0.1626120 0.1709675 0.1446246 0.1891627 0.1474932 0.0000000 0.1732230 0.1909750 0.1846656 0.1444245 0.1923588 0.1983623 0.1718469 0.1747356 0.2097588 0.1701015 0.1791740 0.1661387 0.1835384 0.1879243 0.1812559 0.0805426 0.2841213 0.1944079 0.1630830 0.1825321 0.2420772 0.2018946 0.1804269 0.1129744 0.2618101 0.1674505 0.1820750 0.1700535 0.1739560 0.1741930 0.1899098 0.1807031 0.2678907 0.2239671 0.1671668 0.1556582 0.1720203 0.1808989 0.1642688 0.1879718 
Perityle_huecosensis_48                    0.1801935 0.0840614 0.1878155 0.1464609 0.1131410 0.1419887 0.2554007 0.3670272 0.1565925 0.1459956 0.0509582 0.0451613 0.1139925 0.0587792 0.0860479 0.0770631 0.2930255 0.1575282 0.1290668 0.0498875 0.0566491 0.0506559 0.0469544 0.0484621 0.0481899 0.0529008 0.0629160 0.1673770 0.1608529 0.1096432 0.1607840 0.1525059 0.1346653 0.1594877 0.1546297 0.1161056 0.1648743 0.0669541 0.0424532 0.0505635 0.1540449 0.0664032 0.1570633 0.1732230 0.0000000 0.0824581 0.0615411 0.1524564 0.0610545 0.0711293 0.0475535 0.0572535 0.0656581 0.1824449 0.0663740 0.0816673 0.0639903 0.0682576 0.1990005 0.0938045 0.2661042 0.1157503 0.0514486 0.1617037 0.1725595 0.1490489 0.1584008 0.0541437 0.1298578 0.0430248 0.1516206 0.0413129 0.0592812 0.0499562 0.0642920 0.1599461 0.2607643 0.1117105 0.0579024 0.1594664 0.0443026 0.0655504 0.1593474 0.1544156 
