86
Amauria_brandeegeana_62                    0.0000000 0.0666600 0.0847561 0.2398997 0.1442140 0.1091690 0.2053454 0.1679306 0.3460294 0.0216560 0.1322668 0.1107518 0.1036970 0.1153197 0.1109156 0.1133914 0.1039190 0.2228091 0.1324403 0.1011320 0.1059139 0.1178300 0.2407818 0.1106381 0.1719710 0.1164519 0.1050837 0.1212814 0.1916280 0.1749665 0.0950846 0.1558413 0.1361502 0.5367618 0.1080207 0.0103763 0.1349411 0.1043485 0.1370352 0.1611341 0.1112673 0.1111657 0.1291953 0.1155095 0.1292981 0.1348464 0.1026197 0.1092023 0.1106960 0.1305402 0.1088116 0.1094839 0.1108646 0.0996239 0.0978935 0.1273705 0.0951999 0.1322069 0.1106470 0.1194648 0.1550063 0.1194311 0.1232528 0.0876855 0.1053503 0.1439370 0.1121782 0.1422202 0.1544932 0.3557841 0.1038806 0.1092084 0.1296941 0.1106833 0.1135694 0.1123586 0.4383847 0.3637335 0.1219801 0.1008509 0.1007413 0.1205836 0.1192134 0.1439433 0.0951694 0.1203223 
Amauria_carterae_99_mesa                   0.0666600 0.0000000 0.0552171 0.2009566 0.0843664 0.0812265 0.1943068 0.1584776 0.2466348 0.0615023 0.1017024 0.0944634 0.0785034 0.0916162 0.0836456 0.0919512 0.0994179 0.1103216 0.0987346 0.0943235 0.1020479 0.0890000 0.2208770 0.0864774 0.0765758 0.0915221 0.0765429 0.0918055 0.1405145 0.1392488 0.0999119 0.1504487 0.0716597 0.5369378 0.0792050 0.0643706 0.0997048 0.1021697 0.1112804 0.1182356 0.0767244 0.0891492 0.1023427 0.0865587 0.1024642 0.1125870 0.0945997 0.0813359 0.0839048 0.1049125 0.0765758 0.0891044 0.0840874 0.0742338 0.0766871 0.1000188 0.0888992 0.1266661 0.0813466 0.0838800 0.1154393 0.1072553 0.0991602 0.0870411 0.1077053 0.1165194 0.0840642 0.1024610 0.1367588 0.2711366 0.1047637 0.0816924 0.0800002 0.0864477 0.0864721 0.0838152 0.4434576 0.2583796 0.1025766 0.0840022 0.0891900 0.1142120 0.0915120 0.1176540 0.0777100 0.0870991 
Amauria_rotundifolia_SRR9119150            0.0847561 0.0552171 0.0000000 0.2815889 0.1319485 0.1016820 0.2132840 0.1804156 0.3695413 0.1143091 0.1281187 0.1078219 0.0982242 0.1115212 0.1040395 0.1082143 0.1049564 0.2927434 0.1231797 0.1058922 0.1698327 0.1089950 0.2385436 0.1083746 0.2867124 0.1083663 0.0952395 0.1097653 0.2823400 0.1877066 0.0839447 0.1600654 0.1259276 0.4724455 0.1016918 0.0826916 0.1432756 0.1012580 0.1330264 0.1590176 0.1019584 0.1074892 0.1335141 0.1105906 0.1395248 0.1336734 0.1534711 0.1060113 0.1026576 0.1395734 0.1031913 0.1074324 0.1027342 0.0977000 0.0941573 0.1348888 0.0971495 0.1247256 0.0995906 0.1074358 0.1419352 0.1056660 0.1205901 0.0887756 0.1110560 0.1402551 0.1037873 0.1454270 0.1560341 0.3953027 0.1061014 0.1070778 0.1267973 0.1048866 0.1071988 0.1088248 0.4335152 0.3480182 0.1233900 0.0994322 0.1049893 0.1314678 0.1091910 0.1580219 0.1015552 0.1131964 
Conoclinium_coelestinum_SRR9119114         0.2398997 0.2009566 0.2815889 0.0000000 0.2902181 0.2135118 0.2075875 0.2687209 0.4801980 0.2740272 0.2760652 0.2639100 0.2754340 0.2820319 0.2455602 0.2817301 0.2637678 0.4652209 0.2783301 0.2685338 0.2647362 0.2732830 0.3288167 0.2802861 0.3805498 0.2852637 0.2822242 0.2900697 0.3756334 0.3458958 0.1888852 0.3258149 0.2811915 0.5241018 0.2829724 0.2412912 0.2807685 0.2344991 0.2991833 0.2709466 0.2762927 0.2840463 0.2885174 0.2783376 0.2827949 0.2972463 0.2687494 0.2820464 0.2800575 0.2841614 0.2786411 0.2769558 0.2820205 0.2709432 0.2359347 0.2950169 0.2306776 0.2869479 0.2835392 0.2895836 0.2859900 0.2138052 0.2461095 0.2077594 0.2693759 0.3122018 0.2789058 0.3004316 0.2447916 0.5359885 0.2527459 0.2865611 0.2745893 0.2798471 0.2764569 0.2749296 0.4527477 0.5562635 0.2898515 0.2764862 0.2743419 0.2440881 0.2890993 0.3257671 0.2001783 0.2903492 
Eutetras_palmeri_63                        0.1442140 0.0843664 0.1319485 0.2902181 0.0000000 0.0287529 0.2291406 0.2095254 0.3657555 0.1611730 0.1140269 0.1219278 0.1113236 0.1341015 0.1025208 0.1377841 0.1212908 0.2826200 0.1187794 0.1214083 0.1638733 0.1250956 0.2767455 0.1134187 0.2777164 0.1159583 0.1153461 0.1237684 0.2669754 0.1787709 0.1152378 0.1390879 0.1108612 0.4647919 0.1261594 0.1412979 0.1112874 0.1235267 0.1218211 0.1323536 0.1250686 0.1285777 0.1098870 0.1160966 0.1047470 0.1198425 0.1712944 0.1123648 0.1135154 0.1085857 0.1223241 0.1261766 0.1161349 0.1205785 0.1114227 0.1102850 0.1030792 0.1412480 0.1279506 0.1234444 0.1260305 0.0962496 0.1102823 0.1007449 0.1277095 0.1201454 0.1257390 0.1093706 0.1318835 0.4037389 0.1213829 0.1273375 0.1237652 0.1146943 0.1172087 0.1255107 0.4884309 0.3591168 0.1083269 0.1175114 0.1159863 0.1173883 0.1270546 0.1300955 0.1037584 0.1033469 
Eutetras_pringlei_149_quer                 0.1091690 0.0812265 0.1016820 0.2135118 0.0287529 0.0000000 0.1616633 0.2070789 0.2911038 0.1060444 0.1084228 0.1197992 0.0975604 0.1280096 0.1131347 0.1278329 0.1246960 0.1509965 0.1179212 0.1192800 0.1248378 0.1107924 0.2400104 0.0999191 0.1138739 0.1078157 0.1113258 0.1194891 0.1191921 0.1109870 0.1089034 0.1577693 0.1067855 0.5362943 0.1140599 0.1089297 0.1007259 0.1277797 0.1207616 0.1419893 0.1165877 0.1221495 0.1006909 0.1026432 0.1008143 0.1168583 0.1248660 0.1026432 0.1026432 0.1006077 0.1084663 0.1137043 0.1053702 0.1114582 0.1108216 0.0956191 0.1215369 0.1404025 0.1080953 0.1053476 0.1316427 0.0738951 0.1140339 0.1163561 0.1282564 0.1269758 0.1243302 0.0804220 0.1523303 0.4098472 0.1332587 0.1167941 0.0898851 0.1026432 0.1053794 0.1134697 0.4764104 0.4131193 0.1010038 0.1137895 0.1088000 0.1360223 0.1079583 0.1312822 0.1107097 0.1090404 
Eutrochium_fistulosum_SRR9119106           0.2053454 0.1943068 0.2132840 0.2075875 0.2291406 0.1616633 0.0000000 0.2207900 0.4184951 0.2016265 0.1943371 0.1978071 0.1919345 0.2101742 0.1937376 0.2257837 0.1943562 0.2672128 0.2152283 0.1942874 0.1990324 0.2017993 0.2865669 0.1980010 0.2093103 0.1976353 0.1996920 0.2100840 0.2145214 0.3561777 0.1519582 0.2336170 0.2077271 0.5152038 0.2061864 0.2051676 0.1946210 0.2004108 0.2142021 0.2125188 0.2021256 0.2101845 0.1945206 0.1939102 0.1908709 0.2147278 0.2001264 0.1960263 0.1960263 0.1985193 0.2003259 0.1883465 0.1960263 0.1968590 0.1899949 0.2023967 0.1906785 0.2405944 0.1923802 0.2001281 0.2271919 0.1915812 0.2020279 0.1256403 0.2005702 0.2249308 0.2072763 0.2128483 0.1679657 0.5012892 0.1924806 0.2086139 0.2453432 0.1940276 0.1960139 0.1963066 0.4854478 0.5428452 0.2002325 0.1942547 0.1965729 0.1977171 0.2016957 0.2225630 0.1385631 0.2158286 
Galeana_pratensis_104_mex                  0.1679306 0.1584776 0.1804156 0.2687209 0.2095254 0.2070789 0.2207900 0.0000000 0.1452193 0.1784083 0.2150691 0.1821683 0.1685170 0.1968471 0.1621157 0.2038695 0.1850413 0.2345294 0.1769438 0.1786874 0.1789507 0.1826295 0.3175837 0.1789438 0.2022372 0.1819570 0.1803136 0.2046913 0.1920293 0.1809856 0.2313078 0.2213810 0.1842148 0.5159059 0.1899665 0.1543721 0.1821000 0.1824507 0.2070456 0.1896591 0.2027065 0.1958364 0.1860033 0.1758588 0.1889224 0.2057354 0.1853602 0.1758588 0.1758588 0.1917614 0.1863076 0.1726986 0.1791878 0.1772037 0.1495190 0.1834077 0.1756411 0.1991382 0.1758212 0.1791496 0.1907699 0.1013766 0.1656207 0.1746212 0.1863369 0.1922351 0.1891274 0.2293063 0.2455052 0.3736597 0.1855172 0.1896965 0.1904501 0.1758588 0.1792079 0.1790924 0.4559115 0.3793350 0.1734272 0.1826702 0.1667115 0.1858495 0.1791081 0.2069542 0.1696242 0.1830687 
Helianthus_annuus_SRR9119062               0.3460294 0.2466348 0.3695413 0.4801980 0.3657555 0.2911038 0.4184951 0.1452193 0.0000000 0.3384789 0.3509709 0.3502299 0.3369905 0.3455140 0.3519484 0.3634110 0.3493540 0.4461895 0.3018717 0.3344576 0.3650560 0.3580707 0.3780455 0.3410888 0.5317604 0.3447959 0.3359794 0.3488587 0.4663549 0.3338611 0.2943866 0.3703745 0.3501653 0.5401568 0.3388596 0.3514145 0.3537626 0.3503598 0.3714841 0.3516531 0.3446044 0.3469754 0.3446855 0.3386647 0.3505206 0.3641486 0.3575160 0.3389232 0.3367842 0.3500114 0.3386475 0.3444440 0.3396322 0.3379409 0.3436765 0.3048812 0.2774347 0.2755551 0.3477181 0.3483271 0.4007100 0.1726620 0.3448698 0.2484964 0.3499821 0.3676808 0.3423323 0.3775825 0.3872112 0.5564584 0.3423064 0.3471112 0.3383584 0.3389232 0.3471507 0.3472578 0.4889595 0.5100768 0.3461341 0.3442512 0.3419969 0.3527977 0.3538116 0.3544260 0.2507231 0.3502617 
Lycapsus_tenuifolius_17                    0.0216560 0.0615023 0.1143091 0.2740272 0.1611730 0.1060444 0.2016265 0.1784083 0.3384789 0.0000000 0.1454606 0.1229433 0.1145667 0.1235095 0.1017816 0.1261087 0.1035105 0.2986803 0.1304389 0.1031344 0.1397807 0.1132479 0.2460463 0.1167783 0.2679690 0.1231987 0.1132338 0.1260594 0.2788710 0.1925878 0.1166195 0.1698682 0.1480860 0.5362264 0.1131898 0.0262009 0.1539265 0.1052985 0.1479130 0.1615621 0.1160161 0.1172586 0.1433987 0.1240645 0.1444093 0.1459512 0.1347185 0.1181038 0.1168313 0.1434032 0.1154646 0.1210005 0.1182707 0.1037835 0.0899211 0.1311553 0.0951235 0.1236944 0.1181567 0.1276828 0.1466267 0.1231203 0.1250612 0.0960419 0.1211312 0.1604921 0.1219306 0.1563440 0.1683340 0.3554838 0.1046918 0.1157519 0.1276353 0.1168199 0.1218934 0.1207537 0.4649007 0.3509119 0.1411765 0.1095865 0.1157168 0.1140541 0.1267422 0.1579519 0.0894340 0.1277302 
Pericome_caudata_50_silver                 0.1322668 0.1017024 0.1281187 0.2760652 0.1140269 0.1084228 0.1943371 0.2150691 0.3509709 0.1454606 0.0000000 0.0927727 0.0993482 0.1137219 0.0810921 0.1218956 0.0957087 0.2483558 0.0965606 0.0966226 0.1376000 0.1033654 0.2378005 0.1059663 0.2779115 0.1070424 0.0986814 0.1082424 0.2478095 0.1774130 0.0962443 0.1238244 0.1149708 0.4927468 0.1037733 0.1234537 0.1197514 0.0954543 0.1165028 0.1446028 0.1050215 0.1095621 0.1162094 0.1091301 0.1120965 0.1172141 0.1449002 0.1058524 0.1003399 0.1150772 0.1018873 0.1072162 0.1038396 0.1024817 0.0834082 0.1161452 0.0741340 0.0770534 0.1051939 0.1085990 0.1119648 0.0764456 0.1102030 0.0813199 0.1039646 0.1230750 0.1058274 0.0984629 0.1212582 0.3503783 0.0979699 0.1057957 0.1230999 0.1036426 0.1059018 0.1063259 0.4650817 0.3223863 0.1130492 0.0960765 0.1094028 0.1041772 0.1101622 0.1230683 0.0869544 0.1157124 
Perityle_aglossa_84_dead_horse             0.1107518 0.0944634 0.1078219 0.2639100 0.1219278 0.1197992 0.1978071 0.1821683 0.3502299 0.1229433 0.0927727 0.0000000 0.0392193 0.0519463 0.0451860 0.0789443 0.0454517 0.2504358 0.0855259 0.0432444 0.1031767 0.0425992 0.1843396 0.0479768 0.2167156 0.0459158 0.0399733 0.0543264 0.2320490 0.1845663 0.1058722 0.1359217 0.1257091 0.4902848 0.0427954 0.1018651 0.1187085 0.0413573 0.1168234 0.0949621 0.0459454 0.0495066 0.1096063 0.0446304 0.1120923 0.1119485 0.0899572 0.0431033 0.0407991 0.1151742 0.0404783 0.0432517 0.0439438 0.0434538 0.0339521 0.1102386 0.0449025 0.0497201 0.0392612 0.0417009 0.1096760 0.0843213 0.0959467 0.0562454 0.0484967 0.1156524 0.0499877 0.1316485 0.1350828 0.3321044 0.0447573 0.0476143 0.1230530 0.0418093 0.0438486 0.0444288 0.4348273 0.3300267 0.1133278 0.0366633 0.0547109 0.0832327 0.0437401 0.1278429 0.0648192 0.0813183 
Perityle_ajoensis_204                      0.1036970 0.0785034 0.0982242 0.2754340 0.1113236 0.0975604 0.1919345 0.1685170 0.3369905 0.1145667 0.0993482 0.0392193 0.0000000 0.0327264 0.0174276 0.0720581 0.0561595 0.2581745 0.0761905 0.0547620 0.1160523 0.0188579 0.1864523 0.0096866 0.2217227 0.0087122 0.0236416 0.0336073 0.2389512 0.1759305 0.0963534 0.1366714 0.1125527 0.4905805 0.0265199 0.0945729 0.1126986 0.0468768 0.1152359 0.1069144 0.0305767 0.0318888 0.1037298 0.0031559 0.1069806 0.1114811 0.1010506 0.0049744 0.0019273 0.1092445 0.0245909 0.0197455 0.0038664 0.0271640 0.0157043 0.1023711 0.0225091 0.0692418 0.0208215 0.0199658 0.1012013 0.0659226 0.0899119 0.0135778 0.0653035 0.1107581 0.0315028 0.1227380 0.1324363 0.3510738 0.0543710 0.0264458 0.1177689 0.0038596 0.0067675 0.0177948 0.4085668 0.3107451 0.1061918 0.0215694 0.0493857 0.0831325 0.0224716 0.1323950 0.0460402 0.0713964 
Perityle_ambrosiifolia_67_green            0.1153197 0.0916162 0.1115212 0.2820319 0.1341015 0.1280096 0.2101742 0.1968471 0.3455140 0.1235095 0.1137219 0.0519463 0.0327264 0.0000000 0.0406251 0.0715795 0.0707075 0.2747543 0.0965817 0.0692378 0.1110700 0.0389046 0.1769102 0.0427148 0.1901606 0.0375330 0.0418714 0.0501319 0.2504905 0.1840224 0.1115722 0.1575247 0.1240254 0.4995229 0.0200399 0.1063960 0.1264961 0.0669775 0.1314832 0.1171797 0.0251726 0.0243448 0.1182292 0.0364586 0.1222286 0.1274922 0.0978155 0.0354398 0.0344018 0.1239930 0.0177451 0.0389497 0.0375759 0.0439071 0.0366832 0.1172132 0.0525174 0.0879987 0.0378012 0.0392370 0.1188888 0.0879751 0.1079163 0.0599084 0.0814280 0.1268388 0.0489892 0.1351412 0.1442129 0.3904045 0.0690433 0.0239459 0.1357525 0.0364614 0.0395818 0.0385349 0.4590946 0.3370812 0.1197022 0.0333792 0.0700973 0.1019376 0.0394851 0.1468124 0.0826796 0.0895576 
Perityle_angustifolia_13_Eagle_creek       0.1109156 0.0836456 0.1040395 0.2455602 0.1025208 0.1131347 0.1937376 0.1621157 0.3519484 0.1017816 0.0810921 0.0451860 0.0174276 0.0406251 0.0000000 0.0634671 0.0483112 0.1459580 0.0845727 0.0437396 0.0544709 0.0200077 0.1804117 0.0229453 0.0556437 0.0258151 0.0305094 0.0332258 0.1474241 0.1473477 0.1146456 0.1192921 0.0890875 0.5232090 0.0347045 0.1073945 0.0822807 0.0513197 0.0921359 0.0605745 0.0391267 0.0391011 0.0791430 0.0200367 0.0806779 0.0869735 0.0482981 0.0171231 0.0200259 0.0837458 0.0302586 0.0157044 0.0200629 0.0274099 0.0088716 0.0805057 0.0275286 0.0721448 0.0200074 0.0229268 0.0884800 0.0694815 0.0791754 0.0238529 0.0530063 0.0844934 0.0361155 0.0998351 0.1187272 0.3753504 0.0498247 0.0347085 0.1188470 0.0214631 0.0229101 0.0186064 0.4298381 0.3805596 0.0777768 0.0200382 0.0348255 0.0884902 0.0214516 0.1142967 0.0643103 0.0663478 
Perityle_batopilensis_97                   0.1133914 0.0919512 0.1082143 0.2817301 0.1377841 0.1278329 0.2257837 0.2038695 0.3634110 0.1261087 0.1218956 0.0789443 0.0720581 0.0715795 0.0634671 0.0000000 0.0516630 0.2741969 0.1079730 0.0466829 0.1002569 0.0783696 0.1811327 0.0789003 0.2248103 0.0788957 0.0692359 0.0865280 0.2623527 0.1754020 0.1013046 0.1490440 0.1230491 0.5070603 0.0690560 0.1072100 0.1251329 0.0531517 0.1194051 0.0652249 0.0713179 0.0744784 0.1133942 0.0787985 0.1177115 0.1201337 0.0860202 0.0734513 0.0744646 0.1202943 0.0664128 0.0812136 0.0756674 0.0675979 0.0540414 0.1140186 0.0565607 0.0983974 0.0780969 0.0821635 0.1252773 0.1112686 0.1039661 0.0709602 0.0549421 0.1146886 0.0742133 0.1342895 0.1391883 0.4101602 0.0510030 0.0725502 0.1300705 0.0755321 0.0755800 0.0800664 0.4610048 0.3352052 0.1146448 0.0756349 0.0463005 0.1114944 0.0842357 0.1463482 0.0750373 0.0852429 
Perityle_bisetosa_9                        0.1039190 0.0994179 0.1049564 0.2637678 0.1212908 0.1246960 0.1943562 0.1850413 0.3493540 0.1035105 0.0957087 0.0454517 0.0561595 0.0707075 0.0483112 0.0516630 0.0000000 0.2451952 0.0894190 0.0120928 0.0161359 0.0610846 0.1883624 0.0646735 0.1647026 0.0635289 0.0510390 0.0741396 0.2044464 0.1762828 0.1101992 0.1307834 0.1250141 0.5003229 0.0658729 0.1008176 0.1094596 0.0146795 0.1034577 0.0629533 0.0682788 0.0738124 0.0960035 0.0579524 0.0952852 0.1018592 0.0183592 0.0553927 0.0577249 0.1019520 0.0606255 0.0666907 0.0613044 0.0509160 0.0421446 0.0876419 0.0486804 0.0446958 0.0629834 0.0627585 0.1101307 0.0881395 0.0857811 0.0561328 0.0227737 0.0985796 0.0586855 0.1313306 0.1386859 0.3237896 0.0130198 0.0698761 0.1247237 0.0588591 0.0612108 0.0612371 0.4480041 0.3749726 0.0986878 0.0566089 0.0293939 0.0868966 0.0668922 0.1281789 0.0670434 0.0758631 
Perityle_californica_76_positas            0.2228091 0.1103216 0.2927434 0.4652209 0.2826200 0.1509965 0.2672128 0.2345294 0.4461895 0.2986803 0.2483558 0.2504358 0.2581745 0.2747543 0.1459580 0.2741969 0.2451952 0.0000000 0.1724722 0.2399917 0.2684617 0.2414892 0.2601255 0.2569485 0.2897533 0.2695602 0.2595319 0.2673487 0.3307887 0.2910265 0.1403021 0.2335019 0.2795860 0.5904575 0.2661503 0.1899491 0.2760863 0.2176328 0.2833658 0.2394900 0.2702653 0.2744647 0.2785978 0.2612308 0.2806397 0.2791626 0.2688151 0.2568951 0.2568951 0.2802039 0.2596951 0.2725794 0.2574768 0.2482791 0.1359139 0.2570592 0.0988292 0.1278402 0.2567628 0.2608292 0.1738356 0.1073830 0.2110147 0.1167183 0.2722233 0.2771975 0.2653184 0.2789372 0.1941904 0.3072859 0.2390539 0.2640883 0.2012372 0.2609754 0.2612544 0.2634379 0.5500587 0.4482266 0.2743807 0.2570480 0.2611226 0.1262359 0.2712519 0.2660728 0.1132667 0.2471778 
Perityle_canescens_77                      0.1324403 0.0987346 0.1231797 0.2783301 0.1187794 0.1179212 0.2152283 0.1769438 0.3018717 0.1304389 0.0965606 0.0855259 0.0761905 0.0965817 0.0845727 0.1079730 0.0894190 0.1724722 0.0000000 0.0821034 0.0948230 0.0854542 0.1962681 0.0838215 0.1304325 0.0854817 0.0772847 0.0966512 0.1566267 0.1657237 0.1061717 0.1343312 0.1066682 0.5843859 0.0856642 0.1259913 0.1019883 0.0985705 0.1078126 0.1044294 0.0838540 0.0946616 0.0962196 0.0802026 0.0999646 0.1038668 0.0912924 0.0765122 0.0783303 0.1034587 0.0802225 0.0819764 0.0803269 0.0732482 0.0712285 0.0892219 0.0774895 0.1161009 0.0799998 0.0781867 0.1000879 0.0311980 0.0988572 0.0672483 0.0933219 0.0934757 0.0836922 0.1237273 0.1196399 0.3538553 0.0931616 0.0874989 0.1263222 0.0818878 0.0819043 0.0801233 0.4339277 0.3285339 0.0890351 0.0783388 0.0804043 0.0943921 0.0854012 0.1242210 0.0622381 0.0795676 
Perityle_castillonii_96                    0.1011320 0.0943235 0.1058922 0.2685338 0.1214083 0.1192800 0.1942874 0.1786874 0.3344576 0.1031344 0.0966226 0.0432444 0.0547620 0.0692378 0.0437396 0.0466829 0.0120928 0.2399917 0.0821034 0.0000000 0.0132111 0.0590039 0.1797236 0.0632435 0.1737757 0.0621053 0.0508259 0.0726514 0.2120627 0.1764027 0.1056452 0.1276946 0.1204639 0.5156807 0.0644350 0.0978800 0.1078551 0.0150433 0.1018794 0.0477975 0.0668253 0.0691707 0.0932140 0.0586297 0.0961252 0.1002947 0.0139243 0.0540179 0.0563358 0.0991237 0.0612196 0.0645011 0.0598917 0.0495166 0.0363970 0.0905899 0.0448475 0.0398919 0.0631680 0.0657568 0.1040991 0.0807880 0.0798944 0.0489346 0.0204763 0.0957577 0.0572953 0.1269179 0.1378767 0.3266836 0.0133296 0.0689920 0.1229104 0.0574638 0.0598008 0.0621254 0.4354536 0.3574997 0.0970368 0.0575111 0.0259450 0.0832482 0.0677672 0.1253628 0.0620977 0.0719606 
Perityle_cernua_84                         0.1059139 0.1020479 0.1698327 0.2647362 0.1638733 0.1248378 0.1990324 0.1789507 0.3650560 0.1397807 0.1376000 0.1031767 0.1160523 0.1110700 0.0544709 0.1002569 0.0161359 0.2684617 0.0948230 0.0132111 0.0000000 0.0684215 0.1884450 0.1183686 0.2583666 0.1234128 0.1123686 0.1287425 0.2477609 0.1739126 0.1104800 0.1746912 0.1623281 0.6005868 0.1260198 0.1074898 0.1487915 0.0197363 0.1489342 0.0277495 0.1271286 0.1310546 0.1419680 0.0986106 0.1301999 0.1458293 0.0744957 0.0960237 0.1182617 0.1430989 0.1207025 0.1274189 0.1197469 0.0756662 0.0438866 0.1113940 0.0526362 0.0521018 0.1136666 0.1182166 0.0918713 0.0845604 0.0910512 0.0525912 0.0752596 0.1447620 0.1154288 0.1497107 0.2054371 0.3299582 0.0188423 0.1260231 0.1286006 0.1182074 0.1195647 0.1149200 0.4296590 0.3889587 0.1502671 0.1193713 0.0800757 0.0924996 0.1231501 0.1775060 0.0670635 0.0909156 
Perityle_cfvillosa_25_tin                  0.1178300 0.0890000 0.1089950 0.2732830 0.1250956 0.1107924 0.2017993 0.1826295 0.3580707 0.1132479 0.1033654 0.0425992 0.0188579 0.0389046 0.0200077 0.0783696 0.0610846 0.2414892 0.0854542 0.0590039 0.0684215 0.0000000 0.1887898 0.0275277 0.1414689 0.0252817 0.0333381 0.0400216 0.1961171 0.1844233 0.1056468 0.1457814 0.1265889 0.5337047 0.0342821 0.1076147 0.1238244 0.0593902 0.1240118 0.1169733 0.0388889 0.0416074 0.1149029 0.0198810 0.1193858 0.1197256 0.0611832 0.0175025 0.0186162 0.1210515 0.0324777 0.0244651 0.0219887 0.0321257 0.0180577 0.1115624 0.0294867 0.0747907 0.0143284 0.0106379 0.1068224 0.0769357 0.1048985 0.0239450 0.0683005 0.1154594 0.0398931 0.1330097 0.1390559 0.3685258 0.0623159 0.0392797 0.1246071 0.0208282 0.0230626 0.0253261 0.4407259 0.3776855 0.1151662 0.0242047 0.0494046 0.0832662 0.0075999 0.1491744 0.0646078 0.0776241 
Perityle_cinerea_113_Powell1310            0.2407818 0.2208770 0.2385436 0.3288167 0.2767455 0.2400104 0.2865669 0.3175837 0.3780455 0.2460463 0.2378005 0.1843396 0.1864523 0.1769102 0.1804117 0.1811327 0.1883624 0.2601255 0.1962681 0.1797236 0.1884450 0.1887898 0.0000000 0.1931174 0.1753976 0.1885286 0.1842083 0.2117394 0.2043732 0.2548988 0.1454850 0.2819450 0.2386021 0.6035721 0.1670239 0.2367876 0.2110930 0.1933219 0.2164949 0.1877831 0.1664445 0.1759567 0.2211809 0.1889352 0.2208687 0.2153232 0.1930746 0.1839433 0.1885286 0.2208687 0.1626734 0.1839584 0.1931174 0.1800084 0.1679317 0.2205474 0.1896224 0.2049170 0.1884459 0.1884459 0.2202684 0.2026602 0.2230672 0.1820265 0.1894922 0.2048504 0.1831714 0.2419244 0.2491336 0.2849029 0.1800566 0.1760970 0.2306463 0.1885286 0.1931475 0.1795608 0.4614078 0.2892108 0.2150895 0.1836038 0.1887014 0.2159408 0.1839827 0.2731463 0.1846669 0.2042335 
Perityle_coahuilensis_24                   0.1106381 0.0864774 0.1083746 0.2802861 0.1134187 0.0999191 0.1980010 0.1789438 0.3410888 0.1167783 0.1059663 0.0479768 0.0096866 0.0427148 0.0229453 0.0789003 0.0646735 0.2569485 0.0838215 0.0632435 0.1183686 0.0275277 0.1931174 0.0000000 0.2254283 0.0144119 0.0323084 0.0412396 0.2490683 0.1700785 0.0963534 0.1408258 0.1157805 0.4918014 0.0361472 0.1061346 0.1169410 0.0570352 0.1218026 0.1142409 0.0402228 0.0426341 0.1101544 0.0104409 0.1126523 0.1168674 0.1086605 0.0108598 0.0095779 0.1145311 0.0335978 0.0274658 0.0095981 0.0373969 0.0233127 0.1110821 0.0313920 0.0722800 0.0275721 0.0228873 0.1040147 0.0659226 0.0975718 0.0135778 0.0719437 0.1151164 0.0411254 0.1271147 0.1407724 0.3586489 0.0629696 0.0271734 0.1246522 0.0095771 0.0124745 0.0275306 0.4350375 0.3151453 0.1127726 0.0302192 0.0550341 0.0851576 0.0271413 0.1357408 0.0596184 0.0771627 
Perityle_cochisensis_44_cave_creek         0.1719710 0.0765758 0.2867124 0.3805498 0.2777164 0.1138739 0.2093103 0.2022372 0.5317604 0.2679690 0.2779115 0.2167156 0.2217227 0.1901606 0.0556437 0.2248103 0.1647026 0.2897533 0.1304325 0.1737757 0.2583666 0.1414689 0.1753976 0.2254283 0.0000000 0.2253098 0.2256578 0.2315282 0.3176610 0.3032135 0.1059440 0.3237592 0.2970515 0.5944108 0.2036235 0.1511312 0.2806957 0.1329273 0.2859851 0.1763854 0.2079248 0.2007625 0.2690069 0.2038068 0.2629140 0.2774371 0.2444361 0.2026928 0.2213516 0.2756162 0.1994966 0.2201667 0.2259150 0.1905372 0.0371758 0.2577563 0.0408992 0.0800637 0.2117620 0.2197677 0.1474420 0.0842429 0.1731984 0.0559067 0.2343335 0.2859257 0.2307413 0.2784989 0.2504533 0.3811695 0.1566931 0.2035774 0.1860983 0.2226071 0.2240504 0.2107485 0.4765888 0.5734870 0.2812975 0.2146700 0.2238278 0.0942052 0.2209470 0.3234588 0.0673007 0.1956928 
Perityle_congesta_202                      0.1164519 0.0915221 0.1083663 0.2852637 0.1159583 0.1078157 0.1976353 0.1819570 0.3447959 0.1231987 0.1070424 0.0459158 0.0087122 0.0375330 0.0258151 0.0788957 0.0635289 0.2695602 0.0854817 0.0621053 0.1234128 0.0252817 0.1885286 0.0144119 0.2253098 0.0000000 0.0303290 0.0402475 0.2474380 0.1873824 0.1008717 0.1417727 0.1226948 0.4905805 0.0331689 0.1076394 0.1202199 0.0558130 0.1228933 0.1142308 0.0372259 0.0396017 0.1123322 0.0093901 0.1149917 0.1191170 0.1075760 0.0098659 0.0086145 0.1178380 0.0304980 0.0254767 0.0115259 0.0342284 0.0246086 0.1125518 0.0332595 0.0723635 0.0285664 0.0249962 0.1067179 0.0697108 0.1019932 0.0135778 0.0719399 0.1162103 0.0381330 0.1306304 0.1376562 0.3673791 0.0618162 0.0322957 0.1301231 0.0066928 0.0115074 0.0255368 0.4350375 0.3214183 0.1138535 0.0282395 0.0560530 0.0869465 0.0281200 0.1380502 0.0619687 0.0826048 
Perityle_cordifolia_27                     0.1050837 0.0765429 0.0952395 0.2822242 0.1153461 0.1113258 0.1996920 0.1803136 0.3359794 0.1132338 0.0986814 0.0399733 0.0236416 0.0418714 0.0305094 0.0692359 0.0510390 0.2595319 0.0772847 0.0508259 0.1123686 0.0333381 0.1842083 0.0323084 0.2256578 0.0303290 0.0000000 0.0373688 0.2433043 0.1728346 0.1012788 0.1366908 0.1185348 0.4905351 0.0323352 0.0961026 0.1141025 0.0500441 0.1133033 0.1022346 0.0364068 0.0377784 0.1040640 0.0287656 0.1073163 0.1095881 0.0979795 0.0271308 0.0253489 0.1095429 0.0306615 0.0296353 0.0283743 0.0112481 0.0248173 0.0971465 0.0241127 0.0676664 0.0297279 0.0326238 0.1075660 0.0658366 0.0921619 0.0170443 0.0584824 0.1122207 0.0223260 0.1183693 0.1340528 0.3655908 0.0515672 0.0356142 0.1238961 0.0273245 0.0303124 0.0297345 0.4232423 0.3138053 0.1044515 0.0273858 0.0499929 0.0876153 0.0352440 0.1312915 0.0623912 0.0776168 
Perityle_cordifolia_68_tecolote            0.1212814 0.0918055 0.1097653 0.2900697 0.1237684 0.1194891 0.2100840 0.2046913 0.3488587 0.1260594 0.1082424 0.0543264 0.0336073 0.0501319 0.0332258 0.0865280 0.0741396 0.2673487 0.0966512 0.0726514 0.1287425 0.0400216 0.2117394 0.0412396 0.2315282 0.0402475 0.0373688 0.0000000 0.2462749 0.1808523 0.1098163 0.1420198 0.1262633 0.5031521 0.0422549 0.1125038 0.1239694 0.0706242 0.1264036 0.1206068 0.0463801 0.0468054 0.1182090 0.0351711 0.1200325 0.1214756 0.1167361 0.0373078 0.0352159 0.1237669 0.0388738 0.0396282 0.0362623 0.0395807 0.0353449 0.1125974 0.0294973 0.0851470 0.0377000 0.0389174 0.1108886 0.0727198 0.0991441 0.0343005 0.0794232 0.1208216 0.0482469 0.1309218 0.1456034 0.3789957 0.0713699 0.0427618 0.1302244 0.0372076 0.0382232 0.0377329 0.4459211 0.3235433 0.1139897 0.0332584 0.0707307 0.0925048 0.0421314 0.1431001 0.0672629 0.0826489 
Perityle_coronopifolia_28_patagonia        0.1916280 0.1405145 0.2823400 0.3756334 0.2669754 0.1191921 0.2145214 0.1920293 0.4663549 0.2788710 0.2478095 0.2320490 0.2389512 0.2504905 0.1474241 0.2623527 0.2044464 0.3307887 0.1566267 0.2120627 0.2477609 0.1961171 0.2043732 0.2490683 0.3176610 0.2474380 0.2433043 0.2462749 0.0000000 0.3615070 0.1049615 0.2560521 0.2485289 0.5597713 0.2525054 0.1749825 0.2533268 0.1920001 0.2473902 0.2507587 0.2513739 0.2573944 0.2530709 0.2451205 0.2486844 0.2429636 0.2482410 0.2376023 0.2415363 0.2529889 0.2548677 0.2494709 0.2417258 0.2206459 0.1500438 0.2637097 0.1265757 0.1780179 0.2415989 0.2600991 0.1224387 0.1290807 0.1491291 0.0638976 0.2397098 0.2013647 0.2506353 0.2694336 0.1854844 0.4375029 0.1991497 0.2590320 0.2255762 0.2444497 0.2446201 0.2399037 0.4757319 0.5803357 0.2358339 0.2388549 0.2393569 0.0954264 0.2488234 0.2688336 0.0565829 0.2236958 
Perityle_crassifolia_70_ventanas           0.1749665 0.1392488 0.1877066 0.3458958 0.1787709 0.1109870 0.3561777 0.1809856 0.3338611 0.1925878 0.1774130 0.1845663 0.1759305 0.1840224 0.1473477 0.1754020 0.1762828 0.2910265 0.1657237 0.1764027 0.1739126 0.1844233 0.2548988 0.1700785 0.3032135 0.1873824 0.1728346 0.1808523 0.3615070 0.0000000 0.1047823 0.2106637 0.2001412 0.5866969 0.1815399 0.1524893 0.2116900 0.1815098 0.1950239 0.1933031 0.1844290 0.1897538 0.2056709 0.1790193 0.2114397 0.1905432 0.1767436 0.1730244 0.1759305 0.2109800 0.1786772 0.1933718 0.1765126 0.1676580 0.1489685 0.1854412 0.1184064 0.1264387 0.1758100 0.1731447 0.1796977 0.1197970 0.2054514 0.0689027 0.1851007 0.2062049 0.1766133 0.1916173 0.1796911 0.1624405 0.1734628 0.1813731 0.0460208 0.1814725 0.1815221 0.1846571 0.4333395 0.1990497 0.1880698 0.1757149 0.1677282 0.1580694 0.1842515 0.2044745 0.1003773 0.1845467 
Perityle_crassifolia_74_playa_balandra     0.0950846 0.0999119 0.0839447 0.1888852 0.1152378 0.1089034 0.1519582 0.2313078 0.2943866 0.1166195 0.0962443 0.1058722 0.0963534 0.1115722 0.1146456 0.1013046 0.1101992 0.1403021 0.1061717 0.1056452 0.1104800 0.1056468 0.1454850 0.0963534 0.1059440 0.1008717 0.1012788 0.1098163 0.1049615 0.1047823 0.0000000 0.1505082 0.0861999 0.4845849 0.1012786 0.0950846 0.0917564 0.1106570 0.0967784 0.1097797 0.1106299 0.1203650 0.0918033 0.0963534 0.0963012 0.0956009 0.1056370 0.0963534 0.0963534 0.1010556 0.0965714 0.1008667 0.0963534 0.0970725 0.1054684 0.0955498 0.1006593 0.0817952 0.1010732 0.1010732 0.1138013 0.0675448 0.0975367 0.0798891 0.1106574 0.1021723 0.1107904 0.1204504 0.1102040 0.1495442 0.1104214 0.1061642 0.0506563 0.0963534 0.0963534 0.1054684 0.3644639 0.1782639 0.0955715 0.0963534 0.1012471 0.1264707 0.1056468 0.1398390 0.0757623 0.0911927 
Perityle_cuneata_34_cuneata_San_antonio    0.1558413 0.1504487 0.1600654 0.3258149 0.1390879 0.1577693 0.2336170 0.2213810 0.3703745 0.1698682 0.1238244 0.1359217 0.1366714 0.1575247 0.1192921 0.1490440 0.1307834 0.2335019 0.1343312 0.1276946 0.1746912 0.1457814 0.2819450 0.1408258 0.3237592 0.1417727 0.1366908 0.1420198 0.2560521 0.2106637 0.1505082 0.0000000 0.1585459 0.4907937 0.1454866 0.1493103 0.1456318 0.1312373 0.1446125 0.1795463 0.1480263 0.1496812 0.1431205 0.1472761 0.1396815 0.1429491 0.1756343 0.1416588 0.1372734 0.1408346 0.1466306 0.1412623 0.1363316 0.1395310 0.1219908 0.1445089 0.1128302 0.1437506 0.1440109 0.1498490 0.1503850 0.1125248 0.1376887 0.1331364 0.1275521 0.1412976 0.1393355 0.1501254 0.1533701 0.4066959 0.1284157 0.1479793 0.1637065 0.1395378 0.1407899 0.1463835 0.4845749 0.3775472 0.1341776 0.1349066 0.1260134 0.1437407 0.1462073 0.0542820 0.1118650 0.1336078 
Perityle_cuneata_4                         0.1361502 0.0716597 0.1259276 0.2811915 0.1108612 0.1067855 0.2077271 0.1842148 0.3501653 0.1480860 0.1149708 0.1257091 0.1125527 0.1240254 0.0890875 0.1230491 0.1250141 0.2795860 0.1066682 0.1204639 0.1623281 0.1265889 0.2386021 0.1157805 0.2970515 0.1226948 0.1185348 0.1262633 0.2485289 0.2001412 0.0861999 0.1585459 0.0000000 0.4884582 0.1181299 0.1333366 0.1371046 0.1265207 0.1327861 0.1717685 0.1183755 0.1241876 0.1310712 0.1173088 0.1251828 0.1310626 0.1685298 0.1184019 0.1157929 0.1322467 0.1130441 0.1276014 0.1136205 0.1187561 0.1082580 0.1202039 0.0777940 0.1235605 0.1208494 0.1165276 0.1239636 0.0915353 0.1120554 0.0689873 0.1280019 0.1233220 0.1214409 0.1220801 0.1355871 0.3848099 0.1263981 0.1157959 0.1376295 0.1180454 0.1181210 0.1268511 0.4552079 0.3207521 0.1175796 0.1135957 0.1182780 0.0950878 0.1235849 0.1412630 0.0767261 0.1030177 
Perityle_discoidea_81                      0.5367618 0.5369378 0.4724455 0.5241018 0.4647919 0.5362943 0.5152038 0.5159059 0.5401568 0.5362264 0.4927468 0.4902848 0.4905805 0.4995229 0.5232090 0.5070603 0.5003229 0.5904575 0.5843859 0.5156807 0.6005868 0.5337047 0.6035721 0.4918014 0.5944108 0.4905805 0.4905351 0.5031521 0.5597713 0.5866969 0.4845849 0.4907937 0.4884582 0.0000000 0.4845499 0.5323318 0.4710363 0.5002200 0.4965647 0.5295881 0.4911404 0.4721135 0.4976145 0.5043973 0.5010265 0.4852142 0.6497122 0.5091244 0.4905805 0.4879153 0.4778616 0.4962553 0.4905805 0.5258333 0.4781997 0.5405567 0.5396152 0.5550522 0.4865859 0.4973743 0.5484744 0.5448598 0.5379742 0.5835008 0.4776949 0.4623261 0.4925038 0.5260555 0.5322597 0.5242845 0.5087891 0.4834383 0.5351307 0.4905805 0.4893663 0.4925312 0.6413877 0.5106905 0.4795726 0.4823184 0.4880218 0.5452227 0.4904460 0.5069529 0.5341679 0.5125015 
Perityle_dissecta_201                      0.1080207 0.0792050 0.1016918 0.2829724 0.1261594 0.1140599 0.2061864 0.1899665 0.3388596 0.1131898 0.1037733 0.0427954 0.0265199 0.0200399 0.0347045 0.0690560 0.0658729 0.2661503 0.0856642 0.0644350 0.1260198 0.0342821 0.1670239 0.0361472 0.2036235 0.0331689 0.0323352 0.0422549 0.2525054 0.1815399 0.1012786 0.1454866 0.1181299 0.4845499 0.0000000 0.0990741 0.1193131 0.0619380 0.1207401 0.1180389 0.0154238 0.0175330 0.1114214 0.0318623 0.1152231 0.1169779 0.1098272 0.0300566 0.0281929 0.1169308 0.0090048 0.0304566 0.0312199 0.0352910 0.0272829 0.1081022 0.0409746 0.0750262 0.0295659 0.0324370 0.1140092 0.0879857 0.1021297 0.0559446 0.0720140 0.1185039 0.0401117 0.1274224 0.1351778 0.3843143 0.0641768 0.0169845 0.1228965 0.0301656 0.0331507 0.0305484 0.4370572 0.3212556 0.1117185 0.0262136 0.0644305 0.0963372 0.0330730 0.1396439 0.0699366 0.0813255 
Perityle_emoryi_47_punta_san_jose          0.0103763 0.0643706 0.0826916 0.2412912 0.1412979 0.1089297 0.2051676 0.1543721 0.3514145 0.0262009 0.1234537 0.1018651 0.0945729 0.1063960 0.1073945 0.1072100 0.1008176 0.1899491 0.1259913 0.0978800 0.1074898 0.1076147 0.2367876 0.1061346 0.1511312 0.1076394 0.0961026 0.1125038 0.1749825 0.1524893 0.0950846 0.1493103 0.1333366 0.5323318 0.0990741 0.0000000 0.1294018 0.1012022 0.1299672 0.1592752 0.1023371 0.1020598 0.1248649 0.1058813 0.1247372 0.1307900 0.0980529 0.1002921 0.1018022 0.1279279 0.0992590 0.1004412 0.1019599 0.0905469 0.0914696 0.1176195 0.0905857 0.1325344 0.1002081 0.1114593 0.1499159 0.1155144 0.1183871 0.0838790 0.1007820 0.1385529 0.1018002 0.1287833 0.1465806 0.3566690 0.1007794 0.1028070 0.1155505 0.1017901 0.1047159 0.1034707 0.4324819 0.3595677 0.1176611 0.0918075 0.0946350 0.1164263 0.1090208 0.1377102 0.0923944 0.1146843 
Perityle_feddemae_99                       0.1349411 0.0997048 0.1432756 0.2807685 0.1112874 0.1007259 0.1946210 0.1821000 0.3537626 0.1539265 0.1197514 0.1187085 0.1126986 0.1264961 0.0822807 0.1251329 0.1094596 0.2760863 0.1019883 0.1078551 0.1487915 0.1238244 0.2110930 0.1169410 0.2806957 0.1202199 0.1141025 0.1239694 0.2533268 0.2116900 0.0917564 0.1456318 0.1371046 0.4710363 0.1193131 0.1294018 0.0000000 0.1154093 0.0629328 0.1577665 0.1195048 0.1230998 0.0331169 0.1188494 0.0270350 0.0606351 0.1525039 0.1160790 0.1147195 0.0311367 0.1146429 0.1196099 0.1159880 0.1177015 0.0907583 0.0582943 0.0781746 0.1083350 0.1176633 0.1216830 0.1183011 0.0766553 0.0978412 0.0817352 0.1115858 0.1095539 0.1233954 0.1287936 0.1375218 0.3844536 0.1119095 0.1196057 0.1361286 0.1147095 0.1202726 0.1198531 0.4789086 0.3484584 0.0629187 0.1081704 0.1068234 0.0979647 0.1212040 0.1395148 0.0695390 0.0951971 
Perityle_fosteri_93                        0.1043485 0.1021697 0.1012580 0.2344991 0.1235267 0.1277797 0.2004108 0.1824507 0.3503598 0.1052985 0.0954543 0.0413573 0.0468768 0.0669775 0.0513197 0.0531517 0.0146795 0.2176328 0.0985705 0.0150433 0.0197363 0.0593902 0.1933219 0.0570352 0.1329273 0.0558130 0.0500441 0.0706242 0.1920001 0.1815098 0.1106570 0.1312373 0.1265207 0.5002200 0.0619380 0.1012022 0.1154093 0.0000000 0.1077450 0.0683573 0.0644460 0.0701837 0.0986003 0.0520991 0.1007552 0.1060416 0.0169673 0.0497862 0.0498196 0.1048653 0.0588174 0.0589970 0.0535219 0.0487186 0.0421117 0.1003614 0.0507058 0.0496332 0.0600928 0.0623035 0.1087643 0.0884297 0.0905849 0.0563149 0.0239184 0.1039797 0.0568596 0.1329021 0.1394705 0.3247990 0.0146805 0.0672223 0.1296654 0.0509998 0.0522033 0.0558559 0.4444526 0.3850733 0.1040943 0.0522689 0.0308772 0.0906136 0.0630221 0.1329334 0.0671951 0.0777857 
Perityle_gamon_221                         0.1370352 0.1112804 0.1330264 0.2991833 0.1218211 0.1207616 0.2142021 0.2070456 0.3714841 0.1479130 0.1165028 0.1168234 0.1152359 0.1314832 0.0921359 0.1194051 0.1034577 0.2833658 0.1078126 0.1018794 0.1489342 0.1240118 0.2164949 0.1218026 0.2859851 0.1228933 0.1133033 0.1264036 0.2473902 0.1950239 0.0967784 0.1446125 0.1327861 0.4965647 0.1207401 0.1299672 0.0629328 0.1077450 0.0000000 0.1524769 0.1163772 0.1256567 0.0566075 0.1252980 0.0553056 0.0232920 0.1470137 0.1186826 0.1172404 0.0586561 0.1196052 0.1221472 0.1185190 0.1167406 0.0939380 0.0461473 0.0928868 0.1146376 0.1168121 0.1244987 0.1214349 0.0885080 0.0965168 0.1135425 0.1073349 0.1086169 0.1226152 0.1257418 0.1380673 0.4131325 0.1058010 0.1233894 0.1366174 0.1172302 0.1228232 0.1213427 0.4510570 0.3481832 0.0486009 0.1084753 0.1037431 0.0984560 0.1204201 0.1399499 0.0878640 0.1026227 
Perityle_gentryi_8_san_francisco           0.1611341 0.1182356 0.1590176 0.2709466 0.1323536 0.1419893 0.2125188 0.1896591 0.3516531 0.1615621 0.1446028 0.0949621 0.1069144 0.1171797 0.0605745 0.0652249 0.0629533 0.2394900 0.1044294 0.0477975 0.0277495 0.1169733 0.1877831 0.1142409 0.1763854 0.1142308 0.1022346 0.1206068 0.2507587 0.1933031 0.1097797 0.1795463 0.1717685 0.5295881 0.1180389 0.1592752 0.1577665 0.0683573 0.1524769 0.0000000 0.1182221 0.1143503 0.1445611 0.0721267 0.1131951 0.1493102 0.0665920 0.1053991 0.1091869 0.1509050 0.0810225 0.1093363 0.1106000 0.1031778 0.1036611 0.1023793 0.0585632 0.0594674 0.1051749 0.0759635 0.1559219 0.0955941 0.0963889 0.0634322 0.0713251 0.1356384 0.1088066 0.1817281 0.1894022 0.3423865 0.0656689 0.0944640 0.1398911 0.1091535 0.1117292 0.1130285 0.4430620 0.3956198 0.1485226 0.1018306 0.0784397 0.0944045 0.1176814 0.1348673 0.0747286 0.0837706 
Perityle_gilensis_22_Superstition          0.1112673 0.0767244 0.1019584 0.2762927 0.1250686 0.1165877 0.2021256 0.2027065 0.3446044 0.1160161 0.1050215 0.0459454 0.0305767 0.0251726 0.0391267 0.0713179 0.0682788 0.2702653 0.0838540 0.0668253 0.1271286 0.0388889 0.1664445 0.0402228 0.2079248 0.0372259 0.0364068 0.0463801 0.2513739 0.1844290 0.1106299 0.1480263 0.1183755 0.4911404 0.0154238 0.1023371 0.1195048 0.0644460 0.1163772 0.1182221 0.0000000 0.0215184 0.1115925 0.0351688 0.1141739 0.1171653 0.1121639 0.0342104 0.0322151 0.1149138 0.0080078 0.0345312 0.0352691 0.0396182 0.0339999 0.1095304 0.0447641 0.0852887 0.0326375 0.0367701 0.1112972 0.0915853 0.1005812 0.0631689 0.0742134 0.1186140 0.0462656 0.1251756 0.1351476 0.3842561 0.0641810 0.0200461 0.1246751 0.0341999 0.0372056 0.0346356 0.4561519 0.3191388 0.1107203 0.0301710 0.0676517 0.0980137 0.0371179 0.1410533 0.0723359 0.0826623 
Perityle_gilensis_salensis_225             0.1111657 0.0891492 0.1074892 0.2840463 0.1285777 0.1221495 0.2101845 0.1958364 0.3469754 0.1172586 0.1095621 0.0495066 0.0318888 0.0243448 0.0391011 0.0744784 0.0738124 0.2744647 0.0946616 0.0691707 0.1310546 0.0416074 0.1759567 0.0426341 0.2007625 0.0396017 0.0377784 0.0468054 0.2573944 0.1897538 0.1203650 0.1496812 0.1241876 0.4721135 0.0175330 0.1020598 0.1230998 0.0701837 0.1256567 0.1143503 0.0215184 0.0000000 0.1150747 0.0361770 0.1175272 0.1218119 0.1177822 0.0366183 0.0345293 0.1206735 0.0130292 0.0345470 0.0376242 0.0410695 0.0357774 0.1110211 0.0524397 0.0955615 0.0356827 0.0377616 0.1202295 0.0991396 0.1019758 0.0669850 0.0793115 0.1244205 0.0487498 0.1290229 0.1330283 0.3954463 0.0709530 0.0169665 0.1356379 0.0365374 0.0395798 0.0370079 0.4540758 0.3218761 0.1131113 0.0305095 0.0705101 0.1036031 0.0394855 0.1420697 0.0774473 0.0839782 
Perityle_glaucescens_94                    0.1291953 0.1023427 0.1335141 0.2885174 0.1098870 0.1006909 0.1945206 0.1860033 0.3446855 0.1433987 0.1162094 0.1096063 0.1037298 0.1182292 0.0791430 0.1133942 0.0960035 0.2785978 0.0962196 0.0932140 0.1419680 0.1149029 0.2211809 0.1101544 0.2690069 0.1123322 0.1040640 0.1182090 0.2530709 0.2056709 0.0918033 0.1431205 0.1310712 0.4976145 0.1114214 0.1248649 0.0331169 0.0986003 0.0566075 0.1445611 0.1115925 0.1150747 0.0000000 0.1126427 0.0102730 0.0533963 0.1409265 0.1079988 0.1068851 0.0134544 0.1087318 0.1116275 0.1081302 0.1059061 0.0807259 0.0513478 0.0781955 0.1033269 0.1096830 0.1155318 0.1180489 0.0878708 0.0948219 0.0819476 0.0981842 0.1038954 0.1121637 0.1239626 0.1312537 0.3860681 0.0970474 0.1125270 0.1302816 0.1068758 0.1123808 0.1129834 0.4727729 0.3465208 0.0576755 0.1003927 0.0957253 0.0960907 0.1155052 0.1381331 0.0621102 0.0897339 
Perityle_gracilis_11                       0.1155095 0.0865587 0.1105906 0.2783376 0.1160966 0.1026432 0.1939102 0.1758588 0.3386647 0.1240645 0.1091301 0.0446304 0.0031559 0.0364586 0.0200367 0.0787985 0.0579524 0.2612308 0.0802026 0.0586297 0.0986106 0.0198810 0.1889352 0.0104409 0.2038068 0.0093901 0.0287656 0.0351711 0.2451205 0.1790193 0.0963534 0.1472761 0.1173088 0.5043973 0.0318623 0.1058813 0.1188494 0.0520991 0.1252980 0.0721267 0.0351688 0.0361770 0.1126427 0.0000000 0.1137440 0.1199789 0.0924310 0.0052130 0.0031176 0.1186650 0.0286011 0.0232274 0.0062604 0.0318657 0.0195379 0.1081240 0.0295256 0.0723476 0.0253275 0.0214132 0.0968833 0.0659226 0.0945517 0.0135778 0.0740945 0.1105420 0.0361664 0.1279509 0.1377301 0.3587298 0.0585960 0.0307240 0.1248208 0.0041588 0.0052038 0.0200078 0.4350375 0.3320573 0.1153546 0.0264991 0.0556301 0.0833663 0.0253121 0.1403382 0.0571188 0.0785212 
