83
Amauria_brandeegeana_62                    0.0000000 0.0986141 0.3083909 0.2451988 0.1057038 0.3055497 0.2321945 0.4434923 0.0258067 0.3121095 0.4929712 0.2723930 0.3369790 0.3565444 0.3257922 0.3061338 0.1883251 0.2300888 0.4791279 0.6630935 0.3088369 0.2014782 0.2385917 0.1405407 0.3042802 0.3977399 0.3694276 0.2590151 0.2024857 0.1869170 0.2545746 0.0255833 0.5440562 0.0861494 0.4420648 0.5141635 0.3629684 0.2990054 0.4969491 0.4104076 0.3822975 0.2727618 0.2474686 0.3653217 0.2849962 0.3135340 0.3351181 0.4346481 0.2675520 0.1309655 0.3490124 0.2907966 0.4011217 0.3692946 0.2042311 0.2764097 0.2897405 0.3387532 0.1368212 0.1638055 0.2327633 0.2249195 0.4131991 0.3431137 0.3383819 0.5160368 0.1781897 0.2972242 0.4629727 0.2292225 0.3353608 0.2737710 0.3052039 0.1394907 0.5991238 0.3262306 0.2632604 0.5338566 0.2500174 0.4439028 0.5034744 0.1319364 0.2183848 
Amauria_carterae_99_mesa                   0.0986141 0.0000000 0.7184962 0.0773509 0.0792205 0.1776144 0.3079530 0.2723036 0.0867615 0.1389560 0.1438148 0.1512620 0.1549808 0.2564960 0.1366055 0.1478276 0.1626645 0.1737413 0.1434957 0.0000010 0.1518837 0.5433478 0.1505754 0.1521161 0.1592406 0.1638138 0.1225742 0.1552380 0.1562034 0.2999133 0.1646703 0.0834257 0.1419378 0.0735240 0.3669132 0.1401511 0.2070499 0.1399993 0.1625949 0.1546325 0.1485833 0.1482315 0.1297181 0.1915281 0.1421778 0.1552631 0.1553632 0.3609762 0.1482776 0.1416795 0.1590748 0.2443359 0.1550102 0.1809716 0.1355676 0.2661159 0.1714068 0.1899266 0.1159951 0.1785699 0.1683888 0.0000010 0.1410275 0.1602469 0.2736478 0.2646927 0.0000010 0.1325311 0.9525436 0.5925123 0.1487776 0.1654910 0.1420874 0.0000010 0.2669541 0.1780449 0.1279505 0.2887982 0.3380935 0.1546879 0.3125246 0.1448470 0.0000010 
Conoclinium_coelestinum_SRR9119114         0.3083909 0.7184962 0.0000000 0.6099012 0.3169747 0.7309311 0.2725347 0.3295569 0.2739238 0.6301197 0.4294288 0.5826366 0.2987979 0.3113506 0.6189179 0.5743194 0.5224065 0.3126473 0.4563648 0.3798507 0.3213809 0.3174059 0.6013794 0.5651849 0.5588290 0.7372976 0.3321046 0.2742915 0.3201772 0.3281414 0.5385018 0.3001447 0.4669911 0.7075831 0.7843038 0.4539001 0.3672371 0.5728945 0.4789513 0.6783305 0.7458799 0.5737304 0.6143954 0.3244141 0.5401632 0.5951789 0.2967834 0.8076806 0.5592559 0.5685997 0.3010787 0.8399324 0.4458748 0.3596046 0.3316176 0.3153220 0.2902228 0.3003926 0.5710805 0.3273401 0.7245921 0.2531200 0.7690030 0.2760332 0.8357822 0.7966090 0.2512379 0.5846394 0.3255810 0.2352343 0.2903162 0.5837374 0.5637957 0.1860587 0.8609260 0.3307051 0.6048750 0.4937260 0.3423063 0.8058526 0.4702939 0.6377392 0.1619908 
Eutetras_palmeri_63                        0.2451988 0.0773509 0.6099012 0.0000000 0.0458032 0.1884449 0.2797875 0.3966732 0.2268650 0.2424066 0.4551614 0.2551848 0.2382194 0.4286490 0.2796019 0.2236522 0.2351954 0.2120139 0.2800418 0.9650795 0.2988111 0.6409120 0.2077696 0.0978558 0.2555615 0.2603832 0.3302537 0.1981372 0.2870687 0.3561873 0.2851141 0.2104670 0.2717597 0.1538852 0.4094613 0.2683604 0.3136116 0.1971439 0.2181355 0.4212301 0.2808376 0.2493091 0.2422748 0.4566270 0.2309280 0.2425390 0.2414825 0.4078722 0.2105184 0.1023954 0.2873098 0.2762229 0.2694706 0.2658168 0.1408118 0.3483383 0.1882786 0.2552037 0.1122419 0.1626933 0.1733504 0.3776589 0.2407757 0.2721630 0.3021163 0.4800903 0.5758361 0.2385486 0.8090104 0.9712217 0.2302239 0.2596076 0.2269032 0.4597983 0.4424647 0.3098148 0.2074329 0.3962330 0.3323016 0.2944201 0.5146897 0.0990720 0.4885713 
Eutetras_pringlei_149_quer                 0.1057038 0.0792205 0.3169747 0.0458032 0.0000000 0.2028297 0.2154929 0.2111359 0.0993075 0.1747551 0.2060846 0.1174040 0.1171912 0.1722551 0.1621560 0.1353536 0.1189985 0.1224004 0.1778390 0.2636950 0.0965391 0.2551399 0.1280955 0.1159622 0.1204973 0.2129466 0.1108800 0.1192059 0.1221526 0.1878027 0.1544031 0.1012931 0.1761532 0.0905731 0.3156578 0.1838151 0.1335829 0.0973684 0.1830967 0.2312192 0.3251916 0.1137376 0.1807774 0.1573933 0.1105948 0.1171804 0.1163383 0.3152406 0.1174786 0.1143656 0.1126533 0.2379835 0.1783216 0.1670424 0.1070351 0.1777430 0.1192853 0.1222210 0.1071104 0.1588894 0.1497034 0.1063510 0.2577147 0.1211412 0.2393333 0.2437916 0.2127659 0.1206440 0.3623522 0.1391600 0.1126432 0.1295651 0.1137562 0.1110870 0.2876443 0.1009772 0.1098382 0.2531414 0.2567697 0.1254309 0.2313036 0.1211163 0.0884867 
Eutrochium_fistulosum_SRR9119106           0.3055497 0.1776144 0.7309311 0.1884449 0.2028297 0.0000000 0.4276846 0.3646849 0.2902266 0.2310728 0.4360893 0.1990729 0.2905814 0.4430431 0.2178014 0.1944305 0.2726830 0.3105324 0.3212042 0.8399322 0.2678018 0.6190558 0.2018170 0.1963288 0.1984340 0.2862168 0.2651391 0.3121825 0.3017915 0.3650727 0.2709760 0.2809871 0.2982418 0.1964079 0.3850706 0.3102101 0.3729351 0.1968506 0.3092529 0.3210494 0.3128368 0.1984998 0.2353811 0.4158154 0.2130960 0.2131809 0.2854585 0.3754994 0.2016515 0.2048119 0.2754578 0.2867520 0.3011996 0.3187483 0.2719583 0.3754244 0.3466381 0.2942201 0.1733610 0.3534869 0.2629811 0.9203348 0.3201783 0.3125051 0.2873869 0.2874620 0.8519086 0.1957224 0.9732512 0.7080077 0.2857370 0.2115438 0.1928381 0.7931106 0.3033616 0.3077812 0.2025719 0.3969289 0.5127696 0.2786969 0.4325775 0.1771099 0.8262691 
Galeana_pratensis_104_mex                  0.2321945 0.3079530 0.2725347 0.2797875 0.2154929 0.4276846 0.0000000 0.2879793 0.1857423 0.3639333 0.3046965 0.3017480 0.2426938 0.1777026 0.3490735 0.3032101 0.3321441 0.1945971 0.3396305 0.4469423 0.2152548 0.1567225 0.3056004 0.3016259 0.3170856 0.4713652 0.2305894 0.2394104 0.2254065 0.2272888 0.3569196 0.2141927 0.4243902 0.3089875 0.4495281 0.4077939 0.2829191 0.2877165 0.4333832 0.4242084 0.4781614 0.3002266 0.3123598 0.2571495 0.3186560 0.3287463 0.2464375 0.4378016 0.3069454 0.3010731 0.2640330 0.3796332 0.3402988 0.2735278 0.1729771 0.2152939 0.2323456 0.2476764 0.2480331 0.2313908 0.3934246 0.1311369 0.5186339 0.2409229 0.3808637 0.4188364 0.1751136 0.2936634 0.3421963 0.1714064 0.2382343 0.3186443 0.2956987 0.1252113 0.5012776 0.2373451 0.3561315 0.3369604 0.2723037 0.4121125 0.3729513 0.2592694 0.1340831 
Helianthus_annuus_SRR9119062               0.4434923 0.2723036 0.3295569 0.3966732 0.2111359 0.3646849 0.2879793 0.0000000 0.4227104 0.4231344 0.5583926 0.3983214 0.4121501 0.4675783 0.4455817 0.3578915 0.4158453 0.3178512 0.4647236 0.6047656 0.4391768 0.3175774 0.3650313 0.3113272 0.4415643 0.4856132 0.4473578 0.3494169 0.3946601 0.2909321 0.4624643 0.3991002 0.5550538 0.3580038 0.3872909 0.5222548 0.4285547 0.3541611 0.5326262 0.5420291 0.5505409 0.3704100 0.4228066 0.5113141 0.4023688 0.4331509 0.4190798 0.3842241 0.3568062 0.2915379 0.4457732 0.3337562 0.4493959 0.4338078 0.3021765 0.3365549 0.3834387 0.3999966 0.2740452 0.2460887 0.3751053 0.2792017 0.4854608 0.4080475 0.3368659 0.5802555 0.2349877 0.3732620 0.5738835 0.3687530 0.4291132 0.4082181 0.3725176 0.2767985 0.6043224 0.4237458 0.3635987 0.5191271 0.3431954 0.5454521 0.5505868 0.2720727 0.3711918 
Lycapsus_tenuifolius_17                    0.0258067 0.0867615 0.2739238 0.2268650 0.0993075 0.2902266 0.1857423 0.4227104 0.0000000 0.2840330 0.4981981 0.2504215 0.2691688 0.3590394 0.2878577 0.2904154 0.1843875 0.2240915 0.4285860 0.5565443 0.3029457 0.2020094 0.2252333 0.1492405 0.2820830 0.3480526 0.2877078 0.2236715 0.2122521 0.1950604 0.2346712 0.0030454 0.4263524 0.0774676 0.4175015 0.4275795 0.3323968 0.2606757 0.3674655 0.4378256 0.3404297 0.2535860 0.2179466 0.3991740 0.2581341 0.2910055 0.2794773 0.4158883 0.2518615 0.1373475 0.2799722 0.2833786 0.3401916 0.3417167 0.1817111 0.2682285 0.2432400 0.2866775 0.1181675 0.1636779 0.2060917 0.2187070 0.3883185 0.3299117 0.3079542 0.4772996 0.1638098 0.2757616 0.4046438 0.2724290 0.2751207 0.2870777 0.2733302 0.1392345 0.5110755 0.3023271 0.2509612 0.4675371 0.2402419 0.4115886 0.3886241 0.1496644 0.2211316 
Pericome_caudata_50_silver                 0.3121095 0.1389560 0.6301197 0.2424066 0.1747551 0.2310728 0.3639333 0.4231344 0.2840330 0.0000000 0.3459971 0.1857098 0.2596906 0.5268318 0.2019625 0.1819812 0.2115854 0.2491537 0.1836620 0.6251242 0.2712624 0.5364590 0.1681555 0.0928702 0.2089674 0.1993414 0.2138314 0.2200489 0.3063801 0.3986672 0.2890535 0.2585649 0.2254193 0.1571309 0.4141731 0.2195234 0.2700929 0.1598666 0.1936892 0.3123008 0.3003444 0.1843347 0.2539051 0.4669826 0.1882803 0.2108394 0.2247575 0.4037674 0.1700896 0.1024617 0.2435944 0.3208229 0.2143986 0.2252431 0.1837900 0.4239597 0.2454105 0.2848157 0.1107308 0.1927251 0.1710502 0.8298619 0.1659647 0.2707314 0.3465539 0.5216614 0.7101425 0.1831151 0.8507830 0.8599660 0.2397511 0.2090834 0.1882754 0.6798241 0.5135931 0.2411445 0.1710992 0.4725707 0.3896728 0.2379100 0.5407362 0.0892571 0.7686549 
Perityle_aglossa_84_dead_horse             0.4929712 0.1438148 0.4294288 0.4551614 0.2060846 0.4360893 0.3046965 0.5583926 0.4981981 0.3459971 0.0000000 0.2584273 0.4206605 0.5565282 0.3121359 0.3467427 0.2914321 0.3868788 0.2143416 0.2538670 0.3977542 0.4033087 0.2487433 0.0977477 0.3056323 0.4145232 0.4073450 0.4005158 0.3885689 0.3078721 0.4495950 0.5204263 0.2921008 0.2654374 0.4175853 0.2750455 0.3929796 0.2879996 0.2118399 0.3522948 0.4486831 0.2444340 0.3318503 0.5212800 0.3574836 0.3268946 0.4512151 0.4059810 0.2584579 0.1355484 0.4486025 0.4497110 0.2044795 0.3529067 0.2763296 0.4012092 0.3566235 0.4586316 0.1040652 0.0968130 0.3780171 0.3768484 0.3177676 0.4863208 0.3701981 0.7014295 0.2243937 0.3129735 0.6039633 0.4914514 0.4502034 0.1788024 0.3575227 0.3851893 0.7243351 0.4981579 0.2469448 0.2474949 0.2232827 0.4170261 0.6343588 0.0429230 0.4264220 
Perityle_ajoensis_204                      0.2723930 0.1512620 0.5826366 0.2551848 0.1174040 0.1990729 0.3017480 0.3983214 0.2504215 0.1857098 0.2584273 0.0000000 0.1061453 0.3904597 0.1784325 0.1541322 0.2428414 0.1790724 0.1274252 0.0000010 0.1523097 0.5438697 0.0974163 0.0148163 0.0333147 0.1586384 0.2431829 0.1519250 0.2370334 0.3380726 0.3223855 0.2455722 0.1288038 0.1685500 0.4007305 0.1583691 0.2251159 0.1073995 0.0570678 0.2706981 0.2703579 0.0159889 0.2630075 0.3873604 0.1385049 0.0216932 0.0821636 0.3867129 0.0859644 0.0193208 0.1532950 0.3329697 0.1145279 0.1943000 0.1045373 0.3717938 0.0829556 0.1405496 0.1192386 0.1148128 0.1707772 0.0000010 0.0878151 0.2356900 0.3661478 0.4948465 0.0000010 0.1529646 0.7878412 0.9577585 0.0896177 0.0292632 0.1439322 0.0000010 0.4638443 0.2573253 0.0857810 0.4248132 0.3134540 0.0363076 0.5056766 0.0461299 0.0000010 
Perityle_ambrosiifolia_67_green            0.3369790 0.1549808 0.2987979 0.2382194 0.1171912 0.2905814 0.2426938 0.4121501 0.2691688 0.2596906 0.4206605 0.1061453 0.0000000 0.2407586 0.2237992 0.1767889 0.2357666 0.1678463 0.3192936 0.5956673 0.1358602 0.1401136 0.0635858 0.0226269 0.1711182 0.2616318 0.1981691 0.2539974 0.2428160 0.2130154 0.3083934 0.2837468 0.3653859 0.1826183 0.4067140 0.3766128 0.2891688 0.1867471 0.3283566 0.2767074 0.3296498 0.1167276 0.2304875 0.3738809 0.1421027 0.1883248 0.1209088 0.3960829 0.0635704 0.0303663 0.1630384 0.3230622 0.2376527 0.2631573 0.1221948 0.1663848 0.0972068 0.1418437 0.1288581 0.1375067 0.1962005 0.1941498 0.2694306 0.3497815 0.3407947 0.5536459 0.1840035 0.1266017 0.1822896 0.3247958 0.1299696 0.1452814 0.1386041 0.0382081 0.5471613 0.2865585 0.0864741 0.4695951 0.2597116 0.2827562 0.3989656 0.0557387 0.1110543 
Perityle_angustifolia_13_Eagle_creek       0.3565444 0.2564960 0.3113506 0.4286490 0.1722551 0.4430431 0.1777026 0.4675783 0.3590394 0.5268318 0.5565282 0.3904597 0.2407586 0.0000000 0.4887108 0.5438471 0.3798391 0.2517989 0.5109044 0.5254579 0.2678849 0.0815721 0.4052349 0.2252978 0.4618003 0.5812103 0.3306289 0.2744521 0.3113836 0.2443618 0.5388185 0.3608244 0.5847635 0.3541504 0.4818212 0.5553111 0.3759549 0.4555561 0.4315737 0.4893510 0.4879164 0.3831411 0.3709911 0.4207988 0.5166162 0.4854694 0.2597232 0.4819832 0.4078212 0.2168197 0.2743607 0.3639134 0.4412527 0.4302382 0.2003944 0.1856466 0.1441085 0.2798138 0.0975711 0.1929302 0.3782348 0.1983253 0.5520616 0.4527900 0.4312092 0.7102427 0.1778413 0.4711853 0.2273310 0.2767891 0.2638086 0.3976066 0.5109128 0.0440734 0.7355674 0.4058861 0.3956454 0.5712361 0.2709262 0.5576188 0.3631371 0.1893124 0.1109196 
Perityle_batopilensis_97                   0.3257922 0.1366055 0.6189179 0.2796019 0.1621560 0.2178014 0.3490735 0.4455817 0.2878577 0.2019625 0.3121359 0.1784325 0.2237992 0.4887108 0.0000000 0.1620529 0.2133790 0.2146471 0.2033262 0.8136329 0.2627707 0.5940205 0.2036512 0.0866651 0.1968278 0.2538905 0.3003217 0.1624436 0.3010135 0.3864163 0.3151941 0.2870033 0.2574409 0.1714283 0.3586924 0.2441085 0.2848726 0.0250151 0.2302731 0.3531868 0.3025908 0.1118209 0.2329137 0.4164069 0.2152107 0.1215864 0.2271817 0.3539920 0.1769355 0.1034242 0.2647447 0.2851402 0.2518065 0.1440397 0.1885737 0.3981592 0.2408724 0.2929689 0.0932573 0.1866531 0.1875605 0.7857505 0.2934690 0.2835876 0.3000572 0.4717726 0.6635628 0.2019700 0.9137899 0.6956389 0.2717467 0.1371433 0.1736979 0.7455491 0.4501196 0.2702429 0.1939697 0.4147046 0.3515055 0.1821386 0.5072839 0.0914126 0.6092077 
Perityle_bisetosa_9                        0.3061338 0.1478276 0.5743194 0.2236522 0.1353536 0.1944305 0.3032101 0.3578915 0.2904154 0.1819812 0.3467427 0.1541322 0.1767889 0.5438471 0.1620529 0.0000000 0.2498508 0.2013788 0.1342371 0.7515694 0.1764450 0.6032974 0.0689345 0.0401700 0.2074882 0.0945602 0.1749148 0.1555636 0.2599700 0.3261830 0.3044787 0.2738136 0.0979756 0.1628534 0.3931154 0.0932786 0.2012874 0.1561349 0.0923124 0.2024565 0.2666264 0.1568854 0.2542653 0.4533983 0.0742444 0.2083299 0.1906069 0.3823102 0.0587846 0.0495533 0.1526465 0.3090209 0.0804179 0.2044725 0.1279306 0.3683970 0.1488575 0.2269003 0.1142330 0.1385517 0.1366250 0.4451460 0.0998374 0.2452533 0.3362457 0.5443450 0.4451460 0.0430277 0.8266878 0.6933845 0.2242616 0.1582654 0.0703234 0.4451460 0.5167251 0.2628473 0.0732871 0.4636419 0.3351741 0.2198864 0.4987766 0.0430706 0.4451460 
Perityle_californica_76_positas            0.1883251 0.1626645 0.5224065 0.2351954 0.1189985 0.2726830 0.3321441 0.4158453 0.1843875 0.2115854 0.2914321 0.2428414 0.2357666 0.3798391 0.2133790 0.2498508 0.0000000 0.2490880 0.2634880 0.6429699 0.2625675 0.7112080 0.2499017 0.1817638 0.2425049 0.2662048 0.2356400 0.1748887 0.1713162 0.3839701 0.1013368 0.1786360 0.2520963 0.1585070 0.4070226 0.2602620 0.2419076 0.2203519 0.2585089 0.2521797 0.2697337 0.2356775 0.2602711 0.2663962 0.2332738 0.2347814 0.2592551 0.4153948 0.2346044 0.1749853 0.2504838 0.3307481 0.2671297 0.2397433 0.2268302 0.3657489 0.1940426 0.2517558 0.1407846 0.1466697 0.1583359 0.3873980 0.2367920 0.1846896 0.3682044 0.3804115 0.8296342 0.2634721 0.9098761 0.3826770 0.2372355 0.2526125 0.2433493 0.3873980 0.3610338 0.2262044 0.2179576 0.3692520 0.3231660 0.2768547 0.4427489 0.1708487 0.5658843 
Perityle_canescens_77                      0.2300888 0.1737413 0.3126473 0.2120139 0.1224004 0.3105324 0.1945971 0.3178512 0.2240915 0.2491537 0.3868788 0.1790724 0.1678463 0.2517989 0.2146471 0.2013788 0.2490880 0.0000000 0.3109911 0.3701150 0.1742525 0.2471662 0.1773432 0.1232420 0.1890695 0.2991568 0.1998934 0.1571151 0.2275649 0.2297996 0.2803700 0.2148202 0.2862928 0.2200163 0.3983834 0.2935329 0.2296501 0.1730050 0.2788215 0.3874765 0.3212708 0.1970736 0.2040358 0.2643576 0.1914854 0.1999873 0.1742480 0.3984537 0.1964619 0.1147139 0.1691805 0.3054794 0.2851685 0.2481841 0.1775554 0.2007714 0.1651501 0.2041735 0.0627782 0.1404940 0.1647848 0.2307802 0.3379657 0.1813888 0.3350206 0.4306321 0.1910296 0.1933344 0.3681069 0.2402173 0.1689181 0.2351653 0.1814677 0.1351322 0.4390145 0.1586349 0.1979062 0.3856764 0.2441080 0.3018875 0.3462395 0.0787065 0.0977225 
Perityle_castillonii_96                    0.4791279 0.1434957 0.4563648 0.2800418 0.1778390 0.3212042 0.3396305 0.4647236 0.4285860 0.1836620 0.2143416 0.1274252 0.3192936 0.5109044 0.2033262 0.1342371 0.2634880 0.3109911 0.0000000 0.0603629 0.2668002 0.4555074 0.0822268 0.0295002 0.1493593 0.2366390 0.3035639 0.3364830 0.3642992 0.3365609 0.3140540 0.4474934 0.1195349 0.1835195 0.4200928 0.0857491 0.3556807 0.1611502 0.0849289 0.2209918 0.3331918 0.1360586 0.2057600 0.5088420 0.1144538 0.1651854 0.3145828 0.4091371 0.0716379 0.0370049 0.2986276 0.3312210 0.0637080 0.2487277 0.2689799 0.4566947 0.3578533 0.3669750 0.1176974 0.1009516 0.2123626 0.4287665 0.2518106 0.3715950 0.3483551 0.5239242 0.2040551 0.1197147 0.6181255 0.5941235 0.3246355 0.1517241 0.1084999 0.4194665 0.5487139 0.3317403 0.0896057 0.2594814 0.2157086 0.2841705 0.5644990 0.0578071 0.4395162 
Perityle_cernua_84                         0.6630935 0.0000010 0.3798507 0.9650795 0.2636950 0.8399322 0.4469423 0.6047656 0.5565443 0.6251242 0.2538670 0.0000010 0.5956673 0.5254579 0.8136329 0.7515694 0.6429699 0.3701150 0.0603629 0.0000000 0.5387303 0.4334775 0.0000010 0.0000010 0.0000010 0.9733599 0.6418585 0.5943392 0.4582195 0.2711755 0.4016855 0.6434347 0.2162508 1.1014098 0.5391175 0.0707017 0.5804128 1.0794664 0.1943693 0.9768352 1.1032480 0.0000010 0.0000010 0.6639405 0.0000010 0.4426064 0.6130771 0.5743377 0.0000010 0.0000010 0.5807419 0.0000010 0.0521719 0.2355988 0.3858303 0.4964170 0.6107894 0.6205473 0.0000010 0.0738837 1.0198780 0.3497033 0.9011251 0.6079355 0.0000010 1.0569786 0.1827090 0.0000010 0.5927247 0.5356695 0.6174177 0.0000010 0.0000010 0.3591119 1.0824942 0.6053859 0.6262115 0.1791327 0.0810296 0.9901661 0.6885894 0.0000010 0.3799068 
Perityle_cfvillosa_25_tin                  0.3088369 0.1518837 0.3213809 0.2988111 0.0965391 0.2678018 0.2152548 0.4391768 0.3029457 0.2712624 0.3977542 0.1523097 0.1358602 0.2678849 0.2627707 0.1764450 0.2625675 0.1742525 0.2668002 0.5387303 0.0000000 0.5623209 0.1682416 0.0197799 0.1837793 0.2455812 0.2995129 0.2320017 0.2283892 0.2305126 0.3548450 0.3087582 0.3303323 0.1726247 0.4004702 0.3240813 0.3317997 0.1949541 0.2625191 0.3155498 0.3353669 0.0939987 0.2742381 0.3587329 0.2196540 0.1237865 0.0811028 0.3905941 0.1096939 0.0235251 0.1719867 0.3104291 0.2308005 0.2410171 0.1587311 0.2569701 0.0430100 0.0911454 0.1194270 0.1083207 0.2655935 0.2975220 0.2405574 0.3552636 0.3582501 0.5351015 0.1692842 0.1844875 0.4016870 0.3001532 0.0586724 0.1114151 0.1609799 0.1127236 0.4918695 0.2564504 0.1517609 0.4813177 0.2424885 0.2661316 0.3012899 0.0460440 0.1686574 
Perityle_cinerea_113_Powell1310            0.2014782 0.5433478 0.3174059 0.6409120 0.2551399 0.6190558 0.1567225 0.3175774 0.2020094 0.5364590 0.4033087 0.5438697 0.1401136 0.0815721 0.5940205 0.6032974 0.7112080 0.2471662 0.4555074 0.4334775 0.5623209 0.0000000 0.5489971 0.5008621 0.4941028 0.7711244 0.1407562 0.2239700 0.2779022 0.2433000 0.6801895 0.2257731 0.4746106 0.5371094 0.6712201 0.4677327 0.3089898 0.5304788 0.4898527 0.6280832 0.8119773 0.5438697 0.5917387 0.2898420 0.5489971 0.5225621 0.1400791 0.5277712 0.5824429 0.5008621 0.1453460 0.8615740 0.4478232 0.4904807 0.1447963 0.1238938 0.1112907 0.1556722 0.7986400 0.2997811 0.7110990 0.0799853 0.7502405 0.2307302 0.7613412 0.7062800 0.1778466 0.5290374 0.1212835 0.1460161 0.1438840 0.5008621 0.5225621 0.0552724 0.7088045 0.2788298 0.5384478 0.4584322 0.4197668 0.5148978 0.4078135 0.5454892 0.0667258 
Perityle_coahuilensis_24                   0.2385917 0.1505754 0.6013794 0.2077696 0.1280955 0.2018170 0.3056004 0.3650313 0.2252333 0.1681555 0.2487433 0.0974163 0.0635858 0.4052349 0.2036512 0.0689345 0.2499017 0.1773432 0.0822268 0.0000010 0.1682416 0.5489971 0.0000000 0.0302940 0.1025771 0.1011105 0.2092776 0.1458592 0.2425437 0.3223242 0.3225479 0.2226518 0.0532496 0.1643396 0.3941246 0.0870823 0.1953336 0.1584972 0.0461097 0.2118625 0.2965792 0.0955265 0.2822107 0.3984020 0.0714333 0.1023333 0.0739513 0.3832293 0.0501064 0.0320403 0.0961463 0.3325592 0.0560872 0.1755186 0.1209656 0.3675014 0.1103538 0.1706462 0.1137309 0.1214685 0.1759563 0.0000010 0.1013799 0.1981169 0.3509594 0.4850648 0.0000010 0.0776803 0.8093711 0.7540792 0.1013737 0.1301871 0.0673731 0.0000010 0.4468255 0.2356413 0.0497233 0.4038289 0.3295112 0.1166807 0.4787654 0.0405712 0.0000010 
Perityle_cochisensis_44_cave_creek         0.1405407 0.1521161 0.5651849 0.0978558 0.1159622 0.1963288 0.3016259 0.3113272 0.1492405 0.0928702 0.0977477 0.0148163 0.0226269 0.2252978 0.0866651 0.0401700 0.1817638 0.1232420 0.0295002 0.0000010 0.0197799 0.5008621 0.0302940 0.0000000 0.0198418 0.0511437 0.0842562 0.1371067 0.1370578 0.2818731 0.1979680 0.1461170 0.0325913 0.1340911 0.3774756 0.0493212 0.1285147 0.0865230 0.0375415 0.0172906 0.1681164 0.0122985 0.1661032 0.1935408 0.0274110 0.0243834 0.0222808 0.3654973 0.0098161 0.0154140 0.0198096 0.3100889 0.0325189 0.1381450 0.0926459 0.3126855 0.0382579 0.0534991 0.1246107 0.1147467 0.1355639 0.0000010 0.0229024 0.1404832 0.3222412 0.2995501 0.0000010 0.0311390 0.8197716 0.4986920 0.0173230 0.0328802 0.0276627 0.0000010 0.2999488 0.1423375 0.0126145 0.3090646 0.3133338 0.0214938 0.3344383 0.0525859 0.0000010 
Perityle_congesta_202                      0.3042802 0.1592406 0.5588290 0.2555615 0.1204973 0.1984340 0.3170856 0.4415643 0.2820830 0.2089674 0.3056323 0.0333147 0.1711182 0.4618003 0.1968278 0.2074882 0.2425049 0.1890695 0.1493593 0.0000010 0.1837793 0.4941028 0.1025771 0.0198418 0.0000000 0.2001656 0.3671814 0.1426537 0.2631018 0.3364288 0.3360568 0.2627420 0.1715444 0.1710260 0.4091047 0.1871173 0.2713054 0.1112711 0.0647855 0.3122438 0.2862901 0.0174004 0.2602075 0.4549405 0.1885459 0.0178928 0.1435467 0.3985322 0.0890589 0.0218024 0.2165386 0.3339705 0.1154699 0.2124737 0.1100936 0.3666192 0.0827708 0.1689615 0.1247033 0.1189712 0.1689874 0.0000010 0.1125104 0.3040615 0.3664220 0.5568744 0.0000010 0.1691593 0.7816543 0.9588965 0.1679447 0.0328073 0.1895666 0.0000010 0.5299866 0.3330616 0.0833426 0.4846084 0.3274053 0.0392063 0.5483100 0.0588395 0.0000010 
Perityle_cordifolia_27                     0.3977399 0.1638138 0.7372976 0.2603832 0.2129466 0.2862168 0.4713652 0.4856132 0.3480526 0.1993414 0.4145232 0.1586384 0.2616318 0.5812103 0.2538905 0.0945602 0.2662048 0.2991568 0.2366390 0.9733599 0.2455812 0.7711244 0.1011105 0.0511437 0.2001656 0.0000000 0.3647628 0.2714275 0.3498389 0.4942761 0.3428391 0.3266566 0.2170960 0.1748187 0.4194649 0.2306698 0.3289935 0.1629944 0.2160210 0.2960297 0.3484257 0.1414836 0.2493907 0.5388442 0.1256513 0.1746091 0.2616435 0.4084939 0.0897936 0.0566678 0.2463159 0.3274512 0.2251436 0.2725002 0.2780655 0.5380968 0.2928615 0.3008794 0.1247899 0.2825255 0.2208074 0.9251214 0.2348964 0.3221403 0.3457816 0.5394126 0.9977646 0.1085433 0.9035978 0.9056203 0.2662581 0.1714875 0.0913704 0.9680300 0.5630247 0.3715106 0.1083043 0.5485231 0.4667215 0.2701959 0.5729003 0.0461716 1.0206251 
Perityle_cordifolia_68_tecolote            0.3694276 0.1225742 0.3321046 0.3302537 0.1108800 0.2651391 0.2305894 0.4473578 0.2877078 0.2138314 0.4073450 0.2431829 0.1981691 0.3306289 0.3003217 0.1749148 0.2356400 0.1998934 0.3035639 0.6418585 0.2995129 0.1407562 0.2092776 0.0842562 0.3671814 0.3647628 0.0000000 0.3244800 0.2685952 0.2212472 0.3288617 0.3008872 0.4286347 0.1670067 0.3818035 0.4112740 0.2894165 0.1555716 0.4073284 0.3995443 0.3651967 0.1787864 0.2543213 0.4621926 0.2576186 0.2143838 0.2348687 0.3741470 0.1647581 0.0883903 0.3349877 0.2697102 0.3258498 0.2370788 0.0344559 0.2233256 0.1947256 0.2417104 0.0961467 0.1512823 0.2576675 0.1619169 0.4016626 0.4178516 0.2836014 0.5192638 0.1964605 0.1909619 0.4241467 0.3413616 0.2252817 0.1973027 0.1794322 0.1580473 0.5269015 0.3300059 0.2207206 0.4499917 0.2679537 0.3617692 0.5066167 0.0594113 0.3006721 
Perityle_coronopifolia_28_patagonia        0.2590151 0.1552380 0.2742915 0.1981372 0.1192059 0.3121825 0.2394104 0.3494169 0.2236715 0.2200489 0.4005158 0.1519250 0.2539974 0.2744521 0.1624436 0.1555636 0.1748887 0.1571151 0.3364830 0.5943392 0.2320017 0.2239700 0.1458592 0.1371067 0.1426537 0.2714275 0.3244800 0.0000000 0.2116248 0.2062885 0.2131772 0.2277198 0.4062796 0.1468276 0.3727876 0.3830479 0.2644675 0.1123031 0.4149446 0.3467295 0.3131217 0.1351020 0.2189288 0.2963085 0.1388710 0.1603936 0.2902725 0.3604956 0.1466084 0.1354888 0.3146422 0.3508419 0.3001654 0.2411328 0.1963731 0.2871008 0.3133643 0.2972219 0.1160482 0.1372437 0.1843183 0.2310888 0.3369556 0.0376210 0.3422426 0.4591718 0.1759071 0.1512442 0.5406583 0.2402187 0.2798399 0.1519159 0.1349310 0.2214037 0.4875980 0.2427931 0.1694731 0.4385364 0.2515312 0.2669559 0.5020129 0.1267617 0.2631361 
Perityle_crassifolia_70_ventanas           0.2024857 0.1562034 0.3201772 0.2870687 0.1221526 0.3017915 0.2254065 0.3946601 0.2122521 0.3063801 0.3885689 0.2370334 0.2428160 0.3113836 0.3010135 0.2599700 0.1713162 0.2275649 0.3642992 0.4582195 0.2283892 0.2779022 0.2425437 0.1370578 0.2631018 0.3498389 0.2685952 0.2116248 0.0000000 0.1753411 0.2364030 0.1963801 0.3518863 0.1370588 0.4530832 0.3588775 0.3123004 0.2469301 0.3250649 0.4491373 0.3755729 0.2292706 0.2669234 0.3318543 0.2565062 0.2610004 0.2200344 0.4474094 0.2467604 0.1217682 0.2246932 0.3558015 0.3410710 0.3153671 0.1948656 0.2753341 0.1803685 0.2323495 0.1649818 0.1361784 0.2205179 0.2316836 0.3712104 0.2423834 0.3726987 0.5577019 0.1863297 0.2614793 0.3894493 0.0693504 0.2198926 0.2645591 0.2519227 0.1521017 0.5906399 0.2413435 0.2432110 0.4599887 0.2486284 0.3477481 0.4016843 0.1392412 0.1994858 
Perityle_crassifolia_74_playa_balandra     0.1869170 0.2999133 0.3281414 0.3561873 0.1878027 0.3650727 0.2272888 0.2909321 0.1950604 0.3986672 0.3078721 0.3380726 0.2130154 0.2443618 0.3864163 0.3261830 0.3839701 0.2297996 0.3365609 0.2711755 0.2305126 0.2433000 0.3223242 0.2818731 0.3364288 0.4942761 0.2212472 0.2062885 0.1753411 0.0000000 0.3952736 0.1828530 0.3245698 0.3860088 0.2232048 0.3213748 0.2746450 0.3574457 0.3372662 0.4450568 0.5140924 0.3317787 0.3885370 0.2113417 0.3329373 0.3463115 0.2078103 0.2138481 0.3392743 0.2860018 0.2068771 0.0718613 0.3257996 0.2918417 0.2120462 0.0866621 0.1769724 0.2181671 0.2899181 0.2336350 0.4076599 0.1828287 0.5093482 0.2092444 0.0708894 0.1056199 0.1873610 0.3332441 0.3393875 0.0976720 0.2045265 0.3465810 0.3173109 0.1043135 0.1584029 0.2107792 0.3256428 0.1962567 0.3213967 0.4409817 0.1103853 0.2832670 0.1083184 
Perityle_cuneata_34_cuneata_San_antonio    0.2545746 0.1646703 0.5385018 0.2851141 0.1544031 0.2709760 0.3569196 0.4624643 0.2346712 0.2890535 0.4495950 0.3223855 0.3083934 0.5388185 0.3151941 0.3044787 0.1013368 0.2803700 0.3140540 0.4016855 0.3548450 0.6801895 0.3225479 0.1979680 0.3360568 0.3428391 0.3288617 0.2131772 0.2364030 0.3952736 0.0000000 0.2223519 0.3369626 0.1652143 0.4330312 0.3129445 0.3201206 0.2739396 0.2736737 0.5002447 0.3741766 0.3038860 0.3027550 0.4777472 0.3270333 0.2962998 0.2934756 0.4470849 0.3086415 0.1929673 0.3261956 0.3398892 0.3353771 0.2701745 0.2433574 0.4035094 0.2761656 0.3482855 0.1655384 0.1673490 0.2100705 0.3381393 0.3240300 0.3168507 0.3702294 0.5294135 0.4540434 0.3207259 0.8744092 0.7351872 0.3054230 0.3522797 0.3023484 0.3398008 0.5180194 0.3320179 0.3189316 0.4432518 0.3541338 0.3572013 0.5185463 0.1979164 0.1712947 
Perityle_discoidea_81                      0.0255833 0.0834257 0.3001447 0.2104670 0.1012931 0.2809871 0.2141927 0.3991002 0.0030454 0.2585649 0.5204263 0.2455722 0.2837468 0.3608244 0.2870033 0.2738136 0.1786360 0.2148202 0.4474934 0.6434347 0.3087582 0.2257731 0.2226518 0.1461170 0.2627420 0.3266566 0.3008872 0.2277198 0.1963801 0.1828530 0.2223519 0.0000000 0.4637492 0.0751118 0.4136202 0.4563287 0.3326925 0.2416166 0.4165708 0.5066112 0.3512090 0.2513399 0.2398049 0.3884649 0.2594654 0.2745286 0.2859699 0.4118704 0.2379176 0.1343097 0.2928565 0.2923702 0.3600583 0.3343292 0.1942828 0.2718944 0.2720020 0.2975727 0.1181675 0.1612462 0.2104015 0.2249773 0.3649187 0.3195605 0.3122087 0.5404855 0.1737987 0.2614000 0.4340139 0.2307845 0.2902413 0.2842122 0.2615147 0.1421463 0.5735481 0.2865238 0.2437602 0.5084055 0.2400229 0.3866728 0.4728927 0.1458613 0.2241207 
Perityle_dissecta_201                      0.5440562 0.1419378 0.4669911 0.2717597 0.1761532 0.2982418 0.4243902 0.5550538 0.4263524 0.2254193 0.2921008 0.1288038 0.3653859 0.5847635 0.2574409 0.0979756 0.2520963 0.2862928 0.1195349 0.2162508 0.3303323 0.4746106 0.0532496 0.0325913 0.1715444 0.2170960 0.4286347 0.4062796 0.3518863 0.3245698 0.3369626 0.4637492 0.0000000 0.1674832 0.4146825 0.1427188 0.4204987 0.1668011 0.0888907 0.3022791 0.4032210 0.1392268 0.2894789 0.6160260 0.0723640 0.1960103 0.3759371 0.4078694 0.0397410 0.0342728 0.3736525 0.3306925 0.0790201 0.2499867 0.2606259 0.4564666 0.4384437 0.4368123 0.1101001 0.0993178 0.2392271 0.4337307 0.2438284 0.4330520 0.3563659 0.6051050 0.2389962 0.0561147 0.6787671 0.6165224 0.3745615 0.1484639 0.0472489 0.4138141 0.6154308 0.4827896 0.0670432 0.2810137 0.2104897 0.2820652 0.6359972 0.0399128 0.4153546 
Perityle_emoryi_47_punta_san_jose          0.0861494 0.0735240 0.7075831 0.1538852 0.0905731 0.1964079 0.3089875 0.3580038 0.0774676 0.1571309 0.2654374 0.1685500 0.1826183 0.3541504 0.1714283 0.1628534 0.1585070 0.2200163 0.1835195 1.1014098 0.1726247 0.5371094 0.1643396 0.1340911 0.1710260 0.1748187 0.1670067 0.1468276 0.1370588 0.3860088 0.1652143 0.0751118 0.1674832 0.0000000 0.4175118 0.1758883 0.2276186 0.1783246 0.1777738 0.1936893 0.2042393 0.1626874 0.1967430 0.2576234 0.1574315 0.1645663 0.1835083 0.4222323 0.1639047 0.1231085 0.1744539 0.2714384 0.1686855 0.2087967 0.1802030 0.3329590 0.1789101 0.2130333 0.1108010 0.1523703 0.1438629 2.2020034 0.1581853 0.1533254 0.3170351 0.3117437 0.9188668 0.1638025 0.9631404 0.4251993 0.1759572 0.1807488 0.1606412 0.8982303 0.3068205 0.1821034 0.1513431 0.3217590 0.3332601 0.1875708 0.4130803 0.1429447 0.9188668 
Perityle_feddemae_99                       0.4420648 0.3669132 0.7843038 0.4094613 0.3156578 0.3850706 0.4495281 0.3872909 0.4175015 0.4141731 0.4175853 0.4007305 0.4067140 0.4818212 0.3586924 0.3931154 0.4070226 0.3983834 0.4200928 0.5391175 0.4004702 0.6712201 0.3941246 0.3774756 0.4091047 0.4194649 0.3818035 0.3727876 0.4530832 0.2232048 0.4330312 0.4136202 0.4146825 0.4175118 0.0000000 0.4158729 0.4092872 0.3482582 0.4439490 0.3995901 0.4869382 0.4060537 0.4467439 0.3841207 0.3883454 0.4043891 0.4142834 0.0237462 0.3966914 0.3585638 0.4031510 0.1562802 0.4079737 0.3882594 0.3860171 0.1946300 0.3503905 0.4217387 0.2983791 0.2954456 0.3683398 0.8053212 0.4043284 0.3847782 0.1632258 0.1614875 0.4177655 0.3921770 1.0389266 0.6922497 0.4113615 0.3911670 0.3988315 0.4168312 0.1625127 0.3659884 0.3806116 0.1918104 0.4734383 0.4187395 0.2384522 0.3451662 0.4856012 
Perityle_fosteri_93                        0.5141635 0.1401511 0.4539001 0.2683604 0.1838151 0.3102101 0.4077939 0.5222548 0.4275795 0.2195234 0.2750455 0.1583691 0.3766128 0.5553111 0.2441085 0.0932786 0.2602620 0.2935329 0.0857491 0.0707017 0.3240813 0.4677327 0.0870823 0.0493212 0.1871173 0.2306698 0.4112740 0.3830479 0.3588775 0.3213748 0.3129445 0.4563287 0.1427188 0.1758883 0.4158729 0.0000000 0.4100554 0.1625699 0.1357391 0.3145539 0.3954631 0.1569870 0.2771908 0.5681756 0.0816021 0.2029004 0.3817162 0.4039298 0.0732086 0.0599794 0.3703428 0.3126240 0.0557070 0.2526658 0.2561605 0.4618297 0.4380898 0.4440745 0.1115727 0.0944071 0.2343167 0.4102892 0.2754712 0.4263686 0.3325954 0.5601657 0.2185425 0.0591294 0.6738756 0.6102202 0.3808289 0.1609525 0.0800849 0.4055511 0.5823124 0.4586190 0.0992186 0.2718284 0.2166801 0.3095212 0.6119676 0.0564283 0.4157711 
Perityle_gamon_221                         0.3629684 0.2070499 0.3672371 0.3136116 0.1335829 0.3729351 0.2829191 0.4285547 0.3323968 0.2700929 0.3929796 0.2251159 0.2891688 0.3759549 0.2848726 0.2012874 0.2419076 0.2296501 0.3556807 0.5804128 0.3317997 0.3089898 0.1953336 0.1285147 0.2713054 0.3289935 0.2894165 0.2644675 0.3123004 0.2746450 0.3201206 0.3326925 0.4204987 0.2276186 0.4092872 0.4100554 0.0000000 0.2004991 0.4134299 0.3891252 0.3532907 0.2064904 0.2390743 0.3078081 0.2248258 0.2625728 0.3045570 0.4081415 0.1934060 0.1316952 0.3034402 0.3663118 0.3530143 0.2711825 0.2333467 0.3073934 0.3031640 0.3644982 0.1073936 0.1391361 0.2407447 0.2335118 0.3961609 0.2953463 0.3583971 0.6103731 0.2898605 0.2029468 0.4828024 0.3893118 0.3095167 0.2462338 0.2142766 0.2746503 0.6187388 0.2322797 0.2213406 0.4936019 0.2819819 0.3760794 0.5237244 0.1366357 0.2856254 
Perityle_gentryi_8_san_francisco           0.2990054 0.1399993 0.5728945 0.1971439 0.0973684 0.1968506 0.2877165 0.3541611 0.2606757 0.1598666 0.2879996 0.1073995 0.1867471 0.4555561 0.0250151 0.1561349 0.2203519 0.1730050 0.1611502 1.0794664 0.1949541 0.5304788 0.1584972 0.0865230 0.1112711 0.1629944 0.1555716 0.1123031 0.2469301 0.3574457 0.2739396 0.2416166 0.1668011 0.1783246 0.3482582 0.1625699 0.2004991 0.0000000 0.1289848 0.2576094 0.2056381 0.1081654 0.1992257 0.3228565 0.1479637 0.1167423 0.1467556 0.3432626 0.1498462 0.1033385 0.1750634 0.2885969 0.1571761 0.1462784 0.1367792 0.3570874 0.1796031 0.2594844 0.1085218 0.0921962 0.1032226 1.0327046 0.1637490 0.1812826 0.3086827 0.4338207 0.3293259 0.1657569 0.9092148 0.6436843 0.1937168 0.1322861 0.1468953 0.9232829 0.4070725 0.1655092 0.1516294 0.3832751 0.2741887 0.1186412 0.4843725 0.0912368 0.4121258 
Perityle_gilensis_22_Superstition          0.4969491 0.1625949 0.4789513 0.2181355 0.1830967 0.3092529 0.4333832 0.5326262 0.3674655 0.1936892 0.2118399 0.0570678 0.3283566 0.4315737 0.2302731 0.0923124 0.2585089 0.2788215 0.0849289 0.1943693 0.2625191 0.4898527 0.0461097 0.0375415 0.0647855 0.2160210 0.4073284 0.4149446 0.3250649 0.3372662 0.2736737 0.4165708 0.0888907 0.1777738 0.4439490 0.1357391 0.4134299 0.1289848 0.0000000 0.2966336 0.3739406 0.0522864 0.2500059 0.5376838 0.0847787 0.0737668 0.3166993 0.4378826 0.0485338 0.0442073 0.3489569 0.3532440 0.0872275 0.2215037 0.2676026 0.4489390 0.4227236 0.3831155 0.1451678 0.0904379 0.2377068 0.4215074 0.2410216 0.4040421 0.3821051 0.4674049 0.2462290 0.0831035 0.6747738 0.5641633 0.3215112 0.0774509 0.0732205 0.4018621 0.5068579 0.4331479 0.0627284 0.2313141 0.2211276 0.1877390 0.5961156 0.0528194 0.4209663 
Perityle_gilensis_salensis_225             0.4104076 0.1546325 0.6783305 0.4212301 0.2312192 0.3210494 0.4242084 0.5420291 0.4378256 0.3123008 0.3522948 0.2706981 0.2767074 0.4893510 0.3531868 0.2024565 0.2521797 0.3874765 0.2209918 0.9768352 0.3155498 0.6280832 0.2118625 0.0172906 0.3122438 0.2960297 0.3995443 0.3467295 0.4491373 0.4450568 0.5002447 0.5066112 0.3022791 0.1936893 0.3995901 0.3145539 0.3891252 0.2576094 0.2966336 0.0000000 0.5226175 0.1787010 0.4459569 0.4878213 0.2430193 0.2319439 0.3129357 0.3891335 0.1681776 0.0254829 0.3150649 0.4000492 0.2864336 0.3435558 0.2536856 0.4680810 0.2161301 0.3150391 0.1183730 0.2650265 0.3795002 1.0285201 0.3198317 0.4354043 0.3573449 0.6630324 0.8646166 0.2014810 1.0105663 0.8436351 0.3095112 0.1227500 0.1918174 0.9220941 0.6151935 0.4363665 0.2051696 0.5218448 0.4189932 0.3330999 0.6146021 0.0492702 0.8533025 
Perityle_glaucescens_94                    0.3822975 0.1485833 0.7458799 0.2808376 0.3251916 0.3128368 0.4781614 0.5505409 0.3404297 0.3003444 0.4486831 0.2703579 0.3296498 0.4879164 0.3025908 0.2666264 0.2697337 0.3212708 0.3331918 1.1032480 0.3353669 0.8119773 0.2965792 0.1681164 0.2862901 0.3484257 0.3651967 0.3131217 0.3755729 0.5140924 0.3741766 0.3512090 0.4032210 0.2042393 0.4869382 0.3954631 0.3532907 0.2056381 0.3739406 0.5226175 0.0000000 0.2163635 0.0610000 0.4959712 0.3091992 0.2108653 0.3578588 0.4720511 0.2833226 0.1671536 0.3944020 0.3688300 0.3955530 0.2988650 0.3243058 0.5326318 0.3455577 0.3511801 0.1201822 0.3163810 0.2253652 0.9264707 0.4031263 0.3849299 0.4002074 0.5230570 1.0040730 0.2851176 0.9911604 0.9271614 0.3517844 0.2575473 0.2623972 0.8649622 0.5256372 0.3849476 0.2971292 0.5467628 0.5015716 0.2961393 0.5510569 0.1454450 0.9083359 
Perityle_gracilis_11                       0.2727618 0.1482315 0.5737304 0.2493091 0.1137376 0.1984998 0.3002266 0.3704100 0.2535860 0.1843347 0.2444340 0.0159889 0.1167276 0.3831411 0.1118209 0.1568854 0.2356775 0.1970736 0.1360586 0.0000010 0.0939987 0.5438697 0.0955265 0.0122985 0.0174004 0.1414836 0.1787864 0.1351020 0.2292706 0.3317787 0.3038860 0.2513399 0.1392268 0.1626874 0.4060537 0.1569870 0.2064904 0.1081654 0.0522864 0.1787010 0.2163635 0.0000000 0.2093780 0.3668936 0.1336788 0.0110620 0.0876005 0.3920972 0.0902401 0.0168408 0.1361452 0.3351470 0.1226222 0.2061673 0.1072026 0.3651344 0.0797485 0.1385285 0.1191632 0.1097952 0.1190085 0.0000010 0.0769279 0.2245894 0.3649666 0.4528458 0.0000010 0.1535141 0.8424110 0.9425350 0.1010366 0.0230000 0.1374184 0.0000010 0.4618155 0.2165163 0.0899621 0.4225205 0.3119381 0.0166493 0.5025840 0.0492660 0.0000010 
Perityle_harkerae_31                       0.2474686 0.1297181 0.6143954 0.2422748 0.1807774 0.2353811 0.3123598 0.4228066 0.2179466 0.2539051 0.3318503 0.2630075 0.2304875 0.3709911 0.2329137 0.2542653 0.2602711 0.2040358 0.2057600 0.0000010 0.2742381 0.5917387 0.2822107 0.1661032 0.2602075 0.2493907 0.2543213 0.2189288 0.2669234 0.3885370 0.3027550 0.2398049 0.2894789 0.1967430 0.4467439 0.2771908 0.2390743 0.1992257 0.2500059 0.4459569 0.0610000 0.2093780 0.0000000 0.4157084 0.2844346 0.2042209 0.2663837 0.4305413 0.2852515 0.1651815 0.2878725 0.3551513 0.2818656 0.2093556 0.2003492 0.4235546 0.2023703 0.2455267 0.1202592 0.1052672 0.2070513 0.0000010 0.2707099 0.2902440 0.3854227 0.4939476 0.0000010 0.2785133 1.0623830 0.8961595 0.2711661 0.2560007 0.2517603 0.0000010 0.4549682 0.2525676 0.2749418 0.3996256 0.3408850 0.2494000 0.4541976 0.1356803 0.0000010 
Perityle_hofmeisteria_4_nombre_de_dios     0.3653217 0.1915281 0.3244141 0.4566270 0.1573933 0.4158154 0.2571495 0.5113141 0.3991740 0.4669826 0.5212800 0.3873604 0.3738809 0.4207988 0.4164069 0.4533983 0.2663962 0.2643576 0.5088420 0.6639405 0.3587329 0.2898420 0.3984020 0.1935408 0.4549405 0.5388442 0.4621926 0.2963085 0.3318543 0.2113417 0.4777472 0.3884649 0.6160260 0.2576234 0.3841207 0.5681756 0.3078081 0.3228565 0.5376838 0.4878213 0.4959712 0.3668936 0.4157084 0.0000000 0.4597346 0.4639330 0.3944964 0.3839152 0.3745814 0.2189395 0.4416070 0.3944092 0.4648970 0.3555398 0.2293955 0.2238243 0.2745142 0.3881512 0.1081286 0.1280399 0.3581066 0.2698400 0.5265798 0.4291293 0.3562194 0.6862696 0.2425614 0.4385025 0.4712833 0.2903932 0.3683127 0.3032961 0.4417956 0.1263097 0.7017155 0.3433356 0.3959932 0.5643624 0.2387861 0.5646283 0.4908437 0.1330756 0.1495829 
Perityle_huecosensis_48                    0.2849962 0.1421778 0.5401632 0.2309280 0.1105948 0.2130960 0.3186560 0.4023688 0.2581341 0.1882803 0.3574836 0.1385049 0.1421027 0.5166162 0.2152107 0.0742444 0.2332738 0.1914854 0.1144538 0.0000010 0.2196540 0.5489971 0.0714333 0.0274110 0.1885459 0.1256513 0.2576186 0.1388710 0.2565062 0.3329373 0.3270333 0.2594654 0.0723640 0.1574315 0.3883454 0.0816021 0.2248258 0.1479637 0.0847787 0.2430193 0.3091992 0.1336788 0.2844346 0.4597346 0.0000000 0.1906153 0.1652695 0.3775603 0.0475104 0.0268018 0.1650276 0.3295959 0.0739524 0.1799316 0.1267060 0.3775340 0.1118493 0.2101603 0.1152770 0.1218897 0.1679314 5.6724276 0.1209153 0.2159767 0.3522930 0.5407936 0.3639556 0.0475362 0.7801606 0.7627606 0.1770200 0.1391624 0.0539384 0.8772916 0.5130205 0.2975645 0.0675892 0.4695135 0.3111313 0.1931561 0.5040886 0.0431282 0.3678199 
