85
Amauria_brandeegeana_62                    0.0000000 0.2419389 0.0838936 0.4195151 0.0849052 0.1035596 0.5539555 0.1196765 0.0057408 0.1248788 0.6473214 0.0944167 0.6187283 0.0772104 0.0865039 0.0692433 0.0902629 0.0934739 0.0754104 0.0865273 0.0988421 0.3306073 0.1056914 0.0790329 0.0880208 0.0970477 0.5775893 0.0831503 0.1280923 0.2484890 0.0874724 0.3545539 0.0028542 0.0919921 0.0806251 0.6092846 0.0919354 0.1078240 0.5863496 0.1045502 0.0983427 0.6169603 0.0854696 0.5728893 0.1120645 0.5592194 0.4468950 0.0716672 0.2796605 0.1003671 0.0881791 0.0838052 0.0921446 0.0976132 0.0773841 0.0837639 0.5928809 0.0869241 0.0816677 0.1102996 0.3734587 0.5455591 0.0739270 0.0974869 0.0889901 0.0953970 0.5563304 0.4668788 0.2168217 0.0886162 0.0985706 0.2770799 0.0955755 0.0907129 0.0909805 0.2160028 0.7697594 0.7150976 0.0705649 0.1004819 0.4261249 0.0862725 0.1522053 0.0770442 0.4878396 
Amauria_carterae_99_mesa                   0.2419389 0.0000000 0.2589293 0.2036613 0.2565263 0.2255916 0.1669998 0.2652992 0.2441390 0.2611392 0.0500097 0.2655878 0.1407870 0.2764438 0.2613342 0.2538612 0.2489127 0.2539549 0.2538612 0.2535770 0.2713900 0.1178880 0.2775992 0.2761705 0.2592563 0.2592184 0.0551555 0.2497464 0.2721237 0.1089937 0.2546941 0.2640607 0.2441390 0.2699122 0.2600042 0.0982758 0.2589642 0.2956421 0.0553768 0.2776091 0.2619795 0.0945663 0.2839179 0.0945283 0.2947667 0.0476424 0.0428142 0.2708975 0.0470689 0.2315907 0.2602335 0.2604180 0.2592184 0.2792452 0.2699082 0.2452599 0.1617777 0.2890052 0.2716587 0.3006424 0.1388311 0.0862197 0.2134049 0.2763787 0.2494552 0.2474862 0.1000251 0.3265731 0.1154629 0.2704023 0.2775085 0.2468654 0.2656291 0.2592563 0.2535770 0.0303134 0.1084593 0.0531532 0.2609428 0.2837426 0.2780674 0.2763589 0.2958728 0.2800198 0.1379023 
Amauria_rotundifolia_SRR9119150            0.0838936 0.2589293 0.0000000 0.4081092 0.0886168 0.1031405 0.5549382 0.1136502 0.0685558 0.1202158 0.5872330 0.0949526 0.5449290 0.0797115 0.1083294 0.0684535 0.0895525 0.1076909 0.0713507 0.1162232 0.0993387 0.3241688 0.1050913 0.0763520 0.0908042 0.0985724 0.5215804 0.0892189 0.1154882 0.2419296 0.0974110 0.3167226 0.0683170 0.1075976 0.0767116 0.6044142 0.0987724 0.1378530 0.6350690 0.1025135 0.1023876 0.6387389 0.0755210 0.5548197 0.1363192 0.5027142 0.4434316 0.0690787 0.2682282 0.0968135 0.1022999 0.1061317 0.0917705 0.1238075 0.0900894 0.0790684 0.5271375 0.1008441 0.0677528 0.1194113 0.3711442 0.5354180 0.0857038 0.1051037 0.1091557 0.1070493 0.5419926 0.4160363 0.1999438 0.0982686 0.0954914 0.3211089 0.1064134 0.0905765 0.0884194 0.2136699 0.6958770 0.6530132 0.0680296 0.1068443 0.4278283 0.0800363 0.1404352 0.1104401 0.4716576 
Conoclinium_coelestinum_SRR9119114         0.4195151 0.2036613 0.4081092 0.0000000 0.4034281 0.2928747 0.2848609 0.3734169 0.3791239 0.4210222 0.2751706 0.4161089 0.4836246 0.4438136 0.4317920 0.3949945 0.3430841 0.3843204 0.3934205 0.3715715 0.3729407 0.2539447 0.4127812 0.3986257 0.3954875 0.4032995 0.2702119 0.3985393 0.4180160 0.2352825 0.4124628 0.3725141 0.3836249 0.4130898 0.3783132 0.2875564 0.3958262 0.4201448 0.3341509 0.4241991 0.4109212 0.2723078 0.3271310 0.2291783 0.4232537 0.2544700 0.2019662 0.3924495 0.1270986 0.2983017 0.3913591 0.3968694 0.3971879 0.3914480 0.4078246 0.3245484 0.3938197 0.3848443 0.3951598 0.4140192 0.2907475 0.2567953 0.3233142 0.4094479 0.4208475 0.4039786 0.2467523 0.4256193 0.2064125 0.3850871 0.4194768 0.6305737 0.3927156 0.4634378 0.4047243 0.1592855 0.3291147 0.3425791 0.3783129 0.3970521 0.4045009 0.4101909 0.4405648 0.4110212 0.3483672 
Eutetras_palmeri_63                        0.0849052 0.2565263 0.0886168 0.4034281 0.0000000 0.0911081 0.5562733 0.1086374 0.0771785 0.0632177 0.5730879 0.0549383 0.5465678 0.0669672 0.0774721 0.0419093 0.0643789 0.0752149 0.0503026 0.0455526 0.0540187 0.3207170 0.0526723 0.0482742 0.0514230 0.0466906 0.5016089 0.0600668 0.1074499 0.2646193 0.0616690 0.3074651 0.0785100 0.0530480 0.0574546 0.5792589 0.0528777 0.1006485 0.6110031 0.0572738 0.0512586 0.6114657 0.0624185 0.5546646 0.1017203 0.4865008 0.4406469 0.0509291 0.2609848 0.0674511 0.0499946 0.0489200 0.0491464 0.0661613 0.0686115 0.0592506 0.4775921 0.0465908 0.0506292 0.0843658 0.3677633 0.5256438 0.0493783 0.0584797 0.0586904 0.0501653 0.5302943 0.4242359 0.2283288 0.0513806 0.0491255 0.2564771 0.0497769 0.0620230 0.0630344 0.2074661 0.6775646 0.6406672 0.0491895 0.0624782 0.4261946 0.0513969 0.1016749 0.0771721 0.4552762 
Eutetras_pringlei_149_quer                 0.1035596 0.2255916 0.1031405 0.2928747 0.0911081 0.0000000 0.3146016 0.1217902 0.0990563 0.0944585 0.3232667 0.0681362 0.2865498 0.0614994 0.0728705 0.0560098 0.0728760 0.0599780 0.0558704 0.0600927 0.0650307 0.2544797 0.0731780 0.0682213 0.0641805 0.0515379 0.3053265 0.0483236 0.1211138 0.2658679 0.0727209 0.3932976 0.0990563 0.0756084 0.0768748 0.3033617 0.0726382 0.1034896 0.3066345 0.0651802 0.0684359 0.3033617 0.0738351 0.3032025 0.0987943 0.2802499 0.3050530 0.0647205 0.2650736 0.0621216 0.0774924 0.0517660 0.0516894 0.1040914 0.0730487 0.0832757 0.2897419 0.0606882 0.0648598 0.1022790 0.2812953 0.3155602 0.0516075 0.0778927 0.0482881 0.0557922 0.3264150 0.3805614 0.2430275 0.0641864 0.0609759 0.0818541 0.0608366 0.0571305 0.0598773 0.2272357 0.3264150 0.3073278 0.0601629 0.0736906 0.3052284 0.0638713 0.1301285 0.0765943 0.2903278 
Eutrochium_fistulosum_SRR9119106           0.5539555 0.1669998 0.5549382 0.2848609 0.5562733 0.3146016 0.0000000 0.4870835 0.5314088 0.5827340 0.2634417 0.5364740 0.3201302 0.4359424 0.5778603 0.5216601 0.4825030 0.5659988 0.5083531 0.5342079 0.5500364 0.1842354 0.5565639 0.5421773 0.5240203 0.5522923 0.3041220 0.5740503 0.4531171 0.1658530 0.5455439 0.4517873 0.5314088 0.5468131 0.5102803 0.3562718 0.5275264 0.5767168 0.3681123 0.5604354 0.5416270 0.3428319 0.4867853 0.3425550 0.5757029 0.3145429 0.3023474 0.5208166 0.3314610 0.4858527 0.5316003 0.5494642 0.5563909 0.5440580 0.5619960 0.4793240 0.2881273 0.5498715 0.5136480 0.5974031 0.2389016 0.3657308 0.4007401 0.5516738 0.5676562 0.5497168 0.3173626 0.5203513 0.1399129 0.5230317 0.5643748 0.7208417 0.5456043 0.4620305 0.5195306 0.1185539 0.2632544 0.2520556 0.5084000 0.5533741 0.3015102 0.5350441 0.5792411 0.5611272 0.2766583 
Galeana_pratensis_104_mex                  0.1196765 0.2652992 0.1136502 0.3734169 0.1086374 0.1217902 0.4870835 0.0000000 0.1169258 0.1352268 0.4596185 0.1149285 0.3595851 0.1182867 0.1108099 0.0999018 0.1047727 0.1181122 0.0942030 0.1025609 0.1120098 0.3045714 0.1108137 0.1103608 0.0995088 0.0991528 0.4411322 0.1155817 0.1418484 0.2348871 0.1022901 0.3376277 0.1169258 0.1130488 0.0920490 0.4425035 0.1050766 0.1328499 0.4770555 0.1110147 0.1153385 0.4536297 0.1252379 0.4664407 0.1298420 0.4353077 0.4397357 0.0992577 0.3030819 0.1409090 0.1070083 0.0968794 0.0994020 0.1307408 0.1188850 0.1108850 0.3426704 0.0985837 0.1014016 0.1253635 0.3564202 0.4492517 0.1177756 0.1160300 0.1128002 0.0966381 0.4787635 0.4619871 0.2249162 0.1079437 0.1084570 0.2286582 0.1121485 0.0996105 0.1019277 0.2307711 0.5441260 0.5045494 0.1073857 0.1186616 0.3658879 0.1096650 0.1398768 0.1162675 0.3265280 
Lycapsus_tenuifolius_17                    0.0057408 0.2441390 0.0685558 0.3791239 0.0771785 0.0990563 0.5314088 0.1169258 0.0000000 0.1134798 0.5658133 0.0767169 0.5544406 0.0744690 0.0918202 0.0686801 0.0872859 0.0768052 0.0732651 0.0699505 0.0880432 0.3306073 0.0848796 0.0774292 0.0812156 0.0796027 0.4865655 0.0748921 0.1251279 0.2484890 0.0812560 0.3339612 0.0028788 0.0901369 0.0806284 0.5051197 0.0814819 0.1058573 0.5279156 0.0903397 0.0830253 0.5339129 0.0849336 0.5233065 0.1057357 0.4705633 0.4210155 0.0757178 0.2824145 0.0825611 0.0812955 0.0687946 0.0846648 0.0956520 0.0866315 0.0860726 0.5025186 0.0738882 0.0771169 0.1032676 0.3766587 0.5133837 0.0707872 0.0838539 0.0810987 0.0878331 0.5411298 0.4687736 0.2192312 0.0768576 0.0853946 0.2235355 0.0866160 0.0907442 0.0719210 0.2182672 0.6437312 0.6208417 0.0734334 0.0822003 0.4161845 0.0781125 0.1153225 0.0765087 0.4883921 
Pericome_caudata_50_silver                 0.1248788 0.2611392 0.1202158 0.4210222 0.0632177 0.0944585 0.5827340 0.1352268 0.1134798 0.0000000 0.6279825 0.0907823 0.6594942 0.0814945 0.1036701 0.0669554 0.1032823 0.1158226 0.0800151 0.0751462 0.0921160 0.3297481 0.0987547 0.0792485 0.0751485 0.0977787 0.5507855 0.0956605 0.1498465 0.2627442 0.0905639 0.3638085 0.1113548 0.0774221 0.0963200 0.6309213 0.0785340 0.1179441 0.6347942 0.1064674 0.0816326 0.6469754 0.1099489 0.5634400 0.1396177 0.5516632 0.4565391 0.0790547 0.2860188 0.1204079 0.0724725 0.0864099 0.0751828 0.0938395 0.1048453 0.1036737 0.5434695 0.0816025 0.0983826 0.1243593 0.3949449 0.5485594 0.1138114 0.1015787 0.0855493 0.0814014 0.5588981 0.4647445 0.2412895 0.0751687 0.0945372 0.2959412 0.0799018 0.0873683 0.1048598 0.2257115 0.7508361 0.7065668 0.0828825 0.0906856 0.4333103 0.0822784 0.1856836 0.0991016 0.4680550 
Perityle_aglossa_84_dead_horse             0.6473214 0.0500097 0.5872330 0.2751706 0.5730879 0.3232667 0.2634417 0.4596185 0.5658133 0.6279825 0.0000000 0.6141697 0.5769258 0.5026411 0.6116325 0.5865666 0.4427173 0.4964216 0.5755503 0.5081075 0.5182487 0.2290150 0.6209475 0.5716808 0.5871407 0.6064423 0.1012299 0.5077326 0.4417079 0.1438397 0.5943603 0.5438358 0.5698061 0.5993892 0.5433940 0.1477976 0.5846875 0.6509817 0.1080090 0.6293904 0.6083929 0.1155317 0.4112167 0.1071899 0.6536717 0.0566133 0.0587012 0.5896465 0.0628196 0.3464605 0.5754514 0.5653365 0.5900309 0.5294171 0.5508802 0.4359253 0.4477886 0.5400339 0.6099403 0.5601204 0.2947028 0.1064917 0.3313083 0.6085352 0.5839661 0.5898900 0.1026676 0.6062799 0.1344142 0.5952400 0.6200740 0.6123999 0.5690362 0.5411499 0.6059407 0.0505556 0.1436045 0.0890729 0.5625142 0.6026478 0.3594210 0.5941688 0.6541131 0.5819344 0.3757950 
Perityle_ajoensis_204                      0.0944167 0.2655878 0.0949526 0.4161089 0.0549383 0.0681362 0.5364740 0.1149285 0.0767169 0.0907823 0.6141697 0.0000000 0.6113458 0.0396816 0.0787662 0.0401777 0.0713246 0.0859370 0.0456485 0.0466936 0.0548925 0.3469971 0.0503086 0.0478298 0.0454920 0.0458700 0.5499940 0.0629782 0.1006709 0.2746927 0.0754677 0.3698045 0.0763920 0.0543543 0.0519587 0.6012055 0.0510023 0.1059735 0.6231815 0.0503311 0.0345814 0.6178379 0.0355205 0.5592648 0.1072695 0.5197787 0.4386335 0.0401577 0.2746511 0.0536899 0.0405643 0.0414581 0.0484978 0.0672585 0.0741894 0.0671921 0.5485431 0.0408736 0.0381140 0.0966805 0.3805128 0.5325166 0.0338475 0.0441449 0.0638476 0.0488837 0.5316691 0.4745318 0.2401822 0.0463768 0.0450892 0.2827754 0.0494364 0.0469189 0.0313351 0.2309366 0.7211461 0.6725500 0.0414944 0.0466431 0.4505954 0.0427725 0.1451656 0.0784503 0.4829189 
Perityle_ambrosiifolia_67_green            0.6187283 0.1407870 0.5449290 0.4836246 0.5465678 0.2865498 0.3201302 0.3595851 0.5544406 0.6594942 0.5769258 0.6113458 0.0000000 0.4039614 0.5668514 0.5675654 0.3694731 0.4894742 0.5692967 0.4744066 0.5007129 0.0401455 0.6475386 0.5699443 0.5781010 0.6362029 0.6128845 0.5097153 0.3783562 0.1988511 0.5703207 0.3094246 0.5666544 0.5825494 0.5527741 0.5585245 0.5675733 0.6054935 0.4322574 0.6568989 0.5954080 0.5126532 0.4137282 0.4336712 0.6461655 0.6050899 0.4325987 0.5722729 0.2382777 0.3886490 0.5615160 0.5722562 0.5333597 0.5334620 0.5676462 0.4111067 0.2680784 0.5585016 0.6361212 0.5295703 0.1356060 0.5534619 0.3153241 0.6001985 0.6048983 0.5848683 0.5233609 0.3214836 0.0181828 0.5556124 0.6442769 0.5015306 0.5611658 0.4713490 0.5946005 0.1189659 0.6189839 0.6071912 0.5638835 0.6066080 0.1572343 0.5908585 0.6907092 0.5370218 0.1598876 
Perityle_angustifolia_13_Eagle_creek       0.0772104 0.2764438 0.0797115 0.4438136 0.0669672 0.0614994 0.4359424 0.1182867 0.0744690 0.0814945 0.5026411 0.0396816 0.4039614 0.0000000 0.0633923 0.0195267 0.0590542 0.0578660 0.0372193 0.0245878 0.0475184 0.3340083 0.0374194 0.0270117 0.0372698 0.0447750 0.4798493 0.0566973 0.1088550 0.2868427 0.0477740 0.4253220 0.0744690 0.0559067 0.0476175 0.5087240 0.0195498 0.0868173 0.4824359 0.0533166 0.0449172 0.5363328 0.0569725 0.5406482 0.0838873 0.4732744 0.4909977 0.0373516 0.2860689 0.0588448 0.0435884 0.0246329 0.0448912 0.0692438 0.0745993 0.0748533 0.3953200 0.0371719 0.0372206 0.0956149 0.3770125 0.5376934 0.0405347 0.0585466 0.0566973 0.0501146 0.5337053 0.5777088 0.2325727 0.0146770 0.0481148 0.0767953 0.0475761 0.0347021 0.0296199 0.2303089 0.5335649 0.5026788 0.0474515 0.0558874 0.4073813 0.0446747 0.1018508 0.0451593 0.3606122 
Perityle_batopilensis_97                   0.0865039 0.2613342 0.1083294 0.4317920 0.0774721 0.0728705 0.5778603 0.1108099 0.0918202 0.1036701 0.6116325 0.0787662 0.5668514 0.0633923 0.0000000 0.0589781 0.0586611 0.0878648 0.0556460 0.0734093 0.0719225 0.3279303 0.0746216 0.0523822 0.0667496 0.0664116 0.5483274 0.0707505 0.1102313 0.2701538 0.0744772 0.3330258 0.0914930 0.0849995 0.0554082 0.6334260 0.0713603 0.0866354 0.6382158 0.0736330 0.0697462 0.6687365 0.0665621 0.5833758 0.0876583 0.5251438 0.4638438 0.0602600 0.2710853 0.0899495 0.0852510 0.0823399 0.0653085 0.1009755 0.0700504 0.0632622 0.5229900 0.0763184 0.0638684 0.1263173 0.3737018 0.5503554 0.0459657 0.0861820 0.0795442 0.0720881 0.5428024 0.4470651 0.2324089 0.0688837 0.0655363 0.2951548 0.0700822 0.0540907 0.0818477 0.2124090 0.7121275 0.6919420 0.0649720 0.0902330 0.4375932 0.0735738 0.1269413 0.0689407 0.4564607 
Perityle_bisetosa_9                        0.0692433 0.2538612 0.0684535 0.3949945 0.0419093 0.0560098 0.5216601 0.0999018 0.0686801 0.0669554 0.5865666 0.0401777 0.5675654 0.0195267 0.0589781 0.0000000 0.0562587 0.0584706 0.0252219 0.0138858 0.0433385 0.3286728 0.0326653 0.0235065 0.0286523 0.0299957 0.4948863 0.0500135 0.0954509 0.2615513 0.0507515 0.3333086 0.0684105 0.0444656 0.0364348 0.5293549 0.0222865 0.0877985 0.5438200 0.0483465 0.0402872 0.5500806 0.0484977 0.5028453 0.0876351 0.4802143 0.4395336 0.0287102 0.2696631 0.0609468 0.0330606 0.0335015 0.0340986 0.0493316 0.0574251 0.0608289 0.4941398 0.0254764 0.0293255 0.0798349 0.3754808 0.5100553 0.0281908 0.0484372 0.0515882 0.0351780 0.5274525 0.4404935 0.2325727 0.0185658 0.0418738 0.2162294 0.0409632 0.0402459 0.0325992 0.2177140 0.6653762 0.6492895 0.0260596 0.0498445 0.4210137 0.0287093 0.0922717 0.0556727 0.4558675 
Perityle_californica_76_positas            0.0902629 0.2489127 0.0895525 0.3430841 0.0643789 0.0728760 0.4825030 0.1047727 0.0872859 0.1032823 0.4427173 0.0713246 0.3694731 0.0590542 0.0586611 0.0562587 0.0000000 0.0694269 0.0542409 0.0620098 0.0703444 0.2911218 0.0718908 0.0638218 0.0636654 0.0487136 0.3821464 0.0631334 0.1010430 0.2489673 0.0395565 0.2629729 0.0879688 0.0685577 0.0637733 0.4093099 0.0618154 0.0891613 0.5062428 0.0662078 0.0695287 0.4217117 0.0703846 0.4272951 0.0870414 0.3836031 0.3969466 0.0638893 0.2675742 0.0827134 0.0707263 0.0580464 0.0506187 0.0821899 0.0719498 0.0651537 0.3399847 0.0606356 0.0618532 0.0966741 0.3248052 0.4269164 0.0456962 0.0737229 0.0612381 0.0637251 0.4498527 0.3434741 0.2051650 0.0639401 0.0624141 0.2663338 0.0684270 0.0492648 0.0637503 0.1989499 0.5271436 0.4896190 0.0562292 0.0737905 0.3522526 0.0673612 0.0919655 0.0576739 0.3072373 
Perityle_canescens_77                      0.0934739 0.2539549 0.1076909 0.3843204 0.0752149 0.0599780 0.5659988 0.1181122 0.0768052 0.1158226 0.4964216 0.0859370 0.4894742 0.0578660 0.0878648 0.0584706 0.0694269 0.0000000 0.0578656 0.0688012 0.0853280 0.3283995 0.0864805 0.0640144 0.0810259 0.0730217 0.4243218 0.0809701 0.1145676 0.2678865 0.0872185 0.3026058 0.0773334 0.0907321 0.0614494 0.4931769 0.0844414 0.0982843 0.5793344 0.0814992 0.0826329 0.5163754 0.0681535 0.5213536 0.0964920 0.4324787 0.4437057 0.0600414 0.2782114 0.1080811 0.0824612 0.0732335 0.0764125 0.1012639 0.0860926 0.0650440 0.4657245 0.0770714 0.0563752 0.1214082 0.3680172 0.4940318 0.0367612 0.0961878 0.0758639 0.0826628 0.4934061 0.4294220 0.2319821 0.0797824 0.0798665 0.2311677 0.0820813 0.0532698 0.0827385 0.2241246 0.5813740 0.5622237 0.0565894 0.0930931 0.4379262 0.0810299 0.1045198 0.0857923 0.4366341 
Perityle_castillonii_96                    0.0754104 0.2538612 0.0713507 0.3934205 0.0503026 0.0558704 0.5083531 0.0942030 0.0732651 0.0800151 0.5755503 0.0456485 0.5692967 0.0372193 0.0556460 0.0252219 0.0542409 0.0578656 0.0000000 0.0254007 0.0407982 0.3222894 0.0361328 0.0265465 0.0282981 0.0291429 0.4880157 0.0492572 0.0896688 0.2615513 0.0554230 0.3400516 0.0745906 0.0547656 0.0285236 0.5102908 0.0346165 0.0921849 0.5268274 0.0459192 0.0400482 0.5382486 0.0440087 0.5040432 0.0936217 0.4733663 0.4363202 0.0356973 0.2705596 0.0554025 0.0380381 0.0402387 0.0320876 0.0549884 0.0598275 0.0541060 0.4815068 0.0288601 0.0350564 0.0730601 0.3632662 0.5157066 0.0252255 0.0502180 0.0535399 0.0318947 0.5323344 0.4453061 0.2325727 0.0292842 0.0389602 0.2179982 0.0390848 0.0233545 0.0402130 0.2177140 0.6449965 0.6316500 0.0316264 0.0487987 0.4200750 0.0319328 0.0967920 0.0594107 0.4621198 
Perityle_cernua_84                         0.0865273 0.2535770 0.1162232 0.3715715 0.0455526 0.0600927 0.5342079 0.1025609 0.0699505 0.0751462 0.5081075 0.0466936 0.4744066 0.0245878 0.0734093 0.0138858 0.0620098 0.0688012 0.0254007 0.0000000 0.0322515 0.3290428 0.0229133 0.0140254 0.0250337 0.0293081 0.4291367 0.0585657 0.1039265 0.2675813 0.0704849 0.2967876 0.0704336 0.0494077 0.0372751 0.5393207 0.0134810 0.1091905 0.6289015 0.0414180 0.0345556 0.5685249 0.0464503 0.5258217 0.1076060 0.4236604 0.4422448 0.0415312 0.2708914 0.0537770 0.0297543 0.0280902 0.0305245 0.0629707 0.0796111 0.0653151 0.4584777 0.0350384 0.0409764 0.0837303 0.3774224 0.4868302 0.0311213 0.0522476 0.0637313 0.0293124 0.4902304 0.3820207 0.2325727 0.0104922 0.0361532 0.2874352 0.0270000 0.0276017 0.0594892 0.2238557 0.5881417 0.5668160 0.0398835 0.0526995 0.4387767 0.0397800 0.1150165 0.0827284 0.4194044 
Perityle_cfvillosa_25_tin                  0.0988421 0.2713900 0.0993387 0.3729407 0.0540187 0.0650307 0.5500364 0.1120098 0.0880432 0.0921160 0.5182487 0.0548925 0.5007129 0.0475184 0.0719225 0.0433385 0.0703444 0.0853280 0.0407982 0.0322515 0.0000000 0.3402934 0.0402651 0.0372735 0.0341496 0.0414878 0.4340397 0.0637653 0.1112436 0.2810495 0.0793855 0.2885848 0.0886400 0.0633729 0.0466865 0.4861093 0.0401027 0.0934224 0.5776970 0.0522961 0.0458685 0.5075566 0.0537591 0.5124805 0.0933155 0.4279134 0.4367971 0.0384704 0.2646923 0.0522627 0.0453201 0.0328907 0.0416043 0.0771584 0.0812765 0.0662879 0.4690400 0.0326590 0.0377961 0.0885374 0.3799910 0.4885395 0.0316942 0.0660637 0.0636278 0.0400377 0.4985093 0.3975899 0.2394882 0.0372289 0.0493186 0.2491466 0.0041782 0.0242518 0.0553970 0.2373581 0.5988236 0.5758551 0.0524446 0.0615761 0.4257731 0.0466587 0.1186093 0.0808820 0.4410367 
Perityle_cinerea_113_Powell1310            0.3306073 0.1178880 0.3241688 0.2539447 0.3207170 0.2544797 0.1842354 0.3045714 0.3306073 0.3297481 0.2290150 0.3469971 0.0401455 0.3340083 0.3279303 0.3286728 0.2911218 0.3283995 0.3222894 0.3290428 0.3402934 0.0000000 0.3411649 0.3458297 0.3279334 0.3212456 0.2482273 0.3546201 0.3186961 0.2009970 0.3235817 0.1451396 0.3306073 0.3474383 0.3335704 0.1995983 0.3215697 0.3483091 0.2158091 0.3343503 0.3335930 0.1897620 0.3035588 0.1941521 0.3472804 0.2246060 0.2252122 0.3218945 0.0899467 0.2527360 0.3340689 0.3292112 0.3152565 0.3370179 0.3355555 0.3288456 0.1215361 0.3366446 0.3222894 0.3469060 0.1061739 0.2683849 0.2424557 0.3384993 0.3483883 0.3096746 0.2484177 0.2186349 0.0047442 0.3215697 0.3406901 0.3208434 0.3341775 0.3279334 0.3290481 0.0940806 0.2484177 0.2377162 0.3366637 0.3530886 0.1394831 0.3335930 0.3676227 0.3507607 0.1255198 
Perityle_coahuilensis_24                   0.1056914 0.2775992 0.1050913 0.4127812 0.0526723 0.0731780 0.5565639 0.1108137 0.0848796 0.0987547 0.6209475 0.0503086 0.6475386 0.0374194 0.0746216 0.0326653 0.0718908 0.0864805 0.0361328 0.0229133 0.0402651 0.3411649 0.0000000 0.0264047 0.0297800 0.0623285 0.5626863 0.0699777 0.1038403 0.2881840 0.0769110 0.3800657 0.0845799 0.0713336 0.0442308 0.6418977 0.0284946 0.1316013 0.6558588 0.0434916 0.0380211 0.6872376 0.0531258 0.5710315 0.1658856 0.5718322 0.4496892 0.0494526 0.2804509 0.0607543 0.0514903 0.0645314 0.0347614 0.0702608 0.0877422 0.0698589 0.5397710 0.0463147 0.0602201 0.0891093 0.3841617 0.5390496 0.0458271 0.1214665 0.0901268 0.0555682 0.5472991 0.4797601 0.2473643 0.0269137 0.0709782 0.2983038 0.0426250 0.0380023 0.0638882 0.2376274 0.7433360 0.7220103 0.0488402 0.0565198 0.4448851 0.0498892 0.1784196 0.1068531 0.4742158 
Perityle_cochisensis_44_cave_creek         0.0790329 0.2761705 0.0763520 0.3986257 0.0482742 0.0682213 0.5421773 0.1103608 0.0774292 0.0792485 0.5716808 0.0478298 0.5699443 0.0270117 0.0523822 0.0235065 0.0638218 0.0640144 0.0265465 0.0140254 0.0372735 0.3458297 0.0264047 0.0000000 0.0305270 0.0276818 0.4789054 0.0588742 0.1064981 0.2865259 0.0610713 0.3298572 0.0778342 0.0543502 0.0363382 0.5126557 0.0220634 0.0888465 0.5556242 0.0393968 0.0348222 0.5442637 0.0485514 0.5338013 0.0871883 0.4666759 0.4521950 0.0438288 0.2787004 0.0594395 0.0412689 0.0407048 0.0321821 0.0718020 0.0730371 0.0696014 0.5051111 0.0418071 0.0448833 0.0903529 0.3913969 0.5362990 0.0397630 0.0555050 0.0591449 0.0333822 0.5490317 0.4423463 0.2461129 0.0179239 0.0365311 0.2250932 0.0323398 0.0287406 0.0435567 0.2365029 0.6512747 0.6352862 0.0437778 0.0555001 0.4497766 0.0448594 0.0967214 0.0576412 0.4672269 
Perityle_congesta_202                      0.0880208 0.2592563 0.0908042 0.3954875 0.0514230 0.0641805 0.5240203 0.0995088 0.0812156 0.0751485 0.5871407 0.0454920 0.5781010 0.0372698 0.0667496 0.0286523 0.0636654 0.0810259 0.0282981 0.0250337 0.0341496 0.3279334 0.0297800 0.0305270 0.0000000 0.0341382 0.5266283 0.0662467 0.0979357 0.2675813 0.0679656 0.3407581 0.0793046 0.0483297 0.0408145 0.5888955 0.0344999 0.0947358 0.6002123 0.0445130 0.0364113 0.6076068 0.0461354 0.5603396 0.0958159 0.4923954 0.4450965 0.0377244 0.2855534 0.0556312 0.0344415 0.0376424 0.0370952 0.0649694 0.0854425 0.0649613 0.5097657 0.0372214 0.0371780 0.0836940 0.3741435 0.5333558 0.0367463 0.0563228 0.0650315 0.0330279 0.5387319 0.4542008 0.2325727 0.0312468 0.0377238 0.2414934 0.0321440 0.0135380 0.0514873 0.2238557 0.6916326 0.6654773 0.0400472 0.0517720 0.4381367 0.0328986 0.1154716 0.0713562 0.4555217 
Perityle_cordifolia_27                     0.0970477 0.2592184 0.0985724 0.4032995 0.0466906 0.0515379 0.5522923 0.0991528 0.0796027 0.0977787 0.6064423 0.0458700 0.6362029 0.0447750 0.0664116 0.0299957 0.0487136 0.0730217 0.0291429 0.0293081 0.0414878 0.3212456 0.0623285 0.0276818 0.0341382 0.0000000 0.5481367 0.0582805 0.0868333 0.2671277 0.0614771 0.3522300 0.0793239 0.0540856 0.0331256 0.6301304 0.0362525 0.1165823 0.6558829 0.0529362 0.0388620 0.6665734 0.0439440 0.5613819 0.1387769 0.5552447 0.4344368 0.0401346 0.2732772 0.0558022 0.0469473 0.0443599 0.0165299 0.0644097 0.0755794 0.0562056 0.5235248 0.0421584 0.0555912 0.0791901 0.3565963 0.5302432 0.0055237 0.0604210 0.0646008 0.0219285 0.5326065 0.4441741 0.2185252 0.0323259 0.0428473 0.2929501 0.0348979 0.0331088 0.0593738 0.2108620 0.7200780 0.6980855 0.0386021 0.0529920 0.4250086 0.0438570 0.1705536 0.0904994 0.4397415 
Perityle_cordifolia_68_tecolote            0.5775893 0.0551555 0.5215804 0.2702119 0.5016089 0.3053265 0.3041220 0.4411322 0.4865655 0.5507855 0.1012299 0.5499940 0.6128845 0.4798493 0.5483274 0.4948863 0.3821464 0.4243218 0.4880157 0.4291367 0.4340397 0.2482273 0.5626863 0.4789054 0.5266283 0.5481367 0.0000000 0.4302308 0.4322070 0.1356386 0.5301140 0.5084895 0.4912095 0.5112656 0.4687858 0.1528417 0.5170181 0.5702284 0.1454547 0.5640522 0.5578409 0.1160696 0.3491663 0.1041915 0.5730525 0.0918810 0.0731709 0.5201252 0.0431975 0.3041551 0.5038966 0.4745899 0.5188156 0.4420568 0.4637006 0.3837906 0.4549353 0.4513455 0.5436567 0.4622319 0.2959629 0.0984583 0.3154735 0.5560930 0.5208622 0.5264319 0.0996441 0.5545892 0.1292265 0.5163712 0.5640213 0.6607378 0.4780652 0.5189761 0.5462476 0.0474194 0.1327885 0.1182131 0.4697229 0.5508804 0.3747101 0.5353056 0.5744743 0.5055464 0.3704163 
Perityle_coronopifolia_28_patagonia        0.0831503 0.2497464 0.0892189 0.3985393 0.0600668 0.0483236 0.5740503 0.1155817 0.0748921 0.0956605 0.5077326 0.0629782 0.5097153 0.0566973 0.0707505 0.0500135 0.0631334 0.0809701 0.0492572 0.0585657 0.0637653 0.3546201 0.0699777 0.0588742 0.0662467 0.0582805 0.4302308 0.0000000 0.1123563 0.2628487 0.0724867 0.2774679 0.0754189 0.0716318 0.0649543 0.4857355 0.0680653 0.0842782 0.5889288 0.0647982 0.0661604 0.5088632 0.0608400 0.5139350 0.0825109 0.4343038 0.4462094 0.0527503 0.2822121 0.0646027 0.0641537 0.0504962 0.0615317 0.0777512 0.0615954 0.0541596 0.4663726 0.0524544 0.0524165 0.0947904 0.3991679 0.5027985 0.0348625 0.0696441 0.0088042 0.0646161 0.4927377 0.4061278 0.2385498 0.0633650 0.0616167 0.2523440 0.0605491 0.0573328 0.0582189 0.2238855 0.5842321 0.5444001 0.0563699 0.0734320 0.4586752 0.0565665 0.1045324 0.0799083 0.4593645 
Perityle_crassifolia_70_ventanas           0.1280923 0.2721237 0.1154882 0.4180160 0.1074499 0.1211138 0.4531171 0.1418484 0.1251279 0.1498465 0.4417079 0.1006709 0.3783562 0.1088550 0.1102313 0.0954509 0.1010430 0.1145676 0.0896688 0.1039265 0.1112436 0.3186961 0.1038403 0.1064981 0.0979357 0.0868333 0.4322070 0.1123563 0.0000000 0.2819860 0.0957368 0.3895485 0.1251279 0.1185885 0.1009279 0.4673451 0.1036288 0.1217060 0.4601630 0.1102297 0.0925615 0.4675374 0.1201859 0.4813705 0.1185639 0.4075600 0.4327692 0.0977192 0.3396147 0.1205137 0.1000756 0.0896349 0.0816953 0.1285587 0.1074704 0.1072091 0.3269446 0.0943076 0.0999657 0.1339469 0.3449155 0.4366805 0.0893848 0.1179347 0.1037718 0.0927248 0.4557158 0.4793010 0.2625023 0.1067784 0.1046998 0.2007655 0.1055320 0.0967482 0.0870659 0.2452132 0.5038822 0.4810961 0.1033533 0.1183644 0.3849150 0.1030924 0.0169150 0.1069865 0.3266564 
Perityle_crassifolia_74_playa_balandra     0.2484890 0.1089937 0.2419296 0.2352825 0.2646193 0.2658679 0.1658530 0.2348871 0.2484890 0.2627442 0.1438397 0.2746927 0.1988511 0.2868427 0.2701538 0.2615513 0.2489673 0.2678865 0.2615513 0.2675813 0.2810495 0.2009970 0.2881840 0.2865259 0.2675813 0.2671277 0.1356386 0.2628487 0.2819860 0.0000000 0.2563235 0.1842793 0.2484890 0.2852026 0.2672142 0.1501792 0.2672423 0.3105749 0.1328108 0.2667975 0.2824463 0.1369253 0.2736739 0.1368649 0.3095725 0.1231284 0.1195870 0.2609379 0.1139082 0.2748227 0.2678086 0.2628564 0.2669507 0.2726648 0.2693376 0.2582110 0.1937283 0.2738482 0.2549434 0.3077418 0.1942492 0.1715318 0.2738867 0.2648623 0.2625162 0.2609379 0.1537555 0.2964507 0.1458167 0.2736294 0.2733140 0.2536870 0.2745942 0.2675813 0.2612223 0.0945874 0.1537555 0.1373065 0.2695312 0.2728258 0.2210825 0.2669507 0.3024130 0.2917101 0.1958836 
Perityle_cuneata_34_cuneata_San_antonio    0.0874724 0.2546941 0.0974110 0.4124628 0.0616690 0.0727209 0.5455439 0.1022901 0.0812560 0.0905639 0.5943603 0.0754677 0.5703207 0.0477740 0.0744772 0.0507515 0.0395565 0.0872185 0.0554230 0.0704849 0.0793855 0.3235817 0.0769110 0.0610713 0.0679656 0.0614771 0.5301140 0.0724867 0.0957368 0.2563235 0.0000000 0.3432115 0.0793437 0.0728707 0.0617102 0.6138239 0.0735899 0.1073214 0.6103423 0.0793871 0.0765727 0.6320472 0.0638981 0.5453346 0.1082933 0.4975634 0.4367154 0.0546310 0.2703169 0.0966028 0.0753256 0.0746087 0.0653410 0.0812078 0.0783266 0.0652916 0.5317034 0.0692150 0.0550858 0.1059772 0.3706532 0.5342141 0.0457001 0.0780110 0.0776887 0.0739184 0.5313484 0.4449424 0.2267670 0.0734536 0.0713893 0.2723912 0.0770092 0.0565952 0.0757983 0.2185210 0.7092130 0.6660436 0.0501943 0.0840634 0.4221335 0.0664454 0.1263182 0.0648005 0.4641513 
Perityle_cuneata_4                         0.3545539 0.2640607 0.3167226 0.3725141 0.3074651 0.3932976 0.4517873 0.3376277 0.3339612 0.3638085 0.5438358 0.3698045 0.3094246 0.4253220 0.3330258 0.3333086 0.2629729 0.3026058 0.3400516 0.2967876 0.2885848 0.1451396 0.3800657 0.3298572 0.3407581 0.3522300 0.5084895 0.2774679 0.3895485 0.1842793 0.3432115 0.0000000 0.3460503 0.3017735 0.3579769 0.5178837 0.3341385 0.3564689 0.5804210 0.3851097 0.3635652 0.4777906 0.2959481 0.3857446 0.3685924 0.4924966 0.4079954 0.3505558 0.2639677 0.2715698 0.3178513 0.3318729 0.3108678 0.2817239 0.3079075 0.3079383 0.3718333 0.3043954 0.4054426 0.3249832 0.2037138 0.4816972 0.3330357 0.3662258 0.3339296 0.3458450 0.4595508 0.1938111 0.0817445 0.3335289 0.3693467 0.6595046 0.3252173 0.4465688 0.3818833 0.1856441 0.5971121 0.5503247 0.3394689 0.3765534 0.2038139 0.3647798 0.4265540 0.3067434 0.2339087 
Perityle_discoidea_81                      0.0028542 0.2441390 0.0683170 0.3836249 0.0785100 0.0990563 0.5314088 0.1169258 0.0028788 0.1113548 0.5698061 0.0763920 0.5666544 0.0744690 0.0914930 0.0684105 0.0879688 0.0773334 0.0745906 0.0704336 0.0886400 0.3306073 0.0845799 0.0778342 0.0793046 0.0793239 0.4912095 0.0754189 0.1251279 0.2484890 0.0793437 0.3460503 0.0000000 0.0880851 0.0810587 0.5098501 0.0827948 0.1055542 0.5261345 0.0917087 0.0827333 0.5386661 0.0856859 0.5202601 0.1054332 0.4782123 0.4248456 0.0738173 0.2817696 0.0834103 0.0793456 0.0669473 0.0843666 0.0943417 0.0853653 0.0860726 0.5063603 0.0725704 0.0752132 0.1019798 0.3766587 0.5139291 0.0707872 0.0819047 0.0791546 0.0875233 0.5404795 0.4791045 0.2192312 0.0781828 0.0850912 0.2235355 0.0863094 0.0907442 0.0700561 0.2182672 0.6514587 0.6299019 0.0715616 0.0802614 0.4161845 0.0762173 0.1150857 0.0745847 0.4871097 
Perityle_dissecta_201                      0.0919921 0.2699122 0.1075976 0.4130898 0.0530480 0.0756084 0.5468131 0.1130488 0.0901369 0.0774221 0.5993892 0.0543543 0.5825494 0.0559067 0.0849995 0.0444656 0.0685577 0.0907321 0.0547656 0.0494077 0.0633729 0.3474383 0.0713336 0.0543502 0.0483297 0.0540856 0.5112656 0.0716318 0.1185885 0.2852026 0.0728707 0.3017735 0.0880851 0.0000000 0.0694066 0.6285828 0.0559892 0.1289411 0.6733135 0.0564592 0.0509282 0.6768507 0.0577113 0.5674751 0.1339871 0.4943213 0.4431241 0.0541376 0.2662973 0.0581139 0.0511913 0.0505152 0.0582213 0.0396843 0.0838426 0.0796663 0.5045696 0.0560317 0.0540597 0.0886470 0.3978732 0.5201019 0.0649045 0.0435492 0.0695830 0.0508644 0.5428290 0.4416868 0.2547724 0.0535079 0.0456738 0.3042384 0.0518317 0.0569856 0.0654377 0.2360051 0.6997643 0.6705055 0.0432386 0.0570157 0.4699675 0.0520143 0.1181941 0.0945550 0.4887801 
Perityle_emoryi_47_punta_san_jose          0.0806251 0.2600042 0.0767116 0.3783132 0.0574546 0.0768748 0.5102803 0.0920490 0.0806284 0.0963200 0.5433940 0.0519587 0.5527741 0.0476175 0.0554082 0.0364348 0.0637733 0.0614494 0.0285236 0.0372751 0.0466865 0.3335704 0.0442308 0.0363382 0.0408145 0.0331256 0.4687858 0.0649543 0.1009279 0.2672142 0.0617102 0.3579769 0.0810587 0.0694066 0.0000000 0.4863280 0.0425576 0.0898332 0.5471564 0.0427721 0.0393723 0.5170009 0.0582867 0.5195076 0.0879951 0.4477629 0.4323406 0.0464733 0.2848275 0.0624966 0.0578109 0.0505657 0.0363176 0.0720898 0.0684075 0.0695321 0.4931719 0.0416031 0.0447659 0.0895870 0.3748293 0.4959050 0.0396292 0.0651436 0.0661034 0.0331848 0.5272956 0.4594026 0.2532453 0.0410993 0.0396560 0.2027800 0.0414434 0.0354488 0.0472982 0.2369264 0.6296402 0.6071077 0.0457050 0.0602672 0.4197291 0.0503356 0.0952462 0.0663107 0.4623545 
Perityle_feddemae_99                       0.6092846 0.0982758 0.6044142 0.2875564 0.5792589 0.3033617 0.3562718 0.4425035 0.5051197 0.6309213 0.1477976 0.6012055 0.5585245 0.5087240 0.6334260 0.5293549 0.4093099 0.4931769 0.5102908 0.5393207 0.4861093 0.1995983 0.6418977 0.5126557 0.5888955 0.6301304 0.1528417 0.4857355 0.4673451 0.1501792 0.6138239 0.5178837 0.5098501 0.6285828 0.4863280 0.0000000 0.5833704 0.6614430 0.3101522 0.6265731 0.6419824 0.0355229 0.3588433 0.0163047 0.6598311 0.1257657 0.1110844 0.5454553 0.0111445 0.3605153 0.5995856 0.5982334 0.5885211 0.5048635 0.5249743 0.4043508 0.4172107 0.5220276 0.5569147 0.5162654 0.2374512 0.1312129 0.3259942 0.6380781 0.6196629 0.6304860 0.1352872 0.5893539 0.1307531 0.5919598 0.6440408 0.7819583 0.5842147 0.5518488 0.5834068 0.0758303 0.1820474 0.1431015 0.4979188 0.6021484 0.3613715 0.5635854 0.6284791 0.6250152 0.3346132 
Perityle_fosteri_93                        0.0919354 0.2589642 0.0987724 0.3958262 0.0528777 0.0726382 0.5275264 0.1050766 0.0814819 0.0785340 0.5846875 0.0510023 0.5675733 0.0195498 0.0713603 0.0222865 0.0618154 0.0844414 0.0346165 0.0134810 0.0401027 0.3215697 0.0284946 0.0220634 0.0344999 0.0362525 0.5170181 0.0680653 0.1036288 0.2672423 0.0735899 0.3341385 0.0827948 0.0559892 0.0425576 0.5833704 0.0000000 0.1071657 0.5997430 0.0490259 0.0385212 0.6065659 0.0506736 0.5561213 0.1082345 0.4903412 0.4400480 0.0501418 0.2739176 0.0582180 0.0431826 0.0430116 0.0380896 0.0736058 0.0873778 0.0717278 0.5127823 0.0488020 0.0512008 0.1032448 0.3743398 0.5236747 0.0397075 0.0620226 0.0671844 0.0374099 0.5346620 0.4483913 0.2325727 0.0097208 0.0410725 0.2700981 0.0340313 0.0378549 0.0648112 0.2238557 0.6836119 0.6496570 0.0501096 0.0586458 0.4391125 0.0506983 0.1202169 0.0814072 0.4516932 
Perityle_gamon_221                         0.1078240 0.2956421 0.1378530 0.4201448 0.1006485 0.1034896 0.5767168 0.1328499 0.1058573 0.1179441 0.6509817 0.1059735 0.6054935 0.0868173 0.0866354 0.0877985 0.0891613 0.0982843 0.0921849 0.1091905 0.0934224 0.3483091 0.1316013 0.0888465 0.0947358 0.1165823 0.5702284 0.0842782 0.1217060 0.3105749 0.1073214 0.3564689 0.1055542 0.1289411 0.0898332 0.6614430 0.1071657 0.0000000 0.6731338 0.1056411 0.1196193 0.6807198 0.0814287 0.5773035 0.0047134 0.5504302 0.4674831 0.0863047 0.3008902 0.1012276 0.1301771 0.1215199 0.0934618 0.1130445 0.0796730 0.0686132 0.5682384 0.0959522 0.0878666 0.1233411 0.3940096 0.5334707 0.0770458 0.1248189 0.1129147 0.1213842 0.5670567 0.4414951 0.2556035 0.1076820 0.1133419 0.3135318 0.1145392 0.0851539 0.1086433 0.2595743 0.7705882 0.7029754 0.0909652 0.1150559 0.4477679 0.0964805 0.1525974 0.0952414 0.4907136 
Perityle_gentryi_8_san_francisco           0.5863496 0.0553768 0.6350690 0.3341509 0.6110031 0.3066345 0.3681123 0.4770555 0.5279156 0.6347942 0.1080090 0.6231815 0.4322574 0.4824359 0.6382158 0.5438200 0.5062428 0.5793344 0.5268274 0.6289015 0.5776970 0.2158091 0.6558588 0.5556242 0.6002123 0.6558829 0.1454547 0.5889288 0.4601630 0.1328108 0.6103423 0.5804210 0.5261345 0.6733135 0.5471564 0.3101522 0.5997430 0.6731338 0.0000000 0.6307440 0.6517868 0.3389366 0.4772571 0.2370461 0.6798423 0.1497229 0.1496621 0.5351955 0.1512138 0.5004487 0.6375357 0.6504133 0.6036493 0.6285870 0.5797520 0.4905903 0.3680469 0.6025622 0.5279374 0.5996788 0.2694655 0.2112866 0.3667117 0.6563304 0.6584292 0.6461755 0.1513232 0.6562740 0.1090811 0.6092166 0.6679349 0.8150994 0.6520101 0.5023838 0.6010140 0.0405673 0.1316223 0.1026271 0.5335536 0.6235472 0.3275385 0.5490236 0.6382098 0.6596197 0.3187871 
Perityle_gilensis_22_Superstition          0.1045502 0.2776091 0.1025135 0.4241991 0.0572738 0.0651802 0.5604354 0.1110147 0.0903397 0.1064674 0.6293904 0.0503311 0.6568989 0.0533166 0.0736330 0.0483465 0.0662078 0.0814992 0.0459192 0.0414180 0.0522961 0.3343503 0.0434916 0.0393968 0.0445130 0.0529362 0.5640522 0.0647982 0.1102297 0.2667975 0.0793871 0.3851097 0.0917087 0.0564592 0.0427721 0.6265731 0.0490259 0.1056411 0.6307440 0.0000000 0.0339859 0.6570959 0.0101931 0.5680509 0.1201020 0.5657462 0.4602457 0.0575660 0.2779955 0.0206652 0.0511345 0.0571196 0.0441463 0.0741372 0.0757262 0.0724315 0.5250841 0.0585465 0.0619769 0.0888502 0.3941756 0.5420950 0.0403014 0.0431937 0.0748529 0.0425053 0.5452558 0.4583850 0.2470647 0.0470802 0.0189283 0.2836702 0.0460093 0.0357639 0.0608288 0.2444839 0.7434008 0.7211492 0.0578101 0.0420064 0.4570860 0.0570712 0.1797746 0.0889483 0.4752166 
Perityle_gilensis_salensis_225             0.0983427 0.2619795 0.1023876 0.4109212 0.0512586 0.0684359 0.5416270 0.1153385 0.0830253 0.0816326 0.6083929 0.0345814 0.5954080 0.0449172 0.0697462 0.0402872 0.0695287 0.0826329 0.0400482 0.0345556 0.0458685 0.3335930 0.0380211 0.0348222 0.0364113 0.0388620 0.5578409 0.0661604 0.0925615 0.2824463 0.0765727 0.3635652 0.0827333 0.0509282 0.0393723 0.6419824 0.0385212 0.1196193 0.6517868 0.0339859 0.0000000 0.6600896 0.0377420 0.5717254 0.1202518 0.5264688 0.4510909 0.0492128 0.2882216 0.0491860 0.0491247 0.0479399 0.0357489 0.0711003 0.0783775 0.0625048 0.5324798 0.0473790 0.0495747 0.0949566 0.3842461 0.5450476 0.0339005 0.0479748 0.0694151 0.0390626 0.5497371 0.4496332 0.2386598 0.0367553 0.0254991 0.2933829 0.0375146 0.0332020 0.0445782 0.2277779 0.7338986 0.6880569 0.0515124 0.0497389 0.4434443 0.0508406 0.1375342 0.0986425 0.4663378 
Perityle_glaucescens_94                    0.6169603 0.0945663 0.6387389 0.2723078 0.6114657 0.3033617 0.3428319 0.4536297 0.5339129 0.6469754 0.1155317 0.6178379 0.5126532 0.5363328 0.6687365 0.5500806 0.4217117 0.5163754 0.5382486 0.5685249 0.5075566 0.1897620 0.6872376 0.5442637 0.6076068 0.6665734 0.1160696 0.5088632 0.4675374 0.1369253 0.6320472 0.4777906 0.5386661 0.6768507 0.5170009 0.0355229 0.6065659 0.6807198 0.3389366 0.6570959 0.6600896 0.0000000 0.3638116 0.0063644 0.6968772 0.0955749 0.1043680 0.5513973 0.0044359 0.3689413 0.6449768 0.6456172 0.6102932 0.5476138 0.5562256 0.4187719 0.3804599 0.5422732 0.5528809 0.5514939 0.2278494 0.1262759 0.3315190 0.6687675 0.6561467 0.6669203 0.1265131 0.5895320 0.1248550 0.6232704 0.6798255 0.8453729 0.6305829 0.5798614 0.5905708 0.0617548 0.1439866 0.1126519 0.5266701 0.6178479 0.3553785 0.5589525 0.6396062 0.6658683 0.3248211 
Perityle_gracilis_11                       0.0854696 0.2839179 0.0755210 0.3271310 0.0624185 0.0738351 0.4867853 0.1252379 0.0849336 0.1099489 0.4112167 0.0355205 0.4137282 0.0569725 0.0665621 0.0484977 0.0703846 0.0681535 0.0440087 0.0464503 0.0537591 0.3035588 0.0531258 0.0485514 0.0461354 0.0439440 0.3491663 0.0608400 0.1201859 0.2736739 0.0638981 0.2959481 0.0856859 0.0577113 0.0582867 0.3588433 0.0506736 0.0814287 0.4772571 0.0101931 0.0377420 0.3638116 0.0000000 0.3667954 0.0838084 0.3304740 0.3448744 0.0538020 0.2880950 0.0070328 0.0451573 0.0376723 0.0418563 0.0897006 0.0596887 0.0778619 0.3390336 0.0514060 0.0565178 0.0860924 0.3352141 0.3610443 0.0461260 0.0122274 0.0609101 0.0461071 0.3945648 0.3260952 0.2546169 0.0486558 0.0061074 0.2739478 0.0514670 0.0419404 0.0291173 0.2515829 0.4734014 0.4344271 0.0549205 0.0122312 0.3599748 0.0591024 0.1052981 0.0611665 0.3150487 
Perityle_harkerae_31                       0.5728893 0.0945283 0.5548197 0.2291783 0.5546646 0.3032025 0.3425550 0.4664407 0.5233065 0.5634400 0.1071899 0.5592648 0.4336712 0.5406482 0.5833758 0.5028453 0.4272951 0.5213536 0.5040432 0.5258217 0.5124805 0.1941521 0.5710315 0.5338013 0.5603396 0.5613819 0.1041915 0.5139350 0.4813705 0.1368649 0.5453346 0.3857446 0.5202601 0.5674751 0.5195076 0.0163047 0.5561213 0.5773035 0.2370461 0.5680509 0.5717254 0.0063644 0.3667954 0.0000000 0.5765570 0.0902427 0.1058625 0.4929338 0.0111194 0.3719720 0.5388801 0.5558650 0.5619967 0.5373818 0.5588275 0.4252795 0.3843970 0.5425072 0.4929372 0.5565800 0.2320447 0.1266133 0.3407807 0.5618106 0.5508758 0.5594098 0.1294754 0.5028584 0.1247814 0.5549347 0.5712671 0.8009926 0.5501604 0.5839129 0.5406023 0.0617232 0.1401157 0.1067729 0.5042174 0.5573600 0.3552304 0.5050167 0.5893174 0.5609001 0.3288733 
