84
Amauria_brandeegeana_62                    0.0000000 0.1080503 0.3062339 0.4547456 0.2288902 0.1037598 0.3209342 0.1371861 0.4521143 0.2985318 0.3329970 0.2879085 0.3063577 0.3194829 0.1401804 0.2772924 0.3162988 0.2450672 0.4400517 0.2218440 0.2696064 0.1707640 0.0788093 0.3648549 0.2978553 0.3387994 0.3585904 0.1991342 0.3199921 0.2442216 0.1407116 0.3540955 0.3653590 0.3437948 0.1839931 0.3328603 0.2182877 0.3621992 0.2799908 0.3459617 0.3371101 0.4003759 0.2569319 0.3532485 0.4241158 0.2982851 0.1757144 0.2470858 0.3662401 0.3414563 0.3412901 0.2976797 0.2874565 0.2763038 0.3845749 0.2239382 0.1047642 0.2743278 0.1709779 0.1852340 0.2570438 0.2897304 0.0918789 0.3654007 0.2632187 0.3090656 0.3514780 0.4001677 0.1638446 0.2884115 0.2673750 0.3187375 0.3727698 0.1863628 0.2647464 0.0654462 0.3472003 0.2592493 0.3074753 0.1703309 0.3116264 0.3395064 0.3169327 0.0956314 
Amauria_carterae_99_mesa                   0.1080503 0.0000000 0.1259533 0.1742528 0.0897602 0.0681748 0.1229170 0.1369639 0.1894217 0.0965813 0.0811868 0.1041234 0.1146538 0.0926243 0.0935241 0.1044892 0.1038018 0.0550047 0.0985286 0.1188683 0.0932459 0.0928990 0.1191946 0.0965783 0.1000728 0.1071230 0.1042978 0.1154442 0.0894170 0.2548286 0.0891860 0.0893750 0.0798689 0.1071715 0.0000010 0.0907507 0.0927734 0.0799003 0.0972389 0.1109346 0.0963542 0.0765475 0.1183497 0.0801609 0.0790262 0.1195537 0.1183497 0.1002173 0.0802145 0.0998427 0.1000311 0.0964792 0.1074673 0.0926494 0.1783242 0.1120596 0.1004006 0.0965390 0.0928990 0.0857656 0.0988374 0.0929130 0.1003232 0.0967669 0.0859499 0.1077347 0.0744147 0.0953711 0.1083886 0.1160943 0.1036102 0.0893984 0.1147820 0.0965416 0.1035408 0.0837662 0.0744086 0.0927901 0.1008114 0.0680535 0.0998427 0.1159393 0.0581912 0.1078095 
Amauria_rotundifolia_SRR9119150            0.3062339 0.1259533 0.0000000 0.4066793 0.2296324 0.1233629 0.3187971 0.1179675 0.4810782 0.3195260 0.4434918 0.3174621 0.1539013 0.1550368 0.1701788 0.1472143 0.1273542 0.1931684 0.3951861 0.1281376 0.1262890 0.2145578 0.0900287 0.1888930 0.3268326 0.3684978 0.1819221 0.1667576 0.3912553 0.6047482 0.1730618 0.2666957 0.3598799 0.3447831 0.6486239 0.3401211 0.2339842 0.3341074 0.2314076 0.3501722 0.3322090 0.3576638 0.3013432 0.3238692 0.4496941 0.3106382 0.2074719 0.2771267 0.3610752 0.3476339 0.4162241 0.3150278 0.1537724 0.2903784 1.2710124 0.1132020 0.1017866 0.2888654 0.1973843 0.2209910 0.2804127 0.2689376 0.1151776 0.3572170 0.2996417 0.1232018 0.3313152 0.3561950 0.1630959 0.2969484 0.2879226 0.3383075 0.3710079 0.2136721 0.3345386 0.0890083 0.3319551 0.2887958 0.3228149 0.2107577 0.1371077 0.3072804 0.3035438 0.1106899 
Conoclinium_coelestinum_SRR9119114         0.4547456 0.1742528 0.4066793 0.0000000 0.4568332 0.1935843 0.3548660 0.1307148 0.4651954 0.3957331 0.3889723 0.4222091 0.3718632 0.3999757 0.2710546 0.3980237 0.3810964 0.3610267 0.4046206 0.3503668 0.3718790 0.3048689 0.1650119 0.4133193 0.3994740 0.4147553 0.3763382 0.3103680 0.3814226 0.3532921 0.3121370 0.4336846 0.3780295 0.4030002 0.0000010 0.3760575 0.3430437 0.2765125 0.4331639 0.4095711 0.4219797 0.3676430 0.4026092 0.3622494 0.4399547 0.4047186 0.3092733 0.3975534 0.3620243 0.4184224 0.4057298 0.4200416 0.3779411 0.3591748 1.0676595 0.3276640 0.2601416 0.4167726 0.2956334 0.2702581 0.3290001 0.3347768 0.2189846 0.4254168 0.3825855 0.3823934 0.4140696 0.4035272 0.2221390 0.3849499 0.4083533 0.4025926 0.4203261 0.3075568 0.4152606 0.1528535 0.4259672 0.4123820 0.4074331 0.2562151 0.4037644 0.4402385 0.4279413 0.2143700 
Eutetras_palmeri_63                        0.2288902 0.0897602 0.2296324 0.4568332 0.0000000 0.0154589 0.3020312 0.1312052 0.4101427 0.1281823 0.2380522 0.2934755 0.2125452 0.2057191 0.2343267 0.1999165 0.1957316 0.1786343 0.1652092 0.2208334 0.1887362 0.2998336 0.1067815 0.2054826 0.2697844 0.3126620 0.1885177 0.2591954 0.3318296 0.2361822 0.1052815 0.2063054 0.1703434 0.3161021 0.0000010 0.1907288 0.3030170 0.0971661 0.2425143 0.3006737 0.2933779 0.1672497 0.3287769 0.1808395 0.2389194 0.3312360 0.3195821 0.3045016 0.1777830 0.3038178 0.3052153 0.3060294 0.1880680 0.1856814 0.0000010 0.2121069 0.1717153 0.2991666 0.2865155 0.2346406 0.1859931 0.2900930 0.1385404 0.2989427 0.3640052 0.1992112 0.2741874 0.1727193 0.2041641 0.3309715 0.2976675 0.1437375 0.3210265 0.3035776 0.3127452 0.0822414 0.2925022 0.2902671 0.3106575 0.1549766 0.1927635 0.2231739 0.1657812 0.1604253 
Eutetras_pringlei_149_quer                 0.1037598 0.0681748 0.1233629 0.1935843 0.0154589 0.0000000 0.1077233 0.1052850 0.1913291 0.0576181 0.0727808 0.1003929 0.1031117 0.0970461 0.0911436 0.1214914 0.0999363 0.0658755 0.0676450 0.1205947 0.0905676 0.0873352 0.0929541 0.0935384 0.0936349 0.0999361 0.1005511 0.1173272 0.0770028 0.3189294 0.0575246 0.0801439 0.0553958 0.1033069 0.0000010 0.0673894 0.1034174 0.0575128 0.0873487 0.1070059 0.0934993 0.0543966 0.1134587 0.0576844 0.0641877 0.1147239 0.1132650 0.0939445 0.0577195 0.0965307 0.0966596 0.0935509 0.1003161 0.0970131 0.1783242 0.1244742 0.1038687 0.0903792 0.0873352 0.0937050 0.0902114 0.0800527 0.0937453 0.1005191 0.0770989 0.1072058 0.0556540 0.0648075 0.1348152 0.1109559 0.0967641 0.0575982 0.1067681 0.0942019 0.1033881 0.0598914 0.0590473 0.0870104 0.0940130 0.0706851 0.0933406 0.1109720 0.0488433 0.1072649 
Eutrochium_fistulosum_SRR9119106           0.3209342 0.1229170 0.3187971 0.3548660 0.3020312 0.1077233 0.0000000 0.1006862 0.4001080 0.2762554 0.3419581 0.3114547 0.3317059 0.3158132 0.2268911 0.2732704 0.2889905 0.2625860 0.3329847 0.2536853 0.2772745 0.2826205 0.1205178 0.3125525 0.2580205 0.3178075 0.2871344 0.2742502 0.4023148 0.5382440 0.2122362 0.3396284 0.3074941 0.3126004 0.3144570 0.3100032 0.2640223 0.2332884 0.3083060 0.3215166 0.3138550 0.3028950 0.2833211 0.3047189 0.4216563 0.3134737 0.2663403 0.3102837 0.3322179 0.3207426 0.3705173 0.3214085 0.2780518 0.2626424 0.1100173 0.2483955 0.1622786 0.3212095 0.2553669 0.2560536 0.2675075 0.2883578 0.1376909 0.3066343 0.3520971 0.2438106 0.3428556 0.3387798 0.1805567 0.3157671 0.3018541 0.3006339 0.3128302 0.2767399 0.3082854 0.1110564 0.3403510 0.3059666 0.3325901 0.1889913 0.2954678 0.3016555 0.2966533 0.1249614 
Galeana_pratensis_104_mex                  0.1371861 0.1369639 0.1179675 0.1307148 0.1312052 0.1052850 0.1006862 0.0000000 0.1626003 0.1276999 0.1150905 0.0979159 0.1215378 0.1022815 0.0945833 0.0979299 0.0989969 0.0899400 0.1570053 0.1039628 0.0880661 0.0944228 0.1243509 0.1024270 0.1006732 0.1143333 0.1056681 0.1009448 0.1176956 0.3096447 0.1402087 0.1013316 0.1424931 0.1101395 0.0000010 0.1172735 0.0877675 0.1268470 0.0980622 0.1067765 0.1037093 0.1272737 0.1007727 0.1240050 0.1262058 0.1101464 0.1007727 0.1008992 0.1237787 0.0910625 0.1039642 0.1046774 0.1008333 0.1005919 0.6113163 0.1145247 0.0975965 0.0943651 0.0944228 0.1174428 0.1393177 0.1242755 0.1080534 0.1102302 0.1181683 0.1007551 0.1134058 0.1574433 0.1112662 0.1081129 0.0973492 0.1429629 0.1177231 0.0912452 0.1101145 0.1063608 0.1167882 0.0910625 0.1091316 0.1315444 0.1020468 0.1043321 0.1061652 0.0975847 
Helianthus_annuus_SRR9119062               0.4521143 0.1894217 0.4810782 0.4651954 0.4101427 0.1913291 0.4001080 0.1626003 0.0000000 0.4224374 0.4173378 0.4213565 0.4525826 0.4418931 0.2492760 0.3859139 0.4608764 0.3710990 0.5721835 0.3580003 0.4106648 0.2767132 0.1745774 0.5008353 0.4259842 0.4798005 0.4672639 0.3150597 0.4276624 0.3236970 0.3267874 0.4667091 0.4782734 0.4887797 0.2670395 0.3902217 0.3518103 0.4240655 0.3879185 0.4960949 0.4855399 0.4737309 0.3808326 0.4243351 0.4985792 0.4395411 0.2868191 0.3847031 0.4279311 0.5019236 0.4930468 0.4508729 0.4053379 0.4061259 0.4433529 0.3520183 0.2320731 0.4085974 0.2748822 0.2868284 0.3439726 0.3677162 0.2098259 0.5034138 0.3882362 0.4409511 0.4074150 0.4843681 0.2056490 0.4274160 0.3980060 0.4491754 0.5024065 0.2886864 0.4015997 0.1548765 0.4024111 0.4038774 0.4387228 0.2807048 0.4477520 0.5246416 0.4346436 0.1960583 
Lycapsus_tenuifolius_17                    0.2985318 0.0965813 0.3195260 0.3957331 0.1281823 0.0576181 0.2762554 0.1276999 0.4224374 0.0000000 0.2661199 0.3424549 0.3079483 0.3143370 0.1934734 0.2629320 0.2901479 0.1869241 0.2523736 0.2219905 0.2907540 0.2192111 0.1098497 0.3065179 0.3162855 0.3449240 0.2956588 0.1875828 0.2671864 0.3812164 0.0270303 0.2310060 0.1872867 0.3423142 0.0000010 0.2331256 0.2430996 0.2005802 0.2804532 0.3431281 0.3340265 0.2413712 0.3317436 0.2510965 0.3186806 0.3433882 0.2318369 0.2916765 0.2512909 0.3352362 0.3473786 0.3427942 0.2913339 0.2836508 0.2298912 0.1661061 0.1438314 0.3337960 0.2107980 0.1715363 0.1962413 0.2173892 0.1319052 0.3358502 0.2494200 0.2774087 0.3163301 0.2628021 0.1923901 0.3416175 0.3415887 0.0663668 0.3470329 0.2328513 0.3487621 0.0860851 0.3196389 0.3228496 0.3559472 0.1596369 0.2862370 0.2982124 0.1032247 0.1391977 
Pericome_caudata_50_silver                 0.3329970 0.0811868 0.4434918 0.3889723 0.2380522 0.0727808 0.3419581 0.1150905 0.4173378 0.2661199 0.0000000 0.4392930 0.3653980 0.4392903 0.2353088 0.3558710 0.3228499 0.2434573 0.3021280 0.2726452 0.3256615 0.2613425 0.1272587 0.4282123 0.3309367 0.3975933 0.4357024 0.3507188 0.3279842 0.7674865 0.1739899 0.2680658 0.2496799 0.4285763 0.0000010 0.2395628 0.2730958 0.1823332 0.3674437 0.3656335 0.3921307 0.2317832 0.3153397 0.2464023 0.4138850 0.3636430 0.3385084 0.3536969 0.2980089 0.3846611 0.4516857 0.4009906 0.4163918 0.3145620 0.7712551 0.2651545 0.1627485 0.4022454 0.3284970 0.2994712 0.2402404 0.2216462 0.1603393 0.4139447 0.3592412 0.3628812 0.3337692 0.3348289 0.1618478 0.3956401 0.3913585 0.3030649 0.4244845 0.3517555 0.4151497 0.0920276 0.3139361 0.3453519 0.3724382 0.1754555 0.3735692 0.3332242 0.2850113 0.1457185 
Perityle_aglossa_84_dead_horse             0.2879085 0.1041234 0.3174621 0.4222091 0.2934755 0.1003929 0.3114547 0.0979159 0.4213565 0.3424549 0.4392930 0.0000000 0.2250505 0.2567093 0.0456963 0.2471575 0.2548650 0.2486888 0.3759402 0.1951653 0.2219335 0.0773311 0.0499751 0.2418657 0.0693476 0.1079862 0.2578377 0.1990013 0.2821838 0.6654297 0.2189477 0.3169910 0.3412726 0.1157235 0.0000010 0.2900100 0.0703180 0.2693647 0.2348841 0.0832321 0.0614791 0.2998247 0.0772841 0.3097546 0.4407028 0.0831428 0.1088347 0.0666476 0.3241432 0.0729016 0.1635824 0.0760436 0.2252701 0.0601036 0.7104565 0.2127006 0.0879327 0.0791667 0.0992113 0.2275776 0.2272445 0.2496943 0.0528500 0.0933232 0.2432037 0.2660002 0.3382293 0.3548563 0.1366624 0.0903077 0.0728239 0.3302667 0.1380277 0.0969052 0.1158594 0.0254098 0.3341490 0.0733614 0.0745036 0.1799217 0.2079610 0.3442925 0.3326386 0.0535514 
Perityle_ajoensis_204                      0.3063577 0.1146538 0.1539013 0.3718632 0.2125452 0.1031117 0.3317059 0.1215378 0.4525826 0.3079483 0.3653980 0.2250505 0.0000000 0.0650475 0.0807750 0.1190625 0.0507018 0.1901760 0.3515541 0.0631226 0.0632807 0.1190193 0.0575845 0.0751885 0.2513786 0.2210595 0.0836951 0.1204715 0.3401408 0.6385320 0.1613251 0.2484836 0.3307258 0.2294584 0.0000010 0.3000361 0.1746445 0.2621522 0.1932983 0.2386608 0.2255249 0.3047494 0.2062730 0.3109289 0.3767696 0.2411282 0.0934710 0.1763937 0.3192613 0.2341213 0.2638058 0.2229972 0.0879385 0.2008067 1.1584972 0.0931670 0.0700282 0.1972725 0.0893829 0.1886949 0.2190111 0.2451468 0.0670175 0.2350782 0.2646770 0.0832819 0.3009292 0.3305446 0.1455146 0.2239991 0.2139639 0.3130990 0.2228426 0.1060679 0.2334040 0.0349825 0.2885591 0.2114688 0.2432059 0.1808403 0.0618081 0.2642266 0.2930840 0.0616525 
Perityle_ambrosiifolia_67_green            0.3194829 0.0926243 0.1550368 0.3999757 0.2057191 0.0970461 0.3158132 0.1022815 0.4418931 0.3143370 0.4392903 0.2567093 0.0650475 0.0000000 0.0781050 0.1003523 0.0462832 0.1875511 0.3703571 0.0564545 0.0564106 0.1349385 0.0459070 0.0430787 0.2502734 0.2361473 0.1007973 0.1322925 0.3545592 0.5962426 0.1616962 0.2697933 0.3402422 0.2284567 0.0000010 0.3021114 0.1753043 0.2853514 0.1831526 0.2419692 0.2299423 0.3095559 0.2257281 0.3032210 0.4441512 0.2447411 0.1055516 0.2002275 0.3299908 0.2359143 0.3251670 0.2331149 0.0728556 0.2131418 0.8198533 0.0861498 0.0608968 0.2068731 0.1046106 0.2113059 0.2025196 0.2372988 0.0442163 0.2315041 0.2820387 0.0658449 0.3099813 0.3561663 0.1342280 0.2279497 0.2000067 0.3294336 0.2266068 0.1099837 0.2385346 0.0125894 0.3076347 0.2157991 0.2417030 0.1808528 0.0597725 0.2583789 0.3133185 0.0562875 
Perityle_angustifolia_13_Eagle_creek       0.1401804 0.0935241 0.1701788 0.2710546 0.2343267 0.0911436 0.2268911 0.0945833 0.2492760 0.1934734 0.2353088 0.0456963 0.0807750 0.0781050 0.0000000 0.1186041 0.0735812 0.1343261 0.1755367 0.0856672 0.0664725 0.0515277 0.0306029 0.0773744 0.0174085 0.0230046 0.0663736 0.1098938 0.2139485 0.6586866 0.2149868 0.1832127 0.1838024 0.0238611 0.0000010 0.1747171 0.0389992 0.1538179 0.0998783 0.0279236 0.0268828 0.1709734 0.0309104 0.1782240 0.2236354 0.0387595 0.0268991 0.0299507 0.1910718 0.0321877 0.0705009 0.0243532 0.0677911 0.0207512 0.0000010 0.1036132 0.0672843 0.0269731 0.0256882 0.1649726 0.2316965 0.1919927 0.0303093 0.0321500 0.1599764 0.0730997 0.2186806 0.2112534 0.1129523 0.0431165 0.0282489 0.1787294 0.0242901 0.0257414 0.0360978 0.0031553 0.2095233 0.0212893 0.0409788 0.1711607 0.0566920 0.1216559 0.1535407 0.0387473 
Perityle_batopilensis_97                   0.2772924 0.1044892 0.1472143 0.3980237 0.1999165 0.1214914 0.2732704 0.0979299 0.3859139 0.2629320 0.3558710 0.2471575 0.1190625 0.1003523 0.1186041 0.0000000 0.0928216 0.1902433 0.3037987 0.0894097 0.0888046 0.1713947 0.0538114 0.1021990 0.2503954 0.2246352 0.0989042 0.1012770 0.3206613 0.7443726 0.1544984 0.2142406 0.2580551 0.2316770 0.0000010 0.2622410 0.1913383 0.2273410 0.1539366 0.2435289 0.2195533 0.2501615 0.2518444 0.2604819 0.3622045 0.2402807 0.1455223 0.2310438 0.2863516 0.2248141 0.2861263 0.2288151 0.0928880 0.2053233 0.0000010 0.0620735 0.0828336 0.2343306 0.1388007 0.2016701 0.2455998 0.2455678 0.0356361 0.2312344 0.2795615 0.0671156 0.3096342 0.2970110 0.1501269 0.2319362 0.2224695 0.2754905 0.2265108 0.1542416 0.2227299 0.0485402 0.3218111 0.2342218 0.2604487 0.1987048 0.0897568 0.1811158 0.2820269 0.0511095 
Perityle_bisetosa_9                        0.3162988 0.1038018 0.1273542 0.3810964 0.1957316 0.0999363 0.2889905 0.0989969 0.4608764 0.2901479 0.3228499 0.2548650 0.0507018 0.0462832 0.0735812 0.0928216 0.0000000 0.1856319 0.3865865 0.0421405 0.0432764 0.1104461 0.0149124 0.0490494 0.2369191 0.2783665 0.0548218 0.0951346 0.3150976 0.6041348 0.1475649 0.2576284 0.3407392 0.2620708 0.0000010 0.2831846 0.1669439 0.2754303 0.1901848 0.2638728 0.2628512 0.2948983 0.2249607 0.2841621 0.3670217 0.2625810 0.1093922 0.2149348 0.2902181 0.2742442 0.2709429 0.2735325 0.0575402 0.2323482 1.0172192 0.0728200 0.0442159 0.2322826 0.1043730 0.1709251 0.2159602 0.2434127 0.0438623 0.2835532 0.2867273 0.0553139 0.3199606 0.3492363 0.1212634 0.2409482 0.2314880 0.3306517 0.2808513 0.1252064 0.2659562 0.0189062 0.3144829 0.2291264 0.2777753 0.1753430 0.0520966 0.2369527 0.2838802 0.0364213 
Perityle_californica_76_positas            0.2450672 0.0550047 0.1931684 0.3610267 0.1786343 0.0658755 0.2625860 0.0899400 0.3710990 0.1869241 0.2434573 0.2486888 0.1901760 0.1875511 0.1343261 0.1902433 0.1856319 0.0000000 0.2468367 0.1760308 0.1753872 0.1411717 0.0890112 0.1835526 0.2611320 0.2344812 0.1660495 0.1344172 0.2159314 0.6254470 0.1220686 0.0881964 0.1889452 0.2446409 0.0000010 0.1702970 0.2140135 0.1532604 0.2247484 0.2530048 0.2439383 0.1917095 0.2465616 0.1984535 0.2275638 0.2473149 0.1487803 0.2288203 0.1984782 0.2476540 0.2482415 0.2452288 0.1732540 0.2271185 0.1783242 0.1552888 0.1262212 0.2406818 0.1344590 0.1597179 0.1911871 0.1790774 0.1189631 0.2424872 0.2263426 0.1806080 0.2091902 0.2408552 0.1474242 0.2518598 0.2334070 0.2242246 0.2385879 0.1607845 0.2466644 0.0630397 0.2136148 0.2424218 0.2501150 0.1505751 0.1662863 0.2219307 0.1925004 0.1182165 
Perityle_canescens_77                      0.4400517 0.0985286 0.3951861 0.4046206 0.1652092 0.0676450 0.3329847 0.1570053 0.5721835 0.2523736 0.3021280 0.3759402 0.3515541 0.3703571 0.1755367 0.3037987 0.3865865 0.2468367 0.0000000 0.2887619 0.3335097 0.2084513 0.1137758 0.3848761 0.3410098 0.3965382 0.3575180 0.2536727 0.3930407 0.2493754 0.1110186 0.3153518 0.2431783 0.3956853 0.0000010 0.2373033 0.2819319 0.1191420 0.3199757 0.3996553 0.3968813 0.0934401 0.3325795 0.0824890 0.4146329 0.3997760 0.2223431 0.3174602 0.0955538 0.3812110 0.3822576 0.3789735 0.3120075 0.3577159 1.7107626 0.2704553 0.1359993 0.3416415 0.2030504 0.2061198 0.2150698 0.2704405 0.1221823 0.4065244 0.3439142 0.2883143 0.2996897 0.1694318 0.1540651 0.3738929 0.3452830 0.3634061 0.4058097 0.2216638 0.3875167 0.0823909 0.3095384 0.3365994 0.3719194 0.1378957 0.3468402 0.3591195 0.2950382 0.1317561 
Perityle_castillonii_96                    0.2218440 0.1188683 0.1281376 0.3503668 0.2208334 0.1205947 0.2536853 0.1039628 0.3580003 0.2219905 0.2726452 0.1951653 0.0631226 0.0564545 0.0856672 0.0894097 0.0421405 0.1760308 0.2887619 0.0000000 0.0449154 0.1174786 0.0377755 0.0614042 0.1900559 0.1833363 0.0526279 0.1059251 0.2988951 0.6600100 0.1671956 0.2109931 0.2593607 0.1909160 0.0000010 0.2467782 0.1612100 0.2182907 0.1496725 0.1952996 0.1884925 0.2521011 0.1968634 0.2549203 0.2680424 0.1890980 0.1213670 0.1903104 0.2611345 0.1940546 0.1953968 0.1923121 0.0539839 0.1379360 0.0000010 0.0756424 0.0499351 0.1938755 0.1121923 0.1643148 0.2474084 0.2492594 0.0354051 0.1907950 0.2816975 0.0562728 0.2475749 0.2819473 0.1374241 0.1907951 0.1838044 0.2166971 0.1844578 0.1277799 0.1816827 0.0318128 0.2473235 0.1915760 0.2151216 0.1911184 0.0550563 0.1572948 0.2193326 0.0383727 
Perityle_cernua_84                         0.2696064 0.0932459 0.1262890 0.3718790 0.1887362 0.0905676 0.2772745 0.0880661 0.4106648 0.2907540 0.3256615 0.2219335 0.0632807 0.0564106 0.0664725 0.0888046 0.0432764 0.1753872 0.3335097 0.0449154 0.0000000 0.0962646 0.0302842 0.0605222 0.2246510 0.2229337 0.0613278 0.0914794 0.3252574 0.6375032 0.1400498 0.2462453 0.3000835 0.2155368 0.0000010 0.2739389 0.1323031 0.2398852 0.1703948 0.2099813 0.2031103 0.2839054 0.1941272 0.2882501 0.3426590 0.2141303 0.0952744 0.1860941 0.2899909 0.2116842 0.2100975 0.2087733 0.0635218 0.1815363 0.5051780 0.0575039 0.0335973 0.1980673 0.0924800 0.1578716 0.2179689 0.2202779 0.0272136 0.2144502 0.2480117 0.0557139 0.3100078 0.3064962 0.1072073 0.1957040 0.1940573 0.2884865 0.2230512 0.1093701 0.2095113 0.0254515 0.3001052 0.1920241 0.2248318 0.1702929 0.0598591 0.2111318 0.2777072 0.0261556 
Perityle_cfvillosa_25_tin                  0.1707640 0.0928990 0.2145578 0.3048689 0.2998336 0.0873352 0.2826205 0.0944228 0.2767132 0.2192111 0.2613425 0.0773311 0.1190193 0.1349385 0.0515277 0.1713947 0.1104461 0.1411717 0.2084513 0.1174786 0.0962646 0.0000000 0.0303170 0.1322146 0.0343192 0.0514654 0.1203265 0.1554872 0.2198196 0.6600100 0.2079106 0.2024149 0.2042871 0.0601480 0.0000010 0.2008797 0.0440030 0.1531074 0.1529270 0.0517982 0.0580580 0.1880318 0.0378015 0.1948482 0.2485878 0.0595348 0.0545545 0.0273143 0.2133933 0.0607510 0.0781459 0.0543050 0.1201607 0.0467886 0.0000010 0.1409667 0.0807518 0.0503237 0.0286623 0.1912145 0.2145234 0.2037092 0.0329832 0.0594942 0.1781650 0.1102040 0.2554018 0.2688548 0.1243059 0.0785234 0.0607528 0.1991444 0.0527684 0.0297276 0.0646034 0.0031224 0.2389583 0.0412390 0.0671396 0.1693525 0.1053017 0.1795247 0.1896340 0.0511728 
Perityle_cinerea_113_Powell1310            0.0788093 0.1191946 0.0900287 0.1650119 0.1067815 0.0929541 0.1205178 0.1243509 0.1745774 0.1098497 0.1272587 0.0499751 0.0575845 0.0459070 0.0306029 0.0538114 0.0149124 0.0890112 0.1137758 0.0377755 0.0302842 0.0303170 0.0000000 0.0458699 0.0268258 0.0417516 0.0341314 0.0579864 0.1210712 0.7650886 0.1140409 0.1163659 0.1189681 0.0378954 0.0000010 0.1157457 0.0262742 0.1076392 0.0421010 0.0497993 0.0340941 0.1078304 0.0535557 0.1120419 0.1074525 0.0498052 0.0535557 0.0341858 0.1033255 0.0379192 0.0418360 0.0420061 0.0379170 0.0458105 0.0000010 0.0588834 0.0378941 0.0341620 0.0303170 0.1216192 0.1046525 0.1296136 0.0385221 0.0459132 0.1123941 0.0346143 0.1105141 0.1436312 0.0838752 0.0501108 0.0340538 0.1168118 0.0496913 0.0382000 0.0417749 0.0268784 0.1103805 0.0340941 0.0579136 0.1102468 0.0417516 0.0506912 0.0811576 0.0345788 
Perityle_coahuilensis_24                   0.3648549 0.0965783 0.1888930 0.4133193 0.2054826 0.0935384 0.3125525 0.1024270 0.5008353 0.3065179 0.4282123 0.2418657 0.0751885 0.0430787 0.0773744 0.1021990 0.0490494 0.1835526 0.3848761 0.0614042 0.0605222 0.1322146 0.0458699 0.0000000 0.2442911 0.2695745 0.1271310 0.1242355 0.3580904 0.7451994 0.1617158 0.2679880 0.3730825 0.2612565 0.6993267 0.3133169 0.1657928 0.3282158 0.1845953 0.2585271 0.2517025 0.3584120 0.2104056 0.3047654 0.4212789 0.2468861 0.1191804 0.1969782 0.3270317 0.2653909 0.3327965 0.2263956 0.0874400 0.2249445 1.0272692 0.0924020 0.0550977 0.2000310 0.1128024 0.1924701 0.2053981 0.2322503 0.0470752 0.3066221 0.2811618 0.0740025 0.3088841 0.3518163 0.1243443 0.2232006 0.1778603 0.3605198 0.2822257 0.1239247 0.3072513 0.0125809 0.3080390 0.2054018 0.2478131 0.1743824 0.0646147 0.2626858 0.3139457 0.0534379 
Perityle_cochisensis_44_cave_creek         0.2978553 0.1000728 0.3268326 0.3994740 0.2697844 0.0936349 0.2580205 0.1006732 0.4259842 0.3162855 0.3309367 0.0693476 0.2513786 0.2502734 0.0174085 0.2503954 0.2369191 0.2611320 0.3410098 0.1900559 0.2246510 0.0343192 0.0268258 0.2442911 0.0000000 0.0730679 0.2188427 0.1358137 0.2393097 0.5533474 0.2286747 0.3303583 0.3417227 0.0532356 0.0000010 0.2559740 0.0537905 0.2741528 0.2437070 0.0576245 0.0354643 0.2821696 0.0487445 0.2906180 0.3430821 0.0666314 0.0275543 0.0486882 0.2805927 0.0530201 0.0602101 0.0615288 0.2134333 0.0550071 0.4205188 0.1769888 0.0858834 0.0576982 0.0276544 0.1732896 0.2414967 0.2532549 0.0355756 0.0545513 0.2328814 0.2189477 0.3471872 0.3413107 0.1286124 0.0803701 0.0507309 0.3310146 0.0729187 0.0384686 0.0532239 0.0094084 0.3433654 0.0552634 0.0818001 0.1756453 0.2261172 0.2930916 0.2965635 0.0447041 
Perityle_congesta_202                      0.3387994 0.1071230 0.3684978 0.4147553 0.3126620 0.0999361 0.3178075 0.1143333 0.4798005 0.3449240 0.3975933 0.1079862 0.2210595 0.2361473 0.0230046 0.2246352 0.2783665 0.2344812 0.3965382 0.1833363 0.2229337 0.0514654 0.0417516 0.2695745 0.0730679 0.0000000 0.2820880 0.1453368 0.2731111 1.3353928 0.2245325 0.3139130 0.3853424 0.1065050 5.1454491 0.2873497 0.0454647 0.3086360 0.2194362 0.1189902 0.1120375 0.3336385 0.0162549 0.3165801 0.4509775 0.0969914 0.0124540 0.0350028 0.3381083 0.1092790 0.1702739 0.0756217 0.2003017 0.1003725 1.3353550 0.1943515 0.0787947 0.0529797 0.0287297 0.2164556 0.2366905 0.2481252 0.0411952 0.1236990 0.2240610 0.2409450 0.3290529 0.3699310 0.1260005 0.0920101 0.0666897 0.3875097 0.0138659 0.0279178 0.1135593 0.0188704 0.3224725 0.0522269 0.0995093 0.1950675 0.2053997 0.3433318 0.3332576 0.0467392 
Perityle_cordifolia_27                     0.3585904 0.1042978 0.1819221 0.3763382 0.1885177 0.1005511 0.2871344 0.1056681 0.4672639 0.2956588 0.4357024 0.2578377 0.0836951 0.1007973 0.0663736 0.0989042 0.0548218 0.1660495 0.3575180 0.0526279 0.0613278 0.1203265 0.0341314 0.1271310 0.2188427 0.2820880 0.0000000 0.1377260 0.3565750 0.8240673 0.1422287 0.2384877 0.3586947 0.2773976 0.7649680 0.3013775 0.1344415 0.3156525 0.1641976 0.2709601 0.2586485 0.3231594 0.1938400 0.2823837 0.4277347 0.2364501 0.1422305 0.1830147 0.3226151 0.2642586 0.3152645 0.2415944 0.0402840 0.2354065 0.9779636 0.0522957 0.0377653 0.2184876 0.1378853 0.2108122 0.2293914 0.2249612 0.0300325 0.2989365 0.2667395 0.0112646 0.3013439 0.3316117 0.1141787 0.2160324 0.2106793 0.3570197 0.2984199 0.1449312 0.3127484 0.0286839 0.2990203 0.1930111 0.2331606 0.1851070 0.0807154 0.2370298 0.2749531 0.0344356 
Perityle_cordifolia_68_tecolote            0.1991342 0.1154442 0.1667576 0.3103680 0.2591954 0.1173272 0.2742502 0.1009448 0.3150597 0.1875828 0.3507188 0.1990013 0.1204715 0.1322925 0.1098938 0.1012770 0.0951346 0.1344172 0.2536727 0.1059251 0.0914794 0.1554872 0.0579864 0.1242355 0.1358137 0.1453368 0.1377260 0.0000000 0.3051482 0.7230914 0.1890160 0.2003206 0.2315670 0.2147645 0.0000010 0.2226062 0.1487143 0.1889783 0.1228335 0.1615786 0.1425353 0.2197158 0.1557069 0.2297959 0.4027500 0.1587337 0.2036183 0.1501237 0.2637266 0.1460943 0.2646841 0.1463109 0.0910093 0.1127312 0.2034143 0.0423962 0.0765489 0.1476406 0.1961209 0.2290974 0.2515519 0.2305443 0.0383697 0.2243514 0.2695856 0.0738713 0.2236723 0.2593906 0.1383783 0.1503177 0.1377172 0.1977791 0.2076231 0.1575494 0.1836485 0.0452359 0.2275794 0.1465922 0.1734255 0.1990245 0.0961802 0.1361501 0.1852466 0.0532924 
Perityle_coronopifolia_28_patagonia        0.3199921 0.0894170 0.3912553 0.3814226 0.3318296 0.0770028 0.4023148 0.1176956 0.4276624 0.2671864 0.3279842 0.2821838 0.3401408 0.3545592 0.2139485 0.3206613 0.3150976 0.2159314 0.3930407 0.2988951 0.3252574 0.2198196 0.1210712 0.3580904 0.2393097 0.2731111 0.3565750 0.3051482 0.0000000 0.7617889 0.2023686 0.3179384 0.3336439 0.2701010 0.0000010 0.2536812 0.2160738 0.2075090 0.2841734 0.2601073 0.2616231 0.2557318 0.2271050 0.2546083 0.2522197 0.2508535 0.2337268 0.2364988 0.2757705 0.2552567 0.2901092 0.2686227 0.3622417 0.2346102 0.3874352 0.2962082 0.1721038 0.2659723 0.2256967 0.1435668 0.1668726 0.1720716 0.1788918 0.2616760 0.1140807 0.3306632 0.3396364 0.3911914 0.1728195 0.2803229 0.2690231 0.2927159 0.2707243 0.2343836 0.2680624 0.0826391 0.3211493 0.2391107 0.2658195 0.0566517 0.3453670 0.3868471 0.2905329 0.1546949 
Perityle_crassifolia_70_ventanas           0.2442216 0.2548286 0.6047482 0.3532921 0.2361822 0.3189294 0.5382440 0.3096447 0.3236970 0.3812164 0.7674865 0.6654297 0.6385320 0.5962426 0.6586866 0.7443726 0.6041348 0.6254470 0.2493754 0.6600100 0.6375032 0.6600100 0.7650886 0.7451994 0.5533474 1.3353928 0.8240673 0.7230914 0.7617889 0.0000000 0.2548286 0.6206049 0.2522941 0.8361659 0.0359036 0.7484709 0.6775528 0.8331217 0.7560009 0.8997852 0.8371711 0.9188107 0.6600100 0.6786936 0.6840643 0.6728594 0.6600100 0.6586866 0.7046794 0.8726772 0.8258853 0.6799027 0.7516176 0.7103005 0.2146097 0.3604467 0.6586866 0.6600100 0.6583710 0.6353595 0.3144569 0.6997304 0.2548286 0.8487768 0.6091405 0.2548286 0.5897757 0.6792333 0.4008073 0.6783227 0.6586866 0.1888722 1.2136987 0.6600100 0.3059779 0.2548286 0.5886239 0.6858146 0.6174022 0.2548286 0.6428504 0.4372549 0.4388263 0.4388263 
Perityle_crassifolia_74_playa_balandra     0.1407116 0.0891860 0.1730618 0.3121370 0.1052815 0.0575246 0.2122362 0.1402087 0.3267874 0.0270303 0.1739899 0.2189477 0.1613251 0.1616962 0.2149868 0.1544984 0.1475649 0.1220686 0.1110186 0.1671956 0.1400498 0.2079106 0.1140409 0.1617158 0.2286747 0.2245325 0.1422287 0.1890160 0.2023686 0.2548286 0.0000000 0.1327282 0.1082021 0.2278558 0.0000010 0.1483975 0.2105114 0.0963995 0.1508450 0.2286242 0.2190494 0.1295671 0.2370172 0.1406589 0.1887171 0.2364896 0.2366625 0.2140016 0.1370701 0.2244557 0.2217738 0.2164457 0.1389101 0.1248637 0.4300993 0.1522273 0.1482029 0.2168861 0.2079661 0.1875911 0.1922899 0.2053282 0.1316904 0.2230814 0.2405229 0.1447786 0.2304280 0.1401228 0.1962910 0.2229956 0.2225030 0.0386951 0.2309465 0.2144943 0.2280085 0.0859305 0.2336136 0.2132004 0.2359523 0.1292137 0.1507834 0.1740630 0.0897251 0.1437404 
Perityle_cuneata_34_cuneata_San_antonio    0.3540955 0.0893750 0.2666957 0.4336846 0.2063054 0.0801439 0.3396284 0.1013316 0.4667091 0.2310060 0.2680658 0.3169910 0.2484836 0.2697933 0.1832127 0.2142406 0.2576284 0.0881964 0.3153518 0.2109931 0.2462453 0.2024149 0.1163659 0.2679880 0.3303583 0.3139130 0.2384877 0.2003206 0.3179384 0.6206049 0.1327282 0.0000000 0.2563065 0.3359170 0.0000010 0.3060642 0.2714323 0.2210994 0.2497447 0.3453618 0.3306855 0.2623082 0.2974081 0.2626767 0.3213702 0.3276783 0.2076053 0.2755134 0.2709442 0.3269472 0.3257093 0.3205315 0.2313660 0.2856117 1.5210903 0.1967670 0.1491220 0.3018081 0.1970813 0.1819756 0.2391521 0.2712441 0.1451693 0.3222907 0.2644975 0.2287452 0.2629659 0.2942273 0.1651768 0.3115047 0.3147319 0.2678632 0.3185981 0.2129861 0.3288373 0.0890483 0.2657228 0.3017789 0.3230263 0.1806939 0.2497531 0.3547608 0.2141864 0.1420370 
Perityle_cuneata_4                         0.3653590 0.0798689 0.3598799 0.3780295 0.1703434 0.0553958 0.3074941 0.1424931 0.4782734 0.1872867 0.2496799 0.3412726 0.3307258 0.3402422 0.1838024 0.2580551 0.3407392 0.1889452 0.2431783 0.2593607 0.3000835 0.2042871 0.1189681 0.3730825 0.3417227 0.3853424 0.3586947 0.2315670 0.3336439 0.2522941 0.1082021 0.2563065 0.0000000 0.3809720 0.1347904 0.2685289 0.2758646 0.2337908 0.2836837 0.3915083 0.3781178 0.2498797 0.2957550 0.2056761 0.3856874 0.3590347 0.2035345 0.2879905 0.2208253 0.3763260 0.3806557 0.3494093 0.2877746 0.3256199 0.3589302 0.2474139 0.1502102 0.3060863 0.1988250 0.1703874 0.2285330 0.2343610 0.1290760 0.4063501 0.2699963 0.2894548 0.2895960 0.2531428 0.1587952 0.3343593 0.3163688 0.2754148 0.4064922 0.2154134 0.3408103 0.0804047 0.2878683 0.3059800 0.3560853 0.1578636 0.3201789 0.3829122 0.2108591 0.1327120 
Perityle_dissecta_201                      0.3437948 0.1071715 0.3447831 0.4030002 0.3161021 0.1033069 0.3126004 0.1101395 0.4887797 0.3423142 0.4285763 0.1157235 0.2294584 0.2284567 0.0238611 0.2316770 0.2620708 0.2446409 0.3956853 0.1909160 0.2155368 0.0601480 0.0378954 0.2612565 0.0532356 0.1065050 0.2773976 0.2147645 0.2701010 0.8361659 0.2278558 0.3359170 0.3809720 0.0000000 1.4040701 0.2965159 0.0437217 0.3091208 0.2314873 0.0649329 0.0619256 0.3101445 0.0477804 0.2999917 0.4571006 0.0569828 0.0408756 0.0400875 0.3236127 0.0605337 0.1124267 0.0361415 0.1972484 0.0591203 1.3447606 0.1998139 0.0746795 0.0379223 0.0484169 0.2301488 0.2485242 0.2618409 0.0383584 0.0798452 0.2293627 0.2533872 0.3342578 0.3669920 0.1237244 0.0603483 0.0417836 0.3709774 0.1113377 0.0349309 0.0520286 0.0157051 0.3311748 0.0370279 0.0613629 0.1890646 0.2207620 0.3353611 0.3417253 0.0404894 
Perityle_emoryi_47_punta_san_jose          0.1839931 0.0000010 0.6486239 0.0000010 0.0000010 0.0000010 0.3144570 0.0000010 0.2670395 0.0000010 0.0000010 0.0000010 0.0000010 0.0000010 0.0000010 0.0000010 0.0000010 0.0000010 0.0000010 0.0000010 0.0000010 0.0000010 0.0000010 0.6993267 0.0000010 5.1454491 0.7649680 0.0000010 0.0000010 0.0359036 0.0000010 0.0000010 0.1347904 1.4040701 0.0000000 0.0000010 0.0000010 0.8289166 0.0000010 1.2738544 1.3641819 1.5219185 0.0000010 0.0000010 0.5511854 0.0000010 0.0000010 0.0000010 0.0000010 1.5097248 1.0537330 0.0000010 0.0000010 9.0000000 0.1486634 0.0000010 0.0000010 0.0000010 0.0000010 0.0000010 0.0000010 0.0000010 0.0000010 0.9957205 0.0000010 0.0000010 0.0000010 0.0000010 0.0000010 0.0000010 0.0000010 0.0889240 1.6386778 0.0000010 0.2603254 0.0000010 0.0000010 0.0000010 0.0000010 0.0000010 0.0000010 0.4648346 0.0000010 0.0000010 
Perityle_feddemae_99                       0.3328603 0.0907507 0.3401211 0.3760575 0.1907288 0.0673894 0.3100032 0.1172735 0.3902217 0.2331256 0.2395628 0.2900100 0.3000361 0.3021114 0.1747171 0.2622410 0.2831846 0.1702970 0.2373033 0.2467782 0.2739389 0.2008797 0.1157457 0.3133169 0.2559740 0.2873497 0.3013775 0.2226062 0.2536812 0.7484709 0.1483975 0.3060642 0.2685289 0.2965159 0.0000010 0.0000000 0.2427700 0.1888352 0.2501064 0.3077797 0.2966055 0.1354228 0.2669573 0.1228827 0.2733658 0.2867653 0.2170748 0.2614289 0.1324922 0.3118989 0.2991575 0.3073105 0.2869962 0.2540405 0.7881029 0.2332334 0.1247293 0.2910419 0.2053399 0.2009362 0.2217764 0.2457081 0.1183490 0.3087171 0.2756344 0.2900545 0.2911734 0.2848647 0.1248770 0.2850276 0.2739577 0.2970794 0.2903298 0.2063070 0.3039420 0.0855407 0.2888952 0.2765079 0.2930255 0.1647883 0.2997633 0.3260555 0.2442011 0.1103661 
Perityle_fosteri_93                        0.2182877 0.0927734 0.2339842 0.3430437 0.3030170 0.1034174 0.2640223 0.0877675 0.3518103 0.2430996 0.2730958 0.0703180 0.1746445 0.1753043 0.0389992 0.1913383 0.1669439 0.2140135 0.2819319 0.1612100 0.1323031 0.0440030 0.0262742 0.1657928 0.0537905 0.0454647 0.1344415 0.1487143 0.2160738 0.6775528 0.2105114 0.2714323 0.2758646 0.0437217 0.0000010 0.2427700 0.0000000 0.2110536 0.1659666 0.0410525 0.0435465 0.2338853 0.0505405 0.2418049 0.2697302 0.0411857 0.0486021 0.0436933 0.2365459 0.0357927 0.0410252 0.0423029 0.1360125 0.0462122 0.0000010 0.1907752 0.0736293 0.0423208 0.0458765 0.1669528 0.2336063 0.2454966 0.0299386 0.0565158 0.2052275 0.1687925 0.2699408 0.2972073 0.1255434 0.0398277 0.0364930 0.2474913 0.0466677 0.0443392 0.0319630 0.0220560 0.2669411 0.0320701 0.0633207 0.1816070 0.1535811 0.2225395 0.2380883 0.0341490 
Perityle_gamon_221                         0.3621992 0.0799003 0.3341074 0.2765125 0.0971661 0.0575128 0.2332884 0.1268470 0.4240655 0.2005802 0.1823332 0.2693647 0.2621522 0.2853514 0.1538179 0.2273410 0.2754303 0.1532604 0.1191420 0.2182907 0.2398852 0.1531074 0.1076392 0.3282158 0.2741528 0.3086360 0.3156525 0.1889783 0.2075090 0.8331217 0.0963995 0.2210994 0.2337908 0.3091208 0.8289166 0.1888352 0.2110536 0.0000000 0.2208788 0.3194272 0.3096761 0.1053500 0.2359822 0.0762092 0.2468147 0.2860700 0.1604579 0.2394523 0.0896472 0.3046296 0.3074632 0.2888584 0.2417281 0.2818291 0.8845721 0.1916181 0.1099313 0.2615473 0.1549650 0.1471183 0.1456422 0.1385585 0.1203324 0.3312692 0.2149104 0.2453340 0.2122899 0.1503637 0.1111415 0.2717546 0.2553497 0.3213987 0.3259494 0.1651088 0.3184096 0.0823901 0.2102415 0.2468254 0.2882836 0.1497081 0.2809270 0.2906777 0.2287258 0.1082917 
Perityle_gentryi_8_san_francisco           0.2799908 0.0972389 0.2314076 0.4331639 0.2425143 0.0873487 0.3083060 0.0980622 0.3879185 0.2804532 0.3674437 0.2348841 0.1932983 0.1831526 0.0998783 0.1539366 0.1901848 0.2247484 0.3199757 0.1496725 0.1703948 0.1529270 0.0421010 0.1845953 0.2437070 0.2194362 0.1641976 0.1228335 0.2841734 0.7560009 0.1508450 0.2497447 0.2836837 0.2314873 0.0000010 0.2501064 0.1659666 0.2208788 0.0000000 0.2375780 0.2158941 0.2477890 0.2361697 0.2583334 0.3574045 0.2345450 0.1247782 0.2115291 0.2799156 0.2230144 0.2733464 0.2252876 0.1640384 0.2095179 0.0000010 0.1199987 0.0739855 0.2225985 0.1177388 0.1852105 0.2298499 0.2361818 0.0385745 0.2251606 0.2481523 0.1689447 0.2984574 0.3097967 0.1291414 0.2321665 0.2171684 0.2842637 0.2193191 0.1406857 0.2259567 0.0353197 0.2989889 0.2246911 0.2421578 0.1735322 0.1745781 0.2158527 0.2950482 0.0471502 
Perityle_gilensis_22_Superstition          0.3459617 0.1109346 0.3501722 0.4095711 0.3006737 0.1070059 0.3215166 0.1067765 0.4960949 0.3431281 0.3656335 0.0832321 0.2386608 0.2419692 0.0279236 0.2435289 0.2638728 0.2530048 0.3996553 0.1952996 0.2099813 0.0517982 0.0497993 0.2585271 0.0576245 0.1189902 0.2709601 0.1615786 0.2601073 0.8997852 0.2286242 0.3453618 0.3915083 0.0649329 1.2738544 0.3077797 0.0410525 0.3194272 0.2375780 0.0000000 0.0405593 0.3385818 0.0476712 0.3112916 0.3752151 0.0535013 0.0412060 0.0479045 0.3116350 0.0443464 0.0675408 0.0475526 0.2185612 0.0644664 1.4158711 0.2063199 0.0773568 0.0465063 0.0453379 0.1754271 0.2492598 0.2626796 0.0469285 0.0753116 0.2010720 0.2602413 0.3483125 0.3743715 0.1215846 0.0640010 0.0250243 0.3885423 0.1199519 0.0387301 0.0623792 0.0253515 0.3411116 0.0392644 0.0745374 0.1787622 0.2367454 0.3385059 0.3339428 0.0489842 
Perityle_gilensis_salensis_225             0.3371101 0.0963542 0.3322090 0.4219797 0.2933779 0.0934993 0.3138550 0.1037093 0.4855399 0.3340265 0.3921307 0.0614791 0.2255249 0.2299423 0.0268828 0.2195533 0.2628512 0.2439383 0.3968813 0.1884925 0.2031103 0.0580580 0.0340941 0.2517025 0.0354643 0.1120375 0.2586485 0.1425353 0.2616231 0.8371711 0.2190494 0.3306855 0.3781178 0.0619256 1.3641819 0.2966055 0.0435465 0.3096761 0.2158941 0.0405593 0.0000000 0.3266466 0.0462760 0.3072577 0.3892665 0.0543091 0.0371189 0.0478439 0.3230513 0.0346197 0.1017615 0.0508244 0.2037004 0.0443485 1.3801309 0.1956278 0.0736668 0.0520171 0.0384710 0.1934586 0.2293966 0.2480920 0.0328141 0.0546356 0.2124466 0.2508399 0.3415751 0.3766711 0.1239705 0.0691214 0.0386111 0.3785416 0.1099238 0.0422131 0.0620409 0.0125602 0.3374339 0.0434701 0.0680209 0.1726256 0.2206606 0.3299153 0.3197327 0.0405574 
Perityle_glaucescens_94                    0.4003759 0.0765475 0.3576638 0.3676430 0.1672497 0.0543966 0.3028950 0.1272737 0.4737309 0.2413712 0.2317832 0.2998247 0.3047494 0.3095559 0.1709734 0.2501615 0.2948983 0.1917095 0.0934401 0.2521011 0.2839054 0.1880318 0.1078304 0.3584120 0.2821696 0.3336385 0.3231594 0.2197158 0.2557318 0.9188107 0.1295671 0.2623082 0.2498797 0.3101445 1.5219185 0.1354228 0.2338853 0.1053500 0.2477890 0.3385818 0.3266466 0.0000000 0.2705679 0.0094001 0.2896034 0.3013858 0.1967571 0.2605943 0.0114293 0.3176303 0.3123504 0.3044519 0.2693327 0.2853545 1.2046504 0.2223954 0.1211089 0.2864239 0.1881822 0.1915624 0.2106953 0.2052959 0.1059092 0.3359309 0.2783510 0.2654352 0.2930744 0.1799932 0.1152631 0.2907819 0.2817946 0.3488963 0.3357818 0.1983362 0.3143856 0.0790015 0.2967589 0.2704953 0.3008677 0.1532229 0.3074076 0.3240522 0.2491647 0.1035421 
Perityle_gracilis_11                       0.2569319 0.1183497 0.3013432 0.4026092 0.3287769 0.1134587 0.2833211 0.1007727 0.3808326 0.3317436 0.3153397 0.0772841 0.2062730 0.2257281 0.0309104 0.2518444 0.2249607 0.2465616 0.3325795 0.1968634 0.1941272 0.0378015 0.0535557 0.2104056 0.0487445 0.0162549 0.1938400 0.1557069 0.2271050 0.6600100 0.2370172 0.2974081 0.2957550 0.0477804 0.0000010 0.2669573 0.0505405 0.2359822 0.2361697 0.0476712 0.0462760 0.2705679 0.0000000 0.2808147 0.3266061 0.0593362 0.0096684 0.0452273 0.2720174 0.0449802 0.0513272 0.0477332 0.1937419 0.0619446 0.4300993 0.2054874 0.0856744 0.0427542 0.0381812 0.1775311 0.2528463 0.2559509 0.0525960 0.0575732 0.2089130 0.2503836 0.3298532 0.3332295 0.1287610 0.0690629 0.0450848 0.3114729 0.0150787 0.0340759 0.0451454 0.0284877 0.3269629 0.0414637 0.0716307 0.1938023 0.1933069 0.2888477 0.3292550 0.0573275 
Perityle_harkerae_31                       0.3532485 0.0801609 0.3238692 0.3622494 0.1808395 0.0576844 0.3047189 0.1240050 0.4243351 0.2510965 0.2464023 0.3097546 0.3109289 0.3032210 0.1782240 0.2604819 0.2841621 0.1984535 0.0824890 0.2549203 0.2882501 0.1948482 0.1120419 0.3047654 0.2906180 0.3165801 0.2823837 0.2297959 0.2546083 0.6786936 0.1406589 0.2626767 0.2056761 0.2999917 0.0000010 0.1228827 0.2418049 0.0762092 0.2583334 0.3112916 0.3072577 0.0094001 0.2808147 0.0000000 0.2748181 0.3080636 0.2052161 0.2713837 0.0104391 0.2981374 0.3040489 0.3077186 0.2813095 0.2734657 0.7001366 0.2338588 0.1273956 0.2985014 0.1967188 0.1987211 0.2148366 0.2079427 0.1122956 0.3119292 0.2789120 0.2752693 0.2968893 0.1712815 0.1202322 0.3015338 0.2919857 0.2974682 0.3187216 0.2066449 0.3084119 0.0824233 0.3005592 0.2839341 0.3089993 0.1533202 0.2859701 0.3324502 0.2597510 0.1081813 
Perityle_hofmeisteria_4_nombre_de_dios     0.4241158 0.0790262 0.4496941 0.4399547 0.2389194 0.0641877 0.4216563 0.1262058 0.4985792 0.3186806 0.4138850 0.4407028 0.3767696 0.4441512 0.2236354 0.3622045 0.3670217 0.2275638 0.4146329 0.2680424 0.3426590 0.2485878 0.1074525 0.4212789 0.3430821 0.4509775 0.4277347 0.4027500 0.2522197 0.6840643 0.1887171 0.3213702 0.3856874 0.4571006 0.5511854 0.2733658 0.2697302 0.2468147 0.3574045 0.3752151 0.3892665 0.2896034 0.3266061 0.2748181 0.0000000 0.3708969 0.3578823 0.3252084 0.3303416 0.3815518 0.4705668 0.3973796 0.3878617 0.3260084 0.9157747 0.2613980 0.1437176 0.3801988 0.3502755 0.3033548 0.2083459 0.2422608 0.1215445 0.4832024 0.3487166 0.3592174 0.3874807 0.4235831 0.1126320 0.3796388 0.3801262 0.3832647 0.4943546 0.3272486 0.4512041 0.0787326 0.3585360 0.3266764 0.3692310 0.1608318 0.3960526 0.4417656 0.3177757 0.1225806 
