83
Amauria_brandeegeana_62                    0.0000000 0.0796867 0.0937089 0.2029448 0.1354055 0.2937963 0.1551108 0.4769386 0.0471774 0.1637062 0.1615601 0.1968952 0.1046854 0.1768977 0.1093857 0.1355622 0.1248787 0.1462196 0.1426767 0.1480238 0.2161990 0.1637831 0.1423930 0.2137121 0.1616990 0.1646298 0.1789730 0.1326339 0.1406772 0.1284916 0.1254776 0.0303409 0.2221964 0.1620680 0.1279113 0.1638069 0.1648927 0.1642470 0.1501425 0.1679378 0.1689033 0.1645841 0.1699810 0.1525417 0.1660302 0.1751787 0.1245820 0.1270786 0.1976667 0.2077493 0.1547053 0.1665396 0.1612525 0.1704399 0.1192505 0.1446072 0.1618320 0.2589561 0.1176307 0.1656343 0.1483649 0.0394778 0.1580745 0.1956655 0.1738285 0.2048344 0.1454412 0.3147680 0.1612936 0.1985158 0.1604867 0.2176104 0.1740484 0.0392765 0.2373892 0.2141843 0.1592261 0.1616908 0.1881933 0.1447712 0.1378090 0.1671288 0.1382897 
Amauria_carterae_99_mesa                   0.0796867 0.0000000 0.0490815 0.0726532 0.0882248 0.1523278 0.1285442 0.2697620 0.0734726 0.0773707 0.0799126 0.0804061 0.0819524 0.1026221 0.0662510 0.0589063 0.0807656 0.0796711 0.0693688 0.0888165 0.2131852 0.0781623 0.0591864 0.0827962 0.0828067 0.0936350 0.0897595 0.1651110 0.1461989 0.0971124 0.0603959 0.0536018 0.0735424 0.1929545 0.0939872 0.0793371 0.0822883 0.0693958 0.0825962 0.0825812 0.0962147 0.0813047 0.0917319 0.0824164 0.0865841 0.0842312 0.0705789 0.0700383 0.0749953 0.0777812 0.0770653 0.0780113 0.0693987 0.0789309 0.3099419 0.2740057 0.0842410 0.1874968 0.0663756 0.2206258 0.0816324 0.0146091 0.0674968 0.0807621 0.0908062 0.0890269 0.0847823 0.2414181 0.0781623 0.1813466 0.0813047 0.0813047 0.0808401 0.0402844 0.0874954 0.0864861 0.0838014 0.0750521 0.1603614 0.0884920 0.0775421 0.0932148 1.1823810 
Amauria_rotundifolia_SRR9119150            0.0937089 0.0490815 0.0000000 0.1771783 0.1209158 0.2821778 0.1475769 0.4641819 0.0875357 0.1561630 0.1646811 0.1875340 0.1028227 0.1538722 0.0875196 0.1266532 0.1285601 0.1505533 0.1345144 0.1569556 0.2338399 0.1634746 0.1280440 0.2037197 0.1465494 0.1804999 0.1585092 0.1149854 0.1789568 0.1452315 0.1440585 0.0478899 0.2107959 0.1618148 0.1182741 0.1571245 0.1502355 0.1306637 0.1470060 0.1665673 0.1627708 0.1617359 0.1559811 0.1413989 0.1548435 0.1747238 0.1314612 0.1139118 0.1839515 0.1858578 0.1318589 0.1525496 0.1481602 0.1438418 0.1038032 0.1225134 0.1716760 0.2755669 0.1111083 0.1607536 0.1172017 0.0141286 0.1384121 0.1798962 0.1474599 0.1840119 0.1697887 0.2869070 0.1611344 0.1865741 0.1592377 0.2146790 0.1729575 0.0364076 0.1945047 0.2002000 0.1663419 0.1477527 0.1827656 0.1553883 0.1338688 0.1288764 0.1190524 
Eutetras_palmeri_63                        0.2029448 0.0726532 0.1771783 0.0000000 0.0454425 0.2631346 0.1818004 0.3873875 0.1844206 0.0848511 0.0754273 0.1786150 0.1468363 0.2114051 0.1747930 0.1735574 0.2211760 0.0622473 0.0542551 0.0711048 0.2484345 0.0906895 0.1883975 0.0826929 0.0840332 0.0765790 0.1514118 0.2067023 0.1084357 0.1490104 0.2858909 0.1929325 0.1106320 0.4859833 0.1988861 0.0660040 0.1021175 0.1606763 0.0840141 0.0728308 0.0903225 0.0684025 0.0820321 0.1122833 0.0764327 0.0822370 0.0483584 0.1640802 0.0787876 0.0994552 0.0678541 0.0727693 0.0625975 0.0716645 0.3099419 0.2728612 0.0676359 0.2892427 0.1472500 0.2326306 0.1531297 0.0211817 0.2060195 0.0875166 0.0743252 0.1285355 0.0472758 0.3346145 0.0882099 0.2701462 0.0771103 0.0831288 0.0691943 0.0390410 0.1105709 0.1182857 0.0695363 0.0884568 0.1832865 0.0658773 0.1709372 0.0902662 0.5486027 
Eutetras_pringlei_149_quer                 0.1354055 0.0882248 0.1209158 0.0454425 0.0000000 0.2227621 0.1536719 0.3327646 0.1519057 0.0587982 0.0612971 0.1177569 0.1369776 0.1302888 0.1297109 0.1419343 0.1397086 0.0636821 0.0608644 0.0690020 0.2337687 0.0647825 0.1168131 0.0661938 0.0656876 0.0695405 0.1331232 0.1500816 0.0777063 0.1434397 0.2289027 0.1490323 0.0696172 0.2253252 0.1388152 0.0593646 0.0795013 0.1287317 0.0674050 0.0661022 0.0848734 0.0635406 0.0780424 0.0795946 0.0660074 0.0662666 0.0483616 0.1476201 0.0607663 0.0618747 0.0586655 0.0621606 0.0582289 0.0606798 0.0000010 0.2737713 0.0675074 0.2564773 0.0945618 0.2291687 0.1232798 0.0337353 0.1349037 0.0633523 0.0675382 0.0642458 0.0655987 0.2457445 0.0647825 0.1853277 0.0648326 0.0647915 0.0611484 0.0560655 0.0627496 0.1050302 0.0672741 0.0766241 0.1066062 0.0700098 0.1315024 0.0662314 0.4799695 
Eutrochium_fistulosum_SRR9119106           0.2937963 0.1523278 0.2821778 0.2631346 0.2227621 0.0000000 0.1991178 0.3680528 0.2934084 0.2658711 0.2587093 0.2571928 0.2355094 0.3429165 0.3119351 0.2474270 0.2776627 0.1999794 0.2039424 0.2139819 0.3065240 0.2659145 0.2929820 0.2630461 0.2686879 0.2401591 0.2952713 0.2960215 0.1289576 0.2658824 0.3849509 0.2912767 0.2888787 0.4425691 0.3243833 0.2311007 0.2637965 0.2615537 0.2699181 0.2644523 0.2693097 0.2314125 0.2298448 0.2743546 0.2755634 0.2695494 0.1297767 0.2468694 0.2687804 0.2985387 0.2404814 0.2745416 0.2358944 0.2589891 0.4177510 0.3312664 0.2494603 0.3549176 0.3182505 0.3986201 0.2879191 0.0830783 0.2954046 0.2752849 0.2432779 0.2764831 0.1640447 0.5034370 0.2659145 0.4061647 0.2693419 0.2733432 0.2449877 0.0920965 0.2863525 0.2768261 0.2456763 0.2654653 0.2973261 0.2167031 0.3102995 0.2447296 1.1981679 
Galeana_pratensis_104_mex                  0.1551108 0.1285442 0.1475769 0.1818004 0.1536719 0.1991178 0.0000000 0.3195743 0.1549569 0.1792879 0.1802289 0.1638843 0.1758093 0.1967889 0.1621965 0.1709086 0.1868372 0.1889283 0.1849010 0.1900457 0.2824616 0.1791787 0.1669494 0.1865695 0.1829515 0.1863990 0.1702858 0.2561313 0.1263466 0.1838091 0.1542540 0.1542968 0.1980490 0.2597656 0.1598539 0.1843465 0.1834248 0.1623096 0.1882259 0.1859718 0.1789713 0.1849983 0.1722075 0.1834740 0.1972700 0.1864894 0.1717961 0.1617389 0.1866169 0.1844203 0.1803788 0.1845720 0.1860691 0.1871230 0.0000010 0.2591287 0.1864374 0.1820641 0.1897293 0.3137524 0.1713909 0.0964588 0.1615833 0.1909275 0.1906238 0.1869094 0.1489227 0.3038318 0.1791787 0.2642985 0.1834673 0.1852215 0.1844101 0.1138411 0.1861127 0.1832740 0.1894657 0.1835807 0.2322851 0.1910139 0.1682349 0.1742152 1.0825811 
Helianthus_annuus_SRR9119062               0.4769386 0.2697620 0.4641819 0.3873875 0.3327646 0.3680528 0.3195743 0.0000000 0.4757719 0.3760650 0.3813607 0.5031296 0.5008506 0.5943304 0.4431027 0.5115692 0.5302252 0.4045354 0.4080834 0.4028039 0.4233342 0.3745458 0.5436691 0.4585117 0.3743009 0.4135985 0.4482466 0.6149493 0.1424458 0.5205256 0.4683098 0.4706678 0.4495788 0.5895759 0.4799048 0.3951638 0.3576279 0.5136479 0.3757182 0.3942856 0.3831430 0.4023442 0.3888912 0.3698689 0.3826384 0.3693553 0.3497794 0.5046708 0.4010286 0.4683040 0.3551914 0.3937028 0.4041336 0.3768534 0.8433730 0.6034958 0.4099404 0.4704005 0.5604173 0.5503256 0.3990077 0.2307757 0.5318346 0.4368997 0.3613376 0.3841210 0.2692275 0.6434985 0.3745458 0.5989869 0.3703599 0.4516695 0.4205556 0.2165503 0.4512782 0.4168493 0.4242575 0.4254128 0.5295574 0.4057152 0.4644826 0.3244058 0.8499806 
Lycapsus_tenuifolius_17                    0.0471774 0.0734726 0.0875357 0.1844206 0.1519057 0.2934084 0.1549569 0.4757719 0.0000000 0.1520178 0.1757999 0.1887020 0.1097159 0.1573770 0.1033980 0.1262326 0.1216790 0.1562889 0.1487002 0.1577772 0.2425491 0.1885736 0.1345150 0.2113163 0.1549910 0.2055900 0.1610038 0.1285999 0.1787758 0.1366867 0.1418234 0.0030119 0.2121799 0.1398417 0.1209247 0.1610298 0.1569608 0.1507331 0.1455788 0.1869972 0.1627598 0.1620981 0.1583419 0.1500204 0.1662781 0.1834474 0.1438882 0.1158841 0.1919175 0.1889307 0.1483758 0.1534999 0.1577868 0.1580370 0.1038299 0.1493305 0.1824393 0.2503296 0.1188118 0.1661531 0.1261141 0.0432374 0.1398336 0.1909895 0.1673312 0.1844425 0.1788726 0.2928563 0.1878290 0.1849336 0.1914086 0.2205649 0.2142773 0.0422120 0.2105860 0.2456314 0.1898233 0.1520598 0.1923524 0.1696354 0.1254092 0.1421695 0.1240087 
Pericome_caudata_50_silver                 0.1637062 0.0773707 0.1561630 0.0848511 0.0587982 0.2658711 0.1792879 0.3760650 0.1520178 0.0000000 0.0981756 0.1793916 0.1555019 0.1984116 0.1844014 0.2039332 0.2308837 0.0673155 0.0595813 0.0756048 0.2557543 0.1042003 0.2029559 0.1352788 0.0790397 0.1273357 0.1423081 0.2017903 0.0653453 0.1551293 0.2904434 0.1584407 0.1823660 0.4094752 0.1723983 0.0727652 0.0993938 0.1602932 0.0721257 0.1021069 0.1010102 0.0754364 0.0931776 0.1029369 0.0824935 0.0921934 0.0550208 0.1740610 0.1009702 0.1362965 0.0679029 0.0799325 0.0651835 0.0764691 0.3099419 0.2800736 0.0937972 0.2843693 0.1448275 0.2230953 0.1585589 0.0211868 0.1941501 0.0968209 0.0668487 0.0917190 0.0488359 0.3589854 0.1113381 0.2768819 0.0997632 0.1435620 0.1328550 0.0419912 0.1305694 0.1720034 0.1002580 0.0957012 0.1740849 0.0868306 0.1585654 0.0948310 0.5613324 
Perityle_ajoensis_204                      0.1615601 0.0799126 0.1646811 0.0754273 0.0612971 0.2587093 0.1802289 0.3813607 0.1757999 0.0981756 0.0000000 0.1603862 0.1547358 0.2588745 0.1771327 0.1884576 0.2166565 0.0230952 0.0255019 0.0415214 0.2671294 0.0433548 0.1624402 0.0714263 0.0596522 0.0508245 0.1601728 0.2253926 0.0719917 0.1642433 0.2891505 0.1528374 0.1025787 0.3962721 0.1977126 0.0262492 0.0807160 0.1909402 0.0423855 0.0447693 0.1022578 0.0363568 0.0870975 0.1005223 0.0372279 0.0366784 0.0043146 0.1766692 0.0558235 0.0824926 0.0076591 0.0739918 0.0322415 0.0727360 0.3099419 0.2867034 0.0423374 0.2947850 0.2151558 0.2361261 0.1543168 0.0174544 0.2013483 0.0749080 0.0749051 0.1077453 0.0262484 0.3562724 0.0433548 0.2680674 0.0389973 0.0755638 0.0628294 0.0303709 0.1281803 0.1386057 0.0507852 0.0958037 0.1964013 0.0400365 0.1567112 0.0880716 0.6044625 
Perityle_ambrosiifolia_67_green            0.1968952 0.0804061 0.1875340 0.1786150 0.1177569 0.2571928 0.1638843 0.5031296 0.1887020 0.1793916 0.1603862 0.0000000 0.1079552 0.1892518 0.0602771 0.1249136 0.1232283 0.1597197 0.1599590 0.1531080 0.1903145 0.1628881 0.0512890 0.1435283 0.1811996 0.1784502 0.1321311 0.1336108 0.1466185 0.1890590 0.1530320 0.1502719 0.1985285 0.2112416 0.1565608 0.1626323 0.1813812 0.1438232 0.1463894 0.1646148 0.1846875 0.1479581 0.1834527 0.1821476 0.1700859 0.1488349 0.1755154 0.1109786 0.1679040 0.1826731 0.1592822 0.1777718 0.1662641 0.1877223 0.0785467 0.1279947 0.1495541 0.2468443 0.1342887 0.1501947 0.1677977 0.0284088 0.1089343 0.1809334 0.1989116 0.2018993 0.1421910 0.1469009 0.1628881 0.1563213 0.1495980 0.1502758 0.1566320 0.0081911 0.1969181 0.1974963 0.1758962 0.1872796 0.2020236 0.1445824 0.1785858 0.1444557 0.0842114 
Perityle_angustifolia_13_Eagle_creek       0.1046854 0.0819524 0.1028227 0.1468363 0.1369776 0.2355094 0.1758093 0.5008506 0.1097159 0.1555019 0.1547358 0.1079552 0.0000000 0.1578994 0.0351259 0.1012260 0.1003485 0.1587794 0.1480272 0.1606712 0.1922374 0.1603583 0.0426617 0.1560257 0.1587610 0.1783018 0.1185763 0.1184081 0.1654061 0.0859546 0.1413371 0.0884586 0.1630753 0.1979202 0.0743886 0.1576292 0.1488205 0.1043220 0.1571697 0.1626813 0.1573866 0.1530412 0.1532241 0.1467379 0.1588490 0.1581707 0.1463702 0.0817662 0.1509064 0.1547315 0.1474136 0.1608710 0.1524764 0.1565909 0.0709418 0.1137354 0.1600686 0.2126715 0.1222785 0.1614147 0.1273327 0.0321567 0.0710328 0.1589375 0.1582697 0.1697127 0.1551519 0.1731663 0.1603583 0.1538820 0.1557669 0.1558723 0.1443200 0.0508370 0.1563843 0.1657829 0.1637761 0.1218244 0.1888753 0.1589117 0.0778363 0.1278259 0.0800693 
Perityle_batopilensis_97                   0.1768977 0.1026221 0.1538722 0.2114051 0.1302888 0.3429165 0.1967889 0.5943304 0.1573770 0.1984116 0.2588745 0.1892518 0.1578994 0.0000000 0.2500783 0.1837211 0.1848612 0.1714909 0.1570343 0.1587405 0.3110051 0.3017824 0.2495959 0.2769290 0.2140444 0.3413771 0.1128102 0.1528107 0.5300180 0.1503284 0.6187884 0.1557588 0.2374173 0.3659831 0.2053588 0.1936435 0.2228949 0.0950378 0.2253968 0.2670972 0.2179377 0.1958943 0.2071839 0.2083557 0.2495270 0.2928407 0.0892299 0.2106897 0.2499024 0.2227834 0.2022778 0.1768036 0.1835296 0.1962145 0.1559543 0.2216792 0.2655961 0.2993785 0.0724183 0.2521880 0.1824663 0.0296165 0.1260025 0.1944315 0.2403259 0.2036298 0.2771772 0.3668678 0.3393302 0.2329632 0.3365475 0.3149173 0.3366655 0.0630886 0.2591038 0.4202539 0.2529946 0.1949340 0.1242376 0.1920558 0.1973268 0.1466074 0.2213720 
Perityle_bisetosa_9                        0.1093857 0.0662510 0.0875196 0.1747930 0.1297109 0.3119351 0.1621965 0.4431027 0.1033980 0.1844014 0.1771327 0.0602771 0.0351259 0.2500783 0.0000000 0.1304514 0.1316427 0.1591727 0.1527702 0.1616452 0.1958761 0.1765936 0.0817118 0.2120970 0.1636284 0.1863665 0.1009402 0.1497875 0.1578591 0.1003674 0.1506022 0.0834335 0.2339730 0.2526409 0.1116954 0.1736503 0.1702686 0.0841870 0.1655182 0.1799429 0.1791049 0.1714183 0.1698398 0.1771659 0.1758883 0.1709661 0.1410263 0.0953413 0.1879439 0.2169460 0.1597079 0.1760685 0.1699597 0.1654793 0.0778720 0.1217683 0.1778417 0.2372971 0.1849461 0.1691148 0.1457302 0.0247566 0.1204982 0.1878844 0.1777547 0.1882650 0.1464675 0.1609159 0.1765936 0.1704100 0.1762913 0.2210517 0.1824847 0.0475984 0.2264859 0.2176010 0.1800465 0.1649345 0.2173203 0.1630183 0.1103645 0.1553389 0.0880946 
Perityle_californica_76_positas            0.1355622 0.0589063 0.1266532 0.1735574 0.1419343 0.2474270 0.1709086 0.5115692 0.1262326 0.2039332 0.1884576 0.1249136 0.1012260 0.1837211 0.1304514 0.0000000 0.1145844 0.1579406 0.1663212 0.1630261 0.2280494 0.2015664 0.1262787 0.2042610 0.2097842 0.1917931 0.1254755 0.1320251 0.1433679 0.0631957 0.1261768 0.1238455 0.2254295 0.2480423 0.1348729 0.1788051 0.2058937 0.1026037 0.2088237 0.1860040 0.2028542 0.1737676 0.1804277 0.2068802 0.2041617 0.2021556 0.1516501 0.1172309 0.1838579 0.2257126 0.2011985 0.1932916 0.1786709 0.1900585 0.0568192 0.0987255 0.1748026 0.2624415 0.1570103 0.2452692 0.1821452 0.0356698 0.1378112 0.1994297 0.2124538 0.2312537 0.1543750 0.2455781 0.2015664 0.2085274 0.2045863 0.2083075 0.1683436 0.0449998 0.2157068 0.2079378 0.1792973 0.1800101 0.2368519 0.1622110 0.1113358 0.1387054 0.0784907 
Perityle_canescens_77                      0.1248787 0.0807656 0.1285601 0.2211760 0.1397086 0.2776627 0.1868372 0.5302252 0.1216790 0.2308837 0.2166565 0.1232283 0.1003485 0.1848612 0.1316427 0.1145844 0.0000000 0.2060918 0.1899037 0.2225211 0.2504350 0.2233552 0.1153123 0.2218349 0.2279973 0.2342674 0.1069220 0.1559663 0.1826654 0.1408462 0.1530676 0.1191500 0.2515271 0.2330186 0.1066377 0.2224183 0.2340694 0.1557589 0.2199583 0.2243826 0.2314302 0.2202294 0.2322016 0.2328826 0.2267651 0.2210592 0.1971596 0.0901161 0.2200885 0.2354820 0.1961592 0.2242559 0.2077468 0.2123308 0.0749828 0.1054028 0.2217832 0.3024962 0.1413318 0.1791596 0.2023370 0.0357754 0.0998711 0.2269597 0.2130502 0.2371850 0.1617124 0.2071651 0.2233552 0.1906759 0.2211278 0.2217997 0.2158205 0.0420124 0.2322242 0.2308617 0.2260643 0.2234639 0.2047856 0.2168863 0.1398744 0.1474428 0.0951573 
Perityle_castillonii_96                    0.1462196 0.0796711 0.1505533 0.0622473 0.0636821 0.1999794 0.1889283 0.4045354 0.1562889 0.0673155 0.0230952 0.1597197 0.1587794 0.1714909 0.1591727 0.1579406 0.2060918 0.0000000 0.0220888 0.0329577 0.2575142 0.0330348 0.1340710 0.0323233 0.0490229 0.0406302 0.1398286 0.2249142 0.0659959 0.1615757 0.2980441 0.1545890 0.0708178 0.3871879 0.1706750 0.0222544 0.0772510 0.1532687 0.0343333 0.0350897 0.0877830 0.0309740 0.0840023 0.0787595 0.0262177 0.0316444 0.0166579 0.1702584 0.0175013 0.0391119 0.0220612 0.0458525 0.0282598 0.0628471 0.3099419 0.2814194 0.0316516 0.2580068 0.1367233 0.2251605 0.1478950 0.0140970 0.1600809 0.0465515 0.0786630 0.0850759 0.0215878 0.3364404 0.0330348 0.2882545 0.0323270 0.0316397 0.0270482 0.0249302 0.0850026 0.0934691 0.0336121 0.0881000 0.1795779 0.0340920 0.1423535 0.0624221 0.5784851 
Perityle_cernua_84                         0.1426767 0.0693688 0.1345144 0.0542551 0.0608644 0.2039424 0.1849010 0.4080834 0.1487002 0.0595813 0.0255019 0.1599590 0.1480272 0.1570343 0.1527702 0.1663212 0.1899037 0.0220888 0.0000000 0.0287281 0.2562395 0.0259105 0.1288889 0.0278216 0.0421396 0.0373612 0.1333168 0.2108723 0.0606596 0.1499805 0.2852263 0.1459745 0.0795643 0.4026747 0.1630532 0.0219452 0.0740221 0.1491120 0.0305053 0.0279105 0.0859355 0.0258856 0.0821608 0.0754935 0.0264526 0.0265575 0.0176192 0.1644982 0.0219169 0.0527994 0.0248261 0.0384358 0.0258792 0.0562540 0.3099419 0.2719559 0.0265480 0.2400504 0.1297302 0.2196859 0.1415952 0.0104275 0.1550486 0.0397703 0.0736522 0.0783694 0.0293444 0.3248391 0.0259105 0.2825302 0.0272087 0.0305261 0.0266624 0.0219874 0.0771275 0.0889055 0.0291079 0.0817342 0.1810957 0.0276131 0.1401686 0.0744261 0.5083010 
Perityle_cfvillosa_25_tin                  0.1480238 0.0888165 0.1569556 0.0711048 0.0690020 0.2139819 0.1900457 0.4028039 0.1577772 0.0756048 0.0415214 0.1531080 0.1606712 0.1587405 0.1616452 0.1630261 0.2225211 0.0329577 0.0287281 0.0000000 0.2586605 0.0393930 0.1326583 0.0231326 0.0594438 0.0507435 0.1412523 0.2311040 0.0716053 0.1699969 0.2955103 0.1560058 0.0802708 0.3769399 0.1708700 0.0369913 0.0864263 0.1564387 0.0301691 0.0420498 0.0979263 0.0250498 0.0918713 0.0860736 0.0320304 0.0225079 0.0255761 0.1672640 0.0498266 0.0399541 0.0311494 0.0569711 0.0349906 0.0714834 0.3099419 0.2950826 0.0237653 0.2741817 0.1442731 0.2378769 0.1568642 0.0361990 0.1619235 0.0591718 0.0788929 0.0940532 0.0230463 0.3366629 0.0393930 0.2863231 0.0231351 0.0224868 0.0291249 0.0138167 0.0913674 0.1135926 0.0230940 0.0930529 0.1873879 0.0255991 0.1530347 0.0689278 0.5380991 
Perityle_cinerea_113_Powell1310            0.2161990 0.2131852 0.2338399 0.2484345 0.2337687 0.3065240 0.2824616 0.4233342 0.2425491 0.2557543 0.2671294 0.1903145 0.1922374 0.3110051 0.1958761 0.2280494 0.2504350 0.2575142 0.2562395 0.2586605 0.0000000 0.2589412 0.1984945 0.2532829 0.2562234 0.2552766 0.2187964 0.3648512 0.1466185 0.2371415 0.0848349 0.2436745 0.2531295 0.0654198 0.2283335 0.2560145 0.2652590 0.2106243 0.2579577 0.2615011 0.2508894 0.2533117 0.2499728 0.2651920 0.2611110 0.2559469 0.2626947 0.2368368 0.2565784 0.2651566 0.2625644 0.2578999 0.2508852 0.2542650 0.8193901 0.2746006 0.2558598 0.3153165 0.2900883 0.0662733 0.2342034 0.2902965 0.2119741 0.2614549 0.2777600 0.2787491 0.2906033 0.0307779 0.2589412 0.2448461 0.2533117 0.2533117 0.2421047 0.3074770 0.2758869 0.2564730 0.2613062 0.2551604 0.2610893 0.2604633 0.2087042 0.2734273 1.2005279 
Perityle_coahuilensis_24                   0.1637831 0.0781623 0.1634746 0.0906895 0.0647825 0.2659145 0.1791787 0.3745458 0.1885736 0.1042003 0.0433548 0.1628881 0.1603583 0.3017824 0.1765936 0.2015664 0.2233552 0.0330348 0.0259105 0.0393930 0.2589412 0.0000000 0.1800857 0.0861831 0.0544886 0.0543209 0.1810521 0.2103918 0.0985410 0.1701573 0.3125349 0.1551022 0.1459353 0.3878906 0.1999761 0.0357282 0.0850914 0.2064684 0.0333756 0.0055255 0.1095594 0.0363624 0.0935236 0.0963363 0.0371297 0.0445003 0.0229206 0.1711797 0.0593846 0.0992963 0.0306310 0.0727633 0.0362603 0.0698454 0.3099419 0.2914668 0.0385439 0.2899565 0.2452545 0.2337953 0.1557212 0.0104403 0.2333945 0.0713299 0.0750812 0.1265499 0.0277232 0.3690625 0.0004537 0.2727175 0.0369497 0.0900228 0.0744902 0.0248230 0.1413819 0.1507785 0.0479963 0.0983092 0.2204198 0.0352396 0.1571927 0.0934349 0.5004480 
Perityle_cochisensis_44_cave_creek         0.1423930 0.0591864 0.1280440 0.1883975 0.1168131 0.2929820 0.1669494 0.5436691 0.1345150 0.2029559 0.1624402 0.0512890 0.0426617 0.2495959 0.0817118 0.1262787 0.1153123 0.1340710 0.1288889 0.1326583 0.1984945 0.1800857 0.0000000 0.1654096 0.1919224 0.1661918 0.1133588 0.1395460 0.1567515 0.1238601 0.1671476 0.1136487 0.1961614 0.2721165 0.1250599 0.1492923 0.1944224 0.1171238 0.1761143 0.1703477 0.2040505 0.1459433 0.1874441 0.1948957 0.1741464 0.1732415 0.1325323 0.1014321 0.1608465 0.1834982 0.1671640 0.1814568 0.1475140 0.1899668 0.0667805 0.1222722 0.1473208 0.2922459 0.1536306 0.1554054 0.1799748 0.0104566 0.1084980 0.1792011 0.2251797 0.2217703 0.1561330 0.1756176 0.1800857 0.1900143 0.1740676 0.1712712 0.1405532 0.0247841 0.2112879 0.2079373 0.1497995 0.1895855 0.2092287 0.1294571 0.1423067 0.1353659 0.0854888 
Perityle_congesta_202                      0.2137121 0.0827962 0.2037197 0.0826929 0.0661938 0.2630461 0.1865695 0.4585117 0.2113163 0.1352788 0.0714263 0.1435283 0.1560257 0.2769290 0.2120970 0.2042610 0.2218349 0.0323233 0.0278216 0.0231326 0.2532829 0.0861831 0.1654096 0.0000000 0.1088111 0.0514344 0.2007541 0.2179269 0.1060184 0.1704584 0.2982169 0.2154274 0.0610090 0.5262859 0.2389617 0.0452194 0.1312531 0.1798876 0.0659247 0.0646316 0.1352109 0.0133445 0.1119914 0.1488837 0.0840698 0.0485263 0.0246709 0.1704753 0.0893469 0.0563281 0.0808557 0.0982359 0.0438361 0.1058502 0.3099419 0.3019613 0.0142755 0.3213991 0.2045280 0.2277482 0.1914972 0.0249399 0.2509167 0.0833995 0.1258234 0.1795565 0.0246319 0.3862751 0.0843416 0.3066983 0.0542546 0.0088566 0.0486952 0.0081911 0.1351462 0.1709835 0.0410311 0.1053242 0.1889153 0.0084667 0.2103939 0.0790742 0.5798960 
Perityle_cordifolia_27                     0.1616990 0.0828067 0.1465494 0.0840332 0.0656876 0.2686879 0.1829515 0.3743009 0.1549910 0.0790397 0.0596522 0.1811996 0.1587610 0.2140444 0.1636284 0.2097842 0.2279973 0.0490229 0.0421396 0.0594438 0.2562234 0.0544886 0.1919224 0.1088111 0.0000000 0.0626452 0.1447591 0.2122715 0.0834770 0.1538870 0.3105764 0.1536384 0.1587072 0.3956663 0.1730207 0.0514174 0.0933055 0.1664821 0.0560296 0.0559322 0.1010825 0.0600304 0.0942336 0.0906335 0.0547572 0.0555657 0.0330291 0.1803287 0.0762033 0.1129883 0.0498080 0.0157134 0.0520939 0.0751717 0.3099419 0.2666699 0.0616859 0.2851129 0.1499161 0.2264428 0.1593518 0.0175465 0.2041217 0.0337417 0.0836001 0.1025243 0.0346032 0.3690243 0.0539566 0.2740958 0.0561567 0.1112352 0.0590512 0.0419928 0.1389184 0.1205120 0.0570773 0.0958553 0.1819230 0.0588071 0.1527801 0.0882533 0.5358723 
Perityle_cordifolia_68_tecolote            0.1646298 0.0936350 0.1804999 0.0765790 0.0695405 0.2401591 0.1863990 0.4135985 0.2055900 0.1273357 0.0508245 0.1784502 0.1783018 0.3413771 0.1863665 0.1917931 0.2342674 0.0406302 0.0373612 0.0507435 0.2552766 0.0543209 0.1661918 0.0514344 0.0626452 0.0000000 0.2218029 0.2344840 0.0717490 0.1745494 0.3240689 0.1635900 0.1032541 0.4175147 0.2147411 0.0418245 0.0966741 0.2269297 0.0497079 0.0531655 0.1237192 0.0501191 0.1023172 0.1122827 0.0477004 0.0506140 0.0327218 0.1862726 0.0751860 0.0744567 0.0394765 0.0867378 0.0421355 0.0807595 0.3099419 0.2974589 0.0529207 0.3138967 0.3050675 0.2289665 0.1642146 0.0246342 0.2438421 0.0609145 0.0933972 0.1235901 0.0356840 0.3695112 0.0646869 0.3044946 0.0548509 0.0594767 0.1147224 0.0308838 0.1011831 0.2021695 0.0543515 0.1054536 0.2408961 0.0494960 0.1654271 0.0802831 0.5531596 
Perityle_coronopifolia_28_patagonia        0.1789730 0.0897595 0.1585092 0.1514118 0.1331232 0.2952713 0.1702858 0.4482466 0.1610038 0.1423081 0.1601728 0.1321311 0.1185763 0.1128102 0.1009402 0.1254755 0.1069220 0.1398286 0.1333168 0.1412523 0.2187964 0.1810521 0.1133588 0.2007541 0.1447591 0.2218029 0.0000000 0.1130051 0.1503572 0.1571578 0.1453294 0.1222896 0.2325586 0.2672660 0.1309772 0.1474324 0.1461561 0.1107138 0.1413027 0.1774426 0.1529772 0.1468980 0.1498647 0.1459406 0.1540544 0.1641834 0.1169202 0.0853855 0.1618761 0.2108230 0.1323541 0.1425392 0.1453163 0.1489645 0.0871916 0.1521542 0.1739386 0.2075463 0.0814821 0.1679851 0.1082638 0.0248861 0.0438524 0.1744096 0.1580314 0.1620558 0.1520567 0.2236958 0.2063116 0.1592269 0.1847185 0.2153861 0.2148219 0.0508892 0.1964064 0.2444477 0.1754472 0.1497812 0.1392846 0.1534228 0.1510500 0.1448658 0.0920962 
Perityle_crassifolia_70_ventanas           0.1326339 0.1651110 0.1149854 0.2067023 0.1500816 0.2960215 0.2561313 0.6149493 0.1285999 0.2017903 0.2253926 0.1336108 0.1184081 0.1528107 0.1497875 0.1320251 0.1559663 0.2249142 0.2108723 0.2311040 0.3648512 0.2103918 0.1395460 0.2179269 0.2122715 0.2344840 0.1130051 0.0000000 0.4504857 0.1435554 0.2420868 0.1265233 0.2234663 0.1400548 0.1316108 0.2236643 0.2227524 0.2452670 0.2224384 0.2104462 0.2210986 0.2227183 0.2223906 0.2228677 0.2247850 0.2226996 0.1857484 0.1200627 0.2197853 0.2181494 0.2182873 0.2125996 0.2157246 0.2064516 0.1030999 0.1346849 0.2202474 0.3233429 0.1198694 0.1875884 0.2095644 0.0920917 0.1048066 0.2170223 0.1995174 0.1934791 0.2809598 0.2070667 0.2103918 0.0852994 0.2177250 0.2199551 0.2139635 0.1035502 0.2064487 0.2223976 0.2219180 0.2171621 0.1244297 0.2246629 0.1459975 0.1672813 0.0959143 
Perityle_crassifolia_74_playa_balandra     0.1406772 0.1461989 0.1789568 0.1084357 0.0777063 0.1289576 0.1263466 0.1424458 0.1787758 0.0653453 0.0719917 0.1466185 0.1654061 0.5300180 0.1578591 0.1433679 0.1826654 0.0659959 0.0606596 0.0716053 0.1466185 0.0985410 0.1567515 0.1060184 0.0834770 0.0717490 0.1503572 0.4504857 0.0000000 0.1502091 0.1570246 0.1625068 0.1008774 0.1712700 0.2062687 0.0659959 0.0604045 0.1407841 0.0773014 0.0898989 0.0661291 0.0715668 0.0602031 0.0661277 0.0775075 0.1060184 0.0719917 0.1885144 0.0716697 0.1121838 0.0719917 0.0838946 0.0778623 0.0833825 0.0000010 0.0000010 0.0715668 0.1609778 0.0000010 0.3107572 0.1819331 0.0000010 0.1961608 0.0833238 0.0661289 0.1134308 0.0717998 0.1598470 0.0985410 0.1506966 0.0715668 0.1060184 0.0719917 0.0000010 0.1070159 0.0545392 0.0659959 0.0547984 0.0832719 0.0772599 0.1581288 0.0662302 0.0000010 
Perityle_cuneata_34_cuneata_San_antonio    0.1284916 0.0971124 0.1452315 0.1490104 0.1434397 0.2658824 0.1838091 0.5205256 0.1366867 0.1551293 0.1642433 0.1890590 0.0859546 0.1503284 0.1003674 0.0631957 0.1408462 0.1615757 0.1499805 0.1699969 0.2371415 0.1701573 0.1238601 0.1704584 0.1538870 0.1745494 0.1571578 0.1435554 0.1502091 0.0000000 0.0757414 0.0944407 0.1745653 0.2206479 0.1240711 0.1619008 0.1624829 0.1514353 0.1672785 0.1705148 0.1613608 0.1664386 0.1616605 0.1618158 0.1714134 0.1697513 0.1569795 0.1054496 0.1919703 0.1582516 0.1576545 0.1565822 0.1598819 0.1546743 0.1107058 0.1226392 0.1734803 0.3247719 0.1211119 0.1902881 0.1426059 0.0580906 0.1099585 0.1634175 0.1713943 0.1650427 0.1571663 0.2669523 0.1701573 0.1766003 0.1720922 0.1697094 0.1712632 0.0744430 0.1626668 0.2061341 0.1737369 0.1548374 0.2019423 0.1742325 0.1036682 0.1301811 0.0860382 
Perityle_cuneata_4                         0.1254776 0.0603959 0.1440585 0.2858909 0.2289027 0.3849509 0.1542540 0.4683098 0.1418234 0.2904434 0.2891505 0.1530320 0.1413371 0.6187884 0.1506022 0.1261768 0.1530676 0.2980441 0.2852263 0.2955103 0.0848349 0.3125349 0.1671476 0.2982169 0.3105764 0.3240689 0.1453294 0.2420868 0.1570246 0.0757414 0.0000000 0.1334076 0.3524326 0.2259222 0.1433411 0.2952411 0.2886230 0.1564945 0.3021138 0.3108829 0.2973526 0.2938742 0.2866570 0.2943505 0.3024087 0.2916271 0.2873432 0.1499922 0.3031959 0.3121220 0.2939123 0.3110383 0.2929565 0.3102079 0.0000010 0.0000010 0.2959253 0.2491681 0.5317104 0.6858913 0.2533229 0.0000010 0.1433052 0.3149891 0.3020651 0.3223069 0.2273102 0.1660886 0.3125349 0.1372793 0.3014537 0.2944805 0.2784404 0.0000010 0.2964575 0.2834157 0.3079379 0.2994715 0.3636692 0.2961619 0.1446712 0.2735435 0.0594515 
Perityle_discoidea_81                      0.0303409 0.0536018 0.0478899 0.1929325 0.1490323 0.2912767 0.1542968 0.4706678 0.0030119 0.1584407 0.1528374 0.1502719 0.0884586 0.1557588 0.0834335 0.1238455 0.1191500 0.1545890 0.1459745 0.1560058 0.2436745 0.1551022 0.1136487 0.2154274 0.1536384 0.1635900 0.1222896 0.1265233 0.1625068 0.0944407 0.1334076 0.0000000 0.2252449 0.1579678 0.0935504 0.1592214 0.1562352 0.1450304 0.1441100 0.1592727 0.1600719 0.1582233 0.1555961 0.1474299 0.1551529 0.1742567 0.1419091 0.1013662 0.1901029 0.2029008 0.1468028 0.1583847 0.1561010 0.1557683 0.1014528 0.1412496 0.1545724 0.2549153 0.1118527 0.1633776 0.1243872 0.0431517 0.1324318 0.1895066 0.1637019 0.2031478 0.1761801 0.2628929 0.1525670 0.1837807 0.1488224 0.2155626 0.1571963 0.0449606 0.2217511 0.1914022 0.1597311 0.1496812 0.1914674 0.1502777 0.0992432 0.1387753 0.0936668 
Perityle_dissecta_201                      0.2221964 0.0735424 0.2107959 0.1106320 0.0696172 0.2888787 0.1980490 0.4495788 0.2121799 0.1823660 0.1025787 0.1985285 0.1630753 0.2374173 0.2339730 0.2254295 0.2515271 0.0708178 0.0795643 0.0802708 0.2531295 0.1459353 0.1961614 0.0610090 0.1587072 0.1032541 0.2325586 0.2234663 0.1008774 0.1745653 0.3524326 0.2252449 0.0000000 0.5581442 0.2609785 0.0882935 0.1768079 0.2094779 0.1379850 0.1251442 0.1742666 0.1033500 0.1597039 0.1840302 0.1317911 0.0924619 0.0442828 0.2103372 0.1274753 0.0781825 0.1172553 0.1366520 0.0988819 0.1478971 0.3099419 0.2719559 0.0979356 0.3561155 0.1904863 0.2196859 0.2093169 0.0069448 0.2771673 0.1369280 0.1899656 0.2025283 0.0403304 0.4436936 0.1441919 0.3767497 0.1342870 0.0658834 0.0952696 0.0220258 0.1616478 0.2011389 0.0942813 0.1460488 0.2489571 0.0718271 0.2252285 0.1106115 0.6181146 
Perityle_emoryi_47_punta_san_jose          0.1620680 0.1929545 0.1618148 0.4859833 0.2253252 0.4425691 0.2597656 0.5895759 0.1398417 0.4094752 0.3962721 0.2112416 0.1979202 0.3659831 0.2526409 0.2480423 0.2330186 0.3871879 0.4026747 0.3769399 0.0654198 0.3878906 0.2721165 0.5262859 0.3956663 0.4175147 0.2672660 0.1400548 0.1712700 0.2206479 0.2259222 0.1579678 0.5581442 0.0000000 0.2470285 0.4238936 0.4018464 0.3308949 0.3815543 0.4223773 0.4182648 0.4180052 0.4392662 0.3856447 0.3995880 0.4450525 0.3400157 0.2365172 0.4257695 0.5454542 0.3900824 0.4212697 0.4089723 0.4032064 0.1109946 0.1361335 0.4194088 0.4132073 0.2723995 0.0918826 0.4029553 0.1945794 0.3314086 0.4736671 0.4111945 0.4858984 0.2636637 0.2126830 0.3852059 0.2749710 0.3944488 0.5324503 0.3971837 0.1933863 0.5729545 0.3849821 0.4118140 0.4278930 0.2920133 0.3770387 0.2531478 0.3614440 0.1166566 
Perityle_feddemae_99                       0.1279113 0.0939872 0.1182741 0.1988861 0.1388152 0.3243833 0.1598539 0.4799048 0.1209247 0.1723983 0.1977126 0.1565608 0.0743886 0.2053588 0.1116954 0.1348729 0.1066377 0.1706750 0.1630532 0.1708700 0.2283335 0.1999761 0.1250599 0.2389617 0.1730207 0.2147411 0.1309772 0.1316108 0.2062687 0.1240711 0.1433411 0.0935504 0.2609785 0.2470285 0.0000000 0.1819249 0.1757788 0.1465486 0.1743757 0.2007923 0.1416860 0.1802058 0.1409550 0.1685759 0.1831730 0.1989032 0.1641239 0.0263530 0.2097715 0.2412600 0.1795034 0.1763335 0.1802365 0.1757155 0.0751752 0.1254426 0.1936095 0.2820157 0.1366999 0.1515101 0.1411982 0.0473067 0.1169582 0.2050027 0.1860294 0.2094437 0.1683151 0.2405562 0.1981174 0.1654045 0.1994510 0.2475473 0.2179606 0.0543819 0.2390199 0.2357904 0.1912474 0.1657449 0.1991510 0.1717379 0.1122364 0.1462479 0.0981737 
Perityle_fosteri_93                        0.1638069 0.0793371 0.1571245 0.0660040 0.0593646 0.2311007 0.1843465 0.3951638 0.1610298 0.0727652 0.0262492 0.1626323 0.1576292 0.1936435 0.1736503 0.1788051 0.2224183 0.0222544 0.0219452 0.0369913 0.2560145 0.0357282 0.1492923 0.0452194 0.0514174 0.0418245 0.1474324 0.2236643 0.0659959 0.1619008 0.2952411 0.1592214 0.0882935 0.4238936 0.1819249 0.0000000 0.0872598 0.1692911 0.0375353 0.0369875 0.0965663 0.0369624 0.0925144 0.0895601 0.0325658 0.0326544 0.0156818 0.1751619 0.0313819 0.0617562 0.0230429 0.0472624 0.0285610 0.0707263 0.3099419 0.2720149 0.0330984 0.2765842 0.1408344 0.2290422 0.1616215 0.0175424 0.1701622 0.0497730 0.0824602 0.0894788 0.0182998 0.3323102 0.0357282 0.2840938 0.0332521 0.0485391 0.0308461 0.0276859 0.1021961 0.0999460 0.0380196 0.0933231 0.1829506 0.0355959 0.1547979 0.0769815 0.5784851 
Perityle_gamon_221                         0.1648927 0.0822883 0.1502355 0.1021175 0.0795013 0.2637965 0.1834248 0.3576279 0.1569608 0.0993938 0.0807160 0.1813812 0.1488205 0.2228949 0.1702686 0.2058937 0.2340694 0.0772510 0.0740221 0.0864263 0.2652590 0.0850914 0.1944224 0.1312531 0.0933055 0.0966741 0.1461561 0.2227524 0.0604045 0.1624829 0.2886230 0.1562352 0.1768079 0.4018464 0.1757788 0.0872598 0.0000000 0.1697047 0.0861809 0.0883344 0.0812831 0.0925252 0.0776840 0.0111942 0.0847708 0.0831563 0.0499514 0.1719175 0.0981803 0.1452344 0.0744004 0.0884031 0.0842227 0.0948909 0.8827752 0.2751809 0.0903336 0.2963076 0.1474397 0.2293231 0.1649012 0.0355889 0.2007047 0.1103804 0.0941477 0.1098946 0.0680146 0.3576630 0.0850914 0.2883037 0.0837096 0.1370357 0.0829900 0.0449508 0.1638386 0.0994188 0.0897683 0.0794439 0.1540702 0.0797331 0.1623558 0.1078560 0.6964051 
Perityle_gentryi_8_san_francisco           0.1642470 0.0693958 0.1306637 0.1606763 0.1287317 0.2615537 0.1623096 0.5136479 0.1507331 0.1602932 0.1909402 0.1438232 0.1043220 0.0950378 0.0841870 0.1026037 0.1557589 0.1532687 0.1491120 0.1564387 0.2106243 0.2064684 0.1171238 0.1798876 0.1664821 0.2269297 0.1107138 0.2452670 0.1407841 0.1514353 0.1564945 0.1450304 0.2094779 0.3308949 0.1465486 0.1692911 0.1697047 0.0000000 0.1637435 0.1978554 0.1756098 0.1581697 0.1720056 0.1674049 0.1816047 0.1931253 0.1441090 0.1488678 0.1842049 0.1946489 0.1644645 0.1602235 0.1609957 0.1637232 0.2695027 0.1412594 0.1874325 0.2253146 0.0777391 0.2978561 0.1340968 0.0247817 0.1067908 0.1719559 0.1853143 0.1756384 0.1491219 0.2830594 0.2221397 0.2215313 0.2149076 0.1984828 0.2166018 0.0478410 0.1884811 0.2691361 0.1872128 0.1671538 0.1922374 0.1714780 0.1552446 0.1337493 0.2970125 
Perityle_gilensis_22_Superstition          0.1501425 0.0825962 0.1470060 0.0840141 0.0674050 0.2699181 0.1882259 0.3757182 0.1455788 0.0721257 0.0423855 0.1463894 0.1571697 0.2253968 0.1655182 0.2088237 0.2199583 0.0343333 0.0305053 0.0301691 0.2579577 0.0333756 0.1761143 0.0659247 0.0560296 0.0497079 0.1413027 0.2224384 0.0773014 0.1672785 0.3021138 0.1441100 0.1379850 0.3815543 0.1743757 0.0375353 0.0861809 0.1637435 0.0000000 0.0353021 0.0986431 0.0202596 0.0959615 0.0864633 0.0376147 0.0181061 0.0273325 0.1717983 0.0627637 0.0964153 0.0348221 0.0565125 0.0355700 0.0691413 0.3099419 0.2841971 0.0181520 0.2607942 0.1668506 0.2265917 0.1586108 0.0212440 0.1983156 0.0754126 0.0769246 0.0981207 0.0245841 0.3667517 0.0328652 0.2741506 0.0157511 0.0701628 0.0386095 0.0081883 0.1388094 0.1182154 0.0431087 0.0952428 0.1807899 0.0198238 0.1524717 0.0891698 0.5376867 
Perityle_gilensis_salensis_225             0.1679378 0.0825812 0.1665673 0.0728308 0.0661022 0.2644523 0.1859718 0.3942856 0.1869972 0.1021069 0.0447693 0.1646148 0.1626813 0.2670972 0.1799429 0.1860040 0.2243826 0.0350897 0.0279105 0.0420498 0.2615011 0.0055255 0.1703477 0.0646316 0.0559322 0.0531655 0.1774426 0.2104462 0.0898989 0.1705148 0.3108829 0.1592727 0.1251442 0.4223773 0.2007923 0.0369875 0.0883344 0.1978554 0.0353021 0.0000000 0.1101179 0.0388757 0.0942379 0.1010018 0.0401526 0.0377125 0.0256360 0.1722744 0.0600192 0.0951205 0.0321803 0.0727257 0.0375626 0.0709150 0.3099419 0.2745073 0.0403096 0.3055100 0.2163088 0.2337953 0.1566588 0.0104403 0.2075525 0.0692864 0.0785885 0.1080444 0.0308886 0.3651404 0.0055255 0.2747698 0.0381783 0.0692694 0.0609074 0.0248230 0.1294607 0.1417764 0.0498316 0.0995942 0.2117225 0.0390694 0.1604331 0.0954374 0.5004480 
Perityle_glaucescens_94                    0.1689033 0.0962147 0.1627708 0.0903225 0.0848734 0.2693097 0.1789713 0.3831430 0.1627598 0.1010102 0.1022578 0.1846875 0.1573866 0.2179377 0.1791049 0.2028542 0.2314302 0.0877830 0.0859355 0.0979263 0.2508894 0.1095594 0.2040505 0.1352109 0.1010825 0.1237192 0.1529772 0.2210986 0.0661291 0.1613608 0.2973526 0.1600719 0.1742666 0.4182648 0.1416860 0.0965663 0.0812831 0.1756098 0.0986431 0.1101179 0.0000000 0.1011928 0.0051239 0.0843988 0.0984529 0.1071834 0.0695832 0.1527866 0.1193473 0.1554428 0.0822157 0.1041454 0.0902485 0.1032848 0.3099419 0.2501943 0.1147992 0.3057491 0.1640424 0.2163697 0.1609816 0.0505690 0.1953027 0.1198212 0.0942820 0.1050598 0.0781898 0.3506118 0.1095594 0.2909068 0.1073961 0.1450355 0.1235660 0.0478677 0.1461987 0.1302290 0.1177531 0.0670217 0.1691534 0.0999660 0.1636222 0.0979150 0.5166644 
Perityle_gracilis_11                       0.1645841 0.0813047 0.1617359 0.0684025 0.0635406 0.2314125 0.1849983 0.4023442 0.1620981 0.0754364 0.0363568 0.1479581 0.1530412 0.1958943 0.1714183 0.1737676 0.2202294 0.0309740 0.0258856 0.0250498 0.2533117 0.0363624 0.1459433 0.0133445 0.0600304 0.0501191 0.1468980 0.2227183 0.0715668 0.1664386 0.2938742 0.1582233 0.1033500 0.4180052 0.1802058 0.0369624 0.0925252 0.1581697 0.0202596 0.0388757 0.1011928 0.0000000 0.0948885 0.0934495 0.0393600 0.0070682 0.0228722 0.1689404 0.0375668 0.0709370 0.0328801 0.0563739 0.0344660 0.0763409 0.3099419 0.2933899 0.0082532 0.2629340 0.1470934 0.2321741 0.1592513 0.0213091 0.1659815 0.0583166 0.0797849 0.0967749 0.0214939 0.3322053 0.0363624 0.2808434 0.0088419 0.0184437 0.0340191 0.0054475 0.0992419 0.1032897 0.0412272 0.0958976 0.1827019 0.0115924 0.1586623 0.0765096 0.5798960 
Perityle_harkerae_31                       0.1699810 0.0917319 0.1559811 0.0820321 0.0780424 0.2298448 0.1722075 0.3888912 0.1583419 0.0931776 0.0870975 0.1834527 0.1532241 0.2071839 0.1698398 0.1804277 0.2322016 0.0840023 0.0821608 0.0918713 0.2499728 0.0935236 0.1874441 0.1119914 0.0942336 0.1023172 0.1498647 0.2223906 0.0602031 0.1616605 0.2866570 0.1555961 0.1597039 0.4392662 0.1409550 0.0925144 0.0776840 0.1720056 0.0959615 0.0942379 0.0051239 0.0948885 0.0000000 0.0772922 0.0923825 0.0926813 0.0666030 0.1469642 0.0891797 0.1435423 0.0810760 0.0935010 0.0866136 0.0995887 0.3099419 0.2558573 0.0944970 0.2758984 0.1453489 0.2157122 0.1558090 0.0469077 0.1745916 0.0972333 0.0928695 0.0984993 0.0697469 0.3179613 0.0935236 0.2920816 0.0933036 0.1161066 0.0913852 0.0478334 0.1250115 0.0777532 0.0940262 0.0588346 0.1660824 0.0869109 0.1582987 0.0885833 0.5208294 
Perityle_hofmeisteria_4_nombre_de_dios     0.1525417 0.0824164 0.1413989 0.1122833 0.0795946 0.2743546 0.1834740 0.3698689 0.1500204 0.1029369 0.1005223 0.1821476 0.1467379 0.2083557 0.1771659 0.2068802 0.2328826 0.0787595 0.0754935 0.0860736 0.2651920 0.0963363 0.1948957 0.1488837 0.0906335 0.1122827 0.1459406 0.2228677 0.0661277 0.1618158 0.2943505 0.1474299 0.1840302 0.3856447 0.1685759 0.0895601 0.0111942 0.1674049 0.0864633 0.1010018 0.0843988 0.0934495 0.0772922 0.0000000 0.0977103 0.1015326 0.0509617 0.1747620 0.1150061 0.1454410 0.0764368 0.0907170 0.0849210 0.0967304 0.8827752 0.2671552 0.1091895 0.3025180 0.1429489 0.2253383 0.1617801 0.0355439 0.1975092 0.1103276 0.0937290 0.1282144 0.0715753 0.3795106 0.0957738 0.2891530 0.0991293 0.1586856 0.1156044 0.0449057 0.1655845 0.1347509 0.1063566 0.0824773 0.1532215 0.0980416 0.1599594 0.1090156 0.6142023 
Perityle_huecosensis_48                    0.1660302 0.0865841 0.1548435 0.0764327 0.0660074 0.2755634 0.1972700 0.3826384 0.1662781 0.0824935 0.0372279 0.1700859 0.1588490 0.2495270 0.1758883 0.2041617 0.2267651 0.0262177 0.0264526 0.0320304 0.2611110 0.0371297 0.1741464 0.0840698 0.0547572 0.0477004 0.1540544 0.2247850 0.0775075 0.1714134 0.3024087 0.1551529 0.1317911 0.3995880 0.1831730 0.0325658 0.0847708 0.1816047 0.0376147 0.0401526 0.0984529 0.0393600 0.0923825 0.0977103 0.0000000 0.0333016 0.0183466 0.1780697 0.1031694 0.0925151 0.0275293 0.0606541 0.0310181 0.0716307 0.3099419 0.2896961 0.0392594 0.2795218 0.1886218 0.2460533 0.1620256 0.0175499 0.2114854 0.0705301 0.0741130 0.0998048 0.0183147 0.3736266 0.0371297 0.2813188 0.0348599 0.0861378 0.0432059 0.0276883 0.1378948 0.1403670 0.0300269 0.0978790 0.1834331 0.0377559 0.1610768 0.0882583 0.5305904 
