84
Amauria_brandeegeana_62                    0.0000000 0.0828734 0.0281931 0.3234678 0.0915470 0.0812615 0.1817127 0.2142856 0.2553690 0.0917673 0.0991315 0.1064485 0.1331324 0.0924912 0.0836510 0.0998960 0.0956963 0.0979127 0.1005628 0.1049115 0.0891662 0.0996000 0.1368213 0.0883128 0.1561822 0.0969327 0.1007469 0.1012286 0.1093408 0.0915407 0.0627440 0.0970041 0.1142515 0.0828291 0.1000837 0.1187386 0.1083345 0.0909164 0.1068689 0.0998279 0.0878888 0.0906838 0.1134379 0.0974441 0.1094366 0.1046765 0.0900016 0.1009738 0.0959564 0.1122092 0.0921806 0.0915182 0.0959034 0.1006844 0.1036770 0.1159306 0.0879501 0.0948723 0.0970701 0.0943278 0.1069720 0.1382480 0.1230518 0.0563315 0.1621461 0.1032109 0.1012308 0.1098527 0.2922733 0.0987625 0.0847910 0.0956695 0.1038770 0.1012631 0.0962167 0.0601753 0.1862974 0.1460372 0.0949234 0.1000054 0.1024805 0.0978066 0.1370943 0.0763925 
Amauria_carterae_99_mesa                   0.0828734 0.0000000 0.0798067 0.3628151 0.0658335 0.0628931 0.1591385 0.1588564 0.2214305 0.0836164 0.0840886 0.0738373 0.0735884 0.0639286 0.0699152 0.0765594 0.0704793 0.1145333 0.0768539 0.0674156 0.0634001 0.0627224 0.1655416 0.0628577 0.0677948 0.0651432 0.0692249 0.0667758 0.1015060 0.0781349 0.0751488 0.0825967 0.0901665 0.0793231 0.0676215 0.0756065 0.0827883 0.0732643 0.0828013 0.0701195 0.0655099 0.0678692 0.0851219 0.0668397 0.0858537 0.0845926 0.0627046 0.0687502 0.0684180 0.0860357 0.0660006 0.0688168 0.0670913 0.0744899 0.0644062 0.0859593 0.0727893 0.0755674 0.0717233 0.0667094 0.0891618 0.1396706 0.0925591 0.0636909 0.0767950 0.0849917 0.0703783 0.0760255 0.2977679 0.0691284 0.0619836 0.0802375 0.0710002 0.0668079 0.0651884 0.0619604 0.0819853 0.0846933 0.0636190 0.0694551 0.0858852 0.0688697 0.1019704 0.0727575 
Amauria_rotundifolia_SRR9119150            0.0281931 0.0798067 0.0000000 0.3242235 0.0816381 0.0720736 0.1919463 0.1948755 0.2469136 0.0909453 0.0864398 0.0973283 0.1288812 0.0793242 0.0911196 0.0872514 0.0880866 0.1010720 0.0886208 0.0918376 0.0784651 0.0881966 0.1415542 0.0794849 0.1330473 0.0867845 0.0936982 0.0906883 0.1011269 0.0841586 0.0621901 0.0833640 0.0971791 0.0827258 0.0879153 0.1127153 0.0998848 0.0822191 0.0960195 0.0871098 0.0792351 0.0815956 0.1025721 0.0869053 0.1023085 0.0905137 0.0817373 0.1079465 0.0863174 0.1006250 0.0831106 0.0823132 0.0852847 0.0935925 0.0868570 0.1151893 0.0856974 0.0823423 0.0865077 0.0871495 0.0936756 0.1460092 0.1048101 0.0511528 0.1442595 0.0904085 0.0933850 0.0968727 0.2971426 0.0893747 0.0793395 0.0909617 0.0918678 0.0917333 0.0851817 0.0553761 0.1801914 0.1352605 0.0847156 0.0907420 0.0977022 0.0882230 0.1447558 0.0761671 
Conoclinium_coelestinum_SRR9119114         0.3234678 0.3628151 0.3242235 0.0000000 0.3236817 0.2281085 0.2109646 0.2623629 0.5200505 0.2860201 0.3268322 0.3365199 0.3806880 0.3108907 0.4048468 0.3210645 0.3049174 0.3676670 0.3542066 0.3450740 0.3093995 0.3249369 0.3410019 0.3038462 0.3765761 0.3019698 0.3171000 0.3222804 0.2830842 0.3704545 0.3518631 0.3076472 0.2498144 0.9731899 0.3054371 0.3736029 0.3499585 0.3051124 0.3669897 0.3433557 0.3111363 0.3107856 0.3659689 0.3080363 0.3650997 0.3792427 0.3118630 0.3464146 0.2982496 0.3490400 0.3021811 0.3016044 0.3044652 0.3203961 0.3493621 0.3668263 0.3110860 0.2985488 0.3012074 0.3050506 0.3324883 0.1836913 0.2663245 0.3655252 0.3950844 0.3359683 0.3324553 0.3469348 1.1074111 0.3217484 0.3228627 0.3196744 0.3249990 0.3435772 0.3029220 0.2638164 0.4424603 0.4198277 0.2953344 0.3069591 0.3647776 0.3028882 0.4726493 0.3096787 
Eutetras_palmeri_63                        0.0915470 0.0658335 0.0816381 0.3236817 0.0000000 0.0269378 0.1886031 0.1723880 0.2679297 0.0851020 0.0767106 0.0775148 0.1064579 0.0744755 0.0749896 0.0748662 0.0723652 0.1165849 0.0723316 0.0729340 0.0653833 0.0784244 0.1519104 0.0664770 0.1110669 0.0738113 0.0789676 0.0824069 0.0784882 0.0760331 0.0683748 0.0796046 0.0834360 0.0527721 0.0803104 0.0991589 0.0840555 0.0712478 0.0813437 0.0722201 0.0664376 0.0689985 0.0864628 0.0728647 0.0844386 0.0817422 0.0675316 0.0753592 0.0733918 0.0860431 0.0682681 0.0733937 0.0722804 0.0824890 0.0733433 0.0915573 0.0670859 0.0658429 0.0740680 0.0724731 0.0855303 0.1508643 0.0922834 0.0600313 0.1275472 0.0743677 0.0794221 0.0833839 0.3132618 0.0745721 0.0656114 0.0752432 0.0774443 0.0732705 0.0695003 0.0520337 0.1494796 0.1261827 0.0675592 0.0762880 0.0878448 0.0750945 0.1380657 0.0649535 
Eutetras_pringlei_149_quer                 0.0812615 0.0628931 0.0720736 0.2281085 0.0269378 0.0000000 0.1673786 0.1056118 0.3557744 0.0860510 0.0691314 0.0520692 0.0575964 0.0453966 0.0677389 0.0506335 0.0519524 0.1143488 0.0655891 0.0450980 0.0436907 0.0372342 0.0642614 0.0466479 0.0662578 0.0505036 0.0598566 0.0591865 0.0735392 0.1103745 0.0829407 0.0816597 0.0718674 0.0000010 0.0574643 0.1220425 0.0862319 0.0534680 0.0760651 0.0478956 0.0522065 0.0507036 0.0790711 0.0518863 0.0843171 0.0779184 0.0410133 0.0573590 0.0491749 0.0819914 0.0432826 0.0574603 0.0524528 0.0684130 0.0492204 0.0827556 0.0550796 0.0522944 0.0478666 0.0478128 0.0984386 0.1075950 0.0918167 0.0561359 0.1395408 0.0720330 0.0626156 0.0611271 0.7003574 0.0534723 0.0452912 0.0730787 0.0546504 0.0552090 0.0533046 0.0437869 0.0951317 0.1042535 0.0387449 0.0549032 0.0880048 0.0566388 0.1490627 0.0535001 
Eutrochium_fistulosum_SRR9119106           0.1817127 0.1591385 0.1919463 0.2109646 0.1886031 0.1673786 0.0000000 0.2817969 0.2554432 0.1991370 0.2020965 0.1964398 0.2216896 0.1931867 0.1876293 0.1911426 0.1934168 0.2128368 0.1933191 0.2047818 0.1848584 0.1957114 0.2232209 0.1848194 0.2165105 0.1875259 0.1936669 0.1956947 0.2217566 0.1900637 0.1501790 0.2214506 0.2661143 0.2069772 0.1884013 0.2092991 0.2062237 0.1901694 0.2094672 0.1916736 0.1849933 0.1836560 0.2098347 0.1884819 0.2109877 0.2077394 0.1864565 0.2115048 0.1812600 0.2058346 0.1778983 0.1831759 0.1872472 0.2003052 0.1907629 0.2150316 0.1950453 0.1856447 0.1893371 0.1982842 0.2072005 0.2195855 0.2250788 0.1512497 0.2279567 0.1984660 0.1970991 0.1917837 0.3740828 0.1911495 0.1845593 0.1802443 0.1958841 0.1944372 0.1900609 0.1428698 0.2390220 0.2375613 0.1866659 0.1885650 0.1989314 0.1877550 0.2776373 0.1873262 
Galeana_pratensis_104_mex                  0.2142856 0.1588564 0.1948755 0.2623629 0.1723880 0.1056118 0.2817969 0.0000000 0.6009760 0.2265537 0.1828870 0.1942687 0.1820420 0.1593925 0.1234522 0.1775991 0.1715538 0.2161156 0.2067288 0.1684117 0.1621041 0.1553702 0.9649442 0.1804454 0.1624349 0.1661460 0.1933745 0.2100255 0.1741938 0.1816239 0.3799206 0.1884805 0.1832381 0.6069181 0.1804645 0.3164471 0.2031678 0.1715538 0.2277222 0.1775000 0.1850720 0.1713162 0.2122900 0.1703793 0.2311453 0.2231374 0.1633311 0.1795117 0.1797107 0.2032604 0.1621041 0.1501100 0.1755243 0.2020873 0.1590713 0.1930537 0.1824054 0.1643018 0.1720726 0.1708227 0.2146838 0.1911179 0.2206049 0.4000557 0.4061351 0.2056628 0.1976612 0.2335631 0.5355013 0.1715538 0.1758755 0.2025056 0.1707730 0.1661460 0.1706346 0.1527836 0.2670091 0.2331454 0.1631583 0.1756106 0.2104615 0.1768590 0.5030499 0.1389550 
Helianthus_annuus_SRR9119062               0.2553690 0.2214305 0.2469136 0.5200505 0.2679297 0.3557744 0.2554432 0.6009760 0.0000000 0.2823880 0.2824044 0.2665186 0.2683105 0.2594898 0.2664601 0.2625221 0.2604714 0.2758344 0.2474314 0.2602656 0.2580887 0.2594040 0.2513437 0.2590054 0.2673697 0.2623246 0.2651069 0.2713797 0.3360872 0.2613192 0.1446212 0.2768012 0.3335796 0.1439957 0.2610125 0.2522460 0.2848162 0.2612359 0.2777345 0.2557101 0.2632387 0.2619128 0.2801867 0.2623010 0.2757001 0.2767149 0.2636323 0.2643795 0.2527802 0.2817308 0.2515360 0.2633386 0.2588696 0.2676364 0.2581167 0.2825399 0.2717561 0.2598240 0.2666144 0.2626465 0.2814337 0.3478508 0.3161668 0.1577142 0.2934187 0.2789493 0.2277139 0.2865745 0.3661544 0.2597462 0.2599419 0.2718801 0.2652235 0.2576680 0.2625615 0.2471604 0.2830144 0.3053920 0.2543806 0.2667971 0.2562485 0.2559617 0.1797484 0.2423095 
Lycapsus_tenuifolius_17                    0.0917673 0.0836164 0.0909453 0.2860201 0.0851020 0.0860510 0.1991370 0.2265537 0.2823880 0.0000000 0.1061140 0.0966147 0.1283661 0.0905546 0.0934808 0.0964013 0.0890986 0.1140051 0.0965256 0.0972382 0.0831833 0.0991960 0.1392799 0.0807054 0.1287017 0.0909109 0.0970358 0.0979474 0.1054399 0.0579986 0.0650800 0.0976531 0.1108399 0.0780148 0.0933138 0.1142580 0.1033895 0.0834246 0.1014425 0.0918245 0.0816476 0.0834377 0.1074704 0.0913382 0.1053199 0.1031503 0.0884163 0.1065167 0.0909113 0.1069676 0.0868695 0.0910629 0.0889668 0.1011794 0.0938978 0.1146865 0.0854313 0.0912947 0.0917778 0.0903025 0.1056904 0.1533858 0.1114230 0.0641761 0.1525806 0.1015768 0.0987445 0.0962243 0.2891692 0.0908042 0.0829567 0.0459565 0.0974738 0.0939922 0.0904270 0.0588576 0.1500438 0.1497985 0.0896260 0.0959107 0.0993353 0.0931385 0.1561164 0.0827085 
Pericome_caudata_50_silver                 0.0991315 0.0840886 0.0864398 0.3268322 0.0767106 0.0691314 0.2020965 0.1828870 0.2824044 0.1061140 0.0000000 0.0960925 0.1286009 0.0924372 0.1021209 0.0933264 0.0894718 0.1190816 0.0908111 0.0905392 0.0827090 0.0989339 0.1407677 0.0823706 0.1341725 0.0889091 0.0972308 0.0985077 0.1068330 0.1094480 0.0909416 0.0926301 0.0995327 0.0697792 0.0889065 0.1163021 0.1036667 0.0871049 0.1044394 0.0931432 0.0806391 0.0838082 0.1071769 0.0879765 0.1046302 0.1016610 0.0854250 0.1027133 0.0880409 0.1048309 0.0851675 0.0887654 0.0887857 0.0999102 0.0927441 0.1143505 0.0928225 0.0875008 0.0876142 0.0867048 0.1109514 0.1579311 0.1125894 0.0657012 0.1375929 0.0983038 0.0958640 0.0957729 0.2978375 0.0908567 0.0833241 0.0943739 0.0916983 0.0905198 0.0872107 0.0691839 0.1762658 0.1453195 0.0848792 0.0896227 0.1179565 0.0912709 0.1568991 0.0757027 
Perityle_aglossa_84_dead_horse             0.1064485 0.0738373 0.0973283 0.3365199 0.0775148 0.0520692 0.1964398 0.1942687 0.2665186 0.0966147 0.0960925 0.0000000 0.0503199 0.0575315 0.0486160 0.0504057 0.0470620 0.1122800 0.0770457 0.0256788 0.0261817 0.0451043 0.1264076 0.0446477 0.0657271 0.0295714 0.0561987 0.0603356 0.0844951 0.0999773 0.0812770 0.0871121 0.1010693 0.0771100 0.0308085 0.0836726 0.0824497 0.0433076 0.0838940 0.0473682 0.0459294 0.0467024 0.0857069 0.0294411 0.0843911 0.0820799 0.0283951 0.0304939 0.0306833 0.0847812 0.0260444 0.0303202 0.0295325 0.0577309 0.0279101 0.0885875 0.0553443 0.0552283 0.0329251 0.0313087 0.0988577 0.1402183 0.0917813 0.0511941 0.0663713 0.0807487 0.0543605 0.0872638 0.3073229 0.0477153 0.0460427 0.0858540 0.0333149 0.0328720 0.0292722 0.0343663 0.1373345 0.1193529 0.0289247 0.0201150 0.0869197 0.0348685 0.1358604 0.0596650 
Perityle_ajoensis_204                      0.1331324 0.0735884 0.1288812 0.3806880 0.1064579 0.0575964 0.2216896 0.1820420 0.2683105 0.1283661 0.1286009 0.0503199 0.0000000 0.0921268 0.0247008 0.0756622 0.0758114 0.1107584 0.0889061 0.0486799 0.0496007 0.0595401 0.1257076 0.0778107 0.0817997 0.0403561 0.0850498 0.0911420 0.1245789 0.1037947 0.0703421 0.1155119 0.1316591 0.0756419 0.0430669 0.0775420 0.1080162 0.0741250 0.0988727 0.0584640 0.0782818 0.0771691 0.1033875 0.0418943 0.1030595 0.0857084 0.0532887 0.0454598 0.0594905 0.1112301 0.0563097 0.0456164 0.0579282 0.0879101 0.0208746 0.1067200 0.0577011 0.0553612 0.0595544 0.0578541 0.1301015 0.1453687 0.1255114 0.0395280 0.0966604 0.1119743 0.0829771 0.1229322 0.3061906 0.0706975 0.0638630 0.1180236 0.0365966 0.0149541 0.0415729 0.0179011 0.1556349 0.1414783 0.0611086 0.0603359 0.0909041 0.0621414 0.1400089 0.0560829 
Perityle_ambrosiifolia_67_green            0.0924912 0.0639286 0.0793242 0.3108907 0.0744755 0.0453966 0.1931867 0.1593925 0.2594898 0.0905546 0.0924372 0.0575315 0.0921268 0.0000000 0.0528607 0.0571693 0.0434660 0.1046565 0.0865129 0.0512148 0.0449867 0.0446160 0.1093853 0.0220109 0.1033009 0.0475844 0.0570031 0.0571809 0.0909028 0.0824357 0.0673929 0.0837409 0.0999402 0.0613608 0.0530459 0.0890731 0.0896316 0.0368590 0.0892801 0.0564006 0.0245477 0.0286432 0.0927319 0.0508585 0.0933234 0.0917088 0.0479086 0.0705708 0.0489720 0.0914729 0.0443993 0.0433900 0.0490805 0.0577512 0.0490100 0.1047239 0.0395408 0.0432095 0.0516777 0.0472940 0.0862254 0.1492487 0.0983062 0.0451369 0.1200645 0.0826029 0.0621790 0.0867472 0.2795278 0.0449478 0.0243253 0.0819882 0.0553360 0.0563424 0.0482842 0.0365189 0.1539901 0.1403784 0.0494495 0.0530700 0.0797920 0.0519809 0.1355965 0.0472104 
Perityle_angustifolia_13_Eagle_creek       0.0836510 0.0699152 0.0911196 0.4048468 0.0749896 0.0677389 0.1876293 0.1234522 0.2664601 0.0934808 0.1021209 0.0486160 0.0247008 0.0528607 0.0000000 0.0789296 0.0675185 0.1477325 0.0772070 0.0474574 0.0316343 0.0390085 0.2382272 0.0588053 0.0476738 0.0202211 0.0660580 0.0690092 0.0986155 0.0838991 0.0738876 0.0877003 0.1068042 0.0827514 0.0243199 0.0665204 0.0887936 0.0643955 0.0822022 0.0732444 0.0588779 0.0596761 0.0869259 0.0222712 0.0890319 0.0812400 0.0391715 0.0254348 0.0379987 0.0904469 0.0330818 0.0174108 0.0370083 0.0672843 0.0152730 0.0840108 0.0638176 0.0577120 0.0432471 0.0369077 0.0978038 0.1787723 0.0980220 0.0398305 0.0443548 0.0933181 0.0616413 0.0852684 0.2572550 0.0713229 0.0587272 0.0841399 0.0285048 0.0212581 0.0192142 0.0107320 0.0869938 0.0883107 0.0415744 0.0421877 0.0800381 0.0388652 0.1198085 0.0624284 
Perityle_batopilensis_97                   0.0998960 0.0765594 0.0872514 0.3210645 0.0748662 0.0506335 0.1911426 0.1775991 0.2625221 0.0964013 0.0933264 0.0504057 0.0756622 0.0571693 0.0789296 0.0000000 0.0478676 0.1079780 0.0754292 0.0502070 0.0404878 0.0576035 0.1224497 0.0450993 0.0863298 0.0463298 0.0539851 0.0598833 0.0815002 0.0973289 0.0749637 0.0804067 0.1033753 0.0741856 0.0489923 0.0797691 0.0846434 0.0463188 0.0848687 0.0101013 0.0447262 0.0458768 0.0875699 0.0464177 0.0852593 0.0826306 0.0431498 0.0468533 0.0428179 0.0863622 0.0376572 0.0484040 0.0450961 0.0547753 0.0520686 0.0905079 0.0589601 0.0488118 0.0454309 0.0432542 0.0974137 0.1376112 0.0923572 0.0333830 0.1019328 0.0785120 0.0495584 0.0864302 0.2804838 0.0495675 0.0460458 0.0795502 0.0495245 0.0507874 0.0461857 0.0430019 0.1519313 0.1252521 0.0439450 0.0512690 0.0878050 0.0462401 0.1336034 0.0605133 
Perityle_bisetosa_9                        0.0956963 0.0704793 0.0880866 0.3049174 0.0723652 0.0519524 0.1934168 0.1715538 0.2604714 0.0890986 0.0894718 0.0470620 0.0758114 0.0434660 0.0675185 0.0478676 0.0000000 0.1114365 0.0737578 0.0471141 0.0373272 0.0534607 0.1010144 0.0336578 0.0899772 0.0402575 0.0524722 0.0477393 0.0896612 0.0942813 0.0837569 0.0791137 0.0974362 0.0726434 0.0443652 0.0776006 0.0832654 0.0169325 0.0804546 0.0451076 0.0321257 0.0325669 0.0836358 0.0423624 0.0830456 0.0772411 0.0386439 0.0574655 0.0415945 0.0819084 0.0366673 0.0429499 0.0391579 0.0514616 0.0458410 0.0961421 0.0435318 0.0457287 0.0428275 0.0422894 0.0887404 0.1374927 0.0956966 0.0487326 0.0991198 0.0754614 0.0495323 0.0850619 0.2996102 0.0175972 0.0326393 0.0828137 0.0456958 0.0472768 0.0417948 0.0418249 0.1588680 0.1259973 0.0399402 0.0440687 0.0924861 0.0434344 0.1425407 0.0509116 
Perityle_californica_76_positas            0.0979127 0.1145333 0.1010720 0.3676670 0.1165849 0.1143488 0.2128368 0.2161156 0.2758344 0.1140051 0.1190816 0.1122800 0.1107584 0.1046565 0.1477325 0.1079780 0.1114365 0.0000000 0.1105183 0.1093077 0.1065126 0.1048711 0.1387617 0.1067384 0.1070602 0.1056771 0.1095526 0.1162726 0.1159772 0.1365121 0.0824479 0.0912465 0.1204290 0.0749238 0.1087608 0.1088948 0.1141442 0.1039472 0.1228024 0.1051047 0.1093998 0.1092597 0.1173918 0.1082127 0.1175113 0.1227102 0.1079291 0.1070916 0.1148174 0.1174931 0.1144892 0.1085891 0.1089586 0.1099228 0.1072064 0.1257759 0.0987014 0.1052622 0.1152119 0.1126009 0.1307891 0.2065403 0.1147907 0.0610141 0.1058382 0.1130309 0.0764212 0.1265871 0.2635289 0.1117174 0.1059267 0.1029240 0.1141677 0.1098233 0.1073783 0.1037754 0.1341284 0.1262917 0.1063856 0.1072006 0.1220401 0.1074797 0.0900435 0.0943826 
Perityle_canescens_77                      0.1005628 0.0768539 0.0886208 0.3542066 0.0723316 0.0655891 0.1933191 0.2067288 0.2474314 0.0965256 0.0908111 0.0770457 0.0889061 0.0865129 0.0772070 0.0754292 0.0737578 0.1105183 0.0000000 0.0774485 0.0660736 0.0812778 0.1399498 0.0735121 0.1047052 0.0725117 0.0814160 0.0849006 0.0765530 0.0880293 0.0808269 0.0852732 0.1019318 0.0709396 0.0757151 0.1043552 0.0406866 0.0711817 0.0628187 0.0737883 0.0725278 0.0720758 0.0436754 0.0716835 0.0425070 0.0610571 0.0680163 0.0746646 0.0704965 0.0437271 0.0660160 0.0730716 0.0712719 0.0833525 0.0764135 0.0843956 0.0810038 0.0721800 0.0721819 0.0703686 0.0671982 0.1294266 0.0687863 0.0484803 0.1253484 0.0721337 0.0820677 0.0898320 0.3002558 0.0745491 0.0731063 0.0945919 0.0753703 0.0740707 0.0715254 0.0654986 0.1258356 0.0733677 0.0722104 0.0748486 0.0592897 0.0737394 0.1382293 0.0473863 
Perityle_castillonii_96                    0.1049115 0.0674156 0.0918376 0.3450740 0.0729340 0.0450980 0.2047818 0.1684117 0.2602656 0.0972382 0.0905392 0.0256788 0.0486799 0.0512148 0.0474574 0.0502070 0.0471141 0.1093077 0.0774485 0.0000000 0.0252799 0.0397449 0.1256002 0.0440833 0.0550083 0.0294835 0.0551359 0.0578202 0.0781772 0.0924813 0.0811680 0.0852654 0.0981560 0.0814885 0.0319635 0.0823216 0.0839993 0.0451015 0.0833378 0.0458133 0.0436681 0.0441689 0.0865471 0.0293981 0.0855661 0.0825653 0.0286860 0.0317334 0.0319499 0.0861487 0.0277070 0.0270997 0.0293368 0.0581214 0.0244400 0.0888013 0.0536835 0.0507492 0.0333063 0.0313234 0.0958491 0.1255108 0.0958126 0.0486684 0.0694744 0.0794047 0.0584371 0.0860367 0.2977514 0.0490517 0.0446048 0.0846500 0.0507669 0.0317005 0.0287707 0.0229095 0.1187904 0.1159142 0.0266233 0.0269781 0.0879978 0.0358015 0.1461747 0.0555121 
Perityle_cernua_84                         0.0891662 0.0634001 0.0784651 0.3093995 0.0653833 0.0436907 0.1848584 0.1621041 0.2580887 0.0831833 0.0827090 0.0261817 0.0496007 0.0449867 0.0316343 0.0404878 0.0373272 0.1065126 0.0660736 0.0252799 0.0000000 0.0283315 0.1200882 0.0341375 0.0681871 0.0188573 0.0464416 0.0488136 0.0704940 0.0884636 0.0704965 0.0739037 0.0897173 0.0707830 0.0196673 0.0717742 0.0727179 0.0344327 0.0750118 0.0373303 0.0341624 0.0342016 0.0755810 0.0172342 0.0757613 0.0747437 0.0161180 0.0193458 0.0138651 0.0738344 0.0099647 0.0185371 0.0148588 0.0470629 0.0209317 0.0892325 0.0453127 0.0417651 0.0164085 0.0139635 0.0862838 0.1300208 0.0890704 0.0398410 0.0817270 0.0679180 0.0456725 0.0745251 0.2959521 0.0378435 0.0349064 0.0749542 0.0207351 0.0192169 0.0161172 0.0178791 0.1294282 0.1223225 0.0203423 0.0247873 0.0797634 0.0185968 0.1363803 0.0465244 
Perityle_cfvillosa_25_tin                  0.0996000 0.0627224 0.0881966 0.3249369 0.0784244 0.0372342 0.1957114 0.1553702 0.2594040 0.0991960 0.0989339 0.0451043 0.0595401 0.0446160 0.0390085 0.0576035 0.0534607 0.1048711 0.0812778 0.0397449 0.0283315 0.0000000 0.1121595 0.0507862 0.0819095 0.0349111 0.0628327 0.0670920 0.0732273 0.0835879 0.0762583 0.0883976 0.1080921 0.0814361 0.0379968 0.0912865 0.0834263 0.0506413 0.0902672 0.0562885 0.0508498 0.0513975 0.0880180 0.0362199 0.0880595 0.0894708 0.0372008 0.0390064 0.0209216 0.0871303 0.0298938 0.0238602 0.0333415 0.0632227 0.0263688 0.0925818 0.0482182 0.0447915 0.0221736 0.0209348 0.0970554 0.1198223 0.1011601 0.0314623 0.1015839 0.0851579 0.0652208 0.0912992 0.2967459 0.0564539 0.0506008 0.0794931 0.0399047 0.0395730 0.0350275 0.0194202 0.1284936 0.1295423 0.0384235 0.0446815 0.0769155 0.0272542 0.1475894 0.0468865 
Perityle_cinerea_113_Powell1310            0.1368213 0.1655416 0.1415542 0.3410019 0.1519104 0.0642614 0.2232209 0.9649442 0.2513437 0.1392799 0.1407677 0.1264076 0.1257076 0.1093853 0.2382272 0.1224497 0.1010144 0.1387617 0.1399498 0.1256002 0.1200882 0.1121595 0.0000000 0.1112493 0.1295351 0.1182911 0.1388946 0.1130443 0.1270138 0.1898895 0.1500322 0.1441990 0.1162542 0.2189630 0.1290359 0.1251268 0.1485133 0.0992998 0.1335055 0.1145620 0.1223170 0.1183294 0.1458631 0.1256501 0.1444455 0.1350707 0.1216517 0.1234364 0.1239595 0.1441465 0.1279182 0.1224071 0.1248987 0.1352290 0.1239283 0.1435804 0.1171658 0.1334233 0.1218629 0.1220406 0.1682434 0.1827114 0.1206012 0.1301393 0.1163311 0.1367656 0.1310029 0.1559026 0.1187625 0.1084288 0.1095160 0.1329132 0.1330039 0.1292366 0.1255505 0.1373859 0.1580149 0.1348274 0.1282104 0.1186785 0.1716217 0.1238764 0.1367446 0.1225305 
Perityle_coahuilensis_24                   0.0883128 0.0628577 0.0794849 0.3038462 0.0664770 0.0466479 0.1848194 0.1804454 0.2590054 0.0807054 0.0823706 0.0446477 0.0778107 0.0220109 0.0588053 0.0450993 0.0336578 0.1067384 0.0735121 0.0440833 0.0341375 0.0507862 0.1112493 0.0000000 0.0857743 0.0380774 0.0468877 0.0471393 0.0886445 0.0830113 0.0657256 0.0782659 0.0903327 0.0560466 0.0422031 0.0720852 0.0821104 0.0318189 0.0769286 0.0439102 0.0091824 0.0172975 0.0828315 0.0400156 0.0821468 0.0763427 0.0358841 0.0564823 0.0389404 0.0819425 0.0338554 0.0393724 0.0381411 0.0491525 0.0445317 0.0929984 0.0414037 0.0424313 0.0409792 0.0444513 0.0857362 0.1344846 0.0899731 0.0422835 0.0948976 0.0733154 0.0461078 0.0798040 0.2845862 0.0336405 0.0022678 0.0761887 0.0429053 0.0441312 0.0394172 0.0364477 0.1522680 0.1220810 0.0380102 0.0421484 0.0788477 0.0415133 0.1283461 0.0486695 
Perityle_cochisensis_44_cave_creek         0.1561822 0.0677948 0.1330473 0.3765761 0.1110669 0.0662578 0.2165105 0.1624349 0.2673697 0.1287017 0.1341725 0.0657271 0.0817997 0.1033009 0.0476738 0.0863298 0.0899772 0.1070602 0.1047052 0.0550083 0.0681871 0.0819095 0.1295351 0.0857743 0.0000000 0.0747342 0.0960298 0.1028371 0.1374908 0.1168820 0.0814408 0.1241582 0.1357166 0.0774507 0.0754122 0.0818654 0.1179173 0.0904033 0.1087965 0.0753983 0.0877016 0.0851203 0.1195215 0.0722431 0.1165776 0.0997827 0.0692807 0.0758742 0.0757348 0.1227932 0.0712399 0.0777121 0.0727767 0.0977916 0.0521941 0.0952745 0.0630246 0.0759608 0.0742170 0.0741644 0.1390225 0.1433141 0.1412692 0.0475348 0.0904275 0.1215082 0.0938064 0.1307839 0.3083498 0.0868920 0.0713157 0.1180403 0.0719979 0.0478979 0.0724666 0.0260167 0.1287388 0.1356245 0.0720838 0.0697904 0.0840383 0.0777849 0.1373668 0.0584306 
Perityle_congesta_202                      0.0969327 0.0651432 0.0867845 0.3019698 0.0738113 0.0505036 0.1875259 0.1661460 0.2623246 0.0909109 0.0889091 0.0295714 0.0403561 0.0475844 0.0202211 0.0463298 0.0402575 0.1056771 0.0725117 0.0294835 0.0188573 0.0349111 0.1182911 0.0380774 0.0747342 0.0000000 0.0476100 0.0549057 0.0859171 0.0907874 0.0684725 0.0799035 0.0938621 0.0725298 0.0099719 0.0782895 0.0805088 0.0389472 0.0804249 0.0439540 0.0392467 0.0400176 0.0815433 0.0080050 0.0830409 0.0789816 0.0231089 0.0241330 0.0237602 0.0806843 0.0218517 0.0098483 0.0244741 0.0502296 0.0139625 0.0921239 0.0520254 0.0452358 0.0263040 0.0242841 0.0893554 0.1384820 0.0969089 0.0366060 0.0799411 0.0753387 0.0480387 0.0822908 0.2909021 0.0433911 0.0382914 0.0802033 0.0102043 0.0090635 0.0068363 0.0118393 0.1558816 0.1243760 0.0229675 0.0268341 0.0849528 0.0280652 0.1362709 0.0519488 
Perityle_cordifolia_27                     0.1007469 0.0692249 0.0936982 0.3171000 0.0789676 0.0598566 0.1936669 0.1933745 0.2651069 0.0970358 0.0972308 0.0561987 0.0850498 0.0570031 0.0660580 0.0539851 0.0524722 0.1095526 0.0814160 0.0551359 0.0464416 0.0628327 0.1388946 0.0468877 0.0960298 0.0476100 0.0000000 0.0608165 0.0857293 0.1063947 0.0751419 0.0969485 0.1041653 0.0741025 0.0517270 0.0484148 0.0890666 0.0513092 0.0861371 0.0516984 0.0507776 0.0489215 0.0912415 0.0504430 0.0886999 0.0862081 0.0487158 0.0655334 0.0494824 0.0887233 0.0449564 0.0521693 0.0471350 0.0297141 0.0550139 0.1065073 0.0619037 0.0352693 0.0526149 0.0496585 0.1060405 0.1343720 0.1085392 0.0107790 0.1026135 0.0809459 0.0094261 0.0884907 0.3134910 0.0529924 0.0480118 0.0871088 0.0538008 0.0546938 0.0493858 0.0510368 0.1513191 0.1298434 0.0479707 0.0526281 0.1073090 0.0528184 0.1507106 0.0490532 
Perityle_cordifolia_68_tecolote            0.1012286 0.0667758 0.0906883 0.3222804 0.0824069 0.0591865 0.1956947 0.2100255 0.2713797 0.0979474 0.0985077 0.0603356 0.0911420 0.0571809 0.0690092 0.0598833 0.0477393 0.1162726 0.0849006 0.0578202 0.0488136 0.0670920 0.1130443 0.0471393 0.1028371 0.0549057 0.0608165 0.0000000 0.0887324 0.1009174 0.0895249 0.0912145 0.1074252 0.0805912 0.0567219 0.0875274 0.0904389 0.0472187 0.0891240 0.0563508 0.0457296 0.0470517 0.0911516 0.0555431 0.0915240 0.0883197 0.0516107 0.0668193 0.0552236 0.0908614 0.0497254 0.0566154 0.0552677 0.0609485 0.0568686 0.1042347 0.0134322 0.0502988 0.0559736 0.0550102 0.1038570 0.1415316 0.1052722 0.0498488 0.1080516 0.0831077 0.0604673 0.0913075 0.2998663 0.0503648 0.0466654 0.0897895 0.0588714 0.0571500 0.0542323 0.0475372 0.1655061 0.1327052 0.0899541 0.0587960 0.0939308 0.0567225 0.1535705 0.0602511 
Perityle_coronopifolia_28_patagonia        0.1093408 0.1015060 0.1011269 0.2830842 0.0784882 0.0735392 0.2217566 0.1741938 0.3360872 0.1054399 0.1068330 0.0844951 0.1245789 0.0909028 0.0986155 0.0815002 0.0896612 0.1159772 0.0765530 0.0781772 0.0704940 0.0732273 0.1270138 0.0886445 0.1374908 0.0859171 0.0857293 0.0887324 0.0000000 0.1157142 0.0816918 0.0964361 0.1124968 0.0714060 0.0812690 0.1090603 0.0808040 0.0773945 0.0975016 0.0811706 0.0840526 0.0770124 0.0821530 0.0797190 0.0802571 0.0982914 0.0747502 0.1001521 0.0750058 0.0791370 0.0763895 0.0829474 0.0755337 0.0835025 0.0835440 0.1216584 0.0837554 0.0725199 0.0757226 0.0860796 0.0973804 0.1591507 0.0954484 0.0582497 0.1519071 0.0072804 0.0854718 0.0970141 0.2506205 0.0845686 0.0792073 0.0988413 0.0850577 0.0852585 0.0890633 0.0658118 0.1739514 0.1395801 0.0795117 0.0871541 0.1017783 0.0809533 0.1693308 0.0580179 
Perityle_crassifolia_70_ventanas           0.0915407 0.0781349 0.0841586 0.3704545 0.0760331 0.1103745 0.1900637 0.1816239 0.2613192 0.0579986 0.1094480 0.0999773 0.1037947 0.0824357 0.0838991 0.0973289 0.0942813 0.1365121 0.0880293 0.0924813 0.0884636 0.0835879 0.1898895 0.0830113 0.1168820 0.0907874 0.1063947 0.1009174 0.1157142 0.0000000 0.0387963 0.1125737 0.1162202 0.0087849 0.0968974 0.1176726 0.1054736 0.0913750 0.1024947 0.0923787 0.0848121 0.0858939 0.1055830 0.0914470 0.1063943 0.1059765 0.0883664 0.0892424 0.0962495 0.1081928 0.0763105 0.0955300 0.0922216 0.0993781 0.0943302 0.1077550 0.0992894 0.0824000 0.0978386 0.0947609 0.1243024 0.1660424 0.1257351 0.0632538 0.1443960 0.1028752 0.0886778 0.0936321 0.3141296 0.0926993 0.0832599 0.0215738 0.0966205 0.0909390 0.0914519 0.0638639 0.1186837 0.1373361 0.0753658 0.0964442 0.1171338 0.0996083 0.0891101 0.0898015 
Perityle_crassifolia_74_playa_balandra     0.0627440 0.0751488 0.0621901 0.3518631 0.0683748 0.0829407 0.1501790 0.3799206 0.1446212 0.0650800 0.0909416 0.0812770 0.0703421 0.0673929 0.0738876 0.0749637 0.0837569 0.0824479 0.0808269 0.0811680 0.0704965 0.0762583 0.1500322 0.0657256 0.0814408 0.0684725 0.0751419 0.0895249 0.0816918 0.0387963 0.0000000 0.0940099 0.0852135 0.0048367 0.0684270 0.0839291 0.0807092 0.0808843 0.0780629 0.0733359 0.0738504 0.0738592 0.0889002 0.0668541 0.0848817 0.0814789 0.0714136 0.0684515 0.0778860 0.0889434 0.0680508 0.0724465 0.0732138 0.0724790 0.0685876 0.0826395 0.0720877 0.0622451 0.0825939 0.0791067 0.0880871 0.1681993 0.0793470 0.0448585 0.0742541 0.0861198 0.0548952 0.1047492 0.2362099 0.0860125 0.0657256 0.0384314 0.0737866 0.0700429 0.0684725 0.0532566 0.1080309 0.0912012 0.0745455 0.0731404 0.0860299 0.0784498 0.0547175 0.0597131 
Perityle_cuneata_34_cuneata_San_antonio    0.0970041 0.0825967 0.0833640 0.3076472 0.0796046 0.0816597 0.2214506 0.1884805 0.2768012 0.0976531 0.0926301 0.0871121 0.1155119 0.0837409 0.0877003 0.0804067 0.0791137 0.0912465 0.0852732 0.0852654 0.0739037 0.0883976 0.1441990 0.0782659 0.1241582 0.0799035 0.0969485 0.0912145 0.0964361 0.1125737 0.0940099 0.0000000 0.1429440 0.0745171 0.0801391 0.1115805 0.0953883 0.0757052 0.1013202 0.0803987 0.0842745 0.0757574 0.0947248 0.0789276 0.0952163 0.0987672 0.0801293 0.1030732 0.0789385 0.0946677 0.0763811 0.0788748 0.0775081 0.0890856 0.0805546 0.1103677 0.0780759 0.0808787 0.0809070 0.0885151 0.1066529 0.1812866 0.1081112 0.0720928 0.1401462 0.0852914 0.0889283 0.0943464 0.2953704 0.0802370 0.0826219 0.0953662 0.0920526 0.0810972 0.0793914 0.0733622 0.1658657 0.1418313 0.0770707 0.0839213 0.1085484 0.0902003 0.1328333 0.0713577 
Perityle_cuneata_4                         0.1142515 0.0901665 0.0971791 0.2498144 0.0834360 0.0718674 0.2661143 0.1832381 0.3335796 0.1108399 0.0995327 0.1010693 0.1316591 0.0999402 0.1068042 0.1033753 0.0974362 0.1204290 0.1019318 0.0981560 0.0897173 0.1080921 0.1162542 0.0903327 0.1357166 0.0938621 0.1041653 0.1074252 0.1124968 0.1162202 0.0852135 0.1429440 0.0000000 0.0738358 0.0968854 0.1312782 0.1055305 0.0974222 0.1096681 0.1006302 0.0899027 0.0896686 0.1136523 0.0940303 0.1097103 0.1116243 0.0931415 0.1173640 0.0930647 0.1105556 0.0892138 0.0943335 0.0941426 0.1095238 0.1030048 0.1325388 0.0971657 0.0952645 0.0934750 0.0922079 0.1089792 0.1524822 0.1149604 0.0688830 0.1623132 0.1035854 0.1061599 0.0940866 0.3204855 0.1032097 0.0917135 0.1034231 0.1021072 0.1000393 0.0914229 0.0618097 0.1637597 0.1644738 0.0890793 0.0940832 0.1149470 0.0970457 0.1703580 0.0800891 
Perityle_discoidea_81                      0.0828291 0.0793231 0.0827258 0.9731899 0.0527721 0.0000010 0.2069772 0.6069181 0.1439957 0.0780148 0.0697792 0.0771100 0.0756419 0.0613608 0.0827514 0.0741856 0.0726434 0.0749238 0.0709396 0.0814885 0.0707830 0.0814361 0.2189630 0.0560466 0.0774507 0.0725298 0.0741025 0.0805912 0.0714060 0.0087849 0.0048367 0.0745171 0.0738358 0.0000000 0.0769020 0.0681403 0.0721351 0.0665394 0.0633492 0.0725179 0.0605393 0.0603206 0.0772259 0.0711047 0.0725782 0.0634181 0.0727925 0.0696421 0.0832431 0.0820313 0.0678935 0.0680851 0.0740351 0.0757572 0.0762051 0.0746684 0.0815988 0.0690222 0.0908917 0.0815789 0.0740223 0.6272319 0.0686302 0.0489049 0.0650039 0.0744359 0.0742119 0.0756038 0.2717583 0.0742308 0.0590169 0.0122616 0.0758715 0.0726186 0.0725216 0.0584636 0.0774943 0.0705305 0.0684822 0.0663057 0.0687821 0.0799876 0.0663526 0.0714507 
Perityle_dissecta_201                      0.1000837 0.0676215 0.0879153 0.3054371 0.0803104 0.0574643 0.1884013 0.1804645 0.2610125 0.0933138 0.0889065 0.0308085 0.0430669 0.0530459 0.0243199 0.0489923 0.0443652 0.1087608 0.0757151 0.0319635 0.0196673 0.0379968 0.1290359 0.0422031 0.0754122 0.0099719 0.0517270 0.0567219 0.0812690 0.0968974 0.0684270 0.0801391 0.0968854 0.0769020 0.0000000 0.0789184 0.0826889 0.0432662 0.0829238 0.0467737 0.0422180 0.0436513 0.0841158 0.0100268 0.0856631 0.0815813 0.0243882 0.0128570 0.0236229 0.0833236 0.0221536 0.0119881 0.0251785 0.0534952 0.0147982 0.0941908 0.0532676 0.0530974 0.0266409 0.0264250 0.0927408 0.1386979 0.0992606 0.0415290 0.0798749 0.0773111 0.0524077 0.0847017 0.2961574 0.0476381 0.0423236 0.0849092 0.0127346 0.0116170 0.0086870 0.0188394 0.1585421 0.1243689 0.0253166 0.0274642 0.0829065 0.0299227 0.1389414 0.0580286 
Perityle_emoryi_47_punta_san_jose          0.1187386 0.0756065 0.1127153 0.3736029 0.0991589 0.1220425 0.2092991 0.3164471 0.2522460 0.1142580 0.1163021 0.0836726 0.0775420 0.0890731 0.0665204 0.0797691 0.0776006 0.1088948 0.1043552 0.0823216 0.0717742 0.0912865 0.1251268 0.0720852 0.0818654 0.0782895 0.0484148 0.0875274 0.1090603 0.1176726 0.0839291 0.1115805 0.1312782 0.0681403 0.0789184 0.0000000 0.1074589 0.0778786 0.1004082 0.0755624 0.0727050 0.0741532 0.1139578 0.0779341 0.1075705 0.1023550 0.0761287 0.0796966 0.0749511 0.1110938 0.0745035 0.0801396 0.0762200 0.0609097 0.0836584 0.1048805 0.0829567 0.0783124 0.0767736 0.0756603 0.1199907 0.1573815 0.1184750 0.0251399 0.0805757 0.1021641 0.0566648 0.1088482 0.2919914 0.0806656 0.0720554 0.1044231 0.0836018 0.0816953 0.0766663 0.0818790 0.1123236 0.1154425 0.0768202 0.0814472 0.1123201 0.0776905 0.1475439 0.0695856 
Perityle_feddemae_99                       0.1083345 0.0827883 0.0998848 0.3499585 0.0840555 0.0862319 0.2062237 0.2031678 0.2848162 0.1033895 0.1036667 0.0824497 0.1080162 0.0896316 0.0887936 0.0846434 0.0832654 0.1141442 0.0406866 0.0839993 0.0727179 0.0834263 0.1485133 0.0821104 0.1179173 0.0805088 0.0890666 0.0904389 0.0808040 0.1054736 0.0807092 0.0953883 0.1055305 0.0721351 0.0826889 0.1074589 0.0000000 0.0787273 0.0759012 0.0821855 0.0800143 0.0805969 0.0288252 0.0794809 0.0238297 0.0762203 0.0766679 0.0813393 0.0775146 0.0278476 0.0735036 0.0790200 0.0783782 0.0933270 0.0830956 0.0967886 0.0867833 0.0830697 0.0793888 0.0785793 0.0886149 0.1246421 0.0781281 0.0612108 0.1320322 0.0792518 0.0922190 0.0971014 0.2803159 0.0830906 0.0833630 0.0978773 0.0824403 0.0820776 0.0781271 0.0796966 0.1613872 0.1007871 0.0782822 0.0820172 0.0802610 0.0814092 0.1488169 0.0657522 
Perityle_fosteri_93                        0.0909164 0.0732643 0.0822191 0.3051124 0.0712478 0.0534680 0.1901694 0.1715538 0.2612359 0.0834246 0.0871049 0.0433076 0.0741250 0.0368590 0.0643955 0.0463188 0.0169325 0.1039472 0.0711817 0.0451015 0.0344327 0.0506413 0.0992998 0.0318189 0.0904033 0.0389472 0.0513092 0.0472187 0.0773945 0.0913750 0.0808843 0.0757052 0.0974222 0.0665394 0.0432662 0.0778786 0.0787273 0.0000000 0.0798100 0.0429136 0.0301676 0.0318887 0.0818552 0.0404861 0.0802182 0.0782640 0.0367638 0.0440483 0.0394454 0.0800035 0.0350868 0.0403412 0.0383250 0.0509438 0.0436624 0.0928487 0.0405820 0.0444640 0.0411318 0.0385245 0.0876679 0.1404089 0.0911026 0.0446225 0.0999190 0.0746693 0.0488888 0.0841144 0.2846646 0.0165996 0.0333684 0.0766575 0.0450532 0.0456208 0.0401344 0.0388837 0.1526058 0.1257632 0.0385080 0.0426462 0.0872842 0.0401988 0.1441298 0.0494825 
Perityle_gamon_221                         0.1068689 0.0828013 0.0960195 0.3669897 0.0813437 0.0760651 0.2094672 0.2277222 0.2777345 0.1014425 0.1044394 0.0838940 0.0988727 0.0892801 0.0822022 0.0848687 0.0804546 0.1228024 0.0628187 0.0833378 0.0750118 0.0902672 0.1335055 0.0769286 0.1087965 0.0804249 0.0861371 0.0891240 0.0975016 0.1024947 0.0780629 0.1013202 0.1096681 0.0633492 0.0829238 0.1004082 0.0759012 0.0798100 0.0000000 0.0813481 0.0736357 0.0798652 0.0771559 0.0792718 0.0778834 0.0123248 0.0777870 0.0809192 0.0812509 0.0758108 0.0761145 0.0800927 0.0782394 0.0872715 0.0808730 0.0894354 0.0799968 0.0770787 0.0826943 0.0808009 0.0809608 0.1471811 0.0813704 0.0539519 0.1228101 0.0936083 0.0865787 0.1002248 0.2899513 0.0813344 0.0749423 0.0946245 0.0824229 0.0783275 0.0788505 0.0657930 0.1481610 0.1037005 0.0759382 0.0823535 0.0743529 0.0832507 0.1386554 0.0703540 
Perityle_gentryi_8_san_francisco           0.0998279 0.0701195 0.0871098 0.3433557 0.0722201 0.0478956 0.1916736 0.1775000 0.2557101 0.0918245 0.0931432 0.0473682 0.0584640 0.0564006 0.0732444 0.0101013 0.0451076 0.1051047 0.0737883 0.0458133 0.0373303 0.0562885 0.1145620 0.0439102 0.0753983 0.0439540 0.0516984 0.0563508 0.0811706 0.0923787 0.0733359 0.0803987 0.1006302 0.0725179 0.0467737 0.0755624 0.0821855 0.0429136 0.0813481 0.0000000 0.0430752 0.0442629 0.0849821 0.0430925 0.0821939 0.0803763 0.0401598 0.0440348 0.0414937 0.0849623 0.0356883 0.0463394 0.0421399 0.0532305 0.0474030 0.0811239 0.0528390 0.0467677 0.0442956 0.0419799 0.0957801 0.1258658 0.0910743 0.0308736 0.0889573 0.0776512 0.0488922 0.0868358 0.2697827 0.0465891 0.0448236 0.0781618 0.0479975 0.0463194 0.0427865 0.0348333 0.1262604 0.1106796 0.0404222 0.0472041 0.0833584 0.0451332 0.1355816 0.0566449 
Perityle_gilensis_22_Superstition          0.0878888 0.0655099 0.0792351 0.3111363 0.0664376 0.0522065 0.1849933 0.1850720 0.2632387 0.0816476 0.0806391 0.0459294 0.0782818 0.0245477 0.0588779 0.0447262 0.0321257 0.1093998 0.0725278 0.0436681 0.0341624 0.0508498 0.1223170 0.0091824 0.0877016 0.0392467 0.0507776 0.0457296 0.0840526 0.0848121 0.0738504 0.0842745 0.0899027 0.0605393 0.0422180 0.0727050 0.0800143 0.0301676 0.0736357 0.0430752 0.0000000 0.0169200 0.0811366 0.0412525 0.0804189 0.0725079 0.0360800 0.0571245 0.0393675 0.0797937 0.0342860 0.0397737 0.0385825 0.0487885 0.0455308 0.0936233 0.0458295 0.0439609 0.0414016 0.0381900 0.0853579 0.1368072 0.0883339 0.0494140 0.0928777 0.0727798 0.0476130 0.0797596 0.2795278 0.0323700 0.0091644 0.0800675 0.0428689 0.0446025 0.0395596 0.0385908 0.1521161 0.1188199 0.0371875 0.0434278 0.0830831 0.0400458 0.1304887 0.0553271 
Perityle_gilensis_salensis_225             0.0906838 0.0678692 0.0815956 0.3107856 0.0689985 0.0507036 0.1836560 0.1713162 0.2619128 0.0834377 0.0838082 0.0467024 0.0771691 0.0286432 0.0596761 0.0458768 0.0325669 0.1092597 0.0720758 0.0441689 0.0342016 0.0513975 0.1183294 0.0172975 0.0851203 0.0400176 0.0489215 0.0470517 0.0770124 0.0858939 0.0738592 0.0757574 0.0896686 0.0603206 0.0436513 0.0741532 0.0805969 0.0318887 0.0798652 0.0442629 0.0169200 0.0000000 0.0827634 0.0413073 0.0810329 0.0797606 0.0380410 0.0549381 0.0386462 0.0817851 0.0358517 0.0429137 0.0390284 0.0505132 0.0446315 0.0899168 0.0414937 0.0468570 0.0421526 0.0385186 0.0880328 0.1393455 0.0914144 0.0521815 0.0988773 0.0711638 0.0498714 0.0842612 0.2840087 0.0345531 0.0178963 0.0756555 0.0455084 0.0435611 0.0395772 0.0416632 0.1484299 0.1245854 0.0382050 0.0440147 0.0844153 0.0418922 0.1325296 0.0496440 
Perityle_glaucescens_94                    0.1134379 0.0851219 0.1025721 0.3659689 0.0864628 0.0790711 0.2098347 0.2122900 0.2801867 0.1074704 0.1071769 0.0857069 0.1033875 0.0927319 0.0869259 0.0875699 0.0836358 0.1173918 0.0436754 0.0865471 0.0755810 0.0880180 0.1458631 0.0828315 0.1195215 0.0815433 0.0912415 0.0911516 0.0821530 0.1055830 0.0889002 0.0947248 0.1136523 0.0772259 0.0841158 0.1139578 0.0288252 0.0818552 0.0771559 0.0849821 0.0811366 0.0827634 0.0000000 0.0820034 0.0307971 0.0752467 0.0785980 0.0823878 0.0790879 0.0047379 0.0757426 0.0810432 0.0801348 0.0935359 0.0862817 0.0953327 0.0865532 0.0860305 0.0809309 0.0798299 0.0902772 0.1384532 0.0814397 0.0631908 0.1313048 0.0815231 0.0953197 0.0995347 0.3050235 0.0858781 0.0827454 0.1008291 0.0837582 0.0840480 0.0807465 0.0753976 0.1549040 0.0917147 0.0815109 0.0854740 0.0824305 0.0832405 0.1527832 0.0599516 
Perityle_gracilis_11                       0.0974441 0.0668397 0.0869053 0.3080363 0.0728647 0.0518863 0.1884819 0.1703793 0.2623010 0.0913382 0.0879765 0.0294411 0.0418943 0.0508585 0.0222712 0.0464177 0.0423624 0.1082127 0.0716835 0.0293981 0.0172342 0.0362199 0.1256501 0.0400156 0.0722431 0.0080050 0.0504430 0.0555431 0.0797190 0.0914470 0.0668541 0.0789276 0.0940303 0.0711047 0.0100268 0.0779341 0.0794809 0.0404861 0.0792718 0.0430925 0.0412525 0.0413073 0.0820034 0.0000000 0.0820867 0.0791442 0.0218251 0.0157549 0.0233026 0.0806174 0.0204852 0.0092292 0.0238155 0.0519527 0.0107372 0.0912006 0.0507717 0.0486608 0.0242892 0.0232451 0.0891476 0.1319575 0.0941917 0.0374643 0.0843207 0.0747976 0.0494785 0.0843145 0.2909021 0.0444169 0.0398288 0.0788749 0.0079103 0.0060028 0.0050527 0.0108355 0.1453311 0.1269759 0.0256622 0.0265372 0.0821525 0.0265123 0.1339380 0.0539420 
Perityle_harkerae_31                       0.1094366 0.0858537 0.1023085 0.3650997 0.0844386 0.0843171 0.2109877 0.2311453 0.2757001 0.1053199 0.1046302 0.0843911 0.1030595 0.0933234 0.0890319 0.0852593 0.0830456 0.1175113 0.0425070 0.0855661 0.0757613 0.0880595 0.1444455 0.0821468 0.1165776 0.0830409 0.0886999 0.0915240 0.0802571 0.1063943 0.0848817 0.0952163 0.1097103 0.0725782 0.0856631 0.1075705 0.0238297 0.0802182 0.0778834 0.0821939 0.0804189 0.0810329 0.0307971 0.0820867 0.0000000 0.0750360 0.0791646 0.0839093 0.0801221 0.0317279 0.0767378 0.0836126 0.0790307 0.0913697 0.0852987 0.0913448 0.0859536 0.0783468 0.0806517 0.0792460 0.0900672 0.1312653 0.0777377 0.0597568 0.1300621 0.0797600 0.0922602 0.0979459 0.2956358 0.0837739 0.0824668 0.0986829 0.0857452 0.0844810 0.0808131 0.0781487 0.1477789 0.0911879 0.0803605 0.0837592 0.0840954 0.0840350 0.1500963 0.0587111 
