86
Amauria_brandeegeana_62                    0.0000000 0.0926244 0.1310984 0.3674638 0.1567764 0.1076956 0.2766921 0.1281478 0.3181645 0.0389731 0.1732554 0.1600301 0.0909707 0.1854408 0.0826612 0.1159159 0.4260789 0.1230663 0.1140999 0.1587499 0.1599931 0.1349521 0.0721029 0.1678864 0.1656896 0.1852909 0.1635155 0.1780651 0.1558027 0.0902516 0.0697233 0.1454271 0.1355238 0.0350133 0.1856828 0.3328998 0.1368456 0.1379070 0.1443566 0.1228217 0.2324426 0.1377717 0.1127502 0.0930199 0.1287536 0.1803543 0.1764087 0.2559294 0.1962101 0.1556787 0.1588354 0.2072878 0.1729484 0.1616301 0.2160503 0.0956431 0.1263324 0.0918166 0.2180673 0.1936726 0.1860177 0.2796731 0.2604064 0.0558292 0.1575006 0.1389136 0.1316220 0.2276375 0.2587094 0.0635670 0.1644922 0.2235574 0.1332753 0.2136377 0.1379773 0.1639562 0.0630334 0.2544429 0.1536569 0.1569835 0.1420297 0.1558530 0.1753746 0.1197724 0.1023481 0.1298222 
Amauria_carterae_99_mesa                   0.0926244 0.0000000 0.0870816 0.2147802 0.1044316 0.0864841 0.1798286 0.1023989 0.2272348 0.1089548 0.1012601 0.1014022 0.0996385 0.0915245 0.0828715 0.0758715 0.1268338 0.1111932 0.1021086 0.0837902 0.1226675 0.0816742 0.0794022 0.0946380 0.0751288 0.0816653 0.0942177 0.1320803 0.1343042 0.0829089 0.0829089 0.1248600 0.0994440 0.0952546 0.0929831 0.0790126 0.0974618 0.0916095 0.1088681 0.0930630 0.0879464 0.1121028 0.1019761 0.0881332 0.0978182 0.1109754 0.0904130 0.0983903 0.4785801 0.1045311 0.0945934 0.0751410 0.1034531 0.0955171 0.0785305 0.1198490 0.1355928 0.1039420 0.0873203 0.0896546 0.1358883 0.2009824 0.1041254 0.0676764 0.0990775 0.1158046 0.0882715 0.1279115 0.1376989 0.0513864 0.0905338 0.1640009 0.0806727 0.0915824 0.6224151 0.0931297 0.0793584 0.1406025 0.0966241 0.0852779 0.0950627 0.1700308 0.0896546 0.0922600 0.1077741 0.0963719 
Amauria_rotundifolia_SRR9119150            0.1310984 0.0870816 0.0000000 0.3398513 0.1445384 0.1334352 0.2635948 0.1419199 0.3147559 0.0907177 0.1190014 0.1340071 0.1205470 0.1426025 0.1001456 0.1146393 0.4019076 0.1510006 0.1130898 0.1241461 0.1438696 0.1124440 0.1035559 0.1279834 0.1063910 0.1146071 0.1244984 0.1397221 0.1383067 0.0796961 0.0838819 0.1168795 0.1137351 0.0803283 0.1371562 0.0297527 0.1188011 0.1276466 0.1373781 0.1373779 0.1388198 0.1104797 0.1203947 0.1195723 0.1266976 0.1265650 0.1285871 0.2059864 0.1753405 0.1235508 0.1111379 0.1159623 0.1405927 0.1559709 0.2961333 0.1151231 0.1359643 0.1077464 0.1470559 0.1509478 0.1795610 0.3302097 0.1860335 0.1426927 0.1369157 0.1195006 0.1155624 0.2493519 0.2831405 0.0755806 0.1334913 0.2170190 0.1185461 0.1555445 0.1516101 0.1226796 0.0831485 0.2409364 0.1210202 0.1372726 0.1524171 0.1698033 0.1507927 0.1144131 0.1109975 0.1265642 
Conoclinium_coelestinum_SRR9119114         0.3674638 0.2147802 0.3398513 0.0000000 0.3630230 0.2712136 0.1911230 0.2074974 0.3331166 0.3457591 0.3846472 0.3692798 0.3464027 0.4000411 0.2092051 0.3537444 0.5057335 0.3403908 0.3234947 0.3561596 0.3985725 0.3464084 0.2033886 0.3578124 0.2846159 0.4117282 0.3960617 0.4122007 0.3852030 0.2280409 0.2079595 0.3710991 0.3603677 0.3415399 0.3600844 0.5912606 0.3622845 0.3475349 0.3930899 0.3488998 0.4987795 0.3626670 0.3672858 0.3531863 0.3608641 0.3960989 0.3497072 0.5042458 0.3855803 0.3797297 0.3627882 0.3737629 0.3687233 0.3673525 0.3307696 0.3247849 0.2857882 0.2270486 0.4569159 0.4079776 0.3928117 0.4990202 0.4146299 0.1624017 0.3709345 0.3632380 0.3586904 0.3577932 0.3816960 0.1859115 0.3629799 0.3696953 0.3670260 0.4278814 0.3727080 0.3668429 0.1823503 0.3979641 0.3845044 0.3764337 0.3717822 0.2293652 0.3760322 0.3631172 0.2593973 0.2373673 
Eutetras_palmeri_63                        0.1567764 0.1044316 0.1445384 0.3630230 0.0000000 0.0654650 0.2374800 0.1189729 0.2665416 0.1477118 0.1115530 0.1881213 0.1320571 0.1614031 0.0894589 0.1542227 0.5647002 0.1278758 0.1182938 0.1689399 0.1327694 0.0961959 0.0673051 0.1827767 0.0831026 0.1516451 0.1593809 0.1636664 0.1765574 0.0610716 0.0718165 0.1420377 0.1717342 0.1376772 0.1801099 0.4068855 0.1101107 0.1473087 0.1948327 0.1394566 0.2314769 0.1551463 0.1209854 0.1067541 0.1250941 0.2083003 0.1844902 0.2667462 0.2096108 0.1260533 0.1076710 0.1662277 0.1837860 0.1457567 0.2519558 0.0949996 0.0956412 0.0804182 0.2109652 0.1798031 0.1285188 0.4125547 0.2277289 0.0955727 0.1876918 0.1433184 0.1120908 0.1748461 0.1882634 0.0524136 0.1719254 0.1863053 0.1518110 0.1941100 0.1885780 0.1689023 0.0620277 0.2064526 0.1606532 0.1486020 0.1783017 0.0671564 0.1525313 0.1638251 0.1058480 0.0945849 
Eutetras_pringlei_149_quer                 0.1076956 0.0864841 0.1334352 0.2712136 0.0654650 0.0000000 0.1832011 0.1135334 0.2058246 0.1410665 0.1196165 0.1162023 0.1203685 0.1358222 0.0824302 0.1052103 0.2466053 0.1219721 0.1442188 0.0939965 0.1240349 0.1084134 0.0731811 0.0939662 0.1108787 0.1784614 0.1311743 0.1700013 0.1243445 0.0658939 0.0658939 0.1222010 0.1090481 0.1388738 0.0942886 0.3233525 0.1180620 0.0966744 0.1212950 0.1098289 0.2265822 0.1110036 0.1230546 0.1083023 0.1096602 0.1218004 0.0953134 0.2465522 0.0909073 0.1322553 0.1182565 0.2023184 0.1042521 0.1498260 0.1701296 0.1332572 0.1601221 0.0886351 0.2195706 0.1584758 0.1248343 0.1579724 0.1583235 0.0834370 0.1109890 0.1177873 0.1215216 0.0982644 0.1045483 0.0741504 0.0953884 0.1314453 0.1033413 0.1997953 0.0901510 0.0982319 0.0747169 0.1093990 0.1437606 0.1056714 0.1111105 0.1300088 0.1156887 0.0944162 0.1076630 0.0896709 
Eutrochium_fistulosum_SRR9119106           0.2766921 0.1798286 0.2635948 0.1911230 0.2374800 0.1832011 0.0000000 0.1577172 0.2780452 0.2968471 0.3418709 0.2796357 0.2766617 0.3643976 0.2117727 0.2345472 0.5550567 0.2563875 0.3117747 0.2613086 0.2888308 0.3116609 0.2029525 0.2737652 0.2823078 0.3668706 0.2981299 0.3155547 0.2882232 0.1671450 0.1466043 0.2996059 0.2475927 0.3139379 0.2761667 0.5101932 0.3239698 0.2702057 0.2786533 0.2531104 0.4207688 0.2713699 0.3102434 0.3022531 0.2811519 0.2860410 0.2682945 0.4578847 0.2544380 0.3388885 0.3140154 0.3454410 0.2780355 0.3279011 0.3634777 0.2970154 0.2698505 0.1888136 0.4009302 0.3711163 0.2971908 0.4324959 0.3499635 0.1509938 0.2678307 0.2830045 0.3145543 0.2845074 0.3027077 0.1475117 0.2776568 0.3179364 0.2769658 0.3843838 0.2421843 0.2694593 0.1752027 0.3127863 0.3314200 0.3487560 0.2819956 0.1870869 0.3479980 0.2513060 0.2629390 0.2763323 
Galeana_pratensis_104_mex                  0.1281478 0.1023989 0.1419199 0.2074974 0.1189729 0.1135334 0.1577172 0.0000000 0.1952177 0.1294831 0.1234928 0.1274402 0.1038113 0.1063923 0.1110294 0.1002498 0.1355412 0.1310304 0.1399595 0.1023632 0.1250085 0.1018527 0.0941225 0.1063923 0.1048901 0.1113213 0.1165124 0.1449760 0.1347184 0.1093125 0.0826165 0.1207108 0.1177692 0.1241270 0.1069063 0.1419199 0.1414952 0.1030409 0.1243593 0.1077713 0.1086834 0.1119034 0.1368495 0.1113156 0.1341092 0.1313492 0.1041097 0.1137894 0.0000010 0.1373849 0.1158897 0.1043866 0.1159686 0.1141959 0.1040937 0.1268054 0.1478492 0.1327349 0.1066023 0.1018527 0.1469748 0.2130918 0.1379313 0.0810707 0.1128431 0.1271228 0.1189329 0.1416572 0.1545303 0.0727142 0.1065305 0.1574086 0.1067464 0.1135645 0.0000010 0.1118600 0.0934348 0.1522851 0.1202635 0.1018171 0.1103342 0.1651061 0.1018527 0.1067464 0.1163946 0.0920037 
Helianthus_annuus_SRR9119062               0.3181645 0.2272348 0.3147559 0.3331166 0.2665416 0.2058246 0.2780452 0.1952177 0.0000000 0.3169569 0.3526001 0.3276905 0.2674999 0.3153385 0.2183028 0.2543062 0.4314202 0.2865591 0.2754470 0.3004062 0.2958443 0.2858674 0.2024154 0.2973667 0.2843221 0.3386519 0.3101751 0.3378487 0.3231553 0.1959623 0.1959623 0.2905382 0.2951265 0.3044346 0.3017434 0.5599026 0.2834112 0.2863546 0.2944809 0.2739543 0.4120440 0.2929627 0.2858114 0.2743248 0.2738338 0.3127574 0.3110218 0.4263386 0.2994459 0.2984645 0.3007986 0.3577707 0.3039447 0.3396214 0.3585227 0.2534802 0.2441574 0.2058560 0.3720159 0.3330202 0.2937112 0.4024085 0.3294454 0.1853368 0.3188119 0.2780885 0.2761426 0.3174933 0.3109978 0.1551818 0.3019850 0.3520297 0.2719857 0.3516809 0.2835112 0.3022132 0.1767376 0.3036504 0.3258798 0.2975247 0.3306278 0.1922860 0.3225068 0.2581622 0.2646142 0.2928841 
Lycapsus_tenuifolius_17                    0.0389731 0.1089548 0.0907177 0.3457591 0.1477118 0.1410665 0.2968471 0.1294831 0.3169569 0.0000000 0.1205374 0.1186276 0.1110397 0.1174396 0.0972726 0.0962703 0.2932955 0.1142669 0.1219078 0.1046439 0.1697070 0.1029791 0.0942155 0.1170950 0.1085510 0.1059964 0.1122773 0.1293939 0.1298008 0.0864258 0.0886724 0.1256404 0.1039022 0.0098932 0.1161174 0.0901227 0.1246795 0.1164282 0.1358362 0.1257190 0.1131507 0.1078731 0.1280168 0.1089870 0.1319367 0.1389928 0.1165816 0.1268426 0.2659432 0.1319186 0.1139576 0.1035282 0.1399400 0.1464291 0.1315671 0.1129821 0.1393979 0.1119966 0.1171341 0.1173358 0.1904393 0.2659682 0.1737639 0.0688369 0.1129931 0.1242876 0.1153426 0.2097371 0.2198873 0.0607418 0.1221740 0.2268361 0.0920585 0.1244663 0.1475915 0.1039290 0.0840748 0.2267220 0.1073445 0.1209336 0.1119568 0.1860469 0.1170967 0.0873772 0.1168822 0.1257944 
Pericome_caudata_50_silver                 0.1732554 0.1012601 0.1190014 0.3846472 0.1115530 0.1196165 0.3418709 0.1234928 0.3526001 0.1205374 0.0000000 0.1267939 0.0970336 0.1094565 0.0793422 0.1153264 0.2894515 0.1254004 0.1135657 0.1293903 0.1569642 0.0916789 0.0822610 0.1161166 0.0782427 0.1064566 0.1073162 0.1260746 0.1379685 0.0624145 0.0731483 0.1052556 0.1275294 0.1149552 0.1227423 0.1540641 0.1144435 0.1155299 0.1513305 0.1537870 0.1101528 0.1229011 0.1210766 0.0902236 0.1372046 0.1400290 0.1169314 0.1767918 0.3841119 0.1235448 0.0943886 0.0924695 0.1465345 0.1659189 0.1250097 0.1028139 0.1181611 0.0851873 0.1131161 0.1142890 0.2021976 0.2829188 0.1801667 0.0690796 0.1292615 0.1120558 0.0996894 0.2192579 0.2421934 0.0648724 0.1184196 0.2894117 0.1067935 0.1198420 0.2971880 0.1248365 0.0662518 0.2135650 0.1132141 0.1125326 0.1509245 0.1576113 0.1072587 0.1086953 0.0901698 0.1063588 
Perityle_aglossa_84_dead_horse             0.1600301 0.1014022 0.1340071 0.3692798 0.1881213 0.1162023 0.2796357 0.1274402 0.3276905 0.1186276 0.1267939 0.0000000 0.1251669 0.1377698 0.0761529 0.0508557 0.4131396 0.1181173 0.1183969 0.1520175 0.0999675 0.0956255 0.0723108 0.1558570 0.0955775 0.1344055 0.0668111 0.1662483 0.1048268 0.0702430 0.0710351 0.1128203 0.1355725 0.1119160 0.1593622 0.3228326 0.1188616 0.1324997 0.1542400 0.0668279 0.1800989 0.1316907 0.1211355 0.0935451 0.1358285 0.1650352 0.1651162 0.2307530 0.2025951 0.1264697 0.1058866 0.1437072 0.1514587 0.1248256 0.2346307 0.1049202 0.1294322 0.0814776 0.1669262 0.1593102 0.1592329 0.3509764 0.2319441 0.1174988 0.0227165 0.0940513 0.0541069 0.2395067 0.2793279 0.0603132 0.1412849 0.2265906 0.1483537 0.1609296 0.1563789 0.1500710 0.0688893 0.2508445 0.1399350 0.1355231 0.0354794 0.1378412 0.1454500 0.1458683 0.1048769 0.1154105 
Perityle_ajoensis_204                      0.0909707 0.0996385 0.1205470 0.3464027 0.1320571 0.1203685 0.2766617 0.1038113 0.2674999 0.1110397 0.0970336 0.1251669 0.0000000 0.0997083 0.0795771 0.0876633 0.4112980 0.0953677 0.1018982 0.1063438 0.1263777 0.0762490 0.0778118 0.0693311 0.0744822 0.0784211 0.1259136 0.1409045 0.1283191 0.0571575 0.0627254 0.1191503 0.1075350 0.0951480 0.0747764 0.0920463 0.0947095 0.0745960 0.1091736 0.1072446 0.0933557 0.0738862 0.1099324 0.0805122 0.1165413 0.1334280 0.0796377 0.1030843 0.0909765 0.1056511 0.0808880 0.0700766 0.0841680 0.1470493 0.2643853 0.0836541 0.1209474 0.0824460 0.1055861 0.1152603 0.1531339 0.3389893 0.1552286 0.1209715 0.0978298 0.1233040 0.0869161 0.1970289 0.2085270 0.0518303 0.0804095 0.1342722 0.0675275 0.1075848 0.0502832 0.1066002 0.0668715 0.1996649 0.1112163 0.1098921 0.1251223 0.1535066 0.1150112 0.1138090 0.0994318 0.0994612 
Perityle_ambrosiifolia_67_green            0.1854408 0.0915245 0.1426025 0.4000411 0.1614031 0.1358222 0.3643976 0.1063923 0.3153385 0.1174396 0.1094565 0.1377698 0.0997083 0.0000000 0.0273689 0.1256892 0.2521968 0.1218836 0.1014452 0.0896816 0.1686746 0.0299029 0.0475021 0.0375102 0.0238502 0.0266226 0.1222829 0.1404248 0.1424611 0.0527804 0.0470279 0.1241365 0.1381270 0.1014550 0.0772958 0.1277315 0.1251239 0.0751410 0.1627375 0.1540298 0.0050688 0.1203697 0.1270822 0.0330941 0.1551482 0.1627344 0.0628110 0.0929372 0.7519702 0.1297079 0.0289286 0.0208433 0.1019127 0.1790650 0.0751365 0.0831381 0.0936161 0.0638258 0.0312963 0.0305837 0.2343829 0.2738838 0.1811448 0.0503494 0.1369548 0.1218603 0.1011857 0.2671722 0.3013854 0.0262842 0.0867979 0.3046207 0.0952254 0.0380707 0.5886242 0.0772393 0.0152521 0.2678355 0.1186748 0.0350465 0.1632463 0.1142282 0.0301909 0.1278785 0.0811817 0.0902451 
Perityle_angustifolia_13_Eagle_creek       0.0826612 0.0828715 0.1001456 0.2092051 0.0894589 0.0824302 0.2117727 0.1110294 0.2183028 0.0972726 0.0793422 0.0761529 0.0795771 0.0273689 0.0000000 0.0502966 0.0921891 0.0871018 0.0923450 0.0071287 0.1261302 0.0214971 0.0155210 0.0273552 0.0264923 0.0274042 0.0672776 0.0993178 0.0943817 0.0519645 0.0501843 0.0878561 0.0736267 0.0895003 0.0258971 0.0999244 0.0998203 0.0201736 0.0986217 0.0806070 0.0288540 0.0799492 0.1042669 0.0243933 0.0973718 0.0935489 0.0157744 0.0273123 0.7237177 0.1029651 0.0360776 0.0200295 0.0307049 0.1136117 0.0113604 0.0831075 0.0894407 0.0729303 0.0244117 0.0243997 0.1381571 0.2042640 0.1041623 0.0503715 0.0689788 0.0838447 0.0672320 0.1260990 0.1378289 0.0147567 0.0200224 0.2168340 0.0497663 0.0258608 0.0000010 0.0324533 0.0171767 0.1380165 0.0898901 0.0214600 0.0682190 0.1188373 0.0229515 0.0497663 0.0738307 0.0800286 
Perityle_batopilensis_97                   0.1159159 0.0758715 0.1146393 0.3537444 0.1542227 0.1052103 0.2345472 0.1002498 0.2543062 0.0962703 0.1153264 0.0508557 0.0876633 0.1256892 0.0502966 0.0000000 0.4557796 0.1065435 0.1000519 0.1291990 0.0420007 0.0781251 0.0518672 0.1339744 0.0742384 0.1287797 0.0651982 0.1359013 0.0943366 0.0459140 0.0483432 0.0942201 0.1187307 0.0884627 0.1360473 0.3579001 0.0825594 0.1109391 0.1328856 0.0184021 0.1868297 0.1101396 0.0881895 0.0805115 0.0845979 0.1445335 0.1421400 0.2235464 0.1730717 0.0939928 0.0883321 0.1450669 0.1409810 0.0583403 0.1771313 0.0783960 0.0859538 0.0492602 0.1713333 0.1344614 0.0818272 0.3129519 0.1965576 0.0426673 0.0523484 0.0770947 0.0463740 0.1694721 0.1885509 0.0555242 0.1337833 0.1307352 0.1095640 0.1565270 0.1326004 0.1315692 0.0401004 0.1902801 0.1070374 0.1077735 0.0523268 0.0787252 0.1098322 0.1057242 0.0816869 0.0519649 
Perityle_bisetosa_9                        0.4260789 0.1268338 0.4019076 0.5057335 0.5647002 0.2466053 0.5550567 0.1355412 0.4314202 0.2932955 0.2894515 0.4131396 0.4112980 0.2521968 0.0921891 0.4557796 0.0000000 0.2927376 0.2840152 0.3938375 0.4676076 0.2071386 0.0965791 0.3517295 0.1601265 0.2208323 0.4020316 0.4243328 0.4187234 0.1885604 0.1166235 0.4071059 0.4527801 0.2415928 0.3684156 0.2427595 0.3273623 0.3601641 0.3877542 0.4469556 0.2395614 0.4103487 0.3682400 0.2399077 0.4800763 0.3972347 0.3411001 0.3162188 0.8773544 0.3338800 0.2240092 0.1711719 0.3795060 0.4084480 0.3333986 0.2768934 0.3101792 0.1509937 0.2383798 0.2397991 0.5416655 0.3903992 0.3198951 0.0846974 0.3792951 0.4198877 0.2750112 0.5004373 0.5367274 0.0313974 0.3493124 0.5623302 0.3347975 0.2508555 0.8356584 0.3848517 0.0897613 0.5238210 0.3323920 0.2528846 0.4446795 0.2066184 0.2396524 0.5049436 0.2152662 0.1009104 
Perityle_californica_76_positas            0.1230663 0.1111932 0.1510006 0.3403908 0.1278758 0.1219721 0.2563875 0.1310304 0.2865591 0.1142669 0.1254004 0.1181173 0.0953677 0.1218836 0.0871018 0.1065435 0.2927376 0.0000000 0.1056225 0.0981580 0.1284391 0.0946221 0.0649591 0.0991135 0.0900037 0.1474103 0.1458226 0.1721833 0.1280969 0.0909709 0.0861017 0.0675914 0.1158607 0.1141706 0.0984232 0.3569245 0.1117794 0.0948103 0.1175388 0.1121310 0.1926124 0.0978819 0.1168893 0.0928498 0.1099841 0.1238367 0.1015783 0.2288026 0.1093964 0.1149215 0.0992611 0.1556345 0.1029416 0.1306298 0.0987870 0.0984066 0.1246127 0.0964038 0.1694892 0.1259266 0.1212928 0.2579074 0.2032697 0.0554591 0.1180522 0.1029199 0.1034574 0.1429468 0.1442974 0.0562809 0.0984523 0.1127303 0.1102834 0.1562018 0.1013599 0.1042349 0.0696788 0.1443149 0.1431842 0.0944218 0.1151310 0.1243068 0.1058919 0.1092162 0.0497012 0.0836308 
Perityle_canescens_77                      0.1140999 0.1021086 0.1130898 0.3234947 0.1182938 0.1442188 0.3117747 0.1399595 0.2754470 0.1219078 0.1135657 0.1183969 0.1018982 0.1014452 0.0923450 0.1000519 0.2840152 0.1056225 0.0000000 0.1020839 0.1438301 0.1011175 0.0858666 0.0996679 0.0890372 0.1036051 0.1104008 0.1354557 0.1148173 0.0658812 0.0737685 0.1300052 0.1008543 0.1233030 0.1046682 0.1136770 0.0878761 0.1011697 0.0862372 0.1289399 0.1014838 0.1044015 0.0906835 0.1049056 0.0823337 0.0846884 0.1047794 0.1100031 0.3771856 0.0885038 0.1124583 0.0876416 0.1028984 0.1423853 0.1060104 0.1118940 0.1295311 0.0926590 0.0998449 0.1023413 0.1476537 0.2567764 0.1518304 0.0716782 0.1161441 0.1128430 0.1151048 0.1716736 0.1884307 0.0531830 0.1022994 0.2195118 0.0891508 0.1110215 0.3468446 0.1104005 0.0840013 0.1839739 0.1249277 0.1086767 0.1120863 0.1354429 0.1011175 0.0886362 0.1143009 0.1129291 
Perityle_castillonii_96                    0.1587499 0.0837902 0.1241461 0.3561596 0.1689399 0.0939965 0.2613086 0.1023632 0.3004062 0.1046439 0.1293903 0.1520175 0.1063438 0.0896816 0.0071287 0.1291990 0.3938375 0.0981580 0.1020839 0.0000000 0.1326818 0.0384371 0.0066306 0.0588973 0.0470203 0.0793777 0.1254032 0.1660785 0.1432015 0.0538962 0.0477961 0.1167438 0.1545323 0.0944270 0.0582520 0.3277128 0.1196529 0.0541632 0.1463076 0.1150393 0.1356002 0.0557454 0.1131539 0.0239034 0.1353635 0.1737227 0.0519484 0.1552272 0.0790669 0.1335784 0.0506981 0.0909973 0.0702338 0.1578086 0.1292863 0.0801512 0.0919744 0.0671936 0.1191554 0.1126612 0.1651322 0.3372126 0.2212658 0.1107314 0.1679217 0.1172549 0.1021858 0.2320320 0.2573139 0.0047413 0.0582614 0.1238088 0.1470745 0.1126511 0.0694064 0.0292218 0.0103342 0.2416834 0.1428273 0.0757566 0.1490556 0.1120434 0.0940351 0.1527707 0.0822010 0.0964776 
Perityle_cernua_84                         0.1599931 0.1226675 0.1438696 0.3985725 0.1327694 0.1240349 0.2888308 0.1250085 0.2958443 0.1697070 0.1569642 0.0999675 0.1263777 0.1686746 0.1261302 0.0420007 0.4676076 0.1284391 0.1438301 0.1326818 0.0000000 0.1535543 0.1106793 0.1427164 0.1543788 0.1578327 0.0989706 0.1716627 0.1436197 0.0574978 0.0631867 0.1469851 0.1251583 0.1767810 0.1479510 0.1915327 0.1621072 0.1418466 0.1621440 0.0828294 0.1630028 0.1228162 0.1542618 0.1472268 0.1347627 0.1637266 0.1490853 0.1938174 0.1825424 0.1666944 0.1626057 0.1587176 0.1621012 0.1167818 0.2830512 0.1283067 0.1289368 0.0863652 0.1691073 0.1670817 0.1260121 0.2903588 0.1654615 0.0589761 0.0941160 0.1310157 0.1324310 0.2089580 0.2185107 0.0468639 0.1533936 0.1781251 0.0940807 0.1815284 0.1257829 0.1355927 0.0882998 0.2102417 0.1431143 0.1742126 0.0988442 0.1317368 0.1691368 0.0942985 0.1506620 0.1916419 
Perityle_cfvillosa_25_tin                  0.1349521 0.0816742 0.1124440 0.3464084 0.0961959 0.1084134 0.3116609 0.1018527 0.2858674 0.1029791 0.0916789 0.0956255 0.0762490 0.0299029 0.0214971 0.0781251 0.2071386 0.0946221 0.1011175 0.0384371 0.1535543 0.0000000 0.0167401 0.0307411 0.0281023 0.0307574 0.0906799 0.1150843 0.1108059 0.0507288 0.0470168 0.0962683 0.1010878 0.0970002 0.0324685 0.1135494 0.1117541 0.0174466 0.1223001 0.1123553 0.0316184 0.0805621 0.1099789 0.0133475 0.1275616 0.1244422 0.0217713 0.0552787 0.8402553 0.1164016 0.0320341 0.0220969 0.0609180 0.1516660 0.0244006 0.0829769 0.0921068 0.0678363 0.0040337 0.0032266 0.2073480 0.2601478 0.1663485 0.0505210 0.0985857 0.1051437 0.0904930 0.2382888 0.2515773 0.0098412 0.0286266 0.2502957 0.0722046 0.0170724 0.1657339 0.0341296 0.0066634 0.2335764 0.1021344 0.0248245 0.1081383 0.1119216 0.0016097 0.0731625 0.0781201 0.0950211 
Perityle_cinerea_113_Powell1310            0.0721029 0.0794022 0.1035559 0.2033886 0.0673051 0.0731811 0.2029525 0.0941225 0.2024154 0.0942155 0.0822610 0.0723108 0.0778118 0.0475021 0.0155210 0.0518672 0.0965791 0.0649591 0.0858666 0.0066306 0.1106793 0.0167401 0.0000000 0.0185063 0.0205365 0.0763227 0.0685400 0.1260999 0.0885938 0.0399846 0.0448504 0.0856778 0.0646293 0.0861712 0.0185207 0.2542188 0.0896807 0.0086900 0.0857003 0.0659283 0.1035465 0.0562753 0.0926438 0.0212064 0.0871532 0.0857019 0.0119005 0.1269079 0.0548123 0.0912659 0.0277908 0.0807731 0.0288305 0.1089743 0.0099273 0.0802387 0.0794937 0.0607560 0.0943415 0.0571414 0.1079802 0.1954210 0.1319168 0.0504301 0.0652572 0.0819722 0.0607937 0.0906689 0.0963206 0.0032893 0.0075534 0.1371488 0.0442788 0.0895590 0.0076852 0.0201747 0.0101877 0.0935081 0.1226174 0.0196703 0.0650792 0.1118460 0.0254337 0.0442788 0.0647430 0.0771409 
Perityle_coahuilensis_24                   0.1678864 0.0946380 0.1279834 0.3578124 0.1827767 0.0939662 0.2737652 0.1063923 0.2973667 0.1170950 0.1161166 0.1558570 0.0693311 0.0375102 0.0273552 0.1339744 0.3517295 0.0991135 0.0996679 0.0588973 0.1427164 0.0307411 0.0185063 0.0000000 0.0238423 0.0574695 0.1304905 0.1513044 0.1408884 0.0849080 0.0523553 0.1052094 0.1589797 0.1003166 0.1008594 0.3013557 0.1107764 0.0662958 0.1434523 0.1224308 0.0811238 0.0656519 0.1174991 0.0330838 0.1377508 0.1629776 0.0381647 0.1649012 0.0388308 0.1176866 0.0297624 0.0691674 0.0830774 0.1734077 0.1430015 0.0819030 0.0951606 0.0619125 0.0980757 0.0900869 0.1875984 0.3345542 0.2153112 0.1105724 0.1726610 0.1171995 0.0968247 0.2250078 0.2637497 0.0047122 0.0945106 0.0909735 0.1503747 0.0912448 0.0248632 0.0550760 0.0169680 0.2415904 0.1337414 0.0623816 0.1600965 0.1118166 0.1034284 0.1587144 0.0811433 0.0885900 
Perityle_cochisensis_44_cave_creek         0.1656896 0.0751288 0.1063910 0.2846159 0.0831026 0.1108787 0.2823078 0.1048901 0.2843221 0.1085510 0.0782427 0.0955775 0.0744822 0.0238502 0.0264923 0.0742384 0.1601265 0.0900037 0.0890372 0.0470203 0.1543788 0.0281023 0.0205365 0.0238423 0.0000000 0.0277147 0.0894992 0.1063191 0.1086514 0.0489259 0.0449698 0.0933949 0.0903636 0.1015355 0.0267437 0.1048738 0.1115179 0.0264283 0.1079827 0.1149562 0.0248296 0.0813824 0.1106768 0.0303361 0.1334085 0.1084584 0.0277536 0.0808771 1.1998562 0.1133621 0.0286109 0.0211615 0.0259856 0.1589183 0.0319523 0.0833575 0.0916972 0.0617310 0.0285860 0.0286247 0.2229688 0.2375377 0.1288825 0.0529661 0.0969456 0.1031550 0.0875204 0.2219346 0.2526589 0.0147900 0.0286659 0.2862897 0.0635445 0.0363961 0.0000010 0.0283060 0.0174670 0.2210821 0.1025119 0.0293113 0.1157466 0.1030881 0.0276139 0.0635445 0.0752133 0.0986904 
Perityle_congesta_202                      0.1852909 0.0816653 0.1146071 0.4117282 0.1516451 0.1784614 0.3668706 0.1113213 0.3386519 0.1059964 0.1064566 0.1344055 0.0784211 0.0266226 0.0274042 0.1287797 0.2208323 0.1474103 0.1036051 0.0793777 0.1578327 0.0307574 0.0763227 0.0574695 0.0277147 0.0000000 0.1051075 0.1212461 0.1360373 0.0547198 0.0516451 0.1095835 0.1396044 0.0999249 0.0744111 0.1420330 0.1148391 0.0745742 0.1639466 0.1652276 0.0296986 0.1221647 0.1109648 0.0340394 0.1307036 0.1544699 0.0605531 0.1099253 0.8665207 0.1184056 0.0280896 0.0201862 0.1003419 0.1648682 0.0680902 0.0794337 0.0923154 0.0681042 0.0326269 0.0327851 0.2091671 0.2623848 0.1807713 0.0529024 0.1389354 0.0988584 0.0982724 0.2723232 0.3006660 0.0848465 0.0832946 0.3010074 0.1213103 0.0394817 0.6833508 0.0709168 0.0187658 0.2630528 0.1165989 0.0343042 0.1610865 0.1098984 0.0292468 0.1252824 0.0839597 0.0904524 
Perityle_cordifolia_27                     0.1635155 0.0942177 0.1244984 0.3960617 0.1593809 0.1311743 0.2981299 0.1165124 0.3101751 0.1122773 0.1073162 0.0668111 0.1259136 0.1222829 0.0672776 0.0651982 0.4020316 0.1458226 0.1104008 0.1254032 0.0989706 0.0906799 0.0685400 0.1304905 0.0894992 0.1051075 0.0000000 0.1445382 0.1067167 0.0553737 0.0585364 0.1123155 0.1185786 0.1083294 0.1392837 0.1713382 0.1137088 0.1316763 0.1326077 0.0920917 0.1247242 0.1156233 0.1168022 0.0870335 0.1343407 0.1432896 0.1351042 0.1678183 0.1927341 0.1265640 0.0971538 0.0997423 0.1388866 0.0688797 0.2807765 0.0866116 0.1166441 0.0519703 0.1239560 0.1375842 0.1510212 0.3220361 0.1846706 0.0915840 0.0670410 0.0869065 0.0113475 0.2588690 0.2850219 0.0555301 0.1372403 0.2302062 0.1058226 0.1229386 0.1760494 0.1271301 0.0602916 0.2397068 0.1253619 0.1250370 0.0864146 0.1179747 0.1369792 0.1298685 0.0906268 0.0992249 
Perityle_cordifolia_68_tecolote            0.1780651 0.1320803 0.1397221 0.4122007 0.1636664 0.1700013 0.3155547 0.1449760 0.3378487 0.1293939 0.1260746 0.1662483 0.1409045 0.1404248 0.0993178 0.1359013 0.4243328 0.1721833 0.1354557 0.1660785 0.1716627 0.1150843 0.1260999 0.1513044 0.1063191 0.1212461 0.1445382 0.0000000 0.1686391 0.0798688 0.0912092 0.1423257 0.1555758 0.1353928 0.1589075 0.1970487 0.1363660 0.1544803 0.1725983 0.1729196 0.1449578 0.1553276 0.1404240 0.1115246 0.1501057 0.1709140 0.1590176 0.2099724 0.2389458 0.1464494 0.1152821 0.1210058 0.1632586 0.1683397 0.2768754 0.1152037 0.0134243 0.1077147 0.1495297 0.1393209 0.2029359 0.3500720 0.2304792 0.1107455 0.1593369 0.1438347 0.1235181 0.2675618 0.2997230 0.0731409 0.1603659 0.2577402 0.1472069 0.1490950 0.2005045 0.1635905 0.0945629 0.2673075 0.1393152 0.1385763 0.1793064 0.1508017 0.1381473 0.1313882 0.1307764 0.1323667 
Perityle_coronopifolia_28_patagonia        0.1558027 0.1343042 0.1383067 0.3852030 0.1765574 0.1243445 0.2882232 0.1347184 0.3231553 0.1298008 0.1379685 0.1048268 0.1283191 0.1424611 0.0943817 0.0943366 0.4187234 0.1280969 0.1148173 0.1432015 0.1436197 0.1108059 0.0885938 0.1408884 0.1086514 0.1360373 0.1067167 0.1686391 0.0000000 0.0812978 0.0858806 0.1244742 0.1293431 0.1291313 0.1514283 0.3199406 0.1194678 0.1383512 0.1726259 0.1202895 0.1897223 0.1323652 0.1198689 0.1054398 0.1362026 0.1744060 0.1526613 0.2482479 0.1806136 0.1318494 0.1142919 0.1557772 0.1514529 0.1637837 0.2509759 0.0377937 0.1307679 0.0849891 0.1816257 0.1707916 0.1083162 0.3060848 0.2392232 0.1143168 0.1150777 0.0124545 0.1063931 0.2421685 0.2590459 0.0579719 0.1520436 0.2107460 0.1212316 0.1709593 0.1536579 0.1501598 0.0971636 0.2335275 0.1559099 0.1444421 0.1145254 0.1018644 0.1581620 0.1328507 0.1263079 0.0640280 
Perityle_crassifolia_70_ventanas           0.0902516 0.0829089 0.0796961 0.2280409 0.0610716 0.0658939 0.1671450 0.1093125 0.1959623 0.0864258 0.0624145 0.0702430 0.0571575 0.0527804 0.0519645 0.0459140 0.1885604 0.0909709 0.0658812 0.0538962 0.0574978 0.0507288 0.0399846 0.0849080 0.0489259 0.0547198 0.0553737 0.0798688 0.0812978 0.0000000 0.0037962 0.0894396 0.0821158 0.0840238 0.0726462 0.0796961 0.0605711 0.0665650 0.1034887 0.0565476 0.0547682 0.0611769 0.0676841 0.0567607 0.0636160 0.1035076 0.0743637 0.0588290 0.4870378 0.0659799 0.0627293 0.0466872 0.0784213 0.0573089 0.0555821 0.0731403 0.0839479 0.0534788 0.0527242 0.0507288 0.0810334 0.2034318 0.0885715 0.0479516 0.0987165 0.0716726 0.0572894 0.1099447 0.1198291 0.0400465 0.0508048 0.1289259 0.0014857 0.0546987 0.0000010 0.0749568 0.0419451 0.0946479 0.0554035 0.0486947 0.0622899 0.0697188 0.0507288 0.0014857 0.0703290 0.0581290 
Perityle_crassifolia_74_playa_balandra     0.0697233 0.0829089 0.0838819 0.2079595 0.0718165 0.0658939 0.1466043 0.0826165 0.1959623 0.0886724 0.0731483 0.0710351 0.0627254 0.0470279 0.0501843 0.0483432 0.1166235 0.0861017 0.0737685 0.0477961 0.0631867 0.0470168 0.0448504 0.0523553 0.0449698 0.0516451 0.0585364 0.0912092 0.0858806 0.0037962 0.0000000 0.0902320 0.0553035 0.0848413 0.0511779 0.0824446 0.0692080 0.0471538 0.0744276 0.0577827 0.0493011 0.0667266 0.0772220 0.0539275 0.0725486 0.0779134 0.0487851 0.0562962 0.1717819 0.0753147 0.0607796 0.0447031 0.0601643 0.0608628 0.0432332 0.0773271 0.0946075 0.0588539 0.0493030 0.0470168 0.0854979 0.1958670 0.0883278 0.0479516 0.0667325 0.0726179 0.0591150 0.0879992 0.1011887 0.0400465 0.0465559 0.1203020 0.0057022 0.0515674 0.2475455 0.0535906 0.0447123 0.0987461 0.0588277 0.0424389 0.0620497 0.0773090 0.0470168 0.0075454 0.0692454 0.0581290 
Perityle_cuneata_34_cuneata_San_antonio    0.1454271 0.1248600 0.1168795 0.3710991 0.1420377 0.1222010 0.2996059 0.1207108 0.2905382 0.1256404 0.1052556 0.1128203 0.1191503 0.1241365 0.0878561 0.0942201 0.4071059 0.0675914 0.1300052 0.1167438 0.1469851 0.0962683 0.0856778 0.1052094 0.0933949 0.1095835 0.1123155 0.1423257 0.1244742 0.0894396 0.0902320 0.0000000 0.0920739 0.1237431 0.1122947 0.1257286 0.1205392 0.1120582 0.1475122 0.1284724 0.1220558 0.1024859 0.1314589 0.1016941 0.1396982 0.1416707 0.1158020 0.1687408 0.1389114 0.1334164 0.1031217 0.0982867 0.1169252 0.1705824 0.2705482 0.1147373 0.1355972 0.0926429 0.1269161 0.1407072 0.1828848 0.3544722 0.1940238 0.1055858 0.1162122 0.1204218 0.1133367 0.2326888 0.2557543 0.0537817 0.1161459 0.2075315 0.1037827 0.1323551 0.1259811 0.1160160 0.0724959 0.2309742 0.1286310 0.1299108 0.1262749 0.1592619 0.1366697 0.1159642 0.0431921 0.1242480 
Perityle_cuneata_4                         0.1355238 0.0994440 0.1137351 0.3603677 0.1717342 0.1090481 0.2475927 0.1177692 0.2951265 0.1039022 0.1275294 0.1355725 0.1075350 0.1381270 0.0736267 0.1187307 0.4527801 0.1158607 0.1008543 0.1545323 0.1251583 0.1010878 0.0646293 0.1589797 0.0903636 0.1396044 0.1185786 0.1555758 0.1293431 0.0821158 0.0553035 0.0920739 0.0000000 0.0970850 0.1596405 0.2909428 0.1025685 0.1215775 0.1467535 0.1088832 0.1899866 0.1167649 0.1055418 0.0954952 0.1268611 0.1585916 0.1706800 0.2538423 0.1817593 0.1195491 0.1016173 0.1507616 0.1444509 0.1297510 0.2266132 0.1005303 0.1197552 0.0880218 0.1813826 0.1540193 0.1491501 0.3521779 0.2010059 0.1003359 0.1458626 0.1132216 0.1008197 0.2176051 0.2595282 0.0483947 0.1387868 0.1944722 0.1316211 0.1694762 0.1343437 0.1396457 0.0629792 0.2372083 0.1271577 0.1368218 0.1426174 0.1596255 0.1370012 0.1468639 0.0954886 0.1004046 
Perityle_discoidea_81                      0.0350133 0.0952546 0.0803283 0.3415399 0.1376772 0.1388738 0.3139379 0.1241270 0.3044346 0.0098932 0.1149552 0.1119160 0.0951480 0.1014550 0.0895003 0.0884627 0.2415928 0.1141706 0.1233030 0.0944270 0.1767810 0.0970002 0.0861712 0.1003166 0.1015355 0.0999249 0.1083294 0.1353928 0.1291313 0.0840238 0.0848413 0.1237431 0.0970850 0.0000000 0.1005316 0.0842212 0.1223082 0.1020477 0.1395866 0.1213642 0.1039384 0.1023182 0.1313302 0.1021671 0.1371001 0.1415194 0.1032177 0.1108033 0.6721028 0.1300076 0.1065985 0.0952693 0.1271639 0.1521180 0.0979849 0.1126327 0.1396911 0.1078846 0.1023493 0.1025271 0.2020157 0.2299607 0.1702933 0.0713228 0.1065283 0.1206211 0.1106323 0.1994729 0.2133585 0.0581480 0.1093333 0.2358849 0.0921799 0.1105649 0.0322621 0.0935132 0.0773936 0.2077873 0.1034007 0.1037283 0.1056140 0.1831850 0.1023166 0.0909020 0.1161149 0.1240442 
Perityle_dissecta_201                      0.1856828 0.0929831 0.1371562 0.3600844 0.1801099 0.0942886 0.2761667 0.1069063 0.3017434 0.1161174 0.1227423 0.1593622 0.0747764 0.0772958 0.0258971 0.1360473 0.3684156 0.0984232 0.1046682 0.0582520 0.1479510 0.0324685 0.0185207 0.1008594 0.0267437 0.0744111 0.1392837 0.1589075 0.1514283 0.0726462 0.0511779 0.1122947 0.1596405 0.1005316 0.0000000 0.3169570 0.1157205 0.0412963 0.1646232 0.1282515 0.1184023 0.0847159 0.1224217 0.0442502 0.1423747 0.1770932 0.0668263 0.1858208 0.1021846 0.1220625 0.0272479 0.0720156 0.0777276 0.1764156 0.1307413 0.0831345 0.0953853 0.0679569 0.1137117 0.0944946 0.1930210 0.3568868 0.2179860 0.1025255 0.1654771 0.1304410 0.0998394 0.2450997 0.2753903 0.0063146 0.0319004 0.1818869 0.1609521 0.1095107 0.0352428 0.0672498 0.0135792 0.2410574 0.1369362 0.0737141 0.1663857 0.1095324 0.0776830 0.1569533 0.0810142 0.0886190 
Perityle_emoryi_47_punta_san_jose          0.3328998 0.0790126 0.0297527 0.5912606 0.4068855 0.3233525 0.5101932 0.1419199 0.5599026 0.0901227 0.1540641 0.3228326 0.0920463 0.1277315 0.0999244 0.3579001 0.2427595 0.3569245 0.1136770 0.3277128 0.1915327 0.1135494 0.2542188 0.3013557 0.1048738 0.1420330 0.1713382 0.1970487 0.3199406 0.0796961 0.0824446 0.1257286 0.2909428 0.0842212 0.3169570 0.0000000 0.1209994 0.3071317 0.3582374 0.3416784 0.1698721 0.3034897 0.1262302 0.1188614 0.1499850 0.3259814 0.3101766 0.2589814 0.9399038 0.1272129 0.1110066 0.1491736 0.3215712 0.1923798 0.3064637 0.1164347 0.1391513 0.1077464 0.1623879 0.1474138 0.2063084 0.2584144 0.2352367 0.0823126 0.3191031 0.1194214 0.1195136 0.4040663 0.4251797 0.2673841 0.2960425 0.4506455 0.3481643 0.1613690 0.8466612 0.3129444 0.0829591 0.3964693 0.1654759 0.1102651 0.3565459 0.1698033 0.1293806 0.3493483 0.1090843 0.1265103 
Perityle_feddemae_99                       0.1368456 0.0974618 0.1188011 0.3622845 0.1101107 0.1180620 0.3239698 0.1414952 0.2834112 0.1246795 0.1144435 0.1188616 0.0947095 0.1251239 0.0998203 0.0825594 0.3273623 0.1117794 0.0878761 0.1196529 0.1621072 0.1117541 0.0896807 0.1107764 0.1115179 0.1148391 0.1137088 0.1363660 0.1194678 0.0605711 0.0692080 0.1205392 0.1025685 0.1223082 0.1157205 0.1209994 0.0000000 0.1089821 0.1004510 0.1264225 0.1194363 0.0927640 0.0106999 0.1091546 0.0294052 0.0930004 0.1152629 0.1548347 0.2897533 0.0148852 0.1171371 0.1051978 0.1353078 0.1569811 0.1171613 0.1057340 0.1214920 0.0780923 0.1235551 0.1237393 0.1940736 0.2816944 0.1595454 0.0727782 0.1226761 0.1186223 0.1190348 0.2359755 0.2441388 0.0558580 0.1214054 0.2387606 0.0750909 0.1340687 0.0966222 0.1138263 0.0838486 0.2538894 0.1270810 0.1279057 0.1157011 0.1362558 0.1224847 0.0782120 0.1128736 0.1227271 
Perityle_fosteri_93                        0.1379070 0.0916095 0.1276466 0.3475349 0.1473087 0.0966744 0.2702057 0.1030409 0.2863546 0.1164282 0.1155299 0.1324997 0.0745960 0.0751410 0.0201736 0.1109391 0.3601641 0.0948103 0.1011697 0.0541632 0.1418466 0.0174466 0.0086900 0.0662958 0.0264283 0.0745742 0.1316763 0.1544803 0.1383512 0.0665650 0.0471538 0.1120582 0.1215775 0.1020477 0.0412963 0.3071317 0.1089821 0.0000000 0.1298648 0.1214071 0.1200089 0.0721387 0.1135931 0.0296349 0.1332928 0.1353837 0.0312979 0.1649670 0.0526830 0.1167905 0.0314770 0.0730828 0.0606600 0.1696894 0.1299002 0.0819413 0.0866487 0.0664305 0.0964425 0.0869521 0.1882458 0.3502761 0.2135689 0.1131905 0.1218378 0.1265103 0.0961107 0.1996792 0.2094063 0.0062861 0.0222351 0.1136891 0.1182410 0.0923711 0.0301638 0.0540923 0.0136651 0.2009191 0.1336314 0.0611941 0.1319992 0.1097802 0.0690698 0.1271863 0.0772157 0.0952199 
Perityle_gamon_221                         0.1443566 0.1088681 0.1373781 0.3930899 0.1948327 0.1212950 0.2786533 0.1243593 0.2944809 0.1358362 0.1513305 0.1542400 0.1091736 0.1627375 0.0986217 0.1328856 0.3877542 0.1175388 0.0862372 0.1463076 0.1621440 0.1223001 0.0857003 0.1434523 0.1079827 0.1639466 0.1326077 0.1725983 0.1726259 0.1034887 0.0744276 0.1475122 0.1467535 0.1395866 0.1646232 0.3582374 0.1004510 0.1298648 0.0000000 0.1286500 0.2022166 0.1454487 0.1017345 0.1254944 0.1007367 0.0232134 0.1440266 0.2400386 0.1752500 0.1021975 0.1292704 0.1533300 0.1488810 0.1714563 0.1848915 0.1356724 0.1378528 0.0965717 0.1909338 0.1697015 0.1903653 0.2942935 0.2127198 0.0564460 0.1473350 0.1419293 0.1274370 0.2239116 0.2431660 0.0618506 0.1511551 0.1969593 0.1636027 0.1914622 0.1427429 0.1484596 0.0874117 0.2352607 0.1444972 0.1480845 0.1445298 0.1580303 0.1534920 0.1498509 0.1160631 0.1306809 
Perityle_gentryi_8_san_francisco           0.1228217 0.0930630 0.1373779 0.3488998 0.1394566 0.1098289 0.2531104 0.1077713 0.2739543 0.1257190 0.1537870 0.0668279 0.1072446 0.1540298 0.0806070 0.0184021 0.4469556 0.1121310 0.1289399 0.1150393 0.0828294 0.1123553 0.0659283 0.1224308 0.1149562 0.1652276 0.0920917 0.1729196 0.1202895 0.0565476 0.0577827 0.1284724 0.1088832 0.1213642 0.1282515 0.3416784 0.1264225 0.1214071 0.1286500 0.0000000 0.2029989 0.1175945 0.1218234 0.1057854 0.1241288 0.1352389 0.1296819 0.2470709 0.1308765 0.1340894 0.1222068 0.1740174 0.1387881 0.0961372 0.1921045 0.1139371 0.1216165 0.0669889 0.1912080 0.1608246 0.1111542 0.2776169 0.2093072 0.0493340 0.0597506 0.1120279 0.0824059 0.1782928 0.1850248 0.0533651 0.1271335 0.1475111 0.0945180 0.1834977 0.1229490 0.1207982 0.0486360 0.1747639 0.1309752 0.1341505 0.0595274 0.1299682 0.1421649 0.0951375 0.1169541 0.1549953 
Perityle_gilensis_22_Superstition          0.2324426 0.0879464 0.1388198 0.4987795 0.2314769 0.2265822 0.4207688 0.1086834 0.4120440 0.1131507 0.1101528 0.1800989 0.0933557 0.0050688 0.0288540 0.1868297 0.2395614 0.1926124 0.1014838 0.1356002 0.1630028 0.0316184 0.1035465 0.0811238 0.0248296 0.0296986 0.1247242 0.1449578 0.1897223 0.0547682 0.0493011 0.1220558 0.1899866 0.1039384 0.1184023 0.1698721 0.1194363 0.1200089 0.2022166 0.2029989 0.0000000 0.1667139 0.1209407 0.0340319 0.1536253 0.1996949 0.1054571 0.1290854 0.7756903 0.1242343 0.0306340 0.0211958 0.1422971 0.1747090 0.1285021 0.0832510 0.0966453 0.0638258 0.0316740 0.0307484 0.2281958 0.2763657 0.2054592 0.0527860 0.1773356 0.1214111 0.1005636 0.3140642 0.3404165 0.1199110 0.1280942 0.3410815 0.1670786 0.0375608 0.6867354 0.1231490 0.0187098 0.3112256 0.1214612 0.0359966 0.2080158 0.1142282 0.0310670 0.1917625 0.0812277 0.0904091 
Perityle_gilensis_salensis_225             0.1377717 0.1121028 0.1104797 0.3626670 0.1551463 0.1110036 0.2713699 0.1119034 0.2929627 0.1078731 0.1229011 0.1316907 0.0738862 0.1203697 0.0799492 0.1101396 0.4103487 0.0978819 0.1044015 0.0557454 0.1228162 0.0805621 0.0562753 0.0656519 0.0813824 0.1221647 0.1156233 0.1553276 0.1323652 0.0611769 0.0667266 0.1024859 0.1167649 0.1023182 0.0847159 0.3034897 0.0927640 0.0721387 0.1454487 0.1175945 0.1667139 0.0000000 0.1003961 0.0797980 0.1162623 0.1402166 0.0763781 0.2214499 0.0764659 0.1078150 0.0827166 0.1348485 0.0782066 0.1560345 0.1673163 0.0909097 0.1188876 0.0896778 0.1580745 0.1404555 0.1695579 0.3390177 0.2121283 0.1237790 0.1251398 0.1048526 0.0918227 0.2040607 0.2088280 0.0348283 0.0771868 0.1165269 0.1200172 0.1552586 0.0654911 0.0548958 0.0695906 0.1951527 0.1400044 0.1155225 0.1296691 0.1515392 0.1208806 0.1211412 0.1057797 0.1137712 
Perityle_glaucescens_94                    0.1127502 0.1019761 0.1203947 0.3672858 0.1209854 0.1230546 0.3102434 0.1368495 0.2858114 0.1280168 0.1210766 0.1211355 0.1099324 0.1270822 0.1042669 0.0881895 0.3682400 0.1168893 0.0906835 0.1131539 0.1542618 0.1099789 0.0926438 0.1174991 0.1106768 0.1109648 0.1168022 0.1404240 0.1198689 0.0676841 0.0772220 0.1314589 0.1055418 0.1313302 0.1224217 0.1262302 0.0106999 0.1135931 0.1017345 0.1218234 0.1209407 0.1003961 0.0000000 0.1128178 0.0111884 0.0983951 0.1199172 0.1323986 0.2406604 0.0175048 0.1169073 0.1036155 0.1412071 0.1492547 0.1400796 0.1136508 0.1308248 0.0844042 0.1233079 0.1235069 0.1700073 0.3017736 0.1603705 0.0763599 0.1228050 0.1212419 0.1226219 0.2054641 0.2171330 0.0558082 0.1272024 0.2072480 0.0844937 0.1336015 0.1313890 0.1137378 0.0871548 0.2345890 0.1337038 0.1267323 0.1194581 0.1410383 0.1221502 0.0893932 0.1173266 0.1260122 
Perityle_gracilis_11                       0.0930199 0.0881332 0.1195723 0.3531863 0.1067541 0.1083023 0.3022531 0.1113156 0.2743248 0.1089870 0.0902236 0.0935451 0.0805122 0.0330941 0.0243933 0.0805115 0.2399077 0.0928498 0.1049056 0.0239034 0.1472268 0.0133475 0.0212064 0.0330838 0.0303361 0.0340394 0.0870335 0.1115246 0.1054398 0.0567607 0.0539275 0.1016941 0.0954952 0.1021671 0.0442502 0.1188614 0.1091546 0.0296349 0.1254944 0.1057854 0.0340319 0.0797980 0.1128178 0.0000000 0.1134259 0.1265188 0.0252898 0.0078114 0.9266565 0.1146263 0.0372041 0.0214168 0.0755546 0.1412589 0.0275721 0.0867524 0.0950529 0.0716455 0.0139448 0.0148431 0.1828376 0.2705790 0.1612421 0.0554191 0.0976691 0.1005872 0.0891222 0.1919666 0.2062422 0.0122980 0.0425105 0.2284863 0.0780272 0.0218884 0.1390601 0.0367352 0.0099999 0.2035002 0.1029047 0.0265328 0.0920486 0.1142485 0.0130650 0.0812929 0.0808676 0.0902533 
