84
Amauria_brandeegeana_62                    0.0000000 0.0336088 0.4915221 0.3067529 0.3452366 0.2551778 0.7676135 0.0103019 0.2483629 0.2114110 0.3015052 0.1852408 0.2585296 0.2703130 0.2866211 0.2772482 0.2205869 0.2313069 0.2668414 0.1180904 0.0556625 0.2558072 0.2822779 0.3018235 0.3175803 0.2659896 0.3498869 0.1892529 0.1033743 0.2868153 0.1547832 1.0473569 0.3010613 0.2516004 0.3532903 0.2912189 0.2049795 0.2726789 0.2541845 0.2354059 0.2972286 0.1296135 0.2112019 0.2196553 0.1792987 0.2604935 0.2679601 0.2985950 0.1639696 0.2270157 0.4980614 0.1240889 0.2208271 0.3229984 0.1124692 0.0977400 0.2529551 0.4227068 0.1936528 0.1227643 0.1476873 0.0589871 0.2516182 0.3120978 0.3194529 0.1986785 0.0000010 0.1884558 0.2250757 0.2474939 0.1938951 0.3071364 0.1475491 0.2006321 0.0596272 0.2225415 0.3808399 0.2499872 0.2379192 0.1982556 0.2558656 0.2502646 0.1384989 0.0779504 
Amauria_carterae_99_mesa                   0.0336088 0.0000000 0.2423723 0.1416612 0.1782181 0.0984606 0.6473364 0.0388233 0.0941208 0.0624343 0.2077176 0.0677539 0.0591451 0.0843333 0.1785469 0.1073168 0.1188289 0.0526452 0.2346735 0.0760109 0.0561511 0.0733706 0.0760613 0.2068606 0.0847970 0.0705607 0.1660972 0.0623351 0.0526167 0.1129498 0.0989148 0.0000010 0.2147332 0.0594257 0.2303448 0.1667964 0.1173101 0.0789184 0.0681481 0.0651217 0.2177945 0.0815570 0.2165483 0.1203893 0.0706904 0.0788828 0.0816979 0.2174139 0.0705068 0.0624945 0.3019542 0.0688659 0.0623408 0.1022527 0.0739425 0.0604352 0.0760109 0.1893968 0.1199095 0.1366419 0.1492629 0.0587823 0.0682626 0.1346754 0.0792173 0.0726719 0.0000010 0.1878546 0.1837750 0.0680309 0.0677640 0.2154624 0.0790387 0.0609506 0.0634096 0.0808115 0.1168605 0.0596528 0.0614369 0.1537023 0.0760109 0.0967989 0.0953260 0.0692139 
Amauria_rotundifolia_SRR9119150            0.4915221 0.2423723 0.0000000 0.4876899 0.3357060 0.4790119 0.6958286 0.5017409 0.5263317 0.4013332 0.2613003 0.3984224 0.5722603 0.4507982 0.1661268 0.5207710 0.4889449 0.4041670 0.4942892 0.4202993 0.2469946 0.2328476 0.3461430 0.2531077 0.2682675 0.2034254 0.2285426 0.4798347 0.3320071 0.5613981 0.4036926 0.0509078 0.2884977 0.2468388 0.1781464 0.1653066 0.4162613 0.4428146 0.2258035 0.4154884 0.2805569 0.4173157 0.1727155 0.6401073 0.4140079 0.2249027 0.4821584 0.1167317 0.4033299 0.4012304 0.5091837 0.1678827 0.4148059 0.2645429 0.2478252 0.3761737 0.4118770 0.2241917 0.3626746 0.2406888 0.2567482 0.2475699 0.4012289 0.5006238 0.5218077 0.4511455 0.0894212 0.1315029 0.2895557 0.2091404 0.4770633 0.2576969 0.1992694 0.4086222 0.2997433 0.4900241 0.2680090 0.4093529 0.4092542 0.3252000 0.4310211 0.5218804 0.3024593 0.3712225 
Conoclinium_coelestinum_SRR9119114         0.3067529 0.1416612 0.4876899 0.0000000 0.3438007 0.1465420 0.7671858 0.3199513 0.3292928 0.1903466 0.3888219 0.1823368 0.3435810 0.2979700 0.2796219 0.3107633 0.2701249 0.1744548 0.3672241 0.1842250 0.1439381 0.2253531 0.2214700 0.3831203 0.3905477 0.2525644 0.4205638 0.2659402 0.1198771 0.3641005 0.2608632 0.8033093 0.3966437 0.3280276 0.4126261 0.2838024 0.2457103 0.2936825 0.2191960 0.1808301 0.3203327 0.1967553 0.2385249 0.3923862 0.1907780 0.2272325 0.1809011 0.3757947 0.1883818 0.1796771 0.4706930 0.2323285 0.1838100 0.4094140 0.2184380 0.1618156 0.1892245 0.4480924 0.2405204 0.1623599 0.2966012 0.1118757 0.1864737 0.3981138 0.3616570 0.1964146 0.6664349 0.2337434 0.2901130 0.2108666 0.2710888 0.3964403 0.2510756 0.1901395 0.1266045 0.1901823 0.4178850 0.1819894 0.1822635 0.2290479 0.1924276 0.3131996 0.2151122 0.1372467 
Eutetras_palmeri_63                        0.3452366 0.1782181 0.3357060 0.3438007 0.0000000 0.3415942 0.8564356 0.3666442 0.4470918 0.3192217 0.2106161 0.3194573 0.4061552 0.3831836 0.1137070 0.4532927 0.3694953 0.3212207 0.4160335 0.3229135 0.2641345 0.3223946 0.3339994 0.2182203 0.4420422 0.3202185 0.4656258 0.3548046 0.2851127 0.5016100 0.3399946 0.6423719 0.1933939 0.3642220 0.2438755 0.1088331 0.3785356 0.3753844 0.3313732 0.3195090 0.2051146 0.3320211 0.1231659 0.4080340 0.3336795 0.3426569 0.3461319 0.1687865 0.3325053 0.3197931 0.3747885 0.2929669 0.3218574 0.4151547 0.2945861 0.3447858 0.3277129 0.3529713 0.3657216 0.2364395 0.2949687 0.1689897 0.3287873 0.4605778 0.4451164 0.3686900 0.4383748 0.0311096 0.2152215 0.3230598 0.3644068 0.2193754 0.3567559 0.3229002 0.2337897 0.3724840 0.4563500 0.3260213 0.3186710 0.3446436 0.3324825 0.4659421 0.2654917 0.3415463 
Eutrochium_fistulosum_SRR9119106           0.2551778 0.0984606 0.4790119 0.1465420 0.3415942 0.0000000 0.7805031 0.2715889 0.2845708 0.1756651 0.3791992 0.1581176 0.3410123 0.2841202 0.2764307 0.3527932 0.2813160 0.1643526 0.2778082 0.1622666 0.1714131 0.1699324 0.1786744 0.3746943 0.3342363 0.1856455 0.3783592 0.3460829 0.2423888 0.3667784 0.2188988 0.6472696 0.3472085 0.2178492 0.3802466 0.2585735 0.2787387 0.2797154 0.1725633 0.1659732 0.3377816 0.1689736 0.2518999 0.3069396 0.1688250 0.1728019 0.1765967 0.3528143 0.1634000 0.1602073 0.4779890 0.1540960 0.1699997 0.3894052 0.1720415 0.1715677 0.1667221 0.4737693 0.2868446 0.1367741 0.2053421 0.0947359 0.1714741 0.3732973 0.3334995 0.2018211 0.3584363 0.2006324 0.2726486 0.1694369 0.3025047 0.3869271 0.1886130 0.1646659 0.1091684 0.2025544 0.3795323 0.1631159 0.1683588 0.2531898 0.1682896 0.3509168 0.1825924 0.1536132 
Helianthus_annuus_SRR9119062               0.7676135 0.6473364 0.6958286 0.7671858 0.8564356 0.7805031 0.0000000 0.7939695 0.8979746 0.7327129 0.8242755 0.7040516 0.9488403 0.7798377 0.7255858 0.8837567 0.7652406 0.7245379 0.8439273 0.7204363 0.6695328 0.5882958 0.6952465 0.8054612 0.6613430 0.5960604 0.6428047 0.7373237 0.6814526 0.8989727 0.7023124 0.4435787 0.8072479 0.7722672 0.6326185 0.6346401 0.7309932 0.7832912 0.5997626 0.7059307 0.7816251 0.7341842 0.7201023 0.8838411 0.7148363 0.5890721 0.7146488 0.5979225 0.7128141 0.7154908 0.8822576 0.5542238 0.7812102 0.6779707 0.6557427 0.7192831 0.7100011 0.6576463 0.7413042 0.6166445 0.6636439 0.6229801 0.7227783 0.8291276 0.8342546 0.8203558 0.4582657 0.7074375 0.7912789 0.5823519 0.7256551 0.8056294 0.5849115 0.7171913 0.6470282 0.8218570 0.6908714 0.7233342 0.7232929 0.7510800 0.7092365 0.8560705 0.6670610 0.7039375 
Lycapsus_tenuifolius_17                    0.0103019 0.0388233 0.5017409 0.3199513 0.3666442 0.2715889 0.7939695 0.0000000 0.2773265 0.2246055 0.3193800 0.1958056 0.2610975 0.2776651 0.2980158 0.2767518 0.2284129 0.2417358 0.2722027 0.1344192 0.0745005 0.2822490 0.3009379 0.3233252 0.3450445 0.2886953 0.3796832 0.1995264 0.1201059 0.2999384 0.1643982 0.7704399 0.3231860 0.2748600 0.3708043 0.3071238 0.2125896 0.2798297 0.2846094 0.2478609 0.3093361 0.1391729 0.2220791 0.2305616 0.1868324 0.2937402 0.2945910 0.3068869 0.1752455 0.2375846 0.5083573 0.1387103 0.2047786 0.3340929 0.1315251 0.1120596 0.2731544 0.4542013 0.2096874 0.1229918 0.1473628 0.0652729 0.2810805 0.3335619 0.3364240 0.2120758 0.3232797 0.1942470 0.2472059 0.2597018 0.2120978 0.3290535 0.1584263 0.2100876 0.0678474 0.2386889 0.4082011 0.2892296 0.2519769 0.2033399 0.2778049 0.2669305 0.1435957 0.0938958 
Pericome_caudata_50_silver                 0.2483629 0.0941208 0.5263317 0.3292928 0.4470918 0.2845708 0.8979746 0.2773265 0.0000000 0.1785309 0.3720649 0.2444692 0.3127539 0.2279531 0.2756187 0.3065503 0.2889604 0.2066757 0.2558992 0.1968357 0.0743023 0.3026290 0.2142765 0.3596410 0.3468951 0.2917854 0.3726653 0.2919807 0.1567437 0.3330866 0.1961415 0.8047950 0.3752201 0.2997911 0.4790336 0.3033458 0.2109628 0.2179939 0.2851413 0.1943119 0.3647266 0.1895283 0.2502071 0.3590409 0.1845101 0.3143198 0.2315543 0.4566665 0.1880225 0.1876847 0.4724124 0.2155682 0.3408415 0.4014756 0.2985563 0.1368457 0.2207158 0.5659629 0.2079731 0.1397212 0.2117626 0.0727746 0.2095883 0.2733818 0.2429762 0.2231662 0.8669208 0.2000129 0.3627236 0.2904771 0.2432492 0.3726566 0.2766009 0.1867420 0.0827416 0.2343475 0.4330306 0.1962520 0.1942480 0.2109020 0.2051349 0.2422952 0.1310304 0.1290358 
Perityle_aglossa_84_dead_horse             0.2114110 0.0624343 0.4013332 0.1903466 0.3192217 0.1756651 0.7327129 0.2246055 0.1785309 0.0000000 0.3082882 0.0237176 0.1911563 0.1530967 0.2455120 0.2674126 0.1947215 0.0274047 0.1797160 0.0264424 0.0083546 0.0263322 0.0333985 0.3064383 0.2072434 0.0519503 0.2700484 0.2606669 0.1496386 0.2506716 0.1356608 0.9513339 0.2997834 0.1451995 0.3103742 0.2708014 0.1848583 0.1491681 0.0313307 0.0331252 0.2849813 0.0362822 0.2192048 0.2225118 0.0357051 0.0343531 0.0412374 0.3003731 0.0314681 0.0253402 0.4636142 0.0358282 0.1322526 0.2834787 0.0415926 0.0453066 0.0322838 0.4171594 0.1896144 0.1358492 0.1540390 0.0171307 0.0173148 0.2659715 0.2077848 0.1131687 0.0000010 0.1934959 0.2310630 0.0292589 0.1784319 0.3103830 0.0412299 0.0307215 0.0297061 0.1232655 0.2863611 0.0290447 0.0154983 0.1614935 0.0329206 0.2577143 0.1124864 0.0379182 
Perityle_ajoensis_204                      0.3015052 0.2077176 0.2613003 0.3888219 0.2106161 0.3791992 0.8242755 0.3193800 0.3720649 0.3082882 0.0000000 0.3086907 0.4054235 0.3514138 0.1108887 0.3908772 0.3696614 0.3246099 0.3843052 0.3563303 0.2656269 0.3058618 0.3398091 0.0253584 0.3828427 0.3136516 0.3779972 0.3196569 0.3105219 0.3930955 0.3445429 0.9084776 0.2599302 0.3672545 0.3350465 0.0603687 0.3469001 0.3494154 0.3202713 0.3273709 0.3277217 0.3543336 0.0863121 0.3714665 0.3175398 0.3297517 0.3650801 0.3092230 0.3319439 0.3088284 0.3636202 0.2828376 0.3954594 0.3604610 0.3291102 0.3448692 0.3167500 0.2127017 0.3444169 0.1924650 0.2683083 0.1688269 0.3184509 0.3814774 0.3693173 0.3462316 0.4448029 0.0771857 0.1658406 0.3081149 0.3297785 0.0348722 0.3575045 0.3229416 0.2216152 0.3690949 0.3623703 0.3095500 0.3169987 0.3372998 0.3120460 0.3836890 0.2766727 0.3186854 
Perityle_ambrosiifolia_67_green            0.1852408 0.0677539 0.3984224 0.1823368 0.3194573 0.1581176 0.7040516 0.1958056 0.2444692 0.0237176 0.3086907 0.0000000 0.1841435 0.1307457 0.2479226 0.2665904 0.1804279 0.0210258 0.1779928 0.0201763 0.0139805 0.0351870 0.0227815 0.3068355 0.1914185 0.1033126 0.2904167 0.2553565 0.1531410 0.2908251 0.1312545 0.9251320 0.3015920 0.1234033 0.3071830 0.2700807 0.1881147 0.1316717 0.0269087 0.0227988 0.2868534 0.0274465 0.2192220 0.2656134 0.0267146 0.0842900 0.0290048 0.3203012 0.0229090 0.0167752 0.4607570 0.0328346 0.1312347 0.2821343 0.0435692 0.0397413 0.0410504 0.4319987 0.2001957 0.1358492 0.1571023 0.0171415 0.0385067 0.2637974 0.1848511 0.0977363 0.0000010 0.1934959 0.2210435 0.0693547 0.1726320 0.3131555 0.0384847 0.0215328 0.0297159 0.1071235 0.2894187 0.0219468 0.0212233 0.1635259 0.0238279 0.2462229 0.1170001 0.0358810 
Perityle_angustifolia_13_Eagle_creek       0.2585296 0.0591451 0.5722603 0.3435810 0.4061552 0.3410123 0.9488403 0.2610975 0.3127539 0.1911563 0.4054235 0.1841435 0.0000000 0.2133994 0.2812603 0.2561814 0.2809572 0.1672177 0.3094418 0.1288418 0.0594461 0.2876930 0.2417456 0.4065354 0.3465909 0.3057509 0.4099566 0.2919037 0.1795631 0.3171161 0.2428963 0.7994991 0.4324567 0.2744350 0.5080468 0.2743742 0.2496030 0.2063858 0.2859966 0.1937496 0.3964769 0.1397533 0.2216961 0.4659470 0.1649438 0.2929334 0.1618586 0.4296925 0.1793013 0.1803318 0.5116514 0.2337099 0.1707942 0.4183003 0.2887704 0.1160108 0.1845652 0.5693310 0.2540667 0.1329625 0.2851990 0.0146487 0.1900981 0.3210483 0.2452935 0.2607572 0.7813605 0.1909075 0.3422931 0.2771303 0.3007694 0.4347131 0.2743105 0.1821756 0.0205979 0.2688101 0.4483905 0.1857724 0.1885557 0.1857572 0.1854379 0.2811547 0.1167617 0.1155892 
Perityle_batopilensis_97                   0.2703130 0.0843333 0.4507982 0.2979700 0.3831836 0.2841202 0.7798377 0.2776651 0.2279531 0.1530967 0.3514138 0.1307457 0.2133994 0.0000000 0.2718874 0.3029376 0.2527375 0.1482753 0.2242123 0.0787280 0.0368636 0.1479001 0.1748682 0.3450878 0.2731951 0.1613404 0.3108810 0.3343127 0.1602245 0.3238994 0.1859280 0.7845019 0.3305237 0.1708594 0.3590214 0.2971546 0.1957628 0.0648288 0.1517588 0.1618562 0.2939431 0.0805208 0.2469989 0.2683638 0.1357325 0.1556849 0.1837265 0.2945710 0.1022758 0.1452852 0.5130429 0.0597172 0.1412356 0.3178049 0.1016501 0.0508069 0.1529297 0.5381856 0.2061999 0.1479571 0.1719008 0.0494935 0.1566345 0.3163159 0.2818224 0.2394944 0.0000010 0.2048162 0.2497808 0.1548570 0.2287356 0.3553743 0.0643128 0.1499753 0.0527054 0.2593842 0.3849840 0.1475319 0.1528941 0.1652640 0.1542607 0.2955652 0.1360951 0.0585331 
Perityle_bisetosa_9                        0.2866211 0.1785469 0.1661268 0.2796219 0.1137070 0.2764307 0.7255858 0.2980158 0.2756187 0.2455120 0.1108887 0.2479226 0.2812603 0.2718874 0.0000000 0.2862077 0.2762188 0.2460488 0.3304852 0.2382190 0.1678201 0.2430315 0.2528419 0.1104983 0.2686065 0.2565918 0.3262913 0.1610157 0.1683231 0.3117746 0.2847532 0.0000010 0.1138263 0.2403633 0.1607265 0.0461908 0.2842582 0.2661241 0.2601790 0.2558840 0.1638134 0.2523782 0.0956172 0.2822494 0.2563155 0.2646759 0.2545834 0.1532829 0.2608094 0.2428508 0.2495619 0.2604445 0.2505068 0.2780510 0.2217923 0.2363022 0.2536508 0.0700015 0.3066505 0.2272643 0.2315641 0.1553473 0.2566614 0.3229279 0.2655868 0.2842019 0.0000010 0.0737609 0.0613814 0.2484158 0.2766200 0.1184101 0.2646744 0.2544244 0.2014866 0.2884219 0.3065910 0.2479860 0.2537487 0.2893092 0.2561614 0.2978688 0.2759508 0.2259270 
Perityle_californica_76_positas            0.2772482 0.1073168 0.5207710 0.3107633 0.4532927 0.3527932 0.8837567 0.2767518 0.3065503 0.2674126 0.3908772 0.2665904 0.2561814 0.3029376 0.2862077 0.0000000 0.2469403 0.2737873 0.3437001 0.2319685 0.0973493 0.2673630 0.2506232 0.3838238 0.3335080 0.2461155 0.2912432 0.3141967 0.1573148 0.0776496 0.2191970 1.4823853 0.3657886 0.2867121 0.4337844 0.3217949 0.2202130 0.3061482 0.2739953 0.2717696 0.3616473 0.2278126 0.2429934 0.3066371 0.2698042 0.2723641 0.2901478 0.3255402 0.2367069 0.2678589 0.5050439 0.1225916 0.2265929 0.3053475 0.2266637 0.1778964 0.2665270 0.5154828 0.2220408 0.1230732 0.1965467 0.0839759 0.2660199 0.3109065 0.3271925 0.3228496 0.0000010 0.1885207 0.3775681 0.2457152 0.2524795 0.3945869 0.2079163 0.2758814 0.1077245 0.3310152 0.3538476 0.2628627 0.2673909 0.1474816 0.2684827 0.0820069 0.1407044 0.1556868 
Perityle_canescens_77                      0.2205869 0.1188289 0.4889449 0.2701249 0.3694953 0.2813160 0.7652406 0.2284129 0.2889604 0.1947215 0.3696614 0.1804279 0.2809572 0.2527375 0.2762188 0.2469403 0.0000000 0.1964657 0.3095270 0.1835342 0.1079492 0.2187452 0.2127559 0.3704858 0.3528632 0.2019765 0.2157332 0.1842037 0.0957068 0.2839445 0.1551532 0.5297202 0.3725736 0.2374744 0.3685737 0.3164844 0.1040531 0.2392659 0.2160619 0.2047489 0.3023993 0.1774721 0.2149319 0.1528671 0.1858122 0.2213451 0.2110347 0.3224110 0.1883695 0.1909509 0.4606014 0.1816218 0.1825293 0.2473399 0.1802537 0.1804081 0.2019411 0.4263647 0.1407233 0.0688286 0.1505819 0.1103538 0.1987816 0.2262105 0.3285670 0.2406836 0.5377626 0.2205052 0.3008509 0.2150426 0.2045419 0.3793458 0.2174175 0.1945989 0.1377064 0.2505093 0.3231319 0.1904978 0.2015095 0.0917195 0.2057023 0.2469769 0.1277814 0.1706606 
Perityle_castillonii_96                    0.2313069 0.0526452 0.4041670 0.1744548 0.3212207 0.1643526 0.7245379 0.2417358 0.2066757 0.0274047 0.3246099 0.0210258 0.1672177 0.1482753 0.2460488 0.2737873 0.1964657 0.0000000 0.1889229 0.0219777 0.0056605 0.0249512 0.0346485 0.3206418 0.2469758 0.0801715 0.3237936 0.2369566 0.1462115 0.2792677 0.1413661 1.1320328 0.3127898 0.1814448 0.3069496 0.2702054 0.1910963 0.1402684 0.0324371 0.0330633 0.2682966 0.0292053 0.2124145 0.2167577 0.0216428 0.0349253 0.0396939 0.2681274 0.0279617 0.0186483 0.4584168 0.0374527 0.0318478 0.2797532 0.0402088 0.0420872 0.0337570 0.4229698 0.1991618 0.1306171 0.1568320 0.0145223 0.0335189 0.2855308 0.2498095 0.1100229 0.0000010 0.1829782 0.2267953 0.0362275 0.1794184 0.3292159 0.0388333 0.0287598 0.0276544 0.1208093 0.3669051 0.0302007 0.0308439 0.1587727 0.0348663 0.2834321 0.1115631 0.0384178 
Perityle_cernua_84                         0.2668414 0.2346735 0.4942892 0.3672241 0.4160335 0.2778082 0.8439273 0.2722027 0.2558992 0.1797160 0.3843052 0.1779928 0.3094418 0.2242123 0.3304852 0.3437001 0.3095270 0.1889229 0.0000000 0.2326587 0.2881543 0.2031877 0.2348677 0.3758532 0.2590553 0.2142873 0.3413461 0.4089516 0.3343956 0.3386096 0.2677972 1.1521024 0.3847404 0.2522306 0.4648424 0.2859082 0.2733865 0.2206917 0.2110849 0.1870365 0.3902345 0.2220208 0.3387761 0.3458194 0.1812111 0.2168334 0.2416248 0.4192301 0.1913256 0.1756240 0.5834183 0.1737000 0.2394845 0.3698851 0.2964816 0.1778549 0.1907238 0.5163716 0.2854991 0.1417279 0.3139125 0.1908449 0.1819591 0.3065962 0.2318249 0.2633416 1.1070337 0.2536828 0.3849195 0.2040629 0.2399508 0.3820383 0.2305684 0.1819111 0.1714464 0.2713985 0.3818494 0.1778953 0.1787073 0.3055456 0.1906301 0.3250707 0.2411703 0.2030427 
Perityle_cfvillosa_25_tin                  0.1180904 0.0760109 0.4202993 0.1842250 0.3229135 0.1622666 0.7204363 0.1344192 0.1968357 0.0264424 0.3563303 0.0201763 0.1288418 0.0787280 0.2382190 0.2319685 0.1835342 0.0219777 0.2326587 0.0000000 0.0139620 0.0170601 0.0195865 0.3481518 0.2117707 0.0500811 0.2907718 0.2303316 0.1524995 0.2495212 0.1616417 0.9697599 0.3434911 0.0691100 0.3126936 0.2731266 0.2081575 0.0821493 0.0170589 0.0233598 0.2851355 0.0186687 0.2298304 0.2266251 0.0217411 0.0107757 0.0076882 0.2911643 0.0264812 0.0154533 0.3873980 0.0516610 0.0264524 0.2817124 0.0463331 0.0454804 0.0015297 0.4028317 0.2216594 0.1565271 0.1653214 0.0316618 0.0233555 0.2986351 0.2087581 0.0797404 0.0000010 0.1987216 0.2281337 0.0262581 0.1962041 0.3621184 0.0308917 0.0283933 0.0297162 0.0911422 0.3175317 0.0201839 0.0220622 0.1592996 0.0045980 0.2470663 0.1270423 0.0440202 
Perityle_cinerea_113_Powell1310            0.0556625 0.0561511 0.2469946 0.1439381 0.2641345 0.1714131 0.6695328 0.0745005 0.0743023 0.0083546 0.2656269 0.0139805 0.0594461 0.0368636 0.1678201 0.0973493 0.1079492 0.0056605 0.2881543 0.0139620 0.0000000 0.0140054 0.0196436 0.2542932 0.1043704 0.0427410 0.1340116 0.0816049 0.0789084 0.1208033 0.1128101 0.0000010 0.2872932 0.0448739 0.2549883 0.1512717 0.1232037 0.0340096 0.0197262 0.0168508 0.2511352 0.0224359 0.2114159 0.1318342 0.0168025 0.0224713 0.0224865 0.2337443 0.0196142 0.0055643 0.3358453 0.0376203 0.0055617 0.0979974 0.0327306 0.0386053 0.0139620 0.2563681 0.1425826 0.1201885 0.1401170 0.0140514 0.0168949 0.1512339 0.1010292 0.0650622 0.0000010 0.1939441 0.2176121 0.0168455 0.0765899 0.2755706 0.0196771 0.0142817 0.0135467 0.0774170 0.1811766 0.0083655 0.0143835 0.1162759 0.0167902 0.1346790 0.0848652 0.0295638 
Perityle_coahuilensis_24                   0.2558072 0.0733706 0.2328476 0.2253531 0.3223946 0.1699324 0.5882958 0.2822490 0.3026290 0.0263322 0.3058618 0.0351870 0.2876930 0.1479001 0.2430315 0.2673630 0.2187452 0.0249512 0.2031877 0.0170601 0.0140054 0.0000000 0.0378045 0.3034246 0.1653502 0.0913239 0.2340870 0.2549697 0.1534584 0.3174157 0.1389556 0.1141330 0.3353421 0.2417351 0.1773718 0.2704914 0.1904893 0.1417174 0.0569623 0.0309313 0.2917326 0.0274997 0.2154345 0.3660327 0.0300433 0.1094481 0.0339968 0.1816943 0.0269112 0.0233245 0.5229808 0.0777772 0.1723268 0.1966773 0.0344804 0.0416413 0.0298161 0.2114967 0.1978424 0.1359122 0.1318994 0.0200525 0.0341408 0.2769234 0.2226068 0.1087702 0.0798120 0.1879590 0.2229589 0.0309014 0.2253690 0.3106811 0.0592015 0.0267647 0.0323024 0.1242937 0.2570545 0.0627608 0.0276376 0.1638713 0.0343063 0.2529217 0.1173519 0.0379684 
Perityle_cochisensis_44_cave_creek         0.2822779 0.0760613 0.3461430 0.2214700 0.3339994 0.1786744 0.6952465 0.3009379 0.2142765 0.0333985 0.3398091 0.0227815 0.2417456 0.1748682 0.2528419 0.2506232 0.2127559 0.0346485 0.2348677 0.0195865 0.0196436 0.0378045 0.0000000 0.3347055 0.2385173 0.0805629 0.2888142 0.2340646 0.1640924 0.3105597 0.1473899 0.1507621 0.3713216 0.1849590 0.2676291 0.2894364 0.1971892 0.1667186 0.0358812 0.0319838 0.2866934 0.0287864 0.2333958 0.3526646 0.0287941 0.0468721 0.0329275 0.2378912 0.0264323 0.0270264 0.4529368 0.0592185 0.0268916 0.2505613 0.0517171 0.0528353 0.0306532 0.3217780 0.2021834 0.1485215 0.1358975 0.0287754 0.0304795 0.3010206 0.2704136 0.1154020 0.0873265 0.2105987 0.2461024 0.0314173 0.2080856 0.3389691 0.0498308 0.0262310 0.0400957 0.1294659 0.3070484 0.0436309 0.0274130 0.1629111 0.0329278 0.2783064 0.1217695 0.0517182 
Perityle_congesta_202                      0.3018235 0.2068606 0.2531077 0.3831203 0.2182203 0.3746943 0.8054612 0.3233252 0.3596410 0.3064383 0.0253584 0.3068355 0.4065354 0.3450878 0.1104983 0.3838238 0.3704858 0.3206418 0.3758532 0.3481518 0.2542932 0.3034246 0.3347055 0.0000000 0.3774351 0.3110244 0.3744617 0.3069995 0.3026143 0.3856270 0.3418534 1.8839835 0.2548329 0.3617277 0.3353066 0.0601940 0.3389604 0.3416272 0.3152718 0.3253727 0.3255986 0.3496671 0.0859930 0.3598067 0.3156086 0.3272184 0.3570095 0.3111449 0.3280828 0.3069489 0.3519103 0.2855470 0.3957202 0.3585710 0.3192639 0.3366170 0.3148053 0.1910702 0.3360945 0.1865695 0.2671880 0.1680633 0.3139991 0.3780941 0.3665840 0.3426680 0.0000010 0.0710761 0.1599798 0.3056396 0.3251622 0.0340352 0.3585508 0.3208104 0.2206967 0.3644785 0.3563751 0.3076837 0.3150629 0.3359371 0.3101376 0.3739278 0.2758102 0.3097775 
Perityle_cordifolia_27                     0.3175803 0.0847970 0.2682675 0.3905477 0.4420422 0.3342363 0.6613430 0.3450445 0.3468951 0.2072434 0.3828427 0.1914185 0.3465909 0.2731951 0.2686065 0.3335080 0.3528632 0.2469758 0.2590553 0.2117707 0.1043704 0.1653502 0.2385173 0.3774351 0.0000000 0.1175824 0.2332368 0.4268539 0.2513183 0.3569544 0.2134852 0.0938455 0.3725232 0.2698575 0.2135290 0.2894798 0.2436322 0.2700333 0.1460847 0.2136510 0.3821779 0.1959108 0.2517020 0.4419835 0.1925675 0.1684593 0.3798654 0.1900657 0.1947022 0.2257914 0.5746273 0.0122258 0.3317824 0.2254407 0.1360893 0.1768459 0.2186801 0.2335448 0.2457614 0.1437239 0.1463536 0.0171307 0.2154724 0.3498817 0.0274342 0.3258999 0.0645652 0.2161347 0.4044198 0.1190696 0.2920585 0.3790100 0.1141548 0.2306545 0.0552915 0.3503797 0.2875524 0.2459655 0.2174253 0.2141380 0.3205884 0.2909579 0.1220333 0.1711232 
Perityle_cordifolia_68_tecolote            0.2659896 0.0705607 0.2034254 0.2525644 0.3202185 0.1856455 0.5960604 0.2886953 0.2917854 0.0519503 0.3136516 0.1033126 0.3057509 0.1613404 0.2565918 0.2461155 0.2019765 0.0801715 0.2142873 0.0500811 0.0427410 0.0913239 0.0805629 0.3110244 0.1175824 0.0000000 0.2200741 0.2288248 0.1345535 0.3787037 0.1451343 0.0796539 0.3370738 0.1942635 0.1796551 0.2684392 0.1711538 0.1529813 0.0734870 0.0610763 0.3074453 0.0540241 0.2404847 0.3824916 0.0541916 0.0955154 0.1584552 0.1789305 0.0551929 0.0626105 0.5285864 0.0444172 0.2402647 0.1790574 0.0176522 0.0582410 0.0743243 0.1888797 0.1881064 0.1357708 0.1251339 0.0406190 0.0741982 0.2517299 0.2116269 0.1294940 0.0554396 0.2052663 0.2412482 0.0537770 0.2152504 0.3133587 0.0694674 0.0548650 0.0489732 0.1466835 0.2467011 0.1018706 0.0630960 0.1631143 0.1490048 0.2314995 0.1098878 0.0603559 
Perityle_coronopifolia_28_patagonia        0.3498869 0.1660972 0.2285426 0.4205638 0.4656258 0.3783592 0.6428047 0.3796832 0.3726653 0.2700484 0.3779972 0.2904167 0.4099566 0.3108810 0.3262913 0.2912432 0.2157332 0.3237936 0.3413461 0.2907718 0.1340116 0.2340870 0.2888142 0.3744617 0.2332368 0.2200741 0.0000000 0.3124206 0.1374609 0.3321609 0.2191313 0.0684229 0.3824229 0.2772572 0.1983542 0.3241980 0.1225760 0.2926655 0.2040666 0.3007436 0.3980453 0.2777633 0.2909631 0.3342923 0.2622383 0.2085215 0.4600004 0.1802769 0.2876576 0.2929092 0.5886353 0.1427510 0.4189173 0.1168773 0.1719576 0.2293001 0.3323258 0.2072117 0.1262939 0.1056876 0.1364975 0.1262478 0.3175491 0.0653292 0.3705835 0.3564318 0.0703959 0.2539099 0.4317582 0.1857509 0.3033703 0.3818898 0.1399470 0.2930311 0.1769562 0.3805498 0.2560422 0.3604138 0.3006522 0.0468291 0.4179924 0.2567744 0.1439845 0.2135801 
Perityle_crassifolia_70_ventanas           0.1892529 0.0623351 0.4798347 0.2659402 0.3548046 0.3460829 0.7373237 0.1995264 0.2919807 0.2606669 0.3196569 0.2553565 0.2919037 0.3343127 0.1610157 0.3141967 0.1842037 0.2369566 0.4089516 0.2303316 0.0816049 0.2549697 0.2340646 0.3069995 0.4268539 0.2288248 0.3124206 0.0000000 0.0144550 0.3750047 0.1979333 0.2619457 0.3312571 0.2704891 0.3888114 0.1426689 0.1790837 0.3212517 0.2655105 0.2529783 0.3144003 0.2320464 0.2052796 0.1956087 0.2518414 0.2517350 0.2572425 0.2467472 0.2573603 0.2443371 0.3648263 0.1220263 0.2422531 0.2398000 0.2097294 0.1785475 0.2481631 0.5093626 0.1605426 0.0741650 0.1444414 0.0620098 0.2682044 0.3282166 0.4132072 0.2393333 0.2584357 0.1817344 0.3741018 0.2237333 0.0270136 0.3308289 0.2338318 0.2569263 0.0737839 0.2537439 0.3795463 0.2578459 0.2628486 0.1109791 0.2507669 0.3802676 0.0687722 0.1643095 
Perityle_crassifolia_74_playa_balandra     0.1033743 0.0526167 0.3320071 0.1198771 0.2851127 0.2423888 0.6814526 0.1201059 0.1567437 0.1496386 0.3105219 0.1531410 0.1795631 0.1602245 0.1683231 0.1573148 0.0957068 0.1462115 0.3343956 0.1524995 0.0789084 0.1534584 0.1640924 0.3026143 0.2513183 0.1345535 0.1374609 0.0144550 0.0000000 0.1927682 0.1502647 0.0000010 0.3090398 0.1492471 0.2946059 0.1453578 0.1204118 0.1533187 0.1609871 0.1503108 0.2848039 0.1597256 0.2130734 0.1290961 0.1491597 0.1559337 0.1633104 0.2472668 0.1494075 0.1427154 0.3656106 0.1035890 0.1460505 0.1022425 0.1348643 0.1485457 0.1524995 0.3158064 0.1311973 0.0692942 0.1369961 0.0541111 0.1575739 0.1481232 0.2344838 0.1561608 0.0000010 0.1845052 0.3277454 0.1538115 0.0292062 0.3220470 0.1563782 0.1574314 0.0549577 0.1702473 0.2573460 0.1426181 0.1551768 0.1082485 0.1560679 0.2049841 0.0616712 0.1450205 
Perityle_cuneata_34_cuneata_San_antonio    0.2868153 0.1129498 0.5613981 0.3641005 0.5016100 0.3667784 0.8989727 0.2999384 0.3330866 0.2506716 0.3930955 0.2908251 0.3171161 0.3238994 0.3117746 0.0776496 0.2839445 0.2792677 0.3386096 0.2495212 0.1208033 0.3174157 0.3105597 0.3856270 0.3569544 0.3787037 0.3321609 0.3750047 0.1927682 0.0000000 0.1887515 0.7177271 0.4097153 0.3751840 0.4991989 0.3265174 0.1900164 0.3173385 0.3028171 0.2658366 0.4023249 0.2401125 0.2497018 0.3500078 0.2513472 0.3438711 0.3153993 0.4393546 0.2334339 0.2604645 0.5732684 0.1970361 0.2985284 0.3631517 0.3060033 0.2061737 0.2723115 0.5724413 0.2060662 0.1100336 0.2433373 0.0838135 0.2665254 0.2760452 0.2969717 0.3349049 0.6942506 0.1940861 0.4092150 0.3276237 0.2907725 0.4058986 0.2882828 0.2640048 0.1156771 0.3616745 0.3844567 0.2546085 0.2521673 0.1625881 0.2704658 0.0842214 0.1425563 0.1707034 
Perityle_cuneata_4                         0.1547832 0.0989148 0.4036926 0.2608632 0.3399946 0.2188988 0.7023124 0.1643982 0.1961415 0.1356608 0.3445429 0.1312545 0.2428963 0.1859280 0.2847532 0.2191970 0.1551532 0.1413661 0.2677972 0.1616417 0.1128101 0.1389556 0.1473899 0.3418534 0.2134852 0.1451343 0.2191313 0.1979333 0.1502647 0.1887515 0.0000000 0.9697599 0.3320086 0.1442206 0.3252580 0.2965221 0.1440635 0.1808167 0.1345051 0.1375427 0.3022459 0.1556156 0.2162756 0.1559794 0.1400100 0.1416349 0.1648394 0.2945369 0.1473829 0.1329252 0.4637157 0.1249536 0.2401690 0.2188846 0.1717837 0.1492456 0.1416245 0.3517866 0.1610959 0.1100389 0.1734805 0.0834201 0.1361109 0.2067894 0.2044062 0.1826673 0.0000010 0.2148742 0.2489040 0.1374321 0.1798599 0.3529185 0.1564250 0.1406308 0.1255304 0.2020786 0.2574507 0.1298379 0.1405436 0.1726598 0.1435798 0.1927456 0.1257908 0.1295597 
Perityle_discoidea_81                      1.0473569 0.0000010 0.0509078 0.8033093 0.6423719 0.6472696 0.4435787 0.7704399 0.8047950 0.9513339 0.9084776 0.9251320 0.7994991 0.7845019 0.0000010 1.4823853 0.5297202 1.1320328 1.1521024 0.9697599 0.0000010 0.1141330 0.1507621 1.8839835 0.0938455 0.0796539 0.0684229 0.2619457 0.0000010 0.7177271 0.9697599 0.0000000 1.1012693 0.0405004 0.0683107 0.0000010 0.9697599 0.7845019 0.0951732 0.8832989 0.5964828 0.9697599 0.0000010 1.0299296 0.9739824 0.0956468 0.9879401 0.0645149 0.9047350 0.7757106 0.7203186 0.0757031 1.7355963 0.0962222 0.0651061 0.0000010 0.9731999 0.0988247 0.0000010 0.0000010 0.0436806 0.0000010 0.7535474 9.0000000 2.8950241 1.2030385 0.0807091 0.0000010 0.9697599 0.0887699 0.5965906 0.6326684 0.0813888 0.8090822 0.0000010 1.3873996 0.0990600 1.1745566 0.9513339 0.0000010 0.8891003 1.7999221 0.0000010 0.0000010 
Perityle_dissecta_201                      0.3010613 0.2147332 0.2884977 0.3966437 0.1933939 0.3472085 0.8072479 0.3231860 0.3752201 0.2997834 0.2599302 0.3015920 0.4324567 0.3305237 0.1138263 0.3657886 0.3725736 0.3127898 0.3847404 0.3434911 0.2872932 0.3353421 0.3713216 0.2548329 0.3725232 0.3370738 0.3824229 0.3312571 0.3090398 0.4097153 0.3320086 1.1012693 0.0000000 0.3706862 0.3813746 0.0469920 0.3401568 0.3278664 0.3382890 0.3174528 0.3597952 0.3464411 0.0892180 0.3954355 0.3109400 0.3454341 0.3529115 0.3564470 0.3223744 0.2981788 0.3551098 0.3049705 0.3838497 0.3883089 0.3788944 0.3157036 0.3096027 0.2647218 0.3478210 0.2384269 0.3174160 0.1694782 0.3048649 0.3678362 0.3473087 0.3291664 0.9959639 0.0477577 0.2164748 0.3283876 0.3191366 0.2589596 0.3812308 0.3089959 0.2159467 0.3348132 0.4043740 0.3044829 0.3030123 0.3152622 0.3093930 0.3527855 0.2817175 0.3149806 
Perityle_emoryi_47_punta_san_jose          0.2516004 0.0594257 0.2468388 0.3280276 0.3642220 0.2178492 0.7722672 0.2748600 0.2997911 0.1451995 0.3672545 0.1234033 0.2744350 0.1708594 0.2403633 0.2867121 0.2374744 0.1814448 0.2522306 0.0691100 0.0448739 0.2417351 0.1849590 0.3617277 0.2698575 0.1942635 0.2772572 0.2704891 0.1492471 0.3751840 0.1442206 0.0405004 0.3706862 0.0000000 0.2698594 0.2824339 0.1844880 0.1748118 0.1944410 0.1845421 0.2917829 0.0747855 0.2451976 0.3979190 0.1220255 0.1728995 0.2918789 0.2239713 0.0799969 0.1669852 0.4697128 0.1117300 0.0767833 0.2865291 0.0977318 0.0341766 0.1847033 0.2955860 0.2122994 0.1403603 0.1231268 0.0419205 0.1869022 0.3225610 0.3124912 0.2115731 0.1429265 0.2118692 0.2468673 0.1819641 0.2474357 0.3748393 0.0925362 0.1444144 0.0442654 0.2225270 0.3786102 0.2248261 0.1746542 0.1664172 0.2838862 0.3052000 0.1108176 0.0278044 
Perityle_feddemae_99                       0.3532903 0.2303448 0.1781464 0.4126261 0.2438755 0.3802466 0.6326185 0.3708043 0.4790336 0.3103742 0.3350465 0.3071830 0.5080468 0.3590214 0.1607265 0.4337844 0.3685737 0.3069496 0.4648424 0.3126936 0.2549883 0.1773718 0.2676291 0.3353066 0.2135290 0.1796551 0.1983542 0.3888114 0.2946059 0.4991989 0.3252580 0.0683107 0.3813746 0.2698594 0.0000000 0.1019920 0.3559047 0.3670191 0.1734860 0.3135057 0.0350083 0.3301078 0.0210639 0.5356268 0.3161588 0.1817529 0.3564501 0.0257508 0.3173747 0.3017491 0.4886439 0.1604840 0.3705908 0.2336921 0.2063279 0.3245131 0.3145013 0.1699079 0.3205487 0.2542774 0.2495910 0.2240318 0.3147981 0.4562113 0.4140737 0.3419912 0.0718935 0.0782211 0.1330088 0.1636585 0.4370490 0.3419121 0.1675213 0.3146417 0.2641368 0.3692993 0.2351876 0.3354437 0.3176786 0.3262083 0.3516351 0.4331821 0.3120399 0.3280437 
Perityle_fosteri_93                        0.2912189 0.1667964 0.1653066 0.2838024 0.1088331 0.2585735 0.6346401 0.3071238 0.3033458 0.2708014 0.0603687 0.2700807 0.2743742 0.2971546 0.0461908 0.3217949 0.3164844 0.2702054 0.2859082 0.2731266 0.1512717 0.2704914 0.2894364 0.0601940 0.2894798 0.2684392 0.3241980 0.1426689 0.1453578 0.3265174 0.2965221 0.0000010 0.0469920 0.2824339 0.1019920 0.0000000 0.2965626 0.2888279 0.2750066 0.2738841 0.1043809 0.2972590 0.0735721 0.3015741 0.2854295 0.2972590 0.2886885 0.0859064 0.2890175 0.2702054 0.1491467 0.2856151 0.2816101 0.2932836 0.2204113 0.2752254 0.2818443 0.0587659 0.2860693 0.2025925 0.2349398 0.1563547 0.2782065 0.3222133 0.2853231 0.3023716 0.0000010 0.0835684 0.0434554 0.2740495 0.2974958 0.0578310 0.2853890 0.2777048 0.2130129 0.3129327 0.3121927 0.2779513 0.2782315 0.3092995 0.2818443 0.3039464 0.3002925 0.2463634 
Perityle_gamon_221                         0.2049795 0.1173101 0.4162613 0.2457103 0.3785356 0.2787387 0.7309932 0.2125896 0.2109628 0.1848583 0.3469001 0.1881147 0.2496030 0.1957628 0.2842582 0.2202130 0.1040531 0.1910963 0.2733865 0.2081575 0.1232037 0.1904893 0.1971892 0.3389604 0.2436322 0.1711538 0.1225760 0.1790837 0.1204118 0.1900164 0.1440635 0.9697599 0.3401568 0.1844880 0.3559047 0.2965626 0.0000000 0.1924531 0.1818350 0.1927607 0.3457247 0.2010218 0.2499163 0.0192484 0.1918657 0.1956379 0.2125575 0.3274761 0.1920769 0.1883086 0.4875668 0.1652015 0.2786243 0.1241351 0.1648656 0.2011564 0.1971301 0.3657956 0.1196015 0.1013303 0.1408374 0.1010789 0.1830698 0.1200700 0.2370400 0.2275328 0.0000010 0.2329944 0.3317520 0.1878810 0.1754353 0.3581017 0.2018770 0.1938848 0.1464481 0.2461554 0.2231675 0.1953633 0.1948516 0.1415753 0.1927399 0.2001617 0.1097928 0.1846201 
Perityle_gentryi_8_san_francisco           0.2726789 0.0789184 0.4428146 0.2936825 0.3753844 0.2797154 0.7832912 0.2798297 0.2179939 0.1491681 0.3494154 0.1316717 0.2063858 0.0648288 0.2661241 0.3061482 0.2392659 0.1402684 0.2206917 0.0821493 0.0340096 0.1417174 0.1667186 0.3416272 0.2700333 0.1529813 0.2926655 0.3212517 0.1533187 0.3173385 0.1808167 0.7845019 0.3278664 0.1748118 0.3670191 0.2888279 0.1924531 0.0000000 0.1443740 0.1576145 0.2961632 0.0820352 0.2401721 0.2689775 0.1383035 0.1511920 0.1784544 0.2924886 0.1007915 0.1456314 0.5183107 0.0566803 0.1120314 0.2926293 0.0995741 0.0564908 0.1497042 0.5265782 0.1996415 0.1436260 0.1628184 0.0435849 0.1481637 0.2931543 0.2790808 0.2343185 0.0000010 0.2043823 0.2493423 0.1503763 0.2259924 0.3567255 0.0656764 0.1488847 0.0476043 0.2545642 0.3712274 0.1426792 0.1469282 0.1656958 0.1496475 0.3005135 0.1288906 0.0628339 
Perityle_gilensis_22_Superstition          0.2541845 0.0681481 0.2258035 0.2191960 0.3313732 0.1725633 0.5997626 0.2846094 0.2851413 0.0313307 0.3202713 0.0269087 0.2859966 0.1517588 0.2601790 0.2739953 0.2160619 0.0324371 0.2110849 0.0170589 0.0197262 0.0569623 0.0358812 0.3152718 0.1460847 0.0734870 0.2040666 0.2655105 0.1609871 0.3028171 0.1345051 0.0951732 0.3382890 0.1944410 0.1734860 0.2750066 0.1818350 0.1443740 0.0000000 0.0356655 0.2970789 0.0290183 0.2235539 0.3551180 0.0351397 0.0696965 0.0986238 0.1744480 0.0328877 0.0312010 0.5207711 0.0529630 0.1593097 0.2000866 0.0333151 0.0397229 0.0283819 0.2045147 0.1979270 0.1399936 0.1324453 0.0230044 0.0322559 0.2774810 0.2298213 0.1103278 0.0656573 0.1932610 0.2295383 0.0198469 0.2282113 0.3269366 0.0598780 0.0352157 0.0348730 0.1244294 0.2518963 0.0705902 0.0295617 0.1692487 0.0992617 0.2531062 0.1177140 0.0379332 
Perityle_gilensis_salensis_225             0.2354059 0.0651217 0.4154884 0.1808301 0.3195090 0.1659732 0.7059307 0.2478609 0.1943119 0.0331252 0.3273709 0.0227988 0.1937496 0.1618562 0.2558840 0.2717696 0.2047489 0.0330633 0.1870365 0.0233598 0.0168508 0.0309313 0.0319838 0.3253727 0.2136510 0.0610763 0.3007436 0.2529783 0.1503108 0.2658366 0.1375427 0.8832989 0.3174528 0.1845421 0.3135057 0.2738841 0.1927607 0.1576145 0.0356655 0.0000000 0.2930894 0.0289880 0.2195393 0.2217701 0.0369825 0.0432132 0.0394052 0.3151994 0.0316345 0.0262547 0.4654734 0.0341548 0.1611647 0.2994395 0.0495253 0.0454250 0.0365281 0.4210229 0.2027072 0.1358492 0.1539676 0.0142614 0.0391440 0.2828638 0.2197321 0.1165653 0.0000010 0.1934959 0.2291043 0.0290570 0.1777950 0.3281079 0.0485806 0.0341740 0.0272297 0.1297281 0.3220928 0.0374529 0.0331258 0.1664852 0.0380353 0.2576321 0.1198849 0.0421224 
Perityle_glaucescens_94                    0.2972286 0.2177945 0.2805569 0.3203327 0.2051146 0.3377816 0.7816251 0.3093361 0.3647266 0.2849813 0.3277217 0.2868534 0.3964769 0.2939431 0.1638134 0.3616473 0.3023993 0.2682966 0.3902345 0.2851355 0.2511352 0.2917326 0.2866934 0.3255986 0.3821779 0.3074453 0.3980453 0.3144003 0.2848039 0.4023249 0.3022459 0.5964828 0.3597952 0.2917829 0.0350083 0.1043809 0.3457247 0.2961632 0.2970789 0.2930894 0.0000000 0.2972908 0.0182943 0.3356622 0.3113918 0.3150562 0.2956866 0.0371478 0.2800241 0.2843176 0.3889575 0.3132496 0.3940292 0.3725555 0.2792516 0.3064765 0.2947745 0.2744388 0.3295188 0.2513780 0.3120280 0.2242750 0.2918377 0.4051557 0.3721641 0.3105681 0.5343368 0.0783232 0.1315209 0.2978116 0.3560190 0.3413344 0.3164906 0.2840571 0.2534479 0.3286898 0.4070315 0.2896839 0.2922452 0.3239648 0.2842349 0.3753286 0.2997834 0.3086051 
Perityle_gracilis_11                       0.1296135 0.0815570 0.4173157 0.1967553 0.3320211 0.1689736 0.7341842 0.1391729 0.1895283 0.0362822 0.3543336 0.0274465 0.1397533 0.0805208 0.2523782 0.2278126 0.1774721 0.0292053 0.2220208 0.0186687 0.0224359 0.0274997 0.0287864 0.3496671 0.1959108 0.0540241 0.2777633 0.2320464 0.1597256 0.2401125 0.1556156 0.9697599 0.3464411 0.0747855 0.3301078 0.2972590 0.2010218 0.0820352 0.0290183 0.0289880 0.2972908 0.0000000 0.2409812 0.2110980 0.0318868 0.0099911 0.0197524 0.3088765 0.0274029 0.0303922 0.4239484 0.0521514 0.0288762 0.2798067 0.0526072 0.0527916 0.0186510 0.4140432 0.2162705 0.1560442 0.1684669 0.0316271 0.0334115 0.2869483 0.1932563 0.0883481 0.0000010 0.2045424 0.2384388 0.0334717 0.1799321 0.3595620 0.0390342 0.0351962 0.0347615 0.1008170 0.3189209 0.0274617 0.0323189 0.1594962 0.0215591 0.2377743 0.1288843 0.0481782 
Perityle_harkerae_31                       0.2112019 0.2165483 0.1727155 0.2385249 0.1231659 0.2518999 0.7201023 0.2220791 0.2502071 0.2192048 0.0863121 0.2192220 0.2216961 0.2469989 0.0956172 0.2429934 0.2149319 0.2124145 0.3387761 0.2298304 0.2114159 0.2154345 0.2333958 0.0859930 0.2517020 0.2404847 0.2909631 0.2052796 0.2130734 0.2497018 0.2162756 0.0000010 0.0892180 0.2451976 0.0210639 0.0735721 0.2499163 0.2401721 0.2235539 0.2195393 0.0182943 0.2409812 0.0000000 0.2476859 0.2411947 0.2448527 0.2340571 0.0343771 0.2333973 0.2158810 0.1946903 0.2367038 0.2298866 0.2393020 0.2468191 0.2447766 0.2298304 0.0938366 0.2653630 0.2481473 0.2821208 0.2193716 0.2348356 0.2914444 0.2404777 0.2301119 0.0000010 0.0730855 0.0892968 0.2226014 0.2148974 0.0965145 0.2411065 0.2237771 0.2344380 0.2394096 0.2429362 0.2229724 0.2224232 0.2860583 0.2298304 0.2385753 0.2579609 0.2533934 
Perityle_hofmeisteria_4_nombre_de_dios     0.2196553 0.1203893 0.6401073 0.3923862 0.4080340 0.3069396 0.8838411 0.2305616 0.3590409 0.2225118 0.3714665 0.2656134 0.4659470 0.2683638 0.2822494 0.3066371 0.1528671 0.2167577 0.3458194 0.2266251 0.1318342 0.3660327 0.3526646 0.3598067 0.4419835 0.3824916 0.3342923 0.1956087 0.1290961 0.3500078 0.1559794 1.0299296 0.3954355 0.3979190 0.5356268 0.3015741 0.0192484 0.2689775 0.3551180 0.2217701 0.3356622 0.2110980 0.2476859 0.0000000 0.2213663 0.3870234 0.2460155 0.5121548 0.2280395 0.2198187 0.5798233 0.3426341 0.3631105 0.3552772 0.3758903 0.2084097 0.2342440 0.6400826 0.1309312 0.0928666 0.2898631 0.0996612 0.2298005 0.1904315 0.3011377 0.2537431 1.0658100 0.2141231 0.3167277 0.3877050 0.2262199 0.3960589 0.3962510 0.2213699 0.1448348 0.2739329 0.3946732 0.2262589 0.2276225 0.1424925 0.2238365 0.2533454 0.1085922 0.1922491 
Perityle_huecosensis_48                    0.1792987 0.0706904 0.4140079 0.1907780 0.3336795 0.1688250 0.7148363 0.1868324 0.1845101 0.0357051 0.3175398 0.0267146 0.1649438 0.1357325 0.2563155 0.2698042 0.1858122 0.0216428 0.1812111 0.0217411 0.0168025 0.0300433 0.0287941 0.3156086 0.1925675 0.0541916 0.2622383 0.2518414 0.1491597 0.2513472 0.1400100 0.9739824 0.3109400 0.1220255 0.3161588 0.2854295 0.1918657 0.1383035 0.0351397 0.0369825 0.3113918 0.0318868 0.2411947 0.2213663 0.0000000 0.0289991 0.0305909 0.3383739 0.0259510 0.0243780 0.4702992 0.0408814 0.1506694 0.2855872 0.0533985 0.0508951 0.0269144 0.4499177 0.2076567 0.1400033 0.1663182 0.0258625 0.0369562 0.2730294 0.1912544 0.0991867 0.0000010 0.2109647 0.2392957 0.0331689 0.1784121 0.3192252 0.0423408 0.0334404 0.0346879 0.1089342 0.2921297 0.0338151 0.0331510 0.1581943 0.0244608 0.2551796 0.1217842 0.0481688 
