84
Amauria_brandeegeana_62                    0.0000000 0.2047376 0.1735497 0.5696829 0.2090537 0.2930576 0.1369235 0.4287021 0.1871948 0.2177758 0.2215843 0.1837942 0.1810639 0.1840325 0.2138758 0.1764631 0.1805860 0.2108932 0.1948520 0.2177217 0.1785036 0.0997097 0.1922802 0.2527296 0.1780246 0.2019579 0.2083090 0.2155261 0.1502933 0.1060339 0.2123382 0.2414819 0.1853333 0.1943624 0.1674152 0.2078023 0.2480255 0.2233504 0.1815381 0.1872736 0.2020229 0.1753958 0.1827374 0.2220380 0.1820471 0.2853762 0.1800972 0.1848520 0.2660260 0.2337032 0.4104490 0.1960753 0.2178583 0.1896328 0.2338256 0.2033851 0.1919639 0.1827960 0.2916024 0.1044120 0.2153159 0.1018896 0.2023612 0.1899300 0.2094489 0.2490388 0.2219815 0.0867940 0.1918001 0.1928118 0.1823834 0.1751050 0.1790859 0.1978352 0.1223256 0.2143571 0.1902154 0.2141962 0.1893241 0.2681243 0.1917211 0.1901423 0.1162792 0.1864688 
Amauria_carterae_99_mesa                   0.2047376 0.0000000 0.1709052 0.5328307 0.2469346 0.2348839 0.1436198 0.4307381 0.2106317 0.2455929 0.1932179 0.1712245 0.2002835 0.2079170 0.1883351 0.1885203 0.1585278 0.1756292 0.1776127 0.1483676 0.2325723 0.0568668 0.1770109 0.1874415 0.1639236 0.1776000 0.1714277 0.1721790 0.1662627 0.0803526 0.1605613 0.1708171 0.2376633 0.1731610 0.1402869 0.1672956 0.1731715 0.1899952 0.2421956 0.1796320 0.1681763 0.2197681 0.1685596 0.1783580 0.1677817 0.2503821 0.1676066 0.1683807 0.1853296 0.1868938 0.2951908 0.1946013 0.1875075 0.2511201 0.1478691 0.1470857 0.1638094 0.1638192 0.2319723 0.0503194 0.1954231 0.0732199 0.1974447 0.2421158 0.1945854 0.2492434 0.2424935 0.0721612 0.2355979 0.1768523 0.1689266 0.1676199 0.2260668 0.1737601 0.0779516 0.2455691 0.2513449 0.1787787 0.1801705 0.2155131 0.1739080 0.1745146 0.1570227 0.1643862 
Amauria_rotundifolia_SRR9119150            0.1735497 0.1709052 0.0000000 0.5064452 0.1428771 0.2135604 0.1445252 0.3937353 0.1388615 0.1949992 0.1283437 0.1670896 0.1220766 0.1729161 0.1865216 0.1288976 0.1488804 0.1306492 0.1459802 0.1524492 0.2062563 0.0910806 0.1245660 0.1767568 0.1707493 0.1503053 0.1335432 0.1712750 0.1253834 0.1164251 0.1396028 0.1568924 0.1143503 0.1434010 0.1171490 0.1461904 0.2243299 0.2034137 0.1654901 0.1247745 0.1374082 0.2029102 0.1402499 0.1991914 0.1598150 0.2464659 0.1726115 0.1546282 0.2327379 0.1768555 0.3446026 0.1528807 0.1452598 0.1340620 0.1326123 0.1138564 0.1707833 0.1453022 0.1816438 0.0796775 0.1451498 0.0935180 0.1337891 0.1675771 0.1523107 0.2153276 0.1919633 0.0836354 0.1315349 0.1250547 0.1167379 0.1329077 0.2142315 0.1429231 0.1081720 0.1840905 0.1696900 0.1639636 0.1260358 0.2342773 0.1514555 0.1242032 0.1255013 0.1108764 
Conoclinium_coelestinum_SRR9119114         0.5696829 0.5328307 0.5064452 0.0000000 0.6334663 0.5846898 0.2492965 0.6213105 0.5628211 0.5453339 0.5202381 0.5416341 0.5569672 0.5411946 0.5829704 0.5003132 0.5427381 0.5423644 0.5243982 0.4878919 0.6722403 0.1861742 0.5255477 0.5481197 0.5367606 0.5312155 0.5377558 0.5609586 0.5126656 0.3833291 0.5279966 0.5192614 0.6025436 0.5339823 0.5245164 0.5416254 0.5726999 0.5760075 0.5764457 0.5322016 0.5353004 0.6617238 0.5330840 0.5760623 0.4994570 0.5714703 0.5295983 0.5134446 0.6092654 0.5658397 0.5655291 0.5504158 0.5405712 0.6583801 0.4933519 0.4502969 0.5381325 0.5324297 0.7359251 0.2780791 0.5452277 0.3201662 0.5294054 0.6139640 0.5537031 0.5622638 0.5368340 0.2031869 0.6347387 0.5265890 0.5268834 0.5322695 0.6561098 0.5339360 0.3213103 0.5211075 0.6417559 0.5230693 0.5122701 0.8188417 0.5496613 0.5491805 0.5258256 0.4041078 
Eutetras_palmeri_63                        0.2090537 0.2469346 0.1428771 0.6334663 0.0000000 0.2830078 0.7243573 0.4778794 0.1422373 0.1555382 0.1846589 0.2054421 0.1536955 0.1925153 0.2219238 0.1484984 0.1630375 0.1811622 0.1356482 0.0789551 0.2041205 1.2008610 0.1518336 0.1470546 0.2010896 0.1578132 0.1654776 0.1518007 0.1523036 0.1132617 0.1397666 0.1762024 0.1395651 0.1328851 0.1584899 0.1776259 0.1924399 0.2512770 0.1507686 0.1506484 0.1637309 0.1981150 0.1624886 0.2451008 0.1729314 0.1969929 0.2016105 0.1668525 0.1970034 0.1505852 0.6732470 0.1719156 0.1539029 0.1527348 0.1338006 0.1080600 0.2043875 0.1870985 0.1260672 1.8481783 0.1909694 1.2008610 0.1652436 0.1435197 0.1689095 0.1731106 0.1497639 1.2008610 0.1449958 0.1507138 0.1496346 0.1683764 0.2015923 0.1528511 1.2008610 0.1869770 0.1561563 0.1340307 0.1580998 0.2224667 0.2083349 0.1463937 0.1550495 0.0945681 
Eutrochium_fistulosum_SRR9119106           0.2930576 0.2348839 0.2135604 0.5846898 0.2830078 0.0000000 0.1269140 0.3451500 0.2754450 0.3025588 0.2760061 0.2539552 0.2470616 0.1983834 0.2617413 0.1777055 0.2460533 0.2432693 0.2800792 0.3126655 0.2125481 0.0970994 0.2591010 0.2566160 0.2609681 0.2743340 0.2686721 0.3374433 0.2239192 0.1186770 0.2744147 0.2848387 0.2239054 0.2837821 0.2674713 0.2473413 0.3187120 0.2620853 0.2083715 0.2557133 0.2575987 0.2174511 0.2416266 0.2856272 0.3144849 0.3271180 0.2635051 0.2123694 0.2513711 0.2867898 0.5065577 0.2648530 0.2591872 0.2201813 0.2457922 0.1910268 0.2652232 0.2630504 0.1811825 0.1381895 0.2612848 0.1232395 0.2711534 0.2223994 0.2771876 0.3082485 0.3062747 0.1081101 0.2116704 0.2601270 0.2527781 0.2671668 0.2223233 0.2890888 0.1451870 0.3031686 0.2214185 0.2883147 0.2745325 0.2937969 0.2634701 0.2761396 0.1708421 0.1433223 
Galeana_pratensis_104_mex                  0.1369235 0.1436198 0.1445252 0.2492965 0.7243573 0.1269140 0.0000000 0.2503826 0.1459016 0.1593124 0.1575407 0.1567560 0.1752540 0.1558566 0.1485392 0.1376788 0.1347584 0.1571583 0.1469930 0.1463758 0.4689001 0.1306107 0.1612426 0.2148589 0.1499189 0.1479534 0.1576970 0.1542458 0.1306215 0.1402622 0.1345546 0.1567304 0.4404268 0.1504017 0.1387625 0.1325252 0.1502401 0.1522302 0.4427200 0.1646078 0.1318120 0.4689001 0.1318420 0.1578118 0.1224916 0.2203135 0.1466421 0.1319388 0.1393253 0.2148589 0.1496144 0.1646790 0.1601197 0.3801481 0.1607033 0.1277143 0.1499189 0.1499189 0.6043650 0.1059861 0.1439031 0.1327188 0.1674154 0.4552692 0.1646790 0.1601232 0.1686629 0.1175998 0.5236025 0.1643281 0.1304751 0.1532457 0.4689001 0.1436607 0.1286359 0.1351121 0.5365058 0.1542609 0.1572744 0.4461951 0.1535067 0.1538223 0.1177040 0.1315940 
Helianthus_annuus_SRR9119062               0.4287021 0.4307381 0.3937353 0.6213105 0.4778794 0.3451500 0.2503826 0.0000000 0.4009984 0.3996316 0.4231526 0.4404792 0.4446647 0.3443692 0.4457547 0.3409579 0.3510908 0.4209692 0.4170226 0.4635674 0.4792244 0.2420594 0.4199511 0.4390412 0.4329641 0.3975342 0.4265060 0.4213503 0.3579168 0.4537969 0.3903049 0.4644329 0.4288044 0.4105572 0.3938908 0.4150936 0.4675395 0.4649726 0.4830385 0.4181397 0.4137265 0.4812923 0.3964128 0.4585292 0.2978539 0.4394564 0.4369468 0.4128001 0.4280595 0.4299536 0.6127904 0.4069021 0.3910328 0.4321529 0.5132528 0.4570113 0.4380142 0.4040278 0.8316401 0.3650349 0.4145273 0.2803577 0.4241393 0.4498156 0.4032089 0.4647486 0.4079315 0.2188386 0.4333888 0.4225484 0.3886839 0.3937979 0.4732198 0.3996906 0.2912859 0.3269025 0.4396699 0.4144555 0.4218186 0.5678250 0.4197372 0.4081962 0.2813779 0.4491786 
Lycapsus_tenuifolius_17                    0.1871948 0.2106317 0.1388615 0.5628211 0.1422373 0.2754450 0.1459016 0.4009984 0.0000000 0.2127258 0.2073781 0.1627648 0.1220846 0.1541258 0.2086354 0.1240249 0.2034299 0.1668119 0.1612532 0.2014639 0.1315477 0.0480321 0.1643471 0.2083966 0.1625615 0.1870725 0.1764865 0.1828943 0.0735104 0.0651342 0.1873144 0.2130947 0.0158721 0.1769046 0.2092781 0.1990222 0.2427030 0.2153028 0.1050544 0.1594519 0.1885389 0.1259836 0.1788700 0.2204100 0.2085203 0.2422899 0.1649187 0.1444324 0.2703424 0.2249347 0.4630976 0.1756771 0.1773002 0.1126347 0.1534947 0.1464778 0.1757757 0.1757570 0.1222656 0.0897378 0.1901819 0.0740905 0.1672131 0.1180550 0.1873656 0.2233058 0.2340294 0.0675840 0.1153016 0.1648502 0.0978408 0.1707228 0.1327815 0.1777434 0.1032206 0.2462311 0.1236905 0.1851425 0.1636522 0.2023329 0.1808864 0.1570360 0.1236534 0.0817298 
Pericome_caudata_50_silver                 0.2177758 0.2455929 0.1949992 0.5453339 0.1555382 0.3025588 0.1593124 0.3996316 0.2127258 0.0000000 0.2857187 0.1974045 0.1926515 0.1661941 0.2373884 0.1425283 0.2196248 0.2140564 0.2071416 0.2664533 0.1521309 0.1239533 0.2213676 0.2697908 0.1954338 0.2165868 0.2356422 0.2471751 0.1715677 0.1382634 0.2491381 0.2590999 0.1362040 0.2272991 0.2334206 0.2315363 0.3315447 0.2439683 0.1515800 0.2046750 0.2234787 0.1429745 0.1979824 0.2411266 0.2455653 0.2946190 0.1974465 0.1703175 0.2540902 0.2934112 0.5818726 0.2180042 0.2098961 0.1574821 0.2474399 0.1976908 0.2197113 0.2167716 0.2043586 0.1986676 0.2264426 0.1412452 0.2307158 0.1590559 0.2355962 0.1508643 0.1579143 0.1217375 0.1500983 0.2225832 0.2059110 0.2200735 0.1440040 0.2283642 0.1486019 0.1400049 0.1732259 0.2414665 0.2192698 0.2487149 0.2253600 0.2273156 0.1167863 0.1309816 
Perityle_aglossa_84_dead_horse             0.2215843 0.1932179 0.1283437 0.5202381 0.1846589 0.2760061 0.1575407 0.4231526 0.2073781 0.2857187 0.0000000 0.0873146 0.0360196 0.0575059 0.1742335 0.1124263 0.1089086 0.1426346 0.1214757 0.1195621 0.1061668 0.0622341 0.0558775 0.1594008 0.0849059 0.1201217 0.0814924 0.1381892 0.1251349 0.0825386 0.2178742 0.1528802 0.1392576 0.1276274 0.1478470 0.1523767 0.1601656 0.1975336 0.0293072 0.0479072 0.1343068 0.1011629 0.1322932 0.1880372 0.1412739 0.2238317 0.0880892 0.1304636 0.1275630 0.1490217 0.2173460 0.1493156 0.1087849 0.1416899 0.0655932 0.1412454 0.0913925 0.0841046 0.1723955 0.0457331 0.1544904 0.0427071 0.0538026 0.1263188 0.1511732 0.2514419 0.2637860 0.0731400 0.1127993 0.0558530 0.1330023 0.0690143 0.1040735 0.1279231 0.0310551 0.2724494 0.1456957 0.1355324 0.0271587 0.1503435 0.0975203 0.0877370 0.0880795 0.1005222 
Perityle_ajoensis_204                      0.1837942 0.1712245 0.1670896 0.5416341 0.2054421 0.2539552 0.1567560 0.4404792 0.1627648 0.1974045 0.0873146 0.0000000 0.0731491 0.1180065 0.1517534 0.1651160 0.1481961 0.1800462 0.1713906 0.1486985 0.0122637 0.0813706 0.0574354 0.2249323 0.0123480 0.1593374 0.0976989 0.1666935 0.1076875 0.0875500 0.1432535 0.1892794 0.1784230 0.1666837 0.1318808 0.1789911 0.2503634 0.1532011 0.0789698 0.0596718 0.1695541 0.0160243 0.1595125 0.1847593 0.1386444 0.1771629 0.0149111 0.1775324 0.1716106 0.1828066 0.3131622 0.1317141 0.1829201 0.1619999 0.1207612 0.1534174 0.0135538 0.0123098 0.2602383 0.0644389 0.1437906 0.0475443 0.0696087 0.1604090 0.1277252 0.2430965 0.2018410 0.0870048 0.1877326 0.0578557 0.1426441 0.0077493 0.0139558 0.1698154 0.0080878 0.2276519 0.1510026 0.1590292 0.0799174 0.2235834 0.0130838 0.1020580 0.1028770 0.1756311 
Perityle_ambrosiifolia_67_green            0.1810639 0.2002835 0.1220766 0.5569672 0.1536955 0.2470616 0.1752540 0.4446647 0.1220846 0.1926515 0.0360196 0.0731491 0.0000000 0.0715705 0.1638445 0.1165295 0.1368956 0.1366040 0.1120773 0.0956956 0.0935320 0.0562581 0.0130779 0.1140550 0.0732609 0.1121765 0.0606042 0.1086682 0.1066007 0.1010410 0.1182444 0.1375742 0.1087694 0.1116785 0.1312036 0.1261824 0.2009989 0.1894242 0.0392810 0.0137574 0.1232568 0.0947110 0.1270275 0.2018243 0.1177267 0.1642558 0.0755938 0.1389428 0.2049938 0.1166654 0.3840402 0.1230833 0.1308861 0.1131330 0.0548171 0.0954068 0.0735413 0.0470509 0.1585738 0.0682115 0.1292258 0.0632484 0.0315638 0.1268849 0.1198871 0.2215714 0.1862870 0.0593665 0.1083187 0.0136204 0.1097956 0.0331939 0.0974240 0.1173809 0.0155870 0.2181620 0.1367051 0.1248174 0.0352283 0.2328854 0.0613079 0.0711944 0.0911549 0.0892459 
Perityle_angustifolia_13_Eagle_creek       0.1840325 0.2079170 0.1729161 0.5411946 0.1925153 0.1983834 0.1558566 0.3443692 0.1541258 0.1661941 0.0575059 0.1180065 0.0715705 0.0000000 0.2019941 0.1077743 0.1204337 0.1460129 0.1359018 0.1067627 0.1065775 0.0256938 0.0911707 0.1592700 0.1123864 0.1427282 0.1079968 0.1485816 0.1517242 0.0950115 0.1472390 0.1656215 0.1300219 0.1416788 0.1486258 0.1575856 0.2038206 0.2106918 0.0917226 0.0904714 0.1498926 0.1058900 0.1366075 0.2010233 0.1504525 0.0918154 0.1173921 0.1538822 0.1624415 0.1796551 0.3691059 0.1582250 0.1119073 0.1488606 0.0879206 0.0989163 0.1147733 0.1138445 0.1958125 0.0354510 0.1607691 0.0826380 0.0901649 0.1524269 0.1544760 0.1431962 0.1445621 0.0145665 0.1197321 0.0911265 0.1557520 0.1111359 0.1040327 0.1521902 0.0928790 0.1289700 0.1642814 0.1199032 0.0913668 0.2573750 0.1145192 0.1325438 0.0998791 0.1057217 
Perityle_batopilensis_97                   0.2138758 0.1883351 0.1865216 0.5829704 0.2219238 0.2617413 0.1485392 0.4457547 0.2086354 0.2373884 0.1742335 0.1517534 0.1638445 0.2019941 0.0000000 0.1455892 0.1667282 0.1487427 0.1391361 0.1608814 0.1530278 0.0856044 0.1564180 0.2003255 0.1417005 0.1432424 0.1716021 0.1965346 0.1531298 0.1290558 0.2173788 0.1915853 0.1854578 0.1362422 0.1358438 0.1861561 0.2183436 0.0227384 0.1752633 0.1635655 0.1772811 0.1509896 0.1747372 0.1804666 0.1165618 0.2681073 0.1416692 0.1788403 0.1761954 0.1879431 0.3208516 0.1877001 0.1610924 0.2054535 0.1781653 0.1940878 0.1467649 0.1416896 0.3731358 0.0599393 0.1895408 0.1020567 0.1657167 0.2026577 0.1878446 0.2417218 0.2394171 0.0767278 0.1519062 0.1574551 0.1681330 0.1466367 0.1466656 0.1336896 0.1102134 0.2227057 0.2070430 0.1437975 0.1652733 0.3173980 0.1513539 0.1604620 0.1179156 0.1710539 
Perityle_bisetosa_9                        0.1764631 0.1885203 0.1288976 0.5003132 0.1484984 0.1777055 0.1376788 0.3409579 0.1240249 0.1425283 0.1124263 0.1651160 0.1165295 0.1077743 0.1455892 0.0000000 0.1223422 0.1059704 0.0754024 0.0638684 0.1842226 0.0324833 0.1190422 0.0782045 0.1615079 0.0623566 0.1328793 0.1275835 0.1307091 0.0855967 0.1245590 0.1236066 0.1117377 0.0832635 0.1311721 0.1300805 0.1718944 0.1665194 0.1462303 0.1191257 0.1201459 0.1832996 0.1227960 0.1880616 0.0987238 0.1169850 0.1654901 0.1316894 0.1411876 0.0854604 0.3457818 0.1386352 0.0455605 0.1376494 0.1097951 0.0639325 0.1637981 0.1457846 0.1431208 0.0454626 0.1515402 0.0885519 0.1297884 0.1463052 0.1370044 0.1553569 0.1417546 0.0069052 0.0244389 0.1197385 0.1193690 0.1304436 0.1792520 0.0863620 0.1010620 0.1417353 0.1594066 0.0821494 0.1195140 0.2443585 0.1584987 0.1061990 0.1070249 0.0657859 
Perityle_californica_76_positas            0.1805860 0.1585278 0.1488804 0.5427381 0.1630375 0.2460533 0.1347584 0.3510908 0.2034299 0.2196248 0.1089086 0.1481961 0.1368956 0.1204337 0.1667282 0.1223422 0.0000000 0.1315631 0.1542241 0.1391999 0.1258598 0.0586648 0.1462012 0.1656858 0.1428634 0.1575459 0.1386543 0.1843396 0.1574584 0.0707384 0.1584925 0.1628611 0.1396237 0.1558038 0.1264455 0.1289666 0.2127849 0.1722787 0.1656614 0.1494836 0.1319161 0.1072873 0.1314704 0.1637651 0.1759883 0.2354229 0.1440226 0.1291636 0.1687579 0.1905503 0.3013518 0.1582326 0.1375339 0.1237010 0.1072547 0.1126336 0.1435308 0.1413909 0.0914594 0.0502913 0.1236886 0.0826818 0.1571580 0.1576559 0.1560172 0.2088331 0.2061088 0.0705709 0.1293054 0.1461217 0.1355529 0.1456842 0.1113073 0.1603648 0.0863513 0.2155134 0.1595561 0.1600047 0.1483932 0.1810662 0.1397335 0.1510800 0.0695425 0.0701199 
Perityle_canescens_77                      0.2108932 0.1756292 0.1306492 0.5423644 0.1811622 0.2432693 0.1571583 0.4209692 0.1668119 0.2140564 0.1426346 0.1800462 0.1366040 0.1460129 0.1487427 0.1059704 0.1315631 0.0000000 0.1082563 0.0987326 0.2316249 0.0546626 0.1356667 0.1655705 0.1783000 0.1169902 0.1459438 0.1421987 0.1316609 0.0826651 0.1370582 0.1257727 0.1458922 0.1075477 0.1459154 0.1354448 0.1818020 0.1675665 0.1770590 0.1365164 0.1337489 0.2271477 0.1345766 0.1916762 0.1199624 0.2349623 0.1778194 0.1406604 0.1643918 0.1737084 0.3200542 0.1540230 0.1144538 0.1608455 0.1171565 0.1044538 0.1790201 0.1607218 0.1448345 0.0458899 0.1552676 0.0763765 0.1476608 0.1552790 0.1526693 0.2192443 0.2022420 0.0660909 0.1100024 0.1356054 0.1334002 0.1454179 0.2298526 0.1072342 0.0994505 0.2262279 0.1689918 0.1162338 0.1463710 0.2401473 0.1715579 0.1229115 0.1225299 0.0793852 
Perityle_castillonii_96                    0.1948520 0.1776127 0.1459802 0.5243982 0.1356482 0.2800792 0.1469930 0.4170226 0.1612532 0.2071416 0.1214757 0.1713906 0.1120773 0.1359018 0.1391361 0.0754024 0.1542241 0.1082563 0.0000000 0.0192926 0.1950226 0.0395718 0.1372537 0.1381340 0.1817662 0.1017224 0.1300550 0.1493180 0.1408616 0.0929401 0.1307936 0.1307176 0.1136559 0.0198373 0.1295253 0.1511551 0.2316900 0.1569208 0.1820439 0.1365452 0.1503321 0.1981671 0.1459095 0.1902108 0.0156692 0.2276638 0.1773665 0.1686562 0.2015222 0.1424541 0.2978881 0.1439727 0.0922490 0.1204242 0.1042131 0.0872481 0.1782808 0.1480052 0.1193065 0.0768589 0.1402504 0.0880358 0.1425098 0.1605077 0.1414795 0.2265680 0.2038496 0.0731806 0.0613526 0.1383344 0.1306043 0.1344249 0.2063782 0.0222088 0.1087897 0.2354471 0.1410646 0.0323196 0.1352249 0.2290411 0.1595461 0.1196840 0.1184378 0.0596860 
Perityle_cernua_84                         0.2177217 0.1483676 0.1524492 0.4878919 0.0789551 0.3126655 0.1463758 0.4635674 0.2014639 0.2664533 0.1195621 0.1486985 0.0956956 0.1067627 0.1608814 0.0638684 0.1391999 0.0987326 0.0192926 0.0000000 0.1731164 0.0610859 0.1834348 0.1623218 0.1852786 0.1087311 0.1290530 0.1539299 0.1288540 0.0694238 0.1573933 0.1599238 0.0836514 0.0165296 0.1085604 0.1533606 0.2233681 0.1760910 0.1769062 0.1559852 0.1791476 0.1577980 0.1280469 0.1821618 0.0219269 0.2524497 0.1492165 0.1821849 0.2125425 0.1754337 0.2509888 0.1388045 0.0815176 0.0892377 0.0956633 0.0849565 0.1564439 0.1462098 0.1159924 0.0666824 0.1373563 0.0798983 0.1615513 0.1343692 0.1410974 0.2277358 0.2369421 0.0659774 0.0425672 0.1614979 0.1261331 0.1265084 0.2379448 0.0129736 0.1009872 0.2854280 0.1063123 0.0250183 0.1430861 0.1064632 0.1532756 0.1136809 0.1041728 0.0558756 
Perityle_cfvillosa_25_tin                  0.1785036 0.2325723 0.2062563 0.6722403 0.2041205 0.2125481 0.4689001 0.4792244 0.1315477 0.1521309 0.1061668 0.0122637 0.0935320 0.1065775 0.1530278 0.1842226 0.1258598 0.2316249 0.1950226 0.1731164 0.0000000 0.0000010 0.0896072 0.2011514 0.0078044 0.1844536 0.1165468 0.1498413 0.1062315 0.1133096 0.1370111 0.2485814 0.1864574 0.1842271 0.1380821 0.2075606 0.2531303 0.1541889 0.0906581 0.0928604 0.1957472 0.0096487 0.1736376 0.2325665 0.1156877 0.0743861 0.0114500 0.1994451 0.1421331 0.1316852 0.6453328 0.1333401 0.2133651 0.1626432 0.1916858 0.1602194 0.0113327 0.0068007 0.2891450 0.0000010 0.1503869 0.0000010 0.1047366 0.1745596 0.1234742 0.2253901 0.1423463 0.0000010 0.1979119 0.0895622 0.1627421 0.0095120 0.0113362 0.1863126 0.0000010 0.1583970 0.1566171 0.1670677 0.0989199 0.2197032 0.0014627 0.1319099 0.0876270 0.2473044 
Perityle_cinerea_113_Powell1310            0.0997097 0.0568668 0.0910806 0.1861742 1.2008610 0.0970994 0.1306107 0.2420594 0.0480321 0.1239533 0.0622341 0.0813706 0.0562581 0.0256938 0.0856044 0.0324833 0.0586648 0.0546626 0.0395718 0.0610859 0.0000010 0.0000000 0.1215861 0.0470604 0.0736564 0.0624546 0.0857561 0.0662928 0.0772605 0.0542935 0.0584500 0.1281226 0.0000010 0.0358325 0.0889326 0.0586637 0.1053392 0.0896430 0.2441754 0.0778322 0.1169407 0.0000010 0.0694651 0.1057442 0.0395204 0.1225916 0.0775539 0.1052683 0.0518847 0.0470604 0.0297381 0.0856817 0.0543085 0.0000010 0.0894073 0.0375017 0.0736564 0.0736564 0.0000010 0.0481426 0.0776188 0.0698105 0.0775669 0.7178833 0.0856817 0.1292239 0.1427193 0.0340684 0.6444469 0.0816362 0.0772605 0.0774565 0.0000010 0.0395315 0.0775834 0.1292239 0.0000010 0.0469990 0.0659732 0.6874095 0.0736564 0.0700429 0.0560927 0.0560927 
Perityle_coahuilensis_24                   0.1922802 0.1770109 0.1245660 0.5255477 0.1518336 0.2591010 0.1612426 0.4199511 0.1643471 0.2213676 0.0558775 0.0574354 0.0130779 0.0911707 0.1564180 0.1190422 0.1462012 0.1356667 0.1372537 0.1834348 0.0896072 0.1215861 0.0000000 0.1691694 0.0770062 0.1288234 0.0675921 0.1435574 0.1065447 0.0960254 0.1821579 0.1965370 0.1174500 0.1308008 0.1319544 0.1454019 0.2349593 0.1749870 0.0457529 0.0066997 0.1404626 0.0921242 0.1338899 0.1834410 0.1393655 0.1962448 0.0623565 0.1834539 0.2010314 0.1646910 0.2767029 0.1227097 0.1484033 0.1133102 0.0577238 0.1282421 0.0628165 0.0376657 0.1758342 0.0649063 0.1397485 0.0427498 0.0327284 0.1346501 0.1241668 0.2435977 0.2307374 0.0872874 0.1712593 0.0010338 0.1131495 0.0302908 0.1237100 0.1299380 0.0204629 0.2328133 0.1312539 0.1414726 0.0448080 0.2331682 0.0502161 0.0866526 0.1022738 0.0956869 
Perityle_cochisensis_44_cave_creek         0.2527296 0.1874415 0.1767568 0.5481197 0.1470546 0.2566160 0.2148589 0.4390412 0.2083966 0.2697908 0.1594008 0.2249323 0.1140550 0.1592700 0.2003255 0.0782045 0.1656858 0.1655705 0.1381340 0.1623218 0.2011514 0.0470604 0.1691694 0.0000000 0.2233393 0.1181938 0.1840048 0.1750379 0.1926742 0.0930666 0.1776137 0.2061181 0.1219947 0.1370446 0.1435246 0.1755320 0.2497287 0.2206527 0.1535408 0.1697895 0.1650617 0.1947119 0.1698017 0.2685166 0.1735971 0.2432959 0.2272166 0.1798596 0.1884632 0.0010294 0.2342671 0.1975205 0.0803855 0.1374908 0.1903073 0.1800028 0.2218951 0.1987764 0.1458229 0.0600399 0.1907442 0.2702022 0.1798772 0.1667716 0.1964532 0.2595970 0.2443294 0.0907963 0.0376395 0.1698852 0.1883777 0.1852869 0.2006858 0.1356629 0.2996170 0.2768773 0.1562233 0.1516758 0.1591719 0.2509231 0.2115104 0.1578277 0.1611844 0.1077297 
Perityle_congesta_202                      0.1780246 0.1639236 0.1707493 0.5367606 0.2010896 0.2609681 0.1499189 0.4329641 0.1625615 0.1954338 0.0849059 0.0123480 0.0732609 0.1123864 0.1417005 0.1615079 0.1428634 0.1783000 0.1817662 0.1852786 0.0078044 0.0736564 0.0770062 0.2233393 0.0000000 0.1671479 0.0922714 0.1619484 0.0981931 0.0835514 0.1455291 0.2261803 0.1932339 0.1734868 0.1300618 0.1882010 0.2595111 0.1438267 0.0925651 0.0793706 0.1950368 0.0081434 0.1557543 0.1849708 0.1342039 0.1705435 0.0104667 0.2056899 0.1655396 0.1759598 0.2974750 0.1258395 0.2011924 0.1582040 0.1159089 0.1418833 0.0127053 0.0078884 0.2667370 0.0549396 0.1398477 0.0401901 0.0891245 0.1714300 0.1196336 0.2507460 0.2031530 0.0834468 0.2445691 0.0766275 0.1346116 0.0089528 0.0364547 0.1759224 0.0020126 0.2304250 0.1429001 0.1590691 0.0913656 0.2206505 0.0074831 0.1142474 0.0975992 0.1736867 
Perityle_cordifolia_27                     0.2019579 0.1776000 0.1503053 0.5312155 0.1578132 0.2743340 0.1479534 0.3975342 0.1870725 0.2165868 0.1201217 0.1593374 0.1121765 0.1427282 0.1432424 0.0623566 0.1575459 0.1169902 0.1017224 0.1087311 0.1844536 0.0624546 0.1288234 0.1181938 0.1671479 0.0000000 0.1503521 0.1553184 0.1447854 0.0917810 0.1455831 0.1474395 0.1344658 0.1031933 0.1415534 0.1559236 0.2318275 0.1593632 0.1862603 0.1281389 0.1469720 0.1906163 0.1393687 0.1878477 0.1174023 0.2346172 0.1655588 0.1579283 0.1821513 0.1174023 0.2968318 0.1626449 0.0847926 0.1419098 0.1057004 0.0893037 0.1635457 0.1385218 0.1390105 0.0553894 0.1562859 0.0852132 0.1363800 0.1811206 0.1624272 0.2187038 0.2026137 0.0492852 0.0582678 0.1287817 0.1442680 0.1276016 0.1959631 0.1049602 0.0966452 0.2136866 0.1619410 0.1206780 0.1349594 0.2377665 0.1485561 0.1256769 0.1115323 0.0611798 
Perityle_cordifolia_68_tecolote            0.2083090 0.1714277 0.1335432 0.5377558 0.1654776 0.2686721 0.1576970 0.4265060 0.1764865 0.2356422 0.0814924 0.0976989 0.0606042 0.1079968 0.1716021 0.1328793 0.1386543 0.1459438 0.1300550 0.1290530 0.1165468 0.0857561 0.0675921 0.1840048 0.0922714 0.1503521 0.0000000 0.1591426 0.1187908 0.0913562 0.1917702 0.1643018 0.1212240 0.1335949 0.1344711 0.1472774 0.2227139 0.1871260 0.0674643 0.0644528 0.1345599 0.1152733 0.1363306 0.1837837 0.1457388 0.2445390 0.0953234 0.1413146 0.2153597 0.1843392 0.2912184 0.1368606 0.1449421 0.1287970 0.0186348 0.1437106 0.0960068 0.0846843 0.1641782 0.0608847 0.1494546 0.0526574 0.0771371 0.1312865 0.1401987 0.2317120 0.2283392 0.0914185 0.1219228 0.0680810 0.1222960 0.0768498 0.1211097 0.1376995 0.0592373 0.2362939 0.1347156 0.1375101 0.0727492 0.2430716 0.0993845 0.0820836 0.1039877 0.1097295 
Perityle_coronopifolia_28_patagonia        0.2155261 0.1721790 0.1712750 0.5609586 0.1518007 0.3374433 0.1542458 0.4213503 0.1828943 0.2471751 0.1381892 0.1666935 0.1086682 0.1485816 0.1965346 0.1275835 0.1843396 0.1421987 0.1493180 0.1539299 0.1498413 0.0662928 0.1435574 0.1750379 0.1619484 0.1553184 0.1591426 0.0000000 0.1384882 0.0846368 0.1829332 0.1904736 0.1078203 0.1528480 0.1422182 0.1675834 0.2436942 0.2113145 0.1512181 0.1391244 0.1618967 0.1507976 0.1613983 0.2104522 0.1780423 0.2556187 0.1641500 0.1655490 0.2601932 0.1829379 0.3293528 0.0802217 0.1391607 0.0391326 0.1281723 0.1368690 0.1691350 0.1553471 0.0706827 0.0649812 0.0841558 0.0914789 0.1506663 0.0661611 0.0814702 0.2623035 0.2524249 0.0665887 0.1203376 0.1440089 0.1396307 0.1476608 0.1561132 0.1613001 0.1033720 0.2829150 0.0483872 0.1629799 0.1526859 0.1803412 0.1697378 0.1358451 0.1328256 0.0769233 
Perityle_crassifolia_70_ventanas           0.1502933 0.1662627 0.1253834 0.5126656 0.1523036 0.2239192 0.1306215 0.3579168 0.0735104 0.1715677 0.1251349 0.1076875 0.1066007 0.1517242 0.1531298 0.1307091 0.1574584 0.1316609 0.1408616 0.1288540 0.1062315 0.0772605 0.1065447 0.1926742 0.0981931 0.1447854 0.1187908 0.1384882 0.0000000 0.0143616 0.1266178 0.1443769 0.0110058 0.1358733 0.1307281 0.1359800 0.1851104 0.1558749 0.1104744 0.1060149 0.1295568 0.1006863 0.1303313 0.1506232 0.1490516 0.1951456 0.1023219 0.1337795 0.1830832 0.1831935 0.3212756 0.1336191 0.1363328 0.1197276 0.1087821 0.1279958 0.1004384 0.1010368 0.1273997 0.0596297 0.1178999 0.0671376 0.1149788 0.1343144 0.1305105 0.1836002 0.1849960 0.0694541 0.1253542 0.1070658 0.0135338 0.1039892 0.1070593 0.1423940 0.0927880 0.1993040 0.1368321 0.1408285 0.1085365 0.2092545 0.1040440 0.1109231 0.1304572 0.0797712 
Perityle_crassifolia_74_playa_balandra     0.1060339 0.0803526 0.1164251 0.3833291 0.1132617 0.1186770 0.1402622 0.4537969 0.0651342 0.1382634 0.0825386 0.0875500 0.1010410 0.0950115 0.1290558 0.0855967 0.0707384 0.0826651 0.0929401 0.0694238 0.1133096 0.0542935 0.0960254 0.0930666 0.0835514 0.0917810 0.0913562 0.0846368 0.0143616 0.0000000 0.0895196 0.0837121 0.0230393 0.0829507 0.0961721 0.0847868 0.1161057 0.1334436 0.1177448 0.0918754 0.0822748 0.0980486 0.0803189 0.1251477 0.0975625 0.1586670 0.0877406 0.0845687 0.0763352 0.1020807 0.2557069 0.0990867 0.0955618 0.1085400 0.0820378 0.0662110 0.0835514 0.0855216 0.1097125 0.0532982 0.0800690 0.0473367 0.1061307 0.1295271 0.0990867 0.1461820 0.1449292 0.0521766 0.0878216 0.0958871 0.0091044 0.0854788 0.1074893 0.0930037 0.0692374 0.1884561 0.1449472 0.0820060 0.0880170 0.1097451 0.0876221 0.0970003 0.0510150 0.0606606 
Perityle_cuneata_34_cuneata_San_antonio    0.2123382 0.1605613 0.1396028 0.5279966 0.1397666 0.2744147 0.1345546 0.3903049 0.1873144 0.2491381 0.2178742 0.1432535 0.1182444 0.1472390 0.2173788 0.1245590 0.1584925 0.1370582 0.1307936 0.1573933 0.1370111 0.0584500 0.1821579 0.1776137 0.1455291 0.1455831 0.1917702 0.1829332 0.1266178 0.0895196 0.0000000 0.2003156 0.1206685 0.1659140 0.1964113 0.1923612 0.2622936 0.2171174 0.1307805 0.1442996 0.1876601 0.1358161 0.1477685 0.2223716 0.1891010 0.2340593 0.1475740 0.1403454 0.2350503 0.2225769 0.4048594 0.1568629 0.1393760 0.1285763 0.1211517 0.1112112 0.1849963 0.1917087 0.1683720 0.0503688 0.1584028 0.0852986 0.1807794 0.1424374 0.1932196 0.2060206 0.2362481 0.0491495 0.1207506 0.1806250 0.1575385 0.1758087 0.1377391 0.1619743 0.1019491 0.2072526 0.1418710 0.1877670 0.1559741 0.2265651 0.1854879 0.1809282 0.1183772 0.0718150 
Perityle_cuneata_4                         0.2414819 0.1708171 0.1568924 0.5192614 0.1762024 0.2848387 0.1567304 0.4644329 0.2130947 0.2590999 0.1528802 0.1892794 0.1375742 0.1656215 0.1915853 0.1236066 0.1628611 0.1257727 0.1307176 0.1599238 0.2485814 0.1281226 0.1965370 0.2061181 0.2261803 0.1474395 0.1643018 0.1904736 0.1443769 0.0837121 0.2003156 0.0000000 0.1358487 0.1365980 0.1435067 0.1611590 0.2709136 0.2096179 0.2298043 0.1813337 0.1786054 0.2569676 0.1340894 0.1983326 0.1602976 0.3180894 0.1989500 0.1947329 0.2609763 0.2112384 0.2822674 0.1710230 0.1359161 0.1608593 0.1276156 0.1223815 0.2048730 0.1697627 0.1518951 0.0595474 0.1660240 0.0880340 0.1875907 0.2115500 0.1789292 0.2479680 0.2428922 0.0662309 0.1554674 0.1825697 0.1404842 0.1540605 0.3335882 0.1363761 0.1085550 0.2332789 0.2038762 0.1565456 0.1642118 0.1553866 0.1812822 0.1468106 0.1211383 0.0828368 
Perityle_discoidea_81                      0.1853333 0.2376633 0.1143503 0.6025436 0.1395651 0.2239054 0.4404268 0.4288044 0.0158721 0.1362040 0.1392576 0.1784230 0.1087694 0.1300219 0.1854578 0.1117377 0.1396237 0.1458922 0.1136559 0.0836514 0.1864574 0.0000010 0.1174500 0.1219947 0.1932339 0.1344658 0.1212240 0.1078203 0.0110058 0.0230393 0.1206685 0.1358487 0.0000000 0.1158253 0.1426104 0.1493276 0.2038625 0.2217179 0.1601865 0.1156351 0.1368386 0.1787051 0.1367427 0.2228633 0.1393889 0.1517293 0.1899580 0.1613258 0.2162318 0.1261231 0.6814256 0.1277729 0.1143246 0.1140237 0.1304889 0.1146126 0.1880362 0.1443651 0.1349783 0.0000010 0.1372219 0.0000010 0.1305551 0.1468106 0.1263741 0.1939119 0.1372922 0.0000010 0.1117358 0.1164701 0.0126897 0.1220928 0.1871044 0.1218592 0.0000010 0.1582431 0.1415420 0.1304211 0.1182612 0.2005704 0.1677711 0.1112524 0.1267960 0.0910450 
Perityle_dissecta_201                      0.1943624 0.1731610 0.1434010 0.5339823 0.1328851 0.2837821 0.1504017 0.4105572 0.1769046 0.2272991 0.1276274 0.1666837 0.1116785 0.1416788 0.1362422 0.0832635 0.1558038 0.1075477 0.0198373 0.0165296 0.1842271 0.0358325 0.1308008 0.1370446 0.1734868 0.1031933 0.1335949 0.1528480 0.1358733 0.0829507 0.1659140 0.1365980 0.1158253 0.0000000 0.1353309 0.1490853 0.2198467 0.1525235 0.1779957 0.1263834 0.1415803 0.1918483 0.1421498 0.1870841 0.0187557 0.2364824 0.1721046 0.1591063 0.2085298 0.1415178 0.2795236 0.1451112 0.0960568 0.1265716 0.1005785 0.0883052 0.1718501 0.1464349 0.1218840 0.0716737 0.1443391 0.0825160 0.1357181 0.1632988 0.1455938 0.2301613 0.2208032 0.0660328 0.0604857 0.1317770 0.1302363 0.1347373 0.1986818 0.0203847 0.1060713 0.2282374 0.1440032 0.0310279 0.1349065 0.2269115 0.1566178 0.1209052 0.1198082 0.0541946 
Perityle_emoryi_47_punta_san_jose          0.1674152 0.1402869 0.1171490 0.5245164 0.1584899 0.2674713 0.1387625 0.3938908 0.2092781 0.2334206 0.1478470 0.1318808 0.1312036 0.1486258 0.1358438 0.1311721 0.1264455 0.1459154 0.1295253 0.1085604 0.1380821 0.0889326 0.1319544 0.1435246 0.1300618 0.1415534 0.1344711 0.1422182 0.1307281 0.0961721 0.1964113 0.1435067 0.1426104 0.1353309 0.0000000 0.1420140 0.1382342 0.1373977 0.1432221 0.1325880 0.1434240 0.1420826 0.1354352 0.1381759 0.1461349 0.2381839 0.1310079 0.1334438 0.1444260 0.1509628 0.3197470 0.1435902 0.1456139 0.1449317 0.0989941 0.1473929 0.1368850 0.1322421 0.1150750 0.0802468 0.1396858 0.0924702 0.1445003 0.1465413 0.1476456 0.2303769 0.2451168 0.0880309 0.1438892 0.1321885 0.1304592 0.1405813 0.1357240 0.1368071 0.1048678 0.2377839 0.1530085 0.1365555 0.1438126 0.2642640 0.1375055 0.1420248 0.1234037 0.1032930 
Perityle_feddemae_99                       0.2078023 0.1672956 0.1461904 0.5416254 0.1776259 0.2473413 0.1325252 0.4150936 0.1990222 0.2315363 0.1523767 0.1789911 0.1261824 0.1575856 0.1861561 0.1300805 0.1289666 0.1354448 0.1511551 0.1533606 0.2075606 0.0586637 0.1454019 0.1755320 0.1882010 0.1559236 0.1472774 0.1675834 0.1359800 0.0847868 0.1923612 0.1611590 0.1493276 0.1490853 0.1420140 0.0000000 0.2347791 0.2041980 0.1868935 0.1389881 0.0564067 0.2095521 0.0490954 0.2063418 0.1629375 0.2221242 0.1853824 0.0558867 0.2018783 0.1876003 0.3194835 0.1576354 0.1497588 0.1485497 0.1360735 0.1378562 0.1903182 0.1651189 0.1915784 0.0457864 0.1613889 0.0894891 0.1561849 0.1778716 0.1647730 0.2273219 0.2174703 0.0526265 0.1453453 0.1453490 0.1446409 0.1541507 0.2127896 0.1500555 0.1051048 0.2031520 0.1645556 0.1648278 0.1463036 0.2497366 0.1749455 0.1502292 0.1119948 0.0936109 
Perityle_gamon_221                         0.2480255 0.1731715 0.2243299 0.5726999 0.1924399 0.3187120 0.1502401 0.4675395 0.2427030 0.3315447 0.1601656 0.2503634 0.2009989 0.2038206 0.2183436 0.1718944 0.2127849 0.1818020 0.2316900 0.2233681 0.2531303 0.1053392 0.2349593 0.2497287 0.2595111 0.2318275 0.2227139 0.2436942 0.1851104 0.1161057 0.2622936 0.2709136 0.2038625 0.2198467 0.1382342 0.2347791 0.0000000 0.2270151 0.3107708 0.2372125 0.2195509 0.2440735 0.1917006 0.1559253 0.2205373 0.3126857 0.2541051 0.2303493 0.2716488 0.2174615 0.3026293 0.2173937 0.2018255 0.1710773 0.1416687 0.1667180 0.2511289 0.2230046 0.1966245 0.0898359 0.1702939 0.0900720 0.2383141 0.3241009 0.2129746 0.3408644 0.3215758 0.0978391 0.1972920 0.2342642 0.1660275 0.2112312 0.2532497 0.2161632 0.1235637 0.3151089 0.2572475 0.2192724 0.2349365 0.2362451 0.2282187 0.2171554 0.1970364 0.1243178 
Perityle_gentryi_8_san_francisco           0.2233504 0.1899952 0.2034137 0.5760075 0.2512770 0.2620853 0.1522302 0.4649726 0.2153028 0.2439683 0.1975336 0.1532011 0.1894242 0.2106918 0.0227384 0.1665194 0.1722787 0.1675665 0.1569208 0.1760910 0.1541889 0.0896430 0.1749870 0.2206527 0.1438267 0.1593632 0.1871260 0.2113145 0.1558749 0.1334436 0.2171174 0.2096179 0.2217179 0.1525235 0.1373977 0.2041980 0.2270151 0.0000000 0.2033328 0.1836493 0.1983242 0.1512417 0.1964811 0.1903715 0.1189259 0.2683775 0.1420749 0.2019914 0.1815412 0.1892593 0.3108325 0.1916498 0.1793067 0.2326791 0.2091090 0.1959557 0.1475804 0.1429448 0.4151963 0.0599393 0.1971062 0.1074803 0.1844269 0.2246250 0.1889944 0.2493334 0.2398387 0.0838778 0.1811212 0.1760346 0.1854965 0.1495389 0.1480580 0.1506291 0.1155841 0.2219504 0.2274828 0.1556682 0.1852308 0.3235479 0.1504604 0.1777767 0.1250732 0.2162601 
Perityle_gilensis_22_Superstition          0.1815381 0.2421956 0.1654901 0.5764457 0.1507686 0.2083715 0.4427200 0.4830385 0.1050544 0.1515800 0.0293072 0.0789698 0.0392810 0.0917226 0.1752633 0.1462303 0.1656614 0.1770590 0.1820439 0.1769062 0.0906581 0.2441754 0.0457529 0.1535408 0.0925651 0.1862603 0.0674643 0.1512181 0.1104744 0.1177448 0.1307805 0.2298043 0.1601865 0.1779957 0.1432221 0.1868935 0.3107708 0.2033328 0.0000000 0.0463736 0.1771279 0.0938839 0.1419207 0.2148795 0.1515392 0.1362933 0.0875983 0.1883063 0.2523285 0.1233259 0.6188662 0.1177844 0.1962975 0.1249995 0.0471420 0.1165518 0.0851540 0.0501496 0.1653783 0.2714516 0.1403448 0.2441754 0.0707764 0.1598458 0.1136893 0.2056687 0.1504498 0.2441754 0.1660095 0.0457352 0.1132684 0.0392040 0.1041529 0.1764919 0.2441754 0.1562743 0.1347254 0.1646542 0.0593530 0.2283616 0.0676434 0.1138117 0.1139003 0.1230809 
Perityle_gilensis_salensis_225             0.1872736 0.1796320 0.1247745 0.5322016 0.1506484 0.2557133 0.1646078 0.4181397 0.1594519 0.2046750 0.0479072 0.0596718 0.0137574 0.0904714 0.1635655 0.1191257 0.1494836 0.1365164 0.1365452 0.1559852 0.0928604 0.0778322 0.0066997 0.1697895 0.0793706 0.1281389 0.0644528 0.1391244 0.1060149 0.0918754 0.1442996 0.1813337 0.1156351 0.1263834 0.1325880 0.1389881 0.2372125 0.1836493 0.0463736 0.0000000 0.1307020 0.0955627 0.1333008 0.1834035 0.1360441 0.1963635 0.0650582 0.1722746 0.2059291 0.1650855 0.2924200 0.1234067 0.1488454 0.1124322 0.0549806 0.1270470 0.0651890 0.0394455 0.1686323 0.0649063 0.1353710 0.0427498 0.0311921 0.1328601 0.1216146 0.2387235 0.2112440 0.0872874 0.1527767 0.0070734 0.1114243 0.0300103 0.1226496 0.1269866 0.0183889 0.2324943 0.1304099 0.1389432 0.0423267 0.2328032 0.0498739 0.0835314 0.1049089 0.0911989 
Perityle_glaucescens_94                    0.2020229 0.1681763 0.1374082 0.5353004 0.1637309 0.2575987 0.1318120 0.4137265 0.1885389 0.2234787 0.1343068 0.1695541 0.1232568 0.1498926 0.1772811 0.1201459 0.1319161 0.1337489 0.1503321 0.1791476 0.1957472 0.1169407 0.1404626 0.1650617 0.1950368 0.1469720 0.1345599 0.1618967 0.1295568 0.0822748 0.1876601 0.1786054 0.1368386 0.1415803 0.1434240 0.0564067 0.2195509 0.1983242 0.1771279 0.1307020 0.0000000 0.1976043 0.0160972 0.1875190 0.1586402 0.2226670 0.1777958 0.0573491 0.1979659 0.1723193 0.3028702 0.1471317 0.1523097 0.1388205 0.1271953 0.1243993 0.1799597 0.1514026 0.1539708 0.0598535 0.1526404 0.0864771 0.1439524 0.1673627 0.1489792 0.2247390 0.2150967 0.0591773 0.1791405 0.1330636 0.1313955 0.1407830 0.2270426 0.1426212 0.1047008 0.2115299 0.1551588 0.1527285 0.1377116 0.2282551 0.1644133 0.1425571 0.1122265 0.0865818 
Perityle_gracilis_11                       0.1753958 0.2197681 0.2029102 0.6617238 0.1981150 0.2174511 0.4689001 0.4812923 0.1259836 0.1429745 0.1011629 0.0160243 0.0947110 0.1058900 0.1509896 0.1832996 0.1072873 0.2271477 0.1981671 0.1577980 0.0096487 0.0000010 0.0921242 0.1947119 0.0081434 0.1906163 0.1152733 0.1507976 0.1006863 0.0980486 0.1358161 0.2569676 0.1787051 0.1918483 0.1420826 0.2095521 0.2440735 0.1512417 0.0938839 0.0955627 0.1976043 0.0000000 0.1724856 0.2377305 0.1294643 0.0457997 0.0111976 0.2012745 0.1293228 0.1321273 0.6365473 0.1344571 0.2135780 0.1595567 0.1739119 0.1440598 0.0133743 0.0119151 0.2583176 0.0000010 0.1496365 0.0000010 0.1089391 0.1761283 0.1239809 0.2217412 0.1379664 0.0000010 0.1977742 0.0912447 0.1574212 0.0150397 0.0151412 0.1917975 0.0000010 0.1626919 0.1538789 0.1655198 0.1019877 0.2122166 0.0101095 0.1360008 0.0938010 0.2325283 
Perityle_harkerae_31                       0.1827374 0.1685596 0.1402499 0.5330840 0.1624886 0.2416266 0.1318420 0.3964128 0.1788700 0.1979824 0.1322932 0.1595125 0.1270275 0.1366075 0.1747372 0.1227960 0.1314704 0.1345766 0.1459095 0.1280469 0.1736376 0.0694651 0.1338899 0.1698017 0.1557543 0.1393687 0.1363306 0.1613983 0.1303313 0.0803189 0.1477685 0.1340894 0.1367427 0.1421498 0.1354352 0.0490954 0.1917006 0.1964811 0.1419207 0.1333008 0.0160972 0.1724856 0.0000000 0.1763949 0.1591828 0.2207172 0.1597200 0.0153510 0.1807982 0.1673106 0.3071878 0.1490261 0.1341877 0.1423459 0.1311977 0.1274247 0.1575898 0.1487494 0.1682632 0.0549531 0.1508486 0.0864086 0.1412932 0.1370147 0.1471552 0.2018222 0.1914932 0.0591160 0.1282482 0.1338352 0.1305145 0.1364569 0.1730227 0.1472199 0.1022726 0.2116217 0.1425410 0.1483421 0.1352739 0.2263055 0.1595811 0.1285240 0.1114985 0.0948475 
Perityle_hofmeisteria_4_nombre_de_dios     0.2220380 0.1783580 0.1991914 0.5760623 0.2451008 0.2856272 0.1578118 0.4585292 0.2204100 0.2411266 0.1880372 0.1847593 0.2018243 0.2010233 0.1804666 0.1880616 0.1637651 0.1916762 0.1902108 0.1821618 0.2325665 0.1057442 0.1834410 0.2685166 0.1849708 0.1878477 0.1837837 0.2104522 0.1506232 0.1251477 0.2223716 0.1983326 0.2228633 0.1870841 0.1381759 0.2063418 0.1559253 0.1903715 0.2148795 0.1834035 0.1875190 0.2377305 0.1763949 0.0000000 0.1591829 0.3191176 0.1850875 0.2031947 0.2269264 0.2230255 0.3352712 0.1763754 0.2034089 0.2079229 0.1860105 0.1927301 0.1911890 0.1674125 0.3076336 0.0902688 0.1848698 0.0878579 0.1888365 0.2279647 0.1741977 0.2556452 0.2374865 0.0982913 0.2206408 0.1832296 0.1684704 0.1603968 0.2455659 0.1910662 0.1004442 0.2338701 0.2262887 0.1895001 0.1887381 0.2732199 0.1790015 0.1791206 0.1322588 0.1834902 
Perityle_huecosensis_48                    0.1820471 0.1677817 0.1598150 0.4994570 0.1729314 0.3144849 0.1224916 0.2978539 0.2085203 0.2455653 0.1412739 0.1386444 0.1177267 0.1504525 0.1165618 0.0987238 0.1759883 0.1199624 0.0156692 0.0219269 0.1156877 0.0395204 0.1393655 0.1735971 0.1342039 0.1174023 0.1457388 0.1780423 0.1490516 0.0975625 0.1891010 0.1602976 0.1393889 0.0187557 0.1461349 0.1629375 0.2205373 0.1189259 0.1515392 0.1360441 0.1586402 0.1294643 0.1591828 0.1591829 0.0000000 0.2574501 0.1373586 0.1589454 0.1880722 0.1593714 0.2045473 0.1575397 0.1204950 0.1457051 0.1024008 0.1176829 0.1406778 0.1387843 0.0000010 0.0716737 0.1451465 0.0879581 0.1412884 0.1628133 0.1562606 0.2416100 0.2614409 0.0730945 0.0923931 0.1406406 0.1511745 0.1402392 0.1254001 0.0211129 0.1087005 0.2332873 0.1491208 0.0296098 0.1462864 0.4327559 0.1369132 0.1446256 0.1398690 0.0639684 
