84
Amauria_brandeegeana_62                    0.0000000 0.0644166 0.1306506 0.3304931 0.1178986 0.1499197 0.2110934 0.1598458 0.2627025 0.1134319 0.1172312 0.1219286 0.1185332 0.1073592 0.1448592 0.1209539 0.1240984 0.1409781 0.1315087 0.0990850 0.1039213 0.1183037 0.0954736 0.1228089 0.1149622 0.1185517 0.1377300 0.1808240 0.1902030 0.1215995 0.0872452 0.1436267 0.1754923 0.0120192 0.2018057 0.0047424 0.3525446 0.1915265 0.1437690 0.1656540 0.1185695 0.1177350 0.1993394 0.1178616 0.2193063 0.1999573 0.1012272 0.1163348 0.1099238 0.2055154 0.1118521 0.1101752 0.1139762 0.1267025 0.1057922 0.1710356 0.1638784 0.1072287 0.1265376 0.1203806 0.1620749 0.0674301 0.1882046 0.0904116 0.1214475 0.1820598 0.1363967 0.1342161 0.0761951 0.1125971 0.1213187 0.1084415 0.1204194 0.1218409 0.1121481 0.0824038 0.1430586 0.1955876 0.1229192 0.1215949 0.2672625 0.1185537 0.1131033 0.1018281 
Amauria_carterae_99_mesa                   0.0644166 0.0000000 0.0500969 0.2741123 0.0811656 0.1193519 0.1655737 0.1202153 0.1626664 0.0914776 0.0729662 0.0778417 0.0723497 0.0819942 0.1443161 0.0975814 0.0854753 0.0649504 0.1163341 0.0818572 0.0723195 0.0791870 0.0931319 0.0846795 0.0738341 0.0773036 0.0914539 0.1195865 0.1089725 0.0936378 0.0790340 0.0688361 0.0988747 0.0602259 0.2536663 0.0576752 0.1160687 0.1366418 0.1029118 0.1199191 0.0805104 0.0819382 0.1205159 0.0759422 0.1118974 0.1086869 0.0741866 0.0759422 0.0792318 0.1160183 0.0832521 0.0846435 0.0805840 0.0915272 0.0689488 0.1142317 0.1127840 0.0870233 0.0801368 0.0773389 0.1127864 0.0674631 0.1129981 0.0846329 0.0778247 0.1051991 0.0903182 0.0745231 0.0709979 0.0792281 0.0832054 0.0891726 0.0774292 0.0759422 0.0724585 0.0874757 0.0766286 0.1163143 0.0832169 0.0764773 0.1803411 0.0773813 0.0491527 0.0861194 
Amauria_rotundifolia_SRR9119150            0.1306506 0.0500969 0.0000000 0.2693932 0.1145251 0.1372959 0.2431571 0.1547529 0.3391377 0.1361892 0.1472034 0.1566259 0.1550665 0.1210273 0.1438406 0.1182244 0.1566885 0.0502555 0.1358863 0.0949119 0.1085859 0.1614306 0.0912527 0.1544138 0.1157197 0.1538953 0.1787314 0.1379178 0.1390133 0.1131624 0.0730694 0.0845002 0.1924362 0.1333216 0.1809499 0.1308502 0.2723889 0.2375807 0.1324975 0.1755126 0.1457166 0.1499892 0.1759595 0.1505181 0.2035542 0.1271687 0.1100828 0.1468900 0.1392767 0.1656912 0.1205668 0.1200116 0.1508330 0.1288890 0.1412389 0.1401313 0.1644219 0.1070565 0.1712882 0.1520117 0.1507450 0.0597335 0.1463082 0.0812437 0.1530361 0.1284936 0.1759487 0.1586712 0.0663119 0.1568518 0.1523528 0.1674535 0.1592846 0.1642207 0.1641279 0.0766475 0.1937661 0.1306995 0.1544956 0.1558150 0.2611979 0.1524828 0.1350644 0.0929017 
Conoclinium_coelestinum_SRR9119114         0.3304931 0.2741123 0.2693932 0.0000000 0.2973255 0.2739492 0.4437765 0.3064778 0.4038038 0.3150623 0.3869007 0.3809686 0.3662347 0.3089137 0.3873144 0.3210810 0.3857873 0.3089701 0.3613648 0.2971474 0.2919513 0.3831044 0.2911809 0.3802561 0.2971980 0.3724320 0.4004108 0.4057463 0.3324303 0.2996507 0.2976482 0.3089059 0.3918506 0.3343925 0.6946846 0.3282481 0.4222362 0.4298397 0.3665616 0.4472946 0.3742191 0.3807542 0.3844421 0.3675160 0.4465858 0.3299497 0.3017413 0.3675160 0.3530598 0.4143535 0.3195423 0.3126403 0.3738134 0.3171487 0.2619257 0.3959864 0.3736754 0.3199566 0.3685024 0.3726397 0.3970536 0.2115347 0.3883855 0.3098886 0.3814027 0.3406739 0.4067328 0.3341298 0.2560405 0.3686378 0.3819587 0.3433714 0.3814108 0.3788457 0.3472476 0.2823943 0.4128541 0.3324810 0.3845283 0.3762878 0.4115976 0.3697336 0.3549643 0.2939148 
Eutetras_palmeri_63                        0.1178986 0.0811656 0.1145251 0.2973255 0.0000000 0.0978504 0.1844759 0.1741992 0.2120467 0.1232882 0.0789487 0.0979380 0.0944281 0.0946448 0.1294436 0.1043862 0.0971429 0.1151692 0.1432763 0.0887260 0.0802956 0.0973084 0.0852209 0.0954200 0.1046526 0.0926954 0.1027846 0.1487989 0.1545448 0.1247976 0.0946775 0.1174841 0.1346724 0.1155259 0.1726900 0.1140411 0.2371477 0.1591295 0.1409745 0.1239559 0.0931751 0.0986223 0.1738058 0.0850555 0.1673649 0.1591102 0.0856061 0.0897542 0.0969661 0.1537885 0.0922402 0.1051248 0.0967255 0.1022056 0.0723235 0.1511465 0.1493116 0.1022112 0.1086813 0.0932849 0.1729067 0.0853524 0.1654874 0.0790795 0.0959214 0.1477975 0.1054276 0.0704994 0.0670168 0.0974061 0.0945596 0.1199387 0.0940035 0.0966007 0.0918050 0.0716400 0.0707742 0.1531902 0.0950032 0.0987457 0.2266137 0.0799254 0.0817754 0.0971850 
Eutetras_pringlei_149_quer                 0.1499197 0.1193519 0.1372959 0.2739492 0.0978504 0.0000000 0.1800909 0.1785550 0.2838699 0.1554641 0.1409167 0.1542619 0.1412595 0.1543731 0.1654502 0.1259654 0.1366407 0.1374328 0.1858601 0.1324617 0.1366407 0.1410489 0.1276692 0.1543031 0.1366407 0.1453765 0.1410998 0.1768173 0.1753900 0.1183636 0.1524623 0.1324510 0.1371009 0.1493741 0.6560217 0.1364227 0.1823551 0.1279456 0.1682328 0.1349454 0.1497288 0.1540998 0.2020185 0.1412015 0.1817750 0.1730271 0.1366407 0.1412015 0.1410489 0.1916609 0.1540998 0.1448783 0.1499937 0.1369367 0.1367538 0.1809093 0.1723352 0.1442765 0.1412015 0.1412272 0.1827215 0.1316264 0.1904647 0.1369367 0.1412015 0.1769710 0.1460190 0.1373714 0.1080910 0.1456112 0.1497014 0.1554641 0.1458587 0.1412015 0.1353982 0.1409395 0.1374605 0.1967676 0.1413767 0.1453765 0.1683890 0.1412015 0.1321284 0.1369356 
Eutrochium_fistulosum_SRR9119106           0.2110934 0.1655737 0.2431571 0.4437765 0.1844759 0.1800909 0.0000000 0.2131288 0.2539918 0.1853466 0.1899864 0.1789775 0.1847188 0.1832294 0.2501905 0.1982825 0.1814648 0.1926861 0.2366183 0.1602687 0.1756702 0.1875996 0.1355989 0.1833197 0.1910294 0.1834988 0.2073716 0.2771173 0.3022200 0.1941387 0.1282181 0.2452288 0.2130786 0.2097953 0.2425036 0.2071633 0.5294050 0.2198746 0.2274653 0.2279534 0.1817048 0.1838981 0.3007483 0.1832103 0.3297772 0.3003083 0.1722753 0.1826176 0.1842095 0.3090348 0.1808520 0.1797442 0.1801901 0.2009105 0.2190166 0.2801637 0.2382334 0.1856310 0.1825042 0.1859458 0.2518888 0.1023205 0.2791511 0.1532724 0.1798302 0.2919248 0.2046438 0.1616162 0.0953402 0.1782960 0.1839948 0.2025885 0.1817424 0.1771128 0.1902669 0.1317953 0.1688518 0.3023939 0.1845196 0.1791122 0.2733307 0.1877970 0.1731280 0.1392388 
Galeana_pratensis_104_mex                  0.1598458 0.1202153 0.1547529 0.3064778 0.1741992 0.1785550 0.2131288 0.0000000 0.1982273 0.1747965 0.1602073 0.1646441 0.1594484 0.1675198 0.2191078 0.1779003 0.1773048 0.1105319 0.2262998 0.1658306 0.1593480 0.1655888 0.1266141 0.1656974 0.1611942 0.1664630 0.1782543 0.2637459 0.2530546 0.1281668 0.1314414 0.1690563 0.1616571 0.1523588 0.3569469 0.1507860 0.2647743 0.1719647 0.2461879 0.1805268 0.1655887 0.1705535 0.2657100 0.1634854 0.2543003 0.2404932 0.1618894 0.1633812 0.1639750 0.2600797 0.1690797 0.1461575 0.1689946 0.1783294 0.1409387 0.2575941 0.2257910 0.1498126 0.1649995 0.1666658 0.2493073 0.0956133 0.2496376 0.1351907 0.1599094 0.2522227 0.1820132 0.1441495 0.0952365 0.1582974 0.1687249 0.1457634 0.1651235 0.1483543 0.1333185 0.1196656 0.1464244 0.2673725 0.1674490 0.1628917 0.2507292 0.1636198 0.1241985 0.1558639 
Helianthus_annuus_SRR9119062               0.2627025 0.1626664 0.3391377 0.4038038 0.2120467 0.2838699 0.2539918 0.1982273 0.0000000 0.2461103 0.2597293 0.2387853 0.2408821 0.2492009 0.2603919 0.2714344 0.2391775 0.2898184 0.2359283 0.1878582 0.2400212 0.2431184 0.1601719 0.2399333 0.2158143 0.2392481 0.2472426 0.3443005 0.3775942 0.1702907 0.1890114 0.3169317 0.2509030 0.2741358 0.3575939 0.2589232 0.5420263 0.2444024 0.2495705 0.3038132 0.2415655 0.2417061 0.3472667 0.2409488 0.3806536 0.3878187 0.2471557 0.2409488 0.2402123 0.3562004 0.2502985 0.2253650 0.2434769 0.2308723 0.3103473 0.3259314 0.2406356 0.1944780 0.2427181 0.2449653 0.2692948 0.1700082 0.3283659 0.1700879 0.2395205 0.3658764 0.2458522 0.2679000 0.1608801 0.2445203 0.2431601 0.2852163 0.2428259 0.2392323 0.2567372 0.1601894 0.2728487 0.3771837 0.2419160 0.2373342 0.3077233 0.2432436 0.2143736 0.1534385 
Lycapsus_tenuifolius_17                    0.1134319 0.0914776 0.1361892 0.3150623 0.1232882 0.1554641 0.1853466 0.1747965 0.2461103 0.0000000 0.1253513 0.1344813 0.1246066 0.1297755 0.1711689 0.1432222 0.1322544 0.1383844 0.1736328 0.1304495 0.1214357 0.1350028 0.1034628 0.1339872 0.1416313 0.1308355 0.1519949 0.2013559 0.1960848 0.0134513 0.0273223 0.1388386 0.1364174 0.1105349 0.2265680 0.1076464 0.2932031 0.1840225 0.1757480 0.1624711 0.1316069 0.1298487 0.2261919 0.1254847 0.2083770 0.2050150 0.1266410 0.1279167 0.1319941 0.1997144 0.1296017 0.1423538 0.1320026 0.1535507 0.1196803 0.2003178 0.1782675 0.1398970 0.1263375 0.1308884 0.1899291 0.0635006 0.1996281 0.1065691 0.1340009 0.1915490 0.1531334 0.1085701 0.0849903 0.1307270 0.1330073 0.0087100 0.1300287 0.1324953 0.1319514 0.1043697 0.1087442 0.2024829 0.1303906 0.1334840 0.2805954 0.1207527 0.1019606 0.1242503 
Pericome_caudata_50_silver                 0.1172312 0.0729662 0.1472034 0.3869007 0.0789487 0.1409167 0.1899864 0.1602073 0.2597293 0.1253513 0.0000000 0.0775215 0.0709161 0.0691758 0.1159930 0.0817463 0.0787947 0.1329423 0.1118126 0.0590485 0.0655041 0.0785540 0.0696758 0.0786206 0.0722889 0.0732831 0.0968309 0.1445131 0.1833916 0.1188508 0.1052687 0.1649746 0.1448160 0.1144924 0.1454238 0.1146578 0.3800434 0.1557367 0.1110579 0.1336081 0.0772186 0.0742623 0.1672766 0.0699983 0.2104188 0.2114686 0.0641575 0.0712284 0.0732736 0.1606873 0.0678849 0.0748768 0.0717718 0.0923318 0.0795515 0.1428947 0.1319018 0.0741562 0.0866210 0.0762322 0.1390659 0.0749692 0.1617620 0.0690657 0.0770817 0.1693633 0.0932953 0.0390451 0.0557255 0.0718878 0.0794211 0.1775244 0.0780677 0.0830735 0.0820998 0.0658461 0.0511225 0.2064752 0.0752481 0.0723838 0.2474616 0.0700196 0.1182549 0.0697886 
Perityle_aglossa_84_dead_horse             0.1219286 0.0778417 0.1566259 0.3809686 0.0979380 0.1542619 0.1789775 0.1646441 0.2387853 0.1344813 0.0775215 0.0000000 0.0295063 0.0298455 0.0972581 0.0874246 0.0295840 0.1279905 0.1155762 0.0226728 0.0273291 0.0305095 0.0303037 0.0350717 0.0366472 0.0322191 0.0923341 0.1581976 0.1944715 0.1292379 0.0952287 0.1665005 0.1471364 0.1194197 0.1243571 0.1202316 0.3757889 0.1094858 0.1269346 0.1327507 0.0331404 0.0319429 0.1762440 0.0284834 0.2197756 0.1997151 0.0220380 0.0274906 0.0280256 0.1735274 0.0340249 0.0285564 0.0304787 0.0914237 0.0254912 0.1577391 0.1347978 0.0782137 0.0413462 0.0315590 0.1521654 0.0673842 0.1688511 0.0595349 0.0044751 0.1828808 0.0877519 0.0736969 0.0139218 0.0246946 0.0333962 0.1509467 0.0333410 0.0323113 0.0347895 0.0228621 0.0894215 0.2024243 0.0360613 0.0029158 0.2479546 0.0259979 0.1102818 0.0719551 
Perityle_ajoensis_204                      0.1185332 0.0723497 0.1550665 0.3662347 0.0944281 0.1412595 0.1847188 0.1594484 0.2408821 0.1246066 0.0709161 0.0295063 0.0000000 0.0211565 0.0933318 0.0856796 0.0255205 0.1235843 0.1089242 0.0205778 0.0177134 0.0289285 0.0289247 0.0255036 0.0342709 0.0235080 0.0909127 0.1684741 0.1952297 0.1202253 0.0920997 0.1632618 0.1488693 0.1161658 0.1275025 0.1163462 0.3665620 0.0918623 0.1223725 0.1415752 0.0238466 0.0227159 0.1679204 0.0178348 0.2108687 0.2024947 0.0198780 0.0192049 0.0246661 0.1766529 0.0215485 0.0298583 0.0215308 0.0929000 0.0121560 0.1550202 0.1319769 0.0768817 0.0223469 0.0255179 0.1432509 0.0596339 0.1607900 0.0582109 0.0295163 0.1865559 0.0889531 0.0692314 0.0092583 0.0215974 0.0249126 0.1360523 0.0269222 0.0243489 0.0275977 0.0201457 0.0805632 0.1994470 0.0343620 0.0290740 0.2437367 0.0191045 0.1018549 0.0703576 
Perityle_ambrosiifolia_67_green            0.1073592 0.0819942 0.1210273 0.3089137 0.0946448 0.1543731 0.1832294 0.1675198 0.2492009 0.1297755 0.0691758 0.0298455 0.0211565 0.0000000 0.0987027 0.0878989 0.0248759 0.1332349 0.1164334 0.0188645 0.0212682 0.0243442 0.0345826 0.0089323 0.0349330 0.0209555 0.0906369 0.1517166 0.1551625 0.1240999 0.1021360 0.1187946 0.1388724 0.1075838 0.1259082 0.1077844 0.2987399 0.1026721 0.1201284 0.1119643 0.0066045 0.0055048 0.1779778 0.0174084 0.1789116 0.1548294 0.0189799 0.0174686 0.0224469 0.1680586 0.0065314 0.0326170 0.0053525 0.0930686 0.0149573 0.1575895 0.1375987 0.0848972 0.0280314 0.0212516 0.1509566 0.0712385 0.1593708 0.0646806 0.0298566 0.1505797 0.0878009 0.0696991 0.0186508 0.0222932 0.0083292 0.1296843 0.0234555 0.0225954 0.0324480 0.0228820 0.0674822 0.1551468 0.0304078 0.0295495 0.2488700 0.0174992 0.0794309 0.0750615 
Perityle_angustifolia_13_Eagle_creek       0.1448592 0.1443161 0.1438406 0.3873144 0.1294436 0.1654502 0.2501905 0.2191078 0.2603919 0.1711689 0.1159930 0.0972581 0.0933318 0.0987027 0.0000000 0.1382915 0.1046551 0.1612732 0.1577514 0.1003794 0.0990302 0.0931493 0.1205243 0.0986686 0.1041104 0.0956423 0.1451213 0.1757749 0.1641005 0.1493754 0.1768561 0.1461823 0.1897917 0.1430844 0.2652738 0.1391018 0.2447184 0.2095474 0.1674795 0.1765295 0.0971583 0.1013305 0.1800386 0.0932239 0.1697961 0.1676108 0.0911215 0.0932239 0.0958201 0.1750626 0.1011859 0.1092757 0.1000821 0.1451727 0.1483543 0.1750504 0.1742418 0.1365947 0.0958688 0.0945404 0.1768172 0.1514375 0.1756775 0.1222416 0.0972796 0.1596874 0.1455718 0.1391105 0.0916573 0.0945533 0.0984858 0.1677760 0.0957665 0.1025971 0.1175689 0.1093009 0.1395387 0.1700843 0.1063712 0.0946140 0.2411866 0.0959463 0.1345108 0.1415525 
Perityle_batopilensis_97                   0.1209539 0.0975814 0.1182244 0.3210810 0.1043862 0.1259654 0.1982825 0.1779003 0.2714344 0.1432222 0.0817463 0.0874246 0.0856796 0.0878989 0.1382915 0.0000000 0.0899213 0.1263445 0.1152701 0.0819332 0.0823917 0.0934867 0.0813825 0.0864763 0.0928010 0.0869477 0.1041757 0.1249550 0.1384543 0.1447631 0.1042489 0.1204620 0.1504477 0.1196801 0.1511025 0.1190259 0.2582923 0.1617980 0.1241719 0.0292264 0.0833507 0.0882727 0.1678485 0.0797789 0.1566528 0.1443654 0.0817360 0.0800150 0.0924927 0.1406577 0.0870322 0.0972650 0.0889864 0.1015992 0.1054816 0.1366841 0.1404851 0.0883455 0.1032491 0.0831781 0.1490426 0.0605000 0.1486439 0.0786681 0.0861721 0.1309391 0.1040374 0.0888412 0.0614224 0.0938578 0.0851434 0.1454940 0.0882096 0.0913170 0.0958542 0.0785656 0.0873773 0.1311664 0.0877215 0.0913152 0.2660098 0.0756280 0.0968143 0.0460710 
Perityle_bisetosa_9                        0.1240984 0.0854753 0.1566885 0.3857873 0.0971429 0.1366407 0.1814648 0.1773048 0.2391775 0.1322544 0.0787947 0.0295840 0.0255205 0.0248759 0.1046551 0.0899213 0.0000000 0.1309294 0.1230135 0.0263807 0.0208720 0.0281026 0.0135802 0.0287259 0.0340712 0.0303339 0.1020574 0.1618698 0.1921210 0.1316234 0.0972865 0.1722409 0.1511175 0.1217597 0.1140998 0.1225648 0.3995137 0.1001457 0.1252350 0.1370908 0.0279472 0.0263029 0.1797133 0.0231053 0.2221084 0.2345314 0.0226982 0.0243250 0.0254587 0.1736210 0.0258527 0.0346892 0.0245754 0.0912764 0.0234042 0.1560257 0.1457850 0.0866118 0.0400307 0.0296978 0.1534326 0.0596151 0.1681668 0.0692050 0.0277733 0.1781371 0.0863410 0.0697233 0.0154989 0.0196348 0.0274256 0.1814490 0.0287781 0.0305431 0.0392622 0.0342105 0.0863817 0.2153551 0.0334958 0.0271877 0.2477791 0.0215376 0.1182874 0.0732110 
Perityle_californica_76_positas            0.1409781 0.0649504 0.0502555 0.3089701 0.1151692 0.1374328 0.1926861 0.1105319 0.2898184 0.1383844 0.1329423 0.1279905 0.1235843 0.1332349 0.1612732 0.1263445 0.1309294 0.0000000 0.1416551 0.0892494 0.1171561 0.1291175 0.0697076 0.1343490 0.1111076 0.1269601 0.1314051 0.1509132 0.1606816 0.0933679 0.0790582 0.0328708 0.1664123 0.1402580 0.2350190 0.1358487 0.2652483 0.1351708 0.1552410 0.1366728 0.1284242 0.1313329 0.1823255 0.1283795 0.1823744 0.1647773 0.1220610 0.1244688 0.1315990 0.1845358 0.1360457 0.1246436 0.1299063 0.1239929 0.1551566 0.1555428 0.1622940 0.0947549 0.1307106 0.1269676 0.1567802 0.0597873 0.1514268 0.0755204 0.1210466 0.1513166 0.1328836 0.1506564 0.0640406 0.1274983 0.1318595 0.1550668 0.1283728 0.1257744 0.1348580 0.0737662 0.1426863 0.1581265 0.1367173 0.1265868 0.2521530 0.1318367 0.0923579 0.0665000 
Perityle_canescens_77                      0.1315087 0.1163341 0.1358863 0.3613648 0.1432763 0.1858601 0.2366183 0.2262998 0.2359283 0.1736328 0.1118126 0.1155762 0.1089242 0.1164334 0.1577514 0.1152701 0.1230135 0.1416551 0.0000000 0.1133929 0.1146952 0.1145976 0.1196094 0.1194397 0.1195349 0.1119857 0.1280770 0.0531280 0.0454862 0.1449561 0.1889765 0.1297929 0.1981416 0.1301849 0.1997253 0.1291808 0.0390612 0.2297263 0.0582995 0.1487622 0.1160761 0.1205096 0.0455715 0.1120336 0.0400226 0.0592448 0.1088456 0.1099229 0.1167189 0.0427965 0.1184342 0.1191203 0.1177811 0.1281045 0.1629332 0.0500809 0.0516812 0.1221748 0.1141521 0.1131124 0.0555677 0.0567465 0.0538451 0.1238861 0.1158307 0.0423595 0.1337732 0.1356714 0.0913692 0.1142455 0.1181147 0.1717600 0.1120818 0.1131332 0.1275364 0.1203703 0.1377224 0.0255480 0.1177636 0.1155446 0.2153244 0.1121594 0.1203530 0.0993949 
Perityle_castillonii_96                    0.0990850 0.0818572 0.0949119 0.2971474 0.0887260 0.1324617 0.1602687 0.1658306 0.1878582 0.1304495 0.0590485 0.0226728 0.0205778 0.0188645 0.1003794 0.0819332 0.0263807 0.0892494 0.1133929 0.0000000 0.0183078 0.0150697 0.0345362 0.0198594 0.0276539 0.0208959 0.0838465 0.1300321 0.1281410 0.1274964 0.0993114 0.0942582 0.1424402 0.0973900 0.1245240 0.0974410 0.1973165 0.1148787 0.1278792 0.1027094 0.0163743 0.0188537 0.1486168 0.0173339 0.1277049 0.1348055 0.0152102 0.0166619 0.0164569 0.1293795 0.0177710 0.0225903 0.0171312 0.0854885 0.0224375 0.1338761 0.1342022 0.0830631 0.0183332 0.0201719 0.1383540 0.0674990 0.1282300 0.0620802 0.0206157 0.1249211 0.0871521 0.0637538 0.0170578 0.0205703 0.0191352 0.1301004 0.0208771 0.0210513 0.0351296 0.0269748 0.0577300 0.1292164 0.0234383 0.0221287 0.2550210 0.0163986 0.0727284 0.0711291 
Perityle_cernua_84                         0.1039213 0.0723195 0.1085859 0.2919513 0.0802956 0.1366407 0.1756702 0.1593480 0.2400212 0.1214357 0.0655041 0.0273291 0.0177134 0.0212682 0.0990302 0.0823917 0.0208720 0.1171561 0.1146952 0.0183078 0.0000000 0.0250292 0.0288916 0.0245197 0.0131536 0.0178455 0.0757298 0.1531739 0.1568386 0.1064537 0.0889556 0.1116507 0.1303075 0.1034481 0.1165769 0.1028583 0.2813219 0.0839251 0.1236323 0.1057287 0.0210415 0.0217433 0.1652278 0.0178473 0.1720390 0.1576189 0.0121493 0.0167109 0.0228551 0.1659566 0.0217008 0.0241964 0.0204093 0.0781887 0.0139483 0.1566571 0.1292199 0.0758650 0.0192306 0.0209327 0.1502716 0.0556937 0.1560702 0.0543838 0.0273405 0.1519096 0.0750093 0.0633743 0.0092583 0.0184730 0.0237898 0.1270301 0.0199129 0.0193696 0.0279287 0.0201472 0.0602707 0.1551623 0.0286889 0.0273238 0.2442473 0.0185541 0.0651598 0.0618290 
Perityle_cfvillosa_25_tin                  0.1183037 0.0791870 0.1614306 0.3831044 0.0973084 0.1410489 0.1875996 0.1655888 0.2431184 0.1350028 0.0785540 0.0305095 0.0289285 0.0243442 0.0931493 0.0934867 0.0281026 0.1291175 0.1145976 0.0150697 0.0250292 0.0000000 0.0303411 0.0248572 0.0349249 0.0271860 0.0961534 0.1689431 0.1973168 0.1269309 0.0987106 0.1614858 0.1616624 0.1171295 0.1294957 0.1177175 0.3665173 0.1064899 0.1287318 0.1418436 0.0241777 0.0236046 0.1792628 0.0241285 0.2146339 0.2106887 0.0222970 0.0231683 0.0039291 0.1807453 0.0228491 0.0286235 0.0221721 0.0950553 0.0145874 0.1581308 0.1348700 0.0819710 0.0352612 0.0231738 0.1454166 0.0595430 0.1663872 0.0607995 0.0299955 0.1867063 0.0929839 0.0766053 0.0139408 0.0203239 0.0242821 0.1504442 0.0293402 0.0249846 0.0306603 0.0228770 0.0904687 0.2036069 0.0308000 0.0299604 0.2508052 0.0241504 0.1089031 0.0807038 
Perityle_cinerea_113_Powell1310            0.0954736 0.0931319 0.0912527 0.2911809 0.0852209 0.1276692 0.1355989 0.1266141 0.1601719 0.1034628 0.0696758 0.0303037 0.0289247 0.0345826 0.1205243 0.0813825 0.0135802 0.0697076 0.1196094 0.0345362 0.0288916 0.0303411 0.0000000 0.0359898 0.0275822 0.0297981 0.0829950 0.1183220 0.1094332 0.0975242 0.0794650 0.0930621 0.1069795 0.0921902 0.1685492 0.0938924 0.1451666 0.0350555 0.1195499 0.0860068 0.0317309 0.0331330 0.1157458 0.0283682 0.1078800 0.1187129 0.0319320 0.0283682 0.0331695 0.1123906 0.0345521 0.0388183 0.0346062 0.0830269 0.0388264 0.1119564 0.1049718 0.0840585 0.0312439 0.0283682 0.1183628 0.0556937 0.1059955 0.0699228 0.0303110 0.1054203 0.0832605 0.0521825 0.0158457 0.0260996 0.0345318 0.1009408 0.0312787 0.0283682 0.0393238 0.0239736 0.0505201 0.1197198 0.0431143 0.0275018 0.1705959 0.0298294 0.0716359 0.0629172 
Perityle_coahuilensis_24                   0.1228089 0.0846795 0.1544138 0.3802561 0.0954200 0.1543031 0.1833197 0.1656974 0.2399333 0.1339872 0.0786206 0.0350717 0.0255036 0.0089323 0.0986686 0.0864763 0.0287259 0.1343490 0.1194397 0.0198594 0.0245197 0.0248572 0.0359898 0.0000000 0.0365250 0.0252961 0.0920623 0.1492722 0.1941377 0.1319489 0.1037653 0.1660220 0.1452793 0.1203993 0.1251927 0.1219411 0.3869960 0.1074586 0.1247405 0.1321177 0.0056441 0.0078977 0.1777234 0.0224728 0.2220507 0.1924388 0.0213630 0.0225639 0.0232779 0.1748525 0.0072355 0.0321495 0.0069300 0.0897757 0.0159135 0.1582732 0.1405475 0.0858857 0.0385468 0.0260585 0.1535769 0.0751410 0.1687459 0.0673501 0.0329998 0.1816425 0.0882971 0.0735960 0.0202200 0.0240245 0.0025725 0.1568935 0.0295113 0.0275957 0.0331825 0.0270086 0.0914628 0.2034508 0.0332082 0.0341481 0.2558001 0.0230845 0.1113595 0.0775197 
Perityle_cochisensis_44_cave_creek         0.1149622 0.0738341 0.1157197 0.2971980 0.1046526 0.1366407 0.1910294 0.1611942 0.2158143 0.1416313 0.0722889 0.0366472 0.0342709 0.0349330 0.1041104 0.0928010 0.0340712 0.1111076 0.1195349 0.0276539 0.0131536 0.0349249 0.0275822 0.0365250 0.0000000 0.0324644 0.0860346 0.1418669 0.1465347 0.1210470 0.0923754 0.1179189 0.1542454 0.1108166 0.1160761 0.1109975 0.2468409 0.1183119 0.1275906 0.1122653 0.0331874 0.0345946 0.1736315 0.0279086 0.1626101 0.1549502 0.0287093 0.0263199 0.0335640 0.1465885 0.0346443 0.0398815 0.0326674 0.0866395 0.0156947 0.1465668 0.1308950 0.0764859 0.0444862 0.0299626 0.1503093 0.0556937 0.1522706 0.0557886 0.0354883 0.1390413 0.0846132 0.0631752 0.0092742 0.0313441 0.0358720 0.1360893 0.0341146 0.0327807 0.0446774 0.0229277 0.0648301 0.1434720 0.0354117 0.0361547 0.2401714 0.0271835 0.0719792 0.0686164 
Perityle_congesta_202                      0.1185517 0.0773036 0.1538953 0.3724320 0.0926954 0.1453765 0.1834988 0.1664630 0.2392481 0.1308355 0.0732831 0.0322191 0.0235080 0.0209555 0.0956423 0.0869477 0.0303339 0.1269601 0.1119857 0.0208959 0.0178455 0.0271860 0.0297981 0.0252961 0.0324644 0.0000000 0.0895728 0.1607813 0.1906149 0.1213824 0.0972206 0.1602633 0.1477933 0.1165701 0.1221026 0.1164847 0.3789810 0.1008822 0.1226156 0.1338939 0.0239577 0.0219950 0.1729484 0.0118617 0.2143988 0.1984507 0.0198343 0.0109305 0.0238125 0.1721470 0.0225181 0.0282941 0.0220809 0.0888227 0.0162816 0.1519427 0.1330505 0.0745568 0.0286221 0.0157294 0.1486178 0.0557183 0.1626991 0.0608469 0.0317555 0.1781938 0.0874849 0.0747197 0.0144715 0.0231278 0.0247875 0.1475012 0.0088965 0.0075925 0.0329324 0.0146932 0.0879893 0.1908479 0.0336706 0.0306199 0.2390187 0.0150843 0.1115100 0.0702236 
Perityle_cordifolia_27                     0.1377300 0.0914539 0.1787314 0.4004108 0.1027846 0.1410998 0.2073716 0.1782543 0.2472426 0.1519949 0.0968309 0.0923341 0.0909127 0.0906369 0.1451213 0.1041757 0.1020574 0.1314051 0.1280770 0.0838465 0.0757298 0.0961534 0.0829950 0.0920623 0.0860346 0.0895728 0.0000000 0.1677895 0.2027239 0.1453858 0.1144552 0.1932287 0.1604556 0.1370306 0.1704702 0.1360644 0.3804620 0.1399872 0.1343617 0.1560011 0.0906460 0.0925421 0.1850409 0.0816474 0.2251783 0.2545759 0.0824923 0.0872918 0.0949696 0.1791718 0.0917153 0.0977269 0.0904123 0.0048609 0.0763216 0.1552087 0.1413087 0.0253535 0.1025245 0.0901243 0.1580891 0.0828623 0.1678635 0.0058863 0.1007303 0.1878491 0.0147209 0.0860700 0.0706416 0.0895105 0.1138435 0.1971026 0.0893057 0.1001288 0.0956541 0.0699587 0.1034578 0.2209561 0.0918645 0.0930938 0.2409430 0.0847204 0.1211537 0.0677694 
Perityle_cordifolia_68_tecolote            0.1808240 0.1195865 0.1379178 0.4057463 0.1487989 0.1768173 0.2771173 0.2637459 0.3443005 0.2013559 0.1445131 0.1581976 0.1684741 0.1517166 0.1757749 0.1249550 0.1618698 0.1509132 0.0531280 0.1300321 0.1531739 0.1689431 0.1183220 0.1492722 0.1418669 0.1607813 0.1677895 0.0000000 0.0543398 0.1523028 0.1900118 0.1327096 0.2200362 0.1861123 0.1671115 0.1839853 0.1057825 0.2945389 0.0550291 0.1725112 0.1467024 0.1625402 0.0674498 0.1581571 0.0833193 0.0634753 0.1442492 0.1477737 0.1654954 0.0688829 0.1517821 0.1700450 0.1634288 0.1348940 0.2733351 0.0461346 0.0118694 0.1508333 0.1861066 0.1539959 0.0534276 0.0403300 0.0456451 0.1304146 0.1597532 0.0499639 0.1680648 0.1819384 0.0921428 0.1791487 0.1491570 0.2267218 0.1648611 0.1811904 0.2203412 0.1160640 0.1889683 0.0521439 0.1637486 0.1671221 0.2748608 0.1567846 0.1940245 0.0958791 
Perityle_coronopifolia_28_patagonia        0.1902030 0.1089725 0.1390133 0.3324303 0.1545448 0.1753900 0.3022200 0.2530546 0.3775942 0.1960848 0.1833916 0.1944715 0.1952297 0.1551625 0.1641005 0.1384543 0.1921210 0.1606816 0.0454862 0.1281410 0.1568386 0.1973168 0.1094332 0.1941377 0.1465347 0.1906149 0.2027239 0.0543398 0.0000000 0.1418225 0.1762980 0.1387832 0.2568146 0.1952127 0.1678087 0.1930295 0.1328115 0.3092702 0.0558039 0.2104377 0.1885084 0.1942204 0.0643073 0.1850316 0.1026961 0.0547281 0.1476402 0.1825721 0.1777973 0.0765384 0.1602024 0.1702238 0.1930217 0.1551894 0.2741957 0.0389977 0.0430717 0.1493109 0.2141356 0.1873907 0.0448090 0.0333875 0.0477545 0.1194770 0.1924993 0.0212950 0.2052499 0.1999177 0.0806158 0.2062092 0.1915053 0.2362461 0.1907100 0.2103893 0.2308730 0.1008577 0.2260905 0.0419483 0.1901690 0.1935535 0.2530919 0.1856035 0.2041716 0.0981091 
Perityle_crassifolia_70_ventanas           0.1215995 0.0936378 0.1131624 0.2996507 0.1247976 0.1183636 0.1941387 0.1281668 0.1702907 0.0134513 0.1188508 0.1292379 0.1202253 0.1240999 0.1493754 0.1447631 0.1316234 0.0933679 0.1449561 0.1274964 0.1064537 0.1269309 0.0975242 0.1319489 0.1210470 0.1213824 0.1453858 0.1523028 0.1418225 0.0000000 0.0303107 0.1249018 0.1308435 0.1158870 0.2457114 0.1148532 0.1231744 0.1759558 0.1549625 0.1673416 0.1283505 0.1280981 0.1783211 0.1146254 0.1412379 0.1602634 0.1198125 0.1216527 0.1280801 0.1446011 0.1264257 0.1296422 0.1289947 0.1452185 0.0966289 0.1499686 0.1338007 0.1294899 0.1181373 0.1238818 0.1413325 0.0635006 0.1508405 0.1006032 0.1283993 0.1354045 0.1481134 0.0771326 0.0837294 0.1255042 0.1305114 0.0030131 0.1214910 0.1261570 0.1158313 0.1036813 0.0792161 0.1491221 0.1270580 0.1286399 0.2064825 0.1093445 0.0694253 0.1225737 
Perityle_crassifolia_74_playa_balandra     0.0872452 0.0790340 0.0730694 0.2976482 0.0946775 0.1524623 0.1282181 0.1314414 0.1890114 0.0273223 0.1052687 0.0952287 0.0920997 0.1021360 0.1768561 0.1042489 0.0972865 0.0790582 0.1889765 0.0993114 0.0889556 0.0987106 0.0794650 0.1037653 0.0923754 0.0972206 0.1144552 0.1900118 0.1762980 0.0303107 0.0000000 0.0903866 0.0812895 0.0855998 0.2696045 0.0840675 0.2421651 0.0907000 0.1839072 0.1058697 0.0987380 0.1003594 0.1985961 0.0956364 0.1938228 0.1892573 0.0929141 0.0956364 0.0987770 0.1985117 0.1003594 0.1052779 0.1004417 0.1145044 0.0805028 0.1859743 0.1876298 0.1134033 0.0972764 0.0973034 0.1731241 0.0683608 0.1831653 0.1048435 0.0937604 0.1723848 0.1169327 0.0822778 0.0787941 0.1005589 0.1019657 0.0258658 0.0955867 0.0956364 0.0854611 0.1018828 0.0843187 0.2045289 0.0985942 0.0936588 0.2220059 0.0973349 0.0665406 0.0869653 
Perityle_cuneata_34_cuneata_San_antonio    0.1436267 0.0688361 0.0845002 0.3089059 0.1174841 0.1324510 0.2452288 0.1690563 0.3169317 0.1388386 0.1649746 0.1665005 0.1632618 0.1187946 0.1461823 0.1204620 0.1722409 0.0328708 0.1297929 0.0942582 0.1116507 0.1614858 0.0930621 0.1660220 0.1179189 0.1602633 0.1932287 0.1327096 0.1387832 0.1249018 0.0903866 0.0000000 0.2143130 0.1472869 0.1857718 0.1432060 0.2520393 0.2562247 0.1234290 0.1753039 0.1513461 0.1560803 0.1619412 0.1626233 0.1916569 0.1598595 0.1122123 0.1627494 0.1376631 0.1557726 0.1230283 0.1237515 0.1525796 0.1300164 0.1457527 0.1329991 0.1447638 0.1116378 0.1717622 0.1615102 0.1348209 0.0556902 0.1259394 0.0871905 0.1676487 0.1290989 0.1841014 0.1600785 0.0700061 0.1602907 0.1690390 0.1870701 0.1696115 0.1811913 0.1718658 0.0799429 0.2154522 0.1494396 0.1574867 0.1597223 0.2589198 0.1626957 0.1385243 0.0957825 
Perityle_cuneata_4                         0.1754923 0.0988747 0.1924362 0.3918506 0.1346724 0.1371009 0.2130786 0.1616571 0.2509030 0.1364174 0.1448160 0.1471364 0.1488693 0.1388724 0.1897917 0.1504477 0.1511175 0.1664123 0.1981416 0.1424402 0.1303075 0.1616624 0.1069795 0.1452793 0.1542454 0.1477933 0.1604556 0.2200362 0.2568146 0.1308435 0.0812895 0.2143130 0.0000000 0.1777585 0.2023458 0.1773744 0.4399917 0.2027355 0.1857720 0.1981560 0.1437412 0.1408330 0.2420205 0.1391723 0.2903194 0.2760675 0.1434886 0.1422435 0.1551511 0.2303381 0.1400634 0.1597350 0.1484654 0.1507669 0.1332099 0.2150230 0.1872492 0.1427928 0.1659964 0.1493436 0.2156061 0.0717984 0.2314608 0.1032384 0.1480220 0.2446011 0.1550155 0.1183537 0.0899579 0.1576879 0.1453618 0.1658595 0.1506653 0.1589546 0.1584635 0.0978578 0.1334433 0.2761686 0.1532703 0.1453054 0.2736996 0.1344156 0.1319062 0.1342085 
Perityle_discoidea_81                      0.0120192 0.0602259 0.1333216 0.3343925 0.1155259 0.1493741 0.2097953 0.1523588 0.2741358 0.1105349 0.1144924 0.1194197 0.1161658 0.1075838 0.1430844 0.1196801 0.1217597 0.1402580 0.1301849 0.0973900 0.1034481 0.1171295 0.0921902 0.1203993 0.1108166 0.1165701 0.1370306 0.1861123 0.1952127 0.1158870 0.0855998 0.1472869 0.1777585 0.0000000 0.2164429 0.0095953 0.3511707 0.1881600 0.1445207 0.1662941 0.1163710 0.1168671 0.2048955 0.1164474 0.2127810 0.2016933 0.0977681 0.1142081 0.1105489 0.2117222 0.1098370 0.1072286 0.1121678 0.1256678 0.1050281 0.1784133 0.1605932 0.1038771 0.1144828 0.1178365 0.1634962 0.0670441 0.1897893 0.0901311 0.1189033 0.1884209 0.1356006 0.1366139 0.0726105 0.1099643 0.1188150 0.1051895 0.1193080 0.1194067 0.1097011 0.0807440 0.1452166 0.1995650 0.1212358 0.1202116 0.2668470 0.1179608 0.1125012 0.0940178 
Perityle_dissecta_201                      0.2018057 0.2536663 0.1809499 0.6946846 0.1726900 0.6560217 0.2425036 0.3569469 0.3575939 0.2265680 0.1454238 0.1243571 0.1275025 0.1259082 0.2652738 0.1511025 0.1140998 0.2350190 0.1997253 0.1245240 0.1165769 0.1294957 0.1685492 0.1251927 0.1160761 0.1221026 0.1704702 0.1671115 0.1678087 0.2457114 0.2696045 0.1857718 0.2023458 0.2164429 0.0000000 0.2156774 0.6902189 0.2148733 0.1724432 0.1546326 0.1216264 0.1240469 0.1828502 0.1184396 0.2005728 0.1828547 0.1089153 0.1171990 0.1262813 0.1756627 0.1204156 0.1593297 0.1213071 0.1741577 0.5657925 0.1699224 0.2312073 0.2045996 0.1573980 0.1230298 0.2018415 0.6235160 0.1783367 0.2065160 0.1230815 0.1601580 0.1758900 0.1694015 0.1492294 0.1446238 0.1239707 0.2473002 0.1268401 0.1525493 0.2114269 0.1851671 0.1645519 0.1685967 0.1237953 0.1241763 0.3554712 0.1172263 0.2471203 0.1385102 
Perityle_emoryi_47_punta_san_jose          0.0047424 0.0576752 0.1308502 0.3282481 0.1140411 0.1364227 0.2071633 0.1507860 0.2589232 0.1076464 0.1146578 0.1202316 0.1163462 0.1077844 0.1391018 0.1190259 0.1225648 0.1358487 0.1291808 0.0974410 0.1028583 0.1177175 0.0938924 0.1219411 0.1109975 0.1164847 0.1360644 0.1839853 0.1930295 0.1148532 0.0840675 0.1432060 0.1773744 0.0095953 0.2156774 0.0000000 0.3490621 0.1889710 0.1422734 0.1659248 0.1172490 0.1162769 0.2018300 0.1158339 0.2095877 0.2050648 0.0980046 0.1151357 0.1100109 0.2085282 0.1100209 0.1084273 0.1123339 0.1241909 0.1008694 0.1754368 0.1592987 0.1029762 0.1139015 0.1179521 0.1610243 0.0555607 0.1840853 0.0875913 0.1197213 0.1862978 0.1346446 0.1318965 0.0726863 0.1110061 0.1203676 0.1022460 0.1187732 0.1212175 0.1091381 0.0808703 0.1414548 0.2011962 0.1225564 0.1196097 0.2624938 0.1173101 0.1055301 0.0951882 
Perityle_feddemae_99                       0.3525446 0.1160687 0.2723889 0.4222362 0.2371477 0.1823551 0.5294050 0.2647743 0.5420263 0.2932031 0.3800434 0.3757889 0.3665620 0.2987399 0.2447184 0.2582923 0.3995137 0.2652483 0.0390612 0.1973165 0.2813219 0.3665173 0.1451666 0.3869960 0.2468409 0.3789810 0.3804620 0.1057825 0.1328115 0.1231744 0.2421651 0.2520393 0.4399917 0.3511707 0.6902189 0.3490621 0.0000000 0.4616605 0.0410898 0.4194342 0.3804524 0.3878271 0.0330568 0.3719825 0.0193676 0.1281767 0.2923261 0.3719825 0.3447838 0.0178904 0.3270368 0.2692825 0.3845966 0.2800115 0.3068579 0.0812804 0.0567810 0.2185912 0.3790048 0.3725170 0.0452384 0.0366465 0.1136271 0.1846979 0.3766659 0.1270426 0.3859466 0.4373453 0.1027008 0.3798177 0.3844156 0.3736612 0.3804049 0.3751412 0.3743604 0.1440449 0.4714007 0.1198010 0.3710759 0.3736447 0.3636540 0.3752090 0.2902117 0.1459950 
Perityle_fosteri_93                        0.1915265 0.1366418 0.2375807 0.4298397 0.1591295 0.1279456 0.2198746 0.1719647 0.2444024 0.1840225 0.1557367 0.1094858 0.0918623 0.1026721 0.2095474 0.1617980 0.1001457 0.1351708 0.2297263 0.1148787 0.0839251 0.1064899 0.0350555 0.1074586 0.1183119 0.1008822 0.1399872 0.2945389 0.3092702 0.1759558 0.0907000 0.2562247 0.2027355 0.1881600 0.2148733 0.1889710 0.4616605 0.0000000 0.2358582 0.2117438 0.1014420 0.1060848 0.2866998 0.0993383 0.3321753 0.3223655 0.1052285 0.1008977 0.1113021 0.3028135 0.1000829 0.1084876 0.1044524 0.1393997 0.1131434 0.2769495 0.1989893 0.1322225 0.1014859 0.1009535 0.2478764 0.0556703 0.2763021 0.0962185 0.1085835 0.3018414 0.1337631 0.0705313 0.0209310 0.1025458 0.1082099 0.1900464 0.1038337 0.1008741 0.0996341 0.0524078 0.0841655 0.3230408 0.1073911 0.1067417 0.2445143 0.0951352 0.1501745 0.0884358 
Perityle_gamon_221                         0.1437690 0.1029118 0.1324975 0.3665616 0.1409745 0.1682328 0.2274653 0.2461879 0.2495705 0.1757480 0.1110579 0.1269346 0.1223725 0.1201284 0.1674795 0.1241719 0.1252350 0.1552410 0.0582995 0.1278792 0.1236323 0.1287318 0.1195499 0.1247405 0.1275906 0.1226156 0.1343617 0.0550291 0.0558039 0.1549625 0.1839072 0.1234290 0.1857720 0.1445207 0.1724432 0.1422734 0.0410898 0.2358582 0.0000000 0.1479898 0.1221735 0.1248314 0.0600818 0.1201138 0.0633350 0.0140172 0.1135011 0.1175732 0.1273843 0.0570506 0.1223945 0.1420730 0.1220761 0.1326824 0.1825466 0.0543179 0.0545972 0.1446709 0.1426332 0.1216902 0.0643431 0.0403840 0.0578240 0.1313981 0.1262600 0.0518342 0.1406518 0.1332673 0.0904214 0.1322820 0.1246091 0.1854329 0.1225240 0.1311344 0.1423297 0.1166551 0.1271723 0.0559055 0.1267763 0.1260135 0.2447664 0.1177454 0.1291753 0.1111531 
Perityle_gentryi_8_san_francisco           0.1656540 0.1199191 0.1755126 0.4472946 0.1239559 0.1349454 0.2279534 0.1805268 0.3038132 0.1624711 0.1336081 0.1327507 0.1415752 0.1119643 0.1765295 0.0292264 0.1370908 0.1366728 0.1487622 0.1027094 0.1057287 0.1418436 0.0860068 0.1321177 0.1122653 0.1338939 0.1560011 0.1725112 0.2104377 0.1673416 0.1058697 0.1753039 0.1981560 0.1662941 0.1546326 0.1659248 0.4194342 0.2117438 0.1479898 0.0000000 0.1300300 0.1369816 0.1961347 0.1321201 0.2293927 0.2152326 0.1032890 0.1253608 0.1307403 0.1879071 0.1154804 0.1159856 0.1351176 0.1205808 0.1712430 0.1718181 0.1485277 0.1168106 0.1523062 0.1279095 0.1764650 0.0605096 0.1919385 0.0777742 0.1313495 0.1953362 0.1547683 0.1163506 0.0613809 0.1409986 0.1310860 0.1976609 0.1379148 0.1460542 0.1593629 0.0785188 0.1400877 0.2028714 0.1347625 0.1399375 0.2705592 0.1280838 0.1614379 0.0460586 
Perityle_gilensis_22_Superstition          0.1185695 0.0805104 0.1457166 0.3742191 0.0931751 0.1497288 0.1817048 0.1655887 0.2415655 0.1316069 0.0772186 0.0331404 0.0238466 0.0066045 0.0971583 0.0833507 0.0279472 0.1284242 0.1160761 0.0163743 0.0210415 0.0241777 0.0317309 0.0056441 0.0331874 0.0239577 0.0906460 0.1467024 0.1885084 0.1283505 0.0987380 0.1513461 0.1437412 0.1163710 0.1216264 0.1172490 0.3804524 0.1014420 0.1221735 0.1300300 0.0000000 0.0069602 0.1735643 0.0204527 0.2165321 0.1759541 0.0189487 0.0202649 0.0217336 0.1707876 0.0046777 0.0299727 0.0059829 0.0863776 0.0135360 0.1541133 0.1362754 0.0828043 0.0368784 0.0243092 0.1485690 0.0672522 0.1642711 0.0634152 0.0306923 0.1768821 0.0867123 0.0706278 0.0154958 0.0233877 0.0039861 0.1472858 0.0272243 0.0255912 0.0323264 0.0228822 0.0841043 0.1843344 0.0311727 0.0313388 0.2488700 0.0210716 0.1090856 0.0745860 
Perityle_gilensis_salensis_225             0.1177350 0.0819382 0.1499892 0.3807542 0.0986223 0.1540998 0.1838981 0.1705535 0.2417061 0.1298487 0.0742623 0.0319429 0.0227159 0.0055048 0.1013305 0.0882727 0.0263029 0.1313329 0.1205096 0.0188537 0.0217433 0.0236046 0.0331330 0.0078977 0.0345946 0.0219950 0.0925421 0.1625402 0.1942204 0.1280981 0.1003594 0.1560803 0.1408330 0.1168671 0.1240469 0.1162769 0.3878271 0.1060848 0.1248314 0.1369816 0.0069602 0.0000000 0.1670789 0.0195763 0.2221980 0.1945974 0.0186859 0.0170278 0.0214168 0.1749145 0.0058991 0.0310478 0.0051541 0.0910718 0.0159246 0.1551105 0.1390811 0.0849119 0.0366386 0.0217365 0.1526184 0.0711224 0.1670494 0.0647517 0.0309389 0.1815161 0.0894065 0.0706344 0.0170583 0.0220463 0.0078940 0.1466717 0.0259784 0.0247047 0.0298694 0.0242444 0.0816943 0.1891967 0.0294815 0.0319038 0.2510210 0.0198957 0.1138559 0.0770353 
Perityle_glaucescens_94                    0.1993394 0.1205159 0.1759595 0.3844421 0.1738058 0.2020185 0.3007483 0.2657100 0.3472667 0.2261919 0.1672766 0.1762440 0.1679204 0.1779778 0.1800386 0.1678485 0.1797133 0.1823255 0.0455715 0.1486168 0.1652278 0.1792628 0.1157458 0.1777234 0.1736315 0.1729484 0.1850409 0.0674498 0.0643073 0.1783211 0.1985961 0.1619412 0.2420205 0.2048955 0.1828502 0.2018300 0.0330568 0.2866998 0.0600818 0.1961347 0.1735643 0.1670789 0.0000000 0.1597393 0.0239707 0.0767835 0.1682515 0.1682917 0.1769538 0.0109701 0.1782377 0.1914029 0.1767897 0.1866423 0.2760736 0.0660438 0.0535940 0.1594239 0.1938463 0.1707388 0.0587653 0.0520541 0.0635864 0.1318655 0.1757984 0.0611259 0.1885300 0.1974335 0.0892120 0.1887324 0.1758936 0.2280554 0.1718302 0.1860447 0.2276298 0.1185985 0.1891562 0.0532858 0.1785718 0.1716601 0.2688923 0.1612485 0.1820753 0.1029997 
Perityle_gracilis_11                       0.1178616 0.0759422 0.1505181 0.3675160 0.0850555 0.1412015 0.1832103 0.1634854 0.2409488 0.1254847 0.0699983 0.0284834 0.0178348 0.0174084 0.0932239 0.0797789 0.0231053 0.1283795 0.1120336 0.0173339 0.0178473 0.0241285 0.0283682 0.0224728 0.0279086 0.0118617 0.0816474 0.1581571 0.1850316 0.1146254 0.0956364 0.1626233 0.1391723 0.1164474 0.1184396 0.1158339 0.3719825 0.0993383 0.1201138 0.1321201 0.0204527 0.0195763 0.1597393 0.0000000 0.2135906 0.2119247 0.0173904 0.0020240 0.0211016 0.1710758 0.0189440 0.0284043 0.0184996 0.0835169 0.0135465 0.1481811 0.1316985 0.0724399 0.0207150 0.0081232 0.1439329 0.0596143 0.1594030 0.0582848 0.0272303 0.1740417 0.0794618 0.0716883 0.0160993 0.0180856 0.0214100 0.1494111 0.0133576 0.0130185 0.0265868 0.0106664 0.0863740 0.2040649 0.0294433 0.0279416 0.2410618 0.0036338 0.1078182 0.0709416 
Perityle_harkerae_31                       0.2193063 0.1118974 0.2035542 0.4465858 0.1673649 0.1817750 0.3297772 0.2543003 0.3806536 0.2083770 0.2104188 0.2197756 0.2108687 0.1789116 0.1697961 0.1566528 0.2221084 0.1823744 0.0400226 0.1277049 0.1720390 0.2146339 0.1078800 0.2220507 0.1626101 0.2143988 0.2251783 0.0833193 0.1026961 0.1412379 0.1938228 0.1916569 0.2903194 0.2127810 0.2005728 0.2095877 0.0193676 0.3321753 0.0633350 0.2293927 0.2165321 0.2221980 0.0239707 0.2135906 0.0000000 0.1108271 0.1714060 0.2108783 0.1986694 0.0149784 0.1906478 0.1695829 0.2190151 0.1746633 0.2887854 0.0681050 0.0477635 0.1516458 0.2197592 0.2126675 0.0493563 0.0366023 0.0786959 0.1249075 0.2203579 0.0953929 0.2308865 0.2481440 0.0805840 0.2183092 0.2199462 0.2509164 0.2119870 0.2184214 0.2512587 0.1109350 0.2774093 0.0902736 0.2213406 0.2206576 0.2601985 0.2194404 0.2119269 0.1037109 
