86
Amauria_brandeegeana_62                    0.0000000 0.1480866 0.0851305 0.2610090 0.2337949 0.0000010 0.2409393 0.2345241 0.3264239 0.1939327 0.2108193 0.2048701 0.2157677 0.2044151 0.2074230 0.2146300 0.2043397 0.3000892 0.1669575 0.1968021 0.2026163 0.2184471 0.1225839 0.1780553 0.1279425 0.2149670 0.2166880 0.2345481 0.2100792 0.1721379 0.1317455 0.1864922 0.2158029 0.1879297 0.1750648 0.1343246 0.2112411 0.2120180 0.2233461 0.1997977 0.2126292 0.2238099 0.2133446 0.2247095 0.2103365 0.2295697 0.2196535 0.2086809 0.2374216 0.1837537 0.2055668 0.2071181 0.2077736 0.1623585 0.1783291 0.1928040 0.1498182 0.1450874 0.2277905 0.1319116 0.1479143 0.1971378 0.2077773 0.1472612 0.2146165 0.2145109 0.2642787 0.2272865 0.2215328 0.1444099 0.2108050 0.1621879 0.1589407 0.2298383 0.2108557 0.2027416 0.1389285 0.1989949 0.1636242 0.1937432 0.1878941 0.1426903 0.2187895 0.1320978 0.1610796 0.1555765 
Amauria_carterae_99_mesa                   0.1480866 0.0000000 0.1381906 0.1933569 0.2035810 0.0574922 0.2258301 0.2060531 0.2311139 0.0881606 0.1199680 0.1456307 0.1088287 0.1233309 0.1185504 0.1322667 0.1216735 0.2349798 0.0933440 0.0784727 0.1105503 0.1146330 0.1072475 0.2385761 0.1357368 0.1087396 0.1547589 0.1345295 0.1319094 0.1714588 0.1084268 0.1495130 0.1260228 0.1006415 0.1197090 0.1127855 0.1131009 0.1218274 0.1338583 0.1235623 0.1204673 0.1321059 0.1148953 0.1127322 0.1083583 0.1341529 0.1256108 0.1146927 0.2128321 0.1598371 0.1213749 0.1193751 0.1290546 0.1296051 0.1078320 0.1336900 0.1423581 0.1243573 0.1173967 0.1127250 0.1672966 0.2873362 0.1167473 0.0767359 0.1440239 0.1253766 0.1498403 0.2340329 0.1228924 0.2417040 0.1297317 0.2407451 0.0940457 0.1145911 0.1199250 0.1157424 0.0790333 0.1193867 0.2361328 0.1293440 0.1526782 0.0737165 0.1371138 0.1401247 0.1173306 0.1153506 
Amauria_rotundifolia_SRR9119150            0.0851305 0.1381906 0.0000000 0.1882837 0.2561506 0.5937506 0.2486959 0.1938247 0.3586446 0.2447108 0.2740836 0.2854276 0.2389738 0.2805291 0.2412575 0.2571009 0.2363276 0.2095778 0.1449179 0.2202402 0.2066225 0.2375411 0.0840764 0.2190874 0.1027432 0.2306861 0.2403793 0.3142187 0.2545098 0.2842619 0.0910669 0.2504898 0.2958815 0.2178282 0.1792754 0.2442757 0.2729868 0.2377177 0.2576545 0.2244804 0.2512126 0.2901566 0.2709612 0.2451919 0.2705446 0.3127067 0.2607861 0.2351885 0.2229349 0.2642392 0.2657630 0.2358701 0.2801857 0.1775036 0.2055680 0.1686611 0.1510355 0.1186484 0.2473978 0.1415146 0.1507856 0.2520083 0.1889049 0.0629874 0.3287042 0.3140127 0.3093837 0.2518850 0.2276017 0.2089106 0.2243490 0.2051022 0.2100726 0.2516169 0.2255769 0.2338995 0.0543590 0.2027544 0.2178596 0.2468362 0.2510770 0.1766612 0.2423322 0.2376860 0.1215450 0.1146049 
Conoclinium_coelestinum_SRR9119114         0.2610090 0.1933569 0.1882837 0.0000000 0.2431349 0.5828146 0.1490101 0.1890769 0.2880793 0.2214814 0.2512777 0.2498488 0.2559441 0.2498695 0.2547924 0.2541634 0.2405644 0.2544257 0.2031265 0.4051791 0.2597236 0.2544495 0.1631316 0.2788235 0.2332998 0.2652953 0.2395087 0.2449553 0.2270295 0.6199729 0.1880117 0.2127294 0.2292549 0.1972912 0.2328412 0.1881349 0.2355730 0.2473438 0.2527284 0.2360101 0.2601777 0.2610793 0.2291125 0.2592380 0.2288175 0.2533009 0.2597478 0.2572772 0.2918956 0.2870749 0.2464133 0.2463438 0.2381227 0.2009123 0.2089499 0.2160204 0.1873045 0.1931018 0.2580421 0.1881458 0.1651629 0.3320987 0.2368391 0.1707712 0.2522633 0.2296535 0.2558529 0.2704778 0.2419976 0.2761049 0.2591578 0.2643638 0.2455301 0.2620838 0.2638844 0.2459224 0.1729102 0.2404049 0.2594034 0.2471309 0.2490936 0.1592299 0.2652204 0.1885719 0.1879100 0.1762467 
Eutetras_palmeri_63                        0.2337949 0.2035810 0.2561506 0.2431349 0.0000000 0.7214717 0.2826405 0.1370589 0.3032222 0.2312237 0.2439562 0.2892319 0.2450719 0.2975265 0.2619692 0.2975598 0.2618082 0.2007950 0.1680839 0.2163253 0.2061306 0.2508701 0.1325264 0.2871066 0.1801612 0.2486547 0.2472974 0.3185022 0.2640524 0.3674013 0.1478184 0.2134303 0.2230762 0.2209869 0.2686952 0.3165599 0.2370166 0.2247744 0.2481824 0.2125426 0.3306239 0.3043144 0.2367920 0.2491402 0.2333953 0.3093294 0.2642400 0.2465825 0.2013753 0.2338774 0.3109651 0.2429761 0.2908790 0.2649223 0.2358511 0.1793707 0.1976512 0.2000951 0.2551170 0.2539135 0.1668691 0.3073047 0.1804580 0.1326163 0.3486545 0.3140657 0.3106515 0.2889824 0.1910196 0.2375570 0.2583670 0.2476484 0.2280670 0.2491101 0.2628074 0.2542876 0.1291097 0.1726486 0.2565447 0.2959479 0.2773691 0.2008647 0.2510050 0.3057159 0.1694340 0.1647683 
Eutetras_pringlei_149_quer                 0.0000010 0.0574922 0.5937506 0.5828146 0.7214717 0.0000000 0.6642071 0.0000010 0.5994669 0.0692121 0.0578645 0.0000010 0.0000010 0.0317732 0.0392955 0.0784834 0.0000010 0.1947326 0.0000010 0.0000010 0.0443719 0.0000010 0.8054507 0.0000010 0.0000010 0.0000010 0.4028622 0.0709124 0.0000010 0.0374351 0.0000010 0.1482503 0.0577729 0.0431859 0.0000010 0.0806062 0.0504746 0.0000010 0.0000010 0.0000010 0.0390497 0.0427348 0.0539360 0.0000010 0.0544316 0.0580279 0.0000010 0.0000010 1.0440854 0.1598876 0.0317732 0.0000010 0.0390901 0.0000010 0.0463495 0.4476129 0.0000010 0.0000010 0.0000010 0.0000010 0.7879314 0.0000010 0.0000010 0.0648547 0.0506547 0.0762991 0.0577729 0.6129571 0.0000010 0.0000010 0.0000010 0.0000010 0.0393843 0.0000010 0.0000010 0.0000010 0.0000010 0.0000010 0.0000010 0.0499609 0.0000010 0.0767257 0.4973903 0.1142570 0.0000010 0.0000010 
Eutrochium_fistulosum_SRR9119106           0.2409393 0.2258301 0.2486959 0.1490101 0.2826405 0.6642071 0.0000000 0.2365620 0.3407340 0.3223373 0.3289396 0.3250444 0.3138597 0.3325819 0.3201148 0.3290748 0.3131817 0.3381605 0.3003553 0.4337616 0.3132279 0.3162315 0.1518004 0.3157902 0.2508011 0.3239431 0.3196035 0.3171561 0.3137598 0.4840667 0.2253642 0.2891987 0.3033878 0.3024574 0.3048833 0.2787928 0.3216478 0.3185237 0.3313361 0.3153801 0.3316580 0.3387610 0.3199808 0.3200486 0.3202938 0.3433244 0.3278122 0.3111078 0.3294130 0.3011701 0.3241128 0.3135506 0.3268821 0.2983452 0.3114030 0.2922202 0.2352888 0.2970435 0.3267955 0.2402890 0.2337155 0.3383493 0.3063459 0.1467324 0.3366882 0.3231740 0.3487216 0.3850490 0.3265317 0.2606157 0.3329684 0.2723992 0.3131424 0.3220067 0.3271993 0.3076695 0.1533433 0.3005190 0.2642133 0.3192279 0.3258088 0.1652968 0.3232556 0.2712714 0.2657772 0.2626472 
Galeana_pratensis_104_mex                  0.2345241 0.2060531 0.1938247 0.1890769 0.1370589 0.0000010 0.2365620 0.0000000 0.2198972 0.1799054 0.2310734 0.2535797 0.1834210 0.2150955 0.2160169 0.2154777 0.2275654 0.1829432 0.2266840 0.0000010 0.2031454 0.1949518 0.1876465 0.2459138 0.2151289 0.1949825 0.2164693 0.2440439 0.2811876 0.4629710 0.2045957 0.1712892 0.2008559 0.1799054 0.2208253 0.2042452 0.1795401 0.2155881 0.2439199 0.2202542 0.2214136 0.2208291 0.1755849 0.1949809 0.1863297 0.2439178 0.2208996 0.1949715 0.2033042 0.2354424 0.2267454 0.2213393 0.2231270 0.2204646 0.1511889 0.2048729 0.2681945 0.2319194 0.1949825 0.1889445 0.2187972 0.2899386 0.1985340 0.1466365 0.2563628 0.2622488 0.2097292 0.2074083 0.1970909 0.2618872 0.2400780 0.2528140 0.1918011 0.1889445 0.2213393 0.2266811 0.1867326 0.1779598 0.2855673 0.2095515 0.2563628 0.1203597 0.2010694 0.2042452 0.2306477 0.2306477 
Helianthus_annuus_SRR9119062               0.3264239 0.2311139 0.3586446 0.2880793 0.3032222 0.5994669 0.3407340 0.2198972 0.0000000 0.3059110 0.4139093 0.3744587 0.3133757 0.3178731 0.3099173 0.3222563 0.3075413 0.3238768 0.2445683 0.3480609 0.3468370 0.3168484 0.1555455 0.2817433 0.2131065 0.2837885 0.3443687 0.4528771 0.3461613 0.5631882 0.1837887 0.3578400 0.3643815 0.2885347 0.2253042 0.2707421 0.3488961 0.2948434 0.3458684 0.2983688 0.3129557 0.3470818 0.3654648 0.3357976 0.3410539 0.4008461 0.3526221 0.2833871 0.3051443 0.3342807 0.2983510 0.3584854 0.3803979 0.2156037 0.2411608 0.2725504 0.2162288 0.2400553 0.3606770 0.1885765 0.2179744 0.3120080 0.2696971 0.1493372 0.4273781 0.3837508 0.4136307 0.3360880 0.3435327 0.2658851 0.2832348 0.2604542 0.2879209 0.3571413 0.2764909 0.3201725 0.1417778 0.2757204 0.2846686 0.2680246 0.2979581 0.1608533 0.2935656 0.2736501 0.2097134 0.2027692 
Lycapsus_tenuifolius_17                    0.1939327 0.0881606 0.2447108 0.2214814 0.2312237 0.0692121 0.3223373 0.1799054 0.3059110 0.0000000 0.2610729 0.3180605 0.2407528 0.2342338 0.1726507 0.2459853 0.2901863 0.2464512 0.1554302 0.1972426 0.1471377 0.2923228 0.1281641 0.2610065 0.1628180 0.2941700 0.3224159 0.3100640 0.3117212 0.1902936 0.1504079 0.1900459 0.2147103 0.0669823 0.2401050 0.2107701 0.1959260 0.2004282 0.2837509 0.1971407 0.2661459 0.2594447 0.2350739 0.2485946 0.2097037 0.2494037 0.3064680 0.2953764 0.2566172 0.1825461 0.2268687 0.2157015 0.2671486 0.2700124 0.2286420 0.1892851 0.1805753 0.1779862 0.2947890 0.3056290 0.2197931 0.2845770 0.2017479 0.0927116 0.2868092 0.2724610 0.2801670 0.2672795 0.2028652 0.2283743 0.2760694 0.2381746 0.1713802 0.3035777 0.3027339 0.2705887 0.0975438 0.1693496 0.2326353 0.2566681 0.2710477 0.1555354 0.2605401 0.2470972 0.1625370 0.1556459 
Pericome_caudata_50_silver                 0.2108193 0.1199680 0.2740836 0.2512777 0.2439562 0.0578645 0.3289396 0.2310734 0.4139093 0.2610729 0.0000000 0.2961157 0.2245565 0.2157103 0.1365527 0.1888675 0.2520318 0.3031926 0.1474141 0.0840746 0.1553186 0.2563498 0.0994325 0.2321287 0.1152868 0.2521664 0.3118332 0.3182814 0.2745433 0.2471783 0.1223561 0.1906088 0.2442596 0.1925358 0.2396353 0.2735616 0.2039867 0.1707751 0.2590193 0.1667166 0.2651284 0.2361452 0.2440041 0.2421608 0.2252069 0.2631418 0.2674710 0.2476426 0.2426500 0.1579560 0.2029986 0.2315603 0.2541923 0.2587995 0.2214646 0.1562449 0.1771560 0.1611400 0.2880868 0.2755712 0.2051880 0.2846876 0.1707978 0.1203897 0.2773062 0.2859023 0.3318224 0.2402596 0.2045084 0.2088413 0.2411687 0.2150452 0.2012866 0.2865420 0.2682057 0.2378121 0.0861863 0.1412745 0.1917269 0.2182245 0.2314841 0.1214853 0.2484716 0.2864330 0.1623482 0.1581021 
Perityle_aglossa_84_dead_horse             0.2048701 0.1456307 0.2854276 0.2498488 0.2892319 0.0000010 0.3250444 0.2535797 0.3744587 0.3180605 0.2961157 0.0000000 0.1788184 0.1872213 0.1242084 0.1958991 0.1916058 0.2266814 0.1710086 0.0349753 0.1196730 0.1763508 0.0448546 0.2567565 0.0767748 0.1803964 0.2061808 0.2976628 0.1498781 0.6729766 0.1227477 0.1873269 0.2924312 0.2660714 0.2021150 0.3278884 0.2606681 0.1566089 0.2451393 0.1566275 0.2394570 0.1898255 0.2674749 0.1756046 0.2812848 0.2499217 0.2005755 0.1828538 0.1617645 0.1380654 0.1994435 0.1548672 0.1895428 0.2230481 0.2370684 0.2196192 0.2057538 0.1704250 0.1769391 0.2072844 0.2471290 0.2769981 0.2370142 0.0389597 0.0274350 0.1553615 0.2324953 0.2163106 0.2627256 0.2310323 0.2074257 0.2234775 0.2729188 0.1803827 0.1954523 0.1891776 0.0270283 0.1575733 0.2180975 0.2019881 0.0127201 0.0536798 0.1715985 0.2837184 0.1456232 0.1408151 
Perityle_ajoensis_204                      0.2157677 0.1088287 0.2389738 0.2559441 0.2450719 0.0000010 0.3138597 0.1834210 0.3133757 0.2407528 0.2245565 0.1788184 0.0000000 0.0356561 0.0573037 0.0479912 0.0320345 0.1882055 0.1374406 0.0253108 0.0881659 0.0084315 0.0468357 0.2655880 0.0712378 0.0063568 0.0551534 0.1089379 0.1720632 0.4695766 0.1034064 0.1519822 0.2223468 0.2062586 0.0327083 0.2366424 0.1975271 0.0364213 0.1114111 0.0559417 0.0805713 0.0320799 0.2059577 0.0100675 0.2069659 0.1226714 0.0480548 0.0106161 0.1067927 0.1316516 0.0314098 0.0382605 0.0383441 0.0455602 0.1915091 0.1809891 0.0768847 0.1274479 0.0109614 0.0054630 0.1965060 0.2598858 0.2043419 0.0410121 0.1764293 0.1763635 0.0968807 0.1968303 0.2160458 0.2327937 0.0465504 0.2249252 0.2081031 0.0117522 0.0175721 0.0275457 0.0153174 0.1409855 0.2244954 0.0496355 0.1600076 0.0559900 0.0146102 0.2246095 0.1156000 0.1100535 
Perityle_ambrosiifolia_67_green            0.2044151 0.1233309 0.2805291 0.2498695 0.2975265 0.0317732 0.3325819 0.2150955 0.3178731 0.2342338 0.2157103 0.1872213 0.0356561 0.0000000 0.0470642 0.0687979 0.0352358 0.2935371 0.1580374 0.0221736 0.1130336 0.0362325 0.0514897 0.1443788 0.0621189 0.0375296 0.0751585 0.1240813 0.1951962 0.3541250 0.0953126 0.1742244 0.1853254 0.1761022 0.0392109 0.2031364 0.1802743 0.0441131 0.1156024 0.0558278 0.0459545 0.0291630 0.1940882 0.0372129 0.1928915 0.1141001 0.0379390 0.0372059 0.2146934 0.1484638 0.0274627 0.0443541 0.0338139 0.0466277 0.1074508 0.2062558 0.0775149 0.1431651 0.0391611 0.0301587 0.2433949 0.2549599 0.2189811 0.0957041 0.1549462 0.1651999 0.1357453 0.2455326 0.2192391 0.1698613 0.0531623 0.1244938 0.1701876 0.0406074 0.0408690 0.0374432 0.0209021 0.1470987 0.1746037 0.0481238 0.1715063 0.0868261 0.0846867 0.2670580 0.1288502 0.1218012 
Perityle_angustifolia_13_Eagle_creek       0.2074230 0.1185504 0.2412575 0.2547924 0.2619692 0.0392955 0.3201148 0.2160169 0.3099173 0.1726507 0.1365527 0.1242084 0.0573037 0.0470642 0.0000000 0.0673300 0.0426472 0.2435101 0.1221390 0.0445393 0.1204188 0.0540336 0.0416119 0.1752571 0.0646812 0.0592592 0.0899220 0.1018301 0.1254567 0.2713397 0.1030842 0.1425170 0.1287514 0.1508748 0.0528801 0.1445195 0.1365254 0.0591069 0.1306302 0.0604035 0.0558274 0.0506219 0.1350071 0.0606143 0.1379214 0.1250109 0.0603887 0.0620897 0.1716767 0.1450849 0.0474212 0.0414160 0.0444290 0.0703592 0.0725123 0.1568005 0.0921077 0.1317378 0.0610932 0.0563188 0.1781827 0.2532939 0.1595751 0.0599717 0.1051395 0.1277745 0.1346008 0.2334784 0.1628030 0.1683333 0.0692427 0.1469173 0.1406771 0.0626549 0.0586449 0.0521703 0.0151335 0.1371200 0.1787314 0.0566506 0.1278987 0.0802553 0.0801636 0.2019659 0.1249955 0.1197767 
Perityle_batopilensis_97                   0.2146300 0.1322667 0.2571009 0.2541634 0.2975598 0.0784834 0.3290748 0.2154777 0.3222563 0.2459853 0.1888675 0.1958991 0.0479912 0.0687979 0.0673300 0.0000000 0.0546105 0.2683327 0.1460916 0.0353716 0.1136423 0.0568577 0.0542589 0.2041624 0.0735022 0.0612429 0.0924986 0.1173618 0.1960984 0.3459128 0.0941181 0.1603037 0.2089850 0.1936194 0.0608688 0.2301662 0.1669287 0.0540075 0.1161680 0.0220137 0.0966773 0.0730795 0.1984957 0.0542837 0.1887333 0.1088373 0.0608478 0.0632975 0.2286870 0.1429164 0.0708383 0.0553877 0.0852822 0.0635409 0.1570841 0.1944833 0.0920145 0.1415506 0.0615387 0.0646610 0.2413582 0.2497828 0.2077815 0.0821665 0.1744183 0.1821261 0.1700868 0.2309601 0.2086252 0.1852461 0.0700441 0.1782170 0.1917707 0.0630190 0.0672738 0.0530366 0.0326383 0.1339765 0.1570269 0.0657028 0.1775025 0.0796248 0.0970647 0.2251067 0.1263177 0.1210261 
Perityle_bisetosa_9                        0.2043397 0.1216735 0.2363276 0.2405644 0.2618082 0.0000010 0.3131817 0.2275654 0.3075413 0.2901863 0.2520318 0.1916058 0.0320345 0.0352358 0.0426472 0.0546105 0.0000000 0.1986145 0.1491401 0.0380922 0.0927782 0.0309230 0.0347879 0.2488195 0.0712217 0.0314579 0.0522548 0.1076289 0.1958446 0.4753569 0.1066042 0.1520212 0.2599837 0.2087888 0.0286060 0.2933120 0.2057321 0.0389925 0.1131969 0.0486816 0.0596999 0.0372959 0.2536852 0.0344112 0.2338822 0.1268217 0.0477193 0.0340625 0.1471164 0.1344066 0.0327187 0.0198811 0.0552041 0.0490242 0.2154114 0.1880128 0.0729559 0.1381035 0.0341314 0.0286539 0.2010177 0.2668783 0.2091752 0.0326252 0.2169747 0.2090365 0.1183632 0.2053743 0.2264253 0.2260280 0.0359777 0.2151947 0.2334514 0.0379923 0.0362594 0.0296921 0.0191601 0.1427761 0.2098752 0.0557161 0.1690401 0.0636730 0.0618048 0.2342993 0.1340806 0.1272278 
Perityle_californica_76_positas            0.3000892 0.2349798 0.2095778 0.2544257 0.2007950 0.1947326 0.3381605 0.1829432 0.3238768 0.2464512 0.3031926 0.2266814 0.1882055 0.2935371 0.2435101 0.2683327 0.1986145 0.0000000 0.1602463 0.2141895 0.2122584 0.1851075 0.1300369 0.4208633 0.2294223 0.1850589 0.2166861 0.3405302 0.2379396 0.4685093 0.1493459 0.1936342 0.1996769 0.2469385 0.1955802 0.2894757 0.2801619 0.1999104 0.2175912 0.1946910 0.2746373 0.2984538 0.2706547 0.1853400 0.2592276 0.3506626 0.2002342 0.1854817 0.2597879 0.1506283 0.2796795 0.1997905 0.3250333 0.1977284 0.2601304 0.1727444 0.1860968 0.1885924 0.1924570 0.1904090 0.1570672 0.3067866 0.1728318 0.1422648 0.3708717 0.3250648 0.3092145 0.2814858 0.1786362 0.2824280 0.1988227 0.3932633 0.2706208 0.1880336 0.1939305 0.1903274 0.1174175 0.1595247 0.3874900 0.3281928 0.2295424 0.1604463 0.2094465 0.3098636 0.1503254 0.1431403 
Perityle_canescens_77                      0.1669575 0.0933440 0.1449179 0.2031265 0.1680839 0.0000010 0.3003553 0.2266840 0.2445683 0.1554302 0.1474141 0.1710086 0.1374406 0.1580374 0.1221390 0.1460916 0.1491401 0.1602463 0.0000000 0.1154551 0.0928352 0.1374226 0.0805754 0.2709551 0.1099285 0.1380375 0.1552615 0.1642347 0.1666781 0.2273973 0.0894592 0.0977732 0.1417793 0.1615264 0.1483771 0.1603622 0.1073737 0.1565055 0.1601161 0.1447356 0.1603129 0.1535550 0.1010095 0.1373925 0.0967272 0.1635131 0.1550480 0.1374674 0.1003374 0.1193423 0.1481410 0.1542249 0.1484109 0.1533395 0.0841004 0.0982158 0.1423333 0.1364629 0.1382310 0.1405509 0.0638587 0.2713251 0.0959898 0.0740426 0.1800842 0.1686524 0.1624379 0.1922307 0.1393588 0.2273164 0.1615960 0.2325653 0.1166788 0.1403046 0.1434785 0.1405526 0.0679219 0.1259694 0.2315660 0.1425980 0.1776837 0.0290644 0.1361265 0.1603622 0.1069526 0.1031869 
Perityle_castillonii_96                    0.1968021 0.0784727 0.2202402 0.4051791 0.2163253 0.0000010 0.4337616 0.0000010 0.3480609 0.1972426 0.0840746 0.0349753 0.0253108 0.0221736 0.0445393 0.0353716 0.0380922 0.2141895 0.1154551 0.0000000 0.0586726 0.0287021 0.0205506 0.3742919 0.0236237 0.0253387 0.0563201 0.1479287 0.0943002 0.2204643 0.1086466 0.0937763 0.1742802 0.2009390 0.0502101 0.0951879 0.1200057 0.0380770 0.1205465 0.0386279 0.1041275 0.0349427 0.1200716 0.0316927 0.1146913 0.1349121 0.0416389 0.0385449 0.0337941 0.1155914 0.0351351 0.0479176 0.0349298 0.0536860 0.0841218 0.1262708 0.1295497 0.0404661 0.0286080 0.0212126 0.1007900 0.5008184 0.1393023 0.0478497 0.0481923 0.1025316 0.0528844 0.1559285 0.1285696 0.4280260 0.0513705 0.2634344 0.1386765 0.0285441 0.0284635 0.0315795 0.0169283 0.1282099 0.2976124 0.0389578 0.0351631 0.0857369 0.0284680 0.0951879 0.1192627 0.0969576 
Perityle_cernua_84                         0.2026163 0.1105503 0.2066225 0.2597236 0.2061306 0.0443719 0.3132279 0.2031454 0.3468370 0.1471377 0.1553186 0.1196730 0.0881659 0.1130336 0.1204188 0.1136423 0.0927782 0.2122584 0.0928352 0.0586726 0.0000000 0.0875931 0.0952327 0.2681784 0.1208759 0.0931145 0.1079673 0.1833586 0.1163830 0.0353884 0.0116008 0.0985792 0.1543401 0.1293152 0.1147350 0.0589000 0.1242732 0.1050651 0.1271981 0.0949684 0.1615646 0.1128964 0.1252658 0.0887716 0.1290205 0.1415742 0.1102206 0.0921524 0.1498029 0.1391709 0.1185351 0.0938461 0.1109234 0.1175688 0.0988903 0.1287028 0.1433150 0.1335418 0.0867642 0.1078776 0.1212002 0.2965294 0.1195502 0.1002883 0.1232341 0.1209078 0.1712766 0.2105136 0.1270558 0.2371334 0.1076148 0.2366669 0.0614369 0.0911070 0.0985316 0.0936641 0.0912155 0.1190712 0.2419160 0.1216801 0.1227228 0.0652465 0.1086233 0.0593434 0.1121920 0.1103518 
Perityle_cfvillosa_25_tin                  0.2184471 0.1146330 0.2375411 0.2544495 0.2508701 0.0000010 0.3162315 0.1949518 0.3168484 0.2923228 0.2563498 0.1763508 0.0084315 0.0362325 0.0540336 0.0568577 0.0309230 0.1851075 0.1374226 0.0287021 0.0875931 0.0000000 0.0428246 0.2653059 0.0746743 0.0094338 0.0577318 0.1033652 0.1957951 0.4706173 0.1050041 0.1525652 0.2563014 0.2062239 0.0316267 0.2902455 0.2034751 0.0354387 0.1131084 0.0550350 0.0722772 0.0365606 0.2545967 0.0100589 0.2313983 0.1323250 0.0444004 0.0122736 0.1058188 0.1347344 0.0298063 0.0366037 0.0624675 0.0472859 0.2143487 0.1782462 0.0784677 0.1242246 0.0110705 0.0075482 0.1965671 0.2708960 0.2028825 0.0368132 0.2246137 0.2134204 0.1291849 0.1997374 0.2144475 0.2389404 0.0465511 0.2273815 0.2222743 0.0147334 0.0196261 0.0262938 0.0133920 0.1436280 0.2244681 0.0572094 0.1579074 0.0706107 0.0403542 0.2407366 0.1173162 0.1118098 
Perityle_cinerea_113_Powell1310            0.1225839 0.1072475 0.0840764 0.1631316 0.1325264 0.8054507 0.1518004 0.1876465 0.1555455 0.1281641 0.0994325 0.0448546 0.0468357 0.0514897 0.0416119 0.0542589 0.0347879 0.1300369 0.0805754 0.0205506 0.0952327 0.0428246 0.0000000 0.1894736 0.0653690 0.0468594 0.0488408 0.0966248 0.0694120 0.3330595 0.0952327 0.0984545 0.1302171 0.1276828 0.0447163 0.1043572 0.1030450 0.0468275 0.0883123 0.0468910 0.0435696 0.0574321 0.1028302 0.0468593 0.1020560 0.0922507 0.0407355 0.0468593 0.0570113 0.1270975 0.0533918 0.0412970 0.0535525 0.0488308 0.0698958 0.0903045 0.0957025 0.0559340 0.0513025 0.0468555 0.0864724 0.2571735 0.0914810 0.0349296 0.0576046 0.0735033 0.0513268 0.1139629 0.1133100 0.2177307 0.0327954 0.1894736 0.0953808 0.0448276 0.0448652 0.0406799 0.0357274 0.1024221 0.1771250 0.0514210 0.0468182 0.0625032 0.0488953 0.0980138 0.0881324 0.0820471 
Perityle_coahuilensis_24                   0.1780553 0.2385761 0.2190874 0.2788235 0.2871066 0.0000010 0.3157902 0.2459138 0.2817433 0.2610065 0.2321287 0.2567565 0.2655880 0.1443788 0.1752571 0.2041624 0.2488195 0.4208633 0.2709551 0.3742919 0.2681784 0.2653059 0.1894736 0.0000000 0.1435603 0.2676128 0.2930281 0.1825710 0.2688687 0.2660436 0.2298831 0.2246732 0.2394313 0.2580243 0.2527706 0.2058494 0.2136720 0.2601547 0.2665666 0.2532928 0.2034560 0.1389403 0.2150172 0.2677287 0.2058853 0.1827962 0.2575830 0.2679770 0.3110471 0.1822517 0.1620747 0.2665666 0.1362688 0.2701112 0.1979143 0.2560540 0.2100230 0.2588306 0.2722618 0.2286320 0.2026968 0.1737225 0.2833949 0.2784189 0.1533930 0.1951811 0.3837449 0.2741022 0.2575440 0.0405630 0.2744810 0.0024598 0.2555616 0.2650801 0.2649631 0.2574112 0.2159959 0.2550449 0.1280960 0.1531486 0.2596861 0.1611076 0.2650115 0.2090187 0.2308144 0.2238125 
Perityle_cochisensis_44_cave_creek         0.1279425 0.1357368 0.1027432 0.2332998 0.1801612 0.0000010 0.2508011 0.2151289 0.2131065 0.1628180 0.1152868 0.0767748 0.0712378 0.0621189 0.0646812 0.0735022 0.0712217 0.2294223 0.1099285 0.0236237 0.1208759 0.0746743 0.0653690 0.1435603 0.0000000 0.0765329 0.1163972 0.1265494 0.1068569 0.2874077 0.1077455 0.0999326 0.1520836 0.1838325 0.0745760 0.1347337 0.1137257 0.0763872 0.1307548 0.0718432 0.0670319 0.0721949 0.1095290 0.0764241 0.1103807 0.1165642 0.0728568 0.0783531 0.1018418 0.1007184 0.0725063 0.0790511 0.0691030 0.0852469 0.0810596 0.1177571 0.1319193 0.0917628 0.0769802 0.0741761 0.1147731 0.2031029 0.1288276 0.1132568 0.0739130 0.1103295 0.1919042 0.1562597 0.1270810 0.0959887 0.0905159 0.1146024 0.1351927 0.0747553 0.0747033 0.0727736 0.0860014 0.1195032 0.1315634 0.0570150 0.0805067 0.0775412 0.0711721 0.1290102 0.1214089 0.1124527 
Perityle_congesta_202                      0.2149670 0.1087396 0.2306861 0.2652953 0.2486547 0.0000010 0.3239431 0.1949825 0.2837885 0.2941700 0.2521664 0.1803964 0.0063568 0.0375296 0.0592592 0.0612429 0.0314579 0.1850589 0.1380375 0.0253387 0.0931145 0.0094338 0.0468594 0.2676128 0.0765329 0.0000000 0.0548995 0.0856391 0.2077648 0.4687734 0.1051908 0.1565847 0.2586479 0.2082942 0.0335776 0.3012253 0.2025643 0.0366669 0.1068336 0.0547183 0.0672752 0.0381971 0.2565325 0.0099252 0.2350243 0.1247762 0.0422652 0.0107911 0.1047339 0.1348258 0.0334087 0.0377041 0.0635039 0.0483426 0.2177758 0.1810245 0.0769143 0.1290592 0.0100562 0.0066214 0.1964479 0.2674062 0.2043825 0.0410340 0.2442808 0.2276741 0.0983976 0.2000613 0.2154320 0.2389572 0.0482233 0.2272910 0.2237977 0.0132269 0.0187525 0.0273093 0.0153252 0.1419891 0.2268571 0.0588328 0.1607636 0.0706869 0.0389273 0.2529008 0.1175401 0.1120283 
Perityle_cordifolia_27                     0.2166880 0.1547589 0.2403793 0.2395087 0.2472974 0.4028622 0.3196035 0.2164693 0.3443687 0.3224159 0.3118332 0.2061808 0.0551534 0.0751585 0.0899220 0.0924986 0.0522548 0.2166861 0.1552615 0.0563201 0.1079673 0.0577318 0.0488408 0.2930281 0.1163972 0.0548995 0.0000000 0.1481187 0.2114271 0.4928305 0.1148176 0.1862307 0.2871838 0.2238729 0.0536562 0.3244166 0.2497827 0.0571647 0.1320284 0.0655332 0.0953379 0.0755000 0.2972784 0.0575052 0.2753413 0.1821060 0.0644609 0.0595399 0.1467727 0.1394969 0.0732777 0.0717487 0.1151818 0.0499438 0.2446405 0.1978411 0.0915597 0.1318456 0.0760246 0.0537452 0.2079170 0.2674181 0.2167930 0.0425387 0.2846581 0.2355678 0.1235628 0.2117250 0.2278513 0.2768647 0.0615792 0.2616346 0.2564890 0.0782634 0.0623103 0.0552010 0.0329105 0.1470037 0.2566709 0.0939373 0.1819104 0.0752792 0.0811505 0.2752304 0.1302857 0.1215889 
Perityle_cordifolia_68_tecolote            0.2345481 0.1345295 0.3142187 0.2449553 0.3185022 0.0709124 0.3171561 0.2440439 0.4528771 0.3100640 0.3182814 0.2976628 0.1089379 0.1240813 0.1018301 0.1173618 0.1076289 0.3405302 0.1642347 0.1479287 0.1833586 0.1033652 0.0966248 0.1825710 0.1265494 0.0856391 0.1481187 0.0000000 0.2640022 0.3188178 0.1143240 0.2419072 0.3032202 0.2095475 0.0885749 0.2565119 0.2427873 0.1052432 0.1608903 0.1124120 0.1399617 0.1443980 0.2902244 0.1317857 0.2583826 0.2031401 0.1153426 0.0936141 0.2885461 0.1720008 0.1058184 0.1774502 0.1762191 0.0924887 0.2429407 0.2200326 0.0168855 0.1939276 0.1460627 0.0817102 0.2376860 0.2770105 0.2354204 0.1116236 0.2841843 0.2490974 0.2355479 0.2458721 0.2748849 0.1891952 0.0979676 0.1798500 0.2557690 0.1630263 0.0945490 0.1095008 0.0752994 0.1524967 0.1829713 0.1324523 0.2422441 0.1103143 0.1423380 0.3142900 0.1393445 0.1362924 
Perityle_coronopifolia_28_patagonia        0.2100792 0.1319094 0.2545098 0.2270295 0.2640524 0.0000010 0.3137598 0.2811876 0.3461613 0.3117212 0.2745433 0.1498781 0.1720632 0.1951962 0.1254567 0.1960984 0.1958446 0.2379396 0.1666781 0.0943002 0.1163830 0.1957951 0.0694120 0.2688687 0.1068569 0.2077648 0.2114271 0.2640022 0.0000000 0.6143727 0.1087333 0.1704429 0.2865681 0.2349458 0.1826905 0.3454040 0.2370041 0.1644729 0.2081655 0.1425977 0.2349568 0.1932342 0.2448882 0.1723892 0.2512103 0.2236159 0.2113810 0.2048972 0.1984511 0.1339914 0.1953141 0.1544074 0.1988948 0.1986830 0.2383207 0.2109214 0.1642935 0.1776204 0.1949612 0.2216568 0.2212997 0.2864400 0.2255724 0.0758519 0.1679068 0.0202049 0.2525289 0.2172604 0.2503642 0.2372582 0.2055098 0.2310252 0.2442497 0.1984697 0.2061733 0.1798259 0.0655314 0.1558446 0.2101647 0.1975306 0.1487028 0.1046660 0.2020079 0.2607235 0.1248536 0.1162014 
Perityle_crassifolia_70_ventanas           0.1721379 0.1714588 0.2842619 0.6199729 0.3674013 0.0374351 0.4840667 0.4629710 0.5631882 0.1902936 0.2471783 0.6729766 0.4695766 0.3541250 0.2713397 0.3459128 0.4753569 0.4685093 0.2273973 0.2204643 0.0353884 0.4706173 0.3330595 0.2660436 0.2874077 0.4687734 0.4928305 0.3188178 0.6143727 0.0000000 0.0401812 0.1699151 0.2130035 0.1473516 0.4841825 0.2058225 0.1850013 0.3792500 0.4737850 0.3733551 0.3505367 0.3548729 0.1832232 0.4695772 0.1755098 0.2882082 0.5039282 0.4583383 0.3347040 0.1824306 0.3639828 0.4421437 0.3569698 0.5022226 0.2563878 0.2187359 0.2903677 0.3537813 0.4714344 0.4760865 0.1728885 0.4156468 0.1994760 0.2063043 0.3993474 0.3967115 0.4052564 0.4031256 0.2372519 0.3241983 0.4523574 0.2879479 0.0974659 0.4703259 0.4856468 0.4684604 0.2784462 0.2958197 0.2955280 0.3474890 0.6519935 0.1182597 0.4863459 0.2076262 0.2379502 0.2591242 
Perityle_crassifolia_74_playa_balandra     0.1317455 0.1084268 0.0910669 0.1880117 0.1478184 0.0000010 0.2253642 0.2045957 0.1837887 0.1504079 0.1223561 0.1227477 0.1034064 0.0953126 0.1030842 0.0941181 0.1066042 0.1493459 0.0894592 0.1086466 0.0116008 0.1050041 0.0952327 0.2298831 0.1077455 0.1051908 0.1148176 0.1143240 0.1087333 0.0401812 0.0000000 0.0787313 0.1438252 0.1521326 0.1033016 0.0191965 0.0803997 0.1116584 0.1031707 0.0957489 0.1014706 0.1066855 0.0836214 0.1017956 0.0876565 0.1011673 0.1066671 0.1053276 0.1003474 0.1118898 0.1051061 0.1075633 0.0989040 0.1083211 0.0776218 0.0952301 0.1177264 0.1446997 0.1041475 0.0989520 0.0859728 0.2586978 0.1063240 0.1008650 0.1281551 0.1070564 0.1147688 0.1456759 0.1167096 0.2107289 0.1116361 0.2121141 0.0219674 0.1034968 0.1001794 0.1016157 0.0912155 0.1151411 0.2115327 0.0901983 0.1232507 0.0581819 0.1018801 0.0191965 0.1059306 0.1037814 
Perityle_cuneata_34_cuneata_San_antonio    0.1864922 0.1495130 0.2504898 0.2127294 0.2134303 0.1482503 0.2891987 0.1712892 0.3578400 0.1900459 0.1906088 0.1873269 0.1519822 0.1742244 0.1425170 0.1603037 0.1520212 0.1936342 0.0977732 0.0937763 0.0985792 0.1525652 0.0984545 0.2246732 0.0999326 0.1565847 0.1862307 0.2419072 0.1704429 0.1699151 0.0787313 0.0000000 0.1524696 0.1912552 0.1509561 0.2067201 0.1369532 0.1364639 0.1635130 0.1316762 0.1953685 0.1645877 0.1345505 0.1521383 0.1311897 0.1748032 0.1687950 0.1573449 0.2032575 0.1233221 0.1701782 0.1392306 0.1660272 0.1648797 0.1403439 0.1294995 0.1281296 0.1364795 0.1497347 0.1580730 0.1594865 0.2254967 0.1312711 0.0868845 0.1823755 0.1999285 0.2583597 0.2118964 0.1555176 0.1818226 0.1662827 0.1957609 0.1449343 0.1502704 0.1550798 0.1478881 0.0854552 0.1276001 0.1829498 0.1711898 0.1868353 0.1385788 0.1658493 0.1797596 0.1149240 0.1130877 
Perityle_cuneata_4                         0.2158029 0.1260228 0.2958815 0.2292549 0.2230762 0.0577729 0.3033878 0.2008559 0.3643815 0.2147103 0.2442596 0.2924312 0.2223468 0.1853254 0.1287514 0.2089850 0.2599837 0.1996769 0.1417793 0.1742802 0.1543401 0.2563014 0.1302171 0.2394313 0.1520836 0.2586479 0.2871838 0.3032202 0.2865681 0.2130035 0.1438252 0.1524696 0.0000000 0.1452725 0.2305953 0.2402833 0.1698077 0.1701030 0.2430572 0.1737292 0.2238069 0.1987637 0.2095629 0.2317394 0.1875684 0.2132403 0.2781750 0.2629138 0.2412407 0.1708614 0.1838412 0.2004228 0.2041327 0.2658878 0.1732806 0.1507361 0.1654519 0.1875012 0.2592158 0.2812272 0.1881749 0.2529050 0.1682047 0.1102111 0.2475765 0.2307621 0.1804749 0.2427525 0.1838981 0.2085031 0.2472142 0.2129862 0.1405620 0.2610193 0.2612997 0.2378221 0.1143964 0.1631017 0.1883189 0.1940696 0.2372588 0.1360474 0.2420184 0.2853691 0.1553096 0.1479845 
Perityle_discoidea_81                      0.1879297 0.1006415 0.2178282 0.1972912 0.2209869 0.0431859 0.3024574 0.1799054 0.2885347 0.0669823 0.1925358 0.2660714 0.2062586 0.1761022 0.1508748 0.1936194 0.2087888 0.2469385 0.1615264 0.2009390 0.1293152 0.2062239 0.1276828 0.2580243 0.1838325 0.2082942 0.2238729 0.2095475 0.2349458 0.1473516 0.1521326 0.1912552 0.1452725 0.0000000 0.2119238 0.1605025 0.1849697 0.2022290 0.2280044 0.1937099 0.1732480 0.1804103 0.1864776 0.2046788 0.1820390 0.1919904 0.2184628 0.2066646 0.2503766 0.1706378 0.1747114 0.2155018 0.1769940 0.2076303 0.1709522 0.1796622 0.1786254 0.1796139 0.2058061 0.2045139 0.2130564 0.3126783 0.1882753 0.0988991 0.2102873 0.1925624 0.1951418 0.2736973 0.1957896 0.2541070 0.2215489 0.2489903 0.1273937 0.2081029 0.2120076 0.2133002 0.0996619 0.1638042 0.2398936 0.1798556 0.2711214 0.1129672 0.2180052 0.2017782 0.1643156 0.1574548 
Perityle_dissecta_201                      0.1750648 0.1197090 0.1792754 0.2328412 0.2686952 0.0000010 0.3048833 0.2208253 0.2253042 0.2401050 0.2396353 0.2021150 0.0327083 0.0392109 0.0528801 0.0608688 0.0286060 0.1955802 0.1483771 0.0502101 0.1147350 0.0316267 0.0447163 0.2527706 0.0745760 0.0335776 0.0536562 0.0885749 0.1826905 0.4841825 0.1033016 0.1509561 0.2305953 0.2119238 0.0000000 0.2447240 0.1991174 0.0333763 0.1176150 0.0530295 0.0469990 0.0407532 0.2070545 0.0356644 0.2100531 0.1219419 0.0295717 0.0347947 0.1491924 0.1272088 0.0398692 0.0362907 0.0368752 0.0512072 0.1898261 0.1954284 0.0759763 0.1443615 0.0369920 0.0270728 0.2058394 0.2706697 0.2189052 0.0346428 0.2111668 0.1863205 0.0558262 0.2080582 0.2378692 0.2258757 0.0506115 0.2195184 0.2293208 0.0377034 0.0357178 0.0295289 0.0152937 0.1442486 0.2189468 0.0550258 0.1775473 0.0535461 0.0401340 0.2362945 0.1164553 0.1110464 
Perityle_emoryi_47_punta_san_jose          0.1343246 0.1127855 0.2442757 0.1881349 0.3165599 0.0806062 0.2787928 0.2042452 0.2707421 0.2107701 0.2735616 0.3278884 0.2366424 0.2031364 0.1445195 0.2301662 0.2933120 0.2894757 0.1603622 0.0951879 0.0589000 0.2902455 0.1043572 0.2058494 0.1347337 0.3012253 0.3244166 0.2565119 0.3454040 0.2058225 0.0191965 0.2067201 0.2402833 0.1605025 0.2447240 0.0000000 0.2128415 0.2005181 0.2403919 0.1885319 0.2287353 0.2332641 0.2645833 0.2487380 0.2409862 0.2084300 0.3073872 0.2918817 0.3203373 0.1641190 0.2061490 0.2139008 0.2163265 0.2843961 0.2189241 0.2330896 0.1712884 0.1805429 0.2986170 0.2919850 0.2682769 0.2707410 0.2133995 0.1002028 0.2848762 0.2539625 0.2520644 0.2331341 0.2378297 0.2280404 0.2646100 0.2099896 0.1337258 0.2970676 0.3052179 0.2720732 0.0945823 0.1316869 0.2074495 0.2092350 0.2575237 0.1110855 0.2689710 0.1058233 0.1289210 0.1294895 
Perityle_feddemae_99                       0.2112411 0.1131009 0.2729868 0.2355730 0.2370166 0.0504746 0.3216478 0.1795401 0.3488961 0.1959260 0.2039867 0.2606681 0.1975271 0.1802743 0.1365254 0.1669287 0.2057321 0.2801619 0.1073737 0.1200057 0.1242732 0.2034751 0.1030450 0.2136720 0.1137257 0.2025643 0.2497827 0.2427873 0.2370041 0.1850013 0.0803997 0.1369532 0.1698077 0.1849697 0.1991174 0.2128415 0.0000000 0.1678578 0.1978046 0.1632605 0.2075296 0.1860787 0.0192148 0.2025552 0.0240626 0.1602832 0.2196807 0.2030427 0.2046083 0.0993186 0.1768226 0.1812759 0.1840163 0.2218698 0.1416210 0.1103711 0.1468934 0.1260380 0.2114354 0.2063803 0.1624716 0.2600315 0.1406925 0.1458695 0.1903637 0.2300238 0.2799297 0.2321664 0.1516993 0.1848955 0.2082527 0.1937097 0.1606644 0.2171881 0.2089086 0.1994640 0.0856559 0.1388551 0.1930305 0.1842934 0.2263642 0.1014466 0.2063414 0.2900834 0.1017439 0.0996671 
Perityle_fosteri_93                        0.2120180 0.1218274 0.2377177 0.2473438 0.2247744 0.0000010 0.3185237 0.2155881 0.2948434 0.2004282 0.1707751 0.1566089 0.0364213 0.0441131 0.0591069 0.0540075 0.0389925 0.1999104 0.1565055 0.0380770 0.1050651 0.0354387 0.0468275 0.2601547 0.0763872 0.0366669 0.0571647 0.1052432 0.1644729 0.3792500 0.1116584 0.1364639 0.1701030 0.2022290 0.0333763 0.2005181 0.1678578 0.0000000 0.1264982 0.0605023 0.0790051 0.0399117 0.1665877 0.0364096 0.1706448 0.1282574 0.0285356 0.0406573 0.1048220 0.1390998 0.0430623 0.0465091 0.0494256 0.0571017 0.1528711 0.1648918 0.0884984 0.1448678 0.0406805 0.0296763 0.1650818 0.2745937 0.1885649 0.0389151 0.1618459 0.1710547 0.0710577 0.2109754 0.1944568 0.2354052 0.0544135 0.2271660 0.1773036 0.0404105 0.0405181 0.0347340 0.0211315 0.1525891 0.2242560 0.0585579 0.1594475 0.0535641 0.0393945 0.2028956 0.1324541 0.1273801 
Perityle_gamon_221                         0.2233461 0.1338583 0.2576545 0.2527284 0.2481824 0.0000010 0.3313361 0.2439199 0.3458684 0.2837509 0.2590193 0.2451393 0.1114111 0.1156024 0.1306302 0.1161680 0.1131969 0.2175912 0.1601161 0.1205465 0.1271981 0.1131084 0.0883123 0.2665666 0.1307548 0.1068336 0.1320284 0.1608903 0.2081655 0.4737850 0.1031707 0.1635130 0.2430572 0.2280044 0.1176150 0.2403919 0.1978046 0.1264982 0.0000000 0.1099194 0.1487343 0.1171225 0.2209413 0.1147016 0.2157040 0.0301448 0.1281234 0.1129214 0.1911573 0.1404086 0.1173028 0.1194726 0.1199906 0.1193061 0.1900970 0.1959317 0.1021103 0.1919980 0.1140397 0.0982001 0.1937165 0.2883613 0.2158008 0.0912567 0.2528488 0.2174291 0.1780465 0.1913543 0.2086888 0.2290856 0.1184566 0.2364287 0.2278153 0.1165540 0.1137838 0.1130386 0.0758973 0.1347350 0.2335701 0.1066355 0.2311462 0.0561321 0.1244004 0.2087471 0.1345963 0.1333582 
Perityle_gentryi_8_san_francisco           0.1997977 0.1235623 0.2244804 0.2360101 0.2125426 0.0000010 0.3153801 0.2202542 0.2983688 0.1971407 0.1667166 0.1566275 0.0559417 0.0558278 0.0604035 0.0220137 0.0486816 0.1946910 0.1447356 0.0386279 0.0949684 0.0550350 0.0468910 0.2532928 0.0718432 0.0547183 0.0655332 0.1124120 0.1425977 0.3733551 0.0957489 0.1316762 0.1737292 0.1937099 0.0530295 0.1885319 0.1632605 0.0605023 0.1099194 0.0000000 0.0889049 0.0548174 0.1608075 0.0569961 0.1646658 0.1140894 0.0528317 0.0615557 0.1063445 0.1308913 0.0566125 0.0576616 0.0569929 0.0647524 0.1249708 0.1535811 0.0886939 0.1446210 0.0604109 0.0574403 0.1547498 0.2603050 0.1782259 0.0410983 0.1579507 0.1470233 0.0954086 0.2008426 0.1808361 0.2206885 0.0667636 0.2172321 0.1718208 0.0601032 0.0532198 0.0505751 0.0289848 0.1393102 0.2116440 0.0436315 0.1597125 0.0513783 0.0591222 0.1885319 0.1279682 0.1227167 
Perityle_gilensis_22_Superstition          0.2126292 0.1204673 0.2512126 0.2601777 0.3306239 0.0390497 0.3316580 0.2214136 0.3129557 0.2661459 0.2651284 0.2394570 0.0805713 0.0459545 0.0558274 0.0966773 0.0596999 0.2746373 0.1603129 0.1041275 0.1615646 0.0722772 0.0435696 0.2034560 0.0670319 0.0672752 0.0953379 0.1399617 0.2349568 0.3505367 0.1014706 0.1953685 0.2238069 0.1732480 0.0469990 0.2287353 0.2075296 0.0790051 0.1487343 0.0889049 0.0000000 0.0620268 0.2423407 0.0818350 0.2269269 0.1437843 0.0809649 0.0724115 0.2650381 0.1836418 0.0419107 0.0700590 0.0652802 0.0655302 0.1248728 0.2276587 0.0775686 0.1348412 0.0768847 0.0316826 0.2390989 0.2583454 0.2350335 0.0399772 0.2190339 0.2075954 0.1497406 0.2597956 0.2660820 0.1765551 0.0755611 0.1696867 0.2020716 0.1021498 0.0638174 0.0664376 0.0170463 0.1744692 0.1920228 0.0576873 0.1999421 0.0926290 0.1187510 0.2969062 0.1216541 0.1163573 
Perityle_gilensis_salensis_225             0.2238099 0.1321059 0.2901566 0.2610793 0.3043144 0.0427348 0.3387610 0.2208291 0.3470818 0.2594447 0.2361452 0.1898255 0.0320799 0.0291630 0.0506219 0.0730795 0.0372959 0.2984538 0.1535550 0.0349427 0.1128964 0.0365606 0.0574321 0.1389403 0.0721949 0.0381971 0.0755000 0.1443980 0.1932342 0.3548729 0.1066855 0.1645877 0.1987637 0.1804103 0.0407532 0.2332641 0.1860787 0.0399117 0.1171225 0.0548174 0.0620268 0.0000000 0.2153800 0.0341927 0.2017538 0.1302083 0.0489885 0.0443765 0.2228825 0.1454328 0.0317947 0.0400462 0.0510804 0.0440158 0.1271566 0.2057747 0.0744920 0.1478357 0.0451359 0.0327867 0.2478542 0.2455300 0.2154584 0.0991074 0.1717569 0.1719264 0.1667543 0.2452835 0.2314699 0.1737780 0.0531385 0.1179363 0.1960531 0.0507259 0.0419585 0.0380997 0.0286126 0.1455136 0.1721271 0.0514079 0.1700137 0.0958705 0.0782286 0.3005300 0.1252019 0.1200911 
Perityle_glaucescens_94                    0.2133446 0.1148953 0.2709612 0.2291125 0.2367920 0.0539360 0.3199808 0.1755849 0.3654648 0.2350739 0.2440041 0.2674749 0.2059577 0.1940882 0.1350071 0.1984957 0.2536852 0.2706547 0.1010095 0.1200716 0.1252658 0.2545967 0.1028302 0.2150172 0.1095290 0.2565325 0.2972784 0.2902244 0.2448882 0.1832232 0.0836214 0.1345505 0.2095629 0.1864776 0.2070545 0.2645833 0.0192148 0.1665877 0.2209413 0.1608075 0.2423407 0.2153800 0.0000000 0.2077457 0.0201069 0.1977482 0.2796846 0.2570591 0.1987476 0.0970907 0.1886711 0.1741918 0.2172201 0.2539544 0.1460252 0.1047311 0.1445856 0.1323481 0.2531588 0.2731271 0.1527995 0.2532383 0.1333307 0.1494918 0.2386946 0.2417749 0.3208253 0.2320911 0.1444253 0.1806826 0.2335070 0.1935876 0.1815341 0.2613279 0.2667082 0.2199939 0.0854668 0.1364384 0.1929383 0.2128229 0.2235537 0.1061640 0.2260019 0.2923800 0.0998685 0.0977480 
Perityle_gracilis_11                       0.2247095 0.1127322 0.2451919 0.2592380 0.2491402 0.0000010 0.3200486 0.1949809 0.3357976 0.2485946 0.2421608 0.1756046 0.0100675 0.0372129 0.0606143 0.0542837 0.0344112 0.1853400 0.1373925 0.0316927 0.0887716 0.0100589 0.0468593 0.2677287 0.0764241 0.0099252 0.0575052 0.1317857 0.1723892 0.4695772 0.1017956 0.1521383 0.2317394 0.2046788 0.0356644 0.2487380 0.2025552 0.0364096 0.1147016 0.0569961 0.0818350 0.0341927 0.2077457 0.0000000 0.2150924 0.1257469 0.0494459 0.0132031 0.1066056 0.1383087 0.0330255 0.0382255 0.0397846 0.0494423 0.1913475 0.1797533 0.0769141 0.1258657 0.0106443 0.0054171 0.1965751 0.2709150 0.2057934 0.0410338 0.1732846 0.1774490 0.0992547 0.1969180 0.2143600 0.2389563 0.0520759 0.2298856 0.2065799 0.0138560 0.0183480 0.0290440 0.0153251 0.1410441 0.2269600 0.0564339 0.1622147 0.0560221 0.0190680 0.2266470 0.1138668 0.1082811 
