84
Amauria_brandeegeana_62                    0.0000000 0.0829056 0.0581092 0.3313942 0.1123167 0.1948656 0.1524976 0.4127482 0.1334565 0.1303919 0.1381083 0.3837948 0.1333562 0.6371555 0.1358192 0.1407379 0.1334384 0.1420824 0.1334160 0.1318981 0.1442622 0.1386164 0.2526855 0.1352465 0.1417891 0.1467042 0.1559239 0.1184104 0.2852606 0.1281013 0.1413164 0.0902402 0.1333777 0.2189369 0.1889266 0.1406861 0.1306000 0.4725574 0.1416938 0.1390367 0.1689584 0.1374018 0.1708493 0.1305459 0.1267983 0.1420988 0.1321510 0.1673008 0.1515263 0.1439009 0.2792629 0.1597034 0.1296652 0.1591994 0.1526084 0.1547714 0.1350950 0.1321510 0.1604142 0.1730833 0.1574462 0.1126400 0.1355276 0.1472274 0.1419441 0.2194897 0.2054708 0.0858271 0.1308057 0.1386164 0.1258345 0.1334064 0.1277218 0.1262523 0.1341079 0.2115972 0.1411822 0.1402133 0.1450352 0.2513829 0.1246421 0.1496994 0.1564763 0.1685051 
Amauria_carterae_99_mesa                   0.0829056 0.0000000 0.0462161 0.2795973 0.1322548 0.1740269 0.1553752 0.2969030 0.1573828 0.1402972 0.1850201 0.2392025 0.1716110 0.3606595 0.1572485 0.1732643 0.1444632 0.1868553 0.1664047 0.1646889 0.1464777 0.1821078 0.1671301 0.1654338 0.1393286 0.1915786 0.1785879 0.1545338 0.2650192 0.1669128 0.1777841 0.0958197 0.1628255 0.2652039 0.2155138 0.1532409 0.1563525 0.2881188 0.1609268 0.1943938 0.2231009 0.1578817 0.2130792 0.1639270 0.1505737 0.1780506 0.1723399 0.2223434 0.1914802 0.1730587 0.1614424 0.1634319 0.1658446 0.1594764 0.1925375 0.1716637 0.1663981 0.1695397 0.1922991 0.1845205 0.1999477 0.0892781 0.1790386 0.1691701 0.1354019 0.1818363 0.1613231 0.1201922 0.1582157 0.1821078 0.1575362 0.1637412 0.1600121 0.1665519 0.1345565 0.1823983 0.1611965 0.1793587 0.1829458 0.2168049 0.1633497 0.1607444 0.1887605 0.1948196 
Amauria_rotundifolia_SRR9119150            0.0581092 0.0462161 0.0000000 0.2889531 0.1115735 0.2058075 0.1412054 0.3968245 0.1488833 0.1332294 0.1522319 0.3629492 0.1359437 0.6265837 0.1256821 0.1525102 0.1224506 0.1435325 0.1367683 0.1327030 0.1483839 0.1338527 0.2471421 0.1324928 0.1295108 0.1359324 0.1617809 0.1212583 0.2697835 0.1818171 0.1422357 0.0721944 0.1278770 0.2245951 0.1838698 0.1456288 0.1378621 0.4519381 0.1327804 0.1343292 0.1543239 0.1415391 0.1561847 0.1346978 0.1309156 0.1344617 0.1228350 0.1684847 0.1502241 0.1272599 0.2849973 0.1452056 0.1285202 0.1469708 0.1474079 0.1360539 0.1240851 0.1228350 0.1655997 0.1793648 0.1553454 0.0848128 0.1301573 0.1492776 0.1351014 0.2230887 0.1915268 0.0954772 0.1164228 0.1361820 0.1338222 0.1238232 0.1315567 0.1125113 0.1340579 0.2137638 0.1553881 0.1400867 0.1440283 0.2096885 0.1205253 0.1334681 0.1555532 0.1618562 
Conoclinium_coelestinum_SRR9119114         0.3313942 0.2795973 0.2889531 0.0000000 0.2952333 0.2523181 0.2826546 0.3698500 0.3597123 0.3399467 0.3154310 0.4752287 0.3167632 0.5393207 0.2953363 0.3318854 0.2797989 0.3131613 0.3178382 0.3191269 0.2752935 0.2885596 0.4495499 0.3033755 0.2707672 0.3091934 0.3220693 0.3637671 0.3852699 0.3801128 0.3284433 0.3441761 0.2791417 0.4261719 0.3865943 0.3152860 0.3047735 0.5148379 0.2869573 0.2794771 0.3153275 0.3016334 0.3234371 0.2908057 0.3056947 0.2949472 0.2901183 0.3502441 0.3111853 0.2826805 0.3800567 0.2905595 0.3139140 0.3195848 0.3593402 0.2845411 0.2865050 0.2864976 0.3214097 0.2857611 0.3324517 0.2126704 0.2855156 0.3078769 0.2964405 0.3581362 0.3040240 0.1658968 0.2805348 0.2922580 0.3560331 0.2856849 0.2226629 0.2922261 0.2401648 0.3479966 0.3036049 0.3196176 0.3049928 0.2958267 0.2895150 0.2798917 0.3163011 0.3512356 
Eutetras_palmeri_63                        0.1123167 0.1322548 0.1115735 0.2952333 0.0000000 0.1952092 0.1265099 0.3821223 0.1420199 0.0875857 0.1367226 0.3554032 0.1343639 0.6600565 0.1252037 0.1426079 0.1294916 0.1475651 0.1298023 0.1281050 0.1610623 0.1275674 0.2559128 0.1200612 0.0894288 0.1325445 0.1570013 0.1143894 0.2599622 0.1484394 0.1320667 0.1382458 0.1278616 0.1640643 0.1877847 0.1424386 0.1282329 0.4812307 0.1317770 0.1280139 0.1561815 0.1611589 0.1557006 0.1224836 0.1204551 0.1288718 0.1197151 0.1645958 0.1515643 0.1271118 0.2814372 0.1039306 0.1344064 0.0883290 0.1567817 0.0744346 0.1224650 0.1186363 0.1545150 0.1952236 0.1610872 0.0428524 0.1170522 0.1505730 0.0929064 0.2208747 0.1960388 0.1157458 0.1276273 0.1287538 0.1204862 0.1175639 0.1482219 0.1143879 0.1386245 0.2086386 0.1233761 0.1360514 0.1388387 0.1424149 0.1073950 0.0924837 0.1571961 0.1091214 
Eutrochium_fistulosum_SRR9119106           0.1948656 0.1740269 0.2058075 0.2523181 0.1952092 0.0000000 0.1470839 0.4595950 0.2134580 0.1937094 0.1892245 0.4231399 0.1922682 0.6238986 0.1910867 0.1888920 0.1748241 0.2081244 0.1761475 0.1806681 0.1608639 0.1916530 0.3093886 0.1865011 0.1908286 0.2111390 0.2140310 0.1729572 0.2594222 0.1890105 0.2175493 0.1908524 0.1972514 0.2713058 0.2570755 0.1824485 0.2011564 0.4471538 0.1938989 0.2038812 0.2554196 0.1753305 0.2539861 0.1986257 0.1724236 0.1885474 0.1872098 0.2514573 0.2064243 0.1860137 0.2991690 0.2059342 0.1758485 0.2114642 0.1877317 0.1589208 0.1813575 0.1836056 0.2115486 0.2038362 0.1994183 0.1014362 0.1844726 0.2111272 0.1847903 0.2677524 0.2523459 0.0933581 0.1809482 0.1916530 0.1919207 0.1802590 0.1528674 0.1877372 0.1618397 0.2681278 0.2011621 0.1943053 0.1944987 0.2026250 0.1763181 0.2018292 0.1951446 0.1929212 
Galeana_pratensis_104_mex                  0.1524976 0.1553752 0.1412054 0.2826546 0.1265099 0.1470839 0.0000000 0.3076347 0.1557596 0.1497330 0.1696814 0.3739527 0.1547810 0.4331470 0.1484872 0.1617281 0.1377713 0.1769394 0.1636705 0.1599783 0.1545770 0.1706829 0.1793957 0.1568436 0.1478524 0.1873519 0.1850725 0.1558957 0.2507660 0.1486603 0.1847015 0.1479046 0.1700073 0.1474977 0.1788938 0.1396868 0.1706831 0.4272288 0.1526053 0.1561672 0.1902990 0.1298382 0.1921677 0.1820538 0.1402402 0.1532159 0.1701594 0.1931675 0.1608034 0.1743215 0.1646550 0.1436587 0.1474966 0.1746077 0.1706763 0.1584262 0.1658887 0.1667600 0.1842562 0.1732955 0.1681232 0.1053008 0.1776184 0.1770787 0.1517501 0.2118013 0.1892376 0.1149969 0.1745719 0.1706829 0.1558957 0.1633667 0.1281101 0.1477863 0.0935342 0.2120680 0.1523913 0.1634983 0.1771477 0.2376080 0.1270475 0.1402104 0.1695903 0.1782718 
Helianthus_annuus_SRR9119062               0.4127482 0.2969030 0.3968245 0.3698500 0.3821223 0.4595950 0.3076347 0.0000000 0.4436227 0.4258896 0.4238959 0.5490749 0.4020235 0.7048617 0.3789526 0.4233148 0.3755331 0.4444722 0.4426955 0.4201227 0.2359743 0.4136728 0.4938041 0.3791591 0.3927199 0.4034484 0.3681526 0.3885226 0.4116837 0.4280588 0.4043518 0.4358504 0.3930780 0.5119420 0.4681373 0.4108187 0.4039862 0.5735236 0.3849592 0.3848793 0.4286439 0.3570159 0.4189327 0.3977979 0.4047714 0.4039906 0.3956550 0.4391763 0.4423931 0.3943854 0.4725007 0.4020358 0.4176890 0.4743710 0.3800825 0.3043854 0.3917591 0.3937763 0.3783592 0.3591837 0.4378545 0.1911500 0.3836077 0.3711525 0.4072103 0.4631612 0.4285469 0.1925670 0.3808329 0.4136728 0.4414849 0.3927734 0.2314164 0.3797145 0.2512575 0.4493868 0.4007599 0.4149570 0.4033551 0.2793624 0.3679162 0.3980169 0.4387786 0.4686943 
Lycapsus_tenuifolius_17                    0.1334565 0.1573828 0.1488833 0.3597123 0.1420199 0.2134580 0.1557596 0.4436227 0.0000000 0.1587394 0.1718198 0.3540859 0.1606774 0.6673044 0.1708537 0.1626161 0.1565556 0.1824188 0.1586109 0.1601924 0.1580050 0.1783375 0.2261427 0.1674036 0.1594917 0.1718900 0.2032472 0.0098419 0.2876849 0.1673194 0.1713848 0.1585162 0.1643345 0.2027856 0.2049635 0.1519179 0.1573049 0.4432734 0.1647799 0.1813978 0.2019062 0.1642416 0.1990953 0.1603129 0.1513854 0.1759671 0.1667762 0.1998128 0.1895736 0.1746156 0.3151252 0.1719377 0.1562615 0.1512495 0.1731550 0.1560647 0.1694549 0.1640912 0.1701826 0.1871240 0.1770103 0.1235010 0.1616020 0.1945716 0.1591754 0.2563061 0.2521468 0.1102963 0.1628414 0.1798246 0.0121040 0.1657626 0.1513192 0.1695216 0.1536676 0.2534950 0.1816457 0.1707738 0.1816981 0.2559981 0.1560524 0.1591334 0.1914613 0.1707724 
Pericome_caudata_50_silver                 0.1303919 0.1402972 0.1332294 0.3399467 0.0875857 0.1937094 0.1497330 0.4258896 0.1587394 0.0000000 0.1714252 0.3355509 0.1457896 0.6244776 0.1629575 0.1529940 0.1643997 0.1736210 0.1518891 0.1497981 0.1694799 0.1704971 0.2276422 0.1628893 0.1210354 0.1706145 0.1721469 0.1454403 0.2591317 0.1571318 0.1565303 0.1402972 0.1564801 0.2078663 0.2133404 0.1499366 0.1617598 0.4176718 0.1564983 0.1673278 0.2076559 0.1557697 0.2040862 0.1616078 0.1418098 0.1701246 0.1614636 0.2054400 0.1727833 0.1656183 0.3072649 0.1172964 0.1361787 0.1050870 0.1740238 0.1132736 0.1624815 0.1602376 0.1731547 0.1900257 0.1769857 0.0551360 0.1588096 0.1658506 0.1193813 0.2207636 0.2359223 0.1304388 0.1589134 0.1718887 0.1394756 0.1603972 0.1477762 0.1549655 0.1717730 0.2317850 0.1728282 0.1623201 0.1726891 0.1629131 0.1404106 0.1038147 0.1666172 0.1229208 
Perityle_aglossa_84_dead_horse             0.1381083 0.1850201 0.1522319 0.3154310 0.1367226 0.1892245 0.1696814 0.4238959 0.1718198 0.1714252 0.0000000 0.2512742 0.0622744 0.5526424 0.0630574 0.1659749 0.0859982 0.0651868 0.0438625 0.0469029 0.0797771 0.0514245 0.1889499 0.0590179 0.0993845 0.0812542 0.1594024 0.1635632 0.3009484 0.1484126 0.1526466 0.1654948 0.0710573 0.2650264 0.1269811 0.0771648 0.1143863 0.3675015 0.0697844 0.0610883 0.1177427 0.0637347 0.1119880 0.1197186 0.0670478 0.0602454 0.0440819 0.1146064 0.0703671 0.0546064 0.2190344 0.1367635 0.0579056 0.1872049 0.1020016 0.1882403 0.0449587 0.0447885 0.1030956 0.1296280 0.1064446 0.1336662 0.0432320 0.1518103 0.1105642 0.1682132 0.1902192 0.0669735 0.0662612 0.0523917 0.1581266 0.0484754 0.0748000 0.0653996 0.0614853 0.1885202 0.0872342 0.0474031 0.0213951 0.2511177 0.0455007 0.1309858 0.1098784 0.2067201 
Perityle_ajoensis_204                      0.3837948 0.2392025 0.3629492 0.4752287 0.3554032 0.4231399 0.3739527 0.5490749 0.3540859 0.3355509 0.2512742 0.0000000 0.2700406 0.6562224 0.2528931 0.3523607 0.3580433 0.2960190 0.2562132 0.2872127 0.0861831 0.2523599 0.3103089 0.2244848 0.3091476 0.2519652 0.4238230 0.3700371 0.2717106 0.3363488 0.3324074 0.3166533 0.3035504 0.5746292 0.3241407 0.2818410 0.3518299 0.4979433 0.3094558 0.2853467 0.3127929 0.0883970 0.3251377 0.3170513 0.2750229 0.2453261 0.2626966 0.3456103 0.2677823 0.2905295 0.5168711 0.4463128 0.2523071 0.4013185 0.2310404 0.3289998 0.2395746 0.2300649 0.4532520 0.2254977 0.2735495 0.0987114 0.2547225 0.4195954 0.3759606 0.4218364 0.4597136 0.1307445 0.3617238 0.2536993 0.3906160 0.2326169 0.1123903 0.2675384 0.0369437 0.4491043 0.2938370 0.2965669 0.3242868 0.2134731 0.2392247 0.4037831 0.3039917 0.3529914 
Perityle_ambrosiifolia_67_green            0.1333562 0.1716110 0.1359437 0.3167632 0.1343639 0.1922682 0.1547810 0.4020235 0.1606774 0.1457896 0.0622744 0.2700406 0.0000000 0.5752721 0.0347926 0.1487612 0.0658986 0.0682856 0.0505397 0.0488317 0.0853561 0.0602174 0.1706770 0.0238536 0.1007633 0.0668107 0.1046281 0.1615695 0.2900855 0.1393567 0.1509960 0.1502665 0.0673385 0.2412827 0.1080475 0.0408918 0.0986938 0.3667481 0.0409896 0.0519719 0.1007280 0.0268875 0.1019091 0.0986287 0.0508790 0.0564199 0.0540824 0.0997089 0.0753970 0.0626894 0.2099327 0.1311834 0.0430808 0.1703763 0.0860130 0.1752285 0.0536073 0.0518126 0.0949918 0.1192864 0.0884978 0.1114523 0.0666462 0.1001253 0.1009912 0.1517445 0.1516970 0.0281612 0.0714513 0.0602174 0.1514273 0.0529374 0.0474946 0.0559188 0.0198356 0.1571003 0.0734917 0.0587590 0.0654276 0.2467754 0.0429425 0.1181762 0.1059877 0.1899188 
Perityle_batopilensis_97                   0.6371555 0.3606595 0.6265837 0.5393207 0.6600565 0.6238986 0.4331470 0.7048617 0.6673044 0.6244776 0.5526424 0.6562224 0.5752721 0.0000000 0.5689938 0.6609390 0.4470773 0.5683232 0.5728857 0.5751082 0.2377266 0.5582471 0.6280943 0.5828996 0.6520772 0.6105860 0.5578061 0.5656672 0.3378418 0.6461380 0.6458831 0.6010346 0.5944909 0.6406129 0.6033356 0.5604197 0.6763040 0.1648356 0.5799696 0.5873547 0.6146742 0.4289362 0.6140245 0.6866399 0.5629456 0.5803285 0.5823147 0.6109130 0.5881732 0.5776216 0.6691892 0.6423325 0.5794048 0.6436699 0.4654076 0.4641441 0.5886272 0.5763757 0.4924103 0.3939662 0.5536617 0.2427919 0.5842454 0.5622604 0.6406224 0.6130446 0.6246937 0.1643271 0.5617074 0.5575946 0.6470579 0.5774772 0.2267451 0.5785665 0.1973935 0.6225822 0.5675243 0.5692983 0.5599652 0.2696429 0.5776803 0.6494269 0.5449238 0.6992011 
Perityle_bisetosa_9                        0.1358192 0.1572485 0.1256821 0.2953363 0.1252037 0.1910867 0.1484872 0.3789526 0.1708537 0.1629575 0.0630574 0.2528931 0.0347926 0.5689938 0.0000000 0.1577162 0.0620299 0.0773689 0.0535900 0.0528167 0.0810322 0.0616162 0.1749392 0.0363491 0.0972515 0.0708157 0.1344270 0.1534744 0.2900595 0.1920618 0.1428435 0.1394323 0.0685456 0.2391758 0.1174937 0.0519295 0.1115577 0.3858702 0.0390219 0.0408573 0.1022489 0.0330681 0.0966059 0.1090239 0.0552294 0.0582330 0.0536468 0.1006038 0.0621634 0.0609560 0.2029835 0.1257841 0.0498294 0.1741878 0.0778294 0.1702838 0.0542465 0.0520666 0.0966882 0.1122828 0.0989128 0.1029109 0.0705998 0.1242358 0.1092417 0.1598765 0.1567920 0.0241870 0.0589615 0.0623096 0.1536443 0.0554092 0.0509147 0.0405304 0.0232859 0.1679485 0.1118506 0.0650421 0.0678123 0.2412937 0.0515444 0.1207860 0.1011899 0.1933342 
Perityle_californica_76_positas            0.1407379 0.1732643 0.1525102 0.3318854 0.1426079 0.1888920 0.1617281 0.4233148 0.1626161 0.1529940 0.1659749 0.3523607 0.1487612 0.6609390 0.1577162 0.0000000 0.1481270 0.1707912 0.1460580 0.1497639 0.1227613 0.1630097 0.2145523 0.1466954 0.1585925 0.1569149 0.1706177 0.1441439 0.2862474 0.0666348 0.0792435 0.1508591 0.1525975 0.2338804 0.1948850 0.1337029 0.1711311 0.4090674 0.1558634 0.1706405 0.1884095 0.1402889 0.1907018 0.1729382 0.1393727 0.1585393 0.1528806 0.1895983 0.1727354 0.1647546 0.2833876 0.1865395 0.1441157 0.1762549 0.1422196 0.1663087 0.1537978 0.1528806 0.1660895 0.1875639 0.1674237 0.1237834 0.1479247 0.1661975 0.1608985 0.2280909 0.2274862 0.1061607 0.1445955 0.1630097 0.1474705 0.1529591 0.1298107 0.1543795 0.1125254 0.2283809 0.1583939 0.1615391 0.1661724 0.2135423 0.1409464 0.1762705 0.1596781 0.1653775 
Perityle_canescens_77                      0.1334384 0.1444632 0.1224506 0.2797989 0.1294916 0.1748241 0.1377713 0.3755331 0.1565556 0.1643997 0.0859982 0.3580433 0.0658986 0.4470773 0.0620299 0.1481270 0.0000000 0.0880543 0.0722781 0.0777934 0.1212239 0.0805416 0.1888461 0.0664007 0.0854348 0.0874439 0.0996648 0.1636930 0.2925357 0.1402085 0.1628787 0.1346726 0.0898817 0.1781239 0.1012099 0.0626904 0.0678204 0.4223234 0.0703833 0.0705782 0.0996327 0.0634552 0.1032183 0.0776245 0.0648097 0.0809398 0.0824574 0.0971703 0.0894970 0.0880355 0.0870339 0.1158989 0.0669305 0.1663718 0.1010067 0.1906244 0.0779774 0.0804585 0.1031432 0.1056129 0.0927610 0.1008464 0.0807470 0.0930261 0.0859010 0.1126534 0.1067499 0.0493755 0.0826748 0.0805416 0.1566932 0.0765109 0.0752319 0.0649511 0.0782849 0.1149371 0.0591084 0.0868647 0.0856034 0.2437610 0.0635745 0.1139667 0.0959724 0.2085818 
Perityle_castillonii_96                    0.1420824 0.1868553 0.1435325 0.3131613 0.1475651 0.2081244 0.1769394 0.4444722 0.1824188 0.1736210 0.0651868 0.2960190 0.0682856 0.5683232 0.0773689 0.1707912 0.0880543 0.0000000 0.0408338 0.0412379 0.0854826 0.0363070 0.1776765 0.0709723 0.1215800 0.0985590 0.1369554 0.1853567 0.3009603 0.1676704 0.1824869 0.1646466 0.0653546 0.2637876 0.1406494 0.0772252 0.1144692 0.3881472 0.0747280 0.0775793 0.1238953 0.0681182 0.1223912 0.1104272 0.0720291 0.0668517 0.0477610 0.1215340 0.0743834 0.0514779 0.2027274 0.1509909 0.0636839 0.1886082 0.1155225 0.1973046 0.0494035 0.0456327 0.1060240 0.1404545 0.0970660 0.1299682 0.0738599 0.1295731 0.1218424 0.1647832 0.1608040 0.0580132 0.0521958 0.0373836 0.1740068 0.0510001 0.0675413 0.0762801 0.0579504 0.1660518 0.0954632 0.0475539 0.0643392 0.2414359 0.0626463 0.1373265 0.1202111 0.2154571 
Perityle_cernua_84                         0.1334160 0.1664047 0.1367683 0.3178382 0.1298023 0.1761475 0.1636705 0.4426955 0.1586109 0.1518891 0.0438625 0.2562132 0.0505397 0.5728857 0.0535900 0.1460580 0.0722781 0.0408338 0.0000000 0.0146656 0.0728185 0.0316325 0.1373773 0.0502001 0.1018348 0.0777960 0.1043360 0.1560241 0.2582472 0.1464127 0.1586676 0.1430157 0.0463738 0.2472072 0.1104370 0.0597360 0.1097152 0.3408779 0.0630374 0.0620015 0.0981595 0.0450036 0.1013463 0.1096393 0.0518969 0.0454474 0.0188724 0.0978836 0.0546311 0.0224719 0.2024814 0.1329970 0.0458427 0.1643617 0.0883717 0.1734096 0.0179751 0.0166322 0.0910488 0.1169689 0.0859605 0.1030667 0.0519333 0.0965845 0.1035408 0.1608141 0.1596110 0.0453207 0.0314145 0.0316325 0.1470680 0.0222601 0.0541826 0.0579106 0.0404616 0.1638862 0.0734793 0.0247935 0.0526038 0.2241663 0.0419724 0.1216232 0.0960921 0.1868638 
Perityle_cfvillosa_25_tin                  0.1318981 0.1646889 0.1327030 0.3191269 0.1281050 0.1806681 0.1599783 0.4201227 0.1601924 0.1497981 0.0469029 0.2872127 0.0488317 0.5751082 0.0528167 0.1497639 0.0777934 0.0412379 0.0146656 0.0000000 0.0773232 0.0320571 0.1584549 0.0495758 0.1002437 0.0721677 0.1074671 0.1538762 0.2610944 0.1422490 0.1548804 0.1458010 0.0466186 0.2391081 0.1161572 0.0586011 0.1064356 0.3830543 0.0574007 0.0607445 0.1030846 0.0478717 0.1016497 0.1063669 0.0501927 0.0473323 0.0062382 0.0995927 0.0565672 0.0201131 0.1931808 0.1264201 0.0437342 0.1597351 0.0877728 0.1708499 0.0094978 0.0041542 0.0982204 0.1293101 0.0919449 0.0986275 0.0533610 0.1014090 0.0990884 0.1476868 0.1447999 0.0471633 0.0303431 0.0320571 0.1485829 0.0114939 0.0592201 0.0557169 0.0442518 0.1474397 0.0774561 0.0264416 0.0525157 0.2197025 0.0418222 0.1152222 0.1028537 0.1834963 
Perityle_cinerea_113_Powell1310            0.1442622 0.1464777 0.1483839 0.2752935 0.1610623 0.1608639 0.1545770 0.2359743 0.1580050 0.1694799 0.0797771 0.0861831 0.0853561 0.2377266 0.0810322 0.1227613 0.1212239 0.0854826 0.0728185 0.0773232 0.0000000 0.0772365 0.0646189 0.1004300 0.1248722 0.0863435 0.1078623 0.1490556 0.2334108 0.1173134 0.1513441 0.1571975 0.0696537 0.2713855 0.1261617 0.0559658 0.0955117 0.0962503 0.0994386 0.1039023 0.1131560 0.0957691 0.1066964 0.1099586 0.0437700 0.1008810 0.0897713 0.1171244 0.0946967 0.0821902 0.0646189 0.1694639 0.0646763 0.1756701 0.0912027 0.1737675 0.0812082 0.0856147 0.0987145 0.1048330 0.0996547 0.1201727 0.0575816 0.1034322 0.1248722 0.0775867 0.0819270 0.0795488 0.0646338 0.0772365 0.1492948 0.0815242 0.0627203 0.0778253 0.0769152 0.0733041 0.0841794 0.0774685 0.0846994 0.1541016 0.0733511 0.1701273 0.1180352 0.1999169 
Perityle_coahuilensis_24                   0.1386164 0.1821078 0.1338527 0.2885596 0.1275674 0.1916530 0.1706829 0.4136728 0.1783375 0.1704971 0.0514245 0.2523599 0.0602174 0.5582471 0.0616162 0.1630097 0.0805416 0.0363070 0.0316325 0.0320571 0.0772365 0.0000000 0.1708958 0.0550984 0.0960196 0.0772027 0.1512983 0.1757218 0.2913910 0.2133227 0.1396777 0.1596275 0.0521879 0.2545919 0.1252597 0.0722890 0.1148941 0.3964135 0.0655150 0.0598499 0.1076895 0.0663359 0.1055315 0.1262681 0.0650271 0.0538162 0.0318904 0.1107286 0.0616132 0.0380995 0.1930962 0.1471219 0.0556338 0.1827724 0.1098528 0.1957149 0.0327249 0.0348528 0.1001427 0.1319701 0.1051235 0.1344257 0.0616415 0.1346817 0.1099732 0.1649399 0.1774693 0.0579716 0.0407077 0.0028086 0.1677640 0.0416228 0.0641253 0.0583230 0.0580934 0.1860952 0.1325804 0.0401361 0.0565222 0.2405337 0.0502949 0.1217913 0.1115664 0.2088953 
Perityle_cochisensis_44_cave_creek         0.2526855 0.1671301 0.2471421 0.4495499 0.2559128 0.3093886 0.1793957 0.4938041 0.2261427 0.2276422 0.1889499 0.3103089 0.1706770 0.6280943 0.1749392 0.2145523 0.1888461 0.1776765 0.1373773 0.1584549 0.0646189 0.1708958 0.0000000 0.1766950 0.2505698 0.1862604 0.2366407 0.1891356 0.2676509 0.2443222 0.2639297 0.1476926 0.1506468 0.4060830 0.2359935 0.1442883 0.2338841 0.4059386 0.1792126 0.1952821 0.2251391 0.0633050 0.2202157 0.2356261 0.1367333 0.1715448 0.1636975 0.2258220 0.1315128 0.1709425 0.2777467 0.2693649 0.1121082 0.2546876 0.0845191 0.1768006 0.1703052 0.1609893 0.2404909 0.1150869 0.1518595 0.1033012 0.1719845 0.2323711 0.2527436 0.2778948 0.2901905 0.0624968 0.1797067 0.1708958 0.2249290 0.1647859 0.0508686 0.1646992 0.0685521 0.2881337 0.1987280 0.1695256 0.1907122 0.2250741 0.1607938 0.2458877 0.1389019 0.2126998 
Perityle_congesta_202                      0.1352465 0.1654338 0.1324928 0.3033755 0.1200612 0.1865011 0.1568436 0.3791591 0.1674036 0.1628893 0.0590179 0.2244848 0.0238536 0.5828996 0.0363491 0.1466954 0.0664007 0.0709723 0.0502001 0.0495758 0.1004300 0.0550984 0.1766950 0.0000000 0.0853629 0.0616206 0.1494895 0.1657099 0.2763458 0.1524545 0.1395171 0.1545327 0.0603257 0.2432927 0.1212728 0.0459931 0.1056095 0.4027124 0.0398949 0.0523756 0.1058728 0.0133511 0.1009429 0.1044960 0.0508634 0.0419646 0.0500195 0.0999802 0.0741078 0.0550074 0.2117232 0.1262790 0.0447283 0.1684953 0.0911333 0.1831174 0.0480316 0.0447131 0.0941465 0.1185986 0.0915235 0.1182402 0.0604363 0.1372622 0.1021789 0.1658155 0.1829742 0.0284805 0.0681918 0.0559548 0.1530383 0.0457473 0.0579552 0.0525754 0.0032770 0.1845440 0.0761285 0.0576855 0.0618664 0.2462358 0.0450669 0.1158944 0.1107126 0.1885135 
Perityle_cordifolia_27                     0.1417891 0.1393286 0.1295108 0.2707672 0.0894288 0.1908286 0.1478524 0.3927199 0.1594917 0.1210354 0.0993845 0.3091476 0.1007633 0.6520772 0.0972515 0.1585925 0.0854348 0.1215800 0.1018348 0.1002437 0.1248722 0.0960196 0.2505698 0.0853629 0.0000000 0.0973948 0.1686996 0.1421420 0.2113167 0.1905846 0.1459731 0.1392443 0.1021309 0.1795598 0.1458292 0.1093777 0.1181585 0.5115591 0.1027526 0.1049340 0.1255510 0.1132673 0.1227858 0.1221562 0.0940186 0.0889446 0.0948953 0.1339444 0.1263084 0.1073879 0.2625798 0.0365188 0.1029669 0.1291563 0.1252213 0.0975841 0.0918871 0.0871476 0.1167093 0.1582977 0.1323701 0.0075573 0.0881646 0.1560110 0.0126033 0.2105455 0.2059640 0.1014876 0.1051409 0.0980339 0.1438861 0.0879872 0.0900856 0.0884026 0.1021807 0.2228912 0.1286200 0.1166598 0.1091431 0.1585457 0.0801651 0.0297368 0.1240662 0.1305067 
Perityle_cordifolia_68_tecolote            0.1467042 0.1915786 0.1359324 0.3091934 0.1325445 0.2111390 0.1873519 0.4034484 0.1718900 0.1706145 0.0812542 0.2519652 0.0668107 0.6105860 0.0708157 0.1569149 0.0874439 0.0985590 0.0777960 0.0721677 0.0863435 0.0772027 0.1862604 0.0616206 0.0973948 0.0000000 0.1627535 0.1761014 0.2989902 0.2031572 0.1415591 0.1742878 0.0710811 0.2481744 0.1319783 0.0682925 0.1139628 0.4074609 0.0683616 0.0798208 0.1096940 0.0845742 0.1105183 0.1121707 0.0541056 0.0681896 0.0684731 0.1139613 0.1053457 0.0728212 0.2236089 0.1363076 0.0619709 0.1858885 0.0018864 0.2017710 0.0697370 0.0662807 0.1145400 0.1621403 0.1124439 0.1436109 0.0679623 0.1500762 0.1150040 0.1772106 0.1875978 0.0715177 0.0718275 0.0779616 0.1631036 0.0662146 0.0782486 0.0655306 0.0834515 0.1952304 0.1236619 0.0836324 0.0820848 0.2522788 0.0619692 0.1276846 0.1261786 0.2067880 
Perityle_coronopifolia_28_patagonia        0.1559239 0.1785879 0.1617809 0.3220693 0.1570013 0.2140310 0.1850725 0.3681526 0.2032472 0.1721469 0.1594024 0.4238230 0.1046281 0.5578061 0.1344270 0.1706177 0.0996648 0.1369554 0.1043360 0.1074671 0.1078623 0.1512983 0.2366407 0.1494895 0.1686996 0.1627535 0.0000000 0.1734459 0.2909209 0.2009141 0.2070391 0.1711537 0.0929933 0.2553879 0.1787251 0.1012625 0.1307882 0.4597805 0.0982921 0.1242227 0.1853680 0.1144447 0.1514255 0.1728598 0.1076552 0.1524999 0.1169698 0.1532641 0.1331061 0.1120107 0.1209173 0.1378887 0.0984114 0.1844604 0.1233699 0.1984630 0.1357062 0.1472897 0.0333533 0.0522673 0.1492242 0.1079212 0.1518750 0.0122449 0.1444092 0.1564048 0.1611503 0.0662069 0.1008552 0.1525096 0.1758117 0.1519331 0.0740712 0.1164049 0.0832183 0.1685663 0.1335378 0.1173509 0.1052084 0.2486589 0.1193987 0.1332667 0.1361739 0.2289801 
Perityle_crassifolia_70_ventanas           0.1184104 0.1545338 0.1212583 0.3637671 0.1143894 0.1729572 0.1558957 0.3885226 0.0098419 0.1454403 0.1635632 0.3700371 0.1615695 0.5656672 0.1534744 0.1441439 0.1636930 0.1853567 0.1560241 0.1538762 0.1490556 0.1757218 0.1891356 0.1657099 0.1421420 0.1761014 0.1734459 0.0000000 0.2818514 0.1432338 0.1490876 0.1458485 0.1536030 0.1917369 0.2029241 0.1428104 0.1546890 0.4217822 0.1523581 0.1732047 0.2079130 0.1596231 0.2043380 0.1574520 0.1393404 0.1743772 0.1645019 0.2050738 0.1798089 0.1666126 0.1706807 0.1543349 0.1493598 0.1281998 0.1653318 0.1458140 0.1681382 0.1625617 0.1778178 0.1700555 0.1645709 0.1103378 0.1515908 0.1668310 0.1426207 0.1887041 0.1837615 0.1053930 0.1588956 0.1757218 0.0016317 0.1625135 0.1435427 0.1515743 0.1413018 0.1892526 0.1609961 0.1669884 0.1704305 0.2450423 0.1519103 0.1546102 0.1737665 0.1564162 
Perityle_crassifolia_74_playa_balandra     0.2852606 0.2650192 0.2697835 0.3852699 0.2599622 0.2594222 0.2507660 0.4116837 0.2876849 0.2591317 0.3009484 0.2717106 0.2900855 0.3378418 0.2900595 0.2862474 0.2925357 0.3009603 0.2582472 0.2610944 0.2334108 0.2913910 0.2676509 0.2763458 0.2113167 0.2989902 0.2909209 0.2818514 0.0000000 0.2799361 0.2786744 0.2917140 0.2780597 0.2795480 0.3185737 0.2809488 0.1532822 0.3326515 0.2820570 0.2865386 0.3017868 0.2768549 0.3169175 0.1778597 0.2833895 0.2813831 0.2870076 0.3051234 0.2792922 0.2666250 0.2743276 0.2471959 0.2946786 0.2453332 0.3049702 0.2912600 0.2830245 0.2815605 0.2905044 0.2907458 0.2889780 0.1862155 0.2737007 0.2903859 0.2113167 0.2835833 0.2916534 0.1758640 0.2774198 0.2818709 0.2818514 0.2714223 0.2641106 0.3043017 0.2709248 0.2841597 0.2914863 0.2832117 0.2836089 0.2430666 0.2649785 0.2321715 0.2857595 0.2723378 
Perityle_cuneata_34_cuneata_San_antonio    0.1281013 0.1669128 0.1818171 0.3801128 0.1484394 0.1890105 0.1486603 0.4280588 0.1673194 0.1571318 0.1484126 0.3363488 0.1393567 0.6461380 0.1920618 0.0666348 0.1402085 0.1676704 0.1464127 0.1422490 0.1173134 0.2133227 0.2443222 0.1524545 0.1905846 0.2031572 0.2009141 0.1432338 0.2799361 0.0000000 0.1485982 0.1476340 0.2190695 0.2322126 0.1902484 0.1504549 0.1622710 0.4651497 0.1773136 0.1750222 0.2052157 0.1413771 0.1841835 0.2347444 0.1315956 0.1862378 0.2067642 0.1780603 0.1579626 0.1975655 0.2929721 0.2504475 0.1382857 0.1765723 0.1405347 0.1602997 0.2066928 0.2060982 0.1739784 0.1826592 0.1747407 0.1014817 0.1980119 0.2288614 0.1466134 0.2196495 0.2519506 0.0949794 0.1939308 0.1888752 0.1535908 0.2000331 0.1160720 0.1585104 0.1126596 0.2193222 0.2243477 0.1600763 0.1710063 0.2322049 0.2009389 0.1819052 0.1675288 0.1768149 
Perityle_cuneata_4                         0.1413164 0.1777841 0.1422357 0.3284433 0.1320667 0.2175493 0.1847015 0.4043518 0.1713848 0.1565303 0.1526466 0.3324074 0.1509960 0.6458831 0.1428435 0.0792435 0.1628787 0.1824869 0.1586676 0.1548804 0.1513441 0.1396777 0.2639297 0.1395171 0.1459731 0.1415591 0.2070391 0.1490876 0.2786744 0.1485982 0.0000000 0.1694359 0.1460312 0.2333573 0.1973698 0.1544511 0.1612522 0.4702654 0.1486388 0.1528913 0.1657398 0.1517579 0.1721836 0.1629974 0.1433318 0.1387769 0.1358113 0.1861331 0.1836522 0.1438178 0.3070902 0.1822696 0.1564777 0.1776027 0.1544658 0.1651236 0.1331025 0.1340499 0.1834037 0.1812064 0.1851318 0.1192538 0.1396983 0.1898064 0.1608254 0.2409840 0.2356756 0.1101758 0.1421174 0.1436293 0.1481644 0.1380236 0.1323443 0.1355995 0.1423856 0.2504759 0.1963566 0.1559291 0.1572556 0.2458532 0.1237654 0.1580697 0.1792855 0.1804416 
Perityle_discoidea_81                      0.0902402 0.0958197 0.0721944 0.3441761 0.1382458 0.1908524 0.1479046 0.4358504 0.1585162 0.1402972 0.1654948 0.3166533 0.1502665 0.6010346 0.1394323 0.1508591 0.1346726 0.1646466 0.1430157 0.1458010 0.1571975 0.1596275 0.1476926 0.1545327 0.1392443 0.1742878 0.1711537 0.1458485 0.2917140 0.1476340 0.1694359 0.0000000 0.1490462 0.2589548 0.1883100 0.1382623 0.1546336 0.3840078 0.1436622 0.1579786 0.1957988 0.1593101 0.1919275 0.1525738 0.1368502 0.1541836 0.1513343 0.1950225 0.1581209 0.1554910 0.2400577 0.1669275 0.1348352 0.1532765 0.1661302 0.1575175 0.1521485 0.1494914 0.1724547 0.1865813 0.1770124 0.0892295 0.1536964 0.1643435 0.1393204 0.2383057 0.2390000 0.1300416 0.1443737 0.1596275 0.1567716 0.1494064 0.1467176 0.1312063 0.1500812 0.2384796 0.1535707 0.1598133 0.1579235 0.2051590 0.1376695 0.1632629 0.1612390 0.1738213 
Perityle_dissecta_201                      0.1333777 0.1628255 0.1278770 0.2791417 0.1278616 0.1972514 0.1700073 0.3930780 0.1643345 0.1564801 0.0710573 0.3035504 0.0673385 0.5944909 0.0685456 0.1525975 0.0898817 0.0653546 0.0463738 0.0466186 0.0696537 0.0521879 0.1506468 0.0603257 0.1021309 0.0710811 0.0929933 0.1536030 0.2780597 0.2190695 0.1460312 0.1490462 0.0000000 0.2514596 0.1267309 0.0634294 0.1049146 0.3877289 0.0664461 0.0755063 0.1000337 0.0614602 0.1008902 0.1050440 0.0551586 0.0538460 0.0480268 0.1032271 0.0710010 0.0524608 0.1805686 0.1285350 0.0568743 0.1742227 0.0826399 0.1644883 0.0485251 0.0462033 0.0899481 0.1135111 0.0947960 0.1139384 0.0588141 0.0859376 0.1105303 0.1574410 0.1354111 0.0499705 0.0528398 0.0549983 0.1553547 0.0501193 0.0514303 0.0638636 0.0652417 0.1543640 0.1303901 0.0594471 0.0684842 0.2345277 0.0511757 0.1147625 0.1023930 0.1894061 
Perityle_emoryi_47_punta_san_jose          0.2189369 0.2652039 0.2245951 0.4261719 0.1640643 0.2713058 0.1474977 0.5119420 0.2027856 0.2078663 0.2650264 0.5746292 0.2412827 0.6406129 0.2391758 0.2338804 0.1781239 0.2637876 0.2472072 0.2391081 0.2713855 0.2545919 0.4060830 0.2432927 0.1795598 0.2481744 0.2553879 0.1917369 0.2795480 0.2322126 0.2333573 0.2589548 0.2514596 0.0000000 0.2848901 0.2478766 0.2095087 0.6807303 0.2485008 0.2653443 0.2763415 0.3056331 0.2818180 0.2115592 0.2320100 0.2451619 0.2480041 0.2744924 0.2779399 0.2548424 0.2739771 0.2086242 0.2477554 0.1719821 0.2655466 0.1890787 0.2507748 0.2462991 0.2296606 0.3108953 0.2681170 0.1464212 0.2402614 0.2499000 0.1780332 0.2852598 0.2783509 0.1099792 0.2415493 0.2545919 0.1818287 0.2403412 0.1967770 0.2366262 0.2359131 0.2836957 0.2470339 0.2544159 0.2583161 0.1786295 0.2361180 0.2110481 0.2641138 0.2311463 
Perityle_feddemae_99                       0.1889266 0.2155138 0.1838698 0.3865943 0.1877847 0.2570755 0.1788938 0.4681373 0.2049635 0.2133404 0.1269811 0.3241407 0.1080475 0.6033356 0.1174937 0.1948850 0.1012099 0.1406494 0.1104370 0.1161572 0.1261617 0.1252597 0.2359935 0.1212728 0.1458292 0.1319783 0.1787251 0.2029241 0.3185737 0.1902484 0.1973698 0.1883100 0.1267309 0.2848901 0.0000000 0.1180505 0.1611827 0.4537730 0.1287697 0.1260515 0.0361912 0.1173335 0.0326495 0.1592686 0.1069379 0.1240950 0.1222628 0.0311314 0.1218371 0.1247388 0.2563281 0.1867082 0.1024339 0.2103148 0.1371051 0.2369721 0.1223890 0.1198130 0.1432303 0.1710344 0.1333786 0.1277967 0.1274953 0.1728197 0.1494611 0.2112910 0.2219721 0.0760040 0.1288677 0.1264517 0.2003293 0.1186757 0.0936282 0.1137503 0.0928249 0.2225225 0.1373047 0.1227995 0.1317940 0.2380451 0.1094731 0.1719785 0.1400835 0.2386390 
Perityle_fosteri_93                        0.1406861 0.1532409 0.1456288 0.3152860 0.1424386 0.1824485 0.1396868 0.4108187 0.1519179 0.1499366 0.0771648 0.2818410 0.0408918 0.5604197 0.0519295 0.1337029 0.0626904 0.0772252 0.0597360 0.0586011 0.0559658 0.0722890 0.1442883 0.0459931 0.1093777 0.0682925 0.1012625 0.1428104 0.2809488 0.1504549 0.1544511 0.1382623 0.0634294 0.2478766 0.1180505 0.0000000 0.1044502 0.3334986 0.0467532 0.0709311 0.1057995 0.0412904 0.1110811 0.1014345 0.0452439 0.0593634 0.0642003 0.1073938 0.0863108 0.0698139 0.1976692 0.1250452 0.0382232 0.1655842 0.0661334 0.1616712 0.0612645 0.0617420 0.0911992 0.1140635 0.0878306 0.0977206 0.0590667 0.0932201 0.1096467 0.1458258 0.1477063 0.0160089 0.0585819 0.0722890 0.1379882 0.0642018 0.0483920 0.0690553 0.0436336 0.1505210 0.0790211 0.0680102 0.0792605 0.2334670 0.0499336 0.1210917 0.0914981 0.1770649 
Perityle_gamon_221                         0.1306000 0.1563525 0.1378621 0.3047735 0.1282329 0.2011564 0.1706831 0.4039862 0.1573049 0.1617598 0.1143863 0.3518299 0.0986938 0.6763040 0.1115577 0.1711311 0.0678204 0.1144692 0.1097152 0.1064356 0.0955117 0.1148941 0.2338841 0.1056095 0.1181585 0.1139628 0.1307882 0.1546890 0.1532822 0.1622710 0.1612522 0.1546336 0.1049146 0.2095087 0.1611827 0.1044502 0.0000000 0.4847830 0.1034055 0.1071355 0.1420973 0.0900872 0.1400814 0.0249408 0.0988154 0.1065876 0.1058385 0.1357925 0.1207330 0.1107811 0.2567359 0.1230301 0.0988215 0.1601904 0.1035291 0.1591293 0.1095603 0.1070225 0.1096202 0.1375641 0.1137956 0.0980064 0.1069431 0.1292079 0.1191479 0.2074522 0.1922750 0.0509085 0.0960363 0.1161322 0.1525670 0.1082404 0.0573185 0.1022964 0.0456149 0.2021222 0.1154097 0.1164490 0.1122021 0.2162512 0.0957790 0.1156016 0.1149346 0.1811110 
Perityle_gentryi_8_san_francisco           0.4725574 0.2881188 0.4519381 0.5148379 0.4812307 0.4471538 0.4272288 0.5735236 0.4432734 0.4176718 0.3675015 0.4979433 0.3667481 0.1648356 0.3858702 0.4090674 0.4223234 0.3881472 0.3408779 0.3830543 0.0962503 0.3964135 0.4059386 0.4027124 0.5115591 0.4074609 0.4597805 0.4217822 0.3326515 0.4651497 0.4702654 0.3840078 0.3877289 0.6807303 0.4537730 0.3334986 0.4847830 0.0000000 0.4032924 0.4036953 0.4411251 0.1668106 0.4538532 0.4922445 0.3529866 0.4085714 0.3881880 0.4471509 0.3509622 0.3886892 0.4635087 0.4877302 0.3263947 0.4887682 0.2996033 0.3408772 0.3958798 0.3863368 0.4462893 0.2551753 0.3641153 0.1800965 0.3843267 0.4616815 0.5107708 0.4758129 0.5012330 0.1534139 0.3918813 0.3934240 0.4369212 0.3859951 0.1572288 0.3953748 0.1068812 0.5014182 0.3941452 0.3840958 0.3869437 0.2644434 0.3775103 0.4784379 0.3660909 0.4424122 
Perityle_gilensis_22_Superstition          0.1416938 0.1609268 0.1327804 0.2869573 0.1317770 0.1938989 0.1526053 0.3849592 0.1647799 0.1564983 0.0697844 0.3094558 0.0409896 0.5799696 0.0390219 0.1558634 0.0703833 0.0747280 0.0630374 0.0574007 0.0994386 0.0655150 0.1792126 0.0398949 0.1027526 0.0683616 0.0982921 0.1523581 0.2820570 0.1773136 0.1486388 0.1436622 0.0664461 0.2485008 0.1287697 0.0467532 0.1034055 0.4032924 0.0000000 0.0546555 0.1084064 0.0489915 0.1076550 0.0948810 0.0582657 0.0631477 0.0586512 0.1114372 0.0873854 0.0633216 0.2056442 0.1254572 0.0551850 0.1723804 0.0886120 0.1742633 0.0593789 0.0565666 0.0971967 0.1204857 0.0996566 0.0940511 0.0682049 0.0942098 0.1102463 0.1522846 0.1361962 0.0284783 0.0699550 0.0665537 0.1508509 0.0565625 0.0573913 0.0615368 0.0404956 0.1494156 0.0842660 0.0734152 0.0715889 0.2349132 0.0560799 0.1202823 0.1068617 0.1875221 
Perityle_gilensis_salensis_225             0.1390367 0.1943938 0.1343292 0.2794771 0.1280139 0.2038812 0.1561672 0.3848793 0.1813978 0.1673278 0.0610883 0.2853467 0.0519719 0.5873547 0.0408573 0.1706405 0.0705782 0.0775793 0.0620015 0.0607445 0.1039023 0.0598499 0.1952821 0.0523756 0.1049340 0.0798208 0.1242227 0.1732047 0.2865386 0.1750222 0.1528913 0.1579786 0.0755063 0.2653443 0.1260515 0.0709311 0.1071355 0.4036953 0.0546555 0.0000000 0.1047914 0.0765022 0.1025015 0.1011018 0.0670304 0.0694713 0.0565629 0.1080320 0.0270206 0.0647345 0.2125818 0.1389982 0.0674359 0.1849330 0.1104144 0.2015593 0.0581482 0.0556499 0.1003510 0.1369111 0.1083334 0.1545198 0.0650000 0.1190486 0.1147173 0.1643275 0.1477429 0.0412373 0.0625286 0.0617330 0.1718685 0.0584923 0.0645441 0.0498977 0.0653738 0.1653014 0.0853279 0.0661583 0.0679919 0.2555702 0.0542890 0.1282954 0.1104056 0.2136597 
Perityle_glaucescens_94                    0.1689584 0.2231009 0.1543239 0.3153275 0.1561815 0.2554196 0.1902990 0.4286439 0.2019062 0.2076559 0.1177427 0.3127929 0.1007280 0.6146742 0.1022489 0.1884095 0.0996327 0.1238953 0.0981595 0.1030846 0.1131560 0.1076895 0.2251391 0.1058728 0.1255510 0.1096940 0.1853680 0.2079130 0.3017868 0.2052157 0.1657398 0.1957988 0.1000337 0.2763415 0.0361912 0.1057995 0.1420973 0.4411251 0.1084064 0.1047914 0.0000000 0.1205116 0.0200023 0.1349165 0.0971416 0.1111018 0.1004634 0.0099230 0.1143086 0.1032917 0.2454783 0.1622503 0.0942696 0.2083008 0.1283668 0.2352197 0.1039539 0.1041778 0.1326459 0.1662059 0.1203780 0.1418525 0.1109939 0.1719279 0.1335765 0.2135036 0.2130143 0.0849526 0.1049533 0.1103946 0.1996358 0.1051001 0.0947117 0.0913651 0.0975873 0.2268181 0.1237718 0.1086091 0.1090484 0.2457532 0.0947213 0.1459188 0.1384605 0.2397642 
Perityle_gracilis_11                       0.1374018 0.1578817 0.1415391 0.3016334 0.1611589 0.1753305 0.1298382 0.3570159 0.1642416 0.1557697 0.0637347 0.0883970 0.0268875 0.4289362 0.0330681 0.1402889 0.0634552 0.0681182 0.0450036 0.0478717 0.0957691 0.0663359 0.0633050 0.0133511 0.1132673 0.0845742 0.1144447 0.1596231 0.2768549 0.1413771 0.1517579 0.1593101 0.0614602 0.3056331 0.1173335 0.0412904 0.0900872 0.1668106 0.0489915 0.0765022 0.1205116 0.0000000 0.1162616 0.0797510 0.0578378 0.0308960 0.0530075 0.1180448 0.0720701 0.0532402 0.2234972 0.1604988 0.0453925 0.1906287 0.0908622 0.2008560 0.0511165 0.0510215 0.1053720 0.1335168 0.0935538 0.1182402 0.0709183 0.1119128 0.1187831 0.1783761 0.1735397 0.0202713 0.0698812 0.0663359 0.1531523 0.0531656 0.0580620 0.0557241 0.0131971 0.1809423 0.0766271 0.0551898 0.0604779 0.2518195 0.0440950 0.1487487 0.1207384 0.1983585 
Perityle_harkerae_31                       0.1708493 0.2130792 0.1561847 0.3234371 0.1557006 0.2539861 0.1921677 0.4189327 0.1990953 0.2040862 0.1119880 0.3251377 0.1019091 0.6140245 0.0966059 0.1907018 0.1032183 0.1223912 0.1013463 0.1016497 0.1066964 0.1055315 0.2202157 0.1009429 0.1227858 0.1105183 0.1514255 0.2043380 0.3169175 0.1841835 0.1721836 0.1919275 0.1008902 0.2818180 0.0326495 0.1110811 0.1400814 0.4538532 0.1076550 0.1025015 0.0200023 0.1162616 0.0000000 0.1363842 0.1008411 0.1055678 0.0995578 0.0138969 0.1133966 0.1054759 0.2440857 0.1629742 0.0965172 0.2046419 0.1318879 0.2280587 0.1017984 0.0985608 0.1355580 0.1716289 0.1221806 0.1324875 0.1085152 0.1437196 0.1314581 0.2062616 0.1851148 0.0896183 0.1087463 0.1066167 0.2016655 0.1017466 0.0962249 0.0926139 0.0953893 0.2021125 0.1140201 0.1118868 0.1098667 0.2454284 0.0897355 0.1470904 0.1396376 0.2334275 
Perityle_hofmeisteria_4_nombre_de_dios     0.1305459 0.1639270 0.1346978 0.2908057 0.1224836 0.1986257 0.1820538 0.3977979 0.1603129 0.1616078 0.1197186 0.3170513 0.0986287 0.6866399 0.1090239 0.1729382 0.0776245 0.1104272 0.1096393 0.1063669 0.1099586 0.1262681 0.2356261 0.1044960 0.1221562 0.1121707 0.1728598 0.1574520 0.1778597 0.2347444 0.1629974 0.1525738 0.1050440 0.2115592 0.1592686 0.1014345 0.0249408 0.4922445 0.0948810 0.1011018 0.1349165 0.0797510 0.1363842 0.0000000 0.0987502 0.1082579 0.1078692 0.1370755 0.1175425 0.1088778 0.2613482 0.1466666 0.0971583 0.1619667 0.1037924 0.1725305 0.1117811 0.1082096 0.1170714 0.1507787 0.1166588 0.1086861 0.1125864 0.1630438 0.1240958 0.2077314 0.2144063 0.0596671 0.0914387 0.1202041 0.1544833 0.1119618 0.0664533 0.0943391 0.0560542 0.2250110 0.1714900 0.1147648 0.1116890 0.2315390 0.1122653 0.1123761 0.1130088 0.1770675 
Perityle_huecosensis_48                    0.1267983 0.1505737 0.1309156 0.3056947 0.1204551 0.1724236 0.1402402 0.4047714 0.1513854 0.1418098 0.0670478 0.2750229 0.0508790 0.5629456 0.0552294 0.1393727 0.0648097 0.0720291 0.0518969 0.0501927 0.0437700 0.0650271 0.1367333 0.0508634 0.0940186 0.0541056 0.1076552 0.1393404 0.2833895 0.1315956 0.1433318 0.1368502 0.0551586 0.2320100 0.1069379 0.0452439 0.0988154 0.3529866 0.0582657 0.0670304 0.0971416 0.0578378 0.1008411 0.0987502 0.0000000 0.0566731 0.0530104 0.0961843 0.0770497 0.0549305 0.1958882 0.1230575 0.0225971 0.1579512 0.0662925 0.1487848 0.0524750 0.0507400 0.0890508 0.1236000 0.0851435 0.1050663 0.0515525 0.1015871 0.0942304 0.1533220 0.1506577 0.0372081 0.0563146 0.0650271 0.1349131 0.0507230 0.0442445 0.0394816 0.0515765 0.1519982 0.0712893 0.0591360 0.0687304 0.2176075 0.0369869 0.1142205 0.0918794 0.1742456 
