83
Amauria_brandeegeana_62                    0.0000000 0.1140880 0.0662592 0.1579016 0.1738528 0.0579081 0.2485451 0.1295184 0.3804332 0.2183380 0.1737165 0.2069419 0.1515426 0.1428584 0.1707393 0.1293074 0.1393292 0.1943214 0.1435444 0.1434017 0.1412774 0.0614759 0.1542815 0.1489401 0.1420528 0.1464567 0.2128255 0.2205959 0.1562966 0.1214732 0.2273426 0.2130588 0.0777594 0.1498214 0.1916766 0.1379041 0.1714883 0.1487777 0.1506360 0.1515607 0.1628565 0.1371929 0.1446978 0.1689005 0.1482207 0.1395373 0.1403669 0.1501586 0.1504197 0.1628056 0.1491427 0.1774822 0.1350578 0.2006790 0.0991650 0.0778322 0.1402978 0.1336504 0.2164879 0.1470453 0.1398893 0.0540740 0.1483197 0.1444001 0.1461368 0.2047363 0.2252929 0.0598061 0.1474956 0.2013549 0.1878636 0.1432024 0.1422408 0.1457894 0.0785439 0.2182826 0.2065811 0.1621433 0.1558472 0.1712297 0.1457264 0.1561293 0.0981048 
Amauria_carterae_99_mesa                   0.1140880 0.0000000 0.0795162 0.1413640 0.1074312 0.1189970 0.1777520 0.1101328 0.3391840 0.1043988 0.1410824 0.1184184 0.1161339 0.1201203 0.0970725 0.1138682 0.1143452 0.0868853 0.1171006 0.1093030 0.1148611 0.0669866 0.1221212 0.1203917 0.1075056 0.1129929 0.1260199 0.1067861 0.1416999 0.1412194 0.1340413 0.1289988 0.0799765 0.1118832 0.1505812 0.1086146 0.0931725 0.0765160 0.1169961 0.1250222 0.1037250 0.1125701 0.0939310 0.0893403 0.1018576 0.1169235 0.1126104 0.0917728 0.1091705 0.1384406 0.1186606 0.1163193 0.1170546 0.0963585 0.1121127 0.0917510 0.1161019 0.1132030 0.1083591 0.1684061 0.1145291 0.0850044 0.1162162 0.0944424 0.1175186 0.1049299 0.1090069 0.0822259 0.1133374 0.1598072 0.1415500 0.1159285 0.1125408 0.1159037 0.1017349 0.1061038 0.0899140 0.1237771 0.1147289 0.1207441 0.1139581 0.1301817 0.0923315 
Amauria_rotundifolia_SRR9119150            0.0662592 0.0795162 0.0000000 0.1797559 0.1205343 0.0506003 0.2595759 0.1211634 0.3230441 0.1705269 0.1360409 0.1460151 0.1063130 0.0830263 0.1228558 0.0815286 0.0922112 0.1357683 0.0996610 0.1004828 0.1050869 0.0846512 0.1171008 0.1127524 0.1163526 0.1173615 0.1485565 0.1469956 0.1015304 0.1006956 0.1736601 0.1462652 0.0532905 0.1109830 0.1484381 0.0950895 0.1181781 0.1073431 0.1117439 0.1220071 0.1284455 0.1033150 0.1056213 0.1261897 0.1181078 0.1127715 0.1082907 0.1225477 0.1129232 0.1323967 0.1167615 0.1358771 0.0936994 0.1488875 0.0816856 0.0693567 0.1075915 0.1005893 0.1562862 0.1186252 0.0886048 0.0580942 0.0923457 0.1680962 0.1219071 0.1503876 0.1618750 0.0579002 0.1087348 0.1074495 0.1255111 0.1122944 0.1124115 0.1145179 0.0688559 0.1579128 0.1619172 0.1446490 0.1201021 0.1399414 0.1139440 0.0933310 0.1002945 
Conoclinium_coelestinum_SRR9119114         0.1579016 0.1413640 0.1797559 0.0000000 0.1986283 0.1513264 0.1554784 0.1523309 0.3356427 0.2031892 0.1954965 0.1873935 0.1749250 0.1457124 0.1877830 0.1636292 0.1563414 0.1900774 0.1827719 0.1796680 0.1802003 0.1991539 0.1796882 0.1802140 0.1788159 0.1827773 0.1849042 0.2215550 0.1657864 0.1786059 0.1940073 0.2037071 0.1744416 0.1796061 0.2059351 0.1796677 0.2056318 0.2003505 0.1603780 0.1766917 0.1985466 0.1780072 0.1811740 0.1981463 0.1821122 0.1769767 0.1791766 0.1962429 0.1775332 0.1859070 0.1803056 0.1874157 0.1724793 0.2173208 0.1526677 0.1370598 0.1803827 0.1781287 0.2261496 0.1821772 0.1461390 0.1327314 0.1671393 0.2418877 0.1822673 0.2113302 0.2102006 0.1264017 0.1802866 0.2075414 0.1817496 0.1769232 0.1778955 0.1816604 0.1240205 0.2158411 0.1961826 0.1913857 0.1885210 0.2232187 0.1821998 0.1594608 0.1761199 
Eutetras_palmeri_63                        0.1738528 0.1074312 0.1205343 0.1986283 0.0000000 0.0105502 0.2566439 0.1448750 0.3472808 0.1820718 0.1456695 0.1616671 0.1292508 0.1145749 0.1206049 0.1087467 0.1174180 0.1490372 0.1279146 0.1258370 0.1167148 0.0923746 0.1308074 0.1230959 0.1233466 0.1274126 0.1499871 0.1480852 0.1143671 0.0952948 0.1365814 0.1234746 0.1131616 0.1255874 0.1640462 0.1240422 0.1310127 0.1205476 0.1313312 0.1271439 0.1339407 0.1228482 0.1059603 0.1379425 0.1284501 0.1203381 0.1167522 0.1249571 0.1200876 0.1373740 0.1330048 0.1377056 0.1227287 0.1592207 0.1176684 0.0927509 0.1184401 0.1159691 0.1681982 0.1268403 0.1054479 0.0832777 0.1070447 0.1715162 0.1306108 0.1284433 0.1160403 0.0828603 0.1374272 0.1425650 0.1160462 0.1174236 0.1159680 0.1249513 0.0772989 0.1312120 0.1623524 0.1557259 0.1220140 0.1661768 0.1176951 0.1233720 0.1181525 
Eutetras_pringlei_149_quer                 0.0579081 0.1189970 0.0506003 0.1513264 0.0105502 0.0000000 0.1060652 0.0669079 0.1514837 0.0774309 0.0508079 0.0622545 0.0623460 0.0508277 0.0507456 0.0509905 0.0620632 0.0360170 0.0621058 0.0658721 0.0470882 0.0863442 0.0470237 0.0433250 0.0433586 0.0584362 0.0511374 0.0431198 0.0471643 0.0434020 0.0470995 0.0738582 0.0733211 0.0434526 0.0505443 0.0623235 0.0621007 0.0509251 0.0470237 0.0623149 0.0976172 0.0433586 0.0814381 0.0585873 0.0508990 0.0433586 0.0433586 0.0814381 0.0433250 0.0546564 0.0700795 0.0549814 0.0546696 0.0816676 0.0547851 0.0508302 0.0510428 0.0433586 0.0894557 0.0650188 0.0622533 0.0546547 0.0546151 0.1960889 0.0546547 0.0436617 0.0433642 0.0547487 0.0658987 0.0470237 0.0434020 0.0433586 0.0433586 0.0583524 0.0433586 0.0398287 0.0546989 0.0433322 0.0620573 0.1167421 0.0433586 0.0394588 0.0621748 
Eutrochium_fistulosum_SRR9119106           0.2485451 0.1777520 0.2595759 0.1554784 0.2566439 0.1060652 0.0000000 0.2122454 0.4336966 0.2923387 0.2500734 0.3061233 0.2627476 0.2092959 0.2620885 0.2495873 0.1927287 0.2599260 0.2552279 0.2321273 0.2581557 0.2297668 0.2660575 0.2658993 0.2642394 0.2581100 0.2892459 0.2810796 0.2053799 0.1995232 0.2848962 0.2777480 0.2171532 0.2465161 0.2816343 0.2358478 0.2732777 0.2703275 0.2199618 0.2642499 0.2642377 0.2359102 0.2494069 0.2735881 0.2571124 0.2592256 0.2592239 0.2617652 0.2520219 0.2650044 0.2494302 0.2466692 0.2283821 0.2972699 0.1784060 0.1460574 0.2609824 0.2571675 0.3049862 0.1677250 0.2097556 0.1733821 0.2523524 0.2796595 0.2547716 0.2754094 0.2789798 0.1114617 0.2331225 0.3173044 0.2158942 0.2574709 0.2532223 0.2596763 0.1406821 0.2906129 0.2977387 0.2494028 0.2615528 0.2735062 0.2623349 0.2141051 0.1990322 
Galeana_pratensis_104_mex                  0.1295184 0.1101328 0.1211634 0.1523309 0.1448750 0.0669079 0.2122454 0.0000000 0.2539900 0.1377248 0.1664976 0.1384626 0.1402460 0.1335353 0.1375293 0.1338489 0.1499958 0.1366922 0.1421172 0.1241354 0.1281966 0.0943173 0.1308197 0.1389311 0.1343519 0.1280250 0.1492954 0.1312361 0.1396791 0.1583769 0.1516812 0.1305856 0.1258658 0.1199333 0.1860211 0.1264123 0.1327435 0.1273352 0.1325674 0.1508810 0.1278597 0.1227463 0.1241083 0.1216296 0.1333455 0.1338927 0.1228169 0.1221362 0.1261343 0.1502035 0.1418531 0.1354497 0.1386850 0.1239447 0.1412980 0.1350361 0.1263350 0.1226481 0.1308076 0.1543593 0.1457095 0.1006489 0.1236938 0.1246154 0.1326976 0.1372736 0.1367210 0.0975358 0.1294737 0.1713695 0.1416503 0.1207324 0.1253144 0.1377680 0.1148464 0.1356813 0.1260454 0.1466757 0.1346105 0.1531606 0.1203205 0.1519062 0.1267952 
Helianthus_annuus_SRR9119062               0.3804332 0.3391840 0.3230441 0.3356427 0.3472808 0.1514837 0.4336966 0.2539900 0.0000000 0.3637132 0.3732425 0.3563754 0.3595810 0.3644281 0.3687904 0.3666259 0.3225652 0.3429641 0.3744331 0.3630731 0.3664157 0.2674641 0.3636444 0.3676296 0.3583622 0.3759031 0.3744734 0.3704429 0.3464865 0.2858635 0.3696721 0.3513571 0.3145215 0.3620184 0.3867083 0.3514784 0.3758991 0.3477920 0.3463848 0.3645078 0.3778721 0.3501611 0.3663977 0.3645457 0.3502740 0.3634685 0.3624111 0.3643985 0.3588195 0.3706246 0.3651299 0.3733116 0.3661990 0.3878797 0.2891007 0.2682347 0.3682832 0.3647658 0.3704020 0.2258529 0.3344316 0.2290849 0.3674004 0.4515508 0.3828115 0.3497424 0.3676760 0.1776735 0.3568943 0.4484958 0.3522672 0.3634588 0.3602454 0.3650136 0.1971705 0.3642699 0.3641093 0.3786689 0.3611319 0.3542161 0.3638385 0.3470995 0.3176449 
Pericome_caudata_50_silver                 0.2183380 0.1043988 0.1705269 0.2031892 0.1820718 0.0774309 0.2923387 0.1377248 0.3637132 0.0000000 0.2082773 0.1805359 0.1710025 0.1322138 0.1685424 0.1192221 0.1135999 0.1587110 0.1500734 0.1622761 0.1706195 0.1312170 0.1824316 0.1908307 0.1774780 0.1857850 0.2262823 0.1846340 0.1396330 0.1150045 0.2164747 0.2283268 0.1256750 0.1675362 0.1902664 0.1574523 0.1354954 0.1382243 0.2022666 0.1929169 0.1595328 0.1757640 0.1127659 0.1488469 0.1775638 0.1837404 0.1725911 0.1556636 0.1902731 0.1905804 0.1990808 0.2055133 0.1431650 0.1671870 0.1170161 0.0931579 0.1642768 0.1520293 0.1595359 0.1394081 0.1194101 0.0827846 0.1204988 0.1728023 0.1891752 0.1837685 0.1963220 0.0898913 0.1819813 0.1494267 0.1830275 0.1780787 0.1881827 0.1782454 0.1005224 0.2064025 0.1643571 0.2367250 0.1738713 0.1556674 0.1807545 0.1321179 0.1231436 
Perityle_aglossa_84_dead_horse             0.1737165 0.1410824 0.1360409 0.1954965 0.1456695 0.0508079 0.2500734 0.1664976 0.3732425 0.2082773 0.0000000 0.1197099 0.0539997 0.0693021 0.1252463 0.0590068 0.1286872 0.1607672 0.0609427 0.0544417 0.0497957 0.1515518 0.0561320 0.0538279 0.0519528 0.0534164 0.1311158 0.1922282 0.1223889 0.1237235 0.1876530 0.1555652 0.1232277 0.0472361 0.1714346 0.0604636 0.1529473 0.1118324 0.0529639 0.0605755 0.1501262 0.0531512 0.1360522 0.1631765 0.0643805 0.0609445 0.0505984 0.1398943 0.0549812 0.0247778 0.0604742 0.1041432 0.0596266 0.1665744 0.0797698 0.0596413 0.0527344 0.0487603 0.1838144 0.1074096 0.1347579 0.0641880 0.0416977 0.2156997 0.0884344 0.1670022 0.1991925 0.0388322 0.0694151 0.0715424 0.1314859 0.0533607 0.0521358 0.0537202 0.0720423 0.1934761 0.1778019 0.1002467 0.0546252 0.1774482 0.0554352 0.1224581 0.0663945 
Perityle_ajoensis_204                      0.2069419 0.1184184 0.1460151 0.1873935 0.1616671 0.0622545 0.3061233 0.1384626 0.3563754 0.1805359 0.1197099 0.0000000 0.0720818 0.0274450 0.1354064 0.0198807 0.1109861 0.1492455 0.0311672 0.0588516 0.0894414 0.0379169 0.0827719 0.0875964 0.0886014 0.1017471 0.1043263 0.1751626 0.0939189 0.0968310 0.1738554 0.1456155 0.1051977 0.0727888 0.1923773 0.0435730 0.1421727 0.0989015 0.0961251 0.0827620 0.1759245 0.0931518 0.1138624 0.1596819 0.0833571 0.0865773 0.0842306 0.1711610 0.0973642 0.1078961 0.0699598 0.1135135 0.0236453 0.1434701 0.0466526 0.0357718 0.0838766 0.0820530 0.1480136 0.1129402 0.1215555 0.0505660 0.0561532 0.1984490 0.1015842 0.1532031 0.1750036 0.0307606 0.0670467 0.0320673 0.1359494 0.0887284 0.0951569 0.0734335 0.0596621 0.1543514 0.1680661 0.1229374 0.0915695 0.1597887 0.0904191 0.1065749 0.0462428 
Perityle_ambrosiifolia_67_green            0.1515426 0.1161339 0.1063130 0.1749250 0.1292508 0.0623460 0.2627476 0.1402460 0.3595810 0.1710025 0.0539997 0.0720818 0.0000000 0.0276767 0.1059379 0.0198143 0.1203111 0.1358305 0.0212217 0.0254416 0.0316122 0.0346025 0.0296427 0.0249322 0.0317600 0.0467453 0.0775058 0.1701807 0.0972268 0.0997996 0.1572805 0.1161826 0.0976430 0.0218299 0.1549275 0.0206030 0.1350139 0.0951224 0.0277613 0.0254644 0.1358296 0.0337188 0.1169092 0.1441406 0.0288648 0.0266736 0.0302723 0.1251554 0.0351062 0.0504836 0.0229399 0.0786879 0.0218141 0.1348257 0.0477368 0.0405742 0.0326454 0.0300345 0.1503162 0.1164387 0.1252250 0.0493418 0.0585957 0.2019153 0.0471832 0.1510176 0.1538229 0.0283128 0.0295839 0.0315220 0.1101612 0.0325736 0.0316862 0.0186896 0.0568697 0.1606993 0.1571561 0.0677110 0.0391228 0.1564090 0.0327507 0.1084529 0.0338149 
Perityle_angustifolia_13_Eagle_creek       0.1428584 0.1201203 0.0830263 0.1457124 0.1145749 0.0508277 0.2092959 0.1335353 0.3644281 0.1322138 0.0693021 0.0274450 0.0276767 0.0000000 0.1178864 0.0142135 0.1105056 0.1020753 0.0300469 0.0354933 0.0395676 0.0249555 0.0427475 0.0353292 0.0384646 0.0521367 0.0478112 0.1398410 0.0928669 0.0914908 0.1154331 0.0730215 0.0980070 0.0198486 0.1619485 0.0266645 0.1235949 0.0861532 0.0411075 0.0346574 0.1367213 0.0379496 0.1261407 0.1235215 0.0166151 0.0297534 0.0379453 0.1251243 0.0500443 0.0686847 0.0298350 0.0570461 0.0193675 0.1157450 0.0480897 0.0277739 0.0420424 0.0387301 0.1385936 0.1106661 0.1346374 0.0454458 0.0666907 0.2049463 0.0535006 0.1174399 0.1350598 0.0212466 0.0390169 0.0495395 0.0952772 0.0411473 0.0402108 0.0273100 0.0604668 0.1163951 0.1270833 0.0404623 0.0520272 0.1700027 0.0405960 0.1096541 0.0299466 
Perityle_batopilensis_97                   0.1707393 0.0970725 0.1228558 0.1877830 0.1206049 0.0507456 0.2620885 0.1375293 0.3687904 0.1685424 0.1252463 0.1354064 0.1059379 0.1178864 0.0000000 0.0962989 0.1254657 0.1133032 0.0991594 0.1073947 0.1082046 0.0776540 0.1111068 0.1066524 0.1034994 0.1050146 0.1463733 0.1265010 0.1320189 0.1051120 0.1812909 0.1745660 0.1061645 0.0992048 0.1360516 0.1006369 0.0922015 0.0735333 0.1194742 0.1148683 0.0996925 0.1141513 0.0771997 0.0933708 0.0981143 0.1233241 0.1056820 0.0914127 0.0943686 0.1240841 0.1124513 0.1254596 0.1067465 0.1220571 0.0915018 0.0658072 0.1077305 0.1025468 0.1139125 0.1084121 0.0837187 0.0569986 0.0997677 0.1307775 0.1265294 0.1443643 0.1454446 0.0509741 0.1174032 0.1220404 0.1532456 0.1078053 0.1101680 0.1004448 0.0646849 0.1604603 0.0971778 0.1527226 0.1025370 0.1198391 0.1104828 0.1370689 0.0744680 
Perityle_bisetosa_9                        0.1293074 0.1138682 0.0815286 0.1636292 0.1087467 0.0509905 0.2495873 0.1338489 0.3666259 0.1192221 0.0590068 0.0198807 0.0198143 0.0142135 0.0962989 0.0000000 0.1105303 0.0919962 0.0206137 0.0322605 0.0346028 0.0250237 0.0297808 0.0261832 0.0299311 0.0431433 0.0379023 0.1304669 0.0924605 0.0928993 0.1037342 0.0815045 0.0899110 0.0111368 0.1351289 0.0174002 0.1100792 0.0738623 0.0336783 0.0248048 0.1173255 0.0376894 0.1128254 0.1172409 0.0117740 0.0239040 0.0324796 0.1123139 0.0372350 0.0552162 0.0247477 0.0487540 0.0140283 0.1042116 0.0456263 0.0271228 0.0347997 0.0305356 0.1159256 0.1091026 0.1246228 0.0453867 0.0559427 0.2001974 0.0427478 0.1042497 0.1130482 0.0206037 0.0287160 0.0352514 0.0947784 0.0328086 0.0360980 0.0199095 0.0617769 0.1005624 0.1066228 0.0531531 0.0452175 0.1611051 0.0345040 0.1076723 0.0299046 
Perityle_californica_76_positas            0.1393292 0.1143452 0.0922112 0.1563414 0.1174180 0.0620632 0.1927287 0.1499958 0.3225652 0.1135999 0.1286872 0.1109861 0.1203111 0.1105056 0.1254657 0.1105303 0.0000000 0.1086427 0.1218716 0.1136482 0.1123347 0.1067461 0.1214331 0.1191472 0.1085252 0.1165893 0.1224851 0.1258125 0.1165165 0.1061801 0.0561458 0.1233150 0.0976272 0.1086114 0.1506902 0.1091623 0.1202574 0.1071837 0.1166089 0.1199690 0.1272768 0.1096695 0.1203285 0.1212961 0.1109706 0.1085767 0.1094859 0.1192045 0.1132252 0.1305304 0.1160266 0.1239785 0.1153165 0.1204494 0.1029768 0.0930061 0.1118353 0.1104893 0.1357283 0.1329410 0.1292276 0.0862507 0.1196752 0.1920991 0.1155694 0.1152516 0.1304986 0.0772763 0.1194820 0.1480283 0.1230806 0.1104690 0.1093779 0.1117072 0.0871138 0.1171831 0.1263380 0.1234276 0.1212576 0.1702953 0.1106815 0.0492151 0.0999829 
Perityle_canescens_77                      0.1943214 0.0868853 0.1357683 0.1900774 0.1490372 0.0360170 0.2599260 0.1366922 0.3429641 0.1587110 0.1607672 0.1492455 0.1358305 0.1020753 0.1133032 0.0919962 0.1086427 0.0000000 0.1202406 0.1375048 0.1320810 0.0752951 0.1410281 0.1366466 0.1300952 0.1451953 0.1654762 0.1188925 0.1281049 0.0953221 0.1773001 0.1661056 0.1154749 0.1388866 0.1789405 0.1229744 0.1108715 0.1007808 0.1407949 0.1412887 0.1303996 0.1296640 0.0825023 0.1199835 0.1319059 0.1319404 0.1312554 0.1233616 0.1449871 0.1531397 0.1472824 0.1544451 0.1101520 0.1222627 0.0831674 0.0675030 0.1337902 0.1304709 0.1271212 0.1143162 0.0938599 0.0547747 0.1059646 0.1264456 0.1439614 0.1618188 0.1611793 0.0700104 0.1462179 0.1283835 0.1696287 0.1312101 0.1311517 0.1434658 0.0706309 0.1677326 0.1189834 0.1605324 0.1521785 0.1140552 0.1307591 0.1180994 0.0930808 
Perityle_castillonii_96                    0.1435444 0.1171006 0.0996610 0.1827719 0.1279146 0.0621058 0.2552279 0.1421172 0.3744331 0.1500734 0.0609427 0.0311672 0.0212217 0.0300469 0.0991594 0.0206137 0.1218716 0.1202406 0.0000000 0.0320758 0.0405054 0.0411837 0.0354345 0.0335240 0.0390894 0.0493255 0.0475901 0.1659233 0.1075451 0.1078959 0.1262690 0.0957106 0.1141863 0.0257857 0.1541539 0.0249602 0.1397594 0.0873676 0.0366037 0.0297850 0.1357041 0.0446251 0.1256289 0.1470524 0.0275896 0.0335221 0.0386732 0.1277736 0.0416748 0.0585778 0.0251574 0.0516682 0.0230468 0.1472092 0.0564352 0.0387124 0.0405812 0.0386604 0.1579451 0.1135037 0.1280808 0.0568657 0.0612863 0.2111665 0.0490948 0.1256388 0.1366756 0.0282087 0.0287236 0.0369161 0.1125364 0.0417736 0.0426015 0.0225269 0.0616137 0.1217833 0.1373238 0.0630713 0.0450718 0.1692764 0.0424362 0.1127349 0.0401384 
Perityle_cernua_84                         0.1434017 0.1093030 0.1004828 0.1796680 0.1258370 0.0658721 0.2321273 0.1241354 0.3630731 0.1622761 0.0544417 0.0588516 0.0254416 0.0354933 0.1073947 0.0322605 0.1136482 0.1375048 0.0320758 0.0000000 0.0249656 0.0377768 0.0419592 0.0340393 0.0298325 0.0416109 0.0492679 0.1657214 0.0959598 0.0923403 0.1345108 0.1015060 0.1050019 0.0291678 0.1594711 0.0293256 0.1432503 0.0942299 0.0370100 0.0393021 0.1347280 0.0294485 0.1214137 0.1467820 0.0381095 0.0257079 0.0249630 0.1244158 0.0347956 0.0537091 0.0326026 0.0529749 0.0329538 0.1531427 0.0435733 0.0442272 0.0262560 0.0243321 0.1694436 0.1106632 0.1222758 0.0402867 0.0468448 0.1975700 0.0498744 0.1360662 0.1384675 0.0279262 0.0353030 0.0512993 0.1094627 0.0262189 0.0255667 0.0325891 0.0594072 0.1378856 0.1507684 0.0565063 0.0355480 0.1574009 0.0270675 0.1089397 0.0373481 
Perityle_cfvillosa_25_tin                  0.1412774 0.1148611 0.1050869 0.1802003 0.1167148 0.0470882 0.2581557 0.1281966 0.3664157 0.1706195 0.0497957 0.0894414 0.0316122 0.0395676 0.1082046 0.0346028 0.1123347 0.1320810 0.0405054 0.0249656 0.0000000 0.0511425 0.0371323 0.0292614 0.0160430 0.0395251 0.0821787 0.1691560 0.0872659 0.0890015 0.1514318 0.1159866 0.0919323 0.0333856 0.1506979 0.0315546 0.1315037 0.0928411 0.0332778 0.0375951 0.1269757 0.0110531 0.1115938 0.1377733 0.0412212 0.0153310 0.0078585 0.1176490 0.0320999 0.0440489 0.0398340 0.0851601 0.0375371 0.1349229 0.0390984 0.0454332 0.0067484 0.0039839 0.1470525 0.1018756 0.1165242 0.0333391 0.0392391 0.1992421 0.0460732 0.1480601 0.1536041 0.0356418 0.0419008 0.0454402 0.0977313 0.0072921 0.0096125 0.0280865 0.0485305 0.1559715 0.1558420 0.0687291 0.0386830 0.1552764 0.0073448 0.1061486 0.0371705 
Perityle_cinerea_113_Powell1310            0.0614759 0.0669866 0.0846512 0.1991539 0.0923746 0.0863442 0.2297668 0.0943173 0.2674641 0.1312170 0.1515518 0.0379169 0.0346025 0.0249555 0.0776540 0.0250237 0.1067461 0.0752951 0.0411837 0.0377768 0.0511425 0.0000000 0.0539834 0.0442833 0.0412509 0.0683480 0.0643368 0.1135823 0.0921408 0.0886019 0.1244475 0.1101595 0.0917847 0.0276212 0.1346167 0.0313953 0.0786664 0.0813227 0.0539834 0.0543757 0.1137082 0.0412509 0.0924422 0.0927723 0.0281491 0.0445141 0.0412509 0.0921266 0.0443436 0.1417055 0.0412293 0.0618752 0.0281150 0.0988073 0.0575570 0.0741389 0.0478221 0.0412509 0.1133969 0.0747775 0.1145992 0.0649567 0.0650337 0.0876076 0.0684137 0.1063107 0.0881042 0.0508784 0.0409910 0.0539834 0.0886019 0.0412509 0.0412509 0.0347880 0.0464904 0.1098045 0.0889259 0.0543827 0.0443532 0.0741521 0.0412509 0.1098377 0.0443104 
Perityle_coahuilensis_24                   0.1542815 0.1221212 0.1171008 0.1796882 0.1308074 0.0470237 0.2660575 0.1308197 0.3636444 0.1824316 0.0561320 0.0827719 0.0296427 0.0427475 0.1111068 0.0297808 0.1214331 0.1410281 0.0354345 0.0419592 0.0371323 0.0539834 0.0000000 0.0331761 0.0365894 0.0512667 0.1050103 0.1751865 0.0956177 0.1015906 0.1639943 0.1399950 0.1029841 0.0318057 0.1468090 0.0340799 0.1400249 0.0952991 0.0135829 0.0335685 0.1308916 0.0373079 0.1196680 0.1441978 0.0392884 0.0463548 0.0380471 0.1267438 0.0430777 0.0572638 0.0391300 0.0845107 0.0367689 0.1414514 0.0502893 0.0423336 0.0390614 0.0315999 0.1478012 0.1107932 0.1287989 0.0479729 0.0557551 0.2120488 0.0824987 0.1491975 0.1729963 0.0428661 0.0378871 0.0022932 0.1087485 0.0417996 0.0425682 0.0323333 0.0553230 0.1695970 0.1491068 0.0870749 0.0495392 0.1567760 0.0420307 0.1132562 0.0452552 
Perityle_cochisensis_44_cave_creek         0.1489401 0.1203917 0.1127524 0.1802140 0.1230959 0.0433250 0.2658993 0.1389311 0.3676296 0.1908307 0.0538279 0.0875964 0.0249322 0.0353292 0.1066524 0.0261832 0.1191472 0.1366466 0.0335240 0.0340393 0.0292614 0.0442833 0.0331761 0.0000000 0.0301883 0.0451999 0.0934434 0.1706133 0.0934155 0.0949911 0.1640398 0.1313260 0.0957576 0.0288024 0.1517686 0.0320941 0.1345989 0.0927055 0.0332285 0.0368185 0.1294589 0.0312971 0.1121010 0.1417248 0.0340858 0.0324708 0.0277587 0.1206878 0.0284921 0.0508937 0.0300446 0.0874158 0.0304239 0.1373204 0.0454568 0.0461383 0.0307101 0.0267287 0.1451758 0.1038792 0.1194225 0.0429284 0.0519335 0.2016561 0.0574413 0.1503479 0.1741575 0.0392495 0.0391411 0.0374027 0.1066083 0.0319873 0.0307203 0.0294093 0.0581819 0.1704884 0.1522598 0.0817952 0.0439799 0.1577586 0.0343553 0.1129368 0.0403364 
Perityle_congesta_202                      0.1420528 0.1075056 0.1163526 0.1788159 0.1233466 0.0433586 0.2642394 0.1343519 0.3583622 0.1774780 0.0519528 0.0886014 0.0317600 0.0384646 0.1034994 0.0299311 0.1085252 0.1300952 0.0390894 0.0298325 0.0160430 0.0412509 0.0365894 0.0301883 0.0000000 0.0456564 0.0997707 0.1676350 0.0871025 0.0889332 0.1604823 0.1337903 0.0965521 0.0343408 0.1458922 0.0386231 0.1292580 0.0894506 0.0333967 0.0368203 0.1235538 0.0181583 0.1071933 0.1365761 0.0417149 0.0268326 0.0150572 0.1184217 0.0393280 0.0472177 0.0433536 0.0945197 0.0351378 0.1293371 0.0373174 0.0366925 0.0183152 0.0136649 0.1408894 0.1019758 0.1209845 0.0358475 0.0437879 0.1979285 0.0665613 0.1518944 0.1676428 0.0331936 0.0443615 0.0408438 0.1018400 0.0181860 0.0165561 0.0291586 0.0446012 0.1711739 0.1464342 0.0846777 0.0434845 0.1556899 0.0193432 0.1064133 0.0379314 
Perityle_cordifolia_27                     0.1464567 0.1129929 0.1173615 0.1827773 0.1274126 0.0584362 0.2581100 0.1280250 0.3759031 0.1857850 0.0534164 0.1017471 0.0467453 0.0521367 0.1050146 0.0431433 0.1165893 0.1451953 0.0493255 0.0416109 0.0395251 0.0683480 0.0512667 0.0451999 0.0456564 0.0000000 0.1077083 0.1766591 0.1051021 0.0978314 0.1661362 0.1326109 0.1035427 0.0461805 0.1525186 0.0460753 0.1317235 0.0895572 0.0493169 0.0566208 0.1320763 0.0419407 0.1200744 0.1374337 0.0544337 0.0423530 0.0372146 0.1237828 0.0491915 0.0531822 0.0528565 0.0623123 0.0488898 0.1511710 0.0576551 0.0478072 0.0412824 0.0361921 0.1561500 0.1072832 0.1176846 0.0078295 0.0505474 0.1957173 0.0267254 0.1512336 0.1644099 0.0430064 0.0565935 0.0556038 0.1158022 0.0415624 0.0395134 0.0471300 0.0648795 0.1688821 0.1525156 0.0917904 0.0529634 0.1541664 0.0401562 0.1081420 0.0539002 
Perityle_cordifolia_68_tecolote            0.2128255 0.1260199 0.1485565 0.1849042 0.1499871 0.0511374 0.2892459 0.1492954 0.3744734 0.2262823 0.1311158 0.1043263 0.0775058 0.0478112 0.1463733 0.0379023 0.1224851 0.1654762 0.0475901 0.0492679 0.0821787 0.0643368 0.1050103 0.0934434 0.0997707 0.1077083 0.0000000 0.1945413 0.1095301 0.1047085 0.1995077 0.1731082 0.1135983 0.0806032 0.1743504 0.0405596 0.1464200 0.0996085 0.1166188 0.1042512 0.1631478 0.0789636 0.1264085 0.1532298 0.1017759 0.1054321 0.0987488 0.1579728 0.0942034 0.1296055 0.0952928 0.1138857 0.0412432 0.1566493 0.0200975 0.0591210 0.0824909 0.0698278 0.1731406 0.1179411 0.1322286 0.0534676 0.0624972 0.2122414 0.1233395 0.1642350 0.2015938 0.0487941 0.0638461 0.0527293 0.1341178 0.1000502 0.1054052 0.0795332 0.0649947 0.1947666 0.1656436 0.1185842 0.0936870 0.1769060 0.1053682 0.1212260 0.0501361 
Perityle_coronopifolia_28_patagonia        0.2205959 0.1067861 0.1469956 0.2215550 0.1480852 0.0431198 0.2810796 0.1312361 0.3704429 0.1846340 0.1922282 0.1751626 0.1701807 0.1398410 0.1265010 0.1304669 0.1258125 0.1188925 0.1659233 0.1657214 0.1691560 0.1135823 0.1751865 0.1706133 0.1676350 0.1766591 0.1945413 0.0000000 0.1540351 0.1234474 0.2060998 0.2317034 0.1403836 0.1756196 0.1800660 0.1602997 0.1378890 0.1313996 0.1736613 0.1743016 0.1569623 0.1678548 0.1123437 0.1363090 0.1685479 0.1706782 0.1690750 0.1411412 0.1684580 0.1761157 0.1776164 0.1777666 0.1511234 0.1171566 0.1099297 0.0965067 0.1708053 0.1620423 0.1238095 0.1172779 0.1007698 0.0728997 0.1278588 0.0969413 0.1746720 0.1794270 0.1813856 0.0878596 0.1709913 0.1796935 0.1877573 0.1690555 0.1704579 0.1712869 0.0730664 0.1930764 0.1331748 0.2065639 0.1764726 0.1263407 0.1690018 0.1414023 0.1310344 
Perityle_crassifolia_70_ventanas           0.1562966 0.1416999 0.1015304 0.1657864 0.1143671 0.0471643 0.2053799 0.1396791 0.3464865 0.1396330 0.1223889 0.0939189 0.0972268 0.0928669 0.1320189 0.0924605 0.1165165 0.1281049 0.1075451 0.0959598 0.0872659 0.0921408 0.0956177 0.0934155 0.0871025 0.1051021 0.1095301 0.1540351 0.0000000 0.0267888 0.1198990 0.0918205 0.1084392 0.0985418 0.1728531 0.0967482 0.1385720 0.1149695 0.0946665 0.0995368 0.1426587 0.0847472 0.1343825 0.1368250 0.0963877 0.0866972 0.0847520 0.1350378 0.0961022 0.1127190 0.1051767 0.1154564 0.1020812 0.1455718 0.0929499 0.0927762 0.0898667 0.0855095 0.1616758 0.1203882 0.1337714 0.0907965 0.0924032 0.2051303 0.1068150 0.1247079 0.1371348 0.0735483 0.1046531 0.1099165 0.0155575 0.0864195 0.0855560 0.0993594 0.0767662 0.1219329 0.1400166 0.1064139 0.1076098 0.1711361 0.0855529 0.1187422 0.0910727 
Perityle_crassifolia_74_playa_balandra     0.1214732 0.1412194 0.1006956 0.1786059 0.0952948 0.0434020 0.1995232 0.1583769 0.2858635 0.1150045 0.1237235 0.0968310 0.0997996 0.0914908 0.1051120 0.0928993 0.1061801 0.0953221 0.1078959 0.0923403 0.0890015 0.0886019 0.1015906 0.0949911 0.0889332 0.0978314 0.1047085 0.1234474 0.0267888 0.0000000 0.1092366 0.0996291 0.1114333 0.0894350 0.1319587 0.0919391 0.1110436 0.1030168 0.1023462 0.1028403 0.1123794 0.0854167 0.1085657 0.1175484 0.0911800 0.0901403 0.0898342 0.1097252 0.0962302 0.1235175 0.1003569 0.1074832 0.0984714 0.1197654 0.1060893 0.0936185 0.0915047 0.0853105 0.1288135 0.1529044 0.1173505 0.0976589 0.1031336 0.2081556 0.1036398 0.1209694 0.1246849 0.0795682 0.1013226 0.0956670 0.0222916 0.0853688 0.0865117 0.0998169 0.1082074 0.1197732 0.1173666 0.0970961 0.1051348 0.1865627 0.0842783 0.1155196 0.0975124 
Perityle_cuneata_34_cuneata_San_antonio    0.2273426 0.1340413 0.1736601 0.1940073 0.1365814 0.0470995 0.2848962 0.1516812 0.3696721 0.2164747 0.1876530 0.1738554 0.1572805 0.1154331 0.1812909 0.1037342 0.0561458 0.1773001 0.1262690 0.1345108 0.1514318 0.1244475 0.1639943 0.1640398 0.1604823 0.1661362 0.1995077 0.2060998 0.1198990 0.1092366 0.0000000 0.1724850 0.1361714 0.1551479 0.2021111 0.1315520 0.1618113 0.1404651 0.1852208 0.1728818 0.1853628 0.1554199 0.1442444 0.1653699 0.1718228 0.1649663 0.1578361 0.1758437 0.1719275 0.1746576 0.1759177 0.1954376 0.1285298 0.1787537 0.1077113 0.0987648 0.1475687 0.1347830 0.1838304 0.1188928 0.1380584 0.1049325 0.1002544 0.2036858 0.1820554 0.1687329 0.1965761 0.0980145 0.1517348 0.1295257 0.1329974 0.1590472 0.1671877 0.1540683 0.0748398 0.1972742 0.1939742 0.1975593 0.1527158 0.1815912 0.1622950 0.0434978 0.1177462 
Perityle_cuneata_4                         0.2130588 0.1289988 0.1462652 0.2037071 0.1234746 0.0738582 0.2777480 0.1305856 0.3513571 0.2283268 0.1555652 0.1456155 0.1161826 0.0730215 0.1745660 0.0815045 0.1233150 0.1661056 0.0957106 0.1015060 0.1159866 0.1101595 0.1399950 0.1313260 0.1337903 0.1326109 0.1731082 0.2317034 0.0918205 0.0996291 0.1724850 0.0000000 0.1369308 0.1269259 0.1984239 0.0993819 0.1698546 0.1304755 0.1343088 0.1393901 0.1815298 0.1112028 0.1441476 0.1658590 0.1417334 0.1350228 0.1274442 0.1696609 0.1339101 0.1457351 0.1305805 0.1558586 0.0883814 0.1948703 0.0818607 0.0853818 0.1177900 0.1073607 0.2078177 0.1307970 0.1315909 0.0912986 0.0876238 0.2060646 0.1490155 0.1647415 0.1783992 0.0814975 0.1086060 0.1007740 0.1034885 0.1265759 0.1288087 0.1234699 0.0879297 0.1889954 0.2037432 0.1500876 0.1311454 0.1736094 0.1268102 0.1010330 0.1119400 
Perityle_discoidea_81                      0.0777594 0.0799765 0.0532905 0.1744416 0.1131616 0.0733211 0.2171532 0.1258658 0.3145215 0.1256750 0.1232277 0.1051977 0.0976430 0.0980070 0.1061645 0.0899110 0.0976272 0.1154749 0.1141863 0.1050019 0.0919323 0.0917847 0.1029841 0.0957576 0.0965521 0.1035427 0.1135983 0.1403836 0.1084392 0.1114333 0.1361714 0.1369308 0.0000000 0.1064407 0.1438316 0.1052511 0.1239641 0.1072006 0.0982232 0.1046734 0.1204060 0.0910077 0.1043158 0.1242023 0.1059072 0.0940866 0.0910691 0.1135013 0.1045282 0.1095680 0.1076082 0.1123031 0.1048791 0.1451988 0.0911699 0.0744856 0.0936471 0.0901678 0.1494436 0.1267520 0.0927586 0.0631666 0.0978898 0.1724375 0.1065636 0.1316702 0.1367725 0.0718424 0.1099653 0.1260914 0.1325698 0.0918799 0.0918171 0.1093137 0.0746825 0.1325354 0.1220080 0.1273860 0.1117291 0.1414193 0.0919028 0.1003129 0.0993640 
Perityle_dissecta_201                      0.1498214 0.1118832 0.1109830 0.1796061 0.1255874 0.0434526 0.2465161 0.1199333 0.3620184 0.1675362 0.0472361 0.0727888 0.0218299 0.0198486 0.0992048 0.0111368 0.1086114 0.1388866 0.0257857 0.0291678 0.0333856 0.0276212 0.0318057 0.0288024 0.0343408 0.0461805 0.0806032 0.1756196 0.0985418 0.0894350 0.1551479 0.1269259 0.1064407 0.0000000 0.1415942 0.0207730 0.1347034 0.0854315 0.0349237 0.0271479 0.1311210 0.0351858 0.1167983 0.1394496 0.0221881 0.0251268 0.0317704 0.1257048 0.0368854 0.0435147 0.0293772 0.0724517 0.0205609 0.1485135 0.0457502 0.0310058 0.0346394 0.0301573 0.1533838 0.1091638 0.1188936 0.0392585 0.0534024 0.1994485 0.0435089 0.1468142 0.1514739 0.0268044 0.0353975 0.0360999 0.1115719 0.0339438 0.0351130 0.0234399 0.0585037 0.1547098 0.1453144 0.0669255 0.0437907 0.1567775 0.0360367 0.1051216 0.0327303 
Perityle_feddemae_99                       0.1916766 0.1505812 0.1484381 0.2059351 0.1640462 0.0505443 0.2816343 0.1860211 0.3867083 0.1902664 0.1714346 0.1923773 0.1549275 0.1619485 0.1360516 0.1351289 0.1506902 0.1789405 0.1541539 0.1594711 0.1506979 0.1346167 0.1468090 0.1517686 0.1458922 0.1525186 0.1743504 0.1800660 0.1728531 0.1319587 0.2021111 0.1984239 0.1438316 0.1415942 0.0000000 0.1572857 0.1365628 0.1408013 0.1668107 0.1585106 0.0816016 0.1585785 0.0884090 0.1351577 0.1423819 0.1459826 0.1405476 0.0800500 0.1461743 0.1573274 0.1627655 0.1801990 0.1581575 0.1789579 0.1348222 0.0914694 0.1441562 0.1387224 0.1719337 0.1188968 0.1400407 0.0961906 0.1345706 0.2126811 0.1514429 0.1957744 0.1698065 0.0654290 0.1640350 0.1810370 0.1863390 0.1392046 0.1516027 0.1475924 0.0817588 0.1898293 0.1621109 0.1843816 0.1517159 0.2136276 0.1473762 0.1815540 0.1223912 
Perityle_fosteri_93                        0.1379041 0.1086146 0.0950895 0.1796677 0.1240422 0.0623235 0.2358478 0.1264123 0.3514784 0.1574523 0.0604636 0.0435730 0.0206030 0.0266645 0.1006369 0.0174002 0.1091623 0.1229744 0.0249602 0.0293256 0.0315546 0.0313953 0.0340799 0.0320941 0.0386231 0.0460753 0.0405596 0.1602997 0.0967482 0.0919391 0.1315520 0.0993819 0.1052511 0.0207730 0.1572857 0.0000000 0.1397647 0.0910427 0.0326055 0.0302615 0.1362389 0.0329215 0.1213267 0.1468777 0.0226755 0.0327730 0.0315512 0.1256815 0.0369605 0.0571453 0.0274110 0.0495050 0.0222791 0.1486322 0.0448070 0.0404217 0.0328970 0.0308983 0.1668994 0.1111246 0.1191765 0.0418685 0.0575137 0.1958709 0.0452383 0.1314181 0.1415779 0.0268983 0.0259887 0.0411499 0.1074435 0.0328430 0.0340831 0.0250315 0.0583866 0.1316423 0.1397176 0.0588653 0.0422477 0.1586733 0.0357086 0.1004926 0.0321988 
Perityle_gamon_221                         0.1714883 0.0931725 0.1181781 0.2056318 0.1310127 0.0621007 0.2732777 0.1327435 0.3758991 0.1354954 0.1529473 0.1421727 0.1350139 0.1235949 0.0922015 0.1100792 0.1202574 0.1108715 0.1397594 0.1432503 0.1315037 0.0786664 0.1400249 0.1345989 0.1292580 0.1317235 0.1464200 0.1378890 0.1385720 0.1110436 0.1618113 0.1698546 0.1239641 0.1347034 0.1365628 0.1397647 0.0000000 0.1136784 0.1453610 0.1396430 0.0971990 0.1375585 0.0713501 0.0448451 0.1268849 0.1315555 0.1281147 0.0890352 0.1289790 0.1402968 0.1477321 0.1403958 0.1350961 0.1322263 0.0999656 0.0923161 0.1289872 0.1259861 0.1315554 0.1119635 0.0774495 0.0770328 0.1107525 0.1282934 0.1322420 0.1506343 0.1322276 0.0851883 0.1492818 0.1427170 0.1581722 0.1302089 0.1323310 0.1345072 0.0857809 0.1422831 0.1193860 0.1652840 0.1286329 0.1146137 0.1298164 0.1301998 0.1185638 
Perityle_gentryi_8_san_francisco           0.1487777 0.0765160 0.1073431 0.2003505 0.1205476 0.0509251 0.2703275 0.1273352 0.3477920 0.1382243 0.1118324 0.0989015 0.0951224 0.0861532 0.0735333 0.0738623 0.1071837 0.1007808 0.0873676 0.0942299 0.0928411 0.0813227 0.0952991 0.0927055 0.0894506 0.0895572 0.0996085 0.1313996 0.1149695 0.1030168 0.1404651 0.1304755 0.1072006 0.0854315 0.1408013 0.0910427 0.1136784 0.0000000 0.1002258 0.0977577 0.1105505 0.0973064 0.0864732 0.1136596 0.0855436 0.0882453 0.0878540 0.0996850 0.0944416 0.1084568 0.0983269 0.1060055 0.0821388 0.1310870 0.0836918 0.0572377 0.0912365 0.0884635 0.1175246 0.1195088 0.0830664 0.0557489 0.0910467 0.1485526 0.0889695 0.1271489 0.1196771 0.0451075 0.1004993 0.0990369 0.1364948 0.0878270 0.0927623 0.0905456 0.0747767 0.1242427 0.1007813 0.1201259 0.1005980 0.1188999 0.0891685 0.1129852 0.0780577 
Perityle_gilensis_22_Superstition          0.1506360 0.1169961 0.1117439 0.1603780 0.1313312 0.0470237 0.2199618 0.1325674 0.3463848 0.2022666 0.0529639 0.0961251 0.0277613 0.0411075 0.1194742 0.0336783 0.1166089 0.1407949 0.0366037 0.0370100 0.0332778 0.0539834 0.0135829 0.0332285 0.0333967 0.0493169 0.1166188 0.1736613 0.0946665 0.1023462 0.1852208 0.1343088 0.0982232 0.0349237 0.1668107 0.0326055 0.1453610 0.1002258 0.0000000 0.0340304 0.1414209 0.0298432 0.1256482 0.1480717 0.0417177 0.0445748 0.0293455 0.1324068 0.0432981 0.0529411 0.0361596 0.0896723 0.0341240 0.1437936 0.0483745 0.0376295 0.0371025 0.0305317 0.1647426 0.1090933 0.1241847 0.0431012 0.0560879 0.2108867 0.0735478 0.1554157 0.1979958 0.0391865 0.0352480 0.0058120 0.1086446 0.0378359 0.0316739 0.0322957 0.0512714 0.1848100 0.1718605 0.0726620 0.0479048 0.1555107 0.0399272 0.1097905 0.0386004 
Perityle_gilensis_salensis_225             0.1515607 0.1250222 0.1220071 0.1766917 0.1271439 0.0623149 0.2642499 0.1508810 0.3645078 0.1929169 0.0605755 0.0827620 0.0254644 0.0346574 0.1148683 0.0248048 0.1199690 0.1412887 0.0297850 0.0393021 0.0375951 0.0543757 0.0335685 0.0368185 0.0368203 0.0566208 0.1042512 0.1743016 0.0995368 0.1028403 0.1728818 0.1393901 0.1046734 0.0271479 0.1585106 0.0302615 0.1396430 0.0977577 0.0340304 0.0000000 0.1388545 0.0365598 0.1222091 0.1465133 0.0363026 0.0487968 0.0351522 0.1287971 0.0457626 0.0586975 0.0338433 0.0857702 0.0299288 0.1420517 0.0540664 0.0385414 0.0401785 0.0349751 0.1551034 0.1161987 0.1298636 0.0565649 0.0664042 0.2096518 0.0707974 0.1503171 0.1820795 0.0307342 0.0387325 0.0389146 0.1108136 0.0384861 0.0360315 0.0271172 0.0651916 0.1744806 0.1607298 0.0882075 0.0445168 0.1672889 0.0404035 0.1102203 0.0397629 
Perityle_glaucescens_94                    0.1628565 0.1037250 0.1284455 0.1985466 0.1339407 0.0976172 0.2642377 0.1278597 0.3778721 0.1595328 0.1501262 0.1759245 0.1358296 0.1367213 0.0996925 0.1173255 0.1272768 0.1303996 0.1357041 0.1347280 0.1269757 0.1137082 0.1308916 0.1294589 0.1235538 0.1320763 0.1631478 0.1569623 0.1426587 0.1123794 0.1853628 0.1815298 0.1204060 0.1311210 0.0816016 0.1362389 0.0971990 0.1105505 0.1414209 0.1388545 0.0000000 0.1352680 0.0143237 0.0998041 0.1261167 0.1237215 0.1200390 0.0147352 0.1249666 0.1364140 0.1412642 0.1604737 0.1332815 0.1399437 0.1001301 0.0952000 0.1213865 0.1194665 0.1272055 0.1305160 0.0921013 0.0820179 0.1137241 0.1416256 0.1305317 0.1628479 0.1528963 0.0812363 0.1483577 0.1501073 0.1586592 0.1193639 0.1291607 0.1296721 0.0876238 0.1619202 0.1260460 0.1665870 0.1317548 0.1324173 0.1221263 0.1409109 0.1014905 
Perityle_gracilis_11                       0.1371929 0.1125701 0.1033150 0.1780072 0.1228482 0.0433586 0.2359102 0.1227463 0.3501611 0.1757640 0.0531512 0.0931518 0.0337188 0.0379496 0.1141513 0.0376894 0.1096695 0.1296640 0.0446251 0.0294485 0.0110531 0.0412509 0.0373079 0.0312971 0.0181583 0.0419407 0.0789636 0.1678548 0.0847472 0.0854167 0.1554199 0.1112028 0.0910077 0.0351858 0.1585785 0.0329215 0.1375585 0.0973064 0.0298432 0.0365598 0.1352680 0.0000000 0.1176094 0.1451545 0.0430953 0.0173601 0.0098161 0.1250695 0.0337482 0.0474942 0.0395065 0.0802703 0.0379210 0.1441581 0.0354654 0.0435265 0.0123071 0.0104520 0.1571417 0.1019394 0.1157741 0.0322258 0.0461297 0.1960432 0.0484371 0.1496266 0.1623149 0.0331848 0.0434171 0.0487302 0.0962904 0.0104297 0.0098130 0.0300079 0.0444487 0.1603289 0.1622066 0.0626348 0.0416252 0.1525888 0.0117592 0.1035818 0.0401331 
Perityle_harkerae_31                       0.1446978 0.0939310 0.1056213 0.1811740 0.1059603 0.0814381 0.2494069 0.1241083 0.3663977 0.1127659 0.1360522 0.1138624 0.1169092 0.1261407 0.0771997 0.1128254 0.1203285 0.0825023 0.1256289 0.1214137 0.1115938 0.0924422 0.1196680 0.1121010 0.1071933 0.1200744 0.1264085 0.1123437 0.1343825 0.1085657 0.1442444 0.1441476 0.1043158 0.1167983 0.0884090 0.1213267 0.0713501 0.0864732 0.1256482 0.1222091 0.0143237 0.1176094 0.0000000 0.0725231 0.1082952 0.1090369 0.1078406 0.0083799 0.1102250 0.1259312 0.1245489 0.1306914 0.1274849 0.1098951 0.0939854 0.0901761 0.1100387 0.1077635 0.0991957 0.1228898 0.0842418 0.0770104 0.1105331 0.1337265 0.1191996 0.1229387 0.1162663 0.0744508 0.1294955 0.1426914 0.1360547 0.1078184 0.1123128 0.1167375 0.0804632 0.1184516 0.0780406 0.1492341 0.1147195 0.1189489 0.1079376 0.1307410 0.0917445 
Perityle_hofmeisteria_4_nombre_de_dios     0.1689005 0.0893403 0.1261897 0.1981463 0.1379425 0.0585873 0.2735881 0.1216296 0.3645457 0.1488469 0.1631765 0.1596819 0.1441406 0.1235215 0.0933708 0.1172409 0.1212961 0.1199835 0.1470524 0.1467820 0.1377733 0.0927723 0.1441978 0.1417248 0.1365761 0.1374337 0.1532298 0.1363090 0.1368250 0.1175484 0.1653699 0.1658590 0.1242023 0.1394496 0.1351577 0.1468777 0.0448451 0.1136596 0.1480717 0.1465133 0.0998041 0.1451545 0.0725231 0.0000000 0.1324702 0.1388077 0.1353064 0.0931639 0.1348306 0.1539728 0.1573721 0.1455415 0.1387248 0.1359824 0.0992203 0.0910196 0.1371787 0.1326165 0.1290676 0.1156597 0.0715205 0.0735355 0.1113977 0.1182860 0.1362568 0.1588869 0.1421424 0.0837656 0.1593051 0.1508818 0.1613638 0.1350935 0.1383644 0.1456468 0.0843075 0.1553285 0.1180563 0.1633819 0.1390537 0.1077202 0.1368134 0.1290038 0.1231003 
Perityle_huecosensis_48                    0.1482207 0.1018576 0.1181078 0.1821122 0.1284501 0.0508990 0.2571124 0.1333455 0.3502740 0.1775638 0.0643805 0.0833571 0.0288648 0.0166151 0.0981143 0.0117740 0.1109706 0.1319059 0.0275896 0.0381095 0.0412212 0.0281491 0.0392884 0.0340858 0.0417149 0.0544337 0.1017759 0.1685479 0.0963877 0.0911800 0.1718228 0.1417334 0.1059072 0.0221881 0.1423819 0.0226755 0.1268849 0.0855436 0.0417177 0.0363026 0.1261167 0.0430953 0.1082952 0.1324702 0.0000000 0.0474064 0.0409401 0.1191823 0.0441348 0.0629049 0.0352554 0.0824797 0.0225526 0.1396950 0.0454325 0.0348671 0.0413185 0.0369716 0.1483199 0.1091399 0.1201100 0.0450675 0.0576769 0.1856146 0.0717256 0.1484378 0.1670194 0.0256164 0.0384726 0.0377063 0.1119547 0.0444758 0.0447633 0.0270831 0.0581993 0.1689559 0.1409950 0.0843343 0.0511265 0.1560474 0.0465601 0.1059048 0.0351199 
