84
Amauria_brandeegeana_62                    0.0000000 0.0373323 0.0377468 0.2875470 0.0828268 0.0650373 0.1941573 0.1723131 0.3661339 0.1189498 0.1091900 0.1391969 0.0984625 0.1098682 0.1063971 0.1297440 0.1124088 0.1995837 0.1240982 0.1050843 0.1104950 0.1041684 0.1563609 0.1181107 0.1257804 0.0987176 0.1157268 0.1232879 0.1613764 0.1120334 0.1127866 0.1096614 0.1044926 0.0349203 0.1216199 0.1842325 0.1762266 0.0952631 0.1278309 0.1347363 0.1014958 0.1061558 0.1574729 0.0998343 0.1503340 0.2234889 0.1046227 0.0998914 0.1018918 0.1443520 0.1048386 0.1073470 0.0967921 0.1154466 0.1093232 0.1847717 0.0934658 0.1193386 0.1004300 0.1010892 0.1882143 0.2502356 0.1004074 0.1384233 0.1612109 0.1310770 0.1775472 0.1702465 0.0977255 0.1090816 0.1169821 0.1181709 0.1012262 0.0958682 0.0998108 0.0820569 0.2503350 0.1127825 0.1026354 0.1336080 0.1821419 0.1004300 0.1189874 0.1027263 
Amauria_carterae_99_mesa                   0.0373323 0.0000000 0.0426780 0.2828557 0.0635774 0.0437090 0.1561832 0.1514214 0.3121300 0.0933531 0.0932015 0.0953995 0.0888260 0.1050006 0.0900171 0.1121838 0.0880929 0.1799918 0.1139102 0.0925592 0.0913198 0.0896280 0.1480811 0.0938666 0.0951415 0.0879855 0.0934717 0.0963659 0.1658482 0.0934109 0.0989955 0.0946704 0.0978581 0.0319940 0.0959821 0.1564179 0.1448206 0.0870956 0.1124136 0.1134961 0.0921905 0.0974217 0.1444322 0.0902916 0.1297809 0.1785630 0.0937467 0.0909154 0.0876310 0.1374860 0.0988751 0.0940831 0.0884748 0.0958791 0.0918900 0.1808258 0.0855335 0.0907987 0.0870209 0.0882615 0.1720811 0.2445696 0.0947037 0.0952442 0.1759237 0.1191100 0.1389309 0.1451910 0.0880460 0.0890281 0.0938666 0.0946744 0.0914315 0.0915583 0.0908596 0.0791332 0.1399858 0.1082956 0.0859107 0.0940222 0.1569087 0.0870209 0.0946829 0.0902035 
Amauria_rotundifolia_SRR9119150            0.0377468 0.0426780 0.0000000 0.2678366 0.0765929 0.0594748 0.1713624 0.1655633 0.3718830 0.1126012 0.1360032 0.1733543 0.1107256 0.1059411 0.0968222 0.1262163 0.1223241 0.2002116 0.1198983 0.0927288 0.1024852 0.1166376 0.1618099 0.1235992 0.1341567 0.1081759 0.1175563 0.1539728 0.1499855 0.1080422 0.1034815 0.1364493 0.1040051 0.0376158 0.1140106 0.1143827 0.1979214 0.0985531 0.1565829 0.1475619 0.1153444 0.1057492 0.1654563 0.0906436 0.1577557 0.2947363 0.1108534 0.1111016 0.1114524 0.1427769 0.1129878 0.1189918 0.0863118 0.0998188 0.1065833 0.1886635 0.0944061 0.1168820 0.0986933 0.1091870 0.1881831 0.2568585 0.1020732 0.1963984 0.1596373 0.1308249 0.1488480 0.1720306 0.0942769 0.1109818 0.1217545 0.1098122 0.1094720 0.0838515 0.0869379 0.0840155 0.2173906 0.1057365 0.0856950 0.1276591 0.1760756 0.1098721 0.1303752 0.0903922 
Conoclinium_coelestinum_SRR9119114         0.2875470 0.2828557 0.2678366 0.0000000 0.2877015 0.1420696 0.0955465 0.2946832 0.4307433 0.3316635 0.2947042 0.3136552 0.3048777 0.3120517 0.3087615 0.3311098 0.3195075 0.3847489 0.3490011 0.3180720 0.3229420 0.3099657 0.3548496 0.3036490 0.2976007 0.3064551 0.3197259 0.2998217 0.3699331 0.3298390 0.2199213 0.3147118 0.3076127 0.2051636 0.3159845 0.3098232 0.3628716 0.2554546 0.3170637 0.3359733 0.3031134 0.3014718 0.3540883 0.3087711 0.3525883 0.3605218 0.3210194 0.3087735 0.3077871 0.3634220 0.2971242 0.3137208 0.2711464 0.3212691 0.3127386 0.4041498 0.2695026 0.2326023 0.3064241 0.3074386 0.3468740 0.3597088 0.1916591 0.3092821 0.3754328 0.3378241 0.3409670 0.3421414 0.2151452 0.3207443 0.3046684 0.3325410 0.3094489 0.2983446 0.3074688 0.2088307 0.4108898 0.4349116 0.2777737 0.3105019 0.3098472 0.3064241 0.3304942 0.2535994 
Eutetras_palmeri_63                        0.0828268 0.0635774 0.0765929 0.2877015 0.0000000 0.0025568 0.1618792 0.1740147 0.3480419 0.0980323 0.0894462 0.1167030 0.0837537 0.0892953 0.0895656 0.1110966 0.0912910 0.1957637 0.1108427 0.0909502 0.0912139 0.0851052 0.1350137 0.0967342 0.1034978 0.0840619 0.0981428 0.1027450 0.1566813 0.0985141 0.0954962 0.0916026 0.1057894 0.0770000 0.0997971 0.1731299 0.1465574 0.0811329 0.0993931 0.1151196 0.0881863 0.0907036 0.1293864 0.0851697 0.1239599 0.1872807 0.0899384 0.0851254 0.0858445 0.1236214 0.0887991 0.0884492 0.0815518 0.0984246 0.0955316 0.1775139 0.0822378 0.1089133 0.0844539 0.0850907 0.1623303 0.2517299 0.0849265 0.1132420 0.1515518 0.1118187 0.1531129 0.1470310 0.0669861 0.0947790 0.0967298 0.0982135 0.0857450 0.0851640 0.0876736 0.0712040 0.2426742 0.1068536 0.0832956 0.1131608 0.1584956 0.0844539 0.0993452 0.0774301 
Eutetras_pringlei_149_quer                 0.0650373 0.0437090 0.0594748 0.1420696 0.0025568 0.0000000 0.1131192 0.1643932 0.2472768 0.0577262 0.0509261 0.0735570 0.0711055 0.0830166 0.0733243 0.0908693 0.0735645 0.1167215 0.1095944 0.0733243 0.0787457 0.0741485 0.1467974 0.0736645 0.0561634 0.0681818 0.0639161 0.0538579 0.1735037 0.0610869 0.0675789 0.0833453 0.1123358 0.0623039 0.0787214 0.0802187 0.1914967 0.0827218 0.0815823 0.0940404 0.0707496 0.0736404 0.1829367 0.0711055 0.1640731 0.0875812 0.0779404 0.0741256 0.0711055 0.1883623 0.0709263 0.0770423 0.0742063 0.0730524 0.0764686 0.2257270 0.0634628 0.0860932 0.0711055 0.0740116 0.1577219 0.2986644 0.1015778 0.0705616 0.1723975 0.1278379 0.1377273 0.1344053 0.0679905 0.0763086 0.0736645 0.0644648 0.0711055 0.0711055 0.0711055 0.0854746 0.1667378 0.0000010 0.0711142 0.0735570 0.1795238 0.0711055 0.0577262 0.0474299 
Eutrochium_fistulosum_SRR9119106           0.1941573 0.1561832 0.1713624 0.0955465 0.1618792 0.1131192 0.0000000 0.2383042 0.3322187 0.2426285 0.1946409 0.1984226 0.1913936 0.2001849 0.1921788 0.2132390 0.2012932 0.2315647 0.2193435 0.1977734 0.2132548 0.1992760 0.2262936 0.1820030 0.1794108 0.1917200 0.2122530 0.1998144 0.2760978 0.2294414 0.1667791 0.2216159 0.1969192 0.1780500 0.2038016 0.2371117 0.2628248 0.1869419 0.2135765 0.2199095 0.1808085 0.1839080 0.2666429 0.1929184 0.2477731 0.2258704 0.1993237 0.1928249 0.1948551 0.2713407 0.1788430 0.1990425 0.1889208 0.2152745 0.1977570 0.3633203 0.1670703 0.2185588 0.1943040 0.1970727 0.2789887 0.3677237 0.1756123 0.1933874 0.2934326 0.2408010 0.2278625 0.2369567 0.1958121 0.2109941 0.1834941 0.2389900 0.1930453 0.1751383 0.1944329 0.1657764 0.3974662 0.8365839 0.1914598 0.1950106 0.3438388 0.1955785 0.2395957 0.1852148 
Galeana_pratensis_104_mex                  0.1723131 0.1514214 0.1655633 0.2946832 0.1740147 0.1643932 0.2383042 0.0000000 0.2866776 0.1903990 0.1885391 0.1829136 0.1767557 0.1987025 0.1758170 0.2201477 0.1704981 0.2170140 0.2086136 0.1753135 0.1746527 0.1757042 0.1732126 0.1855949 0.1666281 0.1755526 0.1785915 0.1949223 0.1996795 0.1923358 0.1975372 0.1963528 0.1837287 0.1781997 0.1789606 0.2184068 0.2287658 0.1601916 0.1930473 0.2160244 0.1843889 0.1864267 0.2255674 0.1773016 0.2051766 0.1912515 0.1832500 0.1755526 0.1755526 0.2114442 0.1863415 0.1784093 0.1698237 0.1735347 0.1796239 0.2253586 0.1682647 0.1512780 0.1755526 0.1772673 0.1955515 0.2734647 0.1415381 0.1784686 0.2197962 0.1793200 0.2273560 0.2271874 0.1407032 0.1756078 0.1855949 0.1923358 0.1747531 0.1792864 0.1774359 0.1757319 0.2408797 0.1943384 0.1774204 0.1785840 0.2164639 0.1755526 0.1923358 0.1281295 
Helianthus_annuus_SRR9119062               0.3661339 0.3121300 0.3718830 0.4307433 0.3480419 0.2472768 0.3322187 0.2866776 0.0000000 0.3606021 0.3598376 0.3543157 0.3474449 0.3547674 0.3453740 0.3784567 0.3592772 0.4067220 0.3967649 0.3494269 0.3525250 0.3326942 0.2490267 0.3563521 0.3547302 0.3469674 0.3599547 0.3587169 0.4740516 0.3449711 0.2720100 0.3721675 0.4042157 0.3007032 0.3546636 0.4502671 0.4055671 0.3601959 0.3535242 0.3809372 0.3562976 0.3578343 0.3325402 0.3480966 0.4172016 0.3971111 0.3529670 0.3482507 0.3466897 0.4066402 0.3519670 0.3456822 0.3551053 0.3608750 0.3444642 0.4827205 0.3478281 0.3612205 0.3444596 0.3451816 0.4518025 0.4438900 0.2840403 0.3536662 0.4446168 0.3839926 0.4331608 0.4175347 0.2576993 0.3603879 0.3573816 0.3715336 0.3495688 0.3358549 0.3529631 0.2295281 0.5200458 0.4334239 0.3182235 0.3514845 0.3759308 0.3441704 0.3625941 0.3656088 
Lycapsus_tenuifolius_17                    0.1189498 0.0933531 0.1126012 0.3316635 0.0980323 0.0577262 0.2426285 0.1903990 0.3606021 0.0000000 0.1293116 0.1698434 0.1202856 0.1290186 0.1156546 0.1443612 0.1233508 0.1703930 0.1372294 0.1127305 0.1217322 0.1227969 0.1461090 0.1373763 0.1486690 0.1174192 0.1404570 0.1450698 0.1604750 0.0056331 0.0136356 0.1113215 0.0922899 0.1209097 0.1259247 0.2255601 0.2101352 0.1116717 0.1348161 0.1594643 0.1250407 0.1294117 0.1699763 0.1126869 0.1604144 0.2620420 0.1206582 0.1173515 0.1198990 0.1594673 0.1270238 0.1223256 0.1044225 0.1289762 0.1272237 0.1872759 0.1069783 0.1156982 0.1191883 0.1192204 0.1851783 0.2659586 0.0965316 0.1819285 0.1677683 0.1492360 0.2072694 0.1920343 0.0970614 0.1295610 0.1368006 0.0068792 0.1191938 0.1092221 0.1085445 0.0640842 0.2757136 0.1190529 0.1156532 0.1466952 0.1795800 0.1190487 0.0067868 0.1052539 
Pericome_caudata_50_silver                 0.1091900 0.0932015 0.1360032 0.2947042 0.0894462 0.0509261 0.1946409 0.1885391 0.3598376 0.1293116 0.0000000 0.1647196 0.1343804 0.1084455 0.0856784 0.1284114 0.1224891 0.2061683 0.1222924 0.0910417 0.0920722 0.1313058 0.1249015 0.1494817 0.1782322 0.1309527 0.1462699 0.1799610 0.1538159 0.1232363 0.1049798 0.1645311 0.1176584 0.0807171 0.1031688 0.2508784 0.1975755 0.1022541 0.2062028 0.1536148 0.1357776 0.1161260 0.1597046 0.1008056 0.1387387 0.3591795 0.1404034 0.1427801 0.1337655 0.1445148 0.1255316 0.1287088 0.0847259 0.0993680 0.1168598 0.1634932 0.0745733 0.1045312 0.1136988 0.1345606 0.1560538 0.2559288 0.0853480 0.2072459 0.1437841 0.1860800 0.1822014 0.2348724 0.0621478 0.1214684 0.1460112 0.1247895 0.1300202 0.0888645 0.0867294 0.0706846 0.2741815 0.1267259 0.0923525 0.1181136 0.1699584 0.1393171 0.1527263 0.0927013 
Perityle_aglossa_84_dead_horse             0.1391969 0.0953995 0.1733543 0.3136552 0.1167030 0.0735570 0.1984226 0.1829136 0.3543157 0.1698434 0.1647196 0.0000000 0.0672098 0.0735644 0.0253263 0.1072401 0.0787883 0.2067475 0.0988665 0.0571590 0.0401009 0.0594843 0.0932297 0.1016724 0.1090145 0.0769748 0.1005200 0.1652368 0.1674022 0.1278010 0.1021995 0.1566412 0.1532949 0.0992483 0.0708801 0.1569523 0.1740917 0.0550583 0.1511416 0.1250217 0.1022860 0.0944208 0.1649400 0.0617527 0.1204010 0.2420137 0.0916507 0.0846580 0.0846456 0.1489954 0.0949886 0.0876975 0.0616229 0.0687902 0.0785366 0.1485031 0.0745867 0.0544876 0.0711316 0.0863244 0.1385063 0.2323756 0.0346027 0.0196266 0.1396953 0.1119264 0.2114164 0.2263419 0.0221706 0.0803336 0.0992403 0.1530384 0.0801320 0.0644748 0.0506439 0.0205690 0.2885801 0.1183727 0.0395634 0.0060139 0.1220417 0.0850106 0.1806993 0.0617207 
Perityle_ajoensis_204                      0.0984625 0.0888260 0.1107256 0.3048777 0.0837537 0.0711055 0.1913936 0.1767557 0.3474449 0.1202856 0.1343804 0.0672098 0.0000000 0.0237060 0.0140733 0.0684046 0.0444530 0.1981348 0.0904820 0.0114176 0.0219657 0.0248486 0.0924977 0.0761818 0.0778441 0.0061563 0.0482092 0.1200638 0.1046499 0.1056978 0.0968381 0.1333162 0.1157204 0.0885907 0.0324735 0.1254899 0.1351762 0.0134753 0.1062209 0.0898508 0.0388057 0.0284478 0.1279862 0.0021753 0.1030504 0.2073861 0.0408873 0.0297260 0.0293262 0.1007101 0.0384917 0.0386024 0.0031147 0.0285262 0.0165243 0.1381811 0.0623092 0.0494726 0.0037509 0.0272673 0.1206293 0.2355949 0.0314072 0.0943305 0.0967100 0.0577864 0.1637274 0.1813860 0.0200915 0.0208105 0.0757623 0.1113251 0.0241148 0.0023848 0.0045866 0.0043078 0.2452176 0.0566626 0.0061821 0.0439943 0.1264241 0.0292142 0.1400052 0.0313921 
Perityle_ambrosiifolia_67_green            0.1098682 0.1050006 0.1059411 0.3120517 0.0892953 0.0830166 0.2001849 0.1987025 0.3547674 0.1290186 0.1084455 0.0735644 0.0237060 0.0000000 0.0298169 0.0803422 0.0453959 0.2153035 0.0924573 0.0308533 0.0398455 0.0271907 0.1129475 0.0229013 0.0597673 0.0236354 0.0442162 0.0935667 0.1274843 0.1285166 0.1264360 0.1202617 0.1252031 0.1094236 0.0480950 0.1241042 0.1444302 0.0285279 0.0918997 0.0883644 0.0077074 0.0060403 0.1369474 0.0246402 0.1208118 0.1938109 0.0290383 0.0247237 0.0270153 0.1171964 0.0049591 0.0336269 0.0243671 0.0451623 0.0320730 0.1587335 0.0829840 0.0705198 0.0252743 0.0258670 0.1411125 0.2495247 0.0504963 0.0726398 0.1203162 0.0553419 0.1833536 0.1713418 0.0491514 0.0378955 0.0207694 0.1299759 0.0260005 0.0251634 0.0264387 0.0235262 0.2632226 0.0635324 0.0266244 0.0619395 0.1545557 0.0252612 0.1321632 0.0491280 
Perityle_angustifolia_13_Eagle_creek       0.1063971 0.0900171 0.0968222 0.3087615 0.0895656 0.0733243 0.1921788 0.1758170 0.3453740 0.1156546 0.0856784 0.0253263 0.0140733 0.0298169 0.0000000 0.0676907 0.0222696 0.2026464 0.0928930 0.0078970 0.0183795 0.0169574 0.0944023 0.0357326 0.0583836 0.0152439 0.0372228 0.0743326 0.1056350 0.1127517 0.0979244 0.1209484 0.1159569 0.0962627 0.0196170 0.1190643 0.1118296 0.0139906 0.0910693 0.0717059 0.0324747 0.0357044 0.1258914 0.0150450 0.1068241 0.1690645 0.0135890 0.0152188 0.0158214 0.1092037 0.0349058 0.0133031 0.0151661 0.0377749 0.0053983 0.1356801 0.0628753 0.0511022 0.0146099 0.0152213 0.1150084 0.2342593 0.0320231 0.0240045 0.0972041 0.0490074 0.1479121 0.1397994 0.0244446 0.0252587 0.0350885 0.1160641 0.0159285 0.0145857 0.0169327 0.0102580 0.2714488 0.0614930 0.0151389 0.0241042 0.1236310 0.0146099 0.1174910 0.0311180 
Perityle_batopilensis_97                   0.1297440 0.1121838 0.1262163 0.3311098 0.1110966 0.0908693 0.2132390 0.2201477 0.3784567 0.1443612 0.1284114 0.1072401 0.0684046 0.0803422 0.0676907 0.0000000 0.0773642 0.2312717 0.1010303 0.0683890 0.0799132 0.0702970 0.1367890 0.0914350 0.1032466 0.0688393 0.0850925 0.1107308 0.1114686 0.1378819 0.1216500 0.1420700 0.1444565 0.1328452 0.0918219 0.1638482 0.1519804 0.0767847 0.1138301 0.0104528 0.0789471 0.0820666 0.1521025 0.0681264 0.1324346 0.2070246 0.0744843 0.0692051 0.0693765 0.1315124 0.0772629 0.0759621 0.0699399 0.0754216 0.0772160 0.1484333 0.0874399 0.0996998 0.0673256 0.0673759 0.1278079 0.2650428 0.0721066 0.1060551 0.1175552 0.0941146 0.1811071 0.1704730 0.0717835 0.0829377 0.0881876 0.1434311 0.0709240 0.0647177 0.0668825 0.0677408 0.2664412 0.0845184 0.0714774 0.0940635 0.1400461 0.0672892 0.1445485 0.0716225 
Perityle_bisetosa_9                        0.1124088 0.0880929 0.1223241 0.3195075 0.0912910 0.0735645 0.2012932 0.1704981 0.3592772 0.1233508 0.1224891 0.0787883 0.0444530 0.0453959 0.0222696 0.0773642 0.0000000 0.2100097 0.0984488 0.0228017 0.0289037 0.0500795 0.0865295 0.0628381 0.0986276 0.0438476 0.0583306 0.1041123 0.1106955 0.1131124 0.0981030 0.1311080 0.1106756 0.0926821 0.0359013 0.1456117 0.1581475 0.0369767 0.1076312 0.0924729 0.0629760 0.0563535 0.1426646 0.0279050 0.1195701 0.2611740 0.0460768 0.0444844 0.0455924 0.1046081 0.0632029 0.0520500 0.0236345 0.0362874 0.0377347 0.1530294 0.0739161 0.0541002 0.0361142 0.0457280 0.1426242 0.2119909 0.0355880 0.0935757 0.1144024 0.1060508 0.1640667 0.1727005 0.0185632 0.0231426 0.0603767 0.1190941 0.0478454 0.0246142 0.0223476 0.0181570 0.2446184 0.0703857 0.0280653 0.0499381 0.1282348 0.0449368 0.1314873 0.0498530 
Perityle_californica_76_positas            0.1995837 0.1799918 0.2002116 0.3847489 0.1957637 0.1167215 0.2315647 0.2170140 0.4067220 0.1703930 0.2061683 0.2067475 0.1981348 0.2153035 0.2026464 0.2312717 0.2100097 0.0000000 0.2511210 0.2003669 0.1996749 0.2012297 0.1694023 0.2089606 0.2202984 0.1961136 0.2056483 0.2207680 0.3397311 0.1734187 0.1117649 0.1470819 0.2073972 0.1452778 0.2073952 0.2938278 0.2524334 0.2012508 0.2244189 0.2341156 0.2076650 0.2094595 0.1897782 0.1984646 0.2501980 0.2515074 0.2010344 0.1984473 0.2005188 0.2480676 0.2116788 0.2001961 0.2051076 0.2092752 0.2019513 0.3186897 0.2232936 0.2091807 0.1994337 0.2003170 0.2942908 0.3066474 0.1284405 0.2043134 0.2948270 0.2209786 0.2903737 0.2838773 0.1425383 0.2106398 0.2079747 0.1772237 0.2000116 0.2027976 0.2018943 0.1212129 0.3535273 0.2930684 0.1750066 0.2034113 0.2346679 0.1994337 0.1722823 0.2225626 
Perityle_canescens_77                      0.1240982 0.1139102 0.1198983 0.3490011 0.1108427 0.1095944 0.2193435 0.2086136 0.3967649 0.1372294 0.1222924 0.0988665 0.0904820 0.0924573 0.0928930 0.1010303 0.0984488 0.2511210 0.0000000 0.0945717 0.0931507 0.0915618 0.1374787 0.0919252 0.0940726 0.0892770 0.1061873 0.0973588 0.1506467 0.1405868 0.1335476 0.1386383 0.1372952 0.1244943 0.0984259 0.1957567 0.1299455 0.0895807 0.0962765 0.1011819 0.0908341 0.0935461 0.1417371 0.0916242 0.1083816 0.1670717 0.0931284 0.0907181 0.0915814 0.1216261 0.0916535 0.0922183 0.0929609 0.1076898 0.0984253 0.1680669 0.0929181 0.1166472 0.0906133 0.0915814 0.1560439 0.2443041 0.1132608 0.0941190 0.1555178 0.1239120 0.1871846 0.1803349 0.1048557 0.1002574 0.0919252 0.1423128 0.0922708 0.0898995 0.0925037 0.0914857 0.2784779 0.0336192 0.0953949 0.0950452 0.1573331 0.0905456 0.1405496 0.0857421 
Perityle_castillonii_96                    0.1050843 0.0925592 0.0927288 0.3180720 0.0909502 0.0733243 0.1977734 0.1753135 0.3494269 0.1127305 0.0910417 0.0571590 0.0114176 0.0308533 0.0078970 0.0683890 0.0228017 0.2003669 0.0945717 0.0000000 0.0234923 0.0147773 0.0909111 0.0401862 0.0597497 0.0123403 0.0338214 0.0799754 0.1048295 0.1086372 0.0960392 0.1158480 0.1158731 0.0964698 0.0247491 0.1107668 0.1412828 0.0138582 0.0849337 0.0741009 0.0326390 0.0355297 0.1246623 0.0123592 0.1091307 0.1957989 0.0105630 0.0123208 0.0134410 0.1036518 0.0342572 0.0133887 0.0118428 0.0323240 0.0077880 0.1391163 0.0662722 0.0511787 0.0134547 0.0134509 0.1217885 0.2335812 0.0353255 0.0585397 0.0988912 0.0439327 0.1472800 0.1400066 0.0232199 0.0224980 0.0395944 0.1139878 0.0134472 0.0108895 0.0148802 0.0119136 0.2382391 0.0603194 0.0128850 0.0505120 0.1261843 0.0128884 0.1129081 0.0300746 
Perityle_cernua_84                         0.1104950 0.0913198 0.1024852 0.3229420 0.0912139 0.0787457 0.2132548 0.1746527 0.3525250 0.1217322 0.0920722 0.0401009 0.0219657 0.0398455 0.0183795 0.0799132 0.0289037 0.1996749 0.0931507 0.0234923 0.0000000 0.0268247 0.0909644 0.0499606 0.0738047 0.0231482 0.0407417 0.0806800 0.1202620 0.1199858 0.1032694 0.1247522 0.1155139 0.0971316 0.0299842 0.1214575 0.1296098 0.0287017 0.0915067 0.0844888 0.0417329 0.0460226 0.1363644 0.0230303 0.1057319 0.1816120 0.0258140 0.0219319 0.0236973 0.1127824 0.0445520 0.0253899 0.0228554 0.0363349 0.0302686 0.1492824 0.0703044 0.0499887 0.0231083 0.0237153 0.1377454 0.2451559 0.0341929 0.0393928 0.1131020 0.0591396 0.1667521 0.1619741 0.0223158 0.0310475 0.0493500 0.1204442 0.0237487 0.0250931 0.0141821 0.0159081 0.2495677 0.0573324 0.0242022 0.0344629 0.1285040 0.0230959 0.1238798 0.0505306 
Perityle_cfvillosa_25_tin                  0.1041684 0.0896280 0.1166376 0.3099657 0.0851052 0.0741485 0.1992760 0.1757042 0.3326942 0.1227969 0.1313058 0.0594843 0.0248486 0.0271907 0.0169574 0.0702970 0.0500795 0.2012297 0.0915618 0.0147773 0.0268247 0.0000000 0.0927648 0.0673618 0.0813325 0.0241987 0.0535116 0.1218333 0.1117473 0.1075838 0.0986016 0.1336840 0.1147298 0.0932870 0.0371224 0.1426028 0.1184025 0.0193981 0.1108749 0.0875134 0.0341120 0.0334890 0.1303228 0.0058100 0.1027561 0.1669372 0.0247372 0.0104809 0.0071901 0.1075323 0.0350223 0.0397649 0.0074511 0.0346411 0.0205199 0.1394271 0.0633331 0.0517838 0.0028378 0.0043951 0.1223645 0.2415768 0.0316617 0.0748603 0.1024518 0.0655969 0.1727198 0.1828109 0.0200851 0.0252152 0.0658115 0.1126118 0.0117007 0.0057836 0.0073485 0.0043286 0.2597917 0.0532323 0.0092687 0.0308270 0.1263906 0.0038401 0.1395535 0.0346877 
Perityle_cinerea_113_Powell1310            0.1563609 0.1480811 0.1618099 0.3548496 0.1350137 0.1467974 0.2262936 0.1732126 0.2490267 0.1461090 0.1249015 0.0932297 0.0924977 0.1129475 0.0944023 0.1367890 0.0865295 0.1694023 0.1374787 0.0909111 0.0909644 0.0927648 0.0000000 0.1173994 0.1117661 0.0924297 0.0921896 0.1422747 0.1584568 0.1461090 0.1029265 0.1725658 0.1620293 0.1874601 0.0971667 0.1216868 0.1582730 0.0944123 0.1546490 0.1346778 0.1195707 0.1129475 0.1693154 0.0903656 0.1486493 0.1620609 0.0844997 0.0903656 0.0924349 0.1542219 0.1150850 0.0966488 0.0886620 0.0900345 0.0935646 0.1857624 0.1344110 0.1040293 0.0906664 0.0926486 0.1917201 0.2243050 0.0874599 0.0958159 0.1730873 0.1154554 0.1631232 0.1560491 0.0898169 0.0808880 0.1173994 0.1512189 0.0924297 0.0924292 0.0925047 0.0748108 0.1715729 0.1027104 0.0842151 0.0952556 0.1389083 0.0906664 0.1461090 0.0641724 
Perityle_coahuilensis_24                   0.1181107 0.0938666 0.1235992 0.3036490 0.0967342 0.0736645 0.1820030 0.1855949 0.3563521 0.1373763 0.1494817 0.1016724 0.0761818 0.0229013 0.0357326 0.0914350 0.0628381 0.2089606 0.0919252 0.0401862 0.0499606 0.0673618 0.1173994 0.0000000 0.0833616 0.0725618 0.1014196 0.1349517 0.1056364 0.1339605 0.1055087 0.1732694 0.1160466 0.0998153 0.0609913 0.1888640 0.1750429 0.0535786 0.1332445 0.1091643 0.0296732 0.0316245 0.1532974 0.0422642 0.1288208 0.2897347 0.0846635 0.0871514 0.0747430 0.1244077 0.0371117 0.0662748 0.0392419 0.0501300 0.0546760 0.1541405 0.0773306 0.0703095 0.0483821 0.0717473 0.1324262 0.2416043 0.0574334 0.1444168 0.1135505 0.1323146 0.1848691 0.2366952 0.0607503 0.0632674 0.0192941 0.1302420 0.0637530 0.0423027 0.0325724 0.0294277 0.2697567 0.0671809 0.0462696 0.0704420 0.1445222 0.0817136 0.1706603 0.0706109 
Perityle_cochisensis_44_cave_creek         0.1257804 0.0951415 0.1341567 0.2976007 0.1034978 0.0561634 0.1794108 0.1666281 0.3547302 0.1486690 0.1782322 0.1090145 0.0778441 0.0597673 0.0583836 0.1032466 0.0986276 0.2202984 0.0940726 0.0597497 0.0738047 0.0813325 0.1117661 0.0833616 0.0000000 0.0776483 0.1030431 0.1507256 0.1221387 0.1150840 0.0846261 0.1693222 0.1089341 0.0829105 0.0902077 0.2085946 0.1650069 0.0651427 0.1925385 0.1183357 0.0761402 0.0722313 0.1820434 0.0688606 0.1326831 0.2566886 0.0850658 0.0850545 0.0807917 0.1482239 0.0702907 0.0888373 0.0413320 0.0779558 0.0842242 0.1484134 0.0669058 0.0763468 0.0787405 0.0800197 0.1281890 0.2380251 0.0527164 0.1111468 0.1169995 0.1183530 0.1845566 0.1928096 0.0495065 0.0962891 0.0776247 0.1164301 0.0798925 0.0641925 0.0565348 0.0254618 0.2644835 0.1071369 0.0624773 0.0743273 0.1336458 0.0792486 0.1580632 0.0759689 
Perityle_congesta_202                      0.0987176 0.0879855 0.1081759 0.3064551 0.0840619 0.0681818 0.1917200 0.1755526 0.3469674 0.1174192 0.1309527 0.0769748 0.0061563 0.0236354 0.0152439 0.0688393 0.0438476 0.1961136 0.0892770 0.0123403 0.0231482 0.0241987 0.0924297 0.0725618 0.0776483 0.0000000 0.0494649 0.1188319 0.0971338 0.1058719 0.0967578 0.1340181 0.1101806 0.0854831 0.0322618 0.1291103 0.1506596 0.0142046 0.1054332 0.0906702 0.0364275 0.0281490 0.1279054 0.0032225 0.1083704 0.2232684 0.0386542 0.0268143 0.0269551 0.1002291 0.0369710 0.0367010 0.0036670 0.0301402 0.0173301 0.1385942 0.0614010 0.0496787 0.0051120 0.0244609 0.1196668 0.2356934 0.0314604 0.1169000 0.0956245 0.0579912 0.1629095 0.1833370 0.0187230 0.0214341 0.0711412 0.1098066 0.0210780 0.0033917 0.0054441 0.0042968 0.2445843 0.0589746 0.0074046 0.0480883 0.1244955 0.0273420 0.1352118 0.0304919 
Perityle_cordifolia_27                     0.1157268 0.0934717 0.1175563 0.3197259 0.0981428 0.0639161 0.2122530 0.1785915 0.3599547 0.1404570 0.1462699 0.1005200 0.0482092 0.0442162 0.0372228 0.0850925 0.0583306 0.2056483 0.1061873 0.0338214 0.0407417 0.0535116 0.0921896 0.1014196 0.1030431 0.0494649 0.0000000 0.1336865 0.0948727 0.1232227 0.1014675 0.1655642 0.1146583 0.1115329 0.0544145 0.1072152 0.1673176 0.0351550 0.1278070 0.1019629 0.0574951 0.0513631 0.1452048 0.0313210 0.1190194 0.2413152 0.0611227 0.0535296 0.0564691 0.1133321 0.0560597 0.0570476 0.0303076 0.0087885 0.0407004 0.1226191 0.0702469 0.0416861 0.0346606 0.0536771 0.1063284 0.2314898 0.0241277 0.1438362 0.1013987 0.0144302 0.1717061 0.2052968 0.0462437 0.0433822 0.0972531 0.1306952 0.0522939 0.0326043 0.0342101 0.0216306 0.2596317 0.0692286 0.0333806 0.0695232 0.1403997 0.0551112 0.1662958 0.0321844 
Perityle_cordifolia_68_tecolote            0.1232879 0.0963659 0.1539728 0.2998217 0.1027450 0.0538579 0.1998144 0.1949223 0.3587169 0.1450698 0.1799610 0.1652368 0.1200638 0.0935667 0.0743326 0.1107308 0.1041123 0.2207680 0.0973588 0.0799754 0.0806800 0.1218333 0.1422747 0.1349517 0.1507256 0.1188319 0.1336865 0.0000000 0.1279873 0.1368977 0.1065943 0.1800202 0.1217223 0.0877670 0.0931744 0.2077725 0.1821179 0.0978390 0.1479686 0.1311359 0.1218797 0.1043597 0.1667833 0.0853488 0.1277820 0.2752418 0.1327953 0.1341594 0.1213449 0.1286532 0.1166313 0.1087416 0.0767978 0.0829227 0.1025855 0.1778995 0.0777843 0.0932618 0.0940185 0.1211946 0.1582066 0.2495950 0.0823489 0.1951301 0.1325255 0.1508310 0.2051710 0.2391181 0.0654596 0.1061628 0.1320606 0.1400075 0.1135909 0.0746665 0.0676410 0.0688744 0.2978579 0.0739602 0.0841032 0.1077653 0.1551229 0.1248622 0.1702292 0.0941399 
Perityle_coronopifolia_28_patagonia        0.1613764 0.1658482 0.1499855 0.3699331 0.1566813 0.1735037 0.2760978 0.1996795 0.4740516 0.1604750 0.1538159 0.1674022 0.1046499 0.1274843 0.1056350 0.1114686 0.1106955 0.3397311 0.1506467 0.1048295 0.1202620 0.1117473 0.1584568 0.1056364 0.1221387 0.0971338 0.0948727 0.1279873 0.0000000 0.1717391 0.1574278 0.1857298 0.1441356 0.2096017 0.1176540 0.1178559 0.2254039 0.1019076 0.1294491 0.1185324 0.1019032 0.1118335 0.2097273 0.1038832 0.1746217 0.3482454 0.0941927 0.0956614 0.0945182 0.1508816 0.1108771 0.1009908 0.0978065 0.0902083 0.1041212 0.0781772 0.1515478 0.1103999 0.0978289 0.0963693 0.0736317 0.1927476 0.1224565 0.1860230 0.0168298 0.1476933 0.1957009 0.1965106 0.1345917 0.1124406 0.1078964 0.1670720 0.0956062 0.0945664 0.1003840 0.1159578 0.2044645 0.0806025 0.1124502 0.1579190 0.1241926 0.0964147 0.1618180 0.0808833 
Perityle_crassifolia_70_ventanas           0.1120334 0.0934109 0.1080422 0.3298390 0.0985141 0.0610869 0.2294414 0.1923358 0.3449711 0.0056331 0.1232363 0.1278010 0.1056978 0.1285166 0.1127517 0.1378819 0.1131124 0.1734187 0.1405868 0.1086372 0.1199858 0.1075838 0.1461090 0.1339605 0.1150840 0.1058719 0.1232227 0.1368977 0.1717391 0.0000000 0.0136459 0.0955110 0.0987172 0.1155087 0.1234064 0.1730280 0.1668044 0.0996699 0.1371266 0.1396499 0.1196201 0.1212690 0.1623064 0.1049107 0.1512797 0.2272229 0.1105464 0.1053390 0.1083597 0.1575127 0.1214341 0.1092864 0.0994374 0.1212404 0.1134626 0.1874933 0.1095651 0.1171312 0.1051468 0.1056749 0.1882362 0.2670491 0.0965316 0.1259943 0.1674555 0.1335486 0.1770274 0.1676528 0.0971218 0.1150504 0.1330499 0.0043068 0.1083285 0.1054032 0.1055002 0.0640842 0.2087585 0.1148177 0.1074014 0.1240053 0.1837154 0.1048493 0.0049264 0.1030282 
Perityle_crassifolia_74_playa_balandra     0.1127866 0.0989955 0.1034815 0.2199213 0.0954962 0.0675789 0.1667791 0.1975372 0.2720100 0.0136356 0.1049798 0.1021995 0.0968381 0.1264360 0.0979244 0.1216500 0.0981030 0.1117649 0.1335476 0.0960392 0.1032694 0.0986016 0.1029265 0.1055087 0.0846261 0.0967578 0.1014675 0.1065943 0.1574278 0.0136459 0.0000000 0.1047174 0.1153933 0.0910025 0.1069471 0.1169798 0.1901854 0.0845039 0.1189641 0.1234033 0.1037745 0.1000690 0.1779915 0.0949806 0.1645591 0.1172285 0.0951657 0.0967832 0.0949806 0.1811940 0.1075914 0.0951702 0.0833720 0.1011988 0.1016028 0.1820502 0.0972686 0.0951630 0.0949806 0.0966950 0.1654509 0.2597146 0.0988829 0.0986593 0.1624927 0.1211420 0.1486746 0.1461999 0.0939315 0.1057446 0.1055087 0.0151684 0.0949806 0.0967760 0.0967881 0.0648750 0.1831298 0.1275289 0.0849456 0.1004737 0.1533721 0.0949806 0.0136356 0.0706131 
Perityle_cuneata_34_cuneata_San_antonio    0.1096614 0.0946704 0.1364493 0.3147118 0.0916026 0.0833453 0.2216159 0.1963528 0.3721675 0.1113215 0.1645311 0.1566412 0.1333162 0.1202617 0.1209484 0.1420700 0.1311080 0.1470819 0.1386383 0.1158480 0.1247522 0.1336840 0.1725658 0.1732694 0.1693222 0.1340181 0.1655642 0.1800202 0.1857298 0.0955110 0.1047174 0.0000000 0.0946602 0.1146696 0.1414802 0.2430234 0.1754958 0.1178099 0.1729726 0.1575723 0.1377784 0.1326653 0.1724985 0.1150841 0.1445781 0.2590555 0.1430693 0.1410977 0.1345546 0.1527986 0.1356428 0.1388169 0.1078124 0.1329871 0.1329185 0.1989654 0.1084476 0.1346892 0.1282378 0.1317881 0.1954679 0.2652035 0.1063307 0.1851304 0.1726435 0.1653014 0.2066075 0.2396706 0.1102640 0.1362198 0.1728494 0.1015437 0.1309128 0.1152424 0.1195829 0.0925280 0.2858830 0.1147170 0.1121257 0.1255638 0.1875340 0.1370281 0.1334123 0.0969180 
Perityle_cuneata_4                         0.1044926 0.0978581 0.1040051 0.3076127 0.1057894 0.1123358 0.1969192 0.1837287 0.4042157 0.0922899 0.1176584 0.1532949 0.1157204 0.1252031 0.1159569 0.1444565 0.1106756 0.2073972 0.1372952 0.1158731 0.1155139 0.1147298 0.1620293 0.1160466 0.1089341 0.1101806 0.1146583 0.1217223 0.1441356 0.0987172 0.1153933 0.0946602 0.0000000 0.1180317 0.1137244 0.1446157 0.2228058 0.1100739 0.1334294 0.1455739 0.1121472 0.1144942 0.1777192 0.1164092 0.1612701 0.3280701 0.1072007 0.1122184 0.1122497 0.1465570 0.1174010 0.1118149 0.1187037 0.1093915 0.1197031 0.1568153 0.1126376 0.1006865 0.1142646 0.1142110 0.1545882 0.2652917 0.1089952 0.1668556 0.1526549 0.1118582 0.1394934 0.1476906 0.1149486 0.1122834 0.1160466 0.0960453 0.1098747 0.1118808 0.1132627 0.1125702 0.1707358 0.1128200 0.1116084 0.1408872 0.1460515 0.1132505 0.0941081 0.0938638 
Perityle_discoidea_81                      0.0349203 0.0319940 0.0376158 0.2051636 0.0770000 0.0623039 0.1780500 0.1781997 0.3007032 0.1209097 0.0807171 0.0992483 0.0885907 0.1094236 0.0962627 0.1328452 0.0926821 0.1452778 0.1244943 0.0964698 0.0971316 0.0932870 0.1874601 0.0998153 0.0829105 0.0854831 0.1115329 0.0877670 0.2096017 0.1155087 0.0910025 0.1146696 0.1180317 0.0000000 0.1014260 0.1186738 0.1792325 0.0963683 0.1253734 0.1377463 0.0951996 0.0997985 0.1841234 0.0900971 0.1753046 0.1305675 0.0989822 0.0901532 0.0901379 0.1820421 0.0953233 0.0932683 0.0885371 0.1177087 0.0978279 0.2513215 0.0848476 0.1321310 0.0901474 0.0916411 0.2119370 0.3428914 0.1044079 0.0991869 0.1925052 0.1433269 0.1535945 0.1556785 0.0915740 0.1029891 0.0982321 0.1173410 0.0885907 0.0848017 0.0885907 0.0853083 0.2693541 0.0000010 0.0885963 0.1008252 0.2279446 0.0901474 0.1173468 0.1006490 
Perityle_dissecta_201                      0.1216199 0.0959821 0.1140106 0.3159845 0.0997971 0.0787214 0.2038016 0.1789606 0.3546636 0.1259247 0.1031688 0.0708801 0.0324735 0.0480950 0.0196170 0.0918219 0.0359013 0.2073952 0.0984259 0.0247491 0.0299842 0.0371224 0.0971667 0.0609913 0.0902077 0.0322618 0.0544145 0.0931744 0.1176540 0.1234064 0.1069471 0.1414802 0.1137244 0.1014260 0.0000000 0.1315796 0.1550658 0.0399055 0.1060862 0.0969385 0.0532435 0.0541803 0.1387492 0.0299596 0.1126012 0.2250823 0.0371483 0.0316433 0.0343682 0.1114388 0.0555068 0.0333102 0.0261804 0.0354768 0.0355802 0.1532763 0.0765884 0.0524864 0.0332915 0.0327359 0.1419674 0.2421892 0.0343194 0.0854868 0.1136286 0.0682813 0.1715719 0.1731458 0.0238457 0.0425834 0.0577971 0.1220720 0.0329219 0.0274537 0.0184498 0.0248191 0.2607722 0.0635279 0.0322272 0.0527101 0.1325464 0.0332777 0.1327906 0.0616616 
Perityle_emoryi_47_punta_san_jose          0.1842325 0.1564179 0.1143827 0.3098232 0.1731299 0.0802187 0.2371117 0.2184068 0.4502671 0.2255601 0.2508784 0.1569523 0.1254899 0.1241042 0.1190643 0.1638482 0.1456117 0.2938278 0.1957567 0.1107668 0.1214575 0.1426028 0.1216868 0.1888640 0.2085946 0.1291103 0.1072152 0.2077725 0.1178559 0.1730280 0.1169798 0.2430234 0.1446157 0.1186738 0.1315796 0.0000000 0.2303630 0.0394123 0.2481048 0.1824630 0.1409347 0.1280558 0.2626544 0.1100789 0.2139123 0.3508729 0.1374438 0.1390982 0.1374300 0.2043450 0.1408215 0.1366480 0.0535522 0.1097871 0.1152276 0.1392384 0.0804522 0.0355793 0.1112223 0.1359075 0.1342892 0.2212580 0.0325782 0.1928334 0.1161875 0.1204539 0.2288349 0.2684119 0.0499003 0.1169173 0.1895455 0.1942427 0.1328514 0.1122416 0.1154302 0.0322524 0.3176851 0.2164780 0.1086886 0.1321937 0.1400519 0.1351235 0.2479444 0.0351204 
Perityle_feddemae_99                       0.1762266 0.1448206 0.1979214 0.3628716 0.1465574 0.1914967 0.2628248 0.2287658 0.4055671 0.2101352 0.1975755 0.1740917 0.1351762 0.1444302 0.1118296 0.1519804 0.1581475 0.2524334 0.1299455 0.1412828 0.1296098 0.1184025 0.1582730 0.1750429 0.1650069 0.1506596 0.1673176 0.1821179 0.2254039 0.1668044 0.1901854 0.1754958 0.2228058 0.1792325 0.1550658 0.2303630 0.0000000 0.1259642 0.1429312 0.1684935 0.1646222 0.1645721 0.0468393 0.1358448 0.0520335 0.2342556 0.1552392 0.1509189 0.1536412 0.0685843 0.1583898 0.1634447 0.1412629 0.1563237 0.1474672 0.1872486 0.1207369 0.1468746 0.1513964 0.1526987 0.1767591 0.2686175 0.1384330 0.1786328 0.1858994 0.1830906 0.2560205 0.2576440 0.1230729 0.1559697 0.1732625 0.2030260 0.1526384 0.1478165 0.1498298 0.1369068 0.3171800 0.1511399 0.1131428 0.1476748 0.1650980 0.1520463 0.2102961 0.1147304 
Perityle_fosteri_93                        0.0952631 0.0870956 0.0985531 0.2554546 0.0811329 0.0827218 0.1869419 0.1601916 0.3601959 0.1116717 0.1022541 0.0550583 0.0134753 0.0285279 0.0139906 0.0767847 0.0369767 0.2012508 0.0895807 0.0138582 0.0287017 0.0193981 0.0944123 0.0535786 0.0651427 0.0142046 0.0351550 0.0978390 0.1019076 0.0996699 0.0845039 0.1178099 0.1100739 0.0963683 0.0399055 0.0394123 0.1259642 0.0000000 0.0873117 0.0906843 0.0317310 0.0338056 0.1386614 0.0148430 0.1033084 0.1886843 0.0128235 0.0148350 0.0168770 0.1103680 0.0326912 0.0289908 0.0144466 0.0333829 0.0179154 0.1326555 0.0595347 0.0505732 0.0148923 0.0155723 0.0951019 0.2193039 0.0346291 0.0570472 0.0931433 0.0499773 0.1252233 0.1178241 0.0243277 0.0223209 0.0511379 0.1032446 0.0155548 0.0135403 0.0136376 0.0121492 0.2016386 0.0450860 0.0120117 0.0334108 0.1156675 0.0148923 0.1107793 0.0360515 
Perityle_gamon_221                         0.1278309 0.1124136 0.1565829 0.3170637 0.0993931 0.0815823 0.2135765 0.1930473 0.3535242 0.1348161 0.2062028 0.1511416 0.1062209 0.0918997 0.0910693 0.1138301 0.1076312 0.2244189 0.0962765 0.0849337 0.0915067 0.1108749 0.1546490 0.1332445 0.1925385 0.1054332 0.1278070 0.1479686 0.1294491 0.1371266 0.1189641 0.1729726 0.1334294 0.1253734 0.1060862 0.2481048 0.1429312 0.0873117 0.0000000 0.1338858 0.1060052 0.0984858 0.1238106 0.0870184 0.1107251 0.1699298 0.1176244 0.1146697 0.1067830 0.1012800 0.1050849 0.1132499 0.0807984 0.0929306 0.0974492 0.1807088 0.0763031 0.0959497 0.0931181 0.1073259 0.1593540 0.2234898 0.0849987 0.1808357 0.1339303 0.1676115 0.1914269 0.2213715 0.0722298 0.1016708 0.1367203 0.1404647 0.1010311 0.0798134 0.0845240 0.0734296 0.2738184 0.0798096 0.0914056 0.1162383 0.1582711 0.1143945 0.1689481 0.0695590 
Perityle_gentryi_8_san_francisco           0.1347363 0.1134961 0.1475619 0.3359733 0.1151196 0.0940404 0.2199095 0.2160244 0.3809372 0.1594643 0.1536148 0.1250217 0.0898508 0.0883644 0.0717059 0.0104528 0.0924729 0.2341156 0.1011819 0.0741009 0.0844888 0.0875134 0.1346778 0.1091643 0.1183357 0.0906702 0.1019629 0.1311359 0.1185324 0.1396499 0.1234033 0.1575723 0.1455739 0.1377463 0.0969385 0.1824630 0.1684935 0.0906843 0.1338858 0.0000000 0.0976952 0.0959539 0.1716114 0.0775487 0.1338359 0.2254174 0.0952725 0.0884797 0.0892792 0.1426473 0.0938668 0.0935962 0.0756645 0.0801547 0.0934079 0.1483861 0.0884076 0.1007871 0.0804508 0.0866243 0.1291486 0.2680839 0.0705728 0.1254542 0.1266078 0.1107984 0.1957277 0.1900092 0.0732300 0.0978672 0.1055467 0.1487788 0.0897746 0.0707519 0.0713668 0.0676822 0.2810995 0.0899877 0.0748484 0.1001250 0.1400866 0.0860320 0.1635461 0.0768565 
Perityle_gilensis_22_Superstition          0.1014958 0.0921905 0.1153444 0.3031134 0.0881863 0.0707496 0.1808085 0.1843889 0.3562976 0.1250407 0.1357776 0.1022860 0.0388057 0.0077074 0.0324747 0.0789471 0.0629760 0.2076650 0.0908341 0.0326390 0.0417329 0.0341120 0.1195707 0.0296732 0.0761402 0.0364275 0.0574951 0.1218797 0.1019032 0.1196201 0.1037745 0.1377784 0.1121472 0.0951996 0.0532435 0.1409347 0.1646222 0.0317310 0.1060052 0.0976952 0.0000000 0.0124019 0.1422496 0.0260572 0.1262613 0.2442907 0.0355095 0.0311217 0.0317427 0.1165621 0.0107087 0.0538286 0.0264320 0.0466518 0.0347770 0.1528994 0.0763138 0.0682574 0.0287495 0.0302857 0.1311192 0.2445447 0.0560068 0.1237742 0.1098627 0.0920053 0.1796675 0.1869981 0.0577957 0.0414537 0.0289499 0.1207302 0.0324282 0.0280344 0.0285375 0.0279431 0.2585934 0.0648188 0.0298685 0.0688395 0.1426932 0.0316716 0.1418372 0.0494881 
Perityle_gilensis_salensis_225             0.1061558 0.0974217 0.1057492 0.3014718 0.0907036 0.0736404 0.1839080 0.1864267 0.3578343 0.1294117 0.1161260 0.0944208 0.0284478 0.0060403 0.0357044 0.0820666 0.0563535 0.2094595 0.0935461 0.0355297 0.0460226 0.0334890 0.1129475 0.0316245 0.0722313 0.0281490 0.0513631 0.1043597 0.1118335 0.1212690 0.1000690 0.1326653 0.1144942 0.0997985 0.0541803 0.1280558 0.1645721 0.0338056 0.0984858 0.0959539 0.0124019 0.0000000 0.1447619 0.0294359 0.1280314 0.2212054 0.0338740 0.0296919 0.0318618 0.1185067 0.0089167 0.0465644 0.0283288 0.0490534 0.0375844 0.1566464 0.0731187 0.0703270 0.0313335 0.0313559 0.1323792 0.2491966 0.0530508 0.1063859 0.1134753 0.0609167 0.1783039 0.1740720 0.0577504 0.0433158 0.0296812 0.1231687 0.0309528 0.0309728 0.0326362 0.0249436 0.2585665 0.0680432 0.0324656 0.0725825 0.1387809 0.0313187 0.1328702 0.0494138 
Perityle_glaucescens_94                    0.1574729 0.1444322 0.1654563 0.3540883 0.1293864 0.1829367 0.2666429 0.2255674 0.3325402 0.1699763 0.1597046 0.1649400 0.1279862 0.1369474 0.1258914 0.1521025 0.1426646 0.1897782 0.1417371 0.1246623 0.1363644 0.1303228 0.1693154 0.1532974 0.1820434 0.1279054 0.1452048 0.1667833 0.2097273 0.1623064 0.1779915 0.1724985 0.1777192 0.1841234 0.1387492 0.2626544 0.0468393 0.1386614 0.1238106 0.1716114 0.1422496 0.1447619 0.0000000 0.1212684 0.0231747 0.1287380 0.1330306 0.1260053 0.1305434 0.0276956 0.1409337 0.1389990 0.1245084 0.1331650 0.1359715 0.2324058 0.1349733 0.1664397 0.1286232 0.1293580 0.2161582 0.2895666 0.1490508 0.1599506 0.1872414 0.1639045 0.2471705 0.2292900 0.1498722 0.1421011 0.1508815 0.1706589 0.1288425 0.1225243 0.1223338 0.1490047 0.3287387 0.0756907 0.1217338 0.1316024 0.1936492 0.1285285 0.1729808 0.1362000 
Perityle_gracilis_11                       0.0998343 0.0902916 0.0906436 0.3087711 0.0851697 0.0711055 0.1929184 0.1773016 0.3480966 0.1126869 0.1008056 0.0617527 0.0021753 0.0246402 0.0150450 0.0681264 0.0279050 0.1984646 0.0916242 0.0123592 0.0230303 0.0058100 0.0903656 0.0422642 0.0688606 0.0032225 0.0313210 0.0853488 0.1038832 0.1049107 0.0949806 0.1150841 0.1164092 0.0900971 0.0299596 0.1100789 0.1358448 0.0148430 0.0870184 0.0775487 0.0260572 0.0294359 0.1212684 0.0000000 0.1045958 0.1877208 0.0133289 0.0021419 0.0053683 0.1016296 0.0277386 0.0179048 0.0042873 0.0306143 0.0168764 0.1394750 0.0643687 0.0506597 0.0042944 0.0042932 0.1221473 0.2359830 0.0315238 0.0621783 0.0958953 0.0434399 0.1605154 0.1442672 0.0187230 0.0214432 0.0412552 0.1100777 0.0043165 0.0041035 0.0056136 0.0043032 0.2420786 0.0584949 0.0073686 0.0491725 0.1264241 0.0037560 0.1135948 0.0318426 
Perityle_harkerae_31                       0.1503340 0.1297809 0.1577557 0.3525883 0.1239599 0.1640731 0.2477731 0.2051766 0.4172016 0.1604144 0.1387387 0.1204010 0.1030504 0.1208118 0.1068241 0.1324346 0.1195701 0.2501980 0.1083816 0.1091307 0.1057319 0.1027561 0.1486493 0.1288208 0.1326831 0.1083704 0.1190194 0.1277820 0.1746217 0.1512797 0.1645591 0.1445781 0.1612701 0.1753046 0.1126012 0.2139123 0.0520335 0.1033084 0.1107251 0.1338359 0.1262613 0.1280314 0.0231747 0.1045958 0.0000000 0.2045559 0.1183257 0.1101047 0.1114375 0.0216433 0.1194048 0.1136970 0.1044473 0.1173804 0.1125283 0.1785207 0.1154347 0.1358137 0.1107253 0.1114318 0.1713551 0.2279945 0.1227963 0.1169015 0.1563125 0.1407037 0.2107501 0.2049619 0.1217329 0.1220388 0.1280520 0.1575175 0.1108016 0.1126250 0.1129115 0.1168832 0.2927097 0.0954003 0.1042139 0.1184202 0.1528529 0.1107253 0.1604298 0.1021185 
