84
Amauria_brandeegeana_62                    0.0000000 0.0569902 0.1498240 0.1290433 0.1944415 0.2639730 0.3165979 0.0233958 0.2587737 0.1456973 0.1471460 0.3155986 0.1315189 0.2471144 0.1512205 0.4284339 0.2741139 0.1478891 0.1938037 0.1374366 0.1126340 0.2146505 0.2316019 0.1422124 0.1304323 0.1343999 0.2509182 0.0937954 0.1988941 0.2540199 0.2305157 0.0277631 0.1526059 0.1618150 0.1390371 0.1271503 0.8676898 0.2493910 0.1506807 0.2424251 0.1610290 0.0963598 0.1298326 0.2336182 0.2284186 0.1322480 0.1048667 0.1551870 0.2647720 0.1531186 0.1180506 0.1299407 0.0946824 0.2257842 0.1340550 0.1624218 0.1211039 0.1145156 0.2499777 0.2303346 0.3407526 0.1171062 0.1539168 0.2475099 0.1163730 0.2208436 0.2756365 0.0693690 0.1184807 0.2160746 0.1284595 0.1254954 0.1362861 0.1836631 0.1346378 0.2145854 0.1230676 0.1506137 0.1502379 0.0933204 0.1459943 0.2825197 0.0969526 0.0742125 
Amauria_carterae_99_mesa                   0.0569902 0.0000000 0.0363776 0.1331955 0.0669917 0.1004504 0.2610861 0.0452490 0.0660774 0.0596780 0.0597062 0.0538761 0.0596697 0.0807894 0.0537706 0.0859570 0.0721868 0.0508238 0.0596512 0.0625539 0.0431661 0.0508238 0.0625166 0.0568089 0.0961434 0.1022464 0.0912664 0.0757137 0.0761612 0.0625929 0.0625049 0.0452490 0.0567418 0.0655357 0.0792226 0.0596909 0.0000010 0.0860767 0.0655370 0.0566394 0.0698641 0.0509563 0.0759657 0.0783467 0.0543838 0.0509563 0.0538872 0.0745749 0.0508238 0.0537383 0.0625542 0.0597165 0.0509563 0.0754901 0.0930570 0.0685447 0.0566734 0.0537601 0.0635760 0.0790302 0.0797825 0.0553103 0.0686455 0.0913836 0.0596190 0.1004717 0.0778692 0.0595416 0.0537383 0.0508238 0.0726871 0.0538788 0.0596697 0.0567163 0.0509779 0.0971327 0.0721190 0.0508238 0.0656611 0.0780239 0.0509563 0.0747362 0.0841870 0.0789044 
Amauria_rotundifolia_SRR9119150            0.1498240 0.0363776 0.0000000 0.1293533 0.2110733 0.2480186 0.2984621 0.1512626 0.2939014 0.1280813 0.1536299 0.2978331 0.0985031 0.2645224 0.1509463 0.4146016 0.2732076 0.1194838 0.1830584 0.1221829 0.0588537 0.2191675 0.2288199 0.1571473 0.1784066 0.2016770 0.2659921 0.0959953 0.1808610 0.2533366 0.2022915 0.1636230 0.1646848 0.1437154 0.1912818 0.0950413 0.8863338 0.2457286 0.1615232 0.2345910 0.1777299 0.0894459 0.1618361 0.2604413 0.2203224 0.1550856 0.0936414 0.1417011 0.2486679 0.1405863 0.1017178 0.1170019 0.0819857 0.2399734 0.1329212 0.1285173 0.1022647 0.0980916 0.2713079 0.2203910 0.3139544 0.0786156 0.1711578 0.2710969 0.1053157 0.2190354 0.2738391 0.0314246 0.0929264 0.2210810 0.1244933 0.1243935 0.1057267 0.1766684 0.1004858 0.2133061 0.1844174 0.1471135 0.1293990 0.0795690 0.1264786 0.2760803 0.0706590 0.0657639 
Conoclinium_coelestinum_SRR9119114         0.1290433 0.1331955 0.1293533 0.0000000 0.1534032 0.0782094 0.2718194 0.1246009 0.1591814 0.1429353 0.1547792 0.2006465 0.1307473 0.1606546 0.1395657 0.1401191 0.1497351 0.1382128 0.1327532 0.1497689 0.1216712 0.1394067 0.1495452 0.1530777 0.1555598 0.1627375 0.1631043 0.1557908 0.1373436 0.1363618 0.1297215 0.1395300 0.1394067 0.1442244 0.1478373 0.1464650 0.0000010 0.1682580 0.1428352 0.1367507 0.1477666 0.1374103 0.1449003 0.1585632 0.1646898 0.1393131 0.1460085 0.1494365 0.1381883 0.1461444 0.1424886 0.1427930 0.1394067 0.1586945 0.1595786 0.1428886 0.1402812 0.1431268 0.1505562 0.1717690 0.1337399 0.1270976 0.1498933 0.1558867 0.1449679 0.1938578 0.1763327 0.1258390 0.1463180 0.1367507 0.1556653 0.1530777 0.1405829 0.1651545 0.1222025 0.1880848 0.1513494 0.1466533 0.1465682 0.1627582 0.1396137 0.1464986 0.1973897 0.1467060 
Eutetras_palmeri_63                        0.1944415 0.0669917 0.2110733 0.1534032 0.0000000 0.2389289 0.2481912 0.2147039 0.2078507 0.2080040 0.2256722 0.1286145 0.2158832 0.1014837 0.1882003 0.1201100 0.0984599 0.2434108 0.2169001 0.2034130 0.1154218 0.0853356 0.1015868 0.2138199 0.1827105 0.1620969 0.1229886 0.1581039 0.1866144 0.0921013 0.1536846 0.2144776 0.2026916 0.2106660 0.1847959 0.2092449 0.1477640 0.1101103 0.1935929 0.0834317 0.1988650 0.2044968 0.1672717 0.0919420 0.3393423 0.1823762 0.1772878 0.2001598 0.1009884 0.2020011 0.2254856 0.2007456 0.2023432 0.0979367 0.1798090 0.1183383 0.1806143 0.1883410 0.0977834 0.1252664 0.1141998 0.1500588 0.1799783 0.1077183 0.1851997 0.1103829 0.1037240 0.0710066 0.2072308 0.0895570 0.1972027 0.2081448 0.2668222 0.2785625 0.1115404 0.0985409 0.1367411 0.1861373 0.2244355 0.0861250 0.2120437 0.0970251 0.0981582 0.0723099 
Eutrochium_fistulosum_SRR9119106           0.2639730 0.1004504 0.2480186 0.0782094 0.2389289 0.0000000 0.2962460 0.2760964 0.3217283 0.2699621 0.2742089 0.3228264 0.2377736 0.2691541 0.2682117 0.3672665 0.2832729 0.2910584 0.2775131 0.2744093 0.1441269 0.2652592 0.2622031 0.2712379 0.2512536 0.2656618 0.2820244 0.2387755 0.2203258 0.2619617 0.2695822 0.2753980 0.2770773 0.2682062 0.2407297 0.2712664 0.7406266 0.2858033 0.2728115 0.2719936 0.2903220 0.2602596 0.2288696 0.2738054 0.3153115 0.2509236 0.2533920 0.2906257 0.2905822 0.2615578 0.2801768 0.2745097 0.2612424 0.2700742 0.2531062 0.1503124 0.2532822 0.2673916 0.2872382 0.2477959 0.3279781 0.1739142 0.2758274 0.2855482 0.2677992 0.2523891 0.2908584 0.0962128 0.2780485 0.2647231 0.2707095 0.2682537 0.3204187 0.3069408 0.1492857 0.2429426 0.2468354 0.2689466 0.2842724 0.1106450 0.2653324 0.2910483 0.1233726 0.1104902 
Helianthus_annuus_SRR9119062               0.3165979 0.2610861 0.2984621 0.2718194 0.2481912 0.2962460 0.0000000 0.3310663 0.4303915 0.2988988 0.3242945 0.2710808 0.2838866 0.2843316 0.2752371 0.2579279 0.3067574 0.2878770 0.3010611 0.2994550 0.2724961 0.2292784 0.2867135 0.3134539 0.3509198 0.3248881 0.3200915 0.3247838 0.3328248 0.2320439 0.2894016 0.3421113 0.3028311 0.2919006 0.5998669 0.2909396 0.1838777 0.3013324 0.2822682 0.2317305 0.3444649 0.2683277 0.6199288 0.2515300 0.5020299 0.2977264 0.2691402 0.3188864 0.2672030 0.3018605 0.2879886 0.2925463 0.2832561 0.2981567 0.3356866 0.2941268 0.2950366 0.2918215 0.2370383 0.3757964 0.2309771 0.2782617 0.2653946 0.2728619 0.2839041 0.2442756 0.2524337 0.2756510 0.2897284 0.2315341 0.3277261 0.2922737 0.2963210 0.3155485 0.2786144 0.2628948 0.2616481 0.2898931 0.2959548 0.2890617 0.2962367 0.2396009 0.3653318 0.3005262 
Lycapsus_tenuifolius_17                    0.0233958 0.0452490 0.1512626 0.1246009 0.2147039 0.2760964 0.3310663 0.0000000 0.2832605 0.1460869 0.1493578 0.3205933 0.1198685 0.2758445 0.1539108 0.4430823 0.2785893 0.1392713 0.1994744 0.1332548 0.0920804 0.2435452 0.2543365 0.1435663 0.1274732 0.1380732 0.2860667 0.1008005 0.1829459 0.2684425 0.2334446 0.0070191 0.1564151 0.1577780 0.1421923 0.1200226 0.8965397 0.2656248 0.1493637 0.2472557 0.1700844 0.0889450 0.1348630 0.2665571 0.2252204 0.1338881 0.0980890 0.1584227 0.2677572 0.1512380 0.1104153 0.1224427 0.0908975 0.2420830 0.1339267 0.1447433 0.1181842 0.1112402 0.2796360 0.2390919 0.3378292 0.0965552 0.1650281 0.2784633 0.1088765 0.2307414 0.2818453 0.0502993 0.1090993 0.2438318 0.1361988 0.1231790 0.1243203 0.1805731 0.1243617 0.2246990 0.1265292 0.1533626 0.1441680 0.0903158 0.1419986 0.2857052 0.0934260 0.0743800 
Pericome_caudata_50_silver                 0.2587737 0.0660774 0.2939014 0.1591814 0.2078507 0.3217283 0.4303915 0.2832605 0.0000000 0.2579495 0.2705828 0.2724016 0.2466382 0.2179348 0.2989614 0.3807139 0.2459957 0.3079528 0.2548540 0.2571222 0.1328503 0.2275863 0.2039225 0.2647137 0.2439493 0.2666707 0.2189845 0.1694602 0.1915081 0.2230574 0.1789816 0.2843180 0.3007466 0.2410779 0.2210924 0.2555180 0.6097997 0.2063803 0.3256906 0.2586072 0.2586932 0.2595706 0.2081961 0.2085440 0.3565112 0.2571917 0.2121260 0.2700138 0.2736340 0.2613323 0.2780794 0.2301313 0.2425471 0.2354469 0.2478830 0.1340231 0.2249253 0.2397502 0.2128121 0.1276438 0.3055091 0.1789985 0.2914398 0.2491526 0.2246004 0.1575213 0.2086079 0.0699023 0.2629177 0.2246412 0.2479137 0.2576634 0.3490096 0.3469058 0.1133320 0.1472768 0.2693680 0.2901066 0.2767294 0.0844483 0.2643605 0.2564007 0.0865136 0.0706894 
Perityle_aglossa_84_dead_horse             0.1456973 0.0596780 0.1280813 0.1429353 0.2080040 0.2699621 0.2988988 0.1460869 0.2579495 0.0000000 0.0350142 0.3056631 0.0291835 0.2541528 0.0323585 0.4235517 0.2802450 0.0285152 0.1151919 0.0327477 0.0449342 0.1889248 0.2112330 0.0380760 0.1143126 0.1364490 0.2736732 0.0985843 0.2008045 0.2358028 0.2201315 0.1418614 0.0421105 0.0601845 0.1369643 0.0387553 0.9044374 0.2603535 0.0304790 0.2192604 0.1679702 0.0326040 0.1241268 0.2411078 0.1685407 0.0376482 0.0436386 0.1537151 0.2354467 0.0693010 0.0415248 0.0609172 0.0302083 0.2447258 0.1265202 0.0961412 0.0290584 0.0340773 0.2756648 0.2364010 0.3630490 0.0584416 0.0177730 0.2643971 0.0504275 0.2310968 0.2890163 0.0178040 0.0357367 0.1874955 0.1263517 0.0376476 0.0387678 0.0416466 0.0728526 0.2287587 0.1367312 0.0384742 0.0158706 0.0929605 0.0328995 0.2682956 0.0813913 0.0828245 
Perityle_ajoensis_204                      0.1471460 0.0597062 0.1536299 0.1547792 0.2256722 0.2742089 0.3242945 0.1493578 0.2705828 0.0350142 0.0000000 0.3119461 0.0292805 0.2757689 0.0320044 0.4202087 0.2806991 0.0298585 0.1171830 0.0300358 0.0278048 0.2110084 0.2386967 0.0117758 0.1354399 0.1538999 0.2946192 0.0925607 0.1767712 0.2503692 0.2151666 0.1545991 0.0367666 0.0510097 0.1609937 0.0365596 0.8748897 0.2537081 0.0314396 0.2224606 0.1932131 0.0160732 0.1466286 0.2675589 0.1766191 0.0187658 0.0222469 0.1627911 0.2417248 0.0696400 0.0428454 0.0561705 0.0190784 0.2498450 0.1303799 0.1051360 0.0241925 0.0316356 0.2794090 0.2147380 0.3331684 0.0455024 0.0397459 0.2883396 0.0434151 0.2354242 0.2916866 0.0268219 0.0358081 0.2099192 0.1185136 0.0144188 0.0404542 0.0482384 0.0683388 0.2336154 0.1578874 0.0302964 0.0411784 0.0905082 0.0282582 0.2804135 0.0637645 0.0806423 
Perityle_ambrosiifolia_67_green            0.3155986 0.0538761 0.2978331 0.2006465 0.1286145 0.3228264 0.2710808 0.3205933 0.2724016 0.3056631 0.3119461 0.0000000 0.2296637 0.1417937 0.2963544 0.1251749 0.1308996 0.2630017 0.3277760 0.2959613 0.0610044 0.0499150 0.0720795 0.3021481 0.3118825 0.2981225 0.1619929 0.2178099 0.1205819 0.1327285 0.1343774 0.3244436 0.3056328 0.3112354 0.3060177 0.2869490 0.1752519 0.1501646 0.3009660 0.0511372 0.3369286 0.2724326 0.2735131 0.1304686 0.3095993 0.2874770 0.2799396 0.3402329 0.0513410 0.2958780 0.3034022 0.2987974 0.2891607 0.1204790 0.2761828 0.1322098 0.2864707 0.2884021 0.1367923 0.1177567 0.1183906 0.1286430 0.3130880 0.1399343 0.2850259 0.1621055 0.1547411 0.0453619 0.2963342 0.0552685 0.3180805 0.3006086 0.2861054 0.3063196 0.0854638 0.1616510 0.2820696 0.2972969 0.2980949 0.0645578 0.2995771 0.1391928 0.0933294 0.0515337 
Perityle_angustifolia_13_Eagle_creek       0.1315189 0.0596697 0.0985031 0.1307473 0.2158832 0.2377736 0.2838866 0.1198685 0.2466382 0.0291835 0.0292805 0.2296637 0.0000000 0.2829169 0.0204944 0.3349063 0.2788899 0.0170165 0.0711185 0.0310593 0.0160092 0.1973201 0.2165820 0.0261495 0.0777267 0.1139357 0.2831603 0.1191832 0.1092424 0.2421757 0.1901778 0.1196274 0.0067553 0.0387749 0.1111789 0.0292098 0.8098109 0.2780584 0.0257110 0.2017557 0.1793556 0.0192130 0.1045337 0.2657071 0.1018437 0.0192130 0.0224322 0.1838575 0.1969786 0.0135914 0.0256663 0.0469762 0.0171221 0.2544915 0.1181361 0.1044962 0.0257226 0.0275578 0.3108231 0.2140391 0.2788998 0.0358593 0.0344291 0.3009248 0.0329148 0.2727965 0.2953346 0.0268725 0.0257342 0.1973466 0.1309974 0.0315199 0.0328304 0.0274204 0.0591213 0.2751505 0.0969453 0.0153487 0.0327311 0.0757714 0.0171073 0.2570019 0.0777248 0.0828133 
Perityle_batopilensis_97                   0.2471144 0.0807894 0.2645224 0.1606546 0.1014837 0.2691541 0.2843316 0.2758445 0.2179348 0.2541528 0.2757689 0.1417937 0.2829169 0.0000000 0.2374306 0.1430345 0.1165204 0.3066465 0.2653574 0.2599156 0.1387903 0.1012703 0.1169664 0.2557573 0.2024452 0.1681294 0.1348716 0.1644433 0.1894745 0.1131176 0.1543329 0.2755057 0.2486298 0.2394328 0.2180024 0.2647135 0.1723156 0.0413540 0.2463965 0.1048448 0.2272516 0.2677051 0.2026565 0.1033365 0.3500521 0.2210564 0.2043014 0.2492037 0.1149493 0.2414925 0.2818515 0.2171169 0.2560536 0.1009760 0.2271593 0.1234660 0.2305664 0.2334080 0.1082155 0.1245001 0.0834931 0.1819156 0.2228482 0.1182666 0.2086209 0.1276005 0.1268560 0.0656460 0.2681620 0.1035812 0.2441865 0.2695376 0.3450579 0.3321183 0.1246350 0.1249077 0.1762016 0.2305024 0.2776787 0.0780748 0.2644363 0.1162054 0.1049372 0.0669268 
Perityle_bisetosa_9                        0.1512205 0.0537706 0.1509463 0.1395657 0.1882003 0.2682117 0.2752371 0.1539108 0.2989614 0.0323585 0.0320044 0.2963544 0.0204944 0.2374306 0.0000000 0.3412629 0.2523742 0.0262974 0.1173922 0.0315962 0.0199399 0.1756635 0.2170061 0.0373649 0.1398018 0.1505717 0.2685789 0.0893587 0.1958853 0.2094164 0.2138901 0.1601050 0.0218704 0.0533529 0.1524702 0.0076139 0.5629509 0.2410081 0.0334353 0.1936897 0.1863991 0.0245905 0.1367095 0.2230114 0.2257255 0.0346792 0.0325812 0.1422623 0.2084891 0.0660352 0.0348831 0.0484922 0.0213174 0.2217304 0.1129439 0.0941981 0.0257294 0.0310734 0.2616337 0.2238491 0.2759949 0.0451896 0.0371956 0.2427603 0.0349270 0.2145848 0.2535048 0.0178040 0.0290864 0.1768183 0.1136271 0.0359666 0.0362121 0.0490504 0.0654207 0.2119362 0.1551409 0.0170131 0.0383041 0.0861438 0.0296905 0.2339529 0.0739630 0.0769914 
Perityle_californica_76_positas            0.4284339 0.0859570 0.4146016 0.1401191 0.1201100 0.3672665 0.2579279 0.4430823 0.3807139 0.4235517 0.4202087 0.1251749 0.3349063 0.1430345 0.3412629 0.0000000 0.1609747 0.3766223 0.4564313 0.3964778 0.1369146 0.1044046 0.1278880 0.4071956 0.3752908 0.3269314 0.1939131 0.2789980 0.1733711 0.0491190 0.1471347 0.4496434 0.3827960 0.4259714 0.3916547 0.3837203 0.1412798 0.1646196 0.3182670 0.1043747 0.4109038 0.3844292 0.3459771 0.1296392 0.5226015 0.3901634 0.3950534 0.4158550 0.1142426 0.4035073 0.4115641 0.4100236 0.3954923 0.1474217 0.3527602 0.2162490 0.3783022 0.3878987 0.1599107 0.1298915 0.1434795 0.1866568 0.3325552 0.1627998 0.3923042 0.1274852 0.1417306 0.0606625 0.3883951 0.1089228 0.4067166 0.4026378 0.3996382 0.4148387 0.1462536 0.1334121 0.2696770 0.3601503 0.4114107 0.0850580 0.4096985 0.0493545 0.1137040 0.0852941 
Perityle_canescens_77                      0.2741139 0.0721868 0.2732076 0.1497351 0.0984599 0.2832729 0.3067574 0.2785893 0.2459957 0.2802450 0.2806991 0.1308996 0.2788899 0.1165204 0.2523742 0.1609747 0.0000000 0.2905096 0.2864392 0.2632578 0.1352890 0.0999688 0.1068631 0.2701076 0.2573783 0.2366643 0.0618012 0.1568368 0.1640070 0.1100954 0.1426928 0.2843610 0.2574560 0.2691502 0.2380659 0.2586094 0.1106765 0.1240366 0.2569045 0.0962228 0.2616892 0.2685482 0.2094260 0.0631369 0.3098794 0.2558720 0.2585510 0.2589673 0.1055943 0.2672914 0.2708470 0.2577841 0.2599829 0.0390741 0.2324252 0.1525125 0.2535258 0.2599472 0.0438866 0.0443123 0.1373039 0.1773938 0.2711927 0.0482650 0.2448211 0.1357448 0.1341649 0.0695501 0.2628638 0.1051501 0.2408397 0.2683183 0.3276802 0.3198064 0.1363676 0.1284148 0.1880565 0.2548548 0.2754350 0.0270990 0.2683962 0.1153694 0.0900845 0.0550166 
Perityle_castillonii_96                    0.1478891 0.0508238 0.1194838 0.1382128 0.2434108 0.2910584 0.2878770 0.1392713 0.3079528 0.0285152 0.0298585 0.2630017 0.0170165 0.3066465 0.0262974 0.3766223 0.2905096 0.0000000 0.1239961 0.0286883 0.0051911 0.2269660 0.2548272 0.0250847 0.1167557 0.1431286 0.3247014 0.1047359 0.1210738 0.2627347 0.1967424 0.1403532 0.0260577 0.0424404 0.1418951 0.0310810 0.8196842 0.2902909 0.0237457 0.2287036 0.1848741 0.0230875 0.1305369 0.2904163 0.1725232 0.0226328 0.0272530 0.1771374 0.2246466 0.0439496 0.0279719 0.0403042 0.0230113 0.2747789 0.1303740 0.0870370 0.0220734 0.0312226 0.3269232 0.2118741 0.3218978 0.0232773 0.0323102 0.3087444 0.0332179 0.2534260 0.3161465 0.0178040 0.0243043 0.2268021 0.1287328 0.0302401 0.0330314 0.0324065 0.0581071 0.2552839 0.1378419 0.0250514 0.0310836 0.0688126 0.0198348 0.2725921 0.0628963 0.0740750 
Perityle_cernua_84                         0.1938037 0.0596512 0.1830584 0.1327532 0.2169001 0.2775131 0.3010611 0.1994744 0.2548540 0.1151919 0.1171830 0.3277760 0.0711185 0.2653574 0.1173922 0.4564313 0.2864392 0.1239961 0.0000000 0.1198362 0.0372039 0.2069679 0.2137867 0.1192443 0.1558475 0.1839410 0.2802722 0.0970075 0.2004963 0.2545688 0.2096940 0.2002558 0.1208344 0.1221577 0.1865159 0.1081462 1.0472453 0.2490552 0.1185094 0.2401631 0.2199350 0.0598245 0.1654057 0.2545860 0.1738904 0.1106287 0.0653124 0.2038194 0.2568568 0.1222858 0.0963602 0.1184149 0.0841208 0.2611728 0.1480122 0.1014338 0.1087563 0.1005808 0.2738500 0.2122277 0.3483577 0.0422603 0.1182824 0.2763898 0.1030532 0.2468867 0.2996024 0.0314496 0.0865779 0.2100010 0.1852865 0.1228434 0.0937278 0.1429111 0.0654038 0.2474569 0.1741620 0.1157135 0.1257821 0.0795596 0.1133053 0.2908123 0.0557706 0.0684585 
Perityle_cfvillosa_25_tin                  0.1374366 0.0625539 0.1221829 0.1497689 0.2034130 0.2744093 0.2994550 0.1332548 0.2571222 0.0327477 0.0300358 0.2959613 0.0310593 0.2599156 0.0315962 0.3964778 0.2632578 0.0286883 0.1198362 0.0000000 0.0353140 0.1884574 0.2134922 0.0342688 0.1151892 0.1397344 0.2685864 0.0907738 0.1979687 0.2320326 0.2207505 0.1307360 0.0399816 0.0544637 0.1402488 0.0377955 0.8240867 0.2484599 0.0285106 0.2048573 0.1741799 0.0299584 0.1278019 0.2367234 0.1702302 0.0342503 0.0432891 0.1600760 0.2248597 0.0672107 0.0417404 0.0560312 0.0291628 0.2337538 0.1270266 0.0985438 0.0241628 0.0071357 0.2707742 0.2214007 0.3460461 0.0452674 0.0368496 0.2637397 0.0438419 0.2315939 0.2804944 0.0268556 0.0346968 0.1883239 0.1179693 0.0313948 0.0072662 0.0272419 0.0752743 0.2291631 0.1365872 0.0371730 0.0368115 0.0861998 0.0310905 0.2597510 0.0776692 0.0885556 
Perityle_cinerea_113_Powell1310            0.1126340 0.0431661 0.0588537 0.1216712 0.1154218 0.1441269 0.2724961 0.0920804 0.1328503 0.0449342 0.0278048 0.0610044 0.0160092 0.1387903 0.0199399 0.1369146 0.1352890 0.0051911 0.0372039 0.0353140 0.0000000 0.0783637 0.1138322 0.0283605 0.0923014 0.1058215 0.1665404 0.0886550 0.1553924 0.1312230 0.1210349 0.0920804 0.0302871 0.0553938 0.0942781 0.0224777 0.3538139 0.1317730 0.0352405 0.0714072 0.0904434 0.0052414 0.0948399 0.1355384 0.0330010 0.0324251 0.0349533 0.1010008 0.0522352 0.0321125 0.0351982 0.0659709 0.0252569 0.1357695 0.0922259 0.0752580 0.0327245 0.0372650 0.1570781 0.1460266 0.1338642 0.0219708 0.0500670 0.1633348 0.0448315 0.1778280 0.1572518 0.0200629 0.0301390 0.0756737 0.0803970 0.0310389 0.0157044 0.0157127 0.0624431 0.1832492 0.0815163 0.0296077 0.0404100 0.0587089 0.0252452 0.1357596 0.0702362 0.0599444 
Perityle_coahuilensis_24                   0.2146505 0.0508238 0.2191675 0.1394067 0.0853356 0.2652592 0.2292784 0.2435452 0.2275863 0.1889248 0.2110084 0.0499150 0.1973201 0.1012703 0.1756635 0.1044046 0.0999688 0.2269660 0.2069679 0.1884574 0.0783637 0.0000000 0.0430598 0.2013486 0.1917050 0.1967364 0.1208201 0.1618681 0.1959953 0.0762393 0.1220225 0.2422480 0.1956480 0.1999263 0.2049779 0.1914463 0.1259985 0.1189084 0.1789399 0.0073876 0.2326217 0.2030477 0.1891321 0.0864590 0.3165985 0.1762802 0.1688101 0.2440378 0.0101235 0.1935826 0.2176626 0.1972906 0.1856322 0.0890931 0.2363790 0.0904536 0.1778754 0.1673545 0.1013799 0.1105564 0.1094224 0.1307877 0.1628720 0.1052205 0.1789899 0.1045509 0.1046104 0.0178040 0.2000783 0.0092794 0.2382375 0.2027407 0.2555847 0.2619690 0.0575271 0.1120196 0.1723952 0.1778759 0.2106598 0.0793874 0.2035431 0.0792114 0.0892292 0.0712025 
Perityle_cochisensis_44_cave_creek         0.2316019 0.0625166 0.2288199 0.1495452 0.1015868 0.2622031 0.2867135 0.2543365 0.2039225 0.2112330 0.2386967 0.0720795 0.2165820 0.1169664 0.2170061 0.1278880 0.1068631 0.2548272 0.2137867 0.2134922 0.1138322 0.0430598 0.0000000 0.2288023 0.2225506 0.2289267 0.1133135 0.1814873 0.2152696 0.1052142 0.1397269 0.2507321 0.2285389 0.2270846 0.1981268 0.2205320 0.1595729 0.1148779 0.2408992 0.0432674 0.2333743 0.2359424 0.1821082 0.0981955 0.2552748 0.2155456 0.2067616 0.2344596 0.0427786 0.2250201 0.2382953 0.2083555 0.2148909 0.0939435 0.2404570 0.1287506 0.2067272 0.2071051 0.1045888 0.0969530 0.1216203 0.1573388 0.2222551 0.1153151 0.2111520 0.1214307 0.1185366 0.0831103 0.2277571 0.0465306 0.2306579 0.2288882 0.2794499 0.2874151 0.1167933 0.1234310 0.2049447 0.2207690 0.2330210 0.0595799 0.2343243 0.1099172 0.0855868 0.0684203 
Perityle_congesta_202                      0.1422124 0.0568089 0.1571473 0.1530777 0.2138199 0.2712379 0.3134539 0.1435663 0.2647137 0.0380760 0.0117758 0.3021481 0.0261495 0.2557573 0.0373649 0.4071956 0.2701076 0.0250847 0.1192443 0.0342688 0.0283605 0.2013486 0.2288023 0.0000000 0.1415251 0.1707113 0.2733755 0.0919158 0.1804467 0.2362600 0.2066317 0.1509763 0.0413289 0.0536597 0.1584020 0.0369041 0.8584020 0.2410923 0.0357134 0.2146895 0.1857419 0.0148929 0.1430608 0.2534876 0.1770916 0.0162895 0.0214799 0.1566462 0.2321513 0.0793595 0.0420763 0.0554775 0.0212821 0.2408381 0.1270070 0.0959979 0.0211731 0.0371204 0.2599660 0.2034418 0.3302620 0.0439630 0.0460517 0.2670049 0.0443762 0.2263408 0.2824510 0.0268537 0.0349754 0.2012045 0.1154515 0.0144034 0.0378450 0.0479713 0.0571742 0.2274954 0.1641778 0.0356573 0.0370721 0.0871832 0.0284491 0.2697787 0.0637777 0.0777906 
Perityle_cordifolia_27                     0.1304323 0.0961434 0.1784066 0.1555598 0.1827105 0.2512536 0.3509198 0.1274732 0.2439493 0.1143126 0.1354399 0.3118825 0.0777267 0.2024452 0.1398018 0.3752908 0.2573783 0.1167557 0.1558475 0.1151892 0.0923014 0.1917050 0.2225506 0.1415251 0.0000000 0.0831386 0.2315294 0.0851509 0.2016394 0.2107602 0.1826086 0.1391180 0.1401380 0.1171037 0.0967559 0.0861611 0.7643164 0.2199827 0.1400274 0.2284172 0.0989330 0.0873396 0.0973095 0.2073871 0.2417244 0.1376973 0.0738377 0.0981820 0.2475479 0.1386696 0.0876087 0.0776502 0.0789847 0.2206880 0.0752425 0.1205697 0.0857723 0.0918827 0.2254759 0.1931835 0.3231827 0.0793131 0.1485702 0.2308426 0.0649560 0.1976365 0.2541568 0.0691708 0.0870010 0.1903984 0.1118728 0.1146375 0.1058395 0.1742195 0.0951417 0.1922869 0.0977422 0.1324827 0.1214376 0.1140579 0.1225313 0.2391273 0.1200366 0.1189812 
Perityle_cordifolia_68_tecolote            0.1343999 0.1022464 0.2016770 0.1627375 0.1620969 0.2656618 0.3248881 0.1380732 0.2666707 0.1364490 0.1538999 0.2981225 0.1139357 0.1681294 0.1505717 0.3269314 0.2366643 0.1431286 0.1839410 0.1397344 0.1058215 0.1967364 0.2289267 0.1707113 0.0831386 0.0000000 0.2163177 0.0845702 0.1957014 0.2131481 0.1943029 0.1498130 0.1569757 0.1458867 0.1152588 0.1110793 0.4899857 0.2060635 0.1525826 0.2202279 0.1215739 0.1148087 0.1062365 0.1928120 0.3134528 0.1579641 0.1010053 0.1060583 0.2499197 0.1668205 0.1079407 0.1135241 0.1017379 0.2042709 0.0335742 0.1547516 0.1063088 0.1136947 0.2231705 0.1920755 0.2431763 0.1123667 0.1586550 0.2053750 0.1059349 0.1815768 0.2307458 0.0933562 0.1114949 0.1946645 0.1073948 0.1363021 0.1375507 0.1980740 0.1319025 0.1745809 0.0991605 0.1436216 0.1461672 0.1112294 0.1411620 0.2298902 0.1268199 0.1111727 
Perityle_coronopifolia_28_patagonia        0.2509182 0.0912664 0.2659921 0.1631043 0.1229886 0.2820244 0.3200915 0.2860667 0.2189845 0.2736732 0.2946192 0.1619929 0.2831603 0.1348716 0.2685789 0.1939131 0.0618012 0.3247014 0.2802722 0.2685864 0.1665404 0.1208201 0.1133135 0.2733755 0.2315294 0.2163177 0.0000000 0.1872654 0.1949583 0.1301601 0.1742254 0.2892681 0.2669271 0.2527579 0.2032668 0.2783188 0.1303869 0.1386291 0.2940763 0.1241020 0.2103590 0.3002237 0.1971386 0.0907564 0.3220661 0.2399490 0.2408623 0.2420681 0.1369818 0.2610874 0.2867855 0.2479886 0.2689455 0.0569604 0.2513547 0.1658333 0.2490089 0.2454940 0.0662364 0.0660705 0.1490675 0.2059921 0.2589242 0.0422970 0.2379240 0.1631416 0.1519446 0.1009129 0.2835419 0.1233439 0.2351704 0.2779542 0.3357431 0.3504565 0.1529358 0.1538469 0.1825689 0.2571616 0.3009346 0.0409065 0.2813552 0.1507307 0.1106704 0.0680759 
Perityle_crassifolia_70_ventanas           0.0937954 0.0757137 0.0959953 0.1557908 0.1581039 0.2387755 0.3247838 0.1008005 0.1694602 0.0985843 0.0925607 0.2178099 0.1191832 0.1644433 0.0893587 0.2789980 0.1568368 0.1047359 0.0970075 0.0907738 0.0886550 0.1618681 0.1814873 0.0919158 0.0851509 0.0845702 0.1872654 0.0000000 0.1149574 0.1545703 0.1990478 0.0921964 0.0940541 0.1057337 0.0834278 0.0937667 0.5700787 0.1739434 0.0969260 0.1542628 0.1309513 0.0977140 0.0780047 0.1572191 0.1229237 0.0890959 0.1007973 0.1306454 0.1775522 0.0920224 0.1023904 0.1031936 0.0964965 0.1475307 0.0931897 0.1122037 0.0901975 0.0891441 0.1503464 0.1994199 0.2252435 0.1034420 0.1037276 0.1706567 0.0925771 0.1820396 0.1922171 0.0806309 0.0937350 0.1600498 0.0161954 0.0953061 0.1145158 0.1230183 0.1272303 0.1747390 0.0700502 0.0922173 0.1039951 0.0813468 0.0910386 0.1727500 0.0962905 0.0739702 
Perityle_crassifolia_74_playa_balandra     0.1988941 0.0761612 0.1808610 0.1373436 0.1866144 0.2203258 0.3328248 0.1829459 0.1915081 0.2008045 0.1767712 0.1205819 0.1092424 0.1894745 0.1958853 0.1733711 0.1640070 0.1210738 0.2004963 0.1979687 0.1553924 0.1959953 0.2152696 0.1804467 0.2016394 0.1957014 0.1949583 0.1149574 0.0000000 0.1987549 0.1388532 0.1898511 0.1847563 0.2060404 0.1865087 0.1862871 0.4293972 0.2092022 0.1742140 0.1649206 0.1837178 0.1194717 0.1871835 0.1806059 0.1788380 0.1832635 0.1832635 0.1888453 0.1315928 0.1843734 0.1804883 0.1989085 0.1761761 0.1802977 0.1614237 0.1157545 0.1899423 0.1952679 0.1984407 0.1660929 0.1501150 0.1613696 0.2091652 0.2003068 0.1949194 0.2127615 0.2119233 0.0808188 0.1753119 0.1960488 0.1313778 0.1660335 0.1300869 0.1299089 0.1049855 0.2203747 0.1711315 0.1842145 0.1881370 0.0719766 0.1797479 0.1717679 0.1033243 0.0684418 
Perityle_cuneata_34_cuneata_San_antonio    0.2540199 0.0625929 0.2533366 0.1363618 0.0921013 0.2619617 0.2320439 0.2684425 0.2230574 0.2358028 0.2503692 0.1327285 0.2421757 0.1131176 0.2094164 0.0491190 0.1100954 0.2627347 0.2545688 0.2320326 0.1312230 0.0762393 0.1052142 0.2362600 0.2107602 0.2131481 0.1301601 0.1545703 0.1987549 0.0000000 0.1281944 0.2655253 0.2205973 0.2252029 0.2338222 0.2267144 0.1249987 0.1209598 0.2145702 0.0734745 0.2476064 0.2523824 0.2054161 0.0984194 0.3396845 0.2244418 0.2227970 0.2466722 0.0840350 0.2368048 0.2547623 0.2288760 0.2262520 0.1057830 0.2401794 0.1413098 0.2132558 0.2271925 0.1048953 0.1125636 0.1218688 0.1611076 0.2105590 0.1132791 0.2199720 0.1101399 0.1151549 0.0405516 0.2343359 0.0772410 0.2193170 0.2382001 0.3059851 0.3087319 0.1108687 0.1089624 0.1923433 0.2166082 0.2441976 0.0929932 0.2398965 0.0387888 0.1006057 0.0828499 
Perityle_cuneata_4                         0.2305157 0.0625049 0.2022915 0.1297215 0.1536846 0.2695822 0.2894016 0.2334446 0.1789816 0.2201315 0.2151666 0.1343774 0.1901778 0.1543329 0.2138901 0.1471347 0.1426928 0.1967424 0.2096940 0.2207505 0.1210349 0.1220225 0.1397269 0.2066317 0.1826086 0.1943029 0.1742254 0.1990478 0.1388532 0.1281944 0.0000000 0.2327571 0.2188784 0.2291311 0.1666713 0.2179429 0.3371717 0.1516817 0.2116912 0.1200386 0.2145750 0.2042752 0.1599254 0.1482179 0.2227143 0.2042752 0.2086840 0.2177225 0.1201310 0.2157823 0.2203963 0.2247968 0.2094201 0.1385111 0.1852341 0.0997068 0.2086688 0.2123027 0.1473556 0.1555177 0.1539892 0.1556581 0.2178657 0.1543625 0.2069873 0.1483995 0.1655541 0.0450983 0.2093353 0.1219149 0.2116901 0.2134366 0.2423028 0.2289779 0.1374895 0.1436554 0.1650127 0.2100838 0.2140083 0.0655061 0.2112393 0.1269697 0.1081496 0.0685568 
Perityle_discoidea_81                      0.0277631 0.0452490 0.1636230 0.1395300 0.2144776 0.2753980 0.3421113 0.0070191 0.2843180 0.1418614 0.1545991 0.3244436 0.1196274 0.2755057 0.1601050 0.4496434 0.2843610 0.1403532 0.2002558 0.1307360 0.0920804 0.2422480 0.2507321 0.1509763 0.1391180 0.1498130 0.2892681 0.0921964 0.1898511 0.2655253 0.2327571 0.0000000 0.1637526 0.1544227 0.1494345 0.1181823 0.8961709 0.2580926 0.1574607 0.2490447 0.1694199 0.0902739 0.1342553 0.2674315 0.2290073 0.1474205 0.1009716 0.1577915 0.2699534 0.1544244 0.1169177 0.1228252 0.0937909 0.2435655 0.1354013 0.1446182 0.1178585 0.1095096 0.2695227 0.2427138 0.3414628 0.0963116 0.1720183 0.2853943 0.1102693 0.2330272 0.2804460 0.0502993 0.1091820 0.2402588 0.1337068 0.1235360 0.1258626 0.1931192 0.1243617 0.2296753 0.1425533 0.1560174 0.1411045 0.0932916 0.1442810 0.2854252 0.0934260 0.0743800 
Perityle_dissecta_201                      0.1526059 0.0567418 0.1646848 0.1394067 0.2026916 0.2770773 0.3028311 0.1564151 0.3007466 0.0421105 0.0367666 0.3056328 0.0067553 0.2486298 0.0218704 0.3827960 0.2574560 0.0260577 0.1208344 0.0399816 0.0302871 0.1956480 0.2285389 0.0413289 0.1401380 0.1569757 0.2669271 0.0940541 0.1847563 0.2205973 0.2188784 0.1637526 0.0000000 0.0534168 0.1590819 0.0275461 0.6501264 0.2465428 0.0344923 0.2099880 0.1892241 0.0243854 0.1415160 0.2321781 0.2175653 0.0362253 0.0357874 0.1513641 0.2254187 0.0706785 0.0322046 0.0399329 0.0268485 0.2340510 0.1189314 0.0941454 0.0313288 0.0394263 0.2633805 0.2137622 0.3066211 0.0477590 0.0472060 0.2534236 0.0269537 0.2290339 0.2755038 0.0223412 0.0334559 0.1968226 0.1118282 0.0399057 0.0328194 0.0463293 0.0632753 0.2217875 0.1584058 0.0250912 0.0466633 0.0892441 0.0345875 0.2557881 0.0740483 0.0799336 
Perityle_emoryi_47_punta_san_jose          0.1618150 0.0655357 0.1437154 0.1442244 0.2106660 0.2682062 0.2919006 0.1577780 0.2410779 0.0601845 0.0510097 0.3112354 0.0387749 0.2394328 0.0533529 0.4259714 0.2691502 0.0424404 0.1221577 0.0544637 0.0553938 0.1999263 0.2270846 0.0536597 0.1171037 0.1458867 0.2527579 0.1057337 0.2060404 0.2252029 0.2291311 0.1544227 0.0534168 0.0000000 0.1522472 0.0525436 0.9157590 0.2508690 0.0495686 0.2219883 0.1795419 0.0418787 0.1468713 0.2290735 0.1712645 0.0623845 0.0551001 0.1668140 0.2425989 0.0841142 0.0511352 0.0591311 0.0427013 0.2401089 0.1300764 0.1009991 0.0461186 0.0610642 0.2635066 0.2260378 0.3530242 0.0609904 0.0664919 0.2540634 0.0494057 0.2248750 0.2825798 0.0360217 0.0475863 0.1988071 0.1103561 0.0562419 0.0462317 0.0618462 0.0825311 0.2210808 0.1370549 0.0600848 0.0546768 0.0828313 0.0520975 0.2712217 0.0817707 0.0770534 
Perityle_feddemae_99                       0.1390371 0.0792226 0.1912818 0.1478373 0.1847959 0.2407297 0.5998669 0.1421923 0.2210924 0.1369643 0.1609937 0.3060177 0.1111789 0.2180024 0.1524702 0.3916547 0.2380659 0.1418951 0.1865159 0.1402488 0.0942781 0.2049779 0.1981268 0.1584020 0.0967559 0.1152588 0.2032668 0.0834278 0.1865087 0.2338222 0.1666713 0.1494345 0.1590819 0.1522472 0.0000000 0.1150967 0.8684229 0.2169800 0.1511733 0.2345594 0.0332706 0.1157620 0.0417303 0.2001332 0.2241253 0.1541972 0.1138435 0.0366031 0.2637998 0.1610128 0.1147989 0.1263379 0.1063963 0.2051123 0.1095035 0.1407974 0.1139879 0.1202182 0.2282828 0.1616813 0.3004274 0.0988377 0.1575895 0.2168714 0.1178516 0.1821615 0.2340378 0.0807619 0.1212010 0.2033963 0.1081699 0.1422575 0.1438677 0.1966406 0.1261837 0.1749954 0.0837663 0.1504811 0.1493410 0.0723217 0.1459290 0.2644586 0.0636878 0.0686629 
Perityle_fosteri_93                        0.1271503 0.0596909 0.0950413 0.1464650 0.2092449 0.2712664 0.2909396 0.1200226 0.2555180 0.0387553 0.0365596 0.2869490 0.0292098 0.2647135 0.0076139 0.3837203 0.2586094 0.0310810 0.1081462 0.0377955 0.0224777 0.1914463 0.2205320 0.0369041 0.0861611 0.1110793 0.2783188 0.0937667 0.1862871 0.2267144 0.2179429 0.1181823 0.0275461 0.0525436 0.1150967 0.0000000 0.8203290 0.2510436 0.0308767 0.2004914 0.1556850 0.0343839 0.1036406 0.2482972 0.1542589 0.0347424 0.0403276 0.1550113 0.2165748 0.0331177 0.0431695 0.0530443 0.0302558 0.2376623 0.1209823 0.1005500 0.0307789 0.0370021 0.2732598 0.2279647 0.3339325 0.0475365 0.0421704 0.2740715 0.0422916 0.2307387 0.2721413 0.0178040 0.0336932 0.1913006 0.1161687 0.0426955 0.0471266 0.0538114 0.0728319 0.2259700 0.1126100 0.0230243 0.0431729 0.0861438 0.0332498 0.2533969 0.0777101 0.0828414 
Perityle_gamon_221                         0.8676898 0.0000010 0.8863338 0.0000010 0.1477640 0.7406266 0.1838777 0.8965397 0.6097997 0.9044374 0.8748897 0.1752519 0.8098109 0.1723156 0.5629509 0.1412798 0.1106765 0.8196842 1.0472453 0.8240867 0.3538139 0.1259985 0.1595729 0.8584020 0.7643164 0.4899857 0.1303869 0.5700787 0.4293972 0.1249987 0.3371717 0.8961709 0.6501264 0.9157590 0.8684229 0.8203290 0.0000000 0.2306557 0.4769484 0.1253830 0.8695642 0.8620663 0.7666831 0.0265951 0.9824441 0.7879769 0.8915233 0.8597443 0.1509565 0.8103955 0.8582611 0.8568450 0.8450965 0.1053308 0.7453662 0.5363510 0.8245944 0.8175923 0.1068597 0.0502580 0.1148745 0.5060762 0.4994693 0.0948023 0.8059203 0.1280718 0.1500728 0.0000010 0.8421096 0.1322438 0.8269318 0.8614960 0.8240867 0.8486271 0.4139306 0.1382035 0.3729485 0.6253627 0.8479033 0.0000010 0.8671372 0.1291784 0.1679460 0.0000010 
Perityle_gentryi_8_san_francisco           0.2493910 0.0860767 0.2457286 0.1682580 0.1101103 0.2858033 0.3013324 0.2656248 0.2063803 0.2603535 0.2537081 0.1501646 0.2780584 0.0413540 0.2410081 0.1646196 0.1240366 0.2902909 0.2490552 0.2484599 0.1317730 0.1189084 0.1148779 0.2410923 0.2199827 0.2060635 0.1386291 0.1739434 0.2092022 0.1209598 0.1516817 0.2580926 0.2465428 0.2508690 0.2169800 0.2510436 0.2306557 0.0000000 0.2546282 0.1180451 0.2392886 0.2662742 0.1895362 0.1172881 0.2610653 0.2254715 0.2318314 0.2485240 0.1233844 0.2400230 0.2680020 0.2386806 0.2444623 0.1009975 0.2381237 0.1377951 0.2256984 0.2460803 0.1191861 0.1265179 0.0751754 0.1721197 0.2544839 0.1299667 0.2357358 0.1329954 0.1273199 0.0654348 0.2592500 0.1204066 0.2386850 0.2574322 0.3312926 0.3058997 0.1329773 0.1305777 0.1893132 0.2389682 0.2692520 0.0800325 0.2484965 0.1196149 0.0995461 0.0688411 
Perityle_gilensis_22_Superstition          0.1506807 0.0655370 0.1615232 0.1428352 0.1935929 0.2728115 0.2822682 0.1493637 0.3256906 0.0304790 0.0314396 0.3009660 0.0257110 0.2463965 0.0334353 0.3182670 0.2569045 0.0237457 0.1185094 0.0285106 0.0352405 0.1789399 0.2408992 0.0357134 0.1400274 0.1525826 0.2940763 0.0969260 0.1742140 0.2145702 0.2116912 0.1574607 0.0344923 0.0495686 0.1511733 0.0308767 0.4769484 0.2546282 0.0000000 0.1788006 0.2031139 0.0273934 0.1381523 0.2325615 0.2576393 0.0384017 0.0342367 0.1561379 0.2045859 0.0745324 0.0333866 0.0453650 0.0240957 0.2400678 0.1114523 0.0941244 0.0230414 0.0301001 0.2851454 0.2315906 0.2669412 0.0498213 0.0434865 0.2582719 0.0318668 0.2121464 0.2550101 0.0222929 0.0276136 0.1801025 0.1186010 0.0344710 0.0377389 0.0421467 0.0702571 0.2125629 0.1470641 0.0328695 0.0365219 0.0966039 0.0268265 0.2237417 0.0701029 0.0827981 
Perityle_gilensis_salensis_225             0.2424251 0.0566394 0.2345910 0.1367507 0.0834317 0.2719936 0.2317305 0.2472557 0.2586072 0.2192604 0.2224606 0.0511372 0.2017557 0.1048448 0.1936897 0.1043747 0.0962228 0.2287036 0.2401631 0.2048573 0.0714072 0.0073876 0.0432674 0.2146895 0.2284172 0.2202279 0.1241020 0.1542628 0.1649206 0.0734745 0.1200386 0.2490447 0.2099880 0.2219883 0.2345594 0.2004914 0.1253830 0.1180451 0.1788006 0.0000000 0.2749076 0.2085274 0.2068438 0.0910507 0.3179941 0.2041718 0.1995048 0.2715024 0.0112522 0.2158378 0.2220302 0.2219842 0.2067669 0.0887805 0.2326980 0.0924971 0.1960575 0.2017701 0.0983151 0.1071889 0.1117447 0.1223500 0.1980179 0.1062316 0.1996725 0.1063991 0.1038285 0.0268298 0.2071572 0.0138245 0.2464820 0.2092358 0.2555847 0.2677497 0.0624796 0.1067356 0.1908756 0.2028096 0.2147443 0.0697312 0.2148679 0.0781269 0.0929533 0.0712025 
Perityle_glaucescens_94                    0.1610290 0.0698641 0.1777299 0.1477666 0.1988650 0.2903220 0.3444649 0.1700844 0.2586932 0.1679702 0.1932131 0.3369286 0.1793556 0.2272516 0.1863991 0.4109038 0.2616892 0.1848741 0.2199350 0.1741799 0.0904434 0.2326217 0.2333743 0.1857419 0.0989330 0.1215739 0.2103590 0.1309513 0.1837178 0.2476064 0.2145750 0.1694199 0.1892241 0.1795419 0.0332706 0.1556850 0.8695642 0.2392886 0.2031139 0.2749076 0.0000000 0.1480286 0.0328842 0.2252481 0.2710409 0.1666367 0.1394415 0.0158144 0.3055284 0.1865739 0.1579852 0.1504336 0.1395544 0.2296333 0.1142254 0.1374156 0.1516359 0.1457488 0.2443288 0.2092215 0.3434597 0.1179977 0.1838416 0.2308678 0.1369617 0.2118946 0.2554766 0.0805989 0.1552905 0.2319431 0.1512467 0.1777138 0.1892517 0.2350919 0.1122496 0.2061513 0.0932523 0.1819424 0.1894923 0.0781828 0.1820443 0.2715979 0.0701655 0.0685754 
Perityle_gracilis_11                       0.0963598 0.0509563 0.0894459 0.1374103 0.2044968 0.2602596 0.2683277 0.0889450 0.2595706 0.0326040 0.0160732 0.2724326 0.0192130 0.2677051 0.0245905 0.3844292 0.2685482 0.0230875 0.0598245 0.0299584 0.0052414 0.2030477 0.2359424 0.0148929 0.0873396 0.1148087 0.3002237 0.0977140 0.1194717 0.2523824 0.2042752 0.0902739 0.0243854 0.0418787 0.1157620 0.0343839 0.8620663 0.2662742 0.0273934 0.2085274 0.1480286 0.0000000 0.0980840 0.2664023 0.1435817 0.0000010 0.0094071 0.1555103 0.2068930 0.0174484 0.0256987 0.0442498 0.0093489 0.2458423 0.1251667 0.0927135 0.0198210 0.0299636 0.2991251 0.1903022 0.3207753 0.0165301 0.0381747 0.2842128 0.0313770 0.2246941 0.2946109 0.0178040 0.0326559 0.2066821 0.1190904 0.0162696 0.0296341 0.0352665 0.0586088 0.2311456 0.1069179 0.0204688 0.0368428 0.0744900 0.0147602 0.2638627 0.0600926 0.0719817 
Perityle_harkerae_31                       0.1298326 0.0759657 0.1618361 0.1449003 0.1672717 0.2288696 0.6199288 0.1348630 0.2081961 0.1241268 0.1466286 0.2735131 0.1045337 0.2026565 0.1367095 0.3459771 0.2094260 0.1305369 0.1654057 0.1278019 0.0948399 0.1891321 0.1821082 0.1430608 0.0973095 0.1062365 0.1971386 0.0780047 0.1871835 0.2054161 0.1599254 0.1342553 0.1415160 0.1468713 0.0417303 0.1036406 0.7666831 0.1895362 0.1381523 0.2068438 0.0328842 0.0980840 0.0000000 0.1917053 0.1930683 0.1318099 0.0960382 0.0370036 0.2317676 0.1483615 0.1026430 0.1077393 0.0917726 0.1763051 0.1125595 0.1303938 0.1019521 0.1016767 0.1954982 0.1661720 0.2720642 0.0993799 0.1427376 0.1952487 0.1013676 0.1625561 0.2044422 0.0856953 0.1090673 0.1859238 0.1044102 0.1290500 0.1224537 0.1825837 0.1186821 0.1583118 0.0826956 0.1345505 0.1384635 0.0695539 0.1360558 0.2294437 0.0637532 0.0635163 
Perityle_hofmeisteria_4_nombre_de_dios     0.2336182 0.0783467 0.2604413 0.1585632 0.0919420 0.2738054 0.2515300 0.2665571 0.2085440 0.2411078 0.2675589 0.1304686 0.2657071 0.1033365 0.2230114 0.1296392 0.0631369 0.2904163 0.2545860 0.2367234 0.1355384 0.0864590 0.0981955 0.2534876 0.2073871 0.1928120 0.0907564 0.1572191 0.1806059 0.0984194 0.1482179 0.2674315 0.2321781 0.2290735 0.2001332 0.2482972 0.0265951 0.1172881 0.2325615 0.0910507 0.2252481 0.2664023 0.1917053 0.0000000 0.3791490 0.2178122 0.2085172 0.2400668 0.1074987 0.2309148 0.2654138 0.2203288 0.2419189 0.0607105 0.2357749 0.1498564 0.2245530 0.2160821 0.0623922 0.0415461 0.1019404 0.1713750 0.2067671 0.0709023 0.2111468 0.1206898 0.1216037 0.0695651 0.2563303 0.0897954 0.2291708 0.2548899 0.3178610 0.3138881 0.1304821 0.1205375 0.1450212 0.2193105 0.2685665 0.0521157 0.2515124 0.1030125 0.0968732 0.0627777 
Perityle_huecosensis_48                    0.2284186 0.0543838 0.2203224 0.1646898 0.3393423 0.3153115 0.5020299 0.2252204 0.3565112 0.1685407 0.1766191 0.3095993 0.1018437 0.3500521 0.2257255 0.5226015 0.3098794 0.1725232 0.1738904 0.1702302 0.0330010 0.3165985 0.2552748 0.1770916 0.2417244 0.3134528 0.3220661 0.1229237 0.1788380 0.3396845 0.2227143 0.2290073 0.2175653 0.1712645 0.2241253 0.1542589 0.9824441 0.2610653 0.2576393 0.3179941 0.2710409 0.1435817 0.1930683 0.3791490 0.0000000 0.1866436 0.1349033 0.2525758 0.3078878 0.1753421 0.1712321 0.1937984 0.1551451 0.3252943 0.2152622 0.1029011 0.1507419 0.1674988 0.2915510 0.2254827 0.4497673 0.0455681 0.2689951 0.3884946 0.1709224 0.3486632 0.3895315 0.0320234 0.1478031 0.3150808 0.2375394 0.1753414 0.1841561 0.2133748 0.0660202 0.3551789 0.3276733 0.2030256 0.1716257 0.1019740 0.1722292 0.3531595 0.0800203 0.0905033 
