86
Amauria_brandeegeana_62                    0.0000000 0.0438945 0.0575075 0.0982470 0.0538097 0.4368822 0.0916230 0.1467270 0.1028380 0.0411563 0.0715403 0.0842857 0.0812794 0.0784047 0.0841683 0.1087886 0.0685599 0.0631742 0.0879272 0.0652758 0.0720014 0.0753085 0.0816387 0.0687809 0.0713657 0.0761379 0.0808653 0.0722629 0.0968125 0.1074378 0.1685002 0.0709871 0.0816149 0.1007950 0.0779900 0.0731067 0.0927570 0.0756023 0.0971935 0.0782174 0.0768896 0.0813911 0.1055307 0.0746186 0.0830438 0.0906101 0.0747991 0.0753085 0.0754416 0.0782339 0.0726182 0.0718383 0.0784056 0.0678846 0.0783086 0.1065644 0.0787202 0.0748705 0.0753085 0.0753085 0.0750106 0.0744328 0.0656828 0.0827666 0.0718383 0.0872488 0.3204246 0.0812676 0.0945861 0.1107349 0.0777881 0.0718505 0.0532882 0.0810725 0.0784078 0.0715768 0.0753085 0.0783620 0.0694614 0.0781656 0.0746685 0.0881572 0.0819519 0.0731067 0.0854900 0.0939797 
Amauria_carterae_99_mesa                   0.0438945 0.0000000 0.0489355 0.1748157 0.0796371 0.5301594 0.1235738 0.2048448 0.1296934 0.0505181 0.0805551 0.1021492 0.0832288 0.0789252 0.0765755 0.1276481 0.0729850 0.0973859 0.1169886 0.0707646 0.0833761 0.0791389 0.0577783 0.0766971 0.0686961 0.0798499 0.1026676 0.0729128 0.1491890 0.0965815 0.1516039 0.1109484 0.0998890 0.0928955 0.0811399 0.1151577 0.2196461 0.0772473 0.0976832 0.0880021 0.0858474 0.0808653 0.2252773 0.0654343 0.2215921 0.0912932 0.0807744 0.0770385 0.0812605 0.1076862 0.0856471 0.0727567 0.0851926 0.0675106 0.0810132 0.0976459 0.0907808 0.1057044 0.0770385 0.0791272 0.0837317 0.1072545 0.0862142 0.1143144 0.0752312 0.0932878 0.3655580 0.0767191 0.0881723 0.1618048 0.0873234 0.0746242 0.0969729 0.0850635 0.0770385 0.0835087 0.0818407 0.0775479 0.0995223 0.0909830 0.0768094 0.1015908 0.0835409 0.1151577 0.1020315 0.1127170 
Amauria_rotundifolia_SRR9119150            0.0575075 0.0489355 0.0000000 0.3097550 0.2125290 0.5118681 0.4146027 0.2567609 0.3093257 0.1800575 0.3587074 0.2276891 0.2263868 0.2444267 0.1090114 0.2326672 0.2318876 0.2664731 0.1910946 0.2241603 0.1344036 0.3248682 0.0687067 0.3213507 0.1115505 0.2385551 0.3110759 0.2411946 0.3369221 0.1122580 0.2002600 0.2979685 0.2987198 0.1665848 0.2454976 0.2518549 0.5521629 0.2029878 0.2612905 0.1974860 0.2860852 0.2075471 0.5398678 0.0770906 0.5461374 0.2650212 0.2443546 0.2843922 0.2858835 0.2671485 0.2627327 0.2120822 0.2497283 0.0968995 0.1790794 0.2895575 0.1823991 0.1668409 0.2707425 0.3222170 0.2316578 0.1350422 0.2621519 0.1544573 0.2461399 0.2837789 0.3769323 0.1915639 0.3075273 0.2299659 0.2719796 0.3197108 0.2360577 0.3287458 0.3298203 0.2511073 0.0965149 0.2360445 0.3030006 0.2988234 0.2321008 0.1438165 0.3258531 0.2873205 0.2578870 0.1581068 
Conoclinium_coelestinum_SRR9119114         0.0982470 0.1748157 0.3097550 0.0000000 0.2851256 0.5037731 0.3624690 0.2639350 0.2528747 0.2532029 0.3851486 0.2687991 0.2816172 0.2982118 0.1935637 0.2778913 0.3163322 0.2674098 0.2483845 0.2612760 0.2270635 0.3780276 0.0856504 0.3319069 0.2119722 0.2635739 0.3334322 0.2676882 0.3158792 0.1646110 0.1712307 0.3765720 0.3546942 0.2270997 0.2874294 0.2838814 0.3992753 0.2406982 0.3193519 0.2399620 0.2983747 0.2707306 0.4336437 0.1439012 0.4439662 0.3240198 0.2965480 0.3148473 0.3168195 0.2923457 0.3298117 0.2487035 0.2943133 0.1704110 0.2271158 0.3536925 0.2287901 0.2286916 0.2887190 0.3532841 0.2887875 0.1892709 0.2896723 0.2134176 0.2858300 0.3181817 0.3990617 0.2425575 0.3644902 0.2676736 0.3201767 0.3338416 0.2599382 0.3698365 0.3636891 0.2856373 0.1596932 0.2869703 0.3251575 0.3020318 0.2888937 0.1774060 0.3652807 0.3122939 0.3193260 0.2173937 
Eutetras_palmeri_63                        0.0538097 0.0796371 0.2125290 0.2851256 0.0000000 0.5295692 0.3287138 0.2022608 0.1993265 0.0947776 0.1749104 0.1199965 0.1321464 0.0995700 0.0977495 0.1266414 0.1321518 0.2673247 0.1732184 0.2066541 0.0944052 0.2020942 0.0817061 0.1702123 0.0708194 0.1044753 0.1395518 0.1199117 0.1609700 0.0981163 0.1582190 0.3430676 0.2625130 0.1166012 0.1011753 0.1118263 0.4706260 0.1020190 0.1202855 0.1104771 0.1038066 0.1257953 0.4954374 0.0715299 0.5247771 0.1178537 0.1054287 0.1255758 0.1259386 0.2358869 0.1864729 0.1060160 0.1044457 0.0632235 0.0967744 0.3002498 0.1028563 0.0986226 0.1038020 0.1769810 0.0983627 0.1162704 0.1631143 0.1291773 0.0986802 0.1248180 0.3322994 0.1148279 0.1754232 0.2016120 0.1361260 0.1688150 0.1048913 0.1846844 0.1798796 0.1076486 0.0912980 0.1505480 0.2373319 0.1196455 0.0981392 0.1273362 0.1813241 0.1137112 0.2588195 0.1314567 
Eutetras_pringlei_149_quer                 0.4368822 0.5301594 0.5118681 0.5037731 0.5295692 0.0000000 0.3229399 0.2106938 0.5770750 0.5210721 0.5426749 0.5209541 0.5162511 0.4821531 0.4907206 0.5301689 0.5059457 0.4231413 0.5329161 0.5014917 0.4834879 0.5003770 0.2249737 0.4863297 0.5107650 0.4596518 0.5482469 0.4960152 0.5065049 0.5168196 0.3686441 0.6009093 0.5467805 0.5130276 0.4889541 0.5270851 0.6105322 0.4719792 0.4950267 0.5174173 0.4147893 0.4850624 0.6113001 0.8151239 0.6210156 0.5006441 0.5001943 0.4949417 0.4876794 0.5337590 0.4783020 0.4837522 0.4845511 0.5346547 0.4858319 0.5200825 0.4001847 0.4298521 0.4757246 0.4983080 0.5278194 0.4218234 0.5259893 0.3124574 0.4926357 0.4951672 0.3539945 0.5339421 0.5335884 0.5627869 0.5440963 0.4893204 0.5208635 0.5134603 0.4950326 0.5124494 0.3791099 0.5326567 0.5668032 0.4517013 0.4891781 0.3764309 0.5105701 0.5270851 0.5313940 0.4941204 
Eutrochium_fistulosum_SRR9119106           0.0916230 0.1235738 0.4146027 0.3624690 0.3287138 0.3229399 0.0000000 0.2396547 0.3273124 0.3476927 0.3438857 0.3648469 0.3261853 0.3163116 0.1380696 0.3558508 0.3300921 0.3486963 0.2857643 0.2746332 0.2462642 0.3826268 0.0669448 0.3176368 0.2341524 0.3200800 0.3921667 0.2953339 0.3545961 0.1266171 0.1368556 0.3465792 0.4404288 0.3198637 0.3220775 0.3711871 0.4318935 0.3074041 0.3330994 0.3106918 0.3157595 0.3390549 0.4286860 0.0484081 0.4335873 0.3347637 0.3212903 0.3155020 0.3232932 0.3898579 0.3612966 0.3157524 0.3181247 0.0745600 0.2713548 0.4296409 0.2499057 0.2475423 0.3129628 0.3125330 0.3326115 0.1832973 0.3322096 0.1481760 0.3027057 0.3558474 0.3635796 0.3102601 0.4542534 0.2658751 0.3263539 0.3180551 0.3391007 0.3248323 0.3209692 0.3222628 0.0852371 0.3382680 0.3658308 0.3156904 0.2993042 0.2156831 0.3262937 0.3715348 0.3661210 0.2150326 
Galeana_pratensis_104_mex                  0.1467270 0.2048448 0.2567609 0.2639350 0.2022608 0.2106938 0.2396547 0.0000000 0.2206989 0.2360037 0.2512007 0.2286012 0.2122635 0.1980497 0.1855755 0.1966230 0.1958053 0.2228801 0.2184337 0.2162203 0.1893881 0.2029409 0.1225153 0.1941751 0.1806483 0.1901203 0.2390733 0.2022268 0.2333365 0.1554288 0.1162034 0.2693245 0.2879105 0.1871975 0.2146329 0.2357031 0.2835665 0.1926435 0.2079862 0.1951000 0.1957398 0.2039537 0.2818025 0.1194716 0.2841428 0.2122276 0.2109556 0.2018928 0.2018928 0.2623098 0.2109170 0.1903113 0.2073149 0.1232793 0.2107796 0.2177481 0.1948827 0.1755688 0.2017836 0.2018928 0.2303505 0.1874320 0.2212299 0.2017089 0.1887277 0.2331678 0.4387970 0.2516256 0.2596652 0.3677690 0.2109169 0.1980497 0.2337525 0.1939179 0.2018928 0.2018098 0.1675684 0.2499174 0.2882894 0.2151925 0.2131767 0.2073266 0.2157283 0.2357031 0.2428326 0.2068591 
Helianthus_annuus_SRR9119062               0.1028380 0.1296934 0.3093257 0.2528747 0.1993265 0.5770750 0.3273124 0.2206989 0.0000000 0.1811058 0.2444189 0.2099148 0.2061395 0.2104119 0.1608346 0.2006019 0.2118401 0.2409526 0.1703051 0.2540129 0.1495985 0.3040462 0.1121519 0.2493080 0.1498113 0.1819932 0.2758503 0.2420382 0.2183940 0.1524975 0.1647590 0.2940036 0.3693887 0.1664511 0.2256329 0.2254888 0.4920491 0.1629342 0.2391338 0.2043224 0.2317791 0.2052241 0.4585925 0.1307495 0.4813055 0.2369673 0.2265099 0.2242758 0.2224759 0.3010449 0.2791893 0.1991915 0.2229343 0.1389344 0.1682508 0.3424175 0.1771647 0.1567757 0.2180705 0.2421973 0.1884108 0.1601688 0.2306113 0.1542692 0.2316624 0.2226264 0.3693880 0.1798543 0.3182359 0.2265599 0.2188040 0.2477262 0.2106018 0.2520724 0.2460384 0.2265619 0.1504488 0.2387848 0.2907722 0.2390627 0.2005489 0.1440462 0.2401524 0.2764233 0.2687545 0.1487063 
Lycapsus_tenuifolius_17                    0.0411563 0.0505181 0.1800575 0.2532029 0.0947776 0.5210721 0.3476927 0.2360037 0.1811058 0.0000000 0.1656347 0.1052480 0.0974988 0.0854543 0.0927991 0.1199447 0.1177945 0.2449804 0.2157747 0.1999656 0.0880807 0.1699470 0.0798435 0.1218876 0.0881359 0.0871393 0.1335058 0.1004688 0.1557040 0.1090875 0.1570842 0.3046832 0.2535522 0.1172300 0.0856979 0.1305435 0.4875770 0.0812652 0.1155803 0.1218439 0.0889121 0.1091723 0.5160422 0.0706179 0.5000778 0.1128843 0.0867886 0.1176033 0.1153683 0.2683844 0.1690369 0.0989474 0.0893883 0.0785178 0.0887499 0.3004323 0.1247159 0.1325581 0.0830957 0.1328715 0.1202392 0.1285798 0.1438473 0.1486947 0.0785581 0.1151635 0.3959132 0.1082130 0.1453485 0.2335908 0.1204470 0.1192881 0.1112934 0.1407339 0.1362461 0.0877218 0.0830263 0.1429024 0.2559796 0.1007246 0.0847116 0.1273699 0.1372611 0.1305435 0.2477303 0.1584961 
Pericome_caudata_50_silver                 0.0715403 0.0805551 0.3587074 0.3851486 0.1749104 0.5426749 0.3438857 0.2512007 0.2444189 0.1656347 0.0000000 0.1951585 0.2688501 0.2017570 0.2164645 0.1350476 0.2330034 0.2889590 0.1903531 0.2978985 0.1098282 0.2526958 0.0971391 0.2345723 0.1426303 0.1091222 0.2751800 0.1723901 0.1677170 0.1008422 0.1419086 0.3694265 0.4229983 0.1817813 0.1928854 0.2056769 0.5774111 0.1888200 0.2211314 0.1841794 0.1186176 0.2166150 0.5354868 0.0656059 0.5699569 0.2124683 0.1961277 0.1600347 0.1877681 0.3721727 0.2901950 0.1852017 0.1979325 0.2093425 0.1740740 0.3924155 0.1362028 0.1266166 0.1174194 0.2300503 0.2020091 0.1296773 0.1483591 0.1653316 0.2159188 0.1786440 0.4042611 0.1435438 0.3049004 0.2084840 0.1803068 0.2351727 0.1474673 0.2413327 0.2126473 0.1844301 0.0846220 0.2028192 0.3677819 0.1241651 0.1935857 0.1406718 0.2097114 0.2137482 0.2443523 0.1479921 
Perityle_aglossa_84_dead_horse             0.0842857 0.1021492 0.2276891 0.2687991 0.1199965 0.5209541 0.3648469 0.2286012 0.2099148 0.1052480 0.1951585 0.0000000 0.0576228 0.0959292 0.0922011 0.0935604 0.0741987 0.2825098 0.2003839 0.1459509 0.0852984 0.1737970 0.0755911 0.1271297 0.0407721 0.0897369 0.1642311 0.1271448 0.1555121 0.0989398 0.1622404 0.3239814 0.2887297 0.1026772 0.0944090 0.1499962 0.4801018 0.0833133 0.1236718 0.0894084 0.0982308 0.1101688 0.4790711 0.0947416 0.4897695 0.1210147 0.1004523 0.1189503 0.1192289 0.2675392 0.1821269 0.0997881 0.1017765 0.1024010 0.0842527 0.3247981 0.1114030 0.1234399 0.0971519 0.1349715 0.1378601 0.1251229 0.1521790 0.1608242 0.1035941 0.1269349 0.3788228 0.1088585 0.1744989 0.2356305 0.0732383 0.1214205 0.1321266 0.1427121 0.1424042 0.0551151 0.0922110 0.1433180 0.2725588 0.1093391 0.0967613 0.1172872 0.1439282 0.1571225 0.2720212 0.1532058 
Perityle_ajoensis_204                      0.0812794 0.0832288 0.2263868 0.2816172 0.1321464 0.5162511 0.3261853 0.2122635 0.2061395 0.0974988 0.2688501 0.0576228 0.0000000 0.1230286 0.1334039 0.0677107 0.0688028 0.2462249 0.1823092 0.1464388 0.0733439 0.1613164 0.0750226 0.1612473 0.0345057 0.0805536 0.1805617 0.1067266 0.1483970 0.0853414 0.1516684 0.3478395 0.3056497 0.0918104 0.1175681 0.1625986 0.4446705 0.1040047 0.1414048 0.0766397 0.0790352 0.1219086 0.4718564 0.0772241 0.4860696 0.1388194 0.1231585 0.1011147 0.1000817 0.2738071 0.1953627 0.1016319 0.1232388 0.1448389 0.0880526 0.3218010 0.1006768 0.1138725 0.0766871 0.1611489 0.1453441 0.1066046 0.1424179 0.1335757 0.1221558 0.1291152 0.3771059 0.0934921 0.1813434 0.2237888 0.0967678 0.1536241 0.1052500 0.1639291 0.1591537 0.0570515 0.0798702 0.1201962 0.2774134 0.0936803 0.1226295 0.1042936 0.1668496 0.1636532 0.2227579 0.1401508 
Perityle_ambrosiifolia_67_green            0.0784047 0.0789252 0.2444267 0.2982118 0.0995700 0.4821531 0.3163116 0.1980497 0.2104119 0.0854543 0.2017570 0.0959292 0.1230286 0.0000000 0.0350969 0.0955871 0.1205197 0.2712142 0.1950641 0.2044089 0.0192919 0.1512694 0.0200079 0.1405100 0.0637251 0.0253469 0.1961382 0.1195705 0.1272621 0.1062323 0.1425088 0.3481509 0.3213001 0.1040140 0.0903157 0.1317140 0.4499392 0.0333338 0.1433362 0.1016040 0.0221883 0.0549987 0.4631558 0.0181151 0.5224695 0.1444154 0.0932503 0.0465311 0.0455842 0.3147563 0.1707728 0.0392058 0.0942099 0.0972332 0.0214938 0.2986022 0.0582383 0.0802093 0.0240423 0.1302475 0.1422743 0.0996165 0.1332233 0.1123975 0.0786814 0.0903832 0.3298918 0.0971339 0.2031974 0.1709330 0.1082769 0.1378894 0.1106407 0.1296179 0.1343598 0.0785887 0.0111477 0.1186709 0.2621689 0.0328867 0.0875307 0.0990807 0.1337886 0.1937217 0.2299109 0.1378023 
Perityle_angustifolia_13_Eagle_creek       0.0841683 0.0765755 0.1090114 0.1935637 0.0977495 0.4907206 0.1380696 0.1855755 0.1608346 0.0927991 0.2164645 0.0922011 0.1334039 0.0350969 0.0000000 0.1181339 0.0836955 0.1068484 0.1384722 0.1055947 0.0223578 0.0781787 0.0081767 0.1049701 0.0740387 0.0165679 0.0922363 0.0582395 0.1618034 0.1080641 0.1514662 0.2280011 0.1368059 0.1110180 0.0241760 0.1333956 0.2845692 0.0272044 0.0975562 0.0926078 0.0176327 0.0284760 0.3083408 0.0154423 0.3442958 0.0944702 0.0208460 0.0519146 0.0522072 0.1247752 0.0224388 0.0248050 0.0280241 0.0639854 0.0208348 0.1349898 0.0565674 0.0792339 0.0158941 0.1153092 0.1078968 0.1012303 0.0808023 0.0973613 0.0228517 0.0987010 0.3396886 0.0968848 0.1232308 0.1431078 0.1238989 0.1017811 0.0953220 0.1280361 0.1235770 0.0970701 0.0200680 0.0980949 0.1281284 0.0270347 0.0241394 0.1014998 0.1237251 0.1333956 0.1246515 0.1104922 
Perityle_batopilensis_97                   0.1087886 0.1276481 0.2326672 0.2778913 0.1266414 0.5301689 0.3558508 0.1966230 0.2006019 0.1199447 0.1350476 0.0935604 0.0677107 0.0955871 0.1181339 0.0000000 0.1058673 0.2678773 0.2208493 0.1910372 0.1056914 0.1453068 0.0708573 0.0942781 0.0567590 0.0961432 0.1640754 0.1187921 0.1560058 0.1098110 0.1721008 0.2810802 0.2998195 0.1174952 0.0925341 0.1414698 0.4631016 0.0930495 0.1207807 0.1043597 0.0958366 0.1277921 0.4664677 0.1117507 0.4491423 0.1149667 0.1012121 0.0929883 0.0944585 0.2857012 0.2045090 0.1103844 0.0986032 0.1121441 0.0993350 0.3430532 0.1366145 0.1467580 0.0949025 0.0958271 0.1411657 0.1368524 0.1654242 0.1935096 0.0972233 0.1132727 0.3643542 0.1294530 0.1688863 0.2084636 0.0829851 0.0942781 0.1442130 0.0984715 0.0943836 0.0725456 0.1142576 0.1551079 0.2885915 0.1090158 0.0914798 0.1440259 0.0990040 0.1414698 0.2396748 0.1837034 
Perityle_bisetosa_9                        0.0685599 0.0729850 0.2318876 0.3163322 0.1321518 0.5059457 0.3300921 0.1958053 0.2118401 0.1177945 0.2330034 0.0741987 0.0688028 0.1205197 0.0836955 0.1058673 0.0000000 0.2932972 0.1699172 0.1475659 0.0637634 0.1732086 0.0622311 0.1577793 0.0291332 0.0991546 0.1828178 0.1480581 0.1875721 0.0768287 0.1241936 0.3490948 0.3103057 0.0877140 0.1206323 0.1749747 0.4579172 0.1035421 0.1589798 0.0605244 0.1153272 0.1236124 0.4633457 0.0660711 0.4569842 0.1562340 0.1224834 0.1325168 0.1328137 0.2517592 0.1640444 0.1149844 0.1263931 0.0949662 0.0664300 0.3356440 0.0936903 0.0912791 0.1101161 0.1687751 0.1495230 0.0953556 0.1515003 0.1135947 0.1280054 0.1573632 0.3338110 0.0912775 0.1819781 0.1925818 0.1186784 0.1524377 0.1385659 0.1739923 0.1764573 0.0805261 0.0631681 0.1293640 0.2725648 0.1278883 0.1107679 0.0898842 0.1715030 0.1903269 0.2353122 0.1235339 
Perityle_californica_76_positas            0.0631742 0.0973859 0.2664731 0.2674098 0.2673247 0.4231413 0.3486963 0.2228801 0.2409526 0.2449804 0.2889590 0.2825098 0.2462249 0.2712142 0.1068484 0.2678773 0.2932972 0.0000000 0.1953477 0.2535435 0.2036812 0.3161720 0.0929019 0.2688565 0.1624427 0.2611225 0.3377893 0.2239607 0.2854608 0.1005766 0.1397362 0.0716025 0.2902262 0.2260580 0.2743825 0.2809136 0.3235739 0.2338125 0.2801119 0.2340028 0.2652335 0.2533936 0.3402714 0.0749483 0.3162060 0.2744005 0.2638398 0.2688253 0.2687593 0.2676235 0.2965030 0.2538260 0.2638919 0.0646850 0.2307754 0.3120455 0.2116628 0.1872815 0.2709754 0.2671305 0.2735798 0.1292179 0.2721342 0.1403342 0.2609249 0.2862241 0.3329124 0.2446539 0.3321815 0.2362283 0.2836950 0.2667335 0.2736764 0.2761908 0.2688253 0.2784100 0.0834839 0.2681415 0.3053970 0.2747918 0.2711307 0.1491331 0.2757269 0.2949448 0.2483828 0.1467532 
Perityle_canescens_77                      0.0879272 0.1169886 0.1910946 0.2483845 0.1732184 0.5329161 0.2857643 0.2184337 0.1703051 0.2157747 0.1903531 0.2003839 0.1823092 0.1950641 0.1384722 0.2208493 0.1699172 0.1953477 0.0000000 0.1617733 0.1976420 0.1954968 0.1104957 0.1926568 0.1694329 0.1930959 0.2147859 0.1722892 0.2384760 0.1285052 0.1900928 0.1945941 0.1947692 0.2369150 0.2042120 0.2181673 0.1218449 0.1925719 0.2067189 0.1780045 0.2017855 0.2024643 0.1163778 0.0838858 0.1036773 0.2022988 0.1963743 0.1953036 0.1985130 0.0561798 0.1993036 0.1864050 0.2032978 0.0750659 0.1991440 0.2124567 0.2142993 0.2194308 0.1932671 0.1975043 0.1806044 0.1607266 0.2105573 0.1772138 0.1848861 0.2087533 0.3940198 0.2096475 0.2041179 0.2589540 0.1832263 0.1904750 0.1781472 0.2053641 0.1953036 0.1728026 0.1267723 0.1942105 0.1958717 0.2158394 0.2040462 0.1800888 0.1999358 0.2181673 0.1826662 0.1706305 
Perityle_castillonii_96                    0.0652758 0.0707646 0.2241603 0.2612760 0.2066541 0.5014917 0.2746332 0.2162203 0.2540129 0.1999656 0.2978985 0.1459509 0.1464388 0.2044089 0.1055947 0.1910372 0.1475659 0.2535435 0.1617733 0.0000000 0.1288317 0.2568353 0.0663787 0.2473321 0.0589414 0.2085986 0.2501688 0.1713135 0.2761677 0.0699082 0.1285180 0.3441574 0.2788072 0.1405021 0.2100377 0.2435790 0.4361761 0.1996268 0.2266830 0.1586116 0.2077218 0.2166802 0.4458930 0.0689238 0.4682439 0.2265696 0.2074156 0.2220573 0.2197286 0.2482631 0.2207079 0.1878927 0.2077634 0.1101491 0.1751545 0.2990660 0.1528539 0.1532899 0.1995021 0.2673301 0.2288616 0.1116132 0.2127859 0.1293268 0.2116950 0.2217712 0.3637938 0.1905644 0.2448885 0.2019921 0.1944937 0.2431773 0.1982558 0.2701856 0.2689863 0.1359342 0.0604779 0.2129338 0.2541673 0.2105516 0.2099660 0.1101425 0.2728554 0.2419453 0.2736155 0.1539339 
Perityle_cernua_84                         0.0720014 0.0833761 0.1344036 0.2270635 0.0944052 0.4834879 0.2462642 0.1893881 0.1495985 0.0880807 0.1098282 0.0852984 0.0733439 0.0192919 0.0223578 0.1056914 0.0637634 0.2036812 0.1976420 0.1288317 0.0000000 0.0179623 0.0283341 0.0177855 0.0632475 0.0125818 0.0823246 0.0547068 0.1359549 0.1089270 0.1434911 0.2176545 0.1894783 0.1072628 0.0227743 0.1236212 0.3112017 0.0270043 0.0870315 0.0809251 0.0166364 0.0298448 0.3153044 0.0129202 0.3109277 0.0819651 0.0222394 0.0162462 0.0178247 0.2041808 0.0255326 0.0237825 0.0253652 0.0506205 0.0177708 0.2102960 0.0550051 0.0741667 0.0167634 0.0148214 0.0935116 0.0999135 0.0890041 0.1066920 0.0214094 0.0836114 0.3144100 0.0986419 0.0987147 0.1450970 0.0721671 0.0162865 0.1086525 0.0237953 0.0193295 0.0641491 0.0134296 0.0883421 0.1826163 0.0246723 0.0258256 0.0944175 0.0208711 0.1236212 0.1449552 0.1362066 
Perityle_cfvillosa_25_tin                  0.0753085 0.0791389 0.3248682 0.3780276 0.2020942 0.5003770 0.3826268 0.2029409 0.3040462 0.1699470 0.2526958 0.1737970 0.1613164 0.1512694 0.0781787 0.1453068 0.1732086 0.3161720 0.1954968 0.2568353 0.0179623 0.0000000 0.0281231 0.1625631 0.0891012 0.0792704 0.2473859 0.1748638 0.2129240 0.1061212 0.1524259 0.3263159 0.3766313 0.1412056 0.1590744 0.2208865 0.5384913 0.0973177 0.2193100 0.1444622 0.1292732 0.1129263 0.4749887 0.0025573 0.5009134 0.2177455 0.1572678 0.1054396 0.1106620 0.3296344 0.1933576 0.1312884 0.1585478 0.1138925 0.0631530 0.3809998 0.0625912 0.0855482 0.1149907 0.0996310 0.2045396 0.0998898 0.1561467 0.1113197 0.1622557 0.2140025 0.3201575 0.0996181 0.2363411 0.1691829 0.1915908 0.1595310 0.1919135 0.1147898 0.1077696 0.1922787 0.0111274 0.1688904 0.3400445 0.1338615 0.1316375 0.0981193 0.1058522 0.2519314 0.2705995 0.1352124 
Perityle_cinerea_113_Powell1310            0.0816387 0.0577783 0.0687067 0.0856504 0.0817061 0.2249737 0.0669448 0.1225153 0.1121519 0.0798435 0.0971391 0.0755911 0.0750226 0.0200079 0.0081767 0.0708573 0.0622311 0.0929019 0.1104957 0.0663787 0.0283341 0.0281231 0.0000000 0.0240764 0.0551586 0.0243925 0.0797005 0.0382034 0.1062549 0.1010790 0.1074276 0.1237286 0.1117378 0.1069540 0.0322431 0.1043615 0.1365684 0.0240764 0.0883803 0.0981792 0.0281948 0.0240384 0.1172525 0.0159904 0.1228944 0.0928681 0.0240438 0.0240384 0.0281231 0.1227431 0.0240764 0.0240764 0.0323460 0.0510117 0.0282336 0.1155652 0.0410620 0.0645365 0.0240384 0.0240384 0.0928936 0.0733473 0.0621383 0.0510900 0.0322308 0.1015941 0.3288045 0.0660337 0.0931329 0.0844639 0.0668187 0.0200079 0.0846876 0.0281295 0.0280850 0.0576487 0.0123005 0.0707878 0.0888365 0.0281313 0.0281862 0.0957238 0.0365157 0.1043615 0.0783425 0.0916931 
Perityle_coahuilensis_24                   0.0687809 0.0766971 0.3213507 0.3319069 0.1702123 0.4863297 0.3176368 0.1941751 0.2493080 0.1218876 0.2345723 0.1271297 0.1612473 0.1405100 0.1049701 0.0942781 0.1577793 0.2688565 0.1926568 0.2473321 0.0177855 0.1625631 0.0240764 0.0000000 0.0717549 0.0227619 0.2753002 0.1211460 0.1273383 0.1014368 0.1472060 0.3485449 0.3940067 0.1194745 0.1223270 0.1979616 0.5181792 0.0816795 0.1835177 0.1168616 0.0230370 0.1071904 0.4782505 0.0102776 0.5338483 0.1743798 0.1208805 0.0472258 0.0470777 0.3834432 0.2154728 0.0843654 0.1229892 0.1896647 0.0537674 0.3602187 0.0563882 0.0781208 0.0287696 0.1320454 0.2002696 0.0948557 0.1401264 0.1090554 0.1026601 0.1169157 0.3408554 0.0941615 0.2963774 0.1680219 0.1317689 0.0076721 0.1231552 0.1249496 0.1395261 0.1033567 0.0088852 0.1524364 0.3399421 0.0340294 0.1331444 0.0963957 0.1539432 0.2327305 0.2318662 0.1355973 
Perityle_cochisensis_44_cave_creek         0.0713657 0.0686961 0.1115505 0.2119722 0.0708194 0.5107650 0.2341524 0.1806483 0.1498113 0.0881359 0.1426303 0.0407721 0.0345057 0.0637251 0.0740387 0.0567590 0.0291332 0.1624427 0.1694329 0.0589414 0.0632475 0.0891012 0.0551586 0.0717549 0.0000000 0.0636384 0.1032664 0.0867416 0.1437650 0.0766648 0.1285035 0.1948299 0.1484529 0.0821956 0.0683028 0.1177864 0.3276076 0.0642034 0.0861593 0.0406031 0.0634577 0.0748410 0.3400663 0.0660815 0.3422118 0.0845187 0.0619748 0.0883283 0.0932836 0.1616555 0.0706176 0.0633673 0.0700720 0.0748151 0.0677363 0.1763236 0.0853226 0.0951850 0.0647325 0.0916442 0.0872421 0.0973192 0.0851978 0.1193206 0.0624344 0.0923646 0.3637938 0.0872429 0.1024653 0.1905063 0.0467741 0.0701516 0.0982926 0.0997382 0.0945003 0.0289791 0.0677966 0.0942923 0.1542730 0.0718582 0.0666562 0.0993663 0.0951459 0.1177864 0.1652739 0.1339383 
Perityle_congesta_202                      0.0761379 0.0798499 0.2385551 0.2635739 0.1044753 0.4596518 0.3200800 0.1901203 0.1819932 0.0871393 0.1091222 0.0897369 0.0805536 0.0253469 0.0165679 0.0961432 0.0991546 0.2611225 0.1930959 0.2085986 0.0125818 0.0792704 0.0243925 0.0227619 0.0636384 0.0000000 0.1172586 0.0560654 0.1061106 0.1046098 0.1435984 0.2632088 0.2854726 0.1074375 0.0204964 0.1247559 0.3821060 0.0255668 0.0888638 0.1079375 0.0092951 0.0532936 0.3998209 0.0028178 0.3936600 0.0845435 0.0253138 0.0024881 0.0037365 0.2816583 0.1329912 0.0280694 0.0240744 0.0480771 0.0154934 0.3090448 0.0589610 0.0793453 0.0037342 0.0074866 0.1119096 0.0983351 0.1332167 0.1114916 0.0245829 0.0801520 0.3097690 0.0956817 0.1427848 0.1636191 0.0743650 0.0214941 0.1142737 0.0112607 0.0037338 0.0635195 0.0067148 0.1161653 0.2724333 0.0304161 0.0225681 0.0908391 0.0075068 0.1242701 0.2239489 0.1313448 
Perityle_cordifolia_27                     0.0808653 0.1026676 0.3110759 0.3334322 0.1395518 0.5482469 0.3921667 0.2390733 0.2758503 0.1335058 0.2751800 0.1642311 0.1805617 0.1961382 0.0922363 0.1640754 0.1828178 0.3377893 0.2147859 0.2501688 0.0823246 0.2473859 0.0797005 0.2753002 0.1032664 0.1172586 0.0000000 0.2003523 0.2260378 0.1091636 0.1341169 0.3702794 0.3412695 0.1413232 0.1860864 0.1627829 0.5451075 0.0995726 0.2308831 0.1334467 0.1875526 0.1263844 0.5060816 0.0460829 0.5496729 0.2503581 0.1892219 0.1960848 0.1953407 0.2918878 0.1863701 0.1156965 0.1763134 0.0128978 0.0852697 0.3356462 0.1082028 0.0427560 0.1810206 0.3116626 0.1629105 0.1317264 0.1735395 0.0727482 0.1709643 0.2099607 0.2839458 0.1428420 0.2650376 0.2338598 0.1991911 0.3039467 0.1465357 0.2652456 0.2727777 0.1997114 0.0845426 0.1711088 0.2798922 0.2001901 0.1691243 0.1353234 0.2851841 0.2292994 0.2653582 0.1162164 
Perityle_cordifolia_68_tecolote            0.0722629 0.0729128 0.2411946 0.2676882 0.1199117 0.4960152 0.2953339 0.2022268 0.2420382 0.1004688 0.1723901 0.1271448 0.1067266 0.1195705 0.0582395 0.1187921 0.1480581 0.2239607 0.1722892 0.1713135 0.0547068 0.1748638 0.0382034 0.1211460 0.0867416 0.0560654 0.2003523 0.0000000 0.1459164 0.1066752 0.1435970 0.2354196 0.2714895 0.1202479 0.0741257 0.1426379 0.4358120 0.0622097 0.1100065 0.1303787 0.0607551 0.0834030 0.4158328 0.0449579 0.4400764 0.1068615 0.0755965 0.0765180 0.0790263 0.2119587 0.1733187 0.0726621 0.0774546 0.0661753 0.0666565 0.2549979 0.0485940 0.0983854 0.0576170 0.0961277 0.1316999 0.1091347 0.1486622 0.1069990 0.0868550 0.1014288 0.3132487 0.1077909 0.2316038 0.1944469 0.0988064 0.1170045 0.1298714 0.1028671 0.0969221 0.0894517 0.0390363 0.1484305 0.2812290 0.0674878 0.0818231 0.1040923 0.1024514 0.1559953 0.2292574 0.1317269 
Perityle_coronopifolia_28_patagonia        0.0968125 0.1491890 0.3369221 0.3158792 0.1609700 0.5065049 0.3545961 0.2333365 0.2183940 0.1557040 0.1677170 0.1555121 0.1483970 0.1272621 0.1618034 0.1560058 0.1875721 0.2854608 0.2384760 0.2761677 0.1359549 0.2129240 0.1062549 0.1273383 0.1437650 0.1061106 0.2260378 0.1459164 0.0000000 0.1401631 0.1740878 0.3247445 0.4064041 0.1648504 0.1169836 0.1839880 0.4397265 0.1342962 0.0812321 0.1736873 0.0815029 0.1699166 0.4487715 0.1796307 0.4414418 0.0761472 0.1298868 0.1196734 0.1224227 0.3433928 0.2530243 0.1446692 0.1273420 0.1600244 0.1355019 0.3791089 0.1028325 0.1202590 0.1101913 0.1230391 0.1583555 0.0988317 0.1850058 0.1490846 0.1277768 0.0550932 0.3336281 0.1616391 0.2361989 0.2239163 0.1389474 0.1246165 0.1872596 0.1280326 0.1257932 0.1251186 0.0896852 0.1908219 0.3730980 0.0966986 0.1254762 0.0259997 0.1287735 0.1819149 0.2968903 0.1050840 
Perityle_crassifolia_70_ventanas           0.1074378 0.0965815 0.1122580 0.1646110 0.0981163 0.5168196 0.1266171 0.1554288 0.1524975 0.1090875 0.1008422 0.0989398 0.0853414 0.1062323 0.1080641 0.1098110 0.0768287 0.1005766 0.1285052 0.0699082 0.1089270 0.1061212 0.1010790 0.1014368 0.0766648 0.1046098 0.1091636 0.1066752 0.1401631 0.0000000 0.0472937 0.1319187 0.1271462 0.0289737 0.1136222 0.1242030 0.2116659 0.1068448 0.1155763 0.1085691 0.1030424 0.1105993 0.2065530 0.1200550 0.1991493 0.1108502 0.1082076 0.1037923 0.1061812 0.1120580 0.1115390 0.1015907 0.1108869 0.1044032 0.1063153 0.1079733 0.1181787 0.1120738 0.1037923 0.1061212 0.1090592 0.1335543 0.1086823 0.1312302 0.1083193 0.1154350 0.4307797 0.0967786 0.1047089 0.1757350 0.0944194 0.0991235 0.1064437 0.1083633 0.1060403 0.0813980 0.1050145 0.0879399 0.1143527 0.1087785 0.1086799 0.1263854 0.1134729 0.1242030 0.1079191 0.1214885 
Perityle_crassifolia_74_playa_balandra     0.1685002 0.1516039 0.2002600 0.1712307 0.1582190 0.3686441 0.1368556 0.1162034 0.1647590 0.1570842 0.1419086 0.1622404 0.1516684 0.1425088 0.1514662 0.1721008 0.1241936 0.1397362 0.1900928 0.1285180 0.1434911 0.1524259 0.1074276 0.1472060 0.1285035 0.1435984 0.1341169 0.1435970 0.1740878 0.0472937 0.0000000 0.1620333 0.2069881 0.0605724 0.1549666 0.1873106 0.1926897 0.1385557 0.1754283 0.1729691 0.1524782 0.1524287 0.1671729 0.1702990 0.1685625 0.1748041 0.1571944 0.1524259 0.1577676 0.1640705 0.1443603 0.1373080 0.1475546 0.1341169 0.1530168 0.1513844 0.1539662 0.1425318 0.1524259 0.1524259 0.1478672 0.1780315 0.1431256 0.1449091 0.1520269 0.1742435 0.1333095 0.1479501 0.1748316 0.1632739 0.1523014 0.1421273 0.1538760 0.1570299 0.1573164 0.1285616 0.1469241 0.1532501 0.1560273 0.1425466 0.1495354 0.1890250 0.1632024 0.1873106 0.1386626 0.1784063 
Perityle_cuneata_34_cuneata_San_antonio    0.0709871 0.1109484 0.2979685 0.3765720 0.3430676 0.6009093 0.3465792 0.2693245 0.2940036 0.3046832 0.3694265 0.3239814 0.3478395 0.3481509 0.2280011 0.2810802 0.3490948 0.0716025 0.1945941 0.3441574 0.2176545 0.3263159 0.1237286 0.3485449 0.1948299 0.2632088 0.3702794 0.2354196 0.3247445 0.1319187 0.1620333 0.0000000 0.3602437 0.2657514 0.3436308 0.3652898 0.4540058 0.3230752 0.3607315 0.2747615 0.2672224 0.3436472 0.4755561 0.0883098 0.5213368 0.3536385 0.3395101 0.2833745 0.2809789 0.3500813 0.3758685 0.3108575 0.3345592 0.2334236 0.2881062 0.3866907 0.2370699 0.2021623 0.2615392 0.3762669 0.3734770 0.1456343 0.2670142 0.1586126 0.3361657 0.3285017 0.2413563 0.2632331 0.3844961 0.2394397 0.3170450 0.3441491 0.2922073 0.3803814 0.3741678 0.3344828 0.1229152 0.3296153 0.3570250 0.2762106 0.3465646 0.1741804 0.3865825 0.3794728 0.2410120 0.1715471 
Perityle_cuneata_4                         0.0816149 0.0998890 0.2987198 0.3546942 0.2625130 0.5467805 0.4404288 0.2879105 0.3693887 0.2535522 0.4229983 0.2887297 0.3056497 0.3213001 0.1368059 0.2998195 0.3103057 0.2902262 0.1947692 0.2788072 0.1894783 0.3766313 0.1117378 0.3940067 0.1484529 0.2854726 0.3412695 0.2714895 0.4064041 0.1271462 0.2069881 0.3602437 0.0000000 0.2150179 0.2832622 0.2747281 0.5387898 0.2357431 0.3050574 0.2568704 0.3186798 0.2734252 0.5285227 0.1069396 0.5924493 0.3099173 0.2822203 0.3399657 0.3386053 0.2656884 0.2927582 0.2629867 0.2807166 0.1084935 0.2222435 0.3507553 0.2223283 0.1987211 0.3160333 0.3923663 0.2942060 0.1393912 0.3250775 0.1846903 0.2800848 0.3340542 0.3013508 0.2405158 0.3276506 0.2607614 0.3461761 0.3838515 0.2642205 0.4005317 0.3972467 0.3287744 0.1080578 0.2829467 0.2823411 0.3321291 0.2837213 0.1499044 0.4030563 0.3045963 0.3086321 0.1688181 
Perityle_discoidea_81                      0.1007950 0.0928955 0.1665848 0.2270997 0.1166012 0.5130276 0.3198637 0.1871975 0.1664511 0.1172300 0.1817813 0.1026772 0.0918104 0.1040140 0.1110180 0.1174952 0.0877140 0.2260580 0.2369150 0.1405021 0.1072628 0.1412056 0.1069540 0.1194745 0.0821956 0.1074375 0.1413232 0.1202479 0.1648504 0.0289737 0.0605724 0.2657514 0.2150179 0.0000000 0.1072707 0.1495555 0.4276210 0.1079717 0.1222268 0.1073798 0.1051156 0.1081793 0.4313979 0.1181163 0.4366573 0.1189839 0.1054573 0.1389797 0.1348492 0.2371248 0.1125425 0.1040800 0.1057370 0.1045091 0.1091150 0.2461409 0.1324761 0.1425482 0.1068302 0.1384220 0.1178997 0.1435951 0.1249465 0.1709911 0.1039112 0.1203995 0.3891488 0.1106675 0.1222727 0.2301113 0.1182240 0.1179114 0.1343788 0.1466421 0.1404122 0.0881153 0.1134782 0.1173940 0.2066172 0.1148806 0.1089134 0.1405785 0.1452198 0.1495555 0.2026936 0.1623235 
Perityle_dissecta_201                      0.0779900 0.0811399 0.2454976 0.2874294 0.1011753 0.4889541 0.3220775 0.2146329 0.2256329 0.0856979 0.1928854 0.0944090 0.1175681 0.0903157 0.0241760 0.0925341 0.1206323 0.2743825 0.2042120 0.2100377 0.0227743 0.1590744 0.0322431 0.1223270 0.0683028 0.0204964 0.1860864 0.0741257 0.1169836 0.1136222 0.1549666 0.3436308 0.2832622 0.1072707 0.0000000 0.1329026 0.4688755 0.0281062 0.0897147 0.1062589 0.0205518 0.0523525 0.4757448 0.0213825 0.5055968 0.0880610 0.0288267 0.0434494 0.0425569 0.2581197 0.1106868 0.0375112 0.0279195 0.0697571 0.0169353 0.3033947 0.0613843 0.0864969 0.0234466 0.1338091 0.1199170 0.0978280 0.1381523 0.1160115 0.0325513 0.0804990 0.3505185 0.0974538 0.2111539 0.1679738 0.1050597 0.1328521 0.1096383 0.1065878 0.1222582 0.0726383 0.0183422 0.1222145 0.2666863 0.0298211 0.0296064 0.0942831 0.1435673 0.1440549 0.2353770 0.1368189 
Perityle_emoryi_47_punta_san_jose          0.0731067 0.1151577 0.2518549 0.2838814 0.1118263 0.5270851 0.3711871 0.2357031 0.2254888 0.1305435 0.2056769 0.1499962 0.1625986 0.1317140 0.1333956 0.1414698 0.1749747 0.2809136 0.2181673 0.2435790 0.1236212 0.2208865 0.1043615 0.1979616 0.1177864 0.1247559 0.1627829 0.1426379 0.1839880 0.1242030 0.1873106 0.3652898 0.2747281 0.1495555 0.1329026 0.0000000 0.4909666 0.1281494 0.1534609 0.1506184 0.1246963 0.1555757 0.5128607 0.1028436 0.5483141 0.1509086 0.1341906 0.1534062 0.1468348 0.2719857 0.2217315 0.1343695 0.1331803 0.1139269 0.1267084 0.3338012 0.1342077 0.1348325 0.1257124 0.2009833 0.1353612 0.1364493 0.1754584 0.1776697 0.1296236 0.1496992 0.3314371 0.1275951 0.1905109 0.2240024 0.1687585 0.1979958 0.0518582 0.2029472 0.2054086 0.1484232 0.1040046 0.1712248 0.2669792 0.1397484 0.1356492 0.1490217 0.2071286 0.0000010 0.2648409 0.1637545 
Perityle_feddemae_99                       0.0927570 0.2196461 0.5521629 0.3992753 0.4706260 0.6105322 0.4318935 0.2835665 0.4920491 0.4875770 0.5774111 0.4801018 0.4446705 0.4499392 0.2845692 0.4631016 0.4579172 0.3235739 0.1218449 0.4361761 0.3112017 0.5384913 0.1365684 0.5181792 0.3276076 0.3821060 0.5451075 0.4358120 0.4397265 0.2116659 0.1926897 0.4540058 0.5387898 0.4276210 0.4688755 0.4909666 0.0000000 0.4183011 0.4824914 0.4268521 0.4509006 0.4558546 0.1384678 0.2394116 0.1328723 0.5055058 0.4538095 0.5132133 0.5284612 0.2531206 0.4639891 0.4258785 0.4664430 0.2476444 0.4004148 0.5381451 0.2551792 0.2179241 0.4595628 0.5196707 0.4710132 0.1789157 0.4304500 0.1727022 0.5154361 0.4947716 0.4026621 0.4170113 0.6198253 0.2888381 0.4764002 0.5240436 0.4443610 0.5414515 0.5049960 0.4665881 0.1202640 0.4961986 0.5202714 0.4171654 0.4332702 0.1822702 0.4817631 0.5379925 0.3989518 0.2344063 
Perityle_fosteri_93                        0.0756023 0.0772473 0.2029878 0.2406982 0.1020190 0.4719792 0.3074041 0.1926435 0.1629342 0.0812652 0.1888200 0.0833133 0.1040047 0.0333338 0.0272044 0.0930495 0.1035421 0.2338125 0.1925719 0.1996268 0.0270043 0.0973177 0.0240764 0.0816795 0.0642034 0.0255668 0.0995726 0.0622097 0.1342962 0.1068448 0.1385557 0.3230752 0.2357431 0.1079717 0.0281062 0.1281494 0.4183011 0.0000000 0.0867206 0.0961202 0.0256530 0.0507748 0.4442863 0.0156017 0.4706688 0.0842016 0.0253635 0.0527281 0.0516757 0.2475521 0.0956792 0.0352697 0.0277065 0.0575057 0.0191773 0.2838534 0.0642812 0.0873771 0.0274567 0.0931596 0.1123778 0.0908059 0.1094717 0.1137229 0.0293182 0.0905058 0.3201575 0.0979811 0.1332114 0.1539475 0.1057673 0.0792788 0.1070748 0.1029736 0.0957692 0.0819214 0.0225525 0.1145127 0.2357361 0.0348747 0.0263654 0.1075998 0.0996342 0.1281494 0.2171882 0.1385164 
Perityle_gamon_221                         0.0971935 0.0976832 0.2612905 0.3193519 0.1202855 0.4950267 0.3330994 0.2079862 0.2391338 0.1155803 0.2211314 0.1236718 0.1414048 0.1433362 0.0975562 0.1207807 0.1589798 0.2801119 0.2067189 0.2266830 0.0870315 0.2193100 0.0883803 0.1835177 0.0861593 0.0888638 0.2308831 0.1100065 0.0812321 0.1155763 0.1754283 0.3607315 0.3050574 0.1222268 0.0897147 0.1534609 0.4824914 0.0867206 0.0000000 0.1265593 0.0791843 0.1207611 0.4705676 0.0906723 0.4985797 0.0094510 0.0969815 0.1027895 0.1019922 0.2539468 0.1834460 0.0979325 0.0914978 0.0965356 0.0837058 0.3084166 0.1113280 0.1206504 0.0818009 0.2213656 0.1043513 0.0922927 0.1602138 0.1434640 0.0890711 0.0455640 0.3088628 0.1206931 0.2122648 0.2277283 0.1318640 0.2061813 0.1413997 0.1709865 0.1878375 0.1009670 0.0873577 0.1553643 0.2925470 0.0920274 0.0996313 0.0348843 0.2119348 0.1540908 0.2609558 0.0928795 
Perityle_gentryi_8_san_francisco           0.0782174 0.0880021 0.1974860 0.2399620 0.1104771 0.5174173 0.3106918 0.1951000 0.2043224 0.1218439 0.1841794 0.0894084 0.0766397 0.1016040 0.0926078 0.1043597 0.0605244 0.2340028 0.1780045 0.1586116 0.0809251 0.1444622 0.0981792 0.1168616 0.0406031 0.1079375 0.1334467 0.1303787 0.1736873 0.1085691 0.1729691 0.2747615 0.2568704 0.1073798 0.1062589 0.1506184 0.4268521 0.0961202 0.1265593 0.0000000 0.1079273 0.1241590 0.4367359 0.0798751 0.4355863 0.1264931 0.1043729 0.1302052 0.1292619 0.2391908 0.1552827 0.1081742 0.1045058 0.0766666 0.0824341 0.3042283 0.1053540 0.0920813 0.1074653 0.1359792 0.1332083 0.1159596 0.1356778 0.1087018 0.1035207 0.1335934 0.3701042 0.1069121 0.1395144 0.2237797 0.1093956 0.1168616 0.1325478 0.1430278 0.1355229 0.0727845 0.0929139 0.1338752 0.2348170 0.1148537 0.0814302 0.1111066 0.1407059 0.1506184 0.2248290 0.1345349 
Perityle_gilensis_22_Superstition          0.0768896 0.0858474 0.2860852 0.2983747 0.1038066 0.4147893 0.3157595 0.1957398 0.2317791 0.0889121 0.1186176 0.0982308 0.0790352 0.0221883 0.0176327 0.0958366 0.1153272 0.2652335 0.2017855 0.2077218 0.0166364 0.1292732 0.0281948 0.0230370 0.0634577 0.0092951 0.1875526 0.0607551 0.0815029 0.1030424 0.1524782 0.2672224 0.3186798 0.1051156 0.0205518 0.1246963 0.4509006 0.0256530 0.0791843 0.1079273 0.0000000 0.0534827 0.3886521 0.0127307 0.3771241 0.0744699 0.0237801 0.0124321 0.0134814 0.2928432 0.1425484 0.0282599 0.0252289 0.0495054 0.0164624 0.3259505 0.0608096 0.0751940 0.0152015 0.0145356 0.1149557 0.0965573 0.1356304 0.1145998 0.0268114 0.0736187 0.3298918 0.0984477 0.2254484 0.1687389 0.0738225 0.0210166 0.1155269 0.0176555 0.0153532 0.0546177 0.0112959 0.1138956 0.3060398 0.0311786 0.0222357 0.0933205 0.0157754 0.1256056 0.2312497 0.1314015 
Perityle_gilensis_salensis_225             0.0813911 0.0808653 0.2075471 0.2707306 0.1257953 0.4850624 0.3390549 0.2039537 0.2052241 0.1091723 0.2166150 0.1101688 0.1219086 0.0549987 0.0284760 0.1277921 0.1236124 0.2533936 0.2024643 0.2166802 0.0298448 0.1129263 0.0240384 0.1071904 0.0748410 0.0532936 0.1263844 0.0834030 0.1699166 0.1105993 0.1524287 0.3436472 0.2734252 0.1081793 0.0523525 0.1555757 0.4558546 0.0507748 0.1207611 0.1241590 0.0534827 0.0000000 0.4598830 0.0232967 0.4725834 0.1181131 0.0515438 0.0782791 0.0772997 0.2578551 0.0963100 0.0575800 0.0539772 0.0656674 0.0363133 0.3082856 0.0691989 0.0922612 0.0516053 0.1165831 0.1294771 0.1087284 0.1342974 0.1179763 0.0526874 0.1217407 0.3298918 0.1079955 0.1602525 0.1791146 0.1334268 0.1047257 0.1328720 0.1266279 0.1192935 0.1071507 0.0201199 0.1439123 0.2806143 0.0638189 0.0523569 0.1106478 0.1232926 0.1555757 0.2379142 0.1438460 
Perityle_glaucescens_94                    0.1055307 0.2252773 0.5398678 0.4336437 0.4954374 0.6113001 0.4286860 0.2818025 0.4585925 0.5160422 0.5354868 0.4790711 0.4718564 0.4631558 0.3083408 0.4664677 0.4633457 0.3402714 0.1163778 0.4458930 0.3153044 0.4749887 0.1172525 0.4782505 0.3400663 0.3998209 0.5060816 0.4158328 0.4487715 0.2065530 0.1671729 0.4755561 0.5285227 0.4313979 0.4757448 0.5128607 0.1384678 0.4442863 0.4705676 0.4367359 0.3886521 0.4598830 0.0000000 0.2662826 0.0754257 0.4717804 0.4717979 0.4678413 0.4618900 0.2330627 0.5019354 0.4602202 0.4812740 0.2769070 0.4099002 0.5408957 0.2575265 0.2204347 0.4263401 0.4894100 0.4722878 0.1844611 0.4460893 0.1734003 0.4700052 0.4727919 0.3770327 0.4224204 0.5294402 0.2869015 0.4895429 0.4765900 0.4585442 0.5027856 0.4943666 0.4647665 0.1181234 0.4898129 0.5343526 0.4023367 0.4547052 0.1857974 0.5003080 0.5187965 0.4272144 0.2274668 
Perityle_gracilis_11                       0.0746186 0.0654343 0.0770906 0.1439012 0.0715299 0.8151239 0.0484081 0.1194716 0.1307495 0.0706179 0.0656059 0.0947416 0.0772241 0.0181151 0.0154423 0.1117507 0.0660711 0.0749483 0.0838858 0.0689238 0.0129202 0.0025573 0.0159904 0.0102776 0.0660815 0.0028178 0.0460829 0.0449579 0.1796307 0.1200550 0.1702990 0.0883098 0.1069396 0.1181163 0.0213825 0.1028436 0.2394116 0.0156017 0.0906723 0.0798751 0.0127307 0.0232967 0.2662826 0.0000000 0.2569787 0.0819261 0.0154879 0.0051186 0.0077044 0.0731793 0.0235535 0.0128948 0.0181205 0.0377573 0.0155112 0.0960661 0.0519242 0.0364042 0.0026870 0.0051238 0.0648652 0.1050374 0.0634001 0.0350234 0.0128712 0.0730965 0.0670721 0.0877243 0.0906977 0.0567946 0.0772282 0.0102776 0.0720873 0.0233357 0.0051311 0.0780316 0.0145651 0.0819108 0.0671162 0.0218501 0.0186051 0.0876179 0.0077044 0.1028436 0.0897967 0.0934929 
