86
Amauria_brandeegeana_62                    0.0000000 0.0552090 0.0646648 0.1389841 0.0723845 0.0676694 0.1221273 0.2260240 0.2176828 0.0827199 0.0909127 0.0657709 0.2459690 0.2408634 0.2006386 0.0726489 0.1572820 0.1060311 0.2706812 0.0715857 0.1899869 0.0801746 0.2064320 0.2489888 0.0758958 0.0799040 0.0753361 0.0773829 0.3107882 0.2494031 0.0673995 0.1048847 0.4370228 0.0666848 0.0797864 0.2524878 0.1186162 0.2375170 0.0994756 0.1616643 0.0752890 0.2506344 0.1202012 0.0733269 0.1163484 0.1020797 0.0862128 0.0738740 0.0750133 0.1173038 0.0755313 0.2254187 0.0702905 0.2492645 0.2413176 0.0992922 0.1676256 0.1784370 0.0774052 0.0750840 0.0944936 0.1356421 0.0796165 0.0713882 0.0748016 0.0921465 0.1997370 0.0951493 0.0832976 0.1071171 0.0790046 0.2475303 0.2332951 0.2285891 0.2429154 0.0769933 0.0697945 0.0915791 0.1136657 0.2420291 0.0676726 0.0701412 0.0784520 0.2594592 0.0649341 0.1713684 
Amauria_carterae_99_mesa                   0.0552090 0.0000000 0.0675986 0.1411914 0.0854644 0.0734868 0.1077746 0.2224454 0.2133010 0.0885289 0.0802217 0.0640316 0.1958133 0.1896233 0.1894179 0.0711946 0.1486360 0.1067583 0.2366514 0.0714842 0.1869328 0.0713378 0.1744926 0.2026457 0.0713537 0.0735689 0.0686812 0.0696126 0.2556256 0.1093281 0.0882922 0.1079494 0.3503346 0.0881121 0.0736385 0.2032551 0.1206016 0.1917552 0.0916906 0.0694068 0.0733832 0.2053159 0.1166439 0.0658920 0.1105179 0.0892385 0.0696053 0.0714701 0.0695612 0.1147119 0.0787706 0.1906541 0.0676749 0.2101360 0.1890961 0.0990232 0.1888452 0.1900596 0.0659034 0.0713750 0.1104790 0.1312678 0.0794068 0.0694518 0.0712025 0.0785156 0.1931128 0.0922344 0.0931861 0.1120122 0.0731562 0.2005750 0.2219621 0.1828589 0.1913617 0.0754396 0.0676061 0.0872510 0.1066711 0.1931260 0.0659103 0.0667758 0.0695612 0.2032551 0.0654578 0.1795198 
Amauria_rotundifolia_SRR9119150            0.0646648 0.0675986 0.0000000 0.1145675 0.0541366 0.0498722 0.1089901 0.2021112 0.1980485 0.0810878 0.1034247 0.0408292 0.2392465 0.2446309 0.1816023 0.0485279 0.1334111 0.1035966 0.2527511 0.0470153 0.1680638 0.0499970 0.1716720 0.2768427 0.0453844 0.0517881 0.0699867 0.0606326 0.3551597 0.3182178 0.0803231 0.1033441 0.4147771 0.0719411 0.0507456 0.2376530 0.1270965 0.2316209 0.1401138 0.2078084 0.0460399 0.2693957 0.1492634 0.0428708 0.1083734 0.1423735 0.0640344 0.0510125 0.0519413 0.1318652 0.0467498 0.2079413 0.0469193 0.2377442 0.2259400 0.0902953 0.1653289 0.1635071 0.0548188 0.0469065 0.0979389 0.1415424 0.0769795 0.0483968 0.0463256 0.1046887 0.2187627 0.0869173 0.1062275 0.0558599 0.0481622 0.2768427 0.2186006 0.2140605 0.2268601 0.0468638 0.0370692 0.0791548 0.1249372 0.2737713 0.0400426 0.0663732 0.0538186 0.3011911 0.0376123 0.1577328 
Conoclinium_coelestinum_SRR9119114         0.1389841 0.1411914 0.1145675 0.0000000 0.1217803 0.1475551 0.0497476 0.2777416 0.2497113 0.1344932 0.1169393 0.1201380 0.2427769 0.2391622 0.2394606 0.1300113 0.1894159 0.1649882 0.2851894 0.1273408 0.2283266 0.1302069 0.2544511 0.2492020 0.1290827 0.1191804 0.1269142 0.1270680 0.3050766 0.2947192 0.1442835 0.1663509 0.4987198 0.1351987 0.1193545 0.2670459 0.1626768 0.2426052 0.1532316 0.2064430 0.1231736 0.2527746 0.1518438 0.1356340 0.1580276 0.1486894 0.1298241 0.1274436 0.1258138 0.1548027 0.1290291 0.2528031 0.1227773 0.2656763 0.2413303 0.1542276 0.2148985 0.2163201 0.1199178 0.1243916 0.1854731 0.2077250 0.1576354 0.1544724 0.1226966 0.1445044 0.2213490 0.1495486 0.1474531 0.1418452 0.1228635 0.2476032 0.2847479 0.2407330 0.2483682 0.1277116 0.1290708 0.1427574 0.1558536 0.2460233 0.1218079 0.1410368 0.1257473 0.2525565 0.1304834 0.2248348 
Eutetras_palmeri_63                        0.0723845 0.0854644 0.0541366 0.1217803 0.0000000 0.0272906 0.1101340 0.1986700 0.1948163 0.0794522 0.0705639 0.0516737 0.2346485 0.2396732 0.1752656 0.0609934 0.1470027 0.1007851 0.2523715 0.0542920 0.1710870 0.0572633 0.1686512 0.2636636 0.0629589 0.0625358 0.0501846 0.0652086 0.3349404 0.2959689 0.0747296 0.0749399 0.4193094 0.0822797 0.0618458 0.2373974 0.1205570 0.2278603 0.1133816 0.2049361 0.0550002 0.2682321 0.1098969 0.0578920 0.0922729 0.1121512 0.0673979 0.0567655 0.0556551 0.1059381 0.0578560 0.2013147 0.0578598 0.2452241 0.2143155 0.0799536 0.1607720 0.1657476 0.0598764 0.0536986 0.0714091 0.1412082 0.0813523 0.0531477 0.0567934 0.1037119 0.2263113 0.0553688 0.0653248 0.0787478 0.0544529 0.2622708 0.2305523 0.2113496 0.2277913 0.0589315 0.0370527 0.0442126 0.1040835 0.2546736 0.0532351 0.0716934 0.0608948 0.2948011 0.0411568 0.1607172 
Eutetras_pringlei_149_quer                 0.0676694 0.0734868 0.0498722 0.1475551 0.0272906 0.0000000 0.1223251 0.1962739 0.1869816 0.0553026 0.0749582 0.0353008 0.1173449 0.1202358 0.1138484 0.0409095 0.0997947 0.1020527 0.1773968 0.0409410 0.1206497 0.0379894 0.1125696 0.1327496 0.0408461 0.0465574 0.0355918 0.0493994 0.1955617 0.0614688 0.0980392 0.0959184 0.2401677 0.0887298 0.0464830 0.1283441 0.0845750 0.1334971 0.0907020 0.0380352 0.0465219 0.1332512 0.0936186 0.0324934 0.0875811 0.0903913 0.0437614 0.0297174 0.0352474 0.0816640 0.0324934 0.1138732 0.0380928 0.1416433 0.1076018 0.0971126 0.1196281 0.1388004 0.0380726 0.0380196 0.0875695 0.1360801 0.1026489 0.0381047 0.0380820 0.0872829 0.1386336 0.0758958 0.0882531 0.0584364 0.0493434 0.1296833 0.1532017 0.1112175 0.1270430 0.0523511 0.0380726 0.0723723 0.0931968 0.1171486 0.0353151 0.0874368 0.0352474 0.1283441 0.0352718 0.1674100 
Eutrochium_fistulosum_SRR9119106           0.1221273 0.1077746 0.1089901 0.0497476 0.1101340 0.1223251 0.0000000 0.2475424 0.2399110 0.1274389 0.1157646 0.1165220 0.2228486 0.2216353 0.2205565 0.1298102 0.1710444 0.1626838 0.2786217 0.1245749 0.1961264 0.1288303 0.2336182 0.2277417 0.1243717 0.1171255 0.1192242 0.1285472 0.2979478 0.2371852 0.1130187 0.1550120 0.4745936 0.1087697 0.1228784 0.2705275 0.1574259 0.2191170 0.1452992 0.1763584 0.1118973 0.2311589 0.1491651 0.1063518 0.1528536 0.1441393 0.1217260 0.1260656 0.1247155 0.1499943 0.1101536 0.2339029 0.1204550 0.2612941 0.2246422 0.1535037 0.1821979 0.1953672 0.1181276 0.1273877 0.1641267 0.1824799 0.1223800 0.1251780 0.1202706 0.1339359 0.1923018 0.1423609 0.1356342 0.1421384 0.0982229 0.2261987 0.2657919 0.2190954 0.2263622 0.1217861 0.1035534 0.1316670 0.1554173 0.2241099 0.1177987 0.1106601 0.1233586 0.2517064 0.1020538 0.1985940 
Galeana_pratensis_104_mex                  0.2260240 0.2224454 0.2021112 0.2777416 0.1986700 0.1962739 0.2475424 0.0000000 0.2999630 0.2073752 0.2233841 0.1873741 0.2574418 0.2431038 0.2462939 0.1816648 0.2472252 0.2167099 0.2767855 0.1908663 0.2536482 0.1900278 0.3120185 0.2563688 0.1935496 0.1874033 0.1864993 0.2131371 0.2879051 0.2125333 0.2056301 0.2220945 0.4342854 0.2006378 0.1938692 0.2671035 0.2407384 0.2520213 0.2214984 0.1786500 0.1967049 0.2605469 0.2480384 0.1845674 0.2339235 0.2207131 0.1941120 0.1873741 0.1870724 0.2344625 0.1840156 0.2462570 0.1842237 0.2761841 0.2537148 0.2193389 0.2325832 0.2828683 0.1904696 0.1902007 0.2110049 0.2787800 0.2112505 0.1974320 0.1811514 0.1927367 0.2630037 0.2413804 0.2323998 0.3146063 0.1971040 0.2531873 0.2856404 0.2438150 0.2423475 0.1944152 0.1967813 0.2231452 0.2164572 0.2606983 0.1842623 0.2066084 0.1870724 0.2662183 0.1909099 0.2832641 
Helianthus_annuus_SRR9119062               0.2176828 0.2133010 0.1980485 0.2497113 0.1948163 0.1869816 0.2399110 0.2999630 0.0000000 0.2156294 0.2250441 0.1950672 0.2463698 0.2521955 0.2287341 0.1999899 0.2076221 0.2205955 0.2697685 0.1957245 0.2250989 0.2041335 0.2857892 0.2581803 0.1961056 0.2030050 0.1973624 0.1970543 0.3059619 0.3166813 0.2035543 0.2077943 0.4486050 0.2121946 0.1991359 0.2577480 0.2287936 0.2542806 0.2095942 0.2181082 0.1821656 0.2561032 0.2255603 0.1941939 0.2212987 0.2184184 0.1974831 0.2003663 0.2021590 0.2232747 0.2049135 0.2526093 0.2050913 0.2707535 0.2485093 0.1994320 0.1962167 0.2230161 0.1988892 0.2038158 0.1946499 0.2299770 0.1739764 0.1982631 0.1995498 0.2049424 0.2047927 0.2112039 0.2053661 0.1417517 0.1960335 0.2564685 0.2639160 0.2510249 0.2454184 0.1982969 0.1866839 0.2088948 0.1984686 0.2521723 0.1999273 0.1834840 0.2038419 0.2555534 0.1858951 0.2217734 
Lycapsus_tenuifolius_17                    0.0827199 0.0885289 0.0810878 0.1344932 0.0794522 0.0553026 0.1274389 0.2073752 0.2156294 0.0000000 0.0902803 0.0855709 0.2290839 0.2285727 0.2087008 0.0870825 0.1395573 0.1240471 0.2547449 0.0813690 0.1873884 0.0917069 0.1917212 0.2321391 0.0862928 0.0912344 0.0873033 0.0929198 0.2995859 0.1978226 0.0651587 0.1164407 0.4283254 0.0633283 0.0922045 0.2627747 0.1177663 0.2236639 0.1111645 0.1324199 0.0824909 0.2339581 0.1246811 0.0682927 0.1186557 0.1074863 0.1012723 0.0843969 0.0868428 0.1234532 0.0768060 0.2318678 0.0802676 0.2560138 0.2252411 0.1280988 0.1809277 0.1849967 0.0904783 0.0904357 0.1302903 0.1587069 0.0968600 0.0623052 0.0866394 0.1296578 0.1760850 0.1167492 0.1090481 0.0775503 0.0753329 0.2306841 0.2338595 0.2199451 0.2237603 0.0839168 0.0496419 0.1095894 0.1303569 0.2255628 0.0830716 0.0859511 0.0891671 0.2465699 0.0554222 0.1702202 
Pericome_caudata_50_silver                 0.0909127 0.0802217 0.1034247 0.1169393 0.0705639 0.0749582 0.1157646 0.2233841 0.2250441 0.0902803 0.0000000 0.1102319 0.2532050 0.2882760 0.2097797 0.0849804 0.1720936 0.1250601 0.2819709 0.0824247 0.1924690 0.0917170 0.2040357 0.2831652 0.0915547 0.0811264 0.1172383 0.1351629 0.4079574 0.3467207 0.0818027 0.1208825 0.4210806 0.0798823 0.0901869 0.2445227 0.1578930 0.2406665 0.1741422 0.2644994 0.0819909 0.2788542 0.1912612 0.0800270 0.1293869 0.1687239 0.1413044 0.1206721 0.1158432 0.1579989 0.0831440 0.2257587 0.0797092 0.2571167 0.2389549 0.1086183 0.1755614 0.1841650 0.1194292 0.0855613 0.1174295 0.1500892 0.0872169 0.0783562 0.1180656 0.0977121 0.2394777 0.1219107 0.1582629 0.0901669 0.0792778 0.2819758 0.2410960 0.2288546 0.2513404 0.0878387 0.0732712 0.0931497 0.1749291 0.2875416 0.0747328 0.0676075 0.1213943 0.3188596 0.0650185 0.1810587 
Perityle_aglossa_84_dead_horse             0.0657709 0.0640316 0.0408292 0.1201380 0.0516737 0.0353008 0.1165220 0.1873741 0.1950672 0.0855709 0.1102319 0.0000000 0.2446731 0.2814831 0.1794753 0.0313595 0.1207434 0.1081822 0.2634740 0.0314223 0.1662894 0.0297061 0.1568126 0.2932707 0.0265086 0.0232807 0.0498490 0.0505248 0.3833017 0.3015630 0.0814961 0.1072364 0.3977563 0.0693163 0.0352512 0.2424979 0.1395031 0.2300073 0.1341919 0.1843474 0.0328141 0.2639635 0.1525151 0.0217396 0.1250836 0.1372627 0.0731047 0.0303663 0.0335551 0.1280726 0.0222582 0.2173068 0.0209672 0.2409558 0.2276573 0.0994135 0.1647059 0.1697477 0.0337531 0.0247039 0.0972095 0.1369539 0.0698647 0.0323407 0.0130511 0.1069181 0.2262580 0.1064189 0.1189040 0.0506262 0.0298955 0.2945013 0.2239335 0.2192783 0.2285151 0.0164252 0.0181741 0.0766450 0.1625531 0.2946754 0.0081987 0.0693221 0.0349781 0.3035383 0.0184737 0.1608783 
Perityle_ajoensis_204                      0.2459690 0.1958133 0.2392465 0.2427769 0.2346485 0.1173449 0.2228486 0.2574418 0.2463698 0.2290839 0.2532050 0.2446731 0.0000000 0.0651964 0.0207884 0.2494506 0.2088673 0.2739615 0.1232126 0.2492137 0.0220605 0.2328711 0.1318348 0.0241208 0.2131902 0.2480913 0.2615000 0.2543709 0.1654394 0.3731608 0.1776553 0.2606694 0.2565406 0.1982250 0.2624077 0.0741606 0.2819078 0.0369274 0.2475807 0.3370336 0.2614079 0.0227138 0.2849936 0.2031834 0.2731591 0.2476981 0.2741264 0.2752421 0.2808708 0.2856159 0.2092682 0.0268912 0.2452437 0.0742991 0.0294936 0.2396027 0.0439808 0.0670416 0.2434175 0.2544224 0.2466000 0.1604294 0.1717362 0.1571459 0.2729245 0.2412225 0.0457749 0.2762337 0.2629323 0.0975485 0.2428511 0.0232213 0.0921670 0.0250234 0.0192347 0.2127784 0.1464687 0.2319783 0.3111708 0.0331677 0.2343040 0.1776433 0.2508058 0.0724647 0.1569243 0.1054435 
Perityle_ambrosiifolia_67_green            0.2408634 0.1896233 0.2446309 0.2391622 0.2396732 0.1202358 0.2216353 0.2431038 0.2521955 0.2285727 0.2882760 0.2814831 0.0651964 0.0000000 0.0194460 0.2465529 0.2048686 0.2682375 0.1303872 0.2462589 0.0115802 0.2691606 0.1314074 0.0633657 0.2099341 0.2588154 0.2835566 0.3011591 0.1809905 0.3858180 0.1686889 0.2843406 0.2794818 0.1889362 0.2931335 0.1222339 0.2766979 0.0365498 0.2923239 0.3817316 0.2813505 0.0546200 0.3136172 0.1961300 0.3119224 0.2959711 0.2769644 0.2937307 0.2996588 0.2801922 0.2046718 0.0680846 0.2403126 0.0667034 0.0294964 0.2328894 0.0449158 0.0589280 0.2714795 0.2944208 0.2374922 0.1564600 0.1600830 0.1488733 0.2931324 0.2344856 0.0458898 0.2728721 0.2763743 0.0825081 0.2361748 0.0623518 0.0937424 0.0624274 0.0235729 0.2095866 0.1380933 0.2225247 0.3172228 0.0604142 0.2427970 0.1698697 0.2919938 0.1162433 0.1483600 0.1073252 
Perityle_angustifolia_13_Eagle_creek       0.2006386 0.1894179 0.1816023 0.2394606 0.1752656 0.1138484 0.2205565 0.2462939 0.2287341 0.2087008 0.2097797 0.1794753 0.0207884 0.0194460 0.0000000 0.1956865 0.1064462 0.2314862 0.0985106 0.1899586 0.0181733 0.1951175 0.1337974 0.0207460 0.1815050 0.1819249 0.1807834 0.1977614 0.1044028 0.2860933 0.1781049 0.1950572 0.2498498 0.1697323 0.1802516 0.0694809 0.2172068 0.0429059 0.1974108 0.2049044 0.1887759 0.0233907 0.2267046 0.1717508 0.2169692 0.1990888 0.1856339 0.1896471 0.1932075 0.2223368 0.1900147 0.0260715 0.1851746 0.0723300 0.0207601 0.2203386 0.0531413 0.0589918 0.1846396 0.1915269 0.2092299 0.1575451 0.1618306 0.1477698 0.1859387 0.2198144 0.0542847 0.1861973 0.1913894 0.0925338 0.1829125 0.0194419 0.0881748 0.0222340 0.0194546 0.1871280 0.1338322 0.1825293 0.2095985 0.0207778 0.1828483 0.1716043 0.1879974 0.0670748 0.1513119 0.1081509 
Perityle_batopilensis_97                   0.0726489 0.0711946 0.0485279 0.1300113 0.0609934 0.0409095 0.1298102 0.1816648 0.1999899 0.0870825 0.0849804 0.0313595 0.2494506 0.2465529 0.1956865 0.0000000 0.1158587 0.1091459 0.2613766 0.0324861 0.1788105 0.0317842 0.1685602 0.2569513 0.0311938 0.0372464 0.0445882 0.0410044 0.3125236 0.2662874 0.0776809 0.0981959 0.4243342 0.0745757 0.0366928 0.2485522 0.1107117 0.2374136 0.0849394 0.1122738 0.0335210 0.2628563 0.1119390 0.0272474 0.1088667 0.0910695 0.0508733 0.0303127 0.0332017 0.1094727 0.0342737 0.2218253 0.0373219 0.2412871 0.2336675 0.0993390 0.1707494 0.1744078 0.0342038 0.0312980 0.1039258 0.1336633 0.0718300 0.0397491 0.0361417 0.1133069 0.2197804 0.0979119 0.0866341 0.0335192 0.0309038 0.2597460 0.2310776 0.2237411 0.2359552 0.0331400 0.0325743 0.0857502 0.1042810 0.2539871 0.0350858 0.0709877 0.0341562 0.2778381 0.0370577 0.1653621 
Perityle_bisetosa_9                        0.1572820 0.1486360 0.1334111 0.1894159 0.1470027 0.0997947 0.1710444 0.2472252 0.2076221 0.1395573 0.1720936 0.1207434 0.2088673 0.2048686 0.1064462 0.1158587 0.0000000 0.1986029 0.2145232 0.1108458 0.0768435 0.1076648 0.1939925 0.3239823 0.0763147 0.1113404 0.1608893 0.1239626 0.2755970 0.3213724 0.1508510 0.1966544 0.3719737 0.1709609 0.1356593 0.2351155 0.1967807 0.1590951 0.1916295 0.1586039 0.2023129 0.1698798 0.1981069 0.0821367 0.3383143 0.2191878 0.1341420 0.1628375 0.1398157 0.2013860 0.1001220 0.1743783 0.1208266 0.1539415 0.1641236 0.1556640 0.0964825 0.1058171 0.1111115 0.1203758 0.1352446 0.1594624 0.1550653 0.1148589 0.1869104 0.1784568 0.1190923 0.1993580 0.1815301 0.0207198 0.1193498 0.2617656 0.1667505 0.1627779 0.1654366 0.0846600 0.0959493 0.1726257 0.2299017 0.2033828 0.1101141 0.1505356 0.1136255 0.2381526 0.1010116 0.1386935 
Perityle_californica_76_positas            0.1060311 0.1067583 0.1035966 0.1649882 0.1007851 0.1020527 0.1626838 0.2167099 0.2205955 0.1240471 0.1250601 0.1081822 0.2739615 0.2682375 0.2314862 0.1091459 0.1986029 0.0000000 0.2771633 0.1093068 0.2123746 0.1140705 0.2455911 0.2809028 0.1203015 0.1189188 0.1066501 0.1197458 0.3181351 0.2910551 0.0865505 0.1008583 0.4536728 0.1049227 0.1145097 0.2811863 0.1305278 0.2703179 0.1119088 0.1955644 0.1110223 0.2863687 0.1372789 0.1002733 0.1309824 0.1169574 0.1182787 0.1046486 0.1081180 0.1357399 0.1095420 0.2489552 0.1120154 0.2788041 0.2713464 0.1285371 0.1910726 0.2082687 0.1151209 0.1104916 0.1344736 0.1616312 0.1210866 0.1084232 0.1147951 0.1329826 0.2307980 0.1365501 0.1166235 0.1144512 0.1021767 0.2784404 0.2579690 0.2585835 0.2716891 0.1194564 0.1118410 0.1173467 0.1226414 0.2748566 0.1105721 0.1003133 0.1149389 0.2902536 0.1025944 0.1957269 
Perityle_canescens_77                      0.2706812 0.2366514 0.2527511 0.2851894 0.2523715 0.1773968 0.2786217 0.2767855 0.2697685 0.2547449 0.2819709 0.2634740 0.1232126 0.1303872 0.0985106 0.2613766 0.2145232 0.2771633 0.0000000 0.2523786 0.1013749 0.2761736 0.1958112 0.1288180 0.2524776 0.2674478 0.2562799 0.2771417 0.1130848 0.3996478 0.2050612 0.2654085 0.2812114 0.2205081 0.2607338 0.1130661 0.2919453 0.1269842 0.2464393 0.3403140 0.2481589 0.1327764 0.2884221 0.2417948 0.2835078 0.2481973 0.2616468 0.2649707 0.2728363 0.2951962 0.2488046 0.1170362 0.2615396 0.1188178 0.1254245 0.2640736 0.1072688 0.1034157 0.2684842 0.2700433 0.2627471 0.1968824 0.2131740 0.2038963 0.2719317 0.2839666 0.1197951 0.2697110 0.2713527 0.1306762 0.2606417 0.1275789 0.1146115 0.1207851 0.1196357 0.2488198 0.1900520 0.2587599 0.2799156 0.1284091 0.2549964 0.2033087 0.2744085 0.1252838 0.1970665 0.1303440 
Perityle_castillonii_96                    0.0715857 0.0714842 0.0470153 0.1273408 0.0542920 0.0409410 0.1245749 0.1908663 0.1957245 0.0813690 0.0824247 0.0314223 0.2492137 0.2462589 0.1899586 0.0324861 0.1108458 0.1093068 0.2523786 0.0000000 0.1746300 0.0336383 0.1660337 0.2636161 0.0291701 0.0324647 0.0379037 0.0421298 0.3307608 0.2748943 0.0816799 0.1002814 0.4220776 0.0721031 0.0367563 0.2445368 0.1246908 0.2381220 0.0907997 0.1496192 0.0317990 0.2696753 0.1143807 0.0217330 0.0989342 0.0919850 0.0270771 0.0303826 0.0332751 0.1119646 0.0354706 0.2159481 0.0363272 0.2474760 0.2303965 0.0964874 0.1696219 0.1800339 0.0323353 0.0335490 0.0988566 0.1431637 0.0807509 0.0382446 0.0352324 0.1106120 0.2251980 0.0923064 0.0839077 0.0292460 0.0230799 0.2622502 0.2332032 0.2200523 0.2343182 0.0295268 0.0326686 0.0789826 0.1140222 0.2588521 0.0306806 0.0748521 0.0322902 0.2841029 0.0295076 0.1661138 
Perityle_cernua_84                         0.1899869 0.1869328 0.1680638 0.2283266 0.1710870 0.1206497 0.1961264 0.2536482 0.2250989 0.1873884 0.1924690 0.1662894 0.0220605 0.0115802 0.0181733 0.1788105 0.0768435 0.2123746 0.1013749 0.1746300 0.0000000 0.1764620 0.1317777 0.0219886 0.1639445 0.1669225 0.1680525 0.1776741 0.1117841 0.3297100 0.1756985 0.1914508 0.2761092 0.1680104 0.1601419 0.0540804 0.2031652 0.0380922 0.1821020 0.2380375 0.1712581 0.0259637 0.2116227 0.1702047 0.2029513 0.1801612 0.1711003 0.1728224 0.1730027 0.2063387 0.1734467 0.0231024 0.1708564 0.0677968 0.0207139 0.1929681 0.0422047 0.0610034 0.1725907 0.1746303 0.1923874 0.1608228 0.1587839 0.1475755 0.1676053 0.1911508 0.0448511 0.1728455 0.1830461 0.0878654 0.1758348 0.0206872 0.0909788 0.0221317 0.0220501 0.1741496 0.1314753 0.1675051 0.1901011 0.0260154 0.1641685 0.1669202 0.1745082 0.0496051 0.1473036 0.1008585 
Perityle_cfvillosa_25_tin                  0.0801746 0.0713378 0.0499970 0.1302069 0.0572633 0.0379894 0.1288303 0.1900278 0.2041335 0.0917069 0.0917170 0.0297061 0.2328711 0.2691606 0.1951175 0.0317842 0.1076648 0.1140705 0.2761736 0.0336383 0.1764620 0.0000000 0.1654890 0.2395192 0.0253569 0.0355503 0.0442758 0.0378343 0.3463939 0.2452493 0.0817443 0.1156921 0.4024206 0.0768997 0.0345321 0.2452820 0.1196698 0.2383977 0.0964756 0.1007182 0.0284585 0.2472670 0.1227941 0.0107934 0.1191389 0.0975225 0.0788359 0.0172454 0.0072019 0.1199678 0.0342880 0.2217914 0.0330923 0.2478335 0.2427754 0.0944786 0.1718207 0.1796885 0.0256952 0.0090192 0.0986463 0.1365242 0.0762793 0.0421196 0.0311790 0.1108833 0.1974961 0.1228606 0.0967447 0.0291700 0.0297839 0.2382516 0.2264074 0.2237170 0.2401025 0.0331867 0.0222295 0.0868650 0.1171398 0.2434210 0.0306485 0.0676777 0.0209718 0.2539407 0.0310421 0.1693649 
Perityle_cinerea_113_Powell1310            0.2064320 0.1744926 0.1716720 0.2544511 0.1686512 0.1125696 0.2336182 0.3120185 0.2857892 0.1917212 0.2040357 0.1568126 0.1318348 0.1314074 0.1337974 0.1685602 0.1939925 0.2455911 0.1958112 0.1660337 0.1317777 0.1654890 0.0000000 0.1470563 0.1587216 0.1553526 0.1569005 0.1681677 0.2183877 0.1666336 0.1898408 0.2045064 0.2048800 0.1842415 0.1478469 0.1849852 0.2219610 0.1639473 0.2019445 0.1659761 0.1519614 0.1520311 0.2275255 0.1610735 0.2194264 0.1969766 0.1610937 0.1635071 0.1609833 0.2195437 0.1608792 0.1316040 0.1632427 0.2016560 0.1363897 0.2170513 0.1654247 0.1937405 0.1564598 0.1632607 0.2262205 0.1669964 0.1711490 0.1102036 0.1631460 0.2142066 0.1846582 0.1927556 0.1939891 0.0616103 0.1658744 0.1448914 0.1814189 0.1353137 0.1388103 0.1557920 0.1043764 0.1727751 0.1991799 0.1410360 0.1589975 0.1633021 0.1609509 0.1849852 0.1194692 0.1966068 
Perityle_coahuilensis_24                   0.2489888 0.2026457 0.2768427 0.2492020 0.2636636 0.1327496 0.2277417 0.2563688 0.2581803 0.2321391 0.2831652 0.2932707 0.0241208 0.0633657 0.0207460 0.2569513 0.3239823 0.2809028 0.1288180 0.2636161 0.0219886 0.2395192 0.1470563 0.0000000 0.2202317 0.2728092 0.3067167 0.3448358 0.2223034 0.4619901 0.1789857 0.2835586 0.2537494 0.1970573 0.2807021 0.0738783 0.3023862 0.0400099 0.2917400 0.4365441 0.3260204 0.0127693 0.3570423 0.2109578 0.3649364 0.3386211 0.2945567 0.3631936 0.3548911 0.2974170 0.2161378 0.0257728 0.2506420 0.0711217 0.0294517 0.2426719 0.0503264 0.0687704 0.3073810 0.2679270 0.2530991 0.1751348 0.1773765 0.1676975 0.4006418 0.2425513 0.0523585 0.2785549 0.3094721 0.1021948 0.2453473 0.0032833 0.0968357 0.0198947 0.0213542 0.2216194 0.1576830 0.2398486 0.3539090 0.0667295 0.2599294 0.1842781 0.3055018 0.1237029 0.1654700 0.1073016 
Perityle_cochisensis_44_cave_creek         0.0758958 0.0713537 0.0453844 0.1290827 0.0629589 0.0408461 0.1243717 0.1935496 0.1961056 0.0862928 0.0915547 0.0265086 0.2131902 0.2099341 0.1815050 0.0311938 0.0763147 0.1203015 0.2524776 0.0291701 0.1639445 0.0253569 0.1587216 0.2202317 0.0000000 0.0195925 0.0440458 0.0265182 0.2759854 0.1454486 0.0749944 0.1014600 0.4125613 0.0793762 0.0282044 0.2496738 0.0990803 0.2188171 0.0784842 0.0288642 0.0162267 0.2271754 0.1038226 0.0148758 0.0963432 0.0798018 0.0288968 0.0206826 0.0230074 0.0992225 0.0316414 0.2129873 0.0248456 0.2408500 0.2131190 0.1007829 0.1691041 0.1745841 0.0114189 0.0218422 0.1037695 0.1338832 0.0741220 0.0401558 0.0264665 0.1147351 0.1647359 0.0916600 0.0798876 0.0334410 0.0172856 0.2186420 0.2209867 0.2063819 0.2081122 0.0228503 0.0140950 0.0825211 0.0906673 0.2162586 0.0265641 0.0655026 0.0137114 0.2445533 0.0310314 0.1514034 
Perityle_congesta_202                      0.0799040 0.0735689 0.0517881 0.1191804 0.0625358 0.0465574 0.1171255 0.1874033 0.2030050 0.0912344 0.0811264 0.0232807 0.2480913 0.2588154 0.1819249 0.0372464 0.1113404 0.1189188 0.2674478 0.0324647 0.1669225 0.0355503 0.1553526 0.2728092 0.0195925 0.0000000 0.0392709 0.0435130 0.3430200 0.2891290 0.0890648 0.1084347 0.4123830 0.0710377 0.0243563 0.2489325 0.1251679 0.2322959 0.1057617 0.1644943 0.0267746 0.2785898 0.1150300 0.0302299 0.1054331 0.1089722 0.0554668 0.0313854 0.0341213 0.1115896 0.0332803 0.2209150 0.0241383 0.2421838 0.2356707 0.1057510 0.1638802 0.1664932 0.0177772 0.0334613 0.1093220 0.1371903 0.0785307 0.0386536 0.0250608 0.1087962 0.2303210 0.0969261 0.0921914 0.0332826 0.0187045 0.2715104 0.2288145 0.2246805 0.2379063 0.0187657 0.0161593 0.0814058 0.1249343 0.2688022 0.0241036 0.0764782 0.0195614 0.2942827 0.0247775 0.1613673 
Perityle_cordifolia_27                     0.0753361 0.0686812 0.0699867 0.1269142 0.0501846 0.0355918 0.1192242 0.1864993 0.1973624 0.0873033 0.1172383 0.0498490 0.2615000 0.2835566 0.1807834 0.0445882 0.1608893 0.1066501 0.2562799 0.0379037 0.1680525 0.0442758 0.1569005 0.3067167 0.0440458 0.0392709 0.0000000 0.0748637 0.4005768 0.3255496 0.0763824 0.1160643 0.3876682 0.0688714 0.0582646 0.2614243 0.1367603 0.2243388 0.1542511 0.1977617 0.0431740 0.2632179 0.1526546 0.0351338 0.1523113 0.1553065 0.0767371 0.0562409 0.0551233 0.1323093 0.0325489 0.2321758 0.0423565 0.2335368 0.2241643 0.0937560 0.1606835 0.1679221 0.0533630 0.0410583 0.0909454 0.1320109 0.0703381 0.0208884 0.0562238 0.1064840 0.2289927 0.1148417 0.1262240 0.0337835 0.0373672 0.3042916 0.2243323 0.2167605 0.2252570 0.0362247 0.0203611 0.0769139 0.1756436 0.3000067 0.0377411 0.0661534 0.0560270 0.3160363 0.0153320 0.1576677 
Perityle_cordifolia_68_tecolote            0.0773829 0.0696126 0.0606326 0.1270680 0.0652086 0.0493994 0.1285472 0.2131371 0.1970543 0.0929198 0.1351629 0.0505248 0.2543709 0.3011591 0.1977614 0.0410044 0.1239626 0.1197458 0.2771417 0.0421298 0.1776741 0.0378343 0.1681677 0.3448358 0.0265182 0.0435130 0.0748637 0.0000000 0.4139146 0.3876607 0.0873128 0.1275984 0.4127507 0.0788691 0.0530937 0.2508019 0.1379245 0.2424179 0.1498351 0.2431706 0.0462739 0.2824491 0.2126443 0.0286439 0.1130031 0.1972073 0.0802743 0.0569947 0.0967100 0.1423333 0.0415103 0.2302166 0.0446410 0.2489272 0.2409189 0.0980971 0.1733804 0.1771943 0.0452437 0.0436871 0.1039897 0.1432224 0.0829098 0.0401940 0.1019349 0.1172892 0.2383024 0.1241175 0.1392693 0.0420252 0.0309229 0.3552434 0.2291243 0.2306156 0.2460458 0.0331490 0.0243404 0.0823409 0.1711352 0.3130572 0.0419245 0.0729424 0.0508543 0.3440634 0.0326196 0.1641138 
Perityle_coronopifolia_28_patagonia        0.3107882 0.2556256 0.3551597 0.3050766 0.3349404 0.1955617 0.2979478 0.2879051 0.3059619 0.2995859 0.4079574 0.3833017 0.1654394 0.1809905 0.1044028 0.3125236 0.2755970 0.3181351 0.1130848 0.3307608 0.1117841 0.3463939 0.2183877 0.2223034 0.2759854 0.3430200 0.4005768 0.4139146 0.0000000 0.5561694 0.2358261 0.3827218 0.3007295 0.2567776 0.3712712 0.1574358 0.3707158 0.1352556 0.3601648 0.5128624 0.3414434 0.2047201 0.4068750 0.2708506 0.3511218 0.3630684 0.3667099 0.4045253 0.4032606 0.3703934 0.2656446 0.1595179 0.3098543 0.1093651 0.1423484 0.2976288 0.1064026 0.0995692 0.3899173 0.3645071 0.3024839 0.1983707 0.2253455 0.2264175 0.3920570 0.3099222 0.1339883 0.3485969 0.4202172 0.1540855 0.3077066 0.2234533 0.1199310 0.1588849 0.1386506 0.2749001 0.2059989 0.3010283 0.4018847 0.2263206 0.3286948 0.2346375 0.3973548 0.2267538 0.2183904 0.1388353 
Perityle_crassifolia_70_ventanas           0.2494031 0.1093281 0.3182178 0.2947192 0.2959689 0.0614688 0.2371852 0.2125333 0.3166813 0.1978226 0.3467207 0.3015630 0.3731608 0.3858180 0.2860933 0.2662874 0.3213724 0.2910551 0.3996478 0.2748943 0.3297100 0.2452493 0.1666336 0.4619901 0.1454486 0.2891290 0.3255496 0.3876607 0.5561694 0.0000000 0.1450374 0.3585283 0.4095945 0.2179424 0.3009321 0.2669390 0.3551064 0.3625783 0.3462999 0.4127848 0.2726596 0.4121795 0.4202620 0.1255689 0.3035936 0.3935350 0.2843539 0.3310780 0.3657818 0.3622469 0.2001426 0.3044803 0.2580686 0.3188793 0.3549006 0.2440582 0.2600086 0.1918301 0.3235793 0.2687703 0.1199051 0.1452430 0.0966753 0.0731722 0.3613627 0.2422483 0.4074055 0.3105506 0.3542643 0.0928637 0.2597909 0.4690528 0.3141819 0.3449137 0.3643117 0.1730079 0.0609115 0.2745423 0.3832163 0.4621418 0.2742782 0.1770177 0.3133596 0.4727908 0.1402344 0.3429226 
Perityle_crassifolia_74_playa_balandra     0.0673995 0.0882922 0.0803231 0.1442835 0.0747296 0.0980392 0.1130187 0.2056301 0.2035543 0.0651587 0.0818027 0.0814961 0.1776553 0.1686889 0.1781049 0.0776809 0.1508510 0.0865505 0.2050612 0.0816799 0.1756985 0.0817443 0.1898408 0.1789857 0.0749944 0.0890648 0.0763824 0.0873128 0.2358261 0.1450374 0.0000000 0.0961166 0.4094355 0.0511241 0.0870854 0.1836295 0.1064203 0.1706074 0.0916028 0.0778132 0.0816996 0.1815092 0.1024840 0.0713215 0.1024856 0.0925520 0.0816678 0.0705212 0.0779811 0.0986641 0.0760117 0.1872687 0.0833398 0.1945381 0.1734104 0.0784561 0.1724493 0.1836644 0.0779096 0.0798386 0.0693427 0.1521811 0.0980581 0.0906256 0.0833631 0.0668036 0.1886912 0.0907056 0.0877321 0.1099323 0.0871556 0.1769780 0.2048011 0.1717154 0.1800138 0.0909916 0.0938506 0.0834610 0.0907492 0.1752932 0.0796235 0.0809908 0.0779811 0.1795519 0.0793435 0.1713809 
Perityle_cuneata_34_cuneata_San_antonio    0.1048847 0.1079494 0.1033441 0.1663509 0.0749399 0.0959184 0.1550120 0.2220945 0.2077943 0.1164407 0.1208825 0.1072364 0.2606694 0.2843406 0.1950572 0.0981959 0.1966544 0.1008583 0.2654085 0.1002814 0.1914508 0.1156921 0.2045064 0.2835586 0.1014600 0.1084347 0.1160643 0.1275984 0.3827218 0.3585283 0.0961166 0.0000000 0.3955511 0.1171701 0.1077362 0.2533221 0.1407424 0.2455037 0.1532065 0.2640488 0.1125979 0.2889399 0.1483385 0.0927763 0.1150278 0.1607189 0.1239367 0.1100537 0.1131217 0.1439296 0.0902947 0.2295883 0.1032604 0.2493122 0.2372701 0.0962066 0.1787035 0.1853312 0.1162003 0.1073351 0.0808509 0.1554068 0.1073538 0.1037207 0.1173034 0.1351556 0.2459518 0.1108919 0.1104332 0.0964654 0.1024007 0.2822597 0.2431529 0.2363457 0.2411398 0.1018000 0.0827404 0.0818391 0.1357910 0.2866158 0.0949055 0.0991315 0.1203624 0.3138630 0.0917237 0.1867479 
Perityle_cuneata_4                         0.4370228 0.3503346 0.4147771 0.4987198 0.4193094 0.2401677 0.4745936 0.4342854 0.4486050 0.4283254 0.4210806 0.3977563 0.2565406 0.2794818 0.2498498 0.4243342 0.3719737 0.4536728 0.2812114 0.4220776 0.2761092 0.4024206 0.2048800 0.2537494 0.4125613 0.4123830 0.3876682 0.4127507 0.3007295 0.4095945 0.4094355 0.3955511 0.0000000 0.4059673 0.3983414 0.2572239 0.4313517 0.2640148 0.3925641 0.4200796 0.3802548 0.2590969 0.4317995 0.4081726 0.4143501 0.3876488 0.4305851 0.4042457 0.4020079 0.4344063 0.4257574 0.2501541 0.4223711 0.2960444 0.2645619 0.4387285 0.2887835 0.2104144 0.4072383 0.3983409 0.3654205 0.2309539 0.2915582 0.3103725 0.4072831 0.4580376 0.3117602 0.4071271 0.4087319 0.1330370 0.4363059 0.2518186 0.2692958 0.2563411 0.2683636 0.4147268 0.2982438 0.4085859 0.4284134 0.2613917 0.4255361 0.3775283 0.3999743 0.2682587 0.3808921 0.2757063 
Perityle_discoidea_81                      0.0666848 0.0881121 0.0719411 0.1351987 0.0822797 0.0887298 0.1087697 0.2006378 0.2121946 0.0633283 0.0798823 0.0693163 0.1982250 0.1889362 0.1697323 0.0745757 0.1709609 0.1049227 0.2205081 0.0721031 0.1680104 0.0768997 0.1842415 0.1970573 0.0793762 0.0710377 0.0688714 0.0788691 0.2567776 0.2179424 0.0511241 0.1171701 0.4059673 0.0000000 0.0691203 0.1905886 0.1211343 0.1974020 0.0931721 0.1815342 0.0761501 0.2021939 0.1280779 0.0713209 0.1259110 0.0981521 0.0864645 0.0639992 0.0693533 0.1224882 0.0831396 0.1819133 0.0692259 0.2079302 0.1966194 0.1060961 0.1701775 0.1887003 0.0720330 0.0707698 0.1256805 0.1429532 0.0968211 0.0818089 0.0772494 0.0939964 0.2036286 0.1111346 0.0964406 0.0834144 0.0772813 0.1955430 0.1975257 0.1806342 0.1966942 0.0823851 0.0744879 0.0959725 0.1093555 0.1955518 0.0702598 0.0809874 0.0720349 0.2087812 0.0710068 0.1810345 
Perityle_dissecta_201                      0.0797864 0.0736385 0.0507456 0.1193545 0.0618458 0.0464830 0.1228784 0.1938692 0.1991359 0.0922045 0.0901869 0.0352512 0.2624077 0.2931335 0.1802516 0.0366928 0.1356593 0.1145097 0.2607338 0.0367563 0.1601419 0.0345321 0.1478469 0.2807021 0.0282044 0.0243563 0.0582646 0.0530937 0.3712712 0.3009321 0.0870854 0.1077362 0.3983414 0.0691203 0.0000000 0.2712097 0.1344018 0.2285660 0.1324608 0.1698624 0.0481988 0.2625078 0.1273102 0.0307264 0.1350357 0.1356128 0.0749271 0.0508377 0.0516158 0.1241977 0.0313010 0.2393427 0.0265288 0.2439566 0.2276922 0.1022183 0.1680775 0.1734891 0.0315241 0.0457036 0.1079650 0.1399508 0.0806166 0.0346521 0.0458006 0.1170583 0.2320736 0.1181734 0.0996076 0.0461299 0.0303223 0.2795088 0.2276905 0.2297219 0.2300477 0.0214576 0.0140904 0.0801269 0.1716399 0.2710954 0.0223740 0.0746176 0.0397577 0.3146340 0.0262978 0.1553197 
Perityle_emoryi_47_punta_san_jose          0.2524878 0.2032551 0.2376530 0.2670459 0.2373974 0.1283441 0.2705275 0.2671035 0.2577480 0.2627747 0.2445227 0.2424979 0.0741606 0.1222339 0.0694809 0.2485522 0.2351155 0.2811863 0.1130661 0.2445368 0.0540804 0.2452820 0.1849852 0.0738783 0.2496738 0.2489325 0.2614243 0.2508019 0.1574358 0.2669390 0.1836295 0.2533221 0.2572239 0.1905886 0.2712097 0.0000000 0.2766849 0.0481563 0.2396593 0.2453571 0.2507349 0.0694999 0.2757701 0.2294830 0.2727046 0.2397033 0.2838879 0.2741283 0.2779411 0.2816387 0.2416293 0.0740906 0.2494744 0.0185729 0.0741075 0.2723014 0.0379511 0.0261832 0.2499121 0.2505148 0.2554112 0.1559887 0.1745484 0.1718558 0.2727774 0.2772770 0.0218918 0.2774582 0.2629048 0.0921687 0.2313345 0.0726987 0.0842279 0.0701106 0.0682807 0.2477687 0.1519701 0.2410701 0.3155313 0.0991031 0.2451205 0.1730404 0.2511959 0.0000010 0.1819649 0.1237638 
Perityle_feddemae_99                       0.1186162 0.1206016 0.1270965 0.1626768 0.1205570 0.0845750 0.1574259 0.2407384 0.2287936 0.1177663 0.1578930 0.1395031 0.2819078 0.2766979 0.2172068 0.1107117 0.1967807 0.1305278 0.2919453 0.1246908 0.2031652 0.1196698 0.2219610 0.3023862 0.0990803 0.1251679 0.1367603 0.1379245 0.3707158 0.3551064 0.1064203 0.1407424 0.4313517 0.1211343 0.1344018 0.2766849 0.0000000 0.2755805 0.1068664 0.2495943 0.1045608 0.3040693 0.0589697 0.1020407 0.0154150 0.1087375 0.1498462 0.1368769 0.1355843 0.0568435 0.1075690 0.2517890 0.1123102 0.2774136 0.2608383 0.1056511 0.1966567 0.2033244 0.1265589 0.1127020 0.0938341 0.1333796 0.1017531 0.1030928 0.1414943 0.1362778 0.2491479 0.1043034 0.1202155 0.0854051 0.0997184 0.3010048 0.2537657 0.2574590 0.2743983 0.1054196 0.0794748 0.0936530 0.1365423 0.2942403 0.1368874 0.0899117 0.1308881 0.3345104 0.0985084 0.1915193 
Perityle_fosteri_93                        0.2375170 0.1917552 0.2316209 0.2426052 0.2278603 0.1334971 0.2191170 0.2520213 0.2542806 0.2236639 0.2406665 0.2300073 0.0369274 0.0365498 0.0429059 0.2374136 0.1590951 0.2703179 0.1269842 0.2381220 0.0380922 0.2383977 0.1639473 0.0400099 0.2188171 0.2322959 0.2243388 0.2424179 0.1352556 0.3625783 0.1706074 0.2455037 0.2640148 0.1974020 0.2285660 0.0481563 0.2755805 0.0000000 0.2382433 0.3166110 0.2211269 0.0400215 0.2794119 0.2114820 0.2744171 0.2363152 0.2357709 0.2345928 0.2363687 0.2788431 0.2188732 0.0414077 0.2372265 0.0585548 0.0421935 0.2335770 0.0282075 0.0386252 0.2347291 0.2366358 0.2506839 0.1688040 0.1682156 0.1707324 0.2341093 0.2307588 0.0419863 0.2351493 0.2404739 0.1026404 0.2315435 0.0388535 0.0974249 0.0396729 0.0381158 0.2224658 0.1558243 0.2308244 0.2490486 0.0370481 0.2302445 0.1725176 0.2395110 0.0478720 0.1681134 0.1140348 
Perityle_gamon_221                         0.0994756 0.0916906 0.1401138 0.1532316 0.1133816 0.0907020 0.1452992 0.2214984 0.2095942 0.1111645 0.1741422 0.1341919 0.2475807 0.2923239 0.1974108 0.0849394 0.1916295 0.1119088 0.2464393 0.0907997 0.1821020 0.0964756 0.2019445 0.2917400 0.0784842 0.1057617 0.1542511 0.1498351 0.3601648 0.3462999 0.0916028 0.1532065 0.3925641 0.0931721 0.1324608 0.2396593 0.1068664 0.2382433 0.0000000 0.2446240 0.1048493 0.2752896 0.1310589 0.0749883 0.1120415 0.0125639 0.1507900 0.1538556 0.1482414 0.1131556 0.0834743 0.2270997 0.0932812 0.2338302 0.2374818 0.1080065 0.1775753 0.1744850 0.1319892 0.1092428 0.1061809 0.1357275 0.0869758 0.0853763 0.1470610 0.1176307 0.2278762 0.1307485 0.1590865 0.0869912 0.0765835 0.2889644 0.2310755 0.2281883 0.2367478 0.0838203 0.0694089 0.0888064 0.1689743 0.3004914 0.1051623 0.0738458 0.1392657 0.3235762 0.0763306 0.1680962 
Perityle_gentryi_8_san_francisco           0.1616643 0.0694068 0.2078084 0.2064430 0.2049361 0.0380352 0.1763584 0.1786500 0.2181082 0.1324199 0.2644994 0.1843474 0.3370336 0.3817316 0.2049044 0.1122738 0.1586039 0.1955644 0.3403140 0.1496192 0.2380375 0.1007182 0.1659761 0.4365441 0.0288642 0.1644943 0.1977617 0.2431706 0.5128624 0.4127848 0.0778132 0.2640488 0.4200796 0.1815342 0.1698624 0.2453571 0.2495943 0.3166110 0.2446240 0.0000000 0.1379069 0.3781413 0.3367474 0.0231239 0.1856316 0.3021104 0.1729062 0.1963470 0.2397046 0.2496328 0.0732748 0.2501752 0.1289924 0.2462653 0.3132789 0.1404699 0.1647340 0.1676526 0.1972314 0.1315210 0.1072632 0.1365707 0.0697170 0.0339222 0.2492851 0.1677613 0.3477545 0.2200643 0.2906706 0.0292010 0.1328375 0.4768328 0.2683098 0.2878925 0.3164854 0.0417923 0.0284036 0.1743618 0.2683199 0.4216501 0.1630975 0.0692658 0.1935443 0.4400727 0.0307438 0.2172521 
Perityle_gilensis_22_Superstition          0.0752890 0.0733832 0.0460399 0.1231736 0.0550002 0.0465219 0.1118973 0.1967049 0.1821656 0.0824909 0.0819909 0.0328141 0.2614079 0.2813505 0.1887759 0.0335210 0.2023129 0.1110223 0.2481589 0.0317990 0.1712581 0.0284585 0.1519614 0.3260204 0.0162267 0.0267746 0.0431740 0.0462739 0.3414434 0.2726596 0.0816996 0.1125979 0.3802548 0.0761501 0.0481988 0.2507349 0.1045608 0.2211269 0.1048493 0.1379069 0.0000000 0.2485271 0.1055315 0.0204598 0.1874974 0.1299328 0.0769053 0.0309368 0.0306121 0.1046738 0.0282141 0.2257484 0.0358687 0.2151596 0.2220874 0.0963726 0.1735811 0.1746374 0.0230370 0.0302920 0.1058513 0.1400610 0.0806204 0.0382444 0.0398774 0.1045301 0.2335029 0.1184472 0.0924219 0.0291700 0.0197392 0.3061874 0.2024444 0.2141213 0.2245353 0.0257610 0.0202212 0.0778978 0.1476388 0.2712620 0.0320132 0.0731000 0.0274767 0.2818650 0.0342950 0.1677819 
Perityle_gilensis_salensis_225             0.2506344 0.2053159 0.2693957 0.2527746 0.2682321 0.1332512 0.2311589 0.2605469 0.2561032 0.2339581 0.2788542 0.2639635 0.0227138 0.0546200 0.0233907 0.2628563 0.1698798 0.2863687 0.1327764 0.2696753 0.0259637 0.2472670 0.1520311 0.0127693 0.2271754 0.2785898 0.2632179 0.2824491 0.2047201 0.4121795 0.1815092 0.2889399 0.2590969 0.2021939 0.2625078 0.0694999 0.3040693 0.0400215 0.2752896 0.3781413 0.2485271 0.0000000 0.2983734 0.2165361 0.2765900 0.2753056 0.2872995 0.2737325 0.2766654 0.3006950 0.2211019 0.0273545 0.2568554 0.0741481 0.0305795 0.2477790 0.0521231 0.0689431 0.2744387 0.2664785 0.2532630 0.1746373 0.1803497 0.1729002 0.2688919 0.2474903 0.0564036 0.2804026 0.2899323 0.1072438 0.2530831 0.0118540 0.0983748 0.0233205 0.0224484 0.2234141 0.1630748 0.2476596 0.3250962 0.0245642 0.2658033 0.1909074 0.2782185 0.0927506 0.1715695 0.1090088 
Perityle_glaucescens_94                    0.1202012 0.1166439 0.1492634 0.1518438 0.1098969 0.0936186 0.1491651 0.2480384 0.2255603 0.1246811 0.1912612 0.1525151 0.2849936 0.3136172 0.2267046 0.1119390 0.1981069 0.1372789 0.2884221 0.1143807 0.2116227 0.1227941 0.2275255 0.3570423 0.1038226 0.1150300 0.1526546 0.2126443 0.4068750 0.4202620 0.1024840 0.1483385 0.4317995 0.1280779 0.1273102 0.2757701 0.0589697 0.2794119 0.1310589 0.3367474 0.1055315 0.2983734 0.0000000 0.1057375 0.0183079 0.1560232 0.1693269 0.1721795 0.2059777 0.0222088 0.1035826 0.2561480 0.1114128 0.2823065 0.2684208 0.1075418 0.2033986 0.2107854 0.1591979 0.1175801 0.0964365 0.1331424 0.0972650 0.1033306 0.2074400 0.1354138 0.2609724 0.1323615 0.1606595 0.0857058 0.0987074 0.3517153 0.2622446 0.2614053 0.2820643 0.0986475 0.0796303 0.0926487 0.1614995 0.3398135 0.1237680 0.0862279 0.1596335 0.3644303 0.0933792 0.1984348 
Perityle_gracilis_11                       0.0733269 0.0658920 0.0428708 0.1356340 0.0578920 0.0324934 0.1063518 0.1845674 0.1941939 0.0682927 0.0800270 0.0217396 0.2031834 0.1961300 0.1717508 0.0272474 0.0821367 0.1002733 0.2417948 0.0217330 0.1702047 0.0107934 0.1610735 0.2109578 0.0148758 0.0302299 0.0351338 0.0286439 0.2708506 0.1255689 0.0713215 0.0927763 0.4081726 0.0713209 0.0307264 0.2294830 0.1020407 0.2114820 0.0749883 0.0231239 0.0204598 0.2165361 0.1057375 0.0000000 0.1004823 0.0734640 0.0203769 0.0040306 0.0067255 0.1005535 0.0314831 0.1952362 0.0272500 0.2365304 0.1976010 0.0878136 0.1671350 0.1748181 0.0162507 0.0080769 0.1003860 0.1307719 0.0676528 0.0323324 0.0230702 0.0894218 0.1654431 0.0848906 0.0792685 0.0291700 0.0231540 0.2092287 0.2272177 0.1957138 0.1976737 0.0274227 0.0202139 0.0769587 0.0891880 0.2065294 0.0189760 0.0599427 0.0135217 0.2283824 0.0251241 0.1555513 
