86
Amauria_brandeegeana_62                    0.0000000 0.0860456 0.0903392 0.3020107 0.1334623 0.1770410 0.1928294 0.1495724 0.3070917 0.1472307 0.1654461 0.2295329 0.1659262 0.2080697 0.1896895 0.1160917 0.1969357 0.1877389 0.1344782 0.2143199 0.2058159 0.1705976 0.0584281 0.1652093 0.2664302 0.1703014 0.2844315 0.2832549 0.1660930 0.2200937 0.1303562 0.2891628 0.2426445 0.1327891 0.1468381 0.3037062 0.1715377 0.1039727 0.2119953 0.1751489 0.1942748 0.1540329 0.1723848 0.1602065 0.1728085 0.1841544 0.1844667 0.1573117 0.1738938 0.1711710 0.2126217 0.2116339 0.2001671 0.3169391 0.1797151 0.2081825 0.1480680 0.1769237 0.1710038 0.1610061 0.2206184 0.0624251 0.1716834 0.0813159 0.2143839 0.1707980 0.3114002 0.1764397 0.3377130 0.1506893 0.2000822 0.1645984 0.2384334 0.1630359 0.1611344 0.1460437 0.0789144 0.1770170 0.2983945 0.1905232 0.1350995 0.0972158 0.1677254 0.2052541 0.1143234 0.1795137 
Amauria_carterae_99_mesa                   0.0860456 0.0000000 0.1055324 0.2393044 0.0804161 0.0604659 0.1689912 0.1467162 0.2463690 0.0986262 0.1092700 0.1847639 0.1232182 0.1261011 0.1098593 0.1180467 0.1458792 0.1959768 0.1367155 0.1367744 0.1461667 0.1021034 0.0586734 0.1077569 0.1151589 0.1068966 0.2435627 0.1525679 0.1407613 0.1502842 0.1225058 0.1914041 0.1605329 0.0821024 0.1000248 0.1657727 0.1209990 0.0803020 0.2238399 0.1070360 0.1329670 0.0954316 0.1263325 0.0917819 0.1238577 0.1338468 0.1473265 0.0917280 0.1057492 0.1198599 0.1467070 0.1296722 0.1094560 0.2103007 0.1462955 0.1462885 0.1316790 0.1281772 0.1071622 0.1069966 0.1458720 0.0690137 0.1517382 0.0696317 0.1819854 0.1330240 0.1959444 0.1296937 0.2705403 0.1391524 0.1498410 0.1077569 0.1526504 0.1095439 0.0925921 0.0997347 0.0777267 0.1281724 0.1965523 0.1296142 0.1474678 0.1074129 0.1096016 0.1442873 0.1041184 0.1041690 
Amauria_rotundifolia_SRR9119150            0.0903392 0.1055324 0.0000000 0.3314873 0.1445383 0.1589776 0.2177970 0.1780094 0.3192332 0.1878344 0.1825268 0.2630702 0.1835799 0.2122064 0.2018708 0.1289472 0.2413116 0.1922858 0.1420375 0.2468947 0.2324665 0.1902977 0.0541467 0.1856381 0.2864038 0.1900152 0.3473382 0.2798927 0.2026844 0.2372771 0.1124986 0.2965237 0.2424310 0.1505083 0.1649780 0.3605991 0.1995934 0.1139167 0.2682719 0.2003322 0.2259971 0.1656138 0.2040332 0.1693827 0.2070840 0.2045721 0.2397648 0.1868369 0.1886121 0.2021532 0.2390927 0.2289885 0.2385736 0.3411289 0.2233652 0.2415075 0.1560955 0.1670982 0.1933041 0.1762363 0.2589071 0.0550505 0.1860600 0.0912892 0.2538464 0.1980971 0.3371033 0.1860308 0.3666849 0.1468815 0.2474154 0.1856381 0.2567594 0.1945337 0.1792859 0.1481675 0.0717801 0.1845829 0.3389447 0.2330372 0.1353881 0.1071991 0.1854786 0.2379954 0.1180764 0.1967519 
Conoclinium_coelestinum_SRR9119114         0.3020107 0.2393044 0.3314873 0.0000000 0.2935907 0.3642146 0.1634873 0.2111490 0.3771244 0.3142696 0.3061461 0.3514450 0.3147605 0.3485598 0.2765252 0.2189904 0.3067197 0.3367352 0.3111047 0.3163787 0.3144153 0.3024110 0.1711271 0.3207256 0.3422823 0.3045585 0.3723828 0.3533000 0.3335635 0.3577671 0.3114784 0.4284810 0.4033774 0.3169821 0.3137141 0.5166907 0.3257886 0.2112193 0.3567721 0.3318671 0.3324293 0.3117992 0.3311973 0.3011020 0.3179167 0.3424361 0.3142492 0.3123973 0.3040653 0.3250220 0.3035659 0.3714892 0.3354520 0.4111606 0.3121887 0.3661514 0.2680878 0.3076282 0.3017632 0.3023705 0.3728502 0.2000858 0.3028915 0.1874462 0.3407913 0.3159242 0.3896247 0.3136618 0.5778066 0.1796225 0.3020437 0.3207256 0.3664189 0.3022848 0.3004614 0.2756302 0.1956419 0.3145725 0.5219202 0.3217395 0.2271607 0.2495442 0.3010180 0.3296335 0.2896947 0.3114714 
Eutetras_palmeri_63                        0.1334623 0.0804161 0.1445383 0.2935907 0.0000000 0.0115072 0.1682251 0.1476538 0.2606455 0.1088521 0.1004552 0.2084041 0.1015497 0.1358006 0.0942781 0.0943637 0.1479483 0.1879881 0.1157218 0.1331954 0.1272508 0.0950213 0.0500239 0.1007887 0.1950234 0.0980264 0.2805218 0.2067464 0.1222247 0.1430361 0.1026648 0.1977863 0.1758461 0.1207093 0.0886099 0.1703425 0.1148326 0.0843702 0.1633519 0.1071856 0.1234356 0.0908719 0.1115934 0.0906498 0.1041610 0.1034868 0.1426376 0.1054065 0.0964066 0.1105674 0.1401529 0.1351331 0.1654832 0.2206814 0.1281704 0.1568135 0.1353211 0.1138993 0.0935621 0.0942565 0.1598618 0.0401589 0.1365642 0.0702070 0.1957851 0.1249290 0.2296405 0.1203267 0.2106027 0.1353637 0.1486805 0.1007887 0.1542620 0.1026764 0.0821813 0.0869762 0.0551971 0.1212623 0.1730211 0.1289073 0.1335433 0.0876973 0.0954639 0.1617969 0.0868686 0.0946698 
Eutetras_pringlei_149_quer                 0.1770410 0.0604659 0.1589776 0.3642146 0.0115072 0.0000000 0.1760085 0.1352816 0.1898689 0.0787124 0.0682720 0.3475283 0.0772693 0.0855955 0.0688288 0.0000010 0.0705945 0.0637229 0.0737142 0.0706188 0.0814337 0.0791582 0.0338912 0.0878738 0.0771780 0.0835804 0.3673084 0.0926484 0.0933590 0.0835226 0.0802243 0.0746896 0.0761727 0.1278148 0.0901445 0.0822798 0.0748820 0.0000010 0.0657168 0.0878850 0.1075746 0.0856578 0.0808891 0.0901934 0.0784495 0.0735416 0.0583570 0.0901934 0.0792677 0.0784495 0.0686680 0.0856266 0.2975444 0.0730160 0.0666891 0.1202601 0.0874391 0.0790063 0.0793194 0.0812912 0.0959848 0.0401589 0.0696798 0.0447357 0.3417174 0.0914380 0.0900678 0.0859563 0.0822408 0.0429630 0.0602396 0.0878738 0.0859659 0.0837644 0.0750167 0.0677583 0.0543540 0.0835052 0.0809951 0.0644360 0.0625933 0.0593462 0.0813458 0.1061943 0.0741489 0.0736980 
Eutrochium_fistulosum_SRR9119106           0.1928294 0.1689912 0.2177970 0.1634873 0.1682251 0.1760085 0.0000000 0.1291091 0.2745556 0.2014223 0.1856544 0.2457993 0.1917256 0.2120812 0.1742503 0.1528963 0.1740887 0.2268803 0.2038004 0.1859965 0.1826145 0.1799162 0.1032109 0.2002158 0.2297886 0.1849960 0.2692860 0.2459042 0.2128767 0.2551611 0.1755538 0.3029767 0.2773200 0.2102955 0.1921336 0.3762051 0.2063131 0.1436153 0.2101112 0.2071072 0.2057986 0.1861979 0.2080993 0.1791368 0.2041723 0.2105292 0.1842437 0.1880476 0.1791737 0.2031248 0.1888757 0.2389291 0.2275430 0.2697449 0.1821996 0.2245013 0.1933673 0.1859184 0.1772096 0.1812856 0.2539029 0.1333845 0.2164350 0.1018381 0.2388453 0.2000898 0.2669846 0.1920007 0.4158906 0.1107318 0.1842872 0.2002158 0.2654969 0.1817982 0.1820793 0.1741528 0.1262562 0.1920632 0.3498450 0.1872830 0.1512188 0.1770218 0.1777860 0.1978705 0.1744950 0.1955592 
Galeana_pratensis_104_mex                  0.1495724 0.1467162 0.1780094 0.2111490 0.1476538 0.1352816 0.1291091 0.0000000 0.1697312 0.1720537 0.1655229 0.2906848 0.1503402 0.1645774 0.1473912 0.0000010 0.1532321 0.1476052 0.1469038 0.1560800 0.1533984 0.1536297 0.1129835 0.1606735 0.1580816 0.1538242 0.2772624 0.1731923 0.1682500 0.1762031 0.1533960 0.1624397 0.1484455 0.1883913 0.1564504 0.1648972 0.1552604 0.0000010 0.1813448 0.1607013 0.2004708 0.1606735 0.1633230 0.1526408 0.1739729 0.1772808 0.1618882 0.1526408 0.1539941 0.1739729 0.1653713 0.1604809 0.1644173 0.1543187 0.1614560 0.1655588 0.1632510 0.1518409 0.1541704 0.1536297 0.1685063 0.1126736 0.1470114 0.1087185 0.2780356 0.1719943 0.1620649 0.1747607 0.1755923 0.1214135 0.1647442 0.1606735 0.1804304 0.1539449 0.1500743 0.1631917 0.1312507 0.1707402 0.1696575 0.1572920 0.1387051 0.1392155 0.1533064 0.2089966 0.1504511 0.1619366 
Helianthus_annuus_SRR9119062               0.3070917 0.2463690 0.3192332 0.3771244 0.2606455 0.1898689 0.2745556 0.1697312 0.0000000 0.2985761 0.3087235 0.3644335 0.2860432 0.2988656 0.2611533 0.3084481 0.3256307 0.3216520 0.2503997 0.3274737 0.3160294 0.2883723 0.1037936 0.2971220 0.3113627 0.2857930 0.4152982 0.3139181 0.2965836 0.3357163 0.2086959 0.3675428 0.3436723 0.3192907 0.2803246 0.3740059 0.2933225 0.3144559 0.3225956 0.2888204 0.3035798 0.2802728 0.2997186 0.2795604 0.2854788 0.2953205 0.3215944 0.2881401 0.2862143 0.2987098 0.3192798 0.3190440 0.3545453 0.3738996 0.3243402 0.3090305 0.2494918 0.2506971 0.2869951 0.2858199 0.3007938 0.1317408 0.2623154 0.1836216 0.3570982 0.2946681 0.3856962 0.2892137 0.3943074 0.2031883 0.3255313 0.2971220 0.3326037 0.2939521 0.2846310 0.2687901 0.1844771 0.2844278 0.3799973 0.3123867 0.2791098 0.2094841 0.2853937 0.3280085 0.2348245 0.2824702 
Lycapsus_tenuifolius_17                    0.1472307 0.0986262 0.1878344 0.3142696 0.1088521 0.0787124 0.2014223 0.1720537 0.2985761 0.0000000 0.1632739 0.2429215 0.1346129 0.1317059 0.1483551 0.1275102 0.1916212 0.2053320 0.1264838 0.1962386 0.1789750 0.1292006 0.0661817 0.1453678 0.2244779 0.1291446 0.3497307 0.2244784 0.1617710 0.0960721 0.0141571 0.2248213 0.1833927 0.0894841 0.1155575 0.2832582 0.1385694 0.1023762 0.2080724 0.1128222 0.1716845 0.1015239 0.1597134 0.1105050 0.1314458 0.1700019 0.1915752 0.1271569 0.1373003 0.1485492 0.2071169 0.2083578 0.2341273 0.2399132 0.1703219 0.1703729 0.1552233 0.1445607 0.1423977 0.1465316 0.1847502 0.0783100 0.1648332 0.0953397 0.2675820 0.1491293 0.2504260 0.1538793 0.2259085 0.1724122 0.2211433 0.1453678 0.1086357 0.1422864 0.1238975 0.1105711 0.0856545 0.1438061 0.2178831 0.1519452 0.1475091 0.1192514 0.1543552 0.2028651 0.1221198 0.1280114 
Pericome_caudata_50_silver                 0.1654461 0.1092700 0.1825268 0.3061461 0.1004552 0.0682720 0.1856544 0.1655229 0.3087235 0.1632739 0.0000000 0.2424945 0.1168793 0.1556549 0.1671236 0.1131920 0.2146583 0.2267415 0.1263894 0.2084863 0.1852818 0.1193205 0.0856074 0.1445117 0.2120126 0.1379056 0.3495870 0.2002894 0.1510960 0.1674843 0.1046526 0.2337695 0.1885143 0.1681355 0.1332983 0.2595151 0.1341318 0.1131451 0.2031145 0.1199786 0.1597958 0.1180480 0.1473553 0.1185408 0.1313737 0.1478142 0.2093160 0.1420521 0.1362552 0.1786384 0.2070278 0.1952245 0.2546540 0.2607185 0.1742378 0.1844220 0.1349251 0.1265236 0.1322359 0.1300097 0.1740620 0.0787409 0.1447572 0.1566979 0.2675342 0.1430777 0.2268120 0.1473459 0.2242678 0.1519253 0.2330417 0.1445117 0.1782756 0.1494883 0.1043658 0.1086846 0.0821322 0.1384676 0.1992676 0.1681648 0.1566247 0.1206151 0.1408965 0.1827759 0.0956580 0.1142729 
Perityle_aglossa_84_dead_horse             0.2295329 0.1847639 0.2630702 0.3514450 0.2084041 0.3475283 0.2457993 0.2906848 0.3644335 0.2429215 0.2424945 0.0000000 0.2281818 0.2622942 0.2317124 0.1030629 0.2424099 0.2796875 0.2316297 0.2848597 0.2449735 0.2414483 0.2001808 0.2319985 0.3393875 0.2421492 0.3109834 0.3504146 0.2705191 0.3196938 0.3129811 0.3797205 0.3272961 0.2284721 0.2099562 0.4975743 0.2525372 0.0800932 0.2883744 0.2519447 0.1990784 0.2140404 0.2485520 0.2229639 0.2460206 0.2723516 0.2428912 0.2302469 0.2414743 0.2448668 0.2631639 0.2861281 0.2328404 0.3807359 0.2347932 0.2978503 0.2434144 0.2499743 0.2411803 0.2340419 0.3168464 0.2901691 0.2544403 0.1636463 0.0242597 0.2659605 0.3589310 0.2703683 0.4968736 0.2302106 0.2492678 0.2319985 0.3323314 0.2449156 0.2219525 0.1967538 0.1934321 0.2746009 0.4683464 0.2579424 0.1457944 0.2227632 0.2393979 0.2646744 0.2139032 0.2518329 
Perityle_ajoensis_204                      0.1659262 0.1232182 0.1835799 0.3147605 0.1015497 0.0772693 0.1917256 0.1503402 0.2860432 0.1346129 0.1168793 0.2281818 0.0000000 0.1096612 0.1074808 0.0902504 0.1418912 0.1776147 0.1458823 0.1531117 0.1350977 0.0350554 0.0499695 0.0965836 0.0979108 0.0449898 0.2714375 0.1371742 0.1554056 0.1911204 0.1151174 0.2311874 0.2007810 0.1649982 0.0695801 0.2456864 0.1485748 0.0618007 0.1732099 0.1102609 0.1300077 0.0867035 0.1463521 0.0882742 0.1439720 0.1380529 0.1379841 0.0890016 0.0363114 0.1436756 0.1473457 0.1317915 0.1883136 0.2278735 0.1403532 0.1618955 0.1065449 0.0829054 0.0344802 0.0379834 0.1757672 0.0521619 0.1453117 0.0679329 0.2108978 0.1491022 0.2265670 0.1672973 0.2660506 0.1800772 0.1414718 0.0965836 0.2019986 0.0439490 0.0372942 0.0929242 0.0461135 0.1686649 0.2292717 0.1380080 0.1395282 0.1104808 0.0369436 0.1664916 0.1091600 0.0842109 
Perityle_ambrosiifolia_67_green            0.2080697 0.1261011 0.2122064 0.3485598 0.1358006 0.0855955 0.2120812 0.1645774 0.2988656 0.1317059 0.1556549 0.2622942 0.1096612 0.0000000 0.1285600 0.1229494 0.1652574 0.1533776 0.1083688 0.1656648 0.1586924 0.1092418 0.0541639 0.0634222 0.1635522 0.1223072 0.3238131 0.1447067 0.1743386 0.1224385 0.1028750 0.1629144 0.1449784 0.1640948 0.0527371 0.2233296 0.1578424 0.1062229 0.2307363 0.0521247 0.1480852 0.0470528 0.1580283 0.0650979 0.1439413 0.1534558 0.1715004 0.0626609 0.1233384 0.1532284 0.1788807 0.0629059 0.2510092 0.1978896 0.1754919 0.1868006 0.1035174 0.0932781 0.1149257 0.1276519 0.1796813 0.0519730 0.1105266 0.0611783 0.2823002 0.1701374 0.1873340 0.1532578 0.2040611 0.1419231 0.1675201 0.0634222 0.1179788 0.1434848 0.1025808 0.1136432 0.0730342 0.1554885 0.1995206 0.1756410 0.1728975 0.1217148 0.1252115 0.1811512 0.1136363 0.0866272 
Perityle_angustifolia_13_Eagle_creek       0.1896895 0.1098593 0.2018708 0.2765252 0.0942781 0.0688288 0.1742503 0.1473912 0.2611533 0.1483551 0.1671236 0.2317124 0.1074808 0.1285600 0.0000000 0.0795161 0.0769417 0.1713998 0.1307840 0.0796387 0.0784019 0.1018028 0.0586699 0.1869541 0.1246065 0.1284013 0.2911593 0.2135465 0.1336232 0.1497202 0.1488794 0.2373301 0.1658374 0.1651416 0.1145711 0.2517371 0.1321261 0.0649483 0.1446427 0.1224442 0.2033915 0.1061722 0.1665854 0.1035349 0.1497066 0.1891352 0.0620165 0.1231085 0.1654505 0.1901543 0.0660218 0.1643063 0.2123330 0.1721580 0.0413787 0.1511221 0.1411890 0.1313930 0.1349654 0.1017572 0.1442150 0.0630625 0.1200380 0.0923485 0.2553911 0.1293947 0.1290269 0.1327542 0.2626970 0.0276900 0.0924999 0.1869541 0.1509374 0.1256497 0.1008694 0.0912988 0.0949235 0.1334714 0.2271068 0.0511960 0.0218706 0.0996189 0.1365186 0.1993221 0.1084878 0.1094559 
Perityle_batopilensis_97                   0.1160917 0.1180467 0.1289472 0.2189904 0.0943637 0.0000010 0.1528963 0.0000010 0.3084481 0.1275102 0.1131920 0.1030629 0.0902504 0.1229494 0.0795161 0.0000000 0.1208195 0.2167459 0.1486694 0.1081013 0.1063780 0.0720436 1.7499427 0.0969763 0.1137079 0.0891001 0.1152732 0.1309702 0.1507686 0.1689382 0.5575443 0.2282890 0.1959316 0.1323526 0.0908953 0.4947833 0.1487805 0.0784571 0.1889907 0.0812498 0.1289683 0.0937134 0.1467946 0.0804926 0.1420413 0.1483703 0.1261563 0.0811232 0.0666888 0.1415874 0.1084137 0.1421461 0.0786099 0.1635124 0.1210417 0.1732839 0.1071705 0.1038771 0.0691402 0.0675849 0.1852039 0.0000010 0.1335450 0.0726016 0.1060411 0.1432896 0.1383886 0.1229273 0.6241093 0.0951946 0.1243623 0.0969763 0.1666137 0.0766752 0.0736169 0.1067714 0.0873546 0.1264086 0.5451239 0.1134344 0.1223777 0.1265971 0.0691427 0.0842670 0.1246933 0.1104841 
Perityle_bisetosa_9                        0.1969357 0.1458792 0.2413116 0.3067197 0.1479483 0.0705945 0.1740887 0.1532321 0.3256307 0.1916212 0.2146583 0.2424099 0.1418912 0.1652574 0.0769417 0.1208195 0.0000000 0.2221729 0.1534480 0.0569505 0.0476248 0.1314157 0.0285750 0.2011533 0.2655021 0.1592856 0.3250140 0.2986402 0.1857233 0.2104750 0.1545968 0.3322715 0.2571458 0.1922199 0.1379274 0.3238945 0.1585037 0.0621001 0.2028885 0.1500303 0.2492879 0.1407754 0.2193895 0.1265582 0.1882231 0.2344006 0.0498477 0.1525142 0.1651218 0.2271048 0.0826097 0.1832116 0.2035735 0.2268671 0.0418139 0.2129766 0.1522670 0.1362170 0.1787626 0.1674854 0.2125640 0.0475135 0.1868801 0.0858250 0.3001474 0.1576996 0.1868228 0.2040763 0.3037578 0.0293304 0.0730795 0.1951010 0.2242699 0.1602017 0.1157957 0.1339291 0.0914294 0.1900998 0.2722474 0.1019424 0.0490621 0.0911402 0.1845052 0.1951569 0.1066231 0.1064478 
Perityle_californica_76_positas            0.1877389 0.1959768 0.1922858 0.3367352 0.1879881 0.0637229 0.2268803 0.1476052 0.3216520 0.2053320 0.2267415 0.2796875 0.1776147 0.1533776 0.1713998 0.2167459 0.2221729 0.0000000 0.1450908 0.1991373 0.2181858 0.1729592 0.0633680 0.1958564 0.1761604 0.2020683 0.3258584 0.1700127 0.2313402 0.1615830 0.0928726 0.1362356 0.1568562 0.2201972 0.1832663 0.2192030 0.1928644 0.2271728 0.2420903 0.1633579 0.2372560 0.1879830 0.2142778 0.1829064 0.1907052 0.2223581 0.2293758 0.1952869 0.1854851 0.2194149 0.2193849 0.1561645 0.2301628 0.2560996 0.2085487 0.2395655 0.1157075 0.1266913 0.1924651 0.1946198 0.2346018 0.0590364 0.1497219 0.0887828 0.3080765 0.2206573 0.2184852 0.2249322 0.2808234 0.1447547 0.2229330 0.1958564 0.1715686 0.1976672 0.1562230 0.1917856 0.0779881 0.2206581 0.2512878 0.2115217 0.2221849 0.1760041 0.1964784 0.2403630 0.1338291 0.1478026 
Perityle_canescens_77                      0.1344782 0.1367155 0.1420375 0.3111047 0.1157218 0.0737142 0.2038004 0.1469038 0.2503997 0.1264838 0.1263894 0.2316297 0.1458823 0.1083688 0.1307840 0.1486694 0.1534480 0.1450908 0.0000000 0.1605365 0.1571923 0.1475422 0.0765209 0.1153306 0.1461843 0.1507997 0.2629436 0.1632639 0.1260421 0.1387061 0.1084319 0.1400985 0.1291055 0.1335766 0.1068766 0.2025590 0.0959275 0.1407530 0.1517309 0.1053150 0.1733804 0.1073097 0.0971245 0.1083442 0.0994167 0.1297584 0.1506991 0.1064178 0.1475933 0.1023779 0.1525012 0.1189932 0.1709890 0.1949066 0.1497933 0.1285182 0.1355297 0.1405818 0.1487696 0.1464385 0.1252423 0.0705937 0.1333496 0.1007097 0.2265312 0.1243340 0.1687474 0.1178654 0.2472085 0.1688467 0.1547732 0.1153306 0.1385624 0.1528088 0.1394222 0.1017114 0.1141405 0.1188097 0.2235786 0.1404016 0.1621656 0.0996014 0.1475143 0.1719016 0.1025016 0.1159991 
Perityle_castillonii_96                    0.2143199 0.1367744 0.2468947 0.3163787 0.1331954 0.0706188 0.1859965 0.1560800 0.3274737 0.1962386 0.2084863 0.2848597 0.1531117 0.1656648 0.0796387 0.1081013 0.0569505 0.1991373 0.1605365 0.0000000 0.0519879 0.1278026 0.0327596 0.2155080 0.2191578 0.1892851 0.3185875 0.2650397 0.1832597 0.2034298 0.1573514 0.3001740 0.2144260 0.1985705 0.1480946 0.3172444 0.1650975 0.0296877 0.2199969 0.1576765 0.2676941 0.1437833 0.2181433 0.1290380 0.2074144 0.2374973 0.0710956 0.1577469 0.1860018 0.2325513 0.0679128 0.1765566 0.2397210 0.2084741 0.0536538 0.2225690 0.1233386 0.1368689 0.1831992 0.1457350 0.2050235 0.0513137 0.1655609 0.0951431 0.3159155 0.1632201 0.1557561 0.1826394 0.3359311 0.0496038 0.0868918 0.2079481 0.2047101 0.1694992 0.1072204 0.1542399 0.0806928 0.1833708 0.3009912 0.1182171 0.0597782 0.0979306 0.1791993 0.2145992 0.1047121 0.1089626 
Perityle_cernua_84                         0.2058159 0.1461667 0.2324665 0.3144153 0.1272508 0.0814337 0.1826145 0.1533984 0.3160294 0.1789750 0.1852818 0.2449735 0.1350977 0.1586924 0.0784019 0.1063780 0.0476248 0.2181858 0.1571923 0.0519879 0.0000000 0.1328076 0.0412127 0.1878597 0.2555061 0.1640259 0.3143227 0.2856984 0.1730435 0.2203632 0.1691519 0.3143777 0.2378354 0.1938112 0.1210623 0.3188130 0.1591701 0.0648628 0.1872498 0.1550713 0.2313740 0.1340648 0.1931084 0.1305804 0.1825645 0.2051920 0.0654689 0.1447640 0.1688966 0.2066119 0.0874072 0.1710553 0.2153630 0.2246706 0.0449878 0.2094086 0.1632755 0.1377836 0.1653828 0.1445349 0.2109793 0.0591087 0.1816920 0.0840803 0.2620634 0.1617529 0.1838857 0.1901942 0.3062933 0.0293949 0.0713740 0.1805335 0.2291291 0.1561229 0.1130666 0.1308868 0.1024395 0.1913806 0.2662683 0.0997700 0.0507750 0.1043970 0.1630843 0.1927879 0.1126019 0.1118218 
Perityle_cfvillosa_25_tin                  0.1705976 0.1021034 0.1902977 0.3024110 0.0950213 0.0791582 0.1799162 0.1536297 0.2883723 0.1292006 0.1193205 0.2414483 0.0350554 0.1092418 0.1018028 0.0720436 0.1314157 0.1729592 0.1475422 0.1278026 0.1328076 0.0000000 0.0542931 0.0927686 0.1015499 0.0277816 0.2638295 0.1146005 0.1480116 0.1943484 0.1192222 0.2140717 0.1882480 0.1545689 0.0604683 0.2550551 0.1467088 0.0343670 0.1642524 0.1058268 0.1217810 0.0786719 0.1433425 0.0638632 0.1388198 0.1447600 0.1380395 0.0630448 0.0072257 0.1455945 0.1474513 0.1418217 0.1772051 0.2106698 0.1368352 0.1529430 0.0986929 0.0767952 0.0058178 0.0066996 0.1789221 0.0556674 0.1340011 0.0638585 0.2323079 0.1426985 0.1878589 0.1596109 0.2619458 0.1700399 0.1373213 0.0927686 0.1907538 0.0171708 0.0087468 0.1158033 0.0054293 0.1601005 0.2218890 0.1287555 0.1432622 0.1042508 0.0061870 0.1508607 0.1086378 0.0792316 
Perityle_cinerea_113_Powell1310            0.0584281 0.0586734 0.0541467 0.1711271 0.0500239 0.0338912 0.1032109 0.1129835 0.1037936 0.0661817 0.0856074 0.2001808 0.0499695 0.0541639 0.0586699 1.7499427 0.0285750 0.0633680 0.0765209 0.0327596 0.0412127 0.0542931 0.0000000 0.0583952 0.0499331 0.0542931 0.0718566 0.0673496 0.0539293 0.0661817 0.0491855 0.0808985 0.0624831 0.0632490 0.0584381 0.0590278 0.0633599 1.7499427 0.0629665 0.0627875 0.0899290 0.0541639 0.0748280 0.0583952 0.0767288 0.0811981 0.0456578 0.0583952 0.0542931 0.0723827 0.0456378 0.0541639 0.0457414 0.0455220 0.0542856 0.0671294 0.0673780 0.0677529 0.0542931 0.0542931 0.0713334 0.0269791 0.0544225 0.0187884 0.1847715 0.0584738 0.0498418 0.0636802 0.0612878 0.0251794 0.0412916 0.0583952 0.0707319 0.0542931 0.0542931 0.0542732 0.0337973 0.0636802 0.0512281 0.0412916 0.0456378 0.0251399 0.0587016 0.0764152 0.0675720 0.0542383 
Perityle_coahuilensis_24                   0.1652093 0.1077569 0.1856381 0.3207256 0.1007887 0.0878738 0.2002158 0.1606735 0.2971220 0.1453678 0.1445117 0.2319985 0.0965836 0.0634222 0.1869541 0.0969763 0.2011533 0.1958564 0.1153306 0.2155080 0.1878597 0.0927686 0.0583952 0.0000000 0.1769333 0.0838444 0.3138671 0.1947675 0.1491291 0.1665518 0.1133859 0.2258044 0.1890808 0.1535363 0.0351778 0.2783695 0.1340062 0.0848458 0.1952808 0.0520464 0.0838487 0.0303606 0.1419479 0.0460229 0.1332422 0.1502278 0.1880161 0.0580826 0.1048970 0.1720210 0.2018522 0.1310852 0.1995221 0.2732014 0.1776671 0.1624521 0.1291559 0.0993486 0.0943869 0.0945411 0.1825320 0.0519730 0.1363806 0.1375673 0.2360018 0.1469346 0.2376848 0.1413868 0.2190218 0.1653836 0.2283351 0.0003524 0.1776466 0.0989347 0.0876730 0.0919010 0.0566713 0.1404913 0.2119516 0.1445964 0.1376889 0.1071868 0.0967284 0.1766999 0.1123257 0.0740050 
Perityle_cochisensis_44_cave_creek         0.2664302 0.1151589 0.2864038 0.3422823 0.1950234 0.0771780 0.2297886 0.1580816 0.3113627 0.2244779 0.2120126 0.3393875 0.0979108 0.1635522 0.1246065 0.1137079 0.2655021 0.1761604 0.1461843 0.2191578 0.2555061 0.1015499 0.0499331 0.1769333 0.0000000 0.1162241 0.4020502 0.1205207 0.2644817 0.1885093 0.1192349 0.2267290 0.2066969 0.2440543 0.1714404 0.2518799 0.2336240 0.1953136 0.2731870 0.1291298 0.1986150 0.1756052 0.2426961 0.1752235 0.1957938 0.2241969 0.2636872 0.1850395 0.1234450 0.2454481 0.2275939 0.1587445 0.3095959 0.2561504 0.2324759 0.2220330 0.0718128 0.0827934 0.0980427 0.1261292 0.2076100 0.0597182 0.1209423 0.0702341 0.3598121 0.2460445 0.1932059 0.2599366 0.2605338 0.1783054 0.2433455 0.1769333 0.1876709 0.1295564 0.0876843 0.2120058 0.0219826 0.2469728 0.2323830 0.2548903 0.2859610 0.1085002 0.1254644 0.2552682 0.1092901 0.1173671 
Perityle_congesta_202                      0.1703014 0.1068966 0.1900152 0.3045585 0.0980264 0.0835804 0.1849960 0.1538242 0.2857930 0.1291446 0.1379056 0.2421492 0.0449898 0.1223072 0.1284013 0.0891001 0.1592856 0.2020683 0.1507997 0.1892851 0.1640259 0.0277816 0.0542931 0.0838444 0.1162241 0.0000000 0.3025002 0.1448270 0.1581986 0.1902553 0.1235838 0.2548615 0.2060869 0.1523650 0.0644880 0.2857507 0.1475893 0.0648010 0.1901277 0.1045423 0.1231398 0.0804073 0.1450808 0.0824087 0.1410314 0.1479808 0.1606785 0.0815315 0.0263351 0.1445114 0.1900556 0.1710685 0.1963865 0.2281007 0.1634599 0.1648071 0.1081782 0.0820246 0.0261037 0.0264473 0.1911727 0.0518949 0.1513801 0.0719289 0.2445468 0.1547260 0.2216397 0.1647668 0.2662300 0.1794495 0.1721621 0.0838444 0.1986732 0.0356577 0.0266612 0.1131770 0.0163932 0.1637303 0.2179232 0.1484322 0.1459935 0.1011075 0.0257650 0.1670075 0.1099825 0.0830427 
Perityle_cordifolia_27                     0.2844315 0.2435627 0.3473382 0.3723828 0.2805218 0.3673084 0.2692860 0.2772624 0.4152982 0.3497307 0.3495870 0.3109834 0.2714375 0.3238131 0.2911593 0.1152732 0.3250140 0.3258584 0.2629436 0.3185875 0.3143227 0.2638295 0.0718566 0.3138671 0.4020502 0.3025002 0.0000000 0.4335883 0.3392688 0.3651514 0.3360558 0.4707872 0.4160541 0.2667439 0.2768334 0.6157490 0.2949557 0.0819320 0.3899236 0.2712843 0.3695654 0.2803277 0.3421906 0.2546246 0.3460171 0.3698692 0.3167645 0.3022975 0.2865951 0.3485170 0.3281426 0.4121130 0.2848658 0.3822029 0.3077059 0.3528430 0.2447394 0.2778256 0.3085961 0.2872190 0.3874133 0.2242387 0.3015279 0.0637043 0.3576191 0.2908259 0.3509928 0.3479812 0.6103759 0.1862687 0.3527567 0.3138671 0.3880689 0.3058437 0.2403815 0.2751933 0.1577369 0.3342480 0.5780400 0.2910813 0.1769538 0.1939274 0.3112929 0.3401682 0.1999682 0.2533799 
Perityle_cordifolia_68_tecolote            0.2832549 0.1525679 0.2798927 0.3533000 0.2067464 0.0926484 0.2459042 0.1731923 0.3139181 0.2244784 0.2002894 0.3504146 0.1371742 0.1447067 0.2135465 0.1309702 0.2986402 0.1700127 0.1632639 0.2650397 0.2856984 0.1146005 0.0673496 0.1947675 0.1205207 0.1448270 0.4335883 0.0000000 0.2690588 0.1866138 0.1366223 0.2470490 0.2058313 0.2310255 0.1779197 0.2942649 0.2570423 0.1655458 0.3004176 0.1363691 0.2313627 0.1791479 0.2172105 0.1828153 0.1997494 0.1979232 0.3031891 0.1873110 0.1481217 0.2653393 0.3003149 0.1930673 0.3806740 0.2879198 0.2949162 0.2471756 0.0184234 0.1043838 0.1226789 0.1688125 0.1908849 0.0718913 0.1252538 0.1487804 0.4018273 0.2484893 0.2412662 0.2302346 0.2676971 0.2023525 0.2822335 0.1939811 0.1940908 0.1767854 0.1177058 0.2229246 0.0654416 0.2336657 0.2235169 0.2646213 0.2748681 0.1312781 0.1430590 0.2407980 0.1258148 0.1202510 
Perityle_coronopifolia_28_patagonia        0.1660930 0.1407613 0.2026844 0.3335635 0.1222247 0.0933590 0.2128767 0.1682500 0.2965836 0.1617710 0.1510960 0.2705191 0.1554056 0.1743386 0.1336232 0.1507686 0.1857233 0.2313402 0.1260421 0.1832597 0.1730435 0.1480116 0.0539293 0.1491291 0.2644817 0.1581986 0.3392688 0.2690588 0.0000000 0.1885827 0.1461607 0.2258953 0.2043777 0.1707944 0.1352293 0.2423977 0.1218558 0.1241518 0.1872620 0.1570376 0.1794739 0.1410848 0.1295738 0.1436916 0.1213328 0.1318663 0.1827530 0.1552451 0.1644025 0.1314451 0.1934056 0.2017360 0.2442799 0.2481181 0.1684928 0.1565897 0.1614898 0.1498397 0.1530757 0.1477427 0.0751298 0.0668901 0.1612558 0.0780917 0.2637616 0.0251999 0.2543717 0.1445760 0.2386495 0.1580024 0.1871472 0.1485857 0.2072839 0.1580204 0.1364865 0.1305163 0.1090272 0.1467500 0.2103959 0.1761259 0.1606770 0.0479969 0.1531114 0.2070994 0.1120317 0.1295553 
Perityle_crassifolia_70_ventanas           0.2200937 0.1502842 0.2372771 0.3577671 0.1430361 0.0835226 0.2551611 0.1762031 0.3357163 0.0960721 0.1674843 0.3196938 0.1911204 0.1224385 0.1497202 0.1689382 0.2104750 0.1615830 0.1387061 0.2034298 0.2203632 0.1943484 0.0661817 0.1665518 0.1885093 0.1902553 0.3651514 0.1866138 0.1885827 0.0000000 0.0017586 0.1751978 0.1514916 0.2102051 0.1570297 0.2244225 0.1843093 0.2094734 0.2316607 0.1409812 0.2178542 0.1565258 0.1764114 0.1658494 0.1713844 0.1687735 0.2134581 0.1604136 0.1940003 0.1743964 0.2143759 0.1326663 0.3095937 0.2499064 0.2032557 0.2134852 0.1354691 0.1297234 0.1894419 0.1906103 0.1934246 0.0823091 0.1556705 0.0803109 0.3242908 0.1856625 0.2296979 0.1680671 0.2254548 0.1590948 0.2092436 0.1665518 0.0074317 0.1952948 0.1859356 0.1530440 0.0904451 0.1708880 0.2169276 0.2071710 0.2294430 0.1398184 0.1908179 0.2389143 0.1268156 0.1529323 
Perityle_crassifolia_74_playa_balandra     0.1303562 0.1225058 0.1124986 0.3114784 0.1026648 0.0802243 0.1755538 0.1533960 0.2086959 0.0141571 0.1046526 0.3129811 0.1151174 0.1028750 0.1488794 0.5575443 0.1545968 0.0928726 0.1084319 0.1573514 0.1691519 0.1192222 0.0491855 0.1133859 0.1192349 0.1235838 0.3360558 0.1366223 0.1461607 0.0017586 0.0000000 0.1150672 0.0907380 0.1245857 0.1023388 0.1023887 0.1247733 0.0000010 0.1465509 0.1029220 0.1733630 0.1028434 0.1275389 0.1070882 0.1248091 0.1367928 0.1674105 0.1070882 0.1193800 0.1271781 0.1690459 0.1030287 0.2255238 0.2254370 0.1667408 0.1557642 0.1323191 0.1357276 0.1216672 0.1192222 0.1554728 0.0823091 0.1285910 0.0788859 0.3126860 0.1387307 0.1861569 0.1181725 0.0945501 0.1603851 0.1595831 0.1133859 0.0052845 0.1258004 0.1172371 0.0910924 0.0933814 0.1199313 0.1245534 0.1452279 0.1730224 0.1038114 0.1190812 0.2098491 0.0976908 0.1064972 
Perityle_cuneata_34_cuneata_San_antonio    0.2891628 0.1914041 0.2965237 0.4284810 0.1977863 0.0746896 0.3029767 0.1624397 0.3675428 0.2248213 0.2337695 0.3797205 0.2311874 0.1629144 0.2373301 0.2282890 0.3322715 0.1362356 0.1400985 0.3001740 0.3143777 0.2140717 0.0808985 0.2258044 0.2267290 0.2548615 0.4707872 0.2470490 0.2258953 0.1751978 0.1150672 0.0000000 0.1656936 0.2480355 0.2095271 0.2893386 0.2251328 0.2712358 0.2798474 0.1686259 0.2978114 0.1969726 0.2394898 0.2061244 0.2249334 0.2254781 0.3010333 0.2286714 0.2529845 0.2614817 0.3113999 0.2414220 0.4053976 0.3290343 0.2835742 0.2540610 0.1535117 0.1498498 0.2443741 0.2196162 0.1880015 0.0666658 0.1740400 0.1605841 0.3880257 0.2297056 0.2517231 0.2253642 0.2404281 0.1500815 0.3370607 0.2260844 0.1817766 0.2639114 0.2043487 0.2062330 0.0931853 0.2335742 0.2232863 0.2471587 0.2769721 0.1889550 0.2429993 0.2751610 0.1414646 0.1841511 
Perityle_cuneata_4                         0.2426445 0.1605329 0.2424310 0.4033774 0.1758461 0.0761727 0.2773200 0.1484455 0.3436723 0.1833927 0.1885143 0.3272961 0.2007810 0.1449784 0.1658374 0.1959316 0.2571458 0.1568562 0.1291055 0.2144260 0.2378354 0.1882480 0.0624831 0.1890808 0.2066969 0.2060869 0.4160541 0.2058313 0.2043777 0.1514916 0.0907380 0.1656936 0.0000000 0.2194633 0.1804695 0.2272893 0.1947173 0.2257700 0.2613466 0.1465876 0.2397852 0.1745007 0.1933907 0.1860631 0.1821359 0.1768141 0.2540093 0.1934166 0.2077995 0.1905618 0.2382133 0.1471043 0.3222263 0.2592561 0.2325837 0.2486530 0.1438512 0.1334861 0.1863567 0.2003515 0.1891194 0.0661689 0.1565501 0.0837052 0.3355892 0.2117124 0.2487935 0.1874098 0.2292032 0.1621597 0.2446243 0.1890808 0.1626637 0.2149807 0.1755541 0.1714626 0.0789622 0.2001249 0.2177835 0.2437318 0.2521958 0.1785490 0.1991272 0.2463541 0.1243170 0.1573854 
Perityle_discoidea_81                      0.1327891 0.0821024 0.1505083 0.3169821 0.1207093 0.1278148 0.2102955 0.1883913 0.3192907 0.0894841 0.1681355 0.2284721 0.1649982 0.1640948 0.1651416 0.1323526 0.1922199 0.2201972 0.1335766 0.1985705 0.1938112 0.1545689 0.0632490 0.1535363 0.2440543 0.1523650 0.2667439 0.2310255 0.1707944 0.2102051 0.1245857 0.2480355 0.2194633 0.0000000 0.1386382 0.2344200 0.1649724 0.0993426 0.2378576 0.1563314 0.1950040 0.1352191 0.1607689 0.1492318 0.1572633 0.1875747 0.1958438 0.1512324 0.1571222 0.1619700 0.2113826 0.1929133 0.1887559 0.3048817 0.1960312 0.2052884 0.1516678 0.1438351 0.1565683 0.1577630 0.2150631 0.0512211 0.1672683 0.0878891 0.2306921 0.1765187 0.2998770 0.1742809 0.3205986 0.1510185 0.1986172 0.1535363 0.2280248 0.1675744 0.1498861 0.1399251 0.0679711 0.1747757 0.2783034 0.1919293 0.1367447 0.1084005 0.1572570 0.2130709 0.1316768 0.1738711 
Perityle_dissecta_201                      0.1468381 0.1000248 0.1649780 0.3137141 0.0886099 0.0901445 0.1921336 0.1564504 0.2803246 0.1155575 0.1332983 0.2099562 0.0695801 0.0527371 0.1145711 0.0908953 0.1379274 0.1832663 0.1068766 0.1480946 0.1210623 0.0604683 0.0584381 0.0351778 0.1714404 0.0644880 0.2768334 0.1779197 0.1352293 0.1570297 0.1023388 0.2095271 0.1804695 0.1386382 0.0000000 0.2757412 0.1223797 0.0604988 0.1639350 0.0418015 0.0894399 0.0242256 0.1257361 0.0330596 0.1200476 0.1354813 0.1331852 0.0453089 0.0766622 0.1208978 0.1472721 0.0870371 0.1908006 0.2077976 0.1093904 0.1498501 0.1192259 0.0932805 0.0661288 0.0691736 0.1723770 0.0597419 0.1305304 0.0635563 0.2101704 0.1334255 0.2172012 0.1374348 0.2181169 0.1077864 0.1509542 0.0347499 0.1655296 0.0755235 0.0591086 0.0771304 0.0524713 0.1346879 0.2095361 0.1130685 0.0937406 0.1091376 0.0703569 0.1353256 0.1091952 0.0710199 
Perityle_emoryi_47_punta_san_jose          0.3037062 0.1657727 0.3605991 0.5166907 0.1703425 0.0822798 0.3762051 0.1648972 0.3740059 0.2832582 0.2595151 0.4975743 0.2456864 0.2233296 0.2517371 0.4947833 0.3238945 0.2192030 0.2025590 0.3172444 0.3188130 0.2550551 0.0590278 0.2783695 0.2518799 0.2857507 0.6157490 0.2942649 0.2423977 0.2244225 0.1023887 0.2893386 0.2272893 0.2344200 0.2757412 0.0000000 0.2317533 0.6669892 0.3493320 0.2412032 0.3258210 0.2371035 0.2664287 0.2276951 0.2627438 0.2614767 0.3218200 0.2595965 0.2856463 0.2622463 0.3348011 0.2900244 0.5491147 0.3168727 0.3107129 0.2760386 0.2135545 0.2055645 0.2809878 0.2581273 0.2436490 0.0512229 0.1937451 0.1299765 0.5023959 0.2368760 0.2995514 0.2609106 0.2442161 0.2093427 0.3265385 0.2783695 0.2323678 0.2771807 0.2467902 0.1956828 0.1214464 0.2492546 0.2354753 0.3197600 0.2908371 0.1650645 0.2812231 0.3885735 0.2098453 0.2688554 
Perityle_feddemae_99                       0.1715377 0.1209990 0.1995934 0.3257886 0.1148326 0.0748820 0.2063131 0.1552604 0.2933225 0.1385694 0.1341318 0.2525372 0.1485748 0.1578424 0.1321261 0.1487805 0.1585037 0.1928644 0.0959275 0.1650975 0.1591701 0.1467088 0.0633599 0.1340062 0.2336240 0.1475893 0.2949557 0.2570423 0.1218558 0.1843093 0.1247733 0.2251328 0.1947173 0.1649724 0.1223797 0.2317533 0.0000000 0.1334838 0.1516314 0.1370257 0.1676547 0.1245506 0.0270359 0.1333672 0.0230960 0.1218274 0.1524486 0.1322304 0.1596969 0.0247828 0.1615479 0.1667929 0.2241717 0.2342865 0.1470459 0.1610829 0.1538901 0.1471372 0.1480499 0.1463709 0.1596849 0.0685737 0.1460456 0.0791063 0.2459107 0.1241892 0.2385495 0.1454628 0.2551089 0.1769931 0.1539119 0.1333963 0.2009542 0.1485884 0.1387053 0.1144190 0.1052973 0.1462792 0.1859685 0.1507921 0.1446812 0.0900817 0.1488377 0.1897400 0.0903725 0.1293836 
Perityle_fosteri_93                        0.1039727 0.0803020 0.1139167 0.2112193 0.0843702 0.0000010 0.1436153 0.0000010 0.3144559 0.1023762 0.1131451 0.0800932 0.0618007 0.1062229 0.0649483 0.0784571 0.0621001 0.2271728 0.1407530 0.0296877 0.0648628 0.0343670 1.7499427 0.0848458 0.1953136 0.0648010 0.0819320 0.1655458 0.1241518 0.2094734 0.0000010 0.2712358 0.2257700 0.0993426 0.0604988 0.6669892 0.1334838 0.0000000 0.1377654 0.1129263 0.1011012 0.0577066 0.1312914 0.0344363 0.1143042 0.1492824 0.0746208 0.0332475 0.0390552 0.1232565 0.0833317 0.1512130 0.0599926 0.2096560 0.0648952 0.1661410 0.1235925 0.1055138 0.0366172 0.0306329 0.1882049 0.0000010 0.1500362 0.0753671 0.0694262 0.1259608 0.1893431 0.1140942 0.7348092 0.0544939 0.0686488 0.0848458 0.2057348 0.0343805 0.0357488 0.0982407 0.0360001 0.1186911 0.6472692 0.0527525 0.0694494 0.1303296 0.0365443 0.0735413 0.1045247 0.0811193 
Perityle_gamon_221                         0.2119953 0.2238399 0.2682719 0.3567721 0.1633519 0.0657168 0.2101112 0.1813448 0.3225956 0.2080724 0.2031145 0.2883744 0.1732099 0.2307363 0.1446427 0.1889907 0.2028885 0.2420903 0.1517309 0.2199969 0.1872498 0.1642524 0.0629665 0.1952808 0.2731870 0.1901277 0.3899236 0.3004176 0.1872620 0.2316607 0.1465509 0.2798474 0.2613466 0.2378576 0.1639350 0.3493320 0.1516314 0.1377654 0.0000000 0.1815884 0.2129556 0.1850373 0.1840378 0.1849940 0.1702623 0.1595518 0.1932313 0.1838969 0.1830551 0.1842388 0.2182125 0.2468740 0.2582973 0.2513719 0.1683778 0.2090300 0.1714797 0.1559561 0.1871126 0.1905591 0.2276878 0.0702287 0.2099017 0.0848871 0.3039925 0.1763611 0.2535333 0.2220302 0.3023973 0.1816410 0.2018371 0.1947255 0.2531699 0.1863392 0.1386654 0.1658523 0.0978907 0.2131524 0.2793678 0.1829253 0.1892932 0.0970743 0.1954642 0.2127437 0.0984083 0.1338134 
Perityle_gentryi_8_san_francisco           0.1751489 0.1070360 0.2003322 0.3318671 0.1071856 0.0878850 0.2071072 0.1607013 0.2888204 0.1128222 0.1199786 0.2519447 0.1102609 0.0521247 0.1224442 0.0812498 0.1500303 0.1633579 0.1053150 0.1576765 0.1550713 0.1058268 0.0627875 0.0520464 0.1291298 0.1045423 0.2712843 0.1363691 0.1570376 0.1409812 0.1029220 0.1686259 0.1465876 0.1563314 0.0418015 0.2412032 0.1370257 0.1129263 0.1815884 0.0000000 0.1092514 0.0432200 0.1325100 0.0556981 0.1286973 0.1427270 0.1492970 0.0533118 0.1062784 0.1282426 0.1493490 0.0579698 0.2299831 0.1932330 0.1438360 0.1543541 0.1069927 0.0979553 0.1052266 0.1072019 0.1766416 0.0519863 0.1116723 0.0791792 0.2514498 0.1525953 0.1783391 0.1370363 0.2103549 0.1723253 0.1469577 0.0520464 0.1398591 0.1085857 0.0976988 0.0850689 0.0656581 0.1379675 0.2128155 0.1420675 0.1444807 0.1109679 0.1077258 0.1624107 0.1137733 0.0761620 
Perityle_gilensis_22_Superstition          0.1942748 0.1329670 0.2259971 0.3324293 0.1234356 0.1075746 0.2057986 0.2004708 0.3035798 0.1716845 0.1597958 0.1990784 0.1300077 0.1480852 0.2033915 0.1289683 0.2492879 0.2372560 0.1733804 0.2676941 0.2313740 0.1217810 0.0899290 0.0838487 0.1986150 0.1231398 0.3695654 0.2313627 0.1794739 0.2178542 0.1733630 0.2978114 0.2397852 0.1950040 0.0894399 0.3258210 0.1676547 0.1011012 0.2129556 0.1092514 0.0000000 0.1000590 0.1842042 0.0921037 0.1698758 0.1629974 0.2124823 0.1060680 0.1137304 0.2275174 0.2413011 0.2114932 0.2194657 0.3337465 0.2245391 0.1661922 0.1599485 0.1258048 0.1273833 0.1340633 0.2029522 0.0519730 0.1722618 0.1774742 0.1873449 0.1829952 0.2580179 0.1847206 0.2749956 0.1979601 0.2554907 0.0856091 0.2307544 0.1284071 0.1076395 0.1319697 0.0880273 0.1798338 0.2589154 0.1697344 0.1704236 0.1477079 0.1300924 0.2018315 0.1428673 0.0982335 
Perityle_gilensis_salensis_225             0.1540329 0.0954316 0.1656138 0.3117992 0.0908719 0.0856578 0.1861979 0.1606735 0.2802728 0.1015239 0.1180480 0.2140404 0.0867035 0.0470528 0.1061722 0.0937134 0.1407754 0.1879830 0.1073097 0.1437833 0.1340648 0.0786719 0.0541639 0.0303606 0.1756052 0.0804073 0.2803277 0.1791479 0.1410848 0.1565258 0.1028434 0.1969726 0.1745007 0.1352191 0.0242256 0.2371035 0.1245506 0.0577066 0.1850373 0.0432200 0.1000590 0.0000000 0.1241793 0.0342285 0.1216211 0.1307803 0.1379424 0.0464035 0.0813991 0.1218908 0.1414094 0.0635994 0.1694941 0.2341803 0.1253122 0.1530401 0.1212567 0.0991555 0.0836749 0.0873991 0.1681833 0.0558131 0.1311499 0.0678752 0.2099610 0.1370438 0.2268693 0.1312966 0.2062423 0.1530885 0.1432800 0.0303606 0.1657920 0.0920412 0.0722951 0.0805406 0.0550735 0.1302472 0.2052299 0.1260202 0.1197924 0.1026123 0.0862456 0.1524147 0.1109815 0.0723765 
Perityle_glaucescens_94                    0.1723848 0.1263325 0.2040332 0.3311973 0.1115934 0.0808891 0.2080993 0.1633230 0.2997186 0.1597134 0.1473553 0.2485520 0.1463521 0.1580283 0.1665854 0.1467946 0.2193895 0.2142778 0.0971245 0.2181433 0.1931084 0.1433425 0.0748280 0.1419479 0.2426961 0.1450808 0.3421906 0.2172105 0.1295738 0.1764114 0.1275389 0.2394898 0.1933907 0.1607689 0.1257361 0.2664287 0.0270359 0.1312914 0.1840378 0.1325100 0.1842042 0.1241793 0.0000000 0.1300072 0.0127434 0.1249000 0.2082640 0.1429381 0.1494963 0.0267208 0.2208724 0.2039595 0.2471217 0.2365844 0.1855514 0.1616575 0.1487018 0.1399117 0.1454106 0.1441264 0.1610141 0.0828646 0.1466407 0.1040817 0.2567447 0.1264613 0.2385634 0.1502254 0.2466502 0.1760829 0.2406629 0.1419479 0.1916648 0.1591183 0.1358071 0.1128375 0.1026065 0.1516802 0.1740560 0.1737239 0.1603055 0.0861414 0.1498629 0.2036008 0.0915256 0.1254953 
Perityle_gracilis_11                       0.1602065 0.0917819 0.1693827 0.3011020 0.0906498 0.0901934 0.1791368 0.1526408 0.2795604 0.1105050 0.1185408 0.2229639 0.0882742 0.0650979 0.1035349 0.0804926 0.1265582 0.1829064 0.1083442 0.1290380 0.1305804 0.0638632 0.0583952 0.0460229 0.1752235 0.0824087 0.2546246 0.1828153 0.1436916 0.1658494 0.1070882 0.2061244 0.1860631 0.1492318 0.0330596 0.2276951 0.1333672 0.0344363 0.1849940 0.0556981 0.0921037 0.0342285 0.1300072 0.0000000 0.1247699 0.1360676 0.1274560 0.0030437 0.0607856 0.1317244 0.1490621 0.0735591 0.1672780 0.2343075 0.1291713 0.1538425 0.1203688 0.0992900 0.0668983 0.0648211 0.1774107 0.0598145 0.1370796 0.0681071 0.2071987 0.1408014 0.2295062 0.1338425 0.2147146 0.1515181 0.1289854 0.0460229 0.1778925 0.0705638 0.0577716 0.0843075 0.0464345 0.1349922 0.2126957 0.1212512 0.1290517 0.1060521 0.0649066 0.1487108 0.1065173 0.0719988 
