85
Amauria_brandeegeana_62                  0.0000000 0.0945028 0.0981077 0.2778805 0.4642913 0.3570896 0.2485748 0.3403859 0.2841918 0.0667714 0.2479623 0.1828664 0.4417407 0.4392350 0.3798514 0.1968323 0.4352662 0.1572973 0.1528299 0.2187648 0.1424167 0.2235792 0.5350759 0.2231151 0.3647314 0.1840058 0.1731118 0.4503965 0.4232020 0.3693235 0.4078669 0.1619140 0.1796845 0.2033708 0.1980206 0.1529390 0.1976936 0.1648773 0.2396563 0.1812253 0.2134657 0.2161041 0.4534686 0.1821411 0.2590942 0.4414152 0.1973980 0.1733564 0.2143265 0.2884799 0.1439152 0.1631875 0.1476757 0.4235301 0.3575939 0.2357279 0.1383839 0.2050709 0.4157371 0.1511446 0.1374963 0.1847848 0.1303247 0.2390158 0.1838301 0.2246207 0.2116771 0.6278032 0.1553773 0.2086415 0.2187831 0.3844398 0.1911647 0.1446116 0.1729063 0.2784172 0.2184534 0.2300269 0.1843969 0.2266464 0.1278545 0.7013041 0.2117064 0.1667942 0.1619199 
Amauria_carterae_99_mesa                 0.0945028 0.0000000 0.0604431 0.2765776 0.3564876 0.3642870 0.1974400 0.3444268 0.2765138 0.1044905 0.2382496 0.1245936 0.3434573 0.3466193 0.2526832 0.1605392 0.3407262 0.1708927 0.1370615 0.1414585 0.1238635 0.1393768 0.5093924 0.1498230 0.3303764 0.1380443 0.1612713 0.3552583 0.3234324 0.3487495 0.3324958 0.1667685 0.1419955 0.1659028 0.1420023 0.1429328 0.1618903 0.1382196 0.1588765 0.1661753 0.1530436 0.1412239 0.3532681 0.1412471 0.1793108 0.3471113 0.1292492 0.1168975 0.1343750 0.1789032 0.1319464 0.1279186 0.1440697 0.3511391 0.3313905 0.2392005 0.1349316 0.1322518 0.2775147 0.1392022 0.1329216 0.1577285 0.1333044 0.1624372 0.1459518 0.1626962 0.1696261 0.4724675 0.0782752 0.1573510 0.1517296 0.3282985 0.1355628 0.1150821 0.1222004 0.2725855 0.1755310 0.1373589 0.1581185 0.1448597 0.1275445 0.5600142 0.1851791 0.1430799 0.1631813 
Amauria_rotundifolia_SRR9119150          0.0981077 0.0604431 0.0000000 0.2503803 0.4609766 0.3425084 0.2390718 0.3356308 0.2551193 0.0838033 0.2518460 0.1515948 0.4513085 0.4390739 0.3704508 0.1756477 0.4292124 0.1541092 0.1233315 0.2105826 0.1266640 0.1905992 0.5139115 0.1941135 0.3573624 0.1722665 0.1574844 0.4572771 0.4394140 0.3672898 0.3754796 0.1686113 0.1692968 0.2164523 0.1688146 0.1245460 0.1909809 0.1349264 0.2805910 0.1692398 0.1795953 0.2022456 0.4672994 0.1586743 0.2424767 0.4895078 0.1713377 0.1766490 0.1890182 0.2672462 0.1226440 0.1540625 0.1389325 0.4099595 0.3422655 0.2294601 0.1120932 0.1931161 0.3913329 0.1471263 0.1097217 0.1904859 0.1087130 0.2185802 0.1592062 0.2036759 0.1872625 0.6420363 0.0988929 0.1672755 0.1924934 0.3834906 0.1935924 0.1362032 0.1630922 0.2546356 0.1968157 0.2135732 0.1580991 0.1933840 0.1111552 0.6899245 0.2229415 0.1353957 0.1353785 
Conoclinium_coelestinum_SRR9119114       0.2778805 0.2765776 0.2503803 0.0000000 0.3872930 0.3390410 0.1739159 0.3803018 0.3057704 0.2814661 0.3265156 0.2334910 0.3763505 0.3551759 0.3085828 0.2472854 0.4231168 0.2080875 0.2309700 0.2173431 0.2673783 0.2575558 0.4738358 0.2247303 0.3625584 0.2474029 0.2256213 0.3664135 0.3612112 0.3650829 0.4225531 0.2829680 0.2790885 0.2299421 0.2185149 0.2342338 0.2677100 0.2765082 0.2791213 0.2478191 0.2267476 0.2362181 0.3637300 0.2623186 0.2588589 0.3940131 0.2658073 0.2517757 0.2492954 0.2703710 0.2549204 0.2533044 0.2225375 0.3716792 0.3640360 0.2696382 0.2155737 0.2468792 0.3345800 0.2371104 0.1737548 0.2778899 0.1634532 0.2430975 0.2482987 0.2246556 0.2986917 0.5287848 0.1599269 0.2319679 0.2248868 0.3681611 0.2504519 0.1922964 0.2696699 0.2689438 0.2907824 0.2579258 0.2320523 0.2277637 0.1561323 0.5642414 0.2628854 0.2296730 0.2155610 
Eutetras_palmeri_63                      0.4642913 0.3564876 0.4609766 0.3872930 0.0000000 0.0424053 0.3968529 0.4261205 0.3672547 0.4190273 0.5380804 0.3502949 0.3000587 0.2739724 0.2435475 0.4139115 0.3834553 0.2947658 0.3222728 0.4021134 0.3887876 0.4262373 0.4430721 0.4068766 0.2706147 0.4030169 0.3890982 0.2877498 0.3095409 0.2145298 0.5088962 0.3735015 0.4119579 0.4005534 0.3842886 0.3015899 0.4018027 0.3561701 0.5063626 0.4030597 0.4007952 0.4018808 0.3830226 0.4055373 0.4403157 0.3118238 0.4150380 0.4101883 0.4091404 0.4490634 0.3736976 0.4094658 0.3743533 0.2423260 0.2094706 0.1101462 0.3063678 0.4015083 0.5353451 0.3474962 0.2966912 0.3904971 0.2730521 0.4178965 0.3359023 0.4059178 0.4057618 0.7374989 0.4178078 0.3412564 0.4052532 0.2167670 0.3921737 0.3776503 0.4025167 0.1518747 0.4168972 0.4278025 0.3769440 0.4036182 0.2468897 0.7879797 0.4773716 0.3278918 0.2712553 
Eutetras_pringlei_149_quer               0.3570896 0.3642870 0.3425084 0.3390410 0.0424053 0.0000000 0.3231258 0.4416143 0.3481003 0.3870241 0.3715889 0.3200823 0.1584262 0.1469910 0.1456873 0.3441241 0.2907274 0.3376999 0.3343110 0.3278124 0.3437541 0.3489704 0.4012086 0.3312237 0.1443034 0.3397025 0.3520694 0.1792388 0.1795231 0.1524029 0.4542076 0.3523938 0.3554089 0.3066720 0.3287874 0.3462993 0.3471110 0.3460955 0.3433411 0.3405869 0.3354195 0.3207088 0.1722657 0.3396144 0.3304384 0.1835884 0.3451680 0.3407555 0.3441121 0.3294253 0.3517725 0.3570528 0.3362115 0.1533655 0.1434238 0.1375756 0.3439334 0.3397025 0.0943461 0.3300943 0.3376668 0.3528711 0.3735898 0.3295220 0.3156441 0.3441029 0.3514213 0.4786933 0.6130083 0.3265059 0.3276415 0.1628270 0.3305491 0.3482892 0.3320323 0.1454329 0.3450832 0.3072155 0.3264801 0.3252835 0.3240395 0.4288131 0.3181285 0.3264147 0.3152123 
Eutrochium_fistulosum_SRR9119106         0.2485748 0.1974400 0.2390718 0.1739159 0.3968529 0.3231258 0.0000000 0.3260863 0.2789105 0.2077304 0.3536845 0.1819592 0.3953738 0.3848678 0.3375375 0.2069291 0.4542124 0.1571848 0.1693233 0.1817096 0.1866649 0.2189184 0.4899657 0.1768916 0.3382876 0.2114017 0.1957386 0.4066737 0.3906517 0.3272832 0.4157806 0.2060609 0.2268186 0.2364100 0.1766840 0.1718977 0.2068343 0.1818850 0.2899163 0.2046656 0.1895802 0.1785561 0.4244523 0.2176112 0.2369874 0.3918984 0.2120913 0.2042645 0.2147279 0.2330595 0.1834714 0.2024778 0.1982634 0.3603316 0.3371231 0.2436400 0.1408804 0.2124258 0.3864952 0.1670442 0.1423062 0.2401412 0.1550687 0.2043264 0.1826901 0.1895596 0.2360118 0.5800890 0.1595963 0.1642696 0.1769831 0.3228073 0.2119302 0.1769597 0.2022560 0.2651979 0.2441059 0.1965135 0.1890033 0.1762506 0.1294692 0.6724703 0.2902816 0.1718032 0.1723976 
Galeana_pratensis_104_mex                0.3403859 0.3444268 0.3356308 0.3803018 0.4261205 0.4416143 0.3260863 0.0000000 0.3620074 0.3677667 0.3521016 0.3286157 0.3557574 0.3577102 0.3721831 0.3521394 0.4801289 0.3530209 0.3582156 0.3276720 0.3660894 0.3773598 0.5647217 0.3472720 0.3683909 0.3655051 0.3271192 0.4013550 0.3487153 0.4321418 0.4502468 0.3667613 0.3500707 0.3321233 0.3339148 0.3485278 0.3431732 0.3547004 0.3599899 0.3455950 0.3323419 0.3272411 0.3871489 0.3633611 0.3527185 0.3892304 0.3587309 0.3747796 0.3711277 0.3679724 0.3788778 0.3650993 0.3330074 0.3750445 0.3882993 0.3525875 0.3614840 0.3711277 0.1464752 0.3522041 0.3575762 0.3797193 0.3578249 0.3352679 0.3922637 0.3589190 0.3899398 0.4907039 0.3062565 0.3276753 0.3411792 0.4479688 0.3836408 0.3655017 0.3519611 0.3728106 0.4016022 0.3576219 0.3341898 0.3482116 0.3465803 0.5445426 0.3508011 0.3676999 0.3598613 
Helianthus_annuus_SRR9119062             0.2841918 0.2765138 0.2551193 0.3057704 0.3672547 0.3481003 0.2789105 0.3620074 0.0000000 0.2911871 0.3350988 0.2372859 0.3715832 0.3630898 0.2794370 0.2865415 0.4127192 0.2184282 0.2109941 0.2511423 0.2782822 0.2778210 0.4947253 0.2575067 0.3535134 0.2808372 0.2796853 0.3785657 0.3685593 0.3576737 0.4248279 0.3076518 0.2956417 0.2545033 0.2594464 0.2451362 0.2761197 0.2913865 0.2936144 0.2839643 0.2727839 0.2341201 0.3742129 0.2880992 0.2963306 0.3378350 0.2862011 0.2681460 0.2771677 0.2917482 0.2762555 0.2834032 0.2477360 0.3676888 0.3586703 0.2617907 0.2147950 0.2738551 0.2990664 0.2481097 0.2024582 0.2892956 0.2328777 0.2784107 0.2974148 0.2803368 0.3109639 0.4959555 0.1813815 0.2569227 0.2557164 0.3548244 0.2749854 0.2000314 0.2771735 0.2826293 0.3100687 0.2795519 0.2538870 0.2664996 0.2052778 0.5771581 0.2919268 0.2082742 0.2445640 
Lycapsus_tenuifolius_17                  0.0667714 0.1044905 0.0838033 0.2814661 0.4190273 0.3870241 0.2077304 0.3677667 0.2911871 0.0000000 0.2428006 0.1423930 0.3783213 0.3780324 0.3307579 0.1601097 0.3859827 0.1793507 0.1569978 0.1511238 0.1377361 0.1501484 0.5550882 0.1553869 0.3749512 0.1506730 0.1677636 0.4193091 0.3818756 0.4107360 0.3597903 0.1678770 0.1584500 0.2173322 0.1548556 0.1568309 0.1526821 0.1628031 0.2069554 0.1670709 0.1655324 0.1445991 0.3949783 0.1503892 0.1928373 0.3930936 0.1517738 0.1346901 0.1472533 0.1943484 0.1455108 0.1381339 0.1447747 0.3912987 0.3444866 0.2535911 0.1506634 0.1454214 0.3975722 0.1473700 0.1317413 0.1711407 0.1428836 0.1730595 0.1537276 0.1667343 0.1714495 0.5381864 0.1302631 0.1602095 0.1570545 0.3878071 0.1451354 0.1193086 0.1457167 0.2952836 0.1745393 0.1507209 0.1710827 0.1559124 0.1372509 0.6836332 0.2266766 0.1726348 0.1678744 
Pericome_caudata_50_silver               0.2479623 0.2382496 0.2518460 0.3265156 0.5380804 0.3715889 0.3536845 0.3521016 0.3350988 0.2428006 0.0000000 0.2601821 0.5721583 0.5603026 0.4335623 0.3009352 0.5043474 0.1915529 0.1703921 0.3121467 0.2763098 0.3776555 0.4587751 0.3235213 0.4516311 0.3128528 0.2591173 0.5374150 0.5175549 0.4168152 0.4742606 0.2978360 0.2775909 0.2858820 0.2923412 0.2096372 0.2778003 0.2983660 0.3080759 0.2700491 0.2891118 0.3313550 0.5224197 0.3114404 0.3614024 0.5670672 0.3172266 0.3165790 0.3456742 0.3997478 0.2666340 0.2983245 0.2189798 0.5306867 0.4684502 0.2497739 0.1495920 0.3387190 0.3935085 0.2223118 0.1696892 0.2976152 0.1557545 0.3344196 0.3053241 0.3167383 0.3114981 0.6284668 0.2243089 0.3097796 0.3203297 0.4764721 0.3250632 0.1788721 0.3039159 0.2798185 0.3119181 0.4007720 0.2744090 0.3248423 0.1515538 0.7174383 0.3004887 0.2028054 0.2189734 
Perityle_aglossa_84_dead_horse           0.1828664 0.1245936 0.1515948 0.2334910 0.3502949 0.3200823 0.1819592 0.3286157 0.2372859 0.1423930 0.2601821 0.0000000 0.4657724 0.4227264 0.3834725 0.1373844 0.4518566 0.1535234 0.1192020 0.0397859 0.1036021 0.2155043 0.4448567 0.0654894 0.3224627 0.1376843 0.1090258 0.3548260 0.3562282 0.2796259 0.3222125 0.1619393 0.2111271 0.1341519 0.0621378 0.0769437 0.1444713 0.1193607 0.1677874 0.1016982 0.0664666 0.0711644 0.3486900 0.1438714 0.1981588 0.3886213 0.1056122 0.1112981 0.1436539 0.3288867 0.1132481 0.1019813 0.0622154 0.4300736 0.4133190 0.2453153 0.0753127 0.1314582 0.3869979 0.1233776 0.1029223 0.1978557 0.0820127 0.0569991 0.1289185 0.0832171 0.1878045 0.5404380 0.0725921 0.0747493 0.0588191 0.2980887 0.1332241 0.1075686 0.0844174 0.2872921 0.1735081 0.2294796 0.0782716 0.0359386 0.1060393 0.6517259 0.1922623 0.1264031 0.0860817 
Perityle_ajoensis_204                    0.4417407 0.3434573 0.4513085 0.3763505 0.3000587 0.1584262 0.3953738 0.3557574 0.3715832 0.3783213 0.5721583 0.4657724 0.0000000 0.1051943 0.0472666 0.4118333 0.1724005 0.2882207 0.3006635 0.4090058 0.3791125 0.5260101 0.4109224 0.4887338 0.0953085 0.4299241 0.3696713 0.1790912 0.2503659 0.2298849 0.4919722 0.3628237 0.4801481 0.4106144 0.4269013 0.3060258 0.4038759 0.3510213 0.5070993 0.3753173 0.4741101 0.4378961 0.2524130 0.4003714 0.4728479 0.2979786 0.4783005 0.4466186 0.4959592 0.5658742 0.3618181 0.4215417 0.3627622 0.0880569 0.1024483 0.0795582 0.2978167 0.4518871 0.4713486 0.3487627 0.2497839 0.3972027 0.2077067 0.4922200 0.3320396 0.4229597 0.4405550 0.7012506 0.2529501 0.3242527 0.4169846 0.2145445 0.4359804 0.3614461 0.4091380 0.0300879 0.4194825 0.5249158 0.3566390 0.4285553 0.2310809 0.8063219 0.5119178 0.3177669 0.2556043 
Perityle_ambrosiifolia_67_green          0.4392350 0.3466193 0.4390739 0.3551759 0.2739724 0.1469910 0.3848678 0.3577102 0.3630898 0.3780324 0.5603026 0.4227264 0.1051943 0.0000000 0.0903426 0.3945983 0.1663744 0.2723918 0.2912435 0.3982454 0.3570941 0.4989716 0.3836633 0.4517159 0.0754723 0.4086071 0.3622882 0.1287077 0.2007406 0.2273281 0.4828388 0.3517557 0.4585454 0.4085023 0.4160355 0.2840249 0.3911550 0.3310281 0.4971356 0.3586252 0.4381672 0.4220335 0.2044631 0.3868428 0.4486550 0.2498841 0.4562754 0.4281803 0.4809024 0.5193815 0.3480140 0.3929452 0.3348758 0.0686622 0.1034457 0.0568949 0.2860873 0.4393439 0.4205787 0.3364296 0.2461914 0.3729918 0.1899940 0.4551887 0.3314773 0.4095843 0.4136414 0.6858697 0.2526324 0.3104045 0.4024385 0.2046785 0.4191532 0.3529825 0.3923140 0.0329808 0.4102682 0.4920814 0.3481848 0.4145388 0.2240443 0.7959693 0.5131429 0.3108166 0.2346948 
Perityle_angustifolia_13_Eagle_creek     0.3798514 0.2526832 0.3704508 0.3085828 0.2435475 0.1456873 0.3375375 0.3721831 0.2794370 0.3307579 0.4335623 0.3834725 0.0472666 0.0903426 0.0000000 0.3934533 0.1135972 0.2486539 0.2764335 0.3855913 0.3123767 0.4443406 0.3885811 0.3962411 0.0347528 0.3765303 0.3390008 0.1837355 0.2332367 0.1476430 0.3173258 0.3021865 0.4360052 0.2924871 0.3781409 0.2818642 0.3369593 0.2780966 0.4057159 0.3408886 0.3903644 0.3880476 0.1499920 0.3444328 0.3809495 0.2822686 0.3972280 0.4002249 0.4308551 0.4092115 0.2893621 0.3503613 0.3463340 0.0329972 0.0686919 0.0698710 0.2838608 0.4109146 0.4126176 0.3192360 0.2464937 0.3612041 0.2112015 0.3949944 0.2439951 0.3860506 0.3688783 0.5961680 0.2521443 0.2686891 0.3831072 0.1469813 0.3878927 0.3431685 0.3585354 0.0277562 0.3608627 0.4315015 0.3363926 0.3810088 0.2135616 0.6704621 0.3985168 0.2879488 0.2424670 
Perityle_batopilensis_97                 0.1968323 0.1605392 0.1756477 0.2472854 0.4139115 0.3441241 0.2069291 0.3521394 0.2865415 0.1601097 0.3009352 0.1373844 0.4118333 0.3945983 0.3934533 0.0000000 0.4592823 0.1517235 0.1331891 0.1162026 0.1357073 0.2209335 0.4546474 0.1269472 0.3507324 0.1750915 0.1066107 0.3987054 0.3784769 0.3569885 0.4026800 0.1801907 0.2036683 0.2176057 0.1261736 0.0954262 0.1944652 0.1420893 0.2297032 0.0167966 0.1269413 0.1204223 0.4449093 0.1793752 0.2439228 0.4046519 0.1868092 0.1698149 0.1965636 0.2901493 0.1451531 0.1548163 0.0910830 0.3995818 0.3660262 0.2567704 0.1025432 0.1840695 0.3818738 0.1588729 0.1359344 0.1992594 0.1161288 0.1313098 0.1638064 0.1258770 0.1874175 0.6042769 0.0526486 0.0938294 0.1172426 0.3516315 0.1717368 0.1382909 0.1585257 0.3095814 0.1929682 0.2177383 0.1154850 0.1239805 0.1185753 0.7104090 0.2537095 0.1592755 0.1085643 
Perityle_bisetosa_9                      0.4352662 0.3407262 0.4292124 0.4231168 0.3834553 0.2907274 0.4542124 0.4801289 0.4127192 0.3859827 0.5043474 0.4518566 0.1724005 0.1663744 0.1135972 0.4592823 0.0000000 0.3035398 0.3324713 0.4465943 0.3975334 0.5342294 0.1996824 0.4654621 0.1466428 0.4913923 0.4392193 0.2295178 0.2832367 0.2473405 0.4376132 0.4151980 0.5016633 0.3907177 0.4486068 0.3756647 0.4045878 0.3777686 0.4815588 0.4161403 0.4649925 0.4513004 0.2182681 0.4597749 0.4796245 0.3439301 0.4737729 0.4695924 0.5328219 0.4902744 0.3838796 0.4242810 0.4316763 0.1052868 0.1642591 0.1614999 0.3565956 0.5146232 0.4027518 0.4106916 0.2980227 0.4456269 0.2486495 0.4696421 0.3602446 0.4638880 0.4872698 0.7277632 0.2716579 0.3600754 0.4524957 0.2339151 0.5042899 0.4005011 0.4306102 0.1493883 0.4725754 0.5181599 0.4190889 0.4492384 0.2853011 0.7971996 0.4877994 0.3639640 0.3270365 
Perityle_californica_76_positas          0.1572973 0.1708927 0.1541092 0.2080875 0.2947658 0.3376999 0.1571848 0.3530209 0.2184282 0.1793507 0.1915529 0.1535234 0.2882207 0.2723918 0.2486539 0.1517235 0.3035398 0.0000000 0.1509633 0.1498573 0.1453432 0.1456842 0.4708037 0.1469493 0.2741584 0.1502127 0.1565591 0.2806983 0.2594852 0.2730936 0.3323164 0.1563164 0.1497564 0.1560463 0.1397374 0.1582093 0.1567881 0.1559398 0.1561130 0.1582616 0.1570432 0.1415558 0.2905191 0.1497837 0.1672899 0.2895084 0.1561493 0.1220836 0.1435056 0.1722005 0.1434159 0.1433858 0.1595486 0.2889850 0.2696421 0.2464173 0.1436571 0.1434196 0.2268109 0.1544550 0.1404925 0.1623196 0.1502802 0.1625604 0.1572471 0.1606489 0.1570071 0.3642857 0.1510746 0.1565182 0.1470560 0.2767647 0.1477029 0.1219106 0.1473712 0.2916898 0.1633982 0.1539671 0.1540284 0.1453163 0.1378938 0.4397551 0.1639258 0.1478456 0.1672128 
Perityle_canescens_77                    0.1528299 0.1370615 0.1233315 0.2309700 0.3222728 0.3343110 0.1693233 0.3582156 0.2109941 0.1569978 0.1703921 0.1192020 0.3006635 0.2912435 0.2764335 0.1331891 0.3324713 0.1509633 0.0000000 0.1234057 0.0954218 0.1017247 0.4851883 0.1219002 0.2900635 0.1019645 0.1329767 0.3116169 0.3095087 0.2696839 0.2670638 0.1461241 0.1365150 0.1407035 0.1162261 0.1287838 0.1111856 0.1042530 0.1199198 0.1389882 0.1290960 0.1122150 0.3040614 0.1036101 0.1470444 0.3321465 0.1007917 0.0905053 0.0984155 0.1516814 0.0996630 0.1044892 0.1369695 0.3036140 0.3014688 0.2231041 0.1108502 0.0981573 0.2987567 0.1308556 0.0941604 0.1443504 0.1288400 0.1385249 0.1212112 0.1273774 0.1436564 0.4080893 0.0677977 0.1256943 0.1219784 0.2845017 0.0979093 0.0937374 0.1026756 0.2684005 0.1513542 0.1196359 0.1287801 0.1174081 0.0962255 0.4697741 0.1592339 0.1344407 0.1472308 
Perityle_castillonii_96                  0.2187648 0.1414585 0.2105826 0.2173431 0.4021134 0.3278124 0.1817096 0.3276720 0.2511423 0.1511238 0.3121467 0.0397859 0.4090058 0.3982454 0.3855913 0.1162026 0.4465943 0.1498573 0.1234057 0.0000000 0.1099766 0.1615106 0.4742337 0.0484888 0.3480747 0.1392245 0.0955321 0.3950097 0.3989707 0.3366388 0.4152820 0.1842423 0.2125127 0.1894832 0.0454727 0.0676171 0.1510251 0.1237427 0.2843435 0.1042963 0.0561448 0.0524113 0.4568956 0.1400100 0.2204426 0.4220854 0.0973477 0.1091939 0.1322523 0.2507554 0.1161519 0.1002272 0.0602230 0.3930896 0.3539736 0.2364954 0.0694238 0.1287698 0.4084714 0.1285030 0.1045163 0.2047960 0.0820674 0.0636738 0.1525788 0.0615311 0.2020108 0.6373909 0.1076217 0.0495248 0.0529458 0.3424638 0.1329075 0.1065051 0.0871108 0.2975277 0.1672594 0.1994799 0.0613729 0.0443094 0.1096399 0.7005225 0.2614939 0.1425340 0.0767487 
Perityle_cernua_84                       0.1424167 0.1238635 0.1266640 0.2673783 0.3887876 0.3437541 0.1866649 0.3660894 0.2782822 0.1377361 0.2763098 0.1036021 0.3791125 0.3570941 0.3123767 0.1357073 0.3975334 0.1453432 0.0954218 0.1099766 0.0000000 0.0427857 0.4681727 0.1072963 0.3619547 0.0416892 0.1388808 0.3778761 0.3560995 0.3445777 0.3259600 0.1517357 0.1326131 0.1925557 0.1059612 0.0994402 0.1213668 0.0322329 0.1747930 0.1448116 0.1145319 0.1001655 0.3910435 0.0461208 0.1639867 0.3584761 0.0316148 0.0322898 0.0392338 0.1613013 0.0385977 0.0257233 0.1014106 0.3736397 0.3370508 0.2427207 0.0873761 0.0379242 0.3881147 0.1281957 0.0709721 0.1481926 0.0957875 0.1307682 0.1282573 0.1282876 0.1401595 0.5482677 0.0377407 0.1337683 0.1073468 0.3412554 0.0378738 0.0473613 0.0295311 0.2888414 0.1470468 0.1454163 0.1209680 0.1132616 0.0867558 0.6549148 0.2167968 0.1306247 0.1264842 
Perityle_cfvillosa_25_tin                0.2235792 0.1393768 0.1905992 0.2575558 0.4262373 0.3489704 0.2189184 0.3773598 0.2778210 0.1501484 0.3776555 0.2155043 0.5260101 0.4989716 0.4443406 0.2209335 0.5342294 0.1456842 0.1017247 0.1615106 0.0427857 0.0000000 0.4563234 0.2223044 0.3516508 0.0404202 0.1773129 0.4449145 0.4320091 0.3554928 0.3286126 0.1410458 0.2603217 0.1909345 0.2211837 0.1309281 0.1573308 0.0513227 0.2544319 0.1739221 0.2370236 0.1980775 0.4463359 0.0219934 0.2199179 0.4730439 0.1313195 0.0709146 0.1020620 0.3532490 0.0236210 0.0535648 0.1415040 0.4614766 0.4463346 0.2526575 0.1162821 0.0697244 0.3890012 0.1534913 0.0841986 0.1962189 0.1132964 0.2362786 0.1402505 0.2233892 0.1938863 0.6465319 0.0731355 0.1403530 0.1835661 0.3483804 0.0505185 0.0169687 0.0697132 0.2951574 0.1702782 0.2824680 0.1562962 0.2093021 0.0958269 0.8039608 0.2698908 0.1429461 0.1380462 
Perityle_cinerea_113_Powell1310          0.5350759 0.5093924 0.5139115 0.4738358 0.4430721 0.4012086 0.4899657 0.5647217 0.4947253 0.5550882 0.4587751 0.4448567 0.4109224 0.3836633 0.3885811 0.4546474 0.1996824 0.4708037 0.4851883 0.4742337 0.4681727 0.4563234 0.0000000 0.4580491 0.3847629 0.4573354 0.4675274 0.4145114 0.4116735 0.4151562 0.5791708 0.4516907 0.4551416 0.4707945 0.4492228 0.4796144 0.4877494 0.4565389 0.4702084 0.4528988 0.4406284 0.4826553 0.4245601 0.4704239 0.5052236 0.4297073 0.4692754 0.4572389 0.4507077 0.5242530 0.4766102 0.4685103 0.4465736 0.4121557 0.4307935 0.3488315 0.4919069 0.4572389 0.0755803 0.4742750 0.4603994 0.4765922 0.4413328 0.4363404 0.4935353 0.4644884 0.5170685 0.6269349 0.5948971 0.4830829 0.4589807 0.4162414 0.4689062 0.4670812 0.4572641 0.4028323 0.4969865 0.4362507 0.4973766 0.4513671 0.4522747 0.4426732 0.4564361 0.5199695 0.4454630 
Perityle_coahuilensis_24                 0.2231151 0.1498230 0.1941135 0.2247303 0.4068766 0.3312237 0.1768916 0.3472720 0.2575067 0.1553869 0.3235213 0.0654894 0.4887338 0.4517159 0.3962411 0.1269472 0.4654621 0.1469493 0.1219002 0.0484888 0.1072963 0.2223044 0.4580491 0.0000000 0.3412743 0.1417480 0.0934959 0.3986118 0.3880905 0.3402428 0.4110413 0.1878396 0.2208579 0.2037433 0.0445322 0.0694076 0.1567066 0.1316383 0.2676106 0.1018686 0.0386959 0.0417073 0.4517200 0.1479658 0.2186691 0.4109785 0.1175130 0.1109966 0.1393262 0.3243928 0.1339898 0.1111775 0.0432805 0.4615316 0.4182244 0.2432283 0.0715282 0.1342562 0.4098394 0.1191152 0.0912355 0.2035718 0.0822933 0.0555187 0.1495538 0.0569964 0.1962652 0.6747342 0.0831777 0.0673466 0.0040974 0.3444768 0.1372209 0.1090336 0.1131367 0.2781356 0.1649440 0.2362966 0.0623222 0.0528603 0.1029787 0.7536691 0.2753193 0.1320367 0.0693363 
Perityle_cochisensis_44_cave_creek       0.3647314 0.3303764 0.3573624 0.3625584 0.2706147 0.1443034 0.3382876 0.3683909 0.3535134 0.3749512 0.4516311 0.3224627 0.0953085 0.0754723 0.0347528 0.3507324 0.1466428 0.2741584 0.2900635 0.3480747 0.3619547 0.3516508 0.3847629 0.3412743 0.0000000 0.3524688 0.3336744 0.0968824 0.1258869 0.2209474 0.4523144 0.3615123 0.3668101 0.3795312 0.3344388 0.2996450 0.3608992 0.3359122 0.4031743 0.3499023 0.3403334 0.3278937 0.1470602 0.3601197 0.3933049 0.1680974 0.3771298 0.3595905 0.3498277 0.4094851 0.3459073 0.3714525 0.3314606 0.0804943 0.1139767 0.0726423 0.2841883 0.3472083 0.3794717 0.3382370 0.2540139 0.3316021 0.2090040 0.3540480 0.3185980 0.3371833 0.3835545 0.5817845 0.2538529 0.2987019 0.3393981 0.1982415 0.3597383 0.3108004 0.3626333 0.0387571 0.3990742 0.3736756 0.3203428 0.3414912 0.2404212 0.6397048 0.4058507 0.3101415 0.2532568 
Perityle_congesta_202                    0.1840058 0.1380443 0.1722665 0.2474029 0.4030169 0.3397025 0.2114017 0.3655051 0.2808372 0.1506730 0.3128528 0.1376843 0.4299241 0.4086071 0.3765303 0.1750915 0.4913923 0.1502127 0.1019645 0.1392245 0.0416892 0.0404202 0.4573354 0.1417480 0.3524688 0.0000000 0.1695638 0.4331731 0.4024300 0.3492565 0.3268861 0.1416125 0.1704729 0.1899347 0.1412615 0.1278655 0.1578857 0.0528405 0.2389091 0.1730388 0.1567975 0.1372342 0.4253550 0.0153514 0.2195932 0.4223058 0.0625272 0.0375256 0.0157585 0.2206752 0.0223560 0.0446990 0.1410786 0.3693162 0.3430350 0.2497242 0.1106710 0.0109599 0.3778693 0.1505952 0.0817293 0.1925165 0.1184612 0.1688800 0.1434087 0.1659904 0.1564858 0.6059121 0.0680865 0.1393635 0.1421550 0.3408882 0.0146563 0.0169907 0.0614448 0.2909786 0.1708119 0.1672209 0.1508996 0.1481936 0.0938616 0.6920102 0.2348318 0.1415531 0.1331075 
Perityle_cordifolia_27                   0.1731118 0.1612713 0.1574844 0.2256213 0.3890982 0.3520694 0.1957386 0.3271192 0.2796853 0.1677636 0.2591173 0.1090258 0.3696713 0.3622882 0.3390008 0.1066107 0.4392193 0.1565591 0.1329767 0.0955321 0.1388808 0.1773129 0.4675274 0.0934959 0.3336744 0.1695638 0.0000000 0.3778482 0.3560775 0.3091164 0.3638058 0.1862023 0.1764769 0.1691801 0.0910862 0.0774162 0.1915560 0.1440332 0.1748081 0.1034519 0.0982628 0.0962133 0.3835321 0.1756230 0.2527099 0.3849246 0.1725876 0.1532130 0.1741860 0.2688631 0.1558377 0.1649897 0.0938164 0.3622854 0.3287563 0.2323069 0.0757096 0.1680278 0.3911150 0.1431140 0.1126201 0.1909456 0.0506850 0.1084348 0.1530861 0.0558623 0.1856281 0.5495654 0.0521187 0.0827618 0.0871916 0.3187595 0.1723211 0.1308274 0.1590640 0.2900458 0.1905969 0.2015659 0.0955468 0.1012598 0.0999281 0.6314879 0.2071517 0.1441204 0.0708293 
Perityle_cordifolia_68_tecolote          0.4503965 0.3552583 0.4572771 0.3664135 0.2877498 0.1792388 0.4066737 0.4013550 0.3785657 0.4193091 0.5374150 0.3548260 0.1790912 0.1287077 0.1837355 0.3987054 0.2295178 0.2806983 0.3116169 0.3950097 0.3778761 0.4449145 0.4145114 0.3986118 0.0968824 0.4331731 0.3778482 0.0000000 0.1425295 0.2398607 0.5057281 0.3735659 0.4177733 0.4257748 0.3708768 0.3025049 0.4151746 0.3580782 0.4924807 0.3887041 0.3939716 0.3852224 0.2168952 0.4129564 0.4667113 0.2445272 0.4124946 0.4059012 0.4462365 0.4822175 0.3800658 0.4060790 0.3687250 0.0864593 0.1337488 0.0723375 0.3086916 0.4415405 0.4140526 0.3636308 0.2483641 0.4075063 0.2156344 0.4072033 0.3502007 0.3835352 0.4003170 0.7054163 0.3110002 0.3366240 0.3944582 0.2126798 0.4454251 0.3808575 0.3908909 0.0853848 0.4342142 0.4350052 0.3580429 0.3853021 0.2354792 0.7473131 0.4942359 0.3204838 0.2638551 
Perityle_coronopifolia_28_patagonia      0.4232020 0.3234324 0.4394140 0.3612112 0.3095409 0.1795231 0.3906517 0.3487153 0.3685593 0.3818756 0.5175549 0.3562282 0.2503659 0.2007406 0.2332367 0.3784769 0.2832367 0.2594852 0.3095087 0.3989707 0.3560995 0.4320091 0.4116735 0.3880905 0.1258869 0.4024300 0.3560775 0.1425295 0.0000000 0.2355971 0.5201385 0.3581175 0.4006323 0.3980514 0.3639498 0.2907801 0.3878126 0.3351032 0.5381540 0.3696582 0.3729091 0.3804344 0.2463121 0.3835046 0.4461686 0.2649105 0.3924529 0.3887368 0.4277722 0.4764432 0.3463363 0.3893843 0.3369992 0.1497566 0.1476525 0.1013088 0.2856446 0.4241645 0.4320981 0.3387325 0.2472701 0.4070172 0.2083002 0.3964662 0.3198721 0.3826569 0.4151801 0.7383329 0.2810639 0.3151498 0.3829377 0.2153619 0.4239422 0.3492573 0.3874677 0.0901385 0.4024738 0.4213648 0.3445484 0.3746758 0.2147103 0.7663933 0.4723967 0.3236520 0.2371315 
Perityle_crassifolia_70_ventanas         0.3693235 0.3487495 0.3672898 0.3650829 0.2145298 0.1524029 0.3272832 0.4321418 0.3576737 0.4107360 0.4168152 0.2796259 0.2298849 0.2273281 0.1476430 0.3569885 0.2473405 0.2730936 0.2696839 0.3366388 0.3445777 0.3554928 0.4151562 0.3402428 0.2209474 0.3492565 0.3091164 0.2398607 0.2355971 0.0000000 0.4515629 0.3361363 0.3309292 0.3298808 0.3054894 0.2791798 0.3414583 0.3488103 0.3767807 0.3554310 0.3353155 0.3204898 0.2503301 0.3567076 0.3535965 0.1821179 0.3515729 0.3443916 0.3495870 0.3634488 0.3368439 0.3565611 0.2835294 0.2297928 0.2082572 0.1277964 0.2683532 0.3510642 0.3013421 0.2913901 0.2657182 0.3655280 0.2490177 0.3502807 0.3370517 0.3336361 0.3770906 0.5384362 0.2764202 0.3290853 0.3382795 0.0692685 0.3403368 0.2744923 0.3446808 0.1762568 0.3783212 0.3433390 0.3237851 0.3314137 0.2490641 0.6731589 0.3551548 0.2820556 0.2463119 
Perityle_crassifolia_74_playa_balandra   0.4078669 0.3324958 0.3754796 0.4225531 0.5088962 0.4542076 0.4157806 0.4502468 0.4248279 0.3597903 0.4742606 0.3222125 0.4919722 0.4828388 0.3173258 0.4026800 0.4376132 0.3323164 0.2670638 0.4152820 0.3259600 0.3286126 0.5791708 0.4110413 0.4523144 0.3268861 0.3638058 0.5057281 0.5201385 0.4515629 0.0000000 0.4106896 0.3955824 0.3647935 0.3301253 0.3385693 0.3731613 0.3427466 0.3915319 0.4199430 0.3534748 0.4123691 0.5892025 0.3288715 0.3851137 0.5550425 0.3217415 0.3074521 0.3258212 0.3850033 0.3149940 0.3221573 0.3514437 0.4929577 0.4579406 0.3662784 0.2777298 0.3226105 0.1554550 0.3184649 0.2396720 0.4028672 0.2168466 0.4336652 0.4057308 0.4212644 0.4232371 0.5940488 0.1010719 0.4286890 0.4170579 0.4877454 0.3286724 0.2259339 0.3171284 0.3629910 0.4110283 0.4008995 0.3570205 0.4131541 0.2345310 0.6522443 0.3461293 0.3184576 0.3488046 
Perityle_cuneata_34_cuneata_San_antonio  0.1619140 0.1667685 0.1686113 0.2829680 0.3735015 0.3523938 0.2060609 0.3667613 0.3076518 0.1678770 0.2978360 0.1619393 0.3628237 0.3517557 0.3021865 0.1801907 0.4151980 0.1563164 0.1461241 0.1842423 0.1517357 0.1410458 0.4516907 0.1878396 0.3615123 0.1416125 0.1862023 0.3735659 0.3581175 0.3361363 0.4106896 0.0000000 0.0860425 0.2053927 0.1693051 0.1735679 0.1736027 0.1603036 0.2542133 0.1822763 0.1818399 0.1779525 0.3993276 0.1491854 0.2219501 0.3618684 0.1546223 0.1489535 0.1415937 0.2182910 0.1460313 0.1487264 0.1687858 0.3639549 0.3392464 0.2233568 0.1431223 0.1396979 0.3563943 0.1626194 0.1435744 0.1865969 0.1380945 0.1969466 0.1765660 0.1869544 0.1878582 0.5586122 0.1668743 0.1960024 0.1879336 0.3392456 0.1425223 0.1079468 0.1594318 0.2775275 0.1846365 0.1643239 0.1796661 0.1921275 0.1292205 0.6002000 0.2360500 0.1792719 0.1799039 
Perityle_cuneata_4                       0.1796845 0.1419955 0.1692968 0.2790885 0.4119579 0.3554089 0.2268186 0.3500707 0.2956417 0.1584500 0.2775909 0.2111271 0.4801481 0.4585454 0.4360052 0.2036683 0.5016633 0.1497564 0.1365150 0.2125127 0.1326131 0.2603217 0.4551416 0.2208579 0.3668101 0.1704729 0.1764769 0.4177733 0.4006323 0.3309292 0.3955824 0.0860425 0.0000000 0.2047910 0.2219180 0.1498290 0.1722173 0.1451483 0.2976298 0.1611329 0.2191012 0.2081964 0.4452701 0.1752553 0.2393041 0.4380306 0.2003271 0.1698242 0.2178600 0.2812067 0.1438046 0.1641044 0.1608037 0.4477724 0.4068582 0.2283051 0.1153767 0.2012236 0.3970274 0.1531444 0.1319105 0.2120033 0.1254845 0.2403326 0.1758097 0.2259789 0.1900840 0.6325821 0.1234096 0.1766566 0.2144766 0.3362459 0.1792188 0.1463272 0.1695655 0.2728448 0.1887467 0.2396346 0.1761952 0.2310723 0.1206783 0.6907094 0.2259927 0.1614389 0.1596582 
Perityle_discoidea_81                    0.2033708 0.1659028 0.2164523 0.2299421 0.4005534 0.3066720 0.2364100 0.3321233 0.2545033 0.2173322 0.2858820 0.1341519 0.4106144 0.4085023 0.2924871 0.2176057 0.3907177 0.1560463 0.1407035 0.1894832 0.1925557 0.1909345 0.4707945 0.2037433 0.3795312 0.1899347 0.1691801 0.4257748 0.3980514 0.3298808 0.3647935 0.2053927 0.2047910 0.0000000 0.1600072 0.1448064 0.2307804 0.1971105 0.2524719 0.2207628 0.1768802 0.1833800 0.4159296 0.1863792 0.2476961 0.3876427 0.1998089 0.1848637 0.1846760 0.2581620 0.1621231 0.1947438 0.1432225 0.4203446 0.3182011 0.2370118 0.1250423 0.1861138 0.3438974 0.1439992 0.1043729 0.2031776 0.1058097 0.2187607 0.2225806 0.2161583 0.2426320 0.5751401 0.0882637 0.1987350 0.2039350 0.3800865 0.1921865 0.0947525 0.1831639 0.2694085 0.2409799 0.2378945 0.1840268 0.2024811 0.1049214 0.6684814 0.0698476 0.1535298 0.1412516 
Perityle_dissecta_201                    0.1980206 0.1420023 0.1688146 0.2185149 0.3842886 0.3287874 0.1766840 0.3339148 0.2594464 0.1548556 0.2923412 0.0621378 0.4269013 0.4160355 0.3781409 0.1261736 0.4486068 0.1397374 0.1162261 0.0454727 0.1059612 0.2211837 0.4492228 0.0445322 0.3344388 0.1412615 0.0910862 0.3708768 0.3639498 0.3054894 0.3301253 0.1693051 0.2219180 0.1600072 0.0000000 0.0642259 0.1493897 0.1141848 0.1967233 0.1030247 0.0482324 0.0566426 0.3649690 0.1481441 0.2214971 0.3983386 0.1132662 0.1122129 0.1416349 0.3202937 0.1337454 0.1135264 0.0451196 0.4115848 0.3756627 0.2249976 0.0555466 0.1334548 0.4001708 0.1223900 0.0995638 0.1868295 0.0544748 0.0585408 0.1410320 0.0673662 0.1998141 0.5905569 0.0329982 0.0666923 0.0363372 0.3079521 0.1365571 0.1027638 0.1063491 0.2576472 0.1763643 0.2303915 0.0502971 0.0403176 0.0964313 0.7163172 0.2264625 0.1298020 0.0581376 
Perityle_emoryi_47_punta_san_jose        0.1529390 0.1429328 0.1245460 0.2342338 0.3015899 0.3462993 0.1718977 0.3485278 0.2451362 0.1568309 0.2096372 0.0769437 0.3060258 0.2840249 0.2818642 0.0954262 0.3756647 0.1582093 0.1287838 0.0676171 0.0994402 0.1309281 0.4796144 0.0694076 0.2996450 0.1278655 0.0774162 0.3025049 0.2907801 0.2791798 0.3385693 0.1735679 0.1498290 0.1448064 0.0642259 0.0000000 0.1534706 0.1161292 0.1202570 0.0993163 0.0637043 0.0627500 0.3064212 0.1381023 0.1521552 0.3184396 0.1232205 0.1058505 0.1279077 0.1542322 0.1255263 0.1165357 0.0591778 0.3066876 0.3140971 0.2447643 0.0692816 0.1258062 0.3269497 0.1389216 0.0990916 0.1685382 0.0703840 0.0739321 0.1293465 0.0658413 0.1565013 0.4580759 0.0426580 0.0824917 0.0666587 0.2774166 0.1255062 0.0994023 0.1111381 0.2897861 0.1611785 0.1500856 0.0771428 0.0736586 0.1045065 0.5389339 0.1724917 0.1258280 0.0698217 
Perityle_feddemae_99                     0.1976936 0.1618903 0.1909809 0.2677100 0.4018027 0.3471110 0.2068343 0.3431732 0.2761197 0.1526821 0.2778003 0.1444713 0.4038759 0.3911550 0.3369593 0.1944652 0.4045878 0.1567881 0.1111856 0.1510251 0.1213668 0.1573308 0.4877494 0.1567066 0.3608992 0.1578857 0.1915560 0.4151746 0.3878126 0.3414583 0.3731613 0.1736027 0.1722173 0.2307804 0.1493897 0.1534706 0.0000000 0.1357274 0.2284775 0.1959164 0.1524312 0.1453583 0.4516345 0.1574643 0.0964662 0.3977536 0.1241424 0.1318681 0.1562386 0.1001020 0.1329497 0.1244202 0.1451596 0.3864616 0.3201651 0.2295493 0.1405299 0.1496668 0.3852203 0.1449906 0.1161757 0.1951885 0.1555279 0.1719332 0.1637229 0.1698455 0.1787972 0.5685589 0.1670598 0.1720253 0.1567855 0.3419969 0.1524703 0.1440622 0.1241240 0.2721782 0.1772720 0.1356171 0.1607116 0.1532699 0.1142687 0.6335594 0.2918238 0.1511544 0.1701418 
Perityle_fosteri_93                      0.1648773 0.1382196 0.1349264 0.2765082 0.3561701 0.3460955 0.1818850 0.3547004 0.2913865 0.1628031 0.2983660 0.1193607 0.3510213 0.3310281 0.2780966 0.1420893 0.3777686 0.1559398 0.1042530 0.1237427 0.0322329 0.0513227 0.4565389 0.1316383 0.3359122 0.0528405 0.1440332 0.3580782 0.3351032 0.3488103 0.3427466 0.1603036 0.1451483 0.1971105 0.1141848 0.1161292 0.1357274 0.0000000 0.1716148 0.1500636 0.1358125 0.1220065 0.3712712 0.0568956 0.1508892 0.3338029 0.0429310 0.0398517 0.0487706 0.1460325 0.0519246 0.0430587 0.1220133 0.3529435 0.3465398 0.2477453 0.0983007 0.0486123 0.3272276 0.1409616 0.0949301 0.1659465 0.1028865 0.1478369 0.1446254 0.1389771 0.1614619 0.5121030 0.0281058 0.1364494 0.1317081 0.3262404 0.0471303 0.0580802 0.0393301 0.2874200 0.1702420 0.1356043 0.1194430 0.1152383 0.0976052 0.6369228 0.2281840 0.1353604 0.1336185 
Perityle_gamon_221                       0.2396563 0.1588765 0.2805910 0.2791213 0.5063626 0.3433411 0.2899163 0.3599899 0.2936144 0.2069554 0.3080759 0.1677874 0.5070993 0.4971356 0.4057159 0.2297032 0.4815588 0.1561130 0.1199198 0.2843435 0.1747930 0.2544319 0.4702084 0.2676106 0.4031743 0.2389091 0.1748081 0.4924807 0.5381540 0.3767807 0.3915319 0.2542133 0.2976298 0.2524719 0.1967233 0.1202570 0.2284775 0.1716148 0.0000000 0.2242084 0.2017532 0.2998838 0.5100780 0.1793802 0.3645082 0.5812902 0.2294555 0.2540186 0.2570689 0.3831246 0.1440220 0.2186876 0.1408833 0.4938319 0.4103196 0.2563012 0.1155818 0.2578150 0.3900188 0.1501066 0.1068010 0.2805899 0.1279665 0.2689632 0.2817815 0.2487066 0.2629736 0.6446081 0.1191178 0.2686963 0.2715706 0.4525959 0.2572459 0.1280511 0.2090266 0.3064116 0.2434202 0.3469728 0.1949433 0.2595339 0.1046263 0.7000739 0.2748604 0.1313563 0.1400404 
Perityle_gentryi_8_san_francisco         0.1812253 0.1661753 0.1692398 0.2478191 0.4030597 0.3405869 0.2046656 0.3455950 0.2839643 0.1670709 0.2700491 0.1016982 0.3753173 0.3586252 0.3408886 0.0167966 0.4161403 0.1582616 0.1389882 0.1042963 0.1448116 0.1739221 0.4528988 0.1018686 0.3499023 0.1730388 0.1034519 0.3887041 0.3696582 0.3554310 0.4199430 0.1822763 0.1611329 0.2207628 0.1030247 0.0993163 0.1959164 0.1500636 0.2242084 0.0000000 0.0988350 0.0950718 0.4340707 0.1757463 0.2446183 0.3795567 0.1646363 0.1566126 0.1682123 0.2456364 0.1534043 0.1549230 0.0845027 0.3710827 0.3338513 0.2540237 0.1082304 0.1680538 0.3909647 0.1556013 0.1388070 0.1969114 0.1234171 0.1077385 0.1708977 0.1041820 0.1903453 0.6013367 0.0625254 0.1003477 0.1019436 0.3492486 0.1663263 0.1294483 0.1574124 0.3056796 0.1965847 0.1940028 0.1092531 0.1001577 0.1255966 0.6853331 0.2417938 0.1632793 0.1122030 
Perityle_gilensis_22_Superstition        0.2134657 0.1530436 0.1795953 0.2267476 0.4007952 0.3354195 0.1895802 0.3323419 0.2727839 0.1655324 0.2891118 0.0664666 0.4741101 0.4381672 0.3903644 0.1269413 0.4649925 0.1570432 0.1290960 0.0561448 0.1145319 0.2370236 0.4406284 0.0386959 0.3403334 0.1567975 0.0982628 0.3939716 0.3729091 0.3353155 0.3534748 0.1818399 0.2191012 0.1768802 0.0482324 0.0637043 0.1524312 0.1358125 0.2017532 0.0988350 0.0000000 0.0477291 0.3894976 0.1653329 0.2184265 0.3937100 0.1156375 0.1307436 0.1525633 0.3412938 0.1417898 0.1204132 0.0253734 0.4575715 0.4137213 0.2394384 0.0641065 0.1530079 0.4086792 0.1241427 0.1163648 0.1922786 0.0817962 0.0583821 0.1440798 0.0667473 0.2073085 0.6156763 0.0881872 0.0829468 0.0309257 0.3304484 0.1543718 0.1226581 0.1155991 0.2768791 0.1882372 0.2334658 0.0694357 0.0577053 0.1051697 0.7302418 0.2363227 0.1368427 0.0709370 
Perityle_gilensis_salensis_225           0.2161041 0.1412239 0.2022456 0.2362181 0.4018808 0.3207088 0.1785561 0.3272411 0.2341201 0.1445991 0.3313550 0.0711644 0.4378961 0.4220335 0.3880476 0.1204223 0.4513004 0.1415558 0.1122150 0.0524113 0.1001655 0.1980775 0.4826553 0.0417073 0.3278937 0.1372342 0.0962133 0.3852224 0.3804344 0.3204898 0.4123691 0.1779525 0.2081964 0.1833800 0.0566426 0.0627500 0.1453583 0.1220065 0.2998838 0.0950718 0.0477291 0.0000000 0.4392603 0.1331196 0.2072655 0.4075890 0.1066501 0.1120069 0.1334337 0.2712712 0.1179041 0.1079876 0.0559938 0.4172182 0.3808027 0.2269128 0.0676475 0.1314679 0.4070010 0.1270069 0.0883412 0.1974681 0.0915968 0.0689977 0.1546408 0.0616004 0.1880570 0.6569629 0.0781442 0.0378136 0.0414898 0.3295517 0.1333383 0.1049916 0.1076659 0.2683448 0.1573852 0.2200563 0.0426436 0.0548437 0.1008728 0.7303601 0.2632160 0.1331856 0.0784086 
Perityle_glaucescens_94                  0.4534686 0.3532681 0.4672994 0.3637300 0.3830226 0.1722657 0.4244523 0.3871489 0.3742129 0.3949783 0.5224197 0.3486900 0.2524130 0.2044631 0.1499920 0.4449093 0.2182681 0.2905191 0.3040614 0.4568956 0.3910435 0.4463359 0.4245601 0.4517200 0.1470602 0.4253550 0.3835321 0.2168952 0.2463121 0.2503301 0.5892025 0.3993276 0.4452701 0.4159296 0.3649690 0.3064212 0.4516345 0.3712712 0.5100780 0.4340707 0.3894976 0.4392603 0.0000000 0.4112316 0.5191889 0.3018534 0.4247458 0.4222773 0.4361177 0.5270975 0.3556216 0.4214205 0.3593148 0.1913791 0.1383329 0.0699225 0.2888952 0.4314607 0.4550060 0.3556548 0.2619245 0.4533670 0.2406066 0.4675663 0.4102790 0.4187776 0.4511916 0.7605754 0.3389374 0.4021283 0.4459165 0.2755157 0.4375956 0.3574261 0.4188451 0.0854035 0.4511277 0.4677870 0.3796797 0.4400498 0.2312180 0.7728767 0.5004133 0.3091541 0.2690692 
Perityle_gracilis_11                     0.1821411 0.1412471 0.1586743 0.2623186 0.4055373 0.3396144 0.2176112 0.3633611 0.2880992 0.1503892 0.3114404 0.1438714 0.4003714 0.3868428 0.3444328 0.1793752 0.4597749 0.1497837 0.1036101 0.1400100 0.0461208 0.0219934 0.4704239 0.1479658 0.3601197 0.0153514 0.1756230 0.4129564 0.3835046 0.3567076 0.3288715 0.1491854 0.1752553 0.1863792 0.1481441 0.1381023 0.1574643 0.0568956 0.1793802 0.1757463 0.1653329 0.1331196 0.4112316 0.0000000 0.2321146 0.3957446 0.0678925 0.0437750 0.0197948 0.2315433 0.0303373 0.0503666 0.1472841 0.3746837 0.3470791 0.2432466 0.1240382 0.0175492 0.3939986 0.1538578 0.0816054 0.1857846 0.1206384 0.1714901 0.1427419 0.1685745 0.1538057 0.5945442 0.0628079 0.1448512 0.1480385 0.3453260 0.0175293 0.0198499 0.0634239 0.2857616 0.1674154 0.1699406 0.1547745 0.1491669 0.0936628 0.6884085 0.2279472 0.1428573 0.1440720 
