85
Amauria_brandeegeana_62                    0.0000000 0.1523422 0.1649837 0.3192919 0.3219625 0.2436378 0.2011910 0.1551214 0.4430874 0.3642457 0.2397363 0.1877422 0.1730621 0.1672590 0.1308567 0.1607491 0.1871806 0.3084253 0.3393105 0.3032022 0.1696669 0.1731933 0.0920218 0.1851885 0.2381150 0.1832527 0.2770301 0.2139445 0.2370464 0.1130942 0.1404328 0.2215292 0.2419651 0.1868419 0.1437322 0.1962339 0.1745713 0.2266262 0.1985587 0.1889791 0.1685740 0.2052714 0.1292568 0.2263233 0.1989101 0.1771463 0.1819846 0.1369946 0.2470334 0.1695505 0.2971300 0.1748520 0.2048656 0.1699227 0.2741266 0.1374193 0.1474242 0.1753460 0.1852670 0.1323644 0.1059745 0.1626258 0.1357556 0.1915416 0.2058326 0.3009929 0.2323838 0.2698366 0.0487104 0.2229779 0.2353982 0.2115130 0.1523502 0.1703453 0.1838171 0.1631685 0.2790586 0.2706185 0.1862635 0.1337752 0.0951656 0.1957040 0.1928253 0.1068729 0.1008390 
Amauria_carterae_99_mesa                   0.1523422 0.0000000 0.1452954 0.2383845 0.2418486 0.0929156 0.2141943 0.1464569 0.3647106 0.2617589 0.1512867 0.1400258 0.1297165 0.1323008 0.0916670 0.1652604 0.1375844 0.1746082 0.2102262 0.3030029 0.1265257 0.1309174 0.0742418 0.1349607 0.1472567 0.1381576 0.1818649 0.1682663 0.1428864 0.0924625 0.1462009 0.1538632 0.1927178 0.1294191 0.1321112 0.1580207 0.1123452 0.2223741 0.1440936 0.1352329 0.1343706 0.1340186 0.1578003 0.1579093 0.1669154 0.1364334 0.1300811 0.1474931 0.1180295 0.1173436 0.2055277 0.1289134 0.1386021 0.1503108 0.1867646 0.1156671 0.1110626 0.1291959 0.1296251 0.1109180 0.1071855 0.1357317 0.1033677 0.1343304 0.1682221 0.1775750 0.2011751 0.1698923 0.0573215 0.1776825 0.2118164 0.1342147 0.1576293 0.1292553 0.1343308 0.0993056 0.2059535 0.1559265 0.1398048 0.1279746 0.0770144 0.1437267 0.1312774 0.1282341 0.1254539 
Amauria_rotundifolia_SRR9119150            0.1649837 0.1452954 0.0000000 0.2942145 0.2525004 0.1186890 0.2178778 0.1406198 0.4225868 0.2795156 0.1822323 0.1641815 0.1451097 0.1282594 0.1089486 0.1502231 0.1578054 0.2611975 0.2899279 0.3026327 0.1349124 0.1426680 0.1101919 0.1440708 0.1634045 0.1531485 0.2467223 0.1836430 0.2285119 0.1067052 0.1896363 0.2247972 0.2026139 0.1430598 0.1364202 0.2095741 0.1350023 0.2181688 0.1733666 0.1682674 0.1329004 0.2169693 0.1167479 0.1907598 0.2144522 0.1465848 0.1418124 0.1205982 0.1984535 0.1437759 0.2295128 0.1436317 0.2080812 0.1841209 0.2349144 0.1357795 0.1308763 0.1483042 0.1462352 0.1396192 0.1143622 0.1830066 0.1303047 0.1504574 0.2005457 0.2303198 0.2237704 0.2371807 0.0544430 0.1705387 0.1869299 0.1761686 0.1316902 0.1378077 0.1467298 0.1381781 0.2431634 0.2238548 0.1552757 0.1184773 0.1404294 0.1608994 0.1715129 0.1125398 0.0895493 
Conoclinium_coelestinum_SRR9119114         0.3192919 0.2383845 0.2942145 0.0000000 0.2941727 0.1786989 0.2487258 0.2013399 0.4398830 0.3734526 0.2959425 0.2317638 0.2193614 0.2317527 0.2135566 0.2959315 0.1966313 0.3382254 0.3129167 0.4137350 0.2128536 0.2163312 0.1815547 0.2378676 0.2552079 0.2266809 0.2845322 0.2859894 0.3055722 0.2423299 0.2336470 0.2962072 0.2787826 0.2367304 0.2335130 0.2711040 0.2214643 0.2716628 0.2781013 0.2321681 0.2237904 0.2709329 0.2740623 0.2767713 0.2244274 0.2258407 0.2207761 0.2347818 0.1993509 0.1800501 0.2924139 0.2365443 0.2685743 0.2584563 0.3402561 0.2062141 0.2135080 0.2098834 0.2278092 0.2779145 0.1498113 0.2871220 0.2607447 0.2330568 0.2964399 0.3105930 0.2885372 0.2687666 0.0833989 0.2520359 0.2479112 0.2715760 0.2633374 0.2271844 0.2304989 0.1820391 0.3000499 0.2923431 0.2350236 0.1985823 0.1472349 0.2338637 0.2542326 0.2243333 0.1980010 
Eutetras_palmeri_63                        0.3219625 0.2418486 0.2525004 0.2941727 0.0000000 0.0167757 0.2820413 0.1590872 0.4927321 0.2768676 0.2723816 0.3001809 0.2982021 0.2713099 0.1577472 0.3768938 0.3742274 0.3613771 0.3167015 0.5293709 0.2538386 0.2744792 0.1445352 0.3095087 0.2730579 0.3057511 0.3153830 0.3146229 0.3179401 0.2455890 0.2105234 0.3509059 0.2107597 0.3124720 0.3753037 0.3003304 0.2239512 0.4993287 0.2485562 0.3142507 0.2998722 0.2451978 0.3448950 0.2603917 0.2944691 0.3146619 0.2712416 0.3635681 0.1427177 0.2553229 0.3762429 0.2864223 0.2669425 0.3564990 0.3390384 0.2435667 0.1835200 0.2739564 0.3066820 0.2982086 0.1496936 0.3131263 0.1947172 0.3119322 0.3152348 0.3189178 0.3230422 0.2989109 0.2091509 0.2347100 0.3519835 0.3053773 0.3840519 0.2641905 0.3077018 0.1518165 0.3219619 0.3363448 0.3124016 0.3325182 0.1641808 0.3198555 0.2979869 0.2035893 0.2195488 
Eutetras_pringlei_149_quer                 0.2436378 0.0929156 0.1186890 0.1786989 0.0167757 0.0000000 0.4966403 0.1572085 0.3546995 0.1129445 0.1179099 0.0926553 0.0997443 0.1026264 0.1052874 0.5571238 0.0964190 0.1774192 0.1474851 0.0000010 0.0942855 0.1027149 0.8193896 0.0940005 0.1112223 0.1026796 0.0821025 0.1557703 0.2014500 0.0000010 0.2013603 0.1952602 0.1129469 0.0880126 0.0000010 0.1268094 0.1020210 0.5959688 0.0970977 0.0921936 0.0942154 0.1315095 0.0000010 0.1372456 0.1592945 0.1050723 0.0942769 0.0000010 0.1266034 0.1137419 0.1108090 0.0860676 0.0821025 0.1334983 0.1700528 0.1249330 0.0920722 0.1163723 0.0969638 0.7988354 0.0838712 0.0000010 0.0790410 0.1054111 0.1773773 0.0848440 0.1501258 0.1115689 0.0000010 0.1001780 0.0997548 0.1392233 0.0000010 0.0859289 0.1165102 0.0809313 0.1115496 0.1687437 0.1111174 0.0000010 0.1208439 0.1133981 0.1154913 0.1208725 0.0865110 
Eutrochium_fistulosum_SRR9119106           0.2011910 0.2141943 0.2178778 0.2487258 0.2820413 0.4966403 0.0000000 0.5072640 0.3850652 0.7185235 0.2155208 0.2110586 0.2084044 0.2068504 0.1892279 0.2123568 0.1916119 0.2158573 0.2920971 0.2865506 0.2092633 0.2166749 0.1160376 0.2064152 0.2434967 0.2181100 0.2943809 0.2704491 0.2088432 0.1563811 0.1953991 0.2096809 0.6867104 0.1947865 0.2058501 0.2407560 0.1979300 0.2604568 0.2108164 0.2039951 0.2100589 0.2429823 0.1789364 0.2296757 0.2431241 0.2108039 0.2198327 0.1850986 0.1680851 0.1957464 0.3250536 0.2001243 0.2384896 0.2036209 0.2164771 0.2224238 0.2098381 0.2053571 0.2086119 0.1878350 0.1907049 0.1926951 0.2131433 0.2102001 0.2490810 0.2880167 0.2652701 0.3047882 0.1106371 0.2666158 0.2715947 0.2441648 0.1903142 0.2066519 0.2049375 0.2102551 0.2696766 0.2259473 0.1993797 0.1858137 0.1377964 0.2130889 0.2398722 0.1710138 0.1317149 
Galeana_pratensis_104_mex                  0.1551214 0.1464569 0.1406198 0.2013399 0.1590872 0.1572085 0.5072640 0.0000000 0.3533378 0.1323987 0.1409506 0.1302628 0.1263346 0.1372894 0.1154818 0.4755409 0.1346751 0.1520057 0.1926335 0.0000010 0.1114933 0.1270085 0.7819535 0.1293453 0.1158117 0.1193498 0.1295392 0.1371478 0.1963164 0.0000010 0.3367923 0.1534162 0.1359962 0.1331304 0.0000010 0.1404410 0.1188136 0.0000010 0.1412060 0.1407451 0.1260310 0.1299133 0.0000010 0.1334233 0.1662363 0.1151160 0.1259419 0.0000010 0.1192955 0.1307594 0.1260495 0.1294399 0.1295392 0.2046071 0.2235458 0.1526857 0.1419052 0.1305411 0.1117572 0.0000010 0.1771478 0.0000010 0.1406058 0.1265710 0.2036183 0.1332217 0.1579635 0.1465020 0.0000010 0.1223663 0.1337603 0.1512996 0.0000010 0.1456987 0.1261338 0.1329404 0.1426101 0.1643880 0.1263488 0.0000010 0.1862892 0.1266276 0.1367746 0.1517237 0.1425005 
Helianthus_annuus_SRR9119062               0.4430874 0.3647106 0.4225868 0.4398830 0.4927321 0.3546995 0.3850652 0.3533378 0.0000000 0.5964338 0.3943518 0.3995965 0.3781266 0.3750544 0.2708971 0.4483249 0.3833217 0.4720851 0.4687445 0.4341988 0.3773100 0.3761439 0.2068576 0.4166578 0.3977194 0.4084384 0.4761316 0.4436067 0.4291758 0.3119539 0.3071877 0.4649928 0.5573606 0.4198952 0.3873379 0.4202151 0.3461868 0.4709388 0.4350764 0.4130031 0.3938511 0.3533550 0.3704077 0.4026856 0.4140259 0.4037174 0.3779296 0.3675823 0.2586853 0.3301973 0.4842662 0.3805095 0.4528539 0.3835984 0.4468866 0.3225018 0.3279757 0.3602686 0.4090584 0.3347721 0.1996051 0.3254087 0.3268141 0.4104945 0.4422753 0.4874651 0.4477634 0.4976208 0.1676377 0.4190232 0.4915773 0.4458705 0.4180435 0.3738672 0.3969865 0.2684828 0.4554221 0.4889571 0.4191440 0.3290860 0.2072974 0.4205922 0.4308461 0.2802726 0.2762218 
Lycapsus_tenuifolius_17                    0.3642457 0.2617589 0.2795156 0.3734526 0.2768676 0.1129445 0.7185235 0.1323987 0.5964338 0.0000000 0.3218054 0.2485290 0.2500130 0.2618893 0.2409783 0.6482354 0.2167256 0.2401504 0.3493169 0.9587117 0.2434872 0.2662898 0.6838211 0.2448420 0.2621707 0.2719653 0.2847142 0.3357743 0.3176732 0.6965355 0.3411893 0.2837595 0.0059767 0.2517555 0.7067861 0.2912999 0.2560519 0.6974653 0.2757153 0.2545540 0.2440591 0.2908815 0.6520865 0.2858540 0.2486889 0.2592064 0.2587285 0.5987114 0.1968735 0.2387481 0.3414555 0.2473515 0.2725134 0.4097514 0.3275851 0.2493103 0.2293685 0.2501992 0.2463083 0.7002704 0.2249490 0.7067490 0.2520075 0.2551735 0.2979159 0.2852266 0.2962935 0.1610201 0.5901746 0.2722562 0.2623073 0.2526855 0.6590242 0.2941551 0.2587942 0.2153127 0.2732082 0.3160270 0.2661815 0.5752961 0.2360804 0.2683133 0.2530657 0.2578852 0.2638856 
Pericome_caudata_50_silver                 0.2397363 0.1512867 0.1822323 0.2959425 0.2723816 0.1179099 0.2155208 0.1409506 0.3943518 0.3218054 0.0000000 0.1432279 0.1342765 0.1277739 0.1197458 0.1287564 0.1578770 0.2797129 0.2735107 0.3315735 0.1206481 0.1391493 0.1169157 0.1565550 0.1849410 0.1483288 0.2162328 0.1778443 0.2015709 0.0995244 0.2227960 0.2343827 0.2587562 0.1317438 0.1015361 0.2351716 0.1376817 0.1626324 0.1647463 0.1602344 0.1298370 0.2298587 0.1323381 0.2075260 0.1993929 0.1331036 0.1630549 0.0957518 0.2033074 0.1465401 0.2372337 0.1396498 0.2056690 0.1617673 0.2613751 0.1420081 0.1456882 0.1514515 0.1459936 0.1145343 0.1004873 0.1611761 0.1749467 0.1574603 0.2011970 0.2119697 0.2175697 0.2330659 0.0657809 0.1583625 0.1470140 0.1937597 0.1191478 0.1246173 0.1398495 0.1525052 0.2116473 0.2212567 0.1355129 0.0841206 0.1069570 0.1444137 0.1691591 0.1190975 0.1113453 
Perityle_aglossa_84_dead_horse             0.1877422 0.1400258 0.1641815 0.2317638 0.3001809 0.0926553 0.2110586 0.1302628 0.3995965 0.2485290 0.1432279 0.0000000 0.0624884 0.0380837 0.0292455 0.1214475 0.0785947 0.2636402 0.2400230 0.2020759 0.0498345 0.0409639 0.0405657 0.0667588 0.1117950 0.0819987 0.2391397 0.1494247 0.1829053 0.1032789 0.1813772 0.1874229 0.1821252 0.0731258 0.1068597 0.1955651 0.0394491 0.1749320 0.1313258 0.0616740 0.0604892 0.1861611 0.0579026 0.1568808 0.1892968 0.0644394 0.0740832 0.0301864 0.1429691 0.0746674 0.1260433 0.0543035 0.1665999 0.0731002 0.2248798 0.1199743 0.0992488 0.0671645 0.0672772 0.1149356 0.1204247 0.1730939 0.1341517 0.0627853 0.1792769 0.2413547 0.2027720 0.2252959 0.0258670 0.1125414 0.1241965 0.1549362 0.0597391 0.0365630 0.0641941 0.0630245 0.2235285 0.1647268 0.0696293 0.0324860 0.1200575 0.0707642 0.1535608 0.1267806 0.1041028 
Perityle_ajoensis_204                      0.1730621 0.1297165 0.1451097 0.2193614 0.2982021 0.0997443 0.2084044 0.1263346 0.3781266 0.2500130 0.1342765 0.0624884 0.0000000 0.0330911 0.0227067 0.1049982 0.0229715 0.2336589 0.2296037 0.1999658 0.0251818 0.0251349 0.0406222 0.0286799 0.0982889 0.0395080 0.1887729 0.1226801 0.1709260 0.0986019 0.1820017 0.1845721 0.1864362 0.0365706 0.0936101 0.1609692 0.0287001 0.1613852 0.1211524 0.0503073 0.0285838 0.1665406 0.0486430 0.1523014 0.1691914 0.0275861 0.0424765 0.0265401 0.1381516 0.0332378 0.1450017 0.0295312 0.1297264 0.0607953 0.2180291 0.1269005 0.0914743 0.0241781 0.0246047 0.1084025 0.1175177 0.1726576 0.1312681 0.0373132 0.1600287 0.1826726 0.1853256 0.1789327 0.0168141 0.1163228 0.0830128 0.1383662 0.0490715 0.0291700 0.0327986 0.0539605 0.2012261 0.1662322 0.0353428 0.0278096 0.1220808 0.0340245 0.1191486 0.1189476 0.0931036 
Perityle_ambrosiifolia_67_green            0.1672590 0.1323008 0.1282594 0.2317527 0.2713099 0.1026264 0.2068504 0.1372894 0.3750544 0.2618893 0.1277739 0.0380837 0.0330911 0.0000000 0.0287211 0.1184339 0.0258419 0.2024505 0.2001928 0.1669463 0.0271083 0.0367675 0.0342734 0.0329888 0.1028849 0.0507704 0.1996076 0.1318658 0.1444013 0.0994482 0.1766413 0.1548075 0.1903931 0.0376994 0.1094016 0.1672001 0.0315195 0.1819342 0.1211774 0.0261839 0.0263829 0.1695501 0.0631167 0.1459710 0.1826104 0.0349813 0.0492716 0.0319346 0.0894103 0.0314311 0.1170533 0.0292176 0.1287762 0.0454284 0.1975465 0.1217327 0.0754246 0.0332519 0.0303281 0.1171639 0.1143930 0.1708704 0.1009694 0.0356940 0.1545911 0.1678503 0.1772052 0.1566546 0.0225110 0.1163271 0.0961844 0.1237911 0.0617132 0.0311616 0.0337166 0.0608156 0.1865724 0.1433660 0.0327328 0.0336823 0.0844927 0.0403762 0.1097890 0.1213127 0.0938230 
Perityle_angustifolia_13_Eagle_creek       0.1308567 0.0916670 0.1089486 0.2135566 0.1577472 0.1052874 0.1892279 0.1154818 0.2708971 0.2409783 0.1197458 0.0292455 0.0227067 0.0287211 0.0000000 0.1006457 0.0148556 0.1350927 0.1756111 0.2161562 0.0197251 0.0253327 0.0438446 0.0291576 0.0321895 0.0459973 0.1156563 0.1056717 0.1316263 0.0655052 0.1681931 0.1299653 0.1779104 0.0269836 0.0679622 0.1480006 0.0250522 0.2140180 0.1056295 0.0277927 0.0232714 0.1465553 0.0665048 0.1359446 0.1665879 0.0278874 0.0474442 0.0287261 0.0897706 0.0257294 0.1048883 0.0265642 0.1156605 0.0280955 0.1399581 0.0997606 0.0697416 0.0292098 0.0191843 0.0918184 0.1135648 0.1271358 0.0747159 0.0267690 0.1293024 0.0805648 0.1549630 0.1264898 0.0159073 0.0478044 0.0264145 0.1032761 0.0693941 0.0229734 0.0281120 0.0391667 0.1725022 0.1233131 0.0278086 0.0235534 0.0816870 0.0372162 0.0847997 0.0928148 0.0859580 
Perityle_batopilensis_97                   0.1607491 0.1652604 0.1502231 0.2959315 0.3768938 0.5571238 0.2123568 0.4755409 0.4483249 0.6482354 0.1287564 0.1214475 0.1049982 0.1184339 0.1006457 0.0000000 0.1060264 0.2750271 0.3238621 0.2537473 0.1120593 0.1119172 0.0773260 0.1063332 0.2349155 0.1058375 0.2139141 0.1208598 0.1463229 0.0934302 0.1166355 0.1522279 0.6418274 0.1111893 0.1134659 0.1435538 0.1140895 0.1552035 0.0364886 0.1141761 0.1076136 0.1284857 0.1066400 0.1373378 0.1673842 0.1116921 0.1034190 0.1047637 0.0851408 0.1198505 0.2559676 0.1130887 0.1328119 0.1175539 0.2517065 0.1052840 0.1079546 0.1120378 0.1105405 0.1372518 0.1307408 0.1511812 0.1907451 0.1150398 0.1556627 0.2553676 0.2152893 0.2010604 0.0647334 0.2459311 0.2254314 0.1238124 0.1026347 0.1144639 0.1090859 0.1627704 0.2429680 0.1476837 0.1118998 0.1254617 0.0820064 0.1108637 0.1196232 0.1228209 0.0970571 
Perityle_bisetosa_9                        0.1871806 0.1375844 0.1578054 0.1966313 0.3742274 0.0964190 0.1916119 0.1346751 0.3833217 0.2167256 0.1578770 0.0785947 0.0229715 0.0258419 0.0148556 0.1060264 0.0000000 0.2998297 0.2052617 0.0174260 0.0217981 0.0212476 0.0097412 0.0277698 0.0927554 0.0290860 0.2324962 0.1592576 0.1725435 0.0917861 0.1129281 0.2233824 0.2136674 0.0526079 0.1092662 0.1412361 0.0242009 0.1353129 0.1381724 0.0579878 0.0215915 0.1534362 0.0253772 0.1288739 0.1592828 0.0303729 0.0295367 0.0190420 0.1345642 0.0289131 0.0812228 0.0251594 0.1636958 0.0706604 0.2785261 0.1425214 0.0806481 0.0273694 0.0206001 0.0852739 0.0923168 0.0979612 0.0673532 0.0343605 0.1501218 0.2614001 0.1653512 0.1976497 0.0139869 0.1849225 0.1091121 0.1648053 0.0319343 0.0196514 0.0340592 0.0234459 0.1765192 0.1903290 0.0347473 0.0197933 0.1232376 0.0332211 0.1372402 0.1351805 0.0904342 
Perityle_californica_76_positas            0.3084253 0.1746082 0.2611975 0.3382254 0.3613771 0.1774192 0.2158573 0.1520057 0.4720851 0.2401504 0.2797129 0.2636402 0.2336589 0.2024505 0.1350927 0.2750271 0.2998297 0.0000000 0.2376192 0.2969412 0.2009974 0.2133259 0.1048555 0.2583934 0.2034937 0.2636001 0.3013358 0.2685353 0.2796499 0.1138705 0.2044021 0.2370783 0.2199590 0.2825784 0.2406889 0.2770129 0.1639866 0.3136170 0.2577442 0.2682461 0.2301252 0.1962202 0.2363213 0.2737029 0.2254142 0.2565590 0.2147364 0.2094953 0.1833870 0.1942768 0.2997250 0.2405135 0.2372001 0.2543268 0.2813357 0.1303165 0.1641564 0.2109310 0.2602750 0.1509031 0.1485699 0.0967520 0.1247229 0.2636674 0.2651943 0.3124713 0.3103626 0.3654444 0.0883912 0.2422130 0.3181631 0.2580177 0.2827824 0.2018118 0.2434763 0.1383883 0.3146529 0.2854601 0.2692136 0.1218701 0.1269094 0.2702590 0.2835363 0.1175932 0.1824056 
Perityle_canescens_77                      0.3393105 0.2102262 0.2899279 0.3129167 0.3167015 0.1474851 0.2920971 0.1926335 0.4687445 0.3493169 0.2735107 0.2400230 0.2296037 0.2001928 0.1756111 0.3238621 0.2052617 0.2376192 0.0000000 0.3028646 0.1931803 0.2074360 0.1056973 0.2400866 0.2202712 0.2361960 0.3281151 0.2969054 0.2365377 0.1700986 0.1847391 0.2744419 0.2355366 0.2522726 0.2365732 0.2637737 0.1890042 0.2746447 0.2201831 0.2445312 0.2019804 0.2090019 0.2326962 0.2646363 0.1703374 0.2317671 0.2060192 0.2322357 0.1499148 0.1610157 0.2672887 0.2103185 0.2572135 0.2301160 0.2405878 0.1530069 0.1824483 0.1886793 0.2409991 0.2082845 0.0848852 0.2212894 0.1534026 0.2372480 0.2172309 0.3398115 0.2992562 0.2693565 0.0734742 0.2602941 0.3240982 0.2481813 0.2775855 0.2006666 0.2201403 0.1249838 0.2916159 0.1920540 0.2527639 0.1865583 0.0799137 0.2481140 0.2548750 0.1827626 0.1574772 
Perityle_castillonii_96                    0.3032022 0.3030029 0.3026327 0.4137350 0.5293709 0.0000010 0.2865506 0.0000010 0.4341988 0.9587117 0.3315735 0.2020759 0.1999658 0.1669463 0.2161562 0.2537473 0.0174260 0.2969412 0.3028646 0.0000000 0.1840236 0.1896161 0.1795936 0.1571722 0.2746715 0.1917868 0.4652886 0.2943872 0.2586310 0.2213333 0.0997450 0.2346395 0.7024069 0.2021907 0.2570114 0.2749508 0.1803796 0.2416054 0.2531094 0.1668797 0.1933861 0.3217531 0.1797646 0.2716402 0.1952925 0.2016838 0.1868216 0.1880153 0.0418180 0.1249427 0.1828941 0.1489856 0.3185004 0.1558862 0.3455407 0.1661695 0.2321032 0.1292210 0.1841904 0.2543138 0.1078748 0.2914505 0.2341156 0.1864298 0.2874774 0.4285587 0.2765664 0.1128832 0.0083570 0.4192914 0.3304574 0.2080036 0.2076357 0.2174871 0.1855557 0.0952556 0.2708410 0.2724858 0.2001504 0.1506407 0.0663869 0.1992603 0.2282079 0.2825385 0.1824858 
Perityle_cernua_84                         0.1696669 0.1265257 0.1349124 0.2128536 0.2538386 0.0942855 0.2092633 0.1114933 0.3773100 0.2434872 0.1206481 0.0498345 0.0251818 0.0271083 0.0197251 0.1120593 0.0217981 0.2009974 0.1931803 0.1840236 0.0000000 0.0294531 0.0279481 0.0268122 0.0967708 0.0399651 0.1540379 0.1224551 0.1463272 0.1029240 0.1723946 0.1541479 0.1794887 0.0297427 0.0949125 0.1304770 0.0259218 0.1566131 0.1129157 0.0268645 0.0254943 0.1388366 0.0521396 0.1223740 0.1351598 0.0223657 0.0410342 0.0242812 0.1243630 0.0288719 0.1408801 0.0216808 0.1076100 0.0563227 0.1750843 0.1176265 0.0701472 0.0313297 0.0224105 0.1062653 0.1106908 0.1691072 0.1228379 0.0325038 0.1564610 0.1720243 0.1806888 0.1610765 0.0111683 0.1084499 0.0905429 0.1340273 0.0509829 0.0262432 0.0255769 0.0512654 0.1959521 0.1424647 0.0260268 0.0211252 0.0978729 0.0332246 0.1087177 0.1097433 0.0882863 
Perityle_cfvillosa_25_tin                  0.1731933 0.1309174 0.1426680 0.2163312 0.2744792 0.1027149 0.2166749 0.1270085 0.3761439 0.2662898 0.1391493 0.0409639 0.0251349 0.0367675 0.0253327 0.1119172 0.0212476 0.2133259 0.2074360 0.1896161 0.0294531 0.0000000 0.0438406 0.0339810 0.1048083 0.0399573 0.1667347 0.1251684 0.1581186 0.1037078 0.1602231 0.1423674 0.2022623 0.0352871 0.0986000 0.1385457 0.0337453 0.1619819 0.1201639 0.0357484 0.0316109 0.1476874 0.0513489 0.1326994 0.1342009 0.0299976 0.0488665 0.0131697 0.1337569 0.0321313 0.1337120 0.0312417 0.1096679 0.0481080 0.1906661 0.1260927 0.0805618 0.0195095 0.0074916 0.1164398 0.1246732 0.1725573 0.1350398 0.0397155 0.1627722 0.1868783 0.1825303 0.1763330 0.0139681 0.1299817 0.1050927 0.1318838 0.0532260 0.0330789 0.0330069 0.0499936 0.2093770 0.1425500 0.0299984 0.0275650 0.0935767 0.0216082 0.1090583 0.1224706 0.0924667 
Perityle_cinerea_113_Powell1310            0.0920218 0.0742418 0.1101919 0.1815547 0.1445352 0.8193896 0.1160376 0.7819535 0.2068576 0.6838211 0.1169157 0.0405657 0.0406222 0.0342734 0.0438446 0.0773260 0.0097412 0.1048555 0.1056973 0.1795936 0.0279481 0.0438406 0.0000000 0.0438261 0.0342131 0.0707585 0.0986793 0.0877328 0.0841441 0.0535048 0.0591236 0.0989346 0.6607604 0.0312423 0.0576631 0.1184902 0.0246729 0.1531858 0.1086468 0.0278777 0.0437390 0.1257350 0.0565455 0.1256442 0.1146366 0.0437390 0.0706923 0.0324228 0.0698985 0.0341818 0.1243749 0.0375230 0.0952595 0.0291613 0.1155944 0.1078811 0.0889954 0.0373764 0.0438406 0.0576435 0.1794091 0.0850076 0.0819617 0.0341151 0.1102391 0.0986793 0.1381217 0.8193896 0.0125012 0.0278088 0.0246562 0.0711436 0.0532183 0.0228376 0.0372427 0.0359174 0.1715829 0.0707426 0.0278599 0.0242143 0.0321460 0.0470323 0.0791565 0.0842050 0.0782544 
Perityle_coahuilensis_24                   0.1851885 0.1349607 0.1440708 0.2378676 0.3095087 0.0940005 0.2064152 0.1293453 0.4166578 0.2448420 0.1565550 0.0667588 0.0286799 0.0329888 0.0291576 0.1063332 0.0277698 0.2583934 0.2400866 0.1571722 0.0268122 0.0339810 0.0438261 0.0000000 0.1003742 0.0466577 0.2229150 0.1539855 0.1617008 0.0975244 0.1687747 0.2209030 0.1807714 0.0468899 0.1032453 0.1781854 0.0326608 0.1699384 0.1264506 0.0490331 0.0288739 0.1746938 0.0519474 0.1400929 0.1872099 0.0303592 0.0457403 0.0254045 0.1365637 0.0374564 0.1393937 0.0273160 0.1755771 0.0657654 0.2273726 0.1383003 0.0838772 0.0327758 0.0336635 0.1090442 0.1155731 0.1662007 0.0913340 0.0411808 0.1527478 0.2157877 0.1812560 0.2004147 0.0168036 0.1161884 0.0701851 0.1432028 0.0518325 0.0305546 0.0352430 0.0589360 0.1982487 0.1961575 0.0359356 0.0274194 0.1235806 0.0261272 0.1477440 0.1119879 0.0877944 
Perityle_cochisensis_44_cave_creek         0.2381150 0.1472567 0.1634045 0.2552079 0.2730579 0.1112223 0.2434967 0.1158117 0.3977194 0.2621707 0.1849410 0.1117950 0.0982889 0.1028849 0.0321895 0.2349155 0.0927554 0.2034937 0.2202712 0.2746715 0.0967708 0.1048083 0.0342131 0.1003742 0.0000000 0.1204332 0.2028581 0.1857462 0.1782016 0.1479703 0.1973077 0.2058740 0.1950718 0.1027889 0.2310764 0.1965731 0.0799652 0.3123791 0.1703709 0.1063597 0.0997350 0.1897760 0.1334485 0.1974259 0.2378257 0.1016396 0.1276337 0.1382140 0.1579891 0.0623899 0.1789388 0.0700264 0.1820286 0.1450077 0.1953781 0.1274972 0.0921544 0.0768114 0.0979617 0.1483689 0.1194477 0.2036077 0.1170024 0.1047530 0.2074840 0.1633841 0.2242384 0.1850705 0.0254409 0.1441727 0.1609401 0.1980615 0.1803734 0.1127877 0.1067987 0.0736284 0.2100898 0.2303703 0.1025091 0.1469527 0.0904388 0.1007227 0.1738669 0.1078829 0.1132508 
Perityle_congesta_202                      0.1832527 0.1381576 0.1531485 0.2266809 0.3057511 0.1026796 0.2181100 0.1193498 0.4084384 0.2719653 0.1483288 0.0819987 0.0395080 0.0507704 0.0459973 0.1058375 0.0290860 0.2636001 0.2361960 0.1917868 0.0399651 0.0399573 0.0707585 0.0466577 0.1204332 0.0000000 0.2117944 0.1474378 0.1733091 0.0902809 0.1850037 0.1957790 0.1997649 0.0599012 0.0962340 0.1806617 0.0529592 0.1636821 0.1353979 0.0615158 0.0449510 0.1758137 0.0149352 0.1442467 0.1951495 0.0413676 0.0244792 0.0457702 0.1370638 0.0471708 0.1502319 0.0473224 0.1733943 0.0837188 0.2386337 0.1417104 0.0887689 0.0392599 0.0447346 0.1147486 0.1212018 0.1682930 0.1587084 0.0528386 0.1643582 0.2065018 0.2013625 0.2133053 0.0168088 0.1350192 0.0996111 0.1423556 0.0203910 0.0411017 0.0501215 0.0554991 0.2075223 0.1558800 0.0501575 0.0418184 0.1102041 0.0427933 0.1362612 0.1256316 0.1006024 
Perityle_cordifolia_27                     0.2770301 0.1818649 0.2467223 0.2845322 0.3153830 0.0821025 0.2943809 0.1295392 0.4761316 0.2847142 0.2162328 0.2391397 0.1887729 0.1996076 0.1156563 0.2139141 0.2324962 0.3013358 0.3281151 0.4652886 0.1540379 0.1667347 0.0986793 0.2229150 0.2028581 0.2117944 0.0000000 0.2191740 0.2613898 0.2061837 0.1988415 0.2939312 0.2098907 0.2147342 0.2012485 0.2828936 0.1859093 0.2932034 0.2311929 0.2131396 0.2095742 0.2266123 0.2588774 0.2374868 0.2416030 0.1960683 0.2026439 0.1934245 0.1582461 0.2022015 0.3351648 0.2260991 0.0816144 0.2252638 0.2790520 0.1461560 0.1335545 0.1813861 0.2098623 0.2166499 0.1144101 0.2519685 0.1251451 0.2167199 0.2505385 0.0357526 0.2821228 0.3160346 0.1103799 0.2262204 0.2171501 0.2437246 0.2138305 0.1503520 0.2043670 0.0928771 0.2515409 0.2571716 0.2088320 0.1666291 0.1359917 0.2106619 0.1937931 0.1218672 0.1439272 
Perityle_cordifolia_68_tecolote            0.2139445 0.1682663 0.1836430 0.2859894 0.3146229 0.1557703 0.2704491 0.1371478 0.4436067 0.3357743 0.1778443 0.1494247 0.1226801 0.1318658 0.1056717 0.1208598 0.1592576 0.2685353 0.2969054 0.2943872 0.1224551 0.1251684 0.0877328 0.1539855 0.1857462 0.1474378 0.2191740 0.0000000 0.2040430 0.1100459 0.2482913 0.2290058 0.2758100 0.1333700 0.1148373 0.2199788 0.1293425 0.1620696 0.1729515 0.1541673 0.1388012 0.2101838 0.1306932 0.1800228 0.1953816 0.1295932 0.1440032 0.1156687 0.1788879 0.1392058 0.2463728 0.1373195 0.1796525 0.1738867 0.2410181 0.0637847 0.1487023 0.1460327 0.1426141 0.1326410 0.1384936 0.1711400 0.1781094 0.1424079 0.1852030 0.2199183 0.2265350 0.2614132 0.0977607 0.1918010 0.1840767 0.1669470 0.1233972 0.1280126 0.1339800 0.1514999 0.2459911 0.2084308 0.1418051 0.1182620 0.1397703 0.1399198 0.1645837 0.1195142 0.1030865 
Perityle_coronopifolia_28_patagonia        0.2370464 0.1428864 0.2285119 0.3055722 0.3179401 0.2014500 0.2088432 0.1963164 0.4291758 0.3176732 0.2015709 0.1829053 0.1709260 0.1444013 0.1316263 0.1463229 0.1725435 0.2796499 0.2365377 0.2586310 0.1463272 0.1581186 0.0841441 0.1617008 0.1782016 0.1733091 0.2613898 0.2040430 0.0000000 0.0708916 0.1953781 0.2349826 0.2554402 0.1778933 0.1319489 0.2320843 0.1546728 0.2108971 0.1765827 0.1783818 0.1545575 0.2449992 0.1302890 0.2329920 0.1944356 0.1685870 0.1677607 0.1082016 0.2553048 0.1695040 0.2538428 0.1662810 0.2245723 0.1742913 0.2029589 0.1502668 0.1596180 0.1600747 0.1695597 0.0714181 0.0970351 0.1329579 0.1608127 0.1718022 0.1881138 0.2532337 0.2515430 0.2765025 0.0591005 0.1950582 0.2084964 0.2035695 0.1387094 0.1416996 0.1718388 0.1311102 0.2686054 0.1888573 0.1765471 0.0925370 0.0952097 0.1788339 0.1803685 0.1206529 0.1306238 
Perityle_crassifolia_70_ventanas           0.1130942 0.0924625 0.1067052 0.2423299 0.2455890 0.0000010 0.1563811 0.0000010 0.3119539 0.6965355 0.0995244 0.1032789 0.0986019 0.0994482 0.0655052 0.0934302 0.0917861 0.1138705 0.1700986 0.2213333 0.1029240 0.1037078 0.0535048 0.0975244 0.1479703 0.0902809 0.2061837 0.1100459 0.0708916 0.0000000 0.0484186 0.0860605 0.7294591 0.1032424 0.0085277 0.1124190 0.1036640 0.1366061 0.0968551 0.1031145 0.0993487 0.1069856 0.0895221 0.0898598 0.1088584 0.1027991 0.0862228 0.0993756 0.0729979 0.1006310 0.2244547 0.0928784 0.1054174 0.0975398 0.1282500 0.0966546 0.0818299 0.0891302 0.0985697 0.0858677 0.0735199 0.1493074 0.0954782 0.1042777 0.1153546 0.2084897 0.1666747 0.0242498 0.0552506 0.2256299 0.2333469 0.0043258 0.0865828 0.1021685 0.0992022 0.1075973 0.1752637 0.0935600 0.1044300 0.1096634 0.0450954 0.0993756 0.0085277 0.0871333 0.0630263 
Perityle_crassifolia_74_playa_balandra     0.1404328 0.1462009 0.1896363 0.2336470 0.2105234 0.2013603 0.1953991 0.3367923 0.3071877 0.3411893 0.2227960 0.1813772 0.1820017 0.1766413 0.1681931 0.1166355 0.1129281 0.2044021 0.1847391 0.0997450 0.1723946 0.1602231 0.0591236 0.1687747 0.1973077 0.1850037 0.1988415 0.2482913 0.1953781 0.0484186 0.0000000 0.2243939 0.3337567 0.1950681 0.0508817 0.2101114 0.1912558 0.1395928 0.1941443 0.1709329 0.1762795 0.2107567 0.0955864 0.2043128 0.2003882 0.1934771 0.1818204 0.1051885 0.1632341 0.1793239 0.1901243 0.1729382 0.1927993 0.1243159 0.1858024 0.1494355 0.1387696 0.1565449 0.1848004 0.0710934 0.1310927 0.0954416 0.1420471 0.1827920 0.2044412 0.1981320 0.2242514 0.2736402 0.0459453 0.2186225 0.1913017 0.1964388 0.1029169 0.1400759 0.1871343 0.1287018 0.2201979 0.2078383 0.1882081 0.0907954 0.0973367 0.1866095 0.1736511 0.1557000 0.1249734 
Perityle_cuneata_34_cuneata_San_antonio    0.2215292 0.1538632 0.2247972 0.2962072 0.3509059 0.1952602 0.2096809 0.1534162 0.4649928 0.2837595 0.2343827 0.1874229 0.1845721 0.1548075 0.1299653 0.1522279 0.2233824 0.2370783 0.2744419 0.2346395 0.1541479 0.1423674 0.0989346 0.2209030 0.2058740 0.1957790 0.2939312 0.2290058 0.2349826 0.0860605 0.2243939 0.0000000 0.2288017 0.2066096 0.1029810 0.2259818 0.1545964 0.1860625 0.1762600 0.2074698 0.1784367 0.2313418 0.1217361 0.2141330 0.2389657 0.1882984 0.1889742 0.1109488 0.2310854 0.1874377 0.2573209 0.1690635 0.2159955 0.1678942 0.2578971 0.1659214 0.1868168 0.1613874 0.2085912 0.1301817 0.1247020 0.1590250 0.1793157 0.2232881 0.2094536 0.2867795 0.2437155 0.3080715 0.0575750 0.2354794 0.2634548 0.1776364 0.1458118 0.1413907 0.1910877 0.1616542 0.2877466 0.2401029 0.2094727 0.1137040 0.1159109 0.2041826 0.2033703 0.1192717 0.0926944 
Perityle_discoidea_81                      0.2419651 0.1927178 0.2026139 0.2787826 0.2107597 0.1129469 0.6867104 0.1359962 0.5573606 0.0059767 0.2587562 0.1821252 0.1864362 0.1903931 0.1779104 0.6418274 0.2136674 0.2199590 0.2355366 0.7024069 0.1794887 0.2022623 0.6607604 0.1807714 0.1950718 0.1997649 0.2098907 0.2758100 0.2554402 0.7294591 0.3337567 0.2288017 0.0000000 0.1843845 0.7485820 0.2171908 0.1921058 0.6723149 0.2085467 0.1913262 0.1772115 0.2283922 0.6076534 0.2130951 0.2245673 0.1932305 0.1863223 0.5859906 0.1995490 0.2010121 0.1923690 0.1796173 0.1992951 0.3165530 0.2557075 0.2507766 0.1967186 0.2028280 0.1815130 0.6359319 0.2252276 0.5863612 0.2287419 0.1883495 0.2255781 0.2100522 0.2322701 0.1528501 0.5901746 0.2094670 0.1960218 0.2060520 0.6070857 0.2077232 0.1915695 0.1933434 0.2200729 0.2518708 0.1993891 0.6428409 0.2408287 0.2090766 0.2062176 0.1968443 0.2326180 
Perityle_dissecta_201                      0.1868419 0.1294191 0.1430598 0.2367304 0.3124720 0.0880126 0.1947865 0.1331304 0.4198952 0.2517555 0.1317438 0.0731258 0.0365706 0.0376994 0.0269836 0.1111893 0.0526079 0.2825784 0.2522726 0.2021907 0.0297427 0.0352871 0.0312423 0.0468899 0.1027889 0.0599012 0.2147342 0.1333700 0.1778933 0.1032424 0.1950681 0.2066096 0.1843845 0.0000000 0.1035669 0.1854716 0.0296411 0.1565803 0.1386430 0.0619899 0.0368666 0.1854441 0.0620136 0.1518770 0.1908479 0.0375456 0.0523208 0.0264621 0.1328233 0.0407575 0.1589105 0.0369393 0.1728630 0.0754513 0.2471275 0.1298293 0.0866800 0.0429809 0.0426629 0.1158181 0.1106809 0.1658958 0.1301162 0.0422894 0.1682541 0.2250710 0.1880639 0.2123102 0.0167901 0.1150383 0.0960908 0.1515246 0.0673869 0.0339412 0.0389949 0.0637650 0.2083998 0.1716366 0.0465148 0.0237152 0.1258972 0.0504335 0.1376682 0.1121232 0.0908176 
Perityle_emoryi_47_punta_san_jose          0.1437322 0.1321112 0.1364202 0.2335130 0.3753037 0.0000010 0.2058501 0.0000010 0.3873379 0.7067861 0.1015361 0.1068597 0.0936101 0.1094016 0.0679622 0.1134659 0.1092662 0.2406889 0.2365732 0.2570114 0.0949125 0.0986000 0.0576631 0.1032453 0.2310764 0.0962340 0.2012485 0.1148373 0.1319489 0.0085277 0.0508817 0.1029810 0.7485820 0.1035669 0.0000000 0.1282986 0.0999159 0.1206807 0.1186464 0.1117886 0.1011406 0.1150216 0.1033672 0.1145789 0.1277185 0.0976547 0.0957100 0.0940565 0.0798229 0.1079788 0.2451341 0.1079719 0.1037245 0.1049613 0.2386556 0.1046141 0.1019394 0.1004207 0.1010197 0.0997085 0.0773329 0.1555066 0.2362253 0.1064473 0.1364381 0.2361158 0.1940012 0.1421016 0.0552052 0.2445774 0.2165044 0.0160569 0.0959394 0.0930606 0.0976560 0.1275648 0.1920389 0.1138770 0.1017839 0.0932221 0.0477268 0.1021899 0.0060108 0.1101006 0.0980016 
Perityle_feddemae_99                       0.1962339 0.1580207 0.2095741 0.2711040 0.3003304 0.1268094 0.2407560 0.1404410 0.4202151 0.2912999 0.2351716 0.1955651 0.1609692 0.1672001 0.1480006 0.1435538 0.1412361 0.2770129 0.2637737 0.2749508 0.1304770 0.1385457 0.1184902 0.1781854 0.1965731 0.1806617 0.2828936 0.2199788 0.2320843 0.1124190 0.2101114 0.2259818 0.2171908 0.1854716 0.1282986 0.0000000 0.1712069 0.1913286 0.2058611 0.1532712 0.1732051 0.0835218 0.1294516 0.0550207 0.2018787 0.1534782 0.1789907 0.1253856 0.0387007 0.1718255 0.2577182 0.1625920 0.2365709 0.1495377 0.2506505 0.1566269 0.1296064 0.1340689 0.1839483 0.1553066 0.1394072 0.1876699 0.1617080 0.1899574 0.1678930 0.2395564 0.2200599 0.2677266 0.0938391 0.2551821 0.2319034 0.1828926 0.1265785 0.1280606 0.1796622 0.1254938 0.2147277 0.2468743 0.1806670 0.1283683 0.1398576 0.1714178 0.1955062 0.1361483 0.1211951 
Perityle_fosteri_93                        0.1745713 0.1123452 0.1350023 0.2214643 0.2239512 0.1020210 0.1979300 0.1188136 0.3461868 0.2560519 0.1376817 0.0394491 0.0287001 0.0315195 0.0250522 0.1140895 0.0242009 0.1639866 0.1890042 0.1803796 0.0259218 0.0337453 0.0246729 0.0326608 0.0799652 0.0529592 0.1859093 0.1293425 0.1546728 0.1036640 0.1912558 0.1545964 0.1921058 0.0296411 0.0999159 0.1712069 0.0000000 0.1832181 0.1213119 0.0321089 0.0311355 0.1769842 0.0556654 0.1423060 0.1845997 0.0262426 0.0488174 0.0237232 0.1166764 0.0324526 0.1323731 0.0298013 0.1519297 0.0512433 0.1489498 0.1169300 0.0740927 0.0334026 0.0282661 0.1009467 0.1158747 0.1702405 0.0868005 0.0321216 0.1669454 0.1515699 0.1825884 0.1786351 0.0168236 0.0991479 0.0858052 0.1253049 0.0596759 0.0294175 0.0270186 0.0600299 0.1990264 0.1552891 0.0323050 0.0267273 0.0863489 0.0370474 0.1134948 0.1051310 0.0790263 
Perityle_gamon_221                         0.2266262 0.2223741 0.2181688 0.2716628 0.4993287 0.5959688 0.2604568 0.0000010 0.4709388 0.6974653 0.1626324 0.1749320 0.1613852 0.1819342 0.2140180 0.1552035 0.1353129 0.3136170 0.2746447 0.2416054 0.1566131 0.1619819 0.1531858 0.1699384 0.3123791 0.1636821 0.2932034 0.1620696 0.2108971 0.1366061 0.1395928 0.1860625 0.6723149 0.1565803 0.1206807 0.1913286 0.1832181 0.0000000 0.2079385 0.1767012 0.1578038 0.2235426 0.1757438 0.1834111 0.1192193 0.1677878 0.1562997 0.1515105 0.1149221 0.1633772 0.2300202 0.1861150 0.1972843 0.1880453 0.3424471 0.1480550 0.1652165 0.1860733 0.1645188 0.1681687 0.1576678 0.1271442 0.1957815 0.1637686 0.1754532 0.4348314 0.2194950 0.1520735 0.0648420 0.3576933 0.3041578 0.1514008 0.1544092 0.1583932 0.1603399 0.1537168 0.1989845 0.1850322 0.1685610 0.1321732 0.1085152 0.1650059 0.1315532 0.2267201 0.1586799 
Perityle_gentryi_8_san_francisco           0.1985587 0.1440936 0.1733666 0.2781013 0.2485562 0.0970977 0.2108164 0.1412060 0.4350764 0.2757153 0.1647463 0.1313258 0.1211524 0.1211774 0.1056295 0.0364886 0.1381724 0.2577442 0.2201831 0.2531094 0.1129157 0.1201639 0.1086468 0.1264506 0.1703709 0.1353979 0.2311929 0.1729515 0.1765827 0.0968551 0.1941443 0.1762600 0.2085467 0.1386430 0.1186464 0.2058611 0.1213119 0.2079385 0.0000000 0.1387530 0.1157309 0.1989952 0.1118904 0.1935388 0.2060017 0.1345201 0.1163088 0.1083397 0.1388027 0.1225785 0.2097757 0.1226801 0.1747931 0.1370370 0.2256677 0.1134242 0.1103837 0.1182218 0.1336582 0.1381254 0.1187293 0.1515277 0.1038615 0.1348458 0.1876269 0.2054798 0.2182750 0.1931476 0.0649056 0.1932482 0.2201135 0.1530486 0.1435879 0.1230778 0.1206113 0.1234701 0.2192981 0.1666326 0.1335710 0.1338267 0.0958493 0.1406374 0.1429317 0.1268299 0.1028194 
Perityle_gilensis_22_Superstition          0.1889791 0.1352329 0.1682674 0.2321681 0.3142507 0.0921936 0.2039951 0.1407451 0.4130031 0.2545540 0.1602344 0.0616740 0.0503073 0.0261839 0.0277927 0.1141761 0.0579878 0.2682461 0.2445312 0.1668797 0.0268645 0.0357484 0.0278777 0.0490331 0.1063597 0.0615158 0.2131396 0.1541673 0.1783818 0.1031145 0.1709329 0.2074698 0.1913262 0.0619899 0.1117886 0.1532712 0.0321089 0.1767012 0.1387530 0.0000000 0.0422476 0.1421428 0.0521312 0.1403586 0.1629336 0.0506740 0.0488912 0.0291945 0.1598055 0.0466592 0.1516481 0.0291566 0.1496231 0.0686050 0.2400000 0.1368526 0.1129381 0.0383101 0.0475401 0.1093056 0.1157831 0.1731398 0.1119147 0.0560238 0.1561666 0.2470070 0.2076801 0.2066668 0.0140039 0.1160383 0.1004500 0.1564716 0.0544473 0.0326040 0.0545051 0.0568466 0.2270716 0.1744981 0.0547432 0.0272545 0.1182386 0.0594988 0.1507613 0.1212923 0.0945396 
Perityle_gilensis_salensis_225             0.1685740 0.1343706 0.1329004 0.2237904 0.2998722 0.0942154 0.2100589 0.1260310 0.3938511 0.2440591 0.1298370 0.0604892 0.0285838 0.0263829 0.0232714 0.1076136 0.0215915 0.2301252 0.2019804 0.1933861 0.0254943 0.0316109 0.0437390 0.0288739 0.0997350 0.0449510 0.2095742 0.1388012 0.1545575 0.0993487 0.1762795 0.1784367 0.1772115 0.0368666 0.1011406 0.1732051 0.0311355 0.1578038 0.1157309 0.0422476 0.0000000 0.1668291 0.0477871 0.1419264 0.1716146 0.0279169 0.0431851 0.0263995 0.1178348 0.0317739 0.1348615 0.0231478 0.1483351 0.0532914 0.2078979 0.1279890 0.0773933 0.0344417 0.0274179 0.1123680 0.1071808 0.1707375 0.1275170 0.0324081 0.1570146 0.1843813 0.1871307 0.1764941 0.0139678 0.1149355 0.0870368 0.1329331 0.0489357 0.0272396 0.0331973 0.0552523 0.1939306 0.1382258 0.0316371 0.0271788 0.0977638 0.0406548 0.1228256 0.1141104 0.0878909 
Perityle_glaucescens_94                    0.2052714 0.1340186 0.2169693 0.2709329 0.2451978 0.1315095 0.2429823 0.1299133 0.3533550 0.2908815 0.2298587 0.1861611 0.1665406 0.1695501 0.1465553 0.1284857 0.1534362 0.1962202 0.2090019 0.3217531 0.1388366 0.1476874 0.1257350 0.1746938 0.1897760 0.1758137 0.2266123 0.2101838 0.2449992 0.1069856 0.2107567 0.2313418 0.2283922 0.1854441 0.1150216 0.0835218 0.1769842 0.2235426 0.1989952 0.1421428 0.1668291 0.0000000 0.1298050 0.0268896 0.1922015 0.1619103 0.1745202 0.1318233 0.0188372 0.1851375 0.2725971 0.1714362 0.2031740 0.1707031 0.1555840 0.1495092 0.1169766 0.1501441 0.1806283 0.1527912 0.1319860 0.1875519 0.1571571 0.1847752 0.1828271 0.1715943 0.2353887 0.2285943 0.0967562 0.2211813 0.2141620 0.1734388 0.1231906 0.1418370 0.1813865 0.1325698 0.2189809 0.2317304 0.1796881 0.1504050 0.1215062 0.1779442 0.1859353 0.1257441 0.0972338 
Perityle_gracilis_11                       0.1292568 0.1578003 0.1167479 0.2740623 0.3448950 0.0000010 0.1789364 0.0000010 0.3704077 0.6520865 0.1323381 0.0579026 0.0486430 0.0631167 0.0665048 0.1066400 0.0253772 0.2363213 0.2326962 0.1797646 0.0521396 0.0513489 0.0565455 0.0519474 0.1334485 0.0149352 0.2588774 0.1306932 0.1302890 0.0895221 0.0955864 0.1217361 0.6076534 0.0620136 0.1033672 0.1294516 0.0556654 0.1757438 0.1118904 0.0521312 0.0477871 0.1298050 0.0000000 0.1074307 0.1364789 0.0488818 0.0029746 0.0494449 0.0418258 0.0485983 0.1545506 0.0506208 0.1323913 0.0558308 0.2026176 0.1378027 0.1037077 0.0448791 0.0458118 0.1219615 0.1270274 0.1646445 0.1284170 0.0536407 0.1420799 0.2434510 0.2106033 0.1554006 0.0254338 0.2214760 0.1840431 0.0984422 0.0074728 0.0625036 0.0502891 0.0832296 0.2335041 0.1155190 0.0531270 0.0528554 0.0798539 0.0477712 0.1033672 0.1376574 0.0841413 
Perityle_harkerae_31                       0.2263233 0.1579093 0.1907598 0.2767713 0.2603917 0.1372456 0.2296757 0.1334233 0.4026856 0.2858540 0.2075260 0.1568808 0.1523014 0.1459710 0.1359446 0.1373378 0.1288739 0.2737029 0.2646363 0.2716402 0.1223740 0.1326994 0.1256442 0.1400929 0.1974259 0.1442467 0.2374868 0.1800228 0.2329920 0.0898598 0.2043128 0.2141330 0.2130951 0.1518770 0.1145789 0.0550207 0.1423060 0.1834111 0.1935388 0.1403586 0.1419264 0.0268896 0.1074307 0.0000000 0.1793143 0.1502605 0.1375722 0.1042889 0.0098951 0.1468952 0.2308869 0.1486023 0.1985103 0.1563385 0.2571854 0.1468746 0.1262433 0.1290170 0.1497998 0.1471307 0.1149958 0.1845811 0.1714827 0.1547409 0.1719627 0.2297229 0.2105085 0.1951880 0.0593196 0.1974897 0.2051036 0.1800469 0.1155913 0.1231485 0.1541927 0.1284750 0.2135016 0.2229969 0.1548292 0.0972061 0.1152373 0.1565341 0.1633074 0.1277747 0.1174687 
