83
Amauria_brandeegeana_62-At1g01470                    0.0000000 0.0738520 0.2731996 0.2618328 0.0945364 0.2993250 0.1676736 0.4367506 0.0246596 0.3023201 0.4541549 0.2876561 0.3190632 0.3637709 0.3578945 0.3270077 0.2114658 0.2318349 0.4547561 0.5811166 0.3226516 0.2092747 0.2599499 0.1541346 0.2996786 0.4057047 0.3484529 0.2537955 0.1898205 0.1838455 0.2449299 0.0235454 0.5161558 0.0640786 0.4949204 0.4964406 0.3543593 0.2982635 0.4504156 0.4239766 0.3578490 0.2834495 0.2426328 0.3753770 0.3039625 0.3310934 0.3202106 0.4913143 0.3143155 0.1367687 0.3472145 0.2661938 0.3850508 0.3864388 0.1983791 0.2690259 0.2708661 0.3425004 0.1171302 0.1343950 0.2623418 0.2040523 0.4342679 0.3412486 0.3276089 0.5120236 0.1390641 0.3064858 0.4288737 0.2270379 0.3380365 0.2922246 0.3240828 0.1479254 0.6439697 0.3055297 0.3120555 0.5165863 0.2657997 0.4482431 0.4849109 0.1352758 0.2327488 
Amauria_carterae_99_mesa-At1g01470                   0.0738520 0.0000000 0.8677341 0.0677777 0.0823486 0.1673575 0.2673443 0.2824656 0.0709380 0.1220071 0.1371672 0.1526570 0.1655809 0.2508818 0.1546028 0.1409288 0.1803444 0.1749736 0.1610536 0.0000010 0.1542540 0.5913583 0.1494663 0.1550220 0.1585246 0.1672915 0.1042624 0.1392646 0.1507474 0.3176230 0.1463412 0.0709380 0.1468406 0.0584924 0.3822787 0.1269158 0.1757737 0.1624838 0.1508191 0.1523304 0.1115922 0.1505731 0.0877065 0.1801990 0.1437440 0.1580558 0.1542540 0.3822430 0.1585470 0.1401651 0.1470304 0.2404866 0.1463781 0.1897295 0.1222277 0.2866653 0.1504782 0.2144180 0.1137220 0.1589493 0.1735800 0.0000010 0.1553713 0.1379117 0.2859964 0.2942511 0.0000010 0.1334898 0.9719930 0.8534905 0.1544803 0.1818122 0.1472985 0.0000010 0.2941651 0.1654044 0.1469421 0.2960687 0.4193695 0.1574267 0.3436201 0.1429043 0.0000010 
Conoclinium_coelestinum_SRR9119114-At1g01470         0.2731996 0.8677341 0.0000000 0.6545172 0.2918023 0.7313897 0.2379128 0.3274579 0.2265950 0.6405942 0.3820115 0.6914852 0.2487494 0.2595072 0.7181184 0.7397700 0.6076282 0.2747920 0.3931362 0.2943101 0.3278835 0.2533845 0.6639690 0.6458745 0.6163161 0.7384620 0.3141564 0.2358690 0.2786056 0.3055354 0.5377393 0.2604373 0.4249360 0.7797652 1.0366209 0.3982902 0.3430394 0.6457248 0.4185183 0.6536397 0.7158011 0.6664881 0.7193928 0.3271901 0.6434783 0.7183247 0.2633710 0.9865867 0.6026323 0.6322734 0.2685702 1.1282729 0.3941990 0.3434430 0.3185280 0.2834989 0.2457655 0.2649275 0.7479557 0.2667530 0.8883861 0.2059406 0.7646560 0.2375446 1.1282729 1.1701731 0.1698214 0.6337173 0.2727382 0.1863227 0.2522850 0.6759014 0.6211051 0.1328440 1.1544904 0.3067650 0.6411384 0.4744223 0.3105499 0.8338418 0.4379590 0.6836110 0.1122833 
Eutetras_palmeri_63-At1g01470                        0.2618328 0.0677777 0.6545172 0.0000000 0.0427491 0.1740351 0.2328665 0.4266715 0.2480114 0.2529255 0.4857724 0.2497457 0.2624200 0.3985970 0.2703433 0.2371326 0.2451001 0.2422002 0.2946172 0.9142452 0.3160537 0.7335638 0.2228741 0.1118539 0.2448093 0.2612594 0.3491802 0.2137659 0.2735851 0.3546675 0.2767399 0.2179496 0.2937337 0.1475573 0.4694871 0.2827533 0.3290726 0.1856244 0.2128387 0.4978983 0.2638665 0.2552245 0.2054840 0.4527940 0.2299120 0.2533898 0.2417002 0.4549036 0.2242730 0.1142687 0.2804503 0.2782294 0.2879949 0.2880661 0.1542481 0.3864808 0.1825174 0.2945080 0.1145346 0.1479380 0.1965108 0.3841950 0.2398108 0.2952549 0.3176454 0.4741487 0.5734125 0.2461068 0.7253133 0.9821898 0.2517783 0.2787782 0.2325759 0.4712402 0.4734878 0.3368519 0.2088296 0.4329290 0.3954490 0.2963460 0.5283297 0.1137490 0.5412702 
Eutetras_pringlei_149_quer-At1g01470                 0.0945364 0.0823486 0.2918023 0.0427491 0.0000000 0.1708102 0.1784700 0.2003710 0.0940475 0.1819258 0.1955919 0.1189068 0.1218920 0.1464926 0.1888999 0.1708233 0.1191281 0.1287443 0.1617321 0.2303783 0.1027596 0.2662486 0.1337620 0.1167624 0.1185540 0.2281866 0.1061622 0.1001088 0.1056594 0.1832261 0.1241171 0.0940475 0.1765586 0.0954832 0.3433673 0.1721180 0.1180236 0.0783688 0.1561182 0.1977480 0.2495945 0.1145948 0.1165503 0.1399406 0.1074058 0.1219401 0.1147870 0.3242531 0.1262944 0.1115234 0.1127636 0.2300534 0.1695519 0.1703978 0.1101253 0.1799089 0.0988940 0.1272272 0.1029851 0.1330224 0.1485733 0.1280270 0.3050327 0.0999658 0.2316743 0.2745902 0.1496195 0.1260580 0.3724420 0.1558665 0.1150104 0.1456575 0.1109193 0.1153182 0.3379577 0.0979091 0.1214567 0.2417142 0.2802352 0.1287341 0.2207504 0.1110836 0.0797953 
Eutrochium_fistulosum_SRR9119106-At1g01470           0.2993250 0.1673575 0.7313897 0.1740351 0.1708102 0.0000000 0.4156388 0.3989927 0.2817579 0.2225814 0.4766608 0.2144869 0.3076183 0.4571791 0.1990568 0.1991252 0.3164639 0.3086793 0.3522296 0.8938177 0.2983683 0.6253564 0.1947822 0.2031611 0.2042769 0.2849757 0.2730689 0.2717867 0.2868497 0.3666871 0.2689119 0.2784066 0.3235460 0.1822565 0.4118409 0.3315024 0.3904128 0.1758071 0.3288907 0.3311360 0.3081883 0.2103344 0.2203440 0.4383117 0.2303097 0.2371319 0.3003334 0.3859691 0.2165483 0.2076849 0.2977591 0.2449593 0.3171074 0.3557272 0.2816575 0.3780095 0.3728722 0.3292213 0.1727457 0.3730114 0.2725186 0.9230772 0.2976590 0.2786151 0.2674645 0.2631896 0.9884430 0.1851106 0.9764527 0.8345209 0.2952644 0.2529378 0.1917620 0.7467050 0.2921795 0.3458663 0.2208514 0.4057009 0.6607083 0.3054971 0.4275121 0.1844476 0.8336164 
Galeana_pratensis_104_mex-At1g01470                  0.1676736 0.2673443 0.2379128 0.2328665 0.1784700 0.4156388 0.0000000 0.2453040 0.1375954 0.3000633 0.2589372 0.2709635 0.2059722 0.1600661 0.3341868 0.2712848 0.3058773 0.1481437 0.2810511 0.3740962 0.1810187 0.1449579 0.2466593 0.2653917 0.2756487 0.4384594 0.1821171 0.1771792 0.1671899 0.1932704 0.2831638 0.1508317 0.3951523 0.2611159 0.4419296 0.3582955 0.2407121 0.2164997 0.3737330 0.3487746 0.4371764 0.2632571 0.2767376 0.2072890 0.2982080 0.3032818 0.2060460 0.4181663 0.2719368 0.2648693 0.2280745 0.3487962 0.2734950 0.2200733 0.1427038 0.1738931 0.1867457 0.2091828 0.2056826 0.1874629 0.3712123 0.1179833 0.5005139 0.1847692 0.3500344 0.4337220 0.1336021 0.2375377 0.3155993 0.1332918 0.2031611 0.2989920 0.2643766 0.1039009 0.5731522 0.1733292 0.3131663 0.3134286 0.2597262 0.3821552 0.3252716 0.2000939 0.1071258 
Helianthus_annuus_SRR9119062-At1g01470               0.4367506 0.2824656 0.3274579 0.4266715 0.2003710 0.3989927 0.2453040 0.0000000 0.4240957 0.4327435 0.5576080 0.4404225 0.4204394 0.4605895 0.4872912 0.3831665 0.5059245 0.3018592 0.4733877 0.5356781 0.4637211 0.2517846 0.3957173 0.3545699 0.4702936 0.5005953 0.4450147 0.3564393 0.3758383 0.2807609 0.4919593 0.4068755 0.5584056 0.3798673 0.4460790 0.5281954 0.4404379 0.3744107 0.5239269 0.6210123 0.5467754 0.4120132 0.4295643 0.5463627 0.4367330 0.4823294 0.4046959 0.4349871 0.4137131 0.3246254 0.4492271 0.3191694 0.4415612 0.4289142 0.2914161 0.3298751 0.3607995 0.3934556 0.3133489 0.2272047 0.3869927 0.2592984 0.4836716 0.4159990 0.3488511 0.6120316 0.1815621 0.3986263 0.5590721 0.3477960 0.4332509 0.4885538 0.4028992 0.2475145 0.6625757 0.4245105 0.4121639 0.5082436 0.3515746 0.5506054 0.5390886 0.2949797 0.3712708 
Lycapsus_tenuifolius_17-At1g01470                    0.0246596 0.0709380 0.2265950 0.2480114 0.0940475 0.2817579 0.1375954 0.4240957 0.0000000 0.2859089 0.4798397 0.2630784 0.2626839 0.3676950 0.3209922 0.3166176 0.2109403 0.2262826 0.4223031 0.4800467 0.3224056 0.2085247 0.2337259 0.1666206 0.2771451 0.3592018 0.2881705 0.2295260 0.1970928 0.1889421 0.2278905 0.0007688 0.4199484 0.0609179 0.4423179 0.4154967 0.3441312 0.2642040 0.3522334 0.4782667 0.3248006 0.2625215 0.2167579 0.4213271 0.2832537 0.3055658 0.2812249 0.4491419 0.2966265 0.1444858 0.2788707 0.2468514 0.3372843 0.3626362 0.1780165 0.2659796 0.2407181 0.3142379 0.1059623 0.1411256 0.2384799 0.1983436 0.4062485 0.3388676 0.2878494 0.4577329 0.1227960 0.2880695 0.3716745 0.2715441 0.2914048 0.3054715 0.2955111 0.1449048 0.5106512 0.2999286 0.3059413 0.4483331 0.2570047 0.4155494 0.3767624 0.1564610 0.2391173 
Pericome_caudata_50_silver-At1g01470                 0.3023201 0.1220071 0.6405942 0.2529255 0.1819258 0.2225814 0.3000633 0.4327435 0.2859089 0.0000000 0.3695575 0.1932774 0.2605126 0.5396531 0.2047542 0.1816924 0.2623891 0.2521285 0.2094680 0.8205523 0.2798714 0.6478828 0.1630080 0.0973916 0.2061351 0.2025580 0.2331923 0.2594911 0.3097898 0.4216974 0.2952216 0.2539350 0.2414865 0.1709121 0.4486775 0.2421551 0.3047449 0.1534164 0.2076430 0.3809866 0.3011422 0.2056054 0.2401335 0.4882578 0.1978019 0.2204963 0.2357605 0.4178373 0.1877084 0.1053805 0.2279998 0.2988163 0.2325319 0.2531132 0.2084814 0.4461926 0.2304983 0.3235225 0.1096504 0.2173663 0.2003225 0.8402567 0.1695449 0.2998489 0.3267060 0.4766409 0.6243139 0.1774820 0.8077293 0.7090330 0.2426832 0.2353739 0.1902534 0.6185169 0.5265777 0.2732725 0.1799002 0.4681458 0.4978260 0.2430031 0.5783529 0.0739958 0.6943680 
Perityle_aglossa_84_dead_horse-At1g01470             0.4541549 0.1371672 0.3820115 0.4857724 0.1955919 0.4766608 0.2589372 0.5576080 0.4798397 0.3695575 0.0000000 0.2566032 0.4245742 0.5497893 0.3725372 0.3415023 0.3957602 0.3802356 0.2104523 0.2416106 0.3923483 0.3787057 0.2370168 0.0984474 0.3097859 0.4139345 0.3843636 0.3977163 0.4045323 0.3055355 0.4648845 0.4937453 0.2707907 0.2689279 0.4975623 0.2612324 0.3862074 0.3108489 0.1829597 0.3437906 0.4613460 0.2394331 0.3547081 0.5249534 0.3604641 0.3473442 0.4307790 0.4696063 0.2708462 0.1146959 0.4449982 0.4874124 0.1790818 0.3766901 0.2638568 0.3940001 0.3373649 0.4566380 0.0912223 0.1051767 0.4216443 0.3435193 0.3526811 0.4765858 0.3862977 0.7491577 0.1725939 0.3070122 0.5900920 0.4731124 0.4319354 0.1686146 0.3584816 0.3552901 0.7910462 0.5023014 0.2506663 0.2460363 0.2637071 0.4284171 0.6097361 0.0291363 0.4201792 
Perityle_ajoensis_204-At1g01470                      0.2876561 0.1526570 0.6914852 0.2497457 0.1189068 0.2144869 0.2709635 0.4404225 0.2630784 0.1932774 0.2566032 0.0000000 0.1136896 0.4559969 0.1730370 0.1607502 0.3222901 0.1816052 0.1203125 0.0000010 0.1619387 0.7512911 0.1028599 0.0161230 0.0352628 0.1621716 0.2354391 0.1770989 0.2765580 0.3859937 0.3064825 0.2457744 0.1401426 0.1977137 0.5100947 0.1873576 0.2345190 0.1078975 0.0507830 0.3381435 0.2620019 0.0224624 0.2540016 0.3658286 0.1505632 0.0264261 0.0930473 0.4779016 0.1031199 0.0159818 0.1445232 0.3456752 0.1249418 0.2038774 0.1174411 0.4211404 0.0757139 0.1777228 0.1310660 0.1096724 0.1788269 0.0000010 0.0942750 0.2505486 0.3904230 0.4765675 0.0000010 0.1643827 0.7813826 1.0477029 0.1041550 0.0419865 0.1486279 0.0000010 0.4959511 0.2823817 0.0888496 0.4483041 0.4023460 0.0444222 0.5123421 0.0529025 0.0000010 
Perityle_ambrosiifolia_67_green-At1g01470            0.3190632 0.1655809 0.2487494 0.2624200 0.1218920 0.3076183 0.2059722 0.4204394 0.2626839 0.2605126 0.4245742 0.1136896 0.0000000 0.2546598 0.2379638 0.1847034 0.3352021 0.1705191 0.3000413 0.5548326 0.1463878 0.1457940 0.0533768 0.0354674 0.1717222 0.2412779 0.1845384 0.2455329 0.2353110 0.2132572 0.3006026 0.2636863 0.3587974 0.2044688 0.5294838 0.3616086 0.2707349 0.1741027 0.3078619 0.2923376 0.3156445 0.1274127 0.2363167 0.3936048 0.1256915 0.2053942 0.1222718 0.5009881 0.0656909 0.0357371 0.1564209 0.3591689 0.2205302 0.2895638 0.1206385 0.1699685 0.0946501 0.1551953 0.1479706 0.1230541 0.2099642 0.1726133 0.2871209 0.3410997 0.3847226 0.5619413 0.1241195 0.1148155 0.1816597 0.2634837 0.1375633 0.1705153 0.1139377 0.0218461 0.6184054 0.2879822 0.0920347 0.4785325 0.2743026 0.3010428 0.3630400 0.0631380 0.1191224 
Perityle_angustifolia_13_Eagle_creek-At1g01470       0.3637709 0.2508818 0.2595072 0.3985970 0.1464926 0.4571791 0.1600661 0.4605895 0.3676950 0.5396531 0.5497893 0.4559969 0.2546598 0.0000000 0.5575951 0.6125947 0.4638693 0.2673862 0.5034824 0.4844307 0.2848026 0.0865370 0.4620377 0.2576380 0.5061918 0.6127416 0.3401452 0.2921006 0.3103332 0.2411311 0.5641966 0.3707787 0.5953374 0.3937880 0.5089708 0.5565551 0.3905969 0.5085154 0.4326017 0.5092495 0.4942127 0.4561028 0.3922009 0.4443266 0.5516667 0.5557233 0.2672287 0.5098841 0.4497637 0.2154667 0.2757115 0.3885148 0.4351290 0.4598263 0.2049445 0.1977131 0.1523445 0.2977949 0.0938252 0.1636318 0.4217488 0.1869853 0.5952444 0.4501982 0.4393103 0.7148718 0.1271326 0.4989086 0.2188399 0.2640320 0.2793932 0.4401166 0.5412905 0.0456199 0.7761927 0.4016833 0.4277802 0.5683932 0.2731516 0.6132015 0.3286554 0.2135183 0.1244959 
Perityle_batopilensis_97-At1g01470                   0.3578945 0.1546028 0.7181184 0.2703433 0.1888999 0.1990568 0.3341868 0.4872912 0.3209922 0.2047542 0.3725372 0.1730370 0.2379638 0.5575951 0.0000000 0.1686528 0.2853792 0.2633087 0.2388715 1.0575258 0.2585590 0.8356827 0.1960603 0.1017445 0.1798004 0.2873290 0.2918951 0.2104894 0.3194684 0.4466319 0.3222751 0.3154860 0.2828648 0.1929437 0.4114764 0.2904414 0.3074562 0.0179834 0.2577369 0.4265994 0.3178260 0.1116690 0.2319237 0.4158132 0.2225827 0.1372658 0.2568152 0.3955389 0.1768177 0.1145507 0.2694070 0.2799208 0.2741514 0.1468797 0.2461773 0.4445565 0.2764948 0.3607058 0.1321562 0.2329800 0.2149276 1.5194098 0.3009113 0.3257338 0.2983284 0.4717015 0.9412439 0.2064924 0.8842524 0.7656654 0.2949245 0.1540072 0.1879683 0.8511436 0.4792422 0.3067016 0.1950898 0.4246428 0.4966826 0.1741264 0.5306637 0.1191728 0.7845206 
Perityle_bisetosa_9-At1g01470                        0.3270077 0.1409288 0.7397700 0.2371326 0.1708233 0.1991252 0.2712848 0.3831665 0.3166176 0.1816924 0.3415023 0.1607502 0.1847034 0.6125947 0.1686528 0.0000000 0.3290449 0.2156710 0.1338075 0.7663979 0.1887290 0.8352808 0.0496244 0.0437951 0.2173588 0.0934689 0.1847300 0.1750259 0.3078140 0.3769832 0.3064290 0.2910851 0.1069443 0.1854606 0.5023050 0.1058223 0.1979422 0.1565748 0.0799088 0.2349052 0.2509949 0.1636027 0.2437231 0.4541073 0.0840155 0.2303809 0.2180929 0.4706152 0.0639897 0.0465256 0.1747953 0.3158566 0.0743141 0.2178724 0.1416801 0.4059111 0.1606212 0.2857399 0.1024604 0.1662658 0.1433547 0.7880141 0.1055301 0.2609516 0.3440477 0.5591063 0.7880141 0.0423338 0.8516912 0.8113094 0.2448072 0.1851084 0.0763369 0.7880141 0.5698876 0.3212400 0.0718555 0.4739066 0.4578626 0.2388386 0.5428255 0.0324832 0.7880141 
Perityle_californica_76_positas-At1g01470            0.2114658 0.1803444 0.6076282 0.2451001 0.1191281 0.3164639 0.3058773 0.5059245 0.2109403 0.2623891 0.3957602 0.3222901 0.3352021 0.4638693 0.2853792 0.3290449 0.0000000 0.3196192 0.3614912 1.2822754 0.3556204 0.9715606 0.3271907 0.2406209 0.3137403 0.3347482 0.3137978 0.2226059 0.1912962 0.4728216 0.1033345 0.2093405 0.3516247 0.1804038 0.5463290 0.3288575 0.3289091 0.2995054 0.3468380 0.3329437 0.2872370 0.3088660 0.2750646 0.3258364 0.3004293 0.3123440 0.3424754 0.5577731 0.3214545 0.2332403 0.3355155 0.3455930 0.3633484 0.3369970 0.2735023 0.4188206 0.2318609 0.3200655 0.1908379 0.1792734 0.1963877 0.9866841 0.3200772 0.2382320 0.4086489 0.4591638 9.0000000 0.3465368 0.9805599 0.7802883 0.3172459 0.3311036 0.3079011 0.9866841 0.4152357 0.2812643 0.3056670 0.4509875 0.3991749 0.3582020 0.5400481 0.2119911 8.9999981 
Perityle_canescens_77-At1g01470                      0.2318349 0.1749736 0.2747920 0.2422002 0.1287443 0.3086793 0.1481437 0.3018592 0.2262826 0.2521285 0.3802356 0.1816052 0.1705191 0.2673862 0.2633087 0.2156710 0.3196192 0.0000000 0.3171074 0.3231566 0.2039330 0.2401712 0.1824070 0.1342456 0.1934754 0.3268765 0.1885877 0.1660674 0.2099546 0.2227960 0.2834890 0.2117471 0.2923123 0.2155991 0.4668388 0.2870480 0.2433845 0.1890109 0.2810442 0.4150550 0.3109610 0.2036988 0.2060474 0.2617033 0.2221319 0.2084262 0.1861741 0.4723246 0.2167367 0.1125890 0.1678671 0.2913115 0.2803021 0.2668452 0.1691977 0.1993527 0.1728570 0.2193811 0.0599360 0.1307555 0.1737868 0.2219254 0.3603549 0.1829749 0.3342490 0.4105062 0.1343702 0.2008682 0.3508183 0.2190607 0.1866110 0.2495620 0.2093744 0.1384739 0.4407086 0.1606571 0.2279500 0.3709292 0.2550927 0.3191039 0.3116372 0.0719565 0.1210672 
Perityle_castillonii_96-At1g01470                    0.4547561 0.1610536 0.3931362 0.2946172 0.1617321 0.3522296 0.2810511 0.4733877 0.4223031 0.2094680 0.2104523 0.1203125 0.3000413 0.5034824 0.2388715 0.1338075 0.3614912 0.3171074 0.0000000 0.0709813 0.2503844 0.3833316 0.0817258 0.0288540 0.1303262 0.2356172 0.2883290 0.3334157 0.3578045 0.3256430 0.3329469 0.4311688 0.1148377 0.2022032 0.5182412 0.0788239 0.3384443 0.1648111 0.0670314 0.2303286 0.3302195 0.1273852 0.2088279 0.4965070 0.1090031 0.1597856 0.2757288 0.4847188 0.0821369 0.0314785 0.2603491 0.3561046 0.0606597 0.2840144 0.2432435 0.4279116 0.3052044 0.3317202 0.1275182 0.1066801 0.2326660 0.3536696 0.2916788 0.3883459 0.3888418 0.5757575 0.1434896 0.1105407 0.5743471 0.5282558 0.2802818 0.1646748 0.0929722 0.3727024 0.6458469 0.3311383 0.0898756 0.2462891 0.2347652 0.2903285 0.5024169 0.0583896 0.4293190 
Perityle_cernua_84-At1g01470                         0.5811166 0.0000010 0.2943101 0.9142452 0.2303783 0.8938177 0.3740962 0.5356781 0.4800467 0.8205523 0.2416106 0.0000010 0.5548326 0.4844307 1.0575258 0.7663979 1.2822754 0.3231566 0.0709813 0.0000000 0.5167225 0.3204941 0.0000010 0.0000010 0.0000010 0.9345866 0.5771587 0.5461846 0.3806475 0.2238248 0.3105799 0.5521043 0.1945948 0.0000010 0.6006993 0.0761855 0.4831486 1.0021973 0.1783652 0.6698021 0.9156019 0.0000010 0.0000010 0.6414303 0.0000010 0.3189707 0.5366421 0.6006993 0.0000010 0.0000010 0.5316150 0.0000010 0.0618021 0.2602289 0.3232351 0.4304693 0.5443207 0.5415115 0.0000010 0.0838113 1.2455362 0.2630828 0.9478212 0.5815089 0.0000010 1.4385189 0.1402188 0.0000010 0.5428776 0.4598428 0.5436086 0.0000010 0.0000010 0.3207131 1.1280871 0.5595872 0.5771299 0.1694293 0.0713440 0.9447278 0.5886031 0.0000010 0.3821849 
Perityle_cfvillosa_25_tin-At1g01470                  0.3226516 0.1542540 0.3278835 0.3160537 0.1027596 0.2983683 0.1810187 0.4637211 0.3224056 0.2798714 0.3923483 0.1619387 0.1463878 0.2848026 0.2585590 0.1887290 0.3556204 0.2039330 0.2503844 0.5167225 0.0000000 0.8092387 0.1794794 0.0160508 0.1733249 0.2469277 0.3016197 0.2553390 0.2405448 0.2373244 0.3560234 0.3261619 0.3257538 0.2048091 0.5087045 0.3229787 0.3184744 0.1999345 0.2611477 0.3382428 0.3171573 0.0898447 0.2558694 0.3746560 0.2239433 0.1288656 0.0763609 0.4791335 0.1190359 0.0181306 0.1689265 0.3147388 0.2438812 0.2643067 0.1807829 0.2865705 0.0299776 0.1010796 0.1249131 0.0914769 0.2869766 0.2793158 0.2303027 0.3587587 0.3694427 0.5415173 0.1330533 0.1914167 0.4062643 0.2872036 0.0577357 0.1214996 0.1660848 0.1198275 0.5353127 0.2670345 0.1534925 0.4638506 0.2788321 0.2644137 0.3144698 0.0526089 0.2026860 
Perityle_cinerea_113_Powell1310-At1g01470            0.2092747 0.5913583 0.2533845 0.7335638 0.2662486 0.6253564 0.1449579 0.2517846 0.2085247 0.6478828 0.3787057 0.7512911 0.1457940 0.0865370 0.8356827 0.8352808 0.9715606 0.2401712 0.3833316 0.3204941 0.8092387 0.0000000 0.7512911 0.7484244 0.7512911 0.8444173 0.1433645 0.2493410 0.2448712 0.2378090 0.7928137 0.2260658 0.4251960 0.6602682 0.9159438 0.3884935 0.2929844 0.6901082 0.4091652 0.7469894 0.7844693 0.7512911 0.7615398 0.2896641 0.8241382 0.7512911 0.1623970 0.6768686 0.8763225 0.7484244 0.1686698 1.0367332 0.3691294 0.4339987 0.1513576 0.1317016 0.1241227 0.1868129 1.3881795 0.2547636 1.0845331 0.0973161 0.8864484 0.2481871 0.9937530 0.8590614 0.1103450 0.7420137 0.1154751 0.1501455 0.1629158 0.7484244 0.7512911 0.0748829 0.7843717 0.2686878 0.7278710 0.4232638 0.3901092 0.6593529 0.3307539 0.6288388 0.0652634 
Perityle_coahuilensis_24-At1g01470                   0.2599499 0.1494663 0.6639690 0.2228741 0.1337620 0.1947822 0.2466593 0.3957173 0.2337259 0.1630080 0.2370168 0.1028599 0.0533768 0.4620377 0.1960603 0.0496244 0.3271907 0.1824070 0.0817258 0.0000010 0.1794794 0.7512911 0.0000000 0.0359757 0.1081276 0.0874303 0.2107756 0.1586632 0.2661354 0.3355806 0.3212648 0.2226400 0.0467425 0.1784822 0.4765215 0.0840485 0.1925715 0.1550937 0.0438357 0.2527143 0.2834080 0.1052370 0.2723885 0.3842595 0.0625799 0.1130733 0.0803404 0.4446969 0.0633562 0.0356514 0.0685221 0.3129548 0.0482661 0.1847026 0.1182038 0.3838989 0.1014998 0.2004913 0.1020489 0.1417492 0.1853190 0.0000010 0.1068043 0.2029693 0.3241268 0.4402125 0.0000010 0.0559275 0.7624451 0.8207522 0.1064894 0.1460374 0.0586210 0.0000010 0.4511068 0.2650312 0.0494188 0.3809649 0.4397510 0.1242192 0.4549699 0.0298035 0.0000010 
Perityle_cochisensis_44_cave_creek-At1g01470         0.1541346 0.1550220 0.6458745 0.1118539 0.1167624 0.2031611 0.2653917 0.3545699 0.1666206 0.0973916 0.0984474 0.0161230 0.0354674 0.2576380 0.1017445 0.0437951 0.2406209 0.1342456 0.0288540 0.0000010 0.0160508 0.7484244 0.0359757 0.0000000 0.0133920 0.0440501 0.0841617 0.1398178 0.1525248 0.3360943 0.2023051 0.1666206 0.0354447 0.1510148 0.4741578 0.0618160 0.1262447 0.1050754 0.0187654 0.0134027 0.1577357 0.0133538 0.1627638 0.1751006 0.0160744 0.0239000 0.0160508 0.4399634 0.0133606 0.0055352 0.0106721 0.3491058 0.0326439 0.1338239 0.0998844 0.3598946 0.0235439 0.0697482 0.1315622 0.1095531 0.1475459 0.0000010 0.0334554 0.1248423 0.3611881 0.3432059 0.0000010 0.0280120 0.9207361 0.8534905 0.0106779 0.0353879 0.0161517 0.0000010 0.3632656 0.1713535 0.0026993 0.3572486 0.3961881 0.0173606 0.3955200 0.0528601 0.0000010 
Perityle_congesta_202-At1g01470                      0.2996786 0.1585246 0.6163161 0.2448093 0.1185540 0.2042769 0.2756487 0.4702936 0.2771451 0.2061351 0.3097859 0.0352628 0.1717222 0.5061918 0.1798004 0.2173588 0.3137403 0.1934754 0.1303262 0.0000010 0.1733249 0.7512911 0.1081276 0.0133920 0.0000000 0.1858012 0.3343148 0.1649898 0.2867984 0.3773980 0.3090442 0.2499828 0.1936614 0.1942112 0.5047795 0.1964122 0.2665132 0.1036865 0.0536988 0.3627479 0.2703076 0.0151471 0.2467138 0.4409853 0.1956339 0.0216235 0.1461527 0.4726750 0.1007398 0.0132751 0.2121230 0.3404510 0.1254944 0.2064630 0.1202280 0.4123864 0.0687352 0.2087726 0.1254717 0.1091639 0.1723552 0.0000010 0.1099202 0.3157372 0.3819222 0.5525689 0.0000010 0.1670050 0.7856123 1.0264798 0.1811779 0.0369346 0.2013526 0.0000010 0.5712400 0.3388746 0.0826329 0.5313975 0.4001945 0.0455315 0.5537497 0.0527189 0.0000010 
Perityle_cordifolia_27-At1g01470                     0.4057047 0.1672915 0.7384620 0.2612594 0.2281866 0.2849757 0.4384594 0.5005953 0.3592018 0.2025580 0.4139345 0.1621716 0.2412779 0.6127416 0.2873290 0.0934689 0.3347482 0.3268765 0.2356172 0.9345866 0.2469277 0.8444173 0.0874303 0.0440501 0.1858012 0.0000000 0.3623904 0.2825142 0.3608479 0.5281389 0.3479635 0.3330654 0.2188027 0.1866712 0.5314249 0.2521739 0.3223051 0.1648387 0.2150774 0.3291750 0.3812789 0.1506569 0.2514924 0.5301846 0.1180877 0.1773122 0.2546734 0.5011540 0.0874080 0.0507219 0.2126993 0.3572674 0.2302099 0.2885488 0.2882218 0.5477597 0.2771395 0.3214373 0.1082587 0.3293516 0.2095882 0.8196584 0.2429170 0.3242211 0.3742730 0.5270752 0.8744857 0.0943280 0.8286875 0.7868305 0.2523423 0.1923851 0.0899920 0.8332551 0.6080973 0.3865753 0.1039679 0.5362213 0.5325421 0.2753224 0.5706293 0.0633690 1.0711295 
Perityle_cordifolia_68_tecolote-At1g01470            0.3484529 0.1042624 0.3141564 0.3491802 0.1061622 0.2730689 0.1821171 0.4450147 0.2881705 0.2331923 0.3843636 0.2354391 0.1845384 0.3401452 0.2918951 0.1847300 0.3137978 0.1885877 0.2883290 0.5771587 0.3016197 0.1433645 0.2107756 0.0841617 0.3343148 0.3623904 0.0000000 0.3111197 0.2682940 0.2202992 0.3236944 0.2857637 0.4147477 0.1681035 0.4244525 0.3903533 0.2656653 0.1498919 0.3797526 0.4482630 0.3395297 0.1693614 0.2397988 0.4589577 0.2573585 0.1996526 0.2350971 0.4291417 0.1859432 0.0863889 0.3406169 0.2595115 0.2997475 0.2589656 0.0278844 0.2312777 0.1869429 0.2481679 0.0775413 0.1271882 0.2623967 0.1700296 0.3907325 0.4147303 0.2734049 0.5180043 0.1444751 0.1822660 0.4057794 0.3211029 0.2159285 0.2122722 0.1895210 0.1523501 0.5626473 0.3411672 0.2293089 0.4138393 0.2825388 0.3708410 0.4864185 0.0530775 0.2990418 
Perityle_coronopifolia_28_patagonia-At1g01470        0.2537955 0.1392646 0.2358690 0.2137659 0.1001088 0.2717867 0.1771792 0.3564393 0.2295260 0.2594911 0.3977163 0.1770989 0.2455329 0.2921006 0.2104894 0.1750259 0.2226059 0.1660674 0.3334157 0.5461846 0.2553390 0.2493410 0.1586632 0.1398178 0.1649898 0.2825142 0.3111197 0.0000000 0.2064397 0.2034731 0.2179894 0.2184109 0.3913018 0.1420009 0.4461445 0.3723406 0.2720326 0.1390346 0.3873105 0.3675262 0.3031562 0.1685174 0.2248423 0.3181924 0.1549597 0.2041766 0.2930719 0.4267958 0.1638652 0.1340567 0.3352865 0.3106754 0.2867595 0.2560019 0.2007452 0.2817253 0.2988999 0.3233288 0.1299894 0.1110717 0.1789780 0.2302839 0.3866976 0.0495112 0.3047527 0.4882677 0.1453949 0.1660384 0.5023863 0.2390753 0.2883097 0.1984644 0.1399441 0.2345391 0.5537989 0.2586380 0.1867456 0.4339068 0.2603152 0.2949446 0.4747422 0.1346793 0.2666707 
Perityle_crassifolia_70_ventanas-At1g01470           0.1898205 0.1507474 0.2786056 0.2735851 0.1056594 0.2868497 0.1671899 0.3758383 0.1970928 0.3097898 0.4045323 0.2765580 0.2353110 0.3103332 0.3194684 0.3078140 0.1912962 0.2099546 0.3578045 0.3806475 0.2405448 0.2448712 0.2661354 0.1525248 0.2867984 0.3608479 0.2682940 0.2064397 0.0000000 0.1745558 0.2077861 0.1853607 0.3648436 0.1267723 0.5080000 0.3597851 0.3201452 0.2566906 0.3087485 0.4795561 0.3321413 0.2655423 0.2387150 0.3395047 0.3024889 0.2930188 0.2178761 0.5063769 0.2913792 0.1387539 0.2198754 0.3364901 0.3407670 0.3402737 0.1987132 0.2733571 0.1772796 0.2483048 0.1325197 0.1273766 0.2264964 0.2026698 0.3937655 0.2260877 0.3810414 0.5812873 0.1417308 0.3050588 0.3567749 0.0692465 0.2264233 0.3185902 0.2763044 0.1227818 0.6647841 0.2294135 0.2882094 0.4646516 0.2650379 0.3800195 0.3698761 0.1663531 0.2014654 
Perityle_crassifolia_74_playa_balandra-At1g01470     0.1838455 0.3176230 0.3055354 0.3546675 0.1832261 0.3666871 0.1932704 0.2807609 0.1889421 0.4216974 0.3055355 0.3859937 0.2132572 0.2411311 0.4466319 0.3769832 0.4728216 0.2227960 0.3256430 0.2238248 0.2373244 0.2378090 0.3355806 0.3360943 0.3773980 0.5281389 0.2202992 0.2034731 0.1745558 0.0000000 0.4076461 0.1799389 0.3217122 0.4012828 0.1952802 0.3108811 0.2830928 0.3985134 0.3185618 0.4529160 0.5087548 0.3760317 0.3991387 0.2276285 0.3794484 0.3999373 0.2010167 0.1913683 0.3845941 0.3361620 0.2033535 0.0620177 0.3122927 0.3133535 0.2020181 0.0792246 0.1806210 0.2075397 0.3030243 0.2418121 0.4754093 0.1654405 0.5394749 0.2045598 0.0706530 0.1304902 0.1617616 0.3587315 0.3224652 0.0960717 0.2003646 0.3847474 0.3656938 0.0967155 0.1826864 0.2043852 0.3574381 0.1790384 0.3672538 0.4712526 0.0903464 0.3013332 0.1103688 
Perityle_cuneata_34_cuneata_San_antonio-At1g01470    0.2449299 0.1463412 0.5377393 0.2767399 0.1241171 0.2689119 0.2831638 0.4919593 0.2278905 0.2952216 0.4648845 0.3064825 0.3006026 0.5641966 0.3222751 0.3064290 0.1033345 0.2834890 0.3329469 0.3105799 0.3560234 0.7928137 0.3212648 0.2023051 0.3090442 0.3479635 0.3236944 0.2179894 0.2077861 0.4076461 0.0000000 0.2226438 0.3326445 0.1447997 0.5010402 0.3137358 0.3316133 0.2676576 0.2613173 0.5643060 0.3523212 0.2952556 0.2736479 0.5025024 0.3179537 0.2899840 0.2822128 0.5159688 0.3215586 0.1920861 0.3151287 0.3239358 0.3381456 0.3026954 0.2402881 0.3932255 0.2375178 0.3447952 0.1770141 0.1665989 0.2004739 0.2276093 0.3078149 0.3303214 0.3705216 0.5142820 0.3516897 0.3320235 0.8210962 0.8631506 0.2892952 0.3505158 0.3034024 0.2281261 0.4963170 0.3351603 0.3206391 0.4244909 0.3865331 0.3348602 0.5156042 0.2084410 0.1062786 
Perityle_discoidea_81-At1g01470                      0.0235454 0.0709380 0.2604373 0.2179496 0.0940475 0.2784066 0.1508317 0.4068755 0.0007688 0.2539350 0.4937453 0.2457744 0.2636863 0.3707787 0.3154860 0.2910851 0.2093405 0.2117471 0.4311688 0.5521043 0.3261619 0.2260658 0.2226400 0.1666206 0.2499828 0.3330654 0.2857637 0.2184109 0.1853607 0.1799389 0.2226438 0.0000000 0.4332967 0.0609179 0.4423179 0.4311475 0.3337948 0.2356350 0.3721175 0.5723227 0.3350733 0.2605334 0.2381620 0.4073953 0.2682253 0.2873883 0.2698088 0.4491419 0.2681905 0.1444858 0.2742617 0.2527981 0.3423873 0.3630804 0.1883415 0.2594103 0.2574517 0.3085049 0.1059623 0.1409913 0.2365603 0.1946420 0.3711325 0.3180999 0.2878494 0.5065458 0.1284159 0.2633660 0.3781098 0.2246424 0.2887598 0.3054715 0.2716532 0.1477500 0.5900775 0.2802607 0.2737665 0.4952928 0.2567572 0.3811982 0.4457895 0.1564610 0.2421499 
Perityle_dissecta_201-At1g01470                      0.5161558 0.1468406 0.4249360 0.2937337 0.1765586 0.3235460 0.3951523 0.5584056 0.4199484 0.2414865 0.2707907 0.1401426 0.3587974 0.5953374 0.2828648 0.1069443 0.3516247 0.2923123 0.1148377 0.1945948 0.3257538 0.4251960 0.0467425 0.0354447 0.1936614 0.2188027 0.4147477 0.3913018 0.3648436 0.3217122 0.3326445 0.4332967 0.0000000 0.1846609 0.5158609 0.1357746 0.3922829 0.1804940 0.0764372 0.3451924 0.3917555 0.1521980 0.2897344 0.6159028 0.0767976 0.2318845 0.3650351 0.4875102 0.0548087 0.0351299 0.3550389 0.3353217 0.0744787 0.2819642 0.2442851 0.4413339 0.4112351 0.4298712 0.1084673 0.1180504 0.2620631 0.3831492 0.2667646 0.4415308 0.3614801 0.6111430 0.1682295 0.0487479 0.6678257 0.5699483 0.3590073 0.1816898 0.0516389 0.3903997 0.7152443 0.5045355 0.0730905 0.2855576 0.2510339 0.3233374 0.5908267 0.0358034 0.4243360 
Perityle_emoryi_47_punta_san_jose-At1g01470          0.0640786 0.0584924 0.7797652 0.1475573 0.0954832 0.1822565 0.2611159 0.3798673 0.0609179 0.1709121 0.2689279 0.1977137 0.2044688 0.3937880 0.1929437 0.1854606 0.1804038 0.2155991 0.2022032 0.0000010 0.2048091 0.6602682 0.1784822 0.1510148 0.1942112 0.1866712 0.1681035 0.1420009 0.1267723 0.4012828 0.1447997 0.0609179 0.1846609 0.0000000 0.4693951 0.1817669 0.2309976 0.2053162 0.1892389 0.2215693 0.1851128 0.1876850 0.1925730 0.2466218 0.1769627 0.1933882 0.1969543 0.4778304 0.2052620 0.1300726 0.1828741 0.2546508 0.1793010 0.2463894 0.1794657 0.3127350 0.1584792 0.2457245 0.1015505 0.1430593 0.1692715 1.3419425 0.1753723 0.1470731 0.3035787 0.3140270 0.6895464 0.1808832 0.9529419 0.5570023 0.1936405 0.2139130 0.1800907 0.2889515 0.3064144 0.1904453 0.1939288 0.3213959 0.4304901 0.2155307 0.4311907 0.1516541 0.6895464 
Perityle_feddemae_99-At1g01470                       0.4949204 0.3822787 1.0366209 0.4694871 0.3433673 0.4118409 0.4419296 0.4460790 0.4423179 0.4486775 0.4975623 0.5100947 0.5294838 0.5089708 0.4114764 0.5023050 0.5463290 0.4668388 0.5182412 0.6006993 0.5087045 0.9159438 0.4765215 0.4741578 0.5047795 0.5314249 0.4244525 0.4461445 0.5080000 0.1952802 0.5010402 0.4423179 0.5158609 0.4693951 0.0000000 0.4932491 0.5037434 0.4091366 0.5414983 0.5238567 0.5328122 0.5027931 0.4766466 0.4919720 0.4915684 0.4993668 0.5058458 0.0226376 0.5184440 0.4589920 0.5051317 0.1038557 0.5002179 0.4659745 0.4167410 0.1512885 0.4425003 0.5142937 0.3528227 0.3847544 0.4630333 0.7373943 0.5012769 0.4610324 0.1162215 0.1353824 0.4901554 0.4783825 1.0745608 0.8132870 0.5091970 0.5174909 0.5151441 0.5082393 0.1328756 0.4344685 0.4761159 0.1712371 0.5890572 0.5310207 0.2215509 0.4133071 0.5640268 
Perityle_fosteri_93-At1g01470                        0.4964406 0.1269158 0.3982902 0.2827533 0.1721180 0.3315024 0.3582955 0.5281954 0.4154967 0.2421551 0.2612324 0.1873576 0.3616086 0.5565551 0.2904414 0.1058223 0.3288575 0.2870480 0.0788239 0.0761855 0.3229787 0.3884935 0.0840485 0.0618160 0.1964122 0.2521739 0.3903533 0.3723406 0.3597851 0.3108811 0.3137358 0.4311475 0.1357746 0.1817669 0.4932491 0.0000000 0.3661444 0.1816368 0.1230450 0.3431556 0.3969152 0.1777567 0.2808781 0.5592597 0.0899812 0.2270099 0.3612388 0.4765275 0.0846503 0.0765221 0.3442626 0.3172957 0.0639563 0.2809139 0.2322665 0.4212465 0.4025817 0.4218395 0.1155106 0.1042216 0.2628783 0.3427132 0.3131410 0.4344716 0.3327643 0.5774178 0.1497133 0.0641342 0.6326006 0.5500212 0.3676655 0.2000787 0.0821014 0.3655305 0.6334916 0.4443563 0.1119830 0.2648139 0.2485061 0.3413462 0.5597210 0.0533612 0.4051936 
Perityle_gamon_221-At1g01470                         0.3543593 0.1757737 0.3430394 0.3290726 0.1180236 0.3904128 0.2407121 0.4404379 0.3441312 0.3047449 0.3862074 0.2345190 0.2707349 0.3905969 0.3074562 0.1979422 0.3289091 0.2433845 0.3384443 0.4831486 0.3184744 0.2929844 0.1925715 0.1262447 0.2665132 0.3223051 0.2656653 0.2720326 0.3201452 0.2830928 0.3316133 0.3337948 0.3922829 0.2309976 0.5037434 0.3661444 0.0000000 0.1983648 0.3816351 0.4222497 0.3621937 0.2259003 0.2641404 0.2958313 0.2059623 0.2825363 0.2687555 0.5093048 0.2013533 0.1327936 0.2783070 0.3675768 0.3281779 0.2916961 0.2075111 0.3061992 0.2606400 0.3319577 0.1258206 0.1274428 0.2304488 0.2012796 0.4086601 0.3014944 0.3761300 0.6434105 0.2234362 0.1999851 0.4591815 0.3735139 0.2729182 0.2659721 0.2103316 0.2912689 0.6816411 0.2297930 0.2218181 0.4679547 0.2766171 0.3821695 0.4995516 0.1364033 0.2978674 
Perityle_gentryi_8_san_francisco-At1g01470           0.2982635 0.1624838 0.6457248 0.1856244 0.0783688 0.1758071 0.2164997 0.3744107 0.2642040 0.1534164 0.3108489 0.1078975 0.1741027 0.5085154 0.0179834 0.1565748 0.2995054 0.1890109 0.1648111 1.0021973 0.1999345 0.6901082 0.1550937 0.1050754 0.1036865 0.1648387 0.1498919 0.1390346 0.2566906 0.3985134 0.2676576 0.2356350 0.1804940 0.2053162 0.4091366 0.1816368 0.1983648 0.0000000 0.1372005 0.3323132 0.2250413 0.1111137 0.2067804 0.3353505 0.1502262 0.1250726 0.1567939 0.3928353 0.1544839 0.1179176 0.1586846 0.2880177 0.1674827 0.1476769 0.1561383 0.3762988 0.1748105 0.3067856 0.1563235 0.1006911 0.1292574 9.0000000 0.1579031 0.1955429 0.3121824 0.4259660 0.2999179 0.1656444 0.8354469 0.7301244 0.1972335 0.1530743 0.1530747 0.5507499 0.4236929 0.1822396 0.1554024 0.3755986 0.3687237 0.1163656 0.4904953 0.1231055 0.4202864 
Perityle_gilensis_22_Superstition-At1g01470          0.4504156 0.1508191 0.4185183 0.2128387 0.1561182 0.3288907 0.3737330 0.5239269 0.3522334 0.2076430 0.1829597 0.0507830 0.3078619 0.4326017 0.2577369 0.0799088 0.3468380 0.2810442 0.0670314 0.1783652 0.2611477 0.4091652 0.0438357 0.0187654 0.0536988 0.2150774 0.3797526 0.3873105 0.3087485 0.3185618 0.2613173 0.3721175 0.0764372 0.1892389 0.5414983 0.1230450 0.3816351 0.1372005 0.0000000 0.3198742 0.3667114 0.0416826 0.2341762 0.5161685 0.0763989 0.0740820 0.2877136 0.5127489 0.0460861 0.0186015 0.3117926 0.3411426 0.0742633 0.2590372 0.2438483 0.4117410 0.3766092 0.3611578 0.1311644 0.1003200 0.2352114 0.3585964 0.2562660 0.3900108 0.3683769 0.4540727 0.1597172 0.0706360 0.6252756 0.5008597 0.2922959 0.0765803 0.0595959 0.3692995 0.5978969 0.4293898 0.0482126 0.2190902 0.2347610 0.1974875 0.5402618 0.0496215 0.4224547 
Perityle_gilensis_salensis_225-At1g01470             0.4239766 0.1523304 0.6536397 0.4978983 0.1977480 0.3311360 0.3487746 0.6210123 0.4782667 0.3809866 0.3437906 0.3381435 0.2923376 0.5092495 0.4265994 0.2349052 0.3329437 0.4150550 0.2303286 0.6698021 0.3382428 0.7469894 0.2527143 0.0134027 0.3627479 0.3291750 0.4482630 0.3675262 0.4795561 0.4529160 0.5643060 0.5723227 0.3451924 0.2215693 0.5238567 0.3431556 0.4222497 0.3323132 0.3198742 0.0000000 0.5704188 0.2225464 0.5152921 0.4867696 0.2754871 0.2798427 0.3303081 0.4923329 0.2209864 0.0138926 0.3206837 0.4608276 0.3188627 0.3330764 0.2534750 0.4606694 0.1993567 0.3430852 0.1246729 0.2172158 0.4654057 0.6710242 0.3870993 0.4845047 0.3813799 0.7157717 0.5702712 0.2311699 0.9533372 0.6829669 0.3400605 0.1578017 0.2163743 0.5895587 0.6934318 0.5043602 0.2469852 0.5130801 0.4440450 0.4028359 0.6589495 0.0527919 0.5895587 
Perityle_glaucescens_94-At1g01470                    0.3578490 0.1115922 0.7158011 0.2638665 0.2495945 0.3081883 0.4371764 0.5467754 0.3248006 0.3011422 0.4613460 0.2620019 0.3156445 0.4942127 0.3178260 0.2509949 0.2872370 0.3109610 0.3302195 0.9156019 0.3171573 0.7844693 0.2834080 0.1577357 0.2703076 0.3812789 0.3395297 0.3031562 0.3321413 0.5087548 0.3523212 0.3350733 0.3917555 0.1851128 0.5328122 0.3969152 0.3621937 0.2250413 0.3667114 0.5704188 0.0000000 0.2143105 0.0493137 0.5084970 0.2913472 0.2092492 0.3271042 0.5069543 0.2726559 0.1292317 0.3654600 0.3152736 0.3696616 0.3196193 0.3190727 0.5213580 0.3098715 0.3565855 0.1094214 0.3266172 0.2378566 0.8116807 0.4417414 0.3845648 0.3638860 0.5183108 0.7821758 0.2815538 0.8668170 0.8976805 0.3184082 0.2711536 0.2623152 0.6880000 0.5712728 0.3796884 0.2837615 0.5233448 0.5470569 0.3013525 0.5292131 0.1649393 0.7447570 
Perityle_gracilis_11-At1g01470                       0.2834495 0.1505731 0.6664881 0.2552245 0.1145948 0.2103344 0.2632571 0.4120132 0.2625215 0.2056054 0.2394331 0.0224624 0.1274127 0.4561028 0.1116690 0.1636027 0.3088660 0.2036988 0.1273852 0.0000010 0.0898447 0.7512911 0.1052370 0.0133538 0.0151471 0.1506569 0.1693614 0.1685174 0.2655423 0.3760317 0.2952556 0.2605334 0.1521980 0.1876850 0.5027931 0.1777567 0.2259003 0.1111137 0.0416826 0.2225464 0.2143105 0.0000000 0.2070718 0.3677935 0.1399659 0.0067610 0.0877399 0.4708318 0.1091439 0.0132377 0.1348041 0.3392304 0.1380047 0.2081627 0.1145468 0.4109211 0.0590455 0.1636884 0.1249131 0.1042164 0.1361593 0.0000010 0.0887133 0.2412350 0.3805612 0.4614068 0.0000010 0.1658112 0.9028440 1.0071274 0.1162849 0.0244512 0.1448960 0.0000010 0.4875515 0.2458173 0.0963215 0.4402392 0.3928094 0.0106490 0.5096159 0.0492205 0.0000010 
Perityle_harkerae_31-At1g01470                       0.2426328 0.0877065 0.7193928 0.2054840 0.1165503 0.2203440 0.2767376 0.4295643 0.2167579 0.2401335 0.3547081 0.2540016 0.2363167 0.3922009 0.2319237 0.2437231 0.2750646 0.2060474 0.2088279 0.0000010 0.2558694 0.7615398 0.2723885 0.1627638 0.2467138 0.2514924 0.2397988 0.2248423 0.2387150 0.3991387 0.2736479 0.2381620 0.2897344 0.1925730 0.4766466 0.2808781 0.2641404 0.2067804 0.2341762 0.5152921 0.0493137 0.2070718 0.0000000 0.4518845 0.2662950 0.2023852 0.2453811 0.4495090 0.2722533 0.1338079 0.2606601 0.3008740 0.2622797 0.2303904 0.2102503 0.4446242 0.1787348 0.2656365 0.1094953 0.1007474 0.1929782 0.0000010 0.2770384 0.2772002 0.3424692 0.4556394 0.0000010 0.2753816 0.9461473 1.6190121 0.2505654 0.2669013 0.2548122 0.0000010 0.4508615 0.2666956 0.2540401 0.3857001 0.4117075 0.2394396 0.4542194 0.1547005 0.0000010 
Perityle_hofmeisteria_4_nombre_de_dios-At1g01470     0.3753770 0.1801990 0.3271901 0.4527940 0.1399406 0.4383117 0.2072890 0.5463627 0.4213271 0.4882578 0.5249534 0.3658286 0.3936048 0.4443266 0.4158132 0.4541073 0.3258364 0.2617033 0.4965070 0.6414303 0.3746560 0.2896641 0.3842595 0.1751006 0.4409853 0.5301846 0.4589577 0.3181924 0.3395047 0.2276285 0.5025024 0.4073953 0.6159028 0.2466218 0.4919720 0.5592597 0.2958313 0.3353505 0.5161685 0.4867696 0.5084970 0.3677935 0.4518845 0.0000000 0.4463517 0.4690773 0.4014656 0.5007214 0.3758453 0.1851475 0.4485063 0.4254561 0.4591615 0.3785937 0.2179531 0.2396061 0.2862320 0.4071907 0.1263575 0.1233623 0.3561282 0.2532334 0.5172623 0.4382749 0.3563104 0.7694178 0.2033461 0.4463726 0.4988625 0.2903723 0.3701400 0.3020003 0.4422910 0.1449486 0.8155759 0.3450236 0.3733658 0.5845490 0.2416954 0.5590541 0.4965395 0.1323696 0.1631112 
Perityle_huecosensis_48-At1g01470                    0.3039625 0.1437440 0.6434783 0.2299120 0.1074058 0.2303097 0.2982080 0.4367330 0.2832537 0.1978019 0.3604641 0.1505632 0.1256915 0.5516667 0.2225827 0.0840155 0.3004293 0.2221319 0.1090031 0.0000010 0.2239433 0.8241382 0.0625799 0.0160744 0.1956339 0.1180877 0.2573585 0.1549597 0.3024889 0.3794484 0.3179537 0.2682253 0.0767976 0.1769627 0.4915684 0.0899812 0.2059623 0.1502262 0.0763989 0.2754871 0.2913472 0.1399659 0.2662950 0.4463517 0.0000000 0.2083344 0.1754169 0.4602871 0.0502216 0.0132954 0.1540600 0.3344669 0.0872415 0.1890532 0.1482199 0.4209623 0.0962160 0.2444266 0.1202047 0.1299183 0.1640164 4.0520026 0.1259549 0.2257041 0.3494509 0.5295138 1.0623912 0.0488105 0.7779987 0.9155001 0.1897924 0.1586022 0.0519151 2.2092339 0.5580261 0.3432962 0.0728493 0.4949209 0.4127343 0.2109276 0.5109174 0.0426222 1.0660333 
