85
Amauria_brandeegeana_62                    0.0000000 0.0781575 0.0555667 0.2392926 0.0910650 0.0871546 0.1811154 0.2028114 0.2224112 0.1153856 0.0833934 0.0750292 0.0575872 0.3865861 0.0621389 0.0763186 0.0751437 0.0810930 0.0838474 0.0676467 0.0595027 0.0662862 0.2706315 0.0644995 0.0586380 0.0116837 0.0835818 0.0678075 0.0796241 0.0722178 0.0953845 0.0924146 0.1138157 0.0659029 0.0771576 0.0873736 0.0775420 0.3441343 0.0826362 0.0682294 0.0690363 0.0927350 0.0791715 0.0898905 0.0973933 0.0704611 0.0620144 0.0596507 0.0927692 0.0721331 0.0681836 0.0719215 0.0717947 0.0631787 0.0658090 0.0641568 0.0669606 0.0589505 0.0692265 0.0539043 0.0914959 0.0962389 0.0767589 0.0760833 0.0717169 0.0727334 0.1163533 0.1233171 0.0699672 0.2228124 0.2719162 0.0988327 0.0597381 0.0639707 0.0689230 0.0540761 0.1105838 0.0965357 0.1001438 0.0767949 0.0553514 0.0596507 0.0952948 0.1252574 0.0724068 
Amauria_carterae_99_mesa                   0.0781575 0.0000000 0.0948908 0.2223481 0.0507986 0.0459947 0.1585965 0.1571944 0.2884708 0.0425191 0.0668498 0.0581448 0.0653424 0.0795619 0.0691703 0.0688699 0.0614815 0.0732761 0.0951691 0.0544150 0.0650475 0.0720304 0.0688532 0.0799342 0.0620429 0.0954870 0.0727712 0.0798076 0.0770860 0.0770860 0.0724782 0.0775716 0.0463217 0.0519354 0.0589087 0.0764311 0.0545823 0.0579355 0.0762548 0.0799342 0.0613584 0.0838681 0.0685035 0.0838681 0.0655523 0.0724742 0.0686028 0.0653638 0.0801453 0.0799342 0.0799342 0.0799342 0.0686903 0.0547778 0.0802363 0.0840512 0.0733413 0.0617488 0.0685035 0.0783437 0.0828584 0.0835459 0.0884204 0.0722001 0.0726924 0.0723328 0.0793159 0.0794850 0.0453558 0.0613314 0.0688532 0.0770860 0.0653716 0.0800651 0.0546534 0.0726644 0.0791221 0.0802697 0.0722531 0.0757459 0.0891921 0.0653638 0.0770860 0.0908858 0.0833973 
Amauria_rotundifolia_SRR9119150            0.0555667 0.0948908 0.0000000 0.2362981 0.1118349 0.1192735 0.1639370 0.1791131 0.2558635 0.1355839 0.1073505 0.0850257 0.0716219 0.4145278 0.0682229 0.0897485 0.0844320 0.0958092 0.1149258 0.0770814 0.0641175 0.0787962 0.3162941 0.0822499 0.0726948 0.0533739 0.0983511 0.0781564 0.0980104 0.0824387 0.1012620 0.1001121 0.1325809 0.0783710 0.0985367 0.1053978 0.0870126 0.3581452 0.1000858 0.0805859 0.0774841 0.1161252 0.0860987 0.1078412 0.1047200 0.0840076 0.0758934 0.0746685 0.1136731 0.0830678 0.0798709 0.0830628 0.0850503 0.0752641 0.0795499 0.0747003 0.0803764 0.0718661 0.0790127 0.0636793 0.1129886 0.1112423 0.0858244 0.0899723 0.0800702 0.0837100 0.1344118 0.1357127 0.0820689 0.2156290 0.3229842 0.1093573 0.0736051 0.0795772 0.0830069 0.0578870 0.1308480 0.1164374 0.1131806 0.0901026 0.0620096 0.0735462 0.1061909 0.1295745 0.0945332 
Conoclinium_coelestinum_SRR9119114         0.2392926 0.2223481 0.2362981 0.0000000 0.2097981 0.2677357 0.1654018 0.2545095 0.2688586 0.2276868 0.2195165 0.2732302 0.2154416 0.4635020 0.2729861 0.2389918 0.2481281 0.2155968 0.2818467 0.2335619 0.2378613 0.2342479 0.4491851 0.2340660 0.2278523 0.2492119 0.2440241 0.2443445 0.2547047 0.2484402 0.2202890 0.2152986 0.2250276 0.2255056 0.2167162 0.2310160 0.2244358 0.4576092 0.2442623 0.2495928 0.2302820 0.2580504 0.2871984 0.2335836 0.2543692 0.2365281 0.2381469 0.2392987 0.2335273 0.2392944 0.2506661 0.2495790 0.2352308 0.2117382 0.2319476 0.2820126 0.2652048 0.2321232 0.2465657 0.2123751 0.2597296 0.2503138 0.2680630 0.2483241 0.2424290 0.2263548 0.2394676 0.2464556 0.1943790 0.2628724 0.4486730 0.2255923 0.2354122 0.2253245 0.2341538 0.2586079 0.2479283 0.2564633 0.2567567 0.2406059 0.2411497 0.2372453 0.2196944 0.2778433 0.2059304 
Eutetras_palmeri_63                        0.0910650 0.0507986 0.1118349 0.2097981 0.0000000 0.0060930 0.1481797 0.1426906 0.2723322 0.0904600 0.0831206 0.0884998 0.0701877 0.3779258 0.0720049 0.0821885 0.0896081 0.0891070 0.1007426 0.0766863 0.0803645 0.0759768 0.3184261 0.0742107 0.0761658 0.0876491 0.0999154 0.0847764 0.0920260 0.0925102 0.0911943 0.0944529 0.0879318 0.0785653 0.0907966 0.1071745 0.0846035 0.3196691 0.0940934 0.0818633 0.0797244 0.1270021 0.0902457 0.1085093 0.0948333 0.0818642 0.0793267 0.0780950 0.1149615 0.0738892 0.0811404 0.0815631 0.0870300 0.0699462 0.0749616 0.0854522 0.0836186 0.0723660 0.0812354 0.0894752 0.1021272 0.0949189 0.0975939 0.0896349 0.0745028 0.0852573 0.0678336 0.0729559 0.0565414 0.2322282 0.3318202 0.1040303 0.0760535 0.0769847 0.0862843 0.0664035 0.0611185 0.1233692 0.1127721 0.0897634 0.0874702 0.0770542 0.0929974 0.1375717 0.0918919 
Eutetras_pringlei_149_quer                 0.0871546 0.0459947 0.1192735 0.2677357 0.0060930 0.0000000 0.2014821 0.1466546 0.3069595 0.1053027 0.0746737 0.0823251 0.0687394 0.1229505 0.0761880 0.0805336 0.0866562 0.0966376 0.1089760 0.0729941 0.0845213 0.0821102 0.0619314 0.0866797 0.0666847 0.0933954 0.0920382 0.0877551 0.0927595 0.0922066 0.1002640 0.0932116 0.1006203 0.0627309 0.0971470 0.1020832 0.0776309 0.0943515 0.0867944 0.0830083 0.0708776 0.1068236 0.0775778 0.1091183 0.1012831 0.0754024 0.0820390 0.0710738 0.1093392 0.0830083 0.0830083 0.0830083 0.0844037 0.0687794 0.0786136 0.0786202 0.0802872 0.0664869 0.0775778 0.0780887 0.1021364 0.0866291 0.0841567 0.0823067 0.0831902 0.0844037 0.0757678 0.0639794 0.0298333 0.2445681 0.0640354 0.0999659 0.0710848 0.0849636 0.0758598 0.0717615 0.0734455 0.1048710 0.0846055 0.0867657 0.0891705 0.0710738 0.0999659 0.1391341 0.0944613 
Eutrochium_fistulosum_SRR9119106           0.1811154 0.1585965 0.1639370 0.1654018 0.1481797 0.2014821 0.0000000 0.1714955 0.1886875 0.1784745 0.1659405 0.2049052 0.1495618 0.3898774 0.1865525 0.1549167 0.1503531 0.1496746 0.2096291 0.1614964 0.1629619 0.1699477 0.2586439 0.1732551 0.1498102 0.1561997 0.1680880 0.1567720 0.2055501 0.2009236 0.1680799 0.1704118 0.1758805 0.1445306 0.1587531 0.1859632 0.1716589 0.4117294 0.1675866 0.1587987 0.1385122 0.1839363 0.2062593 0.1802483 0.1694310 0.1604064 0.1631940 0.1452680 0.1888605 0.1760089 0.1769226 0.1742877 0.1513723 0.1448121 0.1698244 0.2049200 0.1936722 0.1494006 0.1635311 0.1627734 0.1673893 0.1970606 0.1958675 0.1560459 0.1728741 0.1547459 0.1639068 0.1887066 0.1602632 0.2075428 0.2662717 0.1708470 0.1475811 0.1651025 0.1653621 0.1555722 0.1586994 0.1767655 0.1993974 0.1523249 0.1858109 0.1427932 0.1574703 0.1712816 0.1675972 
Galeana_pratensis_104_mex                  0.2028114 0.1571944 0.1791131 0.2545095 0.1426906 0.1466546 0.1714955 0.0000000 0.3378371 0.2013102 0.1749374 0.1799801 0.1718018 0.1800377 0.1759082 0.1795151 0.1736719 0.1662353 0.2049256 0.1746875 0.1705251 0.1746875 0.1712722 0.1897882 0.1727689 0.2258088 0.1673077 0.1850609 0.1801317 0.1801317 0.1807816 0.1899128 0.1965601 0.1615407 0.1747037 0.1913058 0.1788625 0.1668370 0.1844009 0.1897882 0.1748627 0.1964056 0.1746875 0.1964056 0.1761840 0.1801940 0.1704306 0.1718018 0.1916505 0.1897882 0.1897882 0.1897882 0.1752870 0.1628956 0.1923859 0.1726556 0.1915199 0.1718018 0.1746875 0.1970498 0.1791550 0.1900253 0.1825353 0.1705808 0.1808392 0.1752870 0.1680924 0.1642774 0.1678243 0.1830209 0.1712722 0.1801317 0.1764155 0.1816046 0.1728912 0.1874115 0.1681945 0.1823441 0.1750028 0.1748404 0.1970484 0.1718018 0.1801317 0.1698871 0.2218491 
Helianthus_annuus_SRR9119062               0.2224112 0.2884708 0.2558635 0.2688586 0.2723322 0.3069595 0.1886875 0.3378371 0.0000000 0.2609131 0.2921893 0.2930109 0.2292606 0.5695822 0.2990546 0.2547576 0.1931635 0.2353012 0.3030103 0.2420610 0.2587082 0.2364753 0.3830299 0.2460651 0.2253190 0.1750431 0.2368260 0.2065550 0.2666690 0.2710577 0.2602486 0.2295282 0.2609131 0.1773105 0.2641134 0.2593162 0.2507266 0.5327148 0.2609922 0.2172947 0.1922274 0.2205871 0.2876795 0.2631220 0.2057340 0.2439387 0.2405499 0.1806171 0.2631461 0.2661753 0.2660008 0.2784221 0.1939109 0.2316851 0.2567992 0.2889260 0.2935826 0.2415134 0.1954951 0.2661410 0.3272425 0.2500169 0.3252548 0.1907609 0.2624760 0.2505174 0.2736368 0.2456635 0.2601006 0.2741511 0.3848737 0.2397227 0.1774242 0.2383382 0.2634616 0.2857731 0.1780643 0.2276992 0.2499467 0.1744781 0.3124290 0.1823398 0.2339430 0.3430129 0.2772626 
Lycapsus_tenuifolius_17                    0.1153856 0.0425191 0.1355839 0.2276868 0.0904600 0.1053027 0.1784745 0.2013102 0.2609131 0.0000000 0.1135922 0.1151578 0.0990240 0.3898635 0.1056702 0.1104101 0.1112539 0.1228931 0.1390109 0.1021571 0.0961956 0.1051907 0.2915052 0.1066415 0.0983471 0.1077220 0.1245177 0.1058406 0.1275609 0.1228976 0.1191545 0.1207021 0.0044200 0.1047384 0.1156310 0.1226420 0.1082727 0.3483692 0.1140550 0.1032406 0.1024541 0.1338388 0.1152124 0.1282609 0.1226339 0.1076183 0.1111525 0.1007472 0.1294299 0.1024230 0.1033104 0.1060257 0.1079388 0.1018565 0.1045795 0.1136484 0.1112080 0.0966955 0.1041596 0.0978872 0.1229146 0.1148276 0.1043700 0.1114702 0.1045498 0.1083747 0.1129764 0.1054698 0.1024313 0.2563797 0.2928792 0.1239832 0.0995215 0.1137547 0.1003474 0.0884023 0.1113935 0.1371933 0.1076435 0.1127120 0.1189071 0.1007472 0.1233725 0.1521580 0.1096772 
Pericome_caudata_50_silver                 0.0833934 0.0668498 0.1073505 0.2195165 0.0831206 0.0746737 0.1659405 0.1749374 0.2921893 0.1135922 0.0000000 0.0694928 0.0529318 0.3077313 0.0404294 0.0723967 0.0739414 0.0888042 0.0905936 0.0635143 0.0599070 0.0665799 0.2780731 0.0696914 0.0592307 0.0835609 0.0829011 0.0715656 0.0712887 0.0655186 0.0837166 0.0821180 0.1120770 0.0637408 0.1079376 0.1283662 0.0706217 0.3024757 0.0930787 0.0735988 0.0643941 0.1122384 0.0742447 0.1008866 0.0946336 0.0734069 0.0628774 0.0651404 0.1403749 0.0701355 0.0709509 0.0795980 0.0718347 0.0572334 0.0695413 0.0633942 0.0640685 0.0606339 0.0688509 0.0845989 0.0879593 0.0754669 0.0615606 0.0733715 0.0747666 0.0739127 0.1118384 0.1099024 0.0767953 0.2366608 0.3207930 0.0892957 0.0603902 0.0595154 0.0701343 0.0434799 0.1025741 0.1132379 0.0925601 0.0677100 0.0675118 0.0603616 0.0883327 0.1143082 0.0926197 
Perityle_aglossa_84_dead_horse             0.0750292 0.0581448 0.0850257 0.2732302 0.0884998 0.0823251 0.2049052 0.1799801 0.2930109 0.1151578 0.0694928 0.0000000 0.0344142 0.2450422 0.0361584 0.0381603 0.0283151 0.0826849 0.0842727 0.0204702 0.0198344 0.0235127 0.1627246 0.0703089 0.0327026 0.0753008 0.0533130 0.0650253 0.0774478 0.0721660 0.0775991 0.0765009 0.1119113 0.0369546 0.0733571 0.0820890 0.0205058 0.2525887 0.0446918 0.0618732 0.0323094 0.0923752 0.0220431 0.0872268 0.0832055 0.0408107 0.0314870 0.0340034 0.0894817 0.0618732 0.0618732 0.0625099 0.0403352 0.0353591 0.0715384 0.0444721 0.0468423 0.0314413 0.0204808 0.0686295 0.0724225 0.0767336 0.0450098 0.0283210 0.0634128 0.0362777 0.1149628 0.1120671 0.0433146 0.1837261 0.1641481 0.0789806 0.0340064 0.0489626 0.0298883 0.0420836 0.1120343 0.0940274 0.0244076 0.0308953 0.0839345 0.0340034 0.0804316 0.1042231 0.0708620 
Perityle_ajoensis_204                      0.0575872 0.0653424 0.0716219 0.2154416 0.0701877 0.0687394 0.1495618 0.1718018 0.2292606 0.0990240 0.0529318 0.0344142 0.0000000 0.3031783 0.0277709 0.0290318 0.0313498 0.0622922 0.0722585 0.0265967 0.0228610 0.0270306 0.2192809 0.0511916 0.0033890 0.0560966 0.0434203 0.0464394 0.0627550 0.0551230 0.0643766 0.0609303 0.0976648 0.0114173 0.0629294 0.0583775 0.0313507 0.2984709 0.0349224 0.0473667 0.0254491 0.0698960 0.0306637 0.0650805 0.0683835 0.0242677 0.0205551 0.0045178 0.0671600 0.0485998 0.0486302 0.0475600 0.0326443 0.0183596 0.0546032 0.0321292 0.0337596 0.0022773 0.0255304 0.0487833 0.0770904 0.0613559 0.0551452 0.0337220 0.0474011 0.0288408 0.0953111 0.0956184 0.0433635 0.1853434 0.2206319 0.0659648 0.0045181 0.0273133 0.0255668 0.0124930 0.0952205 0.0684825 0.0313629 0.0384478 0.0502294 0.0045178 0.0645291 0.1143758 0.0668142 
Perityle_ambrosiifolia_67_green            0.3865861 0.0795619 0.4145278 0.4635020 0.3779258 0.1229505 0.3898774 0.1800377 0.5695822 0.3898635 0.3077313 0.2450422 0.3031783 0.0000000 0.0505919 0.3219058 0.3291527 0.3649884 0.2876173 0.3129512 0.3004433 0.3191188 0.0360078 0.3588805 0.3183371 0.4089799 0.3302191 0.3503400 0.2918378 0.2407685 0.3725142 0.3591533 0.3876242 0.3224445 0.3551889 0.3471230 0.3088954 0.4640003 0.3268377 0.3521520 0.2952371 0.3589666 0.2393863 0.3602699 0.3640215 0.3269733 0.3252283 0.3192182 0.3609185 0.3439919 0.3537159 0.3533497 0.3029060 0.3073432 0.3477108 0.1940332 0.1483373 0.3118882 0.3173159 0.3341576 0.0815490 0.3694600 0.0550089 0.3266970 0.3536824 0.3013732 0.3800671 0.3576187 0.1718148 0.3245678 0.0384979 0.3303762 0.3190295 0.3217671 0.3352562 0.0657107 0.3467504 0.3723084 0.3178676 0.3354475 0.1624353 0.3192182 0.3671729 0.1349189 0.2565688 
Perityle_angustifolia_13_Eagle_creek       0.0621389 0.0691703 0.0682229 0.2729861 0.0720049 0.0761880 0.1865525 0.1759082 0.2990546 0.1056702 0.0404294 0.0361584 0.0277709 0.0505919 0.0000000 0.0336757 0.0447730 0.0544741 0.0789568 0.0331767 0.0332172 0.0445791 0.0448991 0.0602960 0.0250397 0.0724554 0.0362667 0.0602182 0.0575354 0.0575354 0.0598862 0.0606526 0.1024265 0.0195926 0.0485050 0.0570436 0.0389237 0.0657878 0.0448152 0.0602960 0.0305376 0.0630511 0.0417453 0.0630511 0.0752850 0.0304893 0.0361140 0.0277790 0.0631079 0.0602960 0.0602960 0.0602960 0.0390472 0.0165252 0.0584018 0.0450839 0.0365042 0.0249443 0.0417453 0.0512318 0.0724995 0.0683675 0.0558595 0.0417676 0.0605555 0.0361722 0.0807111 0.0996507 0.0518026 0.0387650 0.0419960 0.0575354 0.0277812 0.0393018 0.0222443 0.0358374 0.0777973 0.0578289 0.0275877 0.0475009 0.0588493 0.0277790 0.0575354 0.0710483 0.0558463 
Perityle_batopilensis_97                   0.0763186 0.0688699 0.0897485 0.2389918 0.0821885 0.0805336 0.1549167 0.1795151 0.2547576 0.1104101 0.0723967 0.0381603 0.0290318 0.3219058 0.0336757 0.0000000 0.0351876 0.0790522 0.0842219 0.0292102 0.0287455 0.0310446 0.2653598 0.0656963 0.0299917 0.0742061 0.0500969 0.0638733 0.0752678 0.0637907 0.0832726 0.0750576 0.1089451 0.0330764 0.0928274 0.1126750 0.0348684 0.3278485 0.0138177 0.0661461 0.0303601 0.0926313 0.0324167 0.0859003 0.0796145 0.0422189 0.0310795 0.0332874 0.1245881 0.0626464 0.0632029 0.0684562 0.0319320 0.0314263 0.0711583 0.0363189 0.0339497 0.0282399 0.0309252 0.0598361 0.0819468 0.0781406 0.0455111 0.0354670 0.0646860 0.0311150 0.1083296 0.1051296 0.0527956 0.1861789 0.2973913 0.0810320 0.0279091 0.0405897 0.0352353 0.0387397 0.1045758 0.0978293 0.0336922 0.0378814 0.0668292 0.0288485 0.0821061 0.1188942 0.0672327 
Perityle_bisetosa_9                        0.0751437 0.0614815 0.0844320 0.2481281 0.0896081 0.0866562 0.1503531 0.1736719 0.1931635 0.1112539 0.0739414 0.0283151 0.0313498 0.3291527 0.0447730 0.0351876 0.0000000 0.0794390 0.0856434 0.0136354 0.0177007 0.0237135 0.1320839 0.0684922 0.0291854 0.0684719 0.0478952 0.0621683 0.0801139 0.0734982 0.0752518 0.0809531 0.1085663 0.0358340 0.0773526 0.0754596 0.0183426 0.3313346 0.0462404 0.0572381 0.0245333 0.0791309 0.0269053 0.0808378 0.0836447 0.0417491 0.0284063 0.0362834 0.0835499 0.0620444 0.0648365 0.0671302 0.0481287 0.0324686 0.0685143 0.0499530 0.0489127 0.0309750 0.0227357 0.0596246 0.0771172 0.0881159 0.0583814 0.0187514 0.0638891 0.0340996 0.1102541 0.1197723 0.0242634 0.1735335 0.1331381 0.0863787 0.0360237 0.0430144 0.0334877 0.0420157 0.1037386 0.0776051 0.0502394 0.0189598 0.0769269 0.0362906 0.0827490 0.0890644 0.0705598 
Perityle_californica_76_positas            0.0810930 0.0732761 0.0958092 0.2155968 0.0891070 0.0966376 0.1496746 0.1662353 0.2353012 0.1228931 0.0888042 0.0826849 0.0622922 0.3649884 0.0544741 0.0790522 0.0794390 0.0000000 0.1093183 0.0686142 0.0637463 0.0680899 0.3515775 0.0749326 0.0618240 0.0786709 0.0831909 0.0765282 0.0092773 0.0091876 0.0582125 0.0623287 0.1213312 0.0680912 0.0242831 0.0854136 0.0743854 0.3591003 0.0855444 0.0786502 0.0730194 0.1049365 0.0770586 0.0894623 0.0882107 0.0750746 0.0692839 0.0675884 0.0935086 0.0781762 0.0766753 0.0786502 0.0785488 0.0644581 0.0800591 0.0684858 0.0722513 0.0631399 0.0706266 0.0758805 0.0824413 0.0896732 0.0731486 0.0768078 0.0760484 0.0739642 0.1073012 0.1149653 0.0730672 0.1756911 0.3547121 0.0119949 0.0650106 0.0769186 0.0745304 0.0529841 0.1073966 0.0978297 0.0743180 0.0817456 0.0804623 0.0675884 0.0117005 0.1257693 0.0916765 
Perityle_canescens_77                      0.0838474 0.0951691 0.1149258 0.2818467 0.1007426 0.1089760 0.2096291 0.2049256 0.3030103 0.1390109 0.0905936 0.0842727 0.0722585 0.2876173 0.0789568 0.0842219 0.0856434 0.1093183 0.0000000 0.0771850 0.0735618 0.0788507 0.2346887 0.0863902 0.0707600 0.0862037 0.1048528 0.0917136 0.0906757 0.0875090 0.1059405 0.1028010 0.1370877 0.0779742 0.1022025 0.0665179 0.0771895 0.2947244 0.0857405 0.0930333 0.0774307 0.0747025 0.0788524 0.0730625 0.1033963 0.0808874 0.0862404 0.0739713 0.0698346 0.0930333 0.0930333 0.0930333 0.0857716 0.0722445 0.0878904 0.0842537 0.0816367 0.0709681 0.0788524 0.0878823 0.0352196 0.1027622 0.0876376 0.0839491 0.0896791 0.0805840 0.1243044 0.1320708 0.0864005 0.1837177 0.2364443 0.1057202 0.0722731 0.0801576 0.0829183 0.0732058 0.1243344 0.0841678 0.0823778 0.0940444 0.0839337 0.0739713 0.1057202 0.0634944 0.0225485 
Perityle_castillonii_96                    0.0676467 0.0544150 0.0770814 0.2335619 0.0766863 0.0729941 0.1614964 0.1746875 0.2420610 0.1021571 0.0635143 0.0204702 0.0265967 0.3129512 0.0331767 0.0292102 0.0136354 0.0686142 0.0771850 0.0000000 0.0103618 0.0157114 0.2344035 0.0599028 0.0257268 0.0630782 0.0457348 0.0544909 0.0714334 0.0653092 0.0689071 0.0692734 0.0994185 0.0313617 0.0665865 0.0680790 0.0099129 0.3208823 0.0356795 0.0550827 0.0254511 0.0752114 0.0153257 0.0720186 0.0770615 0.0367389 0.0246064 0.0289719 0.0752228 0.0548103 0.0545014 0.0559182 0.0298584 0.0270799 0.0618729 0.0380529 0.0379000 0.0258589 0.0147727 0.0569716 0.0721267 0.0704950 0.0448162 0.0200343 0.0539655 0.0264849 0.0991340 0.0995639 0.0242921 0.1624201 0.2370142 0.0726454 0.0278887 0.0362958 0.0267057 0.0385405 0.0990822 0.0777003 0.0177111 0.0242063 0.0733924 0.0289719 0.0713311 0.1086680 0.0775634 
Perityle_cernua_84                         0.0595027 0.0650475 0.0641175 0.2378613 0.0803645 0.0845213 0.1629619 0.1705251 0.2587082 0.0961956 0.0599070 0.0198344 0.0228610 0.3004433 0.0332172 0.0287455 0.0177007 0.0637463 0.0735618 0.0103618 0.0000000 0.0137132 0.3324482 0.0606816 0.0238106 0.0571673 0.0401405 0.0616282 0.0657530 0.0595068 0.0617876 0.0633527 0.0961956 0.0312722 0.0585272 0.0599691 0.0180513 0.3875195 0.0352339 0.0654246 0.0280994 0.0685446 0.0133256 0.0628045 0.0737488 0.0347430 0.0230087 0.0297590 0.0642413 0.0619436 0.0611464 0.0654246 0.0308406 0.0211786 0.0677862 0.0362604 0.0337242 0.0259877 0.0154792 0.0516233 0.0767770 0.0755070 0.0448801 0.0176924 0.0626622 0.0267731 0.0876602 0.0962465 0.0305094 0.0403342 0.3358488 0.0622410 0.0271002 0.0328832 0.0296149 0.0352977 0.0864706 0.0661096 0.0110323 0.0247849 0.0634103 0.0297381 0.0637164 0.0740236 0.0635680 
Perityle_cfvillosa_25_tin                  0.0662862 0.0720304 0.0787962 0.2342479 0.0759768 0.0821102 0.1699477 0.1746875 0.2364753 0.1051907 0.0665799 0.0235127 0.0270306 0.3191188 0.0445791 0.0310446 0.0237135 0.0680899 0.0788507 0.0157114 0.0137132 0.0000000 0.2323551 0.0644150 0.0251697 0.0648242 0.0465815 0.0579382 0.0718616 0.0657728 0.0689086 0.0687597 0.1038096 0.0300026 0.0673356 0.0665888 0.0228600 0.3209937 0.0355783 0.0577107 0.0283552 0.0740655 0.0039024 0.0689966 0.0774653 0.0345946 0.0138217 0.0274653 0.0729243 0.0600642 0.0589845 0.0577107 0.0353505 0.0266495 0.0618815 0.0422528 0.0422130 0.0240571 0.0022255 0.0600302 0.0767289 0.0696205 0.0480600 0.0225693 0.0577523 0.0318116 0.0984636 0.1025776 0.0398277 0.1751635 0.2336828 0.0734954 0.0263107 0.0338233 0.0250778 0.0451192 0.0993331 0.0805366 0.0216836 0.0271969 0.0766067 0.0274653 0.0701641 0.1018868 0.0739421 
Perityle_coahuilensis_24                   0.2706315 0.0688532 0.3162941 0.4491851 0.3184261 0.0619314 0.2586439 0.1712722 0.3830299 0.2915052 0.2780731 0.1627246 0.2192809 0.0360078 0.0448991 0.2653598 0.1320839 0.3515775 0.2346887 0.2344035 0.3324482 0.2323551 0.0000000 0.3149255 0.2198217 0.1682343 0.1972906 0.1604850 0.2527833 0.2357074 0.2768805 0.2527412 0.2860642 0.1421361 0.3637831 0.2923249 0.2092177 0.4008123 0.2672941 0.1525045 0.1128733 0.1932428 0.1540377 0.3312770 0.1778752 0.2351887 0.2719835 0.1375448 0.2998524 0.2368145 0.2262406 0.2972729 0.1557704 0.2186728 0.2443762 0.1867133 0.1407657 0.2227190 0.1440422 0.3257470 0.0675348 0.2597689 0.0450978 0.1228053 0.2813526 0.2442291 0.3492651 0.2734588 0.1639905 0.3863623 0.0034509 0.2481842 0.1562024 0.2681619 0.2524023 0.0555995 0.1840604 0.1785560 0.2408303 0.1130091 0.1510286 0.1423479 0.2997595 0.0822443 0.2471562 
Perityle_cochisensis_44_cave_creek         0.0644995 0.0799342 0.0822499 0.2340660 0.0742107 0.0866797 0.1732551 0.1897882 0.2460651 0.1066415 0.0696914 0.0703089 0.0511916 0.3588805 0.0602960 0.0656963 0.0684922 0.0749326 0.0863902 0.0599028 0.0606816 0.0644150 0.3149255 0.0000000 0.0501611 0.0643044 0.0806076 0.0198767 0.0790651 0.0724058 0.0630098 0.0613950 0.1066415 0.0561464 0.0720549 0.0736235 0.0693631 0.3469873 0.0714211 0.0078163 0.0614166 0.0809593 0.0677205 0.0780577 0.0703027 0.0572788 0.0655721 0.0542992 0.0780629 0.0079602 0.0091352 0.0078163 0.0703015 0.0520942 0.0445652 0.0690410 0.0769999 0.0504888 0.0630089 0.0488430 0.0918374 0.0786576 0.0837033 0.0713469 0.0170817 0.0656048 0.0904182 0.0930535 0.0765306 0.1302872 0.3165754 0.0742621 0.0514206 0.0653249 0.0647086 0.0558259 0.0907341 0.0736294 0.0664544 0.0786804 0.0373817 0.0542992 0.0734208 0.1246344 0.0886056 
Perityle_congesta_202                      0.0586380 0.0620429 0.0726948 0.2278523 0.0761658 0.0666847 0.1498102 0.1727689 0.2253190 0.0983471 0.0592307 0.0327026 0.0033890 0.3183371 0.0250397 0.0299917 0.0291854 0.0618240 0.0707600 0.0257268 0.0238106 0.0251697 0.2198217 0.0501611 0.0000000 0.0576271 0.0422400 0.0459111 0.0612101 0.0532885 0.0673716 0.0624920 0.0957204 0.0095415 0.0624237 0.0589632 0.0286314 0.3088571 0.0415393 0.0454049 0.0241722 0.0709296 0.0334279 0.0665835 0.0728922 0.0251164 0.0183899 0.0037807 0.0685023 0.0458079 0.0460057 0.0499422 0.0322601 0.0176957 0.0527329 0.0302770 0.0316935 0.0019037 0.0232477 0.0487833 0.0775775 0.0696662 0.0520116 0.0320732 0.0486021 0.0299994 0.0992157 0.1077507 0.0433635 0.1842362 0.2221654 0.0734880 0.0028346 0.0257867 0.0256834 0.0093892 0.0946606 0.0717723 0.0529993 0.0334135 0.0504480 0.0037807 0.0649373 0.0997029 0.0668142 
Perityle_cordifolia_27                     0.0116837 0.0954870 0.0533739 0.2492119 0.0876491 0.0933954 0.1561997 0.2258088 0.1750431 0.1077220 0.0835609 0.0753008 0.0560966 0.4089799 0.0724554 0.0742061 0.0684719 0.0786709 0.0862037 0.0630782 0.0571673 0.0648242 0.1682343 0.0643044 0.0576271 0.0000000 0.0826708 0.0783941 0.0820862 0.0749151 0.0940727 0.0920911 0.1061505 0.0695547 0.0763301 0.0837612 0.0763160 0.3544234 0.0817309 0.0728086 0.0640472 0.0927844 0.0795198 0.0872512 0.0948301 0.0685511 0.0608663 0.0673877 0.0903954 0.0683204 0.0722576 0.0684701 0.0359998 0.0617071 0.0680367 0.0689156 0.0697939 0.0597358 0.0725773 0.0538836 0.1098730 0.1040910 0.0889305 0.0688076 0.0671980 0.0670256 0.1137851 0.1202049 0.0816046 0.2323212 0.1689414 0.0981394 0.0764014 0.0653834 0.0682201 0.0579887 0.1194004 0.0957868 0.1054024 0.0708706 0.0631248 0.0676202 0.0916297 0.1223864 0.0723687 
Perityle_cordifolia_68_tecolote            0.0835818 0.0727712 0.0983511 0.2440241 0.0999154 0.0920382 0.1680880 0.1673077 0.2368260 0.1245177 0.0829011 0.0533130 0.0434203 0.3302191 0.0362667 0.0500969 0.0478952 0.0831909 0.1048528 0.0457348 0.0401405 0.0465815 0.1972906 0.0806076 0.0422400 0.0826708 0.0000000 0.0785629 0.0908426 0.0774697 0.0883802 0.0912081 0.1217636 0.0468731 0.0848640 0.0863305 0.0492718 0.3338024 0.0589633 0.0686386 0.0416651 0.1004702 0.0555247 0.0920651 0.0997572 0.0545485 0.0463834 0.0441142 0.0968517 0.0755316 0.0758764 0.0784445 0.0546663 0.0452598 0.0852230 0.0205169 0.0446917 0.0388614 0.0477566 0.0818768 0.0870121 0.1020054 0.0551911 0.0488424 0.0756646 0.0494584 0.1211627 0.1290457 0.0530371 0.1984664 0.1964537 0.1002617 0.0432826 0.0541113 0.0505445 0.0389074 0.1268841 0.0993847 0.0721295 0.0514706 0.0670229 0.0432664 0.0908328 0.1036894 0.0851111 
Perityle_coronopifolia_28_patagonia        0.0678075 0.0798076 0.0781564 0.2443445 0.0847764 0.0877551 0.1567720 0.1850609 0.2065550 0.1058406 0.0715656 0.0650253 0.0464394 0.3503400 0.0602182 0.0638733 0.0621683 0.0765282 0.0917136 0.0544909 0.0616282 0.0579382 0.1604850 0.0198767 0.0459111 0.0783941 0.0785629 0.0000000 0.0779299 0.0688319 0.0821811 0.0671319 0.1031228 0.0648830 0.0980040 0.1142154 0.0608056 0.3241511 0.0802374 0.0188947 0.0590448 0.0947682 0.0670499 0.0913485 0.0893424 0.0576714 0.0602351 0.0653547 0.1243408 0.0131526 0.0118045 0.0126479 0.0766446 0.0497315 0.0374335 0.0675601 0.0746364 0.0486357 0.0701103 0.0361055 0.0965578 0.0717879 0.0801014 0.0729962 0.0097723 0.0630925 0.1093340 0.1109641 0.0663830 0.2092858 0.1821009 0.0825901 0.0766957 0.0630636 0.0602977 0.0522667 0.1118010 0.1024541 0.0907691 0.0646746 0.0340834 0.0658115 0.0749283 0.1016573 0.0812297 
Perityle_crassifolia_70_ventanas           0.0796241 0.0770860 0.0980104 0.2547047 0.0920260 0.0927595 0.2055501 0.1801317 0.2666690 0.1275609 0.0712887 0.0774478 0.0627550 0.2918378 0.0575354 0.0752678 0.0801139 0.0092773 0.0906757 0.0714334 0.0657530 0.0718616 0.2527833 0.0790651 0.0612101 0.0820862 0.0908426 0.0779299 0.0000000 0.0000010 0.0612390 0.0706043 0.1275609 0.0633856 0.0155168 0.0823855 0.0749820 0.2903276 0.0786183 0.0791048 0.0734296 0.0917264 0.0714570 0.0876876 0.0862892 0.0732575 0.0728831 0.0644907 0.0912109 0.0791048 0.0791048 0.0791048 0.0790026 0.0627688 0.0828324 0.0664805 0.0723084 0.0619813 0.0718632 0.0677865 0.0730496 0.0934257 0.0767778 0.0766345 0.0774274 0.0729645 0.1144201 0.1168649 0.0730410 0.1390505 0.2546279 0.0000010 0.0627681 0.0788641 0.0753786 0.0565157 0.1108959 0.0915506 0.0733359 0.0852796 0.0771500 0.0644907 0.0000010 0.1260191 0.0881709 
Perityle_crassifolia_74_playa_balandra     0.0722178 0.0770860 0.0824387 0.2484402 0.0925102 0.0922066 0.2009236 0.1801317 0.2710577 0.1228976 0.0655186 0.0721660 0.0551230 0.2407685 0.0575354 0.0637907 0.0734982 0.0091876 0.0875090 0.0653092 0.0595068 0.0657728 0.2357074 0.0724058 0.0532885 0.0749151 0.0774697 0.0688319 0.0000010 0.0000000 0.0533893 0.0579640 0.1228976 0.0517758 0.0166155 0.0716911 0.0694120 0.2712777 0.0678065 0.0724058 0.0655984 0.0785035 0.0657744 0.0758679 0.0765462 0.0654285 0.0650180 0.0551332 0.0799782 0.0724058 0.0724058 0.0724058 0.0741227 0.0531625 0.0762359 0.0684216 0.0712981 0.0540830 0.0657744 0.0680468 0.0730496 0.0914283 0.0767778 0.0714354 0.0704174 0.0670735 0.1094983 0.1173533 0.0730410 0.0676055 0.2354966 0.0000010 0.0551367 0.0718437 0.0677870 0.0565157 0.1053965 0.0764563 0.0635384 0.0796367 0.0771500 0.0551332 0.0000010 0.0808343 0.0881709 
Perityle_cuneata_34_cuneata_San_antonio    0.0953845 0.0724782 0.1012620 0.2202890 0.0911943 0.1002640 0.1680799 0.1807816 0.2602486 0.1191545 0.0837166 0.0775991 0.0643766 0.3725142 0.0598862 0.0832726 0.0752518 0.0582125 0.1059405 0.0689071 0.0617876 0.0689086 0.2768805 0.0630098 0.0673716 0.0940727 0.0883802 0.0821811 0.0612390 0.0533893 0.0000000 0.0584881 0.1163729 0.0720450 0.0863800 0.1063119 0.0767341 0.3395256 0.0985770 0.0747013 0.0664396 0.1152733 0.0818262 0.0995728 0.1065678 0.0782386 0.0719125 0.0724403 0.1139478 0.0731902 0.0753944 0.0803337 0.0829733 0.0668195 0.0769329 0.0767675 0.0739640 0.0701711 0.0723822 0.0786444 0.0774327 0.0988642 0.0825350 0.0814716 0.0771569 0.0744318 0.1104659 0.1238817 0.0764092 0.2073834 0.2979852 0.0604210 0.0672309 0.0780348 0.0784501 0.0560853 0.1171854 0.1156664 0.0973957 0.0763600 0.0703555 0.0680908 0.0574237 0.0914291 0.0810150 
Perityle_cuneata_4                         0.0924146 0.0775716 0.1001121 0.2152986 0.0944529 0.0932116 0.1704118 0.1899128 0.2295282 0.1207021 0.0821180 0.0765009 0.0609303 0.3591533 0.0606526 0.0750576 0.0809531 0.0623287 0.1028010 0.0692734 0.0633527 0.0687597 0.2527412 0.0613950 0.0624920 0.0920911 0.0912081 0.0671319 0.0706043 0.0579640 0.0584881 0.0000000 0.1179358 0.0684329 0.0699910 0.0872454 0.0763434 0.3076283 0.0877701 0.0641828 0.0716785 0.0994350 0.0851045 0.0887955 0.0910557 0.0733008 0.0720696 0.0657837 0.0972430 0.0642849 0.0664406 0.0608612 0.0811909 0.0626102 0.0638178 0.0687653 0.0658895 0.0641706 0.0741600 0.0685592 0.0985396 0.0913621 0.0839806 0.0806959 0.0603212 0.0742573 0.1156262 0.1253552 0.0704142 0.2292349 0.2539677 0.0635254 0.0646991 0.0728325 0.0731639 0.0635933 0.1141723 0.1002417 0.1013569 0.0839275 0.0711687 0.0657837 0.0575835 0.1332604 0.0893330 
Perityle_discoidea_81                      0.1138157 0.0463217 0.1325809 0.2250276 0.0879318 0.1006203 0.1758805 0.1965601 0.2609131 0.0044200 0.1120770 0.1119113 0.0976648 0.3876242 0.1024265 0.1089451 0.1085663 0.1213312 0.1370877 0.0994185 0.0961956 0.1038096 0.2860642 0.1066415 0.0957204 0.1061505 0.1217636 0.1031228 0.1275609 0.1228976 0.1163729 0.1179358 0.0000000 0.1020823 0.1140998 0.1198810 0.1055783 0.3424364 0.1138700 0.1005659 0.0998020 0.1310146 0.1120811 0.1267769 0.1198736 0.1049416 0.1096118 0.0981132 0.1266339 0.0997406 0.1006337 0.1046492 0.1052536 0.0991588 0.1015893 0.1136484 0.1136883 0.0940537 0.1014895 0.1007207 0.1179499 0.1121300 0.1043700 0.1087769 0.1018688 0.1057071 0.1102427 0.1026325 0.0989891 0.2540678 0.2874333 0.1211027 0.0968918 0.1121943 0.0976939 0.0847398 0.1086963 0.1343663 0.1049666 0.1100141 0.1154397 0.0981132 0.1205934 0.1453808 0.1133837 
Perityle_dissecta_201                      0.0659029 0.0519354 0.0783710 0.2255056 0.0785653 0.0627309 0.1445306 0.1615407 0.1773105 0.1047384 0.0637408 0.0369546 0.0114173 0.3224445 0.0195926 0.0330764 0.0358340 0.0680912 0.0779742 0.0313617 0.0312722 0.0300026 0.1421361 0.0561464 0.0095415 0.0695547 0.0468731 0.0648830 0.0633856 0.0517758 0.0720450 0.0684329 0.1020823 0.0000000 0.0660606 0.0804405 0.0344479 0.3163016 0.0461470 0.0606230 0.0370589 0.0838425 0.0374565 0.0795235 0.0801507 0.0303934 0.0235056 0.0121738 0.0903371 0.0495285 0.0532554 0.0572044 0.0489214 0.0223040 0.0543701 0.0344485 0.0341776 0.0086484 0.0278869 0.0596361 0.0724653 0.0806709 0.0458283 0.0400751 0.0524410 0.0345193 0.1022577 0.1071503 0.0466655 0.1930125 0.1537366 0.0751395 0.0163294 0.0325777 0.0296238 0.0126803 0.1019899 0.0872139 0.0639288 0.0394677 0.0503207 0.0111315 0.0681509 0.0825186 0.0741749 
Perityle_emoryi_47_punta_san_jose          0.0771576 0.0589087 0.0985367 0.2167162 0.0907966 0.0971470 0.1587531 0.1747037 0.2641134 0.1156310 0.1079376 0.0733571 0.0629294 0.3551889 0.0485050 0.0928274 0.0773526 0.0242831 0.1022025 0.0665865 0.0585272 0.0673356 0.3637831 0.0720549 0.0624237 0.0763301 0.0848640 0.0980040 0.0155168 0.0166155 0.0863800 0.0699910 0.1140998 0.0660606 0.0000000 0.1243796 0.0694289 0.3656736 0.0826299 0.1010040 0.0696867 0.1212683 0.0709808 0.1004939 0.1086049 0.0768638 0.0705956 0.0689232 0.1321797 0.0787388 0.0744771 0.1010040 0.0888929 0.0664403 0.0820503 0.0602760 0.0563302 0.0818533 0.0685893 0.0677677 0.0589413 0.0915120 0.0525017 0.0987316 0.0774783 0.0677661 0.1108258 0.1086281 0.0564396 0.1727669 0.4020048 0.0158357 0.0822527 0.0783019 0.0770154 0.0461036 0.1074393 0.1181634 0.0720925 0.0753764 0.0670639 0.0833961 0.0174542 0.1038043 0.0669364 
Perityle_feddemae_99                       0.0873736 0.0764311 0.1053978 0.2310160 0.1071745 0.1020832 0.1859632 0.1913058 0.2593162 0.1226420 0.1283662 0.0820890 0.0583775 0.3471230 0.0570436 0.1126750 0.0754596 0.0854136 0.0665179 0.0680790 0.0599691 0.0665888 0.2923249 0.0736235 0.0589632 0.0837612 0.0863305 0.1142154 0.0823855 0.0716911 0.1063119 0.0872454 0.1198810 0.0804405 0.1243796 0.0000000 0.0745362 0.3508010 0.0962770 0.1174591 0.0652936 0.0170902 0.0788531 0.0092307 0.1427953 0.0714859 0.0650757 0.0724169 0.0167937 0.0772233 0.0750697 0.1094306 0.1025594 0.0609748 0.0826883 0.0663047 0.0695717 0.0858786 0.0665574 0.0769221 0.0534659 0.0892359 0.0795381 0.1165118 0.0844517 0.0722607 0.1172273 0.1252003 0.0798558 0.2215760 0.3285406 0.0969457 0.0994401 0.0669300 0.0749347 0.0524660 0.1156438 0.0578505 0.0776513 0.0767727 0.0769496 0.1004390 0.0893723 0.0912240 0.0667003 
Perityle_fosteri_93                        0.0775420 0.0545823 0.0870126 0.2244358 0.0846035 0.0776309 0.1716589 0.1788625 0.2507266 0.1082727 0.0706217 0.0205058 0.0313507 0.3088954 0.0389237 0.0348684 0.0183426 0.0743854 0.0771895 0.0099129 0.0180513 0.0228600 0.2092177 0.0693631 0.0286314 0.0763160 0.0492718 0.0608056 0.0749820 0.0694120 0.0767341 0.0763434 0.1055783 0.0344479 0.0694289 0.0745362 0.0000000 0.3104866 0.0409117 0.0612266 0.0305536 0.0842891 0.0211629 0.0787998 0.0803451 0.0388676 0.0308206 0.0319681 0.0819183 0.0615645 0.0624584 0.0627924 0.0351393 0.0324738 0.0684522 0.0420580 0.0445153 0.0276630 0.0206431 0.0678486 0.0676601 0.0760519 0.0515547 0.0249486 0.0612691 0.0316304 0.1042083 0.1019131 0.0243502 0.1688506 0.2104761 0.0768476 0.0308542 0.0416494 0.0262665 0.0452583 0.1039553 0.0856370 0.0227566 0.0293404 0.0871381 0.0319681 0.0761311 0.1138241 0.0777598 
Perityle_gamon_221                         0.3441343 0.0579355 0.3581452 0.4576092 0.3196691 0.0943515 0.4117294 0.1668370 0.5327148 0.3483692 0.3024757 0.2525887 0.2984709 0.4640003 0.0657878 0.3278485 0.3313346 0.3591003 0.2947244 0.3208823 0.3875195 0.3209937 0.4008123 0.3469873 0.3088571 0.3544234 0.3338024 0.3241511 0.2903276 0.2712777 0.3395256 0.3076283 0.3424364 0.3163016 0.3656736 0.3508010 0.3104866 0.0000000 0.3375989 0.3141974 0.3212813 0.3661347 0.2507700 0.3660512 0.2520793 0.3166112 0.3406348 0.3128322 0.3602854 0.2987922 0.3104023 0.3208571 0.3269174 0.3000827 0.3133157 0.2521536 0.2059196 0.3052707 0.3234251 0.3846644 0.0823724 0.3177181 0.0874895 0.3275834 0.3214279 0.3297068 0.3376943 0.3058658 0.1869111 0.4765567 0.3998392 0.3006354 0.3128803 0.3253618 0.3121192 0.0698391 0.3132393 0.3619256 0.3133714 0.3157131 0.1334542 0.3128322 0.3327725 0.1507091 0.2516408 
Perityle_gentryi_8_san_francisco           0.0826362 0.0762548 0.1000858 0.2442623 0.0940934 0.0867944 0.1675866 0.1844009 0.2609922 0.1140550 0.0930787 0.0446918 0.0349224 0.3268377 0.0448152 0.0138177 0.0462404 0.0855444 0.0857405 0.0356795 0.0352339 0.0355783 0.2672941 0.0714211 0.0415393 0.0817309 0.0589633 0.0802374 0.0786183 0.0678065 0.0985770 0.0877701 0.1138700 0.0461470 0.0826299 0.0962770 0.0409117 0.3375989 0.0000000 0.0814741 0.0415199 0.1020661 0.0447962 0.0906319 0.1012309 0.0515221 0.0348491 0.0461311 0.1040958 0.0691041 0.0752710 0.0787373 0.0440563 0.0370539 0.0751475 0.0421774 0.0423767 0.0410990 0.0422688 0.0679503 0.0772486 0.0931464 0.0516969 0.0467271 0.0737554 0.0377204 0.1201782 0.1157383 0.0625612 0.1931687 0.2861303 0.0875189 0.0428816 0.0457534 0.0482037 0.0487843 0.1131481 0.1118866 0.0456447 0.0461796 0.0769471 0.0438708 0.0880884 0.1387223 0.0779232 
Perityle_gilensis_22_Superstition          0.0682294 0.0799342 0.0805859 0.2495928 0.0818633 0.0830083 0.1587987 0.1897882 0.2172947 0.1032406 0.0735988 0.0618732 0.0473667 0.3521520 0.0602960 0.0661461 0.0572381 0.0786502 0.0930333 0.0550827 0.0654246 0.0577107 0.1525045 0.0078163 0.0454049 0.0728086 0.0686386 0.0188947 0.0791048 0.0724058 0.0747013 0.0641828 0.1005659 0.0606230 0.1010040 0.1174591 0.0612266 0.3141974 0.0814741 0.0000000 0.0516334 0.0957999 0.0649822 0.0944417 0.0813217 0.0559277 0.0638341 0.0608769 0.1255325 0.0010722 0.0089470 0.0000010 0.0710338 0.0491209 0.0359213 0.0690410 0.0769999 0.0470672 0.0618601 0.0488430 0.0918374 0.0799386 0.0837033 0.0619447 0.0096632 0.0634848 0.1069323 0.1095451 0.0765306 0.2145701 0.1684038 0.0840698 0.0662199 0.0654469 0.0596866 0.0558259 0.1099614 0.0975522 0.0897256 0.0589541 0.0373817 0.0588366 0.0751624 0.0886853 0.0886056 
Perityle_gilensis_salensis_225             0.0690363 0.0613584 0.0774841 0.2302820 0.0797244 0.0708776 0.1385122 0.1748627 0.1922274 0.1024541 0.0643941 0.0323094 0.0254491 0.2952371 0.0305376 0.0303601 0.0245333 0.0730194 0.0774307 0.0254511 0.0280994 0.0283552 0.1128733 0.0614166 0.0241722 0.0640472 0.0416651 0.0590448 0.0734296 0.0655984 0.0664396 0.0716785 0.0998020 0.0370589 0.0696867 0.0652936 0.0305536 0.3212813 0.0415199 0.0516334 0.0000000 0.0750125 0.0330472 0.0687308 0.0795707 0.0344571 0.0297174 0.0364613 0.0724727 0.0550291 0.0568664 0.0588735 0.0425272 0.0256381 0.0618524 0.0362305 0.0337432 0.0228304 0.0310740 0.0569981 0.0721267 0.0783966 0.0416978 0.0264677 0.0571248 0.0250098 0.1039467 0.1166219 0.0431445 0.1905510 0.1134718 0.0835945 0.0367788 0.0350526 0.0298423 0.0288168 0.1022490 0.0753406 0.0586692 0.0264013 0.0634337 0.0359482 0.0759135 0.0862553 0.0636130 
Perityle_glaucescens_94                    0.0927350 0.0838681 0.1161252 0.2580504 0.1270021 0.1068236 0.1839363 0.1964056 0.2205871 0.1338388 0.1122384 0.0923752 0.0698960 0.3589666 0.0630511 0.0926313 0.0791309 0.1049365 0.0747025 0.0752114 0.0685446 0.0740655 0.1932428 0.0809593 0.0709296 0.0927844 0.1004702 0.0947682 0.0917264 0.0785035 0.1152733 0.0994350 0.1310146 0.0838425 0.1212683 0.0170902 0.0842891 0.3661347 0.1020661 0.0957999 0.0750125 0.0000000 0.0897956 0.0072358 0.1041976 0.0806567 0.0748475 0.0841079 0.0111239 0.0869606 0.0869110 0.0983601 0.0951898 0.0696756 0.0936999 0.0751860 0.0764990 0.0806898 0.0845262 0.0855176 0.0581425 0.1081081 0.0830836 0.0837436 0.0946638 0.0837325 0.1365804 0.1409245 0.0936190 0.2353129 0.1972328 0.1051124 0.0932311 0.0740502 0.0873819 0.0628225 0.1299403 0.0738038 0.1113475 0.0793682 0.0837885 0.0835950 0.1070498 0.1029617 0.0809229 
Perityle_gracilis_11                       0.0791715 0.0685035 0.0860987 0.2871984 0.0902457 0.0775778 0.2062593 0.1746875 0.2876795 0.1152124 0.0742447 0.0220431 0.0306637 0.2393863 0.0417453 0.0324167 0.0269053 0.0770586 0.0788524 0.0153257 0.0133256 0.0039024 0.1540377 0.0677205 0.0334279 0.0795198 0.0555247 0.0670499 0.0714570 0.0657744 0.0818262 0.0851045 0.1120811 0.0374565 0.0709808 0.0788531 0.0211629 0.2507700 0.0447962 0.0649822 0.0330472 0.0897956 0.0000000 0.0773900 0.0937746 0.0387801 0.0149992 0.0346590 0.0858161 0.0606026 0.0649822 0.0617359 0.0395810 0.0296385 0.0631832 0.0403004 0.0400675 0.0322353 0.0059990 0.0600302 0.0767289 0.0803522 0.0447970 0.0280210 0.0607171 0.0337484 0.1124171 0.1166604 0.0398277 0.1791251 0.1553746 0.0867614 0.0346618 0.0368503 0.0307377 0.0418414 0.1033975 0.0954341 0.0293480 0.0329615 0.0766067 0.0346590 0.0800106 0.1167409 0.0739421 
Perityle_harkerae_31                       0.0898905 0.0838681 0.1078412 0.2335836 0.1085093 0.1091183 0.1802483 0.1964056 0.2631220 0.1282609 0.1008866 0.0872268 0.0650805 0.3602699 0.0630511 0.0859003 0.0808378 0.0894623 0.0730625 0.0720186 0.0628045 0.0689966 0.3312770 0.0780577 0.0665835 0.0872512 0.0920651 0.0913485 0.0876876 0.0758679 0.0995728 0.0887955 0.1267769 0.0795235 0.1004939 0.0092307 0.0787998 0.3660512 0.0906319 0.0944417 0.0687308 0.0072358 0.0773900 0.0000000 0.1101886 0.0753181 0.0730875 0.0791129 0.0051161 0.0854263 0.0835625 0.0944417 0.0868981 0.0615571 0.0889790 0.0725590 0.0741940 0.0738794 0.0689261 0.0799561 0.0581425 0.0954987 0.0830836 0.0889753 0.0924008 0.0739635 0.1130425 0.1156333 0.0901744 0.2027935 0.3460151 0.0948838 0.0755186 0.0725495 0.0793402 0.0628225 0.1144956 0.0621320 0.0760832 0.0817838 0.0803733 0.0766583 0.0915126 0.0900007 0.0773593 
