85
Amauria_brandeegeana_62                    0.0000000 0.0816545 0.0867319 0.3407301 0.1024515 0.1093538 0.2511362 0.1497752 0.2448193 0.1021482 0.1268281 0.1278147 0.1487005 0.1475537 0.0948137 0.1564029 0.1474113 0.2399572 0.1551991 0.1496183 0.1472024 0.1484328 0.1038026 0.1538402 0.1554165 0.1515404 0.1510994 0.1483527 0.1538358 0.1075424 0.3416851 0.1464628 0.0978485 0.1095065 0.1517077 0.1491442 0.1898944 0.3619909 0.1541906 0.1575292 0.1482563 0.2624358 0.1410034 0.1442777 0.1464824 0.1596900 0.1593478 0.1515706 0.1566143 0.1464725 0.1403899 0.1488041 0.1526138 0.1516739 0.1667358 0.1206549 0.1213011 0.1541846 0.1502359 0.1498501 0.1286848 0.2204241 0.3010128 0.1278094 0.1472737 0.1522380 0.0959085 0.0953144 0.0847000 0.1715811 0.1545289 0.0998677 0.1533763 0.1529463 0.1498347 0.0949459 0.1038337 0.1607725 0.1514087 0.1263920 0.1125684 0.2735272 0.1002250 0.0915521 0.1135053 
Amauria_carterae_99_mesa                   0.0816545 0.0000000 0.0864587 0.2462183 0.1423077 0.1255396 0.1694687 0.2808768 0.1350316 0.0760980 0.1023381 0.1161641 0.1130609 0.1160397 0.0899480 0.1380234 0.1145432 0.1588723 0.1146526 0.1187372 0.1205049 0.1161788 0.1186473 0.1277481 0.1267515 0.1156897 0.1262517 0.1353600 0.1201375 0.0874215 0.3067309 0.0816868 0.0890829 0.0760980 0.1265285 0.1325383 0.1359927 0.1574873 0.1327133 0.1378877 0.1158925 0.1344019 0.1203877 0.1178084 0.1321279 0.1323122 0.1233860 0.1160313 0.1262817 0.1128763 0.1087435 0.1172435 0.1390861 0.1202234 0.1512743 0.1309697 0.1320046 0.1217465 0.1157937 0.1464229 0.1302277 0.1787268 0.1657433 0.1193550 0.1261231 0.1265468 0.1205993 0.1026270 0.0768025 0.1203190 0.1309976 0.0796695 0.1164940 0.1130609 0.1130193 0.1057338 0.1205999 0.1383656 0.1220511 0.1165834 0.1120655 0.1494298 0.0733064 0.0853286 0.1087134 
Amauria_rotundifolia_SRR9119150            0.0867319 0.0864587 0.0000000 0.2658175 0.1305609 0.1172691 0.1873650 0.1758616 0.2147921 0.1442253 0.1848985 0.1336787 0.1362557 0.1250039 0.0922383 0.1362266 0.1194901 0.1804213 0.1185663 0.1296887 0.1459833 0.1124691 0.1096998 0.1487439 0.2422445 0.1419698 0.1500618 0.1445272 0.1416762 0.1077553 0.4010298 0.1183018 0.1246286 0.1206091 0.1364096 0.1320228 0.2607926 0.3844871 0.1502011 0.1375682 0.1356206 0.2099676 0.1303700 0.1116245 0.1205116 0.1457033 0.1315236 0.1639834 0.1439017 0.1375071 0.1404208 0.1448059 0.1364274 0.1335165 0.1471730 0.1047768 0.1068800 0.1452390 0.1397943 0.1225737 0.1187224 0.2035345 0.3530347 0.1355619 0.1368687 0.1398823 0.1205989 0.1296402 0.0726737 0.1478312 0.1487267 0.0844636 0.1450774 0.1427964 0.1377939 0.1137888 0.1382036 0.1474541 0.1215276 0.1327406 0.1108480 0.2882134 0.1148298 0.0813654 0.0959727 
Conoclinium_coelestinum_SRR9119114         0.3407301 0.2462183 0.2658175 0.0000000 0.3274857 0.2049861 0.2217951 0.2300936 0.4182011 0.3400418 0.3490091 0.2679798 0.3552607 0.3569802 0.2081785 0.3702547 0.3665329 0.4325153 0.3255320 0.3548326 0.3714987 0.3594407 0.2155642 0.3768670 0.3690933 0.3602402 0.3629346 0.3600939 0.3677963 0.3335321 0.4301304 0.2741277 0.3573966 0.3418471 0.3658969 0.3762823 0.3572240 0.5872607 0.3759657 0.3774544 0.3590900 0.3937611 0.3347955 0.3523440 0.3405942 0.3761211 0.3837732 0.3601643 0.3437937 0.3637818 0.3157531 0.3706287 0.3713235 0.3631405 0.3803015 0.2728974 0.2655485 0.3638724 0.3553146 0.3802870 0.3577288 0.3306037 0.3741194 0.2753130 0.3702736 0.3529369 0.3496429 0.3533261 0.1325356 0.3668501 0.3772033 0.3387427 0.3614065 0.3583563 0.3572557 0.2113996 0.3531589 0.3496096 0.3573575 0.2731811 0.2230527 0.4162893 0.3465816 0.2270525 0.2716022 
Eutetras_palmeri_63                        0.1024515 0.1423077 0.1305609 0.3274857 0.0000000 0.0136344 0.2515261 0.2147387 0.2758751 0.1386390 0.1888152 0.1423835 0.1576722 0.1551625 0.0936164 0.1588553 0.1489267 0.2336158 0.1521719 0.1599520 0.1609465 0.1527425 0.1086143 0.1712535 0.2320076 0.1594463 0.1627554 0.1635417 0.1652299 0.1372846 0.3967301 0.1749934 0.1198938 0.1437211 0.1615686 0.1508509 0.2660831 0.3978718 0.1614836 0.1585213 0.1654412 0.2874038 0.1584244 0.1430626 0.1539468 0.1641548 0.1684810 0.1626854 0.1781017 0.1622838 0.1552148 0.1630350 0.1611769 0.1627694 0.1646808 0.1223223 0.1256221 0.1628435 0.1619241 0.1475290 0.1854135 0.2255319 0.3495170 0.1494599 0.1639714 0.1630115 0.1126238 0.1141074 0.1044030 0.1862603 0.1705676 0.1239840 0.1598011 0.1618281 0.1627069 0.1008312 0.1306876 0.1704053 0.1515855 0.1492107 0.1283922 0.2913750 0.1405989 0.1331149 0.1241118 
Eutetras_pringlei_149_quer                 0.1093538 0.1255396 0.1172691 0.2049861 0.0136344 0.0000000 0.1469961 0.2600531 0.1220964 0.1215173 0.1056248 0.1566514 0.1526627 0.1607592 0.0762037 0.1823660 0.1536665 0.1722673 0.1578660 0.1646971 0.1623509 0.1569368 0.1279563 0.1697054 0.1584805 0.1526930 0.1578708 0.1661118 0.1619891 0.1374330 0.1865719 0.1492625 0.1119987 0.1215173 0.1666074 0.1627205 0.1621013 0.1659378 0.1748092 0.1821128 0.1607592 0.1572050 0.1618377 0.1577549 0.1698488 0.1789366 0.1706888 0.1526627 0.1699356 0.1650308 0.1497449 0.1575970 0.1623613 0.1618168 0.1720303 0.1620693 0.1539705 0.1654245 0.1526627 0.1831095 0.1253536 0.1843538 0.1011614 0.1691555 0.1701537 0.1536665 0.1170326 0.0869263 0.0941374 0.1617564 0.1656493 0.1215173 0.1526627 0.1526627 0.1566647 0.1069375 0.1130589 0.1641116 0.1568803 0.1609990 0.1473448 0.1381264 0.1253410 0.1455178 0.1631185 
Eutrochium_fistulosum_SRR9119106           0.2511362 0.1694687 0.1873650 0.2217951 0.2515261 0.1469961 0.0000000 0.1593863 0.3238362 0.2553261 0.3030508 0.1960576 0.2753976 0.2792974 0.1308982 0.2767037 0.2649060 0.3398943 0.2718590 0.2738055 0.2774498 0.2571390 0.1263563 0.2810939 0.2839413 0.2755289 0.2761988 0.2666852 0.2835726 0.2938165 0.3862304 0.1988701 0.2583811 0.2753084 0.2778358 0.2715620 0.2610697 0.5682048 0.2821594 0.2803385 0.2717464 0.3182898 0.2431319 0.2538601 0.2535149 0.2822536 0.2938910 0.2756061 0.2622116 0.2849784 0.2297323 0.2754212 0.2734131 0.2736079 0.2998901 0.2047270 0.2014233 0.2771247 0.2754660 0.2609577 0.3244696 0.2627189 0.3174521 0.1995982 0.2852527 0.2668412 0.2888028 0.2816838 0.0971311 0.2791462 0.2842844 0.2477284 0.2750977 0.2772823 0.2738678 0.1419760 0.3354753 0.2734029 0.2632629 0.1979797 0.1633897 0.3196775 0.2554371 0.1710501 0.1531785 
Galeana_pratensis_104_mex                  0.1497752 0.2808768 0.1758616 0.2300936 0.2147387 0.2600531 0.1593863 0.0000000 0.2371412 0.1761803 0.2172672 0.2014558 0.2010974 0.2065241 0.2009660 0.2284982 0.2069699 0.2521040 0.2121019 0.2010460 0.2122159 0.2066598 0.2188049 0.2061979 0.1955154 0.2010974 0.2179589 0.2178774 0.2122419 0.1867565 0.6065792 0.1856979 0.1906037 0.1761803 0.2009660 0.2169159 0.2120779 0.6362103 0.2170608 0.2284982 0.2009660 0.2183817 0.2120779 0.2010974 0.2229065 0.2170608 0.2065672 0.2066650 0.2229065 0.2009660 0.1958845 0.2118336 0.2241453 0.2061057 0.2173401 0.2172503 0.2358812 0.2010384 0.2066598 0.2294418 0.3025830 0.3356148 0.5820980 0.1903361 0.2177904 0.2122419 0.2065027 0.2021775 0.2466159 0.2124898 0.2118336 0.1867565 0.2136639 0.2010974 0.2064304 0.2472132 0.2060417 0.2118370 0.2177668 0.1903361 0.2183616 0.2684861 0.1766137 0.2242587 0.2098567 
Helianthus_annuus_SRR9119062               0.2448193 0.1350316 0.2147921 0.4182011 0.2758751 0.1220964 0.3238362 0.2371412 0.0000000 0.2624718 0.3816555 0.2347115 0.2760547 0.2898269 0.1782764 0.2889805 0.3068727 0.3406457 0.2998159 0.3078883 0.2854532 0.2777197 0.1681778 0.3707752 0.2981664 0.3324685 0.3122752 0.3178522 0.3446974 0.3058263 0.4130200 0.2592467 0.2987989 0.2804114 0.3302382 0.2938428 0.3235717 0.5556142 0.2862965 0.2918728 0.3309711 0.3526945 0.2939460 0.2741772 0.2905932 0.3579983 0.2993169 0.3031743 0.3154483 0.2924058 0.3125561 0.3048030 0.3500213 0.2851039 0.3107703 0.2311140 0.2370673 0.3124801 0.3557452 0.2827317 0.2890427 0.2924126 0.3660470 0.2735770 0.3110751 0.2831529 0.2979339 0.2770088 0.0873858 0.3438634 0.3670947 0.2688946 0.3296984 0.3163254 0.3345202 0.1641342 0.3169173 0.3337541 0.2856913 0.2614381 0.1854149 0.4896315 0.2861689 0.1828738 0.1979432 
Lycapsus_tenuifolius_17                    0.1021482 0.0760980 0.1442253 0.3400418 0.1386390 0.1215173 0.2553261 0.1761803 0.2624718 0.0000000 0.1929614 0.1770109 0.1671839 0.1529637 0.1227118 0.1578979 0.1451161 0.2368287 0.1507879 0.1553234 0.1754615 0.1454084 0.1090868 0.1921892 0.2627383 0.1902881 0.1898267 0.1913853 0.1797989 0.0197339 0.3787252 0.1380034 0.1049347 0.0010468 0.1657023 0.1555698 0.2910312 0.3848327 0.1906932 0.1617359 0.1684401 0.3198126 0.1609037 0.1453897 0.1514433 0.1954544 0.1629840 0.2019592 0.1762527 0.1678661 0.1764974 0.1844464 0.1610774 0.1624888 0.1708678 0.1223854 0.1186690 0.1924315 0.1904438 0.1527251 0.1522930 0.2374488 0.3463406 0.1795255 0.1775610 0.1724946 0.1368001 0.1514665 0.1051779 0.1806934 0.1921358 0.0139197 0.1897499 0.1919062 0.1653106 0.1101130 0.1622967 0.2000053 0.1493502 0.1821700 0.1263834 0.2959942 0.0125966 0.0654557 0.1287809 
Pericome_caudata_50_silver                 0.1268281 0.1023381 0.1848985 0.3490091 0.1888152 0.1056248 0.3030508 0.2172672 0.3816555 0.1929614 0.0000000 0.2031859 0.2205801 0.1669417 0.1035318 0.1955366 0.1741394 0.2559623 0.1455118 0.2099259 0.2084540 0.1753517 0.0991527 0.2258374 0.2107997 0.2190833 0.2158835 0.2116924 0.2253414 0.1357613 0.4300170 0.2312250 0.1920159 0.1857378 0.2166952 0.1913854 0.2600108 0.4474522 0.2111376 0.2005203 0.2218323 0.2940680 0.2017856 0.1734669 0.1829411 0.2316886 0.1798339 0.2180425 0.2074520 0.2028001 0.2199240 0.2156391 0.2063311 0.2215832 0.1933647 0.1210238 0.1148667 0.2239428 0.2218248 0.1742132 0.0974998 0.1920366 0.3452218 0.2064514 0.2151413 0.2132011 0.1331566 0.1433025 0.0886710 0.2028444 0.2269328 0.1294582 0.2215881 0.2173810 0.2182014 0.1095708 0.1456357 0.2160683 0.1553433 0.1912496 0.1142057 0.3855037 0.1980723 0.1184489 0.1226504 
Perityle_aglossa_84_dead_horse             0.1278147 0.1161641 0.1336787 0.2679798 0.1423835 0.1566514 0.1960576 0.2014558 0.2347115 0.1770109 0.2031859 0.0000000 0.0221522 0.0167766 0.0161861 0.0426714 0.0207379 0.2042436 0.0291827 0.0205102 0.0222124 0.0264921 0.0275364 0.0220180 0.1505315 0.0207748 0.0319492 0.0374137 0.0396523 0.1252565 0.4160356 0.1829932 0.1677651 0.1591542 0.0184550 0.0365543 0.1904909 0.2285989 0.0484313 0.0435333 0.0170376 0.1225443 0.0334468 0.0234533 0.0330420 0.0429124 0.0246597 0.0568564 0.0450179 0.0143212 0.0199728 0.0221341 0.0397433 0.0207008 0.0464632 0.0249844 0.0271026 0.0255278 0.0203833 0.0504030 0.1271120 0.1174745 0.2655049 0.0069683 0.0349734 0.0311145 0.1424576 0.1428988 0.0333466 0.0556086 0.0233024 0.1370580 0.0211935 0.0201786 0.0157884 0.0196441 0.1595683 0.0421470 0.0148029 0.0087485 0.0386435 0.3009431 0.1556693 0.1117119 0.0340776 
Perityle_ajoensis_204                      0.1487005 0.1130609 0.1362557 0.3552607 0.1576722 0.1526627 0.2753976 0.2010974 0.2760547 0.1671839 0.2205801 0.0221522 0.0000000 0.0187025 0.0198870 0.0531561 0.0215765 0.2621307 0.0478194 0.0212957 0.0249625 0.0067015 0.0232376 0.0290615 0.0999267 0.0047588 0.0394737 0.0490442 0.0485014 0.1480116 0.4029821 0.1731405 0.1765829 0.1707292 0.0235504 0.0450068 0.1624454 0.2191168 0.0576508 0.0538092 0.0223674 0.1911954 0.0420497 0.0045940 0.0404616 0.0579526 0.0322394 0.0144578 0.0526887 0.0218179 0.0173877 0.0260585 0.0438803 0.0270259 0.0593632 0.0250765 0.0329171 0.0076234 0.0057185 0.0511558 0.1573798 0.1406869 0.2655206 0.0255437 0.0464599 0.0398768 0.1615325 0.1638808 0.0295368 0.0606231 0.0261614 0.1395805 0.0057327 0.0057155 0.0202011 0.0048654 0.1860126 0.0633176 0.0217368 0.0279399 0.0282471 0.3047105 0.1594641 0.1081118 0.0341943 
Perityle_ambrosiifolia_67_green            0.1475537 0.1160397 0.1250039 0.3569802 0.1551625 0.1607592 0.2792974 0.2065241 0.2898269 0.1529637 0.1669417 0.0167766 0.0187025 0.0000000 0.0107802 0.0435821 0.0078800 0.2564140 0.0385764 0.0098237 0.0164779 0.0214126 0.0189651 0.0153617 0.0352522 0.0186924 0.0288922 0.0345671 0.0401666 0.1440518 0.4082247 0.1465919 0.1652915 0.1543134 0.0153591 0.0382321 0.1108136 0.2208340 0.0414263 0.0435374 0.0065324 0.1769416 0.0321999 0.0181553 0.0355435 0.0449076 0.0221036 0.0198190 0.0434828 0.0099441 0.0153211 0.0164510 0.0380096 0.0153516 0.0552833 0.0196312 0.0309297 0.0231631 0.0186991 0.0456186 0.1521463 0.1433279 0.2580965 0.0207145 0.0378624 0.0279857 0.1653005 0.1522527 0.0258040 0.0531618 0.0164667 0.1445877 0.0187614 0.0198120 0.0087293 0.0122132 0.1847827 0.0518104 0.0114959 0.0221227 0.0303266 0.2948274 0.1465713 0.1103145 0.0245657 
Perityle_angustifolia_13_Eagle_creek       0.0948137 0.0899480 0.0922383 0.2081785 0.0936164 0.0762037 0.1308982 0.2009660 0.1782764 0.1227118 0.1035318 0.0161861 0.0198870 0.0107802 0.0000000 0.0364678 0.0107648 0.1857236 0.0267864 0.0089661 0.0180477 0.0217057 0.0184533 0.0143991 0.0219080 0.0198766 0.0217097 0.0162416 0.0291267 0.0981169 0.4148828 0.1101185 0.1287875 0.1227118 0.0143913 0.0308430 0.0238744 0.3352207 0.0310060 0.0346046 0.0107626 0.0180782 0.0198546 0.0180731 0.0253270 0.0328638 0.0217019 0.0198743 0.0308666 0.0143785 0.0182175 0.0143701 0.0272368 0.0107635 0.0384542 0.0154292 0.0218317 0.0253740 0.0198744 0.0441436 0.1081952 0.0336324 0.2496734 0.0198413 0.0309428 0.0198714 0.1035389 0.0914174 0.0260451 0.0143743 0.0162113 0.1281469 0.0217620 0.0198581 0.0107753 0.0134278 0.1072054 0.0217160 0.0125911 0.0162128 0.0316345 0.1672187 0.1210486 0.0994865 0.0316997 
Perityle_batopilensis_97                   0.1564029 0.1380234 0.1362266 0.3702547 0.1588553 0.1823660 0.2767037 0.2284982 0.2889805 0.1578979 0.1955366 0.0426714 0.0531561 0.0435821 0.0364678 0.0000000 0.0391392 0.2893076 0.0471947 0.0474285 0.0497858 0.0535468 0.0445154 0.0519693 0.0690703 0.0520002 0.0505769 0.0453178 0.0306434 0.1573878 0.4464806 0.1537842 0.1764418 0.1645514 0.0461458 0.0545060 0.1326373 0.2585044 0.0571757 0.0062760 0.0451719 0.2079245 0.0384309 0.0507999 0.0412735 0.0593270 0.0549104 0.0531561 0.0502882 0.0467202 0.0424452 0.0460771 0.0561768 0.0471944 0.0503303 0.0449892 0.0483419 0.0565101 0.0520184 0.0286744 0.1556198 0.1543925 0.2676278 0.0452775 0.0306377 0.0531875 0.1664546 0.1560972 0.0445860 0.0795048 0.0532555 0.1601259 0.0521895 0.0531374 0.0441322 0.0397684 0.1889015 0.0593888 0.0464676 0.0455609 0.0381092 0.3077894 0.1517075 0.1312028 0.0459274 
Perityle_bisetosa_9                        0.1474113 0.1145432 0.1194901 0.3665329 0.1489267 0.1536665 0.2649060 0.2069699 0.3068727 0.1451161 0.1741394 0.0207379 0.0215765 0.0078800 0.0107648 0.0391392 0.0000000 0.2639047 0.0398481 0.0186045 0.0132902 0.0292584 0.0145491 0.0300577 0.0215219 0.0331190 0.0344757 0.0455430 0.0540298 0.1432183 0.4158704 0.1746508 0.1657414 0.1503123 0.0278663 0.0382622 0.0947176 0.2255074 0.0405024 0.0394119 0.0249164 0.1600581 0.0352688 0.0208876 0.0361496 0.0601396 0.0202961 0.0331236 0.0537145 0.0102676 0.0308525 0.0280118 0.0474682 0.0160311 0.0503325 0.0176994 0.0287378 0.0375244 0.0331297 0.0456698 0.1504566 0.1306277 0.2583232 0.0336417 0.0510471 0.0272339 0.1548803 0.1490246 0.0183314 0.0570582 0.0322024 0.1435450 0.0342667 0.0341543 0.0279779 0.0122250 0.1791904 0.0602825 0.0124974 0.0324825 0.0300424 0.3364577 0.1461042 0.1050623 0.0235067 
Perityle_californica_76_positas            0.2399572 0.1588723 0.1804213 0.4325153 0.2336158 0.1722673 0.3398943 0.2521040 0.3406457 0.2368287 0.2559623 0.2042436 0.2621307 0.2564140 0.1857236 0.2893076 0.2639047 0.0000000 0.2624696 0.2673771 0.2695261 0.2681616 0.1659483 0.2732266 0.2740056 0.2658551 0.2706448 0.2753013 0.2721502 0.2548199 0.4748433 0.1904028 0.2440415 0.2360307 0.2692307 0.2790338 0.2483888 0.5543707 0.2861578 0.2867000 0.2654697 0.3044642 0.2502544 0.2667298 0.2551390 0.2918936 0.2776165 0.2640827 0.2574247 0.2581486 0.2214928 0.2690188 0.2709681 0.2673529 0.3045733 0.2080023 0.1895202 0.2671627 0.2641076 0.2865609 0.2777482 0.2492323 0.4376079 0.2062574 0.2758467 0.2628750 0.2417135 0.2370266 0.1538461 0.2591064 0.2706426 0.2345382 0.2665348 0.2620113 0.2640642 0.1530673 0.2480259 0.2762252 0.2738734 0.2025182 0.1818354 0.1477083 0.2369658 0.1745094 0.2023306 
Perityle_canescens_77                      0.1551991 0.1146526 0.1185663 0.3255320 0.1521719 0.1578660 0.2718590 0.2121019 0.2998159 0.1507879 0.1455118 0.0291827 0.0478194 0.0385764 0.0267864 0.0471947 0.0398481 0.2624696 0.0000000 0.0400510 0.0428941 0.0540254 0.0358904 0.0478322 0.0509282 0.0509037 0.0413883 0.0429415 0.0473046 0.1495179 0.4210230 0.1238553 0.1709740 0.1507879 0.0474713 0.0569251 0.0816933 0.2170677 0.0474094 0.0456279 0.0400510 0.1978191 0.0332945 0.0503478 0.0363024 0.0489345 0.0536210 0.0509147 0.0363595 0.0388770 0.0349844 0.0412988 0.0522062 0.0458817 0.0658862 0.0322812 0.0345373 0.0539870 0.0509285 0.0568687 0.1660585 0.1449100 0.2463555 0.0348124 0.0488092 0.0464974 0.1625136 0.1463680 0.0408465 0.0442497 0.0493589 0.1469486 0.0510897 0.0478194 0.0370623 0.0322235 0.1678509 0.0568193 0.0462751 0.0329815 0.0402525 0.2541435 0.1438223 0.1196427 0.0330672 
Perityle_castillonii_96                    0.1496183 0.1187372 0.1296887 0.3548326 0.1599520 0.1646971 0.2738055 0.2010460 0.3078883 0.1553234 0.2099259 0.0205102 0.0212957 0.0098237 0.0089661 0.0474285 0.0186045 0.2673771 0.0400510 0.0000000 0.0199533 0.0223752 0.0231928 0.0175381 0.0599274 0.0215113 0.0357278 0.0410655 0.0467904 0.1421989 0.4207456 0.1898758 0.1760480 0.1596234 0.0185382 0.0389146 0.1273667 0.2233800 0.0502693 0.0492459 0.0096651 0.1777473 0.0397479 0.0185104 0.0366303 0.0499519 0.0253955 0.0225165 0.0498908 0.0117484 0.0197733 0.0204968 0.0380882 0.0182221 0.0556613 0.0214101 0.0328531 0.0254936 0.0215181 0.0459166 0.1544482 0.1403356 0.2533748 0.0225628 0.0447246 0.0341350 0.1653672 0.1558649 0.0220574 0.0527203 0.0165849 0.1443757 0.0215819 0.0225093 0.0155663 0.0171098 0.1897170 0.0552068 0.0124789 0.0249781 0.0343891 0.3058217 0.1505785 0.1123236 0.0220190 
Perityle_cernua_84                         0.1472024 0.1205049 0.1459833 0.3714987 0.1609465 0.1623509 0.2774498 0.2122159 0.2854532 0.1754615 0.2084540 0.0222124 0.0249625 0.0164779 0.0180477 0.0497858 0.0132902 0.2695261 0.0428941 0.0199533 0.0000000 0.0258817 0.0187962 0.0251433 0.1182342 0.0231753 0.0343238 0.0436279 0.0463667 0.1451613 0.4095069 0.1623189 0.1776860 0.1697517 0.0200008 0.0425029 0.1733795 0.2039247 0.0557155 0.0501278 0.0187383 0.2096017 0.0394570 0.0215103 0.0394874 0.0546673 0.0185989 0.0429472 0.0507064 0.0176054 0.0162934 0.0191658 0.0418218 0.0215356 0.0589247 0.0212950 0.0306964 0.0271125 0.0241754 0.0485172 0.1557254 0.1380266 0.2665434 0.0267120 0.0443350 0.0351772 0.1670430 0.1607857 0.0296147 0.0541909 0.0252022 0.1453037 0.0232504 0.0241624 0.0146161 0.0171766 0.1904605 0.0599095 0.0182636 0.0291207 0.0362128 0.3233351 0.1610060 0.1116447 0.0325141 
Perityle_cfvillosa_25_tin                  0.1484328 0.1161788 0.1124691 0.3594407 0.1527425 0.1569368 0.2571390 0.2066598 0.2777197 0.1454084 0.1753517 0.0264921 0.0067015 0.0214126 0.0217057 0.0535468 0.0292584 0.2681616 0.0540254 0.0223752 0.0258817 0.0000000 0.0275431 0.0304282 0.0357455 0.0088823 0.0422406 0.0446036 0.0526241 0.1412544 0.4093323 0.1691323 0.1611437 0.1462176 0.0292650 0.0462634 0.0810260 0.2609101 0.0563071 0.0564150 0.0235018 0.1562762 0.0406754 0.0092182 0.0466390 0.0563210 0.0359829 0.0088836 0.0514668 0.0229135 0.0204865 0.0257951 0.0457964 0.0294816 0.0609798 0.0305682 0.0388889 0.0133655 0.0066525 0.0563521 0.1547884 0.1453259 0.2716045 0.0292060 0.0490518 0.0416593 0.1610177 0.1499690 0.0333056 0.0323499 0.0270517 0.1397452 0.0100378 0.0100027 0.0235273 0.0097635 0.1770691 0.0588605 0.0271358 0.0278793 0.0344494 0.2645123 0.1435065 0.1170091 0.0377100 
Perityle_cinerea_113_Powell1310            0.1038026 0.1186473 0.1096998 0.2155642 0.1086143 0.1279563 0.1263563 0.2188049 0.1681778 0.1090868 0.0991527 0.0275364 0.0232376 0.0189651 0.0184533 0.0445154 0.0145491 0.1659483 0.0358904 0.0231928 0.0187962 0.0275431 0.0000000 0.0297431 0.0272624 0.0232376 0.0294331 0.0315678 0.0359216 0.1203262 0.4293357 0.1087124 0.1329569 0.1090868 0.0294447 0.0380200 0.0337246 0.2243574 0.0380964 0.0422902 0.0189470 0.0233189 0.0294034 0.0232828 0.0379290 0.0380766 0.0272806 0.0253903 0.0379395 0.0210883 0.0230017 0.0187518 0.0316095 0.0251137 0.0415843 0.0315271 0.0352816 0.0318434 0.0253905 0.0491445 0.1317787 0.0847236 0.2561074 0.0318833 0.0402269 0.0251457 0.1160298 0.0970954 0.0183535 0.0103668 0.0275816 0.1113683 0.0276268 0.0232376 0.0189603 0.0296584 0.1136045 0.0394535 0.0232479 0.0275896 0.0338536 0.1566437 0.1068416 0.1137187 0.0277185 
Perityle_coahuilensis_24                   0.1538402 0.1277481 0.1487439 0.3768670 0.1712535 0.1697054 0.2810939 0.2061979 0.3707752 0.1921892 0.2258374 0.0220180 0.0290615 0.0153617 0.0143991 0.0519693 0.0300577 0.2732266 0.0478322 0.0175381 0.0251433 0.0304282 0.0297431 0.0000000 0.1385607 0.0275756 0.0388741 0.0473829 0.0580793 0.1514806 0.4213184 0.1976508 0.1853730 0.1789452 0.0229112 0.0422173 0.1674797 0.2130988 0.0588094 0.0549047 0.0155191 0.1885927 0.0439118 0.0268105 0.0422531 0.0609788 0.0310816 0.0562736 0.0518240 0.0165288 0.0286347 0.0273518 0.0475759 0.0270316 0.0616448 0.0287705 0.0409289 0.0291283 0.0284623 0.0524231 0.1601813 0.1553944 0.2634374 0.0250163 0.0465934 0.0392390 0.1678676 0.1681640 0.0295787 0.0611649 0.0095481 0.1513745 0.0289075 0.0277814 0.0228540 0.0246584 0.1929322 0.0571905 0.0194097 0.0267441 0.0407546 0.4288392 0.1686591 0.1147852 0.0289779 
Perityle_cochisensis_44_cave_creek         0.1554165 0.1267515 0.2422445 0.3690933 0.2320076 0.1584805 0.2839413 0.1955154 0.2981664 0.2627383 0.2107997 0.1505315 0.0999267 0.0352522 0.0219080 0.0690703 0.0215219 0.2740056 0.0509282 0.0599274 0.1182342 0.0357455 0.0272624 0.1385607 0.0000000 0.1363955 0.1373317 0.1227326 0.1489297 0.1490007 0.3974820 0.2490088 0.2218498 0.2177155 0.0932333 0.0601557 0.2231313 0.2872401 0.1416922 0.0788852 0.1014029 0.2357457 0.1067310 0.0311453 0.0512057 0.1442490 0.0460138 0.1199341 0.1264527 0.0853212 0.1394811 0.1266479 0.0725310 0.0751177 0.0754213 0.0214445 0.0385565 0.1411419 0.1365110 0.0570379 0.1688563 0.1496867 0.2527974 0.1560119 0.1453620 0.1117954 0.1810168 0.2550656 0.0333615 0.0714799 0.1292670 0.1498254 0.1283597 0.1272152 0.1028636 0.0171708 0.2073637 0.1605093 0.0283634 0.1555549 0.0406777 0.3644720 0.2270019 0.1083719 0.0383056 
Perityle_congesta_202                      0.1515404 0.1156897 0.1419698 0.3602402 0.1594463 0.1526930 0.2755289 0.2010974 0.3324685 0.1902881 0.2190833 0.0207748 0.0047588 0.0186924 0.0198766 0.0520002 0.0331190 0.2658551 0.0509037 0.0215113 0.0231753 0.0088823 0.0232376 0.0275756 0.1363955 0.0000000 0.0392202 0.0475041 0.0488513 0.1497868 0.4029821 0.1914863 0.1807208 0.1750523 0.0221046 0.0433322 0.1762413 0.2117810 0.0568558 0.0526616 0.0230452 0.1897620 0.0418032 0.0045914 0.0411198 0.0549251 0.0322217 0.0332139 0.0519833 0.0207521 0.0198615 0.0264612 0.0415493 0.0259925 0.0593291 0.0287232 0.0348827 0.0063681 0.0034732 0.0511239 0.1599337 0.1435116 0.2601384 0.0239010 0.0429648 0.0382034 0.1621320 0.1663910 0.0295368 0.0606998 0.0277737 0.1446594 0.0046025 0.0048194 0.0237285 0.0048654 0.1891315 0.0546664 0.0217245 0.0249763 0.0302910 0.4031111 0.1638839 0.1147320 0.0341654 
Perityle_cordifolia_27                     0.1510994 0.1262517 0.1500618 0.3629346 0.1627554 0.1578708 0.2761988 0.2179589 0.3122752 0.1898267 0.2158835 0.0319492 0.0394737 0.0288922 0.0217097 0.0505769 0.0344757 0.2706448 0.0413883 0.0357278 0.0343238 0.0422406 0.0294331 0.0388741 0.1373317 0.0392202 0.0000000 0.0445496 0.0505777 0.1524299 0.4091881 0.1966460 0.1800651 0.1782717 0.0353431 0.0378109 0.1892412 0.2246935 0.0517704 0.0523810 0.0339990 0.2191292 0.0396717 0.0376545 0.0377259 0.0512229 0.0389831 0.0731186 0.0542447 0.0339008 0.0366817 0.0375091 0.0216737 0.0343776 0.0576879 0.0213486 0.0287390 0.0442788 0.0388440 0.0508339 0.1477530 0.1436368 0.2478375 0.0362361 0.0450445 0.0124093 0.1638467 0.1604441 0.0295284 0.0659577 0.0397751 0.1537362 0.0396806 0.0406409 0.0327300 0.0246658 0.1839435 0.0576147 0.0323406 0.0378157 0.0300016 0.3484674 0.1678957 0.1205729 0.0286940 
Perityle_cordifolia_68_tecolote            0.1483527 0.1353600 0.1445272 0.3600939 0.1635417 0.1661118 0.2666852 0.2178774 0.3178522 0.1913853 0.2116924 0.0374137 0.0490442 0.0345671 0.0162416 0.0453178 0.0455430 0.2753013 0.0429415 0.0410655 0.0436279 0.0446036 0.0315678 0.0473829 0.1227326 0.0475041 0.0445496 0.0000000 0.0540088 0.1564540 0.4373097 0.1900695 0.1787957 0.1741818 0.0414445 0.0446527 0.1637757 0.2428373 0.0522479 0.0482706 0.0405444 0.1827383 0.0368583 0.0401177 0.0355260 0.0533516 0.0446917 0.0769529 0.0483167 0.0395663 0.0379253 0.0438616 0.0446874 0.0420035 0.0580443 0.0087956 0.0287524 0.0505309 0.0475171 0.0535693 0.1643727 0.1382021 0.2584101 0.0416861 0.0504394 0.0454713 0.1653067 0.1664389 0.0371886 0.0686221 0.0466217 0.1525540 0.0485251 0.0493463 0.0411129 0.0221364 0.1887389 0.0577413 0.0359189 0.0418636 0.0382852 0.3713516 0.1696527 0.1160678 0.0322164 
Perityle_coronopifolia_28_patagonia        0.1538358 0.1201375 0.1416762 0.3677963 0.1652299 0.1619891 0.2835726 0.2122419 0.3446974 0.1797989 0.2253414 0.0396523 0.0485014 0.0401666 0.0291267 0.0306434 0.0540298 0.2721502 0.0473046 0.0467904 0.0463667 0.0526241 0.0359216 0.0580793 0.1489297 0.0488513 0.0505777 0.0540088 0.0000000 0.1536717 0.4235178 0.1909301 0.1862360 0.1756000 0.0437626 0.0517734 0.1694549 0.2352863 0.0594895 0.0303793 0.0452872 0.2064028 0.0404592 0.0472879 0.0396585 0.0623833 0.0549841 0.0656974 0.0525966 0.0436002 0.0443168 0.0461676 0.0589362 0.0457592 0.0493052 0.0432192 0.0464368 0.0510133 0.0504515 0.0342043 0.1609068 0.1406883 0.2606876 0.0438547 0.0084767 0.0479805 0.1618270 0.1529216 0.0333523 0.0849463 0.0557754 0.1566017 0.0495905 0.0468856 0.0467777 0.0297009 0.1816565 0.0590824 0.0441113 0.0406949 0.0198372 0.3922908 0.1704835 0.1269500 0.0337814 
Perityle_crassifolia_70_ventanas           0.1075424 0.0874215 0.1077553 0.3335321 0.1372846 0.1374330 0.2938165 0.1867565 0.3058263 0.0197339 0.1357613 0.1252565 0.1480116 0.1440518 0.0981169 0.1573878 0.1432183 0.2548199 0.1495179 0.1421989 0.1451613 0.1412544 0.1203262 0.1514806 0.1490007 0.1497868 0.1524299 0.1564540 0.1536717 0.0000000 0.3981056 0.1068953 0.1091676 0.0197339 0.1448520 0.1547245 0.1933399 0.2832313 0.1561719 0.1574363 0.1439193 0.2925115 0.1374927 0.1430319 0.1463965 0.1618030 0.1541121 0.1517049 0.1466615 0.1414868 0.1328433 0.1429631 0.1583525 0.1448622 0.1681506 0.1307211 0.1275579 0.1532949 0.1498846 0.1496836 0.1600022 0.2374710 0.3238834 0.1254997 0.1499948 0.1543288 0.1507278 0.1290777 0.1134789 0.1525571 0.1497141 0.0085342 0.1506466 0.1518331 0.1422660 0.1244382 0.1543891 0.1635614 0.1494993 0.1278531 0.1272981 0.2651140 0.0105729 0.0780062 0.1261111 
Perityle_crassifolia_74_playa_balandra     0.3416851 0.3067309 0.4010298 0.4301304 0.3967301 0.1865719 0.3862304 0.6065792 0.4130200 0.3787252 0.4300170 0.4160356 0.4029821 0.4082247 0.4148828 0.4464806 0.4158704 0.4748433 0.4210230 0.4207456 0.4095069 0.4093323 0.4293357 0.4213184 0.3974820 0.4029821 0.4091881 0.4373097 0.4235178 0.3981056 0.0000000 0.4088468 0.3958973 0.3787252 0.4148828 0.3964302 0.4147219 0.5682094 0.4158942 0.4398565 0.4204511 0.4160322 0.4147219 0.4029821 0.4267540 0.4158942 0.4093323 0.4094901 0.4267540 0.4148828 0.4100238 0.4207939 0.4178918 0.4158942 0.4091881 0.4167424 0.4197893 0.4084998 0.4029821 0.4291534 0.3848941 0.3779521 0.5849152 0.4044915 0.4233523 0.4091881 0.4052209 0.3912743 0.2983372 0.4279449 0.4084998 0.3981056 0.4170448 0.4029821 0.4090475 0.3924188 0.4052209 0.4204511 0.4159221 0.4044915 0.4167400 0.4068029 0.3921915 0.4080088 0.3532678 
Perityle_cuneata_34_cuneata_San_antonio    0.1464628 0.0816868 0.1183018 0.2741277 0.1749934 0.1492625 0.1988701 0.1856979 0.2592467 0.1380034 0.2312250 0.1829932 0.1731405 0.1465919 0.1101185 0.1537842 0.1746508 0.1904028 0.1238553 0.1898758 0.1623189 0.1691323 0.1087124 0.1976508 0.2490088 0.1914863 0.1966460 0.1900695 0.1909301 0.1068953 0.4088468 0.0000000 0.1553153 0.1022976 0.1920518 0.1729708 0.3375711 0.3846773 0.1577420 0.1521838 0.1958672 0.2873225 0.1828358 0.1535464 0.1698587 0.1856684 0.1551920 0.2275559 0.1946816 0.1584696 0.1835784 0.1919018 0.1938991 0.1743671 0.1680777 0.1126340 0.1155770 0.1951106 0.1903629 0.1588141 0.1378516 0.2006982 0.3618864 0.1859669 0.1885095 0.1821625 0.1701259 0.1613348 0.1051986 0.2227134 0.2054022 0.0683029 0.1978223 0.1966019 0.1881593 0.1099019 0.1485451 0.1976569 0.1478273 0.1856043 0.1216594 0.3184519 0.1353534 0.0230073 0.1373928 
Perityle_cuneata_4                         0.0978485 0.0890829 0.1246286 0.3573966 0.1198938 0.1119987 0.2583811 0.1906037 0.2987989 0.1049347 0.1920159 0.1677651 0.1765829 0.1652915 0.1287875 0.1764418 0.1657414 0.2440415 0.1709740 0.1760480 0.1776860 0.1611437 0.1329569 0.1853730 0.2218498 0.1807208 0.1800651 0.1787957 0.1862360 0.1091676 0.3958973 0.1553153 0.0000000 0.1117070 0.1793939 0.1648928 0.2546914 0.4166243 0.1860113 0.1814560 0.1814400 0.3215097 0.1749714 0.1587442 0.1709097 0.1941159 0.1799001 0.1820429 0.1923515 0.1799013 0.1735071 0.1781079 0.1823656 0.1817688 0.1951245 0.1411137 0.1506387 0.1817263 0.1783306 0.1627667 0.1462976 0.2577528 0.3703525 0.1744483 0.1850490 0.1798621 0.1242529 0.1329173 0.1223640 0.2016963 0.1871737 0.0886035 0.1826266 0.1819926 0.1791531 0.1235684 0.1470048 0.1910001 0.1694592 0.1755242 0.1451176 0.3064952 0.0995489 0.0873032 0.1382835 
Perityle_discoidea_81                      0.1095065 0.0760980 0.1206091 0.3418471 0.1437211 0.1215173 0.2753084 0.1761803 0.2804114 0.0010468 0.1857378 0.1591542 0.1707292 0.1543134 0.1227118 0.1645514 0.1503123 0.2360307 0.1507879 0.1596234 0.1697517 0.1462176 0.1090868 0.1789452 0.2177155 0.1750523 0.1782717 0.1741818 0.1756000 0.0197339 0.3787252 0.1022976 0.1117070 0.0000000 0.1684213 0.1633261 0.2744425 0.3719341 0.1764594 0.1658065 0.1718638 0.3234997 0.1667369 0.1477694 0.1569514 0.1819788 0.1651330 0.1705312 0.1769782 0.1672029 0.1569153 0.1670957 0.1685566 0.1644812 0.1755642 0.1223854 0.1186690 0.1774796 0.1752137 0.1592175 0.1522930 0.2374488 0.3312888 0.1620824 0.1743792 0.1782995 0.1426079 0.1367450 0.1051779 0.1870959 0.1762098 0.0139197 0.1743941 0.1764627 0.1666358 0.1101130 0.1622967 0.1864675 0.1528968 0.1646780 0.1263834 0.2773039 0.0116013 0.0654557 0.1364791 
Perityle_dissecta_201                      0.1517077 0.1265285 0.1364096 0.3658969 0.1615686 0.1666074 0.2778358 0.2009660 0.3302382 0.1657023 0.2166952 0.0184550 0.0235504 0.0153591 0.0143913 0.0461458 0.0278663 0.2692307 0.0474713 0.0185382 0.0200008 0.0292650 0.0294447 0.0229112 0.0932333 0.0221046 0.0353431 0.0414445 0.0437626 0.1448520 0.4148828 0.1920518 0.1793939 0.1684213 0.0000000 0.0409145 0.1393485 0.2048077 0.0525368 0.0468473 0.0185605 0.1712348 0.0392000 0.0244298 0.0386809 0.0524174 0.0275339 0.0242075 0.0467637 0.0165424 0.0195698 0.0189505 0.0395705 0.0118137 0.0589369 0.0249130 0.0346370 0.0255603 0.0229836 0.0469424 0.1635796 0.1437862 0.2679567 0.0200872 0.0437339 0.0327948 0.1621436 0.1626657 0.0371765 0.0565576 0.0229226 0.1452370 0.0230368 0.0226953 0.0194442 0.0196519 0.1856522 0.0552663 0.0182515 0.0217746 0.0403622 0.3675671 0.1627287 0.1160759 0.0339093 
Perityle_emoryi_47_punta_san_jose          0.1491442 0.1325383 0.1320228 0.3762823 0.1508509 0.1627205 0.2715620 0.2169159 0.2938428 0.1555698 0.1913854 0.0365543 0.0450068 0.0382321 0.0308430 0.0545060 0.0382622 0.2790338 0.0569251 0.0389146 0.0425029 0.0462634 0.0380200 0.0422173 0.0601557 0.0433322 0.0378109 0.0446527 0.0517734 0.1547245 0.3964302 0.1729708 0.1648928 0.1633261 0.0409145 0.0000000 0.1273600 0.2465573 0.0593584 0.0548759 0.0367313 0.1899525 0.0430929 0.0431056 0.0450532 0.0573691 0.0460927 0.0444481 0.0561494 0.0403782 0.0379420 0.0376182 0.0421564 0.0392465 0.0653496 0.0303743 0.0406133 0.0444166 0.0433471 0.0557129 0.1508717 0.1466423 0.2717918 0.0378119 0.0507103 0.0407382 0.1590834 0.1479317 0.0408904 0.0679538 0.0434344 0.1558254 0.0434861 0.0444329 0.0357117 0.0347220 0.1836011 0.0664509 0.0408290 0.0380436 0.0444964 0.3096281 0.1509718 0.1291538 0.0355651 
Perityle_feddemae_99                       0.1898944 0.1359927 0.2607926 0.3572240 0.2660831 0.1621013 0.2610697 0.2120779 0.3235717 0.2910312 0.2600108 0.1904909 0.1624454 0.1108136 0.0238744 0.1326373 0.0947176 0.2483888 0.0816933 0.1273667 0.1733795 0.0810260 0.0337246 0.1674797 0.2231313 0.1762413 0.1892412 0.1637757 0.1694549 0.1933399 0.4147219 0.3375711 0.2546914 0.2744425 0.1393485 0.1273600 0.0000000 0.4255223 0.1991470 0.1457794 0.1434537 0.2229574 0.1310111 0.0670633 0.0823517 0.1769432 0.1195323 0.1760769 0.1345230 0.1482423 0.1757957 0.1751250 0.1274618 0.1406827 0.1387471 0.0286067 0.0365953 0.1875742 0.1762959 0.0512179 0.1539855 0.1204339 0.2547011 0.1740732 0.1734302 0.1667693 0.2128850 0.2779209 0.0333377 0.0957228 0.1697557 0.1475910 0.1768168 0.1786408 0.1481281 0.0246835 0.2732723 0.1778873 0.0801714 0.1731521 0.0402874 0.3913871 0.2636780 0.1250227 0.0342553 
Perityle_fosteri_93                        0.3619909 0.1574873 0.3844871 0.5872607 0.3978718 0.1659378 0.5682048 0.6362103 0.5556142 0.3848327 0.4474522 0.2285989 0.2191168 0.2208340 0.3352207 0.2585044 0.2255074 0.5543707 0.2170677 0.2233800 0.2039247 0.2609101 0.2243574 0.2130988 0.2872401 0.2117810 0.2246935 0.2428373 0.2352863 0.2832313 0.5682094 0.3846773 0.4166243 0.3719341 0.2048077 0.2465573 0.4255223 0.0000000 0.2514014 0.2520019 0.2045563 0.4854868 0.2385241 0.2634273 0.2593977 0.2543550 0.2346639 0.2290808 0.2474894 0.2027083 0.2117578 0.2064075 0.2488789 0.2151710 0.2710637 0.2297562 0.1963428 0.2147148 0.2147143 0.2999784 0.1709848 0.1938242 0.3167756 0.2346676 0.2339000 0.2263620 0.4187470 0.3798689 0.0072902 0.2811412 0.2093582 0.3940216 0.2111580 0.2145757 0.1955408 0.1398581 0.3841731 0.2645476 0.2437369 0.2392559 0.2692808 0.5975006 0.3762601 0.3460298 0.3984575 
Perityle_gamon_221                         0.1541906 0.1327133 0.1502011 0.3759657 0.1614836 0.1748092 0.2821594 0.2170608 0.2862965 0.1906932 0.2111376 0.0484313 0.0576508 0.0414263 0.0310060 0.0571757 0.0405024 0.2861578 0.0474094 0.0502693 0.0557155 0.0563071 0.0380964 0.0588094 0.1416922 0.0568558 0.0517704 0.0522479 0.0594895 0.1561719 0.4158942 0.1577420 0.1860113 0.1764594 0.0525368 0.0593584 0.1991470 0.2514014 0.0000000 0.0576838 0.0518803 0.2231701 0.0445292 0.0523410 0.0438308 0.0099807 0.0539444 0.0919528 0.0587976 0.0492220 0.0498324 0.0536574 0.0582908 0.0494333 0.0552064 0.0322545 0.0405485 0.0617833 0.0578404 0.0627904 0.1662093 0.1435719 0.2691026 0.0517215 0.0565924 0.0537534 0.1657575 0.1687059 0.0448402 0.0808236 0.0593325 0.1589119 0.0581982 0.0582484 0.0493252 0.0348039 0.1834395 0.0584270 0.0466204 0.0531019 0.0423694 0.3424493 0.1677452 0.1162699 0.0462137 
Perityle_gentryi_8_san_francisco           0.1575292 0.1378877 0.1375682 0.3774544 0.1585213 0.1821128 0.2803385 0.2284982 0.2918728 0.1617359 0.2005203 0.0435333 0.0538092 0.0435374 0.0346046 0.0062760 0.0394119 0.2867000 0.0456279 0.0492459 0.0501278 0.0564150 0.0422902 0.0549047 0.0788852 0.0526616 0.0523810 0.0482706 0.0303793 0.1574363 0.4398565 0.1521838 0.1814560 0.1658065 0.0468473 0.0548759 0.1457794 0.2520019 0.0576838 0.0000000 0.0470006 0.2179215 0.0403510 0.0511838 0.0392668 0.0599273 0.0548537 0.0538092 0.0521649 0.0482217 0.0432259 0.0467782 0.0572649 0.0489672 0.0503091 0.0430848 0.0462871 0.0571375 0.0526799 0.0276273 0.1553669 0.1485049 0.2646628 0.0448077 0.0303738 0.0549779 0.1662846 0.1559518 0.0407756 0.0813590 0.0550476 0.1601716 0.0528518 0.0537904 0.0437456 0.0371743 0.1870427 0.0600358 0.0464180 0.0450853 0.0360186 0.3103581 0.1543267 0.1311074 0.0464294 
Perityle_gilensis_22_Superstition          0.1482563 0.1158925 0.1356206 0.3590900 0.1654412 0.1607592 0.2717464 0.2009660 0.3309711 0.1684401 0.2218323 0.0170376 0.0223674 0.0065324 0.0107626 0.0451719 0.0249164 0.2654697 0.0400510 0.0096651 0.0187383 0.0235018 0.0189470 0.0155191 0.1014029 0.0230452 0.0339990 0.0405444 0.0452872 0.1439193 0.4204511 0.1958672 0.1814400 0.1718638 0.0185605 0.0367313 0.1434537 0.2045563 0.0518803 0.0470006 0.0000000 0.1736989 0.0367364 0.0196741 0.0344159 0.0543694 0.0242564 0.0248234 0.0462351 0.0102623 0.0198080 0.0196553 0.0370859 0.0198730 0.0555974 0.0196153 0.0309025 0.0233154 0.0238624 0.0471753 0.1494953 0.1431526 0.2539933 0.0221539 0.0413377 0.0324003 0.1626163 0.1652960 0.0220574 0.0546939 0.0114144 0.1443548 0.0239509 0.0212394 0.0188235 0.0121997 0.1864119 0.0540432 0.0124725 0.0211527 0.0302987 0.3682717 0.1642470 0.1102110 0.0254463 
Perityle_gilensis_salensis_225             0.2624358 0.1344019 0.2099676 0.3937611 0.2874038 0.1572050 0.3182898 0.2183817 0.3526945 0.3198126 0.2940680 0.1225443 0.1911954 0.1769416 0.0180782 0.2079245 0.1600581 0.3044642 0.1978191 0.1777473 0.2096017 0.1562762 0.0233189 0.1885927 0.2357457 0.1897620 0.2191292 0.1827383 0.2064028 0.2925115 0.4160322 0.2873225 0.3215097 0.3234997 0.1712348 0.1899525 0.2229574 0.4854868 0.2231701 0.2179215 0.1736989 0.0000000 0.1928553 0.1512791 0.1671400 0.2055836 0.1816811 0.1749264 0.1854570 0.1957190 0.1587483 0.1858310 0.1849938 0.1897072 0.2170163 0.0723986 0.0824886 0.2026027 0.1885942 0.1402524 0.2681421 0.1592707 0.2607463 0.1159217 0.2032361 0.2039231 0.2621562 0.2878607 0.0334595 0.1322766 0.1752161 0.2294084 0.1798230 0.1781621 0.1784980 0.0221945 0.3272641 0.2107566 0.1580292 0.1090416 0.0387198 0.4038855 0.2969832 0.1241254 0.0307262 
Perityle_glaucescens_94                    0.1410034 0.1203877 0.1303700 0.3347955 0.1584244 0.1618377 0.2431319 0.2120779 0.2939460 0.1609037 0.2017856 0.0334468 0.0420497 0.0321999 0.0198546 0.0384309 0.0352688 0.2502544 0.0332945 0.0397479 0.0394570 0.0406754 0.0294034 0.0439118 0.1067310 0.0418032 0.0396717 0.0368583 0.0404592 0.1374927 0.4147219 0.1828358 0.1749714 0.1667369 0.0392000 0.0430929 0.1310111 0.2385241 0.0445292 0.0403510 0.0367364 0.1928553 0.0000000 0.0360301 0.0063521 0.0466460 0.0402587 0.0488490 0.0164702 0.0372260 0.0363290 0.0374810 0.0475858 0.0375718 0.0499062 0.0249315 0.0267510 0.0459157 0.0418167 0.0440797 0.1427417 0.1173222 0.2540169 0.0368369 0.0384352 0.0404632 0.1524075 0.1399018 0.0295086 0.0592905 0.0429695 0.1436259 0.0419430 0.0428382 0.0346506 0.0196543 0.1661078 0.0485983 0.0309706 0.0358861 0.0319665 0.2897252 0.1589676 0.1181467 0.0268567 
Perityle_gracilis_11                       0.1442777 0.1178084 0.1116245 0.3523440 0.1430626 0.1577549 0.2538601 0.2010974 0.2741772 0.1453897 0.1734669 0.0234533 0.0045940 0.0181553 0.0180731 0.0507999 0.0208876 0.2667298 0.0503478 0.0185104 0.0215103 0.0092182 0.0232828 0.0268105 0.0311453 0.0045914 0.0376545 0.0401177 0.0472879 0.1430319 0.4029821 0.1535464 0.1587442 0.1477694 0.0244298 0.0431056 0.0670633 0.2634273 0.0523410 0.0511838 0.0196741 0.1512791 0.0360301 0.0000000 0.0422213 0.0535354 0.0329542 0.0045921 0.0496881 0.0196371 0.0175061 0.0220372 0.0413060 0.0256023 0.0609080 0.0269678 0.0349940 0.0080572 0.0045931 0.0513058 0.1605754 0.1428695 0.2631289 0.0262731 0.0448320 0.0367878 0.1530014 0.1406381 0.0296372 0.0250351 0.0245178 0.1433034 0.0057543 0.0057453 0.0185212 0.0048763 0.1705942 0.0559687 0.0227714 0.0248911 0.0303917 0.2502575 0.1404304 0.1106552 0.0342813 
