86
Amauria_brandeegeana_62                    0.0000000 0.1124170 0.1134747 0.1971220 0.0793684 0.0836110 0.2048509 0.2677252 0.3178697 0.0919175 0.2014839 0.1563377 0.1810990 0.1357710 0.2057886 0.2196363 0.1925996 0.2281510 0.1052579 0.1878169 0.2461587 0.2030414 0.1262946 0.2219912 0.1330441 0.1745159 0.1045926 0.2045284 0.1099354 0.1757550 0.1462268 0.2426055 0.2141181 0.1112858 0.1299328 0.1641570 0.1586038 0.1853981 0.1043351 0.2192955 0.1300613 0.1705457 0.1043296 0.2832920 0.1013598 0.1596755 0.2111718 0.2566479 0.1752813 0.0996792 0.1735707 0.2047573 0.1770754 0.2760258 0.1758395 0.1125772 0.1517708 0.1057187 0.3213678 0.4004688 0.1157177 0.0389417 0.2136079 0.1093228 0.1552916 0.1092765 0.1660403 0.1018740 0.1028540 0.1358180 0.1937785 0.2164352 0.2142181 0.1361440 0.1358832 0.1801126 0.1927489 0.0987469 0.1410683 0.1714016 0.1798247 0.1186042 0.1726023 0.1283308 0.2036018 0.1537012 
Amauria_carterae_99_mesa                   0.1124170 0.0000000 0.1052134 0.1966883 0.0883149 0.0892437 0.1850572 0.2428475 0.2768321 0.0887763 0.1583536 0.1805931 0.1447033 0.1318862 0.1820324 0.1662943 0.1775511 0.1381022 0.1162780 0.1683627 0.1817198 0.1409897 0.1336123 0.1647753 0.1207613 0.1410281 0.1166040 0.1498057 0.1167963 0.1302730 0.1322744 0.1399475 0.1511681 0.0895318 0.1217838 0.1167680 0.1167774 0.1774756 0.0971126 0.1676370 0.1236198 0.1722091 0.1077700 0.3279047 0.1018826 0.1122865 0.2185203 0.1859533 0.1428589 0.1050733 0.1627087 0.1496291 0.1504836 0.3484591 0.1444573 0.1033777 0.1462680 0.1364373 0.1784593 0.3444665 0.1053539 0.0525895 0.1744395 0.1309820 0.2195645 0.1037225 0.1783617 0.1035021 0.0927152 0.1252459 0.1714186 0.1656715 0.1581533 0.1375234 0.1220426 0.1834146 0.2185650 0.1043410 0.1134241 0.1597763 0.1819018 0.1134843 0.1410915 0.1023325 0.1752644 0.2152403 
Amauria_rotundifolia_SRR9119150            0.1134747 0.1052134 0.0000000 0.2341768 0.1186929 0.0914330 0.2216050 0.2566684 0.3359079 0.1035285 0.2278712 0.2261952 0.1901713 0.1593376 0.2015676 0.2636287 0.2272318 0.2312518 0.1318755 0.2206072 0.2742773 0.2111438 0.1694157 0.2571722 0.1267764 0.2016125 0.1623914 0.1989763 0.1545833 0.1803158 0.1507011 0.2766639 0.2240434 0.1295307 0.1741114 0.2005118 0.1850457 0.2334048 0.1461554 0.2533338 0.1243985 0.2262072 0.1532479 0.3175143 0.1487821 0.1892876 0.2766495 0.3022305 0.2014685 0.1524252 0.2254318 0.2063175 0.1949957 0.3416211 0.1917045 0.1566854 0.1512576 0.1383447 0.3534657 0.4239124 0.1457767 0.0510493 0.2283439 0.1310963 0.2281029 0.1489131 0.2106820 0.1427356 0.1471007 0.1482308 0.2310000 0.2432477 0.2322222 0.1699105 0.1332008 0.2326105 0.2106034 0.1416493 0.1798375 0.2018720 0.2407674 0.1389027 0.2037766 0.1695863 0.2138049 0.1456427 
Conoclinium_coelestinum_SRR9119114         0.1971220 0.1966883 0.2341768 0.0000000 0.2009380 0.1746482 0.2323343 0.3016141 0.3256039 0.2093427 0.2763043 0.2499505 0.2457022 0.2039204 0.2544067 0.3074522 0.2421192 0.2291085 0.2020259 0.2367875 0.3146915 0.2774050 0.1874344 0.3160593 0.1951365 0.2465362 0.2070594 0.2510700 0.2059745 0.2228701 0.2015616 0.1931612 0.2492569 0.2031024 0.1949656 0.2979703 0.2001448 0.2446936 0.2114961 0.3094021 0.1921930 0.2431811 0.2034502 0.3314199 0.2008128 0.2150583 0.2607259 0.2394271 0.2564287 0.1951193 0.2356894 0.2345063 0.2370187 0.3324083 0.2341016 0.2083097 0.2238661 0.1697865 0.2941277 0.3846203 0.2483137 0.3145524 0.2738367 0.2418245 0.2496149 0.2155174 0.2404212 0.2186589 0.2048826 0.1964349 0.3016822 0.2949900 0.2596823 0.2218671 0.1969513 0.2519460 0.2296908 0.2252655 0.2523473 0.2406340 0.2472893 0.2328177 0.2479237 0.2026105 0.2701291 0.1703217 
Eutetras_palmeri_63                        0.0793684 0.0883149 0.1186929 0.2009380 0.0000000 0.0179022 0.1814998 0.2453410 0.2985360 0.0911939 0.1739445 0.1657965 0.1492869 0.0945450 0.1803683 0.2231107 0.1906096 0.2133374 0.0887655 0.1744298 0.2332815 0.1691805 0.1367931 0.2247157 0.0783646 0.1422129 0.0991089 0.1593765 0.0772667 0.1512232 0.1224403 0.2353909 0.1847600 0.1031531 0.1213971 0.1652353 0.1156611 0.1865848 0.0658871 0.2135748 0.0828237 0.1739486 0.0778370 0.3148963 0.0624222 0.1228177 0.2443850 0.2741060 0.1416823 0.0652065 0.1746866 0.1629156 0.1443556 0.2886237 0.1443973 0.0931428 0.1201649 0.1001862 0.3232105 0.3975024 0.0858441 0.0318385 0.1868997 0.1115941 0.1653428 0.0781421 0.1681197 0.0617967 0.0720817 0.1327657 0.1978652 0.2101842 0.1955427 0.0916087 0.0812438 0.1828409 0.1852900 0.0613503 0.1198233 0.1748342 0.1817746 0.0767008 0.1390777 0.1094704 0.1906163 0.1655956 
Eutetras_pringlei_149_quer                 0.0836110 0.0892437 0.0914330 0.1746482 0.0179022 0.0000000 0.1161824 0.1578761 0.2813555 0.0838289 0.0923197 0.1236012 0.0896140 0.0702125 0.1314535 0.1447184 0.1339745 0.1870754 0.1016895 0.1212949 0.1651182 0.0836801 0.1182052 0.1457380 0.0576416 0.0871153 0.1129564 0.0936040 0.0668685 0.1336694 0.1159320 0.1617409 0.1055282 0.0829890 0.0946136 0.1291872 0.0726145 0.1210576 0.0595866 0.1476044 0.0653822 0.1347175 0.0725232 0.2434654 0.0626184 0.0648082 0.2016614 0.1590172 0.0853831 0.0661160 0.1252661 0.0924272 0.0892438 0.2373313 0.0862349 0.0626894 0.0861815 0.1078379 0.1990040 0.2898180 0.0668491 0.0636257 0.1561496 0.1004833 0.1304403 0.0637995 0.1350401 0.0591361 0.0690097 0.1101182 0.1223576 0.1466556 0.1298366 0.0812494 0.0629061 0.1352042 0.1794276 0.0591381 0.1387416 0.1283616 0.1237987 0.0645803 0.0828334 0.1075908 0.1403825 0.1631851 
Eutrochium_fistulosum_SRR9119106           0.2048509 0.1850572 0.2216050 0.2323343 0.1814998 0.1161824 0.0000000 0.2225906 0.3874290 0.1923602 0.1603417 0.1690640 0.1727556 0.1385362 0.1515839 0.2248348 0.1638114 0.1863208 0.1809013 0.1735644 0.2398539 0.2035693 0.1394847 0.2246516 0.1333707 0.1704401 0.1998932 0.1913163 0.2081761 0.1404849 0.1201443 0.1589259 0.2019305 0.1699987 0.1173102 0.2601295 0.2301318 0.1830779 0.1904402 0.2312906 0.1347581 0.1685993 0.1948199 0.2507254 0.1944157 0.2291125 0.1724569 0.1922119 0.1993002 0.1954822 0.1660063 0.1772652 0.1744524 0.2614373 0.1681922 0.1951411 0.1550161 0.1504896 0.2447239 0.3068624 0.1690646 0.1372541 0.2662762 0.1603822 0.1758586 0.2047027 0.1528875 0.2072932 0.1847487 0.1281231 0.2165033 0.2155387 0.1837527 0.1431484 0.1351376 0.1734502 0.1568698 0.2048003 0.2494667 0.1663130 0.1797742 0.1705660 0.1722935 0.1885744 0.1985640 0.1985597 
Galeana_pratensis_104_mex                  0.2677252 0.2428475 0.2566684 0.3016141 0.2453410 0.1578761 0.2225906 0.0000000 0.4240682 0.2510888 0.1618764 0.2313582 0.2360332 0.2289538 0.2157525 0.2386894 0.2256624 0.1879131 0.2260505 0.2503041 0.2553272 0.2328132 0.1888622 0.2294825 0.1996713 0.2329001 0.2719090 0.2454398 0.2548380 0.1934853 0.1960618 0.1831332 0.2505335 0.2317536 0.1823064 0.2633105 0.2755747 0.2483162 0.2560645 0.2431840 0.2133367 0.2326336 0.2633248 0.3873424 0.2557094 0.2798761 0.2580459 0.2374086 0.2340572 0.2654152 0.2435140 0.2355321 0.2374486 0.4081032 0.2357810 0.2624324 0.2122213 0.2028900 0.2435794 0.4328503 0.2084763 0.1134627 0.3373658 0.2022307 0.3021566 0.2533061 0.2178621 0.2624592 0.2381642 0.1544134 0.2404196 0.2306665 0.2678183 0.2342687 0.2077792 0.2548099 0.2447702 0.2641528 0.2577103 0.2230948 0.2476801 0.1860317 0.2317936 0.2585582 0.2557446 0.2746991 
Helianthus_annuus_SRR9119062               0.3178697 0.2768321 0.3359079 0.3256039 0.2985360 0.2813555 0.3874290 0.4240682 0.0000000 0.3154035 0.3898743 0.3962122 0.3464553 0.2714316 0.3649867 0.4383340 0.3824796 0.3837881 0.3281702 0.3866917 0.4316663 0.3769088 0.2881309 0.4248198 0.2487099 0.3572806 0.3155865 0.3622917 0.3271145 0.3270269 0.3062188 0.4023697 0.4097977 0.3314325 0.3474915 0.3625750 0.3476966 0.3967366 0.3153448 0.4381581 0.2534590 0.3796144 0.3102596 0.4578267 0.3149837 0.3399473 0.4156921 0.4221528 0.3563374 0.3098671 0.3829072 0.3554018 0.3541450 0.4717363 0.3466636 0.3172955 0.3181839 0.3405470 0.4674801 0.5292469 0.3217740 0.3522268 0.4080642 0.3703792 0.3512383 0.3020071 0.3902281 0.3359613 0.2920917 0.3598878 0.4266296 0.4051177 0.4070921 0.2810166 0.2576047 0.3947892 0.3415362 0.3334753 0.3569462 0.3818465 0.3987145 0.3022734 0.3546312 0.3254636 0.3440304 0.2400776 
Lycapsus_tenuifolius_17                    0.0919175 0.0887763 0.1035285 0.2093427 0.0911939 0.0838289 0.1923602 0.2510888 0.3154035 0.0000000 0.1977136 0.1824244 0.1852404 0.1434725 0.2074154 0.2294334 0.2135196 0.2105668 0.1215710 0.2001686 0.2525084 0.1997162 0.1557507 0.2288651 0.1240332 0.1872196 0.1248815 0.2002829 0.1327020 0.0963013 0.0648707 0.2249723 0.1995214 0.0185441 0.1477519 0.1568204 0.1644917 0.2046495 0.1139052 0.2246624 0.1267658 0.1939610 0.1223394 0.3107905 0.1181390 0.1687816 0.2582105 0.2830375 0.1873441 0.1187589 0.1889977 0.2074030 0.1863035 0.3133181 0.1855120 0.1276957 0.1525888 0.1434797 0.3325310 0.4153761 0.1219530 0.0389417 0.2204031 0.1308922 0.1868937 0.1249589 0.1844267 0.1116202 0.1126436 0.1385030 0.2018561 0.2292863 0.1292754 0.1476821 0.1338798 0.2023655 0.2147478 0.1104747 0.1612813 0.1877513 0.2010049 0.1292181 0.1886778 0.0535309 0.1991672 0.1826238 
Pericome_caudata_50_silver                 0.2014839 0.1583536 0.2278712 0.2763043 0.1739445 0.0923197 0.1603417 0.1618764 0.3898743 0.1977136 0.0000000 0.1796762 0.1674403 0.1163702 0.1811649 0.2365206 0.1981135 0.1772936 0.1733516 0.2156716 0.2585252 0.1858759 0.1426730 0.2303526 0.1080737 0.1584510 0.2132462 0.1913878 0.2043032 0.1515720 0.1303654 0.2373380 0.1919769 0.1855117 0.1327889 0.2884446 0.2432168 0.1988909 0.1946254 0.2272817 0.1089788 0.1732765 0.2106367 0.3033343 0.1889402 0.2470293 0.2200115 0.2844043 0.1613243 0.2018793 0.1879903 0.1978312 0.1647336 0.2770002 0.1625127 0.2343689 0.1438297 0.1585414 0.3473700 0.4325852 0.1485334 0.1022577 0.2975396 0.1518283 0.1760646 0.1994130 0.1660343 0.1910472 0.1961235 0.1228600 0.1882281 0.2173537 0.2099497 0.1119209 0.1093094 0.1910985 0.1641416 0.1792892 0.2734960 0.1762097 0.2012423 0.1632018 0.1540184 0.2241030 0.2239275 0.1733052 
Perityle_aglossa_84_dead_horse             0.1563377 0.1805931 0.2261952 0.2499505 0.1657965 0.1236012 0.1690640 0.2313582 0.3962122 0.1824244 0.1796762 0.0000000 0.1065846 0.1321865 0.1635303 0.1159519 0.0660976 0.2068977 0.1264257 0.0794137 0.0982991 0.1344425 0.0278306 0.1139194 0.1232614 0.1149936 0.1716755 0.1328394 0.1994070 0.1476607 0.1259276 0.2388500 0.1264254 0.1927229 0.1413916 0.2592946 0.2540882 0.0371808 0.1769616 0.1115987 0.1225709 0.0590760 0.2043906 0.2381542 0.1907896 0.2383097 0.1044909 0.1747045 0.1218927 0.1924437 0.0569471 0.1457199 0.1122706 0.2069756 0.1134510 0.2217155 0.1150049 0.1408801 0.2313279 0.3519626 0.1751206 0.1371089 0.3024327 0.1463723 0.0723709 0.1930192 0.0821079 0.1923546 0.1873938 0.0286747 0.0709244 0.1011408 0.1959956 0.1376955 0.1266330 0.0529354 0.1386842 0.1943018 0.2397585 0.0626033 0.0242843 0.1791457 0.1187535 0.1900761 0.0831349 0.1065932 
Perityle_ajoensis_204                      0.1810990 0.1447033 0.1901713 0.2457022 0.1492869 0.0896140 0.1727556 0.2360332 0.3464553 0.1852404 0.1674403 0.1065846 0.0000000 0.0379909 0.0756046 0.1598880 0.1199426 0.2053148 0.1575143 0.1317364 0.1582281 0.0375688 0.1233226 0.1370082 0.0206756 0.0267032 0.2016764 0.0725739 0.1979110 0.1371780 0.1094878 0.2437501 0.1027839 0.1780944 0.0615221 0.2252366 0.2264560 0.1144475 0.1747431 0.1554464 0.0261704 0.1101207 0.1951188 0.3102911 0.1713486 0.2306713 0.1631175 0.2224081 0.0282680 0.1783832 0.1300172 0.0482629 0.0259468 0.2911800 0.0293333 0.1625907 0.0307466 0.1351838 0.2712733 0.4178559 0.1315398 0.1371529 0.2569969 0.1441169 0.1638302 0.1860016 0.1323079 0.1814387 0.1911151 0.0951104 0.1244798 0.1378379 0.1891724 0.0372121 0.0254339 0.1142683 0.2060887 0.1695806 0.2532734 0.1098717 0.1088444 0.1298265 0.0249669 0.1745761 0.1312895 0.1624845 
Perityle_ambrosiifolia_67_green            0.1357710 0.1318862 0.1593376 0.2039204 0.0945450 0.0702125 0.1385362 0.2289538 0.2714316 0.1434725 0.1163702 0.1321865 0.0379909 0.0000000 0.0391098 0.2114501 0.1466774 0.2107590 0.1391900 0.1270746 0.2245753 0.0730143 0.1480198 0.2100992 0.0287125 0.0363060 0.1482354 0.0498675 0.1246914 0.1623589 0.1184080 0.2197175 0.1287984 0.1525732 0.0337588 0.2585380 0.1711636 0.1442003 0.1205023 0.2165345 0.0109085 0.1341320 0.1082488 0.1944990 0.1090128 0.1967950 0.1296193 0.2154156 0.0356668 0.1060049 0.1283232 0.0552602 0.0402420 0.1781928 0.0363338 0.1095264 0.0437600 0.1195425 0.3056779 0.2751023 0.1372105 1.0470018 0.2510416 0.1314386 0.1340905 0.1292153 0.1523174 0.1247777 0.1305152 0.1182975 0.1743778 0.1955783 0.1434565 0.0323605 0.0306779 0.1318569 0.1307856 0.1247558 0.2320237 0.1319891 0.1277675 0.1472346 0.0344459 0.1419113 0.1614174 0.1661101 
Perityle_angustifolia_13_Eagle_creek       0.2057886 0.1820324 0.2015676 0.2544067 0.1803683 0.1314535 0.1515839 0.2157525 0.3649867 0.2074154 0.1811649 0.1635303 0.0756046 0.0391098 0.0000000 0.1877630 0.1735627 0.2125029 0.1824565 0.1620619 0.1611093 0.0740411 0.1174443 0.1673769 0.0225017 0.0772816 0.2305268 0.0899833 0.2151400 0.1517276 0.1124958 0.2643625 0.1581279 0.2192605 0.0956020 0.2392059 0.2626180 0.1643359 0.1947700 0.1871254 0.0227795 0.1623236 0.2000236 0.3255385 0.1935613 0.2575386 0.1830385 0.2418521 0.0758293 0.1986166 0.1535225 0.0995994 0.0798679 0.3049919 0.0794381 0.1943757 0.0517403 0.1288504 0.2552236 0.4115002 0.1867027 0.1421182 0.3071564 0.1775594 0.1701098 0.2089139 0.1816739 0.2192169 0.2082363 0.1145133 0.1576766 0.1678919 0.1990167 0.0540662 0.0338701 0.1635930 0.2116812 0.2175154 0.2429933 0.1538681 0.1479637 0.1219214 0.0751510 0.2124751 0.1345163 0.1581056 
Perityle_batopilensis_97                   0.2196363 0.1662943 0.2636287 0.3074522 0.2231107 0.1447184 0.2248348 0.2386894 0.4383340 0.2294334 0.2365206 0.1159519 0.1598880 0.2114501 0.1877630 0.0000000 0.1377967 0.2116706 0.1410268 0.1573838 0.1270860 0.1578812 0.0663798 0.1042251 0.1474076 0.1661866 0.2274837 0.1720011 0.2667562 0.1526934 0.1340038 0.3107640 0.1279767 0.2420488 0.2040558 0.2504217 0.3205429 0.1200191 0.2363030 0.0209642 0.1672173 0.1130665 0.2652618 0.2929997 0.2503902 0.3052098 0.1687629 0.2255813 0.1686725 0.2528190 0.1311774 0.1976401 0.1627268 0.3061359 0.1675035 0.2727948 0.1382907 0.1418973 0.2323856 0.3550819 0.2446711 0.1551919 0.3582305 0.1464319 0.1664265 0.2595984 0.1485584 0.2482598 0.2431299 0.0746861 0.1285973 0.0972435 0.2369558 0.2058488 0.1543115 0.1175893 0.1380553 0.2468523 0.2409254 0.0884013 0.1140005 0.1896595 0.1658711 0.2432886 0.1294134 0.1145287 
Perityle_bisetosa_9                        0.1925996 0.1775511 0.2272318 0.2421192 0.1906096 0.1339745 0.1638114 0.2256624 0.3824796 0.2135196 0.1981135 0.0660976 0.1199426 0.1466774 0.1735627 0.1377967 0.0000000 0.2126248 0.1385004 0.0582596 0.1231173 0.1403248 0.0355323 0.1033265 0.1506792 0.1171542 0.2146303 0.1908622 0.2377300 0.1535459 0.1258536 0.2154815 0.1366379 0.1897284 0.1636029 0.2253768 0.2344077 0.0415182 0.2177477 0.1291355 0.1503710 0.0670964 0.2421809 0.2385080 0.2114959 0.2575504 0.1169172 0.1389123 0.1194484 0.2289765 0.1038828 0.1195360 0.1184121 0.2197506 0.1254406 0.2117459 0.1234050 0.1452793 0.1976584 0.3320084 0.1670423 0.1195765 0.3064923 0.1504591 0.0706805 0.2282603 0.0701477 0.2248776 0.2010520 0.0652048 0.0854253 0.1010472 0.2227730 0.1526360 0.1528887 0.0613169 0.1281809 0.2129181 0.2640061 0.0668765 0.0587396 0.1701217 0.1172801 0.2044839 0.0960785 0.0935946 
Perityle_californica_76_positas            0.2281510 0.1381022 0.2312518 0.2291085 0.2133374 0.1870754 0.1863208 0.1879131 0.3837881 0.2105668 0.1772936 0.2068977 0.2053148 0.2107590 0.2125029 0.2116706 0.2126248 0.0000000 0.2043026 0.2076410 0.2069467 0.1924653 0.1122039 0.2120637 0.1730826 0.2115712 0.2467113 0.2100482 0.2546337 0.1444140 0.1606967 0.0781883 0.1827653 0.2211537 0.2269582 0.2688421 0.2642764 0.2055599 0.2353816 0.2159791 0.1899550 0.2088561 0.2449666 0.3503881 0.2394769 0.2512893 0.2437435 0.2436023 0.2102649 0.2455040 0.1993064 0.2156968 0.2166157 0.3203817 0.2193984 0.2410358 0.1615817 0.2107333 0.2468310 0.3453772 0.2465831 0.1274366 0.3315107 0.1603275 0.2315527 0.2494459 0.2161031 0.2405051 0.2182787 0.1233421 0.2140491 0.2060346 0.1844821 0.2075311 0.1752719 0.2135969 0.2532104 0.2393720 0.2420128 0.1882648 0.2054901 0.1888824 0.2113715 0.2085134 0.1236225 0.1783412 
Perityle_canescens_77                      0.1052579 0.1162780 0.1318755 0.2020259 0.0887655 0.1016895 0.1809013 0.2260505 0.3281702 0.1215710 0.1733516 0.1264257 0.1575143 0.1391900 0.1824565 0.1410268 0.1385004 0.2043026 0.0000000 0.1246002 0.1604003 0.1614573 0.0858012 0.1349915 0.1233451 0.1572772 0.0968784 0.1667321 0.1282711 0.1859657 0.1520155 0.2269013 0.1741653 0.1351265 0.1350593 0.1182401 0.1653869 0.1379662 0.1123822 0.1404130 0.1338984 0.1213857 0.1195999 0.2470151 0.1143738 0.1675548 0.1632503 0.1995716 0.1575650 0.1129934 0.1112909 0.1841881 0.1597027 0.2572912 0.1553885 0.1377583 0.1585129 0.1185675 0.2223037 0.3224954 0.1281086 0.0543369 0.2190095 0.1089360 0.1165713 0.1239419 0.1355501 0.1217332 0.1035373 0.0969914 0.1272194 0.1349915 0.1989241 0.1411445 0.1300241 0.1312272 0.1281855 0.1229927 0.1289107 0.1142666 0.1254642 0.1378674 0.1565087 0.1264652 0.1669609 0.1003221 
Perityle_castillonii_96                    0.1878169 0.1683627 0.2206072 0.2367875 0.1744298 0.1212949 0.1735644 0.2503041 0.3866917 0.2001686 0.2156716 0.0794137 0.1317364 0.1270746 0.1620619 0.1573838 0.0582596 0.2076410 0.1246002 0.0000000 0.1059222 0.1478291 0.0429197 0.1355379 0.1241409 0.1340804 0.2103545 0.1506567 0.2244094 0.1438678 0.1208249 0.2424218 0.1569567 0.1890073 0.1740321 0.2222398 0.2543434 0.0490201 0.2053193 0.1452051 0.1189646 0.0819215 0.2089111 0.2321016 0.1844981 0.2653447 0.1380673 0.1710221 0.1294636 0.1955160 0.0826296 0.1401381 0.1242372 0.2108275 0.1295689 0.2127265 0.1142738 0.1284738 0.2302942 0.3808064 0.1517650 0.1233062 0.2969305 0.1380256 0.0865184 0.2086944 0.0654448 0.2204460 0.2203260 0.0247267 0.0731882 0.1317756 0.2086224 0.1680955 0.1548212 0.0671124 0.1305276 0.2009538 0.2258432 0.0723535 0.0519615 0.1577545 0.1404160 0.2314661 0.0818910 0.1054359 
Perityle_cernua_84                         0.2461587 0.1817198 0.2742773 0.3146915 0.2332815 0.1651182 0.2398539 0.2553272 0.4316663 0.2525084 0.2585252 0.0982991 0.1582281 0.2245753 0.1611093 0.1270860 0.1231173 0.2069467 0.1604003 0.1059222 0.0000000 0.1572491 0.0492916 0.1239877 0.1716181 0.1709808 0.2447188 0.1742451 0.2842438 0.1734893 0.1348323 0.2784517 0.1170386 0.2659426 0.1890643 0.2560716 0.3220981 0.1041457 0.2479488 0.1275098 0.1896217 0.0975041 0.2693431 0.2779776 0.2641123 0.3262847 0.1418239 0.1834839 0.1702324 0.2647160 0.1256252 0.1907585 0.1644099 0.3029137 0.1682757 0.2820845 0.1552789 0.1350066 0.1872118 0.3113703 0.2415149 0.1236707 0.3316476 0.1389356 0.1914487 0.2717376 0.1275827 0.2720925 0.2536341 0.0654310 0.1214029 0.1154471 0.2443619 0.2255789 0.1809663 0.1000853 0.1156021 0.2655461 0.2574464 0.0810613 0.0935003 0.1904596 0.1672552 0.2589442 0.1281840 0.1032989 
Perityle_cfvillosa_25_tin                  0.2030414 0.1409897 0.2111438 0.2774050 0.1691805 0.0836801 0.2035693 0.2328132 0.3769088 0.1997162 0.1858759 0.1344425 0.0375688 0.0730143 0.0740411 0.1578812 0.1403248 0.1924653 0.1614573 0.1478291 0.1572491 0.0000000 0.1200217 0.1481695 0.0213863 0.0289788 0.2189533 0.0768375 0.2155934 0.1382910 0.1058459 0.2662645 0.1062031 0.1985972 0.0909823 0.2253161 0.2512281 0.1376562 0.1857029 0.1506280 0.0395457 0.1305454 0.2311411 0.3385600 0.2003948 0.2467874 0.1902842 0.2519008 0.0287472 0.2172071 0.1501749 0.0562403 0.0410147 0.3300592 0.0390712 0.1916272 0.0360583 0.1324574 0.2793758 0.4334848 0.1540435 0.1418640 0.2869751 0.1414284 0.1978982 0.2031830 0.1535157 0.1990570 0.2088396 0.0962472 0.1242902 0.1446634 0.2069900 0.0561884 0.0205121 0.1357042 0.2047415 0.1884003 0.2469173 0.1172578 0.1401610 0.1199199 0.0251081 0.2051688 0.1412623 0.1612783 
Perityle_cinerea_113_Powell1310            0.1262946 0.1336123 0.1694157 0.1874344 0.1367931 0.1182052 0.1394847 0.1888622 0.2881309 0.1557507 0.1426730 0.0278306 0.1233226 0.1480198 0.1174443 0.0663798 0.0355323 0.1122039 0.0858012 0.0429197 0.0492916 0.1200217 0.0000000 0.0482010 0.1331859 0.1232790 0.1345020 0.1322920 0.1716495 0.1050486 0.1220243 0.1114697 0.1200952 0.1348164 0.1011499 0.1174094 0.1464895 0.0215370 0.1402614 0.0687585 0.1422836 0.0600027 0.1534471 0.1951407 0.1414728 0.1443277 0.0714266 0.0571218 0.1211857 0.1507969 0.0471904 0.1240151 0.1262006 0.1951960 0.1237049 0.1334811 0.1034511 0.1504591 0.0589813 0.1966506 0.1304524 0.1187229 0.1433236 0.1046914 0.0839535 0.1687431 0.0510458 0.1543754 0.1356514 0.0400231 0.0339174 0.0482010 0.1320368 0.1541720 0.1383306 0.0592862 0.0933799 0.1423084 0.1308827 0.0462102 0.0356071 0.1411813 0.1211166 0.1550334 0.0804057 0.1062159 
Perityle_coahuilensis_24                   0.2219912 0.1647753 0.2571722 0.3160593 0.2247157 0.1457380 0.2246516 0.2294825 0.4248198 0.2288651 0.2303526 0.1139194 0.1370082 0.2100992 0.1673769 0.1042251 0.1033265 0.2120637 0.1349915 0.1355379 0.1239877 0.1481695 0.0482010 0.0000000 0.1425877 0.1538566 0.2500226 0.1921998 0.2768255 0.1585982 0.1225112 0.3084089 0.1119559 0.2488183 0.2071581 0.2621597 0.3090448 0.1095748 0.2524483 0.0927890 0.1529272 0.0862094 0.2813582 0.2827678 0.2472519 0.3053879 0.1619823 0.2034527 0.1561374 0.2654462 0.1208072 0.1713142 0.1460253 0.3061000 0.1505370 0.2785656 0.1339016 0.1369803 0.2231437 0.3637742 0.2382092 0.1191941 0.3376393 0.1350495 0.1822886 0.2722266 0.1295069 0.2511746 0.2476035 0.0612726 0.1055704 0.0024171 0.2433154 0.2090671 0.1458690 0.1077290 0.1158081 0.2453213 0.2467877 0.0527167 0.1059653 0.1895461 0.1529188 0.2652496 0.1188075 0.1033150 
Perityle_cochisensis_44_cave_creek         0.1330441 0.1207613 0.1267764 0.1951365 0.0783646 0.0576416 0.1333707 0.1996713 0.2487099 0.1240332 0.1080737 0.1232614 0.0206756 0.0287125 0.0225017 0.1474076 0.1506792 0.1730826 0.1233451 0.1241409 0.1716181 0.0213863 0.1331859 0.1425877 0.0000000 0.0146597 0.1403876 0.0299080 0.1142679 0.1487427 0.1096166 0.2179210 0.1122106 0.1503090 0.0131821 0.1762621 0.1918639 0.1418030 0.1027859 0.1522083 0.0223837 0.1280382 0.1058412 0.1912430 0.1057520 0.1989565 0.1199367 0.2196454 0.0146691 0.1011840 0.1154046 0.0482413 0.0230680 0.1810450 0.0161287 0.1015423 0.0348214 0.1214276 0.2538604 0.2635693 0.1110069 0.0000010 0.2555501 0.1098070 0.1364981 0.1152116 0.1487484 0.1145461 0.1108853 0.0964509 0.1215534 0.1433707 0.1274857 0.0184908 0.0154880 0.1223484 0.1278595 0.1154030 0.1867523 0.1199482 0.1202411 0.1090516 0.0146773 0.1232188 0.1503365 0.1615108 
Perityle_congesta_202                      0.1745159 0.1410281 0.2016125 0.2465362 0.1422129 0.0871153 0.1704401 0.2329001 0.3572806 0.1872196 0.1584510 0.1149936 0.0267032 0.0363060 0.0772816 0.1661866 0.1171542 0.2115712 0.1572772 0.1340804 0.1709808 0.0289788 0.1232790 0.1538566 0.0146597 0.0000000 0.2125177 0.0859721 0.1934487 0.1369210 0.1095777 0.2405745 0.1082891 0.1747178 0.0529791 0.2767182 0.2190225 0.1178485 0.1867990 0.1627411 0.0260937 0.1143159 0.1892463 0.3080672 0.1645319 0.2463682 0.1654332 0.2180073 0.0126667 0.1749394 0.1498270 0.0439526 0.0258881 0.2756840 0.0256862 0.1923731 0.0314856 0.1343952 0.2721822 0.4195133 0.1358108 0.1391400 0.2512001 0.1433947 0.1584820 0.1813738 0.1363757 0.1748231 0.1893205 0.0997070 0.1350840 0.1425254 0.1937675 0.0177448 0.0097662 0.1187664 0.2070938 0.1615434 0.2613265 0.1133512 0.1143736 0.1373593 0.0096900 0.1733009 0.1313935 0.1545289 
Perityle_cordifolia_27                     0.1045926 0.1166040 0.1623914 0.2070594 0.0991089 0.1129564 0.1998932 0.2719090 0.3155865 0.1248815 0.2132462 0.1716755 0.2016764 0.1482354 0.2305268 0.2274837 0.2146303 0.2467113 0.0968784 0.2103545 0.2447188 0.2189533 0.1345020 0.2500226 0.1403876 0.2125177 0.0000000 0.2448327 0.1421981 0.1899539 0.1556638 0.2728178 0.2085020 0.1371938 0.1855275 0.1199248 0.1834410 0.1851651 0.1226153 0.2137312 0.1382746 0.1872379 0.1475759 0.3044801 0.1327724 0.1768034 0.2365102 0.3071680 0.2155209 0.1376860 0.1794526 0.2426928 0.1982158 0.2561062 0.1966974 0.1897778 0.1618082 0.0462329 0.3762563 0.4401380 0.1601344 0.0541082 0.2412694 0.0569899 0.1447236 0.1392895 0.1562318 0.1261618 0.1217540 0.1524105 0.1970468 0.2387865 0.2436476 0.1579809 0.1475754 0.1796292 0.2240186 0.1284335 0.1517175 0.2011055 0.1866618 0.1449041 0.2106704 0.1729215 0.2014796 0.1466856 
Perityle_cordifolia_68_tecolote            0.2045284 0.1498057 0.1989763 0.2510700 0.1593765 0.0936040 0.1913163 0.2454398 0.3622917 0.2002829 0.1913878 0.1328394 0.0725739 0.0498675 0.0899833 0.1720011 0.1908622 0.2100482 0.1667321 0.1506567 0.1742451 0.0768375 0.1322920 0.1921998 0.0299080 0.0859721 0.2448327 0.0000000 0.2351468 0.1406821 0.1138863 0.2624158 0.1376209 0.1866511 0.0907790 0.2223783 0.2434223 0.1378799 0.2154637 0.1581208 0.0345213 0.1605554 0.2295189 0.3294150 0.1927955 0.2745129 0.2298695 0.2923584 0.0913174 0.2141516 0.1611690 0.1156471 0.0705329 0.3218138 0.0681685 0.1797114 0.0303825 0.1429397 0.3169127 0.4454379 0.1331834 0.1517565 0.2808527 0.1569452 0.1730438 0.2079559 0.1420830 0.2003487 0.2165846 0.1098335 0.1297987 0.1925285 0.2045761 0.0576908 0.0336885 0.1374462 0.2145306 0.1766337 0.2681333 0.1669084 0.1360595 0.1317672 0.0951769 0.2046089 0.1441882 0.1581140 
Perityle_coronopifolia_28_patagonia        0.1099354 0.1167963 0.1545833 0.2059745 0.0772667 0.0668685 0.2081761 0.2548380 0.3271145 0.1327020 0.2043032 0.1994070 0.1979110 0.1246914 0.2151400 0.2667562 0.2377300 0.2546337 0.1282711 0.2244094 0.2842438 0.2155934 0.1716495 0.2768255 0.1142679 0.1934487 0.1421981 0.2351468 0.0000000 0.1860508 0.1418857 0.2872423 0.2250342 0.1355902 0.1587115 0.2024157 0.1567228 0.2171712 0.1135044 0.2554326 0.1199554 0.2206220 0.1150470 0.3421933 0.0990208 0.1584195 0.2873858 0.3382398 0.1933739 0.1111965 0.2121187 0.2250754 0.1938356 0.3142654 0.1885170 0.1220275 0.1413692 0.1376208 0.4069388 0.4787288 0.0828774 0.0656665 0.2088625 0.1331395 0.1886302 0.0830669 0.2005775 0.1037547 0.1147353 0.1463246 0.2233511 0.2663706 0.2458277 0.1218373 0.1197935 0.2190518 0.2054663 0.0974726 0.1652182 0.2289928 0.2229778 0.0583047 0.1951253 0.1521919 0.2205961 0.1922604 
Perityle_crassifolia_70_ventanas           0.1757550 0.1302730 0.1803158 0.2228701 0.1512232 0.1336694 0.1404849 0.1934853 0.3270269 0.0963013 0.1515720 0.1476607 0.1371780 0.1623589 0.1517276 0.1526934 0.1535459 0.1444140 0.1859657 0.1438678 0.1734893 0.1382910 0.1050486 0.1585982 0.1487427 0.1369210 0.1899539 0.1406821 0.1860508 0.0000000 0.0341435 0.1520587 0.1011579 0.0970863 0.1412904 0.2003365 0.1910111 0.1457691 0.1565440 0.1578455 0.1588069 0.1507432 0.1701142 0.2848362 0.1606617 0.1699865 0.1806180 0.1519154 0.1366555 0.1664384 0.1404343 0.1429176 0.1447525 0.2943141 0.1376350 0.1709315 0.1370769 0.1516494 0.1740085 0.3311230 0.1889824 0.1340622 0.2480592 0.1534784 0.2187577 0.1748153 0.1605564 0.1718029 0.1655863 0.0951503 0.1474422 0.1585982 0.0391947 0.1701898 0.1584364 0.1540269 0.1944528 0.1711588 0.2103084 0.1456220 0.1503046 0.1535318 0.1366647 0.0953946 0.1599290 0.1944679 
Perityle_crassifolia_74_playa_balandra     0.1462268 0.1322744 0.1507011 0.2015616 0.1224403 0.1159320 0.1201443 0.1960618 0.3062188 0.0648707 0.1303654 0.1259276 0.1094878 0.1184080 0.1124958 0.1340038 0.1258536 0.1606967 0.1520155 0.1208249 0.1348323 0.1058459 0.1220243 0.1225112 0.1096166 0.1095777 0.1556638 0.1138863 0.1418857 0.0341435 0.0000000 0.1510581 0.1131323 0.0648997 0.1089316 0.1585893 0.1832201 0.1233215 0.1269984 0.1410668 0.1134262 0.1325928 0.1416092 0.2636131 0.1357853 0.1641606 0.1365469 0.1581870 0.1087207 0.1385747 0.1210366 0.1118384 0.1160599 0.2585306 0.1079815 0.1384255 0.1086676 0.1404101 0.1570127 0.2756207 0.1620638 0.1199854 0.2509367 0.1472656 0.1590727 0.1473369 0.1394304 0.1467127 0.1221990 0.1021054 0.1237884 0.1234488 0.0480984 0.1294826 0.1144786 0.1303098 0.1637508 0.1447915 0.1565225 0.1249619 0.1262143 0.1274204 0.1105833 0.0583325 0.1361627 0.1957021 
Perityle_cuneata_34_cuneata_San_antonio    0.2426055 0.1399475 0.2766639 0.1931612 0.2353909 0.1617409 0.1589259 0.1831332 0.4023697 0.2249723 0.2373380 0.2388500 0.2437501 0.2197175 0.2643625 0.3107640 0.2154815 0.0781883 0.2269013 0.2424218 0.2784517 0.2662645 0.1114697 0.3084089 0.2179210 0.2405745 0.2728178 0.2624158 0.2872423 0.1520587 0.1510581 0.0000000 0.2709855 0.2147142 0.2648531 0.2992472 0.3036432 0.1866175 0.2686664 0.2985515 0.2272618 0.2315065 0.2615925 0.3393026 0.2576820 0.2970341 0.2701088 0.2793382 0.2467059 0.2700077 0.2203732 0.2385691 0.2497498 0.2880692 0.2463213 0.2478879 0.1585282 0.2486088 0.3633064 0.4771798 0.2115871 0.1295912 0.3655031 0.1539691 0.1803079 0.2724680 0.2169074 0.2734830 0.2319053 0.1169832 0.2813889 0.3026716 0.2189012 0.2478694 0.2456542 0.2286117 0.2437263 0.2667421 0.3314815 0.2447063 0.2196065 0.1844263 0.2489777 0.2507852 0.0883089 0.1829783 
Perityle_cuneata_4                         0.2141181 0.1511681 0.2240434 0.2492569 0.1847600 0.1055282 0.2019305 0.2505335 0.4097977 0.1995214 0.1919769 0.1264254 0.1027839 0.1287984 0.1581279 0.1279767 0.1366379 0.1827653 0.1741653 0.1569567 0.1170386 0.1062031 0.1200952 0.1119559 0.1122106 0.1082891 0.2085020 0.1376209 0.2250342 0.1011579 0.1131323 0.2709855 0.0000000 0.1967374 0.1517844 0.1980695 0.2694289 0.1155727 0.1879467 0.1190927 0.1126352 0.1185106 0.2271329 0.3587427 0.2033610 0.2382042 0.1842864 0.2526516 0.1115864 0.2165061 0.1380131 0.1300329 0.1047431 0.3375255 0.1112610 0.2322230 0.1081486 0.1490175 0.2475853 0.4327758 0.1619615 0.1495626 0.3105738 0.1715880 0.1865486 0.2198495 0.1434531 0.2040652 0.2055101 0.1180520 0.1103196 0.1124161 0.2086089 0.1275361 0.1137019 0.1234612 0.2389518 0.1980083 0.2190753 0.1139712 0.1237028 0.1701837 0.1131462 0.2189254 0.1231301 0.1895979 
Perityle_discoidea_81                      0.1112858 0.0895318 0.1295307 0.2031024 0.1031531 0.0829890 0.1699987 0.2317536 0.3314325 0.0185441 0.1855117 0.1927229 0.1780944 0.1525732 0.2192605 0.2420488 0.1897284 0.2211537 0.1351265 0.1890073 0.2659426 0.1985972 0.1348164 0.2488183 0.1503090 0.1747178 0.1371938 0.1866511 0.1355902 0.0970863 0.0648997 0.2147142 0.1967374 0.0000000 0.1649693 0.1783326 0.1651479 0.1811215 0.1216714 0.2445872 0.1544257 0.1853224 0.1310615 0.3105667 0.1246575 0.1689078 0.2478541 0.2556490 0.1752755 0.1268247 0.1744492 0.1798676 0.1766324 0.2981021 0.1755309 0.1241284 0.1518271 0.1454193 0.3262243 0.4229094 0.1210792 0.0389417 0.2294163 0.1308239 0.1781576 0.1296137 0.1767528 0.1227972 0.1199744 0.1213378 0.2294033 0.2432418 0.1372388 0.1648004 0.1570319 0.1959813 0.2169415 0.1232606 0.1873900 0.1865809 0.1912463 0.1292162 0.1777099 0.0636833 0.1925690 0.1901489 
Perityle_dissecta_201                      0.1299328 0.1217838 0.1741114 0.1949656 0.1213971 0.0946136 0.1173102 0.1823064 0.3474915 0.1477519 0.1327889 0.1413916 0.0615221 0.0337588 0.0956020 0.2040558 0.1636029 0.2269582 0.1350593 0.1740321 0.1890643 0.0909823 0.1011499 0.2071581 0.0131821 0.0529791 0.1855275 0.0907790 0.1587115 0.1412904 0.1089316 0.2648531 0.1517844 0.1649693 0.0000000 0.2750550 0.2182778 0.1431368 0.1533065 0.1983391 0.0231325 0.1461000 0.1499582 0.2851977 0.1469108 0.2214472 0.1845888 0.2501107 0.0605090 0.1503968 0.1363731 0.1040157 0.0669365 0.2381705 0.0591846 0.1415938 0.0440473 0.1134578 0.3270827 0.4033998 0.1639950 0.1499621 0.2609592 0.1204675 0.1351828 0.1512938 0.1725967 0.1486154 0.1697119 0.0708381 0.1799412 0.1949810 0.1437227 0.0290025 0.0161045 0.1384735 0.1742780 0.1488779 0.2510422 0.1466806 0.1386438 0.1292988 0.0672116 0.1726117 0.1334853 0.1580345 
Perityle_emoryi_47_punta_san_jose          0.1641570 0.1167680 0.2005118 0.2979703 0.1652353 0.1291872 0.2601295 0.2633105 0.3625750 0.1568204 0.2884446 0.2592946 0.2252366 0.2585380 0.2392059 0.2504217 0.2253768 0.2688421 0.1182401 0.2222398 0.2560716 0.2253161 0.1174094 0.2621597 0.1762621 0.2767182 0.1199248 0.2223783 0.2024157 0.2003365 0.1585893 0.2992472 0.1980695 0.1783326 0.2750550 0.0000000 0.2247785 0.2390172 0.1986615 0.2310747 0.1899222 0.2387656 0.2270504 0.3506771 0.2031510 0.2469560 0.3313442 0.3027045 0.2670418 0.1984556 0.2238435 0.2414906 0.2419734 0.3799349 0.2382141 0.2176612 0.1833264 0.0485939 0.3329835 0.3961314 0.2199414 0.0505420 0.2743562 0.0611969 0.2846831 0.1911856 0.2550313 0.1928902 0.1992042 0.1370899 0.2458515 0.2355071 0.2627417 0.3007840 0.1807206 0.2415948 0.2253824 0.2086032 0.1766933 0.1911132 0.2467544 0.1614474 0.2844932 0.1908528 0.2329716 0.1528132 
Perityle_feddemae_99                       0.1586038 0.1167774 0.1850457 0.2001448 0.1156611 0.0726145 0.2301318 0.2755747 0.3476966 0.1644917 0.2432168 0.2540882 0.2264560 0.1711636 0.2626180 0.3205429 0.2344077 0.2642764 0.1653869 0.2543434 0.3220981 0.2512281 0.1464895 0.3090448 0.1918639 0.2190225 0.1834410 0.2434223 0.1567228 0.1910111 0.1832201 0.3036432 0.2694289 0.1651479 0.2182778 0.2247785 0.0000000 0.2320360 0.1499619 0.3092945 0.1824252 0.2513626 0.0917592 0.3480809 0.0812778 0.1634679 0.3307467 0.3291074 0.2151011 0.0799687 0.2512790 0.2145737 0.2150013 0.3171152 0.2158803 0.1459504 0.1834926 0.2777596 0.4030563 0.4841854 0.1004804 0.0544854 0.2317149 0.1844306 0.2219827 0.1532079 0.2166736 0.1441771 0.1486300 0.2036466 0.2746724 0.3011438 0.2842217 0.1934680 0.2012105 0.2573787 0.2587008 0.1413540 0.2073455 0.2522070 0.2563269 0.1603503 0.2203022 0.1955313 0.2224117 0.1626285 
Perityle_fosteri_93                        0.1853981 0.1774756 0.2334048 0.2446936 0.1865848 0.1210576 0.1830779 0.2483162 0.3967366 0.2046495 0.1988909 0.0371808 0.1144475 0.1442003 0.1643359 0.1200191 0.0415182 0.2055599 0.1379662 0.0490201 0.1041457 0.1376562 0.0215370 0.1095748 0.1418030 0.1178485 0.1851651 0.1378799 0.2171712 0.1457691 0.1233215 0.1866175 0.1155727 0.1811215 0.1431368 0.2390172 0.2320360 0.0000000 0.1926970 0.1213318 0.1446129 0.0570532 0.2211016 0.2229280 0.2048306 0.2237672 0.1071259 0.1174125 0.1190870 0.2076105 0.0801359 0.1210562 0.1135756 0.2001913 0.1178410 0.2081139 0.1223878 0.1552280 0.1733289 0.2929158 0.1658962 0.1324774 0.2917806 0.1388215 0.0601225 0.2115923 0.0609363 0.2105985 0.1870979 0.0585999 0.0773395 0.1005491 0.2130669 0.1488840 0.1450458 0.0516690 0.1278203 0.2036580 0.2538188 0.0571569 0.0349275 0.1805069 0.1161643 0.1946084 0.0840250 0.0967000 
Perityle_gamon_221                         0.1043351 0.0971126 0.1461554 0.2114961 0.0658871 0.0595866 0.1904402 0.2560645 0.3153448 0.1139052 0.1946254 0.1769616 0.1747431 0.1205023 0.1947700 0.2363030 0.2177477 0.2353816 0.1123822 0.2053193 0.2479488 0.1857029 0.1402614 0.2524483 0.1027859 0.1867990 0.1226153 0.2154637 0.1135044 0.1565440 0.1269984 0.2686664 0.1879467 0.1216714 0.1533065 0.1986615 0.1499619 0.1926970 0.0000000 0.2266522 0.1040197 0.1941375 0.1043998 0.3125539 0.0892331 0.0754040 0.2517157 0.3183939 0.1853402 0.0969649 0.1902540 0.2078090 0.1722264 0.2792932 0.1680882 0.1276482 0.1309639 0.1233360 0.3838274 0.4321566 0.1108137 0.0211121 0.2099842 0.1241404 0.1737729 0.1097716 0.1685234 0.0954595 0.1099783 0.1352633 0.1953442 0.2415251 0.2111880 0.1270578 0.1068191 0.1876063 0.2045322 0.0966443 0.1484608 0.2057986 0.1932449 0.0970329 0.1787667 0.1482779 0.1948114 0.1978503 
Perityle_gentryi_8_san_francisco           0.2192955 0.1676370 0.2533338 0.3094021 0.2135748 0.1476044 0.2312906 0.2431840 0.4381581 0.2246624 0.2272817 0.1115987 0.1554464 0.2165345 0.1871254 0.0209642 0.1291355 0.2159791 0.1404130 0.1452051 0.1275098 0.1506280 0.0687585 0.0927890 0.1522083 0.1627411 0.2137312 0.1581208 0.2554326 0.1578455 0.1410668 0.2985515 0.1190927 0.2445872 0.1983391 0.2310747 0.3092945 0.1213318 0.2266522 0.0000000 0.1709914 0.1027293 0.2530206 0.2845574 0.2400160 0.2955634 0.1698450 0.2270942 0.1604004 0.2390694 0.1143746 0.1914931 0.1565093 0.3015443 0.1623428 0.2613262 0.1389874 0.1399418 0.2324587 0.3373476 0.2370684 0.1602786 0.3503593 0.1385923 0.1688484 0.2501242 0.1397184 0.2430968 0.2343440 0.0749608 0.1241090 0.0916884 0.2293263 0.2106352 0.1598062 0.1191335 0.1372363 0.2410823 0.2204244 0.0766423 0.1071267 0.1904433 0.1588843 0.2235089 0.1279106 0.1097923 
Perityle_gilensis_22_Superstition          0.1300613 0.1236198 0.1243985 0.1921930 0.0828237 0.0653822 0.1347581 0.2133367 0.2534590 0.1267658 0.1089788 0.1225709 0.0261704 0.0109085 0.0227795 0.1672173 0.1503710 0.1899550 0.1338984 0.1189646 0.1896217 0.0395457 0.1422836 0.1529272 0.0223837 0.0260937 0.1382746 0.0345213 0.1199554 0.1588069 0.1134262 0.2272618 0.1126352 0.1544257 0.0231325 0.1899222 0.1824252 0.1446129 0.1040197 0.1709914 0.0000000 0.1298148 0.1084557 0.1916259 0.1120294 0.1975738 0.1210019 0.2195460 0.0261104 0.1038960 0.1181763 0.0575617 0.0256118 0.1842511 0.0253372 0.1076613 0.0370784 0.1237240 0.2671738 0.2725343 0.1231942 0.0000010 0.2608535 0.1139785 0.1386733 0.1230084 0.1490764 0.1173686 0.1147850 0.1032431 0.1306441 0.1535371 0.1292930 0.0298228 0.0244369 0.1233700 0.1359759 0.1164502 0.1999952 0.1226511 0.1233424 0.1188052 0.0254172 0.1259649 0.1597812 0.1779459 
Perityle_gilensis_salensis_225             0.1705457 0.1722091 0.2262072 0.2431811 0.1739486 0.1347175 0.1685993 0.2326336 0.3796144 0.1939610 0.1732765 0.0590760 0.1101207 0.1341320 0.1623236 0.1130665 0.0670964 0.2088561 0.1213857 0.0819215 0.0975041 0.1305454 0.0600027 0.0862094 0.1280382 0.1143159 0.1872379 0.1605554 0.2206220 0.1507432 0.1325928 0.2315065 0.1185106 0.1853224 0.1461000 0.2387656 0.2513626 0.0570532 0.1941375 0.1027293 0.1298148 0.0000000 0.2176152 0.2292355 0.1927320 0.2420122 0.1060874 0.1514157 0.1166797 0.2071830 0.0531115 0.1378276 0.1090947 0.2074553 0.1149108 0.2207054 0.1166189 0.1368134 0.2073583 0.3505249 0.1748227 0.1236039 0.3088570 0.1384114 0.0813571 0.2157588 0.0735716 0.2051866 0.1880427 0.0671417 0.0829345 0.0748056 0.2034807 0.1326365 0.1276442 0.0585612 0.1219117 0.1976692 0.2472329 0.0287033 0.0600015 0.1802947 0.1127088 0.1848433 0.0921474 0.0998152 
Perityle_glaucescens_94                    0.1043296 0.1077700 0.1532479 0.2034502 0.0778370 0.0725232 0.1948199 0.2633248 0.3102596 0.1223394 0.2106367 0.2043906 0.1951188 0.1082488 0.2000236 0.2652618 0.2421809 0.2449666 0.1195999 0.2089111 0.2693431 0.2311411 0.1534471 0.2813582 0.1058412 0.1892463 0.1475759 0.2295189 0.1150470 0.1701142 0.1416092 0.2615925 0.2271329 0.1310615 0.1499582 0.2270504 0.0917592 0.2211016 0.1043998 0.2530206 0.1084557 0.2176152 0.0000000 0.3170781 0.0440930 0.1550434 0.2684996 0.2869938 0.1949050 0.0257362 0.2087080 0.2183634 0.1963024 0.2947272 0.1930445 0.1299956 0.1451481 0.1272752 0.3521979 0.4209020 0.1271364 0.0579350 0.2067157 0.1427442 0.1841413 0.1072245 0.2057907 0.1029820 0.1222250 0.1491421 0.2385326 0.2691370 0.2218247 0.1126914 0.1108476 0.2110150 0.2029733 0.1043863 0.1733065 0.2259460 0.2206907 0.1032570 0.1924705 0.1485010 0.2073352 0.1668854 
Perityle_gracilis_11                       0.2832920 0.3279047 0.3175143 0.3314199 0.3148963 0.2434654 0.2507254 0.3873424 0.4578267 0.3107905 0.3033343 0.2381542 0.3102911 0.1944990 0.3255385 0.2929997 0.2385080 0.3503881 0.2470151 0.2321016 0.2779776 0.3385600 0.1951407 0.2827678 0.1912430 0.3080672 0.3044801 0.3294150 0.3421933 0.2848362 0.2636131 0.3393026 0.3587427 0.3105667 0.2851977 0.3506771 0.3480809 0.2229280 0.3125539 0.2845574 0.1916259 0.2292355 0.3170781 0.0000000 0.3234182 0.3589218 0.2419204 0.1407081 0.3120874 0.3134551 0.2308874 0.3168634 0.3173353 0.1222703 0.3061511 0.3203186 0.2756701 0.2086840 0.2164328 0.0530538 0.3273615 0.8793268 0.4662373 0.3327373 0.1209192 0.3430908 0.2385545 0.3344394 0.2918257 0.3039414 0.2640220 0.2846006 0.2992287 0.2051580 0.1903088 0.2167431 0.0153205 0.3395864 0.3817186 0.2402270 0.2341102 0.2903904 0.3100937 0.3275983 0.1999308 0.0965169 
