83
Amauria_brandeegeana_62                    0.0000000 0.0474325 0.0355591 0.2757398 0.1179240 0.0653678 0.2752344 0.1487361 0.3354172 0.1146119 0.1434361 0.0883754 0.1034177 0.0923596 0.1142764 0.0784984 0.1118898 0.1169902 0.0785056 0.1058426 0.1114242 0.0408596 0.1145761 0.0965259 0.0819262 0.1221938 0.1280488 0.1670286 0.1069282 0.0907024 0.1100906 0.1132057 0.1097725 0.1394455 0.0959593 0.1657052 0.0912367 0.1220185 0.1077145 0.1390997 0.1031775 0.1410154 0.1690199 0.1062252 0.1111193 0.1091689 0.0969473 0.1036303 0.1236207 0.1089150 0.1199021 0.1038959 0.1307170 0.0727435 0.0742990 0.1058971 0.1019551 0.1676250 0.1451706 0.1361031 0.0648276 0.1105303 0.1334595 0.1191204 0.1203675 0.1245372 0.0721685 0.1050185 0.0851765 0.1056096 0.1133008 0.1116516 0.1143979 0.0605883 0.1308225 0.1366082 0.0838560 0.1306775 0.1351992 0.1113343 0.0928259 0.1198094 0.0876267 
Amauria_carterae_99_mesa                   0.0474325 0.0000000 0.0455254 0.2420098 0.1107320 0.0629167 0.1907518 0.1319693 0.3077655 0.0631607 0.0739471 0.0695662 0.0631955 0.0600159 0.0749927 0.0599598 0.1073262 0.1117324 0.0666611 0.0614271 0.0654165 0.0309721 0.0574937 0.0589323 0.0600750 0.0664840 0.0778988 0.1365008 0.0965317 0.0861304 0.0734838 0.0727571 0.0614532 0.1038277 0.0622962 0.1097109 0.0698506 0.0574490 0.0633106 0.1038451 0.0645296 0.0997998 0.1086040 0.0629405 0.0649234 0.0613931 0.0949551 0.0550111 0.0740198 0.0630611 0.0732325 0.0596165 0.1074517 0.0589880 0.0605591 0.0618484 0.0649453 0.0960749 0.1315615 0.1344177 0.0592144 0.0734265 0.0964720 0.0686997 0.0861870 0.1054073 0.0634436 0.0623300 0.0644746 0.1014240 0.0659361 0.0649123 0.0655256 0.0580130 0.0827558 0.1127630 0.0629444 0.0695467 0.1144467 0.0600612 0.1743769 0.1180588 0.0725705 
Amauria_rotundifolia_SRR9119150            0.0355591 0.0455254 0.0000000 0.2859628 0.1128818 0.0701381 0.2737096 0.1474894 0.3442074 0.1176930 0.1467946 0.0916516 0.1061305 0.0807858 0.1142814 0.0864906 0.1079594 0.1106865 0.0724671 0.1035089 0.1039202 0.0456504 0.1125953 0.1018742 0.0760703 0.1224293 0.1301654 0.1699342 0.1057503 0.0865521 0.1006808 0.1095440 0.1091698 0.1337994 0.0908786 0.1634022 0.0979084 0.1178110 0.0969028 0.1313500 0.0984540 0.1291050 0.1694176 0.1087564 0.1152562 0.1104889 0.1011471 0.0938233 0.1270635 0.0991023 0.1226185 0.1058378 0.1293759 0.0716331 0.0705146 0.1086750 0.1088632 0.1659091 0.1515028 0.1340829 0.0628952 0.1146924 0.1360523 0.1206278 0.1052370 0.1278737 0.0681715 0.1025523 0.0922167 0.0990175 0.1128960 0.1082500 0.1110592 0.0621665 0.1130852 0.1386356 0.0823043 0.1261560 0.1286892 0.1099888 0.0936638 0.1116784 0.0845972 
Conoclinium_coelestinum_SRR9119114         0.2757398 0.2420098 0.2859628 0.0000000 0.2862103 0.1979687 0.2555649 0.2189059 0.3468563 0.2596421 0.2302068 0.3065671 0.2613687 0.2984470 0.2790491 0.2532762 0.3111287 0.3051969 0.2975491 0.2958809 0.2656156 0.1385246 0.2559020 0.2984885 0.2503140 0.2660997 0.2667071 0.2871059 0.2662745 0.2766655 0.3026026 0.2476166 0.2660173 0.2928080 0.2822508 0.3169264 0.3080120 0.2541112 0.2821753 0.2859455 0.2841254 0.2854621 0.3196814 0.2682334 0.2633882 0.2624186 0.2296352 0.2360574 0.2743893 0.2926281 0.2639966 0.2936895 0.2889721 0.2393439 0.2794427 0.2894025 0.2644316 0.2713519 0.2264515 0.3022461 0.2264428 0.2672655 0.2824170 0.2701588 0.3150987 0.2910986 0.2409169 0.2621199 0.2569911 0.2730345 0.2677648 0.2954304 0.2708779 0.2582584 0.3006025 0.2768760 0.2967690 0.2728247 0.2813509 0.2521521 0.3912459 0.3052807 0.2810120 
Eutetras_palmeri_63                        0.1179240 0.1107320 0.1128818 0.2862103 0.0000000 0.0158014 0.1911228 0.1327270 0.3259956 0.1065704 0.1057045 0.1043497 0.1008445 0.1056917 0.1130225 0.0980423 0.1302519 0.1206135 0.1028688 0.1017011 0.1037608 0.0343969 0.1067185 0.1064222 0.0920763 0.1133676 0.1225078 0.1719956 0.1285174 0.1237445 0.1261040 0.1120280 0.1046946 0.1235176 0.1026772 0.1402233 0.1059285 0.1059832 0.1051319 0.1217508 0.1053710 0.1228689 0.1405383 0.1036899 0.1015367 0.1026024 0.1111658 0.1027606 0.1137546 0.1065150 0.1123553 0.1033360 0.1331566 0.0740668 0.0971125 0.0984096 0.1030651 0.1350915 0.1214919 0.1609695 0.0928079 0.1141185 0.1361418 0.1117445 0.1281297 0.1303992 0.0660564 0.1036869 0.1094449 0.1281884 0.1068261 0.1066122 0.1093150 0.0923281 0.1275840 0.1331769 0.0936617 0.1092671 0.1236726 0.1028158 0.1552088 0.1185304 0.0985470 
Eutetras_pringlei_149_quer                 0.0653678 0.0629167 0.0701381 0.1979687 0.0158014 0.0000000 0.1058318 0.1001508 0.1860057 0.0509790 0.0702936 0.0690670 0.0597757 0.0614829 0.0745286 0.0513905 0.0805144 0.0752413 0.0674875 0.0614658 0.0637879 0.0378754 0.0597907 0.0691766 0.0633827 0.0790956 0.0790066 0.0672616 0.0793088 0.1063207 0.0784499 0.0602382 0.0692349 0.0795846 0.0633333 0.0793868 0.0709489 0.0578986 0.0579531 0.0775983 0.0633380 0.0795519 0.0791295 0.0688216 0.0633380 0.0614829 0.0840181 0.0589700 0.0690820 0.0652420 0.0851433 0.0614829 0.0772190 0.0676636 0.0657258 0.0614829 0.0651794 0.0629815 0.0778047 0.0853847 0.0634093 0.0826959 0.0671086 0.0792357 0.0825925 0.0736715 0.0620558 0.0652092 0.0682129 0.0865182 0.0673576 0.0671639 0.0671541 0.0470376 0.0860376 0.0749922 0.0554529 0.0673557 0.0681414 0.0658083 0.4469099 0.0831447 0.0640353 
Eutrochium_fistulosum_SRR9119106           0.2752344 0.1907518 0.2737096 0.2555649 0.1911228 0.1058318 0.0000000 0.1493251 0.3315824 0.2344371 0.2702687 0.2072218 0.2577802 0.1728157 0.2740361 0.1983573 0.2110520 0.1977989 0.2015034 0.2649381 0.2512503 0.0974526 0.2553252 0.2018950 0.1713807 0.2611915 0.2668970 0.2416967 0.2684522 0.1985878 0.2026441 0.2530659 0.2586941 0.2558664 0.2539913 0.2805825 0.2136810 0.2482510 0.2536370 0.2455692 0.2370489 0.2542191 0.2844436 0.2564889 0.2546682 0.2526153 0.2278893 0.2565053 0.2262890 0.2585298 0.2697150 0.2453698 0.3242663 0.1613816 0.1911133 0.2511754 0.2523218 0.2365361 0.1484389 0.2668935 0.1702008 0.2685541 0.2435526 0.2633874 0.2231335 0.2516236 0.1525042 0.2575850 0.2214471 0.2751970 0.2568980 0.2589045 0.2575237 0.1588386 0.2772435 0.2477615 0.1992362 0.2855165 0.1662259 0.2512939 0.5155722 0.1882035 0.1736937 
Galeana_pratensis_104_mex                  0.1487361 0.1319693 0.1474894 0.2189059 0.1327270 0.1001508 0.1493251 0.0000000 0.2633974 0.1279830 0.1524854 0.1467002 0.1416668 0.1443304 0.1617451 0.1228085 0.1691256 0.1635709 0.1549067 0.1551272 0.1475532 0.0466163 0.1418324 0.1447452 0.1415407 0.1438881 0.1513902 0.1586833 0.1649383 0.1324992 0.1545869 0.1320613 0.1548937 0.1729964 0.1547570 0.1615439 0.1603983 0.1403992 0.1461171 0.1688073 0.1456296 0.1702838 0.1603486 0.1455390 0.1453688 0.1443044 0.1652865 0.1456726 0.1571356 0.1512763 0.1481594 0.1415254 0.1628656 0.1180767 0.1342865 0.1428671 0.1468555 0.1520288 0.1616421 0.1613007 0.1068376 0.1502727 0.1554704 0.1524899 0.1790592 0.1629681 0.1131066 0.1538604 0.1474920 0.1695842 0.1469509 0.1535279 0.1492642 0.1065939 0.1843038 0.1678657 0.1406326 0.1455440 0.1581258 0.1471302 0.2559643 0.1603332 0.1428507 
Helianthus_annuus_SRR9119062               0.3354172 0.3077655 0.3442074 0.3468563 0.3259956 0.1860057 0.3315824 0.2633974 0.0000000 0.2871816 0.3403837 0.3380257 0.3370284 0.3843736 0.3564526 0.3037050 0.3265552 0.3336688 0.3216137 0.3347095 0.3413157 0.0884356 0.3536079 0.3103230 0.2944884 0.3490196 0.3584718 0.3682672 0.3335053 0.2409421 0.3472376 0.3062191 0.3383776 0.3665998 0.3251642 0.3626402 0.3425405 0.3765411 0.3385138 0.3546673 0.3902129 0.3465096 0.3635132 0.3382725 0.3442202 0.3409722 0.2888265 0.3146691 0.3469992 0.3414005 0.3452377 0.3413065 0.3522288 0.2279698 0.2822014 0.3380110 0.3412036 0.3405236 0.2535603 0.3717376 0.2037474 0.3411971 0.3643860 0.3464460 0.3454280 0.3614621 0.1711064 0.3316532 0.3379130 0.3156438 0.3462337 0.3437890 0.3461614 0.1892193 0.3468663 0.3694703 0.2798325 0.3392151 0.3294515 0.3434217 0.3748154 0.2961457 0.2888552 
Pericome_caudata_50_silver                 0.1146119 0.0631607 0.1176930 0.2596421 0.1065704 0.0509790 0.2344371 0.1279830 0.2871816 0.0000000 0.1330528 0.0798532 0.0773220 0.0779121 0.1006363 0.0670325 0.1074295 0.1002397 0.0695014 0.0986323 0.0860879 0.0236706 0.1070098 0.0726047 0.0851910 0.1197527 0.1154438 0.1305718 0.0834081 0.0849032 0.1103143 0.1259183 0.0878137 0.1522012 0.0671494 0.1855864 0.0792327 0.1102839 0.0875238 0.1430495 0.0739861 0.1206510 0.1903910 0.0985079 0.0952322 0.0931318 0.1003332 0.0957405 0.1055136 0.0849187 0.1160913 0.0755194 0.1143324 0.0618727 0.0594826 0.0729797 0.0841083 0.1311442 0.1214855 0.1346935 0.0547931 0.1123105 0.1358718 0.1101749 0.1058323 0.1294126 0.0629847 0.0870359 0.0780979 0.0840003 0.0935475 0.0807944 0.0913448 0.0688948 0.1169329 0.1267027 0.0717698 0.1270320 0.1172828 0.1038301 0.1100647 0.1245901 0.0669379 
Perityle_aglossa_84_dead_horse             0.1434361 0.0739471 0.1467946 0.2302068 0.1057045 0.0702936 0.2702687 0.1524854 0.3403837 0.1330528 0.0000000 0.0606405 0.0477346 0.0356951 0.0750602 0.0765075 0.1205931 0.1072905 0.0592031 0.0663347 0.0410354 0.0264396 0.0319732 0.0362544 0.0451056 0.0479620 0.1032179 0.1878401 0.0915143 0.0960351 0.1168370 0.1574376 0.0647239 0.1534139 0.0628418 0.2094286 0.0807294 0.0330569 0.0500445 0.1533061 0.0265731 0.1211802 0.2189096 0.0490093 0.0705119 0.0518813 0.1294998 0.0468848 0.0776401 0.0515684 0.0722647 0.0429458 0.1323711 0.0480930 0.0542604 0.0355415 0.0603071 0.1492723 0.1353643 0.1658532 0.0456646 0.0531600 0.1613991 0.0682025 0.1696582 0.1482212 0.0657736 0.0665163 0.0559764 0.0995279 0.0554982 0.0559920 0.0335974 0.0521685 0.1485157 0.1784604 0.0716694 0.0911215 0.1251563 0.0350659 0.1496835 0.1323511 0.0611962 
Perityle_ajoensis_204                      0.0883754 0.0695662 0.0916516 0.3065671 0.1043497 0.0690670 0.2072218 0.1467002 0.3380257 0.0798532 0.0606405 0.0000000 0.0263170 0.0286820 0.0463850 0.0302641 0.1134485 0.1081729 0.0333320 0.0340608 0.0232170 0.0211910 0.0287862 0.0352930 0.0263898 0.0453358 0.0541000 0.1687189 0.0919463 0.0948482 0.1157975 0.0906766 0.0357091 0.1176309 0.0354643 0.1216416 0.0430647 0.0269030 0.0291238 0.1134693 0.0177869 0.1000254 0.1254100 0.0235841 0.0210441 0.0186895 0.0968794 0.0262836 0.0480346 0.0071542 0.0457598 0.0192494 0.1072007 0.0530721 0.0404977 0.0151858 0.0198714 0.1236736 0.1235884 0.1180961 0.0523905 0.0353545 0.1258389 0.0450879 0.0882879 0.1228671 0.0432965 0.0403625 0.0081402 0.0915041 0.0082668 0.0078051 0.0079803 0.0301405 0.0937126 0.1250351 0.0238968 0.0336884 0.1093108 0.0201485 0.0907735 0.1297934 0.0500783 
Perityle_ambrosiifolia_67_green            0.1034177 0.0631955 0.1061305 0.2613687 0.1008445 0.0597757 0.2577802 0.1416668 0.3370284 0.0773220 0.0477346 0.0263170 0.0000000 0.0357531 0.0454562 0.0323793 0.1109710 0.1081086 0.0332475 0.0359227 0.0265285 0.0140626 0.0181584 0.0344281 0.0314252 0.0450780 0.0597536 0.1527921 0.0865585 0.0981244 0.1065811 0.0940493 0.0368055 0.1134244 0.0337604 0.1427404 0.0436006 0.0173519 0.0171088 0.1164965 0.0238784 0.1013398 0.1595300 0.0249750 0.0323762 0.0254722 0.0901934 0.0145192 0.0664853 0.0255293 0.0463441 0.0258391 0.1093683 0.0445728 0.0375334 0.0231230 0.0318736 0.1284797 0.1340033 0.1319353 0.0474305 0.0331964 0.1258646 0.0458900 0.1037082 0.1190179 0.0395677 0.0391676 0.0269928 0.0860590 0.0278802 0.0263483 0.0266184 0.0433484 0.0889083 0.1195468 0.0309639 0.0540613 0.1192761 0.0261766 0.0865458 0.1289961 0.0510972 
Perityle_angustifolia_13_Eagle_creek       0.0923596 0.0600159 0.0807858 0.2984470 0.1056917 0.0614829 0.1728157 0.1443304 0.3843736 0.0779121 0.0356951 0.0286820 0.0357531 0.0000000 0.0553034 0.0432960 0.1008658 0.1073300 0.0337949 0.0459781 0.0221115 0.0164214 0.0381464 0.0382364 0.0153656 0.0573092 0.0641381 0.1651859 0.0838907 0.0862593 0.0911425 0.0779777 0.0418284 0.1155155 0.0332918 0.1189363 0.0486471 0.0363742 0.0392389 0.1121589 0.0183988 0.1027876 0.1208591 0.0337251 0.0231731 0.0226216 0.1038879 0.0313822 0.0471111 0.0266117 0.0591943 0.0198187 0.1159599 0.0401619 0.0345525 0.0150660 0.0215034 0.1056398 0.1161535 0.1350978 0.0427924 0.0478266 0.1240674 0.0597107 0.0965679 0.1184543 0.0413982 0.0472098 0.0290338 0.0992527 0.0288860 0.0299771 0.0277555 0.0233522 0.1025339 0.1241334 0.0225781 0.0422069 0.1028241 0.0230004 0.1254721 0.1149032 0.0465511 
Perityle_batopilensis_97                   0.1142764 0.0749927 0.1142814 0.2790491 0.1130225 0.0745286 0.2740361 0.1617451 0.3564526 0.1006363 0.0750602 0.0463850 0.0454562 0.0553034 0.0000000 0.0290715 0.1173932 0.1155105 0.0388213 0.0350928 0.0489319 0.0211257 0.0490420 0.0534045 0.0529295 0.0614683 0.0820319 0.1720436 0.0940826 0.1104508 0.1163169 0.1210671 0.0349079 0.1269156 0.0332872 0.1767299 0.0128414 0.0486469 0.0482774 0.1251266 0.0455895 0.1159398 0.1806691 0.0480134 0.0619063 0.0473337 0.1022775 0.0489070 0.0648316 0.0487280 0.0625897 0.0468111 0.1149632 0.0634716 0.0466557 0.0448203 0.0519534 0.1460672 0.1392954 0.1353974 0.0523911 0.0564196 0.1419824 0.0594289 0.1235280 0.1302168 0.0348987 0.0386033 0.0471492 0.0954483 0.0515199 0.0496309 0.0495305 0.0552278 0.1237266 0.1417265 0.0485586 0.0877828 0.1275538 0.0481747 0.0915731 0.1318269 0.0504109 
Perityle_bisetosa_9                        0.0784984 0.0599598 0.0864906 0.2532762 0.0980423 0.0513905 0.1983573 0.1228085 0.3037050 0.0670325 0.0765075 0.0302641 0.0323793 0.0432960 0.0290715 0.0000000 0.1085251 0.0978747 0.0142181 0.0074230 0.0350924 0.0046489 0.0335452 0.0404047 0.0449993 0.0405559 0.0498800 0.1674414 0.0850188 0.0863836 0.1207894 0.0830133 0.0147893 0.1130118 0.0121922 0.1312930 0.0276045 0.0326145 0.0339293 0.1119063 0.0336877 0.0923417 0.1464808 0.0311276 0.0336371 0.0315251 0.0807426 0.0321074 0.0287251 0.0321177 0.0431703 0.0311627 0.1003934 0.0384531 0.0297562 0.0283859 0.0335767 0.1142618 0.1224077 0.1140037 0.0325721 0.0503820 0.1247652 0.0395372 0.0849208 0.1271470 0.0207806 0.0156100 0.0345577 0.0829512 0.0328600 0.0350369 0.0323260 0.0245319 0.0825612 0.1130031 0.0341150 0.0388873 0.1028131 0.0311890 0.0839585 0.1136077 0.0399821 
Perityle_californica_76_positas            0.1118898 0.1073262 0.1079594 0.3111287 0.1302519 0.0805144 0.2110520 0.1691256 0.3265552 0.1074295 0.1205931 0.1134485 0.1109710 0.1008658 0.1173932 0.1085251 0.0000000 0.1309025 0.0933141 0.1046217 0.1097539 0.0427558 0.1149432 0.1037128 0.0910986 0.1169891 0.1233008 0.1575020 0.1125578 0.1101154 0.0466681 0.1055025 0.1067368 0.1405028 0.0930225 0.1426313 0.1127658 0.1209331 0.1057013 0.1374857 0.0968498 0.1336902 0.1438872 0.1055156 0.1114726 0.1083882 0.1205688 0.0935979 0.1092688 0.1073021 0.1198901 0.1059582 0.1421291 0.0891586 0.0787904 0.1064847 0.1094274 0.1372137 0.1320869 0.1546591 0.0743028 0.1177026 0.1426019 0.1192720 0.1249769 0.1419051 0.0721921 0.1041698 0.1170949 0.1230559 0.1165066 0.1118939 0.1131573 0.0761319 0.1300471 0.1444596 0.0890767 0.1033514 0.1571870 0.1105414 0.0889567 0.0932362 0.0945512 
Perityle_canescens_77                      0.1169902 0.1117324 0.1106865 0.3051969 0.1206135 0.0752413 0.1977989 0.1635709 0.3336688 0.1002397 0.1072905 0.1081729 0.1081086 0.1073300 0.1155105 0.0978747 0.1309025 0.0000000 0.1068181 0.1061457 0.1062378 0.0395729 0.1095799 0.1073433 0.0942153 0.1157147 0.1170389 0.0802535 0.1256310 0.1256439 0.1453558 0.0972781 0.1050438 0.0865387 0.1036951 0.0668128 0.1114752 0.1150931 0.1083824 0.0814965 0.1109196 0.0827914 0.0682608 0.1043606 0.1059462 0.1043241 0.0777172 0.1024016 0.1094568 0.1077850 0.1194744 0.1021131 0.0496932 0.1019166 0.0966888 0.1026945 0.1043048 0.0732161 0.0954746 0.0609923 0.0937306 0.1129299 0.0491525 0.1174579 0.1202343 0.0791320 0.0920986 0.1067325 0.1099975 0.1294384 0.1105629 0.1099725 0.1055996 0.0923380 0.1255273 0.0543245 0.0999187 0.1116149 0.0558764 0.1034966 0.1332896 0.0911976 0.0847110 
Perityle_castillonii_96                    0.0785056 0.0666611 0.0724671 0.2975491 0.1028688 0.0674875 0.2015034 0.1549067 0.3216137 0.0695014 0.0592031 0.0333320 0.0332475 0.0337949 0.0388213 0.0142181 0.0933141 0.1068181 0.0000000 0.0193902 0.0316840 0.0188185 0.0363709 0.0431785 0.0377837 0.0491074 0.0558201 0.1466913 0.0945821 0.1028296 0.0974477 0.0698556 0.0226058 0.0998773 0.0178228 0.1068979 0.0362232 0.0347091 0.0355242 0.0989025 0.0308489 0.0961611 0.1082575 0.0317418 0.0309634 0.0305461 0.0929370 0.0361861 0.0391070 0.0344993 0.0503072 0.0309768 0.1072178 0.0488749 0.0386951 0.0283572 0.0296854 0.1211145 0.1249662 0.1171299 0.0441844 0.0427416 0.1094670 0.0492790 0.0849864 0.1068821 0.0295443 0.0215999 0.0346241 0.0927555 0.0338806 0.0344409 0.0329441 0.0382910 0.0865278 0.1090263 0.0321372 0.0395799 0.1111915 0.0318096 0.0885932 0.0963410 0.0494818 
Perityle_cernua_84                         0.1058426 0.0614271 0.1035089 0.2958809 0.1017011 0.0614658 0.2649381 0.1551272 0.3347095 0.0986323 0.0663347 0.0340608 0.0359227 0.0459781 0.0350928 0.0074230 0.1046217 0.1061457 0.0193902 0.0000000 0.0382528 0.0093409 0.0432124 0.0415195 0.0389792 0.0496201 0.0726020 0.1574321 0.0905222 0.0948639 0.1046621 0.1228780 0.0174590 0.1223528 0.0116364 0.1687546 0.0286250 0.0430999 0.0387617 0.1162453 0.0373475 0.1070389 0.1700007 0.0374691 0.0520149 0.0374701 0.0929187 0.0387362 0.0505361 0.0364028 0.0509672 0.0349276 0.1079905 0.0416648 0.0340115 0.0342114 0.0422600 0.1454262 0.1275142 0.1342081 0.0380939 0.0447503 0.1335457 0.0490073 0.1095830 0.1176304 0.0225084 0.0172385 0.0348516 0.0910985 0.0396139 0.0368907 0.0369202 0.0374589 0.1223973 0.1448142 0.0362604 0.0790544 0.1182672 0.0373642 0.0832405 0.1249542 0.0398314 
Perityle_cfvillosa_25_tin                  0.1114242 0.0654165 0.1039202 0.2656156 0.1037608 0.0637879 0.2512503 0.1475532 0.3413157 0.0860879 0.0410354 0.0232170 0.0265285 0.0221115 0.0489319 0.0350924 0.1097539 0.1062378 0.0316840 0.0382528 0.0000000 0.0211463 0.0297913 0.0361273 0.0153705 0.0486385 0.0747976 0.1571816 0.0893605 0.0911936 0.1050336 0.1068587 0.0387773 0.1131049 0.0338727 0.1535570 0.0479748 0.0289289 0.0282516 0.1165146 0.0070536 0.1028238 0.1708144 0.0255663 0.0226538 0.0087400 0.0946179 0.0247733 0.0683304 0.0212966 0.0486734 0.0132825 0.1089413 0.0458519 0.0385217 0.0108534 0.0104309 0.1307586 0.1213682 0.1325737 0.0473871 0.0350522 0.1312043 0.0483125 0.1172811 0.1127718 0.0451202 0.0410579 0.0231335 0.0907689 0.0225484 0.0222401 0.0217597 0.0262973 0.1085564 0.1264330 0.0232850 0.0648307 0.1141594 0.0096990 0.0983729 0.1205007 0.0493576 
Perityle_cinerea_113_Powell1310            0.0408596 0.0309721 0.0456504 0.1385246 0.0343969 0.0378754 0.0974526 0.0466163 0.0884356 0.0236706 0.0264396 0.0211910 0.0140626 0.0164214 0.0211257 0.0046489 0.0427558 0.0395729 0.0188185 0.0093409 0.0211463 0.0000000 0.0140626 0.0212023 0.0188018 0.0331579 0.0308073 0.0419129 0.0482581 0.0653628 0.0403551 0.0287551 0.0140824 0.0600973 0.0069865 0.0571240 0.0212213 0.0140626 0.0212295 0.0575346 0.0187850 0.0574724 0.0545851 0.0193421 0.0187850 0.0164214 0.0637803 0.0165821 0.0140724 0.0188018 0.0428928 0.0164214 0.0456131 0.0357485 0.0141413 0.0164214 0.0211463 0.0494801 0.1128820 0.0471212 0.0307981 0.0236192 0.0393682 0.0307981 0.0432203 0.0448367 0.0301602 0.0116809 0.0188018 0.0507159 0.0188018 0.0188018 0.0188018 0.0211588 0.0431732 0.0572844 0.0187850 0.0164165 0.0444199 0.0164214 0.2911320 0.0571289 0.0069798 
Perityle_coahuilensis_24                   0.1145761 0.0574937 0.1125953 0.2559020 0.1067185 0.0597907 0.2553252 0.1418324 0.3536079 0.1070098 0.0319732 0.0287862 0.0181584 0.0381464 0.0490420 0.0335452 0.1149432 0.1095799 0.0363709 0.0432124 0.0297913 0.0140626 0.0000000 0.0360043 0.0253251 0.0491607 0.0735433 0.1728238 0.0844993 0.0997871 0.1081718 0.1286967 0.0390371 0.1279702 0.0392241 0.1829258 0.0457981 0.0063121 0.0120537 0.1264764 0.0254991 0.1091046 0.1980500 0.0287823 0.0434539 0.0275313 0.0965812 0.0105862 0.0564760 0.0281185 0.0513260 0.0274764 0.1135721 0.0416732 0.0394986 0.0247755 0.0338501 0.1491999 0.1342361 0.1382671 0.0484425 0.0381827 0.1457575 0.0491641 0.1226747 0.1245110 0.0603896 0.0430650 0.0288571 0.0905457 0.0299155 0.0287037 0.0292408 0.0492823 0.1277376 0.1475932 0.0330796 0.0724610 0.1204617 0.0296072 0.0999282 0.1341453 0.0502036 
Perityle_cochisensis_44_cave_creek         0.0965259 0.0589323 0.1018742 0.2984885 0.1064222 0.0691766 0.2018950 0.1447452 0.3103230 0.0726047 0.0362544 0.0352930 0.0344281 0.0382364 0.0534045 0.0404047 0.1037128 0.1073433 0.0431785 0.0415195 0.0361273 0.0212023 0.0360043 0.0000000 0.0354912 0.0484652 0.0617030 0.1586584 0.0963062 0.0970632 0.1168405 0.0960268 0.0431031 0.1318180 0.0398004 0.1304993 0.0495251 0.0359256 0.0345812 0.1259147 0.0349621 0.1041283 0.1358884 0.0287991 0.0347126 0.0325128 0.0984042 0.0334622 0.0525716 0.0337394 0.0518326 0.0321427 0.1169788 0.0445818 0.0374137 0.0254037 0.0329574 0.1302785 0.1259228 0.1365717 0.0402828 0.0386948 0.1389769 0.0507679 0.0978150 0.1340257 0.0451467 0.0490192 0.0353642 0.0971767 0.0350422 0.0358518 0.0339843 0.0326784 0.1018116 0.1373721 0.0310508 0.0352461 0.1065918 0.0335714 0.1103541 0.1281523 0.0528503 
Perityle_congesta_202                      0.0819262 0.0600750 0.0760703 0.2503140 0.0920763 0.0633827 0.1713807 0.1415407 0.2944884 0.0851910 0.0451056 0.0263898 0.0314252 0.0153656 0.0529295 0.0449993 0.0910986 0.0942153 0.0377837 0.0389792 0.0153705 0.0188018 0.0253251 0.0354912 0.0000000 0.0409347 0.0626353 0.1626142 0.0885529 0.0843006 0.0918637 0.0797260 0.0423298 0.1045559 0.0437493 0.1205188 0.0541470 0.0248835 0.0350503 0.1052449 0.0125905 0.0974686 0.1244093 0.0354276 0.0204984 0.0195241 0.1061924 0.0328819 0.0468872 0.0267726 0.0542687 0.0172067 0.1130309 0.0443005 0.0420939 0.0145529 0.0200168 0.1096488 0.1162270 0.1121299 0.0444143 0.0478623 0.1103443 0.0543195 0.0928637 0.1098812 0.0425175 0.0417860 0.0311674 0.0874046 0.0286927 0.0295130 0.0235099 0.0098980 0.0837228 0.1155690 0.0308805 0.0409253 0.1001441 0.0119922 0.1066359 0.0903365 0.0497328 
Perityle_cordifolia_27                     0.1221938 0.0664840 0.1224293 0.2660997 0.1133676 0.0790956 0.2611915 0.1438881 0.3490196 0.1197527 0.0479620 0.0453358 0.0450780 0.0573092 0.0614683 0.0405559 0.1169891 0.1157147 0.0491074 0.0496201 0.0486385 0.0331579 0.0491607 0.0484652 0.0409347 0.0000000 0.0838169 0.1863301 0.0948053 0.1126952 0.1101872 0.1437476 0.0499749 0.1398969 0.0485140 0.1992837 0.0537763 0.0500549 0.0487921 0.1364478 0.0446047 0.1162830 0.2151005 0.0427510 0.0604746 0.0453548 0.1027790 0.0434069 0.0666159 0.0467369 0.0102443 0.0452226 0.1198264 0.0606616 0.0418469 0.0401722 0.0510250 0.1573225 0.1455394 0.1485778 0.0066555 0.0535373 0.1535689 0.0140831 0.1268155 0.1316280 0.0535639 0.0519602 0.0443070 0.0980202 0.0481018 0.0465413 0.0448623 0.0595197 0.1376906 0.1603597 0.0442911 0.0806677 0.1277735 0.0453379 0.0924294 0.1441227 0.0589093 
Perityle_cordifolia_68_tecolote            0.1280488 0.0778988 0.1301654 0.2667071 0.1225078 0.0790066 0.2668970 0.1513902 0.3584718 0.1154438 0.1032179 0.0541000 0.0597536 0.0641381 0.0820319 0.0498800 0.1233008 0.1170389 0.0558201 0.0726020 0.0747976 0.0308073 0.0735433 0.0617030 0.0626353 0.0838169 0.0000000 0.1873156 0.1066655 0.0982751 0.1195823 0.1320844 0.0706652 0.1516497 0.0655513 0.1857149 0.0624587 0.0744746 0.0719685 0.1543094 0.0657842 0.1422478 0.1946900 0.0712241 0.0771492 0.0709847 0.1088544 0.0762384 0.0816247 0.0732070 0.0861848 0.0660772 0.1292691 0.0108827 0.0494224 0.0664110 0.0649462 0.1643142 0.1294777 0.1525384 0.0482521 0.0864898 0.1631948 0.0847117 0.1245777 0.1398338 0.0551063 0.0737491 0.0549181 0.1069882 0.0729488 0.0721777 0.0746177 0.0668861 0.1374480 0.1502828 0.0535074 0.0991011 0.1283729 0.0721857 0.1032227 0.1428581 0.0614265 
Perityle_coronopifolia_28_patagonia        0.1670286 0.1365008 0.1699342 0.2871059 0.1719956 0.0672616 0.2416967 0.1586833 0.3682672 0.1305718 0.1878401 0.1687189 0.1527921 0.1651859 0.1720436 0.1674414 0.1575020 0.0802535 0.1466913 0.1574321 0.1571816 0.0419129 0.1728238 0.1586584 0.1626142 0.1863301 0.1873156 0.0000000 0.1634394 0.1380912 0.1438903 0.1674873 0.1657745 0.1318757 0.1340812 0.1472500 0.1735103 0.1813241 0.1597717 0.1302943 0.1429202 0.1206129 0.1512242 0.1561020 0.1669406 0.1596378 0.1006395 0.1515671 0.2014329 0.1524764 0.1816670 0.1508439 0.0663964 0.0969812 0.1237708 0.1446763 0.1555182 0.0460659 0.0825019 0.1091983 0.0988546 0.1681040 0.0420467 0.1798222 0.1802015 0.1101449 0.0981204 0.1653192 0.1558913 0.1615001 0.1676467 0.1535134 0.1674315 0.1001068 0.1809452 0.0823967 0.1089205 0.1881500 0.0911694 0.1640825 0.2149725 0.1012265 0.0942689 
Perityle_crassifolia_70_ventanas           0.1069282 0.0965317 0.1057503 0.2662745 0.1285174 0.0793088 0.2684522 0.1649383 0.3335053 0.0834081 0.0915143 0.0919463 0.0865585 0.0838907 0.0940826 0.0850188 0.1125578 0.1256310 0.0945821 0.0905222 0.0893605 0.0482581 0.0844993 0.0963062 0.0885529 0.0948053 0.1066655 0.1634394 0.0000000 0.0333092 0.1165568 0.0801679 0.0886632 0.1254491 0.0903679 0.1564163 0.0992331 0.0849735 0.0903581 0.1308325 0.0856390 0.1268211 0.1726080 0.0891254 0.0884996 0.0877528 0.1182753 0.0853066 0.1153913 0.0933752 0.0989445 0.0871634 0.1285339 0.0917033 0.0925196 0.0881332 0.0885989 0.1320642 0.1702031 0.1464372 0.0873084 0.0967013 0.1328570 0.0984698 0.1122570 0.1328935 0.0797564 0.0891749 0.0913653 0.0204364 0.0889116 0.0917499 0.0917522 0.0996320 0.1009996 0.1252384 0.0880468 0.1199024 0.1503247 0.0885831 0.1237162 0.1167823 0.1002960 
Perityle_crassifolia_74_playa_balandra     0.0907024 0.0861304 0.0865521 0.2766655 0.1237445 0.1063207 0.1985878 0.1324992 0.2409421 0.0849032 0.0960351 0.0948482 0.0981244 0.0862593 0.1104508 0.0863836 0.1101154 0.1256439 0.1028296 0.0948639 0.0911936 0.0653628 0.0997871 0.0970632 0.0843006 0.1126952 0.0982751 0.1380912 0.0333092 0.0000000 0.0993201 0.0816094 0.1018068 0.1300232 0.0931350 0.1348029 0.1089089 0.0980822 0.1016597 0.1267485 0.0910380 0.1373634 0.1314439 0.0968733 0.0895817 0.0882029 0.1161606 0.0952775 0.1001101 0.0944804 0.1145304 0.0898066 0.1381778 0.0988163 0.0999367 0.0880050 0.0911936 0.1366343 0.1058222 0.1732614 0.1129600 0.1025614 0.1367055 0.1145766 0.1076806 0.1265083 0.1337727 0.1003860 0.0958848 0.0377760 0.0986843 0.0912383 0.0953082 0.0961402 0.1103737 0.1361310 0.0861994 0.1033982 0.1191412 0.0898498 0.6463376 0.1249992 0.1000198 
Perityle_cuneata_34_cuneata_San_antonio    0.1100906 0.0734838 0.1006808 0.3026026 0.1261040 0.0784499 0.2026441 0.1545869 0.3472376 0.1103143 0.1168370 0.1157975 0.1065811 0.0911425 0.1163169 0.1207894 0.0466681 0.1453558 0.0974477 0.1046621 0.1050336 0.0403551 0.1081718 0.1168405 0.0918637 0.1101872 0.1195823 0.1438903 0.1165568 0.0993201 0.0000000 0.1054759 0.1058567 0.1403615 0.0890653 0.1393914 0.1185417 0.1073652 0.1034305 0.1424407 0.0804751 0.1370438 0.1414800 0.1044592 0.1054615 0.1012234 0.1363039 0.0862173 0.1185524 0.1015142 0.1157984 0.1043318 0.1405103 0.0904719 0.0944029 0.1025928 0.1047243 0.1183009 0.1285860 0.1877041 0.0861623 0.1160643 0.1372490 0.1096946 0.1293120 0.1346766 0.0960537 0.1031406 0.1076499 0.1326525 0.1129870 0.1063025 0.1048318 0.0885359 0.1269362 0.1406269 0.1014187 0.1007020 0.1418447 0.1099849 0.4557624 0.1350688 0.0832898 
Perityle_cuneata_4                         0.1132057 0.0727571 0.1095440 0.2476166 0.1120280 0.0602382 0.2530659 0.1320613 0.3062191 0.1259183 0.1574376 0.0906766 0.0940493 0.0779777 0.1210671 0.0830133 0.1055025 0.0972781 0.0698556 0.1228780 0.1068587 0.0287551 0.1286967 0.0960268 0.0797260 0.1437476 0.1320844 0.1674873 0.0801679 0.0816094 0.1054759 0.0000000 0.1104997 0.1467363 0.0835662 0.1558190 0.0970299 0.1308810 0.1019924 0.1420220 0.0837798 0.1315997 0.1624955 0.1203949 0.1115669 0.1160621 0.0968375 0.1038402 0.1240240 0.1012964 0.1415732 0.1002015 0.1157634 0.0676534 0.0663768 0.1016055 0.1004069 0.1713096 0.1348886 0.1343082 0.0657086 0.1248921 0.1547575 0.1368439 0.1183920 0.1235651 0.0618183 0.1099373 0.0889654 0.0779392 0.1150603 0.1046397 0.1157383 0.0649764 0.1089812 0.1614020 0.0758328 0.1391081 0.1118845 0.1262762 0.0960992 0.1117734 0.0800322 
Perityle_dissecta_201                      0.1097725 0.0614532 0.1091698 0.2660173 0.1046946 0.0692349 0.2586941 0.1548937 0.3383776 0.0878137 0.0647239 0.0357091 0.0368055 0.0418284 0.0349079 0.0147893 0.1067368 0.1050438 0.0226058 0.0174590 0.0387773 0.0140824 0.0390371 0.0431031 0.0423298 0.0499749 0.0706652 0.1657745 0.0886632 0.1018068 0.1058567 0.1104997 0.0000000 0.1191379 0.0155560 0.1672949 0.0311039 0.0395290 0.0392709 0.1232781 0.0343805 0.1084922 0.1820498 0.0379646 0.0518286 0.0386829 0.0960382 0.0387652 0.0453646 0.0375013 0.0516074 0.0369171 0.1078256 0.0416490 0.0350882 0.0348959 0.0433245 0.1392846 0.1346449 0.1333994 0.0349824 0.0464902 0.1395217 0.0470638 0.1106640 0.1218592 0.0224924 0.0208159 0.0378689 0.0897948 0.0398097 0.0384234 0.0388847 0.0424321 0.1108173 0.1314495 0.0387300 0.0755365 0.1192265 0.0391364 0.0869638 0.1216045 0.0390270 
Perityle_feddemae_99                       0.1394455 0.1038277 0.1337994 0.2928080 0.1235176 0.0795846 0.2558664 0.1729964 0.3665998 0.1522012 0.1534139 0.1176309 0.1134244 0.1155155 0.1269156 0.1130118 0.1405028 0.0865387 0.0998773 0.1223528 0.1131049 0.0600973 0.1279702 0.1318180 0.1045559 0.1398969 0.1516497 0.1318757 0.1254491 0.1300232 0.1403615 0.1467363 0.1191379 0.0000000 0.1012620 0.1198524 0.1239440 0.1320637 0.1100500 0.0214105 0.1044242 0.0186031 0.1296833 0.1190022 0.1277517 0.1197078 0.0158548 0.1055498 0.1473013 0.1097333 0.1371832 0.1154602 0.0855372 0.1070832 0.0958446 0.1144254 0.1184128 0.1111606 0.0980178 0.1074815 0.0981889 0.1344564 0.1103233 0.1338766 0.1537748 0.0803853 0.1139897 0.1156394 0.1164142 0.1225335 0.1243911 0.1176974 0.1198115 0.1047139 0.1552461 0.1160305 0.1076130 0.1428228 0.0890808 0.1269987 0.1270979 0.1023494 0.0960756 
Perityle_fosteri_93                        0.0959593 0.0622962 0.0908786 0.2822508 0.1026772 0.0633333 0.2539913 0.1547570 0.3251642 0.0671494 0.0628418 0.0354643 0.0337604 0.0332918 0.0332872 0.0121922 0.0930225 0.1036951 0.0178228 0.0116364 0.0338727 0.0069865 0.0392241 0.0398004 0.0437493 0.0485140 0.0655513 0.1340812 0.0903679 0.0931350 0.0890653 0.0835662 0.0155560 0.1012620 0.0000000 0.1278280 0.0288698 0.0390388 0.0378685 0.1016288 0.0346498 0.1029060 0.1299333 0.0342448 0.0438462 0.0340635 0.0909299 0.0362449 0.0506136 0.0365595 0.0500188 0.0338389 0.1074241 0.0415681 0.0366950 0.0329759 0.0399732 0.1229471 0.1324154 0.1276587 0.0412264 0.0426116 0.1118692 0.0474363 0.0946059 0.1026653 0.0154798 0.0144526 0.0356507 0.0910131 0.0379297 0.0366958 0.0358369 0.0470399 0.0863607 0.1096560 0.0346590 0.0684513 0.1189480 0.0363640 0.0894294 0.0959785 0.0388893 
Perityle_gamon_221                         0.1657052 0.1097109 0.1634022 0.3169264 0.1402233 0.0793868 0.2805825 0.1615439 0.3626402 0.1855864 0.2094286 0.1216416 0.1427404 0.1189363 0.1767299 0.1312930 0.1426313 0.0668128 0.1068979 0.1687546 0.1535570 0.0571240 0.1829258 0.1304993 0.1205188 0.1992837 0.1857149 0.1472500 0.1564163 0.1348029 0.1393914 0.1558190 0.1672949 0.1198524 0.1278280 0.0000000 0.1295201 0.1888427 0.1541000 0.1110485 0.1313894 0.1030160 0.0159870 0.1676987 0.1636405 0.1679685 0.0622071 0.1538424 0.1679001 0.1459290 0.1942002 0.1441938 0.0978635 0.1051214 0.0997283 0.1377153 0.1484449 0.1480210 0.0952251 0.1136088 0.0948580 0.1874180 0.1242766 0.1892852 0.1671098 0.1080888 0.1051943 0.1659857 0.1246979 0.1488696 0.1682809 0.1474114 0.1659785 0.0979795 0.1501255 0.1428298 0.1011370 0.1782040 0.0799815 0.1816240 0.1459375 0.1059666 0.0860209 
Perityle_gentryi_8_san_francisco           0.0912367 0.0698506 0.0979084 0.3080120 0.1059285 0.0709489 0.2136810 0.1603983 0.3425405 0.0792327 0.0807294 0.0430647 0.0436006 0.0486471 0.0128414 0.0276045 0.1127658 0.1114752 0.0362232 0.0286250 0.0479748 0.0212213 0.0457981 0.0495251 0.0541470 0.0537763 0.0624587 0.1735103 0.0992331 0.1089089 0.1185417 0.0970299 0.0311039 0.1239440 0.0288698 0.1295201 0.0000000 0.0438295 0.0420894 0.1209561 0.0405741 0.1036783 0.1446542 0.0399771 0.0456691 0.0437170 0.0978974 0.0441158 0.0450947 0.0443866 0.0545285 0.0440361 0.1128110 0.0561525 0.0428290 0.0398597 0.0449091 0.1259664 0.1372319 0.1261957 0.0482523 0.0542437 0.1336248 0.0526490 0.0957584 0.1320365 0.0367346 0.0348621 0.0463299 0.0988706 0.0466329 0.0454356 0.0452341 0.0479172 0.0956039 0.1303061 0.0456884 0.0496113 0.1201382 0.0443268 0.0882421 0.1296561 0.0425485 
Perityle_gilensis_22_Superstition          0.1220185 0.0574490 0.1178110 0.2541112 0.1059832 0.0578986 0.2482510 0.1403992 0.3765411 0.1102839 0.0330569 0.0269030 0.0173519 0.0363742 0.0486469 0.0326145 0.1209331 0.1150931 0.0347091 0.0430999 0.0289289 0.0140626 0.0063121 0.0359256 0.0248835 0.0500549 0.0744746 0.1813241 0.0849735 0.0980822 0.1073652 0.1308810 0.0395290 0.1320637 0.0390388 0.1888427 0.0438295 0.0000000 0.0103697 0.1330480 0.0250669 0.1144543 0.2049696 0.0291547 0.0436791 0.0274832 0.1025571 0.0080183 0.0567190 0.0284482 0.0514337 0.0270519 0.1168124 0.0402410 0.0386090 0.0241053 0.0339497 0.1443457 0.1314529 0.1434539 0.0477063 0.0375571 0.1517391 0.0503118 0.1270229 0.1305292 0.0564796 0.0432130 0.0274049 0.0939631 0.0296511 0.0287332 0.0289918 0.0457589 0.1300084 0.1524673 0.0331650 0.0754914 0.1184670 0.0288743 0.1097191 0.1356607 0.0483895 
Perityle_gilensis_salensis_225             0.1077145 0.0633106 0.0969028 0.2821753 0.1051319 0.0579531 0.2536370 0.1461171 0.3385138 0.0875238 0.0500445 0.0291238 0.0171088 0.0392389 0.0482774 0.0339293 0.1057013 0.1083824 0.0355242 0.0387617 0.0282516 0.0212295 0.0120537 0.0345812 0.0350503 0.0487921 0.0719685 0.1597717 0.0903581 0.1016597 0.1034305 0.1019924 0.0392709 0.1100500 0.0378685 0.1541000 0.0420894 0.0103697 0.0000000 0.1116059 0.0275163 0.1075884 0.1566824 0.0274614 0.0421268 0.0274641 0.0948405 0.0100966 0.0711558 0.0285977 0.0496415 0.0263166 0.1092782 0.0446268 0.0386307 0.0251148 0.0338231 0.1470528 0.1395183 0.1332142 0.0515552 0.0356743 0.1257335 0.0471942 0.1088106 0.1066714 0.0581930 0.0410242 0.0297409 0.0909300 0.0306657 0.0284232 0.0295970 0.0491173 0.1095894 0.1277669 0.0317785 0.0658898 0.1222246 0.0273667 0.0922236 0.1158102 0.0528336 
Perityle_glaucescens_94                    0.1390997 0.1038451 0.1313500 0.2859455 0.1217508 0.0775983 0.2455692 0.1688073 0.3546673 0.1430495 0.1533061 0.1134693 0.1164965 0.1121589 0.1251266 0.1119063 0.1374857 0.0814965 0.0989025 0.1162453 0.1165146 0.0575346 0.1264764 0.1259147 0.1052449 0.1364478 0.1543094 0.1302943 0.1308325 0.1267485 0.1424407 0.1420220 0.1232781 0.0214105 0.1016288 0.1110485 0.1209561 0.1330480 0.1116059 0.0000000 0.1044491 0.0197167 0.1133875 0.1157263 0.1276771 0.1187325 0.0133067 0.1064330 0.1509826 0.1133307 0.1332880 0.1152161 0.0875897 0.1008574 0.0944086 0.1133655 0.1194183 0.1103118 0.1031965 0.1051564 0.0939557 0.1340430 0.1015139 0.1328247 0.1415838 0.0828832 0.1080299 0.1203919 0.1186044 0.1289485 0.1235039 0.1165659 0.1203334 0.1050471 0.1495238 0.1083910 0.1036445 0.1461864 0.0853783 0.1224571 0.1272392 0.0993554 0.0909945 
Perityle_gracilis_11                       0.1031775 0.0645296 0.0984540 0.2841254 0.1053710 0.0633380 0.2370489 0.1456296 0.3902129 0.0739861 0.0265731 0.0177869 0.0238784 0.0183988 0.0455895 0.0336877 0.0968498 0.1109196 0.0308489 0.0373475 0.0070536 0.0187850 0.0254991 0.0349621 0.0125905 0.0446047 0.0657842 0.1429202 0.0856390 0.0910380 0.0804751 0.0837798 0.0343805 0.1044242 0.0346498 0.1313894 0.0405741 0.0250669 0.0275163 0.1044491 0.0000000 0.1035503 0.1336533 0.0241341 0.0161002 0.0090089 0.0990622 0.0225390 0.0639211 0.0165626 0.0460724 0.0117974 0.1088011 0.0458870 0.0382217 0.0072181 0.0161743 0.1101021 0.1162270 0.1358122 0.0453712 0.0359531 0.1087311 0.0464932 0.1086540 0.1013716 0.0451107 0.0365438 0.0192114 0.0980528 0.0193748 0.0185681 0.0165831 0.0263013 0.0866951 0.1123307 0.0198648 0.0669417 0.1099508 0.0090072 0.1142236 0.1088710 0.0510372 
Perityle_harkerae_31                       0.1410154 0.0997998 0.1291050 0.2854621 0.1228689 0.0795519 0.2542191 0.1702838 0.3465096 0.1206510 0.1211802 0.1000254 0.1013398 0.1027876 0.1159398 0.0923417 0.1336902 0.0827914 0.0961611 0.1070389 0.1028238 0.0574724 0.1091046 0.1041283 0.0974686 0.1162830 0.1422478 0.1206129 0.1268211 0.1373634 0.1370438 0.1315997 0.1084922 0.0186031 0.1029060 0.1030160 0.1036783 0.1144543 0.1075884 0.0197167 0.1035503 0.0000000 0.1032427 0.1049669 0.1144699 0.1030029 0.0089073 0.1008894 0.1312075 0.1070912 0.1162416 0.1009136 0.0875890 0.1006356 0.0918853 0.1006585 0.1058865 0.1067529 0.1004246 0.1096573 0.0928148 0.1151921 0.0968716 0.1152967 0.1469506 0.0777522 0.1078911 0.1071153 0.1012157 0.1242290 0.1090496 0.1084225 0.1063736 0.1010371 0.1434748 0.0982534 0.0987794 0.1381969 0.0858483 0.1022045 0.1267450 0.0982965 0.0931948 
Perityle_hofmeisteria_4_nombre_de_dios     0.1690199 0.1086040 0.1694176 0.3196814 0.1405383 0.0791295 0.2844436 0.1603486 0.3635132 0.1903910 0.2189096 0.1254100 0.1595300 0.1208591 0.1806691 0.1464808 0.1438872 0.0682608 0.1082575 0.1700007 0.1708144 0.0545851 0.1980500 0.1358884 0.1244093 0.2151005 0.1946900 0.1512242 0.1726080 0.1314439 0.1414800 0.1624955 0.1820498 0.1296833 0.1299333 0.0159870 0.1446542 0.2049696 0.1566824 0.1133875 0.1336533 0.1032427 0.0000000 0.1682353 0.1747456 0.1784722 0.0639256 0.1557208 0.1859675 0.1596322 0.2092607 0.1456396 0.1049694 0.1066760 0.1020576 0.1410403 0.1602221 0.1478777 0.0952162 0.1150065 0.0966531 0.2016641 0.1339713 0.2048062 0.1609349 0.1205415 0.0993797 0.1803919 0.1423848 0.1638495 0.1789244 0.1477428 0.1702152 0.0994025 0.1523666 0.1550761 0.1034652 0.1950370 0.0765034 0.1966393 0.1459993 0.1055877 0.0859617 
Perityle_huecosensis_48                    0.1062252 0.0629405 0.1087564 0.2682334 0.1036899 0.0688216 0.2564889 0.1455390 0.3382725 0.0985079 0.0490093 0.0235841 0.0249750 0.0337251 0.0480134 0.0311276 0.1055156 0.1043606 0.0317418 0.0374691 0.0255663 0.0193421 0.0287823 0.0287991 0.0354276 0.0427510 0.0712241 0.1561020 0.0891254 0.0968733 0.1044592 0.1203949 0.0379646 0.1190022 0.0342448 0.1676987 0.0399771 0.0291547 0.0274614 0.1157263 0.0241341 0.1049669 0.1682353 0.0000000 0.0394752 0.0255127 0.0918381 0.0243934 0.0649816 0.0251754 0.0444791 0.0236180 0.1078809 0.0424858 0.0344797 0.0213548 0.0309624 0.1413240 0.1265419 0.1335481 0.0429368 0.0309689 0.1341738 0.0423486 0.1179713 0.1183896 0.0483983 0.0395855 0.0264535 0.0902302 0.0292942 0.0259774 0.0252043 0.0441174 0.1198345 0.1405206 0.0304983 0.0665173 0.1157691 0.0256914 0.0852341 0.1225760 0.0516560 
Perityle_intricata_59_Clark_mtns           0.1111193 0.0649234 0.1152562 0.2633882 0.1015367 0.0633380 0.2546682 0.1453688 0.3442202 0.0952322 0.0705119 0.0210441 0.0323762 0.0231731 0.0619063 0.0336371 0.1114726 0.1059462 0.0309634 0.0520149 0.0226538 0.0187850 0.0434539 0.0347126 0.0204984 0.0604746 0.0771492 0.1669406 0.0884996 0.0895817 0.1054615 0.1115669 0.0518286 0.1277517 0.0438462 0.1636405 0.0456691 0.0436791 0.0421268 0.1276771 0.0161002 0.1144699 0.1747456 0.0394752 0.0000000 0.0204713 0.0917147 0.0408674 0.0666064 0.0348830 0.0599875 0.0242293 0.1133016 0.0458870 0.0368295 0.0217706 0.0062011 0.1407008 0.1187191 0.1336071 0.0432843 0.0543573 0.1416689 0.0611104 0.1107457 0.1199391 0.0395549 0.0541751 0.0202743 0.0887662 0.0352660 0.0325583 0.0358578 0.0240745 0.1130901 0.1314426 0.0218850 0.0753595 0.1137694 0.0227357 0.0928627 0.1303603 0.0510148 
