82
Amauria_brandeegeana_62                    0.0000000 0.0745817 0.2222409 0.3974554 0.4131410 0.2206944 0.6277833 0.1439508 0.6526072 0.4360965 0.4300900 0.4549717 0.3981099 0.3016996 0.5010013 0.2707344 0.5055455 0.5342868 0.4447838 0.3762621 0.4538005 0.0829728 0.4113105 0.4351982 0.4307191 0.4312857 0.4171927 0.4005504 0.5245510 0.4666916 0.4440870 0.3780530 0.4542166 0.2038949 0.4960357 0.4103882 0.7647582 0.4618519 0.4534110 0.4298503 0.4648068 0.3815028 0.4578861 0.4785399 0.4286091 0.4404201 0.4388694 0.7620341 0.4484360 0.4354704 0.4314382 0.4738665 0.3869818 0.3780558 0.1680173 0.2567414 0.4351181 0.7594727 0.2284340 0.6297275 0.3067228 0.0662029 0.5143392 0.4126566 0.4550303 0.4589633 0.4485601 0.4567717 0.4388683 0.4188456 0.4221748 0.4564968 0.3718765 0.0750311 0.4411890 0.4470310 0.7443414 0.4191428 0.1191683 0.4439766 0.4241508 0.3445737 
Amauria_carterae_99_mesa                   0.0745817 0.0000000 0.0560301 0.1201725 0.0497518 0.1413845 0.3596663 0.0982325 0.3457535 0.0582940 0.0442206 0.0441005 0.0520360 0.0471251 0.0604209 0.0467714 0.1112454 0.3606218 0.0467394 0.0548044 0.0414773 0.0399379 0.0546541 0.0414713 0.0498739 0.0414714 0.0684491 0.0549916 0.3482370 0.0603520 0.0683328 0.0522103 0.0473425 0.0418723 0.0796389 0.0441594 0.3648236 0.0630881 0.0545716 0.0520669 0.0829772 0.0388005 0.0743452 0.0742109 0.0414742 0.0441484 0.0444653 0.3612187 0.0520669 0.0576077 0.0441296 0.0629490 0.0520102 0.0494641 0.0440145 0.0467067 0.0388005 0.3393772 0.0800235 0.3009282 0.0603745 0.0434989 0.0603617 0.0468936 0.0521056 0.0434723 0.1299553 0.0573513 0.0609661 0.0632325 0.0494732 0.0440974 0.0441407 0.0434162 0.0491101 0.0495531 0.3486070 0.0576978 0.0578528 0.0415241 0.0578645 0.0603409 
Amauria_rotundifolia_SRR9119150            0.2222409 0.0560301 0.0000000 0.2992702 0.2567075 0.1820896 0.5806761 0.1658721 0.5818482 0.3037308 0.2948010 0.3184343 0.2193614 0.2844920 0.2941746 0.1362510 0.4962079 0.4475187 0.2455147 0.1870423 0.2708217 0.0971364 0.2325893 0.2612744 0.2716619 0.2795052 0.2731573 0.2864376 0.4893200 0.3194475 0.3155558 0.2646672 0.2732805 0.2428144 0.4590602 0.2531595 0.6967187 0.2589197 0.2776933 0.2559085 0.3271939 0.1894806 0.3113606 0.3617601 0.2502067 0.2695197 0.2702007 0.6597665 0.2646048 0.2380879 0.2704679 0.3030616 0.2076775 0.2563828 0.1553648 0.1244398 0.2679785 0.6574340 0.1397688 0.5599662 0.2164469 0.0529754 0.3355705 0.2799221 0.2561444 0.2959444 0.3682123 0.2691254 0.2770092 0.2827078 0.2650298 0.2732786 0.3116570 0.0946741 0.2740736 0.2889972 0.6538605 0.2434298 0.1059271 0.3590653 0.3333621 0.2643099 
Conoclinium_coelestinum_SRR9119114         0.3974554 0.1201725 0.2992702 0.0000000 0.2929521 0.2898755 0.6804138 0.1743014 0.6677854 0.3404097 0.2984694 0.2983769 0.2787374 0.2977333 0.3057131 0.2121406 0.4984080 0.5563660 0.2976732 0.2652811 0.2876983 0.1371238 0.2845592 0.2895625 0.2855618 0.3078460 0.3494725 0.3015754 0.5628495 0.3190617 0.3244002 0.2979386 0.3091849 0.4027981 0.4156162 0.2868409 0.7686561 0.3099037 0.3265630 0.2996608 0.3256768 0.2634849 0.3071739 0.3252074 0.2749796 0.2884048 0.2898176 0.7306242 0.2862341 0.2924437 0.3021848 0.3264791 0.2786084 0.3257474 0.2141308 0.1938793 0.2856132 0.7632013 0.2045884 0.6493861 0.2431974 0.1194571 0.3443893 0.3171598 0.3163201 0.3635013 0.4312763 0.3013811 0.3013481 0.3144412 0.2848605 0.2875735 0.3405313 0.1431203 0.3701099 0.3233307 0.7382764 0.3033345 0.1630130 0.3377242 0.3014087 0.2873906 
Eutetras_palmeri_63                        0.4131410 0.0497518 0.2567075 0.2929521 0.0000000 0.1950608 0.6662818 0.1347292 0.6228981 0.2021663 0.1313851 0.1696122 0.1248655 0.1111870 0.1599797 0.0790993 0.4124569 0.4749791 0.1062066 0.0849866 0.1129451 0.0489899 0.1178773 0.1147834 0.1365127 0.1361118 0.1416670 0.1542893 0.4899689 0.1670769 0.1711586 0.1566893 0.1231683 0.3539823 0.2681946 0.1221536 0.7229749 0.1168616 0.1581899 0.1221498 0.1466576 0.0905961 0.1489693 0.2317985 0.1257872 0.1169507 0.1124294 0.6674120 0.1048546 0.1051530 0.1202848 0.1473292 0.1052469 0.1339801 0.0974151 0.0757827 0.1121637 0.6871602 0.1079906 0.5816107 0.1407667 0.0399762 0.2463750 0.1356053 0.1199891 0.2298348 0.3684700 0.1136718 0.1311073 0.1370987 0.1066070 0.1108624 0.1485810 0.0567892 0.1870310 0.1457851 0.6682883 0.1268084 0.1037456 0.1924362 0.1645102 0.1033687 
Eutetras_pringlei_149_quer                 0.2206944 0.1413845 0.1820896 0.2898755 0.1950608 0.0000000 0.2447518 0.2470710 0.2270859 0.1727661 0.2026482 0.1922532 0.1975575 0.1910416 0.2138188 0.1965327 0.3909829 0.2134043 0.1991226 0.1911925 0.1856577 0.1888454 0.1889213 0.1855958 0.2023684 0.1999394 0.2390361 0.2154353 0.2254843 0.2115574 0.2196138 0.2122808 0.1962006 0.2183087 0.2084655 0.1913713 0.2083732 0.2075706 0.2003603 0.1806352 0.2047284 0.1856390 0.1979959 0.2121666 0.1254663 0.1913384 0.1899678 0.2243374 0.1910691 0.1998306 0.1892817 0.1922345 0.1862548 0.2088437 0.1996401 0.1967716 0.1856254 0.2351151 0.2288188 0.1407474 0.2149942 0.1164081 0.2029118 0.2157639 0.1991853 0.1628354 0.0961585 0.2018649 0.2106869 0.2243241 0.1942768 0.1856254 0.1837162 0.1902999 0.1631805 0.1975490 0.2419686 0.1969768 0.2145935 0.1887234 0.2188234 0.2050534 
Eutrochium_fistulosum_SRR9119106           0.6277833 0.3596663 0.5806761 0.6804138 0.6662818 0.2447518 0.0000000 0.4039848 0.3155060 0.5724181 0.6480670 0.6452811 0.6265945 0.5300709 0.6624180 0.5451434 0.6008180 0.1836933 0.6356100 0.5674401 0.6420554 0.3423368 0.6490080 0.6399390 0.6599113 0.6868748 0.6813509 0.6079604 0.1244271 0.7043782 0.6858980 0.5942362 0.6353116 0.5919181 0.6495813 0.6245448 0.2799979 0.6262501 0.6715845 0.6607140 0.6439005 0.5808999 0.6401586 0.6570312 0.6350989 0.6461446 0.6217570 0.2771022 0.6196232 0.6301709 0.6629312 0.6338956 0.5866332 0.6636428 0.4657149 0.4757022 0.6406880 0.3038149 0.4909433 0.3643312 0.5506634 0.3642368 0.7039288 0.6702493 0.6309924 0.5776239 0.4881646 0.6509637 0.6212433 0.6448608 0.6290632 0.6429054 0.6684402 0.3332692 0.5557222 0.6675437 0.2814072 0.6191884 0.4041165 0.6440859 0.6315399 0.6099447 
Galeana_pratensis_104_mex                  0.1439508 0.0982325 0.1658721 0.1743014 0.1347292 0.2470710 0.4039848 0.0000000 0.3855004 0.1596937 0.1202078 0.1338369 0.1278495 0.1173058 0.1448682 0.1332391 0.1470733 0.4510099 0.1341165 0.1285995 0.1252284 0.1026864 0.1387547 0.1226267 0.1453244 0.1253773 0.1535648 0.1462572 0.4491516 0.1534646 0.1449381 0.1432477 0.1350929 0.1386877 0.1538352 0.1253837 0.4562199 0.1471235 0.1301351 0.1361538 0.1521200 0.1228506 0.1543286 0.1567893 0.1181764 0.1200420 0.1180611 0.4244786 0.1331078 0.1419014 0.1337495 0.1276785 0.1283957 0.1364738 0.1191973 0.1194945 0.1198831 0.4263506 0.1485701 0.3372430 0.1548984 0.1229849 0.1366537 0.1315788 0.1305452 0.1431028 0.2433690 0.1441590 0.1375841 0.1549055 0.1308367 0.1198831 0.1335998 0.1093739 0.1523835 0.1401360 0.4181288 0.1312652 0.1409149 0.1227809 0.1383936 0.1370386 
Lycapsus_tenuifolius_17                    0.6526072 0.3457535 0.5818482 0.6677854 0.6228981 0.2270859 0.3155060 0.3855004 0.0000000 0.6519680 0.5572543 0.6178602 0.5871592 0.4619836 0.6723934 0.4914304 0.6184540 0.1237489 0.5994319 0.5573425 0.6301440 0.3602560 0.5866978 0.5745815 0.5882877 0.5952982 0.5901479 0.5667940 0.0959829 0.6486552 0.5859329 0.5568311 0.5760456 0.6661993 0.6989992 0.6012839 0.2398993 0.6122294 0.6138011 0.6101271 0.5711486 0.5547070 0.5632195 0.6667157 0.5623776 0.5951440 0.5897548 0.2211103 0.6163850 0.5939395 0.5938345 0.6217361 0.5664379 0.5890227 0.4546225 0.4920979 0.5503347 0.2041535 0.4841873 0.3797796 0.5483696 0.3594455 0.6944005 0.6112731 0.6005855 0.6863368 0.4855957 0.6226340 0.5665964 0.5833500 0.5588876 0.6054989 0.5592425 0.3525026 0.6487478 0.6457210 0.1745239 0.5911694 0.4400337 0.5930824 0.5530327 0.5347878 
Pericome_caudata_50_silver                 0.4360965 0.0582940 0.3037308 0.3404097 0.2021663 0.1727661 0.5724181 0.1596937 0.6519680 0.0000000 0.2465253 0.2959721 0.1654040 0.1814316 0.2456546 0.1108628 0.4438818 0.4257876 0.1998967 0.1285658 0.2237029 0.0662248 0.1833404 0.2237500 0.2403703 0.2445797 0.2712307 0.2443159 0.4360372 0.2745107 0.3153665 0.2390848 0.2379165 0.3862312 0.4028828 0.2116891 0.6562043 0.2206703 0.2581701 0.2111088 0.2384871 0.1482456 0.2465407 0.2813055 0.2504743 0.2274892 0.2288743 0.6444403 0.2124101 0.2099496 0.2104664 0.2505989 0.1502168 0.1928888 0.1412200 0.1003517 0.2212745 0.7738513 0.1223737 0.5998793 0.2062712 0.0562700 0.2516003 0.2197877 0.2211653 0.1740069 0.3889960 0.2157694 0.2446791 0.2342483 0.2338183 0.2265712 0.2359501 0.0884475 0.1505428 0.2388515 0.7249181 0.2094102 0.1164021 0.3505245 0.3591703 0.2010678 
Perityle_aglossa_84_dead_horse             0.4300900 0.0442206 0.2948010 0.2984694 0.1313851 0.2026482 0.6480670 0.1202078 0.5572543 0.2465253 0.0000000 0.1414140 0.1034600 0.1254431 0.1276712 0.0442019 0.3756611 0.4798960 0.0630496 0.0568782 0.0650560 0.0412034 0.1188242 0.0586402 0.1024003 0.0872604 0.2047444 0.1492823 0.4769156 0.1963366 0.2479079 0.1564803 0.0694710 0.3517251 0.2269125 0.0826168 0.7144322 0.0820422 0.1333487 0.1091591 0.1657049 0.0538931 0.1555071 0.2287159 0.1018231 0.0606962 0.0652673 0.6551877 0.0581645 0.0752844 0.1155592 0.1313283 0.0824562 0.1414653 0.0997267 0.0575288 0.0566197 0.6644449 0.1053903 0.5436187 0.1322007 0.0476033 0.2521739 0.1445110 0.0794194 0.2817166 0.3564354 0.0649580 0.0759345 0.1405283 0.0773375 0.0544405 0.1385940 0.0513459 0.2531585 0.1524523 0.6336027 0.1007080 0.1034928 0.1041090 0.2208761 0.0623749 
Perityle_ajoensis_204                      0.4549717 0.0441005 0.3184343 0.2983769 0.1696122 0.1922532 0.6452811 0.1338369 0.6178602 0.2959721 0.1414140 0.0000000 0.1163127 0.0411817 0.2267483 0.0667004 0.3987030 0.4587390 0.1295256 0.0846533 0.1622859 0.0313410 0.1008583 0.1557900 0.1933980 0.1917409 0.2044589 0.1366701 0.4854037 0.1944650 0.1891809 0.1503061 0.1586952 0.4022498 0.2404201 0.1774193 0.7235367 0.1776637 0.1602745 0.0929290 0.1561094 0.1445471 0.1195778 0.2402301 0.1756876 0.1573561 0.1641415 0.6553085 0.1186557 0.1467155 0.0338068 0.1183672 0.0817058 0.1223390 0.1079301 0.0680935 0.1537367 0.7629462 0.1097598 0.5773180 0.1713514 0.0475796 0.2827755 0.1901078 0.1717464 0.2665916 0.3571395 0.1717960 0.1648813 0.1128625 0.1527792 0.1549302 0.0976186 0.0601047 0.2345948 0.1459510 0.7532678 0.2026422 0.0837457 0.2327346 0.1686674 0.1100506 
Perityle_ambrosiifolia_67_green            0.3981099 0.0520360 0.2193614 0.2787374 0.1248655 0.1975575 0.6265945 0.1278495 0.5871592 0.1654040 0.1034600 0.1163127 0.0000000 0.0283161 0.1076981 0.0681020 0.3798401 0.4688660 0.0835757 0.0830862 0.0861331 0.0287783 0.0381098 0.0901713 0.1339320 0.1239592 0.1361839 0.1360877 0.4886774 0.1715167 0.1520042 0.1435640 0.0883513 0.3760822 0.2419674 0.1231856 0.7058795 0.1029730 0.0509636 0.0554816 0.1161103 0.0870414 0.1108561 0.1176967 0.1170199 0.0939098 0.0838322 0.6731983 0.0852955 0.0846545 0.0485857 0.0668002 0.0376915 0.1303039 0.1009494 0.0742297 0.0900649 0.6737213 0.1021388 0.5236879 0.1012244 0.0500849 0.1507488 0.1339233 0.0978807 0.1677941 0.3073961 0.0884823 0.0967476 0.1134078 0.0883458 0.0878819 0.1048933 0.0651758 0.1748833 0.0862026 0.6753869 0.1269029 0.0978932 0.2005659 0.1681663 0.1148108 
Perityle_angustifolia_13_Eagle_creek       0.3016996 0.0471251 0.2844920 0.2977333 0.1111870 0.1910416 0.5300709 0.1173058 0.4619836 0.1814316 0.1254431 0.0411817 0.0283161 0.0000000 0.1234103 0.0601979 0.3809925 0.4128808 0.0970230 0.0755249 0.1075389 0.0263779 0.0268115 0.1076978 0.1349430 0.1197630 0.1263445 0.0634595 0.3990691 0.0884223 0.0864482 0.0646523 0.1043962 0.2840631 0.0764613 0.1077137 0.5577018 0.1184396 0.0893644 0.0394653 0.0715771 0.0869221 0.0721389 0.1123542 0.1020999 0.1094556 0.1083932 0.5656400 0.1058274 0.1179611 0.0346887 0.0392881 0.0118071 0.1124510 0.0953926 0.0657856 0.1091281 0.5733032 0.0706880 0.5229587 0.0770659 0.0435172 0.1444904 0.1184011 0.1166981 0.1700547 0.3383081 0.0953565 0.1154024 0.0703409 0.1132008 0.1095425 0.0379443 0.0599191 0.1812189 0.0617942 0.5437535 0.1115140 0.0795478 0.1076460 0.0703507 0.1269546 
Perityle_batopilensis_97                   0.5010013 0.0604209 0.2941746 0.3057131 0.1599797 0.2138188 0.6624180 0.1448682 0.6723934 0.2456546 0.1276712 0.2267483 0.1076981 0.1234103 0.0000000 0.0439964 0.4002176 0.4836431 0.0711696 0.0512762 0.1074937 0.0486080 0.1170486 0.1086497 0.1501562 0.1356041 0.1520398 0.1775461 0.5181271 0.2356792 0.2310202 0.1802309 0.1103040 0.3808903 0.3400782 0.1070956 0.7386293 0.0535939 0.1943358 0.1222846 0.2010366 0.0497699 0.2070742 0.2094577 0.1396394 0.1068609 0.1040076 0.7121439 0.0978651 0.0442798 0.1504444 0.1732548 0.0942880 0.1415375 0.1065582 0.0543178 0.1030224 0.7480470 0.1094608 0.6085658 0.1858160 0.0556852 0.2234125 0.1681359 0.1015823 0.2482709 0.4079012 0.1109125 0.1109308 0.1718048 0.1095822 0.1054849 0.1893059 0.0590368 0.2416020 0.1776500 0.7182818 0.0997656 0.1022647 0.2060898 0.2555428 0.0504655 
Perityle_bisetosa_9                        0.2707344 0.0467714 0.1362510 0.2121406 0.0790993 0.1965327 0.5451434 0.1332391 0.4914304 0.1108628 0.0442019 0.0667004 0.0681020 0.0601979 0.0439964 0.0000000 0.2493296 0.4694651 0.0202249 0.0410576 0.0320642 0.0312302 0.0640700 0.0320876 0.0609870 0.0690325 0.1092449 0.0715153 0.4891794 0.1141716 0.0991915 0.0711540 0.0430103 0.2098923 0.1657195 0.0426672 0.6156857 0.0502025 0.0738618 0.0568925 0.0977806 0.0305256 0.0909682 0.1135182 0.0371484 0.0350465 0.0307397 0.5945531 0.0320304 0.0305555 0.0681455 0.0764458 0.0653227 0.0971362 0.0934600 0.0528852 0.0305951 0.5732079 0.1027339 0.3583359 0.0977898 0.0347116 0.0611280 0.1008446 0.0457415 0.1061696 0.2093315 0.0216402 0.0491732 0.0750047 0.0367925 0.0305285 0.1083812 0.0387495 0.1185987 0.0762080 0.5697106 0.0564314 0.0948216 0.0276105 0.0699191 0.0412339 
Perityle_californica_76_positas            0.5055455 0.1112454 0.4962079 0.4984080 0.4124569 0.3909829 0.6008180 0.1470733 0.6184540 0.4438818 0.3756611 0.3987030 0.3798401 0.3809925 0.4002176 0.2493296 0.0000000 0.4902479 0.4084752 0.2890627 0.3856964 0.1364388 0.3915727 0.3826338 0.4118503 0.3894594 0.3929510 0.4105341 0.4346262 0.3975853 0.4132760 0.3793963 0.3864412 0.4764378 0.4136809 0.3752450 0.7330364 0.3726698 0.4329826 0.4036370 0.4250938 0.3210812 0.4236802 0.4368729 0.4085946 0.3904739 0.3837734 0.7233844 0.3755399 0.3624083 0.3998814 0.4130652 0.3393374 0.3678232 0.2083925 0.2260086 0.3786821 0.7808470 0.0945667 0.6555390 0.1937779 0.0965216 0.4329112 0.3829428 0.3821719 0.4423238 0.6750136 0.3824932 0.3916840 0.4255506 0.3536638 0.3864102 0.3896283 0.1222235 0.4330484 0.3975118 0.7019678 0.3935767 0.1248799 0.3830520 0.4184869 0.3737849 
Perityle_canescens_77                      0.5342868 0.3606218 0.4475187 0.5563660 0.4749791 0.2134043 0.1836933 0.4510099 0.1237489 0.4257876 0.4798960 0.4587390 0.4688660 0.4128808 0.4836431 0.4694651 0.4902479 0.0000000 0.4694105 0.4560849 0.4643140 0.3945588 0.4612596 0.4555021 0.4834904 0.4801747 0.4890109 0.4588665 0.0772237 0.5159229 0.4697128 0.4518350 0.4620701 0.5196977 0.4771614 0.4668619 0.0883469 0.4682412 0.4768124 0.4605389 0.4688392 0.4632202 0.4575550 0.4877021 0.4214970 0.4806909 0.4606516 0.0937852 0.4693074 0.4766208 0.4651154 0.4404514 0.4576823 0.4737729 0.4687632 0.4491102 0.4627428 0.1523804 0.4420378 0.1290938 0.4841773 0.3606883 0.4784960 0.4961097 0.4555256 0.4423605 0.3320270 0.4725105 0.4703197 0.4733235 0.4682083 0.4600807 0.4615589 0.4060010 0.4393819 0.4881542 0.1513049 0.4739101 0.4617231 0.4639388 0.4546024 0.4816959 
Perityle_castillonii_96                    0.4447838 0.0467394 0.2455147 0.2976732 0.1062066 0.1991226 0.6356100 0.1341165 0.5994319 0.1998967 0.0630496 0.1295256 0.0835757 0.0970230 0.0711696 0.0202249 0.4084752 0.4694105 0.0000000 0.0307633 0.0466654 0.0436873 0.0880949 0.0455037 0.0910596 0.0764946 0.1497013 0.1459579 0.4915070 0.1753909 0.1575550 0.1501731 0.0437084 0.3517103 0.2580474 0.0728212 0.6980625 0.0530124 0.1274209 0.1017547 0.1361875 0.0422683 0.1334487 0.1495481 0.0628282 0.0477206 0.0457044 0.6679605 0.0432787 0.0423513 0.1086116 0.1123883 0.0743626 0.1400631 0.1038187 0.0481332 0.0434541 0.6839601 0.1146628 0.5489968 0.1157289 0.0476051 0.1538408 0.1338025 0.0574782 0.2119512 0.3527508 0.0331792 0.0585362 0.1454500 0.0482339 0.0445420 0.1472918 0.0539239 0.2158016 0.1122834 0.6606559 0.0714579 0.1011089 0.1209535 0.1546757 0.0594770 
Perityle_cernua_84                         0.3762621 0.0548044 0.1870423 0.2652811 0.0849866 0.1911925 0.5674401 0.1285995 0.5573425 0.1285658 0.0568782 0.0846533 0.0830862 0.0755249 0.0512762 0.0410576 0.2890627 0.4560849 0.0307633 0.0000000 0.0427616 0.0435087 0.0711618 0.0403121 0.0744901 0.0717874 0.1252379 0.1074483 0.4724742 0.1303798 0.1297216 0.1098659 0.0431061 0.3034066 0.2211284 0.0548841 0.6480697 0.0435585 0.0723609 0.0813976 0.1184887 0.0390469 0.1163838 0.1227144 0.0620518 0.0403878 0.0344575 0.6303048 0.0379079 0.0440173 0.0847765 0.0890260 0.0744462 0.1176625 0.0952409 0.0358150 0.0416085 0.6275999 0.1016849 0.4647676 0.1000305 0.0527064 0.0930925 0.1053291 0.0420879 0.1346875 0.2783848 0.0416779 0.0506906 0.1103673 0.0419446 0.0378553 0.1274206 0.0538181 0.1403709 0.0889487 0.6246964 0.0632173 0.0987093 0.0978375 0.1149011 0.0516133 
Perityle_cfvillosa_25_tin                  0.4538005 0.0414773 0.2708217 0.2876983 0.1129451 0.1856577 0.6420554 0.1252284 0.6301440 0.2237029 0.0650560 0.1622859 0.0861331 0.1075389 0.1074937 0.0320642 0.3856964 0.4643140 0.0466654 0.0427616 0.0000000 0.0263357 0.0895488 0.0246537 0.0828388 0.0676762 0.1337812 0.1616501 0.4892282 0.1957960 0.1886660 0.1722175 0.0434359 0.3755140 0.2686815 0.0663859 0.7150114 0.0611777 0.1211557 0.0935698 0.1464845 0.0246094 0.1446016 0.1940365 0.0719286 0.0264024 0.0109713 0.6787066 0.0331724 0.0348379 0.1062399 0.1207255 0.0827621 0.1278909 0.0920865 0.0496055 0.0282137 0.7198298 0.1005278 0.5538106 0.1168160 0.0296598 0.2148378 0.1236841 0.0603407 0.2408945 0.3546307 0.0465940 0.0578705 0.1417850 0.0244508 0.0237711 0.1500046 0.0336773 0.2223576 0.1197405 0.7152752 0.0890916 0.1008958 0.1125828 0.1845173 0.0422576 
Perityle_cinerea_113_Powell1310            0.0829728 0.0399379 0.0971364 0.1371238 0.0489899 0.1888454 0.3423368 0.1026864 0.3602560 0.0662248 0.0412034 0.0313410 0.0287783 0.0263779 0.0486080 0.0312302 0.1364388 0.3945588 0.0436873 0.0435087 0.0263357 0.0000000 0.0312398 0.0263802 0.0413542 0.0362082 0.0718477 0.0564269 0.3852353 0.0588690 0.0587848 0.0538161 0.0390164 0.0752111 0.0692703 0.0239252 0.4043284 0.0587103 0.0287624 0.0214841 0.0593991 0.0239028 0.0566560 0.0616385 0.0128561 0.0263616 0.0192118 0.4053509 0.0336269 0.0435737 0.0361672 0.0387028 0.0287647 0.0413162 0.0510612 0.0511389 0.0214900 0.3730448 0.0667652 0.3350768 0.0617093 0.0274598 0.0537445 0.0489598 0.0509951 0.0491688 0.1761685 0.0535143 0.0491030 0.0641541 0.0336962 0.0239137 0.0288641 0.0420189 0.0572561 0.0444300 0.3787993 0.0538627 0.0784014 0.0239502 0.0540511 0.0486027 
Perityle_cochisensis_44_cave_creek         0.4113105 0.0546541 0.2325893 0.2845592 0.1178773 0.1889213 0.6490080 0.1387547 0.5866978 0.1833404 0.1188242 0.1008583 0.0381098 0.0268115 0.1170486 0.0640700 0.3915727 0.4612596 0.0880949 0.0711618 0.0895488 0.0312398 0.0000000 0.0941346 0.1465124 0.1202145 0.1365327 0.1275209 0.4845172 0.1736564 0.1566077 0.1387768 0.0879129 0.3758603 0.2332035 0.1248302 0.6796268 0.0996159 0.0756863 0.0358476 0.1042488 0.0753679 0.1040660 0.1179779 0.1244371 0.0999625 0.0904414 0.6565334 0.0847962 0.0725614 0.0448911 0.0595271 0.0336783 0.1224193 0.1030040 0.0653991 0.0943034 0.7009725 0.0943430 0.5509068 0.0984648 0.0552201 0.1703640 0.1232659 0.0983187 0.2008099 0.3276694 0.0800671 0.0920840 0.1140683 0.0927607 0.0943909 0.0855281 0.0650569 0.2062754 0.0836590 0.6955047 0.1304309 0.0857776 0.2147292 0.1685306 0.1142597 
Perityle_congesta_202                      0.4351982 0.0414713 0.2612744 0.2895625 0.1147834 0.1855958 0.6399390 0.1226267 0.5745815 0.2237500 0.0586402 0.1557900 0.0901713 0.1076978 0.1086497 0.0320876 0.3826338 0.4555021 0.0455037 0.0403121 0.0246537 0.0263802 0.0941346 0.0000000 0.0879928 0.0679555 0.1572285 0.1638570 0.4807986 0.2052979 0.2350320 0.1745224 0.0486699 0.3829577 0.2662478 0.0663764 0.7000866 0.0618458 0.1187991 0.0919768 0.1583824 0.0200061 0.1540810 0.2081079 0.0764226 0.0197616 0.0269733 0.6648200 0.0351493 0.0396912 0.1087410 0.1269643 0.0742704 0.1307233 0.0845426 0.0496533 0.0196290 0.6870733 0.0987700 0.5545226 0.1170215 0.0296556 0.2368138 0.1269151 0.0606911 0.2522996 0.3548421 0.0448384 0.0587277 0.1442094 0.0177211 0.0101759 0.1487300 0.0287831 0.2254583 0.1312139 0.6732796 0.0915267 0.0963222 0.1142242 0.2290845 0.0409797 
Perityle_cordifolia_27                     0.4307191 0.0498739 0.2716619 0.2855618 0.1365127 0.2023684 0.6599113 0.1453244 0.5882877 0.2403703 0.1024003 0.1933980 0.1339320 0.1349430 0.1501562 0.0609870 0.4118503 0.4834904 0.0910596 0.0744901 0.0828388 0.0413542 0.1465124 0.0879928 0.0000000 0.1030274 0.2142334 0.1947322 0.5081854 0.2243330 0.2319822 0.2052039 0.0915539 0.3849471 0.2933958 0.0511440 0.7484883 0.1136222 0.1523416 0.1465918 0.1724722 0.0904591 0.1617707 0.2559982 0.0677494 0.0929807 0.0942740 0.7037602 0.0746286 0.1210956 0.1356288 0.1792485 0.1255243 0.1441475 0.0903759 0.0736288 0.0894853 0.7016728 0.1164569 0.5658167 0.1454933 0.0098102 0.1965043 0.1435295 0.1150014 0.2585245 0.3615957 0.0977942 0.1132619 0.1720357 0.1013948 0.0867770 0.1759101 0.0491196 0.2336469 0.1804147 0.6846314 0.0634839 0.1039813 0.1517027 0.2485881 0.0568085 
Perityle_cordifolia_68_tecolote            0.4312857 0.0414714 0.2795052 0.3078460 0.1361118 0.1999394 0.6868748 0.1253773 0.5952982 0.2445797 0.0872604 0.1917409 0.1239592 0.1197630 0.1356041 0.0690325 0.3894594 0.4801747 0.0764946 0.0717874 0.0676762 0.0362082 0.1202145 0.0679555 0.1030274 0.0000000 0.1973784 0.1807457 0.4954186 0.2298942 0.2442397 0.1864760 0.0794637 0.4022282 0.3001759 0.0824023 0.7540622 0.0924307 0.1438811 0.1101764 0.1818212 0.0681619 0.1803512 0.2296823 0.0949794 0.0726045 0.0742509 0.6871746 0.0682464 0.0696840 0.1414542 0.1602567 0.1150179 0.1439648 0.0655163 0.0766705 0.0645380 0.7057219 0.1070467 0.5368503 0.1254216 0.0322905 0.2570825 0.1401389 0.0924156 0.2670329 0.3516367 0.0750983 0.0903235 0.1606543 0.0865300 0.0669426 0.1660689 0.0413594 0.2439645 0.1584918 0.6820534 0.1077052 0.0916034 0.1617002 0.2491993 0.0581016 
Perityle_coronopifolia_28_patagonia        0.4171927 0.0684491 0.2731573 0.3494725 0.1416670 0.2390361 0.6813509 0.1535648 0.5901479 0.2712307 0.2047444 0.2044589 0.1361839 0.1263445 0.1520398 0.1092449 0.3929510 0.4890109 0.1497013 0.1252379 0.1337812 0.0718477 0.1365327 0.1572285 0.2142334 0.1973784 0.0000000 0.1850332 0.5186460 0.2348934 0.2450963 0.1913664 0.1369723 0.4475552 0.2901351 0.1470836 0.7171778 0.1974767 0.1740800 0.1449358 0.2038253 0.1520914 0.1697635 0.2398191 0.2148546 0.1824570 0.1767749 0.6912727 0.1310016 0.1672869 0.1376759 0.2092535 0.1302269 0.0657558 0.1340200 0.1100975 0.1852611 0.7512843 0.0517942 0.6145590 0.1257441 0.0686205 0.2671403 0.0270959 0.2046047 0.2351682 0.3923701 0.1458370 0.1948451 0.1672047 0.1809913 0.1565814 0.1878243 0.0877291 0.2373371 0.1602655 0.7418637 0.2068383 0.0899419 0.2462188 0.2725141 0.1449996 
Perityle_crassifolia_70_ventanas           0.4005504 0.0549916 0.2864376 0.3015754 0.1542893 0.2154353 0.6079604 0.1462572 0.5667940 0.2443159 0.1492823 0.1366701 0.1360877 0.0634595 0.1775461 0.0715153 0.4105341 0.4588665 0.1459579 0.1074483 0.1616501 0.0564269 0.1275209 0.1638570 0.1947322 0.1807457 0.1850332 0.0000000 0.4431995 0.1617630 0.1687447 0.0099895 0.1730791 0.3680743 0.2190441 0.1722197 0.6806557 0.1757707 0.1789432 0.1270776 0.1469352 0.1505880 0.1160129 0.1692430 0.1759766 0.1634612 0.1647395 0.6467722 0.1386164 0.1596653 0.0789268 0.1398411 0.1131959 0.1454458 0.1070417 0.0758461 0.1639293 0.6750528 0.1223683 0.5378791 0.1561552 0.0555318 0.2267930 0.1762237 0.1693526 0.2072899 0.3437531 0.1590096 0.1782812 0.0066607 0.1662922 0.1642608 0.1043154 0.0745844 0.1974706 0.1324176 0.6689516 0.1806103 0.1062932 0.2274576 0.0148348 0.1344767 
Perityle_crassifolia_74_playa_balandra     0.5245510 0.3482370 0.4893200 0.5628495 0.4899689 0.2254843 0.1244271 0.4491516 0.0959829 0.4360372 0.4769156 0.4854037 0.4886774 0.3990691 0.5181271 0.4891794 0.4346262 0.0772237 0.4915070 0.4724742 0.4892282 0.3852353 0.4845172 0.4807986 0.5081854 0.4954186 0.5186460 0.4431995 0.0000000 0.4983989 0.4824235 0.4434698 0.4776489 0.5146003 0.5082249 0.4683115 0.0897420 0.5023982 0.4909769 0.4853561 0.4885804 0.4852090 0.4766324 0.4662724 0.4205325 0.5034403 0.4734735 0.1036172 0.4914006 0.5021622 0.4858175 0.4586342 0.4699101 0.5022288 0.4877759 0.4868512 0.4847290 0.0929274 0.4863085 0.0830436 0.4965518 0.3660482 0.4731978 0.5195403 0.4753080 0.4794601 0.2867936 0.4948987 0.4814232 0.4541447 0.4998345 0.4851541 0.4892974 0.3923572 0.4661178 0.5034149 0.0839114 0.4636723 0.4719217 0.4893749 0.4388868 0.5055926 
Perityle_cuneata_34_cuneata_San_antonio    0.4666916 0.0603520 0.3194475 0.3190617 0.1670769 0.2115574 0.7043782 0.1534646 0.6486552 0.2745107 0.1963366 0.1944650 0.1715167 0.0884223 0.2356792 0.1141716 0.3975853 0.5159229 0.1753909 0.1303798 0.1957960 0.0588690 0.1736564 0.2052979 0.2243330 0.2298942 0.2348934 0.1617630 0.4983989 0.0000000 0.2037581 0.1653174 0.2017962 0.4274440 0.2623493 0.1990769 0.7170456 0.2048557 0.2162433 0.1788263 0.1827785 0.2013055 0.1352546 0.2484929 0.2115614 0.2049307 0.2086536 0.6982781 0.1566793 0.2117375 0.1109803 0.1903603 0.1412870 0.1586827 0.1299813 0.1098701 0.2055120 0.7667872 0.1517913 0.5567099 0.1965718 0.0606196 0.2882313 0.2081683 0.2258785 0.2586148 0.3789397 0.2123026 0.2151467 0.1330486 0.2083196 0.2056155 0.1558544 0.0847913 0.2354034 0.1939144 0.7469486 0.2190400 0.1206297 0.2673635 0.2112576 0.1518052 
Perityle_cuneata_4                         0.4440870 0.0683328 0.3155558 0.3244002 0.1711586 0.2196138 0.6858980 0.1449381 0.5859329 0.3153665 0.2479079 0.1891809 0.1520042 0.0864482 0.2310202 0.0991915 0.4132760 0.4697128 0.1575550 0.1297216 0.1886660 0.0587848 0.1566077 0.2350320 0.2319822 0.2442397 0.2450963 0.1687447 0.4824235 0.2037581 0.0000000 0.1802852 0.1934863 0.4571097 0.2704717 0.1835334 0.7470027 0.2223802 0.2070816 0.1783650 0.1952772 0.2149800 0.1508266 0.3032570 0.2190960 0.2341992 0.2282109 0.7304800 0.1594841 0.2227810 0.1028281 0.2101221 0.1156178 0.1560115 0.1157084 0.0962583 0.2218849 0.7136584 0.1198696 0.5699402 0.1844817 0.0603203 0.3311304 0.1980483 0.2363924 0.2793224 0.3841955 0.2162666 0.2208082 0.1460065 0.2257749 0.2342292 0.1504918 0.0846579 0.2382017 0.2150762 0.6906400 0.2241987 0.1080573 0.2706559 0.2433234 0.1456617 
Perityle_discoidea_81                      0.3780530 0.0522103 0.2646672 0.2979386 0.1566893 0.2122808 0.5942362 0.1432477 0.5568311 0.2390848 0.1564803 0.1503061 0.1435640 0.0646523 0.1802309 0.0711540 0.3793963 0.4518350 0.1501731 0.1098659 0.1722175 0.0538161 0.1387768 0.1745224 0.2052039 0.1864760 0.1913664 0.0099895 0.4434698 0.1653174 0.1802852 0.0000000 0.1831853 0.3580130 0.2367572 0.1810804 0.6635394 0.1877071 0.1760580 0.1384591 0.1520899 0.1587816 0.1179623 0.1709959 0.1887728 0.1741621 0.1733731 0.6245510 0.1440340 0.1715351 0.0835348 0.1528953 0.1186194 0.1368307 0.0997688 0.0775951 0.1726913 0.6621796 0.1242406 0.5021030 0.1595166 0.0528485 0.2235834 0.1814768 0.1805271 0.1963596 0.3195229 0.1709533 0.1878869 0.0105629 0.1760950 0.1749723 0.1134392 0.0718848 0.1874164 0.1385923 0.6526678 0.1910709 0.1037490 0.2392859 0.0241902 0.1338796 
Perityle_dissecta_201                      0.4542166 0.0473425 0.2732805 0.3091849 0.1231683 0.1962006 0.6353116 0.1350929 0.5760456 0.2379165 0.0694710 0.1586952 0.0883513 0.1043962 0.1103040 0.0430103 0.3864412 0.4620701 0.0437084 0.0431061 0.0434359 0.0390164 0.0879129 0.0486699 0.0915539 0.0794637 0.1369723 0.1730791 0.4776489 0.2017962 0.1934863 0.1831853 0.0000000 0.3740132 0.2760917 0.0746091 0.7208355 0.0512821 0.1171278 0.1019044 0.1705865 0.0429916 0.1667314 0.2353230 0.0758224 0.0508630 0.0426629 0.6845592 0.0393720 0.0357132 0.1090160 0.1336748 0.0794959 0.1368078 0.1049645 0.0485786 0.0412107 0.6658943 0.1048711 0.5582361 0.1293528 0.0455046 0.2293259 0.1296895 0.0599467 0.2654723 0.3786324 0.0431888 0.0532865 0.1518182 0.0477238 0.0471549 0.1556055 0.0493630 0.2397315 0.1470133 0.6419916 0.0808520 0.1044596 0.1248788 0.1932812 0.0571874 
Perityle_emoryi_47_punta_san_jose          0.2038949 0.0418723 0.2428144 0.4027981 0.3539823 0.2183087 0.5919181 0.1386877 0.6661993 0.3862312 0.3517251 0.4022498 0.3760822 0.2840631 0.3808903 0.2098923 0.4764378 0.5196977 0.3517103 0.3034066 0.3755140 0.0752111 0.3758603 0.3829577 0.3849471 0.4022282 0.4475552 0.3680743 0.5146003 0.4274440 0.4571097 0.3580130 0.3740132 0.0000000 0.4349592 0.3373896 0.7415053 0.4069673 0.3950391 0.3878022 0.4234454 0.3660843 0.3698121 0.4011983 0.3757556 0.3818244 0.3892166 0.7410646 0.3419390 0.3968753 0.3238110 0.4013383 0.3455097 0.3492530 0.1348130 0.2022776 0.3835758 0.7988557 0.2059170 0.5412081 0.2686369 0.0583883 0.4182845 0.3796413 0.4000851 0.3601141 0.3490713 0.3861598 0.4011564 0.3576961 0.3793702 0.3829157 0.3052945 0.0699560 0.3406892 0.3803332 0.8025629 0.3809043 0.1121739 0.4175281 0.4225899 0.2613958 
Perityle_feddemae_99                       0.4960357 0.0796389 0.4590602 0.4156162 0.2681946 0.2084655 0.6495813 0.1538352 0.6989992 0.4028828 0.2269125 0.2404201 0.2419674 0.0764613 0.3400782 0.1657195 0.4136809 0.4771614 0.2580474 0.2211284 0.2686815 0.0692703 0.2332035 0.2662478 0.2933958 0.3001759 0.2901351 0.2190441 0.5082249 0.2623493 0.2704717 0.2367572 0.2760917 0.4349592 0.0000000 0.2634548 0.7972329 0.2820712 0.2921130 0.2242435 0.1741204 0.2785028 0.1481014 0.2759171 0.2856222 0.2704181 0.2699580 0.7652620 0.2386667 0.2806568 0.1824531 0.2317187 0.2333739 0.2384786 0.1440490 0.1925367 0.2704922 0.7952860 0.2519150 0.5252242 0.2626699 0.0790733 0.3869040 0.2831679 0.2837002 0.3983256 0.3581034 0.2645329 0.2833571 0.2078350 0.2782067 0.2671066 0.1660241 0.0824018 0.3542196 0.2045436 0.7660824 0.2960937 0.1186523 0.2983291 0.2370181 0.1537688 
Perityle_fosteri_93                        0.4103882 0.0441594 0.2531595 0.2868409 0.1221536 0.1913713 0.6245448 0.1253837 0.6012839 0.2116891 0.0826168 0.1774193 0.1231856 0.1077137 0.1070956 0.0426672 0.3752450 0.4668619 0.0728212 0.0548841 0.0663859 0.0239252 0.1248302 0.0663764 0.0511440 0.0824023 0.1470836 0.1722197 0.4683115 0.1990769 0.1835334 0.1810804 0.0746091 0.3373896 0.2634548 0.0000000 0.7038493 0.0840100 0.1643906 0.1232761 0.1491699 0.0647445 0.1408109 0.1823814 0.0320361 0.0686315 0.0656621 0.6554490 0.0500457 0.0656710 0.1274215 0.1379079 0.1123703 0.1335533 0.0864784 0.0624544 0.0582119 0.6960225 0.1101558 0.5413890 0.1170263 0.0321896 0.1300243 0.1312576 0.0846325 0.2282352 0.3246451 0.0707228 0.0882352 0.1447789 0.0653474 0.0632345 0.1444207 0.0362676 0.2251514 0.1382117 0.6712602 0.0427849 0.1010866 0.1253364 0.1824215 0.0450642 
Perityle_gamon_221                         0.7647582 0.3648236 0.6967187 0.7686561 0.7229749 0.2083732 0.2799979 0.4562199 0.2398993 0.6562043 0.7144322 0.7235367 0.7058795 0.5577018 0.7386293 0.6156857 0.7330364 0.0883469 0.6980625 0.6480697 0.7150114 0.4043284 0.6796268 0.7000866 0.7484883 0.7540622 0.7171778 0.6806557 0.0897420 0.7170456 0.7470027 0.6635394 0.7208355 0.7415053 0.7972329 0.7038493 0.0000000 0.7150318 0.7373989 0.6976743 0.7288489 0.6775469 0.6956663 0.7115544 0.7173792 0.7146366 0.7049420 0.1092643 0.6919210 0.7083279 0.6729879 0.7086061 0.6730622 0.6859217 0.5328078 0.5935304 0.7193513 0.2849482 0.5574296 0.2690897 0.6481102 0.3648395 0.7811507 0.7057224 0.6921572 0.7267963 0.4290565 0.6958455 0.7258371 0.6702741 0.6971542 0.6902090 0.6291681 0.4081853 0.6725969 0.7425791 0.2585660 0.7068282 0.4719196 0.7638602 0.7299209 0.6261103 
Perityle_gentryi_8_san_francisco           0.4618519 0.0630881 0.2589197 0.3099037 0.1168616 0.2075706 0.6262501 0.1471235 0.6122294 0.2206703 0.0820422 0.1776637 0.1029730 0.1184396 0.0535939 0.0502025 0.3726698 0.4682412 0.0530124 0.0435585 0.0611777 0.0587103 0.0996159 0.0618458 0.1136222 0.0924307 0.1974767 0.1757707 0.5023982 0.2048557 0.2223802 0.1877071 0.0512821 0.4069673 0.2820712 0.0840100 0.7150318 0.0000000 0.1308969 0.1043941 0.1484454 0.0636939 0.1433717 0.1677554 0.1008050 0.0642658 0.0655901 0.6869491 0.0543030 0.0613112 0.1169734 0.1154472 0.0879782 0.1544609 0.1159792 0.0557981 0.0579925 0.7515033 0.1147302 0.5519144 0.1204838 0.0716306 0.1824702 0.1315269 0.0719450 0.2349586 0.3633675 0.0563776 0.0720135 0.1565839 0.0865014 0.0574940 0.1613378 0.0692378 0.2385707 0.1242201 0.7377034 0.1029505 0.1091096 0.1621842 0.2295917 0.0624400 
Perityle_gilensis_22_Superstition          0.4534110 0.0545716 0.2776933 0.3265630 0.1581899 0.2003603 0.6715845 0.1301351 0.6138011 0.2581701 0.1333487 0.1602745 0.0509636 0.0893644 0.1943358 0.0738618 0.4329826 0.4768124 0.1274209 0.0723609 0.1211557 0.0287624 0.0756863 0.1187991 0.1523416 0.1438811 0.1740800 0.1789432 0.4909769 0.2162433 0.2070816 0.1760580 0.1171278 0.3950391 0.2921130 0.1643906 0.7373989 0.1308969 0.0000000 0.0952289 0.1692994 0.0816102 0.1676295 0.2547397 0.1299099 0.1211202 0.1189154 0.6849199 0.1290565 0.1164761 0.1006244 0.1179404 0.0355146 0.1614363 0.1165475 0.0689043 0.1125887 0.6869333 0.1003343 0.6433896 0.1464764 0.0500583 0.2688348 0.1749368 0.1256115 0.2772829 0.4094111 0.1245059 0.1001843 0.1701093 0.1106755 0.1223972 0.1601567 0.0743854 0.2543799 0.1494552 0.6363124 0.1639909 0.1060290 0.2132674 0.2100558 0.1653181 
Perityle_gilensis_salensis_225             0.4298503 0.0520669 0.2559085 0.2996608 0.1221498 0.1806352 0.6607140 0.1361538 0.6101271 0.2111088 0.1091591 0.0929290 0.0554816 0.0394653 0.1222846 0.0568925 0.4036370 0.4605389 0.1017547 0.0813976 0.0935698 0.0214841 0.0358476 0.0919768 0.1465918 0.1101764 0.1449358 0.1270776 0.4853561 0.1788263 0.1783650 0.1384591 0.1019044 0.3878022 0.2242435 0.1232761 0.6976743 0.1043941 0.0952289 0.0000000 0.1118985 0.0746132 0.1121944 0.1356313 0.1265845 0.0992845 0.0924562 0.6640889 0.0926931 0.0782717 0.0295723 0.0659459 0.0419938 0.1206433 0.0999779 0.0600591 0.0879893 0.7088821 0.0907503 0.5645572 0.1022339 0.0346830 0.1910918 0.1227240 0.1109058 0.2217447 0.3235563 0.1026483 0.1026155 0.1106830 0.0946130 0.0860984 0.0827929 0.0546675 0.2292410 0.0878631 0.6963904 0.1391334 0.0859363 0.2132463 0.1858275 0.1014630 
Perityle_glaucescens_94                    0.4648068 0.0829772 0.3271939 0.3256768 0.1466576 0.2047284 0.6439005 0.1521200 0.5711486 0.2384871 0.1657049 0.1561094 0.1161103 0.0715771 0.2010366 0.0977806 0.4250938 0.4688392 0.1361875 0.1184887 0.1464845 0.0593991 0.1042488 0.1583824 0.1724722 0.1818212 0.2038253 0.1469352 0.4885804 0.1827785 0.1952772 0.1520899 0.1705865 0.4234454 0.1741204 0.1491699 0.7288489 0.1484454 0.1692994 0.1118985 0.0000000 0.1335504 0.0284186 0.2197644 0.1760302 0.1593027 0.1519634 0.6889367 0.1423180 0.1676531 0.1037885 0.1306725 0.0994004 0.1605793 0.1315426 0.1021143 0.1551048 0.6621663 0.1263854 0.5334360 0.1765493 0.0712943 0.2778242 0.1655560 0.1561440 0.2916610 0.3610768 0.1464306 0.1756816 0.1310202 0.1626152 0.1512972 0.1452241 0.0803369 0.2432779 0.1013691 0.6559297 0.1588811 0.1146892 0.2415690 0.1843117 0.1412583 
Perityle_gracilis_11                       0.3815028 0.0388005 0.1894806 0.2634849 0.0905961 0.1856390 0.5808999 0.1228506 0.5547070 0.1482456 0.0538931 0.1445471 0.0870414 0.0869221 0.0497699 0.0305256 0.3210812 0.4632202 0.0422683 0.0390469 0.0246094 0.0239028 0.0753679 0.0200061 0.0904591 0.0681619 0.1520914 0.1505880 0.4852090 0.2013055 0.2149800 0.1587816 0.0429916 0.3660843 0.2785028 0.0647445 0.6775469 0.0636939 0.0816102 0.0746132 0.1335504 0.0000000 0.1268077 0.1279509 0.0747152 0.0180455 0.0258662 0.6394337 0.0314122 0.0458020 0.0892272 0.1005123 0.0730196 0.1220550 0.0855383 0.0449162 0.0239421 0.6797570 0.1002927 0.4953788 0.0894959 0.0271318 0.1215037 0.1101985 0.0622546 0.1390183 0.2884783 0.0473993 0.0511906 0.1292738 0.0216378 0.0161971 0.1339452 0.0312202 0.1442749 0.0982143 0.6833865 0.0905806 0.0961683 0.1409200 0.2137867 0.0406464 
Perityle_harkerae_31                       0.4578861 0.0743452 0.3113606 0.3071739 0.1489693 0.1979959 0.6401586 0.1543286 0.5632195 0.2465407 0.1555071 0.1195778 0.1108561 0.0721389 0.2070742 0.0909682 0.4236802 0.4575550 0.1334487 0.1163838 0.1446016 0.0566560 0.1040660 0.1540810 0.1617707 0.1803512 0.1697635 0.1160129 0.4766324 0.1352546 0.1508266 0.1179623 0.1667314 0.3698121 0.1481014 0.1408109 0.6956663 0.1433717 0.1676295 0.1121944 0.0284186 0.1268077 0.0000000 0.2180936 0.1507149 0.1568585 0.1473015 0.6790549 0.1362461 0.1362970 0.1057438 0.1211219 0.1030013 0.1591233 0.1248235 0.1038836 0.1498667 0.6253578 0.1227198 0.5174155 0.1634071 0.0604473 0.2891163 0.1627934 0.1494049 0.2858528 0.3438227 0.1458297 0.1615920 0.1228339 0.1522606 0.1519721 0.1398588 0.0800882 0.2382029 0.0984392 0.5843375 0.1502905 0.1164653 0.2002881 0.1247923 0.1345564 
Perityle_hofmeisteria_4_nombre_de_dios     0.4785399 0.0742109 0.3617601 0.3252074 0.2317985 0.2121666 0.6570312 0.1567893 0.6667157 0.2813055 0.2287159 0.2402301 0.1176967 0.1123542 0.2094577 0.1135182 0.4368729 0.4877021 0.1495481 0.1227144 0.1940365 0.0616385 0.1179779 0.2081079 0.2559982 0.2296823 0.2398191 0.1692430 0.4662724 0.2484929 0.3032570 0.1709959 0.2353230 0.4011983 0.2759171 0.1823814 0.7115544 0.1677554 0.2547397 0.1356313 0.2197644 0.1279509 0.2180936 0.0000000 0.2755588 0.2070192 0.2021473 0.6796911 0.1876653 0.1546715 0.1610654 0.1802567 0.1109718 0.1624736 0.1228252 0.1016576 0.2093586 0.7698616 0.1305674 0.5866282 0.2498097 0.0658339 0.3110530 0.2129820 0.1753725 0.2955463 0.3973578 0.1799347 0.2343180 0.1614049 0.2478521 0.1835634 0.1747330 0.0824899 0.2737497 0.1855724 0.7243767 0.1671152 0.1108793 0.3316374 0.3287074 0.1284357 
Perityle_huecosensis_48                    0.4286091 0.0414742 0.2502067 0.2749796 0.1257872 0.1254663 0.6350989 0.1181764 0.5623776 0.2504743 0.1018231 0.1756876 0.1170199 0.1020999 0.1396394 0.0371484 0.4085946 0.4214970 0.0628282 0.0620518 0.0719286 0.0128561 0.1244371 0.0764226 0.0677494 0.0949794 0.2148546 0.1759766 0.4205325 0.2115614 0.2190960 0.1887728 0.0758224 0.3757556 0.2856222 0.0320361 0.7173792 0.1008050 0.1299099 0.1265845 0.1760302 0.0747152 0.1507149 0.2755588 0.0000000 0.0851067 0.1010304 0.6559095 0.0604457 0.1074495 0.1224162 0.1726848 0.0989570 0.1399216 0.0725215 0.0610037 0.0921812 0.6655275 0.1131830 0.5427223 0.1312683 0.0271392 0.1867516 0.1490263 0.1078744 0.2636807 0.3162825 0.0852556 0.0996955 0.1484434 0.0945998 0.0755597 0.1596537 0.0158261 0.2358246 0.1714518 0.6463750 0.0324738 0.0690594 0.1436738 0.2405880 0.0513112 
Perityle_intricata_59_Clark_mtns           0.4404201 0.0441484 0.2695197 0.2884048 0.1169507 0.1913384 0.6461446 0.1200420 0.5951440 0.2274892 0.0606962 0.1573561 0.0939098 0.1094556 0.1068609 0.0350465 0.3904739 0.4806909 0.0477206 0.0403878 0.0264024 0.0263616 0.0999625 0.0197616 0.0929807 0.0726045 0.1824570 0.1634612 0.5034403 0.2049307 0.2341992 0.1741621 0.0508630 0.3818244 0.2704181 0.0686315 0.7146366 0.0642658 0.1211202 0.0992845 0.1593027 0.0180455 0.1568585 0.2070192 0.0851067 0.0000000 0.0311210 0.6866969 0.0351740 0.0506312 0.1099383 0.1253542 0.0755453 0.1307372 0.0882928 0.0449885 0.0304055 0.7209991 0.0987211 0.5656182 0.1209648 0.0296526 0.2343090 0.1295792 0.0628072 0.2494910 0.3622158 0.0504226 0.0664935 0.1448129 0.0374872 0.0173236 0.1502725 0.0337109 0.2224574 0.1346498 0.7198423 0.0934759 0.0939470 0.1153508 0.2272980 0.0436407 
