83
Amauria_brandeegeana_62-At1g                    0.0000000 0.0961749 0.2788784 0.2299891 0.1107216 0.3767210 0.2754164 0.4680033 0.0297206 0.2317401 0.4963044 0.2375994 0.3125203 0.3664982 0.3308487 0.2476381 0.1531101 0.2214101 0.4738295 0.6906195 0.3106505 0.2226561 0.2062381 0.1280167 0.2458712 0.3868690 0.3806694 0.2812676 0.1908707 0.1867739 0.2099027 0.0258481 0.5202204 0.0950981 0.4818786 0.4912723 0.3821550 0.2754726 0.5047188 0.3523949 0.3880386 0.2311598 0.2482918 0.3442606 0.2219373 0.2544408 0.3235298 0.4860978 0.2410035 0.1167627 0.3342250 0.3620971 0.3870765 0.3323197 0.2360720 0.2963428 0.2948365 0.3224727 0.1528853 0.1595116 0.2083336 0.2516296 0.3981753 0.3508523 0.4077363 0.5548523 0.1983966 0.2175806 0.4635188 0.1937133 0.3258047 0.2513876 0.2289044 0.1523522 0.6508451 0.3128357 0.2118292 0.5653375 0.2537867 0.3936682 0.5565842 0.1317578 0.2387712 
Amauria_carterae_99_mesa-At1g                   0.0961749 0.0000000 0.5557462 0.0681780 0.0749467 0.1786597 0.2741063 0.2660222 0.0734681 0.1502884 0.1314513 0.1431000 0.1434116 0.2432734 0.1598405 0.1240516 0.1437349 0.1630936 0.1508894 0.0000010 0.1509387 0.4187203 0.1466266 0.1357227 0.1465097 0.1602540 0.1237995 0.1609889 0.1654149 0.3437019 0.1656466 0.0700211 0.1437849 0.0542387 0.4021959 0.1255010 0.2159777 0.1590708 0.1750117 0.1433322 0.1457675 0.1354213 0.1264249 0.1742003 0.1279041 0.1354213 0.1547089 0.4052711 0.1364261 0.1202446 0.1630321 0.2925276 0.1243643 0.1708857 0.1450728 0.2993893 0.1664906 0.1799895 0.1211521 0.1629522 0.1630784 0.0000010 0.1236493 0.1707097 0.3168806 0.3075897 0.0000010 0.1199583 0.9160119 0.4262416 0.1392090 0.1631319 0.1242740 0.0000010 0.2791778 0.1651349 0.1204661 0.3093115 0.3351716 0.1515186 0.3564616 0.1486825 0.0000010 
Conoclinium_coelestinum_SRR9119114-At1g         0.2788784 0.5557462 0.0000000 0.4187824 0.2605751 0.6955282 0.2426533 0.3266971 0.2316167 0.4364933 0.3773816 0.3942901 0.2357012 0.2638816 0.5721005 0.4531231 0.4467574 0.2427292 0.3896798 0.3529062 0.2349728 0.2923308 0.4081323 0.3823203 0.3708285 0.7478576 0.2912571 0.2407765 0.2929653 0.3177263 0.4718336 0.2773304 0.4304793 0.5487395 0.7850008 0.3983251 0.3588658 0.4571547 0.4154675 0.5192931 0.5957936 0.3902461 0.4566024 0.2811832 0.4096110 0.4313558 0.2456171 0.8207660 0.3470203 0.4071329 0.2553802 0.9044184 0.4028647 0.2971016 0.2810734 0.2900070 0.2378046 0.2506586 0.4413993 0.2465849 0.4823197 0.2478561 0.6574281 0.2404872 0.8746226 0.7979500 0.2312237 0.3981340 0.2882127 0.2460081 0.2392945 0.4147480 0.4154522 0.1648402 0.9485222 0.2831897 0.4274914 0.4881911 0.2781703 0.6692031 0.5177940 0.5352713 0.1287242 
Eutetras_palmeri_63-At1g                        0.2299891 0.0681780 0.4187824 0.0000000 0.0719793 0.1839254 0.2891407 0.3934432 0.2063746 0.1792553 0.4421295 0.1880775 0.1974319 0.4474457 0.2534175 0.1519441 0.2283274 0.1969612 0.2460372 0.9875457 0.2790341 0.5189887 0.1804238 0.0726852 0.1785849 0.2260264 0.3044252 0.1979593 0.2511913 0.3708964 0.2392767 0.1859968 0.2235319 0.1418010 0.4438525 0.2219282 0.2664597 0.1773932 0.1953781 0.3744757 0.2480319 0.1747112 0.2065074 0.4604675 0.1822489 0.1625332 0.2024263 0.4560654 0.1751562 0.0798028 0.2500432 0.3269132 0.2174872 0.2145332 0.1298776 0.4116705 0.2049875 0.2133508 0.1124313 0.1283824 0.1722399 0.5059653 0.1686714 0.2522481 0.3765174 0.4526872 0.5036106 0.1891055 0.8311959 0.8172850 0.1987419 0.1939844 0.1783696 0.6127106 0.4247702 0.2414539 0.1420761 0.4355029 0.3336530 0.2109437 0.5143618 0.0977138 0.5302175 
Eutetras_pringlei_149_quer-At1g                 0.1107216 0.0749467 0.2605751 0.0719793 0.0000000 0.2799537 0.2278434 0.2776303 0.0983955 0.1457801 0.2075558 0.1204677 0.1025676 0.1796074 0.1826521 0.1296697 0.0993333 0.1021436 0.1701338 0.2165692 0.0954145 0.2412472 0.1272622 0.1162743 0.1167920 0.2247669 0.1233674 0.1008650 0.1344407 0.2224836 0.1389278 0.1002558 0.1648563 0.0812033 0.4230981 0.1661559 0.1185623 0.0998127 0.1803078 0.2255925 0.3340567 0.1136636 0.1864198 0.1314243 0.1042786 0.1106169 0.1122887 0.4357491 0.1237197 0.1206964 0.1052738 0.3339816 0.1602778 0.1262693 0.1103969 0.2102649 0.1192098 0.1197864 0.0765878 0.1287030 0.1549746 0.0973501 0.2423479 0.1026941 0.3334572 0.3316268 0.1960712 0.1073690 0.3259973 0.1240560 0.1014812 0.1325234 0.1072678 0.0852047 0.3827552 0.0836302 0.1015847 0.2848558 0.2429528 0.1279884 0.2577918 0.1430043 0.0666053 
Eutrochium_fistulosum_SRR9119106-At1g           0.3767210 0.1786597 0.6955282 0.1839254 0.2799537 0.0000000 0.4505339 0.4220904 0.3483618 0.2340065 0.5063385 0.1996295 0.3316685 0.5644490 0.2635356 0.1825766 0.2898932 0.3447980 0.3343156 0.9672108 0.2809259 0.7239477 0.2194608 0.2136092 0.2042880 0.3151414 0.3190701 0.3543826 0.3719759 0.4344114 0.2626066 0.3355033 0.2991018 0.2129663 0.4504886 0.3195870 0.4179832 0.2132039 0.3178776 0.3555564 0.3209274 0.2014234 0.2442955 0.4866462 0.2283245 0.2268971 0.3158916 0.4146389 0.2158984 0.2115600 0.3136236 0.3480283 0.3022121 0.3054361 0.3273869 0.4983173 0.4028211 0.3235830 0.2112166 0.3598305 0.2468196 1.0778116 0.3182257 0.3525481 0.3778332 0.3727520 1.0702846 0.2006732 1.1143931 0.9425231 0.3174372 0.2189207 0.2003359 1.2444724 0.3943842 0.3479263 0.2161742 0.4886976 0.5390295 0.2689868 0.5375090 0.1884926 1.2206883 
Galeana_pratensis_104_mex-At1g                  0.2754164 0.2741063 0.2426533 0.2891407 0.2278434 0.4505339 0.0000000 0.3372208 0.2300073 0.3862714 0.3210182 0.2845415 0.2225729 0.1682290 0.4203147 0.3085402 0.3760740 0.1981479 0.3490982 0.4907645 0.2287692 0.1589667 0.3032258 0.2882502 0.2929195 0.5268485 0.2381063 0.2738427 0.2716902 0.2577887 0.3741694 0.2661797 0.4489407 0.3624757 0.4697626 0.4211193 0.3018352 0.3180546 0.4507031 0.4301145 0.4890139 0.2873690 0.3114072 0.2599423 0.3151150 0.3038590 0.2408387 0.5063736 0.3060037 0.2882502 0.2594060 0.4004948 0.3474107 0.2933453 0.1845568 0.2298587 0.2172793 0.2416744 0.2697133 0.2297272 0.3740971 0.1639066 0.4991057 0.2853940 0.4004948 0.4313436 0.1825213 0.2877852 0.3308810 0.2141834 0.2285985 0.3017344 0.2876706 0.1274552 0.5255813 0.2455685 0.3334582 0.3361895 0.2724253 0.3401193 0.4084913 0.2427861 0.1388700 
Helianthus_annuus_SRR9119062-At1g               0.4680033 0.2660222 0.3266971 0.3934432 0.2776303 0.4220904 0.3372208 0.0000000 0.4388907 0.4051295 0.5923109 0.3765496 0.4136982 0.4423634 0.4500413 0.3128344 0.4481018 0.3250982 0.4617252 0.6068876 0.4381051 0.3326964 0.3455487 0.3324314 0.3852473 0.5016338 0.4587300 0.3781496 0.4396366 0.3122387 0.4551404 0.4063646 0.5404144 0.3720914 0.4239970 0.5036199 0.4247140 0.3518288 0.5282619 0.5882114 0.5214256 0.3561526 0.3804101 0.5176838 0.3686787 0.3934536 0.4167540 0.4277010 0.3529623 0.3069024 0.4497369 0.3679209 0.4447349 0.4448845 0.3377989 0.3533540 0.3916377 0.4093271 0.3226237 0.2385092 0.3712327 0.3597498 0.4651640 0.4442335 0.3920209 0.6106236 0.2787594 0.3449815 0.5772663 0.3930824 0.4232344 0.4233746 0.3325821 0.3179631 0.6509900 0.4209850 0.3162492 0.5522625 0.3359953 0.4975374 0.6228073 0.2572682 0.3807511 
Lycapsus_tenuifolius_17-At1g                    0.0297206 0.0734681 0.2316167 0.2063746 0.0983955 0.3483618 0.2300073 0.4388907 0.0000000 0.2149583 0.5027676 0.2150300 0.2448420 0.3618558 0.2834142 0.2315106 0.1450283 0.2118483 0.4306067 0.5789590 0.3050849 0.2028072 0.2013222 0.1412900 0.2275531 0.3265204 0.2932396 0.2381426 0.1979399 0.2045253 0.1793976 0.0014887 0.4060617 0.0714436 0.4613255 0.4032124 0.3396724 0.2322445 0.3803523 0.3915873 0.3464403 0.2144604 0.2176252 0.3932702 0.1964366 0.2356223 0.2661526 0.4733702 0.2156993 0.1219140 0.2548232 0.3195127 0.3337509 0.2961491 0.2029149 0.2889653 0.2594131 0.2703713 0.1291042 0.1570065 0.1750884 0.2377503 0.3723096 0.3170708 0.3663395 0.4763871 0.1707233 0.2083653 0.3981285 0.2326329 0.2619362 0.2712109 0.2041852 0.1545237 0.5475289 0.2888662 0.2023516 0.4961543 0.2409975 0.3609414 0.4099428 0.1796705 0.2514629 
Pericome_caudata_50_silver-At1g                 0.2317401 0.1502884 0.4364933 0.1792553 0.1457801 0.2340065 0.3862714 0.4051295 0.2149583 0.0000000 0.3535057 0.1322780 0.2109448 0.4864154 0.1965838 0.1339709 0.1898493 0.2086922 0.1706002 0.5111651 0.2362182 0.5739009 0.1370638 0.0781918 0.1471700 0.1772433 0.1896866 0.2052560 0.2583915 0.3890601 0.2613952 0.1937566 0.1822455 0.1267854 0.4846133 0.1978283 0.2331494 0.1501040 0.1753663 0.3170396 0.2494157 0.1324359 0.2080817 0.4232615 0.1456594 0.1534558 0.1780996 0.4936303 0.1430431 0.0817773 0.2005972 0.3616819 0.1721034 0.1819058 0.1732463 0.4417386 0.2245469 0.2227632 0.1230496 0.1759053 0.1490454 0.7180994 0.1234799 0.2324434 0.4297534 0.4943874 0.4711852 0.1534010 0.7602569 0.6595237 0.1822518 0.1762103 0.1507196 0.4518175 0.4921920 0.1891643 0.1241348 0.5377098 0.3761231 0.1729501 0.5351817 0.0929640 0.4817858 
Perityle_aglossa_84_dead_horse-At1g             0.4963044 0.1314513 0.3773816 0.4421295 0.2075558 0.5063385 0.3210182 0.5923109 0.5027676 0.3535057 0.0000000 0.2773558 0.4359923 0.5264690 0.3529661 0.3396573 0.2757577 0.4106429 0.2186719 0.2808792 0.4142201 0.3987384 0.2901263 0.1044340 0.3090045 0.4358727 0.4368159 0.4349256 0.4057230 0.3235898 0.4799905 0.5467918 0.3006849 0.3218067 0.4383902 0.2827073 0.4036699 0.3084626 0.2430728 0.3383199 0.4882019 0.2556882 0.3610743 0.5042066 0.3623139 0.3273865 0.4764835 0.4440635 0.3080595 0.1855897 0.4631326 0.5681384 0.2105051 0.3748618 0.3031835 0.4489392 0.3890675 0.4790459 0.1131187 0.0789882 0.4007086 0.3563001 0.3797941 0.5199113 0.4692678 0.7615205 0.2675133 0.3197621 0.6050847 0.5002039 0.4621338 0.1930806 0.3446748 0.3929189 0.7981283 0.4997660 0.2670146 0.2498112 0.2168382 0.4358279 0.6623005 0.0535381 0.4051267 
Perityle_ajoensis_204-At1g                      0.2375994 0.1431000 0.3942901 0.1880775 0.1204677 0.1996295 0.2845415 0.3765496 0.2150300 0.1322780 0.2773558 0.0000000 0.0811321 0.3702000 0.1438210 0.1071077 0.2127242 0.1688504 0.1030906 0.0000010 0.1416538 0.5745300 0.0876357 0.0149264 0.0237707 0.1277220 0.1989246 0.1435978 0.2135990 0.3541665 0.2635069 0.2065387 0.1069485 0.1474850 0.4054688 0.1131496 0.1858089 0.0841819 0.0548981 0.2633877 0.2218153 0.0112572 0.2101608 0.3779666 0.1101329 0.0184428 0.0599336 0.4067110 0.0880074 0.0211900 0.1280937 0.3643092 0.0933560 0.1448208 0.0919979 0.4303572 0.0908249 0.1156992 0.1189824 0.0993333 0.1466036 0.0000010 0.0645647 0.2065624 0.4354430 0.4681465 0.0000010 0.1255477 0.8211139 0.6908493 0.0680742 0.0299918 0.1161714 0.0000010 0.4470009 0.1913569 0.0637122 0.4573681 0.3190579 0.0295561 0.5221715 0.0430787 0.0000010 
Perityle_ambrosiifolia_67_green-At1g            0.3125203 0.1434116 0.2357012 0.1974319 0.1025676 0.3316685 0.2225729 0.4136982 0.2448420 0.2109448 0.4359923 0.0811321 0.0000000 0.2169391 0.2148922 0.1249061 0.2013501 0.1337116 0.3209776 0.6150425 0.1177256 0.1356724 0.0520620 0.0150149 0.1148006 0.2468500 0.1914444 0.2393494 0.2383447 0.2146770 0.2565384 0.2686157 0.3437669 0.1749239 0.4293041 0.3530641 0.2770250 0.1549826 0.3309919 0.2671269 0.3164363 0.0834193 0.2092392 0.3383337 0.1009963 0.1357334 0.0982689 0.4385040 0.0441927 0.0270668 0.1342902 0.3572340 0.2302213 0.2228056 0.1299582 0.1809602 0.0946028 0.1202129 0.1340515 0.1265933 0.1574457 0.2094880 0.2533095 0.3090680 0.4029682 0.5166272 0.1835863 0.0880176 0.1870789 0.3099889 0.1101238 0.1301165 0.1010259 0.0271197 0.5357951 0.2288624 0.0610947 0.4784876 0.2443015 0.2286870 0.3897642 0.0641912 0.1034025 
Perityle_angustifolia_13_Eagle_creek-At1g       0.3664982 0.2432734 0.2638816 0.4474457 0.1796074 0.5644490 0.1682290 0.4423634 0.3618558 0.4864154 0.5264690 0.3702000 0.2169391 0.0000000 0.5152342 0.4780433 0.4095876 0.2370325 0.5217213 0.5362648 0.2859821 0.0524054 0.3808153 0.2281313 0.4143355 0.6225653 0.3210491 0.2881230 0.3227454 0.2570883 0.5372751 0.3699713 0.5917806 0.4038776 0.5465911 0.5459011 0.3865247 0.4622307 0.4516545 0.4786663 0.5211874 0.3546932 0.4255563 0.3929143 0.4837583 0.4444779 0.2596749 0.5595966 0.3832856 0.2329258 0.2630699 0.4103329 0.4358712 0.4210048 0.2056624 0.1797593 0.1436545 0.2667301 0.0774057 0.1924179 0.3588666 0.2203885 0.5470899 0.4268861 0.4908313 0.6713056 0.1906846 0.4393690 0.2036464 0.2510976 0.2590233 0.3837419 0.4740844 0.0405567 0.7254125 0.3675376 0.3652118 0.5523495 0.2561755 0.4930101 0.3662940 0.1960366 0.1347293 
Perityle_batopilensis_97-At1g                   0.3308487 0.1598405 0.5721005 0.2534175 0.1826521 0.2635356 0.4203147 0.4500413 0.2834142 0.1965838 0.3529661 0.1438210 0.2148922 0.5152342 0.0000000 0.1502236 0.2185214 0.2110486 0.2052108 0.6988083 0.2588067 0.6172538 0.1966935 0.0961821 0.1809610 0.2479533 0.2949018 0.1796713 0.3196317 0.4085684 0.2858294 0.2686508 0.2547934 0.1799238 0.3639107 0.2455434 0.2652789 0.0212367 0.2268826 0.3609930 0.2826929 0.0943789 0.2006520 0.4191512 0.2186713 0.1049333 0.2160653 0.3737822 0.1642231 0.1044731 0.2531766 0.3213831 0.2368830 0.1206942 0.2094731 0.4683951 0.2751632 0.2688075 0.0653438 0.1967643 0.1640898 0.8957056 0.2692597 0.2965348 0.3641230 0.4618577 0.7383897 0.1962637 0.9043197 0.7135256 0.2492888 0.1256526 0.1650335 0.8722879 0.4580864 0.2520399 0.1808115 0.4526615 0.3809322 0.1587064 0.5150642 0.1134026 0.6870078 
Perityle_bisetosa_9-At1g                        0.2476381 0.1240516 0.4531231 0.1519441 0.1296697 0.1825766 0.3085402 0.3128344 0.2315106 0.1339709 0.3396573 0.1071077 0.1249061 0.4780433 0.1502236 0.0000000 0.1977949 0.1780968 0.1201932 1.3037168 0.1485714 0.6044794 0.0512470 0.0275469 0.1319427 0.0763493 0.1537422 0.1385979 0.2425945 0.3446984 0.2439642 0.2115489 0.0915254 0.1353420 0.4083417 0.0845787 0.1684279 0.1359385 0.0791845 0.1943039 0.2372698 0.1097291 0.2074526 0.4320257 0.0541528 0.1361642 0.1508886 0.4133347 0.0404472 0.0333842 0.1295182 0.3387321 0.0577582 0.1747489 0.1273380 0.4162025 0.1783788 0.2002738 0.1131187 0.1232900 0.1087058 0.9287686 0.0712808 0.2162500 0.3926611 0.4985486 0.9287686 0.0388833 0.9056890 0.6967390 0.1787198 0.1411354 0.0613947 0.9287686 0.4836440 0.2326831 0.0391719 0.4938170 0.3543132 0.1510102 0.5055180 0.0431632 0.9287686 
Perityle_californica_76_positas-At1g            0.1531101 0.1437349 0.4467574 0.2283274 0.0993333 0.2898932 0.3760740 0.4481018 0.1450283 0.1898493 0.2757577 0.2127242 0.2013501 0.4095876 0.2185214 0.1977949 0.0000000 0.2253007 0.2372040 0.5627872 0.2368347 0.4622805 0.2245750 0.1439847 0.2119276 0.2402072 0.2175394 0.1560723 0.1459664 0.4050856 0.0823112 0.1398445 0.2198758 0.1196953 0.4660381 0.2348295 0.1998733 0.2185534 0.2513758 0.2303530 0.2616042 0.2056521 0.2586661 0.2199412 0.1914234 0.1981946 0.2301637 0.4910901 0.2093381 0.1486341 0.2311092 0.4178294 0.2298209 0.1856508 0.2086179 0.4176035 0.1627013 0.2000007 0.1389782 0.1071963 0.1535500 0.1143222 0.2067460 0.1668938 0.4290966 0.4289373 0.7140850 0.2260103 0.8341150 0.1922001 0.2020210 0.2387591 0.2036957 0.1143222 0.4199737 0.1911427 0.1974520 0.4109415 0.3175784 0.2427719 0.5011123 0.1737296 0.3091758 
Perityle_canescens_77-At1g                      0.2214101 0.1630936 0.2427292 0.1969612 0.1021436 0.3447980 0.1981479 0.3250982 0.2118483 0.2086922 0.4106429 0.1688504 0.1337116 0.2370325 0.2110486 0.1780968 0.2253007 0.0000000 0.2973541 0.3418679 0.1805159 0.2211444 0.1749732 0.1184339 0.1687789 0.3112077 0.1913890 0.1627663 0.2298459 0.2422385 0.2530088 0.2013605 0.2839826 0.2148582 0.3942987 0.2735038 0.2093765 0.1485395 0.2938561 0.3925388 0.3299336 0.1756006 0.2142825 0.2539500 0.1706906 0.1885833 0.1601575 0.4051036 0.1815801 0.1141614 0.1494180 0.2994061 0.2666528 0.2275528 0.1750654 0.1913718 0.1598162 0.1878467 0.0652184 0.1243081 0.1366447 0.2417528 0.3314816 0.1794640 0.3499547 0.4162079 0.1620338 0.1722869 0.3227150 0.2340230 0.1552095 0.2288614 0.1596562 0.1289577 0.4357834 0.1489878 0.1790808 0.3923879 0.2163531 0.2667317 0.3634898 0.1024964 0.0934816 
Perityle_castillonii_96-At1g                    0.4738295 0.1508894 0.3896798 0.2460372 0.1701338 0.3343156 0.3490982 0.4617252 0.4306067 0.1706002 0.2186719 0.1030906 0.3209776 0.5217213 0.2052108 0.1201932 0.2372040 0.2973541 0.0000000 0.0765952 0.2796031 0.4659487 0.0790477 0.0349442 0.1110833 0.2539308 0.3169545 0.3311081 0.3700514 0.3583159 0.2822779 0.4430656 0.1155648 0.1840824 0.4402291 0.0767664 0.3718651 0.1419763 0.0968233 0.2427419 0.3370525 0.1029194 0.1843688 0.5317465 0.1012711 0.1232219 0.3300507 0.4456348 0.0840642 0.0484275 0.3062148 0.3963538 0.0586101 0.2525354 0.2770940 0.4935348 0.3905931 0.3754674 0.1307467 0.0826202 0.1839942 0.4292008 0.2497162 0.3794363 0.4464453 0.5202092 0.2332956 0.1069937 0.6284374 0.6027494 0.3305132 0.1364075 0.0935578 0.4436321 0.5700441 0.3249969 0.0810136 0.2555367 0.2222245 0.2446416 0.6092977 0.0768541 0.4374621 
Perityle_cernua_84-At1g                         0.6906195 0.0000010 0.3529062 0.9875457 0.2165692 0.9672108 0.4907645 0.6068876 0.5789590 0.5111651 0.2808792 0.0000010 0.6150425 0.5362648 0.6988083 1.3037168 0.5627872 0.3418679 0.0765952 0.0000000 0.5703874 0.4387173 0.0000010 0.0000010 0.0000010 1.2458531 0.7173390 0.5954348 0.4654619 0.2912177 0.3413809 0.6848128 0.2325346 1.3980709 0.5439661 0.0745374 0.6047099 1.1395554 0.2215822 0.8273531 1.0918980 0.0000010 0.0000010 0.6374074 0.0000010 0.0000010 0.6541305 0.5894383 0.0000010 0.0000010 0.5863236 0.0000010 0.0569242 0.2024815 0.3917822 0.5301158 0.6379458 0.6607322 0.0000010 0.0608599 0.7392046 0.3566475 0.9059138 0.6473796 0.0000010 1.2340768 0.2041705 0.0000010 0.6170343 0.5639997 0.6675908 0.0000010 0.0000010 0.3676621 1.5627491 0.5717294 0.4625985 0.1788808 0.0613046 0.8552597 0.7676052 0.0000010 0.3622355 
Perityle_cfvillosa_25_tin-At1g                  0.3106505 0.1509387 0.2349728 0.2790341 0.0954145 0.2809259 0.2287692 0.4381051 0.3050849 0.2362182 0.4142201 0.1416538 0.1177256 0.2859821 0.2588067 0.1485714 0.2368347 0.1805159 0.2796031 0.5703874 0.0000000 0.5774783 0.1590299 0.0199583 0.1667698 0.2250225 0.3118620 0.2458776 0.2320303 0.2492012 0.3170240 0.3064496 0.3354800 0.1645902 0.4012721 0.3103661 0.3238400 0.1713177 0.2603973 0.3138068 0.3260225 0.0832829 0.2463348 0.3737389 0.1898415 0.1130911 0.0755502 0.4055718 0.1097972 0.0251275 0.1495308 0.3484001 0.2175025 0.2335440 0.1826409 0.2968065 0.0424325 0.0759432 0.1239855 0.1098514 0.2256100 0.3829551 0.2133396 0.3604417 0.4292202 0.5758752 0.1756051 0.1581214 0.4058048 0.2847909 0.0608740 0.1053918 0.1508819 0.1087950 0.5342473 0.2368808 0.1360621 0.5248983 0.2511483 0.2446166 0.3335381 0.0498746 0.1940236 
Perityle_cinerea_113_Powell1310-At1g            0.2226561 0.4187203 0.2923308 0.5189887 0.2412472 0.7239477 0.1589667 0.3326964 0.2028072 0.5739009 0.3987384 0.5745300 0.1356724 0.0524054 0.6172538 0.6044794 0.4622805 0.2211444 0.4659487 0.4387173 0.5774783 0.0000000 0.5526238 0.5495966 0.4948659 0.8927244 0.1281610 0.2371021 0.2854608 0.2230204 0.4760616 0.2476918 0.4944671 0.5069807 0.7529214 0.4685638 0.2831914 0.5255141 0.4909244 0.4846229 0.7076933 0.5745300 0.5610689 0.2877523 0.5795243 0.5526238 0.1269501 0.5771027 0.6884376 0.5495966 0.1453412 1.0275487 0.4434663 0.3926397 0.1358526 0.1204388 0.1045087 0.1388128 0.8776781 0.2586694 0.6338052 0.0736484 0.8661426 0.2655176 0.8899217 0.7565882 0.2063624 0.5521049 0.1062998 0.1983399 0.1312064 0.5495966 0.5526238 0.0554645 0.8286823 0.2923753 0.5271240 0.4597799 0.3786529 0.5515830 0.4419584 0.5665871 0.0790664 
Perityle_coahuilensis_24-At1g                   0.2062381 0.1466266 0.4081323 0.1804238 0.1272622 0.2194608 0.3032258 0.3455487 0.2013222 0.1370638 0.2901263 0.0876357 0.0520620 0.3808153 0.1966935 0.0512470 0.2245750 0.1749732 0.0790477 0.0000010 0.1590299 0.5526238 0.0000000 0.0253975 0.0875383 0.1054224 0.1996162 0.1382930 0.2579056 0.3334076 0.2728844 0.2014587 0.0601254 0.1526507 0.4279390 0.0664943 0.1848407 0.1513802 0.0385109 0.2030295 0.2699581 0.0820414 0.2508697 0.4085262 0.0598832 0.0913829 0.0658893 0.4340630 0.0527339 0.0287785 0.0960160 0.3636263 0.0510330 0.1610941 0.1236052 0.4149558 0.1281299 0.1457983 0.1280014 0.1062756 0.1637358 0.0000010 0.0866838 0.1800865 0.4189983 0.4602568 0.0000010 0.0727962 0.8334448 0.8297084 0.0809216 0.1296539 0.0607522 0.0000010 0.4341520 0.1918367 0.0400737 0.4380865 0.3416031 0.1110351 0.4971811 0.0444188 0.0000010 
Perityle_cochisensis_44_cave_creek-At1g         0.1280167 0.1357227 0.3823203 0.0726852 0.1162743 0.2136092 0.2882502 0.3324314 0.1412900 0.0781918 0.1044340 0.0149264 0.0150149 0.2281313 0.0961821 0.0275469 0.1439847 0.1184339 0.0349442 0.0000010 0.0199583 0.5495966 0.0253975 0.0000000 0.0148806 0.0569160 0.0796488 0.1287652 0.1253647 0.2821390 0.1706958 0.1382814 0.0328466 0.1101033 0.4199871 0.0438203 0.1223846 0.0896444 0.0378558 0.0124917 0.1545115 0.0098847 0.1529736 0.1829344 0.0198896 0.0170677 0.0224799 0.4261470 0.0173961 0.0128927 0.0276537 0.3681231 0.0199459 0.1301591 0.0910846 0.3674878 0.0489563 0.0511957 0.1233839 0.0894470 0.1213099 0.0000010 0.0126373 0.1456915 0.3833836 0.3455929 0.0000010 0.0230326 0.8142967 0.4262416 0.0098929 0.0385842 0.0200236 0.0000010 0.3352508 0.1134780 0.0050163 0.3635539 0.3229617 0.0223441 0.3516945 0.0570771 0.0000010 
Perityle_congesta_202-At1g                      0.2458712 0.1465097 0.3708285 0.1785849 0.1167920 0.2042880 0.2929195 0.3852473 0.2275531 0.1471700 0.3090045 0.0237707 0.1148006 0.4143355 0.1809610 0.1319427 0.2119276 0.1687789 0.1110833 0.0000010 0.1667698 0.4948659 0.0875383 0.0148806 0.0000000 0.1661702 0.3415424 0.1323217 0.2185430 0.3506531 0.2772264 0.2075189 0.1290314 0.1470355 0.4302139 0.1329970 0.2117434 0.0896465 0.0623110 0.3066346 0.2315948 0.0126646 0.2111006 0.4256970 0.1409250 0.0181501 0.1023820 0.4363256 0.0838677 0.0187574 0.1708995 0.3663277 0.0927081 0.1675329 0.1019103 0.4223952 0.0941407 0.1422359 0.1331218 0.0940793 0.1442808 0.0000010 0.1045285 0.2508846 0.4457690 0.5049682 0.0000010 0.1262012 0.8201695 0.6343492 0.1249471 0.0439744 0.1364023 0.0000010 0.4859315 0.2445718 0.0552996 0.5088691 0.3393420 0.0364262 0.5435787 0.0674212 0.0000010 
Perityle_cordifolia_27-At1g                     0.3868690 0.1602540 0.7478576 0.2260264 0.2247669 0.3151414 0.5268485 0.5016338 0.3265204 0.1772433 0.4358727 0.1277220 0.2468500 0.6225653 0.2479533 0.0763493 0.2402072 0.3112077 0.2539308 1.2458531 0.2250225 0.8927244 0.1054224 0.0569160 0.1661702 0.0000000 0.3620459 0.2832162 0.3553441 0.5671874 0.2881090 0.2988573 0.2207710 0.1554286 0.4358592 0.2402318 0.3313252 0.1424354 0.2358288 0.3030203 0.3253294 0.1175394 0.2154977 0.5747366 0.1172607 0.1356645 0.2500547 0.4333853 0.0830212 0.0674393 0.2553856 0.3340694 0.2317363 0.2601346 0.2910768 0.6329074 0.3565513 0.2963089 0.1349508 0.3373636 0.2114452 0.9917303 0.2265633 0.3379911 0.3833700 0.5046791 1.2951181 0.1136132 1.0448771 0.9546501 0.2666207 0.1571748 0.0813533 1.3884152 0.5594746 0.3448944 0.0970395 0.5835574 0.5534965 0.2266415 0.5946710 0.0428256 1.3812027 
Perityle_cordifolia_68_tecolote-At1g            0.3806694 0.1237995 0.2912571 0.3044252 0.1233674 0.3190701 0.2381063 0.4587300 0.2932396 0.1896866 0.4368159 0.1989246 0.1914444 0.3210491 0.2949018 0.1537422 0.2175394 0.1913890 0.3169545 0.7173390 0.3118620 0.1281610 0.1996162 0.0796488 0.3415424 0.3620459 0.0000000 0.3368520 0.2855876 0.2484643 0.3062658 0.3127247 0.4378626 0.1691796 0.3844295 0.4223830 0.3002682 0.1253376 0.4193776 0.3862540 0.3332578 0.1359602 0.2149676 0.4563135 0.2350155 0.1610676 0.2337626 0.3997077 0.1649977 0.0893427 0.3384512 0.2914278 0.3191485 0.2346708 0.0323825 0.2491225 0.2075499 0.2387179 0.1157804 0.1590648 0.2223660 0.1860246 0.4298905 0.4314490 0.3306608 0.4800880 0.2300645 0.1812807 0.4297172 0.3473524 0.2247736 0.1629058 0.1582606 0.1995452 0.5247645 0.3348876 0.1909178 0.4701368 0.2787713 0.2916558 0.5233771 0.0680405 0.3125928 
Perityle_coronopifolia_28_patagonia-At1g        0.2812676 0.1609889 0.2407765 0.1979593 0.1008650 0.3543826 0.2738427 0.3781496 0.2381426 0.2052560 0.4349256 0.1435978 0.2393494 0.2881230 0.1796713 0.1385979 0.1560723 0.1627663 0.3311081 0.5954348 0.2458776 0.2371021 0.1382930 0.1287652 0.1323217 0.2832162 0.3368520 0.0000000 0.2416223 0.2136932 0.1908301 0.2410514 0.3978284 0.1586995 0.4098092 0.3937989 0.2578118 0.1187317 0.4112959 0.3519461 0.3298598 0.1211423 0.2262601 0.3063115 0.1260736 0.1554439 0.2974226 0.4191846 0.1326519 0.1253227 0.3052818 0.4101306 0.2937324 0.2274603 0.2050041 0.3051794 0.3304117 0.2903482 0.1244150 0.1313283 0.1744764 0.2627308 0.3424522 0.0401894 0.4377472 0.4717395 0.1770596 0.1366179 0.5376105 0.2784354 0.2811580 0.1505994 0.1333523 0.2407608 0.5196939 0.2267134 0.1529130 0.4568657 0.2512219 0.2515523 0.5370631 0.1543415 0.2815956 
Perityle_crassifolia_70_ventanas-At1g           0.1908707 0.1654149 0.2929653 0.2511913 0.1344407 0.3719759 0.2716902 0.4396366 0.1979399 0.2583915 0.4057230 0.2135990 0.2383447 0.3227454 0.3196317 0.2425945 0.1459664 0.2298459 0.3700514 0.4654619 0.2320303 0.2854608 0.2579056 0.1253647 0.2185430 0.3553441 0.2855876 0.2416223 0.0000000 0.1878573 0.2132499 0.1857060 0.3738670 0.1400454 0.4729980 0.3642068 0.3201038 0.2521920 0.3581815 0.4509928 0.3967719 0.1925623 0.2658472 0.3250303 0.2437931 0.2191582 0.2211873 0.4802790 0.2552474 0.1124883 0.2171472 0.4021604 0.3582355 0.2964216 0.2284718 0.3009816 0.2014807 0.2209075 0.1892718 0.1246041 0.2017338 0.2690644 0.3676802 0.2624728 0.4150377 0.5834692 0.2188731 0.2376096 0.4062947 0.0611868 0.2287872 0.2446576 0.2482789 0.1673232 0.6464055 0.2283757 0.2386925 0.4990554 0.2585949 0.3052069 0.4515955 0.1757452 0.2227938 
Perityle_crassifolia_74_playa_balandra-At1g     0.1867739 0.3437019 0.3177263 0.3708964 0.2224836 0.4344114 0.2577887 0.3122387 0.2045253 0.3890601 0.3235898 0.3541665 0.2146770 0.2570883 0.4085684 0.3446984 0.4050856 0.2422385 0.3583159 0.2912177 0.2492012 0.2230204 0.3334076 0.2821390 0.3506531 0.5671874 0.2484643 0.2136932 0.1878573 0.0000000 0.4094670 0.1874706 0.3526493 0.4243549 0.2309139 0.3388781 0.3056891 0.3635843 0.3714190 0.4503229 0.5399197 0.3506155 0.3968413 0.2114058 0.3515053 0.3537837 0.2165162 0.2214332 0.3790588 0.2910673 0.2205255 0.0612267 0.3508999 0.2989920 0.2306079 0.0914271 0.1752357 0.2114438 0.3143141 0.2171247 0.3671898 0.2155617 0.5290650 0.2261946 0.0681067 0.1042946 0.1961225 0.3303932 0.3514474 0.1014547 0.2089502 0.3757892 0.3395388 0.1151460 0.1966978 0.2196821 0.3431116 0.2096263 0.3324940 0.4474515 0.1407480 0.2920878 0.1245695 
Perityle_cuneata_34_cuneata_San_antonio-At1g    0.2099027 0.1656466 0.4718336 0.2392767 0.1389278 0.2626066 0.3741694 0.4551404 0.1793976 0.2613952 0.4799905 0.2635069 0.2565384 0.5372751 0.2858294 0.2439642 0.0823112 0.2530088 0.2822779 0.3413809 0.3170240 0.4760616 0.2728844 0.1706958 0.2772264 0.2881090 0.3062658 0.1908301 0.2132499 0.4094670 0.0000000 0.1631311 0.2861686 0.1403388 0.4719903 0.2596448 0.2679713 0.2517560 0.2409789 0.4946606 0.3321558 0.2650220 0.2548003 0.4711754 0.2793617 0.2499882 0.2351969 0.4975595 0.2605676 0.1573210 0.2779769 0.3897462 0.2725002 0.2363468 0.2178345 0.4372934 0.2407094 0.2802269 0.1456735 0.1654393 0.1793060 0.2283597 0.2825226 0.2881188 0.4454188 0.5113007 0.3482098 0.2734288 0.8493806 0.6253268 0.2514432 0.3280660 0.2579566 0.2310483 0.5158591 0.2874377 0.2578476 0.4773946 0.3746128 0.3018703 0.5376824 0.2023468 0.2067675 
Perityle_discoidea_81-At1g                      0.0258481 0.0700211 0.2773304 0.1859968 0.1002558 0.3355033 0.2661797 0.4063646 0.0014887 0.1937566 0.5467918 0.2065387 0.2686157 0.3699713 0.2686508 0.2115489 0.1398445 0.2013605 0.4430656 0.6848128 0.3064496 0.2476918 0.2014587 0.1382814 0.2075189 0.2988573 0.3127247 0.2410514 0.1857060 0.1874706 0.1631311 0.0000000 0.4449989 0.0692756 0.4572641 0.4299943 0.3272958 0.2118584 0.4352619 0.4586751 0.3372088 0.2089718 0.2181329 0.3889317 0.2012234 0.2185642 0.2795253 0.4690574 0.1989440 0.1191173 0.2711510 0.3256511 0.3448043 0.2908018 0.2170715 0.2938335 0.2972686 0.2879249 0.1291042 0.1546989 0.1807438 0.2451576 0.3445421 0.3074906 0.3708038 0.5191402 0.1941507 0.1969661 0.4561242 0.1959801 0.2814729 0.2683941 0.1989156 0.1545237 0.5827914 0.2661379 0.1899614 0.5374808 0.2409975 0.3302709 0.5195149 0.1755288 0.2514629 
Perityle_dissecta_201-At1g                      0.5202204 0.1437849 0.4304793 0.2235319 0.1648563 0.2991018 0.4489407 0.5404144 0.4060617 0.1822455 0.3006849 0.1069485 0.3437669 0.5917806 0.2547934 0.0915254 0.2198758 0.2839826 0.1155648 0.2325346 0.3354800 0.4944671 0.0601254 0.0328466 0.1290314 0.2207710 0.4378626 0.3978284 0.3738670 0.3526493 0.2861686 0.4449989 0.0000000 0.1672416 0.4505226 0.1386971 0.4265987 0.1609321 0.0864877 0.3082553 0.3750531 0.1136045 0.2508507 0.6118611 0.0771180 0.1578967 0.3790162 0.4609627 0.0516724 0.0357934 0.3735546 0.3766832 0.0696379 0.2496579 0.2754462 0.5009345 0.4594693 0.4425330 0.1455346 0.0815350 0.2094035 0.4368146 0.2261730 0.4387540 0.4410058 0.6147990 0.2750762 0.0584511 0.7021815 0.6357998 0.3628593 0.1481468 0.0545191 0.4347967 0.6588341 0.4500456 0.0604551 0.2763481 0.2253270 0.2522841 0.6836939 0.0643571 0.4173174 
Perityle_emoryi_47_punta_san_jose-At1g          0.0950981 0.0542387 0.5487395 0.1418010 0.0812033 0.2129663 0.3624757 0.3720914 0.0714436 0.1267854 0.3218067 0.1474850 0.1749239 0.4038776 0.1799238 0.1353420 0.1196953 0.2148582 0.1840824 1.3980709 0.1645902 0.5069807 0.1526507 0.1101033 0.1470355 0.1554286 0.1691796 0.1586995 0.1400454 0.4243549 0.1403388 0.0692756 0.1672416 0.0000000 0.4492979 0.1715338 0.2463062 0.1811288 0.1843133 0.1918195 0.1990070 0.1420426 0.1854131 0.2789912 0.1375668 0.1409362 0.1722288 0.4728990 0.1492453 0.0988377 0.1788841 0.3034809 0.1499783 0.1795307 0.1811759 0.3854566 0.1921491 0.1798565 0.1220925 0.1415675 0.1307224 2.1304860 0.1281502 0.1652232 0.3745310 0.3316636 1.1522709 0.1400422 0.9130121 0.5237667 0.1639404 0.1727058 0.1402501 1.1791210 0.3289822 0.1674990 0.1394431 0.3683758 0.3451646 0.1770844 0.4431294 0.1597242 1.1522709 
Perityle_feddemae_99-At1g                       0.4818786 0.4021959 0.7850008 0.4438525 0.4230981 0.4504886 0.4697626 0.4239970 0.4613255 0.4846133 0.4383902 0.4054688 0.4293041 0.5465911 0.3639107 0.4083417 0.4660381 0.3942987 0.4402291 0.5439661 0.4012721 0.7529214 0.4279390 0.4199871 0.4302139 0.4358592 0.3844295 0.4098092 0.4729980 0.2309139 0.4719903 0.4572641 0.4505226 0.4492979 0.0000000 0.4393737 0.3736428 0.3445341 0.4741600 0.4282925 0.5135530 0.4248863 0.4517434 0.3455243 0.4118558 0.4169438 0.4175557 0.0267823 0.4474938 0.4206650 0.4313590 0.1624185 0.4290359 0.3653203 0.4048043 0.2123446 0.3516356 0.4083089 0.3696234 0.3127667 0.3806553 0.7848215 0.4031253 0.4130334 0.1642018 0.1708225 0.4355072 0.4163229 1.0759256 0.5555400 0.4351759 0.3956916 0.4244412 0.3222896 0.1837761 0.3628679 0.4144784 0.2018485 0.4917874 0.3930184 0.2456096 0.3555816 0.4029569 
Perityle_fosteri_93-At1g                        0.4912723 0.1255010 0.3983251 0.2219282 0.1661559 0.3195870 0.4211193 0.5036199 0.4032124 0.1978283 0.2827073 0.1131496 0.3530641 0.5459011 0.2455434 0.0845787 0.2348295 0.2735038 0.0767664 0.0745374 0.3103661 0.4685638 0.0664943 0.0438203 0.1329970 0.2402318 0.4223830 0.3937989 0.3642068 0.3388781 0.2596448 0.4299943 0.1386971 0.1715338 0.4393737 0.0000000 0.4133170 0.1571898 0.1239386 0.3085612 0.3678617 0.1198005 0.2263115 0.5699193 0.0844222 0.1531949 0.3720803 0.4404843 0.0606652 0.0547434 0.3644178 0.3476517 0.0412679 0.2492824 0.2628134 0.5008082 0.4600222 0.4472599 0.1249852 0.0704287 0.1929181 0.4144838 0.2495354 0.4402712 0.4016454 0.5597741 0.2485822 0.0564301 0.6880768 0.6443122 0.3693886 0.1621459 0.0727625 0.4296114 0.6232906 0.4227854 0.0692599 0.2640856 0.2147965 0.2510039 0.6520030 0.0540043 0.3992395 
Perityle_gamon_221-At1g                         0.3821550 0.2159777 0.3588658 0.2664597 0.1185623 0.4179832 0.3018352 0.4247140 0.3396724 0.2331494 0.4036699 0.1858089 0.2770250 0.3865247 0.2652789 0.1684279 0.1998733 0.2093765 0.3718651 0.6047099 0.3238400 0.2831914 0.1848407 0.1223846 0.2117434 0.3313252 0.3002682 0.2578118 0.3201038 0.3056891 0.2679713 0.3272958 0.4265987 0.2463062 0.3736428 0.4133170 0.0000000 0.1525981 0.4406331 0.4035192 0.3401334 0.1681028 0.2044791 0.3010183 0.2006253 0.2061788 0.3007464 0.3943509 0.1765543 0.1216865 0.2910379 0.3680682 0.3494653 0.2530584 0.2530710 0.3233695 0.3166573 0.3535492 0.1200797 0.1361435 0.2246349 0.2734546 0.3800233 0.2878230 0.3709408 0.5466327 0.3198592 0.1881302 0.5028006 0.3845810 0.2957398 0.2314914 0.1901010 0.3160160 0.5692506 0.2198350 0.1873157 0.5032249 0.2977994 0.2964628 0.5362638 0.1480703 0.3179772 
Perityle_gentryi_8_san_francisco-At1g           0.2754726 0.1590708 0.4571547 0.1773932 0.0998127 0.2132039 0.3180546 0.3518288 0.2322445 0.1501040 0.3084626 0.0841819 0.1549826 0.4622307 0.0212367 0.1359385 0.2185534 0.1485395 0.1419763 1.1395554 0.1713177 0.5255141 0.1513802 0.0896444 0.0896465 0.1424354 0.1253376 0.1187317 0.2521920 0.3635843 0.2517560 0.2118584 0.1609321 0.1811288 0.3445341 0.1571898 0.1525981 0.0000000 0.1338415 0.2736528 0.1869813 0.0824945 0.1723894 0.3092995 0.1353739 0.0872996 0.1308874 0.3535129 0.1410520 0.1014339 0.1459974 0.3208518 0.1382388 0.1078637 0.1331454 0.4083101 0.1860701 0.2095786 0.0752075 0.0731406 0.0819190 9.0000000 0.1474780 0.1780619 0.3732435 0.4328722 0.3730616 0.1583795 0.8749666 0.5799674 0.1650316 0.1097877 0.1320125 1.0665628 0.4060334 0.1227787 0.1290432 0.4173432 0.2825006 0.0917571 0.4782612 0.1050405 0.3730616 
Perityle_gilensis_22_Superstition-At1g          0.5047188 0.1750117 0.4154675 0.1953781 0.1803078 0.3178776 0.4507031 0.5282619 0.3803523 0.1753663 0.2430728 0.0548981 0.3309919 0.4516545 0.2268826 0.0791845 0.2513758 0.2938561 0.0968233 0.2215822 0.2603973 0.4909244 0.0385109 0.0378558 0.0623110 0.2358288 0.4193776 0.4112959 0.3581815 0.3714190 0.2409789 0.4352619 0.0864877 0.1843133 0.4741600 0.1239386 0.4406331 0.1338415 0.0000000 0.2785418 0.3578867 0.0579476 0.2253579 0.5579729 0.0812601 0.0786068 0.3227169 0.4859741 0.0587011 0.0455102 0.3519219 0.3934663 0.0845149 0.2296509 0.2712715 0.5100116 0.4438409 0.3819029 0.1566323 0.0901977 0.2122630 0.4274724 0.2375637 0.4300084 0.4621704 0.4867666 0.2980241 0.0770765 0.6800985 0.6365958 0.3312190 0.0867149 0.0691618 0.4254575 0.5643456 0.4068690 0.0651188 0.2354602 0.2393585 0.1776644 0.6582732 0.0503026 0.4378307 
Perityle_gilensis_salensis_225-At1g             0.3523949 0.1433322 0.5192931 0.3744757 0.2255925 0.3555564 0.4301145 0.5882114 0.3915873 0.3170396 0.3383199 0.2633877 0.2671269 0.4786663 0.3609930 0.1943039 0.2303530 0.3925388 0.2427419 0.8273531 0.3138068 0.4846229 0.2030295 0.0124917 0.3066346 0.3030203 0.3862540 0.3519461 0.4509928 0.4503229 0.4946606 0.4586751 0.3082553 0.1918195 0.4282925 0.3085612 0.4035192 0.2736528 0.2785418 0.0000000 0.5053006 0.1837262 0.4279177 0.4877540 0.2490520 0.2233016 0.2860155 0.4341775 0.1935859 0.0259697 0.3182521 0.4472294 0.2687683 0.3389186 0.2417920 0.5075187 0.2299285 0.3141600 0.1322507 0.2461415 0.3726133 0.8216673 0.2998001 0.4395094 0.3970654 0.6900606 0.6808335 0.2001528 1.0367477 0.6870203 0.2913112 0.1198185 0.1948224 0.8000330 0.6421015 0.4211873 0.1913125 0.5153063 0.4287960 0.3239523 0.6172102 0.0431457 0.7022486 
Perityle_glaucescens_94-At1g                    0.3880386 0.1457675 0.5957936 0.2480319 0.3340567 0.3209274 0.4890139 0.5214256 0.3464403 0.2494157 0.4882019 0.2218153 0.3164363 0.5211874 0.2826929 0.2372698 0.2616042 0.3299336 0.3370525 1.0918980 0.3260225 0.7076933 0.2699581 0.1545115 0.2315948 0.3253294 0.3332578 0.3298598 0.3967719 0.5399197 0.3321558 0.3372088 0.3750531 0.1990070 0.5135530 0.3678617 0.3401334 0.1869813 0.3578867 0.5053006 0.0000000 0.1904540 0.0617964 0.5118252 0.2745185 0.1806829 0.3203617 0.5067109 0.2516782 0.1507300 0.3531153 0.3887040 0.3718411 0.3046976 0.3211898 0.5594713 0.3440725 0.3144684 0.0926843 0.3606231 0.1982370 0.8241712 0.3573808 0.3830801 0.4692376 0.5419515 1.0116565 0.2578772 0.9056126 0.9173396 0.3226887 0.2411071 0.2536927 0.7782968 0.5387571 0.3521773 0.2515053 0.6108422 0.5264437 0.2382001 0.5878475 0.1459974 0.8801177 
Perityle_gracilis_11-At1g                       0.2311598 0.1354213 0.3902461 0.1747112 0.1136636 0.2014234 0.2873690 0.3561526 0.2144604 0.1324359 0.2556882 0.0112572 0.0834193 0.3546932 0.0943789 0.1097291 0.2056521 0.1756006 0.1029194 0.0000010 0.0832829 0.5745300 0.0820414 0.0098847 0.0126646 0.1175394 0.1359602 0.1211423 0.1925623 0.3506155 0.2650220 0.2089718 0.1136045 0.1420426 0.4248863 0.1198005 0.1681028 0.0824945 0.0579476 0.1837262 0.1904540 0.0000000 0.1818042 0.3511064 0.1044243 0.0047721 0.0654950 0.4270832 0.0904665 0.0163772 0.1150089 0.3673523 0.0953406 0.1621921 0.1017333 0.4258792 0.0975263 0.1217373 0.1230027 0.0891895 0.1001929 0.0000010 0.0546847 0.1897373 0.4491703 0.4410047 0.0000010 0.1237428 0.8464255 0.7138681 0.0734653 0.0337766 0.1070965 0.0000010 0.4487719 0.1606774 0.0659536 0.4565677 0.3218865 0.0171451 0.5066601 0.0569548 0.0000010 
Perityle_harkerae_31-At1g                       0.2482918 0.1264249 0.4566024 0.2065074 0.1864198 0.2442955 0.3114072 0.3804101 0.2176252 0.2080817 0.3610743 0.2101608 0.2092392 0.4255563 0.2006520 0.2074526 0.2586661 0.2142825 0.1843688 0.0000010 0.2463348 0.5610689 0.2508697 0.1529736 0.2111006 0.2154977 0.2149676 0.2262601 0.2658472 0.3968413 0.2548003 0.2181329 0.2508507 0.1854131 0.4517434 0.2263115 0.2044791 0.1723894 0.2253579 0.4279177 0.0617964 0.1818042 0.0000000 0.4416507 0.2417275 0.1725657 0.2222905 0.4423511 0.2462515 0.1492526 0.2370301 0.3844655 0.2356747 0.1866733 0.1896644 0.4585342 0.1913608 0.2061528 0.0831409 0.1027865 0.1719646 0.0000010 0.2222200 0.2776657 0.4553994 0.5090555 0.0000010 0.2487269 1.0152137 1.1819301 0.2270412 0.2436157 0.2352340 0.0000010 0.4892875 0.1993288 0.2270331 0.4682806 0.3112365 0.1964930 0.4931866 0.1321261 0.0000010 
Perityle_hofmeisteria_4_nombre_de_dios-At1g     0.3442606 0.1742003 0.2811832 0.4604675 0.1314243 0.4866462 0.2599423 0.5176838 0.3932702 0.4232615 0.5042066 0.3779666 0.3383337 0.3929143 0.4191512 0.4320257 0.2199412 0.2539500 0.5317465 0.6374074 0.3737389 0.2877523 0.4085262 0.1829344 0.4256970 0.5747366 0.4563135 0.3063115 0.3250303 0.2114058 0.4711754 0.3889317 0.6118611 0.2789912 0.3455243 0.5699193 0.3010183 0.3092995 0.5579729 0.4877540 0.5118252 0.3511064 0.4416507 0.0000000 0.4614688 0.4595024 0.3780988 0.3627142 0.4023586 0.2365887 0.4232303 0.3945936 0.4604748 0.3433608 0.2471388 0.2071911 0.2567610 0.3665397 0.1259137 0.1070908 0.3796380 0.2890419 0.5280860 0.4227381 0.3580081 0.6891218 0.2506754 0.4387724 0.4227710 0.2706328 0.3604127 0.2809149 0.4522630 0.1127264 0.7198281 0.3141460 0.3853087 0.5781738 0.2379428 0.5343395 0.4556134 0.1399975 0.1331514 
Perityle_huecosensis_48-At1g                    0.2219373 0.1279041 0.4096110 0.1822489 0.1042786 0.2283245 0.3151150 0.3686787 0.1964366 0.1456594 0.3623139 0.1101329 0.1009963 0.4837583 0.2186713 0.0541528 0.1914234 0.1706906 0.1012711 0.0000010 0.1898415 0.5795243 0.0598832 0.0198896 0.1409250 0.1172607 0.2350155 0.1260736 0.2437931 0.3515053 0.2793617 0.2012234 0.0771180 0.1375668 0.4118558 0.0844222 0.2006253 0.1353739 0.0812601 0.2490520 0.2745185 0.1044243 0.2417275 0.4614688 0.0000000 0.1462631 0.1323433 0.4169289 0.0502441 0.0211776 0.1463342 0.3617836 0.0621679 0.1633443 0.1264001 0.4233247 0.1333249 0.1834583 0.1231501 0.1142058 0.1451953 8.9999985 0.0978859 0.1943961 0.4110516 0.4977472 0.5802283 0.0511333 0.8083160 0.6596267 0.1423721 0.1335613 0.0480792 1.5547841 0.4885549 0.2588427 0.0517603 0.4857372 0.3419255 0.1565991 0.5227927 0.0499730 0.5909092 
