86
Amauria_brandeegeana_62                    0.0000000 0.0629280 0.0350588 0.2571944 0.1270975 0.3291454 0.2720134 0.1743178 0.1802121 0.0381528 0.1369052 0.1552091 0.1282731 0.1368707 0.1793874 0.0697692 0.3646971 0.1494408 0.1566195 0.1503818 0.1465860 0.1543697 0.1633298 0.1161586 0.1156130 0.1355838 0.2762006 0.1599888 0.1376821 0.2021388 0.2005283 0.0799249 0.1407622 0.0343033 0.1241378 0.0430154 0.1476337 0.1519033 0.1791542 0.0728769 0.1269147 0.1246258 0.1426876 0.1295603 0.1523961 0.1448214 0.1305957 0.1194655 0.1265768 0.1419865 0.3959249 0.1482329 0.1174845 0.4401035 0.1467021 0.1394502 0.0965743 0.0885860 0.1778927 0.1194924 0.1651535 0.1489521 0.1538801 0.3825684 0.1246634 0.1391842 0.2162001 0.1452274 0.1643709 0.1741736 0.1347138 0.1173334 0.2568796 0.1220862 0.1662782 0.1350621 0.3319683 0.1493914 0.1496607 0.1292002 0.1241465 0.2009638 0.1149893 0.2633501 0.1866216 0.1597507 
Amauria_carterae_99_mesa                   0.0629280 0.0000000 0.0439499 0.2039216 0.1328414 0.3441529 0.2207513 0.1351581 0.1637762 0.0494713 0.1591225 0.1263851 0.1282180 0.1356974 0.1658586 0.0529081 0.4039855 0.1545832 0.1630912 0.1375596 0.1414130 0.1217899 0.1418967 0.1187321 0.1227615 0.1278102 0.1196082 0.1075076 0.1411936 0.1763252 0.2055590 0.0547437 0.1466613 0.0512327 0.1276552 0.0403082 0.1475686 0.1478485 0.1746755 0.0512415 0.1298978 0.1215178 0.1388001 0.1235133 0.1408786 0.1453855 0.1386442 0.1214234 0.1234933 0.1429499 0.2942224 0.1194956 0.1259065 0.3499238 0.1214649 0.1262123 0.0820263 0.0605945 0.1540088 0.1279797 0.1318097 0.1449656 0.1390877 0.1406934 0.1257262 0.1498069 0.1345024 0.1290152 0.1572461 0.1484310 0.1277907 0.1187321 0.2191935 0.1300857 0.1480369 0.1299250 0.1764658 0.1487652 0.1518333 0.1254211 0.1404059 0.1571383 0.1236198 0.2051616 0.1725904 0.1899088 
Amauria_rotundifolia_SRR9119150            0.0350588 0.0439499 0.0000000 0.2797713 0.1344953 0.3486882 0.2992845 0.1774350 0.1937727 0.0319348 0.1567169 0.1494891 0.1321023 0.1444117 0.1788818 0.0833235 0.3482093 0.1539507 0.1511871 0.1463724 0.1512049 0.1611405 0.1712727 0.1379259 0.1220381 0.1498471 0.3430771 0.1563898 0.1468710 0.2004076 0.2019299 0.0821557 0.1535128 0.0294731 0.1287410 0.0420975 0.1772380 0.1574055 0.1796287 0.0939486 0.1337625 0.1319661 0.1480975 0.1332604 0.1536921 0.1609912 0.1516249 0.1408771 0.1507490 0.1517719 0.4465187 0.1547158 0.1264025 0.4639575 0.1453051 0.1528994 0.1079352 0.0949968 0.1850055 0.1429972 0.1619826 0.1600719 0.1538139 0.3823133 0.1493740 0.1405534 0.2152363 0.1500889 0.1698195 0.1708049 0.1614568 0.1390551 0.2644007 0.1306994 0.1694156 0.1507037 0.3349151 0.1605899 0.1666039 0.1605126 0.1325469 0.1967906 0.1345154 0.3102163 0.1894420 0.1746100 
Conoclinium_coelestinum_SRR9119114         0.2571944 0.2039216 0.2797713 0.0000000 0.2793450 0.5111152 0.1232614 0.2436745 0.3017971 0.2668182 0.2831907 0.2675524 0.2683995 0.2773980 0.3631145 0.2588259 0.5430302 0.2956788 0.2699093 0.3262490 0.3200420 0.2622174 0.2838848 0.2627570 0.2607270 0.2497178 0.2995401 0.2188890 0.2744974 0.3483763 0.3962989 0.2499733 0.2722199 0.2799031 0.2604536 0.2699881 0.2797217 0.3281913 0.3286461 0.2502285 0.2702785 0.2565678 0.2637984 0.2480886 0.2795377 0.2785278 0.2723685 0.2634850 0.2608328 0.2663036 0.4152334 0.2610086 0.2667864 0.5559153 0.2610533 0.2658809 0.2520490 0.3385020 0.3343581 0.2678910 0.3173485 0.1854119 0.2760341 0.4010550 0.2677699 0.2743933 0.3256426 0.2722952 0.3008850 0.3186514 0.2721628 0.2611292 0.4109530 0.2698810 0.3291033 0.2779623 0.4202463 0.2877801 0.2786273 0.2717856 0.2728885 0.3210037 0.2622577 0.3239586 0.3529008 0.3616905 
Eutetras_palmeri_63                        0.1270975 0.1328414 0.1344953 0.2793450 0.0000000 0.2696588 0.2729726 0.0875666 0.1691766 0.1261816 0.0645590 0.0705535 0.0620215 0.0668606 0.0709373 0.1272668 0.3372590 0.0695262 0.0747337 0.0716077 0.0609562 0.0779828 0.0976161 0.0625948 0.0593187 0.0646926 0.1407793 0.1423733 0.0724854 0.0927925 0.0987473 0.1292333 0.0858611 0.1328767 0.0574905 0.1234513 0.0726078 0.0677876 0.0962504 0.1173483 0.0658372 0.0652143 0.0748904 0.0573584 0.0674155 0.0881579 0.0755869 0.0571296 0.0583408 0.0672918 0.3473291 0.0831027 0.0550452 0.3816826 0.0558642 0.0625627 0.1377776 0.1497994 0.0566925 0.0607540 0.0867925 0.0506630 0.0801459 0.2316650 0.0709526 0.0718133 0.1468446 0.0858378 0.0861887 0.0611787 0.0705453 0.0625948 0.1900813 0.0631653 0.0646220 0.0677305 0.2231667 0.0828869 0.0837654 0.0619719 0.0668083 0.0970806 0.0594218 0.1467970 0.1081865 0.1649802 
Eutetras_pringlei_149_quer                 0.3291454 0.3441529 0.3486882 0.5111152 0.2696588 0.0000000 0.4613749 0.3075113 0.3933287 0.3226876 0.2978415 0.2996263 0.2809995 0.2963938 0.2847148 0.3296441 0.3178530 0.3031987 0.3639865 0.2858451 0.2884003 0.2781906 0.2148024 0.2812526 0.2773191 0.3010746 0.3114321 0.3638588 0.3065338 0.3164941 0.3055866 0.3325281 0.3244629 0.3266611 0.2868560 0.3394570 0.3098042 0.2792589 0.3495408 0.3144321 0.2958709 0.2790439 0.3100063 0.2839323 0.2944466 0.3306933 0.2951854 0.2736006 0.2769717 0.2994348 0.1356384 0.2811602 0.2873311 0.3105516 0.2926196 0.2824922 0.3585972 0.3140829 0.2651125 0.2771793 0.2533745 0.3351529 0.2932936 0.3150238 0.3058850 0.3020703 0.3047753 0.3270905 0.3352701 0.2786453 0.2973700 0.2812526 0.3155881 0.2847998 0.2718443 0.2827093 0.3340218 0.3308896 0.3428282 0.3070208 0.2985457 0.3019613 0.2774176 0.3492263 0.3491068 0.2854698 
Eutrochium_fistulosum_SRR9119106           0.2720134 0.2207513 0.2992845 0.1232614 0.2729726 0.4613749 0.0000000 0.1603972 0.2868283 0.2792683 0.2906432 0.2627138 0.2662945 0.2764492 0.3302730 0.2763235 0.5213916 0.2915186 0.2202573 0.2885376 0.2778597 0.2565437 0.2574504 0.2581306 0.2531690 0.2323417 0.2692176 0.1885895 0.2742168 0.3163946 0.3459949 0.2664021 0.2788965 0.2836737 0.2736171 0.2867685 0.2830354 0.2964199 0.3438363 0.2750179 0.2659317 0.2522505 0.2743965 0.2518504 0.2772136 0.2949867 0.2790175 0.2582750 0.2614724 0.2755813 0.3919416 0.2677536 0.2616268 0.4438854 0.2665024 0.2662707 0.1987619 0.3196280 0.3015720 0.2610219 0.2941404 0.1369280 0.2775676 0.3168701 0.2694968 0.2761718 0.2743191 0.2739056 0.2881686 0.3023623 0.2776934 0.2581306 0.3160570 0.2633072 0.2864032 0.2712735 0.2957564 0.2830790 0.2708285 0.2722356 0.2755118 0.2955382 0.2589834 0.3189396 0.3114392 0.3305035 
Galeana_pratensis_104_mex                  0.1743178 0.1351581 0.1774350 0.2436745 0.0875666 0.3075113 0.1603972 0.0000000 0.1651476 0.1746493 0.0902856 0.0822633 0.0763212 0.0707047 0.0766840 0.1578898 0.1116149 0.0931508 0.0941389 0.0711665 0.0654567 0.0682116 0.0896916 0.0723505 0.0702193 0.0763542 0.1876088 0.1401912 0.0894677 0.0885124 0.1058915 0.1532923 0.0814751 0.1779847 0.0845159 0.1646305 0.0961973 0.0759191 0.0794052 0.1460470 0.0792388 0.0724773 0.0877077 0.0701180 0.0903872 0.0879770 0.0768332 0.0679479 0.0706556 0.0875679 0.2791807 0.0787566 0.0657941 0.1933825 0.0649712 0.0819521 0.1269204 0.1364310 0.0700908 0.0679479 0.1000358 0.0748116 0.0882177 0.1668908 0.0952764 0.0956447 0.0874657 0.1168379 0.1104370 0.0689215 0.0767646 0.0723505 0.0954633 0.0763606 0.0761805 0.0758878 0.1725127 0.1099474 0.0873580 0.0680872 0.0904367 0.0951443 0.0734235 0.1339316 0.1078889 0.1098242 
Helianthus_annuus_SRR9119062               0.1802121 0.1637762 0.1937727 0.3017971 0.1691766 0.3933287 0.2868283 0.1651476 0.0000000 0.1874579 0.1901347 0.1732524 0.1697742 0.1713433 0.2070681 0.1828152 0.3851579 0.1931133 0.1663528 0.1826063 0.1772305 0.1647387 0.1746163 0.1616623 0.1579712 0.1676521 0.2501647 0.1591529 0.1725519 0.2147913 0.2252067 0.1816164 0.1942135 0.1906136 0.1745626 0.1863629 0.1834179 0.1905244 0.2072814 0.1742664 0.1745503 0.1638744 0.1758609 0.1667247 0.1768263 0.1787993 0.1792665 0.1628298 0.1715958 0.1753535 0.3734435 0.1729621 0.1586620 0.4736396 0.1665022 0.1699707 0.1834378 0.2230291 0.1968304 0.1662048 0.2019146 0.1552402 0.1794036 0.3021005 0.1731537 0.1790120 0.1779683 0.1746071 0.1875974 0.1806908 0.1700235 0.1616623 0.2295300 0.1712641 0.1936819 0.1743565 0.3137683 0.1777332 0.1850375 0.1682007 0.1684270 0.1962996 0.1646740 0.2630754 0.2153576 0.2496859 
Lycapsus_tenuifolius_17                    0.0381528 0.0494713 0.0319348 0.2668182 0.1261816 0.3226876 0.2792683 0.1746493 0.1874579 0.0000000 0.1703429 0.1269645 0.1238590 0.1367952 0.1694550 0.0817981 0.3144853 0.1438481 0.1442140 0.1364422 0.1387008 0.1230579 0.1643166 0.1568265 0.1197121 0.1451208 0.3926129 0.1236730 0.1664981 0.1871771 0.1856487 0.0773219 0.1515177 0.0012556 0.1187546 0.0413033 0.1701166 0.1426705 0.1649491 0.0881930 0.1347711 0.1275054 0.1382624 0.1246281 0.1409222 0.1745402 0.1506523 0.1426902 0.1546982 0.1395622 0.4542132 0.1155550 0.1221568 0.4500636 0.1340678 0.1592808 0.0944910 0.0852538 0.1680910 0.1587951 0.1511113 0.1492122 0.1408027 0.3726648 0.1482803 0.1380124 0.1617220 0.1296820 0.1490132 0.1662787 0.1927495 0.1580131 0.2145675 0.1230136 0.1559851 0.1572859 0.3382348 0.1539951 0.1610812 0.1769757 0.1318268 0.1835091 0.1294972 0.3346982 0.1789366 0.1640242 
Pericome_caudata_50_silver                 0.1369052 0.1591225 0.1567169 0.2831907 0.0645590 0.2978415 0.2906432 0.0902856 0.1901347 0.1703429 0.0000000 0.1240071 0.0778490 0.0838390 0.0801265 0.1535185 0.3275793 0.0859951 0.0931387 0.0869330 0.0729831 0.1142279 0.0938388 0.1052673 0.0690174 0.0978448 0.2616101 0.2320375 0.1094128 0.1088757 0.1105755 0.1290231 0.0994524 0.1600150 0.0678139 0.1467488 0.1064613 0.0758255 0.1021942 0.1494057 0.0665118 0.0848128 0.0832754 0.0641378 0.0819105 0.1264945 0.0977551 0.0874763 0.1024730 0.0777065 0.4462485 0.0987176 0.0611563 0.3727781 0.0650575 0.1113957 0.1519239 0.1696344 0.0573261 0.0991838 0.0815054 0.0671245 0.0978558 0.2863780 0.1027912 0.0755459 0.1595237 0.0917446 0.1043187 0.0665992 0.1302870 0.0950354 0.1812271 0.0713221 0.0736284 0.1109621 0.2409460 0.0930322 0.1353783 0.1203237 0.0701505 0.0961512 0.0853690 0.2312889 0.1153835 0.1600914 
Perityle_aglossa_84_dead_horse             0.1552091 0.1263851 0.1494891 0.2675524 0.0705535 0.2996263 0.2627138 0.0822633 0.1732524 0.1269645 0.1240071 0.0000000 0.0332426 0.0354317 0.0409327 0.1386012 0.2927937 0.0685584 0.0691326 0.0283906 0.0250356 0.0626182 0.0799570 0.0654739 0.0445114 0.0296777 0.2602686 0.1862783 0.0857673 0.0887336 0.1020217 0.1770878 0.1170956 0.1352959 0.0289863 0.1224649 0.0930115 0.0349881 0.0838729 0.1240179 0.0641563 0.0559097 0.0971322 0.0285877 0.0652050 0.1239011 0.0682464 0.0582320 0.0698214 0.1002174 0.4303238 0.0576103 0.0575782 0.3683958 0.0308560 0.0667419 0.1267066 0.1311362 0.0348011 0.0650949 0.0842842 0.0503726 0.0900511 0.2793806 0.0654002 0.1074669 0.1187630 0.0926060 0.0873342 0.0401287 0.0368599 0.0673368 0.2228170 0.0597158 0.0332392 0.0378458 0.2269188 0.1169793 0.0893713 0.0529842 0.1089753 0.0917053 0.0525592 0.2561611 0.0845547 0.1514743 
Perityle_ajoensis_204                      0.1282731 0.1282180 0.1321023 0.2683995 0.0620215 0.2809995 0.2662945 0.0763212 0.1697742 0.1238590 0.0778490 0.0332426 0.0000000 0.0305459 0.0361743 0.1163372 0.2667350 0.0684188 0.0675693 0.0332545 0.0277586 0.0345294 0.0801331 0.0276122 0.0245758 0.0225174 0.2123152 0.1442643 0.0647723 0.0826439 0.0996107 0.1233944 0.0825049 0.1333859 0.0225148 0.1195423 0.0680900 0.0226563 0.0821288 0.1149248 0.0306880 0.0306105 0.0642332 0.0073699 0.0577361 0.0820133 0.0460592 0.0102502 0.0128963 0.0591149 0.4132921 0.0500433 0.0230224 0.3677915 0.0295185 0.0619655 0.1283953 0.1215270 0.0056799 0.0083832 0.0841634 0.0505467 0.0792009 0.2696784 0.0304751 0.0662246 0.1108626 0.0870750 0.0791299 0.0424501 0.0312707 0.0295603 0.1802372 0.0109923 0.0108850 0.0253805 0.1939863 0.0828553 0.0767090 0.0283498 0.0345869 0.0841851 0.0083794 0.2013507 0.0873362 0.1463877 
Perityle_ambrosiifolia_67_green            0.1368707 0.1356974 0.1444117 0.2773980 0.0668606 0.2963938 0.2764492 0.0707047 0.1713433 0.1367952 0.0838390 0.0354317 0.0305459 0.0000000 0.0311793 0.1205264 0.2583781 0.0723184 0.0688401 0.0294717 0.0196208 0.0546645 0.0632013 0.0273427 0.0227021 0.0279560 0.2476753 0.1508674 0.0760751 0.0847317 0.0957838 0.1330979 0.0921010 0.1412986 0.0300503 0.1284763 0.0764153 0.0411860 0.0864106 0.1297155 0.0275045 0.0283280 0.0680802 0.0312672 0.0638904 0.0930875 0.0421843 0.0308273 0.0384475 0.0621096 0.4441478 0.0570982 0.0221013 0.3766781 0.0280406 0.0745408 0.1402047 0.1284120 0.0308153 0.0346263 0.0740461 0.0535801 0.0840128 0.2720053 0.0452271 0.0684393 0.1023555 0.0907289 0.0894362 0.0242308 0.0299553 0.0292070 0.1796759 0.0327432 0.0347383 0.0336203 0.2135511 0.0942176 0.0893659 0.0345111 0.0287313 0.0748812 0.0336738 0.2335048 0.0921616 0.1525681 
Perityle_angustifolia_13_Eagle_creek       0.1793874 0.1658586 0.1788818 0.3631145 0.0709373 0.2847148 0.3302730 0.0766840 0.2070681 0.1694550 0.0801265 0.0409327 0.0361743 0.0311793 0.0000000 0.1545348 0.1508238 0.0854890 0.0886830 0.0296836 0.0296453 0.0362135 0.0634186 0.0349330 0.0270238 0.0379900 0.1944747 0.1517211 0.0760088 0.0950239 0.1081439 0.1553925 0.0928453 0.1745697 0.0400696 0.1642471 0.0779085 0.0470563 0.0937757 0.1445126 0.0336461 0.0350527 0.0721231 0.0367419 0.0714040 0.0873869 0.0426480 0.0344738 0.0443937 0.0724635 0.3454323 0.0400969 0.0217762 0.2700837 0.0304704 0.0679962 0.1456974 0.1321257 0.0368421 0.0377817 0.0793150 0.0637473 0.0838571 0.2336762 0.0513501 0.0749709 0.0474504 0.0990975 0.0945494 0.0333389 0.0264810 0.0349330 0.0962348 0.0442917 0.0408769 0.0425194 0.2223028 0.0960438 0.0909272 0.0312246 0.0409314 0.0822010 0.0377875 0.1610214 0.1066666 0.1232344 
Perityle_batopilensis_97                   0.0697692 0.0529081 0.0833235 0.2588259 0.1272668 0.3296441 0.2763235 0.1578898 0.1828152 0.0817981 0.1535185 0.1386012 0.1163372 0.1205264 0.1545348 0.0000000 0.3309220 0.1459796 0.1535805 0.1265345 0.1332777 0.1588205 0.1589771 0.1363150 0.1064563 0.1305373 0.3458117 0.1184786 0.1438045 0.2018080 0.2108240 0.0730818 0.1475063 0.0692115 0.1234695 0.0605668 0.1608187 0.1544737 0.1678941 0.0378524 0.1202484 0.1169098 0.1368209 0.1274272 0.1383713 0.1520753 0.1409858 0.1393011 0.1466974 0.1403817 0.4491547 0.1517724 0.1100036 0.4474044 0.1312029 0.1486335 0.0710547 0.0770835 0.1765573 0.1392915 0.1635739 0.1660578 0.1383980 0.3814164 0.1458555 0.1275223 0.2056827 0.1310049 0.1503816 0.1605547 0.1573060 0.1374136 0.2700382 0.1193331 0.1590822 0.1529775 0.3420501 0.1444843 0.1674002 0.1461808 0.1237936 0.1873874 0.1294875 0.3013536 0.1800424 0.1573148 
Perityle_bisetosa_9                        0.3646971 0.4039855 0.3482093 0.5430302 0.3372590 0.3178530 0.5213916 0.1116149 0.3851579 0.3144853 0.3275793 0.2927937 0.2667350 0.2583781 0.1508238 0.3309220 0.0000000 0.3148017 0.2782503 0.1739902 0.1830220 0.2834315 0.0403220 0.2821800 0.2695321 0.2777516 0.5175218 0.4037889 0.3014086 0.2782323 0.2181132 0.3769836 0.3297260 0.3410353 0.2611111 0.3099691 0.3166875 0.1931692 0.2448609 0.2996027 0.3121357 0.2846780 0.3074201 0.3419111 0.3080396 0.3317427 0.2872461 0.2833529 0.2923842 0.3433815 0.3243874 0.2956293 0.2841033 0.4911396 0.2883978 0.2722409 0.2087444 0.2048417 0.1763645 0.2849903 0.1144826 0.1590130 0.2892503 0.3543105 0.2978234 0.3138495 0.3163708 0.3009187 0.2831408 0.1298165 0.2460172 0.2821800 0.3807175 0.2944565 0.2077094 0.2757175 0.2982573 0.3405535 0.2956617 0.2818494 0.2895352 0.1223784 0.2839581 0.4643454 0.2782736 0.2726467 
Perityle_californica_76_positas            0.1494408 0.1545832 0.1539507 0.2956788 0.0695262 0.3031987 0.2915186 0.0931508 0.1931133 0.1438481 0.0859951 0.0685584 0.0684188 0.0723184 0.0854890 0.1459796 0.3148017 0.0000000 0.0945882 0.0797065 0.0631910 0.0607869 0.1018669 0.0666355 0.0631215 0.0686720 0.1622515 0.1445397 0.0757172 0.0863798 0.0995497 0.1373778 0.0994915 0.1530162 0.0671193 0.1465213 0.0837376 0.0800175 0.1061505 0.1419654 0.0685992 0.0642658 0.0822332 0.0641711 0.0826649 0.0911304 0.0751402 0.0657002 0.0671535 0.0806770 0.3739971 0.0654383 0.0634946 0.3953214 0.0677620 0.0694669 0.1641473 0.1738169 0.0717801 0.0670574 0.1028486 0.0670661 0.0821607 0.2562176 0.0793884 0.0789027 0.1158210 0.0957651 0.0993710 0.0713697 0.0736528 0.0666355 0.1563955 0.0696352 0.0733460 0.0695181 0.2551161 0.0934665 0.0871199 0.0709714 0.0710775 0.1061664 0.0632552 0.1549369 0.1111092 0.1857742 
Perityle_canescens_77                      0.1566195 0.1630912 0.1511871 0.2699093 0.0747337 0.3639865 0.2202573 0.0941389 0.1663528 0.1442140 0.0931387 0.0691326 0.0675693 0.0688401 0.0886830 0.1535805 0.2782503 0.0945882 0.0000000 0.0800163 0.0661223 0.0584784 0.0843742 0.0714943 0.0653639 0.0716536 0.2453815 0.1432701 0.0734764 0.0913612 0.1259680 0.1359705 0.0987332 0.1498425 0.0687572 0.1528040 0.0768066 0.0798024 0.0872840 0.1413503 0.0749021 0.0670637 0.0754543 0.0524095 0.0685566 0.0823503 0.0785897 0.0659803 0.0708227 0.0720145 0.2986306 0.0688354 0.0638207 0.4296791 0.0592691 0.0772116 0.1696411 0.1775081 0.0634002 0.0629512 0.0805552 0.0727033 0.0809171 0.2968996 0.0729936 0.0789101 0.0799284 0.0857439 0.0870595 0.0699845 0.0768203 0.0714943 0.0951566 0.0706725 0.0693086 0.0643402 0.2323419 0.0821794 0.0857247 0.0689409 0.0752476 0.0932625 0.0644205 0.2241561 0.0931498 0.1592415 
Perityle_castillonii_96                    0.1503818 0.1375596 0.1463724 0.3262490 0.0716077 0.2858451 0.2885376 0.0711665 0.1826063 0.1364422 0.0869330 0.0283906 0.0332545 0.0294717 0.0296836 0.1265345 0.1739902 0.0797065 0.0800163 0.0000000 0.0250364 0.0308381 0.0567303 0.0322784 0.0284599 0.0332257 0.2663771 0.1308417 0.0797406 0.0928372 0.1019320 0.1390784 0.0885839 0.1502556 0.0379113 0.1330289 0.0760288 0.0492636 0.0926899 0.1206914 0.0369661 0.0323740 0.0709078 0.0385547 0.0658339 0.0925683 0.0492881 0.0307560 0.0381964 0.0653077 0.3875351 0.0395162 0.0227005 0.3239272 0.0313391 0.0710327 0.1310081 0.1271797 0.0449103 0.0332466 0.0899086 0.0603269 0.0898693 0.2818453 0.0445744 0.0815482 0.0467656 0.0916109 0.0925839 0.0402035 0.0259130 0.0347339 0.0892377 0.0400630 0.0430576 0.0380176 0.2233265 0.0935316 0.0815893 0.0307522 0.0398579 0.0894637 0.0332505 0.2390191 0.0957498 0.1071236 
Perityle_cernua_84                         0.1465860 0.1414130 0.1512049 0.3200420 0.0609562 0.2884003 0.2778597 0.0654567 0.1772305 0.1387008 0.0729831 0.0250356 0.0277586 0.0196208 0.0296453 0.1332777 0.1830220 0.0631910 0.0661223 0.0250364 0.0000000 0.0251019 0.0666822 0.0225695 0.0146090 0.0247133 0.2149971 0.1229296 0.0664384 0.0789726 0.0997261 0.1437744 0.0774366 0.1519640 0.0281461 0.1379040 0.0652597 0.0365793 0.0864145 0.1252844 0.0246293 0.0199427 0.0617759 0.0257873 0.0600259 0.0790657 0.0318585 0.0250275 0.0318921 0.0595340 0.3269149 0.0309736 0.0150163 0.3110519 0.0241297 0.0584864 0.1310348 0.1193107 0.0289016 0.0264192 0.0766739 0.0471926 0.0776106 0.2416469 0.0389437 0.0671566 0.0399387 0.0819516 0.0804895 0.0242697 0.0304192 0.0225695 0.0788680 0.0318305 0.0315781 0.0290081 0.2137236 0.0803921 0.0739832 0.0236382 0.0303576 0.0772989 0.0264227 0.1887253 0.0829974 0.1080078 
Perityle_cfvillosa_25_tin                  0.1543697 0.1217899 0.1611405 0.2622174 0.0779828 0.2781906 0.2565437 0.0682116 0.1647387 0.1230579 0.1142279 0.0626182 0.0345294 0.0546645 0.0362135 0.1588205 0.2834315 0.0607869 0.0584784 0.0308381 0.0251019 0.0000000 0.0769106 0.0576680 0.0577354 0.0457447 0.2875350 0.1706949 0.1045429 0.0750908 0.0957803 0.1552963 0.1163429 0.1220108 0.0192361 0.1130726 0.1186654 0.0180826 0.0764980 0.1292817 0.0701943 0.0603565 0.0952630 0.0392124 0.0577842 0.1288227 0.0731866 0.0435567 0.0517761 0.0911780 0.4697328 0.0416049 0.0583619 0.3608619 0.0227014 0.0751392 0.1238534 0.1198439 0.0075899 0.0480791 0.0765051 0.0409167 0.0772161 0.2625022 0.0636116 0.0945952 0.1122707 0.1051691 0.0873391 0.0356517 0.0651057 0.0595254 0.1903909 0.0476583 0.0124624 0.0424550 0.1877703 0.1198693 0.1160988 0.0843463 0.0659700 0.0771425 0.0426392 0.2723653 0.0812379 0.1403602 
Perityle_cinerea_113_Powell1310            0.1633298 0.1418967 0.1712727 0.2838848 0.0976161 0.2148024 0.2574504 0.0896916 0.1746163 0.1643166 0.0938388 0.0799570 0.0801331 0.0632013 0.0634186 0.1589771 0.0403220 0.1018669 0.0843742 0.0567303 0.0666822 0.0769106 0.0000000 0.0667181 0.0639599 0.0666987 0.0768497 0.1078514 0.0859446 0.0985190 0.1051992 0.1716064 0.1221921 0.1682922 0.0833084 0.1674151 0.1118078 0.0798944 0.1237709 0.1395470 0.0699874 0.0635543 0.0907881 0.0801562 0.0938798 0.1018453 0.0804601 0.0765475 0.0798675 0.0908744 0.2733823 0.0832196 0.0603773 0.0834856 0.0633888 0.0736249 0.1078298 0.1656815 0.0765475 0.0799362 0.0945922 0.0935395 0.0945607 0.0805258 0.0934628 0.0903353 0.0971664 0.1225486 0.1159460 0.0734998 0.0567720 0.0667181 0.0952399 0.0869135 0.0832233 0.0833130 0.1146633 0.1191792 0.0945996 0.0666731 0.0798771 0.1047167 0.0800013 0.1225145 0.1423627 0.0780460 
Perityle_coahuilensis_24                   0.1161586 0.1187321 0.1379259 0.2627570 0.0625948 0.2812526 0.2581306 0.0723505 0.1616623 0.1568265 0.1052673 0.0654739 0.0276122 0.0273427 0.0349330 0.1363150 0.2821800 0.0666355 0.0714943 0.0322784 0.0225695 0.0576680 0.0667181 0.0000000 0.0133076 0.0268723 0.2507231 0.2130102 0.1053767 0.0842619 0.0995254 0.1111080 0.1013447 0.1300794 0.0259389 0.1153797 0.0943244 0.0418624 0.0860564 0.1348578 0.0141291 0.0118536 0.0640373 0.0237778 0.0583447 0.1289034 0.0328683 0.0267983 0.0620093 0.0550292 0.4787705 0.0581642 0.0191654 0.3714657 0.0256754 0.1078682 0.1280139 0.1111103 0.0374550 0.0346957 0.0731001 0.0484607 0.0871234 0.2748188 0.0560091 0.0598790 0.1119383 0.0802075 0.0893341 0.0270364 0.0697732 0.0036612 0.1861544 0.0298862 0.0369651 0.0343748 0.2180164 0.0870443 0.1219321 0.0635490 0.0269722 0.0715854 0.0313088 0.2189707 0.0935571 0.1465874 
Perityle_cochisensis_44_cave_creek         0.1156130 0.1227615 0.1220381 0.2607270 0.0593187 0.2773191 0.2531690 0.0702193 0.1579712 0.1197121 0.0690174 0.0445114 0.0245758 0.0227021 0.0270238 0.1064563 0.2695321 0.0631215 0.0653639 0.0284599 0.0146090 0.0577354 0.0639599 0.0133076 0.0000000 0.0213970 0.1842017 0.1477221 0.0570572 0.0809722 0.1002692 0.1199470 0.0758198 0.1299141 0.0205665 0.1165561 0.0654274 0.0325617 0.0807543 0.1081367 0.0160461 0.0181405 0.0629781 0.0200713 0.0548754 0.0744091 0.0259960 0.0220359 0.0289980 0.0573625 0.3467822 0.0539209 0.0154125 0.3673374 0.0162016 0.0558268 0.1224757 0.1091107 0.0256288 0.0230498 0.0709915 0.0492033 0.0709907 0.2589720 0.0330408 0.0584936 0.1160396 0.0774658 0.0682849 0.0203685 0.0263817 0.0142686 0.1887846 0.0249811 0.0273235 0.0264329 0.2264739 0.0731966 0.0724269 0.0239654 0.0280035 0.0696461 0.0230480 0.1799699 0.0845899 0.1448844 
Perityle_congesta_202                      0.1355838 0.1278102 0.1498471 0.2497178 0.0646926 0.3010746 0.2323417 0.0763542 0.1676521 0.1451208 0.0978448 0.0296777 0.0225174 0.0279560 0.0379900 0.1305373 0.2777516 0.0686720 0.0716536 0.0332257 0.0247133 0.0457447 0.0666987 0.0268723 0.0213970 0.0000000 0.2550209 0.1490904 0.0828708 0.0860750 0.1064014 0.1280550 0.0938159 0.1381746 0.0255347 0.1244880 0.0979745 0.0335714 0.0768709 0.1372627 0.0227499 0.0280007 0.0655585 0.0180761 0.0612956 0.0957933 0.0425600 0.0239849 0.0258158 0.0603174 0.4497465 0.0523009 0.0228905 0.3539058 0.0250818 0.0821138 0.1309302 0.1286274 0.0266305 0.0258235 0.0860240 0.0439575 0.0879563 0.2363218 0.0391794 0.0673592 0.1056789 0.0903288 0.0953150 0.0285287 0.0490678 0.0287039 0.1810869 0.0231177 0.0281877 0.0320931 0.1598871 0.0980407 0.1039927 0.0528050 0.0286532 0.0885165 0.0251199 0.2489792 0.0920430 0.1501440 
Perityle_cordifolia_27                     0.2762006 0.1196082 0.3430771 0.2995401 0.1407793 0.3114321 0.2692176 0.1876088 0.2501647 0.3926129 0.2616101 0.2602686 0.2123152 0.2476753 0.1944747 0.3458117 0.5175218 0.1622515 0.2453815 0.2663771 0.2149971 0.2875350 0.0768497 0.2507231 0.1842017 0.2550209 0.0000000 0.4363208 0.3032630 0.1516582 0.2136645 0.1999321 0.3013053 0.2347353 0.1863016 0.2783392 0.2832194 0.1598496 0.2688844 0.3444818 0.1096096 0.2267316 0.2138986 0.0770970 0.1596525 0.2896366 0.2592433 0.2451963 0.2604375 0.1475891 0.7400705 0.1952850 0.1318504 0.1795700 0.0959035 0.3314391 0.2725761 0.3142532 0.1036919 0.2548284 0.1376196 0.0540043 0.2662944 0.2786740 0.2353918 0.2071958 0.3274345 0.2715662 0.3182850 0.0779028 0.2899394 0.2486999 0.3252546 0.1658119 0.1396664 0.2917410 0.2261777 0.2535207 0.3409852 0.2692684 0.1602767 0.1798213 0.2337395 0.2866019 0.2464895 0.3858240 
Perityle_cordifolia_68_tecolote            0.1599888 0.1075076 0.1563898 0.2188890 0.1423733 0.3638588 0.1885895 0.1401912 0.1591529 0.1236730 0.2320375 0.1862783 0.1442643 0.1508674 0.1517211 0.1184786 0.4037889 0.1445397 0.1432701 0.1308417 0.1229296 0.1706949 0.1078514 0.2130102 0.1477221 0.1490904 0.4363208 0.0000000 0.2030018 0.1631811 0.1932930 0.1732239 0.2105285 0.1120311 0.1176584 0.0976181 0.2107008 0.1217263 0.1341742 0.0917384 0.2101533 0.1800327 0.1871003 0.1575306 0.1445823 0.2350025 0.1900860 0.1987505 0.2071297 0.2177158 0.4230871 0.1576656 0.1888801 0.4373734 0.1299649 0.1605909 0.0411590 0.1018773 0.1409457 0.2161030 0.1311619 0.1422780 0.1433288 0.3379308 0.2102977 0.2069909 0.2256238 0.1467450 0.1471345 0.1447129 0.2144800 0.2172673 0.3160525 0.1813597 0.1357833 0.1791951 0.2202455 0.1863261 0.1879570 0.2163351 0.1928004 0.1588700 0.1924258 0.3883624 0.1534365 0.1192195 
Perityle_coronopifolia_28_patagonia        0.1376821 0.1411936 0.1468710 0.2744974 0.0724854 0.3065338 0.2742168 0.0894677 0.1725519 0.1664981 0.1094128 0.0857673 0.0647723 0.0760751 0.0760088 0.1438045 0.3014086 0.0757172 0.0734764 0.0797406 0.0664384 0.1045429 0.0859446 0.1053767 0.0570572 0.0828708 0.3032630 0.2030018 0.0000000 0.1063977 0.1184946 0.1236106 0.1032040 0.1419072 0.0636045 0.1359208 0.0900602 0.0750718 0.0776424 0.1461727 0.0611886 0.0760926 0.0668192 0.0541263 0.0621299 0.0785820 0.0961916 0.0943743 0.1037950 0.0620176 0.4457104 0.0919416 0.0520529 0.3887340 0.0584289 0.0450023 0.1587809 0.1646212 0.0648465 0.1062766 0.0292938 0.0687431 0.0723279 0.2805821 0.0967813 0.0082369 0.1512801 0.0811724 0.0928513 0.0754098 0.1226047 0.1063366 0.1962405 0.0595529 0.0659869 0.1091427 0.2484518 0.0823265 0.1165704 0.1082826 0.0642477 0.0313156 0.0798384 0.2565131 0.0922175 0.1645570 
Perityle_crassifolia_70_ventanas           0.2021388 0.1763252 0.2004076 0.3483763 0.0927925 0.3164941 0.3163946 0.0885124 0.2147913 0.1871771 0.1088757 0.0887336 0.0826439 0.0847317 0.0950239 0.2018080 0.2782323 0.0863798 0.0913612 0.0928372 0.0789726 0.0750908 0.0985190 0.0842619 0.0809722 0.0860750 0.1516582 0.1631811 0.1063977 0.0000000 0.0556733 0.1813313 0.1099388 0.1896382 0.0844205 0.1954728 0.1059440 0.0881416 0.1069032 0.1900362 0.0909234 0.0787090 0.0961701 0.0755571 0.0960708 0.0970181 0.0969852 0.0786680 0.0849343 0.0978576 0.3602879 0.0824848 0.0733415 0.2790464 0.0829717 0.0886171 0.1689730 0.1979722 0.0827164 0.0807306 0.1083899 0.0569806 0.1057952 0.1749531 0.0917255 0.1067873 0.1022097 0.1018140 0.1110330 0.0816754 0.0948224 0.0842619 0.0159163 0.0866004 0.0824853 0.0844159 0.1711387 0.1024903 0.1143781 0.0867747 0.0925094 0.1074346 0.0769221 0.1354052 0.1187671 0.1404911 
Perityle_crassifolia_74_playa_balandra     0.2005283 0.2055590 0.2019299 0.3962989 0.0987473 0.3055866 0.3459949 0.1058915 0.2252067 0.1856487 0.1105755 0.1020217 0.0996107 0.0957838 0.1081439 0.2108240 0.2181132 0.0995497 0.1259680 0.1019320 0.0997261 0.0957803 0.1051992 0.0995254 0.1002692 0.1064014 0.2136645 0.1932930 0.1184946 0.0556733 0.0000000 0.1901924 0.1337474 0.1881446 0.1039103 0.1991182 0.1259728 0.1060167 0.1227659 0.2010787 0.1060461 0.0958857 0.1163249 0.0974887 0.1157077 0.1152108 0.1164869 0.0954738 0.1020810 0.1159453 0.3634129 0.0998201 0.0880151 0.2709293 0.1064041 0.1018434 0.1890440 0.1965132 0.0985618 0.0994623 0.1053727 0.0666571 0.1174092 0.2307788 0.1154334 0.1142232 0.1156677 0.1238480 0.1338357 0.0954893 0.1121178 0.0995254 0.0605731 0.1077209 0.1054347 0.1034009 0.2540439 0.1249182 0.1267709 0.1038302 0.1040316 0.1158578 0.0976589 0.1502784 0.1394619 0.1589285 
Perityle_cuneata_34_cuneata_San_antonio    0.0799249 0.0547437 0.0821557 0.2499733 0.1292333 0.3325281 0.2664021 0.1532923 0.1816164 0.0773219 0.1290231 0.1770878 0.1233944 0.1330979 0.1553925 0.0730818 0.3769836 0.1373778 0.1359705 0.1390784 0.1437744 0.1552963 0.1716064 0.1111080 0.1199470 0.1280550 0.1999321 0.1732239 0.1236106 0.1813313 0.1901924 0.0000000 0.1320644 0.0720206 0.1319040 0.0727995 0.1328880 0.1500884 0.1602311 0.0688885 0.1217625 0.1230215 0.1295186 0.1215425 0.1317996 0.1304328 0.1298476 0.1136824 0.1203078 0.1248345 0.3633192 0.1535754 0.1148578 0.4404730 0.1332552 0.1169186 0.0800310 0.0826672 0.1602724 0.1134015 0.1471698 0.1513530 0.1249794 0.3510353 0.1251097 0.1244336 0.2048147 0.1320709 0.1451448 0.1621870 0.1291611 0.1111080 0.2374929 0.1260678 0.1522039 0.1320372 0.3331516 0.1389834 0.1356456 0.1220627 0.1276875 0.1657718 0.1127155 0.1975476 0.1663566 0.1538260 
Perityle_cuneata_4                         0.1407622 0.1466613 0.1535128 0.2722199 0.0858611 0.3244629 0.2788965 0.0814751 0.1942135 0.1515177 0.0994524 0.1170956 0.0825049 0.0921010 0.0928453 0.1475063 0.3297260 0.0994915 0.0987332 0.0885839 0.0774366 0.1163429 0.1221921 0.1013447 0.0758198 0.0938159 0.3013053 0.2105285 0.1032040 0.1099388 0.1337474 0.1320644 0.0000000 0.1516143 0.0808926 0.1397779 0.1178547 0.0914042 0.1027235 0.1427485 0.0808246 0.0899141 0.0911260 0.0738550 0.0845419 0.1212311 0.1116200 0.1007367 0.1106806 0.0849400 0.4543394 0.1076850 0.0754164 0.4199784 0.0710652 0.1068690 0.1495923 0.1665569 0.0872490 0.1049711 0.1190351 0.0700752 0.1013140 0.2970950 0.1113828 0.0866743 0.1647686 0.1025205 0.1097377 0.0918186 0.1367979 0.1022862 0.2077144 0.0812601 0.0828806 0.1083898 0.2593260 0.1070579 0.1263047 0.1276966 0.0776995 0.1186947 0.0942531 0.2588108 0.1149612 0.1646742 
Perityle_discoidea_81                      0.0343033 0.0512327 0.0294731 0.2799031 0.1328767 0.3266611 0.2836737 0.1779847 0.1906136 0.0012556 0.1600150 0.1352959 0.1333859 0.1412986 0.1745697 0.0692115 0.3410353 0.1530162 0.1498425 0.1502556 0.1519640 0.1220108 0.1682922 0.1300794 0.1299141 0.1381746 0.2347353 0.1120311 0.1419072 0.1896382 0.1881446 0.0720206 0.1516143 0.0000000 0.1297741 0.0453883 0.1460499 0.1469735 0.1773064 0.0734158 0.1401625 0.1338603 0.1460516 0.1283467 0.1428917 0.1435494 0.1436122 0.1282437 0.1316457 0.1427747 0.3895295 0.1219218 0.1321938 0.4560155 0.1378510 0.1302955 0.1004588 0.0888551 0.1707171 0.1315586 0.1541484 0.1531139 0.1450054 0.3101508 0.1359439 0.1502806 0.1396148 0.1465122 0.1640350 0.1691924 0.1428820 0.1300794 0.1959098 0.1364043 0.1580575 0.1379391 0.3424581 0.1655349 0.1485019 0.1413175 0.1491225 0.1864510 0.1250671 0.2303950 0.1817829 0.1826457 
Perityle_dissecta_201                      0.1241378 0.1276552 0.1287410 0.2604536 0.0574905 0.2868560 0.2736171 0.0845159 0.1745626 0.1187546 0.0678139 0.0289863 0.0225148 0.0300503 0.0400696 0.1234695 0.2611111 0.0671193 0.0687572 0.0379113 0.0281461 0.0192361 0.0833084 0.0259389 0.0205665 0.0255347 0.1863016 0.1176584 0.0636045 0.0844205 0.1039103 0.1319040 0.0808926 0.1297741 0.0000000 0.1204646 0.0593002 0.0210784 0.0862319 0.1139534 0.0276880 0.0282214 0.0564494 0.0123164 0.0554894 0.0751273 0.0357262 0.0191955 0.0236216 0.0537950 0.3559835 0.0120722 0.0252849 0.3567547 0.0271454 0.0586897 0.1324215 0.1279328 0.0214928 0.0214038 0.0819188 0.0505077 0.0655719 0.2417286 0.0279154 0.0642070 0.0728895 0.0797336 0.0728094 0.0355555 0.0356480 0.0259389 0.1491476 0.0242970 0.0255875 0.0224021 0.1905714 0.0796193 0.0720778 0.0289731 0.0289358 0.0866162 0.0192425 0.2060428 0.0935751 0.1542659 
Perityle_emoryi_47_punta_san_jose          0.0430154 0.0403082 0.0420975 0.2699881 0.1234513 0.3394570 0.2867685 0.1646305 0.1863629 0.0413033 0.1467488 0.1224649 0.1195423 0.1284763 0.1642471 0.0605668 0.3099691 0.1465213 0.1528040 0.1330289 0.1379040 0.1130726 0.1674151 0.1153797 0.1165561 0.1244880 0.2783392 0.0976181 0.1359208 0.1954728 0.1991182 0.0727995 0.1397779 0.0453883 0.1204646 0.0000000 0.1391302 0.1454700 0.1728377 0.0663316 0.1300995 0.1223632 0.1354058 0.1246379 0.1407413 0.1424034 0.1303148 0.1179448 0.1183404 0.1397453 0.3840422 0.1155990 0.1207285 0.4532099 0.1351704 0.1279505 0.0896221 0.0813173 0.1717773 0.1193625 0.1558776 0.1599894 0.1417054 0.3615923 0.1214851 0.1400460 0.1620752 0.1397272 0.1567621 0.1617189 0.1247311 0.1153797 0.2259056 0.1230385 0.1549468 0.1257937 0.3373174 0.1567537 0.1381647 0.1233907 0.1309892 0.1824552 0.1142920 0.2901471 0.1799090 0.1673278 
Perityle_feddemae_99                       0.1476337 0.1475686 0.1772380 0.2797217 0.0726078 0.3098042 0.2830354 0.0961973 0.1834179 0.1701166 0.1064613 0.0930115 0.0680900 0.0764153 0.0779085 0.1608187 0.3166875 0.0837376 0.0768066 0.0760288 0.0652597 0.1186654 0.1118078 0.0943244 0.0654274 0.0979745 0.2832194 0.2107008 0.0900602 0.1059440 0.1259728 0.1328880 0.1178547 0.1460499 0.0593002 0.1391302 0.0000000 0.0686968 0.0850569 0.1607039 0.0687279 0.0833916 0.0217461 0.0571929 0.0206110 0.1111115 0.1040216 0.0934449 0.1012676 0.0210050 0.4924383 0.0930720 0.0648451 0.4013699 0.0588676 0.0902366 0.1537153 0.1671738 0.0652188 0.0962806 0.0843537 0.0703576 0.0815902 0.2975652 0.1016627 0.0716042 0.1586179 0.0901507 0.1036346 0.0733433 0.1076581 0.0953263 0.2030172 0.0655071 0.0645913 0.0987468 0.2439043 0.0976859 0.0804802 0.0988049 0.0679422 0.0963567 0.0921487 0.2592779 0.0874824 0.1437207 
Perityle_fosteri_93                        0.1519033 0.1478485 0.1574055 0.3281913 0.0677876 0.2792589 0.2964199 0.0759191 0.1905244 0.1426705 0.0758255 0.0349881 0.0226563 0.0411860 0.0470563 0.1544737 0.1931692 0.0800175 0.0798024 0.0492636 0.0365793 0.0180826 0.0798944 0.0418624 0.0325617 0.0335714 0.1598496 0.1217263 0.0750718 0.0881416 0.1060167 0.1500884 0.0914042 0.1469735 0.0210784 0.1454700 0.0686968 0.0000000 0.0960721 0.1357722 0.0451300 0.0420025 0.0663709 0.0164311 0.0650287 0.0864406 0.0542146 0.0180316 0.0273523 0.0645628 0.3470393 0.0150150 0.0319622 0.2741325 0.0397216 0.0673960 0.1231204 0.1282808 0.0195073 0.0211298 0.0818179 0.0440033 0.0714193 0.2072337 0.0303793 0.0758020 0.0474715 0.0936730 0.0912089 0.0447293 0.0476542 0.0418624 0.0878625 0.0272918 0.0242235 0.0286969 0.1814092 0.0927365 0.0861238 0.0412206 0.0443294 0.0890223 0.0196157 0.1641998 0.0977401 0.1125811 
Perityle_gamon_221                         0.1791542 0.1746755 0.1796287 0.3286461 0.0962504 0.3495408 0.3438363 0.0794052 0.2072814 0.1649491 0.1021942 0.0838729 0.0821288 0.0864106 0.0937757 0.1678941 0.2448609 0.1061505 0.0872840 0.0926899 0.0864145 0.0764980 0.1237709 0.0860564 0.0807543 0.0768709 0.2688844 0.1341742 0.0776424 0.1069032 0.1227659 0.1602311 0.1027235 0.1773064 0.0862319 0.1728377 0.0850569 0.0960721 0.0000000 0.1544597 0.0943953 0.0878348 0.0776309 0.0875989 0.0881495 0.0452284 0.0943012 0.0821012 0.0852298 0.0779169 0.3382292 0.0877898 0.0753364 0.3450336 0.0925757 0.0637645 0.1419624 0.1869606 0.0952789 0.0807032 0.1146147 0.0407685 0.0935831 0.2778402 0.0902458 0.0841420 0.0908333 0.0941626 0.1009960 0.1087038 0.0924657 0.0860564 0.0873030 0.0873980 0.0893503 0.0877820 0.2598345 0.1007577 0.0902645 0.0894369 0.0923131 0.1145986 0.0807134 0.2547401 0.0893590 0.1242003 
Perityle_gentryi_8_san_francisco           0.0728769 0.0512415 0.0939486 0.2502285 0.1173483 0.3144321 0.2750179 0.1460470 0.1742664 0.0881930 0.1494057 0.1240179 0.1149248 0.1297155 0.1445126 0.0378524 0.2996027 0.1419654 0.1413503 0.1206914 0.1252844 0.1292817 0.1395470 0.1348578 0.1081367 0.1372627 0.3444818 0.0917384 0.1461727 0.1900362 0.2010787 0.0688885 0.1427485 0.0734158 0.1139534 0.0663316 0.1607039 0.1357722 0.1544597 0.0000000 0.1240059 0.1253652 0.1277022 0.1209032 0.1286171 0.1467072 0.1483225 0.1344965 0.1359448 0.1275851 0.4427469 0.1131667 0.1109093 0.4210209 0.1231594 0.1403542 0.0623318 0.0856344 0.1593181 0.1357747 0.1427327 0.1512372 0.1267664 0.3604635 0.1442645 0.1276249 0.1636984 0.1244037 0.1567238 0.1497209 0.1489662 0.1348430 0.2185628 0.1160651 0.1454161 0.1462327 0.3274567 0.1497902 0.1525613 0.1552854 0.1225397 0.1760555 0.1321854 0.3149564 0.1691335 0.1436103 
Perityle_gilensis_22_Superstition          0.1269147 0.1298978 0.1337625 0.2702785 0.0658372 0.2958709 0.2659317 0.0792388 0.1745503 0.1347711 0.0665118 0.0641563 0.0306880 0.0275045 0.0336461 0.1202484 0.3121357 0.0685992 0.0749021 0.0369661 0.0246293 0.0701943 0.0699874 0.0141291 0.0160461 0.0227499 0.1096096 0.2101533 0.0611886 0.0909234 0.1060461 0.1217625 0.0808246 0.1401625 0.0276880 0.1300995 0.0687279 0.0451300 0.0943953 0.1240059 0.0000000 0.0175602 0.0661675 0.0273194 0.0639868 0.0742720 0.0313835 0.0254543 0.0353006 0.0616809 0.3394213 0.0611626 0.0227789 0.3747588 0.0267557 0.0590550 0.1451706 0.1233320 0.0388440 0.0283925 0.0898595 0.0602551 0.0681002 0.2205370 0.0372954 0.0583228 0.1286010 0.0821119 0.0734410 0.0285194 0.0281999 0.0141291 0.2007971 0.0351317 0.0397445 0.0316258 0.2189668 0.0737421 0.0773890 0.0238347 0.0263907 0.0894188 0.0314568 0.1170089 0.0997201 0.1759653 
Perityle_gilensis_salensis_225             0.1246258 0.1215178 0.1319661 0.2565678 0.0652143 0.2790439 0.2522505 0.0724773 0.1638744 0.1275054 0.0848128 0.0559097 0.0306105 0.0283280 0.0350527 0.1169098 0.2846780 0.0642658 0.0670637 0.0323740 0.0199427 0.0603565 0.0635543 0.0118536 0.0181405 0.0280007 0.2267316 0.1800327 0.0760926 0.0787090 0.0958857 0.1230215 0.0899141 0.1338603 0.0282214 0.1223632 0.0833916 0.0420025 0.0878348 0.1253652 0.0175602 0.0000000 0.0682901 0.0251361 0.0596788 0.0964143 0.0411851 0.0291959 0.0381905 0.0596135 0.4604144 0.0583118 0.0229306 0.3730904 0.0257572 0.0769123 0.1337788 0.1173860 0.0335774 0.0318849 0.0705902 0.0421338 0.0851387 0.2759727 0.0409655 0.0650140 0.1143675 0.0858606 0.0851255 0.0225807 0.0332741 0.0135647 0.1943726 0.0330374 0.0354471 0.0342522 0.2164606 0.0873433 0.0958683 0.0374425 0.0301541 0.0692854 0.0327528 0.2135924 0.0938628 0.1519043 
Perityle_glaucescens_94                    0.1426876 0.1388001 0.1480975 0.2637984 0.0748904 0.3100063 0.2743965 0.0877077 0.1758609 0.1382624 0.0832754 0.0971322 0.0642332 0.0680802 0.0721231 0.1368209 0.3074201 0.0822332 0.0754543 0.0709078 0.0617759 0.0952630 0.0907881 0.0640373 0.0629781 0.0655585 0.2138986 0.1871003 0.0668192 0.0961701 0.1163249 0.1295186 0.0911260 0.1460516 0.0564494 0.1354058 0.0217461 0.0663709 0.0776309 0.1277022 0.0661675 0.0682901 0.0000000 0.0513154 0.0161951 0.0824742 0.0738328 0.0633799 0.0666300 0.0144114 0.3721151 0.0905395 0.0634464 0.3849603 0.0511150 0.0632473 0.1461462 0.1616503 0.0539076 0.0624277 0.0727714 0.0570227 0.0726078 0.2731833 0.0750544 0.0687532 0.1542613 0.0880463 0.0849082 0.0651925 0.0713689 0.0650833 0.2018019 0.0642059 0.0588112 0.0702892 0.2156938 0.0864651 0.0640794 0.0674335 0.0666090 0.0810979 0.0634056 0.2060264 0.0810491 0.1418224 
Perityle_gracilis_11                       0.1295603 0.1235133 0.1332604 0.2480886 0.0573584 0.2839323 0.2518504 0.0701180 0.1667247 0.1246281 0.0641378 0.0285877 0.0073699 0.0312672 0.0367419 0.1274272 0.3419111 0.0641711 0.0524095 0.0385547 0.0257873 0.0392124 0.0801562 0.0237778 0.0200713 0.0180761 0.0770970 0.1575306 0.0541263 0.0755571 0.0974887 0.1215425 0.0738550 0.1283467 0.0123164 0.1246379 0.0571929 0.0164311 0.0875989 0.1209032 0.0273194 0.0251361 0.0513154 0.0000000 0.0505447 0.0726245 0.0362660 0.0036650 0.0098576 0.0537823 0.3065234 0.0431260 0.0222856 0.3260187 0.0253817 0.0457671 0.1427256 0.1371882 0.0019462 0.0061288 0.0738595 0.0442014 0.0646249 0.1299921 0.0250096 0.0548537 0.1275536 0.0811118 0.0709232 0.0390301 0.0298427 0.0237778 0.2052518 0.0073619 0.0070154 0.0197304 0.1276000 0.0711240 0.0731291 0.0272592 0.0310769 0.0728015 0.0061252 0.1059729 0.0819723 0.1817776 
