84
Amauria_brandeegeana_62                    0.0000000 0.0802279 0.2882820 0.4832718 0.2151369 0.5766127 0.3577877 0.3526855 0.1129458 0.2235342 0.1648610 0.1424074 0.1327913 0.4550925 0.1488678 0.1312249 0.0867054 0.2003370 0.1330110 0.1187635 0.1163791 0.1352876 0.1774033 0.3590384 0.1369671 0.1432356 0.1669933 0.2138999 0.2107905 0.4594850 0.2180796 0.1680085 0.0471108 0.5215000 0.1580610 0.3120822 0.1135697 0.2644512 0.1169100 0.1888369 0.1377417 0.3157665 0.1391667 0.2395822 0.3358423 0.1364016 0.1223514 0.1183331 0.3168356 0.1497962 0.1908953 0.1465152 0.1511236 0.1204767 0.2238965 0.1723024 0.1376236 0.1246369 0.1486917 0.2088744 0.2404107 0.1478945 0.1689406 0.1973918 0.1566996 0.2406359 0.2384855 0.5174182 0.1628931 0.1636084 0.1426146 0.1997253 0.2653088 0.1414664 0.0669109 0.1848620 0.2770253 0.1720724 0.1666335 0.2400740 0.1485928 0.1538820 0.2093083 0.1684872 
Amauria_carterae_99_mesa                   0.0802279 0.0000000 0.2367279 0.4328309 0.1012538 0.4591449 0.3722682 0.3420072 0.6285626 0.1604388 0.2022209 0.1170946 0.1087899 0.4538960 0.1135067 0.1004167 0.1049893 0.1265569 0.0000010 0.1049601 0.1164650 0.0941058 0.5383891 0.4715734 0.1122072 0.1089452 0.1339882 0.2203796 0.4142848 0.4705973 0.1388097 0.1470790 0.0681311 0.4623903 0.0974213 0.1940502 0.1004167 0.2577233 0.1007783 0.0000010 0.1051583 0.2199390 0.1122072 0.2088204 0.2565388 0.1004167 0.1122072 0.1122072 0.2040742 0.1191573 0.7329838 0.0979368 0.1049638 0.1046314 0.2375223 0.1389079 0.1051619 0.1166379 0.0000010 0.1956983 0.2467380 0.1162929 0.1748408 0.2042794 0.1108838 0.1236590 0.1172407 0.3808358 0.1175143 0.1088877 0.0918120 0.1218393 0.4551761 0.1176842 0.0581435 0.1575974 0.4650437 0.1171430 0.1797102 0.2236219 0.1222736 0.1484620 0.2298154 0.1348637 
Amauria_rotundifolia_SRR9119150            0.2882820 0.2367279 0.0000000 0.6337686 0.4852828 0.6111664 0.4946064 0.3345323 0.2043431 0.5740177 0.3172252 0.2904262 0.3495494 0.6098028 0.4762539 0.2826895 0.4314116 0.3762470 0.2207393 0.2846405 0.2596988 0.1735898 0.3227094 0.3716224 0.3040636 0.2982416 0.4962383 0.3168207 0.3616902 0.4975338 0.2903965 0.2406505 0.4613715 0.6466564 0.2047874 0.5732155 0.2711245 0.5049913 0.4519991 0.1279523 0.3050073 0.5820543 0.2848212 0.5148864 0.5497946 0.2742562 0.3027962 0.4827315 0.5168234 0.2977480 0.3367828 0.2980211 0.3565843 0.2849041 0.2790062 0.4260403 0.3124995 0.2660613 0.2237575 0.5039567 0.3065487 0.3323857 0.3256838 0.2709828 0.2645841 0.5728886 0.6130114 0.3018510 0.2950855 0.3041120 0.4580474 0.2640568 0.3267101 0.2932190 0.3327652 0.5022372 0.3085769 0.2799968 0.3236594 0.3935792 0.4571536 0.4830283 0.4718594 0.3424241 
Conoclinium_coelestinum_SRR9119114         0.4832718 0.4328309 0.6337686 0.0000000 0.4078351 0.6137432 0.4456995 0.4153958 0.5051818 0.4788062 0.4612490 0.4789720 0.4563484 0.4437331 0.4232161 0.4674983 0.3207767 0.5168334 0.4103766 0.4520339 0.4399275 0.3596686 0.3732407 0.5746452 0.4773526 0.4675258 0.4314006 0.5002412 0.4085371 0.4072167 0.4947379 0.4395399 0.4277504 0.4243407 0.4249264 0.5150856 0.4645679 0.4419789 0.3715523 0.4896812 0.4504377 0.5010801 0.4861627 0.4307863 0.5482245 0.4758325 0.4736390 0.4512902 0.4772256 0.4695160 0.5488651 0.4609629 0.4080375 0.4594370 0.4595380 0.4082318 0.4361419 0.4342923 0.4111324 0.4577349 0.4905042 0.3786162 0.4672500 0.4892326 0.4476242 0.5032212 0.4943581 0.4720546 0.4536128 0.4624914 0.4667410 0.5168467 0.5273227 0.4775563 0.2922268 0.4534504 0.5054690 0.5079564 0.4696990 0.4125801 0.4736265 0.4397386 0.3664743 0.4419677 
Eutetras_palmeri_63                        0.2151369 0.1012538 0.4852828 0.4078351 0.0000000 0.4999427 0.3686852 0.3603735 0.4463465 0.2001181 0.2517633 0.1923397 0.1119388 0.4451091 0.1717221 0.2089137 0.0877127 0.2658340 0.2801648 0.1358629 0.1385319 0.0743032 0.3792044 0.6330463 0.2013949 0.2111832 0.1988320 0.3106950 0.3468181 0.4377941 0.2228391 0.2466783 0.1965897 0.4639403 0.1105920 0.1918115 0.1413396 0.2278111 0.1148200 1.2924402 0.2027116 0.1977145 0.2052528 0.1810358 0.2551026 0.2060933 0.1262601 0.1172629 0.1799244 0.2182957 0.5171334 0.1825540 0.1412478 0.1434669 0.2580030 0.1691983 0.0932040 0.1476324 0.2893381 0.2076766 0.2286879 0.1058862 0.2650548 0.2766624 0.2256854 0.1521326 0.1925666 0.5411610 0.1478275 0.2050217 0.1269161 0.1917296 0.5537290 0.2013430 0.0531278 0.1991623 0.5290451 0.1596064 0.2579449 0.2202891 0.1334756 0.1506630 0.1668771 0.1613644 
Eutrochium_fistulosum_SRR9119106           0.5766127 0.4591449 0.6111664 0.6137432 0.4999427 0.0000000 0.3963238 0.4338092 0.6800285 0.5478245 0.5432192 0.5555917 0.5594181 0.3067519 0.4941574 0.5534129 0.4401371 0.4856204 0.5369776 0.5661173 0.5236821 0.4145792 0.6666696 0.4945405 0.5400344 0.5583230 0.5152686 0.5729849 0.3592536 0.3162413 0.5523733 0.4859943 0.5011605 0.5976082 0.4754638 0.5933827 0.5385008 0.5563378 0.4749349 0.7881425 0.5580284 0.5778393 0.5422280 0.5024458 0.6032293 0.5455107 0.5474563 0.4857794 0.5380753 0.5501797 0.5091084 0.5423327 0.5281311 0.5498171 0.5505278 0.4287173 0.4707707 0.5258765 0.4926718 0.4936616 0.5783074 0.3693807 0.5645674 0.5537862 0.5260179 0.5642870 0.5645848 0.3532129 0.5685757 0.5426606 0.4691669 0.5343399 0.4756859 0.5447318 0.2745964 0.4735922 0.4477459 0.5394306 0.5705871 0.4365877 0.4505289 0.5237774 0.4615153 0.4835208 
Galeana_pratensis_104_mex                  0.3577877 0.3722682 0.4946064 0.4456995 0.3686852 0.3963238 0.0000000 0.2872836 0.3926923 0.3656081 0.3261933 0.3678814 0.3636723 0.4660433 0.3696841 0.3508774 0.2430437 0.3171546 0.1178182 0.3701527 0.3094912 0.3238966 0.3514066 0.4544960 0.3146355 0.3565709 0.3165194 0.3506494 0.3592587 0.4072626 0.3665329 0.2534909 0.3515113 0.3595029 0.2985247 0.2963856 0.3464877 0.3921497 0.3556401 0.0000010 0.3574673 0.2882113 0.3139965 0.2926840 0.3585404 0.3508774 0.3139965 0.3139965 0.2927264 0.3463309 0.3698291 0.3462661 0.3681107 0.3515589 0.3714272 0.3192574 0.3298024 0.3188352 0.0357872 0.3358544 0.3341389 0.2528931 0.3355181 0.3481103 0.2420006 0.3287518 0.3120780 0.4374560 0.3728714 0.3605548 0.2980658 0.3677065 0.4521277 0.3688894 0.1506691 0.3536594 0.4266484 0.3631675 0.3239691 0.3422855 0.3699994 0.3484520 0.3097583 0.3984945 
Helianthus_annuus_SRR9119062               0.3526855 0.3420072 0.3345323 0.4153958 0.3603735 0.4338092 0.2872836 0.0000000 0.6639967 0.3975817 0.3017206 0.3688594 0.3547130 0.4443777 0.3346449 0.3472121 0.3045465 0.3253718 0.7294119 0.3550810 0.3623487 0.3056084 0.5793708 0.4817757 0.3562786 0.3540060 0.3025622 0.2871831 0.4897629 0.4400464 0.3454617 0.3212571 0.3500029 0.4241249 0.3399826 0.2927680 0.3472121 0.3808073 0.3347694 0.7687683 0.3577445 0.2993455 0.3562786 0.2799338 0.3886816 0.3399216 0.3562786 0.3440546 0.3014159 0.3539138 1.0443396 0.3627652 0.3512992 0.3412216 0.3252861 0.3070265 0.3378465 0.3639490 1.0676861 0.2919348 0.3622576 0.2923436 0.3364413 0.2991748 0.3206648 0.3404629 0.3620847 0.3534162 0.3708911 0.3692460 0.3419175 0.3679697 0.4660657 0.3769449 0.1741982 0.3127108 0.4945229 0.3623830 0.3259604 0.2929086 0.3370740 0.3228421 0.3091311 0.3444156 
Lycapsus_tenuifolius_17                    0.1129458 0.6285626 0.2043431 0.5051818 0.4463465 0.6800285 0.3926923 0.6639967 0.0000000 0.5303471 0.1381604 0.1342922 0.1577134 0.4586722 0.3391119 0.1317875 0.3646598 0.2182557 0.1175147 0.1341146 0.1352654 0.6001137 0.1415203 0.1995674 0.1454347 0.1447789 0.4006904 0.1730749 0.1686740 0.4813403 0.1733774 0.1686008 0.4302287 0.5906817 0.1929216 0.6577319 0.1218889 0.4035217 0.3391119 0.1973451 0.1422345 0.5872329 0.1407200 0.4293839 0.5213387 0.1427822 0.1505623 0.3391119 0.6058913 0.1722720 0.1343777 0.2072036 0.2074475 0.1204143 0.2148940 0.3558065 0.5232723 0.1461777 0.1161236 0.3231556 0.2795969 0.5020447 0.1500472 0.1710848 0.1563296 0.6072911 0.6265264 0.6733168 0.1502120 0.2061013 0.4044710 0.1448416 0.1382699 0.1510223 0.3369293 0.4225392 0.1539759 0.1690591 0.1411039 0.3615816 0.3566177 0.3667359 0.3281907 0.3796705 
Pericome_caudata_50_silver                 0.2235342 0.1604388 0.5740177 0.4788062 0.2001181 0.5478245 0.3656081 0.3975817 0.5303471 0.0000000 0.2450025 0.1973260 0.1821514 0.4227178 0.1428521 0.1796222 0.1271006 0.1852794 0.4044739 0.1802816 0.2003150 0.1203867 0.3801932 0.6300812 0.1926233 0.2102473 0.2079995 0.3016679 0.4077951 0.4211205 0.3690855 0.2354794 0.1739987 0.5353962 0.2254831 0.3001116 0.1856120 0.2687056 0.1232156 0.7771248 0.1954658 0.2916942 0.1950734 0.2524645 0.2956123 0.1850080 0.1844089 0.1401681 0.2790914 0.1955217 0.5297151 0.1733904 0.1998146 0.1771888 0.3031568 0.2046621 0.1351186 0.1898081 0.3880516 0.2062664 0.2819494 0.1291642 0.2643048 0.2566520 0.2541997 0.1445307 0.1603277 0.5152708 0.2586548 0.1991281 0.1626133 0.3369105 0.5341708 0.2001307 0.0813362 0.1512850 0.5334439 0.2729484 0.2511072 0.2132591 0.1424400 0.1776673 0.1880015 0.1447822 
Perityle_aglossa_84_dead_horse             0.1648610 0.2022209 0.3172252 0.4612490 0.2517633 0.5432192 0.3261933 0.3017206 0.1381604 0.2450025 0.0000000 0.1372385 0.1332635 0.4515010 0.1726601 0.1226499 0.1357787 0.2098396 0.0707339 0.1065941 0.1332230 0.1634491 0.1496749 0.4287959 0.1275195 0.1342181 0.1051162 0.1919315 0.2403497 0.4346404 0.2219932 0.1627034 0.2268267 0.4871277 0.1300099 0.2355747 0.1111027 0.2740491 0.1640700 0.0482847 0.1250404 0.2659252 0.1372107 0.2080525 0.3242287 0.1250047 0.1313522 0.1506455 0.2443461 0.1389456 0.1610128 0.1234862 0.1591829 0.1155027 0.1823572 0.1137211 0.1964865 0.1340435 0.1022649 0.1845670 0.1856046 0.2001438 0.0261150 0.1562828 0.1524895 0.2617443 0.2527416 0.5298399 0.1503521 0.1289389 0.1654032 0.2183430 0.2823049 0.1634741 0.1326425 0.2168891 0.2887995 0.1827446 0.0285700 0.2367321 0.1824879 0.1948809 0.1937100 0.2692400 
Perityle_ajoensis_204                      0.1424074 0.1170946 0.2904262 0.4789720 0.1923397 0.5555917 0.3678814 0.3688594 0.1342922 0.1973260 0.1372385 0.0000000 0.0478639 0.4465853 0.0574637 0.0490929 0.0792638 0.1644993 0.0714018 0.0573673 0.0245115 0.0265476 0.1169621 0.2975815 0.0368557 0.0737321 0.1423265 0.1824500 0.2135883 0.4212053 0.1943264 0.1468336 0.1607047 0.4825576 0.1459242 0.3106242 0.0459993 0.2537296 0.0409441 0.1402229 0.0465307 0.2916562 0.0376939 0.2220044 0.3290682 0.0527875 0.0422226 0.0395248 0.2997250 0.0741445 0.1189919 0.0682263 0.1038746 0.0468346 0.2039962 0.1534324 0.0423441 0.0368352 0.0381973 0.1728792 0.2414349 0.0604510 0.1165717 0.1784241 0.1095361 0.2127104 0.2091766 0.5251565 0.0839154 0.0944705 0.1034295 0.0904989 0.1845006 0.0931750 0.0257789 0.1639446 0.2449230 0.0984177 0.1156171 0.1845566 0.0255357 0.1440963 0.1644106 0.0494885 
Perityle_ambrosiifolia_67_green            0.1327913 0.1087899 0.3495494 0.4563484 0.1119388 0.5594181 0.3636723 0.3547130 0.1577134 0.1821514 0.1332635 0.0478639 0.0000000 0.4394693 0.0360186 0.0321097 0.0716525 0.1784410 0.0532282 0.0437579 0.0574287 0.0265069 0.1395988 0.3193589 0.0507758 0.0522756 0.1045835 0.1815998 0.2082970 0.4174054 0.1888142 0.1381671 0.1299387 0.4624389 0.1323034 0.2416629 0.0485706 0.2428265 0.0281047 0.0972922 0.0409754 0.2387809 0.0515656 0.1707428 0.2987457 0.0380951 0.0539252 0.0314214 0.2430024 0.0637727 0.1613858 0.0362729 0.0590936 0.0452767 0.1712450 0.1401104 0.0351020 0.0524262 0.0891422 0.1675030 0.2156697 0.0562234 0.1209144 0.1678763 0.0978707 0.2089570 0.2012848 0.5106561 0.0766872 0.0417820 0.0898916 0.1394390 0.2569031 0.0473479 0.0258153 0.1385254 0.3078655 0.0936963 0.1181264 0.1892514 0.0315599 0.1271737 0.1724792 0.0413996 
Perityle_angustifolia_13_Eagle_creek       0.4550925 0.4538960 0.6098028 0.4437331 0.4451091 0.3067519 0.4660433 0.4443777 0.4586722 0.4227178 0.4515010 0.4465853 0.4394693 0.0000000 0.4168769 0.4306663 0.3915274 0.3882005 0.2774887 0.4350918 0.4367040 0.4307865 0.4263739 0.0283011 0.4319524 0.4437945 0.4373757 0.4522156 0.1743327 0.1487921 0.4754578 0.3564991 0.4499314 0.4871615 0.3944922 0.4050464 0.4264569 0.5041791 0.4239309 0.0000010 0.4403697 0.3866299 0.4324977 0.3894209 0.5056958 0.4306663 0.4324977 0.4324977 0.3892772 0.4317733 0.0722794 0.4242359 0.4401662 0.4347523 0.4588537 0.4266067 0.4532872 0.4372843 0.2672041 0.4305298 0.4239430 0.3447445 0.4661914 0.4461393 0.4052930 0.4285974 0.4413424 0.1262214 0.4344989 0.4354919 0.4187528 0.4555050 0.0260755 0.4387086 0.2967625 0.4364075 0.1591025 0.4474041 0.4762985 0.4407240 0.4353487 0.4620750 0.3878593 0.5020826 
Perityle_batopilensis_97                   0.1488678 0.1135067 0.4762539 0.4232161 0.1717221 0.4941574 0.3696841 0.3346449 0.3391119 0.1428521 0.1726601 0.0574637 0.0360186 0.4168769 0.0000000 0.0524007 0.0745159 0.1770994 0.1430268 0.0299088 0.0423687 0.0356672 0.2342912 0.6514025 0.0529317 0.0538084 0.1226494 0.2276826 0.3283076 0.4071202 0.2520983 0.1451072 0.1432175 0.4792439 0.0900225 0.2090118 0.0365470 0.2508444 0.0141099 0.0000010 0.0483817 0.2139929 0.0514147 0.2117260 0.2836011 0.0452539 0.0422629 0.0483210 0.2092327 0.0537074 0.4054505 0.0417638 0.0367694 0.0444610 0.2260049 0.1482650 0.0425162 0.0373131 0.1857906 0.1754888 0.2017621 0.0606698 0.1704199 0.1916549 0.1114182 0.1322654 0.1307096 0.4999053 0.1219437 0.0505971 0.0876535 0.2283775 0.5174591 0.0599668 0.0258782 0.1411955 0.4800182 0.1329430 0.1723589 0.1920250 0.0558636 0.1293054 0.1770491 0.0633559 
Perityle_bisetosa_9                        0.1312249 0.1004167 0.2826895 0.4674983 0.2089137 0.5534129 0.3508774 0.3472121 0.1317875 0.1796222 0.1226499 0.0490929 0.0321097 0.4306663 0.0524007 0.0000000 0.0692390 0.1475778 0.0583826 0.0359459 0.0485024 0.0087342 0.1064684 0.3485464 0.0552893 0.0551658 0.1279887 0.1981699 0.2079154 0.4048265 0.1780715 0.1365491 0.1475183 0.5353432 0.1347024 0.3108107 0.0306818 0.2356141 0.0249540 0.1248573 0.0482890 0.3043036 0.0480291 0.2355648 0.3418876 0.0504925 0.0522635 0.0494590 0.2945181 0.0585622 0.1209907 0.0807671 0.0785313 0.0319442 0.1917115 0.1374347 0.0279317 0.0520310 0.0805139 0.1619094 0.2301147 0.0437983 0.1125325 0.1681701 0.0778489 0.1965670 0.2067772 0.5057657 0.0727684 0.0750727 0.0950817 0.1212897 0.2108831 0.0714784 0.0171338 0.1461343 0.2424557 0.0963398 0.1083145 0.1778473 0.0350424 0.1226498 0.1699465 0.0388518 
Perityle_californica_76_positas            0.0867054 0.1049893 0.4314116 0.3207767 0.0877127 0.4401371 0.2430437 0.3045465 0.3646598 0.1271006 0.1357787 0.0792638 0.0716525 0.3915274 0.0745159 0.0692390 0.0000000 0.1861296 0.0992568 0.0743119 0.0733422 0.1199769 0.2508422 0.4197533 0.0718614 0.0742393 0.0807706 0.1357972 0.3480092 0.4093330 0.0613309 0.0776903 0.0739070 0.2753877 0.0693383 0.1234257 0.0740523 0.1505437 0.0693787 0.0000010 0.0692630 0.1269928 0.0693221 0.1231970 0.1294517 0.0690465 0.0693221 0.0693221 0.1189106 0.0773599 0.4302025 0.0642459 0.0717007 0.0741222 0.1251907 0.0889629 0.1091384 0.0718651 0.0942183 0.1323979 0.1323187 0.1012193 0.1346609 0.1298103 0.1589480 0.0994612 0.1029591 0.3749685 0.0793486 0.0667421 0.0768871 0.0794740 0.4292539 0.0769774 0.0259842 0.1146405 0.3846885 0.0715166 0.1348415 0.1653522 0.0733364 0.0502594 0.1354960 0.1142197 
Perityle_canescens_77                      0.2003370 0.1265569 0.3762470 0.5168334 0.2658340 0.4856204 0.3171546 0.3253718 0.2182557 0.1852794 0.2098396 0.1644993 0.1784410 0.3882005 0.1770994 0.1475778 0.1861296 0.0000000 0.1734332 0.1557850 0.1620192 0.0887105 0.2865610 0.4008909 0.1633358 0.1603015 0.2311619 0.2224658 0.2700591 0.4470571 0.2677520 0.1612287 0.2127893 0.5366998 0.1172476 0.2742174 0.1448683 0.3403012 0.1764042 0.1076000 0.1469396 0.3131309 0.1634603 0.2550137 0.3773214 0.1485256 0.1671429 0.1699928 0.2627837 0.1600017 0.1925233 0.1479043 0.2020220 0.1497357 0.2292060 0.2277306 0.1090789 0.1641412 0.1587551 0.2520582 0.2509648 0.1339731 0.1995980 0.2206560 0.1851035 0.2004015 0.2065770 0.5560184 0.1880878 0.1567978 0.1718940 0.2738094 0.3173843 0.1689390 0.1000662 0.1988472 0.2921683 0.2188074 0.2039575 0.2044546 0.1780280 0.2158387 0.2560060 0.1489999 
Perityle_castillonii_96                    0.1330110 0.0000010 0.2207393 0.4103766 0.2801648 0.5369776 0.1178182 0.7294119 0.1175147 0.4044739 0.0707339 0.0714018 0.0532282 0.2774887 0.1430268 0.0583826 0.0992568 0.1734332 0.0000000 0.0655180 0.0716879 0.0000010 0.0785770 0.1729860 0.0703498 0.0676150 0.2169446 0.1631111 0.1509023 0.2778693 0.1447481 0.1352075 0.1759709 0.3805782 0.1837964 0.4699760 0.0667930 0.1205964 0.0795426 0.1373652 0.0664697 0.4829870 0.0692773 0.2370565 0.3667764 0.0541438 0.0782839 0.1211874 0.4118892 0.1127051 0.0880557 0.1407461 0.1324565 0.0671088 0.1562808 0.0675039 0.1730715 0.0712953 0.0622279 0.0921790 0.2483822 0.1479410 0.0689116 0.1563213 0.0677142 0.4959193 0.5220345 0.8226088 0.0538028 0.1296269 0.2413143 0.0703964 0.0964151 0.0811608 0.0433617 0.2284972 0.1434275 0.0770837 0.0558137 0.1097179 0.1321982 0.1387942 0.0995560 0.0526830 
Perityle_cernua_84                         0.1187635 0.1049601 0.2846405 0.4520339 0.1358629 0.5661173 0.3701527 0.3550810 0.1341146 0.1802816 0.1065941 0.0573673 0.0437579 0.4350918 0.0299088 0.0359459 0.0743119 0.1557850 0.0655180 0.0000000 0.0504090 0.0221018 0.1180040 0.2588039 0.0503289 0.0681859 0.1077350 0.1658179 0.2116519 0.4105403 0.1612201 0.1270044 0.1183448 0.4730379 0.1298442 0.2493770 0.0368276 0.2416702 0.0285071 0.1286607 0.0481555 0.2611989 0.0571024 0.1638680 0.3136912 0.0440886 0.0616084 0.0302917 0.2489855 0.0575742 0.1288267 0.0664899 0.0957073 0.0364768 0.1760741 0.1405978 0.0352258 0.0595178 0.0756147 0.1624140 0.2254215 0.0564508 0.1015208 0.1574496 0.1010150 0.1947567 0.2111910 0.5069282 0.0726527 0.0886102 0.0841402 0.1168778 0.2171677 0.1063242 0.0258893 0.1250695 0.2419377 0.1011825 0.0992962 0.1911724 0.0395036 0.1224389 0.1733831 0.0448495 
Perityle_cfvillosa_25_tin                  0.1163791 0.1164650 0.2596988 0.4399275 0.1385319 0.5236821 0.3094912 0.3623487 0.1352654 0.2003150 0.1332230 0.0245115 0.0574287 0.4367040 0.0423687 0.0485024 0.0733422 0.1620192 0.0716879 0.0504090 0.0000000 0.0311279 0.1244385 0.2269863 0.0135918 0.0611058 0.1273436 0.1626390 0.2102937 0.4331378 0.1448088 0.1180936 0.1186914 0.4446151 0.1102815 0.2487689 0.0473433 0.2060775 0.0381655 0.0772293 0.0532516 0.2874487 0.0154469 0.1538696 0.2623520 0.0450558 0.0214134 0.0039034 0.2294294 0.0662325 0.1271597 0.0229585 0.0930879 0.0438093 0.1374039 0.1528992 0.0461123 0.0188091 0.0181286 0.1652381 0.1798618 0.0690923 0.1165092 0.1570316 0.0958026 0.2320462 0.2301724 0.4916095 0.0519782 0.0603153 0.0875661 0.0400115 0.1726480 0.0482651 0.0042396 0.1228324 0.2463127 0.0479354 0.1174061 0.2047445 0.0215920 0.1156931 0.1611947 0.0533443 
Perityle_cinerea_113_Powell1310            0.1352876 0.0941058 0.1735898 0.3596686 0.0743032 0.4145792 0.3238966 0.3056084 0.6001137 0.1203867 0.1634491 0.0265476 0.0265069 0.4307865 0.0356672 0.0087342 0.1199769 0.0887105 0.0000010 0.0221018 0.0311279 0.0000000 0.4550122 0.4450369 0.0311279 0.0401155 0.1129496 0.1979885 0.3405991 0.4294822 0.1512970 0.1469792 0.1189773 0.4761756 0.0602352 0.1643694 0.0087342 0.2182598 0.0310904 0.0000010 0.0175751 0.1748330 0.0311279 0.1754005 0.2122887 0.0087342 0.0311279 0.0311279 0.1810066 0.0314235 0.8445381 0.0220788 0.0311138 0.0087342 0.1639113 0.1295938 0.0357522 0.0357146 0.0000010 0.1722377 0.1912714 0.0416721 0.1714186 0.1914753 0.0416276 0.1099769 0.0854198 0.3541585 0.0176441 0.0220504 0.0504933 0.0221252 0.4333424 0.0311361 0.0203386 0.1138717 0.4115763 0.0264571 0.1718820 0.1580748 0.0176618 0.1417103 0.1730796 0.0542512 
Perityle_coahuilensis_24                   0.1774033 0.5383891 0.3227094 0.3732407 0.3792044 0.6666696 0.3514066 0.5793708 0.1415203 0.3801932 0.1496749 0.1169621 0.1395988 0.4263739 0.2342912 0.1064684 0.2508422 0.2865610 0.0785770 0.1180040 0.1244385 0.4550122 0.0000000 0.1575415 0.1221764 0.1190969 0.3149086 0.2147468 0.2289287 0.4940909 0.1997923 0.1895643 0.3066462 0.2501797 0.2334046 0.4535746 0.1203925 0.2597904 0.2407686 0.1602577 0.1027658 0.3975184 0.1172136 0.2595463 0.3636634 0.1138631 0.1264779 0.2318687 0.4108827 0.0959476 0.1175333 0.1865622 0.1763398 0.1115488 0.2013788 0.2344905 0.5263030 0.1246986 0.0872653 0.2532356 0.2934400 0.5045766 0.1200149 0.1948449 0.1370446 0.4305485 0.4612765 0.5287932 0.1191253 0.1690240 0.3004869 0.1185094 0.1625385 0.0913045 0.3240952 0.2882701 0.2042425 0.1210991 0.1147172 0.3714337 0.2393992 0.2570102 0.2293914 0.3642050 
Perityle_cochisensis_44_cave_creek         0.3590384 0.4715734 0.3716224 0.5746452 0.6330463 0.4945405 0.4544960 0.4817757 0.1995674 0.6300812 0.4287959 0.2975815 0.3193589 0.0283011 0.6514025 0.3485464 0.4197533 0.4008909 0.1729860 0.2588039 0.2269863 0.4450369 0.1575415 0.0000000 0.3762626 0.3852833 0.6103622 0.4151376 0.1949123 0.1455164 0.3493493 0.3843487 0.6347952 0.5880761 0.3106511 0.6238258 0.2725594 0.6030297 0.4830182 0.1197012 0.3148302 0.5951340 0.3189475 0.5653244 0.7515922 0.3665207 0.2716893 0.5612511 0.5884603 0.2909055 0.0776074 0.3765349 0.2575617 0.3045035 0.3517272 0.4672612 0.4639070 0.2271886 0.1768989 0.5050185 0.3419008 0.3432690 0.3939247 0.4212923 0.2589454 0.6197297 0.6596779 0.1740319 0.2671079 0.3930207 0.6006774 0.3148597 0.0747565 0.3019349 0.2890168 0.6363552 0.1824254 0.2646475 0.3343840 0.4429819 0.6041224 0.5777603 0.4367604 0.5298523 
Perityle_congesta_202                      0.1369671 0.1122072 0.3040636 0.4773526 0.2013949 0.5400344 0.3146355 0.3562786 0.1454347 0.1926233 0.1275195 0.0368557 0.0507758 0.4319524 0.0529317 0.0552893 0.0718614 0.1633358 0.0703498 0.0503289 0.0135918 0.0311279 0.1221764 0.3762626 0.0000000 0.0746215 0.1225095 0.2082712 0.2163628 0.4337196 0.1855820 0.1410671 0.1544942 0.5054108 0.1174573 0.2783761 0.0409309 0.2158211 0.0327386 0.1295366 0.0571127 0.2768141 0.0110839 0.2108059 0.2808891 0.0593522 0.0126073 0.0046583 0.2921915 0.0746349 0.1226921 0.0783947 0.0916914 0.0454078 0.1972636 0.1498208 0.0461696 0.0091682 0.0519804 0.1549758 0.2178765 0.0691895 0.1192464 0.1789620 0.0991673 0.2110458 0.1969196 0.4916095 0.0722199 0.0822017 0.1017361 0.1032343 0.1736761 0.0706657 0.0042461 0.1463036 0.2493969 0.0898284 0.1162377 0.1981710 0.0291928 0.1208560 0.1803439 0.0475740 
Perityle_cordifolia_27                     0.1432356 0.1089452 0.2982416 0.4675258 0.2111832 0.5583230 0.3565709 0.3540060 0.1447789 0.2102473 0.1342181 0.0737321 0.0522756 0.4437945 0.0538084 0.0551658 0.0742393 0.1603015 0.0676150 0.0681859 0.0611058 0.0401155 0.1190969 0.3852833 0.0746215 0.0000000 0.1308718 0.2246226 0.2174945 0.4288040 0.1944690 0.1528027 0.1596388 0.5247271 0.1520205 0.3007167 0.0500293 0.2413238 0.0345128 0.1444204 0.0594042 0.2837443 0.0687559 0.2297507 0.3402610 0.0677383 0.0655543 0.0467934 0.3156608 0.0812649 0.1375714 0.1029815 0.0787087 0.0548365 0.2087623 0.1478957 0.0460697 0.0730169 0.0939320 0.1658772 0.2540800 0.0398004 0.1411534 0.1863022 0.0884972 0.2054741 0.2043758 0.5056816 0.0910011 0.0989504 0.1054483 0.1418611 0.2309575 0.0989291 0.0302707 0.1518351 0.2597668 0.1127342 0.1208330 0.2080908 0.0518461 0.1343771 0.1798670 0.0604058 
Perityle_cordifolia_68_tecolote            0.1669933 0.1339882 0.4962383 0.4314006 0.1988320 0.5152686 0.3165194 0.3025622 0.4006904 0.2079995 0.1051162 0.1423265 0.1045835 0.4373757 0.1226494 0.1279887 0.0807706 0.2311619 0.2169446 0.1077350 0.1273436 0.1129496 0.3149086 0.6103622 0.1225095 0.1308718 0.0000000 0.2300198 0.3514960 0.3980958 0.2337530 0.1718337 0.1636958 0.5019708 0.1403398 0.2085878 0.1167525 0.2576545 0.1065340 0.5262610 0.1259371 0.2199170 0.1308288 0.2085998 0.3041708 0.1448926 0.1081027 0.1066136 0.2153964 0.1362729 0.4151048 0.1171659 0.0996109 0.1226942 0.2366246 0.0193255 0.1041375 0.1226972 0.2252602 0.1485478 0.2066666 0.1052847 0.1163698 0.1782518 0.1845519 0.1844824 0.1732792 0.4975397 0.1622147 0.1195178 0.1097218 0.2147529 0.5116380 0.1285783 0.0304863 0.1817807 0.4669449 0.1371804 0.1135029 0.1929107 0.1341757 0.1591052 0.1816264 0.1642727 
Perityle_coronopifolia_28_patagonia        0.2138999 0.2203796 0.3168207 0.5002412 0.3106950 0.5729849 0.3506494 0.2871831 0.1730749 0.3016679 0.1919315 0.1824500 0.1815998 0.4522156 0.2276826 0.1981699 0.1357972 0.2224658 0.1631111 0.1658179 0.1626390 0.1979885 0.2147468 0.4151376 0.2082712 0.2246226 0.2300198 0.0000000 0.2424149 0.4071856 0.2182125 0.1857783 0.2330593 0.5792382 0.1947823 0.3462167 0.1538896 0.2556632 0.1696989 0.2129863 0.1931748 0.3341272 0.1760721 0.2854434 0.3937148 0.1986074 0.1739882 0.2201498 0.2998047 0.1761298 0.2122059 0.2025330 0.1994927 0.1656292 0.2100139 0.1632853 0.1969195 0.1664781 0.1782212 0.0572247 0.2246925 0.1904156 0.2242282 0.0364757 0.1841555 0.3037761 0.3204691 0.4622439 0.2002613 0.2374301 0.1807469 0.2358079 0.2804154 0.2271104 0.1166860 0.2637823 0.2799773 0.2119112 0.1941549 0.2118723 0.1897306 0.2234356 0.1918123 0.2596996 
Perityle_crassifolia_70_ventanas           0.2107905 0.4142848 0.3616902 0.4085371 0.3468181 0.3592536 0.3592587 0.4897629 0.1686740 0.4077951 0.2403497 0.2135883 0.2082970 0.1743327 0.3283076 0.2079154 0.3480092 0.2700591 0.1509023 0.2116519 0.2102937 0.3405991 0.2289287 0.1949123 0.2163628 0.2174945 0.3514960 0.2424149 0.0000000 0.1317550 0.2216173 0.2315835 0.3663354 0.3170964 0.2241387 0.4308489 0.1897843 0.3492968 0.3379831 0.1377493 0.2165950 0.3984590 0.2117596 0.3341202 0.4314655 0.2034170 0.2122556 0.3402772 0.4214805 0.2236254 0.1232379 0.2098864 0.2335807 0.1975961 0.2213295 0.3312822 0.3971259 0.2095936 0.1466490 0.3154785 0.2743212 0.3982996 0.2275895 0.2359227 0.2314095 0.4314120 0.4334870 0.2323082 0.2100954 0.2254729 0.3676894 0.2149191 0.1471885 0.2042330 0.3442227 0.3529230 0.1572432 0.2171254 0.2275990 0.3537219 0.3493301 0.3634806 0.3330664 0.3584736 
Perityle_crassifolia_74_playa_balandra     0.4594850 0.4705973 0.4975338 0.4072167 0.4377941 0.3162413 0.4072626 0.4400464 0.4813403 0.4211205 0.4346404 0.4212053 0.4174054 0.1487921 0.4071202 0.4048265 0.4093330 0.4470571 0.2778693 0.4105403 0.4331378 0.4294822 0.4940909 0.1455164 0.4337196 0.4288040 0.3980958 0.4071856 0.1317550 0.0000000 0.4656271 0.3588591 0.4437388 0.4372134 0.4362705 0.4302488 0.4048265 0.4586935 0.4140966 0.0000010 0.4047198 0.4129582 0.4273365 0.4233597 0.4456480 0.4048265 0.4273365 0.4242065 0.4231427 0.3862915 0.2108916 0.4096199 0.4260704 0.4056086 0.4214610 0.3863334 0.4445328 0.4339335 0.1561713 0.3743990 0.4379110 0.3614560 0.4383489 0.3997901 0.3415730 0.4321623 0.4390376 0.1142179 0.4078420 0.4200518 0.4303634 0.4171737 0.1499049 0.3993852 0.2809553 0.4202142 0.1682687 0.4167664 0.4457716 0.4098040 0.4185836 0.4626057 0.4229443 0.4183473 
Perityle_cuneata_34_cuneata_San_antonio    0.2180796 0.1388097 0.2903965 0.4947379 0.2228391 0.5523733 0.3665329 0.3454617 0.1733774 0.3690855 0.2219932 0.1943264 0.1888142 0.4754578 0.2520983 0.1780715 0.0613309 0.2677520 0.1447481 0.1612201 0.1448088 0.1512970 0.1997923 0.3493493 0.1855820 0.1944690 0.2337530 0.2182125 0.2216173 0.4656271 0.0000000 0.1645815 0.2494680 0.5008984 0.1524429 0.3486301 0.1689890 0.2881272 0.1968962 0.1519692 0.1858975 0.3664380 0.1871701 0.2685858 0.3785959 0.1833312 0.1721364 0.2135851 0.3400004 0.1957425 0.2037947 0.1917062 0.1806928 0.1816164 0.2417141 0.2185333 0.1498501 0.1521214 0.1539843 0.2513828 0.2125479 0.1240918 0.2237944 0.2190944 0.2079326 0.3459117 0.3594852 0.6422373 0.1669407 0.1948869 0.1629375 0.1914628 0.2986687 0.1972747 0.0438759 0.2910968 0.2987418 0.1833715 0.2198718 0.2554337 0.2775949 0.2398257 0.2110755 0.2479436 
Perityle_cuneata_4                         0.1680085 0.1470790 0.2406505 0.4395399 0.2466783 0.4859943 0.2534909 0.3212571 0.1686008 0.2354794 0.1627034 0.1468336 0.1381671 0.3564991 0.1451072 0.1365491 0.0776903 0.1612287 0.1352075 0.1270044 0.1180936 0.1469792 0.1895643 0.3843487 0.1410671 0.1528027 0.1718337 0.1857783 0.2315835 0.3588591 0.1645815 0.0000000 0.1686775 0.4037220 0.1799320 0.3614937 0.1171268 0.2214229 0.1076787 0.2092366 0.1386113 0.3205891 0.1496643 0.2636756 0.3195301 0.1389419 0.1351015 0.1171121 0.3390160 0.1590001 0.2088266 0.1787877 0.1506594 0.1202711 0.2151370 0.1328393 0.1435595 0.1308133 0.1587743 0.1348864 0.2488404 0.1336758 0.1699170 0.1691252 0.1623341 0.2268831 0.2476803 0.3289398 0.1626805 0.1896572 0.1344941 0.2050529 0.2488316 0.1853226 0.0438109 0.1866295 0.2516090 0.1898494 0.1672621 0.1684685 0.1378345 0.1370733 0.1692309 0.1480322 
Perityle_discoidea_81                      0.0471108 0.0681311 0.4613715 0.4277504 0.1965897 0.5011605 0.3515113 0.3500029 0.4302287 0.1739987 0.2268267 0.1607047 0.1299387 0.4499314 0.1432175 0.1475183 0.0739070 0.2127893 0.1759709 0.1183448 0.1186914 0.1189773 0.3066462 0.6347952 0.1544942 0.1596388 0.1636958 0.2330593 0.3663354 0.4437388 0.2494680 0.1686775 0.0000000 0.3935386 0.1336343 0.2709723 0.1245993 0.2795513 0.1043726 0.6205716 0.1522734 0.2481675 0.1561004 0.2368658 0.3167749 0.1502589 0.1232096 0.1136636 0.2677951 0.1544855 0.4397123 0.1454422 0.1079390 0.1428849 0.2844668 0.1637118 0.1287736 0.1156212 0.2546404 0.1984480 0.2432572 0.1282952 0.2246398 0.2355151 0.1909136 0.1587238 0.1686122 0.5206132 0.1924253 0.1520028 0.1205805 0.2776031 0.5089313 0.1684854 0.0574501 0.1755646 0.5280988 0.2181030 0.2289146 0.2363351 0.1406881 0.1469775 0.2015067 0.1517742 
Perityle_dissecta_201                      0.5215000 0.4623903 0.6466564 0.4243407 0.4639403 0.5976082 0.3595029 0.4241249 0.5906817 0.5353962 0.4871277 0.4825576 0.4624389 0.4871615 0.4792439 0.5353432 0.2753877 0.5366998 0.3805782 0.4730379 0.4446151 0.4761756 0.2501797 0.5880761 0.5054108 0.5247271 0.5019708 0.5792382 0.3170964 0.4372134 0.5008984 0.4037220 0.3935386 0.0000000 0.4188352 0.4961994 0.4610397 0.4514872 0.3933023 0.6375235 0.4933938 0.5219523 0.4611586 0.4257435 0.5264937 0.4637325 0.4862360 0.4852811 0.3391369 0.4715501 0.5656218 0.4763080 0.4326921 0.5010029 0.4359218 0.3785480 0.4613956 0.4555114 0.3623182 0.4196342 0.4570877 0.3216743 0.5048846 0.4452613 0.4173990 0.4990396 0.5376550 0.6183607 0.4338519 0.5154258 0.3760150 0.4762891 0.6185445 0.5349809 0.1457458 0.4156692 0.5918028 0.4784747 0.4838474 0.3689785 0.4140622 0.4627044 0.3085179 0.4823241 
Perityle_emoryi_47_punta_san_jose          0.1580610 0.0974213 0.2047874 0.4249264 0.1105920 0.4754638 0.2985247 0.3399826 0.1929216 0.2254831 0.1300099 0.1459242 0.1323034 0.3944922 0.0900225 0.1347024 0.0693383 0.1172476 0.1837964 0.1298442 0.1102815 0.0602352 0.2334046 0.3106511 0.1174573 0.1520205 0.1403398 0.1947823 0.2241387 0.4362705 0.1524429 0.1799320 0.1336343 0.4188352 0.0000000 0.2901113 0.0861063 0.1769394 0.0519137 0.2015570 0.1451836 0.3051698 0.1423890 0.1700506 0.3246718 0.1409853 0.1367606 0.0651712 0.2663605 0.1621954 0.2211720 0.1418246 0.1468186 0.1077496 0.1791629 0.1040919 0.0619259 0.1421885 0.1760778 0.1251775 0.2295283 0.0617788 0.1807828 0.1871916 0.1423287 0.2243643 0.2258871 0.4236895 0.1501522 0.1527855 0.0933020 0.1625651 0.2388698 0.1665517 0.0262426 0.1422369 0.2258543 0.1723101 0.1926443 0.1712615 0.0852672 0.1091314 0.1434736 0.0839224 
Perityle_feddemae_99                       0.3120822 0.1940502 0.5732155 0.5150856 0.1918115 0.5933827 0.2963856 0.2927680 0.6577319 0.3001116 0.2355747 0.3106242 0.2416629 0.4050464 0.2090118 0.3108107 0.1234257 0.2742174 0.4699760 0.2493770 0.2487689 0.1643694 0.4535746 0.6238258 0.2783761 0.3007167 0.2085878 0.3462167 0.4308489 0.4302488 0.3486301 0.3614937 0.2709723 0.4961994 0.2901113 0.0000000 0.2453410 0.2253277 0.1552729 0.8185766 0.2928881 0.0390714 0.3058670 0.0314986 0.3583877 0.3136962 0.2238085 0.1840115 0.0286475 0.3068718 0.5206971 0.2985534 0.2318247 0.2596890 0.1777395 0.1801774 0.1750201 0.2410264 0.4896871 0.2150594 0.2473585 0.1737197 0.2900469 0.3549814 0.3228248 0.2732043 0.2800962 0.3931540 0.3242675 0.2852566 0.2224994 0.3875165 0.5159322 0.2867301 0.0858816 0.2360311 0.5747705 0.3222447 0.2918557 0.0922634 0.2058847 0.2319982 0.0853455 0.1965136 
Perityle_fosteri_93                        0.1135697 0.1004167 0.2711245 0.4645679 0.1413396 0.5385008 0.3464877 0.3472121 0.1218889 0.1856120 0.1111027 0.0459993 0.0485706 0.4264569 0.0365470 0.0306818 0.0740523 0.1448683 0.0667930 0.0368276 0.0473433 0.0087342 0.1203925 0.2725594 0.0409309 0.0500293 0.1167525 0.1538896 0.1897843 0.4048265 0.1689890 0.1171268 0.1245993 0.4610397 0.0861063 0.2453410 0.0000000 0.2512703 0.0328305 0.0439247 0.0433662 0.2653712 0.0415473 0.1695999 0.3163779 0.0261499 0.0460249 0.0341517 0.2235032 0.0566035 0.1360533 0.0401500 0.0907176 0.0243189 0.1430068 0.1425452 0.0279317 0.0432876 0.0624310 0.1595233 0.1792461 0.0437983 0.1065613 0.1504892 0.0845086 0.2023855 0.2077353 0.4982264 0.0583930 0.0410319 0.0847852 0.1207036 0.2144841 0.0492328 0.0171338 0.1293104 0.2484830 0.0904574 0.1084466 0.1778473 0.0375739 0.1310905 0.1722317 0.0414992 
Perityle_gamon_221                         0.2644512 0.2577233 0.5049913 0.4419789 0.2278111 0.5563378 0.3921497 0.3808073 0.4035217 0.2687056 0.2740491 0.2537296 0.2428265 0.5041791 0.2508444 0.2356141 0.1505437 0.3403012 0.1205964 0.2416702 0.2060775 0.2182598 0.2597904 0.6030297 0.2158211 0.2413238 0.2576545 0.2556632 0.3492968 0.4586935 0.2881272 0.2214229 0.2795513 0.4514872 0.1769394 0.2253277 0.2512703 0.0000000 0.2628248 0.0000010 0.2498027 0.2212445 0.2264147 0.2174337 0.0595925 0.2515983 0.2158257 0.2122535 0.2447762 0.2505717 0.4200657 0.2296273 0.1942818 0.2442960 0.2743046 0.3028001 0.2237486 0.2004818 0.1352041 0.2714129 0.2472485 0.1764894 0.2639487 0.2759730 0.3097190 0.2557448 0.2393533 0.6323748 0.2220236 0.2432465 0.1376671 0.3053515 0.6079114 0.2407218 0.0949736 0.2473393 0.5527710 0.2622398 0.2579638 0.3195020 0.2685479 0.2933896 0.2575674 0.3150644 
Perityle_gentryi_8_san_francisco           0.1169100 0.1007783 0.4519991 0.3715523 0.1148200 0.4749349 0.3556401 0.3347694 0.3391119 0.1232156 0.1640700 0.0409441 0.0281047 0.4239309 0.0141099 0.0249540 0.0693787 0.1764042 0.0795426 0.0285071 0.0381655 0.0310904 0.2407686 0.4830182 0.0327386 0.0345128 0.1065340 0.1696989 0.3379831 0.4140966 0.1968962 0.1076787 0.1043726 0.3933023 0.0519137 0.1552729 0.0328305 0.2628248 0.0000000 0.0000010 0.0313371 0.1566465 0.0310841 0.1546142 0.2579557 0.0265016 0.0327661 0.0294519 0.1486575 0.0395648 0.4206877 0.0250841 0.0285255 0.0351902 0.1931550 0.1425210 0.0316082 0.0332428 0.0942183 0.1654124 0.1822176 0.0522383 0.1593485 0.1675169 0.1100549 0.1141786 0.1150552 0.5016494 0.0849622 0.0313691 0.0568356 0.1358346 0.5083443 0.0331495 0.0171338 0.1109922 0.4764419 0.0742073 0.1669459 0.1839849 0.0418901 0.1322187 0.1718444 0.0549716 
Perityle_gilensis_22_Superstition          0.1888369 0.0000010 0.1279523 0.4896812 1.2924402 0.7881425 0.0000010 0.7687683 0.1973451 0.7771248 0.0482847 0.1402229 0.0972922 0.0000010 0.0000010 0.1248573 0.0000010 0.1076000 0.1373652 0.1286607 0.0772293 0.0000010 0.1602577 0.1197012 0.1295366 0.1444204 0.5262610 0.2129863 0.1377493 0.0000010 0.1519692 0.2092366 0.6205716 0.6375235 0.2015570 0.8185766 0.0439247 0.0000010 0.0000010 0.0000000 0.1257292 0.6571273 0.1407244 0.9123608 0.6582694 0.1380777 0.1034901 0.0000010 0.7870354 0.1634716 0.1055011 0.2178790 0.2037201 0.0631542 0.2074160 0.0000010 0.0000010 0.1213576 0.1496697 0.0000010 0.2795336 0.0000010 0.1333641 0.2246092 0.1138609 0.7985224 0.8026303 0.8226088 0.1535848 0.0115052 0.5219820 0.1542870 0.0781518 0.1443476 0.0000010 0.8281017 0.1661840 0.1701853 0.1406056 0.0000010 0.0000010 0.3440717 0.0000010 0.0000010 
Perityle_gilensis_salensis_225             0.1377417 0.1051583 0.3050073 0.4504377 0.2027116 0.5580284 0.3574673 0.3577445 0.1422345 0.1954658 0.1250404 0.0465307 0.0409754 0.4403697 0.0483817 0.0482890 0.0692630 0.1469396 0.0664697 0.0481555 0.0532516 0.0175751 0.1027658 0.3148302 0.0571127 0.0594042 0.1259371 0.1931748 0.2165950 0.4047198 0.1858975 0.1386113 0.1522734 0.4933938 0.1451836 0.2928881 0.0433662 0.2498027 0.0313371 0.1257292 0.0000000 0.2764240 0.0536137 0.2213894 0.3059459 0.0491864 0.0575662 0.0400153 0.3122894 0.0589085 0.1329036 0.0857596 0.0816099 0.0420409 0.1968783 0.1405349 0.0316622 0.0576972 0.0728684 0.1656067 0.2441192 0.0523418 0.1113831 0.1648788 0.0856492 0.1989000 0.1957467 0.5273873 0.0837713 0.0704053 0.0967534 0.1187715 0.2305844 0.0502780 0.0260067 0.1583376 0.2556254 0.0893045 0.1062301 0.1859759 0.0420451 0.1283983 0.1703332 0.0470998 
Perityle_glaucescens_94                    0.3157665 0.2199390 0.5820543 0.5010801 0.1977145 0.5778393 0.2882113 0.2993455 0.5872329 0.2916942 0.2659252 0.2916562 0.2387809 0.3866299 0.2139929 0.3043036 0.1269928 0.3131309 0.4829870 0.2611989 0.2874487 0.1748330 0.3975184 0.5951340 0.2768141 0.2837443 0.2199170 0.3341272 0.3984590 0.4129582 0.3664380 0.3205891 0.2481675 0.5219523 0.3051698 0.0390714 0.2653712 0.2212445 0.1566465 0.6571273 0.2764240 0.0000000 0.2935652 0.0180266 0.3255525 0.3001669 0.2493462 0.1888472 0.0167878 0.3023485 0.5327585 0.2742834 0.2641765 0.2768703 0.1986231 0.1892760 0.1934614 0.2809422 0.4558637 0.1904068 0.2452191 0.1736210 0.2713533 0.3108576 0.3428739 0.2665473 0.2890051 0.4281732 0.2946629 0.2738348 0.2115863 0.3743915 0.5265537 0.3035359 0.0910907 0.2343152 0.5269482 0.3140453 0.2773080 0.0827323 0.2083638 0.2325165 0.0727177 0.2099618 
Perityle_gracilis_11                       0.1391667 0.1122072 0.2848212 0.4861627 0.2052528 0.5422280 0.3139965 0.3562786 0.1407200 0.1950734 0.1372107 0.0376939 0.0515656 0.4324977 0.0514147 0.0480291 0.0693221 0.1634603 0.0692773 0.0571024 0.0154469 0.0311279 0.1172136 0.3189475 0.0110839 0.0687559 0.1308288 0.1760721 0.2117596 0.4273365 0.1871701 0.1496643 0.1561004 0.4611586 0.1423890 0.3058670 0.0415473 0.2264147 0.0310841 0.1407244 0.0536137 0.2935652 0.0000000 0.2204112 0.3124230 0.0496037 0.0133007 0.0053328 0.2964323 0.0751366 0.1195992 0.0763391 0.0976489 0.0444557 0.1954671 0.1471575 0.0424860 0.0099031 0.0500543 0.1531040 0.2430710 0.0648894 0.1220185 0.1728098 0.1082367 0.2089161 0.2033958 0.4916095 0.0728006 0.0895413 0.1061156 0.0960519 0.1635628 0.0810996 0.0000010 0.1543021 0.2520605 0.0906706 0.1197132 0.1941728 0.0297180 0.1272067 0.1775770 0.0446652 
Perityle_harkerae_31                       0.2395822 0.2088204 0.5148864 0.4307863 0.1810358 0.5024458 0.2926840 0.2799338 0.4293839 0.2524645 0.2080525 0.2220044 0.1707428 0.3894209 0.2117260 0.2355648 0.1231970 0.2550137 0.2370565 0.1638680 0.1538696 0.1754005 0.2595463 0.5653244 0.2108059 0.2297507 0.2085998 0.2854434 0.3341202 0.4233597 0.2685858 0.2636756 0.2368658 0.4257435 0.1700506 0.0314986 0.1695999 0.2174337 0.1546142 0.9123608 0.2213894 0.0180266 0.2204112 0.0000000 0.2768142 0.2250971 0.1577303 0.1864838 0.0057181 0.2227420 0.4262563 0.2140667 0.1486978 0.1934130 0.0967556 0.1833652 0.1882378 0.1469159 0.2545460 0.1986743 0.1470911 0.1786379 0.2140268 0.2665422 0.2341050 0.2171133 0.2324633 0.3811151 0.2225546 0.2256603 0.2093351 0.2941703 0.4664072 0.2201826 0.0858108 0.2357831 0.5046338 0.2306618 0.2159667 0.0924721 0.2049893 0.2261700 0.0770090 0.2078963 
Perityle_hofmeisteria_4_nombre_de_dios     0.3358423 0.2565388 0.5497946 0.5482245 0.2551026 0.6032293 0.3585404 0.3886816 0.5213387 0.2956123 0.3242287 0.3290682 0.2987457 0.5056958 0.2836011 0.3418876 0.1294517 0.3773214 0.3667764 0.3136912 0.2623520 0.2122887 0.3636634 0.7515922 0.2808891 0.3402610 0.3041708 0.3937148 0.4314655 0.4456480 0.3785959 0.3195301 0.3167749 0.5264937 0.3246718 0.3583877 0.3163779 0.0595925 0.2579557 0.6582694 0.3059459 0.3255525 0.3124230 0.2768142 0.0000000 0.3229344 0.2723204 0.2347782 0.3494160 0.3369792 0.4965380 0.2973987 0.2483550 0.3065532 0.3693122 0.2883851 0.2040150 0.2467056 0.3995200 0.3034131 0.3116104 0.1521424 0.3717182 0.3666255 0.3871595 0.2926290 0.3273373 0.6498745 0.2976823 0.3373153 0.2075956 0.4415949 0.6297455 0.3161171 0.0527638 0.2954270 0.6023282 0.3422950 0.3242738 0.2877374 0.3025609 0.2977316 0.2428200 0.3088020 
