82
Amauria_brandeegeana_62                    0.0000000 0.5002591 0.5014848 0.4602186 0.2957589 0.5273397 0.4842139 0.7887771 0.4526256 0.0136638 0.5473606 0.4559955 0.4232827 0.4441014 0.5019336 0.4478072 0.4126108 0.9104222 0.4384051 0.3178246 0.3752400 0.3999713 0.5585407 0.3854902 0.4775778 0.4708157 0.7598471 0.3370259 0.9662822 0.4194954 0.6514243 0.0997317 0.4130105 0.2973750 0.4955845 0.3188259 0.5294410 0.4080231 0.4525178 0.6710549 0.3549566 0.3902605 0.2788520 0.3009681 0.3905159 0.2702967 0.3245136 0.3042639 0.3934266 0.4041276 0.4385439 0.3124860 0.4846481 0.5718244 0.3972925 0.3778259 0.3990615 0.3496107 0.4786458 0.3414881 0.5174442 0.6052351 0.4367668 0.4876388 0.4624923 0.4879697 0.4777355 0.3983213 0.4482968 0.8225078 0.4054233 0.3780129 0.4383855 0.4439721 0.4399403 0.3297108 0.4169178 0.3877131 0.5063005 0.4001074 0.3169364 0.4483672 
Amauria_carterae_99_mesa                   0.5002591 0.0000000 0.3690861 0.4651921 0.3441830 0.2454672 0.4675148 0.0000010 0.3471596 0.5133719 0.5391205 0.3608341 0.3280954 0.3513808 0.2983760 0.3627656 0.3264082 0.9889989 0.3681632 0.3642773 0.3236835 0.1617894 0.3612725 0.3324679 0.3303666 0.3262230 0.6068179 0.3652052 0.0000010 0.2868805 0.0000010 0.0000010 0.3948506 0.3467173 0.3776208 0.3312623 0.3762262 0.3724154 0.3513808 0.0000010 0.4198336 0.3202625 0.4117605 0.3602966 0.3285681 0.3279130 0.3976096 0.3551279 0.3380918 0.3375633 0.3316194 0.3313772 0.4216924 0.1644196 0.3432458 0.3168502 0.3236835 0.3699240 0.2465620 0.4550033 0.1758183 0.4287801 0.3612908 0.4611109 0.3829130 0.4393027 0.2812147 0.3700854 0.3612725 1.8861917 0.3472090 0.3258604 0.3222044 0.2301067 0.3784223 0.3611534 0.3561402 0.3351882 0.2456539 0.3258962 0.3419994 0.4054721 
Amauria_rotundifolia_SRR9119150            0.5014848 0.3690861 0.0000000 0.5565327 0.2443278 0.3176569 0.4244839 0.6221580 0.3376698 0.4907382 0.6990775 0.2488446 0.1901781 0.1965170 0.2168869 0.2231039 0.1792905 0.8775246 0.1969116 0.2161657 0.1887654 0.2326513 0.2694415 0.1812891 0.3578452 0.2212774 0.6063194 0.2076077 0.5741948 0.3427599 0.5144649 0.7339447 0.0731743 0.2249200 0.2081432 0.3812917 0.2522289 0.2263499 0.2028956 0.4911239 0.5349586 0.1666901 0.2017526 0.2232390 0.1745021 0.1968188 0.2340015 0.2330230 0.1706472 0.1527492 0.2052271 0.2068473 0.4456817 0.4875851 0.2021130 0.2068275 0.2104950 0.2790243 0.3418112 0.4590625 0.4235477 0.7178593 0.2257014 0.5626388 0.2478086 0.5081986 0.2157938 0.2651239 0.2236596 0.5642991 0.2063140 0.1884492 0.3528709 0.1821762 0.2044097 0.2114452 0.1645200 0.1622982 0.2841534 0.2166882 0.2265283 0.3783490 
Conoclinium_coelestinum_SRR9119114         0.4602186 0.4651921 0.5565327 0.0000000 0.4363770 0.5027986 0.3079947 0.7197993 0.4541050 0.4564677 0.6403697 0.4429340 0.4647237 0.4856556 0.5268754 0.4956122 0.4551654 0.8827968 0.4749192 0.4327968 0.4116224 0.3124160 0.6415333 0.4204881 0.5553183 0.5205838 0.8137415 0.4349323 1.0453618 0.3180558 0.6459817 0.4022061 0.4315546 0.4288101 0.5176438 0.4173234 0.5421744 0.4337654 0.4861652 0.5328122 0.4906821 0.4704786 0.4337764 0.4128772 0.4781943 0.4353342 0.4373012 0.4149785 0.4439439 0.4656694 0.4843613 0.4326593 0.5478406 0.5998692 0.3839732 0.4012319 0.4473075 0.4254349 0.4432587 0.4335346 0.5375385 0.5670296 0.4655094 0.5205724 0.4982663 0.5524788 0.4617099 0.4315560 0.5846737 0.8915729 0.4212442 0.4193664 0.5202377 0.3692587 0.4948895 0.4416370 0.4746898 0.4874306 0.4676245 0.4367921 0.4275776 0.4342128 
Eutetras_palmeri_63                        0.2957589 0.3441830 0.2443278 0.4363770 0.0000000 0.2663700 0.3007871 0.3345628 0.3925836 0.3045298 0.8018470 0.4027696 0.1763829 0.1256126 0.1161576 0.4077804 0.2194530 0.6310859 0.2025500 0.1120205 0.2855680 0.2162211 0.4699713 0.2472415 0.4117102 0.2245527 0.2012781 0.1511152 0.3040137 0.3541280 0.1442889 0.0949127 0.2253771 0.1740742 0.3376848 0.2006263 0.5078352 0.3550767 0.1857605 0.2019942 0.2393037 0.2192100 0.1036673 0.1578655 0.2284377 0.1593041 0.2045353 0.1280652 0.1461302 0.1525870 0.1275722 0.2349028 0.3414752 0.4264899 0.1491363 0.2900666 0.3180555 0.2417733 0.4722048 0.1858516 0.3422491 0.6192017 0.2817479 0.3348270 0.1763604 0.3818174 0.0730799 0.2264104 0.3101951 0.6603889 0.2861324 0.2957538 0.3375791 0.0644381 0.1663595 0.2215707 0.1193572 0.1568973 0.4006491 0.3330824 0.1556255 0.3270268 
Eutetras_pringlei_149_quer                 0.5273397 0.2454672 0.3176569 0.5027986 0.2663700 0.0000000 0.3133923 0.1250476 0.2712501 0.5153111 0.2227821 0.2637749 0.2433940 0.2593698 0.2487200 0.2535008 0.2484134 0.3145831 0.2659921 0.2795189 0.3008517 0.1241391 0.1801793 0.3012106 0.2097907 0.2614387 0.3262108 0.2705244 0.0691251 0.2561445 0.2254363 1.2921349 0.3039084 0.2631847 0.2705574 0.2344176 0.1955824 0.2391638 0.2635031 0.2250172 0.3193523 0.2736983 0.3435268 0.2610082 0.2844451 0.3175151 0.2711279 0.2793204 0.2851830 0.2607450 0.2529505 0.2313255 0.2814682 0.2154529 0.2755296 0.3058538 0.3895421 0.2639763 0.1036335 0.2962822 0.1882593 0.2314158 0.2781680 0.2568086 0.2729119 0.3072941 0.2557827 0.2818038 0.2966373 0.0782869 0.2806688 0.3008517 0.2096120 0.2357899 0.2552103 0.1822718 0.2784473 0.2818907 0.2278582 0.3959044 0.2429674 0.1755865 
Eutrochium_fistulosum_SRR9119106           0.4842139 0.4675148 0.4244839 0.3079947 0.3007871 0.3133923 0.0000000 0.3013903 0.4006081 0.4960190 0.6225830 0.3730268 0.2961691 0.2670375 0.2910885 0.4005707 0.2774094 0.6484179 0.2835635 0.2562399 0.4296534 0.2983906 0.4290678 0.3882305 0.4582467 0.3009735 0.2493796 0.3083228 0.2951997 0.3062944 0.1515338 0.0000010 0.3796797 0.2900372 0.4005624 0.3156478 0.4030415 0.3866760 0.2810839 0.1519071 0.3596266 0.4362681 0.3953442 0.2705403 0.4360127 0.4478776 0.3877123 0.2864926 0.4146353 0.3824336 0.2986549 0.3796987 0.2922079 0.4206143 0.2653849 0.4311222 0.4646283 0.3061921 0.3654405 0.2839673 0.3605526 0.5321076 0.3161505 0.3690273 0.3307588 0.3412687 0.2484822 0.2832199 0.4313498 0.3921166 0.3670141 0.4203351 0.4505420 0.2114565 0.3178573 0.4115095 0.3934258 0.3962668 0.3833709 0.4648933 0.3011146 0.3283198 
Galeana_pratensis_104_mex                  0.7887771 0.0000010 0.6221580 0.7197993 0.3345628 0.1250476 0.3013903 0.0000000 0.2692890 0.7656622 0.1645882 0.3508734 0.3539082 0.3727474 0.3686926 0.3653855 0.3605719 0.1839743 0.3675975 0.3677642 0.0000010 0.0000010 0.1785222 0.0000010 1.6953515 0.3814457 0.4235944 0.3841173 0.1594231 0.7260143 0.3798938 0.0000010 0.0000010 0.3692770 0.3911692 0.3589537 0.1597724 0.3596021 0.3757860 0.3708740 0.3402931 1.2569342 0.0000010 0.3757212 1.1074021 1.1230021 0.3990873 0.3628850 0.0000010 0.0000010 0.3585963 0.3380706 0.3147426 0.3610540 0.3585877 1.2399135 1.2079181 0.4053932 0.1949369 0.3180841 0.3236807 0.3304333 0.3982498 0.3718806 0.3626402 0.3613491 0.2700704 0.3711949 0.0000010 0.1618073 0.0000010 0.0000010 0.0000010 0.3203671 0.3353991 0.2280551 0.0000010 0.0000010 0.2851549 1.1787638 0.3717691 0.1768641 
Helianthus_annuus_SRR9119062               0.4526256 0.3471596 0.3376698 0.4541050 0.3925836 0.2712501 0.4006081 0.2692890 0.0000000 0.4429751 0.6064855 0.3666544 0.3693102 0.3622660 0.3420627 0.3622651 0.3814885 0.6081686 0.3771949 0.3732743 0.2833657 0.2088703 0.3556328 0.2436664 0.3767743 0.3734606 0.4815325 0.3712472 0.2629680 0.3685383 0.4913680 0.5688997 0.3021524 0.3873315 0.3331337 0.4415162 0.3877318 0.3347382 0.3757232 0.5389809 0.4895620 0.2647261 0.2691559 0.3819654 0.2625348 0.2757811 0.3065422 0.3776728 0.2596712 0.2117107 0.3098953 0.3274412 0.4946077 0.3838560 0.3030703 0.2817552 0.3246929 0.3962816 0.3095050 0.4563769 0.2888575 0.5536783 0.3742261 0.5670784 0.4052979 0.5382803 0.2142092 0.4039461 0.2668047 0.4522319 0.2089804 0.2790036 0.3586076 0.2132648 0.4028494 0.3534708 0.2067556 0.2112865 0.3345866 0.3316175 0.3756495 0.3180254 
Lycapsus_tenuifolius_17                    0.0136638 0.5133719 0.4907382 0.4564677 0.3045298 0.5153111 0.4960190 0.7656622 0.4429751 0.0000000 0.5336940 0.4730871 0.4191678 0.4403292 0.4978764 0.4636516 0.4083832 0.9116802 0.4345085 0.3066591 0.3935755 0.3855552 0.5760363 0.4062181 0.4703114 0.4674553 0.7436433 0.3314230 0.9372112 0.4259531 0.6640399 0.0900185 0.4347044 0.3096391 0.4880500 0.3135780 0.5026572 0.4039389 0.4488008 0.6855996 0.3468398 0.3864517 0.2765973 0.2954840 0.3867351 0.2689168 0.3232297 0.2946239 0.3894503 0.4000246 0.4322876 0.3012146 0.4878589 0.5567821 0.3914842 0.3757214 0.4152220 0.3412965 0.4796747 0.3392073 0.5020590 0.6145998 0.4717173 0.5080560 0.4588350 0.4833008 0.4665176 0.4004492 0.4446979 0.7954094 0.3966702 0.3943197 0.4307416 0.4289961 0.4360898 0.3197768 0.4129288 0.3920467 0.4919808 0.4099623 0.3178548 0.4487600 
Pericome_caudata_50_silver                 0.5473606 0.5391205 0.6990775 0.6403697 0.8018470 0.2227821 0.6225830 0.1645882 0.6064855 0.5336940 0.0000000 0.6179295 0.6875168 0.6347778 0.6130418 0.6799171 0.7001827 0.3863946 0.6908520 0.5947129 0.5019435 0.3341204 0.5763009 0.4916644 0.7048560 0.7432305 0.5406309 0.6419714 0.0695415 0.5212037 0.5315907 0.2832082 0.5793846 0.6650880 0.6696884 0.6492564 0.4462095 0.5476535 0.6990722 0.7352196 0.6317933 0.6357870 0.5826645 0.6534823 0.6369877 0.5804428 0.5621688 0.6460810 0.6247764 0.5772384 0.6588531 0.6062555 0.6808095 0.5252770 0.4650372 0.5249499 0.5598504 0.5654364 0.2597564 0.5572561 0.4202159 0.6244234 0.6151852 0.5734333 0.6998650 0.7409600 0.3981664 0.6418450 0.8008567 0.1607360 0.7161386 0.4868731 0.6774193 0.3638450 0.6882596 0.5470611 0.6612279 0.6150867 0.4710319 0.5743838 0.6315243 0.3641528 
Perityle_aglossa_84_dead_horse             0.4559955 0.3608341 0.2488446 0.4429340 0.4027696 0.2637749 0.3730268 0.3508734 0.3666544 0.4730871 0.6179295 0.0000000 0.2384316 0.2023404 0.2434833 0.1285536 0.2887908 0.6422308 0.2456455 0.2660030 0.0543045 0.2266503 0.3185521 0.0722965 0.3161376 0.2939031 0.4269716 0.3039270 0.3193366 0.3929010 0.4192293 0.5062349 0.2420731 0.2973087 0.2189106 0.3560967 0.3650081 0.0783414 0.2268410 0.5153815 0.4989324 0.1460086 0.2816091 0.2888134 0.1540202 0.2300222 0.2791724 0.2598726 0.0758532 0.1323352 0.1883613 0.1764026 0.5072947 0.3109930 0.1345628 0.0669662 0.0925240 0.3594244 0.3880258 0.4269428 0.2703675 0.2702642 0.2472427 0.4156889 0.3507687 0.5664176 0.0960426 0.2042232 0.1585076 0.4591124 0.1196936 0.0695803 0.2883190 0.1241782 0.3317563 0.2890213 0.1316495 0.1347408 0.2638085 0.1028894 0.3018293 0.3077757 
Perityle_ajoensis_204                      0.4232827 0.3280954 0.1901781 0.4647237 0.1763829 0.2433940 0.2961691 0.3539082 0.3693102 0.4191678 0.6875168 0.2384316 0.0000000 0.0522918 0.0571874 0.2646925 0.0750420 0.6251717 0.0553928 0.0456414 0.0285352 0.1949087 0.2779639 0.0452603 0.2181112 0.0788370 0.1239296 0.1094246 0.3112297 0.3332251 0.0834100 0.0000010 0.1664700 0.0569139 0.2887870 0.1232538 0.3756739 0.2093185 0.0605170 0.0510175 0.3086821 0.0416995 0.1491032 0.0538611 0.0495353 0.0517975 0.2618120 0.0572200 0.0428254 0.0453263 0.0579675 0.2200074 0.2755364 0.3841786 0.0478486 0.0578775 0.0719187 0.2590145 0.4135717 0.2336301 0.3465888 0.5580005 0.1193495 0.2023854 0.1651234 0.3198620 0.0617492 0.0788615 0.0826262 0.5068194 0.0530319 0.0252656 0.2080078 0.0235751 0.1490900 0.2572791 0.0885393 0.0540140 0.3752003 0.0974435 0.0614359 0.3112995 
Perityle_ambrosiifolia_67_green            0.4441014 0.3513808 0.1965170 0.4856556 0.1256126 0.2593698 0.2670375 0.3727474 0.3622660 0.4403292 0.6347778 0.2023404 0.0522918 0.0000000 0.0793659 0.2628037 0.0697266 0.6143539 0.0346110 0.0362114 0.0776665 0.2164965 0.2251457 0.0633691 0.2780697 0.0644300 0.1241744 0.0998359 0.3257544 0.3616700 0.0648246 0.6330416 0.1945297 0.0339825 0.2664493 0.1415263 0.3549211 0.2121909 0.0125466 0.0373726 0.3303709 0.0964038 0.1543883 0.0303763 0.1042993 0.1091775 0.2699502 0.0405569 0.0889154 0.0708572 0.0579536 0.2061906 0.2637258 0.4022759 0.0455331 0.1023042 0.1311588 0.2124600 0.3449087 0.2537425 0.3601853 0.5548695 0.0961319 0.1703677 0.1321765 0.2529041 0.0312180 0.0384080 0.0400085 0.4837885 0.0588633 0.0913919 0.2687837 0.0395239 0.1282329 0.2707234 0.1379606 0.0815612 0.3044023 0.1595972 0.0644028 0.3416472 
Perityle_angustifolia_13_Eagle_creek       0.5019336 0.2983760 0.2168869 0.5268754 0.1161576 0.2487200 0.2910885 0.3686926 0.3420627 0.4978764 0.6130418 0.2434833 0.0571874 0.0793659 0.0000000 0.2257423 0.0463638 0.6103862 0.0823872 0.0856906 0.0519243 0.1947515 0.2857745 0.0379600 0.3642717 0.0659765 0.1084793 0.1282705 0.3214552 0.3766020 0.0562120 0.0000010 0.1803767 0.0729269 0.2593362 0.1688379 0.3412091 0.1998587 0.0818523 0.0532975 0.3297613 0.0673953 0.1588268 0.0860277 0.0797711 0.0839054 0.2490899 0.0875643 0.0622693 0.0386943 0.0664439 0.1574521 0.2528628 0.3858207 0.0409060 0.0900527 0.1054696 0.2007898 0.3085058 0.2527813 0.3615918 0.4839660 0.1144579 0.1421621 0.1118533 0.2695546 0.0533932 0.0798637 0.1200857 0.4001585 0.1215113 0.0510205 0.3568132 0.0186915 0.1219698 0.2624611 0.0910632 0.0388200 0.2718011 0.1563576 0.0612512 0.3662600 
Perityle_batopilensis_97                   0.4478072 0.3627656 0.2231039 0.4956122 0.4077804 0.2535008 0.4005707 0.3653855 0.3622651 0.4636516 0.6799171 0.1285536 0.2646925 0.2628037 0.2257423 0.0000000 0.2432385 0.6746340 0.2907906 0.3112307 0.0975834 0.2033738 0.3405908 0.0871578 0.3023152 0.2615251 0.4419318 0.3061217 0.3341488 0.3924497 0.4223622 0.5092719 0.2110097 0.3291651 0.2043832 0.3763313 0.3799369 0.0627100 0.2789150 0.5446272 0.4775900 0.0718377 0.2529644 0.3170214 0.0854072 0.1699968 0.2267481 0.3164414 0.0587768 0.0427649 0.2052417 0.1289245 0.5362636 0.3039729 0.1833231 0.1191971 0.1223793 0.4044110 0.4857724 0.4379149 0.2731580 0.3350402 0.2665780 0.4350242 0.3467319 0.6000281 0.1384765 0.2881840 0.1574483 0.4728605 0.1489591 0.0977299 0.2650911 0.1066097 0.3102280 0.2838108 0.0952518 0.0518321 0.3564861 0.1544192 0.2645499 0.3210976 
Perityle_bisetosa_9                        0.4126108 0.3264082 0.1792905 0.4551654 0.2194530 0.2484134 0.2774094 0.3605719 0.3814885 0.4083832 0.7001827 0.2887908 0.0750420 0.0697266 0.0463638 0.2432385 0.0000000 0.6226049 0.0956533 0.0845576 0.0722140 0.1947803 0.3244378 0.0476469 0.2950709 0.0800717 0.1069956 0.1372400 0.3102506 0.3347979 0.0749333 1.4521451 0.1371917 0.0971690 0.3081342 0.1389393 0.3733019 0.2553523 0.0904306 0.0816692 0.3350018 0.0667074 0.1625829 0.0954658 0.0764941 0.0810452 0.2841388 0.0871598 0.0686759 0.0417354 0.0600050 0.2029026 0.2839302 0.3911448 0.0415532 0.1055835 0.1093320 0.2174604 0.3382817 0.2334026 0.3389561 0.5821915 0.1340900 0.2195661 0.1637735 0.3364596 0.0679588 0.1091144 0.1388528 0.5742275 0.1193718 0.0682729 0.2838195 0.0334161 0.1525189 0.2824566 0.0884537 0.0555221 0.2943483 0.1541070 0.0742845 0.3276835 
Perityle_canescens_77                      0.9104222 0.9889989 0.8775246 0.8827968 0.6310859 0.3145831 0.6484179 0.1839743 0.6081686 0.9116802 0.3863946 0.6422308 0.6251717 0.6143539 0.6103862 0.6746340 0.6226049 0.0000000 0.6309324 0.6483253 0.9190098 0.8725375 0.4234591 0.9341489 0.9608859 0.6490646 0.4731991 0.6402917 0.1046084 0.8672313 0.4427673 1.0064991 0.9937847 0.6466740 0.6596174 0.6653157 0.3033205 0.6363291 0.6328542 0.5110547 0.6293306 0.9343469 0.9532492 0.6365621 0.9066158 0.9382882 0.6372623 0.6323852 0.9042117 0.9041775 0.6057957 0.6508919 0.6016756 0.5755754 0.5701377 0.9179543 0.9285414 0.6267009 0.3444850 0.5775538 0.5528539 0.7216258 0.6324222 0.6329803 0.6395104 0.6175173 0.4805233 0.6483254 0.9558681 0.1842064 0.9155330 0.9169786 0.9206992 0.4844564 0.6400914 0.4636800 0.9549141 0.9571552 0.5794125 0.9084048 0.6576590 0.3221987 
Perityle_castillonii_96                    0.4384051 0.3681632 0.1969116 0.4749192 0.2025500 0.2659921 0.2835635 0.3675975 0.3771949 0.4345085 0.6908520 0.2456455 0.0553928 0.0346110 0.0823872 0.2907906 0.0956533 0.6309324 0.0000000 0.0325994 0.0870414 0.2321733 0.2950229 0.0931445 0.2640620 0.0899464 0.1200568 0.1139314 0.3192739 0.3697742 0.0769748 0.4455783 0.1831851 0.0444472 0.2994896 0.1343717 0.4023029 0.2417718 0.0403778 0.0384970 0.3414154 0.0948221 0.1582989 0.0380533 0.1031784 0.1122472 0.2844582 0.0403713 0.0783128 0.0943053 0.0700822 0.2427471 0.2827028 0.4113912 0.0594074 0.1064763 0.1341226 0.2273672 0.3489005 0.2507147 0.3601736 0.6056537 0.1394503 0.1830518 0.1836941 0.3140336 0.0238882 0.0538441 0.0679150 0.5319021 0.0546642 0.0950363 0.2459148 0.0378697 0.1629167 0.2708398 0.1382473 0.1091420 0.3176456 0.1577499 0.0805821 0.3349190 
Perityle_cernua_84                         0.3178246 0.3642773 0.2161657 0.4327968 0.1120205 0.2795189 0.2562399 0.3677642 0.3732743 0.3066591 0.5947129 0.2660030 0.0456414 0.0362114 0.0856906 0.3112307 0.0845576 0.6483253 0.0325994 0.0000000 0.1813457 0.2435661 0.3286181 0.1987903 0.3460115 0.0931895 0.1086222 0.0929213 0.3242227 0.3788423 0.0810855 0.0928797 0.2107620 0.0299648 0.3043126 0.1042209 0.3748976 0.2795134 0.0414818 0.0364878 0.2137226 0.1130081 0.1143308 0.0356741 0.1233812 0.0807338 0.2079134 0.0349834 0.0783878 0.0931443 0.0642590 0.1585002 0.2822071 0.4124634 0.1189520 0.2005815 0.2104729 0.1713803 0.3505412 0.1964160 0.3631123 0.5098193 0.1661876 0.1874122 0.1438636 0.2821425 0.0280013 0.1110253 0.1773931 0.5276572 0.1271041 0.1855689 0.2942015 0.0477312 0.1476509 0.1979503 0.1390063 0.1019940 0.3012828 0.2337447 0.0642474 0.3470630 
Perityle_cfvillosa_25_tin                  0.3752400 0.3236835 0.1887654 0.4116224 0.2855680 0.3008517 0.4296534 0.0000010 0.2833657 0.3935755 0.5019435 0.0543045 0.0285352 0.0776665 0.0519243 0.0975834 0.0722140 0.9190098 0.0870414 0.1813457 0.0000000 0.1999926 0.2092669 0.0333244 0.2488201 0.1174681 0.4295818 0.2316505 0.0000010 0.3416729 0.0000010 0.4790160 0.2162511 0.2148062 0.2060858 0.2724076 0.1740946 0.0507499 0.1151179 0.0000010 0.5189879 0.0591847 0.2663112 0.1983816 0.0642787 0.1574597 0.2882329 0.1738932 0.0248620 0.0703465 0.0605429 0.1792711 0.4454098 0.4259103 0.0465197 0.0054133 0.0056605 0.2959867 0.2288044 0.4134879 0.3754938 0.3749162 0.1344429 0.2877950 0.1402533 0.4812096 0.0796643 0.0947564 0.1572817 0.5682413 0.1225720 0.0092290 0.2438306 0.0000010 0.1267219 0.2242003 0.0887219 0.0737668 0.2175275 0.0133088 0.2054018 0.3303839 
Perityle_cinerea_113_Powell1310            0.3999713 0.1617894 0.2326513 0.3124160 0.2162211 0.1241391 0.2983906 0.0000010 0.2088703 0.3855552 0.3341204 0.2266503 0.1949087 0.2164965 0.1947515 0.2033738 0.1947803 0.8725375 0.2321733 0.2435661 0.1999926 0.0000000 0.2270497 0.2002544 0.0243556 0.1921516 0.9218761 0.2402695 0.0000010 0.2420879 0.0000010 0.0000010 0.2277339 0.2108377 0.2471501 0.0089372 0.2156595 0.2030868 0.2164965 0.0000010 0.2794126 0.1999926 0.2528146 0.2103438 0.2058516 0.2165979 0.2471501 0.2320568 0.2239252 0.1947515 0.1895727 0.1947515 0.2802117 0.0911644 0.2209451 0.1999926 0.1999926 0.2205719 0.1574267 0.2992063 0.0748172 0.0302759 0.2393111 0.2547936 0.2010847 0.3216688 0.2380208 0.2323745 0.2270497 0.0000010 0.2250979 0.1999926 0.0243040 0.1999926 0.2102452 0.2038269 0.2225707 0.2048140 0.2095095 0.2112358 0.1955637 0.2924497 
Perityle_coahuilensis_24                   0.5585407 0.3612725 0.2694415 0.6415333 0.4699713 0.1801793 0.4290678 0.1785222 0.3556328 0.5760363 0.5763009 0.3185521 0.2779639 0.2251457 0.2857745 0.3405908 0.3244378 0.4234591 0.2950229 0.3286181 0.2092669 0.2270497 0.0000000 0.2140112 0.3228299 0.2903593 0.4722076 0.3446114 0.0907333 0.3985779 0.4834628 0.8749695 0.2652279 0.3420599 0.3488613 0.4479297 0.3075792 0.2969349 0.2406849 0.5835917 0.5650360 0.1450057 0.3143914 0.3516393 0.1541442 0.2475610 0.3567031 0.3244928 0.0909143 0.1089604 0.2262481 0.3142268 0.5485217 0.4218534 0.2209154 0.2225296 0.2627631 0.4665205 0.3596721 0.5245474 0.3733118 0.6959177 0.3823331 0.5947028 0.3659400 0.5697456 0.1155812 0.3675727 0.0037480 0.2335055 0.1180803 0.2375685 0.2833460 0.1632827 0.3448225 0.2575700 0.1487787 0.1116854 0.4188858 0.2843966 0.3431098 0.2531818 
Perityle_cochisensis_44_cave_creek         0.3854902 0.3324679 0.1812891 0.4204881 0.2472415 0.3012106 0.3882305 0.0000010 0.2436664 0.4062181 0.4916644 0.0722965 0.0452603 0.0633691 0.0379600 0.0871578 0.0476469 0.9341489 0.0931445 0.1987903 0.0333244 0.2002544 0.2140112 0.0000000 0.3093125 0.0981052 0.4374359 0.2253652 0.0000010 0.3427809 0.0000010 0.4769665 0.2064751 0.2329265 0.1949520 0.3076453 0.1792848 0.0469568 0.0892456 0.0000010 0.4943905 0.0733826 0.2581975 0.2097862 0.0802168 0.1733896 0.2798240 0.1956009 0.0434211 0.0385913 0.0433711 0.1577764 0.4634035 0.4224189 0.0405125 0.0329127 0.0341275 0.2648205 0.1591109 0.4245841 0.3765639 0.3264951 0.1267489 0.2526191 0.1102433 0.4637493 0.0796310 0.0849760 0.1588849 0.4686607 0.1504276 0.0361573 0.3034718 0.0194921 0.1079903 0.2064068 0.0861124 0.0376502 0.1288838 0.0330351 0.1910755 0.3641615 
Perityle_congesta_202                      0.4775778 0.3303666 0.3578452 0.5553183 0.4117102 0.2097907 0.4582467 1.6953515 0.3767743 0.4703114 0.7048560 0.3161376 0.2181112 0.2780697 0.3642717 0.3023152 0.2950709 0.9608859 0.2640620 0.3460115 0.2488201 0.0243556 0.3228299 0.3093125 0.0000000 0.3012091 0.5736826 0.3652588 0.9305973 0.3603887 0.3398268 1.0958681 0.3211450 0.3320763 0.3769550 0.1063954 0.4071004 0.2975391 0.2593774 0.4066636 0.6107939 0.2109435 0.4365661 0.3100998 0.2084192 0.2620484 0.4289258 0.3255958 0.2102246 0.2890214 0.2507392 0.3512864 0.5333334 0.2265686 0.2950899 0.2079203 0.2450497 0.4475214 0.3975866 0.5923205 0.1391238 0.3259100 0.3428075 0.5560421 0.3784786 0.5507637 0.3154711 0.3663394 0.2918062 0.6450578 0.1553389 0.2732503 0.0612390 0.2175523 0.3304062 0.4127837 0.3399086 0.2839200 0.4493690 0.2119444 0.3421143 0.3960977 
Perityle_cordifolia_27                     0.4708157 0.3262230 0.2212774 0.5205838 0.2245527 0.2614387 0.3009735 0.3814457 0.3734606 0.4674553 0.7432305 0.2939031 0.0788370 0.0644300 0.0659765 0.2615251 0.0800717 0.6490646 0.0899464 0.0931895 0.1174681 0.1921516 0.2903593 0.0981052 0.3012091 0.0000000 0.1383939 0.1425204 0.3402901 0.3559319 0.0930151 0.7784630 0.1783118 0.1133799 0.3028148 0.1736345 0.3716826 0.2461942 0.0773826 0.0720701 0.3709013 0.0860855 0.2204558 0.1104558 0.0953460 0.1270838 0.3032203 0.1074469 0.0777570 0.0445454 0.0237908 0.2257754 0.2950749 0.4203550 0.0768052 0.1497623 0.1539647 0.2973512 0.4405813 0.2721819 0.3501400 0.5950698 0.1689335 0.2049678 0.1597861 0.3499673 0.0726663 0.1327934 0.1285608 0.5303169 0.1169877 0.1145816 0.2811745 0.0251396 0.1512069 0.2837862 0.1095227 0.0572853 0.3894341 0.1995704 0.0707814 0.3500567 
Perityle_cordifolia_68_tecolote            0.7598471 0.6068179 0.6063194 0.8137415 0.2012781 0.3262108 0.2493796 0.4235944 0.4815325 0.7436433 0.5406309 0.4269716 0.1239296 0.1241744 0.1084793 0.4419318 0.1069956 0.4731991 0.1200568 0.1086222 0.4295818 0.9218761 0.4722076 0.4374359 0.5736826 0.1383939 0.0000000 0.1849239 0.3661720 0.6256759 0.1084090 0.0000010 0.7600080 0.1249501 0.4453745 0.1248946 0.4311493 0.4258881 0.1306861 0.0938305 0.2388595 0.5519067 0.5887120 0.1287946 0.5368962 0.5771750 0.4335520 0.1195159 0.4535109 0.4374359 0.1324252 0.4149962 0.2234598 0.4107001 0.1036410 0.5833807 0.6158498 0.2361182 0.4280926 0.2140800 0.3751623 0.3926606 0.1927807 0.1346635 0.2085620 0.2259735 0.1083273 0.1181268 0.4501434 0.4093508 0.4501434 0.4175816 0.6703185 0.1093022 0.2103903 0.4751737 0.5424283 0.4920997 0.4369426 0.6207519 0.1380579 0.3800053 
Perityle_coronopifolia_28_patagonia        0.3370259 0.3652052 0.2076077 0.4349323 0.1511152 0.2705244 0.3083228 0.3841173 0.3712472 0.3314230 0.6419714 0.3039270 0.1094246 0.0998359 0.1282705 0.3061217 0.1372400 0.6402917 0.1139314 0.0929213 0.2316505 0.2402695 0.3446114 0.2253652 0.3652588 0.1425204 0.1849239 0.0000000 0.3443146 0.3518294 0.0922771 0.1076284 0.1710085 0.1117011 0.3130601 0.1696729 0.3968667 0.2993220 0.1235206 0.1156107 0.2029512 0.1448574 0.1053206 0.1153499 0.1554148 0.1161596 0.1863734 0.0989914 0.1155439 0.1118876 0.1075079 0.1852184 0.2755503 0.4117117 0.1637205 0.2457663 0.2483973 0.1434462 0.3956706 0.1987796 0.3513419 0.5593528 0.1171007 0.2525063 0.1743467 0.3245307 0.0726043 0.1951377 0.2152708 0.5253589 0.1641114 0.2345196 0.3263630 0.0625100 0.1679111 0.1842809 0.1499620 0.1186927 0.3092711 0.2727382 0.1169277 0.3360772 
Perityle_crassifolia_70_ventanas           0.9662822 0.0000010 0.5741948 1.0453618 0.3040137 0.0691251 0.2951997 0.1594231 0.2629680 0.9372112 0.0695415 0.3193366 0.3112297 0.3257544 0.3214552 0.3341488 0.3102506 0.1046084 0.3192739 0.3242227 0.0000010 0.0000010 0.0907333 0.0000010 0.9305973 0.3402901 0.3661720 0.3443146 0.0000000 0.8873193 0.3293228 0.0000010 0.0000010 0.3219829 0.3624505 0.3193723 0.0939362 0.3139560 0.3214331 0.3207171 0.3003335 1.4986583 0.0000010 0.3262562 0.9819177 1.0052410 0.3620168 0.3155049 0.2123506 0.0000010 0.3291548 0.3269545 0.2651273 0.3377029 0.3236251 1.0767511 1.0581967 0.3504103 0.1087883 0.2653696 0.2677513 0.3028371 0.3409928 0.3313284 0.3153537 0.3154803 0.2454518 0.3210427 0.0000010 0.0000010 0.0000010 0.0000010 0.0000010 0.2783982 0.3041667 0.1480296 0.0000010 0.0000010 0.2466098 0.9993959 0.3242838 0.0898887 
Perityle_crassifolia_74_playa_balandra     0.4194954 0.2868805 0.3427599 0.3180558 0.3541280 0.2561445 0.3062944 0.7260143 0.3685383 0.4259531 0.5212037 0.3929010 0.3332251 0.3616700 0.3766020 0.3924497 0.3347979 0.8672313 0.3697742 0.3788423 0.3416729 0.2420879 0.3985779 0.3427809 0.3603887 0.3559319 0.6256759 0.3518294 0.8873193 0.0000000 0.7225147 0.0000010 0.3146739 0.3523890 0.3811058 0.3812206 0.3863385 0.3950712 0.3712438 0.5129132 0.3558811 0.3631509 0.3339923 0.3545342 0.3695161 0.3743103 0.3912342 0.3568854 0.3384778 0.3424510 0.3571429 0.3950375 0.3076461 0.4376157 0.3520721 0.3284818 0.3631509 0.3669921 0.3212470 0.3236602 0.4495849 0.4467351 0.3744489 0.3727527 0.3804099 0.3431595 0.3627943 0.3511486 0.3587141 0.7785695 0.2616532 0.3416729 0.3544729 0.3420893 0.3880703 0.3811627 0.3449317 0.3472028 0.3271767 0.3518392 0.4016645 0.3192181 
Perityle_cuneata_34_cuneata_San_antonio    0.6514243 0.0000010 0.5144649 0.6459817 0.1442889 0.2254363 0.1515338 0.3798938 0.4913680 0.6640399 0.5315907 0.4192293 0.0834100 0.0648246 0.0562120 0.4223622 0.0749333 0.4427673 0.0769748 0.0810855 0.0000010 0.0000010 0.4834628 0.0000010 0.3398268 0.0930151 0.1084090 0.0922771 0.3293228 0.7225147 0.0000000 0.0000010 0.0000010 0.0813951 0.4495982 0.0819485 0.4730546 0.4161254 0.0842137 0.0773278 0.1096578 0.7147970 0.0000010 0.0834477 0.6882019 0.7225555 0.4626686 0.0767178 0.2154661 0.0000010 0.0823397 0.4055993 0.0960757 0.3617012 0.0747570 0.7710569 0.7751723 0.1654817 0.3627637 0.0933000 0.3369679 0.3925354 0.0928378 0.0888510 0.1175574 0.1402113 0.0533808 0.0793343 0.0000010 0.5159492 0.0000010 0.0000010 0.0000010 0.0626715 0.1351217 0.4240329 0.0000010 0.0000010 0.2746997 0.7021884 0.0773343 0.3267467 
Perityle_cuneata_4                         0.0997317 0.0000010 0.7339447 0.4022061 0.0949127 1.2921349 0.0000010 0.0000010 0.5688997 0.0900185 0.2832082 0.5062349 0.0000010 0.6330416 0.0000010 0.5092719 1.4521451 1.0064991 0.4455783 0.0928797 0.4790160 0.0000010 0.8749695 0.4769665 1.0958681 0.7784630 0.0000010 0.1076284 0.0000010 0.0000010 0.0000010 0.0000000 0.5040999 0.0931755 0.5177074 0.1076839 1.3160177 0.4320134 0.7007222 0.0000010 0.0928852 0.9701625 0.1013532 0.1018075 0.8514030 0.1049038 0.0931738 0.0840310 0.0000010 0.6684711 0.0000010 0.0925003 0.8905977 0.7931346 0.3544594 0.4653690 0.4818772 0.1235795 1.2672129 0.1304752 0.0000010 0.5003954 0.5338226 0.4563806 0.0000010 0.7084201 0.0000010 0.4279680 0.7925961 0.0000010 0.9307151 0.4791524 0.7064999 0.0000010 0.8720433 0.1029391 0.0000010 1.4521451 0.5410860 0.4849082 0.1105053 0.0000010 
Perityle_discoidea_81                      0.4130105 0.3948506 0.0731743 0.4315546 0.2253771 0.3039084 0.3796797 0.0000010 0.3021524 0.4347044 0.5793846 0.2420731 0.1664700 0.1945297 0.1803767 0.2110097 0.1371917 0.9937847 0.1831851 0.2107620 0.2162511 0.2277339 0.2652279 0.2064751 0.3211450 0.1783118 0.7600080 0.1710085 0.0000010 0.3146739 0.0000010 0.5040999 0.0000000 0.2305112 0.1969374 0.2901676 0.2038327 0.1684102 0.1991345 0.0000010 0.4779248 0.1656378 0.2318044 0.1891168 0.1670777 0.2128018 0.2310797 0.1985431 0.1752528 0.1550543 0.1719866 0.1824377 0.4282252 0.5114877 0.1536293 0.1879883 0.2162384 0.2269434 0.2723522 0.3881832 0.4051400 0.6265074 0.2289470 0.5160623 0.2188436 0.4939287 0.1897175 0.2429593 0.2154069 0.5912771 0.1961721 0.2177497 0.3263410 0.1388293 0.1642853 0.1624125 0.1796775 0.1663088 0.1897302 0.2032708 0.2148437 0.3659578 
Perityle_dissecta_201                      0.2973750 0.3467173 0.2249200 0.4288101 0.1740742 0.2631847 0.2900372 0.3692770 0.3873315 0.3096391 0.6650880 0.2973087 0.0569139 0.0339825 0.0729269 0.3291651 0.0971690 0.6466740 0.0444472 0.0299648 0.2148062 0.2108377 0.3420599 0.2329265 0.3320763 0.1133799 0.1249501 0.1117011 0.3219829 0.3523890 0.0813951 0.0931755 0.2305112 0.0000000 0.3070088 0.0962230 0.3954153 0.2819011 0.0538445 0.0409963 0.2208634 0.1131951 0.1131596 0.0414916 0.1262755 0.0758260 0.2039327 0.0312660 0.0715481 0.1035121 0.0733051 0.1664753 0.3033045 0.4138720 0.1229460 0.2058990 0.2347483 0.1999191 0.4030769 0.1916374 0.3546028 0.5797063 0.2361330 0.2345847 0.1822905 0.3505525 0.0284878 0.1345333 0.1662201 0.5241531 0.1164576 0.2249117 0.2726109 0.0428370 0.1609898 0.1954666 0.1364552 0.1118234 0.3557567 0.2544184 0.0772096 0.3230566 
Perityle_feddemae_99                       0.4955845 0.3776208 0.2081432 0.5176438 0.3376848 0.2705574 0.4005624 0.3911692 0.3331337 0.4880500 0.6696884 0.2189106 0.2887870 0.2664493 0.2593362 0.2043832 0.3081342 0.6596174 0.2994896 0.3043126 0.2060858 0.2471501 0.3488613 0.1949520 0.3769550 0.3028148 0.4453745 0.3130601 0.3624505 0.3811058 0.4495982 0.5177074 0.1969374 0.3070088 0.0000000 0.4236991 0.3631545 0.1988750 0.2886282 0.4997423 0.4629673 0.1802283 0.0788789 0.3147403 0.1929155 0.2214455 0.0700609 0.3145422 0.1615099 0.1396281 0.2455129 0.2121823 0.5117299 0.3313898 0.2718276 0.2528463 0.2604047 0.3045185 0.3498403 0.4356628 0.2959738 0.4668300 0.3335839 0.5520872 0.3366780 0.5532300 0.1811616 0.3506346 0.2081687 0.5034856 0.2081524 0.2126723 0.3472602 0.1681920 0.3076414 0.2572208 0.1353329 0.1424111 0.2528958 0.3059570 0.3050672 0.3262627 
Perityle_fosteri_93                        0.3188259 0.3312623 0.3812917 0.4173234 0.2006263 0.2344176 0.3156478 0.3589537 0.4415162 0.3135780 0.6492564 0.3560967 0.1232538 0.1415263 0.1688379 0.3763313 0.1389393 0.6653157 0.1343717 0.1042209 0.2724076 0.0089372 0.4479297 0.3076453 0.1063954 0.1736345 0.1248946 0.1696729 0.3193723 0.3812206 0.0819485 0.1076839 0.2901676 0.0962230 0.4236991 0.0000000 0.4928371 0.3450867 0.1474392 0.0405039 0.2291196 0.2519667 0.2147127 0.0998780 0.2595136 0.1547200 0.2770011 0.0959589 0.2138556 0.2796185 0.1469223 0.2195467 0.2998653 0.2848397 0.1935462 0.2665423 0.2959372 0.2499674 0.4125489 0.2113103 0.2116608 0.3553992 0.2637940 0.2056841 0.2440957 0.3405142 0.1834599 0.2010829 0.3621140 0.5461859 0.2185295 0.2821086 0.0791172 0.1187906 0.2251507 0.2724320 0.3454356 0.2771023 0.4469960 0.2947654 0.1172945 0.3436679 
Perityle_gamon_221                         0.5294410 0.3762262 0.2522289 0.5421744 0.5078352 0.1955824 0.4030415 0.1597724 0.3877318 0.5026572 0.4462095 0.3650081 0.3756739 0.3549211 0.3412091 0.3799369 0.3733019 0.3033205 0.4023029 0.3748976 0.1740946 0.2156595 0.3075792 0.1792848 0.4071004 0.3716826 0.4311493 0.3968667 0.0939362 0.3863385 0.4730546 1.3160177 0.2038327 0.3954153 0.3631545 0.4928371 0.0000000 0.3275994 0.3734273 0.6192911 0.5019971 0.2052666 0.2266538 0.4311626 0.2103543 0.2424215 0.3176909 0.3962930 0.1898772 0.1653557 0.3110934 0.3667148 0.5284218 0.4433043 0.2465751 0.2187898 0.2549814 0.4660359 0.2720599 0.4519070 0.3656694 0.6165733 0.3840530 0.5849592 0.4152045 0.5967558 0.1727359 0.4190095 0.1973846 0.1392731 0.1728216 0.1933502 0.3628117 0.1760179 0.3958924 0.2724159 0.1733039 0.1777971 0.4419079 0.2725342 0.3880663 0.2226555 
Perityle_gentryi_8_san_francisco           0.4080231 0.3724154 0.2263499 0.4337654 0.3550767 0.2391638 0.3866760 0.3596021 0.3347382 0.4039389 0.5476535 0.0783414 0.2093185 0.2121909 0.1998587 0.0627100 0.2553523 0.6363291 0.2417718 0.2795134 0.0507499 0.2030868 0.2969349 0.0469568 0.2975391 0.2461942 0.4258881 0.2993220 0.3139560 0.3950712 0.4161254 0.4320134 0.1684102 0.2819011 0.1988750 0.3450867 0.3275994 0.0000000 0.2544824 0.4612354 0.4413667 0.1396883 0.2493510 0.2924304 0.1511955 0.1965016 0.2154246 0.2848386 0.0619182 0.1024678 0.1477070 0.1561659 0.4743241 0.2976174 0.1273348 0.0653264 0.0875546 0.3556217 0.3172394 0.4178086 0.2730912 0.3102020 0.2197332 0.4041753 0.3128329 0.5250734 0.1404487 0.2132103 0.1838945 0.4528390 0.1534161 0.0579960 0.2758659 0.1084073 0.2959391 0.2718257 0.1038636 0.1035860 0.2224062 0.1020710 0.2675224 0.3239165 
Perityle_gilensis_22_Superstition          0.4525178 0.3513808 0.2028956 0.4861652 0.1857605 0.2635031 0.2810839 0.3757860 0.3757232 0.4488008 0.6990722 0.2268410 0.0605170 0.0125466 0.0818523 0.2789150 0.0904306 0.6328542 0.0403778 0.0414818 0.1151179 0.2164965 0.2406849 0.0892456 0.2593774 0.0773826 0.1306861 0.1235206 0.3214331 0.3712438 0.0842137 0.7007222 0.1991345 0.0538445 0.2886282 0.1474392 0.3734273 0.2544824 0.0000000 0.0451188 0.3442919 0.1041111 0.1655094 0.0372475 0.1109924 0.1176119 0.2926062 0.0525231 0.0874383 0.0822944 0.0740519 0.2267666 0.2874350 0.4106457 0.0513213 0.1316739 0.1531277 0.2547505 0.4263247 0.2571379 0.3695639 0.6271673 0.1229005 0.2138224 0.1594935 0.3171462 0.0312415 0.0797545 0.0628916 0.5232599 0.0630880 0.1261812 0.2616262 0.0444856 0.1515906 0.2716625 0.1398060 0.0893643 0.3582199 0.1786348 0.0904438 0.3484561 
Perityle_gilensis_salensis_225             0.6710549 0.0000010 0.4911239 0.5328122 0.2019942 0.2250172 0.1519071 0.3708740 0.5389809 0.6855996 0.7352196 0.5153815 0.0510175 0.0373726 0.0532975 0.5446272 0.0816692 0.5110547 0.0384970 0.0364878 0.0000010 0.0000010 0.5835917 0.0000010 0.4066636 0.0720701 0.0938305 0.1156107 0.3207171 0.5129132 0.0773278 0.0000010 0.0000010 0.0409963 0.4997423 0.0405039 0.6192911 0.4612354 0.0451188 0.0000000 0.1326689 0.4611000 0.0000010 0.0399249 0.4926421 0.4875384 0.4698625 0.0206989 0.3032782 0.0000010 0.0336288 0.4755460 0.1904561 0.3725791 0.0267819 0.5473276 0.6429961 0.2798289 0.4840686 0.1082132 0.3280587 0.4971858 0.1498445 0.0458951 0.1953602 0.2228178 0.0157738 0.0399079 0.7093774 0.5184603 0.0000010 0.0000010 0.0000010 0.0214561 0.1763297 0.4723849 0.0000010 0.0000010 0.5135599 0.6317423 0.0566748 0.3011428 
Perityle_glaucescens_94                    0.3549566 0.4198336 0.5349586 0.4906821 0.2393037 0.3193523 0.3596266 0.3402931 0.4895620 0.3468398 0.6317933 0.4989324 0.3086821 0.3303709 0.3297613 0.4775900 0.3350018 0.6293306 0.3414154 0.2137226 0.5189879 0.2794126 0.5650360 0.4943905 0.6107939 0.3709013 0.2388595 0.2029512 0.3003335 0.3558811 0.1096578 0.0928852 0.4779248 0.2208634 0.4629673 0.2291196 0.5019971 0.4413667 0.3442919 0.1326689 0.0000000 0.5676931 0.1858529 0.2225154 0.5799712 0.3065760 0.1967084 0.2134471 0.5143579 0.5217076 0.3351207 0.2964879 0.2597235 0.4917273 0.2773471 0.4642560 0.5488307 0.2455489 0.4311797 0.1878561 0.3817459 0.5793685 0.4156918 0.3816540 0.3293594 0.3034233 0.2619828 0.3679293 0.5907682 0.3806049 0.4936486 0.5298240 0.5548299 0.2044304 0.3152488 0.2780824 0.5117541 0.5245887 0.4630022 0.5136811 0.2243319 0.2798393 
Perityle_gracilis_11                       0.3902605 0.3202625 0.1666901 0.4704786 0.2192100 0.2736983 0.4362681 1.2569342 0.2647261 0.3864517 0.6357870 0.1460086 0.0416995 0.0964038 0.0673953 0.0718377 0.0667074 0.9343469 0.0948221 0.1130081 0.0591847 0.1999926 0.1450057 0.0733826 0.2109435 0.0860855 0.5519067 0.1448574 1.4986583 0.3631509 0.7147970 0.9701625 0.1656378 0.1131951 0.1802283 0.2519667 0.2052666 0.1396883 0.1041111 0.4611000 0.5676931 0.0000000 0.1814355 0.1220942 0.0084235 0.0275174 0.2161842 0.1122589 0.0262595 0.0300052 0.0754743 0.0873422 0.4579178 0.4520742 0.0839859 0.0635594 0.0531839 0.2426678 0.3152741 0.4533492 0.4110093 0.6835011 0.1428594 0.5200463 0.1478805 0.4713112 0.0769420 0.1605119 0.1145232 0.8010488 0.0892934 0.0579262 0.2231623 0.0312797 0.1298777 0.1874151 0.0856748 0.0448749 0.2324505 0.0774600 0.0869578 0.3734426 
Perityle_harkerae_31                       0.2788520 0.4117605 0.2017526 0.4337764 0.1036673 0.3435268 0.3953442 0.0000010 0.2691559 0.2765973 0.5826645 0.2816091 0.1491032 0.1543883 0.1588268 0.2529644 0.1625829 0.9532492 0.1582989 0.1143308 0.2663112 0.2528146 0.3143914 0.2581975 0.4365661 0.2204558 0.5887120 0.1053206 0.0000010 0.3339923 0.0000010 0.1013532 0.2318044 0.1131596 0.0788789 0.2147127 0.2266538 0.2493510 0.1655094 0.0000010 0.1858529 0.1814355 0.0000000 0.1189316 0.1888848 0.1265639 0.0324992 0.1156724 0.1660287 0.1472903 0.1765631 0.1153364 0.4929787 0.4757726 0.1945132 0.2505976 0.2655711 0.1258480 0.2867458 0.2436728 0.4176553 0.5699043 0.2945943 0.5372097 0.1792516 0.5042796 0.1355146 0.2531196 0.2775564 0.6527698 0.2723210 0.2630916 0.3907096 0.1174229 0.1413657 0.1076513 0.1416051 0.1590703 0.1921656 0.2687223 0.1224060 0.3595919 
Perityle_huecosensis_48                    0.3009681 0.3602966 0.2232390 0.4128772 0.1578655 0.2610082 0.2705403 0.3757212 0.3819654 0.2954840 0.6534823 0.2888134 0.0538611 0.0303763 0.0860277 0.3170214 0.0954658 0.6365621 0.0380533 0.0356741 0.1983816 0.2103438 0.3516393 0.2097862 0.3100998 0.1104558 0.1287946 0.1153499 0.3262562 0.3545342 0.0834477 0.1018075 0.1891168 0.0414916 0.3147403 0.0998780 0.4311626 0.2924304 0.0372475 0.0399249 0.2225154 0.1220942 0.1189316 0.0000000 0.1318437 0.0835859 0.2101645 0.0375645 0.0777735 0.1047902 0.0677241 0.1735926 0.3058829 0.4074912 0.1237818 0.2114357 0.2209527 0.2072537 0.4019784 0.1934049 0.3624540 0.5540738 0.2061447 0.1913533 0.1878677 0.3235686 0.0296495 0.1262315 0.1830936 0.5293811 0.1221204 0.2023024 0.2560203 0.0429050 0.1680860 0.2019446 0.1441940 0.1085167 0.3677700 0.2447402 0.0807548 0.3358878 
Perityle_intricata_59_Clark_mtns           0.3905159 0.3285681 0.1745021 0.4781943 0.2284377 0.2844451 0.4360127 1.1074021 0.2625348 0.3867351 0.6369877 0.1540202 0.0495353 0.1042993 0.0797711 0.0854072 0.0764941 0.9066158 0.1031784 0.1233812 0.0642787 0.2058516 0.1541442 0.0802168 0.2084192 0.0953460 0.5368962 0.1554148 0.9819177 0.3695161 0.6882019 0.8514030 0.1670777 0.1262755 0.1929155 0.2595136 0.2103543 0.1511955 0.1109924 0.4926421 0.5799712 0.0084235 0.1888848 0.1318437 0.0000000 0.0325898 0.2267543 0.1265640 0.0285443 0.0349703 0.0827600 0.1000430 0.4630725 0.4537853 0.0943664 0.0664834 0.0538740 0.2553242 0.3363207 0.4608161 0.4264410 0.6935634 0.1533829 0.5237501 0.1570720 0.4783075 0.0840833 0.1710664 0.1196094 0.7311811 0.0989120 0.0661240 0.2231350 0.0433998 0.1412771 0.1961554 0.0885863 0.0499646 0.2484071 0.0800776 0.0985099 0.3842664 
Perityle_inyoensis_9_pleasant              0.2702967 0.3279130 0.1968188 0.4353342 0.1593041 0.3175151 0.4478776 1.1230021 0.2757811 0.2689168 0.5804428 0.2300222 0.0517975 0.1091775 0.0839054 0.1699968 0.0810452 0.9382882 0.1122472 0.0807338 0.1574597 0.2165979 0.2475610 0.1733896 0.2620484 0.1270838 0.5771750 0.1161596 1.0052410 0.3743103 0.7225555 0.1049038 0.2128018 0.0758260 0.2214455 0.1547200 0.2424215 0.1965016 0.1176119 0.4875384 0.3065760 0.0275174 0.1265639 0.0835859 0.0325898 0.0000000 0.1522126 0.0764492 0.0308894 0.0371807 0.0910598 0.0621977 0.4867357 0.4668571 0.1581813 0.1492403 0.1374836 0.1829894 0.3725858 0.2630339 0.4344762 0.5748642 0.2196536 0.4882663 0.1665268 0.4987222 0.0938853 0.2133010 0.1854803 0.7718003 0.1469038 0.1534260 0.2396690 0.0562153 0.1447240 0.1409056 0.0916599 0.0524806 0.2618387 0.1571563 0.0694444 0.3971943 
