84
Amauria_brandeegeana_62                    0.0000000 0.0456359 0.0293366 0.2109701 0.0708166 0.0382956 0.1848848 0.1121205 0.3085497 0.0432854 0.1166221 0.0964827 0.0989881 0.0956034 0.0837307 0.0785460 0.0918727 0.1439699 0.0843799 0.0899712 0.0815466 0.0839398 0.1010493 0.0943781 0.0772817 0.1125481 0.0981417 0.1402384 0.1104784 0.1181247 0.0765072 0.1000415 0.1805796 0.0493625 0.0908759 0.1336838 0.0724126 0.0958631 0.1104308 0.0992959 0.0919862 0.0913444 0.0906190 0.1024486 0.1027610 0.1109130 0.0972453 0.1781849 0.0980182 0.0849097 0.1382849 0.1015650 0.1287432 0.0801230 0.0972688 0.0880513 0.0811461 0.1021008 0.1339896 0.1372435 0.0812380 0.1503682 0.0685860 0.0997517 0.1054430 0.1077038 0.0942431 0.0938921 0.0812218 0.0839330 0.0936688 0.1111095 0.1128852 0.1015888 0.0757912 0.0711989 0.0886676 0.1081416 0.0977418 0.0896907 0.1095165 0.1206820 0.0914007 0.0894341 
Amauria_carterae_99_mesa                   0.0456359 0.0000000 0.0340715 0.2051876 0.0600445 0.0265998 0.1732499 0.1084443 0.2222732 0.0559154 0.0749796 0.0771969 0.0717598 0.0701978 0.0740550 0.0757348 0.0815865 0.1540708 0.0690636 0.0824109 0.0653053 0.0732277 0.0951037 0.0748168 0.0707791 0.0789116 0.0733559 0.0757207 0.0791099 0.0713463 0.0786707 0.0798160 0.0715109 0.0545971 0.0747457 0.0821352 0.0767658 0.0761867 0.0771320 0.0719106 0.0685077 0.0825938 0.0732481 0.0796856 0.0772164 0.0851669 0.0775221 0.1065897 0.0769936 0.0754598 0.0712045 0.0662388 0.0728474 0.0723482 0.0774511 0.0782587 0.0805162 0.0807494 0.0782762 0.0801026 0.0764263 0.0886066 0.0629700 0.0676742 0.0785541 0.0718625 0.0716279 0.0677849 0.0822439 0.0825974 0.0745085 0.0734424 0.0783839 0.0749372 0.0821952 0.0670635 0.0664078 0.0754573 0.0705524 0.0721828 0.0978454 0.0772118 0.0815318 0.0743532 
Amauria_rotundifolia_SRR9119150            0.0293366 0.0340715 0.0000000 0.1980457 0.0650011 0.0344138 0.1651013 0.1006412 0.2766618 0.0377891 0.0983504 0.0897436 0.0910348 0.0865930 0.0767321 0.0679050 0.0869449 0.1348966 0.0767515 0.0835871 0.0776201 0.0793459 0.0945371 0.0873267 0.0756389 0.1093585 0.0851587 0.1165718 0.0979721 0.0989675 0.0702098 0.0811401 0.1555225 0.0403836 0.0880257 0.1217577 0.0675434 0.0951119 0.0994760 0.0906346 0.0843473 0.0907702 0.0846654 0.0951349 0.0932514 0.1099623 0.0887553 0.1366032 0.0928587 0.0830930 0.1256772 0.1010541 0.0974754 0.0780082 0.0885015 0.0806674 0.0724250 0.0900495 0.1108248 0.1015566 0.0696248 0.1300039 0.0567681 0.0905702 0.0981426 0.0944447 0.0826334 0.0817118 0.0799397 0.0800358 0.0865618 0.0971923 0.0914368 0.0934465 0.0721265 0.0610411 0.0786362 0.0974515 0.0905640 0.0862326 0.0910347 0.1088592 0.0829423 0.0824720 
Conoclinium_coelestinum_SRR9119114         0.2109701 0.2051876 0.1980457 0.0000000 0.2031680 0.0999493 0.1657525 0.1793116 0.3135860 0.2074841 0.2114299 0.2106735 0.2066954 0.2083935 0.2047449 0.2032462 0.2062628 0.2540543 0.2079667 0.2110912 0.2008979 0.2054938 0.2137656 0.2113872 0.2148856 0.2093505 0.2143730 0.2079997 0.2192310 0.2247445 0.2464083 0.2052083 0.2624642 0.2109140 0.2073127 0.2147039 0.2163907 0.2107686 0.2047352 0.2068256 0.2014849 0.2214839 0.2031733 0.2171488 0.2038647 0.2091116 0.2100414 0.2387452 0.2159249 0.2118004 0.2046789 0.2393201 0.2155217 0.2058137 0.2140149 0.2234530 0.2094122 0.2097015 0.2120429 0.2128666 0.1899146 0.2256763 0.2081059 0.2062686 0.2157475 0.2209372 0.2104533 0.2160001 0.1566698 0.2145298 0.2104128 0.2248483 0.2088961 0.2102767 0.2155866 0.1858429 0.2152722 0.2169192 0.2090525 0.2011313 0.2376240 0.2071942 0.1834923 0.2325174 
Eutetras_palmeri_63                        0.0708166 0.0600445 0.0650011 0.2031680 0.0000000 0.0037445 0.1858619 0.0925499 0.2731726 0.0639467 0.0601863 0.0796459 0.0765741 0.0753489 0.0659625 0.0602121 0.0761682 0.1450669 0.0729333 0.0760806 0.0669314 0.0705521 0.0754777 0.0768142 0.0625064 0.0900042 0.0768170 0.0932671 0.0875376 0.0843953 0.0709776 0.0736356 0.1609758 0.0675088 0.0745526 0.0867339 0.0586986 0.0763279 0.0913701 0.0750056 0.0729493 0.0702828 0.0721366 0.0792843 0.0780513 0.0848309 0.0775057 0.1209267 0.0762443 0.0724094 0.0939026 0.0825346 0.0807351 0.0687770 0.0765087 0.0706023 0.0624750 0.0778126 0.0858860 0.1153992 0.0592430 0.1212740 0.0459306 0.0760986 0.0901502 0.0808491 0.0602631 0.0525832 0.0688590 0.0696296 0.0761004 0.0879640 0.0799290 0.0777085 0.0619569 0.0490396 0.0538869 0.0808721 0.0755567 0.0733181 0.0901572 0.0883701 0.0664312 0.0709738 
Eutetras_pringlei_149_quer                 0.0382956 0.0265998 0.0344138 0.0999493 0.0037445 0.0000000 0.0503314 0.0540631 0.0704647 0.0306409 0.0112799 0.0228046 0.0228191 0.0266269 0.0189337 0.0344755 0.0266967 0.0189016 0.0306823 0.0305936 0.0227772 0.0265974 0.0305876 0.0189337 0.0189337 0.0266621 0.0227712 0.0305422 0.0343894 0.0421951 0.0462388 0.0188930 0.0266042 0.0306499 0.0305936 0.0344381 0.0266967 0.0382462 0.0266573 0.0266269 0.0227942 0.0424017 0.0228191 0.0384213 0.0343861 0.0345528 0.0305913 0.0266621 0.0344483 0.0189337 0.0305002 0.0209190 0.0189288 0.0189337 0.0304892 0.0228210 0.0305537 0.0266621 0.0344247 0.0305686 0.0344831 0.0500960 0.0227876 0.0189337 0.0383336 0.0304584 0.0150825 0.0075001 0.3572088 0.0305564 0.0189337 0.0461485 0.0266621 0.0228191 0.0266550 0.0228191 0.0112982 0.0266452 0.0228210 0.0227750 0.0266452 0.0305167 0.0112799 0.0188553 
Eutrochium_fistulosum_SRR9119106           0.1848848 0.1732499 0.1651013 0.1657525 0.1858619 0.0503314 0.0000000 0.1485256 0.2843424 0.1716558 0.1901573 0.1925762 0.1880161 0.1880868 0.1816865 0.1764616 0.1967286 0.2255671 0.1866894 0.1996069 0.1917179 0.1861439 0.1803814 0.1919460 0.2051124 0.1950997 0.1957791 0.1927493 0.2054100 0.2114178 0.2070244 0.1798649 0.2426644 0.1673821 0.1931969 0.2045109 0.2142020 0.1826032 0.1940375 0.1881635 0.1907391 0.1985768 0.1857153 0.2048252 0.1899573 0.1987584 0.1994627 0.2289031 0.2001075 0.1943061 0.1889261 0.2220979 0.1927423 0.1887271 0.2009986 0.2022959 0.1817919 0.1939197 0.1929829 0.1991480 0.1694922 0.2145592 0.1742056 0.1857765 0.2006215 0.2071786 0.2010858 0.1984850 0.1305593 0.1970613 0.1928278 0.2074550 0.1966463 0.1959879 0.2107785 0.1577255 0.1986496 0.2031791 0.1958371 0.1770085 0.2034774 0.1921367 0.1734248 0.2150996 
Galeana_pratensis_104_mex                  0.1121205 0.1084443 0.1006412 0.1793116 0.0925499 0.0540631 0.1485256 0.0000000 0.1638661 0.1175476 0.1080595 0.1048219 0.0856772 0.1022684 0.0857274 0.0963240 0.0964091 0.1504550 0.1022387 0.0948215 0.0858490 0.0876656 0.1174946 0.1013944 0.0822182 0.0934703 0.0933075 0.1026030 0.1055508 0.1032836 0.1199005 0.0939804 0.0892469 0.1162254 0.0925812 0.1012650 0.0860017 0.0963370 0.0960160 0.0987575 0.0914570 0.1038366 0.0864288 0.1000872 0.0985590 0.1021868 0.0961607 0.1001817 0.0974118 0.1023218 0.0959731 0.0923192 0.0973099 0.0845614 0.0938733 0.1004155 0.0984923 0.0936238 0.0937031 0.1094698 0.1013225 0.1036004 0.0819580 0.0924946 0.1095425 0.0961030 0.1045011 0.0964164 0.1185263 0.0986409 0.1009135 0.1109403 0.0960960 0.0913964 0.0880648 0.0846153 0.1011080 0.0956538 0.0968196 0.0881594 0.0880187 0.0923225 0.0736241 0.0859059 
Helianthus_annuus_SRR9119062               0.3085497 0.2222732 0.2766618 0.3135860 0.2731726 0.0704647 0.2843424 0.1638661 0.0000000 0.3015192 0.3004911 0.2989552 0.2935173 0.3041726 0.2803989 0.1757109 0.2936607 0.3204786 0.2708949 0.2984471 0.2911948 0.2962979 0.1704333 0.3028284 0.3086096 0.3012387 0.3049074 0.3019132 0.3070034 0.2819710 0.2576077 0.2995207 0.3520768 0.2797652 0.3008057 0.3070869 0.2358983 0.2916188 0.3025024 0.3033241 0.2977880 0.2928934 0.2898548 0.3090376 0.2978230 0.2612188 0.2854678 0.3105613 0.3025183 0.3047672 0.3056589 0.3599765 0.3020490 0.2915291 0.2927122 0.2856846 0.2350742 0.3091792 0.3011065 0.3031235 0.1960325 0.2977813 0.2085954 0.2945406 0.3054816 0.2973646 0.2951046 0.2947426 0.1460769 0.2999146 0.3042566 0.3110893 0.2973390 0.2991149 0.2497071 0.1878864 0.2984308 0.2931462 0.2966976 0.2905383 0.2177294 0.2982291 0.2131151 0.3041961 
Lycapsus_tenuifolius_17                    0.0432854 0.0559154 0.0377891 0.2074841 0.0639467 0.0306409 0.1716558 0.1175476 0.3015192 0.0000000 0.0760036 0.0885434 0.0837646 0.0861739 0.0876061 0.0823293 0.0857034 0.1515548 0.0884920 0.0886868 0.0802151 0.0822737 0.1163151 0.0825805 0.0769239 0.0850451 0.0951275 0.0929510 0.0978780 0.0485648 0.0439822 0.0838099 0.1402163 0.0071218 0.0845468 0.0952457 0.0744974 0.0948979 0.0882925 0.0858997 0.0834567 0.0982968 0.0842377 0.0973945 0.0896362 0.0897404 0.0901881 0.1301362 0.0930712 0.0847707 0.0796870 0.0874020 0.0913367 0.0852599 0.0948563 0.0878108 0.0880810 0.0881694 0.0847875 0.0990030 0.0917276 0.1470834 0.0809139 0.0882539 0.0971916 0.0996932 0.0803622 0.0776207 0.1055619 0.0883299 0.0829390 0.0518532 0.0915621 0.0915579 0.0770852 0.0774857 0.0744694 0.0927874 0.0856244 0.0815698 0.1129194 0.0838905 0.0890874 0.0927433 
Pericome_caudata_50_silver                 0.1166221 0.0749796 0.0983504 0.2114299 0.0601863 0.0112799 0.1901573 0.1080595 0.3004911 0.0760036 0.0000000 0.1331424 0.1187907 0.1177210 0.0860404 0.0759290 0.0904084 0.1577085 0.0928466 0.0915338 0.0854782 0.0871978 0.1026816 0.1261887 0.0789446 0.1100458 0.0981446 0.1391493 0.1284664 0.1323068 0.0892263 0.1262633 0.2036489 0.0793460 0.1061499 0.1373955 0.0731663 0.1114917 0.1218529 0.1192876 0.1186469 0.0923110 0.0910190 0.1094064 0.1244147 0.1122792 0.1265753 0.1794319 0.1042304 0.0911051 0.1513062 0.1200456 0.1414718 0.0849711 0.0999852 0.0882467 0.0839022 0.1318883 0.1528744 0.1914403 0.0826283 0.1526849 0.0688497 0.1282378 0.1178506 0.1299165 0.0738868 0.0995567 0.0814638 0.0867446 0.1300969 0.1269808 0.1443953 0.1338745 0.0794610 0.0688989 0.0745746 0.1356411 0.1286843 0.1065351 0.0989577 0.1208768 0.0901412 0.0903733 
Perityle_aglossa_84_dead_horse             0.0964827 0.0771969 0.0897436 0.2106735 0.0796459 0.0228046 0.1925762 0.1048219 0.2989552 0.0885434 0.1331424 0.0000000 0.0528636 0.0489441 0.0405408 0.0311005 0.0481400 0.1532077 0.0603821 0.0502916 0.0468015 0.0464853 0.0677698 0.0456592 0.0316917 0.0715319 0.0640422 0.0963654 0.0760187 0.1258280 0.0903834 0.1101419 0.1508742 0.0895915 0.0491092 0.0994879 0.0352077 0.0673663 0.0694072 0.0478535 0.0460536 0.0611092 0.0474968 0.0698625 0.0722837 0.0679520 0.0594077 0.1266902 0.0651452 0.0408168 0.0955469 0.0485620 0.0925136 0.0434283 0.0631684 0.0501344 0.0398980 0.0638092 0.0918914 0.1108026 0.0549709 0.1159025 0.0399030 0.0339319 0.0723309 0.0670852 0.1027172 0.1064788 0.0416190 0.0497098 0.0446746 0.1228714 0.0639347 0.0564145 0.0322476 0.0307115 0.1021433 0.0721574 0.0467537 0.0397987 0.0739452 0.0801098 0.0740481 0.0678460 
Perityle_ajoensis_204                      0.0989881 0.0717598 0.0910348 0.2066954 0.0765741 0.0228191 0.1880161 0.0856772 0.2935173 0.0837646 0.1187907 0.0528636 0.0000000 0.0358066 0.0200455 0.0280489 0.0353468 0.1485916 0.0513557 0.0337889 0.0302317 0.0107246 0.0560461 0.0464820 0.0132992 0.0424948 0.0534166 0.0752342 0.0608329 0.1209499 0.0797541 0.1014797 0.1334371 0.0835235 0.0377654 0.0922958 0.0245169 0.0546902 0.0706731 0.0381252 0.0478596 0.0521901 0.0055745 0.0569840 0.0622323 0.0585319 0.0287390 0.0828115 0.0561973 0.0413059 0.0676302 0.0476926 0.0684779 0.0202548 0.0506109 0.0368887 0.0345176 0.0215375 0.0494712 0.0763288 0.0479129 0.1073854 0.0240608 0.0440307 0.0577078 0.0651809 0.0900187 0.0971117 0.0315565 0.0299112 0.0454150 0.1198887 0.0277546 0.0281492 0.0061556 0.0090946 0.0920962 0.0547399 0.0352262 0.0385800 0.0582595 0.0356042 0.0621941 0.0457082 
Perityle_ambrosiifolia_67_green            0.0956034 0.0701978 0.0865930 0.2083935 0.0753489 0.0266269 0.1880868 0.1022684 0.3041726 0.0861739 0.1177210 0.0489441 0.0358066 0.0000000 0.0322577 0.0310384 0.0395132 0.1527318 0.0542778 0.0402496 0.0386285 0.0308901 0.0652882 0.0269696 0.0152282 0.0567407 0.0632266 0.0812716 0.0679479 0.1227069 0.0869957 0.0998790 0.1434543 0.0849582 0.0389045 0.0960900 0.0306224 0.0619491 0.0673023 0.0185790 0.0333952 0.0591593 0.0308444 0.0651360 0.0653096 0.0638496 0.0431162 0.0993294 0.0625518 0.0263691 0.0709692 0.0376469 0.0767709 0.0290438 0.0597799 0.0508210 0.0390754 0.0426999 0.0692007 0.1023060 0.0518040 0.1123891 0.0387419 0.0373601 0.0634607 0.0617238 0.0958442 0.0996074 0.0477351 0.0384062 0.0255704 0.1216711 0.0444614 0.0402082 0.0176831 0.0290634 0.0939054 0.0688162 0.0486075 0.0351172 0.0677920 0.0597670 0.0733624 0.0623669 
Perityle_angustifolia_13_Eagle_creek       0.0837307 0.0740550 0.0767321 0.2047449 0.0659625 0.0189337 0.1816865 0.0857274 0.2803989 0.0876061 0.0860404 0.0405408 0.0200455 0.0322577 0.0000000 0.0316808 0.0367116 0.1476721 0.0523500 0.0383283 0.0350278 0.0226569 0.0584711 0.0433010 0.0126203 0.0247195 0.0536179 0.0422760 0.0596725 0.0802082 0.0855308 0.0834528 0.1113416 0.0864904 0.0307451 0.0592696 0.0357902 0.0565325 0.0532320 0.0304058 0.0442799 0.0572896 0.0204400 0.0578385 0.0527623 0.0399802 0.0372545 0.0646656 0.0554799 0.0442865 0.0279770 0.0310838 0.0501518 0.0067510 0.0510681 0.0415417 0.0399487 0.0263711 0.0280245 0.0649249 0.0519310 0.1091758 0.0289152 0.0311749 0.0574203 0.0591868 0.0819389 0.0851727 0.0396648 0.0390574 0.0420944 0.0846726 0.0367530 0.0340267 0.0250933 0.0197910 0.0827651 0.0507935 0.0401116 0.0209882 0.0641904 0.0225992 0.0688410 0.0404082 
Perityle_batopilensis_97                   0.0785460 0.0757348 0.0679050 0.2032462 0.0602121 0.0344755 0.1764616 0.0963240 0.1757109 0.0823293 0.0759290 0.0311005 0.0280489 0.0310384 0.0316808 0.0000000 0.0268321 0.1310858 0.0445061 0.0309454 0.0272924 0.0331700 0.0347547 0.0321812 0.0215878 0.0320561 0.0344462 0.0322834 0.0482785 0.0660668 0.0846637 0.0676135 0.1839705 0.0808412 0.0299955 0.0471237 0.0259995 0.0524888 0.0214843 0.0310384 0.0289570 0.0451381 0.0283224 0.0465463 0.0559269 0.0320516 0.0342477 0.0310333 0.0419579 0.0342556 0.0310931 0.0275204 0.0342205 0.0322590 0.0398084 0.0281591 0.0412718 0.0310203 0.0353414 0.0662790 0.0565247 0.0592117 0.0307704 0.0278930 0.0495747 0.0373397 0.0678894 0.0612722 0.3572088 0.0342074 0.0309860 0.0724328 0.0299577 0.0310404 0.0321381 0.0263966 0.0708608 0.0452553 0.0289707 0.0269466 0.0448497 0.0310118 0.0416124 0.0584450 
Perityle_bisetosa_9                        0.0918727 0.0815865 0.0869449 0.2062628 0.0761682 0.0266967 0.1967286 0.0964091 0.2936607 0.0857034 0.0904084 0.0481400 0.0353468 0.0395132 0.0367116 0.0268321 0.0000000 0.1556733 0.0543269 0.0118474 0.0326225 0.0344112 0.0406882 0.0414927 0.0293561 0.0493502 0.0568030 0.0474760 0.0611489 0.1003340 0.0862660 0.0848229 0.1406860 0.0857079 0.0158653 0.0719701 0.0079556 0.0585012 0.0601718 0.0367338 0.0380420 0.0559947 0.0351370 0.0605433 0.0549401 0.0193272 0.0489511 0.0773592 0.0585103 0.0428855 0.0595483 0.0512280 0.0522471 0.0325428 0.0536504 0.0337272 0.0405701 0.0384137 0.0512755 0.1477163 0.0517904 0.1124810 0.0319279 0.0436111 0.0652818 0.0597630 0.0927081 0.0896037 0.0155977 0.0146279 0.0418420 0.1019182 0.0449291 0.0467026 0.0285634 0.0252922 0.0923234 0.0584661 0.0478165 0.0368569 0.0609025 0.0506313 0.0643567 0.0573271 
Perityle_californica_76_positas            0.1439699 0.1540708 0.1348966 0.2540543 0.1450669 0.0189016 0.2255671 0.1504550 0.3204786 0.1515548 0.1577085 0.1532077 0.1485916 0.1527318 0.1476721 0.1310858 0.1556733 0.0000000 0.1644472 0.1575221 0.1421669 0.1525438 0.1417347 0.1583982 0.1468787 0.1567032 0.1571150 0.1589856 0.1636126 0.1700470 0.2027903 0.1327928 0.1955047 0.1570886 0.1543746 0.1625084 0.1426464 0.1598449 0.1573684 0.1518276 0.1528441 0.1585221 0.1533777 0.1562856 0.1535992 0.1571078 0.1559622 0.2008883 0.1546974 0.1607068 0.1482179 0.1755733 0.1587829 0.1538364 0.1500591 0.1690665 0.1459069 0.1596890 0.1546490 0.2687800 0.1588703 0.2106294 0.1568604 0.1525135 0.1609356 0.1749443 0.1593507 0.1516493 0.1351680 0.1605492 0.1599919 0.1663174 0.1553053 0.1520148 0.1487537 0.1398127 0.1533937 0.1556987 0.1534245 0.1501687 0.1936394 0.1542033 0.1191209 0.1643464 
Perityle_canescens_77                      0.0843799 0.0690636 0.0767515 0.2079667 0.0729333 0.0306823 0.1866894 0.1022387 0.2708949 0.0884920 0.0928466 0.0603821 0.0513557 0.0542778 0.0523500 0.0445061 0.0543269 0.1644472 0.0000000 0.0549610 0.0446731 0.0545645 0.0692984 0.0537977 0.0495306 0.0569658 0.0592589 0.0625737 0.0531706 0.0836943 0.0895576 0.0902891 0.0756439 0.0850372 0.0485339 0.0526577 0.0456027 0.0534266 0.0647680 0.0523156 0.0464715 0.0562355 0.0500117 0.0569494 0.0490327 0.0513030 0.0603749 0.0945617 0.0529578 0.0537004 0.0478292 0.0570852 0.0611861 0.0525955 0.0536242 0.0580838 0.0491036 0.0570656 0.0572248 0.0563398 0.0395579 0.0947981 0.0358699 0.0542765 0.0511725 0.0615765 0.0870277 0.0891071 0.0466312 0.0563300 0.0523308 0.0845487 0.0597050 0.0564387 0.0498266 0.0363883 0.0895158 0.0420543 0.0532200 0.0511628 0.0542416 0.0531085 0.0636960 0.0724381 
Perityle_castillonii_96                    0.0899712 0.0824109 0.0835871 0.2110912 0.0760806 0.0305936 0.1996069 0.0948215 0.2984471 0.0886868 0.0915338 0.0502916 0.0337889 0.0402496 0.0383283 0.0309454 0.0118474 0.1575221 0.0549610 0.0000000 0.0331688 0.0353004 0.0441730 0.0439952 0.0290725 0.0429335 0.0607331 0.0378795 0.0631594 0.0911737 0.0903768 0.0912902 0.1122369 0.0884040 0.0154216 0.0682018 0.0111106 0.0593127 0.0528731 0.0380428 0.0382010 0.0585640 0.0346977 0.0609446 0.0565777 0.0157106 0.0491769 0.0784435 0.0576128 0.0449255 0.0497532 0.0454533 0.0499759 0.0355108 0.0558847 0.0352150 0.0405742 0.0377543 0.0483086 0.0716161 0.0540060 0.1124290 0.0329411 0.0469662 0.0630636 0.0613104 0.0868682 0.0897173 0.0235036 0.0118682 0.0433738 0.0918321 0.0466314 0.0456126 0.0284947 0.0292121 0.0902583 0.0544180 0.0461774 0.0398225 0.0589574 0.0424489 0.0683776 0.0580889 
Perityle_cernua_84                         0.0815466 0.0653053 0.0776201 0.2008979 0.0669314 0.0227772 0.1917179 0.0858490 0.2911948 0.0802151 0.0854782 0.0468015 0.0302317 0.0386285 0.0350278 0.0272924 0.0326225 0.1421669 0.0446731 0.0331688 0.0000000 0.0345448 0.0524447 0.0421734 0.0272484 0.0464957 0.0531836 0.0465259 0.0437825 0.0863451 0.0804348 0.0830083 0.1147553 0.0801585 0.0288624 0.0620087 0.0165445 0.0411982 0.0441624 0.0349144 0.0360185 0.0385783 0.0325478 0.0425473 0.0431249 0.0369147 0.0312555 0.0755935 0.0390257 0.0430876 0.0474981 0.0493828 0.0506471 0.0351741 0.0390295 0.0397533 0.0344131 0.0382033 0.0472066 0.0577721 0.0415490 0.0957961 0.0240355 0.0451025 0.0444826 0.0591914 0.0780996 0.0799387 0.0337113 0.0296754 0.0415654 0.0864991 0.0320076 0.0285169 0.0226163 0.0221029 0.0809105 0.0419332 0.0295236 0.0391156 0.0541180 0.0439505 0.0600882 0.0574824 
Perityle_cfvillosa_25_tin                  0.0839398 0.0732277 0.0793459 0.2054938 0.0705521 0.0265974 0.1861439 0.0876656 0.2962979 0.0822737 0.0871978 0.0464853 0.0107246 0.0308901 0.0226569 0.0331700 0.0344112 0.1525438 0.0545645 0.0353004 0.0345448 0.0000000 0.0620775 0.0419422 0.0174142 0.0191381 0.0554415 0.0460597 0.0609492 0.0832900 0.0783988 0.0890109 0.1390486 0.0825361 0.0310858 0.0652191 0.0314952 0.0550857 0.0526038 0.0286848 0.0428634 0.0578639 0.0117040 0.0596463 0.0556410 0.0365922 0.0255618 0.0541634 0.0556226 0.0428447 0.0303941 0.0334378 0.0471551 0.0232241 0.0538369 0.0412154 0.0378909 0.0123851 0.0201779 0.0919672 0.0553263 0.1103683 0.0310265 0.0373185 0.0595952 0.0615057 0.0856812 0.0843750 0.0335757 0.0327661 0.0408459 0.0865893 0.0265367 0.0280106 0.0114138 0.0144475 0.0854760 0.0550537 0.0388588 0.0314221 0.0641900 0.0143156 0.0614404 0.0448027 
Perityle_cinerea_113_Powell1310            0.1010493 0.0951037 0.0945371 0.2137656 0.0754777 0.0305876 0.1803814 0.1174946 0.1704333 0.1163151 0.1026816 0.0677698 0.0560461 0.0652882 0.0584711 0.0347547 0.0406882 0.1417347 0.0692984 0.0441730 0.0524447 0.0620775 0.0000000 0.0632917 0.0283347 0.0619602 0.0595965 0.0608488 0.0809975 0.1033305 0.1167666 0.0888413 0.0642086 0.1135556 0.0499595 0.0665894 0.0173843 0.0692144 0.0691463 0.0689156 0.0558869 0.0692442 0.0561237 0.0620355 0.0703060 0.0474674 0.0690433 0.0617838 0.0632133 0.0632238 0.0667421 0.0789666 0.0664445 0.0572565 0.0608047 0.0556982 0.0656351 0.0630424 0.0691433 0.0682269 0.0755829 0.0878258 0.0569910 0.0666235 0.0803362 0.0689775 0.0874787 0.0841588 0.1200243 0.0488820 0.0629944 0.1058469 0.0653228 0.0654184 0.0381604 0.0596940 0.0940033 0.0690247 0.0560767 0.0607399 0.0678598 0.0608235 0.0783935 0.0762407 
Perityle_coahuilensis_24                   0.0943781 0.0748168 0.0873267 0.2113872 0.0768142 0.0189337 0.1919460 0.1013944 0.3028284 0.0825805 0.1261887 0.0456592 0.0464820 0.0269696 0.0433010 0.0321812 0.0414927 0.1583982 0.0537977 0.0439952 0.0421734 0.0419422 0.0632917 0.0000000 0.0271530 0.0639566 0.0616623 0.1037860 0.0678114 0.1208069 0.0873715 0.1028197 0.1444538 0.0834830 0.0427996 0.0953802 0.0269092 0.0608205 0.0671738 0.0370896 0.0304729 0.0584126 0.0431435 0.0645532 0.0655776 0.0638710 0.0486911 0.1343439 0.0629675 0.0064909 0.0993865 0.0421153 0.0932373 0.0379698 0.0597105 0.0507739 0.0440470 0.0552770 0.1096340 0.1576679 0.0552295 0.1120388 0.0439570 0.0469922 0.0649005 0.0625096 0.0973941 0.1047896 0.0477351 0.0411930 0.0011830 0.1178047 0.0674611 0.0496728 0.0204292 0.0331066 0.0953788 0.0686800 0.0517791 0.0425728 0.0679756 0.0733439 0.0692939 0.0685619 
Perityle_cochisensis_44_cave_creek         0.0772817 0.0707791 0.0756389 0.2148856 0.0625064 0.0189337 0.2051124 0.0822182 0.3086096 0.0769239 0.0789446 0.0316917 0.0132992 0.0152282 0.0126203 0.0215878 0.0293561 0.1468787 0.0495306 0.0290725 0.0272484 0.0174142 0.0283347 0.0271530 0.0000000 0.0159374 0.0534467 0.0363282 0.0486747 0.0636667 0.0752075 0.0775949 0.1705675 0.0751099 0.0277988 0.0521850 0.0250725 0.0519600 0.0405680 0.0139512 0.0330351 0.0473733 0.0134481 0.0531501 0.0476407 0.0320036 0.0224400 0.0338411 0.0503699 0.0292894 0.0130391 0.0176727 0.0479063 0.0152590 0.0463450 0.0303236 0.0275367 0.0152136 0.0211385 0.0875731 0.0482226 0.1348783 0.0198297 0.0181450 0.0488977 0.0502330 0.0750540 0.0758543 0.3572088 0.0309549 0.0263247 0.0693495 0.0218613 0.0181682 0.0123083 0.0109820 0.0775344 0.0516145 0.0331381 0.0138074 0.0349245 0.0144851 0.0401716 0.0652215 
Perityle_congesta_202                      0.1125481 0.0789116 0.1093585 0.2093505 0.0900042 0.0266621 0.1950997 0.0934703 0.3012387 0.0850451 0.1100458 0.0715319 0.0424948 0.0567407 0.0247195 0.0320561 0.0493502 0.1567032 0.0569658 0.0429335 0.0464957 0.0191381 0.0619602 0.0639566 0.0159374 0.0000000 0.0602551 0.0722935 0.0828808 0.1255121 0.0810756 0.1108762 0.1701529 0.0849576 0.0532974 0.0849576 0.0323567 0.0831497 0.0810714 0.0534355 0.0683867 0.0554912 0.0214448 0.0852863 0.0788444 0.0670114 0.0529473 0.0545287 0.0717938 0.0544371 0.0561152 0.0593617 0.0731881 0.0295609 0.0610644 0.0439868 0.0411727 0.0400971 0.0269978 0.1569757 0.0581156 0.1099986 0.0328225 0.0588103 0.0905479 0.0880707 0.1136797 0.1091526 0.0315533 0.0321523 0.0641411 0.1232248 0.0438395 0.0556069 0.0131582 0.0136199 0.1149421 0.0776054 0.0625981 0.0558320 0.0677895 0.0125564 0.0685085 0.0490369 
Perityle_cordifolia_27                     0.0981417 0.0733559 0.0851587 0.2143730 0.0768170 0.0227712 0.1957791 0.0933075 0.3049074 0.0951275 0.0981446 0.0640422 0.0534166 0.0632266 0.0536179 0.0344462 0.0568030 0.1571150 0.0592589 0.0607331 0.0531836 0.0554415 0.0595965 0.0616623 0.0534467 0.0602551 0.0000000 0.0603920 0.0670831 0.0930907 0.0866492 0.0907163 0.1500236 0.0919372 0.0510929 0.0722394 0.0316275 0.0620759 0.0688254 0.0554558 0.0574158 0.0617928 0.0565437 0.0659679 0.0649725 0.0569466 0.0606040 0.0912451 0.0624038 0.0626396 0.0669120 0.0685134 0.0241228 0.0547581 0.0692332 0.0457274 0.0428782 0.0590726 0.0604657 0.1443469 0.0477344 0.1113115 0.0182722 0.0600453 0.0714348 0.0629547 0.1014182 0.0963805 0.0438955 0.0521113 0.0605723 0.0984514 0.0616751 0.0589483 0.0397722 0.0254118 0.0989064 0.0647424 0.0587013 0.0613603 0.0632671 0.0588577 0.0668760 0.0689786 
Perityle_cordifolia_68_tecolote            0.1402384 0.0757207 0.1165718 0.2079997 0.0932671 0.0305422 0.1927493 0.1026030 0.3019132 0.0929510 0.1391493 0.0963654 0.0752342 0.0812716 0.0422760 0.0322834 0.0474760 0.1589856 0.0625737 0.0378795 0.0465259 0.0460597 0.0608488 0.1037860 0.0363282 0.0722935 0.0603920 0.0000000 0.1003913 0.1368169 0.0919264 0.1445792 0.1808283 0.0912474 0.0646139 0.1083465 0.0279458 0.0827047 0.0837270 0.0775791 0.0782409 0.0612639 0.0432521 0.0826817 0.1078197 0.0666673 0.0948053 0.1566587 0.0670265 0.0570022 0.1217817 0.0885016 0.0967546 0.0439818 0.0629252 0.0134360 0.0420933 0.0897958 0.1305130 0.1721838 0.0511284 0.1156433 0.0330086 0.1023711 0.0896573 0.0967217 0.1131282 0.1373388 0.0436304 0.0418224 0.1021318 0.1298670 0.1047519 0.0957050 0.0387990 0.0307799 0.1187103 0.1071073 0.0940890 0.0725570 0.0701268 0.0880005 0.0695887 0.0665602 
Perityle_coronopifolia_28_patagonia        0.1104784 0.0791099 0.0979721 0.2192310 0.0875376 0.0343894 0.2054100 0.1055508 0.3070034 0.0978780 0.1284664 0.0760187 0.0608329 0.0679479 0.0596725 0.0482785 0.0611489 0.1636126 0.0531706 0.0631594 0.0437825 0.0609492 0.0809975 0.0678114 0.0486747 0.0828808 0.0670831 0.1003913 0.0000000 0.1314376 0.1071794 0.1132872 0.1622506 0.0980428 0.0638384 0.0911779 0.0455119 0.0560449 0.0804228 0.0690539 0.0647978 0.0468037 0.0585041 0.0497988 0.0550124 0.0892984 0.0590519 0.1275340 0.0449508 0.0623666 0.1058229 0.0824389 0.0996145 0.0612111 0.0507227 0.0699404 0.0596107 0.0697173 0.1039725 0.1137855 0.0466221 0.0957368 0.0496922 0.0712954 0.0222295 0.0811818 0.1025606 0.1129535 0.0603531 0.0615600 0.0679630 0.1268635 0.0697102 0.0560568 0.0507899 0.0432610 0.1065529 0.0611953 0.0581145 0.0669657 0.0580095 0.0898938 0.0608912 0.0835564 
Perityle_crassifolia_70_ventanas           0.1181247 0.0713463 0.0989675 0.2247445 0.0843953 0.0421951 0.2114178 0.1032836 0.2819710 0.0485648 0.1323068 0.1258280 0.1209499 0.1227069 0.0802082 0.0660668 0.1003340 0.1700470 0.0836943 0.0911737 0.0863451 0.0832900 0.1033305 0.1208069 0.0636667 0.1255121 0.0930907 0.1368169 0.1314376 0.0000000 0.0082613 0.1303101 0.1197988 0.0448324 0.1121034 0.1393619 0.0653811 0.1135227 0.1222164 0.1237411 0.1199348 0.0939517 0.0870130 0.1142544 0.1271129 0.1342908 0.1306918 0.1654548 0.1039384 0.0934480 0.1468755 0.1150370 0.1148048 0.0824365 0.0959324 0.0803266 0.0813790 0.1262540 0.1282292 0.1165919 0.0835647 0.1092068 0.0671783 0.1235174 0.1215901 0.1280720 0.1106969 0.1183464 0.1078325 0.0859292 0.1204485 0.0023051 0.1295013 0.1265606 0.0734274 0.0703035 0.1063647 0.1317647 0.1157406 0.1120705 0.1025505 0.1230390 0.0808642 0.0832772 
Perityle_crassifolia_74_playa_balandra     0.0765072 0.0786707 0.0702098 0.2464083 0.0709776 0.0462388 0.2070244 0.1199005 0.2576077 0.0439822 0.0892263 0.0903834 0.0797541 0.0869957 0.0855308 0.0846637 0.0862660 0.2027903 0.0895576 0.0903768 0.0804348 0.0783988 0.1167666 0.0873715 0.0752075 0.0810756 0.0866492 0.0919264 0.1071794 0.0082613 0.0000000 0.0929313 0.0824233 0.0390703 0.0853357 0.0926362 0.0709859 0.0903133 0.0922127 0.0829083 0.0809671 0.0990155 0.0794555 0.0933767 0.1017349 0.0883853 0.0936709 0.1407726 0.0872409 0.0870856 0.0790693 0.0731438 0.0880476 0.0845462 0.0908527 0.0856538 0.0832892 0.0873269 0.0835095 0.1028833 0.0943283 0.1158827 0.0767152 0.0870924 0.1040043 0.0914893 0.0973811 0.0794676 0.0976755 0.0924750 0.0859681 0.0124896 0.0926161 0.0926196 0.0803452 0.0716207 0.0863054 0.0942064 0.0897496 0.0813518 0.1091326 0.0810773 0.0913179 0.0730555 
Perityle_cuneata_34_cuneata_San_antonio    0.1000415 0.0798160 0.0811401 0.2052083 0.0736356 0.0188930 0.1798649 0.0939804 0.2995207 0.0838099 0.1262633 0.1101419 0.1014797 0.0998790 0.0834528 0.0676135 0.0848229 0.1327928 0.0902891 0.0912902 0.0830083 0.0890109 0.0888413 0.1028197 0.0775949 0.1108762 0.0907163 0.1445792 0.1132872 0.1303101 0.0929313 0.0000000 0.1831190 0.0838295 0.0930012 0.1318345 0.0668963 0.0932524 0.1159474 0.1033551 0.0951100 0.0871726 0.0907202 0.0953379 0.1052587 0.1072397 0.1093007 0.1687270 0.0931844 0.0866866 0.1427720 0.1061269 0.1284802 0.0857443 0.0902481 0.0830908 0.0769484 0.1138190 0.1361831 0.1669713 0.0762599 0.1432420 0.0581136 0.1028014 0.1012978 0.1129083 0.0929402 0.0971015 0.0892332 0.0887320 0.1026902 0.1267348 0.1137465 0.1120901 0.0722870 0.0622614 0.0922953 0.1112320 0.1092476 0.0898688 0.0927256 0.1201445 0.0719586 0.0873780 
Perityle_cuneata_4                         0.1805796 0.0715109 0.1555225 0.2624642 0.1609758 0.0266042 0.2426644 0.0892469 0.3520768 0.1402163 0.2036489 0.1508742 0.1334371 0.1434543 0.1113416 0.1839705 0.1406860 0.1955047 0.0756439 0.1122369 0.1147553 0.1390486 0.0642086 0.1444538 0.1705675 0.1701529 0.1500236 0.1808283 0.1622506 0.1197988 0.0824233 0.1831190 0.0000000 0.1231598 0.1387093 0.1831139 0.1808789 0.1504492 0.1535748 0.1492197 0.1376577 0.1435503 0.0992281 0.1202958 0.1546126 0.1685922 0.1488704 0.2182095 0.1283094 0.1391677 0.1844403 0.0704288 0.1669968 0.1393208 0.1113902 0.0572151 0.0678216 0.1494182 0.1807368 0.1720915 0.0510099 0.1710346 0.0319601 0.1494546 0.1252840 0.1489229 0.1491706 0.1812608 0.0518971 0.1328934 0.1408146 0.1313060 0.1504275 0.1479445 0.1780087 0.0355516 0.1544626 0.1571689 0.1421178 0.1426082 0.0630266 0.1734694 0.0925266 0.0645334 
Perityle_discoidea_81                      0.0493625 0.0545971 0.0403836 0.2109140 0.0675088 0.0306499 0.1673821 0.1162254 0.2797652 0.0071218 0.0793460 0.0895915 0.0835235 0.0849582 0.0864904 0.0808412 0.0857079 0.1570886 0.0850372 0.0884040 0.0801585 0.0825361 0.1135556 0.0834830 0.0751099 0.0849576 0.0919372 0.0912474 0.0980428 0.0448324 0.0390703 0.0838295 0.1231598 0.0000000 0.0844286 0.0965519 0.0774753 0.0957496 0.0886327 0.0841727 0.0825087 0.1001249 0.0839661 0.0996676 0.0943123 0.0894410 0.0936566 0.1298323 0.0940598 0.0846602 0.0796001 0.0866650 0.0891772 0.0852682 0.0955128 0.0869634 0.0852569 0.0871633 0.0860042 0.1029692 0.0882319 0.1222910 0.0775377 0.0879786 0.0974399 0.1023339 0.0853311 0.0791185 0.1042459 0.0891457 0.0832157 0.0455484 0.0923949 0.0931001 0.0790183 0.0746650 0.0796655 0.0938626 0.0870102 0.0810291 0.1106126 0.0836678 0.0856170 0.0922695 
Perityle_dissecta_201                      0.0908759 0.0747457 0.0880257 0.2073127 0.0745526 0.0305936 0.1931969 0.0925812 0.3008057 0.0845468 0.1061499 0.0491092 0.0377654 0.0389045 0.0307451 0.0299955 0.0158653 0.1543746 0.0485339 0.0154216 0.0288624 0.0310858 0.0499595 0.0427996 0.0277988 0.0532974 0.0510929 0.0646139 0.0638384 0.1121034 0.0853357 0.0930012 0.1387093 0.0844286 0.0000000 0.0750254 0.0115164 0.0566959 0.0635660 0.0383288 0.0351332 0.0531691 0.0306825 0.0611112 0.0586424 0.0409160 0.0515506 0.0854818 0.0574407 0.0423386 0.0633323 0.0483563 0.0609574 0.0289413 0.0499352 0.0330068 0.0378137 0.0418695 0.0556654 0.0945245 0.0488762 0.1068701 0.0260504 0.0451706 0.0640807 0.0601994 0.0934428 0.0918057 0.0295612 0.0156416 0.0412966 0.1093868 0.0487407 0.0481791 0.0275820 0.0222021 0.0942951 0.0576917 0.0487749 0.0365935 0.0549850 0.0518621 0.0652259 0.0506934 
Perityle_feddemae_99                       0.1336838 0.0821352 0.1217577 0.2147039 0.0867339 0.0344381 0.2045109 0.1012650 0.3070869 0.0952457 0.1373955 0.0994879 0.0922958 0.0960900 0.0592696 0.0471237 0.0719701 0.1625084 0.0526577 0.0682018 0.0620087 0.0652191 0.0665894 0.0953802 0.0521850 0.0849576 0.0722394 0.1083465 0.0911779 0.1393619 0.0926362 0.1318345 0.1831139 0.0965519 0.0750254 0.0000000 0.0445789 0.0666897 0.0908603 0.0955643 0.0900717 0.0341319 0.0691871 0.0484745 0.0800644 0.0983060 0.0917389 0.1283746 0.0460949 0.0759347 0.1033423 0.1056283 0.1033392 0.0642975 0.0510899 0.0627992 0.0533905 0.0997094 0.1060036 0.1130537 0.0425674 0.1018989 0.0407920 0.0953287 0.0723168 0.0964689 0.1154695 0.1274652 0.0439453 0.0586669 0.0941578 0.1328426 0.0939338 0.0937545 0.0517371 0.0393491 0.1157262 0.0883505 0.0829554 0.0873331 0.0667606 0.0879654 0.0642737 0.0730318 
Perityle_fosteri_93                        0.0724126 0.0767658 0.0675434 0.2163907 0.0586986 0.0266967 0.2142020 0.0860017 0.2358983 0.0744974 0.0731663 0.0352077 0.0245169 0.0306224 0.0357902 0.0259995 0.0079556 0.1426464 0.0456027 0.0111106 0.0165445 0.0314952 0.0173843 0.0269092 0.0250725 0.0323567 0.0316275 0.0279458 0.0455119 0.0653811 0.0709859 0.0668963 0.1808789 0.0774753 0.0115164 0.0445789 0.0000000 0.0396819 0.0346210 0.0296985 0.0214326 0.0393086 0.0267080 0.0466463 0.0455075 0.0123949 0.0341772 0.0287400 0.0434734 0.0296749 0.0251220 0.0387996 0.0297980 0.0297953 0.0344007 0.0237384 0.0308181 0.0287295 0.0352239 0.0789855 0.0505683 0.0623116 0.0233107 0.0342340 0.0463927 0.0382736 0.0644165 0.0597967 0.3572088 0.0142086 0.0269092 0.0678469 0.0296405 0.0287724 0.0281767 0.0253826 0.0670831 0.0418958 0.0278184 0.0335125 0.0338973 0.0278034 0.0380157 0.0748927 
Perityle_gamon_221                         0.0958631 0.0761867 0.0951119 0.2107686 0.0763279 0.0382462 0.1826032 0.0963370 0.2916188 0.0948979 0.1114917 0.0673663 0.0546902 0.0619491 0.0565325 0.0524888 0.0585012 0.1598449 0.0534266 0.0593127 0.0411982 0.0550857 0.0692144 0.0608205 0.0519600 0.0831497 0.0620759 0.0827047 0.0560449 0.1135227 0.0903133 0.0932524 0.1504492 0.0957496 0.0566959 0.0666897 0.0396819 0.0000000 0.0747311 0.0619975 0.0582445 0.0431726 0.0533375 0.0423471 0.0410053 0.0745529 0.0526852 0.1077996 0.0426030 0.0591948 0.0867519 0.0759735 0.0755871 0.0569806 0.0440851 0.0550753 0.0504792 0.0597069 0.0745324 0.1038288 0.0528036 0.1030789 0.0408590 0.0631354 0.0552104 0.0750215 0.1010342 0.0965535 0.0480784 0.0561275 0.0601913 0.1113624 0.0552152 0.0517158 0.0432226 0.0386063 0.1003023 0.0509818 0.0524566 0.0605149 0.0687427 0.0806387 0.0616303 0.0698215 
Perityle_gentryi_8_san_francisco           0.1104308 0.0771320 0.0994760 0.2047352 0.0913701 0.0266573 0.1940375 0.0960160 0.3025024 0.0882925 0.1218529 0.0694072 0.0706731 0.0673023 0.0532320 0.0214843 0.0601718 0.1573684 0.0647680 0.0528731 0.0441624 0.0526038 0.0691463 0.0671738 0.0405680 0.0810714 0.0688254 0.0837270 0.0804228 0.1222164 0.0922127 0.1159474 0.1535748 0.0886327 0.0635660 0.0908603 0.0346210 0.0747311 0.0000000 0.0660128 0.0619264 0.0587570 0.0533515 0.0753581 0.0798952 0.0759554 0.0727811 0.1177886 0.0639727 0.0495865 0.0939748 0.0663187 0.0752492 0.0513193 0.0584402 0.0545976 0.0404948 0.0808797 0.0865874 0.0850816 0.0539057 0.1111361 0.0397585 0.0683216 0.0784801 0.0838172 0.1107311 0.1154898 0.0560555 0.0527001 0.0665211 0.1182914 0.0721597 0.0690258 0.0376078 0.0345740 0.1094710 0.0782572 0.0659071 0.0624508 0.0637137 0.0819344 0.0714682 0.0746523 
Perityle_gilensis_22_Superstition          0.0992959 0.0719106 0.0906346 0.2068256 0.0750056 0.0266269 0.1881635 0.0987575 0.3033241 0.0858997 0.1192876 0.0478535 0.0381252 0.0185790 0.0304058 0.0310384 0.0367338 0.1518276 0.0523156 0.0380428 0.0349144 0.0286848 0.0689156 0.0370896 0.0139512 0.0534355 0.0554558 0.0775791 0.0690539 0.1237411 0.0829083 0.1033551 0.1492197 0.0841727 0.0383288 0.0955643 0.0296985 0.0619975 0.0660128 0.0000000 0.0390870 0.0554281 0.0300950 0.0658599 0.0658780 0.0597926 0.0445896 0.0956253 0.0601290 0.0324215 0.0719007 0.0375303 0.0783662 0.0283286 0.0575402 0.0472969 0.0349830 0.0482183 0.0722016 0.1395259 0.0518320 0.1089205 0.0348148 0.0340750 0.0652162 0.0626480 0.0981182 0.1007085 0.0457197 0.0382376 0.0361481 0.1209257 0.0461143 0.0415688 0.0167862 0.0290769 0.0960825 0.0682291 0.0504610 0.0328761 0.0658502 0.0629122 0.0693282 0.0594633 
Perityle_gilensis_salensis_225             0.0919862 0.0685077 0.0843473 0.2014849 0.0729493 0.0227942 0.1907391 0.0914570 0.2977880 0.0834567 0.1186469 0.0460536 0.0478596 0.0333952 0.0442799 0.0289570 0.0380420 0.1528441 0.0464715 0.0382010 0.0360185 0.0428634 0.0558869 0.0304729 0.0330351 0.0683867 0.0574158 0.0782409 0.0647978 0.1199348 0.0809671 0.0951100 0.1376577 0.0825087 0.0351332 0.0900717 0.0214326 0.0582445 0.0619264 0.0390870 0.0000000 0.0553592 0.0425597 0.0587754 0.0617327 0.0595156 0.0515714 0.1107147 0.0577166 0.0320686 0.0815990 0.0427205 0.0710966 0.0413579 0.0545585 0.0403497 0.0349462 0.0530045 0.0789436 0.1010920 0.0426817 0.1084698 0.0308919 0.0436319 0.0642653 0.0549983 0.0964210 0.0934415 0.0539698 0.0368520 0.0295158 0.1169309 0.0521744 0.0488327 0.0303138 0.0291434 0.0924256 0.0634227 0.0456347 0.0448377 0.0608002 0.0714870 0.0698827 0.0624455 
Perityle_glaucescens_94                    0.0913444 0.0825938 0.0907702 0.2214839 0.0702828 0.0424017 0.1985768 0.1038366 0.2928934 0.0982968 0.0923110 0.0611092 0.0521901 0.0591593 0.0572896 0.0451381 0.0559947 0.1585221 0.0562355 0.0585640 0.0385783 0.0578639 0.0692442 0.0584126 0.0473733 0.0554912 0.0617928 0.0612639 0.0468037 0.0939517 0.0990155 0.0871726 0.1435503 0.1001249 0.0531691 0.0341319 0.0393086 0.0431726 0.0587570 0.0554281 0.0553592 0.0000000 0.0537821 0.0173762 0.0471464 0.0593672 0.0508067 0.0865154 0.0171542 0.0606684 0.0524678 0.0608439 0.0650755 0.0578707 0.0413019 0.0601252 0.0543379 0.0602289 0.0581812 0.1037974 0.0488164 0.1069910 0.0449258 0.0567596 0.0461945 0.0701454 0.0946285 0.0884688 0.0500915 0.0578687 0.0582962 0.0932881 0.0503237 0.0483524 0.0447266 0.0434045 0.0936743 0.0501061 0.0470961 0.0545666 0.0720913 0.0555240 0.0625945 0.0721869 
Perityle_gracilis_11                       0.0906190 0.0732481 0.0846654 0.2031733 0.0721366 0.0228191 0.1857153 0.0864288 0.2898548 0.0842377 0.0910190 0.0474968 0.0055745 0.0308444 0.0204400 0.0283224 0.0351370 0.1533777 0.0500117 0.0346977 0.0325478 0.0117040 0.0561237 0.0431435 0.0134481 0.0214448 0.0565437 0.0432521 0.0585041 0.0870130 0.0794555 0.0907202 0.0992281 0.0839661 0.0306825 0.0691871 0.0267080 0.0533375 0.0533515 0.0300950 0.0425597 0.0537821 0.0000000 0.0556223 0.0545634 0.0346407 0.0262446 0.0605937 0.0528507 0.0435855 0.0345980 0.0345872 0.0492634 0.0222693 0.0510839 0.0382625 0.0344172 0.0173090 0.0225587 0.0665136 0.0501353 0.1077158 0.0260984 0.0371804 0.0563338 0.0610208 0.0880867 0.0880496 0.0335546 0.0314035 0.0419715 0.0912230 0.0283046 0.0256965 0.0066645 0.0098563 0.0879568 0.0533243 0.0341608 0.0314218 0.0602111 0.0157665 0.0622982 0.0455540 
Perityle_harkerae_31                       0.1024486 0.0796856 0.0951349 0.2171488 0.0792843 0.0384213 0.2048252 0.1000872 0.3090376 0.0973945 0.1094064 0.0698625 0.0569840 0.0651360 0.0578385 0.0465463 0.0605433 0.1562856 0.0569494 0.0609446 0.0425473 0.0596463 0.0620355 0.0645532 0.0531501 0.0852863 0.0659679 0.0826817 0.0497988 0.1142544 0.0933767 0.0953379 0.1202958 0.0996676 0.0611112 0.0484745 0.0466463 0.0423471 0.0753581 0.0658599 0.0587754 0.0173762 0.0556223 0.0000000 0.0498035 0.0806306 0.0508462 0.1106281 0.0199811 0.0632236 0.0885221 0.0754573 0.0772051 0.0600262 0.0405651 0.0637992 0.0546078 0.0608277 0.0800836 0.0575850 0.0446627 0.1035784 0.0428633 0.0680106 0.0456507 0.0736210 0.1021524 0.1015306 0.0460302 0.0583572 0.0633693 0.1121185 0.0525493 0.0519450 0.0535074 0.0401860 0.0996194 0.0521834 0.0502352 0.0632403 0.0677869 0.0837685 0.0649664 0.0724183 
Perityle_hofmeisteria_4_nombre_de_dios     0.1027610 0.0772164 0.0932514 0.2038647 0.0780513 0.0343861 0.1899573 0.0985590 0.2978230 0.0896362 0.1244147 0.0722837 0.0622323 0.0653096 0.0527623 0.0559269 0.0549401 0.1535992 0.0490327 0.0565777 0.0431249 0.0556410 0.0703060 0.0655776 0.0476407 0.0788444 0.0649725 0.1078197 0.0550124 0.1271129 0.1017349 0.1052587 0.1546126 0.0943123 0.0586424 0.0800644 0.0455075 0.0410053 0.0798952 0.0658780 0.0617327 0.0471464 0.0545634 0.0498035 0.0000000 0.0826084 0.0612237 0.1440738 0.0500428 0.0581330 0.1161923 0.0793385 0.0986662 0.0534286 0.0488710 0.0623132 0.0518217 0.0715417 0.1197721 0.1313157 0.0506890 0.1008002 0.0478008 0.0678462 0.0464699 0.0799582 0.0964281 0.1114960 0.0459160 0.0556138 0.0657957 0.1233699 0.0791207 0.0585580 0.0507659 0.0440871 0.0981679 0.0555270 0.0606025 0.0629494 0.0688450 0.0850091 0.0552544 0.0694145 
