86
Amauria_brandeegeana_62                    0.0000000 0.1709092 0.2659368 0.4318068 0.3060009 0.3844890 0.3996368 0.2305699 0.3655616 0.2951200 0.2855309 0.3467656 0.3080875 0.3097817 0.2783552 0.3743424 0.3465891 0.2644259 0.4947226 0.3297650 0.1020882 0.2582410 0.3786540 0.3583049 0.2812133 0.3395523 0.3624122 0.3810199 0.3878669 0.2828338 0.1778715 0.3015252 0.4028222 0.3048659 0.3511119 0.2823063 0.3072814 0.3484228 0.2898479 0.3712562 0.3435524 0.3454889 0.3046509 0.3535501 0.2996481 0.1945276 0.3511303 0.3498040 0.3576431 0.2971157 0.2855319 0.3150721 0.3347858 0.3650200 0.2923214 0.4735767 0.2734328 0.2453585 0.3034154 0.3558936 0.3122937 0.3292263 0.1273837 0.1443524 0.3481786 0.3988803 0.6739886 0.3550960 0.3757288 0.1265457 0.3426754 0.3388551 0.2978066 0.3441876 0.3342366 0.3521742 0.2332604 0.3592620 0.3951095 0.3510739 0.3518545 0.3436469 0.4190619 0.3992924 0.3713560 0.1940685 
Amauria_carterae_99_mesa                   0.1709092 0.0000000 0.1226638 0.3057103 0.1267696 0.2830189 0.2930763 0.2096216 0.2561429 0.1458610 0.1368098 0.1432919 0.1407913 0.1446719 0.1178979 0.1440752 0.1152677 0.2416847 0.3823833 0.1414242 0.1050674 0.1142663 0.2584812 0.1244233 0.1405534 0.1412304 0.1427766 0.1457457 0.1373426 0.1443507 0.2197996 0.1104735 0.1954920 0.1478739 0.1525081 0.1778926 0.1303133 0.1134616 0.1299188 0.1517612 0.1245226 0.1541337 0.1290337 0.1450481 0.1248902 0.1434251 0.1451247 0.1487872 0.1189528 0.1156218 0.1423760 0.1440679 0.1151365 0.1415097 0.1210497 0.3488123 0.1577184 0.1361994 0.1471497 0.1207314 0.1517760 0.2832210 0.0992346 0.1276938 0.1414844 0.1441259 0.6310463 0.1964138 0.1914109 0.1076651 0.1394066 0.1226501 0.1383821 0.1462530 0.1488117 0.1500952 0.1553696 0.1988945 0.1478595 0.1543926 0.1472405 0.1832676 0.1854387 0.1778926 0.2795370 0.1028873 
Amauria_rotundifolia_SRR9119150            0.2659368 0.1226638 0.0000000 0.4540754 0.2206675 0.2820208 0.4180865 0.2178217 0.3067579 0.1655175 0.2609235 0.2777845 0.2681184 0.2831265 0.2004969 0.2698403 0.2468002 0.2719546 0.4422512 0.2469714 0.0577729 0.1464897 0.1603459 0.2513205 0.2444951 0.2681349 0.3071256 0.3129764 0.2491132 0.1013993 0.1889545 0.3136867 0.3934970 0.1754423 0.2786701 0.2004635 0.2340166 0.1891459 0.2116723 0.2732068 0.2461339 0.3017494 0.2415341 0.2215435 0.2146981 0.1471940 0.2785691 0.2747822 0.2425685 0.2306370 0.2504361 0.2717482 0.2251424 0.3007202 0.2096315 0.4177827 0.1941010 0.1986923 0.1803836 0.2349450 0.1935361 0.2653236 0.1164110 0.1535543 0.2865039 0.2522640 0.6119865 0.3438797 0.3657371 0.0591599 0.2311736 0.2284663 0.1320787 0.2915089 0.2566449 0.2422209 0.1077362 0.3734391 0.3062281 0.2837554 0.2785835 0.1886508 0.4036061 0.3683719 0.3239961 0.1433724 
Conoclinium_coelestinum_SRR9119114         0.4318068 0.3057103 0.4540754 0.0000000 0.4449804 0.4798947 0.5569806 0.2401852 0.4348323 0.3436579 0.3328959 0.4268983 0.3913634 0.3897850 0.2812142 0.4360774 0.4361362 0.3663386 0.5723038 0.4272181 0.1790377 0.4074163 0.3689025 0.4273675 0.3870372 0.4214064 0.4305013 0.4251826 0.4446019 0.3726443 0.2839372 0.4800833 0.4224424 0.3412684 0.4276002 0.3639688 0.3976666 0.3872048 0.4216804 0.4399698 0.4306851 0.3975692 0.4250506 0.3999714 0.4049305 0.2991710 0.4313901 0.4197165 0.4316113 0.4218312 0.3873394 0.3952243 0.4296411 0.4256180 0.4308010 0.5875477 0.3852491 0.3376003 0.4262908 0.4250850 0.3546461 0.3649237 0.2187883 0.2488329 0.4235088 0.4407513 0.6892277 0.4101798 0.4179609 0.1658257 0.4176179 0.4284088 0.4123265 0.3970898 0.4267511 0.4197816 0.3361363 0.4163310 0.3995321 0.4329165 0.4341009 0.3922791 0.5294564 0.5044826 0.4499259 0.3126943 
Eutetras_palmeri_63                        0.3060009 0.1267696 0.2206675 0.4449804 0.0000000 0.2873610 0.3532091 0.1828138 0.3050925 0.2200831 0.2187834 0.2683026 0.2499687 0.2509119 0.1249779 0.2705957 0.2297885 0.2580715 0.4595698 0.2575648 0.1156387 0.2359785 0.2329690 0.2437912 0.2523887 0.2586515 0.2665102 0.2745665 0.2725385 0.2488652 0.2010509 0.2653704 0.3045633 0.2263317 0.2620956 0.2548090 0.2401995 0.2124559 0.2440895 0.2799756 0.2396322 0.2669401 0.2536968 0.2602119 0.2516667 0.1453744 0.2636807 0.2538904 0.2438433 0.2434821 0.2546432 0.2520897 0.2349339 0.2680555 0.2345565 0.4567677 0.2691408 0.2134926 0.2628825 0.2412755 0.2086895 0.2265008 0.1097230 0.1469501 0.2642384 0.2757544 0.6294594 0.3594222 0.3505052 0.1139408 0.2593919 0.2375210 0.2490841 0.2562245 0.2519148 0.2586112 0.1741103 0.3618927 0.2659551 0.2615564 0.2658010 0.2002482 0.3779948 0.3182975 0.3457468 0.1306635 
Eutetras_pringlei_149_quer                 0.3844890 0.2830189 0.2820208 0.4798947 0.2873610 0.0000000 0.3485738 0.1362302 0.3696715 0.3220481 0.2835477 0.2816311 0.3138882 0.3133198 0.2806213 0.3024561 0.3004682 0.1973191 0.1428160 0.2879112 0.2581159 0.2889030 0.2473209 0.3072594 0.3136965 0.2942073 0.3135110 0.3210187 0.3184701 0.3282313 0.3121946 0.3291562 0.1934571 0.3284799 0.2992981 0.3352479 0.3383909 0.3069005 0.2980914 0.3019781 0.3193515 0.3419744 0.3363274 0.3007521 0.3287407 0.2194439 0.2886352 0.2825074 0.3004682 0.2962434 0.3064099 0.3122715 0.2949759 0.3149677 0.3061628 0.1499252 0.3269783 0.3063456 0.2934334 0.3119685 0.3291406 0.0932761 0.2343544 0.3043206 0.2889955 0.3115968 0.4579231 0.3729612 0.3702482 0.2123914 0.2881257 0.3132176 0.2810287 0.3064099 0.2825074 0.2889995 0.3008972 0.3500596 0.2762992 0.2761850 0.2944505 0.3011619 0.3940890 0.3352479 0.1688365 0.3353252 
Eutrochium_fistulosum_SRR9119106           0.3996368 0.2930763 0.4180865 0.5569806 0.3532091 0.3485738 0.0000000 0.2681662 0.3352142 0.2885571 0.4409661 0.4789433 0.4199551 0.4469486 0.2687411 0.5381114 0.4605521 0.3824816 0.4981211 0.3948773 0.2418986 0.3810097 0.3454358 0.4651225 0.4083254 0.4173803 0.5002097 0.4742592 0.4997627 0.3179849 0.3155431 0.5725719 0.4825590 0.2823148 0.4502730 0.3558887 0.4558342 0.3438590 0.4066636 0.5351724 0.4882375 0.4392842 0.4620665 0.3417596 0.3179987 0.2305608 0.4905334 0.5134782 0.5136707 0.4562773 0.3955704 0.4496892 0.4101236 0.4655249 0.4295863 0.5394304 0.3257690 0.2755759 0.3555998 0.5157437 0.3280209 0.3292258 0.2568640 0.2343611 0.4878388 0.4785821 0.7323948 0.4321126 0.5000426 0.2008729 0.3618239 0.3957177 0.3456279 0.4371745 0.4520905 0.3689275 0.2738742 0.5092947 0.4066550 0.4964953 0.4950878 0.3105845 0.5494793 0.5401963 0.4373497 0.2899741 
Galeana_pratensis_104_mex                  0.2305699 0.2096216 0.2178217 0.2401852 0.1828138 0.1362302 0.2681662 0.0000000 0.2330847 0.2380720 0.2322936 0.2444545 0.1964436 0.2004560 0.2291575 0.2349031 0.2208239 0.1316797 0.1025832 0.2387016 0.1995507 0.2244823 0.2292255 0.2401496 0.1961784 0.2373534 0.1909532 0.1736377 0.2181558 0.2397748 0.2560284 0.2362383 0.1858870 0.2456778 0.2666634 0.2402106 0.2121193 0.2302551 0.2117233 0.2403203 0.2405499 0.2054269 0.2088841 0.2422233 0.1985136 0.2333630 0.2385523 0.2451402 0.2303941 0.2138261 0.1959709 0.2001173 0.2346060 0.1881673 0.2219785 0.1441879 0.1834904 0.1913201 0.2424522 0.2303941 0.2219049 0.1654696 0.1766731 0.1827479 0.2390977 0.2178743 0.7364769 0.2224215 0.2140971 0.2208239 0.2340965 0.2403245 0.2161674 0.2005375 0.2373534 0.2382467 0.2329814 0.2168750 0.2168832 0.2516839 0.2437306 0.2128489 0.2303941 0.2402106 0.1162136 0.2407584 
Helianthus_annuus_SRR9119062               0.3655616 0.2561429 0.3067579 0.4348323 0.3050925 0.3696715 0.3352142 0.2330847 0.0000000 0.2886749 0.3068686 0.3067533 0.2828548 0.2809380 0.3033420 0.3827947 0.2941112 0.3108678 0.4517524 0.3022531 0.1631528 0.2449930 0.3273224 0.2958648 0.2840776 0.3196764 0.3064770 0.3115898 0.3185793 0.2409581 0.2752798 0.3602039 0.4269792 0.3059038 0.3154196 0.3210761 0.2877219 0.2917330 0.2860705 0.3825423 0.2879671 0.3042841 0.2873270 0.3216615 0.2835267 0.2301827 0.3049942 0.3102168 0.3032970 0.2837057 0.2858538 0.2863893 0.2829327 0.3080598 0.2641831 0.4374085 0.2409149 0.2743584 0.2969128 0.2935937 0.2821802 0.2787240 0.1714533 0.2287264 0.3068765 0.3154078 0.6506655 0.3621373 0.4026582 0.1847965 0.3024729 0.2877280 0.2919032 0.2994140 0.3272603 0.3179515 0.2253559 0.3765710 0.3667259 0.3227942 0.3208453 0.2962383 0.4415613 0.4132452 0.3436005 0.2670027 
Lycapsus_tenuifolius_17                    0.2951200 0.1458610 0.1655175 0.3436579 0.2200831 0.3220481 0.2885571 0.2380720 0.2886749 0.0000000 0.1494352 0.0933066 0.1535838 0.1552059 0.0898933 0.1651384 0.1072633 0.3069956 0.4616317 0.0850558 0.0085269 0.0932530 0.1788064 0.1101338 0.1532141 0.0933333 0.1785792 0.1729139 0.1586339 0.0090221 0.1701023 0.2362952 0.2588164 0.0073261 0.0918025 0.2017679 0.1632580 0.1043948 0.1571537 0.1666893 0.1115410 0.1690825 0.1665204 0.0947470 0.1597544 0.1524026 0.0891478 0.0957893 0.1130739 0.1604981 0.1595119 0.1575724 0.1073821 0.1776822 0.1092182 0.4013535 0.1799916 0.1606490 0.0964144 0.1086885 0.1532380 0.3363639 0.1199612 0.1724638 0.0893150 0.1552222 0.6141382 0.2293646 0.2198851 0.0792852 0.0816132 0.1100971 0.0539170 0.1612032 0.1072636 0.0883103 0.0884613 0.2378568 0.2114043 0.0904884 0.0962109 0.1944381 0.2696368 0.2199393 0.3452999 0.1747476 
Pericome_caudata_50_silver                 0.2855309 0.1368098 0.2609235 0.3328959 0.2187834 0.2835477 0.4409661 0.2322936 0.3068686 0.1494352 0.0000000 0.1958072 0.1502655 0.1844228 0.1748193 0.2817345 0.2853646 0.2569115 0.4482906 0.1403390 0.0888253 0.1480312 0.2239541 0.2912428 0.1493265 0.1526701 0.2220408 0.2264335 0.2242743 0.1668414 0.1963333 0.3669091 0.2478007 0.1503826 0.1659085 0.1958424 0.1940072 0.2117751 0.2091795 0.2661033 0.2969919 0.1579018 0.2173206 0.1446138 0.1659765 0.1191812 0.2034097 0.2133761 0.3052381 0.1422777 0.1522137 0.1541664 0.2271159 0.1880029 0.1986482 0.4055210 0.1649978 0.1471523 0.1514610 0.2652188 0.1635034 0.2846964 0.1232499 0.1282748 0.2247519 0.2154467 0.6260145 0.1704247 0.1859235 0.0990208 0.1432337 0.2147884 0.1527246 0.1456528 0.2185196 0.1434479 0.1355979 0.2107734 0.2614967 0.2136862 0.2108656 0.2123581 0.3013310 0.2412078 0.3284710 0.1507568 
Perityle_aglossa_84_dead_horse             0.3467656 0.1432919 0.2777845 0.4268983 0.2683026 0.2816311 0.4789433 0.2444545 0.3067533 0.0933066 0.1958072 0.0000000 0.2140794 0.2265502 0.1360166 0.2555315 0.2310501 0.2982898 0.4666610 0.0244181 0.0464389 0.1479629 0.1732164 0.2354565 0.1955861 0.0372859 0.3460398 0.3306330 0.2604426 0.0993188 0.1744108 0.3970314 0.3077431 0.0953954 0.0393803 0.2064688 0.3069794 0.1805107 0.2582328 0.2554742 0.2392700 0.2405975 0.3200751 0.0366798 0.2241745 0.1546453 0.0298094 0.0351818 0.2413031 0.2772276 0.1935330 0.2446751 0.2219790 0.3156062 0.1640062 0.4326685 0.2027398 0.1630019 0.0393524 0.1971203 0.1634060 0.3202119 0.1324840 0.1655946 0.0117990 0.2482944 0.6054966 0.2677911 0.2916398 0.0803271 0.0265014 0.2217708 0.1143613 0.2418441 0.0633274 0.0359187 0.0299155 0.3164347 0.2548147 0.0440450 0.0216816 0.2045206 0.3812356 0.3278874 0.3318737 0.1676042 
Perityle_ajoensis_204                      0.3080875 0.1407913 0.2681184 0.3913634 0.2499687 0.3138882 0.4199551 0.1964436 0.2828548 0.1535838 0.1502655 0.2140794 0.0000000 0.0281753 0.1408321 0.2387359 0.2263062 0.2667508 0.4060723 0.1907034 0.1296175 0.1913668 0.2090852 0.2397961 0.0082697 0.2135257 0.1490952 0.1392595 0.1676592 0.1649971 0.2438557 0.3522190 0.3033832 0.1556467 0.2164594 0.2269542 0.1392406 0.1751524 0.1492878 0.2421768 0.2205568 0.0173034 0.1448973 0.1694872 0.1375744 0.0928684 0.2164122 0.2234290 0.2325360 0.1334200 0.0104250 0.0105244 0.2155984 0.1473042 0.2259954 0.4240370 0.1048107 0.0944333 0.1890258 0.2203622 0.1385780 0.2777002 0.1312403 0.0864189 0.2270114 0.1754954 0.6006225 0.2446662 0.2526745 0.1123763 0.1709531 0.1977551 0.1639827 0.0153725 0.2602600 0.1832737 0.1615014 0.2739108 0.2339655 0.2262009 0.2299570 0.1788466 0.3605129 0.3342334 0.3076819 0.1789011 
Perityle_ambrosiifolia_67_green            0.3097817 0.1446719 0.2831265 0.3897850 0.2509119 0.3133198 0.4469486 0.2004560 0.2809380 0.1552059 0.1844228 0.2265502 0.0281753 0.0000000 0.1412289 0.2558347 0.2298059 0.2672414 0.4065891 0.1883596 0.1297934 0.1929197 0.2262738 0.2575510 0.0187244 0.2177092 0.1709297 0.1620162 0.1867157 0.1692829 0.2473231 0.3666994 0.3032383 0.1572632 0.2299088 0.2288985 0.1577816 0.1754538 0.1466344 0.2574003 0.2240258 0.0380827 0.1667762 0.1670222 0.1377901 0.0931974 0.2262042 0.2333224 0.2371997 0.1512484 0.0114688 0.0330817 0.2183926 0.1691618 0.2345837 0.4306887 0.1050303 0.0943563 0.1876335 0.2251558 0.1386364 0.2773432 0.1342597 0.0891536 0.2389905 0.1947186 0.6015330 0.2435334 0.2537462 0.1230975 0.1685396 0.1967703 0.1686249 0.0371159 0.2720445 0.1808501 0.1644615 0.2823057 0.2326075 0.2388604 0.2425955 0.1830725 0.3608044 0.3315826 0.3103677 0.1850611 
Perityle_angustifolia_13_Eagle_creek       0.2783552 0.1178979 0.2004969 0.2812142 0.1249779 0.2806213 0.2687411 0.2291575 0.3033420 0.0898933 0.1748193 0.1360166 0.1408321 0.1412289 0.0000000 0.0770622 0.0609576 0.2847091 0.3533779 0.0629411 0.0556412 0.0772936 0.1696378 0.0609849 0.1369395 0.0773171 0.2049079 0.1971006 0.1614707 0.0746476 0.1794504 0.1586332 0.1804577 0.0938312 0.1284850 0.1094604 0.1573727 0.0656706 0.1651439 0.0706035 0.0653557 0.1925914 0.1578853 0.0871333 0.1464478 0.1339856 0.0871178 0.1288626 0.0609928 0.1420091 0.1389462 0.1505193 0.0687470 0.1996146 0.0748267 0.2760292 0.1564500 0.1381243 0.0532371 0.0680828 0.1533548 0.3195862 0.1294693 0.1504008 0.1318151 0.1575383 0.6213727 0.1978768 0.2141541 0.0768730 0.1174531 0.0678848 0.0848450 0.2038688 0.0840958 0.1033918 0.0335820 0.2241148 0.1458088 0.1018403 0.1033782 0.1986803 0.0958037 0.0940517 0.2436194 0.1455909 
Perityle_batopilensis_97                   0.3743424 0.1440752 0.2698403 0.4360774 0.2705957 0.3024561 0.5381114 0.2349031 0.3827947 0.1651384 0.2817345 0.2555315 0.2387359 0.2558347 0.0770622 0.0000000 0.1506699 0.2771401 0.4748411 0.2013189 0.0761563 0.1325363 0.1055178 0.1408614 0.2326971 0.2014630 0.3521306 0.3144246 0.2575249 0.1862262 0.2099409 0.3243828 0.2664501 0.1672434 0.2119034 0.1426722 0.3116203 0.1061014 0.3161498 0.0242807 0.1638298 0.2556090 0.2856008 0.1935372 0.2450200 0.1762717 0.2556407 0.2814485 0.1898838 0.2744951 0.2332790 0.2691720 0.1247210 0.3034460 0.1360272 0.4557511 0.2598349 0.2193391 0.2036773 0.2062769 0.2041843 0.3091691 0.1138417 0.1636586 0.2458757 0.2377834 0.6709198 0.2737110 0.2896530 0.0181608 0.2037140 0.1116325 0.1907895 0.2457527 0.2399072 0.1967013 0.1395967 0.3061548 0.2340291 0.2647951 0.2652632 0.2545785 0.1994263 0.1703876 0.3149971 0.1653959 
Perityle_bisetosa_9                        0.3465891 0.1152677 0.2468002 0.4361362 0.2297885 0.3004682 0.4605521 0.2208239 0.2941112 0.1072633 0.2853646 0.2310501 0.2263062 0.2298059 0.0609576 0.1506699 0.0000000 0.2794769 0.4470260 0.1542475 0.0645656 0.0300949 0.0911988 0.0261550 0.2087716 0.1812239 0.3055179 0.2901260 0.2328233 0.1004056 0.1822931 0.3054439 0.2886129 0.1123163 0.2064156 0.1325648 0.2475324 0.0273055 0.1999653 0.1570967 0.0268531 0.2813456 0.2566977 0.1397868 0.1746357 0.1566721 0.1875340 0.2202820 0.0297543 0.2585509 0.2068941 0.2493359 0.0310158 0.3112797 0.0301722 0.4302398 0.1801186 0.1632908 0.1308075 0.0292869 0.1465274 0.2967541 0.1054820 0.1515971 0.2587920 0.2329436 0.6375607 0.2984945 0.3415673 0.0000010 0.1829635 0.0302701 0.1083687 0.2846831 0.1986528 0.1661589 0.0925042 0.3785648 0.2003865 0.2008012 0.2086422 0.1804601 0.2325026 0.2330927 0.3107067 0.1454872 
Perityle_californica_76_positas            0.2644259 0.2416847 0.2719546 0.3663386 0.2580715 0.1973191 0.3824816 0.1316797 0.3108678 0.3069956 0.2569115 0.2982898 0.2667508 0.2672414 0.2847091 0.2771401 0.2794769 0.0000000 0.2325127 0.2966940 0.2159549 0.2752053 0.4450210 0.2836095 0.2666856 0.2949221 0.2539467 0.2588613 0.3068192 0.3296433 0.3042076 0.2490558 0.1927828 0.3154566 0.3109940 0.2917218 0.2381129 0.2769532 0.2318126 0.2857081 0.2886330 0.2775145 0.2499527 0.3003008 0.2389524 0.2927516 0.2988222 0.2929295 0.2859275 0.2407980 0.2644419 0.2635855 0.2851952 0.2548888 0.2889247 0.1810053 0.2722093 0.2501478 0.2975351 0.2882852 0.3215130 0.1331954 0.2144486 0.2463846 0.2915337 0.3160878 0.7615926 0.3112602 0.3072400 0.2366306 0.2937023 0.2859553 0.2860180 0.2691581 0.2929295 0.2991632 0.3247776 0.3082043 0.3055896 0.3027493 0.3061718 0.3423161 0.2833339 0.2917218 0.1297903 0.2459265 
Perityle_canescens_77                      0.4947226 0.3823833 0.4422512 0.5723038 0.4595698 0.1428160 0.4981211 0.1025832 0.4517524 0.4616317 0.4482906 0.4666610 0.4060723 0.4065891 0.3533779 0.4748411 0.4470260 0.2325127 0.0000000 0.4649212 0.3297893 0.4403296 0.3688205 0.4514600 0.4011429 0.4726564 0.4072508 0.4343516 0.4585610 0.4618870 0.3255068 0.4911978 0.2525560 0.4692982 0.4832783 0.4917202 0.4231410 0.4473523 0.3935680 0.4745094 0.4595057 0.4297021 0.4319044 0.4780870 0.4302057 0.2863135 0.4704806 0.4685487 0.4573115 0.4266936 0.4014434 0.4054069 0.4390999 0.4009516 0.4459581 0.1496180 0.4257982 0.3636013 0.4754421 0.4505497 0.4553869 0.1156724 0.3164622 0.2401095 0.4645968 0.4565543 0.7307522 0.5087028 0.5071995 0.2257683 0.4645038 0.4565264 0.4339120 0.4036853 0.4639235 0.4728636 0.4049881 0.5013417 0.4555834 0.4711451 0.4800914 0.4083654 0.5480987 0.5089999 0.1967647 0.3889253 
Perityle_castillonii_96                    0.3297650 0.1414242 0.2469714 0.4272181 0.2575648 0.2879112 0.3948773 0.2387016 0.3022531 0.0850558 0.1403390 0.0244181 0.1907034 0.1883596 0.0629411 0.2013189 0.1542475 0.2966940 0.4649212 0.0000000 0.0510226 0.1374938 0.1576078 0.1577766 0.1896673 0.0328769 0.2567154 0.2441983 0.2132032 0.0911836 0.1772887 0.3193689 0.3015046 0.0858261 0.0307965 0.2029086 0.2014302 0.1206767 0.1904128 0.2014035 0.1566648 0.1997726 0.2172445 0.0292022 0.1833483 0.1395498 0.0145358 0.0287915 0.1603005 0.2089641 0.1894727 0.1950121 0.1591427 0.2574172 0.1455494 0.4309294 0.1971798 0.1560462 0.0322102 0.1564816 0.1555163 0.3186123 0.1413507 0.1683096 0.0204777 0.2070540 0.6076015 0.2638538 0.2558508 0.0800608 0.0060364 0.1577700 0.1073545 0.1985847 0.0585812 0.0282594 0.0209884 0.2795952 0.2345249 0.0358714 0.0234354 0.1982978 0.3365047 0.3027279 0.3327404 0.1634062 
Perityle_cernua_84                         0.1020882 0.1050674 0.0577729 0.1790377 0.1156387 0.2581159 0.2418986 0.1995507 0.1631528 0.0085269 0.0888253 0.0464389 0.1296175 0.1297934 0.0556412 0.0761563 0.0645656 0.2159549 0.3297893 0.0510226 0.0000000 0.0650606 0.1515055 0.0762646 0.1296175 0.0485143 0.1395508 0.1325526 0.1270567 0.0069831 0.1270439 0.1126329 0.1368727 0.0106831 0.0645689 0.0837165 0.1021168 0.0645939 0.0947857 0.0737973 0.0668829 0.1399467 0.1024600 0.0530929 0.0997006 0.1197175 0.0486259 0.0553885 0.0738844 0.0932724 0.1349176 0.1344823 0.0690695 0.1324926 0.0763580 0.2377928 0.1403316 0.1244242 0.0553990 0.0715712 0.1345239 0.2715292 0.1199443 0.1507878 0.0487621 0.1270785 0.6026606 0.0902104 0.0927585 0.0631257 0.0464012 0.0668829 0.0395392 0.1322178 0.0530695 0.0554394 0.0558730 0.0976387 0.1215506 0.0576313 0.0533056 0.1559757 0.0691580 0.0837165 0.2185999 0.1175939 
Perityle_cfvillosa_25_tin                  0.2582410 0.1142663 0.1464897 0.4074163 0.2359785 0.2889030 0.3810097 0.2244823 0.2449930 0.0932530 0.1480312 0.1479629 0.1913668 0.1929197 0.0772936 0.1325363 0.0300949 0.2752053 0.4403296 0.1374938 0.0650606 0.0000000 0.1068831 0.0148936 0.1905713 0.1501516 0.2211077 0.2120573 0.1885412 0.1026771 0.1908174 0.3051091 0.2772956 0.0966550 0.1487949 0.1410042 0.1792119 0.0353647 0.1626932 0.1341186 0.0290223 0.2048575 0.2011220 0.1028687 0.1450717 0.1515608 0.1423640 0.1488601 0.0170519 0.1904022 0.1965455 0.1953429 0.0290074 0.2198701 0.0303108 0.4225501 0.1845741 0.1599539 0.1193277 0.0128050 0.1326542 0.2899651 0.1066351 0.1563855 0.1598454 0.1930057 0.6341901 0.2738179 0.2591136 0.0122357 0.1199481 0.0291500 0.0966849 0.1987342 0.1484299 0.1220655 0.0968958 0.2963259 0.1953496 0.1516605 0.1576940 0.1673352 0.2863216 0.2748458 0.3019858 0.1428622 
Perityle_cinerea_113_Powell1310            0.3786540 0.2584812 0.1603459 0.3689025 0.2329690 0.2473209 0.3454358 0.2292255 0.3273224 0.1788064 0.2239541 0.1732164 0.2090852 0.2262738 0.1696378 0.1055178 0.0911988 0.4450210 0.3688205 0.1576078 0.1515055 0.1068831 0.0000000 0.1017633 0.2264603 0.1575871 0.2478984 0.2375363 0.1885577 0.1641227 0.2217355 0.2745703 0.3741828 0.1823210 0.1647461 0.1490560 0.2790201 0.0983574 0.2608711 0.0982493 0.1053829 0.2353032 0.2802991 0.1616848 0.2793538 0.1812390 0.1579118 0.1499233 0.0982096 0.2532203 0.2259065 0.2301657 0.0911988 0.2357449 0.0982218 0.2848401 0.2346775 0.2423054 0.1647649 0.1050229 0.1909955 0.2809879 0.1805448 0.1740867 0.1540459 0.1907294 0.4526713 0.3086683 0.3118786 0.0102530 0.1651831 0.1018224 0.1630852 0.2308561 0.1499233 0.1501256 0.1338584 0.3149499 0.1835350 0.1613484 0.1646255 0.1804074 0.2153867 0.1490560 0.3374141 0.2599633 
Perityle_coahuilensis_24                   0.3583049 0.1244233 0.2513205 0.4273675 0.2437912 0.3072594 0.4651225 0.2401496 0.2958648 0.1101338 0.2912428 0.2354565 0.2397961 0.2575510 0.0609849 0.1408614 0.0261550 0.2836095 0.4514600 0.1577766 0.0762646 0.0148936 0.1017633 0.0000000 0.2206135 0.1833732 0.3056469 0.2942078 0.2340568 0.1070718 0.1986287 0.3068866 0.2871547 0.1137069 0.2097384 0.1326704 0.2457668 0.0341136 0.1903749 0.1460340 0.0263989 0.2885577 0.2574141 0.1447924 0.1703826 0.1570257 0.1926390 0.2257888 0.0098460 0.2542577 0.2122778 0.2559046 0.0273219 0.3114369 0.0318036 0.4366848 0.1891592 0.1685611 0.1376335 0.0077360 0.1405492 0.3150301 0.1083931 0.1609739 0.2668392 0.2328108 0.6463664 0.3064208 0.3396574 0.0151038 0.1865898 0.0294130 0.1124689 0.2939395 0.2060792 0.1711425 0.1025288 0.3796682 0.2043839 0.2061805 0.2140341 0.1826090 0.2136712 0.2304525 0.3140868 0.1419478 
Perityle_cochisensis_44_cave_creek         0.2812133 0.1405534 0.2444951 0.3870372 0.2523887 0.3136965 0.4083254 0.1961784 0.2840776 0.1532141 0.1493265 0.1955861 0.0082697 0.0187244 0.1369395 0.2326971 0.2087716 0.2666856 0.4011429 0.1896673 0.1296175 0.1905713 0.2264603 0.2206135 0.0000000 0.2054069 0.1259345 0.1158033 0.1572466 0.1653034 0.2437809 0.3379172 0.2991975 0.1554595 0.1979468 0.2303447 0.1404410 0.1765524 0.1512099 0.2344759 0.2055548 0.0175148 0.1480502 0.1678090 0.1396880 0.0928424 0.1978424 0.2053866 0.2128373 0.1360558 0.0104131 0.0092161 0.2082582 0.1215848 0.2093168 0.4219346 0.1016023 0.0963260 0.1884798 0.1997510 0.1384817 0.2775588 0.1312403 0.0863992 0.2106504 0.1655753 0.6099038 0.2535743 0.2512216 0.1194935 0.1690672 0.1997876 0.1653110 0.0133756 0.2312432 0.1822238 0.1616905 0.2729511 0.2286315 0.2067128 0.2093452 0.1697996 0.3598452 0.3398302 0.3078146 0.1825064 
Perityle_congesta_202                      0.3395523 0.1412304 0.2681349 0.4214064 0.2586515 0.2942073 0.4173803 0.2373534 0.3196764 0.0933333 0.1526701 0.0372859 0.2135257 0.2177092 0.0773171 0.2014630 0.1812239 0.2949221 0.4726564 0.0328769 0.0485143 0.1501516 0.1575871 0.1833732 0.2054069 0.0000000 0.2908290 0.2694534 0.2415177 0.1094217 0.1829898 0.3283683 0.3032471 0.0926439 0.0197636 0.1978578 0.2344634 0.1386499 0.2133315 0.1982688 0.1848638 0.2207312 0.2424231 0.0094099 0.2067551 0.1460647 0.0333071 0.0159562 0.1859187 0.2419727 0.2076643 0.2148816 0.1829582 0.2886136 0.1660751 0.4343151 0.2046125 0.1647669 0.0124541 0.1823701 0.1633410 0.3230284 0.1376778 0.1675653 0.0334080 0.2308886 0.6118080 0.2578037 0.2534914 0.0764539 0.0306249 0.1808677 0.1208983 0.2155609 0.0461648 0.0183147 0.0034534 0.2731863 0.2422765 0.0255371 0.0392575 0.2023488 0.3514369 0.3096390 0.3345175 0.1652671 
Perityle_cordifolia_27                     0.3624122 0.1427766 0.3071256 0.4305013 0.2665102 0.3135110 0.5002097 0.1909532 0.3064770 0.1785792 0.2220408 0.3460398 0.1490952 0.1709297 0.2049079 0.3521306 0.3055179 0.2539467 0.4072508 0.2567154 0.1395508 0.2211077 0.2478984 0.3056469 0.1259345 0.2908290 0.0000000 0.0921783 0.1833918 0.1843958 0.2268476 0.3816012 0.3433529 0.1851077 0.3241494 0.2345749 0.1793394 0.2467913 0.1612086 0.3457865 0.3071937 0.1878369 0.1708760 0.2517965 0.1541416 0.0776006 0.3199774 0.3640028 0.3269747 0.1530528 0.1345458 0.1592796 0.2816397 0.0159748 0.2572572 0.4133018 0.0611106 0.0390561 0.2020148 0.3352986 0.1276105 0.2626091 0.1135874 0.0144266 0.3577561 0.1865753 0.5980563 0.3449905 0.3699805 0.1121755 0.2794224 0.2688085 0.1802435 0.1893058 0.2903040 0.2771909 0.1768181 0.3993992 0.2388479 0.3423643 0.3394102 0.1735904 0.4053726 0.3988084 0.3252252 0.1696789 
Perityle_cordifolia_68_tecolote            0.3810199 0.1457457 0.3129764 0.4251826 0.2745665 0.3210187 0.4742592 0.1736377 0.3115898 0.1729139 0.2264335 0.3306330 0.1392595 0.1620162 0.1971006 0.3144246 0.2901260 0.2588613 0.4343516 0.2441983 0.1325526 0.2120573 0.2375363 0.2942078 0.1158033 0.2694534 0.0921783 0.0000000 0.1992189 0.1817182 0.2348234 0.3656227 0.3476845 0.1828143 0.3043103 0.2353198 0.1921330 0.2429601 0.1784312 0.3209645 0.2943101 0.1783620 0.1792020 0.2385244 0.1565477 0.0864819 0.2986177 0.3485022 0.3147791 0.1619752 0.1252425 0.1431998 0.2679341 0.0782185 0.2438363 0.4286779 0.0172033 0.0490436 0.1976564 0.3222993 0.1315247 0.2696351 0.1165438 0.0417104 0.3426763 0.2015148 0.6116444 0.3337784 0.3583532 0.1127511 0.2717127 0.2581131 0.1767978 0.1810486 0.2693593 0.2628640 0.1685132 0.3934802 0.2525086 0.3201738 0.3226723 0.1766823 0.3938870 0.3813856 0.3358042 0.1740913 
Perityle_coronopifolia_28_patagonia        0.3878669 0.1373426 0.2491132 0.4446019 0.2725385 0.3184701 0.4997627 0.2181558 0.3185793 0.1586339 0.2242743 0.2604426 0.1676592 0.1867157 0.1614707 0.2575249 0.2328233 0.3068192 0.4585610 0.2132032 0.1270567 0.1885412 0.1885577 0.2340568 0.1572466 0.2415177 0.1833918 0.1992189 0.0000000 0.1646060 0.2398198 0.3594367 0.3402801 0.1664026 0.2404039 0.2294030 0.2097381 0.1932296 0.1851265 0.2574176 0.2404086 0.1891329 0.2075288 0.1993525 0.1902249 0.1237869 0.2516170 0.2681322 0.2516900 0.1939779 0.1584145 0.1778029 0.2124750 0.1844514 0.2185938 0.4547378 0.1473874 0.1222913 0.2070684 0.2483217 0.0279691 0.2962838 0.1024586 0.0856834 0.2877613 0.0230166 0.6279160 0.3232002 0.3516951 0.0919070 0.2018337 0.2046704 0.1539210 0.1802734 0.2752508 0.2151643 0.1620217 0.3864182 0.1369972 0.2709817 0.2681214 0.0722967 0.3761334 0.3564967 0.3466980 0.1729721 
Perityle_crassifolia_70_ventanas           0.2828338 0.1443507 0.1013993 0.3726443 0.2488652 0.3282313 0.3179849 0.2397748 0.2409581 0.0090221 0.1668414 0.0993188 0.1649971 0.1692829 0.0746476 0.1862262 0.1004056 0.3296433 0.4618870 0.0911836 0.0069831 0.1026771 0.1641227 0.1070718 0.1653034 0.1094217 0.1843958 0.1817182 0.1646060 0.0000000 0.1699356 0.2521201 0.3113101 0.0121289 0.1075684 0.2235850 0.1597993 0.1060304 0.1556662 0.1902835 0.1087268 0.1768531 0.1596794 0.1110908 0.1541953 0.1522307 0.0943551 0.1026949 0.1070972 0.1530604 0.1709349 0.1650142 0.1019980 0.1795205 0.1059543 0.4211558 0.1877755 0.1715068 0.1079230 0.1052416 0.1539695 0.3420279 0.1219131 0.1723002 0.0929134 0.1640912 0.6209717 0.2789914 0.2812988 0.0858341 0.0863215 0.1070411 0.0573981 0.1693295 0.1010803 0.1034955 0.0898208 0.2847181 0.2419534 0.1076395 0.0994719 0.1597974 0.3260473 0.2666713 0.3702550 0.1695397 
Perityle_crassifolia_74_playa_balandra     0.1778715 0.2197996 0.1889545 0.2839372 0.2010509 0.3121946 0.3155431 0.2560284 0.2752798 0.1701023 0.1963333 0.1744108 0.2438557 0.2473231 0.1794504 0.2099409 0.1822931 0.3042076 0.3255068 0.1772887 0.1270439 0.1908174 0.2217355 0.1986287 0.2437809 0.1829898 0.2268476 0.2348234 0.2398198 0.1699356 0.0000000 0.2467494 0.2414364 0.1701371 0.2018660 0.2162200 0.2263324 0.1829152 0.2204792 0.2001968 0.1855184 0.2439298 0.2212895 0.1803152 0.2114588 0.2311094 0.1777834 0.1862243 0.1950762 0.2229838 0.2474410 0.2432068 0.1883145 0.2344021 0.1887824 0.2971147 0.2219770 0.2086036 0.1740268 0.1918356 0.2533097 0.3159599 0.1883121 0.1896299 0.1777133 0.2394689 0.5763046 0.2043575 0.2050459 0.1546777 0.1652726 0.1855190 0.1364422 0.2469470 0.1829898 0.1741188 0.1601278 0.2123618 0.2306206 0.1921529 0.1746284 0.2282865 0.1950255 0.2342199 0.3261769 0.2312066 
Perityle_cuneata_34_cuneata_San_antonio    0.3015252 0.1104735 0.3136867 0.4800833 0.2653704 0.3291562 0.5725719 0.2362383 0.3602039 0.2362952 0.3669091 0.3970314 0.3522190 0.3666994 0.1586332 0.3243828 0.3054439 0.2490558 0.4911978 0.3193689 0.1126329 0.3051091 0.2745703 0.3068866 0.3379172 0.3283683 0.3816012 0.3656227 0.3594367 0.2521201 0.2467494 0.0000000 0.3359231 0.2395676 0.3754614 0.2672681 0.3070616 0.2486669 0.2530738 0.3229692 0.3177134 0.4048682 0.3170742 0.2936339 0.2221175 0.1912640 0.3763572 0.4084357 0.3479652 0.3395958 0.3299976 0.3904147 0.3052260 0.3856430 0.3241488 0.4972124 0.2825422 0.2348555 0.2940313 0.3687417 0.2364060 0.2979033 0.1144779 0.1728374 0.4378069 0.3510454 0.6691928 0.3349476 0.4157086 0.1129860 0.3408557 0.2942365 0.2481676 0.4125601 0.3463940 0.3312717 0.1931557 0.4157175 0.2436693 0.3971467 0.4066004 0.2383736 0.3692541 0.4018661 0.3525210 0.0316832 
Perityle_cuneata_4                         0.4028222 0.1954920 0.3934970 0.4224424 0.3045633 0.1934571 0.4825590 0.1858870 0.4269792 0.2588164 0.2478007 0.3077431 0.3033832 0.3032383 0.1804577 0.2664501 0.2886129 0.1927828 0.2525560 0.3015046 0.1368727 0.2772956 0.3741828 0.2871547 0.2991975 0.3032471 0.3433529 0.3476845 0.3402801 0.3113101 0.2414364 0.3359231 0.0000000 0.2598640 0.3073666 0.2530042 0.3234474 0.2593680 0.2993919 0.2656361 0.2880549 0.3290155 0.3266620 0.2887405 0.2985191 0.2285059 0.3177496 0.3075903 0.2922186 0.3237354 0.3014084 0.3071841 0.2845792 0.3442397 0.2778723 0.1908222 0.3094987 0.2587485 0.2909126 0.2888309 0.2798613 0.1898255 0.1586354 0.2032435 0.3104446 0.3362065 0.7547008 0.3237289 0.3146013 0.1721991 0.2938383 0.2854130 0.2697435 0.3215199 0.3430104 0.2889446 0.2212240 0.3306966 0.3049096 0.3105249 0.3131990 0.3147892 0.3351841 0.3329985 0.1712906 0.2079891 
Perityle_discoidea_81                      0.3048659 0.1478739 0.1754423 0.3412684 0.2263317 0.3284799 0.2823148 0.2456778 0.3059038 0.0073261 0.1503826 0.0953954 0.1556467 0.1572632 0.0938312 0.1672434 0.1123163 0.3154566 0.4692982 0.0858261 0.0106831 0.0966550 0.1823210 0.1137069 0.1554595 0.0926439 0.1851077 0.1828143 0.1664026 0.0121289 0.1701371 0.2395676 0.2598640 0.0000000 0.0925349 0.2071493 0.1672636 0.1094432 0.1599588 0.1687893 0.1165991 0.1710638 0.1688915 0.0954647 0.1620730 0.1563781 0.0898956 0.0939748 0.1166457 0.1628957 0.1615291 0.1595926 0.1125689 0.1842351 0.1125909 0.4047953 0.1833139 0.1579776 0.0983727 0.1122628 0.1580361 0.3441359 0.1257092 0.1758689 0.0927429 0.1614783 0.6126769 0.2284463 0.2222506 0.0859465 0.0824081 0.1151528 0.0555354 0.1632154 0.1192794 0.0890669 0.0924946 0.2368954 0.2155844 0.0912285 0.0969210 0.2006819 0.2710886 0.2197441 0.3482920 0.1789348 
Perityle_dissecta_201                      0.3511119 0.1525081 0.2786701 0.4276002 0.2620956 0.2992981 0.4502730 0.2666634 0.3154196 0.0918025 0.1659085 0.0393803 0.2164594 0.2299088 0.1284850 0.2119034 0.2064156 0.3109940 0.4832783 0.0307965 0.0645689 0.1487949 0.1647461 0.2097384 0.1979468 0.0197636 0.3241494 0.3043103 0.2404039 0.1075684 0.2018660 0.3754614 0.3073666 0.0925349 0.0000000 0.2082708 0.2752883 0.1702021 0.2460086 0.2102975 0.2087201 0.2235156 0.2835027 0.0196457 0.2268662 0.1603588 0.0340065 0.0215172 0.2121700 0.2513026 0.2001997 0.2177586 0.2112852 0.2957569 0.1620514 0.4407624 0.2061416 0.1661999 0.0239482 0.1802494 0.1615833 0.3532643 0.1465233 0.1826378 0.0349193 0.2312531 0.6459052 0.2621437 0.2691100 0.0967635 0.0336777 0.2087389 0.1193224 0.2134926 0.0490733 0.0176504 0.0227016 0.2887427 0.2420250 0.0243965 0.0408602 0.2041543 0.3833848 0.3225871 0.3407592 0.1750062 
Perityle_emoryi_47_punta_san_jose          0.2823063 0.1778926 0.2004635 0.3639688 0.2548090 0.3352479 0.3558887 0.2402106 0.3210761 0.2017679 0.1958424 0.2064688 0.2269542 0.2288985 0.1094604 0.1426722 0.1325648 0.2917218 0.4917202 0.2029086 0.0837165 0.1410042 0.1490560 0.1326704 0.2303447 0.1978578 0.2345749 0.2353198 0.2294030 0.2235850 0.2162200 0.2672681 0.2530042 0.2071493 0.2082708 0.0000000 0.2366505 0.1326624 0.2362686 0.1425408 0.1295027 0.2405450 0.2436709 0.1996574 0.2391440 0.2248064 0.2008352 0.1994479 0.1344044 0.2259672 0.2342235 0.2338319 0.1325995 0.2376695 0.1348914 0.4331789 0.2651322 0.2079241 0.2050794 0.1291784 0.2394984 0.3222267 0.1257483 0.1854813 0.1976219 0.2360893 0.6819762 0.2752770 0.2682221 0.0306026 0.2009290 0.1278424 0.1916898 0.2401739 0.1994795 0.1971345 0.1823023 0.2792536 0.2394213 0.2083245 0.2045703 0.2841645 0.1892971 0.0000010 0.3505075 0.1780017 
Perityle_feddemae_99                       0.3072814 0.1303133 0.2340166 0.3976666 0.2401995 0.3383909 0.4558342 0.2121193 0.2877219 0.1632580 0.1940072 0.3069794 0.1392406 0.1577816 0.1573727 0.3116203 0.2475324 0.2381129 0.4231410 0.2014302 0.1021168 0.1792119 0.2790201 0.2457668 0.1404410 0.2344634 0.1793394 0.1921330 0.2097381 0.1597993 0.2263324 0.3070616 0.3234474 0.1672636 0.2752883 0.2366505 0.0000000 0.1982071 0.1072422 0.3103139 0.2474044 0.1855349 0.0376954 0.2070659 0.0262252 0.1028329 0.2638750 0.3148660 0.2665107 0.0478418 0.1375079 0.1568703 0.2118163 0.1636099 0.2390347 0.4064214 0.1408534 0.1429655 0.1837585 0.2783193 0.1810361 0.2954427 0.1022652 0.1301920 0.3218056 0.2075212 0.5924199 0.2672568 0.3255268 0.1261856 0.2296607 0.2034126 0.1776517 0.1919033 0.2467497 0.2217952 0.1477233 0.3546379 0.2517164 0.2883260 0.2897104 0.2024506 0.3260431 0.3361755 0.3190491 0.1346778 
Perityle_fosteri_93                        0.3484228 0.1134616 0.1891459 0.3872048 0.2124559 0.3069005 0.3438590 0.2302551 0.2917330 0.1043948 0.2117751 0.1805107 0.1751524 0.1754538 0.0656706 0.1061014 0.0273055 0.2769532 0.4473523 0.1206767 0.0645939 0.0353647 0.0983574 0.0341136 0.1765524 0.1386499 0.2467913 0.2429601 0.1932296 0.1060304 0.1829152 0.2486669 0.2593680 0.1094432 0.1702021 0.1326624 0.1982071 0.0000000 0.1875578 0.1109927 0.0353744 0.2205516 0.2084919 0.1379218 0.1758859 0.1679358 0.1427587 0.1751356 0.0370427 0.1917894 0.1761141 0.1786354 0.0412922 0.2453537 0.0304923 0.4219160 0.1882489 0.1653695 0.1161924 0.0329956 0.1419058 0.3086221 0.1000152 0.1608577 0.1826722 0.1945584 0.6449978 0.2820642 0.2880854 0.0059907 0.1603675 0.0385816 0.1106426 0.2277922 0.1450133 0.1471192 0.0985995 0.3066283 0.2088342 0.1536940 0.1637397 0.1807773 0.1881910 0.1693318 0.3108488 0.1420055 
Perityle_gamon_221                         0.2898479 0.1299188 0.2116723 0.4216804 0.2440895 0.2980914 0.4066636 0.2117233 0.2860705 0.1571537 0.2091795 0.2582328 0.1492878 0.1466344 0.1651439 0.3161498 0.1999653 0.2318126 0.3935680 0.1904128 0.0947857 0.1626932 0.2608711 0.1903749 0.1512099 0.2133315 0.1612086 0.1784312 0.1851265 0.1556662 0.2204792 0.2530738 0.2993919 0.1599588 0.2460086 0.2362686 0.1072422 0.1875578 0.0000000 0.3075712 0.1838692 0.1890789 0.0950376 0.2053020 0.0912047 0.0058133 0.2182060 0.2723642 0.2212896 0.0858845 0.1511137 0.1553737 0.1934824 0.1460430 0.1866883 0.3938024 0.1337487 0.1395105 0.2003800 0.2337502 0.1637596 0.2968305 0.0727699 0.0994562 0.3017330 0.1854170 0.6566531 0.2635602 0.3212462 0.1262279 0.2317517 0.1963359 0.1847846 0.1947004 0.2062567 0.2277534 0.1360712 0.3194888 0.2260885 0.2422313 0.2357040 0.1803704 0.3406022 0.3266024 0.3062426 0.1441003 
Perityle_gentryi_8_san_francisco           0.3712562 0.1517612 0.2732068 0.4399698 0.2799756 0.3019781 0.5351724 0.2403203 0.3825423 0.1666893 0.2661033 0.2554742 0.2421768 0.2574003 0.0706035 0.0242807 0.1570967 0.2857081 0.4745094 0.2014035 0.0737973 0.1341186 0.0982493 0.1460340 0.2344759 0.1982688 0.3457865 0.3209645 0.2574176 0.1902835 0.2001968 0.3229692 0.2656361 0.1687893 0.2102975 0.1425408 0.3103139 0.1109927 0.3075712 0.0000000 0.1704891 0.2587897 0.2882956 0.1901658 0.2463888 0.1844275 0.2557252 0.2773026 0.1965330 0.2777020 0.2350521 0.2751258 0.1272977 0.3101515 0.1361543 0.4561644 0.2665469 0.2230620 0.2037708 0.2131315 0.2074679 0.3153139 0.1137084 0.1581382 0.2447125 0.2360508 0.6831372 0.2655697 0.2805500 0.0212723 0.2005298 0.1152990 0.1955674 0.2473551 0.2399839 0.1905677 0.1399978 0.3036550 0.2350756 0.2647784 0.2665468 0.2571362 0.1955794 0.1693568 0.3250541 0.1673391 
Perityle_gilensis_22_Superstition          0.3435524 0.1245226 0.2461339 0.4306851 0.2396322 0.3193515 0.4882375 0.2405499 0.2879671 0.1115410 0.2969919 0.2392700 0.2205568 0.2240258 0.0653557 0.1638298 0.0268531 0.2886330 0.4595057 0.1566648 0.0668829 0.0290223 0.1053829 0.0263989 0.2055548 0.1848638 0.3071937 0.2943101 0.2404086 0.1087268 0.1855184 0.3177134 0.2880549 0.1165991 0.2087201 0.1295027 0.2474044 0.0353744 0.1838692 0.1704891 0.0000000 0.2811007 0.2421339 0.1448633 0.1690995 0.1643920 0.1987771 0.2304957 0.0291723 0.2517996 0.2036835 0.2545409 0.0313661 0.3116801 0.0283054 0.4465663 0.1835869 0.1684063 0.1376517 0.0268185 0.1467398 0.3216507 0.1054437 0.1607297 0.2948761 0.2349224 0.6548008 0.2964509 0.3511509 0.0181723 0.1853642 0.0041227 0.1166665 0.2942438 0.2049944 0.1698900 0.1066465 0.3889541 0.2039510 0.2118285 0.2203863 0.1886953 0.2309486 0.2279997 0.3207354 0.1456476 
Perityle_gilensis_salensis_225             0.3454889 0.1541337 0.3017494 0.3975692 0.2669401 0.3419744 0.4392842 0.2054269 0.3042841 0.1690825 0.1579018 0.2405975 0.0173034 0.0380827 0.1925914 0.2556090 0.2813456 0.2775145 0.4297021 0.1997726 0.1399467 0.2048575 0.2353032 0.2885577 0.0175148 0.2207312 0.1878369 0.1783620 0.1891329 0.1768531 0.2439298 0.4048682 0.3290155 0.1710638 0.2235156 0.2405450 0.1855349 0.2205516 0.1890789 0.2587897 0.2811007 0.0000000 0.1853303 0.1787089 0.1813825 0.1061604 0.2417490 0.2478770 0.2899378 0.1687790 0.0197413 0.0203319 0.2484921 0.1697389 0.2376957 0.4518234 0.1149108 0.1102203 0.2007389 0.2666744 0.1514898 0.2831492 0.1341382 0.1000327 0.2507372 0.1881866 0.6183495 0.2570112 0.2724866 0.1264554 0.1890587 0.2402927 0.1730268 0.0264618 0.2811450 0.1939911 0.1690026 0.2995806 0.2593530 0.2470572 0.2526049 0.1891882 0.4008341 0.3591856 0.3129962 0.1929434 
Perityle_glaucescens_94                    0.3046509 0.1290337 0.2415341 0.4250506 0.2536968 0.3363274 0.4620665 0.2088841 0.2873270 0.1665204 0.2173206 0.3200751 0.1448973 0.1667762 0.1578853 0.2856008 0.2566977 0.2499527 0.4319044 0.2172445 0.1024600 0.2011220 0.2802991 0.2574141 0.1480502 0.2424231 0.1708760 0.1792020 0.2075288 0.1596794 0.2212895 0.3170742 0.3266620 0.1688915 0.2835027 0.2436709 0.0376954 0.2084919 0.0950376 0.2882956 0.2421339 0.1853303 0.0000000 0.2083580 0.0194378 0.1052410 0.2765843 0.3247940 0.2790819 0.0423493 0.1531514 0.1569283 0.2350392 0.1573301 0.2602864 0.4317331 0.1442134 0.1464359 0.2001415 0.2872428 0.1917532 0.3113038 0.1026526 0.1327276 0.3762633 0.2098200 0.5931237 0.2699156 0.3394217 0.1254440 0.2446368 0.2212553 0.1797415 0.1926005 0.2676881 0.2359694 0.1454101 0.3641463 0.2416671 0.2950229 0.3047955 0.2075503 0.3589536 0.3658606 0.3252433 0.1326061 
Perityle_gracilis_11                       0.3535501 0.1450481 0.2215435 0.3999714 0.2602119 0.3007521 0.3417596 0.2422233 0.3216615 0.0947470 0.1446138 0.0366798 0.1694872 0.1670222 0.0871333 0.1935372 0.1397868 0.3003008 0.4780870 0.0292022 0.0530929 0.1028687 0.1616848 0.1447924 0.1678090 0.0094099 0.2517965 0.2385244 0.1993525 0.1110908 0.1803152 0.2936339 0.2887405 0.0954647 0.0196457 0.1996574 0.2070659 0.1379218 0.2053020 0.1901658 0.1448633 0.1787089 0.2083580 0.0000000 0.2063911 0.1496779 0.0313312 0.0186048 0.1474376 0.2041712 0.1690905 0.1715428 0.1417258 0.2449147 0.1161080 0.4364730 0.2065243 0.1628749 0.0162522 0.1383161 0.1648477 0.3292293 0.1435361 0.1736839 0.0324375 0.1945774 0.6096533 0.2502904 0.2431518 0.0798253 0.0294049 0.1447759 0.1138232 0.1719824 0.0533209 0.0165900 0.0069239 0.2562155 0.2434403 0.0238371 0.0377750 0.2085428 0.3098726 0.2622075 0.3368976 0.1692324 
