84
Amauria_brandeegeana_62                    0.0000000 0.0622847 0.0789480 0.2668497 0.2903250 0.2630911 0.2731649 0.3847703 0.0094662 0.1167619 0.1182161 0.0914234 0.1034888 0.0964324 0.1243565 0.1073646 0.1885465 0.1126366 0.1039532 0.1246807 0.1351621 0.1739362 0.1037490 0.1118363 0.1038471 0.0976112 0.1138110 0.1165732 0.0806223 0.0766702 0.1008048 0.1044090 0.0144964 0.1008951 0.1175963 0.1183466 0.1118368 0.1135412 0.1167649 0.1017791 0.1276643 0.1125876 0.0993942 0.1168195 0.1093467 0.1052573 0.1098940 0.1190095 0.1004875 0.0970135 0.1341986 0.1063468 0.0933105 0.1278554 0.1104129 0.1248546 0.1035374 0.1084286 0.0942174 0.0810737 0.1236348 0.0852570 0.1092731 0.1120475 0.1065306 0.1034446 0.1110143 0.1129352 0.1102563 0.1042539 0.0936652 0.0991448 0.1100278 0.0983144 0.0669918 0.1085514 0.1313618 0.1183732 0.1098881 0.1202251 0.1128240 0.1120232 0.0931017 0.1015062 
Amauria_carterae_99_mesa                   0.0622847 0.0000000 0.0676609 0.2855596 0.2068682 0.1829383 0.2890990 0.2161918 0.0741055 0.0895063 0.1156522 0.0645846 0.0725214 0.0776869 0.0948331 0.0960413 0.1593483 0.0890105 0.0827276 0.1171085 0.0756707 0.1107791 0.0785991 0.0766526 0.0758307 0.0801387 0.0876683 0.0791015 0.0758018 0.0662556 0.0963441 0.0698783 0.0633116 0.0819307 0.0868458 0.1053164 0.0964330 0.0860833 0.0927980 0.0775727 0.0796706 0.0979385 0.0702686 0.1000073 0.0922633 0.0726773 0.0850421 0.1030057 0.0715014 0.0727932 0.0725877 0.0941230 0.0756381 0.0830035 0.0917342 0.0974949 0.0776899 0.0777312 0.0827987 0.0698849 0.0935241 0.0820842 0.0983067 0.0799520 0.0887781 0.0884559 0.0985510 0.1118357 0.0901319 0.0785985 0.0786244 0.0726428 0.0746191 0.0766920 0.0657054 0.0927038 0.1048736 0.1040810 0.0971056 0.0984992 0.0838995 0.0932456 0.0957914 0.0834695 
Amauria_rotundifolia_SRR9119150            0.0789480 0.0676609 0.0000000 0.2741134 0.2973218 0.2599900 0.3023985 0.3721699 0.0827811 0.1141807 0.1160330 0.0983631 0.0971534 0.0998086 0.1196261 0.1032274 0.1899369 0.1171937 0.1051211 0.1320375 0.1271443 0.1635922 0.1057584 0.1129503 0.0983114 0.1008731 0.1093329 0.1098388 0.0770453 0.0736122 0.1157627 0.1080087 0.0833663 0.1068314 0.1064771 0.1215289 0.1125405 0.1144778 0.1173971 0.1042259 0.1129082 0.1109131 0.0994324 0.1178053 0.1082329 0.0981682 0.1064111 0.1213414 0.0985350 0.0983973 0.1083118 0.1117259 0.0942375 0.1289778 0.1136964 0.1296601 0.1041790 0.1066294 0.0908408 0.0786366 0.1264725 0.0933943 0.1114933 0.1130397 0.1116858 0.1166572 0.1180119 0.1016393 0.1095894 0.1050771 0.0949491 0.1020826 0.0998012 0.1039061 0.0695285 0.1166020 0.1247324 0.1198114 0.1142330 0.1156835 0.1076406 0.1181193 0.0710447 0.0956371 
Eutetras_palmeri_63                        0.2668497 0.2855596 0.2741134 0.0000000 0.2978740 0.4069079 0.2838940 0.3804101 0.5599317 0.2689407 0.5668578 0.2574335 0.2571808 0.2585443 0.2745766 0.2558483 0.5532715 0.2875599 0.2460601 0.2616488 0.2395542 0.3355125 0.2545414 0.2447252 0.2639056 0.2682536 0.2890571 0.2817426 0.3162669 0.2872881 0.2566593 0.2618996 0.2741194 0.2628789 0.2809081 0.2803153 0.2585731 0.2855430 0.2729100 0.2547037 0.2801354 0.2895504 0.2516469 0.2713053 0.2587721 0.2513937 0.2633210 0.2678954 0.2412979 0.2390162 0.2750289 0.2725721 0.2577753 0.2963560 0.3690743 0.2798674 0.2497380 0.2656742 0.2775110 0.3089493 0.3069681 0.3132314 0.2706110 0.2760917 0.2697615 0.2689544 0.2682989 0.5743602 0.2634935 0.2555557 0.2572255 0.2471325 0.2548357 0.2560897 0.2422732 0.2680026 0.2856093 0.2862528 0.2656431 0.6336765 0.2661927 0.2634883 0.5938805 0.3019415 
Eutetras_pringlei_149_quer                 0.2903250 0.2068682 0.2973218 0.2978740 0.0000000 0.3632349 0.3457724 0.2810928 0.3203337 0.2995612 0.3016170 0.2778614 0.2577270 0.2253669 0.2939061 0.2850314 0.3309904 0.2915307 0.2693212 0.2628230 0.2864917 0.1972551 0.2705389 0.2649474 0.2719235 0.2590185 0.2999429 0.2894906 0.2673615 0.1962636 0.2794159 0.2795009 0.2852162 0.2731874 0.2930457 0.3076606 0.2772053 0.3021583 0.2938238 0.2639260 0.2744077 0.3060450 0.2594091 0.2975223 0.2736959 0.2627365 0.2742350 0.2954355 0.2600615 0.2610474 0.2597793 0.3008111 0.2641386 0.2855591 0.2480426 0.2573556 0.2774439 0.2747334 0.2661758 0.1991506 0.3022263 0.2425002 0.2855354 0.2890009 0.3067064 0.3092165 0.3100226 0.2015460 0.2723473 0.2720061 0.2946087 0.2751645 0.2729361 0.2724090 0.1833390 0.3156362 0.2989352 0.2971399 0.2845170 0.2101527 0.2774789 0.2840449 0.1951036 0.2259223 
Eutrochium_fistulosum_SRR9119106           0.2630911 0.1829383 0.2599900 0.4069079 0.3632349 0.0000000 0.2000433 0.4025614 0.1724104 0.2502275 0.1733229 0.2723381 0.2601353 0.2381076 0.2472935 0.2930525 0.2318093 0.2234813 0.2341269 0.2399335 0.2639763 0.2621021 0.2382744 0.2494596 0.2455873 0.2220505 0.2624514 0.2517685 0.1827257 0.1437462 0.2478096 0.2344403 0.2612430 0.2544247 0.2428533 0.2485172 0.2539311 0.2492468 0.2621794 0.2390794 0.2539147 0.2481138 0.2598951 0.2424428 0.2292289 0.2566250 0.2481359 0.2273347 0.2444688 0.2417946 0.2613553 0.2507393 0.2290333 0.2540318 0.2020924 0.2421506 0.2416570 0.2486290 0.2052132 0.1513157 0.2262248 0.2089814 0.2545385 0.2493942 0.2604231 0.2534640 0.2424374 0.1146141 0.2501106 0.2381486 0.2513423 0.2401996 0.2487060 0.2484916 0.1739998 0.2523978 0.2558892 0.2532625 0.2397321 0.1380365 0.2547825 0.2053958 0.1088033 0.1983280 
Galeana_pratensis_104_mex                  0.2731649 0.2890990 0.3023985 0.2838940 0.3457724 0.2000433 0.0000000 0.3583848 0.5183434 0.3207209 0.5346810 0.2814166 0.2944320 0.2967619 0.3030124 0.3016369 0.4566637 0.2976174 0.2814166 0.2825674 0.2886527 0.3398899 0.2922708 0.2922511 0.2891583 0.3155284 0.3062437 0.3011138 0.2883514 0.2914896 0.2937228 0.2816726 0.2770830 0.3052944 0.3145012 0.3082957 0.2998187 0.3087814 0.2909126 0.2922708 0.2885139 0.3137259 0.2904030 0.3042337 0.2924002 0.2904030 0.3011186 0.3122731 0.2944320 0.3025672 0.2944320 0.3193820 0.2928802 0.2970973 0.3140091 0.3230255 0.2963839 0.2848175 0.3082030 0.3084559 0.2961105 0.3105373 0.2926897 0.3087120 0.3151102 0.2868419 0.3003283 0.5577987 0.3006990 0.2961428 0.2880774 0.2922285 0.2848175 0.3002961 0.2892950 0.2877456 0.3159447 0.3196824 0.3050875 0.5030353 0.3089455 0.3028895 0.5703868 0.3215260 
Helianthus_annuus_SRR9119062               0.3847703 0.2161918 0.3721699 0.3804101 0.2810928 0.4025614 0.3583848 0.0000000 0.4365329 0.3689968 0.4314143 0.3259350 0.3358837 0.2409036 0.3662248 0.3570056 0.3620640 0.3562957 0.3492938 0.3569598 0.3640355 0.2302867 0.3590111 0.3577784 0.3493300 0.2914374 0.3809753 0.3742536 0.2802328 0.2113117 0.3631011 0.3578937 0.3817570 0.3632408 0.3507484 0.3676563 0.3724791 0.3787525 0.3628864 0.3544080 0.3552324 0.3659787 0.3328051 0.3682073 0.3513996 0.3352834 0.3635839 0.3704609 0.3429888 0.3375961 0.3390382 0.3688312 0.3243219 0.3502088 0.3119088 0.2360204 0.3597328 0.3569426 0.2632946 0.1886275 0.3773995 0.2391508 0.3740955 0.3771805 0.3632040 0.3725974 0.3726163 0.2588163 0.3601649 0.3615168 0.3724314 0.3565634 0.3473513 0.3520484 0.1676357 0.3764133 0.3822332 0.3706344 0.3754951 0.2195809 0.3646766 0.3773009 0.1919506 0.2475076 
Lycapsus_tenuifolius_17                    0.0094662 0.0741055 0.0827811 0.5599317 0.3203337 0.1724104 0.5183434 0.4365329 0.0000000 0.1082944 0.1199746 0.0936766 0.1139499 0.0910322 0.1521571 0.1166375 0.1269318 0.1281888 0.1119589 0.1218189 0.1236464 0.1808088 0.1111430 0.1285449 0.1055806 0.0993240 0.1193387 0.1328262 0.0896179 0.0876780 0.1221759 0.1085817 0.0024833 0.1110357 0.1001180 0.1328694 0.1307720 0.1208782 0.1498985 0.1086305 0.1187166 0.1267553 0.1117862 0.1309374 0.1198057 0.1148662 0.1122302 0.1296278 0.1161250 0.1150853 0.1148475 0.1106706 0.1027932 0.1240002 0.1047679 0.1225808 0.1172049 0.1146304 0.1093048 0.0816532 0.1422099 0.0877198 0.1229536 0.1356215 0.1130833 0.1006844 0.1046676 0.0994810 0.1208637 0.1101628 0.1044669 0.1102775 0.1092273 0.1102505 0.0633468 0.1058519 0.1469907 0.1358249 0.1263381 0.1025634 0.1172636 0.1333434 0.0841557 0.1119517 
Pericome_caudata_50_silver                 0.1167619 0.0895063 0.1141807 0.2689407 0.2995612 0.2502275 0.3207209 0.3689968 0.1082944 0.0000000 0.1051410 0.0894273 0.0954635 0.0838311 0.1136607 0.1065225 0.1697505 0.1063617 0.0991669 0.1138863 0.1210214 0.1602639 0.1295065 0.1113479 0.0977131 0.1453948 0.1461880 0.1144138 0.0871131 0.0849047 0.0821956 0.1203833 0.1057233 0.0944663 0.1434022 0.1071948 0.0986384 0.1102585 0.1085571 0.1270280 0.1117444 0.1114281 0.0845951 0.1066307 0.0970211 0.1254604 0.1255074 0.1078613 0.0893629 0.0912495 0.1248979 0.1084948 0.0768066 0.1131245 0.1139772 0.1226919 0.0930368 0.1327296 0.0824586 0.0770597 0.1177483 0.0789159 0.1425345 0.1020775 0.1206714 0.0615225 0.0576114 0.0834912 0.1012388 0.1213229 0.1031945 0.0951623 0.1151708 0.0938374 0.0715721 0.0716982 0.1531889 0.1389277 0.1042842 0.0972354 0.1004357 0.0881653 0.0732522 0.0906660 
Perityle_aglossa_84_dead_horse             0.1182161 0.1156522 0.1160330 0.5668578 0.3016170 0.1733229 0.5346810 0.4314143 0.1199746 0.1051410 0.0000000 0.0855695 0.0512506 0.0511391 0.1155384 0.0609063 0.1106176 0.0961064 0.0673620 0.0730929 0.1010405 0.1447341 0.0720901 0.1007376 0.0727992 0.0970711 0.0994124 0.1082297 0.0884945 0.0933378 0.0949845 0.1116077 0.1190096 0.0852827 0.1199562 0.1015378 0.0865779 0.0968157 0.1096442 0.0694742 0.0701720 0.0980660 0.0584529 0.1005910 0.0821434 0.0592593 0.0703121 0.0969342 0.0521898 0.0586878 0.0510856 0.0836934 0.0577940 0.0949121 0.1025593 0.1046913 0.0745834 0.0706253 0.0915440 0.0718788 0.1209359 0.0838948 0.0153250 0.1107825 0.0899078 0.1125934 0.1027240 0.0877792 0.0806870 0.0703789 0.1037409 0.0745235 0.0647066 0.0780588 0.0596679 0.1151974 0.1197833 0.1067646 0.0188719 0.1068528 0.0725960 0.0898405 0.0748010 0.0832526 
Perityle_ajoensis_204                      0.0914234 0.0645846 0.0983631 0.2574335 0.2778614 0.2723381 0.2814166 0.3259350 0.0936766 0.0894273 0.0855695 0.0000000 0.0297952 0.0356669 0.0877345 0.0564815 0.1947439 0.0951591 0.0306352 0.0821998 0.0623908 0.0920944 0.0324113 0.0347305 0.0220232 0.0519584 0.0837002 0.0739339 0.0706029 0.0550917 0.0886354 0.0804562 0.0916312 0.0292698 0.1132862 0.1003158 0.0381034 0.0915835 0.0892385 0.0289987 0.0547807 0.0963521 0.0313484 0.1009076 0.0365603 0.0303909 0.0281376 0.1046117 0.0341828 0.0357012 0.0563816 0.0685953 0.0253087 0.1029279 0.0956631 0.1054543 0.0219873 0.0215045 0.0651100 0.0629366 0.0935460 0.0589103 0.0727113 0.0716633 0.0657632 0.0954175 0.1000674 0.0411640 0.0376279 0.0311596 0.0961196 0.0263810 0.0256510 0.0289598 0.0168826 0.0942311 0.0936251 0.0837531 0.0746784 0.0768528 0.0251156 0.0829670 0.0598911 0.0655095 
Perityle_ambrosiifolia_67_green            0.1034888 0.0725214 0.0971534 0.2571808 0.2577270 0.2601353 0.2944320 0.3358837 0.1139499 0.0954635 0.0512506 0.0297952 0.0000000 0.0318103 0.0856064 0.0376618 0.1784322 0.0946493 0.0276981 0.0350468 0.0652041 0.1091981 0.0343858 0.0387979 0.0344732 0.0659966 0.0823490 0.0771474 0.0689816 0.0632166 0.0753218 0.0879654 0.0996447 0.0352319 0.1135605 0.1005969 0.0322008 0.0967951 0.0830355 0.0320004 0.0565969 0.0946381 0.0138882 0.0981813 0.0355955 0.0140165 0.0308784 0.0986556 0.0091452 0.0204174 0.0356312 0.0795191 0.0211574 0.0999000 0.0920593 0.0970808 0.0296958 0.0277934 0.0658720 0.0623953 0.0960185 0.0592458 0.0480578 0.0732356 0.0734886 0.0992151 0.0997508 0.0357021 0.0381102 0.0333148 0.0920430 0.0312475 0.0379540 0.0349157 0.0292801 0.1012835 0.0930892 0.0821560 0.0505548 0.0896622 0.0315469 0.0788318 0.0724722 0.0822023 
Perityle_angustifolia_13_Eagle_creek       0.0964324 0.0776869 0.0998086 0.2585443 0.2253669 0.2381076 0.2967619 0.2409036 0.0910322 0.0838311 0.0511391 0.0356669 0.0318103 0.0000000 0.0820407 0.0579663 0.1827736 0.0814286 0.0231560 0.0689059 0.0332246 0.0695899 0.0385819 0.0310342 0.0395172 0.0704177 0.0920027 0.0852030 0.0789515 0.0700055 0.0926708 0.0894077 0.0956469 0.0428011 0.1021494 0.1055351 0.0444421 0.0928728 0.0924145 0.0372284 0.0326196 0.0979634 0.0333452 0.1002541 0.0355953 0.0341468 0.0347055 0.0894474 0.0230004 0.0282515 0.0370338 0.0793199 0.0143350 0.0959482 0.0994038 0.0831159 0.0285814 0.0327088 0.0736218 0.0675505 0.0909949 0.0613737 0.0610651 0.0807700 0.0735208 0.0945332 0.0881630 0.0410879 0.0438665 0.0378873 0.0867315 0.0244405 0.0353742 0.0300117 0.0270732 0.0930638 0.1028293 0.0866538 0.0512127 0.0894239 0.0360686 0.0762296 0.0704663 0.0733011 
Perityle_batopilensis_97                   0.1243565 0.0948331 0.1196261 0.2745766 0.2939061 0.2472935 0.3030124 0.3662248 0.1521571 0.1136607 0.1155384 0.0877345 0.0856064 0.0820407 0.0000000 0.0877091 0.1726913 0.0861494 0.1051667 0.1250208 0.1254752 0.1486139 0.1002491 0.1123388 0.0943595 0.1108046 0.1124850 0.0686273 0.0879037 0.0836452 0.1107732 0.1156325 0.1302762 0.1005144 0.1208120 0.1041936 0.1017756 0.0890950 0.0152078 0.0981188 0.1034580 0.0965608 0.0870288 0.1018884 0.0969429 0.0946404 0.1042149 0.1001200 0.0860997 0.0891061 0.0874443 0.1135801 0.0876222 0.0725305 0.1061327 0.1229119 0.1036952 0.1021721 0.0536756 0.0600807 0.0918508 0.1003587 0.1122844 0.0685786 0.1088820 0.1193148 0.1225246 0.1138887 0.1044982 0.0990926 0.1127658 0.1007521 0.0978951 0.0985735 0.0738277 0.1178784 0.0780117 0.1116418 0.1125247 0.1079951 0.1077508 0.1058503 0.0751383 0.0723729 
Perityle_bisetosa_9                        0.1073646 0.0960413 0.1032274 0.2558483 0.2850314 0.2930525 0.3016369 0.3570056 0.1166375 0.1065225 0.0609063 0.0564815 0.0376618 0.0579663 0.0877091 0.0000000 0.2134551 0.1066953 0.0423102 0.1797353 0.1004384 0.0869972 0.0487089 0.0631022 0.0487173 0.0806394 0.0999173 0.0842352 0.0811659 0.0700615 0.0917273 0.0976093 0.1024071 0.0508490 0.1253947 0.1026701 0.0385872 0.1044777 0.0857534 0.0472285 0.0826511 0.1011839 0.0376286 0.1048898 0.0342337 0.0389753 0.0525532 0.1112500 0.0385940 0.0401964 0.0761173 0.0915755 0.0387162 0.1133097 0.1281063 0.1265292 0.0569441 0.0539837 0.0840537 0.0788179 0.1092036 0.0967941 0.0663145 0.0803580 0.0925020 0.1119292 0.1166745 0.0775513 0.0379650 0.0499783 0.1068432 0.0525496 0.0609071 0.0443082 0.0422075 0.1111789 0.1014115 0.0810733 0.0691122 0.1147811 0.0579238 0.0839229 0.0444121 0.0664302 
Perityle_californica_76_positas            0.1885465 0.1593483 0.1899369 0.5532715 0.3309904 0.2318093 0.4566637 0.3620640 0.1269318 0.1697505 0.1106176 0.1947439 0.1784322 0.1827736 0.1726913 0.2134551 0.0000000 0.1607930 0.1842539 0.1987314 0.1840230 0.2091843 0.1735157 0.1786726 0.1774250 0.1790187 0.1975306 0.1808306 0.1599017 0.1440752 0.1376322 0.1894942 0.1838451 0.1828058 0.1910975 0.1946907 0.1922829 0.1801337 0.1891149 0.1681510 0.1895699 0.1909517 0.1806016 0.1877249 0.1879104 0.1837436 0.1933733 0.1896866 0.1793665 0.1861609 0.1833376 0.1939185 0.1741312 0.1774579 0.1803518 0.2105496 0.1841930 0.1894809 0.1508299 0.1202757 0.1693611 0.1650212 0.1797094 0.1780612 0.1943904 0.1741131 0.1704579 0.1193654 0.1869966 0.1711561 0.1961870 0.1816253 0.1816053 0.1806341 0.1585547 0.1769281 0.1989659 0.1875715 0.1687624 0.1162847 0.1902141 0.1000334 0.0858749 0.1598468 
Perityle_canescens_77                      0.1126366 0.0890105 0.1171937 0.2875599 0.2915307 0.2234813 0.2976174 0.3562957 0.1281888 0.1063617 0.0961064 0.0951591 0.0946493 0.0814286 0.0861494 0.1066953 0.1607930 0.0000000 0.1019746 0.1283735 0.1202786 0.1463506 0.0990966 0.1056742 0.0971849 0.0966037 0.1208949 0.0726869 0.0892915 0.0789310 0.1080200 0.1120203 0.1144760 0.0997491 0.1159608 0.0927200 0.1046008 0.0681153 0.0856007 0.0974309 0.1031869 0.0854419 0.0942536 0.0902131 0.1002716 0.0999844 0.1046107 0.0889417 0.0956756 0.0976051 0.0959279 0.1018259 0.0938736 0.0765962 0.1116264 0.1238506 0.1007131 0.1017240 0.0575067 0.0506167 0.1024534 0.0895057 0.1058581 0.0726379 0.0983115 0.1167550 0.1154797 0.0929205 0.1028798 0.0984879 0.1082687 0.1008783 0.1011691 0.0985001 0.0712293 0.1185446 0.0822725 0.0864139 0.1070993 0.0693656 0.1046597 0.1078188 0.0724418 0.0782634 
Perityle_castillonii_96                    0.1039532 0.0827276 0.1051211 0.2460601 0.2693212 0.2341269 0.2814166 0.3492938 0.1119589 0.0991669 0.0673620 0.0306352 0.0276981 0.0231560 0.1051667 0.0423102 0.1842539 0.1019746 0.0000000 0.0580464 0.0618709 0.1090550 0.0376324 0.0470835 0.0361307 0.0838088 0.0841922 0.0938088 0.0816341 0.0715529 0.0889488 0.0937732 0.1069768 0.0403473 0.1164582 0.1101700 0.0392023 0.1015319 0.1024920 0.0378893 0.0289932 0.1047502 0.0277192 0.1098571 0.0330730 0.0332417 0.0312763 0.1086482 0.0315834 0.0289933 0.0293816 0.0795961 0.0200115 0.0907471 0.0985271 0.1129310 0.0323487 0.0308551 0.0787830 0.0728201 0.1137004 0.0684448 0.0633541 0.0916737 0.0758192 0.1030343 0.0976411 0.0472624 0.0351601 0.0381297 0.1049324 0.0307747 0.0292007 0.0351897 0.0311876 0.1023112 0.1119788 0.1133994 0.0648226 0.1081273 0.0332657 0.0842600 0.0855090 0.0866065 
Perityle_cernua_84                         0.1246807 0.1171085 0.1320375 0.2616488 0.2628230 0.2399335 0.2825674 0.3569598 0.1218189 0.1138863 0.0730929 0.0821998 0.0350468 0.0689059 0.1250208 0.1797353 0.1987314 0.1283735 0.0580464 0.0000000 0.0996020 0.1423187 0.0666474 0.0774404 0.0620765 0.1200198 0.1075464 0.1126559 0.1056338 0.1014582 0.1220322 0.1111692 0.1249601 0.0666496 0.1516223 0.1374686 0.0761181 0.1300776 0.1231592 0.0659243 0.0570163 0.1303231 0.0339844 0.1383798 0.0714187 0.0395830 0.0599052 0.1320564 0.0360257 0.0339385 0.0349859 0.1150856 0.0547447 0.1056893 0.1206538 0.1432243 0.0572154 0.0558944 0.1097298 0.1046268 0.1371435 0.1098103 0.0839240 0.1119436 0.1152495 0.1179218 0.1211900 0.1053387 0.0678691 0.0654256 0.1220235 0.0557454 0.0557337 0.0604815 0.0795854 0.1178637 0.1241149 0.1440502 0.0838986 0.1240500 0.0592305 0.1087032 0.0875936 0.1131384 
Perityle_cfvillosa_25_tin                  0.1351621 0.0756707 0.1271443 0.2395542 0.2864917 0.2639763 0.2886527 0.3640355 0.1236464 0.1210214 0.1010405 0.0623908 0.0652041 0.0332246 0.1254752 0.1004384 0.1840230 0.1202786 0.0618709 0.0996020 0.0000000 0.1306001 0.0736124 0.0700283 0.0598138 0.0730593 0.1171133 0.1203650 0.0765642 0.0641071 0.1363672 0.1212310 0.1370540 0.0712052 0.1210821 0.1424667 0.0792443 0.1295648 0.1259942 0.0704072 0.0632198 0.1335177 0.0637116 0.1387908 0.0756435 0.0649625 0.0545849 0.1380289 0.0673564 0.0627527 0.0691048 0.1139467 0.0323066 0.1275214 0.1027954 0.1140262 0.0511432 0.0562380 0.0749658 0.0675994 0.1367643 0.0666387 0.1015367 0.1167810 0.1084816 0.1310865 0.1304265 0.0573277 0.0733035 0.0725263 0.1272482 0.0499336 0.0523635 0.0680147 0.0260893 0.1296561 0.1345256 0.1273337 0.1060674 0.1035635 0.0756197 0.1234321 0.0748278 0.0866249 
Perityle_cinerea_113_Powell1310            0.1739362 0.1107791 0.1635922 0.3355125 0.1972551 0.2621021 0.3398899 0.2302867 0.1808088 0.1602639 0.1447341 0.0920944 0.1091981 0.0695899 0.1486139 0.0869972 0.2091843 0.1463506 0.1090550 0.1423187 0.1306001 0.0000000 0.1151320 0.1252449 0.1116216 0.1295052 0.1618627 0.1673727 0.1010582 0.0885991 0.1543546 0.1485677 0.1703288 0.1290439 0.1355499 0.1692461 0.1073446 0.1689440 0.1470691 0.1630531 0.1230795 0.1567437 0.1148495 0.1630649 0.0949819 0.1149977 0.1248323 0.1615004 0.1094419 0.1149149 0.1092802 0.1670642 0.0827915 0.1441911 0.1238195 0.1239202 0.1244589 0.1205539 0.1169733 0.0810694 0.1554594 0.1013272 0.1377863 0.1587516 0.1512478 0.1585628 0.1713536 0.0375111 0.0992606 0.1181030 0.1482611 0.1231075 0.1067354 0.1216448 0.0787119 0.1618974 0.1621435 0.1493659 0.1380371 0.1194688 0.1287366 0.1646992 0.0629279 0.0968475 
Perityle_coahuilensis_24                   0.1037490 0.0785991 0.1057584 0.2545414 0.2705389 0.2382744 0.2922708 0.3590111 0.1111430 0.1295065 0.0720901 0.0324113 0.0343858 0.0385819 0.1002491 0.0487089 0.1735157 0.0990966 0.0376324 0.0666474 0.0736124 0.1151320 0.0000000 0.0452002 0.0377485 0.0897949 0.0771824 0.0846766 0.0762739 0.0661346 0.0857900 0.0952357 0.1024581 0.0356226 0.1193328 0.1013225 0.0360314 0.1016341 0.0981446 0.0070056 0.0577472 0.1009084 0.0379138 0.1047480 0.0356556 0.0392745 0.0411962 0.1039801 0.0330296 0.0424347 0.0720899 0.0795516 0.0281268 0.1005924 0.0971864 0.0975818 0.0412777 0.0409570 0.0659950 0.0649956 0.1071754 0.0580717 0.0680383 0.0834152 0.0833911 0.1014440 0.0988197 0.0391162 0.0386177 0.0043617 0.1020524 0.0393355 0.0569428 0.0331539 0.0291443 0.1046880 0.1077468 0.1040861 0.0743821 0.0896262 0.0423117 0.0819917 0.0705681 0.0790904 
Perityle_cochisensis_44_cave_creek         0.1118363 0.0766526 0.1129503 0.2447252 0.2649474 0.2494596 0.2922511 0.3577784 0.1285449 0.1113479 0.1007376 0.0347305 0.0387979 0.0310342 0.1123388 0.0631022 0.1786726 0.1056742 0.0470835 0.0774404 0.0700283 0.1252449 0.0452002 0.0000000 0.0361313 0.0751532 0.0980492 0.1005141 0.0769676 0.0681603 0.1046355 0.1020164 0.1146117 0.0451599 0.1093436 0.1217775 0.0470725 0.1152829 0.1114649 0.0435489 0.0503683 0.1133728 0.0419156 0.1211145 0.0459259 0.0393428 0.0490886 0.1188751 0.0430467 0.0502871 0.0445527 0.0871005 0.0282323 0.1044874 0.0966556 0.0993933 0.0491743 0.0467528 0.0738685 0.0688298 0.1221311 0.0559932 0.0832904 0.0983455 0.0787453 0.1146307 0.1109846 0.0410323 0.0515474 0.0437242 0.1144967 0.0448990 0.0430127 0.0422966 0.0210189 0.1096003 0.1186158 0.1200661 0.0871175 0.0916127 0.0497614 0.1057042 0.0768148 0.0811048 
Perityle_congesta_202                      0.1038471 0.0758307 0.0983114 0.2639056 0.2719235 0.2455873 0.2891583 0.3493300 0.1055806 0.0977131 0.0727992 0.0220232 0.0344732 0.0395172 0.0943595 0.0487173 0.1774250 0.0971849 0.0361307 0.0620765 0.0598138 0.1116216 0.0377485 0.0361313 0.0000000 0.0651978 0.0814883 0.0816930 0.0767222 0.0684364 0.0861455 0.0940467 0.0969638 0.0288511 0.1150646 0.1008672 0.0355160 0.0979121 0.0911818 0.0355962 0.0604697 0.0950783 0.0300806 0.0996800 0.0356847 0.0343571 0.0364472 0.0996301 0.0335946 0.0342120 0.0645754 0.0777285 0.0268400 0.0983277 0.0953924 0.1024094 0.0331816 0.0341548 0.0666502 0.0649507 0.0960041 0.0581400 0.0668449 0.0767221 0.0744212 0.0977955 0.0957655 0.0574902 0.0387732 0.0362867 0.0980517 0.0286131 0.0283754 0.0272041 0.0059462 0.1000489 0.0982916 0.0918384 0.0662573 0.0900434 0.0366316 0.0830593 0.0731640 0.0797911 
Perityle_cordifolia_27                     0.0976112 0.0801387 0.1008731 0.2682536 0.2590185 0.2220505 0.3155284 0.2914374 0.0993240 0.1453948 0.0970711 0.0519584 0.0659966 0.0704177 0.1108046 0.0806394 0.1790187 0.0966037 0.0838088 0.1200198 0.0730593 0.1295052 0.0897949 0.0751532 0.0651978 0.0000000 0.0842710 0.1204040 0.0894297 0.0708566 0.0746456 0.1014253 0.0891497 0.0693982 0.0902293 0.1055474 0.0702213 0.0961573 0.1033961 0.0933205 0.1032400 0.1036881 0.0668415 0.1081723 0.0730007 0.0775452 0.0850836 0.1118021 0.0707407 0.1034622 0.1075869 0.0377619 0.0649798 0.1152924 0.0933072 0.0737431 0.0766541 0.0853388 0.0853523 0.0683342 0.1262488 0.0282596 0.1052001 0.1097867 0.0342400 0.1159351 0.0997494 0.0501345 0.0872109 0.0901113 0.0998072 0.0782859 0.0939224 0.0771866 0.0398418 0.1147822 0.1120861 0.0897258 0.0950597 0.0959650 0.0803035 0.0982634 0.0810057 0.0982121 
Perityle_cordifolia_68_tecolote            0.1138110 0.0876683 0.1093329 0.2890571 0.2999429 0.2624514 0.3062437 0.3809753 0.1193387 0.1461880 0.0994124 0.0837002 0.0823490 0.0920027 0.1124850 0.0999173 0.1975306 0.1208949 0.0841922 0.1075464 0.1171133 0.1618627 0.0771824 0.0980492 0.0814883 0.0842710 0.0000000 0.1008291 0.0916582 0.0734471 0.0933694 0.1025552 0.1065120 0.0870242 0.1190335 0.1190185 0.0927315 0.1096132 0.1065697 0.0756899 0.1049041 0.1138223 0.0822121 0.1176434 0.0960985 0.0801343 0.0830381 0.1186807 0.0771895 0.0769694 0.1179604 0.0882833 0.0768873 0.1155585 0.0179611 0.1098127 0.0841543 0.0800483 0.0880925 0.0698618 0.1223753 0.0793342 0.0907629 0.0981588 0.0968193 0.1225543 0.1242017 0.1059215 0.0931023 0.0764777 0.1091384 0.0836175 0.1012977 0.0792187 0.0679136 0.1229377 0.1125756 0.1114543 0.1043760 0.1160387 0.0877281 0.0993277 0.0748454 0.1004628 
Perityle_coronopifolia_28_patagonia        0.1165732 0.0791015 0.1098388 0.2817426 0.2894906 0.2517685 0.3011138 0.3742536 0.1328262 0.1144138 0.1082297 0.0739339 0.0771474 0.0852030 0.0686273 0.0842352 0.1808306 0.0726869 0.0938088 0.1126559 0.1203650 0.1673727 0.0846766 0.1005141 0.0816930 0.1204040 0.1008291 0.0000000 0.0855525 0.0803953 0.0942403 0.1013186 0.1108924 0.0838599 0.1181372 0.0998052 0.0888250 0.0801466 0.0690849 0.0823969 0.1076719 0.0940410 0.0770076 0.0966107 0.0863379 0.0849733 0.0923993 0.0971326 0.0766506 0.0848128 0.1079289 0.1080222 0.0805638 0.0604344 0.1108631 0.1193730 0.0893256 0.0921839 0.0227428 0.0520422 0.0842314 0.0838816 0.0952948 0.0118535 0.1036948 0.1065744 0.1097378 0.1114098 0.0923668 0.0834461 0.1040473 0.0879850 0.0948984 0.0840248 0.0649530 0.1102891 0.0774240 0.1085244 0.1021592 0.0578383 0.0900944 0.0962789 0.0877031 0.0776443 
Perityle_crassifolia_70_ventanas           0.0806223 0.0758018 0.0770453 0.3162669 0.2673615 0.1827257 0.2883514 0.2802328 0.0896179 0.0871131 0.0884945 0.0706029 0.0689816 0.0789515 0.0879037 0.0811659 0.1599017 0.0892915 0.0816341 0.1056338 0.0765642 0.1010582 0.0762739 0.0769676 0.0767222 0.0894297 0.0916582 0.0855525 0.0000000 0.0057998 0.1034833 0.0700272 0.0781722 0.0868764 0.0533533 0.0875380 0.0850707 0.0876660 0.0888061 0.0737290 0.0832847 0.0843502 0.0660101 0.0797811 0.0773000 0.0689512 0.0886252 0.0805637 0.0689151 0.0709230 0.0678816 0.0916455 0.0741025 0.0860206 0.0954106 0.1219726 0.0808998 0.0803097 0.0874154 0.0718932 0.0956363 0.0891244 0.0873733 0.0828243 0.0942150 0.0925400 0.0965488 0.0839535 0.0799749 0.0762733 0.0097586 0.0782178 0.0764788 0.0757715 0.0665098 0.0953249 0.0953615 0.0932036 0.0864776 0.0996399 0.0851862 0.0900413 0.0664903 0.0739673 
Perityle_crassifolia_74_playa_balandra     0.0766702 0.0662556 0.0736122 0.2872881 0.1962636 0.1437462 0.2914896 0.2113117 0.0876780 0.0849047 0.0933378 0.0550917 0.0632166 0.0700055 0.0836452 0.0700615 0.1440752 0.0789310 0.0715529 0.1014582 0.0641071 0.0885991 0.0661346 0.0681603 0.0684364 0.0708566 0.0734471 0.0803953 0.0057998 0.0000000 0.0967275 0.0543091 0.0745829 0.0726490 0.0413476 0.0835396 0.0725946 0.0845702 0.0836707 0.0661346 0.0726014 0.0738545 0.0608761 0.0695484 0.0650866 0.0634021 0.0705271 0.0716432 0.0633595 0.0659231 0.0620448 0.0788660 0.0671855 0.0837072 0.0787824 0.0812943 0.0651709 0.0630478 0.0776338 0.0677897 0.0748148 0.0692810 0.0858105 0.0781145 0.0787737 0.0877750 0.0879388 0.0647485 0.0661901 0.0672023 0.0067307 0.0661947 0.0693066 0.0703867 0.0622128 0.0923325 0.0883307 0.0813744 0.0858720 0.0975122 0.0695201 0.0873892 0.0599452 0.0632215 
Perityle_cuneata_34_cuneata_San_antonio    0.1008048 0.0963441 0.1157627 0.2566593 0.2794159 0.2478096 0.2937228 0.3631011 0.1221759 0.0821956 0.0949845 0.0886354 0.0753218 0.0926708 0.1107732 0.0917273 0.1376322 0.1080200 0.0889488 0.1220322 0.1363672 0.1543546 0.0857900 0.1046355 0.0861455 0.0746456 0.0933694 0.0942403 0.1034833 0.0967275 0.0000000 0.0939140 0.0992832 0.0936839 0.1175170 0.1048918 0.1008543 0.0986803 0.1044732 0.0837028 0.0985870 0.1046893 0.0777618 0.1047396 0.0978324 0.0782967 0.0935676 0.1132428 0.0782401 0.0769816 0.0950737 0.0935202 0.0797382 0.1210038 0.1094365 0.1279781 0.0926233 0.0924583 0.0875745 0.0888636 0.1099698 0.1022500 0.0890851 0.0920052 0.0919867 0.0980923 0.1006718 0.1297858 0.0929206 0.0856916 0.1127793 0.0909456 0.0881474 0.0862365 0.0806179 0.0957379 0.1130778 0.0971203 0.0947601 0.1069260 0.0944488 0.0414021 0.0778610 0.0770857 
Perityle_cuneata_4                         0.1044090 0.0698783 0.1080087 0.2618996 0.2795009 0.2344403 0.2816726 0.3578937 0.1085817 0.1203833 0.1116077 0.0804562 0.0879654 0.0894077 0.1156325 0.0976093 0.1894942 0.1120203 0.0937732 0.1111692 0.1212310 0.1485677 0.0952357 0.1020164 0.0940467 0.1014253 0.1025552 0.1013186 0.0700272 0.0543091 0.0939140 0.0000000 0.1007032 0.0918954 0.1212079 0.1136650 0.0945662 0.1102289 0.1125187 0.0923904 0.1147631 0.1080881 0.0839936 0.1142318 0.0903038 0.0942075 0.0973263 0.1134727 0.0847496 0.0863303 0.1192049 0.1043158 0.0811360 0.1231516 0.1014719 0.1326343 0.0901424 0.0949927 0.0883948 0.0690244 0.1188972 0.0849303 0.1080707 0.0988142 0.0997147 0.1092307 0.1038704 0.0812996 0.0938585 0.0936984 0.0952738 0.0878980 0.1030020 0.0878942 0.0628468 0.1134742 0.1187373 0.1326671 0.1115268 0.1143304 0.0962208 0.0955607 0.0700057 0.0931545 
Perityle_discoidea_81                      0.0144964 0.0633116 0.0833663 0.2741194 0.2852162 0.2612430 0.2770830 0.3817570 0.0024833 0.1057233 0.1190096 0.0916312 0.0996447 0.0956469 0.1302762 0.1024071 0.1838451 0.1144760 0.1069768 0.1249601 0.1370540 0.1703288 0.1024581 0.1146117 0.0969638 0.0891497 0.1065120 0.1108924 0.0781722 0.0745829 0.0992832 0.1007032 0.0000000 0.0998711 0.1081984 0.1165100 0.1122669 0.1075449 0.1199378 0.0993255 0.1224511 0.1102904 0.1007060 0.1177638 0.1092832 0.1002194 0.1047018 0.1211525 0.1043518 0.1010164 0.1227658 0.1020649 0.0935887 0.1284927 0.1044248 0.1181633 0.1058988 0.1027147 0.0925540 0.0770496 0.1272301 0.0790925 0.1067719 0.1142266 0.1000489 0.1061685 0.1131464 0.1038654 0.1084571 0.1012723 0.0945785 0.1015745 0.0994831 0.0990041 0.0691817 0.1031152 0.1249834 0.1125697 0.1142756 0.1107146 0.1091888 0.1172665 0.0863953 0.0979805 
Perityle_dissecta_201                      0.1008951 0.0819307 0.1068314 0.2628789 0.2731874 0.2544247 0.3052944 0.3632408 0.1110357 0.0944663 0.0852827 0.0292698 0.0352319 0.0428011 0.1005144 0.0508490 0.1828058 0.0997491 0.0403473 0.0666496 0.0712052 0.1290439 0.0356226 0.0451599 0.0288511 0.0693982 0.0870242 0.0838599 0.0868764 0.0726490 0.0936839 0.0918954 0.0998711 0.0000000 0.1170012 0.1051113 0.0352436 0.1007351 0.0994294 0.0334048 0.0511716 0.0984154 0.0374019 0.1060876 0.0357660 0.0377206 0.0347053 0.1043629 0.0386360 0.0392216 0.0507686 0.0805446 0.0324753 0.1036412 0.1052585 0.0996600 0.0322412 0.0328825 0.0765943 0.0729471 0.1044047 0.0708197 0.0734701 0.0820908 0.0756987 0.1047331 0.1031317 0.0391450 0.0349738 0.0346117 0.1058751 0.0316778 0.0380062 0.0299188 0.0271459 0.1019764 0.1038281 0.0991971 0.0772040 0.0941981 0.0347586 0.0891789 0.0833241 0.0866295 
Perityle_emoryi_47_punta_san_jose          0.1175963 0.0868458 0.1064771 0.2809081 0.2930457 0.2428533 0.3145012 0.3507484 0.1001180 0.1434022 0.1199562 0.1132862 0.1135605 0.1021494 0.1208120 0.1253947 0.1910975 0.1159608 0.1164582 0.1516223 0.1210821 0.1355499 0.1193328 0.1093436 0.1150646 0.0902293 0.1190335 0.1181372 0.0533533 0.0413476 0.1175170 0.1212079 0.1081984 0.1170012 0.0000000 0.1249119 0.1177132 0.1237771 0.1209905 0.1185037 0.1418594 0.1205125 0.1104756 0.1178783 0.1122520 0.1135500 0.1266557 0.1181576 0.1094183 0.1113915 0.1438127 0.1075033 0.1019865 0.1418033 0.1111219 0.1085925 0.1169944 0.1231843 0.0990715 0.0782498 0.1300704 0.0647629 0.1211662 0.1163948 0.1139318 0.1338614 0.1276666 0.0860407 0.1182753 0.1193232 0.0813011 0.1129320 0.1317424 0.1142558 0.0626671 0.1392113 0.1312388 0.1120861 0.1177321 0.1231928 0.1246066 0.1103045 0.0622145 0.0960279 
Perityle_feddemae_99                       0.1183466 0.1053164 0.1215289 0.2803153 0.3076606 0.2485172 0.3082957 0.3676563 0.1328694 0.1071948 0.1015378 0.1003158 0.1005969 0.1055351 0.1041936 0.1026701 0.1946907 0.0927200 0.1101700 0.1374686 0.1424667 0.1692461 0.1013225 0.1217775 0.1008672 0.1055474 0.1190185 0.0998052 0.0875380 0.0835396 0.1048918 0.1136650 0.1165100 0.1051113 0.1249119 0.0000000 0.1044354 0.0844201 0.1010622 0.1005756 0.1215598 0.0256020 0.1027525 0.0233671 0.1070085 0.1033873 0.1054299 0.0226227 0.1047489 0.1042398 0.1206987 0.1090374 0.0978780 0.1199382 0.1337863 0.1498724 0.1083592 0.1041369 0.0908388 0.0931434 0.1068736 0.0982514 0.1049654 0.0994715 0.1045616 0.1170048 0.1167435 0.0912747 0.1012356 0.1006824 0.1092702 0.1084968 0.1049179 0.1032544 0.0869688 0.1155134 0.0950441 0.0907878 0.1118128 0.1370240 0.1076702 0.1054700 0.0850174 0.0845738 
Perityle_fosteri_93                        0.1118368 0.0964330 0.1125405 0.2585731 0.2772053 0.2539311 0.2998187 0.3724791 0.1307720 0.0986384 0.0865779 0.0381034 0.0322008 0.0444421 0.1017756 0.0385872 0.1922829 0.1046008 0.0392023 0.0761181 0.0792443 0.1073446 0.0360314 0.0470725 0.0355160 0.0702213 0.0927315 0.0888250 0.0850707 0.0725946 0.1008543 0.0945662 0.1122669 0.0352436 0.1177132 0.1044354 0.0000000 0.1041692 0.0973190 0.0347649 0.0593839 0.0980781 0.0354605 0.1023646 0.0226800 0.0332848 0.0406052 0.1035558 0.0359497 0.0418295 0.0504988 0.0839481 0.0343364 0.1116078 0.1137437 0.1138797 0.0419956 0.0392156 0.0827257 0.0835827 0.1038958 0.0735825 0.0728023 0.0846511 0.0795593 0.1105078 0.1113135 0.0057300 0.0241509 0.0360115 0.1036902 0.0449590 0.0425475 0.0380665 0.0394873 0.1091759 0.1019200 0.0847341 0.0770589 0.1236935 0.0406487 0.0959789 0.0727709 0.0802140 
Perityle_gamon_221                         0.1135412 0.0860833 0.1144778 0.2855430 0.3021583 0.2492468 0.3087814 0.3787525 0.1208782 0.1102585 0.0968157 0.0915835 0.0967951 0.0928728 0.0890950 0.1044777 0.1801337 0.0681153 0.1015319 0.1300776 0.1295648 0.1689440 0.1016341 0.1152829 0.0979121 0.0961573 0.1096132 0.0801466 0.0876660 0.0845702 0.0986803 0.1102289 0.1075449 0.1007351 0.1237771 0.0844201 0.1041692 0.0000000 0.0868709 0.0992098 0.1210629 0.0824776 0.0940906 0.0812099 0.1033435 0.1050844 0.1048498 0.0838054 0.0972045 0.0962091 0.1308326 0.1027246 0.0892815 0.0939415 0.1119891 0.1295494 0.1000035 0.1019574 0.0649497 0.0545086 0.1065621 0.0896480 0.1046983 0.0811999 0.0963197 0.1139392 0.1131156 0.1044056 0.1029801 0.1000057 0.1067383 0.1007115 0.1097468 0.0952145 0.0789864 0.1145720 0.0867435 0.0925976 0.1097780 0.0868720 0.1052013 0.0982652 0.0811406 0.0857066 
Perityle_gentryi_8_san_francisco           0.1167649 0.0927980 0.1173971 0.2729100 0.2938238 0.2621794 0.2909126 0.3628864 0.1498985 0.1085571 0.1096442 0.0892385 0.0830355 0.0924145 0.0152078 0.0857534 0.1891149 0.0856007 0.1024920 0.1231592 0.1259942 0.1470691 0.0981446 0.1114649 0.0911818 0.1033961 0.1065697 0.0690849 0.0888061 0.0836707 0.1044732 0.1125187 0.1199378 0.0994294 0.1209905 0.1010622 0.0973190 0.0868709 0.0000000 0.0955875 0.1141712 0.0942735 0.0865318 0.0994499 0.0958171 0.0914690 0.1008545 0.0988552 0.0856181 0.0844559 0.1018720 0.1133508 0.0863872 0.0906407 0.1159634 0.1258227 0.1015081 0.0983886 0.0552589 0.0587746 0.0901217 0.1003596 0.1061448 0.0683057 0.1095236 0.1177185 0.1208953 0.1160091 0.0991493 0.0964435 0.1118243 0.0994293 0.0968663 0.0923225 0.0760355 0.1148410 0.0784487 0.0981674 0.1098930 0.1147909 0.1024947 0.1030873 0.0750745 0.0714865 
Perityle_gilensis_22_Superstition          0.1017791 0.0775727 0.1042259 0.2547037 0.2639260 0.2390794 0.2922708 0.3544080 0.1086305 0.1270280 0.0694742 0.0289987 0.0320004 0.0372284 0.0981188 0.0472285 0.1681510 0.0974309 0.0378893 0.0659243 0.0704072 0.1630531 0.0070056 0.0435489 0.0355962 0.0933205 0.0756899 0.0823969 0.0737290 0.0661346 0.0837028 0.0923904 0.0993255 0.0334048 0.1185037 0.1005756 0.0347649 0.0992098 0.0955875 0.0000000 0.0542564 0.0996872 0.0336909 0.1035413 0.0342611 0.0366517 0.0379860 0.1027468 0.0293955 0.0380395 0.0709944 0.0764928 0.0262674 0.0990604 0.0938197 0.0975363 0.0375501 0.0380824 0.0652175 0.0649956 0.1044647 0.0570794 0.0641574 0.0814898 0.0792388 0.0993503 0.0971579 0.0391162 0.0379428 0.0027883 0.0999792 0.0367236 0.0535793 0.0301442 0.0301586 0.1004847 0.1046381 0.1022815 0.0720696 0.0896262 0.0387886 0.0825847 0.0705681 0.0790715 
Perityle_gilensis_salensis_225             0.1276643 0.0796706 0.1129082 0.2801354 0.2744077 0.2539147 0.2885139 0.3552324 0.1187166 0.1117444 0.0701720 0.0547807 0.0565969 0.0326196 0.1034580 0.0826511 0.1895699 0.1031869 0.0289932 0.0570163 0.0632198 0.1230795 0.0577472 0.0503683 0.0604697 0.1032400 0.1049041 0.1076719 0.0832847 0.0726014 0.0985870 0.1147631 0.1224511 0.0511716 0.1418594 0.1215598 0.0593839 0.1210629 0.1141712 0.0542564 0.0000000 0.1222205 0.0400938 0.1187164 0.0417055 0.0614360 0.0557348 0.1043800 0.0298180 0.0271869 0.0670702 0.0991596 0.0374050 0.1044788 0.1061249 0.1020434 0.0299694 0.0529573 0.0741827 0.0754209 0.1119075 0.0676419 0.0891365 0.0895555 0.0964106 0.1017149 0.1004676 0.0511867 0.0620363 0.0557828 0.1013428 0.0287149 0.0623613 0.0475145 0.0352807 0.1167675 0.1314482 0.1305833 0.0714011 0.1123597 0.0552161 0.0848160 0.0831357 0.0857488 
Perityle_glaucescens_94                    0.1125876 0.0979385 0.1109131 0.2895504 0.3060450 0.2481138 0.3137259 0.3659787 0.1267553 0.1114281 0.0980660 0.0963521 0.0946381 0.0979634 0.0965608 0.1011839 0.1909517 0.0854419 0.1047502 0.1303231 0.1335177 0.1567437 0.1009084 0.1133728 0.0950783 0.1036881 0.1138223 0.0940410 0.0843502 0.0738545 0.1046893 0.1080881 0.1102904 0.0984154 0.1205125 0.0256020 0.0980781 0.0824776 0.0942735 0.0996872 0.1222205 0.0000000 0.0951588 0.0252511 0.0989536 0.1007515 0.1018300 0.0226461 0.0953226 0.0974977 0.1187695 0.1001668 0.0920828 0.1133822 0.1228497 0.1318430 0.1012150 0.1015047 0.0869187 0.0852021 0.1007319 0.0942031 0.1033059 0.0930911 0.1006449 0.1152502 0.1161824 0.0872258 0.0973384 0.0997801 0.1020333 0.0991201 0.1054358 0.0958328 0.0770705 0.1145685 0.0931287 0.0952513 0.1063373 0.1349967 0.1042487 0.1000732 0.0702623 0.0776172 
Perityle_gracilis_11                       0.0993942 0.0702686 0.0994324 0.2516469 0.2594091 0.2598951 0.2904030 0.3328051 0.1117862 0.0845951 0.0584529 0.0313484 0.0138882 0.0333452 0.0870288 0.0376286 0.1806016 0.0942536 0.0277192 0.0339844 0.0637116 0.1148495 0.0379138 0.0419156 0.0300806 0.0668415 0.0822121 0.0770076 0.0660101 0.0608761 0.0777618 0.0839936 0.1007060 0.0374019 0.1104756 0.1027525 0.0354605 0.0940906 0.0865318 0.0336909 0.0400938 0.0951588 0.0000000 0.1002364 0.0343436 0.0074356 0.0285770 0.0996754 0.0165710 0.0197224 0.0268327 0.0776174 0.0207851 0.1005565 0.0941470 0.0971656 0.0280895 0.0258850 0.0657903 0.0609734 0.0929194 0.0570943 0.0555217 0.0737149 0.0737481 0.0961057 0.0972211 0.0385132 0.0343633 0.0367593 0.0940961 0.0296759 0.0238718 0.0356897 0.0259772 0.0949829 0.0888588 0.0814563 0.0542818 0.0928452 0.0296696 0.0801600 0.0680967 0.0805928 
Perityle_harkerae_31                       0.1168195 0.1000073 0.1178053 0.2713053 0.2975223 0.2424428 0.3042337 0.3682073 0.1309374 0.1066307 0.1005910 0.1009076 0.0981813 0.1002541 0.1018884 0.1048898 0.1877249 0.0902131 0.1098571 0.1383798 0.1387908 0.1630649 0.1047480 0.1211145 0.0996800 0.1081723 0.1176434 0.0966107 0.0797811 0.0695484 0.1047396 0.1142318 0.1177638 0.1060876 0.1178783 0.0233671 0.1023646 0.0812099 0.0994499 0.1035413 0.1187164 0.0252511 0.1002364 0.0000000 0.1027145 0.1030231 0.1063684 0.0192414 0.1034490 0.1043530 0.1157975 0.1053343 0.0952092 0.1163063 0.1249067 0.1391377 0.1079199 0.1074180 0.0827230 0.0810864 0.1012363 0.0919792 0.1041718 0.0982736 0.1023326 0.1136831 0.1152181 0.0848970 0.1007865 0.1031182 0.1085992 0.1073727 0.1048517 0.1015118 0.0758173 0.1128177 0.0939689 0.0971870 0.1120344 0.1278571 0.1087024 0.1046750 0.0681149 0.0764109 
Perityle_huecosensis_48                    0.1093467 0.0922633 0.1082329 0.2587721 0.2736959 0.2292289 0.2924002 0.3513996 0.1198057 0.0970211 0.0821434 0.0365603 0.0355955 0.0355953 0.0969429 0.0342337 0.1879104 0.1002716 0.0330730 0.0714187 0.0756435 0.0949819 0.0356556 0.0459259 0.0356847 0.0730007 0.0960985 0.0863379 0.0773000 0.0650866 0.0978324 0.0903038 0.1092832 0.0357660 0.1122520 0.1070085 0.0226800 0.1033435 0.0958171 0.0342611 0.0417055 0.0989536 0.0343436 0.1027145 0.0000000 0.0361887 0.0373900 0.1032054 0.0373333 0.0385466 0.0367256 0.0839888 0.0296997 0.0912104 0.1039629 0.1138848 0.0391554 0.0358266 0.0803917 0.0823702 0.0970146 0.0705976 0.0761101 0.0821748 0.0819564 0.1051622 0.1072131 0.0174198 0.0195062 0.0362129 0.0994169 0.0395637 0.0389105 0.0329737 0.0343288 0.1038693 0.1020036 0.0884892 0.0763880 0.1201174 0.0396174 0.0895617 0.0730020 0.0760055 
