84
Amauria_brandeegeana_62                    0.0000000 0.1041986 0.1802948 0.3759992 0.2437767 0.2157693 0.1553075 0.4440211 0.0305045 0.2793405 0.3406250 0.3433341 0.1493755 0.1993907 0.2746241 0.2821524 0.2344876 0.1898413 0.1411419 0.1989206 0.3524417 0.1255458 0.1830527 0.3054088 0.3015117 0.2615974 0.2700790 0.3451620 0.1343107 0.1581719 0.2374449 0.3358421 0.0395252 0.1642109 0.3071477 0.2525466 0.2909431 0.2571264 0.2349890 0.2025771 0.2886592 0.2220297 0.2198032 0.3391137 0.2350469 0.2618716 0.2451186 0.2555641 0.2245178 0.2395055 0.2983216 0.3217662 0.1080602 0.3791748 0.1538160 0.2066706 0.2565734 0.2490024 0.3635609 0.1560126 0.2607088 0.1876200 0.3629431 0.3174518 0.2024898 0.2628433 0.3238244 0.0958957 0.2057154 0.2483438 0.1894320 0.2331361 0.1743336 0.3172433 0.1412366 0.2354307 0.3193233 0.3269700 0.2620800 0.1938193 0.2174324 0.2464477 0.1447292 0.1723998 
Amauria_carterae_99_mesa                   0.1041986 0.0000000 0.0866748 0.2393639 0.1430252 0.1638422 0.1289200 0.3625701 0.0684176 0.1457639 0.2396982 0.2176050 0.1355633 0.1615964 0.2373336 0.1404654 0.1873052 0.1431813 0.1292413 0.1268712 0.1639010 0.0830859 0.1084899 0.2929118 0.1401464 0.1445269 0.1703127 0.1889068 0.1331042 0.1409984 0.1505742 0.2345077 0.0684176 0.0650440 0.1323131 0.1715131 0.1681768 0.1365269 0.1349330 0.1231492 0.1336693 0.1267956 0.1478711 0.1628630 0.1811608 0.2257241 0.1413524 0.1356904 0.1278633 0.1101786 0.2356133 0.1382406 0.0951698 0.2061255 0.1401428 0.1531046 0.1283212 0.1222191 0.1964714 0.1278632 0.1809934 0.1282809 0.1398545 0.1902964 0.1438041 0.1559091 0.1683851 0.0840677 0.1725421 0.2541431 0.1950710 0.1392563 0.1299876 0.2040722 0.1258912 0.1606169 0.1582171 0.1722173 0.1639708 0.1705923 0.1333192 0.1572091 0.1414374 0.1453903 
Amauria_rotundifolia_SRR9119150            0.1802948 0.0866748 0.0000000 0.3902788 0.2326355 0.2378983 0.1314364 0.4445119 0.1970156 0.2888321 0.3484397 0.3081595 0.1711038 0.2027445 0.2919689 0.3509664 0.2638395 0.1868925 0.1234825 0.2239026 0.4257805 0.1164899 0.1657471 0.3371553 0.3593181 0.2743844 0.3326062 0.3572187 0.1411766 0.1704741 0.2629093 0.3342268 0.1227619 0.1156649 0.3262729 0.3152276 0.2881069 0.2494918 0.2617020 0.2316630 0.2990451 0.2505895 0.2091244 0.3318162 0.2168982 0.2653954 0.2975019 0.2678182 0.2194961 0.2078946 0.3435894 0.4301764 0.0839754 0.3440047 0.1611686 0.1806361 0.2757814 0.2627613 0.3735150 0.1462246 0.2228042 0.1797919 0.4522217 0.3331498 0.2303200 0.2975703 0.2930470 0.1006562 0.2337064 0.2281086 0.2091479 0.2639017 0.1578046 0.3587447 0.1320106 0.2535802 0.3146040 0.3100757 0.2531762 0.1822081 0.2385489 0.2684438 0.1512915 0.1484693 
Conoclinium_coelestinum_SRR9119114         0.3759992 0.2393639 0.3902788 0.0000000 0.3746988 0.2415895 0.2440594 0.5121627 0.3064234 0.3785503 0.5158412 0.4761659 0.3334130 0.4363122 0.3723816 0.4022191 0.4241684 0.3395855 0.3302711 0.3451794 0.3755575 0.2129835 0.4406355 0.3885665 0.4062410 0.4275870 0.4430686 0.4149193 0.2577771 0.2118990 0.3928778 0.4570265 0.2463195 0.2861668 0.4009913 0.3081075 0.4572641 0.3959282 0.3792632 0.4421795 0.4007782 0.3435883 0.3762525 0.4590705 0.4668704 0.4817859 0.3892916 0.3692144 0.3125039 0.4152866 0.3606970 0.3797543 0.2364174 0.4225461 0.2600449 0.3233249 0.3631460 0.3559078 0.4334996 0.2491124 0.4881602 0.2543840 0.4295679 0.4516426 0.3891622 0.3821997 0.4118136 0.2205982 0.2618683 0.4815426 0.3575078 0.3878239 0.3337153 0.3922352 0.2548004 0.3530866 0.4459399 0.5049371 0.4476865 0.2628633 0.3738583 0.3820749 0.2242128 0.3071711 
Eutetras_palmeri_63                        0.2437767 0.1430252 0.2326355 0.3746988 0.0000000 0.2261265 0.1695947 0.4376670 0.2462989 0.2659899 0.3643961 0.3179842 0.1948861 0.2309889 0.3422694 0.2725111 0.2807859 0.1821476 0.1570570 0.2132973 0.3938133 0.1302139 0.2345181 0.3007066 0.3351170 0.2841859 0.3198002 0.3220391 0.1475341 0.1734075 0.2809404 0.4202868 0.1981754 0.3123098 0.3078789 0.2966209 0.2774196 0.2582532 0.2584235 0.2900581 0.2993009 0.2150348 0.2365133 0.2858490 0.2522471 0.2366889 0.2333526 0.2694940 0.2181390 0.2383854 0.2882580 0.4151304 0.1367311 0.3460343 0.1778621 0.2021096 0.2696817 0.2658243 0.3419947 0.1532535 0.2402207 0.1952324 0.3950394 0.3123025 0.2674424 0.2574400 0.2937224 0.1227158 0.2463907 0.2763273 0.2248038 0.2903233 0.1701751 0.3920945 0.1387203 0.2425302 0.3204583 0.3151573 0.2988048 0.1911623 0.2612557 0.2910894 0.1420767 0.1499541 
Eutrochium_fistulosum_SRR9119106           0.2157693 0.1638422 0.2378983 0.2415895 0.2261265 0.0000000 0.1901291 0.4661851 0.1647637 0.2421135 0.3568108 0.3477982 0.1902103 0.2937340 0.3043819 0.2248801 0.2719350 0.2438207 0.2129970 0.1989279 0.2483608 0.1381051 0.2691968 0.3514565 0.2707302 0.2603344 0.2692948 0.2632262 0.1868764 0.2233374 0.2569386 0.3208592 0.1748483 0.1857848 0.2421792 0.1834125 0.2791593 0.2517473 0.2632332 0.2953198 0.2385923 0.2344001 0.2055992 0.2625654 0.3013501 0.3187988 0.2580206 0.2421883 0.2217821 0.2887405 0.2319428 0.2140638 0.1378626 0.3365067 0.1848775 0.2212929 0.2142416 0.2115192 0.2793132 0.1590325 0.3401268 0.2094189 0.2908765 0.2761181 0.2014008 0.2031263 0.2559177 0.1383704 0.1657042 0.3436877 0.2528888 0.2629187 0.2169351 0.2457106 0.1528078 0.2073429 0.2614103 0.3205357 0.3214206 0.2047334 0.2139939 0.2599555 0.1388323 0.1758389 
Galeana_pratensis_104_mex                  0.1553075 0.1289200 0.1314364 0.2440594 0.1695947 0.1901291 0.0000000 0.2602470 0.1878206 0.1884357 0.2243592 0.1600849 0.1539585 0.1194162 0.3662984 0.1447828 0.1922539 0.1362936 0.1493361 0.1468090 0.1878945 0.1075136 0.1251901 0.3381263 0.1497865 0.1632726 0.1652367 0.1585455 0.1562294 0.2214369 0.1527320 0.3225331 0.1878206 0.1535159 0.1437474 0.2340991 0.1646642 0.1500059 0.1510916 0.1439061 0.1436356 0.1457612 0.1453682 0.1553584 0.1602876 0.2123764 0.1554647 0.1415689 0.1469207 0.1342093 0.3308580 0.1682261 0.1094887 0.1410463 0.1674278 0.1466658 0.1499446 0.1500785 0.1566607 0.1512372 0.1828116 0.1798662 0.1468391 0.1565008 0.1665348 0.1706175 0.1829967 0.1217244 0.2294389 0.2059810 0.1699101 0.1590673 0.1569504 0.2777081 0.1554894 0.1745196 0.1535384 0.1597947 0.1546036 0.1726633 0.1508892 0.1581497 0.1417474 0.1602443 
Helianthus_annuus_SRR9119062               0.4440211 0.3625701 0.4445119 0.5121627 0.4376670 0.4661851 0.2602470 0.0000000 0.3573386 0.4460402 0.5790134 0.5633534 0.3517484 0.4386181 0.4401068 0.4045196 0.4197437 0.4173686 0.3937086 0.3549250 0.3646442 0.2502638 0.4658255 0.2924923 0.4399502 0.4343927 0.4657470 0.4484233 0.3676525 0.2950408 0.4189939 0.4754525 0.3590088 0.3639200 0.4649006 0.3451319 0.4612110 0.4426326 0.4188856 0.5353166 0.4636653 0.4053057 0.4232620 0.4586136 0.5107105 0.5082167 0.4092501 0.4501491 0.4123495 0.4838865 0.4175472 0.3674223 0.1742941 0.4861682 0.3397083 0.3361554 0.3536218 0.3400005 0.4211961 0.2603508 0.5319121 0.3025642 0.4749751 0.4377523 0.4008661 0.4206939 0.4519797 0.1908896 0.3520924 0.5210169 0.4595231 0.4191197 0.3950220 0.4002375 0.3180353 0.4118921 0.4889966 0.5336307 0.4957549 0.2829842 0.3442167 0.4657639 0.2765639 0.3143009 
Lycapsus_tenuifolius_17                    0.0305045 0.0684176 0.1970156 0.3064234 0.2462989 0.1647637 0.1878206 0.3573386 0.0000000 0.3386282 0.7450959 0.9410778 0.1994471 0.6091159 0.1490343 0.3288210 0.2396363 0.1798303 0.1621634 0.2550612 0.3247539 0.0000010 9.0000000 0.8769736 0.3650522 0.3393342 0.3123014 0.3143041 0.1522763 0.1532121 0.2958526 0.2298262 0.0013488 0.1671525 0.2910457 0.2474834 0.3656669 0.2277600 0.3333408 0.4729193 0.3119057 0.2894235 0.2329890 0.4805971 0.5432643 0.7316540 0.3248765 0.2251638 0.2136681 0.0000010 0.2273307 0.3358686 0.0000010 0.3824647 0.1514491 0.1809903 0.2760428 0.2508704 0.3662112 0.1851683 0.2881293 0.1357412 0.3602326 0.4062956 0.2652095 0.2908810 0.3477292 0.0000010 0.1781905 0.7806538 0.2400282 0.3252221 0.2418987 0.2761765 0.1370501 0.1792183 0.3689754 0.9723316 0.9795934 0.2280413 0.2884561 0.3012992 0.1553735 0.1853189 
Pericome_caudata_50_silver                 0.2793405 0.1457639 0.2888321 0.3785503 0.2659899 0.2421135 0.1884357 0.4460402 0.3386282 0.0000000 0.3647120 0.3141182 0.1970286 0.2338960 0.3084323 0.3678158 0.2863932 0.2113347 0.1674783 0.2538570 0.4349651 0.0886731 0.2333270 0.2802435 0.3830452 0.3525970 0.4069674 0.3741689 0.1576831 0.1520640 0.3312319 0.3933194 0.2493221 0.3675408 0.3852105 0.2796522 0.3091130 0.2881147 0.3094287 0.2833622 0.3719323 0.2438748 0.2473742 0.3681769 0.2500074 0.2878657 0.2921106 0.3166727 0.2194535 0.2473874 0.3110373 0.5007637 0.1093113 0.3454004 0.1976265 0.2182766 0.2782479 0.2643225 0.4059784 0.1719116 0.2528406 0.2267083 0.4343337 0.3774091 0.2760084 0.2204040 0.2316489 0.0974077 0.2171495 0.2617167 0.2136197 0.3145063 0.2118644 0.3920705 0.1401232 0.1864233 0.3644100 0.3133932 0.2859061 0.2202793 0.2784426 0.2989214 0.1352479 0.1727161 
Perityle_aglossa_84_dead_horse             0.3406250 0.2396982 0.3484397 0.5158412 0.3643961 0.3568108 0.2243592 0.5790134 0.7450959 0.3647120 0.0000000 0.1552942 0.1388909 0.1062712 0.7065489 0.2348317 0.3719215 0.2739632 0.1319495 0.1685720 0.8130581 0.0352248 0.1252732 0.2667960 0.2124252 0.3272819 0.3144050 0.3440650 0.2277746 0.8559544 0.3092414 0.7575287 0.6760991 0.7337061 0.3399485 0.6571709 0.3441004 0.3501822 0.2105535 0.1931094 0.3296982 0.1902535 0.2687901 0.3896520 0.1357402 0.0769969 0.1994206 0.2989597 0.2310813 0.1221118 0.6881150 0.7780530 0.0184319 0.3636937 0.2451506 0.2263300 0.2028968 0.1905914 0.3117676 0.2181524 0.2435856 0.2649905 0.1904762 0.3529255 0.2175940 0.3637464 0.4116357 0.0328989 0.6601897 0.1684427 0.2798149 0.2100841 0.1276492 0.6679433 0.1455439 0.3344324 0.3615823 0.2154929 0.1184164 0.2504403 0.1849080 0.3364553 0.2303769 0.2156019 
Perityle_ajoensis_204                      0.3433341 0.2176050 0.3081595 0.4761659 0.3179842 0.3477982 0.1600849 0.5633534 0.9410778 0.3141182 0.1552942 0.0000000 0.1089299 0.1350087 0.8074429 0.1773369 0.3905017 0.2161813 0.0970049 0.1536457 0.8982057 0.0434411 0.0312617 0.2882839 0.1089396 0.2768960 0.3152220 0.2063600 0.1625736 0.7981881 0.2336313 0.8798105 0.9680752 0.9487019 0.2140016 0.8497590 0.3084065 0.2893724 0.1034732 0.1860414 0.2040142 0.1195785 0.1910426 0.3545058 0.0596085 0.0486625 0.1302721 0.2076939 0.1154642 0.0305323 0.6989970 0.8973847 0.0265099 0.2727454 0.2260163 0.2247760 0.1882226 0.1932299 0.2561206 0.1439905 0.1738887 0.2337026 0.2530449 0.2212253 0.2171210 0.3041730 0.3376438 0.0273913 0.8970347 0.0942022 0.2338033 0.1225456 0.1083238 0.7753353 0.1132873 0.3130488 0.2417811 0.0724721 0.1245996 0.1736862 0.1764786 0.2149392 0.2276578 0.1384888 
Perityle_ambrosiifolia_67_green            0.1493755 0.1355633 0.1711038 0.3334130 0.1948861 0.1902103 0.1539585 0.3517484 0.1994471 0.1970286 0.1388909 0.1089299 0.0000000 0.0820188 0.2832437 0.1618813 0.2211727 0.1878111 0.0517288 0.0660006 0.1916456 0.0275722 0.0532933 0.2346427 0.1525217 0.1098176 0.1970304 0.2030164 0.1390867 0.1652937 0.1826214 0.2915792 0.1994471 0.2336008 0.1794460 0.0951947 0.1895284 0.1407684 0.0897096 0.0690078 0.1910847 0.0715396 0.1577430 0.2003891 0.0761536 0.1297470 0.1122239 0.1608864 0.0689984 0.0266792 0.1763733 0.1201026 0.0270985 0.2684624 0.1561168 0.1162389 0.1431865 0.1416600 0.3074688 0.1252237 0.1907198 0.1657630 0.2003123 0.1995437 0.0854645 0.1661044 0.1996308 0.0337836 0.1171911 0.1111441 0.1871910 0.0981760 0.0717758 0.1388029 0.0445627 0.1558035 0.2142831 0.1431382 0.1332248 0.1640905 0.1068518 0.1816477 0.1077620 0.1372154 
Perityle_angustifolia_13_Eagle_creek       0.1993907 0.1615964 0.2027445 0.4363122 0.2309889 0.2937340 0.1194162 0.4386181 0.6091159 0.2338960 0.1062712 0.1350087 0.0820188 0.0000000 0.6900976 0.1693179 0.2664900 0.2367511 0.1094419 0.0671458 0.5795695 0.0683295 0.1153072 0.2391154 0.1226418 0.1655114 0.1946184 0.2129490 0.2020250 0.0000010 0.2381987 0.7263532 0.6091159 0.5917252 0.2126421 0.4698232 0.1850041 0.1765484 0.1261552 0.1079258 0.2144628 0.1244055 0.2075088 0.2243408 0.1229333 0.1144253 0.1389055 0.2137756 0.1627631 0.1169231 0.6526572 0.7266075 0.0026088 0.2846388 0.1632746 0.1393078 0.0673998 0.0686005 0.2409804 0.1113605 0.2739857 0.1779784 0.1973485 0.2410451 0.1197828 0.2137746 0.2317240 0.0301555 0.5451788 0.1334070 0.2509965 0.1258561 0.1008643 0.6072327 0.0597747 0.2143104 0.2454851 0.1869292 0.1885552 0.1236413 0.0501078 0.2468136 0.1364561 0.1276899 
Perityle_batopilensis_97                   0.2746241 0.2373336 0.2919689 0.3723816 0.3422694 0.3043819 0.3662984 0.4401068 0.1490343 0.3084323 0.7065489 0.8074429 0.2832437 0.6900976 0.0000000 0.2947495 0.3057383 0.3012543 0.3147651 0.2660440 0.1798811 0.7705148 0.6159594 1.4134256 0.2928821 0.2782428 0.2834621 0.4144862 0.3228293 0.2123995 0.2923812 0.2493255 0.1455778 0.1713037 0.3418317 0.1753404 0.3712273 0.2403700 0.2891411 0.6048269 0.3273999 0.2860970 0.3378805 0.3955351 0.6479221 0.6792525 0.2888254 0.3214004 0.3067144 0.6338504 0.2578124 0.1744111 0.6796577 0.4284792 0.2616491 0.2947507 0.2614841 0.2589195 0.3996110 0.2916465 0.6663327 0.2666545 0.3038950 0.4089980 0.2917045 0.3198392 0.3572959 0.7268662 0.1545851 0.7149574 0.3716371 0.2883010 0.3186982 0.2229226 0.2732215 0.3148478 0.4007006 0.7385129 0.7625245 0.3310891 0.2730296 0.3130984 0.2425606 0.3380456 
Perityle_bisetosa_9                        0.2821524 0.1404654 0.3509664 0.4022191 0.2725111 0.2248801 0.1447828 0.4045196 0.3288210 0.3678158 0.2348317 0.1773369 0.1618813 0.1693179 0.2947495 0.0000000 0.3001070 0.2423183 0.1165300 0.1520965 0.2137498 0.0038490 0.1927319 0.3083688 0.1385431 0.3087701 0.3775480 0.3587727 0.1385018 0.1535791 0.3002165 0.3600101 0.2506038 0.3410192 0.3245814 0.1665737 0.3522526 0.2308518 0.1960859 0.2050098 0.3243758 0.1164170 0.2707466 0.4382651 0.1903893 0.2361689 0.1660208 0.2767531 0.0699011 0.1132957 0.2121304 0.3601509 0.0619201 0.3394406 0.1921462 0.1715950 0.1791220 0.1553324 0.3756684 0.1453791 0.2144215 0.2049920 0.1870430 0.3818824 0.2523734 0.3326467 0.3581504 0.0611179 0.1036589 0.2566686 0.2281787 0.1667581 0.1394586 0.2793861 0.0585032 0.2559926 0.3520864 0.1976593 0.1322028 0.1736256 0.1809629 0.2584807 0.1337964 0.1724905 
Perityle_californica_76_positas            0.2344876 0.1873052 0.2638395 0.4241684 0.2807859 0.2719350 0.1922539 0.4197437 0.2396363 0.2863932 0.3719215 0.3905017 0.2211727 0.2664900 0.3057383 0.3001070 0.0000000 0.2642980 0.2215269 0.2336808 0.2753224 0.2261678 0.2630206 0.2261405 0.3009903 0.2632713 0.3055235 0.3299001 0.2015478 0.1833612 0.1909880 0.3345270 0.2011549 0.2564243 0.2844701 0.2142292 0.2954707 0.2709533 0.2629202 0.2801275 0.2806892 0.2454450 0.2768596 0.3068468 0.2920457 0.3464237 0.2803058 0.2756780 0.2610352 0.2788171 0.2725611 0.2560420 0.1703126 0.3764104 0.2380978 0.1653828 0.2346308 0.2289963 0.3597101 0.1660465 0.2924500 0.1926155 0.3271281 0.3283308 0.2523573 0.2703576 0.2781116 0.1758462 0.2104327 0.3277693 0.2464742 0.2601013 0.2336734 0.2988201 0.1938897 0.2498780 0.3396219 0.3650599 0.3199491 0.2140779 0.2152934 0.2015036 0.1470734 0.1839326 
Perityle_canescens_77                      0.1898413 0.1431813 0.1868925 0.3395855 0.1821476 0.2438207 0.1362936 0.4173686 0.1798303 0.2113347 0.2739632 0.2161813 0.1878111 0.2367511 0.3012543 0.2423183 0.2642980 0.0000000 0.1683569 0.1882538 0.2695888 0.1077777 0.1809959 0.2589400 0.2267789 0.1786415 0.2369621 0.1614607 0.1640230 0.1741158 0.2304142 0.2796408 0.1798303 0.1894610 0.1558407 0.2168349 0.1971452 0.1624827 0.2013054 0.2011375 0.1552041 0.1940511 0.1424780 0.2068035 0.1768883 0.2207565 0.2036074 0.1415003 0.1593454 0.1640747 0.2480827 0.2290086 0.0765865 0.2409201 0.1246924 0.1921170 0.2330494 0.2289799 0.2298483 0.0803407 0.1702962 0.1767630 0.2818990 0.1658596 0.1613637 0.2290212 0.2220064 0.0845049 0.2140598 0.2517026 0.2110789 0.2133073 0.1931903 0.2534435 0.1321899 0.2124992 0.1433853 0.2023304 0.2389524 0.0979620 0.2047374 0.2246002 0.1178969 0.1139202 
Perityle_castillonii_96                    0.1411419 0.1292413 0.1234825 0.3302711 0.1570570 0.2129970 0.1493361 0.3937086 0.1621634 0.1674783 0.1319495 0.0970049 0.0517288 0.1094419 0.3147651 0.1165300 0.2215269 0.1683569 0.0000000 0.0479966 0.0598467 0.0353132 0.0284272 0.3086264 0.0588463 0.1023624 0.1768460 0.1747326 0.1540740 0.1627678 0.1566474 0.3090297 0.1621634 0.1507360 0.1465963 0.0990039 0.1459054 0.1312833 0.0450488 0.1126756 0.1438883 0.0446314 0.1552817 0.1782294 0.0491228 0.0982188 0.0647204 0.1425081 0.0605280 0.0362218 0.1715739 0.0991885 0.0320005 0.2352403 0.1500635 0.1279822 0.0893819 0.0838149 0.2623321 0.1299690 0.1813703 0.1704796 0.1263619 0.1802238 0.1012702 0.1818100 0.1731883 0.0359223 0.1082750 0.1076122 0.1949623 0.0391319 0.0516090 0.1728323 0.0394400 0.1657953 0.1758243 0.1187522 0.1290448 0.1360022 0.0511941 0.1634451 0.1117118 0.1370219 
Perityle_cernua_84                         0.1989206 0.1268712 0.2239026 0.3451794 0.2132973 0.1989279 0.1468090 0.3549250 0.2550612 0.2538570 0.1685720 0.1536457 0.0660006 0.0671458 0.2660440 0.1520965 0.2336808 0.1882538 0.0479966 0.0000000 0.1770408 0.0273070 0.0376193 0.2972361 0.0993603 0.1955040 0.2364518 0.2486239 0.1322753 0.1534000 0.2360111 0.3320710 0.2204127 0.2771020 0.2412183 0.1895635 0.2296142 0.1759744 0.0974631 0.0494910 0.2236828 0.0856874 0.1885573 0.3100040 0.0717258 0.1501912 0.1186663 0.2151508 0.0900817 0.0282817 0.1802804 0.3161854 0.0237842 0.2722017 0.1631515 0.1573592 0.1236650 0.1142173 0.2676542 0.1300399 0.1854795 0.1642066 0.1858844 0.2627422 0.1746039 0.2360492 0.2550204 0.0274046 0.1238875 0.1365795 0.1808114 0.1071311 0.0505715 0.2746670 0.0519112 0.1919752 0.2838436 0.2018690 0.1408130 0.1663553 0.1015813 0.2028913 0.1082577 0.1258639 
Perityle_cfvillosa_25_tin                  0.3524417 0.1639010 0.4257805 0.3755575 0.3938133 0.2483608 0.1878945 0.3646442 0.3247539 0.4349651 0.8130581 0.8982057 0.1916456 0.5795695 0.1798811 0.2137498 0.2753224 0.2695888 0.0598467 0.1770408 0.0000000 0.0000010 1.1269515 0.9742524 0.1700241 0.3804779 0.4103033 0.4405374 0.1580851 0.1696291 0.3650299 0.2985579 0.2417662 0.3229402 0.4002325 0.1764955 0.4012569 0.3222907 0.2177563 0.8926222 0.3701676 0.1207852 0.3207936 0.5317733 0.6669294 0.7657638 0.1295280 0.3187853 0.1282462 0.0000010 0.2090413 0.3383685 0.0000010 0.3882869 0.2271461 0.1622286 0.0806964 0.0375132 0.4378357 0.1856837 0.3743304 0.1847985 0.3111903 0.5020899 0.3377216 0.3779616 0.4394802 0.0000010 0.1062070 0.7811325 0.2400579 0.1652775 0.1118878 0.2490688 0.0108291 0.3067135 0.5290770 0.8640885 0.6628532 0.2592014 0.0859106 0.3386230 0.1418098 0.1536552 
Perityle_cinerea_113_Powell1310            0.1255458 0.0830859 0.1164899 0.2129835 0.1302139 0.1381051 0.1075136 0.2502638 0.0000010 0.0886731 0.0352248 0.0434411 0.0275722 0.0683295 0.7705148 0.0038490 0.2261678 0.1077777 0.0353132 0.0273070 0.0000010 0.0000000 0.0273070 0.0307594 0.0312813 0.1518977 0.1788247 0.1438026 0.1033509 0.0000010 0.0726095 0.6573962 0.0000010 0.0000010 0.0772755 0.0975996 0.1413961 0.1403509 0.0312803 0.0273070 0.0895476 0.0394185 0.0810546 0.1048087 0.0353245 0.0394185 0.0433687 0.0897831 0.0518234 0.0273380 0.4936676 0.0000010 0.0362909 0.0694960 0.1439008 0.2373973 0.0352069 0.0303474 0.1117964 0.0779269 0.2051847 0.1665743 0.0272761 0.1394524 0.1293509 0.1121280 0.1034896 0.0503309 0.0000010 0.0312292 0.1159912 0.0353774 0.0433193 0.4331276 0.0474726 0.1212404 0.0847671 0.0515556 0.0434971 0.0959353 0.0351780 0.0824742 0.0807561 0.0809035 
Perityle_coahuilensis_24                   0.1830527 0.1084899 0.1657471 0.4406355 0.2345181 0.2691968 0.1251901 0.4658255 9.0000000 0.2333270 0.1252732 0.0312617 0.0532933 0.1153072 0.6159594 0.1927319 0.2630206 0.1809959 0.0284272 0.0376193 1.1269515 0.0273070 0.0000000 0.2507918 0.1470799 0.1853123 0.2061812 0.1917077 0.1477281 0.0000010 0.1737300 0.7230803 9.0000000 1.0579114 0.1674943 0.5392837 0.1912337 0.1838446 0.0084255 0.1491666 0.1690785 0.0363563 0.1441260 0.2080998 0.0360871 0.0248343 0.0816670 0.1413202 0.0537234 0.0353320 0.5695183 0.9831676 0.0238071 0.2468018 0.1060991 0.1458763 0.1646444 0.1757428 0.3431663 0.0993387 0.1799271 0.1957240 0.2749912 0.1969151 0.0820078 0.2493668 0.2625458 0.0246115 0.6313336 0.0326007 0.1708903 0.0764707 0.0467809 0.5392579 0.0287682 0.2196234 0.1822759 0.0860980 0.1365602 0.1164148 0.0981330 0.1446074 0.0704767 0.1143050 
Perityle_cochisensis_44_cave_creek         0.3054088 0.2929118 0.3371553 0.3885665 0.3007066 0.3514565 0.3381263 0.2924923 0.8769736 0.2802435 0.2667960 0.2882839 0.2346427 0.2391154 1.4134256 0.3083688 0.2261405 0.2589400 0.3086264 0.2972361 0.9742524 0.0307594 0.2507918 0.0000000 0.3388661 0.3689271 0.4041308 0.3387105 0.3494539 0.8390064 0.2521487 1.1857389 0.8769736 0.9712381 0.3170330 0.8265245 0.3689535 0.3568046 0.3283835 0.2507918 0.3027923 0.3348849 0.3247587 0.3407068 0.2513782 0.2924777 0.3388661 0.3027923 0.3110990 0.2507918 1.5106044 1.4563325 0.2391154 0.3402424 0.4295579 0.3667084 0.3511209 0.3511209 0.3242453 0.3378706 0.3025581 0.3749652 0.3083688 0.3269126 0.4053785 0.2849900 0.2788998 0.2781614 0.8265245 0.2949744 0.3705992 0.3260346 0.3234916 0.8984887 0.3260346 0.2687901 0.3634737 0.2890418 0.2890418 0.3665015 0.3638641 0.2659963 0.3466735 0.3756641 
Perityle_congesta_202                      0.3015117 0.1401464 0.3593181 0.4062410 0.3351170 0.2707302 0.1497865 0.4399502 0.3650522 0.3830452 0.2124252 0.1089396 0.1525217 0.1226418 0.2928821 0.1385431 0.3009903 0.2267789 0.0588463 0.0993603 0.1700241 0.0312813 0.1470799 0.3388661 0.0000000 0.3417398 0.3996749 0.3473824 0.1499954 0.1627804 0.3232383 0.3529999 0.2744276 0.3596175 0.3064896 0.2116165 0.3628780 0.2365462 0.1607266 0.2085914 0.3383025 0.0735232 0.2346181 0.4519950 0.0979455 0.1348174 0.0672443 0.2436034 0.0708888 0.0353821 0.2047307 0.4571083 0.0264608 0.3154742 0.1832905 0.1643547 0.1230239 0.1178046 0.3895424 0.1336136 0.1835839 0.1832875 0.2782889 0.3474240 0.2106350 0.3215010 0.3948012 0.0301854 0.1488665 0.1629085 0.2150876 0.1364747 0.0782617 0.2544198 0.0165484 0.2750351 0.3659155 0.1440543 0.1580653 0.1642420 0.1133242 0.2541318 0.1212944 0.1244460 
Perityle_cordifolia_27                     0.2615974 0.1445269 0.2743844 0.4275870 0.2841859 0.2603344 0.1632726 0.4343927 0.3393342 0.3525970 0.3272819 0.2768960 0.1098176 0.1655114 0.2782428 0.3087701 0.2632713 0.1786415 0.1023624 0.1955040 0.3804779 0.1518977 0.1853123 0.3689271 0.3417398 0.0000000 0.2807488 0.3384295 0.1622065 0.1506900 0.3177912 0.3963518 0.2488547 0.3647250 0.3344361 0.2536447 0.2434064 0.1938092 0.2479166 0.2114215 0.3423718 0.1979324 0.2275813 0.3350142 0.1873241 0.2195136 0.2532553 0.2714842 0.1895394 0.1842289 0.2910001 0.0281810 0.0777134 0.3631148 0.1338955 0.0792871 0.2435196 0.2349369 0.3839277 0.1416379 0.2275141 0.1353613 0.4097005 0.3528991 0.0333232 0.3324754 0.3369295 0.0846512 0.2066554 0.2005163 0.2240153 0.2654372 0.1391219 0.3377962 0.0958426 0.2653718 0.4013633 0.2931757 0.2513670 0.1869936 0.2018302 0.2829087 0.1232310 0.1464712 
Perityle_cordifolia_68_tecolote            0.2700790 0.1703127 0.3326062 0.4430686 0.3198002 0.2692948 0.1652367 0.4657470 0.3123014 0.4069674 0.3144050 0.3152220 0.1970304 0.1946184 0.2834621 0.3775480 0.3055235 0.2369621 0.1768460 0.2364518 0.4103033 0.1788247 0.2061812 0.4041308 0.3996749 0.2807488 0.0000000 0.3373820 0.2017685 0.1688577 0.3829677 0.3809188 0.2058804 0.3591418 0.3259926 0.3078709 0.2996255 0.1839835 0.2803874 0.1732181 0.3296311 0.2631995 0.2577007 0.4355806 0.2061166 0.3048931 0.3354349 0.2810094 0.2321742 0.1960734 0.3450897 0.3980908 0.0883681 0.3807371 0.0489785 0.1538398 0.2687681 0.2438615 0.3920493 0.1541376 0.3189648 0.1372940 0.4590336 0.3797724 0.2302464 0.4057693 0.4446561 0.0915506 0.2196920 0.2567411 0.2698928 0.3262791 0.2226607 0.3815146 0.1377188 0.2956365 0.3753393 0.3404833 0.2832085 0.1846880 0.2424291 0.3003206 0.1732847 0.1524368 
Perityle_coronopifolia_28_patagonia        0.3451620 0.1889068 0.3572187 0.4149193 0.3220391 0.2632262 0.1585455 0.4484233 0.3143041 0.3741689 0.3440650 0.2063600 0.2030164 0.2129490 0.4144862 0.3587727 0.3299001 0.1614607 0.1747326 0.2486239 0.4405374 0.1438026 0.1917077 0.3387105 0.3473824 0.3384295 0.3373820 0.0000000 0.1622780 0.1927653 0.2975898 0.4397266 0.3104068 0.4144925 0.1658815 0.3542007 0.3567578 0.3054201 0.2376192 0.2457269 0.1575829 0.2373035 0.1561441 0.4096554 0.2075996 0.2599239 0.2817184 0.1596978 0.2155710 0.1799199 0.2986337 0.4428192 0.0912170 0.2479816 0.1963612 0.2045467 0.2923196 0.2929480 0.2820854 0.1164877 0.1340656 0.1880223 0.4139948 0.0495249 0.2555411 0.3364804 0.4008275 0.0763461 0.3377631 0.2326481 0.2192569 0.2911953 0.2065122 0.3791231 0.1765773 0.3110921 0.1959564 0.2763473 0.2610356 0.1067452 0.2614736 0.2214239 0.1534257 0.1023624 
Perityle_crassifolia_70_ventanas           0.1343107 0.1331042 0.1411766 0.2577771 0.1475341 0.1868764 0.1562294 0.3676525 0.1522763 0.1576831 0.2277746 0.1625736 0.1390867 0.2020250 0.3228293 0.1385018 0.2015478 0.1640230 0.1540740 0.1322753 0.1580851 0.1033509 0.1477281 0.3494539 0.1499954 0.1622065 0.2017685 0.1622780 0.0000000 0.1017958 0.1322552 0.2920861 0.1522763 0.1255225 0.1490561 0.1765551 0.1703788 0.1598559 0.1493811 0.2332861 0.1378770 0.1505393 0.1433312 0.1542419 0.1764894 0.1996261 0.1432344 0.1382617 0.1358285 0.1547239 0.2730190 0.1333360 0.1010514 0.1619871 0.1489322 0.1901508 0.1380821 0.1329568 0.1482626 0.1399405 0.1948945 0.1485070 0.1558961 0.1636174 0.1593280 0.1571574 0.1710723 0.0740778 0.1922950 0.2050846 0.0373840 0.1592971 0.1538447 0.2464014 0.1356344 0.1619077 0.1677787 0.1748254 0.1746777 0.1610718 0.1373372 0.1071819 0.1089460 0.1359923 
Perityle_crassifolia_74_playa_balandra     0.1581719 0.1409984 0.1704741 0.2118990 0.1734075 0.2233374 0.2214369 0.2950408 0.1532121 0.1520640 0.8559544 0.7981881 0.1652937 0.0000010 0.2123995 0.1535791 0.1833612 0.1741158 0.1627678 0.1534000 0.1696291 0.0000010 0.0000010 0.8390064 0.1627804 0.1506900 0.1688577 0.1927653 0.1017958 0.0000000 0.1798741 0.1847215 0.1532121 0.1652416 0.1867857 0.1543593 0.1747120 0.1622634 0.1586138 0.6102116 0.1927995 0.1539327 0.2003846 0.1827796 0.5404958 0.8296022 0.1682065 0.1981766 0.1608083 0.0000010 0.1425957 0.1684936 0.0000010 0.1915700 0.1681635 0.1494297 0.1627804 0.1627804 0.1805236 0.1975172 0.2105662 0.1575599 0.1796340 0.1931387 0.1676305 0.1762671 0.1706968 0.0000010 0.1611547 0.3929099 0.0841815 0.1627804 0.1566069 0.1756038 0.1627804 0.1815194 0.2248192 1.6223329 0.0000010 0.2094269 0.1627804 0.0894671 0.1500992 0.2083555 
Perityle_cuneata_34_cuneata_San_antonio    0.2374449 0.1505742 0.2629093 0.3928778 0.2809404 0.2569386 0.1527320 0.4189939 0.2958526 0.3312319 0.3092414 0.2336313 0.1826214 0.2381987 0.2923812 0.3002165 0.1909880 0.2304142 0.1566474 0.2360111 0.3650299 0.0726095 0.1737300 0.2521487 0.3232383 0.3177912 0.3829677 0.2975898 0.1322552 0.1798741 0.0000000 0.3604281 0.2509509 0.3773219 0.2959065 0.2532253 0.3342392 0.2650526 0.2384982 0.2303921 0.2760895 0.1952534 0.2003456 0.4092916 0.1737734 0.2235893 0.2442417 0.2374107 0.1779830 0.1603111 0.2723518 0.4482832 0.0907839 0.3018816 0.1906876 0.2017100 0.2670201 0.2724371 0.4093605 0.1297333 0.1980679 0.1677010 0.3490626 0.3066678 0.2252778 0.3285474 0.3658880 0.0639826 0.2353127 0.2140559 0.1857033 0.2770310 0.2099587 0.3310558 0.1236219 0.2503183 0.3129128 0.2375835 0.2356699 0.1618836 0.2445901 0.1248045 0.0604578 0.1415715 
Perityle_cuneata_4                         0.3358421 0.2345077 0.3342268 0.4570265 0.4202868 0.3208592 0.3225331 0.4754525 0.2298262 0.3933194 0.7575287 0.8798105 0.2915792 0.7263532 0.2493255 0.3600101 0.3345270 0.2796408 0.3090297 0.3320710 0.2985579 0.6573962 0.7230803 1.1857389 0.3529999 0.3963518 0.3809188 0.4397266 0.2920861 0.1847215 0.3604281 0.0000000 0.1783610 0.2407957 0.3808070 0.2608814 0.3988944 0.3874854 0.3356356 0.7084997 0.3621915 0.3220956 0.3737260 0.4773974 0.6991580 0.7369863 0.3602902 0.3395784 0.3468202 0.7051572 0.3402553 0.3059026 0.7308811 0.4769437 0.2697237 0.3012112 0.3257487 0.3130523 0.4347119 0.3364690 0.7986935 0.3061970 0.3857781 0.4734619 0.3950770 0.4048794 0.4241064 0.7486662 0.1920981 0.7611073 0.3458681 0.3380701 0.2951500 0.3424312 0.2694820 0.3678274 0.4749396 0.8516568 0.8150335 0.3947933 0.3374694 0.3901324 0.2295523 0.3561293 
Perityle_discoidea_81                      0.0395252 0.0684176 0.1227619 0.2463195 0.1981754 0.1748483 0.1878206 0.3590088 0.0013488 0.2493221 0.6760991 0.9680752 0.1994471 0.6091159 0.1455778 0.2506038 0.2011549 0.1798303 0.1621634 0.2204127 0.2417662 0.0000010 9.0000000 0.8769736 0.2744276 0.2488547 0.2058804 0.3104068 0.1522763 0.1532121 0.2509509 0.1783610 0.0000000 0.1117399 0.2290195 0.1906998 0.3472444 0.1732959 0.2387480 0.4729193 0.2173414 0.2128198 0.1983290 0.3620727 0.6187620 0.6439333 0.2383833 0.2221761 0.1728141 1.6371618 0.1644783 0.2450592 0.0000010 0.3922415 0.1514491 0.1809903 0.2354622 0.2335700 0.3696969 0.1712965 0.2881293 0.1357412 0.2713669 0.2704826 0.2135757 0.1926555 0.2542110 0.0000010 0.1801379 0.7806538 0.2322221 0.2619042 0.2418987 0.1848469 0.1370501 0.1815754 0.3328824 0.8336866 0.9795934 0.1980692 0.2377503 0.2463866 0.1553735 0.1853189 
Perityle_emoryi_47_punta_san_jose          0.1642109 0.0650440 0.1156649 0.2861668 0.3123098 0.1857848 0.1535159 0.3639200 0.1671525 0.3675408 0.7337061 0.9487019 0.2336008 0.5917252 0.1713037 0.3410192 0.2564243 0.1894610 0.1507360 0.2771020 0.3229402 0.0000010 1.0579114 0.9712381 0.3596175 0.3647250 0.3591418 0.4144925 0.1255225 0.1652416 0.3773219 0.2407957 0.1117399 0.0000000 0.3567230 0.2914411 0.4343471 0.2825373 0.3349317 0.5007570 0.3432785 0.3064920 0.2554470 0.4832716 0.7448776 0.7016873 0.3240336 0.2633499 0.2192947 1.1109091 0.2226216 0.3519612 0.0000010 0.3870485 0.1518880 0.1702064 0.2961609 0.2879035 0.3996002 0.1662767 0.3762004 0.1242077 0.4157205 0.4180387 0.2786126 0.2666291 0.3467571 0.0000010 0.2159996 0.7624687 0.2512224 0.3672695 0.2366719 0.2627588 0.1431131 0.1941666 0.4091302 0.9201729 0.8981232 0.1792742 0.3088531 0.3117549 0.1529208 0.1708112 
Perityle_feddemae_99                       0.3071477 0.1323131 0.3262729 0.4009913 0.3078789 0.2421792 0.1437474 0.4649006 0.2910457 0.3852105 0.3399485 0.2140016 0.1794460 0.2126421 0.3418317 0.3245814 0.2844701 0.1558407 0.1465963 0.2412183 0.4002325 0.0772755 0.1674943 0.3170330 0.3064896 0.3344361 0.3259926 0.1658815 0.1490561 0.1867857 0.2959065 0.3808070 0.2290195 0.3567230 0.0000000 0.3255909 0.3356856 0.2908337 0.2316566 0.2290600 0.0636679 0.2012311 0.0656207 0.4199724 0.1761241 0.2319867 0.2614294 0.0436692 0.1875041 0.1481409 0.3269260 0.4434792 0.0942724 0.3303507 0.1587331 0.2008016 0.2849686 0.2839032 0.3213578 0.1062105 0.1585743 0.1705609 0.3948492 0.2186490 0.2521345 0.3346333 0.3658153 0.0859620 0.2811301 0.2228351 0.2097153 0.2639222 0.1830689 0.3336646 0.1414507 0.2820041 0.2005642 0.2243312 0.2454201 0.1522072 0.2647332 0.2313936 0.1134238 0.1052844 
Perityle_fosteri_93                        0.2525466 0.1715131 0.3152276 0.3081075 0.2966209 0.1834125 0.2340991 0.3451319 0.2474834 0.2796522 0.6571709 0.8497590 0.0951947 0.4698232 0.1753404 0.1665737 0.2142292 0.2168349 0.0990039 0.1895635 0.1764955 0.0975996 0.5392837 0.8265245 0.2116165 0.2536447 0.3078709 0.3542007 0.1765551 0.1543593 0.2532253 0.2608814 0.1906998 0.2914411 0.3255909 0.0000000 0.3271776 0.3006334 0.2041465 0.4420446 0.3310507 0.1443734 0.2838573 0.4255795 0.4672462 0.6323808 0.1744200 0.2688579 0.1285289 0.4065898 0.1966590 0.2459401 0.3827251 0.3610896 0.1860786 0.0941469 0.1373831 0.1197798 0.3393460 0.1911540 0.4587692 0.1686735 0.2074130 0.3989541 0.2439741 0.3147691 0.3618751 0.0975996 0.0627433 0.6144780 0.2489233 0.1704701 0.1347643 0.1962466 0.0920403 0.2415076 0.4125015 0.7178274 0.6528917 0.2590992 0.1337506 0.2884148 0.1417620 0.1834479 
Perityle_gamon_221                         0.2909431 0.1681768 0.2881069 0.4572641 0.2774196 0.2791593 0.1646642 0.4612110 0.3656669 0.3091130 0.3441004 0.3084065 0.1895284 0.1850041 0.3712273 0.3522526 0.2954707 0.1971452 0.1459054 0.2296142 0.4012569 0.1413961 0.1912337 0.3689535 0.3628780 0.2434064 0.2996255 0.3567578 0.1703788 0.1747120 0.3342392 0.3988944 0.3472444 0.4343471 0.3356856 0.3271776 0.0000000 0.2195553 0.2568527 0.2510565 0.3280842 0.2433157 0.2242205 0.2563513 0.2359287 0.2268915 0.2660930 0.2911569 0.2296637 0.2338101 0.2897182 0.4351025 0.0765824 0.3484727 0.1668235 0.1673906 0.2651332 0.2755680 0.3617632 0.1268844 0.2490636 0.1403205 0.4456901 0.3378139 0.2133889 0.3397309 0.3293400 0.0824536 0.3106280 0.2369706 0.2451102 0.2984141 0.1904670 0.3727910 0.1687189 0.3082885 0.3610499 0.2994584 0.2769857 0.1538288 0.2317918 0.2922553 0.1631689 0.1485151 
Perityle_gentryi_8_san_francisco           0.2571264 0.1365269 0.2494918 0.3959282 0.2582532 0.2517473 0.1500059 0.4426326 0.2277600 0.2881147 0.3501822 0.2893724 0.1407684 0.1765484 0.2403700 0.2308518 0.2709533 0.1624827 0.1312833 0.1759744 0.3222907 0.1403509 0.1838446 0.3568046 0.2365462 0.1938092 0.1839835 0.3054201 0.1598559 0.1622634 0.2650526 0.3874854 0.1732959 0.2825373 0.2908337 0.3006334 0.2195553 0.0000000 0.2395676 0.2491861 0.2835279 0.1895181 0.2142405 0.3145110 0.2229942 0.2400286 0.1959894 0.2465269 0.1855388 0.2046162 0.3073204 0.3250507 0.0663416 0.3139487 0.0793245 0.1225739 0.1903889 0.1709224 0.2643014 0.1560099 0.2276008 0.1135376 0.3297996 0.3257721 0.1622860 0.3197600 0.3239082 0.0618112 0.2331738 0.2470190 0.2226420 0.2340653 0.1454704 0.3720845 0.1020915 0.2783609 0.3419924 0.2812145 0.2361861 0.1804342 0.1889433 0.2929020 0.1371980 0.1458765 
Perityle_gilensis_22_Superstition          0.2349890 0.1349330 0.2617020 0.3792632 0.2584235 0.2632332 0.1510916 0.4188856 0.3333408 0.3094287 0.2105535 0.1034732 0.0897096 0.1261552 0.2891411 0.1960859 0.2629202 0.2013054 0.0450488 0.0974631 0.2177563 0.0312803 0.0084255 0.3283835 0.1607266 0.2479166 0.2803874 0.2376192 0.1493811 0.1586138 0.2384982 0.3356356 0.2387480 0.3349317 0.2316566 0.2041465 0.2568527 0.2395676 0.0000000 0.1612262 0.2285267 0.0639312 0.1771912 0.3413095 0.0704254 0.1358562 0.1351123 0.1976684 0.0728741 0.0357512 0.1776533 0.3579821 0.0264940 0.2651639 0.1878796 0.1627433 0.1416626 0.1427998 0.3671954 0.1357440 0.1913300 0.1721705 0.2695531 0.2627819 0.1560569 0.2982888 0.3065163 0.0273908 0.1706440 0.0984282 0.2037059 0.1045800 0.0468276 0.2509105 0.0538624 0.2305105 0.2637389 0.1359273 0.1651303 0.1714370 0.1161298 0.1900433 0.1222172 0.1346949 
Perityle_gilensis_salensis_225             0.2025771 0.1231492 0.2316630 0.4421795 0.2900581 0.2953198 0.1439061 0.5353166 0.4729193 0.2833622 0.1931094 0.1860414 0.0690078 0.1079258 0.6048269 0.2050098 0.2801275 0.2011375 0.1126756 0.0494910 0.8926222 0.0273070 0.1491666 0.2507918 0.2085914 0.2114215 0.1732181 0.2457269 0.2332861 0.6102116 0.2303921 0.7084997 0.4729193 0.5007570 0.2290600 0.4420446 0.2510565 0.2491861 0.1612262 0.0000000 0.2235651 0.1563895 0.1705191 0.2775067 0.1480302 0.1202190 0.1720963 0.2096095 0.2044823 0.1684494 0.5432238 0.4507771 0.0267268 0.3725944 0.1280972 0.1404222 0.1445146 0.1499646 0.2715344 0.1221848 0.2513120 0.2008699 0.3196017 0.2224120 0.1051475 0.2535366 0.3092794 0.0276397 0.5700287 0.1436718 0.2276315 0.1558406 0.1171994 0.5902941 0.0510138 0.2155215 0.2750893 0.2295660 0.1846157 0.1306511 0.0784247 0.2598672 0.1026130 0.1372375 
Perityle_glaucescens_94                    0.2886592 0.1336693 0.2990451 0.4007782 0.2993009 0.2385923 0.1436356 0.4636653 0.3119057 0.3719323 0.3296982 0.2040142 0.1910847 0.2144628 0.3273999 0.3243758 0.2806892 0.1552041 0.1438883 0.2236828 0.3701676 0.0895476 0.1690785 0.3027923 0.3383025 0.3423718 0.3296311 0.1575829 0.1378770 0.1927995 0.2760895 0.3621915 0.2173414 0.3432785 0.0636679 0.3310507 0.3280842 0.2835279 0.2285267 0.2235651 0.0000000 0.2001715 0.0564424 0.3725645 0.1712425 0.2254348 0.2643722 0.0305362 0.1775756 0.1427918 0.3169414 0.4325509 0.0967369 0.3011913 0.1584053 0.1959578 0.2772912 0.2710847 0.3182331 0.1004974 0.1578964 0.1676818 0.3967441 0.2054114 0.2380490 0.3185709 0.3493670 0.0823255 0.2737658 0.2187843 0.2122424 0.2782661 0.1711589 0.3260370 0.1278726 0.2626374 0.1968271 0.2255932 0.2430546 0.1534116 0.2592464 0.2301703 0.1132141 0.1038762 
Perityle_gracilis_11                       0.2220297 0.1267956 0.2505895 0.3435883 0.2150348 0.2344001 0.1457612 0.4053057 0.2894235 0.2438748 0.1902535 0.1195785 0.0715396 0.1244055 0.2860970 0.1164170 0.2454450 0.1940511 0.0446314 0.0856874 0.1207852 0.0394185 0.0363563 0.3348849 0.0735232 0.1979324 0.2631995 0.2373035 0.1505393 0.1539327 0.1952534 0.3220956 0.2128198 0.3064920 0.2012311 0.1443734 0.2433157 0.1895181 0.0639312 0.1563895 0.2001715 0.0000000 0.1682765 0.2978980 0.0718201 0.1041276 0.0855402 0.1808160 0.0654499 0.0369594 0.1591152 0.2670956 0.0264556 0.2407899 0.1668953 0.1440778 0.0719589 0.0629714 0.2637925 0.1283742 0.1823774 0.1530060 0.1564294 0.2533539 0.1605671 0.2595018 0.2504677 0.0163308 0.1096377 0.1092388 0.1856900 0.0689203 0.0352417 0.2396587 0.0415680 0.2101699 0.2485283 0.1421489 0.1585423 0.1569433 0.0665431 0.1850610 0.1152594 0.1209678 
Perityle_harkerae_31                       0.2198032 0.1478711 0.2091244 0.3762525 0.2365133 0.2055992 0.1453682 0.4232620 0.2329890 0.2473742 0.2687901 0.1910426 0.1577430 0.2075088 0.3378805 0.2707466 0.2768596 0.1424780 0.1552817 0.1885573 0.3207936 0.0810546 0.1441260 0.3247587 0.2346181 0.2275813 0.2577007 0.1561441 0.1433312 0.2003846 0.2003456 0.3737260 0.1983290 0.2554470 0.0656207 0.2838573 0.2242205 0.2142405 0.1771912 0.1705191 0.0564424 0.1682765 0.0000000 0.2336478 0.1668130 0.2252381 0.2081640 0.0538560 0.1818792 0.1389960 0.2823753 0.2795719 0.0974011 0.2438341 0.1642912 0.1758632 0.2447285 0.2557312 0.2503616 0.1006913 0.1546602 0.1582995 0.2875662 0.1710585 0.2762362 0.2443601 0.2381772 0.0793507 0.2675258 0.2205323 0.2011763 0.1860176 0.1485637 0.3315235 0.1342848 0.2285396 0.1727988 0.2203677 0.2208241 0.1372600 0.2240692 0.2110257 0.1039562 0.0890567 
Perityle_hofmeisteria_4_nombre_de_dios     0.3391137 0.1628630 0.3318162 0.4590705 0.2858490 0.2625654 0.1553584 0.4586136 0.4805971 0.3681769 0.3896520 0.3545058 0.2003891 0.2243408 0.3955351 0.4382651 0.3068468 0.2068035 0.1782294 0.3100040 0.5317733 0.1048087 0.2080998 0.3407068 0.4519950 0.3350142 0.4355806 0.4096554 0.1542419 0.1827796 0.4092916 0.4773974 0.3620727 0.4832716 0.4199724 0.4255795 0.2563513 0.3145110 0.3413095 0.2775067 0.3725645 0.2978980 0.2336478 0.0000000 0.2683471 0.2829514 0.3683402 0.3397851 0.2452786 0.2663862 0.3633126 0.5948189 0.1098798 0.3703549 0.1898327 0.1812046 0.3393334 0.3184750 0.3889598 0.1326855 0.2216459 0.1783256 0.5338545 0.4018542 0.2897649 0.4113032 0.3945215 0.0773522 0.3597736 0.2675074 0.2494951 0.3687458 0.2297244 0.4523760 0.1799525 0.3410055 0.3809782 0.3457599 0.2901258 0.1688541 0.3288850 0.3267570 0.1678439 0.1577735 
Perityle_huecosensis_48                    0.2350469 0.1811608 0.2168982 0.4668704 0.2522471 0.3013501 0.1602876 0.5107105 0.5432643 0.2500074 0.1357402 0.0596085 0.0761536 0.1229333 0.6479221 0.1903893 0.2920457 0.1768883 0.0491228 0.0717258 0.6669294 0.0353245 0.0360871 0.2513782 0.0979455 0.1873241 0.2061166 0.2075996 0.1764894 0.5404958 0.1737734 0.6991580 0.6187620 0.7448776 0.1761241 0.4672462 0.2359287 0.2229942 0.0704254 0.1480302 0.1712425 0.0718201 0.1668130 0.2683471 0.0000000 0.0474069 0.0968706 0.1684390 0.0890899 0.0467068 0.5868271 0.4869787 0.0318798 0.2784342 0.1691883 0.1644632 0.1758779 0.1823572 0.3056618 0.1446323 0.1895947 0.2174190 0.2639176 0.2226975 0.1181070 0.2845374 0.2795606 0.0358219 0.5380016 0.0495976 0.1868366 0.0683503 0.0652598 0.5620768 0.0883569 0.2536884 0.2018759 0.0978971 0.1456671 0.1815622 0.1073424 0.1762574 0.1433810 0.1596740 
