85
Amauria_brandeegeana_62                    0.0000000 0.0954389 0.1319957 0.2031734 0.1051234 0.1347466 0.1621818 0.1585175 0.2771989 0.0992962 0.3450808 0.1274728 0.1019651 0.1113501 0.1187951 0.1383857 0.1220029 0.1466707 0.1280535 0.0973468 0.1104194 0.1096544 0.2928571 0.1226489 0.1101540 0.1085750 0.1928992 0.1253495 0.1532102 0.0772773 0.1299580 0.1439660 0.1354603 0.1081178 0.1110392 0.1093636 0.1134142 0.1118956 0.1222130 0.1268733 0.0975081 0.0924030 0.1098998 0.0941290 0.1180804 0.1049398 0.1157437 0.1197433 0.1209769 0.1277052 0.1067818 0.0941503 0.1098184 0.1196710 0.2646327 0.1229072 0.1378341 0.1059583 0.1156490 0.1417250 0.1775347 0.1476863 0.1182833 0.1178795 0.1609022 0.1491601 0.1061739 0.1487498 0.0775273 0.1009256 0.0990283 0.0911367 0.1092187 0.1048487 0.1098668 0.1214432 0.1113259 0.1856073 0.2329436 0.1710357 0.1726872 0.1027858 0.1093636 0.1117237 0.1059300 
Amauria_carterae_99_mesa                   0.0954389 0.0000000 0.1277827 0.1977607 0.0938155 0.1647409 0.1407060 0.1698608 0.3210114 0.1486243 0.3389274 0.1129030 0.1101201 0.0977425 0.1008954 0.1331052 0.0884553 0.1279215 0.0962818 0.1160151 0.1125808 0.1310020 0.2722348 0.1204627 0.1330185 0.1375278 0.1931629 0.1407991 0.1162611 0.0698668 0.1367313 0.1262311 0.1173297 0.1375118 0.1139241 0.0821396 0.1172276 0.0988367 0.1405358 0.1455348 0.1123991 0.1123991 0.1013490 0.1104591 0.1428692 0.1118506 0.1374398 0.1252835 0.1328449 0.1148236 0.0942709 0.1081953 0.1222655 0.1009653 0.2372229 0.1162131 0.1061890 0.1375207 0.1356962 0.1207858 0.1252743 0.1224402 0.1222939 0.1276145 0.1213842 0.1164661 0.1178513 0.1482420 0.0544980 0.0834419 0.1147020 0.0561694 0.1309058 0.1310308 0.1096526 0.1222392 0.1171524 0.1492927 0.1646774 0.1293202 0.1186887 0.1360367 0.0821396 0.1014332 0.1048667 
Amauria_rotundifolia_SRR9119150            0.1319957 0.1277827 0.0000000 0.2102430 0.1784499 0.1670302 0.2033492 0.2114597 0.5226508 0.2160579 0.3899002 0.2221070 0.2134370 0.2383062 0.1709881 0.2141223 0.2380039 0.0275012 0.2005929 0.1639431 0.2096348 0.1593168 0.3159218 0.2229054 0.1931139 0.1636915 0.2413367 0.1734497 0.1470407 0.1610525 0.2579778 0.0950263 0.2251645 0.3474553 0.2453278 0.2280714 0.1704706 0.1940144 0.1480536 0.2088704 0.2373420 0.2275755 0.1578367 0.1627386 0.1530154 0.1665268 0.1534910 0.1565280 0.1423728 0.1955162 0.2373157 0.2301205 0.1122174 0.1974490 0.2073372 0.1156233 0.1424923 0.1606474 0.1538576 0.1430021 0.1800076 0.1592107 0.0892907 0.1916165 0.1513416 0.2337053 0.1203139 0.1378209 0.0717334 0.1925649 0.2315125 0.1682064 0.1562628 0.1523325 0.1709495 0.1163586 0.1362009 0.1401099 0.3350693 0.2809523 0.1564192 0.1564087 0.1989203 0.2384671 0.1137420 
Conoclinium_coelestinum_SRR9119114         0.2031734 0.1977607 0.2102430 0.0000000 0.1703888 0.2008228 0.1113764 0.2508423 0.3547142 0.1985006 0.3746049 0.1998176 0.1719389 0.1717203 0.1940972 0.2076253 0.1919936 0.2071750 0.2029396 0.1670073 0.1702517 0.1935111 0.3632870 0.1768495 0.1911167 0.1851629 0.2738540 0.1912473 0.2384076 0.1877418 0.2365858 0.2231781 0.1727436 0.2016325 0.1645239 0.1863779 0.2147555 0.1917183 0.1876336 0.1882148 0.1652283 0.1535825 0.2088002 0.1980757 0.1887104 0.1662016 0.1891583 0.2025120 0.1906724 0.1747872 0.1705486 0.1566829 0.2205495 0.1927191 0.3201518 0.2257181 0.1959269 0.1842230 0.2039306 0.2282318 0.2104097 0.2360806 0.2046716 0.1825184 0.2333194 0.2096285 0.2050690 0.2266450 0.1500032 0.1957353 0.1592091 0.1923552 0.1920807 0.1832781 0.1849207 0.2115984 0.2035498 0.2372540 0.2968153 0.2390839 0.2280305 0.1848828 0.1863779 0.1739637 0.1830296 
Eutetras_palmeri_63                        0.1051234 0.0938155 0.1784499 0.1703888 0.0000000 0.1246589 0.1286397 0.1601948 0.4763629 0.1517890 0.4430634 0.1809870 0.1247598 0.1494103 0.1630006 0.2012189 0.1260594 0.1480615 0.1217747 0.1238511 0.1164394 0.1633859 0.2991254 0.1366515 0.1166233 0.1506690 0.1533307 0.2167069 0.2042850 0.1142934 0.2381253 0.1816087 0.1123770 0.2120628 0.1521114 0.2470725 0.2256838 0.1819001 0.1718358 0.1871095 0.1428374 0.1316998 0.2132677 0.2373060 0.2404781 0.2105602 0.2325823 0.2321498 0.2160927 0.1247200 0.1531281 0.1402004 0.2053067 0.1784702 0.2632295 0.0991480 0.1222147 0.1688069 0.2319839 0.1703271 0.1351650 0.1541605 0.0938214 0.1552278 0.1535807 0.1726078 0.1348102 0.1976053 0.0696369 0.1606044 0.1442586 0.0924388 0.2319638 0.2051514 0.1335914 0.0937235 0.1769778 0.1920222 0.1908216 0.1772853 0.1172467 0.2168065 0.1253809 0.2071297 0.0907238 
Eutetras_pringlei_149_quer                 0.1347466 0.1647409 0.1670302 0.2008228 0.1246589 0.0000000 0.1468627 0.2064359 0.2285179 0.1594455 0.2236323 0.2070655 0.1314614 0.1780731 0.1541859 0.1793107 0.2758284 0.1507139 0.1714549 0.1409087 0.1214751 0.1374916 0.3355369 0.2072965 0.1374916 0.1374916 0.1766903 0.1821231 0.2467615 0.0849159 0.2111078 0.1838336 0.1547432 0.2015053 0.1693260 0.1766262 0.2097995 0.1639981 0.1114990 0.1829194 0.1684335 0.1217508 0.1920501 0.2377882 0.1745319 0.1963057 0.1920501 0.1920501 0.1248153 0.1591027 0.1733336 0.1684441 0.2192746 0.1638124 0.1653890 0.1228118 0.1683679 0.1423427 0.1920501 0.1597634 0.1720810 0.1687540 0.1555849 0.1591359 0.1691366 0.1715722 0.1245304 0.1545984 0.1034158 0.1323323 0.1731878 0.1204052 0.1964897 0.1920501 0.1217508 0.1374916 0.1334328 0.2184375 0.1738048 0.2066440 0.1647256 0.1920501 0.1385285 0.1364977 0.1462400 
Eutrochium_fistulosum_SRR9119106           0.1621818 0.1407060 0.2033492 0.1113764 0.1286397 0.1468627 0.0000000 0.2023953 0.3580573 0.1877152 0.4370472 0.1830432 0.1553495 0.1606462 0.1244805 0.2165634 0.1520744 0.1682041 0.1672962 0.1254071 0.1542681 0.1972855 0.2789963 0.1475732 0.1715368 0.1773400 0.2406188 0.2223986 0.2119393 0.1576931 0.1677539 0.2190279 0.1436913 0.2031235 0.1561270 0.1992616 0.2143538 0.1504825 0.1999304 0.1894720 0.1623565 0.1497037 0.2162300 0.1833215 0.2122544 0.1742457 0.1982979 0.2122557 0.1942250 0.1454166 0.1667239 0.1557904 0.2107318 0.1526870 0.3264563 0.1182442 0.1099026 0.2013343 0.2030029 0.2015657 0.1521268 0.1578453 0.1444385 0.1550303 0.1725974 0.1884874 0.1644645 0.2287833 0.1019860 0.1361654 0.1549428 0.1395470 0.1976932 0.1944753 0.1491420 0.1295805 0.1980654 0.2177753 0.2850645 0.2315904 0.1046107 0.1953566 0.1439447 0.1079166 0.1282150 
Galeana_pratensis_104_mex                  0.1585175 0.1698608 0.2114597 0.2508423 0.1601948 0.2064359 0.2023953 0.0000000 0.2043874 0.2203891 0.2545566 0.2225375 0.1986318 0.1960667 0.2110499 0.2469818 0.1902147 0.1868537 0.2090364 0.1882518 0.1877663 0.2241221 0.3069996 0.1916829 0.2216465 0.2189249 0.3938754 0.2455897 0.1893980 0.1559829 0.2124146 0.2194892 0.2002157 0.3268044 0.2057147 0.2116523 0.1984865 0.1826015 0.2215651 0.2259661 0.2040149 0.2011993 0.2057037 0.1952862 0.2147608 0.1932416 0.2185159 0.2217021 0.1714165 0.1973619 0.1997190 0.1987995 0.1971388 0.2044277 0.3255244 0.1805525 0.1973289 0.2241387 0.2246259 0.1622628 0.1969814 0.1663730 0.1782800 0.2291181 0.1872621 0.2101045 0.1795555 0.2421400 0.1346987 0.1991634 0.1960113 0.1658488 0.2162205 0.2214556 0.1906356 0.1800488 0.1862163 0.1866819 0.3950282 0.3822628 0.1635619 0.2194006 0.2076556 0.1696550 0.1722831 
Helianthus_annuus_SRR9119062               0.2771989 0.3210114 0.5226508 0.3547142 0.4763629 0.2285179 0.3580573 0.2043874 0.0000000 0.3673007 0.5298827 0.4863025 0.4145150 0.4933891 0.4618998 0.5123084 0.5618912 0.5299547 0.3773715 0.3505276 0.4242834 0.3845252 0.3538120 0.3466006 0.3462286 0.3651238 0.4947169 0.4000905 0.4790092 0.4763693 0.2633633 0.5100750 0.4481804 0.3621626 0.3483591 0.4806388 0.3075041 0.4946373 0.3877346 0.4446475 0.3463583 0.3593942 0.4979526 0.2775686 0.3697060 0.3629281 0.3634946 0.4359033 0.4295141 0.4252540 0.4942344 0.3920102 0.4903881 0.4849398 0.6171486 0.3373373 0.3536025 0.3883070 0.3627857 0.4743217 0.2209756 0.4750238 0.2485186 0.3689231 0.4877656 0.4861227 0.4956017 0.4924462 0.1620350 0.4856293 0.3620982 0.4665261 0.3619790 0.3634045 0.3620494 0.2483645 0.4941056 0.4018358 0.5696558 0.5065680 0.2499615 0.3607843 0.4789536 0.4366058 0.4327394 
Lycapsus_tenuifolius_17                    0.0992962 0.1486243 0.2160579 0.1985006 0.1517890 0.1594455 0.1877152 0.2203891 0.3673007 0.0000000 0.3970777 0.1873358 0.1033640 0.1159247 0.1653900 0.2229208 0.1766478 0.1709315 0.1765771 0.1037357 0.1022391 0.1519703 0.3182574 0.1291668 0.1003805 0.1324309 0.2398356 0.2255414 0.2508048 0.1420566 0.2162714 0.2205821 0.1878948 0.2211452 0.1090802 0.1826977 0.2053586 0.1868631 0.1633099 0.1956011 0.0999994 0.0976916 0.1755078 0.1906190 0.1553093 0.1579012 0.1610372 0.1785919 0.1811103 0.1306152 0.1158033 0.1081865 0.2145437 0.1759711 0.3581906 0.1139634 0.1400767 0.1497360 0.1581313 0.2271764 0.2056091 0.1985861 0.0977510 0.1569454 0.2162550 0.1912600 0.1632358 0.2528054 0.0940319 0.1650636 0.1113747 0.1635355 0.1492482 0.1626645 0.1162610 0.1081150 0.2152451 0.2558694 0.3135738 0.2983760 0.1705161 0.1447660 0.1284165 0.1339367 0.0953383 
Pericome_caudata_50_silver                 0.3450808 0.3389274 0.3899002 0.3746049 0.4430634 0.2236323 0.4370472 0.2545566 0.5298827 0.3970777 0.0000000 0.3406799 0.4034114 0.5186540 0.2595485 0.5101863 0.7127227 0.4275740 0.3779520 0.3162338 0.3965385 0.4406393 0.3131460 0.4080589 0.3893976 0.3998694 0.5415500 0.4338148 0.4635460 0.4226936 0.4614451 0.4320237 0.4884980 0.5302216 0.4426154 0.5019785 0.4676026 0.2996332 0.4504542 0.4240486 0.4284748 0.4004884 0.5364467 0.4378242 0.4899908 0.4469919 0.4757361 0.5063358 0.4533916 0.3845547 0.4896764 0.4279145 0.4730989 0.2879771 0.6194802 0.2952711 0.2766034 0.4471986 0.4790236 0.5064535 0.2083434 0.4577887 0.1647845 0.2429714 0.3793209 0.4793804 0.3526496 0.3264298 0.2151160 0.3483811 0.4263392 0.3996297 0.4762479 0.4747939 0.3421279 0.2134590 0.4037791 0.4141934 0.7611262 0.4656552 0.2199794 0.4759056 0.4396985 0.4872825 0.3407228 
Perityle_aglossa_84_dead_horse             0.1274728 0.1129030 0.2221070 0.1998176 0.1809870 0.2070655 0.1830432 0.2225375 0.4863025 0.1873358 0.3406799 0.0000000 0.1612330 0.1414328 0.0290940 0.2813025 0.0930127 0.2090606 0.1785482 0.1793837 0.1626143 0.2408470 0.3165009 0.1961536 0.1691012 0.2247215 0.2115589 0.2827414 0.2762010 0.1641837 0.2191284 0.2287002 0.1864397 0.3193408 0.1484428 0.2506217 0.2542665 0.0424970 0.2644539 0.2566734 0.1500647 0.1620169 0.2750828 0.2586240 0.2977980 0.2690342 0.2763271 0.2762814 0.2733316 0.1916414 0.1629096 0.1438269 0.2527740 0.0350291 0.3249658 0.1521620 0.1579337 0.2492992 0.2760944 0.2534182 0.2065491 0.2462216 0.0923484 0.0155623 0.2304549 0.2488887 0.2026481 0.2051600 0.0857981 0.0669662 0.1474996 0.1556813 0.2730074 0.2706143 0.1987005 0.1738040 0.2394266 0.2613548 0.2542517 0.1237364 0.2054203 0.2747373 0.1468857 0.2019715 0.1354444 
Perityle_ajoensis_204                      0.1019651 0.1101201 0.2134370 0.1719389 0.1247598 0.1314614 0.1553495 0.1986318 0.4145150 0.1033640 0.4034114 0.1612330 0.0000000 0.0218033 0.1819346 0.2025273 0.1251100 0.1798416 0.1530644 0.0287964 0.0192053 0.1445948 0.2773597 0.0841437 0.0858277 0.1250249 0.2216829 0.1867154 0.2140690 0.1201069 0.1574326 0.2046520 0.1356505 0.2280974 0.0236421 0.1535609 0.1747209 0.1981997 0.1604880 0.1812223 0.0146875 0.0156088 0.1512102 0.1593022 0.1499732 0.0747315 0.1419311 0.1458108 0.1555563 0.0910001 0.0150176 0.0136539 0.2074701 0.1894226 0.3024824 0.0877846 0.1398102 0.1430957 0.1444032 0.2094428 0.1644044 0.1966625 0.0954786 0.1567242 0.2023780 0.2100696 0.1597840 0.2160626 0.0111053 0.1522322 0.0215792 0.1386132 0.1382952 0.1429921 0.0427606 0.0718306 0.1996993 0.2012558 0.2206212 0.2680030 0.1541257 0.1396508 0.1027955 0.1218068 0.1126204 
Perityle_ambrosiifolia_67_green            0.1113501 0.0977425 0.2383062 0.1717203 0.1494103 0.1780731 0.1606462 0.1960667 0.4933891 0.1159247 0.5186540 0.1414328 0.0218033 0.0000000 0.1693129 0.2127399 0.1280833 0.1696231 0.1580145 0.0345101 0.0220091 0.1579590 0.2652491 0.1180841 0.0843575 0.1386321 0.1568121 0.2632305 0.2663810 0.1249922 0.1617703 0.2308315 0.1443751 0.2496562 0.0324008 0.2272508 0.2406721 0.1878805 0.1823165 0.1954675 0.0284016 0.0292128 0.2029910 0.2491935 0.2158366 0.1332685 0.2013797 0.1999577 0.2046528 0.1016798 0.0386763 0.0262533 0.2502503 0.1798488 0.2600482 0.0877459 0.1397110 0.1708240 0.1997235 0.2330596 0.1684623 0.1946830 0.0955199 0.1537254 0.2082397 0.2198543 0.1559884 0.2290273 0.0111053 0.1580864 0.0231501 0.1476432 0.1998211 0.1934983 0.0403684 0.0718568 0.2169271 0.2632741 0.1437125 0.2355003 0.1540621 0.2033490 0.0986667 0.1116025 0.1084983 
Perityle_angustifolia_13_Eagle_creek       0.1187951 0.1008954 0.1709881 0.1940972 0.1630006 0.1541859 0.1244805 0.2110499 0.4618998 0.1653900 0.2595485 0.0290940 0.1819346 0.1693129 0.0000000 0.2535332 0.0577113 0.1892661 0.1599846 0.1862235 0.1740657 0.1869269 0.3532769 0.1832997 0.1666725 0.1893192 0.1721857 0.1809270 0.1998502 0.1608830 0.2281602 0.1763876 0.1816177 0.2854909 0.1790249 0.1508667 0.1478949 0.0384603 0.1892656 0.2424186 0.1751481 0.1739194 0.1887662 0.1419583 0.1890443 0.1822278 0.1889542 0.1908577 0.2063169 0.1832008 0.1793776 0.1703436 0.1814476 0.0389472 0.2331714 0.1649232 0.1668332 0.1871326 0.1869269 0.1853531 0.2128268 0.2347356 0.0920540 0.0304232 0.2066726 0.2042530 0.1929959 0.1753244 0.0857790 0.0639692 0.1740759 0.1493869 0.1849781 0.1906068 0.1802876 0.1765944 0.1879092 0.1928887 0.2252024 0.0659664 0.2104692 0.1850062 0.1508667 0.2074690 0.1388906 
Perityle_batopilensis_97                   0.1383857 0.1331052 0.2141223 0.2076253 0.2012189 0.1793107 0.2165634 0.2469818 0.5123084 0.2229208 0.5101863 0.2813025 0.2025273 0.2127399 0.2535332 0.0000000 0.1965506 0.1552982 0.2183671 0.1682703 0.2012097 0.1305456 0.3459070 0.2169514 0.1807567 0.1368726 0.2940402 0.2175666 0.2264525 0.2347590 0.2428598 0.1996535 0.1877667 0.3717184 0.2105964 0.2429534 0.1835549 0.2378128 0.2016566 0.0199011 0.2017069 0.2021988 0.1265552 0.1820050 0.1869101 0.1486743 0.1290757 0.1331881 0.1902752 0.2176546 0.2046021 0.1951669 0.1913939 0.2727397 0.1934618 0.1027982 0.1550663 0.1305858 0.1318746 0.1583675 0.1710661 0.1842155 0.1076660 0.2629341 0.2297437 0.2878945 0.1906258 0.2325142 0.0823416 0.2419902 0.1978850 0.2468797 0.1265812 0.1303817 0.1590528 0.0727932 0.1924822 0.2206979 0.3323060 0.3494489 0.1599985 0.1304358 0.2109186 0.2289843 0.0999159 
Perityle_bisetosa_9                        0.1220029 0.0884553 0.2380039 0.1919936 0.1260594 0.2758284 0.1520744 0.1902147 0.5618912 0.1766478 0.7127227 0.0930127 0.1251100 0.1280833 0.0577113 0.1965506 0.0000000 0.1746379 0.1310267 0.1092418 0.1283269 0.1979924 0.0100900 0.1122589 0.1303969 0.1677151 0.1326046 0.2463714 0.2704300 0.1445395 0.1303347 0.2515938 0.1478371 0.1467943 0.1353013 0.2673150 0.2720198 0.0923971 0.2190523 0.1727224 0.1256588 0.1309624 0.2401778 0.2142157 0.2431959 0.2273992 0.2381643 0.2408521 0.2581082 0.1084495 0.1291072 0.1223675 0.2337978 0.0847246 0.2837386 0.0999512 0.0916344 0.2056313 0.2380896 0.2432386 0.1551283 0.1911627 0.0929382 0.0865150 0.2154068 0.2304449 0.1441436 0.2393641 0.0960467 0.0643256 0.1268223 0.1111722 0.2324196 0.2378587 0.1210025 0.1115552 0.2303615 0.2621483 0.1183123 0.0339342 0.1566780 0.2380896 0.1269194 0.0499074 0.0777441 
Perityle_californica_76_positas            0.1466707 0.1279215 0.0275012 0.2071750 0.1480615 0.1507139 0.1682041 0.1868537 0.5299547 0.1709315 0.4275740 0.2090606 0.1798416 0.1696231 0.1892661 0.1552982 0.1746379 0.0000000 0.1889417 0.1634329 0.1751900 0.1404428 0.3165950 0.1696711 0.1542235 0.1460124 0.1759264 0.1496069 0.1581034 0.1803046 0.1984925 0.1082080 0.2047072 0.2308818 0.1865032 0.1682019 0.1637971 0.2154241 0.1341541 0.1547435 0.1769175 0.1776147 0.1438820 0.1550109 0.1335992 0.1689592 0.1419508 0.1440909 0.1440219 0.1677219 0.1811908 0.1722412 0.1014718 0.2252702 0.2089793 0.1131308 0.1400744 0.1476629 0.1404428 0.1364134 0.1792045 0.1482958 0.0894394 0.2037507 0.1525576 0.1805339 0.1167244 0.1297984 0.0678029 0.1950461 0.1739211 0.1621307 0.1421499 0.1403824 0.1678343 0.1133710 0.1208231 0.1400180 0.1970183 0.2032785 0.1533199 0.1421754 0.1480115 0.1431007 0.1201107 
Perityle_canescens_77                      0.1280535 0.0962818 0.2005929 0.2029396 0.1217747 0.1714549 0.1672962 0.2090364 0.3773715 0.1765771 0.3779520 0.1785482 0.1530644 0.1580145 0.1599846 0.2183671 0.1310267 0.1889417 0.0000000 0.1550516 0.1517745 0.1817182 0.2744884 0.1587969 0.1639462 0.1801551 0.2873243 0.2013579 0.2093480 0.1243761 0.1728654 0.1831615 0.1333074 0.2494843 0.1592010 0.1555654 0.1096881 0.1527356 0.2079909 0.2111273 0.1538017 0.1528761 0.1767160 0.1030037 0.1972774 0.1605681 0.1779881 0.1819079 0.1811812 0.1628525 0.1501002 0.1458623 0.1748275 0.1569027 0.2568845 0.1398006 0.1443460 0.1746694 0.1820036 0.2011341 0.1624794 0.1806956 0.1422459 0.1773557 0.2093498 0.1844367 0.1752479 0.2122069 0.1065843 0.1535145 0.1494552 0.1120640 0.1744614 0.1798961 0.1587697 0.1621318 0.1825475 0.2073413 0.2943174 0.2609858 0.1841053 0.1784192 0.1519897 0.1356588 0.1300049 
Perityle_castillonii_96                    0.0973468 0.1160151 0.1639431 0.1670073 0.1238511 0.1409087 0.1254071 0.1882518 0.3505276 0.1037357 0.3162338 0.1793837 0.0287964 0.0345101 0.1862235 0.1682703 0.1092418 0.1634329 0.1550516 0.0000000 0.0325538 0.1000732 0.2895380 0.0680672 0.0878967 0.0953089 0.2242777 0.1531968 0.1696518 0.1302607 0.1769649 0.1625304 0.1428704 0.2227094 0.0333508 0.0952556 0.1268779 0.1939292 0.1143396 0.1590664 0.0323877 0.0333311 0.0975906 0.1235040 0.1051900 0.0388461 0.0952018 0.1027560 0.1118460 0.0784621 0.0398575 0.0325048 0.1624178 0.2026831 0.2696553 0.0911648 0.1385759 0.0956212 0.0964505 0.1560001 0.1630515 0.1799571 0.0970366 0.1598249 0.1782728 0.1700042 0.1489052 0.1757405 0.0426075 0.1620080 0.0311539 0.1379300 0.0915400 0.0963196 0.0377360 0.0755909 0.1502564 0.1596182 0.2720270 0.2899484 0.1438451 0.0952403 0.0927717 0.1229676 0.1091628 
Perityle_cernua_84                         0.1104194 0.1125808 0.2096348 0.1702517 0.1164394 0.1214751 0.1542681 0.1877663 0.4242834 0.1022391 0.3965385 0.1626143 0.0192053 0.0220091 0.1740657 0.2012097 0.1283269 0.1751900 0.1517745 0.0325538 0.0000000 0.1433718 0.2778419 0.0857421 0.0833891 0.1309911 0.2234879 0.1924184 0.2134439 0.1201932 0.1564543 0.2031971 0.1337446 0.2251667 0.0262914 0.1391793 0.1760383 0.1946719 0.1610524 0.1868678 0.0223493 0.0212225 0.1436211 0.1525100 0.1504097 0.0741458 0.1409681 0.1413427 0.1570528 0.0908887 0.0211194 0.0191956 0.2025438 0.1858122 0.3043805 0.0813143 0.1319312 0.1421421 0.1410110 0.2012795 0.1645860 0.1948487 0.0920721 0.1544818 0.2066535 0.1908014 0.1543225 0.2127749 0.0111181 0.1490500 0.0181640 0.1316169 0.1373040 0.1408254 0.0450322 0.0690318 0.1980662 0.2032861 0.2230618 0.2718620 0.1479645 0.1398098 0.0910015 0.1162707 0.1053303 
Perityle_cfvillosa_25_tin                  0.1096544 0.1310020 0.1593168 0.1935111 0.1633859 0.1374916 0.1972855 0.2241221 0.3845252 0.1519703 0.4406393 0.2408470 0.1445948 0.1579590 0.1869269 0.1305456 0.1979924 0.1404428 0.1817182 0.1000732 0.1433718 0.0000000 0.3368683 0.1425159 0.0525737 0.0150525 0.2693350 0.1426075 0.1634489 0.1675106 0.1718904 0.1471962 0.1821773 0.2658933 0.1431987 0.1876855 0.1431740 0.2116739 0.1340666 0.1276567 0.1410838 0.1393071 0.0063505 0.1400208 0.1249071 0.0893526 0.0125263 0.0057462 0.1155359 0.1512273 0.1489626 0.1372606 0.1451458 0.2286424 0.2437871 0.0749286 0.1159132 0.0157573 0.0089292 0.1422099 0.1663930 0.1563713 0.0937324 0.2077811 0.1656011 0.2259959 0.1402829 0.1862725 0.0613349 0.2031238 0.1382746 0.1927155 0.0080841 0.0071237 0.0944979 0.0024417 0.1403454 0.1588763 0.3505541 0.3318013 0.1371692 0.0089275 0.1533757 0.1292602 0.0948539 
Perityle_cinerea_113_Powell1310            0.2928571 0.2722348 0.3159218 0.3632870 0.2991254 0.3355369 0.2789963 0.3069996 0.3538120 0.3182574 0.3131460 0.3165009 0.2773597 0.2652491 0.3532769 0.3459070 0.0100900 0.3165950 0.2744884 0.2895380 0.2778419 0.3368683 0.0000000 0.3019772 0.3368683 0.3368683 0.3287038 0.3142240 0.3358963 0.2605999 0.1469125 0.3393744 0.3136585 0.2599253 0.2608349 0.2993870 0.2748021 0.3225132 0.2964447 0.3374849 0.2713202 0.2713202 0.3368683 0.2740929 0.2957785 0.2771835 0.3368683 0.3368683 0.3354917 0.3019772 0.2713202 0.2713202 0.3528648 0.3222689 0.3378439 0.3008176 0.3343224 0.3434439 0.3368683 0.3317143 0.3561731 0.3499633 0.3122965 0.3292708 0.3499729 0.3349986 0.3104674 0.3238937 0.1802472 0.3220910 0.2783278 0.2915601 0.3368683 0.3368683 0.2712968 0.3243892 0.3180816 0.3237844 0.3111892 0.3228752 0.3387867 0.3368683 0.2993870 0.3047651 0.3271382 
Perityle_coahuilensis_24                   0.1226489 0.1204627 0.2229054 0.1768495 0.1366515 0.2072965 0.1475732 0.1916829 0.3466006 0.1291668 0.4080589 0.1961536 0.0841437 0.1180841 0.1832997 0.2169514 0.1122589 0.1696711 0.1587969 0.0680672 0.0857421 0.1425159 0.3019772 0.0000000 0.1027551 0.1217154 0.2546176 0.3104629 0.2370274 0.1543608 0.2190197 0.2363303 0.1417411 0.2108795 0.1065781 0.2900660 0.2072233 0.1993981 0.1471966 0.1933248 0.0998323 0.0858407 0.1904759 0.2104830 0.2342196 0.1374144 0.1855776 0.2384764 0.1797175 0.0061945 0.1123086 0.0946106 0.2525155 0.1941682 0.3518678 0.1101979 0.1101029 0.1448340 0.2028142 0.1937799 0.1669490 0.1763652 0.1310285 0.1667369 0.1818618 0.1779084 0.1655608 0.2656730 0.0783890 0.1833378 0.0909127 0.1382300 0.2003492 0.1629891 0.0794246 0.1009941 0.1982208 0.2382393 0.2898435 0.2595516 0.1159095 0.1633739 0.1530902 0.1014710 0.1228095 
Perityle_cochisensis_44_cave_creek         0.1101540 0.1330185 0.1931139 0.1911167 0.1166233 0.1374916 0.1715368 0.2216465 0.3462286 0.1003805 0.3893976 0.1691012 0.0858277 0.0843575 0.1666725 0.1807567 0.1303969 0.1542235 0.1639462 0.0878967 0.0833891 0.0525737 0.3368683 0.1027551 0.0000000 0.0405925 0.2142601 0.1707052 0.1990804 0.1375030 0.1718904 0.1844609 0.1402106 0.2207163 0.0816176 0.1477319 0.1667917 0.1832153 0.1494126 0.1587219 0.0748252 0.0788014 0.0575536 0.1469321 0.1408189 0.1176381 0.0500660 0.0537125 0.1401718 0.1198466 0.0854688 0.0782673 0.1844372 0.1778388 0.3061704 0.0726040 0.1180220 0.0541056 0.0469069 0.1764600 0.1663930 0.1789167 0.0937324 0.1507841 0.1867109 0.1804993 0.1557365 0.2222296 0.0613349 0.1627189 0.0780749 0.1528127 0.0442121 0.0481982 0.0994964 0.0024950 0.1873708 0.2081521 0.2755744 0.2840583 0.1371692 0.0470051 0.0984248 0.1215900 0.0949273 
Perityle_congesta_202                      0.1085750 0.1375278 0.1636915 0.1851629 0.1506690 0.1374916 0.1773400 0.2189249 0.3651238 0.1324309 0.3998694 0.2247215 0.1250249 0.1386321 0.1893192 0.1368726 0.1677151 0.1460124 0.1801551 0.0953089 0.1309911 0.0150525 0.3368683 0.1217154 0.0405925 0.0000000 0.2661146 0.1404186 0.1753312 0.1755117 0.1767392 0.1555065 0.1658262 0.2437006 0.1154594 0.1733255 0.1368957 0.2140956 0.1265726 0.1259988 0.1134644 0.1157501 0.0158196 0.1323633 0.1152948 0.0878972 0.0080676 0.0131930 0.1117956 0.1412247 0.1302873 0.1169614 0.1486392 0.2309634 0.2532747 0.0751025 0.1225501 0.0126492 0.0107862 0.1536915 0.1774429 0.1654545 0.0904529 0.1937886 0.1706011 0.2025354 0.1441420 0.1909619 0.0611047 0.1909565 0.1130466 0.1801744 0.0108623 0.0118837 0.0879587 0.0123018 0.1500094 0.1874941 0.3487106 0.3156799 0.1428356 0.0126030 0.1477532 0.1332681 0.0949060 
Perityle_cordifolia_27                     0.1928992 0.1931629 0.2413367 0.2738540 0.1533307 0.1766903 0.2406188 0.3938754 0.4947169 0.2398356 0.5415500 0.2115589 0.2216829 0.1568121 0.1721857 0.2940402 0.1326046 0.1759264 0.2873243 0.2242777 0.2234879 0.2693350 0.3287038 0.2546176 0.2142601 0.2661146 0.0000000 0.3145094 0.2781574 0.1450353 0.2542884 0.2114812 0.1607327 0.3728968 0.1985064 0.1749761 0.3249831 0.1763748 0.2791036 0.3015581 0.1956024 0.2165655 0.2641057 0.3329479 0.3167908 0.3217636 0.3071873 0.3074612 0.3179188 0.2589580 0.1890321 0.1973055 0.2446939 0.1901924 0.3398929 0.1073755 0.1475828 0.2802047 0.3074279 0.2504578 0.1894413 0.1998975 0.0929738 0.2480542 0.2163989 0.1010519 0.1664400 0.2894146 0.0674963 0.1938315 0.1984846 0.1768383 0.3027357 0.3009673 0.2662674 0.0986539 0.1960746 0.2930711 0.2754363 0.2648443 0.1576071 0.3034557 0.0768751 0.2030793 0.1188087 
Perityle_cordifolia_68_tecolote            0.1253495 0.1407991 0.1734497 0.1912473 0.2167069 0.1821231 0.2223986 0.2455897 0.4000905 0.2255414 0.4338148 0.2827414 0.1867154 0.2632305 0.1809270 0.2175666 0.2463714 0.1496069 0.2013579 0.1531968 0.1924184 0.1426075 0.3142240 0.3104629 0.1707052 0.1404186 0.3145094 0.0000000 0.1481119 0.1627304 0.2447492 0.1378405 0.1941978 0.3112062 0.2740517 0.3149556 0.1610091 0.1942134 0.1708848 0.1998215 0.2803798 0.1975865 0.1476910 0.1558906 0.1664122 0.1599076 0.1429555 0.1535562 0.1577285 0.2081538 0.2569418 0.2298270 0.1573769 0.2051571 0.2460316 0.0166944 0.1437717 0.1404129 0.1449923 0.1673744 0.1688695 0.1680092 0.0850888 0.2117672 0.1550942 0.2453951 0.1573692 0.2170697 0.0579712 0.2070715 0.2364016 0.2042339 0.1421758 0.1392782 0.1529494 0.0746743 0.1723526 0.1208170 0.4062241 0.3607345 0.1413805 0.1421757 0.2100610 0.2209781 0.0991144 
Perityle_coronopifolia_28_patagonia        0.1532102 0.1162611 0.1470407 0.2384076 0.2042850 0.2467615 0.2119393 0.1893980 0.4790092 0.2508048 0.4635460 0.2762010 0.2140690 0.2663810 0.1998502 0.2264525 0.2704300 0.1581034 0.2093480 0.1696518 0.2134439 0.1634489 0.3358963 0.2370274 0.1990804 0.1753312 0.2781574 0.1481119 0.0000000 0.1901433 0.3164514 0.1515131 0.1982732 0.3601422 0.2715401 0.2792108 0.1843557 0.2244643 0.1693270 0.2246371 0.2598818 0.2276627 0.1632447 0.1876851 0.1668553 0.1813173 0.1561792 0.1613140 0.1572429 0.1932778 0.2596144 0.2556973 0.1652859 0.2353859 0.1996762 0.1440239 0.1394997 0.1686449 0.1588747 0.0441743 0.1804149 0.0654656 0.1688129 0.2228966 0.0210885 0.2300154 0.1605591 0.1868163 0.1390398 0.2301517 0.2618936 0.1978184 0.1622257 0.1577465 0.1760141 0.1384349 0.1638035 0.0667379 0.3956184 0.3511232 0.0209342 0.1636895 0.2057526 0.2540011 0.1339151 
Perityle_crassifolia_70_ventanas           0.0772773 0.0698668 0.1610525 0.1877418 0.1142934 0.0849159 0.1576931 0.1559829 0.4763693 0.1420566 0.4226936 0.1641837 0.1201069 0.1249922 0.1608830 0.2347590 0.1445395 0.1803046 0.1243761 0.1302607 0.1201932 0.1675106 0.2605999 0.1543608 0.1375030 0.1755117 0.1450353 0.1627304 0.1901433 0.0000000 0.1715022 0.1501548 0.1581639 0.2463765 0.1213408 0.1701641 0.1446759 0.1823874 0.1838329 0.2274194 0.1186579 0.1179911 0.1732701 0.0955490 0.1796600 0.1590359 0.1730473 0.1656539 0.1983871 0.1544500 0.1236885 0.1144071 0.1886543 0.1709973 0.2023972 0.1103451 0.1633534 0.1694818 0.1675106 0.1781677 0.1807426 0.2056343 0.1068806 0.1597563 0.1921349 0.1920385 0.1371045 0.1564683 0.0514935 0.1413169 0.1199282 0.0713935 0.1655176 0.1694025 0.1426039 0.1037337 0.1639422 0.1812866 0.1463081 0.1771019 0.1640162 0.1694025 0.1310750 0.2015556 0.1263806 
Perityle_crassifolia_74_playa_balandra     0.1299580 0.1367313 0.2579778 0.2365858 0.2381253 0.2111078 0.1677539 0.2124146 0.2633633 0.2162714 0.4614451 0.2191284 0.1574326 0.1617703 0.2281602 0.2428598 0.1303347 0.1984925 0.1728654 0.1769649 0.1564543 0.1718904 0.1469125 0.2190197 0.1718904 0.1767392 0.2542884 0.2447492 0.3164514 0.1715022 0.0000000 0.2385863 0.1955680 0.2664842 0.1562172 0.2024098 0.1564613 0.2507238 0.2133155 0.2433052 0.1481745 0.1481745 0.1816928 0.1360348 0.2197920 0.1664624 0.1854701 0.1718904 0.2097129 0.2190197 0.1574941 0.1530195 0.1984149 0.2680683 0.1693384 0.1465530 0.2274265 0.1765510 0.1718904 0.2543108 0.2133773 0.2696265 0.1293321 0.2244666 0.3235706 0.3321319 0.2536903 0.2910041 0.1041736 0.1706103 0.1531403 0.2368382 0.1718904 0.1766380 0.1615817 0.1176904 0.2885494 0.3277990 0.1430724 0.2139957 0.2286441 0.1718904 0.2024098 0.2363036 0.1557850 
Perityle_cuneata_34_cuneata_San_antonio    0.1439660 0.1262311 0.0950263 0.2231781 0.1816087 0.1838336 0.2190279 0.2194892 0.5100750 0.2205821 0.4320237 0.2287002 0.2046520 0.2308315 0.1763876 0.1996535 0.2515938 0.1082080 0.1831615 0.1625304 0.2031971 0.1471962 0.3393744 0.2363303 0.1844609 0.1555065 0.2114812 0.1378405 0.1515131 0.1501548 0.2385863 0.0000000 0.2126369 0.3314299 0.2319890 0.2196482 0.1665331 0.2136398 0.1528173 0.1920709 0.2276512 0.2213105 0.1521943 0.1558274 0.1616603 0.1572110 0.1532704 0.1535660 0.1638826 0.2117259 0.2310685 0.2252872 0.1357816 0.2010939 0.1966348 0.0979865 0.1543813 0.1516073 0.1508019 0.1525331 0.1858372 0.1898864 0.0940008 0.1961474 0.1531949 0.2339175 0.1414085 0.1446535 0.0810300 0.1945952 0.2249965 0.1593799 0.1518904 0.1492274 0.1565519 0.1043899 0.1441289 0.1471055 0.3118144 0.2547327 0.1659970 0.1534447 0.1861398 0.2575572 0.0975515 
Perityle_cuneata_4                         0.1354603 0.1173297 0.2251645 0.1727436 0.1123770 0.1547432 0.1436913 0.2002157 0.4481804 0.1878948 0.4884980 0.1864397 0.1356505 0.1443751 0.1816177 0.1877667 0.1478371 0.2047072 0.1333074 0.1428704 0.1337446 0.1821773 0.3136585 0.1417411 0.1402106 0.1658262 0.1607327 0.1941978 0.1982732 0.1581639 0.1955680 0.2126369 0.0000000 0.2000802 0.1542503 0.2160860 0.2164551 0.2023526 0.1988152 0.1746307 0.1504604 0.1503478 0.2030748 0.2035104 0.2082901 0.1966169 0.2028038 0.2015760 0.2292251 0.1437178 0.1528514 0.1481807 0.2106030 0.1885026 0.2508031 0.1169123 0.1445279 0.1869989 0.2015197 0.1971851 0.1591686 0.1722030 0.1210738 0.1758053 0.1690145 0.2089508 0.1914627 0.2261642 0.0819677 0.1742908 0.1514012 0.1432806 0.1996949 0.2046037 0.1433131 0.1135111 0.2231637 0.2076744 0.1682411 0.1867601 0.1411190 0.2047426 0.1359286 0.2125365 0.1271100 
Perityle_discoidea_81                      0.1081178 0.1375118 0.3474553 0.2016325 0.2120628 0.2015053 0.2031235 0.3268044 0.3621626 0.2211452 0.5302216 0.3193408 0.2280974 0.2496562 0.2854909 0.3717184 0.1467943 0.2308818 0.2494843 0.2227094 0.2251667 0.2658933 0.2599253 0.2108795 0.2207163 0.2437006 0.3728968 0.3112062 0.3601422 0.2463765 0.2664842 0.3314299 0.2000802 0.0000000 0.2146271 0.3540898 0.2337907 0.2610661 0.3535983 0.3376815 0.2132366 0.2150984 0.3076877 0.2311401 0.2463011 0.2397881 0.2546654 0.2901222 0.2892328 0.2383386 0.2508891 0.2216937 0.3203586 0.3007076 0.3429140 0.1633317 0.2066517 0.2685570 0.2551750 0.2760017 0.2072489 0.2485413 0.1371953 0.2731040 0.3481472 0.3104291 0.2598852 0.3809604 0.0692755 0.2773816 0.2136932 0.2777597 0.2509345 0.2581157 0.2173075 0.1612762 0.2882806 0.3262625 0.3483854 0.3801033 0.2104391 0.2525172 0.2916123 0.2382081 0.1602856 
Perityle_dissecta_201                      0.1110392 0.1139241 0.2453278 0.1645239 0.1521114 0.1693260 0.1561270 0.2057147 0.3483591 0.1090802 0.4426154 0.1484428 0.0236421 0.0324008 0.1790249 0.2105964 0.1353013 0.1865032 0.1592010 0.0333508 0.0262914 0.1431987 0.2608349 0.1065781 0.0816176 0.1154594 0.1985064 0.2740517 0.2715401 0.1213408 0.1562172 0.2319890 0.1542503 0.2146271 0.0000000 0.2604153 0.1983927 0.1975648 0.1592194 0.1873530 0.0290151 0.0290137 0.1965537 0.2083235 0.2189452 0.1171093 0.1832318 0.2246342 0.1996642 0.0992100 0.0498689 0.0265902 0.2590375 0.1871326 0.3436523 0.0879035 0.1354251 0.1525218 0.1976413 0.2305096 0.1766814 0.2063496 0.0956596 0.1451777 0.2114396 0.2237291 0.1738702 0.2707076 0.0148291 0.1507737 0.0298944 0.1417919 0.1949434 0.1652187 0.0509021 0.0748509 0.2252467 0.2632124 0.2205227 0.2564810 0.1543678 0.1661613 0.0987793 0.1193622 0.1087148 
Perityle_emoryi_47_punta_san_jose          0.1093636 0.0821396 0.2280714 0.1863779 0.2470725 0.1766262 0.1992616 0.2116523 0.4806388 0.1826977 0.5019785 0.2506217 0.1535609 0.2272508 0.1508667 0.2429534 0.2673150 0.1682019 0.1555654 0.0952556 0.1391793 0.1876855 0.2993870 0.2900660 0.1477319 0.1733255 0.1749761 0.3149556 0.2792108 0.1701641 0.2024098 0.2196482 0.2160860 0.3540898 0.2604153 0.0000000 0.2684094 0.1533752 0.2169947 0.2294585 0.2638787 0.1712858 0.2688438 0.2724239 0.3225595 0.2580013 0.2901495 0.3099535 0.2415279 0.1985602 0.2398769 0.2203153 0.2551684 0.1780860 0.2818734 0.0912879 0.1137927 0.2017385 0.3068004 0.2173219 0.1650175 0.2013912 0.0889858 0.1764353 0.1970892 0.1664197 0.1558154 0.2301121 0.0572196 0.1965418 0.2238090 0.1906169 0.3055390 0.2478464 0.1416900 0.0925184 0.2014721 0.2536683 0.2837963 0.3644262 0.1261007 0.2704837 0.0629736 0.1655712 0.0863393 
Perityle_feddemae_99                       0.1134142 0.1172276 0.1704706 0.2147555 0.2256838 0.2097995 0.2143538 0.1984865 0.3075041 0.2053586 0.4676026 0.2542665 0.1747209 0.2406721 0.1478949 0.1835549 0.2720198 0.1637971 0.1096881 0.1268779 0.1760383 0.1431740 0.2748021 0.2072233 0.1667917 0.1368957 0.3249831 0.1610091 0.1843557 0.1446759 0.1564613 0.1665331 0.2164551 0.2337907 0.1983927 0.2684094 0.0000000 0.1542654 0.1557995 0.1709809 0.1998575 0.1800188 0.1519111 0.0316063 0.1433605 0.1398812 0.1365340 0.1476384 0.1266403 0.1938403 0.2277924 0.2038424 0.1560738 0.1774246 0.2348374 0.1045325 0.1277844 0.1364701 0.1405146 0.1918044 0.2053372 0.1706982 0.1262956 0.1815265 0.1934267 0.2631162 0.1362374 0.2211729 0.0868649 0.1885027 0.1944136 0.2063632 0.1379784 0.1363551 0.1333963 0.1276586 0.1651253 0.2046358 0.3929273 0.3465617 0.1798826 0.1382444 0.1953737 0.1225826 0.1137559 
Perityle_fosteri_93                        0.1118956 0.0988367 0.1940144 0.1917183 0.1819001 0.1639981 0.1504825 0.1826015 0.4946373 0.1868631 0.2996332 0.0424970 0.1981997 0.1878805 0.0384603 0.2378128 0.0923971 0.2154241 0.1527356 0.1939292 0.1946719 0.2116739 0.3225132 0.1993981 0.1832153 0.2140956 0.1763748 0.1942134 0.2244643 0.1823874 0.2507238 0.2136398 0.2023526 0.2610661 0.1975648 0.1533752 0.1542654 0.0000000 0.2277038 0.2368580 0.1954773 0.1941521 0.2152580 0.1310487 0.2192436 0.2221512 0.2133632 0.2118580 0.2254299 0.1992955 0.2011392 0.1927948 0.1951745 0.0416078 0.2763619 0.1529320 0.1710844 0.2119000 0.2116739 0.2124583 0.2092802 0.2500606 0.0889367 0.0426250 0.2299047 0.2168518 0.2138295 0.2080584 0.0819434 0.0654053 0.1924717 0.1805805 0.2097411 0.2152950 0.2126999 0.1700311 0.2100998 0.2090451 0.2388705 0.0584502 0.2130814 0.2097722 0.1463762 0.2180983 0.1517434 
Perityle_gamon_221                         0.1222130 0.1405358 0.1480536 0.1876336 0.1718358 0.1114990 0.1999304 0.2215651 0.3877346 0.1633099 0.4504542 0.2644539 0.1604880 0.1823165 0.1892656 0.2016566 0.2190523 0.1341541 0.2079909 0.1143396 0.1610524 0.1340666 0.2964447 0.1471966 0.1494126 0.1265726 0.2791036 0.1708848 0.1693270 0.1838329 0.2133155 0.1528173 0.1988152 0.3535983 0.1592194 0.2169947 0.1557995 0.2277038 0.0000000 0.1898718 0.1578304 0.1547444 0.1352275 0.1554328 0.0233290 0.1182099 0.1300535 0.1426189 0.1036743 0.1562661 0.1731454 0.1589254 0.1432467 0.2365887 0.2636842 0.1041267 0.1392196 0.1301800 0.1302353 0.1611569 0.1590687 0.1547008 0.1082361 0.2140125 0.1601465 0.2436533 0.1258169 0.1779377 0.0722031 0.2465857 0.1558763 0.1954826 0.1255735 0.1288632 0.1176746 0.0937154 0.1267343 0.1796437 0.3803527 0.3378295 0.1477369 0.1279076 0.1949940 0.1354208 0.1186878 
Perityle_gentryi_8_san_francisco           0.1268733 0.1455348 0.2088704 0.1882148 0.1871095 0.1829194 0.1894720 0.2259661 0.4446475 0.1956011 0.4240486 0.2566734 0.1812223 0.1954675 0.2424186 0.0199011 0.1727224 0.1547435 0.2111273 0.1590664 0.1868678 0.1276567 0.3374849 0.1933248 0.1587219 0.1259988 0.3015581 0.1998215 0.2246371 0.2274194 0.2433052 0.1920709 0.1746307 0.3376815 0.1873530 0.2294585 0.1709809 0.2368580 0.1898718 0.0000000 0.1794840 0.1771001 0.1260609 0.1647439 0.1772683 0.1478872 0.1237313 0.1304870 0.1820237 0.2046792 0.1880516 0.1718197 0.1892681 0.2607358 0.2371242 0.1099208 0.1567693 0.1251463 0.1238425 0.1614913 0.1662555 0.1869987 0.1075142 0.2345583 0.2236216 0.2620177 0.1934263 0.2214603 0.0862221 0.2235114 0.1730623 0.2272273 0.1213016 0.1250014 0.1511262 0.0782985 0.1970980 0.2009637 0.3653165 0.3389860 0.1651053 0.1250519 0.2056925 0.2304904 0.1018325 
Perityle_gilensis_22_Superstition          0.0975081 0.1123991 0.2373420 0.1652283 0.1428374 0.1684335 0.1623565 0.2040149 0.3463583 0.0999994 0.4284748 0.1500647 0.0146875 0.0284016 0.1751481 0.2017069 0.1256588 0.1769175 0.1538017 0.0323877 0.0223493 0.1410838 0.2713202 0.0998323 0.0748252 0.1134644 0.1956024 0.2803798 0.2598818 0.1186579 0.1481745 0.2276512 0.1504604 0.2132366 0.0290151 0.2638787 0.1998575 0.1954773 0.1578304 0.1794840 0.0000000 0.0017803 0.1954375 0.2093639 0.2229631 0.1059655 0.1803359 0.2286303 0.1905172 0.0889986 0.0321664 0.0076141 0.2510405 0.1895246 0.3315137 0.0854852 0.1421118 0.1503571 0.1922461 0.2244992 0.1684014 0.1976083 0.0888222 0.1453437 0.1965955 0.2188893 0.1605728 0.2597439 0.0148700 0.1556868 0.0119462 0.1482819 0.1832878 0.1631728 0.0403807 0.0661880 0.2104559 0.2551666 0.2264087 0.2509107 0.1541382 0.1521933 0.1004233 0.1166534 0.1045418 
Perityle_gilensis_salensis_225             0.0924030 0.1123991 0.2275755 0.1535825 0.1316998 0.1217508 0.1497037 0.2011993 0.3593942 0.0976916 0.4004884 0.1620169 0.0156088 0.0292128 0.1739194 0.2021988 0.1309624 0.1776147 0.1528761 0.0333311 0.0212225 0.1393071 0.2713202 0.0858407 0.0788014 0.1157501 0.2165655 0.1975865 0.2276627 0.1179911 0.1481745 0.2213105 0.1503478 0.2150984 0.0290137 0.1712858 0.1800188 0.1941521 0.1547444 0.1771001 0.0017803 0.0000000 0.1659876 0.1701008 0.1541498 0.0801766 0.1464779 0.1614796 0.1728343 0.0873622 0.0136307 0.0083573 0.2204184 0.1891792 0.3217787 0.0854852 0.1421118 0.1473797 0.1464792 0.2248447 0.1684014 0.1962545 0.0888222 0.1438897 0.1954057 0.2148624 0.1594526 0.2173628 0.0148700 0.1593786 0.0125165 0.1490586 0.1419367 0.1451798 0.0398110 0.0661880 0.2032863 0.2212175 0.2392263 0.2764139 0.1541382 0.1432167 0.1024239 0.1160560 0.1045418 
Perityle_gracilis_11                       0.1098998 0.1013490 0.1578367 0.2088002 0.2132677 0.1920501 0.2162300 0.2057037 0.4979526 0.1755078 0.5364467 0.2750828 0.1512102 0.2029910 0.1887662 0.1265552 0.2401778 0.1438820 0.1767160 0.0975906 0.1436211 0.0063505 0.3368683 0.1904759 0.0575536 0.0158196 0.2641057 0.1476910 0.1632447 0.1732701 0.1816928 0.1521943 0.2030748 0.3076877 0.1965537 0.2688438 0.1519111 0.2152580 0.1352275 0.1260609 0.1954375 0.1659876 0.0000000 0.1514470 0.1293234 0.0845600 0.0170218 0.0094148 0.1215075 0.1504915 0.1928922 0.1868486 0.1422984 0.2320127 0.1569787 0.0771976 0.1180433 0.0169483 0.0084677 0.1479462 0.1662017 0.1597516 0.0969773 0.2211490 0.1671175 0.2413008 0.1437581 0.1932910 0.0652647 0.2115603 0.1879965 0.2097538 0.0113893 0.0086872 0.0915115 0.0048987 0.1536913 0.1585238 0.3221405 0.3429617 0.1399089 0.0122634 0.1842247 0.1311010 0.0967845 
Perityle_harkerae_31                       0.0941290 0.1104591 0.1627386 0.1980757 0.2373060 0.2377882 0.1833215 0.1952862 0.2775686 0.1906190 0.4378242 0.2586240 0.1593022 0.2491935 0.1419583 0.1820050 0.2142157 0.1550109 0.1030037 0.1235040 0.1525100 0.1400208 0.2740929 0.2104830 0.1469321 0.1323633 0.3329479 0.1558906 0.1876851 0.0955490 0.1360348 0.1558274 0.2035104 0.2311401 0.2083235 0.2724239 0.0316063 0.1310487 0.1554328 0.1647439 0.2093639 0.1701008 0.1514470 0.0000000 0.1409485 0.1361920 0.1364664 0.1477153 0.1184628 0.1663417 0.2365726 0.2071785 0.1369071 0.1438170 0.2421519 0.1045828 0.1337048 0.1328208 0.1393956 0.1876309 0.2013760 0.1807503 0.1227027 0.1654383 0.1933646 0.2537019 0.1284967 0.2148558 0.0827074 0.1637797 0.2013176 0.1830688 0.1352971 0.1323778 0.1231523 0.1170635 0.1563202 0.1728332 0.3935454 0.3591172 0.1762961 0.1410409 0.1748290 0.1258926 0.1086564 
