84
Amauria_brandeegeana_62                    0.0000000 0.1564307 0.1112679 0.5060700 0.2327514 0.0620830 0.4548362 0.1878909 0.4503123 0.3350683 0.3029997 0.1124036 0.3359336 0.1645425 0.2710632 0.1388035 0.6247147 0.4219349 0.2738972 0.3226674 0.2963495 0.3522177 0.1609595 0.2867970 0.2764861 0.3401994 0.3006517 0.3361454 0.3211084 0.3426208 0.6155810 0.3338907 0.3442825 0.3329184 0.3138092 0.3399659 0.3474946 0.3195269 0.3137493 0.2655854 0.4727541 0.2927545 0.3361906 0.3197464 0.2878237 0.2982506 0.2038373 0.3444047 0.4317724 0.3232276 0.2854724 0.2891422 0.3224265 0.3185555 0.2908036 0.3015443 0.1140765 0.2504942 0.3282630 0.3459706 0.0772256 0.1178687 0.2174624 0.1820322 0.3198167 0.3024670 0.3451154 0.2765606 0.3084268 0.1027927 0.2913440 0.2849108 0.3478922 0.3450133 0.3328375 0.2757010 0.3203996 0.2875645 0.2870565 0.3016850 0.3339441 0.1115684 0.3528842 0.2176889 
Amauria_carterae_99_mesa                   0.1564307 0.0000000 0.1613600 0.2270296 0.1607812 0.1272526 0.2188172 0.1295648 0.2114190 0.1569972 0.1519059 0.0960865 0.1443589 0.1444260 0.1568963 0.1327585 0.2982095 0.2678110 0.1408665 0.1324661 0.1450932 0.1484303 0.1061846 0.1403894 0.1567782 0.1443589 0.1565280 0.1778134 0.1602811 0.1653180 0.4513516 0.1870854 0.1611287 0.1530422 0.1657023 0.1655354 0.1702158 0.1606682 0.1647343 0.1478955 0.1030419 0.1607549 0.1493893 0.1443589 0.1533245 0.1226542 0.1401783 0.1443589 0.1571049 0.1573735 0.1446684 0.1481279 0.1362101 0.1565095 0.1569951 0.1528413 0.1737674 0.1572126 0.1443589 0.1484303 0.1154027 0.1163139 0.1762381 0.1651657 0.1523213 0.1610140 0.2032577 0.1648317 0.1731439 0.1092362 0.1526861 0.1442853 0.1486840 0.1487078 0.1443589 0.1480919 0.1443589 0.1824924 0.1363267 0.1399760 0.1686160 0.1554544 0.1567435 0.1234068 
Amauria_rotundifolia_SRR9119150            0.1112679 0.1613600 0.0000000 0.5272879 0.3173155 0.0624171 0.4949123 0.1880609 0.4766832 0.3345358 0.3782817 0.1244104 0.3948562 0.2160272 0.2637717 0.1292773 0.6347069 0.4490396 0.2635082 0.3334144 0.3159407 0.3771417 0.1827486 0.3539815 0.3037670 0.4001173 0.3375172 0.4116078 0.3985046 0.3516720 0.6304915 0.3227537 0.4164183 0.3266671 0.3393061 0.3593005 0.3679276 0.3073399 0.3772586 0.2761475 0.5918384 0.3142222 0.3696462 0.3413923 0.2648954 0.3509796 0.2700525 0.4284320 0.4958647 0.3591985 0.2771740 0.3079201 0.3582501 0.3861175 0.2829024 0.3525863 0.1207532 0.2847220 0.4087030 0.4229090 0.0828054 0.1269611 0.2079263 0.1909161 0.3892130 0.3474922 0.3468121 0.3826263 0.3533421 0.1165106 0.2815452 0.3507460 0.3628780 0.3915237 0.4011836 0.3056466 0.3565004 0.3397190 0.3647159 0.3773038 0.3754896 0.1162989 0.4217822 0.2322708 
Conoclinium_coelestinum_SRR9119114         0.5060700 0.2270296 0.5272879 0.0000000 0.4185454 0.1310221 0.1781608 0.2231266 0.5316738 0.4893808 0.4767879 0.2049139 0.5576514 0.3677609 0.3196663 0.3594855 0.7223810 0.4754600 0.4457830 0.4691189 0.4319038 0.5504808 0.2143605 0.4488069 0.3450863 0.5585264 0.4486458 0.4955761 0.4935345 0.4179565 0.6501559 0.5141853 0.5368661 0.4917386 0.4738199 0.5395626 0.5526239 0.4546962 0.4092756 0.4278453 0.5293252 0.4781069 0.5310334 0.5413259 0.4904494 0.3716656 0.4005630 0.5553726 0.6048145 0.5356503 0.3861709 0.4409536 0.4928039 0.5040909 0.3930460 0.4373681 0.1946398 0.3455705 0.5594191 0.5523474 0.1122455 0.1989305 0.3494206 0.2447261 0.4765704 0.4636506 0.3544292 0.5035073 0.4727495 0.1969136 0.4628829 0.4530988 0.5174819 0.5408663 0.5575511 0.4441453 0.4275086 0.4842027 0.5002603 0.4530795 0.4896293 0.2374609 0.5532840 0.2926874 
Eutetras_palmeri_63                        0.2327514 0.1607812 0.3173155 0.4185454 0.0000000 0.0133015 0.3632250 0.1043587 0.3115815 0.2033790 0.1845910 0.0895603 0.2690617 0.2046805 0.1041641 0.1336573 0.4165965 0.2916843 0.1056641 0.1743225 0.1474262 0.2085131 0.1821386 0.1691463 0.1247514 0.2905245 0.1718922 0.2168591 0.2234112 0.1974259 0.4669687 0.2248274 0.2530067 0.1999608 0.2156490 0.2286365 0.2117072 0.1364278 0.1867769 0.1217327 0.4300104 0.1890946 0.2357779 0.1890174 0.1587921 0.2047068 0.1901800 0.2745176 0.3517152 0.2034886 0.1056493 0.1494978 0.2425942 0.2479297 0.1089058 0.1668859 0.0904029 0.1554522 0.2825494 0.2906112 0.0660727 0.0715309 0.0972567 0.0949524 0.2395415 0.2072245 0.2088342 0.2637053 0.1921916 0.0786863 0.1287165 0.1883730 0.2263590 0.2208172 0.2344470 0.1663606 0.2214800 0.2636511 0.2111762 0.2257886 0.2002772 0.0991051 0.2965336 0.1218057 
Eutetras_pringlei_149_quer                 0.0620830 0.1272526 0.0624171 0.1310221 0.0133015 0.0000000 0.1151231 0.0879602 0.1407439 0.0727336 0.0617498 0.0652208 0.0616070 0.0617818 0.0649180 0.0688909 0.3733207 0.0591106 0.0548274 0.0546436 0.0546494 0.0651742 0.1441343 0.0617323 0.0618212 0.0651730 0.0511687 0.0726210 0.0582676 0.0726955 0.4639843 0.0799673 0.0727683 0.0729121 0.0655845 0.0765439 0.0655013 0.0581852 0.0691196 0.0690054 0.0558533 0.0617780 0.0512410 0.0616070 0.0653595 0.0730122 0.0546719 0.0616070 0.0651742 0.0618997 0.0547188 0.0652229 0.0651759 0.0546422 0.0653558 0.0726603 0.0726983 0.0548733 0.0616070 0.0651742 0.0560627 0.0571793 0.0757372 0.0694840 0.0580315 0.0723920 0.0375397 0.0619160 0.0873202 0.0573007 0.0653024 0.0581735 0.0690759 0.0652855 0.0616070 0.0476518 0.0591572 0.0693137 0.0511195 0.0582193 0.0687041 0.0836070 0.0760145 0.0785679 
Eutrochium_fistulosum_SRR9119106           0.4548362 0.2188172 0.4949123 0.1781608 0.3632250 0.1151231 0.0000000 0.2247775 0.4863936 0.4771667 0.4560224 0.2128338 0.4736017 0.3291980 0.3286534 0.2818373 0.6672686 0.4608759 0.4026317 0.4111344 0.4115643 0.4775744 0.2148871 0.4058637 0.3436728 0.4830359 0.4064452 0.4403889 0.4422619 0.4104552 0.6696297 0.4960922 0.5372724 0.4809426 0.4389715 0.5228053 0.4596189 0.4028344 0.4062254 0.3890542 0.5645849 0.4365837 0.4608369 0.4594862 0.4183188 0.3968708 0.3481069 0.4779754 0.5829756 0.4494273 0.3829969 0.4071755 0.4805567 0.4588614 0.3681730 0.3991775 0.2075716 0.3353112 0.4722505 0.4817316 0.1062273 0.1782216 0.3345859 0.2583412 0.4477109 0.4178729 0.3391986 0.4750477 0.4518443 0.2159481 0.4010137 0.4071007 0.4964085 0.4679962 0.4741514 0.4243972 0.4086397 0.4616932 0.4599895 0.4386593 0.4547398 0.2137509 0.4904233 0.3168143 
Galeana_pratensis_104_mex                  0.1878909 0.1295648 0.1880609 0.2231266 0.1043587 0.0879602 0.2247775 0.0000000 0.2117098 0.1885959 0.1391287 0.1317977 0.1485396 0.1298068 0.1397551 0.0838387 0.2024120 0.3436985 0.1530376 0.1397857 0.1440570 0.1485406 0.1845902 0.1236044 0.1397605 0.1485396 0.1558643 0.1696618 0.1645636 0.1977337 0.4210583 0.2128057 0.1879255 0.1836454 0.1523947 0.1609187 0.1923817 0.1477934 0.1692492 0.0964032 0.1326545 0.1442771 0.1662886 0.1485396 0.1700987 0.1649705 0.1507583 0.1485396 0.2066066 0.1575035 0.1440287 0.1444821 0.1323709 0.1397112 0.1486861 0.0922487 0.1470886 0.1488563 0.1485396 0.1485568 0.0664752 0.1190919 0.1373043 0.1511264 0.1524516 0.1467668 0.2754716 0.1575475 0.1729983 0.1282110 0.1357919 0.1236044 0.1832363 0.1531411 0.1485396 0.1399569 0.1504127 0.1707055 0.1564798 0.1315651 0.1521048 0.1438092 0.1616808 0.1545158 
Helianthus_annuus_SRR9119062               0.4503123 0.2114190 0.4766832 0.5316738 0.3115815 0.1407439 0.4863936 0.2117098 0.0000000 0.3922438 0.3496289 0.1987276 0.3926830 0.2670617 0.2539066 0.2015472 0.5707131 0.5192859 0.3279072 0.3463450 0.3425485 0.3696708 0.2174891 0.3251399 0.3253023 0.4070965 0.3333965 0.3651473 0.3514923 0.3646537 0.6370743 0.4412764 0.4207775 0.3869796 0.3528108 0.3938333 0.3621443 0.3488494 0.3328977 0.3317386 0.4365032 0.3394555 0.3523051 0.3898579 0.3152681 0.3189248 0.2874445 0.3648943 0.4428774 0.3474536 0.3312866 0.3375100 0.3751316 0.3941994 0.3316454 0.3225109 0.2087939 0.2754687 0.3586418 0.3732267 0.1040074 0.1671824 0.2560426 0.2558893 0.3226966 0.3516314 0.4371245 0.4160736 0.3540106 0.2069828 0.3234998 0.3508257 0.3899156 0.3812315 0.3700727 0.3485905 0.3957132 0.4166949 0.3249408 0.3295720 0.3543256 0.2124213 0.3710800 0.2706616 
Lycapsus_tenuifolius_17                    0.3350683 0.1569972 0.3345358 0.4893808 0.2033790 0.0727336 0.4771667 0.1885959 0.3922438 0.0000000 0.2751549 0.1778470 0.3443104 0.1969304 0.2591073 0.1032507 0.5749552 0.4535736 0.2823906 0.2820916 0.2889171 0.3691508 0.1607634 0.2867767 0.2920138 0.3633477 0.2733677 0.3285294 0.2921858 0.0470314 0.2085271 0.2078621 0.2020400 0.0065953 0.3095046 0.0971315 0.3003008 0.2962845 0.3383666 0.2269595 0.4380013 0.2899913 0.2833759 0.3370611 0.2381900 0.3145718 0.2566371 0.3656605 0.4393766 0.2856128 0.2862777 0.2846723 0.3166820 0.3075955 0.2766611 0.2718809 0.1415838 0.2437504 0.3586370 0.3688577 0.0818630 0.1430425 0.1933005 0.2312376 0.3270503 0.2795460 0.3909513 0.3290639 0.3114385 0.1661947 0.2813786 0.2866334 0.0635030 0.3681278 0.3603748 0.2734945 0.2971747 0.3414018 0.2922615 0.3145017 0.3297236 0.1217666 0.3782104 0.2571341 
Pericome_caudata_50_silver                 0.3029997 0.1519059 0.3782817 0.4767879 0.1845910 0.0617498 0.4560224 0.1391287 0.3496289 0.2751549 0.0000000 0.0803868 0.2805159 0.1883833 0.0817435 0.1160190 0.4057637 0.3649682 0.1141741 0.1527763 0.1635965 0.2537522 0.1674687 0.1775621 0.1151927 0.2912925 0.1489606 0.2128503 0.1762182 0.2729145 0.5349162 0.2867069 0.3202801 0.2733486 0.1785336 0.2966895 0.1808053 0.1351214 0.1824903 0.1109497 0.3463838 0.1891119 0.1881994 0.2489719 0.1494171 0.1598112 0.1715305 0.2803705 0.3562485 0.1721099 0.1031132 0.1435612 0.2527203 0.2655599 0.1154144 0.1639619 0.1075569 0.1736606 0.2768608 0.2809304 0.0574935 0.0846374 0.1128002 0.0964081 0.1989705 0.1889819 0.2594115 0.3169533 0.1615874 0.0550690 0.1239189 0.1829060 0.2839146 0.2621382 0.2674688 0.1740613 0.2519842 0.2860321 0.1874872 0.2151130 0.2009211 0.1125983 0.2868921 0.0907391 
Perityle_aglossa_84_dead_horse             0.1124036 0.0960865 0.1244104 0.2049139 0.0895603 0.0652208 0.2128338 0.1317977 0.1987276 0.1778470 0.0803868 0.0000000 0.0797014 0.0328481 0.0215812 0.0430700 0.0711219 0.3633988 0.0555867 0.0363396 0.0290384 0.0795509 0.1407262 0.0290515 0.0364292 0.0755729 0.0626596 0.0870905 0.0680823 0.1869844 0.3739799 0.1623881 0.1869115 0.1735538 0.0327397 0.1734749 0.0790630 0.0514287 0.0630126 0.0548750 0.0361084 0.0401922 0.0595526 0.0755729 0.0593807 0.0630126 0.0326690 0.0755729 0.1502124 0.0555537 0.0476872 0.0363597 0.0254271 0.0591901 0.0180090 0.0300553 0.0799094 0.0712051 0.0794709 0.0834649 0.0557202 0.0679350 0.0683303 0.0668358 0.0252080 0.0474665 0.3162835 0.1217562 0.1027839 0.0363956 0.0364915 0.0290515 0.1821142 0.0797013 0.0755729 0.0475914 0.0795509 0.1213535 0.0591683 0.0326573 0.0252154 0.0700071 0.0915695 0.0669535 
Perityle_ajoensis_204                      0.3359336 0.1443589 0.3948562 0.5576514 0.2690617 0.0616070 0.4736017 0.1485396 0.3926830 0.3443104 0.2805159 0.0797014 0.0000000 0.2002659 0.2009057 0.1043226 0.5930170 0.3650961 0.2433856 0.2978587 0.2734491 0.0182277 0.1402937 0.2728901 0.2737405 0.0156504 0.2875808 0.2950606 0.3161970 0.3462140 0.6213725 0.3376237 0.3730457 0.3406798 0.2666739 0.3622494 0.3405467 0.2688113 0.3404331 0.2376830 0.5133084 0.2847478 0.3431567 0.0159148 0.2499536 0.3065256 0.2393281 0.0217642 0.2605979 0.3283343 0.2156608 0.2597943 0.2668067 0.3281365 0.2493013 0.2482552 0.0754332 0.2282972 0.0144537 0.0184735 0.0400505 0.1170837 0.1879719 0.1783326 0.2491104 0.3292958 0.3112538 0.3344511 0.3212649 0.0681110 0.2336920 0.2714816 0.3559681 0.0271343 0.0186992 0.2763546 0.1158632 0.2899892 0.2901118 0.2941714 0.2560469 0.1045884 0.0247359 0.2144452 
Perityle_ambrosiifolia_67_green            0.1645425 0.1444260 0.2160272 0.3677609 0.2046805 0.0617818 0.3291980 0.1298068 0.2670617 0.1969304 0.1883833 0.0328481 0.2002659 0.0000000 0.0575974 0.1299256 0.3704648 0.3627493 0.0868325 0.1323625 0.0859164 0.1351088 0.1476897 0.0928086 0.0502695 0.2522298 0.1377549 0.1439875 0.1972819 0.1885568 0.5139309 0.2075365 0.2465184 0.1883270 0.0944629 0.2207664 0.1680885 0.0851178 0.1284844 0.1002108 0.1829468 0.1153516 0.1906975 0.1293820 0.1292534 0.1878895 0.0993661 0.1951487 0.2739003 0.1642754 0.0436308 0.0736666 0.1063338 0.1414856 0.0626534 0.1087628 0.0758350 0.1029370 0.2214357 0.2841032 0.0451517 0.0627291 0.0832459 0.0661764 0.1758360 0.1633193 0.2769266 0.2337663 0.1785609 0.0409755 0.0814312 0.0985583 0.2213108 0.1426971 0.1707778 0.0709937 0.1272585 0.1905826 0.2115836 0.1030010 0.1122403 0.0968701 0.2700384 0.0649306 
Perityle_angustifolia_13_Eagle_creek       0.2710632 0.1568963 0.2637717 0.3196663 0.1041641 0.0649180 0.3286534 0.1397551 0.2539066 0.2591073 0.0817435 0.0215812 0.2009057 0.0575974 0.0000000 0.0529560 0.1789496 0.3822940 0.0848997 0.0488427 0.0343182 0.1997768 0.1402937 0.0856824 0.0445996 0.1947780 0.0965950 0.1218633 0.0864723 0.2651046 0.5739660 0.2505654 0.2504878 0.2618408 0.0385298 0.2533496 0.1036643 0.0383460 0.0932677 0.0820123 0.0670830 0.0658843 0.0969849 0.1948764 0.1035088 0.0830007 0.0432710 0.1921561 0.2789914 0.0968967 0.0466631 0.0466351 0.0425711 0.1800580 0.0467037 0.0852737 0.0821848 0.1213868 0.1972471 0.2029868 0.0400505 0.0534493 0.0879308 0.1104108 0.0509361 0.0995777 0.3293799 0.1640231 0.1094430 0.0154575 0.0597168 0.0877931 0.2556311 0.2032400 0.1946482 0.0508824 0.2221416 0.1749505 0.0914907 0.0509803 0.0468121 0.0779149 0.2115313 0.0953843 
Perityle_batopilensis_97                   0.1388035 0.1327585 0.1292773 0.3594855 0.1336573 0.0688909 0.2818373 0.0838387 0.2015472 0.1032507 0.1160190 0.0430700 0.1043226 0.1299256 0.0529560 0.0000000 0.5146093 0.1824178 0.0631313 0.1113496 0.0832372 0.1195132 0.1231484 0.1109786 0.0598084 0.1149827 0.0793791 0.1456883 0.0825528 0.0885756 0.4193168 0.1476640 0.1493666 0.1022192 0.1095226 0.1138671 0.1446990 0.0709131 0.0454019 0.0300208 0.0547239 0.0928115 0.1365687 0.1149837 0.1201381 0.0432300 0.1077873 0.1149837 0.1172120 0.1344861 0.0628301 0.0945361 0.1108307 0.0710049 0.0591751 0.0882106 0.0896330 0.0442884 0.1126944 0.1172120 0.0603522 0.0499579 0.0571609 0.0605385 0.1040083 0.0936217 0.0400494 0.1476490 0.1540785 0.0275626 0.0985056 0.1088899 0.1026680 0.1152121 0.1084767 0.1031225 0.0431836 0.1283060 0.0912879 0.1203162 0.1224801 0.0958073 0.1241771 0.0892302 
Perityle_bisetosa_9                        0.6247147 0.2982095 0.6347069 0.7223810 0.4165965 0.3733207 0.6672686 0.2024120 0.5707131 0.5749552 0.4057637 0.0711219 0.5930170 0.3704648 0.1789496 0.5146093 0.0000000 0.3500402 0.3118086 0.3112263 0.2567222 0.5779792 0.1476516 0.3059396 0.2085148 0.5886816 0.3624376 0.3829392 0.3831870 0.5291168 0.5595380 0.5996922 0.6033669 0.5865351 0.2642904 0.6091669 0.4062010 0.3050150 0.2450058 0.3682994 0.2860676 0.2858733 0.3859085 0.5729164 0.4302085 0.1567324 0.3103671 0.5900931 0.6664704 0.3956688 0.2427195 0.2633453 0.4206407 0.5507951 0.2453274 0.3473429 0.2356322 0.3553891 0.5930460 0.5943128 0.0557315 0.0629153 0.3689475 0.2931967 0.3011421 0.4024781 0.2977667 0.5899923 0.3632959 0.1400014 0.3213038 0.3079586 0.5910170 0.5913717 0.5988475 0.2536147 0.4015072 0.5656557 0.3798820 0.3220093 0.3023009 0.4216658 0.6026586 0.1573049 
Perityle_californica_76_positas            0.4219349 0.2678110 0.4490396 0.4754600 0.2916843 0.0591106 0.4608759 0.3436985 0.5192859 0.4535736 0.3649682 0.3633988 0.3650961 0.3627493 0.3822940 0.1824178 0.3500402 0.0000000 0.4243069 0.3734628 0.3612063 0.3721953 0.2288779 0.3649714 0.3736977 0.3621945 0.3908623 0.4263873 0.3134968 0.4909854 0.4829400 0.3822133 0.4360934 0.4535736 0.3989266 0.4834718 0.3726836 0.3708558 0.3948205 0.2598757 0.3944509 0.4052578 0.3213312 0.3621945 0.3497993 0.4166933 0.3648900 0.3621945 0.4678242 0.3409484 0.3738851 0.3723343 0.3751299 0.4158828 0.3726024 0.3590969 0.3880336 0.4144684 0.3721953 0.3721953 0.2437594 0.2827088 0.2972407 0.3953385 0.3856326 0.3515237 0.1904821 0.4189060 0.4017767 0.3741912 0.3921590 0.3650616 0.4731190 0.3721953 0.3721953 0.3501477 0.3794706 0.4416389 0.4019992 0.3654271 0.3805656 0.2323848 0.3950880 0.3829044 
Perityle_canescens_77                      0.2738972 0.1408665 0.2635082 0.4457830 0.1056641 0.0548274 0.4026317 0.1530376 0.3279072 0.2823906 0.1141741 0.0555867 0.2433856 0.0868325 0.0848997 0.0631313 0.3118086 0.4243069 0.0000000 0.0790037 0.0962812 0.2585353 0.1546612 0.1048479 0.1005094 0.2457455 0.1134638 0.1547438 0.0990851 0.2862261 0.5607982 0.2839978 0.2882011 0.2858279 0.1042821 0.2852781 0.1127807 0.0974982 0.0930493 0.0860547 0.2406093 0.1194126 0.1035438 0.2333682 0.0885451 0.0759332 0.0990263 0.2457218 0.3266912 0.1051078 0.0936598 0.1005718 0.1563231 0.2143322 0.0934845 0.1163915 0.0957378 0.1429892 0.2473557 0.2536615 0.0501969 0.0534299 0.0979482 0.1024239 0.1155312 0.1217650 0.3274537 0.2307911 0.1531751 0.0539035 0.1081965 0.1094694 0.2779999 0.2562816 0.2438543 0.1101729 0.2840386 0.2449868 0.0451825 0.1379289 0.1314455 0.1103242 0.2642127 0.1027456 
Perityle_castillonii_96                    0.3226674 0.1324661 0.3334144 0.4691189 0.1743225 0.0546436 0.4111344 0.1397857 0.3463450 0.2820916 0.1527763 0.0363396 0.2978587 0.1323625 0.0488427 0.1113496 0.3112263 0.3734628 0.0790037 0.0000000 0.0686270 0.2657031 0.1542489 0.1219026 0.0517466 0.2993160 0.1287490 0.1879917 0.1608123 0.2863865 0.5610373 0.3125588 0.3432589 0.2822422 0.0871696 0.2967618 0.1773430 0.0392766 0.1443711 0.0989903 0.2873424 0.0996226 0.1617384 0.2516901 0.1258422 0.1019788 0.1089307 0.3012422 0.3734908 0.1628857 0.0450244 0.0798987 0.1927729 0.2649936 0.0529759 0.1232985 0.0886838 0.1516682 0.2914270 0.3008780 0.0502747 0.0579546 0.0939392 0.0913226 0.1114707 0.1444075 0.3199498 0.2973278 0.1643169 0.0185337 0.0980085 0.1231218 0.2907628 0.2757772 0.2863276 0.0747435 0.2665985 0.2766209 0.1563120 0.1372582 0.1245046 0.0985930 0.3065161 0.0949581 
Perityle_cernua_84                         0.2963495 0.1450932 0.3159407 0.4319038 0.1474262 0.0546494 0.4115643 0.1440570 0.3425485 0.2889171 0.1635965 0.0290384 0.2734491 0.0859164 0.0343182 0.0832372 0.2567222 0.3612063 0.0962812 0.0686270 0.0000000 0.2363807 0.1481496 0.0859892 0.0576518 0.2696712 0.1248994 0.1756400 0.1534532 0.2973361 0.5745756 0.2969698 0.3208632 0.2891698 0.0829651 0.2987213 0.1601555 0.0675853 0.1651374 0.1076104 0.2794459 0.0742420 0.1506647 0.2208347 0.1198706 0.1357290 0.0421312 0.2695776 0.3491887 0.1439500 0.0511299 0.0672030 0.1813197 0.2503575 0.0632969 0.1342127 0.0890203 0.1492696 0.2709851 0.2777424 0.0452640 0.0581426 0.0917597 0.0971850 0.1001605 0.1810319 0.2978447 0.3009473 0.1723803 0.0154824 0.0717682 0.0871478 0.3045414 0.2456174 0.2592656 0.0524803 0.2646844 0.2810382 0.1425899 0.1060388 0.1037132 0.0874972 0.2851113 0.1017727 
Perityle_cfvillosa_25_tin                  0.3522177 0.1484303 0.3771417 0.5504808 0.2085131 0.0651742 0.4775744 0.1485406 0.3696708 0.3691508 0.2537522 0.0795509 0.0182277 0.1351088 0.1997768 0.1195132 0.5779792 0.3721953 0.2585353 0.2657031 0.2363807 0.0000000 0.1469944 0.2008036 0.2343074 0.0158226 0.2240314 0.2347357 0.2619653 0.3561687 0.6391977 0.3549072 0.3343588 0.3742114 0.2189395 0.3617327 0.3031193 0.2580056 0.2661366 0.2145535 0.4107907 0.2444806 0.2892916 0.0168036 0.2624022 0.2559299 0.1893641 0.0224343 0.1556219 0.2950162 0.2222595 0.2287859 0.2521606 0.2844096 0.2411207 0.1985519 0.0787398 0.2166856 0.0122285 0.0124889 0.0452032 0.1224000 0.1970319 0.1835313 0.1539368 0.2780943 0.3189620 0.2849209 0.2994103 0.0680021 0.2467805 0.2245812 0.3513537 0.0219055 0.0143561 0.2289637 0.0948386 0.2859258 0.2534554 0.2242405 0.2128664 0.1102653 0.0153952 0.2167207 
Perityle_cinerea_113_Powell1310            0.1609595 0.1061846 0.1827486 0.2143605 0.1821386 0.1441343 0.2148871 0.1845902 0.2174891 0.1607634 0.1674687 0.1407262 0.1402937 0.1476897 0.1402937 0.1231484 0.1476516 0.2288779 0.1546612 0.1542489 0.1481496 0.1469944 0.0000000 0.1405445 0.1472410 0.1402937 0.1539933 0.1754058 0.1741978 0.1817712 0.1685410 0.1691039 0.1606352 0.1607634 0.1612689 0.1610810 0.1964135 0.1540041 0.1683533 0.1675793 0.1475200 0.1678657 0.1608245 0.1402937 0.1608245 0.1683533 0.1536087 0.1402937 0.1538729 0.1608245 0.1678648 0.1536387 0.1338616 0.1539632 0.1407262 0.1542489 0.1617834 0.1609558 0.1402937 0.1469944 0.1678066 0.1736286 0.1870173 0.1683271 0.1672606 0.1541710 0.1472923 0.1888427 0.2035858 0.1470287 0.1405685 0.1405445 0.1610395 0.1402937 0.1402937 0.1398877 0.1402937 0.1748620 0.1539408 0.1474483 0.1532195 0.1543685 0.1473849 0.1612221 
Perityle_coahuilensis_24                   0.2867970 0.1403894 0.3539815 0.4488069 0.1691463 0.0617323 0.4058637 0.1236044 0.3251399 0.2867767 0.1775621 0.0290515 0.2728901 0.0928086 0.0856824 0.1109786 0.3059396 0.3649714 0.1048479 0.1219026 0.0859892 0.2008036 0.1405445 0.0000000 0.0676995 0.2765710 0.1325205 0.1809449 0.1787693 0.3066423 0.5665490 0.2951361 0.2808436 0.2887211 0.1036306 0.3001041 0.1870984 0.0909294 0.1683746 0.1418612 0.3310684 0.0940798 0.1898748 0.2219641 0.1453707 0.1343152 0.0626606 0.2411075 0.3043374 0.1745396 0.0714318 0.0634145 0.2095879 0.2397677 0.0847229 0.1525866 0.0857111 0.1619113 0.2419524 0.2377332 0.0297826 0.0442532 0.1132728 0.1051111 0.1080480 0.1878489 0.3010457 0.2773847 0.1902927 0.0313319 0.0744302 0.0082209 0.2962993 0.2269383 0.2374665 0.0818911 0.2753684 0.2710858 0.1744483 0.1456398 0.1276973 0.0903408 0.2454377 0.1006545 
Perityle_cochisensis_44_cave_creek         0.2764861 0.1567782 0.3037670 0.3450863 0.1247514 0.0618212 0.3436728 0.1397605 0.3253023 0.2920138 0.1151927 0.0364292 0.2737405 0.0502695 0.0445996 0.0598084 0.2085148 0.3736977 0.1005094 0.0517466 0.0576518 0.2343074 0.1472410 0.0676995 0.0000000 0.2669139 0.0918313 0.1276863 0.1227042 0.3009464 0.5595421 0.2843424 0.3104050 0.2930291 0.0434215 0.3116802 0.1459499 0.0562448 0.1439423 0.1101136 0.2697782 0.0617823 0.1213133 0.2162302 0.0996620 0.0932088 0.0426503 0.2670340 0.3530915 0.1210712 0.0486707 0.0433388 0.1482163 0.2506426 0.0407714 0.1193406 0.0692935 0.1534478 0.2643690 0.2728598 0.0348573 0.0533481 0.0776447 0.1244757 0.0677966 0.1370375 0.3101330 0.2683892 0.1207482 0.0344838 0.0520598 0.0690926 0.3076248 0.2470459 0.2683657 0.0618690 0.2808188 0.2716485 0.1149189 0.0899489 0.0648270 0.0777134 0.2774808 0.0951392 
Perityle_congesta_202                      0.3401994 0.1443589 0.4001173 0.5585264 0.2905245 0.0651730 0.4830359 0.1485396 0.4070965 0.3633477 0.2912925 0.0755729 0.0156504 0.2522298 0.1947780 0.1149827 0.5886816 0.3621945 0.2457455 0.2993160 0.2696712 0.0158226 0.1402937 0.2765710 0.2669139 0.0000000 0.2901278 0.2918489 0.3656598 0.3456894 0.6147608 0.3418029 0.3863742 0.3576360 0.2729343 0.3673044 0.3495379 0.2705734 0.3334674 0.2428753 0.5159231 0.3267277 0.3918209 0.0099290 0.2525213 0.3591272 0.2964036 0.0123982 0.2961261 0.3339453 0.2115868 0.2599758 0.2748758 0.3347289 0.2449789 0.2538246 0.0787386 0.2299897 0.0100684 0.0112370 0.0400505 0.1173215 0.1904919 0.1808180 0.3110672 0.3407440 0.3086473 0.3456133 0.3217559 0.0646254 0.2339305 0.3162026 0.3655620 0.0212256 0.0166917 0.2776782 0.1251914 0.2958927 0.3432830 0.2998325 0.2567426 0.1074603 0.0169205 0.2060848 
Perityle_cordifolia_27                     0.3006517 0.1565280 0.3375172 0.4486458 0.1718922 0.0511687 0.4064452 0.1558643 0.3333965 0.2733677 0.1489606 0.0626596 0.2875808 0.1377549 0.0965950 0.0793791 0.3624376 0.3908623 0.1134638 0.1287490 0.1248994 0.2240314 0.1539933 0.1325205 0.0918313 0.2901278 0.0000000 0.1871937 0.1439656 0.2861893 0.5393682 0.2866658 0.2744623 0.2735567 0.1265105 0.2841506 0.2026727 0.1247019 0.1598481 0.1152944 0.2929546 0.1375209 0.1813564 0.2494969 0.1492144 0.1210957 0.1382136 0.2414297 0.2909880 0.1806779 0.1043458 0.1267279 0.2142170 0.1504260 0.1073691 0.1472054 0.0719432 0.1508933 0.2519950 0.2453158 0.0554046 0.0813223 0.1048776 0.0885244 0.1341052 0.1597903 0.3171753 0.2660045 0.1666337 0.0567960 0.1317050 0.1418443 0.2853709 0.2590538 0.2656805 0.1286252 0.2893494 0.2676235 0.1381153 0.1661797 0.1550770 0.0707005 0.2495515 0.0980756 
Perityle_cordifolia_68_tecolote            0.3361454 0.1778134 0.4116078 0.4955761 0.2168591 0.0726210 0.4403889 0.1696618 0.3651473 0.3285294 0.2128503 0.0870905 0.2950606 0.1439875 0.1218633 0.1456883 0.3829392 0.4263873 0.1547438 0.1879917 0.1756400 0.2347357 0.1754058 0.1809449 0.1276863 0.2918489 0.1871937 0.0000000 0.2070532 0.3001395 0.5481026 0.3094523 0.3127960 0.3145437 0.1604002 0.3584484 0.2241998 0.1706710 0.2060941 0.1762153 0.3527703 0.1963712 0.1982517 0.2455458 0.1731954 0.1581249 0.1797590 0.2691074 0.3388115 0.2092084 0.1412595 0.1775006 0.2320096 0.2875937 0.1415857 0.1682501 0.0388972 0.1859526 0.2647360 0.2686593 0.0714853 0.1165840 0.1397732 0.1533922 0.1742657 0.2032379 0.3519255 0.2935880 0.2223509 0.0808545 0.1596433 0.1840242 0.3537947 0.2623746 0.2754577 0.1805989 0.3179912 0.2837026 0.1957135 0.1790080 0.1784594 0.1046924 0.2731620 0.1042285 
Perityle_coronopifolia_28_patagonia        0.3211084 0.1602811 0.3985046 0.4935345 0.2234112 0.0582676 0.4422619 0.1645636 0.3514923 0.2921858 0.1762182 0.0680823 0.3161970 0.1972819 0.0864723 0.0825528 0.3831870 0.3134968 0.0990851 0.1608123 0.1534532 0.2619653 0.1741978 0.1787693 0.1227042 0.3656598 0.1439656 0.2070532 0.0000000 0.2729514 0.5380058 0.3048090 0.3114381 0.2885585 0.1782608 0.3201815 0.1941562 0.1281240 0.1786752 0.0866247 0.3621300 0.1915147 0.2206713 0.2520681 0.1489487 0.1961373 0.1917057 0.3113605 0.4026513 0.1883049 0.0994332 0.1417038 0.2373624 0.2429178 0.1239587 0.1425395 0.1022339 0.1582333 0.3217492 0.3867924 0.0762954 0.0669942 0.0919453 0.0912951 0.2434270 0.0897633 0.2351684 0.3367898 0.1755716 0.0648477 0.1210766 0.1954488 0.3054002 0.2715689 0.2871263 0.1669647 0.3148617 0.3150766 0.1717844 0.2158982 0.1827048 0.0771970 0.3682965 0.1080727 
Perityle_crassifolia_70_ventanas           0.3426208 0.1653180 0.3516720 0.4179565 0.1974259 0.0726955 0.4104552 0.1977337 0.3646537 0.0470314 0.2729145 0.1869844 0.3462140 0.1885568 0.2651046 0.0885756 0.5291168 0.4909854 0.2862261 0.2863865 0.2973361 0.3561687 0.1817712 0.3066423 0.3009464 0.3456894 0.2861893 0.3001395 0.2729514 0.0000000 0.2059051 0.1977515 0.1897423 0.0487025 0.3040777 0.1102081 0.3046683 0.3012557 0.3137790 0.2135960 0.4386592 0.3120298 0.2759396 0.3401298 0.2527734 0.3244509 0.2578097 0.3457118 0.4286634 0.2845148 0.3003871 0.2954790 0.3088286 0.2899463 0.2887716 0.2475411 0.1488399 0.2544769 0.3534899 0.3498813 0.0926133 0.1534115 0.2026559 0.2378323 0.3134783 0.2634498 0.4285183 0.3356824 0.2843303 0.1739519 0.2959677 0.3064523 0.0923387 0.3488742 0.3457832 0.2834968 0.2862460 0.3499605 0.2848826 0.3288701 0.3191018 0.1138341 0.3611775 0.2726331 
Perityle_crassifolia_74_playa_balandra     0.6155810 0.4513516 0.6304915 0.6501559 0.4669687 0.4639843 0.6696297 0.4210583 0.6370743 0.2085271 0.5349162 0.3739799 0.6213725 0.5139309 0.5739660 0.4193168 0.5595380 0.4829400 0.5607982 0.5610373 0.5745756 0.6391977 0.1685410 0.5665490 0.5595421 0.6147608 0.5393682 0.5481026 0.5380058 0.2059051 0.0000000 0.3897810 0.3503848 0.2107969 0.5670796 0.3057391 0.5789125 0.5797427 0.5731968 0.4428126 0.4388078 0.5848453 0.5481880 0.6129035 0.5485878 0.5407577 0.5628720 0.6156504 0.7206070 0.5584892 0.5652621 0.5645967 0.5343611 0.5669335 0.5682520 0.4993310 0.4664252 0.5679085 0.6282197 0.6277850 0.2122409 0.2546047 0.5314182 0.5681652 0.5747734 0.5245680 0.4187528 0.6203145 0.5269768 0.4832538 0.5598304 0.5706669 0.2679553 0.6299972 0.6237376 0.5236391 0.5611371 0.6311467 0.5646799 0.5754855 0.5896929 0.4637599 0.6297314 0.4943335 
Perityle_cuneata_34_cuneata_San_antonio    0.3338907 0.1870854 0.3227537 0.5141853 0.2248274 0.0799673 0.4960922 0.2128057 0.4412764 0.2078621 0.2867069 0.1623881 0.3376237 0.2075365 0.2505654 0.1476640 0.5996922 0.3822133 0.2839978 0.3125588 0.2969698 0.3549072 0.1691039 0.2951361 0.2843424 0.3418029 0.2866658 0.3094523 0.3048090 0.1977515 0.3897810 0.0000000 0.2005527 0.2061096 0.2986936 0.2051627 0.3474191 0.3012054 0.3326265 0.2381187 0.4592160 0.2988447 0.3339119 0.3390684 0.2824722 0.3259750 0.2463920 0.3354448 0.3909787 0.3298588 0.2872919 0.2838060 0.3018196 0.2751796 0.2754019 0.2667677 0.1450051 0.2451944 0.3457735 0.3477455 0.0937513 0.1637415 0.2039795 0.2320651 0.3159064 0.2906308 0.3726585 0.3103935 0.3232806 0.1680454 0.2988129 0.2929550 0.1952752 0.3441790 0.3416485 0.2891633 0.3316580 0.3085713 0.3032123 0.3061757 0.3206402 0.1310948 0.3525866 0.2665658 
Perityle_cuneata_4                         0.3442825 0.1611287 0.4164183 0.5368661 0.2530067 0.0727683 0.5372724 0.1879255 0.4207775 0.2020400 0.3202801 0.1869115 0.3730457 0.2465184 0.2504878 0.1493666 0.6033669 0.4360934 0.2882011 0.3432589 0.3208632 0.3343588 0.1606352 0.2808436 0.3104050 0.3863742 0.2744623 0.3127960 0.3114381 0.1897423 0.3503848 0.2005527 0.0000000 0.2050051 0.3271659 0.2054529 0.3726664 0.3184346 0.3737255 0.2515058 0.5211649 0.3160010 0.3609947 0.3393714 0.2760850 0.3225077 0.2924051 0.3523506 0.4091294 0.3609340 0.2830888 0.3061467 0.3237482 0.3229413 0.2852052 0.2967884 0.1383098 0.2710001 0.3482733 0.3605551 0.0823874 0.1537420 0.1881073 0.2219556 0.3241101 0.3016970 0.4144709 0.3743686 0.3415460 0.1814205 0.2819824 0.2884801 0.1937658 0.3493143 0.3506502 0.3136379 0.3114344 0.3822911 0.3143670 0.3269308 0.3328675 0.1195080 0.3667298 0.2649563 
Perityle_discoidea_81                      0.3329184 0.1530422 0.3266671 0.4917386 0.1999608 0.0729121 0.4809426 0.1836454 0.3869796 0.0065953 0.2733486 0.1735538 0.3406798 0.1883270 0.2618408 0.1022192 0.5865351 0.4535736 0.2858279 0.2822422 0.2891698 0.3742114 0.1607634 0.2887211 0.2930291 0.3576360 0.2735567 0.3145437 0.2885585 0.0487025 0.2107969 0.2061096 0.2050051 0.0000000 0.3080475 0.0993014 0.2995440 0.2966217 0.3347310 0.2150011 0.4413794 0.2902574 0.2773155 0.3407240 0.2402470 0.3137984 0.2564534 0.3599612 0.4240801 0.2815627 0.2913343 0.2827989 0.3082058 0.2944994 0.2772685 0.2638316 0.1381168 0.2479655 0.3527873 0.3631949 0.0766001 0.1424767 0.1955487 0.2311721 0.3210811 0.2764619 0.3909513 0.3176200 0.3024690 0.1657173 0.2849527 0.2885747 0.0642944 0.3624403 0.3542278 0.2716355 0.2844126 0.3300927 0.2839750 0.3106978 0.3250949 0.1220042 0.3725978 0.2639768 
Perityle_dissecta_201                      0.3138092 0.1657023 0.3393061 0.4738199 0.2156490 0.0655845 0.4389715 0.1523947 0.3528108 0.3095046 0.1785336 0.0327397 0.2666739 0.0944629 0.0385298 0.1095226 0.2642904 0.3989266 0.1042821 0.0871696 0.0829651 0.2189395 0.1612689 0.1036306 0.0434215 0.2729343 0.1265105 0.1604002 0.1782608 0.3040777 0.5670796 0.2986936 0.3271659 0.3080475 0.0000000 0.3199204 0.1681475 0.0812372 0.1694190 0.1196485 0.2792766 0.0997837 0.1814072 0.2013547 0.1404325 0.1436297 0.0936476 0.2607560 0.3347437 0.1531933 0.0585828 0.0836856 0.2034722 0.2555613 0.0515095 0.1384001 0.0724496 0.1547168 0.2719153 0.2808820 0.0556148 0.0674809 0.0997523 0.1026777 0.0717457 0.1889437 0.3349518 0.3071993 0.1763850 0.0376930 0.0871234 0.1088159 0.3163477 0.2315885 0.2474659 0.0813080 0.2876527 0.2782643 0.1837032 0.1317368 0.0691534 0.0904633 0.2861433 0.0952906 
Perityle_emoryi_47_punta_san_jose          0.3399659 0.1655354 0.3593005 0.5395626 0.2286365 0.0765439 0.5228053 0.1609187 0.3938333 0.0971315 0.2966895 0.1734749 0.3622494 0.2207664 0.2533496 0.1138671 0.6091669 0.4834718 0.2852781 0.2967618 0.2987213 0.3617327 0.1610810 0.3001041 0.3116802 0.3673044 0.2841506 0.3584484 0.3201815 0.1102081 0.3057391 0.2051627 0.2054529 0.0993014 0.3199204 0.0000000 0.3319546 0.2977141 0.3449193 0.2414645 0.4459871 0.3051447 0.3134766 0.3325976 0.2402659 0.2999411 0.2740339 0.3739745 0.4375311 0.3095011 0.2893653 0.2922233 0.3164946 0.3328262 0.2888479 0.2842487 0.1494096 0.2560399 0.3649020 0.3725211 0.0823023 0.1634890 0.1911419 0.2205123 0.3329290 0.2973275 0.4066900 0.3463438 0.3503279 0.1656202 0.2798195 0.3017795 0.0800664 0.3620714 0.3688474 0.2894515 0.3496295 0.3498758 0.3030800 0.3306336 0.3349552 0.1222309 0.3767934 0.2631443 
Perityle_feddemae_99                       0.3474946 0.1702158 0.3679276 0.5526239 0.2117072 0.0655013 0.4596189 0.1923817 0.3621443 0.3003008 0.1808053 0.0790630 0.3405467 0.1680885 0.1036643 0.1446990 0.4062010 0.3726836 0.1127807 0.1773430 0.1601555 0.3031193 0.1964135 0.1870984 0.1459499 0.3495379 0.2026727 0.2241998 0.1941562 0.3046683 0.5789125 0.3474191 0.3726664 0.2995440 0.1681475 0.3319546 0.0000000 0.1436211 0.1760345 0.1508373 0.3282137 0.1803171 0.0556303 0.2853020 0.0434235 0.1347733 0.1801089 0.3498775 0.4127228 0.0507150 0.1235764 0.1724954 0.2398741 0.3105407 0.1415052 0.1741056 0.1131122 0.1724579 0.3497413 0.3571664 0.0930054 0.0913591 0.1127500 0.1277596 0.1847565 0.1681251 0.3514890 0.3198150 0.2183626 0.0739866 0.1449030 0.1869176 0.3241412 0.3163426 0.3385796 0.1623201 0.3484862 0.3048089 0.1686202 0.2177374 0.1925418 0.1013594 0.3656433 0.1306877 
Perityle_fosteri_93                        0.3195269 0.1606682 0.3073399 0.4546962 0.1364278 0.0581852 0.4028344 0.1477934 0.3488494 0.2962845 0.1351214 0.0514287 0.2688113 0.0851178 0.0383460 0.0709131 0.3050150 0.3708558 0.0974982 0.0392766 0.0675853 0.2580056 0.1540041 0.0909294 0.0562448 0.2705734 0.1247019 0.1706710 0.1281240 0.3012557 0.5797427 0.3012054 0.3184346 0.2966217 0.0812372 0.2977141 0.1436211 0.0000000 0.1281660 0.0948441 0.2277556 0.0737833 0.1297362 0.2399257 0.1164451 0.0911999 0.0747149 0.2704731 0.3426170 0.1295964 0.0555948 0.0726619 0.1571884 0.2396229 0.0633730 0.1294268 0.0989131 0.1364418 0.2711563 0.2778107 0.0554032 0.0671681 0.0958113 0.1077431 0.0888524 0.1360499 0.3171136 0.2778758 0.1730333 0.0375279 0.0817900 0.0922427 0.3025145 0.2648526 0.2674287 0.0701388 0.2730534 0.2802392 0.1283944 0.1129265 0.0907884 0.1016862 0.2856853 0.1134107 
Perityle_gamon_221                         0.3137493 0.1647343 0.3772586 0.4092756 0.1867769 0.0691196 0.4062254 0.1692492 0.3328977 0.3383666 0.1824903 0.0630126 0.3404331 0.1284844 0.0932677 0.0454019 0.2450058 0.3948205 0.0930493 0.1443711 0.1651374 0.2661366 0.1683533 0.1683746 0.1439423 0.3334674 0.1598481 0.2060941 0.1786752 0.3137790 0.5731968 0.3326265 0.3737255 0.3347310 0.1694190 0.3449193 0.1760345 0.1281660 0.0000000 0.1427243 0.3790967 0.1769061 0.1741035 0.2532744 0.1068736 0.0233925 0.1699121 0.3311124 0.4422672 0.1526481 0.1205163 0.1467069 0.2498282 0.2950337 0.1238217 0.1653121 0.1021965 0.1772297 0.3347065 0.3431265 0.0713485 0.0911106 0.1222459 0.1115886 0.1730764 0.1859808 0.3211305 0.3313114 0.1825869 0.0472268 0.0991827 0.1699793 0.3630627 0.2911043 0.3061332 0.1675016 0.2822052 0.3183608 0.1017323 0.2013721 0.1868118 0.0865029 0.3536253 0.1144263 
Perityle_gentryi_8_san_francisco           0.2655854 0.1478955 0.2761475 0.4278453 0.1217327 0.0690054 0.3890542 0.0964032 0.3317386 0.2269595 0.1109497 0.0548750 0.2376830 0.1002108 0.0820123 0.0300208 0.3682994 0.2598757 0.0860547 0.0989903 0.1076104 0.2145535 0.1675793 0.1418612 0.1101136 0.2428753 0.1152944 0.1762153 0.0866247 0.2135960 0.4428126 0.2381187 0.2515058 0.2150011 0.1196485 0.2414645 0.1508373 0.0948441 0.1427243 0.0000000 0.3472072 0.1139172 0.1290317 0.1936104 0.1018539 0.0893662 0.1026505 0.2383758 0.2834587 0.1325332 0.1072422 0.1208993 0.1988772 0.2446322 0.1067738 0.1428420 0.0781558 0.1256845 0.2406417 0.2492905 0.0565599 0.0520851 0.0751356 0.0649503 0.1338269 0.1064575 0.1633129 0.2607170 0.1504389 0.0456774 0.0881107 0.1435188 0.2398638 0.2260270 0.2431845 0.1246828 0.2327041 0.2738935 0.0945209 0.1609196 0.1255199 0.0964141 0.2562107 0.0755412 
Perityle_gilensis_22_Superstition          0.4727541 0.1030419 0.5918384 0.5293252 0.4300104 0.0558533 0.5645849 0.1326545 0.4365032 0.4380013 0.3463838 0.0361084 0.5133084 0.1829468 0.0670830 0.0547239 0.2860676 0.3944509 0.2406093 0.2873424 0.2794459 0.4107907 0.1475200 0.3310684 0.2697782 0.5159231 0.2929546 0.3527703 0.3621300 0.4386592 0.4388078 0.4592160 0.5211649 0.4413794 0.2792766 0.4459871 0.3282137 0.2277556 0.3790967 0.3472072 0.0000000 0.3244676 0.3239212 0.3705600 0.1304874 0.2373465 0.3143230 0.5287697 0.6214984 0.2871460 0.1939654 0.2929953 0.3196311 0.3423480 0.2397789 0.3754490 0.0790369 0.1754055 0.5080009 0.5278258 0.0399582 0.0534103 0.1133828 0.1016901 0.3146314 0.3468697 0.3200639 0.5040540 0.3411187 0.0276381 0.1900138 0.3361100 0.4816931 0.4561518 0.4869546 0.2992970 0.3581701 0.4523089 0.3486124 0.3230491 0.3044924 0.0790722 0.5400841 0.0864114 
Perityle_gilensis_salensis_225             0.2927545 0.1607549 0.3142222 0.4781069 0.1890946 0.0617780 0.4365837 0.1442771 0.3394555 0.2899913 0.1891119 0.0401922 0.2847478 0.1153516 0.0658843 0.0928115 0.2858733 0.4052578 0.1194126 0.0996226 0.0742420 0.2444806 0.1678657 0.0940798 0.0617823 0.3267277 0.1375209 0.1963712 0.1915147 0.3120298 0.5848453 0.2988447 0.3160010 0.2902574 0.0997837 0.3051447 0.1803171 0.0737833 0.1769061 0.1139172 0.3244676 0.0000000 0.1970109 0.2292885 0.1421855 0.1881804 0.0997581 0.2852740 0.3988939 0.1656309 0.0631327 0.0722101 0.2119929 0.2457581 0.0839002 0.1616385 0.0855015 0.1642710 0.3126256 0.3348030 0.0555283 0.0673868 0.1018511 0.0999748 0.1391943 0.1791216 0.3303238 0.3141030 0.1955845 0.0280191 0.0851399 0.1170895 0.3028086 0.2551038 0.2697839 0.0805154 0.2694794 0.2929319 0.2124696 0.1500270 0.1143580 0.0957267 0.3386275 0.1495983 
Perityle_glaucescens_94                    0.3361906 0.1493893 0.3696462 0.5310334 0.2357779 0.0512410 0.4608369 0.1662886 0.3523051 0.2833759 0.1881994 0.0595526 0.3431567 0.1906975 0.0969849 0.1365687 0.3859085 0.3213312 0.1035438 0.1617384 0.1506647 0.2892916 0.1608245 0.1898748 0.1213133 0.3918209 0.1813564 0.1982517 0.2206713 0.2759396 0.5481880 0.3339119 0.3609947 0.2773155 0.1814072 0.3134766 0.0556303 0.1297362 0.1741035 0.1290317 0.3239212 0.1970109 0.0000000 0.2755612 0.0366353 0.1959227 0.2035486 0.3510033 0.4634999 0.0296385 0.1204218 0.1603988 0.2425836 0.2864458 0.1245842 0.1570249 0.0890181 0.1574108 0.3716406 0.4072995 0.0660362 0.0723693 0.1089379 0.1109012 0.2281918 0.1742284 0.3221897 0.3198514 0.2150816 0.0573417 0.1507763 0.2143936 0.3132791 0.3031362 0.3262325 0.1612786 0.3146297 0.2896569 0.2134415 0.2017995 0.1891024 0.0875301 0.4086060 0.1176747 
Perityle_gracilis_11                       0.3197464 0.1443589 0.3413923 0.5413259 0.1890174 0.0616070 0.4594862 0.1485396 0.3898579 0.3370611 0.2489719 0.0755729 0.0159148 0.1293820 0.1948764 0.1149837 0.5729164 0.3621945 0.2333682 0.2516901 0.2208347 0.0168036 0.1402937 0.2219641 0.2162302 0.0099290 0.2494969 0.2455458 0.2520681 0.3401298 0.6129035 0.3390684 0.3393714 0.3407240 0.2013547 0.3325976 0.2853020 0.2399257 0.2532744 0.1936104 0.3705600 0.2292885 0.2755612 0.0000000 0.2547317 0.2464304 0.1728449 0.0143555 0.1917690 0.2755512 0.2052057 0.2136105 0.2342552 0.2775919 0.2262753 0.1809521 0.0754332 0.1886352 0.0131831 0.0143557 0.0400505 0.1173215 0.1905750 0.1777317 0.1817291 0.2533638 0.3086473 0.2705957 0.2798202 0.0646254 0.2359244 0.2184585 0.3258001 0.0228543 0.0131450 0.2174022 0.0858058 0.2713201 0.2425547 0.2304044 0.1949687 0.1045884 0.0204208 0.2061256 
Perityle_harkerae_31                       0.2878237 0.1533245 0.2648954 0.4904494 0.1587921 0.0653595 0.4183188 0.1700987 0.3152681 0.2381900 0.1494171 0.0593807 0.2499536 0.1292534 0.1035088 0.1201381 0.4302085 0.3497993 0.0885451 0.1258422 0.1198706 0.2624022 0.1608245 0.1453707 0.0996620 0.2525213 0.1492144 0.1731954 0.1489487 0.2527734 0.5485878 0.2824722 0.2760850 0.2402470 0.1404325 0.2402659 0.0434235 0.1164451 0.1068736 0.1018539 0.1304874 0.1421855 0.0366353 0.2547317 0.0000000 0.1178116 0.1269127 0.2546135 0.3131735 0.0381098 0.1014956 0.1299262 0.1338388 0.2195670 0.1081814 0.1171418 0.0990653 0.1229745 0.2563599 0.2608554 0.0712507 0.0721147 0.1166686 0.1189041 0.1473781 0.1356194 0.3524109 0.2133631 0.1862321 0.0604495 0.1322264 0.1469949 0.2369044 0.2593077 0.2528216 0.1257851 0.2848035 0.2126512 0.1291229 0.1347685 0.1672577 0.1014499 0.2675024 0.1173914 
