84
Amauria_brandeegeana_62                    0.0000000 0.2717821 0.0957756 0.3001095 0.0948147 0.2440550 0.2634156 0.1474736 0.3949080 0.3994048 0.0990113 0.0944528 0.1002587 0.1075883 0.0987342 0.0892602 0.0940717 0.1084503 0.0931611 0.4011684 0.0916750 0.0930431 0.2127781 0.0975209 0.3828033 0.0914974 0.1008709 0.0986439 0.3082567 0.2949687 0.2596822 0.0977247 0.1070025 0.4030370 0.0971027 0.4286802 0.1160853 0.0849839 0.1175101 0.0944045 0.1071322 0.1089744 0.1142594 0.1002458 0.4177026 0.1207466 0.0955194 0.1040978 0.1053757 0.1154130 0.0924231 0.0973541 0.0943825 0.1019475 0.0931874 0.1078912 0.0883366 0.0894178 0.1011492 0.1051807 0.1282076 0.2661330 0.1889013 0.1004648 0.1041744 0.4347596 0.1096413 0.1036903 0.1279857 0.0997516 0.0981041 0.4010408 0.1042619 0.0967735 0.0857207 0.0998280 0.1086069 0.0985114 0.0995838 0.2370546 0.1061363 0.1066188 0.0897066 0.1074148 
Amauria_carterae_99_mesa                   0.2717821 0.0000000 0.2603116 0.2657571 0.2652386 0.0983393 0.3072656 0.2855311 0.2972176 0.1205141 0.2794139 0.2477032 0.2562823 0.2523681 0.2625902 0.2505647 0.2472314 0.2573450 0.2645850 0.1237044 0.2479075 0.2606940 0.1792278 0.2523168 0.1261461 0.2497826 0.2931736 0.2673938 0.2960619 0.1129899 0.1023203 0.2741710 0.2523796 0.1206110 0.2600073 0.1217002 0.2734933 0.2600291 0.2713787 0.2603251 0.2544203 0.2566730 0.2659740 0.2604141 0.1239977 0.2826454 0.2580886 0.2606312 0.2633809 0.2700674 0.2549748 0.2590340 0.2520231 0.2956952 0.1651247 0.2580526 0.2590605 0.2709848 0.2609057 0.2646635 0.2812118 0.1805769 0.2125955 0.2501780 0.2542253 0.1591897 0.2721996 0.2584458 0.2169706 0.2560053 0.2523168 0.1145233 0.2633006 0.2463372 0.2566140 0.2656674 0.2697848 0.2552420 0.2462584 0.2561672 0.2629407 0.2758379 0.2494822 0.2622091 
Amauria_rotundifolia_SRR9119150            0.0957756 0.2603116 0.0000000 0.3006467 0.0796771 0.2439799 0.2682369 0.1450364 0.3799822 0.4418519 0.0990749 0.0847755 0.0894234 0.0991039 0.0919999 0.1077038 0.0901185 0.0899505 0.0772614 0.4027031 0.0871527 0.0807031 0.1942555 0.0831146 0.4199207 0.1092488 0.1149078 0.0853822 0.3723648 0.2870451 0.2478420 0.0796102 0.0966819 0.5093630 0.0850972 0.4402096 0.1039805 0.0796762 0.1121148 0.0855834 0.0919333 0.1006254 0.1063058 0.0840459 0.4169722 0.1120231 0.0840280 0.0930149 0.1055319 0.0997717 0.1306839 0.0880834 0.0871371 0.0889298 0.0811597 0.1014299 0.0748254 0.0866296 0.0811014 0.0880079 0.1239177 0.2873298 0.1744662 0.1040859 0.1189731 0.4825616 0.1091810 0.1379254 0.1132979 0.0975574 0.0836697 0.3941840 0.1079053 0.0832383 0.0838806 0.0939899 0.1222434 0.0860901 0.0883397 0.2201810 0.0911897 0.1004190 0.0780001 0.1360119 
Conoclinium_coelestinum_SRR9119114         0.3001095 0.2657571 0.3006467 0.0000000 0.2901530 0.2310414 0.3414361 0.2594889 0.4679829 0.3544769 0.3171861 0.2919784 0.2689170 0.2663446 0.2821742 0.2798600 0.2859021 0.3278822 0.2587512 0.3755329 0.2861333 0.2411930 0.2284233 0.2505982 0.3774571 0.2759892 0.3134948 0.2899758 0.3671853 0.2820890 0.2428042 0.2847937 0.3063666 0.3566804 0.2929580 0.3823091 0.2900289 0.2777294 0.3052496 0.2847379 0.2671828 0.2674044 0.2900269 0.2649441 0.3781705 0.3122880 0.2868179 0.2684411 0.2683712 0.2642419 0.2737154 0.2691630 0.2746992 0.3103592 0.1778527 0.2862415 0.2573053 0.2397532 0.2534986 0.2715695 0.2853247 0.2222079 0.2791774 0.2950612 0.2807061 0.3988397 0.2878538 0.2911370 0.1899093 0.2778050 0.2524289 0.3595065 0.2720983 0.2607190 0.2776848 0.2696918 0.2975704 0.2518539 0.2938300 0.3383110 0.2716638 0.3006444 0.2649781 0.2795051 
Eutetras_palmeri_63                        0.0948147 0.2652386 0.0796771 0.2901530 0.0000000 0.2434889 0.2474290 0.1392966 0.3963562 0.3848569 0.0792009 0.0813726 0.0890099 0.0967890 0.0778393 0.0707253 0.0847161 0.0796608 0.0839425 0.3979917 0.0778268 0.0807807 0.2155875 0.0846781 0.3993775 0.0767801 0.0833652 0.0783899 0.2669710 0.2932421 0.2540795 0.0747943 0.0932170 0.3877036 0.0804412 0.4150329 0.0974389 0.0735435 0.1016126 0.0778160 0.0986518 0.0996010 0.1014872 0.0869192 0.4049673 0.1007990 0.0796531 0.0947530 0.0948774 0.0963210 0.0856967 0.0862404 0.0777605 0.0843737 0.0743687 0.0945777 0.0706386 0.0856331 0.0834794 0.0903773 0.1171929 0.2991788 0.1680335 0.0841256 0.0995185 0.4215882 0.0954654 0.0875753 0.1293873 0.0851790 0.0843219 0.3863322 0.0938959 0.0853313 0.0703898 0.0829959 0.0934564 0.0883587 0.0832621 0.2189596 0.0956512 0.0857227 0.0751565 0.1203739 
Eutetras_pringlei_149_quer                 0.2440550 0.0983393 0.2439799 0.2310414 0.2434889 0.0000000 0.3418293 0.2701139 0.3050958 0.0903065 0.2481409 0.2364145 0.2187728 0.2241555 0.2420608 0.2243904 0.2282743 0.2573245 0.2274213 0.0810762 0.2325794 0.2303964 0.1519475 0.2223428 0.0749033 0.2244990 0.2551487 0.2403685 0.2722993 0.0833308 0.0776534 0.2576135 0.2516149 0.0903789 0.2437670 0.0888092 0.2354787 0.2420269 0.2397011 0.2318609 0.2241555 0.2264968 0.2345506 0.2303433 0.0923531 0.2463723 0.2384747 0.2303433 0.2329094 0.2384407 0.2332216 0.2266960 0.2266150 0.2595459 0.1615645 0.2370759 0.2445979 0.2404244 0.2285634 0.2323809 0.2715165 0.1097583 0.2185517 0.2361005 0.2408242 0.1204839 0.2596195 0.2422370 0.1662382 0.2398975 0.2223428 0.0869744 0.2328411 0.2292989 0.2367497 0.2534894 0.2345580 0.2230069 0.2343196 0.2595240 0.2306935 0.2571113 0.2447449 0.2343949 
Eutrochium_fistulosum_SRR9119106           0.2634156 0.3072656 0.2682369 0.3414361 0.2474290 0.3418293 0.0000000 0.2586873 0.4265774 0.4745588 0.2679780 0.2681382 0.2590542 0.2630730 0.2529132 0.2598841 0.2726336 0.2732797 0.2412874 0.4947964 0.2584347 0.2390301 0.2142243 0.2451395 0.4771618 0.2694356 0.2863020 0.2537301 0.3310557 0.3651138 0.3222549 0.2498271 0.2581478 0.4722959 0.2789735 0.5031596 0.2926850 0.2440651 0.2798032 0.2545873 0.2655972 0.2725020 0.2974932 0.2496236 0.4649158 0.2800142 0.2718820 0.2635244 0.2613863 0.2601361 0.2583799 0.2517811 0.2696388 0.2788772 0.0989436 0.2699778 0.2348803 0.2285767 0.2381729 0.2562060 0.2584425 0.3539098 0.2560430 0.2760095 0.2523836 0.5046751 0.2788624 0.2883306 0.1691148 0.2520384 0.2451395 0.4849387 0.2613860 0.2442731 0.2691671 0.2672108 0.2768793 0.2294085 0.2749504 0.2820558 0.2624934 0.2718550 0.2449098 0.2479365 
Galeana_pratensis_104_mex                  0.1474736 0.2855311 0.1450364 0.2594889 0.1392966 0.2701139 0.2586873 0.0000000 0.3619767 0.3412444 0.1538907 0.1321055 0.1340024 0.1394118 0.1465206 0.1281357 0.1388354 0.1761552 0.1463079 0.3375963 0.1325076 0.1387580 0.2239906 0.1320832 0.3531008 0.1346910 0.1563487 0.1471930 0.2252009 0.2973665 0.2588157 0.1586990 0.1574339 0.3368303 0.1398977 0.3446795 0.1589078 0.1364409 0.1594361 0.1325734 0.1407365 0.1407128 0.1652061 0.1387467 0.3333040 0.1625787 0.1414218 0.1381868 0.1397487 0.1684515 0.1391740 0.1343651 0.1373210 0.1551766 0.1119515 0.1565515 0.1558265 0.1327803 0.1388348 0.1396078 0.1803666 0.2683164 0.2300492 0.1346444 0.1458772 0.3359379 0.1533870 0.1444403 0.1523795 0.1377836 0.1320832 0.3352200 0.1397196 0.1340670 0.1321727 0.1475887 0.1460044 0.1375003 0.1347213 0.2635281 0.1396053 0.1635262 0.1710301 0.1379292 
Helianthus_annuus_SRR9119062               0.3949080 0.2972176 0.3799822 0.4679829 0.3963562 0.3050958 0.4265774 0.3619767 0.0000000 0.4317976 0.3883470 0.3968193 0.3804099 0.3758731 0.3290627 0.3830314 0.3902187 0.3345638 0.3508369 0.4287320 0.3917304 0.3483357 0.2283156 0.3555687 0.4196358 0.3903706 0.3963444 0.3986719 0.4413338 0.3341470 0.2809333 0.3991892 0.3913463 0.4307632 0.3859500 0.4457707 0.3936316 0.3601195 0.4021639 0.3900320 0.3789910 0.3748831 0.3911924 0.3668761 0.4293355 0.3951602 0.3886452 0.3742278 0.3763947 0.3566733 0.3739181 0.3775407 0.3818930 0.4003434 0.1396449 0.3831821 0.2600418 0.3211715 0.3519271 0.3783376 0.3729594 0.4914608 0.2797938 0.3991800 0.3542461 0.4551038 0.3991999 0.3900877 0.3162816 0.3730300 0.3571137 0.4293011 0.3818449 0.3452039 0.3832552 0.3783900 0.3999306 0.3543680 0.3940209 0.3039407 0.3800533 0.4106875 0.2294953 0.3657419 
Lycapsus_tenuifolius_17                    0.3994048 0.1205141 0.4418519 0.3544769 0.3848569 0.0903065 0.4745588 0.3412444 0.4317976 0.0000000 0.4484852 0.4179259 0.3944550 0.3723516 0.2923947 0.4180426 0.4214015 0.3174188 0.3452772 0.1206470 0.4046728 0.3189825 0.1524123 0.3579775 0.1631390 0.4265104 0.4556789 0.4092135 0.5053760 0.0809560 0.0782761 0.3995239 0.4235700 0.0667737 0.4262065 0.0304871 0.4447141 0.3346666 0.4487653 0.3739974 0.4023004 0.3998732 0.4488164 0.3745303 0.1235516 0.4631197 0.4184652 0.4231010 0.4345788 0.3717400 0.4211695 0.3759095 0.4144672 0.4300833 0.1786289 0.3706561 0.2784986 0.3222501 0.3648565 0.3893880 0.3592092 0.2722390 0.2294500 0.4305801 0.4350839 0.2476411 0.4124104 0.4489278 0.2567060 0.3562917 0.3609081 0.0792065 0.4331832 0.3532274 0.3763444 0.3517501 0.4279878 0.3505824 0.4152664 0.2389694 0.4198731 0.4279067 0.2562270 0.3818917 
Pericome_caudata_50_silver                 0.0990113 0.2794139 0.0990749 0.3171861 0.0792009 0.2481409 0.2679780 0.1538907 0.3883470 0.4484852 0.0000000 0.1012889 0.1035049 0.1110375 0.0942575 0.0953541 0.0984295 0.0949096 0.0776040 0.4171113 0.0920119 0.0882030 0.2028595 0.0861870 0.4248404 0.0965188 0.1015353 0.0862865 0.3507854 0.2824204 0.2485730 0.0870120 0.0986914 0.4783987 0.0911704 0.4344051 0.1118967 0.0846056 0.0959889 0.0864029 0.1047430 0.1182392 0.1099880 0.0912480 0.4096504 0.0965000 0.0913300 0.1112693 0.1135951 0.1062817 0.0909096 0.1013775 0.0942190 0.0912709 0.0829120 0.1057839 0.0797636 0.0889951 0.0898318 0.1014638 0.1285854 0.3073868 0.1719107 0.1075268 0.1255425 0.4597327 0.1067447 0.1363417 0.1221051 0.0997973 0.0860476 0.3921397 0.1125068 0.0909838 0.0881676 0.0910358 0.0855939 0.0942174 0.1015442 0.2296207 0.1116863 0.1116221 0.0901620 0.1468880 
Perityle_aglossa_84_dead_horse             0.0944528 0.2477032 0.0847755 0.2919784 0.0813726 0.2364145 0.2681382 0.1321055 0.3968193 0.4179259 0.1012889 0.0000000 0.0668625 0.0752120 0.0500183 0.0367209 0.0423339 0.0923536 0.0818715 0.3975336 0.0322250 0.0565090 0.1823360 0.0792726 0.4101984 0.0427772 0.0684891 0.0820385 0.3813234 0.2662407 0.2261783 0.0853644 0.0926141 0.4510070 0.0364660 0.4132220 0.0856424 0.0378255 0.1051534 0.0409465 0.0906788 0.0773684 0.0808022 0.0547958 0.3949816 0.1048139 0.0366179 0.0648162 0.0679029 0.0804541 0.0448399 0.0649755 0.0413421 0.0678598 0.0270528 0.1035273 0.0820641 0.0448730 0.0512049 0.0757748 0.1303723 0.2920205 0.1745301 0.0126071 0.1160694 0.4788702 0.0912039 0.1171221 0.1022200 0.0493684 0.0626899 0.3742881 0.0646795 0.0538681 0.0322314 0.0742148 0.1166983 0.0584322 0.0108730 0.2318648 0.0681639 0.0989410 0.0949483 0.0945679 
Perityle_ajoensis_204                      0.1002587 0.2562823 0.0894234 0.2689170 0.0890099 0.2187728 0.2590542 0.1340024 0.3804099 0.3944550 0.1035049 0.0668625 0.0000000 0.0239518 0.0624825 0.0642598 0.0688456 0.1064884 0.0760576 0.3871055 0.0663871 0.0114388 0.1889319 0.0216576 0.4031579 0.0660679 0.0879668 0.0904812 0.3390318 0.2668257 0.2307358 0.0894699 0.1025050 0.4134206 0.0675537 0.4030603 0.1014101 0.0601589 0.1053202 0.0625733 0.0241860 0.0274824 0.0990068 0.0143319 0.3922590 0.1063834 0.0669445 0.0167538 0.0175058 0.0939280 0.0608780 0.0124236 0.0684492 0.0828412 0.0552505 0.0902935 0.0855986 0.0624678 0.0138828 0.0162131 0.1176317 0.2722876 0.1696311 0.0692331 0.1088748 0.4480563 0.1091349 0.1209992 0.0880930 0.0704725 0.0224248 0.3683738 0.0167581 0.0138293 0.0655407 0.0868426 0.0934002 0.0233861 0.0684815 0.2280869 0.0174635 0.1105080 0.1071597 0.1175674 
Perityle_ambrosiifolia_67_green            0.1075883 0.2523681 0.0991039 0.2663446 0.0967890 0.2241555 0.2630730 0.1394118 0.3758731 0.3723516 0.1110375 0.0752120 0.0239518 0.0000000 0.0642225 0.0684801 0.0695184 0.1106043 0.0847128 0.3792851 0.0723944 0.0220930 0.1916634 0.0081127 0.3932325 0.0741999 0.0966115 0.0949650 0.2848424 0.2689069 0.2328456 0.1020557 0.1118613 0.3884512 0.0698192 0.3895671 0.1098044 0.0694743 0.1141110 0.0695794 0.0015720 0.0135005 0.1062226 0.0261875 0.3822490 0.1134594 0.0700046 0.0272030 0.0272396 0.0979560 0.0714541 0.0185079 0.0750885 0.0929920 0.0594921 0.0975027 0.0854569 0.0660113 0.0260279 0.0261584 0.1222589 0.2830745 0.1772268 0.0778326 0.1056399 0.4232404 0.1148994 0.1284078 0.0926863 0.0695384 0.0080809 0.3669959 0.0264147 0.0259178 0.0691969 0.0962327 0.0972704 0.0307046 0.0770069 0.2247257 0.0279901 0.1190040 0.1103339 0.1222703 
Perityle_angustifolia_13_Eagle_creek       0.0987342 0.2625902 0.0919999 0.2821742 0.0778393 0.2420608 0.2529132 0.1465206 0.3290627 0.2923947 0.0942575 0.0500183 0.0624825 0.0642225 0.0000000 0.0316094 0.0364688 0.0989955 0.0861319 0.2775819 0.0424089 0.0591202 0.1909078 0.0554179 0.2797591 0.0361225 0.0781567 0.0828968 0.1750650 0.2639614 0.2453583 0.0914769 0.0870603 0.2980261 0.0255665 0.2977656 0.0753768 0.0341051 0.1059894 0.0384534 0.0671157 0.0648228 0.0719947 0.0629212 0.3122185 0.1062233 0.0224633 0.0624724 0.0637156 0.0677120 0.0450374 0.0563340 0.0350983 0.0764895 0.0018963 0.1044677 0.0834123 0.0406168 0.0599507 0.0640771 0.1209163 0.2603960 0.1601048 0.0499910 0.1097553 0.3318742 0.0675148 0.0770661 0.1021379 0.0214377 0.0551521 0.2891311 0.0647823 0.0608020 0.0297872 0.0663599 0.0911084 0.0613331 0.0478510 0.2388524 0.0680231 0.0959585 0.0918336 0.0557126 
Perityle_batopilensis_97                   0.0892602 0.2505647 0.1077038 0.2798600 0.0707253 0.2243904 0.2598841 0.1281357 0.3830314 0.4180426 0.0953541 0.0367209 0.0642598 0.0684801 0.0316094 0.0000000 0.0313764 0.0755004 0.0704685 0.3979911 0.0328022 0.0472844 0.1797093 0.0517156 0.4108355 0.0384840 0.0624350 0.0666353 0.2853173 0.2708156 0.2322680 0.0735020 0.0794926 0.4614697 0.0305912 0.4014743 0.0766291 0.0278581 0.1040965 0.0104153 0.0699483 0.0721639 0.0791741 0.0533813 0.3989233 0.1015771 0.0298669 0.0708221 0.0800211 0.0652055 0.0366341 0.0560865 0.0329313 0.0590607 0.0134039 0.0912968 0.0708541 0.0326002 0.0520136 0.0596363 0.1186922 0.2791414 0.1639655 0.0523291 0.1050721 0.4563412 0.0773907 0.1325542 0.0875890 0.0430354 0.0515050 0.3749746 0.0775743 0.0480190 0.0228274 0.0569752 0.0860669 0.0537040 0.0390444 0.2287779 0.0690880 0.0828377 0.0791250 0.0835066 
Perityle_bisetosa_9                        0.0940717 0.2472314 0.0901185 0.2859021 0.0847161 0.2282743 0.2726336 0.1388354 0.3902187 0.4214015 0.0984295 0.0423339 0.0688456 0.0695184 0.0364688 0.0313764 0.0000000 0.0869126 0.0824594 0.4041138 0.0331273 0.0558891 0.1745134 0.0452185 0.4128827 0.0348997 0.0668563 0.0843067 0.3881455 0.2709508 0.2347016 0.0840425 0.0883523 0.4481268 0.0267975 0.4189037 0.0779521 0.0313183 0.1030452 0.0344806 0.0631053 0.0710795 0.0785970 0.0608224 0.4028236 0.1038421 0.0266799 0.0732283 0.0740469 0.0729699 0.0344398 0.0610490 0.0327185 0.0665920 0.0114830 0.1072104 0.0817326 0.0353641 0.0593401 0.0663112 0.1337494 0.2937019 0.1661131 0.0443632 0.1158161 0.4761987 0.0874499 0.1262372 0.0897887 0.0398046 0.0458642 0.3816271 0.0724696 0.0542247 0.0282837 0.0699623 0.1013275 0.0578037 0.0412719 0.2300607 0.0738531 0.0925467 0.0867757 0.0882354 
Perityle_californica_76_positas            0.1084503 0.2573450 0.0899505 0.3278822 0.0796608 0.2573245 0.2732797 0.1761552 0.3345638 0.3174188 0.0949096 0.0923536 0.1064884 0.1106043 0.0989955 0.0755004 0.0869126 0.0000000 0.0937914 0.3111420 0.0825901 0.1004349 0.2025087 0.0989843 0.3092277 0.0910913 0.0901251 0.0893110 0.1744510 0.2453082 0.2405396 0.0134518 0.0900851 0.3158066 0.0934790 0.3245064 0.1133402 0.0930199 0.1077126 0.0846530 0.1119274 0.1132157 0.1121810 0.1089447 0.3127747 0.1092319 0.0899964 0.1103236 0.1119107 0.1163823 0.0961660 0.1014416 0.0924451 0.0939284 0.0882123 0.1137632 0.0874199 0.1099943 0.1065696 0.1092333 0.1216006 0.3209235 0.1529269 0.0884504 0.1061785 0.3167621 0.1119570 0.0944087 0.1413701 0.0983856 0.0984284 0.2880866 0.1105554 0.1075835 0.0886935 0.1116369 0.1000476 0.0987441 0.0872401 0.2188658 0.1091871 0.0065285 0.0931321 0.1282450 
Perityle_canescens_77                      0.0931611 0.2645850 0.0772614 0.2587512 0.0839425 0.2274213 0.2412874 0.1463079 0.3508369 0.3452772 0.0776040 0.0818715 0.0760576 0.0847128 0.0861319 0.0704685 0.0824594 0.0937914 0.0000000 0.3570864 0.0742782 0.0780535 0.1936308 0.0808230 0.3525912 0.0730381 0.0883034 0.0832930 0.2143769 0.2628486 0.2237970 0.0896130 0.0897475 0.3455837 0.0804920 0.3683132 0.0798937 0.0800994 0.0363104 0.0762291 0.0858016 0.0836737 0.0800241 0.0788550 0.3628854 0.0363671 0.0785527 0.0779125 0.0790741 0.0799331 0.0811197 0.0739855 0.0740925 0.0883572 0.0617426 0.0954413 0.0741555 0.0762066 0.0769506 0.0799727 0.1260445 0.2289030 0.1645300 0.0850030 0.0788724 0.3787136 0.0982229 0.0700548 0.0958789 0.0772718 0.0808230 0.3571163 0.0790256 0.0783238 0.0741566 0.0954589 0.0736422 0.0793222 0.0839941 0.2270707 0.0810194 0.0985343 0.0843520 0.0819451 
Perityle_castillonii_96                    0.4011684 0.1237044 0.4027031 0.3755329 0.3979917 0.0810762 0.4947964 0.3375963 0.4287320 0.1206470 0.4171113 0.3975336 0.3871055 0.3792851 0.2775819 0.3979911 0.4041138 0.3111420 0.3570864 0.0000000 0.4038039 0.3373764 0.1351510 0.3468498 0.0695672 0.4005899 0.4320830 0.4029001 0.4744994 0.0960449 0.0935248 0.3970530 0.4173803 0.1536963 0.4128605 0.1098891 0.4265648 0.3286003 0.4085220 0.3817939 0.3858394 0.3964377 0.4123630 0.3675963 0.1183403 0.4172107 0.4036285 0.3895005 0.3946623 0.3707581 0.3879664 0.3730423 0.4040650 0.4209261 0.1605683 0.3888116 0.2581717 0.3283684 0.3526391 0.3844762 0.3711841 0.2623736 0.2288881 0.3969096 0.4499793 0.2210174 0.4092417 0.4339818 0.2281828 0.3809426 0.3523190 0.1036872 0.3949865 0.3550851 0.4026262 0.3618789 0.4086287 0.3489027 0.3956013 0.2237877 0.3962805 0.4239447 0.2468559 0.3859049 
Perityle_cernua_84                         0.0916750 0.2479075 0.0871527 0.2861333 0.0778268 0.2325794 0.2584347 0.1325076 0.3917304 0.4046728 0.0920119 0.0322250 0.0663871 0.0723944 0.0424089 0.0328022 0.0331273 0.0825901 0.0742782 0.4038039 0.0000000 0.0502249 0.1769976 0.0505183 0.4143703 0.0328640 0.0679804 0.0774190 0.3237983 0.2665099 0.2306815 0.0819766 0.0842485 0.4206293 0.0314106 0.4124692 0.0781482 0.0347470 0.0977777 0.0373253 0.0700395 0.0737714 0.0757876 0.0581438 0.4004522 0.0987799 0.0301722 0.0686357 0.0711108 0.0715571 0.0331338 0.0623171 0.0307837 0.0658835 0.0192366 0.1016377 0.0727570 0.0382920 0.0560843 0.0637569 0.1284974 0.2881516 0.1621395 0.0344368 0.1083838 0.4607480 0.0851481 0.1192145 0.0992196 0.0459896 0.0520640 0.3824714 0.0686320 0.0541463 0.0280988 0.0684725 0.0833699 0.0564507 0.0337083 0.2304680 0.0692079 0.0892732 0.0856457 0.0903901 
Perityle_cfvillosa_25_tin                  0.0930431 0.2606940 0.0807031 0.2411930 0.0807807 0.2303964 0.2390301 0.1387580 0.3483357 0.3189825 0.0882030 0.0565090 0.0114388 0.0220930 0.0591202 0.0472844 0.0558891 0.1004349 0.0780535 0.3373764 0.0502249 0.0000000 0.1943155 0.0262702 0.3392520 0.0501722 0.0794452 0.0834491 0.2490502 0.2730048 0.2370125 0.0873146 0.0907418 0.3192541 0.0573036 0.3484127 0.0868584 0.0590496 0.0868335 0.0527019 0.0230704 0.0240653 0.0848412 0.0046184 0.3477404 0.0913619 0.0543456 0.0036969 0.0046299 0.0858388 0.0537424 0.0104876 0.0511824 0.0774773 0.0532460 0.0906805 0.0911543 0.0636394 0.0037004 0.0055397 0.1148159 0.2223252 0.1732086 0.0605957 0.0983272 0.3631753 0.0894776 0.0765393 0.0895694 0.0562143 0.0262277 0.3385977 0.0046273 0.0028193 0.0512063 0.0875606 0.0819202 0.0221373 0.0596128 0.2282046 0.0064654 0.0961606 0.1104966 0.0664040 
Perityle_cinerea_113_Powell1310            0.2127781 0.1792278 0.1942555 0.2284233 0.2155875 0.1519475 0.2142243 0.2239906 0.2283156 0.1524123 0.2028595 0.1823360 0.1889319 0.1916634 0.1909078 0.1797093 0.1745134 0.2025087 0.1936308 0.1351510 0.1769976 0.1943155 0.0000000 0.1887485 0.1380110 0.1827628 0.2219945 0.1947517 0.2253728 0.1512496 0.1541288 0.2028015 0.2169640 0.1498869 0.1884527 0.1527284 0.1849475 0.1881901 0.2078439 0.1856528 0.1890365 0.1979423 0.1882925 0.1916208 0.1492674 0.2025609 0.1858122 0.1916208 0.1978565 0.1910611 0.1684258 0.1979028 0.1881614 0.2192795 0.1511139 0.2043433 0.1890813 0.1898185 0.1916208 0.1946837 0.2152747 0.1623848 0.1534737 0.1767091 0.2098212 0.1787586 0.2084050 0.1952883 0.2173503 0.1882308 0.1887485 0.1528574 0.1916208 0.1947711 0.1778324 0.1995197 0.1822117 0.1860685 0.1767091 0.1329316 0.1946837 0.2000833 0.1903949 0.1819834 
Perityle_coahuilensis_24                   0.0975209 0.2523168 0.0831146 0.2505982 0.0846781 0.2223428 0.2451395 0.1320832 0.3555687 0.3579775 0.0861870 0.0792726 0.0216576 0.0081127 0.0554179 0.0517156 0.0452185 0.0989843 0.0808230 0.3468498 0.0505183 0.0262702 0.1887485 0.0000000 0.3330884 0.0492771 0.0948673 0.0904396 0.3850912 0.2647904 0.2286647 0.0856913 0.0883663 0.3630770 0.0484703 0.3826768 0.0865448 0.0609529 0.0864070 0.0572620 0.0097791 0.0068858 0.0838930 0.0294824 0.3671815 0.1062810 0.0485026 0.0336775 0.0342091 0.0903360 0.0527502 0.0166277 0.0508520 0.0737867 0.0511492 0.0923918 0.0868423 0.0613377 0.0324884 0.0504638 0.1203149 0.2297718 0.1694243 0.0780960 0.0909657 0.4113065 0.0903143 0.0795494 0.0865733 0.0543833 0.0017746 0.3707941 0.0316582 0.0273258 0.0539715 0.0878158 0.1219737 0.0297316 0.0560322 0.2207678 0.0443836 0.0991221 0.1053960 0.0682237 
Perityle_cochisensis_44_cave_creek         0.3828033 0.1261461 0.4199207 0.3774571 0.3993775 0.0749033 0.4771618 0.3531008 0.4196358 0.1631390 0.4248404 0.4101984 0.4031579 0.3932325 0.2797591 0.4108355 0.4128827 0.3092277 0.3525912 0.0695672 0.4143703 0.3392520 0.1380110 0.3330884 0.0000000 0.3983867 0.4446296 0.3993318 0.4427979 0.0947900 0.0918304 0.3816288 0.4245187 0.1879316 0.4250771 0.1134673 0.4368554 0.3279888 0.4349264 0.3801786 0.4042633 0.4148754 0.4211625 0.3547403 0.1092732 0.4405530 0.4190175 0.4091799 0.4152058 0.3477846 0.3820228 0.3935088 0.4083816 0.4250485 0.1572879 0.3840090 0.2538172 0.3271991 0.3413890 0.3893818 0.3751396 0.2663962 0.2267110 0.4063288 0.4512929 0.1697193 0.4085054 0.4553916 0.2332114 0.3822975 0.3388746 0.0980044 0.4076904 0.3458286 0.4201221 0.3642548 0.4265603 0.3341348 0.4049834 0.2238879 0.4190352 0.4448485 0.2420423 0.4056993 
Perityle_congesta_202                      0.0914974 0.2497826 0.1092488 0.2759892 0.0767801 0.2244990 0.2694356 0.1346910 0.3903706 0.4265104 0.0965188 0.0427772 0.0660679 0.0741999 0.0361225 0.0384840 0.0348997 0.0910913 0.0730381 0.4005899 0.0328640 0.0501722 0.1827628 0.0492771 0.3983867 0.0000000 0.0654847 0.0834114 0.3841449 0.2649420 0.2290356 0.0804425 0.0904409 0.4713108 0.0321517 0.4121728 0.0799104 0.0272180 0.1067466 0.0345686 0.0674865 0.0746512 0.0799768 0.0571849 0.4029900 0.1055368 0.0293129 0.0719483 0.0806614 0.0695303 0.0320825 0.0623485 0.0104155 0.0646124 0.0173182 0.1003812 0.0766308 0.0349850 0.0560806 0.0638989 0.1247771 0.2807693 0.1582407 0.0567634 0.1158720 0.4676133 0.0851427 0.1341449 0.0962138 0.0420783 0.0490404 0.3740109 0.0795482 0.0503549 0.0263983 0.0644888 0.0936945 0.0516281 0.0417457 0.2297796 0.0725280 0.0963177 0.0855430 0.0844953 
Perityle_cordifolia_27                     0.1008709 0.2931736 0.1149078 0.3134948 0.0833652 0.2551487 0.2863020 0.1563487 0.3963444 0.4556789 0.1015353 0.0684891 0.0879668 0.0966115 0.0781567 0.0624350 0.0668563 0.0901251 0.0883034 0.4320830 0.0679804 0.0794452 0.2219945 0.0948673 0.4446296 0.0654847 0.0000000 0.0734354 0.3975844 0.2831159 0.2449427 0.0848459 0.0913842 0.5054685 0.0648942 0.4489404 0.1018360 0.0742979 0.1142667 0.0675980 0.1057821 0.0983936 0.1013143 0.0756015 0.4324269 0.1122275 0.0619073 0.0898512 0.0950765 0.1015891 0.0770539 0.0812713 0.0662797 0.0035946 0.0830285 0.1025512 0.0692618 0.0795844 0.0753397 0.0979408 0.1315239 0.3094947 0.1322567 0.0810923 0.1174409 0.4958464 0.1090159 0.1384564 0.1261060 0.0855729 0.0764350 0.3984078 0.0932448 0.0752696 0.0689505 0.0947680 0.1295159 0.0849891 0.0648109 0.2319643 0.0934201 0.0906094 0.0875868 0.1329417 
Perityle_cordifolia_68_tecolote            0.0986439 0.2673938 0.0853822 0.2899758 0.0783899 0.2403685 0.2537301 0.1471930 0.3986719 0.4092135 0.0862865 0.0820385 0.0904812 0.0949650 0.0828968 0.0666353 0.0843067 0.0893110 0.0832930 0.4029001 0.0774190 0.0834491 0.1947517 0.0904396 0.3993318 0.0834114 0.0734354 0.0000000 0.4068936 0.2868481 0.2511573 0.0899821 0.0879917 0.4239607 0.0763451 0.4390261 0.0967911 0.0790574 0.0983672 0.0739802 0.0985812 0.0983784 0.0990328 0.0843404 0.4320018 0.1075973 0.0755367 0.0937446 0.0966689 0.1001034 0.0877901 0.0889554 0.0765436 0.0671434 0.0817814 0.0991439 0.0120590 0.0873308 0.0858307 0.0985321 0.1228906 0.2830072 0.1647509 0.0858522 0.1032668 0.4681334 0.1115350 0.0954405 0.1114685 0.0901898 0.0873654 0.4047082 0.0953050 0.0811383 0.0764919 0.0946744 0.1204569 0.0875943 0.0802609 0.2262114 0.0958322 0.0938891 0.0905779 0.1163236 
Perityle_coronopifolia_28_patagonia        0.3082567 0.2960619 0.3723648 0.3671853 0.2669710 0.2722993 0.3310557 0.2252009 0.4413338 0.5053760 0.3507854 0.3813234 0.3390318 0.2848424 0.1750650 0.2853173 0.3881455 0.1744510 0.2143769 0.4744994 0.3237983 0.2490502 0.2253728 0.3850912 0.4427979 0.3841449 0.3975844 0.4068936 0.0000000 0.3263762 0.2836972 0.3787082 0.3900515 0.5176312 0.3820489 0.5539737 0.3603275 0.2349213 0.3015823 0.2612335 0.3949824 0.3132756 0.3885683 0.3722509 0.5215763 0.3596685 0.3727320 0.3738414 0.3749987 0.3134786 0.3994766 0.2993372 0.3531089 0.3669145 0.1023588 0.2745732 0.1683173 0.2455627 0.3741904 0.3867590 0.2851673 0.3644635 0.1743214 0.3952713 0.2871282 0.5546857 0.3174062 0.3529857 0.1329254 0.2828018 0.3896474 0.5141385 0.3739183 0.3488441 0.2634819 0.2617536 0.3767104 0.3078921 0.3826624 0.2087595 0.3899601 0.3537556 0.1801968 0.2471687 
Perityle_crassifolia_70_ventanas           0.2949687 0.1129899 0.2870451 0.2820890 0.2932421 0.0833308 0.3651138 0.2973665 0.3341470 0.0809560 0.2824204 0.2662407 0.2668257 0.2689069 0.2639614 0.2708156 0.2709508 0.2453082 0.2628486 0.0960449 0.2665099 0.2730048 0.1512496 0.2647904 0.0947900 0.2649420 0.2831159 0.2868481 0.3263762 0.0000000 0.0042324 0.2877574 0.2849990 0.0810171 0.2828473 0.0634326 0.2857325 0.2784311 0.2672323 0.2786466 0.2671234 0.2690678 0.2768878 0.2727190 0.0899078 0.2797949 0.2773603 0.2729403 0.2756623 0.2808377 0.2701578 0.2711540 0.2689674 0.2876022 0.1597813 0.2710425 0.2544715 0.2836413 0.2711500 0.2768879 0.2876091 0.1842482 0.2113012 0.2648492 0.2699028 0.1365569 0.2925108 0.2807975 0.2323469 0.2789257 0.2647904 0.0221101 0.2755808 0.2591953 0.2715864 0.2885209 0.2705456 0.2679452 0.2631265 0.2307536 0.2752133 0.2924198 0.2324313 0.2806641 
Perityle_crassifolia_74_playa_balandra     0.2596822 0.1023203 0.2478420 0.2428042 0.2540795 0.0776534 0.3222549 0.2588157 0.2809333 0.0782761 0.2485730 0.2261783 0.2307358 0.2328456 0.2453583 0.2322680 0.2347016 0.2405396 0.2237970 0.0935248 0.2306815 0.2370125 0.1541288 0.2286647 0.0918304 0.2290356 0.2449427 0.2511573 0.2836972 0.0042324 0.0000000 0.2513325 0.2459284 0.0783409 0.2453842 0.0657319 0.2460592 0.2409333 0.2284168 0.2400299 0.2309998 0.2329942 0.2388309 0.2367565 0.0829157 0.2409621 0.2416429 0.2369557 0.2396438 0.2428589 0.2360493 0.2351134 0.2331318 0.2494444 0.1599556 0.2292465 0.2499528 0.2480380 0.2351025 0.2409857 0.2478012 0.1470999 0.2099226 0.2285145 0.2336686 0.1386506 0.2546017 0.2428643 0.1927017 0.2413762 0.2286647 0.0258844 0.2395696 0.2221773 0.2338328 0.2505410 0.2314379 0.2317453 0.2244560 0.2213020 0.2392399 0.2530575 0.2232245 0.2431946 
Perityle_cuneata_34_cuneata_San_antonio    0.0977247 0.2741710 0.0796102 0.2847937 0.0747943 0.2576135 0.2498271 0.1586990 0.3991892 0.3995239 0.0870120 0.0853644 0.0894699 0.1020557 0.0914769 0.0735020 0.0840425 0.0134518 0.0896130 0.3970530 0.0819766 0.0873146 0.2028015 0.0856913 0.3816288 0.0804425 0.0848459 0.0899821 0.3787082 0.2877574 0.2513325 0.0000000 0.0829236 0.4042975 0.0831836 0.4225039 0.1010549 0.0804911 0.1003509 0.0809983 0.0949538 0.1024864 0.1004209 0.0875160 0.4071784 0.1009189 0.0815292 0.0880322 0.0899360 0.1116527 0.0878657 0.0897859 0.0800285 0.0881005 0.0859535 0.1008117 0.0840435 0.0929110 0.0855151 0.0889575 0.1211080 0.2578624 0.1835059 0.0869799 0.0976041 0.4487885 0.1055477 0.0876874 0.1236651 0.0930206 0.0853831 0.3975194 0.0881530 0.0890949 0.0814590 0.0994726 0.1016811 0.0935168 0.0864392 0.2415631 0.0897902 0.0228450 0.0931533 0.1001618 
Perityle_cuneata_4                         0.1070025 0.2523796 0.0966819 0.3063666 0.0932170 0.2516149 0.2581478 0.1574339 0.3913463 0.4235700 0.0986914 0.0926141 0.1025050 0.1118613 0.0870603 0.0794926 0.0883523 0.0900851 0.0897475 0.4173803 0.0842485 0.0907418 0.2169640 0.0883663 0.4245187 0.0904409 0.0913842 0.0879917 0.3900515 0.2849990 0.2459284 0.0829236 0.0000000 0.4387698 0.0860064 0.4405292 0.1091757 0.0836449 0.1115074 0.0874471 0.1044216 0.1128030 0.1122112 0.0901951 0.4203146 0.1129694 0.0787747 0.1033808 0.1076368 0.1109403 0.0876644 0.0998001 0.0864856 0.0895949 0.0730792 0.1068869 0.0817157 0.0892411 0.0932730 0.1007060 0.1325737 0.3075207 0.1740314 0.0940960 0.1166338 0.4689262 0.1245842 0.1177249 0.1265043 0.0929184 0.0889445 0.4009113 0.1041314 0.0879625 0.0848356 0.1045458 0.1133908 0.0936229 0.0923386 0.2273943 0.1049977 0.0928292 0.0926524 0.1366544 
Perityle_discoidea_81                      0.4030370 0.1206110 0.5093630 0.3566804 0.3877036 0.0903789 0.4722959 0.3368303 0.4307632 0.0667737 0.4783987 0.4510070 0.4134206 0.3884512 0.2980261 0.4614697 0.4481268 0.3158066 0.3455837 0.1536963 0.4206293 0.3192541 0.1498869 0.3630770 0.1879316 0.4713108 0.5054685 0.4239607 0.5176312 0.0810171 0.0783409 0.4042975 0.4387698 0.0000000 0.4492602 0.0360238 0.4696156 0.3349439 0.4875878 0.3722155 0.4222348 0.4186937 0.4961271 0.3778270 0.1236214 0.5001219 0.4332947 0.4606098 0.4808836 0.3720480 0.4828237 0.3915677 0.4322388 0.4346907 0.1762193 0.3709529 0.2787732 0.3225555 0.3713138 0.3954108 0.3595113 0.2989697 0.2275190 0.4844458 0.4577305 0.2763300 0.4253871 0.5075528 0.2546721 0.3657508 0.3659734 0.0792512 0.4835291 0.3534967 0.3944044 0.3520360 0.4582391 0.3508674 0.4366423 0.2374268 0.4520499 0.4391533 0.2564963 0.4104958 
Perityle_dissecta_201                      0.0971027 0.2600073 0.0850972 0.2929580 0.0804412 0.2437670 0.2789735 0.1398977 0.3859500 0.4262065 0.0911704 0.0364660 0.0675537 0.0698192 0.0255665 0.0305912 0.0267975 0.0934790 0.0804920 0.4128605 0.0314106 0.0573036 0.1884527 0.0484703 0.4250771 0.0321517 0.0648942 0.0763451 0.3820489 0.2828473 0.2453842 0.0831836 0.0860064 0.4492602 0.0000000 0.4229814 0.0743299 0.0300903 0.0980089 0.0372644 0.0627113 0.0705358 0.0697910 0.0590494 0.4085809 0.0957764 0.0187426 0.0685188 0.0700851 0.0714238 0.0337946 0.0614398 0.0310801 0.0645830 0.0037980 0.1062971 0.0833402 0.0360478 0.0571307 0.0643903 0.1282000 0.2972984 0.1692064 0.0378460 0.1139350 0.4743783 0.0850616 0.1133239 0.1022861 0.0219912 0.0482637 0.3896040 0.0685154 0.0563954 0.0166726 0.0683335 0.0793385 0.0611098 0.0376355 0.2391063 0.0683700 0.0971316 0.0901080 0.0845367 
Perityle_emoryi_47_punta_san_jose          0.4286802 0.1217002 0.4402096 0.3823091 0.4150329 0.0888092 0.5031596 0.3446795 0.4457707 0.0304871 0.4344051 0.4132220 0.4030603 0.3895671 0.2977656 0.4014743 0.4189037 0.3245064 0.3683132 0.1098891 0.4124692 0.3484127 0.1527284 0.3826768 0.1134673 0.4121728 0.4489404 0.4390261 0.5539737 0.0634326 0.0657319 0.4225039 0.4405292 0.0360238 0.4229814 0.0000000 0.4442770 0.3506748 0.4306661 0.4008109 0.4092049 0.4041429 0.4303254 0.3969938 0.1265540 0.4430420 0.4235467 0.4060820 0.4060100 0.3952634 0.4086570 0.3901035 0.4202517 0.4506308 0.1761822 0.3934766 0.2821155 0.3472102 0.3852468 0.4128520 0.3833957 0.2875589 0.2308292 0.4151565 0.4300510 0.2034421 0.4413068 0.4236578 0.2605882 0.3831453 0.3878732 0.0486305 0.4118987 0.3793688 0.3959089 0.3828579 0.4290643 0.3737622 0.4138237 0.2385592 0.4118355 0.4393994 0.2587799 0.3837577 
Perityle_feddemae_99                       0.1160853 0.2734933 0.1039805 0.2900289 0.0974389 0.2354787 0.2926850 0.1589078 0.3936316 0.4447141 0.1118967 0.0856424 0.1014101 0.1098044 0.0753768 0.0766291 0.0779521 0.1133402 0.0798937 0.4265648 0.0781482 0.0868584 0.1849475 0.0865448 0.4368554 0.0799104 0.1018360 0.0967911 0.3603275 0.2857325 0.2460592 0.1010549 0.1091757 0.4696156 0.0743299 0.4442770 0.0000000 0.0612946 0.1013375 0.0686931 0.1037531 0.1135451 0.0207397 0.0930979 0.4184173 0.0961691 0.0735137 0.1028555 0.1070364 0.0223852 0.0742723 0.0982112 0.0779628 0.0935823 0.0413475 0.1085887 0.0905273 0.0657160 0.0927699 0.1012788 0.1448164 0.2900183 0.1700638 0.0871246 0.1219654 0.4889062 0.1080392 0.1310286 0.1132467 0.0822679 0.0862178 0.4074679 0.1052700 0.0906859 0.0669099 0.0861555 0.1034493 0.0950649 0.0863849 0.2382780 0.1050988 0.1179402 0.0985404 0.1223981 
Perityle_fosteri_93                        0.0849839 0.2600291 0.0796762 0.2777294 0.0735435 0.2420269 0.2440651 0.1364409 0.3601195 0.3346666 0.0846056 0.0378255 0.0601589 0.0694743 0.0341051 0.0278581 0.0313183 0.0930199 0.0800994 0.3286003 0.0347470 0.0590496 0.1881901 0.0609529 0.3279888 0.0272180 0.0742979 0.0790574 0.2349213 0.2784311 0.2409333 0.0804911 0.0836449 0.3349439 0.0300903 0.3506748 0.0612946 0.0000000 0.0897111 0.0348245 0.0705061 0.0683904 0.0603210 0.0641869 0.3616911 0.0909709 0.0291724 0.0641602 0.0653047 0.0626090 0.0293351 0.0581818 0.0243832 0.0743409 0.0192190 0.0998594 0.0803920 0.0388416 0.0639515 0.0652423 0.1233648 0.2503285 0.1671174 0.0397554 0.1024523 0.3797679 0.0620179 0.0692841 0.1051797 0.0331338 0.0606849 0.3322916 0.0642660 0.0596890 0.0205702 0.0590028 0.0763644 0.0621261 0.0388153 0.2428483 0.0672363 0.0880331 0.0884588 0.0515191 
Perityle_gamon_221                         0.1175101 0.2713787 0.1121148 0.3052496 0.1016126 0.2397011 0.2798032 0.1594361 0.4021639 0.4487653 0.0959889 0.1051534 0.1053202 0.1141110 0.1059894 0.1040965 0.1030452 0.1077126 0.0363104 0.4085220 0.0977777 0.0868335 0.2078439 0.0864070 0.4349264 0.1067466 0.1142667 0.0983672 0.3015823 0.2672323 0.2284168 0.1003509 0.1115074 0.4875878 0.0980089 0.4306661 0.1013375 0.0897111 0.0000000 0.0940730 0.1099042 0.1192953 0.1010885 0.0933591 0.4052559 0.0151858 0.0983603 0.1100790 0.1166804 0.0884056 0.1024235 0.1004736 0.1012724 0.1009014 0.0830192 0.1137601 0.0784661 0.0872459 0.0900119 0.1044052 0.1391220 0.2977356 0.1853720 0.1117407 0.1224551 0.4700813 0.1297432 0.1551611 0.1050959 0.1067084 0.0870272 0.3905377 0.1163360 0.0938007 0.0944095 0.1089941 0.0838380 0.0934590 0.1062871 0.2447361 0.1129240 0.1188476 0.0957081 0.1499176 
Perityle_gentryi_8_san_francisco           0.0944045 0.2603251 0.0855834 0.2847379 0.0778160 0.2318609 0.2545873 0.1325734 0.3900320 0.3739974 0.0864029 0.0409465 0.0625733 0.0695794 0.0384534 0.0104153 0.0344806 0.0846530 0.0762291 0.3817939 0.0373253 0.0527019 0.1856528 0.0572620 0.3801786 0.0345686 0.0675980 0.0739802 0.2612335 0.2786466 0.2400299 0.0809983 0.0874471 0.3722155 0.0372644 0.4008109 0.0686931 0.0348245 0.0940730 0.0000000 0.0705578 0.0705174 0.0668210 0.0605871 0.3976952 0.0922374 0.0355156 0.0636933 0.0656237 0.0639303 0.0389975 0.0597605 0.0327931 0.0676344 0.0212696 0.1017509 0.0753287 0.0371876 0.0584811 0.0655123 0.1281127 0.2606143 0.1722737 0.0446351 0.1062950 0.4054628 0.0784257 0.0761826 0.0941599 0.0450965 0.0570172 0.3701120 0.0646216 0.0552656 0.0291871 0.0680666 0.0790760 0.0562733 0.0437493 0.2377434 0.0654909 0.0866344 0.0827330 0.0649865 
Perityle_gilensis_22_Superstition          0.1071322 0.2544203 0.0919333 0.2671828 0.0986518 0.2241555 0.2655972 0.1407365 0.3789910 0.4023004 0.1047430 0.0906788 0.0241860 0.0015720 0.0671157 0.0699483 0.0631053 0.1119274 0.0858016 0.3858394 0.0700395 0.0230704 0.1890365 0.0097791 0.4042633 0.0674865 0.1057821 0.0985812 0.3949824 0.2671234 0.2309998 0.0949538 0.1044216 0.4222348 0.0627113 0.4092049 0.1037531 0.0705061 0.1099042 0.0705578 0.0000000 0.0135030 0.1006195 0.0282171 0.3938917 0.1244270 0.0635258 0.0309542 0.0306923 0.1000384 0.0647435 0.0179482 0.0696960 0.0859410 0.0594921 0.0985224 0.0868395 0.0671684 0.0304159 0.0468179 0.1233771 0.2849854 0.1791228 0.0896067 0.1081018 0.4696180 0.1157628 0.1303656 0.0926856 0.0734550 0.0108590 0.3805042 0.0291308 0.0262180 0.0700495 0.0972683 0.1304237 0.0343701 0.0717998 0.2230243 0.0399960 0.1158967 0.1103339 0.1241136 
Perityle_gilensis_salensis_225             0.1089744 0.2566730 0.1006254 0.2674044 0.0996010 0.2264968 0.2725020 0.1407128 0.3748831 0.3998732 0.1182392 0.0773684 0.0274824 0.0135005 0.0648228 0.0721639 0.0710795 0.1132157 0.0836737 0.3964377 0.0737714 0.0240653 0.1979423 0.0068858 0.4148754 0.0746512 0.0983936 0.0983784 0.3132756 0.2690678 0.2329942 0.1024864 0.1128030 0.4186937 0.0705358 0.4041429 0.1135451 0.0683904 0.1192953 0.0705174 0.0135030 0.0000000 0.1091805 0.0276946 0.4000450 0.1196029 0.0701925 0.0294780 0.0303024 0.0979103 0.0753855 0.0203124 0.0754890 0.0927666 0.0554180 0.0973923 0.0939302 0.0671768 0.0275821 0.0292839 0.1210734 0.2845004 0.1734209 0.0797910 0.1102351 0.4532315 0.1148508 0.1414412 0.0880602 0.0715691 0.0068600 0.3880345 0.0287343 0.0274700 0.0717881 0.0951436 0.1068079 0.0334570 0.0790118 0.2247352 0.0302206 0.1220340 0.1137183 0.1231250 
Perityle_glaucescens_94                    0.1142594 0.2659740 0.1063058 0.2900269 0.1014872 0.2345506 0.2974932 0.1652061 0.3911924 0.4488164 0.1099880 0.0808022 0.0990068 0.1062226 0.0719947 0.0791741 0.0785970 0.1121810 0.0800241 0.4123630 0.0757876 0.0848412 0.1882925 0.0838930 0.4211625 0.0799768 0.1013143 0.0990328 0.3885683 0.2768878 0.2388309 0.1004209 0.1122112 0.4961271 0.0697910 0.4303254 0.0207397 0.0603210 0.1010885 0.0668210 0.1006195 0.1091805 0.0000000 0.0882298 0.4093590 0.0971543 0.0692958 0.0987055 0.1060069 0.0052876 0.0749042 0.0947426 0.0747270 0.0941418 0.0495964 0.1098197 0.0880586 0.0658761 0.0890259 0.0964425 0.1428882 0.2864301 0.1815005 0.0888868 0.1251983 0.4972965 0.1073514 0.1439410 0.1105999 0.0799619 0.0835916 0.3948779 0.1043837 0.0880204 0.0625320 0.0852678 0.1108617 0.0942926 0.0821568 0.2447528 0.1026595 0.1190453 0.1004169 0.1204531 
Perityle_gracilis_11                       0.1002458 0.2604141 0.0840459 0.2649441 0.0869192 0.2303433 0.2496236 0.1387467 0.3668761 0.3745303 0.0912480 0.0547958 0.0143319 0.0261875 0.0629212 0.0533813 0.0608224 0.1089447 0.0788550 0.3675963 0.0581438 0.0046184 0.1916208 0.0294824 0.3547403 0.0571849 0.0756015 0.0843404 0.3722509 0.2727190 0.2367565 0.0875160 0.0901951 0.3778270 0.0590494 0.3969938 0.0930979 0.0641869 0.0933591 0.0605871 0.0282171 0.0276946 0.0882298 0.0000000 0.3943554 0.0953338 0.0557837 0.0014657 0.0081093 0.0929759 0.0600225 0.0134025 0.0573930 0.0744796 0.0573192 0.0910381 0.0911478 0.0659099 0.0045127 0.0051378 0.1196691 0.2437014 0.1750682 0.0580184 0.0963602 0.4128916 0.0905181 0.0809416 0.0895626 0.0647523 0.0301763 0.3729925 0.0044065 0.0039403 0.0582870 0.0909430 0.0859681 0.0252329 0.0572608 0.2300683 0.0073476 0.1036567 0.1121340 0.0847701 
Perityle_harkerae_31                       0.4177026 0.1239977 0.4169722 0.3781705 0.4049673 0.0923531 0.4649158 0.3333040 0.4293355 0.1235516 0.4096504 0.3949816 0.3922590 0.3822490 0.3122185 0.3989233 0.4028236 0.3127747 0.3628854 0.1183403 0.4004522 0.3477404 0.1492674 0.3671815 0.1092732 0.4029900 0.4324269 0.4320018 0.5215763 0.0899078 0.0829157 0.4071784 0.4203146 0.1236214 0.4085809 0.1265540 0.4184173 0.3616911 0.4052559 0.3976952 0.3938917 0.4000450 0.4093590 0.3943554 0.0000000 0.4188347 0.4075956 0.3929031 0.4008247 0.3905664 0.4049790 0.3886586 0.4035048 0.4341235 0.1807358 0.3962964 0.2872412 0.3422907 0.3753098 0.3994865 0.3879207 0.2487113 0.2398433 0.3923334 0.4048066 0.1941392 0.4318312 0.4158282 0.2449850 0.3941825 0.3724700 0.1134349 0.3952355 0.3811739 0.4013254 0.3967673 0.3965725 0.3766976 0.3923871 0.2457855 0.3981660 0.4049730 0.2624596 0.3716596 
