83
Amauria_brandeegeana_62                    0.0000000 0.0000010 0.0391885 0.3675421 0.1291150 0.1589179 0.2148612 0.2465837 0.0554391 0.8435055 0.1190281 0.1317439 0.1259913 0.1520605 0.0619533 0.0877639 1.4736507 0.1765911 0.1165776 0.1227341 0.1253340 0.1533222 0.1178340 0.1314891 0.1409415 0.1294220 0.0839121 0.0976745 0.1587788 0.1190351 0.2942525 0.0527012 0.1121101 0.1565385 0.1616689 0.1376822 0.1854789 0.0725796 0.9287723 0.1156103 0.1660788 0.1251685 0.1714847 0.1856188 0.1570662 0.1251685 0.1251685 0.1649675 0.1245615 0.1097686 0.1130727 1.0322473 0.1316302 0.1452536 0.1544846 0.1595533 0.1251685 0.1251685 0.1579440 0.4305010 0.1595779 0.1601151 0.9287723 0.1690029 1.0322473 0.1593473 0.1554689 0.2657740 0.1349855 0.1602063 0.1524290 0.1281552 0.1251685 0.1408053 0.1265583 0.1633151 0.1888365 0.1263525 0.3005534 0.3325901 0.1222183 0.1358059 0.2004894 
Amauria_carterae_99_mesa                   0.0000010 0.0000000 1.5457049 0.9531485 1.5471964 1.2431708 0.2666885 1.4448441 1.7494676 0.1487676 1.2363604 1.2804110 1.0938658 0.0000010 1.0495833 0.0000010 0.1089805 1.0470306 1.0686024 1.0756797 1.2857501 1.2189130 1.0372807 1.2469759 1.3381342 1.3953364 0.2326754 0.0000010 0.0000010 1.2834371 1.3132625 1.6573748 1.1361630 1.0436890 1.0314551 1.4515174 1.1573680 0.9790130 0.1401161 1.1367265 1.1998327 0.0000010 1.1669883 1.2317346 1.0372311 1.2469759 1.2829479 1.1080311 1.1076218 0.9571389 1.0209894 0.2079678 1.3245380 1.0930480 1.3659351 0.0000010 1.2502636 1.2469759 1.4350024 0.0000010 1.0682998 0.0000010 0.1352741 1.1992766 0.2300811 1.3191448 1.0145048 0.0000010 1.2228748 1.2091171 0.0000010 1.2278919 1.2187288 1.2297851 0.0000010 1.2815865 1.2186895 1.0265747 1.6661304 2.0088107 1.2904521 1.0800312 1.2468095 
Amauria_rotundifolia_SRR9119150            0.0391885 1.5457049 0.0000000 0.6811635 0.4402374 0.3183051 0.3770072 0.4994482 0.3106132 1.2970451 0.3276410 0.4074539 0.3929595 0.1638822 0.3011741 0.2259963 1.6686473 0.4070840 0.2986225 0.3109631 0.3912260 0.3882279 0.2823128 0.3769081 0.3170943 0.4457231 0.4654275 0.1398806 0.2141600 0.3575414 0.5742153 0.1299017 0.3202446 0.3022820 0.3826209 0.3745400 0.4101830 0.2937573 1.5820033 0.3190783 0.4428715 0.2209314 0.3620450 0.4866607 0.4250322 0.3680393 0.3640069 0.3947825 0.3004047 0.3178048 0.3200972 1.7984271 0.2737083 0.3588609 0.2598192 0.1805264 0.3062449 0.3762867 0.4669574 0.4889102 0.2864878 0.1754752 1.3836293 0.3601000 1.6279812 0.3966209 0.4474648 0.3308520 0.3251765 0.3903098 0.2194446 0.3618756 0.3125083 0.3889016 0.1339480 0.3987445 0.4494086 0.3744812 0.5926604 0.3559390 0.3572345 0.3672168 0.3781033 
Conoclinium_coelestinum_SRR9119114         0.3675421 0.9531485 0.6811635 0.0000000 0.7507583 0.5459690 0.6149173 0.6714397 0.7049993 0.9868922 0.5657611 0.7030228 0.5536835 0.3258565 0.5887458 0.4360616 0.9079575 0.6259326 0.6071945 0.5778688 0.6435157 0.6314325 0.5103917 0.6980194 0.5538483 0.6757127 0.6539272 0.3635674 0.5236613 0.6196649 0.6711463 0.6677305 0.6065437 0.5498591 0.6390379 0.6664657 0.6598064 0.5503596 1.0260170 0.5791518 0.6978064 0.5358607 0.6410283 0.7251550 0.6282617 0.7236505 0.7106734 0.6870584 0.6041807 0.5838225 0.6249583 1.0700431 0.5527093 0.6491256 0.4540507 0.4298133 0.6330452 0.7192257 0.6952480 0.5645159 0.5234208 0.3997217 1.0745712 0.5730265 1.0632292 0.7142192 0.6576965 0.3333090 0.6333913 0.6237585 0.5454029 0.6555695 0.6517785 0.6707326 0.3237265 0.7072443 0.6982936 0.6464260 0.6569833 0.3301060 0.6883326 0.6150838 0.5865137 
Eutetras_palmeri_63                        0.1291150 1.5471964 0.4402374 0.7507583 0.0000000 0.0614467 0.3889625 0.5116521 0.5500890 1.4384780 0.3153724 0.3704216 0.3421555 0.1068366 0.3647794 0.2504749 1.6333545 0.3762478 0.3147978 0.3059039 0.3241886 0.3839360 0.2575414 0.3561312 0.3027491 0.4909149 0.4797827 0.1365164 0.2346770 0.3769118 0.5700369 0.3877090 0.3157812 0.2957663 0.3681288 0.3588154 0.3726344 0.3248208 1.3958851 0.3299333 0.4196844 0.1862974 0.3467530 0.4999074 0.4250445 0.3646770 0.3592273 0.3834857 0.3068751 0.3166976 0.3319621 1.5450961 0.2638807 0.3325490 0.2400480 0.1213067 0.2596536 0.3670385 0.3644874 0.4770232 0.2037447 0.1048344 1.5093516 0.2772840 1.6278658 0.3844349 0.4001953 0.3413288 0.3252173 0.3834895 0.1984896 0.3368181 0.2842861 0.3661514 0.0899292 0.3725941 0.4162660 0.3997521 0.6140769 0.3446248 0.3514646 0.3660539 0.3385178 
Eutetras_pringlei_149_quer                 0.1589179 1.2431708 0.3183051 0.5459690 0.0614467 0.0000000 0.3541226 0.4735549 0.2900796 1.1241062 0.2389595 0.2527846 0.2343201 0.1310860 0.2126776 0.0989339 1.2435198 0.3846913 0.2387492 0.2346089 0.2579408 0.2269624 0.1948838 0.2562217 0.2546937 0.3566760 0.3066715 0.1678742 0.2986027 0.3254293 0.4256159 0.2917032 0.2281652 0.2564107 0.2264498 0.2035820 0.4131198 0.2286916 1.1420317 0.2080895 0.2235703 0.1430048 0.2328856 0.4186985 0.2355392 0.2521968 0.2524116 0.2145849 0.2199682 0.2077801 0.2100298 1.8654918 0.2449514 0.2606845 0.3359298 0.1441714 0.2447743 0.2480447 0.2761408 0.2047944 0.2658656 0.1485822 1.0079362 0.2971546 2.0913873 0.2856325 0.2647351 0.2780217 0.2221372 0.2318373 0.2475962 0.2560854 0.2521968 0.2255470 0.1269495 0.2785493 0.3056510 0.2438556 0.4213018 0.4073795 0.2126733 0.2845540 0.4261794 
Eutrochium_fistulosum_SRR9119106           0.2148612 0.2666885 0.3770072 0.6149173 0.3889625 0.3541226 0.0000000 0.5190421 0.4568942 0.3350970 0.3272182 0.3867545 0.3516554 0.2120696 0.3130146 0.1993394 0.2943570 0.3536401 0.3389989 0.2764952 0.3184545 0.3554655 0.2088428 0.3616869 0.3160720 0.3715048 0.2361594 0.1861698 0.2421891 0.2904812 0.4996052 0.3698950 0.3029426 0.2970894 0.3799027 0.3192979 0.3926796 0.3228104 0.3395820 0.3216095 0.3768924 0.2221386 0.3437757 0.3958796 0.3674032 0.3556898 0.3534065 0.3766967 0.3248600 0.2835736 0.3145498 0.3656543 0.3192971 0.3511232 0.2475692 0.2191946 0.3341208 0.3585500 0.3516090 0.5455120 0.2591749 0.2309398 0.3549261 0.2539652 0.3641972 0.3575138 0.3659104 0.3234146 0.3277538 0.3583926 0.2540681 0.3506790 0.3362221 0.3901899 0.1874249 0.3636123 0.3776607 0.3346980 0.5205615 0.3489728 0.3326778 0.3421059 0.3662653 
Helianthus_annuus_SRR9119062               0.2465837 1.4448441 0.4994482 0.6714397 0.5116521 0.4735549 0.5190421 0.0000000 0.5872113 1.3268602 0.4725802 0.5628812 0.4840226 0.2381103 0.4423488 0.3792253 1.3526670 0.5455539 0.4505966 0.4699247 0.5709594 0.5029634 0.4021156 0.5499022 0.4980432 0.5445912 0.4803220 0.3011996 0.4318625 0.5316132 0.6345990 0.4735111 0.4566023 0.4843763 0.5131902 0.4699139 0.5892194 0.4430769 1.4094028 0.4450387 0.4890967 0.4551467 0.4802385 0.6268038 0.4589765 0.5381400 0.5416004 0.4941128 0.4250075 0.4585389 0.4340101 1.3771204 0.4613987 0.4833311 0.3912639 0.3494715 0.5331468 0.5423106 0.5455683 0.5859990 0.3795286 0.2740865 1.4405113 0.4685240 1.4644694 0.5452922 0.5363732 0.3807003 0.4576658 0.4969123 0.4230472 0.5345901 0.5444106 0.5636160 0.2250902 0.5423017 0.5717377 0.5286097 0.6188685 0.3699684 0.5233761 0.5393694 0.4818186 
Lycapsus_tenuifolius_17                    0.0554391 1.7494676 0.3106132 0.7049993 0.5500890 0.2900796 0.4568942 0.5872113 0.0000000 1.5182895 0.4453793 0.5024990 0.4689564 0.1708454 0.4631780 0.3816676 1.6432029 0.4885598 0.4008076 0.3981811 0.4464338 0.5065524 0.3711799 0.5015181 0.4321319 0.6239594 0.5370882 0.1808758 0.3205089 0.4935322 0.6392539 0.1197709 0.4603950 0.4164200 0.4883719 0.5098526 0.5014701 0.4129760 1.6318256 0.4453775 0.5612557 0.3144370 0.4436259 0.6140028 0.5116669 0.5107341 0.5024592 0.4750141 0.4443385 0.4108539 0.4545418 1.8968603 0.3562015 0.4407537 0.2730656 0.2478793 0.4004299 0.5106248 0.5599118 0.5437353 0.3243880 0.1773772 1.4813918 0.4584773 1.9629508 0.5406662 0.5437561 0.3854669 0.4313610 0.5091087 0.3089519 0.4695695 0.3969453 0.4612518 0.1293597 0.5084168 0.5764617 0.5091195 0.5767026 0.3727821 0.4879058 0.4780691 0.4348969 
Pericome_caudata_50_silver                 0.8435055 0.1487676 1.2970451 0.9868922 1.4384780 1.1241062 0.3350970 1.3268602 1.5182895 0.0000000 0.8630908 1.0535123 0.7388099 0.0000010 0.8986077 0.6045621 0.1140658 0.8724817 0.8705875 0.7658999 1.0172030 0.8783641 0.6451794 1.0585871 0.8715904 1.0280490 0.2848704 0.8369432 0.9416890 0.9156591 1.1301175 1.4768243 0.8454406 0.7566612 0.7937539 1.1981958 1.0556734 0.7975652 0.1245255 0.8616735 1.0560193 0.7864907 0.8998874 1.1076436 0.8220028 1.0372478 1.0710461 1.0417762 0.8806726 0.7718964 0.7955232 0.2933947 0.8711447 0.8164097 0.9302378 0.8967421 0.9798098 1.0536122 1.2716984 9.0000000 0.8165440 0.7412020 0.1537429 0.9252896 0.2765770 0.9841899 0.8015192 1.0450825 0.8900148 0.8783641 1.0092323 0.9675990 0.9757247 0.8874106 0.2502981 0.9546305 0.9236555 0.8425182 1.4813793 2.0088107 1.0523551 0.9109406 0.8461075 
Perityle_aglossa_84_dead_horse             0.1190281 1.2363604 0.3276410 0.5657611 0.3153724 0.2389595 0.3272182 0.4725802 0.4453793 0.8630908 0.0000000 0.2902893 0.2510007 0.0585091 0.2315441 0.1792974 1.0176207 0.3135645 0.1209951 0.1446969 0.2771747 0.2941393 0.1851063 0.2735978 0.3021570 0.3742336 0.4495003 0.1313996 0.1754708 0.3487661 0.5076052 0.2672250 0.1449974 0.1706807 0.3009344 0.1920839 0.3273367 0.1787843 0.9495347 0.1798654 0.3333278 0.1551529 0.2608098 0.4185031 0.2617557 0.3270368 0.2941826 0.2520535 0.1343415 0.2548510 0.1729137 1.0712764 0.0745173 0.1997267 0.2478419 0.1192369 0.1992902 0.3266614 0.3401365 0.4578698 0.1719627 0.0772053 0.9480488 0.2923438 1.0617911 0.3179662 0.3780094 0.3150979 0.1222768 0.2922232 0.1611844 0.3246934 0.2164211 0.1726420 0.0699620 0.3119464 0.3799546 0.2356111 0.4631984 0.3298232 0.2908719 0.2944837 0.3236636 
Perityle_ajoensis_204                      0.1317439 1.2804110 0.4074539 0.7030228 0.3704216 0.2527846 0.3867545 0.5628812 0.5024990 1.0535123 0.2902893 0.0000000 0.2934946 0.0957486 0.3054070 0.2339785 1.0389180 0.4379687 0.2352305 0.2579228 0.1367929 0.3344871 0.2626234 0.1245091 0.3374379 0.4524535 0.4200255 0.1287295 0.2171833 0.4258352 0.5279054 0.3817698 0.2824734 0.3094854 0.3669264 0.3715716 0.4442367 0.3045852 1.0104073 0.3023586 0.3812332 0.0948926 0.3450879 0.5269448 0.3518417 0.0999024 0.1073510 0.3390102 0.2913671 0.2935373 0.2964147 1.2750421 0.2394231 0.3121693 0.2526440 0.1328263 0.0748827 0.1138899 0.3513792 0.4670251 0.2345096 0.0950252 1.0319260 0.3218819 1.1450793 0.4161892 0.4318063 0.3105135 0.2627065 0.3363157 0.1983595 0.1194789 0.0764189 0.3004976 0.0085931 0.4196866 0.4043282 0.3078541 0.5845009 0.3520292 0.1117553 0.3703330 0.3713723 
Perityle_ambrosiifolia_67_green            0.1259913 1.0938658 0.3929595 0.5536835 0.3421555 0.2343201 0.3516554 0.4840226 0.4689564 0.7388099 0.2510007 0.2934946 0.0000000 0.0547524 0.2826221 0.2623075 0.9402748 0.3522730 0.1021279 0.1865173 0.3026532 0.2948758 0.2207898 0.3228135 0.2996457 0.4774709 0.4172105 0.1278114 0.1834630 0.3950820 0.5275909 0.2991061 0.1814321 0.2097481 0.3387317 0.2783831 0.3507713 0.2125882 0.8799472 0.2023444 0.3770558 0.1886559 0.2884326 0.4280483 0.2915606 0.3549477 0.3363807 0.2903289 0.1767867 0.2896505 0.2139345 1.0549437 0.1163213 0.2316282 0.2544106 0.1282681 0.2264944 0.3553322 0.3745332 0.4492669 0.1509759 0.0756409 0.8809609 0.3206897 1.0205406 0.3570597 0.3845807 0.3068911 0.1538733 0.2965147 0.1660894 0.3458450 0.2436783 0.1763785 0.0629110 0.3366914 0.4037651 0.2571843 0.4688257 0.3282566 0.3249730 0.3365302 0.3360787 
Perityle_angustifolia_13_Eagle_creek       0.1520605 0.0000010 0.1638822 0.3258565 0.1068366 0.1310860 0.2120696 0.2381103 0.1708454 0.0000010 0.0585091 0.0957486 0.0547524 0.0000000 0.0761146 0.0492754 0.7790887 0.2095025 0.0585833 0.0501572 0.0956812 0.0546668 0.0764016 0.0956002 0.0988000 0.1352912 0.0955699 0.1043856 0.1308994 0.0868588 0.2417709 0.1708454 0.0547337 0.0985354 0.1214306 0.0373582 0.1521481 0.0558995 0.0000010 0.0585706 0.1340751 0.0918940 0.1299846 0.1558399 0.0372308 0.0918940 0.0918940 0.1262785 0.0591735 0.0547921 0.0516580 0.7790887 0.0587560 0.0914630 0.1565867 0.1144165 0.0918940 0.0918940 0.1110691 0.2528191 0.1015184 0.0921680 0.0000010 0.1155799 0.7790887 0.1299541 0.1188529 0.2227167 0.0407916 0.0583329 0.1173627 0.0955335 0.0918940 0.0338915 0.0925043 0.1262498 0.1063364 0.0801705 0.2400904 0.3091017 0.0956812 0.0944951 0.2540501 
Perityle_batopilensis_97                   0.0619533 1.0495833 0.3011741 0.5887458 0.3647794 0.2126776 0.3130146 0.4423488 0.4631780 0.8986077 0.2315441 0.3054070 0.2826221 0.0761146 0.0000000 0.2130783 0.8800201 0.2992761 0.1522853 0.2048031 0.3021964 0.2329479 0.2710591 0.3054443 0.2121738 0.3850044 0.4388326 0.1192300 0.1536504 0.3178636 0.4741694 0.2863284 0.1217409 0.1024289 0.3188956 0.2866913 0.3661575 0.0356262 0.8341969 0.1236465 0.3945523 0.1883265 0.2607562 0.4641788 0.2859764 0.3346686 0.3299797 0.2868500 0.0997744 0.2694611 0.1675363 1.0512834 0.1382333 0.2212069 0.1988356 0.1314445 0.2399091 0.3309036 0.3385273 0.4859480 0.1749013 0.0869750 0.9330460 0.2979110 1.0355576 0.3612971 0.3939256 0.2983573 0.1673830 0.2346182 0.1317231 0.3431242 0.2483834 0.2355013 0.0648375 0.3535092 0.3628374 0.2389003 0.5110156 0.2816336 0.3255579 0.2695076 0.2685058 
Perityle_bisetosa_9                        0.0877639 0.0000010 0.2259963 0.4360616 0.2504749 0.0989339 0.1993394 0.3792253 0.3816676 0.6045621 0.1792974 0.2339785 0.2623075 0.0492754 0.2130783 0.0000000 1.0396007 0.2683818 0.1494263 0.2116692 0.2138164 0.2032346 0.2100262 0.2024252 0.2150944 0.2935182 0.2894228 0.1340498 0.1734443 0.3123626 0.3912035 0.1306993 0.1807616 0.1940984 0.3035632 0.1773612 0.1960342 0.2033668 0.6250206 0.1976435 0.3228212 0.1467667 0.2781662 0.3388840 0.2597586 0.2014892 0.1975164 0.2857715 0.1847559 0.2252788 0.1871895 1.1352038 0.1084760 0.2255085 0.1307503 0.0861087 0.1255576 0.2057005 0.2418864 0.4643341 0.1081892 0.0789466 0.7733312 0.2965614 0.9331280 0.2706210 0.3028206 0.2985543 0.1733155 0.2057000 0.1395611 0.1931788 0.1486297 0.2564821 0.0744270 0.2334653 0.3796090 0.3155361 0.3532216 0.2431260 0.2022551 0.2231845 0.2248704 
Perityle_californica_76_positas            1.4736507 0.1089805 1.6686473 0.9079575 1.6333545 1.2435198 0.2943570 1.3526670 1.6432029 0.1140658 1.0176207 1.0389180 0.9402748 0.7790887 0.8800201 1.0396007 0.0000000 0.9285983 0.9330691 0.9077858 1.0999305 0.9136774 0.8461716 1.0153481 1.0374221 1.0042252 0.2294673 1.2068067 1.2737338 1.1000729 1.0743019 1.5818710 0.8937777 0.9306695 0.9165836 1.2302593 1.0180712 0.8680794 0.0930338 0.9140420 1.0618499 0.9506314 1.0712679 1.0767294 0.9252818 1.0153481 1.0645234 1.0375620 0.9075890 0.9463143 0.8496034 0.1090680 1.0230345 0.8426315 0.8845238 1.4924836 1.0463669 1.0390522 1.2055496 9.0000000 0.8626626 1.2668226 0.1009662 0.9516881 0.1131963 0.9982030 0.7129632 1.0211787 1.0088071 0.9136774 1.1529900 1.0153481 1.0153481 0.9554109 0.4643782 1.0314114 1.0753553 0.8960085 1.3687247 2.0088107 1.0237717 0.9213896 0.9769696 
Perityle_canescens_77                      0.1765911 1.0470306 0.4070840 0.6259326 0.3762478 0.3846913 0.3536401 0.5455539 0.4885598 0.8724817 0.3135645 0.4379687 0.3522730 0.2095025 0.2992761 0.2683818 0.9285983 0.0000000 0.2997449 0.3822930 0.3971589 0.3598694 0.3175608 0.4319897 0.3571288 0.4225226 0.3094644 0.1437130 0.2944978 0.4267586 0.5787030 0.3314711 0.2999597 0.3576958 0.3479857 0.3540982 0.4574050 0.3148558 0.7822532 0.3156734 0.3287220 0.3655959 0.3184071 0.5169341 0.3959533 0.4248276 0.4255615 0.3136151 0.3121269 0.3442602 0.2948288 1.0157078 0.2757060 0.3472401 0.2719875 0.2360193 0.3787871 0.4292594 0.3648780 0.4952252 0.2087779 0.2035944 0.8201790 0.3516923 0.9847870 0.3759311 0.3927844 0.3652927 0.3329217 0.3593792 0.2953405 0.4229399 0.3988514 0.3888256 0.1578190 0.3628445 0.4263963 0.3992945 0.5107415 0.4039975 0.4154384 0.4073489 0.3906207 
Perityle_castillonii_96                    0.1165776 1.0686024 0.2986225 0.6071945 0.3147978 0.2387492 0.3389989 0.4505966 0.4008076 0.8705875 0.1209951 0.2352305 0.1021279 0.0585833 0.1522853 0.1494263 0.9330691 0.2997449 0.0000000 0.1181933 0.2359804 0.1327556 0.1127325 0.2435842 0.1619406 0.4040103 0.3650245 0.1312362 0.1896198 0.2495985 0.5300839 0.3218219 0.1240606 0.1582593 0.2490173 0.2609362 0.3630916 0.1566011 0.8934421 0.1129192 0.2941172 0.1571800 0.2273322 0.4019932 0.1438786 0.2387553 0.2398024 0.2615195 0.1187319 0.1171370 0.1366248 1.1220897 0.1063746 0.2137830 0.2656748 0.1173812 0.2261579 0.2399200 0.3294415 0.4628997 0.1649774 0.0679917 0.9542660 0.2485137 1.1338386 0.2890363 0.3048397 0.3164768 0.1039324 0.1329954 0.1694642 0.2333000 0.2250086 0.1934650 0.0640097 0.2917093 0.3089434 0.1432848 0.5273409 0.3233412 0.2212264 0.2941302 0.3374672 
Perityle_cernua_84                         0.1227341 1.0756797 0.3109631 0.5778688 0.3059039 0.2346089 0.2764952 0.4699247 0.3981811 0.7658999 0.1446969 0.2579228 0.1865173 0.0501572 0.2048031 0.2116692 0.9077858 0.3822930 0.1181933 0.0000000 0.2481542 0.2400143 0.1092209 0.2064268 0.2019992 0.3651614 0.3182112 0.1277741 0.2099336 0.3571659 0.5018794 0.2259218 0.1706036 0.1847485 0.3229387 0.1721138 0.3512888 0.1872548 0.7604652 0.1873738 0.3306598 0.1231782 0.3171845 0.4243698 0.2595983 0.1963418 0.2020427 0.2958425 0.1750407 0.1167010 0.1774949 0.9154823 0.0890755 0.2505698 0.2614933 0.1436795 0.1726980 0.2030435 0.3320274 0.4534721 0.1677198 0.0732939 0.7768727 0.3055105 0.9087887 0.3257346 0.3248639 0.3108802 0.1048190 0.2419110 0.1870205 0.1991077 0.1805924 0.1754520 0.0654833 0.3223161 0.3467842 0.1640243 0.4580431 0.3286277 0.1863262 0.2955828 0.3350267 
Perityle_cfvillosa_25_tin                  0.1253340 1.2857501 0.3912260 0.6435157 0.3241886 0.2579408 0.3184545 0.5709594 0.4464338 1.0172030 0.2771747 0.1367929 0.3026532 0.0956812 0.3021964 0.2138164 1.0999305 0.3971589 0.2359804 0.2481542 0.0000000 0.3327006 0.2207101 0.0997305 0.2920909 0.4134457 0.3472855 0.1342503 0.2174218 0.3855512 0.5257151 0.3096924 0.2830778 0.3012278 0.3385267 0.3076445 0.4283432 0.3113323 1.0291448 0.3008667 0.3449583 0.0857341 0.3370691 0.4854486 0.3703078 0.0873457 0.0930612 0.3303649 0.3111763 0.2424483 0.2922918 1.2334461 0.2329898 0.2992468 0.2408399 0.1284222 0.0570655 0.0973819 0.3507384 0.4716485 0.2272493 0.0947473 0.9818941 0.3023337 1.2269736 0.3747411 0.3311168 0.3097399 0.2365433 0.3348912 0.2030494 0.0983303 0.0728822 0.3032934 0.0085721 0.3714794 0.4043140 0.3159338 0.5232970 0.3625672 0.1014983 0.3463483 0.3404125 
Perityle_coahuilensis_24                   0.1533222 1.2189130 0.3882279 0.6314325 0.3839360 0.2269624 0.3554655 0.5029634 0.5065524 0.8783641 0.2941393 0.3344871 0.2948758 0.0546668 0.2329479 0.2032346 0.9136774 0.3598694 0.1327556 0.2400143 0.3327006 0.0000000 0.2436011 0.3449139 0.3043375 0.4477614 0.4572114 0.1395341 0.1966946 0.3642232 0.5640548 0.3397145 0.1873740 0.1908790 0.3422293 0.3320841 0.3879239 0.1963029 0.8974184 0.1819747 0.4198852 0.2383891 0.3140074 0.5149666 0.2097812 0.3897766 0.3558855 0.3434610 0.1648392 0.3605204 0.2474457 1.1289987 0.1210311 0.2632694 0.2407970 0.0930119 0.2708472 0.3970370 0.3761694 0.4807958 0.1782217 0.0984989 0.9826983 0.3170251 1.1295080 0.3938302 0.3852179 0.3629236 0.1528347 0.0045429 0.1704664 0.3989571 0.2856180 0.2134662 0.1053133 0.3897184 0.4040928 0.2449067 0.5917652 0.3391307 0.3544353 0.3629779 0.3429690 
Perityle_cochisensis_44_cave_creek         0.1178340 1.0372807 0.2823128 0.5103917 0.2575414 0.1948838 0.2088428 0.4021156 0.3711799 0.6451794 0.1851063 0.2626234 0.2207898 0.0764016 0.2710591 0.2100262 0.8461716 0.3175608 0.1127325 0.1092209 0.2207101 0.2436011 0.0000000 0.1440031 0.2745832 0.3353261 0.2859992 0.1247063 0.1839036 0.2947890 0.4563855 0.1981996 0.1971347 0.1931222 0.2493391 0.1429187 0.2571679 0.2029673 0.7178561 0.2150878 0.2858605 0.0948322 0.2282102 0.3524892 0.3008360 0.1558004 0.1632071 0.2184267 0.1766774 0.1240186 0.2248211 0.8043658 0.0862436 0.1987425 0.2309314 0.1158746 0.1036021 0.1701785 0.2724928 0.4702339 0.1325087 0.0760843 0.7257386 0.2548956 0.8237770 0.2821964 0.3265603 0.3222699 0.0785939 0.2442167 0.1668046 0.1514100 0.1108164 0.1987424 0.0568831 0.2771565 0.3239303 0.2250503 0.4184592 0.3280115 0.1523728 0.2467578 0.2943535 
Perityle_congesta_202                      0.1314891 1.2469759 0.3769081 0.6980194 0.3561312 0.2562217 0.3616869 0.5499022 0.5015181 1.0585871 0.2735978 0.1245091 0.3228135 0.0956002 0.3054443 0.2024252 1.0153481 0.4319897 0.2435842 0.2064268 0.0997305 0.3449139 0.1440031 0.0000000 0.3177031 0.4208447 0.4309478 0.1373783 0.2291993 0.3957128 0.5406413 0.3357451 0.2751584 0.2754122 0.3330638 0.3234933 0.4400362 0.2866386 0.9642071 0.2961336 0.3895844 0.0118764 0.3210896 0.5242198 0.3882994 0.0271014 0.0279078 0.3415565 0.2729922 0.2073933 0.2918466 1.2186775 0.2047146 0.2886014 0.2552159 0.1449749 0.0167009 0.0318473 0.3503750 0.4884963 0.2497759 0.0948380 1.0033869 0.3303560 1.1911238 0.4153000 0.4121666 0.3100765 0.1990948 0.3467643 0.2121505 0.0279098 0.0103691 0.2951257 0.0085757 0.4070289 0.4060167 0.3047772 0.5909157 0.3513116 0.0288416 0.3485869 0.3668114 
Perityle_cordifolia_27                     0.1409415 1.3381342 0.3170943 0.5538483 0.3027491 0.2546937 0.3160720 0.4980432 0.4321319 0.8715904 0.3021570 0.3374379 0.2996457 0.0988000 0.2121738 0.2150944 1.0374221 0.3571288 0.1619406 0.2019992 0.2920909 0.3043375 0.2745832 0.3177031 0.0000000 0.3780594 0.3979421 0.1146378 0.2158332 0.3735371 0.4744603 0.2556555 0.1187801 0.0956986 0.3184489 0.2078166 0.3733356 0.1209537 0.9376419 0.1300976 0.3768075 0.2206000 0.2715291 0.4079278 0.3144380 0.4134064 0.3725558 0.2736953 0.1054196 0.3288310 0.1638919 1.0470853 0.1405945 0.2369495 0.2486957 0.1239637 0.2546269 0.4127142 0.2952548 0.4374521 0.1905917 0.0414690 0.9601785 0.2931451 1.0635424 0.3372472 0.3741201 0.3200009 0.1616087 0.3031958 0.1958861 0.3937795 0.2587507 0.2145946 0.1047909 0.3321287 0.3620607 0.2768242 0.4685263 0.3473658 0.3704966 0.2742692 0.3556299 
Perityle_cordifolia_68_tecolote            0.1294220 1.3953364 0.4457231 0.6757127 0.4909149 0.3566760 0.3715048 0.5445912 0.6239594 1.0280490 0.3742336 0.4524535 0.4774709 0.1352912 0.3850044 0.2935182 1.0042252 0.4225226 0.4040103 0.3651614 0.4134457 0.4477614 0.3353261 0.4208447 0.3780594 0.0000000 0.5087446 0.1577179 0.2181255 0.4334856 0.6003296 0.4002562 0.3856310 0.3306915 0.3717113 0.4332676 0.4649937 0.3255666 0.9453483 0.3836639 0.4506541 0.2406363 0.3685990 0.5766655 0.4764041 0.4272265 0.4272903 0.3524524 0.3483512 0.4093997 0.4191882 1.0515125 0.3327575 0.3365606 0.0266115 0.1650537 0.3383891 0.4307803 0.4471983 0.4946428 0.2510856 0.1416184 1.0040639 0.4152500 1.0789031 0.5037355 0.4789686 0.3613983 0.3903041 0.4484380 0.2211794 0.3866153 0.3422159 0.4884412 0.1319031 0.4695522 0.4659750 0.4908236 0.5858716 0.3527221 0.3945487 0.4145452 0.2362643 
Perityle_coronopifolia_28_patagonia        0.0839121 0.2326754 0.4654275 0.6539272 0.4797827 0.3066715 0.2361594 0.4803220 0.5370882 0.2848704 0.4495003 0.4200255 0.4172105 0.0955699 0.4388326 0.2894228 0.2294673 0.3094644 0.3650245 0.3182112 0.3472855 0.4572114 0.2859992 0.4309478 0.3979421 0.5087446 0.0000000 0.1200437 0.1652059 0.3620381 0.5702228 0.3770261 0.3749772 0.2874738 0.3453861 0.4135076 0.3716404 0.3324809 0.2333633 0.3893306 0.4287184 0.1761165 0.2940281 0.5123679 0.4974742 0.4677514 0.4559830 0.3527573 0.3582598 0.4165911 0.3915327 0.4318779 0.3189175 0.3260512 0.2636073 0.1181805 0.3164315 0.4684828 0.3836589 0.4740903 0.2015843 0.0813336 0.2539399 0.0484606 0.3703403 0.4020286 0.3811596 0.2858338 0.3750530 0.4544488 0.1427031 0.4201715 0.3152074 0.4333791 0.0615302 0.3938130 0.3461457 0.4572714 0.6326057 0.2362263 0.4525937 0.3714894 0.2389704 
Perityle_crassifolia_70_ventanas           0.0976745 0.0000010 0.1398806 0.3635674 0.1365164 0.1678742 0.1861698 0.3011996 0.1808758 0.8369432 0.1313996 0.1287295 0.1278114 0.1043856 0.1192300 0.1340498 1.2068067 0.1437130 0.1312362 0.1277741 0.1342503 0.1395341 0.1247063 0.1373783 0.1146378 0.1577179 0.1200437 0.0000000 0.0887918 0.1077449 0.2962873 0.1536814 0.1096076 0.1079906 0.1371578 0.1371364 0.1746293 0.1190965 0.8646285 0.1223712 0.1416273 0.1214215 0.1547282 0.1780958 0.1520686 0.1281064 0.1281064 0.1370678 0.1226986 0.1128239 0.1199039 0.8912683 0.1252490 0.1312097 0.1383553 0.1449387 0.1281064 0.1290802 0.1349716 0.4413817 0.1338945 0.1111855 0.8998873 0.1343723 0.7811171 0.1378011 0.1449039 0.2916077 0.1287984 0.1426758 0.0271685 0.1313212 0.1250548 0.1336788 0.0927082 0.1346224 0.1479263 0.1373414 0.2872114 0.3135900 0.1252163 0.1129364 0.2173014 
Perityle_crassifolia_74_playa_balandra     0.1587788 0.0000010 0.2141600 0.5236613 0.2346770 0.2986027 0.2421891 0.4318625 0.3205089 0.9416890 0.1754708 0.2171833 0.1834630 0.1308994 0.1536504 0.1734443 1.2737338 0.2944978 0.1896198 0.2099336 0.2174218 0.1966946 0.1839036 0.2291993 0.2158332 0.2181255 0.1652059 0.0887918 0.0000000 0.2202566 0.4136874 0.2399194 0.1593208 0.1943176 0.2235744 0.1725098 0.2961937 0.1610524 0.9187272 0.1647708 0.2319198 0.2098614 0.2181280 0.3019650 0.2256410 0.2234075 0.2212247 0.2184389 0.1666000 0.1662972 0.1611485 1.0457338 0.1734768 0.2590585 0.2171097 0.2022282 0.2247103 0.2254257 0.1866417 0.5202062 0.1781688 0.1447906 0.8945742 0.2178808 0.9631759 0.2750354 0.2288692 0.3245386 0.1794041 0.1995991 0.0672580 0.2213888 0.2161123 0.2277403 0.1296317 0.2755583 0.2195996 0.2133659 0.4000622 0.3120713 0.2163413 0.1925999 0.3230484 
Perityle_cuneata_34_cuneata_San_antonio    0.1190351 1.2834371 0.3575414 0.6196649 0.3769118 0.3254293 0.2904812 0.5316132 0.4935322 0.9156591 0.3487661 0.4258352 0.3950820 0.0868588 0.3178636 0.3123626 1.1000729 0.4267586 0.2495985 0.3571659 0.3855512 0.3642232 0.2947890 0.3957128 0.3735371 0.4334856 0.3620381 0.1077449 0.2202566 0.0000000 0.4971858 0.2950734 0.3045302 0.3312618 0.3713331 0.3073164 0.4612332 0.2847501 0.9744127 0.3214382 0.3927574 0.2758935 0.3643580 0.5704398 0.4043402 0.3913201 0.4050952 0.3245562 0.2892425 0.3175364 0.3144146 0.9979131 0.2280880 0.3570389 0.2397895 0.1572345 0.3270313 0.4073487 0.3310271 0.4792819 0.2075012 0.1180733 0.9780459 0.3621382 0.9915367 0.4697305 0.4341060 0.2977837 0.2876766 0.3665948 0.1953672 0.3872561 0.3465980 0.3605382 0.1013380 0.4286887 0.4651034 0.4426797 0.4428049 0.3045240 0.3697253 0.2997323 0.2799026 
Perityle_cuneata_4                         0.2942525 1.3132625 0.5742153 0.6711463 0.5700369 0.4256159 0.4996052 0.6345990 0.6392539 1.1301175 0.5076052 0.5279054 0.5275909 0.2417709 0.4741694 0.3912035 1.0743019 0.5787030 0.5300839 0.5018794 0.5257151 0.5640548 0.4563855 0.5406413 0.4744603 0.6003296 0.5702228 0.2962873 0.4136874 0.4971858 0.0000000 0.5544603 0.4819458 0.4645323 0.5161971 0.5541021 0.5737078 0.4448242 1.1675719 0.4910476 0.5338040 0.4521308 0.4770676 0.6563349 0.5540489 0.5352334 0.5438880 0.5260285 0.4954182 0.5072476 0.5071318 1.4266682 0.4953823 0.4986649 0.4240206 0.3522129 0.5132028 0.5371213 0.5763546 0.5495401 0.4223652 0.3233228 1.2856538 0.4693190 1.3244360 0.5775571 0.5742474 0.2164075 0.5524041 0.5577087 0.3959280 0.5183558 0.5137879 0.5718403 0.2664496 0.5612135 0.5947124 0.5842590 0.4625330 0.3034772 0.5280385 0.5383554 0.5004063 
Perityle_discoidea_81                      0.0527012 1.6573748 0.1299017 0.6677305 0.3877090 0.2917032 0.3698950 0.4735111 0.1197709 1.4768243 0.2672250 0.3817698 0.2991061 0.1708454 0.2863284 0.1306993 1.5818710 0.3314711 0.3218219 0.2259218 0.3096924 0.3397145 0.1981996 0.3357451 0.2556555 0.4002562 0.3770261 0.1536814 0.2399194 0.2950734 0.5544603 0.0000000 0.2921349 0.2577364 0.3202488 0.3282476 0.4080434 0.2536659 1.5051120 0.2856058 0.3992035 0.2034003 0.3032425 0.4399883 0.3707599 0.3533239 0.3526124 0.3666471 0.2961556 0.2439262 0.2922738 1.7486064 0.2690915 0.3487837 0.2559906 0.1980390 0.3022879 0.3559557 0.4034903 0.5148154 0.2651579 0.1739377 1.3977271 0.2732105 1.8265661 0.3689955 0.3565603 0.3571161 0.3198685 0.3419384 0.2358741 0.3154633 0.2957971 0.3969278 0.1293597 0.3660084 0.3757105 0.3389324 0.5662296 0.3727821 0.3362158 0.3157846 0.3743352 
Perityle_dissecta_201                      0.1121101 1.1361630 0.3202446 0.6065437 0.3157812 0.2281652 0.3029426 0.4566023 0.4603950 0.8454406 0.1449974 0.2824734 0.1814321 0.0547337 0.1217409 0.1807616 0.8937777 0.2999597 0.1240606 0.1706036 0.2830778 0.1873740 0.1971347 0.2751584 0.1187801 0.3856310 0.3749772 0.1096076 0.1593208 0.3045302 0.4819458 0.2921349 0.0000000 0.0955642 0.2783439 0.2279645 0.3390291 0.1130845 0.8541614 0.0613232 0.3399489 0.1564408 0.2294249 0.4472307 0.2230766 0.2744910 0.2733508 0.2717859 0.0653720 0.1705451 0.0942133 1.0744077 0.0981385 0.1983272 0.2411882 0.1108573 0.2107658 0.2780192 0.3274479 0.4506119 0.1602431 0.0737436 0.9272613 0.2774683 1.0013857 0.3201505 0.3394944 0.3023549 0.1403419 0.1886758 0.1403646 0.2596274 0.2175981 0.1952433 0.0542705 0.3215360 0.3278939 0.1981630 0.5239801 0.3212451 0.2535308 0.2663097 0.3227770 
Perityle_emoryi_47_punta_san_jose          0.1565385 1.0436890 0.3022820 0.5498591 0.2957663 0.2564107 0.2970894 0.4843763 0.4164200 0.7566612 0.1706807 0.3094854 0.2097481 0.0985354 0.1024289 0.1940984 0.9306695 0.3576958 0.1582593 0.1847485 0.3012278 0.1908790 0.1931222 0.2754122 0.0956986 0.3306915 0.2874738 0.1079906 0.1943176 0.3312618 0.4645323 0.2577364 0.0955642 0.0000000 0.3041952 0.2254719 0.3632578 0.1170138 0.8575561 0.0918521 0.2780632 0.2070050 0.2520582 0.3997387 0.2258616 0.2745294 0.2762810 0.2556681 0.0931234 0.1780182 0.0853349 0.9587588 0.1394302 0.2173291 0.2466541 0.1061282 0.2529463 0.2744539 0.3152624 0.4396184 0.1750803 0.0556722 0.8554559 0.2628264 0.9260922 0.3050390 0.3115189 0.3065451 0.1713524 0.1962488 0.1794715 0.2718196 0.2563699 0.2298280 0.0886510 0.2952373 0.3340193 0.2149192 0.4580131 0.3440526 0.2659436 0.2580616 0.3479426 
Perityle_feddemae_99                       0.1616689 1.0314551 0.3826209 0.6390379 0.3681288 0.2264498 0.3799027 0.5131902 0.4883719 0.7937539 0.3009344 0.3669264 0.3387317 0.1214306 0.3188956 0.3035632 0.9165836 0.3479857 0.2490173 0.3229387 0.3385267 0.3422293 0.2493391 0.3330638 0.3184489 0.3717113 0.3453861 0.1371578 0.2235744 0.3713331 0.5161971 0.3202488 0.2783439 0.3041952 0.0000000 0.3670776 0.3585651 0.3149408 0.8473150 0.2819272 0.1068806 0.2462318 0.1175022 0.4192128 0.3365837 0.3302428 0.3276390 0.0877133 0.2770713 0.2943149 0.2756357 0.9918236 0.2506804 0.2682924 0.2190400 0.1515017 0.2818386 0.3324853 0.3272701 0.4588276 0.1935046 0.1197649 0.8579706 0.2894351 1.0235652 0.3578335 0.4835339 0.3319076 0.2905946 0.3355941 0.2055977 0.3339787 0.2983847 0.3570296 0.1016153 0.3543030 0.3123208 0.3500015 0.5227651 0.3611452 0.3212678 0.3611728 0.3446563 
Perityle_fosteri_93                        0.1376822 1.4515174 0.3745400 0.6664657 0.3588154 0.2035820 0.3192979 0.4699139 0.5098526 1.1981958 0.1920839 0.3715716 0.2783831 0.0373582 0.2866913 0.1773612 1.2302593 0.3540982 0.2609362 0.1721138 0.3076445 0.3320841 0.1429187 0.3234933 0.2078166 0.4332676 0.4135076 0.1371364 0.1725098 0.3073164 0.5541021 0.3282476 0.2279645 0.2254719 0.3670776 0.0000000 0.4044129 0.2719607 1.0973719 0.2441755 0.3869182 0.1360274 0.3215257 0.4886318 0.3434545 0.3234440 0.3187289 0.3667260 0.2375542 0.2200957 0.2395731 1.3859148 0.1709339 0.2925659 0.2826955 0.1386998 0.2218477 0.3210861 0.3960874 0.4623164 0.2035491 0.0833273 1.1998977 0.2822794 1.4687262 0.4017478 0.3784882 0.3122370 0.2156926 0.3340092 0.1635592 0.2772705 0.2401615 0.3099168 0.0734108 0.3894674 0.4037590 0.3375694 0.5199336 0.3242675 0.3184588 0.3229306 0.3439369 
Perityle_gamon_221                         0.1854789 1.1573680 0.4101830 0.6598064 0.3726344 0.4131198 0.3926796 0.5892194 0.5014701 1.0556734 0.3273367 0.4442367 0.3507713 0.1521481 0.3661575 0.1960342 1.0180712 0.4574050 0.3630916 0.3512888 0.4283432 0.3879239 0.2571679 0.4400362 0.3733356 0.4649937 0.3716404 0.1746293 0.2961937 0.4612332 0.5737078 0.4080434 0.3390291 0.3632578 0.3585651 0.4044129 0.0000000 0.3652136 0.9545686 0.3566243 0.3626366 0.3139966 0.3169356 0.0491843 0.3934193 0.4362097 0.4340017 0.3660030 0.3703828 0.3475452 0.3619503 1.1609003 0.3482980 0.3523880 0.3186362 0.2348029 0.4153114 0.4417102 0.4091102 0.5155572 0.3050342 0.1611363 1.1166764 0.3022192 1.2364730 0.4337039 0.5291841 0.3894214 0.3526781 0.3873633 0.2880126 0.4251053 0.4137570 0.4121898 0.1513302 0.4462149 0.4528888 0.4561122 0.5753991 0.3494869 0.4226474 0.4525255 0.4459377 
Perityle_gentryi_8_san_francisco           0.0725796 0.9790130 0.2937573 0.5503596 0.3248208 0.2286916 0.3228104 0.4430769 0.4129760 0.7975652 0.1787843 0.3045852 0.2125882 0.0558995 0.0356262 0.2033668 0.8680794 0.3148558 0.1566011 0.1872548 0.3113323 0.1963029 0.2029673 0.2866386 0.1209537 0.3255666 0.3324809 0.1190965 0.1610524 0.2847501 0.4448242 0.2536659 0.1130845 0.1170138 0.3149408 0.2719607 0.3652136 0.0000000 0.8126199 0.1051168 0.3058265 0.2000387 0.2797549 0.3998583 0.2251498 0.2853644 0.2856917 0.2852073 0.1091336 0.2013851 0.0972247 1.0091624 0.1479084 0.2164824 0.2250243 0.1248108 0.2514700 0.2873258 0.3519068 0.4890518 0.1841608 0.0902270 0.8266502 0.2668113 1.0363996 0.3243352 0.3497446 0.2920147 0.1805330 0.1979964 0.1410036 0.2771973 0.2612808 0.2297809 0.0654428 0.3196028 0.3448157 0.2088748 0.4423905 0.3116976 0.2700014 0.2598823 0.3114688 
Perityle_gilensis_22_Superstition          0.9287723 0.1401161 1.5820033 1.0260170 1.3958851 1.1420317 0.3395820 1.4094028 1.6318256 0.1245255 0.9495347 1.0104073 0.8799472 0.0000010 0.8341969 0.6250206 0.0930338 0.7822532 0.8934421 0.7604652 1.0291448 0.8974184 0.7178561 0.9642071 0.9376419 0.9453483 0.2333633 0.8646285 0.9187272 0.9744127 1.1675719 1.5051120 0.8541614 0.8575561 0.8473150 1.0973719 0.9545686 0.8126199 0.0000000 0.8467752 0.8948594 0.7806113 0.9015668 1.0025107 0.8375629 0.9642071 1.0037599 0.8349482 0.8341383 0.8459013 0.7937048 0.1243442 0.8807434 0.7542844 0.8590823 0.9422278 0.9366389 0.9833415 1.1187860 3.9552034 0.7077280 0.6901441 0.0466832 0.8188916 0.1207219 0.9327277 0.7013214 0.8001393 0.9004449 0.8974184 0.8539918 0.9841378 0.9502246 0.8628270 0.2355511 0.9828371 0.9101649 0.8171083 1.3878619 2.0088107 0.9666723 0.8374584 0.8050510 
Perityle_gilensis_salensis_225             0.1156103 1.1367265 0.3190783 0.5791518 0.3299333 0.2080895 0.3216095 0.4450387 0.4453775 0.8616735 0.1798654 0.3023586 0.2023444 0.0585706 0.1236465 0.1976435 0.9140420 0.3156734 0.1129192 0.1873738 0.3008667 0.1819747 0.2150878 0.2961336 0.1300976 0.3836639 0.3893306 0.1223712 0.1647708 0.3214382 0.4910476 0.2856058 0.0613232 0.0918521 0.2819272 0.2441755 0.3566243 0.1051168 0.8467752 0.0000000 0.2916950 0.1826604 0.2289200 0.4313046 0.2017193 0.2905230 0.2907017 0.2538891 0.0385729 0.1947329 0.0287792 1.0527881 0.1045509 0.2070972 0.2497287 0.1107815 0.2352640 0.2929591 0.3318372 0.4894724 0.1594084 0.0952581 0.8963392 0.2863009 1.0391392 0.3007256 0.3550431 0.3077947 0.1285121 0.1833647 0.1457281 0.2922191 0.2449507 0.1788411 0.0793427 0.3008039 0.3323568 0.2174703 0.4991197 0.3393976 0.2724943 0.2678110 0.3230064 
Perityle_glaucescens_94                    0.1660788 1.1998327 0.4428715 0.6978064 0.4196844 0.2235703 0.3768924 0.4890967 0.5612557 1.0560193 0.3333278 0.3812332 0.3770558 0.1340751 0.3945523 0.3228212 1.0618499 0.3287220 0.2941172 0.3306598 0.3449583 0.4198852 0.2858605 0.3895844 0.3768075 0.4506541 0.4287184 0.1416273 0.2319198 0.3927574 0.5338040 0.3992035 0.3399489 0.2780632 0.1068806 0.3869182 0.3626366 0.3058265 0.8948594 0.2916950 0.0000000 0.2400473 0.0795089 0.4678504 0.4180142 0.4125860 0.3972993 0.0420873 0.2760181 0.3219302 0.3526423 1.1554370 0.2508280 0.3018909 0.2184637 0.1683906 0.2900898 0.4046568 0.3437957 0.4804326 0.1883153 0.1293775 1.0094787 0.2850348 1.1799808 0.4030849 0.4683291 0.3297988 0.3430628 0.4157616 0.2085882 0.3731286 0.2931171 0.4020129 0.1018729 0.3873815 0.3430422 0.4304455 0.5882447 0.3604635 0.3688192 0.3746808 0.3420133 
Perityle_gracilis_11                       0.1251685 0.0000010 0.2209314 0.5358607 0.1862974 0.1430048 0.2221386 0.4551467 0.3144370 0.7864907 0.1551529 0.0948926 0.1886559 0.0918940 0.1883265 0.1467667 0.9506314 0.3655959 0.1571800 0.1231782 0.0857341 0.2383891 0.0948322 0.0118764 0.2206000 0.2406363 0.1761165 0.1214215 0.2098614 0.2758935 0.4521308 0.2034003 0.1564408 0.2070050 0.2462318 0.1360274 0.3139966 0.2000387 0.7806113 0.1826604 0.2400473 0.0000000 0.2296443 0.3408090 0.2817468 0.0044837 0.0059094 0.2319330 0.1891943 0.1132688 0.1822159 0.9575262 0.1351983 0.2356281 0.1952504 0.1372243 0.0060857 0.0059411 0.2160953 0.4718828 0.1779503 0.0886676 0.7532736 0.2176202 0.8870696 0.2843705 0.2478906 0.3024275 0.1002603 0.2408832 0.1915074 0.0118649 0.0029461 0.2434951 0.0028455 0.2849060 0.2943730 0.1842436 0.4109743 0.3344780 0.0044268 0.2424268 0.3045736 
Perityle_harkerae_31                       0.1714847 1.1669883 0.3620450 0.6410283 0.3467530 0.2328856 0.3437757 0.4802385 0.4436259 0.8998874 0.2608098 0.3450879 0.2884326 0.1299846 0.2607562 0.2781662 1.0712679 0.3184071 0.2273322 0.3171845 0.3370691 0.3140074 0.2282102 0.3210896 0.2715291 0.3685990 0.2940281 0.1547282 0.2181280 0.3643580 0.4770676 0.3032425 0.2294249 0.2520582 0.1175022 0.3215257 0.3169356 0.2797549 0.9015668 0.2289200 0.0795089 0.2296443 0.0000000 0.3656093 0.3214242 0.3075595 0.3109447 0.0780229 0.2368965 0.2670494 0.2193877 1.1157048 0.2373374 0.2644496 0.2299238 0.1591860 0.2805020 0.3105757 0.3141226 0.4616207 0.1751468 0.1259845 0.8995366 0.2512641 1.1356754 0.3139928 0.3808920 0.3382751 0.2783147 0.3135794 0.2123705 0.3154698 0.2855283 0.3425595 0.1017336 0.3105717 0.3120135 0.3350116 0.4757556 0.3534138 0.2975878 0.3472428 0.3267325 
Perityle_hofmeisteria_4_nombre_de_dios     0.1856188 1.2317346 0.4866607 0.7251550 0.4999074 0.4186985 0.3958796 0.6268038 0.6140028 1.1076436 0.4185031 0.5269448 0.4280483 0.1558399 0.4641788 0.3388840 1.0767294 0.5169341 0.4019932 0.4243698 0.4854486 0.5149666 0.3524892 0.5242198 0.4079278 0.5766655 0.5123679 0.1780958 0.3019650 0.5704398 0.6563349 0.4399883 0.4472307 0.3997387 0.4192128 0.4886318 0.0491843 0.3998583 1.0025107 0.4313046 0.4678504 0.3408090 0.3656093 0.0000000 0.4832787 0.5368081 0.5234688 0.4243670 0.4250699 0.4283480 0.4705042 1.1721450 0.3524481 0.3939264 0.3148477 0.2349490 0.4270397 0.5409677 0.4483477 0.5082131 0.3050317 0.1612608 1.1655740 0.4134073 1.0823136 0.5525635 0.6062324 0.3937437 0.4505577 0.5168963 0.2935513 0.4824204 0.4404088 0.4665139 0.1514548 0.5284450 0.5630157 0.5652313 0.6364672 0.3382752 0.5098058 0.5090555 0.4546750 
Perityle_huecosensis_48                    0.1570662 1.0372311 0.4250322 0.6282617 0.4250445 0.2355392 0.3674032 0.4589765 0.5116669 0.8220028 0.2617557 0.3518417 0.2915606 0.0372308 0.2859764 0.2597586 0.9252818 0.3959533 0.1438786 0.2595983 0.3703078 0.2097812 0.3008360 0.3882994 0.3144380 0.4764041 0.4974742 0.1520686 0.2256410 0.4043402 0.5540489 0.3707599 0.2230766 0.2258616 0.3365837 0.3434545 0.3934193 0.2251498 0.8375629 0.2017193 0.4180142 0.2817468 0.3214242 0.4832787 0.0000000 0.3983782 0.3950795 0.3458613 0.1765143 0.3058956 0.2378911 1.0404260 0.1593450 0.3128747 0.2597326 0.1171882 0.3137633 0.4090864 0.3846718 0.4524637 0.1992043 0.0956984 0.8785367 0.3410193 0.9743645 0.3823606 0.4326781 0.3418686 0.1651965 0.2111227 0.1991615 0.4266017 0.3255304 0.2151886 0.1122896 0.3746398 0.4013289 0.2975491 0.5428768 0.3453710 0.4025727 0.3970616 0.3544304 
