85
Amauria_brandeegeana_62                    0.0000000 0.1348301 0.1543049 0.2492397 0.1772895 0.2279107 0.2271642 0.1576906 0.3503216 0.1890547 0.2105268 0.1549522 0.1368328 0.1565900 0.3067941 0.1601336 0.4144929 0.1936696 0.3068836 0.1238368 0.3328488 0.1443207 0.2207482 0.1754229 0.2059176 0.1779632 0.1717478 0.1578082 0.2775811 0.1463660 0.2745126 0.1841950 0.1734866 0.1860912 0.1750201 0.1912472 0.2538706 0.2050605 0.1676838 0.2103301 0.1718840 0.2212520 0.2123502 0.2144858 0.2650901 0.3986823 0.1766223 0.3906939 0.2658314 0.1525039 0.1461841 0.1624169 0.1684895 0.1708601 0.2283525 0.1415061 0.2310695 0.1692394 0.1826402 0.2080121 0.1808911 0.3219553 0.1322416 0.1449410 0.2169232 0.2002640 0.1764456 0.2188603 0.1429819 0.1556060 0.1453758 0.2925827 0.1700545 0.1674643 0.1539543 0.1882264 0.1527518 0.2328203 0.1491960 0.1492606 0.1891722 0.1875856 0.2312621 0.1542238 0.1929770 
Amauria_carterae_99_mesa                   0.1348301 0.0000000 0.1516250 0.1670590 0.0871646 0.1802021 0.1106044 0.1333380 0.2182363 0.1864081 0.1346898 0.1466204 0.1162127 0.1225765 0.2982045 0.1513481 0.3858650 0.1292132 0.2016592 0.1293819 0.3522633 0.1193001 0.1881506 0.1449920 0.1602697 0.1447737 0.1426443 0.1252745 0.2540086 0.1182047 0.2154676 0.1462259 0.1485012 0.1814606 0.1627492 0.1569805 0.2534803 0.1556286 0.1476424 0.1211508 0.1533297 0.1832726 0.1664642 0.1742711 0.1990789 0.3667063 0.1430831 0.3736873 0.1917279 0.1321388 0.1746916 0.1461645 0.1471763 0.1531223 0.1769942 0.1262803 0.1759292 0.1405317 0.1518114 0.1430551 0.1584664 0.2623977 0.1275610 0.1173547 0.1413757 0.1640618 0.1353429 0.1972677 0.1368553 0.1504521 0.1463853 0.2277231 0.1470524 0.1532168 0.1721140 0.1196380 0.1347411 0.1454158 0.1510490 0.1298423 0.1289248 0.1520092 0.2472527 0.1329997 0.1269545 
Amauria_rotundifolia_SRR9119150            0.1543049 0.1516250 0.0000000 0.2771595 0.2491705 0.1155399 0.3354158 0.1840421 0.3909311 0.8966701 0.2552429 0.1799377 0.1663360 0.1547870 0.1294513 0.1981043 0.1570169 0.2040632 0.1663841 0.1120720 0.1436298 0.1790137 0.2409330 0.2702702 0.4375433 0.2474695 0.2468725 0.2324916 0.1613007 0.0826479 0.1782567 0.1961023 0.1851206 0.8966701 0.2288926 0.2065595 0.1575613 0.2045566 0.2119969 0.2440617 0.2166712 0.2144525 0.3193018 0.2089082 0.3008750 0.1409129 0.2227771 0.1534595 0.3011264 0.1622647 0.1234299 0.1566338 0.1698112 0.1784123 0.1684198 0.1671379 0.2263863 0.1801993 0.2481432 0.2348775 0.1910958 0.1623818 0.1741102 0.1817505 0.1884220 0.1895721 0.2020706 0.2239498 0.1018101 0.1763126 0.1601383 0.1987566 0.1956537 0.1819413 0.1521367 0.2760117 0.1811336 0.2571067 0.1522269 0.1706673 0.2090070 0.2592554 0.9613442 0.1957839 0.1950164 
Conoclinium_coelestinum_SRR9119114         0.2492397 0.1670590 0.2771595 0.0000000 0.2301466 0.1047407 0.1915773 0.1677565 0.3836222 0.2282710 0.2529176 0.2413588 0.2413876 0.2106757 0.3605560 0.2299359 0.5161561 0.2010779 0.3534271 0.1668901 0.3410872 0.2159377 0.2587109 0.2693118 0.2441879 0.2619728 0.2708225 0.2323958 0.3229507 0.1258779 0.2883561 0.2641279 0.2060202 0.2117830 0.2634834 0.2667005 0.3712550 0.3018796 0.2461451 0.2428052 0.2520495 0.3183922 0.2638070 0.3013439 0.2693785 0.4999986 0.2627423 0.5211868 0.3431400 0.2702282 0.2140706 0.2237029 0.2683566 0.2737062 0.2619592 0.1444359 0.2149118 0.2895829 0.2683240 0.2151842 0.2059677 0.3820496 0.2231773 0.2060407 0.2625974 0.2944673 0.2249685 0.2703495 0.1169187 0.2444263 0.2239131 0.3464591 0.2648691 0.2538717 0.1714057 0.1922907 0.2114798 0.3025922 0.2297306 0.2431685 0.2097769 0.2707492 0.3094314 0.2000051 0.2356230 
Eutetras_palmeri_63                        0.1772895 0.0871646 0.2491705 0.2301466 0.0000000 0.3266766 0.2015053 0.1581841 0.3318209 0.1403497 0.0717498 0.1647803 0.1689892 0.1945917 0.3550784 0.1732332 0.4912859 0.1772951 0.3190933 0.1354956 0.3977626 0.1584675 0.2763571 0.1881836 0.1562221 0.1918655 0.1998822 0.1748337 0.3564215 0.1729440 0.6972179 0.1776152 0.1528421 0.1405605 0.1939084 0.2127455 0.3208767 0.2315848 0.1960029 0.2396323 0.1920361 0.2058235 0.1575854 0.1879305 0.2349187 0.4769087 0.1866307 0.4985731 0.2029318 0.1918262 0.1620496 0.2091235 0.1691862 0.1662682 0.1908040 0.1491219 0.1885262 0.1592172 0.1902078 0.2041746 0.2224095 0.3880982 0.1358500 0.1707330 0.1793409 0.1686819 0.1415993 0.2143877 0.2036469 0.1705910 0.1504964 0.3329948 0.1883087 0.1709455 0.1662202 0.1553837 0.1383521 0.2009753 0.1997059 0.1661087 0.1761899 0.1902615 0.2323908 0.1559972 0.2016754 
Eutetras_pringlei_149_quer                 0.2279107 0.1802021 0.1155399 0.1047407 0.3266766 0.0000000 0.0975443 0.0915626 0.1025463 1.0436968 0.0864879 0.2110021 0.2059222 0.2182129 0.1980838 0.2552736 0.2116264 0.1351366 0.0942025 0.2100409 0.1939331 0.2179449 0.1882459 0.2328086 0.2153793 0.2362776 0.2323459 0.2122149 0.1016173 0.2796213 0.2745538 0.1267968 0.2248348 1.0337125 0.2360154 0.2514100 0.2113305 0.2297080 0.2497550 0.2293231 0.2259812 0.2508057 0.3853994 0.2522410 0.5186300 0.2400809 0.2156201 0.2031810 0.4669945 0.4821845 0.2055326 0.2110130 0.2163642 0.2245105 0.3740730 0.2114893 0.5832111 0.2125075 0.2109181 0.2906834 0.0532106 0.2546004 0.0000010 0.2006741 0.1299105 0.2391732 0.1509162 0.4220867 0.1882196 0.2206511 0.1520983 0.2925049 0.2208282 0.2315201 0.2046220 0.3586047 0.0924060 0.2812398 0.2217883 0.1941162 0.1617016 0.2160970 0.2986044 0.1104575 0.2477628 
Eutrochium_fistulosum_SRR9119106           0.2271642 0.1106044 0.3354158 0.1915773 0.2015053 0.0975443 0.0000000 0.1400992 0.4127079 0.1698422 0.2577272 0.2488288 0.2477076 0.2376236 0.3750316 0.2357958 0.4961295 0.2208338 0.3517734 0.2455553 0.4004480 0.2415431 0.2427460 0.2549994 0.2683471 0.2592958 0.2648876 0.2284582 0.3742733 0.1226230 0.3374985 0.2478399 0.2555377 0.1702943 0.2612398 0.2801942 0.3996473 0.2405175 0.2407372 0.1842420 0.2615129 0.2875692 0.2636807 0.2768916 0.2513520 0.4614806 0.2530270 0.4935038 0.2714980 0.2455679 0.2785058 0.2874597 0.2570347 0.2483526 0.2524341 0.1564885 0.2184437 0.2516005 0.2588403 0.2612707 0.1989691 0.4258970 0.1878880 0.2168337 0.2658343 0.2525893 0.2408858 0.2648680 0.1058158 0.2476770 0.2300496 0.4100642 0.2548821 0.2417627 0.2914768 0.2117250 0.2348869 0.2923152 0.2784295 0.2447441 0.2079305 0.2598171 0.2569873 0.1842122 0.1834784 
Galeana_pratensis_104_mex                  0.1576906 0.1333380 0.1840421 0.1677565 0.1581841 0.0915626 0.1400992 0.0000000 0.2175918 0.1878131 0.1512036 0.1586747 0.1501817 0.1294146 0.2508805 0.1517314 0.2614606 0.1504437 0.2003242 0.1239570 0.2776585 0.1534229 0.1755196 0.1544913 0.1839373 0.1428032 0.1553016 0.1659010 0.2656116 0.1349071 0.1376445 0.1621657 0.1475621 0.1928972 0.1644999 0.1439355 0.2125041 0.1547534 0.1563844 0.1225733 0.1623035 0.1554648 0.1721330 0.1467517 0.1537533 0.2481909 0.1459511 0.2761904 0.1742637 0.1482864 0.1293097 0.1241743 0.1540618 0.1541658 0.1752204 0.1483719 0.1827950 0.1487205 0.1501423 0.1538591 0.1663898 0.2867074 0.1769777 0.1324464 0.1501485 0.1566513 0.1464434 0.1752431 0.1115136 0.1530435 0.1588919 0.2072795 0.1473652 0.1513521 0.1323052 0.1615767 0.1483985 0.1561275 0.1286136 0.1524160 0.1549228 0.1530705 0.3361167 0.1653898 0.1520698 
Helianthus_annuus_SRR9119062               0.3503216 0.2182363 0.3909311 0.3836222 0.3318209 0.1025463 0.4127079 0.2175918 0.0000000 0.3886633 0.3663737 0.3584446 0.3305796 0.2941861 0.4200011 0.3691861 0.5856429 0.3393309 0.3812713 0.2637108 0.4813730 0.3332172 0.3363932 0.3557334 0.3902945 0.3640504 0.3626137 0.3543168 0.4167741 0.1753282 0.3577299 0.3766758 0.2638995 0.3900527 0.3704670 0.3804397 0.4379280 0.3601700 0.3804722 0.3170816 0.3560117 0.3998457 0.3538041 0.3840068 0.3777505 0.5300047 0.3544775 0.5427094 0.4217016 0.3364942 0.3053114 0.3474776 0.3332191 0.3325724 0.3666835 0.2515916 0.2830043 0.3513568 0.3593862 0.3250613 0.2413171 0.4543093 0.2211483 0.2929489 0.3724974 0.3513062 0.3443602 0.3728116 0.1553017 0.3456518 0.3082450 0.4381535 0.3518246 0.3405480 0.2750134 0.2505931 0.3403684 0.4135270 0.3401508 0.3271385 0.2887769 0.3651488 0.4687703 0.2488175 0.3168613 
Lycapsus_tenuifolius_17                    0.1890547 0.1864081 0.8966701 0.2282710 0.1403497 1.0436968 0.1698422 0.1878131 0.3886633 0.0000000 0.2278119 0.1934874 0.1897059 0.9833029 0.8366516 0.2185459 0.9146780 0.2673986 0.4421469 0.7931610 0.8373948 0.2129894 0.3235583 0.1833543 0.1862916 0.1888438 0.1769899 0.1933909 0.7978974 1.0270401 0.9978711 0.2428282 0.3358104 0.0097235 0.1943257 0.2731143 0.7241578 0.2573778 0.2148326 0.9224804 0.1939537 0.2545077 0.1756327 0.2395216 0.1684294 0.9198661 0.1800376 0.8705505 0.1756915 0.8324512 0.7750849 0.7939504 0.1805757 0.1955657 0.1782760 0.2250932 0.2491191 0.1783911 0.1879010 0.2987347 0.3156684 0.7412486 0.1006295 0.3010127 0.1388454 0.1837311 0.1621466 0.2949780 0.9323678 0.1868991 0.1861761 0.6466209 0.1849203 0.1861258 0.7709287 0.2265738 0.1485321 0.2507215 0.7826100 0.1814201 0.1698691 0.1865095 0.1205816 0.2482909 0.2601204 
Pericome_caudata_50_silver                 0.2105268 0.1346898 0.2552429 0.2529176 0.0717498 0.0864879 0.2577272 0.1512036 0.3663737 0.2278119 0.0000000 0.2078355 0.1983689 0.2363283 0.3265992 0.2020345 0.4412827 0.2222998 0.3012307 0.1733520 0.3205979 0.2023815 0.2546744 0.2465105 0.2524698 0.2296542 0.2406962 0.2723790 0.3096643 0.2068957 0.3698607 0.2287255 0.1974336 0.2249181 0.2173696 0.2558869 0.3021929 0.2895136 0.2303104 0.2833399 0.2108642 0.2784827 0.2748789 0.2664095 0.3164720 0.4093561 0.2390632 0.4209780 0.3021612 0.2787481 0.1933513 0.2265090 0.2201210 0.2150606 0.2478960 0.1659302 0.2916711 0.2553278 0.2464260 0.2581593 0.1986012 0.3686410 0.1906568 0.2075161 0.2378406 0.2616480 0.1630793 0.2646514 0.1897290 0.2052367 0.1848924 0.3316816 0.2309846 0.2243214 0.1999298 0.2483147 0.1646514 0.2914672 0.2446076 0.1843034 0.1989434 0.2496977 0.2829709 0.1903056 0.2233654 
Perityle_aglossa_84_dead_horse             0.1549522 0.1466204 0.1799377 0.2413588 0.1647803 0.2110021 0.2488288 0.1586747 0.3584446 0.1934874 0.2078355 0.0000000 0.0390878 0.0593211 0.1742808 0.1148689 0.2459654 0.1789190 0.2742128 0.0313113 0.1650208 0.0425468 0.1235652 0.0859402 0.1373600 0.0728203 0.0673245 0.0796230 0.2661013 0.1082135 0.2358471 0.1910609 0.1452236 0.1943817 0.0626322 0.1791131 0.1364143 0.2092355 0.1273764 0.1452605 0.0573283 0.2075372 0.1795958 0.2000023 0.2880549 0.2263917 0.0616152 0.2389478 0.2544718 0.0508663 0.0314008 0.0526126 0.0688680 0.0725118 0.2165766 0.0424016 0.2179442 0.0571253 0.0728592 0.1806231 0.1971005 0.2641153 0.0938676 0.0220885 0.1933754 0.0868084 0.1566080 0.2235303 0.0581968 0.0383835 0.0323778 0.2450721 0.0531874 0.0473115 0.0317358 0.1612109 0.1324815 0.1870385 0.0479366 0.0211902 0.1659534 0.0807074 0.2301222 0.1705306 0.0975096 
Perityle_ajoensis_204                      0.1368328 0.1162127 0.1663360 0.2413876 0.1689892 0.2059222 0.2477076 0.1501817 0.3305796 0.1897059 0.1983689 0.0390878 0.0000000 0.0498056 0.1678315 0.1120826 0.2385913 0.1827692 0.2476294 0.0374106 0.1448791 0.0419627 0.1228151 0.0542658 0.1223693 0.0328291 0.0646756 0.0770035 0.2468699 0.1059800 0.2462898 0.1743741 0.1458425 0.1985379 0.0415300 0.1776373 0.1168197 0.2052491 0.1380580 0.0854309 0.0570470 0.1836221 0.1507430 0.1683440 0.2614528 0.2479259 0.0491876 0.2531338 0.2187468 0.0495069 0.0295920 0.0512925 0.0511828 0.0463840 0.1859888 0.0454216 0.2137299 0.0383624 0.0527150 0.1700810 0.1816859 0.2646287 0.0679185 0.0347868 0.1676805 0.0592971 0.1661485 0.2094820 0.0468157 0.0290620 0.0364138 0.2388909 0.0503128 0.0472514 0.0361146 0.1699059 0.1201727 0.1787995 0.0355965 0.0403498 0.1594796 0.0549371 0.2257045 0.1781437 0.1022250 
Perityle_ambrosiifolia_67_green            0.1565900 0.1225765 0.1547870 0.2106757 0.1945917 0.2182129 0.2376236 0.1294146 0.2941861 0.9833029 0.2363283 0.0593211 0.0498056 0.0000000 0.0311191 0.0765897 0.0603752 0.1637833 0.1150417 0.0358948 0.0289940 0.0596346 0.1135784 0.0995265 0.1425861 0.0993937 0.1071145 0.1150672 0.1744305 0.1036854 0.1589012 0.1806775 0.1155683 1.0127507 0.0832151 0.1845509 0.0435717 0.1770114 0.1005492 0.1072169 0.0693374 0.1541939 0.2238914 0.1787794 0.3923201 0.0537954 0.0838944 0.0451523 0.1794657 0.0895673 0.0352421 0.0476242 0.0511932 0.0490780 0.1977172 0.0468056 0.3170547 0.0687084 0.0919545 0.1865378 0.0774021 0.1529734 0.0752741 0.0624371 0.1446010 0.0758182 0.1444748 0.3147912 0.0568979 0.0611308 0.0263091 0.1305716 0.0662929 0.0669172 0.0365168 0.1817824 0.1226068 0.1513739 0.0634998 0.0337701 0.1254077 0.0938024 0.7594817 0.1651900 0.0967247 
Perityle_angustifolia_13_Eagle_creek       0.3067941 0.2982045 0.1294513 0.3605560 0.3550784 0.1980838 0.3750316 0.2508805 0.4200011 0.8366516 0.3265992 0.1742808 0.1678315 0.0311191 0.0000000 0.2193702 0.0241019 0.2969180 0.3634860 0.0277413 0.0377903 0.1550347 0.2011093 0.1787850 0.2935898 0.1793445 0.1882649 0.2059611 0.2343216 0.0997303 0.1721242 0.3133300 0.2743732 0.8418187 0.1858916 0.2837778 0.0844282 0.3248472 0.2270116 0.0223373 0.1867614 0.2825115 0.3700619 0.2860156 0.4783378 0.0255871 0.1785467 0.1141590 0.4386932 0.0309919 0.0155141 0.0237581 0.2064112 0.1716341 0.3830435 0.1690813 0.4351999 0.1864352 0.1805124 0.2429667 0.3781091 0.2296118 0.3237138 0.1020879 0.3249982 0.2008962 0.2919550 0.4313467 0.0431421 0.1756147 0.1831333 0.2312890 0.1781625 0.1809804 0.0211335 0.2990386 0.2796523 0.2406473 0.0279922 0.1807432 0.2996034 0.1822033 0.8463761 0.2750378 0.1798979 
Perityle_batopilensis_97                   0.1601336 0.1513481 0.1981043 0.2299359 0.1732332 0.2552736 0.2357958 0.1517314 0.3691861 0.2185459 0.2020345 0.1148689 0.1120826 0.0765897 0.2193702 0.0000000 0.3051430 0.2145028 0.2870992 0.0726354 0.2141555 0.1059071 0.1820345 0.1473973 0.2058874 0.1489693 0.1473468 0.1400469 0.2640516 0.1051437 0.2446681 0.2098177 0.1129306 0.2208963 0.1417734 0.2040906 0.1843368 0.2297571 0.0296838 0.1633030 0.1422448 0.2203829 0.2311035 0.2130117 0.2747200 0.2993868 0.1448789 0.2902881 0.2802035 0.0735341 0.0816064 0.1018655 0.1367498 0.1422795 0.2176074 0.1006528 0.2629495 0.1300723 0.1475345 0.1929904 0.1914013 0.2791263 0.1375526 0.0874694 0.2184145 0.1537772 0.1596776 0.2567593 0.0900657 0.1142646 0.1155989 0.2696518 0.1364197 0.1304666 0.0775376 0.1828580 0.1634096 0.2287628 0.0834008 0.1132619 0.1930563 0.1517115 0.2751422 0.1963188 0.1650875 
Perityle_bisetosa_9                        0.4144929 0.3858650 0.1570169 0.5161561 0.4912859 0.2116264 0.4961295 0.2614606 0.5856429 0.9146780 0.4412827 0.2459654 0.2385913 0.0603752 0.0241019 0.3051430 0.0000000 0.3186640 0.4217245 0.0468370 0.0834786 0.1891263 0.2351551 0.3149134 0.4608102 0.3028706 0.3161931 0.2766377 0.2756358 0.1138508 0.2323361 0.3831963 0.2978177 0.8789919 0.2955096 0.4019042 0.1399480 0.4464236 0.3232226 0.1404811 0.3045638 0.4356104 0.5240411 0.4098928 0.5966779 0.1081351 0.3065250 0.2141719 0.5886544 0.0535564 0.0744953 0.0891293 0.3168054 0.2816896 0.4715473 0.2086604 0.4515274 0.2765938 0.3107821 0.2555477 0.3674334 0.2720772 0.3788283 0.0943536 0.4532635 0.3002316 0.4203384 0.5186285 0.0537077 0.2399869 0.2981662 0.3441763 0.2949082 0.2876694 0.0509662 0.3134996 0.4053511 0.3732145 0.0580821 0.2628282 0.3597858 0.3128310 0.8981489 0.2934079 0.3247364 
Perityle_californica_76_positas            0.1936696 0.1292132 0.2040632 0.2010779 0.1772951 0.1351366 0.2208338 0.1504437 0.3393309 0.2673986 0.2222998 0.1789190 0.1827692 0.1637833 0.2969180 0.2145028 0.3186640 0.0000000 0.2201019 0.1650125 0.2949584 0.1648972 0.1979555 0.1981304 0.2425611 0.1914599 0.2073570 0.1964185 0.2544559 0.1673988 0.2942624 0.1539607 0.2225899 0.2658971 0.1969484 0.2311110 0.2312133 0.2108346 0.2079374 0.2053612 0.1914402 0.2442415 0.2699177 0.2359496 0.3479652 0.3268491 0.1857803 0.3296619 0.2588647 0.1408182 0.1669418 0.1808362 0.1981175 0.1865892 0.2541893 0.1648892 0.2737679 0.1891116 0.1899877 0.2155410 0.1639609 0.2900177 0.1597036 0.1527421 0.1979509 0.1993620 0.1956573 0.3171126 0.1934318 0.1805583 0.1805551 0.2423856 0.1883871 0.1871899 0.1877208 0.2129695 0.1813206 0.2185721 0.1668722 0.1831382 0.1892262 0.1934065 0.2403569 0.1337425 0.1789902 
Perityle_canescens_77                      0.3068836 0.2016592 0.1663841 0.3534271 0.3190933 0.0942025 0.3517734 0.2003242 0.3812713 0.4421469 0.3012307 0.2742128 0.2476294 0.1150417 0.3634860 0.2870992 0.4217245 0.2201019 0.0000000 0.1169016 0.2861107 0.2421310 0.2159904 0.2710858 0.4032372 0.2824956 0.2897761 0.2588465 0.2467875 0.1064337 0.2872309 0.3047086 0.2645323 0.4264010 0.2824761 0.2878403 0.2448507 0.3665618 0.2911151 0.0964420 0.2671630 0.2484232 0.3797041 0.2374882 0.3177593 0.4123257 0.2877694 0.3578851 0.3026913 0.1033222 0.1759666 0.1310535 0.2384720 0.2334559 0.2339595 0.1756187 0.2560326 0.2751261 0.2939807 0.2294369 0.1386009 0.3596695 0.2062811 0.1454840 0.3011801 0.2481416 0.2734113 0.3436605 0.0878467 0.2747705 0.2765521 0.2392468 0.2922020 0.2913628 0.1364320 0.2474942 0.3006502 0.3383094 0.1296560 0.2784076 0.2583650 0.2953823 0.5163789 0.2231942 0.2295675 
Perityle_castillonii_96                    0.1238368 0.1293819 0.1120720 0.1668901 0.1354956 0.2100409 0.2455553 0.1239570 0.2637108 0.7931610 0.1733520 0.0313113 0.0374106 0.0358948 0.0277413 0.0726354 0.0468370 0.1650125 0.1169016 0.0000000 0.0238738 0.0340167 0.1115887 0.0304702 0.2161436 0.0383526 0.0366191 0.0937908 0.1184744 0.0997286 0.1901220 0.1637642 0.1154852 0.7917039 0.0350082 0.1425407 0.0432832 0.1313729 0.1020545 0.0244888 0.0358817 0.1496002 0.3083456 0.1423227 0.2792146 0.0306222 0.0323924 0.0311178 0.1976853 0.0296069 0.0262774 0.0212512 0.0445520 0.0323305 0.1887934 0.0414637 0.3262633 0.0312999 0.0349861 0.1489943 0.0654201 0.1273379 0.0675036 0.0255125 0.1267052 0.0618982 0.1391347 0.2619006 0.0562477 0.0321593 0.0273054 0.1237476 0.0321285 0.0363527 0.0343891 0.2107428 0.0953834 0.1702325 0.0349580 0.0257818 0.1415084 0.0366993 0.8606038 0.1666654 0.0694249 
Perityle_cernua_84                         0.3328488 0.3522633 0.1436298 0.3410872 0.3977626 0.1939331 0.4004480 0.2776585 0.4813730 0.8373948 0.3205979 0.1650208 0.1448791 0.0289940 0.0377903 0.2141555 0.0834786 0.2949584 0.2861107 0.0238738 0.0000000 0.1439663 0.1911086 0.1638452 0.3473315 0.1699425 0.1779119 0.2279791 0.2203693 0.1058357 0.1761901 0.2865845 0.1965873 0.8436166 0.1736403 0.2769812 0.0648602 0.3317914 0.2467650 0.0229732 0.1626875 0.2850135 0.4583538 0.2915877 0.4569211 0.0658262 0.1678999 0.0422614 0.4669357 0.0352898 0.0509011 0.0388390 0.1886921 0.1438562 0.3762128 0.1758463 0.5151571 0.1798800 0.1697492 0.2032305 0.2541377 0.2266976 0.3325592 0.0854649 0.2916711 0.1890459 0.3121732 0.4269216 0.0470453 0.1675356 0.1625931 0.2568136 0.1666050 0.1699625 0.0251051 0.3296033 0.3009172 0.2981288 0.0486742 0.1555814 0.2824074 0.1724267 0.8413798 0.2932919 0.2182102 
Perityle_cfvillosa_25_tin                  0.1443207 0.1193001 0.1790137 0.2159377 0.1584675 0.2179449 0.2415431 0.1534229 0.3332172 0.2129894 0.2023815 0.0425468 0.0419627 0.0596346 0.1550347 0.1059071 0.1891263 0.1648972 0.2421310 0.0340167 0.1439663 0.0000000 0.1078877 0.0983574 0.1295338 0.0816124 0.0747629 0.0851694 0.2866256 0.1030239 0.2262436 0.1671669 0.1325388 0.2138437 0.0688520 0.1730297 0.1114827 0.1806568 0.1276467 0.1302992 0.0615654 0.1738309 0.1710214 0.1747168 0.2904248 0.1660911 0.0564056 0.1692541 0.2049790 0.0451480 0.0313405 0.0578231 0.0494401 0.0460571 0.1861335 0.0433889 0.2125982 0.0244903 0.0719116 0.1816046 0.1812045 0.2618900 0.0583623 0.0354667 0.1609265 0.0622934 0.1628483 0.2218868 0.0587960 0.0406709 0.0328974 0.2287460 0.0440416 0.0423368 0.0372123 0.1460431 0.1113438 0.1787522 0.0451361 0.0384318 0.1526016 0.0822774 0.2438803 0.1620587 0.0859729 
Perityle_cinerea_113_Powell1310            0.2207482 0.1881506 0.2409330 0.2587109 0.2763571 0.1882459 0.2427460 0.1755196 0.3363932 0.3235583 0.2546744 0.1235652 0.1228151 0.1135784 0.2011093 0.1820345 0.2351551 0.1979555 0.2159904 0.1115887 0.1911086 0.1078877 0.0000000 0.1273490 0.2200311 0.1258103 0.1369920 0.1798847 0.3144363 0.2029153 0.2295526 0.2244850 0.1565620 0.3192623 0.1224335 0.2139313 0.1729377 0.2202342 0.1940059 0.1260238 0.1297231 0.2169771 0.2879958 0.2232285 0.2950004 0.2591405 0.1248136 0.2764348 0.2901288 0.2923677 0.1023502 0.1063653 0.1307185 0.1192480 0.2274524 0.1097686 0.3018160 0.1215302 0.1296691 0.1864068 0.1536075 0.2941467 0.1947320 0.0877058 0.2043373 0.1388297 0.2089286 0.2619971 0.0737336 0.1116578 0.1268610 0.2141520 0.1249755 0.1259312 0.0801270 0.2625635 0.1753165 0.1757669 0.1149981 0.1332261 0.1827874 0.1261061 0.3890041 0.2033124 0.1829047 
Perityle_coahuilensis_24                   0.1754229 0.1449920 0.2702702 0.2693118 0.1881836 0.2328086 0.2549994 0.1544913 0.3557334 0.1833543 0.2465105 0.0859402 0.0542658 0.0995265 0.1787850 0.1473973 0.3149134 0.1981304 0.2710858 0.0304702 0.1638452 0.0983574 0.1273490 0.0000000 0.1413452 0.0530313 0.0553708 0.1452034 0.3327764 0.1009880 0.2419682 0.2250023 0.1428817 0.1933053 0.0395002 0.2162591 0.1611515 0.2577629 0.1701666 0.0975839 0.0379829 0.2351466 0.1644838 0.2469542 0.3086055 0.2982494 0.0327327 0.2849533 0.2656094 0.2031482 0.0443848 0.0666196 0.0786041 0.0640403 0.2240552 0.0417536 0.2137040 0.0994043 0.0462077 0.2173220 0.1887835 0.3028948 0.0887552 0.1163992 0.1999490 0.1392944 0.1705247 0.2499831 0.0507695 0.0717856 0.0040047 0.2583660 0.0315985 0.0475825 0.0337028 0.1610970 0.1356211 0.2431468 0.1339723 0.0461270 0.1652610 0.0579908 0.2282998 0.1803190 0.1333208 
Perityle_cochisensis_44_cave_creek         0.2059176 0.1602697 0.4375433 0.2441879 0.1562221 0.2153793 0.2683471 0.1839373 0.3902945 0.1862916 0.2524698 0.1373600 0.1223693 0.1425861 0.2935898 0.2058874 0.4608102 0.2425611 0.4032372 0.2161436 0.3473315 0.1295338 0.2200311 0.1413452 0.0000000 0.1375798 0.1483256 0.0858258 0.4870972 0.1570414 0.2738287 0.2367972 0.2227779 0.1871790 0.1397343 0.2510274 0.3210630 0.1900835 0.2317860 0.0599769 0.1208319 0.2662711 0.1847868 0.2629207 0.2913574 0.4431402 0.1369474 0.4493918 0.2479893 0.0211189 0.2355153 0.2269752 0.1634144 0.1385139 0.2959042 0.0841651 0.2156902 0.1581968 0.1424797 0.2683941 0.2072614 0.3730292 0.0561259 0.1398419 0.2573925 0.1536221 0.2508921 0.2956493 0.1046136 0.1356041 0.1388076 0.3735738 0.1409725 0.1435262 0.2145025 0.1384998 0.1850351 0.2446093 0.2336724 0.1171848 0.1981802 0.1446968 0.1902736 0.2393051 0.0820234 
Perityle_congesta_202                      0.1779632 0.1447737 0.2474695 0.2619728 0.1918655 0.2362776 0.2592958 0.1428032 0.3640504 0.1888438 0.2296542 0.0728203 0.0328291 0.0993937 0.1793445 0.1489693 0.3028706 0.1914599 0.2824956 0.0383526 0.1699425 0.0816124 0.1258103 0.0530313 0.1375798 0.0000000 0.0513244 0.1183202 0.3160989 0.1005900 0.2479703 0.2208585 0.1518438 0.1935457 0.0327756 0.2137559 0.1559860 0.2537348 0.1616025 0.0975817 0.0427102 0.2347619 0.1705804 0.2375369 0.3098435 0.2771473 0.0357725 0.2847000 0.2787757 0.1692858 0.0470025 0.0701456 0.0806728 0.0690536 0.2361332 0.0467528 0.2183654 0.0868087 0.0340698 0.2072497 0.1871855 0.3046136 0.0951130 0.0909830 0.2029064 0.1243586 0.1759783 0.2540374 0.0493408 0.0573649 0.0369125 0.2621673 0.0372243 0.0492821 0.0329694 0.1688993 0.1412282 0.2301440 0.0941164 0.0528206 0.1703614 0.0365541 0.2283758 0.1744816 0.1389532 
Perityle_cordifolia_27                     0.1717478 0.1426443 0.2468725 0.2708225 0.1998822 0.2323459 0.2648876 0.1553016 0.3626137 0.1769899 0.2406962 0.0673245 0.0646756 0.1071145 0.1882649 0.1473468 0.3161931 0.2073570 0.2897761 0.0366191 0.1779119 0.0747629 0.1369920 0.0553708 0.1483256 0.0513244 0.0000000 0.1135608 0.2912503 0.1089853 0.2645458 0.2187630 0.1491269 0.1750694 0.0490375 0.2110047 0.1779755 0.2486750 0.1782419 0.1018575 0.0495307 0.2507873 0.1756136 0.2346491 0.2836690 0.2711529 0.0470448 0.3033295 0.2860054 0.1626012 0.0539024 0.0770993 0.0744509 0.0733731 0.2338952 0.0512678 0.2179852 0.0843199 0.0518510 0.2147112 0.1960681 0.2893767 0.0837547 0.0804092 0.2109581 0.1017843 0.1795352 0.2391517 0.0547025 0.0670374 0.0418966 0.2734753 0.0478949 0.0537593 0.0369574 0.1721583 0.1429544 0.2295422 0.0952957 0.0608633 0.1742081 0.0542957 0.2285806 0.1834632 0.1396556 
Perityle_cordifolia_68_tecolote            0.1578082 0.1252745 0.2324916 0.2323958 0.1748337 0.2122149 0.2284582 0.1659010 0.3543168 0.1933909 0.2723790 0.0796230 0.0770035 0.1150672 0.2059611 0.1400469 0.2766377 0.1964185 0.2588465 0.0937908 0.2279791 0.0851694 0.1798847 0.1452034 0.0858258 0.1183202 0.1135608 0.0000000 0.3323189 0.1193235 0.2754516 0.2008582 0.1683431 0.1954940 0.1087326 0.2114472 0.1850250 0.1912034 0.1808232 0.1492589 0.0998207 0.2208197 0.1385198 0.2102246 0.3157103 0.2866385 0.0981236 0.3258200 0.1895390 0.0717153 0.0871778 0.1177915 0.0808017 0.0743653 0.1928794 0.0407459 0.2373702 0.0812173 0.1166900 0.2229132 0.1738810 0.2877277 0.0790195 0.0872300 0.1662621 0.0889107 0.1763020 0.2616832 0.0725127 0.0772358 0.0715045 0.2775614 0.0878917 0.0858824 0.1038414 0.1669325 0.1538637 0.1877847 0.1008055 0.0727283 0.1729790 0.1333907 0.2211398 0.1953908 0.1269947 
Perityle_coronopifolia_28_patagonia        0.2775811 0.2540086 0.1613007 0.3229507 0.3564215 0.1016173 0.3742733 0.2656116 0.4167741 0.7978974 0.3096643 0.2661013 0.2468699 0.1744305 0.2343216 0.2640516 0.2756358 0.2544559 0.2467875 0.1184744 0.2203693 0.2866256 0.3144363 0.3327764 0.4870972 0.3160989 0.2912503 0.3323189 0.0000000 0.0947005 0.2259271 0.2504515 0.2438861 0.7978974 0.2953709 0.2600509 0.2082333 0.2896890 0.2871012 0.2135222 0.2771440 0.2640533 0.3875783 0.2917211 0.3130018 0.2845997 0.2828442 0.2574311 0.3752596 0.1769017 0.1384470 0.1522827 0.2433701 0.2567870 0.2182274 0.2426232 0.3089943 0.2640300 0.3170340 0.2463797 0.2579806 0.1937150 0.2965129 0.2642102 0.1964587 0.3040984 0.2468683 0.2823271 0.0923493 0.2556689 0.2473031 0.2790424 0.2607154 0.2623944 0.1500180 0.3177671 0.2537415 0.3475268 0.2056044 0.2427084 0.3033444 0.3384721 0.9004176 0.2674693 0.2578425 
Perityle_crassifolia_70_ventanas           0.1463660 0.1182047 0.0826479 0.1258779 0.1729440 0.2796213 0.1226230 0.1349071 0.1753282 1.0270401 0.2068957 0.1082135 0.1059800 0.1036854 0.0997303 0.1051437 0.1138508 0.1673988 0.1064337 0.0997286 0.1058357 0.1030239 0.2029153 0.1009880 0.1570414 0.1005900 0.1089853 0.1193235 0.0947005 0.0000000 0.0283922 0.1616873 0.1080483 1.0237765 0.1134330 0.1390534 0.1033420 0.1527657 0.1448122 0.0947844 0.1094564 0.1356714 0.2238093 0.1404356 0.3246353 0.1059979 0.1021722 0.1069853 0.1577137 0.0774519 0.0979959 0.0929694 0.1090002 0.1042399 0.1833895 0.1115911 0.3251112 0.1010424 0.1105646 0.1364634 0.0915464 0.1261212 0.0809035 0.1021600 0.0994996 0.1101100 0.0975560 0.3200493 0.1215758 0.1088718 0.0960617 0.0076080 0.1048957 0.1103439 0.1151867 0.1701951 0.0939443 0.1389329 0.1011968 0.1071422 0.1326846 0.1119670 0.8095680 0.1733077 0.1368449 
Perityle_crassifolia_74_playa_balandra     0.2745126 0.2154676 0.1782567 0.2883561 0.6972179 0.2745538 0.3374985 0.1376445 0.3577299 0.9978711 0.3698607 0.2358471 0.2462898 0.1589012 0.1721242 0.2446681 0.2323361 0.2942624 0.2872309 0.1901220 0.1761901 0.2262436 0.2295526 0.2419682 0.2738287 0.2479703 0.2645458 0.2754516 0.2259271 0.0283922 0.0000000 0.3116900 0.1640451 0.9956061 0.2527415 0.2799302 0.2228603 0.2553792 0.2440445 0.1178079 0.2442052 0.2677155 0.5231250 0.2722635 0.4691040 0.2290559 0.2390387 0.2269296 0.6680733 0.1343677 0.1844835 0.1772027 0.2702302 0.2398689 0.3607108 0.1793474 0.5578351 0.2486090 0.2462741 0.1999136 0.1080927 0.1958841 0.6769134 0.1990738 0.2723492 0.2490759 0.3051198 0.4384905 0.1317855 0.2481974 0.2408390 0.1193684 0.2438576 0.2514822 0.1893285 0.4055466 0.2159633 0.3060680 0.1829689 0.2379089 0.2307004 0.2488344 0.8873059 0.2568943 0.2286073 
Perityle_cuneata_34_cuneata_San_antonio    0.1841950 0.1462259 0.1961023 0.2641279 0.1776152 0.1267968 0.2478399 0.1621657 0.3766758 0.2428282 0.2287255 0.1910609 0.1743741 0.1806775 0.3133300 0.2098177 0.3831963 0.1539607 0.3047086 0.1637642 0.2865845 0.1671669 0.2244850 0.2250023 0.2367972 0.2208585 0.2187630 0.2008582 0.2504515 0.1616873 0.3116900 0.0000000 0.1985470 0.2204294 0.2105040 0.2171811 0.2558020 0.2338403 0.2176482 0.2339709 0.2039009 0.2507405 0.2766126 0.2321570 0.3209383 0.3806972 0.2120761 0.3940196 0.2894605 0.1559242 0.1903312 0.1944693 0.2158347 0.1998728 0.2472303 0.1563688 0.2755118 0.2165706 0.2217992 0.2143826 0.2022952 0.3296715 0.1919681 0.1534545 0.2230854 0.2260888 0.1824955 0.2937948 0.1798384 0.1974863 0.1909844 0.2908946 0.2052410 0.2041866 0.1848928 0.2198017 0.1820967 0.2622702 0.1715506 0.1836286 0.2096472 0.2258297 0.2846933 0.1030905 0.2040256 
Perityle_cuneata_4                         0.1734866 0.1485012 0.1851206 0.2060202 0.1528421 0.2248348 0.2555377 0.1475621 0.2638995 0.3358104 0.1974336 0.1452236 0.1458425 0.1155683 0.2743732 0.1129306 0.2978177 0.2225899 0.2645323 0.1154852 0.1965873 0.1325388 0.1565620 0.1428817 0.2227779 0.1518438 0.1491269 0.1683431 0.2438861 0.1080483 0.1640451 0.1985470 0.0000000 0.3330133 0.1512540 0.1858759 0.2089805 0.2352252 0.1354728 0.1049232 0.1455707 0.2131485 0.2947419 0.1959237 0.2574841 0.2747806 0.1414853 0.2847208 0.2886977 0.1042763 0.1146106 0.1109670 0.1656032 0.1758446 0.2302807 0.1294751 0.3467166 0.1553146 0.1438609 0.1438636 0.1813174 0.2797377 0.1666143 0.1266178 0.2062291 0.1802105 0.1346300 0.2603801 0.1294437 0.1456806 0.1407803 0.1936904 0.1450849 0.1445223 0.1060906 0.2298657 0.1489312 0.2192771 0.1135306 0.1452204 0.2057464 0.1484582 0.2849807 0.2002684 0.1439556 
Perityle_discoidea_81                      0.1860912 0.1814606 0.8966701 0.2117830 0.1405605 1.0337125 0.1702943 0.1928972 0.3900527 0.0097235 0.2249181 0.1943817 0.1985379 1.0127507 0.8418187 0.2208963 0.8789919 0.2658971 0.4264010 0.7917039 0.8436166 0.2138437 0.3192623 0.1933053 0.1871790 0.1935457 0.1750694 0.1954940 0.7978974 1.0237765 0.9956061 0.2204294 0.3330133 0.0000000 0.1939147 0.2617053 0.7242167 0.2086874 0.2153844 0.9488131 0.1943079 0.2486922 0.1757493 0.2396393 0.1573493 0.8788702 0.1841770 0.8327881 0.1703785 0.9984206 0.7912702 0.8107222 0.1783498 0.1969828 0.1788620 0.2259447 0.2534572 0.1842761 0.1931938 0.2966136 0.3088031 0.7409654 0.1007976 0.3062053 0.1277611 0.1829923 0.1565496 0.3016843 0.9247006 0.1964827 0.1964771 0.6380842 0.1898472 0.1911920 0.7868991 0.1944268 0.1489280 0.2633859 0.7982756 0.1910054 0.1681533 0.1916342 0.1218717 0.2460903 0.2289246 
Perityle_dissecta_201                      0.1750201 0.1627492 0.2288926 0.2634834 0.1939084 0.2360154 0.2612398 0.1644999 0.3704670 0.1943257 0.2173696 0.0626322 0.0415300 0.0832151 0.1858916 0.1417734 0.2955096 0.1969484 0.2824761 0.0350082 0.1736403 0.0688520 0.1224335 0.0395002 0.1397343 0.0327756 0.0490375 0.1087326 0.2953709 0.1134330 0.2527415 0.2105040 0.1512540 0.1939147 0.0000000 0.2060707 0.1532248 0.2404385 0.1469838 0.0939688 0.0388271 0.2232633 0.1850712 0.2282636 0.2923504 0.2603307 0.0393217 0.2758521 0.2786717 0.1423437 0.0419709 0.0695209 0.0838456 0.0658568 0.2326883 0.0510306 0.2294487 0.0846636 0.0421543 0.2095620 0.1997352 0.3059386 0.1033043 0.0744232 0.2120628 0.1147892 0.1770169 0.2526408 0.0575908 0.0447167 0.0334613 0.2649895 0.0413898 0.0513983 0.0329137 0.1861641 0.1473104 0.2228200 0.0806546 0.0516213 0.1788472 0.0441298 0.2314312 0.1823287 0.1285986 
Perityle_feddemae_99                       0.1912472 0.1569805 0.2065595 0.2667005 0.2127455 0.2514100 0.2801942 0.1439355 0.3804397 0.2731143 0.2558869 0.1791131 0.1776373 0.1845509 0.2837778 0.2040906 0.4019042 0.2311110 0.2878403 0.1425407 0.2769812 0.1730297 0.2139313 0.2162591 0.2510274 0.2137559 0.2110047 0.2114472 0.2600509 0.1390534 0.2799302 0.2171811 0.1858759 0.2617053 0.2060707 0.0000000 0.2411337 0.2309584 0.2184345 0.2380187 0.2044055 0.0581850 0.2817447 0.0500656 0.3262084 0.3812818 0.2093554 0.3677517 0.1156589 0.1714040 0.1540623 0.1796847 0.1944268 0.1938026 0.2362213 0.1433335 0.2783487 0.2032063 0.2161561 0.1769875 0.1990069 0.2711995 0.1543980 0.1577736 0.2230120 0.2201618 0.1977864 0.2791087 0.1495336 0.1855009 0.1713989 0.2777574 0.1992483 0.1980392 0.1573399 0.2166905 0.1663648 0.2432208 0.1704914 0.1800408 0.1830308 0.2196557 0.3032540 0.2072410 0.1796542 
Perityle_fosteri_93                        0.2538706 0.2534803 0.1575613 0.3712550 0.3208767 0.2113305 0.3996473 0.2125041 0.4379280 0.7241578 0.3021929 0.1364143 0.1168197 0.0435717 0.0844282 0.1843368 0.1399480 0.2312133 0.2448507 0.0432832 0.0648602 0.1114827 0.1729377 0.1611515 0.3210630 0.1559860 0.1779755 0.1850250 0.2082333 0.1033420 0.2228603 0.2558020 0.2089805 0.7242167 0.1532248 0.2411337 0.0000000 0.2774639 0.2088604 0.0905096 0.1691096 0.2479287 0.4025245 0.2377563 0.4332535 0.1404550 0.1637001 0.1180751 0.3455594 0.0455623 0.0403203 0.0687758 0.1533824 0.1419057 0.2986537 0.1336599 0.3864416 0.1345671 0.1661249 0.2184877 0.2393187 0.2124370 0.2134035 0.0781595 0.2797519 0.1542471 0.2783284 0.3663844 0.0371979 0.1307286 0.1455670 0.2520151 0.1613772 0.1597867 0.0421169 0.2572899 0.2549414 0.2701056 0.0521395 0.1277537 0.2393489 0.1697525 0.7480905 0.2232121 0.1821078 
Perityle_gamon_221                         0.2050605 0.1556286 0.2045566 0.3018796 0.2315848 0.2297080 0.2405175 0.1547534 0.3601700 0.2573778 0.2895136 0.2092355 0.2052491 0.1770114 0.3248472 0.2297571 0.4464236 0.2108346 0.3665618 0.1313729 0.3317914 0.1806568 0.2202342 0.2577629 0.1900835 0.2537348 0.2486750 0.1912034 0.2896890 0.1527657 0.2553792 0.2338403 0.2352252 0.2086874 0.2404385 0.2309584 0.2774639 0.0000000 0.2312468 0.2406578 0.2285842 0.2733865 0.2468892 0.2380785 0.3636496 0.4559765 0.2466769 0.4511257 0.2678292 0.1725745 0.1731394 0.1902554 0.2299868 0.2100845 0.2898720 0.1363199 0.2523375 0.2298919 0.2539293 0.1987236 0.2112364 0.3130765 0.1719544 0.1536306 0.2706858 0.2457105 0.1998029 0.3234649 0.1704529 0.2179968 0.2160376 0.2977718 0.2385569 0.2342447 0.1570762 0.1637308 0.1918375 0.2276988 0.1764463 0.2181427 0.1710859 0.2589076 0.2891174 0.1851401 0.1960729 
Perityle_gentryi_8_san_francisco           0.1676838 0.1476424 0.2119969 0.2461451 0.1960029 0.2497550 0.2407372 0.1563844 0.3804722 0.2148326 0.2303104 0.1273764 0.1380580 0.1005492 0.2270116 0.0296838 0.3232226 0.2079374 0.2911151 0.1020545 0.2467650 0.1276467 0.1940059 0.1701666 0.2317860 0.1616025 0.1782419 0.1808232 0.2871012 0.1448122 0.2440445 0.2176482 0.1354728 0.2153844 0.1469838 0.2184345 0.2088604 0.2312468 0.0000000 0.1838874 0.1564170 0.2292025 0.2519135 0.2187363 0.3092386 0.3130689 0.1685048 0.3218390 0.2718965 0.1125896 0.1055110 0.1203186 0.1411911 0.1453703 0.2194337 0.1271138 0.2798687 0.1537442 0.1734816 0.2145257 0.2297115 0.2767806 0.1574784 0.1111678 0.2224947 0.1685642 0.1789659 0.2655270 0.1422454 0.1282334 0.1450504 0.2871209 0.1668000 0.1619297 0.1197078 0.2288715 0.1636213 0.2615812 0.1072029 0.1307982 0.1866747 0.1762942 0.2880438 0.2080222 0.1816841 
Perityle_gilensis_22_Superstition          0.2103301 0.1211508 0.2440617 0.2428052 0.2396323 0.2293231 0.1842420 0.1225733 0.3170816 0.9224804 0.2833399 0.1452605 0.0854309 0.1072169 0.0223373 0.1633030 0.1404811 0.2053612 0.0964420 0.0244888 0.0229732 0.1302992 0.1260238 0.0975839 0.0599769 0.0975817 0.1018575 0.1492589 0.2135222 0.0947844 0.1178079 0.2339709 0.1049232 0.9488131 0.0939688 0.2380187 0.0905096 0.2406578 0.1838874 0.0000000 0.0692264 0.1937424 0.1704400 0.2369824 0.4261342 0.0726767 0.0871673 0.1054783 0.2386566 0.2148032 0.0509164 0.1135721 0.0776941 0.0265440 0.2233483 0.0352775 0.2776745 0.1405737 0.0942561 0.2592968 0.0745450 0.1896351 0.0630610 0.1479587 0.1988109 0.1515703 0.1730929 0.3869709 0.0487409 0.1344973 0.0062682 0.1849925 0.0473918 0.0572181 0.0266839 0.1202350 0.1464182 0.2162226 0.1481880 0.0607886 0.1107732 0.0990227 0.7711283 0.1543227 0.1478172 
Perityle_gilensis_salensis_225             0.1718840 0.1533297 0.2166712 0.2520495 0.1920361 0.2259812 0.2615129 0.1623035 0.3560117 0.1939537 0.2108642 0.0573283 0.0570470 0.0693374 0.1867614 0.1422448 0.3045638 0.1914402 0.2671630 0.0358817 0.1626875 0.0615654 0.1297231 0.0379829 0.1208319 0.0427102 0.0495307 0.0998207 0.2771440 0.1094564 0.2442052 0.2039009 0.1455707 0.1943079 0.0388271 0.2044055 0.1691096 0.2285842 0.1564170 0.0692264 0.0000000 0.2254927 0.1827487 0.2172863 0.2903984 0.2571702 0.0389465 0.2854532 0.2748847 0.1156953 0.0516710 0.0645676 0.0799699 0.0665186 0.2284982 0.0477275 0.2197829 0.0751778 0.0413695 0.1947759 0.1886728 0.2858835 0.0886929 0.0594939 0.2059569 0.1049828 0.1816675 0.2412882 0.0567489 0.0568299 0.0370934 0.2630475 0.0403247 0.0448243 0.0346809 0.1698156 0.1432043 0.2130504 0.0811349 0.0499320 0.1697674 0.0429777 0.2260363 0.1752530 0.1208648 
Perityle_glaucescens_94                    0.2212520 0.1832726 0.2144525 0.3183922 0.2058235 0.2508057 0.2875692 0.1554648 0.3998457 0.2545077 0.2784827 0.2075372 0.1836221 0.1541939 0.2825115 0.2203829 0.4356104 0.2442415 0.2484232 0.1496002 0.2850135 0.1738309 0.2169771 0.2351466 0.2662711 0.2347619 0.2507873 0.2208197 0.2640533 0.1356714 0.2677155 0.2507405 0.2131485 0.2486922 0.2232633 0.0581850 0.2479287 0.2733865 0.2292025 0.1937424 0.2254927 0.0000000 0.3034011 0.0377935 0.3514889 0.4213987 0.2405232 0.4042072 0.0752242 0.1603133 0.1964544 0.1932643 0.1967561 0.1835854 0.1918666 0.1391658 0.2925308 0.2225360 0.2447469 0.1706417 0.1705258 0.2688130 0.1642591 0.1525882 0.2632895 0.2193617 0.2126382 0.3165075 0.1513288 0.2134967 0.2121812 0.2819829 0.2437967 0.2401243 0.1661073 0.2271548 0.2116083 0.2795976 0.1863976 0.1941076 0.1792591 0.2474142 0.3055271 0.2205780 0.1780827 
Perityle_gracilis_11                       0.2123502 0.1664642 0.3193018 0.2638070 0.1575854 0.3853994 0.2636807 0.1721330 0.3538041 0.1756327 0.2748789 0.1795958 0.1507430 0.2238914 0.3700619 0.2311035 0.5240411 0.2699177 0.3797041 0.3083456 0.4583538 0.1710214 0.2879958 0.1644838 0.1847868 0.1705804 0.1756136 0.1385198 0.3875783 0.2238093 0.5231250 0.2766126 0.2947419 0.1757493 0.1850712 0.2817447 0.4025245 0.2468892 0.2519135 0.1704400 0.1827487 0.3034011 0.0000000 0.2939175 0.2893540 0.5061279 0.1434976 0.5294532 0.2464911 0.0982811 0.3208293 0.3288727 0.1862972 0.1937217 0.2789741 0.1505395 0.1681544 0.1762307 0.1499015 0.2880804 0.2299085 0.3952921 0.0716743 0.1989739 0.2409993 0.1898387 0.2296394 0.3024823 0.2158243 0.1748487 0.1657577 0.4020690 0.1442480 0.1456288 0.3972783 0.0173922 0.1994462 0.2799082 0.3150201 0.1558836 0.2473591 0.1511666 0.2216984 0.2445820 0.1625053 
Perityle_harkerae_31                       0.2144858 0.1742711 0.2089082 0.3013439 0.1879305 0.2522410 0.2768916 0.1467517 0.3840068 0.2395216 0.2664095 0.2000023 0.1683440 0.1787794 0.2860156 0.2130117 0.4098928 0.2359496 0.2374882 0.1423227 0.2915877 0.1747168 0.2232285 0.2469542 0.2629207 0.2375369 0.2346491 0.2102246 0.2917211 0.1404356 0.2722635 0.2321570 0.1959237 0.2396393 0.2282636 0.0500656 0.2377563 0.2380785 0.2187363 0.2369824 0.2172863 0.0377935 0.2939175 0.0000000 0.3391570 0.3859242 0.2298754 0.3594642 0.0640745 0.1711103 0.1887396 0.1922793 0.1760970 0.1814412 0.1834611 0.1419676 0.2803606 0.2011682 0.2385802 0.1615722 0.1624005 0.2575505 0.1537644 0.1649159 0.2464790 0.2017178 0.1960536 0.3056911 0.1569261 0.2031681 0.1907106 0.2745063 0.2198581 0.2161088 0.1558697 0.2174217 0.1994045 0.2364815 0.1863122 0.1867527 0.1708120 0.2500066 0.2853538 0.2213303 0.1600406 
