85
Amauria_brandeegeana_62                    0.0000000 0.0000010 0.0703780 0.1592657 0.1202333 0.0000010 0.1443345 0.1354901 0.2591814 0.1278984 0.1190557 0.0987703 0.1018190 0.1066744 0.1804526 0.0901104 0.1128672 0.1099014 0.0798578 0.0941996 0.0775803 0.1154660 0.0493683 0.1438460 0.0730193 0.1349495 0.1154378 0.4441724 0.2998215 0.1328016 0.1203512 0.1328965 0.1254084 0.3067525 0.1065034 0.0730888 0.1085200 0.1182268 0.0955583 0.1030139 0.1190058 0.1179432 0.6981089 0.1032778 0.0983188 0.0000010 0.1484212 0.1060559 0.1305194 0.0000010 0.1012302 0.0903326 0.1059657 0.1172296 0.0845114 0.0917349 0.1150810 0.0899412 0.1429666 0.1496355 0.1974137 0.0000010 0.0939273 0.1099123 0.0894705 0.0954635 0.1124706 0.1356995 0.1540290 0.0849406 0.1190785 0.0995742 0.1371602 0.1290243 0.1254961 0.1117466 0.0994517 0.1129747 0.0000010 0.1237136 0.1018628 0.0000010 0.1229449 0.0987779 0.0735974 
Amauria_carterae_99_mesa                   0.0000010 0.0000000 0.1000794 0.2217499 0.1270716 0.0775138 0.1705873 0.1572944 0.2479130 0.4997958 0.1345662 0.1142615 0.1238334 0.1228193 0.1092240 0.1237397 0.1365143 0.1455450 0.1178065 0.1168706 0.1124618 0.1201479 0.1229246 0.1145685 0.1859211 0.1301320 0.1190741 0.1174925 0.0998801 0.1360625 0.1645833 0.2479529 0.1159401 0.1388169 0.1221068 0.0693709 0.1164254 0.1184492 0.1155598 0.1241815 0.1146354 0.1126173 0.1212921 0.1218998 0.1136239 0.1202410 0.1139519 0.1207048 0.1187288 0.1137992 0.1159643 0.1120618 0.1171651 0.1234626 0.1145233 0.3289625 0.1143947 0.1198818 0.1223889 0.1223847 0.0996914 0.1111324 0.1305890 0.1148148 0.1202171 0.1062591 0.1196745 0.1120091 0.2500177 0.0832788 0.1432763 0.1031641 0.1349803 0.1234795 0.1212953 0.1312898 0.1027001 0.1376300 0.1100094 0.1307975 0.1222938 0.0865063 0.1253605 0.1235772 0.0864198 
Amauria_rotundifolia_SRR9119150            0.0703780 0.1000794 0.0000000 0.2716730 0.1876352 0.1278718 0.2212921 0.2343494 0.3802642 0.2134295 0.1692450 0.1874107 0.1922578 0.1762331 0.1845004 0.1743378 0.2001483 0.2255637 0.1695117 0.1857641 0.1575553 0.1750302 0.1426696 0.2124247 0.2604364 0.2043488 0.1966951 0.2144570 0.1859992 0.1545641 0.1535574 0.2312984 0.1973928 0.2398538 0.2137666 0.0995884 0.2127282 0.1634627 0.2258925 0.1716264 0.1820507 0.1840934 0.2141375 0.1586665 0.2012027 0.2273578 0.1905056 0.1799615 0.1884689 0.1981375 0.1572174 0.1987218 0.1359952 0.1871790 0.1585926 0.1930953 0.1362428 0.1522587 0.1958019 0.1993065 0.1908564 0.1426488 0.1962579 0.1012545 0.2071618 0.1911719 0.1949319 0.1830722 0.2434548 0.1236380 0.2094987 0.1932738 0.1771918 0.1913816 0.1819888 0.2169918 0.0940554 0.1920574 0.2135110 0.1884675 0.2059905 0.1549288 0.1911797 0.1479815 0.1376051 
Conoclinium_coelestinum_SRR9119114         0.1592657 0.2217499 0.2716730 0.0000000 0.2901525 0.1767871 0.2035106 0.1752854 0.3734446 0.2608211 0.2645756 0.2482423 0.2552727 0.2618440 0.2615648 0.2301468 0.2838828 0.3097899 0.2381867 0.2673841 0.2504295 0.2681103 0.1687930 0.2667039 0.3389893 0.2765651 0.2669451 0.2942121 0.2444506 0.2658576 0.2377679 0.2764491 0.2711242 0.3374216 0.2680344 0.2198204 0.2775392 0.2617977 0.2798674 0.2448805 0.2815283 0.2651488 0.2940273 0.2530233 0.2845067 0.2953343 0.2695130 0.2523679 0.2731380 0.2867340 0.2501201 0.2664010 0.2305379 0.2658211 0.2573194 0.2315747 0.2385164 0.2182417 0.2742108 0.2764314 0.2436702 0.2079096 0.2238718 0.1899876 0.2587178 0.2411633 0.2742058 0.2187743 0.2414328 0.2372659 0.2804611 0.2471818 0.2734077 0.2758789 0.2754937 0.2809113 0.1893330 0.2346115 0.2811461 0.2572284 0.2583673 0.2332018 0.2747505 0.2622236 0.2308728 
Eutetras_palmeri_63                        0.1202333 0.1270716 0.1876352 0.2901525 0.0000000 0.0233948 0.1880906 0.1798251 0.4412209 0.1832436 0.0908489 0.1650127 0.1703333 0.1536342 0.1579196 0.1780135 0.1995531 0.2231748 0.1537266 0.1726611 0.1442162 0.1613897 0.1264070 0.1594335 0.2346508 0.1758266 0.1695155 0.1903738 0.1522527 0.1654939 0.1449546 0.1952542 0.1553081 0.2323345 0.1890427 0.1483026 0.2090685 0.1506263 0.1962815 0.1703498 0.1545798 0.1608556 0.1975480 0.1531572 0.2132849 0.2011586 0.1604320 0.1598247 0.1751071 0.1849571 0.1475932 0.1802239 0.1531033 0.1608631 0.1561433 0.1581403 0.1542360 0.1590334 0.1723369 0.1714679 0.1692951 0.1370195 0.1603503 0.1527370 0.1691678 0.1577633 0.1625931 0.0991373 0.1580753 0.1008409 0.1830200 0.1604263 0.1633402 0.1748248 0.1736319 0.2012739 0.1089612 0.1081636 0.2029465 0.1691488 0.1670356 0.1164408 0.1688553 0.1543579 0.1258667 
Eutetras_pringlei_149_quer                 0.0000010 0.0775138 0.1278718 0.1767871 0.0233948 0.0000000 0.1804744 0.1502885 0.2526155 0.0000010 0.0603022 0.1472689 0.1387243 0.1292538 0.1164962 0.1538287 0.1342621 0.1270855 0.1329991 0.1343192 0.1339221 0.1358345 0.1999379 0.1149926 0.1404187 0.1403215 0.1374403 0.1163430 0.0744130 0.1465251 0.0000010 0.5299534 0.1160275 0.1865980 0.1370064 0.1119132 0.0963463 0.1270602 0.1027165 0.1478961 0.1221077 0.1413837 0.0912165 0.1341501 0.0938186 0.0987271 0.1252585 0.1365826 0.1359534 0.0924871 0.1157268 0.1319063 0.1365844 0.1375238 0.1198453 0.2885574 0.1310673 0.1344742 0.1340228 0.1362689 0.0935981 0.1732591 0.1246237 0.1188112 0.1139775 0.0773370 0.1439868 0.0970618 0.2186853 0.0945303 0.1023491 0.1364400 0.1486581 0.1364992 0.1340147 0.1357753 0.0825287 0.1006766 0.0912099 0.1376771 0.1371876 0.1053814 0.1388157 0.1189980 0.1097635 
Eutrochium_fistulosum_SRR9119106           0.1443345 0.1705873 0.2212921 0.2035106 0.1880906 0.1804744 0.0000000 0.1663425 0.3427140 0.2012053 0.1963442 0.1637910 0.1738675 0.1643173 0.1632811 0.1701460 0.2055626 0.2326888 0.1734699 0.1755580 0.1596119 0.1661117 0.1485411 0.1674996 0.2599507 0.1876959 0.1777417 0.1903252 0.1678741 0.1821552 0.1478174 0.2085871 0.1816530 0.2570585 0.1857666 0.1738873 0.2051862 0.1531611 0.1977885 0.1728512 0.1630497 0.1685971 0.1987061 0.1557237 0.2011000 0.1958467 0.1761387 0.1672071 0.1704732 0.1907381 0.1570122 0.1821412 0.1565811 0.1734501 0.1556974 0.1806458 0.1672704 0.1561542 0.1800191 0.1836509 0.1820607 0.1843737 0.1907289 0.1546545 0.1688865 0.1768385 0.1743664 0.1801194 0.2091247 0.1390998 0.1624065 0.1618598 0.1931190 0.1768274 0.1726598 0.2074776 0.1103687 0.1831535 0.1829757 0.1794993 0.1683867 0.1690487 0.1761997 0.1738548 0.1492776 
Galeana_pratensis_104_mex                  0.1354901 0.1572944 0.2343494 0.1752854 0.1798251 0.1502885 0.1663425 0.0000000 0.1795387 0.3194349 0.1900970 0.1317845 0.1405206 0.1389676 0.1005601 0.1423949 0.1738332 0.1217285 0.1314889 0.1445653 0.1335596 0.1145369 0.2044142 0.1648951 0.1533965 0.1504041 0.1445403 0.1905304 0.1572895 0.1465429 0.2386144 0.1449028 0.1323349 0.1380985 0.1496338 0.1051575 0.2008993 0.1446575 0.1938059 0.1552826 0.1335029 0.1366726 0.1929966 0.1345956 0.1956913 0.1960867 0.1427842 0.1370371 0.1417958 0.1952975 0.1308019 0.1438484 0.1411845 0.1422165 0.1323573 0.2616206 0.1516788 0.1102172 0.1395294 0.1409738 0.1646846 0.1962736 0.1381924 0.0961740 0.1660671 0.1564551 0.1463519 0.1607358 0.1545902 0.0902697 0.1347527 0.1055150 0.1486764 0.1372908 0.1387099 0.1453317 0.1023233 0.1981068 0.1924785 0.1450474 0.1715185 0.1487601 0.1396737 0.1290001 0.0987346 
Helianthus_annuus_SRR9119062               0.2591814 0.2479130 0.3802642 0.3734446 0.4412209 0.2526155 0.3427140 0.1795387 0.0000000 0.4286752 0.3914960 0.3761141 0.3972348 0.4053746 0.4116155 0.3528568 0.4333668 0.3767948 0.3407136 0.4021608 0.3875408 0.3958201 0.2050515 0.3733572 0.4840202 0.4116635 0.3969541 0.3452560 0.3032368 0.3924865 0.3182198 0.4587812 0.3724452 0.4711400 0.4062509 0.3623061 0.3763156 0.3784718 0.3654532 0.3787255 0.4386842 0.4068248 0.3600407 0.3906320 0.3569513 0.3533000 0.4018852 0.3956854 0.4114344 0.3489580 0.3885161 0.4012777 0.3189903 0.4015942 0.3785041 0.3662148 0.3620437 0.3248002 0.4073622 0.4054446 0.2809008 0.1959528 0.3178929 0.3271474 0.3751437 0.3364225 0.3685798 0.3626489 0.4158723 0.2901738 0.4061755 0.3747918 0.4149986 0.4061846 0.4019202 0.4169164 0.2516098 0.3676532 0.3249930 0.4110375 0.3816812 0.1860196 0.4065495 0.3185996 0.3050297 
Lycapsus_tenuifolius_17                    0.1278984 0.4997958 0.2134295 0.2608211 0.1832436 0.0000010 0.2012053 0.3194349 0.4286752 0.0000000 0.1910303 0.1450323 0.1527948 0.1399610 0.1868862 0.1437827 0.1906038 0.2501036 0.1426287 0.1550977 0.1307644 0.1583422 0.0554498 0.1739225 0.1540401 0.1775970 0.1630791 0.5078014 0.3049357 0.0222486 0.0411159 0.1196167 0.1484721 0.3857563 0.1622188 0.1431401 0.2023822 0.1586246 0.1679613 0.1499994 0.1637788 0.1603853 0.5151356 0.1431381 0.1941824 0.5334151 0.1784166 0.1577869 0.1688339 0.4872427 0.1409169 0.1984477 0.1328148 0.1475886 0.1394357 0.1378773 0.1607482 0.1477230 0.1865198 0.1873123 0.2893016 0.0000010 0.1359278 0.1106522 0.1412023 0.1404239 0.1507997 0.2100496 0.2262926 0.1193956 0.1650245 0.1518318 0.0235779 0.1780215 0.1689731 0.1619941 0.1132400 0.2004524 0.5279332 0.1740142 0.1522053 0.0868500 0.1716057 0.1228256 0.1341427 
Pericome_caudata_50_silver                 0.1190557 0.1345662 0.1692450 0.2645756 0.0908489 0.0603022 0.1963442 0.1900970 0.3914960 0.1910303 0.0000000 0.1781532 0.1613409 0.1605975 0.1912718 0.1577898 0.1846223 0.1839876 0.1619588 0.1620431 0.1433649 0.1664644 0.1245837 0.1781259 0.2035335 0.1821463 0.1627848 0.1936265 0.1677800 0.1591282 0.1557322 0.1846583 0.1622267 0.2386378 0.1628883 0.1473628 0.1940309 0.1604614 0.1939222 0.1713389 0.1700839 0.1683152 0.2024853 0.1589546 0.1947232 0.2060623 0.1729254 0.1611177 0.1720988 0.1960033 0.1541800 0.1611879 0.1450259 0.1639414 0.1580445 0.1670106 0.1589727 0.1316946 0.1763250 0.1863955 0.1714646 0.1247640 0.1712855 0.1565634 0.1706364 0.1602654 0.1607431 0.0764184 0.1130596 0.1233960 0.1866009 0.1626007 0.1725701 0.1717542 0.1697791 0.1640876 0.1090653 0.0715467 0.2090368 0.1745101 0.1662593 0.1312488 0.1700044 0.1536619 0.1530557 
Perityle_aglossa_84_dead_horse             0.0987703 0.1142615 0.1874107 0.2482423 0.1650127 0.1472689 0.1637910 0.1317845 0.3761141 0.1450323 0.1781532 0.0000000 0.0573230 0.0490665 0.0456040 0.0618219 0.0925522 0.1906210 0.1272739 0.0489245 0.0444048 0.0550016 0.0716428 0.0560301 0.1117900 0.0707449 0.0753068 0.1470895 0.1350940 0.1033347 0.1096765 0.1916229 0.1157309 0.1755768 0.0636452 0.1093221 0.1737342 0.0440204 0.1446314 0.0562219 0.0373641 0.0508684 0.1662166 0.0480296 0.1687809 0.1588616 0.0489372 0.0577527 0.0533270 0.1526095 0.0420869 0.0627352 0.0500869 0.0562506 0.0333518 0.1161730 0.1250712 0.0637601 0.0577698 0.0627684 0.1501272 0.1377696 0.1382095 0.0759291 0.0189371 0.1262088 0.0515535 0.1664757 0.1913630 0.0334889 0.0555656 0.0514399 0.1097480 0.0553394 0.0552610 0.0822867 0.0478199 0.1699654 0.1517138 0.0574434 0.0228986 0.1037696 0.0560935 0.1054244 0.0976869 
Perityle_ajoensis_204                      0.1018190 0.1238334 0.1922578 0.2552727 0.1703333 0.1387243 0.1738675 0.1405206 0.3972348 0.1527948 0.1613409 0.0573230 0.0000000 0.0394255 0.0602726 0.0732156 0.0814537 0.1856817 0.1143256 0.0614751 0.0392396 0.0429058 0.0865187 0.0677190 0.1231840 0.0685156 0.0761464 0.1644354 0.1351295 0.1084612 0.1105159 0.1326907 0.1370975 0.1729771 0.0700567 0.1114071 0.1874287 0.0430118 0.1606704 0.0625417 0.0489486 0.0564094 0.1806659 0.0105307 0.1624584 0.1726084 0.0633424 0.0267513 0.0675343 0.1479568 0.0293640 0.0791336 0.0387483 0.0591993 0.0411811 0.1099482 0.1257818 0.0659270 0.0715283 0.0632893 0.1540072 0.1154672 0.1278245 0.0887488 0.0648069 0.1219177 0.0681423 0.1809362 0.1898968 0.0382456 0.0750093 0.0575047 0.1108390 0.0667481 0.0504784 0.0742635 0.0565072 0.1860650 0.1625714 0.0562047 0.0601197 0.1003965 0.0698277 0.1009269 0.0915500 
Perityle_ambrosiifolia_67_green            0.1066744 0.1228193 0.1762331 0.2618440 0.1536342 0.1292538 0.1643173 0.1389676 0.4053746 0.1399610 0.1605975 0.0490665 0.0394255 0.0000000 0.0520080 0.0582913 0.0728967 0.1972254 0.1198471 0.0457828 0.0308687 0.0392104 0.0545396 0.0495498 0.0908530 0.0535915 0.0655851 0.1497850 0.1420218 0.1067747 0.1061297 0.1571043 0.1201129 0.1729276 0.0457867 0.0980366 0.1634536 0.0409424 0.1390407 0.0618138 0.0332872 0.0354152 0.1640582 0.0400037 0.1645534 0.1575604 0.0419420 0.0422348 0.0459832 0.1517097 0.0338367 0.0561264 0.0349889 0.0494919 0.0347172 0.1068897 0.1249808 0.0582757 0.0462461 0.0541304 0.1426297 0.1032678 0.1303927 0.0841812 0.0444155 0.1208563 0.0478568 0.1743203 0.2045680 0.0260263 0.0496594 0.0388317 0.1108743 0.0424589 0.0418100 0.0562695 0.0478117 0.1707562 0.1545481 0.0499389 0.0400235 0.0919286 0.0436644 0.1017007 0.0911050 
Perityle_angustifolia_13_Eagle_creek       0.1804526 0.1092240 0.1845004 0.2615648 0.1579196 0.1164962 0.1632811 0.1005601 0.4116155 0.1868862 0.1912718 0.0456040 0.0602726 0.0520080 0.0000000 0.0651396 0.0905051 0.1861550 0.1388525 0.0443963 0.0538238 0.0608551 0.0270670 0.0496238 0.0968661 0.0656545 0.0775218 0.1414708 0.1273074 0.1231063 0.1112952 0.2014706 0.1383021 0.1712543 0.0466270 0.1207459 0.1802659 0.0377692 0.1538924 0.0648430 0.0318507 0.0512359 0.1522230 0.0569168 0.1869103 0.1443741 0.0389192 0.0599526 0.0612182 0.1426885 0.0538500 0.0725857 0.0591901 0.0553880 0.0257393 0.1518264 0.1421698 0.0717933 0.0619230 0.0611747 0.1371576 0.0760984 0.1572160 0.0802827 0.0453697 0.1398007 0.0569299 0.1925643 0.2293226 0.0146194 0.0480219 0.0520923 0.1247298 0.0618568 0.0625150 0.0785471 0.0684980 0.1973714 0.1416279 0.0616448 0.0559944 0.0851645 0.0625315 0.0979885 0.0996473 
Perityle_batopilensis_97                   0.0901104 0.1237397 0.1743378 0.2301468 0.1780135 0.1538287 0.1701460 0.1423949 0.3528568 0.1437827 0.1577898 0.0618219 0.0732156 0.0582913 0.0651396 0.0000000 0.0668126 0.1875130 0.1207250 0.0627577 0.0509340 0.0567672 0.0711992 0.0676444 0.1271098 0.0711121 0.0754352 0.1568833 0.1381605 0.1036793 0.1060467 0.1394445 0.1364525 0.1590479 0.0643863 0.1189542 0.1590856 0.0577684 0.1611106 0.0284155 0.0450026 0.0589343 0.1631088 0.0525399 0.1393530 0.1669457 0.0757771 0.0664657 0.0613119 0.1526479 0.0499162 0.0921369 0.0520988 0.0638957 0.0478374 0.1173170 0.1250712 0.0662614 0.0697108 0.0766952 0.1497962 0.1073302 0.1389087 0.0795583 0.0581602 0.1285468 0.0651460 0.1707894 0.1812635 0.0457373 0.0721161 0.0572817 0.1097194 0.0661966 0.0606540 0.0896997 0.0522217 0.1744159 0.1600616 0.0614091 0.0586296 0.1007202 0.0620810 0.1085968 0.0932249 
Perityle_bisetosa_9                        0.1128672 0.1365143 0.2001483 0.2838828 0.1995531 0.1342621 0.2055626 0.1738332 0.4333668 0.1906038 0.1846223 0.0925522 0.0814537 0.0728967 0.0905051 0.0668126 0.0000000 0.2218993 0.1616960 0.0805359 0.0746708 0.0727944 0.0751262 0.0850943 0.1578416 0.0874363 0.0997099 0.1731740 0.1716234 0.1377329 0.1688096 0.2082731 0.1642047 0.1959167 0.0811304 0.1504975 0.1950695 0.0719141 0.1879230 0.0959699 0.0660253 0.0689256 0.1800904 0.0625562 0.1864402 0.1838115 0.0812608 0.0698467 0.0807541 0.1645900 0.0692996 0.1039085 0.0516442 0.0737883 0.0679684 0.1748447 0.1643034 0.0990069 0.0796976 0.0861026 0.1805985 0.1133410 0.1733063 0.1174676 0.0789441 0.1687787 0.0727027 0.2038551 0.2368494 0.1133651 0.0815424 0.0686161 0.1453178 0.0812542 0.0760397 0.1046784 0.0630219 0.2080879 0.1733705 0.0718387 0.0762407 0.1274673 0.0767911 0.1134299 0.1409505 
Perityle_californica_76_positas            0.1099014 0.1455450 0.2255637 0.3097899 0.2231748 0.1270855 0.2326888 0.1217285 0.3767948 0.2501036 0.1839876 0.1906210 0.1856817 0.1972254 0.1861550 0.1875130 0.2218993 0.0000000 0.2120561 0.1918132 0.1833163 0.1906736 0.1136706 0.1795843 0.2097759 0.2032724 0.1905083 0.1891214 0.2137083 0.2054003 0.1868190 0.1686732 0.1956917 0.2978310 0.1915090 0.2297860 0.2332675 0.1796716 0.2187451 0.2038330 0.1958487 0.1941895 0.2047941 0.1839133 0.2127801 0.2056627 0.1966084 0.1856642 0.1977410 0.1994424 0.1865346 0.2016897 0.1230225 0.1902097 0.1928973 0.2285132 0.1961893 0.1689930 0.2006892 0.1981167 0.1775807 0.1039848 0.2323812 0.1337854 0.1903854 0.2086326 0.1939548 0.2168268 0.2516085 0.1244236 0.2341419 0.1859403 0.2058950 0.1985548 0.1979905 0.1955106 0.1335961 0.2175804 0.2078119 0.1968328 0.1896027 0.1021069 0.1997670 0.1363789 0.1325718 
Perityle_canescens_77                      0.0798578 0.1178065 0.1695117 0.2381867 0.1537266 0.1329991 0.1734699 0.1314889 0.3407136 0.1426287 0.1619588 0.1272739 0.1143256 0.1198471 0.1388525 0.1207250 0.1616960 0.2120561 0.0000000 0.1228774 0.1089275 0.1251362 0.1110389 0.1216227 0.1549910 0.1334564 0.1191589 0.0796530 0.0729963 0.1445464 0.1472382 0.1526849 0.1365938 0.2287812 0.1242886 0.1221477 0.1062601 0.1190285 0.0779908 0.1214046 0.1247386 0.1205331 0.0935433 0.1110579 0.1182797 0.0841535 0.1204874 0.1153317 0.1301001 0.0805910 0.1147995 0.1512421 0.1118381 0.1158885 0.1219902 0.0673470 0.0888151 0.1170702 0.1294412 0.1288114 0.0796107 0.0934610 0.0847934 0.1262967 0.1255399 0.0642593 0.1206141 0.1506900 0.1857084 0.1180418 0.1448874 0.1121855 0.1453918 0.1307295 0.1322132 0.1343453 0.1156765 0.1518257 0.0744412 0.1226043 0.1249899 0.0629836 0.1308302 0.1247601 0.0701153 
Perityle_castillonii_96                    0.0941996 0.1168706 0.1857641 0.2673841 0.1726611 0.1343192 0.1755580 0.1445653 0.4021608 0.1550977 0.1620431 0.0489245 0.0614751 0.0457828 0.0443963 0.0627577 0.0805359 0.1918132 0.1228774 0.0000000 0.0400032 0.0456842 0.0452617 0.0559152 0.1000300 0.0648227 0.0728052 0.1577530 0.1517917 0.1126887 0.1233217 0.1498673 0.1295077 0.1887469 0.0160166 0.1052277 0.1822094 0.0335230 0.1539328 0.0636226 0.0399643 0.0501352 0.1769813 0.0479840 0.1661362 0.1659468 0.0465737 0.0567334 0.0582860 0.1641662 0.0406952 0.0761563 0.0434984 0.0503381 0.0278430 0.1165326 0.1284666 0.0644854 0.0650831 0.0641166 0.1484638 0.1088584 0.1310287 0.0806208 0.0452045 0.1312020 0.0571740 0.1876584 0.1896749 0.0210639 0.0525351 0.0442096 0.1131336 0.0684375 0.0551357 0.0673513 0.0514205 0.1897055 0.1585261 0.0524157 0.0499877 0.1015052 0.0624044 0.1052417 0.0980018 
Perityle_cernua_84                         0.0775803 0.1124618 0.1575553 0.2504295 0.1442162 0.1339221 0.1596119 0.1335596 0.3875408 0.1307644 0.1433649 0.0444048 0.0392396 0.0308687 0.0538238 0.0509340 0.0746708 0.1833163 0.1089275 0.0400032 0.0000000 0.0277711 0.0453119 0.0394965 0.0817281 0.0451108 0.0559905 0.1384132 0.1388055 0.0974405 0.0999215 0.1351407 0.0999477 0.1765984 0.0418091 0.0927087 0.1617132 0.0389547 0.1309639 0.0488220 0.0338734 0.0318928 0.1649314 0.0356971 0.1524582 0.1517133 0.0449088 0.0386885 0.0394541 0.1498907 0.0281544 0.0501099 0.0192066 0.0408087 0.0334511 0.0977546 0.1156188 0.0513771 0.0452409 0.0435379 0.1370103 0.1013428 0.1243430 0.0664611 0.0398936 0.1168366 0.0430056 0.1592404 0.1756228 0.0211899 0.0556928 0.0295211 0.1010194 0.0409752 0.0385761 0.0482804 0.0422407 0.1630567 0.1457996 0.0435512 0.0407854 0.0935073 0.0419218 0.0892848 0.0889090 
Perityle_cfvillosa_25_tin                  0.1154660 0.1201479 0.1750302 0.2681103 0.1613897 0.1358345 0.1661117 0.1145369 0.3958201 0.1583422 0.1664644 0.0550016 0.0429058 0.0392104 0.0608551 0.0567672 0.0727944 0.1906736 0.1251362 0.0456842 0.0277711 0.0000000 0.0495845 0.0450169 0.0834846 0.0238071 0.0660183 0.1459252 0.1333834 0.1141340 0.1116384 0.1542876 0.1221431 0.1736148 0.0428924 0.1083039 0.1653550 0.0454156 0.1386821 0.0618885 0.0412777 0.0371189 0.1610889 0.0418337 0.1702611 0.1529307 0.0468646 0.0423666 0.0160190 0.1488510 0.0408489 0.0553693 0.0211002 0.0457638 0.0407439 0.1205340 0.1265249 0.0538375 0.0169766 0.0139845 0.1324365 0.1056759 0.1370968 0.0859972 0.0507560 0.1221054 0.0474320 0.1761561 0.1954695 0.0382075 0.0591061 0.0361470 0.1176286 0.0148566 0.0123643 0.0414897 0.0311071 0.1753959 0.1501974 0.0493967 0.0427248 0.0989273 0.0143558 0.1022749 0.0954454 
Perityle_cinerea_113_Powell1310            0.0493683 0.1229246 0.1426696 0.1687930 0.1264070 0.1999379 0.1485411 0.2044142 0.2050515 0.0554498 0.1245837 0.0716428 0.0865187 0.0545396 0.0270670 0.0711992 0.0751262 0.1136706 0.1110389 0.0452617 0.0453119 0.0495845 0.0000000 0.0742921 0.0526358 0.0631112 0.0773788 0.1884894 0.1223792 0.0813482 0.0741543 0.0770044 0.1333349 0.1257139 0.0727631 0.1027910 0.1577498 0.0415894 0.1507785 0.0749199 0.0734341 0.0687649 0.1892367 0.0527460 0.1208820 0.1973039 0.0412679 0.0809692 0.0793453 0.1456454 0.0481535 0.0741675 0.0450982 0.0863448 0.0396575 0.0654710 0.1063506 0.0501487 0.0792321 0.0610754 0.1307898 0.1362283 0.1424068 0.0402460 0.0815025 0.1033558 0.0864612 0.1171459 0.0891004 0.0225809 0.0656267 0.0706756 0.0822494 0.0801818 0.0537544 0.0696506 0.0320395 0.1458597 0.1576491 0.0811989 0.0770120 0.1291682 0.0801191 0.1012924 0.0817593 
Perityle_coahuilensis_24                   0.1438460 0.1145685 0.2124247 0.2667039 0.1594335 0.1149926 0.1674996 0.1648951 0.3733572 0.1739225 0.1781259 0.0560301 0.0677190 0.0495498 0.0496238 0.0676444 0.0850943 0.1795843 0.1216227 0.0559152 0.0394965 0.0450169 0.0742921 0.0000000 0.1057175 0.0675813 0.0875881 0.1322488 0.1355839 0.1069544 0.1060142 0.1888304 0.1180906 0.1662235 0.0666942 0.0978359 0.1698164 0.0481903 0.1537003 0.0582601 0.0328246 0.0338255 0.1529462 0.0485141 0.1616689 0.1494020 0.0678169 0.0626572 0.0513008 0.1409384 0.0409706 0.0636481 0.0426318 0.0537471 0.0316953 0.1314542 0.1183219 0.0605503 0.0568019 0.0631990 0.1483098 0.1300133 0.1460759 0.0752825 0.0596446 0.1431784 0.0550621 0.1671526 0.1934282 0.0218759 0.0555187 0.0463634 0.1176936 0.0574244 0.0489221 0.0758311 0.0480985 0.1830021 0.1401612 0.0621422 0.0510674 0.1276347 0.0498972 0.0934763 0.0911834 
Perityle_cochisensis_44_cave_creek         0.0730193 0.1859211 0.2604364 0.3389893 0.2346508 0.1404187 0.2599507 0.1533965 0.4840202 0.1540401 0.2035335 0.1117900 0.1231840 0.0908530 0.0968661 0.1271098 0.1578416 0.2097759 0.1549910 0.1000300 0.0817281 0.0834846 0.0526358 0.1057175 0.0000000 0.1167404 0.1381885 0.2403659 0.2274474 0.1530519 0.1464438 0.1683128 0.2026518 0.2482578 0.1297272 0.1166637 0.2622444 0.1013248 0.2153666 0.1150878 0.1046126 0.1037624 0.2504973 0.0941309 0.2080664 0.2570871 0.1026872 0.1158300 0.1152035 0.2210748 0.0914526 0.1470574 0.0566690 0.1178859 0.1036643 0.1258602 0.1549326 0.1401118 0.1140344 0.1001746 0.1764548 0.1072209 0.1669617 0.1240758 0.1208574 0.1749173 0.1123093 0.2706202 0.2056835 0.0394548 0.1429278 0.1064422 0.1533352 0.1128039 0.0882926 0.1099808 0.0783095 0.2937467 0.2467434 0.1239170 0.1213836 0.1123198 0.1207459 0.1259830 0.0949376 
Perityle_congesta_202                      0.1349495 0.1301320 0.2043488 0.2765651 0.1758266 0.1403215 0.1876959 0.1504041 0.4116635 0.1775970 0.1821463 0.0707449 0.0685156 0.0535915 0.0656545 0.0711121 0.0874363 0.2032724 0.1334564 0.0648227 0.0451108 0.0238071 0.0631112 0.0675813 0.1167404 0.0000000 0.0936815 0.1592413 0.1459990 0.1190328 0.1165780 0.1922303 0.1556338 0.1736333 0.0687752 0.1107139 0.1943386 0.0558533 0.1672340 0.0729055 0.0454142 0.0491239 0.1708563 0.0515593 0.1830935 0.1704741 0.0693487 0.0681744 0.0229265 0.1562921 0.0468046 0.0699102 0.0403567 0.0645952 0.0428211 0.1389691 0.1352035 0.0666355 0.0249956 0.0331262 0.1508610 0.0975666 0.1481571 0.0903880 0.0705192 0.1398748 0.0660601 0.1873594 0.2291478 0.0455022 0.0640278 0.0543033 0.1282853 0.0289564 0.0201808 0.0750740 0.0336557 0.1915117 0.1611835 0.0620557 0.0564166 0.0991840 0.0211286 0.1101412 0.0989678 
Perityle_cordifolia_27                     0.1154378 0.1190741 0.1966951 0.2669451 0.1695155 0.1374403 0.1777417 0.1445403 0.3969541 0.1630791 0.1627848 0.0753068 0.0761464 0.0655851 0.0775218 0.0754352 0.0997099 0.1905083 0.1191589 0.0728052 0.0559905 0.0660183 0.0773788 0.0875881 0.1381885 0.0936815 0.0000000 0.1502360 0.1332576 0.1109713 0.1046347 0.1787233 0.1332924 0.1690951 0.0897070 0.1209518 0.1831890 0.0608920 0.1589978 0.0749897 0.0561460 0.0730714 0.1634296 0.0581921 0.1635268 0.1659275 0.0799298 0.0661217 0.0782108 0.1437208 0.0523713 0.0896068 0.0541686 0.0608912 0.0507307 0.1243560 0.1293007 0.0525908 0.0846799 0.0850162 0.1422909 0.1015033 0.1364103 0.0834020 0.0806206 0.1264937 0.0710765 0.1756010 0.2014582 0.0531585 0.0914854 0.0711487 0.1186765 0.0770418 0.0697447 0.0976978 0.0626628 0.1871985 0.1487306 0.0810095 0.0801752 0.0955067 0.0813811 0.1089065 0.0951310 
Perityle_cordifolia_68_tecolote            0.4441724 0.1174925 0.2144570 0.2942121 0.1903738 0.1163430 0.1903252 0.1905304 0.3452560 0.5078014 0.1936265 0.1470895 0.1644354 0.1497850 0.1414708 0.1568833 0.1731740 0.1891214 0.0796530 0.1577530 0.1384132 0.1459252 0.1884894 0.1322488 0.2403659 0.1592413 0.1502360 0.0000000 0.1195829 0.1641045 0.1695898 0.3092451 0.1372595 0.1671947 0.1825014 0.1002978 0.1274590 0.1376610 0.1315035 0.1552015 0.1476239 0.1493937 0.1320009 0.1417860 0.1272188 0.1317024 0.1419560 0.1510223 0.1598725 0.1267119 0.1361185 0.1476148 0.1378976 0.1565166 0.1439326 0.2327300 0.0115373 0.1541996 0.1563569 0.1500515 0.1431811 0.1044476 0.0976651 0.1705513 0.1311162 0.1233927 0.1479153 0.1765786 0.3661687 0.0834201 0.1856199 0.1366709 0.1594300 0.1563752 0.1485627 0.2072278 0.1256404 0.2020483 0.0999954 0.1577679 0.1287213 0.1037627 0.1600113 0.1428613 0.0841542 
Perityle_coronopifolia_28_patagonia        0.2998215 0.0998801 0.1859992 0.2444506 0.1522527 0.0744130 0.1678741 0.1572895 0.3032368 0.3049357 0.1677800 0.1350940 0.1351295 0.1420218 0.1273074 0.1381605 0.1716234 0.2137083 0.0729963 0.1517917 0.1388055 0.1333834 0.1223792 0.1355839 0.2274474 0.1459990 0.1332576 0.1195829 0.0000000 0.1476523 0.1569331 0.3015553 0.1319152 0.1574527 0.1583517 0.1160019 0.0925508 0.1321564 0.0937812 0.1360208 0.1250186 0.1308833 0.0877600 0.1347231 0.0984672 0.0924402 0.1324582 0.1332908 0.1401287 0.0857323 0.1348392 0.1372009 0.1287475 0.1413133 0.1289028 0.3059542 0.0856359 0.1409597 0.1425338 0.1454810 0.0737858 0.0707240 0.1013080 0.1683100 0.1402038 0.0351978 0.1309919 0.1527299 0.4091241 0.0844504 0.1339750 0.1220558 0.1439964 0.1419931 0.1379029 0.1939432 0.1198381 0.1742012 0.0774795 0.1368432 0.1307433 0.0599396 0.1421332 0.1179137 0.0737195 
Perityle_crassifolia_70_ventanas           0.1328016 0.1360625 0.1545641 0.2658576 0.1654939 0.1465251 0.1821552 0.1465429 0.3924865 0.0222486 0.1591282 0.1033347 0.1084612 0.1067747 0.1231063 0.1036793 0.1377329 0.2054003 0.1445464 0.1126887 0.0974405 0.1141340 0.0813482 0.1069544 0.1530519 0.1190328 0.1109713 0.1641045 0.1476523 0.0000000 0.0420823 0.1140368 0.1361068 0.1095072 0.1194712 0.1403153 0.1641191 0.1055790 0.1617774 0.1083860 0.1060811 0.1060101 0.1839277 0.1016445 0.1682258 0.1748196 0.1146068 0.1081549 0.1179445 0.1773021 0.1017202 0.1238932 0.0856473 0.1090856 0.1023235 0.1316116 0.1496909 0.1150212 0.1173614 0.1170897 0.1494751 0.1137656 0.1522965 0.1202705 0.1020374 0.1353478 0.1159268 0.1694242 0.1862136 0.0768891 0.1354784 0.1039536 0.0027050 0.1188860 0.1170069 0.1274093 0.0939134 0.1735426 0.1671715 0.1202596 0.1086312 0.1086522 0.1217737 0.1249141 0.1252337 
Perityle_crassifolia_74_playa_balandra     0.1203512 0.1645833 0.1535574 0.2377679 0.1449546 0.0000010 0.1478174 0.2386144 0.3182198 0.0411159 0.1557322 0.1096765 0.1105159 0.1061297 0.1112952 0.1060467 0.1688096 0.1868190 0.1472382 0.1233217 0.0999215 0.1116384 0.0741543 0.1060142 0.1464438 0.1165780 0.1046347 0.1695898 0.1569331 0.0420823 0.0000000 0.1082426 0.1467783 0.2298066 0.1202188 0.1367650 0.1732536 0.1039238 0.1513796 0.1195331 0.1072017 0.1043339 0.2166477 0.1082780 0.1795044 0.1823745 0.1105679 0.1107705 0.1212428 0.2154543 0.1049185 0.1250339 0.0853006 0.1042827 0.1150159 0.1277424 0.1367863 0.1087731 0.1147039 0.1149872 0.1503604 0.1010785 0.1558784 0.0980632 0.1088305 0.1313823 0.1180062 0.1295438 0.1432535 0.1060802 0.1147686 0.1074581 0.0420823 0.1152692 0.1140337 0.1075373 0.1012019 0.1329144 0.1797637 0.1149358 0.1157357 0.1400142 0.1187145 0.1165974 0.1355164 
Perityle_cuneata_34_cuneata_San_antonio    0.1328965 0.2479529 0.2312984 0.2764491 0.1952542 0.5299534 0.2085871 0.1449028 0.4587812 0.1196167 0.1846583 0.1916229 0.1326907 0.1571043 0.2014706 0.1394445 0.2082731 0.1686732 0.1526849 0.1498673 0.1351407 0.1542876 0.0770044 0.1888304 0.1683128 0.1922303 0.1787233 0.3092451 0.3015553 0.1140368 0.1082426 0.0000000 0.1746659 0.4123976 0.1601299 0.1696636 0.2221218 0.1601652 0.1698121 0.1717924 0.1778179 0.1711183 0.3970416 0.1349920 0.2157162 0.4136545 0.1792680 0.1556138 0.1631948 0.2744346 0.1438745 0.1957018 0.1286974 0.1632390 0.1476323 0.1434970 0.1642804 0.1158208 0.1806027 0.2034708 0.3431173 0.5127282 0.1613110 0.1036369 0.1780259 0.1489448 0.1597297 0.1915124 0.2254778 0.1825489 0.1640094 0.1728779 0.1268398 0.1658251 0.1636068 0.1664246 0.0930984 0.1817731 0.4084327 0.1656622 0.1528402 0.4228325 0.1663630 0.0983374 0.1459463 
Perityle_cuneata_4                         0.1254084 0.1159401 0.1973928 0.2711242 0.1553081 0.1160275 0.1816530 0.1323349 0.3724452 0.1484721 0.1622267 0.1157309 0.1370975 0.1201129 0.1383021 0.1364525 0.1642047 0.1956917 0.1365938 0.1295077 0.0999477 0.1221431 0.1333349 0.1180906 0.2026518 0.1556338 0.1332924 0.1372595 0.1319152 0.1361068 0.1467783 0.1746659 0.0000000 0.2301042 0.1439858 0.1108682 0.1606260 0.1150985 0.1485762 0.1299293 0.1243263 0.1293472 0.1488793 0.1153579 0.1640123 0.1559998 0.1394015 0.1286002 0.1319792 0.1395579 0.1112883 0.1420419 0.1115297 0.1267390 0.1121422 0.1233102 0.1446239 0.1283816 0.1390503 0.1434207 0.1326600 0.1437762 0.1422803 0.1282102 0.1121155 0.1259702 0.1289869 0.1681502 0.2094498 0.0844738 0.1526592 0.1167709 0.1419625 0.1368440 0.1288586 0.1526867 0.1034216 0.1761460 0.1422563 0.1410450 0.1151027 0.1030530 0.1407434 0.1006838 0.1073772 
Perityle_discoidea_81                      0.3067525 0.1388169 0.2398538 0.3374216 0.2323345 0.1865980 0.2570585 0.1380985 0.4711400 0.3857563 0.2386378 0.1755768 0.1729771 0.1729276 0.1712543 0.1590479 0.1959167 0.2978310 0.2287812 0.1887469 0.1765984 0.1736148 0.1257139 0.1662235 0.2482578 0.1736333 0.1690951 0.1671947 0.1574527 0.1095072 0.2298066 0.4123976 0.2301042 0.0000000 0.1887580 0.3104228 0.2463303 0.1518794 0.2433139 0.1788420 0.1551839 0.1662561 0.1862764 0.1717698 0.2605528 0.1789701 0.1720702 0.1705083 0.1750771 0.1815222 0.1694003 0.1706101 0.1401790 0.1704156 0.1710133 0.3790930 0.2478246 0.1743091 0.1721890 0.1712009 0.1516783 0.0983520 0.2910165 0.2143520 0.1740955 0.2365634 0.1901262 0.2454819 0.4110990 0.1872444 0.2075516 0.1680829 0.1111070 0.1750621 0.1763128 0.2090239 0.1730206 0.2478797 0.1713782 0.1732115 0.1717088 0.1154399 0.1750030 0.2408313 0.2295342 
Perityle_dissecta_201                      0.1065034 0.1221068 0.2137666 0.2680344 0.1890427 0.1370064 0.1857666 0.1496338 0.4062509 0.1622188 0.1628883 0.0636452 0.0700567 0.0457867 0.0466270 0.0643863 0.0811304 0.1915090 0.1242886 0.0160166 0.0418091 0.0428924 0.0727631 0.0666942 0.1297272 0.0687752 0.0897070 0.1825014 0.1583517 0.1194712 0.1202188 0.1601299 0.1439858 0.1887580 0.0000000 0.1095696 0.1984118 0.0349624 0.1648807 0.0677350 0.0474825 0.0569064 0.1972054 0.0452022 0.1669130 0.1940374 0.0552678 0.0637399 0.0723045 0.1701216 0.0415121 0.0878265 0.0394671 0.0629573 0.0337146 0.1235130 0.1298239 0.0669864 0.0724307 0.0692462 0.1465087 0.1069194 0.1350473 0.0851070 0.0594728 0.1335704 0.0687354 0.2027189 0.1965213 0.0185994 0.0601009 0.0548308 0.1195770 0.0694504 0.0533623 0.0819669 0.0515005 0.2067469 0.1827958 0.0666179 0.0572125 0.0980960 0.0686276 0.1039411 0.0981931 
Perityle_emoryi_47_punta_san_jose          0.0730888 0.0693709 0.0995884 0.2198204 0.1483026 0.1119132 0.1738873 0.1051575 0.3623061 0.1431401 0.1473628 0.1093221 0.1114071 0.0980366 0.1207459 0.1189542 0.1504975 0.2297860 0.1221477 0.1052277 0.0927087 0.1083039 0.1027910 0.0978359 0.1166637 0.1107139 0.1209518 0.1002978 0.1160019 0.1403153 0.1367650 0.1696636 0.1108682 0.3104228 0.1095696 0.0000000 0.1686158 0.0850428 0.1379291 0.1110765 0.1085139 0.1066652 0.1152200 0.0948542 0.1643286 0.1074220 0.1027289 0.1095553 0.1089955 0.1039876 0.0850803 0.1501173 0.0716565 0.0965305 0.1014705 0.1305977 0.1232027 0.1121587 0.1081150 0.1097993 0.1122898 0.1318438 0.1243209 0.0852133 0.1040848 0.1185450 0.1028958 0.1444550 0.1804052 0.0714964 0.1013655 0.1048493 0.1410548 0.1117516 0.1124393 0.1077790 0.0745737 0.1481429 0.0710281 0.1141818 0.1111942 0.0956970 0.1110907 0.1305834 0.1125242 
Perityle_feddemae_99                       0.1085200 0.1164254 0.2127282 0.2775392 0.2090685 0.0963463 0.2051862 0.2008993 0.3763156 0.2023822 0.1940309 0.1737342 0.1874287 0.1634536 0.1802659 0.1590856 0.1950695 0.2332675 0.1062601 0.1822094 0.1617132 0.1653550 0.1577498 0.1698164 0.2622444 0.1943386 0.1831890 0.1274590 0.0925508 0.1641191 0.1732536 0.2221218 0.1606260 0.2463303 0.1984118 0.1686158 0.0000000 0.1666081 0.0934053 0.1692650 0.1752553 0.1761450 0.0262966 0.1592020 0.0249595 0.0775420 0.1831996 0.1751250 0.1788699 0.0191046 0.1544473 0.2033375 0.1409351 0.1760380 0.1608548 0.1538569 0.1190957 0.1611191 0.1874496 0.1929108 0.0907568 0.1115479 0.1429362 0.1484846 0.1644444 0.1163396 0.1807035 0.1917074 0.2570929 0.1658388 0.2000302 0.1667755 0.1855764 0.1807471 0.1751871 0.2089273 0.1241491 0.2083039 0.0636759 0.1810974 0.1630646 0.0960266 0.1823899 0.1429090 0.1408077 
Perityle_fosteri_93                        0.1182268 0.1184492 0.1634627 0.2617977 0.1506263 0.1270602 0.1531611 0.1446575 0.3784718 0.1586246 0.1604614 0.0440204 0.0430118 0.0409424 0.0377692 0.0577684 0.0719141 0.1796716 0.1190285 0.0335230 0.0389547 0.0454156 0.0415894 0.0481903 0.1013248 0.0558533 0.0608920 0.1376610 0.1321564 0.1055790 0.1039238 0.1601652 0.1150985 0.1518794 0.0349624 0.0850428 0.1666081 0.0000000 0.1372269 0.0546292 0.0276233 0.0423352 0.1520433 0.0430628 0.1648556 0.1446647 0.0350192 0.0432072 0.0479804 0.1388717 0.0371277 0.0315534 0.0426082 0.0458895 0.0175512 0.1158687 0.1252199 0.0472061 0.0492412 0.0490323 0.1356069 0.1024716 0.1407013 0.0857701 0.0478008 0.1225317 0.0433626 0.1691466 0.1781743 0.0145212 0.0392060 0.0408468 0.1148206 0.0457819 0.0450005 0.0652765 0.0431039 0.1676004 0.1408160 0.0503312 0.0441823 0.0928749 0.0462637 0.0997668 0.0987627 
Perityle_gamon_221                         0.0955583 0.1155598 0.2258925 0.2798674 0.1962815 0.1027165 0.1977885 0.1938059 0.3654532 0.1679613 0.1939222 0.1446314 0.1606704 0.1390407 0.1538924 0.1611106 0.1879230 0.2187451 0.0779908 0.1539328 0.1309639 0.1386821 0.1507785 0.1537003 0.2153666 0.1672340 0.1589978 0.1315035 0.0937812 0.1617774 0.1513796 0.1698121 0.1485762 0.2433139 0.1648807 0.1379291 0.0934053 0.1372269 0.0000000 0.1501881 0.1474899 0.1520916 0.0757792 0.1357273 0.0952071 0.0227351 0.1613309 0.1519015 0.1544814 0.0695647 0.1296555 0.1787890 0.1283653 0.1478225 0.1340261 0.0735678 0.0957855 0.1401581 0.1656339 0.1625875 0.0952307 0.1176260 0.0938318 0.1364100 0.1507362 0.0966478 0.1567660 0.1939956 0.2289843 0.1183698 0.1717937 0.1471272 0.1661196 0.1617287 0.1491885 0.1757182 0.1158976 0.2132514 0.0385201 0.1528994 0.1478946 0.1025623 0.1625543 0.1406335 0.0782063 
Perityle_gentryi_8_san_francisco           0.1030139 0.1241815 0.1716264 0.2448805 0.1703498 0.1478961 0.1728512 0.1552826 0.3787255 0.1499994 0.1713389 0.0562219 0.0625417 0.0618138 0.0648430 0.0284155 0.0959699 0.2038330 0.1214046 0.0636226 0.0488220 0.0618885 0.0749199 0.0582601 0.1150878 0.0729055 0.0749897 0.1552015 0.1360208 0.1083860 0.1195331 0.1717924 0.1299293 0.1788420 0.0677350 0.1110765 0.1692650 0.0546292 0.1501881 0.0000000 0.0500794 0.0586185 0.1659970 0.0572726 0.1645486 0.1642310 0.0620757 0.0621735 0.0634866 0.1521595 0.0501397 0.0774533 0.0611214 0.0640821 0.0479095 0.1210226 0.1322992 0.0660880 0.0682641 0.0715422 0.1428368 0.0993271 0.1452826 0.0834627 0.0576854 0.1289772 0.0608044 0.1780576 0.1994960 0.0388154 0.0742174 0.0558937 0.1166331 0.0656015 0.0646313 0.0893773 0.0576744 0.1850105 0.1609034 0.0682653 0.0638688 0.0989820 0.0652396 0.1099805 0.1008970 
Perityle_gilensis_22_Superstition          0.1190058 0.1146354 0.1820507 0.2815283 0.1545798 0.1221077 0.1630497 0.1335029 0.4386842 0.1637788 0.1700839 0.0373641 0.0489486 0.0332872 0.0318507 0.0450026 0.0660253 0.1958487 0.1247386 0.0399643 0.0338734 0.0412777 0.0734341 0.0328246 0.1046126 0.0454142 0.0561460 0.1476239 0.1250186 0.1060811 0.1072017 0.1778179 0.1243263 0.1551839 0.0474825 0.1085139 0.1752553 0.0276233 0.1474899 0.0500794 0.0000000 0.0303999 0.1600254 0.0364433 0.1767875 0.1524427 0.0282823 0.0399853 0.0468445 0.1438576 0.0291265 0.0594641 0.0424697 0.0375644 0.0275256 0.1257627 0.1319727 0.0654963 0.0409491 0.0399800 0.1343365 0.1004965 0.1355731 0.0852041 0.0371941 0.1258418 0.0392983 0.1742067 0.1971728 0.0261825 0.0516089 0.0338041 0.1076124 0.0413057 0.0431452 0.0724442 0.0538756 0.1830117 0.1473024 0.0471318 0.0406245 0.0893803 0.0424776 0.0996304 0.0968880 
Perityle_gilensis_salensis_225             0.1179432 0.1126173 0.1840934 0.2651488 0.1608556 0.1413837 0.1685971 0.1366726 0.4068248 0.1603853 0.1683152 0.0508684 0.0564094 0.0354152 0.0512359 0.0589343 0.0689256 0.1941895 0.1205331 0.0501352 0.0318928 0.0371189 0.0687649 0.0338255 0.1037624 0.0491239 0.0730714 0.1493937 0.1308833 0.1060101 0.1043339 0.1711183 0.1293472 0.1662561 0.0569064 0.1066652 0.1761450 0.0423352 0.1520916 0.0586185 0.0303999 0.0000000 0.1647989 0.0374328 0.1663737 0.1542146 0.0544329 0.0486477 0.0441497 0.1444332 0.0324571 0.0661888 0.0294237 0.0449076 0.0333713 0.1224920 0.1237345 0.0611883 0.0457401 0.0514722 0.1414177 0.1035389 0.1369131 0.0769397 0.0497813 0.1267169 0.0500156 0.1764489 0.2097434 0.0270227 0.0544133 0.0341838 0.1135841 0.0472724 0.0408877 0.0670664 0.0493046 0.1782626 0.1515963 0.0496833 0.0465023 0.0954046 0.0437242 0.0949264 0.0952060 
Perityle_glaucescens_94                    0.6981089 0.1212921 0.2141375 0.2940273 0.1975480 0.0912165 0.1987061 0.1929966 0.3600407 0.5151356 0.2024853 0.1662166 0.1806659 0.1640582 0.1522230 0.1631088 0.1800904 0.2047941 0.0935433 0.1769813 0.1649314 0.1610889 0.1892367 0.1529462 0.2504973 0.1708563 0.1634296 0.1320009 0.0877600 0.1839277 0.2166477 0.3970416 0.1488793 0.1862764 0.1972054 0.1152200 0.0262966 0.1520433 0.0757792 0.1659970 0.1600254 0.1647989 0.0000000 0.1602457 0.0281156 0.0719230 0.1573893 0.1658864 0.1704691 0.0217438 0.1550553 0.1576413 0.1582728 0.1712748 0.1565680 0.4547137 0.1104049 0.1770558 0.1660111 0.1641920 0.0966899 0.1060852 0.1186660 0.1861212 0.1563340 0.1045646 0.1658927 0.1946771 0.4772032 0.1130057 0.1933116 0.1489029 0.1812030 0.1660665 0.1641205 0.2223299 0.1477944 0.2175494 0.0707047 0.1713035 0.1530671 0.0952389 0.1685160 0.1504168 0.0957716 
Perityle_gracilis_11                       0.1032778 0.1218998 0.1586665 0.2530233 0.1531572 0.1341501 0.1557237 0.1345956 0.3906320 0.1431381 0.1589546 0.0480296 0.0105307 0.0400037 0.0569168 0.0525399 0.0625562 0.1839133 0.1110579 0.0479840 0.0356971 0.0418337 0.0527460 0.0485141 0.0941309 0.0515593 0.0581921 0.1417860 0.1347231 0.1016445 0.1082780 0.1349920 0.1153579 0.1717698 0.0452022 0.0948542 0.1592020 0.0430628 0.1357273 0.0572726 0.0364433 0.0374328 0.1602457 0.0000000 0.1600009 0.1491516 0.0451533 0.0059251 0.0494927 0.1451664 0.0286991 0.0560007 0.0385719 0.0456554 0.0367261 0.1047269 0.1241834 0.0527610 0.0517375 0.0492165 0.1437510 0.1134715 0.1224387 0.0850391 0.0438029 0.1177825 0.0455806 0.1710804 0.1899682 0.0379133 0.0540052 0.0372805 0.1047775 0.0472399 0.0450910 0.0584843 0.0524083 0.1682024 0.1481570 0.0413419 0.0428196 0.1001818 0.0463511 0.0939209 0.0896748 
