84
Amauria_brandeegeana_62                    0.0000000 0.2176280 0.0879275 0.2857597 0.3233349 0.1293621 0.4590589 0.1673719 0.4209397 0.0764626 0.2546348 0.3035541 0.2695000 0.2369268 0.2106016 0.3110711 0.4220665 0.4057740 0.2461853 0.2753245 0.2749856 0.2025069 0.1880333 0.2672122 0.2236696 0.2054281 0.2559493 0.3648641 0.3790966 0.2752175 0.1164738 0.2510628 0.2995544 0.1967634 0.2546601 0.1730064 0.2473099 0.2327987 0.3544608 0.2777771 0.2466752 0.2165949 0.2028268 0.2239996 0.2610799 0.2767491 0.2644570 0.2567377 0.1640194 0.2115330 0.2731004 0.2217879 0.2464723 0.2350100 0.2730000 0.1696242 0.1285318 0.2607633 0.2589078 0.1683326 0.0914313 0.2502786 0.1718931 0.2651370 0.3869526 0.2211214 0.1511799 0.2685156 0.2395666 0.2774960 0.2672122 0.2303703 0.3213303 0.3198146 0.2828633 0.1786119 0.2949458 0.2785429 0.2705212 0.4631846 0.1484451 0.2609119 0.2695294 0.0955639 
Amauria_carterae_99_mesa                   0.2176280 0.0000000 0.1081685 0.4624188 0.1432963 0.0000010 0.4037785 0.1266497 0.3923082 0.0000010 0.0712691 0.0636179 0.0563626 0.0682285 0.0636838 0.1670644 0.0636268 0.1458232 0.0997015 0.0712941 0.0745802 0.0568921 0.0714040 0.0748629 0.0599569 0.0713618 0.0706178 0.0827912 0.0858283 0.1155226 0.0000010 0.1547370 0.1513516 0.6011664 0.0674429 0.0953412 0.0858968 0.0800614 0.1702599 0.0748629 0.0748629 0.1095800 0.0742182 0.1066526 0.0800068 0.0672583 0.0600483 0.0562739 0.1067043 0.0710821 0.0674429 0.0684105 0.0631438 0.0781623 0.0919609 0.0856525 0.0692329 0.0637577 0.0562739 0.0997562 0.0815608 0.0747442 0.0776896 0.0636179 0.0858283 0.0717459 0.0000010 0.1078335 0.0673845 0.0712734 0.0748629 0.0945090 0.0770432 0.0598486 0.0771098 0.0599569 0.0977477 0.0716604 0.0672780 0.2510599 0.1038858 0.0562739 0.0786155 0.0484622 
Amauria_rotundifolia_SRR9119150            0.0879275 0.1081685 0.0000000 0.3618837 0.2578760 0.1358928 0.2506556 0.1428540 0.3147946 0.0449371 0.1162777 0.1216367 0.1136725 0.0957300 0.0933038 0.1919669 0.2272999 0.3048304 0.1048689 0.1059559 0.1007167 0.1067890 0.1263817 0.1149746 0.1085290 0.1108847 0.1148565 0.4717393 0.2287373 0.1274493 0.0592040 0.1595530 0.2365140 0.0475889 0.1037503 0.1318582 0.1403653 0.1380683 0.2135144 0.1181976 0.1180879 0.1465026 0.1126484 0.1402902 0.1363667 0.1095837 0.1101267 0.1119426 0.1408870 0.1052252 0.1317495 0.1018886 0.1114571 0.1033982 0.1378151 0.1254684 0.2897560 0.1122629 0.1103812 0.1445634 0.1081685 0.2417412 0.0510959 0.1159463 0.1081685 0.0847863 0.1926156 0.1705239 0.1081685 0.1168662 0.1149746 0.1787746 0.4317557 0.1927535 0.2150248 0.1095373 0.1522617 0.1400601 0.0983933 0.3018417 0.1366360 0.1129457 0.2037739 0.2594154 
Conoclinium_coelestinum_SRR9119114         0.2857597 0.4624188 0.3618837 0.0000000 0.3552102 0.2374325 0.5489394 0.3118993 0.4761493 0.3542578 0.5460110 0.4270038 0.4574759 0.5734923 0.3088746 0.3293949 0.3362797 0.6607300 0.5159169 0.4032799 0.4383666 0.4497761 0.2012643 0.4291217 0.4526975 0.4637493 0.4588679 0.9158297 0.3205688 0.6201860 0.2179209 0.5551508 0.3658292 0.3560325 0.4377124 0.5515279 0.4768601 0.4868764 0.5806320 0.3266763 0.4493805 0.4855073 0.4597997 0.5284205 0.5502503 0.4456299 0.4560927 0.4563889 0.5350696 0.5050995 0.4394193 0.5154739 0.4633643 0.4600048 0.5031536 0.3431996 0.3765766 0.4345921 0.4585117 0.4900960 0.2130698 0.4277517 0.3391398 0.4249093 0.2130698 0.4967391 0.5655848 0.4901601 0.4624188 0.4452776 0.4305724 0.3725624 0.5155272 0.4521922 0.3619530 0.3938964 0.5288873 0.5390946 0.4495877 0.4032428 0.4437126 0.4627990 0.5004470 0.3251280 
Eutetras_palmeri_63                        0.3233349 0.1432963 0.2578760 0.3552102 0.0000000 0.0000010 0.5902057 0.1928356 0.4217250 0.2675749 0.2162986 0.1970615 0.1654588 0.2181029 0.1258535 0.2863641 0.1737699 0.3125008 0.1960452 0.1731532 0.1790853 0.1468257 0.1180339 0.1865851 0.1396320 0.1937521 0.1839055 0.2395024 0.2017378 0.1758033 0.0000010 0.1710525 0.1746367 0.5171633 0.1748720 0.1550855 0.1856381 0.2154770 0.3939269 0.1877526 0.1860153 0.1965928 0.1733553 0.2114064 0.2515887 0.1814055 0.1657064 0.1654219 0.1767920 0.1940379 0.1829461 0.1917544 0.1802939 0.1588111 0.1974935 0.1468862 0.1480968 0.1684698 0.1641548 0.1934241 0.1457917 0.1685452 0.1520964 0.1778532 0.2080576 0.2084586 0.0000010 0.2332171 0.1194842 0.2151449 0.1865851 0.2111660 0.1948016 0.1350021 0.1930967 0.1102678 0.2998994 0.2902316 0.1724738 0.4269245 0.2080442 0.1655254 0.1644435 0.1322757 
Eutetras_pringlei_149_quer                 0.1293621 0.0000010 0.1358928 0.2374325 0.0000010 0.0000000 0.1859530 0.1859982 0.1994069 0.1262134 0.0917801 0.1395745 0.1259021 0.1302878 0.1354757 0.1320652 0.0000010 0.1504776 0.1264656 0.1074878 0.0995534 0.1227555 0.0000010 0.0611072 0.1259021 0.1341382 0.1212008 0.9945007 0.0000010 0.1722481 0.1043014 0.1502502 0.0000010 0.1257074 0.1041869 0.1303250 0.1384541 0.1684263 0.1320652 0.0611072 0.1305668 0.1304214 0.1434974 0.1307735 0.1734247 0.1164761 0.1288484 0.1315478 0.1217323 0.1302878 0.1174234 0.1302878 0.1252293 0.1437891 0.1438597 0.1363154 0.0000010 0.1259021 0.1259021 0.1451932 0.0000010 0.4878014 0.1247018 0.1170772 0.0000010 0.1347588 0.1737313 0.1832195 0.0000010 0.1258987 0.0611072 0.1262522 0.1528827 0.1259021 0.0000010 0.1251844 0.1714139 0.1688774 0.1223644 9.0000000 0.1192727 0.1335162 0.1416255 0.0000010 
Eutrochium_fistulosum_SRR9119106           0.4590589 0.4037785 0.2506556 0.5489394 0.5902057 0.1859530 0.0000000 0.2862378 0.5658970 0.3776036 0.4758594 0.4151514 0.4117725 0.4740525 0.2816705 0.4088168 0.5093654 0.5348833 0.4461145 0.3932450 0.4122283 0.4021289 0.3775096 0.4147802 0.4019920 0.4293576 0.4499921 0.5380582 0.5600876 0.5299678 0.2038333 0.4878675 0.6102270 0.4966032 0.4260989 0.4036173 0.4226037 0.4621146 0.4768444 0.3618013 0.4148844 0.4356395 0.4341543 0.4106473 0.4759279 0.4142030 0.4114813 0.4006854 0.3929515 0.4517451 0.4448376 0.4528192 0.4510611 0.4211218 0.4899040 0.3120601 0.3190221 0.4091842 0.4023288 0.3864228 0.3099116 0.5046372 0.3489073 0.4196980 0.5964907 0.4423091 0.4405756 0.4858101 0.3143941 0.4334756 0.4170682 0.4228135 0.5358230 0.4025152 0.5369624 0.3597000 0.5038138 0.4760411 0.4181733 0.6591271 0.3576930 0.4098662 0.3991545 0.3032036 
Galeana_pratensis_104_mex                  0.1673719 0.1266497 0.1428540 0.3118993 0.1928356 0.1859982 0.2862378 0.0000000 0.3142644 0.1771457 0.1819423 0.1439648 0.1689594 0.1877931 0.0995517 0.1504714 0.1221981 0.2519470 0.2050930 0.1309719 0.1440301 0.1672428 0.1157212 0.1864503 0.1725954 0.1859412 0.1173644 0.1989591 0.1279050 0.2003394 0.1621208 0.2139371 0.1492381 0.2498382 0.1366905 0.2082277 0.1958667 0.1828464 0.2249307 0.1836771 0.1856139 0.1882606 0.1823281 0.2014681 0.2078084 0.1373066 0.1680331 0.1707870 0.2034470 0.1740392 0.1393456 0.1737639 0.1228246 0.1839076 0.2017790 0.1981259 0.1476660 0.1706219 0.1706444 0.1879723 0.1230445 0.1387795 0.1233142 0.1366788 0.1258661 0.1370254 0.2541323 0.2187852 0.1295994 0.1297660 0.1864503 0.1804984 0.1971211 0.1724400 0.1367481 0.1664285 0.2181082 0.1953893 0.1380687 0.1695974 0.1868023 0.1658424 0.1905729 0.1153900 
Helianthus_annuus_SRR9119062               0.4209397 0.3923082 0.3147946 0.4761493 0.4217250 0.1994069 0.5658970 0.3142644 0.0000000 0.3985718 0.4519672 0.4593752 0.4190900 0.4723185 0.2602765 0.4387205 0.4138225 0.5088894 0.4427783 0.3908795 0.4247443 0.3861122 0.3000537 0.4395610 0.4185819 0.4216277 0.4341752 0.5222689 0.4395824 0.4651190 0.2183325 0.4838140 0.4366865 0.4922852 0.4293367 0.4400643 0.4510965 0.4501949 0.5801371 0.3856406 0.4309031 0.4364530 0.3994401 0.4118507 0.5107222 0.4443943 0.4193636 0.4138779 0.4318765 0.4488734 0.4271951 0.4476471 0.4416505 0.4217270 0.4655570 0.3451234 0.2646768 0.4234383 0.4167641 0.3764245 0.3624649 0.3524988 0.3194119 0.4249625 0.5324411 0.4795835 0.4115391 0.4713296 0.3331467 0.4557895 0.4395610 0.4125048 0.4847657 0.3874819 0.4320168 0.2905048 0.5236459 0.4672664 0.4255019 0.5232567 0.3432673 0.4167036 0.3753091 0.2297598 
Lycapsus_tenuifolius_17                    0.0764626 0.0000010 0.0449371 0.3542578 0.2675749 0.1262134 0.3776036 0.1771457 0.3985718 0.0000000 0.2318673 0.1209291 0.1183792 0.2318540 0.0811242 0.1799981 0.1067407 0.4838664 0.1566373 0.0972173 0.1078148 0.0931575 0.1052684 0.1008509 0.1163401 0.1525511 0.1457448 0.5156200 0.1987627 0.3109709 0.1057860 0.2883509 0.2818796 0.0310457 0.1077021 0.2381968 0.1581649 0.2095051 0.1855309 0.0918376 0.1027124 0.2073424 0.1510469 0.1375890 0.2273089 0.1110504 0.1236478 0.1182860 0.2377166 0.2368125 0.1126233 0.2264263 0.1435063 0.0991141 0.2170128 0.0979426 0.1438697 0.1147272 0.1236898 0.2353282 0.0000010 0.2712505 0.0810984 0.1134693 0.0000010 0.1515128 0.1937748 0.3061004 0.0503482 0.1142405 0.1005584 0.1843363 0.2599199 0.1708035 0.1887589 0.0962090 0.2506397 0.2057303 0.1063905 0.2422673 0.2214954 0.1244881 0.1688332 0.1383799 
Pericome_caudata_50_silver                 0.2546348 0.0712691 0.1162777 0.5460110 0.2162986 0.0917801 0.4758594 0.1819423 0.4519672 0.2318673 0.0000000 0.1960259 0.1793673 0.1048428 0.0786092 0.2180648 0.1553839 0.3785680 0.1780447 0.1215500 0.1715336 0.1495676 0.0707491 0.1957530 0.1911141 0.1662776 0.1854144 0.1684147 0.1358762 0.1492028 0.1286083 0.2210335 0.2106162 0.3157613 0.1809690 0.1946412 0.1814457 0.2473543 0.2629130 0.1371864 0.2031306 0.1755283 0.1734811 0.1471587 0.2585291 0.1572905 0.1783959 0.1771214 0.2019832 0.1038929 0.2026760 0.1109043 0.1776147 0.1666868 0.1966740 0.0967494 0.1473442 0.1812681 0.1840475 0.2287600 0.0573199 0.1448260 0.0980053 0.1962243 0.0922003 0.1670398 0.3245688 0.2300324 0.0510471 0.1948876 0.1978458 0.1409829 0.2417444 0.1811105 0.1151059 0.1188993 0.2455724 0.2195818 0.1921081 0.4095768 0.1842955 0.1699902 0.2039486 0.0966770 
Perityle_aglossa_84_dead_horse             0.3035541 0.0636179 0.1216367 0.4270038 0.1970615 0.1395745 0.4151514 0.1439648 0.4593752 0.1209291 0.1960259 0.0000000 0.1279576 0.1572464 0.1067323 0.1149669 0.1304005 0.3924002 0.1239363 0.1146017 0.1032257 0.0610045 0.0306038 0.1091232 0.0956952 0.1246626 0.1380107 0.1109334 0.1815642 0.1985245 0.1127394 0.2633206 0.1547997 0.1766176 0.1102993 0.1847293 0.1275461 0.2307980 0.1426527 0.1118112 0.1011825 0.1545280 0.1230126 0.1397385 0.2484865 0.1257390 0.1263116 0.1278487 0.2054994 0.1465197 0.1202949 0.1612545 0.1419825 0.0976225 0.1991176 0.0979048 0.0676923 0.1305138 0.1233417 0.2051698 0.0245512 0.1335689 0.0500892 0.0783398 0.0849661 0.0930524 0.2147978 0.2270556 0.0165331 0.1579926 0.1083987 0.1165897 0.2547687 0.1574663 0.0836305 0.0346431 0.2002603 0.2721503 0.1393907 0.4182589 0.1769325 0.1275281 0.1305966 0.0373283 
Perityle_ajoensis_204                      0.2695000 0.0563626 0.1136725 0.4574759 0.1654588 0.1259021 0.4117725 0.1689594 0.4190900 0.1183792 0.1793673 0.1279576 0.0000000 0.1423122 0.0467783 0.1051761 0.0628549 0.3034854 0.1177755 0.0520327 0.0708342 0.0143399 0.0327491 0.0720988 0.0159310 0.0884079 0.0871609 0.0884424 0.0872454 0.1814824 0.1087644 0.2211538 0.1529086 0.1836645 0.0738315 0.1494268 0.1075909 0.1681494 0.1418303 0.0752812 0.0746332 0.1260414 0.0872266 0.1184407 0.2012366 0.0707659 0.0192767 0.0170964 0.1689419 0.1318241 0.0851056 0.1458538 0.0863109 0.0756544 0.1550267 0.0882356 0.0503517 0.0173697 0.0172789 0.1471509 0.0295535 0.0758982 0.0523739 0.0600607 0.0764211 0.0947219 0.2131114 0.2000292 0.0334902 0.1031344 0.0715754 0.1106363 0.1906428 0.0411251 0.0606656 0.0086469 0.1763992 0.2198631 0.0721631 0.3558684 0.1605670 0.0187795 0.1312662 0.0396464 
Perityle_ambrosiifolia_67_green            0.2369268 0.0682285 0.0957300 0.5734923 0.2181029 0.1302878 0.4740525 0.1877931 0.4723185 0.2318540 0.1048428 0.1572464 0.1423122 0.0000000 0.0643702 0.1804652 0.1051218 0.3155725 0.1670359 0.1116695 0.1626607 0.1314731 0.0950100 0.1443758 0.1475836 0.1470886 0.1551199 0.1080755 0.1145885 0.1279641 0.0975307 0.2199011 0.1978270 0.3467031 0.1517255 0.1928907 0.1496501 0.2018878 0.2084844 0.0891460 0.1603899 0.1816091 0.1575358 0.1348223 0.1968195 0.1438392 0.1441200 0.1376522 0.1925856 0.0188949 0.1738122 0.0223586 0.1545285 0.1408486 0.1973869 0.0862600 0.1251533 0.1417384 0.1336570 0.2351097 0.0652170 0.1310512 0.0835301 0.1510416 0.0897973 0.1620979 0.3085394 0.2113249 0.0990664 0.1960604 0.1466394 0.1303077 0.2620653 0.1643543 0.1013735 0.1195075 0.2082583 0.2168668 0.1524951 0.5410622 0.1692041 0.1363414 0.1899842 0.1268874 
Perityle_angustifolia_13_Eagle_creek       0.2106016 0.0636838 0.0933038 0.3088746 0.1258535 0.1354757 0.2816705 0.0995517 0.2602765 0.0811242 0.0786092 0.1067323 0.0467783 0.0643702 0.0000000 0.0563363 0.0427100 0.1458328 0.0806915 0.0157941 0.0435969 0.0374123 0.0079235 0.0515768 0.0422285 0.0522212 0.0515664 0.0795587 0.0756296 0.0928033 0.0752533 0.1012033 0.1202946 0.2176181 0.0479780 0.0672651 0.0647474 0.0718824 0.1399161 0.0515768 0.0531695 0.0709445 0.0487191 0.0813484 0.0996763 0.0169365 0.0468360 0.0446890 0.0768301 0.0505758 0.0567595 0.0493586 0.0541835 0.0543817 0.0937778 0.0886251 0.0515119 0.0469345 0.0436479 0.0846837 0.0295016 0.0779834 0.0374624 0.0415231 0.0580145 0.0538790 0.2007123 0.1166984 0.0334912 0.0118350 0.0515768 0.0681171 0.1388964 0.0467399 0.0500301 0.0365861 0.1370795 0.0802521 0.0209796 0.1571163 0.0891939 0.0457404 0.0917018 0.0428267 
Perityle_batopilensis_97                   0.3110711 0.1670644 0.1919669 0.3293949 0.2863641 0.1320652 0.4088168 0.1504714 0.4387205 0.1799981 0.2180648 0.1149669 0.1051761 0.1804652 0.0563363 0.0000000 0.0738991 0.3022727 0.1831413 0.0977879 0.1016155 0.0684029 0.0674102 0.1158762 0.0868918 0.1610715 0.1698397 0.2490490 0.1870447 0.1972582 0.1057164 0.2465572 0.2537841 0.3229049 0.1076890 0.2023086 0.1878221 0.2188875 0.0876049 0.1195868 0.1123674 0.1904385 0.1598103 0.2303760 0.2454740 0.0999744 0.1132082 0.1116969 0.2456866 0.1702083 0.1119711 0.1735403 0.1649356 0.1146388 0.2178584 0.1397977 0.0815778 0.1135836 0.1106671 0.2004269 0.1648769 0.2362237 0.1081640 0.1065305 0.1942954 0.1852338 0.1811963 0.2329304 0.0749583 0.1348148 0.1158762 0.1949885 0.2375250 0.1107101 0.1697589 0.0621282 0.2257336 0.2647185 0.0704448 0.3846531 0.1830922 0.1137047 0.1415601 0.0593767 
Perityle_bisetosa_9                        0.4220665 0.0636268 0.2272999 0.3362797 0.1737699 0.0000010 0.5093654 0.1221981 0.4138225 0.1067407 0.1553839 0.1304005 0.0628549 0.1051218 0.0427100 0.0738991 0.0000000 0.2000572 0.0897608 0.0592073 0.0306990 0.0481414 0.0306283 0.0400638 0.0538580 0.0673551 0.0680836 0.1303656 0.0955980 0.1073675 0.0000010 0.1654746 0.1459895 0.3057386 0.0319948 0.0725882 0.0999408 0.2245805 0.1792682 0.0386171 0.0371496 0.0885510 0.0641158 0.1317974 0.2925705 0.0646152 0.0581325 0.0581448 0.0837443 0.0747572 0.0503390 0.0880044 0.0666917 0.0398762 0.1086146 0.0765444 0.0545600 0.0665841 0.0624194 0.0941422 0.0345643 0.0838519 0.0448664 0.0363257 0.0929921 0.0792861 0.3274535 0.1300948 0.0109897 0.1055596 0.0400638 0.0925201 0.0816814 0.0595460 0.0664484 0.0267950 0.1426297 0.2681159 0.0724783 0.3230105 0.0503808 0.0611999 0.0836784 0.0422094 
Perityle_californica_76_positas            0.4057740 0.1458232 0.3048304 0.6607300 0.3125008 0.1504776 0.5348833 0.2519470 0.5088894 0.4838664 0.3785680 0.3924002 0.3034854 0.3155725 0.1458328 0.3022727 0.2000572 0.0000000 0.2933500 0.2617269 0.3058207 0.2163960 0.1758627 0.4108236 0.3089822 0.3810968 0.4310549 0.2689441 0.2834886 0.2765564 0.1322823 0.3243127 0.2362770 0.5208103 0.3491361 0.3561438 0.3429335 0.4534355 0.3723724 0.2353284 0.3760180 0.3531570 0.3733829 0.2989053 0.4546583 0.3255108 0.3879233 0.3542483 0.3897239 0.3416162 0.3838992 0.3628349 0.3990889 0.2838792 0.3771794 0.1495914 0.2370812 0.3457733 0.3358764 0.3694876 0.1489406 0.3000364 0.1733256 0.4172812 0.2113669 0.3945171 0.3927710 0.4072804 0.1209032 0.3173621 0.4120822 0.2800635 0.4918856 0.2577356 0.2759535 0.1756059 0.4166084 0.4011991 0.3232820 0.5395914 0.2394743 0.3505787 0.2324707 0.2079327 
Perityle_canescens_77                      0.2461853 0.0997015 0.1048689 0.5159169 0.1960452 0.1264656 0.4461145 0.2050930 0.4427783 0.1566373 0.1780447 0.1239363 0.1177755 0.1670359 0.0806915 0.1831413 0.0897608 0.2933500 0.0000000 0.1033023 0.1105170 0.1061194 0.0694214 0.1250496 0.1145057 0.1265413 0.1212880 0.1364014 0.1129687 0.2286878 0.1356241 0.2426672 0.1765524 0.3142957 0.1238522 0.1729456 0.1157318 0.1607512 0.1939807 0.1162123 0.1278620 0.1489148 0.1290887 0.1410832 0.1606726 0.1079468 0.1208941 0.1137065 0.1627402 0.1685958 0.1281329 0.1678994 0.1164033 0.1258015 0.1762822 0.1202375 0.0742239 0.1175981 0.1168819 0.1771946 0.0838182 0.1134959 0.0989894 0.1186727 0.1137434 0.1187206 0.2210934 0.2038977 0.0661446 0.1635135 0.1272280 0.1298360 0.2045167 0.1041707 0.0946279 0.0917744 0.1827386 0.2024602 0.1189222 0.4963509 0.1860495 0.1180224 0.1255460 0.0387249 
Perityle_castillonii_96                    0.2753245 0.0712941 0.1059559 0.4032799 0.1731532 0.1074878 0.3932450 0.1309719 0.3908795 0.0972173 0.1215500 0.1146017 0.0520327 0.1116695 0.0157941 0.0977879 0.0592073 0.2617269 0.1033023 0.0000000 0.0600435 0.0434295 0.0099468 0.0645138 0.0464691 0.0671014 0.0590668 0.0754231 0.0729998 0.1601153 0.0929089 0.1813127 0.1475041 0.1773984 0.0636194 0.1159030 0.0880279 0.1096738 0.1184299 0.0638436 0.0671776 0.0944218 0.0641330 0.1206870 0.1225324 0.0320944 0.0534688 0.0521590 0.1111231 0.1002147 0.0743468 0.0963703 0.0572930 0.0630743 0.1074410 0.0879576 0.0537469 0.0512505 0.0506313 0.1071242 0.0345708 0.0865639 0.0442321 0.0581498 0.0746740 0.0650920 0.1699357 0.1663203 0.0393045 0.0611658 0.0639869 0.1035571 0.1663952 0.0774108 0.0520477 0.0395310 0.1331568 0.1584742 0.0445069 0.3388217 0.1606516 0.0553689 0.1172452 0.0452018 
Perityle_cernua_84                         0.2749856 0.0745802 0.1007167 0.4383666 0.1790853 0.0995534 0.4122283 0.1440301 0.4247443 0.1078148 0.1715336 0.1032257 0.0708342 0.1626607 0.0435969 0.1016155 0.0306990 0.3058207 0.1105170 0.0600435 0.0000000 0.0494798 0.0347946 0.0585615 0.0609274 0.0912474 0.0796317 0.1199777 0.0922341 0.2056627 0.0902187 0.2154483 0.1525902 0.1723918 0.0347274 0.1572623 0.1033337 0.1468821 0.1372511 0.0528383 0.0606090 0.1221186 0.0848808 0.1344195 0.1724269 0.0734122 0.0718464 0.0646897 0.1564791 0.1412999 0.0453134 0.1425800 0.0762814 0.0556557 0.1410031 0.0896945 0.0566021 0.0675461 0.0702713 0.1470222 0.0446346 0.1024199 0.0553389 0.0456965 0.1003547 0.0854486 0.1884509 0.1909181 0.0193032 0.0960184 0.0581980 0.1136517 0.1883831 0.0831238 0.0748470 0.0372414 0.1736726 0.2112201 0.0773088 0.3435786 0.1587913 0.0713988 0.1298802 0.0421209 
Perityle_cfvillosa_25_tin                  0.2025069 0.0568921 0.1067890 0.4497761 0.1468257 0.1227555 0.4021289 0.1672428 0.3861122 0.0931575 0.1495676 0.0610045 0.0143399 0.1314731 0.0374123 0.0684029 0.0481414 0.2163960 0.1061194 0.0434295 0.0494798 0.0000000 0.0266434 0.0628628 0.0111196 0.0796783 0.0749708 0.0814975 0.0730667 0.1705523 0.1089121 0.1834714 0.1479519 0.1847210 0.0567542 0.1193822 0.0875710 0.1128457 0.1416192 0.0644666 0.0635073 0.1022414 0.0738960 0.1084738 0.1411744 0.0591531 0.0118053 0.0065034 0.1222014 0.1103649 0.0644848 0.1103183 0.0710238 0.0651779 0.1306225 0.0871719 0.0484872 0.0092443 0.0104085 0.1353007 0.0295535 0.0759644 0.0526070 0.0457433 0.0703850 0.0796260 0.1871612 0.1728886 0.0251629 0.1002858 0.0636873 0.0985734 0.1601014 0.0073642 0.0577698 0.0069432 0.1506290 0.1777404 0.0647968 0.3131989 0.1558844 0.0111321 0.1098883 0.0348808 
Perityle_cinerea_113_Powell1310            0.1880333 0.0714040 0.1263817 0.2012643 0.1180339 0.0000010 0.3775096 0.1157212 0.3000537 0.1052684 0.0707491 0.0306038 0.0327491 0.0950100 0.0079235 0.0674102 0.0306283 0.1758627 0.0694214 0.0099468 0.0347946 0.0266434 0.0000000 0.0475636 0.0306466 0.0562168 0.0553020 0.0651775 0.0736503 0.0946521 0.0000010 0.1200448 0.1151390 0.3246676 0.0369740 0.0644536 0.0845189 0.0609599 0.1942092 0.0475636 0.0454216 0.0616716 0.0497061 0.0773243 0.0888122 0.0224002 0.0285831 0.0264758 0.0749857 0.0585418 0.0348726 0.0563671 0.0541399 0.0519565 0.0829637 0.0731136 0.0570409 0.0306741 0.0285846 0.0697523 0.0295016 0.0669211 0.0476286 0.0264841 0.0689455 0.0647561 0.0000010 0.1204249 0.0422485 0.0019733 0.0475636 0.0693920 0.0583722 0.0306153 0.0534048 0.0285578 0.1569841 0.0531600 0.0222420 0.1415555 0.0307163 0.0285385 0.0994719 0.0481550 
Perityle_coahuilensis_24                   0.2672122 0.0748629 0.1149746 0.4291217 0.1865851 0.0611072 0.4147802 0.1864503 0.4395610 0.1008509 0.1957530 0.1091232 0.0720988 0.1443758 0.0515768 0.1158762 0.0400638 0.4108236 0.1250496 0.0645138 0.0585615 0.0628628 0.0475636 0.0000000 0.0688845 0.1184042 0.0887441 0.1425141 0.0933393 0.2044301 0.1188329 0.2754544 0.1590279 0.1620388 0.0461693 0.1678657 0.1308818 0.2441413 0.1418816 0.0031931 0.0141338 0.1410217 0.1181648 0.1346292 0.2894571 0.0790857 0.0790987 0.0776663 0.1878735 0.1383126 0.0645018 0.1503868 0.0927620 0.0337480 0.1508299 0.1062725 0.0523901 0.0761673 0.0741355 0.1507473 0.0395990 0.1059797 0.0472260 0.0533407 0.1003179 0.1001424 0.2158377 0.2342031 0.0277781 0.1035649 0.0000010 0.1294886 0.2269492 0.0947293 0.0757276 0.0467912 0.2029827 0.2668374 0.0912903 0.3586270 0.1679736 0.0803135 0.1390269 0.0421938 
Perityle_cochisensis_44_cave_creek         0.2236696 0.0599569 0.1085290 0.4526975 0.1396320 0.1259021 0.4019920 0.1725954 0.4185819 0.1163401 0.1911141 0.0956952 0.0159310 0.1475836 0.0422285 0.0868918 0.0538580 0.3089822 0.1145057 0.0464691 0.0609274 0.0111196 0.0306466 0.0688845 0.0000000 0.0894789 0.0861386 0.0810337 0.0757795 0.1807638 0.1089121 0.2235641 0.1402897 0.1810490 0.0713173 0.1506700 0.1000355 0.1430509 0.1397377 0.0679984 0.0680937 0.1229164 0.0875296 0.1129278 0.1784064 0.0691093 0.0175565 0.0142040 0.1681235 0.1338684 0.0807498 0.1472203 0.0846455 0.0675684 0.1537897 0.0867872 0.0460046 0.0154660 0.0136413 0.1440649 0.0346129 0.0759396 0.0523687 0.0520973 0.0724974 0.0918360 0.2123396 0.2009269 0.0277794 0.1036282 0.0683142 0.1008259 0.2014612 0.0334944 0.0554124 0.0051838 0.1784625 0.1936371 0.0735890 0.3065026 0.1579101 0.0164252 0.1140952 0.0349220 
Perityle_congesta_202                      0.2054281 0.0713618 0.1108847 0.4637493 0.1937521 0.1341382 0.4293576 0.1859412 0.4216277 0.1525511 0.1662776 0.1246626 0.0884079 0.1470886 0.0522212 0.1610715 0.0673551 0.3810968 0.1265413 0.0671014 0.0912474 0.0796783 0.0562168 0.1184042 0.0894789 0.0000000 0.1112536 0.1247046 0.1016477 0.1991493 0.1088246 0.2397728 0.1691286 0.2726969 0.0905024 0.1424484 0.0592245 0.1853522 0.1864681 0.0816302 0.1197057 0.1237203 0.0148203 0.1247796 0.2072788 0.0888021 0.1146311 0.1165537 0.1633597 0.1370793 0.1215057 0.1492069 0.1019769 0.0931579 0.1491069 0.0941524 0.0835366 0.1015914 0.0947406 0.1557414 0.0736254 0.1064970 0.0651435 0.1101337 0.1040518 0.1154981 0.2072846 0.2194756 0.0480521 0.1237234 0.1181605 0.1209584 0.0948494 0.1092832 0.0131922 0.0669563 0.2063784 0.2393507 0.0924037 0.3916427 0.1807763 0.1118155 0.1470172 0.0717338 
Perityle_cordifolia_27                     0.2559493 0.0706178 0.1148565 0.4588679 0.1839055 0.1212008 0.4499921 0.1173644 0.4341752 0.1457448 0.1854144 0.1380107 0.0871609 0.1551199 0.0515664 0.1698397 0.0680836 0.4310549 0.1212880 0.0590668 0.0796317 0.0749708 0.0553020 0.0887441 0.0861386 0.1112536 0.0000000 0.1329604 0.0974028 0.2083112 0.0865643 0.2693911 0.1705975 0.2645788 0.0803559 0.1713141 0.1177956 0.2221869 0.1905175 0.0736419 0.0938238 0.1340926 0.1065853 0.1366564 0.2537911 0.0775995 0.0904074 0.0947011 0.1741573 0.1425098 0.0974436 0.1484128 0.0172861 0.0812474 0.1450520 0.0912644 0.0771547 0.0911254 0.0865402 0.1541037 0.0683780 0.0969410 0.0174047 0.0845686 0.0958619 0.0148789 0.2122746 0.2300367 0.0646372 0.1112284 0.0890950 0.1244605 0.1920976 0.1030577 0.0803057 0.0682717 0.2095021 0.2555700 0.0848179 0.3609062 0.1895398 0.0936505 0.1350264 0.0606866 
Perityle_cordifolia_68_tecolote            0.3648641 0.0827912 0.4717393 0.9158297 0.2395024 0.9945007 0.5380582 0.1989591 0.5222689 0.5156200 0.1684147 0.1109334 0.0884424 0.1080755 0.0795587 0.2490490 0.1303656 0.2689441 0.1364014 0.0754231 0.1199777 0.0814975 0.0651775 0.1425141 0.0810337 0.1247046 0.1329604 0.0000000 0.1384611 0.1802737 0.6090276 0.2121223 0.2020913 0.6571609 0.1152944 0.1359274 0.1121287 0.2613976 0.2569536 0.1478921 0.1247175 0.1315497 0.1234392 0.1349419 0.2718141 0.0877022 0.0911958 0.0810103 0.1427944 0.1051198 0.1369701 0.1139381 0.1109971 0.1169231 0.1578674 0.0611863 0.0685296 0.0850146 0.1164420 0.1672069 0.0898234 0.1162810 0.1050064 0.1440007 0.1324872 0.1149392 0.4522275 0.1853290 0.0719144 0.1679626 0.1448049 0.1325987 0.1383916 0.0799042 0.1157890 0.0796570 0.2031112 0.2704725 0.0970082 0.5091068 0.1970907 0.0935594 0.1065890 0.0679985 
Perityle_coronopifolia_28_patagonia        0.3790966 0.0858283 0.2287373 0.3205688 0.2017378 0.0000010 0.5600876 0.1279050 0.4395824 0.1987627 0.1358762 0.1815642 0.0872454 0.1145885 0.0756296 0.1870447 0.0955980 0.2834886 0.1129687 0.0729998 0.0922341 0.0730667 0.0736503 0.0933393 0.0757795 0.1016477 0.0974028 0.1384611 0.0000000 0.1419514 0.0000010 0.1875632 0.1823325 0.4779135 0.0882044 0.1029666 0.1308191 0.1635652 0.2822345 0.0951576 0.1013991 0.0989514 0.1001478 0.1197253 0.2044325 0.0847248 0.0863514 0.0827019 0.1026973 0.0922665 0.0934425 0.0884674 0.0944817 0.1031339 0.0456637 0.1021200 0.0752246 0.0856167 0.0836220 0.0483807 0.0128976 0.1031012 0.0914246 0.0881771 0.0067772 0.0993071 0.0000010 0.1520705 0.0686176 0.1346285 0.0933393 0.1084031 0.1077031 0.0822755 0.0967082 0.0556370 0.1836229 0.2367294 0.0926263 0.3408912 0.0535955 0.0844844 0.1282468 0.0619167 
Perityle_crassifolia_70_ventanas           0.2752175 0.1155226 0.1274493 0.6201860 0.1758033 0.1722481 0.5299678 0.2003394 0.4651190 0.3109709 0.1492028 0.1985245 0.1814824 0.1279641 0.0928033 0.1972582 0.1073675 0.2765564 0.2286878 0.1601153 0.2056627 0.1705523 0.0946521 0.2044301 0.1807638 0.1991493 0.2083112 0.1802737 0.1419514 0.0000000 0.0101158 0.2069946 0.1579353 0.4552611 0.2029377 0.2436258 0.1942147 0.2370050 0.2800610 0.1290870 0.2053546 0.2163793 0.2008412 0.1870270 0.2385708 0.1965860 0.1842961 0.1799779 0.2431356 0.1293601 0.2057984 0.1286595 0.2052392 0.1949886 0.2342588 0.1342125 0.0874929 0.1878710 0.1784410 0.2616965 0.0817162 0.1663944 0.1253399 0.1933673 0.1236401 0.2047673 0.3454464 0.2425675 0.0742146 0.2481030 0.2071282 0.1466560 0.2737472 0.1693149 0.1376956 0.1455505 0.2655057 0.2606202 0.2083757 0.5181454 0.2086869 0.1777082 0.2083957 0.0636138 
Perityle_crassifolia_74_playa_balandra     0.1164738 0.0000010 0.0592040 0.2179209 0.0000010 0.1043014 0.2038333 0.1621208 0.2183325 0.1057860 0.1286083 0.1127394 0.1087644 0.0975307 0.0752533 0.1057164 0.0000010 0.1322823 0.1356241 0.0929089 0.0902187 0.1089121 0.0000010 0.1188329 0.1089121 0.1088246 0.0865643 0.6090276 0.0000010 0.0101158 0.0000000 0.1125491 0.0000010 0.0977762 0.0863276 0.1169647 0.1128238 0.1297323 0.1150642 0.1177684 0.1240711 0.1126750 0.1127971 0.1049938 0.1341416 0.0937518 0.0957780 0.1057828 0.1012771 0.0975307 0.0902986 0.0975307 0.0865643 0.1284731 0.1444753 0.1058344 0.0000010 0.1089121 0.1128656 0.1408619 0.0000010 0.5500187 0.0865643 0.1010684 0.0000010 0.0909317 0.1412222 0.1376193 0.0000010 0.1056352 0.1188329 0.1208685 0.1168169 0.1089121 0.0000010 0.1089121 0.1156076 0.1457251 0.1028643 0.4182827 0.1250975 0.0990120 0.1247308 0.0000010 
Perityle_cuneata_34_cuneata_San_antonio    0.2510628 0.1547370 0.1595530 0.5551508 0.1710525 0.1502502 0.4878675 0.2139371 0.4838140 0.2883509 0.2210335 0.2633206 0.2211538 0.2199011 0.1012033 0.2465572 0.1654746 0.3243127 0.2426672 0.1813127 0.2154483 0.1834714 0.1200448 0.2754544 0.2235641 0.2397728 0.2693911 0.2121223 0.1875632 0.2069946 0.1125491 0.0000000 0.1351545 0.3675252 0.2313025 0.2479097 0.2358573 0.2862715 0.2893134 0.1582262 0.2725965 0.2295494 0.2295212 0.1923038 0.2922426 0.2193256 0.2738495 0.2442523 0.2591109 0.2089851 0.2839873 0.2208939 0.2489374 0.2086421 0.2523699 0.1487868 0.1092796 0.2372472 0.2318775 0.2492822 0.1520044 0.1765240 0.1401812 0.2789128 0.1953503 0.2617648 0.3500987 0.2630310 0.1179069 0.2474602 0.2790061 0.2010139 0.3492450 0.2086904 0.1759958 0.1418136 0.3355204 0.2905357 0.2458431 0.4183214 0.2163100 0.2394212 0.2315943 0.1089383 
Perityle_cuneata_4                         0.2995544 0.1513516 0.2365140 0.3658292 0.1746367 0.0000010 0.6102270 0.1492381 0.4366865 0.2818796 0.2106162 0.1547997 0.1529086 0.1978270 0.1202946 0.2537841 0.1459895 0.2362770 0.1765524 0.1475041 0.1525902 0.1479519 0.1151390 0.1590279 0.1402897 0.1691286 0.1705975 0.2020913 0.1823325 0.1579353 0.0000010 0.1351545 0.0000000 0.5245497 0.1468846 0.1699636 0.1800266 0.2153948 0.3518505 0.1560700 0.1541653 0.1753997 0.1620454 0.2017152 0.2488034 0.1546133 0.1515234 0.1514461 0.1560460 0.1698002 0.1527100 0.1664305 0.1686193 0.1509562 0.1991509 0.1593167 0.1286236 0.1500190 0.1501013 0.1760858 0.1337205 0.1564176 0.1469590 0.1506102 0.1873032 0.1840202 0.3191750 0.2056328 0.1216238 0.2020708 0.1590279 0.1810474 0.1723953 0.1373706 0.1641976 0.1085813 0.2745738 0.2998502 0.1577905 0.4271011 0.2200510 0.1513700 0.1577164 0.1242547 
Perityle_discoidea_81                      0.1967634 0.6011664 0.0475889 0.3560325 0.5171633 0.1257074 0.4966032 0.2498382 0.4922852 0.0310457 0.3157613 0.1766176 0.1836645 0.3467031 0.2176181 0.3229049 0.3057386 0.5208103 0.3142957 0.1773984 0.1723918 0.1847210 0.3246676 0.1620388 0.1810490 0.2726969 0.2645788 0.6571609 0.4779135 0.4552611 0.0977762 0.3675252 0.5245497 0.0000000 0.1646456 0.3164590 0.3023393 0.2983582 0.3169321 0.1765742 0.1698812 0.2950476 0.2774196 0.2935088 0.3153515 0.1754435 0.1833037 0.1763684 0.3248120 0.3362448 0.1745466 0.3269224 0.2613362 0.1752196 0.3086845 0.3370934 0.3356859 0.1718314 0.1798843 0.3339896 0.5336588 0.5065883 0.2873959 0.1712695 0.6756197 0.2838110 0.1654217 0.3853349 0.3994540 0.1835884 0.1638672 0.3178196 0.3780267 0.2392622 0.4741166 0.1946393 0.3504024 0.3121727 0.1887914 0.3978245 0.3307814 0.1808667 0.2545881 0.2887825 
Perityle_dissecta_201                      0.2546601 0.0674429 0.1037503 0.4377124 0.1748720 0.1041869 0.4260989 0.1366905 0.4293367 0.1077021 0.1809690 0.1102993 0.0738315 0.1517255 0.0479780 0.1076890 0.0319948 0.3491361 0.1238522 0.0636194 0.0347274 0.0567542 0.0369740 0.0461693 0.0713173 0.0905024 0.0803559 0.1152944 0.0882044 0.2029377 0.0863276 0.2313025 0.1468846 0.1646456 0.0000000 0.1668618 0.1085434 0.2130242 0.1341222 0.0320242 0.0532325 0.1337916 0.0904698 0.1295173 0.2406909 0.0749942 0.0776387 0.0760939 0.1741024 0.1411969 0.0269983 0.1522514 0.0814742 0.0442856 0.1445446 0.0917927 0.0438162 0.0776737 0.0768859 0.1489567 0.0245512 0.1039367 0.0524823 0.0574809 0.0907788 0.0888822 0.2085093 0.2005911 0.0277784 0.1035026 0.0459304 0.1182945 0.1782320 0.0886698 0.0673766 0.0372621 0.1884697 0.2488496 0.0865498 0.3444958 0.1568766 0.0772822 0.1266302 0.0302390 
Perityle_feddemae_99                       0.1730064 0.0953412 0.1318582 0.5515279 0.1550855 0.1303250 0.4036173 0.2082277 0.4400643 0.2381968 0.1946412 0.1847293 0.1494268 0.1928907 0.0672651 0.2023086 0.0725882 0.3561438 0.1729456 0.1159030 0.1572623 0.1193822 0.0644536 0.1678657 0.1506700 0.1424484 0.1713141 0.1359274 0.1029666 0.2436258 0.1169647 0.2479097 0.1699636 0.3164590 0.1668618 0.0000000 0.1492633 0.1364864 0.1978384 0.1112873 0.1746908 0.0618165 0.1462294 0.0542117 0.1369949 0.1704926 0.1620705 0.1551906 0.0460426 0.1996845 0.1804581 0.1948036 0.1624183 0.1460422 0.1572106 0.1181122 0.0782449 0.1584230 0.1517105 0.1312863 0.0937878 0.1072687 0.0949047 0.1765128 0.0967518 0.1681215 0.2662651 0.2334149 0.0679993 0.1759922 0.1688998 0.1581076 0.2850949 0.1606079 0.0768834 0.0919669 0.2017986 0.1774254 0.1707470 0.3469280 0.1546508 0.1537565 0.1793367 0.0432188 
Perityle_fosteri_93                        0.2473099 0.0858968 0.1403653 0.4768601 0.1856381 0.1384541 0.4226037 0.1958667 0.4510965 0.1581649 0.1814457 0.1275461 0.1075909 0.1496501 0.0647474 0.1878221 0.0999408 0.3429335 0.1157318 0.0880279 0.1033337 0.0875710 0.0845189 0.1308818 0.1000355 0.0592245 0.1177956 0.1121287 0.1308191 0.1942147 0.1128238 0.2358573 0.1800266 0.3023393 0.1085434 0.1492633 0.0000000 0.1841650 0.1665603 0.1122068 0.1219594 0.1481221 0.0523375 0.1220443 0.1839384 0.1013529 0.1258759 0.1222311 0.1613986 0.1580225 0.1334536 0.1696875 0.1136410 0.1132323 0.1802165 0.1007642 0.1311051 0.1234912 0.1197382 0.1703792 0.0814296 0.1237499 0.0652122 0.1194398 0.0899878 0.1088784 0.1951898 0.2188851 0.0706955 0.1380671 0.1320375 0.1270737 0.1643073 0.1302924 0.0611676 0.0863512 0.1992888 0.1993968 0.1008771 0.4609719 0.1745464 0.1266283 0.1318135 0.1155934 
Perityle_gamon_221                         0.2327987 0.0800614 0.1380683 0.4868764 0.2154770 0.1684263 0.4621146 0.1828464 0.4501949 0.2095051 0.2473543 0.2307980 0.1681494 0.2018878 0.0718824 0.2188875 0.2245805 0.4534355 0.1607512 0.1096738 0.1468821 0.1128457 0.0609599 0.2441413 0.1430509 0.1853522 0.2221869 0.2613976 0.1635652 0.2370050 0.1297323 0.2862715 0.2153948 0.2983582 0.2130242 0.1364864 0.1841650 0.0000000 0.2360908 0.1848725 0.1878162 0.1460891 0.1659406 0.1317048 0.0355635 0.1968825 0.2302479 0.1752588 0.1427480 0.1816617 0.2393092 0.1912963 0.1572371 0.1222189 0.1419701 0.1181027 0.0735081 0.1730256 0.2106991 0.1319131 0.0859157 0.0982317 0.0926248 0.2423482 0.1612988 0.1800827 0.2539241 0.3135273 0.0479929 0.1775862 0.2422920 0.1556255 0.2940711 0.1367730 0.1527908 0.0843066 0.2794680 0.2701253 0.2141078 0.3955886 0.1822207 0.1997578 0.1671432 0.0599269 
Perityle_gentryi_8_san_francisco           0.3544608 0.1702599 0.2135144 0.5806320 0.3939269 0.1320652 0.4768444 0.2249307 0.5801371 0.1855309 0.2629130 0.1426527 0.1418303 0.2084844 0.1399161 0.0876049 0.1792682 0.3723724 0.1939807 0.1184299 0.1372511 0.1416192 0.1942092 0.1418816 0.1397377 0.1864681 0.1905175 0.2569536 0.2822345 0.2800610 0.1150642 0.2893134 0.3518505 0.3169321 0.1341222 0.1978384 0.1665603 0.2360908 0.0000000 0.1424001 0.1441470 0.2255594 0.1964029 0.2139551 0.2172851 0.1291022 0.1450374 0.1400733 0.2319447 0.2287118 0.1493351 0.2255631 0.1853247 0.1456021 0.2490624 0.1469513 0.2512879 0.1411193 0.1427686 0.3071321 0.1691984 0.3530061 0.1152726 0.1413416 0.2044535 0.1559535 0.1952319 0.2977103 0.0809009 0.1745022 0.1413798 0.2358543 0.2965913 0.1690318 0.2660125 0.1500730 0.2403682 0.2671114 0.1314347 0.5019738 0.2094974 0.1440933 0.1614806 0.2425689 
Perityle_gilensis_22_Superstition          0.2777771 0.0748629 0.1181976 0.3266763 0.1877526 0.0611072 0.3618013 0.1836771 0.3856406 0.0918376 0.1371864 0.1118112 0.0752812 0.0891460 0.0515768 0.1195868 0.0386171 0.2353284 0.1162123 0.0638436 0.0528383 0.0644666 0.0475636 0.0031931 0.0679984 0.0816302 0.0736419 0.1478921 0.0951576 0.1290870 0.1177684 0.1582262 0.1560700 0.1765742 0.0320242 0.1112873 0.1122068 0.1848725 0.1424001 0.0000000 0.0086533 0.1104737 0.0833708 0.1242607 0.2296045 0.0717478 0.0741356 0.0746184 0.1173371 0.0790946 0.0519913 0.0858849 0.0747020 0.0319509 0.1139094 0.1075870 0.0523901 0.0776277 0.0731796 0.1098223 0.0395990 0.1061859 0.0490354 0.0526563 0.1017803 0.0838900 0.1825843 0.1411811 0.0277781 0.0982573 0.0040409 0.1180491 0.1873885 0.1016311 0.0766988 0.0486808 0.1422365 0.2031529 0.0761961 0.3476138 0.1117718 0.0765796 0.1374130 0.0421938 
Perityle_gilensis_salensis_225             0.2466752 0.0748629 0.1180879 0.4493805 0.1860153 0.1305668 0.4148844 0.1856139 0.4309031 0.1027124 0.2031306 0.1011825 0.0746332 0.1603899 0.0531695 0.1123674 0.0371496 0.3760180 0.1278620 0.0671776 0.0606090 0.0635073 0.0454216 0.0141338 0.0680937 0.1197057 0.0938238 0.1247175 0.1013991 0.2053546 0.1240711 0.2725965 0.1541653 0.1698812 0.0532325 0.1746908 0.1219594 0.1878162 0.1441470 0.0086533 0.0000000 0.1436603 0.1145233 0.1412114 0.2237935 0.0836679 0.0805971 0.0768882 0.1964510 0.1460429 0.0628982 0.1584683 0.0954150 0.0354363 0.1682741 0.1137595 0.0502110 0.0748734 0.0754025 0.1550637 0.0395990 0.1042612 0.0523760 0.0550848 0.1017418 0.1021042 0.2050721 0.2462069 0.0277781 0.1080325 0.0140363 0.1249990 0.2204719 0.0918279 0.0771637 0.0471452 0.2123533 0.2506153 0.0919534 0.3348482 0.1744077 0.0815518 0.1358339 0.0397751 
Perityle_glaucescens_94                    0.2165949 0.1095800 0.1465026 0.4855073 0.1965928 0.1304214 0.4356395 0.1882606 0.4364530 0.2073424 0.1755283 0.1545280 0.1260414 0.1816091 0.0709445 0.1904385 0.0885510 0.3531570 0.1489148 0.0944218 0.1221186 0.1022414 0.0616716 0.1410217 0.1229164 0.1237203 0.1340926 0.1315497 0.0989514 0.2163793 0.1126750 0.2295494 0.1753997 0.2950476 0.1337916 0.0618165 0.1481221 0.1460891 0.2255594 0.1104737 0.1436603 0.0000000 0.1248560 0.0394201 0.1724260 0.1236001 0.1308911 0.1278494 0.0358358 0.1590332 0.1495646 0.1584969 0.1286161 0.1240921 0.1435971 0.1295921 0.0865144 0.1297075 0.1268802 0.1276569 0.0984341 0.0965066 0.1005857 0.1393661 0.1022437 0.1399544 0.2306176 0.2013440 0.0728993 0.1708284 0.1426217 0.1326057 0.2132756 0.1304096 0.0868755 0.0854455 0.1988099 0.2134167 0.1273823 0.3834910 0.1609859 0.1287818 0.1839207 0.0696583 
Perityle_gracilis_11                       0.2028268 0.0742182 0.1126484 0.4597997 0.1733553 0.1434974 0.4341543 0.1823281 0.3994401 0.1510469 0.1734811 0.1230126 0.0872266 0.1575358 0.0487191 0.1598103 0.0641158 0.3733829 0.1290887 0.0641330 0.0848808 0.0738960 0.0497061 0.1181648 0.0875296 0.0148203 0.1065853 0.1234392 0.1001478 0.2008412 0.1127971 0.2295212 0.1620454 0.2774196 0.0904698 0.1462294 0.0523375 0.1659406 0.1964029 0.0833708 0.1145233 0.1248560 0.0000000 0.1220396 0.1919535 0.0850348 0.1076727 0.1085151 0.1641401 0.1429855 0.1167832 0.1515123 0.1043799 0.0922965 0.1516053 0.0929896 0.0767544 0.0968822 0.0932405 0.1556657 0.0654213 0.1031585 0.0647377 0.1064055 0.1010175 0.1127274 0.2022377 0.2180770 0.0450402 0.0960482 0.1178881 0.1145085 0.1026138 0.1058034 0.0086646 0.0626882 0.2119993 0.1920190 0.0896423 0.3011111 0.1759009 0.1089527 0.1365140 0.0641648 
Perityle_harkerae_31                       0.2239996 0.1066526 0.1402902 0.5284205 0.2114064 0.1307735 0.4106473 0.2014681 0.4118507 0.1375890 0.1471587 0.1397385 0.1184407 0.1348223 0.0813484 0.2303760 0.1317974 0.2989053 0.1410832 0.1206870 0.1344195 0.1084738 0.0773243 0.1346292 0.1129278 0.1247796 0.1366564 0.1349419 0.1197253 0.1870270 0.1049938 0.1923038 0.2017152 0.2935088 0.1295173 0.0542117 0.1220443 0.1317048 0.2139551 0.1242607 0.1412114 0.0394201 0.1220396 0.0000000 0.1347463 0.1177457 0.1224217 0.1166116 0.0368851 0.1274907 0.1455621 0.1292772 0.1311569 0.1331790 0.1514301 0.1285089 0.1234232 0.1159986 0.1162403 0.1458167 0.0984604 0.1156715 0.0964171 0.1371562 0.0995111 0.1232206 0.2516477 0.1790282 0.0724018 0.1359245 0.1367617 0.1482746 0.2399062 0.1449783 0.1037527 0.1041026 0.1928066 0.1597223 0.1344034 0.4484937 0.1624667 0.1186279 0.1695999 0.0968334 
Perityle_hofmeisteria_4_nombre_de_dios     0.2610799 0.0800068 0.1363667 0.5502503 0.2515887 0.1734247 0.4759279 0.2078084 0.5107222 0.2273089 0.2585291 0.2484865 0.2012366 0.1968195 0.0996763 0.2454740 0.2925705 0.4546583 0.1606726 0.1225324 0.1724269 0.1411744 0.0888122 0.2894571 0.1784064 0.2072788 0.2537911 0.2718141 0.2044325 0.2385708 0.1341416 0.2922426 0.2488034 0.3153515 0.2406909 0.1369949 0.1839384 0.0355635 0.2172851 0.2296045 0.2237935 0.1724260 0.1919535 0.1347463 0.0000000 0.2121268 0.2681355 0.2044737 0.1417009 0.1886779 0.2846839 0.1960280 0.1769821 0.1528524 0.1606114 0.1195441 0.1239667 0.2029422 0.2523926 0.1666470 0.0899961 0.1439712 0.0925571 0.2873847 0.1626847 0.1785745 0.2580455 0.3229816 0.0491380 0.1953349 0.2905394 0.1662424 0.3401082 0.1686179 0.1995474 0.1017664 0.2747160 0.2733495 0.2541393 0.5291503 0.1868407 0.2275441 0.1672061 0.0944669 
