85
Amauria_brandeegeana_62                    0.0000000 0.0751716 0.0921214 0.2015462 0.1368464 0.1352953 0.1119175 0.1488184 0.3175787 0.1178843 0.1886605 0.0819077 0.0958687 0.0697987 0.0653885 0.1033847 0.0947780 0.1000140 0.1798780 0.0833137 0.0765725 0.0877889 0.0730585 0.0891208 0.0796384 0.0817864 0.1117533 0.1050238 0.1443078 1.2609298 0.1017266 0.1838278 0.1125729 0.0778345 0.1099594 0.2260966 0.0809662 0.1317484 0.1037656 0.0746959 0.0912028 0.1707101 0.0924945 0.0000010 0.1406645 0.0978214 0.0899486 0.0971377 0.1709423 0.0778432 0.0726832 0.0791661 0.1206048 0.0752815 0.1564276 0.1543964 0.0666656 0.1009676 0.0951153 0.2635156 0.1413154 0.1105904 0.0802869 0.0854780 0.1632597 0.1113928 0.1532472 0.1914390 0.0531855 0.0886605 0.0717076 0.1265180 0.0950823 0.0779898 0.0779650 0.0738533 0.1895787 0.1521671 0.0964720 0.0886668 0.0000010 0.0966573 0.1119310 0.1973131 0.1182650 
Amauria_carterae_99_mesa                   0.0751716 0.0000000 0.0919070 0.2115935 0.1324105 0.1435836 0.1889933 0.2014164 0.3748082 0.1085005 0.1789628 0.0844409 0.0843100 0.0755249 0.0761615 0.0962134 0.0913075 0.0938033 0.1727115 0.0826862 0.2920433 0.0780555 0.1543694 0.0851067 0.0732682 0.0812141 0.0828279 0.1087535 0.2131016 0.3295298 0.1041477 0.1728224 0.0921544 0.0960362 0.0989096 0.1640563 0.0842841 0.1779841 0.0904765 0.0763457 0.0833654 0.1665561 0.0755434 0.1846378 0.1748881 0.0784757 0.0842037 0.0813846 0.1690203 0.0783276 0.0829775 0.0832856 0.0898308 0.0804096 0.1786649 0.1672382 0.0806750 0.0815649 0.0790636 0.2324100 0.1346115 0.1685025 0.1285826 0.0870487 0.1703068 0.0946738 0.1227304 0.1358884 0.0700566 0.0872920 0.0743656 0.1320579 0.0820606 0.0831559 0.0813824 0.0909768 0.1317581 0.1746597 0.0853846 0.0945147 0.2562679 0.0809822 0.0980994 0.1841696 0.1010326 
Amauria_rotundifolia_SRR9119150            0.0921214 0.0919070 0.0000000 0.1963689 0.1340259 0.1599756 0.1828550 0.2122290 0.4471305 0.1721232 0.2150039 0.1793363 0.1492236 0.1516375 0.1217235 0.1770559 0.1156009 0.1138466 0.2158898 0.1535534 0.3082570 0.1068427 0.1584372 0.1580258 0.1280903 0.1645368 0.1750065 0.1783141 0.2548332 0.3504500 0.1753556 0.2962336 0.1529825 0.0987538 0.1169846 0.2580988 0.1148320 0.1773674 0.1606706 0.1573771 0.1685555 0.1823639 0.1577686 0.2087125 0.1737859 0.1648335 0.1672237 0.1716685 0.1872451 0.1494924 0.1680307 0.1528452 0.1709875 0.1452575 0.1832795 0.1714471 0.0897611 0.1616626 0.1736494 0.2160962 0.1350370 0.1742300 0.1437171 0.1804022 0.1763840 0.1571393 0.1306393 0.1611010 0.0807591 0.1217831 0.1587636 0.1395021 0.1657793 0.1662162 0.1448260 0.0925052 0.1359741 0.2111517 0.1359135 0.1860978 0.2420194 0.1707218 0.1219814 0.1936519 0.1065916 
Conoclinium_coelestinum_SRR9119114         0.2015462 0.2115935 0.1963689 0.0000000 0.2013929 0.2305253 0.1289196 0.2623317 0.5662843 0.2600085 0.2152603 0.1887515 0.1941946 0.1826360 0.2108392 0.2007312 0.2104907 0.2395099 0.2248043 0.1970346 0.4691190 0.1934108 0.2323382 0.1882999 0.1834637 0.1821159 0.1845034 0.2062034 0.2421449 0.2790318 0.1915045 0.2455446 0.2292471 0.1894576 0.2292471 0.2151259 0.1953102 0.2145932 0.1972295 0.1821159 0.1899985 0.2065586 0.1944550 0.2163740 0.2202008 0.1954600 0.1890374 0.1918051 0.2080550 0.1855162 0.1856748 0.1874046 0.1944764 0.2001368 0.2097016 0.3170146 0.2220874 0.1921284 0.1934818 0.2686890 0.1945348 0.2064775 0.2582037 0.1902930 0.2068496 0.1831834 0.2068656 0.2028390 0.2105142 0.1919255 0.1819819 0.2167437 0.1884622 0.1857869 0.1937202 0.2001522 0.2028806 0.2023491 0.1911886 0.2077060 0.2822237 0.1881755 0.1771771 0.2637633 0.2076900 
Eutetras_palmeri_63                        0.1368464 0.1324105 0.1340259 0.2013929 0.0000000 0.0967927 0.1377831 0.1599521 0.3762947 0.1096699 0.1003027 0.1205984 0.0969265 0.0996012 0.1203153 0.1082777 0.0740998 0.1067009 0.0768918 0.0921426 0.1041618 0.0981176 0.1052614 0.1040498 0.0920310 0.1072665 0.1231769 0.1263206 0.1095542 1.0569724 0.1174180 0.0341701 0.1105232 0.1026309 0.1180848 0.0812339 0.1016063 0.0607064 0.1085211 0.0974569 0.0923990 0.0696882 0.0975906 0.0000010 0.0814029 0.1034675 0.1103875 0.1006113 0.0681611 0.1026126 0.1136650 0.1040184 0.1361699 0.1137065 0.0613032 0.1121443 0.1234419 0.1013466 0.1000430 0.2308223 0.0573176 0.0708712 0.1247369 0.1111515 0.0494282 0.1265244 0.1428234 0.1850947 0.1124502 0.1078428 0.0957537 0.0667401 0.1001629 0.1108374 0.1026759 0.1093644 0.1890831 0.0663995 0.0891866 0.1147463 0.0000010 0.1022058 0.1174671 0.1074959 0.0459554 
Eutetras_pringlei_149_quer                 0.1352953 0.1435836 0.1599756 0.2305253 0.0967927 0.0000000 0.1692475 0.1815690 0.4440875 0.1306977 0.1196997 0.1298695 0.1477648 0.1352282 0.1364309 0.1500498 0.1440956 0.1110778 0.1340026 0.1420139 0.2285720 0.1445073 0.1093206 0.1414366 0.1446822 0.1444258 0.1445499 0.1517883 0.1057862 0.1440655 0.1385244 0.0747373 0.1306977 0.1168929 0.1441632 0.1045437 0.1511441 0.1148103 0.1480622 0.1384515 0.1477684 0.1130622 0.1445073 0.1147038 0.1254213 0.1231332 0.1506108 0.1445073 0.1158312 0.1448887 0.1384515 0.1444258 0.1478615 0.1450985 0.1168252 0.1493788 0.1224885 0.1475860 0.1445073 0.1127505 0.1138963 0.1275166 0.1224403 0.1543687 0.1082349 0.1411409 0.1554307 0.1552279 0.1062211 0.1510810 0.1384515 0.1227581 0.1445073 0.1444293 0.1448984 0.1452137 0.1525243 0.1183244 0.1448687 0.1511566 0.1304682 0.1509915 0.1346276 0.1369002 0.1330963 
Eutrochium_fistulosum_SRR9119106           0.1119175 0.1889933 0.1828550 0.1289196 0.1377831 0.1692475 0.0000000 0.2218582 0.4497101 0.1519720 0.1985413 0.1806510 0.1821861 0.1737102 0.1944986 0.1826763 0.1867840 0.1351048 0.1982172 0.1805486 0.4069982 0.1715832 0.1817766 0.1690528 0.1673244 0.1764355 0.1650741 0.1867133 0.1975499 0.2624803 0.1789210 0.1924675 0.1140372 0.1164645 0.1185551 0.1957726 0.1748948 0.1998878 0.1785084 0.1707211 0.1761902 0.1883897 0.1739902 0.2147831 0.2071774 0.1764815 0.1807506 0.1716884 0.1880954 0.1736654 0.1737995 0.1809054 0.1747570 0.1843791 0.1849086 0.2823136 0.1965122 0.1779196 0.1716360 0.2300151 0.1264937 0.1910290 0.2012343 0.1833496 0.1827103 0.1676393 0.1737181 0.1729412 0.1810391 0.1734038 0.1662529 0.1223742 0.1760656 0.1735460 0.1794270 0.1648084 0.1729466 0.1892521 0.1743785 0.1960461 0.2691272 0.1703578 0.1553909 0.1990022 0.1889104 
Galeana_pratensis_104_mex                  0.1488184 0.2014164 0.2122290 0.2623317 0.1599521 0.1815690 0.2218582 0.0000000 0.4726196 0.1792828 0.2199089 0.2219297 0.2110834 0.2025771 0.2185408 0.2254804 0.2205660 0.1876235 0.2294113 0.2067388 0.3859795 0.2004726 0.1712101 0.2085814 0.2039885 0.2089942 0.2141868 0.2315769 0.2018924 0.2683950 0.2212480 0.2846647 0.1472291 0.1383567 0.1583584 0.2086270 0.2161242 0.2270851 0.2215687 0.2024356 0.2006748 0.2083942 0.2044333 0.2552916 0.2237254 0.2009607 0.2158367 0.2043800 0.2132071 0.2058112 0.2130526 0.2127483 0.2211416 0.2056749 0.2087655 0.2947191 0.2109397 0.2093517 0.2021220 0.2182898 0.1338497 0.1880904 0.2585340 0.2136295 0.2089709 0.2107687 0.2217205 0.2192900 0.2233238 0.2147103 0.2024356 0.1465571 0.2053876 0.2087999 0.2144063 0.1918835 0.2166496 0.2222094 0.2024941 0.2195827 0.2591040 0.2088860 0.1862267 0.2245997 0.2068674 
Helianthus_annuus_SRR9119062               0.3175787 0.3748082 0.4471305 0.5662843 0.3762947 0.4440875 0.4497101 0.4726196 0.0000000 0.2330122 0.5080126 0.4773084 0.4430680 0.3650910 0.3998165 0.4551461 0.4462115 0.3207247 0.3801947 0.4445715 0.5398304 0.4430294 0.2526627 0.4380360 0.4384610 0.4458774 0.4691017 0.3629076 0.4902708 0.9589226 0.3732136 0.2946364 0.3400744 0.3472091 0.3507261 0.4724556 0.4469206 0.4244625 0.4365627 0.4438794 0.4406152 0.4772979 0.3798936 0.6716655 0.4779538 0.4404075 0.4450259 0.4403078 0.4780211 0.4467280 0.3451335 0.4489220 0.4617538 0.3429124 0.4680328 0.3957157 0.3804295 0.4410548 0.4457136 0.4945529 0.2486658 0.3768757 0.4225247 0.4481033 0.4659403 0.4089522 0.4535340 0.3905335 0.3521147 0.4545185 0.4448543 0.2803347 0.4455827 0.3847987 0.4468764 0.3433285 0.3842000 0.4699401 0.4527462 0.4530453 1.1280980 0.4504891 0.4322009 0.2660678 0.3699202 
Lycapsus_tenuifolius_17                    0.1178843 0.1085005 0.1721232 0.2600085 0.1096699 0.1306977 0.1519720 0.1792828 0.2330122 0.0000000 0.2296384 0.1963082 0.1779189 0.1631510 0.1996663 0.1678785 0.1713044 0.1180382 0.2044195 0.1641278 0.1783201 0.1634515 0.0835899 0.1810522 0.1536885 0.1702995 0.1859083 0.1962082 0.2067042 1.2909850 0.1709049 0.1996173 0.0042475 0.1280492 0.0109420 0.2525932 0.1395498 0.1472587 0.1700722 0.1667232 0.1702870 0.1924950 0.1734799 0.8232623 0.1514093 0.1617484 0.1846855 0.1853045 0.1927760 0.1687531 0.1731956 0.1702995 0.1999924 0.1677057 0.1792020 0.2360927 0.1293649 0.1746449 0.1785880 0.3278143 0.1206386 0.1404313 0.2067352 0.1818002 0.1702658 0.1878710 0.1739623 0.1928625 0.1229665 0.1820871 0.1650174 0.1086844 0.1767414 0.1721853 0.1456769 0.1418146 0.1908115 0.1832622 0.1809706 0.1819213 1.6451348 0.1879345 0.1506437 0.1977457 0.1737541 
Pericome_caudata_50_silver                 0.1886605 0.1789628 0.2150039 0.2152603 0.1003027 0.1196997 0.1985413 0.2199089 0.5080126 0.2296384 0.0000000 0.1655406 0.1784977 0.1794018 0.1808816 0.1856226 0.1425462 0.1555073 0.0942152 0.1749924 0.3347652 0.1462702 0.1834173 0.1656157 0.1646478 0.1625208 0.1927255 0.2087307 0.1758400 0.2028458 0.1763253 0.0872025 0.1957599 0.1336642 0.1664486 0.1230527 0.1538570 0.0885106 0.1902578 0.1686939 0.1694258 0.0875018 0.1867721 0.0706724 0.0908003 0.1645923 0.1755758 0.1636292 0.0896940 0.1696831 0.1784753 0.1700113 0.2026017 0.1932271 0.1170719 0.2010774 0.1679705 0.1824591 0.1673603 0.1193566 0.1002148 0.1018854 0.1707279 0.1718703 0.0924975 0.1733396 0.1693206 0.1898619 0.1448195 0.1586031 0.1586723 0.1289290 0.1678530 0.1787774 0.1562485 0.1441284 0.1865892 0.0814027 0.1630432 0.1827575 0.1780644 0.1766714 0.1443083 0.1372825 0.1524602 
Perityle_aglossa_84_dead_horse             0.0819077 0.0844409 0.1793363 0.1887515 0.1205984 0.1298695 0.1806510 0.2219297 0.4773084 0.1963082 0.1655406 0.0000000 0.0450240 0.0201922 0.0144404 0.0591037 0.0229305 0.0974882 0.2051341 0.0325033 0.2162831 0.0339030 0.0995342 0.0320260 0.0263937 0.0240971 0.0572475 0.0658399 0.2500031 0.3406033 0.1438481 0.2709751 0.1688930 0.0103378 0.1277022 0.2130424 0.0291682 0.1515504 0.0578953 0.0212295 0.0673780 0.1500395 0.0571756 0.2019732 0.1464405 0.0570979 0.0279141 0.0634342 0.1596940 0.0207744 0.0277574 0.0248019 0.0630457 0.0213815 0.1591279 0.1127299 0.0412046 0.0634355 0.0728633 0.2279992 0.0706186 0.1569391 0.1034933 0.0356100 0.1586752 0.0531590 0.1303979 0.1488742 0.0261308 0.0355923 0.0211984 0.1519294 0.0322585 0.0289353 0.0239627 0.0231946 0.1496351 0.1770924 0.0196223 0.0481372 0.2528953 0.0559207 0.0934171 0.1939895 0.0871434 
Perityle_ajoensis_204                      0.0958687 0.0843100 0.1492236 0.1941946 0.0969265 0.1477648 0.1821861 0.2110834 0.4430680 0.1779189 0.1784977 0.0450240 0.0000000 0.0266668 0.0249844 0.0560843 0.0268621 0.0975540 0.1995835 0.0365454 0.2191276 0.0166847 0.1044230 0.0281205 0.0152926 0.0295881 0.0439007 0.0633898 0.2511295 0.3423382 0.1076624 0.2588472 0.1532920 0.0340214 0.1171580 0.2112308 0.0321460 0.1499531 0.0593928 0.0251690 0.0271288 0.1521615 0.0172305 0.2066986 0.1479822 0.0558954 0.0257209 0.0167453 0.1552311 0.0257247 0.0327182 0.0251553 0.0543508 0.0261483 0.1542198 0.1066507 0.0342866 0.0189046 0.0156777 0.2067990 0.0989086 0.1559023 0.0932764 0.0489253 0.1550483 0.0537092 0.1274104 0.1400183 0.0261493 0.0396630 0.0225030 0.1408552 0.0192280 0.0324592 0.0256415 0.0208171 0.1418743 0.1740538 0.0218292 0.0516283 0.2580552 0.0175733 0.0873011 0.1713220 0.0832291 
Perityle_ambrosiifolia_67_green            0.0697987 0.0755249 0.1516375 0.1826360 0.0996012 0.1352282 0.1737102 0.2025771 0.3650910 0.1631510 0.1794018 0.0201922 0.0266668 0.0000000 0.0104053 0.0466526 0.0170602 0.1036448 0.1856072 0.0225987 0.2165138 0.0232422 0.0813486 0.0161612 0.0156505 0.0094763 0.0394843 0.0562150 0.2448298 0.3351157 0.0859529 0.2475276 0.1477687 0.0078499 0.1104147 0.2169680 0.0175054 0.1499436 0.0468890 0.0033340 0.0378869 0.1530411 0.0295018 0.1991255 0.1528141 0.0485287 0.0153268 0.0263210 0.1564500 0.0044485 0.0149703 0.0130080 0.0467961 0.0129727 0.1601232 0.1014641 0.0311276 0.0269243 0.0268332 0.2135317 0.0789800 0.1530894 0.0875498 0.0196453 0.1500995 0.0476183 0.1277555 0.1375463 0.0162371 0.0236684 0.0067556 0.1407546 0.0193112 0.0158629 0.0134196 0.0108600 0.1395590 0.1799982 0.0134576 0.0209727 0.2487581 0.0268176 0.0887370 0.1678025 0.0755920 
Perityle_angustifolia_13_Eagle_creek       0.0653885 0.0761615 0.1217235 0.2108392 0.1203153 0.1364309 0.1944986 0.2185408 0.3998165 0.1996663 0.1808816 0.0144404 0.0249844 0.0104053 0.0000000 0.0478362 0.0254923 0.1026719 0.1917305 0.0249999 0.3243090 0.0232259 0.0903576 0.0188235 0.0163544 0.0128232 0.0369086 0.0641806 0.2549205 0.3391539 0.0876102 0.2168305 0.1786413 0.0081690 0.1274953 0.1823829 0.0240319 0.1684428 0.0475253 0.0087934 0.0267106 0.1630701 0.0165909 0.2142966 0.1707028 0.0443358 0.0221414 0.0230725 0.1676847 0.0096085 0.0221969 0.0171687 0.0441398 0.0168823 0.1816976 0.1196105 0.0376766 0.0217399 0.0204943 0.2393037 0.0660090 0.1689566 0.0851602 0.0160654 0.1645864 0.0468027 0.1363849 0.1494678 0.0260783 0.0253642 0.0130499 0.1506502 0.0188236 0.0188163 0.0188431 0.0191879 0.1486161 0.1840589 0.0159213 0.0162207 0.2490315 0.0221388 0.0933312 0.1747288 0.0860850 
Perityle_batopilensis_97                   0.1033847 0.0962134 0.1770559 0.2007312 0.1082777 0.1500498 0.1826763 0.2254804 0.4551461 0.1678785 0.1856226 0.0591037 0.0560843 0.0466526 0.0478362 0.0000000 0.0474534 0.1006902 0.2027060 0.0507593 0.2293617 0.0489893 0.1087136 0.0487404 0.0416173 0.0505109 0.0618018 0.0720858 0.2492312 0.3459826 0.1051676 0.2704543 0.1511279 0.0454613 0.1193430 0.2150927 0.0503402 0.1584182 0.0173102 0.0475691 0.0591873 0.1584385 0.0588525 0.2176893 0.1560038 0.0685636 0.0542732 0.0551552 0.1599216 0.0475175 0.0505097 0.0501665 0.0761501 0.0464179 0.1598720 0.1180150 0.0534679 0.0579991 0.0577504 0.2092666 0.0875365 0.1738766 0.1023702 0.0548569 0.1574376 0.0611651 0.1404801 0.1544432 0.0418353 0.0551718 0.0444352 0.1428142 0.0556192 0.0496810 0.0504374 0.0444622 0.1524335 0.1816043 0.0489606 0.0620459 0.2620143 0.0559540 0.1026167 0.1721201 0.0921249 
Perityle_bisetosa_9                        0.0947780 0.0913075 0.1156009 0.2104907 0.0740998 0.1440956 0.1867840 0.2205660 0.4462115 0.1713044 0.1425462 0.0229305 0.0268621 0.0170602 0.0254923 0.0474534 0.0000000 0.1042516 0.1675322 0.0163149 0.2318836 0.0255064 0.1137574 0.0318550 0.0200876 0.0206184 0.0514727 0.0587860 0.2369733 0.3169985 0.0866228 0.1737433 0.1392735 0.0134569 0.1087604 0.1497840 0.0209066 0.1498807 0.0391535 0.0161378 0.0268259 0.1297518 0.0208616 0.2014404 0.1545748 0.0451643 0.0243571 0.0225041 0.1349414 0.0180900 0.0226915 0.0175974 0.0454853 0.0207669 0.1501570 0.1105883 0.0291113 0.0259726 0.0241936 0.1428842 0.0907638 0.1592113 0.0659754 0.0226067 0.1402878 0.0483177 0.1112422 0.1190926 0.0196305 0.0240450 0.0173395 0.1227036 0.0244623 0.0227740 0.0175320 0.0184488 0.1183336 0.1448519 0.0180644 0.0251030 0.2679795 0.0260653 0.0848563 0.1334790 0.0824798 
Perityle_californica_76_positas            0.1000140 0.0938033 0.1138466 0.2395099 0.1067009 0.1110778 0.1351048 0.1876235 0.3207247 0.1180382 0.1555073 0.0974882 0.0975540 0.1036448 0.1026719 0.1006902 0.1042516 0.0000000 0.1617533 0.0910582 0.2032682 0.0969028 0.1295650 0.0954825 0.0918646 0.1039042 0.1199985 0.1223895 0.3025079 1.1566701 0.1090189 0.1479888 0.1141365 0.0999559 0.0918297 0.1382247 0.0976222 0.1393991 0.1007473 0.0920245 0.0958416 0.1321396 0.0955749 0.2665713 0.1476724 0.0968884 0.1073671 0.1019411 0.1324425 0.1009658 0.1137761 0.1006156 0.1169701 0.1068703 0.1352374 0.1401524 0.0927973 0.0948754 0.1003787 0.2045848 0.1242923 0.1443156 0.1130802 0.1058531 0.1253958 0.1190949 0.1100543 0.1188436 0.0803314 0.1008796 0.0972785 0.0988283 0.1004304 0.1098154 0.1023809 0.1031222 0.1128127 0.1474524 0.1049994 0.1042603 1.7296275 0.1038669 0.0233693 0.1538294 0.1106964 
Perityle_canescens_77                      0.1798780 0.1727115 0.2158898 0.2248043 0.0768918 0.1340026 0.1982172 0.2294113 0.3801947 0.2044195 0.0942152 0.2051341 0.1995835 0.1856072 0.1917305 0.2027060 0.1675322 0.1617533 0.0000000 0.1897517 0.3704235 0.1655427 0.2075358 0.1878730 0.1852397 0.1897103 0.2017110 0.2154549 0.1817242 0.2547162 0.1856248 0.1043691 0.1874845 0.1484045 0.1550195 0.1247861 0.1660392 0.0781432 0.2035570 0.1862925 0.1909610 0.0757644 0.1908481 0.0679335 0.0804044 0.1914833 0.1930030 0.1978497 0.0757409 0.1881214 0.1902848 0.1924595 0.2120843 0.1944034 0.0733861 0.2143128 0.1752377 0.1957541 0.1961927 0.1312271 0.0893121 0.0922645 0.2049940 0.2001300 0.0650601 0.1912635 0.1897448 0.1988613 0.1474583 0.1726260 0.1836964 0.1135625 0.2007662 0.1886539 0.1830635 0.1474092 0.2030674 0.0802398 0.1851042 0.2082502 0.1169088 0.2013427 0.1616714 0.1226533 0.1508443 
Perityle_castillonii_96                    0.0833137 0.0826862 0.1535534 0.1970346 0.0921426 0.1420139 0.1805486 0.2067388 0.4445715 0.1641278 0.1749924 0.0325033 0.0365454 0.0225987 0.0249999 0.0507593 0.0163149 0.0910582 0.1897517 0.0000000 0.2093507 0.0322829 0.0860186 0.0262842 0.0261780 0.0240035 0.0442337 0.0654068 0.2474677 0.3395003 0.0917657 0.2490901 0.1409959 0.0181254 0.1108488 0.2057037 0.0247275 0.1523712 0.0509504 0.0217069 0.0408058 0.1515608 0.0386373 0.2083043 0.1527506 0.0533417 0.0281087 0.0323861 0.1546723 0.0217431 0.0280430 0.0233619 0.0503280 0.0236458 0.1497553 0.1016673 0.0399503 0.0362827 0.0361210 0.2027243 0.0825638 0.1598649 0.0920685 0.0324180 0.1492274 0.0497005 0.1240248 0.1369425 0.0162755 0.0276676 0.0179626 0.1317718 0.0362911 0.0245181 0.0243081 0.0224691 0.1386286 0.1679006 0.0248930 0.0316892 0.2575229 0.0335173 0.0872400 0.1607516 0.0802121 
Perityle_cernua_84                         0.0765725 0.2920433 0.3082570 0.4691190 0.1041618 0.2285720 0.4069982 0.3859795 0.5398304 0.1783201 0.3347652 0.2162831 0.2191276 0.2165138 0.3243090 0.2293617 0.2318836 0.2032682 0.3704235 0.2093507 0.0000000 0.2299035 0.0460290 0.2031295 0.2156199 0.1935847 0.2255403 0.2649432 0.4671339 0.8227532 0.2716411 0.3459865 0.1502812 0.0146187 0.1149293 0.3952551 0.1787319 0.3688498 0.2407161 0.1915067 0.2270456 0.3009451 0.2531375 0.7409588 0.3071402 0.2331491 0.2295251 0.2062115 0.3041449 0.1939597 0.2283389 0.1893363 0.2409134 0.2339106 0.3093654 0.3465622 0.2668134 0.2139118 0.2108702 0.4267625 0.0789800 0.2964426 0.3042806 0.1964373 0.3195022 0.2449155 0.3211090 0.3899352 0.1702857 0.2087619 0.1876200 0.1421377 0.2062188 0.2244096 0.1751639 0.1625512 0.3980379 0.3182377 0.2580454 0.1849593 0.7773034 0.2186060 0.3175518 0.2525835 0.3733228 
Perityle_cfvillosa_25_tin                  0.0877889 0.0780555 0.1068427 0.1934108 0.0981176 0.1445073 0.1715832 0.2004726 0.4430294 0.1634515 0.1462702 0.0339030 0.0166847 0.0232422 0.0232259 0.0489893 0.0255064 0.0969028 0.1655427 0.0322829 0.2299035 0.0000000 0.1041284 0.0221107 0.0146006 0.0267527 0.0561345 0.0645021 0.2448704 0.3327232 0.0814338 0.1789494 0.1404798 0.0360482 0.1192125 0.1648410 0.0327569 0.1461701 0.0480817 0.0228339 0.0188995 0.1474394 0.0089195 0.1754316 0.1449819 0.0488232 0.0254033 0.0060482 0.1505592 0.0245843 0.0294689 0.0263134 0.0680813 0.0281333 0.1482458 0.1080703 0.0283260 0.0101979 0.0043587 0.2089141 0.0920645 0.1541185 0.0967028 0.0334978 0.1504641 0.0487404 0.1267300 0.1397040 0.0228192 0.0330960 0.0181936 0.1387078 0.0121499 0.0210872 0.0273303 0.0234412 0.1400412 0.1455984 0.0231683 0.0320160 0.2457394 0.0065904 0.0906530 0.1781887 0.0773885 
Perityle_cinerea_113_Powell1310            0.0730585 0.1543694 0.1584372 0.2323382 0.1052614 0.1093206 0.1817766 0.1712101 0.2526627 0.0835899 0.1834173 0.0995342 0.1044230 0.0813486 0.0903576 0.1087136 0.1137574 0.1295650 0.2075358 0.0860186 0.0460290 0.1041284 0.0000000 0.0900965 0.0860911 0.0947317 0.1046066 0.1296972 0.1854380 0.7927599 0.1142548 0.1676262 0.0835899 0.0139946 0.0993279 0.1906557 0.0813486 0.1864028 0.1136858 0.0813486 0.0996619 0.1590406 0.0957438 0.9116343 0.1927643 0.1192891 0.1040287 0.1085404 0.1593936 0.0905446 0.0904065 0.0947317 0.1046066 0.0813486 0.1750286 0.2588254 0.0954474 0.0969568 0.1041284 0.2433076 0.0704254 0.1316838 0.1031063 0.0949135 0.1545018 0.1013085 0.1654204 0.1690515 0.0721875 0.0903576 0.0813486 0.1275999 0.1039102 0.0947317 0.0951906 0.0281639 0.1646272 0.1741127 0.0949634 0.0857914 0.5804000 0.0993483 0.1675392 0.1903951 0.1515022 
Perityle_coahuilensis_24                   0.0891208 0.0851067 0.1580258 0.1882999 0.1040498 0.1414366 0.1690528 0.2085814 0.4380360 0.1810522 0.1656157 0.0320260 0.0281205 0.0161612 0.0188235 0.0487404 0.0318550 0.0954825 0.1878730 0.0262842 0.2031295 0.0221107 0.0900965 0.0000000 0.0235095 0.0250714 0.0626502 0.0664044 0.2414365 0.3247822 0.0860828 0.2617413 0.1582840 0.0266073 0.1229721 0.2008425 0.0275701 0.1463862 0.0474800 0.0197239 0.0300101 0.1427296 0.0234835 0.1928210 0.1591155 0.0542614 0.0229717 0.0266161 0.1499664 0.0202902 0.0225978 0.0229701 0.0646766 0.0189549 0.1557374 0.1052499 0.0338213 0.0276127 0.0293265 0.2084040 0.0886484 0.1558800 0.0953056 0.0347065 0.1509550 0.0512174 0.1251281 0.1538939 0.0162088 0.0284189 0.0240629 0.1478393 0.0299245 0.0186349 0.0254396 0.0155203 0.1438251 0.1679419 0.0213542 0.0314351 0.2434240 0.0297890 0.0966556 0.1731424 0.0800592 
Perityle_cochisensis_44_cave_creek         0.0796384 0.0732682 0.1280903 0.1834637 0.0920310 0.1446822 0.1673244 0.2039885 0.4384610 0.1536885 0.1646478 0.0263937 0.0152926 0.0156505 0.0163544 0.0416173 0.0200876 0.0918646 0.1852397 0.0261780 0.2156199 0.0146006 0.0860911 0.0235095 0.0000000 0.0192940 0.0417359 0.0568578 0.2411482 0.3332333 0.0784313 0.2329298 0.1319169 0.0286354 0.1111388 0.1863643 0.0251544 0.1446822 0.0428252 0.0141137 0.0193052 0.1423624 0.0087142 0.1959513 0.1417281 0.0498748 0.0184561 0.0144906 0.1464273 0.0147656 0.0229801 0.0197692 0.0490147 0.0220998 0.1487245 0.1014145 0.0247474 0.0165383 0.0144534 0.2036309 0.0822023 0.1559773 0.0889354 0.0255391 0.1454565 0.0438444 0.1187209 0.1318461 0.0195226 0.0294275 0.0098126 0.1309672 0.0144647 0.0206801 0.0194401 0.0155682 0.1331122 0.1615726 0.0147236 0.0287796 0.2481185 0.0140569 0.0855304 0.1706542 0.0752822 
Perityle_congesta_202                      0.0817864 0.0812141 0.1645368 0.1821159 0.1072665 0.1444258 0.1764355 0.2089942 0.4458774 0.1702995 0.1625208 0.0240971 0.0295881 0.0094763 0.0128232 0.0505109 0.0206184 0.1039042 0.1897103 0.0240035 0.1935847 0.0267527 0.0947317 0.0250714 0.0192940 0.0000000 0.0616379 0.0629587 0.2501957 0.3388636 0.0902561 0.2559444 0.1523499 0.0150593 0.1162587 0.2064464 0.0219095 0.1491647 0.0492308 0.0120067 0.0414242 0.1479606 0.0310368 0.2006046 0.1453843 0.0506836 0.0130163 0.0299134 0.1527482 0.0113367 0.0139839 0.0068170 0.0609208 0.0142213 0.1547147 0.1026608 0.0347498 0.0301218 0.0329699 0.2103638 0.0888328 0.1610035 0.0955212 0.0231437 0.1511954 0.0483140 0.1206746 0.1369019 0.0228082 0.0260455 0.0133745 0.1438035 0.0208174 0.0103995 0.0174691 0.0030825 0.1376699 0.1682210 0.0133385 0.0250316 0.2509474 0.0296179 0.0976470 0.1790296 0.0784212 
Perityle_cordifolia_27                     0.1117533 0.0828279 0.1750065 0.1845034 0.1231769 0.1445499 0.1650741 0.2141868 0.4691017 0.1859083 0.1927255 0.0572475 0.0439007 0.0394843 0.0369086 0.0618018 0.0514727 0.1199985 0.2017110 0.0442337 0.2255403 0.0561345 0.1046066 0.0626502 0.0417359 0.0616379 0.0000000 0.0714445 0.2386235 0.3323685 0.0932982 0.2683607 0.1679012 0.0729677 0.1415251 0.2300579 0.0458524 0.1799972 0.0578569 0.0459590 0.0583609 0.1754355 0.0450202 0.2060653 0.1759275 0.0660867 0.0469767 0.0572053 0.1753659 0.0429848 0.0437192 0.0466670 0.0276825 0.0442018 0.1830467 0.1151201 0.0428984 0.0454847 0.0652736 0.2139303 0.1033711 0.1597944 0.0783858 0.0697555 0.1671726 0.0224639 0.1320218 0.1679181 0.0431026 0.0519308 0.0571666 0.1615657 0.0589203 0.0458925 0.0452490 0.0494502 0.1455499 0.1823291 0.0380594 0.0602325 0.2533777 0.0597770 0.1235587 0.1992442 0.0797026 
Perityle_cordifolia_68_tecolote            0.1050238 0.1087535 0.1783141 0.2062034 0.1263206 0.1517883 0.1867133 0.2315769 0.3629076 0.1962082 0.2087307 0.0658399 0.0633898 0.0562150 0.0641806 0.0720858 0.0587860 0.1223895 0.2154549 0.0654068 0.2649432 0.0645021 0.1296972 0.0664044 0.0568578 0.0629587 0.0714445 0.0000000 0.2614541 0.3586819 0.1094730 0.2842570 0.1806264 0.0611779 0.1381947 0.2377023 0.0641955 0.1835715 0.0711876 0.0568865 0.0770452 0.1848847 0.0681781 0.2237463 0.1819333 0.0796709 0.0603591 0.0653043 0.1842952 0.0567795 0.0584747 0.0574030 0.0799851 0.0596994 0.1927689 0.0653894 0.0630018 0.0666972 0.0756699 0.2186667 0.0953937 0.1740228 0.1188198 0.0732426 0.1777537 0.0703473 0.1503708 0.1707176 0.0596906 0.0642737 0.0584627 0.1696237 0.0692192 0.0595678 0.0558854 0.0497216 0.1567192 0.2031600 0.0550291 0.0679087 0.2937398 0.0723648 0.1259129 0.1967975 0.0991555 
Perityle_crassifolia_70_ventanas           0.1443078 0.2131016 0.2548332 0.2421449 0.1095542 0.1057862 0.1975499 0.2018924 0.4902708 0.2067042 0.1758400 0.2500031 0.2511295 0.2448298 0.2549205 0.2492312 0.2369733 0.3025079 0.1817242 0.2474677 0.4671339 0.2448704 0.1854380 0.2414365 0.2411482 0.2501957 0.2386235 0.2614541 0.0000000 0.0980552 0.2462717 0.4035603 0.1800905 0.1539986 0.1246753 0.1694388 0.2506796 0.1544518 0.2503691 0.2460051 0.2443077 0.1640945 0.2400677 0.1867948 0.1542914 0.2364412 0.2514922 0.2464784 0.1653628 0.2503260 0.2479769 0.2519334 0.2481988 0.2490307 0.1817278 0.3228693 0.2212983 0.2444769 0.2449668 0.2059724 0.0880873 0.1099201 0.3172356 0.2528170 0.1697673 0.2410411 0.2504439 0.2490311 0.2716575 0.2512943 0.2403335 0.0498946 0.2525259 0.2473263 0.2438736 0.1661672 0.2491070 0.1633315 0.2407548 0.2588935 0.1404310 0.2479096 0.2360193 0.3485532 0.2242332 
Perityle_crassifolia_74_playa_balandra     1.2609298 0.3295298 0.3504500 0.2790318 1.0569724 0.1440655 0.2624803 0.2683950 0.9589226 1.2909850 0.2028458 0.3406033 0.3423382 0.3351157 0.3391539 0.3459826 0.3169985 1.1566701 0.2547162 0.3395003 0.8227532 0.3327232 0.7927599 0.3247822 0.3332333 0.3388636 0.3323685 0.3586819 0.0980552 0.0000000 0.3404663 1.2181381 1.3362008 1.2460622 1.2614075 0.2566526 0.3366419 0.2108563 0.3496160 0.3366536 0.3331538 0.2513137 0.3283591 0.1856493 0.2141222 0.3405799 0.3406143 0.3328066 0.2527607 0.3364131 0.3338920 0.3414199 0.3482497 0.3386349 0.2935839 0.4247720 0.3181038 0.3350796 0.3329062 0.2952063 0.5246174 0.1356397 0.5185666 0.3461648 0.2624078 0.3387047 0.3777951 0.3736263 0.5786542 0.3413331 0.3284675 1.0048377 0.3433632 0.3365300 0.3218755 0.3340997 0.3794393 0.2574952 0.3089520 0.3980736 0.1288528 0.3326808 0.3363685 1.2437852 0.2781959 
Perityle_cuneata_34_cuneata_San_antonio    0.1017266 0.1041477 0.1753556 0.1915045 0.1174180 0.1385244 0.1789210 0.2212480 0.3732136 0.1709049 0.1763253 0.1438481 0.1076624 0.0859529 0.0876102 0.1051676 0.0866228 0.1090189 0.1856248 0.0917657 0.2716411 0.0814338 0.1142548 0.0860828 0.0784313 0.0902561 0.0932982 0.1094730 0.2462717 0.3404663 0.0000000 0.2258226 0.1559745 0.0792692 0.1202053 0.2203769 0.0907620 0.1589115 0.1041642 0.0860596 0.1431785 0.1629266 0.1223641 0.2028629 0.1596919 0.0968899 0.0947395 0.1747308 0.1668710 0.0857005 0.0908581 0.0892748 0.1153891 0.0889981 0.1617044 0.1475019 0.0922968 0.1533315 0.1832996 0.2178418 0.1165223 0.1655533 0.1291461 0.1696571 0.1568545 0.0948562 0.1294878 0.1317876 0.0696980 0.0942153 0.0847368 0.1387776 0.0983628 0.0896216 0.0912718 0.0855545 0.1371668 0.1760490 0.0854777 0.1636005 0.2526444 0.1415637 0.1005883 0.1879394 0.0664946 
Perityle_cuneata_4                         0.1838278 0.1728224 0.2962336 0.2455446 0.0341701 0.0747373 0.1924675 0.2846647 0.2946364 0.1996173 0.0872025 0.2709751 0.2588472 0.2475276 0.2168305 0.2704543 0.1737433 0.1479888 0.1043691 0.2490901 0.3459865 0.1789494 0.1676262 0.2617413 0.2329298 0.2559444 0.2683607 0.2842570 0.4035603 1.2181381 0.2258226 0.0000000 0.1967435 0.1920653 0.1472241 0.1965093 0.1822471 0.0718836 0.2708196 0.2492853 0.2505492 0.1089153 0.2513394 0.1316005 0.0834680 0.2669981 0.2609401 0.2622090 0.1069096 0.2518548 0.2573476 0.2559444 0.2768363 0.2619641 0.0945915 0.2413122 0.1729644 0.2523462 0.2607650 0.2815233 0.0199694 0.1052040 0.1794483 0.2723276 0.0918553 0.2291739 0.2186095 0.2442282 0.1413784 0.2207238 0.2517795 0.0524664 0.2611918 0.2581421 0.2413918 0.1585095 0.2433103 0.0780220 0.2817791 0.2705032 1.5798625 0.2673405 0.1648374 0.1267355 0.1678824 
Perityle_discoidea_81                      0.1125729 0.0921544 0.1529825 0.2292471 0.1105232 0.1306977 0.1140372 0.1472291 0.3400744 0.0042475 0.1957599 0.1688930 0.1532920 0.1477687 0.1786413 0.1511279 0.1392735 0.1141365 0.1874845 0.1409959 0.1502812 0.1404798 0.0835899 0.1582840 0.1319169 0.1523499 0.1679012 0.1806264 0.1800905 1.3362008 0.1559745 0.1967435 0.0000000 0.1195543 0.0123868 0.2221663 0.1221700 0.1237807 0.1591161 0.1438253 0.1483363 0.1756140 0.1568495 0.7360932 0.1367085 0.1448272 0.1644356 0.1602217 0.1758456 0.1473035 0.1573532 0.1469965 0.1806302 0.1537302 0.1598258 0.2138709 0.1092109 0.1555503 0.1544179 0.2942330 0.1204074 0.1066205 0.1837593 0.1604872 0.1577347 0.1735960 0.1532091 0.1816979 0.0993433 0.1589759 0.1423030 0.1035526 0.1527878 0.1541020 0.1242144 0.1163551 0.1799398 0.1576063 0.1478862 0.1589384 0.0000010 0.1626593 0.1281280 0.1973159 0.1516840 
Perityle_dissecta_201                      0.0778345 0.0960362 0.0987538 0.1894576 0.1026309 0.1168929 0.1164645 0.1383567 0.3472091 0.1280492 0.1336642 0.0103378 0.0340214 0.0078499 0.0081690 0.0454613 0.0134569 0.0999559 0.1484045 0.0181254 0.0146187 0.0360482 0.0139946 0.0266073 0.0286354 0.0150593 0.0729677 0.0611779 0.1539986 1.2460622 0.0792692 0.1920653 0.1195543 0.0000000 0.1165891 0.1989387 0.0153716 0.1035123 0.0438113 0.0110171 0.0357385 0.1318253 0.0321622 0.0000010 0.0965099 0.0681828 0.0234995 0.0350565 0.1367985 0.0137398 0.0181650 0.0131862 0.0668514 0.0200290 0.1338296 0.0997373 0.0361150 0.0362084 0.0349846 0.2480809 0.0823545 0.0801492 0.0582559 0.0079971 0.1288009 0.0639003 0.1444620 0.2050724 0.0259846 0.0236553 0.0103274 0.1322305 0.0325286 0.0169072 0.0137948 0.0176615 0.2123123 0.1242569 0.0161879 0.0103368 0.0000010 0.0376426 0.1074464 0.1748329 0.0614618 
Perityle_emoryi_47_punta_san_jose          0.1099594 0.0989096 0.1169846 0.2292471 0.1180848 0.1441632 0.1185551 0.1583584 0.3507261 0.0109420 0.1664486 0.1277022 0.1171580 0.1104147 0.1274953 0.1193430 0.1087604 0.0918297 0.1550195 0.1108488 0.1149293 0.1192125 0.0993279 0.1229721 0.1111388 0.1162587 0.1415251 0.1381947 0.1246753 1.2614075 0.1202053 0.1472241 0.0123868 0.1165891 0.0000000 0.1951132 0.1143469 0.1263169 0.1216485 0.1114652 0.1138339 0.1516933 0.1151739 0.0000010 0.1413854 0.1088620 0.1258490 0.1247655 0.1519021 0.1149550 0.1168732 0.1147089 0.1536273 0.1125832 0.1389776 0.1643824 0.1193736 0.1210150 0.1190507 0.2825379 0.1307483 0.1169937 0.1388357 0.1249433 0.1328562 0.1372125 0.1231651 0.1473564 0.1110818 0.1235732 0.1082257 0.1135345 0.1173992 0.1172810 0.1134911 0.1249549 0.1454575 0.1334364 0.1151510 0.1284866 0.0000010 0.1273961 0.1040946 0.1753561 0.1043404 
Perityle_feddemae_99                       0.2260966 0.1640563 0.2580988 0.2151259 0.0812339 0.1045437 0.1957726 0.2086270 0.4724556 0.2525932 0.1230527 0.2130424 0.2112308 0.2169680 0.1823829 0.2150927 0.1497840 0.1382247 0.1247861 0.2057037 0.3952551 0.1648410 0.1906557 0.2008425 0.1863643 0.2064464 0.2300579 0.2377023 0.1694388 0.2566526 0.2203769 0.1965093 0.2221663 0.1989387 0.1951132 0.0000000 0.1884188 0.0439268 0.2229003 0.2048299 0.2018430 0.0767357 0.2203814 0.0327852 0.0531596 0.2038982 0.1960314 0.2042722 0.0796666 0.2073345 0.2151620 0.2107423 0.2393740 0.2292619 0.1169516 0.1992290 0.1704762 0.2158569 0.2029357 0.1398145 0.0682791 0.0873627 0.1958655 0.2110146 0.1009177 0.2123011 0.1770046 0.1935332 0.1446361 0.1941651 0.1985293 0.1161138 0.2107144 0.2163241 0.2043591 0.1417075 0.1918293 0.1067238 0.1741436 0.2400593 0.1516150 0.2079800 0.1489164 0.1112148 0.1364088 
Perityle_fosteri_93                        0.0809662 0.0842841 0.1148320 0.1953102 0.1016063 0.1511441 0.1748948 0.2161242 0.4469206 0.1395498 0.1538570 0.0291682 0.0321460 0.0175054 0.0240319 0.0503402 0.0209066 0.0976222 0.1660392 0.0247275 0.1787319 0.0327569 0.0813486 0.0275701 0.0251544 0.0219095 0.0458524 0.0641955 0.2506796 0.3366419 0.0907620 0.1822471 0.1221700 0.0153716 0.1143469 0.1884188 0.0000000 0.1529708 0.0483640 0.0177195 0.0416510 0.1547831 0.0361929 0.1731256 0.1538821 0.0483126 0.0250190 0.0320144 0.1579691 0.0183132 0.0236662 0.0220673 0.0564205 0.0244731 0.1535541 0.1137656 0.0402647 0.0316125 0.0355139 0.2198280 0.0791322 0.1682751 0.1024091 0.0275063 0.1528895 0.0533789 0.1248089 0.1418402 0.0162196 0.0253298 0.0155945 0.1358974 0.0308827 0.0242516 0.0224565 0.0250494 0.1426133 0.1508771 0.0226980 0.0312042 0.2649462 0.0320568 0.0945630 0.1625111 0.0850735 
Perityle_gamon_221                         0.1317484 0.1779841 0.1773674 0.2145932 0.0607064 0.1148103 0.1998878 0.2270851 0.4244625 0.1472587 0.0885106 0.1515504 0.1499531 0.1499436 0.1684428 0.1584182 0.1498807 0.1393991 0.0781432 0.1523712 0.3688498 0.1461701 0.1864028 0.1463862 0.1446822 0.1491647 0.1799972 0.1835715 0.1544518 0.2108563 0.1589115 0.0718836 0.1237807 0.1035123 0.1263169 0.0439268 0.1529708 0.0000000 0.1569097 0.1488645 0.1471415 0.0515654 0.1504439 0.0349405 0.0207248 0.1402384 0.1524645 0.1457808 0.0537632 0.1482922 0.1502128 0.1508693 0.1803418 0.1591408 0.0919268 0.2111692 0.1646994 0.1525902 0.1486662 0.1048092 0.0582373 0.0982105 0.1929168 0.1537633 0.0741976 0.1588192 0.1662934 0.1753771 0.1244756 0.1509885 0.1430536 0.1161725 0.1531062 0.1493292 0.1507120 0.1340894 0.1698933 0.0669558 0.1563389 0.1573899 0.1701315 0.1499883 0.1553958 0.0837753 0.1404997 
Perityle_gentryi_8_san_francisco           0.1037656 0.0904765 0.1606706 0.1972295 0.1085211 0.1480622 0.1785084 0.2215687 0.4365627 0.1700722 0.1902578 0.0578953 0.0593928 0.0468890 0.0475253 0.0173102 0.0391535 0.1007473 0.2035570 0.0509504 0.2407161 0.0480817 0.1136858 0.0474800 0.0428252 0.0492308 0.0578569 0.0711876 0.2503691 0.3496160 0.1041642 0.2708196 0.1591161 0.0438113 0.1216485 0.2229003 0.0483640 0.1569097 0.0000000 0.0469167 0.0627189 0.1589847 0.0610605 0.2139721 0.1571246 0.0694478 0.0543540 0.0568749 0.1622694 0.0469119 0.0536425 0.0510398 0.0666660 0.0460017 0.1605407 0.1117378 0.0507242 0.0587688 0.0602932 0.2067534 0.0844278 0.1698651 0.1006950 0.0552342 0.1535337 0.0633333 0.1391018 0.1476372 0.0435401 0.0523224 0.0445334 0.1491273 0.0584306 0.0515966 0.0501504 0.0410738 0.1474673 0.1859921 0.0474893 0.0596825 0.2569327 0.0575441 0.0955059 0.1703680 0.0875917 
Perityle_gilensis_22_Superstition          0.0746959 0.0763457 0.1573771 0.1821159 0.0974569 0.1384515 0.1707211 0.2024356 0.4438794 0.1667232 0.1686939 0.0212295 0.0251690 0.0033340 0.0087934 0.0475691 0.0161378 0.0920245 0.1862925 0.0217069 0.1915067 0.0228339 0.0813486 0.0197239 0.0141137 0.0120067 0.0459590 0.0568865 0.2460051 0.3366536 0.0860596 0.2492853 0.1438253 0.0110171 0.1114652 0.2048299 0.0177195 0.1488645 0.0469167 0.0000000 0.0378022 0.1474706 0.0286089 0.1989254 0.1463033 0.0488938 0.0169277 0.0263956 0.1508451 0.0053769 0.0167163 0.0137883 0.0574036 0.0123449 0.1501206 0.1001189 0.0293079 0.0271992 0.0288216 0.2093529 0.0823634 0.1560952 0.0907395 0.0202493 0.1479544 0.0464501 0.1184173 0.1368800 0.0129568 0.0237391 0.0062529 0.1378799 0.0204099 0.0163098 0.0141587 0.0092946 0.1359630 0.1688297 0.0119840 0.0223538 0.2507043 0.0256799 0.0890707 0.1693968 0.0755727 
Perityle_gilensis_salensis_225             0.0912028 0.0833654 0.1685555 0.1899985 0.0923990 0.1477684 0.1761902 0.2006748 0.4406152 0.1702870 0.1694258 0.0673780 0.0271288 0.0378869 0.0267106 0.0591873 0.0268259 0.0958416 0.1909610 0.0408058 0.2270456 0.0188995 0.0996619 0.0300101 0.0193052 0.0414242 0.0583609 0.0770452 0.2443077 0.3331538 0.1431785 0.2505492 0.1483363 0.0357385 0.1138339 0.2018430 0.0416510 0.1471415 0.0627189 0.0378022 0.0000000 0.1445746 0.0266806 0.1975466 0.1436443 0.0614207 0.0407133 0.0354570 0.1497512 0.0393785 0.0434102 0.0433315 0.0733644 0.0327550 0.1524377 0.1112001 0.0361469 0.0312862 0.0298140 0.1998782 0.0955003 0.1511114 0.0918315 0.0729892 0.1510699 0.0625167 0.1238270 0.1384968 0.0244871 0.0390963 0.0352493 0.1345538 0.0340567 0.0416176 0.0426263 0.0240954 0.1373359 0.1703464 0.0264939 0.0839575 0.2460059 0.0275988 0.0896534 0.1711910 0.0839441 
Perityle_glaucescens_94                    0.1707101 0.1665561 0.1823639 0.2065586 0.0696882 0.1130622 0.1883897 0.2083942 0.4772979 0.1924950 0.0875018 0.1500395 0.1521615 0.1530411 0.1630701 0.1584385 0.1297518 0.1321396 0.0757644 0.1515608 0.3009451 0.1474394 0.1590406 0.1427296 0.1423624 0.1479606 0.1754355 0.1848847 0.1640945 0.2513137 0.1629266 0.1089153 0.1756140 0.1318253 0.1516933 0.0767357 0.1547831 0.0515654 0.1589847 0.1474706 0.1445746 0.0000000 0.1563500 0.0411107 0.0572589 0.1420130 0.1529546 0.1460628 0.0097681 0.1505521 0.1563439 0.1492265 0.1867848 0.1641806 0.0810450 0.1994682 0.1618448 0.1541377 0.1488778 0.1387104 0.0589197 0.0845767 0.1983579 0.1518324 0.0546501 0.1695391 0.1675408 0.1844947 0.1347688 0.1511819 0.1410671 0.0910748 0.1513091 0.1562098 0.1429863 0.1321107 0.1878653 0.0709562 0.1387106 0.1601648 0.1398897 0.1550342 0.1379940 0.1002012 0.1293413 
Perityle_gracilis_11                       0.0924945 0.0755434 0.1577686 0.1944550 0.0975906 0.1445073 0.1739902 0.2044333 0.3798936 0.1734799 0.1867721 0.0571756 0.0172305 0.0295018 0.0165909 0.0588525 0.0208616 0.0955749 0.1908481 0.0386373 0.2531375 0.0089195 0.0957438 0.0234835 0.0087142 0.0310368 0.0450202 0.0681781 0.2400677 0.3283591 0.1223641 0.2513394 0.1568495 0.0321622 0.1151739 0.2203814 0.0361929 0.1504439 0.0610605 0.0286089 0.0266806 0.1563500 0.0000000 0.1967378 0.1535081 0.0618821 0.0292086 0.0203134 0.1582663 0.0280138 0.0350798 0.0322879 0.0543502 0.0216926 0.1635710 0.1031777 0.0251131 0.0189061 0.0185401 0.2028475 0.0894419 0.1537062 0.0821737 0.0623314 0.1547232 0.0568891 0.1277232 0.1357175 0.0195826 0.0361542 0.0255588 0.1362100 0.0236316 0.0316416 0.0312052 0.0160009 0.1382182 0.1866973 0.0168509 0.0688361 0.2433389 0.0199923 0.0854477 0.1658309 0.0728826 
Perityle_harkerae_31                       0.0000010 0.1846378 0.2087125 0.2163740 0.0000010 0.1147038 0.2147831 0.2552916 0.6716655 0.8232623 0.0706724 0.2019732 0.2066986 0.1991255 0.2142966 0.2176893 0.2014404 0.2665713 0.0679335 0.2083043 0.7409588 0.1754316 0.9116343 0.1928210 0.1959513 0.2006046 0.2060653 0.2237463 0.1867948 0.1856493 0.2028629 0.1316005 0.7360932 0.0000010 0.0000010 0.0327852 0.1731256 0.0349405 0.2139721 0.1989254 0.1975466 0.0411107 0.1967378 0.0000000 0.0417625 0.2012880 0.2004762 0.2008505 0.0514330 0.1989254 0.2011005 0.2039473 0.2205452 0.2068776 0.0813727 0.2606112 0.1791569 0.1984527 0.2006765 0.0662695 0.0000010 0.0920774 0.2435186 0.2081668 0.0714347 0.2030792 0.1934426 0.1846647 0.1533482 0.1862615 0.1959513 0.3525692 0.2070719 0.2021920 0.1831729 0.1671990 0.1894899 0.0581277 0.1998783 0.2280557 0.1421924 0.2006177 0.1721990 0.1429044 0.1872483 
