85
Amauria_brandeegeana_62                    0.0000000 0.2117742 0.1062915 0.3652297 0.0940518 0.2204384 0.2975114 0.4414245 0.1383073 0.1085113 0.3084460 0.0866926 0.1119194 0.1026495 0.2969906 0.2400483 0.0962336 0.0975113 0.3127353 0.3011447 0.1084707 0.1753778 0.3185801 0.1012402 0.0896556 0.1133504 0.1265314 0.1113452 0.1444437 0.1284661 0.3278986 0.3195478 0.2548416 0.1006556 0.2987804 0.3179884 0.2996277 0.3084138 0.1729887 0.1136001 0.3145605 0.3273949 0.3202386 0.3065718 0.3016650 0.2755224 0.3176620 0.3194297 0.3285025 0.0985884 0.1007225 0.2909173 0.3020795 0.1088186 0.1420649 0.5814951 0.1149913 0.3165021 0.1088797 0.1204385 0.1693829 0.1469689 0.2302575 0.1014874 0.1135342 0.2908593 0.2543059 0.1112316 0.1315809 0.3028628 0.3248761 0.1150278 0.3223129 0.3612219 0.0936946 0.1767944 0.2655329 0.1142883 0.3242165 0.0939260 0.1316748 0.3164096 0.2957241 0.0887515 0.0837342 
Amauria_carterae_99_mesa                   0.2117742 0.0000000 0.2128218 0.2112186 0.2380222 0.1509332 0.1637397 0.2887946 0.2397876 0.2224217 0.1119646 0.2411773 0.2459541 0.2287234 0.1419697 0.1419209 0.2130507 0.2480160 0.1257035 0.1243408 0.2379933 0.1613930 0.1251333 0.2472599 0.2294392 0.2423854 0.2524895 0.2357814 0.2446193 0.2346983 0.1500780 0.1529707 0.1317894 0.2471759 0.1307596 0.1753469 0.1233974 0.1484643 0.2378196 0.2525947 0.1217407 0.1546163 0.1307087 0.1509996 0.1327657 0.1289768 0.1353434 0.1325623 0.1444831 0.2446400 0.2390988 0.1206024 0.1194083 0.2529379 0.2517990 0.4314910 0.2296028 0.1326251 0.2350807 0.2674685 0.1011363 0.2535537 0.1485286 0.2339393 0.2290213 0.1258275 0.1327439 0.2023676 0.2155527 0.1189588 0.1398511 0.2360656 0.1363838 0.4409288 0.2199383 0.1149560 0.1245499 0.2673719 0.1411503 0.2342713 0.2622329 0.1270998 0.1409959 0.2292189 0.1994953 
Amauria_rotundifolia_SRR9119150            0.1062915 0.2128218 0.0000000 0.3708855 0.1426375 0.2089369 0.3383934 0.5038261 0.1539930 0.1724887 0.3881308 0.1561501 0.1336759 0.1184742 0.3021363 0.3060343 0.1095130 0.1129150 0.3495436 0.3189578 0.1588105 0.1480862 0.4346057 0.1153898 0.1152023 0.1752136 0.1928706 0.2162988 0.1697057 0.1552043 0.3667966 0.4370431 0.3022264 0.1495293 0.3141975 0.3615584 0.3273928 0.3124437 0.2037912 0.1574982 0.3915249 0.3507857 0.3650755 0.3367384 0.3903308 0.3440081 0.3638264 0.3641446 0.3511885 0.1488275 0.1094240 0.3148646 0.3883647 0.1156846 0.1849188 0.5455517 0.1326796 0.3625172 0.1753028 0.1342398 0.1954079 0.1602879 0.1990392 0.1893583 0.1723367 0.4138119 0.3192877 0.2564629 0.1072279 0.3342512 0.4305861 0.1632849 0.3417926 0.4087968 0.1143117 0.1979522 0.2991962 0.1831769 0.3924663 0.1381928 0.1393969 0.3285316 0.3602337 0.1098642 0.1084379 
Conoclinium_coelestinum_SRR9119114         0.3652297 0.2112186 0.3708855 0.0000000 0.3680090 0.2596452 0.1881803 0.4161912 0.3705944 0.3993898 0.2503667 0.3782970 0.3908258 0.2698085 0.2928913 0.2276280 0.2480457 0.3258725 0.2401942 0.2295091 0.3883496 0.1931906 0.3171367 0.3436349 0.3955627 0.4059219 0.3953426 0.4266212 0.3399135 0.3139741 0.3737685 0.2831087 0.2123938 0.3969974 0.2350218 0.2845095 0.2312129 0.2649207 0.4008747 0.4090798 0.2848368 0.2626322 0.2644009 0.2643442 0.2615879 0.2410736 0.2501656 0.2584901 0.2491226 0.3949642 0.3819247 0.2238481 0.2514036 0.3674720 0.3839554 0.5891019 0.3168976 0.2579344 0.3962409 0.3757567 0.2440398 0.4002933 0.2426105 0.3989935 0.3836529 0.2822537 0.2551732 0.3789734 0.2972708 0.2465470 0.3241678 0.3384959 0.2709820 0.4934181 0.3675216 0.2104854 0.2536809 0.3974362 0.2694329 0.3799087 0.4047383 0.2535175 0.2595850 0.2579147 0.2435389 
Eutetras_palmeri_63                        0.0940518 0.2380222 0.1426375 0.3680090 0.0000000 0.2076917 0.3082358 0.4108941 0.1398175 0.0942328 0.3135485 0.0797940 0.0912343 0.0819948 0.3031919 0.2474387 0.0922974 0.0644693 0.3219886 0.3145587 0.0883008 0.1863130 0.3371199 0.0892485 0.0679011 0.0988023 0.1138147 0.0984476 0.1571920 0.1601550 0.3605999 0.3518540 0.2578987 0.0731915 0.2948789 0.3267569 0.3129429 0.3185971 0.1597296 0.0905364 0.3414151 0.3291275 0.3218294 0.3251547 0.3200368 0.2873512 0.3198459 0.3057534 0.3324556 0.0725443 0.0774355 0.3016659 0.3242502 0.0782199 0.1299300 0.5661597 0.0934765 0.3170084 0.0919904 0.0783684 0.2033803 0.1402186 0.2209409 0.0839342 0.0893818 0.3143472 0.2913219 0.1238664 0.1076610 0.3157897 0.3395916 0.1174128 0.3326663 0.3381696 0.0632274 0.1925229 0.2948703 0.1030784 0.3287973 0.0719248 0.0796263 0.3187723 0.2906841 0.0838050 0.0708519 
Eutetras_pringlei_149_quer                 0.2204384 0.1509332 0.2089369 0.2596452 0.2076917 0.0000000 0.2163326 0.2157505 0.2239717 0.2254048 0.1557217 0.2165787 0.2413162 0.2141826 0.1664321 0.1473471 0.2276667 0.2257900 0.1500350 0.1488084 0.2074791 0.2345950 0.1457196 0.2384722 0.2258606 0.2395009 0.2345080 0.2046225 0.2373576 0.2373576 0.1753296 0.1650720 0.1495474 0.2345649 0.1646931 0.1808649 0.1465298 0.1472622 0.2143195 0.2406044 0.1420282 0.1593701 0.1594342 0.1590759 0.1471360 0.1680018 0.1621575 0.1624510 0.1266957 0.2310524 0.2185131 0.1465298 0.1554421 0.2435189 0.2356070 0.3511874 0.2079406 0.1625615 0.2074791 0.2554734 0.1524779 0.2238350 0.1409516 0.2392416 0.1946944 0.1520147 0.1811376 0.2422715 0.1812976 0.1498075 0.1588080 0.2239717 0.1502022 0.4245777 0.1902886 0.1542370 0.1489702 0.2313787 0.1622871 0.2297813 0.2529955 0.1542370 0.1673914 0.2278396 0.2278396 
Eutrochium_fistulosum_SRR9119106           0.2975114 0.1637397 0.3383934 0.1881803 0.3082358 0.2163326 0.0000000 0.3456004 0.3102366 0.3133909 0.1617078 0.2950733 0.3167176 0.2267911 0.2608745 0.1614081 0.2038110 0.2857724 0.1705075 0.1432688 0.3168863 0.1992576 0.2157186 0.2864477 0.3124101 0.3150652 0.3266225 0.3255310 0.2383299 0.2122455 0.3408820 0.1931833 0.1583845 0.3143182 0.1601644 0.1674710 0.1579966 0.1802578 0.3346625 0.3181233 0.2224269 0.1663524 0.1695934 0.1614056 0.1551725 0.1599647 0.1727216 0.1750035 0.1504608 0.3117927 0.3077817 0.1450046 0.1605593 0.2991744 0.3291511 0.6250922 0.2578993 0.1758367 0.3141664 0.3258873 0.1962041 0.3116762 0.1977069 0.3117623 0.3267857 0.1591837 0.1369059 0.2856525 0.2504373 0.1545561 0.2287638 0.2460366 0.1795188 0.4735903 0.2940683 0.1685182 0.1389788 0.3289633 0.1887443 0.3068119 0.3320349 0.1735673 0.1681782 0.2057526 0.1926254 
Helianthus_annuus_SRR9119062               0.4414245 0.2887946 0.5038261 0.4161912 0.4108941 0.2157505 0.3456004 0.0000000 0.4303227 0.4286528 0.3260090 0.4169085 0.4085701 0.3097303 0.3412835 0.3059101 0.2787198 0.3998597 0.3323155 0.3492789 0.3811852 0.0571970 0.3335832 0.3954842 0.3935698 0.4460208 0.4614380 0.4266097 0.4087150 0.3766388 0.3828626 0.3617311 0.3651798 0.4238381 0.2811794 0.3349539 0.3229205 0.3564463 0.4674921 0.4021374 0.3271608 0.3336801 0.3503487 0.3617322 0.3245010 0.2901695 0.3443685 0.3437536 0.3368441 0.4057461 0.4214227 0.3139655 0.3364211 0.4092370 0.4262529 0.7073916 0.3857599 0.3469971 0.3969719 0.4120002 0.2025151 0.4558674 0.1979484 0.4194092 0.4237460 0.3375434 0.2870470 0.3790123 0.3976248 0.3193649 0.3348436 0.3734035 0.3509649 0.5222092 0.4116851 0.2210160 0.2771615 0.4321167 0.3533631 0.4318970 0.5087441 0.3379831 0.3347557 0.2768173 0.1925236 
Lycapsus_tenuifolius_17                    0.1383073 0.2397876 0.1539930 0.3705944 0.1398175 0.2239717 0.3102366 0.4303227 0.0000000 0.1519698 0.3397625 0.1410056 0.1423102 0.1179320 0.2758867 0.2284269 0.1290100 0.1342608 0.3436641 0.3291971 0.1491062 0.1892017 0.3677957 0.1311471 0.1262680 0.1302974 0.1463723 0.2025892 0.0930588 0.0995075 0.4037402 0.3738039 0.2832548 0.1374186 0.3269755 0.3614536 0.3391447 0.3040772 0.2272032 0.1528497 0.3766473 0.3631829 0.3372972 0.3543045 0.3294423 0.2910125 0.3366867 0.2988469 0.3617695 0.1364638 0.1415691 0.3334380 0.3419526 0.1272894 0.1437914 0.5782536 0.1105849 0.3328775 0.1618129 0.1584187 0.2265200 0.1413399 0.2132940 0.1474489 0.1654317 0.3471877 0.3042672 0.2067894 0.1347148 0.3313318 0.3631021 0.0085255 0.3406817 0.4314391 0.1239332 0.2005012 0.3081266 0.1690549 0.3412692 0.1203252 0.1655129 0.3210894 0.3343266 0.1067956 0.0913598 
Pericome_caudata_50_silver                 0.1085113 0.2224217 0.1724887 0.3993898 0.0942328 0.2254048 0.3133909 0.4286528 0.1519698 0.0000000 0.3937907 0.1008158 0.1068498 0.0835660 0.3012967 0.2556273 0.1084068 0.1048987 0.3381647 0.3258153 0.1076233 0.1775264 0.4196464 0.0986919 0.1065356 0.1297114 0.1453006 0.1647755 0.1410421 0.1516247 0.3789934 0.3499079 0.3125357 0.0967085 0.3101802 0.3788576 0.3123027 0.3067106 0.1719700 0.1372950 0.3437325 0.3618321 0.3414343 0.3345657 0.3700333 0.3444368 0.3471920 0.3100334 0.3607182 0.1122571 0.1086938 0.3223155 0.3460110 0.1019472 0.1327849 0.5812909 0.1133566 0.3660728 0.1341332 0.1288035 0.2173806 0.1533490 0.2142237 0.1629171 0.1250381 0.4035147 0.3261448 0.2116386 0.1250696 0.3282494 0.4186723 0.1078405 0.3379529 0.3497264 0.0867788 0.2070217 0.2833277 0.1587401 0.3385811 0.0934629 0.1315011 0.3156494 0.3204826 0.0892034 0.0829957 
Perityle_aglossa_84_dead_horse             0.3084460 0.1119646 0.3881308 0.2503667 0.3135485 0.1557217 0.1617078 0.3260090 0.3397625 0.3937907 0.0000000 0.3634925 0.3276819 0.2228982 0.1445095 0.0631332 0.1975707 0.2787953 0.0729126 0.0437300 0.3143551 0.1574863 0.2253338 0.2771676 0.3537655 0.4050821 0.4338686 0.3886909 0.2632899 0.2417845 0.3432805 0.1431720 0.1537477 0.3507356 0.1055821 0.1690397 0.0776769 0.1238071 0.3520624 0.4257531 0.1624258 0.1256526 0.0899430 0.1577197 0.1423034 0.0975149 0.0871045 0.0702189 0.1228201 0.3792812 0.3332408 0.0562428 0.1225299 0.2887607 0.3438394 0.5173911 0.2484121 0.1558369 0.4585738 0.3097204 0.1286484 0.3710171 0.1578646 0.4137399 0.3558533 0.1796007 0.1480445 0.4320850 0.2136660 0.0405187 0.2155854 0.2735073 0.0887177 0.5147158 0.3091638 0.0547684 0.1014493 0.4079807 0.0943004 0.3135259 0.3078413 0.0772505 0.1276889 0.2116802 0.1869332 
Perityle_ajoensis_204                      0.0866926 0.2411773 0.1561501 0.3782970 0.0797940 0.2165787 0.2950733 0.4169085 0.1410056 0.1008158 0.3634925 0.0000000 0.0888953 0.0834462 0.3108494 0.2525500 0.0975486 0.0859813 0.3289145 0.3143335 0.0593841 0.1959256 0.3668132 0.0769943 0.0720922 0.1192488 0.1246825 0.1561573 0.1549805 0.1519173 0.3449791 0.3647782 0.3274413 0.0560242 0.2928333 0.3504423 0.3075244 0.2918833 0.1403739 0.0990078 0.3294245 0.3347825 0.3432744 0.3037034 0.3487272 0.3395700 0.3489303 0.2850837 0.3263506 0.0592946 0.0583481 0.3117023 0.3265091 0.0565584 0.1346729 0.5536494 0.1088626 0.3635436 0.0835793 0.1085693 0.2158887 0.1551074 0.2331988 0.1049395 0.1110878 0.3596893 0.3398133 0.1794294 0.0704424 0.3187035 0.3615000 0.1155204 0.3300656 0.3169411 0.0487549 0.1952382 0.3016259 0.1344984 0.3187472 0.0534025 0.1134320 0.3023009 0.3131067 0.0892586 0.0916601 
Perityle_ambrosiifolia_67_green            0.1119194 0.2459541 0.1336759 0.3908258 0.0912343 0.2413162 0.3167176 0.4085701 0.1423102 0.1068498 0.3276819 0.0888953 0.0000000 0.0412940 0.3051222 0.2565349 0.1146796 0.1045917 0.3331565 0.3194256 0.0649876 0.2074409 0.3556279 0.0243134 0.0943240 0.1085574 0.1355554 0.1271927 0.1396597 0.1368406 0.3636564 0.3584071 0.2701492 0.0946825 0.3127551 0.3472183 0.3224260 0.3344780 0.1670275 0.0298457 0.3548532 0.3466023 0.3296434 0.3488485 0.3314265 0.2933288 0.3269633 0.3108021 0.3432590 0.0911656 0.1033967 0.3177092 0.3326967 0.0885165 0.1346385 0.5506636 0.0888702 0.3241949 0.0702844 0.1247428 0.2311395 0.1385444 0.2299167 0.0950964 0.1210966 0.3227031 0.2921855 0.1595870 0.1368831 0.3233929 0.3568359 0.1050726 0.3473877 0.3284021 0.0877564 0.1998594 0.3018791 0.1325542 0.3456316 0.0817150 0.1252853 0.3280936 0.3081128 0.0895912 0.0919646 
Perityle_angustifolia_13_Eagle_creek       0.1026495 0.2287234 0.1184742 0.2698085 0.0819948 0.2141826 0.2267911 0.3097303 0.1179320 0.0835660 0.2228982 0.0834462 0.0412940 0.0000000 0.2355901 0.2001076 0.1114697 0.0901520 0.2040507 0.2132849 0.0759865 0.2017737 0.2129597 0.0501463 0.0739880 0.0790016 0.0868533 0.1138427 0.1313846 0.1409638 0.2411296 0.2258269 0.2038292 0.0797644 0.2188695 0.2450198 0.1976900 0.2243664 0.0804995 0.0470178 0.2190749 0.2393780 0.2114029 0.2339893 0.2141088 0.2212818 0.2130116 0.2060899 0.2247511 0.0760337 0.0709597 0.2191083 0.2134383 0.0927736 0.1257133 0.5127936 0.0808415 0.2107429 0.0760798 0.1223707 0.2162668 0.1137824 0.2212697 0.0854902 0.1087515 0.2077736 0.2127338 0.1103423 0.1196236 0.2116223 0.2134535 0.1164452 0.2131671 0.2668160 0.0674600 0.1977681 0.2178326 0.1249401 0.2264939 0.0739865 0.1283076 0.2083205 0.2120843 0.0822791 0.0789892 
Perityle_batopilensis_97                   0.2969906 0.1419697 0.3021363 0.2928913 0.3031919 0.1664321 0.2608745 0.3412835 0.2758867 0.3012967 0.1445095 0.3108494 0.3051222 0.2355901 0.0000000 0.1326493 0.2091839 0.2955894 0.1440268 0.1444199 0.3039634 0.1840154 0.1417700 0.3042314 0.3073490 0.3049155 0.3067660 0.3202755 0.2935696 0.2501321 0.2385205 0.1989612 0.1975080 0.3176568 0.1693487 0.1947537 0.1446884 0.1739064 0.3066315 0.3133976 0.1425575 0.1833907 0.1406331 0.1873124 0.1638992 0.1327184 0.1421852 0.1415597 0.1952535 0.3138828 0.2995267 0.1385263 0.1419184 0.3059880 0.3111532 0.5439678 0.2604018 0.1417034 0.3065987 0.3181525 0.1478195 0.3201808 0.1652645 0.3223591 0.3124135 0.1391697 0.1528685 0.2926279 0.2338525 0.1312674 0.1534801 0.2826261 0.1545535 0.4310239 0.2986809 0.0804629 0.1566048 0.3144258 0.1576653 0.3150023 0.3504780 0.1401568 0.1933004 0.2274426 0.2066103 
Perityle_bisetosa_9                        0.2400483 0.1419209 0.3060343 0.2276280 0.2474387 0.1473471 0.1614081 0.3059101 0.2284269 0.2556273 0.0631332 0.2525500 0.2565349 0.2001076 0.1326493 0.0000000 0.1839529 0.2237040 0.0295614 0.0482714 0.2535166 0.1857758 0.0488824 0.2449994 0.2488912 0.2602789 0.2606623 0.2622016 0.2559780 0.2245110 0.2050697 0.1184337 0.1061820 0.2605284 0.0816602 0.1110287 0.0274055 0.0879256 0.2570717 0.2544335 0.0483446 0.0861654 0.0511457 0.0809066 0.0863220 0.0513132 0.0533144 0.0505211 0.0857867 0.2535671 0.2310396 0.0637349 0.0590202 0.2359173 0.2809791 0.5366783 0.2269965 0.0529455 0.2595120 0.2428696 0.1217759 0.2650371 0.1484469 0.2518888 0.2545695 0.0561613 0.0809089 0.2550271 0.1904459 0.0400681 0.0576219 0.2509971 0.0540709 0.3930103 0.2369042 0.0566725 0.0858825 0.2619018 0.0562041 0.2452838 0.2662109 0.0504173 0.1084158 0.1938887 0.1834163 
Perityle_californica_76_positas            0.0962336 0.2130507 0.1095130 0.2480457 0.0922974 0.2276667 0.2038110 0.2787198 0.1290100 0.1084068 0.1975707 0.0975486 0.1146796 0.1114697 0.2091839 0.1839529 0.0000000 0.1023033 0.1830759 0.1882327 0.1042063 0.2136101 0.1771977 0.1109741 0.1062196 0.1141691 0.1136754 0.1143015 0.1412826 0.1508618 0.2065510 0.2046597 0.1710710 0.1101255 0.1938775 0.2132312 0.1761249 0.1943632 0.1205059 0.1246394 0.1846749 0.2042961 0.1827547 0.2005389 0.1875186 0.2012811 0.1904181 0.1833305 0.1941906 0.1013280 0.0986434 0.1810054 0.1958000 0.1129393 0.1245745 0.5139019 0.1279246 0.1880636 0.1061698 0.1353003 0.2026645 0.1398908 0.2346603 0.1083610 0.1116423 0.1951323 0.1893770 0.1041188 0.1106538 0.1938011 0.1779791 0.1312850 0.1833815 0.2624591 0.0955904 0.2043426 0.1929108 0.1264505 0.1975447 0.0994140 0.1312629 0.1853350 0.1948407 0.1128286 0.1075357 
Perityle_canescens_77                      0.0975113 0.2480160 0.1129150 0.3258725 0.0644693 0.2257900 0.2857724 0.3998597 0.1342608 0.1048987 0.2787953 0.0859813 0.1045917 0.0901520 0.2955894 0.2237040 0.1023033 0.0000000 0.2702788 0.2768093 0.1057956 0.1587448 0.2803362 0.1037677 0.0716049 0.1059930 0.1121153 0.0989184 0.1550591 0.1661347 0.2943346 0.3018616 0.2542648 0.0869391 0.2745184 0.2930064 0.2673273 0.2779691 0.1295827 0.1134281 0.2884554 0.2918258 0.2767221 0.2863634 0.2670746 0.2459744 0.2780192 0.2717193 0.2819363 0.0825564 0.0860558 0.2761741 0.2732359 0.0955983 0.1406997 0.5772004 0.1124060 0.2759618 0.1088683 0.0929572 0.2094769 0.1374020 0.2241634 0.0887055 0.0964294 0.2670344 0.2403574 0.1011183 0.1151012 0.2759332 0.2863618 0.1273080 0.2890603 0.3269339 0.0700486 0.2206895 0.2435518 0.0992306 0.2910327 0.0808566 0.1038675 0.2737312 0.2784567 0.1055990 0.0926831 
Perityle_castillonii_96                    0.3127353 0.1257035 0.3495436 0.2401942 0.3219886 0.1500350 0.1705075 0.3323155 0.3436641 0.3381647 0.0729126 0.3289145 0.3331565 0.2040507 0.1440268 0.0295614 0.1830759 0.2702788 0.0000000 0.0750666 0.3242902 0.1263990 0.1568596 0.2713137 0.3534173 0.3564645 0.3490036 0.3737512 0.2473742 0.2124697 0.3203903 0.1296007 0.1110712 0.3519690 0.0946671 0.1043410 0.0107490 0.1014199 0.3607929 0.3622556 0.1501440 0.0968022 0.0788595 0.1299603 0.0910943 0.0664808 0.0732645 0.0746363 0.0985361 0.3457170 0.3454135 0.0676013 0.1084403 0.2778997 0.3526783 0.5300893 0.2262879 0.0786459 0.3602765 0.3156287 0.1307916 0.3532223 0.1456440 0.3672744 0.3479348 0.1308214 0.0950141 0.3621834 0.1818995 0.0606436 0.1710051 0.2560280 0.0729779 0.4760731 0.3121106 0.0439553 0.0940380 0.3530641 0.0949043 0.3264563 0.3015986 0.0746663 0.1144624 0.1909563 0.1815167 
Perityle_cernua_84                         0.3011447 0.1243408 0.3189578 0.2295091 0.3145587 0.1488084 0.1432688 0.3492789 0.3291971 0.3258153 0.0437300 0.3143335 0.3194256 0.2132849 0.1444199 0.0482714 0.1882327 0.2768093 0.0750666 0.0000000 0.3025235 0.1808198 0.1932690 0.2639802 0.3235093 0.3460916 0.3385846 0.3673442 0.2558318 0.2356616 0.3320086 0.1257807 0.1195870 0.3388601 0.1040095 0.1124579 0.0757972 0.0957898 0.3411462 0.3481985 0.1782294 0.1024334 0.0812995 0.1404192 0.0941873 0.0378036 0.0825013 0.0783303 0.0936954 0.3308331 0.3322935 0.0456937 0.0664076 0.2883107 0.3349184 0.5060376 0.2343177 0.0809935 0.3428330 0.3056552 0.1239025 0.3439106 0.1523227 0.3472711 0.3361469 0.1034825 0.0939112 0.3461157 0.2152754 0.0281357 0.2007917 0.2429729 0.0913317 0.4813030 0.2917520 0.0607006 0.1001745 0.3370842 0.1119864 0.3044275 0.2999998 0.0776373 0.1039572 0.2048589 0.1850173 
Perityle_cfvillosa_25_tin                  0.1084707 0.2379933 0.1588105 0.3883496 0.0883008 0.2074791 0.3168863 0.3811852 0.1491062 0.1076233 0.3143551 0.0593841 0.0649876 0.0759865 0.3039634 0.2535166 0.1042063 0.1057956 0.3242902 0.3025235 0.0000000 0.1955234 0.3282437 0.0741310 0.0783637 0.1108393 0.1173480 0.1086114 0.1589141 0.1544045 0.3413895 0.3351336 0.2621104 0.0759270 0.3147137 0.3318165 0.3169316 0.3361558 0.1374874 0.0614853 0.3307811 0.3313904 0.3275120 0.3341186 0.3234556 0.2831375 0.3209867 0.3084188 0.3320599 0.0664633 0.0943431 0.3059703 0.2968464 0.0898886 0.1409637 0.5652393 0.0758767 0.3201330 0.0108519 0.1241989 0.2155870 0.1579353 0.2240039 0.0919683 0.1152260 0.2862608 0.2653992 0.1179104 0.1216531 0.3098402 0.3221906 0.1193814 0.3374713 0.2487275 0.0850331 0.1923411 0.2732849 0.1270609 0.3198834 0.0865035 0.1337904 0.3221439 0.3056895 0.0894225 0.0854021 
Perityle_cinerea_113_Powell1310            0.1753778 0.1613930 0.1480862 0.1931906 0.1863130 0.2345950 0.1992576 0.0571970 0.1892017 0.1775264 0.1574863 0.1959256 0.2074409 0.2017737 0.1840154 0.1857758 0.2136101 0.1587448 0.1263990 0.1808198 0.1955234 0.0000000 0.1310899 0.2204440 0.1904544 0.2068975 0.1956496 0.1720408 0.2024758 0.2024758 0.1760924 0.2204586 0.1594634 0.2121541 0.1620594 0.1714466 0.1134781 0.1506303 0.1882781 0.2064198 0.1220196 0.1716434 0.1410637 0.1462407 0.1506616 0.1795240 0.1410637 0.1459061 0.0706586 0.1904544 0.1899228 0.1358484 0.2013721 0.2005980 0.1864386 0.3734403 0.1904616 0.1410637 0.1955234 0.2115314 0.1847738 0.1986156 0.2224643 0.2140910 0.1725654 0.1854024 0.1658166 0.1923268 0.1697301 0.1647480 0.1315051 0.1836976 0.1268513 0.4260803 0.1840078 0.1267878 0.1652523 0.1911801 0.1358598 0.1904867 0.1840592 0.1364013 0.1710157 0.1954327 0.1954327 
Perityle_coahuilensis_24                   0.3185801 0.1251333 0.4346057 0.3171367 0.3371199 0.1457196 0.2157186 0.3335832 0.3677957 0.4196464 0.2253338 0.3668132 0.3556279 0.2129597 0.1417700 0.0488824 0.1771977 0.2803362 0.1568596 0.1932690 0.3282437 0.1310899 0.0000000 0.2684469 0.4071600 0.4503134 0.4723088 0.4252575 0.2531345 0.2264820 0.3549542 0.2648019 0.2200346 0.4209937 0.1829796 0.2652482 0.1461423 0.1566260 0.3610365 0.4235851 0.0258796 0.2221617 0.1830396 0.1874414 0.2870722 0.2230055 0.1831570 0.0856812 0.2154569 0.4173138 0.3624783 0.1923646 0.1860685 0.2773320 0.3574003 0.5332894 0.2318885 0.2503165 0.4682581 0.3189245 0.1276887 0.4140795 0.1606285 0.4188524 0.3916864 0.1988413 0.2574782 0.4274231 0.1789840 0.1900024 0.0630994 0.2667029 0.1276468 0.5444305 0.3282377 0.0370517 0.1742117 0.4274543 0.0947554 0.3387432 0.3122152 0.1121580 0.2308327 0.1912335 0.1759709 
Perityle_cochisensis_44_cave_creek         0.1012402 0.2472599 0.1153898 0.3436349 0.0892485 0.2384722 0.2864477 0.3954842 0.1311471 0.0986919 0.2771676 0.0769943 0.0243134 0.0501463 0.3042314 0.2449994 0.1109741 0.1037677 0.2713137 0.2639802 0.0741310 0.2204440 0.2684469 0.0000000 0.0801915 0.0891677 0.1071182 0.1053276 0.1441346 0.1424339 0.2807506 0.2976361 0.2530561 0.0919017 0.2619556 0.2913813 0.2590721 0.2647811 0.1035640 0.0384511 0.2739258 0.2875943 0.2720903 0.2826550 0.2568586 0.2705190 0.2705932 0.2690783 0.2777241 0.0891931 0.0832969 0.2597831 0.2720806 0.0892344 0.1276786 0.5635487 0.1037628 0.2713599 0.0711830 0.1146417 0.2288752 0.1286382 0.2360453 0.0803197 0.1120771 0.2665165 0.2357568 0.1208360 0.1379202 0.2714807 0.2768635 0.1191265 0.2877914 0.2788996 0.0824527 0.1974795 0.2477462 0.1210347 0.2895467 0.0714081 0.1189618 0.2713833 0.2671292 0.0870877 0.0891913 
Perityle_congesta_202                      0.0896556 0.2294392 0.1152023 0.3955627 0.0679011 0.2258606 0.3124101 0.3935698 0.1262680 0.1065356 0.3537655 0.0720922 0.0943240 0.0739880 0.3073490 0.2488912 0.1062196 0.0716049 0.3534173 0.3235093 0.0783637 0.1904544 0.4071600 0.0801915 0.0000000 0.1111103 0.1157263 0.1601528 0.1373308 0.1475661 0.3689653 0.3948944 0.3028320 0.0396276 0.3172482 0.3658040 0.3341560 0.3123649 0.1568772 0.1104677 0.3719021 0.3557507 0.3597027 0.3381692 0.3564145 0.3325133 0.3560869 0.3057427 0.3480121 0.0366242 0.0532196 0.3214811 0.3442307 0.0481376 0.1268486 0.5302930 0.0992181 0.3567420 0.0965066 0.0998475 0.2081633 0.1492971 0.2424288 0.1047538 0.1076982 0.3768114 0.3181582 0.1930286 0.0790578 0.3369716 0.4004484 0.1012080 0.3463948 0.3301670 0.0395917 0.1835063 0.3056323 0.1306594 0.3358260 0.0430253 0.1102021 0.3208758 0.3336940 0.0798232 0.0850536 
Perityle_cordifolia_27                     0.1133504 0.2423854 0.1752136 0.4059219 0.0988023 0.2395009 0.3150652 0.4460208 0.1302974 0.1297114 0.4050821 0.1192488 0.1085574 0.0790016 0.3049155 0.2602789 0.1141691 0.1059930 0.3564645 0.3460916 0.1108393 0.2068975 0.4503134 0.0891677 0.1111103 0.0000000 0.0702766 0.1756270 0.1388956 0.1357117 0.3921204 0.3977973 0.3324997 0.1084720 0.3397293 0.3850405 0.3373711 0.3262218 0.1324964 0.1325091 0.3702117 0.3813769 0.3699513 0.3442951 0.3959589 0.3667184 0.3737377 0.3282218 0.3828485 0.1178410 0.1173713 0.3326039 0.3601140 0.1002988 0.1366426 0.5795248 0.1012588 0.3947604 0.1297711 0.1351963 0.2430135 0.1256953 0.2444528 0.1887326 0.1318527 0.3984779 0.3635645 0.2340644 0.1426190 0.3493729 0.4549526 0.1006010 0.3543197 0.3822767 0.0954493 0.1974346 0.3125037 0.1799381 0.3574381 0.0899045 0.1352766 0.3309235 0.3470849 0.0778027 0.0808225 
Perityle_cordifolia_68_tecolote            0.1265314 0.2524895 0.1928706 0.3953426 0.1138147 0.2345080 0.3266225 0.4614380 0.1463723 0.1453006 0.4338686 0.1246825 0.1355554 0.0868533 0.3067660 0.2606623 0.1136754 0.1121153 0.3490036 0.3385846 0.1173480 0.1956496 0.4723088 0.1071182 0.1157263 0.0702766 0.0000000 0.1913538 0.1533784 0.1569090 0.3920231 0.3909110 0.3331271 0.1197094 0.3356002 0.4004619 0.3261637 0.3142544 0.1399276 0.1579223 0.3814559 0.3749702 0.3697790 0.3377147 0.3883876 0.3828261 0.3725018 0.3299947 0.3741561 0.1254157 0.1157908 0.3252078 0.3669644 0.1183920 0.1386247 0.5566343 0.1140355 0.4144788 0.1379663 0.1443072 0.2447133 0.1417272 0.2512021 0.2068380 0.1493120 0.4299319 0.3724886 0.2455906 0.1452530 0.3439594 0.4607809 0.1296938 0.3524936 0.3863560 0.1027017 0.2051475 0.3157329 0.1824474 0.3634876 0.1071973 0.1500728 0.3309202 0.3496234 0.0852462 0.0872320 
Perityle_coronopifolia_28_patagonia        0.1113452 0.2357814 0.2162988 0.4266212 0.0984476 0.2046225 0.3255310 0.4266097 0.2025892 0.1647755 0.3886909 0.1561573 0.1271927 0.1138427 0.3202755 0.2622016 0.1143015 0.0989184 0.3737512 0.3673442 0.1086114 0.1720408 0.4252575 0.1053276 0.1601528 0.1756270 0.1913538 0.0000000 0.1687138 0.1639435 0.4147624 0.4164256 0.3508460 0.1521168 0.3446832 0.4055657 0.3443306 0.3240119 0.2159491 0.1752482 0.3828073 0.4042958 0.4116670 0.3503234 0.3964251 0.3625735 0.4053792 0.3241132 0.3754972 0.1576922 0.1468867 0.3865087 0.3715149 0.1082638 0.1658105 0.5502993 0.1156297 0.4077492 0.1648756 0.1149771 0.2112134 0.2251621 0.1945390 0.1700640 0.0628108 0.4027835 0.3824043 0.2183653 0.1170163 0.3693401 0.4309347 0.1338038 0.3759178 0.3956899 0.0934483 0.1807658 0.3411575 0.1613146 0.3537293 0.1053005 0.1075192 0.3474384 0.3562698 0.1208789 0.1078176 
Perityle_crassifolia_70_ventanas           0.1444437 0.2446193 0.1697057 0.3399135 0.1571920 0.2373576 0.2383299 0.4087150 0.0930588 0.1410421 0.2632899 0.1549805 0.1396597 0.1313846 0.2935696 0.2559780 0.1412826 0.1550591 0.2473742 0.2558318 0.1589141 0.2024758 0.2531345 0.1441346 0.1373308 0.1388956 0.1533784 0.1687138 0.0000000 0.0041285 0.2999727 0.2803455 0.2542651 0.1568483 0.2576105 0.2845617 0.2505638 0.2722070 0.1529231 0.1348457 0.2619482 0.2895489 0.2565167 0.2816743 0.2602287 0.2672648 0.2533141 0.2508886 0.2849751 0.1391727 0.1403739 0.2595869 0.2519026 0.1454671 0.1605822 0.5837415 0.1495863 0.2557072 0.1572833 0.1667152 0.2302745 0.1443778 0.2184169 0.1435505 0.1620615 0.2480003 0.2588170 0.1511808 0.1635789 0.2499396 0.2578705 0.0896011 0.2565125 0.3481480 0.1395250 0.2072330 0.2676179 0.1726223 0.2719484 0.1353280 0.1701871 0.2532963 0.2668962 0.1222960 0.1043191 
Perityle_crassifolia_74_playa_balandra     0.1284661 0.2346983 0.1552043 0.3139741 0.1601550 0.2373576 0.2122455 0.3766388 0.0995075 0.1516247 0.2417845 0.1519173 0.1368406 0.1409638 0.2501321 0.2245110 0.1508618 0.1661347 0.2124697 0.2356616 0.1544045 0.2024758 0.2264820 0.1424339 0.1475661 0.1357117 0.1569090 0.1639435 0.0041285 0.0000000 0.2431520 0.2550605 0.2231578 0.1648636 0.2379932 0.2586116 0.2132209 0.2434399 0.1558939 0.1409826 0.2285218 0.2703030 0.2269715 0.2531395 0.2278421 0.2435459 0.2231104 0.2201169 0.2491175 0.1415950 0.1452230 0.2342276 0.2300947 0.1468624 0.1482362 0.5488820 0.1473886 0.2260715 0.1520244 0.1775122 0.2234031 0.1472846 0.2125368 0.1470741 0.1661600 0.2254567 0.2333631 0.1372161 0.1556939 0.2247115 0.2329677 0.1022273 0.2272440 0.3732644 0.1390474 0.2072330 0.2441307 0.1757852 0.2384140 0.1365612 0.1689007 0.2229632 0.2438821 0.1277298 0.1064117 
Perityle_cuneata_34_cuneata_San_antonio    0.3278986 0.1500780 0.3667966 0.3737685 0.3605999 0.1753296 0.3408820 0.3828626 0.4037402 0.3789934 0.3432805 0.3449791 0.3636564 0.2411296 0.2385205 0.2050697 0.2065510 0.2943346 0.3203903 0.3320086 0.3413895 0.1760924 0.3549542 0.2807506 0.3689653 0.3921204 0.3920231 0.4147624 0.2999727 0.2431520 0.0000000 0.3643974 0.2923846 0.3805497 0.3159527 0.3310939 0.3070382 0.2804751 0.4139982 0.3936196 0.3392364 0.3230427 0.3252739 0.3274755 0.3275184 0.3201689 0.3334772 0.2764966 0.3265110 0.3752606 0.3845876 0.3305530 0.3469516 0.2938016 0.3701397 0.5966294 0.2570386 0.3352145 0.3882482 0.3461991 0.1810343 0.4008142 0.1965384 0.4014162 0.3880660 0.3836021 0.3254133 0.3717273 0.2356635 0.3407248 0.3548143 0.2788615 0.3307723 0.5937171 0.3445761 0.1311296 0.3150051 0.3976093 0.3113550 0.3607269 0.3391828 0.3050329 0.3093186 0.2227873 0.2080402 
Perityle_cuneata_4                         0.3195478 0.1529707 0.4370431 0.2831087 0.3518540 0.1650720 0.1931833 0.3617311 0.3738039 0.3499079 0.1431720 0.3647782 0.3584071 0.2258269 0.1989612 0.1184337 0.2046597 0.3018616 0.1296007 0.1257807 0.3351336 0.2204586 0.2648019 0.2976361 0.3948944 0.3977973 0.3909110 0.4164256 0.2803455 0.2550605 0.3643974 0.0000000 0.1499274 0.3776463 0.1478792 0.1732424 0.1284009 0.1597897 0.3902913 0.3977808 0.2234111 0.1678967 0.1447488 0.2068273 0.1517800 0.1229149 0.1354317 0.1435553 0.1569598 0.3824177 0.3687241 0.1342740 0.1688813 0.3145719 0.3640937 0.5592267 0.2546443 0.1370816 0.3821875 0.3418242 0.1578741 0.4019271 0.1939736 0.4009174 0.3881562 0.2181244 0.1374892 0.3921998 0.2541020 0.1226583 0.2733015 0.2725217 0.1475833 0.5625530 0.3367859 0.1440237 0.1353382 0.3856048 0.1731769 0.3523349 0.3608354 0.1381611 0.1694323 0.2195869 0.1987205 
Perityle_discoidea_81                      0.2548416 0.1317894 0.3022264 0.2123938 0.2578987 0.1495474 0.1583845 0.3651798 0.2832548 0.3125357 0.1537477 0.3274413 0.2701492 0.2038292 0.1975080 0.1061820 0.1710710 0.2542648 0.1110712 0.1195870 0.2621104 0.1594634 0.2200346 0.2530561 0.3028320 0.3324997 0.3331271 0.3508460 0.2542651 0.2231578 0.2923846 0.1499274 0.0000000 0.3083774 0.1315879 0.1501497 0.1075137 0.1228919 0.2847833 0.3399112 0.1577184 0.1326322 0.1204734 0.1489306 0.1276073 0.1174575 0.1213155 0.1158349 0.1191936 0.3222122 0.2914715 0.1145395 0.1530631 0.2712316 0.2669475 0.5417688 0.2108903 0.1167121 0.3221680 0.2713056 0.1479138 0.3221563 0.1656801 0.3408122 0.3025612 0.2140266 0.1161706 0.3250773 0.2146836 0.1221263 0.2313822 0.2309523 0.1270818 0.4451338 0.2485923 0.0925344 0.1137885 0.3457102 0.1295191 0.2594886 0.3021253 0.1137612 0.1377890 0.1887062 0.1697501 
Perityle_dissecta_201                      0.1006556 0.2471759 0.1495293 0.3969974 0.0731915 0.2345649 0.3143182 0.4238381 0.1374186 0.0967085 0.3507356 0.0560242 0.0946825 0.0797644 0.3176568 0.2605284 0.1101255 0.0869391 0.3519690 0.3388601 0.0759270 0.2121541 0.4209937 0.0919017 0.0396276 0.1084720 0.1197094 0.1521168 0.1568483 0.1648636 0.3805497 0.3776463 0.3083774 0.0000000 0.3282899 0.3637962 0.3355694 0.3267502 0.1691868 0.1013434 0.3782818 0.3694503 0.3524566 0.3456569 0.3836563 0.3280537 0.3539085 0.3243333 0.3689563 0.0361499 0.0638079 0.3315176 0.3484932 0.0565493 0.1332923 0.5806002 0.1083027 0.3495377 0.0830104 0.1102286 0.2232057 0.1495731 0.2463543 0.0883468 0.1100153 0.3744324 0.3221124 0.1666613 0.0733682 0.3435931 0.4185337 0.1069038 0.3490511 0.3424354 0.0409971 0.2052032 0.3157257 0.1183865 0.3512211 0.0450898 0.1206436 0.3263829 0.3249620 0.0946985 0.0978123 
Perityle_emoryi_47_punta_san_jose          0.2987804 0.1307596 0.3141975 0.2350218 0.2948789 0.1646931 0.1601644 0.2811794 0.3269755 0.3101802 0.1055821 0.2928333 0.3127551 0.2188695 0.1693487 0.0816602 0.1938775 0.2745184 0.0946671 0.1040095 0.3147137 0.1620594 0.1829796 0.2619556 0.3172482 0.3397293 0.3356002 0.3446832 0.2576105 0.2379932 0.3159527 0.1478792 0.1315879 0.3282899 0.0000000 0.1224096 0.0958908 0.1114799 0.3296215 0.3375364 0.1690767 0.1164658 0.1037946 0.1138207 0.1069310 0.1025198 0.1052500 0.1061703 0.1078679 0.3230716 0.2927450 0.0929505 0.1125087 0.2786715 0.3147432 0.5382922 0.2441569 0.1062056 0.3363442 0.3129604 0.1272987 0.3303657 0.1677188 0.3314383 0.3238760 0.1400320 0.1109881 0.3358873 0.1682940 0.0992723 0.1924853 0.2487014 0.1021653 0.4649574 0.2899284 0.0917488 0.1026714 0.3285572 0.1037684 0.2987806 0.2977281 0.1049886 0.0496329 0.2116812 0.2029210 
Perityle_feddemae_99                       0.3179884 0.1753469 0.3615584 0.2845095 0.3267569 0.1808649 0.1674710 0.3349539 0.3614536 0.3788576 0.1690397 0.3504423 0.3472183 0.2450198 0.1947537 0.1110287 0.2132312 0.2930064 0.1043410 0.1124579 0.3318165 0.1714466 0.2652482 0.2913813 0.3658040 0.3850405 0.4004619 0.4055657 0.2845617 0.2586116 0.3310939 0.1732424 0.1501497 0.3637962 0.1224096 0.0000000 0.0998552 0.1333269 0.3715996 0.4230255 0.2073766 0.0451128 0.1285165 0.0832395 0.1027157 0.1252800 0.1271562 0.1275097 0.0473958 0.3830075 0.3557901 0.1077810 0.1825887 0.3039095 0.3539944 0.5955904 0.2609693 0.1330758 0.4054402 0.3217083 0.1773290 0.3795790 0.1882091 0.4200657 0.3680449 0.2363945 0.1371902 0.4197055 0.2063724 0.1150227 0.2780381 0.2745159 0.1222604 0.5108220 0.3139543 0.1219226 0.1264782 0.3793174 0.1437632 0.3402282 0.3157889 0.1226698 0.1240149 0.2241298 0.2109981 
Perityle_fosteri_93                        0.2996277 0.1233974 0.3273928 0.2312129 0.3129429 0.1465298 0.1579966 0.3229205 0.3391447 0.3123027 0.0776769 0.3075244 0.3224260 0.1976900 0.1446884 0.0274055 0.1761249 0.2673273 0.0107490 0.0757972 0.3169316 0.1134781 0.1461423 0.2590721 0.3341560 0.3373711 0.3261637 0.3443306 0.2505638 0.2132209 0.3070382 0.1284009 0.1075137 0.3355694 0.0958908 0.0998552 0.0000000 0.0884306 0.3476614 0.3393349 0.1441489 0.0869959 0.0794105 0.1198620 0.0849949 0.0696036 0.0756163 0.0753879 0.0866816 0.3291215 0.3325227 0.0692619 0.1122981 0.2776320 0.3425309 0.5305634 0.2190666 0.0803563 0.3392756 0.3154109 0.1315013 0.3330376 0.1502590 0.3413619 0.3298379 0.1129429 0.0911989 0.3315169 0.1832304 0.0666788 0.1628167 0.2465424 0.0732858 0.4731256 0.3037412 0.0440626 0.0885139 0.3373497 0.0979769 0.3191108 0.3012407 0.0765847 0.1065674 0.1848256 0.1771253 
Perityle_gamon_221                         0.3084138 0.1484643 0.3124437 0.2649207 0.3185971 0.1472622 0.1802578 0.3564463 0.3040772 0.3067106 0.1238071 0.2918833 0.3344780 0.2243664 0.1739064 0.0879256 0.1943632 0.2779691 0.1014199 0.0957898 0.3361558 0.1506303 0.1566260 0.2647811 0.3123649 0.3262218 0.3142544 0.3240119 0.2722070 0.2434399 0.2804751 0.1597897 0.1228919 0.3267502 0.1114799 0.1333269 0.0884306 0.0000000 0.3351145 0.3404290 0.1586682 0.1070348 0.1157679 0.1087898 0.0400201 0.1076429 0.1174298 0.1165922 0.0985335 0.3198718 0.2921496 0.0984295 0.1252905 0.2749161 0.3373750 0.5460182 0.2500801 0.1174374 0.3401643 0.3215036 0.1076210 0.3211108 0.1462108 0.3157240 0.3203572 0.1227569 0.1009965 0.3109990 0.1898679 0.1089258 0.1719083 0.2617979 0.1131359 0.4920631 0.3045333 0.0972469 0.0996489 0.3231895 0.1212918 0.3061468 0.3076716 0.1158271 0.1404007 0.2093016 0.1981716 
Perityle_gentryi_8_san_francisco           0.1729887 0.2378196 0.2037912 0.4008747 0.1597296 0.2143195 0.3346625 0.4674921 0.2272032 0.1719700 0.3520624 0.1403739 0.1670275 0.0804995 0.3066315 0.2570717 0.1205059 0.1295827 0.3607929 0.3411462 0.1374874 0.1882781 0.3610365 0.1035640 0.1568772 0.1324964 0.1399276 0.2159491 0.1529231 0.1558939 0.4139982 0.3902913 0.2847833 0.1691868 0.3296215 0.3715996 0.3476614 0.3351145 0.0000000 0.1867182 0.3724540 0.3727323 0.3595891 0.3721486 0.3516734 0.3199411 0.3613210 0.3164923 0.3788755 0.1644469 0.1700831 0.3417663 0.3613266 0.0996472 0.2043068 0.5489368 0.1067921 0.3600607 0.1614823 0.1682834 0.2189213 0.1818031 0.2321828 0.1725156 0.2046676 0.3523167 0.3295422 0.2183378 0.1410397 0.3522410 0.3585857 0.1198462 0.3703555 0.3627187 0.1423655 0.2013213 0.3355915 0.2281721 0.3622163 0.1468054 0.1512685 0.3494625 0.3267582 0.0882300 0.0883466 
Perityle_gilensis_22_Superstition          0.1136001 0.2525947 0.1574982 0.4090798 0.0905364 0.2406044 0.3181233 0.4021374 0.1528497 0.1372950 0.4257531 0.0990078 0.0298457 0.0470178 0.3133976 0.2544335 0.1246394 0.1134281 0.3622556 0.3481985 0.0614853 0.2064198 0.4235851 0.0384511 0.1104677 0.1325091 0.1579223 0.1752482 0.1348457 0.1409826 0.3936196 0.3977808 0.3399112 0.1013434 0.3375364 0.4230255 0.3393349 0.3404290 0.1867182 0.0000000 0.3753702 0.3744153 0.3804254 0.3655517 0.3919005 0.3675780 0.3796501 0.3119551 0.3706915 0.0958645 0.1012640 0.3459664 0.3696817 0.0908163 0.1355465 0.5835806 0.1051429 0.4052942 0.0692908 0.1242167 0.2306565 0.1631181 0.2431422 0.1651451 0.1273589 0.4225703 0.3735374 0.2513664 0.1401727 0.3518312 0.4243455 0.1189104 0.3652162 0.3507899 0.0915061 0.2029659 0.3225918 0.1726602 0.3447558 0.0876585 0.1244455 0.3374392 0.3526023 0.0846323 0.0863285 
Perityle_gilensis_salensis_225             0.3145605 0.1217407 0.3915249 0.2848368 0.3414151 0.1420282 0.2224269 0.3271608 0.3766473 0.3437325 0.1624258 0.3294245 0.3548532 0.2190749 0.1425575 0.0483446 0.1846749 0.2884554 0.1501440 0.1782294 0.3307811 0.1220196 0.0258796 0.2739258 0.3719021 0.3702117 0.3814559 0.3828073 0.2619482 0.2285218 0.3392364 0.2234111 0.1577184 0.3782818 0.1690767 0.2073766 0.1441489 0.1586682 0.3724540 0.3753702 0.0000000 0.1942443 0.1403403 0.1867173 0.1872835 0.1411196 0.1393347 0.0784520 0.2005075 0.3645774 0.3595949 0.1690605 0.1633225 0.2808618 0.3574369 0.5404252 0.2383085 0.1403714 0.3741197 0.3291194 0.1300164 0.3760284 0.1586997 0.3698284 0.3719345 0.1815783 0.1792377 0.3549844 0.1828294 0.1627832 0.0316666 0.2500876 0.1279570 0.5221690 0.3248345 0.0346107 0.1749093 0.3721006 0.1001417 0.3403743 0.3195155 0.1124069 0.1829990 0.2013932 0.1869957 
Perityle_glaucescens_94                    0.3273949 0.1546163 0.3507857 0.2626322 0.3291275 0.1593701 0.1663524 0.3336801 0.3631829 0.3618321 0.1256526 0.3347825 0.3466023 0.2393780 0.1833907 0.0861654 0.2042961 0.2918258 0.0968022 0.1024334 0.3313904 0.1716434 0.2221617 0.2875943 0.3557507 0.3813769 0.3749702 0.4042958 0.2895489 0.2703030 0.3230427 0.1678967 0.1326322 0.3694503 0.1164658 0.0451128 0.0869959 0.1070348 0.3727323 0.3744153 0.1942443 0.0000000 0.1127841 0.0644762 0.1126541 0.1111335 0.1106247 0.1232555 0.0227871 0.3520915 0.3522719 0.0965937 0.1523367 0.2957603 0.3476223 0.5792769 0.2622740 0.1143724 0.3607809 0.3206949 0.1390591 0.3729948 0.1831896 0.3753936 0.3697761 0.1901902 0.1103204 0.3866770 0.2061122 0.1043218 0.2276328 0.2954229 0.1101916 0.5202177 0.3095964 0.1004751 0.1089686 0.3574523 0.1366590 0.3380293 0.3143118 0.1098209 0.1284781 0.2253073 0.2119709 
Perityle_gracilis_11                       0.3202386 0.1307087 0.3650755 0.2644009 0.3218294 0.1594342 0.1695934 0.3503487 0.3372972 0.3414343 0.0899430 0.3432744 0.3296434 0.2114029 0.1406331 0.0511457 0.1827547 0.2767221 0.0788595 0.0812995 0.3275120 0.1410637 0.1830396 0.2720903 0.3597027 0.3699513 0.3697790 0.4116670 0.2565167 0.2269715 0.3252739 0.1447488 0.1204734 0.3524566 0.1037946 0.1285165 0.0794105 0.1157679 0.3595891 0.3804254 0.1403403 0.1127841 0.0000000 0.1493486 0.1149488 0.0856002 0.0133920 0.0056247 0.1159037 0.3585597 0.3397112 0.0640397 0.1343793 0.2750630 0.3433892 0.5508983 0.2390890 0.0123949 0.3738662 0.3208880 0.1499390 0.3742748 0.1639757 0.3874549 0.3680439 0.1828966 0.0877001 0.3984248 0.1839758 0.0875449 0.1908373 0.2547551 0.0300715 0.5247620 0.3114200 0.0026014 0.0921158 0.3758511 0.0612888 0.3246988 0.3164375 0.0042207 0.1239212 0.1983626 0.1836293 
Perityle_harkerae_31                       0.3065718 0.1509996 0.3367384 0.2643442 0.3251547 0.1590759 0.1614056 0.3617322 0.3543045 0.3345657 0.1577197 0.3037034 0.3488485 0.2339893 0.1873124 0.0809066 0.2005389 0.2863634 0.1299603 0.1404192 0.3341186 0.1462407 0.1874414 0.2826550 0.3381692 0.3442951 0.3377147 0.3503234 0.2816743 0.2531395 0.3274755 0.2068273 0.1489306 0.3456569 0.1138207 0.0832395 0.1198620 0.1087898 0.3721486 0.3655517 0.1867173 0.0644762 0.1493486 0.0000000 0.1298488 0.1516213 0.1492352 0.1108143 0.0612175 0.3434054 0.3372694 0.1327271 0.1558094 0.2929712 0.3454704 0.5736772 0.2499645 0.1488560 0.3572609 0.3177404 0.1453088 0.3470724 0.1705187 0.3454968 0.3386534 0.1595604 0.1521172 0.3324028 0.2046267 0.1417462 0.2035181 0.2660040 0.1441147 0.5178078 0.3118409 0.0821502 0.1569425 0.3367703 0.1301062 0.3285293 0.3086595 0.1364755 0.1229279 0.2198659 0.2065099 
