84
Amauria_brandeegeana_62                    0.0000000 0.2447631 0.2729132 0.8876059 0.2589605 0.7762538 0.4154329 0.3929498 0.2614478 0.2852107 0.2400238 0.2781821 0.2476637 0.8378908 0.2697973 0.8322921 0.3234994 0.2888597 0.8306209 0.2841254 0.2884032 0.9823524 0.2586928 0.8596286 0.2459420 0.2497151 0.2653731 0.2728713 0.2896289 0.3890388 0.1715107 0.8711623 0.8559698 0.2651139 0.8493289 0.2673686 0.2597287 0.3413288 0.2760074 0.8584550 0.2586594 0.2654423 0.2681186 0.2972747 0.2903059 0.7690864 0.2775444 0.2658380 0.2677031 0.2581678 0.8528118 0.8208545 0.2396275 0.2460144 0.2968422 0.3397371 0.2984715 0.3155865 0.2558683 0.8021780 0.3703486 0.8573086 0.2816892 0.2524941 0.2702354 0.2686567 0.1869780 0.7808872 0.2439727 0.2558603 0.2461882 0.2487332 0.8402099 0.8689085 0.3488501 0.8516497 0.2522496 0.3031135 0.2585813 0.2977267 0.2528049 0.2492342 0.9296472 0.2768490 
Amauria_carterae_99_mesa                   0.2447631 0.0000000 0.1134921 0.2973685 0.1170390 0.1953655 0.1835916 0.2189454 0.1205525 0.1313083 0.1014215 0.1181897 0.1141584 0.3687258 0.1207583 0.1562660 0.0989367 0.1190077 0.1565834 0.1176749 0.1258844 0.1670291 0.1127134 0.1288106 0.1173373 0.1248164 0.1150904 0.1146007 0.1236918 0.1881478 0.2236448 0.1049766 0.1527387 0.1205556 0.1546132 0.1129028 0.1246929 0.1253630 0.1208380 0.1474560 0.1177041 0.1223168 0.1273965 0.1235451 0.1198533 0.1604027 0.1243881 0.1324196 0.1232373 0.1212904 0.1515109 0.3657352 0.1170372 0.1244246 0.1215641 0.1067147 0.1398998 0.1342604 0.1259992 0.0771190 0.1235624 0.0837766 0.0834357 0.1250432 0.1204790 0.1138483 0.2647507 0.1915402 0.0973610 0.1092624 0.1269376 0.1212997 0.1232482 0.1676036 0.1176486 0.1221961 0.1110464 0.1225373 0.1241016 0.0832013 0.1226678 0.1227259 0.0934684 0.0809765 
Amauria_rotundifolia_SRR9119150            0.2729132 0.1134921 0.0000000 0.3311724 0.1646692 0.3773319 0.2417226 0.2237166 0.1960749 0.2387834 0.2110815 0.2173950 0.1854607 0.4388869 0.2150471 0.2110420 0.1598118 0.2038653 0.2282630 0.1579012 0.1862660 0.1337240 0.2404909 0.1467371 0.1857644 0.1709773 0.2140806 0.2194246 0.1982367 0.2300614 0.2129909 0.1440076 0.1609770 0.2182502 0.2077046 0.2148642 0.1861711 0.2361030 0.2259930 0.2079773 0.1893069 0.2126869 0.1779298 0.1947396 0.2212369 0.2710536 0.1928842 0.1875134 0.2149977 0.2201866 0.1912496 0.3268182 0.1759956 0.1769349 0.2596533 0.1723414 0.1974500 0.1882947 0.1823106 0.1136626 0.2051871 0.1017148 0.1092029 0.1808786 0.2048980 0.2255130 0.2987558 0.2154484 0.1590537 0.2265500 0.1971644 0.1855258 0.1352951 0.2153181 0.1327642 0.1308306 0.2041432 0.2207833 0.1730577 0.1853765 0.1856295 0.1749231 0.1318285 0.1191103 
Conoclinium_coelestinum_SRR9119114         0.8876059 0.2973685 0.3311724 0.0000000 0.2806730 0.2581667 0.3091356 0.2714135 0.2698339 0.2753511 0.2551871 0.2919325 0.2779702 0.4254090 0.2941423 0.2376625 0.3617934 0.4348472 0.2470918 0.2982537 0.2866184 0.5097918 0.2905956 0.2986777 0.2776647 0.2967071 0.2695776 0.2947386 0.3541830 0.3088244 0.7757997 0.2467861 0.2432200 0.2844297 0.2544033 0.2906201 0.2817635 0.2935874 0.2917619 0.2324660 0.2823366 0.2886535 0.2845085 0.3110359 0.2820973 0.2241930 0.2829880 0.2842944 0.2881479 0.2839422 0.2404439 0.2993139 0.2953983 0.2865299 0.2802259 0.2851798 0.3041118 0.2793279 0.2790222 0.1244252 0.3765827 0.1413089 0.2938478 0.2756065 0.2926082 0.2944186 0.9689965 0.2347765 0.2880424 0.2826305 0.2736701 0.2899532 0.2611722 0.2360672 0.3194840 0.2317498 0.2855225 0.2811810 0.2792305 0.3765011 0.2900211 0.3126261 0.2588586 0.2787206 
Eutetras_palmeri_63                        0.2589605 0.1170390 0.1646692 0.2806730 0.0000000 0.2991863 0.2054249 0.1845676 0.1396571 0.1852540 0.1452304 0.1224082 0.1197047 0.3991050 0.1369458 0.0977916 0.1643936 0.1834107 0.0960957 0.0940352 0.1157899 0.1072974 0.1447135 0.0790321 0.1279279 0.1187214 0.1194877 0.1436884 0.1311595 0.2112109 0.1895116 0.1018412 0.1022570 0.1564923 0.1070379 0.1403880 0.0990190 0.1395768 0.1257107 0.0937596 0.1144916 0.1529359 0.1091872 0.1463999 0.1700427 0.1275722 0.1370457 0.1166847 0.1116473 0.1465112 0.1096870 0.2581015 0.1167443 0.1551797 0.1668610 0.1432385 0.1548442 0.1146510 0.1040567 0.0462579 0.1823745 0.0514000 0.0832377 0.1046539 0.1420700 0.1555410 0.2940717 0.1423210 0.0886506 0.1349281 0.0991054 0.1294108 0.0865837 0.0984464 0.1187600 0.0888565 0.1391175 0.1266659 0.1102439 0.1698060 0.1305584 0.1092137 0.0747361 0.0881344 
Eutrochium_fistulosum_SRR9119106           0.7762538 0.1953655 0.3773319 0.2581667 0.2991863 0.0000000 0.2420899 0.1848050 0.3077644 0.3219917 0.2212998 0.3167375 0.3118295 0.4329921 0.3092701 0.3041212 0.3576366 0.4416178 0.3184319 0.3109879 0.3189275 0.4222506 0.3195135 0.3091523 0.3165241 0.3188583 0.2482069 0.3117072 0.3630901 0.2512870 0.7216395 0.3034195 0.3104559 0.3085400 0.3274025 0.2941460 0.3146298 0.3153792 0.3088940 0.2918494 0.3148245 0.2906643 0.3143639 0.3022599 0.3151498 0.2887750 0.3170081 0.3200322 0.2942928 0.3006774 0.3212433 0.3360246 0.3282261 0.3194605 0.3001273 0.2867187 0.1746710 0.3102926 0.3221617 0.1132574 0.4117766 0.1392114 0.1606762 0.3002679 0.3017608 0.3137795 1.1278649 0.3227830 0.3184123 0.2994659 0.2674825 0.3166821 0.3241509 0.3082255 0.2314531 0.3085838 0.2983301 0.3107227 0.3043254 0.2710366 0.3161181 0.3339287 0.1721820 0.1781894 
Galeana_pratensis_104_mex                  0.4154329 0.1835916 0.2417226 0.3091356 0.2054249 0.2420899 0.0000000 0.2029165 0.1862779 0.2217111 0.1930851 0.2129301 0.2117287 0.4737247 0.2168375 0.2342266 0.2236883 0.2150600 0.2368444 0.2151210 0.2148901 0.3633766 0.2156091 0.2361067 0.2155448 0.2108976 0.2220931 0.2203890 0.2009534 0.3154245 0.3888804 0.2390458 0.1949925 0.2173067 0.2246300 0.2179008 0.2210828 0.2191162 0.2209466 0.2318651 0.2164643 0.2142129 0.2105691 0.2164936 0.2116380 0.2069838 0.2127184 0.2169788 0.2142973 0.2188577 0.2467815 0.4118125 0.2139787 0.2213744 0.1998113 0.2156854 0.2151877 0.2166843 0.2186800 0.1531900 0.2333046 0.1992490 0.2016390 0.2105539 0.2167141 0.2194012 0.3274947 0.2748612 0.2028928 0.2106724 0.1912018 0.2108574 0.1855575 0.2467390 0.2145961 0.2214561 0.2166380 0.2062631 0.2083433 0.2406514 0.2087014 0.2153336 0.2668872 0.2210968 
Helianthus_annuus_SRR9119062               0.3929498 0.2189454 0.2237166 0.2714135 0.1845676 0.1848050 0.2029165 0.0000000 0.1832132 0.1891072 0.1951083 0.1990727 0.1945316 0.4366926 0.1843228 0.1965381 0.1825297 0.2358922 0.1898174 0.2015303 0.2082156 0.3049773 0.1987017 0.1906405 0.1892682 0.2002731 0.2073337 0.2001577 0.2010237 0.2460507 0.3306808 0.1994888 0.1580711 0.2016490 0.1861914 0.1961732 0.1899204 0.2232345 0.1872827 0.1722273 0.1955059 0.1969579 0.2002294 0.1954923 0.2053855 0.1791532 0.1974510 0.1989775 0.1982074 0.1890769 0.1855954 0.4001706 0.1924032 0.1950071 0.1991336 0.1708057 0.2157113 0.2053240 0.1947065 0.1524959 0.2081763 0.1628189 0.1962743 0.1839900 0.1961513 0.2054784 0.3654394 0.2280551 0.1909800 0.1883155 0.1985163 0.1900036 0.1665771 0.1801048 0.1850361 0.1898729 0.2047570 0.2026463 0.1868371 0.2583352 0.1930477 0.1975983 0.2186974 0.2081532 
Lycapsus_tenuifolius_17                    0.2614478 0.1205525 0.1960749 0.2698339 0.1396571 0.3077644 0.1862779 0.1832132 0.0000000 0.2771917 0.1658278 0.2292119 0.1285570 0.4239415 0.1811539 0.1228371 0.1868026 0.2177227 0.1238360 0.1531330 0.1664466 0.1003561 0.1919907 0.1027354 0.1753090 0.2170804 0.1817312 0.2401356 0.0811066 0.1258569 0.2907027 0.1090344 0.0069419 0.1711192 0.1313633 0.1793559 0.1592632 0.1732333 0.1834660 0.1168824 0.1652736 0.2174351 0.1498081 0.1809444 0.1661427 0.1527997 0.1511856 0.1715005 0.1709375 0.2094950 0.1342077 0.2682530 0.1665872 0.2047883 0.2359513 0.1421538 0.2139898 0.1777455 0.1686886 0.0681078 0.2094394 0.0604715 0.1235630 0.1633962 0.1891477 0.2245294 0.2927550 0.1839259 0.1576054 0.1719670 0.1175832 0.1783456 0.1068155 0.1320593 0.1255217 0.1111174 0.1517274 0.1723792 0.1627872 0.1664150 0.1697393 0.1778895 0.0704094 0.0971558 
Pericome_caudata_50_silver                 0.2852107 0.1313083 0.2387834 0.2753511 0.1852540 0.3219917 0.2217111 0.1891072 0.2771917 0.0000000 0.2755788 0.2509889 0.1933558 0.4347313 0.2699527 0.2072964 0.2167628 0.1971422 0.1925910 0.1868975 0.2274778 0.0820368 0.2873958 0.0895699 0.2308924 0.2367307 0.2847694 0.2542043 0.2584996 0.2392124 0.3071849 0.1387700 0.1902020 0.2701479 0.2340953 0.3054091 0.2062617 0.2570408 0.2692371 0.2068374 0.2028537 0.2995251 0.1990152 0.2147553 0.2821343 0.2714494 0.2360514 0.2490374 0.2565481 0.2111110 0.1832008 0.3460267 0.2636070 0.2155548 0.2885256 0.2031619 0.2408954 0.2365879 0.2318962 0.0617035 0.1723443 0.0572101 0.1462255 0.2313948 0.2386450 0.2787294 0.3011819 0.2211604 0.1688875 0.2846003 0.2178922 0.2563133 0.1298228 0.2133028 0.1232470 0.1261789 0.2546280 0.2277375 0.2085952 0.1852650 0.2563993 0.2579536 0.0780113 0.0989886 
Perityle_aglossa_84_dead_horse             0.2400238 0.1014215 0.2110815 0.2551871 0.1452304 0.2212998 0.1930851 0.1951083 0.1658278 0.2755788 0.0000000 0.1550474 0.0945754 0.3812637 0.1884152 0.1134367 0.1497521 0.1074744 0.0973549 0.1295686 0.1624323 0.0935630 0.1398761 0.0639553 0.1635489 0.2014220 0.1896559 0.2535240 0.1780825 0.2186347 0.2877371 0.1042196 0.1071293 0.0582029 0.1237973 0.1846517 0.1686321 0.1006322 0.1886566 0.0743783 0.0926301 0.1968917 0.1237621 0.1650995 0.1474218 0.0832869 0.1382771 0.1720742 0.1713470 0.1284055 0.0907092 0.2450645 0.1726923 0.1669543 0.2557304 0.1364336 0.1971785 0.1606990 0.1571029 0.0549020 0.1638566 0.0552727 0.1142903 0.1610643 0.1971342 0.1856913 0.2243490 0.1781723 0.1353233 0.1308033 0.1253840 0.1680701 0.0689485 0.0651976 0.1288014 0.0979722 0.1037928 0.1491272 0.1633619 0.1506701 0.1730802 0.2077815 0.0948404 0.0924297 
Perityle_ajoensis_204                      0.2781821 0.1181897 0.2173950 0.2919325 0.1224082 0.3167375 0.2129301 0.1990727 0.2292119 0.2509889 0.1550474 0.0000000 0.0562197 0.3431769 0.2376603 0.1285616 0.1870665 0.1411514 0.0865017 0.0984716 0.1504551 0.0494246 0.1544100 0.0384324 0.1551892 0.2023432 0.2726332 0.2855522 0.1676350 0.2302255 0.2865641 0.1055666 0.1122059 0.1706682 0.1448614 0.2683240 0.1636011 0.1178113 0.2528609 0.1626322 0.0894087 0.2427892 0.1377450 0.1626744 0.1685242 0.1450379 0.1906247 0.2223678 0.2431288 0.1180807 0.0422561 0.2679282 0.2444255 0.1740397 0.2704060 0.1332765 0.1812451 0.1723402 0.1840454 0.0572986 0.1510740 0.0551641 0.0923363 0.2355189 0.2148394 0.1609379 0.2835310 0.1970526 0.1396059 0.1896864 0.1777373 0.2022065 0.0480339 0.0936984 0.0944723 0.1111540 0.1513855 0.1782961 0.1981593 0.1595972 0.2195064 0.2355872 0.0872944 0.0793611 
Perityle_ambrosiifolia_67_green            0.2476637 0.1141584 0.1854607 0.2779702 0.1197047 0.3118295 0.2117287 0.1945316 0.1285570 0.1933558 0.0945754 0.0562197 0.0000000 0.3514778 0.1382859 0.0745443 0.1731795 0.1261908 0.0747002 0.0791468 0.0886664 0.0630751 0.0490919 0.0362409 0.0940351 0.1345947 0.1138669 0.1545609 0.1546712 0.2326490 0.2033895 0.1119091 0.1215567 0.0975451 0.1084386 0.1272327 0.0758650 0.0878301 0.1164824 0.0451533 0.0346814 0.1516683 0.0895474 0.1337792 0.1174977 0.0609868 0.1089007 0.0964993 0.1049395 0.0822248 0.0417369 0.2237842 0.1183479 0.1268026 0.1909254 0.1320436 0.1307387 0.1045401 0.0860242 0.0548806 0.1411511 0.0532354 0.0820510 0.1036972 0.1459695 0.0880707 0.2813148 0.1789102 0.0579901 0.0584371 0.1067951 0.1071636 0.0584313 0.0367297 0.0950248 0.1136683 0.0902080 0.0915561 0.1006525 0.1614471 0.1055678 0.1105815 0.0806650 0.0745555 
Perityle_angustifolia_13_Eagle_creek       0.8378908 0.3687258 0.4388869 0.4254090 0.3991050 0.4329921 0.4737247 0.4366926 0.4239415 0.4347313 0.3812637 0.3431769 0.3514778 0.0000000 0.3901534 0.1750497 0.3790105 0.4055763 0.1771252 0.3226624 0.3295850 0.0219953 0.3531772 0.0713872 0.3503157 0.3807991 0.3704074 0.3732183 0.4148449 0.4319368 0.7829272 0.2248285 0.2759952 0.3934362 0.2420575 0.3894930 0.3209158 0.4035813 0.3816390 0.1971297 0.3525549 0.3875926 0.3389018 0.3853697 0.4121180 0.2754504 0.3412294 0.3346425 0.3955242 0.3553628 0.2104584 0.1707258 0.3705265 0.2209657 0.4378071 0.3627598 0.3573861 0.3441897 0.3362678 0.0601977 0.4162633 0.0867016 0.2487182 0.3517596 0.3659543 0.3688022 0.7762338 0.3195372 0.2897999 0.3369854 0.3791991 0.3319741 0.1468926 0.2191764 0.2303133 0.2359816 0.3814812 0.3423262 0.3599243 0.3718395 0.3387329 0.3763247 0.0999898 0.2972274 
Perityle_batopilensis_97                   0.2697973 0.1207583 0.2150471 0.2941423 0.1369458 0.3092701 0.2168375 0.1843228 0.1811539 0.2699527 0.1884152 0.2376603 0.1382859 0.3901534 0.0000000 0.1189731 0.1524102 0.1767645 0.1066426 0.1488398 0.1802024 0.0964006 0.2036150 0.0930350 0.2220716 0.2012247 0.0815267 0.1264183 0.1731402 0.2129950 0.2960327 0.1039568 0.1116029 0.2085089 0.1345228 0.0873546 0.2084609 0.2078087 0.0391336 0.1210720 0.1399306 0.1016364 0.1512284 0.0907332 0.2448566 0.1633602 0.1636415 0.2049124 0.0721814 0.1976276 0.1149410 0.2582186 0.1981569 0.1966826 0.2505662 0.0754614 0.2201113 0.1892322 0.1799786 0.0636625 0.1820878 0.0604813 0.1124458 0.1933136 0.1113045 0.2110201 0.2836114 0.1736022 0.1732688 0.2024890 0.1584964 0.2106169 0.1050327 0.1259930 0.1288292 0.0907311 0.2087507 0.1410633 0.1941317 0.1408962 0.2023175 0.2295259 0.0808776 0.0936012 
Perityle_bisetosa_9                        0.8322921 0.1562660 0.2110420 0.2376625 0.0977916 0.3041212 0.2342266 0.1965381 0.1228371 0.2072964 0.1134367 0.1285616 0.0745443 0.1750497 0.1189731 0.0000000 0.1782894 0.1718503 0.0218355 0.0271718 0.0515859 0.0219154 0.0798738 0.0145218 0.0920519 0.1361757 0.0872673 0.2035128 0.1667036 0.2425700 0.8213032 0.0946811 0.1040808 0.0968394 0.0852287 0.0906748 0.0215433 0.1092694 0.0946717 0.0798396 0.0775128 0.1503657 0.0660076 0.1325242 0.0986635 0.0954363 0.0637086 0.0613981 0.0898134 0.1319664 0.0699857 0.0679599 0.0906719 0.1191151 0.2137549 0.1098886 0.1175674 0.0579836 0.0620998 0.0570663 0.1416719 0.0572160 0.0461942 0.0844558 0.1378514 0.1261605 0.6805764 0.1640217 0.0413409 0.0758555 0.1066021 0.0643289 0.0370363 0.0780810 0.0183396 0.1096683 0.1074721 0.0681763 0.0675470 0.1732272 0.0656353 0.0932033 0.0899737 0.0539122 
Perityle_californica_76_positas            0.3234994 0.0989367 0.1598118 0.3617934 0.1643936 0.3576366 0.2236883 0.1825297 0.1868026 0.2167628 0.1497521 0.1870665 0.1731795 0.3790105 0.1524102 0.1782894 0.0000000 0.1986313 0.1962024 0.1607888 0.1666911 0.0872325 0.1917526 0.1286905 0.1604504 0.1666316 0.1421619 0.1613929 0.1435388 0.2205975 0.1900221 0.1921755 0.1660477 0.1846852 0.1882767 0.1576306 0.1813100 0.1900822 0.1552438 0.1722669 0.1856117 0.1610368 0.1664680 0.1602004 0.2034720 0.2193860 0.1806944 0.1691867 0.1579635 0.1779557 0.1885137 0.3439976 0.1524469 0.1727333 0.1908483 0.1228009 0.1308727 0.1691565 0.1625146 0.0549311 0.2176248 0.0629955 0.0786887 0.1519093 0.1614431 0.1946580 0.3489718 0.2169387 0.1566697 0.1735613 0.1420726 0.1668900 0.1977157 0.1876709 0.0928202 0.1942964 0.1701157 0.1864917 0.1527489 0.1195435 0.1680418 0.1211048 0.0628997 0.0858976 
Perityle_canescens_77                      0.2888597 0.1190077 0.2038653 0.4348472 0.1834107 0.4416178 0.2150600 0.2358922 0.2177227 0.1971422 0.1074744 0.1411514 0.1261908 0.4055763 0.1767645 0.1718503 0.1986313 0.0000000 0.1817995 0.1784423 0.1893370 0.1246584 0.1563831 0.1461834 0.1826061 0.1774566 0.1718976 0.1666031 0.1886839 0.2780486 0.2713053 0.2280150 0.1800402 0.1461728 0.1773195 0.1794731 0.1844085 0.1661081 0.1785514 0.1613353 0.1310590 0.1779910 0.1923553 0.1877614 0.1832691 0.1950904 0.1794444 0.1908166 0.1775741 0.1413083 0.1619969 0.3882061 0.1870869 0.1978716 0.2108552 0.1424217 0.1618629 0.1960453 0.1888979 0.0576645 0.2008546 0.0678477 0.1188273 0.1766461 0.1685957 0.1529475 0.3401631 0.2564069 0.1684927 0.1481992 0.2047034 0.1894521 0.1881541 0.1771222 0.1487509 0.2153544 0.1509269 0.1826289 0.1665181 0.1377583 0.1924776 0.1771885 0.0754850 0.1306732 
Perityle_castillonii_96                    0.8306209 0.1565834 0.2282630 0.2470918 0.0960957 0.3184319 0.2368444 0.1898174 0.1238360 0.1925910 0.0973549 0.0865017 0.0747002 0.1771252 0.1066426 0.0218355 0.1962024 0.1817995 0.0000000 0.0292393 0.0505516 0.0176755 0.0866637 0.0119440 0.0984359 0.1495848 0.1004929 0.1656192 0.1603513 0.2460172 0.7844786 0.0979348 0.1105854 0.1112909 0.0865646 0.1037322 0.0248800 0.1118961 0.0942495 0.0760877 0.0815424 0.1510111 0.0518014 0.1290984 0.1120363 0.0885558 0.0529925 0.0518047 0.1048974 0.1345681 0.0766187 0.0608928 0.0945114 0.1406728 0.2108702 0.1232917 0.1197949 0.0517607 0.0480523 0.0624790 0.1378595 0.0678029 0.0535685 0.0681600 0.1554578 0.1131602 0.6471653 0.1732270 0.0268508 0.0760661 0.0970064 0.0492910 0.0428318 0.0759332 0.0160360 0.1137281 0.1144796 0.0554137 0.0663661 0.1597627 0.0530332 0.0890663 0.0939623 0.0569252 
Perityle_cernua_84                         0.2841254 0.1176749 0.1579012 0.2982537 0.0940352 0.3109879 0.2151210 0.2015303 0.1531330 0.1868975 0.1295686 0.0984716 0.0791468 0.3226624 0.1488398 0.0271718 0.1607888 0.1784423 0.0292393 0.0000000 0.0683103 0.0312765 0.1301949 0.0160177 0.0811678 0.1012791 0.1444063 0.1661114 0.1266628 0.2148998 0.2090820 0.0918820 0.1042565 0.1428605 0.0722508 0.1382870 0.0492032 0.1553253 0.1449161 0.0651419 0.0928405 0.1641753 0.0645374 0.1653562 0.1588653 0.0811770 0.0751474 0.0682776 0.1484402 0.1461491 0.0622366 0.1991606 0.0767589 0.1321202 0.1969623 0.1210097 0.1305872 0.0743585 0.0655297 0.0604988 0.1663721 0.0619377 0.0486796 0.0820818 0.1659593 0.1368453 0.2856825 0.1665430 0.0763609 0.1192095 0.1093230 0.0691559 0.0410681 0.0622971 0.0574712 0.1076538 0.1277319 0.1036944 0.0811950 0.1616523 0.0699068 0.0853888 0.0847512 0.0647227 
Perityle_cfvillosa_25_tin                  0.2884032 0.1258844 0.1862660 0.2866184 0.1157899 0.3189275 0.2148901 0.2082156 0.1664466 0.2274778 0.1624323 0.1504551 0.0886664 0.3295850 0.1802024 0.0515859 0.1666911 0.1893370 0.0505516 0.0683103 0.0000000 0.0175802 0.1528420 0.0139270 0.0792132 0.1275513 0.1650289 0.2120837 0.1717720 0.2387437 0.2198381 0.0915672 0.1251805 0.1607668 0.1007717 0.1726396 0.0852403 0.1766621 0.1843819 0.0694599 0.1060650 0.1989047 0.0232843 0.1746356 0.1706984 0.1009560 0.0429708 0.0301165 0.1712500 0.1665849 0.0827318 0.1628413 0.1049082 0.0883984 0.2189878 0.1369212 0.1420794 0.0327608 0.0302626 0.0618874 0.1845631 0.0542187 0.0810822 0.0575635 0.1925003 0.1792458 0.2867308 0.1788118 0.0633975 0.1362090 0.1303044 0.0249675 0.0552371 0.0705974 0.0324308 0.1112646 0.1669335 0.0615486 0.0498496 0.1644302 0.0248489 0.1210251 0.0878338 0.0671569 
Perityle_cinerea_113_Powell1310            0.9823524 0.1670291 0.1337240 0.5097918 0.1072974 0.4222506 0.3633766 0.3049773 0.1003561 0.0820368 0.0935630 0.0494246 0.0630751 0.0219953 0.0964006 0.0219154 0.0872325 0.1246584 0.0176755 0.0312765 0.0175802 0.0000000 0.0727040 0.0130967 0.0872306 0.1116600 0.0903483 0.0777832 0.1175209 0.7650929 0.5806243 0.1146061 0.0886799 0.1047673 0.0968577 0.0810774 0.0131517 0.1075973 0.0915393 0.0218920 0.0726507 0.1015370 0.0265162 0.0872754 0.1127243 0.0961234 0.0175802 0.0175802 0.0911989 0.0682585 0.0584027 0.0264961 0.1224087 0.0175273 0.1181785 0.0794418 0.1405077 0.0175975 0.0265162 0.0420304 0.1070550 0.1002284 0.0727162 0.0265394 0.0779497 0.0869306 0.6441535 0.1229458 0.0130967 0.0218920 0.0807402 0.0265664 0.0536108 0.0681727 0.0328285 0.1230965 0.0866224 0.0220358 0.0220054 0.1175665 0.0310777 0.0968577 0.1112169 0.0824326 
Perityle_coahuilensis_24                   0.2586928 0.1127134 0.2404909 0.2905956 0.1447135 0.3195135 0.2156091 0.1987017 0.1919907 0.2873958 0.1398761 0.1544100 0.0490919 0.3531772 0.2036150 0.0798738 0.1917526 0.1563831 0.0866637 0.1301949 0.1528420 0.0727040 0.0000000 0.0592546 0.1491735 0.2034577 0.1765228 0.2676286 0.1954631 0.2436605 0.2954383 0.1151056 0.1286172 0.1270180 0.1169600 0.1914638 0.1591182 0.1531431 0.2065876 0.0421613 0.0526187 0.2276872 0.1255639 0.1878066 0.1842359 0.0532595 0.1635175 0.1545071 0.1910186 0.1378811 0.0523734 0.2222810 0.1659997 0.1741417 0.2570387 0.1333816 0.2029062 0.1698860 0.1463083 0.0701221 0.1744933 0.0587458 0.0856656 0.1662562 0.2168084 0.1576197 0.2885267 0.1861008 0.1336711 0.1178360 0.1583291 0.1691015 0.0691829 0.0361773 0.1111064 0.1212371 0.1564098 0.1303636 0.1628680 0.1691897 0.1586675 0.1921501 0.0867525 0.0853339 
Perityle_cochisensis_44_cave_creek         0.8596286 0.1288106 0.1467371 0.2986777 0.0790321 0.3091523 0.2361067 0.1906405 0.1027354 0.0895699 0.0639553 0.0384324 0.0362409 0.0713872 0.0930350 0.0145218 0.1286905 0.1461834 0.0119440 0.0160177 0.0139270 0.0130967 0.0592546 0.0000000 0.0529744 0.0790015 0.0676996 0.0771466 0.0999750 0.2781968 0.7607811 0.0973405 0.0977113 0.0865776 0.0744286 0.0905986 0.0059328 0.0991619 0.0744822 0.0362285 0.0487570 0.0955720 0.0139055 0.0864722 0.1014520 0.0611051 0.0199518 0.0179360 0.0882148 0.0488599 0.0445051 0.0240869 0.0903219 0.0648289 0.0918669 0.0650321 0.0889198 0.0179202 0.0139196 0.0589176 0.1458115 0.0761419 0.0500553 0.0425156 0.0772260 0.0699927 0.5969792 0.1222621 0.0059216 0.0382718 0.0827486 0.0139154 0.0392992 0.0487944 0.0160696 0.1176099 0.0917471 0.0239725 0.0445765 0.0910487 0.0179347 0.0765863 0.0938042 0.0499076 
Perityle_congesta_202                      0.2459420 0.1173373 0.1857644 0.2776647 0.1279279 0.3165241 0.2155448 0.1892682 0.1753090 0.2308924 0.1635489 0.1551892 0.0940351 0.3503157 0.2220716 0.0920519 0.1604504 0.1826061 0.0984359 0.0811678 0.0792132 0.0872306 0.1491735 0.0529744 0.0000000 0.1392006 0.2160910 0.2409674 0.1660872 0.2315884 0.1867863 0.1068185 0.1164409 0.1789442 0.1269260 0.2171160 0.1041001 0.1886870 0.2107979 0.0956429 0.1096026 0.2101374 0.0745866 0.1794203 0.2062789 0.0867896 0.0896079 0.0709896 0.2221648 0.1478942 0.0484720 0.2570564 0.1234626 0.1081848 0.2250958 0.1401274 0.1464122 0.0845655 0.0685423 0.0570422 0.1739395 0.0610220 0.0683112 0.0888738 0.2136459 0.1456419 0.2856717 0.1808916 0.0968214 0.1509767 0.1499483 0.0685402 0.0567558 0.0623010 0.0440643 0.1134664 0.1698165 0.1290678 0.0715907 0.1647783 0.0705620 0.1579958 0.0868458 0.0624913 
Perityle_cordifolia_27                     0.2497151 0.1248164 0.1709773 0.2967071 0.1187214 0.3188583 0.2108976 0.2002731 0.2170804 0.2367307 0.2014220 0.2023432 0.1345947 0.3807991 0.2012247 0.1361757 0.1666316 0.1774566 0.1495848 0.1012791 0.1275513 0.1116600 0.2034577 0.0790015 0.1392006 0.0000000 0.2036937 0.2308450 0.1817283 0.2074636 0.2034982 0.1214706 0.1603331 0.1958405 0.1213289 0.2086264 0.1323482 0.2188576 0.2208516 0.1689186 0.1564136 0.1966981 0.1331646 0.1799117 0.2057595 0.2164941 0.1473061 0.1396336 0.2004260 0.2038975 0.1390242 0.2565815 0.0737890 0.1391839 0.2322214 0.1548194 0.1262905 0.1358943 0.1322206 0.0547639 0.1740017 0.0521287 0.0192920 0.1395530 0.1908689 0.1871660 0.2896265 0.2032436 0.1257897 0.1882811 0.1720600 0.1316148 0.0826097 0.1758385 0.0936003 0.1107784 0.1978840 0.1670467 0.1245660 0.1781072 0.1437128 0.1236182 0.0957885 0.0763368 
Perityle_cordifolia_68_tecolote            0.2653731 0.1150904 0.2140806 0.2695776 0.1194877 0.2482069 0.2220931 0.2073337 0.1817312 0.2847694 0.1896559 0.2726332 0.1138669 0.3704074 0.0815267 0.0872673 0.1421619 0.1718976 0.1004929 0.1444063 0.1650289 0.0903483 0.1765228 0.0676996 0.2160910 0.2036937 0.0000000 0.1819645 0.1862599 0.2210762 0.3051465 0.0892540 0.1009759 0.2115324 0.1239915 0.0962950 0.2071427 0.2133090 0.0812159 0.1448161 0.1265753 0.1158368 0.1438888 0.1151835 0.2649335 0.1453241 0.1625634 0.2001503 0.0751792 0.1979855 0.1060115 0.2498589 0.2015469 0.1877895 0.2684652 0.0407887 0.2203216 0.1843812 0.1675432 0.0440094 0.1778806 0.0474034 0.0954923 0.2024962 0.1123894 0.2370481 0.2771167 0.1728761 0.1738447 0.1961475 0.1591018 0.2167377 0.0873396 0.1131203 0.1287229 0.0927340 0.2158257 0.1498946 0.2076288 0.1360886 0.2082911 0.2366409 0.0718749 0.0847426 
Perityle_coronopifolia_28_patagonia        0.2728713 0.1146007 0.2194246 0.2947386 0.1436884 0.3117072 0.2203890 0.2001577 0.2401356 0.2542043 0.2535240 0.2855522 0.1545609 0.3732183 0.1264183 0.2035128 0.1613929 0.1666031 0.1656192 0.1661114 0.2120837 0.0777832 0.2676286 0.0771466 0.2409674 0.2308450 0.1819645 0.0000000 0.1967819 0.2148653 0.2961953 0.1032041 0.1574029 0.2873921 0.2064447 0.1636137 0.2385524 0.2538589 0.1687063 0.2186444 0.2089444 0.1447887 0.2053211 0.1208705 0.2869048 0.2649992 0.2296346 0.2776371 0.1475917 0.1992753 0.1572679 0.3556076 0.2733268 0.1961384 0.2431461 0.1191191 0.2183587 0.2397351 0.2517267 0.0226719 0.1690666 0.0412313 0.0917351 0.2688504 0.0214465 0.2697409 0.2872541 0.1936351 0.1813406 0.2743446 0.2123384 0.2559290 0.0955567 0.2050095 0.1315207 0.1045358 0.2492661 0.2122249 0.2380598 0.0725983 0.2742753 0.2852425 0.0569372 0.0821600 
Perityle_crassifolia_70_ventanas           0.2896289 0.1236918 0.1982367 0.3541830 0.1311595 0.3630901 0.2009534 0.2010237 0.0811066 0.2584996 0.1780825 0.1676350 0.1546712 0.4148449 0.1731402 0.1667036 0.1435388 0.1886839 0.1603513 0.1266628 0.1717720 0.1175209 0.1954631 0.0999750 0.1660872 0.1817283 0.1862599 0.1967819 0.0000000 0.1552876 0.2509946 0.1160220 0.0165507 0.1852030 0.1604977 0.1751245 0.1555118 0.1747540 0.1770905 0.1493635 0.1610465 0.1893192 0.1714461 0.1808575 0.1839351 0.1926195 0.1821592 0.1791402 0.1805882 0.2054425 0.1538220 0.3370134 0.1433275 0.2191378 0.2333842 0.1557194 0.1586651 0.1800590 0.1683837 0.0500390 0.2097144 0.0613419 0.0731730 0.1588276 0.1869978 0.1959641 0.3050752 0.2300384 0.1475014 0.1672485 0.1616831 0.1739768 0.1121259 0.1717527 0.1039193 0.1275267 0.1579328 0.1874928 0.1560878 0.1485835 0.1763965 0.1366317 0.0635674 0.1089721 
Perityle_crassifolia_74_playa_balandra     0.3890388 0.1881478 0.2300614 0.3088244 0.2112109 0.2512870 0.3154245 0.2460507 0.1258569 0.2392124 0.2186347 0.2302255 0.2326490 0.4319368 0.2129950 0.2425700 0.2205975 0.2780486 0.2460172 0.2148998 0.2387437 0.7650929 0.2436605 0.2781968 0.2315884 0.2074636 0.2210762 0.2148653 0.1552876 0.0000000 0.4788760 0.2344133 0.1690014 0.2229558 0.2456251 0.2223286 0.2416989 0.2209095 0.2176308 0.2216160 0.2335445 0.2295852 0.2385734 0.2295048 0.2351487 0.2083450 0.2663198 0.2458140 0.2251735 0.2271947 0.2486979 0.3713114 0.2032295 0.2288599 0.1969817 0.2126857 0.2471475 0.2478073 0.2343435 0.1371106 0.3387929 0.1903935 0.2210951 0.2139589 0.2201730 0.2417369 0.4520140 0.2405508 0.2182173 0.2197138 0.1545266 0.2410949 0.2097631 0.2433424 0.2518452 0.2311485 0.2114383 0.2472153 0.2209006 0.2535068 0.2385969 0.2183099 0.3000545 0.2379373 
Perityle_cuneata_34_cuneata_San_antonio    0.1715107 0.2236448 0.2129909 0.7757997 0.1895116 0.7216395 0.3888804 0.3306808 0.2907027 0.3071849 0.2877371 0.2865641 0.2033895 0.7829272 0.2960327 0.8213032 0.1900221 0.2713053 0.7844786 0.2090820 0.2198381 0.5806243 0.2954383 0.7607811 0.1867863 0.2034982 0.3051465 0.2961953 0.2509946 0.4788760 0.0000000 0.7538561 0.8390682 0.2925316 0.7816623 0.3030747 0.2144456 0.3883565 0.3009709 0.7868885 0.2651348 0.3118519 0.2056102 0.2730280 0.3176360 0.6675029 0.2238925 0.2092767 0.3079432 0.2408760 0.7634554 0.7998055 0.1798700 0.1767447 0.3200457 0.2890716 0.2857749 0.2504899 0.2008819 0.8773292 0.3473096 0.8747887 0.2242253 0.1903181 0.2977261 0.3077383 0.2330473 0.7544664 0.2316753 0.2789482 0.2554493 0.1925537 0.7690031 0.7472877 0.2722528 0.7992877 0.2796598 0.2727751 0.1925561 0.2543714 0.1943102 0.1460758 0.7958564 0.2076094 
Perityle_cuneata_4                         0.8711623 0.1049766 0.1440076 0.2467861 0.1018412 0.3034195 0.2390458 0.1994888 0.1090344 0.1387700 0.1042196 0.1055666 0.1119091 0.2248285 0.1039568 0.0946811 0.1921755 0.2280150 0.0979348 0.0918820 0.0915672 0.1146061 0.1151056 0.0973405 0.1068185 0.1214706 0.0892540 0.1032041 0.1160220 0.2344133 0.7538561 0.0000000 0.1052867 0.1158640 0.1069845 0.0987411 0.0915455 0.1073259 0.1058491 0.0978000 0.1151494 0.1060298 0.0962720 0.1088328 0.1058772 0.1149803 0.0995210 0.0995817 0.1056113 0.1460891 0.1068989 0.1030121 0.1117721 0.1967708 0.1403945 0.0999091 0.1341374 0.0979142 0.0930684 0.0656489 0.1779549 0.0777848 0.0933794 0.0882871 0.1088416 0.1085009 0.7193960 0.1061031 0.0931182 0.0977656 0.0860127 0.0914862 0.1036785 0.1118726 0.0946021 0.0990478 0.1159751 0.0945925 0.0930354 0.1494932 0.0996178 0.1100474 0.1009893 0.0811377 
Perityle_discoidea_81                      0.8559698 0.1527387 0.1609770 0.2432200 0.1022570 0.3104559 0.1949925 0.1580711 0.0069419 0.1902020 0.1071293 0.1122059 0.1215567 0.2759952 0.1116029 0.1040808 0.1660477 0.1800402 0.1105854 0.1042565 0.1251805 0.0886799 0.1286172 0.0977113 0.1164409 0.1603331 0.1009759 0.1574029 0.0165507 0.1690014 0.8390682 0.1052867 0.0000000 0.1224495 0.1025570 0.1166133 0.1010258 0.1169410 0.1100806 0.0994837 0.1252525 0.1293742 0.1236949 0.1475897 0.1170353 0.1214350 0.1266479 0.1220589 0.1148595 0.1850910 0.1165642 0.1338293 0.1071731 0.2240575 0.1953132 0.1291618 0.1467847 0.1187562 0.1170946 0.0687292 0.1652712 0.0647464 0.0746317 0.1070497 0.1568595 0.1132760 0.7052896 0.1494735 0.1122335 0.0994487 0.0770410 0.1252320 0.1068155 0.1219749 0.0866127 0.1113512 0.1060972 0.1202485 0.1119764 0.1649065 0.1235819 0.1009765 0.0671087 0.0731632 
Perityle_dissecta_201                      0.2651139 0.1205556 0.2182502 0.2844297 0.1564923 0.3085400 0.2173067 0.2016490 0.1711192 0.2701479 0.0582029 0.1706682 0.0975451 0.3934362 0.2085089 0.0968394 0.1846852 0.1461728 0.1112909 0.1428605 0.1607668 0.1047673 0.1270180 0.0865776 0.1789442 0.1958405 0.2115324 0.2873921 0.1852030 0.2229558 0.2925316 0.1158640 0.1224495 0.0000000 0.1356673 0.2088450 0.1862395 0.0933244 0.1989417 0.0818220 0.0921876 0.2175796 0.1353534 0.1891356 0.1353036 0.0907390 0.1568454 0.1847669 0.2016379 0.1401401 0.0917631 0.2459068 0.1816056 0.1860843 0.2437783 0.1433690 0.2107307 0.1733605 0.1603170 0.0526685 0.1477437 0.0571100 0.1048171 0.1837359 0.2133023 0.1785559 0.2916607 0.1863425 0.1546676 0.1318341 0.1374187 0.1893169 0.0924292 0.0703383 0.1402027 0.1176672 0.1307896 0.1559396 0.1834846 0.1600362 0.1868969 0.2192453 0.0932694 0.0924120 
Perityle_emoryi_47_punta_san_jose          0.8493289 0.1546132 0.2077046 0.2544033 0.1070379 0.3274025 0.2246300 0.1861914 0.1313633 0.2340953 0.1237973 0.1448614 0.1084386 0.2420575 0.1345228 0.0852287 0.1882767 0.1773195 0.0865646 0.0722508 0.1007717 0.0968577 0.1169600 0.0744286 0.1269260 0.1213289 0.1239915 0.2064447 0.1604977 0.2456251 0.7816623 0.1069845 0.1025570 0.1356673 0.0000000 0.1119378 0.0878720 0.1305317 0.1132686 0.1228843 0.1170675 0.1878030 0.1038754 0.1376855 0.1294029 0.1226641 0.1063749 0.1064851 0.1105681 0.1654483 0.1036349 0.1146890 0.0495157 0.1957396 0.2076173 0.1286680 0.0922876 0.0993900 0.1011688 0.0646356 0.1344321 0.0678681 0.0563975 0.1131126 0.1636696 0.1418368 0.6853944 0.1701074 0.0804508 0.1228476 0.1108429 0.1036398 0.0716368 0.1155916 0.0613814 0.0985544 0.1333623 0.1088839 0.1063055 0.1628825 0.1064600 0.0011445 0.0930248 0.0627222 
Perityle_feddemae_99                       0.2673686 0.1129028 0.2148642 0.2906201 0.1403880 0.2941460 0.2179008 0.1961732 0.1793559 0.3054091 0.1846517 0.2683240 0.1272327 0.3894930 0.0873546 0.0906748 0.1576306 0.1794731 0.1037322 0.1382870 0.1726396 0.0810774 0.1914638 0.0905986 0.2171160 0.2086264 0.0962950 0.1636137 0.1751245 0.2223286 0.3030747 0.0987411 0.1166133 0.2088450 0.1119378 0.0000000 0.2003440 0.1968463 0.1000149 0.1408391 0.1459131 0.0844911 0.1373139 0.0701930 0.2638192 0.1460862 0.1891171 0.2038044 0.0354751 0.1919742 0.1190871 0.2385487 0.2026055 0.1969477 0.2557927 0.0834901 0.2037311 0.1832924 0.1718109 0.0616145 0.1860329 0.0589511 0.1019095 0.1940691 0.1179925 0.2272702 0.2731244 0.1794920 0.1662752 0.2361521 0.1582437 0.2196333 0.1013898 0.1175143 0.1378385 0.1015383 0.2158871 0.1525654 0.2060370 0.1206107 0.2099978 0.2277294 0.0719528 0.0898572 
Perityle_fosteri_93                        0.2597287 0.1246929 0.1861711 0.2817635 0.0990190 0.3146298 0.2210828 0.1899204 0.1592632 0.2062617 0.1686321 0.1636011 0.0758650 0.3209158 0.2084609 0.0215433 0.1813100 0.1844085 0.0248800 0.0492032 0.0852403 0.0131517 0.1591182 0.0059328 0.1041001 0.1323482 0.2071427 0.2385524 0.1555118 0.2416989 0.2144456 0.0915455 0.1010258 0.1862395 0.0878720 0.2003440 0.0000000 0.1879877 0.1923751 0.0812461 0.0955162 0.2043570 0.0658355 0.1685773 0.1953269 0.0943733 0.0812864 0.0865571 0.2028283 0.1460262 0.0657127 0.2085372 0.1016169 0.1250462 0.2218853 0.1232045 0.1498693 0.0930384 0.0781481 0.0551915 0.1719543 0.0576558 0.0788413 0.0907037 0.2204245 0.1798776 0.2822773 0.1777424 0.0825388 0.1585716 0.1339759 0.0844786 0.0305458 0.0653010 0.0665515 0.1052229 0.1722352 0.0972245 0.0899112 0.1668327 0.0877886 0.1398278 0.0907478 0.0711815 
Perityle_gamon_221                         0.3413288 0.1253630 0.2361030 0.2935874 0.1395768 0.3153792 0.2191162 0.2232345 0.1732333 0.2570408 0.1006322 0.1178113 0.0878301 0.4035813 0.2078087 0.1092694 0.1900822 0.1661081 0.1118961 0.1553253 0.1766621 0.1075973 0.1531431 0.0991619 0.1886870 0.2188576 0.2133090 0.2538589 0.1747540 0.2209095 0.3883565 0.1073259 0.1169410 0.0933244 0.1305317 0.1968463 0.1879877 0.0000000 0.2180978 0.0756861 0.1025138 0.2245147 0.1504611 0.1853262 0.0433785 0.0994432 0.1508241 0.1912736 0.1956303 0.1549871 0.1010601 0.2173633 0.1946191 0.2111467 0.2472950 0.1413056 0.2179634 0.1842094 0.1725771 0.0703031 0.1575431 0.0721756 0.1142189 0.1833704 0.2183140 0.1721413 0.3671562 0.1819525 0.1667307 0.1410490 0.1298543 0.1932005 0.0995180 0.0838487 0.1427458 0.1005446 0.0865467 0.1482104 0.1844201 0.1554708 0.1928354 0.2164316 0.0870707 0.1037732 
Perityle_gentryi_8_san_francisco           0.2760074 0.1208380 0.2259930 0.2917619 0.1257107 0.3088940 0.2209466 0.1872827 0.1834660 0.2692371 0.1886566 0.2528609 0.1164824 0.3816390 0.0391336 0.0946717 0.1552438 0.1785514 0.0942495 0.1449161 0.1843819 0.0915393 0.2065876 0.0744822 0.2107979 0.2208516 0.0812159 0.1687063 0.1770905 0.2176308 0.3009709 0.1058491 0.1100806 0.1989417 0.1132686 0.1000149 0.1923751 0.2180978 0.0000000 0.1402256 0.1522424 0.1278719 0.1432151 0.1010904 0.2199717 0.1515200 0.1607682 0.2034306 0.0847045 0.1937581 0.1107452 0.2497043 0.1999333 0.2106281 0.2704645 0.0754748 0.2199318 0.1888638 0.1827173 0.0526836 0.1820095 0.0524526 0.1017324 0.2008741 0.1269271 0.2484348 0.2882226 0.1811898 0.1735726 0.2079819 0.1585997 0.2012849 0.0891539 0.1180172 0.1241106 0.0969715 0.1937755 0.1616538 0.2010050 0.1348630 0.1967691 0.2029398 0.0837518 0.0911336 
Perityle_gilensis_22_Superstition          0.8584550 0.1474560 0.2079773 0.2324660 0.0937596 0.2918494 0.2318651 0.1722273 0.1168824 0.2068374 0.0743783 0.1626322 0.0451533 0.1971297 0.1210720 0.0798396 0.1722669 0.1613353 0.0760877 0.0651419 0.0694599 0.0218920 0.0421613 0.0362285 0.0956429 0.1689186 0.1448161 0.2186444 0.1493635 0.2216160 0.7868885 0.0978000 0.0994837 0.0818220 0.1228843 0.1408391 0.0812461 0.0756861 0.1402256 0.0000000 0.0621403 0.1528532 0.0818389 0.1261988 0.0900242 0.0400392 0.1089837 0.1061392 0.1178333 0.1460196 0.0616262 0.0774312 0.1365960 0.1309414 0.2194854 0.1065853 0.1250719 0.0797825 0.0892369 0.0487562 0.1095337 0.0493631 0.0536379 0.1012289 0.1196480 0.1586168 0.6693085 0.1537745 0.0690036 0.0050805 0.1016101 0.1012160 0.0551084 0.0469820 0.0347422 0.1021442 0.0991356 0.1028181 0.0987172 0.1390037 0.1070047 0.1615349 0.0817874 0.0590382 
Perityle_gilensis_salensis_225             0.2586594 0.1177041 0.1893069 0.2823366 0.1144916 0.3148245 0.2164643 0.1955059 0.1652736 0.2028537 0.0926301 0.0894087 0.0346814 0.3525549 0.1399306 0.0775128 0.1856117 0.1310590 0.0815424 0.0928405 0.1060650 0.0726507 0.0526187 0.0487570 0.1096026 0.1564136 0.1265753 0.2089444 0.1610465 0.2335445 0.2651348 0.1151494 0.1252525 0.0921876 0.1170675 0.1459131 0.0955162 0.1025138 0.1522424 0.0621403 0.0000000 0.1674880 0.1044547 0.1441982 0.1063866 0.0700512 0.1085947 0.1233644 0.1287164 0.0927446 0.0491306 0.2176314 0.1388613 0.1429721 0.2173721 0.1253035 0.1442330 0.1137808 0.1088751 0.0614290 0.1331740 0.0588380 0.0896999 0.1300678 0.1549014 0.1160870 0.2863830 0.1829534 0.0962588 0.0668125 0.1302407 0.1123912 0.0620573 0.0525470 0.1068634 0.1212018 0.0942398 0.1082987 0.1206925 0.1670753 0.1215172 0.1579178 0.0836826 0.0799147 
Perityle_glaucescens_94                    0.2654423 0.1223168 0.2126869 0.2886535 0.1529359 0.2906643 0.2142129 0.1969579 0.2174351 0.2995251 0.1968917 0.2427892 0.1516683 0.3875926 0.1016364 0.1503657 0.1610368 0.1779910 0.1510111 0.1641753 0.1989047 0.1015370 0.2276872 0.0955720 0.2101374 0.1966981 0.1158368 0.1447887 0.1893192 0.2295852 0.3118519 0.1060298 0.1293742 0.2175796 0.1878030 0.0844911 0.2043570 0.2245147 0.1278719 0.1528532 0.1674880 0.0000000 0.1893345 0.0547706 0.2592411 0.2112299 0.2007040 0.2224293 0.0686527 0.1822583 0.1222318 0.3044001 0.2121463 0.1914164 0.2561615 0.0988791 0.2071289 0.2197674 0.2052339 0.0637380 0.1826276 0.0621887 0.1085333 0.2098923 0.1100852 0.2217289 0.2773610 0.1763920 0.1736154 0.2356866 0.1904125 0.2367748 0.0934967 0.1712569 0.1449660 0.1033071 0.2120998 0.1747890 0.1913522 0.1174040 0.2310729 0.2458707 0.0871661 0.0959535 
Perityle_gracilis_11                       0.2681186 0.1273965 0.1779298 0.2845085 0.1091872 0.3143639 0.2105691 0.2002294 0.1498081 0.1990152 0.1237621 0.1377450 0.0895474 0.3389018 0.1512284 0.0660076 0.1664680 0.1923553 0.0518014 0.0645374 0.0232843 0.0265162 0.1255639 0.0139055 0.0745866 0.1331646 0.1438888 0.2053211 0.1714461 0.2385734 0.2056102 0.0962720 0.1236949 0.1353534 0.1038754 0.1373139 0.0658355 0.1504611 0.1432151 0.0818389 0.1044547 0.1893345 0.0000000 0.1703562 0.1486740 0.1052945 0.0301486 0.0227349 0.1393496 0.1422427 0.0899584 0.1667231 0.1008704 0.1041124 0.2067954 0.1331188 0.1416239 0.0200451 0.0156978 0.0573985 0.1843974 0.0636649 0.0752054 0.0399584 0.1498813 0.1659221 0.2797607 0.1783075 0.0617469 0.1131164 0.1217315 0.0221637 0.0551460 0.0773561 0.0083434 0.1096294 0.1363482 0.0679233 0.0433524 0.1710892 0.0131844 0.1048615 0.0969821 0.0627154 
Perityle_harkerae_31                       0.2972747 0.1235451 0.1947396 0.3110359 0.1463999 0.3022599 0.2164936 0.1954923 0.1809444 0.2147553 0.1650995 0.1626744 0.1337792 0.3853697 0.0907332 0.1325242 0.1602004 0.1877614 0.1290984 0.1653562 0.1746356 0.0872754 0.1878066 0.0864722 0.1794203 0.1799117 0.1151835 0.1208705 0.1808575 0.2295048 0.2730280 0.1088328 0.1475897 0.1891356 0.1376855 0.0701930 0.1685773 0.1853262 0.1010904 0.1261988 0.1441982 0.0547706 0.1703562 0.0000000 0.1971658 0.1638743 0.1533106 0.1906714 0.0535428 0.1773590 0.1263743 0.2956419 0.1822024 0.2095179 0.2065695 0.1027741 0.2134508 0.1862073 0.1815854 0.0662496 0.1795797 0.0691652 0.1082934 0.1760747 0.1137043 0.1942825 0.2691047 0.1726653 0.1368903 0.1748389 0.1584164 0.1785656 0.0917934 0.1382584 0.1395546 0.1035406 0.1665534 0.1595420 0.1791968 0.1289942 0.1864444 0.1669332 0.0841385 0.0955514 
Perityle_hofmeisteria_4_nombre_de_dios     0.2903059 0.1198533 0.2212369 0.2820973 0.1700427 0.3151498 0.2116380 0.2053855 0.1661427 0.2821343 0.1474218 0.1685242 0.1174977 0.4121180 0.2448566 0.0986635 0.2034720 0.1832691 0.1120363 0.1588653 0.1706984 0.1127243 0.1842359 0.1014520 0.2062789 0.2057595 0.2649335 0.2869048 0.1839351 0.2351487 0.3176360 0.1058772 0.1170353 0.1353036 0.1294029 0.2638192 0.1953269 0.0433785 0.2199717 0.0900242 0.1063866 0.2592411 0.1486740 0.1971658 0.0000000 0.1036954 0.2241838 0.2013177 0.2017608 0.1552689 0.0963324 0.2533663 0.2233616 0.1967668 0.2406146 0.1569445 0.2293695 0.1802587 0.1725445 0.0703990 0.1509044 0.0604837 0.1265273 0.1936646 0.2375175 0.2253083 0.3303603 0.1726109 0.1651079 0.2101986 0.1333199 0.2431257 0.0997902 0.0771053 0.1612950 0.0975060 0.1798438 0.1567980 0.1997207 0.1782253 0.2377609 0.2417822 0.0841427 0.1139548 
