85
Amauria_brandeegeana_62                    0.0000000 0.4585335 0.3172878 0.2720677 0.1776667 0.3101195 0.2620303 0.1384546 0.4624233 0.0859744 0.2081440 0.1913532 0.1124430 0.3761073 0.1214042 0.3632613 0.2478231 0.2987135 0.1828939 0.1219681 0.1610516 0.1861505 0.3099756 0.2003764 0.2021810 0.2841558 0.1975274 0.2021229 0.2379733 0.1608595 0.3415152 0.2837304 0.1722312 0.1757846 0.1633840 0.2471855 0.2187662 0.2211865 0.2362719 0.1934059 0.1847605 0.7711606 0.1884798 0.2327036 0.3076188 0.1989032 0.1846258 0.1836527 0.2538854 0.1992518 0.1852712 0.1904213 0.1972564 0.1021288 0.2129019 0.1321948 0.1471298 0.2072895 0.1864198 0.4856535 0.3124611 0.2190527 0.4088303 0.1856093 0.2586503 0.4245303 0.1482559 0.1878541 0.2753890 0.1583854 0.1996785 0.2046090 0.2049625 0.1872815 0.2300249 0.4932993 0.1558555 0.2684307 0.1832036 0.1884718 0.1499184 0.1879775 0.1935613 0.2983378 0.1269285 
Amauria_carterae_99_mesa                   0.4585335 0.0000000 0.9135044 0.3603914 0.4836213 0.0536382 0.4980539 0.1896147 0.2708185 0.4371853 0.4607449 0.4955698 0.3854430 0.4923491 0.2619065 0.5337237 0.4503476 0.3085966 0.2890695 0.4151281 0.4366723 0.5088635 0.1001409 0.4325791 0.2472880 0.4891000 0.4430539 0.4203582 0.2323224 0.2876479 0.1839411 0.2834548 0.4077425 0.4472227 0.2737269 0.3083539 0.4446402 0.3356744 0.4305792 0.4703920 0.4612627 0.3196923 0.3211037 0.3001702 0.3972017 0.4542883 0.4516142 0.4490386 0.2999086 0.4422717 0.4254541 0.4876590 0.4367724 0.3757715 0.3111130 0.3148334 0.1738626 0.5334654 0.4435103 0.1918368 0.1019373 0.2920407 0.0798878 0.4405298 0.3074893 0.5397335 0.3566486 0.3655266 0.1410270 0.4187369 0.4326201 0.2897861 0.4554926 0.4408676 0.4727063 0.0951308 0.3598972 0.3038204 0.4936500 0.4957980 0.1844196 0.4495782 0.2636550 0.2187331 0.3108207 
Amauria_rotundifolia_SRR9119150            0.3172878 0.9135044 0.0000000 0.3474214 0.3551491 0.8171149 0.3211570 0.7606180 0.9386241 0.7349815 0.3680850 0.3052017 0.7593923 0.5558850 0.7393021 0.8638313 0.6684790 0.5719855 0.3866605 0.6954047 0.7108156 0.3234332 0.5175973 0.3622582 0.6128275 0.4558200 0.3624850 0.3744297 0.3287095 0.4829036 0.4772394 0.2947059 0.7131052 0.5396548 0.3859315 0.7766444 0.6929567 0.3938833 0.6839650 0.3198122 0.3114540 1.0132270 0.3726657 0.3918942 0.3277341 0.3462594 0.3562175 0.3561769 0.4430905 0.3532381 0.3389734 0.3075985 0.3553692 0.6999907 0.4038986 0.7335888 0.7546477 0.3264476 0.3646002 0.9114013 0.8702075 0.7172925 0.5909376 0.3596212 0.4403141 0.7260187 0.8064487 0.3568878 0.2895004 0.7024898 0.3625738 0.3856759 0.4130242 0.3399125 0.6853479 0.9576302 0.8056785 0.5158214 0.3704240 0.3233086 0.3422945 0.3655413 0.3612971 0.4212492 0.7967529 
Conoclinium_coelestinum_SRR9119114         0.2720677 0.3603914 0.3474214 0.0000000 0.2872523 0.3064406 0.1905069 0.2173963 0.4313251 0.2833411 0.2902768 0.2817902 0.1714554 0.4206775 0.2113858 0.5377510 0.3563877 0.3535641 0.2942875 0.2394560 0.2956380 0.2966951 0.3145553 0.2795818 0.2919418 0.3862108 0.2664859 0.2764006 0.3561111 0.2999767 0.3251986 0.3187293 0.3233951 0.3247301 0.2876940 0.3772375 0.3516659 0.3302203 0.3527867 0.2865023 0.2986757 0.5715999 0.2912179 0.3253627 0.3002019 0.2817302 0.2817943 0.2826500 0.3424124 0.2840524 0.2670210 0.3018798 0.2717818 0.1760586 0.3214158 0.1949659 0.1827225 0.2868092 0.2788386 0.4006183 0.2810314 0.3284258 0.3886488 0.2632358 0.3862642 0.4933551 0.2804996 0.2976567 0.2443601 0.2502630 0.2749393 0.3429598 0.2942566 0.2700584 0.3499667 0.3880612 0.2868416 0.3871665 0.2820113 0.2966537 0.2754577 0.2781104 0.2972743 0.4250315 0.1941186 
Eutetras_palmeri_63                        0.1776667 0.4836213 0.3551491 0.2872523 0.0000000 0.3001913 0.2717608 0.1245933 0.4198892 0.1684665 0.1574576 0.0952897 0.0968822 0.1912037 0.1095882 0.2822855 0.1163314 0.3224814 0.1945352 0.0921970 0.1131270 0.0837864 0.2913500 0.1307739 0.1704354 0.1735052 0.0917681 0.1164376 0.2979440 0.1632590 0.2972631 0.3052215 0.1897775 0.2046885 0.1580184 0.2373635 0.1264754 0.2656041 0.1285081 0.0962097 0.0815932 0.7980943 0.0899506 0.1568441 0.3408208 0.1233902 0.0899913 0.0979819 0.1539228 0.0984151 0.0783759 0.0884498 0.1104959 0.0813662 0.2143666 0.1255569 0.1170104 0.1221693 0.0957446 0.5116703 0.2787334 0.1955604 0.4091880 0.1216476 0.2686602 0.2526208 0.1345885 0.0941103 0.2768440 0.1159927 0.1181501 0.2228281 0.1576113 0.0860152 0.1219635 0.4656854 0.1052481 0.2716538 0.1088425 0.0979620 0.1783667 0.1186856 0.0950026 0.3005190 0.0931719 
Eutetras_pringlei_149_quer                 0.3101195 0.0536382 0.8171149 0.3064406 0.3001913 0.0000000 0.3136033 0.2346131 0.3627493 0.3193385 0.3132996 0.3273998 0.2762589 0.3480530 0.1760754 0.3582762 0.3204715 0.1997890 0.1865566 0.3158134 0.3136985 0.3233038 0.0598534 0.3188791 0.1739566 0.3226689 0.3345998 0.3122872 0.1483455 0.1756309 0.0703359 0.1893944 0.3023247 0.3207753 0.1635868 0.1743815 0.3202200 0.3170271 0.3044288 0.3169885 0.3226793 0.2423808 0.1867939 0.1850074 0.3143897 0.3253992 0.3187277 0.3233038 0.1851115 0.3127974 0.2716551 0.3349264 0.3352757 0.2624218 0.2084792 0.2283394 0.1397521 0.3227431 0.3233038 0.0889363 0.0679001 0.1898251 0.0501512 0.3411244 0.1972824 0.3663963 0.3135494 0.3189906 0.1019458 0.3171922 0.3188791 0.1822130 0.3226689 0.3226689 0.3390639 0.0595360 0.3187079 0.2008996 0.3280610 0.3162555 0.1015624 0.3233038 0.1700341 0.1302326 0.2121332 
Eutrochium_fistulosum_SRR9119106           0.2620303 0.4980539 0.3211570 0.1905069 0.2717608 0.3136033 0.0000000 0.3005950 0.6411947 0.3162828 0.3112613 0.2698840 0.1724692 0.4287651 0.2697772 0.4913760 0.3426239 0.4057766 0.3391811 0.2112560 0.2459257 0.2937438 0.3689883 0.3183090 0.3524859 0.3704970 0.3305359 0.3367550 0.4787319 0.3309843 0.4234218 0.3599028 0.3221354 0.2762602 0.3416774 0.4265393 0.2909499 0.4027714 0.3138866 0.2858905 0.2997902 0.9461879 0.3447937 0.3706870 0.3511404 0.2937039 0.3229002 0.3091438 0.3983958 0.3040633 0.3061840 0.2989292 0.3263162 0.1196006 0.3624129 0.1235102 0.2165568 0.2867812 0.3353475 0.5982964 0.4519804 0.3710042 0.3837194 0.3144882 0.4301239 0.5208775 0.3763518 0.3561902 0.2974493 0.2118081 0.3189637 0.3713193 0.3185201 0.3013073 0.3064569 0.4830451 0.3726986 0.4763450 0.2804516 0.2870652 0.4658990 0.3299011 0.3499425 0.6489199 0.1035636 
Galeana_pratensis_104_mex                  0.1384546 0.1896147 0.7606180 0.2173963 0.1245933 0.2346131 0.3005950 0.0000000 0.3115552 0.1425831 0.1512296 0.1272894 0.1357013 0.2399817 0.0945597 0.2267524 0.1316843 0.1645326 0.1112573 0.1173842 0.1242879 0.1365310 0.1673096 0.1458178 0.1230850 0.1277989 0.1432353 0.1471112 0.1888771 0.1097165 0.1896789 0.1163808 0.1534470 0.1206117 0.1335470 0.1186457 0.1314542 0.1414742 0.1315012 0.1183748 0.1173855 0.2788959 0.1060388 0.1184805 0.1549871 0.1379133 0.1452190 0.1340830 0.1203320 0.1304652 0.1199304 0.1307637 0.1375971 0.1131952 0.1225525 0.1446099 0.1261960 0.1242119 0.1371401 0.1792553 0.1699071 0.1325682 0.2357808 0.1435734 0.3108786 0.2618041 0.1428837 0.1544487 0.1617524 0.1276930 0.1458178 0.1097165 0.1402447 0.1263324 0.1176156 0.2258008 0.1455208 0.1236586 0.1208740 0.1207445 0.1177467 0.1426281 0.1330727 0.1776534 0.1362382 
Helianthus_annuus_SRR9119062               0.4624233 0.2708185 0.9386241 0.4313251 0.4198892 0.3627493 0.6411947 0.3115552 0.0000000 0.3938523 0.3906847 0.4271066 0.3353871 0.5629437 0.2503795 0.5273895 0.3557630 0.3387096 0.2762387 0.3832531 0.3880059 0.4118312 0.3269661 0.4259951 0.3489700 0.4610913 0.3853368 0.3769369 0.3352076 0.3082308 0.3291583 0.3234983 0.3821451 0.4766587 0.3392542 0.2932429 0.3860885 0.4200817 0.3471670 0.3978201 0.4028373 0.4022164 0.3234470 0.3036625 0.4236195 0.4119501 0.3743520 0.3725704 0.2987809 0.3736328 0.3797608 0.4049186 0.3885698 0.3427939 0.3210940 0.2977364 0.2965897 0.4065315 0.3828599 0.2590501 0.2604267 0.3133692 0.4228224 0.3812295 0.3754947 0.6055737 0.3543280 0.3898641 0.3401673 0.3877842 0.4177900 0.3118507 0.4007889 0.3837096 0.3843350 0.2964191 0.3312521 0.2929945 0.4113693 0.4102233 0.2300560 0.3732511 0.3275601 0.2958327 0.2459675 
Lycapsus_tenuifolius_17                    0.0859744 0.4371853 0.7349815 0.2833411 0.1684665 0.3193385 0.3162828 0.1425831 0.3938523 0.0000000 0.1759548 0.1612193 0.0975352 0.3976668 0.1651582 0.2401971 0.1560591 0.2703627 0.2384154 0.1214163 0.1564035 0.1658957 0.3590303 0.1679216 0.2011370 0.1655441 0.1765117 0.1847339 0.4782032 0.1291252 0.3906827 0.2121486 0.1331666 0.0704370 0.1843971 0.1950786 0.1615940 0.1564651 0.1812972 0.1852523 0.1680582 0.5979248 0.1855956 0.2269287 0.1756777 0.1625364 0.1721791 0.1622353 0.2294349 0.1746108 0.1605907 0.1767313 0.1819700 0.0914114 0.2014845 0.1222827 0.1789435 0.2305809 0.1732823 0.4463806 0.2941644 0.1971413 0.4277218 0.1627165 0.3175154 0.4221634 0.1579957 0.1765347 0.3268359 0.1514662 0.1668100 0.1502556 0.1814269 0.1706403 0.1641618 0.4181557 0.1608096 0.2359657 0.1638966 0.1766802 0.3889858 0.1703826 0.1803868 0.5101067 0.1060491 
Pericome_caudata_50_silver                 0.2081440 0.4607449 0.3680850 0.2902768 0.1574576 0.3132996 0.3112613 0.1512296 0.3906847 0.1759548 0.0000000 0.1425834 0.1324589 0.2576858 0.1496104 0.3531972 0.1504910 0.3296748 0.2220344 0.1163864 0.1424818 0.1387214 0.3038846 0.1465346 0.1971724 0.2400032 0.1358563 0.1700452 0.2735697 0.1893171 0.3419329 0.3142805 0.2008514 0.2221324 0.1661976 0.2704275 0.1647993 0.2617474 0.1722274 0.1492001 0.1369368 0.6707902 0.1448642 0.1868144 0.3229017 0.1464531 0.1385333 0.1406285 0.2007410 0.1465685 0.1273657 0.1360723 0.1369198 0.1207696 0.2374443 0.1525201 0.1706195 0.1648348 0.1389199 0.4591287 0.2950730 0.2297071 0.4374596 0.1411473 0.2904999 0.3253332 0.1079444 0.1108968 0.2816178 0.1405907 0.1447545 0.2375009 0.1889953 0.1292816 0.1570862 0.4604485 0.0797209 0.3024331 0.1775764 0.1413437 0.1841256 0.1482023 0.1430756 0.3499594 0.1454754 
Perityle_aglossa_84_dead_horse             0.1913532 0.4955698 0.3052017 0.2817902 0.0952897 0.3273998 0.2698840 0.1272894 0.4271066 0.1612193 0.1425834 0.0000000 0.0606741 0.1660572 0.1051331 0.2920399 0.0874652 0.3285786 0.2098205 0.0376782 0.0648834 0.0753202 0.2961439 0.0954935 0.1079613 0.1852461 0.0802769 0.1062765 0.2808726 0.1747123 0.3671875 0.2984453 0.1958047 0.1996118 0.1412334 0.2312277 0.0812744 0.2668805 0.1369212 0.0983489 0.0773606 0.7642917 0.0829661 0.1613871 0.3103216 0.0755609 0.0776050 0.0734131 0.1707284 0.1005367 0.0672674 0.0695079 0.0734849 0.0578103 0.2158604 0.1012920 0.1065172 0.1032979 0.0767730 0.4761115 0.3186268 0.1996160 0.4076647 0.0270614 0.2677297 0.2513468 0.1106595 0.1151617 0.2840947 0.0706687 0.0949406 0.2227593 0.1121103 0.0820086 0.0878838 0.4669307 0.1218346 0.2758573 0.0822513 0.0661107 0.1882281 0.0789270 0.0769503 0.3442674 0.1123025 
Perityle_ajoensis_204                      0.1124430 0.3854430 0.7593923 0.1714554 0.0968822 0.2762589 0.1724692 0.1357013 0.3353871 0.0975352 0.1324589 0.0606741 0.0000000 0.3223008 0.0888307 0.1978633 0.1083329 0.2239417 0.1834444 0.0539451 0.0943121 0.0458709 0.3533750 0.0973365 0.0921494 0.0793559 0.0912301 0.0976105 0.3585472 0.1216365 0.3282106 0.1686885 0.1062525 0.0911421 0.0989915 0.1386751 0.1077115 0.1011549 0.1181705 0.0981971 0.0544699 0.6268649 0.0759266 0.1221710 0.0976250 0.1049055 0.0512247 0.0446240 0.1235364 0.1016969 0.0333358 0.0677442 0.0774752 0.0370689 0.1218091 0.0803913 0.1249301 0.1080818 0.0435659 0.3896887 0.2788632 0.1530947 0.3622688 0.0626870 0.2501275 0.3562961 0.0862990 0.0907275 0.2780663 0.0956012 0.0961432 0.1221731 0.0752208 0.0751075 0.1031871 0.3514032 0.0901481 0.1798880 0.0210020 0.0634402 0.2763946 0.0446465 0.0677176 0.4382214 0.1011471 
Perityle_ambrosiifolia_67_green            0.3761073 0.4923491 0.5558850 0.4206775 0.1912037 0.3480530 0.4287651 0.2399817 0.5629437 0.3976668 0.2576858 0.1660572 0.3223008 0.0000000 0.2937240 0.3669417 0.2040102 0.4525582 0.3720927 0.1875344 0.1732481 0.2126655 0.3406792 0.2211046 0.3367134 0.3241497 0.2156988 0.2485541 0.4521862 0.3234182 0.4340757 0.4814665 0.3576448 0.3611457 0.3592176 0.3774161 0.1600183 0.4037593 0.2331767 0.1876538 0.1873307 0.5956297 0.2645873 0.3046257 0.4817734 0.1715286 0.2400192 0.2268004 0.3109040 0.2226674 0.2352735 0.1853020 0.2187024 0.2480734 0.4060766 0.2554061 0.3346309 0.1953474 0.2497120 0.5078377 0.4170941 0.3707667 0.3878863 0.2224368 0.4654849 0.0983392 0.2590662 0.2083753 0.3961425 0.1938818 0.2201949 0.4064267 0.2207326 0.2201591 0.1906698 0.4592648 0.2352939 0.4183871 0.1908340 0.2021500 0.4067542 0.2529193 0.2616928 0.4417481 0.3138226 
Perityle_angustifolia_13_Eagle_creek       0.1214042 0.2619065 0.7393021 0.2113858 0.1095882 0.1760754 0.2697772 0.0945597 0.2503795 0.1651582 0.1496104 0.1051331 0.0888307 0.2937240 0.0000000 0.2173275 0.1302537 0.1325708 0.0710965 0.0504143 0.0955799 0.0715457 0.1963320 0.1506402 0.1377297 0.1134326 0.1472427 0.1695849 0.0957281 0.0875573 0.1771227 0.1256420 0.1636793 0.1327254 0.1423731 0.1139104 0.1010246 0.1432033 0.0641540 0.0617761 0.0252195 0.1868858 0.0801055 0.0618892 0.1897682 0.1304772 0.1017339 0.0846020 0.0578497 0.0979446 0.1282374 0.0624059 0.1591198 0.0069553 0.0648629 0.0815275 0.1204720 0.0740165 0.1210978 0.1403872 0.1312953 0.1137070 0.2320737 0.1661972 0.1826510 0.3238333 0.1452295 0.1472638 0.1324556 0.0667465 0.1505087 0.0737365 0.1348785 0.1334802 0.1212645 0.2608606 0.1435006 0.0679125 0.0879142 0.0862028 0.0470186 0.1232143 0.1233877 0.1040668 0.0963773 
Perityle_batopilensis_97                   0.3632613 0.5337237 0.8638313 0.5377510 0.2822855 0.3582762 0.4913760 0.2267524 0.5273895 0.2401971 0.3531972 0.2920399 0.1978633 0.3669417 0.2173275 0.0000000 0.1941082 0.4007287 0.3827027 0.0867657 0.1119610 0.2911717 0.5994115 0.3092616 0.2559930 0.2325036 0.3229152 0.3461986 0.8490979 0.3105794 0.6046272 0.4573219 0.2706919 0.2382778 0.3713331 0.3525130 0.1363836 0.4705054 0.1457553 0.2880525 0.2742947 0.7685832 0.3266957 0.3508305 0.5045963 0.3227511 0.3158355 0.3147814 0.3463156 0.3239359 0.2982096 0.2827577 0.3215872 0.1193434 0.4028502 0.1425372 0.2290911 0.2870237 0.3089802 0.5148674 0.4325679 0.3068338 0.6125309 0.3233023 0.5378192 0.4226573 0.2023956 0.3416328 0.6213884 0.1094822 0.3081589 0.4186042 0.3370721 0.3018603 0.1497278 0.5577430 0.1646652 0.4004843 0.2930486 0.2985803 0.7776739 0.3149980 0.3177737 0.7927006 0.1412166 
Perityle_bisetosa_9                        0.2478231 0.4503476 0.6684790 0.3563877 0.1163314 0.3204715 0.3426239 0.1316843 0.3557630 0.1560591 0.1504910 0.0874652 0.1083329 0.2040102 0.1302537 0.1941082 0.0000000 0.3007314 0.2318339 0.0603490 0.0325113 0.1266645 0.3907422 0.0887350 0.1161407 0.1267768 0.0815493 0.1191765 0.6820901 0.1692636 0.4748891 0.3253273 0.1689923 0.1749998 0.1778522 0.1605803 0.0330894 0.3229647 0.0936263 0.0907004 0.1234973 0.6947006 0.1352979 0.1728671 0.3130618 0.0312327 0.1280210 0.1297088 0.1798694 0.0904795 0.1261556 0.1127064 0.1045265 0.0983675 0.2478599 0.0895496 0.1338871 0.1651528 0.1275447 0.4824321 0.3175463 0.1640927 0.4102737 0.0965309 0.3541351 0.2497331 0.1178847 0.1312320 0.3542595 0.0467568 0.0879017 0.2896012 0.0946727 0.0911034 0.0407155 0.4491439 0.1080051 0.2982496 0.1305793 0.1358920 0.3251411 0.1287179 0.1198813 0.6430272 0.1396040 
Perityle_californica_76_positas            0.2987135 0.3085966 0.5719855 0.3535641 0.3224814 0.1997890 0.4057766 0.1645326 0.3387096 0.2703627 0.3296748 0.3285786 0.2239417 0.4525582 0.1325708 0.4007287 0.3007314 0.0000000 0.1962373 0.2100321 0.2643728 0.3227910 0.2281612 0.3544164 0.2482631 0.3685935 0.3383646 0.3475589 0.2210617 0.1857415 0.2575266 0.2037090 0.2819658 0.2920701 0.2373854 0.2694019 0.2722291 0.2543784 0.2851477 0.3430570 0.3157969 0.2505428 0.2668681 0.2207059 0.3297137 0.3382793 0.3196950 0.3130493 0.2194447 0.3499226 0.3139843 0.3307620 0.3274663 0.1835831 0.2006965 0.1754909 0.1914782 0.3338086 0.3232488 0.2285564 0.1325727 0.2423725 0.2994078 0.3226250 0.2967628 0.5064411 0.2199871 0.3068065 0.2685856 0.2378285 0.3507173 0.1762847 0.3283536 0.3221703 0.3106475 0.2931929 0.2249463 0.2104399 0.3317152 0.3467794 0.1134350 0.3225433 0.2623089 0.1829578 0.1655032 
Perityle_canescens_77                      0.1828939 0.2890695 0.3866605 0.2942875 0.1945352 0.1865566 0.3391811 0.1112573 0.2762387 0.2384154 0.2220344 0.2098205 0.1834444 0.3720927 0.0710965 0.3827027 0.2318339 0.1962373 0.0000000 0.1397659 0.1939651 0.1913412 0.2130705 0.2265660 0.2052800 0.2860297 0.2043272 0.2239078 0.1027226 0.1442241 0.2277237 0.2234467 0.2580452 0.2404115 0.1801073 0.2146637 0.2194291 0.2075914 0.1556230 0.1938443 0.1746287 0.1979114 0.1705802 0.1385825 0.2941473 0.2194543 0.1938372 0.1885962 0.1480605 0.2068570 0.2136087 0.1843792 0.2154556 0.1161453 0.1362737 0.1291912 0.1612196 0.1993972 0.1999954 0.1741251 0.0973354 0.1771157 0.2860162 0.2230209 0.1726745 0.4527278 0.2311092 0.2359022 0.2194473 0.1495913 0.2250615 0.1244435 0.2119877 0.2114683 0.2289991 0.2828149 0.2043372 0.0858063 0.2071620 0.2038518 0.0677798 0.2017323 0.1924784 0.0682163 0.1244896 
Perityle_castillonii_96                    0.1219681 0.4151281 0.6954047 0.2394560 0.0921970 0.3158134 0.2112560 0.1173842 0.3832531 0.1214163 0.1163864 0.0376782 0.0539451 0.1875344 0.0504143 0.0867657 0.0603490 0.2100321 0.1397659 0.0000000 0.0554096 0.0598274 0.3596429 0.0793196 0.0257677 0.0842056 0.0750442 0.1113282 1.0228581 0.0925243 0.3376219 0.1684927 0.1230351 0.1227050 0.0576581 0.0859805 0.0655890 0.1352969 0.1163274 0.0936753 0.0560406 0.8034065 0.0634926 0.1026925 0.1433728 0.0603909 0.0647596 0.0610499 0.1042999 0.0959010 0.0533101 0.0729900 0.0636243 0.0488170 0.1081511 0.1017168 0.0541128 0.0806783 0.0649063 0.4487551 0.3035415 0.1142189 0.3944932 0.0439198 0.2762562 0.2494870 0.0864839 0.1032590 0.3216617 0.0723468 0.0780340 0.1193448 0.0827502 0.0839894 0.0563406 0.4061896 0.0843773 0.1417633 0.0673352 0.0759722 0.3996243 0.0610876 0.0479597 0.7170881 0.1037271 
Perityle_cernua_84                         0.1610516 0.4366723 0.7108156 0.2956380 0.1131270 0.3136985 0.2459257 0.1242879 0.3880059 0.1564035 0.1424818 0.0648834 0.0943121 0.1732481 0.0955799 0.1119610 0.0325113 0.2643728 0.1939651 0.0554096 0.0000000 0.1069657 0.3629851 0.0691809 0.0803180 0.0668720 0.0830604 0.0996933 1.0255999 0.1314612 0.3878925 0.2305577 0.1496261 0.1525024 0.1015726 0.1372910 0.0290784 0.1841690 0.0985966 0.0636378 0.1069330 0.8157099 0.1078637 0.1439391 0.1928364 0.0253704 0.1103836 0.1127968 0.1467582 0.0666636 0.1014641 0.1125234 0.0951354 0.0896386 0.1447952 0.0785586 0.0989408 0.1452307 0.1129415 0.4886987 0.3149409 0.1439600 0.3894770 0.0708276 0.3097943 0.2377152 0.1132692 0.1205265 0.3515469 0.0370639 0.0680837 0.1855543 0.0667946 0.0679326 0.0283766 0.4310568 0.1013356 0.2166920 0.1082133 0.1099600 0.0000010 0.1116689 0.0984286 0.8008356 0.1330224 
Perityle_cfvillosa_25_tin                  0.1861505 0.5088635 0.3234332 0.2966951 0.0837864 0.3233038 0.2937438 0.1365310 0.4118312 0.1658957 0.1387214 0.0753202 0.0458709 0.2126655 0.0715457 0.2911717 0.1266645 0.3227910 0.1913412 0.0598274 0.1069657 0.0000000 0.3043142 0.0793200 0.1451599 0.1387501 0.0790465 0.0945700 0.2814463 0.1723481 0.3452598 0.2923956 0.2011781 0.1949627 0.1422696 0.2209231 0.1205296 0.2718257 0.1028928 0.0696188 0.0406658 0.7804106 0.0211516 0.1478211 0.3084163 0.0999475 0.0107205 0.0096515 0.1540683 0.0808313 0.0432767 0.0411337 0.0761643 0.0183451 0.1976057 0.1074763 0.1260691 0.0421739 0.0077665 0.4893206 0.3307541 0.2021274 0.4194336 0.0812889 0.2727803 0.2511791 0.1384547 0.1116081 0.2923113 0.0953579 0.0787772 0.2347057 0.0805416 0.0558182 0.1191563 0.4798153 0.1187057 0.2716020 0.0636440 0.0542426 0.1724739 0.0091710 0.0661256 0.3472999 0.1079924 
Perityle_cinerea_113_Powell1310            0.3099756 0.1001409 0.5175973 0.3145553 0.2913500 0.0598534 0.3689883 0.1673096 0.3269661 0.3590303 0.3038846 0.2961439 0.3533750 0.3406792 0.1963320 0.5994115 0.3907422 0.2281612 0.2130705 0.3596429 0.3629851 0.3043142 0.0000000 0.2897902 0.2392075 0.3724347 0.3074624 0.2996363 0.1672076 0.1793028 0.1089757 0.2567287 0.3860910 0.3736894 0.2306861 0.2789882 0.3759073 0.2901073 0.3590214 0.2807831 0.2835306 0.2462731 0.1983371 0.2112110 0.3309866 0.3012031 0.2942103 0.2938395 0.1984631 0.2896382 0.2808296 0.2842677 0.2918213 0.3514647 0.2141322 0.3477376 0.1928951 0.2906167 0.2891399 0.0932336 0.0856986 0.2564802 0.1359579 0.3028606 0.2127185 0.4434519 0.3260861 0.2683435 0.1146406 0.3567452 0.2898123 0.1974023 0.2949769 0.2861240 0.3971619 0.0853269 0.3298104 0.2033523 0.2952474 0.3047874 0.1120491 0.3019312 0.2160608 0.1262382 0.3282369 
Perityle_coahuilensis_24                   0.2003764 0.4325791 0.3622582 0.2795818 0.1307739 0.3188791 0.3183090 0.1458178 0.4259951 0.1679216 0.1465346 0.0954935 0.0973365 0.2211046 0.1506402 0.3092616 0.0887350 0.3544164 0.2265660 0.0793196 0.0691809 0.0793200 0.2897902 0.0000000 0.1970005 0.1588338 0.0825785 0.1362370 0.2855323 0.2056501 0.3458507 0.3305155 0.1944548 0.2142315 0.1667770 0.2663484 0.0818179 0.2550894 0.0862940 0.0569243 0.0736806 0.6329267 0.1057565 0.1759136 0.3272306 0.0744140 0.0822888 0.0799578 0.1865779 0.0606595 0.0781087 0.0807031 0.0983228 0.0887734 0.2381398 0.0771020 0.1385721 0.0936635 0.0806728 0.4747562 0.3097628 0.2407075 0.4217707 0.1012085 0.2960420 0.2932612 0.1354713 0.1145695 0.2792898 0.0520033 0.0008029 0.2567218 0.1255508 0.0666514 0.0730709 0.4433722 0.1191880 0.2973729 0.1226200 0.0922793 0.2394761 0.0994989 0.1022948 0.3746974 0.1242857 
Perityle_cochisensis_44_cave_creek         0.2021810 0.2472880 0.6128275 0.2919418 0.1704354 0.1739566 0.3524859 0.1230850 0.3489700 0.2011370 0.1971724 0.1079613 0.0921494 0.3367134 0.1377297 0.2559930 0.1161407 0.2482631 0.2052800 0.0257677 0.0803180 0.1451599 0.2392075 0.1970005 0.0000000 0.1607048 0.1790402 0.2299628 0.2730798 0.1801096 0.2948727 0.2218968 0.1963830 0.2065041 0.1245254 0.1797141 0.0880383 0.2414856 0.1415917 0.1779549 0.1287296 0.3365008 0.1635609 0.1887480 0.2743846 0.1475071 0.1566469 0.1459144 0.1905696 0.1860995 0.1584475 0.1480854 0.1676004 0.0510580 0.1924033 0.1075349 0.1013350 0.1826505 0.1710491 0.3124406 0.1955524 0.1898009 0.2491699 0.1431115 0.2720386 0.4059640 0.1712027 0.2240642 0.2553630 0.0708144 0.1963850 0.1933647 0.1781419 0.1762086 0.1117507 0.2336667 0.1607963 0.2329845 0.1440778 0.1530173 0.2106231 0.1672220 0.1190908 0.2559624 0.1103423 
Perityle_congesta_202                      0.2841558 0.4891000 0.4558200 0.3862108 0.1735052 0.3226689 0.3704970 0.1277989 0.4610913 0.1655441 0.2400032 0.1852461 0.0793559 0.3241497 0.1134326 0.2325036 0.1267768 0.3685935 0.2860297 0.0842056 0.0668720 0.1387501 0.3724347 0.1588338 0.1607048 0.0000000 0.1868981 0.1740243 0.6543013 0.2006217 0.4948000 0.3558976 0.1908817 0.1944704 0.1966323 0.1719809 0.0834117 0.3956100 0.0874596 0.1563895 0.1592284 0.7479733 0.1546368 0.2283225 0.3723259 0.1649961 0.1431413 0.1397867 0.2365105 0.1566293 0.1480227 0.1538617 0.1774748 0.0824747 0.2689851 0.0673577 0.1144968 0.1861366 0.1357696 0.4878570 0.3255118 0.1819272 0.4165632 0.1839843 0.3943905 0.3400322 0.1211111 0.2278052 0.3974767 0.0518831 0.1580652 0.3184569 0.0920570 0.0919719 0.0827483 0.4951162 0.1008908 0.3448075 0.1726064 0.1466360 0.4025950 0.1374706 0.1634807 0.5279876 0.1310604 
Perityle_cordifolia_27                     0.1975274 0.4430539 0.3624850 0.2664859 0.0917681 0.3345998 0.3305359 0.1432353 0.3853368 0.1765117 0.1358563 0.0802769 0.0912301 0.2156988 0.1472427 0.3229152 0.0815493 0.3383646 0.2043272 0.0750442 0.0830604 0.0790465 0.3074624 0.0825785 0.1790402 0.1868981 0.0000000 0.1016492 0.2618837 0.2021746 0.3287059 0.3163164 0.2101585 0.2192122 0.1700990 0.2541108 0.0972930 0.2520678 0.1012333 0.0743281 0.0738835 0.5707801 0.1032692 0.1639247 0.2898529 0.0780968 0.0829099 0.0775350 0.1738271 0.0784985 0.0846653 0.0668318 0.0542231 0.0619974 0.2324014 0.1173587 0.1457520 0.0946396 0.0829515 0.4415447 0.3076468 0.2351286 0.4190760 0.0886764 0.2788783 0.2312588 0.1456741 0.1129640 0.2753174 0.0971374 0.0814622 0.2521090 0.1170426 0.0861283 0.0828925 0.4510606 0.1340284 0.2722261 0.0889591 0.0805839 0.2124923 0.0862435 0.1061684 0.3353707 0.1230751 
Perityle_cordifolia_68_tecolote            0.2021229 0.4203582 0.3744297 0.2764006 0.1164376 0.3122872 0.3367550 0.1471112 0.3769369 0.1847339 0.1700452 0.1062765 0.0976105 0.2485541 0.1695849 0.3461986 0.1191765 0.3475589 0.2239078 0.1113282 0.0996933 0.0945700 0.2996363 0.1362370 0.2299628 0.1740243 0.1016492 0.0000000 0.3113549 0.2110214 0.3399172 0.3473645 0.2133193 0.2334273 0.1889554 0.2727976 0.1166893 0.2692249 0.1208076 0.0843721 0.0900035 0.5680302 0.1218120 0.1861990 0.3300322 0.1169733 0.0968166 0.0983751 0.1976167 0.0854996 0.0870248 0.0908091 0.1196236 0.1035269 0.2522315 0.0152915 0.1446927 0.1226615 0.1006038 0.4373811 0.2922921 0.2622029 0.4259314 0.1267946 0.2942876 0.3284958 0.1374956 0.1170602 0.2727318 0.0886118 0.1058828 0.2601752 0.1506734 0.0784469 0.1105414 0.4412040 0.1345089 0.3069828 0.0914078 0.1038641 0.2431756 0.1237090 0.1258416 0.3318482 0.1371694 
Perityle_coronopifolia_28_patagonia        0.2379733 0.2323224 0.3287095 0.3561111 0.2979440 0.1483455 0.4787319 0.1888771 0.3352076 0.4782032 0.2735697 0.2808726 0.3585472 0.4521862 0.0957281 0.8490979 0.6820901 0.2210617 0.1027226 1.0228581 1.0255999 0.2814463 0.1672076 0.2855323 0.2730798 0.6543013 0.2618837 0.3113549 0.0000000 0.1478830 0.2083212 0.2887457 0.5893792 0.6196626 0.2151294 0.2229728 1.0928427 0.2850799 0.9975369 0.2678878 0.2508363 0.0858473 0.1999500 0.1419246 0.4775698 0.2777323 0.2689100 0.2590517 0.1550322 0.2827795 0.2729261 0.2668121 0.2639545 0.8003426 0.1625575 0.0000010 0.2128181 0.2677286 0.2770392 0.0827250 0.1030534 0.1366360 0.2584086 0.2805013 0.0089145 0.5902681 0.4868394 0.3466398 0.2069551 1.0991349 0.2801710 0.1335718 0.3514891 0.2859783 0.7046200 0.2348354 0.4552495 0.1117504 0.3242147 0.2741965 0.0230864 0.2817387 0.2472664 0.0978282 0.0000010 
Perityle_crassifolia_70_ventanas           0.1608595 0.2876479 0.4829036 0.2999767 0.1632590 0.1756309 0.3309843 0.1097165 0.3082308 0.1291252 0.1893171 0.1747123 0.1216365 0.3234182 0.0875573 0.3105794 0.1692636 0.1857415 0.1442241 0.0925243 0.1314612 0.1723481 0.1793028 0.2056501 0.1801096 0.2006217 0.2021746 0.2110214 0.1478830 0.0000000 0.1593387 0.1771182 0.1864078 0.1083131 0.1288509 0.1824276 0.1307753 0.1720486 0.1323427 0.1769852 0.1537440 0.2244600 0.1515380 0.1482812 0.2595906 0.1887536 0.1814841 0.1734229 0.1463349 0.1918635 0.1809322 0.1675148 0.1998861 0.0839142 0.1533278 0.1162263 0.1542517 0.2066358 0.1873920 0.2171862 0.1453608 0.1609320 0.2639253 0.2035440 0.1872510 0.4088464 0.1741029 0.2008418 0.2232697 0.1144240 0.2041187 0.0204480 0.1830670 0.1837851 0.1552153 0.2710113 0.1494913 0.1422971 0.1667428 0.1818424 0.0665773 0.1935953 0.1678048 0.1403057 0.0945121 
Perityle_crassifolia_74_playa_balandra     0.3415152 0.1839411 0.4772394 0.3251986 0.2972631 0.0703359 0.4234218 0.1896789 0.3291583 0.3906827 0.3419329 0.3671875 0.3282106 0.4340757 0.1771227 0.6046272 0.4748891 0.2575266 0.2277237 0.3376219 0.3878925 0.3452598 0.1089757 0.3458507 0.2948727 0.4948000 0.3287059 0.3399172 0.2083212 0.1593387 0.0000000 0.3028030 0.4028251 0.4186200 0.2255127 0.2720525 0.4038323 0.2879155 0.3515290 0.3468669 0.3296669 0.2478043 0.2419491 0.2414470 0.4008085 0.3475852 0.3359283 0.3295157 0.2401564 0.3486577 0.3367957 0.3381680 0.3337101 0.2651372 0.2395412 0.2506936 0.2205870 0.3453134 0.3255626 0.1407075 0.0699665 0.2443516 0.1687300 0.3586855 0.2479326 0.4804571 0.3178406 0.2935551 0.1480357 0.3505098 0.3458507 0.1762883 0.3594891 0.3465936 0.4343057 0.1629654 0.3214738 0.2446386 0.3520215 0.3582722 0.1070809 0.3449721 0.2796811 0.1716184 0.2388915 
Perityle_cuneata_34_cuneata_San_antonio    0.2837304 0.2834548 0.2947059 0.3187293 0.3052215 0.1893944 0.3599028 0.1163808 0.3234983 0.2121486 0.3142805 0.2984453 0.1686885 0.4814665 0.1256420 0.4573219 0.3253273 0.2037090 0.2234467 0.1684927 0.2305577 0.2923956 0.2567287 0.3305155 0.2218968 0.3558976 0.3163164 0.3473645 0.2887457 0.1771182 0.3028030 0.0000000 0.2142256 0.2411465 0.2540110 0.2409169 0.2690443 0.3135348 0.3003918 0.3198721 0.2914500 0.2597866 0.2569338 0.2716582 0.3011393 0.3240720 0.2901227 0.2918055 0.2725610 0.3208747 0.2972573 0.2989292 0.3066577 0.1308375 0.2207515 0.1619138 0.1742691 0.3304524 0.3045602 0.2439873 0.1436458 0.1997960 0.3074978 0.3051489 0.2925694 0.5617225 0.2634101 0.3208216 0.2165567 0.2000329 0.3283430 0.1932610 0.3390460 0.2986996 0.3100084 0.2942432 0.2346258 0.2646918 0.3325762 0.3016683 0.1559992 0.3040897 0.2579171 0.2259692 0.1614628 
Perityle_cuneata_4                         0.1722312 0.4077425 0.7131052 0.3233951 0.1897775 0.3023247 0.3221354 0.1534470 0.3821451 0.1331666 0.2008514 0.1958047 0.1062525 0.3576448 0.1636793 0.2706919 0.1689923 0.2819658 0.2580452 0.1230351 0.1496261 0.2011781 0.3860910 0.1944548 0.1963830 0.1908817 0.2101585 0.2133193 0.5893792 0.1864078 0.4028251 0.2142256 0.0000000 0.1400161 0.2069960 0.1760235 0.1695847 0.1718563 0.1859388 0.2158563 0.2071619 0.6810852 0.2160395 0.2589056 0.1946870 0.1918848 0.2021436 0.1967287 0.2422173 0.2080469 0.1854719 0.2175294 0.1965829 0.0906049 0.1882122 0.1258144 0.1570985 0.2718241 0.2038425 0.4438569 0.2896429 0.1475491 0.4171542 0.1929121 0.3497561 0.4025837 0.1496387 0.1978467 0.3547440 0.1437488 0.1944548 0.2139845 0.1965338 0.1905879 0.1809996 0.3977043 0.1510775 0.2601745 0.1981322 0.2086745 0.3782462 0.1979130 0.2025715 0.5338056 0.0993389 
Perityle_discoidea_81                      0.1757846 0.4472227 0.5396548 0.3247301 0.2046885 0.3207753 0.2762602 0.1206117 0.4766587 0.0704370 0.2221324 0.1996118 0.0911421 0.3611457 0.1327254 0.2382778 0.1749998 0.2920701 0.2404115 0.1227050 0.1525024 0.1949627 0.3736894 0.2142315 0.2065041 0.1944704 0.2192122 0.2334273 0.6196626 0.1083131 0.4186200 0.2411465 0.1400161 0.0000000 0.2173210 0.1929854 0.1602194 0.2078511 0.1868491 0.2236418 0.2074175 0.7453876 0.2114754 0.2456051 0.2247496 0.2093045 0.2022310 0.1972943 0.2490610 0.2171587 0.1932712 0.2068447 0.2148164 0.0835513 0.2070707 0.1139018 0.1497790 0.2544781 0.2049396 0.4728517 0.3195663 0.1970554 0.3848894 0.2081279 0.3509838 0.4140675 0.1464598 0.2175835 0.3688936 0.1503288 0.2131285 0.1339375 0.2042974 0.1977264 0.1688532 0.4380646 0.1500635 0.2597829 0.1969590 0.2146970 0.3680349 0.1976588 0.2023568 0.4892618 0.0917512 
Perityle_emoryi_47_punta_san_jose          0.1633840 0.2737269 0.3859315 0.2876940 0.1580184 0.1635868 0.3416774 0.1335470 0.3392542 0.1843971 0.1661976 0.1412334 0.0989915 0.3592176 0.1423731 0.3713331 0.1778522 0.2373854 0.1801073 0.0576581 0.1015726 0.1422696 0.2306861 0.1667770 0.1245254 0.1966323 0.1700990 0.1889554 0.2151294 0.1288509 0.2255127 0.2540110 0.2069960 0.2173210 0.0000000 0.2202562 0.1373142 0.2376334 0.1548005 0.1514316 0.1273485 0.3476669 0.1523553 0.1800735 0.3198723 0.1618899 0.1464187 0.1422489 0.1900951 0.1620239 0.1466912 0.1291016 0.1640748 0.0637449 0.1917664 0.1135499 0.1029353 0.1636128 0.1525556 0.3225260 0.2082016 0.2162595 0.2719975 0.1641749 0.2330772 0.4488142 0.1916829 0.2000331 0.2377567 0.0954695 0.1660157 0.1612013 0.1895590 0.1471899 0.1491788 0.2459063 0.1598176 0.2319668 0.1644399 0.1382266 0.1519136 0.1571639 0.0738975 0.2470298 0.1084354 
Perityle_feddemae_99                       0.2471855 0.3083539 0.7766444 0.3772375 0.2373635 0.1743815 0.4265393 0.1186457 0.2932429 0.1950786 0.2704275 0.2312277 0.1386751 0.3774161 0.1139104 0.3525130 0.1605803 0.2694019 0.2146637 0.0859805 0.1372910 0.2209231 0.2789882 0.2663484 0.1797141 0.1719809 0.2541108 0.2727976 0.2229728 0.1824276 0.2720525 0.2409169 0.1760235 0.1929854 0.2202562 0.0000000 0.1416916 0.3427675 0.1293767 0.2344133 0.1953723 0.2099201 0.1935179 0.1397084 0.3627338 0.2560294 0.2295541 0.2227386 0.1277976 0.2532039 0.2448529 0.2064614 0.2524084 0.0920920 0.2109520 0.1275511 0.1650195 0.2711084 0.2361709 0.2443292 0.1413896 0.1079938 0.3341205 0.2517818 0.2565585 0.4756791 0.1963745 0.3087868 0.2738867 0.1214021 0.2635798 0.1796826 0.2431976 0.2432829 0.1635309 0.2859320 0.1564523 0.1943143 0.2270929 0.2325478 0.1588412 0.2366356 0.2041594 0.2235374 0.1337846 
Perityle_fosteri_93                        0.2187662 0.4446402 0.6929567 0.3516659 0.1264754 0.3202200 0.2909499 0.1314542 0.3860885 0.1615940 0.1647993 0.0812744 0.1077115 0.1600183 0.1010246 0.1363836 0.0330894 0.2722291 0.2194291 0.0655890 0.0290784 0.1205296 0.3759073 0.0818179 0.0880383 0.0834117 0.0972930 0.1166893 1.0928427 0.1307753 0.4038323 0.2690443 0.1695847 0.1602194 0.1373142 0.1416916 0.0000000 0.2785221 0.1146107 0.0851315 0.1233633 0.8236650 0.1190773 0.1559378 0.2973568 0.0280780 0.1191191 0.1271481 0.1551280 0.0879400 0.1170416 0.1268587 0.1009607 0.1008036 0.1786934 0.0986158 0.1108560 0.1521279 0.1261499 0.4959912 0.3163545 0.1484913 0.4050709 0.0847797 0.3251793 0.2252038 0.1213418 0.1335211 0.3695177 0.0490588 0.0807896 0.2479606 0.0837345 0.0827553 0.0415075 0.4396350 0.1086477 0.2779850 0.1207407 0.1267470 0.0000010 0.1249462 0.1151882 0.8479945 0.1574771 
Perityle_gamon_221                         0.2211865 0.3356744 0.3938833 0.3302203 0.2656041 0.3170271 0.4027714 0.1414742 0.4200817 0.1564651 0.2617474 0.2668805 0.1011549 0.4037593 0.1432033 0.4705054 0.3229647 0.2543784 0.2075914 0.1352969 0.1841690 0.2718257 0.2901073 0.2550894 0.2414856 0.3956100 0.2520678 0.2692249 0.2850799 0.1720486 0.2879155 0.3135348 0.1718563 0.2078511 0.2376334 0.3427675 0.2785221 0.0000000 0.2912465 0.2711050 0.2709299 0.5779114 0.2719761 0.2947723 0.2338655 0.2719768 0.2542108 0.2553853 0.3327241 0.2662174 0.2552980 0.2746791 0.2439947 0.0917128 0.2524188 0.1281723 0.1162741 0.2611284 0.2504367 0.3858262 0.2662414 0.2844744 0.4096863 0.2405991 0.2811599 0.5230362 0.1525364 0.2140962 0.3022032 0.1611550 0.2509887 0.2472070 0.2908856 0.2476725 0.2854651 0.3642448 0.1729569 0.2825285 0.2902628 0.2708950 0.1961601 0.2493530 0.2763141 0.3433505 0.1130201 
Perityle_gentryi_8_san_francisco           0.2362719 0.4305792 0.6839650 0.3527867 0.1285081 0.3044288 0.3138866 0.1315012 0.3471670 0.1812972 0.1722274 0.1369212 0.1181705 0.2331767 0.0641540 0.1457553 0.0936263 0.2851477 0.1556230 0.1163274 0.0985966 0.1028928 0.3590214 0.0862940 0.1415917 0.0874596 0.1012333 0.1208076 0.9975369 0.1323427 0.3515290 0.3003918 0.1859388 0.1868491 0.1548005 0.1293767 0.1146107 0.2912465 0.0000000 0.0618990 0.0960427 0.8356298 0.1045910 0.1455681 0.3108320 0.1049009 0.1057251 0.1073210 0.1510353 0.0660587 0.1221307 0.0894728 0.1233095 0.0880282 0.1920537 0.0951481 0.0922940 0.1042841 0.1050805 0.4593853 0.3070580 0.1366780 0.4076955 0.1448509 0.3468919 0.2217574 0.1696951 0.1652497 0.3516017 0.0827457 0.0852313 0.2774915 0.0856453 0.0845829 0.1045093 0.4237437 0.1475534 0.2574884 0.1152197 0.1109922 0.0000010 0.1051205 0.1287810 0.6807612 0.1558273 
Perityle_gilensis_22_Superstition          0.1934059 0.4703920 0.3198122 0.2865023 0.0962097 0.3169885 0.2858905 0.1183748 0.3978201 0.1852523 0.1492001 0.0983489 0.0981971 0.1876538 0.0617761 0.2880525 0.0907004 0.3430570 0.1938443 0.0936753 0.0636378 0.0696188 0.2807831 0.0569243 0.1779549 0.1563895 0.0743281 0.0843721 0.2678878 0.1769852 0.3468669 0.3198721 0.2158563 0.2236418 0.1514316 0.2344133 0.0851315 0.2711050 0.0618990 0.0000000 0.0703020 0.8631929 0.0749016 0.1529734 0.3225067 0.0703040 0.0735768 0.0682670 0.1593083 0.0131796 0.0788498 0.0714529 0.0908344 0.0594903 0.2098417 0.0728039 0.1067290 0.0825518 0.0690170 0.5009820 0.3155244 0.2101638 0.4120857 0.1031942 0.2778965 0.2229713 0.1412317 0.1139527 0.2818883 0.0532802 0.0563965 0.2387008 0.0862202 0.0593375 0.0823042 0.4445612 0.1182075 0.2822076 0.0734831 0.0835193 0.1633326 0.0729247 0.0861404 0.3252563 0.1234689 
Perityle_gilensis_salensis_225             0.1847605 0.4612627 0.3114540 0.2986757 0.0815932 0.3226793 0.2997902 0.1173855 0.4028373 0.1680582 0.1369368 0.0773606 0.0544699 0.1873307 0.0252195 0.2742947 0.1234973 0.3157969 0.1746287 0.0560406 0.1069330 0.0406658 0.2835306 0.0736806 0.1287296 0.1592284 0.0738835 0.0900035 0.2508363 0.1537440 0.3296669 0.2914500 0.2071619 0.2074175 0.1273485 0.1953723 0.1233633 0.2709299 0.0960427 0.0703020 0.0000000 0.8373379 0.0449849 0.1382379 0.3255065 0.0947645 0.0431692 0.0433292 0.1466756 0.0789584 0.0492708 0.0400571 0.0740228 0.0236464 0.1900458 0.0992306 0.1031679 0.0611105 0.0400017 0.4768662 0.3093941 0.1764867 0.4084728 0.0810481 0.2522639 0.2275006 0.1341990 0.1102708 0.2912507 0.0951084 0.0742057 0.2194811 0.0885741 0.0566210 0.1227977 0.4400777 0.1117793 0.2530245 0.0722520 0.0474875 0.1599175 0.0438340 0.0666804 0.2956191 0.1007926 
Perityle_glaucescens_94                    0.7711606 0.3196923 1.0132270 0.5715999 0.7980943 0.2423808 0.9461879 0.2788959 0.4022164 0.5979248 0.6707902 0.7642917 0.6268649 0.5956297 0.1868858 0.7685832 0.6947006 0.2505428 0.1979114 0.8034065 0.8157099 0.7804106 0.2462731 0.6329267 0.3365008 0.7479733 0.5707801 0.5680302 0.0858473 0.2244600 0.2478043 0.2597866 0.6810852 0.7453876 0.3476669 0.2099201 0.8236650 0.5779114 0.8356298 0.8631929 0.8373379 0.0000000 0.3015775 0.1303929 0.5778035 0.6831084 0.6469273 0.6535413 0.1226268 0.6896619 0.6356744 0.8170638 0.5849293 0.8079762 0.2074814 0.8007600 0.3441840 0.9330240 0.6136899 0.1510117 0.1791759 0.2448643 0.2930719 0.5601681 0.2424820 0.6756016 0.5104495 0.5199076 0.1728529 0.8208661 0.6157007 0.1927005 0.6294553 0.6134591 0.7365470 0.3329918 0.5145086 0.1743314 0.8418665 0.8173117 0.0499449 0.5981370 0.3281748 0.1022581 0.7373592 
Perityle_gracilis_11                       0.1884798 0.3211037 0.3726657 0.2912179 0.0899506 0.1867939 0.3447937 0.1060388 0.3234470 0.1855956 0.1448642 0.0829661 0.0759266 0.2645873 0.0801055 0.3266957 0.1352979 0.2668681 0.1705802 0.0634926 0.1078637 0.0211516 0.1983371 0.1057565 0.1635609 0.1546368 0.1032692 0.1218120 0.1999500 0.1515380 0.2419491 0.2569338 0.2160395 0.2114754 0.1523553 0.1935179 0.1190773 0.2719761 0.1045910 0.0749016 0.0449849 0.3015775 0.0000000 0.1361949 0.3206803 0.1063285 0.0209252 0.0302867 0.1409954 0.0914055 0.0637849 0.0416034 0.1008325 0.0249628 0.1745644 0.1148977 0.1469601 0.0471874 0.0426455 0.2586766 0.1575272 0.1455417 0.2957373 0.1087186 0.2254414 0.3061535 0.1848603 0.1384639 0.2068701 0.0950674 0.1054945 0.1965973 0.1041482 0.0739437 0.1313178 0.3094962 0.1621485 0.2191483 0.0738502 0.0611501 0.1061069 0.0444709 0.0898992 0.2187405 0.1120528 
Perityle_harkerae_31                       0.2327036 0.3001702 0.3918942 0.3253627 0.1568441 0.1850074 0.3706870 0.1184805 0.3036625 0.2269287 0.1868144 0.1613871 0.1221710 0.3046257 0.0618892 0.3508305 0.1728671 0.2207059 0.1385825 0.1026925 0.1439391 0.1478211 0.2112110 0.1759136 0.1887480 0.2283225 0.1639247 0.1861990 0.1419246 0.1482812 0.2414470 0.2716582 0.2589056 0.2456051 0.1800735 0.1397084 0.1559378 0.2947723 0.1455681 0.1529734 0.1382379 0.1303929 0.1361949 0.0000000 0.3680412 0.1720621 0.1560611 0.1516925 0.0192139 0.1630684 0.1615039 0.1445867 0.1578561 0.0787533 0.1638837 0.1092423 0.1516970 0.1665819 0.1588159 0.1738887 0.1409851 0.1627956 0.2863537 0.1795272 0.1994824 0.4035022 0.2305968 0.2194123 0.1969668 0.1343162 0.1750782 0.1710862 0.1895701 0.1619845 0.1739129 0.3040662 0.1725021 0.1860290 0.1591352 0.1591397 0.0866941 0.1639272 0.1562396 0.1268149 0.1055787 
