83
Amauria_brandeegeana_62                    0.0000000 0.0857073 0.1270654 0.2459520 0.1724045 0.2025968 0.5602342 0.0177020 0.1956541 0.1757853 0.2488668 0.2316278 0.1022069 0.3451351 0.2984832 0.1598488 0.2794191 0.2579953 0.1339917 0.2324495 0.2767456 0.2114255 0.3225036 0.4460711 0.3793639 0.2445872 0.1140750 0.2040595 0.1676180 0.3769417 0.2392761 0.2794775 0.0894769 0.2143115 0.1924353 0.3218503 0.2743908 0.2998617 0.2475356 0.1763205 0.3033638 0.1500186 0.3646563 0.2771866 0.3317751 0.3155108 0.2071425 0.2219628 0.2164495 0.3033914 0.3754036 0.2561098 0.0303786 0.1170529 0.1430270 0.3253170 0.2953268 0.1530568 0.1545876 0.2665509 0.1013988 0.2712257 0.2246617 0.3716726 0.1951652 0.1972537 0.1635597 0.2483664 0.2959332 0.1701943 0.3107087 0.1061747 0.1181263 0.1117372 0.2146902 0.2186957 0.2795675 0.2964596 0.1756236 0.2716247 0.1787870 0.1661085 0.1734475 
Amauria_carterae_99_mesa                   0.0857073 0.0000000 0.1094966 0.2386858 0.1791960 0.1906374 0.3959111 0.0882107 0.1758857 0.1235828 0.1260197 0.1210162 0.0995468 0.2509918 0.1254878 0.1620612 0.2557199 0.1255444 0.1005845 0.1305605 0.1321503 0.1167129 0.1324241 0.2559439 0.2285130 0.2033383 0.1336831 0.1875769 0.1577294 0.2572438 0.1576500 0.1349849 0.1118107 0.1823249 0.1977289 0.2846948 0.2463978 0.1345961 0.1233807 0.1743190 0.1301243 0.1842577 0.2800394 0.1209017 0.1486970 0.1345653 0.1922889 0.1240054 0.1261759 0.1202906 0.2344745 0.2202700 0.0407674 0.1456414 0.1151853 0.1371074 0.1306397 0.1554581 0.1550927 0.2762608 0.1054733 0.1344682 0.1942399 0.2392578 0.1762159 0.1736691 0.1111112 0.2159665 0.1254750 0.1378864 0.1303745 0.1047571 0.1216188 0.1065792 0.1675689 0.2008528 0.1302676 0.1346373 0.1938561 0.1305605 0.1497573 0.1469550 0.1766308 
Amauria_rotundifolia_SRR9119150            0.1270654 0.1094966 0.0000000 0.3181956 0.1661967 0.2371583 0.5319427 0.0970395 0.2656065 0.2181950 0.2788322 0.2656970 0.1075340 0.3350584 0.3518384 0.1418054 0.2700189 0.2719606 0.1342707 0.2636363 0.3115924 0.2084677 0.3507213 0.4559018 0.4434650 0.2228045 0.1247214 0.2346639 0.1979778 0.3814547 0.2580991 0.3183340 0.0161265 0.2696395 0.1956014 0.3066338 0.2561166 0.3539222 0.2519232 0.1899109 0.2822891 0.1741204 0.4535304 0.3150378 0.3768868 0.3689540 0.1989703 0.2372038 0.2262380 0.2967622 0.3871438 0.2398954 0.0303786 0.1194112 0.1590378 0.3063643 0.3346829 0.1863026 0.1501090 0.2625857 0.0963135 0.3509508 0.2871731 0.3474275 0.2326167 0.2280273 0.1530186 0.2826768 0.3489781 0.1675015 0.3649178 0.1111629 0.1253803 0.1092825 0.2063221 0.2497566 0.3444816 0.3122765 0.1817666 0.3172999 0.1755871 0.1618522 0.1735096 
Conoclinium_coelestinum_SRR9119114         0.2459520 0.2386858 0.3181956 0.0000000 0.2540070 0.1211541 0.6096315 0.2479931 0.2566259 0.1843535 0.2837499 0.2797501 0.1950240 0.5259354 0.3285645 0.2892729 0.3897893 0.2909376 0.2720281 0.2946974 0.2779181 0.2609578 0.3105200 0.4844527 0.4332211 0.3185877 0.2346712 0.1471081 0.3196193 0.4813130 0.2453033 0.2962789 0.3128777 0.3558924 0.4684121 0.5126718 0.5420422 0.2939317 0.2893174 0.3479079 0.3103274 0.3566992 0.4970344 0.2668741 0.3306649 0.3220448 0.3220249 0.2803400 0.2789586 0.3076959 0.4657382 0.4727314 0.0000010 0.2289483 0.2884439 0.3111519 0.3215755 0.2935103 0.1825350 0.5410276 0.1601824 0.3009565 0.3185196 0.4774931 0.3014876 0.3000627 0.2246435 0.4546631 0.2832565 0.2421308 0.3248052 0.2272241 0.1641140 0.2211753 0.3009487 0.3737065 0.3045421 0.3018414 0.2929810 0.3221884 0.2688733 0.2899693 0.3506129 
Eutetras_palmeri_63                        0.1724045 0.1791960 0.1661967 0.2540070 0.0000000 0.1735072 0.5558940 0.1810918 0.1181027 0.1484752 0.2256900 0.2127085 0.1405855 0.3860457 0.2728731 0.1532344 0.2321662 0.2330418 0.1684411 0.2188196 0.2628571 0.1824469 0.3061299 0.4458773 0.4167210 0.1957214 0.1477868 0.2411801 0.1678169 0.4064255 0.2183870 0.2805702 0.1645637 0.2234097 0.2375611 0.3541047 0.2717150 0.2801278 0.2310122 0.2296954 0.2948987 0.2230397 0.3732451 0.2599118 0.3279383 0.3018750 0.2194691 0.2193121 0.2301643 0.2657194 0.4002856 0.2640329 0.0512945 0.1436235 0.2191803 0.3088159 0.2815664 0.1952801 0.2035357 0.3175944 0.1234367 0.2706847 0.2071546 0.3910610 0.1848012 0.1795553 0.2217737 0.2452173 0.2671486 0.1621352 0.3059848 0.1459699 0.1324804 0.1419094 0.2092403 0.2136505 0.2566128 0.2707756 0.2133295 0.2683015 0.1677540 0.1876889 0.2280342 
Eutrochium_fistulosum_SRR9119106           0.2025968 0.1906374 0.2371583 0.1211541 0.1735072 0.0000000 0.6041744 0.1592674 0.2263715 0.2861106 0.3363162 0.3357541 0.1523908 0.4113652 0.3903478 0.1966903 0.3475457 0.3499641 0.1984177 0.3180042 0.3347164 0.2905690 0.3770952 0.4473635 0.4586687 0.2823522 0.1553767 0.2423431 0.2257207 0.4359149 0.3080370 0.3566072 0.1816010 0.3076756 0.2609584 0.3529637 0.3510930 0.3813929 0.3037350 0.2502160 0.3668586 0.2194748 0.4798914 0.3568617 0.4155754 0.3860517 0.3167550 0.2585775 0.3008126 0.3697227 0.4313329 0.3268460 0.0749282 0.1663447 0.2119508 0.3724568 0.3648309 0.2041349 0.2143883 0.3301845 0.1359838 0.3470092 0.2812762 0.4276755 0.2468997 0.2446334 0.2449136 0.3592649 0.3673242 0.2323754 0.3641216 0.1643173 0.1753574 0.1679434 0.2256409 0.3031538 0.3441234 0.3497195 0.2266818 0.3423289 0.2319466 0.2330229 0.2030423 
Helianthus_annuus_SRR9119062               0.5602342 0.3959111 0.5319427 0.6096315 0.5558940 0.6041744 0.0000000 0.5760537 0.5933533 0.2272160 0.6012175 0.5895287 0.2235907 0.6055107 0.6962435 0.5539991 0.3375160 0.6152605 0.4614234 0.5945426 0.7039775 0.5397573 0.7230241 0.7523936 0.6949653 0.5890598 0.4088939 0.2372664 0.5459734 0.7486770 0.5277560 0.6855904 0.5331776 0.5688234 0.3778203 0.6152430 0.4430806 0.7193751 0.6218445 0.5588237 0.7132463 0.5458137 0.5699938 0.6855895 0.7164838 0.7138902 0.3950048 0.5611365 0.5801638 0.6900035 0.6786756 0.4565145 0.0559183 0.2044664 0.4181791 0.7146977 0.6586704 0.5415030 0.1200149 0.4619148 0.1291588 0.6489342 0.5979009 0.6756139 0.6016511 0.5949635 0.4989575 0.4372094 0.7229544 0.4476312 0.6636195 0.3186232 0.1458067 0.2631413 0.6141331 0.5526399 0.6674875 0.6426159 0.3330985 0.6803468 0.5804029 0.4717537 0.2949397 
Lycapsus_tenuifolius_17                    0.0177020 0.0882107 0.0970395 0.2479931 0.1810918 0.1592674 0.5760537 0.0000000 0.1551470 0.1261666 0.2068125 0.1878638 0.1022069 0.3084948 0.2414592 0.1564540 0.2075108 0.2095340 0.1345398 0.2016509 0.2462780 0.1680101 0.2787071 0.4072202 0.3339174 0.1755198 0.1101594 0.2006739 0.1587109 0.3468613 0.1920541 0.2363782 0.0951581 0.1617434 0.1957751 0.3143251 0.2320613 0.2557820 0.2020856 0.1427597 0.2578143 0.1470813 0.3101187 0.2236942 0.2826798 0.2652335 0.1460072 0.2002814 0.2172353 0.2359577 0.3566838 0.2087789 0.0303786 0.1096521 0.1357443 0.2788481 0.2493018 0.1582043 0.1543401 0.2626561 0.0961908 0.2251403 0.1763242 0.3302309 0.1630357 0.1617663 0.1681930 0.1979831 0.2540084 0.1220097 0.2995324 0.1113755 0.1103947 0.1145992 0.1703983 0.1796758 0.2368710 0.2332159 0.1762898 0.2401973 0.1394054 0.1703289 0.1623728 
Pericome_caudata_50_silver                 0.1956541 0.1758857 0.2656065 0.2566259 0.1181027 0.2263715 0.5933533 0.1551470 0.0000000 0.2939700 0.3507761 0.3276692 0.1510111 0.4197497 0.3879063 0.1627099 0.3170819 0.3290850 0.1820742 0.3459355 0.3329632 0.2576940 0.3865216 0.4611190 0.4732404 0.2318338 0.1435921 0.2533850 0.1901082 0.4101055 0.3085016 0.3816752 0.1473373 0.3192560 0.2633175 0.3737091 0.3180691 0.3730129 0.3013766 0.2499971 0.3385854 0.2298806 0.4901984 0.3986631 0.4778870 0.4269399 0.2791067 0.2645365 0.2791852 0.3287082 0.4527022 0.3215030 0.0619321 0.1321302 0.2317337 0.3736159 0.4068542 0.1733143 0.2445366 0.3295192 0.1311476 0.4037341 0.2956865 0.3896150 0.2447130 0.2267132 0.2333344 0.3668192 0.3771821 0.2083234 0.3726315 0.1611653 0.1585170 0.1606223 0.2249774 0.3016569 0.3773892 0.3597058 0.2289431 0.3841748 0.2008168 0.2106924 0.2217402 
Perityle_aglossa_84_dead_horse             0.1757853 0.1235828 0.2181950 0.1843535 0.1484752 0.2861106 0.2272160 0.1261666 0.2939700 0.0000000 0.1187262 0.1843793 0.0444213 0.1579909 0.1495087 0.1536636 0.2945851 0.1107183 0.0374750 0.1225085 0.1062736 0.1025865 0.1606033 0.1483815 0.2135304 0.2343945 0.1256911 0.2037509 0.1720477 0.2286322 0.2336310 0.1247547 0.1260110 0.2448731 0.0900087 0.1836529 0.1542612 0.2002995 0.1002870 0.2037082 0.0598907 0.1523067 0.3594434 0.1296871 0.1470801 0.1881170 0.2178189 0.0429444 0.1019000 0.1176811 0.1701688 0.0944778 0.0507851 0.1033751 0.0556281 0.1364688 0.1791871 0.1522744 0.1352080 0.2014515 0.0430145 0.0318345 0.2401291 0.1646440 0.2676787 0.2722317 0.0366436 0.1667408 0.1849208 0.1842038 0.1126943 0.0545911 0.0443247 0.0519872 0.1723527 0.2665912 0.1427684 0.1069470 0.1699209 0.1225085 0.2028511 0.1390714 0.1338519 
Perityle_ajoensis_204                      0.2488668 0.1260197 0.2788322 0.2837499 0.2256900 0.3363162 0.6012175 0.2068125 0.3507761 0.1187262 0.0000000 0.1837573 0.0375028 0.3258739 0.1245239 0.2476600 0.2988268 0.0847829 0.0488488 0.0318469 0.1103745 0.0966772 0.1815649 0.3335554 0.3350689 0.3141222 0.1191016 0.2166656 0.2616966 0.3917095 0.2039812 0.0715785 0.2019548 0.3593815 0.1592584 0.3534794 0.2148228 0.1775913 0.1136755 0.2995706 0.0950375 0.2716150 0.4802731 0.1531107 0.0976918 0.2159715 0.2405884 0.0541823 0.0983396 0.1180204 0.3208026 0.1729378 0.0403139 0.0839542 0.1065724 0.1688020 0.1607930 0.2475089 0.1261597 0.2893494 0.0377211 0.1444175 0.3136179 0.3133052 0.3386125 0.3469674 0.0514357 0.1266465 0.1815707 0.1869347 0.1831615 0.0461880 0.0402309 0.0395128 0.2733271 0.3321988 0.1089988 0.1326382 0.1615261 0.0386281 0.2725814 0.1615423 0.1345715 
Perityle_ambrosiifolia_67_green            0.2316278 0.1210162 0.2656970 0.2797501 0.2127085 0.3357541 0.5895287 0.1878638 0.3276692 0.1843793 0.1837573 0.0000000 0.0348276 0.2843782 0.1766009 0.2218831 0.2703087 0.1542130 0.0499112 0.1712433 0.1213942 0.1061417 0.0880676 0.2984809 0.2819071 0.3087984 0.1205675 0.2354383 0.2451147 0.3429501 0.2658987 0.1797658 0.1791873 0.3245697 0.1766209 0.3365286 0.1850321 0.1041363 0.0833856 0.2657091 0.0945404 0.2485881 0.4400508 0.1590958 0.1626422 0.0897438 0.2249681 0.0480301 0.1165058 0.1285204 0.2994168 0.2343853 0.0300041 0.0810784 0.1056594 0.0877311 0.1124954 0.2383648 0.1347663 0.2966306 0.0448896 0.1906687 0.3080629 0.2618272 0.3490149 0.3475564 0.0432970 0.2611145 0.1050909 0.1926791 0.1136979 0.0415088 0.0439815 0.0391779 0.2717592 0.3413263 0.1656457 0.1372584 0.1571882 0.1689037 0.2629070 0.1769253 0.1333084 
Perityle_angustifolia_13_Eagle_creek       0.1022069 0.0995468 0.1075340 0.1950240 0.1405855 0.1523908 0.2235907 0.1022069 0.1510111 0.0444213 0.0375028 0.0348276 0.0000000 0.1045123 0.0396592 0.1215468 0.1820983 0.0394553 0.0348757 0.0398873 0.0515922 0.0421270 0.0187234 0.1076786 0.1254744 0.1568740 0.1108970 0.1774206 0.1181461 0.1440414 0.1314510 0.0442442 0.1077336 0.1208165 0.0838658 0.1748808 0.0971335 0.0640097 0.0444485 0.1118129 0.0207328 0.1190607 0.2105110 0.0299156 0.0459121 0.0234515 0.1151177 0.0467835 0.0469351 0.0304925 0.0989689 0.0679183 0.0512650 0.1042065 0.0662443 0.0234981 0.0308010 0.1477410 0.1499987 0.1809402 0.0519482 0.0492294 0.1557535 0.1132567 0.1185682 0.1242418 0.0661429 0.0654576 0.0444096 0.1103608 0.0230567 0.0259020 0.0514349 0.0187234 0.1195497 0.1360291 0.0421822 0.0492294 0.1554785 0.0398873 0.1210050 0.1053209 0.1277956 
Perityle_batopilensis_97                   0.3451351 0.2509918 0.3350584 0.5259354 0.3860457 0.4113652 0.6055107 0.3084948 0.4197497 0.1579909 0.3258739 0.2843782 0.1045123 0.0000000 0.3274018 0.4140542 0.3101351 0.3175705 0.2365311 0.3273380 0.3165577 0.3074169 0.2706767 0.3274971 0.2952888 0.4236458 0.2528524 0.2414136 0.4083047 0.3954355 0.3794291 0.3101434 0.3199746 0.4163945 0.2286890 0.3944490 0.0568033 0.2869830 0.2277721 0.4007596 0.2980544 0.3842654 0.4825214 0.3234817 0.2901567 0.2634641 0.3332593 0.1993661 0.3464247 0.3287569 0.3257137 0.2755165 0.0616370 0.0922232 0.2358514 0.2727216 0.2913844 0.4021320 0.1627577 0.3506174 0.0425241 0.3254632 0.4072255 0.3124537 0.4086146 0.4209494 0.2750481 0.2407791 0.2663936 0.3281420 0.3437179 0.1499210 0.0480606 0.1166183 0.4112633 0.4334022 0.3004494 0.3364370 0.2920067 0.3290950 0.3907329 0.3400715 0.1084167 
Perityle_bisetosa_9                        0.2984832 0.1254878 0.3518384 0.3285645 0.2728731 0.3903478 0.6962435 0.2414592 0.3879063 0.1495087 0.1245239 0.1766009 0.0396592 0.3274018 0.0000000 0.2581535 0.2946352 0.1140532 0.0357103 0.1148289 0.1653283 0.1077369 0.2791820 0.4514285 0.3922727 0.3622273 0.1116631 0.1996312 0.3722892 0.4007896 0.2823445 0.1187069 0.2413525 0.4937308 0.1676851 0.3375102 0.2228626 0.2531205 0.1747867 0.3159537 0.1486675 0.2861582 0.4861544 0.1188305 0.2493971 0.2730211 0.2332626 0.0763545 0.0978274 0.1204300 0.4163159 0.1897809 0.0302836 0.0809789 0.0947628 0.2180466 0.1831399 0.3672183 0.1354782 0.2693677 0.0400542 0.2043357 0.4128439 0.3676490 0.3794021 0.3759376 0.0563107 0.2140309 0.1628766 0.1981846 0.3028614 0.0459301 0.0317183 0.0393094 0.3325754 0.3867831 0.1685955 0.1430545 0.1598821 0.1155559 0.3147241 0.1631107 0.1364151 
Perityle_californica_76_positas            0.1598488 0.1620612 0.1418054 0.2892729 0.1532344 0.1966903 0.5539991 0.1564540 0.1627099 0.1536636 0.2476600 0.2218831 0.1215468 0.4140542 0.2581535 0.0000000 0.2189062 0.2510986 0.1718708 0.2462743 0.2548447 0.2068092 0.2662207 0.4270829 0.3799811 0.1732468 0.1216594 0.2002492 0.0509224 0.3443659 0.1983985 0.2694940 0.1437281 0.1937748 0.2481676 0.3423444 0.2871933 0.2636482 0.2107634 0.1881230 0.2578735 0.1912948 0.3197944 0.2550799 0.2849501 0.2575731 0.2082069 0.1852019 0.2119541 0.2515295 0.3733542 0.2885455 0.0302226 0.1276686 0.1892268 0.2638785 0.2676034 0.1617429 0.1444256 0.2817780 0.1152486 0.2564315 0.1667343 0.3649740 0.1930391 0.1891187 0.2012951 0.2645838 0.2617112 0.1417995 0.2634108 0.1241495 0.1437403 0.1237532 0.1918900 0.1551663 0.2455929 0.2563386 0.1808571 0.2577048 0.1408956 0.1163631 0.1946161 
Perityle_canescens_77                      0.2794191 0.2557199 0.2700189 0.3897893 0.2321662 0.3475457 0.3375160 0.2075108 0.3170819 0.2945851 0.2988268 0.2703087 0.1820983 0.3101351 0.2946352 0.2189062 0.0000000 0.3032850 0.2036142 0.2916124 0.2853724 0.2498128 0.2489437 0.2798068 0.3059580 0.2658267 0.2223623 0.2583331 0.2554162 0.2724496 0.3073499 0.3029622 0.2064323 0.2740882 0.1883140 0.1570062 0.3031827 0.2554677 0.2541173 0.2327140 0.2561709 0.1655823 0.2710576 0.2942619 0.2881727 0.2512212 0.2651612 0.2122842 0.2531386 0.2996943 0.2825750 0.2825376 0.0301139 0.1890384 0.2156485 0.2471831 0.2515114 0.2186645 0.1132552 0.2271783 0.1478042 0.3070632 0.2480873 0.2719085 0.3155387 0.3316754 0.2519051 0.3361395 0.2594966 0.2900385 0.2516350 0.1859359 0.1726849 0.1695853 0.2875251 0.2565232 0.3042303 0.2948689 0.2204360 0.2916124 0.3005831 0.1957275 0.2251004 
Perityle_castillonii_96                    0.2579953 0.1255444 0.2719606 0.2909376 0.2330418 0.3499641 0.6152605 0.2095340 0.3290850 0.1107183 0.0847829 0.1542130 0.0394553 0.3175705 0.1140532 0.2510986 0.3032850 0.0000000 0.0376217 0.0823857 0.1244490 0.0896958 0.1724909 0.3544050 0.3483978 0.3211449 0.1249124 0.2241106 0.2587702 0.3860621 0.2166957 0.0689007 0.2108030 0.3560830 0.1567749 0.3525931 0.2048353 0.1687648 0.1263024 0.2875182 0.0989950 0.2673852 0.4381610 0.0947927 0.1217901 0.1739739 0.2299239 0.0708999 0.0948292 0.1106297 0.3310994 0.1564881 0.0300041 0.0904582 0.0990387 0.1569412 0.1692155 0.2536874 0.1262162 0.2921317 0.0449926 0.1258309 0.3143797 0.3269598 0.3312423 0.3311680 0.0530533 0.1210731 0.1612942 0.1761959 0.1726945 0.0394016 0.0379663 0.0415632 0.2781479 0.3347720 0.0987227 0.1477443 0.1690594 0.0784637 0.2704716 0.1752102 0.1361868 
Perityle_cernua_84                         0.1339917 0.1005845 0.1342707 0.2720281 0.1684411 0.1984177 0.4614234 0.1345398 0.1820742 0.0374750 0.0488488 0.0499112 0.0348757 0.2365311 0.0357103 0.1718708 0.2036142 0.0376217 0.0000000 0.0469678 0.0444623 0.0427515 0.0488688 0.2536945 0.2401853 0.1911646 0.1191911 0.1941882 0.1635700 0.2623716 0.1661136 0.0481796 0.1344686 0.1810245 0.1410665 0.2701494 0.1772257 0.0624330 0.0342536 0.1736863 0.0429352 0.1764242 0.2795936 0.0358008 0.0707684 0.0434656 0.1366865 0.0339884 0.0399863 0.0451055 0.2107765 0.1790234 0.0403139 0.0971837 0.0655731 0.0471435 0.0547845 0.1757464 0.1257613 0.2442903 0.0469804 0.0508210 0.1903789 0.2072504 0.1927683 0.1927478 0.0330527 0.1549743 0.0392371 0.1293760 0.0395150 0.0358747 0.0392269 0.0321552 0.1915948 0.1781576 0.0374438 0.0515932 0.1572108 0.0471371 0.1610275 0.1608047 0.1454493 
Perityle_cfvillosa_25_tin                  0.2324495 0.1305605 0.2636363 0.2946974 0.2188196 0.3180042 0.5945426 0.2016509 0.3459355 0.1225085 0.0318469 0.1712433 0.0398873 0.3273380 0.1148289 0.2462743 0.2916124 0.0823857 0.0469678 0.0000000 0.0993707 0.0969184 0.1715728 0.3322323 0.3390640 0.2991732 0.1234865 0.2158259 0.2560081 0.3982855 0.2044240 0.0774889 0.2008502 0.3507911 0.1706520 0.3582181 0.1985165 0.1709416 0.1023586 0.2939392 0.1023895 0.2666670 0.4844609 0.1436620 0.1127911 0.2080504 0.2271079 0.0542123 0.1032470 0.1099995 0.3174203 0.1842500 0.0300041 0.0842472 0.1129046 0.1569425 0.1485523 0.2496463 0.1258322 0.2872256 0.0426785 0.1398567 0.2996437 0.3064466 0.3305696 0.3380314 0.0447676 0.1229943 0.1749203 0.1844657 0.1753934 0.0485199 0.0444313 0.0394931 0.2593076 0.3182059 0.1067427 0.1179307 0.1640060 0.0100885 0.2696823 0.1681992 0.1397605 
Perityle_coahuilensis_24                   0.2767456 0.1321503 0.3115924 0.2779181 0.2628571 0.3347164 0.7039775 0.2462780 0.3329632 0.1062736 0.1103745 0.1213942 0.0515922 0.3165577 0.1653283 0.2548447 0.2853724 0.1244490 0.0444623 0.0993707 0.0000000 0.1061992 0.2452485 0.4506841 0.3807665 0.3536200 0.1312531 0.2208064 0.3564669 0.4244385 0.2636572 0.1204362 0.2422951 0.4373429 0.1676641 0.3259681 0.2246800 0.0648323 0.1140677 0.3418126 0.1813758 0.2856959 0.4122664 0.1172641 0.2310267 0.2326828 0.2314649 0.0783443 0.0947516 0.1185055 0.3799645 0.2261583 0.0403139 0.0928511 0.0989371 0.2100998 0.1624587 0.3389056 0.1391293 0.2800849 0.0449574 0.1117278 0.3540099 0.3535444 0.3382876 0.3321122 0.0527121 0.2111229 0.0433368 0.2031684 0.2827659 0.0565610 0.0423600 0.0509708 0.3410121 0.3584666 0.0904634 0.1306020 0.1685516 0.1249621 0.3237986 0.1854987 0.1360029 
Perityle_cochisensis_44_cave_creek         0.2114255 0.1167129 0.2084677 0.2609578 0.1824469 0.2905690 0.5397573 0.1680101 0.2576940 0.1025865 0.0966772 0.1061417 0.0421270 0.3074169 0.1077369 0.2068092 0.2498128 0.0896958 0.0427515 0.0969184 0.1061992 0.0000000 0.1115512 0.3236707 0.2937694 0.2723829 0.1185954 0.2115257 0.2204718 0.3317413 0.2402152 0.0926161 0.1708634 0.2689573 0.1700688 0.3082231 0.2129036 0.1044923 0.0930523 0.2660830 0.0959881 0.2350591 0.3702694 0.0855366 0.1351631 0.1085253 0.2209166 0.0540667 0.1017673 0.1039059 0.2759474 0.2203795 0.0199094 0.0951367 0.1012743 0.1116082 0.1254579 0.2072546 0.1257025 0.2909861 0.0449034 0.1012333 0.2649323 0.2851001 0.2511051 0.2529156 0.0432762 0.1867959 0.0953936 0.1944060 0.1237148 0.0458428 0.0502615 0.0440192 0.2502523 0.2507193 0.0808193 0.1404134 0.1545874 0.0971965 0.2363390 0.1775627 0.1391437 
Perityle_congesta_202                      0.3225036 0.1324241 0.3507213 0.3105200 0.3061299 0.3770952 0.7230241 0.2787071 0.3865216 0.1606033 0.1815649 0.0880676 0.0187234 0.2706767 0.2791820 0.2662207 0.2489437 0.1724909 0.0488688 0.1715728 0.2452485 0.1115512 0.0000000 0.4360570 0.3914472 0.3691725 0.1248899 0.2100201 0.3670270 0.3913604 0.2856023 0.2532090 0.2681841 0.4362735 0.1751287 0.3571294 0.1776232 0.2338562 0.1969020 0.3097290 0.0504392 0.2877142 0.4531894 0.2246262 0.1358497 0.0307017 0.2309633 0.2069479 0.1271876 0.2105382 0.3531480 0.2299899 0.0403139 0.0919031 0.1038174 0.0229494 0.1580929 0.3923328 0.1304891 0.2822900 0.0482418 0.2908148 0.3898825 0.2952192 0.3782215 0.3831345 0.0570102 0.2198381 0.1955463 0.2006758 0.2644705 0.0121664 0.0384169 0.0044893 0.3599766 0.3836001 0.2663377 0.2216323 0.1484748 0.2592858 0.3420904 0.1801910 0.1459117 
Perityle_cordifolia_27                     0.4460711 0.2559439 0.4559018 0.4844527 0.4458773 0.4473635 0.7523936 0.4072202 0.4611190 0.1483815 0.3335554 0.2984809 0.1076786 0.3274971 0.4514285 0.4270829 0.2798068 0.3544050 0.2536945 0.3322323 0.4506841 0.3236707 0.4360570 0.0000000 0.4263934 0.5195107 0.2230121 0.1980688 0.5271614 0.4690635 0.3885693 0.4370190 0.4064913 0.5480756 0.2569801 0.4153427 0.2237638 0.4399859 0.3808468 0.4788664 0.4000112 0.4461976 0.4945747 0.4044039 0.4438499 0.4228483 0.3483427 0.3606317 0.3582574 0.4081796 0.3510557 0.2686818 0.0403118 0.0739658 0.2502296 0.3985543 0.3847497 0.5647740 0.1574513 0.3634461 0.0350601 0.4467785 0.5147898 0.3073734 0.4725334 0.4723237 0.2529638 0.2465785 0.4159495 0.3666393 0.5405114 0.1492902 0.0544903 0.1193095 0.4960469 0.5161281 0.4292160 0.4429282 0.2526258 0.4014316 0.5040595 0.3246866 0.1499064 
Perityle_cordifolia_68_tecolote            0.3793639 0.2285130 0.4434650 0.4332211 0.4167210 0.4586687 0.6949653 0.3339174 0.4732404 0.2135304 0.3350689 0.2819071 0.1254744 0.2952888 0.3922727 0.3799811 0.3059580 0.3483978 0.2401853 0.3390640 0.3807665 0.2937694 0.3914472 0.4263934 0.0000000 0.4995968 0.1990881 0.2201858 0.4732490 0.4778856 0.3662707 0.3767223 0.3700796 0.5554098 0.2234359 0.4052019 0.1917922 0.3974657 0.3115068 0.4139303 0.3581298 0.3976490 0.4611422 0.3724942 0.3937109 0.3933040 0.3129945 0.2822741 0.3311852 0.3644898 0.4449145 0.2919981 0.0407159 0.0062322 0.2461028 0.3526783 0.3856521 0.5209878 0.1596026 0.3262354 0.0724929 0.3897614 0.5216494 0.3497518 0.4726483 0.4830468 0.2798860 0.2550871 0.3808491 0.2874308 0.5044022 0.1555036 0.0714861 0.1353105 0.4473013 0.5330245 0.3844195 0.3695703 0.2673045 0.4016820 0.4214482 0.2423807 0.1384199 
Perityle_coronopifolia_28_patagonia        0.2445872 0.2033383 0.2228045 0.3185877 0.1957214 0.2823522 0.5890598 0.1755198 0.2318338 0.2343945 0.3141222 0.3087984 0.1568740 0.4236458 0.3622273 0.1732468 0.2658267 0.3211449 0.1911646 0.2991732 0.3536200 0.2723829 0.3691725 0.5195107 0.4995968 0.0000000 0.1581477 0.2838234 0.2204080 0.3922606 0.2856399 0.3641025 0.1863465 0.2470794 0.2886052 0.3167831 0.3257629 0.3585904 0.3194085 0.2021366 0.3295553 0.1689676 0.3846938 0.3648582 0.3920484 0.3697120 0.2254761 0.2806451 0.2765243 0.3243383 0.4414061 0.3743610 0.0199273 0.1748347 0.2255372 0.3468744 0.3323585 0.1587539 0.1175962 0.2713724 0.1517688 0.3493047 0.0987999 0.4416862 0.2352251 0.2401106 0.2346355 0.3362292 0.3534353 0.2174819 0.3724722 0.1639492 0.1739884 0.1630208 0.2558821 0.1709373 0.3527754 0.3616173 0.1574915 0.3503030 0.2363546 0.1912763 0.2419766 
Perityle_crassifolia_70_ventanas           0.1140750 0.1336831 0.1247214 0.2346712 0.1477868 0.1553767 0.4088939 0.1101594 0.1435921 0.1256911 0.1191016 0.1205675 0.1108970 0.2528524 0.1116631 0.1216594 0.2223623 0.1249124 0.1191911 0.1234865 0.1312531 0.1185954 0.1248899 0.2230121 0.1990881 0.1581477 0.0000000 0.0865953 0.1248762 0.1993227 0.0687843 0.1289592 0.1248371 0.1880823 0.1957543 0.2674268 0.2294664 0.1377381 0.1314341 0.1756140 0.1295408 0.1849609 0.2425061 0.1163929 0.1376352 0.1312521 0.1855898 0.1164576 0.1285491 0.1179082 0.2038565 0.2137810 0.0511528 0.1241485 0.1442824 0.1337436 0.1294527 0.1692202 0.1904754 0.2283425 0.1071754 0.1332479 0.1590897 0.2095564 0.1495065 0.1516080 0.1351312 0.1862660 0.1291643 0.0000010 0.1316654 0.1181962 0.1148905 0.1143001 0.1504035 0.1794001 0.1145511 0.1355159 0.1620215 0.1234865 0.0128778 0.1048261 0.1712783 
Perityle_crassifolia_74_playa_balandra     0.2040595 0.1875769 0.2346639 0.1471081 0.2411801 0.2423431 0.2372664 0.2006739 0.2533850 0.2037509 0.2166656 0.2354383 0.1774206 0.2414136 0.1996312 0.2002492 0.2583331 0.2241106 0.1941882 0.2158259 0.2208064 0.2115257 0.2100201 0.1980688 0.2201858 0.2838234 0.0865953 0.0000000 0.2079994 0.2541631 0.1513064 0.2206555 0.2166186 0.2660268 0.2168421 0.2267043 0.2005286 0.2465445 0.1917195 0.2588722 0.2094851 0.2466782 0.2625036 0.2055952 0.2269755 0.2133010 0.2244287 0.1879375 0.2089245 0.2085889 0.2105293 0.1950183 0.0511528 0.1859572 0.1590083 0.2101787 0.2251191 0.2257183 0.1957869 0.2538574 0.1807700 0.2393800 0.2675621 0.2100176 0.2397724 0.2459454 0.1721711 0.2269446 0.2285807 0.0865953 0.2172116 0.1961114 0.1764926 0.1860313 0.2208367 0.2747133 0.2168611 0.2322941 0.1827899 0.2158259 0.0989950 0.1722130 0.1538085 
Perityle_cuneata_34_cuneata_San_antonio    0.1676180 0.1577294 0.1979778 0.3196193 0.1678169 0.2257207 0.5459734 0.1587109 0.1901082 0.1720477 0.2616966 0.2451147 0.1181461 0.4083047 0.3722892 0.0509224 0.2554162 0.2587702 0.1635700 0.2560081 0.3564669 0.2204718 0.3670270 0.5271614 0.4732490 0.2204080 0.1248762 0.2079994 0.0000000 0.3496645 0.2450034 0.3155047 0.1355675 0.2485891 0.2447321 0.3434944 0.3055964 0.3641507 0.3022484 0.2049553 0.3052133 0.1959559 0.3668008 0.3245033 0.3722240 0.3466904 0.2120884 0.2850199 0.2492803 0.2995279 0.3889284 0.2875640 0.0404869 0.1316271 0.2055433 0.3200827 0.3379828 0.1989085 0.1600706 0.2861389 0.1312232 0.3430625 0.2610533 0.3893366 0.1985025 0.2007625 0.1842797 0.2693447 0.3394719 0.2004738 0.3962752 0.1253980 0.1557115 0.1198748 0.2206935 0.2069817 0.3360056 0.3240836 0.1912226 0.3291699 0.1931254 0.1187835 0.2020762 
Perityle_cuneata_4                         0.3769417 0.2572438 0.3814547 0.4813130 0.4064255 0.4359149 0.7486770 0.3468613 0.4101055 0.2286322 0.3917095 0.3429501 0.1440414 0.3954355 0.4007896 0.3443659 0.2724496 0.3860621 0.2623716 0.3982855 0.4244385 0.3317413 0.3913604 0.4690635 0.4778856 0.3922606 0.1993227 0.2541631 0.3496645 0.0000000 0.3274942 0.4349652 0.3551140 0.3840643 0.2926646 0.3751685 0.3138268 0.4187407 0.3471013 0.3737562 0.3974103 0.3552558 0.4453043 0.3840432 0.4175711 0.4026181 0.2574496 0.3128717 0.3671019 0.3773532 0.4749513 0.3399839 0.0508854 0.1526093 0.2527136 0.3959279 0.4037990 0.4008094 0.1507010 0.3082877 0.1367527 0.4156331 0.3926523 0.4625390 0.4103681 0.4120415 0.2847978 0.3232852 0.4115424 0.2688302 0.4565519 0.1798162 0.1609348 0.1560164 0.3966629 0.3867089 0.4000912 0.4178571 0.2070013 0.4282446 0.3888438 0.2550536 0.2223132 
Perityle_discoidea_81                      0.2392761 0.1576500 0.2580991 0.2453033 0.2183870 0.3080370 0.5277560 0.1920541 0.3085016 0.2336310 0.2039812 0.2658987 0.1314510 0.3794291 0.2823445 0.1983985 0.3073499 0.2166957 0.1661136 0.2044240 0.2636572 0.2402152 0.2856023 0.3885693 0.3662707 0.2856399 0.0687843 0.1513064 0.2450034 0.3274942 0.0000000 0.2206659 0.1936375 0.3553663 0.2531981 0.3379853 0.2899921 0.2962551 0.2322786 0.2819031 0.2384806 0.2514685 0.3836497 0.2524136 0.2543807 0.2934811 0.2660267 0.1524880 0.2336176 0.2692342 0.3626178 0.2823196 0.0511528 0.1342678 0.1920230 0.2848041 0.2662219 0.2166407 0.1608746 0.2605221 0.1203112 0.2626685 0.2865606 0.3569695 0.3010448 0.3058198 0.1896954 0.2294424 0.2879488 0.1291208 0.2421470 0.1263294 0.1554376 0.1259985 0.2635934 0.3155666 0.2143228 0.2877587 0.1831738 0.2071515 0.1747576 0.1497216 0.1926035 
Perityle_dissecta_201                      0.2794775 0.1349849 0.3183340 0.2962789 0.2805702 0.3566072 0.6855904 0.2363782 0.3816752 0.1247547 0.0715785 0.1797658 0.0442442 0.3101434 0.1187069 0.2694940 0.3029622 0.0689007 0.0481796 0.0774889 0.1204362 0.0926161 0.2532090 0.4370190 0.3767223 0.3641025 0.1289592 0.2206555 0.3155047 0.4349652 0.2206659 0.0000000 0.2409538 0.4112314 0.1701501 0.3469927 0.2199657 0.1751938 0.1090006 0.3022245 0.1540107 0.2841423 0.4842605 0.1105000 0.1742517 0.2713013 0.2347778 0.0562388 0.1024112 0.1120951 0.3929215 0.1688350 0.0512650 0.0879372 0.1124227 0.2297915 0.1884285 0.3110274 0.1356632 0.2885045 0.0474178 0.1122617 0.3765359 0.3645446 0.3756136 0.3750285 0.0597989 0.1199492 0.1710558 0.1881111 0.2591894 0.0502803 0.0358102 0.0489078 0.3185609 0.3735450 0.1139926 0.1068080 0.1664935 0.0755404 0.3025953 0.1781576 0.1424011 
Perityle_emoryi_47_punta_san_jose          0.0894769 0.1118107 0.0161265 0.3128777 0.1645637 0.1816010 0.5331776 0.0951581 0.1473373 0.1260110 0.2019548 0.1791873 0.1077336 0.3199746 0.2413525 0.1437281 0.2064323 0.2108030 0.1344686 0.2008502 0.2422951 0.1708634 0.2681841 0.4064913 0.3700796 0.1863465 0.1248371 0.2166186 0.1355675 0.3551140 0.1936375 0.2409538 0.0000000 0.1890841 0.1959377 0.3025740 0.2314319 0.2621305 0.2000739 0.1719150 0.2604149 0.1746894 0.3376752 0.2227081 0.2912155 0.2625264 0.1643388 0.1937118 0.2285769 0.2403414 0.3429998 0.2088679 0.0303786 0.1220485 0.1567162 0.2739312 0.2584237 0.1466577 0.1411403 0.2659275 0.1044978 0.2293756 0.1979972 0.3238939 0.1546046 0.1555342 0.1535206 0.2116974 0.2499218 0.1352137 0.2947886 0.1089509 0.1100727 0.1068461 0.1778697 0.1811510 0.2454852 0.2345019 0.1794190 0.2426354 0.1444081 0.1617277 0.1678881 
Perityle_feddemae_99                       0.2143115 0.1823249 0.2696395 0.3558924 0.2234097 0.3076756 0.5688234 0.1617434 0.3192560 0.2448731 0.3593815 0.3245697 0.1208165 0.4163945 0.4937308 0.1937748 0.2740882 0.3560830 0.1810245 0.3507911 0.4373429 0.2689573 0.4362735 0.5480756 0.5554098 0.2470794 0.1880823 0.2660268 0.2485891 0.3840643 0.3553663 0.4112314 0.1890841 0.0000000 0.2500828 0.2983225 0.3036663 0.4464989 0.3661687 0.0661840 0.3387993 0.0388973 0.4200541 0.4011358 0.4364146 0.4274586 0.0944053 0.3237321 0.2786484 0.3716869 0.4565845 0.3378310 0.0098925 0.1547203 0.2045752 0.3842100 0.3931019 0.2407070 0.0907709 0.2871591 0.1328430 0.4369594 0.2920115 0.4337494 0.2778715 0.2849872 0.1919774 0.3508755 0.4328998 0.2736384 0.4459744 0.1252432 0.1307438 0.1168322 0.2662986 0.2508717 0.4618636 0.3811284 0.1534356 0.4283509 0.2670741 0.2144265 0.1821193 
Perityle_fosteri_93                        0.1924353 0.1977289 0.1956014 0.4684121 0.2375611 0.2609584 0.3778203 0.1957751 0.2633175 0.0900087 0.1592584 0.1766209 0.0838658 0.2286890 0.1676851 0.2481676 0.1883140 0.1567749 0.1410665 0.1706520 0.1676641 0.1700688 0.1751287 0.2569801 0.2234359 0.2886052 0.1957543 0.2168421 0.2447321 0.2926646 0.2531981 0.1701501 0.1959377 0.2500828 0.0000000 0.2923942 0.1724666 0.1845087 0.1620977 0.2462230 0.1721461 0.2470657 0.2386059 0.1675600 0.1639057 0.1681464 0.2461106 0.1463597 0.1485000 0.1676445 0.1734117 0.0671565 0.0507329 0.0926320 0.1781825 0.1753264 0.1729948 0.2583631 0.1394195 0.2109506 0.0491840 0.1836355 0.2866233 0.1946269 0.2669376 0.2697623 0.1772501 0.1727763 0.1611236 0.2366068 0.1789072 0.0974681 0.0516492 0.0931672 0.2628524 0.2654496 0.1715387 0.1839412 0.2447842 0.1706520 0.2482489 0.2306032 0.1252592 
Perityle_gamon_221                         0.3218503 0.2846948 0.3066338 0.5126718 0.3541047 0.3529637 0.6152430 0.3143251 0.3737091 0.1836529 0.3534794 0.3365286 0.1748808 0.3944490 0.3375102 0.3423444 0.1570062 0.3525931 0.2701494 0.3582181 0.3259681 0.3082231 0.3571294 0.4153427 0.4052019 0.3167831 0.2674268 0.2267043 0.3434944 0.3751685 0.3379853 0.3469927 0.3025740 0.2983225 0.2923942 0.0000000 0.3138070 0.3426251 0.3184589 0.2916029 0.3605012 0.2981021 0.2923714 0.3446076 0.3541537 0.3628010 0.2481757 0.2937335 0.3429430 0.3368757 0.3539012 0.3170868 0.0199273 0.1673465 0.3176963 0.3592118 0.3530217 0.3146255 0.0981779 0.3267713 0.1296758 0.3460689 0.3179287 0.3324411 0.3727158 0.3817170 0.2955614 0.3137783 0.3337795 0.3006772 0.3588246 0.1951080 0.1143423 0.1790792 0.3844462 0.2901877 0.3481485 0.3302191 0.2245048 0.3608810 0.3403983 0.2877825 0.2411103 
Perityle_gentryi_8_san_francisco           0.2743908 0.2463978 0.2561166 0.5420422 0.2717150 0.3510930 0.4430806 0.2320613 0.3180691 0.1542612 0.2148228 0.1850321 0.0971335 0.0568033 0.2228626 0.2871933 0.3031827 0.2048353 0.1772257 0.1985165 0.2246800 0.2129036 0.1776232 0.2237638 0.1917922 0.3257629 0.2294664 0.2005286 0.3055964 0.3138268 0.2899921 0.2199657 0.2314319 0.3036663 0.1724666 0.3138070 0.0000000 0.1895139 0.1786230 0.2945185 0.2104247 0.2678879 0.4030098 0.2228200 0.2013140 0.1742199 0.2799524 0.1441326 0.2371532 0.2271627 0.2071614 0.2343834 0.0509899 0.0924926 0.1768336 0.1760701 0.1720090 0.2876507 0.1398927 0.3080069 0.0474372 0.2295648 0.3062600 0.1918388 0.3074932 0.3204280 0.2391145 0.2152845 0.1693227 0.2898230 0.2249104 0.1404466 0.0502252 0.1064046 0.3074926 0.3248524 0.2020393 0.2437888 0.2763551 0.2003472 0.3016487 0.2569812 0.0984037 
Perityle_gilensis_22_Superstition          0.2998617 0.1345961 0.3539222 0.2939317 0.2801278 0.3813929 0.7193751 0.2557820 0.3730129 0.2002995 0.1775913 0.1041363 0.0640097 0.2869830 0.2531205 0.2636482 0.2554677 0.1687648 0.0624330 0.1709416 0.0648323 0.1044923 0.2338562 0.4399859 0.3974657 0.3585904 0.1377381 0.2465445 0.3641507 0.4187407 0.2962551 0.1751938 0.2621305 0.4464989 0.1845087 0.3426251 0.1895139 0.0000000 0.1376330 0.3160974 0.1947711 0.2864063 0.4774727 0.1454746 0.2921672 0.2091391 0.2305760 0.0922877 0.1061165 0.1326143 0.3765460 0.2490996 0.0300926 0.1122542 0.1105176 0.1889187 0.1336542 0.3611380 0.1634358 0.2804545 0.0676118 0.1704083 0.3720820 0.3221321 0.4138848 0.4147667 0.0692597 0.2856871 0.0306016 0.2064527 0.3050970 0.0724419 0.0629382 0.0682348 0.3664024 0.4108533 0.1488250 0.1265833 0.1724268 0.1838929 0.3388991 0.1871226 0.1559540 
Perityle_gilensis_salensis_225             0.2475356 0.1233807 0.2519232 0.2893174 0.2310122 0.3037350 0.6218445 0.2020856 0.3013766 0.1002870 0.1136755 0.0833856 0.0444485 0.2277721 0.1747867 0.2107634 0.2541173 0.1263024 0.0342536 0.1023586 0.1140677 0.0930523 0.1969020 0.3808468 0.3115068 0.3194085 0.1314341 0.1917195 0.3022484 0.3471013 0.2322786 0.1090006 0.2000739 0.3661687 0.1620977 0.3184589 0.1786230 0.1376330 0.0000000 0.2798421 0.1748796 0.2520773 0.3897223 0.1151319 0.2145832 0.1741388 0.2293287 0.0477860 0.1028590 0.1146681 0.2800879 0.2315662 0.0403139 0.1021731 0.0852271 0.1516156 0.0958500 0.2901648 0.1392303 0.2559950 0.0352422 0.1447189 0.3284221 0.2614953 0.3050144 0.3181100 0.0490188 0.2074817 0.0782652 0.2021727 0.2373048 0.0436368 0.0399681 0.0463167 0.3080288 0.3328883 0.1417875 0.1198492 0.1599523 0.1042898 0.2771315 0.1532655 0.1361603 
Perityle_glaucescens_94                    0.1763205 0.1743190 0.1899109 0.3479079 0.2296954 0.2502160 0.5588237 0.1427597 0.2499971 0.2037082 0.2995706 0.2657091 0.1118129 0.4007596 0.3159537 0.1881230 0.2327140 0.2875182 0.1736863 0.2939392 0.3418126 0.2660830 0.3097290 0.4788664 0.4139303 0.2021366 0.1756140 0.2588722 0.2049553 0.3737562 0.2819031 0.3022245 0.1719150 0.0661840 0.2462230 0.2916029 0.2945185 0.3160974 0.2798421 0.0000000 0.3209354 0.0454342 0.3585864 0.3003182 0.3448745 0.3074505 0.0700797 0.2460564 0.2776579 0.2972534 0.4063682 0.3017416 0.0099839 0.1639281 0.2020361 0.3172361 0.3072009 0.1688883 0.0910599 0.2890315 0.1355203 0.2976968 0.1841282 0.4197669 0.2209892 0.2296432 0.1758460 0.2740578 0.3243242 0.2489118 0.3329779 0.1174976 0.1429508 0.1110820 0.2268269 0.1811681 0.3034535 0.3285089 0.1438178 0.3152348 0.2400981 0.1970860 0.1929458 
Perityle_gracilis_11                       0.3033638 0.1301243 0.2822891 0.3103274 0.2948987 0.3668586 0.7132463 0.2578143 0.3385854 0.0598907 0.0950375 0.0945404 0.0207328 0.2980544 0.1486675 0.2578735 0.2561709 0.0989950 0.0429352 0.1023895 0.1813758 0.0959881 0.0504392 0.4000112 0.3581298 0.3295553 0.1295408 0.2094851 0.3052133 0.3974103 0.2384806 0.1540107 0.2604149 0.3387993 0.1721461 0.3605012 0.2104247 0.1947711 0.1748796 0.3209354 0.0000000 0.2794010 0.3884915 0.1472082 0.0675107 0.0485254 0.2094237 0.1422929 0.1172538 0.1715846 0.3590270 0.1716089 0.0403139 0.0951904 0.1058018 0.0496618 0.1804081 0.3257595 0.1304891 0.2731102 0.0498572 0.1460685 0.3120160 0.3402781 0.3527916 0.3527943 0.0531981 0.1449999 0.1716899 0.1960731 0.1920886 0.0142664 0.0419449 0.0067663 0.3532829 0.3074569 0.1386697 0.2020934 0.1549313 0.1535373 0.3193417 0.1652282 0.1475241 
Perityle_harkerae_31                       0.1500186 0.1842577 0.1741204 0.3566992 0.2230397 0.2194748 0.5458137 0.1470813 0.2298806 0.1523067 0.2716150 0.2485881 0.1190607 0.3842654 0.2861582 0.1912948 0.1655823 0.2673852 0.1764242 0.2666670 0.2856959 0.2350591 0.2877142 0.4461976 0.3976490 0.1689676 0.1849609 0.2466782 0.1959559 0.3552558 0.2514685 0.2841423 0.1746894 0.0388973 0.2470657 0.2981021 0.2678879 0.2864063 0.2520773 0.0454342 0.2794010 0.0000000 0.3028191 0.2671232 0.3021873 0.2833113 0.0353237 0.2367013 0.2834903 0.2721962 0.4044585 0.2809090 0.0098925 0.1557887 0.2066663 0.2916095 0.2908513 0.1784081 0.0777534 0.2798765 0.1288305 0.2664055 0.1741133 0.4098436 0.2139417 0.2228285 0.1915924 0.2443853 0.2933453 0.2188225 0.3273222 0.1190509 0.1378360 0.1124267 0.2164709 0.1583648 0.2755657 0.2780906 0.1420600 0.2840304 0.2223577 0.2095179 0.1896364 
Perityle_hofmeisteria_4_nombre_de_dios     0.3646563 0.2800394 0.4535304 0.4970344 0.3732451 0.4798914 0.5699938 0.3101187 0.4901984 0.3594434 0.4802731 0.4400508 0.2105110 0.4825214 0.4861544 0.3197944 0.2710576 0.4381610 0.2795936 0.4844609 0.4122664 0.3702694 0.4531894 0.4945747 0.4611422 0.3846938 0.2425061 0.2625036 0.3668008 0.4453043 0.3836497 0.4842605 0.3376752 0.4200541 0.2386059 0.2923714 0.4030098 0.4774727 0.3897223 0.3585864 0.3884915 0.3028191 0.0000000 0.5161281 0.5927153 0.5509192 0.3418093 0.2887658 0.4122797 0.4335031 0.5240906 0.3027267 0.0198377 0.1855066 0.2877512 0.4413960 0.5550658 0.3446157 0.1311207 0.2367546 0.1652103 0.4836240 0.3886559 0.4480751 0.4755836 0.4628167 0.3353664 0.4341452 0.4910144 0.3196750 0.4074479 0.2301358 0.1771051 0.2095075 0.4213008 0.3928380 0.4640603 0.4545636 0.2481215 0.5086048 0.3963449 0.2697948 0.2512584 
Perityle_huecosensis_48                    0.2771866 0.1209017 0.3150378 0.2668741 0.2599118 0.3568617 0.6855895 0.2236942 0.3986631 0.1296871 0.1531107 0.1590958 0.0299156 0.3234817 0.1188305 0.2550799 0.2942619 0.0947927 0.0358008 0.1436620 0.1172641 0.0855366 0.2246262 0.4044039 0.3724942 0.3648582 0.1163929 0.2055952 0.3245033 0.3840432 0.2524136 0.1105000 0.2227081 0.4011358 0.1675600 0.3446076 0.2228200 0.1454746 0.1151319 0.3003182 0.1472082 0.2671232 0.5161281 0.0000000 0.2658387 0.2586845 0.2353259 0.0638066 0.0984292 0.0991128 0.3858238 0.1907926 0.0403139 0.0928346 0.0945198 0.2024308 0.1964122 0.3146392 0.1308668 0.2806640 0.0449152 0.1307289 0.4011528 0.3458060 0.3827513 0.3693213 0.0307109 0.2052566 0.1506916 0.1873184 0.2347716 0.0372743 0.0379736 0.0391610 0.3311012 0.3760724 0.1234682 0.1294269 0.1603320 0.1506624 0.2995748 0.1794286 0.1277961 
Perityle_intricata_59_Clark_mtns           0.3317751 0.1486970 0.3768868 0.3306649 0.3279383 0.4155754 0.7164838 0.2826798 0.4778870 0.1470801 0.0976918 0.1626422 0.0459121 0.2901567 0.2493971 0.2849501 0.2881727 0.1217901 0.0707684 0.1127911 0.2310267 0.1351631 0.1358497 0.4438499 0.3937109 0.3920484 0.1376352 0.2269755 0.3722240 0.4175711 0.2543807 0.1742517 0.2912155 0.4364146 0.1639057 0.3541537 0.2013140 0.2921672 0.2145832 0.3448745 0.0675107 0.3021873 0.5927153 0.2658387 0.0000000 0.2105938 0.2468572 0.1750884 0.1411390 0.2202349 0.3860087 0.1705041 0.0403139 0.0839057 0.1178965 0.1201972 0.3602608 0.3887907 0.1261597 0.3019770 0.0401857 0.2484955 0.3943581 0.3288636 0.4554747 0.4320876 0.0785482 0.1322941 0.2926180 0.2086964 0.2380430 0.0550561 0.0359105 0.0463672 0.3670304 0.4248044 0.2232898 0.2336820 0.1703791 0.1869856 0.3625192 0.1901326 0.1179505 
