82
Amauria_brandeegeana_62                    0.0000000 0.1154018 0.1943237 0.4274166 0.5024901 0.1335089 0.3803955 0.1723886 0.3401223 0.1080165 0.2734154 0.2043063 0.1797517 0.3153302 0.2791386 0.1922506 0.2004508 0.2421549 0.3574747 0.4144971 0.2558143 0.2201338 0.2778069 0.2148154 0.3435150 0.1879515 0.1796076 0.2488619 0.5393057 0.3872355 0.1989992 0.4193056 0.3441133 0.0887111 0.4330362 0.1632726 0.1972132 0.1776547 0.2902799 0.3380971 0.1727868 0.2168751 0.1730242 0.2164000 0.3033125 0.1802078 0.1921885 0.1957945 0.1494090 0.1628799 0.1835465 0.1751110 0.2659315 0.3164711 0.2619034 0.1679460 0.1242673 0.1740372 0.2154465 0.1594060 0.1685081 0.5400968 0.1091664 0.5977836 0.3503121 0.4170049 0.5873446 0.2244401 0.1823652 0.1952325 0.4463997 0.2054353 0.1957732 0.1714155 0.0931164 0.3954033 0.2180810 0.1777522 0.2514864 0.1778769 0.1877698 0.1411252 
Amauria_carterae_99_mesa                   0.1154018 0.0000000 0.1330402 0.2814484 0.4212979 0.1258703 0.2752500 0.1579974 0.2003556 0.1221539 0.2181982 0.1152860 0.1153037 0.2818394 0.2617986 0.1259338 0.1073581 0.1481687 0.2536416 0.3537600 0.2130746 0.1132902 0.1089798 0.1091178 0.2848321 0.1228400 0.1166825 0.1371689 0.4148305 0.2954899 0.1566611 0.2576382 0.3707370 0.1088780 0.3524419 0.1228339 0.1205526 0.1036609 0.2890159 0.2871477 0.1128361 0.1223697 0.1205428 0.1195041 0.2253516 0.1163512 0.1205720 0.1141389 0.1257974 0.1386028 0.1106769 0.1128180 0.2361489 0.2782286 0.1097347 0.1292060 0.1118197 0.1229056 0.1140873 0.1466161 0.1138090 0.4388744 0.1060601 0.4582134 0.3246511 0.3071311 0.4202059 0.2235277 0.1136254 0.1091178 0.2992395 0.1162994 0.1170359 0.1085008 0.0891195 0.3008715 0.1247437 0.1107226 0.2341375 0.1173130 0.1136255 0.0844304 
Amauria_rotundifolia_SRR9119150            0.1943237 0.1330402 0.0000000 0.4213252 0.4356414 0.1239130 0.3440670 0.1717297 0.3610177 0.1567627 0.2982618 0.2339806 0.2470752 0.2352791 0.2223123 0.2620712 0.2310250 0.2002734 0.2708003 0.3498808 0.2178989 0.2528972 0.3061609 0.2314874 0.2828136 0.2402810 0.2173931 0.2995684 0.4620932 0.3008843 0.1720384 0.3497295 0.4233213 0.1573265 0.3850986 0.1701049 0.3003531 0.2388245 0.2645216 0.2379406 0.2296857 0.2785916 0.2430822 0.2850582 0.3080544 0.2421421 0.2341358 0.2428872 0.1386252 0.1392497 0.2414836 0.2335420 0.2184639 0.2536917 0.3232256 0.2174371 0.1699136 0.2302384 0.2439071 0.1374263 0.1206299 0.4776221 0.1583883 0.5364959 0.2676373 0.3517464 0.5405566 0.1153137 0.2408231 0.2400694 0.3883341 0.2449493 0.2124164 0.2403638 0.1160156 0.3222107 0.2477611 0.2389293 0.1719251 0.2345362 0.2273416 0.1699718 
Conoclinium_coelestinum_SRR9119114         0.4274166 0.2814484 0.4213252 0.0000000 0.4121651 0.2086038 0.3936065 0.2258328 0.3476752 0.3818434 0.4605115 0.4222282 0.4248962 0.4633563 0.4473058 0.4358859 0.4263666 0.4482689 0.4085262 0.4842546 0.4513579 0.4294287 0.3471540 0.4180140 0.4684196 0.4213737 0.4126403 0.4417723 0.4348164 0.3836477 0.3279140 0.4315457 0.4840041 0.3525701 0.4924359 0.3887016 0.4292460 0.4247159 0.4769845 0.4614762 0.4244753 0.4310096 0.3824255 0.4320396 0.4149160 0.4282843 0.4206198 0.4266802 0.4226631 0.4081900 0.4211502 0.4108360 0.5049512 0.4599467 0.2331402 0.3208097 0.3954336 0.4185612 0.4269284 0.2900025 0.1314124 0.5464841 0.2258745 0.6475368 0.5489637 0.4850908 0.5873290 0.2944303 0.4353277 0.4180140 0.4369350 0.4154909 0.3985386 0.4192634 0.1410984 0.4653917 0.4096229 0.4199138 0.2917983 0.4301114 0.4196527 0.3374841 
Eutetras_palmeri_63                        0.5024901 0.4212979 0.4356414 0.4121651 0.0000000 0.3504758 0.2489819 0.4194224 0.4398695 0.4805383 0.4756654 0.5075003 0.5036931 0.1969780 0.2319769 0.5166252 0.5004267 0.3397485 0.2053399 0.2558147 0.4253661 0.5016222 0.3592650 0.4933116 0.2343856 0.5034348 0.5050498 0.5130974 0.1359753 0.2258428 0.3651128 0.2406810 0.1574494 0.4004273 0.2418571 0.4716898 0.5422285 0.5003305 0.4435413 0.2346984 0.5001086 0.5356707 0.4965208 0.5371226 0.4304055 0.5170287 0.4920453 0.5113188 0.3472777 0.3598367 0.5011641 0.5102747 0.4147184 0.2276774 0.3523910 0.4516852 0.4366233 0.4966120 0.5056238 0.3473386 0.3061218 0.1082905 0.4167770 0.1755423 0.4544918 0.2068115 0.1489981 0.3360633 0.5086282 0.4951552 0.2366939 0.4954001 0.4608180 0.4987771 0.3170865 0.2239053 0.5323236 0.4815541 0.3056811 0.5204075 0.5059230 0.4152523 
Eutetras_pringlei_149_quer                 0.1335089 0.1258703 0.1239130 0.2086038 0.3504758 0.0000000 0.2291353 0.1285988 0.1916710 0.1203290 0.1563020 0.1406732 0.1441806 0.2354415 0.1955759 0.1361169 0.1273527 0.2494939 0.2041135 0.2716598 0.2093642 0.1361092 0.1660853 0.1378641 0.2325748 0.1407455 0.1351956 0.1370765 0.3154685 0.2005594 0.0975761 0.2078950 0.2813716 0.1212763 0.2803659 0.1180556 0.1709732 0.1267784 0.2635120 0.2320003 0.1390054 0.1569662 0.1373611 0.1626262 0.2077840 0.1425921 0.1371157 0.1423471 0.1785621 0.1711117 0.1389606 0.1475612 0.2245926 0.2236049 0.1864656 0.1286479 0.1736856 0.1408737 0.1389527 0.1622493 0.1264279 0.4733428 0.1233148 0.4377065 0.3038032 0.2520559 0.3945464 0.1381506 0.1364176 0.1378641 0.2030074 0.1356875 0.1316110 0.1372465 0.0798772 0.2525346 0.1461647 0.1360760 0.1258399 0.1441033 0.1354708 0.1414208 
Eutrochium_fistulosum_SRR9119106           0.3803955 0.2752500 0.3440670 0.3936065 0.2489819 0.2291353 0.0000000 0.2566583 0.3860969 0.3158726 0.3377614 0.3604679 0.3699798 0.2093661 0.2252247 0.3811212 0.3648151 0.3154552 0.2286403 0.2906777 0.2636346 0.3647049 0.3842487 0.3558685 0.2677573 0.3561064 0.3651136 0.4128916 0.2346016 0.2287932 0.2618017 0.2073295 0.2599401 0.2595996 0.3071728 0.3063733 0.4031469 0.3595322 0.2708094 0.2483097 0.3566462 0.3808003 0.3565813 0.3840944 0.4539289 0.3690261 0.3545768 0.3617874 0.2098145 0.2006004 0.3582727 0.3565913 0.2938018 0.2514185 0.2703484 0.3362969 0.2821142 0.3557702 0.3591365 0.1931150 0.1805447 0.2016041 0.2747311 0.4115939 0.3204686 0.2286646 0.3755791 0.2662748 0.3485704 0.3558685 0.2566083 0.3546757 0.3116549 0.3568672 0.1896967 0.2383260 0.3680784 0.3502210 0.2601282 0.3660302 0.3622821 0.2580108 
Galeana_pratensis_104_mex                  0.1723886 0.1579974 0.1717297 0.2258328 0.4194224 0.1285988 0.2566583 0.0000000 0.2451927 0.1452917 0.1688842 0.1618817 0.1698919 0.2459821 0.1991538 0.1731793 0.1595920 0.1360512 0.1912057 0.3662869 0.3005302 0.1625360 0.1509715 0.1592648 0.2539974 0.1717029 0.1711489 0.1572749 0.4375382 0.3010432 0.1605005 0.2563146 0.4113646 0.1526105 0.3980103 0.1582520 0.1825431 0.1614921 0.3438584 0.2242270 0.1604144 0.1801026 0.1572671 0.1795724 0.2373123 0.1700087 0.1650892 0.1665403 0.1759965 0.1809881 0.1637142 0.1650898 0.2393299 0.2440781 0.1763539 0.1398696 0.1654201 0.1699778 0.1695303 0.1611270 0.1148357 0.6523089 0.1250992 0.4539263 0.3517642 0.2929706 0.4551419 0.1367243 0.1602814 0.1592648 0.3071297 0.1591847 0.1669123 0.1635430 0.1004592 0.2748480 0.1697660 0.1618671 0.1847417 0.1679725 0.1616833 0.1673519 
Helianthus_annuus_SRR9119062               0.3401223 0.2003556 0.3610177 0.3476752 0.4398695 0.1916710 0.3860969 0.2451927 0.0000000 0.3411435 0.3644397 0.3387849 0.3397572 0.4087085 0.3735379 0.3375260 0.3286040 0.3332892 0.3525485 0.5085074 0.3944957 0.3267462 0.2365661 0.3330799 0.4269279 0.3328794 0.3235946 0.3784811 0.5895555 0.4438933 0.3230086 0.4506286 0.4831971 0.3269964 0.5608921 0.3208458 0.3602563 0.3216012 0.4633780 0.4282947 0.3356895 0.3437741 0.3044321 0.3504391 0.3667931 0.3381885 0.3373804 0.3374959 0.3028123 0.3265165 0.3338642 0.3273151 0.3931132 0.4092260 0.3392270 0.2312217 0.2782983 0.3194878 0.3286917 0.2225942 0.1752904 0.6314055 0.1888938 0.6599414 0.5172642 0.4835611 0.6413064 0.2770747 0.3335403 0.3371239 0.4979500 0.3309671 0.3145038 0.3287724 0.1535629 0.4607739 0.3580863 0.3373293 0.2986974 0.3381694 0.3357941 0.3021517 
Lycapsus_tenuifolius_17                    0.1080165 0.1221539 0.1567627 0.3818434 0.4805383 0.1203290 0.3158726 0.1452917 0.3411435 0.0000000 0.1806038 0.1527855 0.1563759 0.2105813 0.1852718 0.1678262 0.1505228 0.3077979 0.2361901 0.3454954 0.2361787 0.1526730 0.2815621 0.1513473 0.2275659 0.1522122 0.1527283 0.1945336 0.5161639 0.2230699 0.0998600 0.3765242 0.4310854 0.0059905 0.3795356 0.1032101 0.1618749 0.1491448 0.2642987 0.2396219 0.1477751 0.1565134 0.1470927 0.1518942 0.2532924 0.1535387 0.1517760 0.1525356 0.1365762 0.1301129 0.1508172 0.1492617 0.1950261 0.2230839 0.2445349 0.1488990 0.1270897 0.1512881 0.1524479 0.1046502 0.1140681 0.5627200 0.1302969 0.6235820 0.2734280 0.3398287 0.6129953 0.1261072 0.1492383 0.1513473 0.2994041 0.1504664 0.1434323 0.1484506 0.0907114 0.3009975 0.1704096 0.1501671 0.1413082 0.1540676 0.1526265 0.1632414 
Pericome_caudata_50_silver                 0.2734154 0.2181982 0.2982618 0.4605115 0.4756654 0.1563020 0.3377614 0.1688842 0.3644397 0.1806038 0.0000000 0.2939720 0.2991926 0.3132929 0.2690634 0.2968754 0.2739072 0.2512239 0.2580036 0.3814265 0.2574976 0.2979444 0.3755823 0.2873481 0.3312816 0.2906833 0.2971709 0.2938697 0.5327878 0.3996185 0.2147219 0.4060075 0.5366162 0.1927458 0.4555910 0.2139335 0.3424900 0.2766419 0.3292002 0.3325737 0.2790915 0.3369225 0.2481222 0.3193200 0.3579680 0.2846960 0.2874437 0.2983373 0.1737878 0.1865825 0.2941096 0.2841444 0.3200562 0.2688688 0.2610098 0.2038581 0.2440745 0.2521172 0.3032923 0.1456997 0.0971034 0.7579166 0.2029848 0.7128911 0.3883207 0.2654471 0.6458396 0.1988891 0.2758640 0.2919283 0.4955419 0.2881452 0.1845837 0.2883528 0.1096431 0.2563579 0.2587981 0.2809443 0.2188429 0.2787204 0.2883509 0.2306572 
Perityle_aglossa_84_dead_horse             0.2043063 0.1152860 0.2339806 0.4222282 0.5075003 0.1406732 0.3604679 0.1618817 0.3387849 0.1527855 0.2939720 0.0000000 0.0527668 0.2181835 0.1628200 0.0678153 0.0325720 0.2871909 0.3151906 0.3575819 0.1678844 0.0620244 0.2146519 0.0514220 0.2471074 0.0355648 0.0608016 0.2288587 0.5429882 0.3734949 0.1823646 0.4135833 0.4976722 0.1979440 0.3712155 0.1028633 0.1974255 0.0355991 0.2704564 0.2376456 0.0395034 0.1719561 0.0318640 0.1595957 0.2855235 0.0370110 0.0326899 0.0511198 0.0934654 0.0663141 0.0538539 0.0304634 0.1324838 0.2144342 0.3016754 0.1538410 0.0352920 0.0322780 0.0702792 0.1457503 0.1113787 0.5528579 0.0366677 0.5893244 0.1894095 0.4198953 0.5946200 0.1381677 0.0394513 0.0575769 0.4442512 0.0439245 0.0336320 0.0440770 0.0310887 0.3753901 0.1400015 0.0231297 0.2103435 0.0372371 0.0581090 0.1211735 
Perityle_ajoensis_204                      0.1797517 0.1153037 0.2470752 0.4248962 0.5036931 0.1441806 0.3699798 0.1698919 0.3397572 0.1563759 0.2991926 0.0527668 0.0000000 0.2160355 0.1686852 0.0760502 0.0396155 0.2970107 0.3231583 0.3602628 0.1663160 0.0403992 0.2137231 0.0437539 0.2379703 0.0525897 0.0677872 0.2181039 0.5486871 0.3742324 0.1841652 0.4211674 0.4638009 0.1607122 0.3798155 0.1054649 0.1736977 0.0496934 0.2727360 0.2418764 0.0421006 0.1748712 0.0383471 0.1699494 0.2692908 0.0512277 0.0510499 0.0117037 0.1006609 0.0717408 0.0180900 0.0432421 0.1494525 0.2192836 0.2765862 0.1601891 0.0406870 0.0350900 0.0114163 0.1608048 0.1133347 0.5548301 0.0394643 0.5962773 0.2187054 0.4262238 0.5882923 0.1476379 0.0525972 0.0273245 0.4518843 0.0501502 0.0120179 0.0157327 0.0263441 0.3797062 0.1424605 0.0322646 0.2108093 0.0131868 0.0609277 0.1103919 
Perityle_ambrosiifolia_67_green            0.3153302 0.2818394 0.2352791 0.4633563 0.1969780 0.2354415 0.2093661 0.2459821 0.4087085 0.2105813 0.3132929 0.2181835 0.2160355 0.0000000 0.0604633 0.2386577 0.2192391 0.2882855 0.1358516 0.1213769 0.1690416 0.2122155 0.3746068 0.1994773 0.0353661 0.2218498 0.2299740 0.3200701 0.1462327 0.1747541 0.2228399 0.2403955 0.2288966 0.1858933 0.1233257 0.1451830 0.2804432 0.2201441 0.2460156 0.0843788 0.2005119 0.2722784 0.2441977 0.2735541 0.4124805 0.2252787 0.2203737 0.2143120 0.0939202 0.0583671 0.2078730 0.2168138 0.1388948 0.0485710 0.2533114 0.3115198 0.1813997 0.2211732 0.2119475 0.1306448 0.1467497 0.1433593 0.2280900 0.2502027 0.1878936 0.1971874 0.2971239 0.1315423 0.2225700 0.1995376 0.2224846 0.2196872 0.1173977 0.2046437 0.1856680 0.1866221 0.3046221 0.2291347 0.2216935 0.2182743 0.2251698 0.2762296 
Perityle_angustifolia_13_Eagle_creek       0.2791386 0.2617986 0.2223123 0.4473058 0.2319769 0.1955759 0.2252247 0.1991538 0.3735379 0.1852718 0.2690634 0.1628200 0.1686852 0.0604633 0.0000000 0.1931292 0.1668605 0.2894393 0.1357802 0.1672719 0.1611887 0.1675479 0.3901992 0.1635845 0.0710928 0.1685362 0.1810472 0.2939142 0.1979952 0.1726057 0.1889308 0.2670302 0.2526963 0.1655603 0.1711285 0.1159353 0.2411257 0.1673599 0.2264099 0.1038711 0.1664111 0.2387093 0.1793888 0.2331039 0.3882773 0.1697474 0.1685872 0.1656442 0.0919326 0.0477408 0.1624825 0.1634104 0.1350170 0.0383862 0.2159676 0.2818273 0.1603271 0.1694228 0.1632880 0.1188467 0.1388713 0.1474863 0.1901841 0.2922687 0.1556157 0.2181658 0.3497081 0.0952828 0.1701139 0.1635845 0.2240116 0.1688647 0.0857155 0.1617098 0.1231094 0.2131236 0.2516056 0.1670630 0.1917225 0.1671436 0.1758120 0.2396459 
Perityle_batopilensis_97                   0.1922506 0.1259338 0.2620712 0.4358859 0.5166252 0.1361169 0.3811212 0.1731793 0.3375260 0.1678262 0.2968754 0.0678153 0.0760502 0.2386577 0.1931292 0.0000000 0.0557278 0.3102940 0.3399488 0.3779257 0.1834308 0.0874933 0.2415860 0.0577319 0.2443478 0.0646390 0.0640553 0.2335542 0.5632440 0.3822658 0.1930109 0.4605559 0.4823506 0.1640369 0.3989807 0.1208187 0.1839596 0.0548020 0.2997733 0.2474800 0.0552720 0.1826260 0.0520218 0.1712891 0.2680951 0.0570455 0.0542216 0.0760068 0.1050280 0.0815526 0.0774346 0.0521978 0.1600058 0.2394696 0.2648022 0.1503030 0.0499486 0.0546280 0.0908449 0.1306740 0.0948925 0.5732754 0.0478220 0.6133009 0.2361911 0.4509052 0.6132348 0.1656395 0.0589875 0.0845733 0.4529208 0.0640470 0.0631902 0.0657665 0.0552739 0.3956854 0.1525508 0.0524341 0.2285831 0.0607166 0.0604543 0.1321032 
Perityle_bisetosa_9                        0.2004508 0.1073581 0.2310250 0.4263666 0.5004267 0.1273527 0.3648151 0.1595920 0.3286040 0.1505228 0.2739072 0.0325720 0.0396155 0.2192391 0.1668605 0.0557278 0.0000000 0.2770446 0.3203449 0.3569266 0.1584916 0.0594311 0.1959723 0.0325682 0.2522444 0.0327195 0.0492846 0.1970961 0.5426868 0.3743875 0.1783684 0.4180835 0.4912753 0.1936112 0.3667810 0.0957320 0.1788495 0.0212150 0.2672775 0.2359797 0.0302335 0.1573111 0.0304709 0.1548372 0.2516620 0.0265919 0.0303291 0.0371072 0.0905387 0.0611377 0.0372926 0.0283894 0.1262786 0.2115167 0.3104372 0.1501065 0.0334137 0.0285567 0.0370904 0.1507661 0.1025960 0.5570721 0.0284351 0.5912548 0.1825916 0.4193687 0.5955625 0.1429928 0.0281839 0.0363345 0.4429430 0.0397406 0.0284225 0.0334119 0.0200352 0.3743980 0.1341175 0.0271335 0.2037276 0.0336562 0.0431513 0.1102020 
Perityle_californica_76_positas            0.2421549 0.1481687 0.2002734 0.4482689 0.3397485 0.2494939 0.3154552 0.1360512 0.3332892 0.3077979 0.2512239 0.2871909 0.2970107 0.2882855 0.2894393 0.3102940 0.2770446 0.0000000 0.2491715 0.2994080 0.3026436 0.2931367 0.0551488 0.3129382 0.2868606 0.3365486 0.2595496 0.2864182 0.2463596 0.1707430 0.2974902 0.2298862 0.3021334 0.3077979 0.3311485 0.2770446 0.3287510 0.2874458 0.2269450 0.2413845 0.2985395 0.3077953 0.3365486 0.3065802 0.4164967 0.3082440 0.3273423 0.2970107 0.3190318 0.2779363 0.3082440 0.2782191 0.2701357 0.2981223 0.2697960 0.2359548 0.2780251 0.3498991 0.2970107 0.2412907 0.1462256 1.5053846 0.0975402 1.2169439 0.2863587 0.2852449 0.7432632 0.2781165 0.2971613 0.3129382 0.1707430 0.3184520 0.2970107 0.2973667 0.0912479 0.2766907 0.2702040 0.2861504 0.3018635 0.2970107 0.2770446 0.2476706 
Perityle_canescens_77                      0.3574747 0.2536416 0.2708003 0.4085262 0.2053399 0.2041135 0.2286403 0.1912057 0.3525485 0.2361901 0.2580036 0.3151906 0.3231583 0.1358516 0.1357802 0.3399488 0.3203449 0.2491715 0.0000000 0.2124407 0.2699883 0.3172116 0.3410046 0.3124891 0.1482401 0.3201051 0.3241336 0.3566817 0.1750111 0.1919004 0.2031503 0.2016537 0.2460338 0.2017056 0.2308748 0.2423743 0.3478004 0.3164575 0.2307677 0.1860090 0.3158351 0.3455820 0.3108920 0.3399556 0.4162674 0.3275301 0.3137475 0.3231094 0.1381228 0.1263469 0.3185921 0.3183176 0.2607481 0.1410062 0.1256059 0.2733175 0.2718758 0.3205929 0.3242198 0.1279689 0.1359592 0.1496302 0.2315231 0.2980520 0.2765590 0.1826075 0.3090306 0.1710614 0.3254768 0.3136348 0.2104115 0.3211156 0.2024197 0.3149719 0.1202224 0.1862365 0.2565342 0.3336955 0.2071593 0.3244341 0.3187496 0.2799383 
Perityle_castillonii_96                    0.4144971 0.3537600 0.3498808 0.4842546 0.2558147 0.2716598 0.2906777 0.3662869 0.5085074 0.3454954 0.3814265 0.3575819 0.3602628 0.1213769 0.1672719 0.3779257 0.3569266 0.2994080 0.2124407 0.0000000 0.0476266 0.3600491 0.3817760 0.3623818 0.1263458 0.3684545 0.3725477 0.4516833 0.1637489 0.2390200 0.3219275 0.3414787 0.2515139 0.3045851 0.0320682 0.3200490 0.4137400 0.3554781 0.3116459 0.1821635 0.3641192 0.3999141 0.3982079 0.4073999 0.5612465 0.3769807 0.3686674 0.3618394 0.2134202 0.1522272 0.3623565 0.3604082 0.2383193 0.1169466 0.3588520 0.4207424 0.2802235 0.3686162 0.3606047 0.2768619 0.1658232 0.1332429 0.3540881 0.2763850 0.3095436 0.2294814 0.3069904 0.2123546 0.3608707 0.3625123 0.2844458 0.3684515 0.2952177 0.3593738 0.2140453 0.2387137 0.4111283 0.3363724 0.2474552 0.3648518 0.3653971 0.2773528 
Perityle_cernua_84                         0.2558143 0.2130746 0.2178989 0.4513579 0.4253661 0.2093642 0.2636346 0.3005302 0.3944957 0.2361787 0.2574976 0.1678844 0.1663160 0.1690416 0.1611887 0.1834308 0.1584916 0.3026436 0.2699883 0.0476266 0.0000000 0.1738908 0.5698937 0.1724824 0.1637367 0.1782318 0.1809429 0.2828435 0.2387691 0.3411499 0.2405143 0.3472409 0.3723232 0.2315359 0.0432494 0.1651651 0.2283552 0.1538239 0.1824140 0.1847125 0.1763184 0.2194762 0.2144773 0.2186043 0.5121946 0.1734501 0.1834566 0.1697903 0.2071479 0.1304289 0.1728018 0.1659358 0.1441587 0.1663480 0.3535930 0.2888873 0.1733170 0.1816142 0.1729920 0.2617573 0.1047569 0.7940055 0.2455163 0.6259186 0.1455689 0.3175163 0.5337566 0.1876567 0.1696199 0.1741956 0.3931193 0.1779240 0.1608333 0.1678801 0.0654865 0.3117066 0.2460884 0.1171316 0.1608042 0.1715029 0.1741216 0.1306430 
Perityle_cfvillosa_25_tin                  0.2201338 0.1132902 0.2528972 0.4294287 0.5016222 0.1361092 0.3647049 0.1625360 0.3267462 0.1526730 0.2979444 0.0620244 0.0403992 0.2122155 0.1675479 0.0874933 0.0594311 0.2931367 0.3172116 0.3600491 0.1738908 0.0000000 0.2099952 0.0539024 0.2455787 0.0564928 0.0789507 0.2133327 0.5270585 0.3679356 0.1828132 0.4137579 0.4952191 0.2099042 0.3729913 0.1082457 0.1833861 0.0648678 0.2786535 0.2401622 0.0538817 0.1590459 0.0604774 0.1555317 0.2925567 0.0591403 0.0600972 0.0285093 0.1009917 0.0680472 0.0435035 0.0579454 0.1402602 0.2136322 0.3268568 0.1578218 0.0403413 0.0327353 0.0307164 0.1514374 0.1096421 0.5746503 0.0366756 0.5811280 0.1988588 0.4226936 0.5851925 0.1413069 0.0608641 0.0526830 0.4343647 0.0679398 0.0077483 0.0435489 0.0216171 0.3757705 0.1617171 0.0576687 0.1979341 0.0301919 0.0650216 0.1097103 
Perityle_cinerea_113_Powell1310            0.2778069 0.1089798 0.3061609 0.3471540 0.3592650 0.1660853 0.3842487 0.1509715 0.2365661 0.2815621 0.3755823 0.2146519 0.2137231 0.3746068 0.3901992 0.2415860 0.1959723 0.0551488 0.3410046 0.3817760 0.5698937 0.2099952 0.0000000 0.2010540 0.3846323 0.2072211 0.2149388 0.2559461 0.3259139 0.3226459 0.3096179 0.4294419 0.3865015 0.2181096 0.3800852 0.3006881 0.1816703 0.2045309 0.7089876 0.4099593 0.2028853 0.1740123 0.2071580 0.1694800 0.2970344 0.2042446 0.2074223 0.2094543 0.6304457 0.5475175 0.2048091 0.2071743 0.6923532 0.3825616 0.6126823 0.1901746 0.1706806 0.2197313 0.2109590 0.4693789 0.1483360 0.3464983 0.1197535 0.3780589 0.7704440 0.3879673 0.4526252 0.2101894 0.2254194 0.2010540 0.3271210 0.2044458 0.2845325 0.2075183 0.0696758 0.4090809 0.2213073 0.1987507 0.2312464 0.2126360 0.2200307 0.1805785 
Perityle_coahuilensis_24                   0.2148154 0.1091178 0.2314874 0.4180140 0.4933116 0.1378641 0.3558685 0.1592648 0.3330799 0.1513473 0.2873481 0.0514220 0.0437539 0.1994773 0.1635845 0.0577319 0.0325682 0.3129382 0.3124891 0.3623818 0.1724824 0.0539024 0.2010540 0.0000000 0.2435004 0.0442290 0.0504523 0.2198091 0.5398994 0.3669242 0.1802757 0.4070425 0.5023732 0.2169266 0.3762208 0.1019109 0.2090581 0.0356749 0.2754253 0.2348065 0.0097189 0.1704351 0.0322709 0.1588280 0.2577212 0.0351862 0.0348447 0.0405973 0.0910123 0.0682799 0.0444734 0.0297526 0.1343430 0.2125273 0.3510687 0.1517079 0.0310380 0.0323206 0.0616404 0.1468381 0.1076892 0.5319478 0.0314519 0.5852792 0.1927456 0.4146742 0.5924825 0.1428873 0.0391456 0.0283315 0.4360181 0.0630478 0.0291614 0.0354609 0.0359037 0.3656353 0.1397249 0.0304902 0.2106236 0.0288226 0.0478881 0.1096472 
Perityle_cochisensis_44_cave_creek         0.3435150 0.2848321 0.2828136 0.4684196 0.2343856 0.2325748 0.2677573 0.2539974 0.4269279 0.2275659 0.3312816 0.2471074 0.2379703 0.0353661 0.0710928 0.2443478 0.2522444 0.2868606 0.1482401 0.1263458 0.1637367 0.2455787 0.3846323 0.2435004 0.0000000 0.2554148 0.2668156 0.3720818 0.1903226 0.1703285 0.2259787 0.3211376 0.2931338 0.2208589 0.1361394 0.1708214 0.3264038 0.2281851 0.2690147 0.1182004 0.2304778 0.3121635 0.2508663 0.2895712 0.4101810 0.2369445 0.2540091 0.2475579 0.0904137 0.0493049 0.2453787 0.2254980 0.1867324 0.0441989 0.2769179 0.3093446 0.1810341 0.2440276 0.2458887 0.1477920 0.1464977 0.1395182 0.2236062 0.2881425 0.2404995 0.2281258 0.3391161 0.1202029 0.2484794 0.2435672 0.2477728 0.2540877 0.1382463 0.2281294 0.1824810 0.2009848 0.3156083 0.2346518 0.2210248 0.2352426 0.2569852 0.2854002 
Perityle_congesta_202                      0.1879515 0.1228400 0.2402810 0.4213737 0.5034348 0.1407455 0.3561064 0.1717029 0.3328794 0.1522122 0.2906833 0.0355648 0.0525897 0.2218498 0.1685362 0.0646390 0.0327195 0.3365486 0.3201051 0.3684545 0.1782318 0.0564928 0.2072211 0.0442290 0.2554148 0.0000000 0.0509498 0.2174238 0.5541764 0.3691824 0.1806580 0.4152959 0.4849189 0.1715868 0.3745601 0.1043268 0.1769382 0.0367437 0.2788560 0.2399149 0.0413782 0.1663799 0.0104519 0.1544362 0.2617826 0.0352579 0.0128117 0.0508676 0.0949213 0.0706783 0.0540550 0.0319622 0.1402225 0.2194819 0.2663126 0.1579215 0.0380388 0.0100212 0.0604899 0.1480583 0.1153997 0.5513894 0.0394686 0.5895788 0.2059568 0.4200885 0.5905891 0.1487553 0.0414325 0.0599757 0.4402522 0.0105818 0.0358611 0.0441905 0.0247501 0.3758117 0.1414193 0.0298299 0.2151432 0.0362265 0.0482524 0.1217974 
Perityle_cordifolia_27                     0.1796076 0.1166825 0.2173931 0.4126403 0.5050498 0.1351956 0.3651136 0.1711489 0.3235946 0.1527283 0.2971709 0.0608016 0.0677872 0.2299740 0.1810472 0.0640553 0.0492846 0.2595496 0.3241336 0.3725477 0.1809429 0.0789507 0.2149388 0.0504523 0.2668156 0.0509498 0.0000000 0.2235543 0.5525511 0.3680915 0.1832100 0.4193339 0.4966755 0.1883659 0.3837168 0.0977985 0.1962088 0.0479242 0.2797265 0.2472036 0.0453692 0.1751439 0.0460258 0.1616128 0.2653148 0.0480959 0.0488930 0.0670210 0.0992751 0.0733981 0.0706567 0.0444022 0.1278909 0.2333569 0.2833272 0.1571266 0.0425302 0.0463859 0.0800557 0.1502916 0.1185357 0.5703117 0.0331642 0.6042823 0.1887391 0.4244733 0.6027570 0.1596306 0.0531575 0.0705483 0.4404877 0.0613636 0.0525082 0.0590185 0.0440543 0.3769543 0.1406637 0.0454848 0.2120958 0.0513336 0.0434967 0.1163201 
Perityle_cordifolia_68_tecolote            0.2488619 0.1371689 0.2995684 0.4417723 0.5130974 0.1370765 0.4128916 0.1572749 0.3784811 0.1945336 0.2938697 0.2288587 0.2181039 0.3200701 0.2939142 0.2335542 0.1970961 0.2864182 0.3566817 0.4516833 0.2828435 0.2133327 0.2559461 0.2198091 0.3720818 0.2174238 0.2235543 0.0000000 0.6041604 0.4165313 0.2028705 0.4544408 0.5033545 0.2107688 0.4719601 0.2093565 0.2848260 0.2088753 0.2680406 0.3474195 0.2171649 0.2504777 0.2023118 0.2482347 0.3892492 0.2123228 0.2064394 0.2108668 0.1493139 0.1604969 0.2185673 0.2050422 0.2279102 0.3467544 0.2666066 0.0168474 0.1396902 0.1764946 0.2432410 0.1270026 0.1314559 0.6293635 0.1271395 0.6990406 0.2841179 0.4163095 0.6582071 0.2347429 0.1959166 0.2272970 0.5125973 0.2349792 0.1868062 0.2100386 0.1067178 0.3880146 0.2108590 0.1999858 0.2511246 0.1999338 0.2210626 0.1550194 
Perityle_coronopifolia_28_patagonia        0.5393057 0.4148305 0.4620932 0.4348164 0.1359753 0.3154685 0.2346016 0.4375382 0.5895555 0.5161639 0.5327878 0.5429882 0.5486871 0.1462327 0.1979952 0.5632440 0.5426868 0.2463596 0.1750111 0.1637489 0.2387691 0.5270585 0.3259139 0.5398994 0.1903226 0.5541764 0.5525511 0.6041604 0.0000000 0.1833989 0.3739966 0.2660569 0.1459758 0.4628047 0.1765728 0.5837740 0.5653801 0.5430388 0.5543229 0.2242455 0.5437774 0.5406549 0.5467644 0.5588852 0.5195496 0.5622050 0.5494396 0.5411713 0.1927046 0.2552075 0.5389743 0.5461768 0.4176242 0.1912340 0.1768234 0.4728261 0.4077474 0.5459076 0.5297929 0.2008253 0.3062531 0.1166956 0.3915559 0.0161180 0.5526847 0.1885028 0.1505271 0.2761912 0.5391731 0.5402427 0.2181138 0.5434190 0.5218452 0.5477357 0.3507631 0.1878577 0.5642552 0.5450154 0.2760904 0.5481138 0.5470465 0.4192906 
Perityle_crassifolia_70_ventanas           0.3872355 0.2954899 0.3008843 0.3836477 0.2258428 0.2005594 0.2287932 0.3010432 0.4438933 0.2230699 0.3996185 0.3734949 0.3742324 0.1747541 0.1726057 0.3822658 0.3743875 0.1707430 0.1919004 0.2390200 0.3411499 0.3679356 0.3226459 0.3669242 0.1703285 0.3691824 0.3680915 0.4165313 0.1833989 0.0000000 0.1955452 0.1998754 0.2112615 0.1991809 0.2496613 0.3132825 0.4015306 0.3742752 0.4617155 0.1988207 0.3667970 0.3978250 0.3448175 0.3941407 0.4644739 0.3822123 0.3669497 0.3724291 0.1857342 0.2123923 0.3716826 0.3656944 0.3002588 0.1699603 0.2551448 0.3346603 0.2853583 0.3687608 0.3677265 0.1747738 0.1568398 0.1531084 0.2672470 0.3311185 0.3846836 0.2296970 0.2902243 0.2303026 0.3781957 0.3681215 0.0133130 0.3704405 0.2881540 0.3703388 0.2293571 0.2320261 0.4181098 0.3806551 0.2460859 0.3772266 0.3769809 0.3392392 
Perityle_crassifolia_74_playa_balandra     0.1989992 0.1566611 0.1720384 0.3279140 0.3651128 0.0975761 0.2618017 0.1605005 0.3230086 0.0998600 0.2147219 0.1823646 0.1841652 0.2228399 0.1889308 0.1930109 0.1783684 0.2974902 0.2031503 0.3219275 0.2405143 0.1828132 0.3096179 0.1802757 0.2259787 0.1806580 0.1832100 0.2028705 0.3739966 0.1955452 0.0000000 0.2598722 0.3684994 0.0734721 0.3352255 0.1527596 0.2096909 0.1792777 0.3259268 0.2191295 0.1799596 0.1948874 0.1824080 0.1969763 0.2864748 0.1830551 0.1802544 0.1860907 0.1194526 0.1272944 0.1802724 0.1841855 0.2109019 0.2135328 0.1597125 0.1826203 0.1815984 0.1824493 0.1821735 0.1061878 0.1204067 0.4551095 0.1623698 0.4427843 0.2985334 0.2647914 0.4470080 0.1246798 0.1784928 0.1802757 0.2044093 0.1801038 0.1467771 0.1793611 0.1021599 0.2620433 0.1894599 0.1830276 0.1459389 0.1900022 0.1810459 0.2146550 
Perityle_cuneata_34_cuneata_San_antonio    0.4193056 0.2576382 0.3497295 0.4315457 0.2406810 0.2078950 0.2073295 0.2563146 0.4506286 0.3765242 0.4060075 0.4135833 0.4211674 0.2403955 0.2670302 0.4605559 0.4180835 0.2298862 0.2016537 0.3414787 0.3472409 0.4137579 0.4294419 0.4070425 0.3211376 0.4152959 0.4193339 0.4544408 0.2660569 0.1998754 0.2598722 0.0000000 0.1898287 0.3060034 0.3297015 0.3755996 0.4500740 0.4318439 0.3317865 0.2884164 0.4143365 0.4200292 0.4305800 0.4618003 0.4978381 0.4301395 0.4164922 0.4160622 0.2611433 0.2727787 0.4159839 0.4219802 0.3205907 0.2866229 0.3194785 0.2987192 0.3304463 0.4147502 0.4129192 0.1759469 0.1849744 0.1379140 0.2433657 0.3618760 0.3389746 0.3162574 0.3817151 0.2358813 0.4080357 0.4081180 0.2864976 0.4155471 0.3666908 0.4185608 0.1660624 0.2943362 0.4391708 0.4226946 0.2507570 0.4225202 0.4162616 0.3401188 
Perityle_cuneata_4                         0.3441133 0.3707370 0.4233213 0.4840041 0.1574494 0.2813716 0.2599401 0.4113646 0.4831971 0.4310854 0.5366162 0.4976722 0.4638009 0.2288966 0.2526963 0.4823506 0.4912753 0.3021334 0.2460338 0.2515139 0.3723232 0.4952191 0.3865015 0.5023732 0.2931338 0.4849189 0.4966755 0.5033545 0.1459758 0.2112615 0.3684994 0.1898287 0.0000000 0.2835733 0.2461469 0.4484405 0.3829560 0.4546841 0.4815005 0.2738062 0.4584980 0.4889473 0.4665869 0.4805687 0.4979855 0.4653866 0.4851141 0.4869425 0.3669204 0.3637574 0.4792421 0.4565643 0.4487529 0.2461783 0.3004091 0.4128864 0.4151923 0.4736598 0.5047742 0.3942645 0.2363505 0.1425474 0.3511960 0.2518405 0.5345449 0.2614727 0.2671866 0.3299090 0.4759706 0.4787195 0.2572846 0.5124968 0.4197125 0.4635926 0.2695701 0.2468476 0.5015281 0.4473005 0.2796031 0.4664692 0.4881781 0.3776788 
Perityle_discoidea_81                      0.0887111 0.1088780 0.1573265 0.3525701 0.4004273 0.1212763 0.2595996 0.1526105 0.3269964 0.0059905 0.1927458 0.1979440 0.1607122 0.1858933 0.1655603 0.1640369 0.1936112 0.3077979 0.2017056 0.3045851 0.2315359 0.2099042 0.2181096 0.2169266 0.2208589 0.1715868 0.1883659 0.2107688 0.4628047 0.1991809 0.0734721 0.3060034 0.2835733 0.0000000 0.3480575 0.1007472 0.1791543 0.1462665 0.2601967 0.1994111 0.1460049 0.1947681 0.1458393 0.1835128 0.2295507 0.1517024 0.1818469 0.1945797 0.1391887 0.1297398 0.1721403 0.1472659 0.2196315 0.1829144 0.2427477 0.1373209 0.1089717 0.1491064 0.2169282 0.1209034 0.1201378 0.5673180 0.1164400 0.5802932 0.3224254 0.3035823 0.5663230 0.1052126 0.1614669 0.1909396 0.2937613 0.2072880 0.1429582 0.1481188 0.0945671 0.2682180 0.1654363 0.1476478 0.1246477 0.1559299 0.1761695 0.1250050 
Perityle_dissecta_201                      0.4330362 0.3524419 0.3850986 0.4924359 0.2418571 0.2803659 0.3071728 0.3980103 0.5608921 0.3795356 0.4555910 0.3712155 0.3798155 0.1233257 0.1711285 0.3989807 0.3667810 0.3311485 0.2308748 0.0320682 0.0432494 0.3729913 0.3800852 0.3762208 0.1361394 0.3745601 0.3837168 0.4719601 0.1765728 0.2496613 0.3352255 0.3297015 0.2461469 0.3480575 0.0000000 0.3320240 0.4457496 0.3720614 0.3056742 0.1777662 0.3788006 0.4343185 0.4364523 0.4379862 0.6051713 0.3858134 0.3752059 0.3774014 0.2317406 0.1613758 0.3794175 0.3807336 0.2150702 0.1280603 0.4054824 0.4158480 0.2789694 0.3637575 0.3711942 0.2843317 0.1681499 0.1879463 0.3512972 0.2659787 0.2803784 0.2526810 0.3056438 0.2110367 0.3695550 0.3782865 0.3373753 0.3752262 0.3262906 0.3774234 0.2220727 0.2570303 0.4417612 0.3560723 0.2461412 0.3798100 0.3770855 0.2837878 
Perityle_emoryi_47_punta_san_jose          0.1632726 0.1228339 0.1701049 0.3887016 0.4716898 0.1180556 0.3063733 0.1582520 0.3208458 0.1032101 0.2139335 0.1028633 0.1054649 0.1451830 0.1159353 0.1208187 0.0957320 0.2770446 0.2423743 0.3200490 0.1651651 0.1082457 0.3006881 0.1019109 0.1708214 0.1043268 0.0977985 0.2093565 0.5837740 0.3132825 0.1527596 0.3755996 0.4484405 0.1007472 0.3320240 0.0000000 0.1801161 0.1008094 0.2500700 0.1679529 0.0996058 0.1742970 0.1157174 0.1699266 0.2453616 0.1054099 0.1028364 0.1014720 0.0930232 0.0481214 0.1021758 0.1003126 0.0874930 0.1496422 0.2580690 0.1641023 0.0603236 0.0965763 0.1012393 0.1467510 0.1087242 0.6222551 0.0826676 0.6684690 0.1660234 0.3895733 0.6332328 0.0805941 0.1118158 0.1025514 0.3993118 0.1036461 0.0884839 0.1001333 0.0720626 0.3235936 0.1653523 0.1039274 0.1400559 0.1040452 0.0714666 0.1312176 
Perityle_feddemae_99                       0.1972132 0.1205526 0.3003531 0.4292460 0.5422285 0.1709732 0.4031469 0.1825431 0.3602563 0.1618749 0.3424900 0.1974255 0.1736977 0.2804432 0.2411257 0.1839596 0.1788495 0.3287510 0.3478004 0.4137400 0.2283552 0.1833861 0.1816703 0.2090581 0.3264038 0.1769382 0.1962088 0.2848260 0.5653801 0.4015306 0.2096909 0.4500740 0.3829560 0.1791543 0.4457496 0.1801161 0.0000000 0.1581965 0.2924402 0.3041847 0.1661050 0.0299649 0.1544520 0.0247035 0.3565246 0.1666679 0.1790826 0.1849987 0.0255255 0.1314689 0.1844892 0.1584958 0.2311642 0.2869560 0.2267476 0.1700098 0.0874351 0.1282697 0.2149928 0.1616142 0.1353735 0.6247733 0.0894794 0.6388375 0.3157290 0.4316290 0.6364128 0.2016622 0.1608869 0.1896649 0.4731264 0.1976212 0.1405043 0.1617533 0.1099660 0.3812290 0.1601204 0.1560686 0.2208841 0.1577654 0.1848714 0.1339521 
Perityle_fosteri_93                        0.1776547 0.1036609 0.2388245 0.4247159 0.5003305 0.1267784 0.3595322 0.1614921 0.3216012 0.1491448 0.2766419 0.0355991 0.0496934 0.2201441 0.1673599 0.0548020 0.0212150 0.2874458 0.3164575 0.3554781 0.1538239 0.0648678 0.2045309 0.0356749 0.2281851 0.0367437 0.0479242 0.2088753 0.5430388 0.3742752 0.1792777 0.4318439 0.4546841 0.1462665 0.3720614 0.1008094 0.1581965 0.0000000 0.2779746 0.2423560 0.0329149 0.1597934 0.0328309 0.1551307 0.2457529 0.0303815 0.0349398 0.0493054 0.0937616 0.0649943 0.0469445 0.0287447 0.1401661 0.2131016 0.2495937 0.1477059 0.0348157 0.0341585 0.0484319 0.1361144 0.1029031 0.5472531 0.0334911 0.5836553 0.2149825 0.4202587 0.5947052 0.1476766 0.0220198 0.0461470 0.4432949 0.0339315 0.0384316 0.0423520 0.0279449 0.3756738 0.1355868 0.0311139 0.2025001 0.0386788 0.0434578 0.1118316 
Perityle_gamon_221                         0.2902799 0.2890159 0.2645216 0.4769845 0.4435413 0.2635120 0.2708094 0.3438584 0.4633780 0.2642987 0.3292002 0.2704564 0.2727360 0.2460156 0.2264099 0.2997733 0.2672775 0.2269450 0.2307677 0.3116459 0.1824140 0.2786535 0.7089876 0.2754253 0.2690147 0.2788560 0.2797265 0.2680406 0.5543229 0.4617155 0.3259268 0.3317865 0.4815005 0.2601967 0.3056742 0.2500700 0.2924402 0.2779746 0.0000000 0.2410381 0.2779881 0.2769617 0.3198969 0.2888038 0.5082438 0.2776712 0.2795012 0.2744694 0.1503011 0.1606026 0.2747819 0.2808760 0.2187955 0.2549513 0.2657414 0.2864182 0.1885271 0.2816239 0.2745728 0.1334052 0.2089208 1.0215786 0.3171617 0.8351653 0.3184545 0.3354240 0.6924005 0.3009551 0.2721776 0.2754253 0.5372911 0.2780372 0.2578042 0.2714025 0.2792521 0.2820063 0.2160261 0.2707163 0.2980845 0.2729746 0.2740770 0.1673670 
Perityle_gentryi_8_san_francisco           0.3380971 0.2871477 0.2379406 0.4614762 0.2346984 0.2320003 0.2483097 0.2242270 0.4282947 0.2396219 0.3325737 0.2376456 0.2418764 0.0843788 0.1038711 0.2474800 0.2359797 0.2413845 0.1860090 0.1821635 0.1847125 0.2401622 0.4099593 0.2348065 0.1182004 0.2399149 0.2472036 0.3474195 0.2242455 0.1988207 0.2191295 0.2884164 0.2738062 0.1994111 0.1777662 0.1679529 0.3041847 0.2423560 0.2410381 0.0000000 0.2397656 0.2837334 0.2780210 0.3021474 0.4325456 0.2477374 0.2396799 0.2427183 0.1037502 0.0676129 0.2379318 0.2382040 0.1405124 0.1048296 0.2729155 0.3135041 0.1976989 0.2388352 0.2412425 0.1486218 0.1760682 0.1803232 0.2122243 0.3193451 0.1645141 0.2457946 0.3827570 0.1285751 0.2285067 0.2348769 0.2788090 0.2399732 0.1586333 0.2354536 0.1569813 0.2420763 0.3311291 0.2490408 0.1992808 0.2466548 0.2439391 0.2946603 
Perityle_gilensis_salensis_225             0.1727868 0.1128361 0.2296857 0.4244753 0.5001086 0.1390054 0.3566462 0.1604144 0.3356895 0.1477751 0.2790915 0.0395034 0.0421006 0.2005119 0.1664111 0.0552720 0.0302335 0.2985395 0.3158351 0.3641192 0.1763184 0.0538817 0.2028853 0.0097189 0.2304778 0.0413782 0.0453692 0.2171649 0.5437774 0.3667970 0.1799596 0.4143365 0.4584980 0.1460049 0.3788006 0.0996058 0.1661050 0.0329149 0.2779881 0.2397656 0.0000000 0.1679845 0.0284465 0.1568111 0.2427247 0.0336048 0.0320060 0.0415214 0.0907302 0.0695286 0.0438041 0.0274245 0.1404426 0.2165398 0.2565033 0.1526247 0.0317466 0.0306078 0.0534783 0.1485983 0.1049681 0.5452923 0.0341963 0.5881192 0.2113788 0.4135324 0.5901040 0.1454549 0.0374802 0.0357937 0.4366667 0.0382928 0.0274268 0.0335636 0.0326839 0.3605750 0.1358466 0.0284295 0.2118433 0.0268632 0.0415836 0.1131905 
Perityle_glaucescens_94                    0.2168751 0.1223697 0.2785916 0.4310096 0.5356707 0.1569662 0.3808003 0.1801026 0.3437741 0.1565134 0.3369225 0.1719561 0.1748712 0.2722784 0.2387093 0.1826260 0.1573111 0.3077953 0.3455820 0.3999141 0.2194762 0.1590459 0.1740123 0.1704351 0.3121635 0.1663799 0.1751439 0.2504777 0.5406549 0.3978250 0.1948874 0.4200292 0.4889473 0.1947681 0.4343185 0.1742970 0.0299649 0.1597934 0.2769617 0.2837334 0.1679845 0.0000000 0.1562653 0.0249377 0.3461817 0.1694961 0.1646156 0.1668405 0.0318101 0.1225335 0.1751949 0.1597135 0.1982739 0.2913866 0.2698382 0.1670657 0.0882505 0.1254786 0.1781050 0.1531698 0.1215341 0.6229864 0.0935554 0.6135407 0.2641978 0.4089158 0.6162865 0.1984284 0.1584506 0.1721706 0.4861485 0.1663084 0.1381931 0.1634967 0.1096815 0.3679047 0.1616505 0.1573115 0.2192758 0.1598557 0.1655326 0.1262433 
Perityle_gracilis_11                       0.1730242 0.1205428 0.2430822 0.3824255 0.4965208 0.1373611 0.3565813 0.1572671 0.3044321 0.1470927 0.2481222 0.0318640 0.0383471 0.2441977 0.1793888 0.0520218 0.0304709 0.3365486 0.3108920 0.3982079 0.2144773 0.0604774 0.2071580 0.0322709 0.2508663 0.0104519 0.0460258 0.2023118 0.5467644 0.3448175 0.1824080 0.4305800 0.4665869 0.1458393 0.4364523 0.1157174 0.1544520 0.0328309 0.3198969 0.2780210 0.0284465 0.1562653 0.0000000 0.1511317 0.2422699 0.0329951 0.0095565 0.0361330 0.0700491 0.0789607 0.0345620 0.0280876 0.1806459 0.2312328 0.1556980 0.1560569 0.0378964 0.0077274 0.0351280 0.1395812 0.1154752 0.5559099 0.0339322 0.5566153 0.2702175 0.3936271 0.5600635 0.1475929 0.0375332 0.0351856 0.3792986 0.0075927 0.0309554 0.0312222 0.0138087 0.3717670 0.1344862 0.0271859 0.2126747 0.0330120 0.0442533 0.1222337 
Perityle_harkerae_31                       0.2164000 0.1195041 0.2850582 0.4320396 0.5371226 0.1626262 0.3840944 0.1795724 0.3504391 0.1518942 0.3193200 0.1595957 0.1699494 0.2735541 0.2331039 0.1712891 0.1548372 0.3065802 0.3399556 0.4073999 0.2186043 0.1555317 0.1694800 0.1588280 0.2895712 0.1544362 0.1616128 0.2482347 0.5588852 0.3941407 0.1969763 0.4618003 0.4805687 0.1835128 0.4379862 0.1699266 0.0247035 0.1551307 0.2888038 0.3021474 0.1568111 0.0249377 0.1511317 0.0000000 0.3191734 0.1573559 0.1564915 0.1590269 0.0191751 0.1149680 0.1638350 0.1551897 0.1985454 0.2828476 0.2596735 0.1638495 0.0814262 0.1218173 0.1609582 0.1360998 0.1334360 0.6187537 0.0885818 0.6315817 0.2703034 0.4248912 0.6295463 0.1930099 0.1552804 0.1617195 0.4570268 0.1513113 0.1353979 0.1601279 0.1081345 0.3746951 0.1577838 0.1529732 0.2144840 0.1557059 0.1517880 0.1249741 
Perityle_hofmeisteria_4_nombre_de_dios     0.3033125 0.2253516 0.3080544 0.4149160 0.4304055 0.2077840 0.4539289 0.2373123 0.3667931 0.2532924 0.3579680 0.2855235 0.2692908 0.4124805 0.3882773 0.2680951 0.2516620 0.4164967 0.4162674 0.5612465 0.5121946 0.2925567 0.2970344 0.2577212 0.4101810 0.2617826 0.2653148 0.3892492 0.5195496 0.4644739 0.2864748 0.4978381 0.4979855 0.2295507 0.6051713 0.2453616 0.3565246 0.2457529 0.5082438 0.4325456 0.2427247 0.3461817 0.2422699 0.3191734 0.0000000 0.2555602 0.2463580 0.2701810 0.2921058 0.2895146 0.2706076 0.2387918 0.4092701 0.4101484 0.3289132 0.2999555 0.2748763 0.2587980 0.3123268 0.3080470 0.2489769 0.5663313 0.1953405 0.5604489 0.4933893 0.4904871 0.4799415 0.2999396 0.2640464 0.2799419 0.4971478 0.2779256 0.2292684 0.2585816 0.1633223 0.4743771 0.2716815 0.2609848 0.3236745 0.2481396 0.2724869 0.2656534 
Perityle_huecosensis_48                    0.1802078 0.1163512 0.2421421 0.4282843 0.5170287 0.1425921 0.3690261 0.1700087 0.3381885 0.1535387 0.2846960 0.0370110 0.0512277 0.2252787 0.1697474 0.0570455 0.0265919 0.3082440 0.3275301 0.3769807 0.1734501 0.0591403 0.2042446 0.0351862 0.2369445 0.0352579 0.0480959 0.2123228 0.5622050 0.3822123 0.1830551 0.4301395 0.4653866 0.1517024 0.3858134 0.1054099 0.1666679 0.0303815 0.2776712 0.2477374 0.0336048 0.1694961 0.0329951 0.1573559 0.2555602 0.0000000 0.0338888 0.0503468 0.0949704 0.0651878 0.0536400 0.0319344 0.1435752 0.2151975 0.2629052 0.1569721 0.0415947 0.0338757 0.0549216 0.1488052 0.1180513 0.5584110 0.0350251 0.6039858 0.2164883 0.4275376 0.6026895 0.1511882 0.0338669 0.0521216 0.4537837 0.0326984 0.0342392 0.0424077 0.0362653 0.3810378 0.1410366 0.0327990 0.2142339 0.0365078 0.0445541 0.1207806 
